gene_id,total_unsp,total_sp,total
WBGene00000001,28,431,459
WBGene00000002,45,269,314
WBGene00000003,5,171,176
WBGene00000004,126,790,916
WBGene00000005,29,69,98
WBGene00000006,316,2207,2523
WBGene00000007,34,45,79
WBGene00000008,40,14,54
WBGene00000009,41,37,78
WBGene00000010,55,179,234
WBGene00000012,15,41,56
WBGene00000013,0,70,70
WBGene00000014,2,6,8
WBGene00000015,2,45,47
WBGene00000016,124,4448,4572
WBGene00000017,15,2504,2519
WBGene00000018,316,751,1067
WBGene00000019,81,22,103
WBGene00000020,308,510,818
WBGene00000022,20,296,316
WBGene00000023,51,33,84
WBGene00000024,0,16,16
WBGene00000025,0,13,13
WBGene00000027,1,4,5
WBGene00000028,0,0,0
WBGene00000029,0,1,1
WBGene00000030,0,0,0
WBGene00000031,240,65,305
WBGene00000032,0,1,1
WBGene00000033,11,13,24
WBGene00000034,8,49,57
WBGene00000035,769,590,1359
WBGene00000036,116,350,466
WBGene00000037,82,983,1065
WBGene00000038,89,155,244
WBGene00000039,26,384,410
WBGene00000040,37,3050,3087
WBGene00000041,423,9530,9953
WBGene00000042,105,127,232
WBGene00000043,48,87,135
WBGene00000044,82,58,140
WBGene00000045,31,28,59
WBGene00000046,157,170,327
WBGene00000047,97,290,387
WBGene00000048,32,71,103
WBGene00000049,30,38,68
WBGene00000050,41,88,129
WBGene00000051,56,128,184
WBGene00000053,30,30,60
WBGene00000054,36,135,171
WBGene00000055,26,127,153
WBGene00000056,47,98,145
WBGene00000057,107,89,196
WBGene00000058,143,165,308
WBGene00000059,55,72,127
WBGene00000060,29,25,54
WBGene00000061,63,258,321
WBGene00000062,176,79,255
WBGene00000063,562,62537,63099
WBGene00000064,433,11045,11478
WBGene00000065,659,66115,66774
WBGene00000066,1084,100575,101659
WBGene00000067,324,5906,6230
WBGene00000068,2098,679,2777
WBGene00000069,59,199,258
WBGene00000070,319,885,1204
WBGene00000071,76,210,286
WBGene00000072,140,514,654
WBGene00000073,65,349,414
WBGene00000074,176,316,492
WBGene00000075,39,143,182
WBGene00000079,164,2213,2377
WBGene00000080,5,143,148
WBGene00000081,97,754,851
WBGene00000082,122,104,226
WBGene00000083,245,954,1199
WBGene00000084,80,58,138
WBGene00000085,87,168,255
WBGene00000086,117,453,570
WBGene00000088,86,231,317
WBGene00000089,116,1294,1410
WBGene00000090,87,578,665
WBGene00000092,283,1333,1616
WBGene00000093,35,296,331
WBGene00000094,89,502,591
WBGene00000095,129,1186,1315
WBGene00000096,302,336,638
WBGene00000097,181,1976,2157
WBGene00000098,69,542,611
WBGene00000099,87,499,586
WBGene00000100,733,2941,3674
WBGene00000101,130,1080,1210
WBGene00000102,273,2506,2779
WBGene00000103,139,1370,1509
WBGene00000105,88,1331,1419
WBGene00000106,51,746,797
WBGene00000107,826,4816,5642
WBGene00000108,36,2,38
WBGene00000109,22,398,420
WBGene00000110,69,1391,1460
WBGene00000111,104,233,337
WBGene00000112,275,3192,3467
WBGene00000113,157,272,429
WBGene00000114,268,24095,24363
WBGene00000115,36,1001,1037
WBGene00000116,100,317,417
WBGene00000117,233,428,661
WBGene00000118,10,4497,4507
WBGene00000120,4,1413,1417
WBGene00000121,65,1361,1426
WBGene00000122,84,5909,5993
WBGene00000123,161,2596,2757
WBGene00000133,37,22,59
WBGene00000134,68,101,169
WBGene00000135,70,123,193
WBGene00000136,66,328,394
WBGene00000137,79,269,348
WBGene00000138,85,253,338
WBGene00000139,95,42,137
WBGene00000140,607,23479,24086
WBGene00000142,51,518,569
WBGene00000143,124,479,603
WBGene00000144,85,342,427
WBGene00000145,11,249,260
WBGene00000146,267,1156,1423
WBGene00000147,6,335,341
WBGene00000148,93,682,775
WBGene00000149,275,5763,6038
WBGene00000150,151,615,766
WBGene00000151,17,410,427
WBGene00000155,24,684,708
WBGene00000156,58,497,555
WBGene00000157,89,1453,1542
WBGene00000158,561,1248,1809
WBGene00000159,35,1283,1318
WBGene00000160,461,1549,2010
WBGene00000161,131,1359,1490
WBGene00000162,356,1227,1583
WBGene00000163,62,1161,1223
WBGene00000164,130,536,666
WBGene00000165,36,513,549
WBGene00000166,30,198,228
WBGene00000168,330,165,495
WBGene00000169,90,880,970
WBGene00000170,1467,12270,13737
WBGene00000171,64,7,71
WBGene00000172,126,506,632
WBGene00000173,13,67,80
WBGene00000174,38,57,95
WBGene00000175,1704,15716,17420
WBGene00000176,43,317,360
WBGene00000177,280,675,955
WBGene00000178,185,1201,1386
WBGene00000179,274,939,1213
WBGene00000180,66,587,653
WBGene00000181,604,2624,3228
WBGene00000182,215,6352,6567
WBGene00000183,205,6027,6232
WBGene00000184,200,1124,1324
WBGene00000185,26,50,76
WBGene00000186,336,1869,2205
WBGene00000187,8,663,671
WBGene00000188,0,201,201
WBGene00000189,17,307,324
WBGene00000190,48,129,177
WBGene00000192,17,1347,1364
WBGene00000193,63,67,130
WBGene00000195,100,565,665
WBGene00000196,129,824,953
WBGene00000197,41,2425,2466
WBGene00000198,241,1650,1891
WBGene00000199,245,1958,2203
WBGene00000200,86,1038,1124
WBGene00000201,779,2641,3420
WBGene00000202,3,218,221
WBGene00000203,20,1230,1250
WBGene00000204,67,1426,1493
WBGene00000205,12,960,972
WBGene00000206,103,1107,1210
WBGene00000207,1271,21892,23163
WBGene00000208,644,503,1147
WBGene00000209,1425,9188,10613
WBGene00000210,4849,25689,30538
WBGene00000211,149,330,479
WBGene00000212,72,161,233
WBGene00000213,39,132,171
WBGene00000214,0,20758,20758
WBGene00000215,331,2091,2422
WBGene00000216,50,7606,7656
WBGene00000217,1634,10019,11653
WBGene00000218,124,5480,5604
WBGene00000219,20,6476,6496
WBGene00000220,49,336,385
WBGene00000221,1100,6121,7221
WBGene00000222,88,494,582
WBGene00000223,471,4180,4651
WBGene00000224,324,2511,2835
WBGene00000225,2584,1760,4344
WBGene00000226,155,816,971
WBGene00000227,402,763,1165
WBGene00000228,417,7819,8236
WBGene00000229,2711,57022,59733
WBGene00000230,290,23382,23672
WBGene00000231,224,1404,1628
WBGene00000232,234,764,998
WBGene00000233,272,573,845
WBGene00000235,11,3842,3853
WBGene00000236,325,1475,1800
WBGene00000237,142,398,540
WBGene00000238,79,286,365
WBGene00000239,80,340,420
WBGene00000240,408,1406,1814
WBGene00000241,45,63,108
WBGene00000242,53,176,229
WBGene00000244,70,311,381
WBGene00000245,254,3323,3577
WBGene00000246,65,43,108
WBGene00000247,58,976,1034
WBGene00000248,337,2020,2357
WBGene00000249,10,878,888
WBGene00000250,27,159,186
WBGene00000251,9,27,36
WBGene00000252,1,6,7
WBGene00000253,99,231,330
WBGene00000254,348,1014,1362
WBGene00000255,49,16,65
WBGene00000256,1,22,23
WBGene00000257,74,812,886
WBGene00000259,133,677,810
WBGene00000262,20,379,399
WBGene00000263,7447,35524,42971
WBGene00000264,294,284,578
WBGene00000265,116,269,385
WBGene00000266,162,1204,1366
WBGene00000267,83,110,193
WBGene00000268,397,557,954
WBGene00000269,138,392,530
WBGene00000270,37,149,186
WBGene00000271,43,408,451
WBGene00000272,66,247,313
WBGene00000273,118,1905,2023
WBGene00000274,280,547,827
WBGene00000275,25,611,636
WBGene00000276,174,2801,2975
WBGene00000277,1835,12122,13957
WBGene00000279,41,129,170
WBGene00000280,46,209,255
WBGene00000281,56,2218,2274
WBGene00000282,269,2041,2310
WBGene00000283,195,1604,1799
WBGene00000284,14,721,735
WBGene00000285,229,1871,2100
WBGene00000286,666,5102,5768
WBGene00000287,227,533,760
WBGene00000288,211,1566,1777
WBGene00000289,264,939,1203
WBGene00000292,334,3098,3432
WBGene00000293,354,4995,5349
WBGene00000294,203,2420,2623
WBGene00000295,95,386,481
WBGene00000296,129,138,267
WBGene00000298,14,476,490
WBGene00000301,13,3592,3605
WBGene00000302,35,160,195
WBGene00000366,146,2506,2652
WBGene00000367,594,1267,1861
WBGene00000368,257,1486,1743
WBGene00000369,6,1169,1175
WBGene00000370,3077,9870,12947
WBGene00000371,5044,36324,41368
WBGene00000372,6,69,75
WBGene00000373,40,193,233
WBGene00000375,33,185,218
WBGene00000376,340,852,1192
WBGene00000377,135,9117,9252
WBGene00000378,33,8256,8289
WBGene00000379,1127,11371,12498
WBGene00000380,918,17880,18798
WBGene00000381,133,7955,8088
WBGene00000382,33,325,358
WBGene00000383,199,1810,2009
WBGene00000386,24,219,243
WBGene00000387,439,327,766
WBGene00000388,17,10,27
WBGene00000389,3,0,3
WBGene00000390,96,2922,3018
WBGene00000391,178,602,780
WBGene00000392,0,39,39
WBGene00000393,77,614,691
WBGene00000395,113,237,350
WBGene00000396,78,1403,1481
WBGene00000397,24,25,49
WBGene00000399,49,171,220
WBGene00000401,85,110,195
WBGene00000402,209,116,325
WBGene00000403,532,5682,6214
WBGene00000405,64,1618,1682
WBGene00000406,33,223,256
WBGene00000407,284,818,1102
WBGene00000408,358,734,1092
WBGene00000409,133,680,813
WBGene00000410,165,682,847
WBGene00000411,34,1286,1320
WBGene00000412,22,71,93
WBGene00000413,78,425,503
WBGene00000414,467,3664,4131
WBGene00000415,930,759,1689
WBGene00000416,59,567,626
WBGene00000417,83,81,164
WBGene00000418,22,315,337
WBGene00000419,219,840,1059
WBGene00000420,42,625,667
WBGene00000421,189,841,1030
WBGene00000422,23,34,57
WBGene00000423,58,538,596
WBGene00000424,86,908,994
WBGene00000425,19,101,120
WBGene00000426,180,610,790
WBGene00000427,15,14,29
WBGene00000428,2,32,34
WBGene00000429,138,277,415
WBGene00000430,21,152,173
WBGene00000431,38,369,407
WBGene00000432,13,10,23
WBGene00000433,99,136,235
WBGene00000434,35,211,246
WBGene00000435,14,37,51
WBGene00000436,26,28,54
WBGene00000437,70,558,628
WBGene00000438,57,37,94
WBGene00000439,56,182,238
WBGene00000440,8,107,115
WBGene00000441,345,694,1039
WBGene00000442,28,155,183
WBGene00000443,153,2056,2209
WBGene00000444,7,185,192
WBGene00000445,40,241,281
WBGene00000446,15,282,297
WBGene00000447,50,122,172
WBGene00000448,111,496,607
WBGene00000449,117,376,493
WBGene00000450,20,16,36
WBGene00000451,21,55,76
WBGene00000452,10,584,594
WBGene00000453,102,639,741
WBGene00000454,51,272,323
WBGene00000455,135,1043,1178
WBGene00000457,29,74,103
WBGene00000458,190,413,603
WBGene00000459,69,994,1063
WBGene00000460,5,168,173
WBGene00000461,39,22,61
WBGene00000462,4,226,230
WBGene00000463,65,351,416
WBGene00000464,802,1639,2441
WBGene00000465,5,61,66
WBGene00000466,259,1292,1551
WBGene00000467,82,181,263
WBGene00000468,31,28,59
WBGene00000469,59,63,122
WBGene00000472,109,17029,17138
WBGene00000473,11,358,369
WBGene00000474,23,410,433
WBGene00000475,152,13960,14112
WBGene00000476,150,369,519
WBGene00000477,72,56,128
WBGene00000478,31,279,310
WBGene00000479,33,1397,1430
WBGene00000480,179,1006,1185
WBGene00000481,78,466,544
WBGene00000482,141,2541,2682
WBGene00000483,98,10,108
WBGene00000484,113,88,201
WBGene00000485,171,478,649
WBGene00000487,86,16,102
WBGene00000488,123,125,248
WBGene00000490,81,218,299
WBGene00000491,194,302,496
WBGene00000492,223,263,486
WBGene00000493,94,119,213
WBGene00000496,58,148,206
WBGene00000497,118,60,178
WBGene00000498,12,393,405
WBGene00000499,65,21,86
WBGene00000500,62,724,786
WBGene00000501,92,573,665
WBGene00000502,150,2594,2744
WBGene00000503,7,13,20
WBGene00000506,218,658,876
WBGene00000507,105,361,466
WBGene00000508,36,885,921
WBGene00000509,209,1021,1230
WBGene00000510,330,1684,2014
WBGene00000511,49,230,279
WBGene00000512,289,247,536
WBGene00000513,14,157,171
WBGene00000514,100,383,483
WBGene00000515,64,214,278
WBGene00000516,5,1366,1371
WBGene00000517,63,209,272
WBGene00000518,879,782,1661
WBGene00000519,482,382,864
WBGene00000520,114,462,576
WBGene00000521,26,36,62
WBGene00000522,110,251,361
WBGene00000523,73,209,282
WBGene00000524,59,447,506
WBGene00000525,12,207,219
WBGene00000526,17,218,235
WBGene00000527,424,880,1304
WBGene00000528,90,257,347
WBGene00000529,221,281,502
WBGene00000530,70,132,202
WBGene00000531,100,41,141
WBGene00000532,55,755,810
WBGene00000533,24,182,206
WBGene00000534,68,10366,10434
WBGene00000535,197,3068,3265
WBGene00000536,84,425,509
WBGene00000537,26,223,249
WBGene00000539,39,73,112
WBGene00000540,103,225,328
WBGene00000541,97,159,256
WBGene00000542,319,2944,3263
WBGene00000543,110,335,445
WBGene00000544,273,27,300
WBGene00000545,420,993,1413
WBGene00000546,17,10,27
WBGene00000547,229,530,759
WBGene00000548,125,1218,1343
WBGene00000549,683,2083,2766
WBGene00000550,82,6494,6576
WBGene00000551,0,7,7
WBGene00000552,1495,16644,18139
WBGene00000553,736,863,1599
WBGene00000554,589,3677,4266
WBGene00000555,0,2,2
WBGene00000556,213,1286,1499
WBGene00000557,127,1649,1776
WBGene00000558,305,3814,4119
WBGene00000559,2,2,4
WBGene00000560,8,29,37
WBGene00000561,6,202,208
WBGene00000562,102,103,205
WBGene00000563,57,10,67
WBGene00000564,199,578,777
WBGene00000565,538,364,902
WBGene00000566,451,1094,1545
WBGene00000567,195,3089,3284
WBGene00000583,162,905,1067
WBGene00000584,76,152,228
WBGene00000585,98,849,947
WBGene00000591,195,577,772
WBGene00000592,31,143,174
WBGene00000593,1,15,16
WBGene00000594,1,2286,2287
WBGene00000596,0,1,1
WBGene00000597,10,41,51
WBGene00000598,6,18,24
WBGene00000599,43,2650,2693
WBGene00000601,0,43,43
WBGene00000602,0,77,77
WBGene00000603,4,17,21
WBGene00000606,4,16,20
WBGene00000608,0,19,19
WBGene00000609,1,6,7
WBGene00000610,9,11,20
WBGene00000611,71,364,435
WBGene00000612,0,6,6
WBGene00000613,0,31,31
WBGene00000614,9,78,87
WBGene00000615,1,17,18
WBGene00000616,0,267,267
WBGene00000617,1,8,9
WBGene00000618,0,17,17
WBGene00000620,1,4,5
WBGene00000621,0,8,8
WBGene00000622,14,39,53
WBGene00000623,42,56,98
WBGene00000624,88,27,115
WBGene00000625,29,59,88
WBGene00000626,0,4,4
WBGene00000627,0,8,8
WBGene00000628,0,23,23
WBGene00000629,14,14,28
WBGene00000630,22,66,88
WBGene00000631,20,33,53
WBGene00000632,5,88,93
WBGene00000633,9,18,27
WBGene00000634,4,97,101
WBGene00000636,7,44,51
WBGene00000637,5,63,68
WBGene00000638,0,5,5
WBGene00000639,2,71,73
WBGene00000640,16,38,54
WBGene00000641,13,67,80
WBGene00000644,5,20,25
WBGene00000645,35,137,172
WBGene00000646,4,20,24
WBGene00000647,25,64,89
WBGene00000648,151,6,157
WBGene00000649,5,22,27
WBGene00000650,1,25,26
WBGene00000651,19,35,54
WBGene00000652,39,100,139
WBGene00000653,0,37,37
WBGene00000654,19,25,44
WBGene00000655,3,72,75
WBGene00000656,24,921,945
WBGene00000657,12,256,268
WBGene00000658,18,15,33
WBGene00000659,11,13,24
WBGene00000660,18,4,22
WBGene00000661,13,11,24
WBGene00000662,47,28,75
WBGene00000663,0,19,19
WBGene00000664,1,239,240
WBGene00000665,4,37,41
WBGene00000666,6,73,79
WBGene00000667,0,48,48
WBGene00000668,1,316,317
WBGene00000669,11,1830,1841
WBGene00000670,1,59,60
WBGene00000671,0,23,23
WBGene00000672,5,58,63
WBGene00000673,16,9970,9986
WBGene00000674,114,184,298
WBGene00000675,9,52,61
WBGene00000676,0,11,11
WBGene00000677,31,9932,9963
WBGene00000678,3,23,26
WBGene00000679,12,15,27
WBGene00000680,0,10,10
WBGene00000681,13,4660,4673
WBGene00000682,0,11,11
WBGene00000683,26,56,82
WBGene00000684,11,43,54
WBGene00000685,12,41,53
WBGene00000687,15,22,37
WBGene00000688,2,28,30
WBGene00000689,31,46,77
WBGene00000690,0,8,8
WBGene00000691,2,2043,2045
WBGene00000692,215,1501,1716
WBGene00000693,0,15,15
WBGene00000694,0,6,6
WBGene00000695,7,13,20
WBGene00000696,0,7,7
WBGene00000697,18,12,30
WBGene00000698,0,24,24
WBGene00000699,2,44,46
WBGene00000700,0,0,0
WBGene00000701,0,23,23
WBGene00000702,27,42,69
WBGene00000703,5,178,183
WBGene00000704,3,101,104
WBGene00000705,9,5,14
WBGene00000706,4,20,24
WBGene00000707,4,25,29
WBGene00000708,3,117,120
WBGene00000710,16,12,28
WBGene00000711,0,5,5
WBGene00000712,0,4,4
WBGene00000713,0,31,31
WBGene00000714,11,34,45
WBGene00000715,2,31,33
WBGene00000716,1,9,10
WBGene00000717,20,960,980
WBGene00000718,1,11,12
WBGene00000719,0,13,13
WBGene00000720,6,7483,7489
WBGene00000721,1,23,24
WBGene00000722,13,1424,1437
WBGene00000723,0,63,63
WBGene00000724,8,23,31
WBGene00000725,2,23,25
WBGene00000726,37,72,109
WBGene00000727,0,311,311
WBGene00000728,1,395,396
WBGene00000729,10,16,26
WBGene00000730,1,6,7
WBGene00000731,2,29,31
WBGene00000732,0,58,58
WBGene00000733,8,4271,4279
WBGene00000734,1,13,14
WBGene00000735,14,9,23
WBGene00000736,4,19,23
WBGene00000737,7,44,51
WBGene00000738,8,50,58
WBGene00000739,10,9397,9407
WBGene00000740,3,2817,2820
WBGene00000741,1,2079,2080
WBGene00000742,0,291,291
WBGene00000743,1,125,126
WBGene00000744,0,4,4
WBGene00000745,17,78,95
WBGene00000746,41,37,78
WBGene00000747,5,28,33
WBGene00000748,3,65,68
WBGene00000749,1,168,169
WBGene00000750,11,24,35
WBGene00000751,5,8,13
WBGene00000752,2,4,6
WBGene00000753,0,27,27
WBGene00000754,0,8,8
WBGene00000755,2,27,29
WBGene00000756,0,11,11
WBGene00000757,2,20,22
WBGene00000758,0,6,6
WBGene00000759,49,45,94
WBGene00000760,43,35,78
WBGene00000761,102,1020,1122
WBGene00000762,166,493,659
WBGene00000763,225,1216,1441
WBGene00000764,51,248,299
WBGene00000765,10,1326,1336
WBGene00000766,46,995,1041
WBGene00000767,260,1931,2191
WBGene00000768,293,2266,2559
WBGene00000770,8,29,37
WBGene00000771,3,11,14
WBGene00000772,5,111,116
WBGene00000773,97,1039,1136
WBGene00000774,79,985,1064
WBGene00000775,60,216,276
WBGene00000776,370,10508,10878
WBGene00000777,38,1750,1788
WBGene00000778,27,153,180
WBGene00000779,10837,81294,92131
WBGene00000780,569,2782,3351
WBGene00000781,11,1111,1122
WBGene00000782,0,6,6
WBGene00000783,39,344,383
WBGene00000784,16,2110,2126
WBGene00000785,60,7273,7333
WBGene00000786,247,1694,1941
WBGene00000787,54,1028,1082
WBGene00000788,64,3025,3089
WBGene00000789,107,1882,1989
WBGene00000792,118,121,239
WBGene00000793,2405,1693,4098
WBGene00000794,69,798,867
WBGene00000795,35,417,452
WBGene00000796,246,1324,1570
WBGene00000797,20,27,47
WBGene00000798,14,585,599
WBGene00000799,74,147,221
WBGene00000800,241,2245,2486
WBGene00000802,1135,41080,42215
WBGene00000803,36,89,125
WBGene00000804,27,605,632
WBGene00000812,223,598,821
WBGene00000813,120,824,944
WBGene00000814,194,1117,1311
WBGene00000815,279,817,1096
WBGene00000816,316,1071,1387
WBGene00000817,34,656,690
WBGene00000818,90,651,741
WBGene00000819,27,21,48
WBGene00000820,123,251,374
WBGene00000821,6,4,10
WBGene00000822,2136,14111,16247
WBGene00000829,0,101614,101614
WBGene00000830,0,212,212
WBGene00000831,3,414,417
WBGene00000832,396,1770,2166
WBGene00000833,159,22311,22470
WBGene00000834,873,1167,2040
WBGene00000835,293,2321,2614
WBGene00000836,53,684,737
WBGene00000837,124,917,1041
WBGene00000838,130,512,642
WBGene00000839,75,774,849
WBGene00000840,144,1055,1199
WBGene00000841,48,71,119
WBGene00000843,33,1746,1779
WBGene00000845,444,2631,3075
WBGene00000846,143,347,490
WBGene00000851,24,9,33
WBGene00000853,35,17,52
WBGene00000854,331,1302,1633
WBGene00000857,17,959,976
WBGene00000858,126,996,1122
WBGene00000859,22,58,80
WBGene00000860,22,125,147
WBGene00000861,12,18,30
WBGene00000862,108,150,258
WBGene00000863,24,563,587
WBGene00000864,9,22,31
WBGene00000865,17,320,337
WBGene00000866,1,14,15
WBGene00000867,6,21,27
WBGene00000868,24,1236,1260
WBGene00000869,251,8117,8368
WBGene00000870,163,628,791
WBGene00000871,34,228,262
WBGene00000872,49,679,728
WBGene00000874,93,971,1064
WBGene00000875,20,684,704
WBGene00000876,202,1516,1718
WBGene00000877,53,8157,8210
WBGene00000878,14,67,81
WBGene00000879,1489,20081,21570
WBGene00000880,83,734,817
WBGene00000881,7,8506,8513
WBGene00000882,2,793,795
WBGene00000883,5754,77630,83384
WBGene00000884,94,1490,1584
WBGene00000885,342,340,682
WBGene00000886,100,533,633
WBGene00000887,226,907,1133
WBGene00000888,68,685,753
WBGene00000889,83,877,960
WBGene00000890,122,457,579
WBGene00000891,229,936,1165
WBGene00000892,207,472,679
WBGene00000893,77,41,118
WBGene00000894,37,1466,1503
WBGene00000895,224,661,885
WBGene00000896,393,5005,5398
WBGene00000897,117,505,622
WBGene00000898,1193,522,1715
WBGene00000899,194,854,1048
WBGene00000900,436,1041,1477
WBGene00000901,355,2643,2998
WBGene00000902,43,55,98
WBGene00000903,30,1238,1268
WBGene00000904,45,157,202
WBGene00000905,78,125,203
WBGene00000906,220,180,400
WBGene00000907,104,147,251
WBGene00000908,454,682,1136
WBGene00000910,500,1769,2269
WBGene00000911,287,1629,1916
WBGene00000912,705,1623,2328
WBGene00000913,48,514,562
WBGene00000914,470,691,1161
WBGene00000915,1043,96068,97111
WBGene00000917,494,1827,2321
WBGene00000920,32,1152,1184
WBGene00000923,56,1756,1812
WBGene00000928,14,630,644
WBGene00000929,136,645,781
WBGene00000930,0,32,32
WBGene00000931,165,6054,6219
WBGene00000932,13,186,199
WBGene00000933,362,1635,1997
WBGene00000934,49,261,310
WBGene00000935,13,167,180
WBGene00000936,43,807,850
WBGene00000937,31,288,319
WBGene00000938,1067,3073,4140
WBGene00000939,211,1105,1316
WBGene00000940,180,883,1063
WBGene00000941,1351,8139,9490
WBGene00000942,288,5715,6003
WBGene00000950,162,107,269
WBGene00000951,20,61,81
WBGene00000952,136,33,169
WBGene00000953,96,88,184
WBGene00000955,60,85,145
WBGene00000958,152,352,504
WBGene00000959,284,1053,1337
WBGene00000960,73,93,166
WBGene00000961,77,652,729
WBGene00000962,297,6254,6551
WBGene00000963,134,524,658
WBGene00000964,129,2462,2591
WBGene00000965,68,621,689
WBGene00000966,116,314,430
WBGene00000967,365,881,1246
WBGene00000968,68,172,240
WBGene00000969,28,591,619
WBGene00000970,58,1114,1172
WBGene00000971,9,48,57
WBGene00000972,47,474,521
WBGene00000973,204,992,1196
WBGene00000974,20,82,102
WBGene00000975,208,1310,1518
WBGene00000976,156,595,751
WBGene00000977,19,106,125
WBGene00000978,27,1145,1172
WBGene00000979,9,66,75
WBGene00000980,280,817,1097
WBGene00000981,16,533,549
WBGene00000982,109,2545,2654
WBGene00000983,69,501,570
WBGene00000984,91,588,679
WBGene00000985,52,1016,1068
WBGene00000986,6,37,43
WBGene00000987,246,547,793
WBGene00000988,721,9465,10186
WBGene00000989,14,29,43
WBGene00000990,109,426,535
WBGene00000991,221,868,1089
WBGene00000992,0,420,420
WBGene00000993,234,1353,1587
WBGene00000994,58,233,291
WBGene00000995,130,351,481
WBGene00000996,129,1710,1839
WBGene00000998,1038,22026,23064
WBGene00001000,1897,15487,17384
WBGene00001001,266,1275,1541
WBGene00001002,64,765,829
WBGene00001005,101,18855,18956
WBGene00001006,136,1264,1400
WBGene00001007,439,3802,4241
WBGene00001008,265,1672,1937
WBGene00001016,35,255,290
WBGene00001017,224,1912,2136
WBGene00001018,203,1399,1602
WBGene00001019,353,1118,1471
WBGene00001020,80,791,871
WBGene00001021,73,200,273
WBGene00001022,41,194,235
WBGene00001023,186,2000,2186
WBGene00001025,176,1319,1495
WBGene00001026,52,1318,1370
WBGene00001027,254,1164,1418
WBGene00001028,242,1907,2149
WBGene00001029,310,2028,2338
WBGene00001030,193,6334,6527
WBGene00001031,83,7052,7135
WBGene00001032,42,569,611
WBGene00001033,101,413,514
WBGene00001034,61,1006,1067
WBGene00001035,102,708,810
WBGene00001036,28,448,476
WBGene00001037,98,6587,6685
WBGene00001038,255,3225,3480
WBGene00001039,240,706,946
WBGene00001040,50,517,567
WBGene00001041,33,1045,1078
WBGene00001042,613,1513,2126
WBGene00001043,286,523,809
WBGene00001044,32,107,139
WBGene00001045,112,864,976
WBGene00001046,36,188,224
WBGene00001047,285,2619,2904
WBGene00001048,130,670,800
WBGene00001049,92,373,465
WBGene00001050,60,222,282
WBGene00001051,12,1815,1827
WBGene00001052,218,425,643
WBGene00001053,122,284,406
WBGene00001054,134,408,542
WBGene00001055,216,410,626
WBGene00001056,162,1228,1390
WBGene00001057,14,982,996
WBGene00001058,126,799,925
WBGene00001059,9,54,63
WBGene00001060,31,478,509
WBGene00001061,53,550,603
WBGene00001062,8,4,12
WBGene00001063,81,40,121
WBGene00001064,9,350,359
WBGene00001065,2,486,488
WBGene00001066,13,31,44
WBGene00001067,0,27,27
WBGene00001068,100,1168,1268
WBGene00001069,38,327,365
WBGene00001070,37,86,123
WBGene00001071,48,331,379
WBGene00001072,37,274,311
WBGene00001073,206,2068,2274
WBGene00001074,10,43,53
WBGene00001075,21,61,82
WBGene00001076,1,133,134
WBGene00001077,98,1539,1637
WBGene00001078,182,407,589
WBGene00001079,35,68,103
WBGene00001080,612,2366,2978
WBGene00001081,148,2511,2659
WBGene00001082,217,1554,1771
WBGene00001085,134,1200,1334
WBGene00001086,116,1441,1557
WBGene00001087,1069,1167,2236
WBGene00001088,33,5726,5759
WBGene00001089,288,885,1173
WBGene00001090,162,503,665
WBGene00001092,3,54,57
WBGene00001093,88,1302,1390
WBGene00001094,54,4518,4572
WBGene00001095,51,282,333
WBGene00001096,22,136,158
WBGene00001099,86,702,788
WBGene00001101,647,2104,2751
WBGene00001102,46,469,515
WBGene00001103,1,15,16
WBGene00001104,17,19,36
WBGene00001105,42,10,52
WBGene00001106,115,33,148
WBGene00001107,27,79,106
WBGene00001108,12,5,17
WBGene00001109,1,28,29
WBGene00001110,21,188,209
WBGene00001112,117,501,618
WBGene00001113,1108,7301,8409
WBGene00001115,294,685,979
WBGene00001116,329,1039,1368
WBGene00001117,87,242,329
WBGene00001118,151,144,295
WBGene00001119,61,175,236
WBGene00001121,106,121,227
WBGene00001122,129,825,954
WBGene00001123,20,97,117
WBGene00001127,100,185,285
WBGene00001129,22,76,98
WBGene00001130,95,2020,2115
WBGene00001131,892,4797,5689
WBGene00001132,326,2928,3254
WBGene00001133,58,34,92
WBGene00001134,195,2007,2202
WBGene00001135,100,419,519
WBGene00001136,64,170,234
WBGene00001137,374,15422,15796
WBGene00001145,1363,5958,7321
WBGene00001147,0,14,14
WBGene00001148,54,198,252
WBGene00001149,177,7999,8176
WBGene00001150,5,31,36
WBGene00001151,101,879,980
WBGene00001152,7,354,361
WBGene00001153,9,922,931
WBGene00001154,44,1253,1297
WBGene00001155,3347,16962,20309
WBGene00001156,185,632,817
WBGene00001157,66,164,230
WBGene00001158,9,22,31
WBGene00001159,27,194,221
WBGene00001160,64,2289,2353
WBGene00001161,179,444,623
WBGene00001162,274,457,731
WBGene00001163,149,1146,1295
WBGene00001164,18,3,21
WBGene00001165,96,127,223
WBGene00001166,52,2938,2990
WBGene00001167,6606,115395,122001
WBGene00001168,10304,215510,225814
WBGene00001169,211,59102,59313
WBGene00001170,67,666,733
WBGene00001171,202,357,559
WBGene00001172,254,4669,4923
WBGene00001173,1539,3875,5414
WBGene00001174,33,265,298
WBGene00001175,58,65,123
WBGene00001177,1273,2295,3568
WBGene00001178,295,1693,1988
WBGene00001179,224,746,970
WBGene00001182,175,989,1164
WBGene00001184,106,430,536
WBGene00001185,73,116,189
WBGene00001186,261,920,1181
WBGene00001187,296,2471,2767
WBGene00001188,130,636,766
WBGene00001189,952,7607,8559
WBGene00001190,432,306,738
WBGene00001193,4,188,192
WBGene00001194,364,2880,3244
WBGene00001196,961,12603,13564
WBGene00001202,126,106,232
WBGene00001204,53,31,84
WBGene00001207,105,94,199
WBGene00001208,259,1315,1574
WBGene00001209,106,6176,6282
WBGene00001210,51,1112,1163
WBGene00001211,119,154,273
WBGene00001214,36,261,297
WBGene00001215,251,1083,1334
WBGene00001223,21,8,29
WBGene00001224,43,1344,1387
WBGene00001225,28,4099,4127
WBGene00001226,320,7791,8111
WBGene00001227,991,5818,6809
WBGene00001228,34,1712,1746
WBGene00001229,83,2392,2475
WBGene00001230,69,3026,3095
WBGene00001231,70,2048,2118
WBGene00001232,222,2084,2306
WBGene00001233,621,3412,4033
WBGene00001234,13,3136,3149
WBGene00001235,109,1370,1479
WBGene00001236,168,281,449
WBGene00001237,39,135,174
WBGene00001239,205,3262,3467
WBGene00001240,122,1675,1797
WBGene00001241,156,1922,2078
WBGene00001242,11,29,40
WBGene00001243,228,1526,1754
WBGene00001244,464,2550,3014
WBGene00001245,9,9,18
WBGene00001246,10,28,38
WBGene00001247,95,234,329
WBGene00001248,116,281,397
WBGene00001249,39,433,472
WBGene00001250,25,69,94
WBGene00001251,131,583,714
WBGene00001252,9,67,76
WBGene00001253,102,482,584
WBGene00001258,764,2396,3160
WBGene00001259,75,2447,2522
WBGene00001262,52,1657,1709
WBGene00001263,992,19390,20382
WBGene00001281,59,403,462
WBGene00001284,153,898,1051
WBGene00001303,460,19998,20458
WBGene00001309,146,1726,1872
WBGene00001310,47,5,52
WBGene00001311,9,8,17
WBGene00001320,20,1301,1321
WBGene00001324,98,599,697
WBGene00001325,187,558,745
WBGene00001328,190,7394,7584
WBGene00001329,86,1846,1932
WBGene00001330,606,1621,2227
WBGene00001331,146,2717,2863
WBGene00001332,99,299,398
WBGene00001333,274,1928,2202
WBGene00001334,414,1501,1915
WBGene00001335,205,1082,1287
WBGene00001336,386,2974,3360
WBGene00001337,861,4984,5845
WBGene00001338,90,902,992
WBGene00001340,368,1665,2033
WBGene00001345,636,2036,2672
WBGene00001352,293,1344,1637
WBGene00001358,36,182,218
WBGene00001365,137,789,926
WBGene00001366,473,1060,1533
WBGene00001368,170,956,1126
WBGene00001371,41,389,430
WBGene00001372,80,237,317
WBGene00001373,113,105,218
WBGene00001374,258,656,914
WBGene00001377,204,274,478
WBGene00001385,49881,331696,381577
WBGene00001386,1344,16488,17832
WBGene00001387,57,273,330
WBGene00001388,6,17,23
WBGene00001389,35,330,365
WBGene00001390,24,312,336
WBGene00001391,85,649,734
WBGene00001392,91,2840,2931
WBGene00001393,55,4663,4718
WBGene00001394,60,3558,3618
WBGene00001395,373,2281,2654
WBGene00001396,171,1641,1812
WBGene00001397,2,171,173
WBGene00001398,43,2452,2495
WBGene00001399,34,54,88
WBGene00001400,37,102,139
WBGene00001401,6,108,114
WBGene00001402,7,137,144
WBGene00001403,230,994,1224
WBGene00001404,1202,12127,13329
WBGene00001405,36,1044,1080
WBGene00001406,125,359,484
WBGene00001410,269,790,1059
WBGene00001411,51,689,740
WBGene00001412,33,532,565
WBGene00001413,24,158,182
WBGene00001414,22,24,46
WBGene00001423,447,19027,19474
WBGene00001424,5,4,9
WBGene00001425,209,1062,1271
WBGene00001426,363,6159,6522
WBGene00001427,1590,39052,40642
WBGene00001428,6,699,705
WBGene00001429,37,273,310
WBGene00001430,79,1580,1659
WBGene00001431,199,6786,6985
WBGene00001432,94,165,259
WBGene00001433,72,523,595
WBGene00001434,11,90,101
WBGene00001435,1,12,13
WBGene00001436,1,7,8
WBGene00001437,2,95,97
WBGene00001438,37,20,57
WBGene00001439,966,1968,2934
WBGene00001440,29,234,263
WBGene00001441,324,1321,1645
WBGene00001442,9,64,73
WBGene00001443,337,1231,1568
WBGene00001444,4660,14283,18943
WBGene00001445,194,1198,1392
WBGene00001446,3,239,242
WBGene00001447,167,2032,2199
WBGene00001448,1132,10858,11990
WBGene00001449,402,1360,1762
WBGene00001450,29,882,911
WBGene00001451,223,1480,1703
WBGene00001452,230,11046,11276
WBGene00001453,8,439,447
WBGene00001454,10,4274,4284
WBGene00001455,439,5242,5681
WBGene00001456,32,1370,1402
WBGene00001457,3430,13961,17391
WBGene00001458,302,2928,3230
WBGene00001459,108,2710,2818
WBGene00001460,99,1208,1307
WBGene00001461,1069,4279,5348
WBGene00001462,196,6701,6897
WBGene00001463,103,1628,1731
WBGene00001464,394,3784,4178
WBGene00001465,41,66,107
WBGene00001466,21,210,231
WBGene00001468,38,70,108
WBGene00001470,90,1110,1200
WBGene00001475,216,1060,1276
WBGene00001476,80,178,258
WBGene00001477,30,207,237
WBGene00001478,42,137,179
WBGene00001479,30,111,141
WBGene00001480,1149,5645,6794
WBGene00001481,87,145,232
WBGene00001482,1,98,99
WBGene00001483,14,58,72
WBGene00001484,371,732,1103
WBGene00001485,464,497,961
WBGene00001486,37,352,389
WBGene00001487,14,23,37
WBGene00001488,604,12827,13431
WBGene00001489,185,681,866
WBGene00001490,234,688,922
WBGene00001491,497,2515,3012
WBGene00001492,54,730,784
WBGene00001493,98,866,964
WBGene00001494,365,643,1008
WBGene00001495,315,277,592
WBGene00001496,667,3156,3823
WBGene00001497,227,2955,3182
WBGene00001498,372,2192,2564
WBGene00001499,16,333,349
WBGene00001500,91,367,458
WBGene00001501,1728,7043,8771
WBGene00001502,999,28673,29672
WBGene00001503,162,4717,4879
WBGene00001505,46,214,260
WBGene00001506,38,30,68
WBGene00001507,47,37,84
WBGene00001508,79,426,505
WBGene00001509,111,1125,1236
WBGene00001510,85,977,1062
WBGene00001511,24,574,598
WBGene00001512,115,157,272
WBGene00001513,5,601,606
WBGene00001514,32,151,183
WBGene00001515,56,125,181
WBGene00001516,825,1193,2018
WBGene00001517,133,290,423
WBGene00001518,301,883,1184
WBGene00001519,392,901,1293
WBGene00001520,179,4183,4362
WBGene00001522,83,143,226
WBGene00001523,105,1041,1146
WBGene00001526,124,644,768
WBGene00001527,46,875,921
WBGene00001528,27,17,44
WBGene00001529,36,44,80
WBGene00001530,36,24,60
WBGene00001531,28,26,54
WBGene00001532,49,77,126
WBGene00001533,104,15,119
WBGene00001534,66,128,194
WBGene00001535,39,105,144
WBGene00001536,60,55,115
WBGene00001537,343,317,660
WBGene00001538,79,346,425
WBGene00001539,135,43,178
WBGene00001540,40,55,95
WBGene00001541,10,83,93
WBGene00001542,91,73,164
WBGene00001543,62,184,246
WBGene00001544,81,45,126
WBGene00001545,18,21,39
WBGene00001546,61,42,103
WBGene00001547,77,99,176
WBGene00001548,63,56,119
WBGene00001549,174,148,322
WBGene00001550,29,16,45
WBGene00001551,113,44,157
WBGene00001552,61,338,399
WBGene00001553,208,637,845
WBGene00001554,75,314,389
WBGene00001555,389,700,1089
WBGene00001556,282,786,1068
WBGene00001557,213,654,867
WBGene00001558,64,5063,5127
WBGene00001559,307,462,769
WBGene00001560,100,209,309
WBGene00001561,1762,5881,7643
WBGene00001562,53,1449,1502
WBGene00001563,118,1248,1366
WBGene00001564,1178,39307,40485
WBGene00001565,324,895,1219
WBGene00001566,91,1045,1136
WBGene00001568,47,482,529
WBGene00001569,0,70,70
WBGene00001570,102,953,1055
WBGene00001571,21,239,260
WBGene00001572,546,2455,3001
WBGene00001574,210,1506,1716
WBGene00001575,25,58,83
WBGene00001577,39,121,160
WBGene00001578,106,298,404
WBGene00001579,156,808,964
WBGene00001580,54,570,624
WBGene00001581,18,580,598
WBGene00001582,259,1187,1446
WBGene00001583,33,230,263
WBGene00001584,185,325,510
WBGene00001585,70,571,641
WBGene00001586,133,166,299
WBGene00001587,375,351,726
WBGene00001588,35,150,185
WBGene00001589,222,640,862
WBGene00001590,39,415,454
WBGene00001591,11,55,66
WBGene00001592,37,142,179
WBGene00001593,55,154,209
WBGene00001594,79,528,607
WBGene00001595,12,122,134
WBGene00001596,223,1399,1622
WBGene00001597,18,139,157
WBGene00001598,48,1080,1128
WBGene00001599,20,120,140
WBGene00001600,11,128,139
WBGene00001601,63,362,425
WBGene00001602,49,539,588
WBGene00001603,12,35,47
WBGene00001604,235,11314,11549
WBGene00001606,16,151,167
WBGene00001607,7,48,55
WBGene00001608,15,19,34
WBGene00001609,53,213,266
WBGene00001612,62,133,195
WBGene00001613,267,193,460
WBGene00001614,73,134,207
WBGene00001615,261,387,648
WBGene00001616,124,461,585
WBGene00001617,276,278,554
WBGene00001618,63,50,113
WBGene00001619,43,79,122
WBGene00001620,133,1396,1529
WBGene00001621,22,62,84
WBGene00001622,130,94,224
WBGene00001623,16,35,51
WBGene00001624,27,40,67
WBGene00001625,28,14,42
WBGene00001626,25,18,43
WBGene00001627,77,225,302
WBGene00001628,56,528,584
WBGene00001629,259,679,938
WBGene00001630,784,760,1544
WBGene00001631,200,727,927
WBGene00001632,133,864,997
WBGene00001633,163,346,509
WBGene00001635,72,648,720
WBGene00001636,130,325,455
WBGene00001637,113,468,581
WBGene00001638,50,290,340
WBGene00001639,50,43,93
WBGene00001640,51,11,62
WBGene00001641,1,5,6
WBGene00001642,9,15,24
WBGene00001643,36,122,158
WBGene00001644,50,273,323
WBGene00001645,45,496,541
WBGene00001646,0,391,391
WBGene00001647,3,94,97
WBGene00001648,402,5484,5886
WBGene00001649,135,1385,1520
WBGene00001650,537,1203,1740
WBGene00001651,375,780,1155
WBGene00001653,134,612,746
WBGene00001660,56,382,438
WBGene00001661,120,836,956
WBGene00001662,115,1791,1906
WBGene00001663,431,186,617
WBGene00001664,53,245,298
WBGene00001665,31,202,233
WBGene00001666,49,185,234
WBGene00001667,29,16,45
WBGene00001668,38,57,95
WBGene00001669,212,855,1067
WBGene00001670,32,64,96
WBGene00001671,90,707,797
WBGene00001672,47,46,93
WBGene00001673,128,96,224
WBGene00001674,30,240,270
WBGene00001675,24,33,57
WBGene00001676,103,116,219
WBGene00001677,48,210,258
WBGene00001678,183,138,321
WBGene00001679,354,8290,8644
WBGene00001680,51,962,1013
WBGene00001681,64,474,538
WBGene00001682,685,15969,16654
WBGene00001683,37,270,307
WBGene00001684,61,22344,22405
WBGene00001685,24,26399,26423
WBGene00001686,54,404,458
WBGene00001687,59,59,118
WBGene00001688,9,334,343
WBGene00001689,18,341,359
WBGene00001690,52,62,114
WBGene00001691,19,9,28
WBGene00001692,376,6297,6673
WBGene00001693,11,18,29
WBGene00001694,18,880,898
WBGene00001695,16,9,25
WBGene00001696,41,104,145
WBGene00001697,29,46,75
WBGene00001698,61,58,119
WBGene00001699,355,18962,19317
WBGene00001700,59,4,63
WBGene00001701,11,22,33
WBGene00001702,1463,6259,7722
WBGene00001703,9,55,64
WBGene00001704,18,27,45
WBGene00001705,20,41,61
WBGene00001707,149,108,257
WBGene00001708,313,886,1199
WBGene00001709,94,394,488
WBGene00001710,42,24,66
WBGene00001711,9,8,17
WBGene00001712,12,25,37
WBGene00001713,8,657,665
WBGene00001714,13,13,26
WBGene00001715,4,1,5
WBGene00001716,36,42,78
WBGene00001717,21,126,147
WBGene00001718,5,79,84
WBGene00001719,15,178,193
WBGene00001720,15,5,20
WBGene00001721,14,53,67
WBGene00001722,17,9,26
WBGene00001723,24,16,40
WBGene00001724,76,32,108
WBGene00001725,16,17,33
WBGene00001726,8,11,19
WBGene00001727,23,41,64
WBGene00001728,0,49,49
WBGene00001729,21,28,49
WBGene00001730,1,11,12
WBGene00001731,5,26,31
WBGene00001732,24,44,68
WBGene00001733,0,3,3
WBGene00001734,1,13,14
WBGene00001735,47,18,65
WBGene00001736,13,16,29
WBGene00001737,3,1,4
WBGene00001738,0,1,1
WBGene00001739,3,3,6
WBGene00001740,112,260,372
WBGene00001743,70,375,445
WBGene00001744,160,2669,2829
WBGene00001745,484,2951,3435
WBGene00001746,206,2064,2270
WBGene00001747,124,3252,3376
WBGene00001748,316,3993,4309
WBGene00001749,13,3788,3801
WBGene00001750,31,188,219
WBGene00001751,75,751,826
WBGene00001752,48,2405,2453
WBGene00001753,202,12488,12690
WBGene00001754,4,447,451
WBGene00001755,103,14603,14706
WBGene00001756,2,282,284
WBGene00001757,38,49,87
WBGene00001758,11,1945,1956
WBGene00001759,57,513,570
WBGene00001760,9,350,359
WBGene00001761,55,527,582
WBGene00001762,2,63,65
WBGene00001763,10,316,326
WBGene00001764,4,199,203
WBGene00001765,1,5,6
WBGene00001766,29,0,29
WBGene00001767,10,123,133
WBGene00001768,33,4988,5021
WBGene00001769,20,216,236
WBGene00001770,0,244,244
WBGene00001771,3,107,110
WBGene00001772,29,3468,3497
WBGene00001773,22,105,127
WBGene00001774,4,530,534
WBGene00001775,9,1531,1540
WBGene00001776,18,311,329
WBGene00001777,10,20,30
WBGene00001778,7,111,118
WBGene00001779,0,73,73
WBGene00001780,20,60,80
WBGene00001781,48,532,580
WBGene00001782,49,67,116
WBGene00001783,32,101,133
WBGene00001784,170,788,958
WBGene00001785,2,17,19
WBGene00001786,0,86,86
WBGene00001787,2,917,919
WBGene00001788,67,409,476
WBGene00001789,5,243,248
WBGene00001790,70,766,836
WBGene00001791,114,461,575
WBGene00001792,33,113,146
WBGene00001793,726,2737,3463
WBGene00001794,2452,13142,15594
WBGene00001795,186,369,555
WBGene00001796,69,102,171
WBGene00001803,56,189,245
WBGene00001804,39,45,84
WBGene00001805,130,100,230
WBGene00001806,43,53,96
WBGene00001808,596,2206,2802
WBGene00001811,27,128,155
WBGene00001812,20,400,420
WBGene00001813,153,833,986
WBGene00001814,116,1164,1280
WBGene00001815,178,589,767
WBGene00001816,354,514,868
WBGene00001817,39,379,418
WBGene00001818,131,21,152
WBGene00001819,96,865,961
WBGene00001820,37,545,582
WBGene00001821,85,277,362
WBGene00001823,103,819,922
WBGene00001824,50,650,700
WBGene00001827,99,892,991
WBGene00001828,20,10,30
WBGene00001829,32,535,567
WBGene00001830,22,533,555
WBGene00001831,13,637,650
WBGene00001832,79,667,746
WBGene00001833,129,1045,1174
WBGene00001834,17,1228,1245
WBGene00001835,4,348,352
WBGene00001836,60,687,747
WBGene00001837,591,695,1286
WBGene00001838,87,247,334
WBGene00001839,17,16,33
WBGene00001840,700,8022,8722
WBGene00001841,31,302,333
WBGene00001842,44,44,88
WBGene00001843,332,1025,1357
WBGene00001844,92,532,624
WBGene00001851,277,5014,5291
WBGene00001852,182,208,390
WBGene00001853,198,13366,13564
WBGene00001854,88,5453,5541
WBGene00001855,15,3107,3122
WBGene00001856,8,2169,2177
WBGene00001857,1,28,29
WBGene00001858,0,7040,7040
WBGene00001859,105,22,127
WBGene00001860,121,1668,1789
WBGene00001862,15,92,107
WBGene00001863,1047,5599,6646
WBGene00001864,138,442,580
WBGene00001865,54,194,248
WBGene00001867,46,230,276
WBGene00001869,24,535,559
WBGene00001872,100,77,177
WBGene00001874,22,440,462
WBGene00001875,0,1306,1306
WBGene00001876,0,553,553
WBGene00001877,0,1955,1955
WBGene00001878,0,959,959
WBGene00001879,0,2118,2118
WBGene00001880,0,1382,1382
WBGene00001881,0,1266,1266
WBGene00001882,0,406,406
WBGene00001883,0,190,190
WBGene00001884,0,0,0
WBGene00001885,0,1636,1636
WBGene00001886,0,0,0
WBGene00001887,0,0,0
WBGene00001888,0,0,0
WBGene00001889,0,0,0
WBGene00001890,0,179,179
WBGene00001891,0,159,159
WBGene00001892,0,2157,2157
WBGene00001893,0,0,0
WBGene00001894,0,0,0
WBGene00001895,0,0,0
WBGene00001896,0,0,0
WBGene00001898,66,23835,23901
WBGene00001899,0,349,349
WBGene00001900,0,0,0
WBGene00001901,0,0,0
WBGene00001902,0,0,0
WBGene00001903,0,4,4
WBGene00001904,0,14,14
WBGene00001905,0,310,310
WBGene00001906,0,2523,2523
WBGene00001907,0,5,5
WBGene00001908,0,1,1
WBGene00001909,907,14669,15576
WBGene00001910,458,10122,10580
WBGene00001911,1221,26638,27859
WBGene00001912,0,65,65
WBGene00001913,1,7,8
WBGene00001914,0,71,71
WBGene00001915,1258,31505,32763
WBGene00001916,0,15,15
WBGene00001917,0,0,0
WBGene00001918,0,0,0
WBGene00001919,0,14,14
WBGene00001920,0,0,0
WBGene00001921,0,38,38
WBGene00001922,0,736,736
WBGene00001923,0,0,0
WBGene00001924,0,0,0
WBGene00001925,0,0,0
WBGene00001926,0,0,0
WBGene00001927,0,0,0
WBGene00001928,0,463,463
WBGene00001929,0,17,17
WBGene00001930,0,0,0
WBGene00001931,22,53,75
WBGene00001932,0,22,22
WBGene00001933,0,2230,2230
WBGene00001934,0,4535,4535
WBGene00001935,0,832,832
WBGene00001936,0,1765,1765
WBGene00001937,0,721,721
WBGene00001938,0,3784,3784
WBGene00001939,0,48,48
WBGene00001940,0,85,85
WBGene00001941,0,420,420
WBGene00001942,0,1085,1085
WBGene00001943,0,15,15
WBGene00001944,0,23,23
WBGene00001945,125,4101,4226
WBGene00001946,688,19464,20152
WBGene00001947,0,64,64
WBGene00001948,276,700,976
WBGene00001949,29,781,810
WBGene00001950,7,283,290
WBGene00001951,18,139,157
WBGene00001952,21,122,143
WBGene00001953,99,194,293
WBGene00001954,32,61,93
WBGene00001955,190,3605,3795
WBGene00001956,1,3,4
WBGene00001957,93,329,422
WBGene00001958,21,387,408
WBGene00001959,14,131,145
WBGene00001960,36,115,151
WBGene00001961,28,81,109
WBGene00001962,12,4,16
WBGene00001964,0,4,4
WBGene00001965,0,5,5
WBGene00001966,0,8,8
WBGene00001967,0,0,0
WBGene00001968,0,22,22
WBGene00001971,119,16230,16349
WBGene00001972,366,5106,5472
WBGene00001973,7,370,377
WBGene00001974,61,2515,2576
WBGene00001975,90,941,1031
WBGene00001976,42,7781,7823
WBGene00001977,5,902,907
WBGene00001978,163,1166,1329
WBGene00001979,56,859,915
WBGene00001980,1477,2079,3556
WBGene00001981,8,8,16
WBGene00001983,79,489,568
WBGene00001984,76,193,269
WBGene00001985,23,68,91
WBGene00001986,193,588,781
WBGene00001987,490,340,830
WBGene00001988,59,391,450
WBGene00001989,76,263,339
WBGene00001990,180,1758,1938
WBGene00001991,32,113,145
WBGene00001992,55,175,230
WBGene00001993,26,1785,1811
WBGene00001994,153,2945,3098
WBGene00001995,52,634,686
WBGene00001996,332,679,1011
WBGene00001997,148,185,333
WBGene00001998,44,159,203
WBGene00001999,53,11237,11290
WBGene00002000,278,5878,6156
WBGene00002001,216,1867,2083
WBGene00002002,84,1500,1584
WBGene00002003,86,209,295
WBGene00002004,282,711,993
WBGene00002005,718,59860,60578
WBGene00002007,492,17100,17592
WBGene00002008,339,2543,2882
WBGene00002010,47,7603,7650
WBGene00002011,1688,11738,13426
WBGene00002012,19,818,837
WBGene00002013,7,30,37
WBGene00002015,0,0,0
WBGene00002016,440,55276,55716
WBGene00002017,0,19387,19387
WBGene00002018,408,44468,44876
WBGene00002019,0,231562,231562
WBGene00002020,0,0,0
WBGene00002021,512,3104,3616
WBGene00002023,613,8459,9072
WBGene00002024,106,1281,1387
WBGene00002025,748,22859,23607
WBGene00002026,174,2784,2958
WBGene00002027,158,2688,2846
WBGene00002028,28,302,330
WBGene00002029,37,157,194
WBGene00002030,102,115,217
WBGene00002031,71,220,291
WBGene00002032,8,122,130
WBGene00002033,6,45,51
WBGene00002034,8,154,162
WBGene00002035,223,836,1059
WBGene00002036,228,908,1136
WBGene00002037,176,316,492
WBGene00002038,247,1014,1261
WBGene00002039,193,330,523
WBGene00002040,384,782,1166
WBGene00002041,169,296,465
WBGene00002042,30,196,226
WBGene00002043,168,465,633
WBGene00002044,51,617,668
WBGene00002045,7198,48378,55576
WBGene00002046,152,1010,1162
WBGene00002047,58,869,927
WBGene00002048,701,4081,4782
WBGene00002050,591,2670,3261
WBGene00002051,6,21,27
WBGene00002052,79,594,673
WBGene00002053,322,6232,6554
WBGene00002054,107,2038,2145
WBGene00002055,9,567,576
WBGene00002056,321,1217,1538
WBGene00002057,69,232,301
WBGene00002058,27,197,224
WBGene00002059,149,1669,1818
WBGene00002060,86,2646,2732
WBGene00002061,18,856,874
WBGene00002062,54,486,540
WBGene00002063,86,122,208
WBGene00002064,1117,4463,5580
WBGene00002065,673,66241,66914
WBGene00002066,340,5173,5513
WBGene00002067,134,465,599
WBGene00002068,15,491,506
WBGene00002069,300,1642,1942
WBGene00002070,74,1518,1592
WBGene00002071,41,1289,1330
WBGene00002072,30,275,305
WBGene00002073,12,1071,1083
WBGene00002074,83,2763,2846
WBGene00002075,105,637,742
WBGene00002076,442,726,1168
WBGene00002077,273,5375,5648
WBGene00002078,212,2485,2697
WBGene00002079,28,546,574
WBGene00002080,192,744,936
WBGene00002081,34,658,692
WBGene00002083,74,11509,11583
WBGene00002084,44,808,852
WBGene00002085,1,10,11
WBGene00002086,40,594,634
WBGene00002087,11,62,73
WBGene00002088,35,344,379
WBGene00002089,72,507,579
WBGene00002090,10,5,15
WBGene00002091,27,10,37
WBGene00002092,2,41,43
WBGene00002093,85,499,584
WBGene00002094,34,204,238
WBGene00002095,14,40,54
WBGene00002096,67,5,72
WBGene00002097,29,295,324
WBGene00002098,5,20,25
WBGene00002099,1,7,8
WBGene00002100,71,1994,2065
WBGene00002101,360,1771,2131
WBGene00002102,10,8,18
WBGene00002103,4,12,16
WBGene00002104,15,17,32
WBGene00002105,18,193,211
WBGene00002106,0,2,2
WBGene00002107,21,94,115
WBGene00002108,61,21,82
WBGene00002109,275,1638,1913
WBGene00002110,836,5080,5916
WBGene00002111,117,958,1075
WBGene00002112,42,313,355
WBGene00002113,82,1053,1135
WBGene00002114,5,23,28
WBGene00002115,0,5,5
WBGene00002116,78,111,189
WBGene00002117,7,19,26
WBGene00002118,57,274,331
WBGene00002119,84,29,113
WBGene00002120,1,37,38
WBGene00002121,6,10,16
WBGene00002123,439,1187,1626
WBGene00002124,16,118,134
WBGene00002125,10,348,358
WBGene00002127,27,1063,1090
WBGene00002128,110,757,867
WBGene00002129,56,614,670
WBGene00002130,9,46,55
WBGene00002131,17,33,50
WBGene00002132,57,516,573
WBGene00002133,152,175,327
WBGene00002134,159,3049,3208
WBGene00002135,141,2432,2573
WBGene00002136,21,122,143
WBGene00002137,44,241,285
WBGene00002138,19,115,134
WBGene00002139,9,183,192
WBGene00002140,163,395,558
WBGene00002141,287,63,350
WBGene00002142,96,135,231
WBGene00002143,82,99,181
WBGene00002144,33,23,56
WBGene00002146,74,468,542
WBGene00002147,219,415,634
WBGene00002148,126,862,988
WBGene00002149,137,180,317
WBGene00002150,222,298,520
WBGene00002151,307,320,627
WBGene00002152,266,3563,3829
WBGene00002153,47,591,638
WBGene00002162,2186,16863,19049
WBGene00002163,283,579,862
WBGene00002169,276,1532,1808
WBGene00002173,424,949,1373
WBGene00002174,117,513,630
WBGene00002175,617,816,1433
WBGene00002176,534,638,1172
WBGene00002177,63,145,208
WBGene00002178,115,701,816
WBGene00002179,346,2490,2836
WBGene00002180,14,311,325
WBGene00002181,187,313,500
WBGene00002182,103,202,305
WBGene00002183,872,7703,8575
WBGene00002184,354,351,705
WBGene00002185,637,760,1397
WBGene00002186,13,17,30
WBGene00002187,291,1276,1567
WBGene00002188,53,10,63
WBGene00002189,1804,5039,6843
WBGene00002190,581,5541,6122
WBGene00002191,1013,6404,7417
WBGene00002192,319,791,1110
WBGene00002193,6,10,16
WBGene00002194,35,51,86
WBGene00002195,78,281,359
WBGene00002196,82,2755,2837
WBGene00002198,126,260,386
WBGene00002199,40,123,163
WBGene00002200,27,123,150
WBGene00002201,83,1118,1201
WBGene00002202,298,7246,7544
WBGene00002203,366,1488,1854
WBGene00002204,8,3,11
WBGene00002205,7,5,12
WBGene00002206,21,9,30
WBGene00002207,130,439,569
WBGene00002208,11,4,15
WBGene00002210,326,1000,1326
WBGene00002211,7,22,29
WBGene00002213,100,289,389
WBGene00002214,34,347,381
WBGene00002215,644,3003,3647
WBGene00002216,109,1128,1237
WBGene00002217,191,1296,1487
WBGene00002218,52,31,83
WBGene00002219,87,638,725
WBGene00002220,117,469,586
WBGene00002222,695,1472,2167
WBGene00002223,1008,1657,2665
WBGene00002224,163,108,271
WBGene00002225,7,249,256
WBGene00002226,6,660,666
WBGene00002227,4,6,10
WBGene00002228,62,421,483
WBGene00002229,46,770,816
WBGene00002230,395,240,635
WBGene00002231,33,653,686
WBGene00002232,170,1681,1851
WBGene00002233,137,273,410
WBGene00002234,12,53,65
WBGene00002235,177,106,283
WBGene00002238,12,4615,4627
WBGene00002239,123,307,430
WBGene00002240,295,356,651
WBGene00002241,421,834,1255
WBGene00002242,400,309,709
WBGene00002243,208,230,438
WBGene00002244,265,2838,3103
WBGene00002245,325,516,841
WBGene00002246,5,193,198
WBGene00002247,259,3882,4141
WBGene00002248,68,148,216
WBGene00002249,43,1039,1082
WBGene00002250,31,2033,2064
WBGene00002251,194,912,1106
WBGene00002252,150,271,421
WBGene00002253,1563,4426,5989
WBGene00002254,15680,70353,86033
WBGene00002255,2957,13436,16393
WBGene00002256,57,1495,1552
WBGene00002257,239,1785,2024
WBGene00002258,564,7317,7881
WBGene00002259,6,150,156
WBGene00002260,5,80,85
WBGene00002261,382,1216,1598
WBGene00002262,1337,11381,12718
WBGene00002263,448,2796,3244
WBGene00002264,384,8394,8778
WBGene00002265,778,5376,6154
WBGene00002266,463,3813,4276
WBGene00002267,479,9075,9554
WBGene00002268,1438,7968,9406
WBGene00002269,1261,9344,10605
WBGene00002270,14,294,308
WBGene00002271,203,6866,7069
WBGene00002272,914,8558,9472
WBGene00002273,118,14387,14505
WBGene00002274,34,461,495
WBGene00002275,15,356,371
WBGene00002276,27,510,537
WBGene00002278,311,692,1003
WBGene00002280,2020,32108,34128
WBGene00002282,23,166,189
WBGene00002295,206,3160,3366
WBGene00002297,109,259,368
WBGene00002299,210,412,622
WBGene00002324,22,472,494
WBGene00002335,108,2796,2904
WBGene00002344,425,12130,12555
WBGene00002348,182,11313,11495
WBGene00002363,154,3381,3535
WBGene00002368,19,222,241
WBGene00002393,31,262,293
WBGene00002497,564,1502,2066
WBGene00002583,418,1964,2382
WBGene00002601,150,358,508
WBGene00002632,63,597,660
WBGene00002637,258,5124,5382
WBGene00002694,60,842,902
WBGene00002696,80,1455,1535
WBGene00002717,668,3250,3918
WBGene00002783,769,3037,3806
WBGene00002804,20,1459,1479
WBGene00002827,109,582,691
WBGene00002845,134,1713,1847
WBGene00002850,206,3527,3733
WBGene00002855,117,4619,4736
WBGene00002879,329,3762,4091
WBGene00002881,323,2859,3182
WBGene00002889,155,1143,1298
WBGene00002891,40,2153,2193
WBGene00002915,279,3782,4061
WBGene00002957,128,1791,1919
WBGene00002974,242,423,665
WBGene00002975,48,135,183
WBGene00002976,252,451,703
WBGene00002977,363,1282,1645
WBGene00002978,1931,91851,93782
WBGene00002979,439,725,1164
WBGene00002980,227,20822,21049
WBGene00002981,171,5864,6035
WBGene00002982,79,382,461
WBGene00002983,118,68,186
WBGene00002985,83,828,911
WBGene00002986,66,528,594
WBGene00002987,142,151,293
WBGene00002988,98,167,265
WBGene00002989,290,830,1120
WBGene00002990,439,864,1303
WBGene00002991,300,797,1097
WBGene00002992,204,543,747
WBGene00002994,50,1682,1732
WBGene00002996,75,289,364
WBGene00002997,61,341,402
WBGene00002998,113,688,801
WBGene00002999,345,1282,1627
WBGene00003000,81,199,280
WBGene00003001,145,156,301
WBGene00003002,414,2577,2991
WBGene00003003,916,747,1663
WBGene00003006,268,347,615
WBGene00003007,107,388,495
WBGene00003008,51,27,78
WBGene00003009,113,902,1015
WBGene00003010,331,1599,1930
WBGene00003011,171,1003,1174
WBGene00003012,86,666,752
WBGene00003014,253,2855,3108
WBGene00003015,280,83,363
WBGene00003017,41,44,85
WBGene00003018,47,506,553
WBGene00003019,221,1675,1896
WBGene00003020,242,959,1201
WBGene00003021,145,1061,1206
WBGene00003022,101,330,431
WBGene00003024,258,1279,1537
WBGene00003025,396,3540,3936
WBGene00003026,109,1207,1316
WBGene00003029,28,191,219
WBGene00003030,208,848,1056
WBGene00003031,20,147,167
WBGene00003033,25,80,105
WBGene00003034,137,908,1045
WBGene00003035,69,430,499
WBGene00003036,12,2997,3009
WBGene00003037,35,362,397
WBGene00003038,20,381,401
WBGene00003040,255,1951,2206
WBGene00003041,102,856,958
WBGene00003043,57,789,846
WBGene00003044,198,898,1096
WBGene00003045,202,743,945
WBGene00003046,24,89,113
WBGene00003047,171,1184,1355
WBGene00003048,1585,1970,3555
WBGene00003052,111,6528,6639
WBGene00003053,35,3177,3212
WBGene00003055,72,1020,1092
WBGene00003056,273,413,686
WBGene00003057,1,11,12
WBGene00003058,24,28,52
WBGene00003059,79,511,590
WBGene00003060,1010,1878,2888
WBGene00003061,641,7634,8275
WBGene00003062,54,2315,2369
WBGene00003063,112,4643,4755
WBGene00003064,8,657,665
WBGene00003065,264,5126,5390
WBGene00003066,162,1571,1733
WBGene00003068,169,656,825
WBGene00003071,157,1885,2042
WBGene00003072,260,2385,2645
WBGene00003073,168,4003,4171
WBGene00003074,69,742,811
WBGene00003075,28,17,45
WBGene00003076,130,974,1104
WBGene00003077,35,961,996
WBGene00003078,55,1634,1689
WBGene00003079,0,3950,3950
WBGene00003080,165,1878,2043
WBGene00003081,483,2019,2502
WBGene00003082,113,872,985
WBGene00003083,23,273,296
WBGene00003084,66,867,933
WBGene00003085,260,4848,5108
WBGene00003086,392,1014,1406
WBGene00003087,77,1030,1107
WBGene00003089,98,898,996
WBGene00003090,9,2368,2377
WBGene00003091,12,2464,2476
WBGene00003092,3,78,81
WBGene00003093,27,397,424
WBGene00003094,0,30,30
WBGene00003095,2,26,28
WBGene00003096,5,314,319
WBGene00003097,18,2051,2069
WBGene00003098,2,7,9
WBGene00003099,0,42,42
WBGene00003100,61,8,69
WBGene00003102,170,438,608
WBGene00003104,113,29,142
WBGene00003106,72,122,194
WBGene00003107,56,49,105
WBGene00003111,173,1364,1537
WBGene00003112,74,413,487
WBGene00003114,94,100,194
WBGene00003119,322,1022,1344
WBGene00003123,51,4826,4877
WBGene00003124,265,1624,1889
WBGene00003129,241,843,1084
WBGene00003130,482,2489,2971
WBGene00003132,56,887,943
WBGene00003133,243,771,1014
WBGene00003134,106,462,568
WBGene00003136,82,340,422
WBGene00003142,117,433,550
WBGene00003143,225,1147,1372
WBGene00003144,361,1154,1515
WBGene00003148,51,7308,7359
WBGene00003149,249,972,1221
WBGene00003150,652,2855,3507
WBGene00003151,121,387,508
WBGene00003153,2683,8927,11610
WBGene00003154,35,991,1026
WBGene00003155,25,856,881
WBGene00003156,32,1295,1327
WBGene00003157,29,1271,1300
WBGene00003158,58,1078,1136
WBGene00003159,11,1082,1093
WBGene00003160,83,1267,1350
WBGene00003161,273,673,946
WBGene00003162,96,12910,13006
WBGene00003163,85,2481,2566
WBGene00003164,21,189,210
WBGene00003165,142,377,519
WBGene00003166,574,557,1131
WBGene00003167,58,168,226
WBGene00003168,78,141,219
WBGene00003169,921,3899,4820
WBGene00003170,126,212,338
WBGene00003171,477,4939,5416
WBGene00003172,239,1118,1357
WBGene00003173,110,281,391
WBGene00003174,74,101,175
WBGene00003175,351,4500,4851
WBGene00003176,17,46,63
WBGene00003177,80,376,456
WBGene00003178,112,4998,5110
WBGene00003179,85,361,446
WBGene00003180,5,27,32
WBGene00003181,0,30,30
WBGene00003182,275,1909,2184
WBGene00003183,14,439,453
WBGene00003184,7,96,103
WBGene00003185,8,677,685
WBGene00003186,165,1287,1452
WBGene00003196,314,978,1292
WBGene00003209,187,844,1031
WBGene00003210,200,1273,1473
WBGene00003214,179,1601,1780
WBGene00003216,1,138,139
WBGene00003218,91,2597,2688
WBGene00003219,20,37,57
WBGene00003220,86,371,457
WBGene00003221,258,711,969
WBGene00003222,93,563,656
WBGene00003224,37,150,187
WBGene00003225,915,8220,9135
WBGene00003228,27,42,69
WBGene00003229,115,953,1068
WBGene00003230,5,72,77
WBGene00003231,2,55,57
WBGene00003232,143,239,382
WBGene00003233,184,237,421
WBGene00003234,288,1235,1523
WBGene00003235,518,1938,2456
WBGene00003236,2,283,285
WBGene00003237,170,614,784
WBGene00003238,235,778,1013
WBGene00003239,89,1476,1565
WBGene00003241,139,737,876
WBGene00003242,1665,13705,15370
WBGene00003243,522,1441,1963
WBGene00003245,28,276,304
WBGene00003246,323,585,908
WBGene00003247,335,2050,2385
WBGene00003248,91,236,327
WBGene00003249,316,2997,3313
WBGene00003252,22,28,50
WBGene00003253,23,974,997
WBGene00003254,42,272,314
WBGene00003258,659,233,892
WBGene00003367,800,4616,5416
WBGene00003368,50,617,667
WBGene00003369,524,31671,32195
WBGene00003370,21025,77597,98622
WBGene00003371,1004,179480,180484
WBGene00003372,498,3549,4047
WBGene00003373,63,200,263
WBGene00003374,287,531,818
WBGene00003375,689,5666,6355
WBGene00003376,66,267,333
WBGene00003377,51,191,242
WBGene00003378,326,1545,1871
WBGene00003380,37,171,208
WBGene00003384,37,168,205
WBGene00003385,104,372,476
WBGene00003386,55,272,327
WBGene00003387,372,110,482
WBGene00003388,52,111,163
WBGene00003389,66,1282,1348
WBGene00003390,21,1034,1055
WBGene00003391,791,3265,4056
WBGene00003392,176,972,1148
WBGene00003393,167,1752,1919
WBGene00003394,44,64,108
WBGene00003395,13,102,115
WBGene00003396,156,458,614
WBGene00003397,90,538,628
WBGene00003400,326,450,776
WBGene00003401,341,1498,1839
WBGene00003402,83,176,259
WBGene00003403,52,106,158
WBGene00003404,1203,2824,4027
WBGene00003405,37,517,554
WBGene00003406,80,1734,1814
WBGene00003407,500,2217,2717
WBGene00003408,279,800,1079
WBGene00003409,112,164,276
WBGene00003410,9,155,164
WBGene00003411,87,514,601
WBGene00003412,109,310,419
WBGene00003413,694,233,927
WBGene00003414,395,103,498
WBGene00003415,172,5488,5660
WBGene00003417,114,257,371
WBGene00003418,55,332,387
WBGene00003421,126,213,339
WBGene00003422,184,813,997
WBGene00003423,809,1276,2085
WBGene00003424,0,4,4
WBGene00003425,0,1,1
WBGene00003426,1,0,1
WBGene00003429,0,0,0
WBGene00003430,0,3,3
WBGene00003431,0,7,7
WBGene00003432,0,5,5
WBGene00003434,0,2,2
WBGene00003435,0,43,43
WBGene00003438,0,0,0
WBGene00003442,0,7,7
WBGene00003443,0,31,31
WBGene00003444,0,11,11
WBGene00003446,0,0,0
WBGene00003448,0,5,5
WBGene00003449,0,1,1
WBGene00003450,0,6,6
WBGene00003451,0,1,1
WBGene00003452,0,1,1
WBGene00003456,0,8,8
WBGene00003457,0,4,4
WBGene00003458,0,4,4
WBGene00003462,0,3,3
WBGene00003463,0,12,12
WBGene00003464,0,0,0
WBGene00003465,0,3,3
WBGene00003466,0,0,0
WBGene00003467,0,1,1
WBGene00003468,0,0,0
WBGene00003469,0,4,4
WBGene00003470,0,1,1
WBGene00003471,58,511,569
WBGene00003472,287,1489,1776
WBGene00003473,16,672,688
WBGene00003474,41,768,809
WBGene00003475,174,537,711
WBGene00003476,844,3191,4035
WBGene00003477,57,392,449
WBGene00003478,358,479,837
WBGene00003479,179,563,742
WBGene00003480,42,154,196
WBGene00003482,326,1008,1334
WBGene00003485,367,2089,2456
WBGene00003495,771,43836,44607
WBGene00003497,141,1271,1412
WBGene00003499,21,69,90
WBGene00003504,13,357,370
WBGene00003507,5,96,101
WBGene00003508,94,368,462
WBGene00003509,54,344,398
WBGene00003510,114,599,713
WBGene00003511,34,1922,1956
WBGene00003514,365,14701,15066
WBGene00003515,163,4911,5074
WBGene00003516,167,987,1154
WBGene00003517,47,156,203
WBGene00003518,73,22,95
WBGene00003519,163,2082,2245
WBGene00003520,51,40,91
WBGene00003521,0,0,0
WBGene00003522,27,129,156
WBGene00003523,52,94,146
WBGene00003524,47,48,95
WBGene00003525,51,32,83
WBGene00003526,23,56,79
WBGene00003527,53,71,124
WBGene00003528,36,116,152
WBGene00003529,46,14,60
WBGene00003530,53,129,182
WBGene00003531,22,15,37
WBGene00003532,51,41,92
WBGene00003533,59,77,136
WBGene00003534,23,32,55
WBGene00003535,15,7,22
WBGene00003536,5,15,20
WBGene00003537,1,4,5
WBGene00003538,8,3,11
WBGene00003539,3,21,24
WBGene00003540,4,18,22
WBGene00003541,28,13,41
WBGene00003542,11,18,29
WBGene00003543,13,13,26
WBGene00003544,80,238,318
WBGene00003545,25,6,31
WBGene00003546,10,67,77
WBGene00003547,27,38,65
WBGene00003548,92,37,129
WBGene00003549,57,309,366
WBGene00003550,429,789,1218
WBGene00003551,44,17,61
WBGene00003552,189,306,495
WBGene00003553,56,71,127
WBGene00003554,78,5,83
WBGene00003555,290,221,511
WBGene00003558,211,383,594
WBGene00003559,799,3690,4489
WBGene00003561,312,445,757
WBGene00003562,31,82,113
WBGene00003563,37,112,149
WBGene00003564,55,3288,3343
WBGene00003565,165,990,1155
WBGene00003566,362,873,1235
WBGene00003567,593,10357,10950
WBGene00003568,139,929,1068
WBGene00003569,83,809,892
WBGene00003570,23,39,62
WBGene00003571,47,58,105
WBGene00003572,44,362,406
WBGene00003573,26,145,171
WBGene00003574,31,17,48
WBGene00003575,32,139,171
WBGene00003576,203,737,940
WBGene00003577,41,137,178
WBGene00003578,198,803,1001
WBGene00003579,29,183,212
WBGene00003580,36,275,311
WBGene00003581,88,739,827
WBGene00003582,331,832,1163
WBGene00003583,48,491,539
WBGene00003584,109,484,593
WBGene00003585,82,53,135
WBGene00003586,29,227,256
WBGene00003587,220,3460,3680
WBGene00003588,6,4261,4267
WBGene00003589,152,1866,2018
WBGene00003590,69,182,251
WBGene00003591,145,637,782
WBGene00003592,203,1059,1262
WBGene00003593,138,600,738
WBGene00003594,190,698,888
WBGene00003595,9,12,21
WBGene00003596,425,4301,4726
WBGene00003597,448,890,1338
WBGene00003598,72,911,983
WBGene00003599,272,994,1266
WBGene00003600,907,2818,3725
WBGene00003601,20,89,109
WBGene00003602,63,1075,1138
WBGene00003603,92,498,590
WBGene00003604,109,211,320
WBGene00003605,117,1109,1226
WBGene00003606,421,1550,1971
WBGene00003607,54,187,241
WBGene00003608,5,34,39
WBGene00003609,147,779,926
WBGene00003610,82,308,390
WBGene00003611,99,425,524
WBGene00003612,51,128,179
WBGene00003613,27,259,286
WBGene00003614,66,324,390
WBGene00003615,25,25,50
WBGene00003616,356,660,1016
WBGene00003617,14,126,140
WBGene00003618,490,1701,2191
WBGene00003619,179,1005,1184
WBGene00003620,408,770,1178
WBGene00003621,77,300,377
WBGene00003622,171,456,627
WBGene00003623,50,333,383
WBGene00003624,84,402,486
WBGene00003625,166,995,1161
WBGene00003626,164,525,689
WBGene00003627,432,885,1317
WBGene00003628,275,657,932
WBGene00003629,12,25,37
WBGene00003630,856,1661,2517
WBGene00003632,142,710,852
WBGene00003633,39,324,363
WBGene00003634,93,341,434
WBGene00003635,48,605,653
WBGene00003636,395,865,1260
WBGene00003637,284,1294,1578
WBGene00003638,114,629,743
WBGene00003639,159,1739,1898
WBGene00003640,196,423,619
WBGene00003641,4,16,20
WBGene00003642,22,31,53
WBGene00003643,26,76,102
WBGene00003644,23,86,109
WBGene00003645,44,140,184
WBGene00003646,58,471,529
WBGene00003647,88,317,405
WBGene00003648,25,267,292
WBGene00003649,37,282,319
WBGene00003650,37,58,95
WBGene00003651,457,459,916
WBGene00003652,117,301,418
WBGene00003653,36,280,316
WBGene00003654,291,198,489
WBGene00003655,74,182,256
WBGene00003656,171,795,966
WBGene00003657,49,248,297
WBGene00003658,133,1070,1203
WBGene00003659,27,174,201
WBGene00003660,101,534,635
WBGene00003661,64,431,495
WBGene00003662,15,7,22
WBGene00003663,0,97,97
WBGene00003664,114,402,516
WBGene00003667,2,8,10
WBGene00003668,201,454,655
WBGene00003669,56,71,127
WBGene00003670,55,169,224
WBGene00003671,29,11,40
WBGene00003672,9,17,26
WBGene00003674,47,642,689
WBGene00003675,196,468,664
WBGene00003676,270,544,814
WBGene00003677,118,246,364
WBGene00003678,361,1994,2355
WBGene00003679,6,9,15
WBGene00003680,45,142,187
WBGene00003681,195,581,776
WBGene00003682,17,5,22
WBGene00003683,14,27,41
WBGene00003684,20,98,118
WBGene00003685,177,538,715
WBGene00003686,5,78,83
WBGene00003687,254,3859,4113
WBGene00003688,118,253,371
WBGene00003689,47,122,169
WBGene00003690,166,880,1046
WBGene00003691,334,918,1252
WBGene00003692,55,173,228
WBGene00003693,30,129,159
WBGene00003694,158,319,477
WBGene00003695,525,1950,2475
WBGene00003696,22,27,49
WBGene00003697,73,258,331
WBGene00003698,4,28,32
WBGene00003699,16,105,121
WBGene00003700,21,92,113
WBGene00003701,20,16,36
WBGene00003702,34,330,364
WBGene00003703,61,253,314
WBGene00003704,205,753,958
WBGene00003705,73,60,133
WBGene00003706,28,79,107
WBGene00003707,85,536,621
WBGene00003708,18,6,24
WBGene00003709,55,86,141
WBGene00003710,95,382,477
WBGene00003711,36,38,74
WBGene00003712,59,132,191
WBGene00003713,27,78,105
WBGene00003714,62,21,83
WBGene00003715,172,210,382
WBGene00003716,26,65,91
WBGene00003717,13,67,80
WBGene00003718,51,75,126
WBGene00003719,24,140,164
WBGene00003720,61,141,202
WBGene00003721,58,290,348
WBGene00003722,71,289,360
WBGene00003723,17,415,432
WBGene00003724,28,314,342
WBGene00003725,74,292,366
WBGene00003726,70,410,480
WBGene00003727,310,317,627
WBGene00003728,495,1270,1765
WBGene00003729,75,30,105
WBGene00003730,25,245,270
WBGene00003731,33,74,107
WBGene00003732,82,346,428
WBGene00003733,37,211,248
WBGene00003734,4,7,11
WBGene00003735,182,224,406
WBGene00003736,57,64,121
WBGene00003738,141,1697,1838
WBGene00003739,138,881,1019
WBGene00003740,5,257,262
WBGene00003741,12,2081,2093
WBGene00003742,3,49,52
WBGene00003743,196,455,651
WBGene00003744,160,1383,1543
WBGene00003745,152,1510,1662
WBGene00003746,21,1151,1172
WBGene00003747,40,964,1004
WBGene00003748,171,1826,1997
WBGene00003749,242,2472,2714
WBGene00003750,1102,5345,6447
WBGene00003751,49,2584,2633
WBGene00003752,42,1426,1468
WBGene00003753,1078,3945,5023
WBGene00003754,74,554,628
WBGene00003755,311,11719,12030
WBGene00003756,435,8641,9076
WBGene00003757,45,548,593
WBGene00003758,404,2829,3233
WBGene00003759,979,4602,5581
WBGene00003760,9,9,18
WBGene00003761,0,70,70
WBGene00003762,546,3134,3680
WBGene00003763,48,210,258
WBGene00003764,52,387,439
WBGene00003765,326,4683,5009
WBGene00003766,95,1303,1398
WBGene00003767,585,9453,10038
WBGene00003768,147,2030,2177
WBGene00003769,548,6631,7179
WBGene00003770,29,276,305
WBGene00003771,3552,13644,17196
WBGene00003772,166,272,438
WBGene00003773,315,1236,1551
WBGene00003774,68,53,121
WBGene00003775,91,116,207
WBGene00003776,399,2883,3282
WBGene00003777,180,2979,3159
WBGene00003778,64,68,132
WBGene00003779,25,207,232
WBGene00003783,9,72,81
WBGene00003784,5,61,66
WBGene00003785,79,769,848
WBGene00003786,1167,5547,6714
WBGene00003787,63,673,736
WBGene00003788,183,894,1077
WBGene00003789,166,1082,1248
WBGene00003790,76,724,800
WBGene00003791,11,657,668
WBGene00003792,97,1083,1180
WBGene00003793,37,1257,1294
WBGene00003794,653,1216,1869
WBGene00003795,35,1739,1774
WBGene00003796,72,1759,1831
WBGene00003797,115,1057,1172
WBGene00003798,80,1403,1483
WBGene00003799,650,1191,1841
WBGene00003800,28,1185,1213
WBGene00003801,22,720,742
WBGene00003802,24,2106,2130
WBGene00003803,77,1263,1340
WBGene00003804,53,735,788
WBGene00003805,47,698,745
WBGene00003806,221,1482,1703
WBGene00003807,63,110,173
WBGene00003808,215,516,731
WBGene00003812,57,1101,1158
WBGene00003813,100,253,353
WBGene00003815,283,3011,3294
WBGene00003816,35,540,575
WBGene00003818,205,1574,1779
WBGene00003821,399,3345,3744
WBGene00003822,85,1444,1529
WBGene00003825,191,3068,3259
WBGene00003826,592,1346,1938
WBGene00003827,205,1387,1592
WBGene00003828,118,529,647
WBGene00003829,9,1115,1124
WBGene00003830,165,688,853
WBGene00003831,1911,10493,12404
WBGene00003834,164,819,983
WBGene00003835,16,189,205
WBGene00003836,523,2174,2697
WBGene00003837,413,268,681
WBGene00003838,61,95,156
WBGene00003839,94,111,205
WBGene00003840,101,95,196
WBGene00003841,33,73,106
WBGene00003842,55,111,166
WBGene00003843,50,346,396
WBGene00003844,11,839,850
WBGene00003845,5,21,26
WBGene00003846,0,165,165
WBGene00003847,88,607,695
WBGene00003848,84,139,223
WBGene00003849,297,682,979
WBGene00003850,31,323,354
WBGene00003851,119,911,1030
WBGene00003854,21,34,55
WBGene00003856,51,148,199
WBGene00003858,505,3258,3763
WBGene00003859,204,998,1202
WBGene00003860,307,1512,1819
WBGene00003861,161,1370,1531
WBGene00003862,13,24,37
WBGene00003863,21,13,34
WBGene00003864,3,40,43
WBGene00003865,4,42,46
WBGene00003868,114,623,737
WBGene00003870,17,508,525
WBGene00003876,50,106,156
WBGene00003877,150,1005,1155
WBGene00003878,46,147,193
WBGene00003879,11,60,71
WBGene00003882,57,327,384
WBGene00003883,136,272,408
WBGene00003884,55,152,207
WBGene00003885,215,356,571
WBGene00003886,88,207,295
WBGene00003887,50,125,175
WBGene00003888,3,12,15
WBGene00003889,47,44,91
WBGene00003890,39,260,299
WBGene00003891,17,1344,1361
WBGene00003892,236,174,410
WBGene00003893,21752,103468,125220
WBGene00003898,154,426,580
WBGene00003901,131,3831,3962
WBGene00003902,1301,60739,62040
WBGene00003903,94,7758,7852
WBGene00003904,42,2524,2566
WBGene00003905,609,1020,1629
WBGene00003906,19,12,31
WBGene00003907,191,484,675
WBGene00003909,64,154,218
WBGene00003911,71,692,763
WBGene00003912,48,120,168
WBGene00003914,269,1425,1694
WBGene00003915,499,4779,5278
WBGene00003916,1086,2161,3247
WBGene00003917,133,394,527
WBGene00003918,182,607,789
WBGene00003919,169,269,438
WBGene00003920,425,27322,27747
WBGene00003921,92,427,519
WBGene00003922,37,1769,1806
WBGene00003923,46,3525,3571
WBGene00003924,21,4959,4980
WBGene00003925,360,3157,3517
WBGene00003926,287,4407,4694
WBGene00003927,71,3646,3717
WBGene00003928,40,1945,1985
WBGene00003929,226,3315,3541
WBGene00003930,151,2937,3088
WBGene00003931,173,2671,2844
WBGene00003932,326,2034,2360
WBGene00003933,97,630,727
WBGene00003934,30338,275179,305517
WBGene00003936,528,2297,2825
WBGene00003937,3,12,15
WBGene00003938,44,26,70
WBGene00003939,69,166,235
WBGene00003941,265,685,950
WBGene00003943,66,207,273
WBGene00003947,31,2849,2880
WBGene00003948,13,3997,4010
WBGene00003949,65,2898,2963
WBGene00003950,281,4041,4322
WBGene00003951,239,2662,2901
WBGene00003952,373,2455,2828
WBGene00003953,66,3690,3756
WBGene00003954,456,1839,2295
WBGene00003955,9,3050,3059
WBGene00003956,48,1487,1535
WBGene00003957,12,311,323
WBGene00003958,38,728,766
WBGene00003959,78,349,427
WBGene00003960,134,721,855
WBGene00003961,398,1546,1944
WBGene00003962,320,4739,5059
WBGene00003963,202,16062,16264
WBGene00003964,2370,12737,15107
WBGene00003965,88,387,475
WBGene00003966,631,1792,2423
WBGene00003967,155,662,817
WBGene00003968,19,160,179
WBGene00003969,271,577,848
WBGene00003970,101,924,1025
WBGene00003975,159,814,973
WBGene00003976,23,66,89
WBGene00003977,0,0,0
WBGene00003978,198,701,899
WBGene00003979,12,271,283
WBGene00003980,235,669,904
WBGene00003981,40,9,49
WBGene00003982,19,1847,1866
WBGene00003983,2,8,10
WBGene00003986,125,874,999
WBGene00003987,23,19,42
WBGene00003989,29,3562,3591
WBGene00003990,71,1299,1370
WBGene00003991,554,3174,3728
WBGene00003992,13,733,746
WBGene00003993,59,164,223
WBGene00003994,6,172,178
WBGene00003995,216,802,1018
WBGene00003996,198,609,807
WBGene00003997,30,139,169
WBGene00003998,77,109,186
WBGene00003999,37,58,95
WBGene00004000,30,57,87
WBGene00004001,21,12,33
WBGene00004002,25,46,71
WBGene00004003,133,226,359
WBGene00004004,140,227,367
WBGene00004005,63,51,114
WBGene00004006,29,59,88
WBGene00004007,25,31,56
WBGene00004008,0,181,181
WBGene00004010,98,387,485
WBGene00004011,23,110,133
WBGene00004013,623,1247,1870
WBGene00004014,70,13667,13737
WBGene00004015,98,11374,11472
WBGene00004016,348,379,727
WBGene00004017,19,171,190
WBGene00004020,166,661,827
WBGene00004023,206,811,1017
WBGene00004024,45,230,275
WBGene00004025,126,777,903
WBGene00004026,127,13,140
WBGene00004027,15,119,134
WBGene00004028,247,144,391
WBGene00004029,157,212,369
WBGene00004030,59,150,209
WBGene00004031,52,580,632
WBGene00004032,401,1878,2279
WBGene00004033,675,1192,1867
WBGene00004034,187,640,827
WBGene00004035,226,681,907
WBGene00004036,424,738,1162
WBGene00004037,66,187,253
WBGene00004038,66,356,422
WBGene00004039,173,1635,1808
WBGene00004040,207,1492,1699
WBGene00004042,12,880,892
WBGene00004043,23,132,155
WBGene00004044,26,140,166
WBGene00004045,421,549,970
WBGene00004046,216,8760,8976
WBGene00004047,585,689,1274
WBGene00004048,48,212,260
WBGene00004049,407,492,899
WBGene00004050,10,483,493
WBGene00004051,122,669,791
WBGene00004052,22,19,41
WBGene00004053,187,2242,2429
WBGene00004055,130,484,614
WBGene00004056,120,480,600
WBGene00004057,81,439,520
WBGene00004058,58,249,307
WBGene00004059,75,332,407
WBGene00004060,270,704,974
WBGene00004061,16,147,163
WBGene00004062,38,304,342
WBGene00004063,136,701,837
WBGene00004064,820,686,1506
WBGene00004068,77,544,621
WBGene00004075,104,806,910
WBGene00004076,413,2059,2472
WBGene00004077,279,571,850
WBGene00004078,0,29,29
WBGene00004083,42,1098,1140
WBGene00004084,4,33,37
WBGene00004085,109,1158,1267
WBGene00004086,95,262,357
WBGene00004087,320,1126,1446
WBGene00004088,302,1618,1920
WBGene00004089,36,280,316
WBGene00004090,178,620,798
WBGene00004091,115,1191,1306
WBGene00004092,45,326,371
WBGene00004093,17,369,386
WBGene00004094,22,474,496
WBGene00004095,238,2768,3006
WBGene00004096,62,784,846
WBGene00004097,15,5,20
WBGene00004098,11,2,13
WBGene00004099,0,24,24
WBGene00004100,97,448,545
WBGene00004101,160,840,1000
WBGene00004102,34,5,39
WBGene00004103,42,3,45
WBGene00004104,53,55,108
WBGene00004105,124,905,1029
WBGene00004106,268,204,472
WBGene00004107,0,12,12
WBGene00004108,350,1091,1441
WBGene00004109,198,841,1039
WBGene00004110,177,608,785
WBGene00004111,157,698,855
WBGene00004112,502,4389,4891
WBGene00004113,517,6337,6854
WBGene00004114,16,266,282
WBGene00004115,70,31,101
WBGene00004116,356,1242,1598
WBGene00004117,0,767,767
WBGene00004118,44,129,173
WBGene00004119,450,1371,1821
WBGene00004120,3,23,26
WBGene00004121,221,652,873
WBGene00004122,203,859,1062
WBGene00004123,107,402,509
WBGene00004124,33,151,184
WBGene00004125,130,455,585
WBGene00004126,141,699,840
WBGene00004127,122,41,163
WBGene00004128,1676,3788,5464
WBGene00004129,57,341,398
WBGene00004130,688,8558,9246
WBGene00004131,6763,21725,28488
WBGene00004132,217,1642,1859
WBGene00004133,59,56,115
WBGene00004134,588,2970,3558
WBGene00004135,1155,7300,8455
WBGene00004136,227,2425,2652
WBGene00004138,386,2129,2515
WBGene00004139,0,7,7
WBGene00004140,62,1010,1072
WBGene00004141,9,0,9
WBGene00004143,255,8535,8790
WBGene00004144,30,1034,1064
WBGene00004145,264,1942,2206
WBGene00004146,0,13,13
WBGene00004147,388,1205,1593
WBGene00004148,254,1021,1275
WBGene00004149,60,15,75
WBGene00004150,44,48,92
WBGene00004151,186,648,834
WBGene00004152,232,2649,2881
WBGene00004153,2,21,23
WBGene00004154,196,33,229
WBGene00004155,44,54,98
WBGene00004156,109,1344,1453
WBGene00004157,81,1908,1989
WBGene00004158,0,0,0
WBGene00004159,0,0,0
WBGene00004160,0,0,0
WBGene00004161,867,938,1805
WBGene00004163,105,39,144
WBGene00004164,295,1191,1486
WBGene00004165,39,18,57
WBGene00004166,268,1326,1594
WBGene00004167,863,4111,4974
WBGene00004168,30,521,551
WBGene00004169,130,908,1038
WBGene00004170,0,0,0
WBGene00004171,5,7,12
WBGene00004172,49,224,273
WBGene00004173,326,2561,2887
WBGene00004174,2,127,129
WBGene00004175,22,422,444
WBGene00004176,3,47,50
WBGene00004177,2,17,19
WBGene00004178,49,1143,1192
WBGene00004179,16,511,527
WBGene00004180,70,383,453
WBGene00004181,132,565,697
WBGene00004182,481,1701,2182
WBGene00004183,70,136,206
WBGene00004184,99,2219,2318
WBGene00004185,83,2782,2865
WBGene00004186,215,1600,1815
WBGene00004187,258,5598,5856
WBGene00004188,133,1098,1231
WBGene00004189,1004,4166,5170
WBGene00004190,85,530,615
WBGene00004191,251,74,325
WBGene00004192,2657,719,3376
WBGene00004193,33,101,134
WBGene00004194,34,122,156
WBGene00004195,30,75,105
WBGene00004196,0,290,290
WBGene00004197,11,73,84
WBGene00004198,42,184,226
WBGene00004199,5,228,233
WBGene00004201,46,2899,2945
WBGene00004202,179,575,754
WBGene00004203,194,1544,1738
WBGene00004204,458,4839,5297
WBGene00004205,35,367,402
WBGene00004206,180,354,534
WBGene00004207,330,1056,1386
WBGene00004208,282,3862,4144
WBGene00004209,6,5,11
WBGene00004210,102,441,543
WBGene00004211,39,36,75
WBGene00004212,351,1170,1521
WBGene00004213,498,1074,1572
WBGene00004214,86,1041,1127
WBGene00004215,1058,1400,2458
WBGene00004216,33,59,92
WBGene00004217,36,106,142
WBGene00004218,37,84,121
WBGene00004219,73,190,263
WBGene00004220,147,500,647
WBGene00004221,46,108,154
WBGene00004222,63,799,862
WBGene00004223,42,27,69
WBGene00004224,111,195,306
WBGene00004225,77,81,158
WBGene00004226,95,849,944
WBGene00004227,70,162,232
WBGene00004228,86,298,384
WBGene00004229,22,58,80
WBGene00004230,118,31,149
WBGene00004231,106,68,174
WBGene00004232,191,90,281
WBGene00004233,63,36,99
WBGene00004234,52,22,74
WBGene00004235,58,215,273
WBGene00004236,197,63,260
WBGene00004237,41,259,300
WBGene00004238,257,860,1117
WBGene00004239,3,42,45
WBGene00004241,0,23,23
WBGene00004242,20,35,55
WBGene00004243,14,95,109
WBGene00004244,45,266,311
WBGene00004245,191,1494,1685
WBGene00004248,23,998,1021
WBGene00004249,257,1845,2102
WBGene00004254,245,711,956
WBGene00004255,59,91,150
WBGene00004256,252,286,538
WBGene00004257,115,163,278
WBGene00004258,481,9902,10383
WBGene00004259,14,598,612
WBGene00004264,27,250,277
WBGene00004265,232,307,539
WBGene00004266,142,7074,7216
WBGene00004267,190,2378,2568
WBGene00004268,182,3015,3197
WBGene00004269,75,712,787
WBGene00004270,58,1376,1434
WBGene00004271,159,1800,1959
WBGene00004272,88,2044,2132
WBGene00004273,75,2583,2658
WBGene00004274,142,8494,8636
WBGene00004275,301,29,330
WBGene00004276,60,1250,1310
WBGene00004277,116,1360,1476
WBGene00004278,227,2027,2254
WBGene00004279,24,180,204
WBGene00004281,62,251,313
WBGene00004282,75,354,429
WBGene00004283,56,261,317
WBGene00004284,112,815,927
WBGene00004285,215,301,516
WBGene00004286,37,786,823
WBGene00004287,10,17,27
WBGene00004296,158,1183,1341
WBGene00004297,62,317,379
WBGene00004298,131,92,223
WBGene00004300,7,4177,4184
WBGene00004301,105,22,127
WBGene00004302,1110,19418,20528
WBGene00004303,70,948,1018
WBGene00004304,154,1751,1905
WBGene00004305,64,3353,3417
WBGene00004306,183,1081,1264
WBGene00004307,100,1596,1696
WBGene00004308,55,792,847
WBGene00004309,21,8,29
WBGene00004310,332,2100,2432
WBGene00004311,270,734,1004
WBGene00004312,183,594,777
WBGene00004313,145,1356,1501
WBGene00004314,500,669,1169
WBGene00004315,121,2061,2182
WBGene00004316,791,841,1632
WBGene00004317,130,718,848
WBGene00004318,385,1026,1411
WBGene00004319,141,2106,2247
WBGene00004320,239,2521,2760
WBGene00004321,26,1782,1808
WBGene00004322,182,741,923
WBGene00004323,215,1019,1234
WBGene00004324,83,341,424
WBGene00004326,62,1858,1920
WBGene00004328,29,53,82
WBGene00004332,25,202,227
WBGene00004333,60,217,277
WBGene00004334,2,43,45
WBGene00004335,106,255,361
WBGene00004336,704,7654,8358
WBGene00004337,308,1354,1662
WBGene00004338,135,436,571
WBGene00004339,56,296,352
WBGene00004340,167,934,1101
WBGene00004341,71,372,443
WBGene00004342,5,19,24
WBGene00004343,177,865,1042
WBGene00004344,58,588,646
WBGene00004345,735,684,1419
WBGene00004346,130,247,377
WBGene00004347,445,115,560
WBGene00004348,45,478,523
WBGene00004349,222,698,920
WBGene00004350,279,662,941
WBGene00004351,0,0,0
WBGene00004352,8,4,12
WBGene00004353,25,25,50
WBGene00004354,6,20,26
WBGene00004355,57,808,865
WBGene00004356,52,1068,1120
WBGene00004357,807,6803,7610
WBGene00004358,192,1230,1422
WBGene00004359,46,50,96
WBGene00004360,87,346,433
WBGene00004361,29,209,238
WBGene00004363,103,1679,1782
WBGene00004364,544,4865,5409
WBGene00004367,253,858,1111
WBGene00004368,146,514,660
WBGene00004369,158,442,600
WBGene00004370,106,1044,1150
WBGene00004371,161,1067,1228
WBGene00004372,187,147,334
WBGene00004373,310,2090,2400
WBGene00004374,23,49,72
WBGene00004375,154,451,605
WBGene00004377,77,310,387
WBGene00004378,192,1198,1390
WBGene00004380,36,262,298
WBGene00004381,112,669,781
WBGene00004382,386,1459,1845
WBGene00004383,33,382,415
WBGene00004384,630,978,1608
WBGene00004385,129,1150,1279
WBGene00004386,131,1102,1233
WBGene00004387,223,5446,5669
WBGene00004388,188,1579,1767
WBGene00004389,267,1677,1944
WBGene00004390,425,3946,4371
WBGene00004391,71,2019,2090
WBGene00004392,98,2836,2934
WBGene00004393,393,340,733
WBGene00004394,30,6,36
WBGene00004395,64,238,302
WBGene00004397,21,130,151
WBGene00004398,24,280,304
WBGene00004400,10,174,184
WBGene00004401,171,194,365
WBGene00004402,111,44,155
WBGene00004403,480,599,1079
WBGene00004404,126,373,499
WBGene00004405,26,1188,1214
WBGene00004408,345,214610,214955
WBGene00004409,13960,87594,101554
WBGene00004410,32118,98285,130403
WBGene00004411,118,1128,1246
WBGene00004412,29128,126648,155776
WBGene00004413,880,132516,133396
WBGene00004414,9942,148007,157949
WBGene00004415,264,67950,68214
WBGene00004416,15984,133666,149650
WBGene00004417,18293,134920,153213
WBGene00004418,24534,141275,165809
WBGene00004419,23673,128730,152403
WBGene00004420,23220,114923,138143
WBGene00004421,13654,186065,199719
WBGene00004422,662,9649,10311
WBGene00004423,29852,156551,186403
WBGene00004424,51053,342305,393358
WBGene00004425,19531,188032,207563
WBGene00004426,21897,123442,145339
WBGene00004427,2263,123989,126252
WBGene00004428,20022,144473,164495
WBGene00004429,54673,150485,205158
WBGene00004430,31484,146700,178184
WBGene00004431,17737,139945,157682
WBGene00004432,1513,141454,142967
WBGene00004433,12796,151892,164688
WBGene00004434,17760,120546,138306
WBGene00004435,14363,123060,137423
WBGene00004436,29617,164837,194454
WBGene00004437,862,8227,9089
WBGene00004438,5339,28071,33410
WBGene00004439,12895,58571,71466
WBGene00004440,17036,121570,138606
WBGene00004441,25132,72845,97977
WBGene00004442,15183,84159,99342
WBGene00004443,93834,67693,161527
WBGene00004444,17025,91039,108064
WBGene00004445,1943,107778,109721
WBGene00004446,45958,196239,242197
WBGene00004447,31354,123670,155024
WBGene00004448,10516,117640,128156
WBGene00004449,26983,171103,198086
WBGene00004450,13929,168508,182437
WBGene00004451,64861,1397,66258
WBGene00004452,15342,193255,208597
WBGene00004453,7767,159893,167660
WBGene00004454,24760,124533,149293
WBGene00004455,13,22,35
WBGene00004456,0,143491,143491
WBGene00004457,30,508,538
WBGene00004458,112,1899,2011
WBGene00004459,35,2160,2195
WBGene00004460,58,3827,3885
WBGene00004461,72,2265,2337
WBGene00004462,143,1716,1859
WBGene00004463,153,2684,2837
WBGene00004464,429,2621,3050
WBGene00004465,220,2197,2417
WBGene00004466,77,1879,1956
WBGene00004467,36,2255,2291
WBGene00004468,182,1280,1462
WBGene00004469,2364,100554,102918
WBGene00004470,10490,153285,163775
WBGene00004471,144,109887,110031
WBGene00004472,21619,142158,163777
WBGene00004473,17539,122456,139995
WBGene00004474,31923,178178,210101
WBGene00004475,6242,75773,82015
WBGene00004476,37689,171879,209568
WBGene00004477,26409,162751,189160
WBGene00004478,30981,231230,262211
WBGene00004479,20429,139020,159449
WBGene00004480,50753,207921,258674
WBGene00004481,6333,135645,141978
WBGene00004482,17968,116259,134227
WBGene00004483,37478,212759,250237
WBGene00004484,24239,143777,168016
WBGene00004485,3688,59669,63357
WBGene00004486,16134,122179,138313
WBGene00004487,35663,176490,212153
WBGene00004488,30871,162009,192880
WBGene00004489,18144,120134,138278
WBGene00004490,53220,97223,150443
WBGene00004491,1853,107043,108896
WBGene00004492,31754,182114,213868
WBGene00004493,18403,130436,148839
WBGene00004494,49895,265397,315292
WBGene00004495,15195,178192,193387
WBGene00004496,23110,167018,190128
WBGene00004497,8664,138952,147616
WBGene00004498,93245,99847,193092
WBGene00004499,37350,140657,178007
WBGene00004501,60,1294,1354
WBGene00004502,97,2427,2524
WBGene00004503,5,1732,1737
WBGene00004504,720,2929,3649
WBGene00004505,32,1802,1834
WBGene00004506,67,3127,3194
WBGene00004507,48,796,844
WBGene00004508,102,652,754
WBGene00004509,63,144,207
WBGene00004510,33,426,459
WBGene00004679,404,2425,2829
WBGene00004680,123,280,403
WBGene00004681,528,786,1314
WBGene00004682,112,746,858
WBGene00004684,124,855,979
WBGene00004698,14,3492,3506
WBGene00004699,133,2696,2829
WBGene00004700,29,7669,7698
WBGene00004701,38,2235,2273
WBGene00004702,316,2801,3117
WBGene00004703,419,8226,8645
WBGene00004704,141,3175,3316
WBGene00004705,260,3066,3326
WBGene00004706,159,1285,1444
WBGene00004719,287,535,822
WBGene00004721,61,317,378
WBGene00004723,75,1025,1100
WBGene00004726,0,29,29
WBGene00004727,144,618,762
WBGene00004728,351,1269,1620
WBGene00004729,237,822,1059
WBGene00004732,610,2375,2985
WBGene00004735,188,294,482
WBGene00004736,977,31499,32476
WBGene00004737,6,519,525
WBGene00004738,50,1324,1374
WBGene00004739,428,3309,3737
WBGene00004740,135,405,540
WBGene00004742,18,47,65
WBGene00004743,394,980,1374
WBGene00004744,314,2747,3061
WBGene00004745,88,307,395
WBGene00004746,41,896,937
WBGene00004747,73,754,827
WBGene00004748,31,128,159
WBGene00004749,125,1925,2050
WBGene00004750,8,3,11
WBGene00004751,657,2138,2795
WBGene00004752,70,609,679
WBGene00004753,123,434,557
WBGene00004754,536,1573,2109
WBGene00004755,50,1763,1813
WBGene00004756,48,739,787
WBGene00004758,131,999,1130
WBGene00004759,58,1114,1172
WBGene00004760,444,1880,2324
WBGene00004762,237,844,1081
WBGene00004764,105,109,214
WBGene00004765,333,299,632
WBGene00004766,192,3017,3209
WBGene00004767,89,729,818
WBGene00004768,30,738,768
WBGene00004769,16,307,323
WBGene00004771,143,317,460
WBGene00004773,578,1741,2319
WBGene00004774,55,962,1017
WBGene00004775,42,262,304
WBGene00004776,143,109,252
WBGene00004777,354,324,678
WBGene00004778,40,323,363
WBGene00004779,292,593,885
WBGene00004780,150,225,375
WBGene00004781,21,747,768
WBGene00004782,109,1023,1132
WBGene00004783,693,2182,2875
WBGene00004786,62,126,188
WBGene00004787,108,305,413
WBGene00004788,95,2327,2422
WBGene00004789,128,230,358
WBGene00004790,339,1624,1963
WBGene00004793,72,105,177
WBGene00004795,81,204,285
WBGene00004796,60,117,177
WBGene00004798,357,3236,3593
WBGene00004800,127,1248,1375
WBGene00004801,159,1003,1162
WBGene00004802,12,40,52
WBGene00004803,65,171,236
WBGene00004804,382,2323,2705
WBGene00004806,238,1148,1386
WBGene00004807,73,10768,10841
WBGene00004808,30,1152,1182
WBGene00004809,116,1537,1653
WBGene00004810,5,53,58
WBGene00004811,4,11,15
WBGene00004812,0,3,3
WBGene00004813,0,3,3
WBGene00004814,0,10,10
WBGene00004815,0,7,7
WBGene00004816,0,162,162
WBGene00004818,10,12,22
WBGene00004819,0,8,8
WBGene00004820,0,2,2
WBGene00004821,0,22,22
WBGene00004822,0,550,550
WBGene00004823,7,214,221
WBGene00004824,187,564,751
WBGene00004825,0,677,677
WBGene00004826,0,528,528
WBGene00004827,0,227,227
WBGene00004829,171,597,768
WBGene00004830,249,891,1140
WBGene00004831,456,756,1212
WBGene00004854,201,764,965
WBGene00004855,261,3326,3587
WBGene00004856,283,348,631
WBGene00004857,95,379,474
WBGene00004858,94,244,338
WBGene00004859,126,459,585
WBGene00004860,65,357,422
WBGene00004862,494,2093,2587
WBGene00004873,541,2004,2545
WBGene00004874,113,1716,1829
WBGene00004875,109,466,575
WBGene00004876,49,153,202
WBGene00004877,32,19,51
WBGene00004878,73,40,113
WBGene00004879,252,1113,1365
WBGene00004880,187,1538,1725
WBGene00004881,357,814,1171
WBGene00004882,69,1285,1354
WBGene00004883,11,253,264
WBGene00004884,313,1447,1760
WBGene00004885,26,381,407
WBGene00004886,54,307,361
WBGene00004887,135,1515,1650
WBGene00004888,1597,13553,15150
WBGene00004889,171,816,987
WBGene00004890,71,239,310
WBGene00004891,113,1677,1790
WBGene00004892,477,1589,2066
WBGene00004893,71,509,580
WBGene00004894,636,678,1314
WBGene00004895,3297,935,4232
WBGene00004896,734,1812,2546
WBGene00004897,41,6842,6883
WBGene00004898,38,198,236
WBGene00004899,32,0,32
WBGene00004900,29,564,593
WBGene00004901,19,18,37
WBGene00004902,78,1030,1108
WBGene00004904,27,14,41
WBGene00004905,156,214,370
WBGene00004906,50,48,98
WBGene00004908,12,6,18
WBGene00004909,14,18,32
WBGene00004910,61,1322,1383
WBGene00004911,28,83,111
WBGene00004912,53,647,700
WBGene00004913,220,661,881
WBGene00004914,232,5781,6013
WBGene00004915,33,6779,6812
WBGene00004916,251,4728,4979
WBGene00004917,218,6031,6249
WBGene00004918,1118,6075,7193
WBGene00004919,371,5451,5822
WBGene00004920,937,8880,9817
WBGene00004921,334,2380,2714
WBGene00004922,227,433,660
WBGene00004923,340,1001,1341
WBGene00004924,203,3074,3277
WBGene00004925,528,355,883
WBGene00004926,63,567,630
WBGene00004927,200,796,996
WBGene00004928,71,105,176
WBGene00004929,710,1220,1930
WBGene00004930,610,6970,7580
WBGene00004931,891,3042,3933
WBGene00004932,26,10,36
WBGene00004933,163,410,573
WBGene00004944,150,391,541
WBGene00004945,63,897,960
WBGene00004946,323,1173,1496
WBGene00004947,1003,971,1974
WBGene00004949,187,528,715
WBGene00004950,86,214,300
WBGene00004951,188,6702,6890
WBGene00004952,18,502,520
WBGene00004953,57,837,894
WBGene00004954,48,186,234
WBGene00004955,348,1602,1950
WBGene00004958,14,46,60
WBGene00004959,10,119,129
WBGene00004960,43,50,93
WBGene00004962,18,4,22
WBGene00004963,103,24,127
WBGene00004964,8,32,40
WBGene00004965,24,10,34
WBGene00004966,22,4,26
WBGene00004969,389,225,614
WBGene00004971,20,9,29
WBGene00004972,14,33,47
WBGene00004973,13,4,17
WBGene00004974,25,24,49
WBGene00004975,20,358,378
WBGene00004976,33,14,47
WBGene00004978,627,3626,4253
WBGene00004979,179,887,1066
WBGene00004980,297,4643,4940
WBGene00004981,67,825,892
WBGene00004984,4,103,107
WBGene00004985,33,229,262
WBGene00004986,226,1624,1850
WBGene00004987,420,2654,3074
WBGene00004988,401,2806,3207
WBGene00004989,25,193,218
WBGene00004990,1200,6897,8097
WBGene00004991,9,13,22
WBGene00004992,29,9,38
WBGene00004993,186,857,1043
WBGene00004994,0,12,12
WBGene00004995,1452,7070,8522
WBGene00004996,22,16,38
WBGene00004997,1,8,9
WBGene00004998,12,12,24
WBGene00004999,867,7953,8820
WBGene00005000,1233,10483,11716
WBGene00005001,118,595,713
WBGene00005002,647,5460,6107
WBGene00005003,220,1499,1719
WBGene00005004,47,200,247
WBGene00005005,15,2,17
WBGene00005006,64,414,478
WBGene00005007,80,1945,2025
WBGene00005008,10,103,113
WBGene00005009,56,1276,1332
WBGene00005010,282,665,947
WBGene00005011,57,283,340
WBGene00005012,7,7,14
WBGene00005013,7,30,37
WBGene00005014,24,666,690
WBGene00005015,126,1855,1981
WBGene00005016,2,121,123
WBGene00005017,11,60,71
WBGene00005018,7,108,115
WBGene00005019,66,638,704
WBGene00005020,103,152,255
WBGene00005021,55,231,286
WBGene00005022,28,968,996
WBGene00005023,80,662,742
WBGene00005024,348,195,543
WBGene00005025,55,307,362
WBGene00005026,12,585,597
WBGene00005027,5,7,12
WBGene00005028,2,7,9
WBGene00005029,12,21,33
WBGene00005030,8,14,22
WBGene00005032,9,17,26
WBGene00005033,9,17,26
WBGene00005034,12,7,19
WBGene00005035,27,20,47
WBGene00005036,38,94,132
WBGene00005037,22,21,43
WBGene00005038,18,17,35
WBGene00005039,21,15,36
WBGene00005040,28,31,59
WBGene00005043,6,19,25
WBGene00005044,9,16,25
WBGene00005046,6,8,14
WBGene00005047,9,24,33
WBGene00005048,4,5,9
WBGene00005049,4,4,8
WBGene00005050,14,4,18
WBGene00005051,29,15,44
WBGene00005052,11,16,27
WBGene00005053,10,8,18
WBGene00005054,19,18,37
WBGene00005055,20,12,32
WBGene00005056,210,14,224
WBGene00005057,29,10,39
WBGene00005058,12,21,33
WBGene00005059,42,29,71
WBGene00005060,6,11,17
WBGene00005061,43,3,46
WBGene00005062,15,12,27
WBGene00005063,36,106,142
WBGene00005064,34,15,49
WBGene00005065,45,18,63
WBGene00005066,5,5,10
WBGene00005067,12,26,38
WBGene00005068,11,17,28
WBGene00005070,13,16,29
WBGene00005071,20,4,24
WBGene00005072,19,171,190
WBGene00005073,32,28,60
WBGene00005076,22,7,29
WBGene00005077,250,543,793
WBGene00005078,149,238,387
WBGene00005079,21,42,63
WBGene00005080,12,6,18
WBGene00005081,75,12,87
WBGene00005082,5,7,12
WBGene00005083,25,27,52
WBGene00005085,9,18,27
WBGene00005086,28,20,48
WBGene00005087,0,7,7
WBGene00005088,10,24,34
WBGene00005089,18,15,33
WBGene00005090,23,16,39
WBGene00005091,38,43,81
WBGene00005093,23,23,46
WBGene00005094,13,12,25
WBGene00005095,10,21,31
WBGene00005096,4,14,18
WBGene00005097,2,14,16
WBGene00005098,1,7,8
WBGene00005099,4,2,6
WBGene00005101,31,74,105
WBGene00005103,6,25,31
WBGene00005104,4,13,17
WBGene00005105,1,8,9
WBGene00005106,2,6,8
WBGene00005107,7,34,41
WBGene00005108,3,16,19
WBGene00005109,3,23,26
WBGene00005110,138,136,274
WBGene00005111,28,115,143
WBGene00005112,9,19,28
WBGene00005113,27,62,89
WBGene00005114,11,7,18
WBGene00005116,17,14,31
WBGene00005117,20,9,29
WBGene00005118,24,8,32
WBGene00005119,21,15,36
WBGene00005120,18,15,33
WBGene00005121,14,2,16
WBGene00005122,29,16,45
WBGene00005123,16,5,21
WBGene00005124,9,15,24
WBGene00005125,27,16,43
WBGene00005126,13,19,32
WBGene00005127,48,105,153
WBGene00005128,217,15,232
WBGene00005129,57,60,117
WBGene00005131,36,169,205
WBGene00005132,14,32,46
WBGene00005133,41,36,77
WBGene00005134,0,5,5
WBGene00005135,3,2,5
WBGene00005136,7,3,10
WBGene00005137,4,0,4
WBGene00005138,0,0,0
WBGene00005140,4,12,16
WBGene00005141,24,5,29
WBGene00005142,15,6,21
WBGene00005143,97,9,106
WBGene00005144,27,21,48
WBGene00005145,42,8,50
WBGene00005146,45,18,63
WBGene00005147,24,77,101
WBGene00005148,0,0,0
WBGene00005149,13,38,51
WBGene00005150,43,52,95
WBGene00005153,113,152,265
WBGene00005159,3,4,7
WBGene00005160,6,15,21
WBGene00005161,12,8,20
WBGene00005162,24,16,40
WBGene00005163,5,21,26
WBGene00005164,15,13,28
WBGene00005165,19,16,35
WBGene00005166,4,11,15
WBGene00005167,8,21,29
WBGene00005168,10,12,22
WBGene00005169,14,20,34
WBGene00005170,39,28,67
WBGene00005171,17,33,50
WBGene00005172,9,40,49
WBGene00005173,5,7,12
WBGene00005174,25,43,68
WBGene00005177,44,28,72
WBGene00005178,21,2,23
WBGene00005179,5,6,11
WBGene00005180,19,11,30
WBGene00005181,15,3,18
WBGene00005182,40,30,70
WBGene00005183,17,19,36
WBGene00005184,15,16,31
WBGene00005185,21,15,36
WBGene00005186,18,21,39
WBGene00005187,28,21,49
WBGene00005188,17,21,38
WBGene00005189,22,11,33
WBGene00005190,5,3,8
WBGene00005191,57,14,71
WBGene00005193,8,5,13
WBGene00005194,21,40,61
WBGene00005195,89,12,101
WBGene00005196,1,20,21
WBGene00005197,7,32,39
WBGene00005198,11,7,18
WBGene00005199,23,9,32
WBGene00005201,27,3,30
WBGene00005202,19,16,35
WBGene00005203,18,14,32
WBGene00005204,11,18,29
WBGene00005205,19,24,43
WBGene00005207,4,14,18
WBGene00005208,62,55,117
WBGene00005210,3,16,19
WBGene00005211,14,3,17
WBGene00005212,14,4,18
WBGene00005213,17,19,36
WBGene00005214,48,13,61
WBGene00005215,14,8,22
WBGene00005216,19,7,26
WBGene00005217,4,8,12
WBGene00005218,0,13,13
WBGene00005219,49,25,74
WBGene00005221,66,24,90
WBGene00005222,29,17,46
WBGene00005223,82,4,86
WBGene00005224,12,9,21
WBGene00005225,2,1,3
WBGene00005226,43,61,104
WBGene00005227,6,8,14
WBGene00005228,294,74,368
WBGene00005229,26,9,35
WBGene00005230,4,2,6
WBGene00005231,16,15,31
WBGene00005233,16,17,33
WBGene00005234,15,10,25
WBGene00005236,25,42,67
WBGene00005237,21,9,30
WBGene00005240,10,14,24
WBGene00005241,10,19,29
WBGene00005242,14,16,30
WBGene00005243,13,49,62
WBGene00005244,44,13,57
WBGene00005245,3,9,12
WBGene00005246,6,22,28
WBGene00005247,3,3,6
WBGene00005248,4,10,14
WBGene00005249,8,8,16
WBGene00005250,7,12,19
WBGene00005251,33,52,85
WBGene00005253,17,53,70
WBGene00005254,22,32,54
WBGene00005255,15,7,22
WBGene00005256,11,7,18
WBGene00005257,6,7,13
WBGene00005258,11,12,23
WBGene00005259,7,3,10
WBGene00005260,7,9,16
WBGene00005261,25,13,38
WBGene00005262,11,24,35
WBGene00005263,11,14,25
WBGene00005264,5,8,13
WBGene00005265,4,2,6
WBGene00005267,40,12,52
WBGene00005268,4,3,7
WBGene00005269,10,15,25
WBGene00005270,12,16,28
WBGene00005271,66,19,85
WBGene00005272,10,13,23
WBGene00005273,6,10,16
WBGene00005274,15,7,22
WBGene00005275,11,32,43
WBGene00005278,13,4,17
WBGene00005279,11,16,27
WBGene00005280,0,0,0
WBGene00005281,9,10,19
WBGene00005282,10,14,24
WBGene00005283,15,15,30
WBGene00005284,6,18,24
WBGene00005285,6,0,6
WBGene00005288,0,11,11
WBGene00005289,3,17,20
WBGene00005290,2,28,30
WBGene00005291,0,5,5
WBGene00005292,4,35,39
WBGene00005293,5,10,15
WBGene00005294,0,0,0
WBGene00005295,11,9,20
WBGene00005296,12,19,31
WBGene00005297,4,16,20
WBGene00005299,16,17,33
WBGene00005300,2,10,12
WBGene00005301,22,7,29
WBGene00005303,12,14,26
WBGene00005304,9,5,14
WBGene00005306,20,13,33
WBGene00005308,10,8,18
WBGene00005309,13,16,29
WBGene00005310,7,11,18
WBGene00005313,14,15,29
WBGene00005315,5,13,18
WBGene00005316,31,16,47
WBGene00005317,1,14,15
WBGene00005318,7,6,13
WBGene00005319,8,14,22
WBGene00005321,26,3,29
WBGene00005323,12,19,31
WBGene00005324,57,13,70
WBGene00005328,8,19,27
WBGene00005330,2,14,16
WBGene00005331,2,11,13
WBGene00005332,5,37,42
WBGene00005334,10,16,26
WBGene00005335,31,15,46
WBGene00005337,18,13,31
WBGene00005338,4,35,39
WBGene00005339,27,64,91
WBGene00005340,1,8,9
WBGene00005341,17,12,29
WBGene00005342,4,15,19
WBGene00005344,31,7,38
WBGene00005345,34,14,48
WBGene00005346,6,35,41
WBGene00005347,21,33,54
WBGene00005348,0,4,4
WBGene00005349,5,22,27
WBGene00005350,14,19,33
WBGene00005351,91,37,128
WBGene00005352,6,7,13
WBGene00005353,5,10,15
WBGene00005354,0,4,4
WBGene00005355,8,5,13
WBGene00005356,9,9,18
WBGene00005357,10,14,24
WBGene00005358,8,3,11
WBGene00005359,14,21,35
WBGene00005361,8,6,14
WBGene00005362,5,17,22
WBGene00005363,35,13,48
WBGene00005364,21,17,38
WBGene00005365,6,16,22
WBGene00005370,16,21,37
WBGene00005375,11,29,40
WBGene00005382,9,12,21
WBGene00005383,9,26,35
WBGene00005385,5,5,10
WBGene00005386,45,10,55
WBGene00005387,128,34,162
WBGene00005388,13,13,26
WBGene00005389,5,9,14
WBGene00005390,5,2,7
WBGene00005392,8,8,16
WBGene00005393,4,41,45
WBGene00005394,5,19,24
WBGene00005395,9,12,21
WBGene00005396,58,11,69
WBGene00005397,17,37,54
WBGene00005398,145,19,164
WBGene00005399,16,25,41
WBGene00005400,13,17,30
WBGene00005401,3,11,14
WBGene00005402,4,6,10
WBGene00005404,6,12,18
WBGene00005405,26,18,44
WBGene00005406,10,13,23
WBGene00005407,26,12,38
WBGene00005408,20,17,37
WBGene00005410,10,22,32
WBGene00005411,1,19,20
WBGene00005412,14,19,33
WBGene00005414,13,11,24
WBGene00005415,4,15,19
WBGene00005416,3,13,16
WBGene00005417,4,28,32
WBGene00005418,5,8,13
WBGene00005419,0,5,5
WBGene00005421,18,15,33
WBGene00005422,11,13,24
WBGene00005423,16,15,31
WBGene00005424,5,8,13
WBGene00005425,7,11,18
WBGene00005426,10,8,18
WBGene00005427,10,36,46
WBGene00005428,14,23,37
WBGene00005429,15,14,29
WBGene00005430,7,14,21
WBGene00005432,2,4,6
WBGene00005433,3,8,11
WBGene00005435,0,0,0
WBGene00005436,0,0,0
WBGene00005437,23,47,70
WBGene00005439,12,19,31
WBGene00005440,19,4,23
WBGene00005441,7,12,19
WBGene00005442,4,5,9
WBGene00005443,5,7,12
WBGene00005444,10,35,45
WBGene00005446,5,1,6
WBGene00005447,12,16,28
WBGene00005448,10,6,16
WBGene00005449,3,9,12
WBGene00005450,6,15,21
WBGene00005451,0,10,10
WBGene00005452,3,1,4
WBGene00005453,2,3,5
WBGene00005454,0,10,10
WBGene00005456,1,11,12
WBGene00005457,9,1,10
WBGene00005458,5,24,29
WBGene00005461,11,14,25
WBGene00005463,140,6,146
WBGene00005464,13,24,37
WBGene00005470,14,17,31
WBGene00005471,31,24,55
WBGene00005472,8,20,28
WBGene00005474,13,16,29
WBGene00005475,11,15,26
WBGene00005476,4,7,11
WBGene00005477,15,24,39
WBGene00005478,24,6,30
WBGene00005479,6,17,23
WBGene00005480,5,33,38
WBGene00005481,5,21,26
WBGene00005482,11,20,31
WBGene00005484,0,31,31
WBGene00005486,8,16,24
WBGene00005487,1,9,10
WBGene00005488,5,11,16
WBGene00005489,24,2,26
WBGene00005490,22,9,31
WBGene00005491,2,4,6
WBGene00005492,1,2,3
WBGene00005493,5,14,19
WBGene00005494,26,23,49
WBGene00005495,33,4,37
WBGene00005496,3,15,18
WBGene00005497,13,7,20
WBGene00005499,4,5,9
WBGene00005500,26,9,35
WBGene00005501,2,11,13
WBGene00005502,16,10,26
WBGene00005503,1,17,18
WBGene00005504,15,24,39
WBGene00005505,70,7,77
WBGene00005507,33,16,49
WBGene00005508,3,10,13
WBGene00005509,0,0,0
WBGene00005512,0,3,3
WBGene00005513,6,14,20
WBGene00005514,9,26,35
WBGene00005516,12,12,24
WBGene00005517,46,12,58
WBGene00005518,18,13,31
WBGene00005519,14,11,25
WBGene00005521,10,2,12
WBGene00005522,17,9,26
WBGene00005523,16,33,49
WBGene00005524,22,5,27
WBGene00005525,0,0,0
WBGene00005526,0,2,2
WBGene00005527,38,9,47
WBGene00005528,8,6,14
WBGene00005529,66,41,107
WBGene00005530,60,36,96
WBGene00005531,66,53,119
WBGene00005532,13,31,44
WBGene00005533,2,10,12
WBGene00005536,9,8,17
WBGene00005537,26,5,31
WBGene00005538,5,6,11
WBGene00005539,34,30,64
WBGene00005540,16,5,21
WBGene00005541,4,2,6
WBGene00005542,6,9,15
WBGene00005543,12,7,19
WBGene00005544,5,14,19
WBGene00005545,24,4,28
WBGene00005546,5,3,8
WBGene00005548,5,2,7
WBGene00005549,22,15,37
WBGene00005550,3,1,4
WBGene00005551,12,6,18
WBGene00005552,63,27,90
WBGene00005554,31,8,39
WBGene00005555,3,6,9
WBGene00005557,20,11,31
WBGene00005558,8,19,27
WBGene00005559,25,34,59
WBGene00005560,39,96,135
WBGene00005562,12,19,31
WBGene00005563,9,4,13
WBGene00005565,11,5,16
WBGene00005566,18,6,24
WBGene00005569,16,6,22
WBGene00005572,6,2,8
WBGene00005573,21,8,29
WBGene00005574,11,10,21
WBGene00005575,48,72,120
WBGene00005577,7,6,13
WBGene00005578,10,4,14
WBGene00005579,18,6,24
WBGene00005581,5,3,8
WBGene00005582,8,8,16
WBGene00005583,12,3,15
WBGene00005584,16,21,37
WBGene00005585,20,13,33
WBGene00005586,18,26,44
WBGene00005589,36,9,45
WBGene00005590,2,0,2
WBGene00005591,33,33,66
WBGene00005592,6,20,26
WBGene00005593,16,6,22
WBGene00005594,12,14,26
WBGene00005595,52,12,64
WBGene00005596,13,1,14
WBGene00005597,4,4,8
WBGene00005598,10,12,22
WBGene00005599,5,2,7
WBGene00005601,3,6,9
WBGene00005602,28,195,223
WBGene00005603,20,14,34
WBGene00005604,11,6,17
WBGene00005606,25,42,67
WBGene00005607,35,22,57
WBGene00005608,11,11,22
WBGene00005609,14,5,19
WBGene00005610,30,17,47
WBGene00005611,71,9,80
WBGene00005612,16,5,21
WBGene00005613,29,0,29
WBGene00005614,23,21,44
WBGene00005615,8,1,9
WBGene00005616,11,11,22
WBGene00005617,12,11,23
WBGene00005618,28,12,40
WBGene00005621,13,6,19
WBGene00005622,24,8,32
WBGene00005623,10,7,17
WBGene00005624,26,10,36
WBGene00005625,12,12,24
WBGene00005626,6,9,15
WBGene00005627,10,10,20
WBGene00005628,6,7,13
WBGene00005629,27,12,39
WBGene00005631,3,2,5
WBGene00005632,15,2,17
WBGene00005633,3,9,12
WBGene00005634,42,3,45
WBGene00005635,2,2,4
WBGene00005638,14,30,44
WBGene00005639,24,9,33
WBGene00005640,9,9,18
WBGene00005641,56,67,123
WBGene00005642,30,73,103
WBGene00005643,12,35,47
WBGene00005644,77,402,479
WBGene00005647,84,510,594
WBGene00005648,430,1555,1985
WBGene00005649,51,38,89
WBGene00005652,49,149,198
WBGene00005653,34,102,136
WBGene00005654,33,218,251
WBGene00005655,72,760,832
WBGene00005657,27,216,243
WBGene00005658,13,4,17
WBGene00005659,47,28,75
WBGene00005660,4,19,23
WBGene00005661,7,33,40
WBGene00005662,135,701,836
WBGene00005663,1123,4895,6018
WBGene00005664,22,42,64
WBGene00005665,8,20,28
WBGene00005666,13,10,23
WBGene00005667,5,5,10
WBGene00005669,21,28,49
WBGene00005670,32,69,101
WBGene00005671,13,86,99
WBGene00005672,10,8,18
WBGene00005674,15,7,22
WBGene00005675,10,11,21
WBGene00005676,18,17,35
WBGene00005678,12,13,25
WBGene00005679,38,7,45
WBGene00005680,16,12,28
WBGene00005681,5,8,13
WBGene00005682,21,12,33
WBGene00005683,5,4,9
WBGene00005684,82,10,92
WBGene00005685,15,6,21
WBGene00005686,9,30,39
WBGene00005687,40,10,50
WBGene00005688,10,9,19
WBGene00005689,18,24,42
WBGene00005690,10,15,25
WBGene00005691,6,12,18
WBGene00005692,9,24,33
WBGene00005693,5,15,20
WBGene00005694,9,21,30
WBGene00005696,25,17,42
WBGene00005698,6,9,15
WBGene00005699,22,23,45
WBGene00005700,3,30,33
WBGene00005701,5,15,20
WBGene00005702,7,82,89
WBGene00005703,9,40,49
WBGene00005705,14,67,81
WBGene00005707,8,8,16
WBGene00005708,14,11,25
WBGene00005710,41,37,78
WBGene00005711,6,25,31
WBGene00005712,36,153,189
WBGene00005713,12,37,49
WBGene00005714,8,26,34
WBGene00005715,52,16,68
WBGene00005716,28,24,52
WBGene00005717,28,72,100
WBGene00005718,53,71,124
WBGene00005719,49,62,111
WBGene00005720,32,13,45
WBGene00005721,30,18,48
WBGene00005722,98,5,103
WBGene00005723,22,12,34
WBGene00005724,49,36,85
WBGene00005725,29,31,60
WBGene00005726,48,27,75
WBGene00005727,103,16,119
WBGene00005728,26,4,30
WBGene00005730,20,2,22
WBGene00005732,12,7,19
WBGene00005733,18,19,37
WBGene00005735,46,14,60
WBGene00005736,20,9,29
WBGene00005737,46,25,71
WBGene00005738,17,8,25
WBGene00005739,23,27,50
WBGene00005740,12,6,18
WBGene00005741,17,6,23
WBGene00005742,40,16,56
WBGene00005743,18,14,32
WBGene00005744,39,20,59
WBGene00005745,26,18,44
WBGene00005748,9,15,24
WBGene00005749,18,14,32
WBGene00005750,10,7,17
WBGene00005751,4,2,6
WBGene00005753,15,6,21
WBGene00005754,15,23,38
WBGene00005755,15,24,39
WBGene00005756,16,27,43
WBGene00005757,7,33,40
WBGene00005758,2,12,14
WBGene00005759,10,119,129
WBGene00005760,2,3,5
WBGene00005761,13,3,16
WBGene00005762,10,9,19
WBGene00005763,10,9,19
WBGene00005764,24,14,38
WBGene00005766,38,23,61
WBGene00005767,8,12,20
WBGene00005768,1,6,7
WBGene00005769,2,8,10
WBGene00005770,12,33,45
WBGene00005771,6,14,20
WBGene00005773,4,9,13
WBGene00005776,6,14,20
WBGene00005777,10,10,20
WBGene00005778,45,5,50
WBGene00005779,6,0,6
WBGene00005780,11,19,30
WBGene00005781,12,9,21
WBGene00005782,25,9,34
WBGene00005783,8,9,17
WBGene00005785,6,7,13
WBGene00005786,30,10,40
WBGene00005787,17,10,27
WBGene00005788,10,5,15
WBGene00005789,10,8,18
WBGene00005790,2,2,4
WBGene00005791,7,2,9
WBGene00005795,4,5,9
WBGene00005798,4,11,15
WBGene00005800,10,6,16
WBGene00005801,5,5,10
WBGene00005802,15,13,28
WBGene00005803,7,7,14
WBGene00005804,10,8,18
WBGene00005806,4,8,12
WBGene00005807,17,7,24
WBGene00005808,8,11,19
WBGene00005809,2,13,15
WBGene00005810,26,14,40
WBGene00005812,10,5,15
WBGene00005813,20,5,25
WBGene00005814,24,8,32
WBGene00005815,60,241,301
WBGene00005816,38,64,102
WBGene00005818,38,180,218
WBGene00005819,2,6,8
WBGene00005820,24,16,40
WBGene00005822,12,13,25
WBGene00005823,4,5,9
WBGene00005824,15,7,22
WBGene00005826,3,15,18
WBGene00005829,0,4,4
WBGene00005830,21,5,26
WBGene00005831,24,16,40
WBGene00005832,150,915,1065
WBGene00005833,5,129,134
WBGene00005834,4,37,41
WBGene00005835,17,12,29
WBGene00005836,12,9,21
WBGene00005837,15,22,37
WBGene00005838,11,8,19
WBGene00005841,49,14,63
WBGene00005842,12,2,14
WBGene00005844,6,7,13
WBGene00005845,21,19,40
WBGene00005846,36,12,48
WBGene00005847,41,4,45
WBGene00005848,43,13,56
WBGene00005849,15,11,26
WBGene00005850,45,15,60
WBGene00005854,37,18,55
WBGene00005855,3,9,12
WBGene00005856,79,13,92
WBGene00005858,29,5,34
WBGene00005859,15,8,23
WBGene00005860,9,6,15
WBGene00005862,14,7,21
WBGene00005864,4,1,5
WBGene00005865,8,2,10
WBGene00005866,5,1,6
WBGene00005867,6,1,7
WBGene00005868,3,5,8
WBGene00005869,21,2,23
WBGene00005870,10,2,12
WBGene00005871,8,8,16
WBGene00005874,24,5,29
WBGene00005876,31,13,44
WBGene00005877,32,3,35
WBGene00005880,5,6,11
WBGene00005881,15,4,19
WBGene00005882,3,3,6
WBGene00005883,10,10,20
WBGene00005884,5,3,8
WBGene00005885,17,1,18
WBGene00005886,8,11,19
WBGene00005887,18,21,39
WBGene00005888,6,2,8
WBGene00005889,3,1,4
WBGene00005890,18,18,36
WBGene00005891,14,24,38
WBGene00005892,15,17,32
WBGene00005893,60,147,207
WBGene00005894,19,7,26
WBGene00005895,23,9,32
WBGene00005896,15,14,29
WBGene00005897,12,10,22
WBGene00005898,42,10,52
WBGene00005899,10,4,14
WBGene00005900,25,14,39
WBGene00005901,15,28,43
WBGene00005903,34,35,69
WBGene00005904,35,8,43
WBGene00005905,23,9,32
WBGene00005907,5,8,13
WBGene00005908,38,27,65
WBGene00005909,29,29,58
WBGene00005910,18,47,65
WBGene00005911,1,9,10
WBGene00005912,12,13,25
WBGene00005913,7,1,8
WBGene00005914,2,8,10
WBGene00005915,25,10,35
WBGene00005917,14,8,22
WBGene00005919,12,4,16
WBGene00005920,11,1,12
WBGene00005922,1,0,1
WBGene00005923,0,2,2
WBGene00005924,31,1,32
WBGene00005925,10,10,20
WBGene00005926,16,19,35
WBGene00005927,27,14,41
WBGene00005929,19,27,46
WBGene00005930,7,4,11
WBGene00005931,19,134,153
WBGene00005932,31,47,78
WBGene00005933,6,9,15
WBGene00005934,11,19,30
WBGene00005935,16,16,32
WBGene00005936,43,201,244
WBGene00005937,43,38,81
WBGene00005938,15,26,41
WBGene00005939,3,4,7
WBGene00005941,22,18,40
WBGene00005942,19,2,21
WBGene00005944,11,4,15
WBGene00005945,26,5,31
WBGene00005946,24,15,39
WBGene00005947,13,40,53
WBGene00005949,7,39,46
WBGene00005950,12,8,20
WBGene00005951,15,9,24
WBGene00005953,14,10,24
WBGene00005954,24,11,35
WBGene00005955,6,7,13
WBGene00005956,8,2,10
WBGene00005957,5,8,13
WBGene00005958,20,16,36
WBGene00005959,27,62,89
WBGene00005964,15,12,27
WBGene00005965,124,9,133
WBGene00005967,33,23,56
WBGene00005968,20,34,54
WBGene00005969,20,3,23
WBGene00005971,16,10,26
WBGene00005973,70,20,90
WBGene00005975,26,41,67
WBGene00005976,3,11,14
WBGene00005977,15,32,47
WBGene00005978,10,9,19
WBGene00005979,11,13,24
WBGene00005980,27,14,41
WBGene00005981,17,11,28
WBGene00005983,25,12,37
WBGene00005984,10,2,12
WBGene00005986,40,8,48
WBGene00005987,13,17,30
WBGene00005988,6,6,12
WBGene00005989,19,5,24
WBGene00005992,10,6,16
WBGene00005993,17,10,27
WBGene00005995,18,6,24
WBGene00005996,11,10,21
WBGene00005999,10,5,15
WBGene00006001,26,8,34
WBGene00006002,7,22,29
WBGene00006003,3,6,9
WBGene00006004,23,20,43
WBGene00006005,19,22,41
WBGene00006006,14,19,33
WBGene00006007,15,14,29
WBGene00006008,19,9,28
WBGene00006009,32,10,42
WBGene00006010,17,46,63
WBGene00006011,14,2,16
WBGene00006012,24,39,63
WBGene00006013,25,12,37
WBGene00006016,19,83,102
WBGene00006019,7,13,20
WBGene00006020,17,17,34
WBGene00006021,15,25,40
WBGene00006022,4,4,8
WBGene00006024,17,9,26
WBGene00006025,5,15,20
WBGene00006026,36,9,45
WBGene00006027,20,17,37
WBGene00006028,8,13,21
WBGene00006038,0,3,3
WBGene00006039,0,7,7
WBGene00006040,0,1,1
WBGene00006044,0,10,10
WBGene00006047,0,2,2
WBGene00006048,0,2,2
WBGene00006049,4,3,7
WBGene00006050,66,586,652
WBGene00006051,10,39,49
WBGene00006052,1,11,12
WBGene00006053,6,2,8
WBGene00006055,201,570,771
WBGene00006056,16,20,36
WBGene00006058,20,18,38
WBGene00006059,172,1093,1265
WBGene00006060,6,3,9
WBGene00006061,64,1026,1090
WBGene00006062,432,1170,1602
WBGene00006063,54,236,290
WBGene00006064,305,238,543
WBGene00006065,40,17,57
WBGene00006066,103,1177,1280
WBGene00006067,265,1150,1415
WBGene00006068,115,177,292
WBGene00006069,33,28,61
WBGene00006070,6,13,19
WBGene00006071,21,7,28
WBGene00006072,12,6,18
WBGene00006073,1,0,1
WBGene00006074,1,0,1
WBGene00006075,18,69,87
WBGene00006076,1,1,2
WBGene00006077,19,18,37
WBGene00006078,10,11,21
WBGene00006080,10,18,28
WBGene00006081,4,13,17
WBGene00006082,24,6,30
WBGene00006083,13,1,14
WBGene00006084,91,12,103
WBGene00006085,9,11,20
WBGene00006086,4,11,15
WBGene00006087,0,6,6
WBGene00006090,11,7,18
WBGene00006092,17,23,40
WBGene00006093,4,22,26
WBGene00006094,1,16,17
WBGene00006096,6,25,31
WBGene00006097,6,9,15
WBGene00006098,10,3,13
WBGene00006099,75,3,78
WBGene00006101,82,13,95
WBGene00006102,8,22,30
WBGene00006103,7,18,25
WBGene00006104,14,5,19
WBGene00006105,1,10,11
WBGene00006106,4,15,19
WBGene00006108,19,5,24
WBGene00006109,13,15,28
WBGene00006110,5,10,15
WBGene00006111,6,5,11
WBGene00006112,7,13,20
WBGene00006113,25,25,50
WBGene00006117,0,14,14
WBGene00006120,9,3,12
WBGene00006121,6,13,19
WBGene00006122,6,11,17
WBGene00006124,4,9,13
WBGene00006125,7,17,24
WBGene00006126,2,8,10
WBGene00006127,2,21,23
WBGene00006128,5,16,21
WBGene00006129,15,12,27
WBGene00006130,6,4,10
WBGene00006131,2,2,4
WBGene00006133,7,2,9
WBGene00006134,21,3,24
WBGene00006135,12,27,39
WBGene00006136,0,0,0
WBGene00006137,10,5,15
WBGene00006138,19,14,33
WBGene00006139,48,19,67
WBGene00006140,365,18,383
WBGene00006141,28,9,37
WBGene00006142,28,14,42
WBGene00006143,20,11,31
WBGene00006144,29,6,35
WBGene00006145,12,2,14
WBGene00006146,0,2,2
WBGene00006147,11,11,22
WBGene00006148,16,19,35
WBGene00006149,12,10,22
WBGene00006150,9,20,29
WBGene00006151,12,19,31
WBGene00006152,23,14,37
WBGene00006153,16,19,35
WBGene00006154,12,20,32
WBGene00006155,1,16,17
WBGene00006156,9,15,24
WBGene00006157,15,7,22
WBGene00006158,1,13,14
WBGene00006159,6,1,7
WBGene00006160,0,6,6
WBGene00006161,2,18,20
WBGene00006162,10,9,19
WBGene00006163,46,37,83
WBGene00006164,32,5,37
WBGene00006165,31,12,43
WBGene00006166,9,6,15
WBGene00006167,15,14,29
WBGene00006169,48,16,64
WBGene00006170,0,0,0
WBGene00006171,0,0,0
WBGene00006172,26,9,35
WBGene00006173,14,0,14
WBGene00006174,15,7,22
WBGene00006175,3,6,9
WBGene00006176,7,20,27
WBGene00006178,11,3,14
WBGene00006179,7,8,15
WBGene00006180,14,10,24
WBGene00006182,7,6,13
WBGene00006183,26,8,34
WBGene00006184,9,2,11
WBGene00006186,4,6,10
WBGene00006187,18,25,43
WBGene00006188,16,13,29
WBGene00006189,13,9,22
WBGene00006190,10,5,15
WBGene00006191,13,35,48
WBGene00006192,17,2,19
WBGene00006193,27,7,34
WBGene00006195,13,4,17
WBGene00006196,14,4,18
WBGene00006197,13,1,14
WBGene00006198,12,24,36
WBGene00006199,27,4,31
WBGene00006200,0,0,0
WBGene00006201,13,8,21
WBGene00006202,11,2,13
WBGene00006203,19,5,24
WBGene00006204,14,9,23
WBGene00006205,21,8,29
WBGene00006206,29,4,33
WBGene00006207,16,30,46
WBGene00006208,62,15,77
WBGene00006209,38,42,80
WBGene00006210,16,7,23
WBGene00006211,88,51,139
WBGene00006212,23,29,52
WBGene00006213,16,14,30
WBGene00006214,62,11,73
WBGene00006215,31,20,51
WBGene00006216,42,5,47
WBGene00006217,21,12,33
WBGene00006218,31,28,59
WBGene00006219,12,9,21
WBGene00006220,44,74,118
WBGene00006221,11,18,29
WBGene00006222,12,10,22
WBGene00006224,11,5,16
WBGene00006225,28,10,38
WBGene00006226,11,41,52
WBGene00006228,11,10,21
WBGene00006229,3,9,12
WBGene00006230,26,7,33
WBGene00006231,26,13,39
WBGene00006232,11,3,14
WBGene00006233,18,9,27
WBGene00006234,7,8,15
WBGene00006235,8,16,24
WBGene00006236,5,12,17
WBGene00006237,4,7,11
WBGene00006238,6,7,13
WBGene00006239,12,10,22
WBGene00006240,3,15,18
WBGene00006241,36,35,71
WBGene00006242,24,4,28
WBGene00006244,11,20,31
WBGene00006247,14,7,21
WBGene00006249,21,21,42
WBGene00006251,13,19,32
WBGene00006252,22,16,38
WBGene00006253,110,6,116
WBGene00006255,57,19,76
WBGene00006256,10,12,22
WBGene00006257,5,2,7
WBGene00006258,9,5,14
WBGene00006259,10,6,16
WBGene00006260,18,6,24
WBGene00006261,9,2,11
WBGene00006262,7,3,10
WBGene00006263,7,12,19
WBGene00006264,17,10,27
WBGene00006265,27,12,39
WBGene00006266,343,8,351
WBGene00006268,17,22,39
WBGene00006270,21,17,38
WBGene00006271,7,2,9
WBGene00006272,15,33,48
WBGene00006273,7,20,27
WBGene00006274,2,0,2
WBGene00006275,30,12,42
WBGene00006276,14,8,22
WBGene00006277,6,12,18
WBGene00006278,16,25,41
WBGene00006279,28,16,44
WBGene00006280,17,3,20
WBGene00006281,25,16,41
WBGene00006282,3,2,5
WBGene00006283,0,0,0
WBGene00006284,0,0,0
WBGene00006286,62,4,66
WBGene00006287,33,9,42
WBGene00006288,10,27,37
WBGene00006289,8,19,27
WBGene00006306,387,1138,1525
WBGene00006307,101,1079,1180
WBGene00006308,58,104,162
WBGene00006309,72,918,990
WBGene00006310,123,60,183
WBGene00006311,10,107,117
WBGene00006318,177,871,1048
WBGene00006319,70,274,344
WBGene00006321,210,2837,3047
WBGene00006324,30,498,528
WBGene00006331,206,4488,4694
WBGene00006342,547,1953,2500
WBGene00006349,241,795,1036
WBGene00006351,77,795,872
WBGene00006352,75,1382,1457
WBGene00006353,64,395,459
WBGene00006359,48,751,799
WBGene00006363,145,228,373
WBGene00006364,234,795,1029
WBGene00006365,135,467,602
WBGene00006366,91,1575,1666
WBGene00006367,201,1458,1659
WBGene00006368,75,263,338
WBGene00006369,36,669,705
WBGene00006371,92,591,683
WBGene00006372,80,613,693
WBGene00006373,110,1093,1203
WBGene00006374,33,70,103
WBGene00006375,15,172,187
WBGene00006376,16,179,195
WBGene00006377,27,329,356
WBGene00006379,102,427,529
WBGene00006380,12,153,165
WBGene00006381,86,1899,1985
WBGene00006382,720,1541,2261
WBGene00006383,102,323,425
WBGene00006384,265,535,800
WBGene00006385,515,715,1230
WBGene00006386,144,422,566
WBGene00006387,43,180,223
WBGene00006388,22,66,88
WBGene00006389,44,264,308
WBGene00006390,78,300,378
WBGene00006391,66,280,346
WBGene00006392,137,779,916
WBGene00006393,22,306,328
WBGene00006394,26,59,85
WBGene00006395,23,95,118
WBGene00006396,436,777,1213
WBGene00006397,35,464,499
WBGene00006399,76,13,89
WBGene00006402,82,449,531
WBGene00006404,249,907,1156
WBGene00006405,308,1437,1745
WBGene00006406,215,1350,1565
WBGene00006407,1049,2894,3943
WBGene00006408,1696,9090,10786
WBGene00006409,34,12,46
WBGene00006410,156,928,1084
WBGene00006411,25,85,110
WBGene00006412,314,1375,1689
WBGene00006414,13,762,775
WBGene00006415,181,1203,1384
WBGene00006416,5,20,25
WBGene00006418,10,40,50
WBGene00006419,56,18,74
WBGene00006423,807,5554,6361
WBGene00006424,266,513,779
WBGene00006428,218,84,302
WBGene00006429,10,19,29
WBGene00006430,61,181,242
WBGene00006431,85,356,441
WBGene00006432,154,699,853
WBGene00006433,713,6931,7644
WBGene00006434,329,13993,14322
WBGene00006435,19,62,81
WBGene00006436,2406,48050,50456
WBGene00006437,166,2374,2540
WBGene00006438,266,1930,2196
WBGene00006439,628,257454,258082
WBGene00006440,119,208,327
WBGene00006441,124,266,390
WBGene00006442,202,786,988
WBGene00006443,54,326,380
WBGene00006444,55,684,739
WBGene00006445,79,382,461
WBGene00006446,34,270,304
WBGene00006447,10,432,442
WBGene00006448,46,429,475
WBGene00006449,12,16,28
WBGene00006450,329,883,1212
WBGene00006452,1852,8650,10502
WBGene00006454,24,42,66
WBGene00006459,46,345,391
WBGene00006460,157,2822,2979
WBGene00006461,76,116,192
WBGene00006462,250,747,997
WBGene00006463,53,265,318
WBGene00006464,12,28,40
WBGene00006465,53,1365,1418
WBGene00006466,87,175,262
WBGene00006467,22,479,501
WBGene00006468,180,304,484
WBGene00006470,24,1313,1337
WBGene00006471,9,11,20
WBGene00006472,44,1075,1119
WBGene00006473,15,420,435
WBGene00006474,30,689,719
WBGene00006475,122,236,358
WBGene00006476,447,654,1101
WBGene00006477,79,102,181
WBGene00006478,136,898,1034
WBGene00006479,222,988,1210
WBGene00006481,345,1029,1374
WBGene00006483,249,1083,1332
WBGene00006484,10,2,12
WBGene00006486,52,137,189
WBGene00006487,26,22,48
WBGene00006488,0,3,3
WBGene00006489,54,852,906
WBGene00006490,225,745,970
WBGene00006491,15,321,336
WBGene00006492,127,264,391
WBGene00006493,214,779,993
WBGene00006494,18,1354,1372
WBGene00006495,464,1972,2436
WBGene00006496,560,667,1227
WBGene00006497,160,1914,2074
WBGene00006498,311,812,1123
WBGene00006499,86,590,676
WBGene00006503,50,772,822
WBGene00006504,148,456,604
WBGene00006505,237,252,489
WBGene00006508,995,1958,2953
WBGene00006509,1,6,7
WBGene00006510,216,853,1069
WBGene00006512,208,2865,3073
WBGene00006513,395,1099,1494
WBGene00006514,27,632,659
WBGene00006515,92,2414,2506
WBGene00006516,30,437,467
WBGene00006517,258,1099,1357
WBGene00006518,19,2130,2149
WBGene00006519,4695,23399,28094
WBGene00006520,0,260,260
WBGene00006522,42,73,115
WBGene00006523,64,911,975
WBGene00006524,103,631,734
WBGene00006525,25,163,188
WBGene00006526,41,84,125
WBGene00006527,553,5153,5706
WBGene00006528,173,14301,14474
WBGene00006529,2285,15229,17514
WBGene00006530,18,216,234
WBGene00006531,56,97,153
WBGene00006532,58,35,93
WBGene00006533,102,182,284
WBGene00006534,780,2759,3539
WBGene00006535,352,1307,1659
WBGene00006536,12,8823,8835
WBGene00006537,564,20958,21522
WBGene00006538,50,405,455
WBGene00006539,0,3,3
WBGene00006540,29,490,519
WBGene00006541,97,326,423
WBGene00006542,22,359,381
WBGene00006543,110,826,936
WBGene00006544,50,14,64
WBGene00006545,19,17,36
WBGene00006546,5,3,8
WBGene00006547,0,5,5
WBGene00006549,0,0,0
WBGene00006550,19,17,36
WBGene00006551,3,95565,95568
WBGene00006552,27,12,39
WBGene00006553,17,19,36
WBGene00006554,12,14,26
WBGene00006555,13,31,44
WBGene00006556,14,4,18
WBGene00006557,34,34,68
WBGene00006558,8,15,23
WBGene00006559,5,19,24
WBGene00006560,13,14,27
WBGene00006561,118,866,984
WBGene00006562,150,687,837
WBGene00006563,250,611,861
WBGene00006565,57,2878,2935
WBGene00006566,38,545,583
WBGene00006567,10,487,497
WBGene00006568,27,365,392
WBGene00006570,71,627,698
WBGene00006571,183,600,783
WBGene00006572,868,4556,5424
WBGene00006573,287,1543,1830
WBGene00006574,306,7376,7682
WBGene00006575,1011,1204,2215
WBGene00006576,108,177,285
WBGene00006577,207,1018,1225
WBGene00006578,159,810,969
WBGene00006579,310,1580,1890
WBGene00006580,105,762,867
WBGene00006582,137,925,1062
WBGene00006583,1029,17115,18144
WBGene00006584,4197,18306,22503
WBGene00006585,581,6232,6813
WBGene00006586,505,7788,8293
WBGene00006587,1178,11987,13165
WBGene00006588,1342,9181,10523
WBGene00006589,1311,9112,10423
WBGene00006590,60,821,881
WBGene00006591,114,133,247
WBGene00006592,79,287,366
WBGene00006593,432,943,1375
WBGene00006594,508,1446,1954
WBGene00006595,166,5511,5677
WBGene00006596,301,271,572
WBGene00006597,52,93,145
WBGene00006598,2,17,19
WBGene00006599,604,1003,1607
WBGene00006600,8,86,94
WBGene00006601,93,9813,9906
WBGene00006602,341,1824,2165
WBGene00006603,882,4418,5300
WBGene00006604,420,1192,1612
WBGene00006605,148,471,619
WBGene00006606,88,267,355
WBGene00006607,172,1505,1677
WBGene00006608,175,940,1115
WBGene00006609,85,253,338
WBGene00006610,75,126,201
WBGene00006611,3,35,38
WBGene00006612,16,24,40
WBGene00006613,326,1978,2304
WBGene00006614,234,428,662
WBGene00006615,373,528,901
WBGene00006616,154,67,221
WBGene00006617,157,3531,3688
WBGene00006618,67,192,259
WBGene00006619,4,26,30
WBGene00006620,136,203,339
WBGene00006621,48,19,67
WBGene00006622,18,9,27
WBGene00006623,94,84,178
WBGene00006624,220,612,832
WBGene00006625,16,14,30
WBGene00006626,25,3987,4012
WBGene00006627,27,220,247
WBGene00006628,28,132,160
WBGene00006629,73,185,258
WBGene00006630,6,12,18
WBGene00006631,0,7,7
WBGene00006632,77,64,141
WBGene00006633,280,1265,1545
WBGene00006634,1453,7313,8766
WBGene00006635,17,291,308
WBGene00006636,55,158,213
WBGene00006637,89,263,352
WBGene00006638,25,353,378
WBGene00006639,78,45,123
WBGene00006640,144,357,501
WBGene00006641,60,623,683
WBGene00006642,45,451,496
WBGene00006643,88,542,630
WBGene00006644,2,30,32
WBGene00006645,49,25,74
WBGene00006646,45,166,211
WBGene00006647,113,558,671
WBGene00006648,433,637,1070
WBGene00006649,168,1181,1349
WBGene00006652,220,291,511
WBGene00006654,53,96,149
WBGene00006655,46,167,213
WBGene00006656,38,110,148
WBGene00006657,241,257,498
WBGene00006658,30,66,96
WBGene00006659,28,6,34
WBGene00006660,25,158,183
WBGene00006661,22,9,31
WBGene00006662,238,419,657
WBGene00006663,456,2263,2719
WBGene00006664,73,160,233
WBGene00006665,98,49,147
WBGene00006666,80,455,535
WBGene00006667,108,321,429
WBGene00006668,443,498,941
WBGene00006669,124,99,223
WBGene00006670,39,25,64
WBGene00006671,123,349,472
WBGene00006672,212,4468,4680
WBGene00006673,37,35,72
WBGene00006674,85,52,137
WBGene00006675,61,131,192
WBGene00006676,100,85,185
WBGene00006677,48,295,343
WBGene00006678,40,79,119
WBGene00006679,57,99,156
WBGene00006680,115,154,269
WBGene00006681,127,303,430
WBGene00006682,73,170,243
WBGene00006683,621,1142,1763
WBGene00006684,183,237,420
WBGene00006685,43,75,118
WBGene00006686,37,58,95
WBGene00006687,38,45,83
WBGene00006688,39,24,63
WBGene00006689,19,12,31
WBGene00006690,70,55,125
WBGene00006691,129,126,255
WBGene00006692,128,537,665
WBGene00006693,785,1563,2348
WBGene00006694,52,24,76
WBGene00006695,230,42,272
WBGene00006696,111,150,261
WBGene00006697,304,2222,2526
WBGene00006698,108,2789,2897
WBGene00006699,105,3662,3767
WBGene00006700,194,596,790
WBGene00006701,216,1000,1216
WBGene00006702,148,2770,2918
WBGene00006703,63,1359,1422
WBGene00006704,169,3260,3429
WBGene00006705,164,1073,1237
WBGene00006706,81,2131,2212
WBGene00006707,0,1272,1272
WBGene00006708,229,2976,3205
WBGene00006709,301,1509,1810
WBGene00006710,264,189,453
WBGene00006711,110,479,589
WBGene00006712,105,326,431
WBGene00006713,92,1656,1748
WBGene00006714,151,335,486
WBGene00006715,55,2838,2893
WBGene00006716,30,8,38
WBGene00006717,26,186,212
WBGene00006718,10,22,32
WBGene00006719,5,6,11
WBGene00006720,53,2034,2087
WBGene00006721,74,395,469
WBGene00006722,158,166,324
WBGene00006723,91,559,650
WBGene00006724,165,2426,2591
WBGene00006725,20789,128296,149085
WBGene00006726,229,1719,1948
WBGene00006727,227,9812,10039
WBGene00006728,21268,128831,150099
WBGene00006729,57,392,449
WBGene00006730,35,3982,4017
WBGene00006731,14,55,69
WBGene00006732,151,428,579
WBGene00006733,183,942,1125
WBGene00006734,49,936,985
WBGene00006735,25,473,498
WBGene00006736,84,676,760
WBGene00006737,34,411,445
WBGene00006738,22,406,428
WBGene00006739,167,1994,2161
WBGene00006740,19,78,97
WBGene00006741,218,2766,2984
WBGene00006742,801,1319,2120
WBGene00006743,131,119,250
WBGene00006744,39,173,212
WBGene00006745,688,549,1237
WBGene00006746,136,362,498
WBGene00006747,822,608,1430
WBGene00006748,68,70,138
WBGene00006749,153,881,1034
WBGene00006750,200,609,809
WBGene00006751,329,1244,1573
WBGene00006752,826,2326,3152
WBGene00006753,391,3931,4322
WBGene00006754,3502,57878,61380
WBGene00006755,430,2416,2846
WBGene00006756,0,8,8
WBGene00006757,54,1117,1171
WBGene00006759,1867,15031,16898
WBGene00006760,565,6287,6852
WBGene00006761,33,428,461
WBGene00006762,1047,4309,5356
WBGene00006763,191,975,1166
WBGene00006764,4511,30633,35144
WBGene00006765,195,381,576
WBGene00006766,129,258,387
WBGene00006767,322,313,635
WBGene00006768,290,3331,3621
WBGene00006769,425,1014,1439
WBGene00006770,449,1213,1662
WBGene00006771,880,5080,5960
WBGene00006772,281,1413,1694
WBGene00006773,113,1126,1239
WBGene00006774,69,230,299
WBGene00006775,22,69,91
WBGene00006776,403,1409,1812
WBGene00006777,288,1323,1611
WBGene00006778,91,377,468
WBGene00006779,1527,6978,8505
WBGene00006780,3785,23206,26991
WBGene00006781,296,1455,1751
WBGene00006782,40,287,327
WBGene00006783,64,243,307
WBGene00006784,472,2001,2473
WBGene00006785,51,351,402
WBGene00006786,222,1979,2201
WBGene00006787,891,4760,5651
WBGene00006788,429,842,1271
WBGene00006789,1180,48307,49487
WBGene00006790,77,46,123
WBGene00006791,172,1269,1441
WBGene00006792,397,392,789
WBGene00006793,74,779,853
WBGene00006794,632,13084,13716
WBGene00006795,56,551,607
WBGene00006796,520,2606,3126
WBGene00006797,576,232,808
WBGene00006798,1933,1608,3541
WBGene00006801,1514,11951,13465
WBGene00006802,356,3903,4259
WBGene00006803,319,4730,5049
WBGene00006804,102,400,502
WBGene00006805,1855,4581,6436
WBGene00006807,209,318,527
WBGene00006808,263,1936,2199
WBGene00006809,583,494,1077
WBGene00006810,200,1310,1510
WBGene00006811,339,719,1058
WBGene00006812,480,2313,2793
WBGene00006814,982,2302,3284
WBGene00006815,451,3583,4034
WBGene00006816,34,903,937
WBGene00006817,189,1683,1872
WBGene00006818,171,1513,1684
WBGene00006819,1802,26848,28650
WBGene00006820,2512,17104,19616
WBGene00006822,90,243,333
WBGene00006823,1059,4850,5909
WBGene00006824,296,4989,5285
WBGene00006825,445,2964,3409
WBGene00006826,396,4122,4518
WBGene00006827,2174,2841,5015
WBGene00006829,54,630,684
WBGene00006830,1174,1354,2528
WBGene00006831,632,2599,3231
WBGene00006832,93,397,490
WBGene00006833,108,8681,8789
WBGene00006836,118,3353,3471
WBGene00006839,359,3486,3845
WBGene00006840,166,3743,3909
WBGene00006843,225,802,1027
WBGene00006844,93,1138,1231
WBGene00006845,401,1583,1984
WBGene00006852,74,1433,1507
WBGene00006853,20,197,217
WBGene00006856,37,1012,1049
WBGene00006861,587,2511,3098
WBGene00006862,33,150,183
WBGene00006863,187,6852,7039
WBGene00006864,69,290,359
WBGene00006865,55,109,164
WBGene00006868,335,764,1099
WBGene00006869,73,241,314
WBGene00006870,257,430,687
WBGene00006873,64,178,242
WBGene00006874,357,2082,2439
WBGene00006875,63,929,992
WBGene00006876,733,4552,5285
WBGene00006881,24,132,156
WBGene00006882,102,397,499
WBGene00006886,361,1863,2224
WBGene00006887,204,302,506
WBGene00006888,345,1991,2336
WBGene00006889,86,6430,6516
WBGene00006890,334,2594,2928
WBGene00006893,201,1137,1338
WBGene00006894,86,33,119
WBGene00006896,99,408,507
WBGene00006897,56,86,142
WBGene00006902,1,8,9
WBGene00006910,0,6625,6625
WBGene00006911,99,10522,10621
WBGene00006912,0,3106,3106
WBGene00006913,37,2950,2987
WBGene00006914,25,1085,1110
WBGene00006915,61,1589,1650
WBGene00006916,134,238,372
WBGene00006917,98,5922,6020
WBGene00006918,472,4425,4897
WBGene00006919,219,6242,6461
WBGene00006920,417,4059,4476
WBGene00006921,26,3313,3339
WBGene00006922,16,200,216
WBGene00006923,1483,2660,4143
WBGene00006924,352,24081,24433
WBGene00006925,4,21,25
WBGene00006926,1,17,18
WBGene00006927,1,14,15
WBGene00006928,1,5,6
WBGene00006929,2,3,5
WBGene00006930,0,11,11
WBGene00006931,85,869,954
WBGene00006932,258,1256,1514
WBGene00006933,53,800,853
WBGene00006934,308,715,1023
WBGene00006935,50,1215,1265
WBGene00006936,340,3046,3386
WBGene00006937,384,3611,3995
WBGene00006938,9,41,50
WBGene00006940,11,298,309
WBGene00006941,294,1930,2224
WBGene00006942,148,1696,1844
WBGene00006943,61,411,472
WBGene00006944,46,270,316
WBGene00006945,116,1529,1645
WBGene00006946,96,357,453
WBGene00006947,11,76,87
WBGene00006948,12,35,47
WBGene00006949,44,151,195
WBGene00006950,96,32,128
WBGene00006951,106,529,635
WBGene00006952,37,232,269
WBGene00006953,29,17,46
WBGene00006954,2,3,5
WBGene00006955,264,47,311
WBGene00006956,70,879,949
WBGene00006957,239,1145,1384
WBGene00006958,62,206,268
WBGene00006959,1722,45473,47195
WBGene00006960,36,68,104
WBGene00006961,563,3662,4225
WBGene00006962,11,18,29
WBGene00006963,32,461,493
WBGene00006964,202,1345,1547
WBGene00006965,3,123,126
WBGene00006966,17,52,69
WBGene00006968,106,967,1073
WBGene00006970,27,718,745
WBGene00006971,69,409,478
WBGene00006974,28,627,655
WBGene00006975,631,3430,4061
WBGene00006976,521,190,711
WBGene00006977,31,155,186
WBGene00006978,197,2857,3054
WBGene00006979,2,24,26
WBGene00006980,2,58,60
WBGene00006981,14,206,220
WBGene00006982,162,1373,1535
WBGene00006983,111,480,591
WBGene00006984,1109,3777,4886
WBGene00006985,439,813,1252
WBGene00006986,234,506,740
WBGene00006987,157,140,297
WBGene00006988,79,318,397
WBGene00006993,287,459,746
WBGene00006994,333,1405,1738
WBGene00006996,22,817,839
WBGene00006997,16,301,317
WBGene00006999,1660,11751,13411
WBGene00007000,345,9083,9428
WBGene00007001,38,1758,1796
WBGene00007006,96,301,397
WBGene00007007,114,934,1048
WBGene00007008,83,1299,1382
WBGene00007009,105,1570,1675
WBGene00007010,122,1794,1916
WBGene00007011,39,116,155
WBGene00007012,73,324,397
WBGene00007013,410,423,833
WBGene00007014,57,171,228
WBGene00007015,5,374,379
WBGene00007016,531,3304,3835
WBGene00007017,523,331,854
WBGene00007018,89,613,702
WBGene00007019,313,1341,1654
WBGene00007020,165,408,573
WBGene00007021,60,770,830
WBGene00007022,297,1733,2030
WBGene00007023,89,634,723
WBGene00007024,141,4084,4225
WBGene00007025,276,1227,1503
WBGene00007026,59,353,412
WBGene00007027,977,2026,3003
WBGene00007028,65,1632,1697
WBGene00007029,137,725,862
WBGene00007030,815,6525,7340
WBGene00007036,17,21,38
WBGene00007041,120,316,436
WBGene00007042,168,3384,3552
WBGene00007043,9,225,234
WBGene00007044,230,1684,1914
WBGene00007045,13,218,231
WBGene00007047,103,275,378
WBGene00007048,85,1779,1864
WBGene00007049,21,37,58
WBGene00007050,559,2898,3457
WBGene00007053,156,3240,3396
WBGene00007054,490,1279,1769
WBGene00007055,99,1597,1696
WBGene00007056,74,202,276
WBGene00007057,0,34,34
WBGene00007058,196,2705,2901
WBGene00007059,37,251,288
WBGene00007060,14,7,21
WBGene00007062,1,0,1
WBGene00007063,88,112,200
WBGene00007064,267,264,531
WBGene00007065,57,225,282
WBGene00007067,77,142,219
WBGene00007068,114,781,895
WBGene00007069,6,6,12
WBGene00007070,26,242,268
WBGene00007071,96,407,503
WBGene00007072,9,76,85
WBGene00007073,39,198,237
WBGene00007075,0,0,0
WBGene00007076,0,0,0
WBGene00007079,0,0,0
WBGene00007080,11,22,33
WBGene00007081,23,17,40
WBGene00007082,3,11,14
WBGene00007083,4,9,13
WBGene00007084,18,109,127
WBGene00007085,0,75,75
WBGene00007087,83,510,593
WBGene00007088,86,769,855
WBGene00007089,90,638,728
WBGene00007090,32,337,369
WBGene00007091,598,2753,3351
WBGene00007092,56,140,196
WBGene00007093,27,281,308
WBGene00007094,205,301,506
WBGene00007096,45,280,325
WBGene00007097,68,82,150
WBGene00007099,274,2151,2425
WBGene00007100,20,375,395
WBGene00007101,76,1084,1160
WBGene00007102,16,109,125
WBGene00007103,265,1282,1547
WBGene00007104,53,149,202
WBGene00007105,131,1500,1631
WBGene00007106,85,1219,1304
WBGene00007107,1082,6586,7668
WBGene00007108,176,1341,1517
WBGene00007109,13,107,120
WBGene00007110,113,1161,1274
WBGene00007111,79,1075,1154
WBGene00007112,283,945,1228
WBGene00007113,115,1181,1296
WBGene00007114,33,89,122
WBGene00007115,29,132,161
WBGene00007116,192,132,324
WBGene00007117,24,18,42
WBGene00007118,74,464,538
WBGene00007119,144,842,986
WBGene00007122,112,3663,3775
WBGene00007123,3,6,9
WBGene00007124,81,191,272
WBGene00007125,0,4,4
WBGene00007126,159,480,639
WBGene00007127,5,11,16
WBGene00007128,37,248,285
WBGene00007129,34,2988,3022
WBGene00007130,39,231,270
WBGene00007131,16,50,66
WBGene00007132,14,28,42
WBGene00007133,63,331,394
WBGene00007134,104,14,118
WBGene00007135,273,559,832
WBGene00007136,177,1021,1198
WBGene00007137,113,872,985
WBGene00007138,44,66,110
WBGene00007139,133,1501,1634
WBGene00007140,43,37,80
WBGene00007141,24,18,42
WBGene00007142,345,2347,2692
WBGene00007143,64,1320,1384
WBGene00007144,46,539,585
WBGene00007145,84,418,502
WBGene00007146,17,48,65
WBGene00007148,12,33,45
WBGene00007149,4,22,26
WBGene00007150,19,630,649
WBGene00007152,34,88,122
WBGene00007153,7,284,291
WBGene00007154,122,149,271
WBGene00007155,484,5172,5656
WBGene00007156,24,28,52
WBGene00007158,3,2,5
WBGene00007159,3,20,23
WBGene00007161,12,6,18
WBGene00007162,206,88,294
WBGene00007163,3,8,11
WBGene00007164,0,10,10
WBGene00007166,20,376,396
WBGene00007167,106,564,670
WBGene00007168,24,408,432
WBGene00007169,25,31,56
WBGene00007170,119,237,356
WBGene00007171,30,68,98
WBGene00007172,21,61,82
WBGene00007173,0,0,0
WBGene00007174,44,59,103
WBGene00007175,92,702,794
WBGene00007176,1193,557,1750
WBGene00007177,57,24,81
WBGene00007178,7,118,125
WBGene00007179,21,19,40
WBGene00007180,65,465,530
WBGene00007182,8,4,12
WBGene00007183,6,55,61
WBGene00007184,221,2574,2795
WBGene00007185,429,1719,2148
WBGene00007186,39,611,650
WBGene00007187,60,213,273
WBGene00007188,98,375,473
WBGene00007189,30,287,317
WBGene00007190,4,20,24
WBGene00007191,50,119,169
WBGene00007192,570,6366,6936
WBGene00007193,232,1231,1463
WBGene00007194,8,543,551
WBGene00007195,108,573,681
WBGene00007196,173,386,559
WBGene00007197,737,4470,5207
WBGene00007200,631,3104,3735
WBGene00007201,184,2345,2529
WBGene00007202,50,149,199
WBGene00007203,2,122,124
WBGene00007204,24,23,47
WBGene00007206,0,0,0
WBGene00007207,103,659,762
WBGene00007208,0,0,0
WBGene00007209,14,3,17
WBGene00007210,57,59,116
WBGene00007211,33,14,47
WBGene00007212,42,36,78
WBGene00007213,43,308,351
WBGene00007214,221,599,820
WBGene00007215,98,1449,1547
WBGene00007216,239,687,926
WBGene00007217,146,2040,2186
WBGene00007218,538,13,551
WBGene00007219,94,2109,2203
WBGene00007220,46,64,110
WBGene00007221,68,376,444
WBGene00007222,21,81,102
WBGene00007223,284,3201,3485
WBGene00007224,12,15,27
WBGene00007225,2,38,40
WBGene00007226,173,721,894
WBGene00007227,217,3945,4162
WBGene00007228,64,245,309
WBGene00007229,21,22,43
WBGene00007230,28,69,97
WBGene00007231,635,671,1306
WBGene00007232,205,679,884
WBGene00007233,542,7515,8057
WBGene00007234,1,480,481
WBGene00007235,791,9411,10202
WBGene00007236,4,360,364
WBGene00007237,111,314,425
WBGene00007239,1,5,6
WBGene00007240,1298,11487,12785
WBGene00007241,138,379,517
WBGene00007242,42,859,901
WBGene00007243,1,12,13
WBGene00007244,12,9,21
WBGene00007245,2,8,10
WBGene00007246,0,7,7
WBGene00007247,48,186,234
WBGene00007248,11,17,28
WBGene00007249,7,13,20
WBGene00007250,6,13,19
WBGene00007251,0,4,4
WBGene00007252,51,76,127
WBGene00007253,59,166,225
WBGene00007254,36,74,110
WBGene00007255,34,57,91
WBGene00007256,162,3090,3252
WBGene00007257,457,1091,1548
WBGene00007258,80,380,460
WBGene00007259,38,2,40
WBGene00007260,325,695,1020
WBGene00007261,110,1344,1454
WBGene00007262,15,16,31
WBGene00007264,17,35,52
WBGene00007265,0,11,11
WBGene00007266,80,462,542
WBGene00007267,88,387,475
WBGene00007268,38,56,94
WBGene00007269,15,7,22
WBGene00007270,29,532,561
WBGene00007271,37,6,43
WBGene00007273,23,14,37
WBGene00007274,30,33,63
WBGene00007275,117,114,231
WBGene00007277,23,37,60
WBGene00007278,12,26,38
WBGene00007279,20,11,31
WBGene00007281,19,107,126
WBGene00007282,66,35,101
WBGene00007283,14,9,23
WBGene00007284,192,376,568
WBGene00007285,34,105,139
WBGene00007286,81,149,230
WBGene00007287,48,439,487
WBGene00007288,3,11,14
WBGene00007289,2,5,7
WBGene00007290,3,7,10
WBGene00007291,10,2,12
WBGene00007292,15,34,49
WBGene00007293,0,9,9
WBGene00007294,9,1,10
WBGene00007295,28,91,119
WBGene00007296,90,1154,1244
WBGene00007297,52,132,184
WBGene00007299,25,346,371
WBGene00007301,3224799,105,3224904
WBGene00007302,20,328,348
WBGene00007303,19,96,115
WBGene00007304,219,727,946
WBGene00007305,9,16,25
WBGene00007306,12,5,17
WBGene00007307,14,3,17
WBGene00007308,0,21,21
WBGene00007309,28,9,37
WBGene00007310,25,16,41
WBGene00007311,44,11,55
WBGene00007312,16,511,527
WBGene00007313,15,3,18
WBGene00007314,76,35,111
WBGene00007315,10,1,11
WBGene00007316,401,1530,1931
WBGene00007317,60,1563,1623
WBGene00007319,12,2,14
WBGene00007320,0,2,2
WBGene00007321,59,216,275
WBGene00007322,8,36,44
WBGene00007323,38,16,54
WBGene00007324,338,1512,1850
WBGene00007325,16,40,56
WBGene00007326,92,27,119
WBGene00007327,76,97,173
WBGene00007328,24,15,39
WBGene00007329,232,489,721
WBGene00007330,320,10596,10916
WBGene00007331,1201,4117,5318
WBGene00007332,1,131,132
WBGene00007333,86,690,776
WBGene00007334,38,227,265
WBGene00007335,16,2,18
WBGene00007336,84,753,837
WBGene00007337,11,20,31
WBGene00007338,12,151,163
WBGene00007339,16,34,50
WBGene00007340,77,140,217
WBGene00007341,0,21,21
WBGene00007342,0,6,6
WBGene00007343,84,56,140
WBGene00007344,40,26,66
WBGene00007345,45,188,233
WBGene00007346,49,52,101
WBGene00007347,107,167,274
WBGene00007348,78,187,265
WBGene00007349,73,325,398
WBGene00007350,688,8639,9327
WBGene00007351,98,33,131
WBGene00007352,232,3206,3438
WBGene00007353,512,2383,2895
WBGene00007354,18,31,49
WBGene00007355,0,3828,3828
WBGene00007356,0,9,9
WBGene00007357,122,452,574
WBGene00007358,12,70,82
WBGene00007359,12,13,25
WBGene00007360,23,7,30
WBGene00007361,52,18,70
WBGene00007362,82,317,399
WBGene00007363,22,930,952
WBGene00007364,11,46,57
WBGene00007365,714,8440,9154
WBGene00007366,188,548,736
WBGene00007367,56,190,246
WBGene00007368,16,40,56
WBGene00007369,0,8,8
WBGene00007370,17,7,24
WBGene00007372,57,172,229
WBGene00007373,3,4,7
WBGene00007374,25,33,58
WBGene00007375,22,90,112
WBGene00007377,6,65,71
WBGene00007378,96,57,153
WBGene00007379,12,7,19
WBGene00007380,12,19,31
WBGene00007381,11,22,33
WBGene00007382,10,19,29
WBGene00007383,10,0,10
WBGene00007384,10,229,239
WBGene00007385,4054,26924,30978
WBGene00007386,115,881,996
WBGene00007387,247,314,561
WBGene00007388,54,189,243
WBGene00007389,112,336,448
WBGene00007390,11,1334,1345
WBGene00007391,5,25,30
WBGene00007392,3,40,43
WBGene00007393,24,31,55
WBGene00007394,52,253,305
WBGene00007395,163,232,395
WBGene00007396,87,279,366
WBGene00007397,16,36,52
WBGene00007398,1,12,13
WBGene00007399,28,31,59
WBGene00007400,88,1084,1172
WBGene00007401,5,2,7
WBGene00007402,83,333,416
WBGene00007403,74,337,411
WBGene00007404,66,113,179
WBGene00007405,169,1653,1822
WBGene00007406,22,22,44
WBGene00007407,4,278,282
WBGene00007408,43,441,484
WBGene00007409,170,227,397
WBGene00007410,44,35,79
WBGene00007411,43,156,199
WBGene00007412,47,515,562
WBGene00007413,279,1444,1723
WBGene00007414,56,406,462
WBGene00007415,11,46,57
WBGene00007416,33,93,126
WBGene00007417,71,371,442
WBGene00007418,8,68,76
WBGene00007419,166,880,1046
WBGene00007420,2,23,25
WBGene00007421,69,420,489
WBGene00007422,46,678,724
WBGene00007423,1,26,27
WBGene00007424,37,99,136
WBGene00007425,43,149,192
WBGene00007426,12,21,33
WBGene00007427,25,2,27
WBGene00007428,109,980,1089
WBGene00007429,274,1335,1609
WBGene00007430,17,171,188
WBGene00007431,31,113,144
WBGene00007432,10,12,22
WBGene00007433,179,1703,1882
WBGene00007434,8,300,308
WBGene00007435,18,281,299
WBGene00007436,9,274,283
WBGene00007437,16,30,46
WBGene00007438,19,8,27
WBGene00007439,5,10,15
WBGene00007440,42,91,133
WBGene00007441,0,6,6
WBGene00007442,13,17,30
WBGene00007443,0,4765,4765
WBGene00007444,1135,787,1922
WBGene00007445,23,151,174
WBGene00007446,14,3,17
WBGene00007447,5,14,19
WBGene00007448,32,48,80
WBGene00007449,583,6503,7086
WBGene00007450,345,1351,1696
WBGene00007452,41,32,73
WBGene00007453,8,7,15
WBGene00007454,11,20,31
WBGene00007455,238,2506,2744
WBGene00007456,15,15,30
WBGene00007457,1,3,4
WBGene00007458,26,6,32
WBGene00007459,3,2,5
WBGene00007460,69,1037,1106
WBGene00007462,32,50,82
WBGene00007463,100,6706,6806
WBGene00007464,44,175,219
WBGene00007465,50,28,78
WBGene00007466,2,13,15
WBGene00007467,2,21,23
WBGene00007469,7,10,17
WBGene00007470,9,10,19
WBGene00007471,31,16,47
WBGene00007472,29,13,42
WBGene00007473,2,8,10
WBGene00007474,47,552,599
WBGene00007476,156,801,957
WBGene00007478,8,7,15
WBGene00007479,41,685,726
WBGene00007480,302,370,672
WBGene00007482,47,193,240
WBGene00007483,23,48,71
WBGene00007484,52,158,210
WBGene00007485,27,19,46
WBGene00007486,164,322,486
WBGene00007487,78,587,665
WBGene00007488,162,500,662
WBGene00007489,7,26,33
WBGene00007490,181,355,536
WBGene00007492,300,2096,2396
WBGene00007493,21,477,498
WBGene00007494,32,19,51
WBGene00007495,81,176,257
WBGene00007496,27,7,34
WBGene00007497,6,0,6
WBGene00007499,120,213,333
WBGene00007500,159,1008,1167
WBGene00007501,15,20,35
WBGene00007502,81,143,224
WBGene00007503,20,22,42
WBGene00007504,29,307,336
WBGene00007505,366,1444,1810
WBGene00007506,44,20,64
WBGene00007507,8,26,34
WBGene00007508,5,6,11
WBGene00007509,26,26,52
WBGene00007511,136,1013,1149
WBGene00007512,21,9,30
WBGene00007513,60,148,208
WBGene00007514,175,2806,2981
WBGene00007515,25,228,253
WBGene00007516,36,864,900
WBGene00007517,6,68,74
WBGene00007518,90,67,157
WBGene00007520,117,564,681
WBGene00007521,20,8,28
WBGene00007522,16,41,57
WBGene00007523,5,3,8
WBGene00007525,9,216,225
WBGene00007528,38,124,162
WBGene00007529,37,315,352
WBGene00007530,65,28,93
WBGene00007531,71,435,506
WBGene00007532,19,208,227
WBGene00007533,87,292,379
WBGene00007534,66,3667,3733
WBGene00007535,0,11,11
WBGene00007536,40,148,188
WBGene00007537,74,3991,4065
WBGene00007538,3,17,20
WBGene00007540,10,13,23
WBGene00007541,6,258,264
WBGene00007542,36,196,232
WBGene00007543,6,97,103
WBGene00007544,59,1610,1669
WBGene00007545,155,286,441
WBGene00007546,60,204,264
WBGene00007547,80,369,449
WBGene00007548,37,187,224
WBGene00007549,48,209,257
WBGene00007550,72,90,162
WBGene00007551,83,885,968
WBGene00007552,20,22,42
WBGene00007553,8,1500,1508
WBGene00007554,53,1308,1361
WBGene00007555,11,2888,2899
WBGene00007556,58,479,537
WBGene00007557,89,474,563
WBGene00007558,41,136,177
WBGene00007559,4,5,9
WBGene00007560,7,6,13
WBGene00007561,31,307,338
WBGene00007562,125,259,384
WBGene00007563,15,53,68
WBGene00007564,9,2167,2176
WBGene00007565,37,37,74
WBGene00007567,2,1,3
WBGene00007569,10,2,12
WBGene00007570,17,5,22
WBGene00007571,4,0,4
WBGene00007572,6,13,19
WBGene00007573,20,527,547
WBGene00007574,60,826,886
WBGene00007576,85,551,636
WBGene00007577,179,454,633
WBGene00007579,110,581,691
WBGene00007580,13,95,108
WBGene00007581,55,390,445
WBGene00007583,159,674,833
WBGene00007584,5,32,37
WBGene00007585,33,154,187
WBGene00007586,34,2433,2467
WBGene00007587,98,1477,1575
WBGene00007588,48,1738,1786
WBGene00007589,5,185,190
WBGene00007590,144,981,1125
WBGene00007591,120,623,743
WBGene00007592,307,1122,1429
WBGene00007593,208,651,859
WBGene00007594,41,350,391
WBGene00007595,35,59,94
WBGene00007597,175,71,246
WBGene00007598,15,12,27
WBGene00007599,91,395,486
WBGene00007600,3,84,87
WBGene00007601,12,1,13
WBGene00007602,379,776,1155
WBGene00007603,44,141,185
WBGene00007604,16,255,271
WBGene00007605,44,727,771
WBGene00007606,45,482,527
WBGene00007607,23,117,140
WBGene00007608,31,105,136
WBGene00007609,16,590,606
WBGene00007610,14,9,23
WBGene00007611,7,5,12
WBGene00007613,8,16,24
WBGene00007614,287,383,670
WBGene00007615,97,474,571
WBGene00007616,196,1270,1466
WBGene00007617,309,4427,4736
WBGene00007618,0,2,2
WBGene00007619,68,218,286
WBGene00007620,1447,886,2333
WBGene00007621,244,1438,1682
WBGene00007622,58,138,196
WBGene00007623,70,915,985
WBGene00007624,17,309,326
WBGene00007625,131,1405,1536
WBGene00007626,64,946,1010
WBGene00007627,53,584,637
WBGene00007628,157,911,1068
WBGene00007629,71,88,159
WBGene00007630,51,13093,13144
WBGene00007631,52,19,71
WBGene00007632,0,32,32
WBGene00007633,58,157,215
WBGene00007634,0,29,29
WBGene00007635,233,294,527
WBGene00007636,14,14,28
WBGene00007637,152,712,864
WBGene00007638,0,0,0
WBGene00007639,30,11,41
WBGene00007640,159,356,515
WBGene00007641,22,13,35
WBGene00007642,1,5,6
WBGene00007643,25,38,63
WBGene00007644,10,38,48
WBGene00007645,384,1205,1589
WBGene00007646,304,4438,4742
WBGene00007647,427,2197,2624
WBGene00007648,5,23,28
WBGene00007649,20,14,34
WBGene00007650,71,256,327
WBGene00007651,140,428,568
WBGene00007652,83,407,490
WBGene00007653,197,2265,2462
WBGene00007655,901,3,904
WBGene00007656,15,7,22
WBGene00007657,45,32,77
WBGene00007658,30,10,40
WBGene00007659,7,18,25
WBGene00007660,9,17,26
WBGene00007661,27,2,29
WBGene00007662,21,11,32
WBGene00007663,8,13,21
WBGene00007664,199,833,1032
WBGene00007666,131,950,1081
WBGene00007668,81,618,699
WBGene00007669,30,33,63
WBGene00007670,77,117,194
WBGene00007672,19,29,48
WBGene00007673,1,1,2
WBGene00007674,5,12,17
WBGene00007675,61,214,275
WBGene00007678,21,10,31
WBGene00007679,63,906,969
WBGene00007680,64,89,153
WBGene00007681,626,2655,3281
WBGene00007682,33,357,390
WBGene00007683,939,6345,7284
WBGene00007684,1579,10234,11813
WBGene00007685,135,614,749
WBGene00007686,80,4057,4137
WBGene00007687,48,75,123
WBGene00007688,3,4,7
WBGene00007689,59,1241,1300
WBGene00007690,526,311,837
WBGene00007691,32,16,48
WBGene00007692,34,92,126
WBGene00007693,52,22,74
WBGene00007694,47,95,142
WBGene00007695,41,165,206
WBGene00007696,79,2796,2875
WBGene00007697,58,272,330
WBGene00007698,84,578,662
WBGene00007699,0,2,2
WBGene00007700,0,0,0
WBGene00007701,27,8,35
WBGene00007702,121,355,476
WBGene00007703,651,1639,2290
WBGene00007704,16,120,136
WBGene00007705,15,458,473
WBGene00007706,54,1432,1486
WBGene00007707,20,463,483
WBGene00007708,0,0,0
WBGene00007709,1,135,136
WBGene00007710,40,492,532
WBGene00007711,26,736,762
WBGene00007712,16,2468,2484
WBGene00007713,0,48,48
WBGene00007714,1,9,10
WBGene00007716,0,6,6
WBGene00007717,42,26,68
WBGene00007718,3,914,917
WBGene00007719,0,15,15
WBGene00007720,5,492,497
WBGene00007722,61,248,309
WBGene00007723,46,110,156
WBGene00007724,15,41,56
WBGene00007725,35,57,92
WBGene00007726,52,42,94
WBGene00007727,6,11,17
WBGene00007728,5,48,53
WBGene00007729,36,73,109
WBGene00007730,27,740,767
WBGene00007731,1,506,507
WBGene00007732,4,37,41
WBGene00007733,0,26,26
WBGene00007734,4,9,13
WBGene00007735,12,6,18
WBGene00007736,42,314,356
WBGene00007739,107,55,162
WBGene00007740,2,2,4
WBGene00007741,77,146,223
WBGene00007742,17,14,31
WBGene00007743,86,288,374
WBGene00007744,281,310,591
WBGene00007745,62,229,291
WBGene00007746,55,266,321
WBGene00007747,19,13,32
WBGene00007748,23,119,142
WBGene00007749,23,239,262
WBGene00007750,136,368,504
WBGene00007751,109,94,203
WBGene00007752,335,1215,1550
WBGene00007753,121,283,404
WBGene00007755,57,76,133
WBGene00007756,136,576,712
WBGene00007757,140,97,237
WBGene00007758,109,509,618
WBGene00007759,2,4,6
WBGene00007760,37,375,412
WBGene00007761,508,1298,1806
WBGene00007762,17,286,303
WBGene00007763,42,59,101
WBGene00007764,262,923,1185
WBGene00007765,24,138,162
WBGene00007766,3,97,100
WBGene00007768,12,15,27
WBGene00007769,16,2,18
WBGene00007770,0,0,0
WBGene00007771,5,104,109
WBGene00007772,66,580,646
WBGene00007773,3,13,16
WBGene00007774,80,515,595
WBGene00007775,109,153,262
WBGene00007776,92,341,433
WBGene00007777,39,2,41
WBGene00007778,13,18,31
WBGene00007779,35,139,174
WBGene00007780,23,141,164
WBGene00007784,87,1969,2056
WBGene00007785,15,599,614
WBGene00007786,191,5193,5384
WBGene00007787,17,1112,1129
WBGene00007788,22,52,74
WBGene00007789,31,82,113
WBGene00007791,62,58,120
WBGene00007792,1,13,14
WBGene00007793,3,2,5
WBGene00007794,5,5,10
WBGene00007795,3,2,5
WBGene00007796,20,53,73
WBGene00007797,43,133,176
WBGene00007799,356,444,800
WBGene00007800,38,68,106
WBGene00007801,187,536,723
WBGene00007802,63,29,92
WBGene00007804,4,19,23
WBGene00007805,5,2,7
WBGene00007806,11,7,18
WBGene00007807,143,902,1045
WBGene00007808,50,54,104
WBGene00007809,8,25,33
WBGene00007810,40,106,146
WBGene00007811,69,487,556
WBGene00007812,265,1578,1843
WBGene00007813,57,30,87
WBGene00007816,224,119,343
WBGene00007817,279,557,836
WBGene00007818,56,355,411
WBGene00007819,26,131,157
WBGene00007820,140,377,517
WBGene00007822,31,5,36
WBGene00007823,55,16,71
WBGene00007824,2218,3223,5441
WBGene00007825,24,290,314
WBGene00007826,19,647,666
WBGene00007827,222,1437,1659
WBGene00007829,59,19,78
WBGene00007831,2,29,31
WBGene00007832,5,26,31
WBGene00007833,37,42,79
WBGene00007834,8,12,20
WBGene00007835,12,26,38
WBGene00007836,14,1435,1449
WBGene00007837,41,180,221
WBGene00007840,224,49,273
WBGene00007841,79,896,975
WBGene00007842,3,98,101
WBGene00007844,23,9,32
WBGene00007845,4,39,43
WBGene00007846,38,225,263
WBGene00007847,50,276,326
WBGene00007848,466,4358,4824
WBGene00007849,142,146,288
WBGene00007850,19,5,24
WBGene00007851,24,15,39
WBGene00007852,4,5,9
WBGene00007853,9,18,27
WBGene00007854,170,237,407
WBGene00007855,0,1429,1429
WBGene00007856,7,259,266
WBGene00007857,22,137,159
WBGene00007858,21,28,49
WBGene00007859,82,1162,1244
WBGene00007860,353,1394,1747
WBGene00007861,23,25,48
WBGene00007862,206,397,603
WBGene00007863,12,20,32
WBGene00007864,12,53,65
WBGene00007865,8,9,17
WBGene00007866,14,34,48
WBGene00007867,36,165,201
WBGene00007868,2,17,19
WBGene00007869,8,37,45
WBGene00007870,26,65,91
WBGene00007871,0,0,0
WBGene00007872,0,1,1
WBGene00007873,0,3,3
WBGene00007874,0,3,3
WBGene00007875,34,317,351
WBGene00007876,8,6,14
WBGene00007877,458,2686,3144
WBGene00007878,190,210,400
WBGene00007880,1975,7490,9465
WBGene00007881,137,2014,2151
WBGene00007882,73,1664,1737
WBGene00007883,315,5164,5479
WBGene00007885,101,610,711
WBGene00007886,82,230,312
WBGene00007887,15,6,21
WBGene00007888,19,18,37
WBGene00007890,28,165,193
WBGene00007891,13,26,39
WBGene00007892,7,957,964
WBGene00007893,8,6,14
WBGene00007894,12,8,20
WBGene00007895,8,6,14
WBGene00007896,109,32,141
WBGene00007897,5,21,26
WBGene00007898,5,68,73
WBGene00007900,57,617,674
WBGene00007901,8,194,202
WBGene00007903,41,30,71
WBGene00007904,55,119,174
WBGene00007905,17,13,30
WBGene00007906,53,221,274
WBGene00007907,822,1329,2151
WBGene00007908,171,468,639
WBGene00007909,61,168,229
WBGene00007910,11,40,51
WBGene00007911,32,100,132
WBGene00007912,76,542,618
WBGene00007913,94,203,297
WBGene00007914,88,562,650
WBGene00007916,25,217,242
WBGene00007917,94,582,676
WBGene00007918,36,456,492
WBGene00007919,148,520,668
WBGene00007920,0,8,8
WBGene00007921,160,944,1104
WBGene00007922,179,624,803
WBGene00007923,185,990,1175
WBGene00007924,241,3570,3811
WBGene00007925,45,462,507
WBGene00007926,65,38,103
WBGene00007927,394,2943,3337
WBGene00007928,19,69,88
WBGene00007929,51,200,251
WBGene00007930,2,1,3
WBGene00007931,32,248,280
WBGene00007932,125,278,403
WBGene00007933,101,354,455
WBGene00007934,74,662,736
WBGene00007935,116,38,154
WBGene00007937,21,46,67
WBGene00007938,25,120,145
WBGene00007939,38,127,165
WBGene00007941,64,142,206
WBGene00007942,136,1025,1161
WBGene00007943,47,396,443
WBGene00007944,87,809,896
WBGene00007945,30,107,137
WBGene00007946,52,402,454
WBGene00007947,68,261,329
WBGene00007948,23,13,36
WBGene00007949,9,22,31
WBGene00007950,215,855,1070
WBGene00007951,96,266,362
WBGene00007952,63,1164,1227
WBGene00007953,83,199,282
WBGene00007954,27,21,48
WBGene00007955,97,2417,2514
WBGene00007956,74,278,352
WBGene00007957,29,85,114
WBGene00007958,321,956,1277
WBGene00007959,138,454,592
WBGene00007960,1,6,7
WBGene00007961,0,13,13
WBGene00007963,16,13,29
WBGene00007964,56,445,501
WBGene00007965,35,333,368
WBGene00007966,10,176,186
WBGene00007967,33,207,240
WBGene00007969,56,2209,2265
WBGene00007970,27,157,184
WBGene00007971,158,1516,1674
WBGene00007972,112,497,609
WBGene00007973,13,61,74
WBGene00007974,98,855,953
WBGene00007975,114,701,815
WBGene00007976,41,283,324
WBGene00007977,11,18,29
WBGene00007978,86,310,396
WBGene00007979,51,497,548
WBGene00007980,173,2752,2925
WBGene00007981,117,1565,1682
WBGene00007982,155,652,807
WBGene00007983,74,245,319
WBGene00007984,74,889,963
WBGene00007985,198,96,294
WBGene00007986,6,5,11
WBGene00007987,2,5,7
WBGene00007988,30,28,58
WBGene00007989,3,105,108
WBGene00007990,4,49,53
WBGene00007991,57,151,208
WBGene00007992,4,161,165
WBGene00007993,180,2816,2996
WBGene00007994,79,182,261
WBGene00007995,18,2,20
WBGene00007996,8,19,27
WBGene00007997,2639,48,2687
WBGene00007998,9,6,15
WBGene00007999,19,47,66
WBGene00008000,46,1183,1229
WBGene00008001,9,7,16
WBGene00008002,91,379,470
WBGene00008003,14,180,194
WBGene00008005,51,171,222
WBGene00008006,97,635,732
WBGene00008007,9,38,47
WBGene00008008,102,197,299
WBGene00008009,34,2,36
WBGene00008010,54,31,85
WBGene00008012,0,22,22
WBGene00008014,10,8,18
WBGene00008015,21,9,30
WBGene00008016,1,5,6
WBGene00008017,7,8,15
WBGene00008018,162,518,680
WBGene00008019,79,492,571
WBGene00008020,13,81,94
WBGene00008021,26,77,103
WBGene00008022,105,160,265
WBGene00008023,1,85,86
WBGene00008024,1,4,5
WBGene00008025,32,219,251
WBGene00008027,26,108,134
WBGene00008028,45,143,188
WBGene00008029,2,1,3
WBGene00008030,1,4,5
WBGene00008031,47,34,81
WBGene00008032,57,2842,2899
WBGene00008033,90,328,418
WBGene00008034,256,2743,2999
WBGene00008035,31,620,651
WBGene00008036,3,2,5
WBGene00008037,2,12,14
WBGene00008038,12,5,17
WBGene00008039,28,197,225
WBGene00008040,416,2716,3132
WBGene00008041,249,2876,3125
WBGene00008042,15,65,80
WBGene00008043,128,475,603
WBGene00008044,18,26,44
WBGene00008045,44,145,189
WBGene00008047,43,48,91
WBGene00008049,43,2,45
WBGene00008050,22,199,221
WBGene00008051,52,96,148
WBGene00008052,72,452,524
WBGene00008053,88,1762,1850
WBGene00008054,51,3,54
WBGene00008056,26,9,35
WBGene00008057,5,5,10
WBGene00008058,4,21,25
WBGene00008059,0,0,0
WBGene00008060,0,1,1
WBGene00008061,31,93,124
WBGene00008062,40,105,145
WBGene00008063,34,66,100
WBGene00008064,3729,69,3798
WBGene00008065,84,159,243
WBGene00008066,10,41,51
WBGene00008067,2,4,6
WBGene00008068,3,3,6
WBGene00008069,2,4,6
WBGene00008070,1,32,33
WBGene00008071,78,28,106
WBGene00008072,13,19,32
WBGene00008073,4,114,118
WBGene00008074,21,10,31
WBGene00008075,40,94,134
WBGene00008076,40,122,162
WBGene00008077,20,18,38
WBGene00008078,42,262,304
WBGene00008079,14,25,39
WBGene00008080,9,32,41
WBGene00008081,195,455,650
WBGene00008082,86,192,278
WBGene00008084,8,18,26
WBGene00008085,44,276,320
WBGene00008086,9,19,28
WBGene00008087,18,3,21
WBGene00008088,7,22,29
WBGene00008089,343,1038,1381
WBGene00008090,1,4,5
WBGene00008091,35,65,100
WBGene00008092,6,12,18
WBGene00008093,30,18,48
WBGene00008094,403,343,746
WBGene00008095,33,89,122
WBGene00008096,23,169,192
WBGene00008097,10,90,100
WBGene00008099,21,35,56
WBGene00008100,115,502,617
WBGene00008101,34,155,189
WBGene00008102,11,43,54
WBGene00008105,4,24,28
WBGene00008106,6,27,33
WBGene00008107,31,627,658
WBGene00008110,360,2951,3311
WBGene00008111,29,34,63
WBGene00008113,12,14,26
WBGene00008114,41,230,271
WBGene00008116,107,60,167
WBGene00008117,56,3077,3133
WBGene00008118,147,488,635
WBGene00008119,365,894,1259
WBGene00008120,294,874,1168
WBGene00008121,83,1188,1271
WBGene00008122,0,14,14
WBGene00008123,71,195,266
WBGene00008124,20,7,27
WBGene00008125,0,0,0
WBGene00008126,10,3,13
WBGene00008127,71,62,133
WBGene00008128,52,102,154
WBGene00008129,23,28,51
WBGene00008130,6,93,99
WBGene00008131,44,661,705
WBGene00008132,133,684,817
WBGene00008133,137,262,399
WBGene00008134,92,596,688
WBGene00008136,59,702,761
WBGene00008137,12,16,28
WBGene00008138,2,24,26
WBGene00008139,24,58,82
WBGene00008140,649,269,918
WBGene00008141,6,9,15
WBGene00008142,69,421,490
WBGene00008143,177,1163,1340
WBGene00008144,43,199,242
WBGene00008145,111,194,305
WBGene00008146,21,15,36
WBGene00008147,193,1240,1433
WBGene00008148,21,284,305
WBGene00008149,382,11423,11805
WBGene00008150,70,29,99
WBGene00008151,180,2243,2423
WBGene00008152,34,378,412
WBGene00008153,29,10,39
WBGene00008154,10,17,27
WBGene00008155,33,58,91
WBGene00008156,10,3,13
WBGene00008157,10,28,38
WBGene00008158,17,21,38
WBGene00008159,9,1,10
WBGene00008160,17,10,27
WBGene00008161,17,6,23
WBGene00008162,25,15,40
WBGene00008163,0,0,0
WBGene00008164,55,1350,1405
WBGene00008165,47,659,706
WBGene00008166,49,598,647
WBGene00008167,79,144,223
WBGene00008168,38,292,330
WBGene00008169,13,153,166
WBGene00008170,33,180,213
WBGene00008171,19,58,77
WBGene00008172,5,88,93
WBGene00008173,29,357,386
WBGene00008174,27,80,107
WBGene00008175,6,3,9
WBGene00008176,16,37,53
WBGene00008177,59,152,211
WBGene00008178,397,29,426
WBGene00008180,32,56,88
WBGene00008183,1620,767,2387
WBGene00008184,11,26,37
WBGene00008185,127,2,129
WBGene00008186,69,15,84
WBGene00008187,58,12,70
WBGene00008188,17,5,22
WBGene00008190,39,23,62
WBGene00008191,209,4720,4929
WBGene00008194,258,983,1241
WBGene00008195,126,472,598
WBGene00008196,55,385,440
WBGene00008197,39,231,270
WBGene00008198,42,731,773
WBGene00008199,46,248,294
WBGene00008200,16,27,43
WBGene00008201,12,17,29
WBGene00008202,6,5,11
WBGene00008203,66,118,184
WBGene00008204,16,299,315
WBGene00008205,428,13393,13821
WBGene00008206,96,440,536
WBGene00008207,8,9,17
WBGene00008208,12,49,61
WBGene00008209,0,2,2
WBGene00008210,0,24,24
WBGene00008211,0,310,310
WBGene00008212,7,59,66
WBGene00008213,259,102,361
WBGene00008214,104,400,504
WBGene00008215,27,899,926
WBGene00008216,27,64,91
WBGene00008217,0,3,3
WBGene00008218,18,1010,1028
WBGene00008219,19,480,499
WBGene00008220,17,122,139
WBGene00008221,53,348,401
WBGene00008222,17,42,59
WBGene00008223,65,10,75
WBGene00008224,118,1827,1945
WBGene00008225,59,613,672
WBGene00008226,120,793,913
WBGene00008227,159,601,760
WBGene00008228,15,289,304
WBGene00008229,62,784,846
WBGene00008230,18,63,81
WBGene00008231,2,13,15
WBGene00008232,17,184,201
WBGene00008233,9,261,270
WBGene00008234,22,123,145
WBGene00008235,15,59,74
WBGene00008236,62,140,202
WBGene00008237,92,806,898
WBGene00008238,24,429,453
WBGene00008239,40,249,289
WBGene00008240,19,17,36
WBGene00008241,9,8,17
WBGene00008242,4,12,16
WBGene00008243,0,12,12
WBGene00008244,0,4,4
WBGene00008245,0,24,24
WBGene00008246,7,51,58
WBGene00008247,11,3,14
WBGene00008248,20,59,79
WBGene00008249,33,27,60
WBGene00008250,16,48,64
WBGene00008251,26,41,67
WBGene00008252,42,134,176
WBGene00008254,283,2933,3216
WBGene00008255,102,523,625
WBGene00008256,45,137,182
WBGene00008257,16,350,366
WBGene00008258,51,538,589
WBGene00008259,6,5,11
WBGene00008260,36,57,93
WBGene00008261,26,38,64
WBGene00008262,1065,27058,28123
WBGene00008263,151,125,276
WBGene00008265,214,192,406
WBGene00008266,47,309,356
WBGene00008267,12,42,54
WBGene00008268,2,4,6
WBGene00008269,10,54,64
WBGene00008270,159,110,269
WBGene00008271,21,17,38
WBGene00008272,48,49,97
WBGene00008273,71,525,596
WBGene00008274,292,1820,2112
WBGene00008275,61,342,403
WBGene00008277,134,12,146
WBGene00008278,84,152,236
WBGene00008279,181,2,183
WBGene00008280,59,75,134
WBGene00008281,48,329,377
WBGene00008283,109,587,696
WBGene00008284,90,400,490
WBGene00008285,11,9,20
WBGene00008286,29,20,49
WBGene00008287,90,478,568
WBGene00008288,100,581,681
WBGene00008289,7,2,9
WBGene00008290,18,3,21
WBGene00008291,4,4,8
WBGene00008292,7,78,85
WBGene00008293,21,6,27
WBGene00008294,7,10,17
WBGene00008295,0,0,0
WBGene00008296,138,793,931
WBGene00008297,3,4,7
WBGene00008298,1122,8624,9746
WBGene00008299,23,22,45
WBGene00008300,23,210,233
WBGene00008301,41,22,63
WBGene00008302,15,19,34
WBGene00008303,27,35,62
WBGene00008304,15,58,73
WBGene00008306,31,43,74
WBGene00008307,376,285,661
WBGene00008308,24,6,30
WBGene00008309,28,55,83
WBGene00008310,78,552,630
WBGene00008311,112,1097,1209
WBGene00008312,38,13,51
WBGene00008313,4,12,16
WBGene00008314,88,82,170
WBGene00008315,185,829,1014
WBGene00008316,43,221,264
WBGene00008317,83,941,1024
WBGene00008318,24,262,286
WBGene00008319,0,2,2
WBGene00008320,37,74,111
WBGene00008321,15,2,17
WBGene00008322,5,7,12
WBGene00008323,11,234,245
WBGene00008324,3,18,21
WBGene00008325,4,44,48
WBGene00008326,0,2,2
WBGene00008327,6,6,12
WBGene00008328,41,2,43
WBGene00008329,27,3,30
WBGene00008330,21,517,538
WBGene00008331,126,998,1124
WBGene00008332,70,290,360
WBGene00008333,21,260,281
WBGene00008334,106,454,560
WBGene00008335,60,428,488
WBGene00008336,14,80,94
WBGene00008338,165,1140,1305
WBGene00008339,58,518,576
WBGene00008340,17,21,38
WBGene00008341,39,655,694
WBGene00008342,86,192,278
WBGene00008343,12,566,578
WBGene00008344,116,628,744
WBGene00008345,57,926,983
WBGene00008346,18,48,66
WBGene00008348,105,189,294
WBGene00008352,16,69,85
WBGene00008353,15,231,246
WBGene00008354,34,319,353
WBGene00008355,9,29,38
WBGene00008356,35,21581,21616
WBGene00008357,3,2283,2286
WBGene00008358,19,2011,2030
WBGene00008359,52,6873,6925
WBGene00008360,2,2699,2701
WBGene00008361,54,297,351
WBGene00008362,85,296,381
WBGene00008363,24,211,235
WBGene00008364,24,432,456
WBGene00008365,58,29,87
WBGene00008366,190,617,807
WBGene00008367,1,7,8
WBGene00008368,168,305,473
WBGene00008369,153,207,360
WBGene00008370,173,835,1008
WBGene00008371,184,544,728
WBGene00008372,24,25,49
WBGene00008375,29,1055,1084
WBGene00008376,46,95,141
WBGene00008377,2,7,9
WBGene00008378,1,10,11
WBGene00008379,28,151,179
WBGene00008380,68,628,696
WBGene00008381,77,31,108
WBGene00008382,30,126,156
WBGene00008383,3,19,22
WBGene00008384,42,80,122
WBGene00008385,20,193,213
WBGene00008386,244,1845,2089
WBGene00008387,13,78,91
WBGene00008388,33,137,170
WBGene00008389,74,661,735
WBGene00008390,69,270,339
WBGene00008392,1357,6476,7833
WBGene00008393,12,34,46
WBGene00008394,16,15,31
WBGene00008395,590,3804,4394
WBGene00008396,0,37,37
WBGene00008397,0,0,0
WBGene00008398,636,3237,3873
WBGene00008399,49,160,209
WBGene00008400,133,795,928
WBGene00008401,80,125,205
WBGene00008402,67,529,596
WBGene00008403,29,124,153
WBGene00008404,39,1117,1156
WBGene00008405,76,2406,2482
WBGene00008407,368,1000,1368
WBGene00008408,55,949,1004
WBGene00008409,97,1821,1918
WBGene00008410,63,682,745
WBGene00008411,101,575,676
WBGene00008412,108,963,1071
WBGene00008413,67,509,576
WBGene00008414,516,8309,8825
WBGene00008415,262,6317,6579
WBGene00008417,42,248,290
WBGene00008418,44,189,233
WBGene00008419,353,2123,2476
WBGene00008420,201,1173,1374
WBGene00008421,103,240,343
WBGene00008422,69,1025,1094
WBGene00008423,2,251,253
WBGene00008424,13,108,121
WBGene00008425,22,86,108
WBGene00008426,112,480,592
WBGene00008427,23,37,60
WBGene00008428,33,729,762
WBGene00008429,95,585,680
WBGene00008430,222,1335,1557
WBGene00008431,194,436,630
WBGene00008432,165,554,719
WBGene00008433,1,5,6
WBGene00008434,46,591,637
WBGene00008435,77,261,338
WBGene00008436,219,2264,2483
WBGene00008438,792,1702,2494
WBGene00008439,164,541,705
WBGene00008440,2,140,142
WBGene00008441,180,337,517
WBGene00008442,135,419,554
WBGene00008443,1199,810,2009
WBGene00008444,470,885,1355
WBGene00008446,1119,6331,7450
WBGene00008447,41,362,403
WBGene00008448,4,14,18
WBGene00008449,17,54,71
WBGene00008450,54,737,791
WBGene00008451,31,117,148
WBGene00008452,212,2698,2910
WBGene00008453,230,1309,1539
WBGene00008454,26,473,499
WBGene00008455,99,845,944
WBGene00008456,11,310,321
WBGene00008457,74,193,267
WBGene00008458,131,723,854
WBGene00008459,151,947,1098
WBGene00008460,89,33,122
WBGene00008462,65,75,140
WBGene00008463,11,16,27
WBGene00008464,7,9,16
WBGene00008468,42,16,58
WBGene00008470,5,4,9
WBGene00008471,9,7,16
WBGene00008472,54,15,69
WBGene00008473,22,11,33
WBGene00008474,9,8,17
WBGene00008475,25,16,41
WBGene00008476,35,128,163
WBGene00008477,2,287,289
WBGene00008478,5,5,10
WBGene00008479,11,3,14
WBGene00008480,134,2786,2920
WBGene00008481,56,119,175
WBGene00008482,25,27,52
WBGene00008483,25,41,66
WBGene00008484,45,1786,1831
WBGene00008485,8,16,24
WBGene00008486,33,1843,1876
WBGene00008488,38,162,200
WBGene00008489,26,21,47
WBGene00008490,31,61,92
WBGene00008491,86,92,178
WBGene00008492,65,404,469
WBGene00008493,6,32,38
WBGene00008494,27,185,212
WBGene00008495,63,627,690
WBGene00008496,18,11,29
WBGene00008497,25,5,30
WBGene00008498,41,42,83
WBGene00008499,48,206,254
WBGene00008500,132,93,225
WBGene00008502,134,817,951
WBGene00008503,11,227,238
WBGene00008504,22,773,795
WBGene00008505,985,23704,24689
WBGene00008506,83,4594,4677
WBGene00008507,6,14,20
WBGene00008508,5,16,21
WBGene00008509,11,319,330
WBGene00008510,289,1748,2037
WBGene00008511,54,72,126
WBGene00008512,23,18,41
WBGene00008513,75,260,335
WBGene00008514,305,3186,3491
WBGene00008515,147,393,540
WBGene00008516,20,103,123
WBGene00008517,28,59,87
WBGene00008518,40,91,131
WBGene00008519,152,384,536
WBGene00008520,95,46,141
WBGene00008521,148,1470,1618
WBGene00008522,2,535,537
WBGene00008523,17,1,18
WBGene00008524,71,5,76
WBGene00008526,17,18,35
WBGene00008527,30,7,37
WBGene00008528,149,1063,1212
WBGene00008529,55,50,105
WBGene00008530,259,2701,2960
WBGene00008531,64,452,516
WBGene00008532,162,1719,1881
WBGene00008533,191,455,646
WBGene00008535,21,18,39
WBGene00008536,13,19,32
WBGene00008538,938,5440,6378
WBGene00008539,25,32,57
WBGene00008540,38,18,56
WBGene00008541,6,14,20
WBGene00008542,29,147,176
WBGene00008543,36,304,340
WBGene00008545,44,36,80
WBGene00008546,181,806,987
WBGene00008547,101,613,714
WBGene00008548,67,162,229
WBGene00008549,491,3839,4330
WBGene00008550,19,24,43
WBGene00008551,21,25,46
WBGene00008552,2,8,10
WBGene00008553,7,68,75
WBGene00008554,206,2063,2269
WBGene00008555,1018,1797,2815
WBGene00008556,18,19,37
WBGene00008557,120,181,301
WBGene00008558,10,54,64
WBGene00008559,28,38,66
WBGene00008560,32,167,199
WBGene00008561,36,56,92
WBGene00008563,5,676,681
WBGene00008564,57,323,380
WBGene00008565,141,543,684
WBGene00008566,16,33,49
WBGene00008567,12,178,190
WBGene00008568,25,17,42
WBGene00008569,19,166,185
WBGene00008570,608,519,1127
WBGene00008571,126,182,308
WBGene00008572,1092,11278,12370
WBGene00008574,6,6,12
WBGene00008575,72,486,558
WBGene00008576,0,624,624
WBGene00008577,0,2997,2997
WBGene00008578,78,202,280
WBGene00008579,274,259,533
WBGene00008580,9,36,45
WBGene00008581,1,2,3
WBGene00008582,205,2546,2751
WBGene00008583,198,374,572
WBGene00008584,271,1576,1847
WBGene00008585,104,313,417
WBGene00008586,167,1517,1684
WBGene00008587,27,118,145
WBGene00008588,23,142,165
WBGene00008589,302,1033,1335
WBGene00008590,0,5,5
WBGene00008591,9,309,318
WBGene00008592,9,524,533
WBGene00008593,8,22,30
WBGene00008594,59,176,235
WBGene00008595,47,192,239
WBGene00008596,36,62,98
WBGene00008597,69,38,107
WBGene00008598,40,50,90
WBGene00008599,36,61,97
WBGene00008600,315,48,363
WBGene00008601,1087,1858,2945
WBGene00008602,491,2163,2654
WBGene00008603,460,3484,3944
WBGene00008604,122,394,516
WBGene00008605,64,95,159
WBGene00008606,58,303,361
WBGene00008607,438,1903,2341
WBGene00008609,66,22,88
WBGene00008610,203,3038,3241
WBGene00008611,3,20,23
WBGene00008612,146,11,157
WBGene00008613,14,59,73
WBGene00008615,18,61,79
WBGene00008616,7,121,128
WBGene00008617,15,7,22
WBGene00008618,5,9,14
WBGene00008619,9,9,18
WBGene00008620,1,5,6
WBGene00008621,144,278,422
WBGene00008622,176,1262,1438
WBGene00008623,209,10,219
WBGene00008624,252,1397,1649
WBGene00008625,12,15,27
WBGene00008626,19,159,178
WBGene00008627,19,35,54
WBGene00008628,207,10369,10576
WBGene00008629,19,170,189
WBGene00008630,11,33,44
WBGene00008631,6,8,14
WBGene00008632,5,14,19
WBGene00008633,1,11,12
WBGene00008634,7,105,112
WBGene00008636,1,5,6
WBGene00008637,2,7,9
WBGene00008638,11,6,17
WBGene00008639,61,203,264
WBGene00008640,16,27,43
WBGene00008641,20,206,226
WBGene00008642,10,620,630
WBGene00008643,10,58,68
WBGene00008644,41,129,170
WBGene00008645,31,545,576
WBGene00008646,46,338,384
WBGene00008647,16,48,64
WBGene00008648,113,574,687
WBGene00008649,31,21,52
WBGene00008650,16,12,28
WBGene00008651,15,13,28
WBGene00008652,43,42,85
WBGene00008654,279,73,352
WBGene00008655,18,17,35
WBGene00008656,24,137,161
WBGene00008659,6,13,19
WBGene00008660,5,24,29
WBGene00008661,17,10,27
WBGene00008662,39,144,183
WBGene00008663,32,345,377
WBGene00008664,9,836,845
WBGene00008665,3677,388,4065
WBGene00008666,165,651,816
WBGene00008667,74,218,292
WBGene00008668,65,22,87
WBGene00008669,65,423,488
WBGene00008670,175,597,772
WBGene00008671,0,71,71
WBGene00008672,0,16,16
WBGene00008673,29,5,34
WBGene00008674,0,7,7
WBGene00008675,6,6,12
WBGene00008676,10,7,17
WBGene00008677,7,53,60
WBGene00008678,1,25,26
WBGene00008679,3,39,42
WBGene00008680,11,17,28
WBGene00008681,49,270,319
WBGene00008682,51,1354,1405
WBGene00008683,154,929,1083
WBGene00008684,29,384,413
WBGene00008685,121,527,648
WBGene00008686,76,405,481
WBGene00008687,25,427,452
WBGene00008688,295,1963,2258
WBGene00008690,226,871,1097
WBGene00008691,27,450,477
WBGene00008692,81,109,190
WBGene00008693,15,63,78
WBGene00008694,777,3449,4226
WBGene00008695,46,47,93
WBGene00008696,1,4,5
WBGene00008698,20,6,26
WBGene00008699,10,0,10
WBGene00008700,9,8,17
WBGene00008701,12,6,18
WBGene00008702,10,2,12
WBGene00008703,2,2,4
WBGene00008706,1659,3579,5238
WBGene00008707,12,1332,1344
WBGene00008708,20,17,37
WBGene00008709,17,29,46
WBGene00008710,24,652,676
WBGene00008711,157,182,339
WBGene00008712,15,107,122
WBGene00008713,50,173,223
WBGene00008714,65,68,133
WBGene00008716,2,18,20
WBGene00008717,4,5,9
WBGene00008719,23,34,57
WBGene00008720,34,1043,1077
WBGene00008722,43,487,530
WBGene00008724,41,32,73
WBGene00008725,4,4,8
WBGene00008726,81,326,407
WBGene00008727,12,19,31
WBGene00008728,10,22,32
WBGene00008729,117,2034,2151
WBGene00008730,50,104,154
WBGene00008731,76,76,152
WBGene00008732,72,57,129
WBGene00008733,40,373,413
WBGene00008734,3,13,16
WBGene00008735,627,772,1399
WBGene00008736,110,109,219
WBGene00008737,5,21,26
WBGene00008739,41,163,204
WBGene00008740,4,240,244
WBGene00008741,398,2342,2740
WBGene00008742,36,238,274
WBGene00008743,32,90,122
WBGene00008744,126,1302,1428
WBGene00008745,91,2913,3004
WBGene00008746,147,176,323
WBGene00008747,21,76,97
WBGene00008748,49,635,684
WBGene00008749,88,489,577
WBGene00008750,294,394,688
WBGene00008751,0,4,4
WBGene00008752,0,6,6
WBGene00008753,9,5,14
WBGene00008754,6,15,21
WBGene00008755,20,62,82
WBGene00008757,2,63,65
WBGene00008758,2,9,11
WBGene00008759,6,25,31
WBGene00008760,20,475,495
WBGene00008761,109,914,1023
WBGene00008762,8,377,385
WBGene00008763,57,161,218
WBGene00008764,50,1101,1151
WBGene00008765,73,3035,3108
WBGene00008766,106,465,571
WBGene00008767,54,723,777
WBGene00008768,1094,5722,6816
WBGene00008769,33,1327,1360
WBGene00008770,69,813,882
WBGene00008772,14,3,17
WBGene00008773,30,187,217
WBGene00008774,26,350,376
WBGene00008775,175,650,825
WBGene00008776,101,190,291
WBGene00008777,279,2836,3115
WBGene00008778,7,14,21
WBGene00008779,148,209,357
WBGene00008780,194,1120,1314
WBGene00008781,162,1113,1275
WBGene00008782,0,6,6
WBGene00008783,231,890,1121
WBGene00008784,3,12,15
WBGene00008785,14,9,23
WBGene00008786,15,10,25
WBGene00008787,33,95,128
WBGene00008788,3,11,14
WBGene00008789,5,19,24
WBGene00008790,3,5,8
WBGene00008792,4,3,7
WBGene00008793,105,140,245
WBGene00008794,4,10,14
WBGene00008795,11,57,68
WBGene00008796,7,14,21
WBGene00008797,1,8,9
WBGene00008798,13,212,225
WBGene00008799,13,67,80
WBGene00008800,108,1413,1521
WBGene00008801,28,21,49
WBGene00008802,30,60,90
WBGene00008803,309,2890,3199
WBGene00008804,34,55,89
WBGene00008805,89,558,647
WBGene00008806,37,276,313
WBGene00008807,12,28,40
WBGene00008808,89,25,114
WBGene00008809,20,25,45
WBGene00008810,163,793,956
WBGene00008811,3,4,7
WBGene00008812,20,19,39
WBGene00008814,17,6,23
WBGene00008815,12,18,30
WBGene00008816,9,6,15
WBGene00008817,0,1,1
WBGene00008818,15,12,27
WBGene00008819,422,822,1244
WBGene00008820,26,2176,2202
WBGene00008821,42,5,47
WBGene00008822,29,28,57
WBGene00008823,4,17,21
WBGene00008824,7,4,11
WBGene00008825,8,6,14
WBGene00008826,2,7,9
WBGene00008828,5,8,13
WBGene00008829,41,26,67
WBGene00008830,3,35,38
WBGene00008831,17,17,34
WBGene00008832,121,669,790
WBGene00008833,16,280,296
WBGene00008834,14,581,595
WBGene00008835,5,53,58
WBGene00008837,7,3,10
WBGene00008838,25,28,53
WBGene00008839,7,8,15
WBGene00008840,13,97,110
WBGene00008841,1451,7689,9140
WBGene00008843,8,8,16
WBGene00008844,2,3,5
WBGene00008847,3,11,14
WBGene00008848,8,175,183
WBGene00008849,72,24,96
WBGene00008850,10,81,91
WBGene00008851,86,148,234
WBGene00008852,4476,2758,7234
WBGene00008853,15,4,19
WBGene00008854,49,11,60
WBGene00008855,12,7,19
WBGene00008856,297,1501,1798
WBGene00008857,36,7395,7431
WBGene00008858,11,17,28
WBGene00008859,2,217,219
WBGene00008860,1194,6719,7913
WBGene00008861,29,344,373
WBGene00008862,32,84,116
WBGene00008863,13,18,31
WBGene00008865,98,1267,1365
WBGene00008866,102,25,127
WBGene00008868,137,160,297
WBGene00008869,34,138,172
WBGene00008870,11,15,26
WBGene00008871,26,9,35
WBGene00008872,20,2,22
WBGene00008874,39,28,67
WBGene00008875,5,31,36
WBGene00008876,244,462,706
WBGene00008877,46,374,420
WBGene00008878,1200,1612,2812
WBGene00008879,77,88,165
WBGene00008880,75,304,379
WBGene00008881,15,19,34
WBGene00008882,119,701,820
WBGene00008883,10,52,62
WBGene00008884,34,33,67
WBGene00008885,39,176,215
WBGene00008886,105,102,207
WBGene00008887,36,434,470
WBGene00008889,7,9,16
WBGene00008890,44,90,134
WBGene00008891,8,192,200
WBGene00008892,33,13,46
WBGene00008893,20,6,26
WBGene00008894,87,29,116
WBGene00008897,42,33,75
WBGene00008898,4,0,4
WBGene00008899,50,4,54
WBGene00008900,15,76,91
WBGene00008901,2063,5,2068
WBGene00008902,42,3,45
WBGene00008903,21,12,33
WBGene00008904,1,18,19
WBGene00008905,19,74,93
WBGene00008906,3,10,13
WBGene00008907,1,8,9
WBGene00008908,19,4,23
WBGene00008909,2,5,7
WBGene00008910,130,851,981
WBGene00008911,4,0,4
WBGene00008912,5,49,54
WBGene00008914,232,6115,6347
WBGene00008915,144,4556,4700
WBGene00008916,55,105,160
WBGene00008917,45,81,126
WBGene00008918,17,326,343
WBGene00008919,194,1440,1634
WBGene00008920,19187,94615,113802
WBGene00008921,92,620,712
WBGene00008922,490,7148,7638
WBGene00008923,124,224,348
WBGene00008924,144,291,435
WBGene00008925,123,2436,2559
WBGene00008926,102,349,451
WBGene00008927,243,593,836
WBGene00008928,2,3,5
WBGene00008929,71,645,716
WBGene00008930,590,2722,3312
WBGene00008932,295,679,974
WBGene00008934,177,765,942
WBGene00008935,13,21,34
WBGene00008936,90,399,489
WBGene00008937,10,20,30
WBGene00008939,160,470,630
WBGene00008940,102,557,659
WBGene00008944,339,1799,2138
WBGene00008945,15,34,49
WBGene00008946,44,2,46
WBGene00008947,27,21,48
WBGene00008948,104,1490,1594
WBGene00008949,6,39,45
WBGene00008950,5,18,23
WBGene00008951,213,632,845
WBGene00008952,60,184,244
WBGene00008953,130,247,377
WBGene00008954,36,61,97
WBGene00008955,31,50,81
WBGene00008956,56,114,170
WBGene00008957,102,890,992
WBGene00008958,3,14,17
WBGene00008959,2,8,10
WBGene00008960,18,5,23
WBGene00008961,9,140,149
WBGene00008963,76,943,1019
WBGene00008964,300,391,691
WBGene00008965,36,43,79
WBGene00008967,4,122,126
WBGene00008968,16,62,78
WBGene00008969,126,527,653
WBGene00008970,23,177,200
WBGene00008971,27,718,745
WBGene00008972,11,6,17
WBGene00008973,45,1101,1146
WBGene00008974,165,651,816
WBGene00008975,49,1628,1677
WBGene00008976,3,30,33
WBGene00008977,39,89,128
WBGene00008978,73,232,305
WBGene00008979,51,601,652
WBGene00008980,141,1472,1613
WBGene00008981,8,7,15
WBGene00008982,3,8,11
WBGene00008983,10,3,13
WBGene00008984,7,0,7
WBGene00008985,16,48,64
WBGene00008986,139,596,735
WBGene00008987,143,518,661
WBGene00008988,32,118,150
WBGene00008989,55,242,297
WBGene00008990,126,1043,1169
WBGene00008991,73,47,120
WBGene00008992,0,57,57
WBGene00008993,23,116,139
WBGene00008994,28,30,58
WBGene00008995,125,116,241
WBGene00008996,69,314,383
WBGene00008997,172,213,385
WBGene00008998,291,1095,1386
WBGene00008999,527,2450,2977
WBGene00009000,13,64,77
WBGene00009001,34,9,43
WBGene00009002,167,1580,1747
WBGene00009004,500,8207,8707
WBGene00009005,27,2,29
WBGene00009006,29,240,269
WBGene00009007,40,761,801
WBGene00009008,257,1070,1327
WBGene00009009,15,117,132
WBGene00009010,51,473,524
WBGene00009011,43,725,768
WBGene00009012,112,2143,2255
WBGene00009013,117,1753,1870
WBGene00009014,14,56,70
WBGene00009015,47,12,59
WBGene00009016,68,4,72
WBGene00009017,0,5,5
WBGene00009018,38,104,142
WBGene00009021,1,0,1
WBGene00009022,20,22,42
WBGene00009023,56,191,247
WBGene00009024,11,12,23
WBGene00009025,54,164,218
WBGene00009026,29,108,137
WBGene00009027,154,309,463
WBGene00009028,50,14,64
WBGene00009029,1,34,35
WBGene00009030,21,126,147
WBGene00009031,20,49,69
WBGene00009032,25,7,32
WBGene00009033,7,11,18
WBGene00009035,15,56,71
WBGene00009036,16,7,23
WBGene00009038,167,3,170
WBGene00009039,28,34,62
WBGene00009041,4,52,56
WBGene00009042,64,1043,1107
WBGene00009043,20,37,57
WBGene00009044,9,9,18
WBGene00009045,29,1369,1398
WBGene00009046,2,13,15
WBGene00009048,23,1290,1313
WBGene00009049,131,1767,1898
WBGene00009050,391,10417,10808
WBGene00009051,632,5423,6055
WBGene00009052,86,1190,1276
WBGene00009054,74,367,441
WBGene00009056,284,1666,1950
WBGene00009057,87,384,471
WBGene00009058,74,1526,1600
WBGene00009059,27,154,181
WBGene00009060,107,132,239
WBGene00009061,44,31,75
WBGene00009063,2,2,4
WBGene00009064,80,396,476
WBGene00009065,409,822,1231
WBGene00009067,0,20,20
WBGene00009068,66,123,189
WBGene00009069,0,3848,3848
WBGene00009070,1563,42,1605
WBGene00009073,45,34,79
WBGene00009075,15,8,23
WBGene00009077,11,12,23
WBGene00009078,1023,3152,4175
WBGene00009079,1,2,3
WBGene00009081,85,471,556
WBGene00009082,185,5134,5319
WBGene00009084,78,1762,1840
WBGene00009085,47,11,58
WBGene00009086,20,37,57
WBGene00009087,15,664,679
WBGene00009088,6,4,10
WBGene00009089,54,224,278
WBGene00009090,23,508,531
WBGene00009091,221,4345,4566
WBGene00009092,211,5871,6082
WBGene00009093,120,283,403
WBGene00009094,136,586,722
WBGene00009095,117,380,497
WBGene00009096,478,24435,24913
WBGene00009097,187,16255,16442
WBGene00009098,484,1243,1727
WBGene00009099,32,25,57
WBGene00009100,93,458,551
WBGene00009101,33,71,104
WBGene00009102,9,164,173
WBGene00009103,142,1905,2047
WBGene00009106,49,491,540
WBGene00009107,114,123,237
WBGene00009108,38,19,57
WBGene00009109,188,261,449
WBGene00009110,9,464,473
WBGene00009112,37,853,890
WBGene00009113,13,48,61
WBGene00009114,40,9,49
WBGene00009115,39,12,51
WBGene00009116,81,603,684
WBGene00009117,26,9,35
WBGene00009118,66,1280,1346
WBGene00009119,1889,197048,198937
WBGene00009120,163,1172,1335
WBGene00009121,18,254,272
WBGene00009122,274,35849,36123
WBGene00009123,68,162,230
WBGene00009124,120,334,454
WBGene00009125,42,123,165
WBGene00009126,323,5113,5436
WBGene00009127,114,729,843
WBGene00009128,0,1073,1073
WBGene00009129,19,24,43
WBGene00009130,27,1487,1514
WBGene00009131,91,533,624
WBGene00009132,33,695,728
WBGene00009133,80,305,385
WBGene00009134,30,19,49
WBGene00009135,15,91,106
WBGene00009136,17,21,38
WBGene00009137,39,363,402
WBGene00009138,12,743,755
WBGene00009139,112,978,1090
WBGene00009140,108,535,643
WBGene00009141,867,3507,4374
WBGene00009142,81,3784,3865
WBGene00009143,25,18,43
WBGene00009144,25,38,63
WBGene00009145,172,442,614
WBGene00009146,28,96,124
WBGene00009147,109,43,152
WBGene00009148,24,37,61
WBGene00009149,28,21,49
WBGene00009150,6,3,9
WBGene00009151,2,0,2
WBGene00009152,0,0,0
WBGene00009153,25,74,99
WBGene00009154,5,23,28
WBGene00009155,67,246,313
WBGene00009156,41,155,196
WBGene00009157,91,236,327
WBGene00009158,317,986,1303
WBGene00009159,50,514,564
WBGene00009160,39,11,50
WBGene00009161,1626,28930,30556
WBGene00009162,167,303,470
WBGene00009163,69,188,257
WBGene00009164,34,1159,1193
WBGene00009165,20,687,707
WBGene00009166,35,34,69
WBGene00009167,0,0,0
WBGene00009168,2,34,36
WBGene00009169,14,18,32
WBGene00009170,8,13,21
WBGene00009171,18,8,26
WBGene00009172,178,309,487
WBGene00009173,8,33,41
WBGene00009174,186,878,1064
WBGene00009176,22,401,423
WBGene00009177,37,393,430
WBGene00009178,127,56,183
WBGene00009179,150,642,792
WBGene00009180,1962,33711,35673
WBGene00009182,49,75,124
WBGene00009183,26,106,132
WBGene00009184,0,27,27
WBGene00009185,10,4,14
WBGene00009186,19,22,41
WBGene00009187,1136,4671,5807
WBGene00009188,67,1436,1503
WBGene00009189,619,5131,5750
WBGene00009190,115,211,326
WBGene00009191,12,431,443
WBGene00009192,85,145,230
WBGene00009193,33,13,46
WBGene00009194,80,28,108
WBGene00009195,0,3,3
WBGene00009196,45,27,72
WBGene00009197,15,11,26
WBGene00009198,4,3,7
WBGene00009199,18,20,38
WBGene00009200,125,919,1044
WBGene00009201,55,644,699
WBGene00009202,3,45,48
WBGene00009203,11,82,93
WBGene00009204,97,183,280
WBGene00009205,42,190,232
WBGene00009207,58,891,949
WBGene00009208,48,39,87
WBGene00009209,6,5,11
WBGene00009211,41,1477,1518
WBGene00009212,6,46,52
WBGene00009213,0,13,13
WBGene00009214,1,0,1
WBGene00009215,0,9,9
WBGene00009216,0,261,261
WBGene00009217,80,191,271
WBGene00009218,91,174,265
WBGene00009219,104,1244,1348
WBGene00009220,422,259,681
WBGene00009221,109,2380,2489
WBGene00009222,0,73,73
WBGene00009223,39,311,350
WBGene00009224,201,148,349
WBGene00009225,16,30,46
WBGene00009226,7,72,79
WBGene00009227,15,7,22
WBGene00009228,47,18,65
WBGene00009229,47,16,63
WBGene00009231,58,134,192
WBGene00009232,14,21,35
WBGene00009233,128,440,568
WBGene00009234,202,223,425
WBGene00009235,4,6,10
WBGene00009236,11,47,58
WBGene00009237,18,1587,1605
WBGene00009238,7,7,14
WBGene00009239,31,57,88
WBGene00009240,47,30,77
WBGene00009241,10,277,287
WBGene00009242,27,42,69
WBGene00009243,19,290,309
WBGene00009245,207,432,639
WBGene00009246,120,4842,4962
WBGene00009247,16,27,43
WBGene00009248,0,17,17
WBGene00009250,7,46,53
WBGene00009251,16,9,25
WBGene00009252,15,6,21
WBGene00009254,95,1103,1198
WBGene00009255,18,23,41
WBGene00009256,109,720,829
WBGene00009257,92,74,166
WBGene00009258,63,194,257
WBGene00009259,80,1174,1254
WBGene00009260,63,673,736
WBGene00009261,8,11,19
WBGene00009262,63,822,885
WBGene00009263,44,35,79
WBGene00009264,233,1071,1304
WBGene00009266,150,2035,2185
WBGene00009267,82,964,1046
WBGene00009268,1,21,22
WBGene00009269,12,15,27
WBGene00009270,22,201,223
WBGene00009271,100,214,314
WBGene00009272,7,127,134
WBGene00009274,75,518,593
WBGene00009276,58,603,661
WBGene00009277,193,345,538
WBGene00009278,82,92,174
WBGene00009279,13,6,19
WBGene00009280,2,65,67
WBGene00009281,11,7,18
WBGene00009283,9,101,110
WBGene00009284,151,481,632
WBGene00009285,57,701,758
WBGene00009286,39,251,290
WBGene00009287,39,196,235
WBGene00009288,89,153,242
WBGene00009289,67,763,830
WBGene00009290,93,1682,1775
WBGene00009291,124,292,416
WBGene00009292,51,78,129
WBGene00009293,14,60,74
WBGene00009294,895,7503,8398
WBGene00009296,7,43,50
WBGene00009297,4,16,20
WBGene00009298,4,9,13
WBGene00009299,3,35,38
WBGene00009300,2,0,2
WBGene00009301,4,5,9
WBGene00009302,1,1,2
WBGene00009303,59,9,68
WBGene00009304,293,534,827
WBGene00009305,157,674,831
WBGene00009306,15,1352,1367
WBGene00009307,86,2615,2701
WBGene00009308,14,10,24
WBGene00009311,35,23,58
WBGene00009312,996,28,1024
WBGene00009313,8,15,23
WBGene00009314,379,1098,1477
WBGene00009315,263,1061,1324
WBGene00009316,3,18,21
WBGene00009318,33,11,44
WBGene00009319,129,2254,2383
WBGene00009320,124,334,458
WBGene00009321,10,7,17
WBGene00009322,111,1102,1213
WBGene00009323,20,338,358
WBGene00009324,19,33,52
WBGene00009325,129,275,404
WBGene00009326,34,68,102
WBGene00009327,22,11,33
WBGene00009328,0,13,13
WBGene00009329,72,363,435
WBGene00009330,58,1901,1959
WBGene00009331,12,58,70
WBGene00009332,12,23,35
WBGene00009333,31,550,581
WBGene00009334,301,2489,2790
WBGene00009335,7,108,115
WBGene00009336,87,1116,1203
WBGene00009337,551,1998,2549
WBGene00009338,82,9,91
WBGene00009339,11,100,111
WBGene00009340,178,1075,1253
WBGene00009341,21,271,292
WBGene00009342,247,4576,4823
WBGene00009343,62,280,342
WBGene00009344,4,0,4
WBGene00009345,49,4,53
WBGene00009346,34,94,128
WBGene00009347,94,465,559
WBGene00009349,1,153,154
WBGene00009350,74,88,162
WBGene00009352,64,842,906
WBGene00009353,215,7429,7644
WBGene00009354,176,241,417
WBGene00009355,22,250,272
WBGene00009356,74,19,93
WBGene00009357,51,23,74
WBGene00009358,139,1172,1311
WBGene00009359,11,9,20
WBGene00009360,14,17,31
WBGene00009361,125,118,243
WBGene00009362,5,12,17
WBGene00009363,1,0,1
WBGene00009364,11,377,388
WBGene00009365,76,541,617
WBGene00009366,79,344,423
WBGene00009367,341,4403,4744
WBGene00009368,129,691,820
WBGene00009369,92,547,639
WBGene00009370,81,147,228
WBGene00009371,74,206,280
WBGene00009372,172,586,758
WBGene00009373,79,442,521
WBGene00009374,331,3242,3573
WBGene00009375,261,960,1221
WBGene00009377,5,1,6
WBGene00009378,12,14,26
WBGene00009379,8,132,140
WBGene00009380,60,450,510
WBGene00009381,17,11,28
WBGene00009382,5,4,9
WBGene00009383,983,8409,9392
WBGene00009384,0,55,55
WBGene00009385,39,645,684
WBGene00009386,6,66,72
WBGene00009387,38,66,104
WBGene00009388,435,4160,4595
WBGene00009389,140,585,725
WBGene00009390,46,37,83
WBGene00009391,10,1,11
WBGene00009392,14,1,15
WBGene00009393,31,170,201
WBGene00009394,536,3706,4242
WBGene00009395,9,35,44
WBGene00009396,82,446,528
WBGene00009397,29,354,383
WBGene00009398,0,17,17
WBGene00009399,36,97,133
WBGene00009400,51,37,88
WBGene00009401,6,31,37
WBGene00009402,4,13,17
WBGene00009403,12,116,128
WBGene00009404,9,143,152
WBGene00009405,26,469,495
WBGene00009406,98,380,478
WBGene00009408,507,2045,2552
WBGene00009409,7,678,685
WBGene00009410,6,4,10
WBGene00009412,20,6,26
WBGene00009413,46,22,68
WBGene00009415,2,1,3
WBGene00009416,19,23,42
WBGene00009417,11,8,19
WBGene00009418,3,29,32
WBGene00009419,0,0,0
WBGene00009420,0,4,4
WBGene00009421,4,14,18
WBGene00009422,1,0,1
WBGene00009423,0,915,915
WBGene00009424,26,74,100
WBGene00009426,4,2,6
WBGene00009427,6,19,25
WBGene00009429,10,64,74
WBGene00009430,169,709,878
WBGene00009431,62,355,417
WBGene00009432,42,497,539
WBGene00009433,102,460,562
WBGene00009434,89,447,536
WBGene00009435,89,532,621
WBGene00009436,24,1666,1690
WBGene00009437,24,36,60
WBGene00009438,28,21,49
WBGene00009439,353,1637,1990
WBGene00009440,206,4347,4553
WBGene00009441,46,306,352
WBGene00009442,36,87,123
WBGene00009443,94,1018,1112
WBGene00009444,69,697,766
WBGene00009445,45,809,854
WBGene00009446,1,1,2
WBGene00009447,20,46,66
WBGene00009448,27,422,449
WBGene00009449,21,11,32
WBGene00009450,16,516,532
WBGene00009451,167,1438,1605
WBGene00009452,180,501,681
WBGene00009453,130,352,482
WBGene00009454,2605,20052,22657
WBGene00009455,260,1659,1919
WBGene00009456,119,652,771
WBGene00009457,4,18,22
WBGene00009458,10,4,14
WBGene00009459,6,13,19
WBGene00009460,209,1877,2086
WBGene00009461,96,238,334
WBGene00009462,58,48,106
WBGene00009463,5,1,6
WBGene00009464,11,5,16
WBGene00009465,9,13,22
WBGene00009466,73,459,532
WBGene00009467,18,9,27
WBGene00009468,59,107,166
WBGene00009469,54,226,280
WBGene00009470,8,17,25
WBGene00009471,19,39,58
WBGene00009473,6,10,16
WBGene00009475,492,2800,3292
WBGene00009476,111,737,848
WBGene00009477,350,1964,2314
WBGene00009478,70,993,1063
WBGene00009479,58,542,600
WBGene00009480,36,38,74
WBGene00009481,2,70,72
WBGene00009482,309,977,1286
WBGene00009483,13,238,251
WBGene00009484,139,260,399
WBGene00009485,31,36,67
WBGene00009486,11,14,25
WBGene00009487,19,32,51
WBGene00009488,15,21,36
WBGene00009489,7,34,41
WBGene00009490,4,37,41
WBGene00009491,14,0,14
WBGene00009492,13,9,22
WBGene00009493,6,58,64
WBGene00009494,3,45,48
WBGene00009495,45,41,86
WBGene00009496,11,30,41
WBGene00009497,14,2,16
WBGene00009498,280,883,1163
WBGene00009499,142,640,782
WBGene00009500,108,639,747
WBGene00009501,12,1,13
WBGene00009502,9,5,14
WBGene00009503,91,1108,1199
WBGene00009504,9,194,203
WBGene00009505,14,466,480
WBGene00009507,159,470,629
WBGene00009508,83,533,616
WBGene00009509,6,44,50
WBGene00009510,6,43,49
WBGene00009511,123,115,238
WBGene00009512,38,900,938
WBGene00009513,14,20,34
WBGene00009514,2513,14435,16948
WBGene00009515,134,103,237
WBGene00009517,38,11,49
WBGene00009518,38,142,180
WBGene00009519,6,4,10
WBGene00009520,16,3,19
WBGene00009521,466,1639,2105
WBGene00009522,15,30,45
WBGene00009523,5,8,13
WBGene00009524,8,3,11
WBGene00009525,10,4,14
WBGene00009526,50,95,145
WBGene00009528,48,90,138
WBGene00009529,10,490,500
WBGene00009530,239,146,385
WBGene00009531,1276,7044,8320
WBGene00009532,525,1298,1823
WBGene00009533,34,195,229
WBGene00009534,122,1758,1880
WBGene00009535,50,19,69
WBGene00009536,47,108,155
WBGene00009537,2,18,20
WBGene00009538,14,1,15
WBGene00009539,0,8,8
WBGene00009540,23,9,32
WBGene00009541,96,68,164
WBGene00009542,47,1463,1510
WBGene00009543,55,107,162
WBGene00009544,184,260,444
WBGene00009546,3,8,11
WBGene00009547,84,306,390
WBGene00009548,13,20,33
WBGene00009549,1,8,9
WBGene00009550,2,0,2
WBGene00009551,25,117,142
WBGene00009552,133,543,676
WBGene00009553,27,509,536
WBGene00009554,32,678,710
WBGene00009556,32,270,302
WBGene00009557,68,116,184
WBGene00009558,176,829,1005
WBGene00009559,32,1647,1679
WBGene00009560,165,98,263
WBGene00009561,77,42,119
WBGene00009562,467,5087,5554
WBGene00009563,114,1438,1552
WBGene00009565,114,728,842
WBGene00009566,0,3,3
WBGene00009567,13,12,25
WBGene00009568,11,2,13
WBGene00009569,22,28,50
WBGene00009571,8,14,22
WBGene00009572,2,44,46
WBGene00009573,7,14,21
WBGene00009574,207,1609,1816
WBGene00009575,33,3192,3225
WBGene00009576,38,106,144
WBGene00009577,637,4173,4810
WBGene00009578,343,5308,5651
WBGene00009579,121,200,321
WBGene00009580,313,2119,2432
WBGene00009581,22,49,71
WBGene00009582,89,285,374
WBGene00009583,203,2764,2967
WBGene00009584,2677,5706,8383
WBGene00009585,25,14,39
WBGene00009586,76,922,998
WBGene00009587,203,1461,1664
WBGene00009588,3894,746,4640
WBGene00009589,2314,904,3218
WBGene00009592,22,4,26
WBGene00009593,57,9,66
WBGene00009594,402,1153,1555
WBGene00009595,29,113,142
WBGene00009596,20,6,26
WBGene00009597,29,52,81
WBGene00009599,1,2,3
WBGene00009600,9,41,50
WBGene00009601,32,107,139
WBGene00009602,0,14,14
WBGene00009603,13,19,32
WBGene00009604,0,8,8
WBGene00009605,16,8,24
WBGene00009606,8,14,22
WBGene00009607,8,10,18
WBGene00009608,26,77,103
WBGene00009609,6,4,10
WBGene00009610,1,0,1
WBGene00009611,24,27,51
WBGene00009612,0,12,12
WBGene00009613,11,2,13
WBGene00009614,25,14,39
WBGene00009615,2,0,2
WBGene00009616,19,1,20
WBGene00009617,61,144,205
WBGene00009618,70,49,119
WBGene00009619,95,196,291
WBGene00009620,927,2285,3212
WBGene00009621,0,4716,4716
WBGene00009622,28,62,90
WBGene00009623,869,453,1322
WBGene00009624,1967,3802,5769
WBGene00009625,58,36,94
WBGene00009626,71,359,430
WBGene00009627,28,258,286
WBGene00009628,9,542,551
WBGene00009629,171,110,281
WBGene00009630,10,15,25
WBGene00009632,198,1048,1246
WBGene00009633,10,57,67
WBGene00009634,8,436,444
WBGene00009635,38,281,319
WBGene00009636,41,131,172
WBGene00009637,1,128,129
WBGene00009638,59,4974,5033
WBGene00009639,3,1040,1043
WBGene00009640,4,148,152
WBGene00009641,18,6,24
WBGene00009642,31,102,133
WBGene00009643,4,12,16
WBGene00009644,5,1,6
WBGene00009645,132,530,662
WBGene00009646,4,15,19
WBGene00009647,85,51,136
WBGene00009648,9,259,268
WBGene00009649,73,59,132
WBGene00009650,57,784,841
WBGene00009652,18,14,32
WBGene00009653,118,192,310
WBGene00009654,267,609,876
WBGene00009657,122,347,469
WBGene00009658,0,17,17
WBGene00009659,0,2,2
WBGene00009660,306,1937,2243
WBGene00009661,87,1682,1769
WBGene00009662,5,3,8
WBGene00009663,11,17,28
WBGene00009664,268,6923,7191
WBGene00009665,19,383,402
WBGene00009666,69,1235,1304
WBGene00009667,299,191,490
WBGene00009668,83,1069,1152
WBGene00009670,3,4,7
WBGene00009671,159,1704,1863
WBGene00009672,185,926,1111
WBGene00009673,64,201,265
WBGene00009674,194,1541,1735
WBGene00009675,15,25,40
WBGene00009676,101,477,578
WBGene00009677,6,162,168
WBGene00009678,136,279,415
WBGene00009679,40,115,155
WBGene00009680,0,0,0
WBGene00009681,1,13,14
WBGene00009682,0,0,0
WBGene00009683,15,13,28
WBGene00009684,0,0,0
WBGene00009685,18,8,26
WBGene00009686,62,80,142
WBGene00009687,5,5,10
WBGene00009688,2913,15697,18610
WBGene00009689,14,8,22
WBGene00009690,30,20,50
WBGene00009691,0,31259,31259
WBGene00009692,0,34635,34635
WBGene00009695,28,14,42
WBGene00009696,8,30,38
WBGene00009698,2,44,46
WBGene00009700,126,625,751
WBGene00009701,4,66,70
WBGene00009702,28,175,203
WBGene00009704,4,3,7
WBGene00009705,9,7,16
WBGene00009706,26,60,86
WBGene00009707,10,4,14
WBGene00009708,52,13,65
WBGene00009709,72,51,123
WBGene00009710,105,508,613
WBGene00009711,200,1256,1456
WBGene00009712,18,4949,4967
WBGene00009713,633,2022,2655
WBGene00009714,0,25,25
WBGene00009715,49,918,967
WBGene00009716,17,61,78
WBGene00009717,282,1207,1489
WBGene00009720,9,13,22
WBGene00009721,14,3,17
WBGene00009722,22,1080,1102
WBGene00009723,39,1943,1982
WBGene00009724,18,2082,2100
WBGene00009725,6,18,24
WBGene00009726,110,161,271
WBGene00009727,69,130,199
WBGene00009728,6,38,44
WBGene00009729,36,114,150
WBGene00009730,930,3080,4010
WBGene00009731,51,335,386
WBGene00009732,417,3466,3883
WBGene00009733,15,179,194
WBGene00009734,185,1437,1622
WBGene00009735,41,156,197
WBGene00009736,174,519,693
WBGene00009738,188,170,358
WBGene00009739,2404,5147,7551
WBGene00009740,518,6998,7516
WBGene00009741,92,408,500
WBGene00009742,100,209,309
WBGene00009743,62,95,157
WBGene00009744,73,334,407
WBGene00009745,51,463,514
WBGene00009746,0,4,4
WBGene00009747,0,5,5
WBGene00009748,1,3,4
WBGene00009749,18,2,20
WBGene00009750,0,26,26
WBGene00009751,1,5,6
WBGene00009753,11,15,26
WBGene00009754,3,14,17
WBGene00009755,10,15,25
WBGene00009756,9,13,22
WBGene00009758,11,1,12
WBGene00009759,5,1,6
WBGene00009760,3,6,9
WBGene00009761,2,5,7
WBGene00009762,5,0,5
WBGene00009763,12,13,25
WBGene00009765,5,0,5
WBGene00009766,28,0,28
WBGene00009767,3,9,12
WBGene00009768,30,26,56
WBGene00009769,24,387,411
WBGene00009770,123,596,719
WBGene00009771,102,1190,1292
WBGene00009772,183,11710,11893
WBGene00009773,19,495,514
WBGene00009774,18,320,338
WBGene00009775,2,8,10
WBGene00009776,73,505,578
WBGene00009777,18,13,31
WBGene00009778,1,25,26
WBGene00009779,131,607,738
WBGene00009780,84,147,231
WBGene00009781,235,857,1092
WBGene00009782,27,144,171
WBGene00009783,101,1427,1528
WBGene00009784,42,1129,1171
WBGene00009785,43,333,376
WBGene00009787,501,31952,32453
WBGene00009788,13,14,27
WBGene00009789,148,157,305
WBGene00009790,32,110,142
WBGene00009791,11,43,54
WBGene00009793,25,1129,1154
WBGene00009796,122,1167,1289
WBGene00009797,205,1432,1637
WBGene00009798,19,40,59
WBGene00009799,165,487,652
WBGene00009800,145,533,678
WBGene00009801,44,482,526
WBGene00009802,1,4,5
WBGene00009803,104,923,1027
WBGene00009804,164,2098,2262
WBGene00009805,3,2,5
WBGene00009806,13,11,24
WBGene00009807,8,28,36
WBGene00009808,5,27,32
WBGene00009809,21,157,178
WBGene00009810,6,56,62
WBGene00009811,10,26,36
WBGene00009812,71,5081,5152
WBGene00009813,195,1738,1933
WBGene00009814,18,30,48
WBGene00009815,0,13,13
WBGene00009816,18,8,26
WBGene00009817,5,18,23
WBGene00009818,174,612,786
WBGene00009819,155,212,367
WBGene00009820,19,55,74
WBGene00009822,32,21,53
WBGene00009823,88,101,189
WBGene00009824,18,144,162
WBGene00009825,100,245,345
WBGene00009826,11,32,43
WBGene00009827,47,19,66
WBGene00009829,143,2603,2746
WBGene00009830,35,54,89
WBGene00009831,46,379,425
WBGene00009833,7,6,13
WBGene00009834,6,23,29
WBGene00009835,100,39,139
WBGene00009836,22,10,32
WBGene00009839,61,10,71
WBGene00009840,38,20,58
WBGene00009841,17,7,24
WBGene00009842,64,351,415
WBGene00009843,42,605,647
WBGene00009844,117,86,203
WBGene00009848,348,1349,1697
WBGene00009849,19,21,40
WBGene00009850,101,416,517
WBGene00009851,35,1150,1185
WBGene00009852,17,28,45
WBGene00009853,12,43,55
WBGene00009854,9,8,17
WBGene00009855,6,2,8
WBGene00009856,12,2,14
WBGene00009857,1,10,11
WBGene00009858,0,2,2
WBGene00009859,13,13,26
WBGene00009860,15,15,30
WBGene00009861,2,7,9
WBGene00009862,3,26,29
WBGene00009863,12,5,17
WBGene00009865,126,547,673
WBGene00009866,0,0,0
WBGene00009867,70,15,85
WBGene00009868,0,1,1
WBGene00009869,13,5,18
WBGene00009871,20,11,31
WBGene00009872,6,8,14
WBGene00009873,7,1,8
WBGene00009874,9,2,11
WBGene00009875,28,9,37
WBGene00009876,24,96,120
WBGene00009877,30,111,141
WBGene00009878,26,749,775
WBGene00009879,36,49,85
WBGene00009880,560,3011,3571
WBGene00009881,181,2992,3173
WBGene00009882,68,4185,4253
WBGene00009883,49,142,191
WBGene00009884,17,37,54
WBGene00009885,41,101,142
WBGene00009886,160,509,669
WBGene00009887,31,364,395
WBGene00009888,3474,18570,22044
WBGene00009889,50,1420,1470
WBGene00009890,11,25,36
WBGene00009891,31,52,83
WBGene00009892,4,5,9
WBGene00009893,10,1,11
WBGene00009894,5,4,9
WBGene00009895,168,1224,1392
WBGene00009896,314,2914,3228
WBGene00009897,44,33,77
WBGene00009898,4,17,21
WBGene00009899,126,587,713
WBGene00009900,7,46,53
WBGene00009901,62,407,469
WBGene00009902,13,52,65
WBGene00009903,25,58,83
WBGene00009904,22,37,59
WBGene00009905,11,0,11
WBGene00009906,18,2,20
WBGene00009907,24,6,30
WBGene00009908,10,15,25
WBGene00009909,0,3,3
WBGene00009912,23,6,29
WBGene00009913,1,0,1
WBGene00009914,2,6,8
WBGene00009915,37,3016,3053
WBGene00009916,71,258,329
WBGene00009917,249,1145,1394
WBGene00009918,55,2283,2338
WBGene00009919,184,1258,1442
WBGene00009920,777,4722,5499
WBGene00009921,9,128,137
WBGene00009922,45,383,428
WBGene00009923,34,155,189
WBGene00009924,93,711,804
WBGene00009925,10,1483,1493
WBGene00009926,100,1248,1348
WBGene00009927,80,154,234
WBGene00009929,68,57,125
WBGene00009930,16,320,336
WBGene00009931,35,120,155
WBGene00009933,1,2,3
WBGene00009934,11,1,12
WBGene00009935,156,398,554
WBGene00009937,96,311,407
WBGene00009938,12,15,27
WBGene00009939,97,719,816
WBGene00009940,222,2491,2713
WBGene00009941,2,3,5
WBGene00009942,25,13,38
WBGene00009943,75,103,178
WBGene00009944,49,742,791
WBGene00009945,256,1639,1895
WBGene00009946,18,104,122
WBGene00009947,89,467,556
WBGene00009948,7,50,57
WBGene00009949,33,335,368
WBGene00009950,13,23,36
WBGene00009951,80,186,266
WBGene00009952,594,7081,7675
WBGene00009953,61,179,240
WBGene00009954,3,7,10
WBGene00009955,0,212,212
WBGene00009956,18,3,21
WBGene00009957,212,1469,1681
WBGene00009958,221,1046,1267
WBGene00009959,3,10,13
WBGene00009960,0,0,0
WBGene00009961,17,6,23
WBGene00009962,104,6,110
WBGene00009963,19,20,39
WBGene00009964,40,184,224
WBGene00009965,64,165,229
WBGene00009966,61,963,1024
WBGene00009967,28,37,65
WBGene00009968,206,1071,1277
WBGene00009969,109,563,672
WBGene00009971,48,119,167
WBGene00009973,487,4306,4793
WBGene00009974,238,4456,4694
WBGene00009975,769,1424,2193
WBGene00009976,72,556,628
WBGene00009977,108,466,574
WBGene00009978,992,1397,2389
WBGene00009979,110,18,128
WBGene00009980,81,1107,1188
WBGene00009981,27,222,249
WBGene00009982,70,16836,16906
WBGene00009983,1,82,83
WBGene00009984,72,119,191
WBGene00009985,29,197,226
WBGene00009986,27,130,157
WBGene00009987,92,921,1013
WBGene00009988,64,40,104
WBGene00009990,7,7,14
WBGene00009992,726,10686,11412
WBGene00009993,17,4246,4263
WBGene00009994,39,385,424
WBGene00009995,11570,45813,57383
WBGene00009996,57,973,1030
WBGene00009997,1,18,19
WBGene00009998,31,6,37
WBGene00009999,16,18,34
WBGene00010000,3,18,21
WBGene00010001,14,952,966
WBGene00010002,76,493,569
WBGene00010003,103,333,436
WBGene00010004,77,46,123
WBGene00010005,11,4,15
WBGene00010006,1101,850,1951
WBGene00010007,1,3,4
WBGene00010008,22,36,58
WBGene00010009,31,170,201
WBGene00010010,99,247,346
WBGene00010011,50,32,82
WBGene00010012,895,3920,4815
WBGene00010013,174,1934,2108
WBGene00010014,3,59,62
WBGene00010015,89,4158,4247
WBGene00010016,3,7,10
WBGene00010017,1,1,2
WBGene00010018,4,45,49
WBGene00010019,81,202,283
WBGene00010020,2,4,6
WBGene00010021,1,5,6
WBGene00010022,4,13,17
WBGene00010023,5,12,17
WBGene00010025,6,7,13
WBGene00010026,7,9,16
WBGene00010027,32,55,87
WBGene00010028,45,475,520
WBGene00010030,0,63,63
WBGene00010031,258,19,277
WBGene00010032,92,499,591
WBGene00010033,57,435,492
WBGene00010034,42,11,53
WBGene00010035,12,23,35
WBGene00010036,7,33,40
WBGene00010037,281,3880,4161
WBGene00010038,70,629,699
WBGene00010039,162,382,544
WBGene00010040,55,710,765
WBGene00010041,0,740,740
WBGene00010042,63,716,779
WBGene00010043,82,371,453
WBGene00010044,345,1933,2278
WBGene00010045,160,973,1133
WBGene00010046,14,42,56
WBGene00010047,99,861,960
WBGene00010048,66,265,331
WBGene00010049,384,1259,1643
WBGene00010050,254,873,1127
WBGene00010051,51,375,426
WBGene00010052,83,2060,2143
WBGene00010053,13,466,479
WBGene00010054,129,1423,1552
WBGene00010055,472,5792,6264
WBGene00010056,11,742,753
WBGene00010057,162,580,742
WBGene00010058,46,35,81
WBGene00010059,87,1425,1512
WBGene00010060,67,100,167
WBGene00010061,45,489,534
WBGene00010062,28,135,163
WBGene00010063,44,157,201
WBGene00010064,13,140,153
WBGene00010065,3,13,16
WBGene00010066,6,10,16
WBGene00010067,8,4,12
WBGene00010068,8,23,31
WBGene00010069,81,41,122
WBGene00010070,663,2485,3148
WBGene00010071,397,56,453
WBGene00010072,24,95,119
WBGene00010073,215,270,485
WBGene00010074,57,98,155
WBGene00010075,23,1752,1775
WBGene00010077,62,152,214
WBGene00010079,269,1150,1419
WBGene00010080,48,286,334
WBGene00010081,12,68,80
WBGene00010082,6,137,143
WBGene00010083,200,415,615
WBGene00010084,4,5,9
WBGene00010085,10,15,25
WBGene00010086,1234,334,1568
WBGene00010087,4,6,10
WBGene00010088,14,40,54
WBGene00010089,61,297,358
WBGene00010091,0,3,3
WBGene00010093,20,508,528
WBGene00010094,104,2747,2851
WBGene00010096,189,717,906
WBGene00010097,74,1725,1799
WBGene00010098,4,4,8
WBGene00010099,8,4,12
WBGene00010100,17,4,21
WBGene00010101,3,21,24
WBGene00010102,1,3,4
WBGene00010103,154,0,154
WBGene00010104,1,2,3
WBGene00010105,10,13,23
WBGene00010106,1,32,33
WBGene00010107,3,0,3
WBGene00010108,7,36,43
WBGene00010109,62,879,941
WBGene00010110,37,431,468
WBGene00010111,120,466,586
WBGene00010113,137,513,650
WBGene00010114,6,2,8
WBGene00010115,62,522,584
WBGene00010116,84,78,162
WBGene00010117,262,2737,2999
WBGene00010118,27,31,58
WBGene00010119,27,25,52
WBGene00010120,37,20,57
WBGene00010121,39,29,68
WBGene00010122,4,6,10
WBGene00010123,34,205,239
WBGene00010124,25,74,99
WBGene00010125,18,28,46
WBGene00010126,11,5,16
WBGene00010127,5,2,7
WBGene00010128,36,196,232
WBGene00010129,8,8,16
WBGene00010130,138,3669,3807
WBGene00010131,24,508,532
WBGene00010132,160,425,585
WBGene00010133,0,1303,1303
WBGene00010134,135,182,317
WBGene00010135,1,578,579
WBGene00010136,45,5,50
WBGene00010137,119,153,272
WBGene00010138,61,38,99
WBGene00010139,214,3142,3356
WBGene00010140,33,158,191
WBGene00010141,51,252,303
WBGene00010142,112,87,199
WBGene00010143,40,95,135
WBGene00010144,38,159,197
WBGene00010145,76,14,90
WBGene00010146,359,643,1002
WBGene00010147,5,0,5
WBGene00010148,17,96,113
WBGene00010149,0,10,10
WBGene00010150,439,462,901
WBGene00010152,28,70,98
WBGene00010153,2,16,18
WBGene00010155,16,20,36
WBGene00010157,27,11,38
WBGene00010158,0,4,4
WBGene00010159,323,616,939
WBGene00010160,186,396,582
WBGene00010161,262,362,624
WBGene00010162,3,13,16
WBGene00010163,115,54,169
WBGene00010164,6,22,28
WBGene00010165,17,9,26
WBGene00010166,3,0,3
WBGene00010167,17,1,18
WBGene00010168,26,18,44
WBGene00010169,14,14,28
WBGene00010170,8,2,10
WBGene00010171,9,3,12
WBGene00010172,19,3,22
WBGene00010173,13,8,21
WBGene00010174,436,3760,4196
WBGene00010175,122,366,488
WBGene00010176,20,57,77
WBGene00010177,486,2411,2897
WBGene00010178,107,876,983
WBGene00010179,98,347,445
WBGene00010180,3,3,6
WBGene00010181,26,6,32
WBGene00010182,14,20,34
WBGene00010183,3,52,55
WBGene00010184,5,9,14
WBGene00010185,3,17,20
WBGene00010186,17,45,62
WBGene00010187,23,16,39
WBGene00010188,17,144,161
WBGene00010189,31,31,62
WBGene00010191,55,1153,1208
WBGene00010192,10,221,231
WBGene00010193,4,125,129
WBGene00010194,2,41,43
WBGene00010195,8,67,75
WBGene00010196,6,10,16
WBGene00010197,41,711,752
WBGene00010198,51,200,251
WBGene00010199,93,1800,1893
WBGene00010200,171,144,315
WBGene00010202,11,230,241
WBGene00010203,2,15,17
WBGene00010204,49,4742,4791
WBGene00010205,37,62,99
WBGene00010206,0,3,3
WBGene00010212,319,26,345
WBGene00010214,70,113,183
WBGene00010215,13,16,29
WBGene00010216,9,14,23
WBGene00010217,19,20,39
WBGene00010218,24,24,48
WBGene00010219,7,13,20
WBGene00010220,24,7,31
WBGene00010221,55,2790,2845
WBGene00010222,64,32,96
WBGene00010223,37,16,53
WBGene00010224,113,309,422
WBGene00010225,74,683,757
WBGene00010226,8,25,33
WBGene00010227,22,176,198
WBGene00010228,88,26,114
WBGene00010229,80,347,427
WBGene00010230,92,1486,1578
WBGene00010231,222,1979,2201
WBGene00010232,135,2797,2932
WBGene00010233,56,336,392
WBGene00010234,4,315,319
WBGene00010235,71,729,800
WBGene00010236,61,976,1037
WBGene00010237,3,51,54
WBGene00010238,28,216,244
WBGene00010239,31,373,404
WBGene00010241,3,12,15
WBGene00010242,148,345,493
WBGene00010243,20,44,64
WBGene00010244,189,5759,5948
WBGene00010245,4,22,26
WBGene00010246,5,12,17
WBGene00010247,12,6,18
WBGene00010248,57,1291,1348
WBGene00010249,148,19,167
WBGene00010250,77,20,97
WBGene00010251,174,490,664
WBGene00010253,16,73,89
WBGene00010254,1,23,24
WBGene00010255,1,8,9
WBGene00010256,8,39,47
WBGene00010257,1,17,18
WBGene00010258,38,217,255
WBGene00010259,766,1486,2252
WBGene00010260,154,6871,7025
WBGene00010261,10,14,24
WBGene00010262,251,3199,3450
WBGene00010263,21,99,120
WBGene00010264,101,156,257
WBGene00010265,9,3,12
WBGene00010266,451,2684,3135
WBGene00010267,4,8,12
WBGene00010268,109,221,330
WBGene00010269,65,524,589
WBGene00010270,1,2,3
WBGene00010272,233,1043,1276
WBGene00010273,29,14,43
WBGene00010274,66,246,312
WBGene00010275,178,189,367
WBGene00010277,7,140,147
WBGene00010278,2,56,58
WBGene00010279,86,1538,1624
WBGene00010280,70,1360,1430
WBGene00010281,15,210,225
WBGene00010282,33,34,67
WBGene00010283,51,239,290
WBGene00010284,164,1931,2095
WBGene00010285,18,91,109
WBGene00010286,32,312,344
WBGene00010288,62,341,403
WBGene00010289,14,67,81
WBGene00010290,62,1697,1759
WBGene00010291,67,390,457
WBGene00010292,4,3,7
WBGene00010293,7,58,65
WBGene00010296,2,277,279
WBGene00010297,30,29,59
WBGene00010298,4,2,6
WBGene00010299,39,13,52
WBGene00010300,8,7,15
WBGene00010301,8,6,14
WBGene00010302,293,694,987
WBGene00010303,330,17052,17382
WBGene00010304,125,434,559
WBGene00010305,119,981,1100
WBGene00010306,349,1344,1693
WBGene00010307,7,279,286
WBGene00010308,86,212,298
WBGene00010309,34,129,163
WBGene00010310,38,171,209
WBGene00010311,3,83,86
WBGene00010314,3,11,14
WBGene00010315,72,210,282
WBGene00010316,362,442,804
WBGene00010317,294,10775,11069
WBGene00010318,54,123,177
WBGene00010319,95,477,572
WBGene00010320,105,498,603
WBGene00010321,46,274,320
WBGene00010322,24,26,50
WBGene00010323,18,7,25
WBGene00010324,7,2,9
WBGene00010325,21,469,490
WBGene00010326,1079,5119,6198
WBGene00010327,169,211,380
WBGene00010328,48,310,358
WBGene00010329,80,425,505
WBGene00010330,609600,32,609632
WBGene00010331,100,120,220
WBGene00010332,11,183,194
WBGene00010333,280,2556,2836
WBGene00010334,90,111,201
WBGene00010335,503,1541,2044
WBGene00010336,60,66,126
WBGene00010337,792,6498,7290
WBGene00010338,100,395,495
WBGene00010339,24,563,587
WBGene00010340,49,126,175
WBGene00010341,44,83,127
WBGene00010342,123,54,177
WBGene00010343,4,4,8
WBGene00010344,37,92,129
WBGene00010345,87,38,125
WBGene00010348,18,315,333
WBGene00010349,63,137,200
WBGene00010350,262,489,751
WBGene00010351,12,101,113
WBGene00010352,27,25,52
WBGene00010353,2,35,37
WBGene00010354,103,169,272
WBGene00010355,7,6,13
WBGene00010356,89,402,491
WBGene00010357,94,466,560
WBGene00010358,8,23,31
WBGene00010359,15,2,17
WBGene00010360,20,11,31
WBGene00010361,14,16,30
WBGene00010362,2,212,214
WBGene00010363,25,114,139
WBGene00010364,0,55,55
WBGene00010365,45,21,66
WBGene00010366,94,15,109
WBGene00010367,59,187,246
WBGene00010368,21,10,31
WBGene00010369,150,1639,1789
WBGene00010370,624,2522,3146
WBGene00010372,38,22,60
WBGene00010373,11,7,18
WBGene00010374,470,806,1276
WBGene00010375,28,175,203
WBGene00010377,0,0,0
WBGene00010378,0,4,4
WBGene00010379,0,0,0
WBGene00010380,15,4,19
WBGene00010381,12,2,14
WBGene00010382,0,37,37
WBGene00010383,89,256,345
WBGene00010385,265,199,464
WBGene00010386,222,110,332
WBGene00010387,15,19,34
WBGene00010388,9,20,29
WBGene00010389,59,6,65
WBGene00010391,38,30,68
WBGene00010392,90,15,105
WBGene00010394,57,19,76
WBGene00010395,0,1,1
WBGene00010396,52,155,207
WBGene00010397,21,315,336
WBGene00010399,0,0,0
WBGene00010401,1,5,6
WBGene00010403,48,30,78
WBGene00010404,18,6,24
WBGene00010405,131,2923,3054
WBGene00010406,55,1670,1725
WBGene00010407,78,1122,1200
WBGene00010408,119,1029,1148
WBGene00010409,112,458,570
WBGene00010410,9,6,15
WBGene00010411,20,25,45
WBGene00010412,0,20,20
WBGene00010413,3,3,6
WBGene00010414,31,8,39
WBGene00010415,29,10,39
WBGene00010416,268,1226,1494
WBGene00010417,0,0,0
WBGene00010418,34,284,318
WBGene00010419,4396,64109,68505
WBGene00010420,81,581,662
WBGene00010421,54,182,236
WBGene00010422,134,1304,1438
WBGene00010423,104,52,156
WBGene00010424,8,37,45
WBGene00010425,117,3223,3340
WBGene00010426,61,29,90
WBGene00010427,362,489,851
WBGene00010428,108,1092,1200
WBGene00010429,5,0,5
WBGene00010432,16,976,992
WBGene00010433,54,508,562
WBGene00010434,70,63,133
WBGene00010435,199,2047,2246
WBGene00010436,0,150,150
WBGene00010437,78,544,622
WBGene00010439,38,372,410
WBGene00010440,685,9136,9821
WBGene00010442,96,364,460
WBGene00010444,368,809,1177
WBGene00010446,18,37,55
WBGene00010447,8,16,24
WBGene00010448,71,103,174
WBGene00010449,73,407,480
WBGene00010450,127,664,791
WBGene00010451,44,7,51
WBGene00010453,135,126,261
WBGene00010454,42,63,105
WBGene00010455,22,58,80
WBGene00010456,55,589,644
WBGene00010457,21,73,94
WBGene00010458,37,1002,1039
WBGene00010459,14,421,435
WBGene00010460,12,32,44
WBGene00010461,7,6,13
WBGene00010464,1,6,7
WBGene00010465,96,630,726
WBGene00010466,3,12,15
WBGene00010467,1,6,7
WBGene00010468,7,33,40
WBGene00010469,6,70,76
WBGene00010470,135,679,814
WBGene00010471,337,2171,2508
WBGene00010472,8,480,488
WBGene00010473,32,83,115
WBGene00010474,1,0,1
WBGene00010475,507,532,1039
WBGene00010476,47,741,788
WBGene00010477,3,101,104
WBGene00010478,100,7784,7884
WBGene00010479,193,1092,1285
WBGene00010480,628,3593,4221
WBGene00010481,22,414,436
WBGene00010483,5,14,19
WBGene00010484,107,1024,1131
WBGene00010485,1,19,20
WBGene00010486,8,4,12
WBGene00010487,30,15,45
WBGene00010488,603,2388,2991
WBGene00010491,11,640,651
WBGene00010492,10,12,22
WBGene00010493,18,30,48
WBGene00010494,15,26,41
WBGene00010495,16,44,60
WBGene00010496,73,730,803
WBGene00010497,69,220,289
WBGene00010498,157,298,455
WBGene00010499,3,9,12
WBGene00010500,348,1563,1911
WBGene00010501,13,70,83
WBGene00010502,76,578,654
WBGene00010503,36,184,220
WBGene00010504,59,183,242
WBGene00010505,81,60,141
WBGene00010506,41,52,93
WBGene00010507,440,2382,2822
WBGene00010508,83,17,100
WBGene00010509,4,3,7
WBGene00010510,33,9,42
WBGene00010511,28,17,45
WBGene00010512,175,994,1169
WBGene00010513,221,714,935
WBGene00010514,281,1673,1954
WBGene00010515,137,1067,1204
WBGene00010516,153,884,1037
WBGene00010518,72,96,168
WBGene00010519,40,41,81
WBGene00010520,29,211,240
WBGene00010521,72,69,141
WBGene00010522,24,198,222
WBGene00010523,33,13,46
WBGene00010524,17,676,693
WBGene00010525,18,136,154
WBGene00010526,0,1,1
WBGene00010527,2,1,3
WBGene00010528,1,2,3
WBGene00010530,23,17,40
WBGene00010531,1,0,1
WBGene00010534,28,9,37
WBGene00010535,91,31,122
WBGene00010536,11,2,13
WBGene00010537,282,291,573
WBGene00010538,41,145,186
WBGene00010539,333,1845,2178
WBGene00010540,81,442,523
WBGene00010541,557,2855,3412
WBGene00010542,6,348,354
WBGene00010544,1,102,103
WBGene00010545,31,56,87
WBGene00010546,8,85,93
WBGene00010547,5,5,10
WBGene00010550,94,456,550
WBGene00010551,106,475,581
WBGene00010552,35,236,271
WBGene00010553,19,164,183
WBGene00010554,29,31,60
WBGene00010555,11,15,26
WBGene00010556,630,108335,108965
WBGene00010557,46,578,624
WBGene00010558,177,171,348
WBGene00010559,17,81,98
WBGene00010560,342,6488,6830
WBGene00010562,74,650,724
WBGene00010563,55,73,128
WBGene00010564,215,1356,1571
WBGene00010565,17,224,241
WBGene00010566,34,70,104
WBGene00010567,66,417,483
WBGene00010568,26,31,57
WBGene00010569,67,228,295
WBGene00010570,4,4,8
WBGene00010571,45,37,82
WBGene00010572,13,180,193
WBGene00010573,97,122,219
WBGene00010574,2,15,17
WBGene00010575,51,469,520
WBGene00010576,6,0,6
WBGene00010577,24,1,25
WBGene00010578,17,4,21
WBGene00010579,59,3168,3227
WBGene00010580,82,25,107
WBGene00010581,6,51,57
WBGene00010582,170,1126,1296
WBGene00010583,5,681,686
WBGene00010584,15,17,32
WBGene00010585,154,270,424
WBGene00010586,5,14,19
WBGene00010587,61,166,227
WBGene00010588,4,20,24
WBGene00010589,15,30,45
WBGene00010590,3,4,7
WBGene00010591,5,11,16
WBGene00010592,79,121,200
WBGene00010593,786,5816,6602
WBGene00010594,95,86,181
WBGene00010595,129,543,672
WBGene00010596,24,59,83
WBGene00010597,224,276,500
WBGene00010598,3,2,5
WBGene00010599,18,11,29
WBGene00010600,2,15,17
WBGene00010601,7,14,21
WBGene00010602,7,8,15
WBGene00010603,12,42,54
WBGene00010604,2,23,25
WBGene00010605,496,1405,1901
WBGene00010606,25,23,48
WBGene00010607,41,16,57
WBGene00010608,41,190,231
WBGene00010609,203,901,1104
WBGene00010610,155,717,872
WBGene00010611,14,20,34
WBGene00010612,14,26,40
WBGene00010613,20,23,43
WBGene00010614,25,47,72
WBGene00010615,77,787,864
WBGene00010616,248,4474,4722
WBGene00010617,8,52,60
WBGene00010619,90,541,631
WBGene00010620,69,883,952
WBGene00010621,9,102,111
WBGene00010622,67,517,584
WBGene00010623,29,50,79
WBGene00010624,299,1624,1923
WBGene00010625,133,842,975
WBGene00010626,344,1246,1590
WBGene00010627,1436,13201,14637
WBGene00010628,27,168,195
WBGene00010629,100,1266,1366
WBGene00010630,22,81,103
WBGene00010631,202,1628,1830
WBGene00010632,317,1239,1556
WBGene00010633,0,3,3
WBGene00010634,5,11,16
WBGene00010635,2,3,5
WBGene00010636,23,63,86
WBGene00010637,23,82,105
WBGene00010638,223,933,1156
WBGene00010639,724,3918,4642
WBGene00010640,98,311,409
WBGene00010641,48,797,845
WBGene00010642,58,267,325
WBGene00010643,60,280,340
WBGene00010644,38,127,165
WBGene00010645,134,1130,1264
WBGene00010646,109,81,190
WBGene00010647,7,386,393
WBGene00010648,86,506,592
WBGene00010649,138,605,743
WBGene00010650,4,15,19
WBGene00010651,8,1,9
WBGene00010652,7,9,16
WBGene00010653,1,8,9
WBGene00010654,15,19,34
WBGene00010655,28,33,61
WBGene00010656,7,5,12
WBGene00010657,38,324,362
WBGene00010658,28,412,440
WBGene00010659,18,83,101
WBGene00010660,88,302,390
WBGene00010661,35,163,198
WBGene00010662,15,22,37
WBGene00010663,80,140,220
WBGene00010664,74,889,963
WBGene00010665,296,2830,3126
WBGene00010666,4,132,136
WBGene00010667,51,342,393
WBGene00010668,9,5,14
WBGene00010669,45,39,84
WBGene00010670,22,1520,1542
WBGene00010671,28,582,610
WBGene00010672,4,4,8
WBGene00010673,25,29,54
WBGene00010674,42,395,437
WBGene00010675,232,952,1184
WBGene00010676,128,598,726
WBGene00010677,153,5261,5414
WBGene00010678,26,201,227
WBGene00010679,17,40,57
WBGene00010680,18,23,41
WBGene00010681,412,7340,7752
WBGene00010682,40,34,74
WBGene00010683,28,89,117
WBGene00010684,19,18,37
WBGene00010685,130,726,856
WBGene00010686,36,198,234
WBGene00010687,69,726,795
WBGene00010688,6,11,17
WBGene00010689,18,73,91
WBGene00010690,0,4,4
WBGene00010691,16,10,26
WBGene00010692,3,2,5
WBGene00010693,46,43,89
WBGene00010694,91,15,106
WBGene00010697,69,933,1002
WBGene00010698,18,22,40
WBGene00010699,205,907,1112
WBGene00010700,112,1361,1473
WBGene00010701,51,1470,1521
WBGene00010702,78,165,243
WBGene00010703,723,2580,3303
WBGene00010704,14,202,216
WBGene00010705,13,49,62
WBGene00010706,11,30,41
WBGene00010707,10,5,15
WBGene00010708,49,50,99
WBGene00010709,143,252,395
WBGene00010711,0,222,222
WBGene00010712,34,30,64
WBGene00010713,296,707,1003
WBGene00010714,127,38,165
WBGene00010715,2,4,6
WBGene00010716,33,93,126
WBGene00010717,14,24,38
WBGene00010718,9,11,20
WBGene00010719,2,3,5
WBGene00010720,46,571,617
WBGene00010721,95,665,760
WBGene00010722,118,481,599
WBGene00010723,22,206,228
WBGene00010724,119,357,476
WBGene00010725,76,409,485
WBGene00010726,357,436,793
WBGene00010727,177,1862,2039
WBGene00010728,4,16,20
WBGene00010729,6,0,6
WBGene00010730,44,1626,1670
WBGene00010731,409,1552,1961
WBGene00010732,208,1158,1366
WBGene00010734,37,109,146
WBGene00010735,233,96,329
WBGene00010736,270,2148,2418
WBGene00010737,21,224,245
WBGene00010738,737,1565,2302
WBGene00010740,0,204,204
WBGene00010741,29,157,186
WBGene00010742,163,1819,1982
WBGene00010743,5,5,10
WBGene00010744,217,538,755
WBGene00010745,28,143,171
WBGene00010746,183,20,203
WBGene00010747,88,52,140
WBGene00010748,6,4,10
WBGene00010749,27,138,165
WBGene00010750,19,39,58
WBGene00010752,24,71,95
WBGene00010754,17,15,32
WBGene00010755,4,150,154
WBGene00010756,84,552,636
WBGene00010757,28,186,214
WBGene00010758,86,379,465
WBGene00010759,136,768,904
WBGene00010760,3,21,24
WBGene00010761,21,4,25
WBGene00010762,16,25,41
WBGene00010763,1,2,3
WBGene00010764,25,33,58
WBGene00010765,22,50,72
WBGene00010766,52,1326,1378
WBGene00010767,19,274,293
WBGene00010768,68,33,101
WBGene00010769,138,1280,1418
WBGene00010770,144,182,326
WBGene00010771,65,339,404
WBGene00010772,628,1239,1867
WBGene00010773,84,725,809
WBGene00010774,31,56,87
WBGene00010775,56,14,70
WBGene00010776,184,451,635
WBGene00010778,237,3040,3277
WBGene00010779,13,8,21
WBGene00010780,159,1211,1370
WBGene00010781,15,48,63
WBGene00010782,16,59,75
WBGene00010783,291,1791,2082
WBGene00010784,113,251,364
WBGene00010785,124,2210,2334
WBGene00010786,29,10,39
WBGene00010787,11,76,87
WBGene00010788,51,85,136
WBGene00010789,61,31,92
WBGene00010790,234,14302,14536
WBGene00010791,8,65,73
WBGene00010792,15,47,62
WBGene00010793,507,1656,2163
WBGene00010794,444,6473,6917
WBGene00010795,54,150,204
WBGene00010796,461,1808,2269
WBGene00010797,9,10,19
WBGene00010798,0,6,6
WBGene00010799,23,36,59
WBGene00010800,10,6,16
WBGene00010801,4,8,12
WBGene00010802,25,3,28
WBGene00010803,10,234,244
WBGene00010804,12,3,15
WBGene00010805,48,233,281
WBGene00010806,150,1451,1601
WBGene00010807,20,552,572
WBGene00010808,1,13,14
WBGene00010809,40,2211,2251
WBGene00010810,227,915,1142
WBGene00010811,137,635,772
WBGene00010812,361,3008,3369
WBGene00010813,250,623,873
WBGene00010814,73,167,240
WBGene00010815,131,247,378
WBGene00010817,0,0,0
WBGene00010819,0,12,12
WBGene00010820,24,3,27
WBGene00010821,10,18,28
WBGene00010822,32,97,129
WBGene00010823,0,9,9
WBGene00010825,12,17,29
WBGene00010827,61,522,583
WBGene00010828,324,920,1244
WBGene00010829,16,18,34
WBGene00010830,66,34,100
WBGene00010831,44,35,79
WBGene00010832,12,5,17
WBGene00010833,38,201,239
WBGene00010834,61,899,960
WBGene00010835,42,30,72
WBGene00010836,559,86,645
WBGene00010837,59,743,802
WBGene00010838,166,633,799
WBGene00010839,74,162,236
WBGene00010840,380,575,955
WBGene00010842,272,1330,1602
WBGene00010843,31,75,106
WBGene00010844,147,1105,1252
WBGene00010845,175,1958,2133
WBGene00010846,53,158,211
WBGene00010847,112,664,776
WBGene00010848,20,400,420
WBGene00010849,415,190,605
WBGene00010850,127,224,351
WBGene00010851,7,76,83
WBGene00010854,0,13,13
WBGene00010855,113,10,123
WBGene00010856,266,655,921
WBGene00010857,92,36,128
WBGene00010858,44,214,258
WBGene00010859,39,45,84
WBGene00010862,15,15,30
WBGene00010863,14,16,30
WBGene00010864,74,409,483
WBGene00010865,52,132,184
WBGene00010866,1,2,3
WBGene00010867,113,649,762
WBGene00010868,146,2270,2416
WBGene00010869,4,42,46
WBGene00010870,28,379,407
WBGene00010871,39,101,140
WBGene00010872,66,1754,1820
WBGene00010873,41,201,242
WBGene00010874,264,184,448
WBGene00010875,113,643,756
WBGene00010876,34,29,63
WBGene00010877,358,1943,2301
WBGene00010878,274,2396,2670
WBGene00010879,268,8202,8470
WBGene00010880,80,61,141
WBGene00010881,37,59,96
WBGene00010882,61,984,1045
WBGene00010883,13,9,22
WBGene00010884,71,296,367
WBGene00010885,3,3,6
WBGene00010886,3,19,22
WBGene00010887,324,1681,2005
WBGene00010888,1680,7556,9236
WBGene00010889,20,176,196
WBGene00010890,134,1227,1361
WBGene00010891,6,390,396
WBGene00010892,9,295,304
WBGene00010893,45,171,216
WBGene00010894,69,15,84
WBGene00010895,14,16,30
WBGene00010896,372,15893,16265
WBGene00010897,208,529,737
WBGene00010898,113,386,499
WBGene00010899,48,117,165
WBGene00010900,45,13,58
WBGene00010901,6,274,280
WBGene00010902,100,442,542
WBGene00010904,68,574,642
WBGene00010905,132,1875,2007
WBGene00010906,12,6,18
WBGene00010907,44,165,209
WBGene00010908,177,1402,1579
WBGene00010909,201,1419,1620
WBGene00010910,454,570,1024
WBGene00010911,113,1053,1166
WBGene00010912,169,1426,1595
WBGene00010913,94,847,941
WBGene00010915,33,11,44
WBGene00010916,29,57,86
WBGene00010917,25,23,48
WBGene00010918,191,553,744
WBGene00010919,1,15,16
WBGene00010920,17,27,44
WBGene00010922,3,598,601
WBGene00010923,228,687,915
WBGene00010924,11,57,68
WBGene00010925,45,56,101
WBGene00010926,1,1,2
WBGene00010927,2,4,6
WBGene00010928,3,41,44
WBGene00010929,17,24,41
WBGene00010931,29,96,125
WBGene00010933,3,3,6
WBGene00010934,2,21,23
WBGene00010935,9,1502,1511
WBGene00010936,78,416,494
WBGene00010937,14,15,29
WBGene00010938,9,3,12
WBGene00010939,26,22,48
WBGene00010940,3,471,474
WBGene00010941,111,543,654
WBGene00010942,781,5105,5886
WBGene00010943,36,269,305
WBGene00010944,49,594,643
WBGene00010945,0,52,52
WBGene00010946,30,14,44
WBGene00010947,1,275,276
WBGene00010948,55,54,109
WBGene00010949,31,13,44
WBGene00010950,31,20,51
WBGene00010951,94,320,414
WBGene00010953,10,7,17
WBGene00010954,12,3,15
WBGene00010955,22,5,27
WBGene00010956,0,12,12
WBGene00010957,0,826732,826732
WBGene00010958,0,666934,666934
WBGene00010959,0,125691,125691
WBGene00010960,0,691778,691778
WBGene00010961,0,68007,68007
WBGene00010962,0,594430,594430
WBGene00010963,0,79914,79914
WBGene00010964,0,279516,279516
WBGene00010965,0,463442,463442
WBGene00010966,0,38040,38040
WBGene00010967,0,61553,61553
WBGene00010968,10,23,33
WBGene00010969,5,15,20
WBGene00010970,116,469,585
WBGene00010971,54,103,157
WBGene00010972,29,151,180
WBGene00010973,32,57,89
WBGene00010974,112,348,460
WBGene00010975,112,330,442
WBGene00010976,39,398,437
WBGene00010977,37,275,312
WBGene00010978,7,20,27
WBGene00010979,118,52,170
WBGene00010980,16,23,39
WBGene00010981,78,544,622
WBGene00010982,327,1927,2254
WBGene00010983,82,63,145
WBGene00010984,29,825,854
WBGene00010985,50,63,113
WBGene00010986,165,197,362
WBGene00010987,17,20,37
WBGene00010988,108,781,889
WBGene00010989,13,144,157
WBGene00010990,114,1069,1183
WBGene00010991,21,16,37
WBGene00010992,14,4,18
WBGene00010993,118,3163,3281
WBGene00010994,419,1835,2254
WBGene00010995,17,3,20
WBGene00010996,22,11,33
WBGene00010998,33,65,98
WBGene00010999,27,11,38
WBGene00011000,45,33,78
WBGene00011001,9,8,17
WBGene00011002,46,123,169
WBGene00011003,77,301,378
WBGene00011004,196,511,707
WBGene00011005,9,13,22
WBGene00011006,8,136,144
WBGene00011008,12,4,16
WBGene00011009,14,15,29
WBGene00011010,3,14,17
WBGene00011011,1,12,13
WBGene00011012,2,2,4
WBGene00011013,10,35,45
WBGene00011014,48,85,133
WBGene00011015,6259,42198,48457
WBGene00011016,33,668,701
WBGene00011017,13,1268,1281
WBGene00011018,490,612,1102
WBGene00011019,314,3076,3390
WBGene00011020,106,560,666
WBGene00011021,144,817,961
WBGene00011023,7,5,12
WBGene00011024,13,12,25
WBGene00011025,36,7,43
WBGene00011026,1631,3891,5522
WBGene00011027,41,49,90
WBGene00011028,553,558,1111
WBGene00011029,165,721,886
WBGene00011030,112,126,238
WBGene00011032,110,1135,1245
WBGene00011033,64,853,917
WBGene00011034,59,546,605
WBGene00011035,168,1041,1209
WBGene00011036,44,484,528
WBGene00011037,54,343,397
WBGene00011038,229,3727,3956
WBGene00011039,8,78,86
WBGene00011040,37,222,259
WBGene00011041,2,13,15
WBGene00011042,3,79,82
WBGene00011043,693,1150,1843
WBGene00011044,200,179,379
WBGene00011045,239,1258,1497
WBGene00011046,11,3,14
WBGene00011047,40,381,421
WBGene00011049,3,4,7
WBGene00011050,230,1132,1362
WBGene00011051,424,997,1421
WBGene00011052,15,11,26
WBGene00011053,23,10,33
WBGene00011054,47,437,484
WBGene00011055,116,962,1078
WBGene00011056,12,13,25
WBGene00011058,219,547,766
WBGene00011059,5443,41552,46995
WBGene00011060,129,1082,1211
WBGene00011061,54,499,553
WBGene00011062,0,52,52
WBGene00011063,8,97,105
WBGene00011064,132,1101,1233
WBGene00011065,18,101,119
WBGene00011066,36,145,181
WBGene00011067,82,588,670
WBGene00011068,59,494,553
WBGene00011069,45,116,161
WBGene00011070,344,4474,4818
WBGene00011071,150,635,785
WBGene00011072,1875,8914,10789
WBGene00011073,23,126,149
WBGene00011074,77,57,134
WBGene00011075,90,33,123
WBGene00011076,46,198,244
WBGene00011077,36,28,64
WBGene00011078,14,18,32
WBGene00011079,20,76,96
WBGene00011081,21,67,88
WBGene00011082,25,109,134
WBGene00011083,192,55,247
WBGene00011084,21,6,27
WBGene00011087,46,144,190
WBGene00011088,8,65,73
WBGene00011089,20,234,254
WBGene00011090,58,154,212
WBGene00011092,79,177,256
WBGene00011093,57,153,210
WBGene00011094,36,102,138
WBGene00011095,36,875,911
WBGene00011096,22,22,44
WBGene00011097,116,422,538
WBGene00011098,28,54,82
WBGene00011099,28,134,162
WBGene00011100,82,108,190
WBGene00011101,99,55,154
WBGene00011102,149,2487,2636
WBGene00011103,5,94,99
WBGene00011104,70,8,78
WBGene00011105,59,377,436
WBGene00011106,60,800,860
WBGene00011107,10,49,59
WBGene00011108,25,202,227
WBGene00011109,79,818,897
WBGene00011110,833,3242,4075
WBGene00011111,73,1729,1802
WBGene00011112,15,310,325
WBGene00011113,9,10,19
WBGene00011114,9,12,21
WBGene00011115,72,1086,1158
WBGene00011116,143,2419,2562
WBGene00011117,7,164,171
WBGene00011119,1054,5752,6806
WBGene00011120,0,5,5
WBGene00011121,40,228,268
WBGene00011122,372,2037,2409
WBGene00011123,205,481,686
WBGene00011124,43,181,224
WBGene00011127,0,14,14
WBGene00011128,69,3334,3403
WBGene00011129,22,4,26
WBGene00011130,9633,20,9653
WBGene00011131,126,221,347
WBGene00011132,1,28,29
WBGene00011133,13,19,32
WBGene00011134,0,4,4
WBGene00011135,2,2,4
WBGene00011136,24,24,48
WBGene00011137,16,637,653
WBGene00011139,105,444,549
WBGene00011140,37,80,117
WBGene00011141,74,422,496
WBGene00011142,84,559,643
WBGene00011143,69,474,543
WBGene00011144,387,1246,1633
WBGene00011145,52,416,468
WBGene00011146,231,1303,1534
WBGene00011147,41,117,158
WBGene00011150,12,14,26
WBGene00011151,6,11,17
WBGene00011152,56,44,100
WBGene00011153,32,22,54
WBGene00011154,65,532,597
WBGene00011155,1064,8670,9734
WBGene00011156,15354,131307,146661
WBGene00011157,6,75,81
WBGene00011158,3,20,23
WBGene00011159,6,15,21
WBGene00011161,1,33,34
WBGene00011162,2,0,2
WBGene00011163,16,15,31
WBGene00011164,12,2,14
WBGene00011166,26,88,114
WBGene00011167,3,30,33
WBGene00011168,18,14,32
WBGene00011169,11,5,16
WBGene00011170,0,4,4
WBGene00011171,39,59,98
WBGene00011172,2,17,19
WBGene00011173,29,4,33
WBGene00011175,23,25,48
WBGene00011176,4,30,34
WBGene00011177,2,1,3
WBGene00011179,27,101,128
WBGene00011180,56,38,94
WBGene00011181,114,1046,1160
WBGene00011182,328,886,1214
WBGene00011183,13,6,19
WBGene00011184,8,78,86
WBGene00011185,10,124,134
WBGene00011186,32,7,39
WBGene00011187,5,40,45
WBGene00011188,45,294,339
WBGene00011189,26,96,122
WBGene00011190,40,163,203
WBGene00011191,14,20,34
WBGene00011192,27,26,53
WBGene00011193,40,542,582
WBGene00011194,78,293,371
WBGene00011195,34,1149,1183
WBGene00011196,70,0,70
WBGene00011197,52,174,226
WBGene00011198,70,1441,1511
WBGene00011200,13,9,22
WBGene00011201,18,72,90
WBGene00011202,15,3,18
WBGene00011203,8,28,36
WBGene00011205,158,1218,1376
WBGene00011206,67,268,335
WBGene00011207,117,36,153
WBGene00011208,1,7,8
WBGene00011209,22,30,52
WBGene00011211,38,6,44
WBGene00011212,58,71,129
WBGene00011213,38,29,67
WBGene00011214,6,51,57
WBGene00011215,62,118,180
WBGene00011216,115,717,832
WBGene00011217,153,337,490
WBGene00011218,38,215,253
WBGene00011219,7,8,15
WBGene00011220,8,80,88
WBGene00011221,212,872,1084
WBGene00011222,209,1743,1952
WBGene00011223,86,476,562
WBGene00011224,50,206,256
WBGene00011225,38,180,218
WBGene00011226,117,187,304
WBGene00011227,7,236,243
WBGene00011228,23,18,41
WBGene00011229,0,8,8
WBGene00011230,126,2501,2627
WBGene00011231,198,7936,8134
WBGene00011232,1965,24824,26789
WBGene00011234,0,69,69
WBGene00011235,47,86,133
WBGene00011236,26,180,206
WBGene00011237,45,681,726
WBGene00011238,38,46,84
WBGene00011239,178,1848,2026
WBGene00011240,285,2009,2294
WBGene00011241,12,35,47
WBGene00011242,38,315,353
WBGene00011243,19,46,65
WBGene00011244,6,230,236
WBGene00011245,15,3,18
WBGene00011246,22,40,62
WBGene00011247,392,2671,3063
WBGene00011248,92,478,570
WBGene00011249,16,5,21
WBGene00011250,68,824,892
WBGene00011251,144,303,447
WBGene00011252,3,21,24
WBGene00011253,26,649,675
WBGene00011254,78,1914,1992
WBGene00011255,35,43,78
WBGene00011257,40,268,308
WBGene00011258,49,198,247
WBGene00011259,401,1284,1685
WBGene00011260,28,77,105
WBGene00011261,344,290,634
WBGene00011262,27,103,130
WBGene00011263,15,910,925
WBGene00011264,31,18,49
WBGene00011265,9,188,197
WBGene00011266,0,33,33
WBGene00011267,4,43,47
WBGene00011268,179,601,780
WBGene00011269,121,159,280
WBGene00011270,434,3716,4150
WBGene00011271,80,324,404
WBGene00011272,90,478,568
WBGene00011273,2038,43450,45488
WBGene00011274,128,545,673
WBGene00011275,24,162,186
WBGene00011276,50,1000,1050
WBGene00011277,5,9,14
WBGene00011278,1,61,62
WBGene00011279,529,2119,2648
WBGene00011280,96,570,666
WBGene00011281,164,1054,1218
WBGene00011282,277,1329,1606
WBGene00011283,405,1992,2397
WBGene00011284,53,1784,1837
WBGene00011285,94,515,609
WBGene00011286,121,649,770
WBGene00011287,116,506,622
WBGene00011288,1,109,110
WBGene00011289,74,12735,12809
WBGene00011290,7,7,14
WBGene00011291,77,246,323
WBGene00011292,188,1504,1692
WBGene00011293,99,15,114
WBGene00011295,1,1,2
WBGene00011296,14,44,58
WBGene00011297,12,19,31
WBGene00011298,183,742,925
WBGene00011299,274,1694,1968
WBGene00011300,382,12508,12890
WBGene00011302,320,1313,1633
WBGene00011303,456,1657,2113
WBGene00011304,2370,6865,9235
WBGene00011305,26,369,395
WBGene00011306,90,733,823
WBGene00011307,268,200,468
WBGene00011308,236,1947,2183
WBGene00011309,1051,2925,3976
WBGene00011310,36,149,185
WBGene00011311,276,1249,1525
WBGene00011312,13,583,596
WBGene00011313,1,16,17
WBGene00011314,83,202,285
WBGene00011315,40,185,225
WBGene00011317,147,1017,1164
WBGene00011318,27,316,343
WBGene00011319,75,374,449
WBGene00011320,3,16,19
WBGene00011321,7,212,219
WBGene00011322,21,25,46
WBGene00011323,82,810,892
WBGene00011324,5,205,210
WBGene00011325,17,189,206
WBGene00011326,140,1043,1183
WBGene00011327,3,15,18
WBGene00011328,233,472,705
WBGene00011329,81,476,557
WBGene00011330,53,506,559
WBGene00011331,1164,666,1830
WBGene00011333,125,1182,1307
WBGene00011334,164,2200,2364
WBGene00011335,85,105,190
WBGene00011336,7,7,14
WBGene00011337,94,2563,2657
WBGene00011338,143,806,949
WBGene00011339,38,36,74
WBGene00011340,48,44,92
WBGene00011341,0,37,37
WBGene00011342,13,12,25
WBGene00011344,331,1019,1350
WBGene00011345,11,254,265
WBGene00011348,113,399,512
WBGene00011349,154,1033,1187
WBGene00011350,0,28,28
WBGene00011351,21,57,78
WBGene00011352,237,1951,2188
WBGene00011353,62,272,334
WBGene00011354,13,42,55
WBGene00011355,16,57,73
WBGene00011356,14,7,21
WBGene00011358,16,13,29
WBGene00011359,109,16,125
WBGene00011360,15,12,27
WBGene00011361,91,114,205
WBGene00011362,24,43,67
WBGene00011363,1,22,23
WBGene00011364,58,237,295
WBGene00011365,8,20,28
WBGene00011366,21,114,135
WBGene00011367,66,579,645
WBGene00011368,57,316,373
WBGene00011371,49,85,134
WBGene00011372,267,203,470
WBGene00011373,0,1,1
WBGene00011374,1832,6338,8170
WBGene00011375,141,590,731
WBGene00011376,26,172,198
WBGene00011378,15,21,36
WBGene00011379,15,8,23
WBGene00011380,67,222,289
WBGene00011381,40,196,236
WBGene00011382,76,488,564
WBGene00011383,238,2713,2951
WBGene00011384,23,25,48
WBGene00011385,137,148,285
WBGene00011386,7,4,11
WBGene00011387,16,3,19
WBGene00011388,23,7,30
WBGene00011389,0,0,0
WBGene00011390,3,2,5
WBGene00011391,531,1886,2417
WBGene00011392,306,16212,16518
WBGene00011393,74,359,433
WBGene00011394,20,183,203
WBGene00011395,20,5,25
WBGene00011396,21,10,31
WBGene00011397,26,43,69
WBGene00011398,355,2422,2777
WBGene00011399,6,270,276
WBGene00011400,52,166,218
WBGene00011401,15,10,25
WBGene00011402,52,13,65
WBGene00011403,32,21,53
WBGene00011404,32,122,154
WBGene00011407,64,316,380
WBGene00011408,181,1785,1966
WBGene00011409,35,1355,1390
WBGene00011410,4,620,624
WBGene00011411,2,223,225
WBGene00011412,159,2211,2370
WBGene00011414,25,27,52
WBGene00011415,44,191,235
WBGene00011416,0,0,0
WBGene00011417,0,0,0
WBGene00011418,0,0,0
WBGene00011419,0,0,0
WBGene00011420,0,0,0
WBGene00011422,131,323,454
WBGene00011423,241,632,873
WBGene00011424,9,33,42
WBGene00011425,34,45,79
WBGene00011426,35,33,68
WBGene00011427,14,22,36
WBGene00011428,354,4069,4423
WBGene00011429,6,13,19
WBGene00011430,26,113,139
WBGene00011431,8,74,82
WBGene00011432,0,24,24
WBGene00011433,378,934,1312
WBGene00011434,20,478,498
WBGene00011435,15,15,30
WBGene00011436,119,873,992
WBGene00011437,85,274,359
WBGene00011438,11,5,16
WBGene00011439,48,271,319
WBGene00011440,55,815,870
WBGene00011441,75,485,560
WBGene00011442,77,154,231
WBGene00011443,21,76,97
WBGene00011444,68,362,430
WBGene00011445,60,230,290
WBGene00011446,49,1403,1452
WBGene00011447,68,263,331
WBGene00011449,79,1550,1629
WBGene00011450,12,278,290
WBGene00011451,21,176,197
WBGene00011452,77,198,275
WBGene00011453,24,82,106
WBGene00011454,83,152,235
WBGene00011456,121,114,235
WBGene00011458,26,108,134
WBGene00011460,69,87,156
WBGene00011462,17,16,33
WBGene00011463,65,254,319
WBGene00011464,35,278,313
WBGene00011465,34,165,199
WBGene00011466,8,19,27
WBGene00011467,6,9,15
WBGene00011468,21,16,37
WBGene00011469,2,2,4
WBGene00011471,46,213,259
WBGene00011472,7,4,11
WBGene00011473,22,140,162
WBGene00011474,72,25554,25626
WBGene00011475,0,65,65
WBGene00011476,60,78,138
WBGene00011478,17,48,65
WBGene00011479,99,556,655
WBGene00011480,1168,11441,12609
WBGene00011481,22,4783,4805
WBGene00011482,14,92,106
WBGene00011484,26,347,373
WBGene00011485,8,4,12
WBGene00011486,4,4,8
WBGene00011487,116,329,445
WBGene00011488,297,1509,1806
WBGene00011489,22,275,297
WBGene00011490,74,653,727
WBGene00011491,17,2,19
WBGene00011492,78,10,88
WBGene00011493,8,13,21
WBGene00011494,8,17,25
WBGene00011495,39,313,352
WBGene00011497,92,345,437
WBGene00011498,569,2942,3511
WBGene00011499,4,21,25
WBGene00011500,47,608,655
WBGene00011501,10,108,118
WBGene00011502,30,372,402
WBGene00011503,248,662,910
WBGene00011505,2,6,8
WBGene00011506,3,13,16
WBGene00011507,107,1800,1907
WBGene00011508,21,18,39
WBGene00011509,1,64,65
WBGene00011510,417,4573,4990
WBGene00011511,398,1568,1966
WBGene00011512,53,178,231
WBGene00011513,3,65,68
WBGene00011515,31,14,45
WBGene00011516,7,31,38
WBGene00011517,87,469,556
WBGene00011518,24,16,40
WBGene00011519,8,17,25
WBGene00011520,92,300,392
WBGene00011521,2,7,9
WBGene00011522,175,1387,1562
WBGene00011523,49,36,85
WBGene00011524,62,80,142
WBGene00011526,137,1438,1575
WBGene00011527,46,2211,2257
WBGene00011528,55,604,659
WBGene00011529,56,1049,1105
WBGene00011530,51,28,79
WBGene00011531,340,4369,4709
WBGene00011532,220,941,1161
WBGene00011533,4,11,15
WBGene00011534,21,40,61
WBGene00011535,1,1,2
WBGene00011536,0,4,4
WBGene00011537,2,9,11
WBGene00011538,60,1098,1158
WBGene00011539,6,35,41
WBGene00011540,23,24,47
WBGene00011541,6,6,12
WBGene00011542,11,10,21
WBGene00011543,108,564,672
WBGene00011544,21,1,22
WBGene00011545,46,174,220
WBGene00011546,46,129,175
WBGene00011547,3,17,20
WBGene00011548,10,2,12
WBGene00011551,111,759,870
WBGene00011552,20,6,26
WBGene00011553,0,0,0
WBGene00011554,34,81,115
WBGene00011556,33,35,68
WBGene00011557,2,11,13
WBGene00011558,146,3256,3402
WBGene00011559,98,502,600
WBGene00011560,24,339,363
WBGene00011561,158,5127,5285
WBGene00011562,145,578,723
WBGene00011563,13,19,32
WBGene00011564,572,2448,3020
WBGene00011565,8,9,17
WBGene00011566,13,49,62
WBGene00011568,45,23,68
WBGene00011570,7,8,15
WBGene00011571,241,3432,3673
WBGene00011572,51,84,135
WBGene00011573,137,6819,6956
WBGene00011574,4,31,35
WBGene00011575,25,181,206
WBGene00011576,55,148,203
WBGene00011577,0,1,1
WBGene00011578,39,60,99
WBGene00011579,275,1291,1566
WBGene00011580,76,628,704
WBGene00011581,16,20,36
WBGene00011582,9,21,30
WBGene00011583,9,13,22
WBGene00011584,0,0,0
WBGene00011586,105,2186,2291
WBGene00011587,32,86,118
WBGene00011589,42,402,444
WBGene00011590,381,656,1037
WBGene00011591,7,67,74
WBGene00011592,154,62,216
WBGene00011593,6,73,79
WBGene00011594,6,17,23
WBGene00011595,9,7,16
WBGene00011596,48,58,106
WBGene00011597,684,68,752
WBGene00011600,19,99,118
WBGene00011601,57,79,136
WBGene00011604,336,867,1203
WBGene00011605,178,2292,2470
WBGene00011606,10,42,52
WBGene00011609,1,1,2
WBGene00011610,3,16,19
WBGene00011611,30,104,134
WBGene00011612,60,17,77
WBGene00011613,27,89,116
WBGene00011614,14,71,85
WBGene00011615,25,93,118
WBGene00011616,24,8,32
WBGene00011618,6,10,16
WBGene00011619,37,12,49
WBGene00011620,16,24,40
WBGene00011621,9,11,20
WBGene00011622,15,28,43
WBGene00011623,7,33,40
WBGene00011624,79,213,292
WBGene00011625,43,460,503
WBGene00011626,0,0,0
WBGene00011627,0,0,0
WBGene00011628,0,0,0
WBGene00011629,415,5791,6206
WBGene00011630,54,62,116
WBGene00011631,302,1416,1718
WBGene00011633,36,181,217
WBGene00011634,208,1324,1532
WBGene00011635,57,554,611
WBGene00011636,264,1091,1355
WBGene00011637,120,640,760
WBGene00011638,90,3270,3360
WBGene00011639,230,1293,1523
WBGene00011640,8,188,196
WBGene00011641,0,1479,1479
WBGene00011642,7,35,42
WBGene00011643,41,34,75
WBGene00011644,35,154,189
WBGene00011645,53,339,392
WBGene00011646,34,32,66
WBGene00011647,697,2641,3338
WBGene00011648,106,813,919
WBGene00011649,35,14,49
WBGene00011650,3,1,4
WBGene00011651,27,11,38
WBGene00011652,5,6,11
WBGene00011653,15,6,21
WBGene00011654,8,9,17
WBGene00011655,4,8,12
WBGene00011656,19,16,35
WBGene00011657,9,16,25
WBGene00011658,4,1,5
WBGene00011659,2,4,6
WBGene00011661,80,875,955
WBGene00011662,49,1015,1064
WBGene00011663,121,220,341
WBGene00011664,26,234,260
WBGene00011665,11,35,46
WBGene00011666,8,6,14
WBGene00011668,0,3,3
WBGene00011669,8,8,16
WBGene00011670,4,34,38
WBGene00011671,28,20,48
WBGene00011672,143,1211,1354
WBGene00011673,19,198,217
WBGene00011674,15,28,43
WBGene00011675,87,22,109
WBGene00011676,74,650,724
WBGene00011677,52,46,98
WBGene00011678,36,285,321
WBGene00011679,143,3495,3638
WBGene00011680,23,329,352
WBGene00011681,134,1201,1335
WBGene00011682,99,273,372
WBGene00011683,338,1545,1883
WBGene00011684,55,126,181
WBGene00011685,1,17,18
WBGene00011686,11,8,19
WBGene00011687,33,1461,1494
WBGene00011688,34,474,508
WBGene00011689,47,40,87
WBGene00011691,13,18,31
WBGene00011692,1808,7645,9453
WBGene00011693,21,27,48
WBGene00011694,207,539,746
WBGene00011695,52,30,82
WBGene00011696,315,1552,1867
WBGene00011697,22,10,32
WBGene00011698,9,17,26
WBGene00011699,9,26,35
WBGene00011701,28,30,58
WBGene00011702,24,17,41
WBGene00011704,0,7,7
WBGene00011705,47,103,150
WBGene00011706,28,148,176
WBGene00011707,28,181,209
WBGene00011708,578,3145,3723
WBGene00011709,28,47,75
WBGene00011710,0,0,0
WBGene00011712,0,9,9
WBGene00011713,19,331,350
WBGene00011714,1,2,3
WBGene00011715,0,29,29
WBGene00011717,38,360,398
WBGene00011718,31,91,122
WBGene00011719,77,298,375
WBGene00011720,263,1236,1499
WBGene00011722,152,1472,1624
WBGene00011723,220,1642,1862
WBGene00011724,6,4,10
WBGene00011725,87,382,469
WBGene00011726,152,444,596
WBGene00011727,51,576,627
WBGene00011728,15,15,30
WBGene00011729,128,1561,1689
WBGene00011730,57,3465,3522
WBGene00011731,37,271,308
WBGene00011732,578,2390,2968
WBGene00011733,66,1862,1928
WBGene00011734,238,3613,3851
WBGene00011735,660,4581,5241
WBGene00011736,298,6095,6393
WBGene00011737,212,3663,3875
WBGene00011738,75,301,376
WBGene00011739,17,239,256
WBGene00011740,344,1902,2246
WBGene00011741,16,44,60
WBGene00011742,53,689,742
WBGene00011743,334,2257,2591
WBGene00011744,45,39,84
WBGene00011745,103,165,268
WBGene00011746,31,116,147
WBGene00011747,63,693,756
WBGene00011749,2,36,38
WBGene00011750,13,13,26
WBGene00011751,2,11,13
WBGene00011752,24,82,106
WBGene00011753,3,8,11
WBGene00011754,34,33,67
WBGene00011755,949,2424,3373
WBGene00011756,82,472,554
WBGene00011757,15,29,44
WBGene00011758,135,1756,1891
WBGene00011759,33,2271,2304
WBGene00011760,57,431,488
WBGene00011761,29,481,510
WBGene00011762,33,115,148
WBGene00011763,144,4845,4989
WBGene00011765,142,331,473
WBGene00011767,613,1905,2518
WBGene00011768,18,369,387
WBGene00011770,6,19,25
WBGene00011771,409,3024,3433
WBGene00011772,66,75,141
WBGene00011773,11,421,432
WBGene00011774,68,463,531
WBGene00011775,274,2136,2410
WBGene00011776,12,277,289
WBGene00011777,1,86,87
WBGene00011778,3,2,5
WBGene00011779,5,0,5
WBGene00011780,18,4,22
WBGene00011781,33,3,36
WBGene00011782,12,11,23
WBGene00011783,10,7,17
WBGene00011784,19,13,32
WBGene00011785,27,16,43
WBGene00011786,11,11,22
WBGene00011788,29,120,149
WBGene00011789,7,25,32
WBGene00011790,6,11,17
WBGene00011791,0,17,17
WBGene00011793,49,63,112
WBGene00011794,59,712,771
WBGene00011795,8,43,51
WBGene00011796,50,61,111
WBGene00011797,28,21,49
WBGene00011798,71,91,162
WBGene00011799,18,39,57
WBGene00011800,28,119,147
WBGene00011801,43,275,318
WBGene00011802,49,516,565
WBGene00011803,116,533,649
WBGene00011804,105,50,155
WBGene00011805,6,52,58
WBGene00011806,51,627,678
WBGene00011807,157,475,632
WBGene00011808,1,5,6
WBGene00011809,16,14,30
WBGene00011810,104,9,113
WBGene00011811,26,32,58
WBGene00011812,5,38,43
WBGene00011813,42,434,476
WBGene00011814,44,182,226
WBGene00011815,206,825,1031
WBGene00011816,17,15,32
WBGene00011817,195,466,661
WBGene00011819,13,225,238
WBGene00011820,55,581,636
WBGene00011821,61,312,373
WBGene00011822,91,717,808
WBGene00011823,1,131,132
WBGene00011824,247,589,836
WBGene00011826,130,161,291
WBGene00011827,624,874,1498
WBGene00011828,11,460,471
WBGene00011829,37,41,78
WBGene00011830,67,967,1034
WBGene00011831,24,395,419
WBGene00011832,92,895,987
WBGene00011833,30,380,410
WBGene00011834,30,257,287
WBGene00011835,24,322,346
WBGene00011836,15,51,66
WBGene00011837,5,8,13
WBGene00011838,16,363,379
WBGene00011839,20,258,278
WBGene00011840,3,10,13
WBGene00011841,12,95,107
WBGene00011844,3,28,31
WBGene00011846,18,37,55
WBGene00011847,3,29,32
WBGene00011848,9,12,21
WBGene00011849,22,2113,2135
WBGene00011850,112,133,245
WBGene00011852,20,41,61
WBGene00011853,8,11,19
WBGene00011854,1668,2253,3921
WBGene00011855,3,15,18
WBGene00011856,285,1739,2024
WBGene00011857,330,2952,3282
WBGene00011858,34,834,868
WBGene00011859,63,696,759
WBGene00011860,8,213,221
WBGene00011864,207,1795,2002
WBGene00011866,26,234,260
WBGene00011867,125,3952,4077
WBGene00011868,45,125,170
WBGene00011869,95,41574,41669
WBGene00011870,33,3230,3263
WBGene00011871,90,486,576
WBGene00011872,76,239,315
WBGene00011873,56,74,130
WBGene00011874,7,16,23
WBGene00011875,462,3892,4354
WBGene00011876,3,13,16
WBGene00011877,13,11,24
WBGene00011878,96,192,288
WBGene00011879,135,545,680
WBGene00011880,1044,12426,13470
WBGene00011882,39,5,44
WBGene00011883,329,2204,2533
WBGene00011884,287,30993,31280
WBGene00011885,390,986,1376
WBGene00011886,17,157,174
WBGene00011887,389,446,835
WBGene00011888,147,229,376
WBGene00011890,33,431,464
WBGene00011891,98,606,704
WBGene00011892,151,1426,1577
WBGene00011893,30,153,183
WBGene00011894,201,1442,1643
WBGene00011895,26,22,48
WBGene00011896,6,71,77
WBGene00011897,279,2786,3065
WBGene00011898,5,42,47
WBGene00011899,48,465,513
WBGene00011900,241,3,244
WBGene00011902,3,12,15
WBGene00011903,6,13,19
WBGene00011904,413,1116,1529
WBGene00011906,43,661,704
WBGene00011908,94,277,371
WBGene00011909,37,12,49
WBGene00011910,10,12,22
WBGene00011911,2,20,22
WBGene00011912,126,1077,1203
WBGene00011913,218,927,1145
WBGene00011914,32,293,325
WBGene00011915,118,693,811
WBGene00011916,62,268,330
WBGene00011917,293,2708,3001
WBGene00011918,20,20,40
WBGene00011919,24,14,38
WBGene00011920,37,308,345
WBGene00011921,12,2,14
WBGene00011922,10,11,21
WBGene00011923,37,106,143
WBGene00011924,42,248,290
WBGene00011925,63,103,166
WBGene00011926,36,70,106
WBGene00011927,27,89,116
WBGene00011928,47,56,103
WBGene00011929,0,2,2
WBGene00011930,111,222,333
WBGene00011931,23,129,152
WBGene00011932,70,632,702
WBGene00011934,0,631,631
WBGene00011935,60,711,771
WBGene00011936,78,706,784
WBGene00011937,0,1,1
WBGene00011938,37,113,150
WBGene00011939,99,799,898
WBGene00011940,245,404,649
WBGene00011941,68,206,274
WBGene00011942,0,1,1
WBGene00011943,0,7,7
WBGene00011944,313,1949,2262
WBGene00011945,25,137,162
WBGene00011947,4,2,6
WBGene00011948,8,20,28
WBGene00011949,14,5,19
WBGene00011950,10,1,11
WBGene00011951,2,16,18
WBGene00011952,70,54,124
WBGene00011953,620,3062,3682
WBGene00011954,1,6,7
WBGene00011955,120,1044,1164
WBGene00011956,34,286,320
WBGene00011957,82,450,532
WBGene00011958,22,40,62
WBGene00011959,5,113,118
WBGene00011960,30,46,76
WBGene00011961,28,6,34
WBGene00011962,115,878,993
WBGene00011963,97,268,365
WBGene00011964,68,311,379
WBGene00011965,123,296,419
WBGene00011966,347,3801,4148
WBGene00011967,115,822,937
WBGene00011968,1,59,60
WBGene00011969,17,451,468
WBGene00011970,243,475,718
WBGene00011971,280,2025,2305
WBGene00011972,73,849,922
WBGene00011973,9,11,20
WBGene00011974,22,26,48
WBGene00011975,166,1142,1308
WBGene00011976,166,340,506
WBGene00011977,278,13668,13946
WBGene00011978,358,2536,2894
WBGene00011979,36,180,216
WBGene00011980,246,1200,1446
WBGene00011981,2,38,40
WBGene00011982,10,5,15
WBGene00011983,2,17,19
WBGene00011984,30,61,91
WBGene00011985,48,387,435
WBGene00011986,0,15,15
WBGene00011988,25,66,91
WBGene00011989,31,0,31
WBGene00011990,20,196,216
WBGene00011991,60,9,69
WBGene00011992,0,2,2
WBGene00011993,0,6,6
WBGene00011994,28,293,321
WBGene00011995,182,639,821
WBGene00011996,29,165,194
WBGene00011997,30,803,833
WBGene00011999,17,10,27
WBGene00012000,64,885,949
WBGene00012002,60,718,778
WBGene00012003,77,35,112
WBGene00012004,184,1287,1471
WBGene00012005,1403,853,2256
WBGene00012007,19,470,489
WBGene00012008,0,4,4
WBGene00012009,68,116,184
WBGene00012010,10,16,26
WBGene00012011,12,8,20
WBGene00012012,11,12,23
WBGene00012013,82,263,345
WBGene00012014,104,529,633
WBGene00012015,229,3789,4018
WBGene00012016,102,301,403
WBGene00012017,128,56,184
WBGene00012018,476,2102,2578
WBGene00012019,6842,1312,8154
WBGene00012020,11,109,120
WBGene00012021,16,6,22
WBGene00012022,17,13,30
WBGene00012023,42,18,60
WBGene00012024,4,4,8
WBGene00012025,2,19,21
WBGene00012026,1,7,8
WBGene00012027,5,5,10
WBGene00012028,10,16,26
WBGene00012029,124,429,553
WBGene00012030,153,2707,2860
WBGene00012031,95,2197,2292
WBGene00012032,18,41,59
WBGene00012033,223,837,1060
WBGene00012034,46,209,255
WBGene00012035,88,1354,1442
WBGene00012036,0,11,11
WBGene00012037,780,4397,5177
WBGene00012038,1,13,14
WBGene00012039,5,7,12
WBGene00012040,0,18,18
WBGene00012041,25,29,54
WBGene00012042,29,147,176
WBGene00012043,8,14,22
WBGene00012044,1,15,16
WBGene00012045,19,19,38
WBGene00012046,42,13,55
WBGene00012049,8,3,11
WBGene00012050,5,5,10
WBGene00012051,74,27,101
WBGene00012052,7,7,14
WBGene00012054,35,2,37
WBGene00012055,3,5,8
WBGene00012056,4,19,23
WBGene00012057,0,0,0
WBGene00012059,173,1222,1395
WBGene00012060,2,0,2
WBGene00012061,0,8,8
WBGene00012062,88,304,392
WBGene00012063,0,7,7
WBGene00012064,0,0,0
WBGene00012065,0,0,0
WBGene00012066,19,2,21
WBGene00012067,1,1,2
WBGene00012068,34,56,90
WBGene00012069,7,0,7
WBGene00012070,203,43,246
WBGene00012072,12,8,20
WBGene00012073,151,403,554
WBGene00012074,31,20,51
WBGene00012075,1,1,2
WBGene00012076,4,1,5
WBGene00012077,31,9,40
WBGene00012080,7,0,7
WBGene00012081,16,3,19
WBGene00012083,10,6,16
WBGene00012084,80,377,457
WBGene00012085,66,1081,1147
WBGene00012086,37,20,57
WBGene00012087,15,5,20
WBGene00012088,14,13,27
WBGene00012089,20,10,30
WBGene00012090,6,5,11
WBGene00012091,75,10,85
WBGene00012093,62,21,83
WBGene00012094,0,20736,20736
WBGene00012095,117,243,360
WBGene00012096,1,8,9
WBGene00012097,231,9651,9882
WBGene00012099,109,138,247
WBGene00012100,211,1546,1757
WBGene00012101,13,1790,1803
WBGene00012102,35,24,59
WBGene00012103,16,42,58
WBGene00012104,41,281,322
WBGene00012105,73,337,410
WBGene00012106,32,473,505
WBGene00012107,14,89,103
WBGene00012108,15,2,17
WBGene00012109,22,81,103
WBGene00012110,43,103,146
WBGene00012111,26,112,138
WBGene00012112,32,177,209
WBGene00012113,30,10564,10594
WBGene00012114,52,141,193
WBGene00012115,44,57,101
WBGene00012116,44,61,105
WBGene00012117,343,1948,2291
WBGene00012118,151,666,817
WBGene00012119,2,21,23
WBGene00012120,5,114,119
WBGene00012121,337,2558,2895
WBGene00012122,16,358,374
WBGene00012123,239,1586,1825
WBGene00012124,48,399,447
WBGene00012125,168,922,1090
WBGene00012126,1166,2346,3512
WBGene00012127,86,282,368
WBGene00012128,520,5139,5659
WBGene00012130,65,276,341
WBGene00012131,27,182,209
WBGene00012132,87,338,425
WBGene00012134,49,243,292
WBGene00012135,78,59,137
WBGene00012136,646,1747,2393
WBGene00012137,83,121,204
WBGene00012138,24,53,77
WBGene00012139,667,366,1033
WBGene00012140,554,18639,19193
WBGene00012142,51,165,216
WBGene00012143,60,205,265
WBGene00012144,29,401,430
WBGene00012145,87,1031,1118
WBGene00012146,0,0,0
WBGene00012147,16,29,45
WBGene00012148,148,18501,18649
WBGene00012149,377,731,1108
WBGene00012150,84,271,355
WBGene00012151,148,111,259
WBGene00012152,84,693,777
WBGene00012155,19,183,202
WBGene00012156,6,502,508
WBGene00012157,126,256,382
WBGene00012158,2840,7025,9865
WBGene00012159,3,12,15
WBGene00012162,25,76,101
WBGene00012163,13,21,34
WBGene00012164,133,93,226
WBGene00012165,92,167,259
WBGene00012166,21,7846,7867
WBGene00012167,17,342,359
WBGene00012168,62,53,115
WBGene00012169,5,2,7
WBGene00012170,14,10,24
WBGene00012171,0,11,11
WBGene00012172,17,24,41
WBGene00012173,8,8,16
WBGene00012174,12,13,25
WBGene00012175,43,61,104
WBGene00012176,31,54,85
WBGene00012177,8,14,22
WBGene00012178,138,171,309
WBGene00012179,3031,169187,172218
WBGene00012180,277,92,369
WBGene00012181,22,5,27
WBGene00012182,32,815,847
WBGene00012183,0,175,175
WBGene00012184,73,156,229
WBGene00012185,27,154,181
WBGene00012186,51,1115,1166
WBGene00012187,91,1134,1225
WBGene00012188,116,414,530
WBGene00012190,40,52,92
WBGene00012191,25,24,49
WBGene00012192,150,414,564
WBGene00012193,1030,5694,6724
WBGene00012194,64,974,1038
WBGene00012195,53,35,88
WBGene00012196,9,33,42
WBGene00012197,170,3027,3197
WBGene00012198,31,304,335
WBGene00012199,18,23,41
WBGene00012200,19,6,25
WBGene00012201,56,253,309
WBGene00012202,41,79,120
WBGene00012203,86,793,879
WBGene00012204,44,1037,1081
WBGene00012205,61,718,779
WBGene00012206,37,630,667
WBGene00012207,14,10,24
WBGene00012208,86,627,713
WBGene00012209,24,209,233
WBGene00012210,3,49,52
WBGene00012211,13,23,36
WBGene00012212,0,1,1
WBGene00012213,0,32,32
WBGene00012214,1,15,16
WBGene00012215,12,51,63
WBGene00012216,43,1788,1831
WBGene00012217,21,6,27
WBGene00012219,11,109,120
WBGene00012220,44,168,212
WBGene00012221,243,2562,2805
WBGene00012222,93,128,221
WBGene00012223,11,1,12
WBGene00012224,27,20,47
WBGene00012225,120,240,360
WBGene00012226,433,748,1181
WBGene00012227,15,58,73
WBGene00012228,14,72,86
WBGene00012230,581,1201,1782
WBGene00012231,34,19,53
WBGene00012232,9,0,9
WBGene00012233,7,1,8
WBGene00012234,307,743,1050
WBGene00012235,55,359,414
WBGene00012236,66,280,346
WBGene00012237,6,110,116
WBGene00012238,30,15,45
WBGene00012239,56,680,736
WBGene00012240,8,17,25
WBGene00012241,95,199,294
WBGene00012242,3,43,46
WBGene00012243,56,428,484
WBGene00012244,19,1309,1328
WBGene00012245,315,2236,2551
WBGene00012246,12,23,35
WBGene00012247,3,1,4
WBGene00012248,0,0,0
WBGene00012249,12,8,20
WBGene00012250,73,2,75
WBGene00012251,27,94,121
WBGene00012252,196,294,490
WBGene00012253,171,3845,4016
WBGene00012254,45,43,88
WBGene00012255,48,790,838
WBGene00012256,15,330,345
WBGene00012257,16,182,198
WBGene00012258,50,827,877
WBGene00012259,181,315,496
WBGene00012260,3,18,21
WBGene00012261,20,850,870
WBGene00012264,6,15,21
WBGene00012265,64,77,141
WBGene00012266,10,7,17
WBGene00012267,2,3,5
WBGene00012268,7,48,55
WBGene00012269,15,1,16
WBGene00012270,19,12,31
WBGene00012271,47,103,150
WBGene00012272,245,146,391
WBGene00012274,588,2905,3493
WBGene00012275,152,194,346
WBGene00012276,91,1186,1277
WBGene00012277,60,257,317
WBGene00012278,3,13,16
WBGene00012279,12,253,265
WBGene00012280,14,48,62
WBGene00012281,113,379,492
WBGene00012282,74,317,391
WBGene00012283,14,6,20
WBGene00012285,9,9,18
WBGene00012286,6,4,10
WBGene00012287,2,9,11
WBGene00012288,2,6,8
WBGene00012289,578,2760,3338
WBGene00012290,31,580,611
WBGene00012291,567,2122,2689
WBGene00012293,180,848,1028
WBGene00012294,0,9,9
WBGene00012295,33,56,89
WBGene00012296,39,15,54
WBGene00012297,11,13,24
WBGene00012298,54,632,686
WBGene00012299,37,35,72
WBGene00012300,0,0,0
WBGene00012301,7,6,13
WBGene00012302,4,2,6
WBGene00012303,21,3,24
WBGene00012304,96,17,113
WBGene00012305,3,3,6
WBGene00012306,155,323,478
WBGene00012307,13,29,42
WBGene00012308,25,8,33
WBGene00012309,2,6,8
WBGene00012310,11,5,16
WBGene00012311,1,4,5
WBGene00012312,0,0,0
WBGene00012313,0,2,2
WBGene00012314,0,0,0
WBGene00012315,46,373,419
WBGene00012316,155,789,944
WBGene00012317,117,1383,1500
WBGene00012318,4,3,7
WBGene00012319,243,459,702
WBGene00012321,3,8,11
WBGene00012322,110,500,610
WBGene00012323,5,23,28
WBGene00012324,13,168,181
WBGene00012325,61,115,176
WBGene00012326,366,1046,1412
WBGene00012328,30,87,117
WBGene00012329,16,13,29
WBGene00012330,103,454,557
WBGene00012332,25,133,158
WBGene00012333,25,44,69
WBGene00012334,22,3,25
WBGene00012335,3,21,24
WBGene00012336,36,25,61
WBGene00012337,491,2195,2686
WBGene00012339,49,324,373
WBGene00012340,78,149,227
WBGene00012341,215,926,1141
WBGene00012342,226,1222,1448
WBGene00012343,209,1766,1975
WBGene00012344,491,6265,6756
WBGene00012345,14,15,29
WBGene00012346,19,8,27
WBGene00012347,1731,295,2026
WBGene00012348,777,3077,3854
WBGene00012349,21,10,31
WBGene00012351,1043,5691,6734
WBGene00012352,241,333,574
WBGene00012353,101,1128,1229
WBGene00012354,676,23815,24491
WBGene00012356,39,90,129
WBGene00012357,1,3,4
WBGene00012358,405,1783,2188
WBGene00012359,61,904,965
WBGene00012360,138,762,900
WBGene00012361,166,5014,5180
WBGene00012362,551,1231,1782
WBGene00012363,217,415,632
WBGene00012364,108,172,280
WBGene00012365,117,947,1064
WBGene00012366,87,731,818
WBGene00012369,154,822,976
WBGene00012370,218,309,527
WBGene00012371,878,1028,1906
WBGene00012372,55,117,172
WBGene00012373,7,2,9
WBGene00012374,4,24,28
WBGene00012375,61,1356,1417
WBGene00012376,502,8361,8863
WBGene00012378,6,9,15
WBGene00012379,2,14,16
WBGene00012380,3,2,5
WBGene00012381,78,379,457
WBGene00012382,9561,81555,91116
WBGene00012383,1637,12261,13898
WBGene00012385,100,307,407
WBGene00012386,567779,1232,569011
WBGene00012387,154,102,256
WBGene00012388,142,43,185
WBGene00012389,328,475,803
WBGene00012390,208,315,523
WBGene00012391,124,348,472
WBGene00012393,272,484,756
WBGene00012394,46,13,59
WBGene00012395,2,263,265
WBGene00012396,71,648,719
WBGene00012397,0,16,16
WBGene00012398,29,57,86
WBGene00012399,62,65,127
WBGene00012400,10,11,21
WBGene00012401,3,54,57
WBGene00012402,4,2,6
WBGene00012404,21,93,114
WBGene00012405,1,3,4
WBGene00012406,17,11,28
WBGene00012407,88,423,511
WBGene00012408,24,145,169
WBGene00012409,5,6,11
WBGene00012411,2,0,2
WBGene00012412,58,40,98
WBGene00012413,24,62,86
WBGene00012414,7,6,13
WBGene00012415,25,7,32
WBGene00012416,71,70,141
WBGene00012420,13,1647,1660
WBGene00012421,125,622,747
WBGene00012422,2,15,17
WBGene00012423,237,1465,1702
WBGene00012424,503,1600,2103
WBGene00012425,104,142,246
WBGene00012428,96,42,138
WBGene00012429,1,17,18
WBGene00012431,23,119,142
WBGene00012432,47,82,129
WBGene00012433,9,29,38
WBGene00012434,579,3013,3592
WBGene00012435,14,98,112
WBGene00012436,5,53,58
WBGene00012437,442,2203,2645
WBGene00012439,45,382,427
WBGene00012440,14,590,604
WBGene00012441,69,270,339
WBGene00012442,53,32,85
WBGene00012443,219,1579,1798
WBGene00012444,6,2595,2601
WBGene00012445,162,1190,1352
WBGene00012446,81,94,175
WBGene00012448,46,26,72
WBGene00012449,40,72,112
WBGene00012450,44,135,179
WBGene00012451,8,8,16
WBGene00012452,161,6161,6322
WBGene00012454,3,5,8
WBGene00012455,121,39,160
WBGene00012456,49,98,147
WBGene00012457,135,386,521
WBGene00012458,374,1033,1407
WBGene00012459,60,637,697
WBGene00012460,124,220,344
WBGene00012461,469,204,673
WBGene00012462,415,340,755
WBGene00012463,194,449,643
WBGene00012464,46,79,125
WBGene00012465,103,837,940
WBGene00012466,323,404,727
WBGene00012467,26,91,117
WBGene00012468,507,3559,4066
WBGene00012469,74,400,474
WBGene00012470,51,11,62
WBGene00012471,70,4901,4971
WBGene00012472,166,808,974
WBGene00012473,98,56,154
WBGene00012474,282,888,1170
WBGene00012475,28,62,90
WBGene00012476,92,26,118
WBGene00012477,42,70,112
WBGene00012478,568,4537,5105
WBGene00012479,120,507,627
WBGene00012480,44,30,74
WBGene00012481,58,159,217
WBGene00012482,1,28,29
WBGene00012483,37,2199,2236
WBGene00012484,44,2408,2452
WBGene00012486,9,2,11
WBGene00012487,11,21,32
WBGene00012488,16,1,17
WBGene00012489,0,0,0
WBGene00012490,10,16,26
WBGene00012491,101,32,133
WBGene00012492,3,17,20
WBGene00012494,122,200,322
WBGene00012496,69,487,556
WBGene00012497,71,1419,1490
WBGene00012500,11,45,56
WBGene00012501,6,3,9
WBGene00012502,8,5,13
WBGene00012503,49,77,126
WBGene00012504,8,7,15
WBGene00012505,14,31,45
WBGene00012509,2,1,3
WBGene00012510,18,20,38
WBGene00012512,25,76,101
WBGene00012513,13,238,251
WBGene00012514,16,87,103
WBGene00012515,31,5,36
WBGene00012516,0,10,10
WBGene00012518,4,10,14
WBGene00012519,6,0,6
WBGene00012520,7,0,7
WBGene00012521,2,8,10
WBGene00012522,324,901,1225
WBGene00012523,1,3,4
WBGene00012524,89,316,405
WBGene00012525,26,26,52
WBGene00012526,6,20,26
WBGene00012527,46,113,159
WBGene00012528,537,1394,1931
WBGene00012529,134,331,465
WBGene00012530,829,832,1661
WBGene00012531,76,342,418
WBGene00012532,150,241,391
WBGene00012533,4,19,23
WBGene00012535,98,20,118
WBGene00012536,65,126,191
WBGene00012537,9,688,697
WBGene00012538,69,161,230
WBGene00012540,10,51,61
WBGene00012541,40,15,55
WBGene00012542,52,20,72
WBGene00012543,293,1240,1533
WBGene00012544,1464,11043,12507
WBGene00012545,110,196,306
WBGene00012546,20,318,338
WBGene00012547,3,16,19
WBGene00012548,66,538,604
WBGene00012549,98,1,99
WBGene00012550,39,2959,2998
WBGene00012551,7,301,308
WBGene00012552,0,112,112
WBGene00012553,4671,29353,34024
WBGene00012554,113,1142,1255
WBGene00012555,51,332,383
WBGene00012556,289,1696,1985
WBGene00012557,16,5,21
WBGene00012558,132,748,880
WBGene00012559,225,375,600
WBGene00012560,647,656,1303
WBGene00012561,6,33,39
WBGene00012562,146,609,755
WBGene00012564,17,131,148
WBGene00012565,10,108,118
WBGene00012566,9,34,43
WBGene00012567,10,23,33
WBGene00012570,25,18,43
WBGene00012571,21,0,21
WBGene00012573,87,112,199
WBGene00012574,0,3,3
WBGene00012575,3,12,15
WBGene00012576,75,265,340
WBGene00012577,21,5,26
WBGene00012578,369,665,1034
WBGene00012579,0,0,0
WBGene00012580,17,11,28
WBGene00012581,0,2,2
WBGene00012582,22,17,39
WBGene00012583,45,136,181
WBGene00012584,801,1562,2363
WBGene00012585,56,54,110
WBGene00012586,4,6,10
WBGene00012587,10,10,20
WBGene00012589,2,21,23
WBGene00012590,3,0,3
WBGene00012591,0,125,125
WBGene00012592,10,254,264
WBGene00012593,0,8,8
WBGene00012594,14,89,103
WBGene00012595,4,83,87
WBGene00012596,16,34,50
WBGene00012597,38,179,217
WBGene00012598,292,65,357
WBGene00012600,124,747,871
WBGene00012602,688,6179,6867
WBGene00012603,3,7,10
WBGene00012604,0,61,61
WBGene00012605,55,85,140
WBGene00012606,57,260,317
WBGene00012607,44,44,88
WBGene00012608,1841,11857,13698
WBGene00012609,5,5,10
WBGene00012610,37,169,206
WBGene00012612,7,5,12
WBGene00012614,58,42,100
WBGene00012615,900,10381,11281
WBGene00012616,9,82,91
WBGene00012617,0,3,3
WBGene00012618,42,33,75
WBGene00012621,8,170,178
WBGene00012622,18,45,63
WBGene00012624,41,157,198
WBGene00012625,8,16,24
WBGene00012626,63,106,169
WBGene00012627,57,53,110
WBGene00012628,108,612,720
WBGene00012629,44,118,162
WBGene00012630,3,4,7
WBGene00012631,5,13,18
WBGene00012632,25,109,134
WBGene00012633,25,7,32
WBGene00012634,3,64,67
WBGene00012635,23,42,65
WBGene00012636,45,11,56
WBGene00012637,3,7,10
WBGene00012638,0,1,1
WBGene00012639,41,46,87
WBGene00012640,28,99,127
WBGene00012641,158,1204,1362
WBGene00012642,31,39,70
WBGene00012643,24,1037,1061
WBGene00012644,342,775,1117
WBGene00012645,304,1478,1782
WBGene00012646,142,1014,1156
WBGene00012647,64,390,454
WBGene00012648,90,2412,2502
WBGene00012649,0,7,7
WBGene00012650,20,435,455
WBGene00012651,68,202,270
WBGene00012652,11,752,763
WBGene00012654,95,41,136
WBGene00012655,99,4,103
WBGene00012656,31,3,34
WBGene00012657,156,368,524
WBGene00012658,408,1186,1594
WBGene00012659,0,4,4
WBGene00012660,35,990,1025
WBGene00012661,9,11,20
WBGene00012662,93,713,806
WBGene00012663,114,432,546
WBGene00012664,6,434,440
WBGene00012665,142,784,926
WBGene00012666,303,1802,2105
WBGene00012668,1083,3477,4560
WBGene00012669,40,43,83
WBGene00012670,51,32,83
WBGene00012671,15,30,45
WBGene00012672,10,1,11
WBGene00012673,21,57,78
WBGene00012674,209,656,865
WBGene00012675,143,544,687
WBGene00012676,441,1069,1510
WBGene00012678,30,60,90
WBGene00012679,15,43,58
WBGene00012681,8,2,10
WBGene00012682,19,3,22
WBGene00012683,2,38,40
WBGene00012684,44,42,86
WBGene00012686,18,22,40
WBGene00012688,27,16,43
WBGene00012689,23,62,85
WBGene00012691,1,4,5
WBGene00012692,297,2001,2298
WBGene00012693,137,855,992
WBGene00012694,93,738,831
WBGene00012695,22,430,452
WBGene00012696,22,120,142
WBGene00012697,76,1683,1759
WBGene00012698,65,209,274
WBGene00012699,79,20,99
WBGene00012700,17,118,135
WBGene00012701,189,313,502
WBGene00012702,49,28,77
WBGene00012703,122,119,241
WBGene00012704,69,127,196
WBGene00012705,13,38,51
WBGene00012707,25,3,28
WBGene00012708,13,24,37
WBGene00012709,45,47,92
WBGene00012710,11,296,307
WBGene00012711,17,30,47
WBGene00012712,224,220,444
WBGene00012713,160,2804,2964
WBGene00012714,134,1693,1827
WBGene00012715,54,436,490
WBGene00012716,14,134,148
WBGene00012717,257,3987,4244
WBGene00012718,402,259,661
WBGene00012719,222,167,389
WBGene00012720,8,4,12
WBGene00012721,127,65,192
WBGene00012722,104,1163,1267
WBGene00012723,50,333,383
WBGene00012724,18,6,24
WBGene00012725,2,25,27
WBGene00012726,27,24,51
WBGene00012727,0,1,1
WBGene00012728,74,1094,1168
WBGene00012729,1,3,4
WBGene00012730,539,815,1354
WBGene00012731,6,27,33
WBGene00012732,252,475,727
WBGene00012733,14,16,30
WBGene00012734,413,185,598
WBGene00012735,504,874,1378
WBGene00012738,97,3499,3596
WBGene00012739,1080,2088,3168
WBGene00012740,137,987,1124
WBGene00012741,29,15,44
WBGene00012742,3,3,6
WBGene00012743,44,4,48
WBGene00012744,245,75,320
WBGene00012746,19,9,28
WBGene00012747,110,17,127
WBGene00012748,8,11,19
WBGene00012750,205,128,333
WBGene00012753,28,231,259
WBGene00012754,37,63,100
WBGene00012755,73,173,246
WBGene00012756,221,353,574
WBGene00012757,94,753,847
WBGene00012758,56,154,210
WBGene00012759,179,3366,3545
WBGene00012760,16526,1900,18426
WBGene00012761,3,6,9
WBGene00012762,121,1432,1553
WBGene00012763,465,661,1126
WBGene00012764,2,248,250
WBGene00012765,207,1364,1571
WBGene00012766,119,2049,2168
WBGene00012767,354,505,859
WBGene00012768,83,21713,21796
WBGene00012769,347,1680,2027
WBGene00012770,233,107,340
WBGene00012771,7,5,12
WBGene00012772,117,14,131
WBGene00012773,44,9,53
WBGene00012775,164,47,211
WBGene00012776,130,147,277
WBGene00012777,12,71,83
WBGene00012778,20,146,166
WBGene00012779,231,262,493
WBGene00012780,34,25,59
WBGene00012781,0,19,19
WBGene00012782,92,484,576
WBGene00012783,17,474,491
WBGene00012784,46,7,53
WBGene00012785,0,4,4
WBGene00012786,4,18,22
WBGene00012787,19,68,87
WBGene00012788,132,2,134
WBGene00012789,8,0,8
WBGene00012790,0,0,0
WBGene00012791,328,57,385
WBGene00012792,15,44,59
WBGene00012794,79,1159,1238
WBGene00012795,3,35,38
WBGene00012796,96,144,240
WBGene00012798,19,32,51
WBGene00012799,2,14,16
WBGene00012802,168,336,504
WBGene00012803,53,2325,2378
WBGene00012804,151,629,780
WBGene00012806,52,334,386
WBGene00012807,124,823,947
WBGene00012808,42,107,149
WBGene00012809,62,26,88
WBGene00012810,16,42,58
WBGene00012811,64,158,222
WBGene00012812,803,4842,5645
WBGene00012813,1894,13313,15207
WBGene00012814,201,97,298
WBGene00012815,16,41,57
WBGene00012816,5,3,8
WBGene00012818,9,4,13
WBGene00012819,71,161,232
WBGene00012820,50,6,56
WBGene00012821,74,395,469
WBGene00012822,8,18,26
WBGene00012823,11,28,39
WBGene00012824,26,26,52
WBGene00012825,228,670,898
WBGene00012826,116,330,446
WBGene00012827,18,10,28
WBGene00012828,425,151,576
WBGene00012829,397,1771,2168
WBGene00012830,41,1215,1256
WBGene00012831,10,8,18
WBGene00012832,862,13,875
WBGene00012833,40,369,409
WBGene00012834,110,221,331
WBGene00012835,147,180,327
WBGene00012836,3,1,4
WBGene00012837,4,21,25
WBGene00012838,4,12,16
WBGene00012839,14,2,16
WBGene00012840,202,747,949
WBGene00012841,2,7,9
WBGene00012844,0,0,0
WBGene00012845,287,126,413
WBGene00012846,14,11,25
WBGene00012847,22,11,33
WBGene00012848,26,16,42
WBGene00012849,5,4,9
WBGene00012850,1851,7232,9083
WBGene00012851,4,24,28
WBGene00012852,19,21,40
WBGene00012853,445,13225,13670
WBGene00012854,239,1093,1332
WBGene00012855,18,32,50
WBGene00012856,59,43,102
WBGene00012857,243,622,865
WBGene00012858,59,489,548
WBGene00012859,43,99,142
WBGene00012860,88,416,504
WBGene00012861,54,659,713
WBGene00012862,3,5,8
WBGene00012863,21,22,43
WBGene00012864,61,69,130
WBGene00012866,57,84,141
WBGene00012867,63,322,385
WBGene00012868,739,951,1690
WBGene00012869,96,332,428
WBGene00012871,0,0,0
WBGene00012872,5,5,10
WBGene00012873,2,19,21
WBGene00012874,1,1,2
WBGene00012875,1256,7364,8620
WBGene00012877,55,24,79
WBGene00012878,1,1,2
WBGene00012879,6,99,105
WBGene00012880,20,11,31
WBGene00012883,21,165,186
WBGene00012885,338,2428,2766
WBGene00012886,25,59,84
WBGene00012887,191,1001,1192
WBGene00012888,57,459,516
WBGene00012889,155,347,502
WBGene00012890,112,194,306
WBGene00012891,688,2056,2744
WBGene00012892,51,19,70
WBGene00012893,56,17,73
WBGene00012894,994,981,1975
WBGene00012895,178,533,711
WBGene00012896,126,3013,3139
WBGene00012897,35,881,916
WBGene00012899,18,93,111
WBGene00012900,13,55,68
WBGene00012901,132,79,211
WBGene00012903,263,1884,2147
WBGene00012904,68,576,644
WBGene00012905,0,3,3
WBGene00012906,33,264,297
WBGene00012907,1387,4964,6351
WBGene00012908,183,856,1039
WBGene00012909,285,388,673
WBGene00012910,18,27,45
WBGene00012911,153,330,483
WBGene00012912,2,9,11
WBGene00012913,1,5,6
WBGene00012914,4,7,11
WBGene00012915,55,56,111
WBGene00012916,5,13,18
WBGene00012917,99,21,120
WBGene00012919,78,14,92
WBGene00012920,107,239,346
WBGene00012921,0,87,87
WBGene00012922,14,96,110
WBGene00012923,23,92,115
WBGene00012925,12,2,14
WBGene00012926,0,6,6
WBGene00012927,53,168,221
WBGene00012928,29,435,464
WBGene00012929,348,2061,2409
WBGene00012930,378,462,840
WBGene00012931,204,887,1091
WBGene00012932,148,1717,1865
WBGene00012933,0,93,93
WBGene00012934,169,410,579
WBGene00012935,234,331,565
WBGene00012936,269,1219,1488
WBGene00012937,0,14,14
WBGene00012938,177,88,265
WBGene00012939,113,260,373
WBGene00012940,104,20,124
WBGene00012941,23,109,132
WBGene00012942,1,142,143
WBGene00012943,238,509,747
WBGene00012945,0,0,0
WBGene00012946,70,174,244
WBGene00012947,5,8,13
WBGene00012948,315,192,507
WBGene00012950,64,453,517
WBGene00012951,236,974,1210
WBGene00012952,2,9,11
WBGene00012953,28,102,130
WBGene00012955,6,1,7
WBGene00012958,27,22,49
WBGene00012959,10,11,21
WBGene00012960,407,1102,1509
WBGene00012961,38,111,149
WBGene00012962,61,107,168
WBGene00012964,227,6544,6771
WBGene00012965,0,24,24
WBGene00012966,16,560,576
WBGene00012967,190,80,270
WBGene00012968,87,334,421
WBGene00012969,14,28,42
WBGene00012970,38,64,102
WBGene00012972,110,760,870
WBGene00012973,841,2604,3445
WBGene00012976,128,287,415
WBGene00012977,190,436,626
WBGene00012978,335,2298,2633
WBGene00012979,6,42,48
WBGene00012980,849,1520,2369
WBGene00012981,17,20,37
WBGene00012982,186,979,1165
WBGene00012983,229,2420,2649
WBGene00012984,131,532,663
WBGene00012985,10,3,13
WBGene00012987,230,838,1068
WBGene00012988,215,692,907
WBGene00012989,1123,702,1825
WBGene00012990,332,719,1051
WBGene00012992,213,1343,1556
WBGene00012993,235,258,493
WBGene00012994,258,423,681
WBGene00012995,475,668,1143
WBGene00012996,232,812,1044
WBGene00012997,30,466,496
WBGene00012998,300,345,645
WBGene00012999,459,1624,2083
WBGene00013000,851,340,1191
WBGene00013001,399,822,1221
WBGene00013002,611,634,1245
WBGene00013004,497,2324,2821
WBGene00013006,298,332,630
WBGene00013007,43,61,104
WBGene00013008,196,283,479
WBGene00013009,13,39,52
WBGene00013011,101,351,452
WBGene00013013,44,293,337
WBGene00013014,136,524,660
WBGene00013015,189,347,536
WBGene00013017,90,1418,1508
WBGene00013018,24,966,990
WBGene00013019,286,290,576
WBGene00013020,156,851,1007
WBGene00013021,257,479,736
WBGene00013023,54,220,274
WBGene00013024,26,77,103
WBGene00013025,255,4957,5212
WBGene00013026,4,433,437
WBGene00013027,31,287,318
WBGene00013028,26,111,137
WBGene00013029,133,1137,1270
WBGene00013030,56,271,327
WBGene00013033,48,262,310
WBGene00013034,735,825,1560
WBGene00013035,92,278,370
WBGene00013036,31,14,45
WBGene00013037,187,654,841
WBGene00013038,93,1121,1214
WBGene00013039,366,1504,1870
WBGene00013040,378,529,907
WBGene00013041,15,56,71
WBGene00013042,225,688,913
WBGene00013043,78,98,176
WBGene00013044,108,6,114
WBGene00013045,8,9,17
WBGene00013046,39,205,244
WBGene00013047,0,3,3
WBGene00013048,26,335,361
WBGene00013049,6,20,26
WBGene00013050,20,7,27
WBGene00013052,5,14,19
WBGene00013053,33,16,49
WBGene00013054,5,24,29
WBGene00013055,37,127,164
WBGene00013058,141,7,148
WBGene00013060,2,20,22
WBGene00013061,0,9,9
WBGene00013062,3,17,20
WBGene00013063,0,0,0
WBGene00013064,0,0,0
WBGene00013066,22,14,36
WBGene00013067,19,4,23
WBGene00013068,16,14,30
WBGene00013069,26,2,28
WBGene00013070,0,9,9
WBGene00013071,0,47,47
WBGene00013072,30,23,53
WBGene00013073,104,208,312
WBGene00013074,35,110,145
WBGene00013075,185,377,562
WBGene00013076,53,96,149
WBGene00013077,3233,22321,25554
WBGene00013078,1712,11947,13659
WBGene00013079,2931,13519,16450
WBGene00013080,325,1289,1614
WBGene00013081,1469,22051,23520
WBGene00013082,331,441,772
WBGene00013083,81,113,194
WBGene00013085,4,1,5
WBGene00013086,1,13,14
WBGene00013087,1,1,2
WBGene00013088,32,47,79
WBGene00013089,2,6,8
WBGene00013090,9,3,12
WBGene00013091,19,6,25
WBGene00013093,677,467,1144
WBGene00013094,1508,11476,12984
WBGene00013095,211,486,697
WBGene00013096,332,748,1080
WBGene00013098,138,332,470
WBGene00013099,19,26,45
WBGene00013100,13,25,38
WBGene00013101,55,72,127
WBGene00013102,0,2,2
WBGene00013103,107,612,719
WBGene00013104,248,3284,3532
WBGene00013105,0,0,0
WBGene00013106,89,1037,1126
WBGene00013107,21,17,38
WBGene00013109,34,1565,1599
WBGene00013111,166,1480,1646
WBGene00013115,22,16,38
WBGene00013116,42,37,79
WBGene00013117,13,5,18
WBGene00013118,27,127,154
WBGene00013119,170,111,281
WBGene00013120,1,3,4
WBGene00013121,19,2,21
WBGene00013122,70,207,277
WBGene00013123,427,453,880
WBGene00013124,1378,743,2121
WBGene00013125,17,29,46
WBGene00013126,60,16,76
WBGene00013127,39,66,105
WBGene00013128,156,696,852
WBGene00013129,374,1040,1414
WBGene00013130,0,0,0
WBGene00013131,207,48,255
WBGene00013132,152,494,646
WBGene00013135,52,383,435
WBGene00013136,95,775,870
WBGene00013137,80,349,429
WBGene00013138,50,19,69
WBGene00013139,64,383,447
WBGene00013140,37,619,656
WBGene00013141,21,5,26
WBGene00013142,140,29,169
WBGene00013143,33,580,613
WBGene00013144,555,2244,2799
WBGene00013145,26,79,105
WBGene00013146,33,154,187
WBGene00013147,3,73,76
WBGene00013148,13,3,16
WBGene00013149,89,67,156
WBGene00013150,40,693,733
WBGene00013151,129,481,610
WBGene00013152,8,4,12
WBGene00013154,0,1,1
WBGene00013156,12,341,353
WBGene00013157,3,31,34
WBGene00013158,13,16,29
WBGene00013159,169,265,434
WBGene00013160,674,795,1469
WBGene00013161,516,1112,1628
WBGene00013162,28,26,54
WBGene00013163,26,8,34
WBGene00013164,209,280,489
WBGene00013165,45,40,85
WBGene00013166,40,73,113
WBGene00013167,523,353,876
WBGene00013168,116,2176,2292
WBGene00013169,20,76,96
WBGene00013170,12,12,24
WBGene00013171,246,36,282
WBGene00013172,0,0,0
WBGene00013173,53,13,66
WBGene00013175,6,6,12
WBGene00013176,175,1077,1252
WBGene00013177,186,1426,1612
WBGene00013178,95,455,550
WBGene00013179,19,25,44
WBGene00013180,76,388,464
WBGene00013181,1484,8839,10323
WBGene00013182,6,26,32
WBGene00013184,0,0,0
WBGene00013186,10,6,16
WBGene00013187,44,156,200
WBGene00013188,86,177,263
WBGene00013189,591,745,1336
WBGene00013190,13,30,43
WBGene00013192,4,27,31
WBGene00013193,71,370,441
WBGene00013194,5,12,17
WBGene00013195,49,110,159
WBGene00013196,21,138,159
WBGene00013197,63,254,317
WBGene00013198,67,68,135
WBGene00013200,390,3287,3677
WBGene00013201,60,490,550
WBGene00013202,121,970,1091
WBGene00013203,80,449,529
WBGene00013204,40,381,421
WBGene00013207,38,51,89
WBGene00013208,22,83,105
WBGene00013209,92,986,1078
WBGene00013210,0,3928,3928
WBGene00013211,84,494,578
WBGene00013212,240,159,399
WBGene00013213,141,874,1015
WBGene00013214,125,297,422
WBGene00013215,30,325,355
WBGene00013216,43,544,587
WBGene00013217,185,872,1057
WBGene00013218,52,1156,1208
WBGene00013219,50,1403,1453
WBGene00013220,4,0,4
WBGene00013221,35,39,74
WBGene00013222,270,430,700
WBGene00013223,249,1214,1463
WBGene00013224,121,475,596
WBGene00013225,214,560,774
WBGene00013226,44,8,52
WBGene00013227,97,125,222
WBGene00013228,1654,2170,3824
WBGene00013230,0,1,1
WBGene00013231,36,190,226
WBGene00013232,238,379,617
WBGene00013233,0,6,6
WBGene00013234,0,6,6
WBGene00013235,13,29,42
WBGene00013236,26,1525,1551
WBGene00013237,136,5472,5608
WBGene00013238,681,6832,7513
WBGene00013239,119,1000,1119
WBGene00013240,273,430,703
WBGene00013241,59,289,348
WBGene00013242,72,159,231
WBGene00013243,231,208,439
WBGene00013244,94,140,234
WBGene00013246,165,157,322
WBGene00013247,102,61,163
WBGene00013248,26,74,100
WBGene00013249,30,52,82
WBGene00013250,7,47,54
WBGene00013252,69,64,133
WBGene00013253,111,156,267
WBGene00013254,13,4,17
WBGene00013255,415,1621,2036
WBGene00013256,90,915,1005
WBGene00013257,43,111,154
WBGene00013258,786,183,969
WBGene00013259,126,456,582
WBGene00013260,25,472,497
WBGene00013261,264,197,461
WBGene00013263,80,1077,1157
WBGene00013264,62,51,113
WBGene00013265,131,369,500
WBGene00013266,83,907,990
WBGene00013267,154,830,984
WBGene00013268,46,272,318
WBGene00013269,10,1181,1191
WBGene00013270,140,298,438
WBGene00013272,132,99,231
WBGene00013273,282,842,1124
WBGene00013274,124,17,141
WBGene00013275,60,1226,1286
WBGene00013276,16,24,40
WBGene00013277,12,14,26
WBGene00013278,29,41,70
WBGene00013279,4,5,9
WBGene00013280,9,6,15
WBGene00013281,12,24,36
WBGene00013282,5,5,10
WBGene00013284,16,624,640
WBGene00013285,28,22,50
WBGene00013286,23,30,53
WBGene00013287,61,97,158
WBGene00013288,18,22,40
WBGene00013289,850,1635,2485
WBGene00013290,3,8,11
WBGene00013292,115,378,493
WBGene00013293,29,185,214
WBGene00013294,14,14,28
WBGene00013295,9,187,196
WBGene00013296,0,5,5
WBGene00013297,47,13,60
WBGene00013298,30,82,112
WBGene00013299,15,5,20
WBGene00013300,90,6,96
WBGene00013301,33,1523,1556
WBGene00013302,17,483,500
WBGene00013303,131,109,240
WBGene00013304,70,33,103
WBGene00013305,3,1,4
WBGene00013306,0,33,33
WBGene00013307,111,2626,2737
WBGene00013308,2179,24149,26328
WBGene00013310,52,68,120
WBGene00013311,67,12912,12979
WBGene00013312,14,110,124
WBGene00013313,31,29,60
WBGene00013315,0,0,0
WBGene00013317,718,1313,2031
WBGene00013318,98,8,106
WBGene00013319,3,20,23
WBGene00013321,123,534,657
WBGene00013322,157,117,274
WBGene00013323,15,751,766
WBGene00013324,278,2257,2535
WBGene00013325,54,370,424
WBGene00013326,406,412,818
WBGene00013327,398,563,961
WBGene00013328,125,6,131
WBGene00013329,6,24,30
WBGene00013330,7,106,113
WBGene00013331,263,23,286
WBGene00013332,15,444,459
WBGene00013333,36,66,102
WBGene00013334,256,1235,1491
WBGene00013335,66,141,207
WBGene00013336,109,132,241
WBGene00013337,25,0,25
WBGene00013338,45,15,60
WBGene00013339,186,533,719
WBGene00013340,207,2327,2534
WBGene00013343,725,2020,2745
WBGene00013344,89,81,170
WBGene00013345,106,1045,1151
WBGene00013347,591,1691,2282
WBGene00013348,37,116,153
WBGene00013349,1,57,58
WBGene00013350,246,337,583
WBGene00013351,15,7,22
WBGene00013352,226,685,911
WBGene00013353,110,98,208
WBGene00013354,484,1346,1830
WBGene00013355,344,1315,1659
WBGene00013356,26,81,107
WBGene00013357,41,12,53
WBGene00013358,73,367,440
WBGene00013359,68,331,399
WBGene00013360,301,2614,2915
WBGene00013361,497,850,1347
WBGene00013362,146,106,252
WBGene00013364,11,96,107
WBGene00013365,198,921,1119
WBGene00013366,856,1542,2398
WBGene00013367,16,15,31
WBGene00013368,22,12,34
WBGene00013370,0,28,28
WBGene00013371,1,2,3
WBGene00013373,58,1301,1359
WBGene00013374,2,5,7
WBGene00013375,48,47,95
WBGene00013376,125,450,575
WBGene00013378,28,1269,1297
WBGene00013379,360,1304,1664
WBGene00013380,2,121,123
WBGene00013381,129,65,194
WBGene00013382,36,285,321
WBGene00013383,16,53,69
WBGene00013385,77,130,207
WBGene00013387,221,894,1115
WBGene00013388,8,8,16
WBGene00013389,31,20,51
WBGene00013390,2,3,5
WBGene00013391,11,13,24
WBGene00013392,2,6,8
WBGene00013393,7,2,9
WBGene00013394,0,0,0
WBGene00013395,48,10,58
WBGene00013396,20,2,22
WBGene00013397,52,24,76
WBGene00013398,19,4,23
WBGene00013399,34,5,39
WBGene00013400,22,3,25
WBGene00013401,86,112,198
WBGene00013402,29,50,79
WBGene00013403,58,44,102
WBGene00013404,2,96,98
WBGene00013405,78,230,308
WBGene00013406,749,7936,8685
WBGene00013407,43,312,355
WBGene00013408,7,5,12
WBGene00013409,12,60,72
WBGene00013411,38,9,47
WBGene00013412,8,15,23
WBGene00013415,224,822,1046
WBGene00013416,579,535,1114
WBGene00013417,266,43,309
WBGene00013418,248,1290,1538
WBGene00013419,33,16,49
WBGene00013421,5,10,15
WBGene00013422,154,572,726
WBGene00013424,30,31,61
WBGene00013425,133,207,340
WBGene00013426,37,192,229
WBGene00013427,4,39,43
WBGene00013429,28,6,34
WBGene00013431,153,162,315
WBGene00013432,15,67,82
WBGene00013433,8,197,205
WBGene00013434,138,488,626
WBGene00013435,219,1792,2011
WBGene00013436,126,925,1051
WBGene00013437,74,20,94
WBGene00013438,1,265,266
WBGene00013439,32,70,102
WBGene00013440,48,104,152
WBGene00013441,157,503,660
WBGene00013442,33,79,112
WBGene00013443,177,178,355
WBGene00013445,32,139,171
WBGene00013446,224,385,609
WBGene00013447,371,545,916
WBGene00013448,206,859,1065
WBGene00013449,4,14,18
WBGene00013450,66,12,78
WBGene00013451,19,16,35
WBGene00013452,18,25,43
WBGene00013453,55,322,377
WBGene00013454,20,16,36
WBGene00013455,282,360,642
WBGene00013456,89,261,350
WBGene00013457,76,28,104
WBGene00013458,111,496,607
WBGene00013459,462,1535,1997
WBGene00013460,378,590,968
WBGene00013461,371,812,1183
WBGene00013462,170,1341,1511
WBGene00013463,0,9048,9048
WBGene00013464,152,372,524
WBGene00013465,117,481,598
WBGene00013466,4,5,9
WBGene00013468,12,8,20
WBGene00013469,28,3,31
WBGene00013470,16,11,27
WBGene00013471,10,5,15
WBGene00013472,12,3,15
WBGene00013473,4,0,4
WBGene00013474,2,19,21
WBGene00013475,7,7,14
WBGene00013476,0,3,3
WBGene00013477,204,4031,4235
WBGene00013478,12,32,44
WBGene00013479,67,112,179
WBGene00013480,73,36,109
WBGene00013481,463,2502,2965
WBGene00013482,80,393,473
WBGene00013483,4,4,8
WBGene00013484,161,46,207
WBGene00013485,299,343,642
WBGene00013486,93,61,154
WBGene00013487,68,41,109
WBGene00013489,47,8441,8488
WBGene00013490,27,38,65
WBGene00013491,0,0,0
WBGene00013492,12,30,42
WBGene00013493,5,24,29
WBGene00013494,17,7,24
WBGene00013496,99,98,197
WBGene00013497,45,74,119
WBGene00013498,45,26,71
WBGene00013499,83,227,310
WBGene00013500,0,0,0
WBGene00013501,0,32,32
WBGene00013502,17,5,22
WBGene00013503,86,8,94
WBGene00013505,52,14,66
WBGene00013506,120,236,356
WBGene00013507,33,50,83
WBGene00013508,3,11,14
WBGene00013509,26,101,127
WBGene00013511,22,23,45
WBGene00013512,24,15,39
WBGene00013513,16,21,37
WBGene00013514,1369,10743,12112
WBGene00013515,1534,12611,14145
WBGene00013516,250,1721,1971
WBGene00013517,119,44,163
WBGene00013518,253,519,772
WBGene00013519,17,5,22
WBGene00013520,127,18,145
WBGene00013521,1,12,13
WBGene00013522,155,408,563
WBGene00013523,0,2,2
WBGene00013524,0,2,2
WBGene00013525,30,7,37
WBGene00013526,44,21,65
WBGene00013527,33,2,35
WBGene00013528,12,4,16
WBGene00013529,224,523,747
WBGene00013530,468,805,1273
WBGene00013531,228,965,1193
WBGene00013532,17,818,835
WBGene00013534,233,90,323
WBGene00013536,212,28,240
WBGene00013538,182,627,809
WBGene00013539,96,33,129
WBGene00013540,54,252,306
WBGene00013541,87,78,165
WBGene00013542,76,372,448
WBGene00013543,117,176,293
WBGene00013544,265,1560,1825
WBGene00013545,300,854,1154
WBGene00013547,28,51,79
WBGene00013548,578,1349,1927
WBGene00013549,247,450,697
WBGene00013550,52,849,901
WBGene00013551,58,157,215
WBGene00013552,8,191,199
WBGene00013553,183,1125,1308
WBGene00013554,208,191,399
WBGene00013555,19,23,42
WBGene00013556,131,451,582
WBGene00013557,503,1000,1503
WBGene00013558,156,617,773
WBGene00013559,93,206,299
WBGene00013560,128,488,616
WBGene00013561,142,507,649
WBGene00013562,56,21,77
WBGene00013563,113,88,201
WBGene00013564,36,18,54
WBGene00013565,6,5,11
WBGene00013566,0,2,2
WBGene00013567,10,46,56
WBGene00013568,98,825,923
WBGene00013569,16,290,306
WBGene00013570,0,0,0
WBGene00013572,0,1,1
WBGene00013573,76,44,120
WBGene00013574,193,64,257
WBGene00013575,64,408,472
WBGene00013576,21,237,258
WBGene00013577,1873,9396,11269
WBGene00013578,46,147,193
WBGene00013579,59,9,68
WBGene00013580,930,1166,2096
WBGene00013581,4,4,8
WBGene00013583,10,13,23
WBGene00013584,48,118,166
WBGene00013585,36,93,129
WBGene00013586,24,32,56
WBGene00013587,59,82,141
WBGene00013588,642,3845,4487
WBGene00013590,0,3,3
WBGene00013591,58,604,662
WBGene00013592,34,19,53
WBGene00013593,309,653,962
WBGene00013594,137,208,345
WBGene00013595,151,633,784
WBGene00013596,48,492,540
WBGene00013597,521,3254,3775
WBGene00013598,94,1105,1199
WBGene00013599,272,355,627
WBGene00013601,104,494,598
WBGene00013602,49,129,178
WBGene00013603,104,1637,1741
WBGene00013604,82,596,678
WBGene00013605,180,1162,1342
WBGene00013606,212,1079,1291
WBGene00013607,7,13,20
WBGene00013608,15,36,51
WBGene00013609,8,75,83
WBGene00013610,7,124,131
WBGene00013611,3,57,60
WBGene00013613,9,15,24
WBGene00013616,2,13,15
WBGene00013619,1,4,5
WBGene00013620,7,10,17
WBGene00013621,21,3,24
WBGene00013622,3,6,9
WBGene00013623,32,208,240
WBGene00013626,11,12,23
WBGene00013628,2,3,5
WBGene00013629,14,3,17
WBGene00013631,44,19,63
WBGene00013632,198,288,486
WBGene00013633,145,101,246
WBGene00013634,48,12,60
WBGene00013635,3,1,4
WBGene00013636,0,93,93
WBGene00013637,32,26,58
WBGene00013639,1316,454,1770
WBGene00013642,94,290,384
WBGene00013643,86,83,169
WBGene00013645,10,5,15
WBGene00013646,51,28,79
WBGene00013647,216,1287,1503
WBGene00013649,78,29,107
WBGene00013650,33,156,189
WBGene00013651,125,69,194
WBGene00013653,25,31,56
WBGene00013654,50,79,129
WBGene00013655,99,29,128
WBGene00013656,15,14,29
WBGene00013657,3,0,3
WBGene00013658,65,210,275
WBGene00013659,5,14,19
WBGene00013662,96,130,226
WBGene00013665,55,79,134
WBGene00013666,155,320,475
WBGene00013667,225,492,717
WBGene00013668,159,625,784
WBGene00013669,81,123,204
WBGene00013670,538,1057,1595
WBGene00013671,101,902,1003
WBGene00013672,218,82,300
WBGene00013673,127,58,185
WBGene00013674,59,276,335
WBGene00013676,190,888,1078
WBGene00013677,382,1497,1879
WBGene00013678,320,995,1315
WBGene00013679,256,615,871
WBGene00013680,458,607,1065
WBGene00013682,1686,1340,3026
WBGene00013683,302,1798,2100
WBGene00013684,37,10,47
WBGene00013685,18,25,43
WBGene00013687,151,531,682
WBGene00013688,231,1986,2217
WBGene00013689,29,606,635
WBGene00013690,104,807,911
WBGene00013691,65,467,532
WBGene00013692,188,702,890
WBGene00013693,345,61,406
WBGene00013694,78,517,595
WBGene00013695,208,949,1157
WBGene00013696,2,6,8
WBGene00013697,18,407,425
WBGene00013698,66,405,471
WBGene00013699,9,14,23
WBGene00013700,21,71,92
WBGene00013701,12,58,70
WBGene00013702,118,268,386
WBGene00013703,193,606,799
WBGene00013704,36,112,148
WBGene00013705,2,1,3
WBGene00013708,20,190,210
WBGene00013709,108,1959,2067
WBGene00013710,9,27,36
WBGene00013711,100,424,524
WBGene00013712,1,0,1
WBGene00013713,5,79,84
WBGene00013715,8,104,112
WBGene00013716,70,326,396
WBGene00013717,16,170,186
WBGene00013718,58,690,748
WBGene00013719,28,282,310
WBGene00013720,13,494,507
WBGene00013721,22,52,74
WBGene00013723,5,58,63
WBGene00013724,52,256,308
WBGene00013725,57,481,538
WBGene00013726,70,405,475
WBGene00013727,41,103,144
WBGene00013728,43,436,479
WBGene00013729,16,229,245
WBGene00013730,847,1096,1943
WBGene00013732,1657,849,2506
WBGene00013734,707,2116,2823
WBGene00013735,1028,1860,2888
WBGene00013736,40,812,852
WBGene00013737,390,686,1076
WBGene00013738,332,604,936
WBGene00013739,202,55,257
WBGene00013740,35,874,909
WBGene00013741,26,21,47
WBGene00013742,177,92,269
WBGene00013744,5,18,23
WBGene00013746,249,193,442
WBGene00013747,50,4,54
WBGene00013748,83,330,413
WBGene00013749,31,55,86
WBGene00013750,20,34,54
WBGene00013751,61,177,238
WBGene00013752,22,355,377
WBGene00013753,19,233,252
WBGene00013754,2,7,9
WBGene00013755,33,33,66
WBGene00013756,18,128,146
WBGene00013757,0,2,2
WBGene00013758,9,152,161
WBGene00013759,8,2,10
WBGene00013760,5,32,37
WBGene00013761,21,126,147
WBGene00013762,6,54,60
WBGene00013764,54,38,92
WBGene00013765,117,869,986
WBGene00013766,152,10612,10764
WBGene00013768,125,448,573
WBGene00013771,40,30,70
WBGene00013773,1,6,7
WBGene00013774,66,52,118
WBGene00013775,3,10,13
WBGene00013776,3,59,62
WBGene00013777,2,12,14
WBGene00013778,16,26,42
WBGene00013779,10,45,55
WBGene00013781,132,266,398
WBGene00013782,114,195,309
WBGene00013784,1571,6938,8509
WBGene00013785,18,4,22
WBGene00013786,26,22,48
WBGene00013789,165,318,483
WBGene00013790,147,423,570
WBGene00013791,2,1,3
WBGene00013792,298,173,471
WBGene00013794,0,16,16
WBGene00013795,9,10,19
WBGene00013796,0,1,1
WBGene00013797,0,10,10
WBGene00013798,11,2,13
WBGene00013799,20,45,65
WBGene00013800,40,55,95
WBGene00013801,9,14,23
WBGene00013802,106,113,219
WBGene00013803,295,1134,1429
WBGene00013804,419,2371,2790
WBGene00013805,450,2266,2716
WBGene00013806,100,368,468
WBGene00013807,497,614,1111
WBGene00013808,208,1205,1413
WBGene00013809,15,3,18
WBGene00013810,9,7,16
WBGene00013811,5,6,11
WBGene00013812,118,63,181
WBGene00013814,36,20,56
WBGene00013815,0,4,4
WBGene00013816,17,31,48
WBGene00013817,8,25,33
WBGene00013819,85,666,751
WBGene00013820,12,4,16
WBGene00013822,36,19,55
WBGene00013823,135,11,146
WBGene00013824,24,8,32
WBGene00013825,151,26,177
WBGene00013827,8,2,10
WBGene00013828,39,3,42
WBGene00013829,0,10,10
WBGene00013830,2,12,14
WBGene00013831,47,16,63
WBGene00013832,1,8,9
WBGene00013833,18,53,71
WBGene00013834,37,4,41
WBGene00013835,73,34,107
WBGene00013836,18,52,70
WBGene00013837,4,27,31
WBGene00013838,15,96,111
WBGene00013839,14,19,33
WBGene00013840,2,5,7
WBGene00013844,10,11,21
WBGene00013845,36,197,233
WBGene00013846,32,18,50
WBGene00013847,166,714,880
WBGene00013848,162,221,383
WBGene00013849,53,64,117
WBGene00013850,107,48,155
WBGene00013852,23,74,97
WBGene00013853,10,3109,3119
WBGene00013854,5,4,9
WBGene00013855,156,298,454
WBGene00013856,2,22,24
WBGene00013857,80,243,323
WBGene00013858,0,10,10
WBGene00013859,549,5060,5609
WBGene00013860,183,890,1073
WBGene00013862,25,172,197
WBGene00013863,23,30,53
WBGene00013865,14,27,41
WBGene00013866,249,1568,1817
WBGene00013867,36,108,144
WBGene00013868,3,10,13
WBGene00013869,246,710,956
WBGene00013870,34,178,212
WBGene00013871,38,21,59
WBGene00013872,346,313,659
WBGene00013873,88,36,124
WBGene00013874,46,191,237
WBGene00013875,32,114,146
WBGene00013876,10,147,157
WBGene00013877,100,574,674
WBGene00013878,288,1532,1820
WBGene00013879,11,24,35
WBGene00013880,39,782,821
WBGene00013881,62,295,357
WBGene00013882,1605,7296,8901
WBGene00013883,75,41,116
WBGene00013884,2863,11459,14322
WBGene00013886,42,7,49
WBGene00013887,0,3,3
WBGene00013888,0,0,0
WBGene00013889,0,0,0
WBGene00013890,0,0,0
WBGene00013891,4,88,92
WBGene00013892,118,860,978
WBGene00013893,18,646,664
WBGene00013894,66,375,441
WBGene00013895,55,284,339
WBGene00013896,42,118,160
WBGene00013897,45,508,553
WBGene00013898,163,1510,1673
WBGene00013899,35,484,519
WBGene00013900,6,62,68
WBGene00013901,29,579,608
WBGene00013902,170,450,620
WBGene00013903,4,18,22
WBGene00013904,27,70,97
WBGene00013905,17,87,104
WBGene00013906,78,581,659
WBGene00013907,17,19,36
WBGene00013908,19,14,33
WBGene00013909,14,24,38
WBGene00013910,3,0,3
WBGene00013911,38,29,67
WBGene00013912,49,33,82
WBGene00013913,55,14,69
WBGene00013914,200,100,300
WBGene00013915,27,10,37
WBGene00013916,61,19,80
WBGene00013917,51,292,343
WBGene00013919,202,881,1083
WBGene00013920,43,968,1011
WBGene00013921,130,303,433
WBGene00013922,5,1,6
WBGene00013923,15,108,123
WBGene00013924,150,1856,2006
WBGene00013925,54,579,633
WBGene00013926,6,116,122
WBGene00013927,4,2,6
WBGene00013928,16,5,21
WBGene00013929,29,5,34
WBGene00013930,0,4,4
WBGene00013931,27,3,30
WBGene00013932,0,3,3
WBGene00013933,10,23,33
WBGene00013934,684,1660,2344
WBGene00013935,3,2,5
WBGene00013937,5,7,12
WBGene00013938,21,133,154
WBGene00013939,2,17,19
WBGene00013940,6,10,16
WBGene00013941,2,3,5
WBGene00013942,110,128,238
WBGene00013943,1,16,17
WBGene00013944,21,27,48
WBGene00013946,110,165,275
WBGene00013947,53,216,269
WBGene00013949,38,165,203
WBGene00013950,76,290,366
WBGene00013951,1,15,16
WBGene00013953,3,4,7
WBGene00013954,1,11,12
WBGene00013955,268,52,320
WBGene00013956,1,2,3
WBGene00013957,203,342,545
WBGene00013958,109,1402,1511
WBGene00013959,205,569,774
WBGene00013960,53,26,79
WBGene00013961,1,16,17
WBGene00013962,96,701,797
WBGene00013963,22,159,181
WBGene00013964,17,401,418
WBGene00013965,38,56,94
WBGene00013966,26,267,293
WBGene00013967,38,187,225
WBGene00013968,10,54,64
WBGene00013969,200,1096,1296
WBGene00013970,112,421,533
WBGene00013971,2,1,3
WBGene00013972,1,1,2
WBGene00013973,3,11,14
WBGene00013974,63,25,88
WBGene00013975,37,88,125
WBGene00013976,57,38,95
WBGene00013978,13,5,18
WBGene00013979,11,7,18
WBGene00013980,78,117,195
WBGene00013982,34,199,233
WBGene00013983,56,1240,1296
WBGene00013984,826,1881,2707
WBGene00013985,77,782,859
WBGene00013986,0,8,8
WBGene00013987,21,13,34
WBGene00013988,4,1,5
WBGene00013989,38,359,397
WBGene00013994,107,473,580
WBGene00013996,43,71,114
WBGene00013997,284,1726,2010
WBGene00013998,25,269,294
WBGene00013999,12,16,28
WBGene00014000,34,382,416
WBGene00014001,153,1607,1760
WBGene00014002,39,89,128
WBGene00014003,22,2563,2585
WBGene00014004,152,817,969
WBGene00014006,6,1679,1685
WBGene00014007,0,19,19
WBGene00014008,23,159,182
WBGene00014009,14,19,33
WBGene00014011,37,875,912
WBGene00014012,32,898,930
WBGene00014013,83,1545,1628
WBGene00014014,64,255,319
WBGene00014015,93,1049,1142
WBGene00014016,1571,11091,12662
WBGene00014017,197,1617,1814
WBGene00014018,160,615,775
WBGene00014019,110,565,675
WBGene00014020,44,399,443
WBGene00014021,201,579,780
WBGene00014022,435,3728,4163
WBGene00014023,162,815,977
WBGene00014024,57,200,257
WBGene00014025,96,1176,1272
WBGene00014027,34,91,125
WBGene00014028,63,253,316
WBGene00014029,62,23,85
WBGene00014030,43,3401,3444
WBGene00014031,48,1289,1337
WBGene00014032,4,2,6
WBGene00014033,142,228,370
WBGene00014034,2,191,193
WBGene00014035,146,203,349
WBGene00014036,770,2410,3180
WBGene00014037,2425,2,2427
WBGene00014038,14,2,16
WBGene00014039,14,40,54
WBGene00014040,15,3,18
WBGene00014041,0,10,10
WBGene00014042,0,1,1
WBGene00014043,12,15,27
WBGene00014044,0,5,5
WBGene00014045,3,3,6
WBGene00014046,5,2,7
WBGene00014047,45,24,69
WBGene00014048,7,6,13
WBGene00014049,30,0,30
WBGene00014050,0,146,146
WBGene00014051,378,900,1278
WBGene00014052,26,29,55
WBGene00014053,23,21,44
WBGene00014054,144,3307,3451
WBGene00014055,121,479,600
WBGene00014057,62,372,434
WBGene00014058,86,1730,1816
WBGene00014060,33,89,122
WBGene00014061,0,0,0
WBGene00014062,25,52,77
WBGene00014063,9,227,236
WBGene00014064,0,15,15
WBGene00014065,77,70,147
WBGene00014066,46,444,490
WBGene00014067,6,62,68
WBGene00014068,11,10,21
WBGene00014069,4,1,5
WBGene00014070,96,13,109
WBGene00014073,43,51,94
WBGene00014074,87,311,398
WBGene00014075,136,847,983
WBGene00014076,128,337,465
WBGene00014077,51,221,272
WBGene00014078,206,1276,1482
WBGene00014079,57,251,308
WBGene00014080,50,238,288
WBGene00014081,92,261,353
WBGene00014082,19,10,29
WBGene00014083,106,1101,1207
WBGene00014084,0,26,26
WBGene00014085,3,58,61
WBGene00014086,1430,7389,8819
WBGene00014087,74,732,806
WBGene00014088,800,20867,21667
WBGene00014089,33,27,60
WBGene00014090,32,887,919
WBGene00014091,577,7137,7714
WBGene00014092,367,2362,2729
WBGene00014093,32,36,68
WBGene00014094,25,21,46
WBGene00014095,175,27726,27901
WBGene00014096,20,2165,2185
WBGene00014097,8,60,68
WBGene00014098,206,1286,1492
WBGene00014099,79,1068,1147
WBGene00014100,21,39,60
WBGene00014101,375,585,960
WBGene00014102,5,7,12
WBGene00014103,109,30,139
WBGene00014104,3,0,3
WBGene00014105,20,19,39
WBGene00014106,103,212,315
WBGene00014107,33,323,356
WBGene00014108,582,10100,10682
WBGene00014109,72,1710,1782
WBGene00014111,32,333,365
WBGene00014112,110,577,687
WBGene00014113,17,152,169
WBGene00014114,52,457,509
WBGene00014115,142,710,852
WBGene00014116,11,229,240
WBGene00014117,0,23,23
WBGene00014118,86,379,465
WBGene00014119,216,556,772
WBGene00014120,0,261,261
WBGene00014121,25,24,49
WBGene00014122,24,53,77
WBGene00014123,21,508,529
WBGene00014124,35,502,537
WBGene00014125,49,1629,1678
WBGene00014127,2,2,4
WBGene00014128,9,3,12
WBGene00014129,5,95,100
WBGene00014130,8,7,15
WBGene00014131,0,13,13
WBGene00014132,38,15,53
WBGene00014135,13,14,27
WBGene00014136,55,70,125
WBGene00014137,37,389,426
WBGene00014138,130,508,638
WBGene00014139,169,317,486
WBGene00014140,309,368,677
WBGene00014141,58,257,315
WBGene00014142,0,10,10
WBGene00014143,1,2,3
WBGene00014144,0,9,9
WBGene00014145,30,68,98
WBGene00014148,135,1111,1246
WBGene00014149,4,16,20
WBGene00014150,65,195,260
WBGene00014151,115,665,780
WBGene00014152,37,38,75
WBGene00014153,156,472,628
WBGene00014154,8,16,24
WBGene00014155,18,53,71
WBGene00014156,106,988,1094
WBGene00014157,2,1,3
WBGene00014158,5,5,10
WBGene00014159,9,346,355
WBGene00014160,15,36,51
WBGene00014161,15,24,39
WBGene00014162,17,14,31
WBGene00014163,7,80,87
WBGene00014164,36,168,204
WBGene00014165,297,4214,4511
WBGene00014166,60,50,110
WBGene00014168,0,0,0
WBGene00014169,5,24,29
WBGene00014170,5,12,17
WBGene00014171,1434,3712,5146
WBGene00014172,125,497,622
WBGene00014173,71,689,760
WBGene00014174,5,5,10
WBGene00014175,375,1051,1426
WBGene00014176,64,513,577
WBGene00014177,92,739,831
WBGene00014178,39,34,73
WBGene00014179,18,22,40
WBGene00014181,42,129,171
WBGene00014182,0,0,0
WBGene00014183,11,21,32
WBGene00014184,26,21,47
WBGene00014186,0,1,1
WBGene00014188,0,0,0
WBGene00014189,1,25,26
WBGene00014190,11,11,22
WBGene00014191,15,10,25
WBGene00014192,33,13,46
WBGene00014193,9,7,16
WBGene00014194,6,12,18
WBGene00014195,26,36,62
WBGene00014196,11,22,33
WBGene00014197,6,13,19
WBGene00014198,12,122,134
WBGene00014199,22,30,52
WBGene00014200,7,52,59
WBGene00014201,3,3,6
WBGene00014202,186,3148,3334
WBGene00014203,27,133,160
WBGene00014204,74,2640,2714
WBGene00014205,16,180,196
WBGene00014206,25,209,234
WBGene00014207,185,2362,2547
WBGene00014208,58,562,620
WBGene00014209,103,585,688
WBGene00014210,37,118,155
WBGene00014213,227,3246,3473
WBGene00014214,775,1209,1984
WBGene00014215,272,531,803
WBGene00014216,36,4,40
WBGene00014217,8,13,21
WBGene00014218,194,2105,2299
WBGene00014219,64,591,655
WBGene00014220,76,186,262
WBGene00014221,64,827,891
WBGene00014222,127,570,697
WBGene00014223,83,95,178
WBGene00014224,239,2453,2692
WBGene00014225,16,37,53
WBGene00014226,32,474,506
WBGene00014227,105,576,681
WBGene00014228,8,246,254
WBGene00014229,10,10,20
WBGene00014230,33,274,307
WBGene00014232,249,907,1156
WBGene00014233,74,667,741
WBGene00014234,15,611,626
WBGene00014235,21,6,27
WBGene00014236,21,9,30
WBGene00014238,3,7,10
WBGene00014239,9,7,16
WBGene00014240,5,1,6
WBGene00014241,3,15,18
WBGene00014242,0,7,7
WBGene00014243,193,1039,1232
WBGene00014244,50,1034,1084
WBGene00014245,8,4,12
WBGene00014246,10,7,17
WBGene00014247,5,6,11
WBGene00014248,140,427,567
WBGene00014249,101,2585,2686
WBGene00014250,15,512,527
WBGene00014251,104,597,701
WBGene00014252,219,1082,1301
WBGene00014253,174,777,951
WBGene00014254,25,80,105
WBGene00014255,11,68,79
WBGene00014256,22,162,184
WBGene00014258,200,2148,2348
WBGene00014259,156,1157,1313
WBGene00014260,34,52,86
WBGene00014261,462,919,1381
WBGene00014262,1944,5043,6987
WBGene00014300,196,66,262
WBGene00014569,194,949,1143
WBGene00014666,88,414,502
WBGene00014668,23,2,25
WBGene00014669,40,311,351
WBGene00014679,8,27,35
WBGene00014697,66,750,816
WBGene00014698,32,130,162
WBGene00014699,7,4,11
WBGene00014700,0,25,25
WBGene00014761,55,55,110
WBGene00014793,120,1124,1244
WBGene00014801,54,245,299
WBGene00014807,24,23,47
WBGene00014813,17,25,42
WBGene00014826,996,6671,7667
WBGene00014848,129,1070,1199
WBGene00014864,27,15,42
WBGene00014871,25,171,196
WBGene00014914,26,26,52
WBGene00014924,36,9,45
WBGene00014926,32,15,47
WBGene00014938,191,2125,2316
WBGene00014953,16,6,22
WBGene00014965,57,367,424
WBGene00014989,316,965,1281
WBGene00014997,11,4,15
WBGene00014998,79,59,138
WBGene00014999,25,247,272
WBGene00015000,45,79,124
WBGene00015001,61,357,418
WBGene00015002,24,99,123
WBGene00015003,6,27,33
WBGene00015004,25,19,44
WBGene00015005,54,84,138
WBGene00015006,14,14,28
WBGene00015007,371,2398,2769
WBGene00015008,25,217,242
WBGene00015009,80,677,757
WBGene00015010,82,442,524
WBGene00015011,34,1207,1241
WBGene00015012,13,15,28
WBGene00015014,15,58,73
WBGene00015015,7,22,29
WBGene00015017,109,344,453
WBGene00015018,17,24,41
WBGene00015019,44,34,78
WBGene00015020,10,7,17
WBGene00015021,232,1448,1680
WBGene00015022,484,1615,2099
WBGene00015023,54,205,259
WBGene00015024,8,24,32
WBGene00015025,308,1998,2306
WBGene00015026,10,17,27
WBGene00015027,74,151,225
WBGene00015028,129,160,289
WBGene00015029,25,230,255
WBGene00015030,23,14,37
WBGene00015031,10,6,16
WBGene00015032,17,17,34
WBGene00015033,166,245,411
WBGene00015034,20,8,28
WBGene00015035,109,98,207
WBGene00015036,31,17,48
WBGene00015037,61,80,141
WBGene00015038,65,97,162
WBGene00015040,19,44,63
WBGene00015041,43,46,89
WBGene00015042,19,58,77
WBGene00015043,25,135,160
WBGene00015044,20,323,343
WBGene00015045,14,24,38
WBGene00015046,180,1449,1629
WBGene00015047,262,1942,2204
WBGene00015048,60,1686,1746
WBGene00015049,4,52,56
WBGene00015050,132,338,470
WBGene00015051,10,17,27
WBGene00015052,11,33,44
WBGene00015053,10,185,195
WBGene00015054,62,17,79
WBGene00015055,48,60,108
WBGene00015056,45,117,162
WBGene00015057,40,151,191
WBGene00015058,13,119,132
WBGene00015059,16,409,425
WBGene00015061,1646,11095,12741
WBGene00015062,9,88,97
WBGene00015063,12,370,382
WBGene00015064,296,1525,1821
WBGene00015065,13,18,31
WBGene00015066,16,53,69
WBGene00015067,33,174,207
WBGene00015068,2,12,14
WBGene00015069,8,15,23
WBGene00015070,4,12,16
WBGene00015071,9,8,17
WBGene00015072,16,41,57
WBGene00015073,15,137,152
WBGene00015074,78,1721,1799
WBGene00015075,164,2173,2337
WBGene00015076,25,886,911
WBGene00015079,179,52,231
WBGene00015080,22,15,37
WBGene00015081,44,39,83
WBGene00015082,16,14,30
WBGene00015083,6,61,67
WBGene00015084,6,15,21
WBGene00015085,42,46,88
WBGene00015086,4,46,50
WBGene00015087,32,100,132
WBGene00015088,84,220,304
WBGene00015089,41,51,92
WBGene00015091,90,771,861
WBGene00015092,240,2597,2837
WBGene00015093,3,6,9
WBGene00015094,37,17,54
WBGene00015095,54,248,302
WBGene00015096,204,663,867
WBGene00015097,35,42,77
WBGene00015098,12,63,75
WBGene00015099,236,905,1141
WBGene00015100,12,13,25
WBGene00015101,38,749,787
WBGene00015102,4,51,55
WBGene00015103,13,20,33
WBGene00015104,29,776,805
WBGene00015105,125,289,414
WBGene00015106,10,36,46
WBGene00015107,30,102,132
WBGene00015108,29,8,37
WBGene00015110,40,66,106
WBGene00015111,3,11,14
WBGene00015112,5,17,22
WBGene00015113,18,37,55
WBGene00015114,7,1,8
WBGene00015115,467,962,1429
WBGene00015116,90,588,678
WBGene00015117,40,1079,1119
WBGene00015118,12,3,15
WBGene00015119,3,6,9
WBGene00015121,1,1,2
WBGene00015122,20,265,285
WBGene00015124,286,1076,1362
WBGene00015125,86,2641,2727
WBGene00015126,245,1156,1401
WBGene00015128,84,986,1070
WBGene00015129,0,1,1
WBGene00015130,50,338,388
WBGene00015131,93,124,217
WBGene00015132,26,153,179
WBGene00015133,137,2655,2792
WBGene00015134,22,109,131
WBGene00015135,64,142,206
WBGene00015136,14,127,141
WBGene00015137,247,2585,2832
WBGene00015138,69,77,146
WBGene00015139,393,136,529
WBGene00015141,142,688,830
WBGene00015142,4,35,39
WBGene00015143,28,1015,1043
WBGene00015145,69,704,773
WBGene00015146,55,493,548
WBGene00015147,26,222,248
WBGene00015148,516,3309,3825
WBGene00015149,18,24,42
WBGene00015150,11,178,189
WBGene00015151,3,18,21
WBGene00015152,120,219,339
WBGene00015153,37,22,59
WBGene00015155,313,24,337
WBGene00015156,660,949,1609
WBGene00015157,51,700,751
WBGene00015158,175,376,551
WBGene00015159,366,1042,1408
WBGene00015160,38,659,697
WBGene00015161,23,226,249
WBGene00015162,159,860,1019
WBGene00015163,11,1396,1407
WBGene00015164,81,733,814
WBGene00015165,27,17,44
WBGene00015167,7,109,116
WBGene00015168,193,11445,11638
WBGene00015169,27,22,49
WBGene00015170,7,3,10
WBGene00015171,72,202,274
WBGene00015172,6,373,379
WBGene00015173,434,594,1028
WBGene00015175,11,10,21
WBGene00015176,211,1421,1632
WBGene00015177,157,815,972
WBGene00015178,4,0,4
WBGene00015179,26,83,109
WBGene00015180,2,18,20
WBGene00015181,28,1397,1425
WBGene00015182,16,23,39
WBGene00015183,12,26,38
WBGene00015184,88,856,944
WBGene00015185,276,1255,1531
WBGene00015186,191,1274,1465
WBGene00015188,111,154,265
WBGene00015189,94,50,144
WBGene00015190,0,72,72
WBGene00015191,49,164,213
WBGene00015192,4,5,9
WBGene00015193,1,2,3
WBGene00015194,82,205,287
WBGene00015196,29,28,57
WBGene00015197,72,105,177
WBGene00015198,14,31,45
WBGene00015199,18,10,28
WBGene00015200,43,190,233
WBGene00015202,78,762,840
WBGene00015203,194,1384,1578
WBGene00015204,25,463,488
WBGene00015205,309,1932,2241
WBGene00015206,68,941,1009
WBGene00015207,287,717,1004
WBGene00015208,236,2253,2489
WBGene00015210,16,51,67
WBGene00015211,11,37,48
WBGene00015214,19,39,58
WBGene00015215,16,26,42
WBGene00015216,64,345,409
WBGene00015217,37,438,475
WBGene00015218,22,117,139
WBGene00015219,100,780,880
WBGene00015220,13,95,108
WBGene00015221,5,3,8
WBGene00015222,13,6,19
WBGene00015223,93,28,121
WBGene00015224,14,2,16
WBGene00015225,19,8,27
WBGene00015226,8,8,16
WBGene00015227,2,14,16
WBGene00015228,159,382,541
WBGene00015229,4,13,17
WBGene00015230,1,2,3
WBGene00015231,38,81,119
WBGene00015232,595,3982,4577
WBGene00015233,7,379,386
WBGene00015235,6,268,274
WBGene00015236,80,37,117
WBGene00015237,208,806,1014
WBGene00015238,36,209,245
WBGene00015241,38,3,41
WBGene00015242,4,10,14
WBGene00015243,1,4,5
WBGene00015244,25,7,32
WBGene00015245,89,343,432
WBGene00015246,93,21,114
WBGene00015247,405,40,445
WBGene00015248,4418,22035,26453
WBGene00015249,323,672,995
WBGene00015250,190,415,605
WBGene00015251,79,1804,1883
WBGene00015252,13,6,19
WBGene00015253,11,0,11
WBGene00015254,1,0,1
WBGene00015255,5,13,18
WBGene00015257,22,12,34
WBGene00015258,36,22,58
WBGene00015259,6,18,24
WBGene00015260,25,25,50
WBGene00015261,11,33,44
WBGene00015262,26,16,42
WBGene00015263,103,487,590
WBGene00015264,45,71,116
WBGene00015265,15,30,45
WBGene00015266,111,458,569
WBGene00015267,54,365,419
WBGene00015268,294,215,509
WBGene00015270,0,0,0
WBGene00015271,0,0,0
WBGene00015272,0,0,0
WBGene00015273,84,1,85
WBGene00015275,7,13,20
WBGene00015276,92,115,207
WBGene00015277,0,0,0
WBGene00015278,70,290,360
WBGene00015279,36,59,95
WBGene00015280,228,734,962
WBGene00015281,34,95,129
WBGene00015282,136,991,1127
WBGene00015283,74,710,784
WBGene00015284,35,155,190
WBGene00015285,156,979,1135
WBGene00015286,25,69,94
WBGene00015287,23,45,68
WBGene00015288,17,16,33
WBGene00015291,55,275,330
WBGene00015292,14,13,27
WBGene00015293,316,1999,2315
WBGene00015294,67,298,365
WBGene00015295,64,275,339
WBGene00015296,180,1402,1582
WBGene00015297,111,1078,1189
WBGene00015298,50,813,863
WBGene00015299,88,65,153
WBGene00015300,17,31,48
WBGene00015301,859,429,1288
WBGene00015303,295,548,843
WBGene00015305,23,15,38
WBGene00015306,19,31,50
WBGene00015307,62,178,240
WBGene00015308,62,671,733
WBGene00015309,52,88,140
WBGene00015310,61,327,388
WBGene00015311,26,34,60
WBGene00015312,11,71,82
WBGene00015313,31,274,305
WBGene00015315,15,10,25
WBGene00015316,42,2,44
WBGene00015317,8,14,22
WBGene00015318,10,4,14
WBGene00015320,12,44,56
WBGene00015321,2,0,2
WBGene00015322,7,368,375
WBGene00015323,68,59,127
WBGene00015324,34,219,253
WBGene00015325,0,4,4
WBGene00015326,61,3474,3535
WBGene00015327,40,403,443
WBGene00015328,434,1356,1790
WBGene00015329,63,1395,1458
WBGene00015330,71,667,738
WBGene00015331,1,0,1
WBGene00015332,41,290,331
WBGene00015333,23,80,103
WBGene00015334,66,162,228
WBGene00015335,24,59,83
WBGene00015336,42,594,636
WBGene00015337,3,30,33
WBGene00015338,22,11,33
WBGene00015339,14,130,144
WBGene00015340,3,29,32
WBGene00015341,6,3,9
WBGene00015342,23,24,47
WBGene00015344,109,1956,2065
WBGene00015345,20,12,32
WBGene00015346,91,1774,1865
WBGene00015347,71,398,469
WBGene00015348,4,5,9
WBGene00015349,121,287,408
WBGene00015350,81,1361,1442
WBGene00015351,13,24,37
WBGene00015352,180,1634,1814
WBGene00015353,4,147,151
WBGene00015354,577,14053,14630
WBGene00015355,72,116,188
WBGene00015356,384,3236,3620
WBGene00015357,17,104,121
WBGene00015358,72,9,81
WBGene00015359,12,65,77
WBGene00015360,11,19,30
WBGene00015361,29,13,42
WBGene00015362,51,356,407
WBGene00015364,53,58,111
WBGene00015366,7,19,26
WBGene00015367,0,3,3
WBGene00015368,0,5,5
WBGene00015369,0,7,7
WBGene00015370,0,0,0
WBGene00015371,0,0,0
WBGene00015372,4,6,10
WBGene00015373,69,42,111
WBGene00015374,11,11,22
WBGene00015375,14,41,55
WBGene00015376,8,58,66
WBGene00015377,16,25,41
WBGene00015378,38,101,139
WBGene00015379,2,0,2
WBGene00015380,0,61,61
WBGene00015381,59,105,164
WBGene00015382,29,44,73
WBGene00015385,0,0,0
WBGene00015386,295,37,332
WBGene00015387,128,98,226
WBGene00015388,37,7,44
WBGene00015389,70,270,340
WBGene00015390,91,126,217
WBGene00015391,183,3930,4113
WBGene00015392,0,156,156
WBGene00015393,421,3240,3661
WBGene00015394,20,3,23
WBGene00015395,28,48,76
WBGene00015396,17,86,103
WBGene00015397,5,11,16
WBGene00015398,6,2089,2095
WBGene00015399,16,12,28
WBGene00015400,36,204,240
WBGene00015401,22,19,41
WBGene00015402,81,302,383
WBGene00015403,7,217,224
WBGene00015404,104,957,1061
WBGene00015405,123,1080,1203
WBGene00015406,3,13,16
WBGene00015407,56,639,695
WBGene00015408,24,357,381
WBGene00015409,12,36,48
WBGene00015410,96,368,464
WBGene00015411,9,26,35
WBGene00015412,45,20,65
WBGene00015413,278,4946,5224
WBGene00015414,0,6,6
WBGene00015416,30,39,69
WBGene00015417,10,6,16
WBGene00015418,845,2486,3331
WBGene00015419,15,30,45
WBGene00015420,8,9,17
WBGene00015421,29,9,38
WBGene00015422,13,9,22
WBGene00015423,24,235,259
WBGene00015424,33,262,295
WBGene00015425,102,735,837
WBGene00015426,33,10,43
WBGene00015427,130,1076,1206
WBGene00015428,30,6,36
WBGene00015429,105,376,481
WBGene00015430,45,329,374
WBGene00015431,103,128,231
WBGene00015433,6,35,41
WBGene00015434,113,167,280
WBGene00015435,6,7,13
WBGene00015437,14,23,37
WBGene00015438,32,7,39
WBGene00015442,43,7,50
WBGene00015444,79,16,95
WBGene00015446,33,12,45
WBGene00015447,15,6,21
WBGene00015448,18,10,28
WBGene00015449,11,21,32
WBGene00015450,17,493,510
WBGene00015451,69,310,379
WBGene00015453,3,3,6
WBGene00015454,25,388,413
WBGene00015455,1013,1182,2195
WBGene00015456,41,155,196
WBGene00015457,27,3,30
WBGene00015458,1,4,5
WBGene00015459,2,2,4
WBGene00015460,22,335,357
WBGene00015461,133,1410,1543
WBGene00015462,31,270,301
WBGene00015463,5,299,304
WBGene00015464,68,933,1001
WBGene00015465,36,14,50
WBGene00015466,93,481,574
WBGene00015467,8,7,15
WBGene00015468,98,378,476
WBGene00015469,64,426,490
WBGene00015470,15,708,723
WBGene00015471,93,281,374
WBGene00015472,108,669,777
WBGene00015473,117,47,164
WBGene00015474,53,670,723
WBGene00015476,58,177,235
WBGene00015477,158,2212,2370
WBGene00015478,110,227,337
WBGene00015479,44,63,107
WBGene00015480,206,221,427
WBGene00015481,77,1948,2025
WBGene00015483,86,549,635
WBGene00015484,377,1349,1726
WBGene00015485,178,199,377
WBGene00015486,77,373,450
WBGene00015487,31,2643,2674
WBGene00015488,94,449,543
WBGene00015489,8,11,19
WBGene00015491,6,17,23
WBGene00015492,14,419,433
WBGene00015493,18,3,21
WBGene00015494,142,327,469
WBGene00015495,1,100,101
WBGene00015496,31,31,62
WBGene00015497,95,22,117
WBGene00015499,121,550,671
WBGene00015500,19,28,47
WBGene00015501,216,1631,1847
WBGene00015504,93,307,400
WBGene00015505,35,80,115
WBGene00015507,250,802,1052
WBGene00015508,115,747,862
WBGene00015509,196,569,765
WBGene00015510,76,1042,1118
WBGene00015511,5,46,51
WBGene00015512,162,1634,1796
WBGene00015513,59,515,574
WBGene00015514,1401,17391,18792
WBGene00015515,44,485,529
WBGene00015516,6,31,37
WBGene00015517,419,1537,1956
WBGene00015518,1,64,65
WBGene00015519,28,112,140
WBGene00015520,0,32,32
WBGene00015521,0,2,2
WBGene00015522,33,39,72
WBGene00015523,54,220,274
WBGene00015524,30,328,358
WBGene00015525,132,853,985
WBGene00015526,13,25,38
WBGene00015527,21,122,143
WBGene00015528,19,19,38
WBGene00015529,14,83,97
WBGene00015530,4,13,17
WBGene00015531,120,490,610
WBGene00015532,12,70,82
WBGene00015534,2,6,8
WBGene00015535,3,47,50
WBGene00015536,19,145,164
WBGene00015537,12,5,17
WBGene00015538,14,1421,1435
WBGene00015539,142,574,716
WBGene00015540,14,1026,1040
WBGene00015541,155,262,417
WBGene00015544,30,33,63
WBGene00015545,52,83,135
WBGene00015546,1,41,42
WBGene00015547,62,1960,2022
WBGene00015549,16,274,290
WBGene00015551,539,2833,3372
WBGene00015552,56,1148,1204
WBGene00015553,304,1768,2072
WBGene00015554,27,230,257
WBGene00015555,288,994,1282
WBGene00015557,36,221,257
WBGene00015558,10,158,168
WBGene00015559,111,183,294
WBGene00015560,23,311,334
WBGene00015561,220,933,1153
WBGene00015564,1,26,27
WBGene00015565,300,2137,2437
WBGene00015566,17,199,216
WBGene00015567,80,610,690
WBGene00015568,21,61,82
WBGene00015569,25,219,244
WBGene00015570,34,62,96
WBGene00015572,20,13,33
WBGene00015573,1,4,5
WBGene00015574,4,8,12
WBGene00015576,44,56,100
WBGene00015577,49,324,373
WBGene00015578,1,812,813
WBGene00015579,0,0,0
WBGene00015580,235,516,751
WBGene00015581,316,1806,2122
WBGene00015582,12,43,55
WBGene00015583,50,10,60
WBGene00015586,7,71,78
WBGene00015587,0,6,6
WBGene00015588,2,29,31
WBGene00015589,5,22,27
WBGene00015590,19,178,197
WBGene00015591,26,323,349
WBGene00015592,92,25,117
WBGene00015593,3,16,19
WBGene00015595,17,2,19
WBGene00015598,9,26,35
WBGene00015599,2,2,4
WBGene00015600,13,6,19
WBGene00015601,61,16,77
WBGene00015602,1,11,12
WBGene00015604,0,2,2
WBGene00015605,105,1149,1254
WBGene00015606,226,19,245
WBGene00015607,0,6,6
WBGene00015608,8,88,96
WBGene00015609,21,108,129
WBGene00015610,1,7,8
WBGene00015611,0,263,263
WBGene00015613,1,12,13
WBGene00015615,2,53,55
WBGene00015618,30,41,71
WBGene00015619,503,3059,3562
WBGene00015620,46,167,213
WBGene00015621,69,383,452
WBGene00015622,33,14,47
WBGene00015623,315,3748,4063
WBGene00015624,17,72,89
WBGene00015625,23,40,63
WBGene00015626,27,45,72
WBGene00015627,14,3,17
WBGene00015628,13,5,18
WBGene00015629,52,24,76
WBGene00015630,43,17,60
WBGene00015631,15,67,82
WBGene00015632,273,1631,1904
WBGene00015633,193,824,1017
WBGene00015634,4,19,23
WBGene00015635,55,368,423
WBGene00015636,0,2,2
WBGene00015637,4,23,27
WBGene00015638,58,368,426
WBGene00015639,41,30,71
WBGene00015641,149,880,1029
WBGene00015642,109,280,389
WBGene00015644,90,411,501
WBGene00015645,10,22,32
WBGene00015646,36,48,84
WBGene00015647,77,611,688
WBGene00015648,264,535,799
WBGene00015649,28,10,38
WBGene00015650,487,1431,1918
WBGene00015651,414,163,577
WBGene00015652,11,7,18
WBGene00015653,11,8,19
WBGene00015655,1,7,8
WBGene00015656,42,5,47
WBGene00015658,258,557,815
WBGene00015659,0,1,1
WBGene00015660,16,175,191
WBGene00015661,2,0,2
WBGene00015662,24,21,45
WBGene00015663,26,9,35
WBGene00015664,28,100,128
WBGene00015665,37,16,53
WBGene00015666,22,40,62
WBGene00015667,20,7,27
WBGene00015668,23,16,39
WBGene00015670,83,63,146
WBGene00015671,14,529,543
WBGene00015672,29,47,76
WBGene00015673,72,192,264
WBGene00015674,31,148,179
WBGene00015675,34,12,46
WBGene00015676,39,933,972
WBGene00015677,44,129,173
WBGene00015678,533,1196,1729
WBGene00015679,28,56,84
WBGene00015680,324,1333,1657
WBGene00015681,13,9,22
WBGene00015682,22,16,38
WBGene00015683,2,13,15
WBGene00015684,189,1725,1914
WBGene00015685,24,14,38
WBGene00015686,98,101,199
WBGene00015687,198,5628,5826
WBGene00015688,9,19,28
WBGene00015689,0,10,10
WBGene00015690,53,10,63
WBGene00015691,139,387,526
WBGene00015692,41,128,169
WBGene00015693,20,98,118
WBGene00015694,57,17,74
WBGene00015695,75,458,533
WBGene00015696,5,14,19
WBGene00015697,40,153,193
WBGene00015698,2,62,64
WBGene00015700,61,44,105
WBGene00015701,44,58,102
WBGene00015702,17,365,382
WBGene00015703,14,1111,1125
WBGene00015704,307,186,493
WBGene00015705,18,28,46
WBGene00015706,13,221,234
WBGene00015707,17,43,60
WBGene00015708,24,77,101
WBGene00015709,23,192,215
WBGene00015710,18,262,280
WBGene00015711,11,53,64
WBGene00015712,18,29,47
WBGene00015713,62,497,559
WBGene00015714,17,52,69
WBGene00015715,8,1,9
WBGene00015716,98,149,247
WBGene00015718,9,9,18
WBGene00015719,0,0,0
WBGene00015720,56,19,75
WBGene00015721,1,0,1
WBGene00015722,34,16,50
WBGene00015723,39,21,60
WBGene00015724,17,4,21
WBGene00015725,25,3,28
WBGene00015726,15,8,23
WBGene00015727,11,3,14
WBGene00015728,48,111,159
WBGene00015729,41,882,923
WBGene00015730,0,0,0
WBGene00015731,0,0,0
WBGene00015733,25,25,50
WBGene00015734,50,1914,1964
WBGene00015735,650,1185,1835
WBGene00015736,21,13,34
WBGene00015737,4,15,19
WBGene00015738,10,17,27
WBGene00015739,49,30,79
WBGene00015740,103,627,730
WBGene00015741,398,2156,2554
WBGene00015742,64,316,380
WBGene00015743,117,776,893
WBGene00015744,119,214,333
WBGene00015745,33,193,226
WBGene00015746,62,1092,1154
WBGene00015747,161,135,296
WBGene00015748,26,134,160
WBGene00015750,30,191,221
WBGene00015751,78,78,156
WBGene00015752,97,3272,3369
WBGene00015753,29,62,91
WBGene00015754,128,998,1126
WBGene00015755,2126,19821,21947
WBGene00015756,66,330,396
WBGene00015757,24,8,32
WBGene00015758,13,30,43
WBGene00015759,661,4100,4761
WBGene00015760,23,20,43
WBGene00015762,16,8,24
WBGene00015764,87,9,96
WBGene00015765,6,11,17
WBGene00015766,14,55,69
WBGene00015767,116,530,646
WBGene00015768,55,103,158
WBGene00015769,13,522,535
WBGene00015770,2,8,10
WBGene00015772,9,3,12
WBGene00015773,15,6,21
WBGene00015774,21,27,48
WBGene00015775,4,9,13
WBGene00015776,107,1582,1689
WBGene00015777,61,715,776
WBGene00015778,23,7641,7664
WBGene00015779,193,708,901
WBGene00015780,24,45,69
WBGene00015781,131,502,633
WBGene00015782,8,94,102
WBGene00015783,24,100,124
WBGene00015784,27,14,41
WBGene00015785,0,11,11
WBGene00015786,123,458,581
WBGene00015787,69,206,275
WBGene00015788,39,115,154
WBGene00015789,6,181,187
WBGene00015790,12,458,470
WBGene00015791,72,2141,2213
WBGene00015792,18,18,36
WBGene00015793,30,264,294
WBGene00015794,48,54,102
WBGene00015795,145,161,306
WBGene00015796,424,646,1070
WBGene00015797,29,63,92
WBGene00015798,9,30,39
WBGene00015799,27,70,97
WBGene00015800,202,519,721
WBGene00015801,111,606,717
WBGene00015802,127,430,557
WBGene00015803,2450,12243,14693
WBGene00015805,525,5892,6417
WBGene00015806,27,415,442
WBGene00015807,14,151,165
WBGene00015809,216,2131,2347
WBGene00015810,15,4920,4935
WBGene00015811,38,3277,3315
WBGene00015813,233,2318,2551
WBGene00015814,166,2200,2366
WBGene00015815,134,419,553
WBGene00015816,17,84,101
WBGene00015817,232,1264,1496
WBGene00015818,22,96,118
WBGene00015819,0,84,84
WBGene00015820,7,21,28
WBGene00015821,44,41,85
WBGene00015822,67,61,128
WBGene00015823,0,6193,6193
WBGene00015824,10,123,133
WBGene00015825,2,5,7
WBGene00015827,8,4,12
WBGene00015828,8,8,16
WBGene00015829,11,19,30
WBGene00015830,0,14,14
WBGene00015832,27,20,47
WBGene00015833,12,11,23
WBGene00015834,14,17,31
WBGene00015835,23,14,37
WBGene00015836,10,14,24
WBGene00015837,12,5,17
WBGene00015838,2,10,12
WBGene00015839,19,16,35
WBGene00015841,56,26,82
WBGene00015842,19,67,86
WBGene00015843,59,108,167
WBGene00015845,3,2,5
WBGene00015846,3,3,6
WBGene00015847,0,0,0
WBGene00015848,0,0,0
WBGene00015849,18,112,130
WBGene00015850,6,39,45
WBGene00015851,11,22,33
WBGene00015852,49,55,104
WBGene00015853,31,196,227
WBGene00015854,10,2,12
WBGene00015855,13,24,37
WBGene00015856,2,2,4
WBGene00015857,43,272,315
WBGene00015858,4,15,19
WBGene00015859,45,85,130
WBGene00015860,13,33,46
WBGene00015861,64,169,233
WBGene00015862,19,34,53
WBGene00015863,23,12,35
WBGene00015864,47,370,417
WBGene00015865,70,423,493
WBGene00015866,34,233,267
WBGene00015867,28,96,124
WBGene00015868,1404,1942,3346
WBGene00015869,16,6,22
WBGene00015870,13,4,17
WBGene00015871,5,3,8
WBGene00015872,12,2,14
WBGene00015873,21,21,42
WBGene00015875,16,1,17
WBGene00015877,9,17,26
WBGene00015878,2,4,6
WBGene00015879,79,16,95
WBGene00015882,23,8,31
WBGene00015883,16,17,33
WBGene00015884,10,9,19
WBGene00015885,7,241,248
WBGene00015886,1,10,11
WBGene00015887,39,1230,1269
WBGene00015888,0,0,0
WBGene00015889,16,39,55
WBGene00015890,3,20,23
WBGene00015891,0,2,2
WBGene00015892,5,2,7
WBGene00015893,5,11,16
WBGene00015894,128,2776,2904
WBGene00015895,0,0,0
WBGene00015896,0,131,131
WBGene00015897,88,152,240
WBGene00015898,40,10,50
WBGene00015899,5,9,14
WBGene00015900,44,145,189
WBGene00015901,20,141,161
WBGene00015902,31,16,47
WBGene00015903,6,2,8
WBGene00015904,20,10,30
WBGene00015905,26,0,26
WBGene00015906,7,22,29
WBGene00015907,1,7,8
WBGene00015908,30,49,79
WBGene00015909,1,10,11
WBGene00015910,0,4,4
WBGene00015911,4,2,6
WBGene00015912,5,16,21
WBGene00015913,876,4985,5861
WBGene00015914,100,67,167
WBGene00015915,55,410,465
WBGene00015916,131,831,962
WBGene00015917,15,20,35
WBGene00015918,53,57,110
WBGene00015919,17,252,269
WBGene00015920,266,3289,3555
WBGene00015921,120,296,416
WBGene00015922,38,219,257
WBGene00015924,2,1,3
WBGene00015925,52,83,135
WBGene00015926,356,899,1255
WBGene00015927,137,1580,1717
WBGene00015928,88,527,615
WBGene00015929,4,16,20
WBGene00015930,106,632,738
WBGene00015931,12,16,28
WBGene00015932,5,23,28
WBGene00015933,144,797,941
WBGene00015934,48,446,494
WBGene00015935,222,499,721
WBGene00015936,34,145,179
WBGene00015937,40,30,70
WBGene00015938,205,1051,1256
WBGene00015939,6,59,65
WBGene00015940,17,365,382
WBGene00015941,388,1773,2161
WBGene00015942,77,561,638
WBGene00015943,53,2933,2986
WBGene00015944,10,27,37
WBGene00015945,391,577,968
WBGene00015946,23,114,137
WBGene00015947,250,1358,1608
WBGene00015948,208,1269,1477
WBGene00015949,97,198,295
WBGene00015950,23,10,33
WBGene00015951,0,6,6
WBGene00015952,31,78,109
WBGene00015953,50,60,110
WBGene00015954,1843,8716,10559
WBGene00015955,26,1102,1128
WBGene00015956,150,834,984
WBGene00015957,39,71,110
WBGene00015958,8,8,16
WBGene00015959,8,1,9
WBGene00015960,11,6,17
WBGene00015961,11,9,20
WBGene00015962,9,2,11
WBGene00015963,11,49,60
WBGene00015964,101,41,142
WBGene00015965,85,589,674
WBGene00015966,160,908,1068
WBGene00015968,33,5,38
WBGene00015969,72,307,379
WBGene00015970,15,33,48
WBGene00015971,213,885,1098
WBGene00015972,146,498,644
WBGene00015973,0,13,13
WBGene00015974,176,66,242
WBGene00015975,30,461,491
WBGene00015976,106,488,594
WBGene00015977,21,37,58
WBGene00015978,39,768,807
WBGene00015979,5,2,7
WBGene00015980,136,639,775
WBGene00015981,60,85,145
WBGene00015982,33,4,37
WBGene00015984,38,35,73
WBGene00015985,16,16,32
WBGene00015986,34,22,56
WBGene00015987,8,1,9
WBGene00015988,76,42,118
WBGene00015992,24,28,52
WBGene00015993,75,72,147
WBGene00015994,62,20,82
WBGene00015995,35,5,40
WBGene00015996,18,69,87
WBGene00015997,0,0,0
WBGene00015998,17,11,28
WBGene00015999,3,49,52
WBGene00016000,12,23,35
WBGene00016002,292,1007,1299
WBGene00016003,20,165,185
WBGene00016004,52,549,601
WBGene00016005,66,310,376
WBGene00016006,762,3561,4323
WBGene00016008,61,23,84
WBGene00016009,67,1299,1366
WBGene00016010,58,21,79
WBGene00016011,729,2953,3682
WBGene00016012,18,267,285
WBGene00016013,25,54,79
WBGene00016014,60,761,821
WBGene00016015,105,1284,1389
WBGene00016016,3,20,23
WBGene00016017,2,13,15
WBGene00016018,110,435,545
WBGene00016019,43,393,436
WBGene00016020,176,984,1160
WBGene00016021,73,477,550
WBGene00016022,55,358,413
WBGene00016023,15,103,118
WBGene00016024,114,253,367
WBGene00016025,42,181,223
WBGene00016027,127,791,918
WBGene00016028,147,4271,4418
WBGene00016029,473,23,496
WBGene00016030,26,342,368
WBGene00016032,185,58,243
WBGene00016033,56,12639,12695
WBGene00016034,19,108,127
WBGene00016037,206,37,243
WBGene00016038,0,212,212
WBGene00016039,1,54,55
WBGene00016040,9,475,484
WBGene00016041,375,166,541
WBGene00016042,24,17,41
WBGene00016043,10,4,14
WBGene00016044,173,337,510
WBGene00016045,91,602,693
WBGene00016046,3,57,60
WBGene00016047,8,24,32
WBGene00016048,59,926,985
WBGene00016049,9,16,25
WBGene00016050,21,3,24
WBGene00016051,7,3,10
WBGene00016052,270,2805,3075
WBGene00016053,23,46,69
WBGene00016054,33,12,45
WBGene00016055,71,438,509
WBGene00016056,1,12,13
WBGene00016057,151,2384,2535
WBGene00016058,0,1,1
WBGene00016059,217,725,942
WBGene00016060,232,589,821
WBGene00016061,109,886,995
WBGene00016062,108,2259,2367
WBGene00016063,13,18,31
WBGene00016064,57,21,78
WBGene00016066,30,83,113
WBGene00016067,38,291,329
WBGene00016068,59,241,300
WBGene00016069,28,229,257
WBGene00016070,3,13,16
WBGene00016071,43,90,133
WBGene00016072,145,53,198
WBGene00016073,191,2217,2408
WBGene00016074,61,262,323
WBGene00016075,26,34,60
WBGene00016077,17,18,35
WBGene00016081,136,258,394
WBGene00016082,0,10,10
WBGene00016083,22,2,24
WBGene00016084,40,23,63
WBGene00016085,19,12,31
WBGene00016086,12,9,21
WBGene00016087,6,143,149
WBGene00016088,42,29,71
WBGene00016089,51,29,80
WBGene00016090,132,79,211
WBGene00016091,7,17,24
WBGene00016092,21,14,35
WBGene00016093,95,149,244
WBGene00016094,15,41,56
WBGene00016095,41,185,226
WBGene00016096,6,206,212
WBGene00016097,24,700,724
WBGene00016099,92,292,384
WBGene00016100,15,99,114
WBGene00016101,18,168,186
WBGene00016102,16,232,248
WBGene00016103,196,2061,2257
WBGene00016104,93,211,304
WBGene00016105,2,15,17
WBGene00016106,28,69,97
WBGene00016107,29,43,72
WBGene00016108,148,158,306
WBGene00016109,98,294,392
WBGene00016110,40,69,109
WBGene00016111,28,145,173
WBGene00016112,55,208,263
WBGene00016113,60,820,880
WBGene00016114,103,1048,1151
WBGene00016115,1274,9322,10596
WBGene00016116,135,975,1110
WBGene00016117,66,1023,1089
WBGene00016118,955,7555,8510
WBGene00016119,153,1733,1886
WBGene00016120,105,324,429
WBGene00016121,107,651,758
WBGene00016123,66,272,338
WBGene00016124,82,570,652
WBGene00016125,2,35,37
WBGene00016126,45,139,184
WBGene00016128,19,505,524
WBGene00016129,146,2219,2365
WBGene00016130,2,8,10
WBGene00016131,55,166,221
WBGene00016132,22,6,28
WBGene00016133,60,157,217
WBGene00016134,201,938,1139
WBGene00016135,35,109,144
WBGene00016136,13,9,22
WBGene00016137,1,4,5
WBGene00016138,80,870,950
WBGene00016139,69,389,458
WBGene00016140,65,1522,1587
WBGene00016142,57,1941,1998
WBGene00016143,294,698,992
WBGene00016144,151,859,1010
WBGene00016145,70,854,924
WBGene00016146,59,143,202
WBGene00016147,33,104,137
WBGene00016148,90,426,516
WBGene00016149,26,140,166
WBGene00016150,24,946,970
WBGene00016151,109,702,811
WBGene00016152,27,117,144
WBGene00016153,0,13,13
WBGene00016154,149,596,745
WBGene00016155,11,37,48
WBGene00016156,15,193,208
WBGene00016157,59,683,742
WBGene00016158,82,1043,1125
WBGene00016159,168,262,430
WBGene00016160,83,13,96
WBGene00016161,11,8,19
WBGene00016162,343,2023,2366
WBGene00016163,13,66,79
WBGene00016164,10,7,17
WBGene00016165,116,140,256
WBGene00016166,89,1256,1345
WBGene00016167,21,697,718
WBGene00016168,9,1,10
WBGene00016169,65,158,223
WBGene00016170,123,1132,1255
WBGene00016171,71,355,426
WBGene00016172,332,714,1046
WBGene00016173,337,3218,3555
WBGene00016174,65,139,204
WBGene00016175,42,86,128
WBGene00016177,26,21,47
WBGene00016178,9,75,84
WBGene00016179,3,4,7
WBGene00016180,9,473,482
WBGene00016181,17,55,72
WBGene00016182,36,248,284
WBGene00016183,25,0,25
WBGene00016184,123,330,453
WBGene00016185,24,13,37
WBGene00016187,6,66,72
WBGene00016188,124,701,825
WBGene00016189,26,85,111
WBGene00016190,4,211,215
WBGene00016191,20,69,89
WBGene00016192,17,874,891
WBGene00016193,7,8,15
WBGene00016194,82,4050,4132
WBGene00016195,16,1633,1649
WBGene00016196,10,4,14
WBGene00016197,581,2514,3095
WBGene00016198,7,13,20
WBGene00016199,9,27,36
WBGene00016200,89,770,859
WBGene00016201,40,773,813
WBGene00016202,57,601,658
WBGene00016203,185,499,684
WBGene00016204,15,134,149
WBGene00016206,23,29,52
WBGene00016207,86,351,437
WBGene00016208,7,291,298
WBGene00016209,398,3746,4144
WBGene00016210,442,4430,4872
WBGene00016212,33,203,236
WBGene00016213,49,8,57
WBGene00016215,21,458,479
WBGene00016216,41,254,295
WBGene00016217,21,104,125
WBGene00016218,22,42,64
WBGene00016219,87,64,151
WBGene00016220,4,4,8
WBGene00016221,66,318,384
WBGene00016222,19,0,19
WBGene00016223,0,0,0
WBGene00016226,3,3,6
WBGene00016227,5,11,16
WBGene00016231,27,9,36
WBGene00016232,7,13,20
WBGene00016233,9,10,19
WBGene00016234,59,125,184
WBGene00016235,8,1372,1380
WBGene00016236,15,95,110
WBGene00016237,43,587,630
WBGene00016238,19,961,980
WBGene00016239,8,73,81
WBGene00016242,25,67,92
WBGene00016244,222,1371,1593
WBGene00016245,46,511,557
WBGene00016246,51,204,255
WBGene00016247,27,25,52
WBGene00016248,33,191,224
WBGene00016249,383,2264,2647
WBGene00016250,263,16237,16500
WBGene00016251,5,25,30
WBGene00016252,7,7,14
WBGene00016253,10,4,14
WBGene00016254,2,25,27
WBGene00016257,11,11,22
WBGene00016258,157,3754,3911
WBGene00016259,50,25,75
WBGene00016260,107,184,291
WBGene00016261,50,417,467
WBGene00016262,25,98,123
WBGene00016263,10,48,58
WBGene00016264,529,1892,2421
WBGene00016265,62,433,495
WBGene00016266,958,3267,4225
WBGene00016268,16,13,29
WBGene00016269,438,1915,2353
WBGene00016271,21504,5,21509
WBGene00016273,28,24,52
WBGene00016274,8,142,150
WBGene00016275,18,86,104
WBGene00016276,29,67,96
WBGene00016277,27,114,141
WBGene00016278,158,945,1103
WBGene00016279,5,7,12
WBGene00016281,47,10,57
WBGene00016282,23,111,134
WBGene00016283,71,219,290
WBGene00016284,24,2,26
WBGene00016285,49,4,53
WBGene00016286,29,14,43
WBGene00016287,19,20,39
WBGene00016288,26,16,42
WBGene00016289,3788,8204,11992
WBGene00016291,11,50,61
WBGene00016292,231,620,851
WBGene00016293,123,504,627
WBGene00016294,79,93,172
WBGene00016295,29,99,128
WBGene00016297,2,5,7
WBGene00016298,1,18,19
WBGene00016299,51,2,53
WBGene00016300,60,5,65
WBGene00016302,5,16,21
WBGene00016303,13,41,54
WBGene00016306,7,9,16
WBGene00016307,5,4,9
WBGene00016308,19,48,67
WBGene00016309,3,0,3
WBGene00016310,52,297,349
WBGene00016311,47,1034,1081
WBGene00016312,1,13,14
WBGene00016313,9,377,386
WBGene00016314,19,125,144
WBGene00016315,41,397,438
WBGene00016316,235,3675,3910
WBGene00016317,28,385,413
WBGene00016318,108,592,700
WBGene00016319,38,222,260
WBGene00016320,3,2,5
WBGene00016321,437,2085,2522
WBGene00016322,6,8,14
WBGene00016323,205,723,928
WBGene00016324,88,153,241
WBGene00016325,229,1525,1754
WBGene00016326,161,1201,1362
WBGene00016327,19,10,29
WBGene00016328,78,152,230
WBGene00016329,17,21,38
WBGene00016330,231,669,900
WBGene00016331,129,999,1128
WBGene00016332,44,245,289
WBGene00016333,477,3076,3553
WBGene00016334,7,2,9
WBGene00016335,66,182,248
WBGene00016336,14,3,17
WBGene00016337,0,2,2
WBGene00016339,4,1,5
WBGene00016340,60,187,247
WBGene00016341,26,567,593
WBGene00016342,23,1185,1208
WBGene00016343,183,363,546
WBGene00016344,74,99,173
WBGene00016345,9,135,144
WBGene00016346,4,28,32
WBGene00016347,132,12,144
WBGene00016348,26,80,106
WBGene00016349,11,64,75
WBGene00016350,0,8,8
WBGene00016351,2,1,3
WBGene00016352,49,220,269
WBGene00016353,2,55,57
WBGene00016354,492,1125,1617
WBGene00016355,51,264,315
WBGene00016356,9,20,29
WBGene00016357,2,4,6
WBGene00016358,3,3,6
WBGene00016359,4,285,289
WBGene00016360,41,152,193
WBGene00016361,34,24,58
WBGene00016362,151,8280,8431
WBGene00016363,35,86,121
WBGene00016364,60,121,181
WBGene00016365,52,72,124
WBGene00016366,19,79,98
WBGene00016367,38,84,122
WBGene00016368,35,78,113
WBGene00016369,13,10,23
WBGene00016370,3,9,12
WBGene00016371,33,27,60
WBGene00016373,22,63,85
WBGene00016374,94,697,791
WBGene00016375,4,300,304
WBGene00016376,16,432,448
WBGene00016378,131,969,1100
WBGene00016379,97,1385,1482
WBGene00016380,37,394,431
WBGene00016381,47,263,310
WBGene00016382,14,1,15
WBGene00016383,54,507,561
WBGene00016384,138,1552,1690
WBGene00016386,91,24,115
WBGene00016387,42,259,301
WBGene00016388,10,2,12
WBGene00016389,2,4,6
WBGene00016390,30,365,395
WBGene00016391,240,1366,1606
WBGene00016392,15,285,300
WBGene00016393,396,9296,9692
WBGene00016394,99,70,169
WBGene00016395,924,4450,5374
WBGene00016396,203,251,454
WBGene00016397,89,177,266
WBGene00016398,2,6,8
WBGene00016399,3,2,5
WBGene00016400,100,639,739
WBGene00016402,19,36,55
WBGene00016403,244,467,711
WBGene00016404,110,471,581
WBGene00016405,229,3074,3303
WBGene00016406,45,510,555
WBGene00016407,689,1213,1902
WBGene00016408,162,951,1113
WBGene00016409,130,606,736
WBGene00016410,18,34,52
WBGene00016411,82,1128,1210
WBGene00016412,91,1405,1496
WBGene00016413,14,15,29
WBGene00016414,1,2,3
WBGene00016415,370,2331,2701
WBGene00016416,8,72,80
WBGene00016417,82,434,516
WBGene00016418,171,306,477
WBGene00016419,46,330,376
WBGene00016420,3,2,5
WBGene00016421,24,134,158
WBGene00016422,24,1276,1300
WBGene00016423,146,325,471
WBGene00016424,31,92,123
WBGene00016425,4,91,95
WBGene00016427,249,123,372
WBGene00016428,80,377,457
WBGene00016429,11,45,56
WBGene00016430,65,8,73
WBGene00016431,104,182,286
WBGene00016432,995,1118,2113
WBGene00016433,0,1,1
WBGene00016434,0,8,8
WBGene00016435,302,2559,2861
WBGene00016436,24,349,373
WBGene00016437,99,1,100
WBGene00016438,61,349,410
WBGene00016439,109,1024,1133
WBGene00016440,0,23,23
WBGene00016441,10,10,20
WBGene00016442,37,773,810
WBGene00016443,83,507,590
WBGene00016444,104,318,422
WBGene00016445,21,71,92
WBGene00016446,52,879,931
WBGene00016447,0,3,3
WBGene00016448,55,241,296
WBGene00016449,26,1235,1261
WBGene00016450,5,158,163
WBGene00016451,8,11,19
WBGene00016452,150,1094,1244
WBGene00016453,13,125,138
WBGene00016454,29,359,388
WBGene00016455,8,15,23
WBGene00016456,8,932,940
WBGene00016457,3,106,109
WBGene00016458,56,617,673
WBGene00016459,7,0,7
WBGene00016460,21,60,81
WBGene00016461,41,86,127
WBGene00016462,3,21,24
WBGene00016463,29,642,671
WBGene00016464,31,31,62
WBGene00016465,5,29,34
WBGene00016466,13,110,123
WBGene00016467,53,201,254
WBGene00016468,63,13,76
WBGene00016469,64,624,688
WBGene00016471,18,21,39
WBGene00016472,9,10,19
WBGene00016473,0,6,6
WBGene00016474,17,17,34
WBGene00016475,2,4,6
WBGene00016476,15,19,34
WBGene00016477,9,10,19
WBGene00016479,24,7,31
WBGene00016480,21,10,31
WBGene00016481,16,8,24
WBGene00016483,11,13,24
WBGene00016484,4,6,10
WBGene00016485,6,11,17
WBGene00016486,10,18,28
WBGene00016487,14,21,35
WBGene00016488,82,66,148
WBGene00016489,219,1117,1336
WBGene00016490,76,441,517
WBGene00016491,14,13,27
WBGene00016492,27,111,138
WBGene00016493,30106,98115,128221
WBGene00016494,264,2065,2329
WBGene00016495,21,490,511
WBGene00016496,300,5527,5827
WBGene00016497,22,45,67
WBGene00016499,58,116,174
WBGene00016500,39,554,593
WBGene00016501,21,318,339
WBGene00016502,9,117,126
WBGene00016503,18,109,127
WBGene00016504,16,799,815
WBGene00016505,15,1144,1159
WBGene00016506,43,337,380
WBGene00016507,162,928,1090
WBGene00016508,447,1837,2284
WBGene00016509,251,7561,7812
WBGene00016511,181,2467,2648
WBGene00016512,31,14,45
WBGene00016513,37,1001,1038
WBGene00016514,89,98,187
WBGene00016517,19,42,61
WBGene00016518,45,20,65
WBGene00016519,22,10,32
WBGene00016520,1237,186,1423
WBGene00016521,6,38,44
WBGene00016522,26,113,139
WBGene00016523,39,16,55
WBGene00016524,116,325,441
WBGene00016525,28,26,54
WBGene00016527,27,17,44
WBGene00016528,19,0,19
WBGene00016529,0,15,15
WBGene00016530,91,531,622
WBGene00016531,219,894,1113
WBGene00016532,46,193,239
WBGene00016533,112,744,856
WBGene00016534,51,38,89
WBGene00016535,14,531,545
WBGene00016537,0,6,6
WBGene00016538,63,232,295
WBGene00016539,366,717,1083
WBGene00016540,200,182,382
WBGene00016541,7,4,11
WBGene00016542,94,281,375
WBGene00016543,26,16,42
WBGene00016544,17,73,90
WBGene00016545,27,30,57
WBGene00016546,35,42,77
WBGene00016547,23,145,168
WBGene00016548,11,23,34
WBGene00016549,17,58,75
WBGene00016550,21,4,25
WBGene00016551,0,17,17
WBGene00016554,1,10,11
WBGene00016555,12,63,75
WBGene00016556,12,10,22
WBGene00016557,8,2,10
WBGene00016558,49,214,263
WBGene00016559,99,131,230
WBGene00016561,549,737,1286
WBGene00016562,1493,3425,4918
WBGene00016564,24,243,267
WBGene00016565,0,50,50
WBGene00016566,85,402,487
WBGene00016567,10,143,153
WBGene00016568,76,292,368
WBGene00016570,57,226,283
WBGene00016571,17,28,45
WBGene00016572,13,2,15
WBGene00016573,12,447,459
WBGene00016574,25,580,605
WBGene00016575,2,275,277
WBGene00016576,2,680,682
WBGene00016577,6,5,11
WBGene00016578,1,7,8
WBGene00016579,53,128,181
WBGene00016580,61,113,174
WBGene00016581,2,96,98
WBGene00016582,31,463,494
WBGene00016583,12,879,891
WBGene00016585,104,74,178
WBGene00016586,4,109,113
WBGene00016587,22,36,58
WBGene00016588,240,1206,1446
WBGene00016589,51,411,462
WBGene00016590,86,372,458
WBGene00016591,18,482,500
WBGene00016592,41,226,267
WBGene00016594,95,3187,3282
WBGene00016595,18,53,71
WBGene00016596,9,31,40
WBGene00016597,5,4,9
WBGene00016598,1,6,7
WBGene00016599,75,148,223
WBGene00016600,88,62,150
WBGene00016601,249,1827,2076
WBGene00016602,53,263,316
WBGene00016603,309,1722,2031
WBGene00016605,11,14,25
WBGene00016606,162,754,916
WBGene00016607,203,1723,1926
WBGene00016608,57,328,385
WBGene00016609,54,159,213
WBGene00016610,138,732,870
WBGene00016611,362,2461,2823
WBGene00016612,5,11,16
WBGene00016613,123,304,427
WBGene00016614,91,300,391
WBGene00016616,19,521,540
WBGene00016617,43,245,288
WBGene00016619,69,176,245
WBGene00016620,79,340,419
WBGene00016621,49,255,304
WBGene00016622,31,726,757
WBGene00016623,55,263,318
WBGene00016624,201,711,912
WBGene00016625,51,31,82
WBGene00016626,99,896,995
WBGene00016627,1,8,9
WBGene00016628,96,286,382
WBGene00016629,89,585,674
WBGene00016630,583,22187,22770
WBGene00016631,56,324,380
WBGene00016632,50,146,196
WBGene00016633,31,195,226
WBGene00016634,267,1116,1383
WBGene00016635,61,3921,3982
WBGene00016636,14,7,21
WBGene00016637,27,105,132
WBGene00016638,10,14,24
WBGene00016639,153,50,203
WBGene00016641,35,615,650
WBGene00016642,97,382,479
WBGene00016643,104,484,588
WBGene00016644,22,240,262
WBGene00016645,28,631,659
WBGene00016646,0,0,0
WBGene00016647,0,0,0
WBGene00016648,0,0,0
WBGene00016649,0,0,0
WBGene00016650,622,4641,5263
WBGene00016652,76,243,319
WBGene00016653,50,5162,5212
WBGene00016654,187,246,433
WBGene00016655,457,3580,4037
WBGene00016657,36,116,152
WBGene00016658,1,5,6
WBGene00016659,27,470,497
WBGene00016660,2,10,12
WBGene00016661,136,534,670
WBGene00016662,0,23,23
WBGene00016663,120,327,447
WBGene00016664,36,112,148
WBGene00016665,13,36,49
WBGene00016667,78,283,361
WBGene00016668,9,1,10
WBGene00016669,4,2,6
WBGene00016670,20,5,25
WBGene00016671,31,147,178
WBGene00016673,7,5,12
WBGene00016674,35,306,341
WBGene00016675,0,13,13
WBGene00016676,28,343,371
WBGene00016677,611,5992,6603
WBGene00016678,165,524,689
WBGene00016679,22,89,111
WBGene00016680,3,2,5
WBGene00016681,26,32,58
WBGene00016682,78,117,195
WBGene00016683,47,36,83
WBGene00016684,36,793,829
WBGene00016685,13,4,17
WBGene00016686,5,12,17
WBGene00016687,8,6,14
WBGene00016689,8,6,14
WBGene00016690,3,6,9
WBGene00016691,21,3,24
WBGene00016692,6,2,8
WBGene00016693,19,5,24
WBGene00016694,0,3,3
WBGene00016695,5,32,37
WBGene00016696,21,18,39
WBGene00016697,14,12,26
WBGene00016698,27,19,46
WBGene00016699,7,26,33
WBGene00016700,83,39,122
WBGene00016701,13,72,85
WBGene00016702,87,336,423
WBGene00016703,25,402,427
WBGene00016704,85,336,421
WBGene00016705,68,125,193
WBGene00016706,132,2632,2764
WBGene00016707,3,2,5
WBGene00016708,0,2,2
WBGene00016709,3,5,8
WBGene00016710,36,301,337
WBGene00016711,4,28,32
WBGene00016712,2,0,2
WBGene00016713,7,2,9
WBGene00016714,21,43,64
WBGene00016716,841,3545,4386
WBGene00016717,33,54,87
WBGene00016718,24,12,36
WBGene00016719,4,18,22
WBGene00016720,8,13,21
WBGene00016721,218,1087,1305
WBGene00016722,3089,5858,8947
WBGene00016724,32,43,75
WBGene00016725,292,176,468
WBGene00016727,12,5,17
WBGene00016728,31,90,121
WBGene00016729,4,9,13
WBGene00016730,24,50,74
WBGene00016731,4,4,8
WBGene00016732,6,11,17
WBGene00016733,17,29,46
WBGene00016734,60,793,853
WBGene00016735,148,888,1036
WBGene00016736,3,7,10
WBGene00016738,2,294,296
WBGene00016739,294,4797,5091
WBGene00016740,24,410,434
WBGene00016741,50,455,505
WBGene00016742,5,10,15
WBGene00016743,43,16,59
WBGene00016744,127,211,338
WBGene00016745,8,57,65
WBGene00016746,586,5891,6477
WBGene00016747,79,100,179
WBGene00016748,61,83,144
WBGene00016749,164,1431,1595
WBGene00016750,49,540,589
WBGene00016751,173,539,712
WBGene00016752,0,14,14
WBGene00016753,21,12,33
WBGene00016754,322,2173,2495
WBGene00016755,14,11,25
WBGene00016756,28,33,61
WBGene00016757,49,107,156
WBGene00016758,48,111,159
WBGene00016759,50,126,176
WBGene00016760,19,154,173
WBGene00016761,30,76,106
WBGene00016762,34,154,188
WBGene00016763,52,658,710
WBGene00016764,110,386,496
WBGene00016765,21,19,40
WBGene00016766,6,269,275
WBGene00016767,4,76,80
WBGene00016768,85,207,292
WBGene00016769,153,562,715
WBGene00016770,5,2,7
WBGene00016772,9,15,24
WBGene00016773,38,12,50
WBGene00016775,2,0,2
WBGene00016776,8,5,13
WBGene00016777,7,3,10
WBGene00016778,21,6,27
WBGene00016779,3,10,13
WBGene00016781,33,9932,9965
WBGene00016782,2,76,78
WBGene00016783,13,43,56
WBGene00016785,23,28,51
WBGene00016786,6,9,15
WBGene00016788,231,766,997
WBGene00016789,4,8,12
WBGene00016790,717,6748,7465
WBGene00016791,36,319,355
WBGene00016792,147,988,1135
WBGene00016793,60,707,767
WBGene00016794,86,629,715
WBGene00016795,14,23,37
WBGene00016796,69,204,273
WBGene00016797,218,31,249
WBGene00016798,3,7,10
WBGene00016799,20,78,98
WBGene00016800,28,86,114
WBGene00016801,37,911,948
WBGene00016803,20,750,770
WBGene00016804,0,20,20
WBGene00016805,13,22,35
WBGene00016806,3,135,138
WBGene00016807,9,0,9
WBGene00016808,59,2226,2285
WBGene00016809,38,417,455
WBGene00016810,36,532,568
WBGene00016811,112,371,483
WBGene00016812,81,442,523
WBGene00016813,2,1,3
WBGene00016814,1,4,5
WBGene00016815,6,4,10
WBGene00016816,134,276,410
WBGene00016817,54,225,279
WBGene00016818,8,20,28
WBGene00016819,2,3,5
WBGene00016820,5,33,38
WBGene00016821,7,5,12
WBGene00016822,14,11,25
WBGene00016823,17,5,22
WBGene00016824,11,15,26
WBGene00016825,6,8,14
WBGene00016826,65,7,72
WBGene00016827,40,7,47
WBGene00016828,18,18,36
WBGene00016829,16,8,24
WBGene00016830,14,21,35
WBGene00016831,32,9,41
WBGene00016832,21,16,37
WBGene00016833,8,8,16
WBGene00016834,6,5,11
WBGene00016835,69,85,154
WBGene00016836,251,556,807
WBGene00016837,73,1270,1343
WBGene00016838,683,1513,2196
WBGene00016839,7,10,17
WBGene00016840,180,576,756
WBGene00016841,134,649,783
WBGene00016842,18,141,159
WBGene00016843,10,6,16
WBGene00016844,70,1747,1817
WBGene00016845,43,1051,1094
WBGene00016846,103,512,615
WBGene00016847,19,22,41
WBGene00016848,79,217,296
WBGene00016849,35,162,197
WBGene00016850,4,54,58
WBGene00016852,0,16,16
WBGene00016853,4,19,23
WBGene00016855,10,55,65
WBGene00016856,17,8,25
WBGene00016857,3,10,13
WBGene00016858,25,21,46
WBGene00016859,15,28,43
WBGene00016860,68,248,316
WBGene00016862,89,445,534
WBGene00016863,24,29,53
WBGene00016864,6,5,11
WBGene00016865,92,80,172
WBGene00016866,87,222,309
WBGene00016867,95,559,654
WBGene00016868,40,912,952
WBGene00016869,11,97,108
WBGene00016870,14,18,32
WBGene00016871,229,656,885
WBGene00016872,50,87,137
WBGene00016873,55,20,75
WBGene00016874,32,53,85
WBGene00016877,197,123,320
WBGene00016879,174,603,777
WBGene00016880,1,7,8
WBGene00016881,3,4,7
WBGene00016882,2,1,3
WBGene00016883,10,29,39
WBGene00016884,6,21,27
WBGene00016885,0,7,7
WBGene00016886,0,4,4
WBGene00016888,368,2070,2438
WBGene00016889,243,1529,1772
WBGene00016890,58,133,191
WBGene00016891,5,16,21
WBGene00016892,33,1090,1123
WBGene00016893,9,37,46
WBGene00016894,32,6347,6379
WBGene00016895,0,0,0
WBGene00016896,24,171,195
WBGene00016898,414,3792,4206
WBGene00016899,37,50,87
WBGene00016900,78,172,250
WBGene00016901,0,62,62
WBGene00016902,354,514,868
WBGene00016903,75,383,458
WBGene00016904,7,3,10
WBGene00016905,97,671,768
WBGene00016906,92,347,439
WBGene00016907,13,1835,1848
WBGene00016909,80,74,154
WBGene00016910,4,0,4
WBGene00016911,73,857,930
WBGene00016912,7,80,87
WBGene00016913,128,3396,3524
WBGene00016914,19,64,83
WBGene00016915,10,21,31
WBGene00016916,43,784,827
WBGene00016917,6,56,62
WBGene00016918,1723,6062,7785
WBGene00016919,329,1433,1762
WBGene00016920,45,199,244
WBGene00016921,19,16,35
WBGene00016922,7,12,19
WBGene00016923,112,1164,1276
WBGene00016924,229,320,549
WBGene00016925,19,12,31
WBGene00016926,16,16,32
WBGene00016927,16,15,31
WBGene00016928,39,30,69
WBGene00016929,10,16,26
WBGene00016930,48,137,185
WBGene00016931,43,13,56
WBGene00016932,196,61,257
WBGene00016933,35,26,61
WBGene00016934,70,1453,1523
WBGene00016935,83,224,307
WBGene00016937,39,409,448
WBGene00016938,72,60,132
WBGene00016939,21,53,74
WBGene00016940,18,2,20
WBGene00016941,10,1,11
WBGene00016942,31,77,108
WBGene00016943,840,7238,8078
WBGene00016944,40,461,501
WBGene00016945,51,102,153
WBGene00016946,3,10,13
WBGene00016947,20,97,117
WBGene00016948,10,7,17
WBGene00016949,17,14,31
WBGene00016950,6,1,7
WBGene00016951,62,52,114
WBGene00016953,40,7,47
WBGene00016954,5,4,9
WBGene00016955,108,349,457
WBGene00016956,12,4,16
WBGene00016957,417,496,913
WBGene00016958,179,1205,1384
WBGene00016959,19,11,30
WBGene00016960,37,207,244
WBGene00016961,155,3648,3803
WBGene00016962,12,41,53
WBGene00016963,9,13,22
WBGene00016964,81,494,575
WBGene00016965,56,201,257
WBGene00016966,74,435,509
WBGene00016967,12,420,432
WBGene00016968,31,139,170
WBGene00016970,688,122,810
WBGene00016971,24,327,351
WBGene00016972,30,25,55
WBGene00016973,26,26,52
WBGene00016974,25,166,191
WBGene00016975,146,495,641
WBGene00016976,111,88,199
WBGene00016977,1249,6569,7818
WBGene00016978,44,510,554
WBGene00016979,52,287,339
WBGene00016980,2,5,7
WBGene00016981,64,1817,1881
WBGene00016982,16,83,99
WBGene00016983,51,265,316
WBGene00016984,244,112,356
WBGene00016985,4,17,21
WBGene00016987,78,5998,6076
WBGene00016988,216,1618,1834
WBGene00016989,98,738,836
WBGene00016990,37,1141,1178
WBGene00016991,34,6,40
WBGene00016992,34,233,267
WBGene00016993,41,164,205
WBGene00016995,51,748,799
WBGene00016996,61,312,373
WBGene00016997,30,4459,4489
WBGene00016998,49,266,315
WBGene00016999,33,42,75
WBGene00017000,50,150,200
WBGene00017001,23,39,62
WBGene00017002,1,150,151
WBGene00017003,24,332,356
WBGene00017004,107,948,1055
WBGene00017005,0,152,152
WBGene00017006,16,4,20
WBGene00017007,110,207,317
WBGene00017009,13,92,105
WBGene00017010,41,214,255
WBGene00017011,21,605,626
WBGene00017012,150,384,534
WBGene00017013,38,135,173
WBGene00017014,30,216,246
WBGene00017015,135,107,242
WBGene00017016,808,2529,3337
WBGene00017017,125,474,599
WBGene00017018,16,62,78
WBGene00017019,22,5,27
WBGene00017020,31,37,68
WBGene00017021,2,9,11
WBGene00017022,5,33,38
WBGene00017023,18,886,904
WBGene00017024,11,28,39
WBGene00017025,148,876,1024
WBGene00017026,34,9,43
WBGene00017027,34,81,115
WBGene00017028,124,126,250
WBGene00017029,0,7,7
WBGene00017030,22,14,36
WBGene00017031,91,366,457
WBGene00017032,11,60,71
WBGene00017033,20,76,96
WBGene00017034,36,19,55
WBGene00017036,34,211,245
WBGene00017037,175,744,919
WBGene00017038,257,157,414
WBGene00017039,182,233,415
WBGene00017040,57,24,81
WBGene00017041,44,184,228
WBGene00017042,93,345,438
WBGene00017044,117,1748,1865
WBGene00017045,205,1573,1778
WBGene00017046,100,333,433
WBGene00017048,46,132,178
WBGene00017050,40,21,61
WBGene00017051,17,67,84
WBGene00017052,3,19,22
WBGene00017053,152,594,746
WBGene00017054,153,1240,1393
WBGene00017055,3,1,4
WBGene00017056,5,4,9
WBGene00017057,1,2,3
WBGene00017058,0,4,4
WBGene00017059,0,7,7
WBGene00017060,127,8847,8974
WBGene00017061,42,26,68
WBGene00017062,121,755,876
WBGene00017063,118,111,229
WBGene00017064,76,912,988
WBGene00017065,958,11300,12258
WBGene00017066,379,1319,1698
WBGene00017067,136,321,457
WBGene00017068,13,32,45
WBGene00017069,60,205,265
WBGene00017070,83,1326,1409
WBGene00017071,159,258,417
WBGene00017072,29,53,82
WBGene00017073,7,28,35
WBGene00017074,37,264,301
WBGene00017075,276,20766,21042
WBGene00017076,193,1265,1458
WBGene00017077,105,69,174
WBGene00017078,29,63,92
WBGene00017079,29,231,260
WBGene00017080,384,468,852
WBGene00017082,66,1108,1174
WBGene00017083,52,36,88
WBGene00017084,378,682,1060
WBGene00017085,223,1966,2189
WBGene00017087,51,170,221
WBGene00017088,227,1345,1572
WBGene00017089,10,106,116
WBGene00017090,19,1,20
WBGene00017091,14,18,32
WBGene00017092,5,17,22
WBGene00017093,6,10,16
WBGene00017094,3,1,4
WBGene00017095,37,22,59
WBGene00017096,0,3,3
WBGene00017097,39,4,43
WBGene00017098,516,3584,4100
WBGene00017099,0,3,3
WBGene00017100,5,15,20
WBGene00017101,37,182,219
WBGene00017102,27,32,59
WBGene00017103,8,21,29
WBGene00017104,97,4,101
WBGene00017105,16,4,20
WBGene00017106,6,81,87
WBGene00017107,12,54,66
WBGene00017108,37,165,202
WBGene00017109,48,8,56
WBGene00017110,31,9,40
WBGene00017111,86,38,124
WBGene00017112,21,83,104
WBGene00017113,14,16,30
WBGene00017114,10,3,13
WBGene00017115,15,12,27
WBGene00017116,4,12,16
WBGene00017119,362,4045,4407
WBGene00017120,60,170,230
WBGene00017121,3126,60421,63547
WBGene00017122,40,28,68
WBGene00017123,59,480,539
WBGene00017124,52,98,150
WBGene00017125,104,816,920
WBGene00017126,47,303,350
WBGene00017127,650,3180,3830
WBGene00017128,289,1918,2207
WBGene00017129,36,92,128
WBGene00017130,1,4,5
WBGene00017131,5,37,42
WBGene00017132,228,1003,1231
WBGene00017133,36,109,145
WBGene00017134,3,56,59
WBGene00017135,1,43,44
WBGene00017136,32,170,202
WBGene00017137,18,462,480
WBGene00017138,140,1162,1302
WBGene00017139,26,52,78
WBGene00017140,6,59,65
WBGene00017141,0,15,15
WBGene00017142,13,173,186
WBGene00017143,5,54,59
WBGene00017144,96,568,664
WBGene00017146,27,37,64
WBGene00017147,29,162,191
WBGene00017148,9,13,22
WBGene00017149,921,17683,18604
WBGene00017150,6,146,152
WBGene00017151,41,91,132
WBGene00017152,0,2,2
WBGene00017153,0,50,50
WBGene00017154,78,1458,1536
WBGene00017156,204,103,307
WBGene00017157,179,222,401
WBGene00017158,63,594,657
WBGene00017159,306,1637,1943
WBGene00017160,234,1718,1952
WBGene00017161,127,773,900
WBGene00017162,201,1369,1570
WBGene00017163,206,1467,1673
WBGene00017164,37,175,212
WBGene00017165,338,632,970
WBGene00017166,710,9798,10508
WBGene00017168,0,49,49
WBGene00017169,26,719,745
WBGene00017170,43,37,80
WBGene00017172,2,10,12
WBGene00017173,41,8,49
WBGene00017174,21,37,58
WBGene00017175,17,9,26
WBGene00017176,34,124,158
WBGene00017177,12,12,24
WBGene00017178,37,307,344
WBGene00017179,5,5,10
WBGene00017180,113,298,411
WBGene00017181,19,4,23
WBGene00017182,10,1,11
WBGene00017183,9,4,13
WBGene00017184,283,2193,2476
WBGene00017185,0,0,0
WBGene00017186,0,0,0
WBGene00017188,0,0,0
WBGene00017189,16,36,52
WBGene00017190,0,72,72
WBGene00017191,0,0,0
WBGene00017192,20,5,25
WBGene00017193,174,1521,1695
WBGene00017194,68,93,161
WBGene00017195,81,471,552
WBGene00017197,54,675,729
WBGene00017198,68,45,113
WBGene00017199,3,26,29
WBGene00017200,6,26,32
WBGene00017201,127,1573,1700
WBGene00017203,9,5,14
WBGene00017204,0,12,12
WBGene00017205,2,12,14
WBGene00017207,1,4,5
WBGene00017208,2,4,6
WBGene00017209,225,11,236
WBGene00017210,338,2324,2662
WBGene00017211,67,33,100
WBGene00017212,2,2,4
WBGene00017213,13,15,28
WBGene00017214,63,12,75
WBGene00017215,19,10,29
WBGene00017216,9,54,63
WBGene00017217,146,1094,1240
WBGene00017218,17,10,27
WBGene00017219,37,191,228
WBGene00017220,90,1835,1925
WBGene00017221,60,28,88
WBGene00017222,5,5,10
WBGene00017223,2,5,7
WBGene00017224,2,0,2
WBGene00017225,2,30,32
WBGene00017226,46,88,134
WBGene00017227,0,2,2
WBGene00017228,19,15,34
WBGene00017229,43,4,47
WBGene00017230,32,18,50
WBGene00017231,39,19,58
WBGene00017233,23,95,118
WBGene00017236,18,160,178
WBGene00017237,64,367,431
WBGene00017238,119,2251,2370
WBGene00017239,121,483,604
WBGene00017240,97,677,774
WBGene00017241,272,934,1206
WBGene00017243,27,12,39
WBGene00017244,325,1832,2157
WBGene00017245,133,1729,1862
WBGene00017246,575,2166,2741
WBGene00017247,311,1094,1405
WBGene00017248,14,6,20
WBGene00017249,10,14,24
WBGene00017250,14,189,203
WBGene00017251,3,17,20
WBGene00017252,1,4,5
WBGene00017253,3,11,14
WBGene00017254,0,8,8
WBGene00017255,43,75,118
WBGene00017257,18,83,101
WBGene00017258,33,26,59
WBGene00017259,2,12,14
WBGene00017260,62,216,278
WBGene00017261,84,500,584
WBGene00017262,89,477,566
WBGene00017263,11,10,21
WBGene00017264,9,4,13
WBGene00017265,13,47,60
WBGene00017266,183,837,1020
WBGene00017267,0,0,0
WBGene00017268,71,1068,1139
WBGene00017269,124,337,461
WBGene00017270,0,0,0
WBGene00017271,19,19,38
WBGene00017272,60,603,663
WBGene00017273,104,377,481
WBGene00017274,393,1393,1786
WBGene00017275,155,837,992
WBGene00017276,5,3,8
WBGene00017277,32,12,44
WBGene00017278,31,33,64
WBGene00017279,2,2,4
WBGene00017280,572,879,1451
WBGene00017281,26,24,50
WBGene00017282,16,261,277
WBGene00017283,185,1625,1810
WBGene00017284,254,638,892
WBGene00017285,39,811,850
WBGene00017286,326,1515,1841
WBGene00017287,0,32,32
WBGene00017288,3,79,82
WBGene00017289,10,731,741
WBGene00017290,14,81,95
WBGene00017291,57,300,357
WBGene00017292,136,1153,1289
WBGene00017293,17,412,429
WBGene00017294,80,325,405
WBGene00017295,68,34,102
WBGene00017296,47,45,92
WBGene00017297,213,5631,5844
WBGene00017298,244,1210,1454
WBGene00017299,113,515,628
WBGene00017300,297,2067,2364
WBGene00017301,153,8147,8300
WBGene00017302,131,185,316
WBGene00017303,505,3693,4198
WBGene00017304,69,1317,1386
WBGene00017305,4,12,16
WBGene00017306,82,335,417
WBGene00017307,15,78,93
WBGene00017308,17,28,45
WBGene00017309,78,57,135
WBGene00017310,93,308,401
WBGene00017311,40,1643,1683
WBGene00017312,38,171,209
WBGene00017313,156,845,1001
WBGene00017314,113,533,646
WBGene00017315,8,12,20
WBGene00017316,100,282,382
WBGene00017317,1500,6702,8202
WBGene00017319,417,2238,2655
WBGene00017320,53,93,146
WBGene00017321,18,1191,1209
WBGene00017322,37,93,130
WBGene00017323,2,18,20
WBGene00017324,0,12,12
WBGene00017325,25,5,30
WBGene00017326,45,203,248
WBGene00017327,52,62,114
WBGene00017328,23,405,428
WBGene00017329,18,116,134
WBGene00017330,25,12,37
WBGene00017331,32,166,198
WBGene00017332,273,696,969
WBGene00017333,4,5,9
WBGene00017334,17,37,54
WBGene00017335,29,162,191
WBGene00017336,51,230,281
WBGene00017338,190,249,439
WBGene00017339,87,213,300
WBGene00017340,14,63,77
WBGene00017341,20,9,29
WBGene00017342,304,561,865
WBGene00017343,29,7,36
WBGene00017344,105,594,699
WBGene00017347,50,2907,2957
WBGene00017348,4,566,570
WBGene00017349,71,1582,1653
WBGene00017350,151,827,978
WBGene00017351,5,23,28
WBGene00017352,0,28,28
WBGene00017353,53,281,334
WBGene00017354,35,15,50
WBGene00017355,34,440,474
WBGene00017356,262,1116,1378
WBGene00017357,101,746,847
WBGene00017358,518,238,756
WBGene00017359,0,28,28
WBGene00017360,0,188,188
WBGene00017361,7,150,157
WBGene00017362,245,2195,2440
WBGene00017363,86,1429,1515
WBGene00017364,1,42,43
WBGene00017365,0,2,2
WBGene00017366,89,42,131
WBGene00017367,10,94,104
WBGene00017369,39,610,649
WBGene00017371,18,24,42
WBGene00017372,131,1603,1734
WBGene00017373,165,882,1047
WBGene00017374,661,4826,5487
WBGene00017375,82,173,255
WBGene00017376,752,6442,7194
WBGene00017378,26,31,57
WBGene00017379,277,2595,2872
WBGene00017380,344,680,1024
WBGene00017381,170,402,572
WBGene00017382,8,7,15
WBGene00017383,11,5,16
WBGene00017384,38,13,51
WBGene00017385,50,663,713
WBGene00017386,0,130,130
WBGene00017387,2,7,9
WBGene00017388,2,5,7
WBGene00017389,335,324,659
WBGene00017390,37,583,620
WBGene00017393,14,16,30
WBGene00017394,144,414,558
WBGene00017395,3,7,10
WBGene00017396,28,16,44
WBGene00017397,47,237,284
WBGene00017398,38,145,183
WBGene00017399,56,22,78
WBGene00017400,94,169,263
WBGene00017401,0,4,4
WBGene00017402,7,4,11
WBGene00017403,24,5,29
WBGene00017405,3,4,7
WBGene00017406,2,1,3
WBGene00017407,6,2,8
WBGene00017408,1,6,7
WBGene00017410,5,4,9
WBGene00017411,45,131,176
WBGene00017412,33,13,46
WBGene00017413,27,16,43
WBGene00017414,3,1,4
WBGene00017416,3,62,65
WBGene00017417,26,106,132
WBGene00017418,320,2242,2562
WBGene00017419,158,1660,1818
WBGene00017420,66,110,176
WBGene00017421,203,263,466
WBGene00017422,92,165,257
WBGene00017423,339,3290,3629
WBGene00017424,37,54,91
WBGene00017426,408,3057,3465
WBGene00017427,57,187,244
WBGene00017428,396,3170,3566
WBGene00017429,152,231,383
WBGene00017430,172,1571,1743
WBGene00017431,115,634,749
WBGene00017433,44,110,154
WBGene00017434,41,293,334
WBGene00017435,145,1052,1197
WBGene00017436,14,92,106
WBGene00017437,33,167,200
WBGene00017438,19,20,39
WBGene00017439,32,104,136
WBGene00017440,1555,14698,16253
WBGene00017441,41,100,141
WBGene00017442,30,174,204
WBGene00017443,17,122,139
WBGene00017444,13,5,18
WBGene00017445,146,948,1094
WBGene00017446,7,12,19
WBGene00017447,53,280,333
WBGene00017448,83,557,640
WBGene00017449,64,126,190
WBGene00017450,8,47,55
WBGene00017451,9,8,17
WBGene00017452,129,40,169
WBGene00017453,8,15,23
WBGene00017454,10,6,16
WBGene00017455,14,6,20
WBGene00017456,33,25,58
WBGene00017459,16,102,118
WBGene00017460,5,71,76
WBGene00017461,12,48,60
WBGene00017462,8,142,150
WBGene00017463,63,120,183
WBGene00017464,48,118,166
WBGene00017465,8,24,32
WBGene00017466,33,47,80
WBGene00017467,23,210,233
WBGene00017468,20,31,51
WBGene00017469,55,46,101
WBGene00017470,11,8,19
WBGene00017471,30,322,352
WBGene00017472,180,960,1140
WBGene00017473,4,49,53
WBGene00017474,7,21,28
WBGene00017475,3,8,11
WBGene00017476,5,11,16
WBGene00017477,32,185,217
WBGene00017478,124,493,617
WBGene00017480,122,760,882
WBGene00017481,6,50,56
WBGene00017482,52,302,354
WBGene00017483,12,26,38
WBGene00017484,65,2242,2307
WBGene00017485,43,584,627
WBGene00017486,0,92,92
WBGene00017487,58,146,204
WBGene00017488,54,666,720
WBGene00017489,70,67,137
WBGene00017490,0,0,0
WBGene00017491,0,2,2
WBGene00017492,2,2,4
WBGene00017493,21,12,33
WBGene00017497,35,3,38
WBGene00017498,14,328,342
WBGene00017499,0,0,0
WBGene00017500,0,0,0
WBGene00017501,17,460,477
WBGene00017502,0,102,102
WBGene00017503,73,175,248
WBGene00017504,49,46,95
WBGene00017506,146,1878,2024
WBGene00017507,139,184,323
WBGene00017508,16,117,133
WBGene00017509,26,95,121
WBGene00017510,95,172,267
WBGene00017511,28,25,53
WBGene00017512,38,248,286
WBGene00017513,206,632,838
WBGene00017514,72,574,646
WBGene00017515,46,160,206
WBGene00017516,3,7,10
WBGene00017517,9,2,11
WBGene00017518,40,0,40
WBGene00017519,7,6,13
WBGene00017520,12,3,15
WBGene00017521,4,1,5
WBGene00017522,2,3,5
WBGene00017523,21,6,27
WBGene00017524,12,13,25
WBGene00017525,11,5,16
WBGene00017526,13,2,15
WBGene00017527,4,5,9
WBGene00017528,14,8,22
WBGene00017530,111,175,286
WBGene00017532,2,7,9
WBGene00017534,136,758,894
WBGene00017535,37,137,174
WBGene00017536,37,519,556
WBGene00017537,16,125,141
WBGene00017538,17,53,70
WBGene00017539,5,4,9
WBGene00017540,1,0,1
WBGene00017541,12,5,17
WBGene00017542,0,5,5
WBGene00017543,21,27,48
WBGene00017544,10,23,33
WBGene00017545,26,86,112
WBGene00017546,169,1869,2038
WBGene00017547,41,321,362
WBGene00017548,38,136,174
WBGene00017549,73,276,349
WBGene00017550,17,40,57
WBGene00017551,4,3,7
WBGene00017552,19,2,21
WBGene00017553,50,17,67
WBGene00017554,31,13,44
WBGene00017555,32,8,40
WBGene00017556,18,10,28
WBGene00017557,59,474,533
WBGene00017559,9,6,15
WBGene00017560,6,7,13
WBGene00017562,18,13,31
WBGene00017563,76,715,791
WBGene00017564,9,13,22
WBGene00017565,2568,2772,5340
WBGene00017566,12,4,16
WBGene00017567,0,1172,1172
WBGene00017568,43,341,384
WBGene00017569,79,372,451
WBGene00017570,114,151,265
WBGene00017571,57,793,850
WBGene00017573,22,14,36
WBGene00017574,26,136,162
WBGene00017576,373,81,454
WBGene00017577,27,9,36
WBGene00017578,91,45,136
WBGene00017579,28,35,63
WBGene00017580,152,132,284
WBGene00017581,11,11,22
WBGene00017582,72,706,778
WBGene00017583,64,639,703
WBGene00017584,2,4,6
WBGene00017585,9,1,10
WBGene00017586,32,32,64
WBGene00017587,9,5,14
WBGene00017588,3,2,5
WBGene00017589,21,73,94
WBGene00017590,21,6,27
WBGene00017591,275,2686,2961
WBGene00017592,15,30,45
WBGene00017593,31,28,59
WBGene00017594,22,36,58
WBGene00017595,3,10,13
WBGene00017596,1,1,2
WBGene00017597,498,433,931
WBGene00017598,8,7,15
WBGene00017599,3,320,323
WBGene00017600,178,1056,1234
WBGene00017601,14,8,22
WBGene00017603,5,0,5
WBGene00017604,17,0,17
WBGene00017605,823,4811,5634
WBGene00017606,30,360,390
WBGene00017607,70,407,477
WBGene00017608,198,492,690
WBGene00017609,0,7,7
WBGene00017610,8,4,12
WBGene00017611,36,23,59
WBGene00017612,0,22,22
WBGene00017613,1514,23769,25283
WBGene00017614,32,39,71
WBGene00017615,19,30,49
WBGene00017616,40,123,163
WBGene00017618,269,276,545
WBGene00017619,6,5,11
WBGene00017620,121,481,602
WBGene00017621,114,1677,1791
WBGene00017625,161,34,195
WBGene00017627,48,8,56
WBGene00017628,138,221,359
WBGene00017629,4,8,12
WBGene00017630,4,0,4
WBGene00017631,16,4,20
WBGene00017632,46,55,101
WBGene00017633,21,14,35
WBGene00017634,8,12,20
WBGene00017635,111,67,178
WBGene00017636,9,7,16
WBGene00017637,62,400,462
WBGene00017638,0,1,1
WBGene00017639,248,638,886
WBGene00017640,118,565,683
WBGene00017641,52,289,341
WBGene00017642,169,1249,1418
WBGene00017643,89,798,887
WBGene00017644,462,1556,2018
WBGene00017645,20,32,52
WBGene00017646,93,311,404
WBGene00017647,59,56,115
WBGene00017648,7,26,33
WBGene00017650,6,45,51
WBGene00017651,53,61,114
WBGene00017652,9,9,18
WBGene00017653,303,1630,1933
WBGene00017654,17,36,53
WBGene00017655,0,1,1
WBGene00017656,4,21,25
WBGene00017657,586,3718,4304
WBGene00017658,29,234,263
WBGene00017659,81,1623,1704
WBGene00017660,49,149,198
WBGene00017661,21,173,194
WBGene00017662,2,10,12
WBGene00017663,116,1965,2081
WBGene00017664,40,43,83
WBGene00017666,51,38,89
WBGene00017667,41,323,364
WBGene00017668,5,5,10
WBGene00017670,14,1,15
WBGene00017671,323,6626,6949
WBGene00017672,4,2,6
WBGene00017673,5,38,43
WBGene00017674,18,82,100
WBGene00017675,254,3485,3739
WBGene00017676,98,817,915
WBGene00017678,40,194,234
WBGene00017679,3,11,14
WBGene00017681,27,216,243
WBGene00017683,50,455,505
WBGene00017684,0,1,1
WBGene00017685,6,5,11
WBGene00017686,97,1017,1114
WBGene00017687,30,184,214
WBGene00017688,71,744,815
WBGene00017690,229,187,416
WBGene00017691,976,7184,8160
WBGene00017692,33,87,120
WBGene00017693,11,5,16
WBGene00017694,10,6,16
WBGene00017695,20,9,29
WBGene00017696,35,476,511
WBGene00017698,271,2264,2535
WBGene00017699,956,2661,3617
WBGene00017700,31,33,64
WBGene00017701,27,67,94
WBGene00017702,56,308,364
WBGene00017703,100,37,137
WBGene00017704,6,0,6
WBGene00017705,4,5,9
WBGene00017706,6,24,30
WBGene00017707,14,3,17
WBGene00017708,31,127,158
WBGene00017709,115,18,133
WBGene00017710,10,8,18
WBGene00017711,25,390,415
WBGene00017712,0,14,14
WBGene00017713,1,1,2
WBGene00017714,9,99,108
WBGene00017715,31,171,202
WBGene00017716,24,21,45
WBGene00017717,21,104,125
WBGene00017718,4,71,75
WBGene00017719,428,3120,3548
WBGene00017720,114,120,234
WBGene00017721,31,48,79
WBGene00017722,14,13,27
WBGene00017723,82,34,116
WBGene00017724,264,739,1003
WBGene00017725,3,2,5
WBGene00017726,316,1464,1780
WBGene00017727,0,6810,6810
WBGene00017730,25,54,79
WBGene00017732,84,299,383
WBGene00017733,146,656,802
WBGene00017734,138,7718,7856
WBGene00017735,406,3182,3588
WBGene00017736,10,43,53
WBGene00017737,21,8,29
WBGene00017738,65,391,456
WBGene00017741,148,581,729
WBGene00017742,116,523,639
WBGene00017743,6,9,15
WBGene00017744,46,286,332
WBGene00017745,102,645,747
WBGene00017746,206,624,830
WBGene00017747,19,104,123
WBGene00017748,83,966,1049
WBGene00017749,78,663,741
WBGene00017750,55,172,227
WBGene00017751,178,95,273
WBGene00017752,2,11,13
WBGene00017754,74,161,235
WBGene00017755,612,888,1500
WBGene00017756,192,1587,1779
WBGene00017757,48,1092,1140
WBGene00017758,77,297,374
WBGene00017759,10,1342,1352
WBGene00017760,94,1145,1239
WBGene00017761,213,103,316
WBGene00017762,234,228,462
WBGene00017763,179,919,1098
WBGene00017764,9,24,33
WBGene00017765,111,2208,2319
WBGene00017766,44,461,505
WBGene00017767,45,271,316
WBGene00017768,113,1038,1151
WBGene00017769,89,894,983
WBGene00017770,101,949,1050
WBGene00017771,59,216,275
WBGene00017772,371,3206,3577
WBGene00017773,129,1116,1245
WBGene00017774,34,313,347
WBGene00017775,176,2002,2178
WBGene00017776,62,595,657
WBGene00017777,20,1993,2013
WBGene00017778,193,1205,1398
WBGene00017779,94,219,313
WBGene00017780,71,132,203
WBGene00017781,221,842,1063
WBGene00017782,60,343,403
WBGene00017783,12,51,63
WBGene00017784,2,5,7
WBGene00017785,3,37,40
WBGene00017786,21,107,128
WBGene00017787,6,50,56
WBGene00017788,4,28,32
WBGene00017789,0,1310,1310
WBGene00017790,3,56,59
WBGene00017791,0,16,16
WBGene00017792,23,148,171
WBGene00017794,111,55,166
WBGene00017795,259,423,682
WBGene00017796,0,90,90
WBGene00017797,261,1000,1261
WBGene00017798,59,183,242
WBGene00017799,30,883,913
WBGene00017800,56,622,678
WBGene00017801,103,616,719
WBGene00017802,9,12,21
WBGene00017803,13,37,50
WBGene00017804,2,41,43
WBGene00017805,20,5,25
WBGene00017806,15,70,85
WBGene00017807,45,18,63
WBGene00017808,0,22,22
WBGene00017809,12,8,20
WBGene00017810,1,4,5
WBGene00017811,31,593,624
WBGene00017812,95,415,510
WBGene00017813,0,625,625
WBGene00017814,61,66,127
WBGene00017815,365,225,590
WBGene00017816,31,870,901
WBGene00017817,9,6,15
WBGene00017818,443,1048,1491
WBGene00017819,22,7,29
WBGene00017821,24,14,38
WBGene00017822,5,7,12
WBGene00017823,8,99,107
WBGene00017824,24,8,32
WBGene00017825,66,519,585
WBGene00017826,85,531,616
WBGene00017827,49,220,269
WBGene00017828,28,543,571
WBGene00017829,265,691,956
WBGene00017830,38,2105,2143
WBGene00017831,54,238,292
WBGene00017832,42,336,378
WBGene00017833,72,220,292
WBGene00017834,493,4638,5131
WBGene00017835,11,46,57
WBGene00017836,25,203,228
WBGene00017837,72,479,551
WBGene00017838,275,1485,1760
WBGene00017839,0,0,0
WBGene00017840,56,149,205
WBGene00017841,7,35,42
WBGene00017842,92,194,286
WBGene00017843,2,7,9
WBGene00017845,5,16,21
WBGene00017848,2,22,24
WBGene00017850,256,1116,1372
WBGene00017851,1,3,4
WBGene00017852,121,2523,2644
WBGene00017853,15,9,24
WBGene00017854,0,80,80
WBGene00017855,483,1701,2184
WBGene00017858,117,145,262
WBGene00017860,49,12,61
WBGene00017861,59,180,239
WBGene00017862,0,7,7
WBGene00017863,9,1,10
WBGene00017864,1104,10069,11173
WBGene00017865,0,23,23
WBGene00017866,0,996,996
WBGene00017867,8,9,17
WBGene00017868,45,55,100
WBGene00017869,12,2,14
WBGene00017871,5,5,10
WBGene00017872,4,10,14
WBGene00017873,2,9,11
WBGene00017874,361,3455,3816
WBGene00017875,3,24,27
WBGene00017876,0,5,5
WBGene00017879,59,129,188
WBGene00017880,39,283,322
WBGene00017881,24,95,119
WBGene00017885,300,1158,1458
WBGene00017886,31,205,236
WBGene00017887,64,756,820
WBGene00017888,105,496,601
WBGene00017889,136,1950,2086
WBGene00017890,3,19,22
WBGene00017891,165,351,516
WBGene00017892,377,2170,2547
WBGene00017893,24,116,140
WBGene00017894,27,777,804
WBGene00017895,47,719,766
WBGene00017896,3,24,27
WBGene00017898,100,186,286
WBGene00017899,14,3,17
WBGene00017900,428,1587,2015
WBGene00017901,179,793,972
WBGene00017902,7,17,24
WBGene00017904,385,666,1051
WBGene00017905,31,726,757
WBGene00017906,45,60,105
WBGene00017907,232,437,669
WBGene00017908,0,127,127
WBGene00017909,40,512,552
WBGene00017910,36,5,41
WBGene00017911,6,6,12
WBGene00017912,37,2,39
WBGene00017913,0,5,5
WBGene00017914,57,383,440
WBGene00017915,5,2,7
WBGene00017916,139,524,663
WBGene00017918,3,2,5
WBGene00017919,35,244,279
WBGene00017920,164,1780,1944
WBGene00017921,79,1125,1204
WBGene00017922,10,6,16
WBGene00017923,40,881,921
WBGene00017924,106,883,989
WBGene00017925,2578,22523,25101
WBGene00017926,2234,34760,36994
WBGene00017927,9,1,10
WBGene00017928,40,667,707
WBGene00017929,1527,1060,2587
WBGene00017930,1,206,207
WBGene00017931,115,397,512
WBGene00017933,20,8,28
WBGene00017934,106,386,492
WBGene00017935,1,3,4
WBGene00017936,94,216,310
WBGene00017937,18,43,61
WBGene00017938,9,161,170
WBGene00017939,57,161,218
WBGene00017942,5,1,6
WBGene00017944,21,6,27
WBGene00017945,36,55,91
WBGene00017947,56,141,197
WBGene00017948,60,213,273
WBGene00017949,20,56,76
WBGene00017950,96,534,630
WBGene00017951,49,478,527
WBGene00017952,391,892,1283
WBGene00017953,14,13,27
WBGene00017954,22,361,383
WBGene00017955,11,6,17
WBGene00017957,18,41,59
WBGene00017959,24,51,75
WBGene00017960,35,63,98
WBGene00017961,23,100,123
WBGene00017962,28,45,73
WBGene00017963,19,5,24
WBGene00017964,0,1045,1045
WBGene00017965,37,59,96
WBGene00017966,59,7,66
WBGene00017967,141,1080,1221
WBGene00017968,113,539,652
WBGene00017969,67,765,832
WBGene00017970,187,4749,4936
WBGene00017971,76,343,419
WBGene00017973,320,477,797
WBGene00017974,41,201,242
WBGene00017975,6,10,16
WBGene00017976,116,411,527
WBGene00017977,3,103,106
WBGene00017978,0,13,13
WBGene00017979,132,2874,3006
WBGene00017980,258,1457,1715
WBGene00017981,97,452,549
WBGene00017982,1368,9461,10829
WBGene00017983,194,255,449
WBGene00017984,58,11884,11942
WBGene00017985,27,316,343
WBGene00017986,9,75,84
WBGene00017987,13,6,19
WBGene00017988,13,1412,1425
WBGene00017989,53,768,821
WBGene00017990,78,715,793
WBGene00017991,49,113,162
WBGene00017992,121,239,360
WBGene00017993,183,4471,4654
WBGene00017995,488,1890,2378
WBGene00017996,75,758,833
WBGene00017997,395,2163,2558
WBGene00017998,41,57,98
WBGene00017999,178,2155,2333
WBGene00018000,10,5,15
WBGene00018001,12,3,15
WBGene00018002,50,76,126
WBGene00018003,20,5,25
WBGene00018004,26,11,37
WBGene00018005,125,470,595
WBGene00018006,82,355,437
WBGene00018007,20,866,886
WBGene00018008,62,1581,1643
WBGene00018009,65,449,514
WBGene00018010,22,72,94
WBGene00018011,42,360,402
WBGene00018013,133,359,492
WBGene00018014,79,132,211
WBGene00018015,35,202,237
WBGene00018016,52,143,195
WBGene00018017,46,1097,1143
WBGene00018018,65,1048,1113
WBGene00018019,0,0,0
WBGene00018020,0,1,1
WBGene00018021,6,18,24
WBGene00018022,24,40,64
WBGene00018023,78,135,213
WBGene00018024,208,4317,4525
WBGene00018025,96,1162,1258
WBGene00018026,63,36,99
WBGene00018027,22,18,40
WBGene00018028,11,7,18
WBGene00018030,6,0,6
WBGene00018031,2,22,24
WBGene00018033,1136,2096,3232
WBGene00018034,30,3,33
WBGene00018035,16,39,55
WBGene00018036,31,136,167
WBGene00018037,74,119,193
WBGene00018038,34,0,34
WBGene00018039,23,10,33
WBGene00018040,6,42,48
WBGene00018041,34,58,92
WBGene00018042,25,126,151
WBGene00018043,58,227,285
WBGene00018044,28,176,204
WBGene00018045,3,815,818
WBGene00018046,93,2580,2673
WBGene00018047,2,20,22
WBGene00018048,9,5,14
WBGene00018049,4,2,6
WBGene00018050,24,53,77
WBGene00018051,228,798,1026
WBGene00018052,46,112,158
WBGene00018053,9,7,16
WBGene00018054,24,8,32
WBGene00018055,6,26,32
WBGene00018056,18,7,25
WBGene00018057,17,13,30
WBGene00018058,17,6,23
WBGene00018060,51,489,540
WBGene00018061,55,245,300
WBGene00018062,8,5,13
WBGene00018063,2,2,4
WBGene00018064,167,924,1091
WBGene00018065,7,15,22
WBGene00018066,6,10,16
WBGene00018067,61,134,195
WBGene00018068,8,592,600
WBGene00018069,97,360,457
WBGene00018070,31,134,165
WBGene00018071,29,312,341
WBGene00018072,71,275,346
WBGene00018073,31,443,474
WBGene00018074,99,382,481
WBGene00018075,241,607,848
WBGene00018076,61,165,226
WBGene00018077,4,105,109
WBGene00018078,164,340,504
WBGene00018080,3,4,7
WBGene00018081,3,9,12
WBGene00018082,4,5,9
WBGene00018083,2,3,5
WBGene00018084,19,29,48
WBGene00018085,2,103,105
WBGene00018086,3,1,4
WBGene00018087,48,58,106
WBGene00018088,118,277,395
WBGene00018089,64,235,299
WBGene00018090,170,962,1132
WBGene00018091,10,15,25
WBGene00018092,24,16,40
WBGene00018093,22,10,32
WBGene00018094,37,12,49
WBGene00018096,5,5,10
WBGene00018097,11,3,14
WBGene00018098,2,10,12
WBGene00018099,3,38,41
WBGene00018100,0,27,27
WBGene00018101,41,61,102
WBGene00018102,14,5,19
WBGene00018103,0,7,7
WBGene00018104,1,4,5
WBGene00018105,3,2,5
WBGene00018106,0,1,1
WBGene00018107,0,4,4
WBGene00018108,2,35,37
WBGene00018110,37,6,43
WBGene00018111,54,10,64
WBGene00018112,46,167,213
WBGene00018113,39,30,69
WBGene00018114,74,29,103
WBGene00018115,61,274,335
WBGene00018117,51,1366,1417
WBGene00018118,14,63,77
WBGene00018119,33,72,105
WBGene00018120,5,0,5
WBGene00018121,6,25,31
WBGene00018122,0,9,9
WBGene00018123,0,1,1
WBGene00018124,0,0,0
WBGene00018130,122,10,132
WBGene00018131,160,848,1008
WBGene00018132,186,1436,1622
WBGene00018133,13,44,57
WBGene00018134,24,26,50
WBGene00018135,3,14,17
WBGene00018136,9,182,191
WBGene00018137,16,171,187
WBGene00018138,178,1254,1432
WBGene00018139,21,14,35
WBGene00018140,40,185,225
WBGene00018141,13,12,25
WBGene00018142,16,42,58
WBGene00018143,14,16,30
WBGene00018144,128,555,683
WBGene00018145,558,4009,4567
WBGene00018146,25,172,197
WBGene00018148,50,11,61
WBGene00018149,202,560,762
WBGene00018150,61,446,507
WBGene00018151,682,3313,3995
WBGene00018152,44,1412,1456
WBGene00018153,14,139,153
WBGene00018154,2254,1165,3419
WBGene00018155,7,22,29
WBGene00018156,187,1455,1642
WBGene00018157,49,54,103
WBGene00018158,8,2,10
WBGene00018159,543,1983,2526
WBGene00018160,46,582,628
WBGene00018161,65,1069,1134
WBGene00018162,1,0,1
WBGene00018163,4,1,5
WBGene00018164,3,1471,1474
WBGene00018165,5,7,12
WBGene00018166,31,169,200
WBGene00018167,11,85,96
WBGene00018168,18,12,30
WBGene00018169,4,7,11
WBGene00018170,44,381,425
WBGene00018172,27,14,41
WBGene00018173,63,97,160
WBGene00018174,48,75,123
WBGene00018175,165,250,415
WBGene00018176,38,10,48
WBGene00018178,21,4,25
WBGene00018179,15,21,36
WBGene00018180,47,33,80
WBGene00018181,43,943,986
WBGene00018182,10,15,25
WBGene00018183,25,30,55
WBGene00018184,17,92,109
WBGene00018186,0,36,36
WBGene00018187,1447,4178,5625
WBGene00018188,198,862,1060
WBGene00018189,71,31,102
WBGene00018190,16,12,28
WBGene00018191,50,120,170
WBGene00018192,0,72,72
WBGene00018193,151,1913,2064
WBGene00018195,11,51,62
WBGene00018196,50,14,64
WBGene00018198,33,48,81
WBGene00018200,7,37,44
WBGene00018201,2,40,42
WBGene00018202,3,6,9
WBGene00018203,1,10,11
WBGene00018204,116,248,364
WBGene00018205,9,2,11
WBGene00018206,25,227,252
WBGene00018207,25,20,45
WBGene00018208,38,1073,1111
WBGene00018209,31,22,53
WBGene00018210,37,211,248
WBGene00018211,62,24,86
WBGene00018212,48,161,209
WBGene00018213,30,62,92
WBGene00018214,326,2207,2533
WBGene00018215,58,161,219
WBGene00018216,272,425,697
WBGene00018217,393,801,1194
WBGene00018218,45,2524,2569
WBGene00018219,82,427,509
WBGene00018221,916,6571,7487
WBGene00018222,54,147,201
WBGene00018223,19,34,53
WBGene00018226,61,428,489
WBGene00018227,18,37,55
WBGene00018228,0,4,4
WBGene00018229,0,0,0
WBGene00018230,25,658,683
WBGene00018231,3,14,17
WBGene00018232,243,38,281
WBGene00018233,0,3,3
WBGene00018234,1,12,13
WBGene00018235,22,30,52
WBGene00018236,2,28,30
WBGene00018237,303,2058,2361
WBGene00018238,92,789,881
WBGene00018239,65,338,403
WBGene00018240,260,1345,1605
WBGene00018241,21,42,63
WBGene00018242,6,7,13
WBGene00018243,1,4,5
WBGene00018244,5,1,6
WBGene00018245,5,17,22
WBGene00018246,1,1,2
WBGene00018247,20,3,23
WBGene00018248,9,4,13
WBGene00018249,178,2298,2476
WBGene00018250,62,495,557
WBGene00018251,31,195,226
WBGene00018252,12,137,149
WBGene00018253,19,44,63
WBGene00018254,8,19,27
WBGene00018255,78,48,126
WBGene00018256,33,22,55
WBGene00018257,187,1886,2073
WBGene00018258,129,614,743
WBGene00018259,102,628,730
WBGene00018260,37,186,223
WBGene00018261,27,98,125
WBGene00018262,12,56,68
WBGene00018264,3,46,49
WBGene00018265,145,421,566
WBGene00018266,29,477,506
WBGene00018267,15,5,20
WBGene00018268,20,498,518
WBGene00018269,98,525,623
WBGene00018270,38,858,896
WBGene00018271,511,58160,58671
WBGene00018272,40,171,211
WBGene00018273,111,118,229
WBGene00018274,104,331,435
WBGene00018275,67,140,207
WBGene00018276,13,8,21
WBGene00018277,0,0,0
WBGene00018278,2,0,2
WBGene00018279,1,11,12
WBGene00018280,29,33,62
WBGene00018281,63,295,358
WBGene00018282,83,310,393
WBGene00018283,39,39,78
WBGene00018284,5,7,12
WBGene00018285,692,3482,4174
WBGene00018286,38,144,182
WBGene00018288,25,354,379
WBGene00018289,41,0,41
WBGene00018290,133,3072,3205
WBGene00018291,4,23,27
WBGene00018292,11,4,15
WBGene00018293,56,173,229
WBGene00018294,57,2065,2122
WBGene00018295,26,44,70
WBGene00018296,0,21,21
WBGene00018297,0,84,84
WBGene00018298,416,5021,5437
WBGene00018299,30,30,60
WBGene00018300,24,55,79
WBGene00018301,21,16,37
WBGene00018302,12,140,152
WBGene00018303,351,2520,2871
WBGene00018304,284,611,895
WBGene00018305,185,1012,1197
WBGene00018307,48,103,151
WBGene00018308,0,17,17
WBGene00018309,0,6,6
WBGene00018310,59,95,154
WBGene00018311,66,458,524
WBGene00018312,21,7,28
WBGene00018313,30,20,50
WBGene00018314,5,19,24
WBGene00018315,63,40,103
WBGene00018316,52,737,789
WBGene00018317,101,1163,1264
WBGene00018318,1,202,203
WBGene00018319,384,1010,1394
WBGene00018321,13,201,214
WBGene00018322,0,9,9
WBGene00018323,38,6,44
WBGene00018324,0,1,1
WBGene00018327,6,14,20
WBGene00018328,173,458,631
WBGene00018330,84,491,575
WBGene00018332,10,12,22
WBGene00018333,1,55,56
WBGene00018334,50,221,271
WBGene00018335,137,474,611
WBGene00018336,2,2,4
WBGene00018337,97,319,416
WBGene00018338,19,72,91
WBGene00018339,62,2425,2487
WBGene00018340,96,2411,2507
WBGene00018341,55,2710,2765
WBGene00018342,201,820,1021
WBGene00018343,22,472,494
WBGene00018344,95,221,316
WBGene00018345,49,13,62
WBGene00018346,43,148,191
WBGene00018347,24,20,44
WBGene00018348,60,240,300
WBGene00018349,134,2240,2374
WBGene00018350,81,473,554
WBGene00018351,77,53,130
WBGene00018352,7,12,19
WBGene00018353,39,35,74
WBGene00018354,35,21,56
WBGene00018355,24,85,109
WBGene00018356,124,887,1011
WBGene00018357,49,464,513
WBGene00018358,84,8,92
WBGene00018359,39,6,45
WBGene00018360,23,6,29
WBGene00018361,1724,8463,10187
WBGene00018362,19,2756,2775
WBGene00018363,75,1040,1115
WBGene00018364,96,139,235
WBGene00018365,14,109,123
WBGene00018366,63,377,440
WBGene00018367,138,743,881
WBGene00018369,150,509,659
WBGene00018370,176,815,991
WBGene00018371,33,389,422
WBGene00018373,359,918,1277
WBGene00018374,142,271,413
WBGene00018375,37,72,109
WBGene00018376,313,4133,4446
WBGene00018377,48,11,59
WBGene00018378,17,9,26
WBGene00018379,14,15,29
WBGene00018380,7,21,28
WBGene00018381,96,8,104
WBGene00018383,11,77,88
WBGene00018384,11,20,31
WBGene00018385,11,11,22
WBGene00018386,17,161,178
WBGene00018387,13,23,36
WBGene00018388,545,6,551
WBGene00018389,13,10,23
WBGene00018390,22,309,331
WBGene00018391,59,1508,1567
WBGene00018392,102,376,478
WBGene00018393,4,1467,1471
WBGene00018394,25,47,72
WBGene00018395,133,6991,7124
WBGene00018397,33,6,39
WBGene00018398,128,636,764
WBGene00018399,40,335,375
WBGene00018400,81,368,449
WBGene00018402,39,251,290
WBGene00018403,131,68,199
WBGene00018404,22,13,35
WBGene00018405,479,1920,2399
WBGene00018406,24,7,31
WBGene00018407,597,3021,3618
WBGene00018408,167,531,698
WBGene00018409,43,909,952
WBGene00018410,8,6,14
WBGene00018411,41,25,66
WBGene00018412,44,33,77
WBGene00018413,21,110,131
WBGene00018414,34,29,63
WBGene00018415,9,125,134
WBGene00018417,237,954,1191
WBGene00018418,28,378,406
WBGene00018419,130,549,679
WBGene00018420,138,1035,1173
WBGene00018421,18,770,788
WBGene00018422,26,1257,1283
WBGene00018423,71,183,254
WBGene00018424,2,350,352
WBGene00018425,3,5,8
WBGene00018426,93,2586,2679
WBGene00018427,10,478,488
WBGene00018428,5,13,18
WBGene00018429,17,27,44
WBGene00018430,57,121,178
WBGene00018431,20,1199,1219
WBGene00018432,4,11,15
WBGene00018433,2,19,21
WBGene00018434,15,23,38
WBGene00018435,5,12,17
WBGene00018436,0,0,0
WBGene00018437,2,10,12
WBGene00018438,5,13,18
WBGene00018439,2,10,12
WBGene00018440,4,2,6
WBGene00018441,0,7,7
WBGene00018442,18,4,22
WBGene00018443,3,6,9
WBGene00018444,9,26,35
WBGene00018445,0,31,31
WBGene00018446,17,30,47
WBGene00018447,8,8,16
WBGene00018452,0,11,11
WBGene00018455,4,33,37
WBGene00018456,18,15,33
WBGene00018457,0,3,3
WBGene00018458,1,13,14
WBGene00018459,0,18,18
WBGene00018460,0,0,0
WBGene00018461,0,0,0
WBGene00018462,77,333,410
WBGene00018463,0,4,4
WBGene00018465,70,273,343
WBGene00018466,50,162,212
WBGene00018467,147,361,508
WBGene00018468,613,3780,4393
WBGene00018470,101,311,412
WBGene00018471,21,28,49
WBGene00018472,109,186,295
WBGene00018473,32,102,134
WBGene00018474,64,438,502
WBGene00018475,349,5008,5357
WBGene00018476,35,190,225
WBGene00018477,8,30,38
WBGene00018478,36,60,96
WBGene00018479,16,15,31
WBGene00018480,22,16,38
WBGene00018481,137,850,987
WBGene00018482,248,1357,1605
WBGene00018483,46,209,255
WBGene00018484,36,18,54
WBGene00018485,463,1298,1761
WBGene00018486,38,150,188
WBGene00018487,51,84,135
WBGene00018488,136,860,996
WBGene00018489,5,16,21
WBGene00018490,11,25,36
WBGene00018491,34,20402,20436
WBGene00018492,133,666,799
WBGene00018493,8,1,9
WBGene00018496,23,2,25
WBGene00018497,0,1,1
WBGene00018498,13,10,23
WBGene00018499,0,15,15
WBGene00018500,0,8,8
WBGene00018501,7,0,7
WBGene00018502,38,5,43
WBGene00018504,8,6,14
WBGene00018505,14,6,20
WBGene00018506,6,1,7
WBGene00018507,3,16,19
WBGene00018508,550,1845,2395
WBGene00018509,161,1344,1505
WBGene00018510,53,122,175
WBGene00018511,75,268,343
WBGene00018512,155,772,927
WBGene00018513,4,203,207
WBGene00018514,84,289,373
WBGene00018515,12,24,36
WBGene00018516,48,354,402
WBGene00018517,180,899,1079
WBGene00018518,33,751,784
WBGene00018519,3755,98098,101853
WBGene00018520,171,685,856
WBGene00018521,11,77,88
WBGene00018522,170,1319,1489
WBGene00018523,94,233,327
WBGene00018525,0,0,0
WBGene00018526,0,0,0
WBGene00018527,0,0,0
WBGene00018528,2,5,7
WBGene00018529,0,1,1
WBGene00018530,0,0,0
WBGene00018531,25,10,35
WBGene00018532,2495,20899,23394
WBGene00018533,439,705,1144
WBGene00018534,23,9,32
WBGene00018535,17,6,23
WBGene00018536,1,6,7
WBGene00018537,5,35,40
WBGene00018538,419,2366,2785
WBGene00018539,29,27,56
WBGene00018541,24,79,103
WBGene00018542,20,54,74
WBGene00018543,29,124,153
WBGene00018544,9,39,48
WBGene00018545,11,13,24
WBGene00018547,204,101,305
WBGene00018548,3,16,19
WBGene00018549,10,18,28
WBGene00018550,9,1,10
WBGene00018551,17,17,34
WBGene00018552,25,51,76
WBGene00018554,19,9,28
WBGene00018555,59,1,60
WBGene00018556,9,0,9
WBGene00018557,13,28,41
WBGene00018558,57,32,89
WBGene00018559,5,0,5
WBGene00018560,45,323,368
WBGene00018561,28,50,78
WBGene00018562,113,483,596
WBGene00018563,25,10,35
WBGene00018564,532,1981,2513
WBGene00018565,88,287,375
WBGene00018566,49,92,141
WBGene00018567,129,62,191
WBGene00018568,29,26,55
WBGene00018569,325,262,587
WBGene00018570,39,0,39
WBGene00018571,90,8,98
WBGene00018572,262,388,650
WBGene00018573,45,7,52
WBGene00018575,5,12,17
WBGene00018576,93,99,192
WBGene00018578,13,114,127
WBGene00018579,795,1623,2418
WBGene00018580,49,10,59
WBGene00018581,112,453,565
WBGene00018582,43,49,92
WBGene00018585,60,267,327
WBGene00018586,56,672,728
WBGene00018587,71,33,104
WBGene00018589,389,25,414
WBGene00018590,19,1787,1806
WBGene00018591,13,5,18
WBGene00018593,54,338,392
WBGene00018594,76,144,220
WBGene00018595,17,105,122
WBGene00018596,3,55,58
WBGene00018598,15,111,126
WBGene00018599,80,1351,1431
WBGene00018600,79,19,98
WBGene00018601,6,28,34
WBGene00018602,156,3416,3572
WBGene00018603,49,54,103
WBGene00018604,71,1631,1702
WBGene00018605,17,15,32
WBGene00018606,2,65,67
WBGene00018607,132,308,440
WBGene00018608,206,318,524
WBGene00018609,156,946,1102
WBGene00018610,29,616,645
WBGene00018611,134,350,484
WBGene00018612,44,541,585
WBGene00018613,12,260,272
WBGene00018614,4,48,52
WBGene00018615,25,106,131
WBGene00018616,2,10,12
WBGene00018617,26,4,30
WBGene00018618,2,8,10
WBGene00018619,2,2,4
WBGene00018620,10,12,22
WBGene00018621,0,111,111
WBGene00018622,43,187,230
WBGene00018623,33,28,61
WBGene00018624,4,16,20
WBGene00018625,36,799,835
WBGene00018626,13,37,50
WBGene00018627,17,8,25
WBGene00018628,428,7,435
WBGene00018630,46,12,58
WBGene00018631,16,4,20
WBGene00018632,24,310,334
WBGene00018634,136,567,703
WBGene00018635,53,358,411
WBGene00018636,106,455,561
WBGene00018637,42,456,498
WBGene00018638,19,458,477
WBGene00018639,101,234,335
WBGene00018640,45,42,87
WBGene00018641,55,127,182
WBGene00018643,9,18,27
WBGene00018645,30,76,106
WBGene00018646,19,52,71
WBGene00018647,11,11,22
WBGene00018648,18,40,58
WBGene00018649,0,1,1
WBGene00018650,4,29,33
WBGene00018651,0,3,3
WBGene00018652,17,0,17
WBGene00018653,9,21,30
WBGene00018654,48,267,315
WBGene00018655,69,359,428
WBGene00018656,247,1741,1988
WBGene00018657,150,1234,1384
WBGene00018659,4,132,136
WBGene00018660,0,30,30
WBGene00018661,3,12,15
WBGene00018663,0,2361,2361
WBGene00018665,20,49,69
WBGene00018667,17,134,151
WBGene00018668,11,83,94
WBGene00018669,12,50,62
WBGene00018670,0,2,2
WBGene00018671,26,16,42
WBGene00018672,136,432,568
WBGene00018674,226,1117,1343
WBGene00018675,54,69,123
WBGene00018678,68,329,397
WBGene00018679,168,738,906
WBGene00018680,102,83,185
WBGene00018681,324,654,978
WBGene00018682,77,327,404
WBGene00018683,83,46,129
WBGene00018684,0,31,31
WBGene00018687,9,11,20
WBGene00018688,0,8,8
WBGene00018689,58,70,128
WBGene00018690,1,16,17
WBGene00018691,95,35,130
WBGene00018692,69,1241,1310
WBGene00018693,21,5,26
WBGene00018694,157,15,172
WBGene00018696,55,189,244
WBGene00018697,63,248,311
WBGene00018698,15,104,119
WBGene00018700,968,2703,3671
WBGene00018701,250,15005,15255
WBGene00018702,5,584,589
WBGene00018703,46,364,410
WBGene00018704,20,258,278
WBGene00018706,12,51,63
WBGene00018707,40,171,211
WBGene00018708,22,24,46
WBGene00018709,15,13,28
WBGene00018710,518,2835,3353
WBGene00018711,73,46,119
WBGene00018712,61,93,154
WBGene00018713,33,19,52
WBGene00018714,68,382,450
WBGene00018715,35,143,178
WBGene00018716,114,198,312
WBGene00018717,32,265,297
WBGene00018718,65,242,307
WBGene00018719,136,446,582
WBGene00018720,361,1541,1902
WBGene00018721,78,244,322
WBGene00018723,81,220,301
WBGene00018724,0,775,775
WBGene00018725,0,1808,1808
WBGene00018726,10,5,15
WBGene00018727,123,295,418
WBGene00018728,116,96,212
WBGene00018729,165,1252,1417
WBGene00018730,0,3568,3568
WBGene00018731,0,2810,2810
WBGene00018732,0,1243,1243
WBGene00018734,646,944,1590
WBGene00018735,26,122,148
WBGene00018736,27,121,148
WBGene00018737,5,66,71
WBGene00018738,51,38,89
WBGene00018739,156,519,675
WBGene00018740,189,523,712
WBGene00018741,103,86,189
WBGene00018742,53,117,170
WBGene00018743,148,709,857
WBGene00018744,4,856,860
WBGene00018745,11,25,36
WBGene00018746,14,50,64
WBGene00018747,59,318,377
WBGene00018748,662,451,1113
WBGene00018749,40,240,280
WBGene00018750,184,462,646
WBGene00018751,10,22,32
WBGene00018752,20,24,44
WBGene00018754,15,39,54
WBGene00018755,56,222,278
WBGene00018756,443,1982,2425
WBGene00018757,85,728,813
WBGene00018758,100,881,981
WBGene00018760,123,281,404
WBGene00018761,3469,77,3546
WBGene00018762,208,1358,1566
WBGene00018763,68,1478,1546
WBGene00018764,60,4181,4241
WBGene00018765,1156,3228,4384
WBGene00018766,138,89,227
WBGene00018767,40,7,47
WBGene00018768,7,9,16
WBGene00018769,350,2325,2675
WBGene00018770,0,1,1
WBGene00018771,54,45,99
WBGene00018772,101,111,212
WBGene00018773,22,37,59
WBGene00018774,44,89,133
WBGene00018776,471,2304,2775
WBGene00018777,193,318,511
WBGene00018778,451,2493,2944
WBGene00018779,40,206,246
WBGene00018781,186,553,739
WBGene00018782,583,4538,5121
WBGene00018783,17,86,103
WBGene00018784,340,4525,4865
WBGene00018785,225,579,804
WBGene00018786,20,107,127
WBGene00018787,153,280,433
WBGene00018788,114,669,783
WBGene00018789,59,136,195
WBGene00018791,57,127,184
WBGene00018792,35,15,50
WBGene00018793,411,1409,1820
WBGene00018794,238,253,491
WBGene00018795,82,561,643
WBGene00018797,209,716,925
WBGene00018798,84,138,222
WBGene00018802,93,1402,1495
WBGene00018803,57,1638,1695
WBGene00018804,24,369,393
WBGene00018805,34,16,50
WBGene00018806,4,80,84
WBGene00018808,3,1,4
WBGene00018809,6,4,10
WBGene00018810,15,14,29
WBGene00018811,1171,6771,7942
WBGene00018812,352,727,1079
WBGene00018813,4,21,25
WBGene00018814,79,479,558
WBGene00018815,8,11,19
WBGene00018816,3,6,9
WBGene00018817,58,0,58
WBGene00018819,233,1004,1237
WBGene00018820,40,10,50
WBGene00018821,16,1,17
WBGene00018822,1,1,2
WBGene00018823,15,906,921
WBGene00018824,1,34,35
WBGene00018825,16,16,32
WBGene00018826,2,8,10
WBGene00018827,30,328,358
WBGene00018828,8,46,54
WBGene00018829,17,14,31
WBGene00018830,52,378,430
WBGene00018831,67,444,511
WBGene00018833,173,298,471
WBGene00018834,0,8,8
WBGene00018835,53,236,289
WBGene00018836,45,338,383
WBGene00018837,1246,748,1994
WBGene00018838,0,0,0
WBGene00018839,6,48,54
WBGene00018840,3,6,9
WBGene00018841,3,3,6
WBGene00018842,0,23,23
WBGene00018844,8,35,43
WBGene00018845,8,77,85
WBGene00018846,26803,137683,164486
WBGene00018847,124,764,888
WBGene00018848,92,391,483
WBGene00018849,73,3177,3250
WBGene00018850,3,49,52
WBGene00018851,7,28,35
WBGene00018853,53,707,760
WBGene00018854,107,1112,1219
WBGene00018855,16,83,99
WBGene00018857,173,1135,1308
WBGene00018859,95,319,414
WBGene00018860,168,329,497
WBGene00018861,71,71,142
WBGene00018863,11,372,383
WBGene00018864,148,611,759
WBGene00018865,65,157,222
WBGene00018866,114,1121,1235
WBGene00018867,31,147,178
WBGene00018868,43,77,120
WBGene00018869,228,2717,2945
WBGene00018870,3,8,11
WBGene00018871,25,349,374
WBGene00018872,261,1315,1576
WBGene00018873,17,41,58
WBGene00018874,130,310,440
WBGene00018875,0,2,2
WBGene00018876,0,1,1
WBGene00018877,268,841,1109
WBGene00018878,16,214,230
WBGene00018879,94,182,276
WBGene00018880,59,52,111
WBGene00018881,0,23,23
WBGene00018882,0,6,6
WBGene00018883,0,11,11
WBGene00018884,75,37,112
WBGene00018885,14,110,124
WBGene00018886,7,243,250
WBGene00018888,10,16,26
WBGene00018890,211,1269,1480
WBGene00018891,157,1111,1268
WBGene00018892,54,1381,1435
WBGene00018893,265,1549,1814
WBGene00018894,10,255,265
WBGene00018895,10,13,23
WBGene00018896,23,11,34
WBGene00018897,41,308,349
WBGene00018898,309,4100,4409
WBGene00018899,26,64,90
WBGene00018900,56,789,845
WBGene00018901,0,25,25
WBGene00018902,38,157,195
WBGene00018903,18,35,53
WBGene00018904,18,514,532
WBGene00018906,46,28,74
WBGene00018907,94,110,204
WBGene00018908,61,196,257
WBGene00018909,91,233,324
WBGene00018910,0,0,0
WBGene00018911,11,0,11
WBGene00018912,0,0,0
WBGene00018913,0,0,0
WBGene00018915,0,0,0
WBGene00018917,0,0,0
WBGene00018918,0,0,0
WBGene00018920,0,0,0
WBGene00018921,2,33,35
WBGene00018923,293,266,559
WBGene00018924,78,55,133
WBGene00018925,31,391,422
WBGene00018926,8,15,23
WBGene00018927,0,0,0
WBGene00018928,67,132,199
WBGene00018930,10,32,42
WBGene00018931,87,58,145
WBGene00018932,110,1614,1724
WBGene00018933,9,5,14
WBGene00018934,37,1904,1941
WBGene00018935,29,685,714
WBGene00018937,53,118,171
WBGene00018938,20,4,24
WBGene00018939,9,56,65
WBGene00018940,1,4,5
WBGene00018941,10,8,18
WBGene00018942,15,11,26
WBGene00018943,3,2,5
WBGene00018944,3,3,6
WBGene00018945,16,124,140
WBGene00018946,16,29,45
WBGene00018948,17,89,106
WBGene00018949,8,11,19
WBGene00018950,41,123,164
WBGene00018951,119,1609,1728
WBGene00018952,42,444,486
WBGene00018953,420,3754,4174
WBGene00018954,79,271,350
WBGene00018955,35,402,437
WBGene00018957,77,321,398
WBGene00018958,82,281,363
WBGene00018959,29,354,383
WBGene00018960,32,511,543
WBGene00018961,418,1624,2042
WBGene00018963,876,7908,8784
WBGene00018964,52,158,210
WBGene00018965,35,43,78
WBGene00018966,30,84,114
WBGene00018967,81,1033,1114
WBGene00018968,11,32,43
WBGene00018969,70,887,957
WBGene00018970,8,3,11
WBGene00018971,131,382,513
WBGene00018972,7,33,40
WBGene00018973,15,13,28
WBGene00018974,229,572,801
WBGene00018975,386,919,1305
WBGene00018976,480,156,636
WBGene00018978,4,2,6
WBGene00018979,19,16,35
WBGene00018980,17,8,25
WBGene00018981,11,24,35
WBGene00018982,8,4,12
WBGene00018984,141,539,680
WBGene00018985,120,523,643
WBGene00018986,33,287,320
WBGene00018987,131,342,473
WBGene00018988,34,175,209
WBGene00018989,54,361,415
WBGene00018990,146,164,310
WBGene00018991,126,118,244
WBGene00018994,32,24,56
WBGene00018995,94,362,456
WBGene00018996,55,918,973
WBGene00018997,18,40,58
WBGene00018998,133,910,1043
WBGene00018999,3,12,15
WBGene00019001,550,7888,8438
WBGene00019002,59,210,269
WBGene00019003,106,2241,2347
WBGene00019004,52,622,674
WBGene00019005,205,1131,1336
WBGene00019006,90,879,969
WBGene00019007,2526,5301,7827
WBGene00019008,32,373,405
WBGene00019009,51,141,192
WBGene00019010,145,12,157
WBGene00019011,148,541,689
WBGene00019012,62,146,208
WBGene00019013,12,123,135
WBGene00019014,17,76,93
WBGene00019015,15,30,45
WBGene00019016,39,37,76
WBGene00019017,63,3760,3823
WBGene00019018,562,995,1557
WBGene00019019,38,34,72
WBGene00019020,44,216,260
WBGene00019021,3,70,73
WBGene00019022,49,103,152
WBGene00019023,34,118,152
WBGene00019024,4,9,13
WBGene00019025,55,114,169
WBGene00019026,0,10,10
WBGene00019027,8,17,25
WBGene00019028,15,12,27
WBGene00019029,65,12,77
WBGene00019030,180,166,346
WBGene00019032,34,38,72
WBGene00019034,1,14,15
WBGene00019035,1,11,12
WBGene00019036,15,2,17
WBGene00019037,4,11,15
WBGene00019038,17,19,36
WBGene00019039,2,3,5
WBGene00019040,4,6,10
WBGene00019041,2,4,6
WBGene00019042,3,13,16
WBGene00019043,0,11,11
WBGene00019044,0,0,0
WBGene00019045,5,8,13
WBGene00019046,11,6,17
WBGene00019047,8,68,76
WBGene00019048,16,137,153
WBGene00019049,18,26,44
WBGene00019051,6,3,9
WBGene00019052,20,9,29
WBGene00019053,7,3,10
WBGene00019054,10,3,13
WBGene00019055,82,686,768
WBGene00019057,32,76,108
WBGene00019058,20,46,66
WBGene00019059,26,1,27
WBGene00019060,55,192,247
WBGene00019061,4059,27229,31288
WBGene00019062,8,0,8
WBGene00019063,3,7,10
WBGene00019064,225,3874,4099
WBGene00019065,0,0,0
WBGene00019066,0,5,5
WBGene00019067,62,41,103
WBGene00019068,43,113,156
WBGene00019069,292,276,568
WBGene00019070,0,130,130
WBGene00019072,63,181,244
WBGene00019073,0,0,0
WBGene00019074,204,656,860
WBGene00019075,34,215,249
WBGene00019076,129,1238,1367
WBGene00019077,23,524,547
WBGene00019079,110,1050,1160
WBGene00019080,10,14,24
WBGene00019081,39,27,66
WBGene00019082,33,91,124
WBGene00019083,18,2,20
WBGene00019084,16,22,38
WBGene00019085,15,26,41
WBGene00019086,19,14,33
WBGene00019087,14,629,643
WBGene00019089,38,16,54
WBGene00019090,556,2974,3530
WBGene00019091,28,24,52
WBGene00019092,689,3454,4143
WBGene00019094,26,5,31
WBGene00019096,10,4,14
WBGene00019097,290,3006,3296
WBGene00019098,17,16,33
WBGene00019099,28,13,41
WBGene00019100,51,144,195
WBGene00019101,36,60,96
WBGene00019102,336,1057,1393
WBGene00019103,203,38,241
WBGene00019104,2,16,18
WBGene00019105,55,186,241
WBGene00019106,43,20,63
WBGene00019108,24,147,171
WBGene00019109,161,286,447
WBGene00019111,52,150,202
WBGene00019112,15,12,27
WBGene00019113,138,387,525
WBGene00019114,17,103,120
WBGene00019115,24,94,118
WBGene00019116,64,257,321
WBGene00019118,18,597,615
WBGene00019119,21,14,35
WBGene00019120,34,687,721
WBGene00019121,19,794,813
WBGene00019122,13,157,170
WBGene00019123,15,19,34
WBGene00019124,156,1276,1432
WBGene00019125,26,184,210
WBGene00019126,43,726,769
WBGene00019127,103,713,816
WBGene00019128,134,163,297
WBGene00019129,74,207,281
WBGene00019130,111,146,257
WBGene00019132,50,37,87
WBGene00019133,23,22,45
WBGene00019136,0,1,1
WBGene00019138,2,6,8
WBGene00019139,16,53,69
WBGene00019140,13,65,78
WBGene00019141,29,133,162
WBGene00019142,32,276,308
WBGene00019143,79,493,572
WBGene00019144,14,27,41
WBGene00019145,7,7,14
WBGene00019146,7,35,42
WBGene00019148,90,186,276
WBGene00019149,83,117,200
WBGene00019150,77,35,112
WBGene00019151,11,18,29
WBGene00019152,5,23,28
WBGene00019153,18,57,75
WBGene00019154,74,86,160
WBGene00019155,42,16,58
WBGene00019156,86,588,674
WBGene00019157,324,595,919
WBGene00019158,52,836,888
WBGene00019159,20,9,29
WBGene00019160,290,15839,16129
WBGene00019162,67,6838,6905
WBGene00019163,188,1034,1222
WBGene00019164,38,130,168
WBGene00019165,23,9,32
WBGene00019166,517,511,1028
WBGene00019167,185,687,872
WBGene00019168,848,5040,5888
WBGene00019169,18,21,39
WBGene00019170,167,1885,2052
WBGene00019171,4,10,14
WBGene00019174,146,101,247
WBGene00019177,25,300,325
WBGene00019178,13,26,39
WBGene00019179,10,7,17
WBGene00019180,478,577,1055
WBGene00019182,42,92,134
WBGene00019183,793,57,850
WBGene00019184,29,29,58
WBGene00019185,42,547,589
WBGene00019186,16,15,31
WBGene00019187,79,117,196
WBGene00019188,238,728,966
WBGene00019189,5,9,14
WBGene00019190,122,36,158
WBGene00019192,22,23,45
WBGene00019194,6,12,18
WBGene00019196,29,1670,1699
WBGene00019197,5,18,23
WBGene00019198,115,318,433
WBGene00019199,165,736,901
WBGene00019200,145,509,654
WBGene00019201,23,6,29
WBGene00019202,24,8,32
WBGene00019203,339,2410,2749
WBGene00019204,214,335,549
WBGene00019205,1392,2192,3584
WBGene00019207,239,2411,2650
WBGene00019209,221,1716,1937
WBGene00019211,417,764,1181
WBGene00019212,83,465,548
WBGene00019213,55,161,216
WBGene00019214,15,13,28
WBGene00019215,16,45,61
WBGene00019216,9,18,27
WBGene00019217,316,1155,1471
WBGene00019218,83,262,345
WBGene00019219,76,597,673
WBGene00019220,102,1895,1997
WBGene00019221,26,236,262
WBGene00019222,50,16,66
WBGene00019224,33,122,155
WBGene00019225,56,134,190
WBGene00019226,32,217,249
WBGene00019227,180,917,1097
WBGene00019228,4,122,126
WBGene00019229,19,22,41
WBGene00019230,126,91,217
WBGene00019231,40,54,94
WBGene00019232,134,260,394
WBGene00019233,22,36,58
WBGene00019234,16,177,193
WBGene00019235,12,19,31
WBGene00019236,11,31,42
WBGene00019237,313,1061,1374
WBGene00019239,128,9,137
WBGene00019240,152,2238,2390
WBGene00019241,183,648,831
WBGene00019242,137,49,186
WBGene00019243,4,407,411
WBGene00019244,47,223,270
WBGene00019245,144,665,809
WBGene00019246,356,1783,2139
WBGene00019247,24,104,128
WBGene00019248,138,173,311
WBGene00019249,417,6183,6600
WBGene00019250,964,2173,3137
WBGene00019251,33,19,52
WBGene00019253,13,10,23
WBGene00019254,10,26,36
WBGene00019255,18,28,46
WBGene00019257,25,27,52
WBGene00019259,53,878,931
WBGene00019260,11,5,16
WBGene00019261,39,1068,1107
WBGene00019262,23,6,29
WBGene00019263,176,711,887
WBGene00019264,155,469,624
WBGene00019265,3,241,244
WBGene00019266,18,24,42
WBGene00019267,0,1,1
WBGene00019268,45,132,177
WBGene00019269,15,29,44
WBGene00019270,134,135,269
WBGene00019272,60,61,121
WBGene00019273,12,104,116
WBGene00019274,115,431,546
WBGene00019275,149,614,763
WBGene00019276,138,721,859
WBGene00019277,124,1023,1147
WBGene00019279,1557,1362,2919
WBGene00019280,15,215,230
WBGene00019281,10,4,14
WBGene00019282,790,19034,19824
WBGene00019283,0,0,0
WBGene00019284,58,790,848
WBGene00019285,101,284,385
WBGene00019286,134,146,280
WBGene00019287,61,71,132
WBGene00019288,4,9,13
WBGene00019289,128,327,455
WBGene00019290,9,143,152
WBGene00019292,0,4,4
WBGene00019293,27,558,585
WBGene00019294,234,1820,2054
WBGene00019295,198,1273,1471
WBGene00019296,40,800,840
WBGene00019297,6,3,9
WBGene00019298,89,1073,1162
WBGene00019299,79,280,359
WBGene00019300,50,240,290
WBGene00019301,440,2733,3173
WBGene00019302,3,2,5
WBGene00019303,55,22,77
WBGene00019304,21,221,242
WBGene00019305,60,1162,1222
WBGene00019306,6,7,13
WBGene00019309,17,12,29
WBGene00019312,1,8,9
WBGene00019313,1,6,7
WBGene00019314,20,19,39
WBGene00019315,194,1081,1275
WBGene00019316,5,74,79
WBGene00019317,176,432,608
WBGene00019318,111,28,139
WBGene00019319,39,219,258
WBGene00019320,59,140,199
WBGene00019321,91,206,297
WBGene00019322,107,18884,18991
WBGene00019323,638,1713,2351
WBGene00019324,535,8719,9254
WBGene00019326,115,880,995
WBGene00019327,308,10673,10981
WBGene00019328,246,1439,1685
WBGene00019329,248,300,548
WBGene00019331,59,353,412
WBGene00019332,940,5682,6622
WBGene00019333,316,1970,2286
WBGene00019334,33,646,679
WBGene00019335,1,54,55
WBGene00019337,50,22,72
WBGene00019338,58,28,86
WBGene00019339,0,111,111
WBGene00019340,3,1,4
WBGene00019341,36,8,44
WBGene00019342,0,43,43
WBGene00019343,99,51,150
WBGene00019344,64,277,341
WBGene00019345,69,126,195
WBGene00019346,31,93,124
WBGene00019347,538,200,738
WBGene00019348,7,25,32
WBGene00019349,1,2,3
WBGene00019350,18,8,26
WBGene00019351,77,853,930
WBGene00019352,119,359,478
WBGene00019353,63,752,815
WBGene00019354,38,756,794
WBGene00019355,299,1919,2218
WBGene00019356,6,20,26
WBGene00019357,0,4693,4693
WBGene00019359,39,9,48
WBGene00019360,119,85,204
WBGene00019361,440,4012,4452
WBGene00019362,136,129,265
WBGene00019364,27,211,238
WBGene00019365,149,948,1097
WBGene00019367,6,23,29
WBGene00019368,112,344,456
WBGene00019369,55,49,104
WBGene00019370,134,148,282
WBGene00019371,3,11,14
WBGene00019372,3,18,21
WBGene00019373,81,529,610
WBGene00019374,45,145,190
WBGene00019376,13,10,23
WBGene00019379,13,26,39
WBGene00019380,287,1470,1757
WBGene00019381,0,7314,7314
WBGene00019382,3,10,13
WBGene00019383,13,3,16
WBGene00019386,20,5,25
WBGene00019387,18,9,27
WBGene00019388,36,60,96
WBGene00019389,33,28,61
WBGene00019391,19,24,43
WBGene00019392,33,17,50
WBGene00019393,22,39,61
WBGene00019394,77,175,252
WBGene00019395,32,112,144
WBGene00019396,69,500,569
WBGene00019399,49,1117,1166
WBGene00019400,138,710,848
WBGene00019401,158,4802,4960
WBGene00019402,101,1857,1958
WBGene00019403,123,429,552
WBGene00019404,21,46,67
WBGene00019405,25,23,48
WBGene00019406,19,34,53
WBGene00019407,153,692,845
WBGene00019408,82,515,597
WBGene00019409,4,14,18
WBGene00019410,23,26,49
WBGene00019411,6,25,31
WBGene00019412,5,17,22
WBGene00019413,6,6,12
WBGene00019414,0,30,30
WBGene00019415,9,16,25
WBGene00019416,11,27,38
WBGene00019417,5,10,15
WBGene00019418,9,3,12
WBGene00019419,1,3,4
WBGene00019420,3,7,10
WBGene00019421,5,15,20
WBGene00019422,0,27,27
WBGene00019423,85,4,89
WBGene00019424,31,155,186
WBGene00019425,10,13,23
WBGene00019426,7,147,154
WBGene00019427,60,694,754
WBGene00019428,359,490,849
WBGene00019429,58,459,517
WBGene00019430,8,56,64
WBGene00019431,17,6,23
WBGene00019432,169,1973,2142
WBGene00019433,146,4327,4473
WBGene00019434,382,300,682
WBGene00019435,101,316,417
WBGene00019436,136,578,714
WBGene00019437,204,960,1164
WBGene00019438,1,2,3
WBGene00019442,0,0,0
WBGene00019443,24,11,35
WBGene00019444,65,55,120
WBGene00019445,66,106,172
WBGene00019448,39,203,242
WBGene00019449,12,2,14
WBGene00019450,14,4,18
WBGene00019451,21,9,30
WBGene00019452,11,11,22
WBGene00019453,35,3,38
WBGene00019455,23,43,66
WBGene00019456,71,182,253
WBGene00019457,208,935,1143
WBGene00019458,52,263,315
WBGene00019459,8,7,15
WBGene00019460,44,408,452
WBGene00019461,71,12,83
WBGene00019462,239,57,296
WBGene00019464,10,242,252
WBGene00019465,260,1958,2218
WBGene00019466,1363,17896,19259
WBGene00019467,19,979,998
WBGene00019470,21,9,30
WBGene00019471,21,16,37
WBGene00019472,10,7,17
WBGene00019473,21,36,57
WBGene00019476,33,253,286
WBGene00019477,26,210,236
WBGene00019478,618,2625,3243
WBGene00019479,302,1965,2267
WBGene00019480,70,566,636
WBGene00019481,76,1490,1566
WBGene00019482,81,628,709
WBGene00019483,23,9,32
WBGene00019484,6,267,273
WBGene00019485,183,232,415
WBGene00019486,24,19,43
WBGene00019487,89,242,331
WBGene00019488,353,3582,3935
WBGene00019489,48,723,771
WBGene00019490,63,806,869
WBGene00019491,47,283,330
WBGene00019492,856,2858,3714
WBGene00019493,97,252,349
WBGene00019495,104,994,1098
WBGene00019496,25,48,73
WBGene00019497,43,456,499
WBGene00019498,199,372,571
WBGene00019501,10,9,19
WBGene00019502,1,3,4
WBGene00019503,53,213,266
WBGene00019504,28,633,661
WBGene00019506,22,16,38
WBGene00019507,13,6,19
WBGene00019508,27,25,52
WBGene00019509,12,73,85
WBGene00019510,603,13936,14539
WBGene00019511,175,2510,2685
WBGene00019512,8,24,32
WBGene00019513,61,447,508
WBGene00019514,10,4,14
WBGene00019515,53,143,196
WBGene00019516,39,125,164
WBGene00019518,102,25,127
WBGene00019519,116,143,259
WBGene00019520,1,40,41
WBGene00019521,83,1588,1671
WBGene00019522,155,284,439
WBGene00019524,7,6,13
WBGene00019525,126,883,1009
WBGene00019527,38,16,54
WBGene00019529,0,3,3
WBGene00019530,2,3,5
WBGene00019531,7,5,12
WBGene00019533,9,51,60
WBGene00019534,3,1,4
WBGene00019535,18,141,159
WBGene00019536,106,90,196
WBGene00019537,0,15772,15772
WBGene00019538,32,197,229
WBGene00019540,163,5443,5606
WBGene00019541,4,49,53
WBGene00019543,455,3024,3479
WBGene00019544,77,857,934
WBGene00019545,13,59,72
WBGene00019546,112,163,275
WBGene00019547,34,42,76
WBGene00019548,23,0,23
WBGene00019549,61,11,72
WBGene00019550,87,136,223
WBGene00019551,7,76,83
WBGene00019552,5,5,10
WBGene00019553,7,47,54
WBGene00019554,67,318,385
WBGene00019556,34,42,76
WBGene00019557,9,4,13
WBGene00019558,10,5,15
WBGene00019559,12,5,17
WBGene00019560,2,6,8
WBGene00019561,12,32,44
WBGene00019562,11,6,17
WBGene00019563,4,5,9
WBGene00019564,204,1731,1935
WBGene00019565,31,31,62
WBGene00019566,4,9,13
WBGene00019567,0,3,3
WBGene00019570,34,65,99
WBGene00019571,192,49,241
WBGene00019572,0,11,11
WBGene00019574,0,10,10
WBGene00019576,6,25,31
WBGene00019577,21,42,63
WBGene00019578,8,15,23
WBGene00019579,30,51,81
WBGene00019580,23,18,41
WBGene00019582,20,16,36
WBGene00019583,8,38,46
WBGene00019584,25,21,46
WBGene00019586,43,43,86
WBGene00019587,5,20,25
WBGene00019588,0,41,41
WBGene00019589,57,71,128
WBGene00019590,7,8,15
WBGene00019591,1,4,5
WBGene00019592,0,267,267
WBGene00019593,13,512,525
WBGene00019594,47,12,59
WBGene00019595,26,186,212
WBGene00019597,36,180,216
WBGene00019598,0,6,6
WBGene00019599,69,226,295
WBGene00019600,15,97,112
WBGene00019601,34,69,103
WBGene00019602,6,5,11
WBGene00019603,18,186,204
WBGene00019604,0,4,4
WBGene00019605,85,513,598
WBGene00019606,0,19,19
WBGene00019607,932,4102,5034
WBGene00019608,32,230,262
WBGene00019609,236,724,960
WBGene00019611,26,409,435
WBGene00019612,129,759,888
WBGene00019613,26,22,48
WBGene00019614,19,12,31
WBGene00019615,160,313,473
WBGene00019616,23,52,75
WBGene00019617,175,2494,2669
WBGene00019618,45,42,87
WBGene00019619,332,1623,1955
WBGene00019620,69,1916,1985
WBGene00019621,0,3,3
WBGene00019622,9,46,55
WBGene00019623,128,662,790
WBGene00019624,376,1396,1772
WBGene00019625,31,8,39
WBGene00019626,5,12,17
WBGene00019627,134,482,616
WBGene00019628,32,884,916
WBGene00019629,59,565,624
WBGene00019630,33,167,200
WBGene00019631,104,1109,1213
WBGene00019633,76,268,344
WBGene00019636,37,74,111
WBGene00019638,7,1,8
WBGene00019639,0,18,18
WBGene00019640,40,42,82
WBGene00019641,62,140,202
WBGene00019642,18,37,55
WBGene00019643,17,353,370
WBGene00019644,42,216,258
WBGene00019645,117,916,1033
WBGene00019646,1,7,8
WBGene00019647,81,916,997
WBGene00019648,6,20,26
WBGene00019649,62,110,172
WBGene00019650,167,733,900
WBGene00019651,115,369,484
WBGene00019652,48,561,609
WBGene00019653,4,30,34
WBGene00019654,18,58,76
WBGene00019655,33,56,89
WBGene00019656,52,1124,1176
WBGene00019657,68,589,657
WBGene00019658,149,1030,1179
WBGene00019659,10,26,36
WBGene00019660,9,134,143
WBGene00019661,26,84,110
WBGene00019662,13,5,18
WBGene00019663,32,831,863
WBGene00019664,293,1991,2284
WBGene00019665,18,207,225
WBGene00019666,48,302,350
WBGene00019667,18,17,35
WBGene00019668,5,14,19
WBGene00019669,44,125,169
WBGene00019670,1,0,1
WBGene00019673,65,857,922
WBGene00019674,22,72,94
WBGene00019675,0,5,5
WBGene00019677,51,180,231
WBGene00019678,294,1286,1580
WBGene00019679,200,1552,1752
WBGene00019680,0,9269,9269
WBGene00019681,0,2,2
WBGene00019682,467,2764,3231
WBGene00019683,353,35,388
WBGene00019684,2,5,7
WBGene00019685,5,5,10
WBGene00019686,278,1123,1401
WBGene00019687,6,1,7
WBGene00019688,12,29,41
WBGene00019689,0,0,0
WBGene00019690,23,19,42
WBGene00019691,42,68,110
WBGene00019692,26,112,138
WBGene00019693,32,1763,1795
WBGene00019697,467,714,1181
WBGene00019698,420,2595,3015
WBGene00019699,25,9,34
WBGene00019700,1,16,17
WBGene00019702,0,1,1
WBGene00019703,12,9,21
WBGene00019704,0,13,13
WBGene00019705,3,16,19
WBGene00019709,10,5,15
WBGene00019710,11,203,214
WBGene00019711,101,1022,1123
WBGene00019712,30,223,253
WBGene00019713,89,434,523
WBGene00019714,6,0,6
WBGene00019715,131,413,544
WBGene00019716,528,727,1255
WBGene00019717,47,152,199
WBGene00019718,6,19,25
WBGene00019719,1736,8779,10515
WBGene00019720,141,483,624
WBGene00019721,56,9,65
WBGene00019722,6,32,38
WBGene00019723,1,49,50
WBGene00019724,74,260,334
WBGene00019725,20,180,200
WBGene00019726,321,450,771
WBGene00019727,533,10165,10698
WBGene00019728,28,25,53
WBGene00019729,81,306,387
WBGene00019730,101,780,881
WBGene00019731,69,47,116
WBGene00019732,1,720,721
WBGene00019733,591,1081,1672
WBGene00019734,844,5869,6713
WBGene00019735,70,32,102
WBGene00019736,13,19,32
WBGene00019738,173,1075,1248
WBGene00019740,7,8,15
WBGene00019741,26,305,331
WBGene00019742,57,114,171
WBGene00019743,58,233,291
WBGene00019744,533,3316,3849
WBGene00019745,6,39,45
WBGene00019746,37,81,118
WBGene00019747,411,1220,1631
WBGene00019748,147,1795,1942
WBGene00019749,64,292,356
WBGene00019750,1196,1232,2428
WBGene00019751,58,695,753
WBGene00019753,95,340,435
WBGene00019754,5,29,34
WBGene00019755,7,46,53
WBGene00019756,52,14,66
WBGene00019757,153,400,553
WBGene00019758,4,17,21
WBGene00019759,148,23279,23427
WBGene00019760,915,12877,13792
WBGene00019761,44,19,63
WBGene00019762,183,1472,1655
WBGene00019763,40,58,98
WBGene00019764,58,147,205
WBGene00019765,206,205,411
WBGene00019766,89,327,416
WBGene00019767,43,4379,4422
WBGene00019768,161,333,494
WBGene00019769,11,92,103
WBGene00019770,1295,2416,3711
WBGene00019771,407,961,1368
WBGene00019772,217,1630,1847
WBGene00019773,16,36,52
WBGene00019774,324,218,542
WBGene00019776,83,104,187
WBGene00019777,42,81,123
WBGene00019778,72,527,599
WBGene00019779,247,1119,1366
WBGene00019780,238,8718,8956
WBGene00019781,225,773,998
WBGene00019782,40,49,89
WBGene00019783,43,8,51
WBGene00019784,19,64,83
WBGene00019785,39,14,53
WBGene00019786,251,486,737
WBGene00019787,144,351,495
WBGene00019788,0,99,99
WBGene00019791,0,10,10
WBGene00019792,61,211,272
WBGene00019793,26,5,31
WBGene00019794,6,16,22
WBGene00019795,9,5,14
WBGene00019796,17,36,53
WBGene00019797,7,4,11
WBGene00019798,2,6,8
WBGene00019799,5,14,19
WBGene00019800,16,2164,2180
WBGene00019801,124,549,673
WBGene00019803,49,296,345
WBGene00019804,23,1,24
WBGene00019805,77,443,520
WBGene00019806,11,211,222
WBGene00019807,45,274,319
WBGene00019808,95,1200,1295
WBGene00019809,0,5,5
WBGene00019810,5,16,21
WBGene00019811,4,43,47
WBGene00019812,133,127,260
WBGene00019813,19,601,620
WBGene00019814,18,59,77
WBGene00019815,35,7,42
WBGene00019816,52,219,271
WBGene00019817,8,54,62
WBGene00019818,189,1380,1569
WBGene00019819,101,1017,1118
WBGene00019820,74,738,812
WBGene00019821,155,606,761
WBGene00019822,98,500,598
WBGene00019823,138,1114,1252
WBGene00019824,42,287,329
WBGene00019825,60,198,258
WBGene00019826,1,9,10
WBGene00019827,193,777,970
WBGene00019828,132,159,291
WBGene00019829,15,335,350
WBGene00019830,114,496,610
WBGene00019831,237,9849,10086
WBGene00019832,148,210,358
WBGene00019833,6,34,40
WBGene00019834,8,23,31
WBGene00019835,0,1,1
WBGene00019836,60,567,627
WBGene00019837,25,61,86
WBGene00019838,307,1827,2134
WBGene00019839,15,95,110
WBGene00019840,40,331,371
WBGene00019841,90,883,973
WBGene00019842,912,697,1609
WBGene00019843,23,301,324
WBGene00019844,241,382,623
WBGene00019845,60,48,108
WBGene00019846,14,105,119
WBGene00019847,106,598,704
WBGene00019849,40,34,74
WBGene00019850,17,15,32
WBGene00019851,25,41,66
WBGene00019854,126,174,300
WBGene00019855,244,788,1032
WBGene00019856,39,7,46
WBGene00019857,24,6,30
WBGene00019858,12,94,106
WBGene00019859,3,33,36
WBGene00019861,13,34,47
WBGene00019862,28,430,458
WBGene00019863,253,365,618
WBGene00019864,52,257,309
WBGene00019865,49,47,96
WBGene00019866,83,45,128
WBGene00019867,89,352,441
WBGene00019868,33,259,292
WBGene00019869,75,98,173
WBGene00019870,14,500,514
WBGene00019871,31,647,678
WBGene00019872,199,395,594
WBGene00019873,115,490,605
WBGene00019874,2,12,14
WBGene00019875,93,870,963
WBGene00019877,35,861,896
WBGene00019878,18,87,105
WBGene00019879,0,0,0
WBGene00019880,0,0,0
WBGene00019881,120,768,888
WBGene00019882,212,719,931
WBGene00019883,84,1107,1191
WBGene00019884,94,623,717
WBGene00019885,37,188,225
WBGene00019886,5,16,21
WBGene00019887,47,31,78
WBGene00019888,150,1468,1618
WBGene00019890,39,3638,3677
WBGene00019891,31,18,49
WBGene00019892,36,516,552
WBGene00019893,136,5815,5951
WBGene00019894,42,73,115
WBGene00019895,176,1419,1595
WBGene00019896,44,87,131
WBGene00019898,129,630,759
WBGene00019899,97,288,385
WBGene00019900,904,27697,28601
WBGene00019901,4,33,37
WBGene00019902,467,598,1065
WBGene00019903,4,3,7
WBGene00019904,214,1176,1390
WBGene00019905,9,14,23
WBGene00019906,44,30,74
WBGene00019907,16,142,158
WBGene00019908,236,863,1099
WBGene00019909,62,41,103
WBGene00019911,85,406,491
WBGene00019913,60,22,82
WBGene00019914,147,375,522
WBGene00019915,176,342,518
WBGene00019916,0,0,0
WBGene00019917,6,43,49
WBGene00019918,31,67,98
WBGene00019919,15,22,37
WBGene00019920,20,8,28
WBGene00019921,1,9,10
WBGene00019922,0,10,10
WBGene00019923,0,10,10
WBGene00019924,17,157,174
WBGene00019925,3,8,11
WBGene00019926,15,14,29
WBGene00019927,6,10,16
WBGene00019928,33,9,42
WBGene00019929,9,9,18
WBGene00019931,12,2,14
WBGene00019933,41,8,49
WBGene00019935,148,145,293
WBGene00019937,0,4638,4638
WBGene00019938,92,298,390
WBGene00019939,32,40,72
WBGene00019940,267,2301,2568
WBGene00019941,107,1958,2065
WBGene00019943,80,406,486
WBGene00019944,64,1077,1141
WBGene00019945,0,0,0
WBGene00019946,74,1843,1917
WBGene00019947,36,9202,9238
WBGene00019948,18,24,42
WBGene00019949,11,15,26
WBGene00019950,39,14,53
WBGene00019951,14,20,34
WBGene00019952,3,268,271
WBGene00019953,149,1485,1634
WBGene00019954,0,1,1
WBGene00019955,313,361,674
WBGene00019956,1,22,23
WBGene00019957,207,654,861
WBGene00019959,95,361,456
WBGene00019960,114,293,407
WBGene00019961,3,15,18
WBGene00019962,58,353,411
WBGene00019963,26,491,517
WBGene00019964,46,53,99
WBGene00019965,81,78,159
WBGene00019966,15,31,46
WBGene00019967,33,523,556
WBGene00019968,12,294,306
WBGene00019970,4,25,29
WBGene00019971,132,873,1005
WBGene00019972,52,22,74
WBGene00019973,53,73,126
WBGene00019975,234,819,1053
WBGene00019977,16,42,58
WBGene00019978,16,90,106
WBGene00019979,26,26,52
WBGene00019980,8,3,11
WBGene00019981,55,13,68
WBGene00019982,40,112,152
WBGene00019983,155,5903,6058
WBGene00019986,77,530,607
WBGene00019987,10,236,246
WBGene00019988,21,554,575
WBGene00019989,1,33,34
WBGene00019991,8,12,20
WBGene00019992,1,0,1
WBGene00019993,26,830,856
WBGene00019994,390,265,655
WBGene00019995,62,160,222
WBGene00019996,8,6,14
WBGene00019997,42,21,63
WBGene00019998,414,1886,2300
WBGene00019999,48,93,141
WBGene00020003,11,26,37
WBGene00020004,29,7,36
WBGene00020006,80,322,402
WBGene00020007,72,2277,2349
WBGene00020008,35,206,241
WBGene00020009,33,55,88
WBGene00020010,51,87,138
WBGene00020011,289,47,336
WBGene00020012,186,1881,2067
WBGene00020013,3,2,5
WBGene00020014,7,92,99
WBGene00020015,7,24,31
WBGene00020016,18,19,37
WBGene00020017,50,25,75
WBGene00020018,65,310,375
WBGene00020019,18,15,33
WBGene00020020,46,19,65
WBGene00020021,2,3,5
WBGene00020022,54,536,590
WBGene00020023,38,185,223
WBGene00020024,4,0,4
WBGene00020025,74,2430,2504
WBGene00020026,177,969,1146
WBGene00020027,127,1171,1298
WBGene00020029,167,1117,1284
WBGene00020030,32,364,396
WBGene00020031,160,1361,1521
WBGene00020032,1,0,1
WBGene00020033,13,79,92
WBGene00020034,40,49,89
WBGene00020035,12,60,72
WBGene00020036,221,1753,1974
WBGene00020037,27,1333,1360
WBGene00020038,147,1508,1655
WBGene00020039,12,43,55
WBGene00020040,7,17,24
WBGene00020041,12,6,18
WBGene00020042,2,3,5
WBGene00020043,47,401,448
WBGene00020044,11,24,35
WBGene00020045,57,311,368
WBGene00020046,64,17,81
WBGene00020047,41,232,273
WBGene00020048,36,46,82
WBGene00020049,15,505,520
WBGene00020050,31,51,82
WBGene00020051,122,1178,1300
WBGene00020052,15,260,275
WBGene00020053,6,33,39
WBGene00020054,53,980,1033
WBGene00020055,4,19,23
WBGene00020056,13,15,28
WBGene00020057,17,9,26
WBGene00020058,333,1283,1616
WBGene00020060,65,17,82
WBGene00020062,15,316,331
WBGene00020063,1,4,5
WBGene00020064,145,408,553
WBGene00020066,8,62,70
WBGene00020067,2,5,7
WBGene00020068,271,2441,2712
WBGene00020069,233,487,720
WBGene00020070,8,16,24
WBGene00020071,0,0,0
WBGene00020072,0,1,1
WBGene00020073,3,10,13
WBGene00020076,10,3,13
WBGene00020077,10,0,10
WBGene00020078,23,7,30
WBGene00020080,96,16,112
WBGene00020082,408,973,1381
WBGene00020083,54,148,202
WBGene00020084,3,5,8
WBGene00020086,48,59,107
WBGene00020088,76,131,207
WBGene00020089,570,1049,1619
WBGene00020090,173,225,398
WBGene00020091,37,122,159
WBGene00020092,372,1286,1658
WBGene00020093,47,148,195
WBGene00020094,45,474,519
WBGene00020095,42,292,334
WBGene00020096,6,386,392
WBGene00020097,1031,5580,6611
WBGene00020098,19,178,197
WBGene00020099,98,428,526
WBGene00020100,137,242,379
WBGene00020101,131,450,581
WBGene00020102,190,910,1100
WBGene00020103,10,78,88
WBGene00020104,44,352,396
WBGene00020105,65,35,100
WBGene00020106,284,993,1277
WBGene00020107,85,1670,1755
WBGene00020109,0,20,20
WBGene00020110,0,767,767
WBGene00020111,0,95,95
WBGene00020112,0,3159,3159
WBGene00020113,0,3,3
WBGene00020114,2037,4478,6515
WBGene00020115,438,2594,3032
WBGene00020116,78,26,104
WBGene00020117,8,25,33
WBGene00020118,5,41,46
WBGene00020119,5,4,9
WBGene00020120,14,8,22
WBGene00020121,2,11,13
WBGene00020122,2,21,23
WBGene00020123,29,12,41
WBGene00020125,55,148,203
WBGene00020126,191,2457,2648
WBGene00020127,6,5,11
WBGene00020128,262,241,503
WBGene00020129,21,3,24
WBGene00020130,101,48,149
WBGene00020131,934,1779,2713
WBGene00020134,377,277,654
WBGene00020135,107,658,765
WBGene00020136,0,3,3
WBGene00020137,35,164,199
WBGene00020138,20,33,53
WBGene00020139,58,433,491
WBGene00020140,0,6,6
WBGene00020141,45,253,298
WBGene00020142,196,1445,1641
WBGene00020143,544,4080,4624
WBGene00020144,61,20,81
WBGene00020146,114,4629,4743
WBGene00020148,8,97,105
WBGene00020149,44,191,235
WBGene00020150,11,14,25
WBGene00020151,5,64,69
WBGene00020152,48,49,97
WBGene00020153,21,124,145
WBGene00020154,2,32,34
WBGene00020155,19,7121,7140
WBGene00020156,46,4298,4344
WBGene00020157,74,30,104
WBGene00020158,210,1468,1678
WBGene00020160,200,747,947
WBGene00020163,140,278,418
WBGene00020166,140,1314,1454
WBGene00020168,16,85,101
WBGene00020169,61,1155,1216
WBGene00020170,61,26,87
WBGene00020171,1254,995,2249
WBGene00020172,66,252,318
WBGene00020173,9,7,16
WBGene00020174,10,5,15
WBGene00020175,64,5,69
WBGene00020176,0,0,0
WBGene00020177,7,8,15
WBGene00020178,2,2,4
WBGene00020179,3,14,17
WBGene00020180,5,1,6
WBGene00020181,4950,24867,29817
WBGene00020182,37,74,111
WBGene00020183,56,184,240
WBGene00020184,36,850,886
WBGene00020185,24,5719,5743
WBGene00020187,57,199,256
WBGene00020188,14,80,94
WBGene00020189,166,298,464
WBGene00020190,437,2689,3126
WBGene00020191,62,266,328
WBGene00020192,416,27192,27608
WBGene00020193,29,244,273
WBGene00020194,93,480,573
WBGene00020195,111,3006,3117
WBGene00020196,148,224,372
WBGene00020197,74,577,651
WBGene00020199,22,286,308
WBGene00020200,328,2317,2645
WBGene00020201,4,8,12
WBGene00020202,21,9,30
WBGene00020203,64,15,79
WBGene00020205,6,19,25
WBGene00020207,159,621,780
WBGene00020208,334,563,897
WBGene00020209,769,2964,3733
WBGene00020210,0,6,6
WBGene00020211,0,8,8
WBGene00020212,57,37,94
WBGene00020214,49,317,366
WBGene00020215,147,1192,1339
WBGene00020216,66,5522,5588
WBGene00020217,53,34,87
WBGene00020218,14,38,52
WBGene00020219,29,130,159
WBGene00020220,17,6,23
WBGene00020221,0,37,37
WBGene00020222,44,145,189
WBGene00020223,12,28,40
WBGene00020224,28,115,143
WBGene00020225,28,11,39
WBGene00020227,4,24,28
WBGene00020228,3,35,38
WBGene00020229,628,3825,4453
WBGene00020230,306,810,1116
WBGene00020231,93,71,164
WBGene00020232,8,9,17
WBGene00020233,11,28,39
WBGene00020234,256,1012,1268
WBGene00020235,133,497,630
WBGene00020236,117,77,194
WBGene00020237,4,398,402
WBGene00020239,4,4,8
WBGene00020240,0,2,2
WBGene00020241,1,10,11
WBGene00020242,1,71,72
WBGene00020243,16,3,19
WBGene00020244,5,20,25
WBGene00020245,28,216,244
WBGene00020246,294,4096,4390
WBGene00020247,30,21,51
WBGene00020248,27,200,227
WBGene00020249,244,644,888
WBGene00020250,24,70,94
WBGene00020251,433,1957,2390
WBGene00020252,26,28,54
WBGene00020254,64,71,135
WBGene00020256,65,223,288
WBGene00020258,60,180,240
WBGene00020259,64,413,477
WBGene00020260,238,1171,1409
WBGene00020261,1,8,9
WBGene00020262,9,39,48
WBGene00020263,150,501,651
WBGene00020264,35,293,328
WBGene00020265,2,12,14
WBGene00020266,32,29,61
WBGene00020267,16,33,49
WBGene00020268,245,1158,1403
WBGene00020269,115,4173,4288
WBGene00020270,12,26,38
WBGene00020273,198,603,801
WBGene00020274,89,837,926
WBGene00020275,5440,32006,37446
WBGene00020276,3,171,174
WBGene00020277,19,37,56
WBGene00020279,219,461,680
WBGene00020280,49,173,222
WBGene00020281,39,37,76
WBGene00020282,10,0,10
WBGene00020283,74,36,110
WBGene00020284,319,1147,1466
WBGene00020285,4,14,18
WBGene00020286,26,614,640
WBGene00020287,247,1176,1423
WBGene00020288,25,8,33
WBGene00020289,15,5,20
WBGene00020290,16,18,34
WBGene00020291,8,1,9
WBGene00020292,14,10,24
WBGene00020293,15,34,49
WBGene00020294,386,767,1153
WBGene00020295,28,146,174
WBGene00020296,123,739,862
WBGene00020297,929,9110,10039
WBGene00020298,183,1163,1346
WBGene00020299,182,767,949
WBGene00020300,20,175,195
WBGene00020301,255,578,833
WBGene00020302,0,246,246
WBGene00020305,22,2,24
WBGene00020307,322,296,618
WBGene00020311,12,203,215
WBGene00020313,13,20,33
WBGene00020314,27,249,276
WBGene00020315,49,1395,1444
WBGene00020316,183,459,642
WBGene00020317,932,16268,17200
WBGene00020318,1,37,38
WBGene00020319,16,77,93
WBGene00020320,7,333,340
WBGene00020321,13,594,607
WBGene00020322,20,377,397
WBGene00020323,56,50,106
WBGene00020324,40,1155,1195
WBGene00020325,14,42,56
WBGene00020326,8,4,12
WBGene00020327,3,30,33
WBGene00020328,5,13,18
WBGene00020329,15,49,64
WBGene00020330,71,242,313
WBGene00020333,6,17,23
WBGene00020334,177,1213,1390
WBGene00020335,20,168,188
WBGene00020339,23,319,342
WBGene00020340,86,453,539
WBGene00020341,40,192,232
WBGene00020342,7,4,11
WBGene00020343,59,131,190
WBGene00020345,5,35,40
WBGene00020346,417,1360,1777
WBGene00020347,358,3275,3633
WBGene00020348,16,1010,1026
WBGene00020349,59,75,134
WBGene00020350,0,26,26
WBGene00020351,0,7,7
WBGene00020353,31,24,55
WBGene00020354,3,12,15
WBGene00020356,26,14,40
WBGene00020357,79,13,92
WBGene00020358,7,30,37
WBGene00020359,8,17,25
WBGene00020360,186,395,581
WBGene00020361,9,27,36
WBGene00020362,0,4,4
WBGene00020363,33,196,229
WBGene00020364,3,12,15
WBGene00020365,96,56,152
WBGene00020366,377,3794,4171
WBGene00020368,89,1103,1192
WBGene00020369,110,695,805
WBGene00020370,21,47,68
WBGene00020371,14,6,20
WBGene00020372,19,9,28
WBGene00020373,12,492,504
WBGene00020374,1297,1903,3200
WBGene00020375,18,180,198
WBGene00020376,40,247,287
WBGene00020377,26,107,133
WBGene00020378,59,224,283
WBGene00020379,65,989,1054
WBGene00020380,25,211,236
WBGene00020381,28,48,76
WBGene00020382,1017,10134,11151
WBGene00020383,553,1547,2100
WBGene00020384,41,27,68
WBGene00020385,75,97,172
WBGene00020386,12,16,28
WBGene00020389,223,2030,2253
WBGene00020390,160,1903,2063
WBGene00020391,54,11433,11487
WBGene00020392,53,646,699
WBGene00020393,41,294,335
WBGene00020394,23,150,173
WBGene00020396,88,116,204
WBGene00020397,524,3683,4207
WBGene00020398,172,906,1078
WBGene00020399,194,1374,1568
WBGene00020400,7,4,11
WBGene00020401,42,54,96
WBGene00020402,137,1050,1187
WBGene00020403,186,916,1102
WBGene00020404,62,281,343
WBGene00020406,25,7,32
WBGene00020407,14,258,272
WBGene00020408,74,218,292
WBGene00020409,14,3,17
WBGene00020410,4,12,16
WBGene00020411,19,277,296
WBGene00020412,62,400,462
WBGene00020413,101,335,436
WBGene00020414,20,9,29
WBGene00020415,34,174,208
WBGene00020416,5,11,16
WBGene00020417,64,5245,5309
WBGene00020418,37,77,114
WBGene00020419,11,35,46
WBGene00020420,43,4,47
WBGene00020421,103,44,147
WBGene00020422,27,432,459
WBGene00020423,20,2301,2321
WBGene00020424,12,43,55
WBGene00020425,52,431,483
WBGene00020426,24,228,252
WBGene00020427,80,393,473
WBGene00020428,10,7,17
WBGene00020430,61,2,63
WBGene00020431,15,10,25
WBGene00020432,44,16,60
WBGene00020433,5,1,6
WBGene00020435,25,22,47
WBGene00020436,339,82,421
WBGene00020437,48,2152,2200
WBGene00020438,0,5,5
WBGene00020439,20,11,31
WBGene00020440,6,2,8
WBGene00020441,199,638,837
WBGene00020442,69,626,695
WBGene00020443,173,640,813
WBGene00020444,56,89,145
WBGene00020445,24,69,93
WBGene00020446,20,699,719
WBGene00020447,159,1013,1172
WBGene00020448,4,13,17
WBGene00020449,12,28,40
WBGene00020450,26,161,187
WBGene00020451,31,162,193
WBGene00020452,1,5,6
WBGene00020453,9,40,49
WBGene00020454,0,5,5
WBGene00020455,30,61,91
WBGene00020456,9,74,83
WBGene00020457,23,284,307
WBGene00020459,53,17,70
WBGene00020460,15,11,26
WBGene00020461,33,59,92
WBGene00020462,133,431,564
WBGene00020463,28,307,335
WBGene00020464,8,279,287
WBGene00020465,161,71,232
WBGene00020466,29,217,246
WBGene00020467,11,17,28
WBGene00020468,26,22,48
WBGene00020469,0,185,185
WBGene00020471,293,1111,1404
WBGene00020472,11,10,21
WBGene00020473,18,3,21
WBGene00020474,81,20,101
WBGene00020475,147,1013,1160
WBGene00020476,31,5,36
WBGene00020478,149,75,224
WBGene00020479,174,831,1005
WBGene00020480,69,389,458
WBGene00020481,174,2031,2205
WBGene00020482,50,92,142
WBGene00020483,14,40,54
WBGene00020484,3,11,14
WBGene00020485,25,37,62
WBGene00020486,75,245,320
WBGene00020487,2,20,22
WBGene00020488,6,61,67
WBGene00020489,160,249,409
WBGene00020490,349,856,1205
WBGene00020491,62,213,275
WBGene00020492,2061,1,2062
WBGene00020494,22,34,56
WBGene00020496,317,1628,1945
WBGene00020497,5,683,688
WBGene00020498,119,672,791
WBGene00020499,278,905,1183
WBGene00020500,71,410,481
WBGene00020501,80,430,510
WBGene00020502,174,341,515
WBGene00020503,64,30,94
WBGene00020504,295,585,880
WBGene00020505,9,23,32
WBGene00020506,123,151,274
WBGene00020507,50,2087,2137
WBGene00020508,28,277,305
WBGene00020509,170,709,879
WBGene00020510,46,574,620
WBGene00020511,200,2618,2818
WBGene00020515,6,8,14
WBGene00020516,102,192,294
WBGene00020517,55,1847,1902
WBGene00020520,71,15,86
WBGene00020522,48,9,57
WBGene00020523,17,4,21
WBGene00020524,41,7,48
WBGene00020525,1,3,4
WBGene00020526,18,0,18
WBGene00020527,57,33,90
WBGene00020528,70,61,131
WBGene00020529,15,19,34
WBGene00020530,252,1224,1476
WBGene00020531,18,25,43
WBGene00020532,69,32,101
WBGene00020533,14,14,28
WBGene00020534,0,0,0
WBGene00020535,1,4,5
WBGene00020536,2,0,2
WBGene00020537,5,15,20
WBGene00020539,1,1,2
WBGene00020540,69,183,252
WBGene00020541,5,3,8
WBGene00020542,1,17,18
WBGene00020543,4,5,9
WBGene00020544,0,2,2
WBGene00020546,20,3,23
WBGene00020548,0,2,2
WBGene00020549,6,2133,2139
WBGene00020550,1,74,75
WBGene00020551,12,30,42
WBGene00020553,75,1063,1138
WBGene00020554,46,108,154
WBGene00020555,49,31,80
WBGene00020556,82,581,663
WBGene00020557,245,1343,1588
WBGene00020558,51,293,344
WBGene00020559,24,64,88
WBGene00020560,75,21,96
WBGene00020561,534,2440,2974
WBGene00020562,96,1609,1705
WBGene00020563,164,949,1113
WBGene00020564,73,45,118
WBGene00020565,7,210,217
WBGene00020566,61,272,333
WBGene00020567,61,59,120
WBGene00020568,265,1440,1705
WBGene00020569,64,79,143
WBGene00020571,36,18,54
WBGene00020572,97,390,487
WBGene00020573,45,293,338
WBGene00020574,20,31,51
WBGene00020575,46,68,114
WBGene00020576,14,314,328
WBGene00020577,18,178,196
WBGene00020578,3,8,11
WBGene00020579,177,630,807
WBGene00020580,1,10,11
WBGene00020581,424,1044,1468
WBGene00020582,13,203,216
WBGene00020583,17,20,37
WBGene00020584,40,6,46
WBGene00020585,345,4842,5187
WBGene00020586,89,163,252
WBGene00020587,60,515,575
WBGene00020588,111,1049,1160
WBGene00020589,386,2239,2625
WBGene00020590,88,98,186
WBGene00020592,69,903,972
WBGene00020593,37,369,406
WBGene00020594,10,32,42
WBGene00020595,82,387,469
WBGene00020596,98,779,877
WBGene00020597,0,17,17
WBGene00020598,22,21,43
WBGene00020599,92,162,254
WBGene00020600,424,949,1373
WBGene00020601,49,976,1025
WBGene00020602,14,26,40
WBGene00020603,0,1,1
WBGene00020604,55,2176,2231
WBGene00020605,69,385,454
WBGene00020607,18,16,34
WBGene00020608,18,13,31
WBGene00020609,37,6,43
WBGene00020611,53,6,59
WBGene00020612,34,110,144
WBGene00020613,2,1,3
WBGene00020616,7,3,10
WBGene00020617,7,8,15
WBGene00020618,2,8,10
WBGene00020620,18,13,31
WBGene00020623,12,14,26
WBGene00020624,9,6,15
WBGene00020625,38,534,572
WBGene00020626,23,68,91
WBGene00020627,68,74,142
WBGene00020628,94,646,740
WBGene00020629,56,547,603
WBGene00020630,76,404,480
WBGene00020631,9,6,15
WBGene00020633,57,636,693
WBGene00020634,41,48,89
WBGene00020635,21,11,32
WBGene00020636,82,6705,6787
WBGene00020637,5,9,14
WBGene00020638,14,4,18
WBGene00020639,7,18,25
WBGene00020640,8,5,13
WBGene00020642,13,32,45
WBGene00020645,7,35,42
WBGene00020646,26,15,41
WBGene00020647,90,824,914
WBGene00020648,7,43,50
WBGene00020649,99,357,456
WBGene00020650,5,17,22
WBGene00020651,63,251,314
WBGene00020652,9,44,53
WBGene00020653,6,16,22
WBGene00020655,11,5,16
WBGene00020656,15,0,15
WBGene00020657,262,89,351
WBGene00020658,43,302,345
WBGene00020659,34,387,421
WBGene00020660,8,52,60
WBGene00020661,4,8,12
WBGene00020662,547,3321,3868
WBGene00020663,102,103,205
WBGene00020664,77,776,853
WBGene00020665,5,21,26
WBGene00020666,31,3,34
WBGene00020667,23,13,36
WBGene00020669,83,7,90
WBGene00020670,0,2,2
WBGene00020672,661,63,724
WBGene00020673,65,237,302
WBGene00020674,26,17,43
WBGene00020675,46,526,572
WBGene00020678,152,1585,1737
WBGene00020679,206,5957,6163
WBGene00020680,15,10,25
WBGene00020681,0,4,4
WBGene00020682,263,1847,2110
WBGene00020683,48,3697,3745
WBGene00020684,8,42,50
WBGene00020685,4,0,4
WBGene00020686,64,10,74
WBGene00020687,72,1119,1191
WBGene00020688,27,22,49
WBGene00020689,183,340,523
WBGene00020690,205,1064,1269
WBGene00020691,54,75,129
WBGene00020692,28,54,82
WBGene00020693,158,698,856
WBGene00020694,74,120,194
WBGene00020695,52,674,726
WBGene00020696,315,7057,7372
WBGene00020697,56,68,124
WBGene00020698,23,19,42
WBGene00020699,99,112,211
WBGene00020700,10,38,48
WBGene00020701,90,376,466
WBGene00020702,53,33,86
WBGene00020703,345,2765,3110
WBGene00020704,31,46,77
WBGene00020705,260,815,1075
WBGene00020706,229,551,780
WBGene00020707,25,26,51
WBGene00020708,24,129,153
WBGene00020709,17,544,561
WBGene00020710,35,1805,1840
WBGene00020712,124,203,327
WBGene00020713,13,76,89
WBGene00020714,14,94,108
WBGene00020715,0,2,2
WBGene00020716,26,125,151
WBGene00020717,230,1019,1249
WBGene00020718,46,877,923
WBGene00020719,64,989,1053
WBGene00020720,14,16,30
WBGene00020721,34,210,244
WBGene00020722,246,1665,1911
WBGene00020725,18,337,355
WBGene00020726,67,222,289
WBGene00020727,30,99,129
WBGene00020728,41,24,65
WBGene00020730,28,7,35
WBGene00020732,439,3965,4404
WBGene00020735,281,986,1267
WBGene00020736,1000,1731,2731
WBGene00020737,87,356,443
WBGene00020738,223,1640,1863
WBGene00020740,36,428,464
WBGene00020741,20,70,90
WBGene00020742,150,698,848
WBGene00020743,31,200,231
WBGene00020744,1,185,186
WBGene00020746,15,14,29
WBGene00020747,4,34,38
WBGene00020748,26,21,47
WBGene00020749,16,26,42
WBGene00020750,14,6,20
WBGene00020752,0,1,1
WBGene00020753,0,1,1
WBGene00020754,0,0,0
WBGene00020755,4,12,16
WBGene00020756,98,659,757
WBGene00020757,24,266,290
WBGene00020758,64,107,171
WBGene00020759,12,79,91
WBGene00020760,151,754,905
WBGene00020761,86,357,443
WBGene00020762,134,1529,1663
WBGene00020763,142,455,597
WBGene00020764,21,16,37
WBGene00020765,136,141,277
WBGene00020766,7,11,18
WBGene00020767,116,1229,1345
WBGene00020769,3,1,4
WBGene00020770,274,362,636
WBGene00020771,6,8,14
WBGene00020772,3,2,5
WBGene00020773,11,10,21
WBGene00020774,30,86,116
WBGene00020775,12,12,24
WBGene00020777,89,110,199
WBGene00020778,6,16,22
WBGene00020779,421,1301,1722
WBGene00020781,278,1762,2040
WBGene00020782,64,461,525
WBGene00020783,47,171,218
WBGene00020784,262,961,1223
WBGene00020785,17,15,32
WBGene00020786,63,72,135
WBGene00020787,11,21,32
WBGene00020788,101,788,889
WBGene00020789,17,42,59
WBGene00020790,65,295,360
WBGene00020791,35,11,46
WBGene00020792,14,15,29
WBGene00020793,72,48,120
WBGene00020794,24,23,47
WBGene00020795,60,21,81
WBGene00020796,44,1886,1930
WBGene00020797,23,15,38
WBGene00020798,70,192,262
WBGene00020799,56,903,959
WBGene00020800,37,129,166
WBGene00020801,13,175,188
WBGene00020802,4,5,9
WBGene00020803,9,17,26
WBGene00020804,12,30,42
WBGene00020805,0,34,34
WBGene00020806,39,136,175
WBGene00020807,46,44,90
WBGene00020808,18197,114501,132698
WBGene00020809,11,11,22
WBGene00020810,24,2,26
WBGene00020811,156,625,781
WBGene00020812,369,4996,5365
WBGene00020813,38,35,73
WBGene00020817,17,315,332
WBGene00020819,38,160,198
WBGene00020820,24,261,285
WBGene00020821,79,1096,1175
WBGene00020822,85,384,469
WBGene00020823,90,294,384
WBGene00020824,221,948,1169
WBGene00020825,165,413,578
WBGene00020826,63,20,83
WBGene00020827,43,1433,1476
WBGene00020828,0,90,90
WBGene00020829,79,14,93
WBGene00020830,103,213,316
WBGene00020831,69,1014,1083
WBGene00020832,41,10,51
WBGene00020833,39,85,124
WBGene00020834,95,44,139
WBGene00020835,150,9,159
WBGene00020836,162,2091,2253
WBGene00020837,23,376,399
WBGene00020838,512,2789,3301
WBGene00020839,114,996,1110
WBGene00020840,0,55,55
WBGene00020841,3,2,5
WBGene00020842,27,210,237
WBGene00020843,8,174,182
WBGene00020844,0,295,295
WBGene00020845,2,3,5
WBGene00020846,124,167,291
WBGene00020847,112,252,364
WBGene00020849,20,61,81
WBGene00020850,9,38,47
WBGene00020851,15,18,33
WBGene00020852,139,603,742
WBGene00020853,28,77,105
WBGene00020854,424,11302,11726
WBGene00020855,226,198,424
WBGene00020856,15,3,18
WBGene00020857,52,26,78
WBGene00020858,92,40,132
WBGene00020859,16,34,50
WBGene00020860,0,66,66
WBGene00020861,136,351,487
WBGene00020862,2651,19220,21871
WBGene00020863,5,8,13
WBGene00020864,60,43,103
WBGene00020865,77,757,834
WBGene00020866,325,927,1252
WBGene00020867,339,1092,1431
WBGene00020868,1029,8234,9263
WBGene00020869,38,284,322
WBGene00020870,6,11,17
WBGene00020871,8,2,10
WBGene00020874,13,10,23
WBGene00020875,1,1,2
WBGene00020877,9,39,48
WBGene00020878,22,87,109
WBGene00020879,10,13,23
WBGene00020880,23,21,44
WBGene00020881,12,16,28
WBGene00020882,26,9,35
WBGene00020883,11,271,282
WBGene00020884,284,1350,1634
WBGene00020886,124,4164,4288
WBGene00020887,372,1331,1703
WBGene00020888,28,14,42
WBGene00020889,14,50,64
WBGene00020890,6,10,16
WBGene00020891,325,2762,3087
WBGene00020892,17,16,33
WBGene00020893,32,30,62
WBGene00020894,1476,19480,20956
WBGene00020895,659,3559,4218
WBGene00020896,4,144,148
WBGene00020897,248,628,876
WBGene00020898,8,121,129
WBGene00020899,0,19,19
WBGene00020900,19,11,30
WBGene00020901,81,406,487
WBGene00020902,510,1743,2253
WBGene00020903,110,101,211
WBGene00020904,72,88,160
WBGene00020905,8,7,15
WBGene00020906,20,33,53
WBGene00020907,5,5,10
WBGene00020908,22,124,146
WBGene00020909,62,333,395
WBGene00020910,18,135,153
WBGene00020911,52,111,163
WBGene00020912,47,630,677
WBGene00020913,5,16,21
WBGene00020914,49,16,65
WBGene00020915,189,10158,10347
WBGene00020917,288,2044,2332
WBGene00020918,17,14,31
WBGene00020919,29,326,355
WBGene00020920,139,247,386
WBGene00020921,47,679,726
WBGene00020922,0,2,2
WBGene00020923,0,14,14
WBGene00020924,34,102,136
WBGene00020927,137,4,141
WBGene00020929,253,1655,1908
WBGene00020930,1298,4885,6183
WBGene00020931,26,2056,2082
WBGene00020932,210,1269,1479
WBGene00020933,56,659,715
WBGene00020935,143,766,909
WBGene00020936,77,1417,1494
WBGene00020937,15,443,458
WBGene00020938,25,128,153
WBGene00020939,46,368,414
WBGene00020940,5,8,13
WBGene00020941,25,38,63
WBGene00020942,254,1187,1441
WBGene00020943,8,18,26
WBGene00020944,4,7,11
WBGene00020945,74,5,79
WBGene00020946,64,220,284
WBGene00020947,116,331,447
WBGene00020948,4,30,34
WBGene00020949,26,269,295
WBGene00020950,259,7742,8001
WBGene00020951,246,1830,2076
WBGene00020952,401,136,537
WBGene00020953,0,9,9
WBGene00020954,162,339,501
WBGene00020955,201,169,370
WBGene00020957,123,376,499
WBGene00020961,53,39,92
WBGene00020962,55,85,140
WBGene00020964,169,376,545
WBGene00020966,52,74,126
WBGene00020967,18,22,40
WBGene00020970,158,619,777
WBGene00020972,44,71,115
WBGene00020973,10,11,21
WBGene00020974,0,0,0
WBGene00020976,32,13,45
WBGene00020977,42,21,63
WBGene00020978,17,2,19
WBGene00020979,1,8,9
WBGene00020982,13,1,14
WBGene00020983,25,30,55
WBGene00020984,1,11,12
WBGene00020985,33,58,91
WBGene00020986,43,103,146
WBGene00020987,8,16,24
WBGene00020988,1,2,3
WBGene00020989,44,70,114
WBGene00020990,3,11,14
WBGene00020993,82,991,1073
WBGene00020994,28,1470,1498
WBGene00020995,30,189,219
WBGene00020997,95,175,270
WBGene00020999,99,723,822
WBGene00021000,11,382,393
WBGene00021002,66,511,577
WBGene00021003,4,7,11
WBGene00021004,254,2259,2513
WBGene00021005,18,19,37
WBGene00021006,10,3,13
WBGene00021007,13,41,54
WBGene00021008,46,26,72
WBGene00021009,1424,1991,3415
WBGene00021010,17,10,27
WBGene00021011,0,219,219
WBGene00021012,108,295,403
WBGene00021013,4,3,7
WBGene00021014,28,101,129
WBGene00021015,3,119,122
WBGene00021016,28,20,48
WBGene00021017,27,83,110
WBGene00021019,134,624,758
WBGene00021020,533,805,1338
WBGene00021021,374,1403,1777
WBGene00021022,558,610,1168
WBGene00021023,0,8,8
WBGene00021024,418,2950,3368
WBGene00021025,84,54,138
WBGene00021026,267,2595,2862
WBGene00021027,99,178,277
WBGene00021028,76,28,104
WBGene00021029,0,24,24
WBGene00021030,3,11,14
WBGene00021031,4,29,33
WBGene00021032,40,3,43
WBGene00021033,11,4,15
WBGene00021034,7,21,28
WBGene00021035,9,37,46
WBGene00021036,1081,2945,4026
WBGene00021038,81,236,317
WBGene00021039,68,275,343
WBGene00021040,15,24,39
WBGene00021041,15,15,30
WBGene00021042,6,30,36
WBGene00021043,73,21492,21565
WBGene00021044,269,1750,2019
WBGene00021045,6,29,35
WBGene00021046,91,421,512
WBGene00021047,168,1629,1797
WBGene00021048,381,2575,2956
WBGene00021049,64,304,368
WBGene00021051,39,230,269
WBGene00021052,34,7,41
WBGene00021053,20,45,65
WBGene00021054,0,8,8
WBGene00021055,47,128,175
WBGene00021056,11,32,43
WBGene00021057,33,430,463
WBGene00021058,112,363,475
WBGene00021059,168,388,556
WBGene00021060,73,249,322
WBGene00021061,47,311,358
WBGene00021063,56,445,501
WBGene00021066,12,246,258
WBGene00021067,11,29,40
WBGene00021068,234,11974,12208
WBGene00021070,107,134,241
WBGene00021072,93,19,112
WBGene00021073,291,2751,3042
WBGene00021074,81,1142,1223
WBGene00021075,24953,186,25139
WBGene00021076,44,138,182
WBGene00021078,541,1542,2083
WBGene00021079,785,4470,5255
WBGene00021080,245,1153,1398
WBGene00021081,69,12,81
WBGene00021082,8,240,248
WBGene00021083,0,4,4
WBGene00021084,4,47,51
WBGene00021085,0,109,109
WBGene00021086,0,2,2
WBGene00021087,31,45,76
WBGene00021088,144,7728,7872
WBGene00021089,60,147,207
WBGene00021090,16,2,18
WBGene00021091,1,3,4
WBGene00021092,1,8,9
WBGene00021093,60,1412,1472
WBGene00021094,19,24,43
WBGene00021095,36,605,641
WBGene00021096,56,11,67
WBGene00021097,153,1621,1774
WBGene00021098,0,104,104
WBGene00021099,8,20,28
WBGene00021101,10,53,63
WBGene00021103,149,441,590
WBGene00021104,83,384,467
WBGene00021105,92,5,97
WBGene00021106,0,0,0
WBGene00021107,0,0,0
WBGene00021108,0,0,0
WBGene00021109,4,6,10
WBGene00021110,25,25,50
WBGene00021111,71,141,212
WBGene00021112,4,508,512
WBGene00021113,1,3,4
WBGene00021114,0,13,13
WBGene00021115,10,8,18
WBGene00021116,91,365,456
WBGene00021117,9,27,36
WBGene00021118,14,6,20
WBGene00021120,3,27,30
WBGene00021121,49,441,490
WBGene00021122,9,8,17
WBGene00021123,75,191,266
WBGene00021124,156,88,244
WBGene00021125,58,88,146
WBGene00021126,10,62,72
WBGene00021127,49,825,874
WBGene00021128,548,3780,4328
WBGene00021129,38,10,48
WBGene00021131,60,328,388
WBGene00021132,134,527,661
WBGene00021133,221,2417,2638
WBGene00021134,21,33,54
WBGene00021135,3,11,14
WBGene00021136,3,14,17
WBGene00021137,4,3,7
WBGene00021138,2,7,9
WBGene00021139,7,11,18
WBGene00021141,6,10,16
WBGene00021142,0,0,0
WBGene00021143,1,4,5
WBGene00021144,15,6,21
WBGene00021145,7,11,18
WBGene00021146,125,136,261
WBGene00021148,57,313,370
WBGene00021149,216,1158,1374
WBGene00021150,0,2,2
WBGene00021152,551,225,776
WBGene00021153,7,16,23
WBGene00021154,10,2,12
WBGene00021155,17,235,252
WBGene00021156,67,197,264
WBGene00021157,52,42,94
WBGene00021158,42,29,71
WBGene00021159,116,146,262
WBGene00021160,139,335,474
WBGene00021161,1563,7454,9017
WBGene00021162,2,3,5
WBGene00021163,19,91,110
WBGene00021164,24,0,24
WBGene00021165,0,21,21
WBGene00021166,9,6,15
WBGene00021167,42,83,125
WBGene00021168,16,43,59
WBGene00021169,1,5,6
WBGene00021170,37,1125,1162
WBGene00021171,88,396,484
WBGene00021172,0,1,1
WBGene00021173,7,6,13
WBGene00021174,0,3,3
WBGene00021175,61,4,65
WBGene00021176,61,185,246
WBGene00021177,22,13,35
WBGene00021178,10,134,144
WBGene00021179,12,2,14
WBGene00021180,52,51,103
WBGene00021182,29,11,40
WBGene00021183,11,16,27
WBGene00021184,14,0,14
WBGene00021185,102,297,399
WBGene00021186,132,136,268
WBGene00021187,93,59,152
WBGene00021188,1,1,2
WBGene00021189,2,8,10
WBGene00021190,18,87,105
WBGene00021191,149,898,1047
WBGene00021192,26,124,150
WBGene00021193,36,24,60
WBGene00021194,0,0,0
WBGene00021195,20,21,41
WBGene00021196,26,17,43
WBGene00021197,6,7,13
WBGene00021198,24,10,34
WBGene00021199,81,37,118
WBGene00021200,35,63,98
WBGene00021201,11,182,193
WBGene00021202,101,766,867
WBGene00021204,18,47,65
WBGene00021205,44,691,735
WBGene00021207,35,14,49
WBGene00021208,86,615,701
WBGene00021209,268,656,924
WBGene00021210,150,650,800
WBGene00021212,17,9,26
WBGene00021213,101,25,126
WBGene00021214,20,38,58
WBGene00021215,52,49,101
WBGene00021216,0,0,0
WBGene00021217,0,0,0
WBGene00021219,0,0,0
WBGene00021220,0,0,0
WBGene00021221,0,0,0
WBGene00021222,0,0,0
WBGene00021223,0,0,0
WBGene00021224,0,0,0
WBGene00021226,0,0,0
WBGene00021227,0,0,0
WBGene00021228,0,0,0
WBGene00021232,19,10,29
WBGene00021235,30,6,36
WBGene00021236,0,439,439
WBGene00021237,201,608,809
WBGene00021238,520,115,635
WBGene00021239,360,406,766
WBGene00021241,21,9,30
WBGene00021243,0,11,11
WBGene00021244,195,49,244
WBGene00021245,75,324,399
WBGene00021246,127,195,322
WBGene00021247,110,151,261
WBGene00021248,2719,32319,35038
WBGene00021249,18,19,37
WBGene00021250,8,1,9
WBGene00021251,0,22,22
WBGene00021252,26,16,42
WBGene00021253,75,464,539
WBGene00021254,62,78,140
WBGene00021256,76,28,104
WBGene00021257,8,33,41
WBGene00021259,52,14,66
WBGene00021260,117,337,454
WBGene00021261,32,10,42
WBGene00021262,4,26,30
WBGene00021263,11,10,21
WBGene00021264,32,287,319
WBGene00021266,45,4,49
WBGene00021267,46,69,115
WBGene00021268,16,270,286
WBGene00021269,97,226,323
WBGene00021270,13,893,906
WBGene00021271,71,146,217
WBGene00021272,150,1112,1262
WBGene00021274,91,262,353
WBGene00021275,273,325,598
WBGene00021276,234,760,994
WBGene00021277,142,1144,1286
WBGene00021279,41,24,65
WBGene00021280,0,6,6
WBGene00021281,935,2865,3800
WBGene00021282,35,119,154
WBGene00021283,9,41,50
WBGene00021284,7,12,19
WBGene00021285,0,16,16
WBGene00021286,273,2509,2782
WBGene00021287,13,21,34
WBGene00021288,40,23,63
WBGene00021289,0,8,8
WBGene00021290,2,11,13
WBGene00021291,24,16,40
WBGene00021292,167,2309,2476
WBGene00021293,1,7,8
WBGene00021294,191,616,807
WBGene00021295,134,431,565
WBGene00021296,19,605,624
WBGene00021297,23,17,40
WBGene00021298,7,3,10
WBGene00021299,5,6,11
WBGene00021300,3,6,9
WBGene00021301,34,11,45
WBGene00021302,17,17,34
WBGene00021303,0,4,4
WBGene00021304,160,229,389
WBGene00021305,217,724,941
WBGene00021309,95,89,184
WBGene00021310,20,10,30
WBGene00021311,85,507,592
WBGene00021312,78,2048,2126
WBGene00021313,65,568,633
WBGene00021314,83,508,591
WBGene00021315,63,589,652
WBGene00021316,300,1730,2030
WBGene00021317,4,1,5
WBGene00021319,126,333,459
WBGene00021320,254,640,894
WBGene00021321,49,56,105
WBGene00021322,590,2360,2950
WBGene00021323,123,713,836
WBGene00021324,69,246,315
WBGene00021325,205,850,1055
WBGene00021326,29,86,115
WBGene00021327,1467,2305,3772
WBGene00021328,31,205,236
WBGene00021329,128,441,569
WBGene00021331,192,3377,3569
WBGene00021332,254,217,471
WBGene00021333,108,202,310
WBGene00021334,545,690,1235
WBGene00021335,0,333,333
WBGene00021336,8,32,40
WBGene00021337,11,16,27
WBGene00021338,12,78,90
WBGene00021339,11,13,24
WBGene00021340,92,408,500
WBGene00021343,68,143,211
WBGene00021344,486,130,616
WBGene00021345,0,0,0
WBGene00021346,171,960,1131
WBGene00021347,193,2099,2292
WBGene00021348,307,2201,2508
WBGene00021349,84,238,322
WBGene00021350,43805,200611,244416
WBGene00021351,576,1809,2385
WBGene00021352,171,1108,1279
WBGene00021353,176,225,401
WBGene00021354,39,85,124
WBGene00021355,750,2692,3442
WBGene00021357,127,165,292
WBGene00021358,14,10,24
WBGene00021359,107,621,728
WBGene00021362,142,211,353
WBGene00021363,90,217,307
WBGene00021364,3,11,14
WBGene00021365,149,545,694
WBGene00021366,116,518,634
WBGene00021367,151,778,929
WBGene00021368,39,5,44
WBGene00021369,110,888,998
WBGene00021370,157,628,785
WBGene00021371,39,254,293
WBGene00021372,30,396,426
WBGene00021373,22,12,34
WBGene00021374,235,444,679
WBGene00021375,25,317,342
WBGene00021376,73,248,321
WBGene00021377,51,725,776
WBGene00021378,109,657,766
WBGene00021379,19,78,97
WBGene00021381,25,9,34
WBGene00021382,303,428,731
WBGene00021383,45,40,85
WBGene00021384,13,20,33
WBGene00021385,0,30,30
WBGene00021386,36,41,77
WBGene00021387,91,138,229
WBGene00021388,70,418,488
WBGene00021389,85,49,134
WBGene00021390,8,15,23
WBGene00021391,6,252,258
WBGene00021392,57,760,817
WBGene00021394,233,620,853
WBGene00021395,202,991,1193
WBGene00021396,73,106,179
WBGene00021397,16,32,48
WBGene00021398,1,9,10
WBGene00021400,41,178,219
WBGene00021401,38,505,543
WBGene00021402,64,359,423
WBGene00021403,0,0,0
WBGene00021404,3,0,3
WBGene00021405,0,0,0
WBGene00021406,6,2,8
WBGene00021407,0,9,9
WBGene00021408,2,0,2
WBGene00021409,0,0,0
WBGene00021410,30,15,45
WBGene00021412,52,29,81
WBGene00021413,91,13,104
WBGene00021414,12,0,12
WBGene00021415,144,784,928
WBGene00021416,119,511,630
WBGene00021417,30,82,112
WBGene00021419,50,154,204
WBGene00021420,66,8045,8111
WBGene00021421,88,845,933
WBGene00021423,893,691,1584
WBGene00021425,296,948,1244
WBGene00021427,482,11066,11548
WBGene00021428,102,3,105
WBGene00021430,217,109,326
WBGene00021433,4,4,8
WBGene00021434,16,10,26
WBGene00021435,64,18,82
WBGene00021436,68,34,102
WBGene00021437,74,42,116
WBGene00021438,57,16,73
WBGene00021439,241,471,712
WBGene00021440,115,263,378
WBGene00021441,217,1555,1772
WBGene00021442,62,306,368
WBGene00021443,215,548,763
WBGene00021444,238,330,568
WBGene00021445,29,119,148
WBGene00021446,52,41,93
WBGene00021447,33,125,158
WBGene00021448,20,38,58
WBGene00021449,14,15,29
WBGene00021450,53,18,71
WBGene00021451,67,12,79
WBGene00021452,60,242,302
WBGene00021454,1,12,13
WBGene00021456,181,478,659
WBGene00021457,44,15,59
WBGene00021458,10,33,43
WBGene00021460,106,619,725
WBGene00021461,423,66,489
WBGene00021463,104,26,130
WBGene00021464,31,78,109
WBGene00021465,17,90,107
WBGene00021466,379,4579,4958
WBGene00021467,66,755,821
WBGene00021468,36,1002,1038
WBGene00021469,288,1949,2237
WBGene00021470,119,603,722
WBGene00021471,16,46,62
WBGene00021472,11,8,19
WBGene00021473,177,67,244
WBGene00021474,747,2016,2763
WBGene00021475,517,2809,3326
WBGene00021476,59,446,505
WBGene00021477,55,13,68
WBGene00021478,138,760,898
WBGene00021479,303,15,318
WBGene00021482,219,312,531
WBGene00021484,8,8,16
WBGene00021485,30,55,85
WBGene00021486,579,7618,8197
WBGene00021487,129,387,516
WBGene00021488,10,10,20
WBGene00021490,27,13,40
WBGene00021491,3,17,20
WBGene00021492,21,122,143
WBGene00021493,64,192,256
WBGene00021494,16,31,47
WBGene00021495,8,184,192
WBGene00021496,52,59,111
WBGene00021497,251,169,420
WBGene00021498,30,118,148
WBGene00021499,0,212,212
WBGene00021500,0,30,30
WBGene00021501,37,62,99
WBGene00021502,97,195,292
WBGene00021503,46,426,472
WBGene00021504,37,37,74
WBGene00021505,17,15,32
WBGene00021506,135,1922,2057
WBGene00021507,498,1299,1797
WBGene00021508,52,418,470
WBGene00021509,461,879,1340
WBGene00021510,207,386,593
WBGene00021511,47,73,120
WBGene00021512,229,231,460
WBGene00021513,142,23,165
WBGene00021514,70,1125,1195
WBGene00021515,61,167,228
WBGene00021516,35,14,49
WBGene00021517,18,557,575
WBGene00021518,5,259,264
WBGene00021519,5,162,167
WBGene00021521,6,36,42
WBGene00021522,570,740,1310
WBGene00021524,165,95,260
WBGene00021525,15,13,28
WBGene00021526,39,49,88
WBGene00021527,153,136,289
WBGene00021528,250,409,659
WBGene00021529,57,753,810
WBGene00021530,78,23,101
WBGene00021531,340,105,445
WBGene00021532,144,2569,2713
WBGene00021533,11,270,281
WBGene00021534,751,6636,7387
WBGene00021535,462,136,598
WBGene00021536,75,959,1034
WBGene00021537,36,18,54
WBGene00021538,62,291,353
WBGene00021539,122,927,1049
WBGene00021540,23,46,69
WBGene00021541,10,94,104
WBGene00021542,44,6,50
WBGene00021543,66,1056,1122
WBGene00021544,92,364,456
WBGene00021545,419,755,1174
WBGene00021546,117,378,495
WBGene00021547,38,242,280
WBGene00021548,58,913,971
WBGene00021549,379,327,706
WBGene00021551,275,1173,1448
WBGene00021552,221,967,1188
WBGene00021553,34,26,60
WBGene00021554,86,984,1070
WBGene00021555,31,62,93
WBGene00021556,63,259,322
WBGene00021557,0,90,90
WBGene00021558,119,573,692
WBGene00021559,84,626,710
WBGene00021560,61,96,157
WBGene00021561,204,459,663
WBGene00021562,325,4088,4413
WBGene00021563,104,843,947
WBGene00021564,514,507,1021
WBGene00021565,21,39,60
WBGene00021566,0,0,0
WBGene00021567,0,2,2
WBGene00021568,0,0,0
WBGene00021569,0,0,0
WBGene00021570,0,0,0
WBGene00021571,0,0,0
WBGene00021572,0,0,0
WBGene00021573,0,0,0
WBGene00021576,9,26,35
WBGene00021577,1,0,1
WBGene00021578,10,8,18
WBGene00021579,1,3,4
WBGene00021580,3,31,34
WBGene00021581,27,7,34
WBGene00021582,25,18,43
WBGene00021583,145,346,491
WBGene00021585,36,5,41
WBGene00021586,84,89,173
WBGene00021587,46,90,136
WBGene00021589,13,1439,1452
WBGene00021590,47,340,387
WBGene00021591,2,14,16
WBGene00021592,9,6,15
WBGene00021593,80,5,85
WBGene00021594,130,79,209
WBGene00021595,201,1277,1478
WBGene00021596,55,160,215
WBGene00021597,1207,1375,2582
WBGene00021598,38,52,90
WBGene00021599,221,608,829
WBGene00021600,74,510,584
WBGene00021601,37,212,249
WBGene00021602,28,200,228
WBGene00021603,16,30,46
WBGene00021605,25,58,83
WBGene00021607,35,1341,1376
WBGene00021608,12,4,16
WBGene00021609,52,33,85
WBGene00021610,42,219,261
WBGene00021611,58,202,260
WBGene00021612,1,7,8
WBGene00021613,157,644,801
WBGene00021614,314,2154,2468
WBGene00021615,0,0,0
WBGene00021616,1,4,5
WBGene00021617,28,13,41
WBGene00021619,3,4,7
WBGene00021620,4,11,15
WBGene00021621,18,14,32
WBGene00021623,2,8,10
WBGene00021624,17,55,72
WBGene00021625,0,59,59
WBGene00021626,157,303,460
WBGene00021627,1,5,6
WBGene00021628,101,642,743
WBGene00021629,229,1121,1350
WBGene00021630,15,43,58
WBGene00021631,10,2,12
WBGene00021632,13,16,29
WBGene00021633,20,13,33
WBGene00021634,222,416,638
WBGene00021635,52,167,219
WBGene00021636,101,495,596
WBGene00021637,120,377,497
WBGene00021638,169,883,1052
WBGene00021639,30,49,79
WBGene00021640,159,161,320
WBGene00021641,47,1903,1950
WBGene00021643,179,455,634
WBGene00021644,62,1014,1076
WBGene00021645,169,272,441
WBGene00021646,354,543,897
WBGene00021647,276,1779,2055
WBGene00021648,12,458,470
WBGene00021649,17,121,138
WBGene00021650,2,13,15
WBGene00021653,0,4,4
WBGene00021654,5,69,74
WBGene00021655,32,453,485
WBGene00021656,17,14,31
WBGene00021657,80,160,240
WBGene00021658,25,116,141
WBGene00021660,337,1111,1448
WBGene00021661,129,135,264
WBGene00021662,0,11,11
WBGene00021666,48,286,334
WBGene00021667,14,47,61
WBGene00021671,289,290,579
WBGene00021672,39,35,74
WBGene00021675,53,90,143
WBGene00021676,24,237,261
WBGene00021677,42,289,331
WBGene00021678,106,10,116
WBGene00021679,12,144,156
WBGene00021681,528,816,1344
WBGene00021682,275,473,748
WBGene00021683,165,215,380
WBGene00021685,1092,502,1594
WBGene00021686,662,1300,1962
WBGene00021687,94,243,337
WBGene00021689,338,254,592
WBGene00021690,9,20,29
WBGene00021691,83,1103,1186
WBGene00021692,27,156,183
WBGene00021693,79,144,223
WBGene00021694,11,16,27
WBGene00021697,950,3547,4497
WBGene00021698,437,822,1259
WBGene00021700,1,10,11
WBGene00021701,34,19,53
WBGene00021702,173,805,978
WBGene00021703,50,19,69
WBGene00021704,123,56,179
WBGene00021705,14,28,42
WBGene00021706,26,17,43
WBGene00021707,5,22,27
WBGene00021708,16,26,42
WBGene00021709,33,116,149
WBGene00021710,19,25,44
WBGene00021711,12,13,25
WBGene00021713,4,8,12
WBGene00021714,58,266,324
WBGene00021715,213,1250,1463
WBGene00021716,32,7,39
WBGene00021717,3,7,10
WBGene00021718,0,0,0
WBGene00021719,7,5,12
WBGene00021720,20,3,23
WBGene00021721,68,114,182
WBGene00021722,8,20,28
WBGene00021724,7,9,16
WBGene00021725,31,63,94
WBGene00021726,10,12,22
WBGene00021727,0,5,5
WBGene00021728,101,17,118
WBGene00021729,3,9,12
WBGene00021730,14,6,20
WBGene00021731,4,22,26
WBGene00021732,148,229,377
WBGene00021733,438,626,1064
WBGene00021734,145,80,225
WBGene00021735,253,598,851
WBGene00021736,1532,688,2220
WBGene00021738,235,398,633
WBGene00021739,0,113,113
WBGene00021740,329,727,1056
WBGene00021741,73,55,128
WBGene00021743,171,73,244
WBGene00021744,21,6,27
WBGene00021745,45,106,151
WBGene00021746,8,8,16
WBGene00021748,107,358,465
WBGene00021749,95,349,444
WBGene00021750,50,171,221
WBGene00021751,784,171,955
WBGene00021752,305,206,511
WBGene00021753,285,677,962
WBGene00021754,529,2327,2856
WBGene00021755,95,99,194
WBGene00021756,229,368,597
WBGene00021757,307,1194,1501
WBGene00021758,189,470,659
WBGene00021759,27,54,81
WBGene00021763,100,214,314
WBGene00021764,93,329,422
WBGene00021765,347,450,797
WBGene00021766,109,252,361
WBGene00021768,499,6067,6566
WBGene00021771,381,748,1129
WBGene00021772,85,17,102
WBGene00021773,1,9,10
WBGene00021774,0,9,9
WBGene00021776,209,426,635
WBGene00021778,30,28,58
WBGene00021779,8,34,42
WBGene00021780,2,8,10
WBGene00021781,83,403,486
WBGene00021783,319,1165,1484
WBGene00021784,97,953,1050
WBGene00021785,108,1150,1258
WBGene00021786,4,13,17
WBGene00021787,23,16,39
WBGene00021788,242,39,281
WBGene00021789,304,694,998
WBGene00021790,76,9,85
WBGene00021791,14,11,25
WBGene00021793,17,5,22
WBGene00021794,14,11,25
WBGene00021795,6,51,57
WBGene00021796,92,674,766
WBGene00021797,36,14,50
WBGene00021798,70,22,92
WBGene00021799,42,95,137
WBGene00021800,274,5418,5692
WBGene00021801,29,1,30
WBGene00021803,0,15,15
WBGene00021804,32,28,60
WBGene00021805,20,54,74
WBGene00021806,16,3,19
WBGene00021807,36,10,46
WBGene00021808,453,972,1425
WBGene00021809,5,123,128
WBGene00021810,355,701,1056
WBGene00021811,277,1860,2137
WBGene00021812,48,240,288
WBGene00021813,87,1167,1254
WBGene00021814,111,152,263
WBGene00021815,64,778,842
WBGene00021816,66,1306,1372
WBGene00021817,100,234,334
WBGene00021818,279,3385,3664
WBGene00021820,434,563,997
WBGene00021821,0,35,35
WBGene00021822,1,0,1
WBGene00021826,200,1925,2125
WBGene00021827,101,448,549
WBGene00021828,207,435,642
WBGene00021829,44,2627,2671
WBGene00021830,100,2090,2190
WBGene00021831,396,762,1158
WBGene00021832,93,118,211
WBGene00021833,106,0,106
WBGene00021834,15,483,498
WBGene00021835,79,354,433
WBGene00021837,0,2,2
WBGene00021838,693,1756,2449
WBGene00021839,455,3335,3790
WBGene00021840,358,295,653
WBGene00021841,68,185,253
WBGene00021842,398,793,1191
WBGene00021843,645,2919,3564
WBGene00021844,84,1670,1754
WBGene00021845,36,1936,1972
WBGene00021846,208,254,462
WBGene00021847,176,552,728
WBGene00021848,118,141,259
WBGene00021849,773,7869,8642
WBGene00021850,53,64,117
WBGene00021852,248,1257,1505
WBGene00021853,0,25,25
WBGene00021854,134,1144,1278
WBGene00021855,91,354,445
WBGene00021856,224,360,584
WBGene00021857,939,3172,4111
WBGene00021858,343,181,524
WBGene00021859,48,8,56
WBGene00021860,24,15,39
WBGene00021861,19,52,71
WBGene00021862,58,21,79
WBGene00021863,256,427,683
WBGene00021864,53,189,242
WBGene00021865,49,20,69
WBGene00021866,53,259,312
WBGene00021867,97,628,725
WBGene00021868,188,1339,1527
WBGene00021869,16,82,98
WBGene00021870,105,206,311
WBGene00021871,29,72,101
WBGene00021872,2,591,593
WBGene00021873,27,19,46
WBGene00021875,279,1440,1719
WBGene00021876,278,1177,1455
WBGene00021877,164,42,206
WBGene00021878,69,47,116
WBGene00021879,17,308,325
WBGene00021880,2,0,2
WBGene00021881,165,104,269
WBGene00021882,626,847,1473
WBGene00021883,133,3394,3527
WBGene00021884,4,124,128
WBGene00021887,31,73,104
WBGene00021888,171,2754,2925
WBGene00021890,521,3082,3603
WBGene00021891,0,25,25
WBGene00021892,29,9,38
WBGene00021893,753,1733,2486
WBGene00021894,409,2021,2430
WBGene00021895,54,36,90
WBGene00021897,135,332,467
WBGene00021898,52,168,220
WBGene00021899,352,2841,3193
WBGene00021900,159,1365,1524
WBGene00021901,10,795,805
WBGene00021902,90,299,389
WBGene00021903,48,628,676
WBGene00021904,53,461,514
WBGene00021905,170,334,504
WBGene00021906,187,582,769
WBGene00021907,1,4,5
WBGene00021908,13,21,34
WBGene00021909,42,783,825
WBGene00021910,695,573,1268
WBGene00021911,17,54,71
WBGene00021912,89,253,342
WBGene00021913,35,493,528
WBGene00021914,187,159,346
WBGene00021915,174,522,696
WBGene00021916,3,22,25
WBGene00021917,74,215,289
WBGene00021918,49,721,770
WBGene00021919,41,40,81
WBGene00021920,386,1957,2343
WBGene00021921,708,1943,2651
WBGene00021922,51,1098,1149
WBGene00021923,106,229,335
WBGene00021925,129,299,428
WBGene00021926,177,1349,1526
WBGene00021927,13,190,203
WBGene00021928,28,144,172
WBGene00021929,35,695,730
WBGene00021930,323,3626,3949
WBGene00021931,98,41,139
WBGene00021932,82,464,546
WBGene00021933,19,197,216
WBGene00021934,175,3038,3213
WBGene00021935,111,418,529
WBGene00021936,743,1148,1891
WBGene00021938,146,957,1103
WBGene00021939,250,57,307
WBGene00021941,44,69,113
WBGene00021942,30,124,154
WBGene00021943,216,1267,1483
WBGene00021945,72,229,301
WBGene00021947,51,33,84
WBGene00021948,480,947,1427
WBGene00021949,10,16,26
WBGene00021950,50,233,283
WBGene00021951,25,51,76
WBGene00021952,227,3152,3379
WBGene00021953,17,17,34
WBGene00021956,61,1357,1418
WBGene00021957,4,3,7
WBGene00021958,9,11,20
WBGene00021959,477,3719,4196
WBGene00021960,210,2612,2822
WBGene00021961,15,3,18
WBGene00021963,33,43,76
WBGene00021964,20,6,26
WBGene00021965,35,221,256
WBGene00021966,10,32,42
WBGene00021967,6,3,9
WBGene00021968,35,21,56
WBGene00021969,9,19,28
WBGene00021970,46,17,63
WBGene00021972,102,259,361
WBGene00021973,240,1090,1330
WBGene00021974,178,1027,1205
WBGene00021975,45,138,183
WBGene00021976,45,298,343
WBGene00021977,8,218,226
WBGene00021978,0,26,26
WBGene00021979,14,531,545
WBGene00021980,170,335,505
WBGene00021981,46,1501,1547
WBGene00021983,82,839,921
WBGene00021984,127,461,588
WBGene00021985,54,49,103
WBGene00021986,148,924,1072
WBGene00021987,22,1,23
WBGene00021988,0,0,0
WBGene00021992,13,3,16
WBGene00021993,0,5,5
WBGene00021994,42,27,69
WBGene00021996,18,29,47
WBGene00021997,0,0,0
WBGene00021998,24,30,54
WBGene00021999,8,6,14
WBGene00022000,0,0,0
WBGene00022002,0,2,2
WBGene00022003,0,0,0
WBGene00022004,47,313,360
WBGene00022005,0,2,2
WBGene00022006,0,0,0
WBGene00022007,0,0,0
WBGene00022008,29,5,34
WBGene00022010,199,1082,1281
WBGene00022011,3,100,103
WBGene00022012,22,24,46
WBGene00022013,145,130,275
WBGene00022014,362,309,671
WBGene00022015,317,1091,1408
WBGene00022016,7,6,13
WBGene00022018,16,166,182
WBGene00022019,416,1412,1828
WBGene00022020,0,18,18
WBGene00022021,245,1677,1922
WBGene00022022,50,546,596
WBGene00022024,4,35,39
WBGene00022025,98,810,908
WBGene00022026,422,1023,1445
WBGene00022027,405,3263,3668
WBGene00022028,1,14,15
WBGene00022029,95,1231,1326
WBGene00022030,16,8,24
WBGene00022031,87,416,503
WBGene00022032,20,54,74
WBGene00022033,114,1416,1530
WBGene00022034,49,319,368
WBGene00022035,120,54,174
WBGene00022036,52,84,136
WBGene00022037,143,902,1045
WBGene00022038,46,130,176
WBGene00022039,31,24,55
WBGene00022040,34,154,188
WBGene00022042,5241,58465,63706
WBGene00022043,20,443,463
WBGene00022044,33,832,865
WBGene00022045,525,2004,2529
WBGene00022046,6,7524,7530
WBGene00022047,47,563,610
WBGene00022048,1246,10070,11316
WBGene00022051,144,436,580
WBGene00022052,141,300,441
WBGene00022053,939,6864,7803
WBGene00022054,81,277,358
WBGene00022055,22,196,218
WBGene00022056,165,210,375
WBGene00022057,53,616,669
WBGene00022059,1390,1142,2532
WBGene00022060,10,245,255
WBGene00022061,110,92,202
WBGene00022062,64,31,95
WBGene00022063,154,989,1143
WBGene00022064,13,14,27
WBGene00022066,0,6,6
WBGene00022067,369,428,797
WBGene00022069,298,4794,5092
WBGene00022070,2,7,9
WBGene00022071,21,40,61
WBGene00022072,2030,16533,18563
WBGene00022073,109,286,395
WBGene00022074,287,707,994
WBGene00022075,469,4988,5457
WBGene00022076,25,37,62
WBGene00022077,107,1065,1172
WBGene00022078,563,1688,2251
WBGene00022083,29,67,96
WBGene00022086,111,36,147
WBGene00022087,665,724,1389
WBGene00022089,1293,28752,30045
WBGene00022090,6,15,21
WBGene00022092,231,1282,1513
WBGene00022093,523,3756,4279
WBGene00022094,16,4,20
WBGene00022095,1,0,1
WBGene00022096,5,6,11
WBGene00022097,23,2,25
WBGene00022099,258,1941,2199
WBGene00022100,465,834,1299
WBGene00022101,50,140,190
WBGene00022102,15,25,40
WBGene00022103,368,201,569
WBGene00022104,688,171,859
WBGene00022106,249,291,540
WBGene00022107,61,662,723
WBGene00022108,25,12,37
WBGene00022110,54,115,169
WBGene00022111,0,192,192
WBGene00022112,28,70,98
WBGene00022113,50,89,139
WBGene00022114,131,6024,6155
WBGene00022115,179,1224,1403
WBGene00022116,66,245,311
WBGene00022117,239,175,414
WBGene00022118,111,402,513
WBGene00022119,37,2189,2226
WBGene00022121,298,394,692
WBGene00022122,73,7041,7114
WBGene00022123,70,231,301
WBGene00022124,257,224,481
WBGene00022125,69,371,440
WBGene00022126,98,318,416
WBGene00022127,23,5393,5416
WBGene00022128,112,652,764
WBGene00022129,111,284,395
WBGene00022130,55,88,143
WBGene00022131,91,276,367
WBGene00022133,12,2,14
WBGene00022134,572,1664,2236
WBGene00022138,824,534,1358
WBGene00022139,216,766,982
WBGene00022140,157,4,161
WBGene00022141,26,604,630
WBGene00022142,84,52,136
WBGene00022143,3,6,9
WBGene00022144,95,7508,7603
WBGene00022145,72,15,87
WBGene00022146,65,799,864
WBGene00022148,717,1616,2333
WBGene00022149,228,15162,15390
WBGene00022150,45,1515,1560
WBGene00022152,258,719,977
WBGene00022153,183,362,545
WBGene00022154,59,141,200
WBGene00022155,93,204,297
WBGene00022156,11,11,22
WBGene00022157,16,1,17
WBGene00022158,61,333,394
WBGene00022159,558,2022,2580
WBGene00022160,41,100,141
WBGene00022161,17,119,136
WBGene00022162,4,1,5
WBGene00022165,106,210,316
WBGene00022166,202,856,1058
WBGene00022167,183,376,559
WBGene00022168,315,690,1005
WBGene00022169,331,2496,2827
WBGene00022170,3493,26604,30097
WBGene00022171,33,271,304
WBGene00022172,60,67,127
WBGene00022173,346,1122,1468
WBGene00022174,264,224,488
WBGene00022175,154,345,499
WBGene00022176,310,1015,1325
WBGene00022177,59,34,93
WBGene00022178,108,207,315
WBGene00022179,124,27,151
WBGene00022180,164,1290,1454
WBGene00022181,48,305,353
WBGene00022182,270,893,1163
WBGene00022185,187,803,990
WBGene00022188,152,637,789
WBGene00022189,13,11,24
WBGene00022190,19,143,162
WBGene00022191,95,189,284
WBGene00022192,94,832,926
WBGene00022193,33,323,356
WBGene00022194,554,8425,8979
WBGene00022195,178,392,570
WBGene00022196,36,646,682
WBGene00022197,19,49,68
WBGene00022198,78,211,289
WBGene00022199,113,3729,3842
WBGene00022200,118,248,366
WBGene00022201,105,882,987
WBGene00022202,187,1246,1433
WBGene00022203,61,250,311
WBGene00022206,120,95,215
WBGene00022207,15843,44,15887
WBGene00022209,69,7,76
WBGene00022210,0,0,0
WBGene00022213,113,54,167
WBGene00022215,2,11,13
WBGene00022216,11,14,25
WBGene00022217,5,4,9
WBGene00022218,10,5,15
WBGene00022219,304,317,621
WBGene00022221,10,59,69
WBGene00022223,13,8,21
WBGene00022224,3,17,20
WBGene00022225,2,10,12
WBGene00022228,96,63,159
WBGene00022230,436,2099,2535
WBGene00022231,221,155,376
WBGene00022232,120,345,465
WBGene00022233,184,2373,2557
WBGene00022235,1002,21788,22790
WBGene00022236,0,17,17
WBGene00022237,7,13,20
WBGene00022240,132,579,711
WBGene00022242,192,1022,1214
WBGene00022243,0,22,22
WBGene00022244,1,72,73
WBGene00022245,483,3111,3594
WBGene00022246,34,170,204
WBGene00022247,210,134,344
WBGene00022248,255,2122,2377
WBGene00022250,38,251,289
WBGene00022251,92,644,736
WBGene00022252,75,227,302
WBGene00022253,120,1738,1858
WBGene00022254,102,1301,1403
WBGene00022255,31,223,254
WBGene00022256,10,8,18
WBGene00022257,1,50,51
WBGene00022258,55,460,515
WBGene00022259,68,390,458
WBGene00022260,103,522,625
WBGene00022261,110,423,533
WBGene00022262,4,28,32
WBGene00022263,23,37,60
WBGene00022264,7,42,49
WBGene00022265,6,35,41
WBGene00022266,11,5,16
WBGene00022267,32,61,93
WBGene00022268,286,1300,1586
WBGene00022269,200,1033,1233
WBGene00022270,238,261,499
WBGene00022271,55,2673,2728
WBGene00022273,53,285,338
WBGene00022274,160,50,210
WBGene00022275,8,35,43
WBGene00022276,246,5146,5392
WBGene00022277,187,774,961
WBGene00022278,513,492,1005
WBGene00022279,110,846,956
WBGene00022280,119,862,981
WBGene00022281,284,787,1071
WBGene00022282,0,7,7
WBGene00022283,65,86,151
WBGene00022284,107,566,673
WBGene00022285,859,252,1111
WBGene00022286,189,495,684
WBGene00022287,88,752,840
WBGene00022288,31,75,106
WBGene00022289,20,24,44
WBGene00022290,18,0,18
WBGene00022291,0,0,0
WBGene00022292,4,14,18
WBGene00022295,51,34,85
WBGene00022296,537,993,1530
WBGene00022297,126,1542,1668
WBGene00022298,24,22,46
WBGene00022300,186,494,680
WBGene00022301,483,870,1353
WBGene00022302,109,1052,1161
WBGene00022303,2,150,152
WBGene00022306,961,1553,2514
WBGene00022307,32,621,653
WBGene00022308,1,0,1
WBGene00022309,198,520,718
WBGene00022310,205,828,1033
WBGene00022311,21,5,26
WBGene00022312,11,8,19
WBGene00022313,160,72,232
WBGene00022314,43,159,202
WBGene00022315,26,29,55
WBGene00022316,868,1,869
WBGene00022317,6,34,40
WBGene00022318,5,8,13
WBGene00022319,17,7,24
WBGene00022320,27,4,31
WBGene00022321,10,9,19
WBGene00022322,2,11,13
WBGene00022323,1,6,7
WBGene00022324,12,20,32
WBGene00022325,14,134,148
WBGene00022326,25,146,171
WBGene00022327,35,71,106
WBGene00022328,17,16,33
WBGene00022329,24,86,110
WBGene00022330,14,38,52
WBGene00022331,6,24,30
WBGene00022332,17,7,24
WBGene00022333,12,14,26
WBGene00022334,87,49,136
WBGene00022335,62,108,170
WBGene00022336,1891,140622,142513
WBGene00022337,1,15,16
WBGene00022338,128,37,165
WBGene00022339,1861,5618,7479
WBGene00022340,21,7,28
WBGene00022341,16,1,17
WBGene00022342,18,6,24
WBGene00022343,1,4,5
WBGene00022344,10,6,16
WBGene00022345,4,10,14
WBGene00022346,18,39,57
WBGene00022347,127,1408,1535
WBGene00022348,97,1400,1497
WBGene00022349,140,44,184
WBGene00022350,20,417,437
WBGene00022351,9,22,31
WBGene00022352,43,28,71
WBGene00022353,17,42,59
WBGene00022354,353,616,969
WBGene00022356,15,314,329
WBGene00022357,61,393,454
WBGene00022358,273,545,818
WBGene00022360,484,707,1191
WBGene00022361,451,541,992
WBGene00022363,268,313,581
WBGene00022365,239,112,351
WBGene00022366,482,492,974
WBGene00022367,242,353,595
WBGene00022368,114,754,868
WBGene00022369,154,633,787
WBGene00022371,688,468,1156
WBGene00022372,164,119,283
WBGene00022373,317,3011,3328
WBGene00022374,57,105,162
WBGene00022375,14,17,31
WBGene00022376,189,1322,1511
WBGene00022377,7,39,46
WBGene00022378,769,1908,2677
WBGene00022379,42,76,118
WBGene00022380,710,3730,4440
WBGene00022381,150,925,1075
WBGene00022382,0,2916,2916
WBGene00022383,187,87,274
WBGene00022385,65,40,105
WBGene00022386,232,511,743
WBGene00022388,384,508,892
WBGene00022389,177,809,986
WBGene00022390,92,130,222
WBGene00022391,547,666,1213
WBGene00022392,35,59,94
WBGene00022393,113,914,1027
WBGene00022394,62,1973,2035
WBGene00022395,27,27,54
WBGene00022396,45,471,516
WBGene00022397,248,1043,1291
WBGene00022398,42,255,297
WBGene00022399,29,126,155
WBGene00022400,35,1123,1158
WBGene00022401,83,1983,2066
WBGene00022402,42,889,931
WBGene00022403,40,34,74
WBGene00022404,16,25,41
WBGene00022405,14,32,46
WBGene00022406,18,30,48
WBGene00022408,2,44,46
WBGene00022409,47,32,79
WBGene00022410,22,3724,3746
WBGene00022411,18,18,36
WBGene00022412,99,204,303
WBGene00022413,63,246,309
WBGene00022415,12,85,97
WBGene00022416,124,411,535
WBGene00022417,32,127,159
WBGene00022418,66,202,268
WBGene00022419,132,206,338
WBGene00022420,46,581,627
WBGene00022421,5,13,18
WBGene00022423,219,81,300
WBGene00022425,146,828,974
WBGene00022426,115,337,452
WBGene00022427,189,537,726
WBGene00022428,79,232,311
WBGene00022429,1,0,1
WBGene00022431,154,25,179
WBGene00022433,46,5,51
WBGene00022434,578,404,982
WBGene00022435,191,198,389
WBGene00022438,11,8,19
WBGene00022439,45,37,82
WBGene00022440,68,265,333
WBGene00022441,74,354,428
WBGene00022442,2,0,2
WBGene00022443,1,1,2
WBGene00022444,1,6,7
WBGene00022445,45,117,162
WBGene00022446,0,16,16
WBGene00022447,243,137,380
WBGene00022448,111,239,350
WBGene00022450,38,90,128
WBGene00022452,0,70,70
WBGene00022453,290,1550,1840
WBGene00022454,78,41,119
WBGene00022455,27,897,924
WBGene00022456,123,1167,1290
WBGene00022457,81,403,484
WBGene00022458,19,971,990
WBGene00022459,57,346,403
WBGene00022460,119,500,619
WBGene00022462,18,145,163
WBGene00022463,179,961,1140
WBGene00022465,86,493,579
WBGene00022466,109,636,745
WBGene00022467,4,36,40
WBGene00022469,55,206,261
WBGene00022470,463,1956,2419
WBGene00022471,91,269,360
WBGene00022472,228,1604,1832
WBGene00022473,1109,2529,3638
WBGene00022474,38,154,192
WBGene00022475,86,832,918
WBGene00022476,12,17,29
WBGene00022477,5,291,296
WBGene00022478,13,13,26
WBGene00022479,12,33,45
WBGene00022481,0,0,0
WBGene00022482,2,0,2
WBGene00022483,0,0,0
WBGene00022484,42,134,176
WBGene00022485,50,115,165
WBGene00022486,38,29,67
WBGene00022487,7,17,24
WBGene00022488,130,412,542
WBGene00022489,324,1649,1973
WBGene00022490,43,119,162
WBGene00022491,112,115,227
WBGene00022492,75,1855,1930
WBGene00022493,88,651,739
WBGene00022494,223,372,595
WBGene00022495,2,41,43
WBGene00022496,0,0,0
WBGene00022497,0,7266,7266
WBGene00022498,24,20,44
WBGene00022499,279,3433,3712
WBGene00022500,446,4933,5379
WBGene00022501,714,535,1249
WBGene00022502,61,248,309
WBGene00022503,17,124,141
WBGene00022504,72,46,118
WBGene00022505,855,990,1845
WBGene00022506,25,45,70
WBGene00022507,30,372,402
WBGene00022508,4,9,13
WBGene00022509,0,62,62
WBGene00022511,140,70,210
WBGene00022512,9,2,11
WBGene00022515,70,706,776
WBGene00022516,87,1385,1472
WBGene00022517,91,54,145
WBGene00022518,409,1158,1567
WBGene00022519,243,763,1006
WBGene00022522,11,38,49
WBGene00022527,41,21,62
WBGene00022528,16,13,29
WBGene00022529,43,14,57
WBGene00022530,16,198,214
WBGene00022531,36,450,486
WBGene00022532,18,87,105
WBGene00022533,40,118,158
WBGene00022534,117,856,973
WBGene00022536,49,20,69
WBGene00022537,16,25,41
WBGene00022538,87,937,1024
WBGene00022539,101,994,1095
WBGene00022540,41,20,61
WBGene00022541,1,20,21
WBGene00022542,20,9,29
WBGene00022543,20,0,20
WBGene00022544,45,34,79
WBGene00022546,44,17,61
WBGene00022547,11,2,13
WBGene00022548,48,7,55
WBGene00022549,61,93,154
WBGene00022550,25,19,44
WBGene00022551,9,6,15
WBGene00022552,10,30,40
WBGene00022553,4,4,8
WBGene00022554,40,268,308
WBGene00022555,0,3,3
WBGene00022556,0,0,0
WBGene00022557,0,7,7
WBGene00022558,0,3,3
WBGene00022559,1,4,5
WBGene00022560,4,8,12
WBGene00022561,1,2,3
WBGene00022562,78,287,365
WBGene00022563,3,4,7
WBGene00022564,69,129,198
WBGene00022565,10,31,41
WBGene00022566,7,8,15
WBGene00022567,37,85,122
WBGene00022568,26,278,304
WBGene00022569,60,1047,1107
WBGene00022570,5,8,13
WBGene00022571,0,2,2
WBGene00022572,2,3,5
WBGene00022573,8,26,34
WBGene00022574,2,56,58
WBGene00022575,0,17,17
WBGene00022576,21,95,116
WBGene00022577,27,27,54
WBGene00022578,7,1,8
WBGene00022579,225,1322,1547
WBGene00022580,123,621,744
WBGene00022581,2,24,26
WBGene00022582,0,0,0
WBGene00022583,572,2989,3561
WBGene00022584,66,158,224
WBGene00022586,2,24,26
WBGene00022587,2,16,18
WBGene00022588,86,357,443
WBGene00022589,59,2,61
WBGene00022590,3,21,24
WBGene00022591,68,278,346
WBGene00022592,155,480,635
WBGene00022593,335,544,879
WBGene00022594,13,16,29
WBGene00022596,6,5,11
WBGene00022597,135,1581,1716
WBGene00022598,149,1003,1152
WBGene00022599,2050,22336,24386
WBGene00022600,8,3,11
WBGene00022601,32,39,71
WBGene00022602,27,1,28
WBGene00022603,99,706,805
WBGene00022604,3,5,8
WBGene00022605,4,27,31
WBGene00022606,28,22,50
WBGene00022607,0,0,0
WBGene00022608,92,277,369
WBGene00022609,64,204,268
WBGene00022610,42,166,208
WBGene00022611,59,40,99
WBGene00022612,15,56,71
WBGene00022613,77,321,398
WBGene00022614,107,1048,1155
WBGene00022615,77,2205,2282
WBGene00022616,8,13,21
WBGene00022617,10,2,12
WBGene00022618,145,1641,1786
WBGene00022619,0,12,12
WBGene00022620,60,544,604
WBGene00022621,5,1,6
WBGene00022623,17,253,270
WBGene00022624,60,68,128
WBGene00022625,1,0,1
WBGene00022627,45,38,83
WBGene00022628,23,16,39
WBGene00022629,57,179,236
WBGene00022631,21,79,100
WBGene00022632,14,3,17
WBGene00022633,75,185,260
WBGene00022634,15,6,21
WBGene00022635,246,359,605
WBGene00022637,5,29,34
WBGene00022638,9,1,10
WBGene00022639,18,7,25
WBGene00022640,12,12,24
WBGene00022641,17,30,47
WBGene00022642,145,742,887
WBGene00022643,33,22,55
WBGene00022644,122,1014,1136
WBGene00022645,194,1210,1404
WBGene00022646,26,587,613
WBGene00022647,103,394,497
WBGene00022648,387,495,882
WBGene00022649,31,208,239
WBGene00022650,196,181,377
WBGene00022651,1,1,2
WBGene00022652,0,2,2
WBGene00022653,3,29,32
WBGene00022654,21,11,32
WBGene00022655,71,21,92
WBGene00022656,8,21,29
WBGene00022657,8,167,175
WBGene00022660,0,12,12
WBGene00022661,72,145,217
WBGene00022662,21,41,62
WBGene00022663,81,657,738
WBGene00022664,32,583,615
WBGene00022665,22,106,128
WBGene00022666,130,792,922
WBGene00022667,206,1102,1308
WBGene00022668,169,1032,1201
WBGene00022669,2,9,11
WBGene00022670,2,1,3
WBGene00022671,14,16,30
WBGene00022672,126,437,563
WBGene00022673,87,306,393
WBGene00022674,0,7,7
WBGene00022675,574,744,1318
WBGene00022677,48,342,390
WBGene00022678,92,2748,2840
WBGene00022679,1,25,26
WBGene00022680,40,29,69
WBGene00022681,27,65,92
WBGene00022682,70,86,156
WBGene00022683,91,272,363
WBGene00022685,3,1,4
WBGene00022689,5,3,8
WBGene00022690,9,16,25
WBGene00022691,12,16,28
WBGene00022692,0,0,0
WBGene00022694,77,509,586
WBGene00022695,82,371,453
WBGene00022696,56,139,195
WBGene00022697,132,869,1001
WBGene00022698,9,19,28
WBGene00022699,5,4,9
WBGene00022700,44,111,155
WBGene00022702,6,266,272
WBGene00022703,120,793,913
WBGene00022704,61,395,456
WBGene00022705,14,60,74
WBGene00022706,47,63,110
WBGene00022707,8,41,49
WBGene00022708,8,58,66
WBGene00022709,33,47,80
WBGene00022710,8,1,9
WBGene00022711,48,7,55
WBGene00022712,42,293,335
WBGene00022713,1,4,5
WBGene00022714,7,10,17
WBGene00022715,43,33,76
WBGene00022716,9,9,18
WBGene00022717,117,670,787
WBGene00022718,182,1286,1468
WBGene00022719,175,1480,1655
WBGene00022720,22,179,201
WBGene00022721,57,265,322
WBGene00022722,153,1692,1845
WBGene00022723,119,14,133
WBGene00022724,13,23,36
WBGene00022725,11,27,38
WBGene00022726,3,6,9
WBGene00022727,154,475,629
WBGene00022728,45,15,60
WBGene00022729,0,2,2
WBGene00022730,179,312,491
WBGene00022731,24,40,64
WBGene00022732,19,41,60
WBGene00022733,121,99,220
WBGene00022734,103,1839,1942
WBGene00022735,36,92,128
WBGene00022736,33,218,251
WBGene00022737,22,152,174
WBGene00022738,265,2664,2929
WBGene00022739,200,1270,1470
WBGene00022741,176,66,242
WBGene00022742,123,1129,1252
WBGene00022743,136,324,460
WBGene00022744,53,79,132
WBGene00022745,1014,5856,6870
WBGene00022746,0,16,16
WBGene00022747,3,23,26
WBGene00022748,263,12583,12846
WBGene00022749,81,1290,1371
WBGene00022750,577,1556,2133
WBGene00022751,0,3,3
WBGene00022752,14,98,112
WBGene00022753,17,10,27
WBGene00022754,0,18,18
WBGene00022756,15,25,40
WBGene00022757,23,16,39
WBGene00022758,19,6,25
WBGene00022759,43,960,1003
WBGene00022761,0,11,11
WBGene00022762,56,243,299
WBGene00022765,517,2844,3361
WBGene00022766,98,1940,2038
WBGene00022767,35,95,130
WBGene00022769,63,424,487
WBGene00022770,40,356,396
WBGene00022771,129,464,593
WBGene00022772,47,91,138
WBGene00022773,150,338,488
WBGene00022774,69,1335,1404
WBGene00022775,34,69,103
WBGene00022776,13,1702,1715
WBGene00022778,19,16,35
WBGene00022780,6,31,37
WBGene00022781,89,1541,1630
WBGene00022782,89,836,925
WBGene00022783,386,2793,3179
WBGene00022785,114,780,894
WBGene00022786,34,369,403
WBGene00022787,64,435,499
WBGene00022788,20,608,628
WBGene00022789,54,52,106
WBGene00022790,40,189,229
WBGene00022791,428,1704,2132
WBGene00022792,49,513,562
WBGene00022793,47,2275,2322
WBGene00022794,263,1472,1735
WBGene00022795,24,76,100
WBGene00022796,26,140,166
WBGene00022797,49,364,413
WBGene00022798,135,1070,1205
WBGene00022799,1,8,9
WBGene00022800,87,639,726
WBGene00022801,104,1839,1943
WBGene00022802,42,310,352
WBGene00022803,43,340,383
WBGene00022804,1,27,28
WBGene00022805,132,470,602
WBGene00022807,28,14,42
WBGene00022808,15,29,44
WBGene00022809,6,10,16
WBGene00022810,41,178,219
WBGene00022811,101,26,127
WBGene00022812,148,852,1000
WBGene00022813,47,300,347
WBGene00022814,38,205,243
WBGene00022815,42,95,137
WBGene00022816,169,876,1045
WBGene00022817,369,2998,3367
WBGene00022820,44,5,49
WBGene00022821,0,1,1
WBGene00022822,0,1,1
WBGene00022823,56,922,978
WBGene00022824,36,128,164
WBGene00022825,10,191,201
WBGene00022826,4,34,38
WBGene00022827,29,25,54
WBGene00022829,59,66,125
WBGene00022830,40,364,404
WBGene00022831,173,824,997
WBGene00022832,86,819,905
WBGene00022833,10,6,16
WBGene00022834,21,39,60
WBGene00022835,62,349,411
WBGene00022836,137,1138,1275
WBGene00022837,51,181,232
WBGene00022838,77,40,117
WBGene00022840,30,17,47
WBGene00022842,31,101,132
WBGene00022843,82,29,111
WBGene00022845,5,13,18
WBGene00022846,77,38,115
WBGene00022847,90,171,261
WBGene00022848,43,306,349
WBGene00022849,19,23,42
WBGene00022850,204,553,757
WBGene00022851,78,1094,1172
WBGene00022852,5,564,569
WBGene00022853,49,1377,1426
WBGene00022854,15,52,67
WBGene00022855,51,1858,1909
WBGene00022856,40,2618,2658
WBGene00022857,23,132,155
WBGene00022858,217,167,384
WBGene00022861,27188,386,27574
WBGene00022862,24,407,431
WBGene00022864,131,2387,2518
WBGene00022865,201,1153,1354
WBGene00022866,21,67,88
WBGene00022867,39,139,178
WBGene00022868,7,95,102
WBGene00022869,3,2,5
WBGene00022870,19,4,23
WBGene00022871,9,14,23
WBGene00022872,22,15,37
WBGene00022873,9,27,36
WBGene00022874,42,2078,2120
WBGene00022875,0,3,3
WBGene00022876,0,3,3
WBGene00022877,8,12,20
WBGene00022880,54,370,424
WBGene00022881,31,362,393
WBGene00022882,60,290,350
WBGene00022883,38,269,307
WBGene00022884,0,39,39
WBGene00022885,65,559,624
WBGene00022886,14,5,19
WBGene00022887,55,796,851
WBGene00022888,38,15,53
WBGene00022889,6,4,10
WBGene00022890,1,3,4
WBGene00022891,18,31,49
WBGene00022892,9,0,9
WBGene00022893,42,119,161
WBGene00023067,8849,14143,22992
WBGene00023068,228631,323626,552257
WBGene00023172,24,40,64
WBGene00023186,29,3,32
WBGene00023284,9,245,254
WBGene00023404,97,181,278
WBGene00023405,200,1411,1611
WBGene00023407,48,831,879
WBGene00023408,396,5641,6037
WBGene00023409,71,387,458
WBGene00023410,25,4,29
WBGene00023411,11,22,33
WBGene00023413,36,16,52
WBGene00023414,198,417,615
WBGene00023415,49,55,104
WBGene00023416,56,417,473
WBGene00023417,24,1103,1127
WBGene00023418,6,340,346
WBGene00023419,112,911,1023
WBGene00023420,0,39,39
WBGene00023421,27,335,362
WBGene00023422,169,1027,1196
WBGene00023423,14,38,52
WBGene00023424,13,49,62
WBGene00023425,4,7,11
WBGene00023427,11,38,49
WBGene00023431,440,628,1068
WBGene00023432,86,582,668
WBGene00023450,122,349,471
WBGene00023451,49,22,71
WBGene00023458,136,1053,1189
WBGene00023459,25,17,42
WBGene00023460,34,90,124
WBGene00023462,12,103,115
WBGene00023463,25,11,36
WBGene00023474,16,3,19
WBGene00023475,28,7,35
WBGene00023477,0,157,157
WBGene00023478,14,13,27
WBGene00023479,5,5,10
WBGene00023483,7,10,17
WBGene00023484,47,5,52
WBGene00023485,5,267,272
WBGene00023486,12,191,203
WBGene00023487,149,2550,2699
WBGene00023489,550,259,809
WBGene00023490,22,57,79
WBGene00023491,145,323,468
WBGene00023492,15,36,51
WBGene00023493,5,576,581
WBGene00023497,103,752,855
WBGene00023498,31,443,474
WBGene00023499,35,18,53
WBGene00023500,90,401,491
WBGene00023501,17,95,112
WBGene00023502,98,175,273
WBGene00023503,20,58,78
WBGene00023504,148,549,697
WBGene00023505,18,6,24
WBGene00023506,16,31,47
WBGene00023508,7,14,21
WBGene00023513,7,7,14
WBGene00023514,7,8,15
WBGene00023515,51,29,80
WBGene00023517,8,32,40
WBGene00023518,7,7,14
WBGene00023519,58,28,86
WBGene00023520,115,370,485
WBGene00043049,28,31,59
WBGene00043050,196,1115,1311
WBGene00043051,73,313,386
WBGene00043052,13,10,23
WBGene00043054,19,171,190
WBGene00043056,254,186,440
WBGene00043057,46,267,313
WBGene00043058,7,2,9
WBGene00043059,57,7,64
WBGene00043060,266,902,1168
WBGene00043061,22,25,47
WBGene00043062,59,165,224
WBGene00043064,46,2841,2887
WBGene00043065,52,19,71
WBGene00043066,107,155,262
WBGene00043067,70,401,471
WBGene00043068,25,117,142
WBGene00043069,15,36,51
WBGene00043097,201,1731,1932
WBGene00043120,5,56,61
WBGene00043147,0,7,7
WBGene00043156,114,827,941
WBGene00043187,0,1,1
WBGene00043279,48,287,335
WBGene00043297,652,864,1516
WBGene00043302,179,1200,1379
WBGene00043308,9,122,131
WBGene00043327,0,0,0
WBGene00043328,0,0,0
WBGene00043466,1,8,9
WBGene00043469,0,0,0
WBGene00043534,47,22,69
WBGene00043666,0,17,17
WBGene00043702,2,70,72
WBGene00043705,64,56,120
WBGene00043743,0,0,0
WBGene00043948,0,0,0
WBGene00043952,24,28,52
WBGene00043980,21,4,25
WBGene00043981,50,21,71
WBGene00043982,115,961,1076
WBGene00043983,40,145,185
WBGene00043984,0,1,1
WBGene00043985,32,131,163
WBGene00043986,15,10,25
WBGene00043988,0,0,0
WBGene00043989,0,0,0
WBGene00043990,0,0,0
WBGene00043992,64,191,255
WBGene00043994,25,264,289
WBGene00043995,38,82,120
WBGene00043996,0,18,18
WBGene00043997,40,71,111
WBGene00043998,15,47,62
WBGene00044001,40,935,975
WBGene00044002,1,1,2
WBGene00044003,53,5,58
WBGene00044004,0,55,55
WBGene00044005,1,7,8
WBGene00044006,211,1363,1574
WBGene00044007,147,867,1014
WBGene00044008,110,467,577
WBGene00044009,62,145,207
WBGene00044011,0,6,6
WBGene00044012,12,6,18
WBGene00044013,12,5,17
WBGene00044014,9,8,17
WBGene00044016,2,33,35
WBGene00044018,9,12,21
WBGene00044019,52,122,174
WBGene00044020,15,40,55
WBGene00044021,27,61,88
WBGene00044024,8,22,30
WBGene00044025,59,490,549
WBGene00044026,88,2988,3076
WBGene00044027,5,12,17
WBGene00044028,10,125,135
WBGene00044029,91,784,875
WBGene00044030,70,21,91
WBGene00044031,4,19,23
WBGene00044032,16,37,53
WBGene00044034,51,27,78
WBGene00044035,17,55,72
WBGene00044043,0,9,9
WBGene00044044,4,13,17
WBGene00044045,413,85,498
WBGene00044047,4,20,24
WBGene00044048,47,58,105
WBGene00044049,701,2868,3569
WBGene00044058,34,35,69
WBGene00044059,10,8,18
WBGene00044061,136,463,599
WBGene00044062,4,5,9
WBGene00044063,30,923,953
WBGene00044065,93,171,264
WBGene00044066,2,35,37
WBGene00044067,15,109,124
WBGene00044068,467,3716,4183
WBGene00044069,37,489,526
WBGene00044070,790,6467,7257
WBGene00044071,86,534,620
WBGene00044072,202,743,945
WBGene00044073,37,172,209
WBGene00044074,64,23,87
WBGene00044077,84,981,1065
WBGene00044078,561,2297,2858
WBGene00044079,477,2629,3106
WBGene00044080,3,20,23
WBGene00044081,14,5,19
WBGene00044082,57,834,891
WBGene00044083,142,255,397
WBGene00044084,20,6,26
WBGene00044086,14,10,24
WBGene00044087,12,3,15
WBGene00044088,20,16,36
WBGene00044089,13,6,19
WBGene00044090,18,16,34
WBGene00044091,4,13,17
WBGene00044092,30,7,37
WBGene00044094,104,922,1026
WBGene00044099,0,0,0
WBGene00044100,11,5,16
WBGene00044105,2,3,5
WBGene00044106,2,10,12
WBGene00044107,135,397,532
WBGene00044109,0,4,4
WBGene00044112,10,10,20
WBGene00044113,5,6,11
WBGene00044114,13,9,22
WBGene00044115,23,25,48
WBGene00044116,29,6,35
WBGene00044117,12,22,34
WBGene00044120,44,88,132
WBGene00044121,9,13,22
WBGene00044122,47,44,91
WBGene00044124,26,27,53
WBGene00044125,67,33,100
WBGene00044127,9,10,19
WBGene00044131,0,0,0
WBGene00044132,35,89,124
WBGene00044133,14,0,14
WBGene00044134,99,335,434
WBGene00044135,47,66,113
WBGene00044136,19,5,24
WBGene00044137,0,50,50
WBGene00044138,90,153,243
WBGene00044139,7,71,78
WBGene00044140,4,8,12
WBGene00044141,41,21,62
WBGene00044142,31,21,52
WBGene00044143,120,677,797
WBGene00044144,21,312,333
WBGene00044145,1,8,9
WBGene00044146,8,1,9
WBGene00044147,9,19,28
WBGene00044148,12,17,29
WBGene00044149,2,6,8
WBGene00044150,43,29,72
WBGene00044151,79,410,489
WBGene00044152,8,45,53
WBGene00044153,75,29,104
WBGene00044154,16,14,30
WBGene00044156,23,83,106
WBGene00044157,18,0,18
WBGene00044158,32,3,35
WBGene00044159,6,1,7
WBGene00044160,10,6,16
WBGene00044162,5,5,10
WBGene00044163,21,34,55
WBGene00044164,4,6,10
WBGene00044166,10,37,47
WBGene00044167,43,421,464
WBGene00044169,30,39,69
WBGene00044174,39,877,916
WBGene00044175,65,726,791
WBGene00044176,61,1154,1215
WBGene00044177,32,17,49
WBGene00044178,0,5,5
WBGene00044179,5,4,9
WBGene00044180,115,202,317
WBGene00044181,7,26,33
WBGene00044182,5,33,38
WBGene00044183,3,2,5
WBGene00044184,2,4,6
WBGene00044185,1,0,1
WBGene00044187,2280,53,2333
WBGene00044188,38,195,233
WBGene00044189,0,27,27
WBGene00044191,197,971,1168
WBGene00044192,1,7,8
WBGene00044193,0,25,25
WBGene00044194,0,5,5
WBGene00044195,11,11,22
WBGene00044197,6,22,28
WBGene00044198,4,8,12
WBGene00044199,13,2,15
WBGene00044200,60,106,166
WBGene00044201,0,11,11
WBGene00044202,3,13,16
WBGene00044203,16,8,24
WBGene00044204,30,316,346
WBGene00044205,8,66,74
WBGene00044206,10,40,50
WBGene00044207,0,5,5
WBGene00044208,13,9,22
WBGene00044210,84,358,442
WBGene00044211,14,24,38
WBGene00044212,25,0,25
WBGene00044213,2,12,14
WBGene00044215,5,0,5
WBGene00044218,4,58,62
WBGene00044221,21,230,251
WBGene00044222,0,7,7
WBGene00044225,0,22,22
WBGene00044227,14,12,26
WBGene00044228,15,36,51
WBGene00044230,4,4,8
WBGene00044232,36,23,59
WBGene00044233,86,191,277
WBGene00044235,0,0,0
WBGene00044236,2,301,303
WBGene00044237,34,17,51
WBGene00044238,55,63,118
WBGene00044239,46,105,151
WBGene00044240,10,12,22
WBGene00044241,16,67,83
WBGene00044242,0,6,6
WBGene00044243,8,3,11
WBGene00044244,0,0,0
WBGene00044245,0,41,41
WBGene00044246,4,0,4
WBGene00044247,22,3,25
WBGene00044249,16,1,17
WBGene00044250,5,6,11
WBGene00044251,19,76,95
WBGene00044253,31,244,275
WBGene00044254,1,1,2
WBGene00044256,23,1,24
WBGene00044257,0,18,18
WBGene00044258,32,103,135
WBGene00044259,1,7,8
WBGene00044260,288,9175,9463
WBGene00044261,47,10,57
WBGene00044263,0,5,5
WBGene00044264,3,5,8
WBGene00044265,39,53,92
WBGene00044266,36,0,36
WBGene00044271,0,0,0
WBGene00044272,0,10,10
WBGene00044273,0,0,0
WBGene00044274,0,0,0
WBGene00044275,0,2,2
WBGene00044278,3,6,9
WBGene00044280,797,674,1471
WBGene00044281,25,15,40
WBGene00044282,3,4,7
WBGene00044283,644,1219,1863
WBGene00044284,1,2,3
WBGene00044286,11,19,30
WBGene00044287,7,32,39
WBGene00044288,6,29,35
WBGene00044289,11,168,179
WBGene00044290,65,86,151
WBGene00044291,44,135,179
WBGene00044292,35,387,422
WBGene00044293,12,20,32
WBGene00044294,150,724,874
WBGene00044295,10,66,76
WBGene00044296,48,188,236
WBGene00044297,86,94,180
WBGene00044298,1,3,4
WBGene00044299,5,16,21
WBGene00044300,10,12,22
WBGene00044301,109,889,998
WBGene00044302,3,8,11
WBGene00044303,64,83,147
WBGene00044304,138,130,268
WBGene00044305,47,776,823
WBGene00044306,6,6,12
WBGene00044307,0,16,16
WBGene00044310,113,302,415
WBGene00044311,63,126,189
WBGene00044312,10,24,34
WBGene00044313,19,57,76
WBGene00044314,3,2,5
WBGene00044315,9,4,13
WBGene00044316,78,438,516
WBGene00044317,2,17,19
WBGene00044318,75,920,995
WBGene00044319,28,232,260
WBGene00044321,467,1875,2342
WBGene00044322,25,493,518
WBGene00044323,72,526,598
WBGene00044324,26,3669,3695
WBGene00044325,58,566,624
WBGene00044326,165,759,924
WBGene00044329,76,545,621
WBGene00044330,28,277,305
WBGene00044331,9,10,19
WBGene00044332,8,13,21
WBGene00044333,17,13,30
WBGene00044337,0,0,0
WBGene00044338,18,1360,1378
WBGene00044339,0,94,94
WBGene00044340,0,0,0
WBGene00044341,0,226,226
WBGene00044342,73,180,253
WBGene00044344,76,1360,1436
WBGene00044345,30,316,346
WBGene00044346,0,2,2
WBGene00044347,39,12,51
WBGene00044348,195,113,308
WBGene00044349,26,22,48
WBGene00044350,120,341,461
WBGene00044352,26,21,47
WBGene00044353,8,112,120
WBGene00044354,8,117,125
WBGene00044355,30,85,115
WBGene00044356,1,6,7
WBGene00044357,0,0,0
WBGene00044358,43,5,48
WBGene00044359,3,5,8
WBGene00044360,0,9,9
WBGene00044361,0,7,7
WBGene00044362,0,1,1
WBGene00044363,19,123,142
WBGene00044364,0,3,3
WBGene00044365,0,5,5
WBGene00044366,0,8,8
WBGene00044367,12,95,107
WBGene00044368,140,15,155
WBGene00044369,3,2,5
WBGene00044370,0,0,0
WBGene00044371,0,11,11
WBGene00044372,0,8,8
WBGene00044373,11,234,245
WBGene00044374,1,2,3
WBGene00044375,0,3,3
WBGene00044376,0,63,63
WBGene00044377,4,12,16
WBGene00044378,0,20,20
WBGene00044379,3,6,9
WBGene00044380,2,11,13
WBGene00044381,27,41,68
WBGene00044382,0,88,88
WBGene00044383,4,3,7
WBGene00044384,112,0,112
WBGene00044385,9,3,12
WBGene00044386,7,17,24
WBGene00044387,146,1765,1911
WBGene00044388,8,5,13
WBGene00044389,461,4387,4848
WBGene00044390,0,5,5
WBGene00044391,77,66,143
WBGene00044392,15,81,96
WBGene00044393,1,8,9
WBGene00044394,4,40,44
WBGene00044395,36,57,93
WBGene00044396,33,512,545
WBGene00044399,1,3,4
WBGene00044401,240,1010,1250
WBGene00044402,12,11,23
WBGene00044403,108,53,161
WBGene00044406,47,231,278
WBGene00044409,9,51,60
WBGene00044410,36,197,233
WBGene00044411,141,736,877
WBGene00044413,958,467,1425
WBGene00044414,22,52,74
WBGene00044415,0,2,2
WBGene00044416,4,1,5
WBGene00044417,0,11,11
WBGene00044418,299,1063,1362
WBGene00044419,19,7,26
WBGene00044420,29,240,269
WBGene00044421,137,412,549
WBGene00044423,8,201,209
WBGene00044424,8,31,39
WBGene00044425,2,6,8
WBGene00044427,15,16,31
WBGene00044428,40,12,52
WBGene00044429,48,20,68
WBGene00044431,184,894,1078
WBGene00044432,13,19,32
WBGene00044433,268,2201,2469
WBGene00044434,35,21,56
WBGene00044435,0,51,51
WBGene00044436,23,195,218
WBGene00044437,109,60,169
WBGene00044438,139,321,460
WBGene00044439,213,14,227
WBGene00044440,118,104,222
WBGene00044441,5,26,31
WBGene00044442,6,100,106
WBGene00044443,352,4550,4902
WBGene00044444,10,7,17
WBGene00044445,60,137,197
WBGene00044446,12,20,32
WBGene00044447,0,2,2
WBGene00044448,1,24,25
WBGene00044449,0,4,4
WBGene00044450,0,4,4
WBGene00044451,2,6,8
WBGene00044452,145,778,923
WBGene00044453,22,18,40
WBGene00044454,0,13,13
WBGene00044455,23,66,89
WBGene00044457,23,64,87
WBGene00044458,0,19,19
WBGene00044459,185,82,267
WBGene00044460,5,13,18
WBGene00044461,128,31,159
WBGene00044462,40,105,145
WBGene00044463,24,55,79
WBGene00044464,74,102,176
WBGene00044466,29,418,447
WBGene00044467,210,668,878
WBGene00044468,33,186,219
WBGene00044469,1,40,41
WBGene00044470,35,25,60
WBGene00044471,68,1106,1174
WBGene00044472,34,547,581
WBGene00044473,0,1,1
WBGene00044474,0,11,11
WBGene00044475,0,3,3
WBGene00044476,0,9,9
WBGene00044477,40,83,123
WBGene00044478,13,97,110
WBGene00044479,11,87,98
WBGene00044480,16,6,22
WBGene00044481,43,64,107
WBGene00044482,57,117,174
WBGene00044483,8,339,347
WBGene00044484,104,578,682
WBGene00044485,126,414,540
WBGene00044486,5,29,34
WBGene00044487,29,55,84
WBGene00044488,99,185,284
WBGene00044489,0,70,70
WBGene00044490,0,3,3
WBGene00044491,18,22,40
WBGene00044492,40,20,60
WBGene00044493,44,380,424
WBGene00044495,87,84,171
WBGene00044498,4,1,5
WBGene00044499,4,9,13
WBGene00044500,126,534,660
WBGene00044501,113,16,129
WBGene00044502,9,64,73
WBGene00044504,37,40,77
WBGene00044505,2,16,18
WBGene00044508,108,466,574
WBGene00044509,16,347,363
WBGene00044510,41,114,155
WBGene00044511,12,52,64
WBGene00044512,43,197,240
WBGene00044513,89,451,540
WBGene00044514,208,3943,4151
WBGene00044516,5,0,5
WBGene00044518,1,6,7
WBGene00044519,3,1,4
WBGene00044520,0,5,5
WBGene00044521,4,3,7
WBGene00044524,1,2,3
WBGene00044525,30,127,157
WBGene00044526,5,19,24
WBGene00044527,19,37,56
WBGene00044528,59,43,102
WBGene00044529,16,16,32
WBGene00044530,1,4,5
WBGene00044531,16,7,23
WBGene00044533,8,22,30
WBGene00044534,53,118,171
WBGene00044535,1,8,9
WBGene00044536,45,461,506
WBGene00044537,0,6,6
WBGene00044538,17,9,26
WBGene00044539,12,15,27
WBGene00044541,19,4,23
WBGene00044542,23,8,31
WBGene00044543,0,0,0
WBGene00044544,323,480,803
WBGene00044545,12,18,30
WBGene00044546,6,5,11
WBGene00044547,0,166,166
WBGene00044548,0,6,6
WBGene00044549,38,9,47
WBGene00044550,25,2,27
WBGene00044551,6,23,29
WBGene00044552,0,5,5
WBGene00044553,40,591,631
WBGene00044554,25,68,93
WBGene00044555,20,6,26
WBGene00044556,30,107,137
WBGene00044557,157,206,363
WBGene00044558,0,5,5
WBGene00044559,67,90,157
WBGene00044560,37,45,82
WBGene00044561,3,4,7
WBGene00044562,0,78,78
WBGene00044563,23,4,27
WBGene00044564,28,16,44
WBGene00044565,0,5,5
WBGene00044566,58,6,64
WBGene00044567,11,15,26
WBGene00044568,571,3010,3581
WBGene00044569,13,3,16
WBGene00044570,853,45,898
WBGene00044571,82,13,95
WBGene00044572,53,0,53
WBGene00044573,3,15,18
WBGene00044574,39,16,55
WBGene00044575,10,5,15
WBGene00044577,20,7,27
WBGene00044578,3,26,29
WBGene00044579,5,2,7
WBGene00044580,11,4,15
WBGene00044581,6,1,7
WBGene00044582,27,91,118
WBGene00044583,66,0,66
WBGene00044584,161,399,560
WBGene00044586,1,32,33
WBGene00044587,5,10,15
WBGene00044588,98,106,204
WBGene00044589,5,31,36
WBGene00044602,4,18,22
WBGene00044603,75,198,273
WBGene00044604,27,246,273
WBGene00044605,407,1532,1939
WBGene00044607,20,129,149
WBGene00044608,31,413,444
WBGene00044609,215,278,493
WBGene00044610,3,13,16
WBGene00044611,17,26,43
WBGene00044612,33,118,151
WBGene00044614,33,267,300
WBGene00044615,151,1113,1264
WBGene00044616,1,9,10
WBGene00044617,14,76,90
WBGene00044618,26,127,153
WBGene00044620,47,113,160
WBGene00044623,17,250,267
WBGene00044630,130,392,522
WBGene00044631,44,87,131
WBGene00044633,8,14,22
WBGene00044634,5,3,8
WBGene00044636,138,1069,1207
WBGene00044637,105,81,186
WBGene00044638,0,609,609
WBGene00044640,300,1566,1866
WBGene00044641,307,55,362
WBGene00044643,15,574,589
WBGene00044644,63,625,688
WBGene00044645,17,49,66
WBGene00044646,52,59,111
WBGene00044648,39,359,398
WBGene00044649,129,34,163
WBGene00044650,555,1014,1569
WBGene00044651,315,313,628
WBGene00044653,11,8,19
WBGene00044654,10,37,47
WBGene00044655,1,5,6
WBGene00044658,30,435,465
WBGene00044659,4,16,20
WBGene00044661,7,36,43
WBGene00044662,9,12,21
WBGene00044663,0,60,60
WBGene00044664,12,8,20
WBGene00044665,5,6,11
WBGene00044666,127,1214,1341
WBGene00044667,11,46,57
WBGene00044668,0,5,5
WBGene00044669,4,4,8
WBGene00044672,9,50,59
WBGene00044673,5,19,24
WBGene00044674,6,2,8
WBGene00044675,23,92,115
WBGene00044676,7,90,97
WBGene00044677,631,1184,1815
WBGene00044678,14,34,48
WBGene00044679,61,579,640
WBGene00044680,4,7,11
WBGene00044681,626,654,1280
WBGene00044683,4,15,19
WBGene00044684,8,18,26
WBGene00044686,122,2959,3081
WBGene00044687,34,34,68
WBGene00044689,247,558,805
WBGene00044690,33,236,269
WBGene00044692,19,14,33
WBGene00044693,0,4,4
WBGene00044694,1,13,14
WBGene00044696,100,356,456
WBGene00044697,15,26,41
WBGene00044698,85,1379,1464
WBGene00044699,15,81,96
WBGene00044701,139,612,751
WBGene00044705,50,85,135
WBGene00044707,19,10,29
WBGene00044708,72,8,80
WBGene00044709,0,0,0
WBGene00044711,3,1,4
WBGene00044719,5,28,33
WBGene00044720,0,3,3
WBGene00044723,9,47,56
WBGene00044724,3,20,23
WBGene00044725,21,166,187
WBGene00044726,77,48,125
WBGene00044732,5,79,84
WBGene00044733,9,19,28
WBGene00044734,0,0,0
WBGene00044735,0,0,0
WBGene00044736,82,171,253
WBGene00044737,1232,5222,6454
WBGene00044738,89,18,107
WBGene00044741,2,9,11
WBGene00044742,28,104,132
WBGene00044743,31,472,503
WBGene00044744,7,6,13
WBGene00044745,80,191,271
WBGene00044746,738,2080,2818
WBGene00044753,16,7,23
WBGene00044754,60,3,63
WBGene00044755,7,1,8
WBGene00044756,29,141,170
WBGene00044757,40,177,217
WBGene00044758,8,46,54
WBGene00044759,2,25,27
WBGene00044760,7,20,27
WBGene00044761,5,33,38
WBGene00044762,47,340,387
WBGene00044763,25,9,34
WBGene00044767,22,228,250
WBGene00044770,51,210,261
WBGene00044771,56,179,235
WBGene00044772,14,672,686
WBGene00044773,9,2,11
WBGene00044774,220,662,882
WBGene00044775,9,4,13
WBGene00044776,52,141,193
WBGene00044777,6,0,6
WBGene00044778,2,1,3
WBGene00044779,19,50,69
WBGene00044780,44,11,55
WBGene00044783,1,6,7
WBGene00044784,37,1571,1608
WBGene00044786,8,0,8
WBGene00044788,64,23,87
WBGene00044789,34,654,688
WBGene00044790,62,210,272
WBGene00044791,3,9,12
WBGene00044792,65,135,200
WBGene00044794,0,0,0
WBGene00044795,35,141,176
WBGene00044796,31,20,51
WBGene00044797,1,50,51
WBGene00044798,49,2,51
WBGene00044799,1,53,54
WBGene00044801,0,0,0
WBGene00044802,0,0,0
WBGene00044803,36,39,75
WBGene00044805,2,21,23
WBGene00044807,3,38,41
WBGene00044810,3,1,4
WBGene00044811,57,359,416
WBGene00044889,4,2,6
WBGene00044891,98,504,602
WBGene00044892,3,13,16
WBGene00044894,34,189,223
WBGene00044895,35,7,42
WBGene00044896,22,5,27
WBGene00044897,9,12,21
WBGene00044898,140,6,146
WBGene00044900,27,245,272
WBGene00044901,2,333,335
WBGene00044903,46,166,212
WBGene00044906,38,64,102
WBGene00044908,14,7,21
WBGene00044911,21,8,29
WBGene00044912,21,0,21
WBGene00044916,137,922,1059
WBGene00044917,16,32,48
WBGene00044921,320,4600,4920
WBGene00044922,59,649,708
WBGene00044924,121,241,362
WBGene00044949,81,376,457
WBGene00044953,12,4,16
WBGene00044977,129,1280,1409
WBGene00044978,0,8,8
WBGene00044979,19,12,31
WBGene00044987,43,161,204
WBGene00044988,0,370,370
WBGene00044989,513,1373,1886
WBGene00044990,113,736,849
WBGene00044991,7,133,140
WBGene00044998,7,4,11
WBGene00045013,32,86,118
WBGene00045024,52,16,68
WBGene00045036,6,16,22
WBGene00045038,0,6,6
WBGene00045048,0,116,116
WBGene00045050,15,147,162
WBGene00045052,48,94,142
WBGene00045053,19,43,62
WBGene00045056,78,485,563
WBGene00045058,26,27,53
WBGene00045060,22,6,28
WBGene00045061,1,0,1
WBGene00045063,477,249,726
WBGene00045067,1,16,17
WBGene00045069,8,4,12
WBGene00045078,267,1028,1295
WBGene00045096,0,281,281
WBGene00045101,6,5,11
WBGene00045103,6,6,12
WBGene00045108,7,8,15
WBGene00045122,14,1,15
WBGene00045128,0,0,0
WBGene00045144,26,11,37
WBGene00045146,41,20,61
WBGene00045177,20,15,35
WBGene00045178,5,34,39
WBGene00045180,9,3,12
WBGene00045183,6,30,36
WBGene00045190,98,343,441
WBGene00045192,4,538,542
WBGene00045195,303,233,536
WBGene00045198,19,1,20
WBGene00045207,8,35,43
WBGene00045208,0,1177,1177
WBGene00045209,0,12,12
WBGene00045210,18,56,74
WBGene00045211,8,18,26
WBGene00045212,52,165,217
WBGene00045215,26,51,77
WBGene00045234,23,23,46
WBGene00045237,23,145,168
WBGene00045239,12,16,28
WBGene00045242,0,16,16
WBGene00045245,5,25,30
WBGene00045246,107,433,540
WBGene00045247,23,36,59
WBGene00045248,86,121,207
WBGene00045249,226,2993,3219
WBGene00045250,64,47,111
WBGene00045251,1,10,11
WBGene00045252,37,102,139
WBGene00045253,80,377,457
WBGene00045255,125,204,329
WBGene00045261,3,17,20
WBGene00045265,4,14,18
WBGene00045268,0,10,10
WBGene00045269,1,18,19
WBGene00045270,52,2,54
WBGene00045271,13,20,33
WBGene00045272,0,24962,24962
WBGene00045275,0,583,583
WBGene00045276,0,2353,2353
WBGene00045277,199,1051,1250
WBGene00045283,0,9,9
WBGene00045289,132,3,135
WBGene00045291,19,41,60
WBGene00045292,4,17,21
WBGene00045295,16,165,181
WBGene00045297,16,43,59
WBGene00045298,1,0,1
WBGene00045299,0,0,0
WBGene00045300,0,0,0
WBGene00045301,1,0,1
WBGene00045302,5,3,8
WBGene00045303,1,6,7
WBGene00045304,17,21,38
WBGene00045305,2,315,317
WBGene00045306,4,1,5
WBGene00045308,19,14,33
WBGene00045331,16,129,145
WBGene00045336,160,876,1036
WBGene00045337,1,5,6
WBGene00045338,3,13,16
WBGene00045339,4,14,18
WBGene00045340,81,311,392
WBGene00045344,20,5,25
WBGene00045355,27,5,32
WBGene00045356,26,15,41
WBGene00045357,61,158,219
WBGene00045361,3,7,10
WBGene00045362,0,5,5
WBGene00045364,60,11,71
WBGene00045365,6,28,34
WBGene00045379,12,495,507
WBGene00045380,6,2,8
WBGene00045381,2,7,9
WBGene00045382,14,30,44
WBGene00045385,33,34,67
WBGene00045386,101,513,614
WBGene00045387,39,163,202
WBGene00045390,75,795,870
WBGene00045392,76,402,478
WBGene00045393,14,21,35
WBGene00045394,0,12,12
WBGene00045395,47,47,94
WBGene00045396,9,134,143
WBGene00045397,101,460,561
WBGene00045398,4,14,18
WBGene00045399,4,52,56
WBGene00045400,14,43,57
WBGene00045401,5,21,26
WBGene00045402,2,0,2
WBGene00045403,47,378,425
WBGene00045405,13,26,39
WBGene00045406,0,7,7
WBGene00045407,84,382,466
WBGene00045411,19,538,557
WBGene00045412,0,109,109
WBGene00045413,12,15,27
WBGene00045414,4,5,9
WBGene00045415,10,21,31
WBGene00045416,5,17,22
WBGene00045417,9,3,12
WBGene00045418,78,1082,1160
WBGene00045419,350,1269,1619
WBGene00045433,100,606,706
WBGene00045434,106,278,384
WBGene00045455,23,156,179
WBGene00045456,31,3,34
WBGene00045457,4,87,91
WBGene00045458,11,25,36
WBGene00045459,0,4,4
WBGene00045460,4,21,25
WBGene00045461,41,205,246
WBGene00045468,9,4,13
WBGene00045473,1,8,9
WBGene00045474,5,18,23
WBGene00045475,61,14,75
WBGene00045480,43,38,81
WBGene00045481,47,29,76
WBGene00045482,100,118,218
WBGene00045483,608,4257,4865
WBGene00045484,29,23,52
WBGene00045486,0,3,3
WBGene00045488,16,33,49
WBGene00045490,2,3,5
WBGene00045493,24,6,30
WBGene00045494,25,9,34
WBGene00045495,63,584,647
WBGene00045497,29,42,71
WBGene00045498,1,11,12
WBGene00045500,14,7,21
WBGene00045501,18,13,31
WBGene00045506,5,0,5
WBGene00045507,7,651,658
WBGene00045508,32,7,39
WBGene00045510,5,29,34
WBGene00045511,17,21,38
WBGene00045513,11,18,29
WBGene00045515,6,1,7
WBGene00045517,127,733,860
WBGene00050875,21,16,37
WBGene00050879,4,1,5
WBGene00050880,21,1,22
WBGene00050881,15,0,15
WBGene00050884,139,352,491
WBGene00050885,84,322,406
WBGene00050889,74,258,332
WBGene00050891,50,42,92
WBGene00050892,7,6,13
WBGene00050893,0,3,3
WBGene00050894,0,1,1
WBGene00050896,1,9,10
WBGene00050898,0,3,3
WBGene00050899,13,472,485
WBGene00050904,7,53,60
WBGene00050906,9,6,15
WBGene00050907,0,0,0
WBGene00050910,2,5,7
WBGene00050911,0,5,5
WBGene00050913,1,3,4
WBGene00050914,2,2,4
WBGene00050915,13,25,38
WBGene00050916,14,27,41
WBGene00050917,16,106,122
WBGene00050919,32,9,41
WBGene00050929,0,0,0
WBGene00050931,7,4,11
WBGene00050934,18,35,53
WBGene00050936,0,0,0
WBGene00050937,15,283,298
WBGene00050939,0,1015,1015
WBGene00050940,1,24,25
WBGene00050941,4,430,434
WBGene00050943,31,97,128
WBGene00050944,132,907,1039
WBGene00050947,23,438,461
WBGene00050955,3,5,8
WBGene00050956,6,0,6
WBGene00050957,28,12,40
WBGene00050959,0,0,0
WBGene00050965,0,0,0
WBGene00050967,7,28,35
WBGene00050968,0,1,1
WBGene00050974,0,11,11
WBGene00050975,36,9,45
WBGene00077439,5,63,68
WBGene00077445,1,2,3
WBGene00077450,14,0,14
WBGene00077453,17,399,416
WBGene00077455,13,23,36
WBGene00077464,3,4,7
WBGene00077489,7,14,21
WBGene00077490,25,150,175
WBGene00077491,7,77,84
WBGene00077492,0,1,1
WBGene00077493,14,9,23
WBGene00077495,1,4,5
WBGene00077497,147,161,308
WBGene00077500,24,120,144
WBGene00077503,3,0,3
WBGene00077508,42,11,53
WBGene00077514,8,8,16
WBGene00077519,0,8,8
WBGene00077520,87,434,521
WBGene00077521,10,394,404
WBGene00077522,3,100,103
WBGene00077523,5,5,10
WBGene00077525,65,16,81
WBGene00077526,0,8847,8847
WBGene00077531,6,11,17
WBGene00077536,15,70,85
WBGene00077538,12,30,42
WBGene00077539,129,40,169
WBGene00077543,7,24,31
WBGene00077546,1,3,4
WBGene00077548,9,8,17
WBGene00077553,28,28,56
WBGene00077557,19,28,47
WBGene00077558,22,22,44
WBGene00077559,11,43,54
WBGene00077562,18,5,23
WBGene00077563,62,24,86
WBGene00077565,0,6,6
WBGene00077569,22,10,32
WBGene00077573,10,167,177
WBGene00077576,2,2,4
WBGene00077577,8,289,297
WBGene00077582,10,2,12
WBGene00077583,8,6,14
WBGene00077585,37,84,121
WBGene00077588,3,26,29
WBGene00077592,16,4,20
WBGene00077593,18,32,50
WBGene00077599,97,337,434
WBGene00077607,9,4,13
WBGene00077616,9,29,38
WBGene00077622,1,3,4
WBGene00077624,0,0,0
WBGene00077640,3,3,6
WBGene00077643,151,381,532
WBGene00077655,0,11,11
WBGene00077658,58,395,453
WBGene00077663,0,20,20
WBGene00077669,199,275,474
WBGene00077673,0,10,10
WBGene00077674,3,37,40
WBGene00077679,13,38,51
WBGene00077680,9,14,23
WBGene00077681,32,93,125
WBGene00077682,4,12,16
WBGene00077684,0,6,6
WBGene00077685,1,3,4
WBGene00077688,13,4,17
WBGene00077690,21,475,496
WBGene00077691,2,22,24
WBGene00077692,18,59,77
WBGene00077693,181,2266,2447
WBGene00077696,23,29,52
WBGene00077697,145,57,202
WBGene00077698,64,176,240
WBGene00077699,8,13,21
WBGene00077701,23,219,242
WBGene00077703,21,6,27
WBGene00077704,7,94,101
WBGene00077712,29,133,162
WBGene00077714,5,4,9
WBGene00077728,0,1971,1971
WBGene00077732,21,92,113
WBGene00077751,11,8,19
WBGene00077752,51,78,129
WBGene00077756,5,18,23
WBGene00077757,41,127,168
WBGene00077758,17,12,29
WBGene00077759,35,20,55
WBGene00077761,73,1184,1257
WBGene00077762,5,21,26
WBGene00077763,41,111,152
WBGene00077764,0,1147,1147
WBGene00077766,0,1,1
WBGene00077768,25,64,89
WBGene00077769,6,72,78
WBGene00077770,20,55,75
WBGene00077771,1171,8914,10085
WBGene00077773,0,185,185
WBGene00077775,118,446,564
WBGene00077782,16,2,18
WBGene00077783,22,85,107
WBGene00077786,213,126,339
WBGene00077788,9,5,14
WBGene00086546,39,200,239
WBGene00086551,12,134,146
WBGene00086552,0,0,0
WBGene00086553,106,943,1049
WBGene00086554,0,7,7
WBGene00086555,33,5,38
WBGene00086556,12,14,26
WBGene00086557,54,396,450
WBGene00086558,19,176,195
WBGene00086559,30,111,141
WBGene00086560,6,21,27
WBGene00086561,0,0,0
WBGene00086562,55,12,67
WBGene00086563,0,2,2
WBGene00086564,2,12,14
WBGene00086565,1,1,2
WBGene00086566,48,285,333
WBGene00086567,0,1,1
WBGene00086568,25,21,46
WBGene00086569,69,296,365
WBGene00119201,23,5,28
WBGene00119203,43,236,279
WBGene00119204,3,8,11
WBGene00138711,13,28,41
WBGene00138714,0,1,1
WBGene00138715,2,0,2
WBGene00138716,2,18,20
WBGene00138717,263,648,911
WBGene00138718,72,46,118
WBGene00138719,13,8,21
WBGene00138720,26,203,229
WBGene00138721,56,33,89
WBGene00138724,0,72,72
WBGene00138725,30,25,55
WBGene00164968,28,78,106
WBGene00164969,0,0,0
WBGene00164971,4,7,11
WBGene00164972,1,17,18
WBGene00164973,4,103,107
WBGene00164974,1,6,7
WBGene00164985,40,117,157
WBGene00164986,14,23,37
WBGene00175027,180,132,312
WBGene00175028,17,2,19
WBGene00175030,9,359,368
WBGene00175031,10,32,42
WBGene00175034,33,211,244
WBGene00175035,46,151,197
WBGene00184956,37,11,48
WBGene00184990,8,102,110
WBGene00185001,107,578,685
WBGene00185002,93,84,177
WBGene00185005,36,312,348
WBGene00185006,13,7,20
WBGene00185014,52,910,962
WBGene00185048,124,790,914
WBGene00185055,8,34,42
WBGene00185067,176,3256,3432
WBGene00185075,0,107,107
WBGene00185077,6,18,24
WBGene00185078,768,72,840
WBGene00185079,92,449,541
WBGene00185086,11,61,72
WBGene00185088,9,151,160
WBGene00185089,27,33,60
WBGene00185092,23,13,36
WBGene00185095,1,2,3
WBGene00185096,4,2,6
WBGene00185097,12,2,14
WBGene00185098,68,158,226
WBGene00185100,14,7,21
WBGene00185101,17,2,19
WBGene00185102,48,414,462
WBGene00185116,2,3,5
WBGene00185117,20,45,65
WBGene00185118,614,1353,1967
WBGene00189930,7,1,8
WBGene00189931,1,0,1
WBGene00189932,1,0,1
WBGene00189933,27,36,63
WBGene00189937,13,19,32
WBGene00189943,12,0,12
WBGene00189947,10,5,15
WBGene00189948,12,14,26
WBGene00189949,16,8,24
WBGene00189950,56,26,82
WBGene00189952,19,74,93
WBGene00189953,5,2,7
WBGene00189954,13,9,22
WBGene00189955,4,6,10
WBGene00189956,18,12,30
WBGene00189957,18,7,25
WBGene00189961,35,4,39
WBGene00189987,39,58,97
WBGene00189993,0,6,6
WBGene00189995,6,4,10
WBGene00194641,213,766,979
WBGene00194642,94,251,345
WBGene00194643,67,34,101
WBGene00194645,3,15,18
WBGene00194646,0,6,6
WBGene00194647,0,1,1
WBGene00194649,6,30,36
WBGene00194651,86,363,449
WBGene00194653,18,2,20
WBGene00194654,9,23,32
WBGene00194656,6,4,10
WBGene00194658,79,1265,1344
WBGene00194660,0,20,20
WBGene00194661,7,7,14
WBGene00194663,4,15,19
WBGene00194664,10,34,44
WBGene00194670,6,6,12
WBGene00194672,0,11,11
WBGene00194674,12,24,36
WBGene00194677,13,5,18
WBGene00194679,13,109,122
WBGene00194680,84,501,585
WBGene00194682,15,23,38
WBGene00194684,17,16,33
WBGene00194687,44,30,74
WBGene00194689,35,235,270
WBGene00194691,7,3,10
WBGene00194692,408,2929,3337
WBGene00194695,3,10,13
WBGene00194696,2,1,3
WBGene00194697,28,21,49
WBGene00194698,0,6,6
WBGene00194699,0,7,7
WBGene00194700,5,6,11
WBGene00194701,16,17,33
WBGene00194702,28,17,45
WBGene00194703,0,4,4
WBGene00194704,7,0,7
WBGene00194706,35,186,221
WBGene00194707,33,383,416
WBGene00194708,2,18,20
WBGene00194710,141,389,530
WBGene00194711,15,25,40
WBGene00194712,29,38,67
WBGene00194713,0,105,105
WBGene00194714,2,3,5
WBGene00194715,3,7,10
WBGene00194717,8,4,12
WBGene00194725,0,13,13
WBGene00194726,8,20,28
WBGene00194727,19,29,48
WBGene00194729,9,42,51
WBGene00194730,4,0,4
WBGene00194731,32,76,108
WBGene00194733,1,0,1
WBGene00194734,14,4,18
WBGene00194735,8,29,37
WBGene00194737,34,3,37
WBGene00194738,2,3,5
WBGene00194742,13,231,244
WBGene00194744,6,12,18
WBGene00194746,6,6,12
WBGene00194747,90,460,550
WBGene00194780,4,3,7
WBGene00194783,0,3,3
WBGene00194784,6,7,13
WBGene00194785,3,1,4
WBGene00194787,4,3,7
WBGene00194788,6,4,10
WBGene00194793,4,7,11
WBGene00194795,8,23,31
WBGene00194799,0,8,8
WBGene00194801,3,5,8
WBGene00194803,7,22,29
WBGene00194813,6,11,17
WBGene00194815,32,16,48
WBGene00194816,13,20,33
WBGene00194821,2,17,19
WBGene00194832,68,35,103
WBGene00194833,6,2,8
WBGene00194835,6,35,41
WBGene00194839,0,9,9
WBGene00194848,22,12,34
WBGene00194849,10,3,13
WBGene00194850,1,4,5
WBGene00194852,13,32,45
WBGene00194855,61,185,246
WBGene00194861,2,31,33
WBGene00194864,7,0,7
WBGene00194866,40,45,85
WBGene00194867,1,3,4
WBGene00194868,68,13,81
WBGene00194869,0,738,738
WBGene00194870,34,11,45
WBGene00194871,7,1,8
WBGene00194883,25,314,339
WBGene00194886,1,27,28
WBGene00194888,9,4,13
WBGene00194890,217,1,218
WBGene00194892,41,97,138
WBGene00194894,1,2,3
WBGene00194895,13,38,51
WBGene00194896,81,3,84
WBGene00194898,2,0,2
WBGene00194902,20,7,27
WBGene00194905,131,433,564
WBGene00194906,16,20,36
WBGene00194907,3,23,26
WBGene00194908,131,299,430
WBGene00194909,63,320,383
WBGene00194910,65,102,167
WBGene00194912,8,7,15
WBGene00194913,137,188,325
WBGene00194914,0,0,0
WBGene00194915,33,113,146
WBGene00194916,12,15,27
WBGene00194917,31,20,51
WBGene00194918,2,3,5
WBGene00194919,5,5,10
WBGene00194920,7,5,12
WBGene00194921,313,814,1127
WBGene00194922,0,4,4
WBGene00194924,0,1,1
WBGene00194925,60,114,174
WBGene00194926,64,331,395
WBGene00194927,4,4,8
WBGene00194928,43,129,172
WBGene00194929,0,29,29
WBGene00194930,0,24,24
WBGene00194931,0,2,2
WBGene00194933,0,3,3
WBGene00194934,11,73,84
WBGene00194935,0,0,0
WBGene00194940,0,24,24
WBGene00194951,0,2,2
WBGene00194952,6,8,14
WBGene00194955,32,141,173
WBGene00194956,0,51,51
WBGene00194957,4,0,4
WBGene00194981,11,90,101
WBGene00194982,46,336,382
WBGene00194983,0,0,0
WBGene00194985,7,2,9
WBGene00194986,0,0,0
WBGene00194998,48,117,165
WBGene00195003,11,6,17
WBGene00195004,45,10,55
WBGene00195006,9,6,15
WBGene00195009,2,1,3
WBGene00195010,0,1,1
WBGene00195011,46,93,139
WBGene00195012,26,13,39
WBGene00195045,4,11,15
WBGene00195046,6,4,10
WBGene00195048,10,5,15
WBGene00195049,26,38,64
WBGene00195050,8,110,118
WBGene00195051,3,14,17
WBGene00195056,69,498,567
WBGene00195057,7,11,18
WBGene00195058,7,1,8
WBGene00195061,14,5,19
WBGene00195063,83,555,638
WBGene00195067,33,171,204
WBGene00195068,23,0,23
WBGene00195069,10,32,42
WBGene00195070,37,15,52
WBGene00195071,4,9,13
WBGene00195072,2,1,3
WBGene00195073,351,739,1090
WBGene00195077,2,11,13
WBGene00195081,30,68,98
WBGene00195084,39,166,205
WBGene00195086,16,194,210
WBGene00195093,97,717,814
WBGene00195142,0,351,351
WBGene00195143,246,409,655
WBGene00195144,3,10,13
WBGene00195145,34,35,69
WBGene00195146,242,271,513
WBGene00195147,53,13,66
WBGene00195148,18,16,34
WBGene00195149,2,13,15
WBGene00195150,2,6,8
WBGene00195154,1,7,8
WBGene00195155,0,8,8
WBGene00195157,36,12,48
WBGene00195158,4,0,4
WBGene00195160,0,0,0
WBGene00195164,4,84,88
WBGene00195165,9,8,17
WBGene00195166,40,406,446
WBGene00195168,3,7,10
WBGene00195169,58,38,96
WBGene00195171,39,2,41
WBGene00195174,19,9,28
WBGene00195176,14,28,42
WBGene00195177,0,8,8
WBGene00195178,8,14,22
WBGene00195179,38,177,215
WBGene00195180,21,47,68
WBGene00195181,0,2,2
WBGene00195182,14,16,30
WBGene00195183,9,10,19
WBGene00195184,14,22,36
WBGene00195185,370,758,1128
WBGene00195188,3,5,8
WBGene00195189,42,37,79
WBGene00195208,7,44,51
WBGene00195209,0,291,291
WBGene00195210,11,60,71
WBGene00195211,8,2,10
WBGene00195212,115,257,372
WBGene00195213,1,13,14
WBGene00195214,2,23,25
WBGene00195215,16,6,22
WBGene00195226,17,7,24
WBGene00195227,8,11,19
WBGene00195228,10,1,11
WBGene00195229,1,0,1
WBGene00195230,0,0,0
WBGene00195231,0,3,3
WBGene00195232,3,3,6
WBGene00195239,49,313,362
WBGene00195240,0,7,7
WBGene00195241,5,10,15
WBGene00195242,3,9,12
WBGene00195243,8,12,20
WBGene00195244,5,6,11
WBGene00195246,22,36,58
WBGene00195248,17,32,49
WBGene00195249,12,15,27
WBGene00195250,6,18,24
WBGene00195256,2,2,4
WBGene00202495,11,0,11
WBGene00202496,2,11,13
WBGene00202497,10,9,19
WBGene00202498,13,30,43
WBGene00202499,23,3,26
WBGene00202500,23,4,27
WBGene00202501,3,5,8
WBGene00202502,1,4,5
WBGene00202504,2,3,5
WBGene00202511,1,20,21
WBGene00202512,29,68,97
WBGene00202513,3,25,28
WBGene00202514,7,11,18
WBGene00206354,8,52,60
WBGene00206355,4,25,29
WBGene00206356,22,461,483
WBGene00206357,9,5,14
WBGene00206358,2,2,4
WBGene00206359,32,17,49
WBGene00206360,37,19,56
WBGene00206361,23,58,81
WBGene00206362,33,278,311
WBGene00206363,1,0,1
WBGene00206364,28,26,54
WBGene00206365,2,28,30
WBGene00206366,13,21,34
WBGene00206368,0,1,1
WBGene00206370,11,24,35
WBGene00206371,8,160,168
WBGene00206372,14,2,16
WBGene00206373,16,423,439
WBGene00206374,45,86,131
WBGene00206377,8,100,108
WBGene00206378,61,14,75
WBGene00206379,2,4,6
WBGene00206380,112,1257,1369
WBGene00206381,10,30,40
WBGene00206382,51,283,334
WBGene00206383,3,4,7
WBGene00206384,11,13,24
WBGene00206385,1,1,2
WBGene00206386,9,66,75
WBGene00206388,4,7,11
WBGene00206389,0,12,12
WBGene00206390,1,1,2
WBGene00206392,30,43,73
WBGene00206393,4,12,16
WBGene00206395,0,3,3
WBGene00206412,1,14,15
WBGene00206413,6,3,9
WBGene00206414,9,14,23
WBGene00206415,34,29,63
WBGene00206416,6,21,27
WBGene00206417,49,547,596
WBGene00206418,26,141,167
WBGene00206421,0,0,0
WBGene00206422,2,126,128
WBGene00206460,6,22,28
WBGene00206461,26,64,90
WBGene00206462,0,10,10
WBGene00206464,0,576,576
WBGene00206466,10,73,83
WBGene00206468,0,0,0
WBGene00206469,108,90,198
WBGene00206471,5,9,14
WBGene00206473,3,25,28
WBGene00206474,33,49,82
WBGene00206475,5,7,12
WBGene00206477,0,0,0
WBGene00206478,4,5,9
WBGene00206479,23,186,209
WBGene00206481,15,6,21
WBGene00206482,4,29,33
WBGene00206483,15,5,20
WBGene00206484,19,52,71
WBGene00206485,0,2,2
WBGene00206486,15,7,22
WBGene00206487,32,406,438
WBGene00206488,136,66,202
WBGene00206490,0,0,0
WBGene00206492,0,0,0
WBGene00206493,3,9,12
WBGene00206495,40,7,47
WBGene00206496,8,6,14
WBGene00206497,25,28,53
WBGene00206498,5,2,7
WBGene00206499,10,2,12
WBGene00206500,0,8,8
WBGene00206501,2,2,4
WBGene00206502,6,9,15
WBGene00206503,0,7,7
WBGene00206504,0,0,0
WBGene00206505,16,86,102
WBGene00206506,2,3,5
WBGene00206507,1,3,4
WBGene00206508,7,1,8
WBGene00206510,25,2,27
WBGene00206511,23,4,27
WBGene00206512,10,13,23
WBGene00206513,6,5,11
WBGene00206514,2,6,8
WBGene00206515,3,6,9
WBGene00206516,343,2,345
WBGene00206517,9,42,51
WBGene00206518,11,0,11
WBGene00206519,3,13,16
WBGene00206520,3,7,10
WBGene00206521,12,33,45
WBGene00206522,91,1905,1996
WBGene00206523,2,1,3
WBGene00206524,8,10,18
WBGene00206525,183,1595,1778
WBGene00206527,18,19,37
WBGene00206528,6,62,68
WBGene00206529,51,228,279
WBGene00206530,77,5,82
WBGene00206532,361,311,672
WBGene00206533,58,23,81
WBGene00206534,1,0,1
WBGene00206535,6,0,6
WBGene00206537,23,16,39
WBGene00206538,37,193,230
WBGene00219205,14,16,30
WBGene00219206,5,72,77
WBGene00219207,0,790,790
WBGene00219208,43,122,165
WBGene00219209,14,48,62
WBGene00219210,13,43,56
WBGene00219212,0,0,0
WBGene00219214,1,0,1
WBGene00219216,40,8,48
WBGene00219217,2,9,11
WBGene00219218,15,32,47
WBGene00219234,7,6,13
WBGene00219235,6,35,41
WBGene00219236,20,144,164
WBGene00219238,1,0,1
WBGene00219239,0,12,12
WBGene00219241,5,3,8
WBGene00219243,70,46,116
WBGene00219244,0,2,2
WBGene00219271,0,11,11
WBGene00219272,14,1,15
WBGene00219274,73,187,260
WBGene00219275,265,1242,1507
WBGene00219278,2,2,4
WBGene00219280,8,37,45
WBGene00219281,27,12,39
WBGene00219282,11,11,22
WBGene00219283,97,29,126
WBGene00219284,3,22134,22137
WBGene00219285,13,20,33
WBGene00219286,1,29,30
WBGene00219287,51,324,375
WBGene00219288,94,203,297
WBGene00219289,854,243,1097
WBGene00219290,0,0,0
WBGene00219291,5,0,5
WBGene00219293,9,32,41
WBGene00219294,7,39,46
WBGene00219295,74,70,144
WBGene00219296,6,6,12
WBGene00219297,35,2,37
WBGene00219298,18,23,41
WBGene00219299,10,21,31
WBGene00219300,38,36,74
WBGene00219301,11,5,16
WBGene00219302,0,22,22
WBGene00219308,0,0,0
WBGene00219309,5,21,26
WBGene00219310,2,31,33
WBGene00219313,46,957,1003
WBGene00219314,8,1,9
WBGene00219315,0,4,4
WBGene00219316,11,35,46
WBGene00219317,4,6,10
WBGene00219318,2,1,3
WBGene00219319,35,25,60
WBGene00219321,15,17,32
WBGene00219322,2,2,4
WBGene00219324,0,2,2
WBGene00219325,25,9,34
WBGene00219326,6,9,15
WBGene00219327,0,17,17
WBGene00219329,137,123,260
WBGene00219330,5,6,11
WBGene00219332,45,0,45
WBGene00219337,89,45,134
WBGene00219342,11,6,17
WBGene00219351,21,4,25
WBGene00219362,98,102,200
WBGene00219368,1,7,8
WBGene00219369,1,4,5
WBGene00219370,4,4,8
WBGene00219371,24,37,61
WBGene00219372,20,120,140
WBGene00219373,16,542,558
WBGene00219374,0,33,33
WBGene00219375,92,354,446
WBGene00219376,12,47,59
WBGene00219378,1,1,2
WBGene00219381,12,5,17
WBGene00219383,3,5,8
WBGene00219394,65,264,329
WBGene00219395,29,9,38
WBGene00219399,18,16,34
WBGene00219410,58,30,88
WBGene00219411,39,6,45
WBGene00219412,0,5,5
WBGene00219413,2,9,11
WBGene00219414,1,6,7
WBGene00219418,0,1,1
WBGene00219420,0,91,91
WBGene00219421,13,32,45
WBGene00219422,32,22,54
WBGene00219423,29,9,38
WBGene00219424,10,10,20
WBGene00219425,193,66,259
WBGene00219434,6,8,14
WBGene00219436,26,10,36
WBGene00219437,20,1,21
WBGene00219443,11,3,14
WBGene00219445,0,5,5
WBGene00219446,0,2,2
WBGene00219447,0,0,0
WBGene00219449,17,12,29
WBGene00219450,82,73,155
WBGene00219451,9,111,120
WBGene00219452,8,10,18
WBGene00219454,0,0,0
WBGene00219455,0,3,3
WBGene00219456,0,1,1
WBGene00219458,11,1,12
WBGene00219460,47,3,50
WBGene00219476,6,23,29
WBGene00219478,6,9,15
WBGene00219489,0,5,5
WBGene00219491,1,5,6
WBGene00219493,4,6,10
WBGene00219498,13,3,16
WBGene00219544,11,20,31
WBGene00219547,0,8,8
WBGene00219750,13,15,28
WBGene00219796,0,19,19
WBGene00220249,1,4,5
WBGene00220250,123,28,151
WBGene00220253,0,22,22
WBGene00220254,9,5,14
WBGene00220257,0,30,30
WBGene00220258,0,29,29
WBGene00220259,21,42,63
WBGene00220261,14,12,26
WBGene00235081,0,0,0
WBGene00235092,5,3,8
WBGene00235093,0,3,3
WBGene00235094,0,4,4
WBGene00235095,7,6,13
WBGene00235102,44,2974,3018
WBGene00235110,11,6,17
WBGene00235112,0,0,0
WBGene00235113,3,37,40
WBGene00235114,22,223,245
WBGene00235115,7,1,8
WBGene00235116,23,8,31
WBGene00235117,11,23,34
WBGene00235118,1,6,7
WBGene00235120,5,4,9
WBGene00235129,2,38,40
WBGene00235132,25,19,44
WBGene00235133,4,17,21
WBGene00235134,2,11,13
WBGene00235158,61,247,308
WBGene00235164,120,1192,1312
WBGene00235165,1,5,6
WBGene00235254,3,20,23
WBGene00235256,0,59,59
WBGene00235257,3,21,24
WBGene00235258,5,5,10
WBGene00235260,144,13,157
WBGene00235261,0,5,5
WBGene00235262,0,0,0
WBGene00235263,91,15,106
WBGene00235264,3,8,11
WBGene00235267,5,11,16
WBGene00235268,69,79,148
WBGene00235269,99,746,845
WBGene00235271,1,4,5
WBGene00235273,128,355,483
WBGene00235274,23,149,172
WBGene00235275,30,13,43
WBGene00235277,74,76,150
WBGene00235279,170,83,253
WBGene00235280,3,17,20
WBGene00235282,0,2,2
WBGene00235283,15,44,59
WBGene00235284,0,17,17
WBGene00235285,3,1,4
WBGene00235288,10,1,11
WBGene00235289,3,9,12
WBGene00235290,10,1,11
WBGene00235291,221,1152,1373
WBGene00235293,0,1,1
WBGene00235294,4,22,26
WBGene00235295,2,25,27
WBGene00235296,0,23,23
WBGene00235297,0,6,6
WBGene00235298,0,4,4
WBGene00235300,0,26,26
WBGene00235301,1,21,22
WBGene00235302,0,1,1
WBGene00235303,0,51,51
WBGene00235304,0,3,3
WBGene00235305,7,4,11
WBGene00235308,11,25,36
WBGene00235309,3,14,17
WBGene00235310,57,86,143
WBGene00235311,3,1,4
WBGene00235312,26,253,279
WBGene00235313,26,38,64
WBGene00235315,53,303,356
WBGene00235316,45,35,80
WBGene00235317,0,0,0
WBGene00235320,10,41,51
WBGene00235321,24,2,26
WBGene00235322,0,1,1
WBGene00235324,18,11,29
WBGene00235325,33,156,189
WBGene00235326,1,4,5
WBGene00235327,0,0,0
WBGene00235328,0,12,12
WBGene00235329,7,5,12
WBGene00235330,73,559,632
WBGene00235332,0,4,4
WBGene00235333,7,11,18
WBGene00235335,0,14,14
WBGene00235336,0,2,2
WBGene00235339,0,0,0
WBGene00235340,0,5,5
WBGene00235342,2,0,2
WBGene00235343,1,0,1
WBGene00235350,96,4,100
WBGene00235351,0,1,1
WBGene00235352,10,16,26
WBGene00235354,2,2,4
WBGene00235358,0,16,16
WBGene00235359,0,1,1
WBGene00235361,0,3,3
WBGene00235363,0,12,12
WBGene00235364,0,0,0
WBGene00235365,0,4,4
WBGene00235367,0,3,3
WBGene00235368,0,4,4
WBGene00235369,13,0,13
WBGene00235371,0,2,2
WBGene00235374,7,2,9
WBGene00235380,0,69,69
WBGene00235383,26,10,36
WBGene00235388,13,42,55
WBGene00235390,3,3,6
WBGene00235391,0,10,10
WBGene00236786,4,23,27
WBGene00236789,16,37,53
WBGene00236806,103,0,103
WBGene00236808,8,2,10
WBGene00236809,19,8,27
WBGene00249815,1679,1818,3497
WBGene00249817,37,412,449
WBGene00255375,0,1,1
WBGene00255420,69,8,77
WBGene00255457,113,36,149
WBGene00255469,54,35,89
WBGene00255522,2,1,3
WBGene00255545,0,1,1
WBGene00255546,14,4,18
WBGene00255550,0,7,7
WBGene00255553,10,1,11
WBGene00255594,14,38,52
WBGene00255595,0,138,138
WBGene00255597,16,10,26
WBGene00255598,91,52,143
WBGene00255600,13,46,59
WBGene00255605,3,10,13
WBGene00255607,1,15,16
WBGene00255611,0,5,5
WBGene00255702,3,28,31
WBGene00255704,0,217,217
WBGene00255714,2,57,59
WBGene00255729,13,27,40
WBGene00255731,12,26,38
WBGene00255732,4,4,8
WBGene00255733,2,8,10
WBGene00268194,34,3,37
WBGene00268196,98,102,200
WBGene00268197,4,5,9
WBGene00268198,1,1,2
WBGene00268199,0,6,6
WBGene00268206,8,19,27
WBGene00268213,12,19,31
WBGene00268215,8,6,14
WBGene00268216,11,5,16
WBGene00269332,2,1,3
WBGene00269352,0,0,0
WBGene00269355,14,69,83
WBGene00269373,8,45,53
WBGene00269374,0,2,2
WBGene00269375,4,7,11
WBGene00269378,44,140,184
WBGene00269379,22,15,37
WBGene00269381,5,1,6
WBGene00269382,43,412,455
WBGene00269385,0,2,2
WBGene00269387,2,29,31
WBGene00269388,0,8,8
WBGene00269389,0,5,5
WBGene00269391,113,206,319
WBGene00269392,10,11,21
WBGene00269394,4,9,13
WBGene00269421,808,2505,3313
WBGene00269422,0,5,5
WBGene00269424,8,13,21
WBGene00269425,8,5,13
WBGene00269429,0,134,134
WBGene00269431,2,15,17
WBGene00269432,26,117,143
WBGene00269433,2,94,96
WBGene00269434,0,36,36
WBGene00269435,0,2,2
WBGene00269437,3,4,7
WBGene00269438,1,13,14
WBGene00270290,7,14,21
WBGene00270293,2,33,35
WBGene00270303,5,7,12
WBGene00270309,37,51,88
WBGene00270318,19,29,48
WBGene00270319,108,619,727
WBGene00270320,0,3,3
WBGene00270321,36,27,63
WBGene00270322,34,418,452
WBGene00271414,32,227,259
WBGene00271415,15,13,28
WBGene00271437,25,23,48
WBGene00271444,3,18,21
WBGene00271567,5,14,19
WBGene00271577,15,6,21
WBGene00271605,62,46,108
WBGene00271606,37,280,317
WBGene00271657,2,30,32
WBGene00271694,24,189,213
WBGene00271701,14,12,26
WBGene00271703,15,62,77
WBGene00271706,7,144,151
WBGene00271707,9,9,18
WBGene00271715,15,2,17
