gene_id,total_unsp,total_sp,total
WBGene00000001.,28,432,460
WBGene00000002.,45,265,310
WBGene00000003.,5,177,182
WBGene00000004.,125,798,923
WBGene00000005.,29,69,98
WBGene00000006.,314,2224,2538
WBGene00000007.,34,45,79
WBGene00000008.,40,14,54
WBGene00000009.,41,24,65
WBGene00000010.,53,179,232
WBGene00000012.,15,36,51
WBGene00000013.,0,57,57
WBGene00000014.,2,8,10
WBGene00000015.,2,48,50
WBGene00000016.,124,4383,4507
WBGene00000017.,15,2500,2515
WBGene00000018.,309,754,1063
WBGene00000019.,79,21,100
WBGene00000020.,300,509,809
WBGene00000021.,74,15,89
WBGene00000022.,20,298,318
WBGene00000023.,49,33,82
WBGene00000024.,0,9,9
WBGene00000025.,0,16,16
WBGene00000026.,0,10,10
WBGene00000027.,1,4,5
WBGene00000028.,0,1,1
WBGene00000029.,0,1,1
WBGene00000030.,0,11,11
WBGene00000031.,1,77,78
WBGene00000032.,0,0,0
WBGene00000033.,11,14,25
WBGene00000034.,8,53,61
WBGene00000035.,388,592,980
WBGene00000036.,118,465,583
WBGene00000037.,81,985,1066
WBGene00000038.,88,155,243
WBGene00000039.,26,380,406
WBGene00000040.,37,3033,3070
WBGene00000041.,414,9584,9998
WBGene00000042.,103,115,218
WBGene00000043.,47,87,134
WBGene00000044.,81,55,136
WBGene00000045.,31,33,64
WBGene00000046.,157,171,328
WBGene00000047.,80,296,376
WBGene00000048.,32,71,103
WBGene00000049.,30,42,72
WBGene00000050.,41,94,135
WBGene00000051.,59,135,194
WBGene00000053.,29,29,58
WBGene00000054.,36,137,173
WBGene00000055.,26,127,153
WBGene00000056.,47,96,143
WBGene00000057.,101,89,190
WBGene00000058.,143,176,319
WBGene00000059.,54,71,125
WBGene00000060.,79,78,157
WBGene00000061.,63,264,327
WBGene00000062.,165,86,251
WBGene00000063.,31,62808,62839
WBGene00000064.,432,11025,11457
WBGene00000065.,678,66039,66717
WBGene00000066.,1548,100627,102175
WBGene00000067.,324,5885,6209
WBGene00000068.,2033,680,2713
WBGene00000069.,59,199,258
WBGene00000070.,307,893,1200
WBGene00000071.,76,210,286
WBGene00000072.,141,514,655
WBGene00000073.,60,351,411
WBGene00000074.,175,322,497
WBGene00000075.,39,144,183
WBGene00000079.,177,896,1073
WBGene00000080.,26,528,554
WBGene00000081.,89,747,836
WBGene00000082.,119,78,197
WBGene00000083.,174,980,1154
WBGene00000084.,80,57,137
WBGene00000085.,87,168,255
WBGene00000086.,114,457,571
WBGene00000088.,86,227,313
WBGene00000089.,116,1297,1413
WBGene00000090.,87,576,663
WBGene00000092.,283,1340,1623
WBGene00000093.,41,293,334
WBGene00000094.,89,507,596
WBGene00000095.,129,1184,1313
WBGene00000096.,302,342,644
WBGene00000097.,181,1974,2155
WBGene00000098.,41,539,580
WBGene00000099.,88,501,589
WBGene00000100.,656,2939,3595
WBGene00000101.,111,1091,1202
WBGene00000102.,282,2503,2785
WBGene00000103.,139,1372,1511
WBGene00000105.,40,1370,1410
WBGene00000106.,50,760,810
WBGene00000107.,817,4812,5629
WBGene00000108.,33,6,39
WBGene00000109.,22,404,426
WBGene00000110.,56,1395,1451
WBGene00000111.,102,234,336
WBGene00000112.,193,3243,3436
WBGene00000113.,43,271,314
WBGene00000114.,282,23911,24193
WBGene00000115.,36,999,1035
WBGene00000116.,100,317,417
WBGene00000117.,212,429,641
WBGene00000118.,10,4495,4505
WBGene00000120.,4,1412,1416
WBGene00000121.,65,1366,1431
WBGene00000122.,84,5893,5977
WBGene00000123.,161,2609,2770
WBGene00000133.,37,22,59
WBGene00000134.,58,100,158
WBGene00000135.,66,124,190
WBGene00000136.,66,340,406
WBGene00000137.,79,270,349
WBGene00000138.,63,268,331
WBGene00000139.,91,52,143
WBGene00000140.,694,23374,24068
WBGene00000142.,51,518,569
WBGene00000143.,153,405,558
WBGene00000144.,85,341,426
WBGene00000145.,11,242,253
WBGene00000146.,268,1156,1424
WBGene00000147.,6,335,341
WBGene00000148.,93,681,774
WBGene00000149.,275,5774,6049
WBGene00000150.,149,615,764
WBGene00000151.,16,403,419
WBGene00000155.,24,685,709
WBGene00000156.,58,498,556
WBGene00000157.,88,1456,1544
WBGene00000158.,562,1254,1816
WBGene00000159.,35,1284,1319
WBGene00000160.,459,1547,2006
WBGene00000161.,37,1379,1416
WBGene00000162.,353,1223,1576
WBGene00000163.,62,1157,1219
WBGene00000164.,125,533,658
WBGene00000165.,36,516,552
WBGene00000166.,30,207,237
WBGene00000168.,329,166,495
WBGene00000169.,92,897,989
WBGene00000170.,630,12553,13183
WBGene00000171.,64,8,72
WBGene00000172.,125,503,628
WBGene00000173.,13,68,81
WBGene00000174.,38,58,96
WBGene00000175.,1746,15682,17428
WBGene00000176.,45,379,424
WBGene00000177.,279,686,965
WBGene00000178.,185,1196,1381
WBGene00000179.,274,941,1215
WBGene00000180.,66,591,657
WBGene00000181.,607,2620,3227
WBGene00000182.,215,6352,6567
WBGene00000183.,205,5762,5967
WBGene00000184.,201,871,1072
WBGene00000185.,27,31,58
WBGene00000186.,335,1866,2201
WBGene00000187.,8,663,671
WBGene00000188.,0,201,201
WBGene00000189.,16,306,322
WBGene00000190.,3,20,23
WBGene00000191.,24,109,133
WBGene00000192.,17,1348,1365
WBGene00000193.,63,92,155
WBGene00000195.,100,568,668
WBGene00000196.,129,939,1068
WBGene00000197.,41,2406,2447
WBGene00000198.,241,1649,1890
WBGene00000199.,249,1983,2232
WBGene00000200.,85,1049,1134
WBGene00000201.,528,2676,3204
WBGene00000202.,3,441,444
WBGene00000203.,20,1228,1248
WBGene00000204.,67,1432,1499
WBGene00000205.,12,959,971
WBGene00000206.,102,1104,1206
WBGene00000207.,1269,21901,23170
WBGene00000208.,639,505,1144
WBGene00000209.,1425,9181,10606
WBGene00000210.,4849,25701,30550
WBGene00000211.,149,325,474
WBGene00000212.,72,159,231
WBGene00000213.,39,133,172
WBGene00000214.,0,20728,20728
WBGene00000215.,228,2095,2323
WBGene00000216.,50,7584,7634
WBGene00000217.,1633,9900,11533
WBGene00000218.,125,5478,5603
WBGene00000219.,20,6462,6482
WBGene00000220.,48,336,384
WBGene00000221.,0,1356,1356
WBGene00000222.,87,497,584
WBGene00000223.,476,4166,4642
WBGene00000224.,323,2507,2830
WBGene00000225.,157,1373,1530
WBGene00000226.,155,810,965
WBGene00000227.,398,760,1158
WBGene00000228.,417,7817,8234
WBGene00000229.,2711,56935,59646
WBGene00000230.,303,23338,23641
WBGene00000231.,157,1460,1617
WBGene00000232.,209,780,989
WBGene00000233.,251,587,838
WBGene00000235.,11,3848,3859
WBGene00000236.,325,1475,1800
WBGene00000237.,141,399,540
WBGene00000238.,79,286,365
WBGene00000239.,80,339,419
WBGene00000240.,408,1413,1821
WBGene00000241.,42,65,107
WBGene00000242.,53,181,234
WBGene00000244.,70,311,381
WBGene00000245.,254,3321,3575
WBGene00000246.,65,43,108
WBGene00000247.,58,974,1032
WBGene00000248.,337,2024,2361
WBGene00000249.,31,877,908
WBGene00000250.,27,165,192
WBGene00000251.,9,27,36
WBGene00000252.,1,6,7
WBGene00000253.,98,251,349
WBGene00000254.,288,1091,1379
WBGene00000255.,27,11,38
WBGene00000256.,1,22,23
WBGene00000257.,74,812,886
WBGene00000259.,133,674,807
WBGene00000262.,20,382,402
WBGene00000263.,7446,35489,42935
WBGene00000264.,276,285,561
WBGene00000265.,111,271,382
WBGene00000266.,165,1195,1360
WBGene00000267.,80,125,205
WBGene00000268.,391,559,950
WBGene00000269.,140,392,532
WBGene00000270.,36,152,188
WBGene00000271.,43,411,454
WBGene00000272.,66,253,319
WBGene00000273.,115,1909,2024
WBGene00000274.,278,548,826
WBGene00000275.,25,611,636
WBGene00000276.,173,2800,2973
WBGene00000277.,1829,12119,13948
WBGene00000279.,34,102,136
WBGene00000280.,46,209,255
WBGene00000281.,56,2219,2275
WBGene00000282.,270,2042,2312
WBGene00000283.,195,1603,1798
WBGene00000284.,30,722,752
WBGene00000285.,243,1884,2127
WBGene00000286.,665,5063,5728
WBGene00000287.,224,582,806
WBGene00000288.,237,1557,1794
WBGene00000289.,266,941,1207
WBGene00000292.,334,3097,3431
WBGene00000293.,355,4990,5345
WBGene00000294.,187,2430,2617
WBGene00000295.,93,391,484
WBGene00000296.,95,155,250
WBGene00000298.,14,475,489
WBGene00000301.,14,3592,3606
WBGene00000302.,35,158,193
WBGene00000308.,10,4,14
WBGene00000310.,0,0,0
WBGene00000311.,0,0,0
WBGene00000366.,146,2505,2651
WBGene00000367.,581,1265,1846
WBGene00000368.,257,1559,1816
WBGene00000369.,6,1169,1175
WBGene00000370.,3078,9887,12965
WBGene00000371.,5042,36301,41343
WBGene00000372.,5,69,74
WBGene00000373.,40,195,235
WBGene00000374.,122,610,732
WBGene00000375.,33,173,206
WBGene00000376.,340,852,1192
WBGene00000377.,135,9133,9268
WBGene00000378.,33,8253,8286
WBGene00000379.,1127,11380,12507
WBGene00000380.,917,17869,18786
WBGene00000381.,133,7954,8087
WBGene00000382.,33,327,360
WBGene00000383.,117,1776,1893
WBGene00000386.,24,217,241
WBGene00000387.,448,318,766
WBGene00000388.,17,10,27
WBGene00000389.,3,0,3
WBGene00000390.,96,2917,3013
WBGene00000391.,178,609,787
WBGene00000392.,0,39,39
WBGene00000393.,103,625,728
WBGene00000395.,113,243,356
WBGene00000396.,65,1406,1471
WBGene00000397.,24,28,52
WBGene00000399.,49,166,215
WBGene00000401.,80,111,191
WBGene00000402.,220,113,333
WBGene00000403.,520,5685,6205
WBGene00000405.,64,1595,1659
WBGene00000406.,37,218,255
WBGene00000407.,283,791,1074
WBGene00000408.,358,745,1103
WBGene00000409.,127,690,817
WBGene00000410.,165,679,844
WBGene00000411.,34,1290,1324
WBGene00000412.,22,71,93
WBGene00000413.,78,430,508
WBGene00000414.,467,3664,4131
WBGene00000415.,878,805,1683
WBGene00000416.,57,569,626
WBGene00000417.,83,89,172
WBGene00000418.,22,318,340
WBGene00000419.,219,826,1045
WBGene00000420.,42,613,655
WBGene00000421.,190,838,1028
WBGene00000422.,24,35,59
WBGene00000423.,58,543,601
WBGene00000424.,85,921,1006
WBGene00000425.,19,101,120
WBGene00000426.,180,600,780
WBGene00000427.,15,14,29
WBGene00000428.,2,35,37
WBGene00000429.,138,279,417
WBGene00000430.,21,153,174
WBGene00000431.,38,376,414
WBGene00000432.,13,6,19
WBGene00000433.,94,152,246
WBGene00000434.,35,217,252
WBGene00000435.,14,37,51
WBGene00000436.,21,32,53
WBGene00000437.,70,544,614
WBGene00000438.,55,76,131
WBGene00000439.,88,170,258
WBGene00000440.,8,107,115
WBGene00000441.,348,687,1035
WBGene00000442.,28,158,186
WBGene00000443.,152,2062,2214
WBGene00000444.,16,183,199
WBGene00000445.,37,248,285
WBGene00000446.,15,281,296
WBGene00000447.,54,130,184
WBGene00000448.,111,497,608
WBGene00000449.,111,413,524
WBGene00000450.,20,19,39
WBGene00000451.,19,55,74
WBGene00000452.,10,585,595
WBGene00000453.,102,640,742
WBGene00000454.,51,274,325
WBGene00000455.,134,1056,1190
WBGene00000457.,54,61,115
WBGene00000458.,174,412,586
WBGene00000459.,68,999,1067
WBGene00000460.,5,166,171
WBGene00000461.,39,26,65
WBGene00000462.,4,225,229
WBGene00000463.,64,352,416
WBGene00000464.,0,51,51
WBGene00000465.,5,62,67
WBGene00000466.,256,1293,1549
WBGene00000467.,59,202,261
WBGene00000468.,18,40,58
WBGene00000469.,59,65,124
WBGene00000472.,109,17005,17114
WBGene00000473.,11,361,372
WBGene00000474.,23,410,433
WBGene00000475.,152,13942,14094
WBGene00000476.,142,553,695
WBGene00000477.,72,58,130
WBGene00000478.,31,281,312
WBGene00000479.,29,1395,1424
WBGene00000480.,179,986,1165
WBGene00000481.,78,468,546
WBGene00000482.,141,2542,2683
WBGene00000483.,96,14,110
WBGene00000484.,114,70,184
WBGene00000485.,168,477,645
WBGene00000487.,148,18,166
WBGene00000488.,128,127,255
WBGene00000490.,81,218,299
WBGene00000491.,187,312,499
WBGene00000492.,222,317,539
WBGene00000493.,94,119,213
WBGene00000496.,59,147,206
WBGene00000497.,121,62,183
WBGene00000498.,12,390,402
WBGene00000499.,65,51,116
WBGene00000500.,63,723,786
WBGene00000501.,85,576,661
WBGene00000502.,275,2452,2727
WBGene00000503.,7,13,20
WBGene00000506.,217,650,867
WBGene00000507.,103,365,468
WBGene00000508.,25,890,915
WBGene00000509.,209,1019,1228
WBGene00000510.,321,1702,2023
WBGene00000511.,49,239,288
WBGene00000512.,58,246,304
WBGene00000513.,14,164,178
WBGene00000514.,101,384,485
WBGene00000515.,19,239,258
WBGene00000516.,5,1363,1368
WBGene00000517.,63,214,277
WBGene00000518.,888,781,1669
WBGene00000519.,481,381,862
WBGene00000520.,117,458,575
WBGene00000521.,26,37,63
WBGene00000522.,110,252,362
WBGene00000523.,73,209,282
WBGene00000524.,59,447,506
WBGene00000525.,12,16,28
WBGene00000526.,17,218,235
WBGene00000527.,427,883,1310
WBGene00000528.,98,262,360
WBGene00000529.,324,291,615
WBGene00000530.,76,138,214
WBGene00000531.,100,41,141
WBGene00000532.,53,755,808
WBGene00000533.,24,183,207
WBGene00000534.,68,10341,10409
WBGene00000535.,197,3072,3269
WBGene00000536.,84,428,512
WBGene00000537.,26,225,251
WBGene00000539.,43,74,117
WBGene00000540.,100,230,330
WBGene00000541.,98,152,250
WBGene00000542.,399,2929,3328
WBGene00000543.,110,331,441
WBGene00000544.,251,28,279
WBGene00000545.,413,996,1409
WBGene00000546.,17,15,32
WBGene00000547.,223,523,746
WBGene00000548.,125,1223,1348
WBGene00000549.,35,2387,2422
WBGene00000550.,81,6489,6570
WBGene00000551.,0,7,7
WBGene00000552.,1435,16686,18121
WBGene00000553.,766,880,1646
WBGene00000554.,589,3672,4261
WBGene00000555.,0,3,3
WBGene00000556.,210,1293,1503
WBGene00000557.,127,1648,1775
WBGene00000558.,305,3810,4115
WBGene00000559.,2,2,4
WBGene00000560.,8,33,41
WBGene00000561.,6,264,270
WBGene00000562.,101,104,205
WBGene00000563.,56,10,66
WBGene00000564.,143,577,720
WBGene00000565.,535,366,901
WBGene00000566.,461,1084,1545
WBGene00000567.,195,3091,3286
WBGene00000583.,162,910,1072
WBGene00000584.,76,152,228
WBGene00000585.,98,863,961
WBGene00000591.,193,578,771
WBGene00000592.,31,147,178
WBGene00000593.,1,17,18
WBGene00000594.,1,2441,2442
WBGene00000596.,0,9,9
WBGene00000597.,10,41,51
WBGene00000598.,6,21,27
WBGene00000599.,43,2669,2712
WBGene00000601.,0,45,45
WBGene00000602.,0,84,84
WBGene00000603.,4,17,21
WBGene00000606.,4,17,21
WBGene00000608.,0,11,11
WBGene00000609.,1,6,7
WBGene00000610.,9,12,21
WBGene00000611.,71,365,436
WBGene00000612.,0,5,5
WBGene00000613.,0,31,31
WBGene00000614.,9,77,86
WBGene00000615.,1,17,18
WBGene00000616.,0,266,266
WBGene00000617.,1,14,15
WBGene00000618.,0,16,16
WBGene00000620.,1,4,5
WBGene00000621.,0,10,10
WBGene00000622.,14,47,61
WBGene00000623.,40,145,185
WBGene00000624.,88,24,112
WBGene00000625.,29,60,89
WBGene00000626.,0,4,4
WBGene00000627.,0,9,9
WBGene00000628.,0,37,37
WBGene00000629.,59,17,76
WBGene00000630.,22,66,88
WBGene00000631.,8,34,42
WBGene00000632.,1,74,75
WBGene00000633.,9,18,27
WBGene00000634.,4,97,101
WBGene00000636.,7,44,51
WBGene00000637.,5,64,69
WBGene00000638.,0,8,8
WBGene00000639.,2,78,80
WBGene00000640.,16,41,57
WBGene00000641.,13,64,77
WBGene00000642.,4,7,11
WBGene00000644.,5,21,26
WBGene00000645.,35,147,182
WBGene00000646.,4,23,27
WBGene00000647.,25,66,91
WBGene00000648.,47,6,53
WBGene00000649.,5,23,28
WBGene00000650.,1,35,36
WBGene00000651.,19,37,56
WBGene00000652.,39,101,140
WBGene00000653.,0,38,38
WBGene00000654.,19,15,34
WBGene00000655.,3,72,75
WBGene00000656.,24,922,946
WBGene00000657.,16,19,35
WBGene00000658.,19,15,34
WBGene00000659.,11,12,23
WBGene00000660.,18,5,23
WBGene00000661.,13,12,25
WBGene00000662.,47,52,99
WBGene00000663.,0,21,21
WBGene00000664.,1,243,244
WBGene00000665.,4,36,40
WBGene00000666.,6,73,79
WBGene00000667.,0,49,49
WBGene00000668.,1,315,316
WBGene00000669.,11,1771,1782
WBGene00000670.,1,57,58
WBGene00000671.,0,27,27
WBGene00000672.,5,60,65
WBGene00000673.,16,9967,9983
WBGene00000674.,115,225,340
WBGene00000675.,11,57,68
WBGene00000676.,0,11,11
WBGene00000677.,31,9910,9941
WBGene00000678.,3,24,27
WBGene00000679.,11,23,34
WBGene00000680.,0,10,10
WBGene00000681.,13,4655,4668
WBGene00000682.,0,14,14
WBGene00000683.,26,55,81
WBGene00000684.,11,43,54
WBGene00000685.,12,45,57
WBGene00000687.,15,22,37
WBGene00000688.,2,28,30
WBGene00000689.,31,45,76
WBGene00000690.,0,9,9
WBGene00000691.,2,1972,1974
WBGene00000692.,215,1501,1716
WBGene00000693.,0,11,11
WBGene00000694.,0,7,7
WBGene00000695.,7,14,21
WBGene00000696.,0,7,7
WBGene00000697.,18,12,30
WBGene00000698.,0,24,24
WBGene00000699.,2,46,48
WBGene00000700.,0,1,1
WBGene00000701.,0,22,22
WBGene00000702.,27,41,68
WBGene00000703.,4,179,183
WBGene00000704.,3,101,104
WBGene00000705.,9,7,16
WBGene00000706.,4,20,24
WBGene00000707.,5,25,30
WBGene00000708.,3,115,118
WBGene00000709.,22,10,32
WBGene00000710.,15,12,27
WBGene00000711.,0,4,4
WBGene00000712.,0,5,5
WBGene00000713.,0,33,33
WBGene00000714.,11,37,48
WBGene00000715.,2,31,33
WBGene00000716.,1,8,9
WBGene00000717.,20,961,981
WBGene00000718.,1,15,16
WBGene00000719.,0,13,13
WBGene00000720.,6,7494,7500
WBGene00000721.,1,24,25
WBGene00000722.,13,1419,1432
WBGene00000723.,0,64,64
WBGene00000724.,8,23,31
WBGene00000725.,2,25,27
WBGene00000726.,36,74,110
WBGene00000727.,0,310,310
WBGene00000728.,1,394,395
WBGene00000729.,10,16,26
WBGene00000730.,1,17,18
WBGene00000731.,2,29,31
WBGene00000732.,14,60,74
WBGene00000733.,4,20,24
WBGene00000734.,1,13,14
WBGene00000735.,10,10,20
WBGene00000736.,4,21,25
WBGene00000737.,7,48,55
WBGene00000738.,8,51,59
WBGene00000739.,0,9347,9347
WBGene00000740.,0,2794,2794
WBGene00000741.,0,2065,2065
WBGene00000742.,0,295,295
WBGene00000743.,0,126,126
WBGene00000744.,0,4,4
WBGene00000745.,9,90,99
WBGene00000746.,41,37,78
WBGene00000747.,5,28,33
WBGene00000748.,3,67,70
WBGene00000749.,1,174,175
WBGene00000750.,11,26,37
WBGene00000751.,5,8,13
WBGene00000752.,2,4,6
WBGene00000753.,0,27,27
WBGene00000754.,0,8,8
WBGene00000755.,1,29,30
WBGene00000756.,0,12,12
WBGene00000757.,1,21,22
WBGene00000758.,0,6,6
WBGene00000759.,50,58,108
WBGene00000760.,43,37,80
WBGene00000761.,101,1023,1124
WBGene00000762.,166,494,660
WBGene00000763.,225,1229,1454
WBGene00000764.,51,242,293
WBGene00000765.,10,1323,1333
WBGene00000766.,46,993,1039
WBGene00000767.,260,1940,2200
WBGene00000768.,293,2269,2562
WBGene00000770.,8,30,38
WBGene00000771.,3,11,14
WBGene00000772.,5,111,116
WBGene00000773.,111,1003,1114
WBGene00000774.,79,976,1055
WBGene00000775.,94,210,304
WBGene00000776.,371,10546,10917
WBGene00000777.,34,1713,1747
WBGene00000778.,28,143,171
WBGene00000779.,10852,81291,92143
WBGene00000780.,569,2796,3365
WBGene00000781.,11,1107,1118
WBGene00000782.,0,7,7
WBGene00000783.,39,343,382
WBGene00000784.,16,2116,2132
WBGene00000785.,60,7261,7321
WBGene00000786.,246,1691,1937
WBGene00000787.,54,1006,1060
WBGene00000788.,58,3020,3078
WBGene00000789.,106,1878,1984
WBGene00000792.,118,122,240
WBGene00000793.,2272,1756,4028
WBGene00000794.,69,795,864
WBGene00000795.,35,416,451
WBGene00000796.,246,1321,1567
WBGene00000797.,20,27,47
WBGene00000798.,15,585,600
WBGene00000799.,74,146,220
WBGene00000800.,233,2136,2369
WBGene00000801.,74,372,446
WBGene00000802.,1134,41310,42444
WBGene00000803.,32,89,121
WBGene00000804.,28,604,632
WBGene00000812.,223,603,826
WBGene00000813.,118,824,942
WBGene00000814.,192,1119,1311
WBGene00000815.,278,816,1094
WBGene00000816.,314,1065,1379
WBGene00000817.,34,632,666
WBGene00000818.,72,656,728
WBGene00000819.,24,10,34
WBGene00000820.,120,252,372
WBGene00000821.,6,4,10
WBGene00000822.,2139,14089,16228
WBGene00000829.,0,101405,101405
WBGene00000830.,0,0,0
WBGene00000831.,3,408,411
WBGene00000832.,395,1773,2168
WBGene00000833.,159,22283,22442
WBGene00000834.,689,1164,1853
WBGene00000835.,292,2326,2618
WBGene00000836.,53,683,736
WBGene00000837.,122,919,1041
WBGene00000838.,126,536,662
WBGene00000839.,74,774,848
WBGene00000840.,144,1051,1195
WBGene00000841.,49,72,121
WBGene00000843.,33,1720,1753
WBGene00000845.,443,2644,3087
WBGene00000846.,143,347,490
WBGene00000851.,24,9,33
WBGene00000853.,35,13,48
WBGene00000854.,331,1301,1632
WBGene00000857.,17,959,976
WBGene00000858.,126,990,1116
WBGene00000859.,20,58,78
WBGene00000860.,22,129,151
WBGene00000861.,12,16,28
WBGene00000862.,104,151,255
WBGene00000863.,24,562,586
WBGene00000864.,0,0,0
WBGene00000865.,17,319,336
WBGene00000866.,1,16,17
WBGene00000867.,0,23,23
WBGene00000868.,24,1262,1286
WBGene00000869.,251,8102,8353
WBGene00000870.,163,633,796
WBGene00000871.,34,227,261
WBGene00000872.,49,675,724
WBGene00000874.,93,979,1072
WBGene00000875.,20,683,703
WBGene00000876.,204,1505,1709
WBGene00000877.,53,8149,8202
WBGene00000878.,14,70,84
WBGene00000879.,1488,20061,21549
WBGene00000880.,83,733,816
WBGene00000881.,7,8420,8427
WBGene00000882.,2,793,795
WBGene00000883.,5752,77577,83329
WBGene00000884.,94,1493,1587
WBGene00000885.,342,344,686
WBGene00000886.,72,553,625
WBGene00000887.,225,910,1135
WBGene00000888.,70,684,754
WBGene00000889.,85,877,962
WBGene00000890.,121,454,575
WBGene00000891.,218,931,1149
WBGene00000892.,206,536,742
WBGene00000893.,75,41,116
WBGene00000894.,245,1452,1697
WBGene00000895.,223,664,887
WBGene00000896.,393,5016,5409
WBGene00000897.,117,508,625
WBGene00000898.,1142,964,2106
WBGene00000899.,188,854,1042
WBGene00000900.,260,1074,1334
WBGene00000901.,893,2648,3541
WBGene00000902.,43,55,98
WBGene00000903.,30,1238,1268
WBGene00000904.,45,134,179
WBGene00000905.,78,128,206
WBGene00000906.,216,182,398
WBGene00000907.,91,163,254
WBGene00000908.,660,676,1336
WBGene00000910.,501,1797,2298
WBGene00000911.,287,1624,1911
WBGene00000912.,796,1604,2400
WBGene00000913.,48,515,563
WBGene00000914.,468,695,1163
WBGene00000915.,1762,95284,97046
WBGene00000917.,453,1835,2288
WBGene00000920.,31,1156,1187
WBGene00000923.,56,1759,1815
WBGene00000928.,14,630,644
WBGene00000929.,136,644,780
WBGene00000930.,0,33,33
WBGene00000931.,165,6035,6200
WBGene00000932.,17,192,209
WBGene00000933.,361,1637,1998
WBGene00000934.,46,263,309
WBGene00000935.,13,166,179
WBGene00000936.,43,806,849
WBGene00000937.,31,287,318
WBGene00000938.,326,3707,4033
WBGene00000939.,211,1104,1315
WBGene00000940.,181,885,1066
WBGene00000941.,1350,8123,9473
WBGene00000942.,299,5650,5949
WBGene00000950.,280,104,384
WBGene00000951.,8,72,80
WBGene00000952.,218,34,252
WBGene00000953.,95,100,195
WBGene00000955.,35,128,163
WBGene00000958.,148,489,637
WBGene00000959.,236,1100,1336
WBGene00000960.,73,75,148
WBGene00000961.,76,651,727
WBGene00000962.,299,6247,6546
WBGene00000963.,145,511,656
WBGene00000964.,128,2488,2616
WBGene00000965.,68,619,687
WBGene00000966.,117,316,433
WBGene00000967.,302,910,1212
WBGene00000968.,68,172,240
WBGene00000969.,28,590,618
WBGene00000970.,58,1113,1171
WBGene00000971.,9,48,57
WBGene00000972.,47,474,521
WBGene00000973.,199,1008,1207
WBGene00000974.,19,83,102
WBGene00000975.,401,1327,1728
WBGene00000976.,155,611,766
WBGene00000977.,18,106,124
WBGene00000978.,27,1163,1190
WBGene00000979.,9,75,84
WBGene00000980.,279,810,1089
WBGene00000981.,15,528,543
WBGene00000982.,286,2596,2882
WBGene00000983.,69,498,567
WBGene00000984.,90,599,689
WBGene00000985.,52,1000,1052
WBGene00000986.,2,36,38
WBGene00000987.,216,550,766
WBGene00000988.,727,9433,10160
WBGene00000989.,14,28,42
WBGene00000990.,109,428,537
WBGene00000991.,221,867,1088
WBGene00000992.,228,678,906
WBGene00000993.,233,1367,1600
WBGene00000994.,58,256,314
WBGene00000995.,52,352,404
WBGene00000996.,131,1703,1834
WBGene00000998.,1127,21967,23094
WBGene00001000.,1897,15468,17365
WBGene00001001.,261,1276,1537
WBGene00001002.,64,740,804
WBGene00001005.,101,18847,18948
WBGene00001006.,143,1256,1399
WBGene00001007.,439,3789,4228
WBGene00001008.,276,1661,1937
WBGene00001016.,35,254,289
WBGene00001017.,223,1932,2155
WBGene00001018.,203,1399,1602
WBGene00001019.,361,1118,1479
WBGene00001020.,80,763,843
WBGene00001021.,70,204,274
WBGene00001022.,40,195,235
WBGene00001023.,167,2000,2167
WBGene00001025.,176,1318,1494
WBGene00001026.,52,1321,1373
WBGene00001027.,254,1163,1417
WBGene00001028.,242,1905,2147
WBGene00001029.,309,2022,2331
WBGene00001030.,193,6187,6380
WBGene00001031.,82,6615,6697
WBGene00001032.,39,577,616
WBGene00001033.,101,415,516
WBGene00001034.,63,1002,1065
WBGene00001035.,101,704,805
WBGene00001036.,28,442,470
WBGene00001037.,99,6577,6676
WBGene00001038.,238,3224,3462
WBGene00001039.,239,711,950
WBGene00001040.,50,518,568
WBGene00001041.,33,1054,1087
WBGene00001042.,806,1521,2327
WBGene00001043.,288,521,809
WBGene00001044.,31,106,137
WBGene00001045.,109,871,980
WBGene00001046.,36,187,223
WBGene00001047.,284,2600,2884
WBGene00001048.,130,672,802
WBGene00001049.,92,391,483
WBGene00001050.,13,112,125
WBGene00001051.,12,1820,1832
WBGene00001052.,236,453,689
WBGene00001053.,121,287,408
WBGene00001054.,134,412,546
WBGene00001055.,213,410,623
WBGene00001056.,162,1227,1389
WBGene00001057.,14,984,998
WBGene00001058.,110,799,909
WBGene00001059.,9,54,63
WBGene00001060.,26,484,510
WBGene00001061.,53,550,603
WBGene00001062.,8,6,14
WBGene00001063.,78,39,117
WBGene00001064.,10,351,361
WBGene00001065.,2,489,491
WBGene00001066.,13,31,44
WBGene00001067.,0,30,30
WBGene00001068.,99,1164,1263
WBGene00001069.,38,326,364
WBGene00001070.,37,86,123
WBGene00001071.,48,331,379
WBGene00001072.,4,254,258
WBGene00001073.,205,2065,2270
WBGene00001074.,10,43,53
WBGene00001075.,21,61,82
WBGene00001076.,1,137,138
WBGene00001077.,98,1550,1648
WBGene00001078.,181,409,590
WBGene00001079.,35,90,125
WBGene00001080.,603,2421,3024
WBGene00001081.,148,2507,2655
WBGene00001082.,184,1613,1797
WBGene00001085.,134,1196,1330
WBGene00001086.,116,1486,1602
WBGene00001087.,1067,956,2023
WBGene00001088.,354,5644,5998
WBGene00001089.,287,884,1171
WBGene00001090.,86,479,565
WBGene00001091.,176,973,1149
WBGene00001092.,3,37,40
WBGene00001093.,40,1313,1353
WBGene00001094.,54,4513,4567
WBGene00001095.,51,286,337
WBGene00001096.,20,133,153
WBGene00001099.,86,702,788
WBGene00001101.,515,2157,2672
WBGene00001102.,46,468,514
WBGene00001103.,1,16,17
WBGene00001104.,17,25,42
WBGene00001105.,43,10,53
WBGene00001106.,31,31,62
WBGene00001107.,27,79,106
WBGene00001108.,12,5,17
WBGene00001109.,1,31,32
WBGene00001110.,21,192,213
WBGene00001111.,184,14,198
WBGene00001112.,114,505,619
WBGene00001113.,1182,7294,8476
WBGene00001115.,293,678,971
WBGene00001116.,328,1037,1365
WBGene00001117.,55,265,320
WBGene00001118.,152,144,296
WBGene00001119.,67,179,246
WBGene00001121.,106,139,245
WBGene00001122.,113,752,865
WBGene00001123.,20,99,119
WBGene00001127.,100,191,291
WBGene00001129.,22,76,98
WBGene00001130.,97,506,603
WBGene00001131.,895,4825,5720
WBGene00001132.,355,2910,3265
WBGene00001133.,58,33,91
WBGene00001134.,195,2009,2204
WBGene00001135.,101,431,532
WBGene00001136.,64,167,231
WBGene00001137.,375,15416,15791
WBGene00001145.,1362,5882,7244
WBGene00001147.,0,18,18
WBGene00001148.,2045,196,2241
WBGene00001149.,177,8001,8178
WBGene00001150.,9,31,40
WBGene00001151.,102,873,975
WBGene00001152.,7,354,361
WBGene00001153.,9,914,923
WBGene00001154.,44,1240,1284
WBGene00001155.,3341,16932,20273
WBGene00001156.,185,631,816
WBGene00001157.,66,163,229
WBGene00001158.,9,22,31
WBGene00001159.,27,193,220
WBGene00001160.,64,2285,2349
WBGene00001161.,179,458,637
WBGene00001162.,423,329,752
WBGene00001163.,149,1153,1302
WBGene00001164.,18,4,22
WBGene00001165.,129,138,267
WBGene00001166.,52,2935,2987
WBGene00001167.,7648,115036,122684
WBGene00001168.,9149,216081,225230
WBGene00001169.,211,59121,59332
WBGene00001170.,67,668,735
WBGene00001171.,202,185,387
WBGene00001172.,262,4664,4926
WBGene00001173.,1496,3819,5315
WBGene00001174.,33,266,299
WBGene00001175.,56,67,123
WBGene00001177.,1266,2287,3553
WBGene00001178.,290,1677,1967
WBGene00001179.,225,940,1165
WBGene00001182.,165,994,1159
WBGene00001184.,101,431,532
WBGene00001185.,59,116,175
WBGene00001186.,245,924,1169
WBGene00001187.,296,2454,2750
WBGene00001188.,125,664,789
WBGene00001189.,949,7690,8639
WBGene00001190.,432,308,740
WBGene00001193.,4,190,194
WBGene00001194.,344,2884,3228
WBGene00001196.,598,12862,13460
WBGene00001202.,126,106,232
WBGene00001204.,55,157,212
WBGene00001207.,105,126,231
WBGene00001208.,353,1317,1670
WBGene00001209.,106,6166,6272
WBGene00001210.,51,1135,1186
WBGene00001211.,121,149,270
WBGene00001214.,36,260,296
WBGene00001215.,251,1162,1413
WBGene00001223.,22,12,34
WBGene00001224.,44,1340,1384
WBGene00001225.,28,4094,4122
WBGene00001226.,320,7787,8107
WBGene00001227.,991,5809,6800
WBGene00001228.,34,1708,1742
WBGene00001229.,83,2413,2496
WBGene00001230.,68,3174,3242
WBGene00001231.,70,2044,2114
WBGene00001232.,222,2089,2311
WBGene00001233.,620,3406,4026
WBGene00001234.,13,3138,3151
WBGene00001235.,109,1374,1483
WBGene00001236.,40,939,979
WBGene00001237.,36,141,177
WBGene00001239.,208,3270,3478
WBGene00001240.,122,1674,1796
WBGene00001241.,155,1926,2081
WBGene00001242.,11,29,40
WBGene00001243.,196,1525,1721
WBGene00001244.,463,2551,3014
WBGene00001245.,9,9,18
WBGene00001246.,10,28,38
WBGene00001247.,94,239,333
WBGene00001248.,115,281,396
WBGene00001249.,39,438,477
WBGene00001250.,25,70,95
WBGene00001251.,139,578,717
WBGene00001252.,9,67,76
WBGene00001253.,102,469,571
WBGene00001258.,765,2394,3159
WBGene00001259.,75,2443,2518
WBGene00001262.,52,1605,1657
WBGene00001263.,992,19392,20384
WBGene00001281.,59,404,463
WBGene00001284.,153,837,990
WBGene00001303.,460,19991,20451
WBGene00001309.,145,1730,1875
WBGene00001310.,47,6,53
WBGene00001311.,9,8,17
WBGene00001320.,20,1300,1320
WBGene00001324.,89,592,681
WBGene00001325.,187,563,750
WBGene00001328.,188,7385,7573
WBGene00001329.,86,1858,1944
WBGene00001330.,537,1650,2187
WBGene00001331.,78,2645,2723
WBGene00001332.,85,297,382
WBGene00001333.,274,1929,2203
WBGene00001334.,361,1496,1857
WBGene00001335.,238,1124,1362
WBGene00001336.,387,2969,3356
WBGene00001337.,890,4968,5858
WBGene00001338.,90,900,990
WBGene00001340.,233,1742,1975
WBGene00001345.,530,1202,1732
WBGene00001352.,293,1343,1636
WBGene00001358.,36,182,218
WBGene00001362.,107,56,163
WBGene00001365.,137,791,928
WBGene00001366.,471,1066,1537
WBGene00001368.,159,979,1138
WBGene00001371.,42,386,428
WBGene00001372.,80,238,318
WBGene00001373.,113,106,219
WBGene00001374.,367,968,1335
WBGene00001377.,201,280,481
WBGene00001385.,50127,331545,381672
WBGene00001386.,1342,16487,17829
WBGene00001387.,57,273,330
WBGene00001388.,6,17,23
WBGene00001389.,35,330,365
WBGene00001390.,24,310,334
WBGene00001391.,40,667,707
WBGene00001392.,91,2841,2932
WBGene00001393.,54,4658,4712
WBGene00001394.,62,3554,3616
WBGene00001395.,383,2274,2657
WBGene00001396.,108,1688,1796
WBGene00001397.,2,171,173
WBGene00001398.,78,2433,2511
WBGene00001399.,34,55,89
WBGene00001400.,37,103,140
WBGene00001401.,6,105,111
WBGene00001402.,7,141,148
WBGene00001403.,230,993,1223
WBGene00001404.,1200,12116,13316
WBGene00001405.,36,1042,1078
WBGene00001406.,125,359,484
WBGene00001410.,269,788,1057
WBGene00001411.,52,690,742
WBGene00001412.,33,533,566
WBGene00001413.,24,149,173
WBGene00001414.,21,36,57
WBGene00001423.,446,18984,19430
WBGene00001424.,5,8,13
WBGene00001425.,210,1063,1273
WBGene00001426.,364,5300,5664
WBGene00001427.,1588,39026,40614
WBGene00001428.,6,701,707
WBGene00001429.,37,275,312
WBGene00001430.,162,1547,1709
WBGene00001431.,199,6781,6980
WBGene00001432.,94,165,259
WBGene00001433.,95,515,610
WBGene00001434.,11,92,103
WBGene00001435.,1,13,14
WBGene00001436.,1,7,8
WBGene00001437.,2,97,99
WBGene00001438.,37,26,63
WBGene00001439.,964,1950,2914
WBGene00001440.,29,231,260
WBGene00001441.,257,1378,1635
WBGene00001442.,9,64,73
WBGene00001443.,332,1217,1549
WBGene00001444.,4295,14341,18636
WBGene00001445.,194,1196,1390
WBGene00001446.,3,242,245
WBGene00001447.,299,2029,2328
WBGene00001448.,1133,10871,12004
WBGene00001449.,402,1362,1764
WBGene00001450.,29,882,911
WBGene00001451.,223,1482,1705
WBGene00001452.,228,11001,11229
WBGene00001453.,8,439,447
WBGene00001454.,10,4262,4272
WBGene00001455.,439,5232,5671
WBGene00001456.,32,1369,1401
WBGene00001457.,3419,13861,17280
WBGene00001458.,302,2927,3229
WBGene00001459.,108,2706,2814
WBGene00001460.,99,1205,1304
WBGene00001461.,1069,4284,5353
WBGene00001462.,196,6691,6887
WBGene00001463.,103,1629,1732
WBGene00001464.,394,3790,4184
WBGene00001465.,42,60,102
WBGene00001466.,21,212,233
WBGene00001468.,38,70,108
WBGene00001470.,90,1106,1196
WBGene00001475.,217,1059,1276
WBGene00001476.,80,179,259
WBGene00001477.,30,208,238
WBGene00001478.,45,132,177
WBGene00001479.,30,112,142
WBGene00001480.,1146,5642,6788
WBGene00001481.,83,141,224
WBGene00001482.,1,98,99
WBGene00001483.,14,59,73
WBGene00001484.,521,853,1374
WBGene00001485.,454,499,953
WBGene00001486.,37,352,389
WBGene00001487.,16,21,37
WBGene00001488.,603,12807,13410
WBGene00001489.,186,683,869
WBGene00001490.,228,687,915
WBGene00001491.,725,2531,3256
WBGene00001492.,53,21,74
WBGene00001493.,92,873,965
WBGene00001494.,364,643,1007
WBGene00001495.,0,0,0
WBGene00001496.,735,3086,3821
WBGene00001497.,134,3019,3153
WBGene00001498.,372,2189,2561
WBGene00001499.,16,332,348
WBGene00001500.,88,370,458
WBGene00001501.,1759,7018,8777
WBGene00001502.,1034,28624,29658
WBGene00001503.,169,4732,4901
WBGene00001505.,56,244,300
WBGene00001506.,34,33,67
WBGene00001507.,47,37,84
WBGene00001508.,136,385,521
WBGene00001509.,111,1129,1240
WBGene00001510.,83,968,1051
WBGene00001511.,31,573,604
WBGene00001512.,115,159,274
WBGene00001513.,5,602,607
WBGene00001514.,32,151,183
WBGene00001515.,56,127,183
WBGene00001516.,824,1192,2016
WBGene00001517.,132,296,428
WBGene00001518.,299,883,1182
WBGene00001519.,390,902,1292
WBGene00001520.,179,4175,4354
WBGene00001522.,78,140,218
WBGene00001523.,105,1035,1140
WBGene00001526.,118,653,771
WBGene00001527.,46,874,920
WBGene00001528.,27,20,47
WBGene00001529.,36,46,82
WBGene00001530.,36,24,60
WBGene00001531.,28,23,51
WBGene00001532.,49,83,132
WBGene00001533.,100,23,123
WBGene00001534.,82,72,154
WBGene00001535.,39,105,144
WBGene00001536.,58,53,111
WBGene00001537.,338,296,634
WBGene00001538.,79,346,425
WBGene00001539.,131,43,174
WBGene00001540.,39,59,98
WBGene00001541.,9,87,96
WBGene00001542.,89,74,163
WBGene00001543.,63,192,255
WBGene00001544.,81,45,126
WBGene00001545.,17,21,38
WBGene00001546.,37,44,81
WBGene00001547.,77,132,209
WBGene00001548.,61,58,119
WBGene00001549.,174,153,327
WBGene00001550.,29,23,52
WBGene00001551.,113,43,156
WBGene00001552.,95,359,454
WBGene00001553.,207,645,852
WBGene00001554.,75,311,386
WBGene00001555.,389,700,1089
WBGene00001556.,272,787,1059
WBGene00001557.,216,657,873
WBGene00001558.,64,5057,5121
WBGene00001559.,301,476,777
WBGene00001560.,88,208,296
WBGene00001561.,891,6084,6975
WBGene00001562.,53,1444,1497
WBGene00001563.,117,1247,1364
WBGene00001564.,1174,39228,40402
WBGene00001565.,175,905,1080
WBGene00001566.,91,1014,1105
WBGene00001568.,47,483,530
WBGene00001569.,0,70,70
WBGene00001570.,102,955,1057
WBGene00001571.,21,238,259
WBGene00001572.,546,2451,2997
WBGene00001574.,209,1549,1758
WBGene00001575.,25,58,83
WBGene00001577.,39,127,166
WBGene00001578.,106,297,403
WBGene00001579.,168,812,980
WBGene00001580.,54,560,614
WBGene00001581.,18,644,662
WBGene00001582.,211,1198,1409
WBGene00001583.,33,234,267
WBGene00001584.,175,337,512
WBGene00001585.,70,573,643
WBGene00001586.,132,170,302
WBGene00001587.,223,366,589
WBGene00001588.,34,164,198
WBGene00001589.,222,642,864
WBGene00001590.,39,414,453
WBGene00001591.,11,56,67
WBGene00001592.,37,150,187
WBGene00001593.,55,157,212
WBGene00001594.,79,528,607
WBGene00001595.,12,126,138
WBGene00001596.,238,1408,1646
WBGene00001597.,19,146,165
WBGene00001598.,48,1092,1140
WBGene00001599.,20,120,140
WBGene00001600.,11,128,139
WBGene00001601.,7,267,274
WBGene00001602.,49,539,588
WBGene00001603.,10,23,33
WBGene00001604.,275,11240,11515
WBGene00001605.,2,17,19
WBGene00001606.,16,149,165
WBGene00001607.,7,48,55
WBGene00001608.,15,21,36
WBGene00001609.,53,213,266
WBGene00001612.,62,135,197
WBGene00001613.,181,195,376
WBGene00001614.,73,136,209
WBGene00001615.,261,391,652
WBGene00001616.,124,443,567
WBGene00001617.,267,319,586
WBGene00001618.,61,42,103
WBGene00001619.,48,65,113
WBGene00001620.,133,1393,1526
WBGene00001621.,22,66,88
WBGene00001622.,126,515,641
WBGene00001623.,16,36,52
WBGene00001624.,26,40,66
WBGene00001625.,28,16,44
WBGene00001626.,25,18,43
WBGene00001627.,75,222,297
WBGene00001628.,56,531,587
WBGene00001629.,257,678,935
WBGene00001630.,780,754,1534
WBGene00001631.,200,723,923
WBGene00001632.,128,869,997
WBGene00001633.,140,360,500
WBGene00001635.,72,644,716
WBGene00001636.,128,323,451
WBGene00001637.,117,464,581
WBGene00001638.,50,290,340
WBGene00001639.,50,43,93
WBGene00001640.,51,13,64
WBGene00001641.,1,7,8
WBGene00001642.,9,16,25
WBGene00001643.,36,123,159
WBGene00001644.,50,274,324
WBGene00001645.,45,494,539
WBGene00001646.,0,385,385
WBGene00001647.,3,94,97
WBGene00001648.,402,5492,5894
WBGene00001649.,132,1387,1519
WBGene00001650.,534,1266,1800
WBGene00001651.,372,779,1151
WBGene00001653.,134,612,746
WBGene00001660.,56,382,438
WBGene00001661.,120,834,954
WBGene00001662.,115,1794,1909
WBGene00001663.,55,202,257
WBGene00001664.,53,245,298
WBGene00001665.,31,202,233
WBGene00001666.,49,187,236
WBGene00001667.,29,17,46
WBGene00001668.,40,57,97
WBGene00001669.,212,871,1083
WBGene00001670.,35,63,98
WBGene00001671.,90,727,817
WBGene00001672.,47,48,95
WBGene00001673.,134,93,227
WBGene00001674.,86,235,321
WBGene00001675.,27,35,62
WBGene00001676.,81,192,273
WBGene00001677.,48,215,263
WBGene00001678.,181,212,393
WBGene00001679.,352,8299,8651
WBGene00001680.,51,961,1012
WBGene00001681.,84,459,543
WBGene00001682.,685,15955,16640
WBGene00001683.,37,269,306
WBGene00001684.,61,22370,22431
WBGene00001685.,24,26388,26412
WBGene00001686.,54,405,459
WBGene00001687.,53,60,113
WBGene00001688.,9,337,346
WBGene00001689.,18,341,359
WBGene00001690.,52,60,112
WBGene00001691.,19,9,28
WBGene00001692.,376,6288,6664
WBGene00001693.,11,19,30
WBGene00001694.,18,880,898
WBGene00001695.,16,10,26
WBGene00001696.,14,50,64
WBGene00001697.,29,16,45
WBGene00001698.,61,60,121
WBGene00001699.,354,18975,19329
WBGene00001700.,56,5,61
WBGene00001701.,11,22,33
WBGene00001702.,1462,6277,7739
WBGene00001703.,9,37,46
WBGene00001704.,18,26,44
WBGene00001705.,20,47,67
WBGene00001706.,17,159,176
WBGene00001707.,149,209,358
WBGene00001708.,312,908,1220
WBGene00001709.,94,394,488
WBGene00001710.,42,24,66
WBGene00001711.,9,10,19
WBGene00001712.,5,34,39
WBGene00001713.,8,661,669
WBGene00001714.,13,16,29
WBGene00001715.,4,1,5
WBGene00001716.,36,42,78
WBGene00001717.,21,126,147
WBGene00001718.,5,85,90
WBGene00001719.,15,174,189
WBGene00001720.,15,5,20
WBGene00001721.,14,55,69
WBGene00001722.,17,6,23
WBGene00001723.,24,16,40
WBGene00001724.,75,46,121
WBGene00001725.,15,19,34
WBGene00001726.,8,11,19
WBGene00001727.,23,43,66
WBGene00001728.,0,6,6
WBGene00001729.,20,28,48
WBGene00001730.,1,12,13
WBGene00001731.,5,26,31
WBGene00001732.,24,46,70
WBGene00001733.,0,6,6
WBGene00001734.,1,13,14
WBGene00001735.,25,20,45
WBGene00001736.,10,9,19
WBGene00001737.,3,1,4
WBGene00001738.,0,1,1
WBGene00001739.,1,7,8
WBGene00001740.,112,258,370
WBGene00001743.,70,379,449
WBGene00001744.,160,2673,2833
WBGene00001745.,480,1475,1955
WBGene00001746.,201,2105,2306
WBGene00001747.,121,3254,3375
WBGene00001748.,308,3989,4297
WBGene00001749.,13,3858,3871
WBGene00001750.,35,197,232
WBGene00001751.,75,762,837
WBGene00001752.,1,252,253
WBGene00001753.,207,12470,12677
WBGene00001754.,4,449,453
WBGene00001755.,104,14615,14719
WBGene00001756.,2,285,287
WBGene00001757.,49,48,97
WBGene00001758.,11,1942,1953
WBGene00001759.,57,513,570
WBGene00001760.,9,351,360
WBGene00001761.,55,527,582
WBGene00001762.,2,69,71
WBGene00001763.,10,318,328
WBGene00001764.,4,201,205
WBGene00001765.,9,1,10
WBGene00001766.,3,0,3
WBGene00001767.,10,122,132
WBGene00001768.,33,4974,5007
WBGene00001769.,20,223,243
WBGene00001770.,0,244,244
WBGene00001771.,3,107,110
WBGene00001772.,29,3468,3497
WBGene00001773.,21,103,124
WBGene00001774.,4,526,530
WBGene00001775.,9,1529,1538
WBGene00001776.,22,309,331
WBGene00001777.,10,21,31
WBGene00001778.,7,111,118
WBGene00001779.,0,73,73
WBGene00001780.,22,61,83
WBGene00001781.,48,535,583
WBGene00001782.,41,67,108
WBGene00001783.,32,101,133
WBGene00001784.,169,786,955
WBGene00001785.,2,17,19
WBGene00001786.,0,89,89
WBGene00001787.,2,921,923
WBGene00001788.,67,420,487
WBGene00001789.,5,242,247
WBGene00001790.,69,769,838
WBGene00001791.,114,460,574
WBGene00001792.,33,115,148
WBGene00001793.,726,2733,3459
WBGene00001794.,2455,13077,15532
WBGene00001795.,185,373,558
WBGene00001796.,69,116,185
WBGene00001803.,55,194,249
WBGene00001804.,39,47,86
WBGene00001805.,92,102,194
WBGene00001806.,40,56,96
WBGene00001808.,592,2200,2792
WBGene00001811.,26,128,154
WBGene00001812.,20,401,421
WBGene00001813.,153,827,980
WBGene00001814.,114,1161,1275
WBGene00001815.,157,584,741
WBGene00001816.,356,510,866
WBGene00001817.,39,385,424
WBGene00001818.,126,16,142
WBGene00001819.,98,863,961
WBGene00001820.,37,541,578
WBGene00001821.,63,278,341
WBGene00001823.,103,819,922
WBGene00001824.,55,650,705
WBGene00001827.,99,898,997
WBGene00001828.,20,10,30
WBGene00001829.,32,534,566
WBGene00001830.,25,526,551
WBGene00001831.,13,636,649
WBGene00001832.,79,666,745
WBGene00001833.,129,1035,1164
WBGene00001834.,17,1234,1251
WBGene00001835.,4,348,352
WBGene00001836.,60,683,743
WBGene00001837.,587,759,1346
WBGene00001838.,85,247,332
WBGene00001839.,17,17,34
WBGene00001840.,699,8014,8713
WBGene00001841.,31,302,333
WBGene00001842.,44,50,94
WBGene00001843.,328,1027,1355
WBGene00001844.,116,514,630
WBGene00001851.,275,5009,5284
WBGene00001852.,178,212,390
WBGene00001853.,198,13359,13557
WBGene00001854.,88,5451,5539
WBGene00001855.,15,3111,3126
WBGene00001856.,8,2174,2182
WBGene00001857.,1,29,30
WBGene00001858.,990,6914,7904
WBGene00001859.,107,24,131
WBGene00001860.,121,1663,1784
WBGene00001862.,1,95,96
WBGene00001863.,964,5658,6622
WBGene00001864.,135,512,647
WBGene00001865.,48,194,242
WBGene00001867.,46,233,279
WBGene00001869.,24,536,560
WBGene00001872.,76,68,144
WBGene00001874.,22,441,463
WBGene00001875.,0,1213,1213
WBGene00001876.,0,561,561
WBGene00001877.,0,1197,1197
WBGene00001878.,0,954,954
WBGene00001879.,0,1564,1564
WBGene00001880.,0,1350,1350
WBGene00001881.,0,1296,1296
WBGene00001882.,0,261,261
WBGene00001883.,0,0,0
WBGene00001884.,0,0,0
WBGene00001885.,0,49,49
WBGene00001886.,0,0,0
WBGene00001887.,0,0,0
WBGene00001888.,0,0,0
WBGene00001889.,0,0,0
WBGene00001890.,0,130,130
WBGene00001891.,0,133,133
WBGene00001892.,0,1180,1180
WBGene00001893.,0,0,0
WBGene00001894.,0,0,0
WBGene00001895.,0,0,0
WBGene00001896.,0,0,0
WBGene00001898.,66,23794,23860
WBGene00001899.,0,35,35
WBGene00001900.,0,331,331
WBGene00001901.,0,0,0
WBGene00001902.,0,0,0
WBGene00001903.,0,0,0
WBGene00001904.,0,0,0
WBGene00001905.,0,289,289
WBGene00001906.,0,2490,2490
WBGene00001907.,0,0,0
WBGene00001908.,0,0,0
WBGene00001909.,907,14647,15554
WBGene00001910.,458,10121,10579
WBGene00001911.,1221,26570,27791
WBGene00001912.,0,57,57
WBGene00001913.,0,9,9
WBGene00001914.,0,62,62
WBGene00001915.,1256,31449,32705
WBGene00001916.,0,36,36
WBGene00001917.,0,0,0
WBGene00001918.,0,0,0
WBGene00001919.,0,11,11
WBGene00001920.,0,0,0
WBGene00001921.,0,6,6
WBGene00001922.,0,734,734
WBGene00001923.,0,0,0
WBGene00001924.,0,0,0
WBGene00001925.,0,0,0
WBGene00001926.,0,0,0
WBGene00001927.,0,0,0
WBGene00001928.,0,0,0
WBGene00001929.,0,4,4
WBGene00001930.,0,0,0
WBGene00001931.,38,1616,1654
WBGene00001932.,0,21,21
WBGene00001933.,0,1884,1884
WBGene00001934.,0,4371,4371
WBGene00001935.,0,571,571
WBGene00001936.,0,1768,1768
WBGene00001937.,0,669,669
WBGene00001938.,0,2249,2249
WBGene00001939.,0,15,15
WBGene00001940.,0,62,62
WBGene00001941.,0,318,318
WBGene00001942.,0,1064,1064
WBGene00001943.,0,15,15
WBGene00001944.,0,21,21
WBGene00001945.,125,4097,4222
WBGene00001946.,687,19438,20125
WBGene00001947.,0,0,0
WBGene00001948.,270,714,984
WBGene00001949.,29,791,820
WBGene00001950.,7,288,295
WBGene00001951.,15,141,156
WBGene00001952.,21,128,149
WBGene00001953.,103,193,296
WBGene00001954.,32,61,93
WBGene00001955.,189,3591,3780
WBGene00001956.,1,3,4
WBGene00001957.,92,330,422
WBGene00001958.,21,390,411
WBGene00001959.,14,131,145
WBGene00001960.,35,115,150
WBGene00001961.,27,79,106
WBGene00001962.,8,6,14
WBGene00001963.,15,31,46
WBGene00001964.,0,6,6
WBGene00001965.,0,5,5
WBGene00001966.,0,8,8
WBGene00001967.,0,2,2
WBGene00001968.,0,5,5
WBGene00001971.,118,16246,16364
WBGene00001972.,366,5105,5471
WBGene00001973.,6,370,376
WBGene00001974.,61,2509,2570
WBGene00001975.,90,954,1044
WBGene00001976.,0,35,35
WBGene00001977.,5,903,908
WBGene00001978.,123,1201,1324
WBGene00001979.,57,857,914
WBGene00001980.,1463,1612,3075
WBGene00001981.,8,11,19
WBGene00001983.,79,488,567
WBGene00001984.,76,192,268
WBGene00001985.,23,69,92
WBGene00001986.,185,590,775
WBGene00001987.,490,343,833
WBGene00001988.,59,391,450
WBGene00001989.,122,257,379
WBGene00001990.,180,1764,1944
WBGene00001991.,31,123,154
WBGene00001992.,50,187,237
WBGene00001993.,26,1781,1807
WBGene00001994.,151,2944,3095
WBGene00001995.,52,633,685
WBGene00001996.,326,683,1009
WBGene00001997.,143,185,328
WBGene00001998.,44,158,202
WBGene00001999.,100,11207,11307
WBGene00002000.,276,5882,6158
WBGene00002001.,215,1867,2082
WBGene00002002.,84,1514,1598
WBGene00002003.,78,214,292
WBGene00002004.,306,730,1036
WBGene00002005.,712,59784,60496
WBGene00002006.,1,1,2
WBGene00002007.,515,17112,17627
WBGene00002008.,340,2546,2886
WBGene00002010.,47,7613,7660
WBGene00002011.,1690,11722,13412
WBGene00002012.,19,816,835
WBGene00002013.,10,37,47
WBGene00002015.,0,0,0
WBGene00002016.,440,55397,55837
WBGene00002017.,0,19375,19375
WBGene00002018.,407,44792,45199
WBGene00002019.,0,0,0
WBGene00002020.,0,0,0
WBGene00002021.,512,3080,3592
WBGene00002023.,610,8445,9055
WBGene00002024.,106,1283,1389
WBGene00002025.,763,22932,23695
WBGene00002026.,174,2665,2839
WBGene00002027.,157,2692,2849
WBGene00002028.,28,303,331
WBGene00002029.,37,160,197
WBGene00002030.,102,122,224
WBGene00002031.,56,224,280
WBGene00002032.,8,122,130
WBGene00002033.,6,46,52
WBGene00002034.,8,156,164
WBGene00002035.,218,834,1052
WBGene00002036.,227,908,1135
WBGene00002037.,159,334,493
WBGene00002038.,247,1016,1263
WBGene00002039.,193,327,520
WBGene00002040.,374,783,1157
WBGene00002041.,169,295,464
WBGene00002042.,30,197,227
WBGene00002043.,175,455,630
WBGene00002044.,51,620,671
WBGene00002045.,7537,48071,55608
WBGene00002046.,151,1014,1165
WBGene00002047.,58,869,927
WBGene00002048.,700,4069,4769
WBGene00002050.,601,2659,3260
WBGene00002051.,4,23,27
WBGene00002052.,79,593,672
WBGene00002053.,319,6206,6525
WBGene00002054.,106,2036,2142
WBGene00002055.,9,569,578
WBGene00002056.,297,1229,1526
WBGene00002057.,73,230,303
WBGene00002058.,27,198,225
WBGene00002059.,133,1673,1806
WBGene00002060.,86,2642,2728
WBGene00002061.,18,864,882
WBGene00002062.,54,490,544
WBGene00002063.,114,111,225
WBGene00002064.,1143,4456,5599
WBGene00002065.,667,66131,66798
WBGene00002066.,340,5146,5486
WBGene00002067.,134,466,600
WBGene00002068.,15,463,478
WBGene00002069.,300,1642,1942
WBGene00002070.,74,1424,1498
WBGene00002071.,41,1290,1331
WBGene00002072.,30,274,304
WBGene00002073.,12,1073,1085
WBGene00002074.,83,2757,2840
WBGene00002075.,146,613,759
WBGene00002076.,437,732,1169
WBGene00002077.,272,5644,5916
WBGene00002078.,187,2515,2702
WBGene00002079.,28,561,589
WBGene00002080.,197,712,909
WBGene00002081.,34,654,688
WBGene00002083.,81,11450,11531
WBGene00002084.,44,808,852
WBGene00002085.,1,11,12
WBGene00002086.,40,592,632
WBGene00002087.,11,63,74
WBGene00002088.,34,344,378
WBGene00002089.,72,505,577
WBGene00002090.,10,5,15
WBGene00002091.,27,10,37
WBGene00002092.,2,41,43
WBGene00002093.,85,518,603
WBGene00002094.,34,218,252
WBGene00002095.,14,41,55
WBGene00002096.,5,6,11
WBGene00002097.,29,309,338
WBGene00002098.,5,16,21
WBGene00002099.,1,9,10
WBGene00002100.,71,1736,1807
WBGene00002101.,360,1772,2132
WBGene00002102.,10,8,18
WBGene00002103.,4,14,18
WBGene00002104.,10,21,31
WBGene00002105.,18,194,212
WBGene00002106.,0,2,2
WBGene00002107.,21,97,118
WBGene00002108.,32,67,99
WBGene00002109.,275,1647,1922
WBGene00002110.,837,5088,5925
WBGene00002111.,106,959,1065
WBGene00002112.,43,309,352
WBGene00002113.,81,1063,1144
WBGene00002114.,5,22,27
WBGene00002115.,0,10,10
WBGene00002116.,79,114,193
WBGene00002117.,7,18,25
WBGene00002118.,57,272,329
WBGene00002119.,80,40,120
WBGene00002120.,1,91,92
WBGene00002121.,5,9,14
WBGene00002123.,414,1207,1621
WBGene00002124.,16,118,134
WBGene00002125.,10,347,357
WBGene00002127.,27,1063,1090
WBGene00002128.,109,756,865
WBGene00002129.,56,608,664
WBGene00002130.,9,49,58
WBGene00002131.,17,33,50
WBGene00002132.,41,550,591
WBGene00002133.,136,174,310
WBGene00002134.,150,3054,3204
WBGene00002135.,140,2431,2571
WBGene00002136.,21,122,143
WBGene00002137.,44,240,284
WBGene00002138.,17,117,134
WBGene00002139.,9,182,191
WBGene00002140.,142,407,549
WBGene00002141.,287,62,349
WBGene00002142.,96,148,244
WBGene00002143.,82,99,181
WBGene00002144.,30,22,52
WBGene00002146.,73,466,539
WBGene00002147.,216,418,634
WBGene00002148.,126,869,995
WBGene00002149.,256,195,451
WBGene00002150.,238,148,386
WBGene00002151.,308,329,637
WBGene00002152.,486,3461,3947
WBGene00002153.,36,585,621
WBGene00002162.,2185,16786,18971
WBGene00002163.,281,582,863
WBGene00002169.,276,1526,1802
WBGene00002173.,417,945,1362
WBGene00002174.,115,510,625
WBGene00002175.,615,818,1433
WBGene00002176.,529,640,1169
WBGene00002177.,64,162,226
WBGene00002178.,115,700,815
WBGene00002179.,346,2492,2838
WBGene00002180.,14,313,327
WBGene00002181.,185,317,502
WBGene00002182.,113,214,327
WBGene00002183.,843,7637,8480
WBGene00002184.,341,381,722
WBGene00002185.,639,764,1403
WBGene00002186.,13,22,35
WBGene00002187.,264,1283,1547
WBGene00002188.,53,10,63
WBGene00002189.,1848,5178,7026
WBGene00002190.,579,5578,6157
WBGene00002191.,1013,6421,7434
WBGene00002192.,318,796,1114
WBGene00002193.,6,10,16
WBGene00002194.,30,53,83
WBGene00002195.,78,283,361
WBGene00002196.,98,2728,2826
WBGene00002198.,126,265,391
WBGene00002199.,40,124,164
WBGene00002200.,27,123,150
WBGene00002201.,83,1112,1195
WBGene00002202.,298,7235,7533
WBGene00002203.,251,1542,1793
WBGene00002204.,8,4,12
WBGene00002205.,7,9,16
WBGene00002206.,21,9,30
WBGene00002207.,130,438,568
WBGene00002208.,11,5,16
WBGene00002210.,338,974,1312
WBGene00002211.,7,27,34
WBGene00002212.,1,5,6
WBGene00002213.,96,290,386
WBGene00002214.,34,345,379
WBGene00002215.,364,3072,3436
WBGene00002216.,148,1110,1258
WBGene00002217.,191,1296,1487
WBGene00002218.,54,39,93
WBGene00002219.,87,640,727
WBGene00002220.,117,474,591
WBGene00002221.,47,74,121
WBGene00002222.,9,32,41
WBGene00002223.,1013,1645,2658
WBGene00002224.,162,112,274
WBGene00002225.,7,249,256
WBGene00002226.,6,659,665
WBGene00002227.,4,6,10
WBGene00002228.,15,380,395
WBGene00002229.,41,769,810
WBGene00002230.,384,240,624
WBGene00002231.,33,447,480
WBGene00002232.,170,1667,1837
WBGene00002233.,138,272,410
WBGene00002234.,12,53,65
WBGene00002235.,309,97,406
WBGene00002238.,12,4613,4625
WBGene00002239.,123,306,429
WBGene00002240.,296,372,668
WBGene00002241.,406,836,1242
WBGene00002242.,397,328,725
WBGene00002243.,201,252,453
WBGene00002244.,251,2749,3000
WBGene00002245.,304,538,842
WBGene00002246.,5,206,211
WBGene00002247.,260,3810,4070
WBGene00002248.,68,148,216
WBGene00002249.,43,1042,1085
WBGene00002250.,31,2001,2032
WBGene00002251.,194,911,1105
WBGene00002252.,149,262,411
WBGene00002253.,1563,4424,5987
WBGene00002254.,15675,70293,85968
WBGene00002255.,2955,13375,16330
WBGene00002256.,57,1504,1561
WBGene00002257.,239,1787,2026
WBGene00002258.,563,7252,7815
WBGene00002259.,6,150,156
WBGene00002260.,5,81,86
WBGene00002261.,379,1219,1598
WBGene00002262.,1337,11375,12712
WBGene00002263.,447,2770,3217
WBGene00002264.,383,8458,8841
WBGene00002265.,767,5422,6189
WBGene00002266.,461,3811,4272
WBGene00002267.,506,9048,9554
WBGene00002268.,1438,7965,9403
WBGene00002269.,1261,9354,10615
WBGene00002270.,14,330,344
WBGene00002271.,203,6860,7063
WBGene00002272.,904,8562,9466
WBGene00002273.,118,14385,14503
WBGene00002274.,33,453,486
WBGene00002275.,15,456,471
WBGene00002276.,27,510,537
WBGene00002278.,191,433,624
WBGene00002280.,1836,32071,33907
WBGene00002282.,23,167,190
WBGene00002285.,0,965,965
WBGene00002295.,205,3146,3351
WBGene00002297.,107,267,374
WBGene00002299.,185,411,596
WBGene00002324.,22,473,495
WBGene00002335.,108,2796,2904
WBGene00002344.,423,12093,12516
WBGene00002348.,182,11260,11442
WBGene00002363.,31,3439,3470
WBGene00002368.,12,203,215
WBGene00002393.,30,263,293
WBGene00002497.,559,1509,2068
WBGene00002583.,412,1986,2398
WBGene00002601.,150,357,507
WBGene00002632.,92,547,639
WBGene00002637.,258,5121,5379
WBGene00002694.,60,841,901
WBGene00002696.,80,1427,1507
WBGene00002717.,669,3241,3910
WBGene00002783.,769,3024,3793
WBGene00002804.,20,2237,2257
WBGene00002827.,109,580,689
WBGene00002845.,136,1709,1845
WBGene00002850.,206,3549,3755
WBGene00002855.,117,4620,4737
WBGene00002879.,345,3799,4144
WBGene00002881.,321,2866,3187
WBGene00002889.,155,1193,1348
WBGene00002891.,53,2119,2172
WBGene00002915.,272,3777,4049
WBGene00002957.,127,1789,1916
WBGene00002974.,242,424,666
WBGene00002975.,48,135,183
WBGene00002976.,246,454,700
WBGene00002977.,93,24,117
WBGene00002978.,2113,91708,93821
WBGene00002979.,318,734,1052
WBGene00002980.,229,20830,21059
WBGene00002981.,177,5844,6021
WBGene00002982.,79,380,459
WBGene00002983.,118,75,193
WBGene00002985.,84,828,912
WBGene00002986.,68,384,452
WBGene00002987.,141,153,294
WBGene00002988.,79,195,274
WBGene00002989.,290,839,1129
WBGene00002990.,431,859,1290
WBGene00002991.,311,786,1097
WBGene00002992.,205,476,681
WBGene00002993.,0,0,0
WBGene00002994.,50,1685,1735
WBGene00002996.,85,298,383
WBGene00002997.,61,339,400
WBGene00002998.,107,687,794
WBGene00002999.,344,1285,1629
WBGene00003000.,81,200,281
WBGene00003001.,126,154,280
WBGene00003002.,306,2561,2867
WBGene00003003.,878,2511,3389
WBGene00003006.,268,345,613
WBGene00003007.,107,376,483
WBGene00003008.,51,69,120
WBGene00003009.,113,917,1030
WBGene00003010.,333,1594,1927
WBGene00003011.,177,899,1076
WBGene00003012.,35,667,702
WBGene00003014.,252,2848,3100
WBGene00003015.,253,82,335
WBGene00003017.,40,46,86
WBGene00003018.,47,508,555
WBGene00003019.,232,1664,1896
WBGene00003020.,241,958,1199
WBGene00003021.,145,1062,1207
WBGene00003022.,101,326,427
WBGene00003024.,257,1283,1540
WBGene00003025.,386,3540,3926
WBGene00003026.,110,1213,1323
WBGene00003029.,28,198,226
WBGene00003030.,204,855,1059
WBGene00003031.,20,148,168
WBGene00003033.,26,79,105
WBGene00003034.,137,911,1048
WBGene00003035.,69,421,490
WBGene00003036.,12,2996,3008
WBGene00003037.,36,364,400
WBGene00003038.,20,483,503
WBGene00003039.,0,6,6
WBGene00003040.,255,1453,1708
WBGene00003041.,166,830,996
WBGene00003043.,62,776,838
WBGene00003044.,188,884,1072
WBGene00003045.,202,775,977
WBGene00003046.,24,89,113
WBGene00003047.,171,1186,1357
WBGene00003048.,1622,1828,3450
WBGene00003052.,111,6512,6623
WBGene00003053.,35,3187,3222
WBGene00003055.,72,1032,1104
WBGene00003056.,273,413,686
WBGene00003057.,1,11,12
WBGene00003058.,24,28,52
WBGene00003059.,78,513,591
WBGene00003060.,1003,1884,2887
WBGene00003061.,641,7633,8274
WBGene00003062.,55,2292,2347
WBGene00003063.,112,4632,4744
WBGene00003064.,8,658,666
WBGene00003065.,263,5127,5390
WBGene00003066.,57,1109,1166
WBGene00003067.,7,89,96
WBGene00003068.,183,661,844
WBGene00003071.,157,1882,2039
WBGene00003072.,259,2401,2660
WBGene00003073.,167,4002,4169
WBGene00003074.,69,742,811
WBGene00003075.,28,18,46
WBGene00003076.,131,974,1105
WBGene00003077.,191,907,1098
WBGene00003078.,50,1629,1679
WBGene00003079.,0,3841,3841
WBGene00003080.,165,1882,2047
WBGene00003081.,482,2016,2498
WBGene00003082.,113,885,998
WBGene00003083.,22,272,294
WBGene00003084.,65,869,934
WBGene00003085.,268,4847,5115
WBGene00003086.,398,990,1388
WBGene00003087.,79,1017,1096
WBGene00003088.,0,1,1
WBGene00003089.,98,900,998
WBGene00003090.,9,2360,2369
WBGene00003091.,12,2462,2474
WBGene00003092.,3,93,96
WBGene00003093.,27,396,423
WBGene00003094.,0,30,30
WBGene00003095.,2,30,32
WBGene00003096.,5,313,318
WBGene00003097.,18,2045,2063
WBGene00003098.,2,7,9
WBGene00003099.,0,42,42
WBGene00003100.,61,8,69
WBGene00003102.,170,446,616
WBGene00003104.,108,28,136
WBGene00003106.,72,122,194
WBGene00003107.,55,49,104
WBGene00003111.,164,1376,1540
WBGene00003112.,74,393,467
WBGene00003114.,93,99,192
WBGene00003119.,231,1026,1257
WBGene00003123.,50,4816,4866
WBGene00003124.,265,1641,1906
WBGene00003129.,169,920,1089
WBGene00003130.,263,2566,2829
WBGene00003132.,55,891,946
WBGene00003133.,333,806,1139
WBGene00003134.,105,463,568
WBGene00003136.,82,340,422
WBGene00003142.,119,444,563
WBGene00003143.,395,1142,1537
WBGene00003144.,358,1154,1512
WBGene00003148.,51,7311,7362
WBGene00003149.,250,972,1222
WBGene00003150.,623,2885,3508
WBGene00003151.,121,385,506
WBGene00003153.,2559,8945,11504
WBGene00003154.,35,990,1025
WBGene00003155.,24,860,884
WBGene00003156.,32,1294,1326
WBGene00003157.,29,1269,1298
WBGene00003158.,56,1084,1140
WBGene00003159.,11,1081,1092
WBGene00003160.,83,1270,1353
WBGene00003161.,92,821,913
WBGene00003162.,96,12814,12910
WBGene00003163.,84,2480,2564
WBGene00003164.,22,189,211
WBGene00003165.,144,376,520
WBGene00003166.,617,761,1378
WBGene00003167.,56,176,232
WBGene00003168.,78,146,224
WBGene00003169.,920,3897,4817
WBGene00003170.,115,216,331
WBGene00003171.,477,4976,5453
WBGene00003172.,38,1145,1183
WBGene00003173.,110,280,390
WBGene00003174.,74,103,177
WBGene00003175.,351,4483,4834
WBGene00003176.,17,50,67
WBGene00003177.,80,375,455
WBGene00003178.,116,5010,5126
WBGene00003179.,85,360,445
WBGene00003180.,0,27,27
WBGene00003181.,0,39,39
WBGene00003182.,275,1906,2181
WBGene00003183.,14,439,453
WBGene00003184.,7,97,104
WBGene00003185.,8,677,685
WBGene00003186.,165,1286,1451
WBGene00003196.,309,975,1284
WBGene00003209.,188,842,1030
WBGene00003210.,200,1270,1470
WBGene00003214.,178,1599,1777
WBGene00003216.,1,139,140
WBGene00003218.,91,2601,2692
WBGene00003219.,20,39,59
WBGene00003220.,86,372,458
WBGene00003221.,254,713,967
WBGene00003222.,93,567,660
WBGene00003224.,31,150,181
WBGene00003225.,915,8202,9117
WBGene00003228.,24,43,67
WBGene00003229.,115,952,1067
WBGene00003230.,5,72,77
WBGene00003231.,2,57,59
WBGene00003232.,136,239,375
WBGene00003233.,142,251,393
WBGene00003234.,288,1229,1517
WBGene00003235.,518,1925,2443
WBGene00003236.,2,282,284
WBGene00003237.,170,619,789
WBGene00003238.,234,781,1015
WBGene00003239.,89,1484,1573
WBGene00003241.,139,729,868
WBGene00003242.,680,14326,15006
WBGene00003243.,510,1439,1949
WBGene00003245.,30,273,303
WBGene00003246.,323,587,910
WBGene00003247.,335,2053,2388
WBGene00003248.,91,227,318
WBGene00003249.,316,2998,3314
WBGene00003252.,11,49,60
WBGene00003253.,23,973,996
WBGene00003254.,42,275,317
WBGene00003258.,651,233,884
WBGene00003260.,0,38,38
WBGene00003261.,0,0,0
WBGene00003262.,0,14,14
WBGene00003263.,0,2,2
WBGene00003264.,0,0,0
WBGene00003265.,0,0,0
WBGene00003266.,0,0,0
WBGene00003267.,0,0,0
WBGene00003268.,0,0,0
WBGene00003269.,0,1,1
WBGene00003270.,0,0,0
WBGene00003271.,0,1,1
WBGene00003272.,0,1,1
WBGene00003273.,0,5,5
WBGene00003274.,0,6,6
WBGene00003275.,0,9,9
WBGene00003277.,0,3,3
WBGene00003278.,0,0,0
WBGene00003279.,0,36,36
WBGene00003280.,0,15,15
WBGene00003281.,0,51,51
WBGene00003282.,0,0,0
WBGene00003283.,0,1,1
WBGene00003284.,0,0,0
WBGene00003285.,0,0,0
WBGene00003286.,0,0,0
WBGene00003287.,0,3,3
WBGene00003288.,0,8,8
WBGene00003289.,0,0,0
WBGene00003290.,0,0,0
WBGene00003291.,0,9,9
WBGene00003292.,0,0,0
WBGene00003293.,0,0,0
WBGene00003294.,0,0,0
WBGene00003295.,0,0,0
WBGene00003296.,0,2,2
WBGene00003297.,0,3,3
WBGene00003298.,0,0,0
WBGene00003299.,0,0,0
WBGene00003300.,0,7,7
WBGene00003301.,0,2,2
WBGene00003302.,0,1,1
WBGene00003303.,0,13,13
WBGene00003304.,0,5,5
WBGene00003305.,0,8,8
WBGene00003306.,0,0,0
WBGene00003307.,0,8,8
WBGene00003308.,0,31,31
WBGene00003309.,0,0,0
WBGene00003310.,0,0,0
WBGene00003311.,0,13,13
WBGene00003312.,0,5,5
WBGene00003313.,0,0,0
WBGene00003314.,0,0,0
WBGene00003315.,0,0,0
WBGene00003316.,0,0,0
WBGene00003317.,0,0,0
WBGene00003318.,0,0,0
WBGene00003319.,0,0,0
WBGene00003321.,0,18,18
WBGene00003322.,0,0,0
WBGene00003323.,0,10,10
WBGene00003324.,0,11,11
WBGene00003325.,0,3,3
WBGene00003326.,0,0,0
WBGene00003327.,0,3,3
WBGene00003328.,0,10,10
WBGene00003329.,0,9,9
WBGene00003330.,0,13,13
WBGene00003331.,0,12,12
WBGene00003332.,0,10,10
WBGene00003333.,0,6,6
WBGene00003334.,0,4,4
WBGene00003335.,0,6,6
WBGene00003336.,0,8,8
WBGene00003337.,0,0,0
WBGene00003338.,0,19,19
WBGene00003339.,0,2,2
WBGene00003340.,0,4,4
WBGene00003341.,0,0,0
WBGene00003342.,0,0,0
WBGene00003343.,0,7,7
WBGene00003344.,0,3,3
WBGene00003345.,0,1,1
WBGene00003346.,0,1,1
WBGene00003347.,0,0,0
WBGene00003348.,0,0,0
WBGene00003349.,0,1081,1081
WBGene00003350.,0,2,2
WBGene00003351.,0,2,2
WBGene00003352.,0,0,0
WBGene00003353.,0,3,3
WBGene00003354.,0,0,0
WBGene00003355.,0,0,0
WBGene00003356.,0,1,1
WBGene00003357.,0,13,13
WBGene00003358.,0,0,0
WBGene00003359.,0,10,10
WBGene00003360.,0,0,0
WBGene00003361.,0,0,0
WBGene00003362.,0,0,0
WBGene00003363.,0,0,0
WBGene00003364.,0,0,0
WBGene00003365.,0,2,2
WBGene00003366.,0,0,0
WBGene00003367.,804,4615,5419
WBGene00003368.,50,623,673
WBGene00003369.,392,31596,31988
WBGene00003370.,21019,76622,97641
WBGene00003371.,16204,177843,194047
WBGene00003372.,498,3543,4041
WBGene00003373.,63,202,265
WBGene00003374.,283,530,813
WBGene00003375.,230,5825,6055
WBGene00003376.,66,268,334
WBGene00003377.,52,193,245
WBGene00003378.,317,1547,1864
WBGene00003380.,37,175,212
WBGene00003384.,37,168,205
WBGene00003385.,104,378,482
WBGene00003386.,55,280,335
WBGene00003387.,318,114,432
WBGene00003388.,54,113,167
WBGene00003389.,66,1273,1339
WBGene00003390.,21,1037,1058
WBGene00003391.,787,3257,4044
WBGene00003392.,176,971,1147
WBGene00003393.,163,1747,1910
WBGene00003394.,44,66,110
WBGene00003395.,13,99,112
WBGene00003396.,156,451,607
WBGene00003397.,90,532,622
WBGene00003400.,325,452,777
WBGene00003401.,341,1499,1840
WBGene00003402.,81,179,260
WBGene00003403.,52,105,157
WBGene00003404.,1278,2826,4104
WBGene00003405.,59,491,550
WBGene00003406.,80,1740,1820
WBGene00003407.,524,2209,2733
WBGene00003408.,279,798,1077
WBGene00003409.,110,166,276
WBGene00003410.,9,155,164
WBGene00003411.,85,514,599
WBGene00003412.,108,326,434
WBGene00003413.,683,233,916
WBGene00003414.,240,106,346
WBGene00003415.,177,5487,5664
WBGene00003417.,123,269,392
WBGene00003418.,56,361,417
WBGene00003420.,8,15,23
WBGene00003421.,126,213,339
WBGene00003422.,186,814,1000
WBGene00003423.,809,1282,2091
WBGene00003424.,0,4,4
WBGene00003425.,0,0,0
WBGene00003426.,0,0,0
WBGene00003429.,0,0,0
WBGene00003430.,0,1,1
WBGene00003431.,0,6,6
WBGene00003432.,0,8,8
WBGene00003433.,0,0,0
WBGene00003434.,0,2,2
WBGene00003435.,0,4,4
WBGene00003437.,0,3,3
WBGene00003438.,0,0,0
WBGene00003442.,0,8,8
WBGene00003443.,0,31,31
WBGene00003444.,0,0,0
WBGene00003445.,0,30,30
WBGene00003446.,0,0,0
WBGene00003448.,0,5,5
WBGene00003449.,0,2,2
WBGene00003450.,0,6,6
WBGene00003451.,0,3,3
WBGene00003452.,0,1,1
WBGene00003456.,0,9,9
WBGene00003457.,0,4,4
WBGene00003458.,0,4,4
WBGene00003460.,0,1,1
WBGene00003462.,0,4,4
WBGene00003463.,0,12,12
WBGene00003464.,0,1,1
WBGene00003465.,0,0,0
WBGene00003466.,0,3,3
WBGene00003467.,0,1,1
WBGene00003468.,0,0,0
WBGene00003469.,0,4,4
WBGene00003470.,0,1,1
WBGene00003471.,58,513,571
WBGene00003472.,407,1486,1893
WBGene00003473.,16,675,691
WBGene00003474.,41,773,814
WBGene00003475.,174,538,712
WBGene00003476.,835,3188,4023
WBGene00003477.,57,396,453
WBGene00003478.,315,468,783
WBGene00003479.,179,560,739
WBGene00003480.,52,151,203
WBGene00003482.,324,1005,1329
WBGene00003485.,365,2084,2449
WBGene00003495.,772,43769,44541
WBGene00003497.,129,1276,1405
WBGene00003499.,4,71,75
WBGene00003504.,13,360,373
WBGene00003507.,3,96,99
WBGene00003508.,93,428,521
WBGene00003509.,54,344,398
WBGene00003510.,116,597,713
WBGene00003511.,34,1922,1956
WBGene00003514.,362,14729,15091
WBGene00003515.,155,4906,5061
WBGene00003516.,162,1007,1169
WBGene00003517.,47,157,204
WBGene00003518.,73,24,97
WBGene00003519.,164,2077,2241
WBGene00003520.,51,41,92
WBGene00003521.,0,0,0
WBGene00003522.,27,129,156
WBGene00003523.,78,99,177
WBGene00003524.,47,51,98
WBGene00003525.,51,35,86
WBGene00003526.,23,56,79
WBGene00003527.,52,72,124
WBGene00003528.,36,97,133
WBGene00003529.,13,12,25
WBGene00003530.,53,126,179
WBGene00003531.,22,16,38
WBGene00003532.,51,40,91
WBGene00003533.,59,76,135
WBGene00003534.,23,42,65
WBGene00003535.,15,8,23
WBGene00003536.,5,16,21
WBGene00003537.,1,3,4
WBGene00003538.,8,3,11
WBGene00003539.,3,20,23
WBGene00003540.,4,18,22
WBGene00003541.,24,13,37
WBGene00003542.,11,18,29
WBGene00003543.,13,13,26
WBGene00003544.,80,238,318
WBGene00003545.,25,9,34
WBGene00003546.,11,85,96
WBGene00003547.,27,35,62
WBGene00003548.,264,121,385
WBGene00003549.,57,311,368
WBGene00003550.,430,781,1211
WBGene00003551.,44,17,61
WBGene00003552.,189,310,499
WBGene00003553.,56,66,122
WBGene00003554.,77,5,82
WBGene00003555.,224,260,484
WBGene00003556.,44,6,50
WBGene00003558.,211,167,378
WBGene00003559.,829,3602,4431
WBGene00003561.,309,449,758
WBGene00003562.,31,83,114
WBGene00003563.,36,121,157
WBGene00003564.,55,3279,3334
WBGene00003565.,165,994,1159
WBGene00003566.,362,872,1234
WBGene00003567.,602,10352,10954
WBGene00003568.,139,933,1072
WBGene00003569.,83,809,892
WBGene00003570.,23,38,61
WBGene00003571.,47,62,109
WBGene00003572.,44,362,406
WBGene00003573.,26,148,174
WBGene00003574.,31,28,59
WBGene00003575.,32,117,149
WBGene00003576.,203,735,938
WBGene00003577.,41,138,179
WBGene00003578.,198,804,1002
WBGene00003579.,29,189,218
WBGene00003580.,36,274,310
WBGene00003581.,88,781,869
WBGene00003582.,336,827,1163
WBGene00003583.,50,479,529
WBGene00003584.,112,485,597
WBGene00003585.,417,58,475
WBGene00003586.,29,225,254
WBGene00003587.,220,3471,3691
WBGene00003588.,6,4261,4267
WBGene00003589.,154,1832,1986
WBGene00003590.,69,183,252
WBGene00003591.,136,648,784
WBGene00003592.,188,1085,1273
WBGene00003593.,138,619,757
WBGene00003594.,188,665,853
WBGene00003595.,9,16,25
WBGene00003596.,423,4302,4725
WBGene00003597.,448,888,1336
WBGene00003598.,72,1830,1902
WBGene00003599.,273,999,1272
WBGene00003600.,1101,2806,3907
WBGene00003601.,20,92,112
WBGene00003602.,63,1067,1130
WBGene00003603.,92,490,582
WBGene00003604.,107,214,321
WBGene00003605.,117,1104,1221
WBGene00003606.,421,1562,1983
WBGene00003607.,54,190,244
WBGene00003608.,4,39,43
WBGene00003609.,147,781,928
WBGene00003610.,83,308,391
WBGene00003611.,99,429,528
WBGene00003612.,50,128,178
WBGene00003613.,27,267,294
WBGene00003614.,699,355,1054
WBGene00003615.,25,24,49
WBGene00003616.,343,649,992
WBGene00003617.,14,124,138
WBGene00003618.,490,1701,2191
WBGene00003619.,180,1004,1184
WBGene00003620.,311,871,1182
WBGene00003621.,76,294,370
WBGene00003622.,173,275,448
WBGene00003623.,51,331,382
WBGene00003624.,83,406,489
WBGene00003625.,166,996,1162
WBGene00003626.,163,525,688
WBGene00003627.,420,885,1305
WBGene00003628.,271,659,930
WBGene00003629.,12,27,39
WBGene00003630.,854,1662,2516
WBGene00003632.,142,711,853
WBGene00003633.,39,334,373
WBGene00003634.,93,353,446
WBGene00003635.,47,608,655
WBGene00003636.,437,847,1284
WBGene00003637.,284,1291,1575
WBGene00003638.,111,635,746
WBGene00003639.,162,1725,1887
WBGene00003640.,72,514,586
WBGene00003641.,4,23,27
WBGene00003642.,20,34,54
WBGene00003643.,26,77,103
WBGene00003644.,23,87,110
WBGene00003645.,45,139,184
WBGene00003646.,54,478,532
WBGene00003647.,89,333,422
WBGene00003648.,25,274,299
WBGene00003649.,37,286,323
WBGene00003650.,42,60,102
WBGene00003651.,106,467,573
WBGene00003652.,118,299,417
WBGene00003653.,36,279,315
WBGene00003654.,158,205,363
WBGene00003655.,74,183,257
WBGene00003656.,106,845,951
WBGene00003657.,48,256,304
WBGene00003658.,136,1069,1205
WBGene00003659.,27,173,200
WBGene00003660.,101,537,638
WBGene00003661.,64,451,515
WBGene00003662.,11,8,19
WBGene00003663.,0,97,97
WBGene00003664.,87,33,120
WBGene00003665.,4,2,6
WBGene00003667.,2,10,12
WBGene00003668.,201,454,655
WBGene00003669.,56,76,132
WBGene00003670.,55,170,225
WBGene00003671.,29,11,40
WBGene00003672.,9,30,39
WBGene00003673.,15,55,70
WBGene00003674.,47,644,691
WBGene00003675.,199,459,658
WBGene00003676.,268,542,810
WBGene00003677.,117,262,379
WBGene00003678.,383,1960,2343
WBGene00003679.,6,10,16
WBGene00003680.,45,143,188
WBGene00003681.,194,579,773
WBGene00003682.,22,5,27
WBGene00003683.,13,34,47
WBGene00003684.,20,105,125
WBGene00003685.,172,550,722
WBGene00003686.,5,80,85
WBGene00003687.,120,3957,4077
WBGene00003688.,117,265,382
WBGene00003689.,47,122,169
WBGene00003690.,166,880,1046
WBGene00003691.,320,827,1147
WBGene00003692.,55,173,228
WBGene00003693.,30,136,166
WBGene00003694.,86,358,444
WBGene00003695.,528,1930,2458
WBGene00003696.,22,32,54
WBGene00003697.,73,260,333
WBGene00003698.,1,30,31
WBGene00003699.,5,116,121
WBGene00003700.,21,99,120
WBGene00003701.,15,10,25
WBGene00003702.,34,330,364
WBGene00003703.,41,101,142
WBGene00003704.,205,711,916
WBGene00003705.,17,64,81
WBGene00003706.,27,81,108
WBGene00003707.,85,502,587
WBGene00003708.,18,6,24
WBGene00003709.,50,154,204
WBGene00003710.,93,384,477
WBGene00003711.,36,35,71
WBGene00003712.,59,137,196
WBGene00003713.,27,81,108
WBGene00003714.,62,23,85
WBGene00003715.,145,209,354
WBGene00003716.,26,68,94
WBGene00003717.,24,66,90
WBGene00003718.,15,96,111
WBGene00003719.,24,139,163
WBGene00003720.,61,140,201
WBGene00003721.,58,291,349
WBGene00003722.,72,291,363
WBGene00003723.,17,417,434
WBGene00003724.,28,297,325
WBGene00003725.,74,291,365
WBGene00003726.,67,388,455
WBGene00003727.,310,320,630
WBGene00003728.,445,1273,1718
WBGene00003729.,66,33,99
WBGene00003730.,25,247,272
WBGene00003731.,41,75,116
WBGene00003732.,84,343,427
WBGene00003733.,36,210,246
WBGene00003734.,4,8,12
WBGene00003735.,182,231,413
WBGene00003736.,57,66,123
WBGene00003738.,140,1693,1833
WBGene00003739.,138,881,1019
WBGene00003740.,5,256,261
WBGene00003741.,12,2088,2100
WBGene00003742.,3,49,52
WBGene00003743.,208,456,664
WBGene00003744.,145,1400,1545
WBGene00003745.,152,1517,1669
WBGene00003746.,21,1164,1185
WBGene00003747.,40,982,1022
WBGene00003748.,170,1832,2002
WBGene00003749.,241,2477,2718
WBGene00003750.,1102,5382,6484
WBGene00003751.,49,2582,2631
WBGene00003752.,42,1440,1482
WBGene00003753.,1075,3974,5049
WBGene00003754.,74,581,655
WBGene00003755.,311,11725,12036
WBGene00003756.,434,8634,9068
WBGene00003757.,45,577,622
WBGene00003758.,404,2826,3230
WBGene00003759.,987,4593,5580
WBGene00003760.,9,8,17
WBGene00003761.,0,72,72
WBGene00003762.,543,3126,3669
WBGene00003763.,45,266,311
WBGene00003764.,52,387,439
WBGene00003765.,326,4698,5024
WBGene00003766.,94,1323,1417
WBGene00003767.,588,9449,10037
WBGene00003768.,145,2025,2170
WBGene00003769.,548,6638,7186
WBGene00003770.,29,281,310
WBGene00003771.,3550,13641,17191
WBGene00003772.,58,254,312
WBGene00003773.,309,1238,1547
WBGene00003774.,66,53,119
WBGene00003775.,83,116,199
WBGene00003776.,380,2887,3267
WBGene00003777.,179,2972,3151
WBGene00003778.,64,72,136
WBGene00003779.,22,209,231
WBGene00003783.,9,71,80
WBGene00003784.,4,33,37
WBGene00003785.,78,782,860
WBGene00003786.,1078,5561,6639
WBGene00003787.,39,696,735
WBGene00003788.,183,900,1083
WBGene00003789.,166,803,969
WBGene00003790.,76,727,803
WBGene00003791.,11,659,670
WBGene00003792.,114,1076,1190
WBGene00003793.,37,1245,1282
WBGene00003794.,654,1209,1863
WBGene00003795.,35,1736,1771
WBGene00003796.,72,1754,1826
WBGene00003797.,113,1060,1173
WBGene00003798.,59,1361,1420
WBGene00003799.,646,1202,1848
WBGene00003800.,28,1180,1208
WBGene00003801.,22,720,742
WBGene00003802.,25,2092,2117
WBGene00003803.,76,1265,1341
WBGene00003804.,53,735,788
WBGene00003805.,47,701,748
WBGene00003806.,211,1482,1693
WBGene00003807.,63,110,173
WBGene00003808.,215,521,736
WBGene00003812.,57,1099,1156
WBGene00003813.,100,253,353
WBGene00003815.,283,3019,3302
WBGene00003816.,35,547,582
WBGene00003818.,205,1578,1783
WBGene00003821.,399,3337,3736
WBGene00003822.,84,1461,1545
WBGene00003825.,168,3073,3241
WBGene00003826.,589,1357,1946
WBGene00003827.,205,1391,1596
WBGene00003828.,118,527,645
WBGene00003829.,9,1114,1123
WBGene00003830.,152,710,862
WBGene00003831.,1911,10477,12388
WBGene00003834.,110,1804,1914
WBGene00003835.,16,188,204
WBGene00003836.,522,2171,2693
WBGene00003837.,404,270,674
WBGene00003838.,61,104,165
WBGene00003839.,93,118,211
WBGene00003840.,101,96,197
WBGene00003841.,33,74,107
WBGene00003842.,55,114,169
WBGene00003843.,50,345,395
WBGene00003844.,11,840,851
WBGene00003845.,5,21,26
WBGene00003846.,0,169,169
WBGene00003847.,86,632,718
WBGene00003848.,88,138,226
WBGene00003849.,283,696,979
WBGene00003850.,31,329,360
WBGene00003851.,106,924,1030
WBGene00003854.,21,40,61
WBGene00003856.,51,159,210
WBGene00003858.,478,3260,3738
WBGene00003859.,204,998,1202
WBGene00003860.,307,1514,1821
WBGene00003861.,161,1362,1523
WBGene00003862.,13,30,43
WBGene00003863.,21,16,37
WBGene00003864.,3,40,43
WBGene00003865.,4,42,46
WBGene00003868.,100,622,722
WBGene00003870.,17,513,530
WBGene00003876.,50,105,155
WBGene00003877.,126,1012,1138
WBGene00003878.,40,154,194
WBGene00003879.,11,57,68
WBGene00003882.,57,320,377
WBGene00003883.,136,276,412
WBGene00003884.,48,200,248
WBGene00003885.,201,370,571
WBGene00003886.,95,207,302
WBGene00003887.,50,126,176
WBGene00003888.,3,12,15
WBGene00003889.,47,35,82
WBGene00003890.,39,264,303
WBGene00003891.,15,1342,1357
WBGene00003892.,228,212,440
WBGene00003893.,21767,103403,125170
WBGene00003898.,154,419,573
WBGene00003901.,106,3836,3942
WBGene00003902.,1327,60646,61973
WBGene00003903.,71,7586,7657
WBGene00003904.,42,2551,2593
WBGene00003905.,605,1017,1622
WBGene00003906.,19,14,33
WBGene00003907.,186,485,671
WBGene00003909.,65,164,229
WBGene00003911.,71,694,765
WBGene00003912.,46,126,172
WBGene00003914.,269,1426,1695
WBGene00003915.,498,4771,5269
WBGene00003916.,1118,2231,3349
WBGene00003917.,183,185,368
WBGene00003918.,182,606,788
WBGene00003919.,167,159,326
WBGene00003920.,429,27288,27717
WBGene00003921.,92,426,518
WBGene00003922.,37,1776,1813
WBGene00003923.,47,3517,3564
WBGene00003924.,21,4953,4974
WBGene00003925.,359,3163,3522
WBGene00003926.,287,4406,4693
WBGene00003927.,71,3639,3710
WBGene00003928.,40,1943,1983
WBGene00003929.,224,3304,3528
WBGene00003930.,151,2938,3089
WBGene00003931.,166,2669,2835
WBGene00003932.,324,2032,2356
WBGene00003933.,61,631,692
WBGene00003934.,19565,276322,295887
WBGene00003936.,548,2275,2823
WBGene00003937.,3,13,16
WBGene00003938.,45,27,72
WBGene00003939.,69,171,240
WBGene00003941.,259,685,944
WBGene00003943.,66,205,271
WBGene00003947.,31,2857,2888
WBGene00003948.,13,3993,4006
WBGene00003949.,65,2895,2960
WBGene00003950.,281,4034,4315
WBGene00003951.,239,2660,2899
WBGene00003952.,374,2446,2820
WBGene00003953.,66,3607,3673
WBGene00003954.,453,1878,2331
WBGene00003955.,9,3051,3060
WBGene00003956.,52,1478,1530
WBGene00003957.,12,314,326
WBGene00003958.,8,737,745
WBGene00003959.,80,350,430
WBGene00003960.,137,740,877
WBGene00003961.,398,1540,1938
WBGene00003962.,320,4739,5059
WBGene00003963.,202,16030,16232
WBGene00003964.,649,12800,13449
WBGene00003965.,87,388,475
WBGene00003966.,631,1794,2425
WBGene00003967.,98,514,612
WBGene00003968.,100,143,243
WBGene00003969.,260,617,877
WBGene00003970.,101,924,1025
WBGene00003975.,165,808,973
WBGene00003976.,23,72,95
WBGene00003977.,0,0,0
WBGene00003978.,348,720,1068
WBGene00003979.,12,272,284
WBGene00003980.,234,669,903
WBGene00003981.,34,14,48
WBGene00003982.,19,1849,1868
WBGene00003983.,2,1939,1941
WBGene00003986.,120,872,992
WBGene00003987.,23,20,43
WBGene00003989.,29,3571,3600
WBGene00003990.,71,1297,1368
WBGene00003991.,557,3175,3732
WBGene00003992.,13,729,742
WBGene00003993.,67,162,229
WBGene00003994.,6,172,178
WBGene00003995.,209,806,1015
WBGene00003996.,192,619,811
WBGene00003997.,30,139,169
WBGene00003998.,89,110,199
WBGene00003999.,37,63,100
WBGene00004000.,30,58,88
WBGene00004001.,21,12,33
WBGene00004002.,25,48,73
WBGene00004003.,133,234,367
WBGene00004004.,138,225,363
WBGene00004005.,83,52,135
WBGene00004006.,29,59,88
WBGene00004007.,25,34,59
WBGene00004008.,0,181,181
WBGene00004009.,0,0,0
WBGene00004010.,97,387,484
WBGene00004011.,23,113,136
WBGene00004013.,370,1237,1607
WBGene00004014.,68,13663,13731
WBGene00004015.,98,11304,11402
WBGene00004016.,346,411,757
WBGene00004017.,19,170,189
WBGene00004020.,166,658,824
WBGene00004023.,205,799,1004
WBGene00004024.,44,230,274
WBGene00004025.,126,779,905
WBGene00004026.,129,12,141
WBGene00004027.,15,119,134
WBGene00004028.,239,142,381
WBGene00004029.,152,220,372
WBGene00004030.,61,150,211
WBGene00004031.,52,578,630
WBGene00004032.,399,1876,2275
WBGene00004033.,595,1246,1841
WBGene00004034.,187,648,835
WBGene00004035.,222,687,909
WBGene00004036.,754,960,1714
WBGene00004037.,59,188,247
WBGene00004038.,66,356,422
WBGene00004039.,172,1619,1791
WBGene00004040.,207,1492,1699
WBGene00004041.,2,308,310
WBGene00004042.,12,879,891
WBGene00004043.,23,133,156
WBGene00004044.,26,141,167
WBGene00004045.,442,559,1001
WBGene00004046.,215,8869,9084
WBGene00004047.,581,677,1258
WBGene00004048.,43,219,262
WBGene00004049.,319,395,714
WBGene00004050.,10,484,494
WBGene00004051.,138,651,789
WBGene00004052.,22,21,43
WBGene00004053.,183,2238,2421
WBGene00004054.,120,19,139
WBGene00004055.,130,530,660
WBGene00004056.,120,482,602
WBGene00004057.,81,445,526
WBGene00004058.,58,250,308
WBGene00004059.,75,332,407
WBGene00004060.,270,705,975
WBGene00004061.,16,150,166
WBGene00004062.,39,302,341
WBGene00004063.,136,699,835
WBGene00004064.,142,630,772
WBGene00004068.,77,548,625
WBGene00004075.,93,815,908
WBGene00004076.,400,2055,2455
WBGene00004077.,278,1077,1355
WBGene00004078.,0,33,33
WBGene00004083.,42,1106,1148
WBGene00004084.,2,33,35
WBGene00004085.,105,1149,1254
WBGene00004086.,94,267,361
WBGene00004087.,277,1168,1445
WBGene00004088.,300,1616,1916
WBGene00004089.,36,280,316
WBGene00004090.,177,620,797
WBGene00004091.,115,1189,1304
WBGene00004092.,45,325,370
WBGene00004093.,22,364,386
WBGene00004094.,22,475,497
WBGene00004095.,220,2770,2990
WBGene00004096.,62,742,804
WBGene00004098.,11,2,13
WBGene00004099.,0,26,26
WBGene00004100.,97,447,544
WBGene00004101.,157,863,1020
WBGene00004102.,12,7,19
WBGene00004103.,40,3,43
WBGene00004104.,51,59,110
WBGene00004105.,125,848,973
WBGene00004106.,93,1123,1216
WBGene00004107.,0,12,12
WBGene00004108.,348,1146,1494
WBGene00004109.,209,845,1054
WBGene00004110.,176,1022,1198
WBGene00004111.,157,704,861
WBGene00004112.,503,4381,4884
WBGene00004113.,517,6337,6854
WBGene00004114.,16,272,288
WBGene00004115.,70,30,100
WBGene00004116.,354,1238,1592
WBGene00004117.,329,1517,1846
WBGene00004118.,44,136,180
WBGene00004119.,450,1375,1825
WBGene00004120.,3,22,25
WBGene00004121.,221,650,871
WBGene00004122.,202,860,1062
WBGene00004123.,107,403,510
WBGene00004124.,34,151,185
WBGene00004125.,128,456,584
WBGene00004126.,140,696,836
WBGene00004127.,121,42,163
WBGene00004128.,1588,3794,5382
WBGene00004129.,57,341,398
WBGene00004130.,874,8449,9323
WBGene00004131.,6928,21521,28449
WBGene00004132.,217,1643,1860
WBGene00004133.,59,56,115
WBGene00004134.,587,3049,3636
WBGene00004135.,1155,7280,8435
WBGene00004136.,553,2113,2666
WBGene00004138.,385,2126,2511
WBGene00004139.,0,8,8
WBGene00004140.,62,1009,1071
WBGene00004141.,0,3,3
WBGene00004143.,254,8528,8782
WBGene00004144.,30,1042,1072
WBGene00004145.,264,1953,2217
WBGene00004146.,0,14,14
WBGene00004147.,342,1443,1785
WBGene00004148.,202,1016,1218
WBGene00004149.,68,43,111
WBGene00004150.,44,50,94
WBGene00004151.,186,648,834
WBGene00004152.,232,2642,2874
WBGene00004153.,2,22,24
WBGene00004154.,195,34,229
WBGene00004155.,50,49,99
WBGene00004156.,108,1345,1453
WBGene00004157.,80,1901,1981
WBGene00004158.,0,7,7
WBGene00004159.,0,1,1
WBGene00004160.,0,0,0
WBGene00004161.,726,1042,1768
WBGene00004163.,105,26,131
WBGene00004164.,293,1189,1482
WBGene00004165.,39,32,71
WBGene00004166.,352,1335,1687
WBGene00004167.,862,4133,4995
WBGene00004168.,29,521,550
WBGene00004169.,128,909,1037
WBGene00004170.,0,6,6
WBGene00004171.,5,5,10
WBGene00004172.,48,224,272
WBGene00004173.,327,2523,2850
WBGene00004174.,2,127,129
WBGene00004175.,21,270,291
WBGene00004176.,3,46,49
WBGene00004177.,2,18,20
WBGene00004178.,49,1140,1189
WBGene00004179.,16,419,435
WBGene00004180.,70,383,453
WBGene00004181.,132,559,691
WBGene00004182.,475,1697,2172
WBGene00004183.,70,142,212
WBGene00004184.,97,2218,2315
WBGene00004185.,83,2790,2873
WBGene00004186.,531,1373,1904
WBGene00004187.,211,5593,5804
WBGene00004188.,131,1100,1231
WBGene00004189.,125,4819,4944
WBGene00004190.,44,232,276
WBGene00004191.,247,72,319
WBGene00004192.,2659,714,3373
WBGene00004193.,33,101,134
WBGene00004194.,34,122,156
WBGene00004195.,29,75,104
WBGene00004196.,0,0,0
WBGene00004197.,11,73,84
WBGene00004198.,42,183,225
WBGene00004199.,5,228,233
WBGene00004201.,46,2910,2956
WBGene00004202.,171,605,776
WBGene00004203.,166,1580,1746
WBGene00004204.,458,4837,5295
WBGene00004205.,35,368,403
WBGene00004206.,200,334,534
WBGene00004207.,331,1059,1390
WBGene00004208.,268,3850,4118
WBGene00004209.,5,7,12
WBGene00004210.,100,442,542
WBGene00004211.,41,47,88
WBGene00004212.,113,1218,1331
WBGene00004213.,497,1190,1687
WBGene00004214.,85,1035,1120
WBGene00004215.,901,1447,2348
WBGene00004216.,33,59,92
WBGene00004217.,36,109,145
WBGene00004218.,37,87,124
WBGene00004219.,73,190,263
WBGene00004220.,143,503,646
WBGene00004221.,46,108,154
WBGene00004222.,62,773,835
WBGene00004223.,43,28,71
WBGene00004224.,111,193,304
WBGene00004225.,112,89,201
WBGene00004226.,95,854,949
WBGene00004227.,69,164,233
WBGene00004228.,85,296,381
WBGene00004229.,22,56,78
WBGene00004230.,115,32,147
WBGene00004231.,124,47,171
WBGene00004232.,184,94,278
WBGene00004233.,67,24,91
WBGene00004234.,52,22,74
WBGene00004235.,55,219,274
WBGene00004236.,192,63,255
WBGene00004237.,69,267,336
WBGene00004238.,257,863,1120
WBGene00004239.,3,42,45
WBGene00004240.,55,35,90
WBGene00004241.,0,25,25
WBGene00004242.,9,32,41
WBGene00004243.,5,80,85
WBGene00004244.,45,272,317
WBGene00004245.,191,1500,1691
WBGene00004246.,12,16,28
WBGene00004248.,23,987,1010
WBGene00004249.,256,1845,2101
WBGene00004254.,204,726,930
WBGene00004255.,59,91,150
WBGene00004256.,117,290,407
WBGene00004257.,114,161,275
WBGene00004258.,482,9883,10365
WBGene00004259.,14,598,612
WBGene00004264.,27,250,277
WBGene00004265.,230,308,538
WBGene00004266.,142,7063,7205
WBGene00004267.,193,2386,2579
WBGene00004268.,182,3026,3208
WBGene00004269.,75,711,786
WBGene00004270.,58,1408,1466
WBGene00004271.,159,1327,1486
WBGene00004272.,88,2040,2128
WBGene00004273.,75,2332,2407
WBGene00004274.,142,8500,8642
WBGene00004275.,59,29,88
WBGene00004276.,60,1255,1315
WBGene00004277.,116,1366,1482
WBGene00004278.,214,2013,2227
WBGene00004279.,24,177,201
WBGene00004281.,62,252,314
WBGene00004282.,167,338,505
WBGene00004283.,56,254,310
WBGene00004284.,112,816,928
WBGene00004285.,210,314,524
WBGene00004286.,37,788,825
WBGene00004287.,7,4,11
WBGene00004296.,154,1177,1331
WBGene00004297.,62,320,382
WBGene00004298.,134,93,227
WBGene00004300.,7,4180,4187
WBGene00004301.,105,21,126
WBGene00004302.,1110,19391,20501
WBGene00004303.,70,947,1017
WBGene00004304.,154,1752,1906
WBGene00004305.,64,3354,3418
WBGene00004306.,181,1087,1268
WBGene00004307.,100,1593,1693
WBGene00004308.,55,790,845
WBGene00004309.,21,11,32
WBGene00004310.,330,2105,2435
WBGene00004311.,270,736,1006
WBGene00004312.,183,594,777
WBGene00004313.,137,1372,1509
WBGene00004314.,485,808,1293
WBGene00004315.,121,2055,2176
WBGene00004316.,794,870,1664
WBGene00004317.,130,714,844
WBGene00004318.,384,1026,1410
WBGene00004319.,141,2103,2244
WBGene00004320.,238,2516,2754
WBGene00004321.,26,1781,1807
WBGene00004322.,138,660,798
WBGene00004323.,215,1016,1231
WBGene00004324.,83,353,436
WBGene00004326.,61,1860,1921
WBGene00004328.,29,53,82
WBGene00004332.,35,204,239
WBGene00004333.,60,214,274
WBGene00004334.,2,46,48
WBGene00004335.,104,254,358
WBGene00004336.,710,7639,8349
WBGene00004337.,307,1349,1656
WBGene00004338.,135,436,571
WBGene00004339.,56,292,348
WBGene00004340.,169,930,1099
WBGene00004341.,71,372,443
WBGene00004342.,10,19,29
WBGene00004343.,183,895,1078
WBGene00004344.,51,600,651
WBGene00004345.,646,781,1427
WBGene00004346.,101,288,389
WBGene00004347.,886,491,1377
WBGene00004348.,44,469,513
WBGene00004349.,368,705,1073
WBGene00004350.,275,666,941
WBGene00004351.,0,0,0
WBGene00004352.,8,4,12
WBGene00004353.,25,26,51
WBGene00004354.,6,20,26
WBGene00004355.,57,807,864
WBGene00004356.,52,1072,1124
WBGene00004357.,807,6797,7604
WBGene00004358.,192,1234,1426
WBGene00004359.,46,50,96
WBGene00004360.,96,324,420
WBGene00004361.,32,207,239
WBGene00004363.,103,1680,1783
WBGene00004364.,541,4861,5402
WBGene00004367.,238,857,1095
WBGene00004368.,145,512,657
WBGene00004369.,107,495,602
WBGene00004370.,106,1066,1172
WBGene00004371.,152,1064,1216
WBGene00004372.,185,146,331
WBGene00004373.,307,2088,2395
WBGene00004374.,23,49,72
WBGene00004375.,192,455,647
WBGene00004377.,76,309,385
WBGene00004378.,191,1219,1410
WBGene00004380.,36,263,299
WBGene00004381.,111,667,778
WBGene00004382.,388,1476,1864
WBGene00004383.,33,382,415
WBGene00004384.,638,948,1586
WBGene00004385.,129,1150,1279
WBGene00004386.,132,1099,1231
WBGene00004387.,222,5499,5721
WBGene00004388.,188,1581,1769
WBGene00004389.,254,1683,1937
WBGene00004390.,424,3938,4362
WBGene00004391.,70,2019,2089
WBGene00004392.,98,2830,2928
WBGene00004393.,374,347,721
WBGene00004394.,28,6,34
WBGene00004395.,63,241,304
WBGene00004397.,21,131,152
WBGene00004398.,24,282,306
WBGene00004400.,10,176,186
WBGene00004401.,126,217,343
WBGene00004402.,111,42,153
WBGene00004403.,450,599,1049
WBGene00004404.,126,375,501
WBGene00004405.,26,1185,1211
WBGene00004408.,346,214558,214904
WBGene00004409.,13961,87471,101432
WBGene00004410.,32116,98168,130284
WBGene00004411.,118,1127,1245
WBGene00004412.,29187,126598,155785
WBGene00004413.,500,107150,107650
WBGene00004414.,9938,147795,157733
WBGene00004415.,264,67845,68109
WBGene00004416.,15972,133508,149480
WBGene00004417.,18213,134812,153025
WBGene00004418.,30346,139793,170139
WBGene00004419.,23459,129355,152814
WBGene00004420.,23210,114831,138041
WBGene00004421.,13645,186017,199662
WBGene00004422.,1005,9634,10639
WBGene00004423.,29840,156407,186247
WBGene00004424.,73320,340385,413705
WBGene00004425.,19523,187871,207394
WBGene00004426.,21883,123306,145189
WBGene00004427.,2198,123827,126025
WBGene00004428.,20022,144313,164335
WBGene00004429.,54661,150360,205021
WBGene00004430.,31465,146527,177992
WBGene00004431.,17745,139544,157289
WBGene00004432.,1513,141449,142962
WBGene00004433.,12791,151815,164606
WBGene00004434.,17777,121212,138989
WBGene00004435.,14356,122904,137260
WBGene00004436.,29576,164721,194297
WBGene00004437.,860,8223,9083
WBGene00004438.,5333,28071,33404
WBGene00004439.,12382,58710,71092
WBGene00004440.,6521,123315,129836
WBGene00004441.,25127,72790,97917
WBGene00004442.,15172,84605,99777
WBGene00004443.,93830,67766,161596
WBGene00004444.,16936,90990,107926
WBGene00004445.,5380,107368,112748
WBGene00004446.,46486,196037,242523
WBGene00004447.,31321,123474,154795
WBGene00004448.,10511,117411,127922
WBGene00004449.,26968,171000,197968
WBGene00004450.,13932,168395,182327
WBGene00004451.,0,41,41
WBGene00004452.,15332,193075,208407
WBGene00004453.,7761,159745,167506
WBGene00004454.,24745,124403,149148
WBGene00004455.,13,28,41
WBGene00004456.,0,140165,140165
WBGene00004457.,26,509,535
WBGene00004458.,112,1893,2005
WBGene00004459.,23,2161,2184
WBGene00004460.,57,3833,3890
WBGene00004461.,72,2256,2328
WBGene00004462.,143,1722,1865
WBGene00004463.,153,2679,2832
WBGene00004464.,426,2622,3048
WBGene00004465.,220,2195,2415
WBGene00004466.,77,1907,1984
WBGene00004467.,38,2261,2299
WBGene00004468.,182,1276,1458
WBGene00004469.,2362,100550,102912
WBGene00004470.,10486,154014,164500
WBGene00004471.,143,109770,109913
WBGene00004472.,21603,141950,163553
WBGene00004473.,17530,122321,139851
WBGene00004474.,31921,178026,209947
WBGene00004475.,6283,75778,82061
WBGene00004476.,37674,171690,209364
WBGene00004477.,26683,162696,189379
WBGene00004478.,30971,230998,261969
WBGene00004479.,20437,138888,159325
WBGene00004480.,50732,207853,258585
WBGene00004481.,6072,135488,141560
WBGene00004482.,17925,116148,134073
WBGene00004483.,37472,212727,250199
WBGene00004484.,24233,143692,167925
WBGene00004485.,3685,59645,63330
WBGene00004486.,16127,122087,138214
WBGene00004487.,35679,176234,211913
WBGene00004488.,29097,162292,191389
WBGene00004489.,18630,116319,134949
WBGene00004490.,53220,97233,150453
WBGene00004491.,3184,106775,109959
WBGene00004492.,28470,183284,211754
WBGene00004493.,18388,130293,148681
WBGene00004494.,49882,265283,315165
WBGene00004495.,15076,177598,192674
WBGene00004496.,23120,166945,190065
WBGene00004497.,8642,138984,147626
WBGene00004498.,92896,99771,192667
WBGene00004499.,37327,140606,177933
WBGene00004501.,61,1292,1353
WBGene00004502.,96,2402,2498
WBGene00004503.,5,1726,1731
WBGene00004504.,717,2927,3644
WBGene00004505.,32,1806,1838
WBGene00004506.,67,3027,3094
WBGene00004507.,47,795,842
WBGene00004508.,102,649,751
WBGene00004509.,63,146,209
WBGene00004510.,32,425,457
WBGene00004512.,0,0,0
WBGene00004513.,0,0,0
WBGene00004567.,0,233386,233386
WBGene00004622.,0,13894092,13894092
WBGene00004677.,0,133976,133976
WBGene00004679.,375,2443,2818
WBGene00004680.,123,280,403
WBGene00004681.,532,814,1346
WBGene00004682.,110,751,861
WBGene00004684.,123,852,975
WBGene00004698.,18,3497,3515
WBGene00004699.,132,2691,2823
WBGene00004700.,503,7557,8060
WBGene00004701.,12,2243,2255
WBGene00004702.,26,2861,2887
WBGene00004703.,419,8228,8647
WBGene00004704.,141,3166,3307
WBGene00004705.,256,3052,3308
WBGene00004706.,149,1293,1442
WBGene00004708.,0,0,0
WBGene00004716.,0,5,5
WBGene00004717.,0,0,0
WBGene00004719.,276,533,809
WBGene00004721.,60,309,369
WBGene00004723.,75,1026,1101
WBGene00004726.,48,427,475
WBGene00004727.,144,616,760
WBGene00004728.,351,1267,1618
WBGene00004729.,237,824,1061
WBGene00004732.,606,2360,2966
WBGene00004735.,188,293,481
WBGene00004736.,1277,31384,32661
WBGene00004737.,6,519,525
WBGene00004738.,50,1323,1373
WBGene00004739.,958,3329,4287
WBGene00004740.,135,408,543
WBGene00004742.,18,49,67
WBGene00004743.,397,978,1375
WBGene00004744.,311,2752,3063
WBGene00004745.,88,310,398
WBGene00004746.,41,894,935
WBGene00004747.,67,384,451
WBGene00004748.,31,127,158
WBGene00004749.,125,1921,2046
WBGene00004750.,8,3,11
WBGene00004751.,648,2129,2777
WBGene00004752.,71,613,684
WBGene00004753.,122,434,556
WBGene00004754.,535,1568,2103
WBGene00004755.,50,1774,1824
WBGene00004756.,47,740,787
WBGene00004758.,89,1005,1094
WBGene00004759.,58,1113,1171
WBGene00004760.,444,1881,2325
WBGene00004762.,236,833,1069
WBGene00004764.,105,112,217
WBGene00004765.,333,298,631
WBGene00004766.,192,3016,3208
WBGene00004767.,66,737,803
WBGene00004768.,30,739,769
WBGene00004769.,16,309,325
WBGene00004771.,201,319,520
WBGene00004773.,579,1742,2321
WBGene00004774.,54,967,1021
WBGene00004775.,40,262,302
WBGene00004776.,143,61,204
WBGene00004777.,329,359,688
WBGene00004778.,40,326,366
WBGene00004779.,297,603,900
WBGene00004780.,173,221,394
WBGene00004781.,19,753,772
WBGene00004782.,109,1023,1132
WBGene00004783.,712,2174,2886
WBGene00004786.,62,127,189
WBGene00004787.,109,326,435
WBGene00004788.,96,2318,2414
WBGene00004789.,128,230,358
WBGene00004790.,339,1620,1959
WBGene00004793.,276,107,383
WBGene00004795.,81,207,288
WBGene00004796.,60,116,176
WBGene00004798.,357,3236,3593
WBGene00004800.,107,1223,1330
WBGene00004801.,159,1007,1166
WBGene00004802.,30,39,69
WBGene00004803.,59,174,233
WBGene00004804.,385,2322,2707
WBGene00004806.,237,1145,1382
WBGene00004807.,73,10542,10615
WBGene00004808.,28,1161,1189
WBGene00004809.,230,1537,1767
WBGene00004810.,5,50,55
WBGene00004811.,4,11,15
WBGene00004812.,0,7,7
WBGene00004813.,0,3,3
WBGene00004814.,0,9,9
WBGene00004815.,0,7,7
WBGene00004816.,0,159,159
WBGene00004817.,0,10,10
WBGene00004818.,0,4,4
WBGene00004819.,0,9,9
WBGene00004820.,0,2,2
WBGene00004821.,0,10,10
WBGene00004822.,0,548,548
WBGene00004823.,5,220,225
WBGene00004824.,190,566,756
WBGene00004825.,0,105,105
WBGene00004826.,0,527,527
WBGene00004827.,0,133,133
WBGene00004829.,170,600,770
WBGene00004830.,249,894,1143
WBGene00004831.,455,751,1206
WBGene00004833.,0,497,497
WBGene00004834.,0,28,28
WBGene00004835.,0,29,29
WBGene00004836.,0,1543,1543
WBGene00004837.,0,0,0
WBGene00004838.,0,0,0
WBGene00004839.,0,33,33
WBGene00004840.,0,36,36
WBGene00004841.,0,38,38
WBGene00004842.,0,7,7
WBGene00004843.,0,0,0
WBGene00004844.,0,6,6
WBGene00004845.,0,7,7
WBGene00004846.,0,4,4
WBGene00004847.,0,0,0
WBGene00004848.,0,4,4
WBGene00004849.,0,61,61
WBGene00004850.,0,0,0
WBGene00004851.,0,15,15
WBGene00004854.,194,762,956
WBGene00004855.,259,3318,3577
WBGene00004856.,280,357,637
WBGene00004857.,93,379,472
WBGene00004858.,94,246,340
WBGene00004859.,130,496,626
WBGene00004860.,65,357,422
WBGene00004862.,517,2078,2595
WBGene00004873.,541,2031,2572
WBGene00004874.,113,1713,1826
WBGene00004875.,51,508,559
WBGene00004876.,49,158,207
WBGene00004877.,32,21,53
WBGene00004878.,93,43,136
WBGene00004879.,251,1112,1363
WBGene00004880.,178,1478,1656
WBGene00004881.,215,899,1114
WBGene00004882.,69,1285,1354
WBGene00004883.,11,252,263
WBGene00004884.,309,1448,1757
WBGene00004885.,26,383,409
WBGene00004886.,56,318,374
WBGene00004887.,135,1514,1649
WBGene00004888.,1596,13555,15151
WBGene00004889.,169,817,986
WBGene00004890.,71,245,316
WBGene00004891.,113,1676,1789
WBGene00004892.,469,1592,2061
WBGene00004893.,71,509,580
WBGene00004894.,637,685,1322
WBGene00004895.,3290,935,4225
WBGene00004896.,733,1809,2542
WBGene00004897.,42,6842,6884
WBGene00004898.,37,205,242
WBGene00004899.,31,2,33
WBGene00004900.,29,562,591
WBGene00004901.,19,18,37
WBGene00004902.,78,1029,1107
WBGene00004903.,6,7,13
WBGene00004904.,27,14,41
WBGene00004905.,149,197,346
WBGene00004906.,62,49,111
WBGene00004907.,48,71,119
WBGene00004908.,12,7,19
WBGene00004909.,14,18,32
WBGene00004910.,61,1317,1378
WBGene00004911.,28,84,112
WBGene00004912.,53,651,704
WBGene00004913.,200,686,886
WBGene00004914.,233,5772,6005
WBGene00004915.,33,6772,6805
WBGene00004916.,251,4725,4976
WBGene00004917.,213,6022,6235
WBGene00004918.,1117,6072,7189
WBGene00004919.,371,5440,5811
WBGene00004920.,937,8871,9808
WBGene00004921.,332,2383,2715
WBGene00004922.,226,432,658
WBGene00004923.,638,1002,1640
WBGene00004924.,219,3068,3287
WBGene00004925.,490,345,835
WBGene00004926.,63,576,639
WBGene00004927.,117,820,937
WBGene00004928.,71,105,176
WBGene00004929.,737,1201,1938
WBGene00004930.,610,6956,7566
WBGene00004931.,585,3023,3608
WBGene00004932.,26,10,36
WBGene00004933.,163,428,591
WBGene00004944.,149,389,538
WBGene00004945.,64,897,961
WBGene00004946.,323,1167,1490
WBGene00004947.,999,1448,2447
WBGene00004949.,199,515,714
WBGene00004950.,8,273,281
WBGene00004951.,188,6692,6880
WBGene00004952.,18,507,525
WBGene00004953.,56,771,827
WBGene00004954.,48,191,239
WBGene00004955.,244,1601,1845
WBGene00004958.,14,47,61
WBGene00004959.,10,121,131
WBGene00004960.,41,51,92
WBGene00004962.,18,5,23
WBGene00004963.,82,24,106
WBGene00004964.,7,35,42
WBGene00004965.,24,8,32
WBGene00004966.,22,4,26
WBGene00004969.,392,231,623
WBGene00004971.,20,10,30
WBGene00004972.,14,33,47
WBGene00004973.,13,3,16
WBGene00004974.,24,46,70
WBGene00004975.,20,360,380
WBGene00004976.,32,16,48
WBGene00004978.,622,3632,4254
WBGene00004979.,178,883,1061
WBGene00004980.,253,4655,4908
WBGene00004981.,67,826,893
WBGene00004984.,4,102,106
WBGene00004985.,35,181,216
WBGene00004986.,224,1622,1846
WBGene00004987.,419,2649,3068
WBGene00004988.,399,2809,3208
WBGene00004989.,25,192,217
WBGene00004990.,1200,6888,8088
WBGene00004991.,4,19,23
WBGene00004992.,29,9,38
WBGene00004993.,187,856,1043
WBGene00004994.,0,7,7
WBGene00004995.,1564,7011,8575
WBGene00004996.,21,19,40
WBGene00004997.,1,10,11
WBGene00004998.,12,12,24
WBGene00004999.,867,7952,8819
WBGene00005000.,1232,10470,11702
WBGene00005001.,118,601,719
WBGene00005002.,646,5453,6099
WBGene00005003.,221,1503,1724
WBGene00005004.,47,201,248
WBGene00005005.,1,5,6
WBGene00005006.,64,412,476
WBGene00005007.,80,1944,2024
WBGene00005008.,10,104,114
WBGene00005009.,54,1276,1330
WBGene00005010.,281,668,949
WBGene00005011.,57,282,339
WBGene00005012.,6,1,7
WBGene00005013.,6,29,35
WBGene00005014.,24,674,698
WBGene00005015.,125,1843,1968
WBGene00005016.,2,124,126
WBGene00005017.,11,60,71
WBGene00005018.,7,110,117
WBGene00005019.,71,574,645
WBGene00005020.,103,152,255
WBGene00005021.,55,229,284
WBGene00005022.,28,967,995
WBGene00005023.,80,661,741
WBGene00005024.,348,318,666
WBGene00005025.,60,312,372
WBGene00005026.,139,543,682
WBGene00005027.,5,7,12
WBGene00005028.,2,6,8
WBGene00005029.,12,21,33
WBGene00005030.,8,15,23
WBGene00005031.,15,15,30
WBGene00005032.,9,28,37
WBGene00005033.,9,20,29
WBGene00005034.,12,7,19
WBGene00005035.,27,23,50
WBGene00005036.,38,99,137
WBGene00005037.,22,21,43
WBGene00005038.,18,17,35
WBGene00005039.,21,15,36
WBGene00005040.,31,33,64
WBGene00005041.,0,16,16
WBGene00005042.,5,13,18
WBGene00005043.,6,22,28
WBGene00005044.,9,19,28
WBGene00005045.,6,9,15
WBGene00005046.,6,10,16
WBGene00005047.,9,25,34
WBGene00005048.,4,8,12
WBGene00005049.,4,4,8
WBGene00005050.,14,2,16
WBGene00005051.,29,15,44
WBGene00005052.,11,13,24
WBGene00005053.,10,8,18
WBGene00005054.,16,18,34
WBGene00005055.,20,15,35
WBGene00005056.,161,13,174
WBGene00005057.,29,12,41
WBGene00005058.,8,26,34
WBGene00005059.,42,28,70
WBGene00005060.,6,13,19
WBGene00005061.,42,3,45
WBGene00005062.,15,10,25
WBGene00005063.,36,108,144
WBGene00005064.,13,11,24
WBGene00005065.,54,18,72
WBGene00005066.,5,5,10
WBGene00005067.,12,26,38
WBGene00005068.,11,21,32
WBGene00005069.,9,10,19
WBGene00005070.,13,16,29
WBGene00005071.,20,4,24
WBGene00005072.,15,23,38
WBGene00005073.,0,4,4
WBGene00005074.,0,1,1
WBGene00005075.,8,11,19
WBGene00005076.,22,7,29
WBGene00005077.,228,547,775
WBGene00005078.,106,239,345
WBGene00005079.,21,2,23
WBGene00005080.,12,5,17
WBGene00005081.,80,15,95
WBGene00005082.,5,8,13
WBGene00005083.,25,27,52
WBGene00005084.,5,9,14
WBGene00005085.,9,15,24
WBGene00005086.,24,22,46
WBGene00005087.,0,7,7
WBGene00005088.,10,24,34
WBGene00005089.,18,15,33
WBGene00005090.,23,17,40
WBGene00005091.,32,15,47
WBGene00005092.,54,80,134
WBGene00005093.,23,23,46
WBGene00005094.,13,12,25
WBGene00005095.,10,16,26
WBGene00005096.,4,16,20
WBGene00005097.,2,13,15
WBGene00005098.,1,8,9
WBGene00005099.,4,2,6
WBGene00005100.,4,5,9
WBGene00005101.,31,76,107
WBGene00005102.,2,4,6
WBGene00005103.,6,25,31
WBGene00005104.,4,19,23
WBGene00005105.,1,10,11
WBGene00005106.,2,8,10
WBGene00005107.,7,34,41
WBGene00005108.,3,19,22
WBGene00005109.,3,24,27
WBGene00005110.,138,138,276
WBGene00005111.,29,116,145
WBGene00005112.,9,25,34
WBGene00005113.,30,60,90
WBGene00005114.,11,7,18
WBGene00005115.,0,20,20
WBGene00005116.,16,15,31
WBGene00005117.,20,12,32
WBGene00005118.,24,9,33
WBGene00005119.,21,19,40
WBGene00005120.,18,17,35
WBGene00005121.,14,2,16
WBGene00005122.,29,16,45
WBGene00005123.,16,4,20
WBGene00005124.,9,17,26
WBGene00005125.,27,16,43
WBGene00005126.,13,19,32
WBGene00005127.,48,119,167
WBGene00005128.,220,15,235
WBGene00005129.,57,63,120
WBGene00005130.,5,6,11
WBGene00005131.,36,181,217
WBGene00005132.,14,33,47
WBGene00005133.,41,12,53
WBGene00005134.,0,5,5
WBGene00005135.,2,5,7
WBGene00005136.,7,2,9
WBGene00005137.,4,0,4
WBGene00005138.,0,0,0
WBGene00005139.,0,1,1
WBGene00005140.,4,10,14
WBGene00005141.,24,5,29
WBGene00005142.,14,6,20
WBGene00005143.,97,12,109
WBGene00005144.,28,25,53
WBGene00005145.,36,13,49
WBGene00005146.,41,29,70
WBGene00005147.,24,86,110
WBGene00005148.,0,0,0
WBGene00005149.,13,43,56
WBGene00005150.,43,53,96
WBGene00005153.,113,152,265
WBGene00005159.,3,4,7
WBGene00005160.,6,5,11
WBGene00005161.,12,8,20
WBGene00005162.,24,16,40
WBGene00005163.,15,25,40
WBGene00005164.,15,13,28
WBGene00005165.,19,5,24
WBGene00005166.,4,11,15
WBGene00005167.,8,21,29
WBGene00005168.,10,15,25
WBGene00005169.,14,23,37
WBGene00005170.,39,26,65
WBGene00005171.,17,35,52
WBGene00005172.,9,40,49
WBGene00005173.,5,8,13
WBGene00005174.,25,44,69
WBGene00005175.,28,23,51
WBGene00005176.,38,13,51
WBGene00005177.,44,25,69
WBGene00005178.,35,8,43
WBGene00005179.,5,4,9
WBGene00005180.,16,4,20
WBGene00005181.,13,4,17
WBGene00005182.,50,36,86
WBGene00005183.,17,19,36
WBGene00005184.,16,19,35
WBGene00005185.,21,16,37
WBGene00005186.,18,21,39
WBGene00005187.,25,24,49
WBGene00005188.,12,5,17
WBGene00005189.,20,18,38
WBGene00005190.,5,4,9
WBGene00005191.,57,14,71
WBGene00005192.,1,1,2
WBGene00005193.,69,5,74
WBGene00005194.,2,10,12
WBGene00005195.,77,15,92
WBGene00005196.,1,2,3
WBGene00005197.,7,27,34
WBGene00005198.,9,13,22
WBGene00005199.,7,8,15
WBGene00005200.,40,12,52
WBGene00005201.,11,3,14
WBGene00005202.,19,16,35
WBGene00005203.,18,19,37
WBGene00005204.,11,20,31
WBGene00005205.,10,22,32
WBGene00005206.,5,18,23
WBGene00005207.,4,17,21
WBGene00005208.,62,56,118
WBGene00005210.,3,17,20
WBGene00005211.,13,5,18
WBGene00005212.,14,4,18
WBGene00005213.,17,27,44
WBGene00005214.,48,13,61
WBGene00005215.,14,8,22
WBGene00005216.,19,8,27
WBGene00005217.,4,8,12
WBGene00005218.,2,12,14
WBGene00005219.,27,25,52
WBGene00005220.,5,5,10
WBGene00005221.,62,25,87
WBGene00005222.,29,32,61
WBGene00005223.,82,4,86
WBGene00005224.,12,9,21
WBGene00005225.,2,2,4
WBGene00005226.,42,65,107
WBGene00005227.,5,8,13
WBGene00005228.,292,79,371
WBGene00005229.,23,9,32
WBGene00005230.,4,5,9
WBGene00005231.,16,15,31
WBGene00005232.,2,4,6
WBGene00005233.,16,11,27
WBGene00005234.,15,10,25
WBGene00005235.,1,17,18
WBGene00005236.,25,41,66
WBGene00005237.,21,9,30
WBGene00005238.,2,3,5
WBGene00005239.,5,5,10
WBGene00005240.,10,14,24
WBGene00005241.,10,25,35
WBGene00005242.,14,19,33
WBGene00005243.,13,50,63
WBGene00005244.,41,13,54
WBGene00005245.,3,7,10
WBGene00005246.,6,22,28
WBGene00005247.,8,3,11
WBGene00005248.,4,8,12
WBGene00005249.,8,8,16
WBGene00005250.,7,13,20
WBGene00005251.,27,47,74
WBGene00005252.,10,10,20
WBGene00005253.,17,61,78
WBGene00005254.,22,34,56
WBGene00005255.,15,9,24
WBGene00005256.,11,7,18
WBGene00005257.,6,8,14
WBGene00005258.,11,12,23
WBGene00005259.,7,4,11
WBGene00005260.,7,9,16
WBGene00005261.,26,13,39
WBGene00005262.,11,22,33
WBGene00005263.,11,15,26
WBGene00005264.,5,4,9
WBGene00005265.,3,5,8
WBGene00005266.,0,16,16
WBGene00005267.,40,13,53
WBGene00005268.,4,5,9
WBGene00005269.,10,19,29
WBGene00005270.,12,16,28
WBGene00005271.,68,23,91
WBGene00005272.,10,14,24
WBGene00005273.,6,10,16
WBGene00005274.,15,7,22
WBGene00005275.,10,35,45
WBGene00005276.,6,8,14
WBGene00005277.,0,4,4
WBGene00005278.,13,4,17
WBGene00005279.,11,17,28
WBGene00005280.,0,0,0
WBGene00005281.,3,8,11
WBGene00005282.,10,9,19
WBGene00005283.,15,15,30
WBGene00005284.,6,18,24
WBGene00005285.,6,0,6
WBGene00005286.,0,9,9
WBGene00005287.,8,3,11
WBGene00005288.,0,14,14
WBGene00005289.,3,18,21
WBGene00005290.,2,29,31
WBGene00005291.,0,14,14
WBGene00005292.,4,26,30
WBGene00005293.,5,10,15
WBGene00005294.,0,1,1
WBGene00005295.,11,9,20
WBGene00005296.,12,19,31
WBGene00005297.,4,16,20
WBGene00005298.,90,24,114
WBGene00005299.,16,21,37
WBGene00005300.,2,22,24
WBGene00005301.,21,6,27
WBGene00005302.,4,9,13
WBGene00005303.,12,16,28
WBGene00005304.,9,6,15
WBGene00005305.,24,24,48
WBGene00005306.,13,10,23
WBGene00005307.,29,13,42
WBGene00005308.,10,12,22
WBGene00005309.,13,13,26
WBGene00005310.,7,11,18
WBGene00005311.,101,60,161
WBGene00005312.,16,17,33
WBGene00005313.,12,18,30
WBGene00005314.,1,4,5
WBGene00005315.,1,14,15
WBGene00005316.,31,16,47
WBGene00005317.,0,4,4
WBGene00005318.,7,7,14
WBGene00005319.,8,12,20
WBGene00005320.,6,12,18
WBGene00005321.,25,2,27
WBGene00005322.,0,11,11
WBGene00005323.,12,19,31
WBGene00005324.,174,13,187
WBGene00005325.,0,23,23
WBGene00005326.,0,23,23
WBGene00005327.,2,28,30
WBGene00005328.,8,20,28
WBGene00005329.,0,6,6
WBGene00005330.,2,13,15
WBGene00005331.,2,12,14
WBGene00005332.,5,24,29
WBGene00005333.,5,8,13
WBGene00005334.,10,17,27
WBGene00005335.,30,11,41
WBGene00005336.,1,17,18
WBGene00005337.,17,12,29
WBGene00005338.,3,25,28
WBGene00005339.,25,51,76
WBGene00005340.,1,9,10
WBGene00005341.,16,15,31
WBGene00005342.,4,17,21
WBGene00005343.,5,13,18
WBGene00005344.,30,7,37
WBGene00005345.,24,17,41
WBGene00005346.,6,40,46
WBGene00005347.,21,49,70
WBGene00005348.,0,4,4
WBGene00005349.,5,7,12
WBGene00005350.,14,16,30
WBGene00005351.,90,35,125
WBGene00005352.,6,6,12
WBGene00005353.,5,11,16
WBGene00005354.,0,5,5
WBGene00005355.,8,5,13
WBGene00005356.,9,11,20
WBGene00005357.,10,15,25
WBGene00005358.,6,4,10
WBGene00005359.,14,24,38
WBGene00005360.,0,12,12
WBGene00005361.,6,6,12
WBGene00005362.,5,16,21
WBGene00005363.,34,13,47
WBGene00005364.,21,17,38
WBGene00005365.,6,16,22
WBGene00005366.,0,21,21
WBGene00005367.,3,6,9
WBGene00005368.,0,2,2
WBGene00005369.,0,9,9
WBGene00005370.,8,8,16
WBGene00005371.,8,19,27
WBGene00005372.,8,5,13
WBGene00005373.,0,31,31
WBGene00005374.,0,27,27
WBGene00005375.,5,18,23
WBGene00005376.,0,13,13
WBGene00005377.,2,5,7
WBGene00005378.,8,5,13
WBGene00005379.,0,24,24
WBGene00005380.,14,8,22
WBGene00005381.,12,11,23
WBGene00005382.,9,12,21
WBGene00005383.,9,31,40
WBGene00005384.,0,90,90
WBGene00005385.,4,5,9
WBGene00005386.,40,14,54
WBGene00005387.,133,34,167
WBGene00005388.,13,18,31
WBGene00005389.,5,10,15
WBGene00005390.,3,2,5
WBGene00005391.,2,1,3
WBGene00005392.,8,8,16
WBGene00005393.,4,26,30
WBGene00005394.,5,11,16
WBGene00005395.,9,11,20
WBGene00005396.,57,13,70
WBGene00005397.,17,35,52
WBGene00005398.,145,19,164
WBGene00005399.,16,25,41
WBGene00005400.,13,18,31
WBGene00005401.,3,12,15
WBGene00005402.,4,6,10
WBGene00005403.,6,41,47
WBGene00005404.,6,12,18
WBGene00005405.,26,22,48
WBGene00005406.,10,13,23
WBGene00005407.,26,12,38
WBGene00005408.,20,18,38
WBGene00005409.,0,35,35
WBGene00005410.,9,24,33
WBGene00005411.,1,21,22
WBGene00005412.,14,19,33
WBGene00005413.,12,13,25
WBGene00005414.,11,4,15
WBGene00005415.,4,15,19
WBGene00005416.,3,4,7
WBGene00005417.,4,28,32
WBGene00005418.,8,22,30
WBGene00005419.,0,5,5
WBGene00005420.,33,25,58
WBGene00005421.,40,21,61
WBGene00005422.,11,14,25
WBGene00005423.,15,24,39
WBGene00005424.,5,8,13
WBGene00005425.,7,12,19
WBGene00005426.,10,8,18
WBGene00005427.,12,36,48
WBGene00005428.,14,15,29
WBGene00005429.,20,16,36
WBGene00005430.,7,14,21
WBGene00005431.,9,8,17
WBGene00005432.,2,4,6
WBGene00005433.,3,8,11
WBGene00005434.,72,22,94
WBGene00005435.,0,0,0
WBGene00005436.,0,11,11
WBGene00005437.,23,45,68
WBGene00005438.,17,48,65
WBGene00005439.,12,13,25
WBGene00005440.,19,4,23
WBGene00005441.,7,11,18
WBGene00005442.,4,2,6
WBGene00005443.,5,7,12
WBGene00005444.,10,36,46
WBGene00005445.,59,11,70
WBGene00005446.,5,4,9
WBGene00005447.,12,20,32
WBGene00005448.,10,8,18
WBGene00005449.,3,10,13
WBGene00005450.,6,19,25
WBGene00005451.,0,10,10
WBGene00005452.,3,1,4
WBGene00005453.,2,4,6
WBGene00005454.,0,9,9
WBGene00005455.,2,10,12
WBGene00005456.,1,11,12
WBGene00005457.,9,2,11
WBGene00005458.,1,11,12
WBGene00005459.,3,34,37
WBGene00005460.,21,18,39
WBGene00005461.,11,14,25
WBGene00005462.,3,3,6
WBGene00005463.,148,6,154
WBGene00005464.,12,24,36
WBGene00005465.,4,11,15
WBGene00005466.,0,3,3
WBGene00005467.,24,3,27
WBGene00005468.,36,5,41
WBGene00005469.,30,11,41
WBGene00005470.,14,24,38
WBGene00005471.,21,25,46
WBGene00005472.,8,20,28
WBGene00005473.,7,13,20
WBGene00005474.,13,7,20
WBGene00005475.,13,14,27
WBGene00005476.,4,7,11
WBGene00005477.,15,44,59
WBGene00005478.,25,7,32
WBGene00005479.,4,4,8
WBGene00005480.,5,35,40
WBGene00005481.,5,21,26
WBGene00005482.,1,35,36
WBGene00005483.,1,4,5
WBGene00005484.,0,54,54
WBGene00005485.,15,24,39
WBGene00005486.,8,10,18
WBGene00005487.,1,10,11
WBGene00005488.,5,11,16
WBGene00005489.,19,2,21
WBGene00005490.,19,9,28
WBGene00005491.,2,4,6
WBGene00005492.,1,2,3
WBGene00005493.,5,20,25
WBGene00005494.,24,24,48
WBGene00005495.,33,4,37
WBGene00005496.,3,17,20
WBGene00005497.,13,7,20
WBGene00005498.,0,12,12
WBGene00005499.,4,6,10
WBGene00005500.,23,10,33
WBGene00005501.,2,11,13
WBGene00005502.,16,14,30
WBGene00005503.,0,17,17
WBGene00005504.,15,25,40
WBGene00005505.,65,6,71
WBGene00005506.,28,29,57
WBGene00005507.,29,16,45
WBGene00005508.,3,12,15
WBGene00005509.,0,0,0
WBGene00005510.,0,0,0
WBGene00005511.,8,26,34
WBGene00005512.,0,6,6
WBGene00005513.,6,18,24
WBGene00005514.,9,28,37
WBGene00005515.,0,10,10
WBGene00005516.,12,12,24
WBGene00005517.,39,19,58
WBGene00005518.,18,15,33
WBGene00005519.,14,13,27
WBGene00005520.,15,17,32
WBGene00005521.,10,2,12
WBGene00005522.,28,9,37
WBGene00005523.,37,783,820
WBGene00005524.,22,6,28
WBGene00005525.,0,0,0
WBGene00005526.,0,2,2
WBGene00005527.,39,9,48
WBGene00005528.,3,7,10
WBGene00005529.,66,38,104
WBGene00005530.,60,40,100
WBGene00005531.,66,50,116
WBGene00005532.,14,33,47
WBGene00005533.,2,10,12
WBGene00005534.,4,22,26
WBGene00005535.,32,25,57
WBGene00005536.,9,8,17
WBGene00005537.,26,6,32
WBGene00005538.,5,6,11
WBGene00005539.,33,30,63
WBGene00005540.,15,10,25
WBGene00005541.,4,2,6
WBGene00005542.,6,10,16
WBGene00005543.,11,16,27
WBGene00005544.,5,14,19
WBGene00005545.,27,4,31
WBGene00005546.,6,6,12
WBGene00005547.,6,16,22
WBGene00005548.,5,4,9
WBGene00005549.,22,22,44
WBGene00005550.,5,10,15
WBGene00005551.,8,6,14
WBGene00005552.,62,27,89
WBGene00005553.,11,3,14
WBGene00005554.,64,8,72
WBGene00005555.,3,6,9
WBGene00005556.,35,5,40
WBGene00005557.,16,10,26
WBGene00005558.,8,20,28
WBGene00005559.,24,38,62
WBGene00005560.,39,97,136
WBGene00005561.,9,12,21
WBGene00005562.,12,10,22
WBGene00005563.,9,4,13
WBGene00005564.,9,5,14
WBGene00005565.,4,1,5
WBGene00005566.,18,6,24
WBGene00005567.,0,0,0
WBGene00005568.,20,10,30
WBGene00005569.,21,24,45
WBGene00005570.,5,6,11
WBGene00005571.,0,0,0
WBGene00005572.,5,3,8
WBGene00005573.,21,8,29
WBGene00005574.,9,13,22
WBGene00005575.,45,31,76
WBGene00005576.,15,8,23
WBGene00005577.,7,6,13
WBGene00005578.,10,5,15
WBGene00005579.,16,2,18
WBGene00005580.,35,26,61
WBGene00005581.,5,4,9
WBGene00005582.,8,8,16
WBGene00005583.,13,9,22
WBGene00005584.,16,19,35
WBGene00005585.,20,13,33
WBGene00005586.,17,26,43
WBGene00005587.,9,3,12
WBGene00005588.,5,5,10
WBGene00005589.,36,7,43
WBGene00005590.,2,0,2
WBGene00005591.,24,23,47
WBGene00005592.,6,15,21
WBGene00005593.,16,6,22
WBGene00005594.,12,14,26
WBGene00005595.,52,12,64
WBGene00005596.,13,2,15
WBGene00005597.,4,6,10
WBGene00005598.,10,12,22
WBGene00005599.,5,2,7
WBGene00005600.,17,7,24
WBGene00005601.,3,7,10
WBGene00005602.,30,193,223
WBGene00005603.,20,14,34
WBGene00005604.,9,8,17
WBGene00005605.,25,13,38
WBGene00005606.,25,27,52
WBGene00005607.,35,22,57
WBGene00005608.,11,11,22
WBGene00005609.,14,5,19
WBGene00005610.,30,17,47
WBGene00005611.,71,10,81
WBGene00005612.,16,5,21
WBGene00005613.,29,0,29
WBGene00005614.,23,20,43
WBGene00005615.,8,0,8
WBGene00005616.,8,11,19
WBGene00005617.,12,12,24
WBGene00005618.,28,12,40
WBGene00005619.,2,8,10
WBGene00005620.,571,9,580
WBGene00005621.,13,6,19
WBGene00005622.,24,7,31
WBGene00005623.,10,7,17
WBGene00005624.,26,10,36
WBGene00005625.,12,12,24
WBGene00005626.,1,10,11
WBGene00005627.,9,17,26
WBGene00005628.,6,8,14
WBGene00005629.,27,12,39
WBGene00005630.,2,9,11
WBGene00005631.,3,2,5
WBGene00005632.,15,4,19
WBGene00005633.,3,9,12
WBGene00005634.,42,3,45
WBGene00005635.,2,2,4
WBGene00005638.,14,31,45
WBGene00005639.,24,11,35
WBGene00005640.,9,11,20
WBGene00005641.,119,69,188
WBGene00005642.,30,74,104
WBGene00005643.,11,35,46
WBGene00005644.,77,401,478
WBGene00005646.,6,15,21
WBGene00005647.,66,485,551
WBGene00005648.,490,1555,2045
WBGene00005649.,57,41,98
WBGene00005650.,3,18,21
WBGene00005651.,1,13,14
WBGene00005652.,50,140,190
WBGene00005653.,34,102,136
WBGene00005654.,33,220,253
WBGene00005655.,71,758,829
WBGene00005656.,38,72,110
WBGene00005657.,27,220,247
WBGene00005658.,13,4,17
WBGene00005659.,47,27,74
WBGene00005660.,4,21,25
WBGene00005661.,7,36,43
WBGene00005662.,135,700,835
WBGene00005663.,1122,4834,5956
WBGene00005664.,22,43,65
WBGene00005665.,8,20,28
WBGene00005666.,13,16,29
WBGene00005667.,5,5,10
WBGene00005668.,13,42,55
WBGene00005669.,21,33,54
WBGene00005670.,33,71,104
WBGene00005671.,13,15,28
WBGene00005672.,5,7,12
WBGene00005673.,6,6,12
WBGene00005674.,14,7,21
WBGene00005675.,10,13,23
WBGene00005676.,18,17,35
WBGene00005677.,13,28,41
WBGene00005678.,12,15,27
WBGene00005679.,37,10,47
WBGene00005680.,16,12,28
WBGene00005681.,5,8,13
WBGene00005682.,21,12,33
WBGene00005683.,5,12,17
WBGene00005684.,83,8,91
WBGene00005685.,15,9,24
WBGene00005686.,9,24,33
WBGene00005687.,41,11,52
WBGene00005688.,10,10,20
WBGene00005689.,18,25,43
WBGene00005690.,10,15,25
WBGene00005691.,6,14,20
WBGene00005692.,9,25,34
WBGene00005693.,5,16,21
WBGene00005694.,9,21,30
WBGene00005695.,12,27,39
WBGene00005696.,19,22,41
WBGene00005697.,0,28,28
WBGene00005698.,6,6,12
WBGene00005699.,22,24,46
WBGene00005700.,3,31,34
WBGene00005701.,5,14,19
WBGene00005702.,7,84,91
WBGene00005703.,9,43,52
WBGene00005704.,13,10,23
WBGene00005705.,14,20,34
WBGene00005706.,4,9,13
WBGene00005707.,8,8,16
WBGene00005708.,14,11,25
WBGene00005709.,119,15,134
WBGene00005710.,34,39,73
WBGene00005711.,6,23,29
WBGene00005712.,70,161,231
WBGene00005713.,12,36,48
WBGene00005714.,14,24,38
WBGene00005715.,54,17,71
WBGene00005716.,28,24,52
WBGene00005717.,28,74,102
WBGene00005718.,84,82,166
WBGene00005719.,49,62,111
WBGene00005720.,32,13,45
WBGene00005721.,29,23,52
WBGene00005722.,98,6,104
WBGene00005723.,22,12,34
WBGene00005724.,45,37,82
WBGene00005725.,29,33,62
WBGene00005726.,48,27,75
WBGene00005727.,99,16,115
WBGene00005728.,26,4,30
WBGene00005729.,1,2,3
WBGene00005730.,20,0,20
WBGene00005731.,8,2,10
WBGene00005732.,9,8,17
WBGene00005733.,16,12,28
WBGene00005734.,34,14,48
WBGene00005735.,46,14,60
WBGene00005736.,19,12,31
WBGene00005737.,46,36,82
WBGene00005738.,17,11,28
WBGene00005739.,22,18,40
WBGene00005740.,12,7,19
WBGene00005741.,13,8,21
WBGene00005742.,40,16,56
WBGene00005743.,18,17,35
WBGene00005744.,39,21,60
WBGene00005745.,26,19,45
WBGene00005746.,2,4,6
WBGene00005747.,123,8,131
WBGene00005748.,15,35,50
WBGene00005749.,18,19,37
WBGene00005750.,10,7,17
WBGene00005751.,4,3,7
WBGene00005752.,22,67,89
WBGene00005753.,15,6,21
WBGene00005754.,15,24,39
WBGene00005755.,15,24,39
WBGene00005756.,20,28,48
WBGene00005757.,7,35,42
WBGene00005758.,2,14,16
WBGene00005759.,10,115,125
WBGene00005760.,2,3,5
WBGene00005761.,13,3,16
WBGene00005762.,10,14,24
WBGene00005763.,10,7,17
WBGene00005764.,24,14,38
WBGene00005765.,8,18,26
WBGene00005766.,38,30,68
WBGene00005767.,8,13,21
WBGene00005768.,1,6,7
WBGene00005769.,2,5,7
WBGene00005770.,11,6,17
WBGene00005771.,6,14,20
WBGene00005772.,34,17,51
WBGene00005773.,4,9,13
WBGene00005774.,10,12,22
WBGene00005775.,0,15,15
WBGene00005776.,6,16,22
WBGene00005777.,10,13,23
WBGene00005778.,41,5,46
WBGene00005779.,6,0,6
WBGene00005780.,11,19,30
WBGene00005781.,12,9,21
WBGene00005782.,9,10,19
WBGene00005783.,2,8,10
WBGene00005784.,15,13,28
WBGene00005785.,6,9,15
WBGene00005786.,28,8,36
WBGene00005787.,18,13,31
WBGene00005788.,10,6,16
WBGene00005789.,10,9,19
WBGene00005790.,2,6,8
WBGene00005791.,7,2,9
WBGene00005792.,313,11,324
WBGene00005793.,5,8,13
WBGene00005794.,6,4,10
WBGene00005795.,4,2,6
WBGene00005796.,6,1,7
WBGene00005797.,5,13,18
WBGene00005798.,4,11,15
WBGene00005799.,7,8,15
WBGene00005800.,10,6,16
WBGene00005801.,5,6,11
WBGene00005802.,15,13,28
WBGene00005803.,7,8,15
WBGene00005804.,10,12,22
WBGene00005805.,2,6,8
WBGene00005806.,4,11,15
WBGene00005807.,15,9,24
WBGene00005808.,7,15,22
WBGene00005809.,2,10,12
WBGene00005810.,26,8,34
WBGene00005811.,11,13,24
WBGene00005812.,10,5,15
WBGene00005813.,21,9,30
WBGene00005814.,32,4,36
WBGene00005815.,48,139,187
WBGene00005816.,38,53,91
WBGene00005817.,7,16,23
WBGene00005818.,38,191,229
WBGene00005819.,2,3,5
WBGene00005820.,21,27,48
WBGene00005821.,0,9,9
WBGene00005822.,12,13,25
WBGene00005823.,2,5,7
WBGene00005824.,15,8,23
WBGene00005825.,2,19,21
WBGene00005826.,4,15,19
WBGene00005827.,14,12,26
WBGene00005828.,41,346,387
WBGene00005829.,0,9,9
WBGene00005830.,21,8,29
WBGene00005831.,24,11,35
WBGene00005832.,106,957,1063
WBGene00005833.,6,130,136
WBGene00005834.,4,37,41
WBGene00005835.,17,12,29
WBGene00005836.,12,9,21
WBGene00005837.,15,9,24
WBGene00005838.,12,9,21
WBGene00005839.,2,3,5
WBGene00005840.,8,17,25
WBGene00005841.,49,18,67
WBGene00005842.,11,2,13
WBGene00005843.,8,15,23
WBGene00005844.,6,7,13
WBGene00005845.,21,22,43
WBGene00005846.,36,12,48
WBGene00005847.,41,5,46
WBGene00005848.,41,13,54
WBGene00005849.,15,11,26
WBGene00005850.,45,15,60
WBGene00005851.,21,13,34
WBGene00005852.,18,7,25
WBGene00005853.,19,20,39
WBGene00005854.,37,19,56
WBGene00005855.,3,8,11
WBGene00005856.,52,13,65
WBGene00005857.,0,4,4
WBGene00005858.,71,5,76
WBGene00005859.,15,9,24
WBGene00005860.,9,5,14
WBGene00005861.,4,8,12
WBGene00005862.,13,11,24
WBGene00005863.,9,6,15
WBGene00005864.,4,1,5
WBGene00005865.,3,9,12
WBGene00005866.,7,2,9
WBGene00005867.,7,4,11
WBGene00005868.,3,5,8
WBGene00005869.,21,2,23
WBGene00005870.,11,2,13
WBGene00005871.,8,8,16
WBGene00005872.,1,9,10
WBGene00005873.,19,6,25
WBGene00005874.,24,5,29
WBGene00005875.,8,9,17
WBGene00005876.,30,11,41
WBGene00005877.,16,3,19
WBGene00005878.,10,6,16
WBGene00005879.,22,9,31
WBGene00005880.,4,7,11
WBGene00005881.,17,6,23
WBGene00005882.,3,10,13
WBGene00005883.,10,10,20
WBGene00005884.,5,5,10
WBGene00005885.,16,6,22
WBGene00005886.,7,15,22
WBGene00005887.,18,30,48
WBGene00005888.,6,3,9
WBGene00005889.,4,3,7
WBGene00005890.,18,18,36
WBGene00005891.,14,24,38
WBGene00005892.,15,20,35
WBGene00005893.,60,161,221
WBGene00005894.,19,8,27
WBGene00005895.,23,9,32
WBGene00005896.,15,14,29
WBGene00005897.,12,12,24
WBGene00005898.,40,15,55
WBGene00005899.,10,7,17
WBGene00005900.,25,14,39
WBGene00005901.,15,40,55
WBGene00005902.,21,10,31
WBGene00005903.,34,35,69
WBGene00005904.,38,9,47
WBGene00005905.,14,8,22
WBGene00005906.,29,46,75
WBGene00005907.,5,12,17
WBGene00005908.,26,22,48
WBGene00005909.,28,27,55
WBGene00005910.,18,46,64
WBGene00005911.,1,9,10
WBGene00005912.,14,14,28
WBGene00005913.,8,2,10
WBGene00005914.,2,8,10
WBGene00005915.,23,11,34
WBGene00005916.,31,9,40
WBGene00005917.,13,8,21
WBGene00005918.,9,2,11
WBGene00005919.,11,5,16
WBGene00005920.,10,4,14
WBGene00005921.,29,9,38
WBGene00005922.,1,0,1
WBGene00005923.,0,3,3
WBGene00005924.,33,7,40
WBGene00005925.,10,13,23
WBGene00005926.,16,21,37
WBGene00005927.,18,15,33
WBGene00005928.,16,20,36
WBGene00005929.,19,28,47
WBGene00005930.,7,8,15
WBGene00005931.,19,13,32
WBGene00005932.,31,24,55
WBGene00005933.,6,9,15
WBGene00005934.,11,19,30
WBGene00005935.,16,16,32
WBGene00005936.,43,201,244
WBGene00005937.,43,39,82
WBGene00005938.,15,39,54
WBGene00005939.,3,5,8
WBGene00005940.,17,8,25
WBGene00005941.,23,18,41
WBGene00005942.,19,5,24
WBGene00005943.,0,2,2
WBGene00005944.,6,1,7
WBGene00005945.,26,7,33
WBGene00005946.,19,21,40
WBGene00005947.,14,47,61
WBGene00005948.,19,15,34
WBGene00005949.,7,38,45
WBGene00005950.,12,8,20
WBGene00005951.,15,10,25
WBGene00005952.,10,7,17
WBGene00005953.,14,13,27
WBGene00005954.,24,13,37
WBGene00005955.,6,9,15
WBGene00005956.,6,10,16
WBGene00005957.,5,9,14
WBGene00005958.,19,17,36
WBGene00005959.,27,64,91
WBGene00005960.,39,10,49
WBGene00005961.,4,17,21
WBGene00005962.,17,22,39
WBGene00005963.,28,18,46
WBGene00005964.,15,12,27
WBGene00005965.,77,10,87
WBGene00005966.,35,34,69
WBGene00005967.,33,26,59
WBGene00005968.,20,31,51
WBGene00005969.,19,3,22
WBGene00005970.,18,11,29
WBGene00005971.,16,10,26
WBGene00005972.,6,19,25
WBGene00005973.,70,20,90
WBGene00005974.,6,6,12
WBGene00005975.,26,46,72
WBGene00005976.,2,9,11
WBGene00005977.,18,28,46
WBGene00005978.,10,8,18
WBGene00005979.,11,13,24
WBGene00005980.,28,16,44
WBGene00005981.,17,16,33
WBGene00005982.,47,25,72
WBGene00005983.,25,19,44
WBGene00005984.,7,2,9
WBGene00005985.,14,14,28
WBGene00005986.,40,10,50
WBGene00005987.,13,10,23
WBGene00005988.,10,7,17
WBGene00005989.,17,3,20
WBGene00005990.,7,5,12
WBGene00005991.,15,9,24
WBGene00005992.,10,8,18
WBGene00005993.,16,10,26
WBGene00005994.,175,6,181
WBGene00005995.,19,7,26
WBGene00005996.,11,10,21
WBGene00005997.,8,3,11
WBGene00005998.,1,7,8
WBGene00005999.,7,4,11
WBGene00006000.,10,10,20
WBGene00006001.,25,9,34
WBGene00006002.,7,27,34
WBGene00006003.,3,6,9
WBGene00006004.,23,20,43
WBGene00006005.,19,25,44
WBGene00006006.,14,20,34
WBGene00006007.,15,11,26
WBGene00006008.,19,11,30
WBGene00006009.,32,11,43
WBGene00006010.,17,49,66
WBGene00006011.,14,3,17
WBGene00006012.,24,36,60
WBGene00006013.,25,13,38
WBGene00006014.,56,15,71
WBGene00006015.,38,5,43
WBGene00006016.,19,14,33
WBGene00006017.,0,42,42
WBGene00006018.,14,9,23
WBGene00006019.,7,13,20
WBGene00006020.,17,17,34
WBGene00006021.,15,27,42
WBGene00006022.,4,4,8
WBGene00006023.,0,17,17
WBGene00006024.,17,14,31
WBGene00006025.,5,19,24
WBGene00006026.,37,22,59
WBGene00006027.,20,18,38
WBGene00006028.,8,17,25
WBGene00006029.,5,6,11
WBGene00006038.,0,4,4
WBGene00006039.,0,6,6
WBGene00006040.,0,1,1
WBGene00006044.,0,10,10
WBGene00006047.,0,2,2
WBGene00006048.,0,2,2
WBGene00006049.,4,3,7
WBGene00006050.,66,588,654
WBGene00006051.,10,40,50
WBGene00006052.,1,11,12
WBGene00006053.,6,5,11
WBGene00006055.,217,564,781
WBGene00006056.,4,4,8
WBGene00006057.,0,1,1
WBGene00006058.,20,18,38
WBGene00006059.,171,1093,1264
WBGene00006060.,6,3,9
WBGene00006061.,64,1043,1107
WBGene00006062.,411,1169,1580
WBGene00006063.,53,238,291
WBGene00006064.,288,249,537
WBGene00006065.,40,16,56
WBGene00006066.,104,1177,1281
WBGene00006067.,384,1218,1602
WBGene00006068.,115,179,294
WBGene00006069.,35,29,64
WBGene00006070.,6,13,19
WBGene00006071.,20,8,28
WBGene00006072.,12,6,18
WBGene00006073.,1,0,1
WBGene00006074.,1,0,1
WBGene00006075.,15,72,87
WBGene00006076.,1,1,2
WBGene00006077.,19,23,42
WBGene00006078.,10,12,22
WBGene00006079.,21,9,30
WBGene00006080.,10,18,28
WBGene00006081.,4,12,16
WBGene00006082.,22,11,33
WBGene00006083.,13,2,15
WBGene00006084.,93,14,107
WBGene00006085.,9,12,21
WBGene00006086.,2,14,16
WBGene00006087.,0,6,6
WBGene00006088.,8,13,21
WBGene00006089.,5,8,13
WBGene00006090.,11,4,15
WBGene00006091.,0,6,6
WBGene00006092.,17,24,41
WBGene00006093.,4,22,26
WBGene00006094.,1,5,6
WBGene00006095.,6,5,11
WBGene00006096.,7,20,27
WBGene00006097.,6,23,29
WBGene00006098.,9,4,13
WBGene00006099.,75,5,80
WBGene00006100.,2,0,2
WBGene00006101.,3,2,5
WBGene00006102.,8,22,30
WBGene00006103.,6,24,30
WBGene00006104.,13,5,18
WBGene00006105.,1,10,11
WBGene00006106.,4,15,19
WBGene00006107.,5,4,9
WBGene00006108.,17,14,31
WBGene00006109.,13,16,29
WBGene00006110.,5,8,13
WBGene00006111.,6,5,11
WBGene00006112.,7,13,20
WBGene00006113.,23,30,53
WBGene00006114.,41,85,126
WBGene00006115.,54,9,63
WBGene00006116.,0,8,8
WBGene00006117.,0,14,14
WBGene00006118.,9,5,14
WBGene00006119.,9,9,18
WBGene00006120.,9,2,11
WBGene00006121.,6,13,19
WBGene00006122.,6,18,24
WBGene00006123.,17,9,26
WBGene00006124.,4,9,13
WBGene00006125.,7,17,24
WBGene00006126.,2,9,11
WBGene00006127.,2,16,18
WBGene00006128.,5,16,21
WBGene00006129.,15,5,20
WBGene00006130.,6,5,11
WBGene00006131.,2,5,7
WBGene00006132.,5,24,29
WBGene00006133.,7,2,9
WBGene00006134.,21,2,23
WBGene00006135.,12,30,42
WBGene00006136.,2,6,8
WBGene00006137.,10,5,15
WBGene00006138.,19,13,32
WBGene00006139.,48,19,67
WBGene00006140.,300,9,309
WBGene00006141.,28,9,37
WBGene00006142.,28,14,42
WBGene00006143.,14,13,27
WBGene00006144.,29,7,36
WBGene00006145.,12,2,14
WBGene00006146.,0,5,5
WBGene00006147.,10,11,21
WBGene00006148.,16,14,30
WBGene00006149.,12,14,26
WBGene00006150.,9,20,29
WBGene00006151.,12,20,32
WBGene00006152.,21,13,34
WBGene00006153.,16,16,32
WBGene00006154.,10,23,33
WBGene00006155.,1,4,5
WBGene00006156.,9,19,28
WBGene00006157.,14,13,27
WBGene00006158.,1,15,16
WBGene00006159.,5,3,8
WBGene00006160.,0,6,6
WBGene00006161.,2,17,19
WBGene00006162.,6,14,20
WBGene00006163.,46,38,84
WBGene00006164.,32,5,37
WBGene00006165.,31,15,46
WBGene00006166.,9,6,15
WBGene00006167.,16,16,32
WBGene00006168.,6,3,9
WBGene00006169.,50,12,62
WBGene00006170.,0,0,0
WBGene00006171.,0,0,0
WBGene00006172.,26,9,35
WBGene00006173.,14,0,14
WBGene00006174.,15,7,22
WBGene00006175.,3,2,5
WBGene00006176.,7,20,27
WBGene00006177.,21,6,27
WBGene00006178.,11,6,17
WBGene00006179.,7,9,16
WBGene00006180.,14,10,24
WBGene00006181.,6,5,11
WBGene00006182.,6,7,13
WBGene00006183.,7,10,17
WBGene00006184.,9,2,11
WBGene00006185.,10,1,11
WBGene00006186.,4,6,10
WBGene00006187.,18,22,40
WBGene00006188.,15,17,32
WBGene00006189.,13,8,21
WBGene00006190.,10,6,16
WBGene00006191.,13,39,52
WBGene00006192.,16,3,19
WBGene00006193.,27,7,34
WBGene00006194.,25,9,34
WBGene00006195.,13,10,23
WBGene00006196.,14,7,21
WBGene00006197.,13,2,15
WBGene00006198.,10,23,33
WBGene00006199.,25,8,33
WBGene00006200.,0,0,0
WBGene00006201.,10,12,22
WBGene00006202.,11,2,13
WBGene00006203.,19,7,26
WBGene00006204.,14,9,23
WBGene00006205.,21,14,35
WBGene00006206.,29,3,32
WBGene00006207.,14,36,50
WBGene00006208.,57,22,79
WBGene00006209.,38,33,71
WBGene00006210.,15,13,28
WBGene00006211.,88,53,141
WBGene00006212.,23,37,60
WBGene00006213.,15,15,30
WBGene00006214.,61,13,74
WBGene00006215.,31,21,52
WBGene00006216.,39,6,45
WBGene00006217.,21,18,39
WBGene00006218.,31,30,61
WBGene00006219.,10,9,19
WBGene00006220.,44,76,120
WBGene00006221.,11,18,29
WBGene00006222.,12,10,22
WBGene00006223.,9,14,23
WBGene00006224.,11,5,16
WBGene00006225.,28,11,39
WBGene00006226.,11,40,51
WBGene00006227.,4,3,7
WBGene00006228.,11,14,25
WBGene00006229.,3,9,12
WBGene00006230.,26,8,34
WBGene00006231.,26,13,39
WBGene00006232.,11,3,14
WBGene00006233.,18,9,27
WBGene00006234.,7,13,20
WBGene00006235.,8,16,24
WBGene00006236.,5,13,18
WBGene00006237.,4,7,11
WBGene00006238.,6,7,13
WBGene00006239.,12,10,22
WBGene00006240.,3,16,19
WBGene00006241.,36,10,46
WBGene00006242.,17,4,21
WBGene00006243.,36,20,56
WBGene00006244.,11,20,31
WBGene00006245.,3,4,7
WBGene00006246.,16,13,29
WBGene00006247.,14,11,25
WBGene00006248.,11,7,18
WBGene00006249.,20,26,46
WBGene00006250.,5,9,14
WBGene00006251.,12,19,31
WBGene00006252.,22,18,40
WBGene00006253.,109,8,117
WBGene00006254.,8,9,17
WBGene00006255.,58,14,72
WBGene00006256.,10,8,18
WBGene00006257.,5,3,8
WBGene00006258.,9,5,14
WBGene00006259.,10,6,16
WBGene00006260.,18,6,24
WBGene00006261.,9,3,12
WBGene00006262.,7,6,13
WBGene00006263.,7,12,19
WBGene00006264.,17,12,29
WBGene00006265.,28,12,40
WBGene00006266.,343,11,354
WBGene00006267.,5,2,7
WBGene00006268.,17,23,40
WBGene00006269.,1,3,4
WBGene00006270.,21,12,33
WBGene00006271.,7,2,9
WBGene00006272.,15,22,37
WBGene00006273.,7,25,32
WBGene00006274.,2,1,3
WBGene00006275.,30,12,42
WBGene00006276.,14,8,22
WBGene00006277.,6,13,19
WBGene00006278.,16,26,42
WBGene00006279.,28,18,46
WBGene00006280.,17,3,20
WBGene00006281.,25,17,42
WBGene00006282.,3,2,5
WBGene00006283.,0,0,0
WBGene00006284.,0,0,0
WBGene00006285.,4,17,21
WBGene00006286.,62,4,66
WBGene00006287.,33,13,46
WBGene00006288.,10,23,33
WBGene00006289.,8,19,27
WBGene00006306.,387,1138,1525
WBGene00006307.,101,1078,1179
WBGene00006308.,58,104,162
WBGene00006309.,72,921,993
WBGene00006310.,123,55,178
WBGene00006311.,10,108,118
WBGene00006314.,0,0,0
WBGene00006315.,0,0,0
WBGene00006316.,0,0,0
WBGene00006318.,175,888,1063
WBGene00006319.,70,273,343
WBGene00006321.,143,2905,3048
WBGene00006324.,25,503,528
WBGene00006327.,0,7,7
WBGene00006330.,0,0,0
WBGene00006331.,180,4629,4809
WBGene00006333.,0,0,0
WBGene00006334.,0,0,0
WBGene00006338.,0,0,0
WBGene00006342.,184,2350,2534
WBGene00006344.,0,0,0
WBGene00006349.,241,794,1035
WBGene00006351.,75,793,868
WBGene00006352.,75,1385,1460
WBGene00006353.,56,400,456
WBGene00006359.,40,765,805
WBGene00006363.,151,227,378
WBGene00006364.,231,813,1044
WBGene00006365.,112,469,581
WBGene00006366.,90,1572,1662
WBGene00006367.,0,0,0
WBGene00006368.,151,265,416
WBGene00006369.,36,656,692
WBGene00006371.,96,251,347
WBGene00006372.,77,605,682
WBGene00006373.,110,1092,1202
WBGene00006374.,32,71,103
WBGene00006375.,15,175,190
WBGene00006376.,16,180,196
WBGene00006377.,49,329,378
WBGene00006379.,111,402,513
WBGene00006380.,12,159,171
WBGene00006381.,86,1896,1982
WBGene00006382.,613,1570,2183
WBGene00006383.,91,324,415
WBGene00006384.,261,531,792
WBGene00006385.,551,646,1197
WBGene00006386.,147,429,576
WBGene00006387.,43,180,223
WBGene00006388.,22,66,88
WBGene00006389.,44,289,333
WBGene00006390.,78,301,379
WBGene00006391.,64,276,340
WBGene00006392.,137,779,916
WBGene00006393.,22,307,329
WBGene00006394.,26,66,92
WBGene00006395.,23,97,120
WBGene00006396.,434,776,1210
WBGene00006397.,35,464,499
WBGene00006399.,99,11,110
WBGene00006402.,82,453,535
WBGene00006404.,237,911,1148
WBGene00006405.,308,1440,1748
WBGene00006406.,193,1379,1572
WBGene00006407.,1103,2839,3942
WBGene00006408.,1691,9092,10783
WBGene00006409.,34,11,45
WBGene00006410.,158,928,1086
WBGene00006411.,25,85,110
WBGene00006412.,303,1388,1691
WBGene00006414.,13,766,779
WBGene00006415.,257,1205,1462
WBGene00006416.,5,22,27
WBGene00006418.,10,45,55
WBGene00006419.,56,18,74
WBGene00006423.,758,5698,6456
WBGene00006424.,265,521,786
WBGene00006428.,218,87,305
WBGene00006429.,10,29,39
WBGene00006430.,55,181,236
WBGene00006431.,81,356,437
WBGene00006432.,125,708,833
WBGene00006433.,713,6901,7614
WBGene00006434.,423,13903,14326
WBGene00006435.,18,65,83
WBGene00006436.,2497,47698,50195
WBGene00006437.,166,2376,2542
WBGene00006438.,266,1929,2195
WBGene00006439.,1426,257101,258527
WBGene00006440.,119,211,330
WBGene00006441.,124,261,385
WBGene00006442.,202,782,984
WBGene00006443.,43,326,369
WBGene00006444.,55,690,745
WBGene00006445.,79,385,464
WBGene00006446.,31,279,310
WBGene00006447.,10,431,441
WBGene00006448.,46,430,476
WBGene00006449.,12,16,28
WBGene00006450.,328,882,1210
WBGene00006452.,1852,8648,10500
WBGene00006454.,24,42,66
WBGene00006459.,46,345,391
WBGene00006460.,157,2818,2975
WBGene00006461.,53,118,171
WBGene00006462.,250,778,1028
WBGene00006463.,53,258,311
WBGene00006464.,12,28,40
WBGene00006465.,53,1365,1418
WBGene00006466.,84,194,278
WBGene00006467.,175,630,805
WBGene00006468.,178,302,480
WBGene00006470.,26,1233,1259
WBGene00006471.,3,12,15
WBGene00006472.,44,1076,1120
WBGene00006473.,15,420,435
WBGene00006474.,30,688,718
WBGene00006475.,121,238,359
WBGene00006476.,434,655,1089
WBGene00006477.,79,107,186
WBGene00006478.,136,895,1031
WBGene00006479.,222,990,1212
WBGene00006481.,369,1012,1381
WBGene00006483.,248,1088,1336
WBGene00006484.,10,8,18
WBGene00006486.,51,148,199
WBGene00006487.,30,22,52
WBGene00006488.,0,3,3
WBGene00006489.,54,852,906
WBGene00006490.,223,753,976
WBGene00006491.,15,324,339
WBGene00006492.,128,266,394
WBGene00006493.,204,780,984
WBGene00006494.,18,1352,1370
WBGene00006495.,461,1969,2430
WBGene00006496.,552,670,1222
WBGene00006497.,160,1913,2073
WBGene00006498.,312,816,1128
WBGene00006499.,85,588,673
WBGene00006503.,50,781,831
WBGene00006504.,150,448,598
WBGene00006505.,234,254,488
WBGene00006508.,931,2030,2961
WBGene00006509.,5,5,10
WBGene00006510.,217,842,1059
WBGene00006512.,208,2861,3069
WBGene00006513.,424,1100,1524
WBGene00006514.,27,666,693
WBGene00006515.,92,2415,2507
WBGene00006516.,30,439,469
WBGene00006517.,202,1414,1616
WBGene00006518.,19,2128,2147
WBGene00006519.,4697,23374,28071
WBGene00006520.,0,246,246
WBGene00006522.,42,74,116
WBGene00006523.,64,911,975
WBGene00006524.,103,632,735
WBGene00006525.,25,164,189
WBGene00006526.,41,84,125
WBGene00006527.,539,5110,5649
WBGene00006528.,173,14278,14451
WBGene00006529.,2363,15150,17513
WBGene00006530.,18,183,201
WBGene00006531.,55,100,155
WBGene00006532.,58,35,93
WBGene00006533.,98,191,289
WBGene00006534.,779,2761,3540
WBGene00006535.,353,1333,1686
WBGene00006536.,12,8820,8832
WBGene00006537.,564,20934,21498
WBGene00006538.,50,408,458
WBGene00006539.,0,3,3
WBGene00006540.,29,489,518
WBGene00006541.,97,326,423
WBGene00006542.,22,364,386
WBGene00006543.,110,829,939
WBGene00006544.,50,15,65
WBGene00006545.,21,17,38
WBGene00006546.,5,3,8
WBGene00006547.,0,5,5
WBGene00006549.,0,2,2
WBGene00006550.,19,17,36
WBGene00006551.,3,5,8
WBGene00006552.,27,12,39
WBGene00006553.,17,19,36
WBGene00006554.,12,15,27
WBGene00006555.,13,35,48
WBGene00006556.,14,4,18
WBGene00006557.,25,35,60
WBGene00006558.,8,15,23
WBGene00006559.,5,18,23
WBGene00006560.,12,14,26
WBGene00006561.,118,860,978
WBGene00006562.,150,689,839
WBGene00006563.,392,516,908
WBGene00006565.,56,2914,2970
WBGene00006566.,38,548,586
WBGene00006567.,10,489,499
WBGene00006568.,27,366,393
WBGene00006570.,71,630,701
WBGene00006571.,177,598,775
WBGene00006572.,590,4659,5249
WBGene00006573.,287,1546,1833
WBGene00006574.,305,7407,7712
WBGene00006575.,994,1238,2232
WBGene00006576.,97,174,271
WBGene00006577.,207,1046,1253
WBGene00006578.,159,809,968
WBGene00006579.,310,1567,1877
WBGene00006580.,105,772,877
WBGene00006582.,202,924,1126
WBGene00006583.,1029,17182,18211
WBGene00006584.,4189,18299,22488
WBGene00006585.,327,6212,6539
WBGene00006586.,505,7777,8282
WBGene00006587.,1284,11954,13238
WBGene00006588.,1320,9191,10511
WBGene00006589.,1307,9094,10401
WBGene00006590.,69,815,884
WBGene00006591.,114,134,248
WBGene00006592.,88,291,379
WBGene00006593.,426,948,1374
WBGene00006594.,505,1453,1958
WBGene00006595.,164,5498,5662
WBGene00006596.,301,269,570
WBGene00006597.,14,110,124
WBGene00006598.,2,16,18
WBGene00006599.,603,1028,1631
WBGene00006600.,7,88,95
WBGene00006601.,93,9819,9912
WBGene00006602.,342,1826,2168
WBGene00006603.,882,4413,5295
WBGene00006604.,345,1142,1487
WBGene00006605.,148,469,617
WBGene00006606.,85,264,349
WBGene00006607.,171,1514,1685
WBGene00006608.,173,943,1116
WBGene00006609.,86,255,341
WBGene00006610.,71,125,196
WBGene00006611.,3,38,41
WBGene00006612.,13,24,37
WBGene00006613.,133,2036,2169
WBGene00006614.,216,428,644
WBGene00006615.,371,557,928
WBGene00006616.,148,71,219
WBGene00006617.,155,3544,3699
WBGene00006618.,127,192,319
WBGene00006619.,4,26,30
WBGene00006620.,136,206,342
WBGene00006621.,41,20,61
WBGene00006622.,18,24,42
WBGene00006623.,50,85,135
WBGene00006624.,222,632,854
WBGene00006625.,16,15,31
WBGene00006626.,24,4000,4024
WBGene00006627.,27,220,247
WBGene00006628.,27,138,165
WBGene00006629.,73,186,259
WBGene00006630.,7,12,19
WBGene00006631.,0,7,7
WBGene00006632.,77,46,123
WBGene00006633.,280,1275,1555
WBGene00006634.,1455,7303,8758
WBGene00006635.,17,290,307
WBGene00006636.,44,161,205
WBGene00006637.,86,267,353
WBGene00006638.,25,354,379
WBGene00006639.,78,46,124
WBGene00006640.,178,360,538
WBGene00006641.,64,620,684
WBGene00006642.,45,454,499
WBGene00006643.,87,542,629
WBGene00006644.,2,29,31
WBGene00006645.,50,26,76
WBGene00006646.,45,166,211
WBGene00006647.,117,574,691
WBGene00006648.,405,654,1059
WBGene00006649.,140,1181,1321
WBGene00006650.,0,35612,35612
WBGene00006651.,13,1080,1093
WBGene00006652.,219,292,511
WBGene00006654.,53,95,148
WBGene00006655.,46,169,215
WBGene00006656.,38,111,149
WBGene00006657.,242,249,491
WBGene00006658.,29,75,104
WBGene00006659.,62,6,68
WBGene00006660.,21,158,179
WBGene00006661.,20,15,35
WBGene00006662.,220,425,645
WBGene00006663.,459,2266,2725
WBGene00006664.,73,160,233
WBGene00006665.,98,50,148
WBGene00006666.,102,472,574
WBGene00006667.,108,323,431
WBGene00006668.,436,513,949
WBGene00006669.,120,107,227
WBGene00006670.,39,31,70
WBGene00006671.,127,340,467
WBGene00006672.,211,4484,4695
WBGene00006673.,37,34,71
WBGene00006674.,77,59,136
WBGene00006675.,60,126,186
WBGene00006676.,99,84,183
WBGene00006677.,48,288,336
WBGene00006678.,39,77,116
WBGene00006679.,57,100,157
WBGene00006680.,115,174,289
WBGene00006681.,101,327,428
WBGene00006682.,73,171,244
WBGene00006683.,616,1141,1757
WBGene00006684.,183,109,292
WBGene00006685.,42,74,116
WBGene00006686.,36,61,97
WBGene00006687.,38,51,89
WBGene00006688.,39,26,65
WBGene00006689.,17,12,29
WBGene00006690.,70,47,117
WBGene00006691.,131,128,259
WBGene00006692.,163,555,718
WBGene00006693.,787,1572,2359
WBGene00006694.,52,24,76
WBGene00006695.,222,45,267
WBGene00006696.,110,149,259
WBGene00006697.,327,2200,2527
WBGene00006698.,112,2784,2896
WBGene00006699.,105,3658,3763
WBGene00006700.,194,600,794
WBGene00006701.,217,1094,1311
WBGene00006702.,144,2761,2905
WBGene00006703.,65,1344,1409
WBGene00006704.,169,3271,3440
WBGene00006705.,70,181,251
WBGene00006706.,81,2114,2195
WBGene00006707.,0,1269,1269
WBGene00006708.,229,2980,3209
WBGene00006709.,300,1513,1813
WBGene00006710.,258,196,454
WBGene00006711.,106,484,590
WBGene00006712.,105,331,436
WBGene00006713.,92,1655,1747
WBGene00006714.,151,326,477
WBGene00006715.,55,2830,2885
WBGene00006716.,30,8,38
WBGene00006717.,26,196,222
WBGene00006718.,10,22,32
WBGene00006719.,5,5,10
WBGene00006720.,52,2034,2086
WBGene00006721.,74,397,471
WBGene00006722.,45,219,264
WBGene00006723.,91,561,652
WBGene00006724.,165,2425,2590
WBGene00006725.,20762,128119,148881
WBGene00006726.,229,1722,1951
WBGene00006727.,227,9790,10017
WBGene00006728.,21267,128757,150024
WBGene00006729.,77,391,468
WBGene00006730.,33,3975,4008
WBGene00006731.,14,56,70
WBGene00006732.,156,420,576
WBGene00006733.,183,935,1118
WBGene00006734.,49,944,993
WBGene00006735.,24,472,496
WBGene00006736.,83,673,756
WBGene00006737.,34,411,445
WBGene00006738.,11,410,421
WBGene00006739.,162,1986,2148
WBGene00006740.,19,79,98
WBGene00006741.,219,2769,2988
WBGene00006742.,1120,1326,2446
WBGene00006743.,131,125,256
WBGene00006744.,39,174,213
WBGene00006745.,707,537,1244
WBGene00006746.,136,363,499
WBGene00006747.,744,681,1425
WBGene00006748.,68,72,140
WBGene00006749.,386,883,1269
WBGene00006750.,196,606,802
WBGene00006751.,330,1245,1575
WBGene00006752.,814,2330,3144
WBGene00006753.,391,3935,4326
WBGene00006754.,3500,57785,61285
WBGene00006755.,356,2498,2854
WBGene00006756.,6,8,14
WBGene00006757.,171,1137,1308
WBGene00006759.,1843,14967,16810
WBGene00006760.,562,6396,6958
WBGene00006761.,85,412,497
WBGene00006762.,1039,4312,5351
WBGene00006763.,196,970,1166
WBGene00006764.,4505,30739,35244
WBGene00006765.,194,384,578
WBGene00006766.,111,269,380
WBGene00006767.,323,482,805
WBGene00006768.,290,3330,3620
WBGene00006769.,422,1007,1429
WBGene00006770.,516,1659,2175
WBGene00006771.,797,5171,5968
WBGene00006772.,283,1414,1697
WBGene00006773.,114,1114,1228
WBGene00006774.,69,229,298
WBGene00006775.,22,80,102
WBGene00006776.,403,1409,1812
WBGene00006777.,160,1323,1483
WBGene00006778.,90,411,501
WBGene00006779.,1474,6996,8470
WBGene00006780.,3398,23171,26569
WBGene00006781.,290,1462,1752
WBGene00006782.,40,304,344
WBGene00006783.,64,243,307
WBGene00006784.,561,1967,2528
WBGene00006785.,51,352,403
WBGene00006786.,221,1981,2202
WBGene00006787.,873,4743,5616
WBGene00006788.,430,838,1268
WBGene00006789.,1185,47715,48900
WBGene00006790.,77,61,138
WBGene00006791.,173,1269,1442
WBGene00006792.,565,433,998
WBGene00006793.,74,783,857
WBGene00006794.,358,10158,10516
WBGene00006795.,56,552,608
WBGene00006796.,416,2693,3109
WBGene00006797.,269,230,499
WBGene00006798.,782,2714,3496
WBGene00006801.,1502,11954,13456
WBGene00006802.,76,3968,4044
WBGene00006803.,315,4638,4953
WBGene00006804.,103,400,503
WBGene00006805.,1661,4728,6389
WBGene00006807.,207,327,534
WBGene00006808.,266,1928,2194
WBGene00006809.,580,490,1070
WBGene00006810.,201,1308,1509
WBGene00006811.,369,731,1100
WBGene00006812.,473,2418,2891
WBGene00006814.,970,2294,3264
WBGene00006815.,448,3590,4038
WBGene00006816.,62,892,954
WBGene00006817.,190,1678,1868
WBGene00006818.,169,1511,1680
WBGene00006819.,1812,26822,28634
WBGene00006820.,2442,17101,19543
WBGene00006822.,90,242,332
WBGene00006823.,904,4981,5885
WBGene00006824.,294,4988,5282
WBGene00006825.,443,2961,3404
WBGene00006826.,396,4117,4513
WBGene00006827.,1880,2505,4385
WBGene00006829.,54,629,683
WBGene00006830.,1155,1334,2489
WBGene00006831.,619,2597,3216
WBGene00006832.,105,392,497
WBGene00006833.,519,8636,9155
WBGene00006836.,119,3262,3381
WBGene00006839.,351,3477,3828
WBGene00006840.,177,4336,4513
WBGene00006843.,223,801,1024
WBGene00006844.,93,1142,1235
WBGene00006845.,402,1604,2006
WBGene00006852.,74,1431,1505
WBGene00006853.,20,203,223
WBGene00006856.,37,1019,1056
WBGene00006861.,519,2459,2978
WBGene00006862.,33,149,182
WBGene00006863.,187,6848,7035
WBGene00006864.,303,319,622
WBGene00006865.,55,108,163
WBGene00006868.,337,754,1091
WBGene00006869.,73,246,319
WBGene00006870.,317,439,756
WBGene00006873.,68,108,176
WBGene00006874.,356,2089,2445
WBGene00006875.,63,931,994
WBGene00006876.,2332,3525,5857
WBGene00006881.,24,132,156
WBGene00006882.,102,359,461
WBGene00006886.,360,1859,2219
WBGene00006887.,203,304,507
WBGene00006888.,71,1926,1997
WBGene00006889.,86,6456,6542
WBGene00006890.,244,2613,2857
WBGene00006893.,202,1137,1339
WBGene00006894.,86,31,117
WBGene00006895.,16,8,24
WBGene00006896.,98,408,506
WBGene00006897.,56,85,141
WBGene00006902.,1,9,10
WBGene00006910.,0,4732,4732
WBGene00006911.,99,8959,9058
WBGene00006912.,0,1296,1296
WBGene00006913.,36,2975,3011
WBGene00006914.,25,1126,1151
WBGene00006915.,61,1597,1658
WBGene00006916.,132,240,372
WBGene00006917.,98,5900,5998
WBGene00006918.,471,4422,4893
WBGene00006919.,218,6225,6443
WBGene00006920.,415,4053,4468
WBGene00006921.,26,3315,3341
WBGene00006922.,16,202,218
WBGene00006923.,1203,2911,4114
WBGene00006924.,351,24040,24391
WBGene00006925.,4,22,26
WBGene00006926.,1,17,18
WBGene00006927.,1,17,18
WBGene00006928.,1,5,6
WBGene00006929.,2,3,5
WBGene00006930.,0,12,12
WBGene00006931.,85,868,953
WBGene00006932.,272,1253,1525
WBGene00006933.,53,799,852
WBGene00006934.,308,697,1005
WBGene00006935.,50,1218,1268
WBGene00006936.,337,3023,3360
WBGene00006937.,386,3642,4028
WBGene00006938.,9,42,51
WBGene00006939.,6,21,27
WBGene00006940.,11,298,309
WBGene00006941.,293,1930,2223
WBGene00006942.,142,1695,1837
WBGene00006943.,61,430,491
WBGene00006944.,46,278,324
WBGene00006945.,116,1536,1652
WBGene00006946.,58,403,461
WBGene00006947.,11,74,85
WBGene00006948.,12,35,47
WBGene00006949.,44,185,229
WBGene00006950.,82,32,114
WBGene00006951.,106,530,636
WBGene00006952.,37,237,274
WBGene00006953.,28,19,47
WBGene00006954.,2,3,5
WBGene00006955.,169,49,218
WBGene00006956.,70,877,947
WBGene00006957.,240,1140,1380
WBGene00006958.,54,213,267
WBGene00006959.,1720,45448,47168
WBGene00006960.,36,78,114
WBGene00006961.,561,3632,4193
WBGene00006962.,7,23,30
WBGene00006963.,32,461,493
WBGene00006964.,202,1189,1391
WBGene00006965.,3,123,126
WBGene00006966.,17,52,69
WBGene00006967.,0,61,61
WBGene00006968.,105,968,1073
WBGene00006970.,27,718,745
WBGene00006971.,83,396,479
WBGene00006974.,28,626,654
WBGene00006975.,587,3577,4164
WBGene00006976.,517,193,710
WBGene00006977.,31,154,185
WBGene00006978.,197,2853,3050
WBGene00006979.,2,26,28
WBGene00006980.,2,59,61
WBGene00006981.,14,207,221
WBGene00006982.,163,1406,1569
WBGene00006983.,111,482,593
WBGene00006984.,1103,3769,4872
WBGene00006985.,436,803,1239
WBGene00006986.,221,519,740
WBGene00006987.,154,140,294
WBGene00006988.,72,320,392
WBGene00006993.,191,402,593
WBGene00006994.,246,1407,1653
WBGene00006996.,22,808,830
WBGene00006997.,14,302,316
WBGene00006999.,1658,11713,13371
WBGene00007000.,344,8777,9121
WBGene00007001.,38,1769,1807
WBGene00007006.,96,302,398
WBGene00007007.,113,934,1047
WBGene00007008.,83,1391,1474
WBGene00007009.,102,1569,1671
WBGene00007010.,120,1787,1907
WBGene00007011.,39,118,157
WBGene00007012.,67,324,391
WBGene00007013.,354,422,776
WBGene00007014.,57,170,227
WBGene00007015.,5,376,381
WBGene00007016.,330,3560,3890
WBGene00007017.,409,430,839
WBGene00007018.,75,640,715
WBGene00007019.,127,1447,1574
WBGene00007020.,168,410,578
WBGene00007021.,60,775,835
WBGene00007022.,297,1628,1925
WBGene00007023.,89,638,727
WBGene00007024.,957,3762,4719
WBGene00007025.,243,1205,1448
WBGene00007026.,59,353,412
WBGene00007027.,969,2796,3765
WBGene00007028.,62,1633,1695
WBGene00007029.,136,719,855
WBGene00007030.,813,5702,6515
WBGene00007036.,16,25,41
WBGene00007041.,118,316,434
WBGene00007042.,155,3377,3532
WBGene00007043.,9,225,234
WBGene00007044.,223,1695,1918
WBGene00007045.,13,215,228
WBGene00007047.,103,272,375
WBGene00007048.,85,1772,1857
WBGene00007049.,22,36,58
WBGene00007050.,533,2913,3446
WBGene00007053.,155,3247,3402
WBGene00007054.,493,729,1222
WBGene00007055.,99,1593,1692
WBGene00007056.,73,202,275
WBGene00007057.,0,35,35
WBGene00007058.,230,2694,2924
WBGene00007059.,37,251,288
WBGene00007060.,14,9,23
WBGene00007062.,1,0,1
WBGene00007063.,88,135,223
WBGene00007064.,135,400,535
WBGene00007065.,57,228,285
WBGene00007066.,4,22,26
WBGene00007067.,77,142,219
WBGene00007068.,114,775,889
WBGene00007070.,24,236,260
WBGene00007071.,86,400,486
WBGene00007072.,9,76,85
WBGene00007073.,39,195,234
WBGene00007074.,6,2,8
WBGene00007075.,0,0,0
WBGene00007076.,0,0,0
WBGene00007077.,40,13,53
WBGene00007078.,0,1,1
WBGene00007079.,0,0,0
WBGene00007080.,11,22,33
WBGene00007081.,23,17,40
WBGene00007082.,3,17,20
WBGene00007083.,4,9,13
WBGene00007085.,0,119,119
WBGene00007087.,83,516,599
WBGene00007088.,78,749,827
WBGene00007089.,88,640,728
WBGene00007090.,32,337,369
WBGene00007091.,595,2747,3342
WBGene00007092.,56,140,196
WBGene00007093.,15,288,303
WBGene00007094.,209,307,516
WBGene00007096.,45,284,329
WBGene00007097.,68,83,151
WBGene00007099.,274,2142,2416
WBGene00007100.,20,375,395
WBGene00007101.,76,1089,1165
WBGene00007102.,16,111,127
WBGene00007103.,265,1278,1543
WBGene00007104.,53,145,198
WBGene00007105.,131,1497,1628
WBGene00007106.,118,1192,1310
WBGene00007107.,1095,6542,7637
WBGene00007108.,174,1341,1515
WBGene00007109.,13,107,120
WBGene00007110.,111,1155,1266
WBGene00007111.,79,1076,1155
WBGene00007112.,283,928,1211
WBGene00007113.,115,1135,1250
WBGene00007114.,32,86,118
WBGene00007115.,94,113,207
WBGene00007116.,183,141,324
WBGene00007117.,24,19,43
WBGene00007118.,74,464,538
WBGene00007119.,144,841,985
WBGene00007120.,1,21,22
WBGene00007121.,110,113,223
WBGene00007122.,113,3669,3782
WBGene00007123.,3,10,13
WBGene00007124.,69,148,217
WBGene00007125.,0,3,3
WBGene00007126.,90,341,431
WBGene00007127.,5,15,20
WBGene00007128.,37,248,285
WBGene00007129.,34,2993,3027
WBGene00007130.,39,229,268
WBGene00007131.,17,50,67
WBGene00007132.,14,28,42
WBGene00007133.,34,335,369
WBGene00007134.,104,13,117
WBGene00007135.,273,731,1004
WBGene00007136.,176,1016,1192
WBGene00007137.,113,872,985
WBGene00007138.,66,71,137
WBGene00007139.,132,1508,1640
WBGene00007140.,43,44,87
WBGene00007141.,24,19,43
WBGene00007142.,346,2343,2689
WBGene00007143.,64,1316,1380
WBGene00007144.,46,544,590
WBGene00007145.,12,421,433
WBGene00007146.,17,49,66
WBGene00007147.,15,16,31
WBGene00007148.,7,13,20
WBGene00007149.,4,22,26
WBGene00007150.,13,624,637
WBGene00007151.,24,9,33
WBGene00007152.,34,88,122
WBGene00007153.,7,285,292
WBGene00007154.,120,151,271
WBGene00007155.,474,5175,5649
WBGene00007156.,8,8,16
WBGene00007158.,0,3,3
WBGene00007159.,2,16,18
WBGene00007160.,29,8,37
WBGene00007161.,7,7,14
WBGene00007162.,125,90,215
WBGene00007163.,3,13,16
WBGene00007164.,0,24,24
WBGene00007165.,191,138,329
WBGene00007166.,19,387,406
WBGene00007167.,106,563,669
WBGene00007168.,16,404,420
WBGene00007169.,26,32,58
WBGene00007170.,115,235,350
WBGene00007171.,30,68,98
WBGene00007172.,19,68,87
WBGene00007173.,0,0,0
WBGene00007174.,44,62,106
WBGene00007175.,76,1030,1106
WBGene00007176.,989,557,1546
WBGene00007177.,57,26,83
WBGene00007178.,6,122,128
WBGene00007179.,21,19,40
WBGene00007180.,65,469,534
WBGene00007181.,82,30,112
WBGene00007182.,7,9,16
WBGene00007183.,6,55,61
WBGene00007184.,223,2572,2795
WBGene00007185.,427,1719,2146
WBGene00007186.,39,609,648
WBGene00007187.,58,212,270
WBGene00007188.,99,375,474
WBGene00007189.,31,339,370
WBGene00007190.,4,20,24
WBGene00007191.,49,140,189
WBGene00007192.,569,6379,6948
WBGene00007193.,232,1237,1469
WBGene00007194.,7,545,552
WBGene00007195.,125,567,692
WBGene00007196.,173,382,555
WBGene00007197.,744,4464,5208
WBGene00007198.,6,16,22
WBGene00007199.,30,10,40
WBGene00007200.,500,2912,3412
WBGene00007201.,0,147,147
WBGene00007202.,50,151,201
WBGene00007203.,2,122,124
WBGene00007204.,24,19,43
WBGene00007206.,0,55,55
WBGene00007207.,103,660,763
WBGene00007208.,0,0,0
WBGene00007209.,14,3,17
WBGene00007210.,75,62,137
WBGene00007211.,33,14,47
WBGene00007212.,42,36,78
WBGene00007213.,18,371,389
WBGene00007214.,221,603,824
WBGene00007215.,98,1263,1361
WBGene00007216.,239,689,928
WBGene00007217.,146,2042,2188
WBGene00007218.,519,15,534
WBGene00007219.,93,2104,2197
WBGene00007220.,35,55,90
WBGene00007221.,68,381,449
WBGene00007222.,16,78,94
WBGene00007223.,284,3201,3485
WBGene00007224.,11,18,29
WBGene00007225.,2,37,39
WBGene00007226.,173,721,894
WBGene00007227.,215,3947,4162
WBGene00007228.,64,245,309
WBGene00007229.,21,22,43
WBGene00007230.,28,70,98
WBGene00007231.,636,688,1324
WBGene00007232.,205,681,886
WBGene00007233.,540,7555,8095
WBGene00007234.,1,441,442
WBGene00007235.,716,9461,10177
WBGene00007236.,4,363,367
WBGene00007237.,109,303,412
WBGene00007238.,4,27,31
WBGene00007239.,1,5,6
WBGene00007240.,2385,11338,13723
WBGene00007241.,132,385,517
WBGene00007242.,42,861,903
WBGene00007243.,1,15,16
WBGene00007244.,12,7,19
WBGene00007245.,2,13,15
WBGene00007246.,0,6,6
WBGene00007247.,48,186,234
WBGene00007248.,11,17,28
WBGene00007249.,6,14,20
WBGene00007250.,4,13,17
WBGene00007251.,0,5,5
WBGene00007252.,51,76,127
WBGene00007253.,59,166,225
WBGene00007254.,41,71,112
WBGene00007255.,34,70,104
WBGene00007256.,1384,2098,3482
WBGene00007257.,453,1091,1544
WBGene00007258.,79,376,455
WBGene00007259.,3,1,4
WBGene00007260.,324,691,1015
WBGene00007261.,226,1354,1580
WBGene00007262.,15,31,46
WBGene00007264.,17,36,53
WBGene00007265.,0,9,9
WBGene00007266.,80,691,771
WBGene00007267.,88,387,475
WBGene00007268.,38,62,100
WBGene00007269.,16,7,23
WBGene00007270.,29,529,558
WBGene00007271.,81,120,201
WBGene00007273.,23,14,37
WBGene00007274.,27,32,59
WBGene00007275.,117,117,234
WBGene00007277.,23,37,60
WBGene00007278.,12,29,41
WBGene00007279.,19,8,27
WBGene00007281.,9,119,128
WBGene00007282.,66,31,97
WBGene00007283.,14,11,25
WBGene00007284.,181,386,567
WBGene00007285.,36,113,149
WBGene00007286.,81,150,231
WBGene00007287.,45,269,314
WBGene00007288.,3,11,14
WBGene00007289.,2,5,7
WBGene00007290.,3,7,10
WBGene00007291.,10,12,22
WBGene00007292.,15,34,49
WBGene00007293.,0,14,14
WBGene00007294.,9,4,13
WBGene00007295.,28,92,120
WBGene00007296.,90,1154,1244
WBGene00007297.,52,136,188
WBGene00007299.,25,346,371
WBGene00007300.,0,7,7
WBGene00007301.,3139267,108,3139375
WBGene00007302.,20,328,348
WBGene00007303.,21,96,117
WBGene00007304.,219,726,945
WBGene00007305.,9,17,26
WBGene00007306.,12,7,19
WBGene00007307.,2,4,6
WBGene00007308.,0,21,21
WBGene00007309.,28,9,37
WBGene00007310.,25,23,48
WBGene00007311.,44,13,57
WBGene00007312.,16,560,576
WBGene00007313.,15,3,18
WBGene00007314.,75,35,110
WBGene00007315.,2,0,2
WBGene00007316.,402,1532,1934
WBGene00007317.,60,1631,1691
WBGene00007319.,12,1,13
WBGene00007320.,0,4,4
WBGene00007321.,59,215,274
WBGene00007322.,7,28,35
WBGene00007323.,38,16,54
WBGene00007324.,338,1522,1860
WBGene00007325.,16,40,56
WBGene00007326.,92,27,119
WBGene00007327.,63,98,161
WBGene00007328.,24,14,38
WBGene00007329.,224,495,719
WBGene00007330.,320,10611,10931
WBGene00007331.,1194,4111,5305
WBGene00007332.,1,131,132
WBGene00007333.,87,695,782
WBGene00007334.,38,229,267
WBGene00007335.,16,2,18
WBGene00007336.,84,755,839
WBGene00007337.,11,20,31
WBGene00007338.,106,152,258
WBGene00007339.,16,33,49
WBGene00007340.,72,136,208
WBGene00007341.,0,0,0
WBGene00007342.,0,7,7
WBGene00007343.,80,58,138
WBGene00007344.,40,28,68
WBGene00007345.,44,201,245
WBGene00007346.,49,53,102
WBGene00007347.,108,168,276
WBGene00007348.,73,201,274
WBGene00007349.,73,327,400
WBGene00007350.,688,8603,9291
WBGene00007351.,96,38,134
WBGene00007352.,176,3207,3383
WBGene00007353.,374,2411,2785
WBGene00007354.,19,34,53
WBGene00007355.,0,3757,3757
WBGene00007356.,0,4,4
WBGene00007357.,123,450,573
WBGene00007358.,12,67,79
WBGene00007359.,12,16,28
WBGene00007360.,23,7,30
WBGene00007361.,51,22,73
WBGene00007362.,82,316,398
WBGene00007363.,22,913,935
WBGene00007364.,11,48,59
WBGene00007365.,712,8119,8831
WBGene00007366.,188,577,765
WBGene00007367.,25,220,245
WBGene00007368.,19,38,57
WBGene00007369.,0,7,7
WBGene00007370.,9,11,20
WBGene00007372.,53,174,227
WBGene00007373.,3,4,7
WBGene00007374.,25,36,61
WBGene00007375.,22,92,114
WBGene00007376.,4,16,20
WBGene00007377.,6,3,9
WBGene00007378.,135,54,189
WBGene00007379.,12,8,20
WBGene00007380.,10,21,31
WBGene00007381.,11,24,35
WBGene00007382.,10,19,29
WBGene00007383.,10,0,10
WBGene00007384.,10,226,236
WBGene00007385.,4053,26906,30959
WBGene00007386.,115,881,996
WBGene00007387.,122,356,478
WBGene00007388.,54,190,244
WBGene00007389.,112,338,450
WBGene00007390.,27,1332,1359
WBGene00007391.,5,27,32
WBGene00007392.,3,40,43
WBGene00007393.,22,31,53
WBGene00007394.,53,259,312
WBGene00007395.,157,232,389
WBGene00007396.,82,282,364
WBGene00007397.,16,37,53
WBGene00007398.,1,12,13
WBGene00007399.,28,32,60
WBGene00007400.,89,1083,1172
WBGene00007401.,5,2,7
WBGene00007402.,83,348,431
WBGene00007403.,74,336,410
WBGene00007404.,66,122,188
WBGene00007405.,168,1651,1819
WBGene00007406.,27,23,50
WBGene00007407.,4,25,29
WBGene00007408.,42,458,500
WBGene00007409.,145,252,397
WBGene00007410.,44,38,82
WBGene00007411.,31,178,209
WBGene00007412.,47,511,558
WBGene00007413.,278,1446,1724
WBGene00007414.,56,405,461
WBGene00007415.,10,49,59
WBGene00007416.,94,158,252
WBGene00007417.,71,370,441
WBGene00007418.,8,14,22
WBGene00007419.,166,901,1067
WBGene00007420.,2,24,26
WBGene00007421.,69,419,488
WBGene00007422.,46,680,726
WBGene00007423.,2,10,12
WBGene00007424.,37,105,142
WBGene00007425.,38,120,158
WBGene00007426.,12,21,33
WBGene00007427.,26,6,32
WBGene00007428.,107,984,1091
WBGene00007429.,270,1333,1603
WBGene00007430.,18,161,179
WBGene00007431.,31,116,147
WBGene00007432.,10,16,26
WBGene00007433.,138,1716,1854
WBGene00007434.,8,299,307
WBGene00007435.,19,280,299
WBGene00007436.,8,274,282
WBGene00007437.,16,29,45
WBGene00007438.,21,8,29
WBGene00007439.,1,31,32
WBGene00007440.,40,91,131
WBGene00007441.,0,6,6
WBGene00007442.,0,16,16
WBGene00007443.,905,6140,7045
WBGene00007444.,93,791,884
WBGene00007445.,22,151,173
WBGene00007446.,14,5,19
WBGene00007447.,5,14,19
WBGene00007448.,24,58,82
WBGene00007449.,583,6495,7078
WBGene00007450.,345,1354,1699
WBGene00007451.,6,20,26
WBGene00007452.,41,48,89
WBGene00007453.,8,7,15
WBGene00007454.,11,24,35
WBGene00007455.,233,2502,2735
WBGene00007456.,15,15,30
WBGene00007457.,1,4,5
WBGene00007458.,26,8,34
WBGene00007459.,3,2,5
WBGene00007460.,28,1048,1076
WBGene00007461.,39,19,58
WBGene00007462.,31,45,76
WBGene00007463.,97,6711,6808
WBGene00007464.,44,175,219
WBGene00007465.,15,33,48
WBGene00007466.,2,16,18
WBGene00007467.,2,24,26
WBGene00007468.,17,10,27
WBGene00007469.,7,11,18
WBGene00007470.,9,15,24
WBGene00007471.,31,18,49
WBGene00007472.,29,14,43
WBGene00007473.,2,10,12
WBGene00007474.,47,555,602
WBGene00007475.,0,0,0
WBGene00007476.,6,1011,1017
WBGene00007478.,24,10,34
WBGene00007479.,31,679,710
WBGene00007480.,113,176,289
WBGene00007481.,0,0,0
WBGene00007482.,47,192,239
WBGene00007483.,23,48,71
WBGene00007484.,46,164,210
WBGene00007485.,20,20,40
WBGene00007486.,443,321,764
WBGene00007487.,75,591,666
WBGene00007488.,162,496,658
WBGene00007489.,7,25,32
WBGene00007490.,160,371,531
WBGene00007492.,299,2096,2395
WBGene00007493.,21,481,502
WBGene00007494.,32,13,45
WBGene00007495.,81,177,258
WBGene00007496.,27,10,37
WBGene00007497.,5,2,7
WBGene00007499.,131,204,335
WBGene00007500.,159,1011,1170
WBGene00007502.,79,143,222
WBGene00007503.,20,23,43
WBGene00007504.,26,305,331
WBGene00007505.,364,1442,1806
WBGene00007506.,44,20,64
WBGene00007507.,8,27,35
WBGene00007508.,5,7,12
WBGene00007509.,26,32,58
WBGene00007511.,136,1019,1155
WBGene00007512.,21,12,33
WBGene00007513.,60,149,209
WBGene00007514.,142,2798,2940
WBGene00007515.,25,232,257
WBGene00007516.,36,867,903
WBGene00007517.,6,69,75
WBGene00007518.,90,67,157
WBGene00007520.,117,564,681
WBGene00007521.,20,8,28
WBGene00007522.,233,154,387
WBGene00007523.,5,5,10
WBGene00007525.,7,216,223
WBGene00007528.,38,136,174
WBGene00007529.,37,314,351
WBGene00007530.,65,28,93
WBGene00007531.,71,436,507
WBGene00007533.,87,302,389
WBGene00007534.,66,3666,3732
WBGene00007535.,0,16,16
WBGene00007536.,40,145,185
WBGene00007537.,71,3781,3852
WBGene00007538.,3,17,20
WBGene00007539.,0,0,0
WBGene00007540.,10,16,26
WBGene00007541.,6,260,266
WBGene00007542.,36,197,233
WBGene00007543.,1,97,98
WBGene00007544.,59,1613,1672
WBGene00007545.,153,287,440
WBGene00007546.,66,242,308
WBGene00007547.,79,407,486
WBGene00007548.,59,189,248
WBGene00007549.,47,208,255
WBGene00007550.,72,89,161
WBGene00007551.,78,981,1059
WBGene00007552.,19,29,48
WBGene00007553.,8,1499,1507
WBGene00007554.,151,1388,1539
WBGene00007555.,11,2886,2897
WBGene00007556.,57,489,546
WBGene00007557.,89,475,564
WBGene00007558.,41,136,177
WBGene00007559.,4,6,10
WBGene00007560.,7,6,13
WBGene00007561.,31,306,337
WBGene00007562.,125,259,384
WBGene00007563.,15,53,68
WBGene00007564.,9,2174,2183
WBGene00007565.,34,37,71
WBGene00007567.,2,1,3
WBGene00007569.,10,2,12
WBGene00007570.,17,5,22
WBGene00007571.,2,0,2
WBGene00007572.,6,17,23
WBGene00007573.,19,562,581
WBGene00007574.,60,829,889
WBGene00007576.,85,554,639
WBGene00007577.,176,463,639
WBGene00007578.,9,140,149
WBGene00007579.,117,571,688
WBGene00007580.,13,96,109
WBGene00007581.,55,427,482
WBGene00007583.,340,707,1047
WBGene00007584.,5,32,37
WBGene00007585.,31,156,187
WBGene00007586.,34,2398,2432
WBGene00007587.,98,1481,1579
WBGene00007588.,47,1740,1787
WBGene00007589.,5,182,187
WBGene00007590.,144,979,1123
WBGene00007591.,119,626,745
WBGene00007592.,285,1136,1421
WBGene00007593.,219,641,860
WBGene00007594.,41,356,397
WBGene00007595.,35,64,99
WBGene00007597.,125,115,240
WBGene00007598.,15,14,29
WBGene00007599.,91,393,484
WBGene00007600.,3,86,89
WBGene00007601.,12,1,13
WBGene00007602.,379,783,1162
WBGene00007603.,44,140,184
WBGene00007604.,16,254,270
WBGene00007605.,44,726,770
WBGene00007606.,45,481,526
WBGene00007607.,23,119,142
WBGene00007608.,31,110,141
WBGene00007609.,16,605,621
WBGene00007610.,13,12,25
WBGene00007611.,7,9,16
WBGene00007613.,8,16,24
WBGene00007614.,287,391,678
WBGene00007615.,97,489,586
WBGene00007616.,196,1263,1459
WBGene00007617.,309,4421,4730
WBGene00007618.,12,13,25
WBGene00007619.,68,231,299
WBGene00007620.,1444,898,2342
WBGene00007621.,241,1434,1675
WBGene00007622.,58,138,196
WBGene00007623.,70,913,983
WBGene00007624.,16,310,326
WBGene00007625.,131,1402,1533
WBGene00007626.,64,945,1009
WBGene00007627.,52,588,640
WBGene00007628.,156,904,1060
WBGene00007629.,48,103,151
WBGene00007630.,51,13082,13133
WBGene00007631.,52,23,75
WBGene00007632.,0,35,35
WBGene00007633.,42,29,71
WBGene00007635.,233,304,537
WBGene00007637.,153,162,315
WBGene00007638.,0,0,0
WBGene00007639.,29,11,40
WBGene00007640.,159,370,529
WBGene00007641.,22,14,36
WBGene00007642.,1,5,6
WBGene00007643.,25,38,63
WBGene00007644.,10,36,46
WBGene00007645.,383,1210,1593
WBGene00007646.,306,4438,4744
WBGene00007647.,428,2172,2600
WBGene00007648.,5,28,33
WBGene00007649.,20,14,34
WBGene00007650.,71,256,327
WBGene00007651.,127,429,556
WBGene00007652.,133,414,547
WBGene00007653.,196,2264,2460
WBGene00007654.,58,27,85
WBGene00007655.,843,3,846
WBGene00007656.,15,7,22
WBGene00007657.,53,23,76
WBGene00007658.,29,9,38
WBGene00007659.,7,19,26
WBGene00007660.,10,19,29
WBGene00007661.,27,2,29
WBGene00007662.,21,13,34
WBGene00007664.,197,851,1048
WBGene00007666.,130,951,1081
WBGene00007667.,30,166,196
WBGene00007668.,81,624,705
WBGene00007669.,30,33,63
WBGene00007670.,77,128,205
WBGene00007672.,19,29,48
WBGene00007673.,1,1,2
WBGene00007674.,21,3,24
WBGene00007675.,65,215,280
WBGene00007676.,9,13,22
WBGene00007677.,8,9,17
WBGene00007678.,23,9,32
WBGene00007679.,73,896,969
WBGene00007680.,63,89,152
WBGene00007681.,618,2661,3279
WBGene00007682.,33,356,389
WBGene00007683.,939,6336,7275
WBGene00007684.,1578,10241,11819
WBGene00007685.,134,611,745
WBGene00007686.,80,4056,4136
WBGene00007687.,46,76,122
WBGene00007688.,3,4,7
WBGene00007689.,59,1242,1301
WBGene00007690.,525,314,839
WBGene00007691.,28,13,41
WBGene00007692.,35,91,126
WBGene00007693.,51,23,74
WBGene00007694.,47,95,142
WBGene00007695.,41,178,219
WBGene00007696.,79,2794,2873
WBGene00007697.,58,266,324
WBGene00007698.,86,577,663
WBGene00007699.,0,0,0
WBGene00007700.,0,1,1
WBGene00007701.,27,8,35
WBGene00007702.,123,358,481
WBGene00007703.,652,1693,2345
WBGene00007704.,16,122,138
WBGene00007705.,15,457,472
WBGene00007707.,20,464,484
WBGene00007708.,0,0,0
WBGene00007709.,1,134,135
WBGene00007710.,40,491,531
WBGene00007711.,23,735,758
WBGene00007712.,15,2466,2481
WBGene00007713.,0,51,51
WBGene00007714.,1,10,11
WBGene00007715.,0,0,0
WBGene00007716.,0,6,6
WBGene00007717.,42,33,75
WBGene00007718.,3,915,918
WBGene00007719.,0,12,12
WBGene00007720.,5,500,505
WBGene00007721.,7,1,8
WBGene00007722.,61,258,319
WBGene00007723.,46,111,157
WBGene00007724.,80,40,120
WBGene00007725.,35,54,89
WBGene00007726.,48,42,90
WBGene00007727.,6,11,17
WBGene00007728.,5,53,58
WBGene00007729.,36,73,109
WBGene00007730.,27,747,774
WBGene00007731.,1,508,509
WBGene00007732.,4,39,43
WBGene00007733.,0,28,28
WBGene00007734.,1,10,11
WBGene00007735.,12,9,21
WBGene00007736.,42,669,711
WBGene00007739.,118,28,146
WBGene00007740.,2,2,4
WBGene00007741.,59,163,222
WBGene00007742.,18,19,37
WBGene00007743.,85,289,374
WBGene00007744.,281,315,596
WBGene00007745.,60,228,288
WBGene00007746.,55,266,321
WBGene00007747.,19,14,33
WBGene00007748.,23,119,142
WBGene00007749.,23,235,258
WBGene00007750.,135,373,508
WBGene00007751.,109,95,204
WBGene00007752.,332,1215,1547
WBGene00007753.,89,242,331
WBGene00007754.,36,22,58
WBGene00007755.,57,74,131
WBGene00007756.,140,559,699
WBGene00007757.,127,99,226
WBGene00007758.,108,476,584
WBGene00007759.,2,6,8
WBGene00007760.,36,383,419
WBGene00007761.,478,1301,1779
WBGene00007762.,17,286,303
WBGene00007763.,41,68,109
WBGene00007764.,263,928,1191
WBGene00007765.,24,138,162
WBGene00007766.,3,95,98
WBGene00007767.,0,0,0
WBGene00007768.,10,18,28
WBGene00007769.,16,2,18
WBGene00007770.,0,0,0
WBGene00007771.,5,104,109
WBGene00007772.,65,585,650
WBGene00007773.,3,13,16
WBGene00007774.,80,522,602
WBGene00007775.,109,158,267
WBGene00007776.,88,353,441
WBGene00007777.,39,2,41
WBGene00007778.,13,50,63
WBGene00007779.,33,139,172
WBGene00007780.,23,139,162
WBGene00007784.,87,1972,2059
WBGene00007785.,15,606,621
WBGene00007786.,242,5160,5402
WBGene00007787.,17,1112,1129
WBGene00007788.,22,54,76
WBGene00007789.,31,84,115
WBGene00007791.,60,63,123
WBGene00007792.,1,17,18
WBGene00007793.,3,5,8
WBGene00007794.,5,6,11
WBGene00007795.,3,3,6
WBGene00007796.,20,59,79
WBGene00007797.,43,134,177
WBGene00007798.,5,1,6
WBGene00007799.,366,433,799
WBGene00007800.,38,69,107
WBGene00007801.,182,539,721
WBGene00007802.,62,52,114
WBGene00007804.,4,22,26
WBGene00007805.,5,8,13
WBGene00007806.,11,9,20
WBGene00007807.,142,895,1037
WBGene00007808.,49,54,103
WBGene00007809.,8,26,34
WBGene00007810.,48,125,173
WBGene00007811.,69,491,560
WBGene00007812.,265,1579,1844
WBGene00007813.,57,26,83
WBGene00007816.,217,121,338
WBGene00007817.,283,565,848
WBGene00007818.,272,351,623
WBGene00007819.,18,132,150
WBGene00007820.,140,376,516
WBGene00007821.,49,87,136
WBGene00007822.,31,5,36
WBGene00007823.,55,17,72
WBGene00007824.,2217,3225,5442
WBGene00007825.,24,298,322
WBGene00007826.,19,645,664
WBGene00007827.,222,1437,1659
WBGene00007829.,40,13,53
WBGene00007831.,2,35,37
WBGene00007832.,5,27,32
WBGene00007833.,37,48,85
WBGene00007834.,8,12,20
WBGene00007835.,11,26,37
WBGene00007836.,14,1431,1445
WBGene00007837.,41,183,224
WBGene00007838.,1,74,75
WBGene00007840.,184,47,231
WBGene00007841.,79,894,973
WBGene00007842.,0,29,29
WBGene00007844.,63,37,100
WBGene00007846.,38,225,263
WBGene00007847.,48,277,325
WBGene00007848.,465,4350,4815
WBGene00007849.,139,137,276
WBGene00007850.,19,4,23
WBGene00007851.,25,21,46
WBGene00007852.,4,5,9
WBGene00007853.,8,18,26
WBGene00007854.,132,216,348
WBGene00007855.,0,1339,1339
WBGene00007856.,7,258,265
WBGene00007857.,22,128,150
WBGene00007858.,18,33,51
WBGene00007859.,80,1334,1414
WBGene00007860.,352,1398,1750
WBGene00007861.,23,42,65
WBGene00007862.,199,413,612
WBGene00007863.,12,34,46
WBGene00007864.,14,50,64
WBGene00007865.,8,9,17
WBGene00007866.,14,37,51
WBGene00007867.,36,166,202
WBGene00007868.,2,17,19
WBGene00007869.,8,35,43
WBGene00007870.,11,5,16
WBGene00007871.,0,0,0
WBGene00007872.,0,1,1
WBGene00007873.,0,3,3
WBGene00007874.,0,3,3
WBGene00007875.,34,312,346
WBGene00007876.,8,7,15
WBGene00007877.,453,2678,3131
WBGene00007878.,177,209,386
WBGene00007880.,1975,7488,9463
WBGene00007881.,137,2012,2149
WBGene00007882.,86,1646,1732
WBGene00007883.,315,5157,5472
WBGene00007885.,101,608,709
WBGene00007886.,82,233,315
WBGene00007887.,15,8,23
WBGene00007888.,21,21,42
WBGene00007889.,9,4,13
WBGene00007890.,28,166,194
WBGene00007891.,13,26,39
WBGene00007892.,148,947,1095
WBGene00007893.,8,4,12
WBGene00007894.,12,12,24
WBGene00007895.,8,3,11
WBGene00007896.,109,31,140
WBGene00007897.,5,21,26
WBGene00007898.,5,60,65
WBGene00007899.,63,254,317
WBGene00007900.,125,471,596
WBGene00007901.,8,208,216
WBGene00007902.,0,30,30
WBGene00007903.,41,30,71
WBGene00007904.,51,120,171
WBGene00007905.,17,10,27
WBGene00007906.,53,226,279
WBGene00007907.,822,3390,4212
WBGene00007908.,170,466,636
WBGene00007909.,61,60,121
WBGene00007910.,11,30,41
WBGene00007911.,32,107,139
WBGene00007912.,76,539,615
WBGene00007913.,93,215,308
WBGene00007914.,88,587,675
WBGene00007916.,12,224,236
WBGene00007917.,94,583,677
WBGene00007918.,32,457,489
WBGene00007919.,147,520,667
WBGene00007920.,0,0,0
WBGene00007921.,160,959,1119
WBGene00007922.,185,615,800
WBGene00007923.,192,975,1167
WBGene00007924.,240,3630,3870
WBGene00007925.,45,461,506
WBGene00007926.,65,38,103
WBGene00007927.,396,2945,3341
WBGene00007928.,19,41,60
WBGene00007929.,189,191,380
WBGene00007931.,32,244,276
WBGene00007932.,145,261,406
WBGene00007933.,103,340,443
WBGene00007934.,74,660,734
WBGene00007935.,114,37,151
WBGene00007937.,21,49,70
WBGene00007938.,25,120,145
WBGene00007939.,38,127,165
WBGene00007941.,64,145,209
WBGene00007942.,43,1029,1072
WBGene00007943.,47,402,449
WBGene00007944.,182,816,998
WBGene00007945.,30,99,129
WBGene00007946.,53,405,458
WBGene00007947.,68,260,328
WBGene00007948.,24,15,39
WBGene00007949.,9,37,46
WBGene00007950.,216,842,1058
WBGene00007951.,96,266,362
WBGene00007952.,63,1168,1231
WBGene00007953.,85,222,307
WBGene00007954.,27,22,49
WBGene00007955.,97,2415,2512
WBGene00007956.,73,277,350
WBGene00007957.,24,91,115
WBGene00007958.,223,975,1198
WBGene00007959.,79,461,540
WBGene00007960.,5,17,22
WBGene00007961.,0,11,11
WBGene00007962.,40,4,44
WBGene00007963.,16,25,41
WBGene00007964.,56,445,501
WBGene00007965.,18,293,311
WBGene00007966.,6,171,177
WBGene00007967.,16,153,169
WBGene00007969.,39,2206,2245
WBGene00007970.,33,208,241
WBGene00007971.,158,1514,1672
WBGene00007972.,112,497,609
WBGene00007973.,13,61,74
WBGene00007974.,98,858,956
WBGene00007975.,114,715,829
WBGene00007976.,41,314,355
WBGene00007977.,11,19,30
WBGene00007978.,86,311,397
WBGene00007979.,50,497,547
WBGene00007980.,173,2745,2918
WBGene00007981.,100,1608,1708
WBGene00007982.,155,651,806
WBGene00007983.,74,247,321
WBGene00007984.,74,527,601
WBGene00007985.,198,96,294
WBGene00007986.,6,7,13
WBGene00007987.,2,6,8
WBGene00007988.,27,29,56
WBGene00007989.,3,105,108
WBGene00007990.,4,50,54
WBGene00007991.,58,153,211
WBGene00007992.,4,115,119
WBGene00007993.,180,2836,3016
WBGene00007994.,78,184,262
WBGene00007995.,14,3,17
WBGene00007996.,8,19,27
WBGene00007997.,24,26,50
WBGene00007998.,9,10,19
WBGene00007999.,19,50,69
WBGene00008000.,46,1181,1227
WBGene00008001.,5,5,10
WBGene00008002.,91,393,484
WBGene00008003.,12,183,195
WBGene00008005.,51,176,227
WBGene00008006.,97,639,736
WBGene00008007.,9,41,50
WBGene00008008.,103,195,298
WBGene00008009.,34,2,36
WBGene00008010.,14,79,93
WBGene00008012.,0,22,22
WBGene00008013.,18,20,38
WBGene00008014.,10,6,16
WBGene00008015.,21,10,31
WBGene00008016.,1,6,7
WBGene00008017.,4,11,15
WBGene00008018.,162,516,678
WBGene00008019.,79,491,570
WBGene00008020.,13,81,94
WBGene00008021.,26,83,109
WBGene00008022.,102,154,256
WBGene00008023.,1,93,94
WBGene00008024.,1,3,4
WBGene00008025.,32,223,255
WBGene00008026.,23,10,33
WBGene00008027.,26,109,135
WBGene00008028.,19,153,172
WBGene00008029.,2,3,5
WBGene00008030.,1,5,6
WBGene00008031.,47,33,80
WBGene00008032.,244,2786,3030
WBGene00008033.,89,334,423
WBGene00008034.,260,2696,2956
WBGene00008035.,31,622,653
WBGene00008036.,6,6,12
WBGene00008037.,4,20,24
WBGene00008038.,12,8,20
WBGene00008039.,28,180,208
WBGene00008040.,416,2716,3132
WBGene00008041.,250,2871,3121
WBGene00008042.,15,68,83
WBGene00008043.,100,488,588
WBGene00008044.,18,28,46
WBGene00008045.,274,152,426
WBGene00008047.,43,47,90
WBGene00008048.,1,7,8
WBGene00008050.,22,229,251
WBGene00008051.,51,95,146
WBGene00008052.,72,454,526
WBGene00008053.,74,1747,1821
WBGene00008054.,51,2,53
WBGene00008055.,18,16,34
WBGene00008056.,27,9,36
WBGene00008057.,5,5,10
WBGene00008058.,0,0,0
WBGene00008059.,0,0,0
WBGene00008060.,0,1,1
WBGene00008061.,31,91,122
WBGene00008062.,40,105,145
WBGene00008063.,18,58,76
WBGene00008064.,3557,153,3710
WBGene00008065.,87,156,243
WBGene00008066.,10,44,54
WBGene00008067.,2,3,5
WBGene00008068.,3,5,8
WBGene00008069.,2,8,10
WBGene00008070.,1,36,37
WBGene00008071.,52,7,59
WBGene00008072.,13,19,32
WBGene00008073.,4,115,119
WBGene00008074.,21,9,30
WBGene00008075.,22,112,134
WBGene00008076.,40,124,164
WBGene00008077.,20,19,39
WBGene00008078.,42,266,308
WBGene00008079.,14,27,41
WBGene00008080.,9,33,42
WBGene00008081.,204,456,660
WBGene00008082.,86,192,278
WBGene00008083.,25,25,50
WBGene00008084.,8,18,26
WBGene00008085.,40,278,318
WBGene00008086.,7,29,36
WBGene00008087.,17,4,21
WBGene00008088.,7,18,25
WBGene00008089.,299,1058,1357
WBGene00008090.,0,0,0
WBGene00008091.,35,64,99
WBGene00008092.,5,13,18
WBGene00008093.,29,22,51
WBGene00008094.,397,352,749
WBGene00008095.,33,103,136
WBGene00008096.,23,175,198
WBGene00008097.,10,101,111
WBGene00008098.,28,35,63
WBGene00008099.,21,39,60
WBGene00008100.,111,559,670
WBGene00008101.,34,155,189
WBGene00008102.,11,44,55
WBGene00008104.,0,0,0
WBGene00008105.,5,26,31
WBGene00008106.,6,11,17
WBGene00008107.,31,628,659
WBGene00008110.,247,3033,3280
WBGene00008111.,28,20,48
WBGene00008112.,36,37,73
WBGene00008113.,12,14,26
WBGene00008114.,41,227,268
WBGene00008117.,58,3067,3125
WBGene00008118.,147,487,634
WBGene00008119.,368,878,1246
WBGene00008120.,293,872,1165
WBGene00008121.,83,1187,1270
WBGene00008122.,0,7,7
WBGene00008123.,71,188,259
WBGene00008124.,20,8,28
WBGene00008125.,0,3,3
WBGene00008126.,10,3,13
WBGene00008127.,71,63,134
WBGene00008128.,44,103,147
WBGene00008129.,23,30,53
WBGene00008130.,6,95,101
WBGene00008131.,44,662,706
WBGene00008132.,3604,681,4285
WBGene00008133.,64,63,127
WBGene00008134.,111,596,707
WBGene00008135.,0,0,0
WBGene00008136.,59,698,757
WBGene00008137.,11,16,27
WBGene00008138.,2,24,26
WBGene00008139.,24,59,83
WBGene00008140.,649,276,925
WBGene00008141.,6,13,19
WBGene00008142.,69,419,488
WBGene00008143.,177,1050,1227
WBGene00008144.,33,241,274
WBGene00008145.,110,193,303
WBGene00008146.,21,15,36
WBGene00008147.,188,1253,1441
WBGene00008148.,18,283,301
WBGene00008149.,419,11400,11819
WBGene00008150.,68,29,97
WBGene00008151.,180,2228,2408
WBGene00008152.,34,378,412
WBGene00008153.,29,11,40
WBGene00008154.,10,18,28
WBGene00008155.,27,66,93
WBGene00008156.,10,4,14
WBGene00008157.,10,28,38
WBGene00008158.,17,21,38
WBGene00008159.,9,2,11
WBGene00008160.,17,11,28
WBGene00008161.,17,6,23
WBGene00008162.,25,15,40
WBGene00008163.,0,0,0
WBGene00008164.,54,1345,1399
WBGene00008165.,47,661,708
WBGene00008166.,49,599,648
WBGene00008167.,79,146,225
WBGene00008168.,35,335,370
WBGene00008169.,13,151,164
WBGene00008170.,33,181,214
WBGene00008171.,19,57,76
WBGene00008172.,5,91,96
WBGene00008173.,29,359,388
WBGene00008174.,27,82,109
WBGene00008175.,5,3,8
WBGene00008176.,16,37,53
WBGene00008177.,59,154,213
WBGene00008178.,254,31,285
WBGene00008179.,0,1,1
WBGene00008180.,32,55,87
WBGene00008183.,1563,766,2329
WBGene00008184.,12,27,39
WBGene00008185.,125,5,130
WBGene00008186.,68,18,86
WBGene00008187.,58,52,110
WBGene00008188.,17,5,22
WBGene00008190.,38,24,62
WBGene00008191.,209,4729,4938
WBGene00008192.,7,11,18
WBGene00008193.,12,31,43
WBGene00008194.,254,980,1234
WBGene00008195.,125,502,627
WBGene00008196.,0,48,48
WBGene00008197.,36,238,274
WBGene00008198.,42,729,771
WBGene00008199.,46,249,295
WBGene00008200.,16,27,43
WBGene00008201.,12,18,30
WBGene00008202.,6,5,11
WBGene00008203.,66,122,188
WBGene00008204.,16,295,311
WBGene00008205.,616,13451,14067
WBGene00008206.,121,445,566
WBGene00008207.,5,14,19
WBGene00008208.,15,58,73
WBGene00008209.,19,11,30
WBGene00008210.,36,105,141
WBGene00008211.,110,1509,1619
WBGene00008212.,7,53,60
WBGene00008213.,44,225,269
WBGene00008214.,104,418,522
WBGene00008215.,27,916,943
WBGene00008216.,27,63,90
WBGene00008217.,0,0,0
WBGene00008218.,18,1013,1031
WBGene00008219.,19,479,498
WBGene00008220.,16,118,134
WBGene00008221.,55,347,402
WBGene00008222.,18,42,60
WBGene00008223.,65,8,73
WBGene00008224.,118,1814,1932
WBGene00008225.,59,613,672
WBGene00008226.,120,793,913
WBGene00008227.,160,604,764
WBGene00008228.,15,288,303
WBGene00008229.,62,787,849
WBGene00008230.,18,63,81
WBGene00008231.,2,17,19
WBGene00008232.,17,184,201
WBGene00008233.,9,258,267
WBGene00008234.,22,123,145
WBGene00008235.,12,29,41
WBGene00008236.,32,174,206
WBGene00008237.,91,803,894
WBGene00008238.,24,426,450
WBGene00008239.,40,249,289
WBGene00008240.,15,20,35
WBGene00008241.,9,10,19
WBGene00008242.,4,18,22
WBGene00008243.,12,9,21
WBGene00008244.,0,3,3
WBGene00008245.,0,24,24
WBGene00008246.,6,51,57
WBGene00008247.,130,78,208
WBGene00008248.,18,62,80
WBGene00008249.,33,27,60
WBGene00008250.,16,47,63
WBGene00008251.,26,40,66
WBGene00008252.,42,135,177
WBGene00008253.,2,29,31
WBGene00008254.,187,769,956
WBGene00008255.,102,530,632
WBGene00008256.,44,146,190
WBGene00008257.,18,33,51
WBGene00008258.,34,544,578
WBGene00008259.,6,5,11
WBGene00008260.,35,60,95
WBGene00008261.,19,45,64
WBGene00008262.,1065,27025,28090
WBGene00008263.,120,207,327
WBGene00008265.,213,217,430
WBGene00008266.,46,417,463
WBGene00008267.,12,48,60
WBGene00008268.,2,4,6
WBGene00008269.,7,50,57
WBGene00008270.,159,118,277
WBGene00008271.,21,13,34
WBGene00008272.,49,48,97
WBGene00008273.,144,460,604
WBGene00008274.,292,1815,2107
WBGene00008275.,62,342,404
WBGene00008277.,109,11,120
WBGene00008278.,281,154,435
WBGene00008279.,142,2,144
WBGene00008280.,43,86,129
WBGene00008281.,48,327,375
WBGene00008282.,13,8,21
WBGene00008283.,108,585,693
WBGene00008284.,89,399,488
WBGene00008285.,11,11,22
WBGene00008286.,29,7,36
WBGene00008287.,92,478,570
WBGene00008288.,100,583,683
WBGene00008289.,8,3,11
WBGene00008290.,16,4,20
WBGene00008291.,1,6,7
WBGene00008292.,7,80,87
WBGene00008293.,20,6,26
WBGene00008294.,7,21,28
WBGene00008295.,0,0,0
WBGene00008296.,138,788,926
WBGene00008297.,3,4,7
WBGene00008298.,1121,8604,9725
WBGene00008299.,23,22,45
WBGene00008300.,24,206,230
WBGene00008301.,41,32,73
WBGene00008302.,15,22,37
WBGene00008303.,27,37,64
WBGene00008304.,15,57,72
WBGene00008306.,0,1,1
WBGene00008307.,368,292,660
WBGene00008308.,3,4,7
WBGene00008309.,29,55,84
WBGene00008310.,78,574,652
WBGene00008311.,111,1130,1241
WBGene00008312.,38,15,53
WBGene00008313.,4,12,16
WBGene00008314.,88,86,174
WBGene00008315.,185,827,1012
WBGene00008316.,43,221,264
WBGene00008317.,83,902,985
WBGene00008318.,24,261,285
WBGene00008319.,0,2,2
WBGene00008320.,35,73,108
WBGene00008321.,15,2,17
WBGene00008322.,0,7,7
WBGene00008323.,11,236,247
WBGene00008324.,0,19,19
WBGene00008325.,21,34,55
WBGene00008326.,0,2,2
WBGene00008327.,6,6,12
WBGene00008328.,41,1,42
WBGene00008330.,21,521,542
WBGene00008331.,126,996,1122
WBGene00008332.,71,289,360
WBGene00008333.,21,261,282
WBGene00008334.,105,453,558
WBGene00008335.,60,428,488
WBGene00008336.,14,80,94
WBGene00008337.,6,2,8
WBGene00008338.,165,1127,1292
WBGene00008339.,58,517,575
WBGene00008340.,17,21,38
WBGene00008341.,39,659,698
WBGene00008342.,87,207,294
WBGene00008343.,12,567,579
WBGene00008344.,117,616,733
WBGene00008345.,56,921,977
WBGene00008346.,18,48,66
WBGene00008348.,105,187,292
WBGene00008349.,65,32,97
WBGene00008350.,12,16,28
WBGene00008351.,0,2,2
WBGene00008352.,16,71,87
WBGene00008353.,14,234,248
WBGene00008354.,35,320,355
WBGene00008355.,9,29,38
WBGene00008356.,27,21491,21518
WBGene00008357.,3,2301,2304
WBGene00008358.,26,2053,2079
WBGene00008359.,52,6881,6933
WBGene00008360.,2,3266,3268
WBGene00008361.,54,294,348
WBGene00008362.,69,1153,1222
WBGene00008363.,25,211,236
WBGene00008364.,24,432,456
WBGene00008365.,58,33,91
WBGene00008366.,175,620,795
WBGene00008367.,1,8,9
WBGene00008368.,187,306,493
WBGene00008369.,137,220,357
WBGene00008370.,173,833,1006
WBGene00008371.,182,538,720
WBGene00008372.,24,25,49
WBGene00008373.,12,10,22
WBGene00008374.,14,18,32
WBGene00008375.,28,1055,1083
WBGene00008376.,45,95,140
WBGene00008377.,2,9,11
WBGene00008378.,1,10,11
WBGene00008379.,28,151,179
WBGene00008380.,68,630,698
WBGene00008381.,28,30,58
WBGene00008382.,30,125,155
WBGene00008383.,3,15,18
WBGene00008384.,3,62,65
WBGene00008385.,20,196,216
WBGene00008386.,244,1846,2090
WBGene00008387.,10,59,69
WBGene00008388.,33,147,180
WBGene00008389.,73,704,777
WBGene00008390.,69,266,335
WBGene00008392.,1357,6493,7850
WBGene00008393.,12,37,49
WBGene00008394.,16,15,31
WBGene00008395.,589,3858,4447
WBGene00008396.,0,38,38
WBGene00008397.,0,0,0
WBGene00008398.,637,3236,3873
WBGene00008399.,49,168,217
WBGene00008400.,133,795,928
WBGene00008401.,80,128,208
WBGene00008402.,60,529,589
WBGene00008403.,28,125,153
WBGene00008404.,39,1115,1154
WBGene00008405.,76,2398,2474
WBGene00008407.,370,1011,1381
WBGene00008408.,55,956,1011
WBGene00008409.,97,1824,1921
WBGene00008410.,62,676,738
WBGene00008411.,65,564,629
WBGene00008412.,114,955,1069
WBGene00008413.,65,505,570
WBGene00008414.,516,8302,8818
WBGene00008415.,262,6322,6584
WBGene00008417.,22,236,258
WBGene00008418.,44,191,235
WBGene00008419.,354,2275,2629
WBGene00008420.,328,1093,1421
WBGene00008421.,98,241,339
WBGene00008422.,69,1028,1097
WBGene00008423.,2,23,25
WBGene00008424.,13,111,124
WBGene00008425.,22,87,109
WBGene00008426.,47,234,281
WBGene00008427.,23,37,60
WBGene00008428.,33,731,764
WBGene00008429.,95,585,680
WBGene00008430.,223,1332,1555
WBGene00008431.,194,436,630
WBGene00008432.,165,556,721
WBGene00008433.,1,6,7
WBGene00008434.,46,595,641
WBGene00008435.,80,258,338
WBGene00008436.,219,2277,2496
WBGene00008438.,790,1738,2528
WBGene00008439.,153,543,696
WBGene00008440.,2,138,140
WBGene00008441.,178,338,516
WBGene00008442.,135,413,548
WBGene00008443.,1188,837,2025
WBGene00008444.,475,1033,1508
WBGene00008446.,745,6342,7087
WBGene00008447.,41,337,378
WBGene00008448.,4,15,19
WBGene00008449.,17,54,71
WBGene00008450.,54,740,794
WBGene00008451.,31,117,148
WBGene00008452.,212,2700,2912
WBGene00008453.,346,1353,1699
WBGene00008454.,26,474,500
WBGene00008455.,100,840,940
WBGene00008456.,11,312,323
WBGene00008457.,75,193,268
WBGene00008458.,131,722,853
WBGene00008459.,150,947,1097
WBGene00008460.,147,51,198
WBGene00008462.,64,75,139
WBGene00008463.,0,22,22
WBGene00008464.,7,9,16
WBGene00008465.,41,11,52
WBGene00008468.,25,17,42
WBGene00008470.,5,4,9
WBGene00008471.,9,7,16
WBGene00008472.,54,16,70
WBGene00008473.,22,11,33
WBGene00008474.,9,9,18
WBGene00008475.,25,17,42
WBGene00008476.,34,108,142
WBGene00008477.,2,289,291
WBGene00008478.,5,18,23
WBGene00008479.,11,3,14
WBGene00008480.,126,2759,2885
WBGene00008481.,56,145,201
WBGene00008482.,24,23,47
WBGene00008483.,25,41,66
WBGene00008484.,45,1787,1832
WBGene00008485.,8,18,26
WBGene00008486.,33,1843,1876
WBGene00008487.,69,83,152
WBGene00008488.,38,163,201
WBGene00008489.,26,21,47
WBGene00008490.,31,65,96
WBGene00008491.,85,62,147
WBGene00008492.,65,404,469
WBGene00008493.,6,32,38
WBGene00008494.,27,185,212
WBGene00008495.,63,628,691
WBGene00008496.,18,11,29
WBGene00008497.,25,5,30
WBGene00008498.,41,42,83
WBGene00008499.,48,206,254
WBGene00008500.,122,98,220
WBGene00008501.,1,2,3
WBGene00008502.,134,845,979
WBGene00008503.,11,229,240
WBGene00008504.,36,773,809
WBGene00008505.,334,23863,24197
WBGene00008506.,83,4596,4679
WBGene00008507.,6,15,21
WBGene00008508.,5,17,22
WBGene00008509.,11,316,327
WBGene00008510.,290,1681,1971
WBGene00008511.,54,77,131
WBGene00008512.,23,18,41
WBGene00008513.,74,258,332
WBGene00008514.,42,1440,1482
WBGene00008515.,147,393,540
WBGene00008516.,20,114,134
WBGene00008517.,28,102,130
WBGene00008518.,39,72,111
WBGene00008519.,148,383,531
WBGene00008520.,95,43,138
WBGene00008521.,148,1470,1618
WBGene00008522.,2,536,538
WBGene00008523.,17,1,18
WBGene00008524.,71,5,76
WBGene00008526.,17,20,37
WBGene00008527.,2,7,9
WBGene00008528.,148,1062,1210
WBGene00008529.,55,35,90
WBGene00008530.,268,2700,2968
WBGene00008531.,146,444,590
WBGene00008532.,162,1718,1880
WBGene00008533.,200,470,670
WBGene00008534.,18,7,25
WBGene00008535.,21,17,38
WBGene00008536.,13,19,32
WBGene00008537.,101,20,121
WBGene00008538.,934,5433,6367
WBGene00008539.,25,32,57
WBGene00008540.,38,20,58
WBGene00008541.,6,14,20
WBGene00008542.,28,147,175
WBGene00008543.,35,319,354
WBGene00008545.,43,42,85
WBGene00008546.,157,818,975
WBGene00008547.,196,619,815
WBGene00008548.,67,161,228
WBGene00008549.,493,3832,4325
WBGene00008550.,19,27,46
WBGene00008551.,21,29,50
WBGene00008552.,2,5,7
WBGene00008553.,7,70,77
WBGene00008554.,205,2080,2285
WBGene00008555.,1041,1775,2816
WBGene00008556.,18,11,29
WBGene00008557.,76,210,286
WBGene00008558.,9,56,65
WBGene00008559.,28,38,66
WBGene00008560.,32,166,198
WBGene00008561.,36,56,92
WBGene00008563.,5,731,736
WBGene00008564.,50,329,379
WBGene00008565.,137,544,681
WBGene00008566.,16,36,52
WBGene00008567.,12,166,178
WBGene00008568.,25,20,45
WBGene00008569.,20,167,187
WBGene00008570.,611,519,1130
WBGene00008571.,123,181,304
WBGene00008572.,1092,11298,12390
WBGene00008574.,10,1,11
WBGene00008575.,71,496,567
WBGene00008576.,0,623,623
WBGene00008577.,0,2453,2453
WBGene00008578.,77,202,279
WBGene00008579.,129,259,388
WBGene00008580.,9,35,44
WBGene00008581.,1,2,3
WBGene00008582.,195,2548,2743
WBGene00008583.,373,375,748
WBGene00008584.,271,1575,1846
WBGene00008585.,104,321,425
WBGene00008586.,168,1521,1689
WBGene00008587.,27,125,152
WBGene00008588.,23,142,165
WBGene00008589.,302,1037,1339
WBGene00008590.,0,5,5
WBGene00008591.,9,312,321
WBGene00008592.,5,490,495
WBGene00008593.,8,22,30
WBGene00008594.,32,174,206
WBGene00008595.,47,194,241
WBGene00008596.,36,62,98
WBGene00008597.,69,39,108
WBGene00008598.,36,58,94
WBGene00008599.,36,61,97
WBGene00008600.,250,55,305
WBGene00008601.,1105,1836,2941
WBGene00008602.,491,2157,2648
WBGene00008603.,460,3488,3948
WBGene00008604.,122,460,582
WBGene00008605.,64,91,155
WBGene00008606.,49,301,350
WBGene00008607.,437,1906,2343
WBGene00008609.,62,24,86
WBGene00008610.,210,3235,3445
WBGene00008611.,3,20,23
WBGene00008612.,123,12,135
WBGene00008613.,14,59,73
WBGene00008615.,18,57,75
WBGene00008616.,7,123,130
WBGene00008617.,15,7,22
WBGene00008618.,5,12,17
WBGene00008619.,9,10,19
WBGene00008620.,1,5,6
WBGene00008621.,143,277,420
WBGene00008622.,173,1264,1437
WBGene00008623.,203,11,214
WBGene00008624.,252,1394,1646
WBGene00008625.,12,17,29
WBGene00008626.,19,158,177
WBGene00008627.,18,39,57
WBGene00008628.,207,10359,10566
WBGene00008629.,14,143,157
WBGene00008630.,11,33,44
WBGene00008631.,6,9,15
WBGene00008632.,5,14,19
WBGene00008633.,1,17,18
WBGene00008634.,8,104,112
WBGene00008635.,3,7,10
WBGene00008636.,1,4,5
WBGene00008637.,2,7,9
WBGene00008638.,0,10,10
WBGene00008639.,61,203,264
WBGene00008640.,16,27,43
WBGene00008641.,20,206,226
WBGene00008642.,10,619,629
WBGene00008643.,10,59,69
WBGene00008644.,41,158,199
WBGene00008645.,31,547,578
WBGene00008646.,45,339,384
WBGene00008647.,13,48,61
WBGene00008648.,149,548,697
WBGene00008649.,10,12,22
WBGene00008650.,16,13,29
WBGene00008651.,15,17,32
WBGene00008652.,43,43,86
WBGene00008654.,264,73,337
WBGene00008655.,18,15,33
WBGene00008656.,24,140,164
WBGene00008657.,19,17,36
WBGene00008658.,1,17,18
WBGene00008659.,6,8,14
WBGene00008660.,3,19,22
WBGene00008661.,17,11,28
WBGene00008662.,39,145,184
WBGene00008663.,32,345,377
WBGene00008664.,9,837,846
WBGene00008665.,3633,412,4045
WBGene00008666.,165,654,819
WBGene00008667.,72,218,290
WBGene00008669.,64,401,465
WBGene00008670.,175,598,773
WBGene00008671.,0,73,73
WBGene00008672.,0,19,19
WBGene00008673.,29,6,35
WBGene00008675.,6,6,12
WBGene00008676.,10,8,18
WBGene00008677.,7,50,57
WBGene00008678.,1,27,28
WBGene00008679.,3,3,6
WBGene00008680.,11,17,28
WBGene00008681.,49,277,326
WBGene00008682.,51,1344,1395
WBGene00008683.,154,930,1084
WBGene00008684.,24,212,236
WBGene00008685.,121,531,652
WBGene00008686.,86,403,489
WBGene00008687.,31,432,463
WBGene00008688.,228,1993,2221
WBGene00008690.,217,908,1125
WBGene00008691.,27,448,475
WBGene00008692.,81,109,190
WBGene00008693.,15,73,88
WBGene00008694.,776,3447,4223
WBGene00008695.,45,47,92
WBGene00008696.,1,3,4
WBGene00008698.,22,8,30
WBGene00008699.,1,4,5
WBGene00008700.,8,10,18
WBGene00008701.,12,7,19
WBGene00008702.,9,2,11
WBGene00008703.,2,3,5
WBGene00008706.,1649,3575,5224
WBGene00008707.,12,1329,1341
WBGene00008708.,20,19,39
WBGene00008709.,17,31,48
WBGene00008710.,24,648,672
WBGene00008711.,157,189,346
WBGene00008712.,9,101,110
WBGene00008713.,50,173,223
WBGene00008714.,62,74,136
WBGene00008716.,1,20,21
WBGene00008717.,3,8,11
WBGene00008719.,23,34,57
WBGene00008720.,158,1011,1169
WBGene00008722.,55,470,525
WBGene00008723.,24,18,42
WBGene00008724.,41,33,74
WBGene00008725.,4,7,11
WBGene00008726.,94,329,423
WBGene00008727.,12,46,58
WBGene00008728.,10,24,34
WBGene00008729.,117,2031,2148
WBGene00008730.,50,103,153
WBGene00008731.,69,76,145
WBGene00008732.,72,57,129
WBGene00008733.,40,371,411
WBGene00008734.,3,13,16
WBGene00008735.,626,884,1510
WBGene00008736.,110,110,220
WBGene00008737.,5,27,32
WBGene00008739.,41,163,204
WBGene00008740.,4,241,245
WBGene00008741.,398,2335,2733
WBGene00008742.,36,237,273
WBGene00008743.,32,90,122
WBGene00008744.,127,1316,1443
WBGene00008745.,92,2923,3015
WBGene00008746.,118,200,318
WBGene00008747.,21,77,98
WBGene00008748.,49,651,700
WBGene00008749.,88,487,575
WBGene00008750.,294,394,688
WBGene00008751.,0,5,5
WBGene00008752.,0,10,10
WBGene00008753.,9,8,17
WBGene00008754.,6,15,21
WBGene00008755.,19,61,80
WBGene00008757.,2,69,71
WBGene00008758.,2,11,13
WBGene00008759.,5,23,28
WBGene00008760.,25,466,491
WBGene00008761.,109,914,1023
WBGene00008762.,8,297,305
WBGene00008763.,57,159,216
WBGene00008764.,49,1102,1151
WBGene00008765.,74,3014,3088
WBGene00008766.,106,463,569
WBGene00008767.,54,723,777
WBGene00008768.,945,5739,6684
WBGene00008769.,33,1328,1361
WBGene00008770.,68,787,855
WBGene00008772.,14,7,21
WBGene00008773.,30,190,220
WBGene00008774.,26,353,379
WBGene00008775.,174,653,827
WBGene00008776.,101,190,291
WBGene00008777.,682,2639,3321
WBGene00008778.,6,21,27
WBGene00008779.,149,217,366
WBGene00008780.,194,1119,1313
WBGene00008781.,161,1114,1275
WBGene00008782.,0,6,6
WBGene00008783.,230,890,1120
WBGene00008784.,3,14,17
WBGene00008785.,14,10,24
WBGene00008786.,15,14,29
WBGene00008787.,33,96,129
WBGene00008788.,3,10,13
WBGene00008789.,5,20,25
WBGene00008790.,1,1,2
WBGene00008791.,36,98,134
WBGene00008792.,3,11,14
WBGene00008793.,118,139,257
WBGene00008794.,4,9,13
WBGene00008795.,11,58,69
WBGene00008796.,7,14,21
WBGene00008797.,1,10,11
WBGene00008798.,13,214,227
WBGene00008799.,13,67,80
WBGene00008800.,108,1409,1517
WBGene00008801.,28,22,50
WBGene00008802.,30,61,91
WBGene00008803.,309,2881,3190
WBGene00008804.,34,60,94
WBGene00008805.,89,567,656
WBGene00008806.,37,276,313
WBGene00008807.,12,27,39
WBGene00008808.,77,27,104
WBGene00008809.,20,33,53
WBGene00008810.,163,751,914
WBGene00008811.,3,4,7
WBGene00008812.,14,22,36
WBGene00008813.,0,9,9
WBGene00008814.,17,7,24
WBGene00008815.,12,9,21
WBGene00008816.,8,9,17
WBGene00008817.,0,4,4
WBGene00008818.,16,12,28
WBGene00008819.,404,842,1246
WBGene00008820.,26,2186,2212
WBGene00008821.,42,8,50
WBGene00008822.,30,27,57
WBGene00008823.,4,17,21
WBGene00008824.,7,4,11
WBGene00008825.,8,6,14
WBGene00008826.,2,7,9
WBGene00008827.,6,42,48
WBGene00008828.,5,9,14
WBGene00008829.,37,26,63
WBGene00008830.,3,35,38
WBGene00008831.,17,17,34
WBGene00008832.,116,670,786
WBGene00008833.,16,279,295
WBGene00008834.,14,498,512
WBGene00008835.,5,52,57
WBGene00008837.,7,3,10
WBGene00008838.,24,28,52
WBGene00008839.,7,4,11
WBGene00008840.,13,97,110
WBGene00008841.,1449,7685,9134
WBGene00008842.,12,47,59
WBGene00008843.,8,8,16
WBGene00008844.,2,3,5
WBGene00008847.,3,11,14
WBGene00008848.,8,175,183
WBGene00008849.,72,22,94
WBGene00008850.,10,82,92
WBGene00008851.,87,145,232
WBGene00008852.,5009,2755,7764
WBGene00008853.,15,2,17
WBGene00008854.,41,12,53
WBGene00008855.,12,7,19
WBGene00008856.,295,1532,1827
WBGene00008857.,36,7387,7423
WBGene00008858.,11,17,28
WBGene00008859.,2,221,223
WBGene00008860.,1194,6711,7905
WBGene00008861.,29,345,374
WBGene00008862.,33,82,115
WBGene00008863.,10,18,28
WBGene00008865.,104,1291,1395
WBGene00008866.,102,8,110
WBGene00008868.,137,281,418
WBGene00008869.,35,146,181
WBGene00008870.,10,16,26
WBGene00008871.,25,10,35
WBGene00008872.,20,12,32
WBGene00008873.,25,14,39
WBGene00008874.,39,29,68
WBGene00008875.,5,33,38
WBGene00008876.,244,477,721
WBGene00008877.,46,374,420
WBGene00008878.,1189,1611,2800
WBGene00008879.,85,98,183
WBGene00008880.,80,307,387
WBGene00008881.,17,21,38
WBGene00008882.,107,733,840
WBGene00008883.,10,56,66
WBGene00008884.,34,19,53
WBGene00008885.,39,139,178
WBGene00008886.,105,114,219
WBGene00008887.,29,439,468
WBGene00008889.,7,10,17
WBGene00008890.,44,90,134
WBGene00008891.,8,191,199
WBGene00008892.,30,15,45
WBGene00008893.,20,6,26
WBGene00008894.,87,22,109
WBGene00008897.,42,35,77
WBGene00008898.,12,1,13
WBGene00008899.,46,11,57
WBGene00008900.,15,78,93
WBGene00008901.,1903,8,1911
WBGene00008902.,13,3,16
WBGene00008903.,19,8,27
WBGene00008904.,1,23,24
WBGene00008905.,19,75,94
WBGene00008906.,3,10,13
WBGene00008907.,1,13,14
WBGene00008908.,19,7,26
WBGene00008909.,2,5,7
WBGene00008910.,130,853,983
WBGene00008911.,4,0,4
WBGene00008912.,5,54,59
WBGene00008914.,43,6152,6195
WBGene00008915.,143,4539,4682
WBGene00008916.,51,114,165
WBGene00008917.,33,87,120
WBGene00008918.,17,320,337
WBGene00008919.,194,1431,1625
WBGene00008920.,18628,94597,113225
WBGene00008921.,92,618,710
WBGene00008922.,488,7226,7714
WBGene00008923.,123,222,345
WBGene00008924.,93,309,402
WBGene00008925.,127,2435,2562
WBGene00008926.,102,348,450
WBGene00008927.,242,600,842
WBGene00008928.,2,3,5
WBGene00008929.,63,763,826
WBGene00008930.,817,2454,3271
WBGene00008932.,457,755,1212
WBGene00008933.,3,29,32
WBGene00008934.,177,766,943
WBGene00008935.,14,27,41
WBGene00008936.,83,401,484
WBGene00008937.,10,19,29
WBGene00008939.,160,471,631
WBGene00008940.,102,558,660
WBGene00008941.,165,7,172
WBGene00008942.,7,5,12
WBGene00008943.,19,17,36
WBGene00008944.,234,1863,2097
WBGene00008945.,15,34,49
WBGene00008946.,40,8,48
WBGene00008947.,27,25,52
WBGene00008948.,106,1506,1612
WBGene00008949.,6,44,50
WBGene00008950.,5,18,23
WBGene00008951.,212,616,828
WBGene00008952.,60,189,249
WBGene00008953.,130,252,382
WBGene00008954.,36,60,96
WBGene00008955.,31,62,93
WBGene00008956.,56,114,170
WBGene00008957.,89,891,980
WBGene00008958.,3,15,18
WBGene00008959.,2,15,17
WBGene00008960.,18,12,30
WBGene00008961.,9,264,273
WBGene00008963.,83,939,1022
WBGene00008964.,298,393,691
WBGene00008965.,36,41,77
WBGene00008966.,1,1,2
WBGene00008967.,4,123,127
WBGene00008968.,16,63,79
WBGene00008969.,126,538,664
WBGene00008970.,0,145,145
WBGene00008971.,27,719,746
WBGene00008972.,11,8,19
WBGene00008973.,45,1097,1142
WBGene00008974.,164,651,815
WBGene00008975.,49,1630,1679
WBGene00008976.,3,19,22
WBGene00008977.,39,89,128
WBGene00008978.,69,232,301
WBGene00008979.,51,603,654
WBGene00008980.,141,1453,1594
WBGene00008981.,8,7,15
WBGene00008982.,3,8,11
WBGene00008983.,6,8,14
WBGene00008984.,7,3,10
WBGene00008985.,16,48,64
WBGene00008986.,139,596,735
WBGene00008987.,142,515,657
WBGene00008988.,32,126,158
WBGene00008989.,55,249,304
WBGene00008990.,136,1044,1180
WBGene00008991.,73,45,118
WBGene00008992.,0,58,58
WBGene00008993.,23,116,139
WBGene00008994.,28,32,60
WBGene00008995.,102,139,241
WBGene00008996.,67,355,422
WBGene00008997.,171,214,385
WBGene00008998.,289,1140,1429
WBGene00008999.,722,2262,2984
WBGene00009000.,13,63,76
WBGene00009001.,33,10,43
WBGene00009002.,185,1566,1751
WBGene00009004.,658,8082,8740
WBGene00009005.,25,2,27
WBGene00009006.,29,243,272
WBGene00009007.,39,760,799
WBGene00009008.,258,1028,1286
WBGene00009009.,15,117,132
WBGene00009010.,51,472,523
WBGene00009011.,43,731,774
WBGene00009012.,112,2141,2253
WBGene00009013.,117,1755,1872
WBGene00009014.,14,56,70
WBGene00009015.,47,16,63
WBGene00009016.,68,4,72
WBGene00009017.,0,8,8
WBGene00009018.,38,107,145
WBGene00009019.,3,87,90
WBGene00009020.,17,70,87
WBGene00009021.,0,3,3
WBGene00009023.,56,186,242
WBGene00009024.,11,16,27
WBGene00009025.,52,168,220
WBGene00009026.,29,132,161
WBGene00009027.,153,302,455
WBGene00009028.,50,14,64
WBGene00009029.,38,36,74
WBGene00009030.,21,123,144
WBGene00009031.,20,49,69
WBGene00009032.,25,8,33
WBGene00009033.,7,12,19
WBGene00009035.,15,56,71
WBGene00009036.,16,10,26
WBGene00009038.,61,4,65
WBGene00009039.,28,12,40
WBGene00009041.,4,52,56
WBGene00009042.,63,1043,1106
WBGene00009043.,20,38,58
WBGene00009044.,9,9,18
WBGene00009045.,29,1373,1402
WBGene00009046.,2,13,15
WBGene00009047.,4,1,5
WBGene00009048.,23,1291,1314
WBGene00009049.,131,1764,1895
WBGene00009050.,516,10955,11471
WBGene00009051.,630,5354,5984
WBGene00009052.,86,813,899
WBGene00009054.,78,294,372
WBGene00009055.,107,478,585
WBGene00009056.,280,1660,1940
WBGene00009057.,87,376,463
WBGene00009058.,74,1531,1605
WBGene00009059.,26,156,182
WBGene00009060.,107,132,239
WBGene00009061.,44,32,76
WBGene00009063.,2,7,9
WBGene00009064.,68,396,464
WBGene00009065.,398,819,1217
WBGene00009067.,0,20,20
WBGene00009068.,65,114,179
WBGene00009069.,0,4194,4194
WBGene00009070.,1574,45,1619
WBGene00009071.,21,23,44
WBGene00009073.,45,32,77
WBGene00009075.,15,10,25
WBGene00009076.,0,12,12
WBGene00009077.,11,19,30
WBGene00009078.,1022,3160,4182
WBGene00009079.,1,2,3
WBGene00009081.,87,471,558
WBGene00009082.,56,5179,5235
WBGene00009084.,78,1761,1839
WBGene00009085.,46,16,62
WBGene00009086.,20,39,59
WBGene00009087.,15,666,681
WBGene00009088.,6,4,10
WBGene00009089.,54,224,278
WBGene00009090.,23,506,529
WBGene00009091.,221,4340,4561
WBGene00009092.,211,5866,6077
WBGene00009093.,131,279,410
WBGene00009094.,136,585,721
WBGene00009095.,118,395,513
WBGene00009096.,472,24402,24874
WBGene00009097.,186,16233,16419
WBGene00009098.,448,1254,1702
WBGene00009099.,28,30,58
WBGene00009100.,92,458,550
WBGene00009101.,28,88,116
WBGene00009102.,9,167,176
WBGene00009103.,141,1898,2039
WBGene00009104.,12,13,25
WBGene00009106.,49,377,426
WBGene00009107.,114,123,237
WBGene00009108.,38,23,61
WBGene00009109.,187,262,449
WBGene00009110.,9,462,471
WBGene00009112.,37,860,897
WBGene00009113.,13,41,54
WBGene00009114.,42,12,54
WBGene00009115.,39,13,52
WBGene00009116.,81,602,683
WBGene00009117.,26,24,50
WBGene00009118.,66,1280,1346
WBGene00009119.,1890,196852,198742
WBGene00009120.,163,1178,1341
WBGene00009121.,18,256,274
WBGene00009122.,8,128,136
WBGene00009123.,68,3296,3364
WBGene00009124.,118,334,452
WBGene00009125.,41,128,169
WBGene00009126.,256,5157,5413
WBGene00009127.,114,733,847
WBGene00009128.,0,1069,1069
WBGene00009129.,20,26,46
WBGene00009130.,27,9,36
WBGene00009131.,91,527,618
WBGene00009132.,33,695,728
WBGene00009133.,80,306,386
WBGene00009134.,30,20,50
WBGene00009135.,15,91,106
WBGene00009136.,17,21,38
WBGene00009137.,39,363,402
WBGene00009138.,12,743,755
WBGene00009139.,112,976,1088
WBGene00009140.,108,540,648
WBGene00009141.,771,3667,4438
WBGene00009142.,81,3784,3865
WBGene00009143.,25,19,44
WBGene00009144.,25,39,64
WBGene00009145.,180,447,627
WBGene00009146.,36,95,131
WBGene00009147.,114,41,155
WBGene00009148.,20,38,58
WBGene00009149.,28,21,49
WBGene00009150.,6,2,8
WBGene00009151.,2,1,3
WBGene00009152.,0,1,1
WBGene00009153.,25,74,99
WBGene00009154.,4,16,20
WBGene00009155.,67,248,315
WBGene00009156.,41,159,200
WBGene00009157.,91,236,327
WBGene00009158.,317,986,1303
WBGene00009159.,50,514,564
WBGene00009160.,39,12,51
WBGene00009161.,1625,28923,30548
WBGene00009162.,203,303,506
WBGene00009163.,69,192,261
WBGene00009164.,34,1176,1210
WBGene00009165.,22,676,698
WBGene00009166.,35,34,69
WBGene00009167.,0,0,0
WBGene00009168.,2,21,23
WBGene00009169.,14,15,29
WBGene00009170.,8,14,22
WBGene00009171.,18,8,26
WBGene00009172.,172,296,468
WBGene00009173.,8,33,41
WBGene00009174.,301,877,1178
WBGene00009176.,22,405,427
WBGene00009177.,50,391,441
WBGene00009178.,126,59,185
WBGene00009179.,133,645,778
WBGene00009180.,2160,33506,35666
WBGene00009182.,49,78,127
WBGene00009183.,16,122,138
WBGene00009184.,0,28,28
WBGene00009185.,10,4,14
WBGene00009186.,19,22,41
WBGene00009187.,1133,4591,5724
WBGene00009188.,620,1258,1878
WBGene00009189.,619,5129,5748
WBGene00009190.,115,211,326
WBGene00009191.,12,435,447
WBGene00009192.,84,140,224
WBGene00009193.,33,13,46
WBGene00009194.,57,28,85
WBGene00009195.,0,3,3
WBGene00009196.,44,28,72
WBGene00009197.,38,36,74
WBGene00009200.,125,916,1041
WBGene00009201.,55,643,698
WBGene00009202.,3,41,44
WBGene00009203.,11,81,92
WBGene00009204.,97,182,279
WBGene00009205.,42,194,236
WBGene00009206.,0,0,0
WBGene00009207.,57,889,946
WBGene00009208.,42,41,83
WBGene00009209.,6,5,11
WBGene00009210.,0,4,4
WBGene00009211.,41,1467,1508
WBGene00009212.,6,45,51
WBGene00009213.,0,18,18
WBGene00009214.,1,0,1
WBGene00009215.,0,10,10
WBGene00009216.,0,261,261
WBGene00009217.,80,188,268
WBGene00009218.,85,174,259
WBGene00009219.,104,1242,1346
WBGene00009220.,293,317,610
WBGene00009221.,109,2408,2517
WBGene00009222.,37,141,178
WBGene00009223.,39,310,349
WBGene00009224.,193,155,348
WBGene00009225.,8,35,43
WBGene00009226.,7,73,80
WBGene00009227.,15,7,22
WBGene00009228.,47,16,63
WBGene00009229.,47,18,65
WBGene00009230.,40,16,56
WBGene00009231.,44,137,181
WBGene00009232.,11,24,35
WBGene00009233.,128,439,567
WBGene00009234.,199,225,424
WBGene00009235.,4,7,11
WBGene00009236.,12,56,68
WBGene00009237.,18,1598,1616
WBGene00009238.,7,8,15
WBGene00009239.,31,69,100
WBGene00009240.,41,30,71
WBGene00009241.,10,275,285
WBGene00009242.,27,45,72
WBGene00009243.,30,284,314
WBGene00009245.,204,429,633
WBGene00009246.,119,4600,4719
WBGene00009247.,16,27,43
WBGene00009248.,0,17,17
WBGene00009249.,0,2,2
WBGene00009250.,7,63,70
WBGene00009251.,16,9,25
WBGene00009252.,16,2,18
WBGene00009254.,95,1111,1206
WBGene00009255.,18,23,41
WBGene00009256.,109,694,803
WBGene00009257.,92,74,166
WBGene00009258.,63,194,257
WBGene00009259.,74,1174,1248
WBGene00009260.,63,672,735
WBGene00009261.,8,11,19
WBGene00009262.,65,817,882
WBGene00009263.,39,31,70
WBGene00009264.,218,1069,1287
WBGene00009266.,150,2037,2187
WBGene00009267.,133,954,1087
WBGene00009268.,1,22,23
WBGene00009269.,10,17,27
WBGene00009270.,22,202,224
WBGene00009271.,100,215,315
WBGene00009272.,7,127,134
WBGene00009274.,74,516,590
WBGene00009276.,56,602,658
WBGene00009277.,202,355,557
WBGene00009278.,76,95,171
WBGene00009279.,15,22,37
WBGene00009280.,2,68,70
WBGene00009281.,11,9,20
WBGene00009283.,9,101,110
WBGene00009284.,164,481,645
WBGene00009285.,54,699,753
WBGene00009286.,39,252,291
WBGene00009287.,39,198,237
WBGene00009288.,89,152,241
WBGene00009289.,67,757,824
WBGene00009290.,92,1678,1770
WBGene00009291.,123,294,417
WBGene00009292.,50,78,128
WBGene00009293.,14,60,74
WBGene00009294.,894,7494,8388
WBGene00009295.,6,3,9
WBGene00009296.,7,25,32
WBGene00009297.,4,20,24
WBGene00009298.,2,7,9
WBGene00009299.,3,38,41
WBGene00009300.,0,0,0
WBGene00009301.,11,17,28
WBGene00009302.,1,1,2
WBGene00009303.,59,10,69
WBGene00009304.,239,618,857
WBGene00009305.,144,681,825
WBGene00009306.,15,1359,1374
WBGene00009307.,86,2612,2698
WBGene00009308.,14,11,25
WBGene00009309.,2,5,7
WBGene00009310.,17,14,31
WBGene00009311.,36,23,59
WBGene00009312.,1011,29,1040
WBGene00009313.,8,15,23
WBGene00009314.,388,1027,1415
WBGene00009315.,266,1058,1324
WBGene00009316.,3,3,6
WBGene00009318.,33,11,44
WBGene00009319.,129,2250,2379
WBGene00009320.,123,335,458
WBGene00009321.,10,10,20
WBGene00009322.,137,1077,1214
WBGene00009323.,20,338,358
WBGene00009324.,23,34,57
WBGene00009325.,128,278,406
WBGene00009326.,34,68,102
WBGene00009327.,22,12,34
WBGene00009328.,0,13,13
WBGene00009329.,72,356,428
WBGene00009330.,58,1897,1955
WBGene00009331.,12,58,70
WBGene00009332.,12,23,35
WBGene00009333.,31,545,576
WBGene00009334.,247,1748,1995
WBGene00009335.,39,117,156
WBGene00009336.,87,1117,1204
WBGene00009337.,593,1981,2574
WBGene00009338.,81,9,90
WBGene00009339.,8,115,123
WBGene00009340.,173,1075,1248
WBGene00009341.,21,271,292
WBGene00009342.,245,4475,4720
WBGene00009343.,87,280,367
WBGene00009344.,4,0,4
WBGene00009345.,48,4,52
WBGene00009346.,34,96,130
WBGene00009347.,94,456,550
WBGene00009349.,1,158,159
WBGene00009350.,89,92,181
WBGene00009352.,63,840,903
WBGene00009353.,215,7434,7649
WBGene00009354.,176,241,417
WBGene00009355.,22,249,271
WBGene00009356.,74,19,93
WBGene00009357.,102,53,155
WBGene00009358.,139,1171,1310
WBGene00009359.,11,7,18
WBGene00009360.,18,9,27
WBGene00009361.,33,121,154
WBGene00009362.,5,12,17
WBGene00009363.,1,0,1
WBGene00009364.,11,375,386
WBGene00009365.,73,518,591
WBGene00009366.,79,338,417
WBGene00009367.,341,4407,4748
WBGene00009368.,129,688,817
WBGene00009369.,91,549,640
WBGene00009370.,81,148,229
WBGene00009371.,74,206,280
WBGene00009372.,170,585,755
WBGene00009373.,79,440,519
WBGene00009374.,326,3247,3573
WBGene00009375.,292,934,1226
WBGene00009377.,5,1,6
WBGene00009378.,0,1,1
WBGene00009380.,38,447,485
WBGene00009381.,11,17,28
WBGene00009382.,5,14,19
WBGene00009383.,984,8397,9381
WBGene00009384.,0,58,58
WBGene00009385.,59,625,684
WBGene00009386.,6,79,85
WBGene00009387.,38,66,104
WBGene00009388.,434,4141,4575
WBGene00009389.,139,601,740
WBGene00009390.,41,42,83
WBGene00009391.,10,3,13
WBGene00009392.,14,2,16
WBGene00009393.,31,169,200
WBGene00009394.,534,3705,4239
WBGene00009395.,9,35,44
WBGene00009396.,76,448,524
WBGene00009397.,27,354,381
WBGene00009398.,0,17,17
WBGene00009399.,36,97,133
WBGene00009400.,50,35,85
WBGene00009401.,6,167,173
WBGene00009402.,4,18,22
WBGene00009403.,12,141,153
WBGene00009404.,9,142,151
WBGene00009405.,26,469,495
WBGene00009406.,98,389,487
WBGene00009408.,5,184,189
WBGene00009409.,7,2,9
WBGene00009410.,6,4,10
WBGene00009411.,7,19,26
WBGene00009412.,20,8,28
WBGene00009413.,34,14,48
WBGene00009414.,23,13,36
WBGene00009415.,2,1,3
WBGene00009416.,19,23,42
WBGene00009417.,12,10,22
WBGene00009418.,3,18,21
WBGene00009419.,0,0,0
WBGene00009420.,0,4,4
WBGene00009421.,4,14,18
WBGene00009422.,1,1,2
WBGene00009423.,0,897,897
WBGene00009424.,26,68,94
WBGene00009425.,18,5,23
WBGene00009426.,4,2,6
WBGene00009427.,6,19,25
WBGene00009428.,29,33,62
WBGene00009429.,10,65,75
WBGene00009430.,125,717,842
WBGene00009431.,61,357,418
WBGene00009432.,42,493,535
WBGene00009433.,106,464,570
WBGene00009434.,89,448,537
WBGene00009435.,63,543,606
WBGene00009436.,24,1662,1686
WBGene00009437.,22,46,68
WBGene00009438.,28,21,49
WBGene00009439.,353,1638,1991
WBGene00009440.,172,4340,4512
WBGene00009441.,46,304,350
WBGene00009442.,37,86,123
WBGene00009443.,94,1029,1123
WBGene00009444.,69,694,763
WBGene00009445.,45,810,855
WBGene00009446.,1,2,3
WBGene00009447.,20,45,65
WBGene00009448.,27,423,450
WBGene00009449.,21,7,28
WBGene00009450.,17,515,532
WBGene00009451.,166,1440,1606
WBGene00009452.,180,501,681
WBGene00009453.,152,347,499
WBGene00009454.,2601,20026,22627
WBGene00009455.,260,1673,1933
WBGene00009456.,119,651,770
WBGene00009457.,4,17,21
WBGene00009458.,10,5,15
WBGene00009459.,6,14,20
WBGene00009460.,208,1875,2083
WBGene00009461.,96,237,333
WBGene00009462.,62,55,117
WBGene00009463.,7,1,8
WBGene00009464.,10,7,17
WBGene00009465.,8,14,22
WBGene00009466.,73,459,532
WBGene00009467.,18,9,27
WBGene00009468.,59,106,165
WBGene00009469.,55,229,284
WBGene00009470.,8,17,25
WBGene00009471.,20,25,45
WBGene00009472.,11,6,17
WBGene00009473.,6,2,8
WBGene00009474.,4,1,5
WBGene00009475.,655,2623,3278
WBGene00009476.,111,738,849
WBGene00009477.,349,1996,2345
WBGene00009478.,69,989,1058
WBGene00009479.,58,535,593
WBGene00009480.,35,38,73
WBGene00009481.,2,91,93
WBGene00009482.,308,987,1295
WBGene00009483.,13,237,250
WBGene00009484.,139,264,403
WBGene00009485.,31,36,67
WBGene00009486.,11,16,27
WBGene00009487.,19,32,51
WBGene00009488.,14,23,37
WBGene00009489.,7,37,44
WBGene00009490.,4,36,40
WBGene00009491.,13,2,15
WBGene00009492.,13,11,24
WBGene00009493.,6,61,67
WBGene00009494.,8,45,53
WBGene00009495.,28,3048,3076
WBGene00009496.,11,30,41
WBGene00009497.,12,6,18
WBGene00009498.,280,877,1157
WBGene00009499.,142,635,777
WBGene00009500.,83,648,731
WBGene00009501.,2,1,3
WBGene00009502.,4,5,9
WBGene00009503.,91,1110,1201
WBGene00009504.,8,193,201
WBGene00009505.,14,469,483
WBGene00009507.,159,474,633
WBGene00009508.,83,532,615
WBGene00009509.,6,44,50
WBGene00009510.,4,52,56
WBGene00009511.,50,70,120
WBGene00009512.,38,900,938
WBGene00009513.,14,21,35
WBGene00009514.,2513,14423,16936
WBGene00009515.,78,103,181
WBGene00009517.,37,8,45
WBGene00009518.,38,140,178
WBGene00009519.,6,4,10
WBGene00009520.,17,8,25
WBGene00009521.,466,1662,2128
WBGene00009522.,15,27,42
WBGene00009523.,5,9,14
WBGene00009524.,8,3,11
WBGene00009525.,10,0,10
WBGene00009526.,49,95,144
WBGene00009527.,29,26,55
WBGene00009528.,48,90,138
WBGene00009529.,10,496,506
WBGene00009530.,193,179,372
WBGene00009531.,1275,7037,8312
WBGene00009532.,597,1245,1842
WBGene00009533.,34,195,229
WBGene00009534.,122,1755,1877
WBGene00009535.,60,2,62
WBGene00009536.,47,108,155
WBGene00009537.,1,17,18
WBGene00009538.,14,2,16
WBGene00009539.,0,6,6
WBGene00009540.,23,10,33
WBGene00009541.,93,72,165
WBGene00009542.,47,1500,1547
WBGene00009543.,49,106,155
WBGene00009544.,86,271,357
WBGene00009546.,2,10,12
WBGene00009547.,83,305,388
WBGene00009548.,13,21,34
WBGene00009549.,1,9,10
WBGene00009550.,2,5,7
WBGene00009551.,26,117,143
WBGene00009552.,127,546,673
WBGene00009553.,26,444,470
WBGene00009554.,32,679,711
WBGene00009555.,0,0,0
WBGene00009556.,32,272,304
WBGene00009557.,58,116,174
WBGene00009558.,173,829,1002
WBGene00009559.,32,1649,1681
WBGene00009560.,164,100,264
WBGene00009561.,76,42,118
WBGene00009562.,466,5085,5551
WBGene00009563.,115,1421,1536
WBGene00009565.,114,717,831
WBGene00009566.,0,3,3
WBGene00009567.,8,11,19
WBGene00009568.,11,2,13
WBGene00009569.,22,21,43
WBGene00009570.,15,24,39
WBGene00009571.,8,15,23
WBGene00009572.,2,47,49
WBGene00009573.,7,14,21
WBGene00009574.,207,1608,1815
WBGene00009575.,32,3185,3217
WBGene00009576.,4,71,75
WBGene00009577.,636,4171,4807
WBGene00009578.,343,5313,5656
WBGene00009579.,116,203,319
WBGene00009580.,94,2194,2288
WBGene00009581.,22,50,72
WBGene00009582.,83,285,368
WBGene00009583.,202,2769,2971
WBGene00009584.,1278,7094,8372
WBGene00009585.,24,18,42
WBGene00009586.,76,923,999
WBGene00009587.,198,1462,1660
WBGene00009588.,3888,763,4651
WBGene00009589.,2311,802,3113
WBGene00009590.,0,0,0
WBGene00009592.,18,4,22
WBGene00009593.,44,9,53
WBGene00009594.,402,1158,1560
WBGene00009595.,109,158,267
WBGene00009596.,20,6,26
WBGene00009597.,29,54,83
WBGene00009598.,23,75,98
WBGene00009599.,1,2,3
WBGene00009600.,9,41,50
WBGene00009601.,32,110,142
WBGene00009602.,87,19,106
WBGene00009603.,13,17,30
WBGene00009604.,0,9,9
WBGene00009605.,16,7,23
WBGene00009606.,8,18,26
WBGene00009607.,8,9,17
WBGene00009608.,21,78,99
WBGene00009609.,6,4,10
WBGene00009610.,1,0,1
WBGene00009611.,19,32,51
WBGene00009612.,2,23,25
WBGene00009613.,4,2,6
WBGene00009614.,25,19,44
WBGene00009615.,2,0,2
WBGene00009616.,7,1,8
WBGene00009617.,59,143,202
WBGene00009618.,70,54,124
WBGene00009619.,95,195,290
WBGene00009620.,914,2283,3197
WBGene00009621.,0,4698,4698
WBGene00009622.,28,28,56
WBGene00009623.,873,471,1344
WBGene00009624.,1966,3871,5837
WBGene00009625.,58,37,95
WBGene00009626.,71,359,430
WBGene00009627.,28,260,288
WBGene00009628.,9,540,549
WBGene00009629.,185,115,300
WBGene00009630.,15,20,35
WBGene00009631.,0,3,3
WBGene00009632.,197,1047,1244
WBGene00009633.,10,28,38
WBGene00009634.,8,437,445
WBGene00009635.,38,282,320
WBGene00009636.,41,132,173
WBGene00009637.,1,130,131
WBGene00009638.,51,4976,5027
WBGene00009639.,2,951,953
WBGene00009640.,4,148,152
WBGene00009641.,16,7,23
WBGene00009642.,31,102,133
WBGene00009643.,0,14,14
WBGene00009644.,4,10,14
WBGene00009645.,132,525,657
WBGene00009646.,3,3,6
WBGene00009647.,85,52,137
WBGene00009648.,9,258,267
WBGene00009649.,65,63,128
WBGene00009650.,56,777,833
WBGene00009651.,34,9,43
WBGene00009652.,18,14,32
WBGene00009653.,118,194,312
WBGene00009654.,276,599,875
WBGene00009656.,6,69,75
WBGene00009657.,122,349,471
WBGene00009658.,0,15,15
WBGene00009659.,0,2,2
WBGene00009660.,305,1936,2241
WBGene00009661.,88,1690,1778
WBGene00009662.,5,3,8
WBGene00009663.,11,17,28
WBGene00009664.,268,6889,7157
WBGene00009665.,19,381,400
WBGene00009666.,69,1235,1304
WBGene00009667.,299,191,490
WBGene00009668.,83,1065,1148
WBGene00009670.,4,11,15
WBGene00009671.,158,1698,1856
WBGene00009672.,185,927,1112
WBGene00009673.,64,186,250
WBGene00009674.,194,1537,1731
WBGene00009675.,15,26,41
WBGene00009676.,101,476,577
WBGene00009677.,13,156,169
WBGene00009678.,83,316,399
WBGene00009679.,40,128,168
WBGene00009680.,0,0,0
WBGene00009681.,1,13,14
WBGene00009682.,0,0,0
WBGene00009683.,15,15,30
WBGene00009684.,0,0,0
WBGene00009685.,18,14,32
WBGene00009686.,64,80,144
WBGene00009687.,5,5,10
WBGene00009688.,2911,15714,18625
WBGene00009689.,14,15,29
WBGene00009690.,39,17,56
WBGene00009691.,0,119100,119100
WBGene00009692.,0,34376,34376
WBGene00009693.,7,7,14
WBGene00009695.,28,15,43
WBGene00009696.,8,42,50
WBGene00009697.,0,44,44
WBGene00009698.,2,46,48
WBGene00009700.,126,624,750
WBGene00009701.,4,66,70
WBGene00009702.,28,176,204
WBGene00009704.,3,3,6
WBGene00009705.,9,7,16
WBGene00009706.,26,63,89
WBGene00009707.,10,3,13
WBGene00009708.,52,13,65
WBGene00009709.,62,44,106
WBGene00009710.,100,521,621
WBGene00009711.,200,1248,1448
WBGene00009712.,18,4936,4954
WBGene00009713.,633,2020,2653
WBGene00009714.,0,16,16
WBGene00009715.,49,916,965
WBGene00009716.,17,60,77
WBGene00009717.,282,1206,1488
WBGene00009720.,9,14,23
WBGene00009721.,14,4,18
WBGene00009722.,22,1077,1099
WBGene00009723.,39,1941,1980
WBGene00009724.,18,1972,1990
WBGene00009725.,6,5,11
WBGene00009726.,110,181,291
WBGene00009727.,69,132,201
WBGene00009728.,6,28,34
WBGene00009729.,36,112,148
WBGene00009730.,888,3113,4001
WBGene00009731.,51,339,390
WBGene00009732.,380,3510,3890
WBGene00009733.,15,179,194
WBGene00009734.,185,1437,1622
WBGene00009735.,41,156,197
WBGene00009736.,175,523,698
WBGene00009738.,178,173,351
WBGene00009739.,2402,5144,7546
WBGene00009740.,517,6988,7505
WBGene00009741.,92,407,499
WBGene00009742.,1,245,246
WBGene00009743.,42,105,147
WBGene00009744.,61,343,404
WBGene00009745.,50,470,520
WBGene00009746.,0,6,6
WBGene00009747.,0,5,5
WBGene00009748.,1,3,4
WBGene00009749.,18,2,20
WBGene00009750.,0,2,2
WBGene00009751.,1,7,8
WBGene00009752.,0,6,6
WBGene00009753.,11,15,26
WBGene00009754.,3,14,17
WBGene00009755.,10,18,28
WBGene00009756.,7,4,11
WBGene00009757.,13,26,39
WBGene00009758.,11,1,12
WBGene00009759.,5,2,7
WBGene00009760.,3,25,28
WBGene00009761.,2,6,8
WBGene00009762.,4,1,5
WBGene00009763.,12,13,25
WBGene00009764.,3,9,12
WBGene00009765.,4,8,12
WBGene00009766.,28,3,31
WBGene00009767.,1,19,20
WBGene00009768.,29,27,56
WBGene00009769.,24,388,412
WBGene00009770.,122,593,715
WBGene00009771.,101,1192,1293
WBGene00009772.,182,11715,11897
WBGene00009773.,19,494,513
WBGene00009774.,18,323,341
WBGene00009775.,2,29,31
WBGene00009776.,73,504,577
WBGene00009777.,18,13,31
WBGene00009778.,2,22,24
WBGene00009779.,131,606,737
WBGene00009780.,84,153,237
WBGene00009781.,234,855,1089
WBGene00009782.,20,143,163
WBGene00009783.,100,1430,1530
WBGene00009784.,41,1129,1170
WBGene00009785.,43,343,386
WBGene00009786.,5,44,49
WBGene00009787.,501,31928,32429
WBGene00009788.,14,15,29
WBGene00009789.,148,157,305
WBGene00009790.,32,113,145
WBGene00009791.,12,42,54
WBGene00009793.,23,1135,1158
WBGene00009796.,122,1167,1289
WBGene00009797.,204,1437,1641
WBGene00009798.,19,42,61
WBGene00009799.,165,484,649
WBGene00009800.,141,538,679
WBGene00009801.,44,485,529
WBGene00009802.,1,9,10
WBGene00009803.,104,928,1032
WBGene00009804.,164,2097,2261
WBGene00009805.,3,6,9
WBGene00009806.,13,12,25
WBGene00009807.,8,29,37
WBGene00009808.,5,27,32
WBGene00009809.,21,156,177
WBGene00009810.,6,60,66
WBGene00009811.,10,34,44
WBGene00009812.,71,5076,5147
WBGene00009813.,194,1740,1934
WBGene00009814.,18,18,36
WBGene00009815.,0,13,13
WBGene00009816.,18,8,26
WBGene00009817.,5,11,16
WBGene00009818.,174,614,788
WBGene00009819.,71,300,371
WBGene00009820.,19,54,73
WBGene00009822.,31,22,53
WBGene00009823.,88,100,188
WBGene00009824.,18,138,156
WBGene00009825.,99,247,346
WBGene00009826.,11,35,46
WBGene00009827.,46,19,65
WBGene00009828.,34,6,40
WBGene00009829.,143,2601,2744
WBGene00009830.,28,56,84
WBGene00009831.,46,375,421
WBGene00009833.,7,2,9
WBGene00009834.,6,23,29
WBGene00009835.,98,39,137
WBGene00009836.,22,9,31
WBGene00009837.,1,8,9
WBGene00009838.,30,10,40
WBGene00009839.,23,23,46
WBGene00009840.,41,20,61
WBGene00009841.,17,7,24
WBGene00009842.,64,366,430
WBGene00009843.,42,605,647
WBGene00009844.,117,84,201
WBGene00009846.,142,104,246
WBGene00009848.,348,1350,1698
WBGene00009849.,19,21,40
WBGene00009850.,31,438,469
WBGene00009851.,36,1147,1183
WBGene00009852.,17,28,45
WBGene00009853.,0,42,42
WBGene00009854.,9,8,17
WBGene00009855.,6,2,8
WBGene00009856.,12,2,14
WBGene00009857.,1,10,11
WBGene00009858.,0,6,6
WBGene00009859.,13,15,28
WBGene00009860.,15,14,29
WBGene00009861.,2,7,9
WBGene00009862.,3,29,32
WBGene00009863.,5,4,9
WBGene00009864.,25,4,29
WBGene00009865.,124,547,671
WBGene00009866.,0,0,0
WBGene00009867.,52,14,66
WBGene00009868.,0,1,1
WBGene00009869.,13,7,20
WBGene00009871.,21,10,31
WBGene00009872.,6,8,14
WBGene00009873.,7,2,9
WBGene00009874.,9,4,13
WBGene00009875.,28,11,39
WBGene00009876.,23,96,119
WBGene00009877.,30,111,141
WBGene00009878.,26,755,781
WBGene00009879.,36,53,89
WBGene00009880.,389,3000,3389
WBGene00009881.,181,2990,3171
WBGene00009882.,68,4131,4199
WBGene00009883.,48,141,189
WBGene00009884.,17,38,55
WBGene00009885.,38,104,142
WBGene00009886.,174,520,694
WBGene00009887.,59,376,435
WBGene00009888.,3250,18589,21839
WBGene00009889.,50,111,161
WBGene00009890.,11,25,36
WBGene00009891.,31,52,83
WBGene00009892.,4,6,10
WBGene00009893.,16,6,22
WBGene00009894.,5,16,21
WBGene00009895.,172,1226,1398
WBGene00009896.,314,2910,3224
WBGene00009897.,44,35,79
WBGene00009898.,4,17,21
WBGene00009899.,126,587,713
WBGene00009900.,7,52,59
WBGene00009901.,62,421,483
WBGene00009902.,13,53,66
WBGene00009903.,25,60,85
WBGene00009904.,22,38,60
WBGene00009905.,13,0,13
WBGene00009906.,19,4,23
WBGene00009907.,24,6,30
WBGene00009908.,10,24,34
WBGene00009909.,0,3,3
WBGene00009910.,7,9,16
WBGene00009911.,5,7,12
WBGene00009912.,30,6,36
WBGene00009913.,1,1,2
WBGene00009914.,2,9,11
WBGene00009915.,37,3008,3045
WBGene00009916.,71,258,329
WBGene00009917.,257,1150,1407
WBGene00009918.,53,2290,2343
WBGene00009919.,174,1286,1460
WBGene00009920.,765,4709,5474
WBGene00009921.,9,126,135
WBGene00009922.,45,387,432
WBGene00009923.,34,160,194
WBGene00009924.,92,843,935
WBGene00009925.,10,1472,1482
WBGene00009926.,100,1246,1346
WBGene00009927.,80,168,248
WBGene00009929.,68,45,113
WBGene00009930.,16,319,335
WBGene00009931.,35,120,155
WBGene00009933.,1,2,3
WBGene00009935.,156,397,553
WBGene00009936.,0,0,0
WBGene00009937.,97,340,437
WBGene00009938.,12,17,29
WBGene00009939.,97,511,608
WBGene00009940.,180,2462,2642
WBGene00009941.,2,6,8
WBGene00009942.,25,53,78
WBGene00009943.,75,104,179
WBGene00009944.,48,746,794
WBGene00009945.,256,1685,1941
WBGene00009946.,18,106,124
WBGene00009947.,89,467,556
WBGene00009948.,7,71,78
WBGene00009949.,33,102,135
WBGene00009950.,13,41,54
WBGene00009951.,78,190,268
WBGene00009952.,605,7108,7713
WBGene00009953.,61,245,306
WBGene00009954.,3,9,12
WBGene00009955.,0,233,233
WBGene00009956.,18,3,21
WBGene00009957.,212,1499,1711
WBGene00009958.,223,1043,1266
WBGene00009959.,3,11,14
WBGene00009960.,0,0,0
WBGene00009961.,17,6,23
WBGene00009962.,101,6,107
WBGene00009963.,19,20,39
WBGene00009964.,40,189,229
WBGene00009965.,63,165,228
WBGene00009966.,59,960,1019
WBGene00009967.,28,37,65
WBGene00009968.,206,1073,1279
WBGene00009969.,109,564,673
WBGene00009971.,48,120,168
WBGene00009972.,35,36,71
WBGene00009973.,487,4289,4776
WBGene00009974.,422,4116,4538
WBGene00009975.,801,1393,2194
WBGene00009976.,72,576,648
WBGene00009977.,107,467,574
WBGene00009978.,1165,1424,2589
WBGene00009979.,111,19,130
WBGene00009980.,81,1102,1183
WBGene00009981.,27,222,249
WBGene00009982.,70,16819,16889
WBGene00009983.,1,80,81
WBGene00009984.,72,106,178
WBGene00009985.,29,201,230
WBGene00009986.,27,141,168
WBGene00009987.,92,920,1012
WBGene00009988.,63,40,103
WBGene00009990.,7,7,14
WBGene00009991.,20,49,69
WBGene00009992.,717,10655,11372
WBGene00009993.,17,4239,4256
WBGene00009994.,39,387,426
WBGene00009995.,11953,45676,57629
WBGene00009996.,57,983,1040
WBGene00009997.,1,18,19
WBGene00009998.,31,6,37
WBGene00009999.,16,18,34
WBGene00010000.,3,18,21
WBGene00010001.,14,950,964
WBGene00010002.,76,499,575
WBGene00010003.,224,337,561
WBGene00010004.,78,47,125
WBGene00010005.,12,5,17
WBGene00010006.,560,473,1033
WBGene00010007.,1,3,4
WBGene00010008.,22,36,58
WBGene00010009.,31,171,202
WBGene00010010.,97,247,344
WBGene00010011.,51,90,141
WBGene00010012.,894,3773,4667
WBGene00010013.,175,1959,2134
WBGene00010014.,3,59,62
WBGene00010015.,89,4171,4260
WBGene00010016.,3,9,12
WBGene00010017.,1,1,2
WBGene00010018.,2,60,62
WBGene00010019.,82,209,291
WBGene00010020.,2,4,6
WBGene00010021.,1,5,6
WBGene00010022.,4,13,17
WBGene00010023.,5,12,17
WBGene00010024.,3,9,12
WBGene00010025.,6,8,14
WBGene00010026.,7,11,18
WBGene00010027.,37,43,80
WBGene00010028.,45,478,523
WBGene00010030.,0,28,28
WBGene00010031.,36,230,266
WBGene00010032.,95,499,594
WBGene00010033.,57,439,496
WBGene00010034.,28,23,51
WBGene00010035.,12,25,37
WBGene00010036.,7,37,44
WBGene00010037.,283,3877,4160
WBGene00010038.,70,628,698
WBGene00010039.,162,386,548
WBGene00010040.,40,720,760
WBGene00010041.,0,737,737
WBGene00010042.,63,718,781
WBGene00010043.,83,377,460
WBGene00010044.,344,1927,2271
WBGene00010045.,160,973,1133
WBGene00010046.,14,43,57
WBGene00010047.,98,849,947
WBGene00010048.,66,266,332
WBGene00010049.,384,1258,1642
WBGene00010050.,254,873,1127
WBGene00010051.,51,380,431
WBGene00010052.,32,1811,1843
WBGene00010053.,0,13,13
WBGene00010054.,0,317,317
WBGene00010055.,1774,5783,7557
WBGene00010056.,11,742,753
WBGene00010057.,162,573,735
WBGene00010058.,46,12,58
WBGene00010059.,87,1444,1531
WBGene00010060.,67,100,167
WBGene00010061.,45,492,537
WBGene00010062.,28,101,129
WBGene00010063.,46,156,202
WBGene00010064.,13,145,158
WBGene00010065.,3,13,16
WBGene00010066.,6,10,16
WBGene00010067.,8,4,12
WBGene00010068.,8,23,31
WBGene00010069.,82,46,128
WBGene00010070.,672,2476,3148
WBGene00010071.,369,58,427
WBGene00010072.,24,70,94
WBGene00010073.,215,275,490
WBGene00010074.,57,102,159
WBGene00010075.,23,1751,1774
WBGene00010077.,62,152,214
WBGene00010079.,262,562,824
WBGene00010080.,48,282,330
WBGene00010081.,11,67,78
WBGene00010082.,6,163,169
WBGene00010083.,200,411,611
WBGene00010084.,4,7,11
WBGene00010085.,4,6,10
WBGene00010086.,1196,334,1530
WBGene00010087.,4,10,14
WBGene00010088.,14,39,53
WBGene00010089.,61,297,358
WBGene00010091.,0,3,3
WBGene00010092.,16,10,26
WBGene00010093.,20,505,525
WBGene00010094.,104,2746,2850
WBGene00010095.,22,58,80
WBGene00010096.,188,716,904
WBGene00010097.,74,1725,1799
WBGene00010098.,4,4,8
WBGene00010099.,8,4,12
WBGene00010100.,15,4,19
WBGene00010101.,3,24,27
WBGene00010102.,1,26,27
WBGene00010103.,20,2,22
WBGene00010104.,1,8,9
WBGene00010105.,9,15,24
WBGene00010106.,1,28,29
WBGene00010107.,0,25,25
WBGene00010108.,7,35,42
WBGene00010109.,62,882,944
WBGene00010110.,89,410,499
WBGene00010111.,114,468,582
WBGene00010112.,16,23,39
WBGene00010113.,137,514,651
WBGene00010114.,6,2,8
WBGene00010115.,104,510,614
WBGene00010116.,84,80,164
WBGene00010117.,260,2733,2993
WBGene00010118.,29,35,64
WBGene00010119.,27,25,52
WBGene00010120.,37,21,58
WBGene00010121.,38,32,70
WBGene00010122.,4,8,12
WBGene00010123.,33,203,236
WBGene00010124.,25,76,101
WBGene00010125.,18,31,49
WBGene00010126.,11,5,16
WBGene00010127.,5,8,13
WBGene00010128.,36,197,233
WBGene00010129.,8,7,15
WBGene00010130.,135,3656,3791
WBGene00010131.,24,508,532
WBGene00010132.,160,426,586
WBGene00010133.,982,560,1542
WBGene00010134.,136,196,332
WBGene00010135.,1,571,572
WBGene00010136.,34,14,48
WBGene00010137.,107,164,271
WBGene00010138.,61,41,102
WBGene00010139.,217,3133,3350
WBGene00010140.,33,163,196
WBGene00010141.,51,252,303
WBGene00010142.,26,139,165
WBGene00010143.,33,94,127
WBGene00010144.,38,162,200
WBGene00010145.,76,13,89
WBGene00010146.,315,683,998
WBGene00010147.,5,1,6
WBGene00010148.,17,116,133
WBGene00010149.,0,9,9
WBGene00010150.,384,465,849
WBGene00010152.,4,36,40
WBGene00010153.,2,16,18
WBGene00010155.,16,17,33
WBGene00010157.,27,18,45
WBGene00010158.,3,1,4
WBGene00010159.,322,621,943
WBGene00010160.,185,392,577
WBGene00010161.,262,364,626
WBGene00010162.,3,15,18
WBGene00010163.,37,95,132
WBGene00010165.,17,9,26
WBGene00010166.,3,0,3
WBGene00010167.,17,2,19
WBGene00010168.,26,21,47
WBGene00010169.,14,17,31
WBGene00010170.,8,2,10
WBGene00010171.,9,5,14
WBGene00010172.,19,4,23
WBGene00010173.,13,8,21
WBGene00010174.,436,3765,4201
WBGene00010175.,136,358,494
WBGene00010176.,20,24,44
WBGene00010177.,486,2411,2897
WBGene00010178.,129,876,1005
WBGene00010179.,98,359,457
WBGene00010180.,3,3,6
WBGene00010181.,26,6,32
WBGene00010182.,14,20,34
WBGene00010183.,3,54,57
WBGene00010184.,5,11,16
WBGene00010185.,3,17,20
WBGene00010186.,17,45,62
WBGene00010187.,23,17,40
WBGene00010188.,17,154,171
WBGene00010189.,30,31,61
WBGene00010191.,55,1159,1214
WBGene00010192.,10,226,236
WBGene00010193.,4,127,131
WBGene00010194.,2,41,43
WBGene00010195.,8,68,76
WBGene00010196.,6,9,15
WBGene00010197.,41,710,751
WBGene00010198.,51,201,252
WBGene00010199.,94,1803,1897
WBGene00010200.,175,146,321
WBGene00010202.,11,237,248
WBGene00010203.,2,15,17
WBGene00010204.,49,4734,4783
WBGene00010205.,34,62,96
WBGene00010206.,0,3,3
WBGene00010209.,8,8,16
WBGene00010212.,316,27,343
WBGene00010214.,68,113,181
WBGene00010215.,13,17,30
WBGene00010216.,9,15,24
WBGene00010217.,19,22,41
WBGene00010218.,24,23,47
WBGene00010219.,7,13,20
WBGene00010220.,23,8,31
WBGene00010221.,55,2780,2835
WBGene00010222.,63,35,98
WBGene00010223.,28,32,60
WBGene00010224.,115,313,428
WBGene00010225.,74,684,758
WBGene00010226.,9,25,34
WBGene00010227.,22,176,198
WBGene00010228.,146,28,174
WBGene00010229.,80,348,428
WBGene00010230.,92,1459,1551
WBGene00010231.,221,1977,2198
WBGene00010232.,135,2810,2945
WBGene00010233.,51,336,387
WBGene00010234.,3,312,315
WBGene00010235.,71,740,811
WBGene00010236.,61,1004,1065
WBGene00010237.,3,15,18
WBGene00010238.,28,216,244
WBGene00010239.,33,389,422
WBGene00010240.,49,4,53
WBGene00010241.,3,12,15
WBGene00010242.,142,371,513
WBGene00010243.,20,44,64
WBGene00010244.,190,5847,6037
WBGene00010245.,2,24,26
WBGene00010246.,5,11,16
WBGene00010247.,23,6,29
WBGene00010248.,57,89,146
WBGene00010249.,81,0,81
WBGene00010250.,75,21,96
WBGene00010251.,175,491,666
WBGene00010253.,16,72,88
WBGene00010254.,1,23,24
WBGene00010255.,1,8,9
WBGene00010256.,8,39,47
WBGene00010257.,1,17,18
WBGene00010258.,38,220,258
WBGene00010259.,748,1485,2233
WBGene00010260.,154,6859,7013
WBGene00010261.,10,14,24
WBGene00010262.,250,3192,3442
WBGene00010263.,15,90,105
WBGene00010264.,101,157,258
WBGene00010265.,9,3,12
WBGene00010266.,452,2682,3134
WBGene00010267.,4,8,12
WBGene00010268.,50,228,278
WBGene00010269.,36,521,557
WBGene00010270.,1,3,4
WBGene00010271.,1,3,4
WBGene00010272.,233,1022,1255
WBGene00010273.,26,20,46
WBGene00010274.,66,250,316
WBGene00010275.,179,201,380
WBGene00010276.,0,0,0
WBGene00010277.,7,141,148
WBGene00010278.,2,59,61
WBGene00010279.,86,1536,1622
WBGene00010280.,70,1356,1426
WBGene00010281.,15,210,225
WBGene00010282.,33,34,67
WBGene00010283.,50,239,289
WBGene00010284.,163,1925,2088
WBGene00010285.,16,92,108
WBGene00010286.,34,310,344
WBGene00010288.,62,344,406
WBGene00010289.,14,67,81
WBGene00010290.,62,1701,1763
WBGene00010291.,67,330,397
WBGene00010292.,4,3,7
WBGene00010293.,13,58,71
WBGene00010294.,11,33,44
WBGene00010295.,18,82,100
WBGene00010296.,1,276,277
WBGene00010297.,15,24,39
WBGene00010298.,4,3,7
WBGene00010299.,43,15,58
WBGene00010300.,8,7,15
WBGene00010301.,8,5,13
WBGene00010303.,347,17046,17393
WBGene00010304.,125,432,557
WBGene00010305.,120,980,1100
WBGene00010306.,748,2031,2779
WBGene00010307.,14,282,296
WBGene00010308.,51,225,276
WBGene00010309.,34,139,173
WBGene00010310.,23,210,233
WBGene00010311.,3,83,86
WBGene00010313.,49,51,100
WBGene00010314.,3,17,20
WBGene00010315.,63,217,280
WBGene00010316.,314,535,849
WBGene00010317.,317,10750,11067
WBGene00010318.,54,125,179
WBGene00010319.,95,479,574
WBGene00010320.,93,515,608
WBGene00010321.,46,279,325
WBGene00010322.,22,25,47
WBGene00010323.,18,7,25
WBGene00010324.,7,2,9
WBGene00010325.,21,470,491
WBGene00010326.,1080,5123,6203
WBGene00010327.,169,211,380
WBGene00010328.,48,313,361
WBGene00010329.,79,427,506
WBGene00010330.,587726,33,587759
WBGene00010331.,99,133,232
WBGene00010332.,11,184,195
WBGene00010333.,278,2562,2840
WBGene00010334.,90,109,199
WBGene00010335.,506,1548,2054
WBGene00010336.,55,67,122
WBGene00010337.,789,6547,7336
WBGene00010338.,100,397,497
WBGene00010339.,24,579,603
WBGene00010340.,49,131,180
WBGene00010341.,43,83,126
WBGene00010342.,123,54,177
WBGene00010343.,4,4,8
WBGene00010344.,33,94,127
WBGene00010345.,87,42,129
WBGene00010348.,18,324,342
WBGene00010349.,60,145,205
WBGene00010350.,245,487,732
WBGene00010351.,12,102,114
WBGene00010352.,23,22,45
WBGene00010353.,2,35,37
WBGene00010354.,17,67,84
WBGene00010355.,7,11,18
WBGene00010356.,89,402,491
WBGene00010357.,93,465,558
WBGene00010358.,8,6,14
WBGene00010359.,15,5,20
WBGene00010360.,20,16,36
WBGene00010361.,6,17,23
WBGene00010362.,3,218,221
WBGene00010363.,25,114,139
WBGene00010364.,0,14,14
WBGene00010365.,42,11,53
WBGene00010366.,94,15,109
WBGene00010367.,58,186,244
WBGene00010368.,20,11,31
WBGene00010369.,150,1647,1797
WBGene00010370.,624,2520,3144
WBGene00010371.,0,27,27
WBGene00010372.,38,26,64
WBGene00010373.,10,7,17
WBGene00010374.,459,802,1261
WBGene00010375.,20,184,204
WBGene00010376.,0,3,3
WBGene00010377.,0,0,0
WBGene00010378.,2,93,95
WBGene00010379.,0,0,0
WBGene00010380.,15,10,25
WBGene00010381.,13,3,16
WBGene00010382.,0,35,35
WBGene00010383.,75,270,345
WBGene00010385.,264,198,462
WBGene00010386.,222,112,334
WBGene00010387.,15,22,37
WBGene00010388.,9,10,19
WBGene00010389.,39,7,46
WBGene00010390.,6,15,21
WBGene00010391.,38,19,57
WBGene00010392.,83,15,98
WBGene00010394.,57,19,76
WBGene00010395.,0,3,3
WBGene00010396.,52,157,209
WBGene00010397.,22,315,337
WBGene00010399.,0,0,0
WBGene00010400.,0,0,0
WBGene00010401.,0,6,6
WBGene00010402.,12,51,63
WBGene00010403.,48,32,80
WBGene00010404.,1,7,8
WBGene00010405.,132,2917,3049
WBGene00010406.,54,1683,1737
WBGene00010407.,81,1055,1136
WBGene00010408.,118,1040,1158
WBGene00010409.,111,463,574
WBGene00010410.,2,4,6
WBGene00010411.,18,28,46
WBGene00010412.,0,22,22
WBGene00010413.,3,4,7
WBGene00010414.,32,15,47
WBGene00010415.,18,10,28
WBGene00010416.,268,1226,1494
WBGene00010417.,0,0,0
WBGene00010418.,33,281,314
WBGene00010419.,4698,63853,68551
WBGene00010420.,81,584,665
WBGene00010421.,53,169,222
WBGene00010422.,133,1303,1436
WBGene00010423.,104,57,161
WBGene00010424.,8,38,46
WBGene00010425.,117,3231,3348
WBGene00010426.,61,15,76
WBGene00010427.,435,560,995
WBGene00010428.,107,1093,1200
WBGene00010430.,0,1,1
WBGene00010431.,0,0,0
WBGene00010432.,16,40,56
WBGene00010433.,54,508,562
WBGene00010434.,57,59,116
WBGene00010435.,200,2034,2234
WBGene00010436.,0,150,150
WBGene00010437.,78,547,625
WBGene00010439.,38,371,409
WBGene00010440.,685,8993,9678
WBGene00010442.,97,350,447
WBGene00010444.,344,831,1175
WBGene00010446.,18,36,54
WBGene00010447.,6,7,13
WBGene00010448.,71,104,175
WBGene00010449.,54,442,496
WBGene00010450.,122,662,784
WBGene00010451.,44,7,51
WBGene00010453.,135,125,260
WBGene00010454.,42,62,104
WBGene00010455.,32,65,97
WBGene00010456.,55,588,643
WBGene00010457.,22,63,85
WBGene00010458.,37,982,1019
WBGene00010459.,14,426,440
WBGene00010460.,12,33,45
WBGene00010461.,7,8,15
WBGene00010463.,38,6,44
WBGene00010464.,1,5,6
WBGene00010465.,94,636,730
WBGene00010466.,0,12,12
WBGene00010467.,1,6,7
WBGene00010468.,7,33,40
WBGene00010469.,6,70,76
WBGene00010470.,135,749,884
WBGene00010471.,336,2176,2512
WBGene00010472.,8,483,491
WBGene00010473.,32,85,117
WBGene00010474.,0,0,0
WBGene00010475.,502,536,1038
WBGene00010476.,47,826,873
WBGene00010477.,3,107,110
WBGene00010478.,100,7813,7913
WBGene00010479.,193,1100,1293
WBGene00010480.,628,3591,4219
WBGene00010481.,22,414,436
WBGene00010483.,5,15,20
WBGene00010484.,107,1028,1135
WBGene00010485.,1,20,21
WBGene00010486.,8,6,14
WBGene00010487.,31,16,47
WBGene00010488.,603,2348,2951
WBGene00010491.,10,642,652
WBGene00010492.,10,12,22
WBGene00010493.,18,33,51
WBGene00010494.,15,28,43
WBGene00010495.,16,46,62
WBGene00010496.,74,721,795
WBGene00010497.,67,226,293
WBGene00010498.,137,309,446
WBGene00010499.,3,5,8
WBGene00010500.,345,1561,1906
WBGene00010501.,13,70,83
WBGene00010502.,76,585,661
WBGene00010503.,59,183,242
WBGene00010504.,46,187,233
WBGene00010505.,81,62,143
WBGene00010506.,37,53,90
WBGene00010507.,140,2450,2590
WBGene00010508.,41,16,57
WBGene00010509.,4,3,7
WBGene00010510.,33,12,45
WBGene00010511.,28,18,46
WBGene00010512.,175,949,1124
WBGene00010513.,195,722,917
WBGene00010514.,281,1674,1955
WBGene00010515.,137,1115,1252
WBGene00010516.,153,885,1038
WBGene00010517.,4,1,5
WBGene00010518.,0,0,0
WBGene00010519.,39,54,93
WBGene00010520.,96,215,311
WBGene00010521.,72,68,140
WBGene00010522.,34,210,244
WBGene00010523.,7,4,11
WBGene00010524.,17,671,688
WBGene00010525.,18,136,154
WBGene00010526.,0,1,1
WBGene00010527.,2,1,3
WBGene00010528.,1,4,5
WBGene00010529.,16,11,27
WBGene00010530.,23,17,40
WBGene00010531.,1,1,2
WBGene00010534.,24,11,35
WBGene00010535.,31,7,38
WBGene00010536.,4,4,8
WBGene00010537.,282,291,573
WBGene00010538.,11,82,93
WBGene00010539.,334,1847,2181
WBGene00010540.,81,444,525
WBGene00010541.,557,2880,3437
WBGene00010542.,6,348,354
WBGene00010543.,6,7,13
WBGene00010544.,1,252,253
WBGene00010545.,0,26,26
WBGene00010546.,8,85,93
WBGene00010547.,5,6,11
WBGene00010550.,71,458,529
WBGene00010551.,105,474,579
WBGene00010552.,34,237,271
WBGene00010553.,19,166,185
WBGene00010554.,29,31,60
WBGene00010555.,11,16,27
WBGene00010556.,2179,107996,110175
WBGene00010557.,46,587,633
WBGene00010558.,156,171,327
WBGene00010559.,17,81,98
WBGene00010560.,342,6475,6817
WBGene00010562.,74,650,724
WBGene00010563.,55,67,122
WBGene00010564.,196,1408,1604
WBGene00010565.,17,225,242
WBGene00010566.,34,74,108
WBGene00010567.,65,416,481
WBGene00010568.,0,30,30
WBGene00010569.,67,227,294
WBGene00010570.,0,3,3
WBGene00010571.,43,40,83
WBGene00010572.,13,182,195
WBGene00010573.,80,133,213
WBGene00010574.,2,26,28
WBGene00010575.,51,467,518
WBGene00010576.,4,5,9
WBGene00010577.,17,3,20
WBGene00010578.,15,9,24
WBGene00010579.,49,3164,3213
WBGene00010580.,75,43,118
WBGene00010581.,2,53,55
WBGene00010582.,170,1123,1293
WBGene00010583.,5,680,685
WBGene00010584.,1,16,17
WBGene00010585.,159,302,461
WBGene00010586.,5,14,19
WBGene00010587.,173,164,337
WBGene00010588.,0,0,0
WBGene00010589.,15,31,46
WBGene00010590.,3,4,7
WBGene00010591.,5,13,18
WBGene00010592.,79,122,201
WBGene00010593.,787,5819,6606
WBGene00010594.,80,88,168
WBGene00010595.,166,522,688
WBGene00010596.,0,23,23
WBGene00010597.,224,270,494
WBGene00010598.,1,2,3
WBGene00010599.,15,16,31
WBGene00010600.,2,22,24
WBGene00010601.,7,13,20
WBGene00010602.,7,8,15
WBGene00010603.,12,42,54
WBGene00010604.,2,24,26
WBGene00010605.,490,1402,1892
WBGene00010606.,25,24,49
WBGene00010607.,41,4,45
WBGene00010608.,41,191,232
WBGene00010609.,203,888,1091
WBGene00010610.,155,718,873
WBGene00010611.,1,7,8
WBGene00010612.,4,15,19
WBGene00010613.,20,9,29
WBGene00010614.,25,44,69
WBGene00010615.,83,782,865
WBGene00010616.,252,4348,4600
WBGene00010617.,8,54,62
WBGene00010618.,0,4,4
WBGene00010619.,155,535,690
WBGene00010620.,69,874,943
WBGene00010621.,9,104,113
WBGene00010622.,65,520,585
WBGene00010623.,28,79,107
WBGene00010624.,299,1626,1925
WBGene00010625.,133,844,977
WBGene00010626.,344,1244,1588
WBGene00010627.,1386,13172,14558
WBGene00010628.,27,171,198
WBGene00010629.,100,1263,1363
WBGene00010630.,22,81,103
WBGene00010631.,181,1634,1815
WBGene00010632.,316,1239,1555
WBGene00010633.,0,3,3
WBGene00010634.,5,12,17
WBGene00010635.,4,5,9
WBGene00010636.,23,63,86
WBGene00010637.,20,83,103
WBGene00010638.,222,932,1154
WBGene00010639.,382,3450,3832
WBGene00010640.,10,347,357
WBGene00010641.,48,797,845
WBGene00010642.,62,268,330
WBGene00010643.,53,309,362
WBGene00010644.,38,129,167
WBGene00010645.,136,1115,1251
WBGene00010646.,60,82,142
WBGene00010647.,7,387,394
WBGene00010648.,119,455,574
WBGene00010649.,131,603,734
WBGene00010650.,4,15,19
WBGene00010651.,8,2,10
WBGene00010652.,6,19,25
WBGene00010653.,1,8,9
WBGene00010654.,16,23,39
WBGene00010655.,28,37,65
WBGene00010656.,7,6,13
WBGene00010657.,38,324,362
WBGene00010658.,29,410,439
WBGene00010659.,18,85,103
WBGene00010660.,88,307,395
WBGene00010661.,35,164,199
WBGene00010662.,15,26,41
WBGene00010663.,80,139,219
WBGene00010664.,74,886,960
WBGene00010665.,303,2818,3121
WBGene00010666.,4,131,135
WBGene00010667.,56,335,391
WBGene00010669.,45,42,87
WBGene00010670.,22,1522,1544
WBGene00010671.,28,567,595
WBGene00010672.,5,6,11
WBGene00010673.,25,28,53
WBGene00010674.,42,401,443
WBGene00010675.,243,909,1152
WBGene00010676.,113,598,711
WBGene00010677.,153,5264,5417
WBGene00010678.,26,201,227
WBGene00010679.,12,34,46
WBGene00010680.,18,24,42
WBGene00010681.,299,7441,7740
WBGene00010682.,39,146,185
WBGene00010683.,0,78,78
WBGene00010684.,124,16,140
WBGene00010685.,130,727,857
WBGene00010686.,33,199,232
WBGene00010687.,68,720,788
WBGene00010688.,6,11,17
WBGene00010689.,18,75,93
WBGene00010690.,0,4,4
WBGene00010691.,13,13,26
WBGene00010692.,3,2,5
WBGene00010693.,24,58,82
WBGene00010694.,91,15,106
WBGene00010697.,69,930,999
WBGene00010698.,18,22,40
WBGene00010699.,205,898,1103
WBGene00010700.,112,1369,1481
WBGene00010701.,51,1468,1519
WBGene00010702.,78,173,251
WBGene00010703.,726,3708,4434
WBGene00010704.,14,202,216
WBGene00010705.,13,51,64
WBGene00010706.,11,30,41
WBGene00010707.,10,8,18
WBGene00010708.,44,51,95
WBGene00010709.,142,251,393
WBGene00010711.,0,63,63
WBGene00010712.,20,19,39
WBGene00010713.,295,687,982
WBGene00010714.,120,37,157
WBGene00010715.,2,4,6
WBGene00010716.,33,94,127
WBGene00010717.,14,25,39
WBGene00010718.,10,11,21
WBGene00010719.,2,3,5
WBGene00010720.,46,571,617
WBGene00010721.,95,664,759
WBGene00010722.,117,484,601
WBGene00010723.,23,197,220
WBGene00010724.,119,358,477
WBGene00010725.,84,407,491
WBGene00010726.,29,655,684
WBGene00010727.,177,1860,2037
WBGene00010728.,3,18,21
WBGene00010730.,44,1622,1666
WBGene00010731.,402,1552,1954
WBGene00010732.,208,1153,1361
WBGene00010733.,0,0,0
WBGene00010734.,37,109,146
WBGene00010735.,221,95,316
WBGene00010736.,273,2134,2407
WBGene00010737.,21,207,228
WBGene00010738.,37,1526,1563
WBGene00010740.,0,166,166
WBGene00010741.,29,151,180
WBGene00010742.,52,1836,1888
WBGene00010743.,6,7,13
WBGene00010744.,200,538,738
WBGene00010745.,28,152,180
WBGene00010746.,173,21,194
WBGene00010747.,86,53,139
WBGene00010748.,6,4,10
WBGene00010749.,27,139,166
WBGene00010750.,19,39,58
WBGene00010752.,24,75,99
WBGene00010753.,31,22,53
WBGene00010754.,19,14,33
WBGene00010755.,4,153,157
WBGene00010756.,84,552,636
WBGene00010757.,28,197,225
WBGene00010758.,86,378,464
WBGene00010759.,136,752,888
WBGene00010760.,10,16,26
WBGene00010761.,21,4,25
WBGene00010762.,16,25,41
WBGene00010763.,1,2,3
WBGene00010764.,25,34,59
WBGene00010765.,22,52,74
WBGene00010766.,78,1332,1410
WBGene00010767.,19,279,298
WBGene00010768.,68,33,101
WBGene00010769.,123,1290,1413
WBGene00010770.,144,182,326
WBGene00010771.,63,341,404
WBGene00010772.,633,1237,1870
WBGene00010773.,84,728,812
WBGene00010774.,30,59,89
WBGene00010775.,55,14,69
WBGene00010776.,185,441,626
WBGene00010777.,0,0,0
WBGene00010778.,253,3025,3278
WBGene00010779.,11,17,28
WBGene00010780.,121,1192,1313
WBGene00010781.,14,44,58
WBGene00010782.,16,74,90
WBGene00010783.,291,1789,2080
WBGene00010784.,98,253,351
WBGene00010785.,115,2212,2327
WBGene00010786.,29,10,39
WBGene00010787.,11,76,87
WBGene00010788.,51,86,137
WBGene00010789.,59,39,98
WBGene00010790.,234,14298,14532
WBGene00010791.,8,65,73
WBGene00010792.,15,47,62
WBGene00010793.,511,1654,2165
WBGene00010794.,444,6484,6928
WBGene00010795.,53,156,209
WBGene00010796.,460,1812,2272
WBGene00010797.,9,10,19
WBGene00010798.,0,7,7
WBGene00010799.,23,39,62
WBGene00010800.,10,6,16
WBGene00010801.,4,8,12
WBGene00010802.,25,3,28
WBGene00010803.,10,212,222
WBGene00010804.,11,5,16
WBGene00010805.,48,205,253
WBGene00010806.,150,1460,1610
WBGene00010807.,20,552,572
WBGene00010808.,1,13,14
WBGene00010809.,40,2195,2235
WBGene00010810.,227,912,1139
WBGene00010811.,138,667,805
WBGene00010812.,361,2988,3349
WBGene00010813.,268,628,896
WBGene00010814.,73,171,244
WBGene00010815.,131,251,382
WBGene00010817.,0,0,0
WBGene00010818.,58,8,66
WBGene00010819.,0,16,16
WBGene00010820.,0,0,0
WBGene00010821.,10,15,25
WBGene00010822.,31,104,135
WBGene00010823.,0,9,9
WBGene00010824.,0,0,0
WBGene00010825.,8,20,28
WBGene00010827.,60,518,578
WBGene00010828.,324,908,1232
WBGene00010829.,16,10,26
WBGene00010830.,66,37,103
WBGene00010831.,44,35,79
WBGene00010832.,12,22,34
WBGene00010833.,38,211,249
WBGene00010834.,58,899,957
WBGene00010835.,43,31,74
WBGene00010836.,20,83,103
WBGene00010837.,52,761,813
WBGene00010838.,166,636,802
WBGene00010839.,73,167,240
WBGene00010840.,359,835,1194
WBGene00010842.,209,1354,1563
WBGene00010843.,30,76,106
WBGene00010844.,146,1107,1253
WBGene00010845.,175,1955,2130
WBGene00010846.,53,145,198
WBGene00010847.,112,669,781
WBGene00010848.,20,400,420
WBGene00010849.,414,196,610
WBGene00010850.,124,229,353
WBGene00010851.,15,73,88
WBGene00010854.,0,25,25
WBGene00010855.,98,16,114
WBGene00010856.,268,653,921
WBGene00010857.,99,38,137
WBGene00010858.,45,215,260
WBGene00010859.,39,48,87
WBGene00010862.,15,27,42
WBGene00010863.,14,21,35
WBGene00010864.,74,426,500
WBGene00010865.,52,133,185
WBGene00010866.,1,3,4
WBGene00010867.,113,652,765
WBGene00010868.,90,2289,2379
WBGene00010869.,3,27,30
WBGene00010870.,30,385,415
WBGene00010871.,40,104,144
WBGene00010872.,66,1749,1815
WBGene00010873.,41,201,242
WBGene00010874.,47,227,274
WBGene00010875.,113,642,755
WBGene00010876.,34,33,67
WBGene00010877.,356,2023,2379
WBGene00010878.,274,2365,2639
WBGene00010879.,402,8098,8500
WBGene00010880.,80,63,143
WBGene00010881.,28,61,89
WBGene00010882.,61,996,1057
WBGene00010883.,13,9,22
WBGene00010884.,70,301,371
WBGene00010885.,3,3,6
WBGene00010886.,3,27,30
WBGene00010887.,323,1684,2007
WBGene00010888.,1681,7555,9236
WBGene00010889.,20,172,192
WBGene00010890.,134,1225,1359
WBGene00010891.,6,381,387
WBGene00010892.,9,293,302
WBGene00010893.,45,175,220
WBGene00010894.,69,14,83
WBGene00010895.,14,18,32
WBGene00010896.,373,15898,16271
WBGene00010897.,208,529,737
WBGene00010898.,113,391,504
WBGene00010899.,48,116,164
WBGene00010900.,31,23,54
WBGene00010901.,6,272,278
WBGene00010902.,100,444,544
WBGene00010904.,61,578,639
WBGene00010905.,132,1870,2002
WBGene00010906.,11,3,14
WBGene00010907.,44,170,214
WBGene00010908.,162,1475,1637
WBGene00010909.,186,1420,1606
WBGene00010910.,202,401,603
WBGene00010911.,112,1062,1174
WBGene00010912.,167,1434,1601
WBGene00010913.,94,851,945
WBGene00010915.,33,11,44
WBGene00010916.,27,59,86
WBGene00010917.,25,22,47
WBGene00010918.,191,583,774
WBGene00010919.,120,39,159
WBGene00010920.,17,36,53
WBGene00010921.,6,23,29
WBGene00010922.,3,604,607
WBGene00010923.,225,686,911
WBGene00010924.,59,23,82
WBGene00010925.,45,56,101
WBGene00010926.,1,1,2
WBGene00010927.,1,5,6
WBGene00010928.,3,65,68
WBGene00010929.,13,21,34
WBGene00010930.,23,7,30
WBGene00010931.,17,93,110
WBGene00010932.,0,3,3
WBGene00010933.,2,8,10
WBGene00010934.,1,11,12
WBGene00010935.,0,268,268
WBGene00010936.,81,421,502
WBGene00010937.,16,17,33
WBGene00010938.,9,0,9
WBGene00010939.,7,5,12
WBGene00010940.,3,473,476
WBGene00010941.,110,542,652
WBGene00010942.,781,5109,5890
WBGene00010943.,50,271,321
WBGene00010944.,49,594,643
WBGene00010945.,0,51,51
WBGene00010946.,30,14,44
WBGene00010947.,1,274,275
WBGene00010948.,50,53,103
WBGene00010949.,31,13,44
WBGene00010950.,31,19,50
WBGene00010951.,94,322,416
WBGene00010952.,19,29,48
WBGene00010953.,10,10,20
WBGene00010954.,10,3,13
WBGene00010955.,22,3,25
WBGene00010956.,0,3,3
WBGene00010957.,0,825723,825723
WBGene00010958.,0,207969,207969
WBGene00010959.,0,125224,125224
WBGene00010960.,0,691106,691106
WBGene00010961.,0,67707,67707
WBGene00010962.,0,593497,593497
WBGene00010963.,0,79417,79417
WBGene00010964.,0,279182,279182
WBGene00010965.,0,462829,462829
WBGene00010966.,0,37806,37806
WBGene00010967.,0,61506,61506
WBGene00010968.,10,24,34
WBGene00010969.,4,19,23
WBGene00010970.,116,471,587
WBGene00010971.,53,104,157
WBGene00010972.,29,151,180
WBGene00010973.,32,57,89
WBGene00010974.,109,360,469
WBGene00010975.,97,337,434
WBGene00010976.,39,409,448
WBGene00010977.,37,265,302
WBGene00010978.,7,22,29
WBGene00010979.,101,70,171
WBGene00010980.,16,26,42
WBGene00010981.,78,546,624
WBGene00010982.,327,1924,2251
WBGene00010983.,81,71,152
WBGene00010984.,29,826,855
WBGene00010985.,50,63,113
WBGene00010986.,56,216,272
WBGene00010987.,17,20,37
WBGene00010988.,108,784,892
WBGene00010989.,8,72,80
WBGene00010990.,395,1058,1453
WBGene00010991.,21,18,39
WBGene00010992.,13,6,19
WBGene00010993.,117,3155,3272
WBGene00010994.,416,1897,2313
WBGene00010995.,17,3,20
WBGene00010996.,22,11,33
WBGene00010998.,35,67,102
WBGene00010999.,28,13,41
WBGene00011000.,44,35,79
WBGene00011001.,9,9,18
WBGene00011002.,45,134,179
WBGene00011003.,77,310,387
WBGene00011004.,196,525,721
WBGene00011005.,9,5,14
WBGene00011006.,8,136,144
WBGene00011007.,3,3,6
WBGene00011008.,12,4,16
WBGene00011009.,9,15,24
WBGene00011010.,3,17,20
WBGene00011011.,1,11,12
WBGene00011012.,2,3,5
WBGene00011013.,9,35,44
WBGene00011014.,48,88,136
WBGene00011015.,6260,42193,48453
WBGene00011016.,33,667,700
WBGene00011017.,13,1271,1284
WBGene00011018.,271,660,931
WBGene00011019.,314,3056,3370
WBGene00011020.,106,561,667
WBGene00011021.,145,819,964
WBGene00011022.,27,6,33
WBGene00011023.,7,5,12
WBGene00011024.,13,7,20
WBGene00011025.,36,16,52
WBGene00011026.,1633,3891,5524
WBGene00011027.,41,53,94
WBGene00011028.,476,642,1118
WBGene00011029.,165,714,879
WBGene00011030.,112,127,239
WBGene00011032.,110,1148,1258
WBGene00011033.,64,859,923
WBGene00011034.,59,552,611
WBGene00011035.,168,1042,1210
WBGene00011036.,44,485,529
WBGene00011037.,54,343,397
WBGene00011038.,229,3722,3951
WBGene00011039.,8,84,92
WBGene00011040.,37,202,239
WBGene00011041.,2,13,15
WBGene00011042.,7,76,83
WBGene00011043.,693,1155,1848
WBGene00011044.,442,180,622
WBGene00011045.,236,1293,1529
WBGene00011046.,11,6,17
WBGene00011047.,40,383,423
WBGene00011049.,4,5,9
WBGene00011050.,228,1137,1365
WBGene00011051.,44,1145,1189
WBGene00011052.,15,14,29
WBGene00011053.,21,20,41
WBGene00011054.,47,436,483
WBGene00011055.,116,963,1079
WBGene00011056.,12,10,22
WBGene00011058.,219,551,770
WBGene00011059.,5617,41360,46977
WBGene00011060.,122,1086,1208
WBGene00011061.,42,494,536
WBGene00011062.,1,59,60
WBGene00011063.,8,96,104
WBGene00011064.,132,1101,1233
WBGene00011065.,19,100,119
WBGene00011066.,36,146,182
WBGene00011067.,82,553,635
WBGene00011068.,58,496,554
WBGene00011069.,38,131,169
WBGene00011070.,344,4470,4814
WBGene00011071.,150,635,785
WBGene00011072.,1875,8912,10787
WBGene00011073.,23,126,149
WBGene00011074.,88,60,148
WBGene00011075.,87,35,122
WBGene00011076.,46,198,244
WBGene00011077.,20,65,85
WBGene00011078.,27,18,45
WBGene00011079.,0,0,0
WBGene00011081.,21,67,88
WBGene00011082.,25,109,134
WBGene00011083.,192,56,248
WBGene00011084.,20,5,25
WBGene00011087.,45,145,190
WBGene00011088.,8,74,82
WBGene00011089.,20,236,256
WBGene00011090.,58,157,215
WBGene00011092.,79,177,256
WBGene00011093.,57,155,212
WBGene00011094.,36,128,164
WBGene00011095.,36,880,916
WBGene00011096.,22,23,45
WBGene00011097.,116,424,540
WBGene00011098.,28,62,90
WBGene00011099.,31,137,168
WBGene00011100.,82,120,202
WBGene00011101.,99,58,157
WBGene00011102.,149,2488,2637
WBGene00011103.,5,94,99
WBGene00011104.,69,8,77
WBGene00011105.,123,378,501
WBGene00011106.,60,786,846
WBGene00011107.,10,49,59
WBGene00011108.,209,195,404
WBGene00011109.,79,834,913
WBGene00011110.,833,3246,4079
WBGene00011111.,73,1727,1800
WBGene00011112.,15,311,326
WBGene00011113.,9,10,19
WBGene00011114.,9,12,21
WBGene00011115.,72,1084,1156
WBGene00011116.,113,1701,1814
WBGene00011117.,7,163,170
WBGene00011119.,1053,5744,6797
WBGene00011120.,0,4,4
WBGene00011121.,40,229,269
WBGene00011122.,383,2043,2426
WBGene00011123.,205,488,693
WBGene00011124.,59,169,228
WBGene00011127.,0,12,12
WBGene00011128.,68,3329,3397
WBGene00011129.,22,4,26
WBGene00011130.,6139,21,6160
WBGene00011131.,104,221,325
WBGene00011132.,1,29,30
WBGene00011133.,13,26,39
WBGene00011134.,0,4,4
WBGene00011135.,2,2,4
WBGene00011136.,24,25,49
WBGene00011137.,16,637,653
WBGene00011139.,105,444,549
WBGene00011140.,37,82,119
WBGene00011141.,74,424,498
WBGene00011142.,84,560,644
WBGene00011143.,68,467,535
WBGene00011144.,9,1443,1452
WBGene00011145.,52,415,467
WBGene00011146.,231,1301,1532
WBGene00011147.,55,136,191
WBGene00011149.,27,12,39
WBGene00011150.,10,14,24
WBGene00011151.,18,7,25
WBGene00011152.,46,23,69
WBGene00011153.,32,22,54
WBGene00011154.,65,535,600
WBGene00011155.,996,8673,9669
WBGene00011156.,15355,131286,146641
WBGene00011157.,6,75,81
WBGene00011158.,3,18,21
WBGene00011159.,6,16,22
WBGene00011160.,6,10,16
WBGene00011161.,1,33,34
WBGene00011162.,2,1,3
WBGene00011163.,16,15,31
WBGene00011164.,12,2,14
WBGene00011165.,9,9,18
WBGene00011166.,26,88,114
WBGene00011167.,3,34,37
WBGene00011168.,18,14,32
WBGene00011169.,11,4,15
WBGene00011170.,0,4,4
WBGene00011171.,30,116,146
WBGene00011172.,2,16,18
WBGene00011173.,22,5,27
WBGene00011174.,23,6,29
WBGene00011175.,23,29,52
WBGene00011176.,4,30,34
WBGene00011177.,2,2,4
WBGene00011178.,17,20,37
WBGene00011179.,27,105,132
WBGene00011180.,56,46,102
WBGene00011181.,68,1043,1111
WBGene00011182.,327,868,1195
WBGene00011183.,21,11,32
WBGene00011184.,8,80,88
WBGene00011185.,10,126,136
WBGene00011186.,31,12,43
WBGene00011187.,5,34,39
WBGene00011188.,45,319,364
WBGene00011189.,26,97,123
WBGene00011190.,40,162,202
WBGene00011191.,14,21,35
WBGene00011192.,27,26,53
WBGene00011193.,40,544,584
WBGene00011194.,79,313,392
WBGene00011195.,34,1139,1173
WBGene00011196.,0,0,0
WBGene00011197.,38,183,221
WBGene00011198.,69,1442,1511
WBGene00011200.,13,11,24
WBGene00011201.,18,81,99
WBGene00011202.,5,3,8
WBGene00011203.,8,22,30
WBGene00011205.,158,1224,1382
WBGene00011206.,67,373,440
WBGene00011207.,117,36,153
WBGene00011208.,1,7,8
WBGene00011209.,21,30,51
WBGene00011210.,24,18,42
WBGene00011211.,37,7,44
WBGene00011212.,59,54,113
WBGene00011213.,52,29,81
WBGene00011214.,6,57,63
WBGene00011215.,62,119,181
WBGene00011216.,115,709,824
WBGene00011217.,154,344,498
WBGene00011218.,53,225,278
WBGene00011219.,7,8,15
WBGene00011220.,8,99,107
WBGene00011221.,209,885,1094
WBGene00011222.,209,1744,1953
WBGene00011223.,87,475,562
WBGene00011224.,50,205,255
WBGene00011225.,38,179,217
WBGene00011226.,117,189,306
WBGene00011227.,7,238,245
WBGene00011228.,22,13,35
WBGene00011229.,0,6,6
WBGene00011230.,125,2616,2741
WBGene00011231.,198,7934,8132
WBGene00011232.,1691,25089,26780
WBGene00011234.,0,38,38
WBGene00011235.,47,85,132
WBGene00011236.,26,180,206
WBGene00011237.,45,679,724
WBGene00011238.,28,43,71
WBGene00011239.,178,1856,2034
WBGene00011240.,282,2004,2286
WBGene00011241.,12,35,47
WBGene00011242.,38,318,356
WBGene00011243.,19,57,76
WBGene00011244.,6,230,236
WBGene00011245.,15,4,19
WBGene00011246.,22,40,62
WBGene00011247.,392,2684,3076
WBGene00011248.,91,474,565
WBGene00011249.,16,5,21
WBGene00011250.,68,823,891
WBGene00011251.,144,307,451
WBGene00011252.,3,21,24
WBGene00011253.,26,646,672
WBGene00011254.,78,1909,1987
WBGene00011255.,35,20,55
WBGene00011257.,40,8,48
WBGene00011258.,49,200,249
WBGene00011259.,399,1284,1683
WBGene00011260.,28,75,103
WBGene00011261.,346,295,641
WBGene00011262.,27,102,129
WBGene00011263.,15,911,926
WBGene00011264.,29,21,50
WBGene00011265.,9,187,196
WBGene00011266.,0,33,33
WBGene00011267.,2,44,46
WBGene00011268.,177,610,787
WBGene00011269.,123,103,226
WBGene00011270.,367,3770,4137
WBGene00011271.,79,322,401
WBGene00011272.,94,467,561
WBGene00011273.,2037,43450,45487
WBGene00011274.,113,554,667
WBGene00011275.,24,161,185
WBGene00011276.,50,1000,1050
WBGene00011277.,5,17,22
WBGene00011278.,1,61,62
WBGene00011279.,282,2304,2586
WBGene00011280.,104,563,667
WBGene00011281.,164,1054,1218
WBGene00011282.,256,1330,1586
WBGene00011283.,405,1994,2399
WBGene00011284.,53,1781,1834
WBGene00011285.,94,514,608
WBGene00011286.,121,653,774
WBGene00011287.,116,541,657
WBGene00011288.,5,237,242
WBGene00011289.,55,11939,11994
WBGene00011290.,7,9,16
WBGene00011291.,75,253,328
WBGene00011292.,188,1504,1692
WBGene00011293.,95,17,112
WBGene00011294.,39,27,66
WBGene00011295.,1,1,2
WBGene00011296.,14,47,61
WBGene00011297.,12,19,31
WBGene00011298.,180,742,922
WBGene00011299.,259,1703,1962
WBGene00011300.,380,12492,12872
WBGene00011302.,320,1307,1627
WBGene00011303.,456,1667,2123
WBGene00011304.,2175,6952,9127
WBGene00011305.,26,369,395
WBGene00011306.,90,730,820
WBGene00011307.,267,200,467
WBGene00011308.,235,1940,2175
WBGene00011309.,1052,2925,3977
WBGene00011310.,34,154,188
WBGene00011311.,174,1297,1471
WBGene00011312.,13,581,594
WBGene00011313.,1,18,19
WBGene00011314.,47,205,252
WBGene00011315.,40,184,224
WBGene00011317.,147,1010,1157
WBGene00011318.,29,319,348
WBGene00011319.,75,375,450
WBGene00011320.,3,16,19
WBGene00011321.,7,213,220
WBGene00011322.,21,26,47
WBGene00011323.,82,816,898
WBGene00011324.,5,196,201
WBGene00011325.,8,43,51
WBGene00011326.,138,1057,1195
WBGene00011327.,3,15,18
WBGene00011328.,139,571,710
WBGene00011329.,55,475,530
WBGene00011330.,53,504,557
WBGene00011331.,40,1358,1398
WBGene00011333.,125,1186,1311
WBGene00011334.,163,2207,2370
WBGene00011335.,85,106,191
WBGene00011336.,7,7,14
WBGene00011337.,94,2575,2669
WBGene00011338.,131,801,932
WBGene00011339.,38,37,75
WBGene00011340.,48,45,93
WBGene00011341.,0,43,43
WBGene00011342.,13,12,25
WBGene00011344.,322,986,1308
WBGene00011345.,11,256,267
WBGene00011346.,0,0,0
WBGene00011348.,119,378,497
WBGene00011349.,154,1038,1192
WBGene00011350.,0,29,29
WBGene00011351.,21,65,86
WBGene00011352.,230,1963,2193
WBGene00011353.,62,269,331
WBGene00011354.,14,34,48
WBGene00011355.,16,55,71
WBGene00011356.,14,8,22
WBGene00011357.,4,10,14
WBGene00011358.,16,17,33
WBGene00011359.,82,21,103
WBGene00011360.,14,14,28
WBGene00011361.,91,117,208
WBGene00011362.,24,43,67
WBGene00011363.,1,22,23
WBGene00011364.,58,236,294
WBGene00011365.,8,12,20
WBGene00011366.,21,124,145
WBGene00011367.,66,582,648
WBGene00011368.,57,319,376
WBGene00011369.,9,13,22
WBGene00011371.,44,83,127
WBGene00011372.,268,202,470
WBGene00011373.,0,2,2
WBGene00011374.,1832,6322,8154
WBGene00011375.,181,591,772
WBGene00011376.,30,169,199
WBGene00011378.,15,21,36
WBGene00011379.,15,8,23
WBGene00011380.,67,227,294
WBGene00011381.,39,198,237
WBGene00011382.,74,490,564
WBGene00011383.,238,2707,2945
WBGene00011386.,7,5,12
WBGene00011387.,16,0,16
WBGene00011388.,18,13,31
WBGene00011389.,0,0,0
WBGene00011390.,1,3,4
WBGene00011391.,530,1887,2417
WBGene00011392.,307,16142,16449
WBGene00011393.,74,324,398
WBGene00011394.,20,182,202
WBGene00011395.,20,5,25
WBGene00011396.,21,8,29
WBGene00011397.,24,26,50
WBGene00011398.,354,2423,2777
WBGene00011399.,6,268,274
WBGene00011400.,53,168,221
WBGene00011401.,15,12,27
WBGene00011402.,52,26,78
WBGene00011403.,32,18,50
WBGene00011404.,32,122,154
WBGene00011405.,11,53,64
WBGene00011407.,64,321,385
WBGene00011408.,180,1780,1960
WBGene00011409.,29,1360,1389
WBGene00011410.,4,620,624
WBGene00011411.,2,226,228
WBGene00011412.,159,2210,2369
WBGene00011414.,25,27,52
WBGene00011415.,43,186,229
WBGene00011416.,0,11,11
WBGene00011417.,0,0,0
WBGene00011418.,0,0,0
WBGene00011419.,0,0,0
WBGene00011420.,0,0,0
WBGene00011421.,6,2,8
WBGene00011422.,131,323,454
WBGene00011423.,245,631,876
WBGene00011424.,9,33,42
WBGene00011425.,33,53,86
WBGene00011426.,35,33,68
WBGene00011427.,14,22,36
WBGene00011428.,428,4024,4452
WBGene00011429.,6,18,24
WBGene00011430.,26,115,141
WBGene00011431.,8,74,82
WBGene00011432.,0,24,24
WBGene00011433.,373,948,1321
WBGene00011434.,20,459,479
WBGene00011435.,15,16,31
WBGene00011436.,119,887,1006
WBGene00011437.,34,325,359
WBGene00011438.,11,5,16
WBGene00011439.,48,266,314
WBGene00011440.,54,816,870
WBGene00011441.,75,484,559
WBGene00011442.,30,174,204
WBGene00011443.,20,77,97
WBGene00011444.,68,364,432
WBGene00011445.,56,247,303
WBGene00011446.,49,1423,1472
WBGene00011447.,80,70,150
WBGene00011448.,26,75,101
WBGene00011449.,79,1556,1635
WBGene00011450.,12,183,195
WBGene00011451.,21,175,196
WBGene00011452.,48,187,235
WBGene00011453.,23,82,105
WBGene00011454.,84,166,250
WBGene00011456.,119,101,220
WBGene00011458.,26,37,63
WBGene00011459.,26,7,33
WBGene00011460.,68,87,155
WBGene00011462.,17,16,33
WBGene00011463.,65,260,325
WBGene00011464.,35,280,315
WBGene00011465.,32,220,252
WBGene00011466.,8,20,28
WBGene00011467.,6,10,16
WBGene00011468.,18,20,38
WBGene00011469.,2,2,4
WBGene00011470.,0,1,1
WBGene00011471.,46,110,156
WBGene00011472.,4,8,12
WBGene00011473.,21,145,166
WBGene00011474.,71,25533,25604
WBGene00011475.,0,65,65
WBGene00011476.,60,78,138
WBGene00011478.,17,47,64
WBGene00011479.,99,559,658
WBGene00011480.,1204,11423,12627
WBGene00011481.,22,4779,4801
WBGene00011482.,14,94,108
WBGene00011483.,12,27,39
WBGene00011484.,26,345,371
WBGene00011485.,8,4,12
WBGene00011486.,4,4,8
WBGene00011487.,107,319,426
WBGene00011488.,297,1524,1821
WBGene00011489.,43,231,274
WBGene00011490.,74,655,729
WBGene00011491.,17,2,19
WBGene00011492.,78,13,91
WBGene00011493.,8,13,21
WBGene00011494.,8,21,29
WBGene00011495.,39,277,316
WBGene00011497.,91,345,436
WBGene00011498.,568,2939,3507
WBGene00011499.,4,3,7
WBGene00011500.,52,611,663
WBGene00011501.,10,106,116
WBGene00011502.,30,373,403
WBGene00011503.,248,663,911
WBGene00011505.,2,6,8
WBGene00011506.,2,14,16
WBGene00011507.,107,1810,1917
WBGene00011508.,20,18,38
WBGene00011509.,0,66,66
WBGene00011510.,436,4549,4985
WBGene00011511.,397,1571,1968
WBGene00011512.,53,178,231
WBGene00011513.,3,65,68
WBGene00011514.,10,37,47
WBGene00011515.,33,12,45
WBGene00011516.,7,36,43
WBGene00011517.,87,470,557
WBGene00011518.,24,17,41
WBGene00011519.,9,20,29
WBGene00011520.,91,305,396
WBGene00011521.,2,7,9
WBGene00011522.,185,1375,1560
WBGene00011523.,48,35,83
WBGene00011524.,59,84,143
WBGene00011526.,137,1432,1569
WBGene00011527.,41,2209,2250
WBGene00011528.,55,603,658
WBGene00011529.,67,1033,1100
WBGene00011530.,51,28,79
WBGene00011531.,181,4502,4683
WBGene00011532.,218,941,1159
WBGene00011533.,4,7,11
WBGene00011534.,21,41,62
WBGene00011535.,1,1,2
WBGene00011536.,0,7,7
WBGene00011537.,2,10,12
WBGene00011538.,59,1097,1156
WBGene00011539.,6,42,48
WBGene00011540.,23,24,47
WBGene00011541.,6,6,12
WBGene00011542.,11,6,17
WBGene00011543.,108,562,670
WBGene00011544.,21,3,24
WBGene00011545.,46,174,220
WBGene00011546.,44,131,175
WBGene00011547.,3,17,20
WBGene00011548.,10,2,12
WBGene00011549.,1,7,8
WBGene00011550.,14,14,28
WBGene00011551.,111,739,850
WBGene00011554.,33,79,112
WBGene00011556.,33,34,67
WBGene00011557.,2,9,11
WBGene00011558.,0,3225,3225
WBGene00011559.,99,572,671
WBGene00011560.,24,339,363
WBGene00011561.,158,5122,5280
WBGene00011562.,145,575,720
WBGene00011563.,13,17,30
WBGene00011564.,609,2413,3022
WBGene00011565.,8,9,17
WBGene00011566.,13,45,58
WBGene00011567.,0,0,0
WBGene00011568.,26,43,69
WBGene00011570.,7,10,17
WBGene00011571.,241,3428,3669
WBGene00011572.,48,89,137
WBGene00011573.,137,6654,6791
WBGene00011574.,4,24,28
WBGene00011575.,25,189,214
WBGene00011576.,55,151,206
WBGene00011577.,0,1,1
WBGene00011578.,40,86,126
WBGene00011579.,272,1270,1542
WBGene00011580.,76,629,705
WBGene00011581.,16,20,36
WBGene00011582.,84,29,113
WBGene00011583.,9,14,23
WBGene00011584.,0,0,0
WBGene00011585.,0,0,0
WBGene00011586.,103,2178,2281
WBGene00011587.,30,86,116
WBGene00011589.,42,394,436
WBGene00011590.,377,659,1036
WBGene00011591.,6,52,58
WBGene00011592.,115,66,181
WBGene00011593.,6,76,82
WBGene00011594.,6,20,26
WBGene00011595.,9,9,18
WBGene00011596.,48,67,115
WBGene00011597.,125,69,194
WBGene00011599.,0,366,366
WBGene00011600.,19,99,118
WBGene00011601.,51,94,145
WBGene00011604.,346,868,1214
WBGene00011605.,177,2294,2471
WBGene00011606.,10,20,30
WBGene00011607.,69,56,125
WBGene00011608.,6,24,30
WBGene00011609.,0,1,1
WBGene00011610.,7,32,39
WBGene00011611.,14,17,31
WBGene00011612.,58,17,75
WBGene00011613.,26,78,104
WBGene00011614.,14,73,87
WBGene00011615.,25,97,122
WBGene00011616.,24,11,35
WBGene00011617.,12,3,15
WBGene00011618.,11,5,16
WBGene00011619.,33,14,47
WBGene00011620.,16,24,40
WBGene00011621.,9,13,22
WBGene00011622.,15,29,44
WBGene00011623.,7,56,63
WBGene00011624.,79,211,290
WBGene00011625.,43,461,504
WBGene00011626.,0,0,0
WBGene00011627.,0,3,3
WBGene00011628.,0,0,0
WBGene00011629.,415,5776,6191
WBGene00011630.,53,59,112
WBGene00011631.,302,1376,1678
WBGene00011633.,36,102,138
WBGene00011634.,208,1324,1532
WBGene00011635.,57,565,622
WBGene00011636.,264,1093,1357
WBGene00011637.,120,643,763
WBGene00011638.,76,3270,3346
WBGene00011639.,230,1293,1523
WBGene00011640.,8,201,209
WBGene00011641.,0,1474,1474
WBGene00011642.,7,34,41
WBGene00011643.,41,35,76
WBGene00011644.,34,154,188
WBGene00011645.,53,341,394
WBGene00011646.,34,28,62
WBGene00011647.,779,2594,3373
WBGene00011648.,99,805,904
WBGene00011649.,35,14,49
WBGene00011650.,3,1,4
WBGene00011651.,25,12,37
WBGene00011652.,5,6,11
WBGene00011653.,15,9,24
WBGene00011654.,8,9,17
WBGene00011655.,4,8,12
WBGene00011656.,19,15,34
WBGene00011657.,5,17,22
WBGene00011658.,4,1,5
WBGene00011659.,2,4,6
WBGene00011660.,52,92,144
WBGene00011661.,80,877,957
WBGene00011662.,49,1018,1067
WBGene00011663.,121,221,342
WBGene00011664.,26,236,262
WBGene00011665.,11,36,47
WBGene00011666.,8,5,13
WBGene00011668.,0,3,3
WBGene00011669.,8,8,16
WBGene00011670.,4,34,38
WBGene00011671.,17,23,40
WBGene00011672.,138,1204,1342
WBGene00011673.,19,201,220
WBGene00011674.,15,32,47
WBGene00011675.,80,25,105
WBGene00011676.,74,666,740
WBGene00011677.,43,48,91
WBGene00011678.,36,289,325
WBGene00011679.,143,3489,3632
WBGene00011680.,23,327,350
WBGene00011681.,134,1197,1331
WBGene00011682.,99,289,388
WBGene00011683.,338,1544,1882
WBGene00011684.,54,126,180
WBGene00011685.,1,17,18
WBGene00011686.,12,9,21
WBGene00011687.,33,1475,1508
WBGene00011688.,34,469,503
WBGene00011689.,31,20,51
WBGene00011690.,2,4,6
WBGene00011691.,10,15,25
WBGene00011692.,1714,7314,9028
WBGene00011693.,21,32,53
WBGene00011694.,158,583,741
WBGene00011695.,50,33,83
WBGene00011696.,315,1549,1864
WBGene00011697.,22,13,35
WBGene00011698.,8,20,28
WBGene00011699.,9,27,36
WBGene00011701.,28,22,50
WBGene00011702.,19,14,33
WBGene00011703.,36,5,41
WBGene00011704.,0,8,8
WBGene00011705.,44,104,148
WBGene00011706.,28,150,178
WBGene00011707.,33,186,219
WBGene00011708.,578,3143,3721
WBGene00011709.,36,44,80
WBGene00011710.,0,0,0
WBGene00011712.,0,9,9
WBGene00011713.,19,332,351
WBGene00011714.,0,9,9
WBGene00011715.,0,1,1
WBGene00011716.,6,10,16
WBGene00011717.,44,354,398
WBGene00011718.,31,87,118
WBGene00011719.,77,295,372
WBGene00011720.,191,1002,1193
WBGene00011721.,5,5,10
WBGene00011722.,151,1475,1626
WBGene00011723.,214,1652,1866
WBGene00011724.,6,4,10
WBGene00011725.,108,362,470
WBGene00011726.,145,456,601
WBGene00011727.,51,513,564
WBGene00011728.,17,16,33
WBGene00011729.,129,1575,1704
WBGene00011730.,57,3462,3519
WBGene00011731.,37,276,313
WBGene00011732.,577,2384,2961
WBGene00011733.,66,1819,1885
WBGene00011734.,237,3618,3855
WBGene00011735.,658,4580,5238
WBGene00011736.,298,6122,6420
WBGene00011737.,211,3650,3861
WBGene00011738.,75,301,376
WBGene00011739.,13,220,233
WBGene00011740.,345,1911,2256
WBGene00011741.,16,43,59
WBGene00011742.,53,694,747
WBGene00011743.,335,2252,2587
WBGene00011744.,45,40,85
WBGene00011745.,103,189,292
WBGene00011746.,31,115,146
WBGene00011747.,63,694,757
WBGene00011748.,7,17,24
WBGene00011749.,2,1,3
WBGene00011750.,9,8,17
WBGene00011751.,2,44,46
WBGene00011752.,24,92,116
WBGene00011753.,3,7,10
WBGene00011754.,27,33,60
WBGene00011755.,998,2382,3380
WBGene00011756.,43,482,525
WBGene00011757.,15,29,44
WBGene00011758.,135,1757,1892
WBGene00011759.,33,2268,2301
WBGene00011760.,57,428,485
WBGene00011761.,29,482,511
WBGene00011762.,33,116,149
WBGene00011763.,142,4841,4983
WBGene00011765.,142,374,516
WBGene00011767.,614,1905,2519
WBGene00011768.,18,369,387
WBGene00011770.,6,21,27
WBGene00011771.,408,3031,3439
WBGene00011772.,15,65,80
WBGene00011773.,11,398,409
WBGene00011774.,67,462,529
WBGene00011775.,274,2140,2414
WBGene00011776.,12,281,293
WBGene00011777.,1,85,86
WBGene00011778.,3,4,7
WBGene00011779.,5,2,7
WBGene00011780.,18,4,22
WBGene00011781.,11,3,14
WBGene00011782.,12,11,23
WBGene00011783.,2,9,11
WBGene00011784.,19,13,32
WBGene00011785.,27,15,42
WBGene00011786.,11,15,26
WBGene00011788.,29,121,150
WBGene00011789.,7,24,31
WBGene00011790.,6,8,14
WBGene00011791.,0,15,15
WBGene00011793.,26,108,134
WBGene00011794.,180,712,892
WBGene00011795.,9,44,53
WBGene00011796.,50,60,110
WBGene00011797.,28,44,72
WBGene00011798.,35,116,151
WBGene00011799.,18,42,60
WBGene00011800.,28,119,147
WBGene00011801.,43,273,316
WBGene00011802.,49,529,578
WBGene00011803.,114,534,648
WBGene00011804.,15,32,47
WBGene00011805.,0,31,31
WBGene00011806.,64,612,676
WBGene00011807.,145,488,633
WBGene00011808.,1,5,6
WBGene00011809.,0,0,0
WBGene00011810.,33,23,56
WBGene00011811.,13,38,51
WBGene00011812.,5,38,43
WBGene00011813.,42,435,477
WBGene00011814.,36,145,181
WBGene00011815.,206,830,1036
WBGene00011816.,17,15,32
WBGene00011817.,184,520,704
WBGene00011818.,88,13,101
WBGene00011819.,17,223,240
WBGene00011820.,55,584,639
WBGene00011821.,61,313,374
WBGene00011822.,90,729,819
WBGene00011823.,1,133,134
WBGene00011824.,251,590,841
WBGene00011826.,140,160,300
WBGene00011827.,623,897,1520
WBGene00011828.,11,472,483
WBGene00011829.,37,46,83
WBGene00011830.,67,967,1034
WBGene00011831.,24,394,418
WBGene00011832.,91,893,984
WBGene00011833.,30,380,410
WBGene00011834.,30,256,286
WBGene00011835.,24,323,347
WBGene00011836.,15,54,69
WBGene00011837.,5,9,14
WBGene00011838.,16,376,392
WBGene00011839.,15,299,314
WBGene00011840.,3,10,13
WBGene00011841.,13,106,119
WBGene00011842.,4,4,8
WBGene00011844.,3,28,31
WBGene00011846.,18,37,55
WBGene00011847.,3,29,32
WBGene00011848.,9,13,22
WBGene00011849.,22,2101,2123
WBGene00011850.,115,132,247
WBGene00011851.,1,7,8
WBGene00011852.,20,42,62
WBGene00011853.,8,11,19
WBGene00011854.,1668,2186,3854
WBGene00011855.,3,17,20
WBGene00011856.,285,1738,2023
WBGene00011857.,183,2076,2259
WBGene00011858.,34,833,867
WBGene00011859.,63,694,757
WBGene00011860.,8,213,221
WBGene00011864.,207,1794,2001
WBGene00011867.,125,3951,4076
WBGene00011868.,45,125,170
WBGene00011869.,95,41552,41647
WBGene00011870.,33,3221,3254
WBGene00011871.,90,485,575
WBGene00011872.,76,240,316
WBGene00011873.,56,93,149
WBGene00011874.,7,16,23
WBGene00011875.,34,152,186
WBGene00011876.,3,13,16
WBGene00011877.,13,12,25
WBGene00011878.,96,192,288
WBGene00011879.,134,546,680
WBGene00011880.,1047,12402,13449
WBGene00011882.,37,4,41
WBGene00011883.,329,2204,2533
WBGene00011884.,287,30985,31272
WBGene00011885.,374,1000,1374
WBGene00011886.,17,157,174
WBGene00011887.,389,443,832
WBGene00011888.,147,229,376
WBGene00011890.,29,433,462
WBGene00011891.,37,632,669
WBGene00011892.,151,1425,1576
WBGene00011893.,30,153,183
WBGene00011894.,201,1435,1636
WBGene00011895.,26,24,50
WBGene00011896.,6,71,77
WBGene00011897.,263,2786,3049
WBGene00011898.,5,41,46
WBGene00011899.,48,471,519
WBGene00011900.,101,2,103
WBGene00011902.,3,11,14
WBGene00011903.,7,13,20
WBGene00011904.,412,1133,1545
WBGene00011906.,43,662,705
WBGene00011908.,93,277,370
WBGene00011909.,35,12,47
WBGene00011910.,10,16,26
WBGene00011911.,0,20,20
WBGene00011912.,125,1069,1194
WBGene00011913.,218,958,1176
WBGene00011914.,32,225,257
WBGene00011915.,113,694,807
WBGene00011916.,62,269,331
WBGene00011917.,292,2715,3007
WBGene00011918.,20,20,40
WBGene00011919.,24,14,38
WBGene00011920.,37,309,346
WBGene00011921.,11,2,13
WBGene00011922.,10,10,20
WBGene00011923.,37,109,146
WBGene00011924.,34,154,188
WBGene00011925.,16,174,190
WBGene00011926.,36,73,109
WBGene00011927.,27,91,118
WBGene00011928.,46,57,103
WBGene00011929.,0,2,2
WBGene00011930.,89,225,314
WBGene00011931.,23,128,151
WBGene00011932.,70,636,706
WBGene00011933.,12,8,20
WBGene00011934.,0,0,0
WBGene00011935.,11,719,730
WBGene00011936.,78,707,785
WBGene00011937.,0,1,1
WBGene00011938.,43,114,157
WBGene00011939.,95,803,898
WBGene00011940.,242,241,483
WBGene00011941.,67,211,278
WBGene00011942.,0,1,1
WBGene00011943.,0,7,7
WBGene00011944.,313,1949,2262
WBGene00011945.,25,134,159
WBGene00011947.,4,2,6
WBGene00011948.,8,20,28
WBGene00011949.,14,5,19
WBGene00011950.,10,1,11
WBGene00011951.,3,15,18
WBGene00011952.,60,55,115
WBGene00011953.,335,3215,3550
WBGene00011954.,1,7,8
WBGene00011955.,119,1034,1153
WBGene00011956.,34,288,322
WBGene00011957.,82,455,537
WBGene00011958.,9,68,77
WBGene00011959.,5,113,118
WBGene00011960.,30,51,81
WBGene00011961.,28,8,36
WBGene00011962.,103,881,984
WBGene00011963.,97,283,380
WBGene00011964.,68,309,377
WBGene00011965.,123,299,422
WBGene00011966.,347,3788,4135
WBGene00011967.,114,935,1049
WBGene00011968.,1,66,67
WBGene00011969.,17,452,469
WBGene00011970.,244,479,723
WBGene00011971.,288,1952,2240
WBGene00011972.,67,863,930
WBGene00011973.,10,10,20
WBGene00011974.,22,112,134
WBGene00011975.,165,1140,1305
WBGene00011976.,166,339,505
WBGene00011977.,440,13651,14091
WBGene00011978.,364,1449,1813
WBGene00011979.,36,181,217
WBGene00011980.,243,1397,1640
WBGene00011981.,2,43,45
WBGene00011982.,10,10,20
WBGene00011983.,2,18,20
WBGene00011984.,64,58,122
WBGene00011985.,48,389,437
WBGene00011986.,1,15,16
WBGene00011988.,25,68,93
WBGene00011989.,17,0,17
WBGene00011990.,20,197,217
WBGene00011991.,60,11,71
WBGene00011992.,0,2,2
WBGene00011993.,0,5,5
WBGene00011994.,25,293,318
WBGene00011995.,182,640,822
WBGene00011996.,29,166,195
WBGene00011997.,30,806,836
WBGene00011999.,17,9,26
WBGene00012000.,64,895,959
WBGene00012002.,61,723,784
WBGene00012003.,75,28,103
WBGene00012004.,184,1288,1472
WBGene00012005.,1381,989,2370
WBGene00012007.,19,469,488
WBGene00012008.,0,6,6
WBGene00012009.,68,116,184
WBGene00012010.,0,9,9
WBGene00012011.,12,8,20
WBGene00012012.,11,12,23
WBGene00012013.,81,261,342
WBGene00012014.,107,512,619
WBGene00012015.,227,3796,4023
WBGene00012016.,102,314,416
WBGene00012017.,114,20,134
WBGene00012018.,470,2098,2568
WBGene00012019.,6609,1313,7922
WBGene00012020.,6,71,77
WBGene00012021.,16,6,22
WBGene00012022.,17,14,31
WBGene00012023.,42,19,61
WBGene00012024.,4,4,8
WBGene00012025.,2,20,22
WBGene00012026.,1,13,14
WBGene00012027.,5,5,10
WBGene00012028.,10,17,27
WBGene00012029.,115,426,541
WBGene00012030.,153,2709,2862
WBGene00012031.,95,2200,2295
WBGene00012032.,18,46,64
WBGene00012033.,222,849,1071
WBGene00012034.,46,208,254
WBGene00012035.,88,1305,1393
WBGene00012036.,0,13,13
WBGene00012037.,779,4392,5171
WBGene00012038.,1,14,15
WBGene00012039.,5,7,12
WBGene00012040.,13,21,34
WBGene00012041.,25,29,54
WBGene00012042.,21,149,170
WBGene00012043.,8,15,23
WBGene00012044.,1,14,15
WBGene00012045.,19,14,33
WBGene00012046.,25,13,38
WBGene00012047.,34,4,38
WBGene00012048.,11,7,18
WBGene00012049.,8,3,11
WBGene00012050.,10,13,23
WBGene00012051.,70,28,98
WBGene00012052.,7,7,14
WBGene00012053.,2,3,5
WBGene00012054.,35,5,40
WBGene00012055.,3,10,13
WBGene00012056.,4,20,24
WBGene00012057.,0,2,2
WBGene00012058.,12,10,22
WBGene00012059.,172,1193,1365
WBGene00012060.,0,0,0
WBGene00012061.,0,9,9
WBGene00012062.,63,314,377
WBGene00012063.,0,2,2
WBGene00012064.,0,0,0
WBGene00012065.,0,0,0
WBGene00012066.,18,2,20
WBGene00012067.,0,1,1
WBGene00012068.,34,59,93
WBGene00012069.,7,13,20
WBGene00012070.,195,53,248
WBGene00012072.,13,9,22
WBGene00012073.,170,407,577
WBGene00012074.,31,28,59
WBGene00012075.,1,1,2
WBGene00012077.,52,14,66
WBGene00012078.,3,17,20
WBGene00012079.,2,6,8
WBGene00012080.,0,5,5
WBGene00012081.,16,6,22
WBGene00012083.,10,6,16
WBGene00012084.,322,290,612
WBGene00012085.,66,1082,1148
WBGene00012086.,37,20,57
WBGene00012087.,16,5,21
WBGene00012088.,14,13,27
WBGene00012089.,20,10,30
WBGene00012090.,6,5,11
WBGene00012091.,75,9,84
WBGene00012093.,62,22,84
WBGene00012094.,0,20602,20602
WBGene00012095.,117,239,356
WBGene00012096.,1,13,14
WBGene00012097.,230,9634,9864
WBGene00012098.,4,0,4
WBGene00012099.,111,132,243
WBGene00012100.,208,1542,1750
WBGene00012101.,13,1786,1799
WBGene00012102.,40,17,57
WBGene00012103.,16,51,67
WBGene00012104.,41,249,290
WBGene00012105.,80,336,416
WBGene00012106.,32,472,504
WBGene00012107.,14,86,100
WBGene00012108.,13,4,17
WBGene00012109.,22,82,104
WBGene00012110.,43,108,151
WBGene00012111.,26,112,138
WBGene00012112.,32,180,212
WBGene00012113.,30,10539,10569
WBGene00012114.,52,144,196
WBGene00012115.,44,61,105
WBGene00012116.,44,63,107
WBGene00012117.,361,1938,2299
WBGene00012118.,55,359,414
WBGene00012119.,2,20,22
WBGene00012120.,5,24,29
WBGene00012121.,334,2554,2888
WBGene00012122.,16,358,374
WBGene00012123.,239,1576,1815
WBGene00012124.,48,400,448
WBGene00012125.,158,969,1127
WBGene00012126.,1166,2341,3507
WBGene00012127.,70,287,357
WBGene00012128.,516,5147,5663
WBGene00012130.,62,276,338
WBGene00012131.,27,192,219
WBGene00012132.,87,337,424
WBGene00012133.,1,3,4
WBGene00012134.,49,252,301
WBGene00012135.,78,69,147
WBGene00012136.,751,1637,2388
WBGene00012137.,83,140,223
WBGene00012138.,24,56,80
WBGene00012139.,647,395,1042
WBGene00012140.,552,18589,19141
WBGene00012142.,42,165,207
WBGene00012143.,59,268,327
WBGene00012144.,29,395,424
WBGene00012145.,86,1017,1103
WBGene00012146.,0,0,0
WBGene00012147.,15,25,40
WBGene00012148.,148,18466,18614
WBGene00012149.,374,729,1103
WBGene00012150.,84,270,354
WBGene00012151.,13,66,79
WBGene00012152.,84,694,778
WBGene00012155.,19,228,247
WBGene00012156.,6,504,510
WBGene00012157.,125,256,381
WBGene00012158.,1359,7022,8381
WBGene00012159.,3,13,16
WBGene00012162.,25,76,101
WBGene00012163.,13,21,34
WBGene00012164.,57,78,135
WBGene00012165.,91,170,261
WBGene00012166.,21,7821,7842
WBGene00012167.,17,340,357
WBGene00012168.,62,57,119
WBGene00012169.,5,1,6
WBGene00012170.,13,12,25
WBGene00012171.,0,2,2
WBGene00012172.,19,25,44
WBGene00012173.,8,9,17
WBGene00012174.,12,10,22
WBGene00012175.,25,84,109
WBGene00012176.,32,50,82
WBGene00012177.,8,15,23
WBGene00012178.,138,170,308
WBGene00012179.,3820,173252,177072
WBGene00012180.,255,95,350
WBGene00012181.,22,5,27
WBGene00012182.,20,815,835
WBGene00012183.,0,178,178
WBGene00012184.,73,158,231
WBGene00012185.,27,154,181
WBGene00012186.,51,1113,1164
WBGene00012187.,91,1133,1224
WBGene00012188.,116,413,529
WBGene00012189.,11,11,22
WBGene00012190.,42,57,99
WBGene00012191.,25,25,50
WBGene00012192.,149,413,562
WBGene00012193.,1023,5699,6722
WBGene00012194.,64,973,1037
WBGene00012195.,91,33,124
WBGene00012196.,9,35,44
WBGene00012197.,163,3063,3226
WBGene00012198.,27,305,332
WBGene00012199.,18,12,30
WBGene00012200.,18,7,25
WBGene00012201.,55,252,307
WBGene00012202.,40,36,76
WBGene00012203.,86,791,877
WBGene00012204.,35,1032,1067
WBGene00012205.,61,716,777
WBGene00012206.,37,634,671
WBGene00012207.,10,14,24
WBGene00012208.,88,609,697
WBGene00012209.,24,210,234
WBGene00012210.,3,51,54
WBGene00012211.,13,26,39
WBGene00012212.,0,1,1
WBGene00012213.,0,32,32
WBGene00012214.,1,6,7
WBGene00012215.,12,51,63
WBGene00012216.,43,1790,1833
WBGene00012217.,21,10,31
WBGene00012218.,5,12,17
WBGene00012219.,11,17,28
WBGene00012220.,44,178,222
WBGene00012221.,245,2584,2829
WBGene00012222.,82,129,211
WBGene00012223.,11,5,16
WBGene00012224.,27,20,47
WBGene00012225.,120,240,360
WBGene00012226.,167,989,1156
WBGene00012227.,14,65,79
WBGene00012228.,14,72,86
WBGene00012230.,493,927,1420
WBGene00012231.,21,19,40
WBGene00012232.,9,2,11
WBGene00012233.,7,2,9
WBGene00012234.,307,744,1051
WBGene00012235.,55,363,418
WBGene00012236.,54,260,314
WBGene00012237.,3,100,103
WBGene00012238.,20,17,37
WBGene00012239.,55,693,748
WBGene00012240.,8,19,27
WBGene00012241.,95,166,261
WBGene00012242.,3,43,46
WBGene00012243.,55,428,483
WBGene00012244.,19,1307,1326
WBGene00012245.,315,2226,2541
WBGene00012246.,12,24,36
WBGene00012247.,3,1,4
WBGene00012248.,0,0,0
WBGene00012249.,12,8,20
WBGene00012250.,66,2,68
WBGene00012251.,27,97,124
WBGene00012252.,195,290,485
WBGene00012253.,170,3808,3978
WBGene00012254.,48,46,94
WBGene00012255.,48,789,837
WBGene00012256.,15,330,345
WBGene00012257.,16,183,199
WBGene00012258.,50,825,875
WBGene00012259.,182,316,498
WBGene00012260.,3,19,22
WBGene00012261.,19,852,871
WBGene00012264.,2,12,14
WBGene00012265.,24,71,95
WBGene00012266.,9,2,11
WBGene00012267.,2,4,6
WBGene00012268.,7,47,54
WBGene00012269.,8,3,11
WBGene00012270.,19,12,31
WBGene00012271.,47,110,157
WBGene00012272.,246,147,393
WBGene00012274.,661,2833,3494
WBGene00012275.,149,198,347
WBGene00012276.,91,1180,1271
WBGene00012277.,57,259,316
WBGene00012278.,3,15,18
WBGene00012279.,12,253,265
WBGene00012280.,14,48,62
WBGene00012281.,113,386,499
WBGene00012282.,74,338,412
WBGene00012283.,14,6,20
WBGene00012284.,2,4,6
WBGene00012285.,9,13,22
WBGene00012286.,6,4,10
WBGene00012287.,2,13,15
WBGene00012288.,2,8,10
WBGene00012289.,573,2758,3331
WBGene00012290.,18,82,100
WBGene00012291.,550,2118,2668
WBGene00012292.,0,0,0
WBGene00012293.,204,20,224
WBGene00012294.,0,0,0
WBGene00012295.,77,60,137
WBGene00012296.,39,15,54
WBGene00012297.,11,22,33
WBGene00012298.,54,624,678
WBGene00012299.,28,33,61
WBGene00012300.,0,0,0
WBGene00012301.,7,7,14
WBGene00012302.,4,6,10
WBGene00012303.,21,3,24
WBGene00012304.,96,18,114
WBGene00012305.,3,5,8
WBGene00012306.,152,323,475
WBGene00012307.,14,32,46
WBGene00012308.,25,8,33
WBGene00012309.,2,9,11
WBGene00012310.,72,9,81
WBGene00012311.,1,4,5
WBGene00012312.,0,1,1
WBGene00012313.,0,2,2
WBGene00012314.,0,0,0
WBGene00012315.,47,372,419
WBGene00012316.,147,1359,1506
WBGene00012317.,116,1429,1545
WBGene00012318.,4,3,7
WBGene00012319.,242,466,708
WBGene00012320.,1,0,1
WBGene00012321.,3,10,13
WBGene00012322.,146,504,650
WBGene00012323.,5,24,29
WBGene00012324.,13,167,180
WBGene00012325.,61,115,176
WBGene00012326.,313,1121,1434
WBGene00012328.,30,82,112
WBGene00012329.,14,13,27
WBGene00012330.,103,454,557
WBGene00012332.,25,133,158
WBGene00012333.,25,46,71
WBGene00012334.,22,3,25
WBGene00012335.,3,31,34
WBGene00012336.,38,23,61
WBGene00012337.,275,2456,2731
WBGene00012339.,49,323,372
WBGene00012340.,59,152,211
WBGene00012341.,205,913,1118
WBGene00012342.,222,1222,1444
WBGene00012343.,209,1685,1894
WBGene00012344.,491,6263,6754
WBGene00012345.,14,15,29
WBGene00012346.,19,10,29
WBGene00012347.,560,298,858
WBGene00012348.,772,3071,3843
WBGene00012349.,20,7,27
WBGene00012350.,0,0,0
WBGene00012351.,1045,5692,6737
WBGene00012352.,241,333,574
WBGene00012353.,100,1127,1227
WBGene00012354.,676,23787,24463
WBGene00012355.,62,0,62
WBGene00012356.,37,96,133
WBGene00012357.,1,3,4
WBGene00012358.,389,1780,2169
WBGene00012359.,61,903,964
WBGene00012360.,139,749,888
WBGene00012361.,166,5015,5181
WBGene00012362.,550,1226,1776
WBGene00012363.,181,463,644
WBGene00012364.,100,183,283
WBGene00012365.,116,945,1061
WBGene00012366.,87,751,838
WBGene00012368.,5,55,60
WBGene00012369.,151,822,973
WBGene00012370.,129,268,397
WBGene00012371.,658,1052,1710
WBGene00012372.,55,120,175
WBGene00012373.,0,0,0
WBGene00012374.,44,61,105
WBGene00012375.,61,1352,1413
WBGene00012376.,502,8355,8857
WBGene00012377.,0,0,0
WBGene00012378.,6,7,13
WBGene00012379.,3,13,16
WBGene00012381.,78,378,456
WBGene00012382.,9560,80682,90242
WBGene00012383.,1640,12468,14108
WBGene00012384.,54,100,154
WBGene00012385.,100,307,407
WBGene00012386.,524667,1237,525904
WBGene00012387.,149,105,254
WBGene00012388.,17,18,35
WBGene00012389.,256,529,785
WBGene00012390.,208,315,523
WBGene00012391.,120,347,467
WBGene00012393.,274,493,767
WBGene00012394.,46,16,62
WBGene00012395.,2,245,247
WBGene00012396.,71,666,737
WBGene00012397.,0,13,13
WBGene00012398.,29,64,93
WBGene00012399.,57,51,108
WBGene00012400.,10,12,22
WBGene00012401.,3,54,57
WBGene00012402.,4,2,6
WBGene00012403.,19,37,56
WBGene00012404.,21,92,113
WBGene00012405.,1,3,4
WBGene00012406.,17,11,28
WBGene00012407.,88,422,510
WBGene00012408.,25,150,175
WBGene00012409.,3,1,4
WBGene00012411.,2,1,3
WBGene00012412.,0,45,45
WBGene00012413.,25,46,71
WBGene00012414.,8,10,18
WBGene00012415.,19,7,26
WBGene00012416.,71,74,145
WBGene00012418.,133,73,206
WBGene00012419.,0,0,0
WBGene00012420.,13,1636,1649
WBGene00012421.,111,634,745
WBGene00012423.,237,1464,1701
WBGene00012424.,503,1609,2112
WBGene00012425.,102,158,260
WBGene00012426.,30,20,50
WBGene00012428.,95,41,136
WBGene00012429.,1,17,18
WBGene00012431.,23,122,145
WBGene00012432.,47,73,120
WBGene00012433.,9,29,38
WBGene00012434.,302,3054,3356
WBGene00012435.,14,98,112
WBGene00012436.,5,57,62
WBGene00012437.,442,2143,2585
WBGene00012439.,45,383,428
WBGene00012440.,14,587,601
WBGene00012441.,69,152,221
WBGene00012442.,53,32,85
WBGene00012443.,219,1577,1796
WBGene00012444.,143,2591,2734
WBGene00012445.,162,1192,1354
WBGene00012446.,80,92,172
WBGene00012448.,47,31,78
WBGene00012449.,39,74,113
WBGene00012450.,45,137,182
WBGene00012451.,8,8,16
WBGene00012452.,0,5880,5880
WBGene00012453.,3,9,12
WBGene00012454.,3,6,9
WBGene00012455.,71,40,111
WBGene00012456.,54,101,155
WBGene00012457.,132,374,506
WBGene00012458.,372,1030,1402
WBGene00012459.,60,563,623
WBGene00012460.,124,219,343
WBGene00012461.,472,206,678
WBGene00012462.,415,358,773
WBGene00012463.,195,449,644
WBGene00012464.,46,80,126
WBGene00012465.,103,824,927
WBGene00012466.,297,414,711
WBGene00012467.,26,51,77
WBGene00012468.,505,3570,4075
WBGene00012469.,74,402,476
WBGene00012470.,50,12,62
WBGene00012471.,69,4903,4972
WBGene00012472.,134,847,981
WBGene00012473.,99,95,194
WBGene00012474.,282,885,1167
WBGene00012475.,28,12,40
WBGene00012476.,9,82,91
WBGene00012477.,42,58,100
WBGene00012478.,566,4538,5104
WBGene00012479.,117,509,626
WBGene00012480.,42,43,85
WBGene00012481.,58,160,218
WBGene00012482.,1,28,29
WBGene00012483.,0,2171,2171
WBGene00012484.,44,2370,2414
WBGene00012485.,0,31,31
WBGene00012486.,9,4,13
WBGene00012487.,11,21,32
WBGene00012488.,11,2,13
WBGene00012489.,0,0,0
WBGene00012490.,0,10,10
WBGene00012491.,102,32,134
WBGene00012492.,3,30,33
WBGene00012493.,0,5,5
WBGene00012494.,120,203,323
WBGene00012496.,68,510,578
WBGene00012497.,71,1416,1487
WBGene00012498.,0,105,105
WBGene00012499.,0,3,3
WBGene00012500.,14,50,64
WBGene00012501.,6,4,10
WBGene00012502.,8,4,12
WBGene00012503.,49,76,125
WBGene00012504.,8,7,15
WBGene00012505.,13,31,44
WBGene00012509.,2,2,4
WBGene00012512.,25,75,100
WBGene00012513.,48,243,291
WBGene00012514.,16,102,118
WBGene00012515.,29,5,34
WBGene00012516.,0,7,7
WBGene00012517.,13,12,25
WBGene00012518.,4,10,14
WBGene00012519.,6,0,6
WBGene00012520.,7,0,7
WBGene00012521.,2,6,8
WBGene00012522.,324,897,1221
WBGene00012523.,1,3,4
WBGene00012524.,88,316,404
WBGene00012525.,26,27,53
WBGene00012526.,6,23,29
WBGene00012527.,46,113,159
WBGene00012528.,46,1806,1852
WBGene00012529.,124,330,454
WBGene00012530.,1669,768,2437
WBGene00012531.,76,341,417
WBGene00012532.,150,241,391
WBGene00012533.,4,32,36
WBGene00012535.,109,24,133
WBGene00012536.,64,125,189
WBGene00012537.,9,18,27
WBGene00012538.,66,158,224
WBGene00012540.,10,51,61
WBGene00012541.,40,10,50
WBGene00012542.,52,22,74
WBGene00012543.,497,1234,1731
WBGene00012544.,1463,10953,12416
WBGene00012545.,109,195,304
WBGene00012546.,20,318,338
WBGene00012547.,4,16,20
WBGene00012548.,310,539,849
WBGene00012549.,13,1,14
WBGene00012550.,40,2949,2989
WBGene00012551.,7,301,308
WBGene00012552.,0,117,117
WBGene00012553.,4670,29331,34001
WBGene00012554.,112,1146,1258
WBGene00012555.,51,768,819
WBGene00012556.,289,1700,1989
WBGene00012557.,16,5,21
WBGene00012558.,131,747,878
WBGene00012559.,151,822,973
WBGene00012560.,647,659,1306
WBGene00012561.,5,21,26
WBGene00012562.,147,609,756
WBGene00012564.,17,134,151
WBGene00012565.,10,109,119
WBGene00012566.,9,39,48
WBGene00012567.,6,20,26
WBGene00012568.,4,41,45
WBGene00012569.,1,38,39
WBGene00012570.,23,18,41
WBGene00012571.,20,10,30
WBGene00012572.,36,4,40
WBGene00012573.,82,129,211
WBGene00012574.,0,3,3
WBGene00012575.,3,12,15
WBGene00012576.,74,268,342
WBGene00012577.,21,5,26
WBGene00012578.,370,705,1075
WBGene00012579.,0,0,0
WBGene00012580.,3,3,6
WBGene00012581.,0,2,2
WBGene00012582.,22,23,45
WBGene00012583.,45,139,184
WBGene00012584.,799,1555,2354
WBGene00012585.,56,197,253
WBGene00012586.,4,6,10
WBGene00012587.,9,10,19
WBGene00012588.,34,80,114
WBGene00012589.,2,28,30
WBGene00012590.,3,0,3
WBGene00012591.,0,125,125
WBGene00012592.,5,257,262
WBGene00012593.,0,8,8
WBGene00012594.,14,93,107
WBGene00012595.,4,78,82
WBGene00012596.,12,38,50
WBGene00012597.,38,176,214
WBGene00012600.,139,744,883
WBGene00012602.,687,7755,8442
WBGene00012603.,2,9,11
WBGene00012604.,0,61,61
WBGene00012605.,56,93,149
WBGene00012606.,57,261,318
WBGene00012607.,55,46,101
WBGene00012608.,1930,11794,13724
WBGene00012609.,5,6,11
WBGene00012610.,37,170,207
WBGene00012612.,7,5,12
WBGene00012614.,56,46,102
WBGene00012615.,1058,10343,11401
WBGene00012616.,9,83,92
WBGene00012617.,0,3,3
WBGene00012618.,38,38,76
WBGene00012620.,0,17,17
WBGene00012621.,7,236,243
WBGene00012622.,18,42,60
WBGene00012623.,19,33,52
WBGene00012624.,41,166,207
WBGene00012625.,8,10,18
WBGene00012626.,63,108,171
WBGene00012627.,65,54,119
WBGene00012628.,124,615,739
WBGene00012629.,45,123,168
WBGene00012630.,3,7,10
WBGene00012631.,5,18,23
WBGene00012632.,25,110,135
WBGene00012633.,25,9,34
WBGene00012634.,3,64,67
WBGene00012635.,23,52,75
WBGene00012636.,45,11,56
WBGene00012637.,3,7,10
WBGene00012638.,0,1,1
WBGene00012639.,42,46,88
WBGene00012640.,3,388,391
WBGene00012641.,158,1204,1362
WBGene00012642.,26,36,62
WBGene00012643.,24,1041,1065
WBGene00012644.,326,373,699
WBGene00012645.,304,1476,1780
WBGene00012646.,140,1013,1153
WBGene00012647.,64,396,460
WBGene00012648.,90,2424,2514
WBGene00012649.,0,7,7
WBGene00012650.,20,429,449
WBGene00012651.,68,201,269
WBGene00012652.,11,756,767
WBGene00012653.,0,1,1
WBGene00012654.,90,51,141
WBGene00012655.,3,7,10
WBGene00012656.,32,12,44
WBGene00012657.,154,365,519
WBGene00012658.,336,1187,1523
WBGene00012659.,39,4,43
WBGene00012660.,0,80,80
WBGene00012661.,9,15,24
WBGene00012662.,93,840,933
WBGene00012663.,112,449,561
WBGene00012664.,6,434,440
WBGene00012665.,142,792,934
WBGene00012666.,303,1799,2102
WBGene00012668.,1084,3447,4531
WBGene00012669.,40,43,83
WBGene00012670.,45,30,75
WBGene00012671.,15,32,47
WBGene00012672.,10,1,11
WBGene00012673.,20,63,83
WBGene00012674.,209,655,864
WBGene00012675.,143,545,688
WBGene00012676.,437,1065,1502
WBGene00012678.,30,127,157
WBGene00012679.,15,45,60
WBGene00012680.,3,133,136
WBGene00012681.,6,2,8
WBGene00012682.,19,5,24
WBGene00012683.,2,38,40
WBGene00012684.,17,6,23
WBGene00012686.,18,22,40
WBGene00012688.,25,17,42
WBGene00012689.,23,63,86
WBGene00012690.,23,4,27
WBGene00012692.,293,1986,2279
WBGene00012693.,135,857,992
WBGene00012694.,93,740,833
WBGene00012695.,23,429,452
WBGene00012696.,22,126,148
WBGene00012697.,76,1672,1748
WBGene00012698.,54,219,273
WBGene00012699.,79,21,100
WBGene00012700.,18,137,155
WBGene00012701.,182,312,494
WBGene00012702.,48,46,94
WBGene00012703.,131,118,249
WBGene00012704.,71,127,198
WBGene00012705.,13,38,51
WBGene00012706.,7,8,15
WBGene00012707.,25,7,32
WBGene00012708.,13,24,37
WBGene00012709.,43,51,94
WBGene00012710.,11,313,324
WBGene00012711.,17,34,51
WBGene00012712.,198,222,420
WBGene00012713.,160,2818,2978
WBGene00012714.,133,1688,1821
WBGene00012715.,54,438,492
WBGene00012716.,14,133,147
WBGene00012717.,459,2237,2696
WBGene00012718.,380,166,546
WBGene00012719.,219,308,527
WBGene00012720.,8,5,13
WBGene00012721.,126,65,191
WBGene00012722.,126,1167,1293
WBGene00012723.,48,322,370
WBGene00012724.,18,6,24
WBGene00012725.,2,27,29
WBGene00012726.,29,37,66
WBGene00012727.,0,1,1
WBGene00012728.,73,1094,1167
WBGene00012729.,1,4,5
WBGene00012730.,536,1141,1677
WBGene00012731.,6,33,39
WBGene00012732.,252,472,724
WBGene00012734.,437,519,956
WBGene00012735.,491,1108,1599
WBGene00012738.,97,3496,3593
WBGene00012739.,1079,2086,3165
WBGene00012740.,137,979,1116
WBGene00012741.,29,13,42
WBGene00012742.,3,3,6
WBGene00012743.,31,7,38
WBGene00012744.,218,71,289
WBGene00012745.,48,9,57
WBGene00012746.,0,8,8
WBGene00012747.,107,14,121
WBGene00012748.,8,21,29
WBGene00012749.,29,21,50
WBGene00012750.,208,125,333
WBGene00012752.,0,0,0
WBGene00012753.,29,239,268
WBGene00012754.,37,71,108
WBGene00012755.,72,173,245
WBGene00012756.,192,352,544
WBGene00012757.,94,752,846
WBGene00012758.,56,154,210
WBGene00012759.,178,3368,3546
WBGene00012760.,16225,2540,18765
WBGene00012761.,3,19,22
WBGene00012762.,120,1378,1498
WBGene00012763.,395,698,1093
WBGene00012764.,0,139,139
WBGene00012765.,203,1374,1577
WBGene00012766.,49,2022,2071
WBGene00012767.,352,504,856
WBGene00012768.,72,21717,21789
WBGene00012769.,346,1713,2059
WBGene00012770.,233,37,270
WBGene00012771.,7,10,17
WBGene00012772.,113,14,127
WBGene00012773.,44,10,54
WBGene00012775.,150,26,176
WBGene00012776.,130,149,279
WBGene00012777.,12,72,84
WBGene00012778.,20,146,166
WBGene00012779.,222,272,494
WBGene00012780.,31,25,56
WBGene00012781.,0,19,19
WBGene00012782.,91,486,577
WBGene00012783.,17,471,488
WBGene00012784.,45,6,51
WBGene00012785.,0,3,3
WBGene00012786.,4,39,43
WBGene00012787.,16,18,34
WBGene00012788.,135,8,143
WBGene00012789.,8,0,8
WBGene00012790.,0,0,0
WBGene00012791.,99,59,158
WBGene00012792.,15,48,63
WBGene00012793.,2,7,9
WBGene00012794.,78,1165,1243
WBGene00012795.,3,40,43
WBGene00012796.,92,145,237
WBGene00012798.,12,40,52
WBGene00012799.,2,16,18
WBGene00012802.,164,344,508
WBGene00012803.,53,2300,2353
WBGene00012804.,151,634,785
WBGene00012806.,77,304,381
WBGene00012807.,120,811,931
WBGene00012808.,19,143,162
WBGene00012809.,62,26,88
WBGene00012810.,16,42,58
WBGene00012811.,63,163,226
WBGene00012812.,461,4930,5391
WBGene00012813.,1902,13262,15164
WBGene00012814.,187,102,289
WBGene00012815.,14,41,55
WBGene00012816.,5,3,8
WBGene00012817.,9,25,34
WBGene00012818.,9,3,12
WBGene00012819.,30,283,313
WBGene00012820.,49,6,55
WBGene00012821.,74,394,468
WBGene00012822.,8,26,34
WBGene00012823.,11,33,44
WBGene00012824.,35,30,65
WBGene00012825.,227,690,917
WBGene00012826.,134,333,467
WBGene00012827.,18,12,30
WBGene00012828.,424,155,579
WBGene00012829.,363,1771,2134
WBGene00012830.,41,1214,1255
WBGene00012831.,8,20,28
WBGene00012832.,336,15,351
WBGene00012833.,40,371,411
WBGene00012834.,110,222,332
WBGene00012835.,146,178,324
WBGene00012836.,3,1,4
WBGene00012837.,4,33,37
WBGene00012838.,4,13,17
WBGene00012839.,0,2,2
WBGene00012840.,201,835,1036
WBGene00012841.,2,1,3
WBGene00012844.,0,0,0
WBGene00012845.,284,128,412
WBGene00012846.,14,13,27
WBGene00012847.,22,15,37
WBGene00012848.,18,7,25
WBGene00012849.,8,16,24
WBGene00012850.,1851,7233,9084
WBGene00012851.,4,25,29
WBGene00012852.,436,108,544
WBGene00012853.,161,13178,13339
WBGene00012854.,238,1094,1332
WBGene00012855.,18,32,50
WBGene00012856.,56,50,106
WBGene00012857.,242,620,862
WBGene00012858.,59,488,547
WBGene00012859.,43,70,113
WBGene00012860.,90,411,501
WBGene00012861.,54,669,723
WBGene00012862.,3,5,8
WBGene00012863.,21,22,43
WBGene00012864.,62,67,129
WBGene00012866.,57,82,139
WBGene00012867.,99,322,421
WBGene00012868.,731,948,1679
WBGene00012869.,96,332,428
WBGene00012870.,8,7,15
WBGene00012871.,0,0,0
WBGene00012872.,5,6,11
WBGene00012873.,2,15,17
WBGene00012874.,1,1,2
WBGene00012875.,1256,7492,8748
WBGene00012876.,12,5,17
WBGene00012877.,7,8,15
WBGene00012878.,1,1,2
WBGene00012879.,6,100,106
WBGene00012880.,18,12,30
WBGene00012883.,21,172,193
WBGene00012885.,338,2424,2762
WBGene00012886.,25,39,64
WBGene00012887.,191,1019,1210
WBGene00012888.,57,458,515
WBGene00012889.,155,349,504
WBGene00012890.,115,191,306
WBGene00012891.,689,2049,2738
WBGene00012892.,51,29,80
WBGene00012893.,54,16,70
WBGene00012894.,982,985,1967
WBGene00012895.,177,601,778
WBGene00012896.,119,2990,3109
WBGene00012897.,6,884,890
WBGene00012898.,9,15,24
WBGene00012899.,18,93,111
WBGene00012900.,13,55,68
WBGene00012901.,131,78,209
WBGene00012903.,263,1880,2143
WBGene00012904.,65,579,644
WBGene00012905.,10,6,16
WBGene00012906.,33,268,301
WBGene00012907.,1387,4958,6345
WBGene00012908.,188,867,1055
WBGene00012909.,193,378,571
WBGene00012910.,18,27,45
WBGene00012911.,140,322,462
WBGene00012912.,2,4,6
WBGene00012913.,1,6,7
WBGene00012914.,4,9,13
WBGene00012915.,48,66,114
WBGene00012916.,5,16,21
WBGene00012917.,97,21,118
WBGene00012919.,60,14,74
WBGene00012920.,107,238,345
WBGene00012921.,0,86,86
WBGene00012922.,14,97,111
WBGene00012923.,23,95,118
WBGene00012924.,27,16,43
WBGene00012925.,12,3,15
WBGene00012926.,0,10,10
WBGene00012927.,53,168,221
WBGene00012928.,29,960,989
WBGene00012929.,348,2059,2407
WBGene00012930.,375,464,839
WBGene00012931.,201,893,1094
WBGene00012932.,148,1717,1865
WBGene00012933.,0,86,86
WBGene00012934.,150,415,565
WBGene00012935.,233,321,554
WBGene00012936.,276,1210,1486
WBGene00012937.,0,10,10
WBGene00012938.,177,88,265
WBGene00012939.,111,260,371
WBGene00012940.,104,21,125
WBGene00012941.,22,119,141
WBGene00012942.,2,140,142
WBGene00012943.,155,552,707
WBGene00012945.,0,0,0
WBGene00012946.,68,3,71
WBGene00012947.,5,7,12
WBGene00012948.,294,191,485
WBGene00012950.,64,454,518
WBGene00012951.,235,965,1200
WBGene00012952.,2,8,10
WBGene00012953.,10,118,128
WBGene00012954.,39,61,100
WBGene00012955.,6,4,10
WBGene00012956.,62,34,96
WBGene00012958.,25,20,45
WBGene00012959.,9,16,25
WBGene00012960.,399,1102,1501
WBGene00012961.,38,111,149
WBGene00012962.,61,132,193
WBGene00012964.,227,6536,6763
WBGene00012965.,0,36,36
WBGene00012966.,16,563,579
WBGene00012967.,190,80,270
WBGene00012968.,87,328,415
WBGene00012969.,14,24,38
WBGene00012970.,38,64,102
WBGene00012972.,108,758,866
WBGene00012973.,820,2602,3422
WBGene00012974.,60,9,69
WBGene00012975.,952,261,1213
WBGene00012976.,44,153,197
WBGene00012977.,157,420,577
WBGene00012978.,335,2292,2627
WBGene00012979.,6,46,52
WBGene00012980.,848,1513,2361
WBGene00012981.,16,20,36
WBGene00012982.,185,986,1171
WBGene00012983.,228,2414,2642
WBGene00012984.,130,530,660
WBGene00012985.,8,5,13
WBGene00012987.,229,836,1065
WBGene00012988.,206,709,915
WBGene00012989.,1170,702,1872
WBGene00012990.,344,1023,1367
WBGene00012992.,213,1347,1560
WBGene00012993.,439,259,698
WBGene00012994.,218,425,643
WBGene00012995.,474,673,1147
WBGene00012996.,231,823,1054
WBGene00012997.,30,466,496
WBGene00012998.,136,485,621
WBGene00012999.,459,1625,2084
WBGene00013000.,804,363,1167
WBGene00013001.,323,678,1001
WBGene00013002.,612,635,1247
WBGene00013004.,496,2325,2821
WBGene00013006.,292,374,666
WBGene00013007.,42,60,102
WBGene00013008.,198,281,479
WBGene00013009.,12,40,52
WBGene00013010.,0,0,0
WBGene00013011.,89,340,429
WBGene00013013.,44,305,349
WBGene00013014.,139,522,661
WBGene00013015.,187,347,534
WBGene00013017.,88,1417,1505
WBGene00013018.,26,961,987
WBGene00013019.,284,290,574
WBGene00013020.,144,1322,1466
WBGene00013021.,248,464,712
WBGene00013023.,53,225,278
WBGene00013024.,28,323,351
WBGene00013025.,16,4875,4891
WBGene00013026.,4,437,441
WBGene00013027.,40,344,384
WBGene00013028.,26,113,139
WBGene00013029.,133,1147,1280
WBGene00013030.,83,270,353
WBGene00013031.,2,14,16
WBGene00013032.,30,4,34
WBGene00013033.,28,5,33
WBGene00013034.,727,834,1561
WBGene00013035.,92,278,370
WBGene00013036.,30,19,49
WBGene00013037.,187,652,839
WBGene00013038.,163,1077,1240
WBGene00013039.,365,1505,1870
WBGene00013040.,479,458,937
WBGene00013041.,14,56,70
WBGene00013042.,223,688,911
WBGene00013043.,80,98,178
WBGene00013044.,99,8,107
WBGene00013045.,16,4,20
WBGene00013046.,38,220,258
WBGene00013047.,0,3,3
WBGene00013048.,26,350,376
WBGene00013049.,6,20,26
WBGene00013050.,20,7,27
WBGene00013051.,0,2,2
WBGene00013052.,7,12,19
WBGene00013053.,31,16,47
WBGene00013054.,5,21,26
WBGene00013055.,37,133,170
WBGene00013056.,12,24,36
WBGene00013058.,97,9,106
WBGene00013059.,0,4,4
WBGene00013060.,2,21,23
WBGene00013061.,0,9,9
WBGene00013062.,0,5,5
WBGene00013063.,0,0,0
WBGene00013064.,0,0,0
WBGene00013066.,22,20,42
WBGene00013067.,19,7,26
WBGene00013068.,16,16,32
WBGene00013069.,17,1,18
WBGene00013070.,0,12,12
WBGene00013071.,0,41,41
WBGene00013072.,29,22,51
WBGene00013073.,103,205,308
WBGene00013074.,35,109,144
WBGene00013075.,175,374,549
WBGene00013076.,52,96,148
WBGene00013077.,3231,22294,25525
WBGene00013078.,1713,11943,13656
WBGene00013079.,2930,13494,16424
WBGene00013080.,331,1274,1605
WBGene00013081.,1470,22070,23540
WBGene00013082.,296,473,769
WBGene00013083.,81,116,197
WBGene00013085.,4,2,6
WBGene00013086.,1,13,14
WBGene00013087.,1,2,3
WBGene00013088.,32,47,79
WBGene00013089.,2,8,10
WBGene00013090.,8,2,10
WBGene00013091.,19,10,29
WBGene00013093.,674,442,1116
WBGene00013094.,718,11643,12361
WBGene00013095.,211,493,704
WBGene00013096.,330,766,1096
WBGene00013098.,137,350,487
WBGene00013100.,13,25,38
WBGene00013101.,55,71,126
WBGene00013102.,0,2,2
WBGene00013103.,106,613,719
WBGene00013104.,254,3282,3536
WBGene00013105.,0,8,8
WBGene00013106.,88,653,741
WBGene00013107.,21,20,41
WBGene00013109.,33,1564,1597
WBGene00013111.,192,1371,1563
WBGene00013112.,0,6,6
WBGene00013113.,21,3,24
WBGene00013114.,85,1,86
WBGene00013116.,40,42,82
WBGene00013117.,12,7,19
WBGene00013118.,64,114,178
WBGene00013119.,165,115,280
WBGene00013120.,1,3,4
WBGene00013121.,19,2,21
WBGene00013122.,71,214,285
WBGene00013123.,407,457,864
WBGene00013124.,1150,896,2046
WBGene00013125.,17,34,51
WBGene00013126.,52,18,70
WBGene00013127.,39,66,105
WBGene00013128.,156,696,852
WBGene00013129.,374,1042,1416
WBGene00013130.,0,2,2
WBGene00013131.,166,202,368
WBGene00013132.,152,476,628
WBGene00013134.,12,17,29
WBGene00013135.,52,382,434
WBGene00013136.,95,768,863
WBGene00013137.,80,356,436
WBGene00013138.,13,5,18
WBGene00013139.,64,384,448
WBGene00013140.,39,622,661
WBGene00013141.,13,35,48
WBGene00013142.,13,14,27
WBGene00013143.,33,582,615
WBGene00013144.,555,2230,2785
WBGene00013145.,26,83,109
WBGene00013146.,39,67,106
WBGene00013147.,3,75,78
WBGene00013148.,8,3,11
WBGene00013149.,81,58,139
WBGene00013150.,40,691,731
WBGene00013151.,90,481,571
WBGene00013152.,8,9,17
WBGene00013153.,12,50,62
WBGene00013154.,0,3,3
WBGene00013155.,14,21,35
WBGene00013156.,12,341,353
WBGene00013157.,0,30,30
WBGene00013158.,13,16,29
WBGene00013159.,168,268,436
WBGene00013160.,671,811,1482
WBGene00013161.,517,1118,1635
WBGene00013162.,20,11,31
WBGene00013163.,112,7,119
WBGene00013164.,209,177,386
WBGene00013165.,45,43,88
WBGene00013166.,40,73,113
WBGene00013167.,518,357,875
WBGene00013168.,116,2171,2287
WBGene00013169.,20,76,96
WBGene00013170.,5,3,8
WBGene00013171.,251,36,287
WBGene00013172.,0,3,3
WBGene00013173.,45,14,59
WBGene00013175.,6,6,12
WBGene00013176.,175,1087,1262
WBGene00013177.,186,1421,1607
WBGene00013178.,76,432,508
WBGene00013179.,19,25,44
WBGene00013180.,76,403,479
WBGene00013181.,1482,8847,10329
WBGene00013182.,4,2,6
WBGene00013184.,0,0,0
WBGene00013186.,22,8,30
WBGene00013187.,44,160,204
WBGene00013188.,75,188,263
WBGene00013189.,589,746,1335
WBGene00013190.,14,31,45
WBGene00013192.,4,26,30
WBGene00013193.,71,374,445
WBGene00013194.,5,12,17
WBGene00013195.,50,116,166
WBGene00013196.,22,137,159
WBGene00013197.,79,256,335
WBGene00013198.,67,69,136
WBGene00013200.,389,3290,3679
WBGene00013201.,357,495,852
WBGene00013202.,119,853,972
WBGene00013203.,89,438,527
WBGene00013204.,40,439,479
WBGene00013207.,38,50,88
WBGene00013208.,22,82,104
WBGene00013209.,90,988,1078
WBGene00013210.,0,3787,3787
WBGene00013211.,83,492,575
WBGene00013212.,233,155,388
WBGene00013213.,141,871,1012
WBGene00013214.,126,297,423
WBGene00013215.,30,332,362
WBGene00013216.,43,529,572
WBGene00013217.,129,870,999
WBGene00013218.,28,358,386
WBGene00013219.,52,1418,1470
WBGene00013220.,4,3,7
WBGene00013221.,35,46,81
WBGene00013222.,270,432,702
WBGene00013223.,248,1212,1460
WBGene00013224.,75,506,581
WBGene00013225.,201,562,763
WBGene00013226.,45,8,53
WBGene00013227.,94,120,214
WBGene00013228.,1599,2166,3765
WBGene00013230.,0,2,2
WBGene00013231.,35,190,225
WBGene00013232.,245,385,630
WBGene00013233.,0,6,6
WBGene00013234.,0,19,19
WBGene00013235.,13,109,122
WBGene00013236.,26,1525,1551
WBGene00013237.,136,5473,5609
WBGene00013238.,681,6829,7510
WBGene00013239.,119,996,1115
WBGene00013240.,270,456,726
WBGene00013241.,59,295,354
WBGene00013242.,71,157,228
WBGene00013243.,229,219,448
WBGene00013244.,44,167,211
WBGene00013246.,158,150,308
WBGene00013247.,39,59,98
WBGene00013248.,23,78,101
WBGene00013249.,23,50,73
WBGene00013250.,7,45,52
WBGene00013251.,28,38,66
WBGene00013252.,30,49,79
WBGene00013253.,111,156,267
WBGene00013254.,13,5,18
WBGene00013255.,292,1756,2048
WBGene00013256.,90,915,1005
WBGene00013257.,43,117,160
WBGene00013258.,764,185,949
WBGene00013259.,124,459,583
WBGene00013260.,21,573,594
WBGene00013261.,264,236,500
WBGene00013263.,15,1087,1102
WBGene00013264.,62,56,118
WBGene00013265.,131,371,502
WBGene00013266.,81,905,986
WBGene00013267.,154,829,983
WBGene00013268.,46,256,302
WBGene00013269.,10,1178,1188
WBGene00013270.,140,300,440
WBGene00013272.,135,99,234
WBGene00013273.,508,884,1392
WBGene00013275.,60,1225,1285
WBGene00013276.,16,24,40
WBGene00013277.,12,14,26
WBGene00013278.,29,41,70
WBGene00013279.,4,6,10
WBGene00013280.,9,7,16
WBGene00013281.,12,23,35
WBGene00013282.,5,5,10
WBGene00013283.,14,11,25
WBGene00013284.,16,623,639
WBGene00013285.,29,28,57
WBGene00013286.,22,36,58
WBGene00013287.,138,91,229
WBGene00013288.,18,23,41
WBGene00013289.,838,1633,2471
WBGene00013290.,3,8,11
WBGene00013292.,116,379,495
WBGene00013293.,28,188,216
WBGene00013294.,14,14,28
WBGene00013295.,9,188,197
WBGene00013296.,0,5,5
WBGene00013297.,19,12,31
WBGene00013298.,30,86,116
WBGene00013299.,12,6,18
WBGene00013300.,90,7,97
WBGene00013301.,28,1410,1438
WBGene00013302.,17,486,503
WBGene00013303.,122,110,232
WBGene00013304.,70,33,103
WBGene00013305.,2,2,4
WBGene00013306.,0,28,28
WBGene00013307.,35,2708,2743
WBGene00013308.,0,1397,1397
WBGene00013310.,52,68,120
WBGene00013311.,69,12901,12970
WBGene00013312.,14,109,123
WBGene00013313.,31,30,61
WBGene00013315.,0,0,0
WBGene00013316.,0,0,0
WBGene00013317.,655,1148,1803
WBGene00013318.,98,8,106
WBGene00013319.,3,21,24
WBGene00013320.,10,8,18
WBGene00013321.,246,527,773
WBGene00013322.,154,117,271
WBGene00013323.,15,757,772
WBGene00013324.,278,2260,2538
WBGene00013325.,54,377,431
WBGene00013326.,406,412,818
WBGene00013327.,294,621,915
WBGene00013328.,119,9,128
WBGene00013329.,6,25,31
WBGene00013330.,7,107,114
WBGene00013331.,253,23,276
WBGene00013332.,15,445,460
WBGene00013333.,36,65,101
WBGene00013334.,271,1244,1515
WBGene00013335.,66,147,213
WBGene00013336.,101,141,242
WBGene00013337.,9,2,11
WBGene00013338.,45,9,54
WBGene00013339.,186,532,718
WBGene00013340.,207,2324,2531
WBGene00013341.,3,9,12
WBGene00013343.,723,2041,2764
WBGene00013344.,88,1601,1689
WBGene00013345.,104,168,272
WBGene00013347.,597,1690,2287
WBGene00013348.,27,123,150
WBGene00013349.,1,57,58
WBGene00013350.,258,326,584
WBGene00013351.,0,5,5
WBGene00013352.,226,696,922
WBGene00013353.,111,87,198
WBGene00013354.,486,1381,1867
WBGene00013355.,332,1289,1621
WBGene00013356.,0,1,1
WBGene00013357.,38,40,78
WBGene00013358.,78,361,439
WBGene00013359.,61,304,365
WBGene00013360.,314,2610,2924
WBGene00013361.,422,856,1278
WBGene00013362.,134,137,271
WBGene00013363.,6,12,18
WBGene00013364.,12,17,29
WBGene00013365.,173,923,1096
WBGene00013366.,816,1615,2431
WBGene00013367.,16,11,27
WBGene00013368.,39,14,53
WBGene00013369.,0,8,8
WBGene00013370.,0,25,25
WBGene00013371.,0,5,5
WBGene00013372.,2,2,4
WBGene00013373.,15,13,28
WBGene00013374.,2,6,8
WBGene00013375.,48,46,94
WBGene00013376.,125,458,583
WBGene00013378.,29,1263,1292
WBGene00013379.,361,1324,1685
WBGene00013380.,2,121,123
WBGene00013381.,28,75,103
WBGene00013382.,33,286,319
WBGene00013383.,18,55,73
WBGene00013385.,76,130,206
WBGene00013386.,0,4,4
WBGene00013387.,222,889,1111
WBGene00013388.,8,8,16
WBGene00013389.,30,26,56
WBGene00013390.,3,4,7
WBGene00013391.,11,13,24
WBGene00013392.,2,7,9
WBGene00013393.,7,3,10
WBGene00013394.,0,0,0
WBGene00013395.,23,6,29
WBGene00013396.,20,3,23
WBGene00013397.,52,24,76
WBGene00013398.,18,8,26
WBGene00013399.,40,4,44
WBGene00013400.,22,4,26
WBGene00013401.,5,17,22
WBGene00013402.,29,56,85
WBGene00013403.,58,43,101
WBGene00013404.,2,96,98
WBGene00013405.,78,230,308
WBGene00013406.,749,7950,8699
WBGene00013407.,43,316,359
WBGene00013408.,3,10,13
WBGene00013409.,5,8,13
WBGene00013410.,0,7,7
WBGene00013411.,38,6,44
WBGene00013412.,6,12,18
WBGene00013415.,212,823,1035
WBGene00013416.,582,540,1122
WBGene00013417.,261,49,310
WBGene00013418.,248,1287,1535
WBGene00013419.,33,24,57
WBGene00013421.,5,12,17
WBGene00013422.,153,573,726
WBGene00013424.,29,32,61
WBGene00013425.,133,206,339
WBGene00013426.,25,192,217
WBGene00013427.,39,2,41
WBGene00013429.,27,6,33
WBGene00013431.,142,163,305
WBGene00013432.,15,71,86
WBGene00013433.,8,199,207
WBGene00013434.,145,487,632
WBGene00013435.,218,1796,2014
WBGene00013436.,126,920,1046
WBGene00013437.,36,19,55
WBGene00013438.,1,267,268
WBGene00013439.,33,69,102
WBGene00013440.,51,107,158
WBGene00013441.,137,497,634
WBGene00013442.,32,132,164
WBGene00013443.,167,175,342
WBGene00013445.,31,176,207
WBGene00013446.,224,389,613
WBGene00013447.,368,544,912
WBGene00013448.,205,857,1062
WBGene00013449.,4,21,25
WBGene00013450.,66,17,83
WBGene00013451.,19,21,40
WBGene00013452.,18,25,43
WBGene00013453.,54,356,410
WBGene00013454.,19,4,23
WBGene00013455.,252,407,659
WBGene00013456.,89,269,358
WBGene00013457.,87,27,114
WBGene00013458.,109,495,604
WBGene00013459.,462,1533,1995
WBGene00013460.,378,617,995
WBGene00013461.,327,809,1136
WBGene00013462.,151,1347,1498
WBGene00013463.,0,9038,9038
WBGene00013464.,151,374,525
WBGene00013465.,122,487,609
WBGene00013466.,4,6,10
WBGene00013467.,24,7,31
WBGene00013468.,11,9,20
WBGene00013469.,27,6,33
WBGene00013470.,16,10,26
WBGene00013471.,10,5,15
WBGene00013472.,12,3,15
WBGene00013473.,4,0,4
WBGene00013474.,2,19,21
WBGene00013475.,7,8,15
WBGene00013476.,0,5,5
WBGene00013477.,205,3999,4204
WBGene00013478.,12,30,42
WBGene00013479.,66,107,173
WBGene00013480.,65,40,105
WBGene00013481.,461,2502,2963
WBGene00013482.,80,396,476
WBGene00013483.,4,6,10
WBGene00013484.,153,45,198
WBGene00013485.,293,348,641
WBGene00013486.,94,61,155
WBGene00013487.,68,31,99
WBGene00013489.,47,8425,8472
WBGene00013490.,27,32,59
WBGene00013491.,0,0,0
WBGene00013492.,12,33,45
WBGene00013493.,5,25,30
WBGene00013494.,17,8,25
WBGene00013495.,25,4,29
WBGene00013496.,50,147,197
WBGene00013497.,45,76,121
WBGene00013498.,45,32,77
WBGene00013499.,75,215,290
WBGene00013500.,0,0,0
WBGene00013501.,10,0,10
WBGene00013502.,16,8,24
WBGene00013503.,86,10,96
WBGene00013505.,47,13,60
WBGene00013506.,120,241,361
WBGene00013507.,33,60,93
WBGene00013508.,3,14,17
WBGene00013509.,15,100,115
WBGene00013510.,142,39,181
WBGene00013511.,22,26,48
WBGene00013512.,24,15,39
WBGene00013513.,16,24,40
WBGene00013514.,1370,10729,12099
WBGene00013515.,1535,12608,14143
WBGene00013516.,250,1722,1972
WBGene00013517.,116,65,181
WBGene00013518.,253,522,775
WBGene00013519.,17,10,27
WBGene00013520.,123,16,139
WBGene00013521.,1,2,3
WBGene00013522.,97,423,520
WBGene00013523.,0,1,1
WBGene00013524.,0,2,2
WBGene00013525.,30,7,37
WBGene00013526.,44,21,65
WBGene00013527.,17,1,18
WBGene00013528.,12,3,15
WBGene00013529.,224,522,746
WBGene00013530.,435,826,1261
WBGene00013531.,230,964,1194
WBGene00013532.,17,815,832
WBGene00013534.,223,84,307
WBGene00013535.,13,30,43
WBGene00013536.,209,39,248
WBGene00013537.,31,18,49
WBGene00013538.,185,597,782
WBGene00013539.,94,33,127
WBGene00013540.,55,271,326
WBGene00013541.,86,78,164
WBGene00013542.,66,381,447
WBGene00013543.,116,589,705
WBGene00013544.,264,1674,1938
WBGene00013545.,300,852,1152
WBGene00013547.,28,55,83
WBGene00013548.,262,1464,1726
WBGene00013549.,246,460,706
WBGene00013550.,49,853,902
WBGene00013551.,57,153,210
WBGene00013552.,8,198,206
WBGene00013553.,183,1084,1267
WBGene00013554.,212,191,403
WBGene00013555.,19,23,42
WBGene00013556.,131,419,550
WBGene00013557.,488,1020,1508
WBGene00013558.,154,619,773
WBGene00013559.,93,236,329
WBGene00013560.,131,470,601
WBGene00013561.,138,503,641
WBGene00013562.,60,22,82
WBGene00013563.,111,88,199
WBGene00013564.,37,18,55
WBGene00013565.,6,3,9
WBGene00013566.,0,9,9
WBGene00013567.,0,49,49
WBGene00013568.,98,822,920
WBGene00013569.,16,313,329
WBGene00013570.,0,0,0
WBGene00013571.,0,0,0
WBGene00013572.,0,1,1
WBGene00013573.,76,48,124
WBGene00013574.,191,67,258
WBGene00013575.,64,408,472
WBGene00013576.,21,237,258
WBGene00013577.,1870,9399,11269
WBGene00013578.,46,160,206
WBGene00013579.,59,11,70
WBGene00013580.,918,1165,2083
WBGene00013581.,4,4,8
WBGene00013583.,10,11,21
WBGene00013584.,48,119,167
WBGene00013585.,36,97,133
WBGene00013586.,23,32,55
WBGene00013587.,59,81,140
WBGene00013588.,645,3858,4503
WBGene00013589.,0,6,6
WBGene00013590.,0,4,4
WBGene00013591.,35,602,637
WBGene00013592.,34,23,57
WBGene00013593.,294,655,949
WBGene00013594.,125,218,343
WBGene00013595.,151,613,764
WBGene00013596.,48,498,546
WBGene00013597.,526,3258,3784
WBGene00013598.,93,1109,1202
WBGene00013599.,251,364,615
WBGene00013601.,97,495,592
WBGene00013602.,48,186,234
WBGene00013603.,327,1658,1985
WBGene00013604.,81,598,679
WBGene00013605.,180,1162,1342
WBGene00013606.,212,1127,1339
WBGene00013607.,7,14,21
WBGene00013608.,15,37,52
WBGene00013609.,8,73,81
WBGene00013610.,7,126,133
WBGene00013611.,3,58,61
WBGene00013612.,4,55,59
WBGene00013613.,9,14,23
WBGene00013614.,5,1,6
WBGene00013615.,32,3,35
WBGene00013616.,2,13,15
WBGene00013617.,0,0,0
WBGene00013618.,0,0,0
WBGene00013619.,0,0,0
WBGene00013620.,3,18,21
WBGene00013621.,17,4,21
WBGene00013622.,4,7,11
WBGene00013623.,32,209,241
WBGene00013624.,0,29,29
WBGene00013625.,12,6,18
WBGene00013626.,11,7,18
WBGene00013627.,5,3,8
WBGene00013628.,2,4,6
WBGene00013629.,11,3,14
WBGene00013631.,54,9,63
WBGene00013632.,436,283,719
WBGene00013633.,145,103,248
WBGene00013634.,49,16,65
WBGene00013635.,3,1,4
WBGene00013636.,0,2,2
WBGene00013637.,41,157,198
WBGene00013638.,210,1138,1348
WBGene00013639.,1082,496,1578
WBGene00013640.,121,16,137
WBGene00013642.,93,291,384
WBGene00013643.,86,83,169
WBGene00013644.,31,54,85
WBGene00013645.,10,6,16
WBGene00013646.,49,20,69
WBGene00013647.,216,1281,1497
WBGene00013648.,67,18,85
WBGene00013649.,78,29,107
WBGene00013650.,9,156,165
WBGene00013651.,126,69,195
WBGene00013652.,2,15,17
WBGene00013653.,25,31,56
WBGene00013654.,50,79,129
WBGene00013655.,99,28,127
WBGene00013656.,15,15,30
WBGene00013657.,3,1,4
WBGene00013658.,65,209,274
WBGene00013659.,5,15,20
WBGene00013661.,90,16,106
WBGene00013662.,96,130,226
WBGene00013665.,55,79,134
WBGene00013666.,152,345,497
WBGene00013667.,224,489,713
WBGene00013668.,159,615,774
WBGene00013669.,80,127,207
WBGene00013670.,539,1061,1600
WBGene00013671.,101,898,999
WBGene00013672.,206,85,291
WBGene00013673.,129,53,182
WBGene00013674.,59,284,343
WBGene00013676.,188,889,1077
WBGene00013677.,382,1468,1850
WBGene00013678.,319,995,1314
WBGene00013679.,256,631,887
WBGene00013680.,454,609,1063
WBGene00013682.,1681,1336,3017
WBGene00013683.,302,1810,2112
WBGene00013684.,36,10,46
WBGene00013685.,18,24,42
WBGene00013687.,151,526,677
WBGene00013688.,231,1993,2224
WBGene00013689.,35,573,608
WBGene00013690.,102,812,914
WBGene00013691.,64,453,517
WBGene00013692.,191,702,893
WBGene00013693.,136,61,197
WBGene00013694.,78,518,596
WBGene00013695.,206,947,1153
WBGene00013696.,2,6,8
WBGene00013697.,18,404,422
WBGene00013698.,55,410,465
WBGene00013699.,9,14,23
WBGene00013700.,21,70,91
WBGene00013701.,12,140,152
WBGene00013702.,72,266,338
WBGene00013703.,192,607,799
WBGene00013704.,35,106,141
WBGene00013705.,2,1,3
WBGene00013706.,1,35,36
WBGene00013707.,7,15,22
WBGene00013708.,20,192,212
WBGene00013709.,256,1973,2229
WBGene00013710.,9,27,36
WBGene00013711.,770,709,1479
WBGene00013712.,1,0,1
WBGene00013713.,0,4,4
WBGene00013716.,69,325,394
WBGene00013717.,15,170,185
WBGene00013718.,57,695,752
WBGene00013719.,29,265,294
WBGene00013720.,13,495,508
WBGene00013721.,0,13,13
WBGene00013722.,0,0,0
WBGene00013723.,0,68,68
WBGene00013724.,52,260,312
WBGene00013725.,62,476,538
WBGene00013726.,70,408,478
WBGene00013727.,41,103,144
WBGene00013728.,43,436,479
WBGene00013729.,16,231,247
WBGene00013730.,835,1165,2000
WBGene00013732.,1637,848,2485
WBGene00013734.,17,3116,3133
WBGene00013735.,1017,1875,2892
WBGene00013736.,40,817,857
WBGene00013737.,381,685,1066
WBGene00013738.,331,598,929
WBGene00013739.,168,75,243
WBGene00013740.,35,875,910
WBGene00013741.,17,30,47
WBGene00013742.,178,109,287
WBGene00013744.,4,17,21
WBGene00013746.,223,194,417
WBGene00013747.,49,7,56
WBGene00013748.,82,344,426
WBGene00013749.,64,60,124
WBGene00013750.,20,36,56
WBGene00013751.,61,183,244
WBGene00013752.,91,350,441
WBGene00013753.,19,240,259
WBGene00013754.,2,8,10
WBGene00013755.,20,33,53
WBGene00013756.,18,126,144
WBGene00013757.,0,2,2
WBGene00013758.,9,151,160
WBGene00013759.,8,2,10
WBGene00013760.,5,27,32
WBGene00013761.,20,127,147
WBGene00013762.,7,57,64
WBGene00013763.,19,80,99
WBGene00013764.,54,37,91
WBGene00013765.,115,869,984
WBGene00013766.,152,10618,10770
WBGene00013768.,130,444,574
WBGene00013770.,2,3,5
WBGene00013771.,40,30,70
WBGene00013772.,8,1,9
WBGene00013773.,1,6,7
WBGene00013774.,63,45,108
WBGene00013775.,3,12,15
WBGene00013776.,3,82,85
WBGene00013777.,2,15,17
WBGene00013778.,16,28,44
WBGene00013779.,9,48,57
WBGene00013781.,132,267,399
WBGene00013782.,107,196,303
WBGene00013783.,21,5,26
WBGene00013784.,1578,6950,8528
WBGene00013785.,18,4,22
WBGene00013786.,26,22,48
WBGene00013788.,5,8,13
WBGene00013789.,166,338,504
WBGene00013790.,151,420,571
WBGene00013791.,2,6,8
WBGene00013792.,297,173,470
WBGene00013794.,0,16,16
WBGene00013795.,8,12,20
WBGene00013796.,0,1,1
WBGene00013797.,0,10,10
WBGene00013798.,11,4,15
WBGene00013799.,20,45,65
WBGene00013800.,27,57,84
WBGene00013801.,9,18,27
WBGene00013802.,95,131,226
WBGene00013803.,284,1371,1655
WBGene00013804.,417,2339,2756
WBGene00013805.,480,2270,2750
WBGene00013806.,100,368,468
WBGene00013807.,497,612,1109
WBGene00013808.,208,1209,1417
WBGene00013809.,14,3,17
WBGene00013810.,9,12,21
WBGene00013811.,4,8,12
WBGene00013812.,115,68,183
WBGene00013814.,36,19,55
WBGene00013815.,0,5,5
WBGene00013816.,15,41,56
WBGene00013817.,8,25,33
WBGene00013819.,216,663,879
WBGene00013820.,12,4,16
WBGene00013821.,76,13,89
WBGene00013822.,36,20,56
WBGene00013823.,133,13,146
WBGene00013824.,23,8,31
WBGene00013825.,142,27,169
WBGene00013826.,33,42,75
WBGene00013827.,0,11,11
WBGene00013828.,39,2,41
WBGene00013829.,0,10,10
WBGene00013830.,2,14,16
WBGene00013831.,57,17,74
WBGene00013832.,1,18,19
WBGene00013833.,18,23,41
WBGene00013834.,27,4,31
WBGene00013835.,73,37,110
WBGene00013836.,10,76,86
WBGene00013837.,4,15,19
WBGene00013838.,8,1402,1410
WBGene00013839.,8,23,31
WBGene00013840.,2,13,15
WBGene00013841.,24,41,65
WBGene00013842.,37,66,103
WBGene00013843.,15,14,29
WBGene00013844.,10,11,21
WBGene00013845.,31,207,238
WBGene00013846.,32,16,48
WBGene00013847.,166,697,863
WBGene00013848.,162,232,394
WBGene00013849.,52,64,116
WBGene00013850.,106,49,155
WBGene00013852.,22,73,95
WBGene00013853.,10,3104,3114
WBGene00013854.,5,3,8
WBGene00013855.,153,295,448
WBGene00013856.,2,29,31
WBGene00013857.,80,244,324
WBGene00013858.,0,9,9
WBGene00013859.,548,5057,5605
WBGene00013860.,182,903,1085
WBGene00013862.,25,175,200
WBGene00013863.,23,25,48
WBGene00013865.,14,28,42
WBGene00013866.,249,1569,1818
WBGene00013867.,36,109,145
WBGene00013868.,3,10,13
WBGene00013869.,252,709,961
WBGene00013870.,34,177,211
WBGene00013871.,38,19,57
WBGene00013872.,326,326,652
WBGene00013873.,88,38,126
WBGene00013874.,46,192,238
WBGene00013875.,32,113,145
WBGene00013876.,10,146,156
WBGene00013877.,100,573,673
WBGene00013878.,289,1541,1830
WBGene00013879.,11,25,36
WBGene00013880.,39,779,818
WBGene00013881.,63,271,334
WBGene00013882.,1673,7279,8952
WBGene00013883.,75,49,124
WBGene00013884.,2774,11495,14269
WBGene00013886.,39,9,48
WBGene00013887.,0,3,3
WBGene00013888.,0,0,0
WBGene00013889.,0,0,0
WBGene00013890.,0,0,0
WBGene00013891.,4,90,94
WBGene00013892.,118,861,979
WBGene00013893.,13,647,660
WBGene00013894.,69,374,443
WBGene00013895.,55,284,339
WBGene00013896.,42,118,160
WBGene00013897.,44,524,568
WBGene00013898.,163,1510,1673
WBGene00013899.,30,489,519
WBGene00013900.,6,61,67
WBGene00013901.,29,579,608
WBGene00013902.,167,445,612
WBGene00013903.,4,21,25
WBGene00013904.,35,65,100
WBGene00013905.,17,85,102
WBGene00013906.,56,598,654
WBGene00013907.,17,23,40
WBGene00013908.,19,13,32
WBGene00013909.,14,19,33
WBGene00013910.,3,1,4
WBGene00013911.,37,30,67
WBGene00013912.,48,36,84
WBGene00013913.,55,11,66
WBGene00013914.,188,104,292
WBGene00013915.,27,13,40
WBGene00013916.,58,22,80
WBGene00013917.,51,291,342
WBGene00013918.,0,0,0
WBGene00013919.,202,883,1085
WBGene00013920.,44,949,993
WBGene00013921.,130,302,432
WBGene00013923.,15,106,121
WBGene00013924.,153,1850,2003
WBGene00013925.,54,576,630
WBGene00013926.,6,116,122
WBGene00013927.,4,2,6
WBGene00013928.,17,7,24
WBGene00013929.,25,5,30
WBGene00013930.,0,5,5
WBGene00013931.,21,3,24
WBGene00013932.,0,3,3
WBGene00013933.,5,24,29
WBGene00013934.,679,1874,2553
WBGene00013935.,3,3,6
WBGene00013937.,5,7,12
WBGene00013938.,20,136,156
WBGene00013939.,2,20,22
WBGene00013940.,6,10,16
WBGene00013941.,2,2,4
WBGene00013942.,7,7,14
WBGene00013943.,1,17,18
WBGene00013944.,21,32,53
WBGene00013946.,110,166,276
WBGene00013947.,53,259,312
WBGene00013948.,0,0,0
WBGene00013949.,38,178,216
WBGene00013950.,72,378,450
WBGene00013951.,1,20,21
WBGene00013953.,3,0,3
WBGene00013954.,4,20,24
WBGene00013955.,267,53,320
WBGene00013956.,1,2,3
WBGene00013957.,203,353,556
WBGene00013958.,109,1399,1508
WBGene00013959.,205,568,773
WBGene00013960.,53,25,78
WBGene00013961.,1,16,17
WBGene00013962.,96,700,796
WBGene00013963.,22,159,181
WBGene00013964.,17,402,419
WBGene00013965.,38,56,94
WBGene00013966.,26,267,293
WBGene00013967.,34,186,220
WBGene00013968.,10,54,64
WBGene00013969.,171,1091,1262
WBGene00013970.,112,424,536
WBGene00013971.,2,1,3
WBGene00013972.,1,1,2
WBGene00013973.,3,13,16
WBGene00013974.,42,35,77
WBGene00013975.,37,91,128
WBGene00013976.,57,38,95
WBGene00013978.,13,5,18
WBGene00013979.,11,7,18
WBGene00013980.,77,117,194
WBGene00013982.,33,204,237
WBGene00013983.,56,1236,1292
WBGene00013984.,826,1877,2703
WBGene00013985.,78,773,851
WBGene00013986.,0,8,8
WBGene00013987.,21,13,34
WBGene00013988.,4,1,5
WBGene00013989.,38,361,399
WBGene00013993.,0,0,0
WBGene00013994.,106,475,581
WBGene00013995.,23,17,40
WBGene00013996.,43,54,97
WBGene00013997.,283,1736,2019
WBGene00013998.,25,267,292
WBGene00013999.,12,17,29
WBGene00014000.,34,380,414
WBGene00014001.,153,1606,1759
WBGene00014002.,37,94,131
WBGene00014003.,53,2554,2607
WBGene00014004.,152,815,967
WBGene00014005.,5,15,20
WBGene00014006.,6,1677,1683
WBGene00014007.,0,25,25
WBGene00014008.,20,160,180
WBGene00014009.,14,19,33
WBGene00014011.,37,874,911
WBGene00014012.,33,889,922
WBGene00014013.,83,1546,1629
WBGene00014014.,64,256,320
WBGene00014015.,111,1062,1173
WBGene00014016.,1569,11122,12691
WBGene00014017.,197,1626,1823
WBGene00014018.,159,614,773
WBGene00014019.,109,575,684
WBGene00014020.,44,395,439
WBGene00014021.,201,580,781
WBGene00014022.,434,3730,4164
WBGene00014023.,162,317,479
WBGene00014024.,56,219,275
WBGene00014025.,95,1177,1272
WBGene00014026.,0,0,0
WBGene00014027.,34,91,125
WBGene00014028.,63,257,320
WBGene00014029.,6,8,14
WBGene00014030.,44,3412,3456
WBGene00014031.,48,1295,1343
WBGene00014032.,4,2,6
WBGene00014033.,139,235,374
WBGene00014034.,2,191,193
WBGene00014035.,145,203,348
WBGene00014036.,768,2406,3174
WBGene00014037.,2419,4,2423
WBGene00014039.,14,43,57
WBGene00014040.,8,3,11
WBGene00014041.,0,10,10
WBGene00014042.,0,3,3
WBGene00014043.,12,19,31
WBGene00014044.,0,3,3
WBGene00014045.,3,6,9
WBGene00014046.,4,4,8
WBGene00014047.,44,25,69
WBGene00014048.,7,11,18
WBGene00014049.,28,1,29
WBGene00014050.,0,11,11
WBGene00014051.,372,899,1271
WBGene00014052.,18,29,47
WBGene00014053.,26,23,49
WBGene00014054.,144,3294,3438
WBGene00014055.,118,478,596
WBGene00014057.,62,386,448
WBGene00014058.,86,887,973
WBGene00014060.,33,89,122
WBGene00014061.,0,0,0
WBGene00014062.,25,53,78
WBGene00014063.,9,119,128
WBGene00014064.,0,11,11
WBGene00014065.,128,82,210
WBGene00014066.,46,451,497
WBGene00014067.,6,61,67
WBGene00014068.,19,10,29
WBGene00014069.,1,3,4
WBGene00014070.,87,13,100
WBGene00014073.,43,52,95
WBGene00014074.,107,312,419
WBGene00014075.,140,854,994
WBGene00014076.,128,339,467
WBGene00014077.,48,224,272
WBGene00014078.,205,1279,1484
WBGene00014079.,57,247,304
WBGene00014080.,50,242,292
WBGene00014081.,91,261,352
WBGene00014082.,19,11,30
WBGene00014083.,106,1100,1206
WBGene00014084.,0,9,9
WBGene00014085.,7,61,68
WBGene00014086.,1429,7380,8809
WBGene00014087.,74,731,805
WBGene00014088.,801,20984,21785
WBGene00014089.,33,28,61
WBGene00014090.,32,884,916
WBGene00014091.,577,7137,7714
WBGene00014092.,366,2516,2882
WBGene00014093.,32,38,70
WBGene00014094.,25,22,47
WBGene00014095.,174,27682,27856
WBGene00014096.,20,2160,2180
WBGene00014097.,8,61,69
WBGene00014098.,207,1280,1487
WBGene00014099.,79,1064,1143
WBGene00014100.,18,43,61
WBGene00014101.,364,604,968
WBGene00014102.,5,12,17
WBGene00014103.,108,34,142
WBGene00014104.,3,1,4
WBGene00014105.,20,26,46
WBGene00014106.,95,214,309
WBGene00014107.,40,326,366
WBGene00014108.,582,10078,10660
WBGene00014109.,72,1707,1779
WBGene00014111.,32,336,368
WBGene00014112.,57,623,680
WBGene00014113.,17,152,169
WBGene00014114.,52,457,509
WBGene00014115.,141,1266,1407
WBGene00014116.,11,5,16
WBGene00014117.,0,23,23
WBGene00014118.,109,378,487
WBGene00014119.,178,578,756
WBGene00014120.,0,260,260
WBGene00014121.,25,24,49
WBGene00014122.,24,55,79
WBGene00014123.,21,508,529
WBGene00014124.,35,502,537
WBGene00014125.,49,1627,1676
WBGene00014126.,0,0,0
WBGene00014127.,2,2,4
WBGene00014128.,9,3,12
WBGene00014129.,5,3,8
WBGene00014130.,7,10,17
WBGene00014131.,0,14,14
WBGene00014132.,37,22,59
WBGene00014134.,19,16,35
WBGene00014135.,10,28,38
WBGene00014136.,52,73,125
WBGene00014137.,37,391,428
WBGene00014138.,129,504,633
WBGene00014139.,167,318,485
WBGene00014140.,295,353,648
WBGene00014141.,57,258,315
WBGene00014142.,9,16,25
WBGene00014143.,0,4,4
WBGene00014144.,1,10,11
WBGene00014145.,33,78,111
WBGene00014147.,0,0,0
WBGene00014148.,135,1114,1249
WBGene00014149.,4,22,26
WBGene00014150.,65,198,263
WBGene00014151.,116,666,782
WBGene00014152.,37,39,76
WBGene00014153.,77,511,588
WBGene00014154.,8,18,26
WBGene00014155.,17,52,69
WBGene00014156.,109,1108,1217
WBGene00014157.,2,1,3
WBGene00014158.,5,5,10
WBGene00014159.,9,347,356
WBGene00014160.,11,40,51
WBGene00014161.,15,26,41
WBGene00014162.,9,22,31
WBGene00014163.,7,80,87
WBGene00014164.,36,167,203
WBGene00014165.,296,4216,4512
WBGene00014166.,60,50,110
WBGene00014168.,0,0,0
WBGene00014169.,5,25,30
WBGene00014170.,5,12,17
WBGene00014171.,1430,3725,5155
WBGene00014172.,124,529,653
WBGene00014173.,71,690,761
WBGene00014174.,0,11,11
WBGene00014175.,173,1124,1297
WBGene00014176.,64,521,585
WBGene00014177.,92,740,832
WBGene00014178.,39,34,73
WBGene00014179.,18,9,27
WBGene00014180.,22,3,25
WBGene00014181.,42,130,172
WBGene00014182.,0,0,0
WBGene00014183.,9,20,29
WBGene00014184.,25,12,37
WBGene00014185.,0,1,1
WBGene00014186.,0,1,1
WBGene00014188.,0,0,0
WBGene00014189.,1,26,27
WBGene00014190.,11,12,23
WBGene00014191.,15,12,27
WBGene00014192.,33,17,50
WBGene00014193.,9,28,37
WBGene00014194.,6,17,23
WBGene00014195.,26,40,66
WBGene00014196.,10,16,26
WBGene00014197.,6,13,19
WBGene00014198.,12,121,133
WBGene00014199.,15,37,52
WBGene00014200.,7,53,60
WBGene00014201.,3,3,6
WBGene00014202.,183,3147,3330
WBGene00014203.,27,132,159
WBGene00014204.,73,2639,2712
WBGene00014205.,16,176,192
WBGene00014206.,24,212,236
WBGene00014207.,256,2319,2575
WBGene00014208.,58,573,631
WBGene00014209.,103,585,688
WBGene00014210.,37,119,156
WBGene00014213.,227,3240,3467
WBGene00014214.,708,821,1529
WBGene00014215.,270,545,815
WBGene00014216.,10,4,14
WBGene00014217.,6,15,21
WBGene00014218.,194,2107,2301
WBGene00014219.,64,594,658
WBGene00014220.,76,186,262
WBGene00014221.,64,826,890
WBGene00014222.,126,572,698
WBGene00014223.,82,85,167
WBGene00014224.,240,2391,2631
WBGene00014225.,16,42,58
WBGene00014226.,0,74,74
WBGene00014227.,105,570,675
WBGene00014228.,8,249,257
WBGene00014229.,10,9,19
WBGene00014230.,33,276,309
WBGene00014232.,170,994,1164
WBGene00014233.,74,666,740
WBGene00014234.,14,614,628
WBGene00014235.,21,10,31
WBGene00014236.,21,8,29
WBGene00014238.,3,10,13
WBGene00014239.,9,9,18
WBGene00014240.,5,1,6
WBGene00014241.,3,21,24
WBGene00014242.,0,1,1
WBGene00014243.,191,1037,1228
WBGene00014244.,50,1033,1083
WBGene00014245.,8,4,12
WBGene00014246.,10,8,18
WBGene00014247.,5,6,11
WBGene00014248.,140,426,566
WBGene00014249.,101,2580,2681
WBGene00014250.,15,505,520
WBGene00014251.,104,598,702
WBGene00014252.,219,1080,1299
WBGene00014253.,174,777,951
WBGene00014254.,25,79,104
WBGene00014255.,11,80,91
WBGene00014256.,22,163,185
WBGene00014258.,190,2133,2323
WBGene00014259.,157,1166,1323
WBGene00014260.,34,52,86
WBGene00014261.,502,890,1392
WBGene00014262.,688,5820,6508
WBGene00014263.,0,1,1
WBGene00014264.,0,0,0
WBGene00014265.,0,0,0
WBGene00014266.,0,0,0
WBGene00014267.,0,0,0
WBGene00014268.,0,0,0
WBGene00014269.,0,0,0
WBGene00014270.,0,1,1
WBGene00014271.,0,0,0
WBGene00014272.,0,2,2
WBGene00014273.,0,1,1
WBGene00014274.,0,1,1
WBGene00014275.,0,0,0
WBGene00014276.,0,0,0
WBGene00014277.,0,0,0
WBGene00014278.,0,0,0
WBGene00014279.,0,0,0
WBGene00014280.,0,1,1
WBGene00014281.,0,3,3
WBGene00014282.,0,0,0
WBGene00014283.,0,0,0
WBGene00014284.,0,0,0
WBGene00014285.,0,0,0
WBGene00014286.,0,0,0
WBGene00014287.,0,0,0
WBGene00014288.,0,1,1
WBGene00014289.,0,4,4
WBGene00014290.,0,0,0
WBGene00014291.,0,32,32
WBGene00014292.,0,0,0
WBGene00014293.,0,0,0
WBGene00014294.,1812,4438,6250
WBGene00014295.,0,0,0
WBGene00014296.,0,1,1
WBGene00014297.,0,1,1
WBGene00014298.,0,0,0
WBGene00014299.,0,0,0
WBGene00014300.,185,67,252
WBGene00014301.,0,0,0
WBGene00014302.,0,0,0
WBGene00014303.,0,5,5
WBGene00014304.,2,0,2
WBGene00014305.,0,0,0
WBGene00014306.,0,0,0
WBGene00014307.,5760,42441,48201
WBGene00014308.,29,4870,4899
WBGene00014309.,4987,43372,48359
WBGene00014310.,0,0,0
WBGene00014311.,0,0,0
WBGene00014312.,0,0,0
WBGene00014313.,0,0,0
WBGene00014314.,0,0,0
WBGene00014315.,0,0,0
WBGene00014316.,0,0,0
WBGene00014317.,0,7,7
WBGene00014318.,0,0,0
WBGene00014319.,0,0,0
WBGene00014320.,0,5,5
WBGene00014321.,0,0,0
WBGene00014322.,0,21,21
WBGene00014323.,0,0,0
WBGene00014324.,0,0,0
WBGene00014325.,0,0,0
WBGene00014326.,0,0,0
WBGene00014327.,0,2,2
WBGene00014328.,0,1,1
WBGene00014329.,0,8,8
WBGene00014330.,0,0,0
WBGene00014331.,0,0,0
WBGene00014332.,0,2,2
WBGene00014333.,0,0,0
WBGene00014334.,0,0,0
WBGene00014335.,0,0,0
WBGene00014336.,0,0,0
WBGene00014337.,0,2,2
WBGene00014338.,0,0,0
WBGene00014339.,0,0,0
WBGene00014340.,0,4,4
WBGene00014341.,0,0,0
WBGene00014342.,0,0,0
WBGene00014343.,0,0,0
WBGene00014344.,0,0,0
WBGene00014345.,0,0,0
WBGene00014346.,0,2,2
WBGene00014347.,0,1,1
WBGene00014348.,0,6,6
WBGene00014349.,0,2,2
WBGene00014350.,0,3,3
WBGene00014351.,0,0,0
WBGene00014352.,0,0,0
WBGene00014353.,0,0,0
WBGene00014354.,0,0,0
WBGene00014355.,0,0,0
WBGene00014356.,0,0,0
WBGene00014357.,0,0,0
WBGene00014358.,0,0,0
WBGene00014359.,0,0,0
WBGene00014360.,0,0,0
WBGene00014361.,0,0,0
WBGene00014362.,0,1,1
WBGene00014363.,0,0,0
WBGene00014364.,0,0,0
WBGene00014365.,0,0,0
WBGene00014366.,0,0,0
WBGene00014367.,0,0,0
WBGene00014368.,0,0,0
WBGene00014369.,0,0,0
WBGene00014370.,0,0,0
WBGene00014371.,0,11,11
WBGene00014372.,0,0,0
WBGene00014373.,0,0,0
WBGene00014374.,0,0,0
WBGene00014375.,10,13,23
WBGene00014376.,0,0,0
WBGene00014377.,0,0,0
WBGene00014378.,0,0,0
WBGene00014379.,0,0,0
WBGene00014380.,0,0,0
WBGene00014381.,0,0,0
WBGene00014382.,0,10,10
WBGene00014384.,0,1,1
WBGene00014385.,0,31,31
WBGene00014386.,0,0,0
WBGene00014387.,0,0,0
WBGene00014388.,0,0,0
WBGene00014389.,0,0,0
WBGene00014390.,0,0,0
WBGene00014391.,0,1,1
WBGene00014392.,0,0,0
WBGene00014393.,0,0,0
WBGene00014394.,0,22,22
WBGene00014395.,0,1,1
WBGene00014396.,0,0,0
WBGene00014397.,0,0,0
WBGene00014398.,0,0,0
WBGene00014399.,0,0,0
WBGene00014400.,0,7,7
WBGene00014401.,0,0,0
WBGene00014402.,0,1,1
WBGene00014403.,0,0,0
WBGene00014404.,0,1,1
WBGene00014405.,0,3,3
WBGene00014406.,1,0,1
WBGene00014407.,0,0,0
WBGene00014408.,0,0,0
WBGene00014409.,0,0,0
WBGene00014410.,0,1,1
WBGene00014411.,0,0,0
WBGene00014413.,0,0,0
WBGene00014414.,0,0,0
WBGene00014415.,0,0,0
WBGene00014416.,0,0,0
WBGene00014417.,0,8,8
WBGene00014418.,0,0,0
WBGene00014419.,0,0,0
WBGene00014420.,0,8,8
WBGene00014421.,0,1,1
WBGene00014422.,0,0,0
WBGene00014423.,0,0,0
WBGene00014424.,0,0,0
WBGene00014425.,0,0,0
WBGene00014426.,0,0,0
WBGene00014427.,0,0,0
WBGene00014428.,0,1,1
WBGene00014429.,9,0,9
WBGene00014430.,0,0,0
WBGene00014431.,0,0,0
WBGene00014432.,0,0,0
WBGene00014433.,0,0,0
WBGene00014434.,0,0,0
WBGene00014435.,0,0,0
WBGene00014436.,0,0,0
WBGene00014437.,0,1,1
WBGene00014438.,0,0,0
WBGene00014439.,0,16,16
WBGene00014440.,0,4,4
WBGene00014441.,0,0,0
WBGene00014442.,0,0,0
WBGene00014443.,0,0,0
WBGene00014444.,0,0,0
WBGene00014445.,0,0,0
WBGene00014446.,0,0,0
WBGene00014447.,0,0,0
WBGene00014448.,0,1,1
WBGene00014449.,0,0,0
WBGene00014450.,0,344,344
WBGene00014451.,0,190,190
WBGene00014452.,0,126,126
WBGene00014453.,0,70,70
WBGene00014454.,0,546598,546598
WBGene00014455.,0,19,19
WBGene00014456.,0,71,71
WBGene00014457.,0,981,981
WBGene00014458.,0,68,68
WBGene00014459.,0,429,429
WBGene00014460.,0,96,96
WBGene00014461.,0,101,101
WBGene00014462.,0,496,496
WBGene00014463.,0,72,72
WBGene00014464.,0,81,81
WBGene00014465.,0,106,106
WBGene00014466.,0,1040,1040
WBGene00014467.,0,76,76
WBGene00014468.,0,58,58
WBGene00014469.,0,43,43
WBGene00014470.,0,200,200
WBGene00014471.,0,46,46
WBGene00014472.,0,293416,293416
WBGene00014473.,0,621,621
WBGene00014474.,0,0,0
WBGene00014475.,0,0,0
WBGene00014476.,0,15,15
WBGene00014477.,0,3,3
WBGene00014478.,0,0,0
WBGene00014479.,0,0,0
WBGene00014480.,0,0,0
WBGene00014481.,0,0,0
WBGene00014482.,0,0,0
WBGene00014483.,0,0,0
WBGene00014484.,0,0,0
WBGene00014485.,0,0,0
WBGene00014486.,2,2,4
WBGene00014487.,1,1,2
WBGene00014488.,0,0,0
WBGene00014489.,0,0,0
WBGene00014490.,0,0,0
WBGene00014491.,0,0,0
WBGene00014493.,0,0,0
WBGene00014494.,0,0,0
WBGene00014495.,0,0,0
WBGene00014496.,0,0,0
WBGene00014497.,0,0,0
WBGene00014498.,0,0,0
WBGene00014499.,0,0,0
WBGene00014500.,0,4,4
WBGene00014501.,0,0,0
WBGene00014502.,0,0,0
WBGene00014503.,0,0,0
WBGene00014504.,0,0,0
WBGene00014505.,0,15868,15868
WBGene00014506.,0,0,0
WBGene00014507.,0,1,1
WBGene00014508.,0,0,0
WBGene00014509.,0,0,0
WBGene00014510.,0,0,0
WBGene00014511.,0,0,0
WBGene00014512.,0,0,0
WBGene00014513.,0,0,0
WBGene00014514.,0,0,0
WBGene00014515.,0,0,0
WBGene00014516.,0,0,0
WBGene00014517.,0,1,1
WBGene00014518.,0,1,1
WBGene00014519.,0,2,2
WBGene00014520.,0,10,10
WBGene00014521.,0,0,0
WBGene00014522.,0,0,0
WBGene00014523.,0,1,1
WBGene00014524.,0,0,0
WBGene00014525.,0,0,0
WBGene00014526.,0,0,0
WBGene00014527.,0,0,0
WBGene00014528.,0,0,0
WBGene00014529.,0,0,0
WBGene00014530.,0,0,0
WBGene00014531.,0,0,0
WBGene00014532.,0,0,0
WBGene00014533.,0,0,0
WBGene00014534.,0,8,8
WBGene00014535.,0,3,3
WBGene00014536.,0,4,4
WBGene00014537.,0,0,0
WBGene00014538.,0,4,4
WBGene00014539.,0,0,0
WBGene00014540.,0,0,0
WBGene00014541.,0,0,0
WBGene00014542.,0,78,78
WBGene00014543.,0,0,0
WBGene00014544.,0,0,0
WBGene00014545.,0,0,0
WBGene00014546.,0,0,0
WBGene00014547.,0,0,0
WBGene00014548.,0,0,0
WBGene00014549.,0,0,0
WBGene00014550.,0,0,0
WBGene00014551.,0,0,0
WBGene00014552.,0,0,0
WBGene00014553.,0,0,0
WBGene00014554.,0,2,2
WBGene00014555.,0,0,0
WBGene00014556.,0,0,0
WBGene00014557.,0,0,0
WBGene00014558.,0,0,0
WBGene00014559.,0,0,0
WBGene00014560.,0,0,0
WBGene00014561.,0,0,0
WBGene00014562.,21,175,196
WBGene00014563.,0,0,0
WBGene00014564.,0,0,0
WBGene00014565.,0,0,0
WBGene00014566.,0,0,0
WBGene00014567.,0,0,0
WBGene00014568.,0,0,0
WBGene00014569.,360,911,1271
WBGene00014570.,0,3,3
WBGene00014571.,0,0,0
WBGene00014572.,0,12,12
WBGene00014573.,0,0,0
WBGene00014574.,0,0,0
WBGene00014575.,0,0,0
WBGene00014576.,15,54,69
WBGene00014577.,0,52,52
WBGene00014578.,0,0,0
WBGene00014579.,0,2,2
WBGene00014580.,0,0,0
WBGene00014581.,0,0,0
WBGene00014582.,0,5,5
WBGene00014583.,0,0,0
WBGene00014584.,0,0,0
WBGene00014585.,0,0,0
WBGene00014586.,0,0,0
WBGene00014587.,0,0,0
WBGene00014588.,0,0,0
WBGene00014589.,0,11,11
WBGene00014590.,0,0,0
WBGene00014591.,0,0,0
WBGene00014592.,0,2,2
WBGene00014593.,0,0,0
WBGene00014594.,0,0,0
WBGene00014595.,0,0,0
WBGene00014596.,0,44,44
WBGene00014597.,0,0,0
WBGene00014598.,0,0,0
WBGene00014599.,0,0,0
WBGene00014600.,0,0,0
WBGene00014601.,0,0,0
WBGene00014602.,0,2,2
WBGene00014603.,0,0,0
WBGene00014604.,0,0,0
WBGene00014605.,0,14,14
WBGene00014606.,0,0,0
WBGene00014607.,0,0,0
WBGene00014608.,0,0,0
WBGene00014609.,0,0,0
WBGene00014610.,0,0,0
WBGene00014611.,0,0,0
WBGene00014612.,0,0,0
WBGene00014613.,160,408,568
WBGene00014614.,0,4,4
WBGene00014615.,9,18,27
WBGene00014616.,0,0,0
WBGene00014617.,0,0,0
WBGene00014618.,0,0,0
WBGene00014619.,0,0,0
WBGene00014620.,0,1,1
WBGene00014621.,0,0,0
WBGene00014622.,0,0,0
WBGene00014623.,0,0,0
WBGene00014624.,0,0,0
WBGene00014625.,0,0,0
WBGene00014626.,0,0,0
WBGene00014627.,0,0,0
WBGene00014628.,0,0,0
WBGene00014629.,0,0,0
WBGene00014630.,1,0,1
WBGene00014631.,0,0,0
WBGene00014632.,0,0,0
WBGene00014633.,0,0,0
WBGene00014634.,0,0,0
WBGene00014635.,0,0,0
WBGene00014636.,0,0,0
WBGene00014637.,0,0,0
WBGene00014638.,0,1,1
WBGene00014639.,0,0,0
WBGene00014640.,0,1,1
WBGene00014641.,3,3,6
WBGene00014643.,0,50,50
WBGene00014644.,0,0,0
WBGene00014645.,0,0,0
WBGene00014646.,0,0,0
WBGene00014647.,0,0,0
WBGene00014648.,0,0,0
WBGene00014649.,0,1,1
WBGene00014650.,0,0,0
WBGene00014651.,0,0,0
WBGene00014652.,0,0,0
WBGene00014653.,0,0,0
WBGene00014654.,0,0,0
WBGene00014655.,0,0,0
WBGene00014656.,0,0,0
WBGene00014657.,0,7,7
WBGene00014658.,0,4,4
WBGene00014659.,0,0,0
WBGene00014660.,2,2,4
WBGene00014663.,0,73,73
WBGene00014664.,0,0,0
WBGene00014665.,0,1,1
WBGene00014666.,121,448,569
WBGene00014667.,7,9,16
WBGene00014668.,5,7,12
WBGene00014669.,40,310,350
WBGene00014670.,0,5,5
WBGene00014671.,0,8,8
WBGene00014672.,0,16,16
WBGene00014673.,0,0,0
WBGene00014674.,0,9,9
WBGene00014675.,0,4,4
WBGene00014676.,0,0,0
WBGene00014677.,0,1,1
WBGene00014678.,3,3,6
WBGene00014679.,4,14,18
WBGene00014681.,0,0,0
WBGene00014682.,0,12,12
WBGene00014683.,0,3,3
WBGene00014684.,0,1,1
WBGene00014685.,0,2,2
WBGene00014686.,0,9,9
WBGene00014689.,0,11,11
WBGene00014691.,0,0,0
WBGene00014692.,0,0,0
WBGene00014693.,0,24,24
WBGene00014694.,0,25,25
WBGene00014695.,0,0,0
WBGene00014696.,0,0,0
WBGene00014697.,114,765,879
WBGene00014698.,12,142,154
WBGene00014699.,7,29,36
WBGene00014700.,0,22,22
WBGene00014701.,0,28,28
WBGene00014702.,0,56,56
WBGene00014703.,0,10,10
WBGene00014704.,0,1,1
WBGene00014705.,0,16,16
WBGene00014706.,0,0,0
WBGene00014707.,0,2,2
WBGene00014708.,0,0,0
WBGene00014710.,1,21,22
WBGene00014711.,2,10,12
WBGene00014714.,2,6,8
WBGene00014715.,0,0,0
WBGene00014716.,0,0,0
WBGene00014717.,0,0,0
WBGene00014718.,0,1,1
WBGene00014719.,0,0,0
WBGene00014720.,0,0,0
WBGene00014721.,0,0,0
WBGene00014722.,6,7,13
WBGene00014723.,10,28,38
WBGene00014724.,0,0,0
WBGene00014727.,0,0,0
WBGene00014728.,0,9,9
WBGene00014729.,0,22,22
WBGene00014730.,1,13,14
WBGene00014731.,0,33,33
WBGene00014732.,12,74,86
WBGene00014733.,0,8,8
WBGene00014734.,25,7,32
WBGene00014735.,0,6,6
WBGene00014738.,0,0,0
WBGene00014740.,0,12,12
WBGene00014741.,0,27,27
WBGene00014744.,0,28,28
WBGene00014745.,0,17,17
WBGene00014746.,5,100,105
WBGene00014748.,0,0,0
WBGene00014751.,21,35,56
WBGene00014752.,0,0,0
WBGene00014753.,0,71,71
WBGene00014754.,8,15,23
WBGene00014755.,0,0,0
WBGene00014757.,0,6,6
WBGene00014758.,0,10,10
WBGene00014759.,14,5,19
WBGene00014760.,2,2,4
WBGene00014761.,52,51,103
WBGene00014763.,0,0,0
WBGene00014764.,3,4,7
WBGene00014766.,0,0,0
WBGene00014767.,0,0,0
WBGene00014768.,0,6,6
WBGene00014769.,11,14,25
WBGene00014770.,11,13,24
WBGene00014771.,3,7,10
WBGene00014772.,846,2815,3661
WBGene00014773.,0,32,32
WBGene00014775.,0,0,0
WBGene00014776.,0,2,2
WBGene00014777.,9,4,13
WBGene00014778.,0,94,94
WBGene00014779.,7,7,14
WBGene00014781.,0,0,0
WBGene00014782.,0,0,0
WBGene00014783.,0,0,0
WBGene00014784.,0,0,0
WBGene00014785.,0,0,0
WBGene00014786.,0,0,0
WBGene00014787.,0,1,1
WBGene00014788.,0,0,0
WBGene00014789.,27,10,37
WBGene00014790.,30,19,49
WBGene00014793.,0,436,436
WBGene00014794.,103,20,123
WBGene00014796.,27,9,36
WBGene00014798.,5,10,15
WBGene00014799.,0,27,27
WBGene00014800.,9,11,20
WBGene00014801.,45,287,332
WBGene00014803.,0,21,21
WBGene00014805.,4,2,6
WBGene00014806.,0,12,12
WBGene00014807.,24,27,51
WBGene00014809.,23,17,40
WBGene00014811.,3,67,70
WBGene00014813.,17,20,37
WBGene00014814.,0,46,46
WBGene00014817.,0,39,39
WBGene00014818.,2,25,27
WBGene00014819.,0,4,4
WBGene00014820.,61,60,121
WBGene00014821.,94,78,172
WBGene00014822.,36,16,52
WBGene00014824.,0,0,0
WBGene00014825.,0,3,3
WBGene00014826.,983,6663,7646
WBGene00014827.,3,14,17
WBGene00014828.,0,1,1
WBGene00014829.,0,1,1
WBGene00014832.,3,22,25
WBGene00014833.,13,3,16
WBGene00014834.,49,5,54
WBGene00014835.,9,23,32
WBGene00014836.,6,104,110
WBGene00014837.,1,14,15
WBGene00014838.,39,31,70
WBGene00014839.,5,1,6
WBGene00014841.,30,22,52
WBGene00014842.,0,11,11
WBGene00014843.,0,8,8
WBGene00014844.,24,3,27
WBGene00014845.,0,0,0
WBGene00014846.,25,30,55
WBGene00014848.,117,1124,1241
WBGene00014849.,0,0,0
WBGene00014850.,0,0,0
WBGene00014851.,2,9,11
WBGene00014852.,0,60,60
WBGene00014853.,0,0,0
WBGene00014854.,4,16,20
WBGene00014855.,0,1,1
WBGene00014856.,0,0,0
WBGene00014857.,0,0,0
WBGene00014858.,0,7,7
WBGene00014861.,0,57,57
WBGene00014862.,19,11,30
WBGene00014863.,7,22,29
WBGene00014864.,18,29,47
WBGene00014865.,0,12,12
WBGene00014866.,0,0,0
WBGene00014867.,0,0,0
WBGene00014868.,0,0,0
WBGene00014869.,0,0,0
WBGene00014870.,8,27,35
WBGene00014871.,0,55,55
WBGene00014872.,0,0,0
WBGene00014873.,0,0,0
WBGene00014874.,12,2,14
WBGene00014875.,0,6,6
WBGene00014876.,0,4,4
WBGene00014877.,0,3,3
WBGene00014878.,0,6,6
WBGene00014879.,0,29,29
WBGene00014880.,0,0,0
WBGene00014881.,0,11,11
WBGene00014882.,0,5,5
WBGene00014883.,0,0,0
WBGene00014884.,34,51,85
WBGene00014885.,0,8,8
WBGene00014886.,0,105,105
WBGene00014887.,0,8,8
WBGene00014888.,0,5,5
WBGene00014889.,0,0,0
WBGene00014890.,0,0,0
WBGene00014891.,0,0,0
WBGene00014892.,0,1,1
WBGene00014893.,0,3,3
WBGene00014894.,0,4,4
WBGene00014895.,0,1,1
WBGene00014896.,0,0,0
WBGene00014897.,0,0,0
WBGene00014898.,0,35,35
WBGene00014902.,0,0,0
WBGene00014903.,0,1,1
WBGene00014904.,22,51,73
WBGene00014905.,5,1,6
WBGene00014906.,1,2,3
WBGene00014907.,1,18,19
WBGene00014908.,0,0,0
WBGene00014909.,0,8,8
WBGene00014910.,0,0,0
WBGene00014911.,0,0,0
WBGene00014912.,0,0,0
WBGene00014914.,25,25,50
WBGene00014915.,29,103,132
WBGene00014916.,3,57,60
WBGene00014917.,14,26,40
WBGene00014918.,7,59,66
WBGene00014920.,5,8,13
WBGene00014921.,0,26,26
WBGene00014922.,0,7,7
WBGene00014923.,31,40,71
WBGene00014924.,31,9,40
WBGene00014925.,0,21,21
WBGene00014926.,26,6,32
WBGene00014927.,5,32,37
WBGene00014928.,0,0,0
WBGene00014929.,0,0,0
WBGene00014930.,0,0,0
WBGene00014931.,0,0,0
WBGene00014932.,0,0,0
WBGene00014933.,0,15,15
WBGene00014934.,0,19,19
WBGene00014935.,0,8,8
WBGene00014936.,0,17,17
WBGene00014937.,6,2,8
WBGene00014938.,180,1774,1954
WBGene00014939.,0,11,11
WBGene00014941.,17,71,88
WBGene00014943.,27,6,33
WBGene00014944.,0,17,17
WBGene00014945.,0,10,10
WBGene00014946.,0,31,31
WBGene00014947.,11,27,38
WBGene00014948.,40,16,56
WBGene00014949.,0,3,3
WBGene00014950.,0,0,0
WBGene00014951.,0,0,0
WBGene00014952.,0,2,2
WBGene00014953.,11,11,22
WBGene00014954.,6,4,10
WBGene00014955.,0,54,54
WBGene00014956.,0,13,13
WBGene00014957.,0,5,5
WBGene00014958.,0,49,49
WBGene00014961.,0,0,0
WBGene00014962.,0,0,0
WBGene00014963.,0,24,24
WBGene00014964.,0,6,6
WBGene00014965.,57,468,525
WBGene00014966.,0,2,2
WBGene00014967.,0,44,44
WBGene00014969.,0,9,9
WBGene00014970.,0,17,17
WBGene00014971.,0,0,0
WBGene00014972.,0,2,2
WBGene00014973.,0,29,29
WBGene00014974.,0,0,0
WBGene00014975.,30,229,259
WBGene00014976.,0,1,1
WBGene00014977.,4,20,24
WBGene00014978.,5,42,47
WBGene00014979.,0,13,13
WBGene00014980.,1,7,8
WBGene00014981.,0,3,3
WBGene00014983.,0,0,0
WBGene00014984.,0,3,3
WBGene00014987.,0,73,73
WBGene00014989.,316,949,1265
WBGene00014990.,0,0,0
WBGene00014991.,0,28,28
WBGene00014992.,0,14,14
WBGene00014993.,0,13,13
WBGene00014994.,19,21,40
WBGene00014996.,5,3,8
WBGene00014997.,11,4,15
WBGene00014998.,78,63,141
WBGene00014999.,51,236,287
WBGene00015000.,45,81,126
WBGene00015001.,61,361,422
WBGene00015002.,49,99,148
WBGene00015003.,6,12,18
WBGene00015004.,25,33,58
WBGene00015005.,56,82,138
WBGene00015006.,14,15,29
WBGene00015007.,372,2392,2764
WBGene00015008.,20,238,258
WBGene00015009.,80,674,754
WBGene00015010.,82,445,527
WBGene00015011.,34,1139,1173
WBGene00015012.,14,25,39
WBGene00015013.,7,46,53
WBGene00015014.,15,58,73
WBGene00015015.,7,45,52
WBGene00015016.,8,57,65
WBGene00015017.,107,352,459
WBGene00015018.,11,32,43
WBGene00015019.,45,33,78
WBGene00015020.,0,12,12
WBGene00015021.,232,1452,1684
WBGene00015022.,488,1650,2138
WBGene00015023.,54,206,260
WBGene00015024.,8,24,32
WBGene00015025.,308,1995,2303
WBGene00015026.,16,18,34
WBGene00015027.,181,183,364
WBGene00015028.,128,159,287
WBGene00015029.,25,229,254
WBGene00015030.,24,13,37
WBGene00015032.,17,18,35
WBGene00015033.,166,251,417
WBGene00015034.,20,10,30
WBGene00015035.,109,104,213
WBGene00015036.,31,19,50
WBGene00015037.,61,80,141
WBGene00015038.,61,101,162
WBGene00015040.,19,50,69
WBGene00015041.,44,50,94
WBGene00015042.,19,62,81
WBGene00015043.,25,135,160
WBGene00015044.,20,321,341
WBGene00015045.,14,25,39
WBGene00015046.,180,1502,1682
WBGene00015047.,262,1925,2187
WBGene00015048.,61,1690,1751
WBGene00015049.,7,63,70
WBGene00015050.,132,341,473
WBGene00015051.,10,18,28
WBGene00015052.,11,32,43
WBGene00015053.,10,185,195
WBGene00015054.,62,26,88
WBGene00015055.,48,60,108
WBGene00015056.,43,116,159
WBGene00015057.,40,148,188
WBGene00015058.,0,16,16
WBGene00015059.,16,414,430
WBGene00015061.,1653,11224,12877
WBGene00015062.,9,88,97
WBGene00015063.,12,369,381
WBGene00015064.,307,1535,1842
WBGene00015065.,13,24,37
WBGene00015066.,16,55,71
WBGene00015067.,30,174,204
WBGene00015068.,2,9,11
WBGene00015069.,8,15,23
WBGene00015070.,4,14,18
WBGene00015071.,9,10,19
WBGene00015072.,16,35,51
WBGene00015073.,15,137,152
WBGene00015074.,78,1717,1795
WBGene00015075.,164,2173,2337
WBGene00015076.,25,971,996
WBGene00015077.,18,35,53
WBGene00015078.,1,11,12
WBGene00015079.,179,52,231
WBGene00015080.,22,17,39
WBGene00015081.,56,42,98
WBGene00015082.,16,14,30
WBGene00015083.,6,60,66
WBGene00015084.,6,3,9
WBGene00015085.,42,48,90
WBGene00015087.,32,101,133
WBGene00015088.,82,225,307
WBGene00015089.,9,19,28
WBGene00015091.,90,773,863
WBGene00015092.,240,2593,2833
WBGene00015093.,3,7,10
WBGene00015094.,36,17,53
WBGene00015095.,54,251,305
WBGene00015096.,204,663,867
WBGene00015097.,35,50,85
WBGene00015098.,11,43,54
WBGene00015099.,177,939,1116
WBGene00015100.,12,17,29
WBGene00015101.,38,746,784
WBGene00015102.,4,51,55
WBGene00015103.,13,23,36
WBGene00015104.,29,772,801
WBGene00015105.,148,250,398
WBGene00015106.,10,18,28
WBGene00015107.,30,101,131
WBGene00015108.,3,8,11
WBGene00015110.,40,68,108
WBGene00015111.,2,17,19
WBGene00015112.,5,16,21
WBGene00015113.,18,39,57
WBGene00015114.,13,1,14
WBGene00015115.,364,962,1326
WBGene00015116.,89,574,663
WBGene00015117.,40,1077,1117
WBGene00015118.,8,6,14
WBGene00015119.,3,7,10
WBGene00015121.,1,2,3
WBGene00015122.,20,264,284
WBGene00015124.,287,1053,1340
WBGene00015125.,85,2449,2534
WBGene00015126.,176,1169,1345
WBGene00015128.,83,988,1071
WBGene00015129.,0,1,1
WBGene00015130.,50,339,389
WBGene00015131.,93,125,218
WBGene00015132.,26,155,181
WBGene00015133.,137,2653,2790
WBGene00015134.,22,109,131
WBGene00015135.,64,145,209
WBGene00015136.,14,129,143
WBGene00015137.,209,2738,2947
WBGene00015138.,65,79,144
WBGene00015139.,346,164,510
WBGene00015141.,129,700,829
WBGene00015142.,4,39,43
WBGene00015143.,28,1013,1041
WBGene00015145.,69,706,775
WBGene00015146.,55,493,548
WBGene00015147.,26,224,250
WBGene00015148.,106,3645,3751
WBGene00015149.,0,14,14
WBGene00015150.,11,177,188
WBGene00015151.,3,28,31
WBGene00015152.,130,218,348
WBGene00015153.,33,22,55
WBGene00015155.,414,658,1072
WBGene00015156.,657,933,1590
WBGene00015157.,51,680,731
WBGene00015158.,76,408,484
WBGene00015159.,366,1035,1401
WBGene00015160.,38,655,693
WBGene00015161.,23,228,251
WBGene00015162.,159,862,1021
WBGene00015163.,11,1391,1402
WBGene00015164.,81,734,815
WBGene00015165.,27,16,43
WBGene00015167.,7,108,115
WBGene00015168.,192,11452,11644
WBGene00015169.,27,20,47
WBGene00015170.,0,3,3
WBGene00015171.,72,204,276
WBGene00015172.,6,380,386
WBGene00015173.,429,593,1022
WBGene00015175.,6,11,17
WBGene00015176.,211,1421,1632
WBGene00015177.,157,815,972
WBGene00015178.,4,0,4
WBGene00015179.,21,88,109
WBGene00015180.,2,20,22
WBGene00015181.,28,1393,1421
WBGene00015182.,17,23,40
WBGene00015183.,12,28,40
WBGene00015184.,88,857,945
WBGene00015185.,276,1268,1544
WBGene00015186.,96,1330,1426
WBGene00015188.,111,159,270
WBGene00015189.,41,104,145
WBGene00015190.,0,72,72
WBGene00015191.,56,157,213
WBGene00015192.,4,9,13
WBGene00015193.,1,2,3
WBGene00015194.,87,201,288
WBGene00015196.,26,28,54
WBGene00015197.,27,105,132
WBGene00015198.,14,37,51
WBGene00015199.,15,11,26
WBGene00015200.,43,205,248
WBGene00015202.,77,757,834
WBGene00015203.,179,1400,1579
WBGene00015204.,24,460,484
WBGene00015205.,309,1934,2243
WBGene00015206.,68,924,992
WBGene00015207.,259,729,988
WBGene00015208.,236,2250,2486
WBGene00015210.,18,47,65
WBGene00015211.,11,22,33
WBGene00015214.,6,34,40
WBGene00015215.,16,31,47
WBGene00015216.,67,340,407
WBGene00015217.,37,440,477
WBGene00015218.,22,118,140
WBGene00015219.,100,778,878
WBGene00015220.,13,95,108
WBGene00015221.,5,3,8
WBGene00015222.,13,7,20
WBGene00015223.,84,18,102
WBGene00015224.,13,4,17
WBGene00015225.,19,12,31
WBGene00015226.,8,8,16
WBGene00015227.,2,13,15
WBGene00015228.,3,11,14
WBGene00015229.,7,21,28
WBGene00015230.,1,3,4
WBGene00015231.,38,80,118
WBGene00015232.,595,3982,4577
WBGene00015233.,7,377,384
WBGene00015235.,6,276,282
WBGene00015236.,78,37,115
WBGene00015237.,204,805,1009
WBGene00015238.,36,209,245
WBGene00015241.,38,3,41
WBGene00015242.,2,10,12
WBGene00015243.,49,77,126
WBGene00015244.,24,8,32
WBGene00015245.,67,553,620
WBGene00015246.,93,23,116
WBGene00015247.,0,22,22
WBGene00015248.,4418,22016,26434
WBGene00015249.,327,671,998
WBGene00015250.,191,438,629
WBGene00015251.,236,1733,1969
WBGene00015252.,13,13,26
WBGene00015253.,7,3,10
WBGene00015254.,1,1,2
WBGene00015255.,4,14,18
WBGene00015257.,22,13,35
WBGene00015258.,36,22,58
WBGene00015259.,6,28,34
WBGene00015260.,25,26,51
WBGene00015261.,11,35,46
WBGene00015262.,25,19,44
WBGene00015263.,192,464,656
WBGene00015264.,45,86,131
WBGene00015265.,15,31,46
WBGene00015266.,112,462,574
WBGene00015267.,54,365,419
WBGene00015268.,199,236,435
WBGene00015269.,0,0,0
WBGene00015270.,0,0,0
WBGene00015271.,0,0,0
WBGene00015272.,0,0,0
WBGene00015273.,263,1,264
WBGene00015277.,0,0,0
WBGene00015278.,70,290,360
WBGene00015279.,36,61,97
WBGene00015280.,231,729,960
WBGene00015281.,34,94,128
WBGene00015282.,152,986,1138
WBGene00015283.,74,712,786
WBGene00015284.,35,155,190
WBGene00015285.,155,998,1153
WBGene00015286.,25,69,94
WBGene00015287.,23,44,67
WBGene00015288.,17,16,33
WBGene00015291.,55,272,327
WBGene00015292.,18,23,41
WBGene00015293.,439,2250,2689
WBGene00015294.,67,308,375
WBGene00015295.,64,280,344
WBGene00015296.,179,1399,1578
WBGene00015297.,110,1086,1196
WBGene00015298.,50,818,868
WBGene00015299.,87,66,153
WBGene00015300.,17,33,50
WBGene00015301.,819,427,1246
WBGene00015303.,384,485,869
WBGene00015305.,26,10,36
WBGene00015306.,19,31,50
WBGene00015307.,62,176,238
WBGene00015308.,64,677,741
WBGene00015309.,79,82,161
WBGene00015310.,61,330,391
WBGene00015311.,26,36,62
WBGene00015312.,11,65,76
WBGene00015313.,31,274,305
WBGene00015315.,15,10,25
WBGene00015316.,42,2,44
WBGene00015317.,8,14,22
WBGene00015318.,9,5,14
WBGene00015320.,11,45,56
WBGene00015321.,0,1,1
WBGene00015322.,7,379,386
WBGene00015323.,68,16,84
WBGene00015324.,34,227,261
WBGene00015325.,0,0,0
WBGene00015326.,61,3438,3499
WBGene00015327.,40,404,444
WBGene00015328.,434,1366,1800
WBGene00015329.,62,1391,1453
WBGene00015330.,71,679,750
WBGene00015331.,1,0,1
WBGene00015332.,41,289,330
WBGene00015333.,23,78,101
WBGene00015334.,70,160,230
WBGene00015335.,23,60,83
WBGene00015336.,42,601,643
WBGene00015337.,3,29,32
WBGene00015338.,22,11,33
WBGene00015339.,14,130,144
WBGene00015340.,3,33,36
WBGene00015341.,6,3,9
WBGene00015342.,5,12,17
WBGene00015344.,105,1947,2052
WBGene00015345.,20,12,32
WBGene00015346.,92,1771,1863
WBGene00015347.,71,398,469
WBGene00015348.,4,5,9
WBGene00015349.,121,294,415
WBGene00015350.,27,1304,1331
WBGene00015351.,13,21,34
WBGene00015352.,180,1635,1815
WBGene00015353.,4,147,151
WBGene00015354.,577,14054,14631
WBGene00015355.,72,123,195
WBGene00015356.,382,3224,3606
WBGene00015357.,17,106,123
WBGene00015359.,7,69,76
WBGene00015360.,11,27,38
WBGene00015361.,29,14,43
WBGene00015362.,51,349,400
WBGene00015364.,53,60,113
WBGene00015366.,7,14,21
WBGene00015367.,16,10,26
WBGene00015368.,48,43,91
WBGene00015369.,19,213,232
WBGene00015371.,128,13,141
WBGene00015372.,4,6,10
WBGene00015373.,40,46,86
WBGene00015374.,11,11,22
WBGene00015375.,14,36,50
WBGene00015376.,8,31,39
WBGene00015377.,14,23,37
WBGene00015378.,38,103,141
WBGene00015379.,2,1,3
WBGene00015380.,0,45,45
WBGene00015381.,59,105,164
WBGene00015382.,29,44,73
WBGene00015385.,0,19,19
WBGene00015386.,210,39,249
WBGene00015387.,119,97,216
WBGene00015388.,39,8,47
WBGene00015389.,70,269,339
WBGene00015390.,87,131,218
WBGene00015391.,172,3943,4115
WBGene00015392.,0,161,161
WBGene00015393.,420,3230,3650
WBGene00015394.,20,4,24
WBGene00015395.,32,60,92
WBGene00015396.,17,83,100
WBGene00015397.,5,11,16
WBGene00015398.,6,2091,2097
WBGene00015399.,24,13,37
WBGene00015400.,36,206,242
WBGene00015401.,23,25,48
WBGene00015402.,77,301,378
WBGene00015403.,7,216,223
WBGene00015404.,104,961,1065
WBGene00015405.,123,1091,1214
WBGene00015406.,3,16,19
WBGene00015407.,56,635,691
WBGene00015408.,24,304,328
WBGene00015409.,12,37,49
WBGene00015410.,101,360,461
WBGene00015411.,14,19,33
WBGene00015412.,45,21,66
WBGene00015413.,279,4943,5222
WBGene00015414.,0,6,6
WBGene00015416.,29,40,69
WBGene00015417.,10,18,28
WBGene00015418.,828,2519,3347
WBGene00015419.,15,14,29
WBGene00015421.,22,17,39
WBGene00015422.,13,9,22
WBGene00015423.,24,235,259
WBGene00015424.,33,260,293
WBGene00015425.,102,737,839
WBGene00015426.,33,12,45
WBGene00015427.,131,1100,1231
WBGene00015428.,30,6,36
WBGene00015429.,105,380,485
WBGene00015430.,259,464,723
WBGene00015432.,3,3,6
WBGene00015433.,20,36,56
WBGene00015434.,105,145,250
WBGene00015435.,6,11,17
WBGene00015436.,2,4,6
WBGene00015437.,14,23,37
WBGene00015438.,32,7,39
WBGene00015439.,34,2,36
WBGene00015440.,24,60,84
WBGene00015441.,8,16,24
WBGene00015442.,42,7,49
WBGene00015444.,79,28,107
WBGene00015446.,33,12,45
WBGene00015447.,15,8,23
WBGene00015448.,18,16,34
WBGene00015449.,11,24,35
WBGene00015450.,17,490,507
WBGene00015451.,69,314,383
WBGene00015453.,3,3,6
WBGene00015454.,25,397,422
WBGene00015455.,1012,1197,2209
WBGene00015456.,0,40,40
WBGene00015457.,5,17,22
WBGene00015458.,1,6,7
WBGene00015459.,2,2,4
WBGene00015460.,22,336,358
WBGene00015461.,133,1407,1540
WBGene00015462.,31,243,274
WBGene00015463.,5,306,311
WBGene00015464.,68,930,998
WBGene00015465.,36,15,51
WBGene00015466.,19,522,541
WBGene00015467.,8,13,21
WBGene00015468.,57,348,405
WBGene00015469.,63,424,487
WBGene00015470.,14,694,708
WBGene00015471.,92,283,375
WBGene00015472.,103,704,807
WBGene00015473.,90,63,153
WBGene00015474.,53,674,727
WBGene00015476.,58,176,234
WBGene00015477.,158,2208,2366
WBGene00015478.,111,228,339
WBGene00015479.,45,113,158
WBGene00015480.,206,221,427
WBGene00015481.,77,1953,2030
WBGene00015483.,87,529,616
WBGene00015484.,45,1357,1402
WBGene00015485.,57,529,586
WBGene00015486.,77,373,450
WBGene00015487.,31,2648,2679
WBGene00015488.,271,485,756
WBGene00015489.,8,11,19
WBGene00015491.,11,9,20
WBGene00015492.,11,425,436
WBGene00015493.,18,6,24
WBGene00015494.,143,328,471
WBGene00015495.,1,101,102
WBGene00015496.,30,32,62
WBGene00015497.,93,23,116
WBGene00015499.,121,550,671
WBGene00015500.,19,30,49
WBGene00015501.,215,1626,1841
WBGene00015504.,93,311,404
WBGene00015505.,34,80,114
WBGene00015507.,253,816,1069
WBGene00015508.,114,749,863
WBGene00015509.,196,571,767
WBGene00015510.,75,1042,1117
WBGene00015511.,5,39,44
WBGene00015512.,156,1640,1796
WBGene00015513.,59,516,575
WBGene00015514.,1399,17356,18755
WBGene00015515.,44,486,530
WBGene00015516.,6,23,29
WBGene00015517.,403,1562,1965
WBGene00015518.,1,64,65
WBGene00015519.,28,114,142
WBGene00015520.,0,33,33
WBGene00015521.,0,4,4
WBGene00015522.,33,43,76
WBGene00015523.,54,222,276
WBGene00015524.,30,328,358
WBGene00015525.,132,855,987
WBGene00015526.,6,22,28
WBGene00015527.,21,124,145
WBGene00015528.,19,22,41
WBGene00015529.,14,85,99
WBGene00015530.,4,13,17
WBGene00015531.,119,491,610
WBGene00015532.,12,71,83
WBGene00015533.,10,15,25
WBGene00015534.,2,6,8
WBGene00015535.,3,47,50
WBGene00015536.,19,140,159
WBGene00015537.,12,5,17
WBGene00015538.,6,1414,1420
WBGene00015539.,142,573,715
WBGene00015540.,14,1015,1029
WBGene00015541.,155,262,417
WBGene00015544.,30,33,63
WBGene00015545.,51,83,134
WBGene00015546.,1,43,44
WBGene00015547.,64,1193,1257
WBGene00015549.,27,286,313
WBGene00015550.,17,37,54
WBGene00015551.,537,2834,3371
WBGene00015552.,37,1155,1192
WBGene00015553.,304,1792,2096
WBGene00015554.,27,216,243
WBGene00015555.,288,975,1263
WBGene00015557.,36,221,257
WBGene00015558.,10,20,30
WBGene00015559.,110,202,312
WBGene00015560.,23,313,336
WBGene00015561.,219,965,1184
WBGene00015562.,7,51,58
WBGene00015564.,1,1,2
WBGene00015565.,300,2137,2437
WBGene00015566.,17,198,215
WBGene00015567.,84,608,692
WBGene00015568.,30,59,89
WBGene00015569.,25,219,244
WBGene00015570.,34,67,101
WBGene00015572.,20,12,32
WBGene00015573.,1,4,5
WBGene00015574.,4,9,13
WBGene00015575.,7,10,17
WBGene00015576.,44,68,112
WBGene00015577.,46,328,374
WBGene00015578.,1,845,846
WBGene00015579.,0,1150,1150
WBGene00015580.,235,517,752
WBGene00015581.,307,1793,2100
WBGene00015582.,12,45,57
WBGene00015583.,50,12,62
WBGene00015586.,7,71,78
WBGene00015587.,0,7,7
WBGene00015588.,3,27,30
WBGene00015589.,5,15,20
WBGene00015590.,18,192,210
WBGene00015591.,26,322,348
WBGene00015592.,63,33,96
WBGene00015593.,3,148,151
WBGene00015594.,4,7,11
WBGene00015595.,17,2,19
WBGene00015596.,1,8,9
WBGene00015597.,4,8,12
WBGene00015598.,9,25,34
WBGene00015599.,2,3,5
WBGene00015600.,13,5,18
WBGene00015601.,21,20,41
WBGene00015602.,1,16,17
WBGene00015603.,0,2,2
WBGene00015604.,0,2,2
WBGene00015605.,86,481,567
WBGene00015606.,17,24,41
WBGene00015607.,0,31,31
WBGene00015608.,33,101,134
WBGene00015609.,21,110,131
WBGene00015610.,1,7,8
WBGene00015611.,0,265,265
WBGene00015613.,1,12,13
WBGene00015614.,19,9,28
WBGene00015615.,2,23,25
WBGene00015616.,47,41,88
WBGene00015618.,30,42,72
WBGene00015619.,503,3052,3555
WBGene00015620.,46,167,213
WBGene00015621.,68,383,451
WBGene00015622.,21,17,38
WBGene00015623.,315,3757,4072
WBGene00015624.,17,76,93
WBGene00015625.,23,40,63
WBGene00015626.,27,52,79
WBGene00015627.,14,3,17
WBGene00015628.,13,5,18
WBGene00015629.,52,24,76
WBGene00015630.,42,21,63
WBGene00015631.,15,66,81
WBGene00015632.,264,1630,1894
WBGene00015633.,193,835,1028
WBGene00015634.,4,19,23
WBGene00015635.,52,378,430
WBGene00015636.,0,1,1
WBGene00015637.,4,20,24
WBGene00015638.,58,371,429
WBGene00015639.,41,24,65
WBGene00015640.,85,180,265
WBGene00015641.,62,519,581
WBGene00015642.,48,213,261
WBGene00015644.,84,406,490
WBGene00015645.,11,29,40
WBGene00015646.,35,41,76
WBGene00015647.,77,621,698
WBGene00015648.,254,547,801
WBGene00015649.,17,14,31
WBGene00015650.,510,1410,1920
WBGene00015651.,401,169,570
WBGene00015652.,11,7,18
WBGene00015653.,11,9,20
WBGene00015654.,10,3,13
WBGene00015655.,1,9,10
WBGene00015656.,42,4,46
WBGene00015658.,256,564,820
WBGene00015660.,16,175,191
WBGene00015661.,2,0,2
WBGene00015662.,9,27,36
WBGene00015663.,26,10,36
WBGene00015664.,28,134,162
WBGene00015665.,45,16,61
WBGene00015666.,22,39,61
WBGene00015667.,3,5,8
WBGene00015668.,23,16,39
WBGene00015670.,29,55,84
WBGene00015671.,92,530,622
WBGene00015672.,29,59,88
WBGene00015673.,91,227,318
WBGene00015675.,88,174,262
WBGene00015676.,38,951,989
WBGene00015677.,45,130,175
WBGene00015678.,533,1201,1734
WBGene00015679.,28,54,82
WBGene00015680.,111,1394,1505
WBGene00015681.,12,8,20
WBGene00015682.,22,18,40
WBGene00015683.,2,15,17
WBGene00015684.,191,1717,1908
WBGene00015685.,22,17,39
WBGene00015686.,94,101,195
WBGene00015687.,123,5671,5794
WBGene00015688.,9,21,30
WBGene00015689.,0,12,12
WBGene00015690.,53,10,63
WBGene00015691.,131,388,519
WBGene00015692.,41,127,168
WBGene00015693.,19,99,118
WBGene00015694.,57,22,79
WBGene00015695.,73,460,533
WBGene00015696.,5,13,18
WBGene00015697.,39,153,192
WBGene00015698.,2,42,44
WBGene00015700.,61,46,107
WBGene00015701.,46,78,124
WBGene00015702.,17,368,385
WBGene00015703.,14,1108,1122
WBGene00015704.,305,188,493
WBGene00015705.,18,28,46
WBGene00015706.,13,221,234
WBGene00015707.,2,51,53
WBGene00015708.,24,77,101
WBGene00015709.,23,196,219
WBGene00015710.,18,262,280
WBGene00015711.,11,53,64
WBGene00015712.,18,29,47
WBGene00015713.,61,494,555
WBGene00015714.,17,52,69
WBGene00015716.,56,149,205
WBGene00015718.,6,16,22
WBGene00015719.,2,1,3
WBGene00015720.,56,22,78
WBGene00015721.,1,0,1
WBGene00015722.,34,17,51
WBGene00015723.,35,24,59
WBGene00015724.,17,6,23
WBGene00015725.,25,4,29
WBGene00015726.,13,8,21
WBGene00015727.,0,11,11
WBGene00015728.,31,110,141
WBGene00015729.,42,887,929
WBGene00015730.,0,0,0
WBGene00015731.,0,0,0
WBGene00015733.,59,51,110
WBGene00015734.,50,1878,1928
WBGene00015735.,647,1193,1840
WBGene00015736.,21,13,34
WBGene00015737.,4,16,20
WBGene00015738.,10,19,29
WBGene00015739.,49,31,80
WBGene00015740.,102,629,731
WBGene00015741.,426,2134,2560
WBGene00015742.,64,316,380
WBGene00015743.,116,774,890
WBGene00015744.,118,214,332
WBGene00015745.,33,187,220
WBGene00015746.,62,1062,1124
WBGene00015747.,49,136,185
WBGene00015748.,26,132,158
WBGene00015750.,30,197,227
WBGene00015751.,70,88,158
WBGene00015752.,97,3272,3369
WBGene00015753.,23,59,82
WBGene00015754.,123,998,1121
WBGene00015755.,2125,19836,21961
WBGene00015756.,66,328,394
WBGene00015757.,24,8,32
WBGene00015758.,13,30,43
WBGene00015759.,661,4093,4754
WBGene00015760.,23,19,42
WBGene00015761.,17,21,38
WBGene00015762.,16,8,24
WBGene00015763.,12,33,45
WBGene00015764.,84,12,96
WBGene00015765.,6,4,10
WBGene00015766.,6,61,67
WBGene00015767.,115,529,644
WBGene00015768.,55,112,167
WBGene00015769.,13,529,542
WBGene00015770.,2,6,8
WBGene00015771.,3,4,7
WBGene00015772.,9,3,12
WBGene00015773.,15,7,22
WBGene00015774.,21,27,48
WBGene00015775.,114,11,125
WBGene00015776.,107,1580,1687
WBGene00015777.,61,710,771
WBGene00015778.,24,7643,7667
WBGene00015779.,245,714,959
WBGene00015780.,24,44,68
WBGene00015781.,87,520,607
WBGene00015782.,8,96,104
WBGene00015783.,24,100,124
WBGene00015784.,27,18,45
WBGene00015785.,0,11,11
WBGene00015786.,123,457,580
WBGene00015787.,68,206,274
WBGene00015788.,39,115,154
WBGene00015789.,6,182,188
WBGene00015790.,456,662,1118
WBGene00015791.,72,2150,2222
WBGene00015792.,17,17,34
WBGene00015793.,30,260,290
WBGene00015794.,32,53,85
WBGene00015795.,145,161,306
WBGene00015796.,309,646,955
WBGene00015797.,42,85,127
WBGene00015798.,9,33,42
WBGene00015799.,27,71,98
WBGene00015800.,385,531,916
WBGene00015801.,112,603,715
WBGene00015802.,127,432,559
WBGene00015803.,2445,11632,14077
WBGene00015805.,525,5684,6209
WBGene00015806.,27,419,446
WBGene00015807.,14,152,166
WBGene00015809.,215,2134,2349
WBGene00015810.,15,4918,4933
WBGene00015811.,132,3258,3390
WBGene00015813.,233,2322,2555
WBGene00015814.,176,2188,2364
WBGene00015815.,135,415,550
WBGene00015816.,17,84,101
WBGene00015817.,232,1268,1500
WBGene00015818.,17,101,118
WBGene00015819.,0,89,89
WBGene00015820.,7,16,23
WBGene00015821.,44,41,85
WBGene00015822.,63,72,135
WBGene00015823.,0,6186,6186
WBGene00015824.,10,125,135
WBGene00015825.,2,5,7
WBGene00015826.,15,10,25
WBGene00015827.,8,7,15
WBGene00015828.,8,7,15
WBGene00015829.,4,19,23
WBGene00015830.,0,14,14
WBGene00015832.,25,25,50
WBGene00015833.,12,11,23
WBGene00015834.,14,22,36
WBGene00015835.,23,21,44
WBGene00015836.,9,17,26
WBGene00015837.,13,5,18
WBGene00015838.,2,7,9
WBGene00015839.,11,22,33
WBGene00015840.,14,8,22
WBGene00015841.,52,26,78
WBGene00015842.,19,67,86
WBGene00015843.,59,109,168
WBGene00015845.,3,4,7
WBGene00015846.,3,3,6
WBGene00015847.,0,2,2
WBGene00015848.,0,0,0
WBGene00015849.,18,113,131
WBGene00015850.,6,39,45
WBGene00015851.,29,27,56
WBGene00015852.,0,35,35
WBGene00015853.,31,197,228
WBGene00015854.,4,8,12
WBGene00015855.,3,12,15
WBGene00015856.,2,5,7
WBGene00015857.,42,270,312
WBGene00015858.,4,11,15
WBGene00015859.,45,85,130
WBGene00015860.,16,33,49
WBGene00015861.,64,169,233
WBGene00015862.,13,38,51
WBGene00015863.,23,15,38
WBGene00015864.,47,372,419
WBGene00015865.,70,427,497
WBGene00015866.,24,245,269
WBGene00015867.,83,103,186
WBGene00015868.,1402,1935,3337
WBGene00015869.,18,8,26
WBGene00015870.,13,4,17
WBGene00015871.,5,5,10
WBGene00015872.,12,2,14
WBGene00015873.,21,21,42
WBGene00015874.,7,3,10
WBGene00015875.,15,5,20
WBGene00015876.,3,10,13
WBGene00015877.,10,16,26
WBGene00015878.,1,4,5
WBGene00015879.,71,16,87
WBGene00015882.,19,7,26
WBGene00015883.,14,14,28
WBGene00015884.,10,9,19
WBGene00015885.,7,241,248
WBGene00015886.,1,11,12
WBGene00015887.,41,1209,1250
WBGene00015888.,0,0,0
WBGene00015889.,15,46,61
WBGene00015890.,3,13,16
WBGene00015891.,0,3,3
WBGene00015892.,5,4,9
WBGene00015893.,5,21,26
WBGene00015894.,144,2761,2905
WBGene00015895.,0,0,0
WBGene00015896.,0,131,131
WBGene00015897.,87,157,244
WBGene00015898.,35,13,48
WBGene00015899.,5,9,14
WBGene00015900.,44,96,140
WBGene00015901.,63,136,199
WBGene00015902.,31,16,47
WBGene00015903.,6,1,7
WBGene00015904.,20,10,30
WBGene00015905.,26,0,26
WBGene00015906.,7,24,31
WBGene00015907.,1,7,8
WBGene00015908.,30,54,84
WBGene00015909.,2,10,12
WBGene00015910.,0,6,6
WBGene00015911.,4,4,8
WBGene00015912.,5,17,22
WBGene00015913.,876,4985,5861
WBGene00015914.,99,66,165
WBGene00015915.,55,409,464
WBGene00015916.,131,829,960
WBGene00015917.,15,22,37
WBGene00015918.,53,58,111
WBGene00015919.,17,254,271
WBGene00015920.,60,3074,3134
WBGene00015921.,120,304,424
WBGene00015922.,38,224,262
WBGene00015924.,1,2,3
WBGene00015925.,52,89,141
WBGene00015926.,343,909,1252
WBGene00015927.,234,1548,1782
WBGene00015928.,164,487,651
WBGene00015929.,4,17,21
WBGene00015930.,106,628,734
WBGene00015931.,12,19,31
WBGene00015932.,5,22,27
WBGene00015933.,144,794,938
WBGene00015934.,46,459,505
WBGene00015935.,221,500,721
WBGene00015936.,93,138,231
WBGene00015937.,40,31,71
WBGene00015938.,211,1110,1321
WBGene00015939.,6,58,64
WBGene00015940.,17,368,385
WBGene00015941.,385,1768,2153
WBGene00015942.,74,560,634
WBGene00015943.,76,2905,2981
WBGene00015944.,10,28,38
WBGene00015945.,391,581,972
WBGene00015946.,22,114,136
WBGene00015947.,250,1361,1611
WBGene00015948.,207,1272,1479
WBGene00015949.,97,198,295
WBGene00015950.,23,19,42
WBGene00015952.,31,143,174
WBGene00015953.,49,62,111
WBGene00015954.,1843,8633,10476
WBGene00015955.,26,1100,1126
WBGene00015956.,149,834,983
WBGene00015957.,39,60,99
WBGene00015958.,8,9,17
WBGene00015959.,8,1,9
WBGene00015960.,11,5,16
WBGene00015961.,11,10,21
WBGene00015962.,9,2,11
WBGene00015963.,11,50,61
WBGene00015964.,98,35,133
WBGene00015965.,85,586,671
WBGene00015968.,305,916,1221
WBGene00015969.,72,309,381
WBGene00015970.,14,33,47
WBGene00015971.,225,873,1098
WBGene00015972.,146,492,638
WBGene00015974.,279,137,416
WBGene00015975.,25,461,486
WBGene00015976.,106,488,594
WBGene00015977.,21,37,58
WBGene00015978.,39,765,804
WBGene00015979.,5,2,7
WBGene00015980.,136,640,776
WBGene00015981.,59,85,144
WBGene00015982.,34,2,36
WBGene00015984.,39,35,74
WBGene00015985.,17,18,35
WBGene00015986.,34,25,59
WBGene00015987.,8,3,11
WBGene00015988.,22,34,56
WBGene00015989.,20,213,233
WBGene00015990.,12,33,45
WBGene00015991.,24,31,55
WBGene00015992.,23,31,54
WBGene00015993.,74,73,147
WBGene00015994.,62,21,83
WBGene00015996.,18,70,88
WBGene00015997.,0,2,2
WBGene00015998.,17,11,28
WBGene00015999.,20,113,133
WBGene00016000.,12,13,25
WBGene00016002.,275,1423,1698
WBGene00016003.,20,54,74
WBGene00016004.,52,551,603
WBGene00016005.,55,315,370
WBGene00016006.,735,3601,4336
WBGene00016008.,32,6,38
WBGene00016009.,67,1299,1366
WBGene00016010.,58,20,78
WBGene00016011.,729,2945,3674
WBGene00016012.,18,241,259
WBGene00016013.,25,54,79
WBGene00016014.,60,764,824
WBGene00016015.,105,1282,1387
WBGene00016016.,3,21,24
WBGene00016017.,2,15,17
WBGene00016018.,106,432,538
WBGene00016019.,42,397,439
WBGene00016020.,145,1003,1148
WBGene00016021.,72,474,546
WBGene00016022.,55,357,412
WBGene00016023.,15,104,119
WBGene00016024.,346,253,599
WBGene00016025.,42,183,225
WBGene00016027.,126,789,915
WBGene00016028.,147,4276,4423
WBGene00016029.,399,25,424
WBGene00016030.,27,352,379
WBGene00016032.,202,49,251
WBGene00016033.,56,12642,12698
WBGene00016034.,19,110,129
WBGene00016037.,151,40,191
WBGene00016038.,7,213,220
WBGene00016039.,1,58,59
WBGene00016040.,9,30,39
WBGene00016044.,173,343,516
WBGene00016045.,90,601,691
WBGene00016046.,3,58,61
WBGene00016047.,8,15,23
WBGene00016048.,57,745,802
WBGene00016049.,8,17,25
WBGene00016050.,14,3,17
WBGene00016051.,7,2,9
WBGene00016052.,270,2807,3077
WBGene00016053.,23,47,70
WBGene00016054.,33,17,50
WBGene00016055.,71,439,510
WBGene00016056.,1,12,13
WBGene00016057.,151,2391,2542
WBGene00016058.,0,1,1
WBGene00016059.,223,737,960
WBGene00016060.,232,594,826
WBGene00016061.,115,877,992
WBGene00016062.,15,2101,2116
WBGene00016063.,13,18,31
WBGene00016064.,57,27,84
WBGene00016066.,28,83,111
WBGene00016067.,103,288,391
WBGene00016068.,59,241,300
WBGene00016069.,28,239,267
WBGene00016070.,11,20,31
WBGene00016071.,20,53,73
WBGene00016072.,29,69,98
WBGene00016073.,186,2216,2402
WBGene00016074.,60,261,321
WBGene00016075.,25,12,37
WBGene00016076.,0,0,0
WBGene00016077.,36,14,50
WBGene00016078.,17,4,21
WBGene00016080.,8,11,19
WBGene00016081.,73,293,366
WBGene00016082.,0,15,15
WBGene00016083.,22,4,26
WBGene00016084.,40,23,63
WBGene00016085.,19,13,32
WBGene00016087.,5,142,147
WBGene00016088.,18,57,75
WBGene00016089.,52,28,80
WBGene00016090.,124,82,206
WBGene00016091.,7,17,24
WBGene00016092.,21,17,38
WBGene00016093.,76,167,243
WBGene00016094.,15,42,57
WBGene00016095.,41,190,231
WBGene00016096.,6,206,212
WBGene00016097.,24,708,732
WBGene00016099.,94,293,387
WBGene00016100.,15,112,127
WBGene00016101.,18,168,186
WBGene00016102.,16,232,248
WBGene00016103.,196,2058,2254
WBGene00016104.,99,185,284
WBGene00016105.,4,10,14
WBGene00016106.,28,69,97
WBGene00016107.,29,44,73
WBGene00016108.,154,135,289
WBGene00016109.,98,305,403
WBGene00016110.,41,70,111
WBGene00016111.,22,256,278
WBGene00016112.,16,204,220
WBGene00016113.,60,817,877
WBGene00016114.,102,1032,1134
WBGene00016115.,901,9428,10329
WBGene00016116.,135,980,1115
WBGene00016118.,955,7549,8504
WBGene00016119.,153,1765,1918
WBGene00016120.,233,1287,1520
WBGene00016121.,107,689,796
WBGene00016123.,71,274,345
WBGene00016124.,82,569,651
WBGene00016125.,2,37,39
WBGene00016126.,45,145,190
WBGene00016128.,19,501,520
WBGene00016129.,146,2140,2286
WBGene00016130.,2,10,12
WBGene00016131.,53,166,219
WBGene00016132.,22,9,31
WBGene00016133.,60,157,217
WBGene00016134.,201,933,1134
WBGene00016135.,35,123,158
WBGene00016136.,13,9,22
WBGene00016137.,1,2,3
WBGene00016138.,79,870,949
WBGene00016139.,69,388,457
WBGene00016140.,65,1522,1587
WBGene00016142.,56,1945,2001
WBGene00016143.,171,778,949
WBGene00016144.,184,861,1045
WBGene00016145.,70,853,923
WBGene00016146.,64,139,203
WBGene00016147.,33,105,138
WBGene00016148.,90,424,514
WBGene00016149.,26,146,172
WBGene00016150.,123,857,980
WBGene00016151.,109,699,808
WBGene00016152.,27,123,150
WBGene00016153.,0,13,13
WBGene00016154.,148,600,748
WBGene00016155.,11,36,47
WBGene00016156.,15,195,210
WBGene00016157.,148,603,751
WBGene00016158.,89,1025,1114
WBGene00016159.,168,270,438
WBGene00016160.,74,12,86
WBGene00016161.,11,8,19
WBGene00016162.,395,1990,2385
WBGene00016163.,10,66,76
WBGene00016164.,10,8,18
WBGene00016165.,117,137,254
WBGene00016166.,89,1252,1341
WBGene00016167.,47,699,746
WBGene00016168.,9,0,9
WBGene00016169.,52,36,88
WBGene00016170.,122,1128,1250
WBGene00016171.,71,354,425
WBGene00016172.,304,726,1030
WBGene00016173.,339,3209,3548
WBGene00016174.,54,131,185
WBGene00016175.,42,86,128
WBGene00016177.,11,27,38
WBGene00016178.,9,76,85
WBGene00016179.,3,5,8
WBGene00016180.,9,474,483
WBGene00016181.,17,55,72
WBGene00016182.,36,245,281
WBGene00016183.,25,9,34
WBGene00016184.,182,334,516
WBGene00016185.,19,17,36
WBGene00016187.,6,116,122
WBGene00016188.,124,696,820
WBGene00016189.,26,89,115
WBGene00016190.,14,201,215
WBGene00016191.,20,77,97
WBGene00016192.,17,872,889
WBGene00016193.,45,14,59
WBGene00016194.,82,4044,4126
WBGene00016195.,17,1633,1650
WBGene00016196.,10,4,14
WBGene00016197.,1153,2140,3293
WBGene00016198.,7,15,22
WBGene00016199.,9,27,36
WBGene00016200.,88,774,862
WBGene00016201.,40,921,961
WBGene00016202.,52,600,652
WBGene00016203.,180,503,683
WBGene00016204.,15,135,150
WBGene00016206.,23,24,47
WBGene00016207.,85,350,435
WBGene00016208.,7,289,296
WBGene00016209.,398,3683,4081
WBGene00016210.,444,4422,4866
WBGene00016211.,66,205,271
WBGene00016212.,26,188,214
WBGene00016213.,10,0,10
WBGene00016215.,21,466,487
WBGene00016216.,41,256,297
WBGene00016217.,21,105,126
WBGene00016218.,57,47,104
WBGene00016219.,79,68,147
WBGene00016220.,5,7,12
WBGene00016221.,66,317,383
WBGene00016222.,2,0,2
WBGene00016223.,16,6,22
WBGene00016224.,5,21,26
WBGene00016225.,0,1,1
WBGene00016226.,2,3,5
WBGene00016227.,5,11,16
WBGene00016230.,8,18,26
WBGene00016231.,27,9,36
WBGene00016232.,7,13,20
WBGene00016233.,9,10,19
WBGene00016234.,57,125,182
WBGene00016235.,8,1375,1383
WBGene00016236.,15,96,111
WBGene00016237.,42,588,630
WBGene00016238.,19,961,980
WBGene00016239.,6,81,87
WBGene00016242.,25,63,88
WBGene00016244.,221,1378,1599
WBGene00016245.,46,512,558
WBGene00016246.,51,204,255
WBGene00016247.,27,25,52
WBGene00016248.,33,190,223
WBGene00016249.,382,2263,2645
WBGene00016250.,262,16327,16589
WBGene00016253.,26,28,54
WBGene00016254.,2,29,31
WBGene00016255.,21,29,50
WBGene00016257.,7,7,14
WBGene00016258.,157,3753,3910
WBGene00016259.,49,25,74
WBGene00016260.,107,183,290
WBGene00016261.,50,416,466
WBGene00016262.,25,99,124
WBGene00016263.,10,50,60
WBGene00016264.,416,1941,2357
WBGene00016265.,62,426,488
WBGene00016266.,768,3355,4123
WBGene00016268.,16,15,31
WBGene00016269.,588,1743,2331
WBGene00016271.,19740,14,19754
WBGene00016273.,28,24,52
WBGene00016274.,8,132,140
WBGene00016276.,29,65,94
WBGene00016277.,27,118,145
WBGene00016278.,158,953,1111
WBGene00016279.,3,6,9
WBGene00016280.,54,5,59
WBGene00016281.,46,13,59
WBGene00016282.,23,111,134
WBGene00016283.,68,218,286
WBGene00016284.,17,2,19
WBGene00016285.,48,4,52
WBGene00016286.,29,15,44
WBGene00016287.,19,9,28
WBGene00016288.,26,16,42
WBGene00016289.,3787,8200,11987
WBGene00016291.,11,50,61
WBGene00016292.,321,628,949
WBGene00016293.,123,511,634
WBGene00016294.,79,91,170
WBGene00016295.,21,104,125
WBGene00016296.,2,4,6
WBGene00016297.,2,7,9
WBGene00016298.,1,18,19
WBGene00016299.,51,3,54
WBGene00016300.,50,4,54
WBGene00016301.,15,21,36
WBGene00016302.,10,29,39
WBGene00016303.,13,42,55
WBGene00016304.,23,98,121
WBGene00016305.,35,82,117
WBGene00016306.,7,8,15
WBGene00016307.,5,5,10
WBGene00016308.,19,15,34
WBGene00016309.,3,0,3
WBGene00016310.,51,296,347
WBGene00016311.,47,1033,1080
WBGene00016312.,1,13,14
WBGene00016313.,9,384,393
WBGene00016314.,19,124,143
WBGene00016315.,42,407,449
WBGene00016316.,234,3676,3910
WBGene00016317.,28,388,416
WBGene00016318.,74,599,673
WBGene00016319.,37,225,262
WBGene00016320.,3,2,5
WBGene00016321.,437,2087,2524
WBGene00016322.,4,3,7
WBGene00016323.,205,722,927
WBGene00016324.,87,158,245
WBGene00016325.,229,1534,1763
WBGene00016326.,161,1201,1362
WBGene00016327.,11,10,21
WBGene00016328.,78,152,230
WBGene00016329.,17,21,38
WBGene00016330.,225,671,896
WBGene00016331.,129,977,1106
WBGene00016332.,44,244,288
WBGene00016333.,476,3070,3546
WBGene00016334.,0,1,1
WBGene00016335.,79,195,274
WBGene00016336.,14,6,20
WBGene00016337.,0,2,2
WBGene00016338.,23,23,46
WBGene00016339.,4,3,7
WBGene00016340.,58,186,244
WBGene00016341.,26,567,593
WBGene00016343.,177,368,545
WBGene00016344.,74,106,180
WBGene00016345.,1,115,116
WBGene00016346.,4,28,32
WBGene00016347.,143,9,152
WBGene00016349.,11,51,62
WBGene00016350.,0,9,9
WBGene00016351.,2,3,5
WBGene00016352.,48,218,266
WBGene00016353.,2,59,61
WBGene00016354.,621,982,1603
WBGene00016355.,51,291,342
WBGene00016356.,9,23,32
WBGene00016357.,2,6,8
WBGene00016358.,3,3,6
WBGene00016359.,4,291,295
WBGene00016360.,40,150,190
WBGene00016361.,34,24,58
WBGene00016362.,151,8280,8431
WBGene00016363.,35,98,133
WBGene00016364.,60,121,181
WBGene00016365.,52,73,125
WBGene00016366.,19,79,98
WBGene00016367.,38,84,122
WBGene00016368.,35,94,129
WBGene00016369.,13,10,23
WBGene00016370.,3,11,14
WBGene00016371.,33,27,60
WBGene00016373.,21,63,84
WBGene00016374.,94,702,796
WBGene00016375.,4,300,304
WBGene00016376.,16,436,452
WBGene00016378.,131,968,1099
WBGene00016379.,96,1383,1479
WBGene00016380.,37,394,431
WBGene00016381.,73,250,323
WBGene00016382.,14,8,22
WBGene00016383.,53,512,565
WBGene00016384.,139,1548,1687
WBGene00016386.,91,23,114
WBGene00016387.,42,260,302
WBGene00016388.,10,2,12
WBGene00016389.,2,5,7
WBGene00016390.,30,366,396
WBGene00016391.,236,1367,1603
WBGene00016392.,15,285,300
WBGene00016393.,396,9292,9688
WBGene00016394.,99,82,181
WBGene00016395.,925,4429,5354
WBGene00016396.,203,251,454
WBGene00016397.,88,188,276
WBGene00016398.,2,8,10
WBGene00016399.,3,2,5
WBGene00016400.,100,636,736
WBGene00016402.,19,36,55
WBGene00016403.,205,498,703
WBGene00016404.,110,473,583
WBGene00016405.,152,3131,3283
WBGene00016406.,45,524,569
WBGene00016407.,650,1220,1870
WBGene00016408.,161,948,1109
WBGene00016409.,130,606,736
WBGene00016410.,18,36,54
WBGene00016411.,81,1116,1197
WBGene00016412.,43,1421,1464
WBGene00016413.,15,16,31
WBGene00016414.,1,4,5
WBGene00016415.,360,2339,2699
WBGene00016416.,8,71,79
WBGene00016417.,82,430,512
WBGene00016418.,174,308,482
WBGene00016419.,46,323,369
WBGene00016420.,3,10,13
WBGene00016421.,24,135,159
WBGene00016422.,24,1277,1301
WBGene00016423.,145,345,490
WBGene00016424.,33,110,143
WBGene00016425.,4,90,94
WBGene00016427.,121,124,245
WBGene00016428.,79,376,455
WBGene00016429.,11,36,47
WBGene00016430.,29,8,37
WBGene00016431.,104,187,291
WBGene00016432.,885,1182,2067
WBGene00016433.,0,1,1
WBGene00016434.,0,4,4
WBGene00016435.,302,2559,2861
WBGene00016436.,24,345,369
WBGene00016437.,97,3,100
WBGene00016438.,77,333,410
WBGene00016439.,109,1022,1131
WBGene00016440.,0,26,26
WBGene00016441.,10,12,22
WBGene00016442.,37,773,810
WBGene00016443.,83,503,586
WBGene00016444.,104,319,423
WBGene00016445.,21,74,95
WBGene00016446.,52,875,927
WBGene00016447.,0,3,3
WBGene00016448.,55,247,302
WBGene00016449.,26,1234,1260
WBGene00016450.,5,159,164
WBGene00016451.,8,14,22
WBGene00016452.,149,1085,1234
WBGene00016453.,12,130,142
WBGene00016454.,29,360,389
WBGene00016455.,8,15,23
WBGene00016456.,8,936,944
WBGene00016457.,10,100,110
WBGene00016458.,55,819,874
WBGene00016459.,7,1,8
WBGene00016460.,21,61,82
WBGene00016461.,41,86,127
WBGene00016462.,6,22,28
WBGene00016463.,29,678,707
WBGene00016464.,31,25,56
WBGene00016465.,5,29,34
WBGene00016466.,13,110,123
WBGene00016467.,53,200,253
WBGene00016468.,63,13,76
WBGene00016469.,64,643,707
WBGene00016470.,3,6,9
WBGene00016471.,18,21,39
WBGene00016472.,9,13,22
WBGene00016473.,0,5,5
WBGene00016474.,17,20,37
WBGene00016475.,2,5,7
WBGene00016476.,15,19,34
WBGene00016477.,9,10,19
WBGene00016478.,6,10,16
WBGene00016479.,24,7,31
WBGene00016480.,21,10,31
WBGene00016481.,16,7,23
WBGene00016483.,11,14,25
WBGene00016484.,4,6,10
WBGene00016485.,6,18,24
WBGene00016486.,10,24,34
WBGene00016487.,14,40,54
WBGene00016488.,90,63,153
WBGene00016489.,219,1117,1336
WBGene00016490.,74,474,548
WBGene00016491.,14,15,29
WBGene00016492.,27,113,140
WBGene00016493.,30110,97995,128105
WBGene00016494.,264,2013,2277
WBGene00016495.,21,503,524
WBGene00016496.,137,4459,4596
WBGene00016497.,10,5,15
WBGene00016499.,57,187,244
WBGene00016500.,18,566,584
WBGene00016501.,21,843,864
WBGene00016502.,9,117,126
WBGene00016503.,18,111,129
WBGene00016504.,16,794,810
WBGene00016505.,15,1122,1137
WBGene00016506.,43,339,382
WBGene00016507.,162,935,1097
WBGene00016508.,444,1838,2282
WBGene00016509.,251,7563,7814
WBGene00016511.,181,2669,2850
WBGene00016512.,30,6,36
WBGene00016513.,37,1015,1052
WBGene00016514.,83,107,190
WBGene00016516.,63,62,125
WBGene00016517.,19,43,62
WBGene00016518.,51,22,73
WBGene00016519.,20,8,28
WBGene00016520.,30,81,111
WBGene00016521.,9,32,41
WBGene00016522.,26,113,139
WBGene00016523.,39,19,58
WBGene00016524.,116,324,440
WBGene00016525.,28,27,55
WBGene00016526.,5,9,14
WBGene00016527.,26,18,44
WBGene00016528.,4,10,14
WBGene00016529.,0,15,15
WBGene00016530.,91,522,613
WBGene00016531.,218,894,1112
WBGene00016532.,46,207,253
WBGene00016533.,113,742,855
WBGene00016534.,48,38,86
WBGene00016535.,14,539,553
WBGene00016537.,0,3,3
WBGene00016538.,61,243,304
WBGene00016539.,369,718,1087
WBGene00016540.,196,189,385
WBGene00016541.,7,4,11
WBGene00016542.,94,269,363
WBGene00016543.,26,16,42
WBGene00016544.,17,67,84
WBGene00016545.,26,30,56
WBGene00016546.,35,44,79
WBGene00016547.,22,145,167
WBGene00016548.,11,23,34
WBGene00016549.,17,60,77
WBGene00016550.,25,4,29
WBGene00016551.,0,10,10
WBGene00016553.,45,140,185
WBGene00016554.,2,7,9
WBGene00016555.,11,62,73
WBGene00016556.,12,8,20
WBGene00016557.,8,10,18
WBGene00016558.,49,213,262
WBGene00016559.,93,132,225
WBGene00016561.,451,579,1030
WBGene00016562.,1491,3445,4936
WBGene00016564.,24,247,271
WBGene00016565.,0,12,12
WBGene00016566.,86,404,490
WBGene00016567.,8,143,151
WBGene00016568.,75,290,365
WBGene00016570.,58,224,282
WBGene00016572.,26,30,56
WBGene00016573.,12,383,395
WBGene00016574.,25,582,607
WBGene00016575.,13,278,291
WBGene00016576.,2,683,685
WBGene00016577.,6,5,11
WBGene00016578.,1,7,8
WBGene00016579.,53,127,180
WBGene00016580.,61,151,212
WBGene00016581.,2,4,6
WBGene00016582.,31,462,493
WBGene00016583.,20,875,895
WBGene00016585.,90,74,164
WBGene00016586.,4,107,111
WBGene00016587.,22,39,61
WBGene00016588.,0,89,89
WBGene00016589.,0,421,421
WBGene00016590.,86,378,464
WBGene00016591.,26,472,498
WBGene00016592.,41,225,266
WBGene00016594.,97,3181,3278
WBGene00016595.,18,50,68
WBGene00016596.,9,33,42
WBGene00016597.,5,4,9
WBGene00016598.,1,6,7
WBGene00016599.,75,148,223
WBGene00016600.,125,90,215
WBGene00016601.,248,1826,2074
WBGene00016602.,28,286,314
WBGene00016603.,287,1939,2226
WBGene00016605.,11,18,29
WBGene00016606.,162,757,919
WBGene00016607.,203,1720,1923
WBGene00016608.,57,330,387
WBGene00016609.,133,158,291
WBGene00016610.,85,731,816
WBGene00016611.,360,2455,2815
WBGene00016612.,5,11,16
WBGene00016613.,112,309,421
WBGene00016614.,93,295,388
WBGene00016616.,19,520,539
WBGene00016617.,43,245,288
WBGene00016619.,69,176,245
WBGene00016620.,76,337,413
WBGene00016621.,49,252,301
WBGene00016622.,38,695,733
WBGene00016623.,55,261,316
WBGene00016624.,201,715,916
WBGene00016625.,51,30,81
WBGene00016626.,99,891,990
WBGene00016627.,1,8,9
WBGene00016628.,96,284,380
WBGene00016629.,89,580,669
WBGene00016630.,583,22204,22787
WBGene00016631.,56,326,382
WBGene00016632.,50,147,197
WBGene00016633.,30,146,176
WBGene00016634.,267,1114,1381
WBGene00016635.,0,3880,3880
WBGene00016636.,13,7,20
WBGene00016637.,30,117,147
WBGene00016638.,10,14,24
WBGene00016639.,151,43,194
WBGene00016641.,35,620,655
WBGene00016642.,97,377,474
WBGene00016643.,104,490,594
WBGene00016644.,22,238,260
WBGene00016645.,28,634,662
WBGene00016646.,0,0,0
WBGene00016647.,0,0,0
WBGene00016648.,0,0,0
WBGene00016649.,0,0,0
WBGene00016650.,634,4602,5236
WBGene00016652.,76,250,326
WBGene00016653.,50,5158,5208
WBGene00016654.,187,246,433
WBGene00016655.,456,3570,4026
WBGene00016657.,36,116,152
WBGene00016658.,1,6,7
WBGene00016659.,27,471,498
WBGene00016660.,2,12,14
WBGene00016661.,158,533,691
WBGene00016662.,0,25,25
WBGene00016663.,119,331,450
WBGene00016664.,36,111,147
WBGene00016665.,13,35,48
WBGene00016666.,4,25,29
WBGene00016667.,78,283,361
WBGene00016668.,9,1,10
WBGene00016669.,4,6,10
WBGene00016670.,19,6,25
WBGene00016671.,31,146,177
WBGene00016673.,7,6,13
WBGene00016674.,35,301,336
WBGene00016675.,0,14,14
WBGene00016676.,28,343,371
WBGene00016677.,608,5979,6587
WBGene00016678.,186,525,711
WBGene00016679.,24,92,116
WBGene00016680.,4,5,9
WBGene00016681.,26,38,64
WBGene00016682.,78,121,199
WBGene00016683.,47,40,87
WBGene00016684.,36,793,829
WBGene00016685.,13,4,17
WBGene00016686.,5,12,17
WBGene00016687.,8,7,15
WBGene00016688.,22,20,42
WBGene00016689.,7,6,13
WBGene00016690.,3,7,10
WBGene00016691.,22,3,25
WBGene00016692.,6,2,8
WBGene00016693.,19,5,24
WBGene00016694.,0,6,6
WBGene00016695.,5,33,38
WBGene00016696.,20,23,43
WBGene00016697.,30,23,53
WBGene00016698.,27,19,46
WBGene00016699.,7,26,33
WBGene00016700.,83,38,121
WBGene00016701.,13,72,85
WBGene00016702.,87,343,430
WBGene00016703.,89,352,441
WBGene00016704.,85,336,421
WBGene00016705.,70,122,192
WBGene00016706.,350,2595,2945
WBGene00016707.,2,1,3
WBGene00016708.,0,5,5
WBGene00016709.,3,7,10
WBGene00016710.,36,290,326
WBGene00016711.,4,30,34
WBGene00016712.,2,1,3
WBGene00016713.,8,1,9
WBGene00016714.,21,43,64
WBGene00016716.,885,3497,4382
WBGene00016717.,33,58,91
WBGene00016718.,17,11,28
WBGene00016719.,5,24,29
WBGene00016720.,10,12,22
WBGene00016721.,219,1066,1285
WBGene00016722.,3090,5863,8953
WBGene00016724.,26,43,69
WBGene00016725.,289,177,466
WBGene00016727.,12,5,17
WBGene00016728.,31,89,120
WBGene00016729.,4,12,16
WBGene00016730.,21,52,73
WBGene00016731.,2,3,5
WBGene00016732.,6,12,18
WBGene00016733.,17,30,47
WBGene00016734.,61,806,867
WBGene00016735.,148,886,1034
WBGene00016737.,1,6,7
WBGene00016738.,2,291,293
WBGene00016739.,136,4738,4874
WBGene00016740.,24,411,435
WBGene00016741.,50,455,505
WBGene00016742.,5,10,15
WBGene00016743.,42,19,61
WBGene00016744.,119,222,341
WBGene00016745.,16,69,85
WBGene00016746.,586,5894,6480
WBGene00016747.,79,108,187
WBGene00016748.,61,94,155
WBGene00016749.,164,1432,1596
WBGene00016750.,48,536,584
WBGene00016751.,170,561,731
WBGene00016752.,0,8,8
WBGene00016753.,21,12,33
WBGene00016754.,322,1766,2088
WBGene00016755.,14,11,25
WBGene00016756.,28,33,61
WBGene00016757.,55,111,166
WBGene00016758.,48,108,156
WBGene00016759.,50,128,178
WBGene00016760.,19,155,174
WBGene00016761.,30,75,105
WBGene00016762.,34,333,367
WBGene00016763.,52,656,708
WBGene00016764.,110,393,503
WBGene00016765.,21,19,40
WBGene00016766.,6,282,288
WBGene00016767.,4,79,83
WBGene00016768.,89,208,297
WBGene00016769.,153,561,714
WBGene00016770.,5,2,7
WBGene00016772.,9,15,24
WBGene00016773.,38,15,53
WBGene00016775.,4,8,12
WBGene00016776.,8,5,13
WBGene00016777.,5,1,6
WBGene00016778.,21,7,28
WBGene00016779.,3,10,13
WBGene00016781.,34,9921,9955
WBGene00016782.,2,80,82
WBGene00016783.,13,48,61
WBGene00016785.,23,27,50
WBGene00016786.,6,9,15
WBGene00016788.,231,765,996
WBGene00016789.,4,8,12
WBGene00016790.,718,6755,7473
WBGene00016791.,36,306,342
WBGene00016792.,145,987,1132
WBGene00016793.,60,705,765
WBGene00016794.,114,630,744
WBGene00016795.,14,22,36
WBGene00016796.,73,200,273
WBGene00016797.,188,32,220
WBGene00016798.,3,9,12
WBGene00016799.,20,77,97
WBGene00016800.,27,87,114
WBGene00016801.,37,906,943
WBGene00016803.,20,751,771
WBGene00016804.,0,16,16
WBGene00016805.,13,23,36
WBGene00016806.,3,135,138
WBGene00016807.,8,0,8
WBGene00016808.,59,2262,2321
WBGene00016809.,43,411,454
WBGene00016810.,36,535,571
WBGene00016811.,112,389,501
WBGene00016812.,81,400,481
WBGene00016813.,15,7,22
WBGene00016815.,17,2,19
WBGene00016816.,134,277,411
WBGene00016817.,54,225,279
WBGene00016818.,16,22,38
WBGene00016820.,11,27,38
WBGene00016821.,7,7,14
WBGene00016822.,14,14,28
WBGene00016823.,17,5,22
WBGene00016824.,11,16,27
WBGene00016825.,6,8,14
WBGene00016826.,43,10,53
WBGene00016827.,40,7,47
WBGene00016828.,18,22,40
WBGene00016829.,16,8,24
WBGene00016830.,14,23,37
WBGene00016831.,39,13,52
WBGene00016832.,21,17,38
WBGene00016833.,8,8,16
WBGene00016834.,5,11,16
WBGene00016835.,43,123,166
WBGene00016836.,251,543,794
WBGene00016837.,73,1276,1349
WBGene00016838.,229,1737,1966
WBGene00016839.,7,9,16
WBGene00016840.,179,580,759
WBGene00016841.,134,648,782
WBGene00016842.,18,147,165
WBGene00016843.,10,8,18
WBGene00016844.,70,1749,1819
WBGene00016845.,0,1067,1067
WBGene00016846.,103,510,613
WBGene00016847.,19,23,42
WBGene00016848.,75,216,291
WBGene00016849.,35,165,200
WBGene00016850.,4,8,12
WBGene00016851.,10,22,32
WBGene00016852.,0,16,16
WBGene00016853.,4,15,19
WBGene00016854.,10,11,21
WBGene00016855.,10,55,65
WBGene00016856.,17,11,28
WBGene00016857.,2,10,12
WBGene00016858.,25,21,46
WBGene00016859.,15,28,43
WBGene00016860.,68,250,318
WBGene00016861.,14,17,31
WBGene00016862.,89,445,534
WBGene00016863.,17,17,34
WBGene00016864.,6,6,12
WBGene00016865.,16,73,89
WBGene00016866.,87,226,313
WBGene00016867.,95,558,653
WBGene00016868.,82,134,216
WBGene00016869.,11,112,123
WBGene00016870.,14,20,34
WBGene00016871.,229,657,886
WBGene00016872.,50,91,141
WBGene00016873.,13,50,63
WBGene00016874.,32,53,85
WBGene00016877.,197,119,316
WBGene00016879.,174,606,780
WBGene00016880.,1,17,18
WBGene00016881.,3,7,10
WBGene00016882.,2,1,3
WBGene00016883.,11,27,38
WBGene00016884.,6,17,23
WBGene00016885.,0,6,6
WBGene00016886.,0,6,6
WBGene00016888.,367,2066,2433
WBGene00016889.,231,1526,1757
WBGene00016890.,56,135,191
WBGene00016891.,3,7,10
WBGene00016892.,33,1090,1123
WBGene00016893.,9,37,46
WBGene00016894.,32,6346,6378
WBGene00016895.,0,0,0
WBGene00016896.,24,106,130
WBGene00016898.,1097,12094,13191
WBGene00016899.,20,51,71
WBGene00016900.,78,180,258
WBGene00016901.,0,13,13
WBGene00016902.,352,513,865
WBGene00016903.,132,375,507
WBGene00016905.,97,671,768
WBGene00016906.,93,315,408
WBGene00016907.,13,1835,1848
WBGene00016909.,79,73,152
WBGene00016911.,73,890,963
WBGene00016912.,7,79,86
WBGene00016913.,128,3523,3651
WBGene00016914.,19,64,83
WBGene00016915.,8,28,36
WBGene00016916.,43,785,828
WBGene00016917.,6,57,63
WBGene00016918.,1739,6006,7745
WBGene00016919.,329,1432,1761
WBGene00016920.,45,205,250
WBGene00016921.,19,16,35
WBGene00016922.,8,24,32
WBGene00016923.,112,1170,1282
WBGene00016924.,2,5,7
WBGene00016925.,19,13,32
WBGene00016926.,15,18,33
WBGene00016927.,15,17,32
WBGene00016928.,39,30,69
WBGene00016929.,10,16,26
WBGene00016930.,46,136,182
WBGene00016931.,42,25,67
WBGene00016932.,185,90,275
WBGene00016933.,35,24,59
WBGene00016934.,70,1452,1522
WBGene00016935.,83,227,310
WBGene00016937.,38,409,447
WBGene00016938.,66,57,123
WBGene00016939.,21,53,74
WBGene00016940.,0,2,2
WBGene00016941.,9,5,14
WBGene00016942.,33,71,104
WBGene00016943.,196,7392,7588
WBGene00016944.,36,448,484
WBGene00016945.,51,116,167
WBGene00016946.,3,13,16
WBGene00016947.,20,98,118
WBGene00016948.,9,10,19
WBGene00016949.,17,16,33
WBGene00016950.,6,3,9
WBGene00016951.,62,56,118
WBGene00016953.,39,7,46
WBGene00016954.,5,5,10
WBGene00016955.,108,350,458
WBGene00016956.,12,5,17
WBGene00016957.,416,505,921
WBGene00016958.,178,1211,1389
WBGene00016959.,16,18,34
WBGene00016960.,35,207,242
WBGene00016961.,153,3739,3892
WBGene00016962.,12,41,53
WBGene00016963.,9,13,22
WBGene00016964.,80,496,576
WBGene00016965.,56,199,255
WBGene00016966.,74,438,512
WBGene00016968.,119,573,692
WBGene00016970.,24,120,144
WBGene00016971.,52,321,373
WBGene00016972.,30,23,53
WBGene00016973.,26,27,53
WBGene00016974.,25,171,196
WBGene00016975.,166,494,660
WBGene00016976.,110,88,198
WBGene00016977.,1237,6587,7824
WBGene00016978.,44,535,579
WBGene00016979.,50,291,341
WBGene00016980.,2,6,8
WBGene00016981.,48,1956,2004
WBGene00016982.,24,84,108
WBGene00016983.,51,265,316
WBGene00016984.,242,112,354
WBGene00016985.,0,14,14
WBGene00016987.,82,6001,6083
WBGene00016988.,215,1615,1830
WBGene00016989.,98,735,833
WBGene00016990.,36,1147,1183
WBGene00016992.,34,234,268
WBGene00016993.,41,169,210
WBGene00016995.,51,286,337
WBGene00016996.,61,316,377
WBGene00016997.,30,1341,1371
WBGene00016998.,49,265,314
WBGene00016999.,33,42,75
WBGene00017000.,50,147,197
WBGene00017001.,23,61,84
WBGene00017002.,1,149,150
WBGene00017003.,24,330,354
WBGene00017004.,107,950,1057
WBGene00017005.,0,152,152
WBGene00017007.,107,213,320
WBGene00017009.,13,94,107
WBGene00017010.,41,226,267
WBGene00017011.,20,603,623
WBGene00017012.,149,379,528
WBGene00017013.,70,148,218
WBGene00017014.,30,217,247
WBGene00017015.,2,64,66
WBGene00017016.,294,2568,2862
WBGene00017017.,310,447,757
WBGene00017018.,16,65,81
WBGene00017019.,22,5,27
WBGene00017020.,31,39,70
WBGene00017021.,2,9,11
WBGene00017022.,5,42,47
WBGene00017023.,33,865,898
WBGene00017024.,10,31,41
WBGene00017025.,148,876,1024
WBGene00017026.,34,9,43
WBGene00017027.,34,82,116
WBGene00017028.,105,137,242
WBGene00017029.,0,5,5
WBGene00017031.,91,363,454
WBGene00017032.,11,60,71
WBGene00017033.,19,83,102
WBGene00017034.,36,21,57
WBGene00017035.,41,46,87
WBGene00017036.,34,206,240
WBGene00017037.,169,1002,1171
WBGene00017038.,258,181,439
WBGene00017039.,174,75,249
WBGene00017040.,81,242,323
WBGene00017041.,44,206,250
WBGene00017042.,92,346,438
WBGene00017044.,118,1745,1863
WBGene00017045.,205,1543,1748
WBGene00017046.,100,334,434
WBGene00017048.,46,133,179
WBGene00017050.,40,21,61
WBGene00017051.,17,65,82
WBGene00017052.,3,20,23
WBGene00017053.,51,628,679
WBGene00017054.,153,1235,1388
WBGene00017055.,4,1,5
WBGene00017056.,5,9,14
WBGene00017057.,1,0,1
WBGene00017058.,0,4,4
WBGene00017059.,0,7,7
WBGene00017060.,127,8917,9044
WBGene00017061.,45,22,67
WBGene00017062.,122,749,871
WBGene00017063.,111,115,226
WBGene00017064.,76,912,988
WBGene00017065.,959,11311,12270
WBGene00017066.,372,1317,1689
WBGene00017068.,13,33,46
WBGene00017069.,57,203,260
WBGene00017070.,83,1323,1406
WBGene00017071.,154,259,413
WBGene00017072.,31,54,85
WBGene00017073.,7,28,35
WBGene00017074.,37,262,299
WBGene00017075.,242,20747,20989
WBGene00017076.,192,1263,1455
WBGene00017077.,27,72,99
WBGene00017078.,29,78,107
WBGene00017079.,29,231,260
WBGene00017080.,382,467,849
WBGene00017082.,66,1105,1171
WBGene00017083.,51,55,106
WBGene00017084.,398,681,1079
WBGene00017085.,180,1990,2170
WBGene00017087.,51,170,221
WBGene00017088.,92,1391,1483
WBGene00017089.,10,106,116
WBGene00017090.,19,5,24
WBGene00017091.,14,17,31
WBGene00017092.,5,17,22
WBGene00017093.,4,13,17
WBGene00017094.,12,2,14
WBGene00017095.,11,12,23
WBGene00017096.,0,5,5
WBGene00017097.,39,3,42
WBGene00017098.,272,3349,3621
WBGene00017099.,0,4,4
WBGene00017100.,2,21,23
WBGene00017101.,62,181,243
WBGene00017102.,3,5,8
WBGene00017103.,7,24,31
WBGene00017104.,0,0,0
WBGene00017105.,0,6,6
WBGene00017106.,6,77,83
WBGene00017107.,12,59,71
WBGene00017108.,37,154,191
WBGene00017109.,48,8,56
WBGene00017110.,31,10,41
WBGene00017111.,84,39,123
WBGene00017112.,21,81,102
WBGene00017113.,14,18,32
WBGene00017114.,10,3,13
WBGene00017115.,22,11,33
WBGene00017116.,4,15,19
WBGene00017117.,13,23,36
WBGene00017118.,15,4,19
WBGene00017119.,362,4056,4418
WBGene00017120.,60,170,230
WBGene00017121.,3918,60026,63944
WBGene00017122.,40,28,68
WBGene00017123.,59,480,539
WBGene00017124.,52,98,150
WBGene00017125.,161,814,975
WBGene00017126.,47,315,362
WBGene00017127.,650,3174,3824
WBGene00017128.,289,1922,2211
WBGene00017129.,33,101,134
WBGene00017131.,5,40,45
WBGene00017132.,228,1002,1230
WBGene00017133.,36,116,152
WBGene00017134.,1,56,57
WBGene00017135.,1,58,59
WBGene00017136.,32,51,83
WBGene00017137.,18,468,486
WBGene00017138.,140,1162,1302
WBGene00017139.,26,48,74
WBGene00017140.,6,61,67
WBGene00017141.,0,21,21
WBGene00017142.,13,172,185
WBGene00017143.,5,57,62
WBGene00017144.,96,567,663
WBGene00017146.,26,40,66
WBGene00017147.,28,166,194
WBGene00017148.,3,16,19
WBGene00017149.,923,17696,18619
WBGene00017150.,6,147,153
WBGene00017151.,41,90,131
WBGene00017152.,3,4,7
WBGene00017153.,0,52,52
WBGene00017154.,78,1465,1543
WBGene00017156.,330,209,539
WBGene00017157.,179,224,403
WBGene00017158.,63,613,676
WBGene00017159.,305,1634,1939
WBGene00017160.,234,1783,2017
WBGene00017161.,128,740,868
WBGene00017162.,214,1369,1583
WBGene00017163.,215,1480,1695
WBGene00017164.,37,174,211
WBGene00017165.,304,502,806
WBGene00017166.,709,9770,10479
WBGene00017168.,0,25,25
WBGene00017169.,39,689,728
WBGene00017170.,58,8,66
WBGene00017172.,2,19,21
WBGene00017173.,41,9,50
WBGene00017174.,21,37,58
WBGene00017175.,17,9,26
WBGene00017176.,34,123,157
WBGene00017177.,12,12,24
WBGene00017178.,37,306,343
WBGene00017179.,5,7,12
WBGene00017180.,114,304,418
WBGene00017181.,10,6,16
WBGene00017182.,9,7,16
WBGene00017183.,9,4,13
WBGene00017184.,262,2225,2487
WBGene00017185.,0,0,0
WBGene00017186.,0,0,0
WBGene00017188.,0,0,0
WBGene00017189.,0,0,0
WBGene00017190.,0,19,19
WBGene00017191.,0,0,0
WBGene00017192.,0,0,0
WBGene00017193.,173,1578,1751
WBGene00017194.,59,93,152
WBGene00017195.,80,471,551
WBGene00017197.,54,672,726
WBGene00017198.,26,72,98
WBGene00017199.,3,27,30
WBGene00017200.,6,27,33
WBGene00017201.,127,1571,1698
WBGene00017202.,1,4,5
WBGene00017203.,9,4,13
WBGene00017204.,0,21,21
WBGene00017205.,2,12,14
WBGene00017207.,0,3,3
WBGene00017208.,2,4,6
WBGene00017209.,186,2,188
WBGene00017210.,337,2319,2656
WBGene00017211.,1,11,12
WBGene00017212.,2,2,4
WBGene00017213.,12,16,28
WBGene00017214.,18,19,37
WBGene00017215.,19,9,28
WBGene00017216.,10,53,63
WBGene00017217.,125,309,434
WBGene00017218.,17,19,36
WBGene00017219.,36,191,227
WBGene00017220.,90,1848,1938
WBGene00017221.,134,11,145
WBGene00017222.,5,7,12
WBGene00017223.,0,8,8
WBGene00017224.,2,1,3
WBGene00017225.,25,29,54
WBGene00017226.,46,90,136
WBGene00017227.,0,2,2
WBGene00017228.,19,16,35
WBGene00017229.,1,2,3
WBGene00017230.,33,19,52
WBGene00017231.,24,26,50
WBGene00017232.,11,17,28
WBGene00017233.,22,97,119
WBGene00017235.,52,81,133
WBGene00017236.,18,168,186
WBGene00017237.,64,366,430
WBGene00017238.,119,2254,2373
WBGene00017239.,121,483,604
WBGene00017240.,97,675,772
WBGene00017241.,266,922,1188
WBGene00017243.,27,26,53
WBGene00017244.,325,1826,2151
WBGene00017245.,133,1793,1926
WBGene00017246.,573,2167,2740
WBGene00017247.,311,1094,1405
WBGene00017248.,14,5,19
WBGene00017249.,1,11,12
WBGene00017250.,14,189,203
WBGene00017251.,3,17,20
WBGene00017252.,1,5,6
WBGene00017253.,3,11,14
WBGene00017254.,0,9,9
WBGene00017255.,44,75,119
WBGene00017257.,18,83,101
WBGene00017258.,9,30,39
WBGene00017259.,2,4,6
WBGene00017260.,62,222,284
WBGene00017261.,84,499,583
WBGene00017262.,89,475,564
WBGene00017263.,11,14,25
WBGene00017264.,3,9,12
WBGene00017265.,13,47,60
WBGene00017266.,183,839,1022
WBGene00017267.,0,0,0
WBGene00017268.,71,1070,1141
WBGene00017269.,123,293,416
WBGene00017270.,0,0,0
WBGene00017271.,14,18,32
WBGene00017272.,60,602,662
WBGene00017273.,104,379,483
WBGene00017274.,359,1353,1712
WBGene00017275.,152,845,997
WBGene00017277.,32,13,45
WBGene00017278.,31,33,64
WBGene00017279.,2,1,3
WBGene00017280.,572,876,1448
WBGene00017281.,26,24,50
WBGene00017282.,16,267,283
WBGene00017283.,185,1627,1812
WBGene00017284.,253,669,922
WBGene00017285.,39,788,827
WBGene00017286.,327,1515,1842
WBGene00017287.,5,65,70
WBGene00017288.,2,94,96
WBGene00017289.,10,729,739
WBGene00017290.,31,81,112
WBGene00017291.,57,309,366
WBGene00017292.,136,1154,1290
WBGene00017293.,17,416,433
WBGene00017294.,80,330,410
WBGene00017295.,68,36,104
WBGene00017296.,47,50,97
WBGene00017297.,212,5632,5844
WBGene00017298.,243,1212,1455
WBGene00017299.,113,392,505
WBGene00017300.,294,2064,2358
WBGene00017301.,185,8123,8308
WBGene00017302.,109,199,308
WBGene00017303.,506,3686,4192
WBGene00017304.,69,1317,1386
WBGene00017305.,4,13,17
WBGene00017306.,82,337,419
WBGene00017307.,15,77,92
WBGene00017308.,17,35,52
WBGene00017309.,78,19,97
WBGene00017310.,60,322,382
WBGene00017311.,40,1643,1683
WBGene00017312.,37,183,220
WBGene00017313.,155,848,1003
WBGene00017314.,113,540,653
WBGene00017315.,8,12,20
WBGene00017316.,100,263,363
WBGene00017317.,1499,6687,8186
WBGene00017319.,417,2259,2676
WBGene00017320.,53,93,146
WBGene00017321.,18,1123,1141
WBGene00017322.,38,96,134
WBGene00017323.,14,27,41
WBGene00017324.,0,12,12
WBGene00017325.,2,0,2
WBGene00017326.,37,204,241
WBGene00017327.,16,62,78
WBGene00017328.,23,405,428
WBGene00017329.,18,116,134
WBGene00017330.,25,23,48
WBGene00017331.,32,160,192
WBGene00017332.,186,711,897
WBGene00017333.,4,8,12
WBGene00017334.,17,39,56
WBGene00017335.,29,166,195
WBGene00017336.,51,228,279
WBGene00017338.,50,89,139
WBGene00017339.,87,212,299
WBGene00017340.,15,57,72
WBGene00017341.,22,11,33
WBGene00017342.,167,563,730
WBGene00017343.,28,6,34
WBGene00017344.,84,713,797
WBGene00017345.,19,9,28
WBGene00017347.,50,2913,2963
WBGene00017348.,4,564,568
WBGene00017349.,85,1573,1658
WBGene00017350.,151,834,985
WBGene00017351.,5,23,28
WBGene00017352.,58,118,176
WBGene00017353.,53,280,333
WBGene00017354.,37,16,53
WBGene00017355.,34,475,509
WBGene00017356.,262,1122,1384
WBGene00017357.,101,770,871
WBGene00017358.,28,238,266
WBGene00017359.,14,47,61
WBGene00017360.,252,1148,1400
WBGene00017361.,8,157,165
WBGene00017362.,245,2196,2441
WBGene00017363.,85,1433,1518
WBGene00017364.,1,46,47
WBGene00017365.,0,6,6
WBGene00017366.,2,23,25
WBGene00017367.,10,114,124
WBGene00017369.,39,610,649
WBGene00017370.,13,5,18
WBGene00017371.,18,25,43
WBGene00017372.,465,1289,1754
WBGene00017373.,161,882,1043
WBGene00017374.,661,4828,5489
WBGene00017375.,82,181,263
WBGene00017376.,752,6439,7191
WBGene00017378.,25,32,57
WBGene00017379.,277,2596,2873
WBGene00017380.,344,681,1025
WBGene00017381.,131,427,558
WBGene00017382.,8,14,22
WBGene00017383.,11,8,19
WBGene00017384.,38,15,53
WBGene00017385.,12,689,701
WBGene00017386.,0,91,91
WBGene00017387.,2,10,12
WBGene00017388.,2,14,16
WBGene00017389.,326,326,652
WBGene00017390.,37,588,625
WBGene00017391.,5,8,13
WBGene00017392.,12,9,21
WBGene00017393.,15,16,31
WBGene00017394.,144,415,559
WBGene00017395.,0,0,0
WBGene00017396.,28,16,44
WBGene00017397.,47,164,211
WBGene00017398.,38,143,181
WBGene00017399.,47,26,73
WBGene00017400.,108,159,267
WBGene00017401.,0,4,4
WBGene00017402.,7,3,10
WBGene00017403.,11,0,11
WBGene00017404.,6,8,14
WBGene00017405.,3,4,7
WBGene00017406.,2,3,5
WBGene00017407.,6,2,8
WBGene00017408.,1,6,7
WBGene00017410.,6,4,10
WBGene00017411.,20,106,126
WBGene00017412.,33,10,43
WBGene00017413.,27,17,44
WBGene00017414.,2,4,6
WBGene00017415.,17,13,30
WBGene00017416.,3,62,65
WBGene00017417.,26,106,132
WBGene00017418.,306,2240,2546
WBGene00017419.,146,1706,1852
WBGene00017420.,66,110,176
WBGene00017421.,193,266,459
WBGene00017422.,4,235,239
WBGene00017423.,337,3296,3633
WBGene00017424.,45,24,69
WBGene00017426.,408,3049,3457
WBGene00017427.,57,186,243
WBGene00017428.,396,3178,3574
WBGene00017429.,150,226,376
WBGene00017430.,207,1513,1720
WBGene00017431.,112,622,734
WBGene00017432.,30,69,99
WBGene00017433.,40,119,159
WBGene00017434.,41,296,337
WBGene00017435.,145,1052,1197
WBGene00017436.,14,93,107
WBGene00017437.,33,164,197
WBGene00017438.,18,35,53
WBGene00017439.,31,106,137
WBGene00017440.,1556,14725,16281
WBGene00017441.,41,100,141
WBGene00017442.,30,173,203
WBGene00017443.,17,122,139
WBGene00017444.,13,5,18
WBGene00017445.,146,947,1093
WBGene00017446.,7,10,17
WBGene00017447.,53,279,332
WBGene00017448.,83,559,642
WBGene00017449.,63,127,190
WBGene00017450.,8,56,64
WBGene00017451.,0,0,0
WBGene00017452.,151,30,181
WBGene00017453.,8,15,23
WBGene00017454.,10,10,20
WBGene00017455.,14,6,20
WBGene00017456.,32,24,56
WBGene00017459.,16,102,118
WBGene00017460.,5,72,77
WBGene00017461.,11,47,58
WBGene00017462.,8,142,150
WBGene00017463.,63,117,180
WBGene00017464.,48,119,167
WBGene00017465.,7,31,38
WBGene00017466.,33,48,81
WBGene00017467.,23,210,233
WBGene00017468.,20,31,51
WBGene00017469.,6,58,64
WBGene00017470.,11,10,21
WBGene00017471.,30,321,351
WBGene00017472.,132,951,1083
WBGene00017473.,4,53,57
WBGene00017474.,13,21,34
WBGene00017475.,3,7,10
WBGene00017476.,5,12,17
WBGene00017478.,126,521,647
WBGene00017480.,122,761,883
WBGene00017481.,6,50,56
WBGene00017482.,53,350,403
WBGene00017483.,12,29,41
WBGene00017484.,65,2257,2322
WBGene00017485.,43,584,627
WBGene00017486.,0,73,73
WBGene00017487.,58,144,202
WBGene00017488.,54,671,725
WBGene00017489.,69,67,136
WBGene00017490.,0,0,0
WBGene00017491.,0,2,2
WBGene00017492.,2,3,5
WBGene00017493.,21,13,34
WBGene00017494.,19,10,29
WBGene00017496.,1,1,2
WBGene00017497.,25,2,27
WBGene00017498.,14,330,344
WBGene00017499.,0,0,0
WBGene00017500.,0,0,0
WBGene00017501.,0,457,457
WBGene00017502.,0,72,72
WBGene00017503.,73,176,249
WBGene00017504.,48,47,95
WBGene00017505.,0,18,18
WBGene00017506.,146,1876,2022
WBGene00017507.,61,286,347
WBGene00017508.,17,139,156
WBGene00017509.,26,95,121
WBGene00017510.,84,172,256
WBGene00017511.,28,25,53
WBGene00017512.,37,254,291
WBGene00017513.,101,658,759
WBGene00017514.,72,573,645
WBGene00017515.,46,159,205
WBGene00017516.,3,7,10
WBGene00017517.,9,4,13
WBGene00017518.,39,1,40
WBGene00017519.,7,14,21
WBGene00017520.,12,8,20
WBGene00017521.,4,2,6
WBGene00017522.,1,1,2
WBGene00017523.,9,2,11
WBGene00017524.,12,18,30
WBGene00017525.,12,5,17
WBGene00017526.,8,3,11
WBGene00017527.,4,5,9
WBGene00017528.,8,9,17
WBGene00017529.,11,35,46
WBGene00017530.,110,176,286
WBGene00017532.,2,8,10
WBGene00017533.,14,43,57
WBGene00017534.,137,758,895
WBGene00017535.,37,136,173
WBGene00017536.,36,515,551
WBGene00017537.,16,137,153
WBGene00017538.,17,53,70
WBGene00017539.,0,4,4
WBGene00017540.,1,1,2
WBGene00017541.,12,5,17
WBGene00017542.,0,5,5
WBGene00017543.,21,28,49
WBGene00017544.,10,24,34
WBGene00017545.,27,84,111
WBGene00017546.,169,1869,2038
WBGene00017547.,56,317,373
WBGene00017548.,38,137,175
WBGene00017549.,73,277,350
WBGene00017550.,18,5,23
WBGene00017551.,0,8,8
WBGene00017552.,19,4,23
WBGene00017553.,50,17,67
WBGene00017554.,31,14,45
WBGene00017555.,32,9,41
WBGene00017556.,13,15,28
WBGene00017557.,60,479,539
WBGene00017559.,19,4,23
WBGene00017560.,4,7,11
WBGene00017562.,18,13,31
WBGene00017563.,76,99,175
WBGene00017564.,9,13,22
WBGene00017565.,2567,2811,5378
WBGene00017566.,6,8,14
WBGene00017567.,0,1141,1141
WBGene00017568.,43,340,383
WBGene00017569.,78,372,450
WBGene00017570.,114,153,267
WBGene00017571.,40,807,847
WBGene00017573.,21,14,35
WBGene00017574.,25,137,162
WBGene00017576.,284,114,398
WBGene00017577.,27,9,36
WBGene00017578.,91,46,137
WBGene00017579.,22,30,52
WBGene00017580.,145,133,278
WBGene00017581.,10,20,30
WBGene00017582.,72,708,780
WBGene00017583.,64,524,588
WBGene00017584.,2,23,25
WBGene00017585.,7,1,8
WBGene00017586.,33,32,65
WBGene00017587.,9,5,14
WBGene00017588.,4,2,6
WBGene00017589.,21,77,98
WBGene00017590.,20,7,27
WBGene00017591.,275,2683,2958
WBGene00017592.,15,30,45
WBGene00017593.,14,24,38
WBGene00017594.,22,35,57
WBGene00017597.,497,432,929
WBGene00017598.,0,10,10
WBGene00017599.,3,321,324
WBGene00017600.,177,1057,1234
WBGene00017601.,14,8,22
WBGene00017602.,5,5,10
WBGene00017603.,65,0,65
WBGene00017605.,823,4784,5607
WBGene00017606.,30,363,393
WBGene00017607.,70,406,476
WBGene00017608.,193,496,689
WBGene00017609.,0,3,3
WBGene00017610.,7,4,11
WBGene00017611.,17,46,63
WBGene00017612.,0,1,1
WBGene00017613.,1502,23753,25255
WBGene00017614.,31,42,73
WBGene00017615.,20,27,47
WBGene00017616.,40,134,174
WBGene00017618.,269,278,547
WBGene00017619.,6,5,11
WBGene00017620.,105,486,591
WBGene00017621.,114,1680,1794
WBGene00017625.,137,35,172
WBGene00017627.,2,8,10
WBGene00017628.,173,227,400
WBGene00017629.,4,8,12
WBGene00017630.,3,1,4
WBGene00017631.,0,2,2
WBGene00017632.,53,33,86
WBGene00017633.,21,13,34
WBGene00017634.,8,14,22
WBGene00017635.,110,67,177
WBGene00017636.,9,7,16
WBGene00017637.,62,399,461
WBGene00017638.,0,4,4
WBGene00017639.,247,636,883
WBGene00017640.,118,563,681
WBGene00017641.,5,38,43
WBGene00017642.,170,1244,1414
WBGene00017643.,88,799,887
WBGene00017644.,462,1562,2024
WBGene00017645.,20,35,55
WBGene00017646.,92,311,403
WBGene00017647.,59,57,116
WBGene00017648.,7,26,33
WBGene00017650.,9,102,111
WBGene00017651.,53,62,115
WBGene00017652.,9,16,25
WBGene00017653.,204,1671,1875
WBGene00017654.,17,39,56
WBGene00017655.,0,1,1
WBGene00017656.,14,34,48
WBGene00017657.,585,3708,4293
WBGene00017658.,8,238,246
WBGene00017659.,80,1615,1695
WBGene00017660.,42,80,122
WBGene00017661.,21,187,208
WBGene00017662.,25,5,30
WBGene00017663.,246,1966,2212
WBGene00017664.,40,47,87
WBGene00017666.,51,38,89
WBGene00017667.,71,302,373
WBGene00017668.,5,8,13
WBGene00017670.,93,4,97
WBGene00017671.,288,6615,6903
WBGene00017672.,3,2,5
WBGene00017673.,5,43,48
WBGene00017674.,17,96,113
WBGene00017675.,252,3475,3727
WBGene00017676.,98,811,909
WBGene00017677.,3,4,7
WBGene00017678.,40,194,234
WBGene00017679.,2,4,6
WBGene00017680.,3,3,6
WBGene00017681.,27,217,244
WBGene00017683.,50,450,500
WBGene00017684.,2,15,17
WBGene00017685.,3,20,23
WBGene00017686.,97,1013,1110
WBGene00017687.,27,187,214
WBGene00017688.,71,743,814
WBGene00017690.,228,186,414
WBGene00017691.,981,7186,8167
WBGene00017692.,26,84,110
WBGene00017693.,11,7,18
WBGene00017694.,8,17,25
WBGene00017695.,20,12,32
WBGene00017696.,38,655,693
WBGene00017698.,261,2262,2523
WBGene00017699.,1031,2602,3633
WBGene00017700.,29,86,115
WBGene00017701.,1,7,8
WBGene00017702.,56,308,364
WBGene00017703.,56,46,102
WBGene00017704.,0,4,4
WBGene00017705.,4,9,13
WBGene00017706.,6,27,33
WBGene00017707.,5,4,9
WBGene00017708.,19,130,149
WBGene00017709.,2,14,16
WBGene00017710.,34,86,120
WBGene00017711.,29,409,438
WBGene00017712.,0,17,17
WBGene00017713.,1,1,2
WBGene00017714.,9,101,110
WBGene00017715.,31,170,201
WBGene00017716.,24,23,47
WBGene00017717.,21,104,125
WBGene00017718.,4,69,73
WBGene00017719.,426,3115,3541
WBGene00017720.,113,122,235
WBGene00017721.,31,49,80
WBGene00017722.,14,13,27
WBGene00017723.,83,37,120
WBGene00017724.,263,737,1000
WBGene00017725.,3,7,10
WBGene00017726.,0,1524,1524
WBGene00017727.,0,6726,6726
WBGene00017729.,34,12,46
WBGene00017730.,17,70,87
WBGene00017731.,5,45,50
WBGene00017732.,84,300,384
WBGene00017733.,146,656,802
WBGene00017734.,152,7582,7734
WBGene00017735.,405,3185,3590
WBGene00017736.,9,44,53
WBGene00017737.,22,10,32
WBGene00017738.,63,391,454
WBGene00017739.,19,11,30
WBGene00017741.,147,599,746
WBGene00017742.,103,474,577
WBGene00017743.,6,10,16
WBGene00017744.,46,288,334
WBGene00017745.,100,645,745
WBGene00017746.,206,615,821
WBGene00017747.,19,104,123
WBGene00017748.,82,967,1049
WBGene00017749.,78,669,747
WBGene00017750.,55,172,227
WBGene00017751.,89,101,190
WBGene00017752.,2,16,18
WBGene00017754.,74,170,244
WBGene00017755.,49,1111,1160
WBGene00017756.,192,1586,1778
WBGene00017757.,48,1093,1141
WBGene00017758.,77,366,443
WBGene00017759.,10,1340,1350
WBGene00017760.,92,1144,1236
WBGene00017761.,213,106,319
WBGene00017762.,219,231,450
WBGene00017763.,179,922,1101
WBGene00017764.,9,29,38
WBGene00017765.,161,2157,2318
WBGene00017766.,161,429,590
WBGene00017767.,45,270,315
WBGene00017768.,113,1040,1153
WBGene00017769.,88,896,984
WBGene00017770.,101,945,1046
WBGene00017771.,59,216,275
WBGene00017772.,371,3201,3572
WBGene00017773.,128,1114,1242
WBGene00017774.,34,313,347
WBGene00017775.,186,1995,2181
WBGene00017776.,62,590,652
WBGene00017777.,20,1998,2018
WBGene00017778.,192,1198,1390
WBGene00017779.,94,221,315
WBGene00017780.,71,132,203
WBGene00017781.,222,845,1067
WBGene00017782.,60,342,402
WBGene00017783.,20,52,72
WBGene00017784.,2,5,7
WBGene00017785.,3,41,44
WBGene00017786.,41,100,141
WBGene00017787.,2,80,82
WBGene00017788.,4,24,28
WBGene00017789.,88,1279,1367
WBGene00017790.,3,51,54
WBGene00017791.,0,18,18
WBGene00017792.,23,161,184
WBGene00017794.,93,52,145
WBGene00017795.,259,428,687
WBGene00017796.,0,94,94
WBGene00017797.,213,998,1211
WBGene00017798.,59,191,250
WBGene00017799.,30,883,913
WBGene00017800.,56,598,654
WBGene00017801.,103,614,717
WBGene00017802.,9,12,21
WBGene00017803.,16,35,51
WBGene00017805.,57,54,111
WBGene00017806.,15,73,88
WBGene00017807.,45,20,65
WBGene00017808.,0,22,22
WBGene00017809.,12,8,20
WBGene00017810.,1,5,6
WBGene00017811.,117,1017,1134
WBGene00017813.,22,621,643
WBGene00017814.,154,68,222
WBGene00017815.,121,483,604
WBGene00017816.,29,862,891
WBGene00017817.,9,6,15
WBGene00017818.,248,377,625
WBGene00017819.,22,8,30
WBGene00017821.,9,34,43
WBGene00017822.,5,10,15
WBGene00017823.,8,104,112
WBGene00017824.,24,9,33
WBGene00017825.,46,526,572
WBGene00017826.,85,513,598
WBGene00017827.,49,222,271
WBGene00017828.,43,540,583
WBGene00017829.,299,661,960
WBGene00017830.,38,2100,2138
WBGene00017831.,54,233,287
WBGene00017832.,42,333,375
WBGene00017833.,72,222,294
WBGene00017834.,408,4699,5107
WBGene00017835.,22,45,67
WBGene00017836.,45,194,239
WBGene00017837.,72,483,555
WBGene00017838.,274,1479,1753
WBGene00017839.,0,1,1
WBGene00017840.,56,147,203
WBGene00017841.,7,35,42
WBGene00017842.,122,205,327
WBGene00017843.,2,9,11
WBGene00017845.,5,10,15
WBGene00017848.,2,23,25
WBGene00017849.,38,154,192
WBGene00017850.,249,1109,1358
WBGene00017851.,1,3,4
WBGene00017852.,122,2522,2644
WBGene00017853.,15,9,24
WBGene00017854.,0,60,60
WBGene00017855.,481,1703,2184
WBGene00017858.,118,145,263
WBGene00017860.,49,15,64
WBGene00017861.,59,178,237
WBGene00017864.,355,10077,10432
WBGene00017865.,59,136,195
WBGene00017866.,469,1246,1715
WBGene00017867.,8,11,19
WBGene00017868.,38,65,103
WBGene00017869.,12,5,17
WBGene00017870.,8,2,10
WBGene00017871.,5,10,15
WBGene00017872.,4,10,14
WBGene00017873.,2,13,15
WBGene00017874.,360,3458,3818
WBGene00017875.,3,26,29
WBGene00017876.,0,8,8
WBGene00017877.,10,9,19
WBGene00017878.,2,0,2
WBGene00017879.,59,130,189
WBGene00017880.,39,271,310
WBGene00017881.,24,93,117
WBGene00017885.,281,1158,1439
WBGene00017886.,27,137,164
WBGene00017887.,64,755,819
WBGene00017888.,105,500,605
WBGene00017889.,145,1944,2089
WBGene00017890.,3,5,8
WBGene00017891.,164,351,515
WBGene00017892.,369,2166,2535
WBGene00017893.,24,111,135
WBGene00017894.,174,717,891
WBGene00017895.,47,721,768
WBGene00017896.,3,23,26
WBGene00017898.,100,183,283
WBGene00017899.,32,6,38
WBGene00017900.,424,1585,2009
WBGene00017901.,128,832,960
WBGene00017902.,7,4,11
WBGene00017904.,391,637,1028
WBGene00017905.,31,241,272
WBGene00017906.,45,62,107
WBGene00017907.,231,437,668
WBGene00017908.,0,12,12
WBGene00017909.,40,24,64
WBGene00017910.,6,35,41
WBGene00017911.,6,9,15
WBGene00017912.,35,2,37
WBGene00017913.,0,1,1
WBGene00017914.,53,383,436
WBGene00017916.,139,524,663
WBGene00017917.,4,7,11
WBGene00017918.,3,6,9
WBGene00017919.,35,246,281
WBGene00017920.,164,1777,1941
WBGene00017921.,77,1136,1213
WBGene00017922.,10,6,16
WBGene00017923.,40,880,920
WBGene00017924.,106,885,991
WBGene00017925.,2576,22492,25068
WBGene00017926.,2234,34742,36976
WBGene00017927.,0,4,4
WBGene00017928.,40,672,712
WBGene00017929.,1545,1029,2574
WBGene00017930.,1,50,51
WBGene00017931.,115,394,509
WBGene00017933.,8,8,16
WBGene00017934.,100,386,486
WBGene00017935.,1,4,5
WBGene00017936.,123,235,358
WBGene00017937.,18,43,61
WBGene00017938.,9,163,172
WBGene00017939.,99,159,258
WBGene00017941.,35,72,107
WBGene00017942.,6,3,9
WBGene00017944.,19,6,25
WBGene00017945.,36,58,94
WBGene00017947.,41,155,196
WBGene00017948.,54,218,272
WBGene00017949.,20,57,77
WBGene00017950.,83,560,643
WBGene00017951.,49,481,530
WBGene00017952.,431,895,1326
WBGene00017954.,22,367,389
WBGene00017955.,11,6,17
WBGene00017956.,8,1,9
WBGene00017957.,18,68,86
WBGene00017959.,24,51,75
WBGene00017960.,35,63,98
WBGene00017961.,23,101,124
WBGene00017962.,31,45,76
WBGene00017963.,19,28,47
WBGene00017964.,5,1044,1049
WBGene00017965.,37,62,99
WBGene00017967.,141,1080,1221
WBGene00017968.,113,549,662
WBGene00017969.,67,762,829
WBGene00017970.,186,4745,4931
WBGene00017971.,76,68,144
WBGene00017973.,319,477,796
WBGene00017974.,41,198,239
WBGene00017975.,6,11,17
WBGene00017976.,115,458,573
WBGene00017977.,3,21,24
WBGene00017978.,0,13,13
WBGene00017979.,132,2875,3007
WBGene00017980.,259,1460,1719
WBGene00017981.,95,446,541
WBGene00017982.,1367,9463,10830
WBGene00017983.,189,255,444
WBGene00017984.,66,11878,11944
WBGene00017985.,26,317,343
WBGene00017986.,9,74,83
WBGene00017987.,13,5,18
WBGene00017988.,13,1419,1432
WBGene00017989.,53,768,821
WBGene00017990.,78,711,789
WBGene00017991.,49,113,162
WBGene00017992.,121,248,369
WBGene00017993.,183,4468,4651
WBGene00017995.,488,1887,2375
WBGene00017996.,75,757,832
WBGene00017997.,460,2161,2621
WBGene00017998.,41,57,98
WBGene00017999.,47,16,63
WBGene00018000.,10,11,21
WBGene00018001.,12,4,16
WBGene00018002.,50,77,127
WBGene00018003.,20,8,28
WBGene00018004.,26,16,42
WBGene00018005.,125,486,611
WBGene00018006.,77,361,438
WBGene00018007.,20,866,886
WBGene00018008.,62,1588,1650
WBGene00018009.,63,452,515
WBGene00018010.,21,71,92
WBGene00018011.,43,357,400
WBGene00018013.,133,476,609
WBGene00018014.,79,128,207
WBGene00018015.,30,202,232
WBGene00018016.,52,142,194
WBGene00018017.,38,1101,1139
WBGene00018018.,65,1044,1109
WBGene00018019.,0,0,0
WBGene00018021.,6,14,20
WBGene00018022.,24,40,64
WBGene00018023.,51,136,187
WBGene00018024.,209,4306,4515
WBGene00018025.,94,1167,1261
WBGene00018026.,63,37,100
WBGene00018027.,22,20,42
WBGene00018030.,19,11,30
WBGene00018031.,2,22,24
WBGene00018033.,1134,2142,3276
WBGene00018034.,30,4,34
WBGene00018035.,16,42,58
WBGene00018036.,31,136,167
WBGene00018037.,74,118,192
WBGene00018038.,33,0,33
WBGene00018039.,23,11,34
WBGene00018040.,6,42,48
WBGene00018041.,34,58,92
WBGene00018042.,25,140,165
WBGene00018043.,58,228,286
WBGene00018044.,23,180,203
WBGene00018045.,3,821,824
WBGene00018046.,92,2575,2667
WBGene00018047.,2,25,27
WBGene00018048.,9,5,14
WBGene00018049.,4,3,7
WBGene00018050.,24,54,78
WBGene00018051.,246,785,1031
WBGene00018052.,42,117,159
WBGene00018053.,8,5,13
WBGene00018054.,45,12,57
WBGene00018055.,6,29,35
WBGene00018056.,15,11,26
WBGene00018057.,15,11,26
WBGene00018058.,17,6,23
WBGene00018059.,51,15,66
WBGene00018060.,35,477,512
WBGene00018061.,44,229,273
WBGene00018062.,8,4,12
WBGene00018063.,2,2,4
WBGene00018064.,167,918,1085
WBGene00018065.,7,15,22
WBGene00018066.,0,12,12
WBGene00018067.,61,135,196
WBGene00018068.,8,594,602
WBGene00018069.,98,361,459
WBGene00018070.,31,136,167
WBGene00018071.,29,311,340
WBGene00018072.,68,267,335
WBGene00018073.,31,440,471
WBGene00018074.,100,388,488
WBGene00018075.,241,607,848
WBGene00018076.,61,164,225
WBGene00018077.,10,99,109
WBGene00018078.,26,368,394
WBGene00018080.,3,3,6
WBGene00018081.,3,7,10
WBGene00018082.,4,6,10
WBGene00018083.,2,3,5
WBGene00018084.,22,18,40
WBGene00018085.,1,106,107
WBGene00018087.,48,56,104
WBGene00018088.,118,277,395
WBGene00018089.,263,248,511
WBGene00018090.,126,985,1111
WBGene00018091.,6,11,17
WBGene00018092.,24,16,40
WBGene00018093.,22,10,32
WBGene00018094.,45,11,56
WBGene00018096.,5,5,10
WBGene00018097.,11,3,14
WBGene00018098.,2,3,5
WBGene00018099.,3,38,41
WBGene00018100.,17,55,72
WBGene00018101.,29,64,93
WBGene00018102.,14,5,19
WBGene00018103.,0,9,9
WBGene00018104.,1,32,33
WBGene00018105.,3,12,15
WBGene00018106.,0,0,0
WBGene00018107.,0,0,0
WBGene00018108.,0,0,0
WBGene00018109.,1,1,2
WBGene00018110.,36,7,43
WBGene00018111.,53,21,74
WBGene00018112.,44,172,216
WBGene00018113.,35,30,65
WBGene00018114.,74,29,103
WBGene00018115.,59,283,342
WBGene00018117.,51,1355,1406
WBGene00018118.,14,62,76
WBGene00018119.,33,72,105
WBGene00018120.,5,0,5
WBGene00018121.,6,27,33
WBGene00018122.,0,0,0
WBGene00018123.,0,1,1
WBGene00018124.,0,0,0
WBGene00018125.,0,1,1
WBGene00018127.,8,6,14
WBGene00018130.,103,10,113
WBGene00018131.,159,852,1011
WBGene00018132.,186,1438,1624
WBGene00018133.,13,44,57
WBGene00018134.,24,26,50
WBGene00018135.,3,18,21
WBGene00018136.,9,144,153
WBGene00018137.,16,170,186
WBGene00018138.,178,1254,1432
WBGene00018139.,21,14,35
WBGene00018140.,40,185,225
WBGene00018141.,13,6,19
WBGene00018142.,16,43,59
WBGene00018143.,23,16,39
WBGene00018144.,128,553,681
WBGene00018145.,458,4027,4485
WBGene00018146.,26,192,218
WBGene00018148.,43,12,55
WBGene00018149.,214,559,773
WBGene00018150.,55,429,484
WBGene00018151.,683,3309,3992
WBGene00018152.,44,1412,1456
WBGene00018153.,14,134,148
WBGene00018154.,157,1166,1323
WBGene00018155.,7,16,23
WBGene00018156.,210,1312,1522
WBGene00018157.,49,40,89
WBGene00018158.,8,3,11
WBGene00018159.,543,1990,2533
WBGene00018160.,46,585,631
WBGene00018161.,64,1065,1129
WBGene00018162.,2,4,6
WBGene00018163.,4,2,6
WBGene00018164.,3,1470,1473
WBGene00018165.,9,8,17
WBGene00018166.,32,222,254
WBGene00018167.,11,135,146
WBGene00018168.,73,12,85
WBGene00018169.,0,2,2
WBGene00018170.,8,208,216
WBGene00018172.,30,16,46
WBGene00018173.,64,103,167
WBGene00018174.,48,79,127
WBGene00018175.,160,251,411
WBGene00018176.,38,9,47
WBGene00018178.,20,5,25
WBGene00018179.,27,23,50
WBGene00018180.,47,36,83
WBGene00018181.,43,943,986
WBGene00018182.,10,16,26
WBGene00018184.,17,137,154
WBGene00018186.,0,34,34
WBGene00018187.,1450,4185,5635
WBGene00018188.,284,888,1172
WBGene00018189.,71,31,102
WBGene00018190.,16,6,22
WBGene00018191.,247,118,365
WBGene00018192.,0,0,0
WBGene00018193.,137,1928,2065
WBGene00018194.,9,325,334
WBGene00018195.,11,53,64
WBGene00018196.,50,14,64
WBGene00018198.,140,111,251
WBGene00018199.,29,420,449
WBGene00018200.,7,37,44
WBGene00018201.,2,41,43
WBGene00018202.,3,10,13
WBGene00018203.,1,10,11
WBGene00018204.,48,273,321
WBGene00018205.,10,2,12
WBGene00018206.,25,227,252
WBGene00018207.,23,23,46
WBGene00018208.,38,1073,1111
WBGene00018209.,31,12,43
WBGene00018210.,6,202,208
WBGene00018211.,62,25,87
WBGene00018212.,46,175,221
WBGene00018213.,28,76,104
WBGene00018214.,326,2214,2540
WBGene00018215.,58,165,223
WBGene00018216.,272,429,701
WBGene00018217.,393,806,1199
WBGene00018218.,44,2531,2575
WBGene00018219.,82,426,508
WBGene00018221.,915,6496,7411
WBGene00018222.,54,135,189
WBGene00018223.,7,34,41
WBGene00018224.,31,9,40
WBGene00018225.,18,13,31
WBGene00018226.,74,424,498
WBGene00018227.,24,25,49
WBGene00018228.,0,4,4
WBGene00018229.,0,136,136
WBGene00018230.,15,656,671
WBGene00018231.,3,14,17
WBGene00018232.,231,35,266
WBGene00018233.,0,3,3
WBGene00018234.,4,5,9
WBGene00018235.,20,32,52
WBGene00018236.,2,11,13
WBGene00018237.,301,2051,2352
WBGene00018238.,113,762,875
WBGene00018239.,65,345,410
WBGene00018240.,259,1346,1605
WBGene00018241.,21,58,79
WBGene00018242.,6,7,13
WBGene00018243.,1,4,5
WBGene00018244.,4,2,6
WBGene00018245.,5,16,21
WBGene00018246.,1,1,2
WBGene00018247.,19,5,24
WBGene00018248.,9,3,12
WBGene00018249.,178,2300,2478
WBGene00018250.,62,452,514
WBGene00018251.,30,197,227
WBGene00018252.,17,150,167
WBGene00018253.,19,44,63
WBGene00018254.,8,20,28
WBGene00018255.,87,43,130
WBGene00018256.,33,21,54
WBGene00018257.,187,1881,2068
WBGene00018258.,129,614,743
WBGene00018259.,101,629,730
WBGene00018260.,37,188,225
WBGene00018261.,27,100,127
WBGene00018262.,12,59,71
WBGene00018264.,3,46,49
WBGene00018265.,139,434,573
WBGene00018266.,29,496,525
WBGene00018267.,10,19,29
WBGene00018268.,20,484,504
WBGene00018269.,98,529,627
WBGene00018270.,38,867,905
WBGene00018271.,511,58131,58642
WBGene00018273.,292,307,599
WBGene00018274.,104,331,435
WBGene00018275.,65,122,187
WBGene00018278.,2,2,4
WBGene00018279.,1,15,16
WBGene00018280.,27,40,67
WBGene00018281.,60,294,354
WBGene00018282.,83,309,392
WBGene00018283.,38,40,78
WBGene00018284.,5,8,13
WBGene00018285.,665,3247,3912
WBGene00018286.,38,144,182
WBGene00018288.,25,363,388
WBGene00018289.,21,7,28
WBGene00018290.,132,3059,3191
WBGene00018291.,4,9,13
WBGene00018292.,11,4,15
WBGene00018293.,56,172,228
WBGene00018294.,57,2069,2126
WBGene00018295.,26,48,74
WBGene00018296.,0,20,20
WBGene00018297.,0,83,83
WBGene00018298.,416,5044,5460
WBGene00018300.,53,113,166
WBGene00018301.,21,17,38
WBGene00018302.,12,144,156
WBGene00018303.,350,2520,2870
WBGene00018304.,284,612,896
WBGene00018305.,184,1015,1199
WBGene00018307.,48,106,154
WBGene00018309.,1,25,26
WBGene00018310.,3,93,96
WBGene00018311.,66,467,533
WBGene00018312.,21,9,30
WBGene00018313.,29,23,52
WBGene00018314.,5,18,23
WBGene00018315.,63,40,103
WBGene00018316.,52,749,801
WBGene00018317.,101,1156,1257
WBGene00018318.,1,200,201
WBGene00018319.,411,998,1409
WBGene00018321.,13,202,215
WBGene00018322.,0,5,5
WBGene00018323.,38,6,44
WBGene00018324.,0,3,3
WBGene00018325.,39,10,49
WBGene00018326.,4,22,26
WBGene00018327.,6,16,22
WBGene00018328.,173,457,630
WBGene00018329.,12,1,13
WBGene00018330.,81,489,570
WBGene00018332.,10,14,24
WBGene00018333.,1,55,56
WBGene00018334.,49,223,272
WBGene00018335.,137,487,624
WBGene00018336.,2,2,4
WBGene00018337.,96,320,416
WBGene00018338.,1,65,66
WBGene00018339.,40,2439,2479
WBGene00018340.,96,2412,2508
WBGene00018341.,322,2562,2884
WBGene00018342.,201,807,1008
WBGene00018343.,22,473,495
WBGene00018344.,93,219,312
WBGene00018345.,49,22,71
WBGene00018346.,43,149,192
WBGene00018347.,24,22,46
WBGene00018348.,60,258,318
WBGene00018349.,134,2237,2371
WBGene00018350.,81,479,560
WBGene00018351.,35,69,104
WBGene00018352.,7,12,19
WBGene00018353.,39,30,69
WBGene00018354.,35,21,56
WBGene00018355.,69,86,155
WBGene00018356.,125,865,990
WBGene00018357.,49,467,516
WBGene00018358.,6,78,84
WBGene00018359.,39,11,50
WBGene00018360.,22,7,29
WBGene00018361.,1724,8442,10166
WBGene00018362.,19,2763,2782
WBGene00018363.,96,1051,1147
WBGene00018364.,95,139,234
WBGene00018365.,13,122,135
WBGene00018366.,62,382,444
WBGene00018367.,136,742,878
WBGene00018369.,146,505,651
WBGene00018370.,175,814,989
WBGene00018371.,33,387,420
WBGene00018373.,354,999,1353
WBGene00018374.,140,274,414
WBGene00018375.,36,72,108
WBGene00018376.,573,4087,4660
WBGene00018377.,48,11,59
WBGene00018378.,17,10,27
WBGene00018379.,14,15,29
WBGene00018380.,6,21,27
WBGene00018381.,92,5,97
WBGene00018382.,12,3,15
WBGene00018383.,11,78,89
WBGene00018384.,11,22,33
WBGene00018385.,11,11,22
WBGene00018386.,38,163,201
WBGene00018387.,13,42,55
WBGene00018388.,444,5,449
WBGene00018389.,13,12,25
WBGene00018390.,20,315,335
WBGene00018391.,59,1506,1565
WBGene00018392.,102,381,483
WBGene00018393.,4,1438,1442
WBGene00018394.,18,26,44
WBGene00018395.,133,6969,7102
WBGene00018397.,9,13,22
WBGene00018398.,128,652,780
WBGene00018399.,39,335,374
WBGene00018400.,81,368,449
WBGene00018402.,39,257,296
WBGene00018403.,131,72,203
WBGene00018404.,22,15,37
WBGene00018405.,494,1923,2417
WBGene00018406.,24,8,32
WBGene00018407.,597,3018,3615
WBGene00018408.,167,526,693
WBGene00018409.,43,910,953
WBGene00018410.,8,7,15
WBGene00018411.,33,25,58
WBGene00018412.,44,31,75
WBGene00018413.,20,117,137
WBGene00018414.,34,31,65
WBGene00018415.,9,126,135
WBGene00018417.,237,957,1194
WBGene00018418.,28,379,407
WBGene00018419.,130,549,679
WBGene00018420.,221,990,1211
WBGene00018421.,18,766,784
WBGene00018422.,26,1260,1286
WBGene00018423.,71,187,258
WBGene00018424.,69,347,416
WBGene00018425.,3,5,8
WBGene00018426.,74,2588,2662
WBGene00018427.,10,477,487
WBGene00018428.,5,13,18
WBGene00018429.,12,27,39
WBGene00018430.,56,136,192
WBGene00018431.,19,1293,1312
WBGene00018432.,3,10,13
WBGene00018433.,2,25,27
WBGene00018434.,15,23,38
WBGene00018435.,5,12,17
WBGene00018436.,0,1,1
WBGene00018437.,2,10,12
WBGene00018438.,5,8,13
WBGene00018439.,2,2,4
WBGene00018440.,3,4,7
WBGene00018441.,1,4,5
WBGene00018442.,18,4,22
WBGene00018443.,3,6,9
WBGene00018444.,9,27,36
WBGene00018445.,0,32,32
WBGene00018446.,18,30,48
WBGene00018447.,8,8,16
WBGene00018448.,18,192,210
WBGene00018449.,0,0,0
WBGene00018450.,0,0,0
WBGene00018451.,0,0,0
WBGene00018452.,0,11,11
WBGene00018454.,0,23,23
WBGene00018455.,4,15,19
WBGene00018456.,17,18,35
WBGene00018457.,3,0,3
WBGene00018458.,1,16,17
WBGene00018459.,0,18,18
WBGene00018460.,0,0,0
WBGene00018461.,0,0,0
WBGene00018462.,77,341,418
WBGene00018463.,0,0,0
WBGene00018465.,70,274,344
WBGene00018466.,50,174,224
WBGene00018467.,145,359,504
WBGene00018468.,749,3636,4385
WBGene00018470.,101,315,416
WBGene00018471.,21,28,49
WBGene00018472.,108,174,282
WBGene00018473.,32,101,133
WBGene00018474.,64,446,510
WBGene00018475.,349,5011,5360
WBGene00018476.,35,186,221
WBGene00018477.,8,17,25
WBGene00018478.,36,61,97
WBGene00018479.,16,11,27
WBGene00018480.,22,16,38
WBGene00018481.,166,842,1008
WBGene00018482.,147,1445,1592
WBGene00018483.,42,215,257
WBGene00018484.,36,22,58
WBGene00018485.,463,1303,1766
WBGene00018486.,37,150,187
WBGene00018487.,50,83,133
WBGene00018488.,138,857,995
WBGene00018489.,5,16,21
WBGene00018490.,11,4,15
WBGene00018491.,513,20277,20790
WBGene00018492.,133,666,799
WBGene00018493.,9,3,12
WBGene00018494.,2,16,18
WBGene00018495.,1,3,4
WBGene00018496.,0,5,5
WBGene00018497.,0,1,1
WBGene00018498.,12,11,23
WBGene00018499.,0,8,8
WBGene00018500.,0,8,8
WBGene00018501.,7,0,7
WBGene00018502.,38,7,45
WBGene00018503.,4,1,5
WBGene00018504.,8,6,14
WBGene00018505.,14,9,23
WBGene00018506.,6,1,7
WBGene00018507.,3,19,22
WBGene00018508.,550,1846,2396
WBGene00018509.,161,1345,1506
WBGene00018510.,55,120,175
WBGene00018511.,75,268,343
WBGene00018512.,148,771,919
WBGene00018513.,4,203,207
WBGene00018514.,93,290,383
WBGene00018515.,13,22,35
WBGene00018516.,48,361,409
WBGene00018517.,179,889,1068
WBGene00018518.,32,755,787
WBGene00018519.,1546,98983,100529
WBGene00018520.,169,692,861
WBGene00018521.,11,78,89
WBGene00018522.,208,1284,1492
WBGene00018523.,94,237,331
WBGene00018525.,0,0,0
WBGene00018526.,0,0,0
WBGene00018527.,0,0,0
WBGene00018528.,2,5,7
WBGene00018529.,0,1,1
WBGene00018530.,0,0,0
WBGene00018531.,7,7,14
WBGene00018532.,2493,20898,23391
WBGene00018533.,210,771,981
WBGene00018534.,23,9,32
WBGene00018535.,14,12,26
WBGene00018536.,1,6,7
WBGene00018537.,5,35,40
WBGene00018538.,312,2425,2737
WBGene00018539.,29,36,65
WBGene00018540.,17,16,33
WBGene00018541.,24,80,104
WBGene00018542.,20,56,76
WBGene00018543.,29,126,155
WBGene00018544.,9,46,55
WBGene00018545.,11,13,24
WBGene00018547.,204,104,308
WBGene00018548.,3,21,24
WBGene00018549.,13,43,56
WBGene00018550.,10,2,12
WBGene00018551.,17,20,37
WBGene00018552.,25,54,79
WBGene00018553.,21,10,31
WBGene00018554.,19,9,28
WBGene00018555.,59,1,60
WBGene00018556.,9,0,9
WBGene00018557.,11,7,18
WBGene00018558.,26,43,69
WBGene00018559.,4,6,10
WBGene00018560.,45,330,375
WBGene00018561.,28,51,79
WBGene00018562.,113,484,597
WBGene00018563.,25,13,38
WBGene00018564.,532,1962,2494
WBGene00018565.,33,295,328
WBGene00018566.,38,92,130
WBGene00018567.,11,4,15
WBGene00018568.,29,26,55
WBGene00018569.,331,257,588
WBGene00018571.,90,17,107
WBGene00018572.,260,395,655
WBGene00018573.,45,7,52
WBGene00018575.,5,15,20
WBGene00018576.,92,99,191
WBGene00018577.,25,90,115
WBGene00018578.,13,114,127
WBGene00018579.,752,1632,2384
WBGene00018580.,45,10,55
WBGene00018582.,612,583,1195
WBGene00018585.,60,268,328
WBGene00018586.,55,626,681
WBGene00018587.,69,38,107
WBGene00018589.,379,24,403
WBGene00018590.,19,1787,1806
WBGene00018591.,13,22,35
WBGene00018593.,54,339,393
WBGene00018594.,44,159,203
WBGene00018595.,17,109,126
WBGene00018596.,3,12,15
WBGene00018598.,15,112,127
WBGene00018599.,80,1349,1429
WBGene00018600.,78,17,95
WBGene00018601.,6,30,36
WBGene00018602.,156,3409,3565
WBGene00018603.,49,56,105
WBGene00018604.,71,1629,1700
WBGene00018605.,17,16,33
WBGene00018606.,2,66,68
WBGene00018607.,156,313,469
WBGene00018608.,206,319,525
WBGene00018609.,155,949,1104
WBGene00018610.,29,615,644
WBGene00018611.,133,376,509
WBGene00018612.,43,540,583
WBGene00018613.,12,259,271
WBGene00018614.,4,48,52
WBGene00018615.,25,106,131
WBGene00018616.,2,11,13
WBGene00018617.,26,5,31
WBGene00018618.,2,10,12
WBGene00018619.,2,1,3
WBGene00018620.,10,12,22
WBGene00018621.,0,115,115
WBGene00018622.,43,161,204
WBGene00018623.,33,29,62
WBGene00018624.,9,33,42
WBGene00018625.,35,796,831
WBGene00018626.,13,47,60
WBGene00018627.,17,5,22
WBGene00018628.,67,20,87
WBGene00018630.,48,12,60
WBGene00018631.,11,4,15
WBGene00018632.,18,309,327
WBGene00018634.,136,566,702
WBGene00018635.,46,319,365
WBGene00018636.,104,455,559
WBGene00018637.,42,523,565
WBGene00018638.,16,327,343
WBGene00018639.,101,235,336
WBGene00018640.,45,43,88
WBGene00018641.,60,122,182
WBGene00018643.,9,18,27
WBGene00018644.,0,4,4
WBGene00018645.,14,90,104
WBGene00018646.,19,52,71
WBGene00018647.,9,11,20
WBGene00018648.,18,35,53
WBGene00018649.,0,1,1
WBGene00018650.,4,29,33
WBGene00018651.,0,3,3
WBGene00018652.,18,4,22
WBGene00018653.,19,22,41
WBGene00018654.,48,272,320
WBGene00018655.,69,361,430
WBGene00018656.,245,1739,1984
WBGene00018657.,149,1234,1383
WBGene00018658.,8,27,35
WBGene00018659.,4,133,137
WBGene00018660.,0,31,31
WBGene00018661.,0,15,15
WBGene00018662.,14,17,31
WBGene00018663.,0,13,13
WBGene00018664.,33,32,65
WBGene00018665.,18,48,66
WBGene00018666.,25,39,64
WBGene00018667.,17,134,151
WBGene00018668.,11,87,98
WBGene00018669.,12,53,65
WBGene00018670.,0,8,8
WBGene00018671.,25,16,41
WBGene00018672.,136,433,569
WBGene00018674.,226,1120,1346
WBGene00018675.,53,71,124
WBGene00018678.,66,331,397
WBGene00018679.,168,740,908
WBGene00018680.,103,87,190
WBGene00018681.,325,679,1004
WBGene00018682.,77,328,405
WBGene00018683.,60,72,132
WBGene00018684.,0,10,10
WBGene00018687.,11,12,23
WBGene00018688.,0,9,9
WBGene00018689.,58,70,128
WBGene00018690.,52,22,74
WBGene00018691.,60,70,130
WBGene00018692.,69,1242,1311
WBGene00018693.,14,10,24
WBGene00018694.,28,16,44
WBGene00018696.,61,213,274
WBGene00018697.,64,248,312
WBGene00018698.,15,102,117
WBGene00018699.,0,0,0
WBGene00018700.,955,2704,3659
WBGene00018701.,307,14701,15008
WBGene00018702.,5,598,603
WBGene00018703.,46,364,410
WBGene00018704.,20,261,281
WBGene00018706.,12,51,63
WBGene00018707.,40,179,219
WBGene00018708.,22,25,47
WBGene00018709.,15,17,32
WBGene00018710.,514,2838,3352
WBGene00018711.,62,60,122
WBGene00018712.,60,97,157
WBGene00018713.,33,19,52
WBGene00018714.,61,397,458
WBGene00018715.,35,143,178
WBGene00018716.,130,220,350
WBGene00018717.,31,271,302
WBGene00018718.,57,95,152
WBGene00018719.,138,440,578
WBGene00018720.,359,1532,1891
WBGene00018721.,78,242,320
WBGene00018723.,81,220,301
WBGene00018724.,0,780,780
WBGene00018725.,0,1783,1783
WBGene00018726.,9,6,15
WBGene00018727.,123,295,418
WBGene00018728.,116,76,192
WBGene00018729.,0,1272,1272
WBGene00018730.,0,3530,3530
WBGene00018731.,0,2810,2810
WBGene00018732.,0,1243,1243
WBGene00018734.,621,945,1566
WBGene00018735.,26,122,148
WBGene00018736.,27,132,159
WBGene00018738.,49,41,90
WBGene00018739.,155,523,678
WBGene00018740.,189,523,712
WBGene00018741.,103,89,192
WBGene00018742.,53,122,175
WBGene00018743.,149,705,854
WBGene00018744.,4,858,862
WBGene00018745.,10,26,36
WBGene00018746.,14,55,69
WBGene00018747.,59,317,376
WBGene00018748.,46,445,491
WBGene00018749.,0,0,0
WBGene00018750.,184,959,1143
WBGene00018751.,14,18,32
WBGene00018752.,20,24,44
WBGene00018754.,15,35,50
WBGene00018755.,56,221,277
WBGene00018756.,325,2088,2413
WBGene00018757.,85,728,813
WBGene00018758.,113,881,994
WBGene00018759.,0,4,4
WBGene00018760.,118,278,396
WBGene00018761.,2696,37,2733
WBGene00018762.,208,1355,1563
WBGene00018763.,67,1475,1542
WBGene00018764.,10,4779,4789
WBGene00018765.,1157,3224,4381
WBGene00018766.,137,99,236
WBGene00018767.,9,11,20
WBGene00018768.,7,9,16
WBGene00018769.,116,1702,1818
WBGene00018771.,54,38,92
WBGene00018772.,96,113,209
WBGene00018773.,22,37,59
WBGene00018774.,44,91,135
WBGene00018776.,290,2047,2337
WBGene00018777.,186,323,509
WBGene00018778.,439,2467,2906
WBGene00018779.,44,204,248
WBGene00018781.,185,572,757
WBGene00018782.,578,4535,5113
WBGene00018783.,17,18,35
WBGene00018784.,339,4523,4862
WBGene00018785.,175,588,763
WBGene00018786.,20,107,127
WBGene00018787.,105,283,388
WBGene00018788.,114,671,785
WBGene00018789.,59,133,192
WBGene00018791.,57,132,189
WBGene00018792.,35,15,50
WBGene00018793.,411,1410,1821
WBGene00018794.,237,296,533
WBGene00018795.,82,561,643
WBGene00018797.,208,720,928
WBGene00018798.,83,141,224
WBGene00018802.,93,1404,1497
WBGene00018803.,58,1615,1673
WBGene00018804.,24,370,394
WBGene00018805.,31,21,52
WBGene00018806.,4,77,81
WBGene00018807.,16,110,126
WBGene00018808.,3,6,9
WBGene00018809.,6,4,10
WBGene00018810.,28,12,40
WBGene00018811.,1169,6766,7935
WBGene00018812.,172,815,987
WBGene00018813.,4,21,25
WBGene00018814.,52,428,480
WBGene00018815.,8,8,16
WBGene00018816.,3,6,9
WBGene00018819.,231,1253,1484
WBGene00018820.,24,28,52
WBGene00018821.,16,2,18
WBGene00018822.,1,1,2
WBGene00018823.,15,901,916
WBGene00018824.,1,35,36
WBGene00018825.,16,16,32
WBGene00018826.,2,9,11
WBGene00018827.,30,326,356
WBGene00018828.,8,46,54
WBGene00018829.,17,29,46
WBGene00018830.,52,377,429
WBGene00018831.,67,445,512
WBGene00018833.,172,301,473
WBGene00018834.,0,8,8
WBGene00018835.,53,234,287
WBGene00018836.,45,339,384
WBGene00018837.,1214,747,1961
WBGene00018838.,0,0,0
WBGene00018839.,6,51,57
WBGene00018840.,3,6,9
WBGene00018841.,3,5,8
WBGene00018842.,0,27,27
WBGene00018844.,0,40,40
WBGene00018845.,8,75,83
WBGene00018846.,26801,137642,164443
WBGene00018847.,124,766,890
WBGene00018848.,92,388,480
WBGene00018849.,67,3108,3175
WBGene00018850.,29,29,58
WBGene00018851.,6,11,17
WBGene00018852.,19,79,98
WBGene00018853.,54,716,770
WBGene00018854.,92,1132,1224
WBGene00018855.,16,124,140
WBGene00018856.,17,16,33
WBGene00018857.,152,1133,1285
WBGene00018859.,95,319,414
WBGene00018860.,170,327,497
WBGene00018861.,71,71,142
WBGene00018862.,42,290,332
WBGene00018863.,10,370,380
WBGene00018864.,148,611,759
WBGene00018865.,24,13,37
WBGene00018866.,114,1118,1232
WBGene00018867.,66,135,201
WBGene00018868.,42,20,62
WBGene00018869.,224,1876,2100
WBGene00018870.,3,6,9
WBGene00018871.,26,347,373
WBGene00018872.,262,1326,1588
WBGene00018873.,17,46,63
WBGene00018874.,72,89,161
WBGene00018875.,0,4,4
WBGene00018877.,270,828,1098
WBGene00018878.,16,215,231
WBGene00018879.,94,191,285
WBGene00018880.,59,52,111
WBGene00018881.,0,25,25
WBGene00018882.,0,7,7
WBGene00018883.,0,12,12
WBGene00018884.,38,23,61
WBGene00018885.,14,110,124
WBGene00018886.,7,243,250
WBGene00018888.,10,11,21
WBGene00018890.,211,1267,1478
WBGene00018891.,157,1113,1270
WBGene00018892.,54,1377,1431
WBGene00018893.,263,1484,1747
WBGene00018894.,10,476,486
WBGene00018895.,10,14,24
WBGene00018896.,21,25,46
WBGene00018897.,41,308,349
WBGene00018898.,277,3812,4089
WBGene00018899.,26,65,91
WBGene00018900.,46,752,798
WBGene00018901.,0,23,23
WBGene00018902.,39,155,194
WBGene00018903.,18,35,53
WBGene00018904.,18,508,526
WBGene00018906.,45,31,76
WBGene00018907.,92,134,226
WBGene00018908.,61,195,256
WBGene00018909.,91,239,330
WBGene00018910.,0,0,0
WBGene00018911.,0,0,0
WBGene00018912.,0,0,0
WBGene00018913.,0,0,0
WBGene00018914.,0,0,0
WBGene00018915.,0,0,0
WBGene00018917.,0,0,0
WBGene00018918.,0,0,0
WBGene00018919.,0,0,0
WBGene00018920.,0,0,0
WBGene00018921.,2,33,35
WBGene00018923.,286,271,557
WBGene00018924.,78,64,142
WBGene00018925.,31,390,421
WBGene00018926.,8,15,23
WBGene00018928.,67,136,203
WBGene00018929.,14,16,30
WBGene00018930.,10,32,42
WBGene00018931.,89,60,149
WBGene00018932.,105,1615,1720
WBGene00018933.,2,11,13
WBGene00018934.,37,1908,1945
WBGene00018935.,19,684,703
WBGene00018937.,53,118,171
WBGene00018938.,4,4,8
WBGene00018939.,9,59,68
WBGene00018940.,1,10,11
WBGene00018941.,0,7,7
WBGene00018942.,15,11,26
WBGene00018943.,3,2,5
WBGene00018944.,3,3,6
WBGene00018945.,16,124,140
WBGene00018946.,16,29,45
WBGene00018948.,17,90,107
WBGene00018949.,8,12,20
WBGene00018950.,41,114,155
WBGene00018951.,119,1605,1724
WBGene00018952.,43,443,486
WBGene00018953.,412,3748,4160
WBGene00018954.,78,269,347
WBGene00018955.,35,402,437
WBGene00018957.,76,322,398
WBGene00018958.,83,282,365
WBGene00018959.,29,345,374
WBGene00018960.,32,545,577
WBGene00018961.,250,1405,1655
WBGene00018963.,868,7877,8745
WBGene00018964.,43,163,206
WBGene00018965.,35,41,76
WBGene00018966.,30,89,119
WBGene00018967.,81,1024,1105
WBGene00018968.,11,34,45
WBGene00018969.,50,876,926
WBGene00018970.,7,3,10
WBGene00018971.,118,377,495
WBGene00018972.,7,15,22
WBGene00018973.,15,13,28
WBGene00018974.,224,574,798
WBGene00018975.,386,928,1314
WBGene00018976.,434,189,623
WBGene00018978.,4,3,7
WBGene00018979.,19,16,35
WBGene00018980.,28,6,34
WBGene00018981.,6,27,33
WBGene00018982.,6,9,15
WBGene00018984.,141,532,673
WBGene00018985.,133,610,743
WBGene00018986.,33,305,338
WBGene00018987.,111,370,481
WBGene00018988.,34,175,209
WBGene00018989.,54,379,433
WBGene00018990.,146,163,309
WBGene00018991.,112,113,225
WBGene00018992.,89,87,176
WBGene00018993.,17,13,30
WBGene00018994.,32,27,59
WBGene00018995.,94,362,456
WBGene00018996.,70,905,975
WBGene00018997.,18,40,58
WBGene00018998.,133,914,1047
WBGene00018999.,3,11,14
WBGene00019001.,549,7872,8421
WBGene00019002.,57,217,274
WBGene00019003.,106,2237,2343
WBGene00019004.,52,640,692
WBGene00019005.,203,1126,1329
WBGene00019006.,90,800,890
WBGene00019007.,2522,5304,7826
WBGene00019008.,32,372,404
WBGene00019009.,51,193,244
WBGene00019010.,143,12,155
WBGene00019011.,156,538,694
WBGene00019012.,62,146,208
WBGene00019013.,12,123,135
WBGene00019014.,17,76,93
WBGene00019015.,15,32,47
WBGene00019016.,0,45,45
WBGene00019017.,61,3748,3809
WBGene00019018.,525,1080,1605
WBGene00019019.,179,46,225
WBGene00019020.,0,112,112
WBGene00019021.,4,70,74
WBGene00019022.,45,103,148
WBGene00019023.,35,119,154
WBGene00019024.,4,9,13
WBGene00019025.,54,116,170
WBGene00019026.,0,10,10
WBGene00019027.,8,17,25
WBGene00019028.,18,13,31
WBGene00019029.,56,12,68
WBGene00019030.,178,166,344
WBGene00019032.,33,38,71
WBGene00019034.,2,14,16
WBGene00019035.,1,11,12
WBGene00019036.,11,6,17
WBGene00019037.,4,11,15
WBGene00019038.,15,20,35
WBGene00019039.,2,4,6
WBGene00019040.,4,2,6
WBGene00019041.,2,4,6
WBGene00019042.,3,13,16
WBGene00019043.,0,13,13
WBGene00019044.,0,0,0
WBGene00019045.,5,8,13
WBGene00019046.,11,7,18
WBGene00019047.,8,67,75
WBGene00019048.,17,149,166
WBGene00019049.,18,27,45
WBGene00019050.,8,7,15
WBGene00019051.,6,4,10
WBGene00019053.,7,3,10
WBGene00019054.,15,5,20
WBGene00019055.,81,890,971
WBGene00019057.,32,75,107
WBGene00019058.,20,48,68
WBGene00019059.,26,4,30
WBGene00019060.,55,192,247
WBGene00019061.,4057,27197,31254
WBGene00019062.,5,0,5
WBGene00019063.,3,7,10
WBGene00019064.,225,3872,4097
WBGene00019065.,0,0,0
WBGene00019066.,0,5,5
WBGene00019067.,59,60,119
WBGene00019068.,43,115,158
WBGene00019069.,285,310,595
WBGene00019070.,0,126,126
WBGene00019072.,0,0,0
WBGene00019073.,0,0,0
WBGene00019074.,204,655,859
WBGene00019075.,34,217,251
WBGene00019076.,129,1223,1352
WBGene00019077.,21,529,550
WBGene00019079.,111,1037,1148
WBGene00019080.,10,14,24
WBGene00019081.,38,27,65
WBGene00019082.,51,100,151
WBGene00019084.,16,22,38
WBGene00019085.,15,26,41
WBGene00019086.,19,14,33
WBGene00019087.,14,631,645
WBGene00019089.,38,16,54
WBGene00019090.,555,2971,3526
WBGene00019091.,28,24,52
WBGene00019092.,536,3485,4021
WBGene00019094.,26,7,33
WBGene00019095.,22,107,129
WBGene00019096.,10,6,16
WBGene00019097.,287,2881,3168
WBGene00019098.,21,16,37
WBGene00019099.,28,14,42
WBGene00019100.,51,145,196
WBGene00019101.,36,60,96
WBGene00019102.,332,1053,1385
WBGene00019103.,190,45,235
WBGene00019104.,2,18,20
WBGene00019105.,51,188,239
WBGene00019106.,43,21,64
WBGene00019107.,17,16,33
WBGene00019108.,24,149,173
WBGene00019109.,160,297,457
WBGene00019111.,31,168,199
WBGene00019112.,15,13,28
WBGene00019113.,34,428,462
WBGene00019114.,36,115,151
WBGene00019115.,22,97,119
WBGene00019116.,64,255,319
WBGene00019117.,31,167,198
WBGene00019118.,18,595,613
WBGene00019119.,21,16,37
WBGene00019120.,34,687,721
WBGene00019121.,19,810,829
WBGene00019122.,138,10,148
WBGene00019123.,23,12,35
WBGene00019124.,155,1272,1427
WBGene00019125.,36,190,226
WBGene00019126.,9,30,39
WBGene00019127.,101,712,813
WBGene00019128.,133,166,299
WBGene00019129.,74,208,282
WBGene00019130.,109,145,254
WBGene00019131.,7,28,35
WBGene00019132.,49,39,88
WBGene00019133.,23,16,39
WBGene00019134.,3,44,47
WBGene00019135.,5,15,20
WBGene00019137.,6,2,8
WBGene00019138.,209,9,218
WBGene00019139.,16,54,70
WBGene00019140.,13,66,79
WBGene00019141.,29,133,162
WBGene00019142.,31,268,299
WBGene00019143.,78,493,571
WBGene00019144.,14,30,44
WBGene00019145.,7,13,20
WBGene00019146.,7,7,14
WBGene00019148.,90,187,277
WBGene00019149.,129,116,245
WBGene00019150.,4,6,10
WBGene00019151.,12,24,36
WBGene00019152.,5,24,29
WBGene00019153.,18,57,75
WBGene00019154.,74,85,159
WBGene00019155.,42,17,59
WBGene00019156.,96,596,692
WBGene00019157.,311,1058,1369
WBGene00019158.,49,836,885
WBGene00019159.,8,12,20
WBGene00019160.,290,15822,16112
WBGene00019162.,67,6835,6902
WBGene00019163.,11,714,725
WBGene00019164.,38,128,166
WBGene00019165.,23,11,34
WBGene00019166.,547,429,976
WBGene00019167.,177,689,866
WBGene00019168.,835,5032,5867
WBGene00019169.,20,24,44
WBGene00019170.,268,1973,2241
WBGene00019171.,4,15,19
WBGene00019174.,17,99,116
WBGene00019176.,101,49,150
WBGene00019177.,25,314,339
WBGene00019178.,13,30,43
WBGene00019179.,10,7,17
WBGene00019180.,478,579,1057
WBGene00019181.,18,22,40
WBGene00019182.,33,101,134
WBGene00019183.,817,43,860
WBGene00019184.,29,28,57
WBGene00019185.,41,551,592
WBGene00019186.,16,18,34
WBGene00019187.,83,118,201
WBGene00019188.,229,753,982
WBGene00019189.,5,10,15
WBGene00019190.,164,37,201
WBGene00019192.,4,38,42
WBGene00019193.,4,30,34
WBGene00019194.,6,11,17
WBGene00019196.,29,1670,1699
WBGene00019197.,6,21,27
WBGene00019198.,115,318,433
WBGene00019199.,163,735,898
WBGene00019200.,144,510,654
WBGene00019202.,23,13,36
WBGene00019203.,338,2388,2726
WBGene00019204.,103,438,541
WBGene00019205.,1327,2254,3581
WBGene00019207.,239,2408,2647
WBGene00019208.,8,8,16
WBGene00019209.,220,1720,1940
WBGene00019211.,418,795,1213
WBGene00019212.,72,479,551
WBGene00019213.,55,160,215
WBGene00019214.,15,15,30
WBGene00019215.,17,48,65
WBGene00019216.,9,18,27
WBGene00019217.,316,1155,1471
WBGene00019218.,150,294,444
WBGene00019219.,88,547,635
WBGene00019220.,102,1903,2005
WBGene00019221.,25,267,292
WBGene00019222.,48,19,67
WBGene00019224.,32,121,153
WBGene00019225.,56,137,193
WBGene00019226.,33,230,263
WBGene00019227.,167,913,1080
WBGene00019228.,4,124,128
WBGene00019229.,16,22,38
WBGene00019230.,126,91,217
WBGene00019231.,40,54,94
WBGene00019232.,133,259,392
WBGene00019233.,22,36,58
WBGene00019234.,16,181,197
WBGene00019235.,15,19,34
WBGene00019236.,11,31,42
WBGene00019237.,312,1065,1377
WBGene00019239.,117,11,128
WBGene00019240.,143,2217,2360
WBGene00019241.,192,660,852
WBGene00019242.,132,40,172
WBGene00019243.,3,465,468
WBGene00019244.,47,223,270
WBGene00019245.,144,671,815
WBGene00019246.,356,1783,2139
WBGene00019247.,24,105,129
WBGene00019248.,140,172,312
WBGene00019249.,415,6175,6590
WBGene00019250.,676,2354,3030
WBGene00019251.,114,15,129
WBGene00019253.,13,14,27
WBGene00019254.,11,26,37
WBGene00019255.,18,29,47
WBGene00019257.,25,29,54
WBGene00019259.,52,878,930
WBGene00019260.,11,5,16
WBGene00019261.,39,1064,1103
WBGene00019262.,22,7,29
WBGene00019263.,176,710,886
WBGene00019264.,98,469,567
WBGene00019265.,3,269,272
WBGene00019266.,21,28,49
WBGene00019267.,2,18,20
WBGene00019268.,45,132,177
WBGene00019269.,15,34,49
WBGene00019270.,133,134,267
WBGene00019272.,59,63,122
WBGene00019273.,12,104,116
WBGene00019274.,171,369,540
WBGene00019275.,146,622,768
WBGene00019276.,138,723,861
WBGene00019277.,124,1022,1146
WBGene00019278.,133,362,495
WBGene00019279.,702,944,1646
WBGene00019280.,38,217,255
WBGene00019281.,10,10,20
WBGene00019282.,488,4189,4677
WBGene00019283.,0,0,0
WBGene00019284.,59,792,851
WBGene00019285.,99,286,385
WBGene00019286.,214,154,368
WBGene00019287.,55,37,92
WBGene00019288.,4,1,5
WBGene00019289.,125,326,451
WBGene00019290.,9,158,167
WBGene00019292.,0,4,4
WBGene00019293.,27,632,659
WBGene00019294.,365,1771,2136
WBGene00019295.,197,1272,1469
WBGene00019296.,40,799,839
WBGene00019297.,9,5,14
WBGene00019298.,90,1072,1162
WBGene00019299.,79,286,365
WBGene00019300.,50,240,290
WBGene00019301.,379,2733,3112
WBGene00019302.,3,2,5
WBGene00019303.,55,22,77
WBGene00019304.,21,218,239
WBGene00019305.,60,1157,1217
WBGene00019306.,6,9,15
WBGene00019309.,14,8,22
WBGene00019310.,1,53,54
WBGene00019311.,49,736,785
WBGene00019312.,1,6,7
WBGene00019313.,1,9,10
WBGene00019314.,17,20,37
WBGene00019315.,197,1091,1288
WBGene00019316.,0,62,62
WBGene00019317.,176,433,609
WBGene00019318.,103,27,130
WBGene00019319.,39,229,268
WBGene00019320.,59,138,197
WBGene00019321.,91,205,296
WBGene00019322.,106,18871,18977
WBGene00019323.,636,1718,2354
WBGene00019324.,534,8719,9253
WBGene00019326.,114,1309,1423
WBGene00019327.,819,10376,11195
WBGene00019328.,244,1438,1682
WBGene00019329.,248,301,549
WBGene00019331.,59,79,138
WBGene00019332.,939,5682,6621
WBGene00019333.,312,1963,2275
WBGene00019334.,33,642,675
WBGene00019335.,0,71,71
WBGene00019337.,48,22,70
WBGene00019338.,57,28,85
WBGene00019339.,1,65,66
WBGene00019340.,2,1,3
WBGene00019341.,145,11,156
WBGene00019342.,1,50,51
WBGene00019343.,103,61,164
WBGene00019344.,64,277,341
WBGene00019345.,68,128,196
WBGene00019346.,27,97,124
WBGene00019347.,643,793,1436
WBGene00019348.,7,16,23
WBGene00019349.,1,2,3
WBGene00019350.,16,10,26
WBGene00019351.,62,850,912
WBGene00019352.,125,372,497
WBGene00019353.,63,749,812
WBGene00019354.,38,758,796
WBGene00019355.,298,1921,2219
WBGene00019356.,6,25,31
WBGene00019357.,148,4659,4807
WBGene00019360.,102,97,199
WBGene00019361.,444,4012,4456
WBGene00019362.,136,226,362
WBGene00019364.,25,220,245
WBGene00019365.,151,949,1100
WBGene00019367.,6,25,31
WBGene00019368.,110,346,456
WBGene00019369.,51,51,102
WBGene00019370.,130,152,282
WBGene00019371.,7,26,33
WBGene00019372.,3,18,21
WBGene00019373.,134,516,650
WBGene00019374.,29,133,162
WBGene00019376.,13,18,31
WBGene00019379.,13,23,36
WBGene00019380.,287,1469,1756
WBGene00019381.,78,7279,7357
WBGene00019382.,3,5,8
WBGene00019383.,13,3,16
WBGene00019384.,6,8,14
WBGene00019385.,11,3,14
WBGene00019386.,20,6,26
WBGene00019387.,18,9,27
WBGene00019388.,31,65,96
WBGene00019389.,33,28,61
WBGene00019390.,16,14,30
WBGene00019391.,16,28,44
WBGene00019392.,33,18,51
WBGene00019393.,22,41,63
WBGene00019394.,77,172,249
WBGene00019395.,35,112,147
WBGene00019396.,68,501,569
WBGene00019399.,49,1120,1169
WBGene00019400.,137,697,834
WBGene00019401.,157,4803,4960
WBGene00019402.,101,1853,1954
WBGene00019403.,145,439,584
WBGene00019404.,21,47,68
WBGene00019405.,25,23,48
WBGene00019406.,19,37,56
WBGene00019407.,152,695,847
WBGene00019408.,49,553,602
WBGene00019409.,4,18,22
WBGene00019410.,23,21,44
WBGene00019411.,14,185,199
WBGene00019412.,6,21,27
WBGene00019413.,6,12,18
WBGene00019414.,0,32,32
WBGene00019415.,9,15,24
WBGene00019416.,11,29,40
WBGene00019417.,5,14,19
WBGene00019418.,9,3,12
WBGene00019419.,1,4,5
WBGene00019420.,3,7,10
WBGene00019421.,5,15,20
WBGene00019422.,0,10,10
WBGene00019423.,85,4,89
WBGene00019424.,31,153,184
WBGene00019425.,10,14,24
WBGene00019426.,7,147,154
WBGene00019427.,60,693,753
WBGene00019428.,365,601,966
WBGene00019429.,45,467,512
WBGene00019430.,8,14,22
WBGene00019431.,18,21,39
WBGene00019432.,121,1972,2093
WBGene00019433.,146,4352,4498
WBGene00019434.,354,313,667
WBGene00019435.,84,329,413
WBGene00019436.,136,580,716
WBGene00019437.,172,964,1136
WBGene00019438.,3,1,4
WBGene00019439.,309,8,317
WBGene00019441.,45,50,95
WBGene00019442.,0,0,0
WBGene00019444.,68,56,124
WBGene00019445.,68,106,174
WBGene00019448.,39,221,260
WBGene00019449.,12,2,14
WBGene00019450.,14,10,24
WBGene00019451.,21,11,32
WBGene00019452.,11,11,22
WBGene00019453.,31,4,35
WBGene00019454.,9,0,9
WBGene00019455.,23,48,71
WBGene00019456.,71,185,256
WBGene00019457.,175,948,1123
WBGene00019458.,44,262,306
WBGene00019459.,7,7,14
WBGene00019460.,45,410,455
WBGene00019461.,71,17,88
WBGene00019462.,239,84,323
WBGene00019464.,10,241,251
WBGene00019465.,268,1956,2224
WBGene00019466.,1034,17906,18940
WBGene00019467.,20,997,1017
WBGene00019469.,11,9,20
WBGene00019470.,21,11,32
WBGene00019471.,21,29,50
WBGene00019472.,10,7,17
WBGene00019473.,21,37,58
WBGene00019476.,33,242,275
WBGene00019477.,26,210,236
WBGene00019478.,618,2624,3242
WBGene00019479.,284,1979,2263
WBGene00019480.,70,567,637
WBGene00019481.,76,1493,1569
WBGene00019482.,81,618,699
WBGene00019483.,2,2,4
WBGene00019484.,6,269,275
WBGene00019485.,181,235,416
WBGene00019486.,24,20,44
WBGene00019487.,89,245,334
WBGene00019488.,353,3663,4016
WBGene00019489.,48,717,765
WBGene00019490.,45,833,878
WBGene00019491.,40,287,327
WBGene00019492.,855,2850,3705
WBGene00019493.,96,251,347
WBGene00019494.,3,9,12
WBGene00019495.,104,993,1097
WBGene00019496.,21,50,71
WBGene00019497.,40,465,505
WBGene00019498.,198,373,571
WBGene00019501.,10,9,19
WBGene00019502.,1,4,5
WBGene00019503.,53,226,279
WBGene00019504.,18,640,658
WBGene00019506.,44,24,68
WBGene00019507.,13,7,20
WBGene00019508.,27,23,50
WBGene00019509.,12,71,83
WBGene00019510.,598,13924,14522
WBGene00019511.,172,2505,2677
WBGene00019512.,8,24,32
WBGene00019513.,61,480,541
WBGene00019514.,10,12,22
WBGene00019515.,53,143,196
WBGene00019516.,39,124,163
WBGene00019517.,25,28,53
WBGene00019518.,92,27,119
WBGene00019519.,74,143,217
WBGene00019520.,1,40,41
WBGene00019521.,82,1629,1711
WBGene00019522.,112,282,394
WBGene00019524.,7,8,15
WBGene00019525.,103,906,1009
WBGene00019526.,27,7,34
WBGene00019527.,38,18,56
WBGene00019529.,0,3,3
WBGene00019530.,2,0,2
WBGene00019531.,8,4,12
WBGene00019532.,46,11,57
WBGene00019533.,18,22,40
WBGene00019534.,2,1,3
WBGene00019535.,18,142,160
WBGene00019536.,101,118,219
WBGene00019537.,22,15756,15778
WBGene00019538.,32,200,232
WBGene00019540.,162,5436,5598
WBGene00019541.,4,44,48
WBGene00019543.,455,3013,3468
WBGene00019544.,61,754,815
WBGene00019545.,14,59,73
WBGene00019546.,112,170,282
WBGene00019547.,34,44,78
WBGene00019548.,23,0,23
WBGene00019549.,61,12,73
WBGene00019550.,87,139,226
WBGene00019552.,23,63,86
WBGene00019553.,7,44,51
WBGene00019554.,67,322,389
WBGene00019556.,34,43,77
WBGene00019557.,6,11,17
WBGene00019558.,8,3,11
WBGene00019559.,3,3,6
WBGene00019560.,1,6,7
WBGene00019561.,11,23,34
WBGene00019562.,11,5,16
WBGene00019563.,4,6,10
WBGene00019564.,204,1734,1938
WBGene00019565.,31,33,64
WBGene00019566.,4,8,12
WBGene00019567.,0,2,2
WBGene00019568.,37,21,58
WBGene00019569.,13,23,36
WBGene00019570.,34,64,98
WBGene00019571.,81,51,132
WBGene00019572.,0,13,13
WBGene00019574.,0,12,12
WBGene00019575.,60,23,83
WBGene00019576.,6,25,31
WBGene00019577.,21,44,65
WBGene00019578.,8,15,23
WBGene00019579.,30,51,81
WBGene00019580.,24,17,41
WBGene00019582.,12,20,32
WBGene00019583.,0,10,10
WBGene00019584.,25,21,46
WBGene00019586.,42,45,87
WBGene00019587.,4,21,25
WBGene00019588.,0,25,25
WBGene00019589.,17,16,33
WBGene00019590.,7,6,13
WBGene00019591.,1,7,8
WBGene00019592.,0,223,223
WBGene00019593.,7,481,488
WBGene00019594.,16,4,20
WBGene00019595.,26,183,209
WBGene00019597.,36,182,218
WBGene00019598.,80,68,148
WBGene00019599.,69,222,291
WBGene00019600.,15,99,114
WBGene00019601.,34,71,105
WBGene00019603.,18,188,206
WBGene00019604.,0,4,4
WBGene00019605.,80,512,592
WBGene00019606.,0,19,19
WBGene00019607.,934,4101,5035
WBGene00019608.,31,230,261
WBGene00019609.,198,742,940
WBGene00019611.,26,423,449
WBGene00019612.,161,733,894
WBGene00019613.,26,24,50
WBGene00019614.,10,8,18
WBGene00019615.,159,311,470
WBGene00019616.,23,52,75
WBGene00019617.,175,2492,2667
WBGene00019618.,43,41,84
WBGene00019619.,332,1623,1955
WBGene00019620.,69,1909,1978
WBGene00019621.,0,1,1
WBGene00019622.,42,23,65
WBGene00019623.,128,659,787
WBGene00019624.,375,1398,1773
WBGene00019625.,29,7,36
WBGene00019626.,5,5,10
WBGene00019627.,129,487,616
WBGene00019628.,32,881,913
WBGene00019629.,49,567,616
WBGene00019630.,33,168,201
WBGene00019631.,104,1117,1221
WBGene00019633.,76,272,348
WBGene00019636.,39,79,118
WBGene00019638.,6,4,10
WBGene00019639.,0,9,9
WBGene00019640.,28,50,78
WBGene00019641.,58,169,227
WBGene00019642.,18,36,54
WBGene00019643.,14,355,369
WBGene00019644.,42,214,256
WBGene00019645.,116,922,1038
WBGene00019646.,1,8,9
WBGene00019647.,81,911,992
WBGene00019648.,6,17,23
WBGene00019649.,62,111,173
WBGene00019650.,186,737,923
WBGene00019651.,115,358,473
WBGene00019652.,51,350,401
WBGene00019653.,4,31,35
WBGene00019654.,18,58,76
WBGene00019655.,33,55,88
WBGene00019656.,52,1118,1170
WBGene00019657.,68,597,665
WBGene00019658.,149,1030,1179
WBGene00019659.,10,33,43
WBGene00019660.,9,134,143
WBGene00019661.,42,86,128
WBGene00019662.,13,6,19
WBGene00019663.,32,838,870
WBGene00019664.,293,1993,2286
WBGene00019665.,18,200,218
WBGene00019666.,48,304,352
WBGene00019667.,18,17,35
WBGene00019668.,5,16,21
WBGene00019669.,38,144,182
WBGene00019672.,17,13,30
WBGene00019673.,65,852,917
WBGene00019674.,22,72,94
WBGene00019675.,0,6,6
WBGene00019676.,7,8,15
WBGene00019677.,51,180,231
WBGene00019678.,294,1290,1584
WBGene00019679.,200,1554,1754
WBGene00019680.,0,9199,9199
WBGene00019681.,0,4,4
WBGene00019682.,467,2753,3220
WBGene00019683.,353,37,390
WBGene00019684.,2,8,10
WBGene00019685.,4,6,10
WBGene00019686.,264,1232,1496
WBGene00019687.,6,2,8
WBGene00019688.,11,7,18
WBGene00019689.,0,0,0
WBGene00019690.,23,21,44
WBGene00019691.,42,65,107
WBGene00019692.,26,112,138
WBGene00019693.,32,1700,1732
WBGene00019697.,437,730,1167
WBGene00019698.,396,2597,2993
WBGene00019699.,24,35,59
WBGene00019700.,1,18,19
WBGene00019702.,0,1,1
WBGene00019703.,12,9,21
WBGene00019704.,0,22,22
WBGene00019705.,2,17,19
WBGene00019706.,42,7,49
WBGene00019709.,8,5,13
WBGene00019710.,11,202,213
WBGene00019711.,101,1016,1117
WBGene00019712.,30,223,253
WBGene00019713.,90,432,522
WBGene00019714.,6,0,6
WBGene00019715.,143,409,552
WBGene00019716.,191,756,947
WBGene00019717.,47,149,196
WBGene00019718.,6,32,38
WBGene00019719.,1425,9040,10465
WBGene00019720.,93,475,568
WBGene00019721.,56,9,65
WBGene00019722.,6,33,39
WBGene00019723.,1,46,47
WBGene00019724.,74,263,337
WBGene00019725.,20,197,217
WBGene00019726.,318,392,710
WBGene00019727.,532,10159,10691
WBGene00019728.,12,16,28
WBGene00019729.,79,306,385
WBGene00019730.,102,859,961
WBGene00019731.,67,50,117
WBGene00019732.,1,723,724
WBGene00019733.,541,1109,1650
WBGene00019734.,845,5874,6719
WBGene00019735.,17,16,33
WBGene00019736.,13,15,28
WBGene00019738.,173,1087,1260
WBGene00019739.,24,40,64
WBGene00019740.,7,8,15
WBGene00019741.,27,330,357
WBGene00019742.,57,112,169
WBGene00019743.,58,226,284
WBGene00019744.,536,3317,3853
WBGene00019745.,6,35,41
WBGene00019746.,39,83,122
WBGene00019747.,406,1225,1631
WBGene00019748.,254,1777,2031
WBGene00019749.,90,281,371
WBGene00019750.,1196,1120,2316
WBGene00019751.,58,695,753
WBGene00019753.,95,381,476
WBGene00019754.,5,29,34
WBGene00019755.,7,1,8
WBGene00019756.,53,13,66
WBGene00019757.,153,400,553
WBGene00019758.,0,8,8
WBGene00019759.,151,188,339
WBGene00019760.,135,13452,13587
WBGene00019761.,44,19,63
WBGene00019762.,183,1472,1655
WBGene00019763.,37,58,95
WBGene00019764.,58,141,199
WBGene00019765.,11,283,294
WBGene00019766.,83,219,302
WBGene00019767.,16,4378,4394
WBGene00019768.,20,232,252
WBGene00019769.,11,92,103
WBGene00019770.,538,2821,3359
WBGene00019771.,407,966,1373
WBGene00019772.,217,1633,1850
WBGene00019773.,16,26,42
WBGene00019774.,324,230,554
WBGene00019776.,83,105,188
WBGene00019777.,40,107,147
WBGene00019778.,71,520,591
WBGene00019779.,247,1123,1370
WBGene00019780.,238,8707,8945
WBGene00019781.,225,799,1024
WBGene00019782.,40,49,89
WBGene00019783.,40,8,48
WBGene00019784.,19,64,83
WBGene00019785.,39,14,53
WBGene00019786.,147,374,521
WBGene00019787.,143,351,494
WBGene00019788.,0,0,0
WBGene00019789.,0,195,195
WBGene00019791.,0,0,0
WBGene00019792.,48,152,200
WBGene00019793.,27,8,35
WBGene00019794.,21,27,48
WBGene00019795.,9,5,14
WBGene00019796.,13,39,52
WBGene00019797.,7,4,11
WBGene00019798.,2,6,8
WBGene00019799.,5,15,20
WBGene00019800.,16,2165,2181
WBGene00019801.,102,563,665
WBGene00019803.,49,306,355
WBGene00019804.,9,2,11
WBGene00019805.,77,442,519
WBGene00019806.,11,211,222
WBGene00019807.,45,272,317
WBGene00019808.,95,1195,1290
WBGene00019809.,0,5,5
WBGene00019810.,5,16,21
WBGene00019811.,4,42,46
WBGene00019812.,103,142,245
WBGene00019813.,19,604,623
WBGene00019814.,18,66,84
WBGene00019815.,45,7,52
WBGene00019816.,52,255,307
WBGene00019817.,9,55,64
WBGene00019818.,188,1378,1566
WBGene00019819.,101,1020,1121
WBGene00019820.,74,740,814
WBGene00019821.,154,607,761
WBGene00019822.,98,500,598
WBGene00019823.,138,1116,1254
WBGene00019824.,42,285,327
WBGene00019825.,60,203,263
WBGene00019826.,9,13,22
WBGene00019827.,193,834,1027
WBGene00019828.,37,155,192
WBGene00019829.,15,336,351
WBGene00019830.,111,509,620
WBGene00019831.,244,9848,10092
WBGene00019832.,145,211,356
WBGene00019833.,6,34,40
WBGene00019834.,8,22,30
WBGene00019835.,0,0,0
WBGene00019836.,57,568,625
WBGene00019837.,25,61,86
WBGene00019838.,307,1827,2134
WBGene00019839.,15,99,114
WBGene00019840.,40,339,379
WBGene00019841.,86,873,959
WBGene00019842.,911,700,1611
WBGene00019843.,23,298,321
WBGene00019844.,240,381,621
WBGene00019845.,62,46,108
WBGene00019846.,14,109,123
WBGene00019847.,691,609,1300
WBGene00019849.,40,35,75
WBGene00019850.,17,16,33
WBGene00019851.,25,41,66
WBGene00019853.,33,48,81
WBGene00019854.,38,204,242
WBGene00019855.,245,792,1037
WBGene00019856.,38,12,50
WBGene00019857.,24,7,31
WBGene00019858.,12,94,106
WBGene00019859.,3,34,37
WBGene00019861.,13,34,47
WBGene00019862.,28,428,456
WBGene00019863.,253,367,620
WBGene00019864.,52,256,308
WBGene00019865.,49,47,96
WBGene00019866.,83,52,135
WBGene00019867.,89,351,440
WBGene00019868.,33,258,291
WBGene00019869.,74,101,175
WBGene00019870.,13,196,209
WBGene00019871.,31,647,678
WBGene00019872.,199,193,392
WBGene00019873.,116,510,626
WBGene00019874.,2,46,48
WBGene00019875.,93,841,934
WBGene00019877.,35,863,898
WBGene00019878.,14,95,109
WBGene00019879.,0,3,3
WBGene00019880.,0,0,0
WBGene00019881.,121,744,865
WBGene00019882.,212,717,929
WBGene00019883.,84,1113,1197
WBGene00019884.,97,624,721
WBGene00019885.,37,189,226
WBGene00019886.,5,17,22
WBGene00019887.,47,34,81
WBGene00019888.,150,1463,1613
WBGene00019890.,39,3632,3671
WBGene00019891.,31,22,53
WBGene00019892.,36,513,549
WBGene00019893.,136,5811,5947
WBGene00019894.,42,70,112
WBGene00019895.,173,1417,1590
WBGene00019896.,156,95,251
WBGene00019898.,128,611,739
WBGene00019899.,102,309,411
WBGene00019900.,904,27643,28547
WBGene00019901.,4,33,37
WBGene00019902.,461,596,1057
WBGene00019903.,3,6,9
WBGene00019904.,213,1402,1615
WBGene00019905.,9,15,24
WBGene00019906.,44,34,78
WBGene00019907.,16,141,157
WBGene00019908.,210,907,1117
WBGene00019909.,176,54,230
WBGene00019911.,78,414,492
WBGene00019912.,45,30,75
WBGene00019913.,55,24,79
WBGene00019914.,146,374,520
WBGene00019915.,84,363,447
WBGene00019916.,0,0,0
WBGene00019917.,6,46,52
WBGene00019918.,28,67,95
WBGene00019919.,14,23,37
WBGene00019920.,20,8,28
WBGene00019921.,1,9,10
WBGene00019922.,0,10,10
WBGene00019923.,0,9,9
WBGene00019924.,18,155,173
WBGene00019925.,2,13,15
WBGene00019926.,15,18,33
WBGene00019927.,6,13,19
WBGene00019928.,34,18,52
WBGene00019929.,9,9,18
WBGene00019930.,4,7,11
WBGene00019931.,0,0,0
WBGene00019932.,20,14,34
WBGene00019933.,34,9,43
WBGene00019934.,16,8,24
WBGene00019935.,143,147,290
WBGene00019937.,0,4633,4633
WBGene00019938.,92,299,391
WBGene00019939.,32,40,72
WBGene00019940.,256,2294,2550
WBGene00019941.,107,1958,2065
WBGene00019943.,68,416,484
WBGene00019944.,64,1077,1141
WBGene00019945.,0,0,0
WBGene00019946.,75,1507,1582
WBGene00019947.,36,9194,9230
WBGene00019948.,18,26,44
WBGene00019949.,12,18,30
WBGene00019950.,39,13,52
WBGene00019951.,14,20,34
WBGene00019952.,3,267,270
WBGene00019953.,154,1450,1604
WBGene00019954.,0,1,1
WBGene00019955.,262,460,722
WBGene00019956.,1,22,23
WBGene00019957.,152,684,836
WBGene00019959.,95,367,462
WBGene00019960.,115,293,408
WBGene00019961.,1,15,16
WBGene00019962.,58,354,412
WBGene00019963.,26,486,512
WBGene00019964.,31,57,88
WBGene00019965.,81,85,166
WBGene00019966.,9,46,55
WBGene00019967.,33,523,556
WBGene00019968.,12,294,306
WBGene00019969.,17,5,22
WBGene00019970.,4,26,30
WBGene00019971.,131,872,1003
WBGene00019972.,52,38,90
WBGene00019973.,53,74,127
WBGene00019975.,236,817,1053
WBGene00019976.,0,28,28
WBGene00019977.,16,44,60
WBGene00019978.,16,92,108
WBGene00019979.,27,25,52
WBGene00019980.,8,3,11
WBGene00019981.,52,13,65
WBGene00019982.,40,78,118
WBGene00019983.,155,5902,6057
WBGene00019986.,76,530,606
WBGene00019987.,10,239,249
WBGene00019988.,21,554,575
WBGene00019989.,1,30,31
WBGene00019991.,7,19,26
WBGene00019992.,0,2,2
WBGene00019993.,28,817,845
WBGene00019994.,317,305,622
WBGene00019995.,91,191,282
WBGene00019996.,8,6,14
WBGene00019997.,42,24,66
WBGene00019998.,414,1888,2302
WBGene00019999.,42,93,135
WBGene00020003.,11,17,28
WBGene00020004.,29,6,35
WBGene00020006.,185,337,522
WBGene00020007.,72,2273,2345
WBGene00020008.,35,215,250
WBGene00020010.,42,97,139
WBGene00020011.,88,282,370
WBGene00020012.,186,1890,2076
WBGene00020013.,2,3,5
WBGene00020014.,7,93,100
WBGene00020015.,7,26,33
WBGene00020016.,18,19,37
WBGene00020017.,45,25,70
WBGene00020018.,65,314,379
WBGene00020019.,17,16,33
WBGene00020020.,0,21,21
WBGene00020021.,2,4,6
WBGene00020022.,54,531,585
WBGene00020023.,38,191,229
WBGene00020025.,74,2442,2516
WBGene00020026.,177,981,1158
WBGene00020027.,127,1167,1294
WBGene00020028.,35,212,247
WBGene00020029.,166,1111,1277
WBGene00020030.,32,363,395
WBGene00020031.,159,1356,1515
WBGene00020032.,1,2,3
WBGene00020033.,8,81,89
WBGene00020034.,40,52,92
WBGene00020035.,12,61,73
WBGene00020036.,219,1753,1972
WBGene00020037.,27,1337,1364
WBGene00020038.,147,1505,1652
WBGene00020039.,12,44,56
WBGene00020040.,9,17,26
WBGene00020041.,11,8,19
WBGene00020042.,2,4,6
WBGene00020043.,47,402,449
WBGene00020045.,58,310,368
WBGene00020046.,60,22,82
WBGene00020047.,41,232,273
WBGene00020048.,32,47,79
WBGene00020049.,15,504,519
WBGene00020050.,31,49,80
WBGene00020051.,122,1176,1298
WBGene00020052.,15,260,275
WBGene00020053.,6,33,39
WBGene00020054.,53,980,1033
WBGene00020055.,4,19,23
WBGene00020056.,13,16,29
WBGene00020057.,17,9,26
WBGene00020058.,338,1275,1613
WBGene00020059.,33,15,48
WBGene00020060.,57,24,81
WBGene00020062.,15,316,331
WBGene00020063.,1,4,5
WBGene00020064.,146,427,573
WBGene00020065.,4,5,9
WBGene00020066.,8,9,17
WBGene00020067.,2,3,5
WBGene00020068.,269,2437,2706
WBGene00020069.,224,515,739
WBGene00020070.,0,3,3
WBGene00020071.,0,2,2
WBGene00020072.,0,1,1
WBGene00020073.,3,8,11
WBGene00020075.,23,33,56
WBGene00020076.,10,3,13
WBGene00020077.,11,1,12
WBGene00020078.,21,8,29
WBGene00020080.,89,17,106
WBGene00020081.,45,3,48
WBGene00020082.,407,975,1382
WBGene00020083.,54,151,205
WBGene00020084.,3,5,8
WBGene00020086.,48,62,110
WBGene00020087.,58,73,131
WBGene00020088.,73,149,222
WBGene00020089.,570,1049,1619
WBGene00020090.,176,225,401
WBGene00020091.,31,130,161
WBGene00020092.,278,1353,1631
WBGene00020093.,46,147,193
WBGene00020094.,45,473,518
WBGene00020095.,42,297,339
WBGene00020096.,6,388,394
WBGene00020097.,507,5567,6074
WBGene00020098.,19,177,196
WBGene00020099.,95,429,524
WBGene00020100.,114,221,335
WBGene00020101.,130,449,579
WBGene00020102.,183,1017,1200
WBGene00020103.,7,81,88
WBGene00020104.,60,355,415
WBGene00020105.,62,35,97
WBGene00020106.,287,1007,1294
WBGene00020107.,86,1683,1769
WBGene00020109.,20,477,497
WBGene00020110.,268,1873,2141
WBGene00020111.,58,466,524
WBGene00020112.,961,5309,6270
WBGene00020113.,2,513,515
WBGene00020114.,2076,4441,6517
WBGene00020115.,437,2589,3026
WBGene00020116.,76,24,100
WBGene00020117.,8,26,34
WBGene00020118.,5,46,51
WBGene00020119.,1,2,3
WBGene00020120.,14,9,23
WBGene00020121.,4,6,10
WBGene00020122.,17,3,20
WBGene00020123.,0,8,8
WBGene00020125.,51,155,206
WBGene00020126.,191,2459,2650
WBGene00020127.,8,5,13
WBGene00020128.,260,242,502
WBGene00020129.,6,8,14
WBGene00020130.,192,50,242
WBGene00020131.,961,1755,2716
WBGene00020134.,377,286,663
WBGene00020135.,107,658,765
WBGene00020136.,0,3,3
WBGene00020137.,35,184,219
WBGene00020138.,20,37,57
WBGene00020139.,58,431,489
WBGene00020140.,0,12,12
WBGene00020141.,45,258,303
WBGene00020142.,194,1444,1638
WBGene00020143.,539,4076,4615
WBGene00020144.,76,88,164
WBGene00020145.,28,16,44
WBGene00020146.,114,4627,4741
WBGene00020148.,10,103,113
WBGene00020149.,43,192,235
WBGene00020150.,9,17,26
WBGene00020151.,5,80,85
WBGene00020152.,40,52,92
WBGene00020153.,21,125,146
WBGene00020154.,2,36,38
WBGene00020155.,19,7120,7139
WBGene00020156.,45,4290,4335
WBGene00020157.,74,43,117
WBGene00020158.,209,1462,1671
WBGene00020160.,198,746,944
WBGene00020163.,140,287,427
WBGene00020164.,7,125,132
WBGene00020166.,141,1322,1463
WBGene00020167.,1,13,14
WBGene00020168.,16,85,101
WBGene00020169.,61,1154,1215
WBGene00020170.,59,26,85
WBGene00020171.,815,998,1813
WBGene00020172.,66,252,318
WBGene00020173.,9,12,21
WBGene00020174.,12,3,15
WBGene00020175.,64,12,76
WBGene00020176.,0,1,1
WBGene00020177.,7,8,15
WBGene00020178.,2,4,6
WBGene00020179.,3,14,17
WBGene00020180.,5,1,6
WBGene00020181.,4949,24870,29819
WBGene00020182.,35,77,112
WBGene00020183.,56,185,241
WBGene00020184.,41,846,887
WBGene00020185.,24,5724,5748
WBGene00020187.,57,196,253
WBGene00020188.,14,86,100
WBGene00020189.,162,298,460
WBGene00020190.,434,2696,3130
WBGene00020191.,62,265,327
WBGene00020192.,412,27140,27552
WBGene00020193.,29,244,273
WBGene00020194.,92,482,574
WBGene00020195.,111,3001,3112
WBGene00020196.,148,223,371
WBGene00020197.,73,587,660
WBGene00020199.,22,281,303
WBGene00020200.,352,2310,2662
WBGene00020201.,4,13,17
WBGene00020202.,19,11,30
WBGene00020203.,64,15,79
WBGene00020204.,30,10,40
WBGene00020205.,6,18,24
WBGene00020207.,159,624,783
WBGene00020208.,378,1360,1738
WBGene00020209.,768,2960,3728
WBGene00020210.,0,6,6
WBGene00020211.,0,7,7
WBGene00020212.,57,40,97
WBGene00020214.,49,319,368
WBGene00020215.,140,1179,1319
WBGene00020216.,66,5512,5578
WBGene00020217.,49,23,72
WBGene00020218.,14,38,52
WBGene00020219.,27,131,158
WBGene00020220.,14,323,337
WBGene00020221.,0,0,0
WBGene00020222.,44,146,190
WBGene00020223.,11,28,39
WBGene00020224.,26,121,147
WBGene00020225.,28,12,40
WBGene00020227.,7,23,30
WBGene00020228.,3,35,38
WBGene00020229.,82,3749,3831
WBGene00020230.,308,857,1165
WBGene00020231.,54,87,141
WBGene00020232.,8,10,18
WBGene00020233.,11,30,41
WBGene00020234.,269,977,1246
WBGene00020235.,133,496,629
WBGene00020236.,103,78,181
WBGene00020237.,4,398,402
WBGene00020238.,13,13,26
WBGene00020239.,4,6,10
WBGene00020240.,0,2,2
WBGene00020241.,1,10,11
WBGene00020242.,1,83,84
WBGene00020243.,16,34,50
WBGene00020244.,5,16,21
WBGene00020245.,94,215,309
WBGene00020246.,294,4077,4371
WBGene00020247.,31,32,63
WBGene00020248.,27,208,235
WBGene00020249.,220,649,869
WBGene00020250.,24,70,94
WBGene00020251.,432,1964,2396
WBGene00020252.,12,34,46
WBGene00020254.,63,69,132
WBGene00020256.,63,225,288
WBGene00020258.,60,177,237
WBGene00020259.,63,414,477
WBGene00020260.,238,1170,1408
WBGene00020261.,1,9,10
WBGene00020262.,79,115,194
WBGene00020263.,149,501,650
WBGene00020264.,53,430,483
WBGene00020265.,2,12,14
WBGene00020266.,35,28,63
WBGene00020267.,16,34,50
WBGene00020268.,244,1158,1402
WBGene00020269.,503,4047,4550
WBGene00020270.,12,25,37
WBGene00020271.,4,8,12
WBGene00020273.,195,600,795
WBGene00020274.,73,884,957
WBGene00020275.,5437,31779,37216
WBGene00020276.,3,171,174
WBGene00020277.,19,37,56
WBGene00020279.,379,453,832
WBGene00020280.,49,175,224
WBGene00020281.,39,39,78
WBGene00020282.,10,0,10
WBGene00020283.,73,40,113
WBGene00020284.,315,1166,1481
WBGene00020285.,8,13,21
WBGene00020286.,26,611,637
WBGene00020287.,60,1281,1341
WBGene00020288.,25,10,35
WBGene00020289.,16,11,27
WBGene00020290.,15,19,34
WBGene00020291.,8,1,9
WBGene00020292.,14,14,28
WBGene00020293.,15,36,51
WBGene00020294.,533,779,1312
WBGene00020295.,28,129,157
WBGene00020296.,118,743,861
WBGene00020297.,1353,8951,10304
WBGene00020298.,194,1143,1337
WBGene00020299.,160,783,943
WBGene00020300.,20,172,192
WBGene00020301.,242,538,780
WBGene00020302.,0,207,207
WBGene00020304.,31,13,44
WBGene00020305.,16,11,27
WBGene00020306.,36,14,50
WBGene00020307.,163,307,470
WBGene00020308.,53,6,59
WBGene00020309.,52,7,59
WBGene00020311.,11,202,213
WBGene00020313.,9,34,43
WBGene00020314.,48,251,299
WBGene00020315.,49,1395,1444
WBGene00020316.,183,459,642
WBGene00020317.,302,16322,16624
WBGene00020318.,11,34,45
WBGene00020319.,16,79,95
WBGene00020320.,7,211,218
WBGene00020321.,13,597,610
WBGene00020322.,20,377,397
WBGene00020323.,49,59,108
WBGene00020324.,180,1133,1313
WBGene00020325.,14,42,56
WBGene00020326.,8,5,13
WBGene00020327.,3,31,34
WBGene00020328.,5,13,18
WBGene00020329.,15,54,69
WBGene00020330.,78,250,328
WBGene00020333.,6,15,21
WBGene00020334.,176,1212,1388
WBGene00020335.,33,159,192
WBGene00020338.,15,13,28
WBGene00020339.,23,319,342
WBGene00020340.,86,454,540
WBGene00020341.,40,196,236
WBGene00020342.,7,6,13
WBGene00020343.,56,136,192
WBGene00020345.,5,43,48
WBGene00020346.,438,1295,1733
WBGene00020347.,358,3272,3630
WBGene00020348.,16,1014,1030
WBGene00020349.,59,76,135
WBGene00020350.,0,20,20
WBGene00020351.,0,4,4
WBGene00020352.,29,6,35
WBGene00020353.,31,24,55
WBGene00020354.,3,13,16
WBGene00020356.,26,16,42
WBGene00020357.,79,14,93
WBGene00020358.,7,30,37
WBGene00020359.,8,19,27
WBGene00020360.,171,398,569
WBGene00020361.,41,13,54
WBGene00020362.,0,4,4
WBGene00020363.,33,214,247
WBGene00020364.,0,15,15
WBGene00020365.,96,24,120
WBGene00020366.,377,3815,4192
WBGene00020368.,89,1109,1198
WBGene00020369.,109,697,806
WBGene00020370.,22,55,77
WBGene00020371.,7,3,10
WBGene00020372.,15,14,29
WBGene00020373.,12,491,503
WBGene00020374.,1294,1877,3171
WBGene00020375.,18,180,198
WBGene00020376.,40,250,290
WBGene00020377.,26,238,264
WBGene00020378.,59,227,286
WBGene00020379.,65,1005,1070
WBGene00020380.,25,2,27
WBGene00020381.,28,46,74
WBGene00020382.,1015,10133,11148
WBGene00020383.,552,1551,2103
WBGene00020384.,39,30,69
WBGene00020385.,139,103,242
WBGene00020386.,12,17,29
WBGene00020388.,41,27,68
WBGene00020389.,221,2049,2270
WBGene00020390.,160,1927,2087
WBGene00020391.,60,11401,11461
WBGene00020392.,53,641,694
WBGene00020393.,41,292,333
WBGene00020394.,21,148,169
WBGene00020396.,86,119,205
WBGene00020397.,524,3679,4203
WBGene00020398.,163,912,1075
WBGene00020399.,193,1376,1569
WBGene00020400.,7,4,11
WBGene00020401.,67,54,121
WBGene00020402.,136,1050,1186
WBGene00020403.,186,919,1105
WBGene00020404.,62,285,347
WBGene00020406.,1,4,5
WBGene00020407.,14,261,275
WBGene00020408.,74,218,292
WBGene00020409.,14,4,18
WBGene00020410.,4,11,15
WBGene00020411.,19,277,296
WBGene00020412.,62,393,455
WBGene00020413.,100,333,433
WBGene00020414.,20,10,30
WBGene00020415.,26,183,209
WBGene00020416.,5,15,20
WBGene00020417.,64,5247,5311
WBGene00020418.,37,77,114
WBGene00020419.,11,35,46
WBGene00020420.,14,32,46
WBGene00020421.,50,44,94
WBGene00020422.,27,437,464
WBGene00020423.,20,2299,2319
WBGene00020424.,12,44,56
WBGene00020425.,52,425,477
WBGene00020426.,24,230,254
WBGene00020427.,79,395,474
WBGene00020428.,10,8,18
WBGene00020430.,60,3,63
WBGene00020431.,14,10,24
WBGene00020432.,44,16,60
WBGene00020433.,5,1,6
WBGene00020434.,1,12,13
WBGene00020435.,25,25,50
WBGene00020436.,337,85,422
WBGene00020437.,48,2141,2189
WBGene00020438.,0,5,5
WBGene00020439.,4,13,17
WBGene00020440.,1,9,10
WBGene00020441.,199,621,820
WBGene00020442.,69,663,732
WBGene00020443.,202,683,885
WBGene00020444.,54,101,155
WBGene00020445.,24,71,95
WBGene00020446.,20,701,721
WBGene00020447.,164,1014,1178
WBGene00020448.,3,16,19
WBGene00020449.,12,27,39
WBGene00020450.,26,161,187
WBGene00020451.,31,160,191
WBGene00020452.,1,7,8
WBGene00020453.,9,39,48
WBGene00020454.,0,2,2
WBGene00020455.,19,114,133
WBGene00020456.,9,64,73
WBGene00020457.,23,312,335
WBGene00020458.,3,8,11
WBGene00020459.,0,1,1
WBGene00020460.,15,12,27
WBGene00020461.,33,64,97
WBGene00020462.,132,434,566
WBGene00020463.,28,312,340
WBGene00020464.,8,285,293
WBGene00020465.,126,72,198
WBGene00020466.,29,218,247
WBGene00020467.,8,12,20
WBGene00020468.,26,33,59
WBGene00020469.,0,0,0
WBGene00020471.,292,1107,1399
WBGene00020472.,10,12,22
WBGene00020473.,18,3,21
WBGene00020474.,79,27,106
WBGene00020475.,147,1013,1160
WBGene00020476.,29,5,34
WBGene00020478.,148,79,227
WBGene00020479.,157,847,1004
WBGene00020480.,76,392,468
WBGene00020481.,173,2046,2219
WBGene00020482.,50,96,146
WBGene00020483.,14,40,54
WBGene00020484.,3,17,20
WBGene00020485.,26,41,67
WBGene00020486.,92,269,361
WBGene00020487.,2,21,23
WBGene00020488.,6,62,68
WBGene00020489.,160,257,417
WBGene00020490.,372,863,1235
WBGene00020491.,62,248,310
WBGene00020492.,24,5,29
WBGene00020494.,59,41,100
WBGene00020496.,317,1628,1945
WBGene00020497.,5,680,685
WBGene00020498.,120,669,789
WBGene00020499.,278,905,1183
WBGene00020500.,69,412,481
WBGene00020501.,79,430,509
WBGene00020502.,175,355,530
WBGene00020503.,64,32,96
WBGene00020504.,304,575,879
WBGene00020505.,9,15,24
WBGene00020506.,122,151,273
WBGene00020507.,49,2085,2134
WBGene00020508.,28,278,306
WBGene00020509.,186,690,876
WBGene00020510.,46,575,621
WBGene00020511.,199,2623,2822
WBGene00020515.,6,8,14
WBGene00020516.,97,193,290
WBGene00020517.,55,1875,1930
WBGene00020520.,69,17,86
WBGene00020522.,60,29,89
WBGene00020523.,17,4,21
WBGene00020524.,41,13,54
WBGene00020525.,3,4,7
WBGene00020526.,17,1,18
WBGene00020527.,56,34,90
WBGene00020528.,145,62,207
WBGene00020530.,255,1252,1507
WBGene00020531.,18,32,50
WBGene00020532.,44,26,70
WBGene00020533.,9,9,18
WBGene00020534.,0,6,6
WBGene00020535.,1,7,8
WBGene00020536.,0,2,2
WBGene00020537.,5,15,20
WBGene00020539.,1,7,8
WBGene00020540.,73,184,257
WBGene00020541.,5,3,8
WBGene00020542.,1,20,21
WBGene00020543.,7,7,14
WBGene00020544.,1,1,2
WBGene00020545.,4,2,6
WBGene00020546.,20,4,24
WBGene00020547.,3,4,7
WBGene00020548.,0,0,0
WBGene00020549.,6,2128,2134
WBGene00020550.,1,69,70
WBGene00020551.,12,32,44
WBGene00020553.,75,1053,1128
WBGene00020554.,46,108,154
WBGene00020555.,15,30,45
WBGene00020556.,83,224,307
WBGene00020557.,245,1340,1585
WBGene00020558.,50,298,348
WBGene00020559.,40,70,110
WBGene00020560.,58,34,92
WBGene00020561.,533,2445,2978
WBGene00020562.,96,1618,1714
WBGene00020563.,151,840,991
WBGene00020564.,23,88,111
WBGene00020565.,7,212,219
WBGene00020566.,62,272,334
WBGene00020567.,61,59,120
WBGene00020568.,272,1470,1742
WBGene00020569.,72,78,150
WBGene00020571.,36,18,54
WBGene00020572.,96,390,486
WBGene00020573.,45,293,338
WBGene00020574.,20,33,53
WBGene00020575.,46,79,125
WBGene00020576.,14,313,327
WBGene00020577.,14,187,201
WBGene00020578.,3,11,14
WBGene00020579.,176,630,806
WBGene00020580.,1,12,13
WBGene00020581.,423,1044,1467
WBGene00020582.,13,205,218
WBGene00020583.,17,20,37
WBGene00020584.,40,7,47
WBGene00020585.,344,4819,5163
WBGene00020586.,86,164,250
WBGene00020587.,60,510,570
WBGene00020588.,111,1046,1157
WBGene00020589.,386,2236,2622
WBGene00020590.,30,29,59
WBGene00020591.,22,32,54
WBGene00020592.,69,918,987
WBGene00020593.,37,370,407
WBGene00020594.,10,35,45
WBGene00020595.,82,389,471
WBGene00020596.,98,768,866
WBGene00020598.,15,53,68
WBGene00020599.,69,200,269
WBGene00020600.,194,945,1139
WBGene00020601.,49,978,1027
WBGene00020602.,14,16,30
WBGene00020603.,0,1,1
WBGene00020604.,55,2180,2235
WBGene00020605.,69,385,454
WBGene00020607.,18,16,34
WBGene00020608.,18,15,33
WBGene00020609.,37,7,44
WBGene00020611.,53,9,62
WBGene00020612.,29,111,140
WBGene00020613.,2,1,3
WBGene00020614.,50,15,65
WBGene00020615.,26,7,33
WBGene00020616.,7,3,10
WBGene00020617.,7,8,15
WBGene00020618.,2,9,11
WBGene00020619.,9,1,10
WBGene00020620.,4,28,32
WBGene00020622.,0,2,2
WBGene00020623.,12,15,27
WBGene00020624.,12,5,17
WBGene00020625.,38,527,565
WBGene00020626.,23,66,89
WBGene00020627.,66,86,152
WBGene00020628.,94,630,724
WBGene00020629.,56,550,606
WBGene00020630.,76,408,484
WBGene00020631.,8,9,17
WBGene00020632.,223,281,504
WBGene00020633.,57,646,703
WBGene00020634.,37,49,86
WBGene00020635.,19,13,32
WBGene00020636.,82,6700,6782
WBGene00020637.,5,10,15
WBGene00020638.,13,4,17
WBGene00020639.,7,24,31
WBGene00020640.,8,5,13
WBGene00020641.,0,15,15
WBGene00020642.,18,26,44
WBGene00020645.,8,8,16
WBGene00020646.,26,15,41
WBGene00020647.,90,825,915
WBGene00020648.,7,47,54
WBGene00020649.,110,352,462
WBGene00020650.,5,13,18
WBGene00020651.,62,253,315
WBGene00020652.,9,51,60
WBGene00020653.,6,16,22
WBGene00020655.,12,6,18
WBGene00020656.,16,0,16
WBGene00020657.,263,87,350
WBGene00020658.,46,304,350
WBGene00020659.,37,10,47
WBGene00020660.,0,4,4
WBGene00020661.,4,8,12
WBGene00020662.,548,3326,3874
WBGene00020663.,99,105,204
WBGene00020664.,77,24,101
WBGene00020665.,5,21,26
WBGene00020666.,37,8,45
WBGene00020667.,20,9,29
WBGene00020669.,52,8,60
WBGene00020670.,0,2,2
WBGene00020672.,660,61,721
WBGene00020673.,62,262,324
WBGene00020674.,23,38,61
WBGene00020675.,45,31,76
WBGene00020678.,409,1582,1991
WBGene00020679.,207,6031,6238
WBGene00020680.,15,10,25
WBGene00020682.,266,1846,2112
WBGene00020683.,48,3693,3741
WBGene00020684.,4,42,46
WBGene00020686.,132,16,148
WBGene00020687.,62,1113,1175
WBGene00020688.,27,25,52
WBGene00020689.,179,340,519
WBGene00020690.,235,1057,1292
WBGene00020691.,50,68,118
WBGene00020692.,28,57,85
WBGene00020693.,158,699,857
WBGene00020694.,74,122,196
WBGene00020695.,51,672,723
WBGene00020696.,305,7051,7356
WBGene00020697.,50,63,113
WBGene00020698.,22,19,41
WBGene00020699.,68,179,247
WBGene00020700.,10,37,47
WBGene00020701.,89,377,466
WBGene00020702.,118,70,188
WBGene00020703.,345,2761,3106
WBGene00020705.,259,813,1072
WBGene00020706.,226,648,874
WBGene00020707.,25,27,52
WBGene00020708.,24,138,162
WBGene00020709.,17,544,561
WBGene00020710.,35,1798,1833
WBGene00020711.,0,1,1
WBGene00020712.,124,206,330
WBGene00020713.,13,78,91
WBGene00020714.,14,96,110
WBGene00020715.,0,2,2
WBGene00020716.,25,125,150
WBGene00020717.,230,1015,1245
WBGene00020718.,47,875,922
WBGene00020719.,64,979,1043
WBGene00020720.,14,16,30
WBGene00020721.,34,209,243
WBGene00020722.,246,1661,1907
WBGene00020725.,18,339,357
WBGene00020726.,66,222,288
WBGene00020727.,30,99,129
WBGene00020728.,38,24,62
WBGene00020729.,100,66,166
WBGene00020730.,25,45,70
WBGene00020732.,446,3953,4399
WBGene00020735.,296,1066,1362
WBGene00020736.,999,1738,2737
WBGene00020737.,87,186,273
WBGene00020738.,162,1651,1813
WBGene00020739.,32,6,38
WBGene00020740.,36,426,462
WBGene00020741.,16,69,85
WBGene00020742.,150,706,856
WBGene00020743.,31,203,234
WBGene00020744.,0,32,32
WBGene00020746.,15,14,29
WBGene00020747.,4,35,39
WBGene00020748.,26,22,48
WBGene00020749.,16,46,62
WBGene00020750.,14,6,20
WBGene00020751.,3,4,7
WBGene00020752.,0,1,1
WBGene00020753.,0,1,1
WBGene00020754.,0,0,0
WBGene00020755.,4,8,12
WBGene00020756.,98,657,755
WBGene00020757.,24,261,285
WBGene00020758.,61,192,253
WBGene00020759.,12,90,102
WBGene00020760.,151,746,897
WBGene00020761.,82,354,436
WBGene00020762.,125,1540,1665
WBGene00020763.,42,352,394
WBGene00020764.,14,9,23
WBGene00020765.,136,141,277
WBGene00020766.,7,11,18
WBGene00020767.,112,1200,1312
WBGene00020769.,3,1,4
WBGene00020770.,268,149,417
WBGene00020771.,6,8,14
WBGene00020772.,3,4,7
WBGene00020773.,11,5,16
WBGene00020774.,30,90,120
WBGene00020775.,13,9,22
WBGene00020777.,82,125,207
WBGene00020778.,6,16,22
WBGene00020779.,421,1368,1789
WBGene00020781.,186,1759,1945
WBGene00020782.,64,461,525
WBGene00020783.,46,177,223
WBGene00020784.,86,123,209
WBGene00020785.,17,18,35
WBGene00020786.,58,72,130
WBGene00020787.,33,22,55
WBGene00020788.,101,787,888
WBGene00020789.,17,30,47
WBGene00020790.,66,298,364
WBGene00020791.,36,7,43
WBGene00020792.,14,22,36
WBGene00020793.,53,25,78
WBGene00020794.,24,23,47
WBGene00020795.,160,86,246
WBGene00020796.,44,1857,1901
WBGene00020797.,23,15,38
WBGene00020798.,70,197,267
WBGene00020799.,56,906,962
WBGene00020800.,37,133,170
WBGene00020801.,13,176,189
WBGene00020802.,4,5,9
WBGene00020803.,9,21,30
WBGene00020804.,14,28,42
WBGene00020805.,0,57,57
WBGene00020806.,39,136,175
WBGene00020807.,46,45,91
WBGene00020808.,18123,114473,132596
WBGene00020809.,45,18,63
WBGene00020811.,163,623,786
WBGene00020812.,369,4993,5362
WBGene00020813.,37,35,72
WBGene00020817.,0,43,43
WBGene00020819.,40,166,206
WBGene00020820.,23,260,283
WBGene00020821.,79,1091,1170
WBGene00020822.,77,398,475
WBGene00020823.,90,291,381
WBGene00020824.,221,948,1169
WBGene00020825.,103,411,514
WBGene00020826.,66,31,97
WBGene00020827.,257,1490,1747
WBGene00020829.,68,5,73
WBGene00020830.,100,215,315
WBGene00020831.,73,1013,1086
WBGene00020832.,41,13,54
WBGene00020833.,40,95,135
WBGene00020834.,86,40,126
WBGene00020835.,152,6,158
WBGene00020836.,162,2091,2253
WBGene00020837.,23,380,403
WBGene00020838.,252,3029,3281
WBGene00020839.,112,997,1109
WBGene00020840.,0,56,56
WBGene00020841.,3,3,6
WBGene00020842.,27,211,238
WBGene00020843.,8,172,180
WBGene00020844.,0,219,219
WBGene00020845.,4,3,7
WBGene00020846.,116,169,285
WBGene00020847.,112,251,363
WBGene00020849.,20,69,89
WBGene00020850.,9,38,47
WBGene00020851.,15,17,32
WBGene00020852.,137,612,749
WBGene00020853.,26,81,107
WBGene00020854.,423,11266,11689
WBGene00020855.,204,201,405
WBGene00020856.,21,18,39
WBGene00020857.,46,26,72
WBGene00020858.,91,43,134
WBGene00020859.,16,35,51
WBGene00020860.,0,65,65
WBGene00020861.,135,351,486
WBGene00020862.,2652,19196,21848
WBGene00020863.,5,8,13
WBGene00020864.,60,43,103
WBGene00020865.,77,798,875
WBGene00020866.,279,445,724
WBGene00020867.,337,1111,1448
WBGene00020868.,1325,8221,9546
WBGene00020869.,32,275,307
WBGene00020870.,6,11,17
WBGene00020871.,8,2,10
WBGene00020872.,3,2,5
WBGene00020873.,5,12,17
WBGene00020874.,13,10,23
WBGene00020875.,1,8,9
WBGene00020877.,9,28,37
WBGene00020878.,22,82,104
WBGene00020879.,8,11,19
WBGene00020880.,25,26,51
WBGene00020881.,12,14,26
WBGene00020882.,26,8,34
WBGene00020883.,12,271,283
WBGene00020884.,253,1343,1596
WBGene00020885.,50,8,58
WBGene00020886.,124,4185,4309
WBGene00020887.,381,1324,1705
WBGene00020888.,28,14,42
WBGene00020889.,14,57,71
WBGene00020890.,6,10,16
WBGene00020891.,320,2760,3080
WBGene00020892.,17,17,34
WBGene00020893.,31,30,61
WBGene00020894.,1472,19380,20852
WBGene00020895.,686,3547,4233
WBGene00020896.,4,145,149
WBGene00020897.,248,631,879
WBGene00020898.,8,123,131
WBGene00020899.,0,6,6
WBGene00020900.,15,16,31
WBGene00020901.,80,405,485
WBGene00020902.,499,1741,2240
WBGene00020903.,120,102,222
WBGene00020904.,28,88,116
WBGene00020905.,8,16,24
WBGene00020906.,20,38,58
WBGene00020908.,22,124,146
WBGene00020909.,62,332,394
WBGene00020910.,18,136,154
WBGene00020911.,47,115,162
WBGene00020912.,47,621,668
WBGene00020913.,5,15,20
WBGene00020914.,38,27,65
WBGene00020915.,189,10151,10340
WBGene00020917.,284,2028,2312
WBGene00020918.,17,0,17
WBGene00020919.,29,337,366
WBGene00020920.,118,332,450
WBGene00020921.,44,691,735
WBGene00020922.,0,3,3
WBGene00020923.,0,18,18
WBGene00020924.,34,102,136
WBGene00020927.,137,6,143
WBGene00020929.,251,1652,1903
WBGene00020930.,1563,4878,6441
WBGene00020931.,26,2054,2080
WBGene00020932.,209,1268,1477
WBGene00020933.,55,658,713
WBGene00020935.,143,769,912
WBGene00020936.,77,1421,1498
WBGene00020937.,15,452,467
WBGene00020938.,25,129,154
WBGene00020939.,46,384,430
WBGene00020940.,5,11,16
WBGene00020941.,25,38,63
WBGene00020942.,254,1182,1436
WBGene00020943.,8,19,27
WBGene00020944.,4,11,15
WBGene00020945.,76,9,85
WBGene00020946.,63,239,302
WBGene00020947.,116,241,357
WBGene00020948.,4,30,34
WBGene00020949.,20,270,290
WBGene00020950.,259,7741,8000
WBGene00020951.,246,1831,2077
WBGene00020952.,395,136,531
WBGene00020953.,0,9,9
WBGene00020954.,160,338,498
WBGene00020955.,204,123,327
WBGene00020957.,121,217,338
WBGene00020961.,52,35,87
WBGene00020962.,54,85,139
WBGene00020964.,157,394,551
WBGene00020966.,52,31,83
WBGene00020967.,18,75,93
WBGene00020970.,193,601,794
WBGene00020971.,0,2,2
WBGene00020972.,44,74,118
WBGene00020973.,1,36,37
WBGene00020974.,0,0,0
WBGene00020976.,31,17,48
WBGene00020977.,42,24,66
WBGene00020978.,17,6,23
WBGene00020979.,1,4,5
WBGene00020981.,5,15,20
WBGene00020982.,13,4,17
WBGene00020983.,31,29,60
WBGene00020984.,1,11,12
WBGene00020985.,5,86,91
WBGene00020986.,43,20,63
WBGene00020987.,8,17,25
WBGene00020988.,1,7,8
WBGene00020989.,24,69,93
WBGene00020990.,1,7,8
WBGene00020991.,1,4,5
WBGene00020992.,5,5,10
WBGene00020993.,51,978,1029
WBGene00020994.,28,1471,1499
WBGene00020995.,30,190,220
WBGene00020997.,94,180,274
WBGene00020999.,109,706,815
WBGene00021000.,11,390,401
WBGene00021001.,22,9,31
WBGene00021002.,65,500,565
WBGene00021003.,4,7,11
WBGene00021004.,254,2255,2509
WBGene00021005.,18,19,37
WBGene00021006.,10,4,14
WBGene00021007.,13,40,53
WBGene00021008.,45,27,72
WBGene00021009.,1385,1992,3377
WBGene00021010.,12,9,21
WBGene00021011.,0,231,231
WBGene00021012.,75,321,396
WBGene00021013.,0,94,94
WBGene00021014.,19,105,124
WBGene00021015.,3,123,126
WBGene00021016.,29,21,50
WBGene00021017.,27,84,111
WBGene00021018.,0,6,6
WBGene00021019.,20,29,49
WBGene00021020.,532,806,1338
WBGene00021021.,371,1397,1768
WBGene00021022.,222,611,833
WBGene00021023.,0,24,24
WBGene00021024.,416,2946,3362
WBGene00021025.,83,58,141
WBGene00021026.,267,2578,2845
WBGene00021027.,106,177,283
WBGene00021028.,76,34,110
WBGene00021029.,0,26,26
WBGene00021030.,1,11,12
WBGene00021031.,4,29,33
WBGene00021032.,39,3,42
WBGene00021033.,11,4,15
WBGene00021034.,6,14,20
WBGene00021035.,9,38,47
WBGene00021036.,863,2946,3809
WBGene00021037.,32,80,112
WBGene00021038.,74,211,285
WBGene00021039.,68,277,345
WBGene00021040.,13,26,39
WBGene00021041.,11,11,22
WBGene00021042.,12,24,36
WBGene00021043.,825,21370,22195
WBGene00021044.,268,1803,2071
WBGene00021045.,1,2,3
WBGene00021046.,91,426,517
WBGene00021047.,266,1570,1836
WBGene00021048.,377,2566,2943
WBGene00021049.,63,304,367
WBGene00021050.,0,39924,39924
WBGene00021051.,39,229,268
WBGene00021052.,66,63,129
WBGene00021053.,20,55,75
WBGene00021054.,0,8,8
WBGene00021055.,44,155,199
WBGene00021056.,10,33,43
WBGene00021057.,33,430,463
WBGene00021058.,112,364,476
WBGene00021059.,169,388,557
WBGene00021060.,73,249,322
WBGene00021061.,47,319,366
WBGene00021063.,56,442,498
WBGene00021066.,12,246,258
WBGene00021067.,11,29,40
WBGene00021068.,234,821,1055
WBGene00021070.,105,134,239
WBGene00021072.,93,19,112
WBGene00021073.,291,2672,2963
WBGene00021074.,81,1141,1222
WBGene00021075.,22999,196,23195
WBGene00021076.,28,224,252
WBGene00021078.,528,1570,2098
WBGene00021079.,785,4504,5289
WBGene00021080.,245,1155,1400
WBGene00021081.,69,13,82
WBGene00021082.,8,228,236
WBGene00021083.,0,4,4
WBGene00021084.,4,48,52
WBGene00021085.,0,2,2
WBGene00021086.,0,2,2
WBGene00021087.,31,45,76
WBGene00021088.,144,7711,7855
WBGene00021089.,16,147,163
WBGene00021090.,16,2,18
WBGene00021091.,1,10,11
WBGene00021092.,1,11,12
WBGene00021093.,60,1417,1477
WBGene00021094.,19,24,43
WBGene00021095.,35,608,643
WBGene00021096.,52,14,66
WBGene00021097.,153,1621,1774
WBGene00021098.,0,0,0
WBGene00021099.,8,23,31
WBGene00021100.,8,81,89
WBGene00021101.,10,15,25
WBGene00021103.,149,439,588
WBGene00021104.,209,402,611
WBGene00021106.,0,0,0
WBGene00021107.,0,0,0
WBGene00021108.,0,0,0
WBGene00021109.,4,3,7
WBGene00021110.,25,25,50
WBGene00021111.,70,146,216
WBGene00021112.,4,510,514
WBGene00021113.,1,4,5
WBGene00021114.,0,13,13
WBGene00021115.,0,4,4
WBGene00021116.,91,369,460
WBGene00021117.,9,27,36
WBGene00021118.,14,6,20
WBGene00021120.,3,19,22
WBGene00021121.,49,440,489
WBGene00021122.,10,10,20
WBGene00021123.,75,192,267
WBGene00021124.,156,87,243
WBGene00021125.,58,92,150
WBGene00021127.,51,823,874
WBGene00021128.,547,3775,4322
WBGene00021129.,33,13,46
WBGene00021130.,53,15,68
WBGene00021131.,87,317,404
WBGene00021132.,134,526,660
WBGene00021133.,221,2418,2639
WBGene00021134.,21,33,54
WBGene00021135.,3,11,14
WBGene00021136.,3,13,16
WBGene00021137.,6,2,8
WBGene00021138.,2,7,9
WBGene00021139.,6,13,19
WBGene00021140.,5,3,8
WBGene00021141.,7,10,17
WBGene00021142.,1,5,6
WBGene00021143.,1,4,5
WBGene00021144.,15,7,22
WBGene00021145.,6,12,18
WBGene00021146.,125,138,263
WBGene00021148.,57,315,372
WBGene00021149.,216,1158,1374
WBGene00021150.,0,2,2
WBGene00021151.,17,15,32
WBGene00021152.,190,242,432
WBGene00021153.,56,17,73
WBGene00021154.,8,7,15
WBGene00021155.,17,234,251
WBGene00021156.,69,209,278
WBGene00021157.,52,45,97
WBGene00021158.,19,54,73
WBGene00021159.,115,150,265
WBGene00021160.,139,331,470
WBGene00021161.,1175,7554,8729
WBGene00021162.,2,5,7
WBGene00021163.,15,94,109
WBGene00021164.,23,3,26
WBGene00021165.,0,19,19
WBGene00021166.,9,8,17
WBGene00021167.,42,90,132
WBGene00021168.,10,44,54
WBGene00021169.,1,5,6
WBGene00021170.,36,1140,1176
WBGene00021171.,88,394,482
WBGene00021173.,12,8,20
WBGene00021174.,0,3,3
WBGene00021175.,44,4,48
WBGene00021176.,61,186,247
WBGene00021177.,22,8,30
WBGene00021178.,10,141,151
WBGene00021179.,12,2,14
WBGene00021180.,54,39,93
WBGene00021181.,22,15,37
WBGene00021182.,29,12,41
WBGene00021183.,13,17,30
WBGene00021184.,11,10,21
WBGene00021185.,101,268,369
WBGene00021186.,119,183,302
WBGene00021187.,8,1261,1269
WBGene00021188.,1,0,1
WBGene00021190.,18,103,121
WBGene00021191.,149,920,1069
WBGene00021192.,26,128,154
WBGene00021193.,12,10,22
WBGene00021195.,20,23,43
WBGene00021196.,26,18,44
WBGene00021197.,7,5,12
WBGene00021198.,24,10,34
WBGene00021199.,13,40,53
WBGene00021200.,30,63,93
WBGene00021201.,11,199,210
WBGene00021202.,101,768,869
WBGene00021204.,13,51,64
WBGene00021205.,44,699,743
WBGene00021207.,29,11,40
WBGene00021208.,83,608,691
WBGene00021209.,260,656,916
WBGene00021210.,149,648,797
WBGene00021212.,34,13,47
WBGene00021213.,86,27,113
WBGene00021214.,20,17,37
WBGene00021215.,207,54,261
WBGene00021216.,0,0,0
WBGene00021217.,0,0,0
WBGene00021218.,0,0,0
WBGene00021219.,0,0,0
WBGene00021220.,0,9,9
WBGene00021221.,0,0,0
WBGene00021222.,0,0,0
WBGene00021223.,0,0,0
WBGene00021224.,0,0,0
WBGene00021225.,0,0,0
WBGene00021226.,0,0,0
WBGene00021227.,0,0,0
WBGene00021228.,0,0,0
WBGene00021230.,18,11,29
WBGene00021232.,19,7,26
WBGene00021233.,39,20,59
WBGene00021234.,55,7,62
WBGene00021235.,22,20,42
WBGene00021236.,0,438,438
WBGene00021237.,199,445,644
WBGene00021238.,504,119,623
WBGene00021239.,621,428,1049
WBGene00021241.,0,6,6
WBGene00021243.,0,15,15
WBGene00021244.,193,41,234
WBGene00021245.,75,321,396
WBGene00021246.,113,196,309
WBGene00021247.,109,151,260
WBGene00021248.,2715,32353,35068
WBGene00021249.,18,18,36
WBGene00021252.,24,17,41
WBGene00021253.,75,465,540
WBGene00021254.,62,90,152
WBGene00021256.,73,28,101
WBGene00021257.,8,33,41
WBGene00021259.,51,14,65
WBGene00021260.,115,356,471
WBGene00021261.,31,11,42
WBGene00021262.,4,36,40
WBGene00021263.,11,11,22
WBGene00021264.,31,294,325
WBGene00021265.,45,97,142
WBGene00021266.,28,4,32
WBGene00021267.,46,91,137
WBGene00021268.,34,260,294
WBGene00021269.,94,224,318
WBGene00021270.,13,899,912
WBGene00021271.,58,148,206
WBGene00021272.,146,1110,1256
WBGene00021273.,1,2,3
WBGene00021274.,90,264,354
WBGene00021275.,268,332,600
WBGene00021276.,234,760,994
WBGene00021277.,141,1152,1293
WBGene00021278.,84,19,103
WBGene00021279.,38,25,63
WBGene00021280.,0,7,7
WBGene00021281.,788,2885,3673
WBGene00021282.,35,122,157
WBGene00021284.,7,7,14
WBGene00021285.,0,6,6
WBGene00021286.,267,2139,2406
WBGene00021287.,13,18,31
WBGene00021288.,40,25,65
WBGene00021289.,0,8,8
WBGene00021290.,2,11,13
WBGene00021291.,24,16,40
WBGene00021292.,167,2304,2471
WBGene00021293.,1,8,9
WBGene00021294.,252,524,776
WBGene00021295.,132,513,645
WBGene00021296.,19,619,638
WBGene00021297.,25,17,42
WBGene00021298.,19,3,22
WBGene00021299.,5,6,11
WBGene00021300.,1,5,6
WBGene00021301.,36,11,47
WBGene00021302.,14,13,27
WBGene00021303.,0,6,6
WBGene00021304.,162,243,405
WBGene00021305.,508,690,1198
WBGene00021309.,77,96,173
WBGene00021310.,20,10,30
WBGene00021311.,85,506,591
WBGene00021312.,77,2053,2130
WBGene00021313.,65,566,631
WBGene00021314.,81,509,590
WBGene00021315.,62,593,655
WBGene00021316.,290,1807,2097
WBGene00021317.,4,1,5
WBGene00021319.,126,333,459
WBGene00021320.,264,626,890
WBGene00021321.,40,66,106
WBGene00021322.,589,2356,2945
WBGene00021323.,123,711,834
WBGene00021324.,121,287,408
WBGene00021325.,205,855,1060
WBGene00021326.,29,87,116
WBGene00021327.,1455,2314,3769
WBGene00021328.,31,207,238
WBGene00021329.,126,445,571
WBGene00021331.,190,3322,3512
WBGene00021332.,256,380,636
WBGene00021333.,110,227,337
WBGene00021334.,545,691,1236
WBGene00021335.,0,332,332
WBGene00021336.,8,34,42
WBGene00021337.,11,21,32
WBGene00021338.,111,39,150
WBGene00021339.,20,17,37
WBGene00021340.,93,411,504
WBGene00021342.,165,21,186
WBGene00021343.,68,142,210
WBGene00021344.,165,130,295
WBGene00021345.,0,4,4
WBGene00021346.,171,940,1111
WBGene00021347.,194,2108,2302
WBGene00021348.,307,2198,2505
WBGene00021349.,77,251,328
WBGene00021350.,50306,199989,250295
WBGene00021351.,174,1983,2157
WBGene00021352.,169,1102,1271
WBGene00021353.,174,229,403
WBGene00021354.,38,85,123
WBGene00021355.,681,2686,3367
WBGene00021357.,130,164,294
WBGene00021358.,14,10,24
WBGene00021359.,113,617,730
WBGene00021360.,2,1,3
WBGene00021362.,139,212,351
WBGene00021363.,90,209,299
WBGene00021364.,3,11,14
WBGene00021365.,169,535,704
WBGene00021366.,116,518,634
WBGene00021367.,21,765,786
WBGene00021368.,39,5,44
WBGene00021369.,109,362,471
WBGene00021370.,162,640,802
WBGene00021371.,39,253,292
WBGene00021372.,30,397,427
WBGene00021373.,22,17,39
WBGene00021374.,189,443,632
WBGene00021375.,48,683,731
WBGene00021376.,73,255,328
WBGene00021377.,51,730,781
WBGene00021378.,110,656,766
WBGene00021379.,20,78,98
WBGene00021380.,9,2,11
WBGene00021381.,25,9,34
WBGene00021382.,1058,1301,2359
WBGene00021383.,30,23,53
WBGene00021384.,13,25,38
WBGene00021385.,0,32,32
WBGene00021386.,37,41,78
WBGene00021387.,69,144,213
WBGene00021388.,70,419,489
WBGene00021389.,84,51,135
WBGene00021390.,8,15,23
WBGene00021391.,6,252,258
WBGene00021392.,38,765,803
WBGene00021394.,226,622,848
WBGene00021395.,194,1009,1203
WBGene00021396.,72,107,179
WBGene00021397.,15,33,48
WBGene00021398.,1,9,10
WBGene00021400.,40,178,218
WBGene00021401.,38,506,544
WBGene00021402.,64,357,421
WBGene00021403.,0,0,0
WBGene00021404.,3,0,3
WBGene00021405.,0,0,0
WBGene00021406.,1,1,2
WBGene00021407.,0,0,0
WBGene00021408.,2,0,2
WBGene00021409.,0,0,0
WBGene00021410.,30,17,47
WBGene00021412.,48,29,77
WBGene00021413.,91,13,104
WBGene00021414.,3,2,5
WBGene00021415.,146,792,938
WBGene00021416.,117,515,632
WBGene00021417.,30,84,114
WBGene00021418.,6,42,48
WBGene00021419.,50,154,204
WBGene00021420.,66,8026,8092
WBGene00021421.,86,844,930
WBGene00021423.,771,781,1552
WBGene00021425.,249,921,1170
WBGene00021427.,482,11063,11545
WBGene00021428.,98,3,101
WBGene00021430.,154,106,260
WBGene00021433.,5,6,11
WBGene00021434.,16,10,26
WBGene00021435.,60,32,92
WBGene00021436.,67,33,100
WBGene00021437.,69,46,115
WBGene00021438.,33,23,56
WBGene00021439.,241,469,710
WBGene00021440.,115,263,378
WBGene00021441.,217,1561,1778
WBGene00021442.,63,309,372
WBGene00021443.,213,620,833
WBGene00021444.,238,356,594
WBGene00021446.,110,160,270
WBGene00021448.,20,45,65
WBGene00021449.,14,15,29
WBGene00021450.,53,20,73
WBGene00021451.,77,14,91
WBGene00021452.,60,242,302
WBGene00021453.,7,9,16
WBGene00021454.,1,11,12
WBGene00021456.,176,482,658
WBGene00021457.,42,15,57
WBGene00021458.,10,17,27
WBGene00021460.,106,617,723
WBGene00021461.,422,66,488
WBGene00021463.,95,26,121
WBGene00021464.,30,77,107
WBGene00021465.,17,90,107
WBGene00021466.,379,4571,4950
WBGene00021467.,48,746,794
WBGene00021468.,36,983,1019
WBGene00021469.,31,2095,2126
WBGene00021470.,118,589,707
WBGene00021471.,16,43,59
WBGene00021472.,10,6,16
WBGene00021473.,176,69,245
WBGene00021474.,707,2071,2778
WBGene00021475.,517,2811,3328
WBGene00021476.,62,445,507
WBGene00021477.,58,13,71
WBGene00021478.,137,796,933
WBGene00021479.,302,25,327
WBGene00021482.,123,400,523
WBGene00021483.,20,13,33
WBGene00021484.,7,4,11
WBGene00021485.,10,16,26
WBGene00021486.,578,7603,8181
WBGene00021487.,116,381,497
WBGene00021488.,10,1,11
WBGene00021489.,35,8,43
WBGene00021490.,22,20,42
WBGene00021491.,3,20,23
WBGene00021492.,23,123,146
WBGene00021493.,64,203,267
WBGene00021494.,16,30,46
WBGene00021495.,10,159,169
WBGene00021496.,49,52,101
WBGene00021497.,221,188,409
WBGene00021500.,0,6,6
WBGene00021502.,97,193,290
WBGene00021503.,46,427,473
WBGene00021504.,37,39,76
WBGene00021505.,17,16,33
WBGene00021506.,112,1719,1831
WBGene00021507.,505,1345,1850
WBGene00021508.,50,480,530
WBGene00021509.,444,1041,1485
WBGene00021510.,126,480,606
WBGene00021511.,47,74,121
WBGene00021512.,228,286,514
WBGene00021513.,139,34,173
WBGene00021514.,73,1111,1184
WBGene00021515.,61,176,237
WBGene00021516.,34,18,52
WBGene00021517.,19,15,34
WBGene00021518.,5,259,264
WBGene00021519.,5,161,166
WBGene00021520.,5,80,85
WBGene00021521.,6,37,43
WBGene00021522.,570,790,1360
WBGene00021524.,161,105,266
WBGene00021525.,15,12,27
WBGene00021526.,39,50,89
WBGene00021527.,129,156,285
WBGene00021528.,240,418,658
WBGene00021529.,57,749,806
WBGene00021530.,48,8,56
WBGene00021531.,167,106,273
WBGene00021532.,143,2547,2690
WBGene00021533.,11,260,271
WBGene00021534.,682,6724,7406
WBGene00021535.,457,143,600
WBGene00021536.,69,959,1028
WBGene00021537.,36,23,59
WBGene00021538.,63,289,352
WBGene00021539.,122,931,1053
WBGene00021540.,23,45,68
WBGene00021541.,10,97,107
WBGene00021542.,44,6,50
WBGene00021543.,66,1055,1121
WBGene00021544.,92,362,454
WBGene00021545.,421,759,1180
WBGene00021546.,123,317,440
WBGene00021547.,40,238,278
WBGene00021548.,58,916,974
WBGene00021549.,375,486,861
WBGene00021551.,272,1173,1445
WBGene00021552.,221,966,1187
WBGene00021553.,34,27,61
WBGene00021554.,86,982,1068
WBGene00021555.,31,62,93
WBGene00021556.,60,258,318
WBGene00021557.,0,93,93
WBGene00021558.,117,562,679
WBGene00021559.,89,634,723
WBGene00021560.,62,38,100
WBGene00021561.,326,435,761
WBGene00021562.,349,3931,4280
WBGene00021563.,103,855,958
WBGene00021564.,531,500,1031
WBGene00021565.,21,39,60
WBGene00021566.,0,0,0
WBGene00021567.,0,0,0
WBGene00021568.,0,0,0
WBGene00021569.,0,0,0
WBGene00021570.,0,0,0
WBGene00021571.,0,0,0
WBGene00021572.,0,0,0
WBGene00021573.,0,0,0
WBGene00021574.,0,2,2
WBGene00021576.,9,30,39
WBGene00021578.,10,8,18
WBGene00021579.,1,3,4
WBGene00021580.,3,45,48
WBGene00021581.,25,17,42
WBGene00021582.,25,18,43
WBGene00021583.,143,346,489
WBGene00021585.,37,9,46
WBGene00021586.,54,16,70
WBGene00021587.,46,96,142
WBGene00021589.,13,1288,1301
WBGene00021590.,5,32,37
WBGene00021591.,2,14,16
WBGene00021592.,1,0,1
WBGene00021593.,80,5,85
WBGene00021594.,125,79,204
WBGene00021595.,200,1285,1485
WBGene00021596.,54,162,216
WBGene00021597.,1662,1276,2938
WBGene00021599.,217,572,789
WBGene00021600.,74,513,587
WBGene00021601.,53,234,287
WBGene00021602.,28,40,68
WBGene00021603.,17,33,50
WBGene00021604.,17,17,34
WBGene00021605.,27,110,137
WBGene00021606.,37,47,84
WBGene00021607.,6,200,206
WBGene00021608.,12,5,17
WBGene00021609.,51,30,81
WBGene00021610.,42,226,268
WBGene00021611.,58,206,264
WBGene00021612.,1,8,9
WBGene00021613.,156,646,802
WBGene00021614.,309,2583,2892
WBGene00021615.,23,1,24
WBGene00021616.,1,5,6
WBGene00021617.,28,12,40
WBGene00021619.,3,5,8
WBGene00021620.,4,16,20
WBGene00021621.,16,14,30
WBGene00021622.,2,2,4
WBGene00021623.,2,8,10
WBGene00021624.,17,55,72
WBGene00021625.,0,59,59
WBGene00021626.,149,298,447
WBGene00021627.,1,5,6
WBGene00021628.,119,627,746
WBGene00021629.,232,1125,1357
WBGene00021630.,10,6,16
WBGene00021631.,10,2,12
WBGene00021632.,15,13,28
WBGene00021633.,20,13,33
WBGene00021634.,226,416,642
WBGene00021635.,52,167,219
WBGene00021636.,100,505,605
WBGene00021637.,117,377,494
WBGene00021638.,169,891,1060
WBGene00021639.,30,46,76
WBGene00021640.,159,161,320
WBGene00021641.,46,48,94
WBGene00021643.,175,455,630
WBGene00021644.,62,1009,1071
WBGene00021645.,125,272,397
WBGene00021646.,282,542,824
WBGene00021647.,277,1791,2068
WBGene00021648.,12,455,467
WBGene00021649.,17,121,138
WBGene00021650.,2,18,20
WBGene00021651.,9,26,35
WBGene00021653.,0,4,4
WBGene00021654.,5,76,81
WBGene00021655.,32,452,484
WBGene00021656.,22,35,57
WBGene00021657.,80,160,240
WBGene00021658.,25,116,141
WBGene00021660.,291,1123,1414
WBGene00021661.,129,137,266
WBGene00021662.,0,11,11
WBGene00021664.,13,4,17
WBGene00021666.,46,277,323
WBGene00021667.,12,38,50
WBGene00021668.,50,58,108
WBGene00021671.,4,50,54
WBGene00021672.,46,36,82
WBGene00021673.,27,8,35
WBGene00021675.,47,64,111
WBGene00021676.,24,236,260
WBGene00021677.,42,289,331
WBGene00021678.,106,11,117
WBGene00021679.,12,169,181
WBGene00021681.,528,842,1370
WBGene00021682.,275,471,746
WBGene00021683.,164,228,392
WBGene00021685.,1061,501,1562
WBGene00021686.,665,1307,1972
WBGene00021687.,92,240,332
WBGene00021689.,344,256,600
WBGene00021690.,9,17,26
WBGene00021691.,88,1139,1227
WBGene00021692.,27,152,179
WBGene00021693.,79,147,226
WBGene00021694.,10,17,27
WBGene00021697.,902,3557,4459
WBGene00021698.,430,820,1250
WBGene00021700.,0,10,10
WBGene00021701.,73,21,94
WBGene00021702.,173,790,963
WBGene00021703.,47,19,66
WBGene00021704.,113,56,169
WBGene00021706.,26,17,43
WBGene00021707.,5,22,27
WBGene00021708.,16,26,42
WBGene00021709.,36,116,152
WBGene00021710.,19,23,42
WBGene00021711.,12,12,24
WBGene00021713.,2,12,14
WBGene00021714.,57,282,339
WBGene00021715.,213,1250,1463
WBGene00021716.,23,19,42
WBGene00021717.,0,8,8
WBGene00021718.,0,0,0
WBGene00021719.,7,5,12
WBGene00021720.,18,3,21
WBGene00021721.,68,114,182
WBGene00021722.,8,9,17
WBGene00021723.,0,0,0
WBGene00021724.,4,8,12
WBGene00021725.,27,66,93
WBGene00021726.,10,14,24
WBGene00021727.,1,3,4
WBGene00021728.,70,59,129
WBGene00021729.,0,1,1
WBGene00021730.,14,6,20
WBGene00021731.,4,24,28
WBGene00021732.,143,236,379
WBGene00021733.,429,619,1048
WBGene00021734.,142,88,230
WBGene00021735.,256,594,850
WBGene00021736.,91,817,908
WBGene00021737.,3,8,11
WBGene00021738.,218,388,606
WBGene00021739.,19,669,688
WBGene00021740.,312,736,1048
WBGene00021741.,45,136,181
WBGene00021743.,170,74,244
WBGene00021744.,21,6,27
WBGene00021745.,44,119,163
WBGene00021746.,8,4,12
WBGene00021747.,30,23,53
WBGene00021748.,107,357,464
WBGene00021749.,95,453,548
WBGene00021750.,50,171,221
WBGene00021751.,760,173,933
WBGene00021752.,368,259,627
WBGene00021753.,289,681,970
WBGene00021754.,527,2770,3297
WBGene00021755.,93,99,192
WBGene00021756.,366,639,1005
WBGene00021757.,307,1193,1500
WBGene00021758.,189,474,663
WBGene00021763.,84,217,301
WBGene00021764.,93,158,251
WBGene00021765.,347,458,805
WBGene00021766.,108,252,360
WBGene00021768.,495,6047,6542
WBGene00021771.,377,748,1125
WBGene00021772.,78,17,95
WBGene00021773.,1,11,12
WBGene00021774.,0,9,9
WBGene00021776.,209,429,638
WBGene00021778.,54,341,395
WBGene00021779.,8,34,42
WBGene00021780.,2,10,12
WBGene00021781.,83,399,482
WBGene00021783.,324,1194,1518
WBGene00021784.,93,915,1008
WBGene00021785.,108,1158,1266
WBGene00021786.,6,14,20
WBGene00021787.,23,9,32
WBGene00021788.,208,49,257
WBGene00021789.,307,701,1008
WBGene00021790.,76,16,92
WBGene00021791.,10,17,27
WBGene00021792.,6,4,10
WBGene00021793.,17,5,22
WBGene00021794.,6,11,17
WBGene00021795.,6,51,57
WBGene00021796.,92,671,763
WBGene00021797.,34,17,51
WBGene00021798.,42,22,64
WBGene00021799.,42,106,148
WBGene00021800.,272,5422,5694
WBGene00021801.,25,2,27
WBGene00021804.,32,31,63
WBGene00021805.,17,56,73
WBGene00021806.,0,2,2
WBGene00021807.,70,26,96
WBGene00021808.,354,1031,1385
WBGene00021809.,5,9,14
WBGene00021810.,355,710,1065
WBGene00021811.,275,1860,2135
WBGene00021812.,48,243,291
WBGene00021813.,87,1167,1254
WBGene00021814.,109,147,256
WBGene00021815.,64,776,840
WBGene00021816.,66,1312,1378
WBGene00021817.,100,252,352
WBGene00021818.,267,3396,3663
WBGene00021819.,44,36,80
WBGene00021820.,424,562,986
WBGene00021821.,0,29,29
WBGene00021826.,198,1926,2124
WBGene00021827.,99,382,481
WBGene00021828.,207,558,765
WBGene00021829.,44,2623,2667
WBGene00021830.,100,2090,2190
WBGene00021831.,394,762,1156
WBGene00021832.,93,139,232
WBGene00021833.,72,1,73
WBGene00021834.,15,482,497
WBGene00021835.,91,426,517
WBGene00021838.,511,1827,2338
WBGene00021839.,454,3290,3744
WBGene00021840.,363,341,704
WBGene00021841.,24,203,227
WBGene00021842.,398,784,1182
WBGene00021843.,643,2923,3566
WBGene00021844.,84,1659,1743
WBGene00021845.,36,1930,1966
WBGene00021846.,208,252,460
WBGene00021847.,170,559,729
WBGene00021848.,118,142,260
WBGene00021849.,772,7872,8644
WBGene00021850.,53,70,123
WBGene00021852.,248,1256,1504
WBGene00021853.,0,28,28
WBGene00021854.,92,1135,1227
WBGene00021855.,91,356,447
WBGene00021856.,224,458,682
WBGene00021857.,939,3158,4097
WBGene00021858.,89,31,120
WBGene00021859.,46,14,60
WBGene00021860.,24,16,40
WBGene00021861.,19,39,58
WBGene00021862.,59,21,80
WBGene00021863.,245,429,674
WBGene00021864.,50,209,259
WBGene00021865.,42,23,65
WBGene00021866.,53,262,315
WBGene00021867.,97,595,692
WBGene00021868.,204,1328,1532
WBGene00021869.,16,83,99
WBGene00021870.,103,206,309
WBGene00021871.,30,100,130
WBGene00021872.,41,589,630
WBGene00021873.,27,19,46
WBGene00021875.,261,1444,1705
WBGene00021876.,200,1252,1452
WBGene00021877.,68,43,111
WBGene00021878.,64,33,97
WBGene00021879.,17,311,328
WBGene00021880.,2,1,3
WBGene00021881.,154,103,257
WBGene00021882.,621,867,1488
WBGene00021883.,133,3389,3522
WBGene00021884.,4,123,127
WBGene00021885.,17,14,31
WBGene00021886.,714,122,836
WBGene00021887.,31,73,104
WBGene00021888.,171,2761,2932
WBGene00021889.,7,3,10
WBGene00021890.,523,3117,3640
WBGene00021892.,25,10,35
WBGene00021893.,751,1743,2494
WBGene00021894.,540,1976,2516
WBGene00021895.,54,37,91
WBGene00021897.,134,356,490
WBGene00021898.,8,131,139
WBGene00021899.,277,2870,3147
WBGene00021900.,158,1365,1523
WBGene00021901.,10,801,811
WBGene00021902.,87,300,387
WBGene00021904.,53,460,513
WBGene00021905.,112,387,499
WBGene00021906.,263,539,802
WBGene00021907.,1,4,5
WBGene00021908.,13,21,34
WBGene00021909.,47,794,841
WBGene00021910.,617,608,1225
WBGene00021911.,16,57,73
WBGene00021912.,88,255,343
WBGene00021913.,35,492,527
WBGene00021914.,187,305,492
WBGene00021915.,174,522,696
WBGene00021917.,74,219,293
WBGene00021918.,48,721,769
WBGene00021919.,43,41,84
WBGene00021920.,386,1962,2348
WBGene00021921.,313,2260,2573
WBGene00021922.,51,1074,1125
WBGene00021923.,105,222,327
WBGene00021925.,129,297,426
WBGene00021926.,176,1358,1534
WBGene00021927.,13,190,203
WBGene00021928.,95,148,243
WBGene00021929.,32,694,726
WBGene00021930.,323,3624,3947
WBGene00021931.,97,46,143
WBGene00021932.,82,474,556
WBGene00021933.,19,285,304
WBGene00021934.,175,3041,3216
WBGene00021935.,111,417,528
WBGene00021936.,696,1158,1854
WBGene00021938.,146,956,1102
WBGene00021939.,237,55,292
WBGene00021941.,57,71,128
WBGene00021942.,30,124,154
WBGene00021943.,220,1258,1478
WBGene00021945.,71,230,301
WBGene00021947.,51,26,77
WBGene00021948.,530,863,1393
WBGene00021949.,5,16,21
WBGene00021950.,52,249,301
WBGene00021951.,25,39,64
WBGene00021952.,227,3140,3367
WBGene00021953.,17,21,38
WBGene00021956.,74,1353,1427
WBGene00021957.,4,3,7
WBGene00021958.,11,18,29
WBGene00021959.,476,3711,4187
WBGene00021960.,210,2613,2823
WBGene00021961.,15,9,24
WBGene00021963.,33,46,79
WBGene00021964.,19,5,24
WBGene00021965.,35,224,259
WBGene00021966.,9,33,42
WBGene00021967.,6,15,21
WBGene00021968.,35,23,58
WBGene00021969.,9,20,29
WBGene00021970.,39,21,60
WBGene00021971.,0,0,0
WBGene00021972.,102,260,362
WBGene00021973.,240,1090,1330
WBGene00021974.,179,1039,1218
WBGene00021975.,45,140,185
WBGene00021976.,45,298,343
WBGene00021977.,8,219,227
WBGene00021978.,0,27,27
WBGene00021979.,2,528,530
WBGene00021980.,162,367,529
WBGene00021981.,47,1496,1543
WBGene00021983.,82,870,952
WBGene00021984.,128,462,590
WBGene00021985.,215,1223,1438
WBGene00021986.,154,925,1079
WBGene00021987.,0,1,1
WBGene00021988.,0,0,0
WBGene00021990.,138,34,172
WBGene00021992.,13,6,19
WBGene00021993.,0,5,5
WBGene00021994.,42,30,72
WBGene00021995.,25,38,63
WBGene00021996.,16,22,38
WBGene00021997.,0,0,0
WBGene00021998.,0,0,0
WBGene00021999.,1,12,13
WBGene00022000.,0,0,0
WBGene00022001.,42,0,42
WBGene00022002.,0,0,0
WBGene00022003.,0,0,0
WBGene00022004.,47,318,365
WBGene00022005.,0,4,4
WBGene00022006.,0,0,0
WBGene00022007.,0,0,0
WBGene00022008.,29,5,34
WBGene00022010.,190,1084,1274
WBGene00022011.,3,2,5
WBGene00022012.,22,26,48
WBGene00022013.,13,137,150
WBGene00022014.,359,321,680
WBGene00022015.,333,1063,1396
WBGene00022016.,11,12,23
WBGene00022017.,11,9,20
WBGene00022018.,22,167,189
WBGene00022019.,416,1408,1824
WBGene00022020.,0,7,7
WBGene00022021.,246,1673,1919
WBGene00022022.,50,581,631
WBGene00022023.,3,6,9
WBGene00022024.,4,39,43
WBGene00022025.,98,956,1054
WBGene00022026.,426,1021,1447
WBGene00022027.,402,3260,3662
WBGene00022028.,62,41,103
WBGene00022029.,94,1219,1313
WBGene00022030.,16,8,24
WBGene00022031.,87,412,499
WBGene00022032.,19,55,74
WBGene00022033.,43,252,295
WBGene00022034.,49,319,368
WBGene00022035.,123,54,177
WBGene00022036.,54,84,138
WBGene00022037.,142,739,881
WBGene00022038.,46,127,173
WBGene00022039.,20,25,45
WBGene00022040.,33,155,188
WBGene00022042.,12530,57989,70519
WBGene00022043.,20,443,463
WBGene00022044.,35,843,878
WBGene00022045.,524,2014,2538
WBGene00022046.,6,7511,7517
WBGene00022047.,47,563,610
WBGene00022048.,1253,10031,11284
WBGene00022051.,146,432,578
WBGene00022052.,136,298,434
WBGene00022053.,946,6866,7812
WBGene00022054.,71,288,359
WBGene00022055.,22,198,220
WBGene00022056.,135,148,283
WBGene00022057.,53,615,668
WBGene00022059.,1575,1046,2621
WBGene00022060.,10,246,256
WBGene00022061.,55,88,143
WBGene00022062.,62,36,98
WBGene00022063.,153,992,1145
WBGene00022064.,12,15,27
WBGene00022066.,0,6,6
WBGene00022067.,224,353,577
WBGene00022069.,260,4807,5067
WBGene00022070.,2,7,9
WBGene00022071.,21,41,62
WBGene00022072.,2029,16541,18570
WBGene00022073.,105,287,392
WBGene00022074.,257,708,965
WBGene00022075.,469,4993,5462
WBGene00022076.,25,37,62
WBGene00022077.,107,1082,1189
WBGene00022078.,561,1683,2244
WBGene00022079.,59,48,107
WBGene00022082.,13,36,49
WBGene00022083.,28,52,80
WBGene00022085.,91,22,113
WBGene00022086.,118,40,158
WBGene00022087.,658,726,1384
WBGene00022089.,1297,28707,30004
WBGene00022090.,6,22,28
WBGene00022092.,231,1293,1524
WBGene00022093.,524,3752,4276
WBGene00022094.,15,4,19
WBGene00022095.,1,0,1
WBGene00022096.,5,9,14
WBGene00022097.,25,2,27
WBGene00022099.,258,1941,2199
WBGene00022100.,461,833,1294
WBGene00022101.,51,137,188
WBGene00022102.,6,30,36
WBGene00022103.,339,203,542
WBGene00022104.,602,169,771
WBGene00022106.,248,294,542
WBGene00022107.,61,633,694
WBGene00022108.,20,14,34
WBGene00022110.,52,117,169
WBGene00022111.,0,192,192
WBGene00022112.,0,28,28
WBGene00022113.,50,89,139
WBGene00022114.,131,6024,6155
WBGene00022115.,177,1219,1396
WBGene00022117.,220,257,477
WBGene00022118.,110,410,520
WBGene00022119.,37,2181,2218
WBGene00022121.,252,395,647
WBGene00022122.,73,7027,7100
WBGene00022123.,72,236,308
WBGene00022124.,257,227,484
WBGene00022125.,69,369,438
WBGene00022126.,98,316,414
WBGene00022127.,17,5400,5417
WBGene00022128.,113,649,762
WBGene00022129.,111,283,394
WBGene00022130.,55,89,144
WBGene00022131.,91,277,368
WBGene00022133.,12,4,16
WBGene00022134.,530,1735,2265
WBGene00022138.,715,574,1289
WBGene00022139.,212,822,1034
WBGene00022140.,154,5,159
WBGene00022141.,26,568,594
WBGene00022142.,82,55,137
WBGene00022143.,3,6,9
WBGene00022144.,91,7497,7588
WBGene00022145.,70,17,87
WBGene00022146.,65,801,866
WBGene00022148.,711,1617,2328
WBGene00022149.,233,713,946
WBGene00022150.,45,1516,1561
WBGene00022152.,261,720,981
WBGene00022153.,181,381,562
WBGene00022154.,59,141,200
WBGene00022155.,93,205,298
WBGene00022156.,11,11,22
WBGene00022157.,17,2,19
WBGene00022158.,61,352,413
WBGene00022159.,540,2032,2572
WBGene00022160.,39,109,148
WBGene00022161.,17,118,135
WBGene00022162.,4,1,5
WBGene00022163.,59,8,67
WBGene00022165.,124,236,360
WBGene00022166.,157,279,436
WBGene00022167.,89,447,536
WBGene00022168.,315,813,1128
WBGene00022169.,330,2496,2826
WBGene00022170.,5261,26555,31816
WBGene00022171.,0,84,84
WBGene00022172.,2,41,43
WBGene00022173.,0,331,331
WBGene00022174.,263,234,497
WBGene00022175.,150,360,510
WBGene00022176.,294,981,1275
WBGene00022177.,57,34,91
WBGene00022178.,111,197,308
WBGene00022179.,120,27,147
WBGene00022180.,161,1279,1440
WBGene00022181.,47,291,338
WBGene00022182.,268,888,1156
WBGene00022185.,176,805,981
WBGene00022188.,152,642,794
WBGene00022189.,11,13,24
WBGene00022190.,19,144,163
WBGene00022191.,95,188,283
WBGene00022192.,94,830,924
WBGene00022193.,33,308,341
WBGene00022194.,554,8433,8987
WBGene00022195.,173,395,568
WBGene00022196.,36,620,656
WBGene00022197.,68,175,243
WBGene00022198.,90,236,326
WBGene00022199.,112,3732,3844
WBGene00022200.,67,277,344
WBGene00022201.,111,879,990
WBGene00022202.,186,1249,1435
WBGene00022203.,60,421,481
WBGene00022204.,16,111,127
WBGene00022205.,70,121,191
WBGene00022206.,119,104,223
WBGene00022207.,14,18,32
WBGene00022209.,13,0,13
WBGene00022210.,7,0,7
WBGene00022211.,105,336,441
WBGene00022213.,39,63,102
WBGene00022214.,19,6,25
WBGene00022215.,2,6,8
WBGene00022216.,17,18,35
WBGene00022217.,5,5,10
WBGene00022218.,10,2,12
WBGene00022219.,67,150,217
WBGene00022221.,165,254,419
WBGene00022222.,60,42,102
WBGene00022223.,13,9,22
WBGene00022224.,3,30,33
WBGene00022225.,7,14,21
WBGene00022227.,76,204,280
WBGene00022228.,90,56,146
WBGene00022229.,81,25,106
WBGene00022230.,436,2092,2528
WBGene00022231.,189,155,344
WBGene00022232.,120,347,467
WBGene00022233.,184,2378,2562
WBGene00022235.,1010,21755,22765
WBGene00022236.,0,12,12
WBGene00022237.,7,13,20
WBGene00022240.,132,577,709
WBGene00022242.,192,1014,1206
WBGene00022243.,0,22,22
WBGene00022244.,1,73,74
WBGene00022245.,483,3108,3591
WBGene00022246.,34,168,202
WBGene00022247.,210,139,349
WBGene00022248.,255,2129,2384
WBGene00022249.,0,0,0
WBGene00022250.,37,254,291
WBGene00022251.,92,645,737
WBGene00022252.,86,226,312
WBGene00022253.,120,1745,1865
WBGene00022254.,102,1301,1403
WBGene00022255.,31,700,731
WBGene00022256.,10,13,23
WBGene00022257.,1,53,54
WBGene00022258.,55,459,514
WBGene00022259.,68,394,462
WBGene00022260.,103,521,624
WBGene00022261.,110,422,532
WBGene00022262.,4,26,30
WBGene00022263.,18,19,37
WBGene00022264.,7,51,58
WBGene00022265.,6,35,41
WBGene00022266.,11,5,16
WBGene00022267.,32,69,101
WBGene00022268.,285,1300,1585
WBGene00022269.,200,1110,1310
WBGene00022270.,243,263,506
WBGene00022271.,55,2895,2950
WBGene00022272.,4,32,36
WBGene00022273.,53,286,339
WBGene00022274.,158,52,210
WBGene00022275.,8,35,43
WBGene00022276.,228,5140,5368
WBGene00022277.,186,772,958
WBGene00022278.,311,488,799
WBGene00022279.,119,842,961
WBGene00022280.,119,869,988
WBGene00022281.,282,791,1073
WBGene00022282.,0,4,4
WBGene00022283.,65,86,151
WBGene00022284.,107,574,681
WBGene00022285.,850,252,1102
WBGene00022286.,183,420,603
WBGene00022287.,88,767,855
WBGene00022288.,31,79,110
WBGene00022289.,21,343,364
WBGene00022290.,5,1,6
WBGene00022291.,0,1,1
WBGene00022292.,4,17,21
WBGene00022295.,51,34,85
WBGene00022296.,533,996,1529
WBGene00022297.,126,1543,1669
WBGene00022298.,12,29,41
WBGene00022300.,178,487,665
WBGene00022301.,481,866,1347
WBGene00022302.,109,1056,1165
WBGene00022303.,2,165,167
WBGene00022306.,889,1560,2449
WBGene00022307.,32,624,656
WBGene00022308.,0,2,2
WBGene00022309.,169,531,700
WBGene00022310.,206,629,835
WBGene00022311.,20,13,33
WBGene00022312.,12,10,22
WBGene00022313.,159,80,239
WBGene00022314.,87,158,245
WBGene00022315.,26,29,55
WBGene00022316.,1,1,2
WBGene00022317.,6,32,38
WBGene00022318.,5,11,16
WBGene00022319.,5,8,13
WBGene00022320.,20,4,24
WBGene00022321.,10,9,19
WBGene00022322.,2,14,16
WBGene00022323.,1,6,7
WBGene00022324.,12,23,35
WBGene00022325.,14,135,149
WBGene00022326.,25,146,171
WBGene00022327.,35,82,117
WBGene00022328.,16,16,32
WBGene00022329.,24,87,111
WBGene00022330.,14,40,54
WBGene00022331.,23,39,62
WBGene00022332.,14,11,25
WBGene00022333.,12,14,26
WBGene00022334.,85,38,123
WBGene00022335.,43,92,135
WBGene00022336.,856,140661,141517
WBGene00022337.,1,16,17
WBGene00022338.,127,37,164
WBGene00022339.,1051,5900,6951
WBGene00022340.,10,9,19
WBGene00022341.,1,2,3
WBGene00022342.,21,9,30
WBGene00022343.,2,5,7
WBGene00022344.,10,7,17
WBGene00022345.,10,10,20
WBGene00022346.,18,39,57
WBGene00022347.,135,1393,1528
WBGene00022348.,82,1412,1494
WBGene00022349.,135,52,187
WBGene00022350.,331,622,953
WBGene00022351.,77,127,204
WBGene00022352.,0,4,4
WBGene00022353.,17,85,102
WBGene00022354.,353,618,971
WBGene00022356.,16,316,332
WBGene00022357.,61,393,454
WBGene00022358.,266,548,814
WBGene00022360.,424,757,1181
WBGene00022361.,447,560,1007
WBGene00022363.,209,366,575
WBGene00022365.,21,67,88
WBGene00022366.,477,494,971
WBGene00022367.,135,101,236
WBGene00022368.,114,757,871
WBGene00022369.,153,632,785
WBGene00022370.,175,109,284
WBGene00022371.,718,469,1187
WBGene00022372.,164,143,307
WBGene00022373.,317,3040,3357
WBGene00022374.,56,106,162
WBGene00022375.,13,20,33
WBGene00022376.,188,1321,1509
WBGene00022377.,6,41,47
WBGene00022378.,767,1924,2691
WBGene00022379.,42,122,164
WBGene00022380.,709,3756,4465
WBGene00022381.,141,932,1073
WBGene00022382.,0,2830,2830
WBGene00022385.,61,40,101
WBGene00022386.,244,503,747
WBGene00022388.,376,591,967
WBGene00022389.,236,739,975
WBGene00022390.,92,133,225
WBGene00022391.,530,723,1253
WBGene00022392.,35,61,96
WBGene00022393.,119,912,1031
WBGene00022394.,62,1965,2027
WBGene00022395.,26,36,62
WBGene00022396.,45,475,520
WBGene00022397.,248,1043,1291
WBGene00022398.,40,253,293
WBGene00022399.,24,129,153
WBGene00022400.,35,1126,1161
WBGene00022401.,83,1980,2063
WBGene00022402.,42,895,937
WBGene00022403.,40,20,60
WBGene00022404.,16,29,45
WBGene00022405.,14,38,52
WBGene00022406.,20,28,48
WBGene00022407.,7,16,23
WBGene00022408.,2,49,51
WBGene00022409.,47,32,79
WBGene00022410.,22,3711,3733
WBGene00022411.,18,21,39
WBGene00022412.,98,202,300
WBGene00022413.,62,237,299
WBGene00022415.,12,84,96
WBGene00022416.,119,418,537
WBGene00022417.,32,149,181
WBGene00022418.,63,197,260
WBGene00022419.,131,213,344
WBGene00022420.,46,591,637
WBGene00022421.,5,12,17
WBGene00022423.,217,76,293
WBGene00022425.,146,832,978
WBGene00022426.,113,352,465
WBGene00022427.,187,562,749
WBGene00022428.,77,225,302
WBGene00022429.,1,1,2
WBGene00022431.,129,33,162
WBGene00022432.,1,22,23
WBGene00022433.,6,4,10
WBGene00022434.,375,517,892
WBGene00022435.,191,198,389
WBGene00022438.,11,11,22
WBGene00022439.,45,39,84
WBGene00022440.,66,269,335
WBGene00022441.,71,347,418
WBGene00022442.,1,2,3
WBGene00022443.,1,2,3
WBGene00022444.,1,13,14
WBGene00022445.,44,117,161
WBGene00022446.,0,19,19
WBGene00022447.,245,318,563
WBGene00022448.,107,459,566
WBGene00022450.,52,366,418
WBGene00022452.,0,72,72
WBGene00022453.,141,1599,1740
WBGene00022454.,77,42,119
WBGene00022455.,27,889,916
WBGene00022456.,118,1163,1281
WBGene00022457.,82,401,483
WBGene00022458.,19,973,992
WBGene00022459.,54,348,402
WBGene00022460.,119,497,616
WBGene00022462.,18,140,158
WBGene00022463.,159,971,1130
WBGene00022465.,86,505,591
WBGene00022466.,109,637,746
WBGene00022467.,5,37,42
WBGene00022469.,55,211,266
WBGene00022470.,463,1956,2419
WBGene00022471.,82,274,356
WBGene00022472.,229,1608,1837
WBGene00022473.,1247,2362,3609
WBGene00022474.,38,154,192
WBGene00022475.,86,830,916
WBGene00022476.,11,17,28
WBGene00022477.,5,11,16
WBGene00022478.,11,7,18
WBGene00022479.,7,35,42
WBGene00022481.,0,2,2
WBGene00022482.,2,22,24
WBGene00022483.,0,0,0
WBGene00022484.,20,260,280
WBGene00022485.,50,123,173
WBGene00022486.,37,32,69
WBGene00022487.,5,17,22
WBGene00022488.,130,409,539
WBGene00022489.,318,1648,1966
WBGene00022490.,47,121,168
WBGene00022491.,110,117,227
WBGene00022492.,74,1847,1921
WBGene00022493.,88,651,739
WBGene00022494.,0,93,93
WBGene00022495.,2,11,13
WBGene00022496.,0,185,185
WBGene00022497.,0,6946,6946
WBGene00022498.,24,22,46
WBGene00022499.,279,3430,3709
WBGene00022500.,493,4932,5425
WBGene00022501.,712,540,1252
WBGene00022502.,61,249,310
WBGene00022503.,17,129,146
WBGene00022504.,64,52,116
WBGene00022505.,118,1583,1701
WBGene00022506.,39,36,75
WBGene00022507.,31,12,43
WBGene00022508.,4,10,14
WBGene00022509.,0,81,81
WBGene00022511.,8,78,86
WBGene00022512.,9,1,10
WBGene00022515.,70,704,774
WBGene00022516.,86,1384,1470
WBGene00022517.,91,54,145
WBGene00022518.,397,380,777
WBGene00022519.,243,764,1007
WBGene00022521.,76,11,87
WBGene00022522.,10,32,42
WBGene00022526.,13,9,22
WBGene00022527.,41,22,63
WBGene00022528.,16,14,30
WBGene00022529.,34,14,48
WBGene00022530.,15,245,260
WBGene00022531.,36,455,491
WBGene00022532.,18,90,108
WBGene00022533.,40,119,159
WBGene00022534.,121,847,968
WBGene00022536.,49,20,69
WBGene00022537.,16,21,37
WBGene00022538.,86,958,1044
WBGene00022539.,16,20,36
WBGene00022540.,40,25,65
WBGene00022541.,1,4,5
WBGene00022542.,10,9,19
WBGene00022544.,96,20,116
WBGene00022545.,25,26,51
WBGene00022546.,42,18,60
WBGene00022547.,11,2,13
WBGene00022548.,48,8,56
WBGene00022549.,61,97,158
WBGene00022550.,24,20,44
WBGene00022551.,9,6,15
WBGene00022552.,14,98,112
WBGene00022553.,4,4,8
WBGene00022554.,40,268,308
WBGene00022555.,0,3,3
WBGene00022556.,0,1,1
WBGene00022557.,0,8,8
WBGene00022558.,0,4,4
WBGene00022559.,1,7,8
WBGene00022560.,4,8,12
WBGene00022561.,1,2,3
WBGene00022562.,78,287,365
WBGene00022563.,3,5,8
WBGene00022564.,69,114,183
WBGene00022565.,7,35,42
WBGene00022566.,10,52,62
WBGene00022567.,36,84,120
WBGene00022568.,26,334,360
WBGene00022569.,60,569,629
WBGene00022570.,5,8,13
WBGene00022571.,0,4,4
WBGene00022572.,2,3,5
WBGene00022573.,8,32,40
WBGene00022574.,3,57,60
WBGene00022575.,0,17,17
WBGene00022576.,21,95,116
WBGene00022577.,27,27,54
WBGene00022578.,7,1,8
WBGene00022579.,232,1351,1583
WBGene00022580.,132,1120,1252
WBGene00022581.,11,14,25
WBGene00022582.,0,0,0
WBGene00022583.,226,2428,2654
WBGene00022584.,66,160,226
WBGene00022586.,2,23,25
WBGene00022587.,1,16,17
WBGene00022588.,86,357,443
WBGene00022589.,45,3,48
WBGene00022590.,3,23,26
WBGene00022591.,68,284,352
WBGene00022592.,180,483,663
WBGene00022593.,338,525,863
WBGene00022594.,13,13,26
WBGene00022596.,10,4,14
WBGene00022597.,135,1591,1726
WBGene00022598.,149,1003,1152
WBGene00022599.,2050,22327,24377
WBGene00022600.,8,4,12
WBGene00022601.,30,82,112
WBGene00022603.,99,705,804
WBGene00022604.,3,2,5
WBGene00022605.,4,26,30
WBGene00022606.,25,28,53
WBGene00022608.,91,279,370
WBGene00022609.,64,205,269
WBGene00022610.,41,167,208
WBGene00022611.,57,38,95
WBGene00022612.,15,57,72
WBGene00022613.,77,336,413
WBGene00022614.,243,1085,1328
WBGene00022615.,77,2202,2279
WBGene00022616.,8,9,17
WBGene00022617.,10,4,14
WBGene00022618.,144,1643,1787
WBGene00022619.,0,6,6
WBGene00022620.,60,545,605
WBGene00022621.,3,4,7
WBGene00022622.,12,2,14
WBGene00022623.,25,252,277
WBGene00022624.,53,76,129
WBGene00022627.,44,54,98
WBGene00022628.,25,13,38
WBGene00022629.,57,404,461
WBGene00022630.,3,4,7
WBGene00022631.,21,74,95
WBGene00022632.,15,3,18
WBGene00022633.,75,185,260
WBGene00022634.,15,8,23
WBGene00022635.,146,458,604
WBGene00022636.,21,43,64
WBGene00022637.,2,18,20
WBGene00022638.,9,3,12
WBGene00022639.,17,9,26
WBGene00022640.,12,13,25
WBGene00022641.,17,30,47
WBGene00022642.,145,735,880
WBGene00022643.,33,22,55
WBGene00022644.,119,1012,1131
WBGene00022645.,194,1208,1402
WBGene00022646.,26,588,614
WBGene00022647.,109,384,493
WBGene00022648.,194,566,760
WBGene00022649.,31,208,239
WBGene00022650.,196,186,382
WBGene00022651.,2,2,4
WBGene00022652.,0,3,3
WBGene00022653.,6,30,36
WBGene00022654.,21,15,36
WBGene00022655.,55,18,73
WBGene00022656.,8,23,31
WBGene00022657.,8,169,177
WBGene00022658.,3,29,32
WBGene00022660.,0,12,12
WBGene00022661.,72,154,226
WBGene00022662.,21,38,59
WBGene00022663.,78,656,734
WBGene00022664.,32,346,378
WBGene00022665.,22,109,131
WBGene00022666.,130,775,905
WBGene00022667.,205,1103,1308
WBGene00022668.,169,1039,1208
WBGene00022669.,2,9,11
WBGene00022670.,2,4,6
WBGene00022671.,14,17,31
WBGene00022672.,135,437,572
WBGene00022673.,111,304,415
WBGene00022674.,0,6,6
WBGene00022675.,541,803,1344
WBGene00022677.,48,342,390
WBGene00022678.,92,2752,2844
WBGene00022679.,1,26,27
WBGene00022680.,40,30,70
WBGene00022681.,27,69,96
WBGene00022682.,70,86,156
WBGene00022683.,70,283,353
WBGene00022685.,3,1,4
WBGene00022688.,0,3,3
WBGene00022689.,5,7,12
WBGene00022690.,10,17,27
WBGene00022691.,6,15,21
WBGene00022694.,77,508,585
WBGene00022695.,82,371,453
WBGene00022696.,56,140,196
WBGene00022697.,132,878,1010
WBGene00022698.,9,18,27
WBGene00022699.,5,4,9
WBGene00022700.,44,108,152
WBGene00022702.,6,265,271
WBGene00022703.,120,792,912
WBGene00022704.,61,397,458
WBGene00022705.,14,63,77
WBGene00022706.,47,63,110
WBGene00022707.,8,42,50
WBGene00022708.,8,58,66
WBGene00022709.,16,49,65
WBGene00022710.,8,3,11
WBGene00022711.,48,8,56
WBGene00022712.,43,294,337
WBGene00022713.,1,7,8
WBGene00022714.,7,12,19
WBGene00022715.,43,32,75
WBGene00022716.,9,10,19
WBGene00022717.,102,673,775
WBGene00022718.,179,1315,1494
WBGene00022719.,174,1479,1653
WBGene00022720.,59,184,243
WBGene00022721.,70,271,341
WBGene00022722.,153,1677,1830
WBGene00022723.,103,16,119
WBGene00022724.,0,27,27
WBGene00022725.,15,27,42
WBGene00022726.,4,3,7
WBGene00022727.,147,477,624
WBGene00022728.,6,21,27
WBGene00022729.,0,2,2
WBGene00022730.,44,239,283
WBGene00022731.,24,47,71
WBGene00022732.,19,41,60
WBGene00022733.,121,101,222
WBGene00022734.,103,1835,1938
WBGene00022735.,36,95,131
WBGene00022736.,33,218,251
WBGene00022737.,22,150,172
WBGene00022738.,265,2662,2927
WBGene00022739.,198,1268,1466
WBGene00022741.,166,67,233
WBGene00022742.,123,1139,1262
WBGene00022743.,137,312,449
WBGene00022744.,58,89,147
WBGene00022745.,1275,5609,6884
WBGene00022746.,0,16,16
WBGene00022747.,3,26,29
WBGene00022748.,290,12574,12864
WBGene00022749.,81,1290,1371
WBGene00022750.,584,1554,2138
WBGene00022751.,0,1,1
WBGene00022752.,14,166,180
WBGene00022753.,17,10,27
WBGene00022754.,0,18,18
WBGene00022755.,10,20,30
WBGene00022756.,15,27,42
WBGene00022757.,23,19,42
WBGene00022758.,19,6,25
WBGene00022759.,30,968,998
WBGene00022760.,0,104,104
WBGene00022761.,0,11,11
WBGene00022762.,53,246,299
WBGene00022763.,0,6,6
WBGene00022765.,512,2834,3346
WBGene00022766.,97,1936,2033
WBGene00022767.,29,102,131
WBGene00022769.,62,425,487
WBGene00022770.,41,354,395
WBGene00022771.,155,466,621
WBGene00022772.,47,91,138
WBGene00022773.,91,356,447
WBGene00022774.,66,1305,1371
WBGene00022775.,34,72,106
WBGene00022776.,13,1692,1705
WBGene00022778.,19,16,35
WBGene00022780.,6,34,40
WBGene00022781.,96,1542,1638
WBGene00022782.,89,836,925
WBGene00022783.,386,2441,2827
WBGene00022785.,114,784,898
WBGene00022786.,33,376,409
WBGene00022787.,64,434,498
WBGene00022788.,20,608,628
WBGene00022789.,54,52,106
WBGene00022790.,37,192,229
WBGene00022791.,420,1702,2122
WBGene00022792.,51,520,571
WBGene00022793.,47,2273,2320
WBGene00022794.,263,1462,1725
WBGene00022795.,24,16,40
WBGene00022796.,26,131,157
WBGene00022797.,49,366,415
WBGene00022798.,135,1073,1208
WBGene00022799.,1,8,9
WBGene00022800.,70,655,725
WBGene00022801.,120,1818,1938
WBGene00022802.,42,311,353
WBGene00022803.,43,339,382
WBGene00022804.,1,21,22
WBGene00022805.,130,471,601
WBGene00022806.,14,3,17
WBGene00022807.,28,15,43
WBGene00022808.,15,38,53
WBGene00022809.,6,6,12
WBGene00022810.,41,184,225
WBGene00022811.,100,28,128
WBGene00022812.,146,1104,1250
WBGene00022813.,47,283,330
WBGene00022814.,38,205,243
WBGene00022815.,42,90,132
WBGene00022816.,169,883,1052
WBGene00022817.,361,2969,3330
WBGene00022818.,11,14,25
WBGene00022820.,7,10,17
WBGene00022821.,0,2,2
WBGene00022822.,0,1,1
WBGene00022823.,56,923,979
WBGene00022824.,36,129,165
WBGene00022825.,127,203,330
WBGene00022826.,2,4,6
WBGene00022827.,37,21,58
WBGene00022829.,79,98,177
WBGene00022830.,40,365,405
WBGene00022831.,159,824,983
WBGene00022832.,86,801,887
WBGene00022833.,11,5,16
WBGene00022834.,21,112,133
WBGene00022835.,62,348,410
WBGene00022836.,136,1130,1266
WBGene00022837.,50,181,231
WBGene00022838.,77,39,116
WBGene00022840.,30,18,48
WBGene00022842.,55,102,157
WBGene00022843.,77,44,121
WBGene00022845.,5,25,30
WBGene00022846.,31,2,33
WBGene00022847.,74,178,252
WBGene00022848.,43,306,349
WBGene00022849.,19,28,47
WBGene00022850.,204,553,757
WBGene00022851.,78,1098,1176
WBGene00022852.,5,569,574
WBGene00022853.,0,22,22
WBGene00022854.,15,54,69
WBGene00022855.,48,2220,2268
WBGene00022856.,40,2609,2649
WBGene00022857.,20,153,173
WBGene00022858.,213,164,377
WBGene00022861.,25508,390,25898
WBGene00022862.,24,432,456
WBGene00022864.,131,2381,2512
WBGene00022865.,193,1154,1347
WBGene00022866.,21,59,80
WBGene00022867.,39,139,178
WBGene00022868.,18,92,110
WBGene00022869.,19,3,22
WBGene00022870.,20,5,25
WBGene00022871.,9,1449,1458
WBGene00022872.,21,16,37
WBGene00022873.,9,27,36
WBGene00022874.,42,53,95
WBGene00022875.,0,4,4
WBGene00022876.,0,4,4
WBGene00022877.,3,14,17
WBGene00022880.,54,368,422
WBGene00022881.,31,361,392
WBGene00022882.,61,289,350
WBGene00022883.,37,261,298
WBGene00022884.,0,37,37
WBGene00022885.,65,562,627
WBGene00022886.,14,10,24
WBGene00022887.,55,793,848
WBGene00022888.,38,15,53
WBGene00022889.,6,6,12
WBGene00022890.,1,3,4
WBGene00022891.,18,32,50
WBGene00022892.,9,0,9
WBGene00022893.,42,119,161
WBGene00022894.,0,0,0
WBGene00022895.,0,1,1
WBGene00022896.,0,0,0
WBGene00022897.,0,0,0
WBGene00022898.,0,0,0
WBGene00022899.,0,0,0
WBGene00022900.,0,0,0
WBGene00022901.,0,0,0
WBGene00022902.,0,0,0
WBGene00022903.,0,0,0
WBGene00022904.,0,0,0
WBGene00022905.,0,0,0
WBGene00022906.,0,0,0
WBGene00022907.,0,0,0
WBGene00022908.,0,0,0
WBGene00022909.,0,2,2
WBGene00022910.,0,0,0
WBGene00022911.,0,0,0
WBGene00022912.,0,0,0
WBGene00022913.,0,0,0
WBGene00022914.,0,0,0
WBGene00022915.,0,0,0
WBGene00022916.,0,8,8
WBGene00022917.,0,10,10
WBGene00022918.,0,12,12
WBGene00022919.,0,10,10
WBGene00022920.,0,0,0
WBGene00022921.,0,0,0
WBGene00022922.,0,7,7
WBGene00022923.,0,0,0
WBGene00022924.,0,0,0
WBGene00022925.,0,0,0
WBGene00022926.,0,11,11
WBGene00022927.,0,4,4
WBGene00022928.,0,0,0
WBGene00022929.,0,11,11
WBGene00022930.,0,2,2
WBGene00022931.,0,0,0
WBGene00022932.,0,35,35
WBGene00022933.,0,0,0
WBGene00022934.,0,0,0
WBGene00022935.,0,0,0
WBGene00022936.,0,29,29
WBGene00022937.,0,0,0
WBGene00022938.,0,2,2
WBGene00022939.,0,0,0
WBGene00022940.,0,0,0
WBGene00022941.,0,2,2
WBGene00022942.,0,2,2
WBGene00022943.,0,4,4
WBGene00022944.,0,0,0
WBGene00022945.,0,0,0
WBGene00022946.,0,0,0
WBGene00022947.,0,0,0
WBGene00022948.,0,0,0
WBGene00022949.,0,0,0
WBGene00022950.,0,37,37
WBGene00022951.,0,114583,114583
WBGene00022952.,0,13,13
WBGene00022953.,0,0,0
WBGene00022954.,0,0,0
WBGene00022955.,0,0,0
WBGene00022956.,0,142,142
WBGene00022957.,0,0,0
WBGene00022958.,0,0,0
WBGene00022959.,0,0,0
WBGene00022960.,0,0,0
WBGene00022961.,0,0,0
WBGene00022962.,0,27,27
WBGene00022963.,0,1,1
WBGene00022964.,0,0,0
WBGene00022965.,0,0,0
WBGene00022966.,0,0,0
WBGene00022967.,0,0,0
WBGene00022968.,0,0,0
WBGene00022969.,0,0,0
WBGene00022970.,0,81,81
WBGene00022971.,0,1,1
WBGene00022972.,0,0,0
WBGene00022973.,0,0,0
WBGene00022974.,0,0,0
WBGene00022975.,0,0,0
WBGene00022976.,0,0,0
WBGene00022977.,0,0,0
WBGene00022978.,0,0,0
WBGene00022979.,0,0,0
WBGene00022980.,0,0,0
WBGene00022981.,0,1,1
WBGene00022982.,0,31,31
WBGene00022983.,0,29,29
WBGene00022984.,0,0,0
WBGene00022985.,0,3,3
WBGene00022986.,0,5,5
WBGene00022987.,0,0,0
WBGene00022988.,0,0,0
WBGene00022989.,0,0,0
WBGene00022990.,0,0,0
WBGene00022991.,0,0,0
WBGene00022992.,0,0,0
WBGene00022993.,0,0,0
WBGene00022994.,0,0,0
WBGene00022995.,0,0,0
WBGene00022996.,0,3,3
WBGene00022997.,0,0,0
WBGene00022998.,0,0,0
WBGene00022999.,0,1,1
WBGene00023000.,0,0,0
WBGene00023001.,0,0,0
WBGene00023002.,0,8,8
WBGene00023003.,0,17,17
WBGene00023004.,0,12,12
WBGene00023005.,0,0,0
WBGene00023006.,0,12,12
WBGene00023007.,0,0,0
WBGene00023008.,0,0,0
WBGene00023009.,0,0,0
WBGene00023010.,0,0,0
WBGene00023011.,0,0,0
WBGene00023012.,0,0,0
WBGene00023013.,0,0,0
WBGene00023014.,0,0,0
WBGene00023015.,0,0,0
WBGene00023016.,0,0,0
WBGene00023017.,0,0,0
WBGene00023018.,0,0,0
WBGene00023019.,0,0,0
WBGene00023020.,0,186,186
WBGene00023021.,0,471,471
WBGene00023022.,0,0,0
WBGene00023023.,0,0,0
WBGene00023024.,0,0,0
WBGene00023025.,0,0,0
WBGene00023026.,0,0,0
WBGene00023027.,0,1,1
WBGene00023028.,0,0,0
WBGene00023029.,0,0,0
WBGene00023030.,0,2,2
WBGene00023031.,0,2,2
WBGene00023032.,0,0,0
WBGene00023033.,0,0,0
WBGene00023034.,0,0,0
WBGene00023035.,0,0,0
WBGene00023036.,258,1321,1579
WBGene00023037.,0,0,0
WBGene00023038.,0,0,0
WBGene00023039.,4,10,14
WBGene00023040.,0,0,0
WBGene00023041.,0,2,2
WBGene00023042.,0,0,0
WBGene00023043.,0,0,0
WBGene00023044.,0,0,0
WBGene00023045.,0,1,1
WBGene00023046.,0,0,0
WBGene00023047.,0,0,0
WBGene00023048.,0,1,1
WBGene00023049.,0,3,3
WBGene00023050.,0,0,0
WBGene00023051.,0,0,0
WBGene00023052.,0,0,0
WBGene00023053.,0,0,0
WBGene00023054.,0,6,6
WBGene00023055.,0,0,0
WBGene00023056.,0,1,1
WBGene00023057.,0,0,0
WBGene00023058.,0,0,0
WBGene00023059.,0,3,3
WBGene00023060.,0,19,19
WBGene00023061.,0,0,0
WBGene00023062.,0,0,0
WBGene00023063.,0,0,0
WBGene00023064.,0,0,0
WBGene00023065.,0,0,0
WBGene00023066.,0,68,68
WBGene00023067.,8849,14156,23005
WBGene00023068.,228555,323385,551940
WBGene00023069.,0,117,117
WBGene00023070.,0,0,0
WBGene00023071.,0,0,0
WBGene00023072.,0,0,0
WBGene00023073.,0,0,0
WBGene00023074.,0,0,0
WBGene00023075.,0,0,0
WBGene00023076.,0,0,0
WBGene00023077.,0,0,0
WBGene00023078.,0,0,0
WBGene00023079.,0,0,0
WBGene00023080.,0,0,0
WBGene00023081.,0,0,0
WBGene00023082.,0,0,0
WBGene00023083.,0,32,32
WBGene00023084.,0,8,8
WBGene00023085.,0,0,0
WBGene00023086.,0,0,0
WBGene00023087.,0,0,0
WBGene00023088.,0,0,0
WBGene00023089.,0,0,0
WBGene00023090.,0,0,0
WBGene00023091.,0,0,0
WBGene00023092.,0,0,0
WBGene00023093.,0,0,0
WBGene00023094.,0,0,0
WBGene00023095.,0,0,0
WBGene00023096.,0,0,0
WBGene00023097.,0,0,0
WBGene00023098.,0,0,0
WBGene00023099.,0,0,0
WBGene00023100.,0,2,2
WBGene00023101.,0,0,0
WBGene00023102.,0,0,0
WBGene00023103.,0,0,0
WBGene00023104.,12,9,21
WBGene00023105.,0,0,0
WBGene00023106.,0,0,0
WBGene00023107.,0,0,0
WBGene00023108.,0,0,0
WBGene00023109.,0,3,3
WBGene00023110.,0,2,2
WBGene00023111.,0,0,0
WBGene00023112.,0,0,0
WBGene00023113.,0,3,3
WBGene00023115.,0,0,0
WBGene00023116.,0,3,3
WBGene00023117.,0,0,0
WBGene00023118.,0,1,1
WBGene00023119.,0,6,6
WBGene00023120.,0,0,0
WBGene00023121.,0,0,0
WBGene00023122.,0,0,0
WBGene00023123.,0,0,0
WBGene00023124.,0,0,0
WBGene00023125.,0,2,2
WBGene00023126.,0,0,0
WBGene00023127.,0,0,0
WBGene00023128.,0,0,0
WBGene00023129.,0,0,0
WBGene00023130.,0,0,0
WBGene00023131.,0,5,5
WBGene00023132.,0,0,0
WBGene00023133.,0,3,3
WBGene00023134.,0,0,0
WBGene00023135.,0,3,3
WBGene00023136.,0,0,0
WBGene00023137.,0,0,0
WBGene00023138.,0,0,0
WBGene00023139.,0,1,1
WBGene00023140.,0,0,0
WBGene00023141.,0,0,0
WBGene00023142.,0,7,7
WBGene00023143.,0,0,0
WBGene00023144.,0,0,0
WBGene00023145.,0,0,0
WBGene00023146.,0,1,1
WBGene00023147.,0,2,2
WBGene00023148.,0,2,2
WBGene00023149.,0,0,0
WBGene00023150.,0,4,4
WBGene00023151.,0,0,0
WBGene00023152.,0,0,0
WBGene00023153.,0,1,1
WBGene00023154.,0,0,0
WBGene00023155.,0,0,0
WBGene00023156.,0,1,1
WBGene00023157.,0,0,0
WBGene00023158.,0,0,0
WBGene00023159.,0,0,0
WBGene00023160.,0,0,0
WBGene00023161.,0,3,3
WBGene00023162.,0,10,10
WBGene00023163.,3,0,3
WBGene00023164.,0,2,2
WBGene00023165.,0,5,5
WBGene00023166.,0,0,0
WBGene00023167.,0,1,1
WBGene00023168.,0,2,2
WBGene00023169.,0,0,0
WBGene00023170.,0,0,0
WBGene00023171.,0,0,0
WBGene00023172.,24,42,66
WBGene00023173.,0,4,4
WBGene00023174.,0,6,6
WBGene00023175.,0,0,0
WBGene00023176.,0,0,0
WBGene00023177.,0,0,0
WBGene00023178.,0,0,0
WBGene00023179.,0,0,0
WBGene00023180.,0,0,0
WBGene00023181.,0,0,0
WBGene00023182.,0,4,4
WBGene00023183.,0,18,18
WBGene00023184.,0,0,0
WBGene00023185.,0,0,0
WBGene00023186.,0,0,0
WBGene00023187.,0,0,0
WBGene00023188.,0,0,0
WBGene00023189.,0,0,0
WBGene00023190.,0,0,0
WBGene00023191.,28,31,59
WBGene00023192.,0,0,0
WBGene00023193.,0,35,35
WBGene00023194.,0,2,2
WBGene00023195.,0,0,0
WBGene00023196.,0,0,0
WBGene00023197.,0,0,0
WBGene00023198.,0,0,0
WBGene00023199.,0,0,0
WBGene00023200.,0,0,0
WBGene00023201.,0,0,0
WBGene00023202.,0,0,0
WBGene00023203.,0,11,11
WBGene00023204.,0,7,7
WBGene00023205.,0,48,48
WBGene00023206.,0,0,0
WBGene00023207.,0,0,0
WBGene00023208.,0,0,0
WBGene00023209.,80,13419,13499
WBGene00023210.,0,0,0
WBGene00023211.,0,0,0
WBGene00023212.,0,1,1
WBGene00023213.,0,0,0
WBGene00023214.,0,0,0
WBGene00023215.,0,4,4
WBGene00023216.,0,0,0
WBGene00023217.,0,0,0
WBGene00023218.,0,0,0
WBGene00023219.,0,0,0
WBGene00023220.,0,0,0
WBGene00023221.,0,0,0
WBGene00023222.,0,0,0
WBGene00023223.,41,43,84
WBGene00023224.,2,3,5
WBGene00023225.,3,14,17
WBGene00023226.,2,11,13
WBGene00023227.,0,0,0
WBGene00023228.,0,0,0
WBGene00023229.,0,0,0
WBGene00023230.,0,0,0
WBGene00023231.,0,0,0
WBGene00023232.,0,1,1
WBGene00023233.,0,1,1
WBGene00023234.,0,0,0
WBGene00023235.,1,7,8
WBGene00023236.,1,1,2
WBGene00023237.,0,11,11
WBGene00023238.,0,2,2
WBGene00023239.,7,11,18
WBGene00023240.,0,6,6
WBGene00023241.,0,16,16
WBGene00023242.,0,0,0
WBGene00023243.,3,1,4
WBGene00023244.,18,1,19
WBGene00023245.,4,48,52
WBGene00023246.,0,79,79
WBGene00023247.,4,10,14
WBGene00023248.,10,15,25
WBGene00023249.,0,12,12
WBGene00023250.,0,0,0
WBGene00023251.,0,0,0
WBGene00023252.,0,50,50
WBGene00023253.,0,0,0
WBGene00023254.,0,0,0
WBGene00023255.,0,0,0
WBGene00023256.,0,0,0
WBGene00023257.,0,0,0
WBGene00023259.,5,13,18
WBGene00023260.,0,0,0
WBGene00023262.,0,16,16
WBGene00023263.,0,15691,15691
WBGene00023264.,67,20,87
WBGene00023265.,0,3,3
WBGene00023266.,0,0,0
WBGene00023267.,0,2,2
WBGene00023268.,0,13,13
WBGene00023269.,0,0,0
WBGene00023270.,12,11,23
WBGene00023271.,0,24,24
WBGene00023272.,2,1,3
WBGene00023273.,0,18,18
WBGene00023274.,13,6,19
WBGene00023275.,0,1,1
WBGene00023276.,0,41,41
WBGene00023277.,1,31,32
WBGene00023278.,0,4,4
WBGene00023279.,1,33,34
WBGene00023281.,14,19,33
WBGene00023282.,1,12,13
WBGene00023283.,0,0,0
WBGene00023284.,9,106,115
WBGene00023285.,0,1,1
WBGene00023287.,4,45,49
WBGene00023288.,0,27,27
WBGene00023289.,0,0,0
WBGene00023290.,0,0,0
WBGene00023291.,0,0,0
WBGene00023293.,0,10,10
WBGene00023294.,0,20,20
WBGene00023295.,0,0,0
WBGene00023296.,0,0,0
WBGene00023297.,0,0,0
WBGene00023298.,0,0,0
WBGene00023299.,0,0,0
WBGene00023300.,0,0,0
WBGene00023301.,7,8,15
WBGene00023302.,18,60,78
WBGene00023303.,17,16,33
WBGene00023304.,0,0,0
WBGene00023305.,0,9,9
WBGene00023306.,0,4,4
WBGene00023307.,0,0,0
WBGene00023308.,40,12,52
WBGene00023309.,0,1,1
WBGene00023310.,0,5,5
WBGene00023311.,0,7,7
WBGene00023312.,0,7,7
WBGene00023313.,0,2,2
WBGene00023314.,3,251,254
WBGene00023315.,0,0,0
WBGene00023316.,0,2,2
WBGene00023317.,3,0,3
WBGene00023318.,11,53,64
WBGene00023319.,0,40,40
WBGene00023320.,0,3,3
WBGene00023321.,1,5,6
WBGene00023322.,0,0,0
WBGene00023323.,16,85,101
WBGene00023324.,0,0,0
WBGene00023325.,0,10,10
WBGene00023326.,1,22,23
WBGene00023327.,0,1,1
WBGene00023328.,0,2,2
WBGene00023329.,0,0,0
WBGene00023330.,6,27,33
WBGene00023331.,0,18,18
WBGene00023332.,0,0,0
WBGene00023333.,0,0,0
WBGene00023334.,0,0,0
WBGene00023335.,6,1,7
WBGene00023336.,10,11,21
WBGene00023337.,10,10,20
WBGene00023338.,18,10,28
WBGene00023339.,3,1,4
WBGene00023340.,7,6,13
WBGene00023341.,0,0,0
WBGene00023342.,0,0,0
WBGene00023343.,0,0,0
WBGene00023344.,0,0,0
WBGene00023345.,0,0,0
WBGene00023346.,0,0,0
WBGene00023348.,1,24,25
WBGene00023349.,0,4,4
WBGene00023351.,1,32,33
WBGene00023352.,0,0,0
WBGene00023353.,0,2,2
WBGene00023354.,0,5,5
WBGene00023355.,62,23,85
WBGene00023356.,0,4,4
WBGene00023357.,0,0,0
WBGene00023358.,0,6,6
WBGene00023359.,0,0,0
WBGene00023360.,0,0,0
WBGene00023361.,0,0,0
WBGene00023362.,0,0,0
WBGene00023363.,0,0,0
WBGene00023364.,0,40,40
WBGene00023365.,0,0,0
WBGene00023366.,0,0,0
WBGene00023367.,0,0,0
WBGene00023368.,0,0,0
WBGene00023369.,0,0,0
WBGene00023370.,0,0,0
WBGene00023371.,0,0,0
WBGene00023372.,0,0,0
WBGene00023373.,0,4,4
WBGene00023375.,0,1,1
WBGene00023376.,0,2,2
WBGene00023377.,0,1,1
WBGene00023378.,0,0,0
WBGene00023379.,0,0,0
WBGene00023380.,0,0,0
WBGene00023381.,0,7,7
WBGene00023382.,0,4,4
WBGene00023383.,0,0,0
WBGene00023384.,0,0,0
WBGene00023385.,0,0,0
WBGene00023386.,0,1,1
WBGene00023387.,0,0,0
WBGene00023388.,0,0,0
WBGene00023389.,0,0,0
WBGene00023390.,0,8,8
WBGene00023391.,0,0,0
WBGene00023392.,0,0,0
WBGene00023393.,0,0,0
WBGene00023394.,0,0,0
WBGene00023395.,14,15,29
WBGene00023396.,0,15,15
WBGene00023397.,0,0,0
WBGene00023398.,0,0,0
WBGene00023399.,0,3,3
WBGene00023400.,0,11,11
WBGene00023401.,0,3646,3646
WBGene00023402.,0,2,2
WBGene00023404.,97,183,280
WBGene00023405.,190,1408,1598
WBGene00023407.,48,839,887
WBGene00023408.,214,5727,5941
WBGene00023409.,71,386,457
WBGene00023410.,25,6,31
WBGene00023411.,10,22,32
WBGene00023413.,21,48,69
WBGene00023414.,195,418,613
WBGene00023415.,49,58,107
WBGene00023416.,56,430,486
WBGene00023417.,25,1121,1146
WBGene00023418.,6,333,339
WBGene00023419.,112,909,1021
WBGene00023420.,0,52,52
WBGene00023421.,63,309,372
WBGene00023422.,169,1029,1198
WBGene00023423.,14,39,53
WBGene00023424.,12,52,64
WBGene00023425.,4,9,13
WBGene00023427.,11,38,49
WBGene00023428.,0,0,0
WBGene00023429.,0,0,0
WBGene00023430.,0,0,0
WBGene00023431.,338,676,1014
WBGene00023432.,86,580,666
WBGene00023450.,122,352,474
WBGene00023451.,20,31,51
WBGene00023452.,0,0,0
WBGene00023453.,0,7,7
WBGene00023454.,0,1,1
WBGene00023455.,0,0,0
WBGene00023456.,0,0,0
WBGene00023457.,0,6,6
WBGene00023458.,30,953,983
WBGene00023459.,13,11,24
WBGene00023460.,34,90,124
WBGene00023461.,0,0,0
WBGene00023462.,12,23,35
WBGene00023463.,25,13,38
WBGene00023464.,26,4,30
WBGene00023465.,27,16,43
WBGene00023466.,0,0,0
WBGene00023467.,0,0,0
WBGene00023468.,0,0,0
WBGene00023469.,0,0,0
WBGene00023470.,7,21,28
WBGene00023471.,49,16,65
WBGene00023472.,14,194,208
WBGene00023474.,16,30,46
WBGene00023475.,28,7,35
WBGene00023476.,1,3,4
WBGene00023477.,0,157,157
WBGene00023478.,15,12,27
WBGene00023479.,5,8,13
WBGene00023480.,21,10,31
WBGene00023481.,16,5,21
WBGene00023482.,0,0,0
WBGene00023483.,7,9,16
WBGene00023484.,47,4,51
WBGene00023485.,5,267,272
WBGene00023486.,12,194,206
WBGene00023487.,149,2552,2701
WBGene00023488.,40,28,68
WBGene00023489.,550,59,609
WBGene00023490.,22,58,80
WBGene00023491.,140,325,465
WBGene00023492.,15,37,52
WBGene00023493.,5,34,39
WBGene00023497.,103,749,852
WBGene00023498.,31,443,474
WBGene00023499.,35,20,55
WBGene00023500.,90,382,472
WBGene00023501.,17,46,63
WBGene00023502.,98,178,276
WBGene00023503.,20,57,77
WBGene00023504.,149,557,706
WBGene00023505.,18,6,24
WBGene00023506.,16,28,44
WBGene00023507.,5,17,22
WBGene00023508.,7,14,21
WBGene00023509.,1,5,6
WBGene00023510.,8,14,22
WBGene00023511.,9,13,22
WBGene00023512.,3,12,15
WBGene00023513.,7,8,15
WBGene00023514.,7,8,15
WBGene00023515.,62,63,125
WBGene00023516.,4,5,9
WBGene00023517.,9,40,49
WBGene00023518.,0,0,0
WBGene00023519.,39,41,80
WBGene00023520.,114,373,487
WBGene00043049.,28,35,63
WBGene00043050.,195,1116,1311
WBGene00043051.,73,321,394
WBGene00043052.,13,9,22
WBGene00043053.,989,21,1010
WBGene00043054.,19,171,190
WBGene00043055.,0,0,0
WBGene00043056.,241,184,425
WBGene00043057.,46,272,318
WBGene00043058.,7,2,9
WBGene00043059.,57,7,64
WBGene00043060.,266,901,1167
WBGene00043061.,22,23,45
WBGene00043062.,59,171,230
WBGene00043064.,46,2842,2888
WBGene00043065.,52,22,74
WBGene00043066.,105,162,267
WBGene00043067.,70,402,472
WBGene00043068.,15,129,144
WBGene00043069.,8,21,29
WBGene00043097.,142,1791,1933
WBGene00043120.,5,56,61
WBGene00043147.,0,7,7
WBGene00043156.,70,156,226
WBGene00043187.,0,1,1
WBGene00043239.,25,2,27
WBGene00043279.,147,290,437
WBGene00043283.,2,3,5
WBGene00043297.,262,2213,2475
WBGene00043302.,138,1164,1302
WBGene00043308.,8,138,146
WBGene00043327.,0,0,0
WBGene00043328.,0,0,0
WBGene00043466.,1,0,1
WBGene00043469.,3,2,5
WBGene00043534.,42,24,66
WBGene00043666.,0,19,19
WBGene00043702.,2,68,70
WBGene00043705.,62,57,119
WBGene00043743.,0,1,1
WBGene00043948.,0,0,0
WBGene00043952.,22,27,49
WBGene00043980.,19,4,23
WBGene00043981.,54,23,77
WBGene00043982.,115,963,1078
WBGene00043983.,32,156,188
WBGene00043984.,0,8,8
WBGene00043985.,36,132,168
WBGene00043986.,15,10,25
WBGene00043987.,0,0,0
WBGene00043988.,31,23,54
WBGene00043989.,0,0,0
WBGene00043990.,0,0,0
WBGene00043991.,0,0,0
WBGene00043992.,66,191,257
WBGene00043993.,9,12,21
WBGene00043994.,25,266,291
WBGene00043995.,44,125,169
WBGene00043996.,100,38,138
WBGene00043997.,46,68,114
WBGene00043998.,15,49,64
WBGene00044000.,21,11,32
WBGene00044001.,40,938,978
WBGene00044002.,1,1,2
WBGene00044003.,53,4,57
WBGene00044004.,0,424,424
WBGene00044005.,1,9,10
WBGene00044006.,211,1364,1575
WBGene00044007.,147,867,1014
WBGene00044008.,110,466,576
WBGene00044009.,51,149,200
WBGene00044011.,0,11,11
WBGene00044012.,12,5,17
WBGene00044013.,12,17,29
WBGene00044014.,9,8,17
WBGene00044015.,5,60,65
WBGene00044016.,2,34,36
WBGene00044018.,9,2,11
WBGene00044019.,34,132,166
WBGene00044020.,15,40,55
WBGene00044021.,26,65,91
WBGene00044022.,4,7,11
WBGene00044024.,8,30,38
WBGene00044025.,59,487,546
WBGene00044026.,88,2938,3026
WBGene00044027.,5,13,18
WBGene00044028.,10,128,138
WBGene00044029.,91,786,877
WBGene00044030.,64,29,93
WBGene00044031.,4,7,11
WBGene00044032.,16,37,53
WBGene00044034.,0,28,28
WBGene00044035.,17,56,73
WBGene00044036.,0,0,0
WBGene00044037.,0,1,1
WBGene00044038.,30,25,55
WBGene00044040.,0,0,0
WBGene00044041.,101,7,108
WBGene00044042.,0,0,0
WBGene00044043.,0,9,9
WBGene00044044.,4,15,19
WBGene00044045.,85,97,182
WBGene00044046.,0,2,2
WBGene00044047.,4,21,25
WBGene00044048.,51,58,109
WBGene00044049.,821,2787,3608
WBGene00044051.,0,9,9
WBGene00044052.,0,9,9
WBGene00044053.,10,79,89
WBGene00044054.,73,6,79
WBGene00044056.,8,5,13
WBGene00044057.,1,3,4
WBGene00044058.,34,35,69
WBGene00044059.,10,8,18
WBGene00044061.,137,462,599
WBGene00044062.,4,5,9
WBGene00044063.,29,946,975
WBGene00044065.,93,171,264
WBGene00044066.,2,35,37
WBGene00044067.,12,115,127
WBGene00044068.,584,3674,4258
WBGene00044069.,37,488,525
WBGene00044070.,789,6430,7219
WBGene00044071.,90,522,612
WBGene00044072.,202,742,944
WBGene00044073.,38,184,222
WBGene00044074.,64,23,87
WBGene00044077.,95,973,1068
WBGene00044078.,563,2311,2874
WBGene00044079.,594,2660,3254
WBGene00044080.,3,21,24
WBGene00044081.,14,5,19
WBGene00044082.,57,835,892
WBGene00044083.,1,0,1
WBGene00044084.,20,6,26
WBGene00044085.,2,36,38
WBGene00044086.,14,14,28
WBGene00044087.,12,4,16
WBGene00044088.,20,16,36
WBGene00044089.,13,3,16
WBGene00044090.,18,18,36
WBGene00044091.,4,13,17
WBGene00044092.,16,7,23
WBGene00044093.,9,17,26
WBGene00044094.,99,923,1022
WBGene00044095.,6,6,12
WBGene00044096.,1,8,9
WBGene00044097.,0,8,8
WBGene00044099.,0,0,0
WBGene00044100.,11,6,17
WBGene00044101.,14,9,23
WBGene00044102.,14,15,29
WBGene00044103.,0,37,37
WBGene00044104.,27,19,46
WBGene00044105.,2,3,5
WBGene00044106.,2,14,16
WBGene00044107.,30,447,477
WBGene00044109.,0,4,4
WBGene00044112.,10,10,20
WBGene00044113.,5,7,12
WBGene00044114.,13,11,24
WBGene00044115.,22,30,52
WBGene00044116.,29,7,36
WBGene00044117.,12,26,38
WBGene00044119.,3,10,13
WBGene00044120.,38,86,124
WBGene00044121.,11,6,17
WBGene00044122.,47,45,92
WBGene00044124.,26,30,56
WBGene00044125.,67,34,101
WBGene00044126.,8,8,16
WBGene00044127.,9,15,24
WBGene00044128.,0,22,22
WBGene00044129.,0,9,9
WBGene00044130.,3,10,13
WBGene00044131.,0,0,0
WBGene00044132.,35,92,127
WBGene00044133.,14,1,15
WBGene00044134.,99,337,436
WBGene00044135.,42,30,72
WBGene00044136.,20,6,26
WBGene00044137.,0,55,55
WBGene00044138.,89,162,251
WBGene00044139.,7,78,85
WBGene00044140.,4,8,12
WBGene00044141.,0,17,17
WBGene00044142.,31,28,59
WBGene00044143.,119,258,377
WBGene00044144.,26,314,340
WBGene00044145.,1,11,12
WBGene00044146.,8,1,9
WBGene00044147.,9,19,28
WBGene00044148.,12,14,26
WBGene00044149.,2,1,3
WBGene00044150.,43,50,93
WBGene00044151.,79,386,465
WBGene00044152.,8,32,40
WBGene00044153.,75,31,106
WBGene00044154.,23,16,39
WBGene00044155.,122,13,135
WBGene00044156.,23,89,112
WBGene00044157.,16,1,17
WBGene00044158.,32,4,36
WBGene00044159.,6,1,7
WBGene00044160.,10,2,12
WBGene00044161.,9,12,21
WBGene00044162.,1,1,2
WBGene00044163.,20,34,54
WBGene00044164.,4,7,11
WBGene00044166.,10,40,50
WBGene00044167.,41,407,448
WBGene00044168.,90,1175,1265
WBGene00044169.,27,32,59
WBGene00044170.,14,69,83
WBGene00044171.,0,2,2
WBGene00044174.,39,878,917
WBGene00044175.,65,916,981
WBGene00044176.,61,1155,1216
WBGene00044177.,29,21,50
WBGene00044178.,0,2,2
WBGene00044179.,5,6,11
WBGene00044180.,114,195,309
WBGene00044181.,7,27,34
WBGene00044182.,5,36,41
WBGene00044183.,3,6,9
WBGene00044184.,2,6,8
WBGene00044185.,1,0,1
WBGene00044187.,2153,55,2208
WBGene00044188.,38,206,244
WBGene00044189.,0,19,19
WBGene00044191.,198,970,1168
WBGene00044192.,1,14,15
WBGene00044193.,0,25,25
WBGene00044194.,0,5,5
WBGene00044195.,16,8,24
WBGene00044196.,9,6,15
WBGene00044197.,3,23,26
WBGene00044198.,4,8,12
WBGene00044199.,13,5,18
WBGene00044200.,59,190,249
WBGene00044201.,0,11,11
WBGene00044202.,10,3,13
WBGene00044203.,16,10,26
WBGene00044204.,31,315,346
WBGene00044205.,8,104,112
WBGene00044206.,10,41,51
WBGene00044207.,0,5,5
WBGene00044208.,15,4,19
WBGene00044209.,14,54,68
WBGene00044210.,84,357,441
WBGene00044211.,14,32,46
WBGene00044212.,25,2,27
WBGene00044213.,2,12,14
WBGene00044215.,5,0,5
WBGene00044216.,11,6,17
WBGene00044217.,0,22,22
WBGene00044218.,4,25,29
WBGene00044219.,0,0,0
WBGene00044220.,1,9,10
WBGene00044221.,21,180,201
WBGene00044222.,0,7,7
WBGene00044224.,11,24,35
WBGene00044225.,0,17,17
WBGene00044226.,0,51,51
WBGene00044227.,14,21,35
WBGene00044228.,15,35,50
WBGene00044229.,45,23,68
WBGene00044230.,4,5,9
WBGene00044232.,37,23,60
WBGene00044233.,77,202,279
WBGene00044235.,0,2,2
WBGene00044236.,2,297,299
WBGene00044237.,34,8,42
WBGene00044238.,54,69,123
WBGene00044239.,12,149,161
WBGene00044240.,10,12,22
WBGene00044241.,16,67,83
WBGene00044242.,0,6,6
WBGene00044243.,8,3,11
WBGene00044244.,0,0,0
WBGene00044245.,0,41,41
WBGene00044246.,4,1,5
WBGene00044247.,22,4,26
WBGene00044249.,17,9,26
WBGene00044250.,5,6,11
WBGene00044251.,19,78,97
WBGene00044253.,31,215,246
WBGene00044256.,10,14,24
WBGene00044257.,0,24,24
WBGene00044258.,36,61,97
WBGene00044259.,1,11,12
WBGene00044260.,288,9175,9463
WBGene00044261.,42,11,53
WBGene00044262.,13,51,64
WBGene00044263.,0,11,11
WBGene00044264.,3,6,9
WBGene00044265.,39,53,92
WBGene00044266.,0,41,41
WBGene00044267.,2,1,3
WBGene00044268.,12,22,34
WBGene00044270.,14,12,26
WBGene00044271.,0,7,7
WBGene00044272.,0,0,0
WBGene00044273.,0,0,0
WBGene00044274.,0,0,0
WBGene00044275.,0,7,7
WBGene00044276.,0,1,1
WBGene00044277.,0,6,6
WBGene00044278.,5,6,11
WBGene00044279.,0,1,1
WBGene00044280.,798,691,1489
WBGene00044281.,25,17,42
WBGene00044282.,2,5,7
WBGene00044283.,643,1221,1864
WBGene00044284.,1,3,4
WBGene00044285.,6,6,12
WBGene00044286.,11,15,26
WBGene00044287.,7,32,39
WBGene00044288.,6,31,37
WBGene00044289.,9,167,176
WBGene00044290.,65,86,151
WBGene00044291.,51,133,184
WBGene00044292.,35,391,426
WBGene00044293.,12,26,38
WBGene00044294.,149,723,872
WBGene00044295.,10,67,77
WBGene00044296.,48,188,236
WBGene00044297.,84,98,182
WBGene00044298.,1,3,4
WBGene00044299.,5,16,21
WBGene00044300.,12,12,24
WBGene00044301.,109,889,998
WBGene00044302.,7,13,20
WBGene00044303.,63,87,150
WBGene00044304.,138,142,280
WBGene00044305.,47,776,823
WBGene00044306.,6,6,12
WBGene00044307.,0,21,21
WBGene00044308.,2,27,29
WBGene00044309.,11,9,20
WBGene00044310.,113,302,415
WBGene00044311.,35,148,183
WBGene00044312.,10,21,31
WBGene00044313.,21,79,100
WBGene00044314.,3,3,6
WBGene00044315.,9,4,13
WBGene00044316.,78,438,516
WBGene00044317.,2,20,22
WBGene00044318.,75,928,1003
WBGene00044319.,28,233,261
WBGene00044321.,467,1870,2337
WBGene00044322.,25,496,521
WBGene00044323.,65,535,600
WBGene00044324.,27,3671,3698
WBGene00044325.,58,564,622
WBGene00044326.,165,761,926
WBGene00044329.,76,542,618
WBGene00044330.,27,290,317
WBGene00044331.,9,3,12
WBGene00044332.,8,12,20
WBGene00044333.,17,17,34
WBGene00044337.,0,0,0
WBGene00044338.,19,1590,1609
WBGene00044339.,0,61,61
WBGene00044340.,0,8,8
WBGene00044341.,85,428,513
WBGene00044342.,81,187,268
WBGene00044343.,17,36,53
WBGene00044344.,76,1360,1436
WBGene00044345.,30,317,347
WBGene00044346.,0,2,2
WBGene00044347.,40,12,52
WBGene00044348.,192,118,310
WBGene00044349.,26,22,48
WBGene00044350.,113,347,460
WBGene00044352.,26,25,51
WBGene00044353.,23,123,146
WBGene00044354.,16,128,144
WBGene00044355.,30,88,118
WBGene00044356.,1,9,10
WBGene00044357.,0,0,0
WBGene00044358.,43,7,50
WBGene00044359.,3,5,8
WBGene00044360.,0,18,18
WBGene00044361.,0,0,0
WBGene00044362.,0,4,4
WBGene00044363.,22,121,143
WBGene00044364.,0,3,3
WBGene00044365.,0,6,6
WBGene00044366.,0,9,9
WBGene00044367.,12,94,106
WBGene00044368.,146,19,165
WBGene00044369.,4,2,6
WBGene00044370.,0,0,0
WBGene00044371.,0,12,12
WBGene00044372.,0,9,9
WBGene00044373.,11,233,244
WBGene00044374.,1,2,3
WBGene00044375.,0,9,9
WBGene00044376.,0,64,64
WBGene00044377.,0,9,9
WBGene00044378.,0,20,20
WBGene00044379.,3,7,10
WBGene00044380.,4,16,20
WBGene00044381.,27,46,73
WBGene00044382.,0,80,80
WBGene00044383.,4,3,7
WBGene00044384.,103,2,105
WBGene00044385.,9,5,14
WBGene00044386.,7,17,24
WBGene00044387.,145,1783,1928
WBGene00044388.,8,8,16
WBGene00044389.,458,4353,4811
WBGene00044390.,0,8,8
WBGene00044391.,76,66,142
WBGene00044392.,15,36,51
WBGene00044393.,1,7,8
WBGene00044394.,4,49,53
WBGene00044395.,36,58,94
WBGene00044396.,37,511,548
WBGene00044397.,0,8,8
WBGene00044398.,0,2,2
WBGene00044399.,0,2,2
WBGene00044401.,242,1019,1261
WBGene00044402.,42,15,57
WBGene00044403.,108,58,166
WBGene00044405.,11,8,19
WBGene00044406.,47,230,277
WBGene00044409.,9,40,49
WBGene00044410.,47,160,207
WBGene00044411.,136,739,875
WBGene00044412.,13,166,179
WBGene00044413.,958,414,1372
WBGene00044414.,22,53,75
WBGene00044415.,0,4,4
WBGene00044416.,0,4,4
WBGene00044417.,0,32,32
WBGene00044418.,299,1061,1360
WBGene00044419.,18,11,29
WBGene00044420.,28,255,283
WBGene00044421.,136,416,552
WBGene00044423.,8,39,47
WBGene00044424.,8,23,31
WBGene00044425.,0,7,7
WBGene00044427.,15,24,39
WBGene00044428.,40,27,67
WBGene00044429.,48,22,70
WBGene00044430.,16,3,19
WBGene00044431.,184,894,1078
WBGene00044432.,12,19,31
WBGene00044433.,268,2205,2473
WBGene00044434.,37,21,58
WBGene00044435.,0,31,31
WBGene00044436.,23,195,218
WBGene00044437.,105,63,168
WBGene00044438.,138,303,441
WBGene00044439.,0,3,3
WBGene00044440.,116,143,259
WBGene00044441.,0,28,28
WBGene00044442.,6,99,105
WBGene00044443.,351,4627,4978
WBGene00044444.,10,7,17
WBGene00044445.,61,135,196
WBGene00044446.,12,13,25
WBGene00044447.,0,2,2
WBGene00044448.,1,27,28
WBGene00044449.,0,4,4
WBGene00044450.,0,4,4
WBGene00044451.,0,9,9
WBGene00044452.,128,783,911
WBGene00044453.,10,36,46
WBGene00044454.,0,13,13
WBGene00044455.,23,66,89
WBGene00044457.,23,63,86
WBGene00044458.,0,19,19
WBGene00044459.,181,98,279
WBGene00044460.,5,13,18
WBGene00044461.,126,45,171
WBGene00044462.,39,107,146
WBGene00044463.,24,56,80
WBGene00044464.,74,107,181
WBGene00044466.,30,420,450
WBGene00044467.,195,688,883
WBGene00044468.,32,198,230
WBGene00044469.,0,35,35
WBGene00044470.,35,25,60
WBGene00044471.,68,1157,1225
WBGene00044472.,34,550,584
WBGene00044473.,0,1,1
WBGene00044474.,0,11,11
WBGene00044475.,0,1,1
WBGene00044476.,0,9,9
WBGene00044477.,40,89,129
WBGene00044478.,14,113,127
WBGene00044479.,11,81,92
WBGene00044480.,16,7,23
WBGene00044481.,41,64,105
WBGene00044482.,55,119,174
WBGene00044483.,8,338,346
WBGene00044484.,104,581,685
WBGene00044485.,126,416,542
WBGene00044486.,5,28,33
WBGene00044487.,26,59,85
WBGene00044488.,84,188,272
WBGene00044489.,0,69,69
WBGene00044490.,0,3,3
WBGene00044491.,18,23,41
WBGene00044492.,29,18,47
WBGene00044493.,52,379,431
WBGene00044495.,85,66,151
WBGene00044498.,0,6,6
WBGene00044499.,3,9,12
WBGene00044500.,122,534,656
WBGene00044501.,85,13,98
WBGene00044502.,9,64,73
WBGene00044503.,0,23,23
WBGene00044504.,37,42,79
WBGene00044505.,23,2,25
WBGene00044508.,108,468,576
WBGene00044509.,16,349,365
WBGene00044510.,41,120,161
WBGene00044511.,12,65,77
WBGene00044512.,39,202,241
WBGene00044513.,90,456,546
WBGene00044514.,202,3987,4189
WBGene00044515.,5,29,34
WBGene00044516.,4,0,4
WBGene00044517.,95,35,130
WBGene00044518.,1,6,7
WBGene00044519.,2,2,4
WBGene00044520.,0,5,5
WBGene00044521.,4,3,7
WBGene00044523.,15,8,23
WBGene00044524.,1,2,3
WBGene00044525.,30,120,150
WBGene00044526.,5,20,25
WBGene00044527.,19,39,58
WBGene00044528.,59,41,100
WBGene00044529.,16,16,32
WBGene00044530.,1,5,6
WBGene00044531.,18,7,25
WBGene00044533.,8,31,39
WBGene00044534.,41,119,160
WBGene00044535.,1,10,11
WBGene00044536.,44,463,507
WBGene00044537.,0,3,3
WBGene00044538.,17,8,25
WBGene00044539.,13,15,28
WBGene00044541.,1,9,10
WBGene00044542.,76,12,88
WBGene00044543.,0,0,0
WBGene00044544.,394,497,891
WBGene00044545.,12,12,24
WBGene00044546.,2,12,14
WBGene00044547.,0,135,135
WBGene00044548.,0,6,6
WBGene00044549.,38,9,47
WBGene00044550.,22,3,25
WBGene00044551.,6,20,26
WBGene00044552.,0,5,5
WBGene00044553.,38,592,630
WBGene00044554.,23,65,88
WBGene00044556.,30,110,140
WBGene00044557.,125,223,348
WBGene00044558.,0,5,5
WBGene00044559.,18,55,73
WBGene00044560.,13,15,28
WBGene00044561.,3,3,6
WBGene00044562.,0,79,79
WBGene00044563.,25,2,27
WBGene00044564.,28,16,44
WBGene00044565.,0,2,2
WBGene00044567.,11,15,26
WBGene00044568.,571,3010,3581
WBGene00044569.,13,3,16
WBGene00044570.,840,47,887
WBGene00044571.,82,13,95
WBGene00044573.,9,15,24
WBGene00044574.,39,16,55
WBGene00044575.,10,7,17
WBGene00044577.,3,0,3
WBGene00044578.,3,25,28
WBGene00044579.,5,1,6
WBGene00044580.,11,9,20
WBGene00044581.,6,1,7
WBGene00044582.,27,94,121
WBGene00044583.,0,5,5
WBGene00044584.,150,411,561
WBGene00044585.,20,14,34
WBGene00044586.,1,18,19
WBGene00044587.,5,14,19
WBGene00044588.,102,108,210
WBGene00044589.,5,6,11
WBGene00044602.,10,13,23
WBGene00044603.,77,265,342
WBGene00044604.,27,250,277
WBGene00044605.,406,1533,1939
WBGene00044606.,0,0,0
WBGene00044607.,20,130,150
WBGene00044608.,31,413,444
WBGene00044609.,202,287,489
WBGene00044610.,3,15,18
WBGene00044611.,17,26,43
WBGene00044612.,30,119,149
WBGene00044614.,33,267,300
WBGene00044615.,151,1105,1256
WBGene00044616.,1,11,12
WBGene00044617.,14,75,89
WBGene00044618.,26,129,155
WBGene00044620.,47,113,160
WBGene00044621.,5,66,71
WBGene00044623.,10,236,246
WBGene00044630.,129,403,532
WBGene00044631.,44,86,130
WBGene00044632.,3,7,10
WBGene00044633.,8,14,22
WBGene00044634.,5,3,8
WBGene00044636.,147,1062,1209
WBGene00044637.,105,83,188
WBGene00044638.,0,869,869
WBGene00044639.,19,3,22
WBGene00044640.,300,1565,1865
WBGene00044641.,154,56,210
WBGene00044642.,30,7,37
WBGene00044643.,15,576,591
WBGene00044644.,63,628,691
WBGene00044645.,16,49,65
WBGene00044646.,37,80,117
WBGene00044648.,38,361,399
WBGene00044649.,117,34,151
WBGene00044650.,551,1262,1813
WBGene00044651.,312,291,603
WBGene00044653.,2,10,12
WBGene00044654.,10,39,49
WBGene00044655.,1,3,4
WBGene00044657.,0,1,1
WBGene00044658.,30,435,465
WBGene00044659.,4,16,20
WBGene00044660.,10,27,37
WBGene00044661.,7,35,42
WBGene00044662.,9,15,24
WBGene00044663.,0,45,45
WBGene00044664.,12,7,19
WBGene00044665.,5,6,11
WBGene00044666.,127,1215,1342
WBGene00044667.,11,46,57
WBGene00044668.,0,5,5
WBGene00044670.,93,6,99
WBGene00044672.,9,50,59
WBGene00044673.,4,0,4
WBGene00044674.,6,2,8
WBGene00044675.,23,102,125
WBGene00044676.,7,99,106
WBGene00044677.,627,1193,1820
WBGene00044678.,14,37,51
WBGene00044679.,76,607,683
WBGene00044680.,4,8,12
WBGene00044681.,171,801,972
WBGene00044683.,4,17,21
WBGene00044684.,9,19,28
WBGene00044686.,122,2960,3082
WBGene00044687.,34,38,72
WBGene00044689.,244,563,807
WBGene00044690.,33,247,280
WBGene00044691.,0,1,1
WBGene00044692.,19,15,34
WBGene00044693.,0,4,4
WBGene00044694.,1,13,14
WBGene00044695.,1,2,3
WBGene00044696.,99,356,455
WBGene00044697.,24,34,58
WBGene00044698.,74,1397,1471
WBGene00044699.,15,85,100
WBGene00044700.,10,23,33
WBGene00044701.,126,673,799
WBGene00044702.,13,8,21
WBGene00044703.,7,7,14
WBGene00044704.,0,13,13
WBGene00044705.,49,88,137
WBGene00044706.,45,11,56
WBGene00044707.,19,12,31
WBGene00044708.,71,8,79
WBGene00044709.,0,0,0
WBGene00044710.,0,0,0
WBGene00044711.,3,1,4
WBGene00044712.,25,19,44
WBGene00044713.,6,11,17
WBGene00044714.,14,4,18
WBGene00044716.,0,4,4
WBGene00044718.,4,19,23
WBGene00044719.,5,30,35
WBGene00044720.,0,3,3
WBGene00044722.,9,7,16
WBGene00044723.,9,51,60
WBGene00044724.,3,22,25
WBGene00044725.,21,166,187
WBGene00044726.,75,62,137
WBGene00044727.,0,1,1
WBGene00044728.,0,8290,8290
WBGene00044729.,0,31,31
WBGene00044732.,5,80,85
WBGene00044733.,9,19,28
WBGene00044734.,0,0,0
WBGene00044735.,0,0,0
WBGene00044736.,42,170,212
WBGene00044737.,1232,5218,6450
WBGene00044738.,89,19,108
WBGene00044739.,0,4,4
WBGene00044741.,2,11,13
WBGene00044742.,0,11,11
WBGene00044743.,145,475,620
WBGene00044744.,6,6,12
WBGene00044745.,71,192,263
WBGene00044746.,0,2242,2242
WBGene00044747.,0,0,0
WBGene00044748.,0,1,1
WBGene00044749.,0,0,0
WBGene00044750.,0,0,0
WBGene00044751.,0,0,0
WBGene00044752.,0,11,11
WBGene00044753.,16,11,27
WBGene00044754.,26,6,32
WBGene00044755.,0,2,2
WBGene00044756.,29,142,171
WBGene00044757.,40,200,240
WBGene00044758.,8,46,54
WBGene00044759.,2,27,29
WBGene00044760.,7,20,27
WBGene00044761.,5,33,38
WBGene00044762.,46,340,386
WBGene00044763.,25,10,35
WBGene00044764.,25,57,82
WBGene00044767.,21,227,248
WBGene00044768.,9,17,26
WBGene00044769.,5,1,6
WBGene00044770.,41,211,252
WBGene00044771.,58,219,277
WBGene00044772.,49,145,194
WBGene00044773.,9,5,14
WBGene00044774.,220,666,886
WBGene00044775.,1,1,2
WBGene00044776.,52,141,193
WBGene00044777.,6,0,6
WBGene00044778.,2,2,4
WBGene00044779.,19,50,69
WBGene00044780.,43,46,89
WBGene00044781.,0,1,1
WBGene00044782.,0,2,2
WBGene00044783.,1,7,8
WBGene00044784.,37,1553,1590
WBGene00044786.,4,4,8
WBGene00044787.,7,23,30
WBGene00044788.,64,26,90
WBGene00044789.,34,665,699
WBGene00044790.,62,211,273
WBGene00044791.,3,9,12
WBGene00044792.,56,136,192
WBGene00044794.,0,0,0
WBGene00044795.,35,148,183
WBGene00044796.,31,20,51
WBGene00044797.,1,50,51
WBGene00044798.,47,4,51
WBGene00044799.,1,69,70
WBGene00044800.,0,0,0
WBGene00044801.,0,0,0
WBGene00044802.,0,0,0
WBGene00044803.,39,54,93
WBGene00044804.,10,8,18
WBGene00044805.,2,12,14
WBGene00044806.,3,11,14
WBGene00044807.,3,46,49
WBGene00044808.,0,3,3
WBGene00044809.,0,5,5
WBGene00044810.,3,1,4
WBGene00044811.,57,365,422
WBGene00044889.,4,2,6
WBGene00044891.,132,500,632
WBGene00044892.,3,11,14
WBGene00044894.,33,188,221
WBGene00044895.,28,7,35
WBGene00044896.,21,6,27
WBGene00044897.,9,73,82
WBGene00044898.,112,41,153
WBGene00044900.,27,246,273
WBGene00044901.,3,332,335
WBGene00044902.,0,0,0
WBGene00044903.,46,185,231
WBGene00044905.,0,24,24
WBGene00044906.,38,64,102
WBGene00044907.,29,28,57
WBGene00044908.,13,7,20
WBGene00044909.,6,21,27
WBGene00044911.,21,6,27
WBGene00044912.,23,4,27
WBGene00044914.,0,6,6
WBGene00044916.,137,917,1054
WBGene00044917.,16,37,53
WBGene00044920.,23,72,95
WBGene00044921.,319,4594,4913
WBGene00044922.,59,660,719
WBGene00044923.,0,16,16
WBGene00044924.,121,241,362
WBGene00044925.,0,0,0
WBGene00044926.,0,2,2
WBGene00044927.,0,92,92
WBGene00044928.,0,0,0
WBGene00044929.,0,0,0
WBGene00044930.,0,1,1
WBGene00044931.,0,0,0
WBGene00044932.,0,0,0
WBGene00044933.,0,41,41
WBGene00044934.,0,58,58
WBGene00044935.,0,0,0
WBGene00044936.,0,0,0
WBGene00044937.,0,0,0
WBGene00044938.,0,1,1
WBGene00044939.,0,0,0
WBGene00044940.,0,0,0
WBGene00044941.,0,0,0
WBGene00044942.,0,0,0
WBGene00044943.,0,0,0
WBGene00044944.,0,0,0
WBGene00044945.,0,0,0
WBGene00044946.,0,0,0
WBGene00044947.,0,9,9
WBGene00044948.,0,0,0
WBGene00044949.,81,378,459
WBGene00044951.,0,0,0
WBGene00044952.,0,0,0
WBGene00044953.,12,4,16
WBGene00044954.,0,0,0
WBGene00044955.,0,0,0
WBGene00044956.,0,0,0
WBGene00044957.,0,0,0
WBGene00044958.,0,0,0
WBGene00044960.,1,15,16
WBGene00044961.,0,9,9
WBGene00044962.,0,0,0
WBGene00044963.,0,0,0
WBGene00044964.,0,0,0
WBGene00044965.,0,0,0
WBGene00044966.,0,0,0
WBGene00044967.,0,9,9
WBGene00044968.,0,0,0
WBGene00044969.,0,0,0
WBGene00044970.,0,0,0
WBGene00044971.,0,0,0
WBGene00044972.,0,0,0
WBGene00044973.,0,7,7
WBGene00044974.,0,0,0
WBGene00044975.,0,19,19
WBGene00044976.,3,11,14
WBGene00044977.,129,904,1033
WBGene00044978.,0,10,10
WBGene00044979.,15,20,35
WBGene00044980.,0,0,0
WBGene00044981.,0,0,0
WBGene00044982.,0,0,0
WBGene00044983.,0,0,0
WBGene00044984.,0,0,0
WBGene00044985.,0,0,0
WBGene00044986.,0,0,0
WBGene00044987.,44,160,204
WBGene00044988.,0,7,7
WBGene00044989.,484,1374,1858
WBGene00044990.,113,728,841
WBGene00044991.,10,136,146
WBGene00044995.,0,0,0
WBGene00044997.,0,12,12
WBGene00044998.,7,4,11
WBGene00045000.,0,10,10
WBGene00045002.,0,2,2
WBGene00045003.,0,2,2
WBGene00045006.,0,0,0
WBGene00045007.,0,0,0
WBGene00045009.,0,6,6
WBGene00045011.,0,1,1
WBGene00045012.,0,0,0
WBGene00045013.,5,111,116
WBGene00045016.,1,0,1
WBGene00045017.,0,3,3
WBGene00045018.,0,10,10
WBGene00045019.,0,1,1
WBGene00045022.,0,1,1
WBGene00045024.,52,15,67
WBGene00045025.,38,29,67
WBGene00045026.,19,4,23
WBGene00045027.,0,14,14
WBGene00045028.,10,5,15
WBGene00045029.,0,18,18
WBGene00045036.,6,24,30
WBGene00045037.,1,2,3
WBGene00045038.,0,5,5
WBGene00045040.,0,0,0
WBGene00045043.,561,5,566
WBGene00045045.,37,14,51
WBGene00045046.,0,3,3
WBGene00045048.,0,82,82
WBGene00045050.,13,149,162
WBGene00045051.,0,0,0
WBGene00045052.,48,96,144
WBGene00045053.,19,43,62
WBGene00045055.,0,0,0
WBGene00045056.,78,491,569
WBGene00045057.,0,0,0
WBGene00045058.,26,31,57
WBGene00045059.,37,4,41
WBGene00045060.,22,9,31
WBGene00045061.,1,7,8
WBGene00045062.,0,56,56
WBGene00045063.,477,253,730
WBGene00045065.,0,0,0
WBGene00045066.,24,1,25
WBGene00045067.,1,16,17
WBGene00045068.,2,0,2
WBGene00045069.,8,4,12
WBGene00045071.,0,1,1
WBGene00045072.,0,0,0
WBGene00045074.,0,0,0
WBGene00045075.,0,0,0
WBGene00045076.,3,7,10
WBGene00045077.,40,102,142
WBGene00045078.,198,851,1049
WBGene00045082.,0,0,0
WBGene00045083.,0,5,5
WBGene00045084.,0,0,0
WBGene00045085.,0,0,0
WBGene00045086.,0,0,0
WBGene00045087.,0,0,0
WBGene00045088.,0,0,0
WBGene00045089.,0,8,8
WBGene00045090.,0,0,0
WBGene00045091.,0,6,6
WBGene00045092.,0,0,0
WBGene00045093.,0,130,130
WBGene00045094.,0,0,0
WBGene00045095.,0,168,168
WBGene00045096.,0,281,281
WBGene00045097.,6,22,28
WBGene00045098.,0,4,4
WBGene00045099.,2,10,12
WBGene00045100.,7,21,28
WBGene00045101.,6,4,10
WBGene00045102.,0,0,0
WBGene00045103.,6,6,12
WBGene00045104.,0,35,35
WBGene00045105.,0,5,5
WBGene00045106.,0,6,6
WBGene00045107.,0,6,6
WBGene00045108.,7,9,16
WBGene00045109.,0,0,0
WBGene00045110.,0,0,0
WBGene00045111.,0,0,0
WBGene00045112.,0,0,0
WBGene00045113.,0,0,0
WBGene00045114.,0,31,31
WBGene00045115.,0,6,6
WBGene00045116.,0,0,0
WBGene00045117.,0,6,6
WBGene00045118.,0,101,101
WBGene00045119.,0,16,16
WBGene00045120.,0,0,0
WBGene00045121.,0,10,10
WBGene00045122.,14,2,16
WBGene00045123.,0,10,10
WBGene00045124.,0,61,61
WBGene00045125.,0,0,0
WBGene00045126.,0,0,0
WBGene00045127.,0,3,3
WBGene00045128.,0,0,0
WBGene00045129.,0,162,162
WBGene00045130.,0,0,0
WBGene00045131.,0,2,2
WBGene00045132.,0,1621,1621
WBGene00045133.,0,7,7
WBGene00045134.,0,0,0
WBGene00045136.,0,0,0
WBGene00045137.,0,0,0
WBGene00045138.,0,0,0
WBGene00045139.,0,0,0
WBGene00045140.,0,9,9
WBGene00045141.,0,11,11
WBGene00045142.,0,256,256
WBGene00045143.,5,6,11
WBGene00045144.,26,11,37
WBGene00045145.,0,0,0
WBGene00045146.,40,18,58
WBGene00045147.,0,113,113
WBGene00045148.,0,0,0
WBGene00045149.,0,2,2
WBGene00045150.,0,8,8
WBGene00045151.,0,0,0
WBGene00045152.,0,0,0
WBGene00045153.,0,0,0
WBGene00045154.,0,0,0
WBGene00045155.,0,0,0
WBGene00045156.,0,15,15
WBGene00045157.,0,96,96
WBGene00045158.,0,0,0
WBGene00045159.,0,35,35
WBGene00045160.,0,2,2
WBGene00045161.,0,0,0
WBGene00045162.,0,68,68
WBGene00045163.,0,44,44
WBGene00045164.,0,8,8
WBGene00045165.,0,0,0
WBGene00045167.,0,7,7
WBGene00045168.,0,0,0
WBGene00045169.,0,0,0
WBGene00045170.,0,0,0
WBGene00045171.,0,449,449
WBGene00045172.,0,0,0
WBGene00045174.,0,0,0
WBGene00045175.,0,239,239
WBGene00045176.,0,11,11
WBGene00045177.,20,22,42
WBGene00045178.,5,52,57
WBGene00045179.,0,4,4
WBGene00045180.,9,3,12
WBGene00045182.,0,1,1
WBGene00045183.,6,64,70
WBGene00045184.,4,0,4
WBGene00045185.,0,6,6
WBGene00045188.,3,12,15
WBGene00045189.,0,71,71
WBGene00045190.,98,344,442
WBGene00045192.,4,535,539
WBGene00045193.,18,15,33
WBGene00045194.,0,0,0
WBGene00045195.,302,230,532
WBGene00045197.,0,21,21
WBGene00045198.,19,2,21
WBGene00045199.,0,0,0
WBGene00045200.,0,0,0
WBGene00045201.,0,15,15
WBGene00045202.,0,3,3
WBGene00045203.,0,0,0
WBGene00045204.,0,0,0
WBGene00045205.,0,0,0
WBGene00045207.,8,36,44
WBGene00045208.,0,1179,1179
WBGene00045209.,0,16,16
WBGene00045210.,18,56,74
WBGene00045211.,8,23,31
WBGene00045212.,42,167,209
WBGene00045215.,26,58,84
WBGene00045218.,26,42,68
WBGene00045234.,0,2,2
WBGene00045235.,0,2,2
WBGene00045236.,13,14,27
WBGene00045237.,23,141,164
WBGene00045238.,0,296,296
WBGene00045239.,13,16,29
WBGene00045242.,0,19,19
WBGene00045245.,5,25,30
WBGene00045246.,101,441,542
WBGene00045247.,23,37,60
WBGene00045248.,86,135,221
WBGene00045249.,226,2991,3217
WBGene00045250.,80,72,152
WBGene00045251.,1,12,13
WBGene00045252.,37,98,135
WBGene00045253.,80,379,459
WBGene00045254.,7,0,7
WBGene00045255.,120,215,335
WBGene00045261.,3,19,22
WBGene00045265.,4,18,22
WBGene00045268.,0,10,10
WBGene00045269.,1,20,21
WBGene00045270.,51,2,53
WBGene00045271.,13,21,34
WBGene00045272.,0,15299,15299
WBGene00045273.,5,8,13
WBGene00045275.,0,557,557
WBGene00045276.,0,2287,2287
WBGene00045277.,199,623,822
WBGene00045278.,0,11,11
WBGene00045279.,0,0,0
WBGene00045280.,10,6,16
WBGene00045281.,0,2,2
WBGene00045282.,7,13,20
WBGene00045283.,0,12,12
WBGene00045285.,0,8,8
WBGene00045286.,0,2,2
WBGene00045287.,1,6,7
WBGene00045289.,82,36,118
WBGene00045290.,0,1,1
WBGene00045291.,19,41,60
WBGene00045292.,4,15,19
WBGene00045293.,22,44,66
WBGene00045294.,6,0,6
WBGene00045295.,28,180,208
WBGene00045297.,2,66,68
WBGene00045298.,1,0,1
WBGene00045299.,0,0,0
WBGene00045300.,0,0,0
WBGene00045301.,1,0,1
WBGene00045302.,5,3,8
WBGene00045303.,1,8,9
WBGene00045304.,5,6,11
WBGene00045305.,2,318,320
WBGene00045306.,4,2,6
WBGene00045308.,19,14,33
WBGene00045309.,5,10,15
WBGene00045311.,0,1,1
WBGene00045313.,0,3,3
WBGene00045314.,5,31,36
WBGene00045315.,0,19,19
WBGene00045316.,21,19,40
WBGene00045319.,0,5,5
WBGene00045321.,0,12,12
WBGene00045322.,0,8,8
WBGene00045323.,0,0,0
WBGene00045324.,0,4,4
WBGene00045325.,0,0,0
WBGene00045326.,0,1,1
WBGene00045327.,0,6,6
WBGene00045328.,0,0,0
WBGene00045329.,0,16,16
WBGene00045330.,0,0,0
WBGene00045331.,16,130,146
WBGene00045332.,0,2,2
WBGene00045336.,167,876,1043
WBGene00045337.,1,6,7
WBGene00045338.,4,23,27
WBGene00045339.,4,26,30
WBGene00045340.,102,323,425
WBGene00045341.,0,1,1
WBGene00045342.,0,8,8
WBGene00045343.,0,1,1
WBGene00045344.,5,0,5
WBGene00045345.,14,0,14
WBGene00045346.,0,0,0
WBGene00045347.,0,0,0
WBGene00045348.,0,4,4
WBGene00045350.,0,4,4
WBGene00045351.,0,9,9
WBGene00045352.,0,3,3
WBGene00045353.,0,1,1
WBGene00045354.,0,0,0
WBGene00045355.,27,5,32
WBGene00045356.,26,22,48
WBGene00045357.,51,33,84
WBGene00045358.,0,7,7
WBGene00045359.,0,1,1
WBGene00045360.,0,2,2
WBGene00045361.,3,10,13
WBGene00045362.,0,16,16
WBGene00045363.,8,13,21
WBGene00045364.,75,12,87
WBGene00045365.,9,30,39
WBGene00045366.,667,1777,2444
WBGene00045367.,0,0,0
WBGene00045368.,0,0,0
WBGene00045369.,0,0,0
WBGene00045370.,0,0,0
WBGene00045371.,0,3,3
WBGene00045372.,0,0,0
WBGene00045373.,0,0,0
WBGene00045374.,0,0,0
WBGene00045375.,0,39,39
WBGene00045376.,0,0,0
WBGene00045377.,0,0,0
WBGene00045378.,0,1,1
WBGene00045379.,11,501,512
WBGene00045380.,6,2,8
WBGene00045381.,2,8,10
WBGene00045382.,2,35,37
WBGene00045383.,53,1431,1484
WBGene00045385.,33,35,68
WBGene00045386.,103,538,641
WBGene00045387.,40,163,203
WBGene00045388.,0,0,0
WBGene00045389.,0,0,0
WBGene00045390.,75,794,869
WBGene00045391.,0,3,3
WBGene00045392.,88,388,476
WBGene00045393.,14,20,34
WBGene00045394.,0,12,12
WBGene00045395.,47,47,94
WBGene00045396.,105,98,203
WBGene00045397.,100,463,563
WBGene00045398.,4,14,18
WBGene00045399.,4,52,56
WBGene00045400.,13,42,55
WBGene00045401.,5,21,26
WBGene00045402.,2,0,2
WBGene00045403.,47,379,426
WBGene00045404.,7,40,47
WBGene00045405.,13,27,40
WBGene00045406.,0,10,10
WBGene00045407.,84,371,455
WBGene00045408.,5,7,12
WBGene00045410.,123,571,694
WBGene00045411.,19,539,558
WBGene00045412.,0,112,112
WBGene00045413.,12,20,32
WBGene00045414.,4,5,9
WBGene00045415.,12,26,38
WBGene00045416.,5,19,24
WBGene00045417.,9,4,13
WBGene00045418.,78,1080,1158
WBGene00045419.,324,1286,1610
WBGene00045433.,100,605,705
WBGene00045434.,106,279,385
WBGene00045455.,23,156,179
WBGene00045456.,31,5,36
WBGene00045457.,4,89,93
WBGene00045458.,9,25,34
WBGene00045459.,0,22,22
WBGene00045460.,4,21,25
WBGene00045461.,41,206,247
WBGene00045468.,9,4,13
WBGene00045473.,1,10,11
WBGene00045474.,5,20,25
WBGene00045475.,60,19,79
WBGene00045480.,43,34,77
WBGene00045481.,47,32,79
WBGene00045482.,98,119,217
WBGene00045483.,607,4256,4863
WBGene00045484.,32,23,55
WBGene00045486.,0,3,3
WBGene00045487.,3,6,9
WBGene00045488.,20,32,52
WBGene00045490.,1,3,4
WBGene00045491.,0,5,5
WBGene00045492.,1,17,18
WBGene00045493.,23,6,29
WBGene00045494.,25,10,35
WBGene00045495.,63,586,649
WBGene00045496.,23,8,31
WBGene00045497.,29,24,53
WBGene00045498.,1,13,14
WBGene00045500.,14,9,23
WBGene00045501.,18,14,32
WBGene00045502.,0,2,2
WBGene00045506.,6,0,6
WBGene00045507.,7,654,661
WBGene00045508.,32,7,39
WBGene00045509.,22,36,58
WBGene00045510.,5,33,38
WBGene00045511.,16,20,36
WBGene00045513.,11,11,22
WBGene00045514.,0,1,1
WBGene00045515.,6,1,7
WBGene00045516.,6,45,51
WBGene00045517.,127,541,668
WBGene00045518.,0,5,5
WBGene00045519.,0,0,0
WBGene00045520.,0,0,0
WBGene00045521.,0,4,4
WBGene00045522.,0,0,0
WBGene00045523.,0,4,4
WBGene00045524.,0,0,0
WBGene00045525.,0,1,1
WBGene00045526.,0,0,0
WBGene00045527.,0,12,12
WBGene00045528.,0,0,0
WBGene00045529.,0,0,0
WBGene00045530.,0,0,0
WBGene00045531.,0,2,2
WBGene00045532.,0,0,0
WBGene00045533.,0,2,2
WBGene00045534.,0,0,0
WBGene00045535.,0,0,0
WBGene00045536.,0,1,1
WBGene00045537.,0,20,20
WBGene00045538.,0,2,2
WBGene00045539.,0,1,1
WBGene00045540.,0,34,34
WBGene00045541.,0,2,2
WBGene00045542.,0,0,0
WBGene00045543.,0,0,0
WBGene00045544.,0,0,0
WBGene00045545.,0,2,2
WBGene00045546.,0,1,1
WBGene00045547.,0,15,15
WBGene00045548.,0,2,2
WBGene00045549.,0,1,1
WBGene00045550.,0,0,0
WBGene00045551.,0,0,0
WBGene00045552.,0,0,0
WBGene00045553.,0,0,0
WBGene00045554.,0,0,0
WBGene00045555.,0,0,0
WBGene00045556.,0,0,0
WBGene00045557.,0,2,2
WBGene00045558.,0,0,0
WBGene00045559.,0,5,5
WBGene00045560.,0,1,1
WBGene00045561.,0,1,1
WBGene00045562.,0,0,0
WBGene00045563.,0,3,3
WBGene00045564.,0,1,1
WBGene00045565.,0,4,4
WBGene00045566.,0,4,4
WBGene00045567.,0,1,1
WBGene00045568.,0,0,0
WBGene00045569.,0,1,1
WBGene00045570.,0,0,0
WBGene00045571.,0,3,3
WBGene00045572.,0,2,2
WBGene00045573.,0,5,5
WBGene00045574.,0,2,2
WBGene00045575.,0,0,0
WBGene00045576.,0,0,0
WBGene00045577.,0,2,2
WBGene00045578.,0,1,1
WBGene00045579.,0,0,0
WBGene00045580.,0,1,1
WBGene00045581.,0,2,2
WBGene00045582.,0,1,1
WBGene00045583.,0,1,1
WBGene00045584.,0,0,0
WBGene00045585.,0,0,0
WBGene00045586.,0,0,0
WBGene00045587.,0,0,0
WBGene00045588.,0,0,0
WBGene00045589.,0,0,0
WBGene00045590.,0,0,0
WBGene00045591.,0,2,2
WBGene00045592.,0,0,0
WBGene00045593.,0,4,4
WBGene00045594.,0,0,0
WBGene00045595.,0,0,0
WBGene00045596.,0,0,0
WBGene00045597.,0,0,0
WBGene00045598.,0,0,0
WBGene00045599.,0,0,0
WBGene00045600.,0,0,0
WBGene00045601.,0,0,0
WBGene00045602.,0,1,1
WBGene00045603.,0,0,0
WBGene00045604.,0,0,0
WBGene00045605.,0,0,0
WBGene00045606.,0,0,0
WBGene00045607.,0,0,0
WBGene00045608.,0,0,0
WBGene00045609.,0,0,0
WBGene00045610.,0,0,0
WBGene00045611.,0,4,4
WBGene00045612.,0,0,0
WBGene00045613.,0,0,0
WBGene00045614.,0,2,2
WBGene00045615.,0,2,2
WBGene00045616.,0,3,3
WBGene00045617.,0,0,0
WBGene00045618.,0,0,0
WBGene00045619.,0,0,0
WBGene00045620.,0,0,0
WBGene00045621.,0,0,0
WBGene00045622.,0,0,0
WBGene00045623.,0,0,0
WBGene00045624.,0,0,0
WBGene00045625.,0,0,0
WBGene00045626.,0,0,0
WBGene00045627.,0,0,0
WBGene00045628.,0,0,0
WBGene00045629.,0,0,0
WBGene00045630.,0,3,3
WBGene00045631.,0,0,0
WBGene00045632.,0,1,1
WBGene00045633.,0,0,0
WBGene00045634.,0,0,0
WBGene00045635.,0,1,1
WBGene00045636.,0,1,1
WBGene00045637.,0,5,5
WBGene00045638.,0,0,0
WBGene00045639.,0,3,3
WBGene00045640.,0,10,10
WBGene00045641.,0,3,3
WBGene00045642.,0,1,1
WBGene00045643.,0,0,0
WBGene00045644.,0,0,0
WBGene00045645.,0,0,0
WBGene00045646.,0,0,0
WBGene00045647.,0,0,0
WBGene00045648.,0,0,0
WBGene00045649.,0,0,0
WBGene00045650.,0,0,0
WBGene00045651.,0,2,2
WBGene00045652.,0,0,0
WBGene00045653.,0,1,1
WBGene00045654.,0,0,0
WBGene00045655.,0,0,0
WBGene00045656.,0,0,0
WBGene00045657.,0,8,8
WBGene00045658.,0,0,0
WBGene00045659.,0,0,0
WBGene00045660.,0,0,0
WBGene00045661.,0,0,0
WBGene00045662.,0,2,2
WBGene00045663.,0,0,0
WBGene00045664.,0,0,0
WBGene00045665.,0,1,1
WBGene00045666.,0,1,1
WBGene00045667.,0,0,0
WBGene00045668.,0,54,54
WBGene00045669.,0,0,0
WBGene00045670.,0,0,0
WBGene00045671.,0,0,0
WBGene00045672.,0,1,1
WBGene00045673.,0,0,0
WBGene00045674.,0,0,0
WBGene00045675.,0,1,1
WBGene00045676.,0,0,0
WBGene00045677.,0,0,0
WBGene00045678.,0,0,0
WBGene00045679.,0,0,0
WBGene00045680.,0,0,0
WBGene00045681.,0,0,0
WBGene00045682.,0,0,0
WBGene00045683.,0,0,0
WBGene00045684.,0,0,0
WBGene00045685.,0,0,0
WBGene00045686.,0,3,3
WBGene00045687.,0,0,0
WBGene00045688.,0,0,0
WBGene00045689.,0,0,0
WBGene00045690.,0,0,0
WBGene00045691.,0,2,2
WBGene00045692.,0,2,2
WBGene00045693.,0,0,0
WBGene00045694.,0,8,8
WBGene00045695.,0,0,0
WBGene00045696.,0,6,6
WBGene00045697.,0,0,0
WBGene00045698.,0,0,0
WBGene00045699.,0,0,0
WBGene00045700.,0,1,1
WBGene00045701.,0,1,1
WBGene00045702.,0,3,3
WBGene00045703.,0,0,0
WBGene00045704.,0,2,2
WBGene00045705.,0,3,3
WBGene00045706.,0,0,0
WBGene00045707.,0,0,0
WBGene00045708.,0,0,0
WBGene00045709.,0,0,0
WBGene00045710.,0,0,0
WBGene00045711.,0,0,0
WBGene00045712.,0,0,0
WBGene00045713.,0,0,0
WBGene00045714.,0,0,0
WBGene00045715.,0,0,0
WBGene00045716.,0,0,0
WBGene00045717.,0,1,1
WBGene00045718.,0,1,1
WBGene00045719.,0,0,0
WBGene00045720.,0,1,1
WBGene00045721.,0,0,0
WBGene00045722.,0,3,3
WBGene00045723.,0,8,8
WBGene00045724.,0,0,0
WBGene00045725.,0,0,0
WBGene00045726.,0,0,0
WBGene00045727.,0,0,0
WBGene00045728.,0,11,11
WBGene00045729.,0,6,6
WBGene00045730.,0,0,0
WBGene00045731.,0,0,0
WBGene00045732.,0,0,0
WBGene00045733.,0,0,0
WBGene00045734.,0,0,0
WBGene00045735.,0,0,0
WBGene00045736.,0,0,0
WBGene00045737.,0,0,0
WBGene00045738.,0,0,0
WBGene00045739.,0,0,0
WBGene00045740.,0,0,0
WBGene00045741.,0,0,0
WBGene00045743.,0,0,0
WBGene00045744.,0,1,1
WBGene00045745.,0,0,0
WBGene00045746.,0,0,0
WBGene00045747.,0,2,2
WBGene00045748.,0,0,0
WBGene00045749.,0,2,2
WBGene00045750.,0,0,0
WBGene00045751.,0,2,2
WBGene00045752.,0,1,1
WBGene00045753.,0,0,0
WBGene00045754.,0,0,0
WBGene00045755.,0,0,0
WBGene00045756.,0,0,0
WBGene00045757.,0,2,2
WBGene00045758.,0,0,0
WBGene00045759.,0,0,0
WBGene00045760.,0,0,0
WBGene00045761.,0,0,0
WBGene00045762.,0,3,3
WBGene00045763.,0,0,0
WBGene00045764.,0,0,0
WBGene00045765.,0,1,1
WBGene00045766.,0,0,0
WBGene00045767.,0,0,0
WBGene00045768.,0,0,0
WBGene00045769.,0,0,0
WBGene00045770.,0,0,0
WBGene00045771.,0,0,0
WBGene00045772.,0,1,1
WBGene00045773.,0,0,0
WBGene00045774.,0,0,0
WBGene00045775.,0,0,0
WBGene00045776.,0,1,1
WBGene00045777.,0,0,0
WBGene00045778.,0,0,0
WBGene00045779.,0,0,0
WBGene00045780.,0,1,1
WBGene00045781.,0,3,3
WBGene00045782.,0,0,0
WBGene00045783.,0,0,0
WBGene00045784.,0,0,0
WBGene00045785.,0,0,0
WBGene00045786.,0,2,2
WBGene00045787.,0,5,5
WBGene00045788.,0,2,2
WBGene00045789.,0,0,0
WBGene00045790.,0,11,11
WBGene00045791.,0,4,4
WBGene00045792.,0,6,6
WBGene00045793.,0,0,0
WBGene00045794.,0,0,0
WBGene00045795.,0,0,0
WBGene00045796.,0,8,8
WBGene00045797.,0,0,0
WBGene00045798.,0,0,0
WBGene00045799.,0,0,0
WBGene00045800.,0,0,0
WBGene00045801.,0,0,0
WBGene00045802.,0,0,0
WBGene00045803.,0,1,1
WBGene00045804.,0,0,0
WBGene00045805.,0,0,0
WBGene00045806.,0,1,1
WBGene00045807.,0,0,0
WBGene00045808.,0,0,0
WBGene00045809.,0,0,0
WBGene00045810.,0,3,3
WBGene00045811.,0,0,0
WBGene00045812.,0,0,0
WBGene00045813.,0,0,0
WBGene00045814.,0,0,0
WBGene00045815.,0,1,1
WBGene00045816.,0,0,0
WBGene00045817.,0,0,0
WBGene00045818.,0,1,1
WBGene00045819.,0,0,0
WBGene00045820.,0,3,3
WBGene00045821.,0,3,3
WBGene00045822.,0,5,5
WBGene00045823.,0,1,1
WBGene00045824.,0,2,2
WBGene00045825.,0,0,0
WBGene00045826.,0,0,0
WBGene00045827.,0,0,0
WBGene00045828.,0,0,0
WBGene00045829.,0,0,0
WBGene00045830.,0,8,8
WBGene00045831.,0,1,1
WBGene00045832.,0,6,6
WBGene00045833.,0,0,0
WBGene00045834.,0,0,0
WBGene00045835.,0,0,0
WBGene00045836.,0,1,1
WBGene00045837.,0,1,1
WBGene00045838.,0,0,0
WBGene00045839.,0,0,0
WBGene00045840.,0,4,4
WBGene00045841.,0,5,5
WBGene00045842.,0,0,0
WBGene00045843.,0,2,2
WBGene00045844.,0,0,0
WBGene00045845.,0,9,9
WBGene00045846.,0,0,0
WBGene00045847.,0,0,0
WBGene00045848.,0,8,8
WBGene00045849.,0,0,0
WBGene00045850.,0,0,0
WBGene00045851.,0,0,0
WBGene00045852.,0,0,0
WBGene00045853.,0,0,0
WBGene00045854.,0,0,0
WBGene00045855.,0,0,0
WBGene00045856.,0,0,0
WBGene00045857.,0,2,2
WBGene00045858.,0,0,0
WBGene00045859.,0,0,0
WBGene00045860.,0,10,10
WBGene00045861.,0,3,3
WBGene00045862.,0,0,0
WBGene00045863.,0,0,0
WBGene00045864.,0,11,11
WBGene00045865.,0,0,0
WBGene00045866.,0,0,0
WBGene00045867.,0,1,1
WBGene00045868.,0,0,0
WBGene00045869.,0,4,4
WBGene00045870.,0,0,0
WBGene00045871.,0,3,3
WBGene00045872.,0,0,0
WBGene00045873.,0,0,0
WBGene00045874.,0,1,1
WBGene00045875.,0,0,0
WBGene00045876.,0,0,0
WBGene00045877.,0,0,0
WBGene00045878.,0,0,0
WBGene00045879.,0,0,0
WBGene00045880.,0,0,0
WBGene00045881.,0,17,17
WBGene00045882.,0,0,0
WBGene00045883.,0,3,3
WBGene00045884.,0,0,0
WBGene00045885.,0,0,0
WBGene00045886.,0,2,2
WBGene00045887.,0,0,0
WBGene00045888.,0,3,3
WBGene00045889.,0,6,6
WBGene00045890.,0,0,0
WBGene00045891.,0,0,0
WBGene00045892.,0,0,0
WBGene00045893.,0,0,0
WBGene00045894.,0,3,3
WBGene00045895.,0,8,8
WBGene00045896.,0,1,1
WBGene00045897.,0,0,0
WBGene00045898.,0,0,0
WBGene00045899.,0,0,0
WBGene00045900.,0,3,3
WBGene00045901.,0,0,0
WBGene00045902.,0,0,0
WBGene00045903.,0,0,0
WBGene00045904.,0,7,7
WBGene00045905.,0,5,5
WBGene00045906.,0,0,0
WBGene00045907.,0,1,1
WBGene00045908.,0,0,0
WBGene00045909.,0,7,7
WBGene00045910.,0,0,0
WBGene00045911.,0,0,0
WBGene00045912.,0,4,4
WBGene00045913.,0,0,0
WBGene00045914.,0,0,0
WBGene00045915.,0,0,0
WBGene00045916.,0,0,0
WBGene00045917.,0,0,0
WBGene00045918.,0,3,3
WBGene00045919.,0,6,6
WBGene00045920.,0,1,1
WBGene00045921.,0,0,0
WBGene00045922.,0,0,0
WBGene00045923.,0,1,1
WBGene00045924.,0,0,0
WBGene00045925.,0,0,0
WBGene00045926.,0,8,8
WBGene00045927.,0,0,0
WBGene00045928.,0,4,4
WBGene00045929.,0,0,0
WBGene00045930.,0,0,0
WBGene00045931.,0,0,0
WBGene00045932.,0,0,0
WBGene00045933.,0,0,0
WBGene00045934.,0,0,0
WBGene00045935.,0,0,0
WBGene00045936.,0,4,4
WBGene00045937.,0,0,0
WBGene00045938.,0,0,0
WBGene00045939.,0,2,2
WBGene00045940.,0,0,0
WBGene00045941.,0,0,0
WBGene00045942.,0,5,5
WBGene00045943.,0,0,0
WBGene00045944.,0,1,1
WBGene00045945.,0,0,0
WBGene00045946.,0,0,0
WBGene00045947.,0,0,0
WBGene00045948.,0,0,0
WBGene00045949.,0,1,1
WBGene00045950.,0,0,0
WBGene00045951.,0,0,0
WBGene00045952.,0,0,0
WBGene00045953.,0,0,0
WBGene00045954.,0,2,2
WBGene00045955.,0,4,4
WBGene00045956.,0,2,2
WBGene00045957.,0,0,0
WBGene00045958.,0,0,0
WBGene00045959.,0,3,3
WBGene00045960.,0,0,0
WBGene00045961.,0,1,1
WBGene00045962.,0,0,0
WBGene00045963.,0,0,0
WBGene00045964.,0,0,0
WBGene00045965.,0,0,0
WBGene00045966.,0,0,0
WBGene00045967.,0,0,0
WBGene00045968.,0,3,3
WBGene00045969.,0,0,0
WBGene00045970.,0,0,0
WBGene00045971.,0,0,0
WBGene00045972.,0,0,0
WBGene00045973.,0,1,1
WBGene00045974.,0,0,0
WBGene00045975.,0,0,0
WBGene00045976.,0,1,1
WBGene00045977.,0,1,1
WBGene00045978.,0,3,3
WBGene00045979.,0,2,2
WBGene00045980.,0,1,1
WBGene00045981.,0,2,2
WBGene00045982.,0,2,2
WBGene00045983.,0,0,0
WBGene00045984.,0,0,0
WBGene00045985.,0,0,0
WBGene00045986.,0,0,0
WBGene00045987.,0,0,0
WBGene00045988.,0,0,0
WBGene00045989.,0,5,5
WBGene00045990.,0,1,1
WBGene00045991.,0,0,0
WBGene00045992.,0,0,0
WBGene00045993.,0,0,0
WBGene00045994.,0,0,0
WBGene00045995.,0,9,9
WBGene00045996.,0,0,0
WBGene00045997.,0,0,0
WBGene00045998.,0,8,8
WBGene00045999.,0,1,1
WBGene00046000.,0,0,0
WBGene00046001.,0,0,0
WBGene00046002.,0,0,0
WBGene00046003.,0,4,4
WBGene00046004.,0,3,3
WBGene00046005.,0,1,1
WBGene00046006.,0,2,2
WBGene00046007.,0,1,1
WBGene00046008.,0,0,0
WBGene00046009.,0,0,0
WBGene00046010.,0,8,8
WBGene00046011.,0,9,9
WBGene00046012.,0,0,0
WBGene00046013.,0,0,0
WBGene00046014.,0,0,0
WBGene00046015.,0,7,7
WBGene00046016.,0,0,0
WBGene00046017.,0,0,0
WBGene00046018.,0,0,0
WBGene00046019.,0,0,0
WBGene00046020.,0,0,0
WBGene00046021.,0,0,0
WBGene00046022.,0,1,1
WBGene00046023.,0,7,7
WBGene00046024.,0,0,0
WBGene00046025.,0,0,0
WBGene00046026.,0,0,0
WBGene00046027.,0,2,2
WBGene00046028.,0,2,2
WBGene00046029.,0,2,2
WBGene00046030.,0,0,0
WBGene00046031.,0,7,7
WBGene00046032.,0,0,0
WBGene00046033.,0,3,3
WBGene00046034.,0,0,0
WBGene00046035.,0,0,0
WBGene00046036.,0,2,2
WBGene00046037.,0,16,16
WBGene00046038.,0,0,0
WBGene00046039.,0,0,0
WBGene00046040.,0,0,0
WBGene00046041.,0,0,0
WBGene00046042.,0,0,0
WBGene00046043.,0,0,0
WBGene00046044.,0,0,0
WBGene00046045.,0,0,0
WBGene00046046.,0,0,0
WBGene00046047.,0,6,6
WBGene00046048.,0,1,1
WBGene00046049.,0,2,2
WBGene00046050.,0,2,2
WBGene00046051.,0,3,3
WBGene00046052.,0,0,0
WBGene00046053.,0,0,0
WBGene00046054.,0,0,0
WBGene00046055.,0,1,1
WBGene00046056.,0,0,0
WBGene00046057.,0,0,0
WBGene00046058.,0,5,5
WBGene00046059.,0,12,12
WBGene00046060.,0,5,5
WBGene00046061.,0,0,0
WBGene00046062.,0,5,5
WBGene00046063.,0,3,3
WBGene00046064.,0,0,0
WBGene00046065.,0,0,0
WBGene00046066.,0,0,0
WBGene00046067.,0,6,6
WBGene00046068.,0,0,0
WBGene00046069.,0,0,0
WBGene00046070.,0,0,0
WBGene00046071.,0,0,0
WBGene00046072.,0,1,1
WBGene00046073.,0,4,4
WBGene00046074.,0,0,0
WBGene00046075.,0,0,0
WBGene00046076.,0,0,0
WBGene00046077.,0,0,0
WBGene00046078.,0,5,5
WBGene00046079.,0,0,0
WBGene00046080.,0,0,0
WBGene00046081.,0,0,0
WBGene00046082.,0,0,0
WBGene00046083.,0,1,1
WBGene00046084.,0,0,0
WBGene00046085.,0,0,0
WBGene00046086.,0,0,0
WBGene00046087.,0,0,0
WBGene00046088.,0,0,0
WBGene00046089.,0,0,0
WBGene00046090.,0,0,0
WBGene00046091.,0,4,4
WBGene00046092.,0,0,0
WBGene00046093.,0,0,0
WBGene00046094.,0,0,0
WBGene00046095.,0,0,0
WBGene00046096.,0,0,0
WBGene00046097.,0,0,0
WBGene00046098.,0,0,0
WBGene00046099.,0,0,0
WBGene00046100.,0,0,0
WBGene00046101.,0,6,6
WBGene00046102.,0,14,14
WBGene00046103.,0,3,3
WBGene00046104.,0,0,0
WBGene00046105.,0,0,0
WBGene00046106.,0,0,0
WBGene00046107.,0,0,0
WBGene00046108.,0,3,3
WBGene00046109.,0,5,5
WBGene00046110.,0,0,0
WBGene00046111.,0,4,4
WBGene00046112.,0,7,7
WBGene00046113.,0,0,0
WBGene00046114.,0,4,4
WBGene00046115.,0,0,0
WBGene00046116.,0,0,0
WBGene00046117.,0,0,0
WBGene00046118.,0,1,1
WBGene00046119.,0,0,0
WBGene00046120.,0,0,0
WBGene00046121.,0,0,0
WBGene00046122.,0,1,1
WBGene00046123.,0,10,10
WBGene00046124.,0,0,0
WBGene00046125.,0,3,3
WBGene00046126.,0,0,0
WBGene00046127.,0,1,1
WBGene00046128.,0,5,5
WBGene00046129.,0,3,3
WBGene00046130.,0,3,3
WBGene00046131.,0,0,0
WBGene00046132.,0,3,3
WBGene00046133.,0,0,0
WBGene00046134.,0,0,0
WBGene00046135.,0,0,0
WBGene00046136.,0,0,0
WBGene00046137.,0,0,0
WBGene00046138.,0,0,0
WBGene00046139.,0,4,4
WBGene00046140.,0,0,0
WBGene00046141.,0,0,0
WBGene00046142.,0,0,0
WBGene00046143.,0,2,2
WBGene00046144.,0,3,3
WBGene00046145.,0,0,0
WBGene00046146.,0,0,0
WBGene00046147.,0,2,2
WBGene00046148.,0,2,2
WBGene00046149.,0,1,1
WBGene00046150.,0,0,0
WBGene00046151.,0,0,0
WBGene00046152.,0,0,0
WBGene00046153.,0,0,0
WBGene00046154.,0,1,1
WBGene00046155.,0,0,0
WBGene00046156.,0,6,6
WBGene00046157.,0,0,0
WBGene00046158.,0,0,0
WBGene00046159.,0,0,0
WBGene00046160.,0,5,5
WBGene00046161.,0,2,2
WBGene00046162.,0,0,0
WBGene00046163.,0,0,0
WBGene00046164.,0,0,0
WBGene00046165.,0,0,0
WBGene00046166.,0,4,4
WBGene00046167.,0,2,2
WBGene00046168.,0,1,1
WBGene00046169.,0,2,2
WBGene00046170.,0,0,0
WBGene00046171.,0,0,0
WBGene00046172.,0,0,0
WBGene00046173.,0,0,0
WBGene00046174.,0,0,0
WBGene00046175.,0,0,0
WBGene00046176.,0,4,4
WBGene00046177.,0,0,0
WBGene00046178.,0,0,0
WBGene00046179.,0,25,25
WBGene00046180.,0,2,2
WBGene00046181.,0,0,0
WBGene00046182.,0,2,2
WBGene00046183.,0,6,6
WBGene00046184.,0,0,0
WBGene00046185.,0,0,0
WBGene00046186.,0,0,0
WBGene00046187.,0,0,0
WBGene00046188.,0,0,0
WBGene00046189.,0,0,0
WBGene00046190.,0,1,1
WBGene00046191.,0,0,0
WBGene00046192.,0,2,2
WBGene00046193.,0,0,0
WBGene00046194.,0,0,0
WBGene00046195.,0,0,0
WBGene00046196.,0,6,6
WBGene00046197.,0,0,0
WBGene00046198.,0,0,0
WBGene00046199.,0,1,1
WBGene00046200.,0,0,0
WBGene00046201.,0,0,0
WBGene00046202.,0,3,3
WBGene00046203.,0,5,5
WBGene00046204.,0,0,0
WBGene00046205.,0,0,0
WBGene00046206.,0,0,0
WBGene00046207.,0,0,0
WBGene00046208.,0,0,0
WBGene00046209.,0,1,1
WBGene00046210.,0,0,0
WBGene00046211.,0,2,2
WBGene00046212.,0,1,1
WBGene00046213.,0,0,0
WBGene00046214.,0,5,5
WBGene00046215.,0,0,0
WBGene00046216.,0,3,3
WBGene00046217.,0,2,2
WBGene00046218.,0,0,0
WBGene00046219.,0,2,2
WBGene00046220.,0,1,1
WBGene00046221.,0,0,0
WBGene00046222.,0,5,5
WBGene00046223.,0,6,6
WBGene00046224.,0,0,0
WBGene00046225.,0,0,0
WBGene00046226.,0,1,1
WBGene00046227.,0,0,0
WBGene00046228.,0,1,1
WBGene00046229.,0,0,0
WBGene00046230.,0,1,1
WBGene00046231.,0,0,0
WBGene00046232.,0,1,1
WBGene00046233.,0,0,0
WBGene00046234.,0,2,2
WBGene00046235.,0,0,0
WBGene00046236.,0,0,0
WBGene00046237.,0,0,0
WBGene00046238.,0,1,1
WBGene00046239.,0,0,0
WBGene00046240.,0,0,0
WBGene00046241.,0,0,0
WBGene00046242.,0,0,0
WBGene00046243.,0,2,2
WBGene00046244.,0,0,0
WBGene00046245.,0,4,4
WBGene00046246.,0,0,0
WBGene00046247.,0,0,0
WBGene00046248.,0,0,0
WBGene00046249.,0,2,2
WBGene00046250.,0,0,0
WBGene00046251.,0,1,1
WBGene00046252.,0,0,0
WBGene00046253.,0,0,0
WBGene00046254.,0,2,2
WBGene00046255.,0,0,0
WBGene00046256.,0,16,16
WBGene00046257.,0,3,3
WBGene00046258.,0,0,0
WBGene00046259.,0,0,0
WBGene00046260.,0,1,1
WBGene00046261.,0,0,0
WBGene00046262.,0,0,0
WBGene00046263.,0,0,0
WBGene00046264.,0,4,4
WBGene00046265.,0,1,1
WBGene00046266.,0,0,0
WBGene00046267.,0,3,3
WBGene00046268.,0,0,0
WBGene00046269.,0,1,1
WBGene00046270.,0,2,2
WBGene00046271.,0,0,0
WBGene00046272.,0,0,0
WBGene00046273.,0,1,1
WBGene00046274.,0,5,5
WBGene00046275.,0,0,0
WBGene00046276.,0,0,0
WBGene00046277.,0,0,0
WBGene00046278.,0,0,0
WBGene00046279.,0,1,1
WBGene00046280.,0,0,0
WBGene00046281.,0,0,0
WBGene00046282.,0,0,0
WBGene00046283.,0,6,6
WBGene00046284.,0,1,1
WBGene00046285.,0,0,0
WBGene00046286.,0,1,1
WBGene00046287.,0,2,2
WBGene00046288.,0,0,0
WBGene00046289.,0,4,4
WBGene00046290.,0,5,5
WBGene00046291.,0,0,0
WBGene00046292.,0,2,2
WBGene00046293.,0,0,0
WBGene00046294.,0,1,1
WBGene00046295.,0,10,10
WBGene00046296.,0,2,2
WBGene00046297.,0,1,1
WBGene00046298.,0,0,0
WBGene00046299.,0,0,0
WBGene00046300.,0,0,0
WBGene00046301.,0,0,0
WBGene00046302.,0,0,0
WBGene00046303.,0,0,0
WBGene00046304.,0,0,0
WBGene00046305.,0,0,0
WBGene00046306.,0,0,0
WBGene00046307.,0,0,0
WBGene00046308.,0,2,2
WBGene00046309.,0,0,0
WBGene00046310.,0,0,0
WBGene00046311.,0,0,0
WBGene00046312.,0,0,0
WBGene00046313.,0,5,5
WBGene00046314.,0,0,0
WBGene00046315.,0,1,1
WBGene00046316.,0,1,1
WBGene00046317.,0,4,4
WBGene00046318.,0,0,0
WBGene00046319.,0,0,0
WBGene00046320.,0,0,0
WBGene00046321.,0,0,0
WBGene00046322.,0,0,0
WBGene00046323.,0,1,1
WBGene00046324.,0,0,0
WBGene00046325.,0,1,1
WBGene00046326.,0,0,0
WBGene00046327.,0,0,0
WBGene00046328.,0,0,0
WBGene00046329.,0,0,0
WBGene00046330.,0,2,2
WBGene00046331.,0,0,0
WBGene00046332.,0,0,0
WBGene00046333.,0,1,1
WBGene00046334.,0,1,1
WBGene00046335.,0,7,7
WBGene00046336.,0,0,0
WBGene00046337.,0,6,6
WBGene00046338.,0,3,3
WBGene00046339.,0,0,0
WBGene00046340.,0,1,1
WBGene00046341.,0,0,0
WBGene00046342.,0,3,3
WBGene00046343.,0,6,6
WBGene00046344.,0,3,3
WBGene00046345.,0,2,2
WBGene00046346.,0,4,4
WBGene00046347.,0,6,6
WBGene00046348.,0,23,23
WBGene00046349.,0,3,3
WBGene00046350.,0,0,0
WBGene00046351.,0,0,0
WBGene00046352.,0,1,1
WBGene00046353.,0,7,7
WBGene00046354.,0,0,0
WBGene00046355.,0,0,0
WBGene00046356.,0,2,2
WBGene00046357.,0,0,0
WBGene00046358.,0,4,4
WBGene00046359.,0,0,0
WBGene00046360.,0,5,5
WBGene00046361.,0,0,0
WBGene00046362.,0,0,0
WBGene00046363.,0,3,3
WBGene00046364.,0,4,4
WBGene00046365.,0,0,0
WBGene00046366.,0,5,5
WBGene00046367.,0,5,5
WBGene00046368.,0,0,0
WBGene00046369.,0,8,8
WBGene00046370.,0,0,0
WBGene00046371.,0,0,0
WBGene00046372.,0,0,0
WBGene00046373.,0,4,4
WBGene00046374.,0,1,1
WBGene00046375.,0,2,2
WBGene00046376.,0,0,0
WBGene00046377.,0,0,0
WBGene00046378.,0,0,0
WBGene00046379.,0,0,0
WBGene00046380.,0,0,0
WBGene00046381.,0,3,3
WBGene00046382.,0,0,0
WBGene00046383.,0,0,0
WBGene00046384.,0,0,0
WBGene00046385.,0,0,0
WBGene00046386.,0,1,1
WBGene00046387.,0,0,0
WBGene00046388.,0,0,0
WBGene00046389.,0,0,0
WBGene00046390.,0,0,0
WBGene00046391.,0,0,0
WBGene00046392.,0,0,0
WBGene00046393.,0,18,18
WBGene00046394.,0,3,3
WBGene00046395.,0,0,0
WBGene00046396.,0,0,0
WBGene00046397.,0,2,2
WBGene00046398.,0,0,0
WBGene00046399.,0,11,11
WBGene00046400.,0,0,0
WBGene00046401.,0,0,0
WBGene00046402.,0,1,1
WBGene00046403.,0,2,2
WBGene00046404.,0,0,0
WBGene00046405.,0,0,0
WBGene00046406.,0,2,2
WBGene00046407.,0,21,21
WBGene00046408.,0,3,3
WBGene00046409.,0,12,12
WBGene00046410.,0,2,2
WBGene00046411.,0,2,2
WBGene00046412.,0,0,0
WBGene00046413.,0,0,0
WBGene00046414.,0,0,0
WBGene00046415.,0,0,0
WBGene00046416.,0,0,0
WBGene00046417.,0,3,3
WBGene00046418.,0,0,0
WBGene00046419.,0,0,0
WBGene00046420.,0,1,1
WBGene00046421.,0,2,2
WBGene00046422.,0,0,0
WBGene00046423.,0,1,1
WBGene00046424.,0,0,0
WBGene00046425.,0,2,2
WBGene00046426.,0,0,0
WBGene00046427.,0,0,0
WBGene00046428.,0,3,3
WBGene00046429.,0,1,1
WBGene00046430.,0,0,0
WBGene00046431.,0,8,8
WBGene00046432.,0,2,2
WBGene00046433.,0,0,0
WBGene00046434.,0,0,0
WBGene00046435.,0,6,6
WBGene00046436.,0,0,0
WBGene00046437.,0,0,0
WBGene00046438.,0,5,5
WBGene00046439.,0,0,0
WBGene00046440.,0,0,0
WBGene00046441.,0,0,0
WBGene00046442.,0,0,0
WBGene00046443.,0,2,2
WBGene00046444.,0,2,2
WBGene00046445.,0,0,0
WBGene00046446.,0,0,0
WBGene00046447.,0,0,0
WBGene00046448.,0,0,0
WBGene00046449.,0,1,1
WBGene00046450.,0,0,0
WBGene00046451.,0,0,0
WBGene00046452.,0,1,1
WBGene00046453.,0,1,1
WBGene00046454.,0,0,0
WBGene00046455.,0,4,4
WBGene00046456.,0,0,0
WBGene00046457.,0,0,0
WBGene00046458.,0,1,1
WBGene00046459.,0,1,1
WBGene00046460.,0,0,0
WBGene00046461.,0,1,1
WBGene00046462.,0,0,0
WBGene00046463.,0,0,0
WBGene00046464.,0,1,1
WBGene00046465.,0,0,0
WBGene00046466.,0,0,0
WBGene00046467.,0,0,0
WBGene00046468.,0,0,0
WBGene00046469.,0,0,0
WBGene00046470.,0,3,3
WBGene00046471.,0,0,0
WBGene00046472.,0,0,0
WBGene00046473.,0,1,1
WBGene00046474.,0,6,6
WBGene00046475.,0,0,0
WBGene00046476.,0,0,0
WBGene00046477.,0,0,0
WBGene00046478.,0,0,0
WBGene00046479.,0,0,0
WBGene00046480.,0,2,2
WBGene00046481.,0,0,0
WBGene00046482.,0,2,2
WBGene00046483.,0,5,5
WBGene00046484.,0,2,2
WBGene00046485.,0,0,0
WBGene00046486.,0,0,0
WBGene00046487.,0,5,5
WBGene00046488.,0,0,0
WBGene00046489.,0,0,0
WBGene00046490.,0,1,1
WBGene00046491.,0,5,5
WBGene00046492.,0,0,0
WBGene00046493.,0,2,2
WBGene00046494.,0,2,2
WBGene00046495.,0,8,8
WBGene00046496.,0,0,0
WBGene00046497.,0,2,2
WBGene00046498.,0,1,1
WBGene00046499.,0,2,2
WBGene00046500.,0,0,0
WBGene00046501.,0,2,2
WBGene00046502.,0,0,0
WBGene00046503.,0,0,0
WBGene00046504.,0,0,0
WBGene00046505.,0,0,0
WBGene00046506.,0,2,2
WBGene00046507.,0,0,0
WBGene00046508.,0,2,2
WBGene00046509.,0,0,0
WBGene00046510.,0,0,0
WBGene00046511.,0,0,0
WBGene00046512.,0,1,1
WBGene00046513.,0,0,0
WBGene00046514.,0,0,0
WBGene00046515.,0,1,1
WBGene00046516.,0,1,1
WBGene00046517.,0,2,2
WBGene00046518.,0,0,0
WBGene00046519.,0,0,0
WBGene00046520.,0,0,0
WBGene00046521.,0,0,0
WBGene00046522.,0,1,1
WBGene00046523.,0,1,1
WBGene00046524.,0,0,0
WBGene00046525.,0,0,0
WBGene00046526.,0,0,0
WBGene00046527.,0,0,0
WBGene00046528.,0,0,0
WBGene00046529.,0,2,2
WBGene00046530.,0,0,0
WBGene00046531.,0,0,0
WBGene00046532.,0,0,0
WBGene00046533.,0,1,1
WBGene00046534.,0,0,0
WBGene00046535.,0,0,0
WBGene00046536.,0,0,0
WBGene00046537.,0,1,1
WBGene00046538.,0,0,0
WBGene00046539.,0,0,0
WBGene00046540.,0,0,0
WBGene00046541.,0,0,0
WBGene00046542.,0,1,1
WBGene00046543.,0,0,0
WBGene00046544.,0,1,1
WBGene00046545.,0,2,2
WBGene00046546.,0,0,0
WBGene00046547.,0,5,5
WBGene00046548.,0,0,0
WBGene00046549.,0,0,0
WBGene00046550.,0,5,5
WBGene00046551.,0,0,0
WBGene00046552.,0,0,0
WBGene00046553.,0,0,0
WBGene00046554.,0,0,0
WBGene00046555.,0,0,0
WBGene00046556.,0,0,0
WBGene00046557.,0,0,0
WBGene00046558.,0,1,1
WBGene00046559.,0,0,0
WBGene00046560.,0,1,1
WBGene00046561.,0,0,0
WBGene00046562.,0,3,3
WBGene00046563.,0,3,3
WBGene00046564.,0,0,0
WBGene00046565.,0,0,0
WBGene00046566.,0,0,0
WBGene00046567.,0,3,3
WBGene00046568.,0,0,0
WBGene00046569.,0,0,0
WBGene00046570.,0,0,0
WBGene00046571.,0,0,0
WBGene00046572.,0,2,2
WBGene00046573.,0,5,5
WBGene00046574.,0,0,0
WBGene00046575.,0,0,0
WBGene00046576.,0,0,0
WBGene00046577.,0,18,18
WBGene00046578.,0,0,0
WBGene00046579.,0,0,0
WBGene00046580.,0,6,6
WBGene00046581.,0,0,0
WBGene00046582.,0,0,0
WBGene00046583.,0,0,0
WBGene00046584.,0,0,0
WBGene00046585.,0,10,10
WBGene00046586.,0,0,0
WBGene00046587.,0,0,0
WBGene00046588.,0,0,0
WBGene00046589.,0,0,0
WBGene00046590.,0,0,0
WBGene00046591.,0,0,0
WBGene00046592.,0,3,3
WBGene00046593.,0,1,1
WBGene00046594.,0,2,2
WBGene00046595.,0,0,0
WBGene00046596.,0,0,0
WBGene00046597.,0,0,0
WBGene00046598.,0,0,0
WBGene00046599.,0,0,0
WBGene00046600.,0,0,0
WBGene00046601.,0,0,0
WBGene00046602.,0,0,0
WBGene00046603.,0,4,4
WBGene00046604.,0,0,0
WBGene00046605.,0,5,5
WBGene00046606.,0,0,0
WBGene00046607.,0,0,0
WBGene00046608.,0,3,3
WBGene00046609.,0,1,1
WBGene00046610.,0,0,0
WBGene00046611.,0,0,0
WBGene00046612.,0,0,0
WBGene00046613.,0,0,0
WBGene00046614.,0,0,0
WBGene00046615.,0,0,0
WBGene00046616.,0,0,0
WBGene00046617.,0,0,0
WBGene00046618.,0,1,1
WBGene00046619.,0,0,0
WBGene00046620.,0,0,0
WBGene00046621.,0,0,0
WBGene00046622.,0,0,0
WBGene00046623.,0,1,1
WBGene00046624.,0,2,2
WBGene00046625.,0,0,0
WBGene00046626.,0,1,1
WBGene00046627.,0,0,0
WBGene00046628.,0,2,2
WBGene00046629.,0,1,1
WBGene00046630.,0,0,0
WBGene00046631.,0,0,0
WBGene00046632.,0,0,0
WBGene00046633.,0,2,2
WBGene00046634.,0,0,0
WBGene00046635.,0,0,0
WBGene00046636.,0,0,0
WBGene00046637.,0,0,0
WBGene00046638.,0,4,4
WBGene00046639.,0,2,2
WBGene00046640.,0,2,2
WBGene00046641.,0,4,4
WBGene00046642.,0,0,0
WBGene00046643.,0,0,0
WBGene00046644.,0,4,4
WBGene00046645.,0,0,0
WBGene00046646.,0,0,0
WBGene00046647.,0,0,0
WBGene00046648.,0,2,2
WBGene00046649.,0,0,0
WBGene00046650.,0,0,0
WBGene00046651.,0,0,0
WBGene00046652.,0,6,6
WBGene00046653.,0,0,0
WBGene00046654.,0,0,0
WBGene00046655.,0,3,3
WBGene00046656.,0,2,2
WBGene00046657.,0,0,0
WBGene00046658.,0,0,0
WBGene00046659.,0,0,0
WBGene00046660.,0,2,2
WBGene00046661.,0,0,0
WBGene00046662.,0,0,0
WBGene00046663.,0,8,8
WBGene00046664.,0,3,3
WBGene00046665.,0,0,0
WBGene00046666.,0,4,4
WBGene00046667.,0,0,0
WBGene00046668.,0,0,0
WBGene00046669.,0,0,0
WBGene00046670.,0,6,6
WBGene00046671.,0,4,4
WBGene00046672.,0,1,1
WBGene00046673.,0,0,0
WBGene00046674.,0,1,1
WBGene00046675.,0,0,0
WBGene00046676.,0,0,0
WBGene00046677.,0,0,0
WBGene00046678.,0,0,0
WBGene00046679.,0,2,2
WBGene00046680.,0,4,4
WBGene00046681.,0,0,0
WBGene00046682.,0,0,0
WBGene00046683.,0,2,2
WBGene00046684.,0,3,3
WBGene00046685.,0,0,0
WBGene00046686.,0,0,0
WBGene00046687.,0,0,0
WBGene00046688.,0,0,0
WBGene00046689.,0,0,0
WBGene00046690.,0,0,0
WBGene00046691.,0,1,1
WBGene00046692.,0,0,0
WBGene00046693.,0,0,0
WBGene00046694.,0,0,0
WBGene00046695.,0,6,6
WBGene00046696.,0,1,1
WBGene00046697.,0,1,1
WBGene00046698.,0,15972,15972
WBGene00046699.,0,0,0
WBGene00046700.,0,6,6
WBGene00046701.,0,0,0
WBGene00046702.,0,0,0
WBGene00046703.,0,7,7
WBGene00046704.,0,0,0
WBGene00046705.,0,0,0
WBGene00046706.,0,0,0
WBGene00046707.,0,0,0
WBGene00046708.,0,0,0
WBGene00046709.,0,1,1
WBGene00046710.,0,0,0
WBGene00046711.,0,0,0
WBGene00046712.,0,6,6
WBGene00046713.,0,0,0
WBGene00046714.,0,0,0
WBGene00046715.,0,0,0
WBGene00046716.,0,2,2
WBGene00046717.,0,0,0
WBGene00046718.,0,1,1
WBGene00046719.,0,0,0
WBGene00046720.,0,0,0
WBGene00046721.,0,0,0
WBGene00046722.,0,0,0
WBGene00046723.,0,0,0
WBGene00046724.,0,1,1
WBGene00046725.,0,0,0
WBGene00046726.,0,1,1
WBGene00046727.,0,0,0
WBGene00046728.,0,2,2
WBGene00046729.,0,0,0
WBGene00046730.,0,6,6
WBGene00046731.,0,2,2
WBGene00046732.,0,3,3
WBGene00046733.,0,0,0
WBGene00046734.,0,0,0
WBGene00046735.,0,0,0
WBGene00046736.,0,0,0
WBGene00046737.,0,0,0
WBGene00046738.,0,2,2
WBGene00046739.,0,6,6
WBGene00046740.,0,0,0
WBGene00046741.,0,1,1
WBGene00046742.,0,0,0
WBGene00046743.,0,1,1
WBGene00046744.,0,0,0
WBGene00046745.,0,0,0
WBGene00046746.,0,0,0
WBGene00046747.,0,0,0
WBGene00046748.,0,2,2
WBGene00046749.,0,1,1
WBGene00046750.,0,1,1
WBGene00046751.,0,0,0
WBGene00046752.,0,3,3
WBGene00046753.,0,0,0
WBGene00046754.,0,0,0
WBGene00046755.,0,5,5
WBGene00046756.,0,0,0
WBGene00046757.,0,0,0
WBGene00046758.,0,0,0
WBGene00046759.,0,2,2
WBGene00046760.,0,0,0
WBGene00046761.,0,11,11
WBGene00046762.,0,0,0
WBGene00046763.,0,0,0
WBGene00046764.,0,0,0
WBGene00046765.,0,0,0
WBGene00046766.,0,0,0
WBGene00046767.,0,1,1
WBGene00046768.,0,4,4
WBGene00046769.,0,0,0
WBGene00046770.,0,0,0
WBGene00046771.,0,0,0
WBGene00046772.,0,0,0
WBGene00046773.,0,0,0
WBGene00046774.,0,0,0
WBGene00046775.,0,0,0
WBGene00046776.,0,0,0
WBGene00046777.,0,2,2
WBGene00046778.,0,2,2
WBGene00046779.,0,0,0
WBGene00046780.,0,1,1
WBGene00046781.,0,0,0
WBGene00046782.,0,2,2
WBGene00046783.,0,1,1
WBGene00046784.,0,2,2
WBGene00046785.,0,1,1
WBGene00046786.,0,0,0
WBGene00046787.,0,1,1
WBGene00046788.,0,0,0
WBGene00046789.,0,6,6
WBGene00046790.,0,0,0
WBGene00046791.,0,0,0
WBGene00046792.,0,0,0
WBGene00046793.,0,0,0
WBGene00046794.,0,0,0
WBGene00046795.,0,0,0
WBGene00046796.,0,1,1
WBGene00046797.,0,4,4
WBGene00046798.,0,0,0
WBGene00046799.,0,11,11
WBGene00046800.,0,0,0
WBGene00046801.,0,0,0
WBGene00046802.,0,0,0
WBGene00046803.,0,2,2
WBGene00046804.,0,0,0
WBGene00046805.,0,0,0
WBGene00046806.,0,0,0
WBGene00046807.,0,0,0
WBGene00046808.,0,10,10
WBGene00046809.,0,5,5
WBGene00046810.,0,0,0
WBGene00046811.,0,0,0
WBGene00046812.,0,0,0
WBGene00046813.,0,0,0
WBGene00046814.,0,4,4
WBGene00046815.,0,0,0
WBGene00046816.,0,0,0
WBGene00046817.,0,1,1
WBGene00046818.,0,0,0
WBGene00046819.,0,1,1
WBGene00046820.,0,0,0
WBGene00046821.,0,5,5
WBGene00046822.,0,2,2
WBGene00046823.,0,0,0
WBGene00046824.,0,3,3
WBGene00046825.,0,0,0
WBGene00046826.,0,1,1
WBGene00046827.,0,1,1
WBGene00046828.,0,6,6
WBGene00046829.,0,0,0
WBGene00046830.,0,0,0
WBGene00046831.,0,0,0
WBGene00046832.,0,0,0
WBGene00046833.,0,0,0
WBGene00046834.,0,0,0
WBGene00046835.,0,0,0
WBGene00046836.,0,0,0
WBGene00046837.,0,13,13
WBGene00046838.,0,12,12
WBGene00046839.,0,14,14
WBGene00046840.,0,0,0
WBGene00046841.,0,0,0
WBGene00046842.,0,0,0
WBGene00046843.,0,0,0
WBGene00046844.,0,0,0
WBGene00046845.,0,0,0
WBGene00046846.,0,15,15
WBGene00046847.,0,0,0
WBGene00046848.,0,1,1
WBGene00046849.,0,0,0
WBGene00046850.,0,0,0
WBGene00046851.,0,1,1
WBGene00046852.,0,0,0
WBGene00046853.,0,0,0
WBGene00046854.,0,5,5
WBGene00046855.,0,0,0
WBGene00046856.,0,0,0
WBGene00046857.,0,0,0
WBGene00046858.,0,1,1
WBGene00046859.,0,12,12
WBGene00046860.,0,3,3
WBGene00046861.,0,0,0
WBGene00046862.,0,0,0
WBGene00046863.,0,0,0
WBGene00046864.,0,0,0
WBGene00046865.,0,0,0
WBGene00046866.,0,0,0
WBGene00046867.,0,0,0
WBGene00046868.,0,2,2
WBGene00046869.,0,4,4
WBGene00046870.,0,0,0
WBGene00046871.,0,0,0
WBGene00046872.,0,0,0
WBGene00046873.,0,0,0
WBGene00046874.,0,1,1
WBGene00046875.,0,0,0
WBGene00046876.,0,1,1
WBGene00046877.,0,0,0
WBGene00046878.,0,8,8
WBGene00046879.,0,0,0
WBGene00046880.,0,0,0
WBGene00046881.,0,5,5
WBGene00046882.,0,0,0
WBGene00046883.,0,3,3
WBGene00046884.,0,0,0
WBGene00046885.,0,0,0
WBGene00046886.,0,0,0
WBGene00046887.,0,0,0
WBGene00046888.,0,0,0
WBGene00046889.,0,0,0
WBGene00046890.,0,0,0
WBGene00046891.,0,0,0
WBGene00046892.,0,0,0
WBGene00046893.,0,0,0
WBGene00046894.,0,1,1
WBGene00046895.,0,0,0
WBGene00046896.,0,1,1
WBGene00046897.,0,0,0
WBGene00046898.,0,0,0
WBGene00046899.,0,1,1
WBGene00046900.,0,0,0
WBGene00046901.,0,0,0
WBGene00046902.,0,8,8
WBGene00046903.,0,0,0
WBGene00046904.,0,2,2
WBGene00046905.,0,0,0
WBGene00046906.,0,1,1
WBGene00046907.,0,0,0
WBGene00046908.,0,0,0
WBGene00046909.,0,0,0
WBGene00046910.,0,0,0
WBGene00046911.,0,0,0
WBGene00046912.,0,0,0
WBGene00046913.,0,1,1
WBGene00046914.,0,1,1
WBGene00046915.,0,0,0
WBGene00046916.,0,4,4
WBGene00046917.,0,2,2
WBGene00046918.,0,0,0
WBGene00046919.,0,0,0
WBGene00046920.,0,0,0
WBGene00046921.,0,4,4
WBGene00046922.,0,0,0
WBGene00046923.,0,0,0
WBGene00046924.,0,0,0
WBGene00046925.,0,0,0
WBGene00046926.,0,0,0
WBGene00046927.,0,0,0
WBGene00046928.,0,0,0
WBGene00046929.,0,1,1
WBGene00046930.,0,0,0
WBGene00046931.,0,3,3
WBGene00046932.,0,0,0
WBGene00046933.,0,0,0
WBGene00046934.,0,4,4
WBGene00046935.,0,0,0
WBGene00046936.,0,0,0
WBGene00046937.,0,4,4
WBGene00046938.,0,0,0
WBGene00046939.,0,11,11
WBGene00046940.,0,0,0
WBGene00046941.,0,0,0
WBGene00046942.,0,0,0
WBGene00046943.,0,0,0
WBGene00046944.,0,0,0
WBGene00046945.,0,0,0
WBGene00046946.,0,2,2
WBGene00046947.,0,0,0
WBGene00046948.,0,4,4
WBGene00046949.,0,0,0
WBGene00046950.,0,1,1
WBGene00046951.,0,0,0
WBGene00046952.,0,3,3
WBGene00046953.,0,0,0
WBGene00046954.,0,0,0
WBGene00046955.,0,0,0
WBGene00046956.,0,0,0
WBGene00046957.,0,0,0
WBGene00046958.,0,1,1
WBGene00046959.,0,2,2
WBGene00046960.,0,0,0
WBGene00046961.,0,0,0
WBGene00046962.,0,0,0
WBGene00046963.,0,0,0
WBGene00046964.,0,0,0
WBGene00046965.,0,4,4
WBGene00046966.,0,0,0
WBGene00046967.,0,0,0
WBGene00046968.,0,0,0
WBGene00046969.,0,0,0
WBGene00046970.,0,0,0
WBGene00046971.,0,3,3
WBGene00046972.,0,0,0
WBGene00046973.,0,0,0
WBGene00046974.,0,0,0
WBGene00046975.,0,0,0
WBGene00046976.,0,4,4
WBGene00046977.,0,6,6
WBGene00046978.,0,0,0
WBGene00046979.,0,1,1
WBGene00046980.,0,0,0
WBGene00046981.,0,0,0
WBGene00046982.,0,1,1
WBGene00046983.,0,0,0
WBGene00046984.,0,0,0
WBGene00046985.,0,0,0
WBGene00046986.,0,1,1
WBGene00046987.,0,1,1
WBGene00046988.,0,0,0
WBGene00046989.,0,0,0
WBGene00046990.,0,7,7
WBGene00046991.,0,0,0
WBGene00046992.,0,0,0
WBGene00046993.,0,0,0
WBGene00046994.,0,3,3
WBGene00046995.,0,0,0
WBGene00046996.,0,3,3
WBGene00046997.,0,0,0
WBGene00046998.,0,0,0
WBGene00046999.,0,0,0
WBGene00047000.,0,0,0
WBGene00047001.,0,0,0
WBGene00047002.,0,0,0
WBGene00047003.,0,1,1
WBGene00047004.,0,0,0
WBGene00047005.,0,0,0
WBGene00047006.,0,0,0
WBGene00047007.,0,0,0
WBGene00047008.,0,2,2
WBGene00047009.,0,0,0
WBGene00047010.,0,2,2
WBGene00047011.,0,0,0
WBGene00047012.,0,0,0
WBGene00047013.,0,0,0
WBGene00047014.,0,0,0
WBGene00047015.,0,0,0
WBGene00047016.,0,0,0
WBGene00047017.,0,11,11
WBGene00047018.,0,0,0
WBGene00047019.,0,0,0
WBGene00047020.,0,0,0
WBGene00047021.,0,4,4
WBGene00047022.,0,3,3
WBGene00047023.,0,0,0
WBGene00047024.,0,0,0
WBGene00047025.,0,0,0
WBGene00047026.,0,1,1
WBGene00047027.,0,0,0
WBGene00047028.,0,0,0
WBGene00047029.,0,0,0
WBGene00047030.,0,0,0
WBGene00047031.,0,2,2
WBGene00047032.,0,0,0
WBGene00047033.,0,0,0
WBGene00047034.,0,0,0
WBGene00047035.,0,0,0
WBGene00047036.,0,0,0
WBGene00047037.,0,0,0
WBGene00047038.,0,3,3
WBGene00047039.,0,2,2
WBGene00047040.,0,1,1
WBGene00047041.,0,0,0
WBGene00047042.,0,0,0
WBGene00047043.,0,2,2
WBGene00047044.,0,40,40
WBGene00047045.,0,0,0
WBGene00047046.,0,0,0
WBGene00047047.,0,0,0
WBGene00047048.,0,0,0
WBGene00047049.,0,0,0
WBGene00047050.,0,0,0
WBGene00047051.,0,0,0
WBGene00047052.,0,1,1
WBGene00047053.,0,4,4
WBGene00047054.,0,2,2
WBGene00047055.,0,0,0
WBGene00047056.,0,0,0
WBGene00047057.,0,0,0
WBGene00047058.,0,0,0
WBGene00047059.,0,0,0
WBGene00047060.,0,2,2
WBGene00047061.,0,0,0
WBGene00047062.,0,4,4
WBGene00047063.,0,0,0
WBGene00047064.,0,3,3
WBGene00047065.,0,0,0
WBGene00047066.,0,1,1
WBGene00047067.,0,0,0
WBGene00047068.,0,2,2
WBGene00047069.,0,0,0
WBGene00047070.,0,0,0
WBGene00047071.,0,4,4
WBGene00047072.,0,0,0
WBGene00047073.,0,0,0
WBGene00047074.,0,0,0
WBGene00047075.,0,0,0
WBGene00047076.,0,0,0
WBGene00047077.,0,10,10
WBGene00047078.,0,3,3
WBGene00047079.,0,2,2
WBGene00047080.,0,0,0
WBGene00047081.,0,0,0
WBGene00047082.,0,0,0
WBGene00047083.,0,0,0
WBGene00047084.,0,13,13
WBGene00047085.,0,0,0
WBGene00047086.,0,0,0
WBGene00047087.,0,6,6
WBGene00047088.,0,0,0
WBGene00047089.,0,0,0
WBGene00047090.,0,0,0
WBGene00047091.,0,0,0
WBGene00047092.,0,2,2
WBGene00047093.,0,0,0
WBGene00047094.,0,0,0
WBGene00047095.,0,0,0
WBGene00047096.,0,0,0
WBGene00047097.,0,0,0
WBGene00047098.,0,1,1
WBGene00047099.,0,0,0
WBGene00047100.,0,9,9
WBGene00047101.,0,0,0
WBGene00047102.,0,0,0
WBGene00047103.,0,0,0
WBGene00047104.,0,0,0
WBGene00047105.,0,2,2
WBGene00047106.,0,0,0
WBGene00047107.,0,0,0
WBGene00047108.,0,0,0
WBGene00047109.,0,3,3
WBGene00047110.,0,0,0
WBGene00047111.,0,0,0
WBGene00047112.,0,0,0
WBGene00047113.,0,0,0
WBGene00047114.,0,7,7
WBGene00047115.,0,0,0
WBGene00047116.,0,0,0
WBGene00047117.,0,1,1
WBGene00047118.,0,7,7
WBGene00047119.,0,0,0
WBGene00047120.,0,0,0
WBGene00047121.,0,0,0
WBGene00047122.,0,0,0
WBGene00047123.,0,1,1
WBGene00047124.,0,3,3
WBGene00047125.,0,0,0
WBGene00047126.,0,0,0
WBGene00047127.,0,0,0
WBGene00047128.,0,0,0
WBGene00047129.,0,2,2
WBGene00047130.,0,0,0
WBGene00047131.,0,1,1
WBGene00047132.,0,0,0
WBGene00047133.,0,0,0
WBGene00047134.,0,0,0
WBGene00047135.,0,0,0
WBGene00047136.,0,1,1
WBGene00047137.,0,0,0
WBGene00047138.,0,0,0
WBGene00047139.,0,0,0
WBGene00047140.,0,0,0
WBGene00047141.,0,16,16
WBGene00047142.,0,0,0
WBGene00047143.,0,1,1
WBGene00047144.,0,5,5
WBGene00047145.,0,0,0
WBGene00047146.,0,0,0
WBGene00047147.,0,4,4
WBGene00047148.,0,0,0
WBGene00047149.,0,1,1
WBGene00047150.,0,0,0
WBGene00047151.,0,0,0
WBGene00047152.,0,0,0
WBGene00047153.,0,0,0
WBGene00047154.,0,0,0
WBGene00047155.,0,9,9
WBGene00047156.,0,0,0
WBGene00047157.,0,0,0
WBGene00047158.,0,1,1
WBGene00047159.,0,0,0
WBGene00047160.,0,6,6
WBGene00047161.,0,0,0
WBGene00047162.,0,0,0
WBGene00047163.,0,0,0
WBGene00047164.,0,0,0
WBGene00047165.,0,0,0
WBGene00047166.,0,0,0
WBGene00047167.,0,0,0
WBGene00047168.,0,0,0
WBGene00047169.,0,0,0
WBGene00047170.,0,6,6
WBGene00047171.,0,3,3
WBGene00047172.,0,5,5
WBGene00047173.,0,0,0
WBGene00047174.,0,1,1
WBGene00047175.,0,0,0
WBGene00047176.,0,2,2
WBGene00047177.,0,2,2
WBGene00047178.,0,0,0
WBGene00047179.,0,0,0
WBGene00047180.,0,0,0
WBGene00047181.,0,0,0
WBGene00047182.,0,0,0
WBGene00047183.,0,9,9
WBGene00047184.,0,0,0
WBGene00047185.,0,0,0
WBGene00047186.,0,0,0
WBGene00047187.,0,0,0
WBGene00047188.,0,0,0
WBGene00047189.,0,6,6
WBGene00047190.,0,2,2
WBGene00047191.,0,0,0
WBGene00047192.,0,0,0
WBGene00047193.,0,0,0
WBGene00047194.,0,8,8
WBGene00047195.,0,3,3
WBGene00047196.,0,0,0
WBGene00047197.,0,0,0
WBGene00047198.,0,0,0
WBGene00047199.,0,0,0
WBGene00047200.,0,1,1
WBGene00047201.,0,1,1
WBGene00047202.,0,0,0
WBGene00047203.,0,0,0
WBGene00047204.,0,0,0
WBGene00047205.,0,0,0
WBGene00047206.,0,0,0
WBGene00047207.,0,4,4
WBGene00047208.,0,0,0
WBGene00047209.,0,0,0
WBGene00047210.,0,0,0
WBGene00047211.,0,0,0
WBGene00047212.,0,0,0
WBGene00047213.,0,0,0
WBGene00047214.,0,2,2
WBGene00047215.,0,0,0
WBGene00047216.,0,0,0
WBGene00047217.,0,3,3
WBGene00047218.,0,0,0
WBGene00047219.,0,1,1
WBGene00047220.,0,2,2
WBGene00047221.,0,3,3
WBGene00047222.,0,0,0
WBGene00047223.,0,0,0
WBGene00047224.,0,11,11
WBGene00047225.,0,1,1
WBGene00047226.,0,1,1
WBGene00047227.,0,0,0
WBGene00047228.,0,0,0
WBGene00047229.,0,0,0
WBGene00047230.,0,3,3
WBGene00047231.,0,0,0
WBGene00047232.,0,1,1
WBGene00047233.,0,0,0
WBGene00047234.,0,1,1
WBGene00047235.,0,0,0
WBGene00047236.,0,0,0
WBGene00047237.,0,0,0
WBGene00047238.,0,8,8
WBGene00047239.,0,0,0
WBGene00047240.,0,0,0
WBGene00047241.,0,1,1
WBGene00047242.,0,0,0
WBGene00047243.,0,2,2
WBGene00047244.,0,0,0
WBGene00047245.,0,0,0
WBGene00047246.,0,4,4
WBGene00047247.,0,1,1
WBGene00047248.,0,0,0
WBGene00047249.,0,0,0
WBGene00047250.,0,1,1
WBGene00047251.,0,0,0
WBGene00047252.,0,0,0
WBGene00047253.,0,0,0
WBGene00047254.,0,0,0
WBGene00047255.,0,0,0
WBGene00047256.,0,3,3
WBGene00047257.,0,1,1
WBGene00047258.,0,0,0
WBGene00047259.,0,2,2
WBGene00047260.,0,0,0
WBGene00047261.,0,0,0
WBGene00047262.,0,0,0
WBGene00047263.,0,3,3
WBGene00047264.,0,0,0
WBGene00047265.,0,0,0
WBGene00047266.,0,0,0
WBGene00047267.,0,0,0
WBGene00047268.,0,0,0
WBGene00047269.,0,2,2
WBGene00047270.,0,0,0
WBGene00047271.,0,0,0
WBGene00047272.,0,0,0
WBGene00047273.,0,0,0
WBGene00047274.,0,0,0
WBGene00047275.,0,0,0
WBGene00047276.,0,4,4
WBGene00047277.,0,0,0
WBGene00047278.,0,0,0
WBGene00047279.,0,0,0
WBGene00047280.,0,7,7
WBGene00047281.,0,0,0
WBGene00047282.,0,0,0
WBGene00047283.,0,0,0
WBGene00047284.,0,0,0
WBGene00047285.,0,0,0
WBGene00047286.,0,0,0
WBGene00047287.,0,0,0
WBGene00047288.,0,0,0
WBGene00047289.,0,11,11
WBGene00047290.,0,1,1
WBGene00047291.,0,0,0
WBGene00047292.,0,3,3
WBGene00047293.,0,1,1
WBGene00047294.,0,0,0
WBGene00047295.,0,0,0
WBGene00047296.,0,1,1
WBGene00047297.,0,15,15
WBGene00047298.,0,0,0
WBGene00047299.,0,0,0
WBGene00047300.,0,0,0
WBGene00047301.,0,0,0
WBGene00047302.,0,2,2
WBGene00047303.,0,1,1
WBGene00047304.,0,1,1
WBGene00047305.,0,2,2
WBGene00047306.,0,2,2
WBGene00047307.,0,4,4
WBGene00047308.,0,2,2
WBGene00047309.,0,0,0
WBGene00047310.,0,0,0
WBGene00047311.,0,1,1
WBGene00047312.,0,7,7
WBGene00047313.,0,1,1
WBGene00047314.,0,0,0
WBGene00047315.,0,2,2
WBGene00047316.,0,0,0
WBGene00047317.,0,0,0
WBGene00047318.,0,0,0
WBGene00047319.,0,0,0
WBGene00047320.,0,1,1
WBGene00047321.,0,0,0
WBGene00047322.,0,0,0
WBGene00047323.,0,0,0
WBGene00047324.,0,0,0
WBGene00047325.,0,0,0
WBGene00047326.,0,0,0
WBGene00047327.,0,0,0
WBGene00047328.,0,0,0
WBGene00047329.,0,0,0
WBGene00047330.,0,0,0
WBGene00047331.,0,0,0
WBGene00047332.,0,0,0
WBGene00047333.,0,0,0
WBGene00047334.,0,6,6
WBGene00047335.,0,0,0
WBGene00047336.,0,0,0
WBGene00047337.,0,1,1
WBGene00047338.,0,0,0
WBGene00047339.,0,7,7
WBGene00047340.,0,0,0
WBGene00047341.,0,0,0
WBGene00047342.,0,0,0
WBGene00047343.,0,0,0
WBGene00047344.,0,0,0
WBGene00047345.,0,7,7
WBGene00047346.,0,0,0
WBGene00047347.,0,0,0
WBGene00047348.,0,4,4
WBGene00047349.,0,3,3
WBGene00047350.,0,0,0
WBGene00047351.,0,1,1
WBGene00047352.,0,0,0
WBGene00047353.,0,0,0
WBGene00047354.,0,0,0
WBGene00047355.,0,0,0
WBGene00047356.,0,0,0
WBGene00047357.,0,0,0
WBGene00047358.,0,0,0
WBGene00047359.,0,0,0
WBGene00047360.,0,0,0
WBGene00047361.,0,0,0
WBGene00047362.,0,0,0
WBGene00047363.,0,0,0
WBGene00047364.,0,4,4
WBGene00047365.,0,0,0
WBGene00047366.,0,0,0
WBGene00047367.,0,0,0
WBGene00047368.,0,0,0
WBGene00047369.,0,3,3
WBGene00047370.,0,0,0
WBGene00047371.,0,2,2
WBGene00047372.,0,0,0
WBGene00047373.,0,3,3
WBGene00047374.,0,0,0
WBGene00047375.,0,5,5
WBGene00047376.,0,0,0
WBGene00047377.,0,0,0
WBGene00047378.,0,3,3
WBGene00047379.,0,0,0
WBGene00047380.,0,5,5
WBGene00047381.,0,0,0
WBGene00047382.,0,0,0
WBGene00047383.,0,1,1
WBGene00047384.,0,0,0
WBGene00047385.,0,0,0
WBGene00047386.,0,0,0
WBGene00047387.,0,0,0
WBGene00047388.,0,0,0
WBGene00047389.,0,0,0
WBGene00047390.,0,0,0
WBGene00047391.,0,1,1
WBGene00047392.,0,0,0
WBGene00047393.,0,0,0
WBGene00047394.,0,2,2
WBGene00047395.,0,1,1
WBGene00047396.,0,0,0
WBGene00047397.,0,0,0
WBGene00047398.,0,0,0
WBGene00047399.,0,0,0
WBGene00047400.,0,2,2
WBGene00047401.,0,0,0
WBGene00047402.,0,0,0
WBGene00047403.,0,17,17
WBGene00047404.,0,1,1
WBGene00047405.,0,0,0
WBGene00047406.,0,0,0
WBGene00047407.,0,10,10
WBGene00047408.,0,1,1
WBGene00047409.,0,0,0
WBGene00047410.,0,8,8
WBGene00047411.,0,9,9
WBGene00047412.,0,1,1
WBGene00047413.,0,1,1
WBGene00047414.,0,0,0
WBGene00047415.,0,0,0
WBGene00047416.,0,0,0
WBGene00047417.,0,1,1
WBGene00047418.,0,0,0
WBGene00047419.,0,5,5
WBGene00047420.,0,0,0
WBGene00047421.,0,0,0
WBGene00047422.,0,1,1
WBGene00047423.,0,1,1
WBGene00047424.,0,0,0
WBGene00047425.,0,0,0
WBGene00047426.,0,0,0
WBGene00047427.,0,0,0
WBGene00047428.,0,0,0
WBGene00047429.,0,0,0
WBGene00047430.,0,0,0
WBGene00047431.,0,8,8
WBGene00047432.,0,0,0
WBGene00047433.,0,0,0
WBGene00047434.,0,0,0
WBGene00047435.,0,0,0
WBGene00047436.,0,0,0
WBGene00047437.,0,0,0
WBGene00047438.,0,1,1
WBGene00047439.,0,1,1
WBGene00047440.,0,0,0
WBGene00047441.,0,2,2
WBGene00047442.,0,0,0
WBGene00047443.,0,2,2
WBGene00047444.,0,1,1
WBGene00047445.,0,1,1
WBGene00047446.,0,0,0
WBGene00047447.,0,1,1
WBGene00047448.,0,0,0
WBGene00047449.,0,0,0
WBGene00047450.,0,3,3
WBGene00047451.,0,0,0
WBGene00047452.,0,0,0
WBGene00047453.,0,0,0
WBGene00047454.,0,0,0
WBGene00047455.,0,0,0
WBGene00047456.,0,0,0
WBGene00047457.,0,0,0
WBGene00047458.,0,0,0
WBGene00047459.,0,1,1
WBGene00047460.,0,0,0
WBGene00047461.,0,0,0
WBGene00047462.,0,0,0
WBGene00047463.,0,0,0
WBGene00047464.,0,0,0
WBGene00047465.,0,0,0
WBGene00047466.,0,0,0
WBGene00047467.,0,2,2
WBGene00047468.,0,0,0
WBGene00047469.,0,0,0
WBGene00047470.,0,0,0
WBGene00047471.,0,0,0
WBGene00047472.,0,0,0
WBGene00047473.,0,0,0
WBGene00047474.,0,0,0
WBGene00047475.,0,0,0
WBGene00047476.,0,0,0
WBGene00047477.,0,1,1
WBGene00047478.,0,6,6
WBGene00047479.,0,2,2
WBGene00047480.,0,0,0
WBGene00047481.,0,0,0
WBGene00047482.,0,0,0
WBGene00047483.,0,2,2
WBGene00047484.,0,0,0
WBGene00047485.,0,3,3
WBGene00047486.,0,0,0
WBGene00047487.,0,0,0
WBGene00047488.,0,0,0
WBGene00047489.,0,0,0
WBGene00047490.,0,0,0
WBGene00047491.,0,0,0
WBGene00047492.,0,0,0
WBGene00047493.,0,0,0
WBGene00047494.,0,3,3
WBGene00047495.,0,2,2
WBGene00047496.,0,1,1
WBGene00047497.,0,0,0
WBGene00047498.,0,4,4
WBGene00047499.,0,1,1
WBGene00047500.,0,0,0
WBGene00047501.,0,0,0
WBGene00047502.,0,0,0
WBGene00047503.,0,4,4
WBGene00047504.,0,5,5
WBGene00047505.,0,0,0
WBGene00047506.,0,0,0
WBGene00047507.,0,2,2
WBGene00047508.,0,0,0
WBGene00047509.,0,0,0
WBGene00047510.,0,3,3
WBGene00047511.,0,0,0
WBGene00047512.,0,0,0
WBGene00047513.,0,0,0
WBGene00047514.,0,3,3
WBGene00047515.,0,0,0
WBGene00047516.,0,6,6
WBGene00047517.,0,10,10
WBGene00047518.,0,0,0
WBGene00047519.,0,0,0
WBGene00047520.,0,0,0
WBGene00047521.,0,1,1
WBGene00047522.,0,1,1
WBGene00047523.,0,0,0
WBGene00047524.,0,6,6
WBGene00047525.,0,0,0
WBGene00047526.,0,0,0
WBGene00047527.,0,4,4
WBGene00047528.,0,0,0
WBGene00047529.,0,6,6
WBGene00047530.,0,0,0
WBGene00047531.,0,0,0
WBGene00047532.,0,1,1
WBGene00047533.,0,1,1
WBGene00047534.,0,0,0
WBGene00047535.,0,3,3
WBGene00047536.,0,1,1
WBGene00047537.,0,0,0
WBGene00047538.,0,0,0
WBGene00047539.,0,4,4
WBGene00047540.,0,0,0
WBGene00047541.,0,1,1
WBGene00047542.,0,0,0
WBGene00047543.,0,1,1
WBGene00047544.,0,0,0
WBGene00047545.,0,0,0
WBGene00047546.,0,1,1
WBGene00047547.,0,1,1
WBGene00047548.,0,0,0
WBGene00047549.,0,2,2
WBGene00047550.,0,0,0
WBGene00047551.,0,0,0
WBGene00047552.,0,4,4
WBGene00047553.,0,0,0
WBGene00047554.,0,0,0
WBGene00047555.,0,0,0
WBGene00047556.,0,1,1
WBGene00047557.,0,0,0
WBGene00047558.,0,0,0
WBGene00047559.,0,0,0
WBGene00047560.,0,6,6
WBGene00047561.,0,1,1
WBGene00047562.,0,0,0
WBGene00047563.,0,0,0
WBGene00047564.,0,0,0
WBGene00047565.,0,0,0
WBGene00047566.,0,1,1
WBGene00047567.,0,0,0
WBGene00047568.,0,11,11
WBGene00047569.,0,0,0
WBGene00047570.,0,0,0
WBGene00047571.,0,0,0
WBGene00047572.,0,0,0
WBGene00047573.,0,0,0
WBGene00047574.,0,0,0
WBGene00047575.,0,0,0
WBGene00047576.,0,0,0
WBGene00047577.,0,0,0
WBGene00047578.,0,0,0
WBGene00047579.,0,0,0
WBGene00047580.,0,0,0
WBGene00047581.,0,0,0
WBGene00047582.,0,3,3
WBGene00047583.,0,0,0
WBGene00047584.,0,0,0
WBGene00047585.,0,1,1
WBGene00047586.,0,0,0
WBGene00047587.,0,4,4
WBGene00047588.,0,2,2
WBGene00047589.,0,0,0
WBGene00047590.,0,0,0
WBGene00047591.,0,0,0
WBGene00047592.,0,0,0
WBGene00047593.,0,0,0
WBGene00047594.,0,1,1
WBGene00047595.,0,0,0
WBGene00047596.,0,0,0
WBGene00047597.,0,0,0
WBGene00047598.,0,2,2
WBGene00047599.,0,0,0
WBGene00047600.,0,0,0
WBGene00047601.,0,10,10
WBGene00047602.,0,0,0
WBGene00047603.,0,0,0
WBGene00047604.,0,0,0
WBGene00047605.,0,0,0
WBGene00047606.,0,3,3
WBGene00047607.,0,0,0
WBGene00047608.,0,0,0
WBGene00047609.,0,13,13
WBGene00047610.,0,0,0
WBGene00047611.,0,0,0
WBGene00047612.,0,0,0
WBGene00047613.,0,6,6
WBGene00047614.,0,0,0
WBGene00047615.,0,0,0
WBGene00047616.,0,0,0
WBGene00047617.,0,0,0
WBGene00047618.,0,0,0
WBGene00047619.,0,0,0
WBGene00047620.,0,0,0
WBGene00047621.,0,0,0
WBGene00047622.,0,2,2
WBGene00047623.,0,7,7
WBGene00047624.,0,0,0
WBGene00047625.,0,0,0
WBGene00047626.,0,0,0
WBGene00047627.,0,0,0
WBGene00047628.,0,0,0
WBGene00047629.,0,0,0
WBGene00047630.,0,0,0
WBGene00047631.,0,0,0
WBGene00047632.,0,2,2
WBGene00047633.,0,0,0
WBGene00047634.,0,0,0
WBGene00047635.,0,0,0
WBGene00047636.,0,0,0
WBGene00047637.,0,0,0
WBGene00047638.,0,2,2
WBGene00047639.,0,3,3
WBGene00047640.,0,0,0
WBGene00047641.,0,0,0
WBGene00047642.,0,0,0
WBGene00047643.,0,2,2
WBGene00047644.,0,0,0
WBGene00047645.,0,0,0
WBGene00047646.,0,7,7
WBGene00047647.,0,0,0
WBGene00047648.,0,0,0
WBGene00047649.,0,0,0
WBGene00047650.,0,0,0
WBGene00047651.,0,0,0
WBGene00047652.,0,1,1
WBGene00047653.,0,0,0
WBGene00047654.,0,0,0
WBGene00047655.,0,0,0
WBGene00047656.,0,0,0
WBGene00047657.,0,2,2
WBGene00047658.,0,0,0
WBGene00047659.,0,0,0
WBGene00047660.,0,1,1
WBGene00047661.,0,0,0
WBGene00047662.,0,0,0
WBGene00047663.,0,0,0
WBGene00047664.,0,0,0
WBGene00047665.,0,0,0
WBGene00047666.,0,0,0
WBGene00047667.,0,0,0
WBGene00047668.,0,0,0
WBGene00047669.,0,0,0
WBGene00047670.,0,0,0
WBGene00047671.,0,0,0
WBGene00047672.,0,2,2
WBGene00047673.,0,1,1
WBGene00047674.,0,0,0
WBGene00047675.,0,0,0
WBGene00047676.,0,0,0
WBGene00047677.,0,2,2
WBGene00047678.,0,9,9
WBGene00047679.,0,0,0
WBGene00047680.,0,0,0
WBGene00047681.,0,1,1
WBGene00047682.,0,0,0
WBGene00047683.,0,0,0
WBGene00047684.,0,1,1
WBGene00047685.,0,4,4
WBGene00047686.,0,0,0
WBGene00047687.,0,0,0
WBGene00047688.,0,0,0
WBGene00047689.,0,0,0
WBGene00047690.,0,7,7
WBGene00047691.,0,2,2
WBGene00047692.,0,0,0
WBGene00047693.,0,0,0
WBGene00047694.,0,0,0
WBGene00047695.,0,5,5
WBGene00047696.,0,0,0
WBGene00047697.,0,0,0
WBGene00047698.,0,0,0
WBGene00047699.,0,3,3
WBGene00047700.,0,1,1
WBGene00047701.,0,0,0
WBGene00047702.,0,0,0
WBGene00047703.,0,2,2
WBGene00047704.,0,0,0
WBGene00047705.,0,0,0
WBGene00047706.,0,0,0
WBGene00047707.,0,0,0
WBGene00047708.,0,4,4
WBGene00047709.,0,0,0
WBGene00047710.,0,4,4
WBGene00047711.,0,1,1
WBGene00047712.,0,0,0
WBGene00047713.,0,0,0
WBGene00047714.,0,0,0
WBGene00047715.,0,2,2
WBGene00047716.,0,2,2
WBGene00047717.,0,0,0
WBGene00047718.,0,0,0
WBGene00047719.,0,3,3
WBGene00047720.,0,0,0
WBGene00047721.,0,0,0
WBGene00047722.,0,0,0
WBGene00047723.,0,2,2
WBGene00047724.,0,0,0
WBGene00047725.,0,0,0
WBGene00047726.,0,0,0
WBGene00047727.,0,0,0
WBGene00047728.,0,0,0
WBGene00047729.,0,0,0
WBGene00047730.,0,0,0
WBGene00047731.,0,0,0
WBGene00047732.,0,0,0
WBGene00047733.,0,0,0
WBGene00047734.,0,0,0
WBGene00047735.,0,0,0
WBGene00047736.,0,0,0
WBGene00047737.,0,0,0
WBGene00047738.,0,0,0
WBGene00047739.,0,1,1
WBGene00047740.,0,2,2
WBGene00047741.,0,1,1
WBGene00047742.,0,2,2
WBGene00047743.,0,0,0
WBGene00047744.,0,2,2
WBGene00047745.,0,1,1
WBGene00047746.,0,12,12
WBGene00047747.,0,2,2
WBGene00047748.,0,1,1
WBGene00047749.,0,3,3
WBGene00047750.,0,4,4
WBGene00047751.,0,0,0
WBGene00047752.,0,0,0
WBGene00047753.,0,0,0
WBGene00047754.,0,4,4
WBGene00047755.,0,2,2
WBGene00047756.,0,16,16
WBGene00047757.,0,0,0
WBGene00047758.,0,11,11
WBGene00047759.,0,5,5
WBGene00047760.,0,0,0
WBGene00047761.,0,0,0
WBGene00047762.,0,2,2
WBGene00047763.,0,8,8
WBGene00047764.,0,0,0
WBGene00047765.,0,0,0
WBGene00047766.,0,0,0
WBGene00047767.,0,0,0
WBGene00047768.,0,2,2
WBGene00047769.,0,0,0
WBGene00047770.,0,0,0
WBGene00047771.,0,1,1
WBGene00047772.,0,1,1
WBGene00047773.,0,3,3
WBGene00047774.,0,0,0
WBGene00047775.,0,0,0
WBGene00047776.,0,0,0
WBGene00047777.,0,0,0
WBGene00047778.,0,0,0
WBGene00047779.,0,0,0
WBGene00047780.,0,0,0
WBGene00047781.,0,0,0
WBGene00047782.,0,0,0
WBGene00047783.,0,1,1
WBGene00047784.,0,0,0
WBGene00047785.,0,0,0
WBGene00047786.,0,4,4
WBGene00047787.,0,0,0
WBGene00047788.,0,0,0
WBGene00047789.,0,0,0
WBGene00047790.,0,2,2
WBGene00047791.,0,0,0
WBGene00047792.,0,0,0
WBGene00047793.,0,0,0
WBGene00047794.,0,6,6
WBGene00047795.,0,0,0
WBGene00047796.,0,0,0
WBGene00047797.,0,5,5
WBGene00047798.,0,7,7
WBGene00047799.,0,0,0
WBGene00047800.,0,2,2
WBGene00047801.,0,0,0
WBGene00047802.,0,0,0
WBGene00047803.,0,12,12
WBGene00047804.,0,0,0
WBGene00047805.,0,12,12
WBGene00047806.,0,0,0
WBGene00047807.,0,2,2
WBGene00047808.,0,9,9
WBGene00047809.,0,0,0
WBGene00047810.,0,0,0
WBGene00047811.,0,0,0
WBGene00047812.,0,0,0
WBGene00047813.,0,14,14
WBGene00047814.,0,1,1
WBGene00047815.,0,14,14
WBGene00047816.,0,0,0
WBGene00047817.,0,0,0
WBGene00047818.,0,0,0
WBGene00047819.,0,0,0
WBGene00047820.,0,1,1
WBGene00047821.,0,0,0
WBGene00047822.,0,6,6
WBGene00047823.,0,5,5
WBGene00047824.,0,0,0
WBGene00047825.,0,0,0
WBGene00047826.,0,0,0
WBGene00047827.,0,1,1
WBGene00047828.,0,0,0
WBGene00047829.,0,0,0
WBGene00047830.,0,0,0
WBGene00047831.,0,0,0
WBGene00047832.,0,0,0
WBGene00047833.,0,0,0
WBGene00047834.,0,0,0
WBGene00047835.,0,0,0
WBGene00047836.,0,0,0
WBGene00047837.,0,0,0
WBGene00047838.,0,0,0
WBGene00047839.,0,3,3
WBGene00047840.,0,0,0
WBGene00047841.,0,0,0
WBGene00047842.,0,0,0
WBGene00047843.,0,12,12
WBGene00047844.,0,0,0
WBGene00047845.,0,0,0
WBGene00047846.,0,9,9
WBGene00047847.,0,0,0
WBGene00047848.,0,6,6
WBGene00047849.,0,0,0
WBGene00047850.,0,4,4
WBGene00047851.,0,0,0
WBGene00047852.,0,0,0
WBGene00047853.,0,2,2
WBGene00047854.,0,0,0
WBGene00047855.,0,1,1
WBGene00047856.,0,0,0
WBGene00047857.,0,4,4
WBGene00047858.,0,1,1
WBGene00047859.,0,0,0
WBGene00047860.,0,0,0
WBGene00047861.,0,1,1
WBGene00047862.,0,0,0
WBGene00047863.,0,2,2
WBGene00047864.,0,2,2
WBGene00047865.,0,0,0
WBGene00047866.,0,0,0
WBGene00047867.,0,0,0
WBGene00047868.,0,0,0
WBGene00047869.,0,0,0
WBGene00047870.,0,0,0
WBGene00047871.,0,0,0
WBGene00047872.,0,0,0
WBGene00047873.,0,0,0
WBGene00047874.,0,0,0
WBGene00047875.,0,0,0
WBGene00047876.,0,0,0
WBGene00047877.,0,0,0
WBGene00047878.,0,0,0
WBGene00047879.,0,0,0
WBGene00047880.,0,2,2
WBGene00047881.,0,0,0
WBGene00047882.,0,0,0
WBGene00047883.,0,2,2
WBGene00047884.,0,0,0
WBGene00047885.,0,0,0
WBGene00047886.,0,0,0
WBGene00047887.,0,0,0
WBGene00047888.,0,0,0
WBGene00047889.,0,0,0
WBGene00047890.,0,2,2
WBGene00047891.,0,0,0
WBGene00047892.,0,0,0
WBGene00047893.,0,0,0
WBGene00047894.,0,2,2
WBGene00047895.,0,0,0
WBGene00047896.,0,0,0
WBGene00047897.,0,0,0
WBGene00047898.,0,0,0
WBGene00047899.,0,0,0
WBGene00047900.,0,0,0
WBGene00047901.,0,0,0
WBGene00047902.,0,0,0
WBGene00047903.,0,0,0
WBGene00047905.,0,0,0
WBGene00047906.,0,0,0
WBGene00047907.,0,7,7
WBGene00047908.,0,0,0
WBGene00047909.,0,0,0
WBGene00047910.,0,0,0
WBGene00047911.,0,0,0
WBGene00047912.,0,0,0
WBGene00047913.,0,0,0
WBGene00047914.,0,0,0
WBGene00047915.,0,0,0
WBGene00047916.,0,5,5
WBGene00047917.,0,6,6
WBGene00047918.,0,1,1
WBGene00047919.,0,1,1
WBGene00047920.,0,2,2
WBGene00047921.,0,0,0
WBGene00047922.,0,0,0
WBGene00047923.,0,0,0
WBGene00047924.,0,0,0
WBGene00047925.,0,0,0
WBGene00047926.,0,0,0
WBGene00047927.,0,3,3
WBGene00047928.,0,0,0
WBGene00047929.,0,0,0
WBGene00047930.,0,1,1
WBGene00047931.,0,6,6
WBGene00047932.,0,0,0
WBGene00047933.,0,0,0
WBGene00047934.,0,0,0
WBGene00047935.,0,0,0
WBGene00047936.,0,0,0
WBGene00047937.,0,0,0
WBGene00047938.,0,0,0
WBGene00047939.,0,0,0
WBGene00047940.,0,0,0
WBGene00047941.,0,0,0
WBGene00047942.,0,0,0
WBGene00047943.,0,0,0
WBGene00047944.,0,0,0
WBGene00047945.,0,0,0
WBGene00047946.,0,1,1
WBGene00047947.,0,0,0
WBGene00047948.,0,5,5
WBGene00047949.,0,0,0
WBGene00047950.,0,1,1
WBGene00047951.,0,0,0
WBGene00047952.,0,6,6
WBGene00047953.,0,6,6
WBGene00047954.,0,0,0
WBGene00047955.,0,1,1
WBGene00047956.,0,4,4
WBGene00047957.,0,0,0
WBGene00047958.,0,2,2
WBGene00047959.,0,0,0
WBGene00047960.,0,0,0
WBGene00047961.,0,1,1
WBGene00047962.,0,0,0
WBGene00047963.,0,1,1
WBGene00047964.,0,7,7
WBGene00047965.,0,0,0
WBGene00047966.,0,0,0
WBGene00047967.,0,3,3
WBGene00047968.,0,5,5
WBGene00047969.,0,2,2
WBGene00047970.,0,0,0
WBGene00047971.,0,0,0
WBGene00047972.,0,0,0
WBGene00047973.,0,2,2
WBGene00047974.,0,2,2
WBGene00047975.,0,5,5
WBGene00047976.,0,0,0
WBGene00047977.,0,0,0
WBGene00047978.,0,0,0
WBGene00047979.,0,0,0
WBGene00047980.,0,1,1
WBGene00047981.,0,1,1
WBGene00047982.,0,0,0
WBGene00047983.,0,1,1
WBGene00047984.,0,0,0
WBGene00047985.,0,0,0
WBGene00047986.,0,0,0
WBGene00047987.,0,0,0
WBGene00047988.,0,6,6
WBGene00047989.,0,0,0
WBGene00047990.,0,2,2
WBGene00047991.,0,1,1
WBGene00047992.,0,0,0
WBGene00047993.,0,0,0
WBGene00047994.,0,0,0
WBGene00047995.,0,3,3
WBGene00047996.,0,0,0
WBGene00047997.,0,0,0
WBGene00047998.,0,0,0
WBGene00047999.,0,0,0
WBGene00048000.,0,0,0
WBGene00048001.,0,0,0
WBGene00048002.,0,0,0
WBGene00048003.,0,4,4
WBGene00048004.,0,1,1
WBGene00048005.,0,0,0
WBGene00048006.,0,0,0
WBGene00048007.,0,2,2
WBGene00048008.,0,0,0
WBGene00048009.,0,4,4
WBGene00048010.,0,0,0
WBGene00048011.,0,0,0
WBGene00048012.,0,0,0
WBGene00048013.,0,0,0
WBGene00048014.,0,0,0
WBGene00048015.,0,0,0
WBGene00048016.,0,1,1
WBGene00048017.,0,0,0
WBGene00048018.,0,0,0
WBGene00048019.,0,0,0
WBGene00048020.,0,0,0
WBGene00048021.,0,4,4
WBGene00048022.,0,0,0
WBGene00048023.,0,0,0
WBGene00048024.,0,0,0
WBGene00048025.,0,13,13
WBGene00048026.,0,0,0
WBGene00048027.,0,1,1
WBGene00048028.,0,0,0
WBGene00048029.,0,0,0
WBGene00048030.,0,0,0
WBGene00048031.,0,0,0
WBGene00048032.,0,2,2
WBGene00048033.,0,4,4
WBGene00048034.,0,0,0
WBGene00048035.,0,0,0
WBGene00048036.,0,0,0
WBGene00048037.,0,0,0
WBGene00048038.,0,2,2
WBGene00048039.,0,2,2
WBGene00048040.,0,0,0
WBGene00048041.,0,0,0
WBGene00048042.,0,0,0
WBGene00048043.,0,0,0
WBGene00048044.,0,0,0
WBGene00048045.,0,0,0
WBGene00048046.,0,0,0
WBGene00048047.,0,0,0
WBGene00048048.,0,0,0
WBGene00048049.,0,0,0
WBGene00048050.,0,5,5
WBGene00048051.,0,0,0
WBGene00048052.,0,0,0
WBGene00048053.,0,0,0
WBGene00048054.,0,0,0
WBGene00048055.,0,0,0
WBGene00048056.,0,0,0
WBGene00048057.,0,3,3
WBGene00048058.,0,0,0
WBGene00048059.,0,0,0
WBGene00048060.,0,0,0
WBGene00048061.,0,1,1
WBGene00048062.,0,0,0
WBGene00048063.,0,0,0
WBGene00048064.,0,0,0
WBGene00048065.,0,3,3
WBGene00048066.,0,0,0
WBGene00048067.,0,0,0
WBGene00048068.,0,3,3
WBGene00048069.,0,1,1
WBGene00048070.,0,0,0
WBGene00048071.,0,0,0
WBGene00048072.,0,0,0
WBGene00048073.,0,0,0
WBGene00048074.,0,0,0
WBGene00048075.,0,0,0
WBGene00048076.,0,0,0
WBGene00048077.,0,0,0
WBGene00048078.,0,0,0
WBGene00048079.,0,1,1
WBGene00048080.,0,0,0
WBGene00048081.,0,0,0
WBGene00048082.,0,0,0
WBGene00048083.,0,0,0
WBGene00048084.,0,0,0
WBGene00048085.,0,0,0
WBGene00048086.,0,0,0
WBGene00048087.,0,0,0
WBGene00048088.,0,0,0
WBGene00048089.,0,0,0
WBGene00048090.,0,3,3
WBGene00048091.,0,0,0
WBGene00048092.,0,1,1
WBGene00048093.,0,0,0
WBGene00048094.,0,5,5
WBGene00048095.,0,0,0
WBGene00048096.,0,0,0
WBGene00048097.,0,6,6
WBGene00048098.,0,6,6
WBGene00048099.,0,1,1
WBGene00048100.,0,0,0
WBGene00048101.,0,0,0
WBGene00048102.,0,0,0
WBGene00048103.,0,0,0
WBGene00048104.,0,0,0
WBGene00048105.,0,1,1
WBGene00048106.,0,2,2
WBGene00048107.,0,0,0
WBGene00048108.,0,0,0
WBGene00048109.,0,0,0
WBGene00048110.,0,0,0
WBGene00048111.,0,0,0
WBGene00048112.,0,0,0
WBGene00048113.,0,0,0
WBGene00048114.,0,0,0
WBGene00048115.,0,0,0
WBGene00048116.,0,0,0
WBGene00048117.,0,4,4
WBGene00048118.,0,0,0
WBGene00048119.,0,0,0
WBGene00048120.,0,2,2
WBGene00048121.,0,0,0
WBGene00048122.,0,0,0
WBGene00048123.,0,2,2
WBGene00048124.,0,3,3
WBGene00048125.,0,0,0
WBGene00048126.,0,0,0
WBGene00048127.,0,0,0
WBGene00048128.,0,9,9
WBGene00048129.,0,0,0
WBGene00048130.,0,0,0
WBGene00048131.,0,1,1
WBGene00048132.,0,0,0
WBGene00048133.,0,1,1
WBGene00048134.,0,1,1
WBGene00048135.,0,0,0
WBGene00048136.,0,0,0
WBGene00048137.,0,0,0
WBGene00048138.,0,0,0
WBGene00048139.,0,3,3
WBGene00048140.,0,0,0
WBGene00048141.,0,6,6
WBGene00048142.,0,0,0
WBGene00048143.,0,0,0
WBGene00048144.,0,0,0
WBGene00048145.,0,0,0
WBGene00048146.,0,0,0
WBGene00048147.,0,4,4
WBGene00048148.,0,1,1
WBGene00048149.,0,0,0
WBGene00048150.,0,0,0
WBGene00048151.,0,0,0
WBGene00048152.,0,11,11
WBGene00048153.,0,0,0
WBGene00048154.,0,9,9
WBGene00048155.,0,0,0
WBGene00048156.,0,1,1
WBGene00048157.,0,0,0
WBGene00048158.,0,0,0
WBGene00048159.,0,0,0
WBGene00048160.,0,0,0
WBGene00048161.,0,0,0
WBGene00048162.,0,0,0
WBGene00048163.,0,2,2
WBGene00048164.,0,0,0
WBGene00048165.,0,0,0
WBGene00048166.,0,0,0
WBGene00048167.,0,0,0
WBGene00048168.,0,0,0
WBGene00048169.,0,11,11
WBGene00048170.,0,0,0
WBGene00048171.,0,2,2
WBGene00048172.,0,0,0
WBGene00048173.,0,0,0
WBGene00048174.,0,0,0
WBGene00048175.,0,0,0
WBGene00048176.,0,0,0
WBGene00048177.,0,0,0
WBGene00048178.,0,0,0
WBGene00048179.,0,0,0
WBGene00048180.,0,0,0
WBGene00048181.,0,0,0
WBGene00048182.,0,3,3
WBGene00048183.,0,0,0
WBGene00048184.,0,0,0
WBGene00048185.,0,2,2
WBGene00048186.,0,0,0
WBGene00048187.,0,0,0
WBGene00048188.,0,0,0
WBGene00048189.,0,0,0
WBGene00048190.,0,6,6
WBGene00048191.,0,6,6
WBGene00048192.,0,2,2
WBGene00048193.,0,3,3
WBGene00048194.,0,0,0
WBGene00048195.,0,1,1
WBGene00048196.,0,1,1
WBGene00048197.,0,0,0
WBGene00048198.,0,3,3
WBGene00048199.,0,0,0
WBGene00048200.,0,7,7
WBGene00048201.,0,0,0
WBGene00048202.,0,2,2
WBGene00048203.,0,0,0
WBGene00048204.,0,0,0
WBGene00048205.,0,0,0
WBGene00048206.,0,0,0
WBGene00048207.,0,7,7
WBGene00048208.,0,0,0
WBGene00048209.,0,1,1
WBGene00048210.,0,1,1
WBGene00048211.,0,0,0
WBGene00048212.,0,0,0
WBGene00048213.,0,0,0
WBGene00048214.,0,1,1
WBGene00048215.,0,0,0
WBGene00048216.,0,0,0
WBGene00048217.,0,0,0
WBGene00048218.,0,6,6
WBGene00048219.,0,0,0
WBGene00048220.,0,0,0
WBGene00048221.,0,4,4
WBGene00048222.,0,0,0
WBGene00048223.,0,3,3
WBGene00048224.,0,0,0
WBGene00048225.,0,0,0
WBGene00048226.,0,2,2
WBGene00048227.,0,0,0
WBGene00048228.,0,4,4
WBGene00048229.,0,0,0
WBGene00048230.,0,0,0
WBGene00048231.,0,1,1
WBGene00048232.,0,0,0
WBGene00048233.,0,0,0
WBGene00048234.,0,0,0
WBGene00048235.,0,0,0
WBGene00048236.,0,0,0
WBGene00048237.,0,0,0
WBGene00048238.,0,0,0
WBGene00048239.,0,0,0
WBGene00048240.,0,1,1
WBGene00048241.,0,0,0
WBGene00048242.,0,0,0
WBGene00048243.,0,0,0
WBGene00048244.,0,0,0
WBGene00048245.,0,1,1
WBGene00048246.,0,3,3
WBGene00048247.,0,1,1
WBGene00048248.,0,3,3
WBGene00048249.,0,0,0
WBGene00048250.,0,0,0
WBGene00048251.,0,0,0
WBGene00048252.,0,1,1
WBGene00048253.,0,2,2
WBGene00048254.,0,1,1
WBGene00048255.,0,4,4
WBGene00048256.,0,0,0
WBGene00048257.,0,0,0
WBGene00048258.,0,0,0
WBGene00048259.,0,0,0
WBGene00048260.,0,0,0
WBGene00048261.,0,0,0
WBGene00048262.,0,0,0
WBGene00048263.,0,0,0
WBGene00048264.,0,1,1
WBGene00048265.,0,0,0
WBGene00048266.,0,1,1
WBGene00048267.,0,0,0
WBGene00048268.,0,2,2
WBGene00048269.,0,5,5
WBGene00048270.,0,0,0
WBGene00048271.,0,1,1
WBGene00048272.,0,0,0
WBGene00048273.,0,3,3
WBGene00048274.,0,1,1
WBGene00048275.,0,0,0
WBGene00048276.,0,0,0
WBGene00048277.,0,4,4
WBGene00048278.,0,0,0
WBGene00048279.,0,0,0
WBGene00048280.,0,0,0
WBGene00048281.,0,0,0
WBGene00048282.,0,0,0
WBGene00048283.,0,0,0
WBGene00048284.,0,0,0
WBGene00048285.,0,0,0
WBGene00048286.,0,0,0
WBGene00048287.,0,0,0
WBGene00048288.,0,1,1
WBGene00048289.,0,0,0
WBGene00048290.,0,0,0
WBGene00048291.,0,0,0
WBGene00048292.,0,1,1
WBGene00048293.,0,1,1
WBGene00048294.,0,3,3
WBGene00048295.,0,10,10
WBGene00048296.,0,3,3
WBGene00048297.,0,0,0
WBGene00048298.,0,0,0
WBGene00048299.,0,1,1
WBGene00048300.,0,0,0
WBGene00048301.,0,0,0
WBGene00048302.,0,2,2
WBGene00048303.,0,0,0
WBGene00048304.,0,13,13
WBGene00048305.,0,6,6
WBGene00048306.,0,0,0
WBGene00048307.,0,2,2
WBGene00048308.,0,0,0
WBGene00048309.,0,0,0
WBGene00048310.,0,0,0
WBGene00048311.,0,0,0
WBGene00048312.,0,0,0
WBGene00048313.,0,6,6
WBGene00048314.,0,2,2
WBGene00048315.,0,0,0
WBGene00048316.,0,0,0
WBGene00048317.,0,1,1
WBGene00048318.,0,0,0
WBGene00048319.,0,0,0
WBGene00048320.,0,0,0
WBGene00048321.,0,0,0
WBGene00048322.,0,1,1
WBGene00048323.,0,0,0
WBGene00048324.,0,9,9
WBGene00048325.,0,0,0
WBGene00048326.,0,0,0
WBGene00048327.,0,0,0
WBGene00048328.,0,2,2
WBGene00048329.,0,0,0
WBGene00048330.,0,0,0
WBGene00048331.,0,0,0
WBGene00048332.,0,0,0
WBGene00048333.,0,0,0
WBGene00048334.,0,3,3
WBGene00048335.,0,0,0
WBGene00048336.,0,2,2
WBGene00048337.,0,0,0
WBGene00048338.,0,3,3
WBGene00048339.,0,0,0
WBGene00048340.,0,0,0
WBGene00048341.,0,2,2
WBGene00048342.,0,0,0
WBGene00048343.,0,0,0
WBGene00048344.,0,0,0
WBGene00048345.,0,6,6
WBGene00048346.,0,0,0
WBGene00048347.,0,0,0
WBGene00048348.,0,1,1
WBGene00048349.,0,0,0
WBGene00048350.,0,0,0
WBGene00048351.,0,0,0
WBGene00048352.,0,0,0
WBGene00048353.,0,0,0
WBGene00048354.,0,5,5
WBGene00048355.,0,2,2
WBGene00048356.,0,0,0
WBGene00048357.,0,0,0
WBGene00048358.,0,0,0
WBGene00048359.,0,0,0
WBGene00048360.,0,1,1
WBGene00048361.,0,2,2
WBGene00048362.,0,2,2
WBGene00048363.,0,0,0
WBGene00048364.,0,0,0
WBGene00048365.,0,0,0
WBGene00048366.,0,7,7
WBGene00048367.,0,0,0
WBGene00048368.,0,1,1
WBGene00048369.,0,4,4
WBGene00048370.,0,0,0
WBGene00048371.,0,0,0
WBGene00048372.,0,0,0
WBGene00048373.,0,0,0
WBGene00048374.,0,2,2
WBGene00048375.,0,12,12
WBGene00048376.,0,0,0
WBGene00048377.,0,0,0
WBGene00048378.,0,0,0
WBGene00048379.,0,0,0
WBGene00048380.,0,0,0
WBGene00048381.,0,8,8
WBGene00048382.,0,1,1
WBGene00048383.,0,0,0
WBGene00048384.,0,0,0
WBGene00048385.,0,1,1
WBGene00048386.,0,2,2
WBGene00048387.,0,0,0
WBGene00048388.,0,0,0
WBGene00048389.,0,0,0
WBGene00048390.,0,0,0
WBGene00048391.,0,0,0
WBGene00048392.,0,0,0
WBGene00048393.,0,0,0
WBGene00048394.,0,0,0
WBGene00048395.,0,0,0
WBGene00048396.,0,0,0
WBGene00048397.,0,0,0
WBGene00048398.,0,2,2
WBGene00048399.,0,0,0
WBGene00048400.,0,0,0
WBGene00048401.,0,3,3
WBGene00048402.,0,2,2
WBGene00048403.,0,0,0
WBGene00048404.,0,0,0
WBGene00048405.,0,3,3
WBGene00048406.,0,2,2
WBGene00048407.,0,0,0
WBGene00048408.,0,0,0
WBGene00048409.,0,1,1
WBGene00048410.,0,0,0
WBGene00048411.,0,0,0
WBGene00048412.,0,3,3
WBGene00048413.,0,0,0
WBGene00048414.,0,0,0
WBGene00048415.,0,0,0
WBGene00048416.,0,0,0
WBGene00048417.,0,1,1
WBGene00048418.,0,15,15
WBGene00048419.,0,0,0
WBGene00048420.,0,1,1
WBGene00048421.,0,2,2
WBGene00048422.,0,0,0
WBGene00048423.,0,0,0
WBGene00048424.,0,0,0
WBGene00048425.,0,0,0
WBGene00048426.,0,1,1
WBGene00048427.,0,4,4
WBGene00048428.,0,8,8
WBGene00048429.,0,0,0
WBGene00048430.,0,1,1
WBGene00048431.,0,0,0
WBGene00048432.,0,0,0
WBGene00048433.,0,0,0
WBGene00048434.,0,0,0
WBGene00048435.,0,1,1
WBGene00048436.,0,3,3
WBGene00048437.,0,0,0
WBGene00048438.,0,0,0
WBGene00048439.,0,0,0
WBGene00048440.,0,3,3
WBGene00048441.,0,0,0
WBGene00048442.,0,0,0
WBGene00048443.,0,0,0
WBGene00048444.,0,0,0
WBGene00048445.,0,0,0
WBGene00048446.,0,0,0
WBGene00048447.,0,0,0
WBGene00048448.,0,0,0
WBGene00048449.,0,3,3
WBGene00048450.,0,5,5
WBGene00048451.,0,0,0
WBGene00048452.,0,1,1
WBGene00048453.,0,0,0
WBGene00048454.,0,0,0
WBGene00048455.,0,4,4
WBGene00048456.,0,0,0
WBGene00048457.,0,0,0
WBGene00048458.,0,0,0
WBGene00048459.,0,0,0
WBGene00048460.,0,0,0
WBGene00048461.,0,1,1
WBGene00048462.,0,0,0
WBGene00048463.,0,3,3
WBGene00048464.,0,0,0
WBGene00048465.,0,0,0
WBGene00048466.,0,0,0
WBGene00048467.,0,0,0
WBGene00048468.,0,0,0
WBGene00048469.,0,0,0
WBGene00048470.,0,2,2
WBGene00048471.,0,0,0
WBGene00048472.,0,0,0
WBGene00048473.,0,0,0
WBGene00048474.,0,0,0
WBGene00048475.,0,1,1
WBGene00048476.,0,0,0
WBGene00048477.,0,0,0
WBGene00048478.,0,3,3
WBGene00048479.,0,0,0
WBGene00048480.,0,0,0
WBGene00048481.,0,0,0
WBGene00048482.,0,0,0
WBGene00048483.,0,4,4
WBGene00048484.,0,2,2
WBGene00048485.,0,0,0
WBGene00048486.,0,0,0
WBGene00048487.,0,0,0
WBGene00048488.,0,1,1
WBGene00048489.,0,6,6
WBGene00048490.,0,0,0
WBGene00048491.,0,0,0
WBGene00048492.,0,0,0
WBGene00048493.,0,0,0
WBGene00048494.,0,9,9
WBGene00048495.,0,1,1
WBGene00048496.,0,4,4
WBGene00048497.,0,2,2
WBGene00048498.,0,6,6
WBGene00048499.,0,0,0
WBGene00048500.,0,4,4
WBGene00048501.,0,0,0
WBGene00048502.,0,0,0
WBGene00048503.,0,0,0
WBGene00048504.,0,1,1
WBGene00048505.,0,0,0
WBGene00048506.,0,2,2
WBGene00048507.,0,0,0
WBGene00048508.,0,4,4
WBGene00048509.,0,3,3
WBGene00048510.,0,0,0
WBGene00048511.,0,3,3
WBGene00048512.,0,0,0
WBGene00048513.,0,2,2
WBGene00048514.,0,0,0
WBGene00048515.,0,0,0
WBGene00048516.,0,0,0
WBGene00048517.,0,0,0
WBGene00048518.,0,7,7
WBGene00048519.,0,0,0
WBGene00048520.,0,0,0
WBGene00048521.,0,0,0
WBGene00048522.,0,0,0
WBGene00048523.,0,0,0
WBGene00048524.,0,0,0
WBGene00048525.,0,8,8
WBGene00048526.,0,0,0
WBGene00048527.,0,0,0
WBGene00048528.,0,0,0
WBGene00048529.,0,0,0
WBGene00048530.,0,10,10
WBGene00048531.,0,0,0
WBGene00048532.,0,1,1
WBGene00048533.,0,0,0
WBGene00048534.,0,0,0
WBGene00048535.,0,0,0
WBGene00048536.,0,0,0
WBGene00048537.,0,0,0
WBGene00048538.,0,1,1
WBGene00048539.,0,2,2
WBGene00048540.,0,0,0
WBGene00048541.,0,0,0
WBGene00048542.,0,0,0
WBGene00048543.,0,0,0
WBGene00048544.,0,7,7
WBGene00048545.,0,1,1
WBGene00048546.,0,4,4
WBGene00048547.,0,0,0
WBGene00048548.,0,0,0
WBGene00048549.,0,0,0
WBGene00048550.,0,10,10
WBGene00048551.,0,3,3
WBGene00048552.,0,5,5
WBGene00048553.,0,0,0
WBGene00048554.,0,0,0
WBGene00048555.,0,2,2
WBGene00048556.,0,0,0
WBGene00048557.,0,0,0
WBGene00048558.,0,1,1
WBGene00048559.,0,2,2
WBGene00048560.,0,0,0
WBGene00048561.,0,4,4
WBGene00048562.,0,0,0
WBGene00048563.,0,0,0
WBGene00048564.,0,5,5
WBGene00048565.,0,2,2
WBGene00048566.,0,0,0
WBGene00048567.,0,0,0
WBGene00048568.,0,0,0
WBGene00048569.,0,3,3
WBGene00048570.,0,9,9
WBGene00048571.,0,0,0
WBGene00048572.,0,2,2
WBGene00048573.,0,3,3
WBGene00048574.,0,0,0
WBGene00048575.,0,1,1
WBGene00048576.,0,0,0
WBGene00048577.,0,0,0
WBGene00048578.,0,0,0
WBGene00048579.,0,0,0
WBGene00048580.,0,0,0
WBGene00048581.,0,0,0
WBGene00048582.,0,0,0
WBGene00048583.,0,10,10
WBGene00048584.,0,0,0
WBGene00048585.,0,1,1
WBGene00048586.,0,0,0
WBGene00048587.,0,0,0
WBGene00048588.,0,0,0
WBGene00048589.,0,0,0
WBGene00048590.,0,0,0
WBGene00048591.,0,5,5
WBGene00048592.,0,0,0
WBGene00048593.,0,3,3
WBGene00048594.,0,5,5
WBGene00048595.,0,6,6
WBGene00048596.,0,2,2
WBGene00048597.,0,0,0
WBGene00048598.,0,2,2
WBGene00048599.,0,0,0
WBGene00048600.,0,0,0
WBGene00048601.,0,2,2
WBGene00048602.,0,2,2
WBGene00048603.,0,13,13
WBGene00048604.,0,0,0
WBGene00048605.,0,10,10
WBGene00048606.,0,0,0
WBGene00048607.,0,0,0
WBGene00048608.,0,0,0
WBGene00048609.,0,2,2
WBGene00048610.,0,0,0
WBGene00048611.,0,0,0
WBGene00048612.,0,0,0
WBGene00048613.,0,1,1
WBGene00048614.,0,1,1
WBGene00048615.,0,0,0
WBGene00048616.,0,0,0
WBGene00048617.,0,0,0
WBGene00048618.,0,1,1
WBGene00048619.,0,2,2
WBGene00048620.,0,0,0
WBGene00048621.,0,0,0
WBGene00048622.,0,1,1
WBGene00048623.,0,0,0
WBGene00048624.,0,0,0
WBGene00048625.,0,0,0
WBGene00048626.,0,1,1
WBGene00048627.,0,0,0
WBGene00048628.,0,0,0
WBGene00048629.,0,0,0
WBGene00048630.,0,0,0
WBGene00048631.,0,2,2
WBGene00048632.,0,0,0
WBGene00048633.,0,0,0
WBGene00048634.,0,0,0
WBGene00048635.,0,0,0
WBGene00048636.,0,0,0
WBGene00048637.,0,3,3
WBGene00048638.,0,0,0
WBGene00048639.,0,0,0
WBGene00048640.,0,0,0
WBGene00048641.,0,0,0
WBGene00048642.,0,0,0
WBGene00048643.,0,0,0
WBGene00048644.,0,0,0
WBGene00048645.,0,0,0
WBGene00048646.,0,0,0
WBGene00048647.,0,4,4
WBGene00048648.,0,0,0
WBGene00048649.,0,1,1
WBGene00048650.,0,0,0
WBGene00048651.,0,9,9
WBGene00048652.,0,0,0
WBGene00048653.,0,0,0
WBGene00048654.,0,1,1
WBGene00048655.,0,0,0
WBGene00048656.,0,1,1
WBGene00048657.,0,0,0
WBGene00048658.,0,0,0
WBGene00048659.,0,0,0
WBGene00048660.,0,2,2
WBGene00048661.,0,0,0
WBGene00048662.,0,0,0
WBGene00048663.,0,0,0
WBGene00048664.,0,0,0
WBGene00048665.,0,0,0
WBGene00048666.,0,0,0
WBGene00048667.,0,0,0
WBGene00048668.,0,0,0
WBGene00048669.,0,5,5
WBGene00048670.,0,0,0
WBGene00048671.,0,0,0
WBGene00048672.,0,0,0
WBGene00048673.,0,0,0
WBGene00048674.,0,1,1
WBGene00048675.,0,1,1
WBGene00048676.,0,0,0
WBGene00048677.,0,0,0
WBGene00048678.,0,0,0
WBGene00048679.,0,0,0
WBGene00048680.,0,0,0
WBGene00048681.,0,0,0
WBGene00048682.,0,0,0
WBGene00048683.,0,0,0
WBGene00048684.,0,1,1
WBGene00048685.,0,0,0
WBGene00048686.,0,7,7
WBGene00048687.,0,0,0
WBGene00048688.,0,0,0
WBGene00048689.,0,4,4
WBGene00048690.,0,8,8
WBGene00048691.,0,0,0
WBGene00048692.,0,0,0
WBGene00048693.,0,0,0
WBGene00048694.,0,18,18
WBGene00048695.,0,0,0
WBGene00048696.,0,0,0
WBGene00048697.,0,3,3
WBGene00048698.,0,0,0
WBGene00048699.,0,0,0
WBGene00048700.,0,0,0
WBGene00048701.,0,0,0
WBGene00048702.,0,1,1
WBGene00048703.,0,0,0
WBGene00048704.,0,0,0
WBGene00048705.,0,0,0
WBGene00048706.,0,0,0
WBGene00048707.,0,0,0
WBGene00048708.,0,0,0
WBGene00048709.,0,2,2
WBGene00048710.,0,0,0
WBGene00048711.,0,0,0
WBGene00048712.,0,0,0
WBGene00048713.,0,0,0
WBGene00048714.,0,0,0
WBGene00048715.,0,0,0
WBGene00048716.,0,0,0
WBGene00048717.,0,3,3
WBGene00048718.,0,0,0
WBGene00048719.,0,10,10
WBGene00048720.,0,28,28
WBGene00048721.,0,0,0
WBGene00048722.,0,2,2
WBGene00048723.,0,0,0
WBGene00048724.,0,1,1
WBGene00048725.,0,4,4
WBGene00048726.,0,0,0
WBGene00048727.,0,7,7
WBGene00048728.,0,0,0
WBGene00048729.,0,0,0
WBGene00048730.,0,2,2
WBGene00048731.,0,0,0
WBGene00048732.,0,7,7
WBGene00048733.,0,0,0
WBGene00048734.,0,3,3
WBGene00048735.,0,2,2
WBGene00048736.,0,10,10
WBGene00048737.,0,0,0
WBGene00048738.,0,0,0
WBGene00048739.,0,0,0
WBGene00048740.,0,2,2
WBGene00048741.,0,0,0
WBGene00048742.,0,0,0
WBGene00048743.,0,6,6
WBGene00048744.,0,0,0
WBGene00048745.,0,3,3
WBGene00048746.,0,0,0
WBGene00048747.,0,0,0
WBGene00048748.,0,3,3
WBGene00048749.,0,10,10
WBGene00048750.,0,0,0
WBGene00048751.,0,0,0
WBGene00048752.,0,0,0
WBGene00048753.,0,0,0
WBGene00048754.,0,0,0
WBGene00048755.,0,1,1
WBGene00048756.,0,4,4
WBGene00048757.,0,0,0
WBGene00048758.,0,0,0
WBGene00048759.,0,0,0
WBGene00048760.,0,0,0
WBGene00048761.,0,0,0
WBGene00048762.,0,0,0
WBGene00048763.,0,0,0
WBGene00048764.,0,0,0
WBGene00048765.,0,0,0
WBGene00048766.,0,0,0
WBGene00048767.,0,1,1
WBGene00048768.,0,4,4
WBGene00048769.,0,8,8
WBGene00048770.,0,0,0
WBGene00048771.,0,2,2
WBGene00048772.,0,0,0
WBGene00048773.,0,5,5
WBGene00048774.,0,2,2
WBGene00048775.,0,0,0
WBGene00048776.,0,0,0
WBGene00048777.,0,0,0
WBGene00048778.,0,0,0
WBGene00048779.,0,0,0
WBGene00048780.,0,0,0
WBGene00048781.,0,0,0
WBGene00048782.,0,0,0
WBGene00048783.,0,4,4
WBGene00048784.,0,0,0
WBGene00048785.,0,1,1
WBGene00048786.,0,0,0
WBGene00048787.,0,0,0
WBGene00048788.,0,1,1
WBGene00048789.,0,0,0
WBGene00048790.,0,0,0
WBGene00048791.,0,0,0
WBGene00048792.,0,0,0
WBGene00048793.,0,0,0
WBGene00048794.,0,0,0
WBGene00048795.,0,0,0
WBGene00048796.,0,0,0
WBGene00048797.,0,0,0
WBGene00048798.,0,0,0
WBGene00048799.,0,0,0
WBGene00048800.,0,0,0
WBGene00048801.,0,0,0
WBGene00048802.,0,8,8
WBGene00048803.,0,0,0
WBGene00048804.,0,0,0
WBGene00048805.,0,0,0
WBGene00048806.,0,2,2
WBGene00048807.,0,0,0
WBGene00048808.,0,0,0
WBGene00048809.,0,2,2
WBGene00048810.,0,3,3
WBGene00048811.,0,0,0
WBGene00048812.,0,0,0
WBGene00048813.,0,0,0
WBGene00048814.,0,2,2
WBGene00048815.,0,0,0
WBGene00048816.,0,0,0
WBGene00048817.,0,2,2
WBGene00048819.,0,1,1
WBGene00048820.,0,6,6
WBGene00048821.,0,0,0
WBGene00048822.,0,3,3
WBGene00048823.,0,3,3
WBGene00048824.,0,0,0
WBGene00048825.,0,0,0
WBGene00048826.,0,0,0
WBGene00048827.,0,15,15
WBGene00048828.,0,0,0
WBGene00048829.,0,0,0
WBGene00048830.,0,0,0
WBGene00048831.,0,0,0
WBGene00048832.,0,0,0
WBGene00048833.,0,0,0
WBGene00048834.,0,1,1
WBGene00048835.,0,8,8
WBGene00048836.,0,6,6
WBGene00048837.,0,0,0
WBGene00048838.,0,1,1
WBGene00048839.,0,2,2
WBGene00048840.,0,0,0
WBGene00048841.,0,1,1
WBGene00048842.,0,0,0
WBGene00048843.,0,0,0
WBGene00048844.,0,0,0
WBGene00048845.,0,0,0
WBGene00048846.,0,0,0
WBGene00048847.,0,5,5
WBGene00048848.,0,1,1
WBGene00048849.,0,0,0
WBGene00048850.,0,0,0
WBGene00048851.,0,0,0
WBGene00048852.,0,2,2
WBGene00048853.,0,0,0
WBGene00048854.,0,0,0
WBGene00048855.,0,0,0
WBGene00048856.,0,0,0
WBGene00048857.,0,0,0
WBGene00048858.,0,0,0
WBGene00048859.,0,0,0
WBGene00048860.,0,0,0
WBGene00048861.,0,10,10
WBGene00048862.,0,0,0
WBGene00048863.,0,0,0
WBGene00048864.,0,0,0
WBGene00048865.,0,0,0
WBGene00048866.,0,0,0
WBGene00048867.,0,1,1
WBGene00048868.,0,0,0
WBGene00048869.,0,0,0
WBGene00048870.,0,2,2
WBGene00048871.,0,0,0
WBGene00048872.,0,3,3
WBGene00048873.,0,0,0
WBGene00048874.,0,0,0
WBGene00048875.,0,0,0
WBGene00048876.,0,0,0
WBGene00048877.,0,1,1
WBGene00048878.,0,0,0
WBGene00048879.,0,0,0
WBGene00048880.,0,0,0
WBGene00048881.,0,5,5
WBGene00048882.,0,0,0
WBGene00048883.,0,0,0
WBGene00048884.,0,0,0
WBGene00048885.,0,5,5
WBGene00048886.,0,3,3
WBGene00048887.,0,5,5
WBGene00048888.,0,0,0
WBGene00048889.,0,3,3
WBGene00048890.,0,3,3
WBGene00048891.,0,4,4
WBGene00048892.,0,0,0
WBGene00048893.,0,0,0
WBGene00048894.,0,0,0
WBGene00048895.,0,0,0
WBGene00048896.,0,0,0
WBGene00048897.,0,9,9
WBGene00048898.,0,1,1
WBGene00048899.,0,0,0
WBGene00048900.,0,0,0
WBGene00048901.,0,0,0
WBGene00048902.,0,0,0
WBGene00048903.,0,0,0
WBGene00048904.,0,2,2
WBGene00048905.,0,4,4
WBGene00048906.,0,0,0
WBGene00048907.,0,7,7
WBGene00048908.,0,0,0
WBGene00048909.,0,1,1
WBGene00048910.,0,0,0
WBGene00048911.,0,0,0
WBGene00048912.,0,0,0
WBGene00048913.,0,0,0
WBGene00048914.,0,0,0
WBGene00048915.,0,0,0
WBGene00048916.,0,0,0
WBGene00048917.,0,0,0
WBGene00048918.,0,0,0
WBGene00048919.,0,0,0
WBGene00048920.,0,1,1
WBGene00048921.,0,0,0
WBGene00048922.,0,2,2
WBGene00048923.,0,0,0
WBGene00048924.,0,6,6
WBGene00048925.,0,0,0
WBGene00048926.,0,0,0
WBGene00048927.,0,0,0
WBGene00048928.,0,0,0
WBGene00048929.,0,0,0
WBGene00048930.,0,0,0
WBGene00048931.,0,0,0
WBGene00048932.,0,1,1
WBGene00048933.,0,0,0
WBGene00048934.,0,0,0
WBGene00048935.,0,0,0
WBGene00048936.,0,0,0
WBGene00048937.,0,4,4
WBGene00048938.,0,10,10
WBGene00048939.,0,7,7
WBGene00048940.,0,0,0
WBGene00048941.,0,1,1
WBGene00048942.,0,0,0
WBGene00048943.,0,1,1
WBGene00048944.,0,11,11
WBGene00048945.,0,5,5
WBGene00048946.,0,0,0
WBGene00048947.,0,0,0
WBGene00048948.,0,0,0
WBGene00048949.,0,1,1
WBGene00048950.,0,0,0
WBGene00048951.,0,0,0
WBGene00048952.,0,0,0
WBGene00048953.,0,0,0
WBGene00048954.,0,1,1
WBGene00048955.,0,1,1
WBGene00048956.,0,0,0
WBGene00048957.,0,0,0
WBGene00048958.,0,2,2
WBGene00048959.,0,0,0
WBGene00048960.,0,0,0
WBGene00048961.,0,0,0
WBGene00048962.,0,0,0
WBGene00048963.,0,0,0
WBGene00048964.,0,0,0
WBGene00048965.,0,0,0
WBGene00048966.,0,0,0
WBGene00048967.,0,0,0
WBGene00048968.,0,0,0
WBGene00048969.,0,2,2
WBGene00048970.,0,2,2
WBGene00048971.,0,1,1
WBGene00048972.,0,0,0
WBGene00048973.,0,0,0
WBGene00048974.,0,6,6
WBGene00048975.,0,0,0
WBGene00048976.,0,3,3
WBGene00048977.,0,0,0
WBGene00048978.,0,0,0
WBGene00048979.,0,0,0
WBGene00048980.,0,0,0
WBGene00048981.,0,0,0
WBGene00048982.,0,0,0
WBGene00048983.,0,4,4
WBGene00048984.,0,0,0
WBGene00048985.,0,0,0
WBGene00048986.,0,1,1
WBGene00048987.,0,0,0
WBGene00048988.,0,0,0
WBGene00048989.,0,0,0
WBGene00048990.,0,3,3
WBGene00048991.,0,0,0
WBGene00048992.,0,0,0
WBGene00048993.,0,0,0
WBGene00048994.,0,1,1
WBGene00048995.,0,6,6
WBGene00048996.,0,0,0
WBGene00048997.,0,2,2
WBGene00048998.,0,0,0
WBGene00048999.,0,2,2
WBGene00049000.,0,0,0
WBGene00049001.,0,0,0
WBGene00049002.,0,0,0
WBGene00049003.,0,0,0
WBGene00049004.,0,21,21
WBGene00049005.,0,0,0
WBGene00049006.,0,2,2
WBGene00049007.,0,0,0
WBGene00049008.,0,0,0
WBGene00049009.,0,0,0
WBGene00049010.,0,0,0
WBGene00049011.,0,4,4
WBGene00049012.,0,0,0
WBGene00049013.,0,1,1
WBGene00049014.,0,0,0
WBGene00049015.,0,0,0
WBGene00049016.,0,0,0
WBGene00049017.,0,0,0
WBGene00049018.,0,0,0
WBGene00049019.,0,0,0
WBGene00049020.,0,0,0
WBGene00049021.,0,0,0
WBGene00049022.,0,0,0
WBGene00049023.,0,0,0
WBGene00049024.,0,2,2
WBGene00049025.,0,0,0
WBGene00049026.,0,0,0
WBGene00049027.,0,0,0
WBGene00049028.,0,0,0
WBGene00049029.,0,0,0
WBGene00049030.,0,3,3
WBGene00049031.,0,2,2
WBGene00049032.,0,0,0
WBGene00049033.,0,6,6
WBGene00049034.,0,0,0
WBGene00049035.,0,0,0
WBGene00049036.,0,0,0
WBGene00049037.,0,0,0
WBGene00049038.,0,0,0
WBGene00049039.,0,1,1
WBGene00049040.,0,6,6
WBGene00049041.,0,1,1
WBGene00049042.,0,0,0
WBGene00049043.,0,0,0
WBGene00049044.,0,3,3
WBGene00049045.,0,0,0
WBGene00049046.,0,4,4
WBGene00049047.,0,1,1
WBGene00049048.,0,0,0
WBGene00049049.,0,1,1
WBGene00049050.,0,0,0
WBGene00049051.,0,0,0
WBGene00049052.,0,0,0
WBGene00049053.,0,0,0
WBGene00049054.,0,0,0
WBGene00049055.,0,2,2
WBGene00049056.,0,0,0
WBGene00049057.,0,0,0
WBGene00049058.,0,0,0
WBGene00049059.,0,0,0
WBGene00049060.,0,0,0
WBGene00049061.,0,0,0
WBGene00049062.,0,0,0
WBGene00049063.,0,0,0
WBGene00049064.,0,0,0
WBGene00049065.,0,1,1
WBGene00049066.,0,2,2
WBGene00049067.,0,0,0
WBGene00049068.,0,2,2
WBGene00049069.,0,1,1
WBGene00049070.,0,0,0
WBGene00049071.,0,0,0
WBGene00049072.,0,0,0
WBGene00049073.,0,0,0
WBGene00049074.,0,2,2
WBGene00049075.,0,1,1
WBGene00049076.,0,0,0
WBGene00049077.,0,0,0
WBGene00049078.,0,0,0
WBGene00049079.,0,3,3
WBGene00049080.,0,0,0
WBGene00049081.,0,3,3
WBGene00049082.,0,3,3
WBGene00049083.,0,0,0
WBGene00049084.,0,0,0
WBGene00049085.,0,1,1
WBGene00049086.,0,5,5
WBGene00049087.,0,2,2
WBGene00049088.,0,5,5
WBGene00049089.,0,0,0
WBGene00049090.,0,6,6
WBGene00049091.,0,0,0
WBGene00049092.,0,6,6
WBGene00049093.,0,0,0
WBGene00049094.,0,1,1
WBGene00049095.,0,0,0
WBGene00049096.,0,0,0
WBGene00049097.,0,0,0
WBGene00049098.,0,2,2
WBGene00049099.,0,0,0
WBGene00049100.,0,0,0
WBGene00049101.,0,0,0
WBGene00049102.,0,1,1
WBGene00049103.,0,0,0
WBGene00049104.,0,1,1
WBGene00049105.,0,0,0
WBGene00049106.,0,0,0
WBGene00049107.,0,0,0
WBGene00049108.,0,0,0
WBGene00049109.,0,0,0
WBGene00049110.,0,3,3
WBGene00049111.,0,0,0
WBGene00049112.,0,0,0
WBGene00049113.,0,2,2
WBGene00049114.,0,1,1
WBGene00049115.,0,0,0
WBGene00049116.,0,0,0
WBGene00049117.,0,0,0
WBGene00049118.,0,4,4
WBGene00049119.,0,0,0
WBGene00049120.,0,0,0
WBGene00049121.,0,3,3
WBGene00049122.,0,0,0
WBGene00049123.,0,0,0
WBGene00049124.,0,0,0
WBGene00049125.,0,0,0
WBGene00049126.,0,0,0
WBGene00049127.,0,0,0
WBGene00049128.,0,0,0
WBGene00049129.,0,0,0
WBGene00049130.,0,0,0
WBGene00049131.,0,0,0
WBGene00049132.,0,0,0
WBGene00049133.,0,1,1
WBGene00049134.,0,2,2
WBGene00049135.,0,2,2
WBGene00049136.,0,3,3
WBGene00049137.,0,0,0
WBGene00049138.,0,0,0
WBGene00049139.,0,0,0
WBGene00049140.,0,0,0
WBGene00049141.,0,0,0
WBGene00049142.,0,0,0
WBGene00049143.,0,0,0
WBGene00049144.,0,0,0
WBGene00049145.,0,0,0
WBGene00049146.,0,0,0
WBGene00049147.,0,0,0
WBGene00049148.,0,1,1
WBGene00049149.,0,0,0
WBGene00049150.,0,0,0
WBGene00049151.,0,1,1
WBGene00049152.,0,5,5
WBGene00049153.,0,0,0
WBGene00049154.,0,1,1
WBGene00049155.,0,0,0
WBGene00049156.,0,0,0
WBGene00049157.,0,4,4
WBGene00049158.,0,0,0
WBGene00049159.,0,0,0
WBGene00049160.,0,0,0
WBGene00049161.,0,0,0
WBGene00049162.,0,0,0
WBGene00049163.,0,0,0
WBGene00049164.,0,0,0
WBGene00049165.,0,5,5
WBGene00049166.,0,4,4
WBGene00049167.,0,0,0
WBGene00049168.,0,3,3
WBGene00049169.,0,0,0
WBGene00049170.,0,0,0
WBGene00049171.,0,0,0
WBGene00049172.,0,0,0
WBGene00049173.,0,0,0
WBGene00049174.,0,11,11
WBGene00049175.,0,0,0
WBGene00049176.,0,1,1
WBGene00049177.,0,0,0
WBGene00049178.,0,0,0
WBGene00049179.,0,0,0
WBGene00049180.,0,0,0
WBGene00049181.,0,1,1
WBGene00049182.,0,2,2
WBGene00049183.,0,0,0
WBGene00049184.,0,1,1
WBGene00049185.,0,0,0
WBGene00049186.,0,9,9
WBGene00049187.,0,0,0
WBGene00049188.,0,0,0
WBGene00049189.,0,12,12
WBGene00049190.,0,2,2
WBGene00049191.,0,0,0
WBGene00049192.,0,0,0
WBGene00049193.,0,1,1
WBGene00049194.,0,3,3
WBGene00049195.,0,6,6
WBGene00049196.,0,4,4
WBGene00049197.,0,3,3
WBGene00049198.,0,1,1
WBGene00049199.,0,0,0
WBGene00049200.,0,2,2
WBGene00049201.,0,0,0
WBGene00049202.,0,5,5
WBGene00049203.,0,0,0
WBGene00049204.,0,2,2
WBGene00049205.,0,2,2
WBGene00049206.,0,0,0
WBGene00049207.,0,0,0
WBGene00049208.,0,0,0
WBGene00049209.,0,2,2
WBGene00049210.,0,0,0
WBGene00049211.,0,1,1
WBGene00049212.,0,0,0
WBGene00049213.,0,4,4
WBGene00049214.,0,3,3
WBGene00049215.,0,0,0
WBGene00049216.,0,0,0
WBGene00049217.,0,0,0
WBGene00049218.,0,2,2
WBGene00049219.,0,1,1
WBGene00049220.,0,0,0
WBGene00049221.,0,0,0
WBGene00049222.,0,0,0
WBGene00049223.,0,1,1
WBGene00049224.,0,0,0
WBGene00049225.,0,0,0
WBGene00049226.,0,8,8
WBGene00049227.,0,0,0
WBGene00049228.,0,0,0
WBGene00049229.,0,0,0
WBGene00049230.,0,0,0
WBGene00049231.,0,0,0
WBGene00049232.,0,0,0
WBGene00049233.,0,1,1
WBGene00049234.,0,0,0
WBGene00049235.,0,1,1
WBGene00049236.,0,1,1
WBGene00049237.,0,0,0
WBGene00049238.,0,0,0
WBGene00049239.,0,0,0
WBGene00049240.,0,2,2
WBGene00049241.,0,0,0
WBGene00049242.,0,0,0
WBGene00049243.,0,1,1
WBGene00049244.,0,0,0
WBGene00049245.,0,0,0
WBGene00049246.,0,0,0
WBGene00049247.,0,2,2
WBGene00049248.,0,0,0
WBGene00049249.,0,3,3
WBGene00049250.,0,0,0
WBGene00049251.,0,0,0
WBGene00049252.,0,0,0
WBGene00049253.,0,0,0
WBGene00049254.,0,0,0
WBGene00049255.,0,0,0
WBGene00049256.,0,0,0
WBGene00049257.,0,0,0
WBGene00049258.,0,0,0
WBGene00049259.,0,0,0
WBGene00049260.,0,6,6
WBGene00049261.,0,2,2
WBGene00049262.,0,1,1
WBGene00049263.,0,0,0
WBGene00049264.,0,0,0
WBGene00049265.,0,0,0
WBGene00049266.,0,1,1
WBGene00049267.,0,0,0
WBGene00049268.,0,0,0
WBGene00049269.,0,0,0
WBGene00049270.,0,1,1
WBGene00049271.,0,1,1
WBGene00049272.,0,0,0
WBGene00049273.,0,3,3
WBGene00049274.,0,1,1
WBGene00049275.,0,0,0
WBGene00049276.,0,0,0
WBGene00049277.,0,0,0
WBGene00049278.,0,0,0
WBGene00049279.,0,0,0
WBGene00049280.,0,1,1
WBGene00049281.,0,0,0
WBGene00049282.,0,0,0
WBGene00049283.,0,0,0
WBGene00049284.,0,2,2
WBGene00049285.,0,0,0
WBGene00049286.,0,0,0
WBGene00049287.,0,0,0
WBGene00049288.,0,0,0
WBGene00049289.,0,7,7
WBGene00049290.,0,2,2
WBGene00049291.,0,0,0
WBGene00049292.,0,0,0
WBGene00049293.,0,4,4
WBGene00049294.,0,0,0
WBGene00049295.,0,9,9
WBGene00049296.,0,2,2
WBGene00049297.,0,0,0
WBGene00049298.,0,0,0
WBGene00049299.,0,6,6
WBGene00049300.,0,2,2
WBGene00049301.,0,10,10
WBGene00049302.,0,2,2
WBGene00049303.,0,0,0
WBGene00049304.,0,0,0
WBGene00049305.,0,5,5
WBGene00049306.,0,0,0
WBGene00049307.,0,0,0
WBGene00049308.,0,0,0
WBGene00049309.,0,5,5
WBGene00049310.,0,0,0
WBGene00049311.,0,1,1
WBGene00049312.,0,0,0
WBGene00049313.,0,0,0
WBGene00049314.,0,0,0
WBGene00049315.,0,0,0
WBGene00049316.,0,2,2
WBGene00049317.,0,0,0
WBGene00049318.,0,0,0
WBGene00049319.,0,7,7
WBGene00049320.,0,0,0
WBGene00049321.,0,0,0
WBGene00049322.,0,0,0
WBGene00049323.,0,3,3
WBGene00049324.,0,0,0
WBGene00049325.,0,4,4
WBGene00049326.,0,0,0
WBGene00049327.,0,7,7
WBGene00049328.,0,0,0
WBGene00049329.,0,0,0
WBGene00049330.,0,0,0
WBGene00049331.,0,0,0
WBGene00049332.,0,6,6
WBGene00049333.,0,4,4
WBGene00049334.,0,0,0
WBGene00049335.,0,2,2
WBGene00049336.,0,0,0
WBGene00049337.,0,0,0
WBGene00049338.,0,0,0
WBGene00049339.,0,10,10
WBGene00049340.,0,2,2
WBGene00049341.,0,0,0
WBGene00049342.,0,0,0
WBGene00049343.,0,1,1
WBGene00049344.,0,2,2
WBGene00049345.,0,0,0
WBGene00049346.,0,3,3
WBGene00049347.,0,6,6
WBGene00049348.,0,0,0
WBGene00049349.,0,0,0
WBGene00049350.,0,0,0
WBGene00049351.,0,0,0
WBGene00049352.,0,0,0
WBGene00049353.,0,0,0
WBGene00049354.,0,3,3
WBGene00049355.,0,0,0
WBGene00049356.,0,0,0
WBGene00049357.,0,0,0
WBGene00049358.,0,0,0
WBGene00049359.,0,0,0
WBGene00049360.,0,0,0
WBGene00049361.,0,0,0
WBGene00049362.,0,0,0
WBGene00049363.,0,0,0
WBGene00049364.,0,0,0
WBGene00049365.,0,0,0
WBGene00049366.,0,4,4
WBGene00049367.,0,3,3
WBGene00049368.,0,1,1
WBGene00049369.,0,0,0
WBGene00049370.,0,2,2
WBGene00049371.,0,0,0
WBGene00049372.,0,0,0
WBGene00049373.,0,0,0
WBGene00049374.,0,0,0
WBGene00049375.,0,0,0
WBGene00049376.,0,0,0
WBGene00049377.,0,0,0
WBGene00049378.,0,0,0
WBGene00049379.,0,0,0
WBGene00049380.,0,0,0
WBGene00049381.,0,0,0
WBGene00049382.,0,3,3
WBGene00049383.,0,0,0
WBGene00049384.,0,0,0
WBGene00049385.,0,0,0
WBGene00049386.,0,0,0
WBGene00049387.,0,3,3
WBGene00049388.,0,0,0
WBGene00049389.,0,0,0
WBGene00049390.,0,0,0
WBGene00049391.,0,3,3
WBGene00049392.,0,0,0
WBGene00049393.,0,0,0
WBGene00049394.,0,0,0
WBGene00049395.,0,0,0
WBGene00049396.,0,0,0
WBGene00049397.,0,0,0
WBGene00049398.,0,0,0
WBGene00049399.,0,2,2
WBGene00049400.,0,61,61
WBGene00049401.,0,0,0
WBGene00049402.,0,20,20
WBGene00049403.,0,1,1
WBGene00049404.,0,0,0
WBGene00049405.,0,2,2
WBGene00049406.,0,0,0
WBGene00049407.,0,0,0
WBGene00049408.,0,3,3
WBGene00049409.,0,1,1
WBGene00049410.,0,2,2
WBGene00049411.,0,1,1
WBGene00049412.,0,0,0
WBGene00049413.,0,3,3
WBGene00049414.,0,0,0
WBGene00049415.,0,0,0
WBGene00049416.,0,0,0
WBGene00049417.,0,0,0
WBGene00049418.,0,0,0
WBGene00049419.,0,2,2
WBGene00049420.,0,1,1
WBGene00049421.,0,6,6
WBGene00049422.,0,0,0
WBGene00049423.,0,3,3
WBGene00049424.,0,0,0
WBGene00049425.,0,0,0
WBGene00049426.,0,1,1
WBGene00049427.,0,10,10
WBGene00049428.,0,1,1
WBGene00049429.,0,0,0
WBGene00049430.,0,2,2
WBGene00049431.,0,0,0
WBGene00049432.,0,0,0
WBGene00049433.,0,0,0
WBGene00049434.,0,2,2
WBGene00049435.,0,1,1
WBGene00049436.,0,0,0
WBGene00049437.,0,0,0
WBGene00049438.,0,0,0
WBGene00049439.,0,0,0
WBGene00049440.,0,0,0
WBGene00049441.,0,2,2
WBGene00049443.,0,1,1
WBGene00049444.,0,0,0
WBGene00049445.,0,2,2
WBGene00049446.,0,7,7
WBGene00049447.,0,4,4
WBGene00049448.,0,0,0
WBGene00049449.,0,4,4
WBGene00049450.,0,0,0
WBGene00049451.,0,0,0
WBGene00049452.,0,0,0
WBGene00049453.,0,0,0
WBGene00049454.,0,0,0
WBGene00049455.,0,1,1
WBGene00049456.,0,0,0
WBGene00049457.,0,0,0
WBGene00049458.,0,0,0
WBGene00049459.,0,0,0
WBGene00049460.,0,1,1
WBGene00049461.,0,6,6
WBGene00049462.,0,2,2
WBGene00049463.,0,4,4
WBGene00049464.,0,0,0
WBGene00049465.,0,0,0
WBGene00049466.,0,4,4
WBGene00049467.,0,0,0
WBGene00049468.,0,0,0
WBGene00049469.,0,0,0
WBGene00049470.,0,15,15
WBGene00049471.,0,0,0
WBGene00049472.,0,0,0
WBGene00049473.,0,3,3
WBGene00049474.,0,0,0
WBGene00049475.,0,0,0
WBGene00049476.,0,0,0
WBGene00049477.,0,0,0
WBGene00049478.,0,0,0
WBGene00049479.,0,0,0
WBGene00049480.,0,0,0
WBGene00049481.,0,4,4
WBGene00049482.,0,0,0
WBGene00049483.,0,0,0
WBGene00049484.,0,0,0
WBGene00049485.,0,0,0
WBGene00049486.,0,0,0
WBGene00049487.,0,6,6
WBGene00049488.,0,0,0
WBGene00049489.,0,0,0
WBGene00049490.,0,1,1
WBGene00049491.,0,0,0
WBGene00049492.,0,3,3
WBGene00049493.,0,0,0
WBGene00049494.,0,0,0
WBGene00049495.,0,2,2
WBGene00049496.,0,0,0
WBGene00049497.,0,0,0
WBGene00049498.,0,0,0
WBGene00049499.,0,0,0
WBGene00049500.,0,1,1
WBGene00049501.,0,0,0
WBGene00049502.,0,0,0
WBGene00049503.,0,0,0
WBGene00049504.,0,1,1
WBGene00049505.,0,0,0
WBGene00049506.,0,1,1
WBGene00049507.,0,1,1
WBGene00049508.,0,2,2
WBGene00049509.,0,0,0
WBGene00049510.,0,0,0
WBGene00049511.,0,0,0
WBGene00049512.,0,1,1
WBGene00049513.,0,3,3
WBGene00049514.,0,0,0
WBGene00049515.,0,0,0
WBGene00049516.,0,0,0
WBGene00049517.,0,3,3
WBGene00049518.,0,0,0
WBGene00049519.,0,1,1
WBGene00049520.,0,2,2
WBGene00049521.,0,0,0
WBGene00049522.,0,0,0
WBGene00049523.,0,0,0
WBGene00049524.,0,3,3
WBGene00049525.,0,1,1
WBGene00049526.,0,0,0
WBGene00049527.,0,0,0
WBGene00049528.,0,0,0
WBGene00049529.,0,1,1
WBGene00049530.,0,0,0
WBGene00049531.,0,0,0
WBGene00049532.,0,0,0
WBGene00049533.,0,0,0
WBGene00049534.,0,0,0
WBGene00049535.,0,0,0
WBGene00049536.,0,5,5
WBGene00049537.,0,0,0
WBGene00049538.,0,4,4
WBGene00049539.,0,2,2
WBGene00049540.,0,0,0
WBGene00049541.,0,0,0
WBGene00049542.,0,2,2
WBGene00049543.,0,11,11
WBGene00049544.,0,10,10
WBGene00049545.,0,0,0
WBGene00049546.,0,0,0
WBGene00049547.,0,0,0
WBGene00049548.,0,0,0
WBGene00049549.,0,2,2
WBGene00049550.,0,0,0
WBGene00049551.,0,0,0
WBGene00049552.,0,0,0
WBGene00049553.,0,1,1
WBGene00049554.,0,0,0
WBGene00049555.,0,0,0
WBGene00049556.,0,0,0
WBGene00049557.,0,1,1
WBGene00049558.,0,0,0
WBGene00049559.,0,0,0
WBGene00049560.,0,0,0
WBGene00049561.,0,0,0
WBGene00049562.,0,4,4
WBGene00049563.,0,0,0
WBGene00049564.,0,3,3
WBGene00049565.,0,0,0
WBGene00049566.,0,5,5
WBGene00049567.,0,5,5
WBGene00049568.,0,0,0
WBGene00049569.,0,1,1
WBGene00049570.,0,3,3
WBGene00049571.,0,0,0
WBGene00049572.,0,0,0
WBGene00049573.,0,3,3
WBGene00049574.,0,0,0
WBGene00049575.,0,0,0
WBGene00049576.,0,0,0
WBGene00049577.,0,0,0
WBGene00049578.,0,2,2
WBGene00049579.,0,0,0
WBGene00049580.,0,0,0
WBGene00049581.,0,0,0
WBGene00049582.,0,0,0
WBGene00049583.,0,0,0
WBGene00049584.,0,0,0
WBGene00049585.,0,0,0
WBGene00049586.,0,2,2
WBGene00049587.,0,1,1
WBGene00049588.,0,7,7
WBGene00049589.,0,0,0
WBGene00049590.,0,0,0
WBGene00049591.,0,2,2
WBGene00049592.,0,0,0
WBGene00049593.,0,0,0
WBGene00049594.,0,0,0
WBGene00049595.,0,0,0
WBGene00049596.,0,0,0
WBGene00049597.,0,0,0
WBGene00049598.,0,0,0
WBGene00049599.,0,0,0
WBGene00049600.,0,0,0
WBGene00049601.,0,4,4
WBGene00049602.,0,5,5
WBGene00049603.,0,0,0
WBGene00049604.,0,6,6
WBGene00049605.,0,0,0
WBGene00049606.,0,8,8
WBGene00049607.,0,4,4
WBGene00049608.,0,0,0
WBGene00049609.,0,3,3
WBGene00049610.,0,0,0
WBGene00049611.,0,2,2
WBGene00049612.,0,2,2
WBGene00049613.,0,0,0
WBGene00049614.,0,0,0
WBGene00049615.,0,4,4
WBGene00049616.,0,13,13
WBGene00049617.,0,0,0
WBGene00049618.,0,4,4
WBGene00049619.,0,0,0
WBGene00049620.,0,0,0
WBGene00049621.,0,1,1
WBGene00049622.,0,0,0
WBGene00049623.,0,0,0
WBGene00049624.,0,3,3
WBGene00049625.,0,0,0
WBGene00049626.,0,0,0
WBGene00049627.,0,0,0
WBGene00049628.,0,0,0
WBGene00049629.,0,3,3
WBGene00049630.,0,3,3
WBGene00049631.,0,0,0
WBGene00049632.,0,0,0
WBGene00049633.,0,0,0
WBGene00049634.,0,0,0
WBGene00049635.,0,5,5
WBGene00049636.,0,2,2
WBGene00049637.,0,3,3
WBGene00049638.,0,0,0
WBGene00049639.,0,2,2
WBGene00049640.,0,0,0
WBGene00049641.,0,1,1
WBGene00049642.,0,2,2
WBGene00049643.,0,2,2
WBGene00049644.,0,7,7
WBGene00049645.,0,0,0
WBGene00049646.,0,0,0
WBGene00049647.,0,1,1
WBGene00049648.,0,0,0
WBGene00049649.,0,1,1
WBGene00049650.,0,0,0
WBGene00049651.,0,0,0
WBGene00049652.,0,0,0
WBGene00049653.,0,1,1
WBGene00049654.,0,0,0
WBGene00049655.,0,4,4
WBGene00049656.,0,4,4
WBGene00049657.,0,0,0
WBGene00049658.,0,0,0
WBGene00049659.,0,0,0
WBGene00049660.,0,1,1
WBGene00049661.,0,2,2
WBGene00049662.,0,0,0
WBGene00049663.,0,0,0
WBGene00049664.,0,0,0
WBGene00049665.,0,0,0
WBGene00049666.,0,0,0
WBGene00049667.,0,3,3
WBGene00049668.,0,0,0
WBGene00049669.,0,1,1
WBGene00049670.,0,0,0
WBGene00049671.,0,7,7
WBGene00049672.,0,0,0
WBGene00049673.,0,0,0
WBGene00049674.,0,0,0
WBGene00049675.,0,0,0
WBGene00049676.,0,3,3
WBGene00049677.,0,2,2
WBGene00049678.,0,3,3
WBGene00049679.,0,1,1
WBGene00049680.,0,24,24
WBGene00049681.,0,3,3
WBGene00049682.,0,0,0
WBGene00049683.,0,0,0
WBGene00049684.,0,1,1
WBGene00049685.,0,0,0
WBGene00049686.,0,0,0
WBGene00049687.,0,0,0
WBGene00049688.,0,4,4
WBGene00049689.,0,0,0
WBGene00049690.,0,0,0
WBGene00049691.,0,0,0
WBGene00049692.,0,0,0
WBGene00049693.,0,2,2
WBGene00049694.,0,6,6
WBGene00049695.,0,0,0
WBGene00049696.,0,3,3
WBGene00049697.,0,0,0
WBGene00049698.,0,4,4
WBGene00049699.,0,2,2
WBGene00049700.,0,2,2
WBGene00049701.,0,0,0
WBGene00049702.,0,0,0
WBGene00049703.,0,2,2
WBGene00049704.,0,8,8
WBGene00049705.,0,0,0
WBGene00049706.,0,4,4
WBGene00049707.,0,0,0
WBGene00049708.,0,3,3
WBGene00049709.,0,0,0
WBGene00049710.,0,4,4
WBGene00049711.,0,0,0
WBGene00049712.,0,0,0
WBGene00049713.,0,0,0
WBGene00049714.,0,2,2
WBGene00049715.,0,1,1
WBGene00049716.,0,1,1
WBGene00049717.,0,0,0
WBGene00049718.,0,0,0
WBGene00049719.,0,0,0
WBGene00049720.,0,0,0
WBGene00049721.,0,0,0
WBGene00049722.,0,0,0
WBGene00049723.,0,0,0
WBGene00049724.,0,0,0
WBGene00049725.,0,13,13
WBGene00049726.,0,0,0
WBGene00049727.,0,4,4
WBGene00049728.,0,0,0
WBGene00049729.,0,6,6
WBGene00049730.,0,2,2
WBGene00049731.,0,2,2
WBGene00049732.,0,8,8
WBGene00049733.,0,0,0
WBGene00049734.,0,0,0
WBGene00049735.,0,0,0
WBGene00049736.,0,1,1
WBGene00049737.,0,1,1
WBGene00049738.,0,1,1
WBGene00049739.,0,2,2
WBGene00049740.,0,2,2
WBGene00049741.,0,0,0
WBGene00049742.,0,0,0
WBGene00049743.,0,0,0
WBGene00049744.,0,6,6
WBGene00049745.,0,0,0
WBGene00049746.,0,1,1
WBGene00049747.,0,0,0
WBGene00049748.,0,0,0
WBGene00049749.,0,0,0
WBGene00049750.,0,0,0
WBGene00049751.,0,4,4
WBGene00049752.,0,0,0
WBGene00049753.,0,0,0
WBGene00049754.,0,0,0
WBGene00049755.,0,0,0
WBGene00049756.,0,0,0
WBGene00049757.,0,0,0
WBGene00049758.,0,8,8
WBGene00049759.,0,0,0
WBGene00049760.,0,0,0
WBGene00049761.,0,0,0
WBGene00049762.,0,0,0
WBGene00049763.,0,0,0
WBGene00049764.,0,0,0
WBGene00049765.,0,0,0
WBGene00049766.,0,0,0
WBGene00049767.,0,0,0
WBGene00049768.,0,0,0
WBGene00049769.,0,0,0
WBGene00049770.,0,0,0
WBGene00049771.,0,1,1
WBGene00049772.,0,0,0
WBGene00049773.,0,3,3
WBGene00049774.,0,0,0
WBGene00049775.,0,0,0
WBGene00049776.,0,8,8
WBGene00049777.,0,0,0
WBGene00049778.,0,0,0
WBGene00049779.,0,0,0
WBGene00049780.,0,0,0
WBGene00049781.,0,0,0
WBGene00049782.,0,0,0
WBGene00049783.,0,1,1
WBGene00049784.,0,4,4
WBGene00049785.,0,3,3
WBGene00049786.,0,0,0
WBGene00049787.,0,0,0
WBGene00049788.,0,5,5
WBGene00049789.,0,1,1
WBGene00049790.,0,3,3
WBGene00049791.,0,0,0
WBGene00049792.,0,4,4
WBGene00049793.,0,9,9
WBGene00049794.,0,0,0
WBGene00049795.,0,0,0
WBGene00049796.,0,3,3
WBGene00049797.,0,3,3
WBGene00049798.,0,1,1
WBGene00049799.,0,0,0
WBGene00049800.,0,0,0
WBGene00049801.,0,0,0
WBGene00049802.,0,0,0
WBGene00049803.,0,0,0
WBGene00049804.,0,2,2
WBGene00049805.,0,0,0
WBGene00049806.,0,9,9
WBGene00049807.,0,1,1
WBGene00049808.,0,0,0
WBGene00049809.,0,0,0
WBGene00049810.,0,0,0
WBGene00049811.,0,0,0
WBGene00049812.,0,7,7
WBGene00049813.,0,1,1
WBGene00049814.,0,10,10
WBGene00049815.,0,0,0
WBGene00049816.,0,5,5
WBGene00049817.,0,0,0
WBGene00049818.,0,0,0
WBGene00049819.,0,0,0
WBGene00049820.,0,0,0
WBGene00049821.,0,0,0
WBGene00049822.,0,4,4
WBGene00049823.,0,1,1
WBGene00049824.,0,0,0
WBGene00049825.,0,0,0
WBGene00049826.,0,0,0
WBGene00049827.,0,0,0
WBGene00049828.,0,0,0
WBGene00049829.,0,2,2
WBGene00049830.,0,0,0
WBGene00049831.,0,2,2
WBGene00049832.,0,0,0
WBGene00049833.,0,1,1
WBGene00049834.,0,0,0
WBGene00049835.,0,0,0
WBGene00049836.,0,1,1
WBGene00049837.,0,0,0
WBGene00049838.,0,0,0
WBGene00049839.,0,2,2
WBGene00049840.,0,0,0
WBGene00049841.,0,0,0
WBGene00049842.,0,1,1
WBGene00049843.,0,0,0
WBGene00049844.,0,0,0
WBGene00049845.,0,7,7
WBGene00049846.,0,0,0
WBGene00049847.,0,0,0
WBGene00049848.,0,0,0
WBGene00049849.,0,0,0
WBGene00049850.,0,4,4
WBGene00049851.,0,0,0
WBGene00049852.,0,0,0
WBGene00049853.,0,0,0
WBGene00049854.,0,5,5
WBGene00049855.,0,0,0
WBGene00049856.,0,0,0
WBGene00049857.,0,3,3
WBGene00049858.,0,2,2
WBGene00049859.,0,0,0
WBGene00049860.,0,0,0
WBGene00049861.,0,5,5
WBGene00049862.,0,0,0
WBGene00049863.,0,0,0
WBGene00049864.,0,0,0
WBGene00049865.,0,0,0
WBGene00049866.,0,0,0
WBGene00049867.,0,8,8
WBGene00049868.,0,1,1
WBGene00049869.,0,0,0
WBGene00049870.,0,0,0
WBGene00049871.,0,0,0
WBGene00049872.,0,0,0
WBGene00049873.,0,3,3
WBGene00049874.,0,0,0
WBGene00049875.,0,2,2
WBGene00049876.,0,0,0
WBGene00049877.,0,0,0
WBGene00049878.,0,0,0
WBGene00049879.,0,0,0
WBGene00049880.,0,0,0
WBGene00049881.,0,0,0
WBGene00049882.,0,2,2
WBGene00049883.,0,0,0
WBGene00049884.,0,0,0
WBGene00049885.,0,0,0
WBGene00049886.,0,0,0
WBGene00049887.,0,0,0
WBGene00049888.,0,0,0
WBGene00049889.,0,3,3
WBGene00049890.,0,0,0
WBGene00049891.,0,2,2
WBGene00049892.,0,0,0
WBGene00049893.,0,0,0
WBGene00049894.,0,0,0
WBGene00049895.,0,1,1
WBGene00049896.,0,0,0
WBGene00049897.,0,0,0
WBGene00049898.,0,2,2
WBGene00049899.,0,0,0
WBGene00049900.,0,0,0
WBGene00049901.,0,3,3
WBGene00049902.,0,0,0
WBGene00049903.,0,0,0
WBGene00049904.,0,1,1
WBGene00049905.,0,0,0
WBGene00049906.,0,0,0
WBGene00049907.,0,6,6
WBGene00049908.,0,2,2
WBGene00049909.,0,0,0
WBGene00049910.,0,5,5
WBGene00049911.,0,0,0
WBGene00049912.,0,0,0
WBGene00049913.,0,0,0
WBGene00049914.,0,0,0
WBGene00049915.,0,0,0
WBGene00049916.,0,0,0
WBGene00049917.,0,0,0
WBGene00049918.,0,0,0
WBGene00049919.,0,1,1
WBGene00049920.,0,2,2
WBGene00049921.,0,0,0
WBGene00049922.,0,0,0
WBGene00049923.,0,0,0
WBGene00049924.,0,0,0
WBGene00049925.,0,0,0
WBGene00049926.,0,0,0
WBGene00049927.,0,0,0
WBGene00049928.,0,0,0
WBGene00049929.,0,9,9
WBGene00049930.,0,3,3
WBGene00049931.,0,0,0
WBGene00049932.,0,1,1
WBGene00049933.,0,11,11
WBGene00049934.,0,7,7
WBGene00049935.,0,5,5
WBGene00049936.,0,7,7
WBGene00049937.,0,0,0
WBGene00049938.,0,0,0
WBGene00049939.,0,10,10
WBGene00049940.,0,0,0
WBGene00049941.,0,4,4
WBGene00049942.,0,4,4
WBGene00049943.,0,0,0
WBGene00049944.,0,0,0
WBGene00049945.,0,0,0
WBGene00049946.,0,8,8
WBGene00049947.,0,2,2
WBGene00049948.,0,0,0
WBGene00049949.,0,0,0
WBGene00049950.,0,0,0
WBGene00049951.,0,0,0
WBGene00049952.,0,0,0
WBGene00049953.,0,0,0
WBGene00049954.,0,0,0
WBGene00049955.,0,0,0
WBGene00049956.,0,1,1
WBGene00049957.,0,0,0
WBGene00049958.,0,3,3
WBGene00049959.,0,0,0
WBGene00049960.,0,6,6
WBGene00049961.,0,0,0
WBGene00049962.,0,0,0
WBGene00049963.,0,0,0
WBGene00049964.,0,0,0
WBGene00049965.,0,0,0
WBGene00049966.,0,0,0
WBGene00049967.,0,0,0
WBGene00049968.,0,1,1
WBGene00049969.,0,0,0
WBGene00049970.,0,0,0
WBGene00049971.,0,0,0
WBGene00049972.,0,0,0
WBGene00049973.,0,7,7
WBGene00049974.,0,6,6
WBGene00049975.,0,0,0
WBGene00049976.,0,5,5
WBGene00049977.,0,2,2
WBGene00049978.,0,0,0
WBGene00049979.,0,0,0
WBGene00049980.,0,0,0
WBGene00049981.,0,0,0
WBGene00049982.,0,0,0
WBGene00049983.,0,1,1
WBGene00049984.,0,0,0
WBGene00049985.,0,7,7
WBGene00049986.,0,0,0
WBGene00049987.,0,0,0
WBGene00049988.,0,0,0
WBGene00049989.,0,0,0
WBGene00049990.,0,0,0
WBGene00049991.,0,0,0
WBGene00049992.,0,0,0
WBGene00049993.,0,3,3
WBGene00049994.,0,1,1
WBGene00049995.,0,0,0
WBGene00049996.,0,0,0
WBGene00049997.,0,1,1
WBGene00049998.,0,2,2
WBGene00049999.,0,0,0
WBGene00050000.,0,0,0
WBGene00050001.,0,10,10
WBGene00050002.,0,0,0
WBGene00050003.,0,0,0
WBGene00050004.,0,0,0
WBGene00050005.,0,3,3
WBGene00050006.,0,0,0
WBGene00050007.,0,0,0
WBGene00050008.,0,0,0
WBGene00050009.,0,9,9
WBGene00050010.,0,0,0
WBGene00050011.,0,0,0
WBGene00050012.,0,2,2
WBGene00050013.,0,0,0
WBGene00050014.,0,0,0
WBGene00050015.,0,1,1
WBGene00050016.,0,0,0
WBGene00050017.,0,0,0
WBGene00050018.,0,0,0
WBGene00050019.,0,0,0
WBGene00050020.,0,0,0
WBGene00050021.,0,0,0
WBGene00050022.,0,0,0
WBGene00050023.,0,0,0
WBGene00050024.,0,0,0
WBGene00050025.,0,3,3
WBGene00050026.,0,1,1
WBGene00050027.,0,0,0
WBGene00050028.,0,1,1
WBGene00050029.,0,0,0
WBGene00050030.,0,9,9
WBGene00050031.,0,0,0
WBGene00050032.,0,0,0
WBGene00050033.,0,2,2
WBGene00050034.,0,0,0
WBGene00050035.,0,0,0
WBGene00050036.,0,0,0
WBGene00050037.,0,0,0
WBGene00050038.,0,0,0
WBGene00050039.,0,0,0
WBGene00050040.,0,0,0
WBGene00050041.,0,0,0
WBGene00050042.,0,0,0
WBGene00050043.,0,0,0
WBGene00050044.,0,7,7
WBGene00050045.,0,0,0
WBGene00050046.,0,0,0
WBGene00050047.,0,1,1
WBGene00050048.,0,1,1
WBGene00050049.,0,0,0
WBGene00050050.,0,2,2
WBGene00050051.,0,7,7
WBGene00050052.,0,0,0
WBGene00050053.,0,0,0
WBGene00050054.,0,0,0
WBGene00050055.,0,5,5
WBGene00050056.,0,0,0
WBGene00050057.,0,0,0
WBGene00050058.,0,0,0
WBGene00050059.,0,0,0
WBGene00050060.,0,0,0
WBGene00050061.,0,0,0
WBGene00050062.,0,0,0
WBGene00050063.,0,0,0
WBGene00050064.,0,0,0
WBGene00050065.,0,0,0
WBGene00050066.,0,0,0
WBGene00050067.,0,0,0
WBGene00050068.,0,0,0
WBGene00050069.,0,0,0
WBGene00050070.,0,6,6
WBGene00050071.,0,0,0
WBGene00050072.,0,4,4
WBGene00050073.,0,6,6
WBGene00050074.,0,3,3
WBGene00050075.,0,0,0
WBGene00050076.,0,0,0
WBGene00050077.,0,12,12
WBGene00050078.,0,1,1
WBGene00050079.,0,0,0
WBGene00050080.,0,0,0
WBGene00050081.,0,0,0
WBGene00050082.,0,0,0
WBGene00050083.,0,4,4
WBGene00050084.,0,2,2
WBGene00050085.,0,0,0
WBGene00050086.,0,0,0
WBGene00050087.,0,0,0
WBGene00050088.,0,0,0
WBGene00050089.,0,0,0
WBGene00050090.,0,0,0
WBGene00050091.,0,1,1
WBGene00050092.,0,1,1
WBGene00050093.,0,0,0
WBGene00050094.,0,3,3
WBGene00050095.,0,0,0
WBGene00050096.,0,4,4
WBGene00050097.,0,0,0
WBGene00050098.,0,0,0
WBGene00050099.,0,9,9
WBGene00050100.,0,3,3
WBGene00050101.,0,2,2
WBGene00050102.,0,0,0
WBGene00050103.,0,3,3
WBGene00050104.,0,0,0
WBGene00050105.,0,0,0
WBGene00050106.,0,0,0
WBGene00050107.,0,1,1
WBGene00050108.,0,0,0
WBGene00050109.,0,0,0
WBGene00050110.,0,0,0
WBGene00050111.,0,0,0
WBGene00050112.,0,0,0
WBGene00050113.,0,3,3
WBGene00050114.,0,0,0
WBGene00050115.,0,0,0
WBGene00050116.,0,0,0
WBGene00050117.,0,0,0
WBGene00050118.,0,0,0
WBGene00050119.,0,1,1
WBGene00050120.,0,3,3
WBGene00050121.,0,0,0
WBGene00050122.,0,5,5
WBGene00050123.,0,0,0
WBGene00050124.,0,0,0
WBGene00050125.,0,1,1
WBGene00050126.,0,0,0
WBGene00050127.,0,0,0
WBGene00050128.,0,5,5
WBGene00050129.,0,0,0
WBGene00050130.,0,0,0
WBGene00050131.,0,0,0
WBGene00050132.,0,0,0
WBGene00050133.,0,3,3
WBGene00050134.,0,0,0
WBGene00050135.,0,0,0
WBGene00050136.,0,4,4
WBGene00050137.,0,0,0
WBGene00050138.,0,2,2
WBGene00050139.,0,0,0
WBGene00050140.,0,6,6
WBGene00050141.,0,1,1
WBGene00050142.,0,0,0
WBGene00050143.,0,3,3
WBGene00050144.,0,1,1
WBGene00050145.,0,0,0
WBGene00050146.,0,0,0
WBGene00050147.,0,4,4
WBGene00050148.,0,0,0
WBGene00050149.,0,2,2
WBGene00050150.,0,0,0
WBGene00050151.,0,0,0
WBGene00050152.,0,0,0
WBGene00050153.,0,1,1
WBGene00050154.,0,2,2
WBGene00050155.,0,0,0
WBGene00050156.,0,2,2
WBGene00050157.,0,0,0
WBGene00050158.,0,0,0
WBGene00050159.,0,1,1
WBGene00050160.,0,0,0
WBGene00050161.,0,3,3
WBGene00050162.,0,1,1
WBGene00050163.,0,0,0
WBGene00050164.,0,0,0
WBGene00050165.,0,0,0
WBGene00050166.,0,0,0
WBGene00050167.,0,0,0
WBGene00050168.,0,0,0
WBGene00050169.,0,0,0
WBGene00050170.,0,0,0
WBGene00050171.,0,0,0
WBGene00050172.,0,0,0
WBGene00050173.,0,0,0
WBGene00050174.,0,0,0
WBGene00050175.,0,0,0
WBGene00050176.,0,6,6
WBGene00050177.,0,4,4
WBGene00050178.,0,0,0
WBGene00050179.,0,0,0
WBGene00050180.,0,0,0
WBGene00050181.,0,1,1
WBGene00050182.,0,0,0
WBGene00050183.,0,0,0
WBGene00050184.,0,2,2
WBGene00050185.,0,0,0
WBGene00050186.,0,0,0
WBGene00050187.,0,0,0
WBGene00050188.,0,0,0
WBGene00050189.,0,0,0
WBGene00050190.,0,0,0
WBGene00050191.,0,1,1
WBGene00050192.,0,0,0
WBGene00050193.,0,0,0
WBGene00050194.,0,10,10
WBGene00050195.,0,0,0
WBGene00050196.,0,2,2
WBGene00050197.,0,1,1
WBGene00050198.,0,0,0
WBGene00050199.,0,0,0
WBGene00050200.,0,0,0
WBGene00050201.,0,0,0
WBGene00050202.,0,0,0
WBGene00050203.,0,0,0
WBGene00050204.,0,0,0
WBGene00050205.,0,0,0
WBGene00050206.,0,2,2
WBGene00050207.,0,0,0
WBGene00050208.,0,0,0
WBGene00050209.,0,0,0
WBGene00050210.,0,3,3
WBGene00050211.,0,1,1
WBGene00050212.,0,0,0
WBGene00050213.,0,5,5
WBGene00050214.,0,0,0
WBGene00050215.,0,2,2
WBGene00050216.,0,0,0
WBGene00050217.,0,0,0
WBGene00050218.,0,0,0
WBGene00050219.,0,0,0
WBGene00050220.,0,3,3
WBGene00050221.,0,0,0
WBGene00050222.,0,0,0
WBGene00050223.,0,0,0
WBGene00050224.,0,4,4
WBGene00050225.,0,0,0
WBGene00050226.,0,0,0
WBGene00050227.,0,0,0
WBGene00050228.,0,8,8
WBGene00050229.,0,0,0
WBGene00050230.,0,5,5
WBGene00050231.,0,0,0
WBGene00050232.,0,0,0
WBGene00050233.,0,2,2
WBGene00050234.,0,3,3
WBGene00050235.,0,0,0
WBGene00050236.,0,0,0
WBGene00050237.,0,7,7
WBGene00050238.,0,0,0
WBGene00050239.,0,10,10
WBGene00050240.,0,0,0
WBGene00050241.,0,0,0
WBGene00050242.,0,0,0
WBGene00050243.,0,2,2
WBGene00050244.,0,2,2
WBGene00050245.,0,4,4
WBGene00050246.,0,0,0
WBGene00050247.,0,0,0
WBGene00050248.,0,14,14
WBGene00050249.,0,2,2
WBGene00050250.,0,0,0
WBGene00050251.,0,2,2
WBGene00050252.,0,7,7
WBGene00050253.,0,0,0
WBGene00050254.,0,0,0
WBGene00050255.,0,0,0
WBGene00050256.,0,0,0
WBGene00050257.,0,0,0
WBGene00050258.,0,1,1
WBGene00050259.,0,0,0
WBGene00050260.,0,3,3
WBGene00050261.,0,0,0
WBGene00050262.,0,0,0
WBGene00050263.,0,0,0
WBGene00050264.,0,1,1
WBGene00050265.,0,1,1
WBGene00050266.,0,1,1
WBGene00050267.,0,0,0
WBGene00050268.,0,0,0
WBGene00050269.,0,0,0
WBGene00050270.,0,1,1
WBGene00050271.,0,0,0
WBGene00050272.,0,2,2
WBGene00050273.,0,1,1
WBGene00050274.,0,0,0
WBGene00050275.,0,6,6
WBGene00050276.,0,0,0
WBGene00050277.,0,3,3
WBGene00050278.,0,10,10
WBGene00050279.,0,0,0
WBGene00050280.,0,0,0
WBGene00050281.,0,5,5
WBGene00050282.,0,0,0
WBGene00050283.,0,10,10
WBGene00050284.,0,0,0
WBGene00050285.,0,0,0
WBGene00050286.,0,0,0
WBGene00050287.,0,5,5
WBGene00050288.,0,22,22
WBGene00050289.,0,0,0
WBGene00050290.,0,0,0
WBGene00050291.,0,6,6
WBGene00050292.,0,2,2
WBGene00050293.,0,0,0
WBGene00050294.,0,0,0
WBGene00050295.,0,0,0
WBGene00050296.,0,0,0
WBGene00050297.,0,3,3
WBGene00050298.,0,10,10
WBGene00050299.,0,1,1
WBGene00050300.,0,0,0
WBGene00050301.,0,0,0
WBGene00050302.,0,8,8
WBGene00050303.,0,1,1
WBGene00050304.,0,3,3
WBGene00050305.,0,1,1
WBGene00050306.,0,0,0
WBGene00050307.,0,1,1
WBGene00050308.,0,0,0
WBGene00050309.,0,0,0
WBGene00050310.,0,0,0
WBGene00050311.,0,0,0
WBGene00050312.,0,5,5
WBGene00050313.,0,4,4
WBGene00050314.,0,0,0
WBGene00050315.,0,0,0
WBGene00050316.,0,0,0
WBGene00050317.,0,0,0
WBGene00050318.,0,0,0
WBGene00050319.,0,0,0
WBGene00050320.,0,5,5
WBGene00050321.,0,0,0
WBGene00050322.,0,0,0
WBGene00050323.,0,0,0
WBGene00050324.,0,0,0
WBGene00050325.,0,0,0
WBGene00050326.,0,0,0
WBGene00050327.,0,0,0
WBGene00050328.,0,0,0
WBGene00050329.,0,1,1
WBGene00050330.,0,9,9
WBGene00050331.,0,0,0
WBGene00050332.,0,2,2
WBGene00050333.,0,0,0
WBGene00050334.,0,0,0
WBGene00050335.,0,1,1
WBGene00050336.,0,0,0
WBGene00050337.,0,1,1
WBGene00050338.,0,0,0
WBGene00050339.,0,3,3
WBGene00050340.,0,0,0
WBGene00050341.,0,0,0
WBGene00050342.,0,0,0
WBGene00050343.,0,0,0
WBGene00050344.,0,0,0
WBGene00050345.,0,0,0
WBGene00050346.,0,0,0
WBGene00050347.,0,0,0
WBGene00050348.,0,0,0
WBGene00050349.,0,0,0
WBGene00050350.,0,0,0
WBGene00050351.,0,3,3
WBGene00050352.,0,0,0
WBGene00050353.,0,1,1
WBGene00050354.,0,2,2
WBGene00050355.,0,0,0
WBGene00050356.,0,1,1
WBGene00050357.,0,0,0
WBGene00050358.,0,0,0
WBGene00050359.,0,4,4
WBGene00050360.,0,0,0
WBGene00050361.,0,0,0
WBGene00050362.,0,0,0
WBGene00050363.,0,1,1
WBGene00050364.,0,2,2
WBGene00050365.,0,0,0
WBGene00050366.,0,0,0
WBGene00050367.,0,0,0
WBGene00050368.,0,0,0
WBGene00050369.,0,12,12
WBGene00050370.,0,0,0
WBGene00050371.,0,8,8
WBGene00050372.,0,0,0
WBGene00050373.,0,9,9
WBGene00050374.,0,0,0
WBGene00050375.,0,0,0
WBGene00050376.,0,0,0
WBGene00050377.,0,11,11
WBGene00050378.,0,0,0
WBGene00050379.,0,0,0
WBGene00050380.,0,0,0
WBGene00050381.,0,0,0
WBGene00050382.,0,0,0
WBGene00050383.,0,0,0
WBGene00050384.,0,0,0
WBGene00050385.,0,0,0
WBGene00050386.,0,0,0
WBGene00050387.,0,6,6
WBGene00050388.,0,0,0
WBGene00050389.,0,0,0
WBGene00050390.,0,0,0
WBGene00050391.,0,0,0
WBGene00050392.,0,0,0
WBGene00050393.,0,0,0
WBGene00050394.,0,1,1
WBGene00050395.,0,0,0
WBGene00050396.,0,0,0
WBGene00050397.,0,0,0
WBGene00050398.,0,3,3
WBGene00050399.,0,0,0
WBGene00050400.,0,0,0
WBGene00050401.,0,0,0
WBGene00050402.,0,0,0
WBGene00050403.,0,4,4
WBGene00050404.,0,0,0
WBGene00050405.,0,0,0
WBGene00050406.,0,0,0
WBGene00050407.,0,0,0
WBGene00050408.,0,9,9
WBGene00050409.,0,1,1
WBGene00050410.,0,7,7
WBGene00050411.,0,0,0
WBGene00050412.,0,0,0
WBGene00050413.,0,1,1
WBGene00050414.,0,3,3
WBGene00050415.,0,0,0
WBGene00050416.,0,4,4
WBGene00050417.,0,0,0
WBGene00050418.,0,0,0
WBGene00050419.,0,0,0
WBGene00050420.,0,3,3
WBGene00050421.,0,0,0
WBGene00050422.,0,0,0
WBGene00050423.,0,4,4
WBGene00050424.,0,4,4
WBGene00050425.,0,0,0
WBGene00050426.,0,2,2
WBGene00050427.,0,0,0
WBGene00050428.,0,4,4
WBGene00050429.,0,0,0
WBGene00050430.,0,0,0
WBGene00050431.,0,0,0
WBGene00050432.,0,0,0
WBGene00050433.,0,2,2
WBGene00050434.,0,2,2
WBGene00050435.,0,2,2
WBGene00050436.,0,0,0
WBGene00050437.,0,0,0
WBGene00050438.,0,0,0
WBGene00050439.,0,0,0
WBGene00050440.,0,4,4
WBGene00050441.,0,0,0
WBGene00050442.,0,0,0
WBGene00050443.,0,3,3
WBGene00050444.,0,0,0
WBGene00050445.,0,0,0
WBGene00050446.,0,0,0
WBGene00050447.,0,1,1
WBGene00050448.,0,0,0
WBGene00050449.,0,0,0
WBGene00050450.,0,0,0
WBGene00050451.,0,3,3
WBGene00050452.,0,1,1
WBGene00050453.,0,4,4
WBGene00050454.,0,0,0
WBGene00050455.,0,0,0
WBGene00050456.,0,3,3
WBGene00050457.,0,0,0
WBGene00050458.,0,1,1
WBGene00050459.,0,0,0
WBGene00050460.,0,0,0
WBGene00050461.,0,12,12
WBGene00050462.,0,0,0
WBGene00050463.,0,0,0
WBGene00050464.,0,0,0
WBGene00050465.,0,2,2
WBGene00050466.,0,3,3
WBGene00050467.,0,0,0
WBGene00050468.,0,4,4
WBGene00050469.,0,0,0
WBGene00050470.,0,1,1
WBGene00050471.,0,3,3
WBGene00050472.,0,4,4
WBGene00050473.,0,0,0
WBGene00050474.,0,14,14
WBGene00050475.,0,0,0
WBGene00050476.,0,0,0
WBGene00050477.,0,4,4
WBGene00050478.,0,0,0
WBGene00050479.,0,0,0
WBGene00050480.,0,1,1
WBGene00050481.,0,0,0
WBGene00050482.,0,0,0
WBGene00050483.,0,0,0
WBGene00050484.,0,0,0
WBGene00050485.,0,0,0
WBGene00050486.,0,4,4
WBGene00050487.,0,0,0
WBGene00050488.,0,0,0
WBGene00050489.,0,0,0
WBGene00050490.,0,2,2
WBGene00050491.,0,0,0
WBGene00050492.,0,0,0
WBGene00050493.,0,0,0
WBGene00050494.,0,0,0
WBGene00050495.,0,0,0
WBGene00050496.,0,2,2
WBGene00050497.,0,0,0
WBGene00050498.,0,9,9
WBGene00050499.,0,0,0
WBGene00050500.,0,0,0
WBGene00050501.,0,1,1
WBGene00050502.,0,0,0
WBGene00050503.,0,0,0
WBGene00050504.,0,0,0
WBGene00050505.,0,0,0
WBGene00050506.,0,8,8
WBGene00050507.,0,3,3
WBGene00050508.,0,0,0
WBGene00050509.,0,0,0
WBGene00050510.,0,0,0
WBGene00050511.,0,3,3
WBGene00050512.,0,0,0
WBGene00050513.,0,2,2
WBGene00050514.,0,2,2
WBGene00050515.,0,0,0
WBGene00050516.,0,7,7
WBGene00050517.,0,0,0
WBGene00050518.,0,0,0
WBGene00050519.,0,0,0
WBGene00050520.,0,0,0
WBGene00050521.,0,8,8
WBGene00050522.,0,0,0
WBGene00050523.,0,0,0
WBGene00050524.,0,0,0
WBGene00050525.,0,0,0
WBGene00050526.,0,0,0
WBGene00050527.,0,4,4
WBGene00050528.,0,0,0
WBGene00050529.,0,3,3
WBGene00050530.,0,0,0
WBGene00050531.,0,0,0
WBGene00050532.,0,0,0
WBGene00050533.,0,0,0
WBGene00050534.,0,0,0
WBGene00050535.,0,0,0
WBGene00050536.,0,0,0
WBGene00050537.,0,1,1
WBGene00050538.,0,0,0
WBGene00050539.,0,0,0
WBGene00050540.,0,1,1
WBGene00050541.,0,0,0
WBGene00050542.,0,13,13
WBGene00050543.,0,0,0
WBGene00050544.,0,0,0
WBGene00050545.,0,0,0
WBGene00050546.,0,0,0
WBGene00050547.,0,0,0
WBGene00050548.,0,0,0
WBGene00050549.,0,0,0
WBGene00050550.,0,0,0
WBGene00050551.,0,6,6
WBGene00050552.,0,0,0
WBGene00050553.,0,0,0
WBGene00050554.,0,1,1
WBGene00050555.,0,1,1
WBGene00050556.,0,0,0
WBGene00050557.,0,2,2
WBGene00050558.,0,0,0
WBGene00050559.,0,0,0
WBGene00050560.,0,10,10
WBGene00050561.,0,0,0
WBGene00050562.,0,0,0
WBGene00050563.,0,0,0
WBGene00050564.,0,0,0
WBGene00050565.,0,0,0
WBGene00050566.,0,0,0
WBGene00050567.,0,0,0
WBGene00050568.,0,0,0
WBGene00050569.,0,0,0
WBGene00050570.,0,0,0
WBGene00050571.,0,6,6
WBGene00050572.,0,8,8
WBGene00050573.,0,9,9
WBGene00050574.,0,0,0
WBGene00050575.,0,0,0
WBGene00050576.,0,0,0
WBGene00050577.,0,0,0
WBGene00050578.,0,9,9
WBGene00050579.,0,0,0
WBGene00050580.,0,4,4
WBGene00050581.,0,0,0
WBGene00050582.,0,3,3
WBGene00050583.,0,1,1
WBGene00050584.,0,0,0
WBGene00050585.,0,1,1
WBGene00050586.,0,0,0
WBGene00050587.,0,0,0
WBGene00050588.,0,0,0
WBGene00050589.,0,1,1
WBGene00050590.,0,1,1
WBGene00050591.,0,2,2
WBGene00050592.,0,0,0
WBGene00050593.,0,8,8
WBGene00050594.,0,0,0
WBGene00050595.,0,0,0
WBGene00050596.,0,0,0
WBGene00050597.,0,0,0
WBGene00050598.,0,1,1
WBGene00050599.,0,0,0
WBGene00050600.,0,0,0
WBGene00050601.,0,0,0
WBGene00050602.,0,0,0
WBGene00050603.,0,0,0
WBGene00050604.,0,6,6
WBGene00050605.,0,0,0
WBGene00050606.,0,0,0
WBGene00050607.,0,0,0
WBGene00050608.,0,0,0
WBGene00050609.,0,0,0
WBGene00050610.,0,0,0
WBGene00050611.,0,0,0
WBGene00050612.,0,0,0
WBGene00050613.,0,0,0
WBGene00050614.,0,2,2
WBGene00050615.,0,0,0
WBGene00050616.,0,1,1
WBGene00050617.,0,9,9
WBGene00050618.,0,1,1
WBGene00050619.,0,0,0
WBGene00050620.,0,0,0
WBGene00050621.,0,0,0
WBGene00050622.,0,0,0
WBGene00050623.,0,4,4
WBGene00050624.,0,0,0
WBGene00050625.,0,2,2
WBGene00050626.,0,0,0
WBGene00050627.,0,1,1
WBGene00050628.,0,1,1
WBGene00050629.,0,1,1
WBGene00050630.,0,3,3
WBGene00050631.,0,0,0
WBGene00050632.,0,0,0
WBGene00050633.,0,0,0
WBGene00050634.,0,0,0
WBGene00050635.,0,0,0
WBGene00050636.,0,4,4
WBGene00050637.,0,0,0
WBGene00050638.,0,3,3
WBGene00050639.,0,0,0
WBGene00050640.,0,0,0
WBGene00050641.,0,0,0
WBGene00050642.,0,0,0
WBGene00050643.,0,0,0
WBGene00050644.,0,0,0
WBGene00050645.,0,0,0
WBGene00050646.,0,2,2
WBGene00050647.,0,1,1
WBGene00050648.,0,1,1
WBGene00050649.,0,0,0
WBGene00050650.,0,0,0
WBGene00050651.,0,0,0
WBGene00050652.,0,0,0
WBGene00050653.,0,11,11
WBGene00050654.,0,5,5
WBGene00050655.,0,4,4
WBGene00050656.,0,0,0
WBGene00050657.,0,0,0
WBGene00050658.,0,5,5
WBGene00050659.,0,0,0
WBGene00050660.,0,0,0
WBGene00050661.,0,3,3
WBGene00050662.,0,0,0
WBGene00050663.,0,0,0
WBGene00050664.,0,12,12
WBGene00050665.,0,0,0
WBGene00050666.,0,0,0
WBGene00050667.,0,0,0
WBGene00050668.,0,0,0
WBGene00050669.,0,0,0
WBGene00050670.,0,0,0
WBGene00050671.,0,0,0
WBGene00050672.,0,0,0
WBGene00050673.,0,0,0
WBGene00050674.,0,2,2
WBGene00050675.,0,2,2
WBGene00050676.,0,0,0
WBGene00050677.,0,4,4
WBGene00050678.,0,0,0
WBGene00050679.,0,0,0
WBGene00050680.,0,1,1
WBGene00050681.,0,0,0
WBGene00050682.,0,0,0
WBGene00050683.,0,3,3
WBGene00050684.,0,0,0
WBGene00050685.,0,7,7
WBGene00050686.,0,2,2
WBGene00050687.,0,2,2
WBGene00050688.,0,0,0
WBGene00050689.,0,13,13
WBGene00050690.,0,0,0
WBGene00050691.,0,1,1
WBGene00050692.,0,1,1
WBGene00050693.,0,0,0
WBGene00050694.,0,0,0
WBGene00050695.,0,10,10
WBGene00050696.,0,0,0
WBGene00050697.,0,10,10
WBGene00050698.,0,0,0
WBGene00050699.,0,0,0
WBGene00050700.,0,2,2
WBGene00050701.,0,0,0
WBGene00050702.,0,0,0
WBGene00050703.,0,1,1
WBGene00050704.,0,0,0
WBGene00050705.,0,6,6
WBGene00050706.,0,0,0
WBGene00050707.,0,15,15
WBGene00050708.,0,0,0
WBGene00050709.,0,1,1
WBGene00050710.,0,1,1
WBGene00050711.,0,0,0
WBGene00050712.,0,3,3
WBGene00050713.,0,0,0
WBGene00050714.,0,0,0
WBGene00050715.,0,0,0
WBGene00050716.,0,0,0
WBGene00050717.,0,0,0
WBGene00050718.,0,0,0
WBGene00050719.,0,4,4
WBGene00050720.,0,0,0
WBGene00050721.,0,0,0
WBGene00050722.,0,0,0
WBGene00050723.,0,4,4
WBGene00050724.,0,0,0
WBGene00050725.,0,0,0
WBGene00050726.,0,0,0
WBGene00050727.,0,1,1
WBGene00050728.,0,0,0
WBGene00050729.,0,4,4
WBGene00050730.,0,0,0
WBGene00050731.,0,0,0
WBGene00050732.,0,0,0
WBGene00050733.,0,6,6
WBGene00050734.,0,0,0
WBGene00050735.,0,7,7
WBGene00050736.,0,1,1
WBGene00050737.,0,1,1
WBGene00050738.,0,3,3
WBGene00050739.,0,0,0
WBGene00050740.,0,1,1
WBGene00050741.,0,1,1
WBGene00050742.,0,1,1
WBGene00050743.,0,0,0
WBGene00050744.,0,0,0
WBGene00050745.,0,1,1
WBGene00050746.,0,0,0
WBGene00050747.,0,0,0
WBGene00050748.,0,1,1
WBGene00050749.,0,0,0
WBGene00050750.,0,0,0
WBGene00050751.,0,0,0
WBGene00050752.,0,0,0
WBGene00050753.,0,0,0
WBGene00050754.,0,2,2
WBGene00050755.,0,0,0
WBGene00050756.,0,0,0
WBGene00050757.,0,0,0
WBGene00050758.,0,0,0
WBGene00050759.,0,0,0
WBGene00050760.,0,0,0
WBGene00050761.,0,4,4
WBGene00050762.,0,0,0
WBGene00050763.,0,0,0
WBGene00050764.,0,0,0
WBGene00050765.,0,0,0
WBGene00050766.,0,2,2
WBGene00050767.,0,0,0
WBGene00050768.,0,0,0
WBGene00050769.,0,0,0
WBGene00050770.,0,1,1
WBGene00050771.,0,0,0
WBGene00050772.,0,0,0
WBGene00050773.,0,2,2
WBGene00050774.,0,0,0
WBGene00050775.,0,0,0
WBGene00050776.,0,0,0
WBGene00050777.,0,0,0
WBGene00050778.,0,14,14
WBGene00050779.,0,0,0
WBGene00050780.,0,0,0
WBGene00050781.,0,0,0
WBGene00050782.,0,0,0
WBGene00050783.,0,0,0
WBGene00050784.,0,8,8
WBGene00050785.,0,0,0
WBGene00050786.,0,0,0
WBGene00050787.,0,8,8
WBGene00050788.,0,3,3
WBGene00050789.,0,2,2
WBGene00050790.,0,0,0
WBGene00050791.,0,3,3
WBGene00050792.,0,0,0
WBGene00050793.,0,0,0
WBGene00050794.,0,1,1
WBGene00050795.,0,0,0
WBGene00050796.,0,0,0
WBGene00050797.,0,0,0
WBGene00050798.,0,0,0
WBGene00050799.,0,6,6
WBGene00050800.,0,0,0
WBGene00050801.,0,8,8
WBGene00050802.,0,0,0
WBGene00050803.,0,0,0
WBGene00050804.,0,0,0
WBGene00050805.,0,4,4
WBGene00050806.,0,0,0
WBGene00050807.,0,0,0
WBGene00050808.,0,0,0
WBGene00050809.,0,0,0
WBGene00050810.,0,0,0
WBGene00050811.,0,2,2
WBGene00050812.,0,0,0
WBGene00050813.,0,3,3
WBGene00050814.,0,12,12
WBGene00050815.,0,4,4
WBGene00050816.,0,0,0
WBGene00050817.,0,2,2
WBGene00050818.,0,1,1
WBGene00050819.,0,1,1
WBGene00050820.,0,0,0
WBGene00050821.,0,0,0
WBGene00050822.,0,0,0
WBGene00050823.,0,2,2
WBGene00050824.,0,1,1
WBGene00050825.,0,2,2
WBGene00050826.,0,3,3
WBGene00050827.,0,1,1
WBGene00050828.,0,2,2
WBGene00050829.,0,4,4
WBGene00050830.,0,0,0
WBGene00050831.,0,4,4
WBGene00050832.,0,0,0
WBGene00050833.,0,3,3
WBGene00050834.,0,0,0
WBGene00050835.,0,0,0
WBGene00050836.,0,0,0
WBGene00050837.,0,6,6
WBGene00050838.,0,1,1
WBGene00050839.,0,0,0
WBGene00050840.,0,1,1
WBGene00050841.,0,0,0
WBGene00050842.,0,0,0
WBGene00050843.,0,0,0
WBGene00050844.,0,1,1
WBGene00050845.,0,0,0
WBGene00050846.,0,4,4
WBGene00050847.,0,0,0
WBGene00050848.,0,0,0
WBGene00050849.,0,1,1
WBGene00050850.,0,0,0
WBGene00050851.,0,1,1
WBGene00050852.,0,2,2
WBGene00050853.,0,0,0
WBGene00050854.,0,2,2
WBGene00050855.,0,1,1
WBGene00050856.,0,1,1
WBGene00050857.,0,0,0
WBGene00050858.,0,0,0
WBGene00050859.,0,0,0
WBGene00050860.,0,3,3
WBGene00050861.,0,1,1
WBGene00050862.,0,1,1
WBGene00050863.,0,0,0
WBGene00050864.,0,0,0
WBGene00050865.,0,2,2
WBGene00050866.,0,0,0
WBGene00050867.,0,0,0
WBGene00050868.,0,2,2
WBGene00050869.,0,0,0
WBGene00050870.,0,0,0
WBGene00050871.,0,0,0
WBGene00050873.,0,22,22
WBGene00050874.,0,5,5
WBGene00050875.,19,8,27
WBGene00050878.,14,2,16
WBGene00050879.,4,2,6
WBGene00050880.,21,1,22
WBGene00050881.,15,13,28
WBGene00050883.,0,2,2
WBGene00050884.,134,386,520
WBGene00050885.,84,323,407
WBGene00050889.,69,283,352
WBGene00050890.,0,23,23
WBGene00050891.,0,82,82
WBGene00050892.,7,6,13
WBGene00050893.,0,4,4
WBGene00050894.,0,1,1
WBGene00050896.,1,12,13
WBGene00050897.,0,4,4
WBGene00050898.,0,2,2
WBGene00050899.,40,468,508
WBGene00050900.,0,3,3
WBGene00050902.,0,0,0
WBGene00050903.,214,994,1208
WBGene00050904.,7,54,61
WBGene00050906.,9,7,16
WBGene00050907.,0,0,0
WBGene00050910.,2,5,7
WBGene00050911.,0,5,5
WBGene00050912.,0,0,0
WBGene00050913.,1,3,4
WBGene00050914.,2,5,7
WBGene00050915.,15,29,44
WBGene00050916.,14,17,31
WBGene00050917.,19,106,125
WBGene00050919.,28,10,38
WBGene00050920.,32,235,267
WBGene00050921.,0,0,0
WBGene00050922.,0,0,0
WBGene00050923.,0,4,4
WBGene00050924.,0,0,0
WBGene00050926.,6,16,22
WBGene00050927.,130,129,259
WBGene00050928.,0,3,3
WBGene00050929.,0,0,0
WBGene00050930.,18,6,24
WBGene00050931.,7,3,10
WBGene00050932.,5,1,6
WBGene00050933.,0,8,8
WBGene00050934.,21,35,56
WBGene00050935.,321,15,336
WBGene00050936.,0,333,333
WBGene00050937.,15,284,299
WBGene00050938.,0,5,5
WBGene00050939.,0,0,0
WBGene00050940.,1,12,13
WBGene00050941.,4,430,434
WBGene00050943.,31,97,128
WBGene00050944.,132,883,1015
WBGene00050945.,4,131,135
WBGene00050946.,10,31,41
WBGene00050947.,23,438,461
WBGene00050948.,32,33,65
WBGene00050949.,0,1,1
WBGene00050950.,0,2,2
WBGene00050951.,0,1,1
WBGene00050954.,0,3,3
WBGene00050955.,3,5,8
WBGene00050956.,6,0,6
WBGene00050957.,28,15,43
WBGene00050958.,0,8,8
WBGene00050959.,0,0,0
WBGene00050960.,0,0,0
WBGene00050961.,0,0,0
WBGene00050962.,0,3,3
WBGene00050963.,0,1,1
WBGene00050964.,0,5,5
WBGene00050965.,0,0,0
WBGene00050967.,7,40,47
WBGene00050968.,0,1,1
WBGene00050970.,0,7,7
WBGene00050971.,0,7,7
WBGene00050972.,0,0,0
WBGene00050973.,0,8,8
WBGene00050974.,0,13,13
WBGene00050976.,0,6,6
WBGene00050977.,2,35,37
WBGene00077434.,80,2,82
WBGene00077436.,13,0,13
WBGene00077437.,794,3805,4599
WBGene00077438.,13,5,18
WBGene00077439.,5,67,72
WBGene00077440.,18,22,40
WBGene00077441.,0,0,0
WBGene00077442.,26,2,28
WBGene00077443.,0,21,21
WBGene00077444.,0,9,9
WBGene00077445.,1,3,4
WBGene00077446.,0,8,8
WBGene00077447.,0,4,4
WBGene00077448.,78,1,79
WBGene00077449.,0,7,7
WBGene00077450.,12,1,13
WBGene00077451.,0,5,5
WBGene00077452.,0,0,0
WBGene00077453.,17,403,420
WBGene00077454.,0,5,5
WBGene00077455.,14,23,37
WBGene00077456.,0,0,0
WBGene00077457.,14,98,112
WBGene00077459.,8,5,13
WBGene00077460.,0,11,11
WBGene00077461.,0,9,9
WBGene00077462.,0,0,0
WBGene00077463.,1,1,2
WBGene00077464.,3,4,7
WBGene00077465.,0,18,18
WBGene00077466.,0,42,42
WBGene00077467.,0,4,4
WBGene00077468.,0,0,0
WBGene00077469.,0,1,1
WBGene00077470.,0,7,7
WBGene00077471.,0,0,0
WBGene00077472.,0,0,0
WBGene00077473.,0,0,0
WBGene00077474.,0,0,0
WBGene00077475.,0,5,5
WBGene00077476.,0,0,0
WBGene00077477.,0,0,0
WBGene00077478.,0,0,0
WBGene00077479.,0,0,0
WBGene00077480.,0,0,0
WBGene00077481.,0,0,0
WBGene00077482.,0,0,0
WBGene00077483.,0,0,0
WBGene00077484.,0,0,0
WBGene00077485.,0,0,0
WBGene00077486.,0,0,0
WBGene00077487.,0,0,0
WBGene00077488.,0,0,0
WBGene00077489.,7,16,23
WBGene00077490.,25,153,178
WBGene00077491.,6,80,86
WBGene00077492.,0,1,1
WBGene00077493.,15,9,24
WBGene00077494.,2,1,3
WBGene00077495.,1,10,11
WBGene00077496.,0,10,10
WBGene00077497.,148,165,313
WBGene00077498.,0,0,0
WBGene00077499.,0,1,1
WBGene00077500.,23,118,141
WBGene00077501.,0,4,4
WBGene00077502.,1,1,2
WBGene00077503.,1,10,11
WBGene00077504.,0,5,5
WBGene00077506.,0,4,4
WBGene00077508.,42,11,53
WBGene00077510.,0,0,0
WBGene00077514.,8,8,16
WBGene00077515.,0,0,0
WBGene00077516.,0,0,0
WBGene00077517.,0,0,0
WBGene00077519.,0,8,8
WBGene00077520.,128,456,584
WBGene00077521.,0,366,366
WBGene00077522.,20,107,127
WBGene00077523.,5,6,11
WBGene00077524.,0,9,9
WBGene00077525.,11,54,65
WBGene00077526.,1909,10092,12001
WBGene00077527.,0,4,4
WBGene00077531.,0,8,8
WBGene00077534.,2,0,2
WBGene00077535.,18,13,31
WBGene00077536.,15,71,86
WBGene00077537.,2,32,34
WBGene00077538.,12,25,37
WBGene00077539.,121,42,163
WBGene00077543.,7,26,33
WBGene00077546.,1,3,4
WBGene00077548.,9,8,17
WBGene00077549.,1,8,9
WBGene00077551.,0,13,13
WBGene00077552.,181,8,189
WBGene00077553.,28,31,59
WBGene00077555.,0,3,3
WBGene00077556.,4,32,36
WBGene00077557.,19,29,48
WBGene00077558.,24,29,53
WBGene00077559.,10,43,53
WBGene00077561.,0,5,5
WBGene00077562.,18,6,24
WBGene00077563.,63,18,81
WBGene00077564.,5,28,33
WBGene00077565.,0,0,0
WBGene00077566.,0,1,1
WBGene00077567.,0,1,1
WBGene00077568.,0,35,35
WBGene00077569.,22,11,33
WBGene00077570.,9,29,38
WBGene00077571.,0,3,3
WBGene00077572.,25,102,127
WBGene00077573.,10,167,177
WBGene00077574.,4,14,18
WBGene00077575.,0,1,1
WBGene00077576.,2,2,4
WBGene00077577.,8,9,17
WBGene00077579.,7,8,15
WBGene00077580.,0,14,14
WBGene00077581.,0,1,1
WBGene00077582.,10,2,12
WBGene00077583.,8,6,14
WBGene00077584.,0,5,5
WBGene00077585.,18,35,53
WBGene00077586.,3,29,32
WBGene00077588.,3,13,16
WBGene00077589.,0,0,0
WBGene00077590.,0,7,7
WBGene00077592.,16,4,20
WBGene00077593.,18,34,52
WBGene00077594.,163,167,330
WBGene00077595.,0,2,2
WBGene00077596.,21,8,29
WBGene00077597.,0,0,0
WBGene00077598.,0,0,0
WBGene00077599.,95,348,443
WBGene00077600.,5,1,6
WBGene00077601.,0,7,7
WBGene00077602.,0,1,1
WBGene00077603.,0,1,1
WBGene00077604.,1,5,6
WBGene00077605.,0,0,0
WBGene00077606.,0,0,0
WBGene00077607.,0,1,1
WBGene00077608.,0,4,4
WBGene00077609.,0,8,8
WBGene00077610.,0,7,7
WBGene00077611.,0,2,2
WBGene00077612.,0,2,2
WBGene00077613.,0,5,5
WBGene00077614.,0,0,0
WBGene00077615.,38,27,65
WBGene00077616.,9,32,41
WBGene00077617.,0,9,9
WBGene00077618.,0,3,3
WBGene00077619.,1,13,14
WBGene00077620.,0,0,0
WBGene00077621.,10,4,14
WBGene00077622.,1,5,6
WBGene00077624.,0,0,0
WBGene00077625.,8,6,14
WBGene00077626.,0,5,5
WBGene00077627.,0,3,3
WBGene00077629.,11,9,20
WBGene00077630.,0,2,2
WBGene00077631.,0,20,20
WBGene00077632.,0,4,4
WBGene00077633.,0,2,2
WBGene00077634.,1,0,1
WBGene00077635.,0,2,2
WBGene00077636.,36,79,115
WBGene00077637.,0,4,4
WBGene00077638.,0,2,2
WBGene00077640.,3,3,6
WBGene00077641.,0,2,2
WBGene00077642.,0,2,2
WBGene00077643.,150,386,536
WBGene00077644.,0,2,2
WBGene00077646.,0,12,12
WBGene00077647.,0,5,5
WBGene00077648.,0,4,4
WBGene00077649.,9,5,14
WBGene00077650.,0,0,0
WBGene00077651.,0,0,0
WBGene00077652.,6,6,12
WBGene00077653.,0,3,3
WBGene00077654.,0,3,3
WBGene00077655.,0,11,11
WBGene00077656.,0,2,2
WBGene00077657.,0,20,20
WBGene00077658.,58,396,454
WBGene00077659.,1,5,6
WBGene00077660.,0,0,0
WBGene00077662.,0,0,0
WBGene00077663.,0,20,20
WBGene00077664.,4,9,13
WBGene00077666.,0,1,1
WBGene00077667.,0,6,6
WBGene00077669.,193,278,471
WBGene00077670.,1,2,3
WBGene00077671.,0,1,1
WBGene00077673.,0,10,10
WBGene00077674.,3,37,40
WBGene00077679.,13,38,51
WBGene00077680.,9,14,23
WBGene00077681.,32,94,126
WBGene00077682.,4,15,19
WBGene00077684.,0,6,6
WBGene00077685.,0,3,3
WBGene00077686.,0,1,1
WBGene00077687.,0,3,3
WBGene00077688.,13,4,17
WBGene00077689.,5,19,24
WBGene00077690.,20,468,488
WBGene00077691.,2,22,24
WBGene00077692.,18,59,77
WBGene00077693.,181,2262,2443
WBGene00077694.,0,0,0
WBGene00077695.,0,0,0
WBGene00077696.,23,30,53
WBGene00077697.,138,57,195
WBGene00077698.,64,179,243
WBGene00077699.,8,16,24
WBGene00077701.,23,186,209
WBGene00077703.,21,9,30
WBGene00077704.,7,99,106
WBGene00077705.,0,0,0
WBGene00077706.,0,0,0
WBGene00077707.,0,0,0
WBGene00077708.,0,1,1
WBGene00077709.,0,0,0
WBGene00077712.,29,133,162
WBGene00077714.,7,5,12
WBGene00077715.,0,1,1
WBGene00077716.,0,15,15
WBGene00077717.,0,1,1
WBGene00077718.,0,0,0
WBGene00077719.,0,0,0
WBGene00077720.,0,0,0
WBGene00077721.,0,7,7
WBGene00077722.,0,1,1
WBGene00077723.,0,0,0
WBGene00077724.,0,0,0
WBGene00077725.,0,0,0
WBGene00077726.,0,20,20
WBGene00077727.,0,2,2
WBGene00077728.,0,276,276
WBGene00077732.,21,92,113
WBGene00077750.,0,2,2
WBGene00077751.,6,8,14
WBGene00077752.,52,82,134
WBGene00077753.,27,61,88
WBGene00077754.,6,44,50
WBGene00077755.,0,2,2
WBGene00077756.,5,15,20
WBGene00077757.,41,131,172
WBGene00077758.,17,12,29
WBGene00077759.,29,28,57
WBGene00077761.,36,1111,1147
WBGene00077762.,5,23,28
WBGene00077763.,42,112,154
WBGene00077764.,0,458,458
WBGene00077765.,0,42,42
WBGene00077766.,0,4,4
WBGene00077767.,3,2,5
WBGene00077768.,18,66,84
WBGene00077769.,6,73,79
WBGene00077770.,20,57,77
WBGene00077771.,1172,8921,10093
WBGene00077772.,2,54,56
WBGene00077773.,0,185,185
WBGene00077775.,104,449,553
WBGene00077781.,2,15,17
WBGene00077782.,19,4,23
WBGene00077783.,14,71,85
WBGene00077784.,2,15,17
WBGene00077785.,20,17,37
WBGene00077786.,264,255,519
WBGene00077787.,11,33,44
WBGene00077788.,5,18,23
WBGene00077789.,5,6,11
WBGene00086546.,39,150,189
WBGene00086551.,12,134,146
WBGene00086552.,0,1,1
WBGene00086553.,106,1028,1134
WBGene00086554.,0,17,17
WBGene00086555.,32,5,37
WBGene00086556.,12,30,42
WBGene00086557.,54,401,455
WBGene00086558.,18,192,210
WBGene00086559.,30,113,143
WBGene00086560.,6,21,27
WBGene00086561.,0,2,2
WBGene00086562.,24,18,42
WBGene00086563.,0,3,3
WBGene00086564.,2,14,16
WBGene00086565.,1,8,9
WBGene00086566.,48,284,332
WBGene00086567.,0,2,2
WBGene00086568.,25,22,47
WBGene00086569.,69,309,378
WBGene00119201.,22,10,32
WBGene00119203.,40,252,292
WBGene00119204.,2,8,10
WBGene00138711.,9,31,40
WBGene00138714.,0,1,1
WBGene00138715.,2,3,5
WBGene00138716.,2,19,21
WBGene00138717.,238,663,901
WBGene00138719.,13,9,22
WBGene00138720.,26,203,229
WBGene00138721.,23,19,42
WBGene00138724.,0,46,46
WBGene00164968.,28,79,107
WBGene00164969.,0,0,0
WBGene00164971.,4,1,5
WBGene00164972.,1,19,20
WBGene00164973.,4,105,109
WBGene00164974.,1,3,4
WBGene00164983.,3,38,41
WBGene00164985.,40,116,156
WBGene00164986.,8,12,20
WBGene00164991.,0,0,0
WBGene00164992.,0,0,0
WBGene00164993.,0,0,0
WBGene00164994.,0,0,0
WBGene00164995.,0,0,0
WBGene00164996.,0,0,0
WBGene00164997.,0,0,0
WBGene00164998.,0,0,0
WBGene00164999.,0,0,0
WBGene00165000.,0,0,0
WBGene00165001.,0,0,0
WBGene00165002.,0,0,0
WBGene00165003.,0,2,2
WBGene00165004.,0,0,0
WBGene00165005.,0,0,0
WBGene00165006.,0,0,0
WBGene00165007.,0,1,1
WBGene00165009.,0,0,0
WBGene00165010.,0,0,0
WBGene00165011.,0,0,0
WBGene00165012.,0,0,0
WBGene00165013.,0,0,0
WBGene00165014.,0,2,2
WBGene00165015.,0,3,3
WBGene00165016.,0,0,0
WBGene00165017.,0,1,1
WBGene00165018.,0,1,1
WBGene00165019.,0,4,4
WBGene00165020.,0,0,0
WBGene00165021.,0,0,0
WBGene00165022.,0,0,0
WBGene00165023.,0,0,0
WBGene00165024.,0,2,2
WBGene00165025.,0,0,0
WBGene00165026.,0,0,0
WBGene00165027.,0,0,0
WBGene00165028.,0,0,0
WBGene00165029.,0,0,0
WBGene00165030.,0,7,7
WBGene00165031.,0,1,1
WBGene00165032.,0,0,0
WBGene00165033.,0,0,0
WBGene00165034.,0,0,0
WBGene00165035.,0,0,0
WBGene00165036.,0,0,0
WBGene00165037.,0,0,0
WBGene00165038.,0,2,2
WBGene00165039.,0,0,0
WBGene00165040.,0,0,0
WBGene00165041.,0,2,2
WBGene00165042.,0,0,0
WBGene00165043.,0,0,0
WBGene00165044.,0,0,0
WBGene00165045.,0,0,0
WBGene00165046.,0,0,0
WBGene00165047.,0,1,1
WBGene00165048.,0,0,0
WBGene00165049.,0,0,0
WBGene00165050.,0,0,0
WBGene00165051.,0,0,0
WBGene00165052.,0,0,0
WBGene00165053.,0,3,3
WBGene00165054.,0,1,1
WBGene00165055.,0,0,0
WBGene00165056.,0,13,13
WBGene00165057.,0,3,3
WBGene00165058.,0,0,0
WBGene00165059.,0,0,0
WBGene00165060.,0,0,0
WBGene00165061.,0,0,0
WBGene00165062.,0,0,0
WBGene00165063.,0,1,1
WBGene00165064.,0,0,0
WBGene00165065.,0,0,0
WBGene00165066.,0,0,0
WBGene00165067.,0,0,0
WBGene00165068.,0,0,0
WBGene00165069.,0,0,0
WBGene00165070.,0,0,0
WBGene00165071.,0,0,0
WBGene00165072.,0,0,0
WBGene00165073.,0,0,0
WBGene00165074.,0,0,0
WBGene00165075.,0,1,1
WBGene00165076.,0,0,0
WBGene00165077.,0,1,1
WBGene00165078.,0,0,0
WBGene00165079.,0,0,0
WBGene00165080.,0,0,0
WBGene00165081.,0,8,8
WBGene00165082.,0,3,3
WBGene00165083.,0,0,0
WBGene00165084.,0,0,0
WBGene00165085.,0,0,0
WBGene00165086.,0,0,0
WBGene00165087.,0,0,0
WBGene00165088.,0,3,3
WBGene00165089.,0,0,0
WBGene00165090.,0,0,0
WBGene00165091.,0,0,0
WBGene00165092.,0,0,0
WBGene00165093.,0,5,5
WBGene00165094.,0,8,8
WBGene00165095.,0,0,0
WBGene00165096.,0,0,0
WBGene00165097.,0,0,0
WBGene00165098.,0,0,0
WBGene00165099.,0,0,0
WBGene00165100.,0,0,0
WBGene00165101.,0,0,0
WBGene00165102.,0,3,3
WBGene00165103.,0,0,0
WBGene00165104.,0,0,0
WBGene00165105.,0,3,3
WBGene00165106.,0,0,0
WBGene00165107.,0,10,10
WBGene00165108.,0,0,0
WBGene00165109.,0,0,0
WBGene00165110.,0,0,0
WBGene00165111.,0,2,2
WBGene00165112.,0,1,1
WBGene00165113.,0,0,0
WBGene00165114.,0,1,1
WBGene00165115.,0,0,0
WBGene00165116.,0,0,0
WBGene00165117.,0,0,0
WBGene00165118.,0,0,0
WBGene00165119.,0,0,0
WBGene00165120.,0,5,5
WBGene00165121.,0,0,0
WBGene00165122.,0,0,0
WBGene00165123.,0,0,0
WBGene00165124.,0,0,0
WBGene00165125.,0,0,0
WBGene00165126.,0,1,1
WBGene00165127.,0,6,6
WBGene00165128.,0,2,2
WBGene00165129.,0,0,0
WBGene00165130.,0,3,3
WBGene00165131.,0,0,0
WBGene00165132.,0,0,0
WBGene00165133.,0,1,1
WBGene00165134.,0,1,1
WBGene00165135.,0,0,0
WBGene00165136.,0,1,1
WBGene00165137.,0,1,1
WBGene00165138.,0,0,0
WBGene00165139.,0,0,0
WBGene00165140.,0,6,6
WBGene00165141.,0,0,0
WBGene00165142.,0,2,2
WBGene00165143.,0,0,0
WBGene00165144.,0,0,0
WBGene00165146.,0,3,3
WBGene00165147.,0,7,7
WBGene00165148.,0,0,0
WBGene00165149.,0,1,1
WBGene00165150.,0,0,0
WBGene00165151.,0,0,0
WBGene00165152.,0,0,0
WBGene00165153.,0,5,5
WBGene00165154.,0,0,0
WBGene00165155.,0,0,0
WBGene00165156.,0,1,1
WBGene00165157.,0,1,1
WBGene00165158.,0,0,0
WBGene00165159.,0,1,1
WBGene00165160.,0,0,0
WBGene00165161.,0,0,0
WBGene00165162.,0,0,0
WBGene00165163.,0,0,0
WBGene00165164.,0,0,0
WBGene00165165.,0,0,0
WBGene00165166.,0,0,0
WBGene00165167.,0,1,1
WBGene00165168.,0,5,5
WBGene00165169.,0,3,3
WBGene00165170.,0,0,0
WBGene00165171.,0,0,0
WBGene00165172.,0,0,0
WBGene00165173.,0,0,0
WBGene00165174.,0,0,0
WBGene00165175.,0,0,0
WBGene00165176.,0,10,10
WBGene00165177.,0,1,1
WBGene00165178.,0,0,0
WBGene00165179.,0,0,0
WBGene00165180.,0,0,0
WBGene00165181.,0,0,0
WBGene00165182.,0,1,1
WBGene00165183.,0,1,1
WBGene00165184.,0,0,0
WBGene00165185.,0,0,0
WBGene00165186.,0,0,0
WBGene00165187.,0,2,2
WBGene00165188.,0,0,0
WBGene00165189.,0,0,0
WBGene00165190.,0,7,7
WBGene00165191.,0,0,0
WBGene00165192.,0,0,0
WBGene00165193.,0,0,0
WBGene00165194.,0,0,0
WBGene00165195.,0,0,0
WBGene00165196.,0,0,0
WBGene00165197.,0,3,3
WBGene00165198.,0,4,4
WBGene00165199.,0,0,0
WBGene00165200.,0,0,0
WBGene00165201.,0,0,0
WBGene00165202.,0,1,1
WBGene00165203.,0,0,0
WBGene00165204.,0,0,0
WBGene00165205.,0,0,0
WBGene00165206.,0,0,0
WBGene00165207.,0,0,0
WBGene00165208.,0,15,15
WBGene00165209.,0,0,0
WBGene00165210.,0,0,0
WBGene00165211.,0,0,0
WBGene00165212.,0,9,9
WBGene00165213.,0,5,5
WBGene00165214.,0,0,0
WBGene00165215.,0,0,0
WBGene00165217.,0,2,2
WBGene00165218.,0,17,17
WBGene00165219.,0,0,0
WBGene00165220.,0,0,0
WBGene00165221.,0,1,1
WBGene00165222.,0,0,0
WBGene00165223.,0,0,0
WBGene00165224.,0,0,0
WBGene00165225.,0,0,0
WBGene00165226.,0,0,0
WBGene00165227.,0,0,0
WBGene00165228.,0,0,0
WBGene00165229.,0,0,0
WBGene00165230.,0,2,2
WBGene00165231.,0,0,0
WBGene00165232.,0,0,0
WBGene00165233.,0,0,0
WBGene00165234.,0,0,0
WBGene00165235.,0,16,16
WBGene00165236.,0,0,0
WBGene00165237.,0,0,0
WBGene00165238.,0,0,0
WBGene00165239.,0,1,1
WBGene00165240.,0,5,5
WBGene00165241.,0,0,0
WBGene00165242.,0,0,0
WBGene00165243.,0,0,0
WBGene00165244.,0,0,0
WBGene00165245.,0,0,0
WBGene00165246.,0,0,0
WBGene00165247.,0,2,2
WBGene00165248.,0,0,0
WBGene00165249.,0,5,5
WBGene00165250.,0,0,0
WBGene00165251.,0,1,1
WBGene00165252.,0,0,0
WBGene00165253.,0,0,0
WBGene00165254.,0,0,0
WBGene00165255.,0,0,0
WBGene00165256.,0,2,2
WBGene00165257.,0,1,1
WBGene00165258.,0,0,0
WBGene00165259.,0,0,0
WBGene00165260.,0,1,1
WBGene00165261.,0,0,0
WBGene00165262.,0,0,0
WBGene00165263.,0,0,0
WBGene00165264.,0,1,1
WBGene00165265.,0,0,0
WBGene00165266.,0,0,0
WBGene00165267.,0,0,0
WBGene00165268.,0,0,0
WBGene00165269.,0,3,3
WBGene00165270.,0,0,0
WBGene00165271.,0,0,0
WBGene00165272.,0,3,3
WBGene00165273.,0,0,0
WBGene00165274.,0,0,0
WBGene00165275.,0,0,0
WBGene00165276.,0,0,0
WBGene00165277.,0,0,0
WBGene00165278.,0,0,0
WBGene00165279.,0,0,0
WBGene00165280.,0,0,0
WBGene00165281.,0,0,0
WBGene00165282.,0,0,0
WBGene00165283.,0,0,0
WBGene00165284.,0,6,6
WBGene00165285.,0,0,0
WBGene00165286.,0,0,0
WBGene00165287.,0,0,0
WBGene00165288.,0,0,0
WBGene00165289.,0,0,0
WBGene00165290.,0,1,1
WBGene00165291.,0,0,0
WBGene00165292.,0,0,0
WBGene00165293.,0,0,0
WBGene00165294.,0,0,0
WBGene00165295.,0,0,0
WBGene00165296.,0,7,7
WBGene00165297.,0,0,0
WBGene00165298.,0,1,1
WBGene00165299.,0,0,0
WBGene00165300.,0,0,0
WBGene00165301.,0,0,0
WBGene00165302.,0,8,8
WBGene00165303.,0,3,3
WBGene00165304.,0,0,0
WBGene00165305.,0,5,5
WBGene00165306.,0,0,0
WBGene00165307.,0,0,0
WBGene00165308.,0,0,0
WBGene00165309.,0,0,0
WBGene00165310.,0,0,0
WBGene00165311.,0,0,0
WBGene00165312.,0,1,1
WBGene00165313.,0,4,4
WBGene00165314.,0,3,3
WBGene00165315.,0,0,0
WBGene00165316.,0,0,0
WBGene00165317.,0,0,0
WBGene00165318.,0,0,0
WBGene00165319.,0,0,0
WBGene00165320.,0,0,0
WBGene00165321.,0,4,4
WBGene00165322.,0,0,0
WBGene00165323.,0,4,4
WBGene00165324.,0,7,7
WBGene00165325.,0,6,6
WBGene00165326.,0,0,0
WBGene00165327.,0,0,0
WBGene00165328.,0,0,0
WBGene00165329.,0,0,0
WBGene00165330.,0,0,0
WBGene00165331.,0,0,0
WBGene00165332.,0,0,0
WBGene00165333.,0,0,0
WBGene00165334.,0,2,2
WBGene00165335.,0,0,0
WBGene00165336.,0,0,0
WBGene00165337.,0,0,0
WBGene00165338.,0,0,0
WBGene00165339.,0,0,0
WBGene00165340.,0,0,0
WBGene00165341.,0,0,0
WBGene00165342.,0,0,0
WBGene00165343.,0,0,0
WBGene00165344.,0,4,4
WBGene00165345.,0,0,0
WBGene00165346.,0,0,0
WBGene00165347.,0,0,0
WBGene00165348.,0,58,58
WBGene00165349.,0,5,5
WBGene00165350.,0,1,1
WBGene00165351.,0,4,4
WBGene00165352.,0,0,0
WBGene00165353.,0,3,3
WBGene00165354.,0,5,5
WBGene00165355.,0,0,0
WBGene00165356.,0,0,0
WBGene00165357.,0,1,1
WBGene00165358.,0,1,1
WBGene00165359.,0,2,2
WBGene00165360.,0,0,0
WBGene00165361.,0,4,4
WBGene00165362.,0,0,0
WBGene00165363.,0,0,0
WBGene00165364.,0,0,0
WBGene00165365.,0,0,0
WBGene00165366.,0,0,0
WBGene00165367.,0,0,0
WBGene00165368.,0,0,0
WBGene00165369.,0,0,0
WBGene00165370.,0,0,0
WBGene00165371.,0,0,0
WBGene00165372.,0,0,0
WBGene00165373.,0,8,8
WBGene00165374.,0,1,1
WBGene00165375.,0,2,2
WBGene00165376.,0,4,4
WBGene00165377.,0,0,0
WBGene00165378.,0,0,0
WBGene00165379.,0,2,2
WBGene00165380.,0,4,4
WBGene00165381.,0,0,0
WBGene00165382.,0,1,1
WBGene00165383.,0,0,0
WBGene00165384.,0,2,2
WBGene00165385.,0,0,0
WBGene00165386.,0,4,4
WBGene00165387.,0,0,0
WBGene00165388.,0,3,3
WBGene00165389.,0,1,1
WBGene00165390.,0,0,0
WBGene00165391.,0,0,0
WBGene00165392.,0,0,0
WBGene00165393.,0,0,0
WBGene00165394.,0,3,3
WBGene00165395.,0,0,0
WBGene00165396.,0,0,0
WBGene00165397.,0,0,0
WBGene00165398.,0,10,10
WBGene00165399.,0,4,4
WBGene00165400.,0,1,1
WBGene00165401.,0,0,0
WBGene00165402.,0,0,0
WBGene00165403.,0,0,0
WBGene00165404.,0,0,0
WBGene00165405.,0,0,0
WBGene00165406.,0,0,0
WBGene00165407.,0,0,0
WBGene00165408.,0,0,0
WBGene00165409.,0,0,0
WBGene00165410.,0,0,0
WBGene00165411.,0,0,0
WBGene00165412.,0,0,0
WBGene00165413.,0,0,0
WBGene00165414.,0,0,0
WBGene00165415.,0,0,0
WBGene00165416.,0,0,0
WBGene00165417.,0,1,1
WBGene00165418.,0,0,0
WBGene00165419.,0,0,0
WBGene00165420.,0,0,0
WBGene00165421.,0,1,1
WBGene00165422.,0,0,0
WBGene00165423.,0,0,0
WBGene00165424.,0,0,0
WBGene00165425.,0,4,4
WBGene00165426.,0,2,2
WBGene00165427.,0,6,6
WBGene00165428.,0,0,0
WBGene00165429.,0,0,0
WBGene00165430.,0,0,0
WBGene00165431.,0,0,0
WBGene00165432.,0,0,0
WBGene00165433.,0,0,0
WBGene00165434.,0,0,0
WBGene00165435.,0,1,1
WBGene00165436.,0,0,0
WBGene00165438.,0,2,2
WBGene00165439.,0,0,0
WBGene00165440.,0,1,1
WBGene00165441.,0,0,0
WBGene00165442.,0,0,0
WBGene00165443.,0,0,0
WBGene00165444.,0,0,0
WBGene00165445.,0,0,0
WBGene00165446.,0,0,0
WBGene00165447.,0,4,4
WBGene00165448.,0,6,6
WBGene00165449.,0,2,2
WBGene00165450.,0,0,0
WBGene00165451.,0,0,0
WBGene00165452.,0,0,0
WBGene00165453.,0,0,0
WBGene00165454.,0,0,0
WBGene00165455.,0,0,0
WBGene00165456.,0,0,0
WBGene00165457.,0,0,0
WBGene00165458.,0,0,0
WBGene00165459.,0,1,1
WBGene00165460.,0,2,2
WBGene00165461.,0,0,0
WBGene00165462.,0,7,7
WBGene00165463.,0,0,0
WBGene00165464.,0,11,11
WBGene00165465.,0,0,0
WBGene00165466.,0,0,0
WBGene00165467.,0,2,2
WBGene00165468.,0,0,0
WBGene00165469.,0,0,0
WBGene00165470.,0,0,0
WBGene00165471.,0,1,1
WBGene00165472.,0,1,1
WBGene00165473.,0,0,0
WBGene00165474.,0,0,0
WBGene00165475.,0,0,0
WBGene00165476.,0,0,0
WBGene00165477.,0,0,0
WBGene00165478.,0,0,0
WBGene00165479.,0,4,4
WBGene00165480.,0,1,1
WBGene00165481.,0,0,0
WBGene00165482.,0,0,0
WBGene00165483.,0,0,0
WBGene00165484.,0,0,0
WBGene00165485.,0,0,0
WBGene00165486.,0,4,4
WBGene00165487.,0,0,0
WBGene00165488.,0,0,0
WBGene00165489.,0,0,0
WBGene00165490.,0,2,2
WBGene00165491.,0,0,0
WBGene00165492.,0,0,0
WBGene00165493.,0,0,0
WBGene00165494.,0,0,0
WBGene00165495.,0,0,0
WBGene00165496.,0,2,2
WBGene00165497.,0,0,0
WBGene00165498.,0,0,0
WBGene00165499.,0,0,0
WBGene00165500.,0,1,1
WBGene00165501.,0,0,0
WBGene00165502.,0,0,0
WBGene00165503.,0,0,0
WBGene00165504.,0,4,4
WBGene00165505.,0,0,0
WBGene00165506.,0,13,13
WBGene00165507.,0,0,0
WBGene00165508.,0,0,0
WBGene00165509.,0,0,0
WBGene00165510.,0,0,0
WBGene00165511.,0,1,1
WBGene00165512.,0,0,0
WBGene00165513.,0,7,7
WBGene00165514.,0,0,0
WBGene00165515.,0,0,0
WBGene00165516.,0,0,0
WBGene00165517.,0,0,0
WBGene00165518.,0,0,0
WBGene00165519.,0,6,6
WBGene00165520.,0,0,0
WBGene00165521.,0,0,0
WBGene00165522.,0,0,0
WBGene00165523.,0,0,0
WBGene00165524.,0,0,0
WBGene00165525.,0,2,2
WBGene00165526.,0,1,1
WBGene00165527.,0,0,0
WBGene00165528.,0,0,0
WBGene00165529.,0,0,0
WBGene00165530.,0,0,0
WBGene00165531.,0,0,0
WBGene00165532.,0,0,0
WBGene00165533.,0,0,0
WBGene00165534.,0,0,0
WBGene00165535.,0,0,0
WBGene00165536.,0,0,0
WBGene00165537.,0,0,0
WBGene00165538.,0,3,3
WBGene00165539.,0,0,0
WBGene00165540.,0,0,0
WBGene00165541.,0,0,0
WBGene00165542.,0,2,2
WBGene00165543.,0,0,0
WBGene00165544.,0,7,7
WBGene00165545.,0,1,1
WBGene00165546.,0,0,0
WBGene00165547.,0,0,0
WBGene00165548.,0,0,0
WBGene00165549.,0,0,0
WBGene00165550.,0,0,0
WBGene00165551.,0,0,0
WBGene00165552.,0,4,4
WBGene00165553.,0,0,0
WBGene00165554.,0,0,0
WBGene00165555.,0,0,0
WBGene00165556.,0,0,0
WBGene00165557.,0,0,0
WBGene00165558.,0,69,69
WBGene00165559.,0,4,4
WBGene00165560.,0,0,0
WBGene00165561.,0,0,0
WBGene00165562.,0,0,0
WBGene00165563.,0,0,0
WBGene00165564.,0,1,1
WBGene00165565.,0,0,0
WBGene00165566.,0,5,5
WBGene00165567.,0,2,2
WBGene00165568.,0,2,2
WBGene00165569.,0,2,2
WBGene00165570.,0,1,1
WBGene00165571.,0,0,0
WBGene00165572.,0,0,0
WBGene00165573.,0,2,2
WBGene00165574.,0,0,0
WBGene00165575.,0,0,0
WBGene00165576.,0,0,0
WBGene00165577.,0,0,0
WBGene00165578.,0,0,0
WBGene00165579.,0,0,0
WBGene00165580.,0,0,0
WBGene00165581.,0,0,0
WBGene00165582.,0,3,3
WBGene00165583.,0,5,5
WBGene00165584.,0,0,0
WBGene00165585.,0,0,0
WBGene00165586.,0,0,0
WBGene00165587.,0,1,1
WBGene00165588.,0,0,0
WBGene00165589.,0,0,0
WBGene00165590.,0,2,2
WBGene00165591.,0,0,0
WBGene00165592.,0,0,0
WBGene00165593.,0,0,0
WBGene00165594.,0,2,2
WBGene00165595.,0,0,0
WBGene00165596.,0,4,4
WBGene00165597.,0,0,0
WBGene00165598.,0,0,0
WBGene00165599.,0,0,0
WBGene00165600.,0,1,1
WBGene00165601.,0,0,0
WBGene00165602.,0,0,0
WBGene00165603.,0,1,1
WBGene00165604.,0,0,0
WBGene00165605.,0,0,0
WBGene00165606.,0,0,0
WBGene00165607.,0,0,0
WBGene00165608.,0,0,0
WBGene00165609.,0,3,3
WBGene00165610.,0,0,0
WBGene00165611.,0,0,0
WBGene00165612.,0,2,2
WBGene00165613.,0,0,0
WBGene00165614.,0,0,0
WBGene00165615.,0,0,0
WBGene00165616.,0,0,0
WBGene00165617.,0,2,2
WBGene00165618.,0,0,0
WBGene00165619.,0,0,0
WBGene00165620.,0,0,0
WBGene00165621.,0,0,0
WBGene00165622.,0,0,0
WBGene00165623.,0,0,0
WBGene00165624.,0,0,0
WBGene00165625.,0,0,0
WBGene00165626.,0,0,0
WBGene00165627.,0,0,0
WBGene00165628.,0,0,0
WBGene00165629.,0,1,1
WBGene00165630.,0,0,0
WBGene00165631.,0,1,1
WBGene00165632.,0,0,0
WBGene00165633.,0,0,0
WBGene00165634.,0,0,0
WBGene00165635.,0,0,0
WBGene00165636.,0,1,1
WBGene00165637.,0,0,0
WBGene00165638.,0,0,0
WBGene00165639.,0,0,0
WBGene00165640.,0,0,0
WBGene00165641.,0,0,0
WBGene00165642.,0,0,0
WBGene00165643.,0,0,0
WBGene00165644.,0,2,2
WBGene00165645.,0,3,3
WBGene00165646.,0,1,1
WBGene00165647.,0,4,4
WBGene00165648.,0,1,1
WBGene00165649.,0,7,7
WBGene00165650.,0,4,4
WBGene00165651.,0,0,0
WBGene00165652.,0,10,10
WBGene00165653.,0,0,0
WBGene00165654.,0,5,5
WBGene00165655.,0,0,0
WBGene00165656.,0,0,0
WBGene00165657.,0,0,0
WBGene00165658.,0,0,0
WBGene00165659.,0,0,0
WBGene00165660.,0,0,0
WBGene00165661.,0,0,0
WBGene00165662.,0,2,2
WBGene00165663.,0,5,5
WBGene00165664.,0,0,0
WBGene00165665.,0,1,1
WBGene00165666.,0,4,4
WBGene00165667.,0,0,0
WBGene00165668.,0,0,0
WBGene00165669.,0,0,0
WBGene00165670.,0,0,0
WBGene00165671.,0,0,0
WBGene00165672.,0,0,0
WBGene00165673.,0,0,0
WBGene00165674.,0,0,0
WBGene00165675.,0,0,0
WBGene00165676.,0,0,0
WBGene00165677.,0,0,0
WBGene00165678.,0,0,0
WBGene00165679.,0,0,0
WBGene00165680.,0,1,1
WBGene00165681.,0,0,0
WBGene00165682.,0,0,0
WBGene00165683.,0,0,0
WBGene00165684.,0,0,0
WBGene00165685.,0,0,0
WBGene00165686.,0,0,0
WBGene00165687.,0,14,14
WBGene00165688.,0,0,0
WBGene00165689.,0,0,0
WBGene00165690.,0,1,1
WBGene00165691.,0,0,0
WBGene00165692.,0,0,0
WBGene00165693.,0,0,0
WBGene00165694.,0,0,0
WBGene00165695.,0,0,0
WBGene00165696.,0,0,0
WBGene00165697.,0,0,0
WBGene00165698.,0,0,0
WBGene00165699.,0,7,7
WBGene00165700.,0,1,1
WBGene00165701.,0,0,0
WBGene00165702.,0,0,0
WBGene00165703.,0,0,0
WBGene00165704.,0,1,1
WBGene00165705.,0,4,4
WBGene00165706.,0,0,0
WBGene00165707.,0,0,0
WBGene00165708.,0,2,2
WBGene00165709.,0,0,0
WBGene00165710.,0,0,0
WBGene00165711.,0,0,0
WBGene00165712.,0,0,0
WBGene00165713.,0,1,1
WBGene00165714.,0,0,0
WBGene00165715.,0,0,0
WBGene00165716.,0,0,0
WBGene00165717.,0,1,1
WBGene00165718.,0,1,1
WBGene00165719.,0,0,0
WBGene00165720.,0,3,3
WBGene00165721.,0,2,2
WBGene00165722.,0,0,0
WBGene00165723.,0,4,4
WBGene00165724.,0,0,0
WBGene00165725.,0,0,0
WBGene00165726.,0,3,3
WBGene00165727.,0,0,0
WBGene00165728.,0,0,0
WBGene00165729.,0,15,15
WBGene00165730.,0,0,0
WBGene00165731.,0,0,0
WBGene00165732.,0,8,8
WBGene00165733.,0,0,0
WBGene00165734.,0,15,15
WBGene00165735.,0,0,0
WBGene00165736.,0,0,0
WBGene00165737.,0,0,0
WBGene00165738.,0,0,0
WBGene00165739.,0,7,7
WBGene00165740.,0,0,0
WBGene00165741.,0,0,0
WBGene00165742.,0,0,0
WBGene00165743.,0,0,0
WBGene00165744.,0,0,0
WBGene00165745.,0,0,0
WBGene00165746.,0,0,0
WBGene00165747.,0,1,1
WBGene00165748.,0,1,1
WBGene00165749.,0,0,0
WBGene00165750.,0,0,0
WBGene00165751.,0,0,0
WBGene00165752.,0,0,0
WBGene00165753.,0,2,2
WBGene00165754.,0,1,1
WBGene00165755.,0,1,1
WBGene00165756.,0,0,0
WBGene00165757.,0,1,1
WBGene00165758.,0,0,0
WBGene00165759.,0,0,0
WBGene00165760.,0,0,0
WBGene00165761.,0,0,0
WBGene00165762.,0,0,0
WBGene00165763.,0,3,3
WBGene00165764.,0,0,0
WBGene00165765.,0,0,0
WBGene00165766.,0,0,0
WBGene00165767.,0,3,3
WBGene00165768.,0,0,0
WBGene00165769.,0,0,0
WBGene00165770.,0,0,0
WBGene00165771.,0,0,0
WBGene00165772.,0,0,0
WBGene00165773.,0,16,16
WBGene00165774.,0,1,1
WBGene00165775.,0,0,0
WBGene00165776.,0,6,6
WBGene00165777.,0,0,0
WBGene00165778.,0,0,0
WBGene00165779.,0,6,6
WBGene00165780.,0,0,0
WBGene00165781.,0,0,0
WBGene00165782.,0,0,0
WBGene00165783.,0,0,0
WBGene00165784.,0,0,0
WBGene00165785.,0,1,1
WBGene00165786.,0,3,3
WBGene00165787.,0,0,0
WBGene00165788.,0,0,0
WBGene00165789.,0,1,1
WBGene00165790.,0,1,1
WBGene00165791.,0,0,0
WBGene00165792.,0,0,0
WBGene00165793.,0,0,0
WBGene00165794.,0,0,0
WBGene00165795.,0,0,0
WBGene00165796.,0,0,0
WBGene00165797.,0,0,0
WBGene00165798.,0,0,0
WBGene00165799.,0,1,1
WBGene00165800.,0,0,0
WBGene00165801.,0,0,0
WBGene00165802.,0,0,0
WBGene00165803.,0,0,0
WBGene00165804.,0,0,0
WBGene00165805.,0,17,17
WBGene00165806.,0,1,1
WBGene00165807.,0,0,0
WBGene00165808.,0,0,0
WBGene00165809.,0,0,0
WBGene00165810.,0,2,2
WBGene00165811.,0,0,0
WBGene00165812.,0,0,0
WBGene00165813.,0,0,0
WBGene00165814.,0,0,0
WBGene00165815.,0,3,3
WBGene00165816.,0,0,0
WBGene00165817.,0,0,0
WBGene00165818.,0,0,0
WBGene00165819.,0,0,0
WBGene00165820.,0,0,0
WBGene00165821.,0,0,0
WBGene00165822.,0,0,0
WBGene00165823.,0,0,0
WBGene00165824.,0,0,0
WBGene00165825.,0,0,0
WBGene00165826.,0,9,9
WBGene00165827.,0,0,0
WBGene00165828.,0,0,0
WBGene00165829.,0,10,10
WBGene00165830.,0,1,1
WBGene00165831.,0,0,0
WBGene00165832.,0,0,0
WBGene00165833.,0,0,0
WBGene00165834.,0,0,0
WBGene00165835.,0,1,1
WBGene00165836.,0,0,0
WBGene00165837.,0,0,0
WBGene00165838.,0,0,0
WBGene00165839.,0,1,1
WBGene00165840.,0,0,0
WBGene00165841.,0,0,0
WBGene00165842.,0,0,0
WBGene00165843.,0,0,0
WBGene00165844.,0,0,0
WBGene00165845.,0,0,0
WBGene00165846.,0,0,0
WBGene00165847.,0,0,0
WBGene00165848.,0,0,0
WBGene00165849.,0,0,0
WBGene00165850.,0,0,0
WBGene00165851.,0,0,0
WBGene00165852.,0,0,0
WBGene00165853.,0,0,0
WBGene00165854.,0,0,0
WBGene00165855.,0,0,0
WBGene00165856.,0,0,0
WBGene00165857.,0,2,2
WBGene00165858.,0,0,0
WBGene00165859.,0,2,2
WBGene00165860.,0,0,0
WBGene00165861.,0,0,0
WBGene00165862.,0,0,0
WBGene00165863.,0,0,0
WBGene00165864.,0,0,0
WBGene00165865.,0,3,3
WBGene00165866.,0,0,0
WBGene00165867.,0,1,1
WBGene00165868.,0,0,0
WBGene00165869.,0,15,15
WBGene00165870.,0,0,0
WBGene00165871.,0,0,0
WBGene00165872.,0,0,0
WBGene00165873.,0,0,0
WBGene00165874.,0,0,0
WBGene00165875.,0,0,0
WBGene00165876.,0,0,0
WBGene00165877.,0,0,0
WBGene00165878.,0,0,0
WBGene00165879.,0,2,2
WBGene00165880.,0,0,0
WBGene00165881.,0,0,0
WBGene00165882.,0,0,0
WBGene00165883.,0,0,0
WBGene00165884.,0,1,1
WBGene00165885.,0,0,0
WBGene00165886.,0,0,0
WBGene00165887.,0,0,0
WBGene00165888.,0,2,2
WBGene00165889.,0,9,9
WBGene00165890.,0,0,0
WBGene00165891.,0,0,0
WBGene00165892.,0,5,5
WBGene00165893.,0,2,2
WBGene00165894.,0,0,0
WBGene00165895.,0,0,0
WBGene00165896.,0,0,0
WBGene00165897.,0,1,1
WBGene00165898.,0,0,0
WBGene00165899.,0,1,1
WBGene00165900.,0,0,0
WBGene00165901.,0,0,0
WBGene00165902.,0,0,0
WBGene00165903.,0,0,0
WBGene00165904.,0,0,0
WBGene00165905.,0,0,0
WBGene00165906.,0,0,0
WBGene00165907.,0,0,0
WBGene00165908.,0,0,0
WBGene00165909.,0,0,0
WBGene00165910.,0,7,7
WBGene00165911.,0,5,5
WBGene00165912.,0,0,0
WBGene00165913.,0,3,3
WBGene00165914.,0,0,0
WBGene00165915.,0,4,4
WBGene00165916.,0,0,0
WBGene00165917.,0,0,0
WBGene00165918.,0,0,0
WBGene00165919.,0,0,0
WBGene00165920.,0,0,0
WBGene00165921.,0,2,2
WBGene00165922.,0,0,0
WBGene00165923.,0,0,0
WBGene00165924.,0,1,1
WBGene00165925.,0,0,0
WBGene00165926.,0,2,2
WBGene00165927.,0,0,0
WBGene00165928.,0,5,5
WBGene00165929.,0,1,1
WBGene00165930.,0,0,0
WBGene00165931.,0,0,0
WBGene00165932.,0,2,2
WBGene00165933.,0,0,0
WBGene00165934.,0,0,0
WBGene00165935.,0,0,0
WBGene00165936.,0,1,1
WBGene00165937.,0,0,0
WBGene00165938.,0,0,0
WBGene00165939.,0,2,2
WBGene00165940.,0,0,0
WBGene00165941.,0,0,0
WBGene00165942.,0,0,0
WBGene00165943.,0,0,0
WBGene00165944.,0,0,0
WBGene00165945.,0,1,1
WBGene00165946.,0,0,0
WBGene00165947.,0,1,1
WBGene00165948.,0,0,0
WBGene00165949.,0,8,8
WBGene00165950.,0,0,0
WBGene00165951.,0,4,4
WBGene00165952.,0,7,7
WBGene00165953.,0,0,0
WBGene00165954.,0,0,0
WBGene00165955.,0,0,0
WBGene00165956.,0,8,8
WBGene00165957.,0,0,0
WBGene00165958.,0,3,3
WBGene00165959.,0,0,0
WBGene00165960.,0,1,1
WBGene00165961.,0,0,0
WBGene00165962.,0,0,0
WBGene00165963.,0,1,1
WBGene00165964.,0,0,0
WBGene00165965.,0,5,5
WBGene00165966.,0,3,3
WBGene00165967.,0,0,0
WBGene00165968.,0,0,0
WBGene00165969.,0,0,0
WBGene00165970.,0,0,0
WBGene00165971.,0,0,0
WBGene00165972.,0,2,2
WBGene00165973.,0,0,0
WBGene00165974.,0,0,0
WBGene00165975.,0,8,8
WBGene00165976.,0,0,0
WBGene00165977.,0,0,0
WBGene00165978.,0,3,3
WBGene00165979.,0,4,4
WBGene00165980.,0,2,2
WBGene00165981.,0,0,0
WBGene00165982.,0,0,0
WBGene00165983.,0,0,0
WBGene00165984.,0,0,0
WBGene00165985.,0,2,2
WBGene00165986.,0,0,0
WBGene00165987.,0,2,2
WBGene00165988.,0,0,0
WBGene00165989.,0,0,0
WBGene00165990.,0,4,4
WBGene00165991.,0,0,0
WBGene00165992.,0,0,0
WBGene00165993.,0,5,5
WBGene00165994.,0,0,0
WBGene00165995.,0,0,0
WBGene00165996.,0,0,0
WBGene00165997.,0,0,0
WBGene00165998.,0,0,0
WBGene00165999.,0,0,0
WBGene00166000.,0,0,0
WBGene00166001.,0,0,0
WBGene00166002.,0,1,1
WBGene00166003.,0,1,1
WBGene00166004.,0,0,0
WBGene00166005.,0,0,0
WBGene00166006.,0,0,0
WBGene00166007.,0,0,0
WBGene00166008.,0,3,3
WBGene00166009.,0,1,1
WBGene00166010.,0,1,1
WBGene00166011.,0,0,0
WBGene00166012.,0,0,0
WBGene00166013.,0,0,0
WBGene00166014.,0,0,0
WBGene00166015.,0,0,0
WBGene00166016.,0,0,0
WBGene00166017.,0,0,0
WBGene00166018.,0,0,0
WBGene00166019.,0,0,0
WBGene00166020.,0,4,4
WBGene00166021.,0,2,2
WBGene00166022.,0,2,2
WBGene00166023.,0,0,0
WBGene00166024.,0,3,3
WBGene00166025.,0,0,0
WBGene00166026.,0,1,1
WBGene00166027.,0,0,0
WBGene00166028.,0,2,2
WBGene00166029.,0,0,0
WBGene00166030.,0,0,0
WBGene00166031.,0,0,0
WBGene00166032.,0,0,0
WBGene00166033.,0,0,0
WBGene00166034.,0,0,0
WBGene00166035.,0,0,0
WBGene00166036.,0,0,0
WBGene00166037.,0,0,0
WBGene00166038.,0,0,0
WBGene00166039.,0,4,4
WBGene00166040.,0,0,0
WBGene00166041.,0,17,17
WBGene00166042.,0,0,0
WBGene00166043.,0,1,1
WBGene00166044.,0,0,0
WBGene00166045.,0,1,1
WBGene00166046.,0,1,1
WBGene00166047.,0,0,0
WBGene00166048.,0,0,0
WBGene00166049.,0,3,3
WBGene00166050.,0,0,0
WBGene00166051.,0,1,1
WBGene00166052.,0,0,0
WBGene00166053.,0,2,2
WBGene00166054.,0,0,0
WBGene00166055.,0,0,0
WBGene00166057.,0,0,0
WBGene00166058.,0,0,0
WBGene00166059.,0,0,0
WBGene00166060.,0,2,2
WBGene00166062.,0,0,0
WBGene00166063.,0,0,0
WBGene00166064.,0,0,0
WBGene00166065.,0,3,3
WBGene00166066.,0,0,0
WBGene00166067.,0,0,0
WBGene00166068.,0,0,0
WBGene00166069.,0,0,0
WBGene00166070.,0,3,3
WBGene00166071.,0,0,0
WBGene00166072.,0,0,0
WBGene00166073.,0,0,0
WBGene00166074.,0,1,1
WBGene00166075.,0,0,0
WBGene00166076.,0,0,0
WBGene00166077.,0,2,2
WBGene00166078.,0,0,0
WBGene00166079.,0,0,0
WBGene00166080.,0,0,0
WBGene00166081.,0,9,9
WBGene00166082.,0,7,7
WBGene00166083.,0,0,0
WBGene00166084.,0,4,4
WBGene00166085.,0,0,0
WBGene00166086.,0,1,1
WBGene00166087.,0,0,0
WBGene00166088.,0,0,0
WBGene00166089.,0,0,0
WBGene00166090.,0,0,0
WBGene00166091.,0,0,0
WBGene00166092.,0,0,0
WBGene00166093.,0,7,7
WBGene00166094.,0,0,0
WBGene00166095.,0,1,1
WBGene00166096.,0,1,1
WBGene00166097.,0,1,1
WBGene00166098.,0,0,0
WBGene00166099.,0,2,2
WBGene00166100.,0,7,7
WBGene00166101.,0,0,0
WBGene00166102.,0,3,3
WBGene00166103.,0,0,0
WBGene00166104.,0,0,0
WBGene00166105.,0,5,5
WBGene00166106.,0,0,0
WBGene00166107.,0,0,0
WBGene00166108.,0,7,7
WBGene00166109.,0,0,0
WBGene00166110.,0,0,0
WBGene00166111.,0,0,0
WBGene00166112.,0,0,0
WBGene00166113.,0,0,0
WBGene00166114.,0,0,0
WBGene00166115.,0,0,0
WBGene00166116.,0,1,1
WBGene00166117.,0,0,0
WBGene00166118.,0,0,0
WBGene00166119.,0,0,0
WBGene00166120.,0,1,1
WBGene00166121.,0,1,1
WBGene00166122.,0,0,0
WBGene00166123.,0,0,0
WBGene00166124.,0,0,0
WBGene00166125.,0,0,0
WBGene00166126.,0,0,0
WBGene00166127.,0,0,0
WBGene00166128.,0,0,0
WBGene00166129.,0,2,2
WBGene00166130.,0,0,0
WBGene00166131.,0,0,0
WBGene00166132.,0,0,0
WBGene00166133.,0,0,0
WBGene00166134.,0,0,0
WBGene00166135.,0,4,4
WBGene00166136.,0,0,0
WBGene00166137.,0,0,0
WBGene00166138.,0,0,0
WBGene00166139.,0,0,0
WBGene00166140.,0,0,0
WBGene00166141.,0,2,2
WBGene00166142.,0,0,0
WBGene00166143.,0,1,1
WBGene00166144.,0,0,0
WBGene00166145.,0,0,0
WBGene00166146.,0,0,0
WBGene00166147.,0,0,0
WBGene00166148.,0,0,0
WBGene00166149.,0,0,0
WBGene00166150.,0,0,0
WBGene00166151.,0,0,0
WBGene00166152.,0,0,0
WBGene00166153.,0,0,0
WBGene00166154.,0,0,0
WBGene00166155.,0,5,5
WBGene00166156.,0,1,1
WBGene00166157.,0,0,0
WBGene00166158.,0,0,0
WBGene00166159.,0,0,0
WBGene00166160.,0,1,1
WBGene00166161.,0,0,0
WBGene00166162.,0,0,0
WBGene00166163.,0,0,0
WBGene00166164.,0,5,5
WBGene00166165.,0,3,3
WBGene00166166.,0,4,4
WBGene00166167.,0,0,0
WBGene00166168.,0,0,0
WBGene00166169.,0,0,0
WBGene00166170.,0,1,1
WBGene00166171.,0,0,0
WBGene00166172.,0,0,0
WBGene00166173.,0,0,0
WBGene00166174.,0,3,3
WBGene00166175.,0,6,6
WBGene00166176.,0,4,4
WBGene00166177.,0,0,0
WBGene00166178.,0,0,0
WBGene00166179.,0,0,0
WBGene00166180.,0,0,0
WBGene00166181.,0,0,0
WBGene00166182.,0,0,0
WBGene00166183.,0,2,2
WBGene00166184.,0,0,0
WBGene00166185.,0,0,0
WBGene00166186.,0,2,2
WBGene00166187.,0,1,1
WBGene00166188.,0,0,0
WBGene00166189.,0,0,0
WBGene00166190.,0,0,0
WBGene00166191.,0,0,0
WBGene00166192.,0,1,1
WBGene00166193.,0,0,0
WBGene00166194.,0,1,1
WBGene00166195.,0,1,1
WBGene00166196.,0,0,0
WBGene00166197.,0,0,0
WBGene00166198.,0,0,0
WBGene00166199.,0,0,0
WBGene00166200.,0,0,0
WBGene00166201.,0,7,7
WBGene00166202.,0,1,1
WBGene00166203.,0,0,0
WBGene00166204.,0,0,0
WBGene00166205.,0,3,3
WBGene00166206.,0,2,2
WBGene00166207.,0,0,0
WBGene00166208.,0,0,0
WBGene00166209.,0,0,0
WBGene00166210.,0,0,0
WBGene00166211.,0,0,0
WBGene00166212.,0,0,0
WBGene00166213.,0,2,2
WBGene00166214.,0,0,0
WBGene00166215.,0,0,0
WBGene00166216.,0,0,0
WBGene00166217.,0,0,0
WBGene00166218.,0,1,1
WBGene00166219.,0,0,0
WBGene00166220.,0,0,0
WBGene00166221.,0,1,1
WBGene00166222.,0,0,0
WBGene00166223.,0,2,2
WBGene00166224.,0,0,0
WBGene00166225.,0,0,0
WBGene00166226.,0,0,0
WBGene00166227.,0,0,0
WBGene00166228.,0,0,0
WBGene00166229.,0,1,1
WBGene00166230.,0,1,1
WBGene00166231.,0,0,0
WBGene00166232.,0,0,0
WBGene00166233.,0,0,0
WBGene00166234.,0,0,0
WBGene00166235.,0,0,0
WBGene00166236.,0,0,0
WBGene00166237.,0,7,7
WBGene00166238.,0,0,0
WBGene00166239.,0,0,0
WBGene00166240.,0,0,0
WBGene00166241.,0,1,1
WBGene00166242.,0,1,1
WBGene00166243.,0,0,0
WBGene00166244.,0,0,0
WBGene00166245.,0,0,0
WBGene00166246.,0,0,0
WBGene00166247.,0,0,0
WBGene00166248.,0,0,0
WBGene00166249.,0,0,0
WBGene00166250.,0,0,0
WBGene00166251.,0,0,0
WBGene00166252.,0,0,0
WBGene00166253.,0,0,0
WBGene00166254.,0,0,0
WBGene00166255.,0,0,0
WBGene00166256.,0,0,0
WBGene00166257.,0,8,8
WBGene00166258.,0,0,0
WBGene00166259.,0,2,2
WBGene00166260.,0,0,0
WBGene00166261.,0,0,0
WBGene00166262.,0,1,1
WBGene00166263.,0,4,4
WBGene00166264.,0,0,0
WBGene00166265.,0,0,0
WBGene00166266.,0,0,0
WBGene00166267.,0,0,0
WBGene00166268.,0,2,2
WBGene00166269.,0,2,2
WBGene00166270.,0,1,1
WBGene00166271.,0,0,0
WBGene00166272.,0,0,0
WBGene00166273.,0,0,0
WBGene00166274.,0,0,0
WBGene00166275.,0,1,1
WBGene00166276.,0,0,0
WBGene00166277.,0,0,0
WBGene00166278.,0,0,0
WBGene00166279.,0,0,0
WBGene00166280.,0,0,0
WBGene00166281.,0,4,4
WBGene00166282.,0,0,0
WBGene00166283.,0,1,1
WBGene00166284.,0,6,6
WBGene00166285.,0,2,2
WBGene00166286.,0,1,1
WBGene00166287.,0,0,0
WBGene00166288.,0,0,0
WBGene00166289.,0,1,1
WBGene00166290.,0,0,0
WBGene00166291.,0,0,0
WBGene00166292.,0,0,0
WBGene00166293.,0,0,0
WBGene00166294.,0,0,0
WBGene00166295.,0,0,0
WBGene00166296.,0,0,0
WBGene00166297.,0,0,0
WBGene00166298.,0,1,1
WBGene00166299.,0,0,0
WBGene00166300.,0,2,2
WBGene00166301.,0,0,0
WBGene00166302.,0,0,0
WBGene00166303.,0,0,0
WBGene00166304.,0,0,0
WBGene00166305.,0,1,1
WBGene00166306.,0,1,1
WBGene00166307.,0,0,0
WBGene00166308.,0,0,0
WBGene00166309.,0,0,0
WBGene00166310.,0,1,1
WBGene00166311.,0,0,0
WBGene00166312.,0,0,0
WBGene00166313.,0,3,3
WBGene00166314.,0,3,3
WBGene00166315.,0,0,0
WBGene00166316.,0,0,0
WBGene00166317.,0,0,0
WBGene00166318.,0,0,0
WBGene00166319.,0,0,0
WBGene00166320.,0,0,0
WBGene00166321.,0,6,6
WBGene00166322.,0,0,0
WBGene00166323.,0,0,0
WBGene00166324.,0,0,0
WBGene00166325.,0,0,0
WBGene00166326.,0,0,0
WBGene00166327.,0,0,0
WBGene00166328.,0,0,0
WBGene00166329.,0,0,0
WBGene00166330.,0,0,0
WBGene00166331.,0,0,0
WBGene00166332.,0,2,2
WBGene00166333.,0,0,0
WBGene00166334.,0,0,0
WBGene00166335.,0,0,0
WBGene00166336.,0,0,0
WBGene00166337.,0,0,0
WBGene00166338.,0,0,0
WBGene00166339.,0,2,2
WBGene00166340.,0,0,0
WBGene00166341.,0,1,1
WBGene00166342.,0,0,0
WBGene00166343.,0,0,0
WBGene00166344.,0,0,0
WBGene00166345.,0,0,0
WBGene00166346.,0,1,1
WBGene00166347.,0,0,0
WBGene00166348.,0,1,1
WBGene00166349.,0,0,0
WBGene00166350.,0,0,0
WBGene00166351.,0,0,0
WBGene00166352.,0,0,0
WBGene00166353.,0,0,0
WBGene00166354.,0,9,9
WBGene00166355.,0,0,0
WBGene00166356.,0,0,0
WBGene00166357.,0,0,0
WBGene00166358.,0,2,2
WBGene00166359.,0,0,0
WBGene00166360.,0,0,0
WBGene00166361.,0,0,0
WBGene00166362.,0,0,0
WBGene00166363.,0,0,0
WBGene00166364.,0,6,6
WBGene00166365.,0,9,9
WBGene00166366.,0,0,0
WBGene00166367.,0,1,1
WBGene00166368.,0,0,0
WBGene00166369.,0,0,0
WBGene00166370.,0,0,0
WBGene00166371.,0,11,11
WBGene00166372.,0,0,0
WBGene00166373.,0,0,0
WBGene00166374.,0,7,7
WBGene00166375.,0,0,0
WBGene00166376.,0,0,0
WBGene00166377.,0,0,0
WBGene00166378.,0,1,1
WBGene00166379.,0,0,0
WBGene00166380.,0,1,1
WBGene00166381.,0,0,0
WBGene00166382.,0,0,0
WBGene00166383.,0,0,0
WBGene00166384.,0,0,0
WBGene00166385.,0,0,0
WBGene00166386.,0,0,0
WBGene00166387.,0,0,0
WBGene00166388.,0,0,0
WBGene00166389.,0,14,14
WBGene00166390.,0,0,0
WBGene00166391.,0,0,0
WBGene00166392.,0,0,0
WBGene00166393.,0,0,0
WBGene00166394.,0,0,0
WBGene00166395.,0,0,0
WBGene00166396.,0,0,0
WBGene00166397.,0,0,0
WBGene00166398.,0,3,3
WBGene00166399.,0,0,0
WBGene00166400.,0,0,0
WBGene00166401.,0,1,1
WBGene00166402.,0,0,0
WBGene00166403.,0,0,0
WBGene00166404.,0,0,0
WBGene00166405.,0,1,1
WBGene00166406.,0,0,0
WBGene00166407.,0,4,4
WBGene00166408.,0,0,0
WBGene00166409.,0,0,0
WBGene00166410.,0,1,1
WBGene00166411.,0,0,0
WBGene00166412.,0,6,6
WBGene00166413.,0,0,0
WBGene00166414.,0,0,0
WBGene00166415.,0,0,0
WBGene00166416.,0,0,0
WBGene00166417.,0,0,0
WBGene00166418.,0,0,0
WBGene00166419.,0,0,0
WBGene00166420.,0,2,2
WBGene00166421.,0,0,0
WBGene00166422.,0,0,0
WBGene00166423.,0,0,0
WBGene00166424.,0,0,0
WBGene00166425.,0,0,0
WBGene00166426.,0,0,0
WBGene00166427.,0,0,0
WBGene00166428.,0,0,0
WBGene00166429.,0,8,8
WBGene00166430.,0,0,0
WBGene00166431.,0,0,0
WBGene00166432.,0,0,0
WBGene00166433.,0,2,2
WBGene00166434.,0,0,0
WBGene00166435.,0,0,0
WBGene00166436.,0,0,0
WBGene00166437.,0,0,0
WBGene00166438.,0,2,2
WBGene00166439.,0,0,0
WBGene00166440.,0,0,0
WBGene00166441.,0,0,0
WBGene00166442.,0,2,2
WBGene00166443.,0,3,3
WBGene00166444.,0,0,0
WBGene00166445.,0,0,0
WBGene00166446.,0,0,0
WBGene00166447.,0,0,0
WBGene00166448.,0,0,0
WBGene00166449.,0,9,9
WBGene00166450.,0,0,0
WBGene00166451.,0,1,1
WBGene00166452.,0,0,0
WBGene00166453.,0,0,0
WBGene00166454.,0,0,0
WBGene00166455.,0,9,9
WBGene00166456.,0,0,0
WBGene00166457.,0,0,0
WBGene00166458.,0,0,0
WBGene00166459.,0,0,0
WBGene00166460.,0,0,0
WBGene00166461.,0,0,0
WBGene00166462.,0,0,0
WBGene00166463.,0,0,0
WBGene00166464.,0,0,0
WBGene00166465.,0,5,5
WBGene00166466.,0,0,0
WBGene00166467.,0,0,0
WBGene00166468.,0,0,0
WBGene00166469.,0,0,0
WBGene00166470.,0,0,0
WBGene00166471.,0,3,3
WBGene00166472.,0,0,0
WBGene00166473.,0,0,0
WBGene00166474.,0,0,0
WBGene00166475.,0,0,0
WBGene00166476.,0,0,0
WBGene00166477.,0,0,0
WBGene00166478.,0,0,0
WBGene00166479.,0,0,0
WBGene00166480.,0,2,2
WBGene00166481.,0,0,0
WBGene00166482.,0,0,0
WBGene00166483.,0,1,1
WBGene00166484.,0,7,7
WBGene00166485.,0,1,1
WBGene00166486.,0,0,0
WBGene00166487.,0,0,0
WBGene00166488.,0,0,0
WBGene00166489.,0,3,3
WBGene00166490.,0,0,0
WBGene00166491.,0,0,0
WBGene00166492.,0,3,3
WBGene00166493.,0,5,5
WBGene00166494.,0,0,0
WBGene00166495.,0,0,0
WBGene00166496.,0,4,4
WBGene00166497.,0,1,1
WBGene00166498.,0,2,2
WBGene00166499.,0,1,1
WBGene00166500.,0,0,0
WBGene00166501.,0,0,0
WBGene00166502.,0,0,0
WBGene00166503.,0,0,0
WBGene00166504.,0,0,0
WBGene00166505.,0,0,0
WBGene00166506.,0,0,0
WBGene00166507.,0,0,0
WBGene00166508.,0,0,0
WBGene00166509.,0,0,0
WBGene00166510.,0,0,0
WBGene00166511.,0,0,0
WBGene00166512.,0,0,0
WBGene00166513.,0,0,0
WBGene00166514.,0,0,0
WBGene00166515.,0,0,0
WBGene00166516.,0,7,7
WBGene00166517.,0,0,0
WBGene00166518.,0,0,0
WBGene00166519.,0,0,0
WBGene00166520.,0,0,0
WBGene00166521.,0,0,0
WBGene00166522.,0,0,0
WBGene00166523.,0,0,0
WBGene00166524.,0,0,0
WBGene00166525.,0,0,0
WBGene00166526.,0,0,0
WBGene00166527.,0,0,0
WBGene00166528.,0,0,0
WBGene00166529.,0,0,0
WBGene00166530.,0,0,0
WBGene00166531.,0,0,0
WBGene00166532.,0,0,0
WBGene00166533.,0,0,0
WBGene00166534.,0,8,8
WBGene00166535.,0,1,1
WBGene00166536.,0,0,0
WBGene00166537.,0,0,0
WBGene00166538.,0,0,0
WBGene00166539.,0,4,4
WBGene00166540.,0,0,0
WBGene00166541.,0,0,0
WBGene00166542.,0,0,0
WBGene00166543.,0,0,0
WBGene00166544.,0,0,0
WBGene00166545.,0,0,0
WBGene00166546.,0,3,3
WBGene00166547.,0,0,0
WBGene00166548.,0,11,11
WBGene00166549.,0,0,0
WBGene00166550.,0,0,0
WBGene00166551.,0,0,0
WBGene00166552.,0,0,0
WBGene00166553.,0,0,0
WBGene00166554.,0,0,0
WBGene00166555.,0,0,0
WBGene00166556.,0,0,0
WBGene00166557.,0,0,0
WBGene00166558.,0,0,0
WBGene00166559.,0,0,0
WBGene00166560.,0,0,0
WBGene00166561.,0,3,3
WBGene00166562.,0,0,0
WBGene00166563.,0,0,0
WBGene00166564.,0,0,0
WBGene00166565.,0,0,0
WBGene00166566.,0,3,3
WBGene00166567.,0,0,0
WBGene00166568.,0,0,0
WBGene00166569.,0,0,0
WBGene00166570.,0,0,0
WBGene00166571.,0,0,0
WBGene00166572.,0,0,0
WBGene00166573.,0,0,0
WBGene00166574.,0,0,0
WBGene00166575.,0,0,0
WBGene00166576.,0,4,4
WBGene00166577.,0,0,0
WBGene00166578.,0,0,0
WBGene00166579.,0,0,0
WBGene00166580.,0,0,0
WBGene00166581.,0,3,3
WBGene00166582.,0,0,0
WBGene00166583.,0,0,0
WBGene00166584.,0,0,0
WBGene00166585.,0,0,0
WBGene00166586.,0,3,3
WBGene00166587.,0,0,0
WBGene00166588.,0,1,1
WBGene00166589.,0,0,0
WBGene00166590.,0,0,0
WBGene00166591.,0,5,5
WBGene00166592.,0,0,0
WBGene00166593.,0,3,3
WBGene00166594.,0,0,0
WBGene00166595.,0,0,0
WBGene00166596.,0,0,0
WBGene00166597.,0,0,0
WBGene00166598.,0,0,0
WBGene00166599.,0,0,0
WBGene00166600.,0,1,1
WBGene00166601.,0,0,0
WBGene00166602.,0,0,0
WBGene00166603.,0,0,0
WBGene00166604.,0,0,0
WBGene00166605.,0,0,0
WBGene00166606.,0,0,0
WBGene00166607.,0,0,0
WBGene00166608.,0,0,0
WBGene00166609.,0,3,3
WBGene00166610.,0,0,0
WBGene00166611.,0,0,0
WBGene00166612.,0,2,2
WBGene00166613.,0,0,0
WBGene00166614.,0,0,0
WBGene00166615.,0,0,0
WBGene00166616.,0,0,0
WBGene00166617.,0,0,0
WBGene00166618.,0,0,0
WBGene00166619.,0,4,4
WBGene00166620.,0,0,0
WBGene00166621.,0,0,0
WBGene00166622.,0,1,1
WBGene00166623.,0,0,0
WBGene00166624.,0,0,0
WBGene00166625.,0,0,0
WBGene00166626.,0,0,0
WBGene00166627.,0,0,0
WBGene00166628.,0,1,1
WBGene00166629.,0,0,0
WBGene00166630.,0,0,0
WBGene00166631.,0,0,0
WBGene00166632.,0,0,0
WBGene00166633.,0,0,0
WBGene00166634.,0,0,0
WBGene00166635.,0,0,0
WBGene00166636.,0,2,2
WBGene00166637.,0,0,0
WBGene00166638.,0,0,0
WBGene00166639.,0,0,0
WBGene00166640.,0,0,0
WBGene00166641.,0,0,0
WBGene00166642.,0,0,0
WBGene00166643.,0,0,0
WBGene00166644.,0,0,0
WBGene00166645.,0,0,0
WBGene00166646.,0,0,0
WBGene00166647.,0,0,0
WBGene00166648.,0,1,1
WBGene00166649.,0,0,0
WBGene00166650.,0,0,0
WBGene00166651.,0,2,2
WBGene00166652.,0,0,0
WBGene00166653.,0,0,0
WBGene00166654.,0,0,0
WBGene00166655.,0,0,0
WBGene00166656.,0,0,0
WBGene00166657.,0,1,1
WBGene00166658.,0,1,1
WBGene00166659.,0,0,0
WBGene00166660.,0,0,0
WBGene00166661.,0,0,0
WBGene00166662.,0,10,10
WBGene00166663.,0,0,0
WBGene00166664.,0,0,0
WBGene00166665.,0,0,0
WBGene00166666.,0,0,0
WBGene00166667.,0,0,0
WBGene00166668.,0,0,0
WBGene00166669.,0,5,5
WBGene00166670.,0,0,0
WBGene00166671.,0,0,0
WBGene00166672.,0,0,0
WBGene00166673.,0,0,0
WBGene00166674.,0,1,1
WBGene00166675.,0,0,0
WBGene00166676.,0,7,7
WBGene00166677.,0,2,2
WBGene00166678.,0,0,0
WBGene00166679.,0,3,3
WBGene00166680.,0,0,0
WBGene00166681.,0,2,2
WBGene00166682.,0,2,2
WBGene00166683.,0,0,0
WBGene00166684.,0,0,0
WBGene00166685.,0,0,0
WBGene00166686.,0,1,1
WBGene00166687.,0,0,0
WBGene00166688.,0,0,0
WBGene00166689.,0,0,0
WBGene00166690.,0,0,0
WBGene00166691.,0,0,0
WBGene00166692.,0,0,0
WBGene00166693.,0,0,0
WBGene00166694.,0,0,0
WBGene00166695.,0,0,0
WBGene00166696.,0,0,0
WBGene00166697.,0,0,0
WBGene00166698.,0,0,0
WBGene00166699.,0,0,0
WBGene00166700.,0,0,0
WBGene00166701.,0,2,2
WBGene00166702.,0,0,0
WBGene00166703.,0,0,0
WBGene00166704.,0,0,0
WBGene00166705.,0,2,2
WBGene00166706.,0,0,0
WBGene00166707.,0,4,4
WBGene00166708.,0,2,2
WBGene00166709.,0,0,0
WBGene00166710.,0,0,0
WBGene00166711.,0,3,3
WBGene00166712.,0,4,4
WBGene00166713.,0,0,0
WBGene00166714.,0,0,0
WBGene00166715.,0,0,0
WBGene00166716.,0,6,6
WBGene00166717.,0,0,0
WBGene00166718.,0,0,0
WBGene00166719.,0,0,0
WBGene00166720.,0,0,0
WBGene00166721.,0,4,4
WBGene00166722.,0,2,2
WBGene00166723.,0,0,0
WBGene00166724.,0,0,0
WBGene00166725.,0,0,0
WBGene00166726.,0,0,0
WBGene00166727.,0,0,0
WBGene00166728.,0,0,0
WBGene00166729.,0,0,0
WBGene00166730.,0,2,2
WBGene00166731.,0,0,0
WBGene00166732.,0,0,0
WBGene00166733.,0,0,0
WBGene00166734.,0,0,0
WBGene00166735.,0,7,7
WBGene00166736.,0,0,0
WBGene00166737.,0,0,0
WBGene00166738.,0,0,0
WBGene00166739.,0,2,2
WBGene00166740.,0,0,0
WBGene00166741.,0,8,8
WBGene00166742.,0,0,0
WBGene00166743.,0,0,0
WBGene00166744.,0,6,6
WBGene00166745.,0,0,0
WBGene00166746.,0,1,1
WBGene00166747.,0,2,2
WBGene00166748.,0,0,0
WBGene00166749.,0,0,0
WBGene00166750.,0,0,0
WBGene00166751.,0,0,0
WBGene00166752.,0,0,0
WBGene00166753.,0,0,0
WBGene00166754.,0,0,0
WBGene00166755.,0,0,0
WBGene00166756.,0,0,0
WBGene00166757.,0,0,0
WBGene00166758.,0,0,0
WBGene00166759.,0,0,0
WBGene00166760.,0,2,2
WBGene00166761.,0,0,0
WBGene00166762.,0,0,0
WBGene00166763.,0,0,0
WBGene00166764.,0,2,2
WBGene00166765.,0,0,0
WBGene00166766.,0,0,0
WBGene00166767.,0,0,0
WBGene00166768.,0,0,0
WBGene00166769.,0,0,0
WBGene00166770.,0,0,0
WBGene00166771.,0,2,2
WBGene00166772.,0,0,0
WBGene00166773.,0,0,0
WBGene00166774.,0,0,0
WBGene00166775.,0,1,1
WBGene00166776.,0,0,0
WBGene00166777.,0,0,0
WBGene00166778.,0,0,0
WBGene00166779.,0,0,0
WBGene00166780.,0,8,8
WBGene00166781.,0,0,0
WBGene00166782.,0,2,2
WBGene00166783.,0,0,0
WBGene00166784.,0,0,0
WBGene00166785.,0,0,0
WBGene00166786.,0,5,5
WBGene00166787.,0,0,0
WBGene00166788.,0,0,0
WBGene00166789.,0,2,2
WBGene00166790.,0,0,0
WBGene00166791.,0,5,5
WBGene00166792.,0,0,0
WBGene00166793.,0,0,0
WBGene00166794.,0,10,10
WBGene00166795.,0,0,0
WBGene00166796.,0,0,0
WBGene00166797.,0,0,0
WBGene00166798.,0,0,0
WBGene00166799.,0,0,0
WBGene00166800.,0,0,0
WBGene00166801.,0,0,0
WBGene00166802.,0,0,0
WBGene00166803.,0,0,0
WBGene00166804.,0,0,0
WBGene00166805.,0,0,0
WBGene00166806.,0,0,0
WBGene00166807.,0,0,0
WBGene00166808.,0,0,0
WBGene00166809.,0,0,0
WBGene00166810.,0,0,0
WBGene00166811.,0,21,21
WBGene00166812.,0,0,0
WBGene00166813.,0,0,0
WBGene00166814.,0,0,0
WBGene00166815.,0,0,0
WBGene00166816.,0,0,0
WBGene00166817.,0,1,1
WBGene00166819.,0,2,2
WBGene00166820.,0,0,0
WBGene00166821.,0,0,0
WBGene00166822.,0,0,0
WBGene00166823.,0,3,3
WBGene00166824.,0,0,0
WBGene00166825.,0,0,0
WBGene00166826.,0,0,0
WBGene00166827.,0,0,0
WBGene00166828.,0,0,0
WBGene00166829.,0,0,0
WBGene00166830.,0,0,0
WBGene00166831.,0,2,2
WBGene00166832.,0,1,1
WBGene00166833.,0,0,0
WBGene00166834.,0,0,0
WBGene00166835.,0,2,2
WBGene00166836.,0,1,1
WBGene00166837.,0,0,0
WBGene00166838.,0,0,0
WBGene00166839.,0,0,0
WBGene00166840.,0,0,0
WBGene00166841.,0,0,0
WBGene00166842.,0,2,2
WBGene00166843.,0,5,5
WBGene00166844.,0,1,1
WBGene00166845.,0,0,0
WBGene00166846.,0,1,1
WBGene00166847.,0,5,5
WBGene00166848.,0,1,1
WBGene00166849.,0,0,0
WBGene00166850.,0,0,0
WBGene00166851.,0,0,0
WBGene00166852.,0,0,0
WBGene00166853.,0,0,0
WBGene00166854.,0,3,3
WBGene00166855.,0,0,0
WBGene00166856.,0,0,0
WBGene00166857.,0,0,0
WBGene00166858.,0,0,0
WBGene00166859.,0,0,0
WBGene00166860.,0,1,1
WBGene00166861.,0,0,0
WBGene00166862.,0,0,0
WBGene00166863.,0,0,0
WBGene00166864.,0,2,2
WBGene00166865.,0,0,0
WBGene00166866.,0,0,0
WBGene00166867.,0,1,1
WBGene00166868.,0,0,0
WBGene00166869.,0,0,0
WBGene00166870.,0,0,0
WBGene00166871.,0,0,0
WBGene00166872.,0,5,5
WBGene00166873.,0,0,0
WBGene00166874.,0,0,0
WBGene00166875.,0,0,0
WBGene00166876.,0,0,0
WBGene00166877.,0,0,0
WBGene00166878.,0,0,0
WBGene00166879.,0,2,2
WBGene00166880.,0,0,0
WBGene00166881.,0,0,0
WBGene00166882.,0,0,0
WBGene00166883.,0,0,0
WBGene00166884.,0,0,0
WBGene00166885.,0,10,10
WBGene00166886.,0,0,0
WBGene00166887.,0,0,0
WBGene00166888.,0,0,0
WBGene00166889.,0,0,0
WBGene00166890.,0,3,3
WBGene00166891.,0,0,0
WBGene00166892.,0,0,0
WBGene00166893.,0,2,2
WBGene00166894.,0,18,18
WBGene00166895.,0,0,0
WBGene00166896.,0,12,12
WBGene00166897.,0,0,0
WBGene00166898.,0,0,0
WBGene00166899.,0,0,0
WBGene00166900.,0,2,2
WBGene00166901.,0,2,2
WBGene00166902.,0,1,1
WBGene00166903.,0,3,3
WBGene00166904.,0,2,2
WBGene00166905.,0,0,0
WBGene00166906.,0,0,0
WBGene00166907.,0,1,1
WBGene00166908.,0,0,0
WBGene00166909.,0,1,1
WBGene00166910.,0,0,0
WBGene00166911.,0,1,1
WBGene00166912.,0,0,0
WBGene00166913.,0,0,0
WBGene00166914.,0,0,0
WBGene00166915.,0,0,0
WBGene00166916.,0,0,0
WBGene00166917.,0,1,1
WBGene00166918.,0,0,0
WBGene00166919.,0,0,0
WBGene00166920.,0,0,0
WBGene00166921.,0,3,3
WBGene00166922.,0,0,0
WBGene00166923.,0,0,0
WBGene00166924.,0,0,0
WBGene00166925.,0,0,0
WBGene00166926.,0,0,0
WBGene00166927.,0,0,0
WBGene00166928.,0,0,0
WBGene00166929.,0,1,1
WBGene00166930.,0,0,0
WBGene00166931.,0,0,0
WBGene00166932.,0,0,0
WBGene00166933.,0,5,5
WBGene00166934.,0,6,6
WBGene00166935.,0,0,0
WBGene00166936.,0,3,3
WBGene00166937.,0,0,0
WBGene00166938.,0,37,37
WBGene00166939.,0,0,0
WBGene00166940.,0,0,0
WBGene00166941.,0,0,0
WBGene00166942.,0,0,0
WBGene00166943.,0,0,0
WBGene00166944.,0,0,0
WBGene00166945.,0,4,4
WBGene00166946.,0,0,0
WBGene00166947.,0,0,0
WBGene00166948.,0,0,0
WBGene00166949.,0,0,0
WBGene00166950.,0,0,0
WBGene00166951.,0,0,0
WBGene00166952.,0,0,0
WBGene00166953.,0,3,3
WBGene00166954.,0,2,2
WBGene00166955.,0,0,0
WBGene00166956.,0,0,0
WBGene00166957.,0,0,0
WBGene00166958.,0,0,0
WBGene00166959.,0,0,0
WBGene00166960.,0,0,0
WBGene00166961.,0,0,0
WBGene00166962.,0,1,1
WBGene00166963.,0,0,0
WBGene00166964.,0,0,0
WBGene00166965.,0,1,1
WBGene00166966.,0,0,0
WBGene00166967.,0,0,0
WBGene00166968.,0,0,0
WBGene00166969.,0,0,0
WBGene00166970.,0,0,0
WBGene00166971.,0,0,0
WBGene00166972.,0,1,1
WBGene00166973.,0,2,2
WBGene00166974.,0,0,0
WBGene00166975.,0,5,5
WBGene00166976.,0,1,1
WBGene00166977.,0,0,0
WBGene00166978.,0,0,0
WBGene00166979.,0,4,4
WBGene00166980.,0,0,0
WBGene00166981.,0,5,5
WBGene00166982.,0,0,0
WBGene00166983.,0,0,0
WBGene00166984.,0,0,0
WBGene00166985.,0,0,0
WBGene00166986.,0,0,0
WBGene00166987.,0,0,0
WBGene00166988.,0,0,0
WBGene00166989.,0,0,0
WBGene00166990.,0,0,0
WBGene00166991.,0,0,0
WBGene00166992.,0,1,1
WBGene00166993.,0,0,0
WBGene00166994.,0,1,1
WBGene00166995.,0,0,0
WBGene00166996.,0,0,0
WBGene00166997.,0,0,0
WBGene00166998.,0,0,0
WBGene00166999.,0,2,2
WBGene00167000.,0,0,0
WBGene00167001.,0,0,0
WBGene00167002.,0,0,0
WBGene00167003.,0,0,0
WBGene00167004.,0,11,11
WBGene00167005.,0,0,0
WBGene00167006.,0,3,3
WBGene00167007.,0,0,0
WBGene00167008.,0,1,1
WBGene00167009.,0,0,0
WBGene00167010.,0,1,1
WBGene00167011.,0,5,5
WBGene00167012.,0,0,0
WBGene00167013.,0,0,0
WBGene00167014.,0,0,0
WBGene00167015.,0,3,3
WBGene00167016.,0,0,0
WBGene00167017.,0,0,0
WBGene00167018.,0,0,0
WBGene00167019.,0,0,0
WBGene00167020.,0,0,0
WBGene00167021.,0,0,0
WBGene00167022.,0,0,0
WBGene00167023.,0,0,0
WBGene00167024.,0,0,0
WBGene00167025.,0,11,11
WBGene00167026.,0,1,1
WBGene00167027.,0,0,0
WBGene00167028.,0,0,0
WBGene00167029.,0,0,0
WBGene00167030.,0,1,1
WBGene00167031.,0,0,0
WBGene00167032.,0,0,0
WBGene00167033.,0,0,0
WBGene00167034.,0,0,0
WBGene00167035.,0,0,0
WBGene00167036.,0,2,2
WBGene00167037.,0,0,0
WBGene00167038.,0,0,0
WBGene00167039.,0,6,6
WBGene00167040.,0,3,3
WBGene00167041.,0,0,0
WBGene00167042.,0,1,1
WBGene00167043.,0,0,0
WBGene00167044.,0,0,0
WBGene00167045.,0,0,0
WBGene00167046.,0,0,0
WBGene00167047.,0,0,0
WBGene00167048.,0,1,1
WBGene00167049.,0,0,0
WBGene00167050.,0,0,0
WBGene00167051.,0,0,0
WBGene00167052.,0,0,0
WBGene00167053.,0,0,0
WBGene00167054.,0,0,0
WBGene00167055.,0,7,7
WBGene00167056.,0,0,0
WBGene00167057.,0,0,0
WBGene00167058.,0,0,0
WBGene00167059.,0,0,0
WBGene00167060.,0,0,0
WBGene00167061.,0,1,1
WBGene00167062.,0,0,0
WBGene00167063.,0,0,0
WBGene00167064.,0,0,0
WBGene00167065.,0,0,0
WBGene00167066.,0,0,0
WBGene00167067.,0,0,0
WBGene00167068.,0,17,17
WBGene00167069.,0,0,0
WBGene00167070.,0,0,0
WBGene00167071.,0,0,0
WBGene00167072.,0,0,0
WBGene00167073.,0,0,0
WBGene00167074.,0,2,2
WBGene00167075.,0,0,0
WBGene00167076.,0,0,0
WBGene00167077.,0,0,0
WBGene00167078.,0,0,0
WBGene00167079.,0,0,0
WBGene00167080.,0,0,0
WBGene00167081.,0,0,0
WBGene00167082.,0,0,0
WBGene00167083.,0,0,0
WBGene00167084.,0,0,0
WBGene00167085.,0,0,0
WBGene00167086.,0,1,1
WBGene00167087.,0,2,2
WBGene00167088.,0,0,0
WBGene00167089.,0,0,0
WBGene00167090.,0,0,0
WBGene00167091.,0,0,0
WBGene00167092.,0,2,2
WBGene00167093.,0,2,2
WBGene00167094.,0,0,0
WBGene00167095.,0,0,0
WBGene00167096.,0,0,0
WBGene00167097.,0,0,0
WBGene00167098.,0,0,0
WBGene00167099.,0,1,1
WBGene00167100.,0,0,0
WBGene00167101.,0,0,0
WBGene00167102.,0,0,0
WBGene00167103.,0,6,6
WBGene00167104.,0,0,0
WBGene00167105.,0,0,0
WBGene00167106.,0,0,0
WBGene00167107.,0,0,0
WBGene00167108.,0,0,0
WBGene00167109.,0,0,0
WBGene00167110.,0,0,0
WBGene00167111.,0,1,1
WBGene00167112.,0,0,0
WBGene00167113.,0,0,0
WBGene00167114.,0,0,0
WBGene00167115.,0,0,0
WBGene00167116.,0,0,0
WBGene00167117.,0,0,0
WBGene00167118.,0,9,9
WBGene00167119.,0,0,0
WBGene00167120.,0,0,0
WBGene00167121.,0,0,0
WBGene00167122.,0,0,0
WBGene00167123.,0,0,0
WBGene00167124.,0,0,0
WBGene00167125.,0,0,0
WBGene00167126.,0,0,0
WBGene00167127.,0,0,0
WBGene00167128.,0,0,0
WBGene00167129.,0,0,0
WBGene00167130.,0,0,0
WBGene00167131.,0,3,3
WBGene00167132.,0,0,0
WBGene00167133.,0,1,1
WBGene00167134.,0,0,0
WBGene00167135.,0,1,1
WBGene00167136.,0,0,0
WBGene00167137.,0,0,0
WBGene00167138.,0,0,0
WBGene00167139.,0,0,0
WBGene00167140.,0,1,1
WBGene00167141.,0,0,0
WBGene00167142.,0,0,0
WBGene00167143.,0,2,2
WBGene00167144.,0,0,0
WBGene00167145.,0,0,0
WBGene00167146.,0,0,0
WBGene00167147.,0,0,0
WBGene00167148.,0,0,0
WBGene00167149.,0,0,0
WBGene00167150.,0,0,0
WBGene00167151.,0,0,0
WBGene00167152.,0,2,2
WBGene00167153.,0,4,4
WBGene00167154.,0,0,0
WBGene00167155.,0,0,0
WBGene00167156.,0,3,3
WBGene00167157.,0,1,1
WBGene00167158.,0,5,5
WBGene00167159.,0,0,0
WBGene00167160.,0,0,0
WBGene00167161.,0,0,0
WBGene00167162.,0,2,2
WBGene00167163.,0,0,0
WBGene00167164.,0,0,0
WBGene00167165.,0,0,0
WBGene00167166.,0,0,0
WBGene00167167.,0,0,0
WBGene00167168.,0,0,0
WBGene00167169.,0,0,0
WBGene00167170.,0,0,0
WBGene00167171.,0,3,3
WBGene00167172.,0,0,0
WBGene00167173.,0,0,0
WBGene00167174.,0,0,0
WBGene00167175.,0,0,0
WBGene00167176.,0,4,4
WBGene00167177.,0,0,0
WBGene00167178.,0,0,0
WBGene00167179.,0,0,0
WBGene00167180.,0,0,0
WBGene00167181.,0,5,5
WBGene00167182.,0,0,0
WBGene00167183.,0,0,0
WBGene00167184.,0,0,0
WBGene00167185.,0,0,0
WBGene00167186.,0,0,0
WBGene00167187.,0,0,0
WBGene00167188.,0,0,0
WBGene00167189.,0,0,0
WBGene00167190.,0,0,0
WBGene00167191.,0,0,0
WBGene00167192.,0,0,0
WBGene00167193.,0,0,0
WBGene00167194.,0,0,0
WBGene00167195.,0,1,1
WBGene00167196.,0,2,2
WBGene00167197.,0,0,0
WBGene00167198.,0,1,1
WBGene00167199.,0,0,0
WBGene00167200.,0,0,0
WBGene00167201.,0,1,1
WBGene00167202.,0,0,0
WBGene00167203.,0,0,0
WBGene00167204.,0,1,1
WBGene00167205.,0,1,1
WBGene00167206.,0,0,0
WBGene00167207.,0,22,22
WBGene00167208.,0,0,0
WBGene00167209.,0,0,0
WBGene00167210.,0,0,0
WBGene00167211.,0,0,0
WBGene00167212.,0,0,0
WBGene00167213.,0,0,0
WBGene00167214.,0,0,0
WBGene00167215.,0,0,0
WBGene00167216.,0,0,0
WBGene00167217.,0,0,0
WBGene00167218.,0,0,0
WBGene00167219.,0,0,0
WBGene00167220.,0,0,0
WBGene00167221.,0,0,0
WBGene00167222.,0,0,0
WBGene00167223.,0,0,0
WBGene00167224.,0,0,0
WBGene00167225.,0,7,7
WBGene00167226.,0,0,0
WBGene00167227.,0,1,1
WBGene00167228.,0,0,0
WBGene00167229.,0,0,0
WBGene00167230.,0,0,0
WBGene00167231.,0,1,1
WBGene00167232.,0,0,0
WBGene00167233.,0,0,0
WBGene00167234.,0,0,0
WBGene00167235.,0,0,0
WBGene00167236.,0,0,0
WBGene00167237.,0,2,2
WBGene00167238.,0,0,0
WBGene00167239.,0,0,0
WBGene00167240.,0,0,0
WBGene00167241.,0,0,0
WBGene00167242.,0,0,0
WBGene00167243.,0,0,0
WBGene00167244.,0,0,0
WBGene00167245.,0,0,0
WBGene00167246.,0,0,0
WBGene00167247.,0,0,0
WBGene00167248.,0,0,0
WBGene00167249.,0,0,0
WBGene00167250.,0,0,0
WBGene00167251.,0,0,0
WBGene00167252.,0,0,0
WBGene00167253.,0,0,0
WBGene00167254.,0,1,1
WBGene00167255.,0,0,0
WBGene00167256.,0,0,0
WBGene00167257.,0,0,0
WBGene00167258.,0,0,0
WBGene00167259.,0,0,0
WBGene00167260.,0,0,0
WBGene00167261.,0,3,3
WBGene00167262.,0,0,0
WBGene00167263.,0,1,1
WBGene00167264.,0,0,0
WBGene00167265.,0,0,0
WBGene00167266.,0,0,0
WBGene00167267.,0,0,0
WBGene00167268.,0,2,2
WBGene00167269.,0,2,2
WBGene00167270.,0,0,0
WBGene00167271.,0,4,4
WBGene00167272.,0,0,0
WBGene00167273.,0,0,0
WBGene00167274.,0,6,6
WBGene00167275.,0,0,0
WBGene00167276.,0,0,0
WBGene00167277.,0,0,0
WBGene00167278.,0,0,0
WBGene00167279.,0,10,10
WBGene00167280.,0,1,1
WBGene00167281.,0,0,0
WBGene00167282.,0,0,0
WBGene00167283.,0,0,0
WBGene00167284.,0,0,0
WBGene00167285.,0,0,0
WBGene00167286.,0,3,3
WBGene00167287.,0,0,0
WBGene00167288.,0,0,0
WBGene00167289.,0,0,0
WBGene00167290.,0,2,2
WBGene00167291.,0,0,0
WBGene00167292.,0,4,4
WBGene00167293.,0,6,6
WBGene00167294.,0,0,0
WBGene00167295.,0,0,0
WBGene00167296.,0,2,2
WBGene00167297.,0,1,1
WBGene00167298.,0,0,0
WBGene00167299.,0,3,3
WBGene00167300.,0,0,0
WBGene00167301.,0,2,2
WBGene00167302.,0,0,0
WBGene00167303.,0,0,0
WBGene00167304.,0,0,0
WBGene00167305.,0,0,0
WBGene00167306.,0,0,0
WBGene00167307.,0,0,0
WBGene00167308.,0,4,4
WBGene00167309.,0,2,2
WBGene00167310.,0,0,0
WBGene00167311.,0,0,0
WBGene00167312.,0,8,8
WBGene00167313.,0,0,0
WBGene00167314.,0,0,0
WBGene00167315.,0,0,0
WBGene00167316.,0,0,0
WBGene00167317.,0,5,5
WBGene00167318.,0,0,0
WBGene00167319.,0,0,0
WBGene00167320.,0,6,6
WBGene00167321.,0,0,0
WBGene00167322.,0,0,0
WBGene00167323.,0,1,1
WBGene00167324.,0,0,0
WBGene00167325.,0,1,1
WBGene00167326.,0,0,0
WBGene00167327.,0,1,1
WBGene00167328.,0,0,0
WBGene00167329.,0,10,10
WBGene00167330.,0,0,0
WBGene00167331.,0,0,0
WBGene00167332.,0,5,5
WBGene00167333.,0,0,0
WBGene00167334.,0,0,0
WBGene00167335.,0,0,0
WBGene00167336.,0,0,0
WBGene00167337.,0,0,0
WBGene00167338.,0,4,4
WBGene00167339.,0,0,0
WBGene00167340.,0,0,0
WBGene00167341.,0,0,0
WBGene00167342.,0,0,0
WBGene00167343.,0,0,0
WBGene00167344.,0,0,0
WBGene00167345.,0,5,5
WBGene00167346.,0,0,0
WBGene00167347.,0,0,0
WBGene00167348.,0,0,0
WBGene00167349.,0,1,1
WBGene00167350.,0,3,3
WBGene00167351.,0,1,1
WBGene00167352.,0,0,0
WBGene00167353.,0,0,0
WBGene00167354.,0,0,0
WBGene00167355.,0,0,0
WBGene00167356.,0,1,1
WBGene00167357.,0,0,0
WBGene00167358.,0,1,1
WBGene00167359.,0,0,0
WBGene00167360.,0,0,0
WBGene00167361.,0,0,0
WBGene00167362.,0,0,0
WBGene00167363.,0,8,8
WBGene00167364.,0,2,2
WBGene00167365.,0,182,182
WBGene00167366.,0,0,0
WBGene00167367.,0,1,1
WBGene00167368.,0,4,4
WBGene00167369.,0,0,0
WBGene00167370.,0,0,0
WBGene00167371.,0,0,0
WBGene00167372.,0,3,3
WBGene00167373.,0,0,0
WBGene00167374.,0,0,0
WBGene00167375.,0,0,0
WBGene00167376.,0,0,0
WBGene00167377.,0,0,0
WBGene00167378.,0,2,2
WBGene00167379.,0,0,0
WBGene00167380.,0,5,5
WBGene00167381.,0,0,0
WBGene00167382.,0,6,6
WBGene00167383.,0,0,0
WBGene00167384.,0,0,0
WBGene00167385.,0,0,0
WBGene00167386.,0,0,0
WBGene00167387.,0,0,0
WBGene00167388.,0,0,0
WBGene00167389.,0,0,0
WBGene00167390.,0,3,3
WBGene00167391.,0,0,0
WBGene00167392.,0,0,0
WBGene00167393.,0,0,0
WBGene00167394.,0,2,2
WBGene00167395.,0,2,2
WBGene00167396.,0,0,0
WBGene00167397.,0,0,0
WBGene00167398.,0,0,0
WBGene00167399.,0,0,0
WBGene00167400.,0,0,0
WBGene00167401.,0,1,1
WBGene00167402.,0,5,5
WBGene00167403.,0,0,0
WBGene00167404.,0,0,0
WBGene00167405.,0,0,0
WBGene00167406.,0,6,6
WBGene00167407.,0,0,0
WBGene00167408.,0,0,0
WBGene00167409.,0,0,0
WBGene00167410.,0,0,0
WBGene00167411.,0,0,0
WBGene00167412.,0,2,2
WBGene00167413.,0,0,0
WBGene00167414.,0,0,0
WBGene00167415.,0,0,0
WBGene00167416.,0,1,1
WBGene00167417.,0,0,0
WBGene00167418.,0,3,3
WBGene00167419.,0,0,0
WBGene00167420.,0,3,3
WBGene00167421.,0,0,0
WBGene00167422.,0,1,1
WBGene00167423.,0,0,0
WBGene00167424.,0,0,0
WBGene00167425.,0,0,0
WBGene00167426.,0,0,0
WBGene00167427.,0,0,0
WBGene00167428.,0,0,0
WBGene00167429.,0,0,0
WBGene00167430.,0,0,0
WBGene00167431.,0,0,0
WBGene00167432.,0,0,0
WBGene00167433.,0,0,0
WBGene00167434.,0,1,1
WBGene00167435.,0,0,0
WBGene00167436.,0,1,1
WBGene00167437.,0,0,0
WBGene00167438.,0,0,0
WBGene00167439.,0,7,7
WBGene00167440.,0,0,0
WBGene00167441.,0,0,0
WBGene00167442.,0,0,0
WBGene00167443.,0,0,0
WBGene00167444.,0,0,0
WBGene00167445.,0,0,0
WBGene00167446.,0,0,0
WBGene00167447.,0,1,1
WBGene00167448.,0,0,0
WBGene00167449.,0,0,0
WBGene00167450.,0,0,0
WBGene00167451.,0,0,0
WBGene00167452.,0,0,0
WBGene00167453.,0,0,0
WBGene00167454.,0,0,0
WBGene00167455.,0,5,5
WBGene00167456.,0,2,2
WBGene00167457.,0,4,4
WBGene00167458.,0,1,1
WBGene00167459.,0,0,0
WBGene00167460.,0,0,0
WBGene00167461.,0,0,0
WBGene00167462.,0,3,3
WBGene00167463.,0,4,4
WBGene00167464.,0,1,1
WBGene00167465.,0,0,0
WBGene00167466.,0,0,0
WBGene00167467.,0,2,2
WBGene00167468.,0,0,0
WBGene00167469.,0,0,0
WBGene00167470.,0,0,0
WBGene00167471.,0,0,0
WBGene00167472.,0,0,0
WBGene00167473.,0,10,10
WBGene00167474.,0,0,0
WBGene00167475.,0,0,0
WBGene00167476.,0,0,0
WBGene00167477.,0,10,10
WBGene00167478.,0,0,0
WBGene00167479.,0,0,0
WBGene00167480.,0,3,3
WBGene00167481.,0,0,0
WBGene00167482.,0,8,8
WBGene00167483.,0,0,0
WBGene00167484.,0,0,0
WBGene00167485.,0,0,0
WBGene00167487.,0,0,0
WBGene00167488.,0,0,0
WBGene00167489.,0,0,0
WBGene00167490.,0,0,0
WBGene00167491.,0,0,0
WBGene00167492.,0,1,1
WBGene00167493.,0,1,1
WBGene00167494.,0,0,0
WBGene00167495.,0,2,2
WBGene00167496.,0,0,0
WBGene00167497.,0,0,0
WBGene00167498.,0,0,0
WBGene00167499.,0,2,2
WBGene00167500.,0,0,0
WBGene00167501.,0,1,1
WBGene00167502.,0,3,3
WBGene00167503.,0,0,0
WBGene00167504.,0,0,0
WBGene00167505.,0,0,0
WBGene00167506.,0,0,0
WBGene00167507.,0,7,7
WBGene00167508.,0,0,0
WBGene00167509.,0,0,0
WBGene00167510.,0,2,2
WBGene00167511.,0,1,1
WBGene00167512.,0,0,0
WBGene00167513.,0,0,0
WBGene00167514.,0,0,0
WBGene00167515.,0,0,0
WBGene00167516.,0,0,0
WBGene00167517.,0,0,0
WBGene00167518.,0,0,0
WBGene00167519.,0,0,0
WBGene00167520.,0,0,0
WBGene00167521.,0,0,0
WBGene00167522.,0,0,0
WBGene00167523.,0,0,0
WBGene00167524.,0,22,22
WBGene00167525.,0,0,0
WBGene00167526.,0,0,0
WBGene00167527.,0,0,0
WBGene00167528.,0,0,0
WBGene00167529.,0,2,2
WBGene00167530.,0,0,0
WBGene00167531.,0,0,0
WBGene00167532.,0,0,0
WBGene00167533.,0,2,2
WBGene00167534.,0,1,1
WBGene00167535.,0,0,0
WBGene00167536.,0,3,3
WBGene00167537.,0,10,10
WBGene00167538.,0,0,0
WBGene00167539.,0,1,1
WBGene00167540.,0,0,0
WBGene00167541.,0,3,3
WBGene00167542.,0,0,0
WBGene00167543.,0,0,0
WBGene00167544.,0,6,6
WBGene00167545.,0,3,3
WBGene00167546.,0,0,0
WBGene00167547.,0,0,0
WBGene00167548.,0,0,0
WBGene00167549.,0,0,0
WBGene00167550.,0,6,6
WBGene00167551.,0,0,0
WBGene00167552.,0,0,0
WBGene00167553.,0,0,0
WBGene00167554.,0,0,0
WBGene00167555.,0,0,0
WBGene00167556.,0,0,0
WBGene00167557.,0,0,0
WBGene00167558.,0,4,4
WBGene00167559.,0,0,0
WBGene00167560.,0,2,2
WBGene00167561.,0,26,26
WBGene00167562.,0,0,0
WBGene00167563.,0,0,0
WBGene00167564.,0,0,0
WBGene00167565.,0,0,0
WBGene00167566.,0,3,3
WBGene00167567.,0,2,2
WBGene00167568.,0,0,0
WBGene00167569.,0,0,0
WBGene00167570.,0,0,0
WBGene00167571.,0,0,0
WBGene00167572.,0,0,0
WBGene00167573.,0,0,0
WBGene00167574.,0,0,0
WBGene00167575.,0,2,2
WBGene00167576.,0,0,0
WBGene00167577.,0,0,0
WBGene00167578.,0,4,4
WBGene00167579.,0,0,0
WBGene00167580.,0,5,5
WBGene00167581.,0,0,0
WBGene00167582.,0,6,6
WBGene00167583.,0,0,0
WBGene00167584.,0,0,0
WBGene00167585.,0,0,0
WBGene00167586.,0,0,0
WBGene00167587.,0,0,0
WBGene00167588.,0,0,0
WBGene00167589.,0,0,0
WBGene00167590.,0,0,0
WBGene00167591.,0,0,0
WBGene00167592.,0,0,0
WBGene00167593.,0,0,0
WBGene00167594.,0,0,0
WBGene00167595.,0,0,0
WBGene00167596.,0,0,0
WBGene00167597.,0,0,0
WBGene00167598.,0,0,0
WBGene00167599.,0,0,0
WBGene00167600.,0,0,0
WBGene00167601.,0,9,9
WBGene00167602.,0,0,0
WBGene00167603.,0,0,0
WBGene00167604.,0,0,0
WBGene00167605.,0,0,0
WBGene00167606.,0,2,2
WBGene00167607.,0,1,1
WBGene00167608.,0,0,0
WBGene00167609.,0,0,0
WBGene00167610.,0,6,6
WBGene00167611.,0,0,0
WBGene00167612.,0,0,0
WBGene00167613.,0,0,0
WBGene00167614.,0,19,19
WBGene00167615.,0,1,1
WBGene00167616.,0,0,0
WBGene00167617.,0,0,0
WBGene00167618.,0,0,0
WBGene00167619.,0,0,0
WBGene00167620.,0,0,0
WBGene00167621.,0,1,1
WBGene00167622.,0,0,0
WBGene00167623.,0,2,2
WBGene00167624.,0,0,0
WBGene00167625.,0,4,4
WBGene00167626.,0,1,1
WBGene00167627.,0,1,1
WBGene00167628.,0,0,0
WBGene00167629.,0,0,0
WBGene00167630.,0,0,0
WBGene00167631.,0,3,3
WBGene00167632.,0,7,7
WBGene00167633.,0,1,1
WBGene00167634.,0,0,0
WBGene00167635.,0,0,0
WBGene00167636.,0,0,0
WBGene00167637.,0,0,0
WBGene00167638.,0,0,0
WBGene00167639.,0,0,0
WBGene00167640.,0,0,0
WBGene00167641.,0,0,0
WBGene00167642.,0,2,2
WBGene00167643.,0,1,1
WBGene00167644.,0,0,0
WBGene00167645.,0,1,1
WBGene00167646.,0,0,0
WBGene00167647.,0,0,0
WBGene00167648.,0,0,0
WBGene00167649.,0,1,1
WBGene00167650.,0,0,0
WBGene00167651.,0,0,0
WBGene00167652.,0,0,0
WBGene00167653.,0,0,0
WBGene00167654.,0,0,0
WBGene00167655.,0,4,4
WBGene00167656.,0,0,0
WBGene00167657.,0,0,0
WBGene00167658.,0,0,0
WBGene00167659.,0,0,0
WBGene00167660.,0,0,0
WBGene00167661.,0,2,2
WBGene00167662.,0,2,2
WBGene00167663.,0,0,0
WBGene00167664.,0,3,3
WBGene00167665.,0,3,3
WBGene00167666.,0,0,0
WBGene00167667.,0,0,0
WBGene00167668.,0,0,0
WBGene00167669.,0,0,0
WBGene00167670.,0,0,0
WBGene00167671.,0,0,0
WBGene00167672.,0,3,3
WBGene00167673.,0,0,0
WBGene00167674.,0,7,7
WBGene00167675.,0,0,0
WBGene00167676.,0,0,0
WBGene00167677.,0,0,0
WBGene00167678.,0,0,0
WBGene00167679.,0,0,0
WBGene00167680.,0,0,0
WBGene00167681.,0,0,0
WBGene00167682.,0,0,0
WBGene00167683.,0,0,0
WBGene00167684.,0,0,0
WBGene00167685.,0,0,0
WBGene00167686.,0,3,3
WBGene00167687.,0,0,0
WBGene00167688.,0,2,2
WBGene00167689.,0,0,0
WBGene00167690.,0,0,0
WBGene00167691.,0,1,1
WBGene00167692.,0,0,0
WBGene00167693.,0,0,0
WBGene00167694.,0,0,0
WBGene00167695.,0,0,0
WBGene00167696.,0,1,1
WBGene00167697.,0,0,0
WBGene00167698.,0,0,0
WBGene00167699.,0,0,0
WBGene00167700.,0,1,1
WBGene00167701.,0,9,9
WBGene00167702.,0,3,3
WBGene00167703.,0,0,0
WBGene00167704.,0,0,0
WBGene00167705.,0,2,2
WBGene00167706.,0,0,0
WBGene00167707.,0,2,2
WBGene00167708.,0,0,0
WBGene00167709.,0,0,0
WBGene00167710.,0,2,2
WBGene00167711.,0,0,0
WBGene00167712.,0,0,0
WBGene00167713.,0,0,0
WBGene00167714.,0,0,0
WBGene00167715.,0,0,0
WBGene00167716.,0,5,5
WBGene00167717.,0,0,0
WBGene00167718.,0,0,0
WBGene00167719.,0,0,0
WBGene00167720.,0,1,1
WBGene00167721.,0,0,0
WBGene00167722.,0,4,4
WBGene00167723.,0,0,0
WBGene00167724.,0,1,1
WBGene00167725.,0,0,0
WBGene00167726.,0,0,0
WBGene00167727.,0,0,0
WBGene00167728.,0,0,0
WBGene00167729.,0,0,0
WBGene00167730.,0,10,10
WBGene00167731.,0,0,0
WBGene00167732.,0,0,0
WBGene00167733.,0,0,0
WBGene00167734.,0,0,0
WBGene00167735.,0,0,0
WBGene00167736.,0,2,2
WBGene00167737.,0,0,0
WBGene00167738.,0,0,0
WBGene00167739.,0,0,0
WBGene00167740.,0,0,0
WBGene00167741.,0,2,2
WBGene00167742.,0,0,0
WBGene00167743.,0,0,0
WBGene00167744.,0,0,0
WBGene00167745.,0,4,4
WBGene00167746.,0,12,12
WBGene00167747.,0,0,0
WBGene00167748.,0,0,0
WBGene00167749.,0,0,0
WBGene00167750.,0,5,5
WBGene00167751.,0,0,0
WBGene00167752.,0,5,5
WBGene00167753.,0,0,0
WBGene00167754.,0,0,0
WBGene00167755.,0,3,3
WBGene00167756.,0,0,0
WBGene00167757.,0,0,0
WBGene00167758.,0,0,0
WBGene00167759.,0,7,7
WBGene00167760.,0,0,0
WBGene00167761.,0,0,0
WBGene00167762.,0,0,0
WBGene00167763.,0,1,1
WBGene00167764.,0,4,4
WBGene00167765.,0,5,5
WBGene00167766.,0,0,0
WBGene00167767.,0,2,2
WBGene00167768.,0,3,3
WBGene00167769.,0,4,4
WBGene00167770.,0,0,0
WBGene00167771.,0,0,0
WBGene00167772.,0,8,8
WBGene00167773.,0,0,0
WBGene00167774.,0,0,0
WBGene00167775.,0,0,0
WBGene00167776.,0,1,1
WBGene00167777.,0,0,0
WBGene00167778.,0,0,0
WBGene00167779.,0,5,5
WBGene00167780.,0,5,5
WBGene00167781.,0,0,0
WBGene00167782.,0,0,0
WBGene00167783.,0,5,5
WBGene00167784.,0,0,0
WBGene00167785.,0,0,0
WBGene00167786.,0,3,3
WBGene00167787.,0,0,0
WBGene00167788.,0,1,1
WBGene00167789.,0,0,0
WBGene00167790.,0,0,0
WBGene00167791.,0,0,0
WBGene00167792.,0,1,1
WBGene00167793.,0,4,4
WBGene00167794.,0,0,0
WBGene00167795.,0,0,0
WBGene00167796.,0,0,0
WBGene00167797.,0,0,0
WBGene00167799.,0,0,0
WBGene00167800.,0,3,3
WBGene00167801.,0,0,0
WBGene00167802.,0,2,2
WBGene00167803.,0,2,2
WBGene00167804.,0,0,0
WBGene00167805.,0,1,1
WBGene00167806.,0,0,0
WBGene00167807.,0,0,0
WBGene00167808.,0,0,0
WBGene00167809.,0,0,0
WBGene00167810.,0,0,0
WBGene00167811.,0,0,0
WBGene00167812.,0,0,0
WBGene00167813.,0,0,0
WBGene00167814.,0,3,3
WBGene00167815.,0,0,0
WBGene00167816.,0,4,4
WBGene00167817.,0,0,0
WBGene00167818.,0,0,0
WBGene00167819.,0,0,0
WBGene00167820.,0,0,0
WBGene00167821.,0,0,0
WBGene00167822.,0,0,0
WBGene00167823.,0,0,0
WBGene00167824.,0,0,0
WBGene00167825.,0,0,0
WBGene00167826.,0,0,0
WBGene00167827.,0,0,0
WBGene00167828.,0,0,0
WBGene00167829.,0,0,0
WBGene00167830.,0,0,0
WBGene00167831.,0,0,0
WBGene00167832.,0,16,16
WBGene00167833.,0,0,0
WBGene00167834.,0,0,0
WBGene00167835.,0,0,0
WBGene00167836.,0,0,0
WBGene00167837.,0,0,0
WBGene00167838.,0,1,1
WBGene00167839.,0,0,0
WBGene00167840.,0,3,3
WBGene00167841.,0,0,0
WBGene00167842.,0,0,0
WBGene00167843.,0,0,0
WBGene00167845.,0,0,0
WBGene00167846.,0,0,0
WBGene00167847.,0,0,0
WBGene00167848.,0,0,0
WBGene00167849.,0,0,0
WBGene00167850.,0,1,1
WBGene00167851.,0,0,0
WBGene00167852.,0,0,0
WBGene00167853.,0,0,0
WBGene00167854.,0,1,1
WBGene00167855.,0,0,0
WBGene00167856.,0,0,0
WBGene00167857.,0,0,0
WBGene00167858.,0,0,0
WBGene00167859.,0,0,0
WBGene00167860.,0,0,0
WBGene00167861.,0,5,5
WBGene00167862.,0,0,0
WBGene00167863.,0,0,0
WBGene00167864.,0,0,0
WBGene00167865.,0,0,0
WBGene00167866.,0,4,4
WBGene00167867.,0,1,1
WBGene00167868.,0,0,0
WBGene00167869.,0,1,1
WBGene00167870.,0,0,0
WBGene00167871.,0,0,0
WBGene00167872.,0,12,12
WBGene00167873.,0,3,3
WBGene00167874.,0,1,1
WBGene00167875.,0,0,0
WBGene00167876.,0,0,0
WBGene00167877.,0,1,1
WBGene00167878.,0,0,0
WBGene00167879.,0,0,0
WBGene00167880.,0,6,6
WBGene00167881.,0,2,2
WBGene00167882.,0,1,1
WBGene00167883.,0,2,2
WBGene00167884.,0,0,0
WBGene00167885.,0,0,0
WBGene00167886.,0,1,1
WBGene00167887.,0,6,6
WBGene00167888.,0,13,13
WBGene00167889.,0,0,0
WBGene00167890.,0,0,0
WBGene00167891.,0,7,7
WBGene00167892.,0,0,0
WBGene00167893.,0,0,0
WBGene00167894.,0,0,0
WBGene00167895.,0,1,1
WBGene00167896.,0,0,0
WBGene00167897.,0,0,0
WBGene00167898.,0,0,0
WBGene00167899.,0,0,0
WBGene00167900.,0,0,0
WBGene00167901.,0,0,0
WBGene00167902.,0,0,0
WBGene00167903.,0,2,2
WBGene00167904.,0,0,0
WBGene00167905.,0,0,0
WBGene00167906.,0,0,0
WBGene00167907.,0,0,0
WBGene00167908.,0,0,0
WBGene00167909.,0,0,0
WBGene00167910.,0,2,2
WBGene00167911.,0,0,0
WBGene00167912.,0,0,0
WBGene00167913.,0,0,0
WBGene00167914.,0,0,0
WBGene00167915.,0,0,0
WBGene00167916.,0,0,0
WBGene00167917.,0,0,0
WBGene00167918.,0,0,0
WBGene00167919.,0,0,0
WBGene00167920.,0,0,0
WBGene00167921.,0,2,2
WBGene00167922.,0,1,1
WBGene00167923.,0,0,0
WBGene00167924.,0,0,0
WBGene00167925.,0,1,1
WBGene00167926.,0,0,0
WBGene00167927.,0,0,0
WBGene00167928.,0,2,2
WBGene00167929.,0,0,0
WBGene00167930.,0,0,0
WBGene00167931.,0,0,0
WBGene00167932.,0,0,0
WBGene00167933.,0,0,0
WBGene00167934.,0,0,0
WBGene00167935.,0,0,0
WBGene00167936.,0,3,3
WBGene00167937.,0,1,1
WBGene00167938.,0,0,0
WBGene00167939.,0,0,0
WBGene00167940.,0,0,0
WBGene00167941.,0,0,0
WBGene00167942.,0,0,0
WBGene00167943.,0,0,0
WBGene00167944.,0,0,0
WBGene00167945.,0,1,1
WBGene00167946.,0,0,0
WBGene00167947.,0,0,0
WBGene00167948.,0,4,4
WBGene00167949.,0,0,0
WBGene00167950.,0,0,0
WBGene00167951.,0,0,0
WBGene00167952.,0,0,0
WBGene00167953.,0,10,10
WBGene00167954.,0,0,0
WBGene00167955.,0,9,9
WBGene00167956.,0,0,0
WBGene00167957.,0,3,3
WBGene00167958.,0,0,0
WBGene00167959.,0,0,0
WBGene00167960.,0,0,0
WBGene00167961.,0,0,0
WBGene00167962.,0,0,0
WBGene00167963.,0,0,0
WBGene00167964.,0,0,0
WBGene00167965.,0,3,3
WBGene00167966.,0,0,0
WBGene00167967.,0,0,0
WBGene00167968.,0,3,3
WBGene00167969.,0,0,0
WBGene00167970.,0,0,0
WBGene00167971.,0,0,0
WBGene00167972.,0,0,0
WBGene00167973.,0,0,0
WBGene00167974.,0,0,0
WBGene00167975.,0,0,0
WBGene00167976.,0,0,0
WBGene00167977.,0,0,0
WBGene00167978.,0,0,0
WBGene00167979.,0,0,0
WBGene00167980.,0,0,0
WBGene00167981.,0,0,0
WBGene00167982.,0,0,0
WBGene00167983.,0,1,1
WBGene00167984.,0,0,0
WBGene00167985.,0,0,0
WBGene00167986.,0,5,5
WBGene00167987.,0,6,6
WBGene00167988.,0,0,0
WBGene00167989.,0,0,0
WBGene00167990.,0,0,0
WBGene00167991.,0,0,0
WBGene00167992.,0,0,0
WBGene00167993.,0,0,0
WBGene00167994.,0,1,1
WBGene00167995.,0,0,0
WBGene00167996.,0,4,4
WBGene00167997.,0,0,0
WBGene00167998.,0,1,1
WBGene00167999.,0,0,0
WBGene00168000.,0,0,0
WBGene00168001.,0,0,0
WBGene00168002.,0,0,0
WBGene00168003.,0,0,0
WBGene00168004.,0,0,0
WBGene00168005.,0,3,3
WBGene00168006.,0,1,1
WBGene00168007.,0,0,0
WBGene00168008.,0,0,0
WBGene00168009.,0,10,10
WBGene00168010.,0,0,0
WBGene00168011.,0,0,0
WBGene00168012.,0,5,5
WBGene00168013.,0,0,0
WBGene00168014.,0,0,0
WBGene00168015.,0,13,13
WBGene00168016.,0,1,1
WBGene00168017.,0,0,0
WBGene00168018.,0,0,0
WBGene00168019.,0,0,0
WBGene00168020.,0,1,1
WBGene00168021.,0,2,2
WBGene00168022.,0,5,5
WBGene00168023.,0,0,0
WBGene00168024.,0,4,4
WBGene00168025.,0,0,0
WBGene00168026.,0,0,0
WBGene00168027.,0,0,0
WBGene00168028.,0,0,0
WBGene00168029.,0,0,0
WBGene00168030.,0,0,0
WBGene00168031.,0,0,0
WBGene00168032.,0,0,0
WBGene00168033.,0,11,11
WBGene00168034.,0,0,0
WBGene00168035.,0,0,0
WBGene00168036.,0,0,0
WBGene00168037.,0,0,0
WBGene00168038.,0,0,0
WBGene00168039.,0,0,0
WBGene00168040.,0,0,0
WBGene00168041.,0,0,0
WBGene00168042.,0,0,0
WBGene00168043.,0,0,0
WBGene00168044.,0,1,1
WBGene00168045.,0,0,0
WBGene00168046.,0,3,3
WBGene00168047.,0,0,0
WBGene00168048.,0,0,0
WBGene00168049.,0,0,0
WBGene00168050.,0,0,0
WBGene00168051.,0,0,0
WBGene00168052.,0,0,0
WBGene00168053.,0,0,0
WBGene00168054.,0,0,0
WBGene00168055.,0,0,0
WBGene00168056.,0,0,0
WBGene00168057.,0,0,0
WBGene00168058.,0,1,1
WBGene00168059.,0,0,0
WBGene00168060.,0,0,0
WBGene00168061.,0,0,0
WBGene00168062.,0,0,0
WBGene00168063.,0,0,0
WBGene00168064.,0,0,0
WBGene00168065.,0,0,0
WBGene00168066.,0,3,3
WBGene00168067.,0,1,1
WBGene00168068.,0,0,0
WBGene00168069.,0,0,0
WBGene00168070.,0,0,0
WBGene00168071.,0,1,1
WBGene00168072.,0,5,5
WBGene00168073.,0,0,0
WBGene00168074.,0,0,0
WBGene00168075.,0,0,0
WBGene00168076.,0,0,0
WBGene00168077.,0,3,3
WBGene00168078.,0,0,0
WBGene00168079.,0,0,0
WBGene00168080.,0,3,3
WBGene00168081.,0,0,0
WBGene00168082.,0,0,0
WBGene00168083.,0,2,2
WBGene00168084.,0,1,1
WBGene00168085.,0,0,0
WBGene00168086.,0,0,0
WBGene00168087.,0,2,2
WBGene00168088.,0,0,0
WBGene00168089.,0,0,0
WBGene00168090.,0,3,3
WBGene00168091.,0,0,0
WBGene00168092.,0,16,16
WBGene00168093.,0,0,0
WBGene00168094.,0,0,0
WBGene00168095.,0,1,1
WBGene00168096.,0,1,1
WBGene00168097.,0,0,0
WBGene00168098.,0,0,0
WBGene00168099.,0,4,4
WBGene00168100.,0,0,0
WBGene00168101.,0,3,3
WBGene00168102.,0,0,0
WBGene00168103.,0,2,2
WBGene00168104.,0,0,0
WBGene00168105.,0,0,0
WBGene00168106.,0,0,0
WBGene00168107.,0,5,5
WBGene00168108.,0,0,0
WBGene00168109.,0,0,0
WBGene00168110.,0,0,0
WBGene00168111.,0,5,5
WBGene00168112.,0,0,0
WBGene00168113.,0,0,0
WBGene00168114.,0,0,0
WBGene00168115.,0,0,0
WBGene00168116.,0,3,3
WBGene00168117.,0,25,25
WBGene00168118.,0,1,1
WBGene00168119.,0,0,0
WBGene00168120.,0,11,11
WBGene00168121.,0,0,0
WBGene00168122.,0,0,0
WBGene00168123.,0,1,1
WBGene00168124.,0,0,0
WBGene00168125.,0,1,1
WBGene00168126.,0,0,0
WBGene00168127.,0,0,0
WBGene00168128.,0,0,0
WBGene00168129.,0,3,3
WBGene00168130.,0,17,17
WBGene00168131.,0,3,3
WBGene00168132.,0,0,0
WBGene00168133.,0,1,1
WBGene00168134.,0,0,0
WBGene00168135.,0,1,1
WBGene00168136.,0,0,0
WBGene00168137.,0,0,0
WBGene00168138.,0,1,1
WBGene00168139.,0,0,0
WBGene00168140.,0,0,0
WBGene00168141.,0,0,0
WBGene00168142.,0,0,0
WBGene00168143.,0,0,0
WBGene00168144.,0,0,0
WBGene00168145.,0,0,0
WBGene00168146.,0,0,0
WBGene00168147.,0,7,7
WBGene00168148.,0,0,0
WBGene00168149.,0,5,5
WBGene00168150.,0,0,0
WBGene00168151.,0,0,0
WBGene00168152.,0,1,1
WBGene00168153.,0,0,0
WBGene00168154.,0,0,0
WBGene00168155.,0,0,0
WBGene00168156.,0,0,0
WBGene00168157.,0,2,2
WBGene00168158.,0,0,0
WBGene00168159.,0,0,0
WBGene00168160.,0,0,0
WBGene00168161.,0,0,0
WBGene00168162.,0,0,0
WBGene00168163.,0,3,3
WBGene00168164.,0,0,0
WBGene00168165.,0,0,0
WBGene00168166.,0,0,0
WBGene00168167.,0,0,0
WBGene00168168.,0,0,0
WBGene00168169.,0,0,0
WBGene00168170.,0,2,2
WBGene00168171.,0,0,0
WBGene00168172.,0,4,4
WBGene00168173.,0,0,0
WBGene00168174.,0,0,0
WBGene00168175.,0,3,3
WBGene00168176.,0,0,0
WBGene00168177.,0,0,0
WBGene00168178.,0,0,0
WBGene00168179.,0,1,1
WBGene00168180.,0,0,0
WBGene00168181.,0,0,0
WBGene00168182.,0,0,0
WBGene00168183.,0,0,0
WBGene00168184.,0,0,0
WBGene00168185.,0,1,1
WBGene00168186.,0,0,0
WBGene00168187.,0,0,0
WBGene00168188.,0,11,11
WBGene00168189.,0,1,1
WBGene00168190.,0,0,0
WBGene00168191.,0,0,0
WBGene00168192.,0,0,0
WBGene00168193.,0,5,5
WBGene00168194.,0,3,3
WBGene00168195.,0,0,0
WBGene00168196.,0,0,0
WBGene00168197.,0,0,0
WBGene00168198.,0,0,0
WBGene00168199.,0,0,0
WBGene00168200.,0,0,0
WBGene00168201.,0,0,0
WBGene00168202.,0,0,0
WBGene00168203.,0,0,0
WBGene00168204.,0,0,0
WBGene00168205.,0,0,0
WBGene00168206.,0,0,0
WBGene00168207.,0,0,0
WBGene00168208.,0,0,0
WBGene00168209.,0,2,2
WBGene00168210.,0,2,2
WBGene00168211.,0,1,1
WBGene00168212.,0,0,0
WBGene00168213.,0,0,0
WBGene00168214.,0,1,1
WBGene00168215.,0,0,0
WBGene00168216.,0,0,0
WBGene00168217.,0,0,0
WBGene00168218.,0,0,0
WBGene00168219.,0,2,2
WBGene00168220.,0,0,0
WBGene00168221.,0,0,0
WBGene00168222.,0,0,0
WBGene00168223.,0,0,0
WBGene00168224.,0,0,0
WBGene00168225.,0,0,0
WBGene00168226.,0,0,0
WBGene00168227.,0,5,5
WBGene00168228.,0,0,0
WBGene00168229.,0,3,3
WBGene00168230.,0,0,0
WBGene00168231.,0,0,0
WBGene00168232.,0,0,0
WBGene00168233.,0,0,0
WBGene00168234.,0,0,0
WBGene00168235.,0,0,0
WBGene00168236.,0,6,6
WBGene00168237.,0,0,0
WBGene00168238.,0,0,0
WBGene00168239.,0,0,0
WBGene00168240.,0,0,0
WBGene00168241.,0,0,0
WBGene00168242.,0,0,0
WBGene00168243.,0,0,0
WBGene00168244.,0,0,0
WBGene00168245.,0,0,0
WBGene00168246.,0,0,0
WBGene00168247.,0,0,0
WBGene00168248.,0,0,0
WBGene00168249.,0,1,1
WBGene00168250.,0,0,0
WBGene00168251.,0,0,0
WBGene00168252.,0,3,3
WBGene00168253.,0,0,0
WBGene00168254.,0,3,3
WBGene00168255.,0,0,0
WBGene00168256.,0,0,0
WBGene00168257.,0,0,0
WBGene00168258.,0,0,0
WBGene00168259.,0,0,0
WBGene00168260.,0,1,1
WBGene00168261.,0,2,2
WBGene00168262.,0,4,4
WBGene00168263.,0,0,0
WBGene00168264.,0,8,8
WBGene00168265.,0,0,0
WBGene00168266.,0,1,1
WBGene00168267.,0,12,12
WBGene00168268.,0,0,0
WBGene00168269.,0,0,0
WBGene00168270.,0,0,0
WBGene00168271.,0,0,0
WBGene00168272.,0,0,0
WBGene00168273.,0,0,0
WBGene00168274.,0,0,0
WBGene00168275.,0,5,5
WBGene00168276.,0,0,0
WBGene00168277.,0,5,5
WBGene00168278.,0,1,1
WBGene00168279.,0,0,0
WBGene00168280.,0,3,3
WBGene00168281.,0,3,3
WBGene00168282.,0,1,1
WBGene00168283.,0,0,0
WBGene00168284.,0,0,0
WBGene00168285.,0,1,1
WBGene00168286.,0,3,3
WBGene00168287.,0,0,0
WBGene00168288.,0,0,0
WBGene00168289.,0,0,0
WBGene00168290.,0,0,0
WBGene00168291.,0,0,0
WBGene00168292.,0,1,1
WBGene00168293.,0,0,0
WBGene00168294.,0,0,0
WBGene00168295.,0,4,4
WBGene00168296.,0,0,0
WBGene00168297.,0,0,0
WBGene00168298.,0,2,2
WBGene00168299.,0,0,0
WBGene00168300.,0,0,0
WBGene00168301.,0,1,1
WBGene00168302.,0,0,0
WBGene00168303.,0,13,13
WBGene00168304.,0,0,0
WBGene00168305.,0,0,0
WBGene00168306.,0,61,61
WBGene00168307.,0,4,4
WBGene00168308.,0,2,2
WBGene00168309.,0,2,2
WBGene00168310.,0,5,5
WBGene00168311.,0,0,0
WBGene00168312.,0,2,2
WBGene00168313.,0,3,3
WBGene00168314.,0,0,0
WBGene00168315.,0,0,0
WBGene00168316.,0,0,0
WBGene00168317.,0,0,0
WBGene00168318.,0,0,0
WBGene00168319.,0,0,0
WBGene00168320.,0,4,4
WBGene00168321.,0,0,0
WBGene00168322.,0,0,0
WBGene00168323.,0,0,0
WBGene00168324.,0,17,17
WBGene00168325.,0,0,0
WBGene00168326.,0,0,0
WBGene00168327.,0,0,0
WBGene00168328.,0,0,0
WBGene00168329.,0,0,0
WBGene00168330.,0,1,1
WBGene00168331.,0,0,0
WBGene00168332.,0,1,1
WBGene00168333.,0,1,1
WBGene00168334.,0,0,0
WBGene00168335.,0,0,0
WBGene00168336.,0,1,1
WBGene00168337.,0,0,0
WBGene00168338.,0,0,0
WBGene00168339.,0,0,0
WBGene00168340.,0,3,3
WBGene00168341.,0,0,0
WBGene00168342.,0,0,0
WBGene00168343.,0,2,2
WBGene00168344.,0,0,0
WBGene00168345.,0,0,0
WBGene00168346.,0,0,0
WBGene00168347.,0,0,0
WBGene00168348.,0,1,1
WBGene00168349.,0,0,0
WBGene00168350.,0,0,0
WBGene00168351.,0,0,0
WBGene00168352.,0,0,0
WBGene00168353.,0,0,0
WBGene00168354.,0,0,0
WBGene00168355.,0,0,0
WBGene00168356.,0,0,0
WBGene00168357.,0,0,0
WBGene00168358.,0,1,1
WBGene00168359.,0,0,0
WBGene00168360.,0,0,0
WBGene00168361.,0,0,0
WBGene00168362.,0,0,0
WBGene00168363.,0,5,5
WBGene00168364.,0,0,0
WBGene00168365.,0,0,0
WBGene00168366.,0,0,0
WBGene00168367.,0,4,4
WBGene00168368.,0,0,0
WBGene00168369.,0,7,7
WBGene00168370.,0,0,0
WBGene00168371.,0,0,0
WBGene00168372.,0,0,0
WBGene00168373.,0,0,0
WBGene00168374.,0,0,0
WBGene00168375.,0,0,0
WBGene00168376.,0,0,0
WBGene00168377.,0,14,14
WBGene00168378.,0,0,0
WBGene00168379.,0,0,0
WBGene00168380.,0,0,0
WBGene00168381.,0,5,5
WBGene00168382.,0,3,3
WBGene00168383.,0,0,0
WBGene00168384.,0,0,0
WBGene00168385.,0,0,0
WBGene00168386.,0,0,0
WBGene00168387.,0,0,0
WBGene00168388.,0,24,24
WBGene00168389.,0,0,0
WBGene00168390.,0,0,0
WBGene00168391.,0,1,1
WBGene00168392.,0,0,0
WBGene00168393.,0,0,0
WBGene00168394.,0,0,0
WBGene00168395.,0,0,0
WBGene00168396.,0,1,1
WBGene00168397.,0,0,0
WBGene00168398.,0,3,3
WBGene00168399.,0,0,0
WBGene00168400.,0,0,0
WBGene00168401.,0,0,0
WBGene00168402.,0,0,0
WBGene00168403.,0,0,0
WBGene00168404.,0,0,0
WBGene00168405.,0,1,1
WBGene00168406.,0,0,0
WBGene00168407.,0,0,0
WBGene00168408.,0,3,3
WBGene00168409.,0,5,5
WBGene00168410.,0,0,0
WBGene00168411.,0,0,0
WBGene00168412.,0,1,1
WBGene00168413.,0,0,0
WBGene00168414.,0,0,0
WBGene00168415.,0,0,0
WBGene00168416.,0,0,0
WBGene00168417.,0,0,0
WBGene00168418.,0,0,0
WBGene00168419.,0,0,0
WBGene00168420.,0,0,0
WBGene00168421.,0,1,1
WBGene00168422.,0,0,0
WBGene00168423.,0,0,0
WBGene00168424.,0,0,0
WBGene00168425.,0,2,2
WBGene00168426.,0,0,0
WBGene00168427.,0,0,0
WBGene00168428.,0,0,0
WBGene00168429.,0,2,2
WBGene00168430.,0,1,1
WBGene00168431.,0,9,9
WBGene00168432.,0,3,3
WBGene00168433.,0,1,1
WBGene00168434.,0,0,0
WBGene00168435.,0,1,1
WBGene00168436.,0,7,7
WBGene00168437.,0,0,0
WBGene00168438.,0,0,0
WBGene00168439.,0,0,0
WBGene00168440.,0,1,1
WBGene00168441.,0,0,0
WBGene00168442.,0,6,6
WBGene00168443.,0,0,0
WBGene00168444.,0,0,0
WBGene00168445.,0,1,1
WBGene00168446.,0,1,1
WBGene00168447.,0,0,0
WBGene00168448.,0,0,0
WBGene00168449.,0,0,0
WBGene00168450.,0,0,0
WBGene00168451.,0,5,5
WBGene00168452.,0,2,2
WBGene00168453.,0,3,3
WBGene00168454.,0,0,0
WBGene00168455.,0,0,0
WBGene00168456.,0,0,0
WBGene00168457.,0,16,16
WBGene00168458.,0,3,3
WBGene00168459.,0,5,5
WBGene00168460.,0,1,1
WBGene00168461.,0,0,0
WBGene00168462.,0,4,4
WBGene00168463.,0,2,2
WBGene00168464.,0,1,1
WBGene00168465.,0,2,2
WBGene00168466.,0,4,4
WBGene00168467.,0,0,0
WBGene00168468.,0,0,0
WBGene00168469.,0,1,1
WBGene00168470.,0,0,0
WBGene00168472.,0,0,0
WBGene00168473.,0,0,0
WBGene00168474.,0,0,0
WBGene00168475.,0,0,0
WBGene00168476.,0,0,0
WBGene00168477.,0,3,3
WBGene00168478.,0,0,0
WBGene00168479.,0,0,0
WBGene00168480.,0,1,1
WBGene00168481.,0,0,0
WBGene00168482.,0,0,0
WBGene00168483.,0,0,0
WBGene00168484.,0,1,1
WBGene00168485.,0,0,0
WBGene00168486.,0,0,0
WBGene00168487.,0,0,0
WBGene00168488.,0,7,7
WBGene00168489.,0,0,0
WBGene00168490.,0,0,0
WBGene00168491.,0,0,0
WBGene00168492.,0,0,0
WBGene00168493.,0,0,0
WBGene00168494.,0,1,1
WBGene00168495.,0,0,0
WBGene00168496.,0,0,0
WBGene00168497.,0,0,0
WBGene00168498.,0,0,0
WBGene00168499.,0,0,0
WBGene00168500.,0,1,1
WBGene00168501.,0,1,1
WBGene00168502.,0,2,2
WBGene00168503.,0,1,1
WBGene00168504.,0,0,0
WBGene00168505.,0,0,0
WBGene00168506.,0,0,0
WBGene00168507.,0,0,0
WBGene00168508.,0,0,0
WBGene00168509.,0,0,0
WBGene00168510.,0,6,6
WBGene00168511.,0,0,0
WBGene00168512.,0,0,0
WBGene00168513.,0,2,2
WBGene00168514.,0,0,0
WBGene00168515.,0,0,0
WBGene00168516.,0,0,0
WBGene00168517.,0,0,0
WBGene00168518.,0,0,0
WBGene00168519.,0,0,0
WBGene00168520.,0,2,2
WBGene00168521.,0,0,0
WBGene00168522.,0,0,0
WBGene00168523.,0,3,3
WBGene00168524.,0,1,1
WBGene00168525.,0,0,0
WBGene00168526.,0,7,7
WBGene00168527.,0,0,0
WBGene00168528.,0,0,0
WBGene00168529.,0,0,0
WBGene00168530.,0,0,0
WBGene00168531.,0,0,0
WBGene00168532.,0,0,0
WBGene00168533.,0,3,3
WBGene00168534.,0,1,1
WBGene00168535.,0,0,0
WBGene00168536.,0,0,0
WBGene00168537.,0,6,6
WBGene00168538.,0,7,7
WBGene00168539.,0,0,0
WBGene00168540.,0,0,0
WBGene00168541.,0,0,0
WBGene00168542.,0,0,0
WBGene00168543.,0,0,0
WBGene00168544.,0,0,0
WBGene00168545.,0,0,0
WBGene00168546.,0,0,0
WBGene00168547.,0,0,0
WBGene00168548.,0,8,8
WBGene00168549.,0,0,0
WBGene00168550.,0,0,0
WBGene00168551.,0,0,0
WBGene00168552.,0,0,0
WBGene00168553.,0,0,0
WBGene00168554.,0,0,0
WBGene00168555.,0,11,11
WBGene00168556.,0,0,0
WBGene00168557.,0,0,0
WBGene00168558.,0,0,0
WBGene00168559.,0,0,0
WBGene00168560.,0,0,0
WBGene00168561.,0,0,0
WBGene00168562.,0,0,0
WBGene00168563.,0,0,0
WBGene00168564.,0,0,0
WBGene00168565.,0,6,6
WBGene00168566.,0,0,0
WBGene00168567.,0,0,0
WBGene00168568.,0,1,1
WBGene00168569.,0,0,0
WBGene00168570.,0,0,0
WBGene00168571.,0,0,0
WBGene00168572.,0,0,0
WBGene00168573.,0,0,0
WBGene00168574.,0,0,0
WBGene00168575.,0,0,0
WBGene00168576.,0,0,0
WBGene00168577.,0,0,0
WBGene00168578.,0,0,0
WBGene00168579.,0,0,0
WBGene00168580.,0,0,0
WBGene00168581.,0,1,1
WBGene00168582.,0,0,0
WBGene00168583.,0,1,1
WBGene00168584.,0,3,3
WBGene00168585.,0,0,0
WBGene00168586.,0,0,0
WBGene00168587.,0,0,0
WBGene00168588.,0,0,0
WBGene00168589.,0,0,0
WBGene00168590.,0,0,0
WBGene00168591.,0,0,0
WBGene00168592.,0,0,0
WBGene00168593.,0,4,4
WBGene00168594.,0,0,0
WBGene00168595.,0,0,0
WBGene00168596.,0,0,0
WBGene00168597.,0,0,0
WBGene00168598.,0,4,4
WBGene00168599.,0,0,0
WBGene00168600.,0,0,0
WBGene00168601.,0,2,2
WBGene00168602.,0,0,0
WBGene00168603.,0,0,0
WBGene00168604.,0,3,3
WBGene00168605.,0,2,2
WBGene00168606.,0,0,0
WBGene00168607.,0,0,0
WBGene00168608.,0,0,0
WBGene00168609.,0,0,0
WBGene00168610.,0,0,0
WBGene00168611.,0,3,3
WBGene00168612.,0,0,0
WBGene00168613.,0,0,0
WBGene00168614.,0,0,0
WBGene00168615.,0,0,0
WBGene00168616.,0,0,0
WBGene00168617.,0,4,4
WBGene00168618.,0,0,0
WBGene00168619.,0,6,6
WBGene00168620.,0,0,0
WBGene00168621.,0,0,0
WBGene00168622.,0,3,3
WBGene00168623.,0,0,0
WBGene00168624.,0,0,0
WBGene00168625.,0,0,0
WBGene00168626.,0,1,1
WBGene00168627.,0,0,0
WBGene00168628.,0,1,1
WBGene00168629.,0,7,7
WBGene00168630.,0,0,0
WBGene00168631.,0,0,0
WBGene00168632.,0,2,2
WBGene00168633.,0,0,0
WBGene00168634.,0,0,0
WBGene00168635.,0,1,1
WBGene00168636.,0,0,0
WBGene00168637.,0,1,1
WBGene00168638.,0,0,0
WBGene00168639.,0,0,0
WBGene00168640.,0,2,2
WBGene00168641.,0,2,2
WBGene00168642.,0,3,3
WBGene00168643.,0,0,0
WBGene00168644.,0,0,0
WBGene00168645.,0,1,1
WBGene00168646.,0,0,0
WBGene00168647.,0,0,0
WBGene00168648.,0,0,0
WBGene00168649.,0,1,1
WBGene00168650.,0,0,0
WBGene00168651.,0,0,0
WBGene00168652.,0,0,0
WBGene00168653.,0,1,1
WBGene00168654.,0,4,4
WBGene00168655.,0,0,0
WBGene00168656.,0,0,0
WBGene00168657.,0,0,0
WBGene00168658.,0,2,2
WBGene00168659.,0,0,0
WBGene00168660.,0,0,0
WBGene00168661.,0,0,0
WBGene00168662.,0,1,1
WBGene00168663.,0,0,0
WBGene00168664.,0,1,1
WBGene00168665.,0,0,0
WBGene00168666.,0,0,0
WBGene00168667.,0,0,0
WBGene00168668.,0,0,0
WBGene00168669.,0,0,0
WBGene00168670.,0,0,0
WBGene00168671.,0,0,0
WBGene00168672.,0,0,0
WBGene00168673.,0,0,0
WBGene00168674.,0,0,0
WBGene00168675.,0,0,0
WBGene00168676.,0,0,0
WBGene00168677.,0,0,0
WBGene00168678.,0,0,0
WBGene00168679.,0,0,0
WBGene00168680.,0,1,1
WBGene00168681.,0,0,0
WBGene00168682.,0,1,1
WBGene00168683.,0,0,0
WBGene00168684.,0,0,0
WBGene00168685.,0,0,0
WBGene00168686.,0,0,0
WBGene00168687.,0,1,1
WBGene00168688.,0,2,2
WBGene00168689.,0,0,0
WBGene00168690.,0,8,8
WBGene00168691.,0,0,0
WBGene00168692.,0,0,0
WBGene00168693.,0,1,1
WBGene00168694.,0,0,0
WBGene00168695.,0,0,0
WBGene00168696.,0,0,0
WBGene00168697.,0,0,0
WBGene00168698.,0,0,0
WBGene00168699.,0,0,0
WBGene00168700.,0,0,0
WBGene00168701.,0,1,1
WBGene00168702.,0,2,2
WBGene00168703.,0,0,0
WBGene00168704.,0,0,0
WBGene00168705.,0,1,1
WBGene00168706.,0,0,0
WBGene00168707.,0,0,0
WBGene00168708.,0,0,0
WBGene00168709.,0,1,1
WBGene00168710.,0,7,7
WBGene00168711.,0,0,0
WBGene00168712.,0,8,8
WBGene00168713.,0,3,3
WBGene00168714.,0,0,0
WBGene00168715.,0,0,0
WBGene00168716.,0,0,0
WBGene00168717.,0,2,2
WBGene00168718.,0,0,0
WBGene00168719.,0,0,0
WBGene00168720.,0,21,21
WBGene00168721.,0,1,1
WBGene00168722.,0,0,0
WBGene00168723.,0,0,0
WBGene00168724.,0,0,0
WBGene00168725.,0,4,4
WBGene00168726.,0,0,0
WBGene00168727.,0,1,1
WBGene00168728.,0,0,0
WBGene00168729.,0,1,1
WBGene00168730.,0,10,10
WBGene00168731.,0,0,0
WBGene00168732.,0,6,6
WBGene00168733.,0,0,0
WBGene00168734.,0,0,0
WBGene00168735.,0,0,0
WBGene00168736.,0,0,0
WBGene00168737.,0,0,0
WBGene00168738.,0,0,0
WBGene00168739.,0,0,0
WBGene00168740.,0,0,0
WBGene00168741.,0,0,0
WBGene00168742.,0,0,0
WBGene00168743.,0,1,1
WBGene00168744.,0,0,0
WBGene00168745.,0,0,0
WBGene00168746.,0,0,0
WBGene00168747.,0,0,0
WBGene00168748.,0,0,0
WBGene00168749.,0,2,2
WBGene00168750.,0,3,3
WBGene00168751.,0,4,4
WBGene00168752.,0,0,0
WBGene00168753.,0,0,0
WBGene00168754.,0,0,0
WBGene00168755.,0,0,0
WBGene00168756.,0,7,7
WBGene00168757.,0,0,0
WBGene00168758.,0,4,4
WBGene00168759.,0,0,0
WBGene00168760.,0,0,0
WBGene00168761.,0,0,0
WBGene00168762.,0,0,0
WBGene00168763.,0,0,0
WBGene00168764.,0,19,19
WBGene00168765.,0,2,2
WBGene00168766.,0,0,0
WBGene00168767.,0,0,0
WBGene00168768.,0,0,0
WBGene00168769.,0,0,0
WBGene00168770.,0,0,0
WBGene00168771.,0,6,6
WBGene00168772.,0,1,1
WBGene00168773.,0,0,0
WBGene00168774.,0,0,0
WBGene00168775.,0,0,0
WBGene00168776.,0,0,0
WBGene00168777.,0,5,5
WBGene00168778.,0,0,0
WBGene00168779.,0,3,3
WBGene00168780.,0,0,0
WBGene00168781.,0,0,0
WBGene00168782.,0,0,0
WBGene00168783.,0,0,0
WBGene00168784.,0,0,0
WBGene00168785.,0,0,0
WBGene00168786.,0,0,0
WBGene00168787.,0,3,3
WBGene00168788.,0,2,2
WBGene00168789.,0,10,10
WBGene00168790.,0,1,1
WBGene00168791.,0,1,1
WBGene00168792.,0,1,1
WBGene00168793.,0,0,0
WBGene00168794.,0,0,0
WBGene00168795.,0,1,1
WBGene00168796.,0,0,0
WBGene00168797.,0,0,0
WBGene00168798.,0,0,0
WBGene00168799.,0,0,0
WBGene00168800.,0,0,0
WBGene00168801.,0,2,2
WBGene00168802.,0,0,0
WBGene00168803.,0,0,0
WBGene00168804.,0,0,0
WBGene00168805.,0,0,0
WBGene00168806.,0,1,1
WBGene00168807.,0,3,3
WBGene00168808.,0,0,0
WBGene00168809.,0,2,2
WBGene00168810.,0,0,0
WBGene00168811.,0,0,0
WBGene00168812.,0,0,0
WBGene00168813.,0,0,0
WBGene00168814.,0,0,0
WBGene00168815.,0,8,8
WBGene00168816.,0,9,9
WBGene00168817.,0,0,0
WBGene00168818.,0,2,2
WBGene00168819.,0,0,0
WBGene00168820.,0,0,0
WBGene00168821.,0,0,0
WBGene00168822.,0,1,1
WBGene00168823.,0,1,1
WBGene00168824.,0,3,3
WBGene00168825.,0,0,0
WBGene00168826.,0,1,1
WBGene00168827.,0,0,0
WBGene00168828.,0,0,0
WBGene00168829.,0,1,1
WBGene00168830.,0,0,0
WBGene00168831.,0,0,0
WBGene00168832.,0,0,0
WBGene00168833.,0,0,0
WBGene00168834.,0,5,5
WBGene00168835.,0,0,0
WBGene00168836.,0,0,0
WBGene00168837.,0,1,1
WBGene00168838.,0,0,0
WBGene00168839.,0,0,0
WBGene00168840.,0,0,0
WBGene00168841.,0,0,0
WBGene00168842.,0,0,0
WBGene00168843.,0,0,0
WBGene00168844.,0,1,1
WBGene00168845.,0,0,0
WBGene00168846.,0,3,3
WBGene00168847.,0,0,0
WBGene00168848.,0,0,0
WBGene00168849.,0,0,0
WBGene00168850.,0,0,0
WBGene00168851.,0,0,0
WBGene00168852.,0,1,1
WBGene00168853.,0,0,0
WBGene00168854.,0,1,1
WBGene00168855.,0,0,0
WBGene00168856.,0,0,0
WBGene00168857.,0,0,0
WBGene00168858.,0,0,0
WBGene00168859.,0,2,2
WBGene00168860.,0,0,0
WBGene00168861.,0,0,0
WBGene00168862.,0,3,3
WBGene00168863.,0,2,2
WBGene00168864.,0,7,7
WBGene00168865.,0,0,0
WBGene00168866.,0,3,3
WBGene00168867.,0,0,0
WBGene00168868.,0,4,4
WBGene00168869.,0,4,4
WBGene00168870.,0,0,0
WBGene00168871.,0,0,0
WBGene00168872.,0,0,0
WBGene00168873.,0,0,0
WBGene00168874.,0,0,0
WBGene00168875.,0,0,0
WBGene00168876.,0,11,11
WBGene00168877.,0,0,0
WBGene00168878.,0,0,0
WBGene00168879.,0,0,0
WBGene00168880.,0,1,1
WBGene00168881.,0,0,0
WBGene00168882.,0,5,5
WBGene00168883.,0,0,0
WBGene00168884.,0,0,0
WBGene00168885.,0,0,0
WBGene00168886.,0,0,0
WBGene00168887.,0,0,0
WBGene00168888.,0,0,0
WBGene00168889.,0,0,0
WBGene00168890.,0,0,0
WBGene00168891.,0,0,0
WBGene00168892.,0,1,1
WBGene00168893.,0,3,3
WBGene00168894.,0,0,0
WBGene00168895.,0,1,1
WBGene00168896.,0,0,0
WBGene00168897.,0,0,0
WBGene00168898.,0,0,0
WBGene00168899.,0,0,0
WBGene00168900.,0,0,0
WBGene00168901.,0,0,0
WBGene00168902.,0,0,0
WBGene00168903.,0,1,1
WBGene00168904.,0,0,0
WBGene00168905.,0,0,0
WBGene00168906.,0,0,0
WBGene00168907.,0,5,5
WBGene00168908.,0,0,0
WBGene00168909.,0,0,0
WBGene00168910.,0,0,0
WBGene00168911.,0,0,0
WBGene00168912.,0,1,1
WBGene00168913.,0,1,1
WBGene00168914.,0,3,3
WBGene00168915.,0,0,0
WBGene00168916.,0,10,10
WBGene00168917.,0,0,0
WBGene00168918.,0,0,0
WBGene00168919.,0,3,3
WBGene00168920.,0,1,1
WBGene00168921.,0,0,0
WBGene00168922.,0,0,0
WBGene00168923.,0,1,1
WBGene00168924.,0,0,0
WBGene00168925.,0,0,0
WBGene00168926.,0,0,0
WBGene00168927.,0,0,0
WBGene00168928.,0,4,4
WBGene00168929.,0,0,0
WBGene00168930.,0,0,0
WBGene00168931.,0,0,0
WBGene00168932.,0,0,0
WBGene00168933.,0,2,2
WBGene00168934.,0,1,1
WBGene00168935.,0,0,0
WBGene00168936.,0,1,1
WBGene00168937.,0,0,0
WBGene00168938.,0,2,2
WBGene00168939.,0,0,0
WBGene00168940.,0,0,0
WBGene00168941.,0,0,0
WBGene00168942.,0,0,0
WBGene00168943.,0,0,0
WBGene00168944.,0,0,0
WBGene00168945.,0,0,0
WBGene00168946.,0,0,0
WBGene00168947.,0,8,8
WBGene00168948.,0,1,1
WBGene00168949.,0,4,4
WBGene00168950.,0,4,4
WBGene00168951.,0,4,4
WBGene00168952.,0,0,0
WBGene00168953.,0,0,0
WBGene00168954.,0,3,3
WBGene00168955.,0,2,2
WBGene00168956.,0,0,0
WBGene00168957.,0,0,0
WBGene00168958.,0,0,0
WBGene00168959.,0,4,4
WBGene00168960.,0,0,0
WBGene00168961.,0,0,0
WBGene00168962.,0,1,1
WBGene00168963.,0,0,0
WBGene00168964.,0,0,0
WBGene00168965.,0,0,0
WBGene00168966.,0,2,2
WBGene00168967.,0,0,0
WBGene00168968.,0,4,4
WBGene00168969.,0,0,0
WBGene00168970.,0,11,11
WBGene00168971.,0,0,0
WBGene00168972.,0,0,0
WBGene00168973.,0,1,1
WBGene00168974.,0,2,2
WBGene00168975.,0,0,0
WBGene00168976.,0,0,0
WBGene00168977.,0,0,0
WBGene00168978.,0,0,0
WBGene00168979.,0,0,0
WBGene00168980.,0,0,0
WBGene00168981.,0,0,0
WBGene00168982.,0,0,0
WBGene00168983.,0,0,0
WBGene00168984.,0,0,0
WBGene00168985.,0,14,14
WBGene00168986.,0,3,3
WBGene00168987.,0,0,0
WBGene00168988.,0,1,1
WBGene00168989.,0,0,0
WBGene00168990.,0,4,4
WBGene00168991.,0,0,0
WBGene00168992.,0,0,0
WBGene00168993.,0,1,1
WBGene00168994.,0,0,0
WBGene00168995.,0,3,3
WBGene00168996.,0,3,3
WBGene00168997.,0,1,1
WBGene00168998.,0,6,6
WBGene00168999.,0,0,0
WBGene00169000.,0,0,0
WBGene00169001.,0,1,1
WBGene00169002.,0,0,0
WBGene00169003.,0,0,0
WBGene00169004.,0,0,0
WBGene00169005.,0,0,0
WBGene00169006.,0,1,1
WBGene00169007.,0,0,0
WBGene00169008.,0,0,0
WBGene00169009.,0,0,0
WBGene00169010.,0,1,1
WBGene00169011.,0,0,0
WBGene00169012.,0,0,0
WBGene00169013.,0,0,0
WBGene00169014.,0,0,0
WBGene00169015.,0,0,0
WBGene00169016.,0,2,2
WBGene00169017.,0,0,0
WBGene00169018.,0,0,0
WBGene00169019.,0,0,0
WBGene00169020.,0,5,5
WBGene00169021.,0,0,0
WBGene00169022.,0,0,0
WBGene00169023.,0,0,0
WBGene00169024.,0,0,0
WBGene00169025.,0,0,0
WBGene00169026.,0,0,0
WBGene00169027.,0,0,0
WBGene00169028.,0,0,0
WBGene00169029.,0,0,0
WBGene00169030.,0,0,0
WBGene00169031.,0,0,0
WBGene00169032.,0,0,0
WBGene00169033.,0,0,0
WBGene00169034.,0,0,0
WBGene00169035.,0,0,0
WBGene00169036.,0,0,0
WBGene00169037.,0,0,0
WBGene00169038.,0,0,0
WBGene00169039.,0,0,0
WBGene00169040.,0,0,0
WBGene00169041.,0,0,0
WBGene00169042.,0,0,0
WBGene00169043.,0,0,0
WBGene00169044.,0,0,0
WBGene00169045.,0,0,0
WBGene00169046.,0,2,2
WBGene00169047.,0,0,0
WBGene00169048.,0,0,0
WBGene00169049.,0,0,0
WBGene00169050.,0,1,1
WBGene00169051.,0,2,2
WBGene00169052.,0,0,0
WBGene00169053.,0,0,0
WBGene00169054.,0,18,18
WBGene00169055.,0,0,0
WBGene00169056.,0,2,2
WBGene00169057.,0,0,0
WBGene00169058.,0,1,1
WBGene00169059.,0,10,10
WBGene00169060.,0,0,0
WBGene00169061.,0,0,0
WBGene00169062.,0,0,0
WBGene00169063.,0,7,7
WBGene00169064.,0,5,5
WBGene00169065.,0,0,0
WBGene00169066.,0,3,3
WBGene00169067.,0,0,0
WBGene00169068.,0,2,2
WBGene00169069.,0,1,1
WBGene00169070.,0,0,0
WBGene00169071.,0,1,1
WBGene00169072.,0,0,0
WBGene00169073.,0,1,1
WBGene00169074.,0,0,0
WBGene00169075.,0,0,0
WBGene00169076.,0,3,3
WBGene00169077.,0,9,9
WBGene00169078.,0,2,2
WBGene00169079.,0,0,0
WBGene00169080.,0,0,0
WBGene00169081.,0,0,0
WBGene00169082.,0,0,0
WBGene00169083.,0,0,0
WBGene00169084.,0,0,0
WBGene00169085.,0,0,0
WBGene00169086.,0,0,0
WBGene00169087.,0,0,0
WBGene00169088.,0,1,1
WBGene00169089.,0,0,0
WBGene00169090.,0,0,0
WBGene00169091.,0,0,0
WBGene00169092.,0,0,0
WBGene00169093.,0,0,0
WBGene00169094.,0,0,0
WBGene00169095.,0,0,0
WBGene00169096.,0,0,0
WBGene00169097.,0,0,0
WBGene00169098.,0,0,0
WBGene00169099.,0,0,0
WBGene00169100.,0,3,3
WBGene00169101.,0,0,0
WBGene00169102.,0,0,0
WBGene00169103.,0,2,2
WBGene00169104.,0,0,0
WBGene00169105.,0,0,0
WBGene00169106.,0,0,0
WBGene00169107.,0,1,1
WBGene00169108.,0,0,0
WBGene00169109.,0,1,1
WBGene00169110.,0,0,0
WBGene00169111.,0,0,0
WBGene00169112.,0,1,1
WBGene00169113.,0,0,0
WBGene00169114.,0,2,2
WBGene00169115.,0,0,0
WBGene00169116.,0,1,1
WBGene00169117.,0,0,0
WBGene00169118.,0,0,0
WBGene00169119.,0,0,0
WBGene00169120.,0,0,0
WBGene00169121.,0,0,0
WBGene00169122.,0,0,0
WBGene00169123.,0,1,1
WBGene00169124.,0,0,0
WBGene00169125.,0,0,0
WBGene00169126.,0,2,2
WBGene00169127.,0,1,1
WBGene00169128.,0,0,0
WBGene00169129.,0,0,0
WBGene00169130.,0,2,2
WBGene00169131.,0,0,0
WBGene00169132.,0,0,0
WBGene00169133.,0,0,0
WBGene00169134.,0,0,0
WBGene00169135.,0,0,0
WBGene00169136.,0,0,0
WBGene00169137.,0,0,0
WBGene00169138.,0,0,0
WBGene00169139.,0,0,0
WBGene00169140.,0,0,0
WBGene00169141.,0,0,0
WBGene00169142.,0,0,0
WBGene00169143.,0,0,0
WBGene00169144.,0,0,0
WBGene00169145.,0,3,3
WBGene00169146.,0,1,1
WBGene00169147.,0,0,0
WBGene00169148.,0,0,0
WBGene00169149.,0,1,1
WBGene00169150.,0,4,4
WBGene00169151.,0,0,0
WBGene00169152.,0,4,4
WBGene00169153.,0,1,1
WBGene00169154.,0,0,0
WBGene00169155.,0,0,0
WBGene00169156.,0,0,0
WBGene00169157.,0,0,0
WBGene00169158.,0,0,0
WBGene00169159.,0,0,0
WBGene00169160.,0,0,0
WBGene00169161.,0,2,2
WBGene00169162.,0,1,1
WBGene00169163.,0,5,5
WBGene00169164.,0,0,0
WBGene00169165.,0,0,0
WBGene00169166.,0,0,0
WBGene00169167.,0,0,0
WBGene00169168.,0,0,0
WBGene00169169.,0,0,0
WBGene00169170.,0,0,0
WBGene00169171.,0,14,14
WBGene00169172.,0,0,0
WBGene00169173.,0,0,0
WBGene00169174.,0,0,0
WBGene00169175.,0,8,8
WBGene00169176.,0,0,0
WBGene00169177.,0,0,0
WBGene00169178.,0,0,0
WBGene00169179.,0,0,0
WBGene00169180.,0,0,0
WBGene00169181.,0,0,0
WBGene00169182.,0,0,0
WBGene00169183.,0,10,10
WBGene00169184.,0,0,0
WBGene00169185.,0,0,0
WBGene00169186.,0,1,1
WBGene00169187.,0,0,0
WBGene00169188.,0,0,0
WBGene00169189.,0,3,3
WBGene00169190.,0,0,0
WBGene00169191.,0,4,4
WBGene00169192.,0,0,0
WBGene00169193.,0,0,0
WBGene00169194.,0,1,1
WBGene00169195.,0,0,0
WBGene00169196.,0,0,0
WBGene00169197.,0,0,0
WBGene00169198.,0,0,0
WBGene00169199.,0,2,2
WBGene00169200.,0,0,0
WBGene00169201.,0,3,3
WBGene00169202.,0,1,1
WBGene00169203.,0,0,0
WBGene00169204.,0,1,1
WBGene00169205.,0,0,0
WBGene00169206.,0,0,0
WBGene00169207.,0,0,0
WBGene00169208.,0,0,0
WBGene00169209.,0,0,0
WBGene00169210.,0,2,2
WBGene00169211.,0,2,2
WBGene00169212.,0,2,2
WBGene00169213.,0,1,1
WBGene00169214.,0,19,19
WBGene00169215.,0,0,0
WBGene00169216.,0,0,0
WBGene00169217.,0,0,0
WBGene00169218.,0,0,0
WBGene00169219.,0,1,1
WBGene00169220.,0,11,11
WBGene00169221.,0,3,3
WBGene00169222.,0,3,3
WBGene00169223.,0,0,0
WBGene00169224.,0,0,0
WBGene00169225.,0,0,0
WBGene00169226.,0,0,0
WBGene00169227.,0,0,0
WBGene00169228.,0,0,0
WBGene00169229.,0,0,0
WBGene00169230.,0,0,0
WBGene00169231.,0,0,0
WBGene00169232.,0,8,8
WBGene00169233.,0,0,0
WBGene00169234.,0,0,0
WBGene00169235.,0,0,0
WBGene00169236.,0,0,0
WBGene00169237.,0,0,0
WBGene00169238.,0,0,0
WBGene00169239.,0,0,0
WBGene00169240.,0,4,4
WBGene00169242.,0,0,0
WBGene00169243.,0,0,0
WBGene00169244.,0,0,0
WBGene00169245.,0,0,0
WBGene00169246.,0,0,0
WBGene00169247.,0,2,2
WBGene00169248.,0,3,3
WBGene00169249.,0,0,0
WBGene00169250.,0,2,2
WBGene00169251.,0,0,0
WBGene00169252.,0,0,0
WBGene00169253.,0,4,4
WBGene00169254.,0,0,0
WBGene00169255.,0,0,0
WBGene00169256.,0,0,0
WBGene00169257.,0,0,0
WBGene00169258.,0,0,0
WBGene00169259.,0,0,0
WBGene00169260.,0,0,0
WBGene00169261.,0,0,0
WBGene00169262.,0,0,0
WBGene00169263.,0,0,0
WBGene00169264.,0,0,0
WBGene00169265.,0,0,0
WBGene00169266.,0,0,0
WBGene00169267.,0,0,0
WBGene00169268.,0,0,0
WBGene00169269.,0,0,0
WBGene00169270.,0,0,0
WBGene00169271.,0,0,0
WBGene00169272.,0,0,0
WBGene00169273.,0,0,0
WBGene00169274.,0,1,1
WBGene00169275.,0,1,1
WBGene00169276.,0,0,0
WBGene00169277.,0,1,1
WBGene00169278.,0,0,0
WBGene00169279.,0,0,0
WBGene00169280.,0,0,0
WBGene00169281.,0,0,0
WBGene00169282.,0,0,0
WBGene00169283.,0,0,0
WBGene00169284.,0,0,0
WBGene00169285.,0,1,1
WBGene00169286.,0,5,5
WBGene00169287.,0,0,0
WBGene00169288.,0,0,0
WBGene00169289.,0,1,1
WBGene00169290.,0,0,0
WBGene00169291.,0,0,0
WBGene00169292.,0,0,0
WBGene00169293.,0,0,0
WBGene00169294.,0,1,1
WBGene00169295.,0,0,0
WBGene00169296.,0,0,0
WBGene00169297.,0,0,0
WBGene00169298.,0,0,0
WBGene00169299.,0,0,0
WBGene00169300.,0,0,0
WBGene00169301.,0,4,4
WBGene00169302.,0,0,0
WBGene00169303.,0,5,5
WBGene00169304.,0,0,0
WBGene00169305.,0,0,0
WBGene00169306.,0,0,0
WBGene00169307.,0,1,1
WBGene00169308.,0,0,0
WBGene00169309.,0,3,3
WBGene00169310.,0,0,0
WBGene00169311.,0,0,0
WBGene00169312.,0,0,0
WBGene00169313.,0,0,0
WBGene00169314.,0,0,0
WBGene00169315.,0,0,0
WBGene00169316.,0,4,4
WBGene00169317.,0,0,0
WBGene00169318.,0,1,1
WBGene00169319.,0,0,0
WBGene00169320.,0,0,0
WBGene00169321.,0,0,0
WBGene00169322.,0,7,7
WBGene00169323.,0,0,0
WBGene00169324.,0,0,0
WBGene00169325.,0,0,0
WBGene00169326.,0,0,0
WBGene00169327.,0,4,4
WBGene00169328.,0,0,0
WBGene00169329.,0,0,0
WBGene00169330.,0,1,1
WBGene00169331.,0,0,0
WBGene00169332.,0,0,0
WBGene00169333.,0,0,0
WBGene00169334.,0,0,0
WBGene00169335.,0,6,6
WBGene00169336.,0,0,0
WBGene00169337.,0,0,0
WBGene00169338.,0,0,0
WBGene00169339.,0,0,0
WBGene00169340.,0,0,0
WBGene00169341.,0,0,0
WBGene00169342.,0,1,1
WBGene00169343.,0,0,0
WBGene00169344.,0,1,1
WBGene00169345.,0,0,0
WBGene00169346.,0,2,2
WBGene00169347.,0,0,0
WBGene00169348.,0,0,0
WBGene00169349.,0,0,0
WBGene00169350.,0,2,2
WBGene00169351.,0,0,0
WBGene00169352.,0,0,0
WBGene00169353.,0,2,2
WBGene00169354.,0,31,31
WBGene00169355.,0,0,0
WBGene00169356.,0,0,0
WBGene00169357.,0,11,11
WBGene00169358.,0,25,25
WBGene00169359.,0,0,0
WBGene00169360.,0,1,1
WBGene00169361.,0,1,1
WBGene00169362.,0,0,0
WBGene00169363.,0,0,0
WBGene00169364.,0,4,4
WBGene00169365.,0,0,0
WBGene00169366.,0,1,1
WBGene00169367.,0,0,0
WBGene00169368.,0,0,0
WBGene00169369.,0,0,0
WBGene00169370.,0,0,0
WBGene00169371.,0,0,0
WBGene00169372.,0,0,0
WBGene00169373.,0,0,0
WBGene00169374.,0,0,0
WBGene00169375.,0,0,0
WBGene00169376.,0,0,0
WBGene00169377.,0,0,0
WBGene00169378.,0,3,3
WBGene00169379.,0,0,0
WBGene00169380.,0,0,0
WBGene00169381.,0,1,1
WBGene00169382.,0,0,0
WBGene00169383.,0,0,0
WBGene00169384.,0,0,0
WBGene00169385.,0,1,1
WBGene00169386.,0,0,0
WBGene00169387.,0,0,0
WBGene00169388.,0,0,0
WBGene00169389.,0,6,6
WBGene00169390.,0,4,4
WBGene00169391.,0,0,0
WBGene00169392.,0,5,5
WBGene00169393.,0,1,1
WBGene00169394.,0,0,0
WBGene00169395.,0,0,0
WBGene00169396.,0,0,0
WBGene00169397.,0,0,0
WBGene00169398.,0,3,3
WBGene00169399.,0,0,0
WBGene00169401.,0,4,4
WBGene00169402.,0,2,2
WBGene00169403.,0,1,1
WBGene00169404.,0,0,0
WBGene00169405.,0,4,4
WBGene00169406.,0,0,0
WBGene00169407.,0,0,0
WBGene00169408.,0,0,0
WBGene00169409.,0,3,3
WBGene00169410.,0,0,0
WBGene00169411.,0,0,0
WBGene00169412.,0,0,0
WBGene00169413.,0,0,0
WBGene00169414.,0,0,0
WBGene00169415.,0,0,0
WBGene00169416.,0,0,0
WBGene00169417.,0,0,0
WBGene00169418.,0,0,0
WBGene00169419.,0,0,0
WBGene00169420.,0,0,0
WBGene00169421.,0,2,2
WBGene00169422.,0,0,0
WBGene00169423.,0,0,0
WBGene00169424.,0,0,0
WBGene00169425.,0,2,2
WBGene00169426.,0,6,6
WBGene00169427.,0,0,0
WBGene00169428.,0,1,1
WBGene00169429.,0,0,0
WBGene00169430.,0,3,3
WBGene00169431.,0,5,5
WBGene00169432.,0,0,0
WBGene00169433.,0,0,0
WBGene00169434.,0,0,0
WBGene00169435.,0,2,2
WBGene00169436.,0,1,1
WBGene00169437.,0,0,0
WBGene00169438.,0,0,0
WBGene00169439.,0,0,0
WBGene00169440.,0,0,0
WBGene00169441.,0,0,0
WBGene00169442.,0,0,0
WBGene00169443.,0,2,2
WBGene00169444.,0,1,1
WBGene00169445.,0,0,0
WBGene00169446.,0,0,0
WBGene00169447.,0,0,0
WBGene00169448.,0,0,0
WBGene00169449.,0,0,0
WBGene00169450.,0,0,0
WBGene00169451.,0,1,1
WBGene00169452.,0,2,2
WBGene00169453.,0,0,0
WBGene00169454.,0,0,0
WBGene00169455.,0,0,0
WBGene00169456.,0,0,0
WBGene00169457.,0,0,0
WBGene00169458.,0,0,0
WBGene00169459.,0,0,0
WBGene00169460.,0,0,0
WBGene00169461.,0,0,0
WBGene00169462.,0,2,2
WBGene00169463.,0,0,0
WBGene00169464.,0,2,2
WBGene00169465.,0,0,0
WBGene00169466.,0,0,0
WBGene00169467.,0,0,0
WBGene00169468.,0,0,0
WBGene00169469.,0,0,0
WBGene00169470.,0,0,0
WBGene00169471.,0,2,2
WBGene00169472.,0,0,0
WBGene00169473.,0,0,0
WBGene00169474.,0,3,3
WBGene00169475.,0,0,0
WBGene00169476.,0,0,0
WBGene00169477.,0,0,0
WBGene00169478.,0,1,1
WBGene00169479.,0,0,0
WBGene00169480.,0,0,0
WBGene00169481.,0,0,0
WBGene00169482.,0,3,3
WBGene00169483.,0,0,0
WBGene00169484.,0,0,0
WBGene00169485.,0,0,0
WBGene00169486.,0,17,17
WBGene00169487.,0,0,0
WBGene00169488.,0,2,2
WBGene00169489.,0,0,0
WBGene00169490.,0,0,0
WBGene00169491.,0,0,0
WBGene00169492.,0,0,0
WBGene00169493.,0,0,0
WBGene00169494.,0,0,0
WBGene00169495.,0,1,1
WBGene00169496.,0,0,0
WBGene00169497.,0,0,0
WBGene00169498.,0,0,0
WBGene00169499.,0,11,11
WBGene00169500.,0,0,0
WBGene00169501.,0,0,0
WBGene00169502.,0,0,0
WBGene00169503.,0,1,1
WBGene00169504.,0,1,1
WBGene00169505.,0,0,0
WBGene00169506.,0,0,0
WBGene00169507.,0,0,0
WBGene00169508.,0,2,2
WBGene00169509.,0,0,0
WBGene00169510.,0,0,0
WBGene00169511.,0,0,0
WBGene00169512.,0,0,0
WBGene00169513.,0,0,0
WBGene00169514.,0,0,0
WBGene00169515.,0,4,4
WBGene00169516.,0,0,0
WBGene00169517.,0,0,0
WBGene00169518.,0,2,2
WBGene00169519.,0,0,0
WBGene00169520.,0,0,0
WBGene00169521.,0,0,0
WBGene00169522.,0,1,1
WBGene00169523.,0,0,0
WBGene00169524.,0,0,0
WBGene00169525.,0,2,2
WBGene00169526.,0,0,0
WBGene00169527.,0,0,0
WBGene00169528.,0,2,2
WBGene00169529.,0,0,0
WBGene00169530.,0,5,5
WBGene00169531.,0,0,0
WBGene00169532.,0,0,0
WBGene00169533.,0,4,4
WBGene00169534.,0,0,0
WBGene00169535.,0,8,8
WBGene00169536.,0,0,0
WBGene00169537.,0,0,0
WBGene00169538.,0,0,0
WBGene00169539.,0,0,0
WBGene00169540.,0,1,1
WBGene00169541.,0,0,0
WBGene00169542.,0,0,0
WBGene00169543.,0,0,0
WBGene00169544.,0,0,0
WBGene00169545.,0,0,0
WBGene00169546.,0,0,0
WBGene00169547.,0,4,4
WBGene00169548.,0,0,0
WBGene00169549.,0,0,0
WBGene00169550.,0,4,4
WBGene00169551.,0,0,0
WBGene00169552.,0,5,5
WBGene00169553.,0,2,2
WBGene00169554.,0,28,28
WBGene00169555.,0,5,5
WBGene00169556.,0,0,0
WBGene00169557.,0,0,0
WBGene00169558.,0,2,2
WBGene00169559.,0,1,1
WBGene00169560.,0,0,0
WBGene00169561.,0,0,0
WBGene00169562.,0,0,0
WBGene00169563.,0,0,0
WBGene00169564.,0,0,0
WBGene00169565.,0,0,0
WBGene00169566.,0,5,5
WBGene00169567.,0,0,0
WBGene00169568.,0,1,1
WBGene00169569.,0,0,0
WBGene00169570.,0,0,0
WBGene00169571.,0,0,0
WBGene00169572.,0,0,0
WBGene00169573.,0,0,0
WBGene00169574.,0,2,2
WBGene00169575.,0,0,0
WBGene00169576.,0,0,0
WBGene00169577.,0,0,0
WBGene00169578.,0,0,0
WBGene00169579.,0,0,0
WBGene00169580.,0,0,0
WBGene00169581.,0,0,0
WBGene00169582.,0,2,2
WBGene00169583.,0,0,0
WBGene00169584.,0,0,0
WBGene00169585.,0,1,1
WBGene00169586.,0,0,0
WBGene00169587.,0,0,0
WBGene00169588.,0,0,0
WBGene00169589.,0,0,0
WBGene00169590.,0,0,0
WBGene00169591.,0,4,4
WBGene00169592.,0,0,0
WBGene00169593.,0,0,0
WBGene00169594.,0,0,0
WBGene00169595.,0,3,3
WBGene00169596.,0,0,0
WBGene00169597.,0,0,0
WBGene00169598.,0,0,0
WBGene00169599.,0,3,3
WBGene00169600.,0,0,0
WBGene00169601.,0,0,0
WBGene00169602.,0,0,0
WBGene00169603.,0,0,0
WBGene00169604.,0,0,0
WBGene00169605.,0,0,0
WBGene00169606.,0,3,3
WBGene00169607.,0,0,0
WBGene00169608.,0,0,0
WBGene00169609.,0,1,1
WBGene00169610.,0,0,0
WBGene00169611.,0,0,0
WBGene00169612.,0,0,0
WBGene00169613.,0,0,0
WBGene00169614.,0,0,0
WBGene00169615.,0,0,0
WBGene00169617.,0,0,0
WBGene00169618.,0,0,0
WBGene00169619.,0,0,0
WBGene00169620.,0,0,0
WBGene00169621.,0,0,0
WBGene00169622.,0,0,0
WBGene00169623.,0,0,0
WBGene00169624.,0,0,0
WBGene00169625.,0,0,0
WBGene00169626.,0,0,0
WBGene00169627.,0,0,0
WBGene00169628.,0,0,0
WBGene00169629.,0,0,0
WBGene00169630.,0,0,0
WBGene00169631.,0,0,0
WBGene00169632.,0,2,2
WBGene00169633.,0,0,0
WBGene00169634.,0,0,0
WBGene00169635.,0,0,0
WBGene00169636.,0,0,0
WBGene00169637.,0,0,0
WBGene00169638.,0,6,6
WBGene00169639.,0,0,0
WBGene00169640.,0,1,1
WBGene00169641.,0,0,0
WBGene00169642.,0,0,0
WBGene00169643.,0,0,0
WBGene00169644.,0,0,0
WBGene00169645.,0,6,6
WBGene00169646.,0,0,0
WBGene00169647.,0,0,0
WBGene00169648.,0,0,0
WBGene00169649.,0,0,0
WBGene00169650.,0,7,7
WBGene00169651.,0,0,0
WBGene00169652.,0,0,0
WBGene00169653.,0,0,0
WBGene00169654.,0,2,2
WBGene00169655.,0,0,0
WBGene00169656.,0,0,0
WBGene00169657.,0,0,0
WBGene00169658.,0,0,0
WBGene00169659.,0,0,0
WBGene00169660.,0,2,2
WBGene00169661.,0,0,0
WBGene00169662.,0,1,1
WBGene00169663.,0,0,0
WBGene00169664.,0,0,0
WBGene00169665.,0,0,0
WBGene00169666.,0,0,0
WBGene00169667.,0,0,0
WBGene00169668.,0,0,0
WBGene00169669.,0,0,0
WBGene00169670.,0,0,0
WBGene00169671.,0,1,1
WBGene00169672.,0,0,0
WBGene00169673.,0,0,0
WBGene00169674.,0,0,0
WBGene00169675.,0,0,0
WBGene00169676.,0,0,0
WBGene00169677.,0,4,4
WBGene00169678.,0,4,4
WBGene00169679.,0,0,0
WBGene00169680.,0,0,0
WBGene00169681.,0,3,3
WBGene00169682.,0,1,1
WBGene00169683.,0,3,3
WBGene00169684.,0,0,0
WBGene00169685.,0,0,0
WBGene00169686.,0,0,0
WBGene00169687.,0,0,0
WBGene00169688.,0,0,0
WBGene00169689.,0,1,1
WBGene00169690.,0,0,0
WBGene00169691.,0,7,7
WBGene00169692.,0,0,0
WBGene00169693.,0,0,0
WBGene00169694.,0,0,0
WBGene00169695.,0,3,3
WBGene00169696.,0,3,3
WBGene00169697.,0,0,0
WBGene00169698.,0,4,4
WBGene00169699.,0,4,4
WBGene00169700.,0,7,7
WBGene00169701.,0,0,0
WBGene00169702.,0,0,0
WBGene00169703.,0,3,3
WBGene00169704.,0,0,0
WBGene00169705.,0,0,0
WBGene00169706.,0,1,1
WBGene00169707.,0,2,2
WBGene00169708.,0,5,5
WBGene00169709.,0,2,2
WBGene00169710.,0,0,0
WBGene00169711.,0,7,7
WBGene00169712.,0,0,0
WBGene00169713.,0,0,0
WBGene00169714.,0,0,0
WBGene00169715.,0,0,0
WBGene00169716.,0,0,0
WBGene00169717.,0,0,0
WBGene00169718.,0,1,1
WBGene00169719.,0,7,7
WBGene00169720.,0,0,0
WBGene00169721.,0,1,1
WBGene00169722.,0,0,0
WBGene00169723.,0,0,0
WBGene00169724.,0,0,0
WBGene00169725.,0,14,14
WBGene00169726.,0,0,0
WBGene00169727.,0,0,0
WBGene00169728.,0,2,2
WBGene00169729.,0,2,2
WBGene00169730.,0,0,0
WBGene00169731.,0,0,0
WBGene00169732.,0,0,0
WBGene00169733.,0,0,0
WBGene00169734.,0,0,0
WBGene00169735.,0,0,0
WBGene00169736.,0,3,3
WBGene00169737.,0,0,0
WBGene00169738.,0,1,1
WBGene00169739.,0,0,0
WBGene00169740.,0,0,0
WBGene00169741.,0,0,0
WBGene00169742.,0,0,0
WBGene00169743.,0,0,0
WBGene00169744.,0,0,0
WBGene00169745.,0,0,0
WBGene00169746.,0,0,0
WBGene00169747.,0,1,1
WBGene00169748.,0,0,0
WBGene00169749.,0,6,6
WBGene00169750.,0,0,0
WBGene00169751.,0,0,0
WBGene00169752.,0,0,0
WBGene00169753.,0,0,0
WBGene00169754.,0,5,5
WBGene00169755.,0,7,7
WBGene00169756.,0,0,0
WBGene00169757.,0,0,0
WBGene00169758.,0,0,0
WBGene00169759.,0,1,1
WBGene00169760.,0,0,0
WBGene00169761.,0,0,0
WBGene00169762.,0,0,0
WBGene00169763.,0,1,1
WBGene00169764.,0,0,0
WBGene00169765.,0,0,0
WBGene00169766.,0,0,0
WBGene00169767.,0,0,0
WBGene00169768.,0,0,0
WBGene00169769.,0,0,0
WBGene00169770.,0,0,0
WBGene00169771.,0,0,0
WBGene00169772.,0,0,0
WBGene00169773.,0,0,0
WBGene00169774.,0,0,0
WBGene00169775.,0,0,0
WBGene00169776.,0,2,2
WBGene00169777.,0,0,0
WBGene00169778.,0,0,0
WBGene00169779.,0,0,0
WBGene00169780.,0,0,0
WBGene00169781.,0,0,0
WBGene00169782.,0,0,0
WBGene00169783.,0,0,0
WBGene00169784.,0,1,1
WBGene00169785.,0,4,4
WBGene00169786.,0,0,0
WBGene00169787.,0,0,0
WBGene00169788.,0,0,0
WBGene00169789.,0,0,0
WBGene00169790.,0,0,0
WBGene00169791.,0,0,0
WBGene00169792.,0,1,1
WBGene00169793.,0,5,5
WBGene00169794.,0,0,0
WBGene00169795.,0,0,0
WBGene00169796.,0,1,1
WBGene00169797.,0,2,2
WBGene00169798.,0,0,0
WBGene00169799.,0,20,20
WBGene00169800.,0,3,3
WBGene00169801.,0,1,1
WBGene00169802.,0,3,3
WBGene00169803.,0,0,0
WBGene00169804.,0,0,0
WBGene00169805.,0,2,2
WBGene00169806.,0,0,0
WBGene00169807.,0,0,0
WBGene00169808.,0,0,0
WBGene00169809.,0,0,0
WBGene00169810.,0,0,0
WBGene00169811.,0,1,1
WBGene00169812.,0,0,0
WBGene00169813.,0,0,0
WBGene00169814.,0,0,0
WBGene00169815.,0,0,0
WBGene00169816.,0,0,0
WBGene00169817.,0,2,2
WBGene00169818.,0,0,0
WBGene00169819.,0,3,3
WBGene00169820.,0,2,2
WBGene00169821.,0,0,0
WBGene00169822.,0,0,0
WBGene00169823.,0,0,0
WBGene00169824.,0,0,0
WBGene00169825.,0,3,3
WBGene00169826.,0,0,0
WBGene00169827.,0,0,0
WBGene00169828.,0,0,0
WBGene00169829.,0,0,0
WBGene00169830.,0,4,4
WBGene00169831.,0,0,0
WBGene00169832.,0,1,1
WBGene00169833.,0,0,0
WBGene00169834.,0,8,8
WBGene00169835.,0,0,0
WBGene00169836.,0,0,0
WBGene00169837.,0,3,3
WBGene00169838.,0,10,10
WBGene00169839.,0,1,1
WBGene00169840.,0,0,0
WBGene00169841.,0,4,4
WBGene00169842.,0,0,0
WBGene00169843.,0,0,0
WBGene00169844.,0,0,0
WBGene00169845.,0,0,0
WBGene00169846.,0,0,0
WBGene00169847.,0,0,0
WBGene00169848.,0,0,0
WBGene00169849.,0,1,1
WBGene00169850.,0,0,0
WBGene00169851.,0,0,0
WBGene00169852.,0,0,0
WBGene00169853.,0,0,0
WBGene00169854.,0,1,1
WBGene00169855.,0,0,0
WBGene00169856.,0,0,0
WBGene00169857.,0,0,0
WBGene00169858.,0,0,0
WBGene00169859.,0,0,0
WBGene00169860.,0,2,2
WBGene00169861.,0,0,0
WBGene00169862.,0,0,0
WBGene00169863.,0,0,0
WBGene00169864.,0,0,0
WBGene00169865.,0,0,0
WBGene00169866.,0,0,0
WBGene00169867.,0,0,0
WBGene00169868.,0,0,0
WBGene00169869.,0,0,0
WBGene00169870.,0,0,0
WBGene00169871.,0,0,0
WBGene00169872.,0,0,0
WBGene00169873.,0,0,0
WBGene00169874.,0,0,0
WBGene00169875.,0,0,0
WBGene00169876.,0,0,0
WBGene00169877.,0,0,0
WBGene00169878.,0,0,0
WBGene00169879.,0,0,0
WBGene00169880.,0,13,13
WBGene00169881.,0,5,5
WBGene00169882.,0,0,0
WBGene00169883.,0,0,0
WBGene00169884.,0,0,0
WBGene00169885.,0,0,0
WBGene00169886.,0,0,0
WBGene00169887.,0,0,0
WBGene00169888.,0,0,0
WBGene00169889.,0,0,0
WBGene00169890.,0,0,0
WBGene00169891.,0,0,0
WBGene00169892.,0,0,0
WBGene00169893.,0,0,0
WBGene00169894.,0,2,2
WBGene00169895.,0,0,0
WBGene00169896.,0,0,0
WBGene00169897.,0,3,3
WBGene00169898.,0,0,0
WBGene00169899.,0,0,0
WBGene00169900.,0,0,0
WBGene00169901.,0,0,0
WBGene00169902.,0,0,0
WBGene00169903.,0,0,0
WBGene00169904.,0,0,0
WBGene00169905.,0,0,0
WBGene00169906.,0,8,8
WBGene00169907.,0,0,0
WBGene00169908.,0,0,0
WBGene00169909.,0,0,0
WBGene00169910.,0,0,0
WBGene00169911.,0,0,0
WBGene00169912.,0,0,0
WBGene00169913.,0,1,1
WBGene00169914.,0,0,0
WBGene00169915.,0,0,0
WBGene00169916.,0,0,0
WBGene00169917.,0,0,0
WBGene00169918.,0,0,0
WBGene00169919.,0,2,2
WBGene00169920.,0,0,0
WBGene00169921.,0,0,0
WBGene00169922.,0,0,0
WBGene00169923.,0,12,12
WBGene00169924.,0,1,1
WBGene00169925.,0,0,0
WBGene00169926.,0,1,1
WBGene00169927.,0,0,0
WBGene00169928.,0,14,14
WBGene00169929.,0,1,1
WBGene00169930.,0,0,0
WBGene00169931.,0,0,0
WBGene00169932.,0,0,0
WBGene00169933.,0,0,0
WBGene00169934.,0,2,2
WBGene00169935.,0,0,0
WBGene00169936.,0,0,0
WBGene00169937.,0,4,4
WBGene00169938.,0,3,3
WBGene00169939.,0,0,0
WBGene00169940.,0,0,0
WBGene00169941.,0,0,0
WBGene00169942.,0,11,11
WBGene00169943.,0,0,0
WBGene00169944.,0,0,0
WBGene00169946.,0,0,0
WBGene00169947.,0,0,0
WBGene00169948.,0,0,0
WBGene00169949.,0,0,0
WBGene00169950.,0,0,0
WBGene00169951.,0,3,3
WBGene00169952.,0,0,0
WBGene00169953.,0,0,0
WBGene00169954.,0,5,5
WBGene00169955.,0,0,0
WBGene00169956.,0,0,0
WBGene00169957.,0,5,5
WBGene00169958.,0,0,0
WBGene00169959.,0,2,2
WBGene00169960.,0,0,0
WBGene00169961.,0,0,0
WBGene00169962.,0,0,0
WBGene00169963.,0,0,0
WBGene00169964.,0,0,0
WBGene00169965.,0,0,0
WBGene00169966.,0,0,0
WBGene00169967.,0,0,0
WBGene00169968.,0,0,0
WBGene00169969.,0,0,0
WBGene00169970.,0,0,0
WBGene00169971.,0,0,0
WBGene00169972.,0,0,0
WBGene00169973.,0,0,0
WBGene00169974.,0,0,0
WBGene00169975.,0,0,0
WBGene00169976.,0,0,0
WBGene00169977.,0,3,3
WBGene00169978.,0,0,0
WBGene00169979.,0,24,24
WBGene00169980.,0,0,0
WBGene00169981.,0,0,0
WBGene00169982.,0,0,0
WBGene00169983.,0,2,2
WBGene00169984.,0,0,0
WBGene00169985.,0,0,0
WBGene00169986.,0,0,0
WBGene00169987.,0,2,2
WBGene00169988.,0,1,1
WBGene00169989.,0,0,0
WBGene00169990.,0,7,7
WBGene00169991.,0,0,0
WBGene00169992.,0,0,0
WBGene00169993.,0,6,6
WBGene00169994.,0,8,8
WBGene00169995.,0,0,0
WBGene00169996.,0,0,0
WBGene00169997.,0,0,0
WBGene00169998.,0,4,4
WBGene00169999.,0,6,6
WBGene00170000.,0,0,0
WBGene00170001.,0,0,0
WBGene00170002.,0,6,6
WBGene00170003.,0,0,0
WBGene00170004.,0,0,0
WBGene00170005.,0,0,0
WBGene00170006.,0,0,0
WBGene00170007.,0,2,2
WBGene00170008.,0,3,3
WBGene00170009.,0,0,0
WBGene00170010.,0,2,2
WBGene00170011.,0,0,0
WBGene00170012.,0,0,0
WBGene00170013.,0,0,0
WBGene00170014.,0,2,2
WBGene00170015.,0,0,0
WBGene00170016.,0,1,1
WBGene00170017.,0,0,0
WBGene00170018.,0,1,1
WBGene00170019.,0,0,0
WBGene00170020.,0,1,1
WBGene00170021.,0,1,1
WBGene00170022.,0,4,4
WBGene00170023.,0,0,0
WBGene00170024.,0,0,0
WBGene00170025.,0,0,0
WBGene00170026.,0,9,9
WBGene00170027.,0,2,2
WBGene00170028.,0,0,0
WBGene00170029.,0,3,3
WBGene00170030.,0,0,0
WBGene00170031.,0,1,1
WBGene00170032.,0,0,0
WBGene00170033.,0,0,0
WBGene00170034.,0,10,10
WBGene00170035.,0,0,0
WBGene00170036.,0,0,0
WBGene00170037.,0,14,14
WBGene00170038.,0,2,2
WBGene00170039.,0,0,0
WBGene00170040.,0,5,5
WBGene00170041.,0,10,10
WBGene00170042.,0,0,0
WBGene00170043.,0,0,0
WBGene00170044.,0,1,1
WBGene00170045.,0,9,9
WBGene00170046.,0,0,0
WBGene00170047.,0,2,2
WBGene00170048.,0,0,0
WBGene00170049.,0,0,0
WBGene00170050.,0,2,2
WBGene00170051.,0,0,0
WBGene00170052.,0,0,0
WBGene00170053.,0,0,0
WBGene00170054.,0,0,0
WBGene00170055.,0,1,1
WBGene00170056.,0,1,1
WBGene00170057.,0,0,0
WBGene00170058.,0,0,0
WBGene00170059.,0,0,0
WBGene00170060.,0,0,0
WBGene00170061.,0,0,0
WBGene00170062.,0,0,0
WBGene00170063.,0,0,0
WBGene00170064.,0,0,0
WBGene00170065.,0,0,0
WBGene00170066.,0,0,0
WBGene00170067.,0,6,6
WBGene00170068.,0,0,0
WBGene00170069.,0,0,0
WBGene00170070.,0,0,0
WBGene00170071.,0,0,0
WBGene00170072.,0,0,0
WBGene00170073.,0,0,0
WBGene00170074.,0,6,6
WBGene00170075.,0,0,0
WBGene00170076.,0,0,0
WBGene00170077.,0,0,0
WBGene00170078.,0,7,7
WBGene00170079.,0,0,0
WBGene00170080.,0,0,0
WBGene00170081.,0,0,0
WBGene00170082.,0,0,0
WBGene00170083.,0,0,0
WBGene00170084.,0,0,0
WBGene00170085.,0,0,0
WBGene00170086.,0,0,0
WBGene00170087.,0,3,3
WBGene00170088.,0,2,2
WBGene00170089.,0,2,2
WBGene00170090.,0,0,0
WBGene00170091.,0,0,0
WBGene00170092.,0,0,0
WBGene00170093.,0,0,0
WBGene00170094.,0,0,0
WBGene00170095.,0,5,5
WBGene00170096.,0,1,1
WBGene00170097.,0,0,0
WBGene00170098.,0,0,0
WBGene00170099.,0,0,0
WBGene00170100.,0,0,0
WBGene00170101.,0,0,0
WBGene00170102.,0,0,0
WBGene00170103.,0,1,1
WBGene00170104.,0,0,0
WBGene00170105.,0,8,8
WBGene00170106.,0,0,0
WBGene00170107.,0,0,0
WBGene00170108.,0,0,0
WBGene00170109.,0,0,0
WBGene00170110.,0,1,1
WBGene00170111.,0,0,0
WBGene00170112.,0,0,0
WBGene00170113.,0,1,1
WBGene00170114.,0,0,0
WBGene00170115.,0,0,0
WBGene00170116.,0,0,0
WBGene00170117.,0,0,0
WBGene00170118.,0,3,3
WBGene00170119.,0,0,0
WBGene00170120.,0,3,3
WBGene00170121.,0,0,0
WBGene00170122.,0,0,0
WBGene00170123.,0,0,0
WBGene00170124.,0,0,0
WBGene00170125.,0,0,0
WBGene00170126.,0,0,0
WBGene00170127.,0,0,0
WBGene00170128.,0,0,0
WBGene00170129.,0,0,0
WBGene00170130.,0,0,0
WBGene00170131.,0,0,0
WBGene00170132.,0,8,8
WBGene00170133.,0,0,0
WBGene00170134.,0,0,0
WBGene00170135.,0,0,0
WBGene00170136.,0,0,0
WBGene00170137.,0,2,2
WBGene00170138.,0,0,0
WBGene00170139.,0,0,0
WBGene00170140.,0,0,0
WBGene00170141.,0,0,0
WBGene00170142.,0,1,1
WBGene00170143.,0,0,0
WBGene00170144.,0,3,3
WBGene00170145.,0,3,3
WBGene00170146.,0,0,0
WBGene00170147.,0,0,0
WBGene00170148.,0,0,0
WBGene00170149.,0,0,0
WBGene00170150.,0,2,2
WBGene00170151.,0,0,0
WBGene00170152.,0,0,0
WBGene00170153.,0,0,0
WBGene00170154.,0,0,0
WBGene00170155.,0,0,0
WBGene00170156.,0,1,1
WBGene00170157.,0,0,0
WBGene00170158.,0,1,1
WBGene00170159.,0,0,0
WBGene00170160.,0,0,0
WBGene00170161.,0,0,0
WBGene00170162.,0,0,0
WBGene00170163.,0,0,0
WBGene00170164.,0,1,1
WBGene00170165.,0,0,0
WBGene00170166.,0,0,0
WBGene00170167.,0,0,0
WBGene00170168.,0,0,0
WBGene00170169.,0,0,0
WBGene00170170.,0,0,0
WBGene00170171.,0,0,0
WBGene00170172.,0,3,3
WBGene00170173.,0,0,0
WBGene00170174.,0,0,0
WBGene00170175.,0,0,0
WBGene00170176.,0,0,0
WBGene00170177.,0,0,0
WBGene00170178.,0,2,2
WBGene00170179.,0,4,4
WBGene00170180.,0,4,4
WBGene00170181.,0,0,0
WBGene00170182.,0,0,0
WBGene00170183.,0,0,0
WBGene00170184.,0,0,0
WBGene00170185.,0,0,0
WBGene00170186.,0,0,0
WBGene00170187.,0,1,1
WBGene00170188.,0,3,3
WBGene00170189.,0,0,0
WBGene00170190.,0,0,0
WBGene00170191.,0,0,0
WBGene00170192.,0,3,3
WBGene00170193.,0,0,0
WBGene00170194.,0,3,3
WBGene00170195.,0,0,0
WBGene00170196.,0,0,0
WBGene00170197.,0,0,0
WBGene00170198.,0,0,0
WBGene00170199.,0,0,0
WBGene00170200.,0,0,0
WBGene00170201.,0,2,2
WBGene00170202.,0,0,0
WBGene00170203.,0,0,0
WBGene00170204.,0,0,0
WBGene00170205.,0,0,0
WBGene00170206.,0,0,0
WBGene00170207.,0,1,1
WBGene00170208.,0,0,0
WBGene00170209.,0,0,0
WBGene00170210.,0,0,0
WBGene00170211.,0,0,0
WBGene00170212.,0,0,0
WBGene00170213.,0,2,2
WBGene00170214.,0,0,0
WBGene00170215.,0,0,0
WBGene00170216.,0,0,0
WBGene00170217.,0,0,0
WBGene00170218.,0,0,0
WBGene00170219.,0,0,0
WBGene00170220.,0,1,1
WBGene00170221.,0,0,0
WBGene00170222.,0,0,0
WBGene00170223.,0,0,0
WBGene00170224.,0,3,3
WBGene00170225.,0,0,0
WBGene00170226.,0,3,3
WBGene00170227.,0,12,12
WBGene00170228.,0,0,0
WBGene00170229.,0,1,1
WBGene00170230.,0,0,0
WBGene00170231.,0,0,0
WBGene00170232.,0,0,0
WBGene00170233.,0,0,0
WBGene00170234.,0,0,0
WBGene00170235.,0,4,4
WBGene00170236.,0,2,2
WBGene00170237.,0,6,6
WBGene00170238.,0,0,0
WBGene00170239.,0,0,0
WBGene00170240.,0,0,0
WBGene00170241.,0,0,0
WBGene00170242.,0,0,0
WBGene00170243.,0,0,0
WBGene00170244.,0,0,0
WBGene00170245.,0,0,0
WBGene00170246.,0,6,6
WBGene00170247.,0,2,2
WBGene00170248.,0,1,1
WBGene00170249.,0,0,0
WBGene00170250.,0,0,0
WBGene00170251.,0,0,0
WBGene00170252.,0,0,0
WBGene00170253.,0,0,0
WBGene00170254.,0,4,4
WBGene00170255.,0,1,1
WBGene00170256.,0,1,1
WBGene00170257.,0,0,0
WBGene00170258.,0,4,4
WBGene00170259.,0,0,0
WBGene00170260.,0,0,0
WBGene00170261.,0,0,0
WBGene00170262.,0,0,0
WBGene00170263.,0,0,0
WBGene00170264.,0,4,4
WBGene00170265.,0,0,0
WBGene00170266.,0,5,5
WBGene00170267.,0,0,0
WBGene00170268.,0,0,0
WBGene00170269.,0,4,4
WBGene00170270.,0,0,0
WBGene00170271.,0,1,1
WBGene00170272.,0,0,0
WBGene00170273.,0,0,0
WBGene00170274.,0,1,1
WBGene00170275.,0,0,0
WBGene00170276.,0,0,0
WBGene00170277.,0,0,0
WBGene00170278.,0,4,4
WBGene00170279.,0,4,4
WBGene00170280.,0,0,0
WBGene00170281.,0,0,0
WBGene00170282.,0,1,1
WBGene00170283.,0,0,0
WBGene00170284.,0,0,0
WBGene00170285.,0,0,0
WBGene00170286.,0,7,7
WBGene00170287.,0,0,0
WBGene00170288.,0,0,0
WBGene00170289.,0,6,6
WBGene00170290.,0,2,2
WBGene00170291.,0,2,2
WBGene00170292.,0,0,0
WBGene00170293.,0,0,0
WBGene00170294.,0,2,2
WBGene00170295.,0,4,4
WBGene00170296.,0,0,0
WBGene00170297.,0,0,0
WBGene00170298.,0,0,0
WBGene00170299.,0,0,0
WBGene00170300.,0,0,0
WBGene00170301.,0,0,0
WBGene00170302.,0,1,1
WBGene00170303.,0,0,0
WBGene00170304.,0,0,0
WBGene00170305.,0,0,0
WBGene00170306.,0,0,0
WBGene00170307.,0,0,0
WBGene00170308.,0,0,0
WBGene00170309.,0,0,0
WBGene00170310.,0,0,0
WBGene00170311.,0,0,0
WBGene00170312.,0,0,0
WBGene00170313.,0,0,0
WBGene00170314.,0,4,4
WBGene00170315.,0,0,0
WBGene00170316.,0,1,1
WBGene00170317.,0,0,0
WBGene00170318.,0,0,0
WBGene00170319.,0,0,0
WBGene00170320.,0,1,1
WBGene00170321.,0,2,2
WBGene00170322.,0,0,0
WBGene00170323.,0,1,1
WBGene00170324.,0,0,0
WBGene00170325.,0,2,2
WBGene00170326.,0,0,0
WBGene00170327.,0,0,0
WBGene00170328.,0,0,0
WBGene00170329.,0,0,0
WBGene00170330.,0,0,0
WBGene00170331.,0,0,0
WBGene00170332.,0,0,0
WBGene00170333.,0,0,0
WBGene00170334.,0,0,0
WBGene00170335.,0,0,0
WBGene00170336.,0,0,0
WBGene00170337.,0,1,1
WBGene00170338.,0,0,0
WBGene00170339.,0,0,0
WBGene00170340.,0,0,0
WBGene00170341.,0,5,5
WBGene00170342.,0,0,0
WBGene00170343.,0,0,0
WBGene00170344.,0,0,0
WBGene00170345.,0,0,0
WBGene00170346.,0,2,2
WBGene00170347.,0,0,0
WBGene00170348.,0,0,0
WBGene00170349.,0,0,0
WBGene00170350.,0,0,0
WBGene00170351.,0,0,0
WBGene00170352.,0,0,0
WBGene00170353.,0,0,0
WBGene00170354.,0,0,0
WBGene00170355.,0,0,0
WBGene00170356.,0,0,0
WBGene00170357.,0,1,1
WBGene00170358.,0,0,0
WBGene00170359.,0,0,0
WBGene00170360.,0,0,0
WBGene00170361.,0,0,0
WBGene00170362.,0,5,5
WBGene00170363.,0,0,0
WBGene00170364.,0,0,0
WBGene00170365.,0,0,0
WBGene00170366.,0,0,0
WBGene00170367.,0,0,0
WBGene00170368.,0,1,1
WBGene00170369.,0,0,0
WBGene00170370.,0,0,0
WBGene00170371.,0,0,0
WBGene00170372.,0,1,1
WBGene00170373.,0,2,2
WBGene00170374.,0,0,0
WBGene00170375.,0,3,3
WBGene00170376.,0,1,1
WBGene00170377.,0,0,0
WBGene00170378.,0,0,0
WBGene00170379.,0,0,0
WBGene00170380.,0,1,1
WBGene00170381.,0,2,2
WBGene00170382.,0,0,0
WBGene00170383.,0,7,7
WBGene00170384.,0,0,0
WBGene00170385.,0,0,0
WBGene00170386.,0,0,0
WBGene00170387.,0,0,0
WBGene00170388.,0,0,0
WBGene00170389.,0,4,4
WBGene00170390.,0,0,0
WBGene00170391.,0,0,0
WBGene00170392.,0,2,2
WBGene00170393.,0,6,6
WBGene00170394.,0,3,3
WBGene00170395.,0,1,1
WBGene00170396.,0,0,0
WBGene00170397.,0,0,0
WBGene00170398.,0,0,0
WBGene00170399.,0,5,5
WBGene00170400.,0,0,0
WBGene00170401.,0,0,0
WBGene00170402.,0,1,1
WBGene00170403.,0,0,0
WBGene00170404.,0,0,0
WBGene00170405.,0,1,1
WBGene00170406.,0,9,9
WBGene00170407.,0,0,0
WBGene00170408.,0,0,0
WBGene00170409.,0,0,0
WBGene00170410.,0,1,1
WBGene00170411.,0,0,0
WBGene00170412.,0,0,0
WBGene00170413.,0,0,0
WBGene00170414.,0,0,0
WBGene00170415.,0,0,0
WBGene00170416.,0,0,0
WBGene00170417.,0,2,2
WBGene00170418.,0,4,4
WBGene00170419.,0,0,0
WBGene00170420.,0,0,0
WBGene00170421.,0,10,10
WBGene00170422.,0,1,1
WBGene00170423.,0,0,0
WBGene00170424.,0,0,0
WBGene00170425.,0,1,1
WBGene00170426.,0,0,0
WBGene00170427.,0,0,0
WBGene00170428.,0,0,0
WBGene00170429.,0,5,5
WBGene00170430.,0,0,0
WBGene00170431.,0,0,0
WBGene00170432.,0,8,8
WBGene00170433.,0,0,0
WBGene00170434.,0,0,0
WBGene00170435.,0,0,0
WBGene00170436.,0,0,0
WBGene00170437.,0,0,0
WBGene00170438.,0,4,4
WBGene00170439.,0,0,0
WBGene00170440.,0,0,0
WBGene00170441.,0,0,0
WBGene00170442.,0,7,7
WBGene00170443.,0,4,4
WBGene00170444.,0,0,0
WBGene00170445.,0,0,0
WBGene00170446.,0,0,0
WBGene00170447.,0,0,0
WBGene00170448.,0,8,8
WBGene00170449.,0,0,0
WBGene00170450.,0,0,0
WBGene00170451.,0,0,0
WBGene00170452.,0,0,0
WBGene00170453.,0,0,0
WBGene00170454.,0,0,0
WBGene00170455.,0,0,0
WBGene00170456.,0,0,0
WBGene00170457.,0,0,0
WBGene00170458.,0,0,0
WBGene00170459.,0,0,0
WBGene00170460.,0,1,1
WBGene00170461.,0,0,0
WBGene00170462.,0,0,0
WBGene00170463.,0,0,0
WBGene00170464.,0,0,0
WBGene00170465.,0,0,0
WBGene00170466.,0,0,0
WBGene00170467.,0,0,0
WBGene00170468.,0,0,0
WBGene00170469.,0,1,1
WBGene00170470.,0,0,0
WBGene00170471.,0,0,0
WBGene00170472.,0,0,0
WBGene00170473.,0,0,0
WBGene00170474.,0,0,0
WBGene00170475.,0,0,0
WBGene00170476.,0,0,0
WBGene00170477.,0,0,0
WBGene00170478.,0,0,0
WBGene00170479.,0,1,1
WBGene00170480.,0,0,0
WBGene00170481.,0,0,0
WBGene00170482.,0,0,0
WBGene00170483.,0,3,3
WBGene00170484.,0,2,2
WBGene00170485.,0,2,2
WBGene00170486.,0,0,0
WBGene00170487.,0,3,3
WBGene00170488.,0,5,5
WBGene00170489.,0,0,0
WBGene00170490.,0,8,8
WBGene00170491.,0,0,0
WBGene00170492.,0,0,0
WBGene00170493.,0,10,10
WBGene00170494.,0,0,0
WBGene00170495.,0,0,0
WBGene00170496.,0,0,0
WBGene00170497.,0,0,0
WBGene00170498.,0,0,0
WBGene00170499.,0,0,0
WBGene00170500.,0,0,0
WBGene00170501.,0,0,0
WBGene00170502.,0,2,2
WBGene00170503.,0,0,0
WBGene00170504.,0,0,0
WBGene00170505.,0,0,0
WBGene00170506.,0,0,0
WBGene00170507.,0,0,0
WBGene00170508.,0,3,3
WBGene00170509.,0,2,2
WBGene00170510.,0,0,0
WBGene00170511.,0,5,5
WBGene00170512.,0,0,0
WBGene00170513.,0,0,0
WBGene00170514.,0,0,0
WBGene00170515.,0,3,3
WBGene00170516.,0,5,5
WBGene00170517.,0,0,0
WBGene00170518.,0,0,0
WBGene00170519.,0,1,1
WBGene00170520.,0,1,1
WBGene00170521.,0,0,0
WBGene00170522.,0,0,0
WBGene00170523.,0,1,1
WBGene00170524.,0,0,0
WBGene00170525.,0,0,0
WBGene00170526.,0,0,0
WBGene00170527.,0,0,0
WBGene00170528.,0,0,0
WBGene00170529.,0,0,0
WBGene00170530.,0,0,0
WBGene00170531.,0,0,0
WBGene00170532.,0,0,0
WBGene00170533.,0,0,0
WBGene00170534.,0,0,0
WBGene00170535.,0,0,0
WBGene00170536.,0,0,0
WBGene00170537.,0,0,0
WBGene00170538.,0,0,0
WBGene00170539.,0,0,0
WBGene00170540.,0,1,1
WBGene00170541.,0,1,1
WBGene00170542.,0,0,0
WBGene00170543.,0,0,0
WBGene00170544.,0,0,0
WBGene00170545.,0,7,7
WBGene00170546.,0,0,0
WBGene00170547.,0,3,3
WBGene00170548.,0,7,7
WBGene00170549.,0,0,0
WBGene00170550.,0,0,0
WBGene00170551.,0,0,0
WBGene00170552.,0,0,0
WBGene00170553.,0,0,0
WBGene00170554.,0,1,1
WBGene00170555.,0,0,0
WBGene00170556.,0,2,2
WBGene00170557.,0,0,0
WBGene00170558.,0,2,2
WBGene00170559.,0,0,0
WBGene00170560.,0,0,0
WBGene00170561.,0,0,0
WBGene00170562.,0,0,0
WBGene00170563.,0,2,2
WBGene00170564.,0,2,2
WBGene00170565.,0,0,0
WBGene00170566.,0,0,0
WBGene00170567.,0,0,0
WBGene00170568.,0,0,0
WBGene00170569.,0,0,0
WBGene00170570.,0,0,0
WBGene00170571.,0,0,0
WBGene00170572.,0,0,0
WBGene00170573.,0,0,0
WBGene00170574.,0,4,4
WBGene00170575.,0,0,0
WBGene00170576.,0,3,3
WBGene00170577.,0,0,0
WBGene00170578.,0,0,0
WBGene00170579.,0,2,2
WBGene00170580.,0,0,0
WBGene00170581.,0,3,3
WBGene00170582.,0,0,0
WBGene00170583.,0,1,1
WBGene00170584.,0,0,0
WBGene00170585.,0,0,0
WBGene00170586.,0,0,0
WBGene00170587.,0,1,1
WBGene00170588.,0,0,0
WBGene00170589.,0,0,0
WBGene00170590.,0,0,0
WBGene00170591.,0,0,0
WBGene00170592.,0,6,6
WBGene00170593.,0,0,0
WBGene00170594.,0,0,0
WBGene00170595.,0,0,0
WBGene00170596.,0,0,0
WBGene00170597.,0,0,0
WBGene00170598.,0,3,3
WBGene00170599.,0,0,0
WBGene00170600.,0,1,1
WBGene00170601.,0,0,0
WBGene00170602.,0,1,1
WBGene00170603.,0,0,0
WBGene00170604.,0,3,3
WBGene00170605.,0,0,0
WBGene00170606.,0,0,0
WBGene00170607.,0,0,0
WBGene00170608.,0,0,0
WBGene00170609.,0,0,0
WBGene00170610.,0,0,0
WBGene00170611.,0,6,6
WBGene00170612.,0,0,0
WBGene00170613.,0,0,0
WBGene00170614.,0,0,0
WBGene00170615.,0,0,0
WBGene00170616.,0,0,0
WBGene00170617.,0,0,0
WBGene00170618.,0,1,1
WBGene00170619.,0,0,0
WBGene00170620.,0,0,0
WBGene00170621.,0,3,3
WBGene00170622.,0,0,0
WBGene00170623.,0,0,0
WBGene00170624.,0,2,2
WBGene00170625.,0,0,0
WBGene00170626.,0,0,0
WBGene00170627.,0,1,1
WBGene00170628.,0,0,0
WBGene00170629.,0,0,0
WBGene00170630.,0,0,0
WBGene00170631.,0,3,3
WBGene00170632.,0,0,0
WBGene00170633.,0,35,35
WBGene00170634.,0,2,2
WBGene00170635.,0,0,0
WBGene00170636.,0,4,4
WBGene00170637.,0,0,0
WBGene00170638.,0,7,7
WBGene00170639.,0,0,0
WBGene00170640.,0,0,0
WBGene00170641.,0,0,0
WBGene00170642.,0,1,1
WBGene00170643.,0,2,2
WBGene00170644.,0,0,0
WBGene00170645.,0,0,0
WBGene00170646.,0,0,0
WBGene00170647.,0,8,8
WBGene00170648.,0,0,0
WBGene00170649.,0,0,0
WBGene00170650.,0,0,0
WBGene00170651.,0,0,0
WBGene00170652.,0,0,0
WBGene00170653.,0,0,0
WBGene00170654.,0,0,0
WBGene00170655.,0,0,0
WBGene00170656.,0,0,0
WBGene00170657.,0,5,5
WBGene00170658.,0,0,0
WBGene00170659.,0,0,0
WBGene00170660.,0,0,0
WBGene00170661.,0,0,0
WBGene00170662.,0,0,0
WBGene00170663.,0,0,0
WBGene00170664.,0,1,1
WBGene00170665.,0,0,0
WBGene00170666.,0,0,0
WBGene00170667.,0,0,0
WBGene00170668.,0,0,0
WBGene00170669.,0,0,0
WBGene00170670.,0,0,0
WBGene00170671.,0,1,1
WBGene00170672.,0,0,0
WBGene00170673.,0,2,2
WBGene00170674.,0,3,3
WBGene00170675.,0,0,0
WBGene00170676.,0,0,0
WBGene00170677.,0,0,0
WBGene00170678.,0,0,0
WBGene00170679.,0,0,0
WBGene00170680.,0,5,5
WBGene00170681.,0,0,0
WBGene00170682.,0,0,0
WBGene00170683.,0,7,7
WBGene00170684.,0,4,4
WBGene00170685.,0,0,0
WBGene00170686.,0,24,24
WBGene00170687.,0,0,0
WBGene00170688.,0,0,0
WBGene00170689.,0,1,1
WBGene00170690.,0,0,0
WBGene00170691.,0,0,0
WBGene00170692.,0,0,0
WBGene00170693.,0,0,0
WBGene00170694.,0,0,0
WBGene00170695.,0,0,0
WBGene00170697.,0,2,2
WBGene00170698.,0,0,0
WBGene00170699.,0,0,0
WBGene00170700.,0,3,3
WBGene00170701.,0,2,2
WBGene00170702.,0,0,0
WBGene00170703.,0,4,4
WBGene00170704.,0,0,0
WBGene00170705.,0,0,0
WBGene00170706.,0,2,2
WBGene00170707.,0,2,2
WBGene00170708.,0,1,1
WBGene00170709.,0,1,1
WBGene00170710.,0,0,0
WBGene00170711.,0,3,3
WBGene00170712.,0,0,0
WBGene00170713.,0,0,0
WBGene00170714.,0,2,2
WBGene00170715.,0,0,0
WBGene00170716.,0,0,0
WBGene00170717.,0,0,0
WBGene00170718.,0,0,0
WBGene00170719.,0,0,0
WBGene00170720.,0,0,0
WBGene00170721.,0,0,0
WBGene00170722.,0,0,0
WBGene00170723.,0,3,3
WBGene00170724.,0,0,0
WBGene00170725.,0,3,3
WBGene00170726.,0,0,0
WBGene00170727.,0,0,0
WBGene00170728.,0,0,0
WBGene00170729.,0,0,0
WBGene00170730.,0,0,0
WBGene00170731.,0,0,0
WBGene00170732.,0,0,0
WBGene00170733.,0,0,0
WBGene00170734.,0,1,1
WBGene00170735.,0,0,0
WBGene00170736.,0,0,0
WBGene00170737.,0,3,3
WBGene00170738.,0,0,0
WBGene00170739.,0,0,0
WBGene00170740.,0,0,0
WBGene00170741.,0,0,0
WBGene00170742.,0,0,0
WBGene00170743.,0,3,3
WBGene00170744.,0,0,0
WBGene00170745.,0,0,0
WBGene00170746.,0,0,0
WBGene00170747.,0,0,0
WBGene00170748.,0,0,0
WBGene00170749.,0,0,0
WBGene00170750.,0,4,4
WBGene00170751.,0,0,0
WBGene00170752.,0,0,0
WBGene00170753.,0,0,0
WBGene00170754.,0,4,4
WBGene00170755.,0,0,0
WBGene00170756.,0,1,1
WBGene00170757.,0,0,0
WBGene00170758.,0,0,0
WBGene00170759.,0,0,0
WBGene00170760.,0,0,0
WBGene00170761.,0,3,3
WBGene00170762.,0,1,1
WBGene00170763.,0,0,0
WBGene00170764.,0,0,0
WBGene00170765.,0,3,3
WBGene00170766.,0,0,0
WBGene00170767.,0,0,0
WBGene00170768.,0,2,2
WBGene00170769.,0,0,0
WBGene00170770.,0,0,0
WBGene00170771.,0,0,0
WBGene00170772.,0,0,0
WBGene00170773.,0,0,0
WBGene00170774.,0,2,2
WBGene00170775.,0,1,1
WBGene00170776.,0,0,0
WBGene00170777.,0,0,0
WBGene00170778.,0,0,0
WBGene00170779.,0,0,0
WBGene00170780.,0,0,0
WBGene00170781.,0,0,0
WBGene00170782.,0,0,0
WBGene00170783.,0,0,0
WBGene00170784.,0,2,2
WBGene00170785.,0,5,5
WBGene00170786.,0,0,0
WBGene00170787.,0,1,1
WBGene00170788.,0,1,1
WBGene00170789.,0,0,0
WBGene00170790.,0,0,0
WBGene00170791.,0,0,0
WBGene00170792.,0,0,0
WBGene00170793.,0,0,0
WBGene00170794.,0,0,0
WBGene00170795.,0,2,2
WBGene00170796.,0,1,1
WBGene00170797.,0,4,4
WBGene00170798.,0,0,0
WBGene00170799.,0,0,0
WBGene00170800.,0,0,0
WBGene00170801.,0,8,8
WBGene00170802.,0,7,7
WBGene00170803.,0,0,0
WBGene00170804.,0,3,3
WBGene00170805.,0,0,0
WBGene00170806.,0,0,0
WBGene00170807.,0,0,0
WBGene00170808.,0,6,6
WBGene00170809.,0,0,0
WBGene00170810.,0,0,0
WBGene00170811.,0,2,2
WBGene00170812.,0,0,0
WBGene00170813.,0,0,0
WBGene00170814.,0,0,0
WBGene00170815.,0,3,3
WBGene00170816.,0,1,1
WBGene00170817.,0,0,0
WBGene00170818.,0,0,0
WBGene00170819.,0,0,0
WBGene00170820.,0,0,0
WBGene00170821.,0,0,0
WBGene00170822.,0,0,0
WBGene00170823.,0,0,0
WBGene00170824.,0,4,4
WBGene00170825.,0,0,0
WBGene00170826.,0,0,0
WBGene00170827.,0,0,0
WBGene00170828.,0,0,0
WBGene00170829.,0,0,0
WBGene00170830.,0,1,1
WBGene00170831.,0,0,0
WBGene00170832.,0,0,0
WBGene00170833.,0,3,3
WBGene00170834.,0,0,0
WBGene00170835.,0,3,3
WBGene00170836.,0,0,0
WBGene00170837.,0,0,0
WBGene00170838.,0,0,0
WBGene00170839.,0,0,0
WBGene00170840.,0,0,0
WBGene00170841.,0,0,0
WBGene00170842.,0,4,4
WBGene00170843.,0,0,0
WBGene00170844.,0,0,0
WBGene00170845.,0,0,0
WBGene00170846.,0,0,0
WBGene00170847.,0,0,0
WBGene00170848.,0,0,0
WBGene00170849.,0,0,0
WBGene00170850.,0,0,0
WBGene00170851.,0,0,0
WBGene00170852.,0,0,0
WBGene00170853.,0,2,2
WBGene00170854.,0,1,1
WBGene00170855.,0,0,0
WBGene00170856.,0,0,0
WBGene00170857.,0,0,0
WBGene00170858.,0,0,0
WBGene00170859.,0,0,0
WBGene00170860.,0,0,0
WBGene00170861.,0,0,0
WBGene00170862.,0,1,1
WBGene00170863.,0,1,1
WBGene00170864.,0,1,1
WBGene00170865.,0,1,1
WBGene00170866.,0,0,0
WBGene00170867.,0,0,0
WBGene00170868.,0,0,0
WBGene00170869.,0,0,0
WBGene00170870.,0,0,0
WBGene00170871.,0,0,0
WBGene00170872.,0,0,0
WBGene00170873.,0,4,4
WBGene00170874.,0,0,0
WBGene00170875.,0,0,0
WBGene00170876.,0,1,1
WBGene00170877.,0,0,0
WBGene00170878.,0,0,0
WBGene00170879.,0,0,0
WBGene00170880.,0,0,0
WBGene00170881.,0,0,0
WBGene00170882.,0,5,5
WBGene00170883.,0,2,2
WBGene00170884.,0,0,0
WBGene00170885.,0,0,0
WBGene00170886.,0,1,1
WBGene00170887.,0,11,11
WBGene00170888.,0,0,0
WBGene00170889.,0,0,0
WBGene00170890.,0,1,1
WBGene00170891.,0,0,0
WBGene00170892.,0,3,3
WBGene00170893.,0,1,1
WBGene00170894.,0,0,0
WBGene00170895.,0,0,0
WBGene00170896.,0,0,0
WBGene00170897.,0,0,0
WBGene00170898.,0,1,1
WBGene00170899.,0,0,0
WBGene00170900.,0,0,0
WBGene00170901.,0,0,0
WBGene00170902.,0,0,0
WBGene00170903.,0,0,0
WBGene00170904.,0,4,4
WBGene00170905.,0,0,0
WBGene00170906.,0,0,0
WBGene00170907.,0,0,0
WBGene00170908.,0,0,0
WBGene00170909.,0,0,0
WBGene00170910.,0,0,0
WBGene00170911.,0,0,0
WBGene00170912.,0,2,2
WBGene00170913.,0,0,0
WBGene00170914.,0,4,4
WBGene00170915.,0,1,1
WBGene00170916.,0,0,0
WBGene00170917.,0,1,1
WBGene00170918.,0,0,0
WBGene00170919.,0,0,0
WBGene00170920.,0,0,0
WBGene00170921.,0,0,0
WBGene00170922.,0,0,0
WBGene00170923.,0,0,0
WBGene00170924.,0,0,0
WBGene00170925.,0,0,0
WBGene00170926.,0,0,0
WBGene00170927.,0,0,0
WBGene00170928.,0,0,0
WBGene00170929.,0,0,0
WBGene00170930.,0,0,0
WBGene00170931.,0,4,4
WBGene00170932.,0,0,0
WBGene00170933.,0,0,0
WBGene00170934.,0,0,0
WBGene00170935.,0,0,0
WBGene00170936.,0,0,0
WBGene00170937.,0,0,0
WBGene00170938.,0,0,0
WBGene00170939.,0,0,0
WBGene00170940.,0,0,0
WBGene00170941.,0,0,0
WBGene00170942.,0,2,2
WBGene00170943.,0,0,0
WBGene00170944.,0,0,0
WBGene00170945.,0,0,0
WBGene00170946.,0,0,0
WBGene00170947.,0,2,2
WBGene00170948.,0,0,0
WBGene00170949.,0,0,0
WBGene00170950.,0,0,0
WBGene00170951.,0,39,39
WBGene00170952.,0,13,13
WBGene00170953.,0,0,0
WBGene00170954.,0,1,1
WBGene00170955.,0,0,0
WBGene00170956.,0,0,0
WBGene00170957.,0,0,0
WBGene00170958.,0,1,1
WBGene00170959.,0,2,2
WBGene00170960.,0,4,4
WBGene00170961.,0,2,2
WBGene00170962.,0,0,0
WBGene00170963.,0,0,0
WBGene00170964.,0,1,1
WBGene00170965.,0,5,5
WBGene00170966.,0,0,0
WBGene00170967.,0,0,0
WBGene00170968.,0,0,0
WBGene00170969.,0,0,0
WBGene00170970.,0,10,10
WBGene00170971.,0,0,0
WBGene00170972.,0,0,0
WBGene00170973.,0,1,1
WBGene00170974.,0,8,8
WBGene00170975.,0,4,4
WBGene00170976.,0,1,1
WBGene00170977.,0,2,2
WBGene00170978.,0,6,6
WBGene00170979.,0,3,3
WBGene00170980.,0,7,7
WBGene00170981.,0,0,0
WBGene00170982.,0,0,0
WBGene00170983.,0,0,0
WBGene00170984.,0,0,0
WBGene00170985.,0,0,0
WBGene00170986.,0,6,6
WBGene00170987.,0,0,0
WBGene00170988.,0,3,3
WBGene00170989.,0,0,0
WBGene00170990.,0,0,0
WBGene00170991.,0,1,1
WBGene00170992.,0,0,0
WBGene00170993.,0,0,0
WBGene00170994.,0,0,0
WBGene00170995.,0,0,0
WBGene00170996.,0,3,3
WBGene00170997.,0,0,0
WBGene00170998.,0,8,8
WBGene00170999.,0,0,0
WBGene00171000.,0,0,0
WBGene00171001.,0,3,3
WBGene00171002.,0,0,0
WBGene00171003.,0,0,0
WBGene00171004.,0,2,2
WBGene00171005.,0,3,3
WBGene00171006.,0,0,0
WBGene00171007.,0,0,0
WBGene00171008.,0,0,0
WBGene00171009.,0,2,2
WBGene00171010.,0,0,0
WBGene00171011.,0,0,0
WBGene00171012.,0,0,0
WBGene00171013.,0,0,0
WBGene00171014.,0,0,0
WBGene00171015.,0,1,1
WBGene00171016.,0,0,0
WBGene00171017.,0,0,0
WBGene00171018.,0,0,0
WBGene00171019.,0,0,0
WBGene00171020.,0,0,0
WBGene00171021.,0,1,1
WBGene00171022.,0,0,0
WBGene00171023.,0,0,0
WBGene00171024.,0,0,0
WBGene00171025.,0,0,0
WBGene00171026.,0,3,3
WBGene00171027.,0,0,0
WBGene00171028.,0,0,0
WBGene00171029.,0,6,6
WBGene00171030.,0,0,0
WBGene00171031.,0,0,0
WBGene00171032.,0,0,0
WBGene00171033.,0,1,1
WBGene00171034.,0,0,0
WBGene00171035.,0,0,0
WBGene00171036.,0,0,0
WBGene00171037.,0,0,0
WBGene00171038.,0,0,0
WBGene00171039.,0,0,0
WBGene00171040.,0,0,0
WBGene00171041.,0,7,7
WBGene00171042.,0,0,0
WBGene00171043.,0,2,2
WBGene00171044.,0,0,0
WBGene00171045.,0,0,0
WBGene00171046.,0,0,0
WBGene00171047.,0,1,1
WBGene00171048.,0,0,0
WBGene00171049.,0,0,0
WBGene00171050.,0,1,1
WBGene00171051.,0,0,0
WBGene00171052.,0,0,0
WBGene00171053.,0,0,0
WBGene00171054.,0,0,0
WBGene00171055.,0,0,0
WBGene00171056.,0,0,0
WBGene00171057.,0,0,0
WBGene00171058.,0,1,1
WBGene00171059.,0,0,0
WBGene00171060.,0,3,3
WBGene00171061.,0,7,7
WBGene00171062.,0,0,0
WBGene00171063.,0,0,0
WBGene00171064.,0,0,0
WBGene00171065.,0,0,0
WBGene00171066.,0,0,0
WBGene00171067.,0,0,0
WBGene00171068.,0,0,0
WBGene00171069.,0,9,9
WBGene00171070.,0,0,0
WBGene00171071.,0,0,0
WBGene00171072.,0,0,0
WBGene00171073.,0,0,0
WBGene00171074.,0,0,0
WBGene00171075.,0,0,0
WBGene00171076.,0,1,1
WBGene00171077.,0,0,0
WBGene00171078.,0,0,0
WBGene00171079.,0,0,0
WBGene00171080.,0,0,0
WBGene00171081.,0,0,0
WBGene00171082.,0,0,0
WBGene00171083.,0,1,1
WBGene00171084.,0,1,1
WBGene00171085.,0,0,0
WBGene00171086.,0,1,1
WBGene00171087.,0,0,0
WBGene00171088.,0,0,0
WBGene00171089.,0,0,0
WBGene00171090.,0,1,1
WBGene00171091.,0,1,1
WBGene00171092.,0,0,0
WBGene00171093.,0,0,0
WBGene00171094.,0,1,1
WBGene00171095.,0,0,0
WBGene00171096.,0,0,0
WBGene00171097.,0,0,0
WBGene00171098.,0,0,0
WBGene00171099.,0,6,6
WBGene00171100.,0,2,2
WBGene00171101.,0,0,0
WBGene00171102.,0,0,0
WBGene00171103.,0,0,0
WBGene00171104.,0,0,0
WBGene00171105.,0,0,0
WBGene00171106.,0,0,0
WBGene00171107.,0,3,3
WBGene00171108.,0,0,0
WBGene00171109.,0,0,0
WBGene00171110.,0,0,0
WBGene00171111.,0,0,0
WBGene00171112.,0,0,0
WBGene00171113.,0,7,7
WBGene00171114.,0,0,0
WBGene00171115.,0,0,0
WBGene00171116.,0,0,0
WBGene00171117.,0,2,2
WBGene00171118.,0,11,11
WBGene00171119.,0,0,0
WBGene00171120.,0,0,0
WBGene00171121.,0,0,0
WBGene00171122.,0,0,0
WBGene00171123.,0,2,2
WBGene00171124.,0,0,0
WBGene00171125.,0,4,4
WBGene00171126.,0,0,0
WBGene00171127.,0,1,1
WBGene00171128.,0,0,0
WBGene00171129.,0,0,0
WBGene00171130.,0,0,0
WBGene00171131.,0,0,0
WBGene00171132.,0,4,4
WBGene00171133.,0,4,4
WBGene00171134.,0,0,0
WBGene00171135.,0,0,0
WBGene00171136.,0,0,0
WBGene00171137.,0,0,0
WBGene00171138.,0,0,0
WBGene00171139.,0,0,0
WBGene00171140.,0,0,0
WBGene00171141.,0,2,2
WBGene00171142.,0,1,1
WBGene00171143.,0,0,0
WBGene00171144.,0,0,0
WBGene00171145.,0,1,1
WBGene00171146.,0,0,0
WBGene00171147.,0,0,0
WBGene00171148.,0,1,1
WBGene00171149.,0,0,0
WBGene00171150.,0,0,0
WBGene00171151.,0,0,0
WBGene00171152.,0,6,6
WBGene00171153.,0,5,5
WBGene00171154.,0,0,0
WBGene00171155.,0,2,2
WBGene00171156.,0,0,0
WBGene00171157.,0,0,0
WBGene00171158.,0,0,0
WBGene00171159.,0,0,0
WBGene00171160.,0,7,7
WBGene00171161.,0,0,0
WBGene00171162.,0,0,0
WBGene00171163.,0,0,0
WBGene00171164.,0,0,0
WBGene00171165.,0,0,0
WBGene00171166.,0,1,1
WBGene00171167.,0,5,5
WBGene00171168.,0,2,2
WBGene00171169.,0,5,5
WBGene00171170.,0,0,0
WBGene00171171.,0,0,0
WBGene00171172.,0,5,5
WBGene00171173.,0,1,1
WBGene00171174.,0,0,0
WBGene00171175.,0,0,0
WBGene00171176.,0,0,0
WBGene00171177.,0,0,0
WBGene00171178.,0,3,3
WBGene00171179.,0,0,0
WBGene00171180.,0,0,0
WBGene00171181.,0,2,2
WBGene00171182.,0,0,0
WBGene00171183.,0,0,0
WBGene00171184.,0,1,1
WBGene00171185.,0,0,0
WBGene00171186.,0,0,0
WBGene00171187.,0,0,0
WBGene00171188.,0,8,8
WBGene00171189.,0,0,0
WBGene00171190.,0,5,5
WBGene00171191.,0,0,0
WBGene00171192.,0,2,2
WBGene00171193.,0,4,4
WBGene00171194.,0,8,8
WBGene00171195.,0,0,0
WBGene00171196.,0,0,0
WBGene00171197.,0,0,0
WBGene00171198.,0,3,3
WBGene00171199.,0,0,0
WBGene00171200.,0,0,0
WBGene00171201.,0,0,0
WBGene00171202.,0,1,1
WBGene00171203.,0,0,0
WBGene00171204.,0,0,0
WBGene00171205.,0,0,0
WBGene00171206.,0,0,0
WBGene00171207.,0,0,0
WBGene00171208.,0,2,2
WBGene00171209.,0,5,5
WBGene00171210.,0,0,0
WBGene00171211.,0,1,1
WBGene00171212.,0,9,9
WBGene00171213.,0,0,0
WBGene00171214.,0,8,8
WBGene00171215.,0,0,0
WBGene00171216.,0,0,0
WBGene00171217.,0,0,0
WBGene00171218.,0,0,0
WBGene00171219.,0,0,0
WBGene00171220.,0,5,5
WBGene00171221.,0,1,1
WBGene00171222.,0,0,0
WBGene00171223.,0,0,0
WBGene00171224.,0,0,0
WBGene00171225.,0,2,2
WBGene00171226.,0,1,1
WBGene00171227.,0,0,0
WBGene00171228.,0,2,2
WBGene00171229.,0,0,0
WBGene00171230.,0,4,4
WBGene00171231.,0,0,0
WBGene00171232.,0,0,0
WBGene00171233.,0,0,0
WBGene00171234.,0,0,0
WBGene00171235.,0,0,0
WBGene00171236.,0,2,2
WBGene00171237.,0,0,0
WBGene00171238.,0,3,3
WBGene00171239.,0,0,0
WBGene00171240.,0,0,0
WBGene00171241.,0,0,0
WBGene00171242.,0,0,0
WBGene00171243.,0,0,0
WBGene00171244.,0,4,4
WBGene00171245.,0,2,2
WBGene00171246.,0,0,0
WBGene00171247.,0,0,0
WBGene00171248.,0,0,0
WBGene00171249.,0,0,0
WBGene00171250.,0,0,0
WBGene00171251.,0,0,0
WBGene00171252.,0,3,3
WBGene00171253.,0,0,0
WBGene00171254.,0,2,2
WBGene00171255.,0,0,0
WBGene00171256.,0,0,0
WBGene00171257.,0,0,0
WBGene00171258.,0,0,0
WBGene00171259.,0,0,0
WBGene00171260.,0,0,0
WBGene00171261.,0,0,0
WBGene00171262.,0,0,0
WBGene00171263.,0,0,0
WBGene00171264.,0,0,0
WBGene00171265.,0,7,7
WBGene00171266.,0,0,0
WBGene00171267.,0,0,0
WBGene00171268.,0,3,3
WBGene00171269.,0,0,0
WBGene00171270.,0,1,1
WBGene00171271.,0,0,0
WBGene00171272.,0,1,1
WBGene00171273.,0,0,0
WBGene00171274.,0,1,1
WBGene00171275.,0,0,0
WBGene00171276.,0,0,0
WBGene00171277.,0,0,0
WBGene00171278.,0,4,4
WBGene00171279.,0,0,0
WBGene00171280.,0,1,1
WBGene00171281.,0,3,3
WBGene00171282.,0,0,0
WBGene00171283.,0,0,0
WBGene00171284.,0,0,0
WBGene00171285.,0,1,1
WBGene00171286.,0,11,11
WBGene00171287.,0,0,0
WBGene00171288.,0,0,0
WBGene00171289.,0,2,2
WBGene00171290.,0,3,3
WBGene00171291.,0,0,0
WBGene00171292.,0,0,0
WBGene00171293.,0,5,5
WBGene00171294.,0,4,4
WBGene00171295.,0,0,0
WBGene00171296.,0,0,0
WBGene00171297.,0,0,0
WBGene00171298.,0,0,0
WBGene00171299.,0,0,0
WBGene00171300.,0,0,0
WBGene00171301.,0,0,0
WBGene00171302.,0,1,1
WBGene00171303.,0,0,0
WBGene00171304.,0,0,0
WBGene00171305.,0,5,5
WBGene00171306.,0,0,0
WBGene00171307.,0,0,0
WBGene00171308.,0,0,0
WBGene00171309.,0,3,3
WBGene00171310.,0,4,4
WBGene00171311.,0,5,5
WBGene00171312.,0,0,0
WBGene00171313.,0,0,0
WBGene00171314.,0,0,0
WBGene00171315.,0,0,0
WBGene00171316.,0,2,2
WBGene00171317.,0,3,3
WBGene00171318.,0,0,0
WBGene00171319.,0,1,1
WBGene00171320.,0,0,0
WBGene00171321.,0,0,0
WBGene00171322.,0,0,0
WBGene00171323.,0,5,5
WBGene00171324.,0,0,0
WBGene00171325.,0,0,0
WBGene00171326.,0,0,0
WBGene00171327.,0,0,0
WBGene00171328.,0,0,0
WBGene00171329.,0,5,5
WBGene00171330.,0,0,0
WBGene00171331.,0,0,0
WBGene00171332.,0,0,0
WBGene00171333.,0,2,2
WBGene00171334.,0,0,0
WBGene00171335.,0,4,4
WBGene00171336.,0,3,3
WBGene00171337.,0,0,0
WBGene00171338.,0,1,1
WBGene00171339.,0,0,0
WBGene00171340.,0,0,0
WBGene00171341.,0,1,1
WBGene00171342.,0,0,0
WBGene00171343.,0,2,2
WBGene00171344.,0,4,4
WBGene00171345.,0,3,3
WBGene00171346.,0,1,1
WBGene00171347.,0,11,11
WBGene00171348.,0,0,0
WBGene00171349.,0,0,0
WBGene00171350.,0,0,0
WBGene00171351.,0,0,0
WBGene00171352.,0,0,0
WBGene00171353.,0,0,0
WBGene00171354.,0,0,0
WBGene00171355.,0,0,0
WBGene00171356.,0,0,0
WBGene00171357.,0,0,0
WBGene00171358.,0,0,0
WBGene00171359.,0,9,9
WBGene00171360.,0,0,0
WBGene00171361.,0,1,1
WBGene00171362.,0,0,0
WBGene00171363.,0,0,0
WBGene00171364.,0,2,2
WBGene00171365.,0,2,2
WBGene00171366.,0,0,0
WBGene00171367.,0,0,0
WBGene00171368.,0,0,0
WBGene00171369.,0,0,0
WBGene00171370.,0,0,0
WBGene00171371.,0,0,0
WBGene00171372.,0,0,0
WBGene00171373.,0,0,0
WBGene00171374.,0,1,1
WBGene00171375.,0,1,1
WBGene00171376.,0,0,0
WBGene00171377.,0,0,0
WBGene00171378.,0,0,0
WBGene00171379.,0,0,0
WBGene00171380.,0,1,1
WBGene00171381.,0,0,0
WBGene00171382.,0,0,0
WBGene00171383.,0,0,0
WBGene00171384.,0,0,0
WBGene00171385.,0,0,0
WBGene00171386.,0,0,0
WBGene00171387.,0,1,1
WBGene00171388.,0,0,0
WBGene00171389.,0,0,0
WBGene00171390.,0,6,6
WBGene00171391.,0,0,0
WBGene00171392.,0,0,0
WBGene00171393.,0,0,0
WBGene00171394.,0,2,2
WBGene00171395.,0,0,0
WBGene00171396.,0,0,0
WBGene00171397.,0,0,0
WBGene00171398.,0,0,0
WBGene00171399.,0,0,0
WBGene00171400.,0,0,0
WBGene00171401.,0,0,0
WBGene00171402.,0,0,0
WBGene00171403.,0,0,0
WBGene00171404.,0,0,0
WBGene00171405.,0,0,0
WBGene00171406.,0,0,0
WBGene00171407.,0,8,8
WBGene00171408.,0,0,0
WBGene00171409.,0,0,0
WBGene00171410.,0,0,0
WBGene00171411.,0,11,11
WBGene00171412.,0,6,6
WBGene00171413.,0,0,0
WBGene00171414.,0,4,4
WBGene00171415.,0,0,0
WBGene00171416.,0,0,0
WBGene00171417.,0,0,0
WBGene00171418.,0,0,0
WBGene00171419.,0,0,0
WBGene00171420.,0,0,0
WBGene00171421.,0,7,7
WBGene00171422.,0,0,0
WBGene00171423.,0,12,12
WBGene00171424.,0,0,0
WBGene00171425.,0,0,0
WBGene00171426.,0,0,0
WBGene00171427.,0,0,0
WBGene00171428.,0,2,2
WBGene00171429.,0,0,0
WBGene00171430.,0,0,0
WBGene00171431.,0,0,0
WBGene00171432.,0,0,0
WBGene00171433.,0,0,0
WBGene00171434.,0,0,0
WBGene00171435.,0,0,0
WBGene00171436.,0,0,0
WBGene00171437.,0,2,2
WBGene00171438.,0,0,0
WBGene00171439.,0,1,1
WBGene00171440.,0,4,4
WBGene00171441.,0,0,0
WBGene00171442.,0,0,0
WBGene00171443.,0,0,0
WBGene00171444.,0,0,0
WBGene00171445.,0,0,0
WBGene00171446.,0,0,0
WBGene00171447.,0,0,0
WBGene00171448.,0,0,0
WBGene00171449.,0,0,0
WBGene00171450.,0,3,3
WBGene00171451.,0,1,1
WBGene00171452.,0,0,0
WBGene00171453.,0,0,0
WBGene00171454.,0,0,0
WBGene00171455.,0,4,4
WBGene00171456.,0,54,54
WBGene00171457.,0,2,2
WBGene00171458.,0,0,0
WBGene00171459.,0,4,4
WBGene00171460.,0,0,0
WBGene00171461.,0,3,3
WBGene00171462.,0,0,0
WBGene00171463.,0,0,0
WBGene00171464.,0,4,4
WBGene00171465.,0,0,0
WBGene00171466.,0,2,2
WBGene00171467.,0,0,0
WBGene00171468.,0,0,0
WBGene00171469.,0,1,1
WBGene00171470.,0,18,18
WBGene00171471.,0,0,0
WBGene00171472.,0,0,0
WBGene00171473.,0,6,6
WBGene00171474.,0,2,2
WBGene00171475.,0,0,0
WBGene00171476.,0,0,0
WBGene00171477.,0,0,0
WBGene00171478.,0,1,1
WBGene00171479.,0,0,0
WBGene00171480.,0,0,0
WBGene00171481.,0,0,0
WBGene00171482.,0,4,4
WBGene00171483.,0,3,3
WBGene00171484.,0,0,0
WBGene00171485.,0,0,0
WBGene00171486.,0,0,0
WBGene00171487.,0,0,0
WBGene00171488.,0,0,0
WBGene00171489.,0,0,0
WBGene00171490.,0,0,0
WBGene00171491.,0,0,0
WBGene00171492.,0,0,0
WBGene00171493.,0,0,0
WBGene00171494.,0,0,0
WBGene00171495.,0,0,0
WBGene00171496.,0,0,0
WBGene00171497.,0,0,0
WBGene00171498.,0,2,2
WBGene00171499.,0,0,0
WBGene00171500.,0,0,0
WBGene00171501.,0,0,0
WBGene00171502.,0,0,0
WBGene00171503.,0,0,0
WBGene00171504.,0,0,0
WBGene00171505.,0,2,2
WBGene00171506.,0,0,0
WBGene00171507.,0,0,0
WBGene00171508.,0,0,0
WBGene00171509.,0,0,0
WBGene00171510.,0,0,0
WBGene00171511.,0,0,0
WBGene00171512.,0,0,0
WBGene00171513.,0,1,1
WBGene00171514.,0,0,0
WBGene00171515.,0,1,1
WBGene00171516.,0,0,0
WBGene00171517.,0,0,0
WBGene00171518.,0,2,2
WBGene00171519.,0,5,5
WBGene00171520.,0,0,0
WBGene00171521.,0,1,1
WBGene00171522.,0,0,0
WBGene00171523.,0,0,0
WBGene00171524.,0,0,0
WBGene00171525.,0,3,3
WBGene00171526.,0,3,3
WBGene00171527.,0,0,0
WBGene00171528.,0,0,0
WBGene00171529.,0,0,0
WBGene00171530.,0,0,0
WBGene00171531.,0,3,3
WBGene00171532.,0,0,0
WBGene00171533.,0,3,3
WBGene00171534.,0,0,0
WBGene00171535.,0,0,0
WBGene00171536.,0,0,0
WBGene00171537.,0,0,0
WBGene00171538.,0,0,0
WBGene00171539.,0,0,0
WBGene00171540.,0,0,0
WBGene00171541.,0,0,0
WBGene00171542.,0,0,0
WBGene00171543.,0,2,2
WBGene00171544.,0,0,0
WBGene00171545.,0,0,0
WBGene00171546.,0,0,0
WBGene00171547.,0,2,2
WBGene00171548.,0,0,0
WBGene00171549.,0,0,0
WBGene00171550.,0,0,0
WBGene00171551.,0,0,0
WBGene00171552.,0,0,0
WBGene00171553.,0,0,0
WBGene00171554.,0,0,0
WBGene00171555.,0,0,0
WBGene00171556.,0,6,6
WBGene00171557.,0,0,0
WBGene00171558.,0,0,0
WBGene00171559.,0,1,1
WBGene00171560.,0,0,0
WBGene00171561.,0,3,3
WBGene00171562.,0,0,0
WBGene00171563.,0,0,0
WBGene00171564.,0,2,2
WBGene00171565.,0,0,0
WBGene00171566.,0,0,0
WBGene00171567.,0,3,3
WBGene00171568.,0,17,17
WBGene00171569.,0,2,2
WBGene00171570.,0,1,1
WBGene00171571.,0,0,0
WBGene00171572.,0,0,0
WBGene00171573.,0,0,0
WBGene00171574.,0,0,0
WBGene00171575.,0,0,0
WBGene00171576.,0,1,1
WBGene00171577.,0,0,0
WBGene00171578.,0,0,0
WBGene00171579.,0,0,0
WBGene00171580.,0,3,3
WBGene00171581.,0,0,0
WBGene00171582.,0,0,0
WBGene00171583.,0,0,0
WBGene00171584.,0,0,0
WBGene00171585.,0,0,0
WBGene00171586.,0,0,0
WBGene00171587.,0,5,5
WBGene00171588.,0,6,6
WBGene00171589.,0,1,1
WBGene00171590.,0,0,0
WBGene00171591.,0,0,0
WBGene00171592.,0,1,1
WBGene00171593.,0,2,2
WBGene00171594.,0,0,0
WBGene00171595.,0,0,0
WBGene00171596.,0,2,2
WBGene00171597.,0,1,1
WBGene00171598.,0,0,0
WBGene00171599.,0,0,0
WBGene00171600.,0,0,0
WBGene00171601.,0,3,3
WBGene00171602.,0,0,0
WBGene00171603.,0,0,0
WBGene00171604.,0,0,0
WBGene00171605.,0,0,0
WBGene00171606.,0,0,0
WBGene00171607.,0,0,0
WBGene00171608.,0,0,0
WBGene00171609.,0,3,3
WBGene00171610.,0,0,0
WBGene00171611.,0,1,1
WBGene00171612.,0,0,0
WBGene00171613.,0,0,0
WBGene00171614.,0,0,0
WBGene00171615.,0,2,2
WBGene00171616.,0,0,0
WBGene00171617.,0,1,1
WBGene00171618.,0,0,0
WBGene00171619.,0,0,0
WBGene00171620.,0,1,1
WBGene00171621.,0,0,0
WBGene00171622.,0,4,4
WBGene00171623.,0,1,1
WBGene00171624.,0,0,0
WBGene00171625.,0,0,0
WBGene00171626.,0,0,0
WBGene00171627.,0,4,4
WBGene00171628.,0,0,0
WBGene00171629.,0,0,0
WBGene00171630.,0,0,0
WBGene00171631.,0,2,2
WBGene00171632.,0,2,2
WBGene00171633.,0,0,0
WBGene00171634.,0,0,0
WBGene00171635.,0,0,0
WBGene00171636.,0,0,0
WBGene00171637.,0,0,0
WBGene00171638.,0,0,0
WBGene00171639.,0,0,0
WBGene00171640.,0,0,0
WBGene00171641.,0,0,0
WBGene00171642.,0,5,5
WBGene00171643.,0,0,0
WBGene00171644.,0,0,0
WBGene00171645.,0,0,0
WBGene00171646.,0,4,4
WBGene00171647.,0,0,0
WBGene00171648.,0,0,0
WBGene00171649.,0,0,0
WBGene00171650.,0,0,0
WBGene00171651.,0,0,0
WBGene00171652.,0,0,0
WBGene00171653.,0,4,4
WBGene00171654.,0,0,0
WBGene00171655.,0,3,3
WBGene00171656.,0,0,0
WBGene00171657.,0,0,0
WBGene00171658.,0,4,4
WBGene00171659.,0,1,1
WBGene00171660.,0,1,1
WBGene00171661.,0,0,0
WBGene00171662.,0,3,3
WBGene00171663.,0,2,2
WBGene00171664.,0,0,0
WBGene00171665.,0,0,0
WBGene00171666.,0,0,0
WBGene00171667.,0,3,3
WBGene00171668.,0,0,0
WBGene00171669.,0,1,1
WBGene00171670.,0,0,0
WBGene00171671.,0,0,0
WBGene00171672.,0,0,0
WBGene00171673.,0,0,0
WBGene00171674.,0,3,3
WBGene00171675.,0,5,5
WBGene00171676.,0,9,9
WBGene00171677.,0,1,1
WBGene00171678.,0,0,0
WBGene00171679.,0,0,0
WBGene00171680.,0,0,0
WBGene00171681.,0,0,0
WBGene00171682.,0,0,0
WBGene00171683.,0,0,0
WBGene00171684.,0,0,0
WBGene00171685.,0,0,0
WBGene00171686.,0,3,3
WBGene00171687.,0,0,0
WBGene00171688.,0,2,2
WBGene00171689.,0,0,0
WBGene00171690.,0,0,0
WBGene00171691.,0,7,7
WBGene00171692.,0,0,0
WBGene00171693.,0,0,0
WBGene00171694.,0,7,7
WBGene00171695.,0,0,0
WBGene00171696.,0,0,0
WBGene00171697.,0,0,0
WBGene00171698.,0,0,0
WBGene00171699.,0,6,6
WBGene00171700.,0,0,0
WBGene00171701.,0,0,0
WBGene00171702.,0,0,0
WBGene00171703.,0,3,3
WBGene00171704.,0,0,0
WBGene00171705.,0,4,4
WBGene00171706.,0,0,0
WBGene00171707.,0,1,1
WBGene00171708.,0,4,4
WBGene00171709.,0,0,0
WBGene00171710.,0,1,1
WBGene00171712.,0,0,0
WBGene00171713.,0,4,4
WBGene00171714.,0,0,0
WBGene00171715.,0,0,0
WBGene00171716.,0,0,0
WBGene00171717.,0,5,5
WBGene00171718.,0,4,4
WBGene00171719.,0,2,2
WBGene00171720.,0,0,0
WBGene00171721.,0,3,3
WBGene00171722.,0,0,0
WBGene00171723.,0,0,0
WBGene00171724.,0,0,0
WBGene00171725.,0,0,0
WBGene00171726.,0,0,0
WBGene00171727.,0,0,0
WBGene00171728.,0,0,0
WBGene00171729.,0,1,1
WBGene00171730.,0,0,0
WBGene00171731.,0,4,4
WBGene00171732.,0,0,0
WBGene00171733.,0,0,0
WBGene00171734.,0,0,0
WBGene00171735.,0,0,0
WBGene00171736.,0,3,3
WBGene00171737.,0,0,0
WBGene00171738.,0,3,3
WBGene00171739.,0,2,2
WBGene00171740.,0,2,2
WBGene00171741.,0,0,0
WBGene00171742.,0,0,0
WBGene00171743.,0,4,4
WBGene00171744.,0,0,0
WBGene00171745.,0,0,0
WBGene00171746.,0,0,0
WBGene00171747.,0,3,3
WBGene00171748.,0,0,0
WBGene00171749.,0,0,0
WBGene00171750.,0,0,0
WBGene00171751.,0,2,2
WBGene00171752.,0,0,0
WBGene00171753.,0,0,0
WBGene00171754.,0,14,14
WBGene00171755.,0,0,0
WBGene00171756.,0,0,0
WBGene00171757.,0,4,4
WBGene00171758.,0,0,0
WBGene00171759.,0,0,0
WBGene00171760.,0,0,0
WBGene00171761.,0,0,0
WBGene00171762.,0,2,2
WBGene00171763.,0,4,4
WBGene00171764.,0,0,0
WBGene00171765.,0,5,5
WBGene00171766.,0,0,0
WBGene00171767.,0,3,3
WBGene00171768.,0,0,0
WBGene00171769.,0,0,0
WBGene00171770.,0,2,2
WBGene00171771.,0,0,0
WBGene00171772.,0,0,0
WBGene00171773.,0,0,0
WBGene00171774.,0,1,1
WBGene00171775.,0,2,2
WBGene00171776.,0,0,0
WBGene00171777.,0,0,0
WBGene00171778.,0,1,1
WBGene00171779.,0,3,3
WBGene00171780.,0,0,0
WBGene00171781.,0,0,0
WBGene00171782.,0,0,0
WBGene00171783.,0,0,0
WBGene00171784.,0,0,0
WBGene00171785.,0,0,0
WBGene00171786.,0,6,6
WBGene00171787.,0,0,0
WBGene00171788.,0,0,0
WBGene00171789.,0,2,2
WBGene00171790.,0,0,0
WBGene00171791.,0,0,0
WBGene00171792.,0,0,0
WBGene00171793.,0,0,0
WBGene00171794.,0,1,1
WBGene00171795.,0,0,0
WBGene00171796.,0,1,1
WBGene00171797.,0,0,0
WBGene00171798.,0,1,1
WBGene00171799.,0,4,4
WBGene00171800.,0,5,5
WBGene00171801.,0,0,0
WBGene00171802.,0,0,0
WBGene00171803.,0,0,0
WBGene00171804.,0,0,0
WBGene00171805.,0,0,0
WBGene00171806.,0,0,0
WBGene00171807.,0,0,0
WBGene00171809.,0,0,0
WBGene00171810.,0,0,0
WBGene00171811.,0,1,1
WBGene00171812.,0,2,2
WBGene00171813.,0,0,0
WBGene00171814.,0,0,0
WBGene00171815.,0,3,3
WBGene00171816.,0,0,0
WBGene00171817.,0,0,0
WBGene00171818.,0,1,1
WBGene00171819.,0,0,0
WBGene00171820.,0,0,0
WBGene00171821.,0,0,0
WBGene00171822.,0,0,0
WBGene00171823.,0,0,0
WBGene00171824.,0,0,0
WBGene00171825.,0,5,5
WBGene00171826.,0,0,0
WBGene00171827.,0,1,1
WBGene00171828.,0,1,1
WBGene00171829.,0,0,0
WBGene00171830.,0,0,0
WBGene00171831.,0,0,0
WBGene00171832.,0,0,0
WBGene00171833.,0,3,3
WBGene00171834.,0,0,0
WBGene00171835.,0,0,0
WBGene00171836.,0,0,0
WBGene00171837.,0,0,0
WBGene00171838.,0,9,9
WBGene00171839.,0,5,5
WBGene00171840.,0,0,0
WBGene00171841.,0,0,0
WBGene00171842.,0,0,0
WBGene00171843.,0,2,2
WBGene00171844.,0,0,0
WBGene00171845.,0,0,0
WBGene00171846.,0,0,0
WBGene00171847.,0,1,1
WBGene00171848.,0,0,0
WBGene00171849.,0,0,0
WBGene00171850.,0,4,4
WBGene00171851.,0,0,0
WBGene00171852.,0,0,0
WBGene00171853.,0,0,0
WBGene00171854.,0,8,8
WBGene00171855.,0,1,1
WBGene00171856.,0,0,0
WBGene00171857.,0,0,0
WBGene00171858.,0,2,2
WBGene00171859.,0,0,0
WBGene00171860.,0,0,0
WBGene00171861.,0,2,2
WBGene00171862.,0,0,0
WBGene00171863.,0,2,2
WBGene00171864.,0,2,2
WBGene00171865.,0,0,0
WBGene00171866.,0,0,0
WBGene00171867.,0,4,4
WBGene00171868.,0,0,0
WBGene00171869.,0,2,2
WBGene00171870.,0,1,1
WBGene00171871.,0,0,0
WBGene00171872.,0,0,0
WBGene00171873.,0,0,0
WBGene00171875.,0,0,0
WBGene00171876.,0,1,1
WBGene00171877.,0,0,0
WBGene00171878.,0,2,2
WBGene00171879.,0,0,0
WBGene00171880.,0,0,0
WBGene00171881.,0,0,0
WBGene00171882.,0,0,0
WBGene00171883.,0,0,0
WBGene00171884.,0,0,0
WBGene00171885.,0,0,0
WBGene00171886.,0,0,0
WBGene00171887.,0,0,0
WBGene00171888.,0,4,4
WBGene00171889.,0,0,0
WBGene00171890.,0,0,0
WBGene00171891.,0,2,2
WBGene00171892.,0,4,4
WBGene00171893.,0,0,0
WBGene00171894.,0,0,0
WBGene00171895.,0,5,5
WBGene00171896.,0,0,0
WBGene00171897.,0,0,0
WBGene00171898.,0,0,0
WBGene00171899.,0,1,1
WBGene00171900.,0,0,0
WBGene00171901.,0,0,0
WBGene00171902.,0,3,3
WBGene00171903.,0,1,1
WBGene00171904.,0,0,0
WBGene00171905.,0,2,2
WBGene00171906.,0,0,0
WBGene00171907.,0,5,5
WBGene00171908.,0,0,0
WBGene00171909.,0,0,0
WBGene00171910.,0,0,0
WBGene00171911.,0,0,0
WBGene00171912.,0,4,4
WBGene00171913.,0,4,4
WBGene00171914.,0,0,0
WBGene00171915.,0,0,0
WBGene00171916.,0,0,0
WBGene00171917.,0,0,0
WBGene00171918.,0,0,0
WBGene00171919.,0,2,2
WBGene00171920.,0,0,0
WBGene00171921.,0,0,0
WBGene00171922.,0,0,0
WBGene00171923.,0,9,9
WBGene00171924.,0,6,6
WBGene00171925.,0,0,0
WBGene00171926.,0,3,3
WBGene00171927.,0,0,0
WBGene00171928.,0,0,0
WBGene00171929.,0,0,0
WBGene00171930.,0,0,0
WBGene00171931.,0,0,0
WBGene00171932.,0,1,1
WBGene00171933.,0,0,0
WBGene00171934.,0,0,0
WBGene00171935.,0,2,2
WBGene00171936.,0,0,0
WBGene00171937.,0,0,0
WBGene00171938.,0,0,0
WBGene00171939.,0,0,0
WBGene00171940.,0,6,6
WBGene00171941.,0,0,0
WBGene00171942.,0,0,0
WBGene00171943.,0,0,0
WBGene00171944.,0,0,0
WBGene00171945.,0,0,0
WBGene00171946.,0,12,12
WBGene00171947.,0,0,0
WBGene00171948.,0,0,0
WBGene00171949.,0,3,3
WBGene00171950.,0,0,0
WBGene00171951.,0,0,0
WBGene00171952.,0,0,0
WBGene00171953.,0,0,0
WBGene00171954.,0,0,0
WBGene00171955.,0,0,0
WBGene00171956.,0,1,1
WBGene00171957.,0,0,0
WBGene00171958.,0,0,0
WBGene00171959.,0,0,0
WBGene00171960.,0,0,0
WBGene00171961.,0,0,0
WBGene00171962.,0,0,0
WBGene00171963.,0,0,0
WBGene00171964.,0,0,0
WBGene00171965.,0,2,2
WBGene00171966.,0,0,0
WBGene00171967.,0,0,0
WBGene00171968.,0,1,1
WBGene00171969.,0,0,0
WBGene00171970.,0,0,0
WBGene00171971.,0,0,0
WBGene00171972.,0,0,0
WBGene00171973.,0,4,4
WBGene00171974.,0,0,0
WBGene00171975.,0,0,0
WBGene00171976.,0,0,0
WBGene00171977.,0,0,0
WBGene00171978.,0,4,4
WBGene00171979.,0,0,0
WBGene00171980.,0,5,5
WBGene00171981.,0,0,0
WBGene00171982.,0,0,0
WBGene00171983.,0,0,0
WBGene00171984.,0,0,0
WBGene00171985.,0,4,4
WBGene00171986.,0,0,0
WBGene00171987.,0,0,0
WBGene00171988.,0,0,0
WBGene00171989.,0,0,0
WBGene00171990.,0,0,0
WBGene00171991.,0,0,0
WBGene00171992.,0,0,0
WBGene00171993.,0,0,0
WBGene00171994.,0,0,0
WBGene00171995.,0,0,0
WBGene00171996.,0,2,2
WBGene00171997.,0,0,0
WBGene00171998.,0,0,0
WBGene00171999.,0,0,0
WBGene00172000.,0,0,0
WBGene00172001.,0,0,0
WBGene00172002.,0,0,0
WBGene00172003.,0,1,1
WBGene00172004.,0,0,0
WBGene00172006.,0,0,0
WBGene00172007.,0,0,0
WBGene00172008.,0,1,1
WBGene00172009.,0,0,0
WBGene00172010.,0,0,0
WBGene00172011.,0,5,5
WBGene00172012.,0,0,0
WBGene00172013.,0,2,2
WBGene00172014.,0,0,0
WBGene00172015.,0,0,0
WBGene00172016.,0,30,30
WBGene00172017.,0,0,0
WBGene00172018.,0,7,7
WBGene00172019.,0,3,3
WBGene00172020.,0,0,0
WBGene00172021.,0,0,0
WBGene00172022.,0,0,0
WBGene00172023.,0,0,0
WBGene00172024.,0,0,0
WBGene00172025.,0,0,0
WBGene00172026.,0,0,0
WBGene00172027.,0,0,0
WBGene00172028.,0,5,5
WBGene00172029.,0,0,0
WBGene00172030.,0,0,0
WBGene00172031.,0,0,0
WBGene00172032.,0,0,0
WBGene00172033.,0,0,0
WBGene00172034.,0,0,0
WBGene00172035.,0,0,0
WBGene00172036.,0,0,0
WBGene00172037.,0,4,4
WBGene00172038.,0,0,0
WBGene00172039.,0,2,2
WBGene00172040.,0,0,0
WBGene00172041.,0,0,0
WBGene00172042.,0,0,0
WBGene00172043.,0,0,0
WBGene00172044.,0,0,0
WBGene00172045.,0,0,0
WBGene00172046.,0,2,2
WBGene00172047.,0,0,0
WBGene00172048.,0,0,0
WBGene00172049.,0,0,0
WBGene00172050.,0,5,5
WBGene00172051.,0,0,0
WBGene00172052.,0,0,0
WBGene00172053.,0,0,0
WBGene00172054.,0,0,0
WBGene00172055.,0,1,1
WBGene00172056.,0,11,11
WBGene00172057.,0,0,0
WBGene00172058.,0,0,0
WBGene00172059.,0,0,0
WBGene00172060.,0,0,0
WBGene00172061.,0,0,0
WBGene00172062.,0,0,0
WBGene00172063.,0,1,1
WBGene00172064.,0,0,0
WBGene00172065.,0,0,0
WBGene00172066.,0,0,0
WBGene00172067.,0,0,0
WBGene00172068.,0,7,7
WBGene00172069.,0,0,0
WBGene00172070.,0,0,0
WBGene00172071.,0,0,0
WBGene00172072.,0,9,9
WBGene00172073.,0,3,3
WBGene00172074.,0,0,0
WBGene00172075.,0,0,0
WBGene00172076.,0,0,0
WBGene00172077.,0,0,0
WBGene00172078.,0,1,1
WBGene00172079.,0,0,0
WBGene00172080.,0,2,2
WBGene00172081.,0,0,0
WBGene00172082.,0,0,0
WBGene00172083.,0,0,0
WBGene00172084.,0,0,0
WBGene00172085.,0,0,0
WBGene00172086.,0,0,0
WBGene00172087.,0,2,2
WBGene00172088.,0,0,0
WBGene00172089.,0,0,0
WBGene00172090.,0,0,0
WBGene00172091.,0,0,0
WBGene00172092.,0,0,0
WBGene00172093.,0,0,0
WBGene00172094.,0,0,0
WBGene00172095.,0,0,0
WBGene00172096.,0,0,0
WBGene00172097.,0,8,8
WBGene00172098.,0,0,0
WBGene00172099.,0,0,0
WBGene00172100.,0,0,0
WBGene00172101.,0,0,0
WBGene00172102.,0,3,3
WBGene00172103.,0,0,0
WBGene00172104.,0,0,0
WBGene00172105.,0,0,0
WBGene00172106.,0,0,0
WBGene00172107.,0,0,0
WBGene00172108.,0,1,1
WBGene00172109.,0,0,0
WBGene00172110.,0,2,2
WBGene00172111.,0,1,1
WBGene00172112.,0,0,0
WBGene00172113.,0,0,0
WBGene00172114.,0,0,0
WBGene00172115.,0,0,0
WBGene00172116.,0,0,0
WBGene00172117.,0,0,0
WBGene00172118.,0,0,0
WBGene00172119.,0,0,0
WBGene00172120.,0,0,0
WBGene00172121.,0,4,4
WBGene00172122.,0,4,4
WBGene00172123.,0,0,0
WBGene00172124.,0,0,0
WBGene00172125.,0,0,0
WBGene00172126.,0,1,1
WBGene00172127.,0,2,2
WBGene00172128.,0,0,0
WBGene00172129.,0,1,1
WBGene00172130.,0,2,2
WBGene00172131.,0,0,0
WBGene00172132.,0,0,0
WBGene00172133.,0,0,0
WBGene00172134.,0,0,0
WBGene00172135.,0,0,0
WBGene00172136.,0,0,0
WBGene00172137.,0,0,0
WBGene00172138.,0,0,0
WBGene00172139.,0,0,0
WBGene00172140.,0,3,3
WBGene00172141.,0,1,1
WBGene00172142.,0,0,0
WBGene00172143.,0,0,0
WBGene00172144.,0,0,0
WBGene00172145.,0,0,0
WBGene00172146.,0,0,0
WBGene00172147.,0,0,0
WBGene00172148.,0,1,1
WBGene00172149.,0,0,0
WBGene00172150.,0,0,0
WBGene00172151.,0,1,1
WBGene00172152.,0,0,0
WBGene00172153.,0,0,0
WBGene00172154.,0,7,7
WBGene00172155.,0,4,4
WBGene00172156.,0,0,0
WBGene00172157.,0,0,0
WBGene00172158.,0,0,0
WBGene00172159.,0,0,0
WBGene00172160.,0,0,0
WBGene00172161.,0,16,16
WBGene00172162.,0,0,0
WBGene00172163.,0,6,6
WBGene00172164.,0,0,0
WBGene00172165.,0,0,0
WBGene00172166.,0,1,1
WBGene00172167.,0,2,2
WBGene00172168.,0,0,0
WBGene00172169.,0,2,2
WBGene00172170.,0,2,2
WBGene00172171.,0,0,0
WBGene00172172.,0,5,5
WBGene00172173.,0,0,0
WBGene00172174.,0,23,23
WBGene00172175.,0,0,0
WBGene00172176.,0,0,0
WBGene00172177.,0,3,3
WBGene00172178.,0,0,0
WBGene00172179.,0,0,0
WBGene00172180.,0,0,0
WBGene00172181.,0,0,0
WBGene00172182.,0,0,0
WBGene00172183.,0,0,0
WBGene00172184.,0,0,0
WBGene00172185.,0,7,7
WBGene00172186.,0,1,1
WBGene00172187.,0,1,1
WBGene00172188.,0,0,0
WBGene00172189.,0,0,0
WBGene00172190.,0,0,0
WBGene00172191.,0,0,0
WBGene00172192.,0,0,0
WBGene00172193.,0,0,0
WBGene00172194.,0,1,1
WBGene00172195.,0,1,1
WBGene00172196.,0,0,0
WBGene00172197.,0,5,5
WBGene00172198.,0,0,0
WBGene00172199.,0,1,1
WBGene00172200.,0,0,0
WBGene00172201.,0,0,0
WBGene00172202.,0,4,4
WBGene00172203.,0,1,1
WBGene00172204.,0,2,2
WBGene00172205.,0,1,1
WBGene00172206.,0,1,1
WBGene00172207.,0,0,0
WBGene00172208.,0,0,0
WBGene00172209.,0,0,0
WBGene00172210.,0,0,0
WBGene00172211.,0,0,0
WBGene00172212.,0,0,0
WBGene00172213.,0,0,0
WBGene00172214.,0,3,3
WBGene00172215.,0,1,1
WBGene00172216.,0,0,0
WBGene00172217.,0,2,2
WBGene00172218.,0,0,0
WBGene00172219.,0,2,2
WBGene00172220.,0,0,0
WBGene00172221.,0,0,0
WBGene00172222.,0,0,0
WBGene00172223.,0,0,0
WBGene00172224.,0,0,0
WBGene00172225.,0,0,0
WBGene00172226.,0,1,1
WBGene00172227.,0,1,1
WBGene00172228.,0,1,1
WBGene00172229.,0,0,0
WBGene00172230.,0,2,2
WBGene00172231.,0,0,0
WBGene00172232.,0,8,8
WBGene00172233.,0,0,0
WBGene00172234.,0,0,0
WBGene00172235.,0,0,0
WBGene00172236.,0,0,0
WBGene00172237.,0,1,1
WBGene00172238.,0,0,0
WBGene00172239.,0,1,1
WBGene00172240.,0,0,0
WBGene00172241.,0,0,0
WBGene00172242.,0,0,0
WBGene00172243.,0,0,0
WBGene00172244.,0,0,0
WBGene00172245.,0,0,0
WBGene00172246.,0,3,3
WBGene00172247.,0,0,0
WBGene00172248.,0,0,0
WBGene00172249.,0,6,6
WBGene00172250.,0,0,0
WBGene00172251.,0,0,0
WBGene00172252.,0,0,0
WBGene00172253.,0,0,0
WBGene00172254.,0,0,0
WBGene00172255.,0,1,1
WBGene00172256.,0,0,0
WBGene00172257.,0,2,2
WBGene00172258.,0,0,0
WBGene00172259.,0,0,0
WBGene00172260.,0,0,0
WBGene00172261.,0,2,2
WBGene00172262.,0,0,0
WBGene00172263.,0,0,0
WBGene00172264.,0,0,0
WBGene00172265.,0,0,0
WBGene00172266.,0,0,0
WBGene00172267.,0,0,0
WBGene00172268.,0,0,0
WBGene00172269.,0,0,0
WBGene00172270.,0,0,0
WBGene00172271.,0,21,21
WBGene00172272.,0,0,0
WBGene00172273.,0,3,3
WBGene00172274.,0,0,0
WBGene00172275.,0,0,0
WBGene00172276.,0,0,0
WBGene00172277.,0,0,0
WBGene00172278.,0,0,0
WBGene00172279.,0,0,0
WBGene00172280.,0,2,2
WBGene00172281.,0,0,0
WBGene00172282.,0,0,0
WBGene00172283.,0,1,1
WBGene00172284.,0,1,1
WBGene00172285.,0,0,0
WBGene00172286.,0,2,2
WBGene00172287.,0,3,3
WBGene00172288.,0,0,0
WBGene00172289.,0,0,0
WBGene00172290.,0,0,0
WBGene00172291.,0,0,0
WBGene00172292.,0,0,0
WBGene00172293.,0,0,0
WBGene00172294.,0,8,8
WBGene00172295.,0,0,0
WBGene00172296.,0,0,0
WBGene00172297.,0,0,0
WBGene00172298.,0,0,0
WBGene00172299.,0,0,0
WBGene00172300.,0,0,0
WBGene00172301.,0,0,0
WBGene00172302.,0,0,0
WBGene00172303.,0,0,0
WBGene00172304.,0,0,0
WBGene00172305.,0,2,2
WBGene00172306.,0,0,0
WBGene00172307.,0,0,0
WBGene00172308.,0,0,0
WBGene00172309.,0,8,8
WBGene00172310.,0,1,1
WBGene00172311.,0,6,6
WBGene00172312.,0,0,0
WBGene00172313.,0,0,0
WBGene00172314.,0,0,0
WBGene00172315.,0,8,8
WBGene00172316.,0,0,0
WBGene00172317.,0,0,0
WBGene00172318.,0,2,2
WBGene00172319.,0,0,0
WBGene00172320.,0,1,1
WBGene00172321.,0,0,0
WBGene00172322.,0,0,0
WBGene00172323.,0,0,0
WBGene00172324.,0,0,0
WBGene00172325.,0,6,6
WBGene00172326.,0,2,2
WBGene00172327.,0,0,0
WBGene00172328.,0,0,0
WBGene00172329.,0,0,0
WBGene00172330.,0,1,1
WBGene00172331.,0,0,0
WBGene00172332.,0,0,0
WBGene00172333.,0,2,2
WBGene00172334.,0,0,0
WBGene00172335.,0,0,0
WBGene00172336.,0,1,1
WBGene00172337.,0,2,2
WBGene00172338.,0,0,0
WBGene00172339.,0,0,0
WBGene00172340.,0,14,14
WBGene00172341.,0,0,0
WBGene00172342.,0,2,2
WBGene00172343.,0,0,0
WBGene00172344.,0,0,0
WBGene00172345.,0,0,0
WBGene00172346.,0,1,1
WBGene00172347.,0,0,0
WBGene00172348.,0,0,0
WBGene00172349.,0,1,1
WBGene00172350.,0,3,3
WBGene00172351.,0,0,0
WBGene00172352.,0,0,0
WBGene00172353.,0,1,1
WBGene00172354.,0,0,0
WBGene00172355.,0,0,0
WBGene00172356.,0,6,6
WBGene00172357.,0,0,0
WBGene00172358.,0,0,0
WBGene00172359.,0,0,0
WBGene00172360.,0,4,4
WBGene00172361.,0,2,2
WBGene00172362.,0,0,0
WBGene00172363.,0,0,0
WBGene00172364.,0,0,0
WBGene00172365.,0,0,0
WBGene00172366.,0,0,0
WBGene00172367.,0,0,0
WBGene00172368.,0,0,0
WBGene00172369.,0,1,1
WBGene00172370.,0,0,0
WBGene00172371.,0,0,0
WBGene00172372.,0,2,2
WBGene00172373.,0,0,0
WBGene00172374.,0,3,3
WBGene00172375.,0,0,0
WBGene00172376.,0,0,0
WBGene00172377.,0,0,0
WBGene00172378.,0,0,0
WBGene00172379.,0,3,3
WBGene00172380.,0,0,0
WBGene00172381.,0,0,0
WBGene00172382.,0,0,0
WBGene00172383.,0,0,0
WBGene00172384.,0,0,0
WBGene00172385.,0,0,0
WBGene00172386.,0,0,0
WBGene00172387.,0,0,0
WBGene00172388.,0,0,0
WBGene00172389.,0,0,0
WBGene00172390.,0,2,2
WBGene00172391.,0,2,2
WBGene00172392.,0,0,0
WBGene00172393.,0,1,1
WBGene00172394.,0,0,0
WBGene00172395.,0,0,0
WBGene00172396.,0,1,1
WBGene00172397.,0,0,0
WBGene00172398.,0,0,0
WBGene00172399.,0,0,0
WBGene00172400.,0,0,0
WBGene00172401.,0,0,0
WBGene00172402.,0,0,0
WBGene00172403.,0,0,0
WBGene00172404.,0,0,0
WBGene00172405.,0,11,11
WBGene00172406.,0,0,0
WBGene00172407.,0,4,4
WBGene00172408.,0,0,0
WBGene00172409.,0,1,1
WBGene00172410.,0,0,0
WBGene00172411.,0,6,6
WBGene00172412.,0,4,4
WBGene00172413.,0,6,6
WBGene00172414.,0,0,0
WBGene00172415.,0,0,0
WBGene00172416.,0,0,0
WBGene00172417.,0,0,0
WBGene00172418.,0,0,0
WBGene00172419.,0,3,3
WBGene00172420.,0,5,5
WBGene00172421.,0,3,3
WBGene00172422.,0,0,0
WBGene00172423.,0,1,1
WBGene00172424.,0,0,0
WBGene00172425.,0,0,0
WBGene00172426.,0,3,3
WBGene00172427.,0,0,0
WBGene00172428.,0,0,0
WBGene00172429.,0,1,1
WBGene00172430.,0,0,0
WBGene00172431.,0,0,0
WBGene00172432.,0,1,1
WBGene00172433.,0,2,2
WBGene00172434.,0,2,2
WBGene00172435.,0,0,0
WBGene00172436.,0,2,2
WBGene00172437.,0,13,13
WBGene00172438.,0,0,0
WBGene00172439.,0,0,0
WBGene00172440.,0,0,0
WBGene00172441.,0,1,1
WBGene00172442.,0,1,1
WBGene00172443.,0,0,0
WBGene00172444.,0,2,2
WBGene00172445.,0,5,5
WBGene00172446.,0,0,0
WBGene00172447.,0,4,4
WBGene00172448.,0,0,0
WBGene00172449.,0,1,1
WBGene00172450.,0,1,1
WBGene00172451.,0,0,0
WBGene00172452.,0,0,0
WBGene00172453.,0,0,0
WBGene00172454.,0,0,0
WBGene00172455.,0,5,5
WBGene00172456.,0,0,0
WBGene00172457.,0,12,12
WBGene00172458.,0,0,0
WBGene00172459.,0,0,0
WBGene00172460.,0,9,9
WBGene00172462.,0,0,0
WBGene00172463.,0,0,0
WBGene00172464.,0,0,0
WBGene00172465.,0,2,2
WBGene00172466.,0,0,0
WBGene00172467.,0,0,0
WBGene00172468.,0,0,0
WBGene00172469.,0,0,0
WBGene00172470.,0,0,0
WBGene00172471.,0,0,0
WBGene00172472.,0,1,1
WBGene00172473.,0,2,2
WBGene00172474.,0,6,6
WBGene00172475.,0,3,3
WBGene00172476.,0,0,0
WBGene00172477.,0,4,4
WBGene00172478.,0,8,8
WBGene00172479.,0,0,0
WBGene00172480.,0,0,0
WBGene00172481.,0,0,0
WBGene00172482.,0,0,0
WBGene00172483.,0,1,1
WBGene00172484.,0,0,0
WBGene00172485.,0,0,0
WBGene00172486.,0,0,0
WBGene00172487.,0,0,0
WBGene00172488.,0,0,0
WBGene00172489.,0,0,0
WBGene00172490.,0,0,0
WBGene00172491.,0,3,3
WBGene00172492.,0,0,0
WBGene00172493.,0,5,5
WBGene00172494.,0,0,0
WBGene00172495.,0,0,0
WBGene00172496.,0,0,0
WBGene00172497.,0,0,0
WBGene00172498.,0,0,0
WBGene00172499.,0,0,0
WBGene00172500.,0,0,0
WBGene00172501.,0,0,0
WBGene00172502.,0,2,2
WBGene00172503.,0,0,0
WBGene00172504.,0,0,0
WBGene00172505.,0,0,0
WBGene00172506.,0,3,3
WBGene00172507.,0,1,1
WBGene00172508.,0,1,1
WBGene00172509.,0,0,0
WBGene00172510.,0,0,0
WBGene00172511.,0,0,0
WBGene00172512.,0,0,0
WBGene00172513.,0,0,0
WBGene00172514.,0,0,0
WBGene00172515.,0,1,1
WBGene00172516.,0,3,3
WBGene00172517.,0,0,0
WBGene00172518.,0,0,0
WBGene00172519.,0,0,0
WBGene00172520.,0,0,0
WBGene00172521.,0,0,0
WBGene00172522.,0,2,2
WBGene00172523.,0,0,0
WBGene00172524.,0,0,0
WBGene00172525.,0,0,0
WBGene00172526.,0,7,7
WBGene00172527.,0,0,0
WBGene00172528.,0,0,0
WBGene00172529.,0,0,0
WBGene00172530.,0,4,4
WBGene00172531.,0,1,1
WBGene00172532.,0,4,4
WBGene00172533.,0,0,0
WBGene00172534.,0,6,6
WBGene00172535.,0,0,0
WBGene00172536.,0,0,0
WBGene00172537.,0,0,0
WBGene00172538.,0,1,1
WBGene00172539.,0,0,0
WBGene00172540.,0,0,0
WBGene00172541.,0,0,0
WBGene00172542.,0,1,1
WBGene00172543.,0,0,0
WBGene00172544.,0,0,0
WBGene00172545.,0,2,2
WBGene00172546.,0,1,1
WBGene00172547.,0,0,0
WBGene00172548.,0,0,0
WBGene00172549.,0,0,0
WBGene00172550.,0,0,0
WBGene00172551.,0,0,0
WBGene00172552.,0,0,0
WBGene00172553.,0,7,7
WBGene00172554.,0,0,0
WBGene00172555.,0,1,1
WBGene00172556.,0,2,2
WBGene00172557.,0,0,0
WBGene00172558.,0,0,0
WBGene00172559.,0,0,0
WBGene00172560.,0,0,0
WBGene00172561.,0,1,1
WBGene00172562.,0,0,0
WBGene00172563.,0,0,0
WBGene00172564.,0,0,0
WBGene00172565.,0,0,0
WBGene00172566.,0,0,0
WBGene00172567.,0,0,0
WBGene00172568.,0,0,0
WBGene00172569.,0,0,0
WBGene00172570.,0,0,0
WBGene00172571.,0,12,12
WBGene00172572.,0,0,0
WBGene00172573.,0,0,0
WBGene00172574.,0,0,0
WBGene00172575.,0,0,0
WBGene00172576.,0,0,0
WBGene00172577.,0,0,0
WBGene00172578.,0,0,0
WBGene00172579.,0,0,0
WBGene00172580.,0,0,0
WBGene00172581.,0,1,1
WBGene00172582.,0,0,0
WBGene00172583.,0,0,0
WBGene00172584.,0,7,7
WBGene00172585.,0,0,0
WBGene00172586.,0,0,0
WBGene00172587.,0,0,0
WBGene00172588.,0,0,0
WBGene00172589.,0,0,0
WBGene00172590.,0,1,1
WBGene00172591.,0,0,0
WBGene00172592.,0,0,0
WBGene00172593.,0,0,0
WBGene00172594.,0,4,4
WBGene00172595.,0,2,2
WBGene00172596.,0,0,0
WBGene00172597.,0,0,0
WBGene00172598.,0,2,2
WBGene00172599.,0,0,0
WBGene00172600.,0,0,0
WBGene00172601.,0,2,2
WBGene00172602.,0,0,0
WBGene00172603.,0,0,0
WBGene00172604.,0,0,0
WBGene00172605.,0,0,0
WBGene00172606.,0,0,0
WBGene00172607.,0,4,4
WBGene00172608.,0,0,0
WBGene00172609.,0,0,0
WBGene00172610.,0,3,3
WBGene00172611.,0,0,0
WBGene00172612.,0,0,0
WBGene00172613.,0,3,3
WBGene00172614.,0,0,0
WBGene00172615.,0,0,0
WBGene00172616.,0,1,1
WBGene00172617.,0,2,2
WBGene00172618.,0,0,0
WBGene00172619.,0,17,17
WBGene00172620.,0,1,1
WBGene00172621.,0,6,6
WBGene00172622.,0,0,0
WBGene00172623.,0,1,1
WBGene00172624.,0,0,0
WBGene00172625.,0,0,0
WBGene00172626.,0,0,0
WBGene00172627.,0,0,0
WBGene00172628.,0,0,0
WBGene00172629.,0,2,2
WBGene00172630.,0,2,2
WBGene00172631.,0,0,0
WBGene00172632.,0,5,5
WBGene00172633.,0,2,2
WBGene00172634.,0,0,0
WBGene00172635.,0,0,0
WBGene00172636.,0,0,0
WBGene00172637.,0,1,1
WBGene00172638.,0,0,0
WBGene00172639.,0,0,0
WBGene00172640.,0,0,0
WBGene00172641.,0,0,0
WBGene00172642.,0,0,0
WBGene00172643.,0,0,0
WBGene00172644.,0,0,0
WBGene00172645.,0,0,0
WBGene00172646.,0,1,1
WBGene00172647.,0,0,0
WBGene00172648.,0,0,0
WBGene00172649.,0,0,0
WBGene00172650.,0,0,0
WBGene00172651.,0,0,0
WBGene00172652.,0,0,0
WBGene00172653.,0,0,0
WBGene00172654.,0,0,0
WBGene00172655.,0,0,0
WBGene00172656.,0,0,0
WBGene00172657.,0,0,0
WBGene00172658.,0,1,1
WBGene00172659.,0,0,0
WBGene00172660.,0,1,1
WBGene00172661.,0,0,0
WBGene00172662.,0,0,0
WBGene00172663.,0,0,0
WBGene00172664.,0,0,0
WBGene00172665.,0,0,0
WBGene00172666.,0,8,8
WBGene00172667.,0,0,0
WBGene00172668.,0,0,0
WBGene00172669.,0,0,0
WBGene00172670.,0,0,0
WBGene00172671.,0,0,0
WBGene00172672.,0,2,2
WBGene00172673.,0,0,0
WBGene00172674.,0,0,0
WBGene00172675.,0,2,2
WBGene00172676.,0,0,0
WBGene00172677.,0,2,2
WBGene00172678.,0,0,0
WBGene00172679.,0,0,0
WBGene00172680.,0,0,0
WBGene00172681.,0,2,2
WBGene00172682.,0,0,0
WBGene00172683.,0,0,0
WBGene00172684.,0,1,1
WBGene00172685.,0,3,3
WBGene00172686.,0,0,0
WBGene00172687.,0,0,0
WBGene00172688.,0,1,1
WBGene00172689.,0,0,0
WBGene00172690.,0,3,3
WBGene00172691.,0,0,0
WBGene00172692.,0,4,4
WBGene00172693.,0,0,0
WBGene00172694.,0,2,2
WBGene00172695.,0,0,0
WBGene00172696.,0,0,0
WBGene00172697.,0,0,0
WBGene00172698.,0,1,1
WBGene00172699.,0,1,1
WBGene00172700.,0,0,0
WBGene00172701.,0,0,0
WBGene00172702.,0,0,0
WBGene00172703.,0,0,0
WBGene00172704.,0,0,0
WBGene00172705.,0,0,0
WBGene00172706.,0,0,0
WBGene00172707.,0,0,0
WBGene00172708.,0,0,0
WBGene00172709.,0,1,1
WBGene00172710.,0,0,0
WBGene00172711.,0,1,1
WBGene00172712.,0,0,0
WBGene00172713.,0,0,0
WBGene00172714.,0,6,6
WBGene00172715.,0,0,0
WBGene00172716.,0,0,0
WBGene00172717.,0,0,0
WBGene00172718.,0,0,0
WBGene00172719.,0,0,0
WBGene00172720.,0,0,0
WBGene00172721.,0,0,0
WBGene00172722.,0,0,0
WBGene00172723.,0,4,4
WBGene00172724.,0,0,0
WBGene00172725.,0,1,1
WBGene00172726.,0,0,0
WBGene00172727.,0,3,3
WBGene00172728.,0,0,0
WBGene00172729.,0,0,0
WBGene00172730.,0,0,0
WBGene00172731.,0,0,0
WBGene00172732.,0,0,0
WBGene00172733.,0,0,0
WBGene00172734.,0,0,0
WBGene00172735.,0,0,0
WBGene00172736.,0,2,2
WBGene00172737.,0,0,0
WBGene00172738.,0,0,0
WBGene00172739.,0,0,0
WBGene00172740.,0,0,0
WBGene00172741.,0,0,0
WBGene00172742.,0,2,2
WBGene00172743.,0,3,3
WBGene00172744.,0,4,4
WBGene00172745.,0,8,8
WBGene00172746.,0,0,0
WBGene00172747.,0,0,0
WBGene00172748.,0,6,6
WBGene00172749.,0,0,0
WBGene00172750.,0,0,0
WBGene00172751.,0,0,0
WBGene00172752.,0,1,1
WBGene00172753.,0,0,0
WBGene00172754.,0,0,0
WBGene00172755.,0,0,0
WBGene00172756.,0,3,3
WBGene00172757.,0,0,0
WBGene00172758.,0,5,5
WBGene00172759.,0,0,0
WBGene00172760.,0,3,3
WBGene00172761.,0,0,0
WBGene00172762.,0,3,3
WBGene00172763.,0,5,5
WBGene00172764.,0,5,5
WBGene00172765.,0,3,3
WBGene00172766.,0,0,0
WBGene00172767.,0,3,3
WBGene00172768.,0,0,0
WBGene00172769.,0,0,0
WBGene00172770.,0,2,2
WBGene00172771.,0,0,0
WBGene00172772.,0,1,1
WBGene00172773.,0,0,0
WBGene00172774.,0,0,0
WBGene00172775.,0,5,5
WBGene00172776.,0,0,0
WBGene00172777.,0,2,2
WBGene00172778.,0,1,1
WBGene00172779.,0,1,1
WBGene00172780.,0,6,6
WBGene00172781.,0,3,3
WBGene00172782.,0,0,0
WBGene00172783.,0,6,6
WBGene00172784.,0,7,7
WBGene00172785.,0,0,0
WBGene00172786.,0,1,1
WBGene00172787.,0,0,0
WBGene00172788.,0,1,1
WBGene00172789.,0,0,0
WBGene00172790.,0,0,0
WBGene00172791.,0,0,0
WBGene00172792.,0,0,0
WBGene00172793.,0,0,0
WBGene00172794.,0,0,0
WBGene00172795.,0,0,0
WBGene00172796.,0,0,0
WBGene00172797.,0,0,0
WBGene00172798.,0,0,0
WBGene00172799.,0,0,0
WBGene00172800.,0,0,0
WBGene00172801.,0,2,2
WBGene00172802.,0,6,6
WBGene00172803.,0,0,0
WBGene00172804.,0,0,0
WBGene00172805.,0,0,0
WBGene00172806.,0,0,0
WBGene00172807.,0,5,5
WBGene00172808.,0,0,0
WBGene00172809.,0,0,0
WBGene00172810.,0,0,0
WBGene00172811.,0,0,0
WBGene00172812.,0,8,8
WBGene00172813.,0,0,0
WBGene00172814.,0,0,0
WBGene00172815.,0,0,0
WBGene00172816.,0,5,5
WBGene00172817.,0,0,0
WBGene00172818.,0,2,2
WBGene00172819.,0,0,0
WBGene00172820.,0,2,2
WBGene00172821.,0,0,0
WBGene00172822.,0,0,0
WBGene00172823.,0,1,1
WBGene00172824.,0,0,0
WBGene00172825.,0,5,5
WBGene00172826.,0,1,1
WBGene00172827.,0,4,4
WBGene00172828.,0,0,0
WBGene00172829.,0,0,0
WBGene00172830.,0,0,0
WBGene00172831.,0,0,0
WBGene00172832.,0,1,1
WBGene00172833.,0,0,0
WBGene00172834.,0,0,0
WBGene00172835.,0,0,0
WBGene00172836.,0,0,0
WBGene00172837.,0,0,0
WBGene00172838.,0,0,0
WBGene00172839.,0,0,0
WBGene00172840.,0,2,2
WBGene00172841.,0,0,0
WBGene00172842.,0,0,0
WBGene00172843.,0,0,0
WBGene00172844.,0,1,1
WBGene00172845.,0,0,0
WBGene00172846.,0,2,2
WBGene00172847.,0,0,0
WBGene00172848.,0,0,0
WBGene00172849.,0,0,0
WBGene00172850.,0,0,0
WBGene00172851.,0,2,2
WBGene00172852.,0,1,1
WBGene00172853.,0,0,0
WBGene00172854.,0,1,1
WBGene00172855.,0,3,3
WBGene00172856.,0,10,10
WBGene00172857.,0,0,0
WBGene00172858.,0,4,4
WBGene00172859.,0,0,0
WBGene00172860.,0,0,0
WBGene00172861.,0,1,1
WBGene00172862.,0,16,16
WBGene00172863.,0,0,0
WBGene00172864.,0,2,2
WBGene00172865.,0,0,0
WBGene00172866.,0,17,17
WBGene00172867.,0,1,1
WBGene00172868.,0,0,0
WBGene00172869.,0,2,2
WBGene00172870.,0,0,0
WBGene00172871.,0,0,0
WBGene00172872.,0,0,0
WBGene00172873.,0,0,0
WBGene00172874.,0,0,0
WBGene00172875.,0,0,0
WBGene00172876.,0,0,0
WBGene00172877.,0,0,0
WBGene00172878.,0,2,2
WBGene00172879.,0,0,0
WBGene00172880.,0,0,0
WBGene00172881.,0,0,0
WBGene00172882.,0,0,0
WBGene00172883.,0,2,2
WBGene00172884.,0,2,2
WBGene00172885.,0,11,11
WBGene00172886.,0,2,2
WBGene00172887.,0,0,0
WBGene00172888.,0,0,0
WBGene00172889.,0,0,0
WBGene00172890.,0,0,0
WBGene00172891.,0,11,11
WBGene00172892.,0,0,0
WBGene00172893.,0,0,0
WBGene00172894.,0,0,0
WBGene00172895.,0,0,0
WBGene00172896.,0,10,10
WBGene00172897.,0,3,3
WBGene00172898.,0,0,0
WBGene00172899.,0,0,0
WBGene00172900.,0,0,0
WBGene00172901.,0,0,0
WBGene00172902.,0,0,0
WBGene00172903.,0,1,1
WBGene00172904.,0,8,8
WBGene00172905.,0,0,0
WBGene00172906.,0,2,2
WBGene00172907.,0,8,8
WBGene00172908.,0,0,0
WBGene00172909.,0,1,1
WBGene00172910.,0,0,0
WBGene00172911.,0,0,0
WBGene00172912.,0,3,3
WBGene00172913.,0,0,0
WBGene00172914.,0,0,0
WBGene00172915.,0,0,0
WBGene00172916.,0,0,0
WBGene00172917.,0,0,0
WBGene00172918.,0,7,7
WBGene00172919.,0,1,1
WBGene00172920.,0,1,1
WBGene00172921.,0,0,0
WBGene00172922.,0,3,3
WBGene00172923.,0,0,0
WBGene00172924.,0,0,0
WBGene00172925.,0,4,4
WBGene00172926.,0,0,0
WBGene00172927.,0,1,1
WBGene00172928.,0,0,0
WBGene00172929.,0,0,0
WBGene00172930.,0,0,0
WBGene00172931.,0,0,0
WBGene00172932.,0,0,0
WBGene00172933.,0,0,0
WBGene00172934.,0,0,0
WBGene00172935.,0,0,0
WBGene00172936.,0,6,6
WBGene00172937.,0,0,0
WBGene00172938.,0,0,0
WBGene00172939.,0,0,0
WBGene00172940.,0,0,0
WBGene00172941.,0,0,0
WBGene00172942.,0,0,0
WBGene00172943.,0,1,1
WBGene00172944.,0,0,0
WBGene00172945.,0,0,0
WBGene00172946.,0,0,0
WBGene00172947.,0,0,0
WBGene00172948.,0,0,0
WBGene00172949.,0,0,0
WBGene00172950.,0,0,0
WBGene00172951.,0,2,2
WBGene00172952.,0,0,0
WBGene00172953.,0,0,0
WBGene00172954.,0,0,0
WBGene00172955.,0,0,0
WBGene00172956.,0,0,0
WBGene00172957.,0,0,0
WBGene00172958.,0,2,2
WBGene00172959.,0,0,0
WBGene00172960.,0,0,0
WBGene00172961.,0,1,1
WBGene00172962.,0,0,0
WBGene00172963.,0,0,0
WBGene00172964.,0,0,0
WBGene00172965.,0,0,0
WBGene00172966.,0,0,0
WBGene00172967.,0,0,0
WBGene00172968.,0,0,0
WBGene00172969.,0,0,0
WBGene00172970.,0,5,5
WBGene00172971.,0,0,0
WBGene00172972.,0,0,0
WBGene00172973.,0,0,0
WBGene00172974.,0,3,3
WBGene00172975.,0,2,2
WBGene00172976.,0,0,0
WBGene00172977.,0,0,0
WBGene00172978.,0,0,0
WBGene00172979.,0,0,0
WBGene00172980.,0,0,0
WBGene00172981.,0,1,1
WBGene00172982.,0,0,0
WBGene00172983.,0,3,3
WBGene00172984.,0,0,0
WBGene00172985.,0,8,8
WBGene00172986.,0,1,1
WBGene00172987.,0,0,0
WBGene00172988.,0,0,0
WBGene00172989.,0,0,0
WBGene00172990.,0,0,0
WBGene00172991.,0,0,0
WBGene00172992.,0,0,0
WBGene00172993.,0,0,0
WBGene00172994.,0,1,1
WBGene00172995.,0,0,0
WBGene00172996.,0,1,1
WBGene00172997.,0,0,0
WBGene00172998.,0,0,0
WBGene00172999.,0,0,0
WBGene00173000.,0,2,2
WBGene00173001.,0,2,2
WBGene00173002.,0,0,0
WBGene00173003.,0,0,0
WBGene00173004.,0,0,0
WBGene00173005.,0,0,0
WBGene00173006.,0,1,1
WBGene00173007.,0,1,1
WBGene00173008.,0,0,0
WBGene00173009.,0,0,0
WBGene00173010.,0,0,0
WBGene00173011.,0,5,5
WBGene00173012.,0,0,0
WBGene00173013.,0,0,0
WBGene00173014.,0,0,0
WBGene00173015.,0,0,0
WBGene00173016.,0,0,0
WBGene00173017.,0,1,1
WBGene00173018.,0,1,1
WBGene00173019.,0,2,2
WBGene00173020.,0,0,0
WBGene00173021.,0,0,0
WBGene00173022.,0,0,0
WBGene00173023.,0,0,0
WBGene00173024.,0,0,0
WBGene00173025.,0,0,0
WBGene00173026.,0,0,0
WBGene00173027.,0,0,0
WBGene00173028.,0,1,1
WBGene00173029.,0,0,0
WBGene00173030.,0,0,0
WBGene00173031.,0,0,0
WBGene00173032.,0,1,1
WBGene00173033.,0,1,1
WBGene00173034.,0,0,0
WBGene00173035.,0,0,0
WBGene00173036.,0,0,0
WBGene00173037.,0,0,0
WBGene00173038.,0,0,0
WBGene00173039.,0,0,0
WBGene00173040.,0,1,1
WBGene00173041.,0,4,4
WBGene00173042.,0,0,0
WBGene00173043.,0,0,0
WBGene00173044.,0,0,0
WBGene00173045.,0,2,2
WBGene00173046.,0,0,0
WBGene00173047.,0,16,16
WBGene00173048.,0,0,0
WBGene00173049.,0,0,0
WBGene00173050.,0,0,0
WBGene00173051.,0,2,2
WBGene00173052.,0,0,0
WBGene00173053.,0,2,2
WBGene00173054.,0,1,1
WBGene00173055.,0,0,0
WBGene00173056.,0,0,0
WBGene00173057.,0,0,0
WBGene00173058.,0,0,0
WBGene00173059.,0,2,2
WBGene00173060.,0,2,2
WBGene00173061.,0,7,7
WBGene00173062.,0,1,1
WBGene00173063.,0,0,0
WBGene00173064.,0,0,0
WBGene00173065.,0,2,2
WBGene00173066.,0,0,0
WBGene00173067.,0,6,6
WBGene00173068.,0,0,0
WBGene00173069.,0,0,0
WBGene00173070.,0,0,0
WBGene00173071.,0,0,0
WBGene00173072.,0,0,0
WBGene00173073.,0,0,0
WBGene00173074.,0,0,0
WBGene00173075.,0,0,0
WBGene00173076.,0,0,0
WBGene00173077.,0,0,0
WBGene00173078.,0,0,0
WBGene00173079.,0,0,0
WBGene00173080.,0,0,0
WBGene00173081.,0,0,0
WBGene00173082.,0,0,0
WBGene00173083.,0,0,0
WBGene00173084.,0,0,0
WBGene00173085.,0,0,0
WBGene00173086.,0,3,3
WBGene00173087.,0,0,0
WBGene00173088.,0,1,1
WBGene00173089.,0,0,0
WBGene00173090.,0,4,4
WBGene00173091.,0,4,4
WBGene00173092.,0,0,0
WBGene00173093.,0,0,0
WBGene00173094.,0,0,0
WBGene00173095.,0,0,0
WBGene00173096.,0,7,7
WBGene00173097.,0,0,0
WBGene00173098.,0,1,1
WBGene00173099.,0,0,0
WBGene00173100.,0,0,0
WBGene00173101.,0,0,0
WBGene00173102.,0,1,1
WBGene00173103.,0,0,0
WBGene00173104.,0,1,1
WBGene00173105.,0,0,0
WBGene00173106.,0,1,1
WBGene00173107.,0,0,0
WBGene00173108.,0,2,2
WBGene00173109.,0,0,0
WBGene00173110.,0,0,0
WBGene00173111.,0,0,0
WBGene00173112.,0,0,0
WBGene00173113.,0,0,0
WBGene00173114.,0,0,0
WBGene00173115.,0,0,0
WBGene00173116.,0,2,2
WBGene00173117.,0,0,0
WBGene00173118.,0,0,0
WBGene00173119.,0,0,0
WBGene00173120.,0,0,0
WBGene00173121.,0,0,0
WBGene00173122.,0,0,0
WBGene00173123.,0,0,0
WBGene00173124.,0,0,0
WBGene00173125.,0,0,0
WBGene00173126.,0,0,0
WBGene00173127.,0,2,2
WBGene00173128.,0,0,0
WBGene00173129.,0,1,1
WBGene00173130.,0,1,1
WBGene00173131.,0,0,0
WBGene00173132.,0,0,0
WBGene00173133.,0,0,0
WBGene00173134.,0,0,0
WBGene00173135.,0,0,0
WBGene00173136.,0,0,0
WBGene00173137.,0,0,0
WBGene00173138.,0,0,0
WBGene00173139.,0,0,0
WBGene00173140.,0,0,0
WBGene00173141.,0,0,0
WBGene00173142.,0,0,0
WBGene00173143.,0,0,0
WBGene00173144.,0,0,0
WBGene00173145.,0,0,0
WBGene00173146.,0,0,0
WBGene00173147.,0,2,2
WBGene00173148.,0,0,0
WBGene00173149.,0,9,9
WBGene00173150.,0,2,2
WBGene00173151.,0,1,1
WBGene00173152.,0,0,0
WBGene00173153.,0,0,0
WBGene00173154.,0,0,0
WBGene00173155.,0,0,0
WBGene00173156.,0,4,4
WBGene00173157.,0,0,0
WBGene00173158.,0,1,1
WBGene00173159.,0,0,0
WBGene00173160.,0,0,0
WBGene00173161.,0,0,0
WBGene00173162.,0,0,0
WBGene00173163.,0,0,0
WBGene00173164.,0,0,0
WBGene00173165.,0,0,0
WBGene00173166.,0,0,0
WBGene00173167.,0,0,0
WBGene00173168.,0,0,0
WBGene00173169.,0,0,0
WBGene00173170.,0,0,0
WBGene00173171.,0,0,0
WBGene00173172.,0,0,0
WBGene00173173.,0,0,0
WBGene00173174.,0,0,0
WBGene00173175.,0,0,0
WBGene00173176.,0,0,0
WBGene00173177.,0,0,0
WBGene00173178.,0,0,0
WBGene00173179.,0,2,2
WBGene00173180.,0,0,0
WBGene00173181.,0,0,0
WBGene00173182.,0,9,9
WBGene00173183.,0,0,0
WBGene00173184.,0,2,2
WBGene00173185.,0,0,0
WBGene00173186.,0,0,0
WBGene00173187.,0,1,1
WBGene00173188.,0,5,5
WBGene00173189.,0,1,1
WBGene00173190.,0,1,1
WBGene00173191.,0,0,0
WBGene00173192.,0,0,0
WBGene00173193.,0,0,0
WBGene00173194.,0,0,0
WBGene00173195.,0,0,0
WBGene00173196.,0,0,0
WBGene00173197.,0,0,0
WBGene00173198.,0,0,0
WBGene00173199.,0,0,0
WBGene00173200.,0,0,0
WBGene00173201.,0,0,0
WBGene00173202.,0,4,4
WBGene00173203.,0,0,0
WBGene00173204.,0,3,3
WBGene00173205.,0,5,5
WBGene00173206.,0,2,2
WBGene00173207.,0,0,0
WBGene00173208.,0,0,0
WBGene00173209.,0,6,6
WBGene00173210.,0,1,1
WBGene00173211.,0,1,1
WBGene00173212.,0,0,0
WBGene00173213.,0,0,0
WBGene00173214.,0,0,0
WBGene00173215.,0,1,1
WBGene00173216.,0,1,1
WBGene00173217.,0,0,0
WBGene00173218.,0,0,0
WBGene00173219.,0,0,0
WBGene00173220.,0,0,0
WBGene00173221.,0,0,0
WBGene00173222.,0,1,1
WBGene00173223.,0,5,5
WBGene00173224.,0,0,0
WBGene00173225.,0,0,0
WBGene00173226.,0,0,0
WBGene00173227.,0,0,0
WBGene00173228.,0,0,0
WBGene00173229.,0,0,0
WBGene00173230.,0,1,1
WBGene00173231.,0,0,0
WBGene00173232.,0,4,4
WBGene00173233.,0,3,3
WBGene00173234.,0,0,0
WBGene00173235.,0,0,0
WBGene00173236.,0,3,3
WBGene00173237.,0,0,0
WBGene00173238.,0,12,12
WBGene00173239.,0,0,0
WBGene00173240.,0,0,0
WBGene00173241.,0,0,0
WBGene00173242.,0,0,0
WBGene00173243.,0,5,5
WBGene00173244.,0,0,0
WBGene00173245.,0,0,0
WBGene00173246.,0,0,0
WBGene00173247.,0,0,0
WBGene00173248.,0,2,2
WBGene00173249.,0,0,0
WBGene00173250.,0,0,0
WBGene00173251.,0,0,0
WBGene00173252.,0,3,3
WBGene00173253.,0,0,0
WBGene00173254.,0,0,0
WBGene00173255.,0,0,0
WBGene00173256.,0,1,1
WBGene00173257.,0,0,0
WBGene00173258.,0,0,0
WBGene00173259.,0,0,0
WBGene00173260.,0,0,0
WBGene00173261.,0,0,0
WBGene00173262.,0,1,1
WBGene00173263.,0,0,0
WBGene00173264.,0,1,1
WBGene00173265.,0,20,20
WBGene00173266.,0,0,0
WBGene00173267.,0,0,0
WBGene00173268.,0,0,0
WBGene00173269.,0,2,2
WBGene00173270.,0,6,6
WBGene00173271.,0,1,1
WBGene00173272.,0,0,0
WBGene00173273.,0,0,0
WBGene00173274.,0,4,4
WBGene00173275.,0,0,0
WBGene00173276.,0,0,0
WBGene00173277.,0,0,0
WBGene00173278.,0,0,0
WBGene00173279.,0,8,8
WBGene00173280.,0,0,0
WBGene00173281.,0,0,0
WBGene00173282.,0,0,0
WBGene00173283.,0,0,0
WBGene00173284.,0,17,17
WBGene00173285.,0,4,4
WBGene00173286.,0,2,2
WBGene00173287.,0,9,9
WBGene00173288.,0,0,0
WBGene00173289.,0,3,3
WBGene00173290.,0,0,0
WBGene00173291.,0,3,3
WBGene00173292.,0,0,0
WBGene00173293.,0,0,0
WBGene00173294.,0,0,0
WBGene00173295.,0,0,0
WBGene00173296.,0,1,1
WBGene00173297.,0,0,0
WBGene00173298.,0,4,4
WBGene00173299.,0,6,6
WBGene00173300.,0,0,0
WBGene00173301.,0,2,2
WBGene00173302.,0,0,0
WBGene00173303.,0,3,3
WBGene00173304.,0,0,0
WBGene00173305.,0,0,0
WBGene00173306.,0,0,0
WBGene00173307.,0,0,0
WBGene00173308.,0,0,0
WBGene00173309.,0,0,0
WBGene00173310.,0,0,0
WBGene00173311.,0,0,0
WBGene00173312.,0,7,7
WBGene00173313.,0,0,0
WBGene00173314.,0,0,0
WBGene00173315.,0,0,0
WBGene00173316.,0,0,0
WBGene00173317.,0,0,0
WBGene00173318.,0,0,0
WBGene00173319.,0,7,7
WBGene00173320.,0,0,0
WBGene00173321.,0,0,0
WBGene00173322.,0,0,0
WBGene00173323.,0,6,6
WBGene00173324.,0,3,3
WBGene00173325.,0,0,0
WBGene00173326.,0,1,1
WBGene00173327.,0,0,0
WBGene00173328.,0,2,2
WBGene00173329.,0,0,0
WBGene00173330.,0,2,2
WBGene00173331.,0,0,0
WBGene00173332.,0,0,0
WBGene00173333.,0,0,0
WBGene00173334.,0,1,1
WBGene00173335.,0,0,0
WBGene00173336.,0,0,0
WBGene00173337.,0,3,3
WBGene00173338.,0,2,2
WBGene00173339.,0,0,0
WBGene00173340.,0,0,0
WBGene00173341.,0,0,0
WBGene00173342.,0,7,7
WBGene00173343.,0,0,0
WBGene00173344.,0,0,0
WBGene00173345.,0,0,0
WBGene00173346.,0,0,0
WBGene00173347.,0,0,0
WBGene00173348.,0,0,0
WBGene00173349.,0,0,0
WBGene00173350.,0,3,3
WBGene00173351.,0,0,0
WBGene00173352.,0,0,0
WBGene00173353.,0,0,0
WBGene00173354.,0,1,1
WBGene00173355.,0,11,11
WBGene00173356.,0,0,0
WBGene00173357.,0,0,0
WBGene00173358.,0,0,0
WBGene00173359.,0,0,0
WBGene00173360.,0,8,8
WBGene00173361.,0,0,0
WBGene00173362.,0,0,0
WBGene00173363.,0,0,0
WBGene00173364.,0,2,2
WBGene00173365.,0,0,0
WBGene00173366.,0,3,3
WBGene00173367.,0,0,0
WBGene00173368.,0,0,0
WBGene00173369.,0,0,0
WBGene00173370.,0,0,0
WBGene00173371.,0,0,0
WBGene00173372.,0,1,1
WBGene00173373.,0,2,2
WBGene00173374.,0,0,0
WBGene00173375.,0,0,0
WBGene00173376.,0,2,2
WBGene00173377.,0,1,1
WBGene00173378.,0,0,0
WBGene00173379.,0,0,0
WBGene00173380.,0,1,1
WBGene00173381.,0,0,0
WBGene00173382.,0,0,0
WBGene00173383.,0,0,0
WBGene00173384.,0,8,8
WBGene00173385.,0,0,0
WBGene00173386.,0,0,0
WBGene00173387.,0,0,0
WBGene00173388.,0,0,0
WBGene00173389.,0,3,3
WBGene00173390.,0,0,0
WBGene00173391.,0,0,0
WBGene00173392.,0,3,3
WBGene00173393.,0,0,0
WBGene00173394.,0,0,0
WBGene00173395.,0,3,3
WBGene00173396.,0,2,2
WBGene00173397.,0,0,0
WBGene00173398.,0,2,2
WBGene00173399.,0,0,0
WBGene00173400.,0,0,0
WBGene00173401.,0,0,0
WBGene00173402.,0,0,0
WBGene00173403.,0,0,0
WBGene00173404.,0,2,2
WBGene00173405.,0,0,0
WBGene00173406.,0,0,0
WBGene00173407.,0,0,0
WBGene00173408.,0,0,0
WBGene00173409.,0,0,0
WBGene00173410.,0,0,0
WBGene00173411.,0,2,2
WBGene00173412.,0,0,0
WBGene00173413.,0,1,1
WBGene00173414.,0,0,0
WBGene00173415.,0,0,0
WBGene00173416.,0,7,7
WBGene00173417.,0,0,0
WBGene00173418.,0,0,0
WBGene00173419.,0,0,0
WBGene00173420.,0,3,3
WBGene00173421.,0,0,0
WBGene00173422.,0,0,0
WBGene00173423.,0,0,0
WBGene00173424.,0,0,0
WBGene00173425.,0,0,0
WBGene00173426.,0,0,0
WBGene00173427.,0,0,0
WBGene00173428.,0,0,0
WBGene00173429.,0,3,3
WBGene00173430.,0,0,0
WBGene00173431.,0,1,1
WBGene00173432.,0,0,0
WBGene00173433.,0,0,0
WBGene00173434.,0,3,3
WBGene00173435.,0,0,0
WBGene00173436.,0,1,1
WBGene00173437.,0,4,4
WBGene00173438.,0,0,0
WBGene00173439.,0,0,0
WBGene00173440.,0,1,1
WBGene00173441.,0,0,0
WBGene00173442.,0,1,1
WBGene00173443.,0,0,0
WBGene00173444.,0,8,8
WBGene00173445.,0,0,0
WBGene00173446.,0,5,5
WBGene00173447.,0,0,0
WBGene00173448.,0,0,0
WBGene00173449.,0,4,4
WBGene00173450.,0,3,3
WBGene00173451.,0,0,0
WBGene00173452.,0,0,0
WBGene00173453.,0,0,0
WBGene00173454.,0,1,1
WBGene00173455.,0,0,0
WBGene00173456.,0,1,1
WBGene00173457.,0,0,0
WBGene00173458.,0,0,0
WBGene00173459.,0,1,1
WBGene00173460.,0,1,1
WBGene00173461.,0,0,0
WBGene00173462.,0,0,0
WBGene00173463.,0,6,6
WBGene00173464.,0,0,0
WBGene00173465.,0,1,1
WBGene00173466.,0,0,0
WBGene00173467.,0,0,0
WBGene00173468.,0,1,1
WBGene00173469.,0,1,1
WBGene00173470.,0,0,0
WBGene00173471.,0,0,0
WBGene00173472.,0,1,1
WBGene00173473.,0,0,0
WBGene00173474.,0,0,0
WBGene00173475.,0,0,0
WBGene00173476.,0,0,0
WBGene00173477.,0,0,0
WBGene00173478.,0,0,0
WBGene00173480.,0,0,0
WBGene00173481.,0,0,0
WBGene00173482.,0,0,0
WBGene00173483.,0,0,0
WBGene00173484.,0,0,0
WBGene00173485.,0,0,0
WBGene00173486.,0,0,0
WBGene00173487.,0,0,0
WBGene00173488.,0,1,1
WBGene00173489.,0,0,0
WBGene00173490.,0,2,2
WBGene00173491.,0,2,2
WBGene00173492.,0,0,0
WBGene00173493.,0,0,0
WBGene00173494.,0,0,0
WBGene00173495.,0,0,0
WBGene00173496.,0,2,2
WBGene00173497.,0,0,0
WBGene00173498.,0,5,5
WBGene00173499.,0,0,0
WBGene00173500.,0,0,0
WBGene00173501.,0,7,7
WBGene00173502.,0,0,0
WBGene00173503.,0,0,0
WBGene00173504.,0,0,0
WBGene00173505.,0,0,0
WBGene00173506.,0,0,0
WBGene00173507.,0,0,0
WBGene00173508.,0,0,0
WBGene00173509.,0,1,1
WBGene00173510.,0,5,5
WBGene00173511.,0,0,0
WBGene00173512.,0,1,1
WBGene00173513.,0,0,0
WBGene00173514.,0,0,0
WBGene00173515.,0,0,0
WBGene00173516.,0,9,9
WBGene00173517.,0,0,0
WBGene00173518.,0,1,1
WBGene00173519.,0,0,0
WBGene00173520.,0,0,0
WBGene00173521.,0,0,0
WBGene00173522.,0,0,0
WBGene00173523.,0,0,0
WBGene00173524.,0,3,3
WBGene00173525.,0,7,7
WBGene00173526.,0,9,9
WBGene00173527.,0,0,0
WBGene00173528.,0,0,0
WBGene00173529.,0,0,0
WBGene00173530.,0,0,0
WBGene00173531.,0,0,0
WBGene00173532.,0,0,0
WBGene00173533.,0,0,0
WBGene00173534.,0,0,0
WBGene00173535.,0,0,0
WBGene00173536.,0,0,0
WBGene00173537.,0,0,0
WBGene00173538.,0,3,3
WBGene00173539.,0,0,0
WBGene00173540.,0,0,0
WBGene00173541.,0,0,0
WBGene00173542.,0,0,0
WBGene00173543.,0,0,0
WBGene00173544.,0,0,0
WBGene00173545.,0,1,1
WBGene00173546.,0,0,0
WBGene00173547.,0,0,0
WBGene00173548.,0,0,0
WBGene00173550.,0,0,0
WBGene00173551.,0,0,0
WBGene00173552.,0,0,0
WBGene00173553.,0,2,2
WBGene00173554.,0,3,3
WBGene00173555.,0,0,0
WBGene00173556.,0,1,1
WBGene00173557.,0,0,0
WBGene00173558.,0,0,0
WBGene00173559.,0,1,1
WBGene00173560.,0,0,0
WBGene00173561.,0,0,0
WBGene00173562.,0,1,1
WBGene00173563.,0,0,0
WBGene00173564.,0,0,0
WBGene00173565.,0,0,0
WBGene00173566.,0,5,5
WBGene00173567.,0,0,0
WBGene00173568.,0,0,0
WBGene00173569.,0,0,0
WBGene00173570.,0,0,0
WBGene00173571.,0,0,0
WBGene00173572.,0,0,0
WBGene00173573.,0,0,0
WBGene00173574.,0,0,0
WBGene00173575.,0,0,0
WBGene00173576.,0,2,2
WBGene00173577.,0,4,4
WBGene00173578.,0,0,0
WBGene00173579.,0,0,0
WBGene00173580.,0,0,0
WBGene00173581.,0,0,0
WBGene00173582.,0,5,5
WBGene00173583.,0,0,0
WBGene00173584.,0,4,4
WBGene00173585.,0,0,0
WBGene00173586.,0,0,0
WBGene00173587.,0,0,0
WBGene00173588.,0,0,0
WBGene00173589.,0,2,2
WBGene00173590.,0,0,0
WBGene00173591.,0,0,0
WBGene00173592.,0,4,4
WBGene00173593.,0,2,2
WBGene00173594.,0,0,0
WBGene00173595.,0,1,1
WBGene00173596.,0,1,1
WBGene00173597.,0,7,7
WBGene00173598.,0,0,0
WBGene00173599.,0,0,0
WBGene00173600.,0,3,3
WBGene00173601.,0,0,0
WBGene00173602.,0,0,0
WBGene00173603.,0,7,7
WBGene00173604.,0,3,3
WBGene00173605.,0,3,3
WBGene00173606.,0,1,1
WBGene00173607.,0,14,14
WBGene00173608.,0,0,0
WBGene00173609.,0,4,4
WBGene00173610.,0,0,0
WBGene00173611.,0,0,0
WBGene00173612.,0,0,0
WBGene00173613.,0,0,0
WBGene00173614.,0,0,0
WBGene00173615.,0,37,37
WBGene00173616.,0,0,0
WBGene00173617.,0,7,7
WBGene00173618.,0,0,0
WBGene00173619.,0,0,0
WBGene00173620.,0,1,1
WBGene00173621.,0,5,5
WBGene00173622.,0,0,0
WBGene00173623.,0,0,0
WBGene00173624.,0,0,0
WBGene00173625.,0,5,5
WBGene00173626.,0,0,0
WBGene00173627.,0,0,0
WBGene00173628.,0,0,0
WBGene00173629.,0,3,3
WBGene00173630.,0,3,3
WBGene00173631.,0,0,0
WBGene00173632.,0,2,2
WBGene00173633.,0,2,2
WBGene00173634.,0,0,0
WBGene00173635.,0,0,0
WBGene00173636.,0,0,0
WBGene00173637.,0,0,0
WBGene00173638.,0,0,0
WBGene00173639.,0,0,0
WBGene00173640.,0,3,3
WBGene00173641.,0,0,0
WBGene00173642.,0,0,0
WBGene00173643.,0,0,0
WBGene00173644.,0,0,0
WBGene00173645.,0,2,2
WBGene00173646.,0,0,0
WBGene00173647.,0,0,0
WBGene00173648.,0,0,0
WBGene00173649.,0,0,0
WBGene00173650.,0,0,0
WBGene00173651.,0,0,0
WBGene00173652.,0,0,0
WBGene00173653.,0,4,4
WBGene00173654.,0,0,0
WBGene00173655.,0,0,0
WBGene00173656.,0,0,0
WBGene00173657.,0,0,0
WBGene00173658.,0,3,3
WBGene00173659.,0,0,0
WBGene00173660.,0,0,0
WBGene00173661.,0,0,0
WBGene00173662.,0,0,0
WBGene00173663.,0,0,0
WBGene00173664.,0,0,0
WBGene00173665.,0,2,2
WBGene00173666.,0,1,1
WBGene00173667.,0,0,0
WBGene00173668.,0,154,154
WBGene00173669.,0,0,0
WBGene00173670.,0,1,1
WBGene00173671.,0,0,0
WBGene00173672.,0,1,1
WBGene00173673.,0,1,1
WBGene00173674.,0,0,0
WBGene00173675.,0,15,15
WBGene00173676.,0,1,1
WBGene00173677.,0,0,0
WBGene00173678.,0,0,0
WBGene00173679.,0,4,4
WBGene00173680.,0,1,1
WBGene00173681.,0,0,0
WBGene00173682.,0,0,0
WBGene00173683.,0,0,0
WBGene00173684.,0,0,0
WBGene00173685.,0,0,0
WBGene00173686.,0,0,0
WBGene00173687.,0,2,2
WBGene00173688.,0,0,0
WBGene00173689.,0,0,0
WBGene00173690.,0,1,1
WBGene00173691.,0,0,0
WBGene00173692.,0,0,0
WBGene00173693.,0,4,4
WBGene00173694.,0,2,2
WBGene00173695.,0,5,5
WBGene00173696.,0,1,1
WBGene00173697.,0,0,0
WBGene00173698.,0,0,0
WBGene00173699.,0,0,0
WBGene00173700.,0,4,4
WBGene00173701.,0,1,1
WBGene00173702.,0,0,0
WBGene00173703.,0,0,0
WBGene00173704.,0,0,0
WBGene00173705.,0,2,2
WBGene00173706.,0,0,0
WBGene00173707.,0,0,0
WBGene00173708.,0,0,0
WBGene00173709.,0,0,0
WBGene00173710.,0,0,0
WBGene00173711.,0,0,0
WBGene00173712.,0,0,0
WBGene00173713.,0,4,4
WBGene00173714.,0,0,0
WBGene00173715.,0,2,2
WBGene00173716.,0,3,3
WBGene00173717.,0,0,0
WBGene00173718.,0,4,4
WBGene00173719.,0,0,0
WBGene00173720.,0,0,0
WBGene00173721.,0,0,0
WBGene00173722.,0,0,0
WBGene00173723.,0,4,4
WBGene00173724.,0,0,0
WBGene00173725.,0,0,0
WBGene00173726.,0,1,1
WBGene00173727.,0,3,3
WBGene00173728.,0,8,8
WBGene00173729.,0,7,7
WBGene00173730.,0,1,1
WBGene00173731.,0,0,0
WBGene00173732.,0,0,0
WBGene00173733.,0,0,0
WBGene00173734.,0,2,2
WBGene00173735.,0,0,0
WBGene00173736.,0,1,1
WBGene00173737.,0,0,0
WBGene00173738.,0,0,0
WBGene00173739.,0,0,0
WBGene00173740.,0,0,0
WBGene00173741.,0,0,0
WBGene00173742.,0,0,0
WBGene00173743.,0,0,0
WBGene00173744.,0,0,0
WBGene00173745.,0,2,2
WBGene00173746.,0,0,0
WBGene00173747.,0,0,0
WBGene00173748.,0,10,10
WBGene00173749.,0,0,0
WBGene00173750.,0,1,1
WBGene00173751.,0,0,0
WBGene00173752.,0,0,0
WBGene00173753.,0,7,7
WBGene00173754.,0,0,0
WBGene00173755.,0,2,2
WBGene00173756.,0,0,0
WBGene00173757.,0,0,0
WBGene00173758.,0,11,11
WBGene00173759.,0,0,0
WBGene00173760.,0,0,0
WBGene00173761.,0,0,0
WBGene00173762.,0,3,3
WBGene00173763.,0,0,0
WBGene00173764.,0,0,0
WBGene00173765.,0,6,6
WBGene00173766.,0,0,0
WBGene00173767.,0,1,1
WBGene00173768.,0,2,2
WBGene00173769.,0,0,0
WBGene00173770.,0,0,0
WBGene00173771.,0,0,0
WBGene00173772.,0,0,0
WBGene00173773.,0,0,0
WBGene00173774.,0,0,0
WBGene00173775.,0,0,0
WBGene00173776.,0,0,0
WBGene00173777.,0,0,0
WBGene00173778.,0,5,5
WBGene00173779.,0,0,0
WBGene00173780.,0,0,0
WBGene00173781.,0,1,1
WBGene00173782.,0,0,0
WBGene00173783.,0,0,0
WBGene00173784.,0,0,0
WBGene00173785.,0,0,0
WBGene00173786.,0,2,2
WBGene00173787.,0,0,0
WBGene00173788.,0,2,2
WBGene00173789.,0,0,0
WBGene00173790.,0,0,0
WBGene00173791.,0,3,3
WBGene00173792.,0,0,0
WBGene00173793.,0,0,0
WBGene00173794.,0,18,18
WBGene00173795.,0,1,1
WBGene00173796.,0,0,0
WBGene00173797.,0,0,0
WBGene00173798.,0,0,0
WBGene00173799.,0,0,0
WBGene00173800.,0,0,0
WBGene00173801.,0,0,0
WBGene00173802.,0,0,0
WBGene00173803.,0,1,1
WBGene00173804.,0,2,2
WBGene00173805.,0,0,0
WBGene00173806.,0,5,5
WBGene00173807.,0,0,0
WBGene00173808.,0,0,0
WBGene00173809.,0,5,5
WBGene00173810.,0,0,0
WBGene00173811.,0,0,0
WBGene00173812.,0,0,0
WBGene00173813.,0,0,0
WBGene00173814.,0,3,3
WBGene00173815.,0,3,3
WBGene00173816.,0,0,0
WBGene00173817.,0,0,0
WBGene00173818.,0,0,0
WBGene00173819.,0,0,0
WBGene00173820.,0,0,0
WBGene00173821.,0,0,0
WBGene00173822.,0,0,0
WBGene00173823.,0,4,4
WBGene00173824.,0,0,0
WBGene00173825.,0,0,0
WBGene00173826.,0,0,0
WBGene00173827.,0,2,2
WBGene00173828.,0,0,0
WBGene00173829.,0,0,0
WBGene00173830.,0,3,3
WBGene00173831.,0,1,1
WBGene00173832.,0,5,5
WBGene00173833.,0,2,2
WBGene00173834.,0,0,0
WBGene00173835.,0,0,0
WBGene00173836.,0,0,0
WBGene00173837.,0,0,0
WBGene00173838.,0,0,0
WBGene00173839.,0,0,0
WBGene00173840.,0,3,3
WBGene00173841.,0,0,0
WBGene00173842.,0,0,0
WBGene00173843.,0,2,2
WBGene00173844.,0,0,0
WBGene00173845.,0,0,0
WBGene00173846.,0,1,1
WBGene00173847.,0,0,0
WBGene00173848.,0,0,0
WBGene00173849.,0,0,0
WBGene00173850.,0,0,0
WBGene00173851.,0,0,0
WBGene00173852.,0,13,13
WBGene00173853.,0,0,0
WBGene00173854.,0,0,0
WBGene00173855.,0,0,0
WBGene00173856.,0,2,2
WBGene00173857.,0,1,1
WBGene00173858.,0,0,0
WBGene00173859.,0,0,0
WBGene00173860.,0,3,3
WBGene00173861.,0,0,0
WBGene00173862.,0,2,2
WBGene00173863.,0,0,0
WBGene00173864.,0,4,4
WBGene00173865.,0,1,1
WBGene00173866.,0,0,0
WBGene00173867.,0,0,0
WBGene00173868.,0,0,0
WBGene00173869.,0,0,0
WBGene00173870.,0,1,1
WBGene00173871.,0,0,0
WBGene00173872.,0,0,0
WBGene00173873.,0,0,0
WBGene00173874.,0,0,0
WBGene00173875.,0,0,0
WBGene00173876.,0,0,0
WBGene00173877.,0,0,0
WBGene00173878.,0,0,0
WBGene00173879.,0,0,0
WBGene00173880.,0,0,0
WBGene00173881.,0,0,0
WBGene00173882.,0,0,0
WBGene00173883.,0,3,3
WBGene00173884.,0,0,0
WBGene00173885.,0,11,11
WBGene00173886.,0,1,1
WBGene00173887.,0,7,7
WBGene00173888.,0,0,0
WBGene00173889.,0,0,0
WBGene00173890.,0,0,0
WBGene00173891.,0,0,0
WBGene00173892.,0,0,0
WBGene00173893.,0,0,0
WBGene00173894.,0,0,0
WBGene00173895.,0,0,0
WBGene00173896.,0,2,2
WBGene00173897.,0,0,0
WBGene00173898.,0,0,0
WBGene00173899.,0,0,0
WBGene00173900.,0,0,0
WBGene00173901.,0,3,3
WBGene00173902.,0,0,0
WBGene00173903.,0,0,0
WBGene00173904.,0,6,6
WBGene00173905.,0,5,5
WBGene00173906.,0,0,0
WBGene00173907.,0,0,0
WBGene00173908.,0,2,2
WBGene00173909.,0,0,0
WBGene00173910.,0,0,0
WBGene00173911.,0,0,0
WBGene00173912.,0,0,0
WBGene00173913.,0,3,3
WBGene00173914.,0,0,0
WBGene00173915.,0,2,2
WBGene00173916.,0,3,3
WBGene00173917.,0,0,0
WBGene00173918.,0,0,0
WBGene00173919.,0,0,0
WBGene00173920.,0,0,0
WBGene00173921.,0,0,0
WBGene00173922.,0,0,0
WBGene00173923.,0,0,0
WBGene00173924.,0,0,0
WBGene00173925.,0,0,0
WBGene00173926.,0,0,0
WBGene00173927.,0,0,0
WBGene00173928.,0,0,0
WBGene00173929.,0,0,0
WBGene00173930.,0,0,0
WBGene00173931.,0,0,0
WBGene00173932.,0,0,0
WBGene00173933.,0,0,0
WBGene00173934.,0,0,0
WBGene00173935.,0,0,0
WBGene00173936.,0,0,0
WBGene00173937.,0,0,0
WBGene00173938.,0,0,0
WBGene00173939.,0,0,0
WBGene00173940.,0,0,0
WBGene00173941.,0,0,0
WBGene00173942.,0,0,0
WBGene00173943.,0,0,0
WBGene00173944.,0,0,0
WBGene00173945.,0,0,0
WBGene00173946.,0,0,0
WBGene00173947.,0,0,0
WBGene00173948.,0,0,0
WBGene00173949.,0,0,0
WBGene00173950.,0,10,10
WBGene00173951.,0,0,0
WBGene00173952.,0,4,4
WBGene00173953.,0,6,6
WBGene00173954.,0,0,0
WBGene00173955.,0,1,1
WBGene00173956.,0,0,0
WBGene00173957.,0,0,0
WBGene00173958.,0,0,0
WBGene00173959.,0,2,2
WBGene00173960.,0,5,5
WBGene00173961.,0,0,0
WBGene00173962.,0,0,0
WBGene00173963.,0,0,0
WBGene00173964.,0,0,0
WBGene00173965.,0,1,1
WBGene00173966.,0,0,0
WBGene00173967.,0,11,11
WBGene00173968.,0,0,0
WBGene00173969.,0,0,0
WBGene00173970.,0,0,0
WBGene00173971.,0,0,0
WBGene00173972.,0,0,0
WBGene00173973.,0,1,1
WBGene00173974.,0,0,0
WBGene00173975.,0,0,0
WBGene00173976.,0,0,0
WBGene00173977.,0,0,0
WBGene00173978.,0,0,0
WBGene00173979.,0,0,0
WBGene00173980.,0,2,2
WBGene00173981.,0,0,0
WBGene00173982.,0,0,0
WBGene00173983.,0,0,0
WBGene00173984.,0,0,0
WBGene00173985.,0,0,0
WBGene00173986.,0,0,0
WBGene00173987.,0,0,0
WBGene00173988.,0,0,0
WBGene00173989.,0,0,0
WBGene00173990.,0,0,0
WBGene00173991.,0,0,0
WBGene00173992.,0,0,0
WBGene00173993.,0,0,0
WBGene00173994.,0,0,0
WBGene00173995.,0,0,0
WBGene00173996.,0,0,0
WBGene00173997.,0,0,0
WBGene00173998.,0,0,0
WBGene00173999.,0,0,0
WBGene00174000.,0,0,0
WBGene00174001.,0,1,1
WBGene00174002.,0,0,0
WBGene00174003.,0,0,0
WBGene00174004.,0,2,2
WBGene00174005.,0,0,0
WBGene00174006.,0,0,0
WBGene00174007.,0,2,2
WBGene00174008.,0,0,0
WBGene00174009.,0,6,6
WBGene00174010.,0,0,0
WBGene00174011.,0,0,0
WBGene00174012.,0,0,0
WBGene00174013.,0,1,1
WBGene00174014.,0,4,4
WBGene00174015.,0,0,0
WBGene00174016.,0,0,0
WBGene00174017.,0,0,0
WBGene00174018.,0,0,0
WBGene00174019.,0,2,2
WBGene00174020.,0,0,0
WBGene00174021.,0,0,0
WBGene00174022.,0,9,9
WBGene00174023.,0,0,0
WBGene00174024.,0,1,1
WBGene00174025.,0,0,0
WBGene00174026.,0,3,3
WBGene00174027.,0,2,2
WBGene00174028.,0,3,3
WBGene00174029.,0,0,0
WBGene00174030.,0,0,0
WBGene00174031.,0,0,0
WBGene00174032.,0,5,5
WBGene00174033.,0,0,0
WBGene00174034.,0,0,0
WBGene00174035.,0,0,0
WBGene00174036.,0,0,0
WBGene00174037.,0,0,0
WBGene00174038.,0,1,1
WBGene00174039.,0,1,1
WBGene00174040.,0,0,0
WBGene00174041.,0,0,0
WBGene00174042.,0,0,0
WBGene00174043.,0,0,0
WBGene00174044.,0,4,4
WBGene00174045.,0,0,0
WBGene00174046.,0,0,0
WBGene00174047.,0,0,0
WBGene00174048.,0,0,0
WBGene00174049.,0,24,24
WBGene00174050.,0,0,0
WBGene00174051.,0,0,0
WBGene00174052.,0,0,0
WBGene00174053.,0,0,0
WBGene00174054.,0,0,0
WBGene00174055.,0,0,0
WBGene00174056.,0,0,0
WBGene00174057.,0,0,0
WBGene00174058.,0,0,0
WBGene00174059.,0,0,0
WBGene00174060.,0,0,0
WBGene00174061.,0,0,0
WBGene00174062.,0,0,0
WBGene00174063.,0,0,0
WBGene00174064.,0,0,0
WBGene00174065.,0,2,2
WBGene00174066.,0,0,0
WBGene00174067.,0,0,0
WBGene00174068.,0,0,0
WBGene00174069.,0,1,1
WBGene00174070.,0,2,2
WBGene00174071.,0,2,2
WBGene00174072.,0,1,1
WBGene00174073.,0,0,0
WBGene00174074.,0,0,0
WBGene00174075.,0,0,0
WBGene00174076.,0,0,0
WBGene00174077.,0,0,0
WBGene00174078.,0,0,0
WBGene00174079.,0,0,0
WBGene00174080.,0,0,0
WBGene00174081.,0,0,0
WBGene00174082.,0,0,0
WBGene00174083.,0,0,0
WBGene00174084.,0,2,2
WBGene00174085.,0,0,0
WBGene00174086.,0,0,0
WBGene00174087.,0,1,1
WBGene00174088.,0,1,1
WBGene00174089.,0,0,0
WBGene00174090.,0,0,0
WBGene00174091.,0,0,0
WBGene00174092.,0,0,0
WBGene00174093.,0,0,0
WBGene00174094.,0,0,0
WBGene00174095.,0,0,0
WBGene00174096.,0,0,0
WBGene00174097.,0,0,0
WBGene00174098.,0,0,0
WBGene00174099.,0,0,0
WBGene00174100.,0,0,0
WBGene00174101.,0,0,0
WBGene00174102.,0,0,0
WBGene00174103.,0,1,1
WBGene00174104.,0,1,1
WBGene00174105.,0,0,0
WBGene00174106.,0,0,0
WBGene00174107.,0,2,2
WBGene00174108.,0,0,0
WBGene00174109.,0,0,0
WBGene00174110.,0,0,0
WBGene00174111.,0,4,4
WBGene00174112.,0,0,0
WBGene00174113.,0,0,0
WBGene00174114.,0,0,0
WBGene00174115.,0,6,6
WBGene00174116.,0,0,0
WBGene00174117.,0,0,0
WBGene00174118.,0,8,8
WBGene00174119.,0,0,0
WBGene00174120.,0,0,0
WBGene00174121.,0,1,1
WBGene00174122.,0,3,3
WBGene00174123.,0,3,3
WBGene00174124.,0,0,0
WBGene00174125.,0,0,0
WBGene00174126.,0,0,0
WBGene00174127.,0,7,7
WBGene00174128.,0,6,6
WBGene00174129.,0,0,0
WBGene00174130.,0,0,0
WBGene00174131.,0,6,6
WBGene00174132.,0,1,1
WBGene00174133.,0,0,0
WBGene00174134.,0,4,4
WBGene00174135.,0,0,0
WBGene00174136.,0,0,0
WBGene00174137.,0,3,3
WBGene00174138.,0,0,0
WBGene00174139.,0,0,0
WBGene00174140.,0,0,0
WBGene00174141.,0,0,0
WBGene00174142.,0,0,0
WBGene00174143.,0,0,0
WBGene00174144.,0,3,3
WBGene00174145.,0,0,0
WBGene00174146.,0,0,0
WBGene00174147.,0,0,0
WBGene00174148.,0,0,0
WBGene00174149.,0,0,0
WBGene00174150.,0,0,0
WBGene00174151.,0,0,0
WBGene00174152.,0,3,3
WBGene00174153.,0,0,0
WBGene00174154.,0,0,0
WBGene00174155.,0,0,0
WBGene00174156.,0,0,0
WBGene00174157.,0,0,0
WBGene00174158.,0,0,0
WBGene00174159.,0,0,0
WBGene00174160.,0,0,0
WBGene00174161.,0,0,0
WBGene00174162.,0,0,0
WBGene00174163.,0,0,0
WBGene00174164.,0,0,0
WBGene00174165.,0,0,0
WBGene00174166.,0,0,0
WBGene00174167.,0,0,0
WBGene00174168.,0,4,4
WBGene00174169.,0,0,0
WBGene00174170.,0,2,2
WBGene00174171.,0,0,0
WBGene00174172.,0,0,0
WBGene00174173.,0,1,1
WBGene00174174.,0,0,0
WBGene00174175.,0,0,0
WBGene00174176.,0,0,0
WBGene00174177.,0,0,0
WBGene00174178.,0,0,0
WBGene00174179.,0,0,0
WBGene00174180.,0,1,1
WBGene00174181.,0,0,0
WBGene00174182.,0,0,0
WBGene00174183.,0,0,0
WBGene00174184.,0,1,1
WBGene00174185.,0,5,5
WBGene00174186.,0,14,14
WBGene00174187.,0,0,0
WBGene00174188.,0,0,0
WBGene00174189.,0,0,0
WBGene00174190.,0,0,0
WBGene00174191.,0,7,7
WBGene00174192.,0,0,0
WBGene00174193.,0,1,1
WBGene00174194.,0,0,0
WBGene00174195.,0,0,0
WBGene00174196.,0,0,0
WBGene00174197.,0,0,0
WBGene00174198.,0,0,0
WBGene00174199.,0,0,0
WBGene00174200.,0,3,3
WBGene00174201.,0,0,0
WBGene00174202.,0,0,0
WBGene00174203.,0,0,0
WBGene00174204.,0,0,0
WBGene00174205.,0,0,0
WBGene00174206.,0,2,2
WBGene00174207.,0,0,0
WBGene00174208.,0,0,0
WBGene00174209.,0,3,3
WBGene00174210.,0,0,0
WBGene00174211.,0,0,0
WBGene00174212.,0,1,1
WBGene00174213.,0,0,0
WBGene00174214.,0,0,0
WBGene00174215.,0,0,0
WBGene00174216.,0,3,3
WBGene00174217.,0,0,0
WBGene00174218.,0,0,0
WBGene00174219.,0,0,0
WBGene00174220.,0,0,0
WBGene00174221.,0,0,0
WBGene00174222.,0,4,4
WBGene00174223.,0,0,0
WBGene00174224.,0,4,4
WBGene00174225.,0,0,0
WBGene00174226.,0,0,0
WBGene00174227.,0,0,0
WBGene00174228.,0,0,0
WBGene00174229.,0,0,0
WBGene00174230.,0,5,5
WBGene00174231.,0,0,0
WBGene00174232.,0,0,0
WBGene00174233.,0,0,0
WBGene00174234.,0,4,4
WBGene00174235.,0,3,3
WBGene00174236.,0,0,0
WBGene00174237.,0,1,1
WBGene00174238.,0,0,0
WBGene00174239.,0,0,0
WBGene00174240.,0,0,0
WBGene00174241.,0,0,0
WBGene00174242.,0,1,1
WBGene00174243.,0,0,0
WBGene00174244.,0,4,4
WBGene00174245.,0,0,0
WBGene00174246.,0,0,0
WBGene00174247.,0,0,0
WBGene00174248.,0,3,3
WBGene00174249.,0,0,0
WBGene00174250.,0,0,0
WBGene00174251.,0,0,0
WBGene00174252.,0,0,0
WBGene00174253.,0,0,0
WBGene00174254.,0,2,2
WBGene00174255.,0,0,0
WBGene00174256.,0,0,0
WBGene00174257.,0,0,0
WBGene00174258.,0,0,0
WBGene00174259.,0,0,0
WBGene00174260.,0,0,0
WBGene00174261.,0,0,0
WBGene00174262.,0,0,0
WBGene00174263.,0,0,0
WBGene00174264.,0,2,2
WBGene00174265.,0,0,0
WBGene00174266.,0,0,0
WBGene00174267.,0,0,0
WBGene00174268.,0,0,0
WBGene00174269.,0,0,0
WBGene00174270.,0,0,0
WBGene00174271.,0,0,0
WBGene00174272.,0,0,0
WBGene00174273.,0,0,0
WBGene00174274.,0,3,3
WBGene00174275.,0,2,2
WBGene00174276.,0,0,0
WBGene00174277.,0,0,0
WBGene00174278.,0,1,1
WBGene00174279.,0,0,0
WBGene00174280.,0,0,0
WBGene00174281.,0,1,1
WBGene00174282.,0,0,0
WBGene00174283.,0,4,4
WBGene00174284.,0,0,0
WBGene00174285.,0,0,0
WBGene00174286.,0,0,0
WBGene00174287.,0,0,0
WBGene00174288.,0,0,0
WBGene00174289.,0,0,0
WBGene00174290.,0,0,0
WBGene00174291.,0,0,0
WBGene00174292.,0,3,3
WBGene00174293.,0,6,6
WBGene00174294.,0,0,0
WBGene00174295.,0,0,0
WBGene00174296.,0,0,0
WBGene00174297.,0,3,3
WBGene00174298.,0,1,1
WBGene00174299.,0,0,0
WBGene00174300.,0,3,3
WBGene00174301.,0,0,0
WBGene00174302.,0,0,0
WBGene00174303.,0,0,0
WBGene00174304.,0,0,0
WBGene00174305.,0,0,0
WBGene00174306.,0,4,4
WBGene00174307.,0,1,1
WBGene00174308.,0,0,0
WBGene00174309.,0,6,6
WBGene00174310.,0,0,0
WBGene00174311.,0,4,4
WBGene00174312.,0,0,0
WBGene00174313.,0,4,4
WBGene00174314.,0,7,7
WBGene00174315.,0,2,2
WBGene00174316.,0,0,0
WBGene00174317.,0,1,1
WBGene00174318.,0,2,2
WBGene00174319.,0,1,1
WBGene00174320.,0,0,0
WBGene00174321.,0,0,0
WBGene00174322.,0,2,2
WBGene00174323.,0,0,0
WBGene00174324.,0,0,0
WBGene00174325.,0,5,5
WBGene00174326.,0,0,0
WBGene00174327.,0,0,0
WBGene00174328.,0,0,0
WBGene00174329.,0,0,0
WBGene00174330.,0,15,15
WBGene00174331.,0,0,0
WBGene00174332.,0,0,0
WBGene00174333.,0,1,1
WBGene00174334.,0,5,5
WBGene00174335.,0,0,0
WBGene00174336.,0,0,0
WBGene00174337.,0,1,1
WBGene00174338.,0,0,0
WBGene00174339.,0,0,0
WBGene00174340.,0,0,0
WBGene00174341.,0,0,0
WBGene00174342.,0,0,0
WBGene00174343.,0,0,0
WBGene00174344.,0,0,0
WBGene00174345.,0,0,0
WBGene00174346.,0,0,0
WBGene00174347.,0,0,0
WBGene00174348.,0,2,2
WBGene00174349.,0,0,0
WBGene00174350.,0,0,0
WBGene00174351.,0,0,0
WBGene00174352.,0,1,1
WBGene00174353.,0,3,3
WBGene00174354.,0,7,7
WBGene00174355.,0,0,0
WBGene00174356.,0,0,0
WBGene00174357.,0,0,0
WBGene00174358.,0,0,0
WBGene00174359.,0,0,0
WBGene00174360.,0,1,1
WBGene00174361.,0,0,0
WBGene00174362.,0,2,2
WBGene00174363.,0,0,0
WBGene00174364.,0,0,0
WBGene00174365.,0,0,0
WBGene00174366.,0,0,0
WBGene00174367.,0,0,0
WBGene00174368.,0,2,2
WBGene00174369.,0,0,0
WBGene00174370.,0,4,4
WBGene00174371.,0,0,0
WBGene00174372.,0,0,0
WBGene00174373.,0,0,0
WBGene00174374.,0,0,0
WBGene00174375.,0,0,0
WBGene00174376.,0,1,1
WBGene00174377.,0,6,6
WBGene00174378.,0,1,1
WBGene00174379.,0,0,0
WBGene00174380.,0,2,2
WBGene00174381.,0,0,0
WBGene00174382.,0,1,1
WBGene00174383.,0,0,0
WBGene00174384.,0,2,2
WBGene00174385.,0,1,1
WBGene00174386.,0,0,0
WBGene00174387.,0,0,0
WBGene00174388.,0,0,0
WBGene00174389.,0,0,0
WBGene00174390.,0,0,0
WBGene00174391.,0,0,0
WBGene00174392.,0,0,0
WBGene00174393.,0,0,0
WBGene00174394.,0,5,5
WBGene00174395.,0,1,1
WBGene00174396.,0,2,2
WBGene00174397.,0,1,1
WBGene00174398.,0,6,6
WBGene00174399.,0,0,0
WBGene00174400.,0,0,0
WBGene00174401.,0,0,0
WBGene00174402.,0,0,0
WBGene00174403.,0,0,0
WBGene00174404.,0,0,0
WBGene00174405.,0,0,0
WBGene00174406.,0,45,45
WBGene00174407.,0,0,0
WBGene00174408.,0,0,0
WBGene00174409.,0,2,2
WBGene00174410.,0,1,1
WBGene00174411.,0,6,6
WBGene00174412.,0,1,1
WBGene00174413.,0,0,0
WBGene00174414.,0,0,0
WBGene00174415.,0,0,0
WBGene00174416.,0,2,2
WBGene00174417.,0,0,0
WBGene00174418.,0,0,0
WBGene00174419.,0,2,2
WBGene00174420.,0,1,1
WBGene00174421.,0,0,0
WBGene00174422.,0,0,0
WBGene00174423.,0,0,0
WBGene00174424.,0,0,0
WBGene00174425.,0,1,1
WBGene00174426.,0,2,2
WBGene00174427.,0,0,0
WBGene00174428.,0,0,0
WBGene00174429.,0,0,0
WBGene00174430.,0,0,0
WBGene00174431.,0,0,0
WBGene00174432.,0,0,0
WBGene00174433.,0,0,0
WBGene00174434.,0,0,0
WBGene00174435.,0,1,1
WBGene00174436.,0,0,0
WBGene00174437.,0,5,5
WBGene00174438.,0,0,0
WBGene00174439.,0,0,0
WBGene00174440.,0,9,9
WBGene00174441.,0,0,0
WBGene00174442.,0,6,6
WBGene00174443.,0,0,0
WBGene00174444.,0,0,0
WBGene00174445.,0,0,0
WBGene00174446.,0,0,0
WBGene00174447.,0,1,1
WBGene00174448.,0,0,0
WBGene00174449.,0,3,3
WBGene00174450.,0,0,0
WBGene00174451.,0,0,0
WBGene00174452.,0,0,0
WBGene00174453.,0,8,8
WBGene00174454.,0,0,0
WBGene00174455.,0,0,0
WBGene00174456.,0,0,0
WBGene00174457.,0,0,0
WBGene00174458.,0,0,0
WBGene00174459.,0,0,0
WBGene00174460.,0,0,0
WBGene00174461.,0,0,0
WBGene00174462.,0,0,0
WBGene00174463.,0,2,2
WBGene00174464.,0,0,0
WBGene00174465.,0,0,0
WBGene00174466.,0,0,0
WBGene00174467.,0,0,0
WBGene00174468.,0,0,0
WBGene00174469.,0,0,0
WBGene00174470.,0,0,0
WBGene00174471.,0,0,0
WBGene00174472.,0,0,0
WBGene00174473.,0,0,0
WBGene00174474.,0,2,2
WBGene00174475.,0,6,6
WBGene00174476.,0,0,0
WBGene00174477.,0,0,0
WBGene00174478.,0,6,6
WBGene00174479.,0,0,0
WBGene00174480.,0,0,0
WBGene00174481.,0,0,0
WBGene00174482.,0,0,0
WBGene00174483.,0,0,0
WBGene00174484.,0,0,0
WBGene00174485.,0,5,5
WBGene00174486.,0,0,0
WBGene00174487.,0,0,0
WBGene00174488.,0,0,0
WBGene00174489.,0,0,0
WBGene00174490.,0,0,0
WBGene00174491.,0,0,0
WBGene00174492.,0,0,0
WBGene00174493.,0,1,1
WBGene00174494.,0,0,0
WBGene00174495.,0,1,1
WBGene00174496.,0,2,2
WBGene00174497.,0,3,3
WBGene00174498.,0,0,0
WBGene00174499.,0,2,2
WBGene00174500.,0,7,7
WBGene00174501.,0,0,0
WBGene00174502.,0,2,2
WBGene00174503.,0,0,0
WBGene00174504.,0,0,0
WBGene00174505.,0,0,0
WBGene00174506.,0,0,0
WBGene00174507.,0,0,0
WBGene00174508.,0,0,0
WBGene00174509.,0,0,0
WBGene00174510.,0,0,0
WBGene00174511.,0,0,0
WBGene00174512.,0,5,5
WBGene00174513.,0,2,2
WBGene00174514.,0,4,4
WBGene00174515.,0,0,0
WBGene00174516.,0,0,0
WBGene00174517.,0,0,0
WBGene00174518.,0,0,0
WBGene00174519.,0,1,1
WBGene00174520.,0,0,0
WBGene00174521.,0,0,0
WBGene00174522.,0,0,0
WBGene00174523.,0,2,2
WBGene00174524.,0,0,0
WBGene00174525.,0,0,0
WBGene00174526.,0,0,0
WBGene00174527.,0,2,2
WBGene00174528.,0,0,0
WBGene00174529.,0,8,8
WBGene00174530.,0,0,0
WBGene00174531.,0,1,1
WBGene00174532.,0,0,0
WBGene00174533.,0,0,0
WBGene00174534.,0,0,0
WBGene00174535.,0,0,0
WBGene00174536.,0,1,1
WBGene00174537.,0,2,2
WBGene00174538.,0,0,0
WBGene00174539.,0,1,1
WBGene00174540.,0,0,0
WBGene00174541.,0,0,0
WBGene00174542.,0,0,0
WBGene00174543.,0,1,1
WBGene00174544.,0,5,5
WBGene00174545.,0,5,5
WBGene00174546.,0,2,2
WBGene00174547.,0,0,0
WBGene00174548.,0,0,0
WBGene00174549.,0,0,0
WBGene00174550.,0,0,0
WBGene00174551.,0,1,1
WBGene00174552.,0,2,2
WBGene00174553.,0,0,0
WBGene00174554.,0,0,0
WBGene00174555.,0,0,0
WBGene00174556.,0,0,0
WBGene00174557.,0,9,9
WBGene00174558.,0,0,0
WBGene00174559.,0,0,0
WBGene00174560.,0,4,4
WBGene00174561.,0,0,0
WBGene00174562.,0,0,0
WBGene00174563.,0,0,0
WBGene00174564.,0,0,0
WBGene00174565.,0,2,2
WBGene00174566.,0,0,0
WBGene00174567.,0,0,0
WBGene00174568.,0,0,0
WBGene00174569.,0,0,0
WBGene00174570.,0,0,0
WBGene00174571.,0,0,0
WBGene00174572.,0,0,0
WBGene00174573.,0,0,0
WBGene00174574.,0,0,0
WBGene00174575.,0,5,5
WBGene00174576.,0,0,0
WBGene00174577.,0,2,2
WBGene00174578.,0,0,0
WBGene00174579.,0,1,1
WBGene00174580.,0,0,0
WBGene00174581.,0,0,0
WBGene00174582.,0,0,0
WBGene00174583.,0,0,0
WBGene00174584.,0,0,0
WBGene00174585.,0,0,0
WBGene00174586.,0,0,0
WBGene00174587.,0,0,0
WBGene00174588.,0,0,0
WBGene00174589.,0,0,0
WBGene00174590.,0,0,0
WBGene00174591.,0,0,0
WBGene00174592.,0,0,0
WBGene00174593.,0,0,0
WBGene00174594.,0,0,0
WBGene00174595.,0,2,2
WBGene00174596.,0,0,0
WBGene00174597.,0,0,0
WBGene00174598.,0,0,0
WBGene00174599.,0,1,1
WBGene00174600.,0,0,0
WBGene00174601.,0,0,0
WBGene00174602.,0,1,1
WBGene00174603.,0,1,1
WBGene00174604.,0,1,1
WBGene00174605.,0,0,0
WBGene00174606.,0,0,0
WBGene00174607.,0,2,2
WBGene00174608.,0,0,0
WBGene00174609.,0,1,1
WBGene00174610.,0,1,1
WBGene00174611.,0,0,0
WBGene00174612.,0,1,1
WBGene00174613.,0,0,0
WBGene00174614.,0,0,0
WBGene00174615.,0,4,4
WBGene00174616.,0,0,0
WBGene00174617.,0,0,0
WBGene00174618.,0,0,0
WBGene00174619.,0,0,0
WBGene00174620.,0,0,0
WBGene00174621.,0,0,0
WBGene00174622.,0,1,1
WBGene00174623.,0,0,0
WBGene00174624.,0,0,0
WBGene00174625.,0,3,3
WBGene00174626.,0,0,0
WBGene00174627.,0,0,0
WBGene00174628.,0,0,0
WBGene00174629.,0,0,0
WBGene00174630.,0,9,9
WBGene00174631.,0,14,14
WBGene00174632.,0,0,0
WBGene00174633.,0,0,0
WBGene00174634.,0,1,1
WBGene00174635.,0,0,0
WBGene00174636.,0,0,0
WBGene00174637.,0,5,5
WBGene00174638.,0,1,1
WBGene00174639.,0,0,0
WBGene00174640.,0,0,0
WBGene00174641.,0,0,0
WBGene00174642.,0,0,0
WBGene00174643.,0,0,0
WBGene00174644.,0,0,0
WBGene00174645.,0,0,0
WBGene00174646.,0,0,0
WBGene00174647.,0,0,0
WBGene00174648.,0,1,1
WBGene00174649.,0,0,0
WBGene00174650.,0,0,0
WBGene00174651.,0,0,0
WBGene00174652.,0,0,0
WBGene00174653.,0,10,10
WBGene00174654.,0,0,0
WBGene00174655.,0,1,1
WBGene00174656.,0,0,0
WBGene00174657.,0,0,0
WBGene00174658.,0,0,0
WBGene00174659.,0,5,5
WBGene00174660.,0,0,0
WBGene00174661.,0,0,0
WBGene00174662.,0,0,0
WBGene00174663.,0,0,0
WBGene00174664.,0,0,0
WBGene00174665.,0,0,0
WBGene00174666.,0,0,0
WBGene00174667.,0,0,0
WBGene00174668.,0,2,2
WBGene00174669.,0,0,0
WBGene00174670.,0,0,0
WBGene00174671.,0,0,0
WBGene00174672.,0,0,0
WBGene00174673.,0,28,28
WBGene00174674.,0,0,0
WBGene00174675.,0,0,0
WBGene00174676.,0,2,2
WBGene00174677.,0,0,0
WBGene00174678.,0,5,5
WBGene00174679.,0,0,0
WBGene00174680.,0,5,5
WBGene00174681.,0,0,0
WBGene00174682.,0,0,0
WBGene00174683.,0,2,2
WBGene00174684.,0,0,0
WBGene00174685.,0,0,0
WBGene00174686.,0,3,3
WBGene00174687.,0,0,0
WBGene00174688.,0,0,0
WBGene00174689.,0,0,0
WBGene00174690.,0,0,0
WBGene00174691.,0,0,0
WBGene00174692.,0,6,6
WBGene00174693.,0,0,0
WBGene00174694.,0,0,0
WBGene00174695.,0,11,11
WBGene00174696.,0,0,0
WBGene00174697.,0,1,1
WBGene00174698.,0,1,1
WBGene00174699.,0,0,0
WBGene00174700.,0,2,2
WBGene00174701.,0,2,2
WBGene00174702.,0,6,6
WBGene00174703.,0,0,0
WBGene00174704.,0,0,0
WBGene00174705.,0,0,0
WBGene00174706.,0,0,0
WBGene00174707.,0,6,6
WBGene00174708.,0,0,0
WBGene00174709.,0,0,0
WBGene00174710.,0,13,13
WBGene00174711.,0,2,2
WBGene00174712.,0,0,0
WBGene00174713.,0,0,0
WBGene00174714.,0,0,0
WBGene00174715.,0,1,1
WBGene00174716.,0,0,0
WBGene00174717.,0,0,0
WBGene00174718.,0,0,0
WBGene00174719.,0,3,3
WBGene00174720.,0,0,0
WBGene00174721.,0,8,8
WBGene00174722.,0,0,0
WBGene00174723.,0,0,0
WBGene00174724.,0,6,6
WBGene00174725.,0,0,0
WBGene00174726.,0,1,1
WBGene00174727.,0,5,5
WBGene00174728.,0,0,0
WBGene00174729.,0,0,0
WBGene00174730.,0,1,1
WBGene00174731.,0,4,4
WBGene00174732.,0,0,0
WBGene00174733.,0,0,0
WBGene00174734.,0,0,0
WBGene00174735.,0,1,1
WBGene00174736.,0,0,0
WBGene00174737.,0,0,0
WBGene00174738.,0,0,0
WBGene00174739.,0,0,0
WBGene00174740.,0,0,0
WBGene00174741.,0,17,17
WBGene00174742.,0,0,0
WBGene00174743.,0,0,0
WBGene00174744.,0,0,0
WBGene00174745.,0,0,0
WBGene00174746.,0,4,4
WBGene00174747.,0,0,0
WBGene00174748.,0,0,0
WBGene00174749.,0,0,0
WBGene00174750.,0,9,9
WBGene00174751.,0,0,0
WBGene00174752.,0,0,0
WBGene00174753.,0,0,0
WBGene00174754.,0,0,0
WBGene00174755.,0,0,0
WBGene00174756.,0,0,0
WBGene00174757.,0,0,0
WBGene00174758.,0,2,2
WBGene00174759.,0,0,0
WBGene00174760.,0,0,0
WBGene00174761.,0,0,0
WBGene00174762.,0,1,1
WBGene00174763.,0,0,0
WBGene00174764.,0,0,0
WBGene00174765.,0,0,0
WBGene00174766.,0,0,0
WBGene00174767.,0,0,0
WBGene00174768.,0,3,3
WBGene00174769.,0,1,1
WBGene00174770.,0,0,0
WBGene00174771.,0,1,1
WBGene00174772.,0,0,0
WBGene00174773.,0,1,1
WBGene00174774.,0,0,0
WBGene00174775.,0,0,0
WBGene00174776.,0,0,0
WBGene00174777.,0,0,0
WBGene00174778.,0,0,0
WBGene00174779.,0,6,6
WBGene00174780.,0,2,2
WBGene00174781.,0,0,0
WBGene00174782.,0,0,0
WBGene00174783.,0,0,0
WBGene00174784.,0,2,2
WBGene00174785.,0,0,0
WBGene00174786.,0,2,2
WBGene00174787.,0,4,4
WBGene00174788.,0,17,17
WBGene00174789.,0,0,0
WBGene00174790.,0,0,0
WBGene00174791.,0,0,0
WBGene00174792.,0,1,1
WBGene00174793.,0,0,0
WBGene00174794.,0,0,0
WBGene00174795.,0,0,0
WBGene00174796.,0,0,0
WBGene00174797.,0,0,0
WBGene00174798.,0,4,4
WBGene00174799.,0,0,0
WBGene00174800.,0,2,2
WBGene00174801.,0,0,0
WBGene00174802.,0,1,1
WBGene00174803.,0,0,0
WBGene00174804.,0,3,3
WBGene00174805.,0,0,0
WBGene00174806.,0,0,0
WBGene00174807.,0,0,0
WBGene00174808.,0,0,0
WBGene00174809.,0,0,0
WBGene00174810.,0,2,2
WBGene00174811.,0,3,3
WBGene00174812.,0,0,0
WBGene00174813.,0,0,0
WBGene00174814.,0,0,0
WBGene00174815.,0,1,1
WBGene00174816.,0,0,0
WBGene00174817.,0,2,2
WBGene00174818.,0,0,0
WBGene00174819.,0,0,0
WBGene00174820.,0,0,0
WBGene00174821.,0,1,1
WBGene00174822.,0,0,0
WBGene00174823.,0,0,0
WBGene00174824.,0,1,1
WBGene00174825.,0,0,0
WBGene00174826.,0,0,0
WBGene00174827.,0,0,0
WBGene00174828.,0,0,0
WBGene00174829.,0,0,0
WBGene00174830.,0,0,0
WBGene00174831.,0,0,0
WBGene00174832.,0,4,4
WBGene00174833.,0,2,2
WBGene00174834.,0,0,0
WBGene00174835.,0,0,0
WBGene00174836.,0,0,0
WBGene00174837.,0,7,7
WBGene00174838.,0,10,10
WBGene00174839.,0,3,3
WBGene00174840.,0,1,1
WBGene00174841.,0,1,1
WBGene00174842.,0,1,1
WBGene00174843.,0,0,0
WBGene00174844.,0,0,0
WBGene00174845.,0,0,0
WBGene00174846.,0,2,2
WBGene00174847.,0,0,0
WBGene00174848.,0,0,0
WBGene00174849.,0,0,0
WBGene00174850.,0,1,1
WBGene00174851.,0,1,1
WBGene00174852.,0,0,0
WBGene00174853.,0,3,3
WBGene00174854.,0,0,0
WBGene00174855.,0,0,0
WBGene00174856.,0,0,0
WBGene00174857.,0,1,1
WBGene00174858.,0,0,0
WBGene00174859.,0,0,0
WBGene00174860.,0,0,0
WBGene00174861.,0,0,0
WBGene00174862.,0,0,0
WBGene00174863.,0,0,0
WBGene00174864.,0,0,0
WBGene00174865.,0,0,0
WBGene00174866.,0,1,1
WBGene00174867.,0,0,0
WBGene00174868.,0,0,0
WBGene00174869.,0,0,0
WBGene00174870.,0,0,0
WBGene00174871.,0,0,0
WBGene00174872.,0,0,0
WBGene00174873.,0,1,1
WBGene00174874.,0,4,4
WBGene00174875.,0,0,0
WBGene00174876.,0,5,5
WBGene00174877.,0,1,1
WBGene00174878.,0,8,8
WBGene00174879.,0,0,0
WBGene00174880.,0,3,3
WBGene00174881.,0,2,2
WBGene00174882.,0,0,0
WBGene00174883.,0,0,0
WBGene00174884.,0,4,4
WBGene00174885.,0,0,0
WBGene00174886.,0,0,0
WBGene00174887.,0,0,0
WBGene00174888.,0,0,0
WBGene00174889.,0,0,0
WBGene00174890.,0,0,0
WBGene00174891.,0,1,1
WBGene00174892.,0,0,0
WBGene00174893.,0,0,0
WBGene00174894.,0,0,0
WBGene00174895.,0,0,0
WBGene00174896.,0,0,0
WBGene00174897.,0,0,0
WBGene00174898.,0,5,5
WBGene00174899.,0,0,0
WBGene00174900.,0,6,6
WBGene00174901.,0,0,0
WBGene00174902.,0,0,0
WBGene00174903.,0,0,0
WBGene00174904.,0,0,0
WBGene00174905.,0,0,0
WBGene00174906.,0,0,0
WBGene00174907.,0,0,0
WBGene00174908.,0,0,0
WBGene00174909.,0,0,0
WBGene00174910.,0,1,1
WBGene00174911.,0,0,0
WBGene00174912.,0,1,1
WBGene00174913.,0,0,0
WBGene00174914.,0,0,0
WBGene00174915.,0,0,0
WBGene00174916.,0,0,0
WBGene00174917.,0,0,0
WBGene00174918.,0,0,0
WBGene00174919.,0,2,2
WBGene00174920.,0,0,0
WBGene00174921.,0,0,0
WBGene00174922.,0,0,0
WBGene00174923.,0,0,0
WBGene00174924.,0,0,0
WBGene00174925.,0,0,0
WBGene00174926.,0,2,2
WBGene00174927.,0,0,0
WBGene00174928.,0,0,0
WBGene00174929.,0,0,0
WBGene00174930.,0,0,0
WBGene00174931.,0,6,6
WBGene00174932.,0,0,0
WBGene00174933.,0,0,0
WBGene00174934.,0,0,0
WBGene00174935.,0,0,0
WBGene00174936.,0,0,0
WBGene00174937.,0,7,7
WBGene00174938.,0,5,5
WBGene00174939.,0,0,0
WBGene00174940.,0,0,0
WBGene00174941.,0,0,0
WBGene00174942.,0,3,3
WBGene00174943.,0,0,0
WBGene00174944.,0,1,1
WBGene00174945.,0,0,0
WBGene00174946.,0,0,0
WBGene00174947.,0,0,0
WBGene00174948.,0,0,0
WBGene00174949.,0,6,6
WBGene00174950.,0,0,0
WBGene00174951.,0,0,0
WBGene00174952.,0,0,0
WBGene00174953.,0,0,0
WBGene00174954.,0,0,0
WBGene00174955.,0,0,0
WBGene00174956.,0,0,0
WBGene00174957.,0,0,0
WBGene00174958.,0,0,0
WBGene00174959.,0,0,0
WBGene00174960.,0,0,0
WBGene00174961.,0,1,1
WBGene00174962.,0,0,0
WBGene00174963.,0,0,0
WBGene00174964.,0,7,7
WBGene00174965.,0,0,0
WBGene00174966.,0,0,0
WBGene00174967.,0,0,0
WBGene00174968.,0,0,0
WBGene00174969.,0,0,0
WBGene00174970.,0,0,0
WBGene00174971.,0,12,12
WBGene00174972.,0,11,11
WBGene00174973.,0,0,0
WBGene00174974.,0,0,0
WBGene00174975.,0,0,0
WBGene00174976.,0,1,1
WBGene00174977.,0,4,4
WBGene00174978.,0,0,0
WBGene00174979.,0,0,0
WBGene00174980.,0,0,0
WBGene00174981.,0,0,0
WBGene00174982.,0,0,0
WBGene00174983.,0,0,0
WBGene00174984.,0,0,0
WBGene00174985.,0,0,0
WBGene00174986.,0,0,0
WBGene00174987.,0,0,0
WBGene00174988.,0,11,11
WBGene00174989.,0,4,4
WBGene00174990.,0,0,0
WBGene00174991.,0,0,0
WBGene00174992.,0,0,0
WBGene00174993.,0,0,0
WBGene00174994.,0,0,0
WBGene00174995.,0,0,0
WBGene00174996.,0,0,0
WBGene00174997.,0,2,2
WBGene00174998.,0,0,0
WBGene00174999.,0,0,0
WBGene00175000.,0,6,6
WBGene00175001.,0,0,0
WBGene00175002.,0,3,3
WBGene00175003.,0,2,2
WBGene00175004.,0,0,0
WBGene00175005.,0,9,9
WBGene00175006.,0,3,3
WBGene00175007.,0,1,1
WBGene00175008.,0,0,0
WBGene00175009.,0,0,0
WBGene00175010.,0,0,0
WBGene00175011.,0,0,0
WBGene00175012.,0,0,0
WBGene00175013.,0,0,0
WBGene00175014.,0,2,2
WBGene00175015.,0,0,0
WBGene00175016.,0,0,0
WBGene00175017.,0,0,0
WBGene00175018.,0,0,0
WBGene00175019.,0,2,2
WBGene00175020.,0,0,0
WBGene00175021.,0,0,0
WBGene00175022.,0,1,1
WBGene00175023.,0,0,0
WBGene00175024.,0,0,0
WBGene00175025.,0,2,2
WBGene00175027.,180,137,317
WBGene00175028.,15,19,34
WBGene00175029.,48,123,171
WBGene00175030.,9,360,369
WBGene00175031.,10,7,17
WBGene00175034.,33,211,244
WBGene00175035.,46,151,197
WBGene00175036.,0,20,20
WBGene00184956.,37,12,49
WBGene00184990.,5,101,106
WBGene00185001.,107,583,690
WBGene00185002.,90,87,177
WBGene00185005.,21,323,344
WBGene00185006.,13,7,20
WBGene00185014.,52,274,326
WBGene00185048.,124,793,917
WBGene00185055.,7,37,44
WBGene00185067.,0,2,2
WBGene00185076.,120,474,594
WBGene00185077.,5,22,27
WBGene00185078.,704,120,824
WBGene00185079.,91,450,541
WBGene00185086.,11,60,71
WBGene00185088.,9,150,159
WBGene00185089.,27,40,67
WBGene00185092.,23,14,37
WBGene00185093.,4,6,10
WBGene00185095.,1,5,6
WBGene00185096.,4,6,10
WBGene00185097.,12,2,14
WBGene00185098.,68,158,226
WBGene00185100.,14,10,24
WBGene00185101.,11,0,11
WBGene00185102.,47,453,500
WBGene00185116.,2,3,5
WBGene00185117.,20,45,65
WBGene00185118.,594,1368,1962
WBGene00185119.,23,16,39
WBGene00189930.,8,0,8
WBGene00189931.,1,0,1
WBGene00189932.,1,0,1
WBGene00189933.,27,37,64
WBGene00189937.,8,30,38
WBGene00189943.,10,0,10
WBGene00189944.,31,30,61
WBGene00189946.,5,5,10
WBGene00189947.,10,11,21
WBGene00189948.,3,20,23
WBGene00189949.,16,8,24
WBGene00189950.,56,26,82
WBGene00189951.,91,127,218
WBGene00189952.,19,75,94
WBGene00189953.,5,3,8
WBGene00189954.,13,10,23
WBGene00189955.,4,5,9
WBGene00189956.,14,13,27
WBGene00189957.,18,9,27
WBGene00189958.,31,524,555
WBGene00189961.,25,5,30
WBGene00189964.,0,0,0
WBGene00189966.,0,2,2
WBGene00189967.,0,0,0
WBGene00189968.,0,0,0
WBGene00189969.,0,0,0
WBGene00189970.,0,0,0
WBGene00189971.,0,0,0
WBGene00189972.,0,1,1
WBGene00189973.,0,0,0
WBGene00189974.,0,0,0
WBGene00189975.,0,0,0
WBGene00189976.,0,0,0
WBGene00189977.,0,0,0
WBGene00189978.,0,1,1
WBGene00189979.,0,0,0
WBGene00189980.,0,0,0
WBGene00189981.,0,0,0
WBGene00189982.,0,0,0
WBGene00189983.,0,0,0
WBGene00189984.,0,0,0
WBGene00189985.,0,0,0
WBGene00189986.,0,0,0
WBGene00189987.,37,61,98
WBGene00189993.,0,15,15
WBGene00189995.,7,5,12
WBGene00194641.,213,775,988
WBGene00194642.,94,252,346
WBGene00194643.,68,36,104
WBGene00194644.,37,181,218
WBGene00194645.,3,6,9
WBGene00194646.,0,7,7
WBGene00194647.,0,0,0
WBGene00194649.,5,26,31
WBGene00194650.,13,5,18
WBGene00194651.,84,366,450
WBGene00194652.,16,6,22
WBGene00194653.,18,2,20
WBGene00194654.,8,18,26
WBGene00194656.,6,6,12
WBGene00194657.,36,125,161
WBGene00194658.,79,1275,1354
WBGene00194659.,7,51,58
WBGene00194660.,0,19,19
WBGene00194661.,7,7,14
WBGene00194663.,4,19,23
WBGene00194664.,10,35,45
WBGene00194665.,29,9,38
WBGene00194666.,2,8,10
WBGene00194667.,200,75,275
WBGene00194668.,1,1,2
WBGene00194669.,20,7,27
WBGene00194670.,6,5,11
WBGene00194672.,0,10,10
WBGene00194673.,5,0,5
WBGene00194674.,12,24,36
WBGene00194675.,9,6,15
WBGene00194676.,8,7,15
WBGene00194677.,13,4,17
WBGene00194678.,0,2,2
WBGene00194679.,13,110,123
WBGene00194680.,81,503,584
WBGene00194681.,164,1110,1274
WBGene00194682.,14,42,56
WBGene00194683.,34,158,192
WBGene00194684.,17,15,32
WBGene00194686.,0,0,0
WBGene00194687.,8,17,25
WBGene00194689.,34,240,274
WBGene00194690.,3,14,17
WBGene00194691.,7,4,11
WBGene00194692.,410,3026,3436
WBGene00194695.,3,11,14
WBGene00194696.,1,0,1
WBGene00194697.,28,22,50
WBGene00194698.,0,0,0
WBGene00194699.,0,5,5
WBGene00194700.,4,5,9
WBGene00194701.,16,26,42
WBGene00194702.,28,4,32
WBGene00194703.,0,5,5
WBGene00194704.,7,1,8
WBGene00194706.,35,185,220
WBGene00194707.,33,382,415
WBGene00194708.,2,15,17
WBGene00194710.,149,396,545
WBGene00194711.,15,24,39
WBGene00194712.,21,43,64
WBGene00194713.,0,36,36
WBGene00194714.,2,4,6
WBGene00194715.,5,5,10
WBGene00194716.,0,36,36
WBGene00194717.,8,12,20
WBGene00194725.,0,14,14
WBGene00194726.,8,24,32
WBGene00194727.,19,29,48
WBGene00194729.,10,46,56
WBGene00194730.,4,0,4
WBGene00194731.,32,79,111
WBGene00194733.,3,1,4
WBGene00194734.,14,6,20
WBGene00194735.,8,30,38
WBGene00194737.,34,3,37
WBGene00194738.,2,3,5
WBGene00194742.,13,90,103
WBGene00194744.,6,18,24
WBGene00194746.,6,2,8
WBGene00194747.,61,470,531
WBGene00194748.,0,121,121
WBGene00194759.,0,0,0
WBGene00194768.,0,12,12
WBGene00194769.,83,60,143
WBGene00194771.,3,11,14
WBGene00194780.,4,3,7
WBGene00194783.,0,3,3
WBGene00194784.,6,7,13
WBGene00194785.,3,3,6
WBGene00194786.,30,8,38
WBGene00194787.,4,2,6
WBGene00194788.,6,4,10
WBGene00194792.,7,11,18
WBGene00194793.,4,15,19
WBGene00194794.,1,18,19
WBGene00194795.,4,26,30
WBGene00194799.,0,3,3
WBGene00194800.,3,9,12
WBGene00194801.,3,7,10
WBGene00194802.,0,0,0
WBGene00194803.,7,22,29
WBGene00194804.,0,8,8
WBGene00194805.,0,0,0
WBGene00194806.,0,1,1
WBGene00194807.,0,1,1
WBGene00194808.,0,0,0
WBGene00194809.,0,0,0
WBGene00194810.,0,2,2
WBGene00194811.,1,1,2
WBGene00194812.,0,38,38
WBGene00194814.,36,253,289
WBGene00194815.,40,19,59
WBGene00194816.,12,20,32
WBGene00194821.,4,16,20
WBGene00194822.,0,0,0
WBGene00194823.,0,0,0
WBGene00194824.,0,6,6
WBGene00194825.,0,3,3
WBGene00194826.,0,6,6
WBGene00194827.,0,9,9
WBGene00194828.,0,0,0
WBGene00194829.,0,1,1
WBGene00194830.,0,2,2
WBGene00194831.,0,0,0
WBGene00194832.,0,26,26
WBGene00194833.,2,4,6
WBGene00194834.,2,1,3
WBGene00194835.,6,25,31
WBGene00194836.,385,124,509
WBGene00194839.,0,13,13
WBGene00194840.,0,0,0
WBGene00194841.,4,2,6
WBGene00194842.,93,14,107
WBGene00194843.,16,11,27
WBGene00194844.,26,10,36
WBGene00194847.,35,45,80
WBGene00194848.,22,16,38
WBGene00194849.,10,8,18
WBGene00194850.,2,3,5
WBGene00194851.,0,0,0
WBGene00194852.,13,32,45
WBGene00194853.,12,1,13
WBGene00194854.,10,1,11
WBGene00194855.,45,194,239
WBGene00194856.,160,93,253
WBGene00194861.,3,25,28
WBGene00194864.,7,0,7
WBGene00194865.,10,1,11
WBGene00194866.,36,51,87
WBGene00194867.,1,10,11
WBGene00194868.,68,22,90
WBGene00194869.,0,680,680
WBGene00194870.,38,15,53
WBGene00194871.,7,1,8
WBGene00194883.,25,314,339
WBGene00194884.,7,0,7
WBGene00194885.,1,0,1
WBGene00194886.,1,18,19
WBGene00194888.,9,4,13
WBGene00194890.,151,0,151
WBGene00194891.,1,2,3
WBGene00194892.,41,97,138
WBGene00194894.,1,2,3
WBGene00194895.,13,38,51
WBGene00194896.,80,3,83
WBGene00194898.,2,0,2
WBGene00194902.,22,5,27
WBGene00194905.,131,433,564
WBGene00194906.,15,17,32
WBGene00194907.,3,18,21
WBGene00194908.,131,304,435
WBGene00194909.,74,331,405
WBGene00194910.,64,111,175
WBGene00194912.,8,8,16
WBGene00194913.,137,171,308
WBGene00194914.,0,6,6
WBGene00194915.,32,120,152
WBGene00194916.,12,15,27
WBGene00194917.,31,22,53
WBGene00194918.,2,4,6
WBGene00194919.,5,9,14
WBGene00194920.,7,4,11
WBGene00194921.,142,862,1004
WBGene00194922.,0,4,4
WBGene00194923.,0,40,40
WBGene00194924.,0,1,1
WBGene00194925.,0,0,0
WBGene00194926.,111,496,607
WBGene00194927.,4,6,10
WBGene00194928.,43,129,172
WBGene00194929.,0,30,30
WBGene00194930.,0,10,10
WBGene00194931.,0,3,3
WBGene00194932.,1,4,5
WBGene00194933.,0,4,4
WBGene00194934.,11,73,84
WBGene00194935.,0,0,0
WBGene00194939.,5,7,12
WBGene00194940.,0,20,20
WBGene00194945.,5,2,7
WBGene00194951.,0,5,5
WBGene00194952.,6,14,20
WBGene00194955.,75,42,117
WBGene00194957.,8,45,53
WBGene00194981.,10,4,14
WBGene00194982.,43,338,381
WBGene00194983.,0,0,0
WBGene00194984.,0,0,0
WBGene00194985.,7,5,12
WBGene00194986.,0,0,0
WBGene00194987.,0,2,2
WBGene00194988.,0,0,0
WBGene00194989.,0,0,0
WBGene00194990.,0,1,1
WBGene00194991.,0,1,1
WBGene00194992.,0,13,13
WBGene00194993.,0,14,14
WBGene00194994.,0,1,1
WBGene00194995.,0,10,10
WBGene00194996.,0,0,0
WBGene00194997.,0,2,2
WBGene00194998.,10,64,74
WBGene00194999.,0,1,1
WBGene00195000.,0,32,32
WBGene00195001.,0,2,2
WBGene00195002.,0,0,0
WBGene00195003.,11,8,19
WBGene00195004.,45,10,55
WBGene00195005.,0,120,120
WBGene00195006.,9,6,15
WBGene00195007.,0,0,0
WBGene00195008.,0,0,0
WBGene00195009.,1,3,4
WBGene00195010.,0,2,2
WBGene00195011.,46,91,137
WBGene00195012.,26,9,35
WBGene00195016.,0,20,20
WBGene00195017.,0,18,18
WBGene00195018.,0,0,0
WBGene00195019.,0,0,0
WBGene00195020.,0,0,0
WBGene00195021.,0,6,6
WBGene00195022.,0,0,0
WBGene00195023.,0,0,0
WBGene00195024.,0,14,14
WBGene00195025.,0,0,0
WBGene00195026.,0,0,0
WBGene00195027.,0,0,0
WBGene00195028.,0,0,0
WBGene00195029.,0,0,0
WBGene00195030.,0,0,0
WBGene00195031.,0,0,0
WBGene00195032.,0,0,0
WBGene00195033.,0,0,0
WBGene00195034.,0,1,1
WBGene00195035.,0,6,6
WBGene00195036.,0,1,1
WBGene00195037.,0,0,0
WBGene00195038.,0,0,0
WBGene00195039.,0,0,0
WBGene00195040.,0,59,59
WBGene00195043.,0,226,226
WBGene00195045.,7,10,17
WBGene00195046.,5,6,11
WBGene00195048.,8,6,14
WBGene00195049.,26,44,70
WBGene00195050.,8,103,111
WBGene00195051.,0,10,10
WBGene00195056.,83,499,582
WBGene00195057.,7,7,14
WBGene00195058.,70,4,74
WBGene00195060.,92,1356,1448
WBGene00195061.,13,17,30
WBGene00195063.,82,564,646
WBGene00195064.,15,2,17
WBGene00195065.,2,4,6
WBGene00195067.,33,172,205
WBGene00195068.,21,5,26
WBGene00195069.,8,35,43
WBGene00195070.,0,4,4
WBGene00195071.,0,3,3
WBGene00195072.,2,1,3
WBGene00195073.,233,805,1038
WBGene00195077.,2,11,13
WBGene00195081.,24,69,93
WBGene00195084.,46,169,215
WBGene00195086.,16,236,252
WBGene00195093.,97,717,814
WBGene00195117.,8,17,25
WBGene00195142.,0,341,341
WBGene00195143.,192,439,631
WBGene00195144.,3,11,14
WBGene00195145.,34,35,69
WBGene00195146.,0,219,219
WBGene00195147.,34,27,61
WBGene00195148.,18,3,21
WBGene00195149.,2,4,6
WBGene00195150.,2,6,8
WBGene00195151.,0,1,1
WBGene00195154.,1,4,5
WBGene00195155.,0,11,11
WBGene00195157.,34,15,49
WBGene00195158.,2,3,5
WBGene00195159.,0,30,30
WBGene00195160.,0,0,0
WBGene00195164.,4,90,94
WBGene00195165.,9,10,19
WBGene00195166.,40,438,478
WBGene00195168.,3,10,13
WBGene00195169.,28,41,69
WBGene00195170.,24,165,189
WBGene00195171.,39,6,45
WBGene00195172.,22,1,23
WBGene00195174.,19,9,28
WBGene00195175.,0,535,535
WBGene00195176.,14,29,43
WBGene00195177.,0,11,11
WBGene00195178.,8,13,21
WBGene00195179.,38,177,215
WBGene00195180.,21,26,47
WBGene00195181.,0,6,6
WBGene00195182.,14,16,30
WBGene00195183.,9,13,22
WBGene00195184.,14,43,57
WBGene00195185.,643,654,1297
WBGene00195186.,81,229,310
WBGene00195188.,3,3,6
WBGene00195189.,42,38,80
WBGene00195192.,67,30,97
WBGene00195208.,7,44,51
WBGene00195209.,0,120,120
WBGene00195210.,11,47,58
WBGene00195211.,40,7,47
WBGene00195212.,115,255,370
WBGene00195213.,1,2,3
WBGene00195214.,0,1,1
WBGene00195215.,16,7,23
WBGene00195226.,18,15,33
WBGene00195227.,9,25,34
WBGene00195228.,9,4,13
WBGene00195229.,1,0,1
WBGene00195230.,0,1,1
WBGene00195231.,0,1,1
WBGene00195232.,3,4,7
WBGene00195233.,214,2153,2367
WBGene00195234.,2,1,3
WBGene00195235.,3,2,5
WBGene00195236.,0,0,0
WBGene00195237.,0,0,0
WBGene00195238.,0,3,3
WBGene00195239.,49,306,355
WBGene00195240.,0,7,7
WBGene00195241.,0,0,0
WBGene00195242.,3,9,12
WBGene00195243.,8,12,20
WBGene00195244.,5,12,17
WBGene00195245.,0,30,30
WBGene00195246.,22,23,45
WBGene00195247.,3,0,3
WBGene00195248.,17,31,48
WBGene00195250.,6,11,17
WBGene00195252.,58,10,68
WBGene00195253.,44,164,208
WBGene00195254.,13,10,23
WBGene00195255.,35,44,79
WBGene00195256.,2,1,3
WBGene00195257.,38,58,96
WBGene00195258.,0,2,2
WBGene00195259.,0,1,1
WBGene00195260.,0,0,0
WBGene00195261.,0,8,8
WBGene00195262.,0,5,5
WBGene00195263.,0,2,2
WBGene00195264.,0,9,9
WBGene00195265.,0,5,5
WBGene00195266.,0,7,7
WBGene00195267.,0,0,0
WBGene00195268.,0,4,4
WBGene00195269.,0,3,3
WBGene00195270.,0,1,1
WBGene00195271.,0,0,0
WBGene00195272.,0,0,0
WBGene00195273.,0,0,0
WBGene00195274.,0,0,0
WBGene00195275.,0,1,1
WBGene00195276.,0,0,0
WBGene00195277.,0,4,4
WBGene00195278.,0,6,6
WBGene00195279.,0,1,1
WBGene00195280.,0,6,6
WBGene00195281.,0,0,0
WBGene00195282.,0,0,0
WBGene00195283.,0,4,4
WBGene00195284.,0,0,0
WBGene00195285.,0,0,0
WBGene00195286.,0,5,5
WBGene00195287.,0,6,6
WBGene00195288.,0,0,0
WBGene00195289.,0,1,1
WBGene00195290.,0,1,1
WBGene00195291.,0,1,1
WBGene00195292.,0,0,0
WBGene00195293.,0,1,1
WBGene00195294.,0,14,14
WBGene00195295.,0,14,14
WBGene00195296.,0,2,2
WBGene00195297.,0,0,0
WBGene00195298.,0,0,0
WBGene00195299.,0,0,0
WBGene00195300.,0,1,1
WBGene00195301.,0,0,0
WBGene00195302.,0,5,5
WBGene00195303.,0,0,0
WBGene00195304.,0,0,0
WBGene00195305.,0,0,0
WBGene00195306.,0,3,3
WBGene00195307.,0,0,0
WBGene00195308.,0,12,12
WBGene00195309.,0,6,6
WBGene00195310.,0,4,4
WBGene00195311.,0,0,0
WBGene00195312.,0,0,0
WBGene00195313.,0,1,1
WBGene00195314.,0,0,0
WBGene00195315.,0,0,0
WBGene00195316.,0,0,0
WBGene00195317.,0,2,2
WBGene00195318.,0,0,0
WBGene00195319.,0,8,8
WBGene00195320.,0,0,0
WBGene00195321.,0,0,0
WBGene00195322.,0,0,0
WBGene00195323.,0,0,0
WBGene00195324.,0,2,2
WBGene00195325.,0,7,7
WBGene00195326.,0,3,3
WBGene00195327.,0,10,10
WBGene00195328.,0,4,4
WBGene00195329.,0,4,4
WBGene00195330.,0,33,33
WBGene00195331.,0,20,20
WBGene00195332.,0,0,0
WBGene00195333.,0,11,11
WBGene00195334.,0,0,0
WBGene00195335.,0,4,4
WBGene00195336.,0,5,5
WBGene00195337.,0,8,8
WBGene00195338.,0,1,1
WBGene00195339.,0,0,0
WBGene00195340.,0,2,2
WBGene00195341.,0,0,0
WBGene00195342.,0,0,0
WBGene00195343.,0,9,9
WBGene00195344.,0,0,0
WBGene00195345.,0,0,0
WBGene00195346.,0,0,0
WBGene00195347.,0,12,12
WBGene00195348.,0,1,1
WBGene00195349.,0,1,1
WBGene00195350.,0,0,0
WBGene00195351.,0,7,7
WBGene00195352.,0,0,0
WBGene00195353.,0,4,4
WBGene00195354.,0,6,6
WBGene00195355.,0,0,0
WBGene00195356.,0,71,71
WBGene00195357.,0,0,0
WBGene00195358.,0,0,0
WBGene00195359.,0,2,2
WBGene00195360.,0,1,1
WBGene00195361.,0,0,0
WBGene00195362.,0,0,0
WBGene00195363.,0,23,23
WBGene00195364.,0,6,6
WBGene00195365.,0,5,5
WBGene00195366.,0,26,26
WBGene00195367.,0,0,0
WBGene00195368.,0,0,0
WBGene00195369.,0,2,2
WBGene00195370.,0,12,12
WBGene00195371.,0,5,5
WBGene00195372.,0,2,2
WBGene00195373.,0,1,1
WBGene00195374.,0,4,4
WBGene00195375.,0,0,0
WBGene00195376.,0,6,6
WBGene00195377.,0,0,0
WBGene00195378.,0,3,3
WBGene00195379.,0,0,0
WBGene00195380.,0,2,2
WBGene00195381.,0,0,0
WBGene00195382.,0,22,22
WBGene00195383.,0,0,0
WBGene00195384.,0,0,0
WBGene00195385.,0,0,0
WBGene00195386.,0,3,3
WBGene00195387.,0,0,0
WBGene00195388.,0,2,2
WBGene00195389.,0,4,4
WBGene00195390.,0,4,4
WBGene00195391.,0,2,2
WBGene00195392.,0,8,8
WBGene00195393.,0,2,2
WBGene00195394.,0,0,0
WBGene00195395.,0,0,0
WBGene00195396.,0,0,0
WBGene00195397.,0,4,4
WBGene00195398.,0,12,12
WBGene00195399.,0,4,4
WBGene00195400.,0,20,20
WBGene00195401.,0,1,1
WBGene00195402.,0,8,8
WBGene00195403.,0,14,14
WBGene00195404.,0,2,2
WBGene00195405.,0,9,9
WBGene00195406.,0,10,10
WBGene00195407.,0,2,2
WBGene00195408.,0,1,1
WBGene00195409.,0,0,0
WBGene00195410.,0,0,0
WBGene00195411.,0,0,0
WBGene00195412.,0,1,1
WBGene00195413.,0,3,3
WBGene00195414.,0,16,16
WBGene00195415.,0,0,0
WBGene00195416.,0,10,10
WBGene00195417.,0,6,6
WBGene00195418.,0,2,2
WBGene00195419.,0,0,0
WBGene00195420.,0,0,0
WBGene00195421.,0,6,6
WBGene00195422.,0,0,0
WBGene00195423.,0,3,3
WBGene00195424.,0,4,4
WBGene00195425.,0,0,0
WBGene00195426.,0,24,24
WBGene00195427.,0,15,15
WBGene00195428.,0,1,1
WBGene00195429.,0,2,2
WBGene00195430.,0,2,2
WBGene00195431.,0,0,0
WBGene00195432.,0,1,1
WBGene00195433.,0,0,0
WBGene00195434.,0,0,0
WBGene00195435.,0,0,0
WBGene00195436.,0,24,24
WBGene00195437.,0,0,0
WBGene00195438.,0,5,5
WBGene00195439.,0,0,0
WBGene00195440.,0,2,2
WBGene00195441.,0,6,6
WBGene00195442.,0,7,7
WBGene00195443.,0,0,0
WBGene00195444.,0,5,5
WBGene00195445.,0,0,0
WBGene00195446.,0,0,0
WBGene00195447.,0,4,4
WBGene00195448.,0,12,12
WBGene00195449.,0,0,0
WBGene00195450.,0,2,2
WBGene00195451.,0,0,0
WBGene00195452.,0,1,1
WBGene00195453.,0,17,17
WBGene00195454.,0,21,21
WBGene00195455.,0,1,1
WBGene00195456.,0,15,15
WBGene00195457.,0,0,0
WBGene00195458.,0,7,7
WBGene00195459.,0,0,0
WBGene00195460.,0,0,0
WBGene00195461.,0,0,0
WBGene00195462.,0,0,0
WBGene00195463.,0,0,0
WBGene00195464.,0,0,0
WBGene00195465.,0,1,1
WBGene00195466.,0,2,2
WBGene00195467.,0,6,6
WBGene00195468.,0,0,0
WBGene00195469.,0,0,0
WBGene00195470.,0,3,3
WBGene00195471.,0,4,4
WBGene00195472.,0,5,5
WBGene00195473.,0,11,11
WBGene00195474.,0,41,41
WBGene00195475.,0,0,0
WBGene00195476.,0,0,0
WBGene00195477.,0,1,1
WBGene00195478.,0,0,0
WBGene00195479.,0,2,2
WBGene00195480.,0,1,1
WBGene00195481.,0,0,0
WBGene00195482.,0,0,0
WBGene00195483.,0,7,7
WBGene00195484.,0,19,19
WBGene00195485.,0,7,7
WBGene00195486.,0,11,11
WBGene00195487.,0,25,25
WBGene00195488.,0,0,0
WBGene00195489.,0,0,0
WBGene00195490.,0,2,2
WBGene00195491.,0,5,5
WBGene00195492.,0,0,0
WBGene00195493.,0,21,21
WBGene00195494.,0,17,17
WBGene00195495.,0,5,5
WBGene00195496.,0,5,5
WBGene00195497.,0,18,18
WBGene00195498.,0,0,0
WBGene00195499.,0,1,1
WBGene00195500.,0,2,2
WBGene00195501.,0,4,4
WBGene00195502.,0,4,4
WBGene00195503.,0,0,0
WBGene00195504.,0,7,7
WBGene00195505.,0,5,5
WBGene00195506.,0,3,3
WBGene00195507.,0,0,0
WBGene00195508.,0,0,0
WBGene00195509.,0,3,3
WBGene00195510.,0,2,2
WBGene00195511.,0,13,13
WBGene00195512.,0,11,11
WBGene00195513.,0,1,1
WBGene00195514.,0,5,5
WBGene00195515.,0,3,3
WBGene00195516.,0,0,0
WBGene00195517.,0,1,1
WBGene00195518.,0,4,4
WBGene00195519.,0,0,0
WBGene00195520.,0,2,2
WBGene00195521.,0,10,10
WBGene00195522.,0,0,0
WBGene00195523.,0,0,0
WBGene00195524.,0,10,10
WBGene00195525.,0,4,4
WBGene00195526.,0,4,4
WBGene00195527.,0,1,1
WBGene00195528.,0,7,7
WBGene00195529.,0,0,0
WBGene00195530.,0,0,0
WBGene00195531.,0,3,3
WBGene00195532.,0,1,1
WBGene00195533.,0,0,0
WBGene00195534.,0,1,1
WBGene00195535.,0,0,0
WBGene00195536.,0,4,4
WBGene00195537.,0,0,0
WBGene00195538.,0,0,0
WBGene00195539.,0,1,1
WBGene00195540.,0,1,1
WBGene00195541.,0,2,2
WBGene00195542.,0,52,52
WBGene00195543.,0,8,8
WBGene00195544.,0,0,0
WBGene00195545.,0,2,2
WBGene00195546.,0,0,0
WBGene00195547.,0,2,2
WBGene00195548.,0,0,0
WBGene00195549.,0,3,3
WBGene00195550.,0,6,6
WBGene00195551.,0,4,4
WBGene00195552.,0,21,21
WBGene00195553.,0,0,0
WBGene00195554.,0,1,1
WBGene00195555.,0,3,3
WBGene00195556.,0,11,11
WBGene00195557.,0,0,0
WBGene00195558.,0,0,0
WBGene00195559.,0,1,1
WBGene00195560.,0,0,0
WBGene00195561.,0,2,2
WBGene00195562.,0,18,18
WBGene00195563.,0,14,14
WBGene00195564.,0,13,13
WBGene00195565.,0,0,0
WBGene00195566.,0,1,1
WBGene00195567.,0,0,0
WBGene00195568.,0,8,8
WBGene00195569.,0,0,0
WBGene00195570.,0,8,8
WBGene00195571.,0,0,0
WBGene00195572.,0,8,8
WBGene00195573.,0,0,0
WBGene00195574.,0,10,10
WBGene00195575.,0,6,6
WBGene00195576.,0,7,7
WBGene00195577.,0,0,0
WBGene00195578.,0,15,15
WBGene00195579.,0,5,5
WBGene00195580.,0,0,0
WBGene00195581.,0,0,0
WBGene00195582.,0,0,0
WBGene00195583.,0,0,0
WBGene00195584.,0,1,1
WBGene00195585.,0,4,4
WBGene00195586.,0,5,5
WBGene00195587.,0,0,0
WBGene00195588.,0,55,55
WBGene00195589.,0,0,0
WBGene00195590.,0,13,13
WBGene00195591.,0,8,8
WBGene00195592.,0,0,0
WBGene00195593.,0,2,2
WBGene00195594.,0,2,2
WBGene00195595.,0,2,2
WBGene00195596.,0,8,8
WBGene00195597.,0,0,0
WBGene00195598.,0,1,1
WBGene00195599.,0,0,0
WBGene00195600.,0,0,0
WBGene00195601.,0,24,24
WBGene00195602.,0,2,2
WBGene00195603.,0,0,0
WBGene00195604.,0,0,0
WBGene00195605.,0,0,0
WBGene00195606.,0,7,7
WBGene00195607.,0,2,2
WBGene00195608.,0,0,0
WBGene00195609.,0,0,0
WBGene00195610.,0,0,0
WBGene00195611.,0,3,3
WBGene00195612.,0,0,0
WBGene00195613.,0,6,6
WBGene00195614.,0,1,1
WBGene00195615.,0,9,9
WBGene00195616.,0,8,8
WBGene00195617.,0,0,0
WBGene00195618.,0,1,1
WBGene00195619.,0,2,2
WBGene00195620.,0,0,0
WBGene00195621.,0,15,15
WBGene00195622.,0,1,1
WBGene00195623.,0,15,15
WBGene00195624.,0,0,0
WBGene00195625.,0,0,0
WBGene00195626.,0,0,0
WBGene00195627.,0,0,0
WBGene00195628.,0,1,1
WBGene00195629.,0,0,0
WBGene00195630.,0,7,7
WBGene00195631.,0,0,0
WBGene00195632.,0,0,0
WBGene00195633.,0,0,0
WBGene00195634.,0,0,0
WBGene00195635.,0,3,3
WBGene00195636.,0,7,7
WBGene00195637.,0,4,4
WBGene00195638.,0,0,0
WBGene00195639.,0,7,7
WBGene00195640.,0,0,0
WBGene00195641.,0,0,0
WBGene00195642.,0,6,6
WBGene00195643.,0,0,0
WBGene00195644.,0,0,0
WBGene00195645.,0,2,2
WBGene00195646.,0,12,12
WBGene00195647.,0,13,13
WBGene00195648.,0,6,6
WBGene00195649.,0,0,0
WBGene00195650.,0,14,14
WBGene00195651.,0,2,2
WBGene00195652.,0,0,0
WBGene00195653.,0,0,0
WBGene00195654.,0,0,0
WBGene00195655.,0,1,1
WBGene00195656.,0,3,3
WBGene00195657.,0,4,4
WBGene00195658.,0,0,0
WBGene00195659.,0,4,4
WBGene00195660.,0,0,0
WBGene00195661.,0,8,8
WBGene00195662.,0,0,0
WBGene00195663.,0,3,3
WBGene00195664.,0,3,3
WBGene00195665.,0,1,1
WBGene00195666.,0,5,5
WBGene00195667.,0,0,0
WBGene00195668.,0,0,0
WBGene00195669.,0,4,4
WBGene00195670.,0,3,3
WBGene00195671.,0,1,1
WBGene00195672.,0,1,1
WBGene00195673.,0,0,0
WBGene00195674.,0,2,2
WBGene00195675.,0,2,2
WBGene00195676.,0,0,0
WBGene00195677.,0,1,1
WBGene00195678.,0,0,0
WBGene00195679.,0,0,0
WBGene00195680.,0,0,0
WBGene00195681.,0,0,0
WBGene00195682.,0,0,0
WBGene00195683.,0,6,6
WBGene00195684.,0,0,0
WBGene00195685.,0,9,9
WBGene00195686.,0,0,0
WBGene00195687.,0,13,13
WBGene00195688.,0,0,0
WBGene00195689.,0,1,1
WBGene00195690.,0,0,0
WBGene00195691.,0,7,7
WBGene00195692.,0,3,3
WBGene00195693.,0,28,28
WBGene00195694.,0,1,1
WBGene00195695.,0,0,0
WBGene00195696.,0,1,1
WBGene00195697.,0,0,0
WBGene00195698.,0,0,0
WBGene00195699.,0,4,4
WBGene00195700.,0,0,0
WBGene00195701.,0,1,1
WBGene00195702.,0,0,0
WBGene00195703.,0,7,7
WBGene00195704.,0,2,2
WBGene00195705.,0,29,29
WBGene00195706.,0,0,0
WBGene00195707.,0,0,0
WBGene00195708.,0,15,15
WBGene00195709.,0,0,0
WBGene00195710.,0,1,1
WBGene00195711.,0,0,0
WBGene00195712.,0,2,2
WBGene00195713.,0,11,11
WBGene00195714.,0,0,0
WBGene00195715.,0,5,5
WBGene00195716.,0,4,4
WBGene00195717.,0,3,3
WBGene00195718.,0,1,1
WBGene00195719.,0,1,1
WBGene00195720.,0,14,14
WBGene00195721.,0,1,1
WBGene00195722.,0,11,11
WBGene00195723.,0,9,9
WBGene00195724.,0,2,2
WBGene00195725.,0,12,12
WBGene00195726.,0,6,6
WBGene00195727.,0,1,1
WBGene00195728.,0,127,127
WBGene00195729.,0,0,0
WBGene00195730.,0,2,2
WBGene00195731.,0,12,12
WBGene00195732.,0,21,21
WBGene00195733.,0,0,0
WBGene00195734.,0,1,1
WBGene00195735.,0,20,20
WBGene00195736.,0,0,0
WBGene00195737.,0,10,10
WBGene00195738.,0,0,0
WBGene00195739.,0,5,5
WBGene00195740.,0,30,30
WBGene00195741.,0,0,0
WBGene00195742.,0,0,0
WBGene00195743.,0,0,0
WBGene00195744.,0,30,30
WBGene00195745.,0,2,2
WBGene00195746.,0,1,1
WBGene00195747.,0,3,3
WBGene00195748.,0,0,0
WBGene00195749.,0,0,0
WBGene00195750.,0,0,0
WBGene00195751.,0,0,0
WBGene00195752.,0,14,14
WBGene00195753.,0,0,0
WBGene00195754.,0,0,0
WBGene00195755.,0,0,0
WBGene00195756.,0,0,0
WBGene00195757.,0,0,0
WBGene00195758.,0,2,2
WBGene00195759.,0,6,6
WBGene00195760.,0,0,0
WBGene00195761.,0,7,7
WBGene00195762.,0,3,3
WBGene00195763.,0,0,0
WBGene00195764.,0,2,2
WBGene00195765.,0,11,11
WBGene00195766.,0,3,3
WBGene00195767.,0,2,2
WBGene00195768.,0,1,1
WBGene00195769.,0,2,2
WBGene00195770.,0,1,1
WBGene00195771.,0,0,0
WBGene00195772.,0,0,0
WBGene00195773.,0,1,1
WBGene00195774.,0,0,0
WBGene00195775.,0,13,13
WBGene00195776.,0,5,5
WBGene00195777.,0,8,8
WBGene00195778.,0,0,0
WBGene00195779.,0,0,0
WBGene00195780.,0,12,12
WBGene00195781.,0,0,0
WBGene00195782.,0,20,20
WBGene00195783.,0,4,4
WBGene00195784.,0,25,25
WBGene00195785.,0,36,36
WBGene00195786.,0,25,25
WBGene00195787.,0,15,15
WBGene00195788.,0,0,0
WBGene00195789.,0,2,2
WBGene00195790.,0,8,8
WBGene00195791.,0,6,6
WBGene00195792.,0,5,5
WBGene00195793.,0,5,5
WBGene00195794.,0,3,3
WBGene00195795.,0,3,3
WBGene00195796.,0,0,0
WBGene00195797.,0,0,0
WBGene00195798.,0,0,0
WBGene00195799.,0,0,0
WBGene00195800.,0,0,0
WBGene00195801.,0,2,2
WBGene00195802.,0,0,0
WBGene00195803.,0,1,1
WBGene00195804.,0,2,2
WBGene00195805.,0,0,0
WBGene00195806.,0,8,8
WBGene00195807.,0,20,20
WBGene00195808.,0,1,1
WBGene00195809.,0,0,0
WBGene00195810.,0,1,1
WBGene00195811.,0,2,2
WBGene00195812.,0,0,0
WBGene00195813.,0,0,0
WBGene00195814.,0,18,18
WBGene00195815.,0,0,0
WBGene00195816.,0,0,0
WBGene00195817.,0,1,1
WBGene00195818.,0,4,4
WBGene00195819.,0,3,3
WBGene00195820.,0,2,2
WBGene00195821.,0,0,0
WBGene00195822.,0,1,1
WBGene00195823.,0,6,6
WBGene00195824.,0,1,1
WBGene00195825.,0,0,0
WBGene00195826.,0,16,16
WBGene00195827.,0,0,0
WBGene00195828.,0,0,0
WBGene00195829.,0,0,0
WBGene00195830.,0,1,1
WBGene00195831.,0,2,2
WBGene00195832.,0,0,0
WBGene00195833.,0,25,25
WBGene00195834.,0,4,4
WBGene00195835.,0,0,0
WBGene00195836.,0,6,6
WBGene00195837.,0,7,7
WBGene00195838.,0,2,2
WBGene00195839.,0,8,8
WBGene00195840.,0,8,8
WBGene00195841.,0,4,4
WBGene00195842.,0,3,3
WBGene00195843.,0,7,7
WBGene00195844.,0,1,1
WBGene00195845.,0,3,3
WBGene00195846.,0,13,13
WBGene00195847.,0,6,6
WBGene00195848.,0,5,5
WBGene00195849.,0,0,0
WBGene00195850.,0,1,1
WBGene00195851.,0,8,8
WBGene00195852.,0,3,3
WBGene00195853.,0,22,22
WBGene00195854.,0,0,0
WBGene00195855.,0,0,0
WBGene00195856.,0,10,10
WBGene00195857.,0,0,0
WBGene00195858.,0,0,0
WBGene00195859.,0,5,5
WBGene00195860.,0,0,0
WBGene00195861.,0,8,8
WBGene00195862.,0,7,7
WBGene00195863.,0,2,2
WBGene00195864.,0,20,20
WBGene00195865.,0,3,3
WBGene00195866.,0,28,28
WBGene00195867.,0,0,0
WBGene00195868.,0,10,10
WBGene00195869.,0,0,0
WBGene00195870.,0,0,0
WBGene00195871.,0,9,9
WBGene00195872.,0,0,0
WBGene00195873.,0,0,0
WBGene00195874.,0,1,1
WBGene00195875.,0,1,1
WBGene00195876.,0,8,8
WBGene00195877.,0,1,1
WBGene00195878.,0,4,4
WBGene00195879.,0,3,3
WBGene00195880.,0,1,1
WBGene00195881.,0,0,0
WBGene00195882.,0,35,35
WBGene00195883.,0,2,2
WBGene00195884.,0,1,1
WBGene00195885.,0,1,1
WBGene00195886.,0,3,3
WBGene00195887.,0,109,109
WBGene00195888.,0,0,0
WBGene00195889.,0,20,20
WBGene00195890.,0,8,8
WBGene00195891.,0,1,1
WBGene00195892.,0,2,2
WBGene00195893.,0,2,2
WBGene00195894.,0,0,0
WBGene00195895.,0,0,0
WBGene00195896.,0,3,3
WBGene00195897.,0,7,7
WBGene00195898.,0,3,3
WBGene00195899.,0,27,27
WBGene00195900.,0,5,5
WBGene00195901.,0,6,6
WBGene00195902.,0,0,0
WBGene00195903.,0,0,0
WBGene00195904.,0,0,0
WBGene00195905.,0,0,0
WBGene00195906.,0,2,2
WBGene00195907.,0,14,14
WBGene00195908.,0,1,1
WBGene00195909.,0,10,10
WBGene00195910.,0,16,16
WBGene00195911.,0,0,0
WBGene00195912.,0,0,0
WBGene00195913.,0,0,0
WBGene00195914.,0,53,53
WBGene00195915.,0,7,7
WBGene00195916.,0,0,0
WBGene00195917.,0,0,0
WBGene00195918.,0,0,0
WBGene00195919.,0,2,2
WBGene00195920.,0,0,0
WBGene00195921.,0,86,86
WBGene00195922.,0,0,0
WBGene00195923.,0,16,16
WBGene00195924.,0,1,1
WBGene00195925.,0,0,0
WBGene00195926.,0,8,8
WBGene00195927.,0,14,14
WBGene00195928.,0,0,0
WBGene00195929.,0,0,0
WBGene00195930.,0,1,1
WBGene00195931.,0,0,0
WBGene00195932.,0,5,5
WBGene00195933.,0,0,0
WBGene00195934.,0,4,4
WBGene00195935.,0,11,11
WBGene00195936.,0,4,4
WBGene00195937.,0,0,0
WBGene00195938.,0,0,0
WBGene00195939.,0,22,22
WBGene00195940.,0,5,5
WBGene00195941.,0,3,3
WBGene00195942.,0,4,4
WBGene00195943.,0,0,0
WBGene00195944.,0,3,3
WBGene00195945.,0,0,0
WBGene00195946.,0,4,4
WBGene00195947.,0,20,20
WBGene00195948.,0,0,0
WBGene00195949.,0,2,2
WBGene00195950.,0,0,0
WBGene00195951.,0,0,0
WBGene00195952.,0,24,24
WBGene00195953.,0,4,4
WBGene00195954.,0,1,1
WBGene00195955.,0,0,0
WBGene00195956.,0,1,1
WBGene00195957.,0,19,19
WBGene00195958.,0,0,0
WBGene00195959.,0,5,5
WBGene00195960.,0,1,1
WBGene00195961.,0,12,12
WBGene00195962.,0,0,0
WBGene00195963.,0,0,0
WBGene00195964.,0,2,2
WBGene00195965.,0,0,0
WBGene00195966.,0,4,4
WBGene00195967.,0,0,0
WBGene00195968.,0,9,9
WBGene00195969.,0,0,0
WBGene00195970.,0,10,10
WBGene00195971.,0,5,5
WBGene00195972.,0,0,0
WBGene00195973.,0,4,4
WBGene00195974.,0,15,15
WBGene00195975.,0,1,1
WBGene00195976.,0,2,2
WBGene00195977.,0,1,1
WBGene00195978.,0,5,5
WBGene00195979.,0,49,49
WBGene00195980.,0,7,7
WBGene00195981.,0,5,5
WBGene00195982.,0,1,1
WBGene00195983.,0,4,4
WBGene00195984.,0,11,11
WBGene00195985.,0,0,0
WBGene00195986.,0,0,0
WBGene00195987.,0,5,5
WBGene00195988.,0,4,4
WBGene00195989.,0,15,15
WBGene00195990.,0,8,8
WBGene00195991.,0,0,0
WBGene00195992.,0,59,59
WBGene00195993.,0,4,4
WBGene00195994.,0,9,9
WBGene00195995.,0,5,5
WBGene00195996.,0,0,0
WBGene00195997.,0,0,0
WBGene00195998.,0,0,0
WBGene00195999.,0,0,0
WBGene00196000.,0,0,0
WBGene00196001.,0,1,1
WBGene00196002.,0,9,9
WBGene00196003.,0,0,0
WBGene00196004.,0,2,2
WBGene00196005.,0,30,30
WBGene00196006.,0,0,0
WBGene00196007.,0,0,0
WBGene00196008.,0,5,5
WBGene00196009.,0,0,0
WBGene00196010.,0,1,1
WBGene00196011.,0,0,0
WBGene00196012.,0,0,0
WBGene00196013.,0,22,22
WBGene00196014.,0,0,0
WBGene00196015.,0,0,0
WBGene00196016.,0,0,0
WBGene00196017.,0,0,0
WBGene00196018.,0,1,1
WBGene00196019.,0,1,1
WBGene00196020.,0,5,5
WBGene00196021.,0,5,5
WBGene00196022.,0,0,0
WBGene00196023.,0,2,2
WBGene00196024.,0,13,13
WBGene00196025.,0,3,3
WBGene00196026.,0,12,12
WBGene00196027.,0,0,0
WBGene00196028.,0,0,0
WBGene00196029.,0,1,1
WBGene00196030.,0,0,0
WBGene00196031.,0,0,0
WBGene00196032.,0,1,1
WBGene00196033.,0,0,0
WBGene00196034.,0,5,5
WBGene00196035.,0,0,0
WBGene00196036.,0,5,5
WBGene00196037.,0,0,0
WBGene00196038.,0,36,36
WBGene00196039.,0,3,3
WBGene00196040.,0,0,0
WBGene00196041.,0,1,1
WBGene00196042.,0,0,0
WBGene00196043.,0,0,0
WBGene00196044.,0,2,2
WBGene00196045.,0,22,22
WBGene00196046.,0,10,10
WBGene00196047.,0,1,1
WBGene00196048.,0,4,4
WBGene00196049.,0,18,18
WBGene00196050.,0,2,2
WBGene00196051.,0,2,2
WBGene00196052.,0,7,7
WBGene00196053.,0,7,7
WBGene00196054.,0,1,1
WBGene00196055.,0,2,2
WBGene00196056.,0,1,1
WBGene00196057.,0,7,7
WBGene00196058.,0,1,1
WBGene00196059.,0,0,0
WBGene00196060.,0,3,3
WBGene00196061.,0,5,5
WBGene00196062.,0,0,0
WBGene00196063.,0,1,1
WBGene00196064.,0,3,3
WBGene00196065.,0,3,3
WBGene00196066.,0,0,0
WBGene00196067.,0,5,5
WBGene00196068.,0,0,0
WBGene00196069.,0,8,8
WBGene00196070.,0,4,4
WBGene00196071.,0,9,9
WBGene00196072.,0,43,43
WBGene00196073.,0,1,1
WBGene00196074.,0,0,0
WBGene00196075.,0,0,0
WBGene00196076.,0,7,7
WBGene00196077.,0,5,5
WBGene00196078.,0,13,13
WBGene00196079.,0,0,0
WBGene00196080.,0,6,6
WBGene00196081.,0,1,1
WBGene00196082.,0,0,0
WBGene00196083.,0,2,2
WBGene00196084.,0,1,1
WBGene00196085.,0,1,1
WBGene00196086.,0,0,0
WBGene00196087.,0,0,0
WBGene00196088.,0,10,10
WBGene00196089.,0,1,1
WBGene00196090.,0,15,15
WBGene00196091.,0,7,7
WBGene00196092.,0,13,13
WBGene00196093.,0,3,3
WBGene00196094.,0,1,1
WBGene00196095.,0,2,2
WBGene00196096.,0,3,3
WBGene00196097.,0,1,1
WBGene00196098.,0,0,0
WBGene00196099.,0,0,0
WBGene00196100.,0,4,4
WBGene00196101.,0,0,0
WBGene00196102.,0,0,0
WBGene00196103.,0,44,44
WBGene00196104.,0,3,3
WBGene00196105.,0,7,7
WBGene00196106.,0,3,3
WBGene00196107.,0,0,0
WBGene00196108.,0,3,3
WBGene00196109.,0,3,3
WBGene00196110.,0,0,0
WBGene00196111.,0,3,3
WBGene00196112.,0,0,0
WBGene00196113.,0,8,8
WBGene00196114.,0,15,15
WBGene00196115.,0,2,2
WBGene00196116.,0,0,0
WBGene00196117.,0,3,3
WBGene00196118.,0,3,3
WBGene00196119.,0,6,6
WBGene00196120.,0,3,3
WBGene00196121.,0,12,12
WBGene00196122.,0,0,0
WBGene00196123.,0,7,7
WBGene00196124.,0,12,12
WBGene00196125.,0,26,26
WBGene00196126.,0,7,7
WBGene00196127.,0,0,0
WBGene00196128.,0,0,0
WBGene00196129.,0,0,0
WBGene00196130.,0,0,0
WBGene00196131.,0,0,0
WBGene00196132.,0,2,2
WBGene00196133.,0,0,0
WBGene00196134.,0,8,8
WBGene00196135.,0,0,0
WBGene00196136.,0,0,0
WBGene00196137.,0,3,3
WBGene00196138.,0,7,7
WBGene00196139.,0,3,3
WBGene00196140.,0,0,0
WBGene00196141.,0,14,14
WBGene00196142.,0,4,4
WBGene00196143.,0,0,0
WBGene00196144.,0,0,0
WBGene00196145.,0,0,0
WBGene00196146.,0,3,3
WBGene00196147.,0,1,1
WBGene00196148.,0,4,4
WBGene00196149.,0,30,30
WBGene00196150.,0,20,20
WBGene00196151.,0,0,0
WBGene00196152.,0,4,4
WBGene00196153.,0,1,1
WBGene00196154.,0,0,0
WBGene00196155.,0,14,14
WBGene00196156.,0,14,14
WBGene00196157.,0,0,0
WBGene00196158.,0,0,0
WBGene00196159.,0,25,25
WBGene00196160.,0,1,1
WBGene00196161.,0,0,0
WBGene00196162.,0,0,0
WBGene00196163.,0,0,0
WBGene00196164.,0,2,2
WBGene00196165.,0,0,0
WBGene00196166.,0,0,0
WBGene00196167.,0,0,0
WBGene00196168.,0,0,0
WBGene00196169.,0,0,0
WBGene00196170.,0,1,1
WBGene00196171.,0,2,2
WBGene00196172.,0,0,0
WBGene00196173.,0,3,3
WBGene00196174.,0,1,1
WBGene00196175.,0,0,0
WBGene00196176.,0,0,0
WBGene00196177.,0,0,0
WBGene00196178.,0,3,3
WBGene00196179.,0,0,0
WBGene00196180.,0,9,9
WBGene00196181.,0,2,2
WBGene00196182.,0,4,4
WBGene00196183.,0,0,0
WBGene00196184.,0,13,13
WBGene00196185.,0,2,2
WBGene00196186.,0,0,0
WBGene00196187.,0,0,0
WBGene00196188.,0,1,1
WBGene00196189.,0,0,0
WBGene00196190.,0,4,4
WBGene00196191.,0,0,0
WBGene00196192.,0,7,7
WBGene00196193.,0,5,5
WBGene00196194.,0,12,12
WBGene00196195.,0,1,1
WBGene00196196.,0,0,0
WBGene00196197.,0,0,0
WBGene00196198.,0,31,31
WBGene00196199.,0,1,1
WBGene00196200.,0,0,0
WBGene00196201.,0,6,6
WBGene00196202.,0,10,10
WBGene00196203.,0,0,0
WBGene00196204.,0,2,2
WBGene00196205.,0,0,0
WBGene00196206.,0,14,14
WBGene00196207.,0,0,0
WBGene00196208.,0,1,1
WBGene00196209.,0,0,0
WBGene00196210.,0,4,4
WBGene00196211.,0,3,3
WBGene00196212.,0,0,0
WBGene00196213.,0,0,0
WBGene00196214.,0,0,0
WBGene00196215.,0,0,0
WBGene00196216.,0,1,1
WBGene00196217.,0,1,1
WBGene00196218.,0,0,0
WBGene00196219.,0,9,9
WBGene00196220.,0,0,0
WBGene00196221.,0,0,0
WBGene00196222.,0,0,0
WBGene00196223.,0,7,7
WBGene00196224.,0,0,0
WBGene00196225.,0,5,5
WBGene00196226.,0,23,23
WBGene00196227.,0,0,0
WBGene00196228.,0,0,0
WBGene00196229.,0,0,0
WBGene00196230.,0,5,5
WBGene00196231.,0,1,1
WBGene00196232.,0,1,1
WBGene00196233.,0,0,0
WBGene00196234.,0,0,0
WBGene00196235.,0,70,70
WBGene00196236.,0,1,1
WBGene00196237.,0,33,33
WBGene00196238.,0,0,0
WBGene00196239.,0,1,1
WBGene00196240.,0,25,25
WBGene00196241.,0,1,1
WBGene00196242.,0,0,0
WBGene00196243.,0,0,0
WBGene00196244.,0,4,4
WBGene00196245.,0,0,0
WBGene00196246.,0,4,4
WBGene00196247.,0,2,2
WBGene00196248.,0,4,4
WBGene00196249.,0,2,2
WBGene00196250.,0,1,1
WBGene00196251.,0,0,0
WBGene00196252.,0,9,9
WBGene00196253.,0,0,0
WBGene00196254.,0,25,25
WBGene00196255.,0,6,6
WBGene00196256.,0,0,0
WBGene00196257.,0,40,40
WBGene00196258.,0,7,7
WBGene00196259.,0,0,0
WBGene00196260.,0,1,1
WBGene00196261.,0,0,0
WBGene00196262.,0,3,3
WBGene00196263.,0,4,4
WBGene00196264.,0,4,4
WBGene00196265.,0,2,2
WBGene00196266.,0,3,3
WBGene00196267.,0,9,9
WBGene00196268.,0,0,0
WBGene00196269.,0,0,0
WBGene00196270.,0,11,11
WBGene00196271.,0,2,2
WBGene00196272.,0,0,0
WBGene00196273.,0,6,6
WBGene00196274.,0,1,1
WBGene00196275.,0,5,5
WBGene00196276.,0,1,1
WBGene00196277.,0,3,3
WBGene00196278.,0,3,3
WBGene00196279.,0,0,0
WBGene00196280.,0,6,6
WBGene00196281.,0,0,0
WBGene00196282.,0,5,5
WBGene00196283.,0,0,0
WBGene00196284.,0,0,0
WBGene00196285.,0,6,6
WBGene00196286.,0,1,1
WBGene00196287.,0,1,1
WBGene00196288.,0,10,10
WBGene00196289.,0,3,3
WBGene00196290.,0,12,12
WBGene00196291.,0,2,2
WBGene00196292.,0,0,0
WBGene00196293.,0,0,0
WBGene00196294.,0,4,4
WBGene00196295.,0,0,0
WBGene00196296.,0,0,0
WBGene00196297.,0,0,0
WBGene00196298.,0,2,2
WBGene00196299.,0,0,0
WBGene00196300.,0,43,43
WBGene00196301.,0,5,5
WBGene00196302.,0,1,1
WBGene00196303.,0,34,34
WBGene00196304.,0,1,1
WBGene00196305.,0,5,5
WBGene00196306.,0,6,6
WBGene00196307.,0,15,15
WBGene00196308.,0,9,9
WBGene00196309.,0,1,1
WBGene00196310.,0,0,0
WBGene00196311.,0,0,0
WBGene00196312.,0,0,0
WBGene00196313.,0,0,0
WBGene00196314.,0,0,0
WBGene00196315.,0,2,2
WBGene00196316.,0,4,4
WBGene00196317.,0,5,5
WBGene00196318.,0,12,12
WBGene00196319.,0,5,5
WBGene00196320.,0,1,1
WBGene00196321.,0,0,0
WBGene00196322.,0,7,7
WBGene00196323.,0,0,0
WBGene00196324.,0,0,0
WBGene00196325.,0,1,1
WBGene00196326.,0,0,0
WBGene00196327.,0,0,0
WBGene00196328.,0,0,0
WBGene00196329.,0,1,1
WBGene00196330.,0,0,0
WBGene00196331.,0,5,5
WBGene00196332.,0,0,0
WBGene00196333.,0,3,3
WBGene00196334.,0,5,5
WBGene00196335.,0,1,1
WBGene00196336.,0,7,7
WBGene00196337.,0,1,1
WBGene00196338.,0,3,3
WBGene00196339.,0,0,0
WBGene00196340.,0,8,8
WBGene00196341.,0,0,0
WBGene00196342.,0,0,0
WBGene00196343.,0,0,0
WBGene00196344.,0,7,7
WBGene00196345.,0,1,1
WBGene00196346.,0,14,14
WBGene00196347.,0,0,0
WBGene00196348.,0,1,1
WBGene00196349.,0,1,1
WBGene00196350.,0,0,0
WBGene00196351.,0,3,3
WBGene00196352.,0,11,11
WBGene00196353.,0,1,1
WBGene00196354.,0,2,2
WBGene00196355.,0,9,9
WBGene00196356.,0,0,0
WBGene00196357.,0,1,1
WBGene00196358.,0,0,0
WBGene00196359.,0,0,0
WBGene00196360.,0,0,0
WBGene00196361.,0,0,0
WBGene00196362.,0,0,0
WBGene00196363.,0,0,0
WBGene00196364.,0,3,3
WBGene00196365.,0,0,0
WBGene00196366.,0,1,1
WBGene00196367.,0,0,0
WBGene00196368.,0,3,3
WBGene00196369.,0,7,7
WBGene00196370.,0,2,2
WBGene00196371.,0,1,1
WBGene00196372.,0,0,0
WBGene00196373.,0,0,0
WBGene00196374.,0,9,9
WBGene00196375.,0,0,0
WBGene00196376.,0,10,10
WBGene00196377.,0,2,2
WBGene00196378.,0,0,0
WBGene00196379.,0,4,4
WBGene00196380.,0,3,3
WBGene00196381.,0,0,0
WBGene00196382.,0,3,3
WBGene00196383.,0,3,3
WBGene00196384.,0,0,0
WBGene00196385.,0,0,0
WBGene00196386.,0,0,0
WBGene00196387.,0,0,0
WBGene00196388.,0,2,2
WBGene00196389.,0,0,0
WBGene00196390.,0,0,0
WBGene00196391.,0,0,0
WBGene00196392.,0,2,2
WBGene00196393.,0,3,3
WBGene00196394.,0,0,0
WBGene00196395.,0,0,0
WBGene00196396.,0,11422,11422
WBGene00196397.,0,0,0
WBGene00196398.,0,1,1
WBGene00196399.,0,0,0
WBGene00196400.,0,0,0
WBGene00196401.,0,2,2
WBGene00196402.,0,11,11
WBGene00196403.,0,13,13
WBGene00196404.,0,1,1
WBGene00196405.,0,0,0
WBGene00196406.,0,20,20
WBGene00196407.,0,9,9
WBGene00196408.,0,0,0
WBGene00196409.,0,20,20
WBGene00196410.,0,0,0
WBGene00196411.,0,5,5
WBGene00196412.,0,0,0
WBGene00196413.,0,0,0
WBGene00196414.,0,3,3
WBGene00196415.,0,7,7
WBGene00196416.,0,0,0
WBGene00196417.,0,15,15
WBGene00196418.,0,6,6
WBGene00196419.,0,6,6
WBGene00196420.,0,2,2
WBGene00196421.,0,9,9
WBGene00196422.,0,7,7
WBGene00196423.,0,4,4
WBGene00196424.,0,3,3
WBGene00196425.,0,1,1
WBGene00196426.,0,0,0
WBGene00196427.,0,4,4
WBGene00196428.,0,3,3
WBGene00196429.,0,5,5
WBGene00196430.,0,2,2
WBGene00196431.,0,5,5
WBGene00196432.,0,9,9
WBGene00196433.,0,0,0
WBGene00196434.,0,0,0
WBGene00196435.,0,0,0
WBGene00196436.,0,2,2
WBGene00196437.,0,4,4
WBGene00196438.,0,0,0
WBGene00196439.,0,0,0
WBGene00196440.,0,11,11
WBGene00196441.,0,6,6
WBGene00196442.,0,2,2
WBGene00196443.,0,5,5
WBGene00196444.,0,2,2
WBGene00196445.,0,0,0
WBGene00196446.,0,4,4
WBGene00196447.,0,4,4
WBGene00196448.,0,0,0
WBGene00196449.,0,3,3
WBGene00196450.,0,0,0
WBGene00196451.,0,0,0
WBGene00196452.,0,2,2
WBGene00196453.,0,7,7
WBGene00196454.,0,2,2
WBGene00196455.,0,0,0
WBGene00196456.,0,0,0
WBGene00196457.,0,0,0
WBGene00196458.,0,4,4
WBGene00196459.,0,0,0
WBGene00196460.,0,3,3
WBGene00196461.,0,3,3
WBGene00196462.,0,0,0
WBGene00196463.,0,0,0
WBGene00196464.,0,0,0
WBGene00196465.,0,8,8
WBGene00196466.,0,0,0
WBGene00196467.,0,1,1
WBGene00196468.,0,0,0
WBGene00196469.,0,0,0
WBGene00196470.,0,0,0
WBGene00196471.,0,8,8
WBGene00196472.,0,25,25
WBGene00196473.,0,3,3
WBGene00196474.,0,0,0
WBGene00196475.,0,5,5
WBGene00196476.,0,1,1
WBGene00196477.,0,4,4
WBGene00196478.,0,5,5
WBGene00196479.,0,1,1
WBGene00196480.,0,1,1
WBGene00196481.,0,0,0
WBGene00196482.,0,47,47
WBGene00196483.,0,8,8
WBGene00196484.,0,0,0
WBGene00196485.,0,0,0
WBGene00196486.,0,10,10
WBGene00196487.,0,5,5
WBGene00196488.,0,0,0
WBGene00196489.,0,6,6
WBGene00196490.,0,13,13
WBGene00196491.,0,7,7
WBGene00196492.,0,6,6
WBGene00196493.,0,0,0
WBGene00196494.,0,7,7
WBGene00196495.,0,1,1
WBGene00196496.,0,0,0
WBGene00196497.,0,7,7
WBGene00196498.,0,0,0
WBGene00196499.,0,7,7
WBGene00196500.,0,2,2
WBGene00196501.,0,0,0
WBGene00196502.,0,0,0
WBGene00196503.,0,0,0
WBGene00196504.,0,2,2
WBGene00196505.,0,10,10
WBGene00196506.,0,15,15
WBGene00196507.,0,4,4
WBGene00196508.,0,0,0
WBGene00196509.,0,17,17
WBGene00196510.,0,0,0
WBGene00196511.,0,7,7
WBGene00196512.,0,0,0
WBGene00196513.,0,0,0
WBGene00196514.,0,4,4
WBGene00196515.,0,0,0
WBGene00196516.,0,1,1
WBGene00196517.,0,9,9
WBGene00196518.,0,0,0
WBGene00196519.,0,0,0
WBGene00196520.,0,0,0
WBGene00196521.,0,13,13
WBGene00196522.,0,0,0
WBGene00196523.,0,20,20
WBGene00196524.,0,0,0
WBGene00196525.,0,0,0
WBGene00196526.,0,1,1
WBGene00196527.,0,2,2
WBGene00196528.,0,0,0
WBGene00196529.,0,6,6
WBGene00196530.,0,0,0
WBGene00196531.,0,2,2
WBGene00196532.,0,2,2
WBGene00196533.,0,0,0
WBGene00196534.,0,6,6
WBGene00196535.,0,2,2
WBGene00196536.,0,15,15
WBGene00196537.,0,17,17
WBGene00196538.,0,0,0
WBGene00196539.,0,0,0
WBGene00196540.,0,1,1
WBGene00196541.,0,0,0
WBGene00196542.,0,2,2
WBGene00196543.,0,0,0
WBGene00196544.,0,0,0
WBGene00196545.,0,9,9
WBGene00196546.,0,14,14
WBGene00196547.,0,15,15
WBGene00196548.,0,6,6
WBGene00196549.,0,0,0
WBGene00196550.,0,7,7
WBGene00196551.,0,0,0
WBGene00196552.,0,0,0
WBGene00196553.,0,0,0
WBGene00196554.,0,3,3
WBGene00196555.,0,0,0
WBGene00196556.,0,0,0
WBGene00196557.,0,0,0
WBGene00196558.,0,15,15
WBGene00196559.,0,0,0
WBGene00196560.,0,0,0
WBGene00196561.,0,0,0
WBGene00196562.,0,0,0
WBGene00196563.,0,7,7
WBGene00196564.,0,0,0
WBGene00196565.,0,1,1
WBGene00196566.,0,0,0
WBGene00196567.,0,7,7
WBGene00196568.,0,0,0
WBGene00196569.,0,5,5
WBGene00196570.,0,0,0
WBGene00196571.,0,1,1
WBGene00196572.,0,5,5
WBGene00196573.,0,2,2
WBGene00196574.,0,12,12
WBGene00196575.,0,2,2
WBGene00196576.,0,2,2
WBGene00196577.,0,20,20
WBGene00196578.,0,3,3
WBGene00196579.,0,0,0
WBGene00196580.,0,4,4
WBGene00196581.,0,0,0
WBGene00196582.,0,6,6
WBGene00196583.,0,3,3
WBGene00196584.,0,2,2
WBGene00196585.,0,4,4
WBGene00196586.,0,6,6
WBGene00196587.,0,0,0
WBGene00196588.,0,34,34
WBGene00196589.,0,0,0
WBGene00196590.,0,18,18
WBGene00196591.,0,10,10
WBGene00196592.,0,82,82
WBGene00196593.,0,15,15
WBGene00196594.,0,0,0
WBGene00196595.,0,2,2
WBGene00196596.,0,2,2
WBGene00196597.,0,4,4
WBGene00196598.,0,6,6
WBGene00196599.,0,4,4
WBGene00196600.,0,0,0
WBGene00196601.,0,0,0
WBGene00196602.,0,4,4
WBGene00196603.,0,0,0
WBGene00196604.,0,23,23
WBGene00196605.,0,2,2
WBGene00196606.,0,6,6
WBGene00196607.,0,8,8
WBGene00196608.,0,0,0
WBGene00196609.,0,0,0
WBGene00196610.,0,10,10
WBGene00196611.,0,0,0
WBGene00196612.,0,0,0
WBGene00196613.,0,4,4
WBGene00196614.,0,2,2
WBGene00196615.,0,0,0
WBGene00196616.,0,2,2
WBGene00196617.,0,2,2
WBGene00196618.,0,6,6
WBGene00196619.,0,3,3
WBGene00196620.,0,0,0
WBGene00196621.,0,0,0
WBGene00196622.,0,7,7
WBGene00196623.,0,2,2
WBGene00196624.,0,2,2
WBGene00196625.,0,18,18
WBGene00196626.,0,1,1
WBGene00196627.,0,0,0
WBGene00196628.,0,1,1
WBGene00196629.,0,6,6
WBGene00196630.,0,1,1
WBGene00196631.,0,12,12
WBGene00196632.,0,2,2
WBGene00196633.,0,3,3
WBGene00196634.,0,9,9
WBGene00196635.,0,26,26
WBGene00196636.,0,5,5
WBGene00196637.,0,7,7
WBGene00196638.,0,3,3
WBGene00196639.,0,4,4
WBGene00196640.,0,0,0
WBGene00196641.,0,2,2
WBGene00196642.,0,3,3
WBGene00196643.,0,23,23
WBGene00196644.,0,0,0
WBGene00196645.,0,0,0
WBGene00196646.,0,0,0
WBGene00196647.,0,0,0
WBGene00196648.,0,1,1
WBGene00196649.,0,3,3
WBGene00196650.,0,5,5
WBGene00196651.,0,0,0
WBGene00196652.,0,0,0
WBGene00196653.,0,13,13
WBGene00196654.,0,2,2
WBGene00196655.,0,0,0
WBGene00196656.,0,16,16
WBGene00196657.,0,0,0
WBGene00196658.,0,0,0
WBGene00196659.,0,3,3
WBGene00196660.,0,0,0
WBGene00196661.,0,1,1
WBGene00196662.,0,0,0
WBGene00196663.,0,0,0
WBGene00196664.,0,1,1
WBGene00196665.,0,0,0
WBGene00196666.,0,5,5
WBGene00196667.,0,0,0
WBGene00196668.,0,0,0
WBGene00196669.,0,0,0
WBGene00196670.,0,0,0
WBGene00196671.,0,0,0
WBGene00196672.,0,0,0
WBGene00196673.,0,0,0
WBGene00196674.,0,2,2
WBGene00196675.,0,0,0
WBGene00196676.,0,27,27
WBGene00196677.,0,0,0
WBGene00196678.,0,0,0
WBGene00196679.,0,4,4
WBGene00196680.,0,0,0
WBGene00196681.,0,0,0
WBGene00196682.,0,17,17
WBGene00196683.,0,1,1
WBGene00196684.,0,1,1
WBGene00196685.,0,6,6
WBGene00196686.,0,0,0
WBGene00196687.,0,4,4
WBGene00196688.,0,4,4
WBGene00196689.,0,11,11
WBGene00196690.,0,0,0
WBGene00196691.,0,5,5
WBGene00196692.,0,1,1
WBGene00196693.,0,10,10
WBGene00196694.,0,2,2
WBGene00196695.,0,12,12
WBGene00196696.,0,1,1
WBGene00196697.,0,1,1
WBGene00196698.,0,10,10
WBGene00196699.,0,2,2
WBGene00196700.,0,19,19
WBGene00196701.,0,0,0
WBGene00196702.,0,7,7
WBGene00196703.,0,0,0
WBGene00196704.,0,0,0
WBGene00196705.,0,1,1
WBGene00196706.,0,2,2
WBGene00196707.,0,1,1
WBGene00196708.,0,0,0
WBGene00196709.,0,3,3
WBGene00196710.,0,4,4
WBGene00196711.,0,0,0
WBGene00196712.,0,1,1
WBGene00196713.,0,0,0
WBGene00196714.,0,7,7
WBGene00196715.,0,4,4
WBGene00196716.,0,1,1
WBGene00196717.,0,0,0
WBGene00196718.,0,0,0
WBGene00196719.,0,2,2
WBGene00196720.,0,13,13
WBGene00196721.,0,9,9
WBGene00196722.,0,9,9
WBGene00196723.,0,17,17
WBGene00196724.,0,22,22
WBGene00196725.,0,16,16
WBGene00196726.,0,0,0
WBGene00196727.,0,0,0
WBGene00196728.,0,38,38
WBGene00196729.,0,73,73
WBGene00196730.,0,0,0
WBGene00196731.,0,5,5
WBGene00196732.,0,0,0
WBGene00196733.,0,4,4
WBGene00196734.,0,1,1
WBGene00196735.,0,2,2
WBGene00196736.,0,0,0
WBGene00196737.,0,0,0
WBGene00196738.,0,0,0
WBGene00196739.,0,2,2
WBGene00196740.,0,2,2
WBGene00196741.,0,0,0
WBGene00196742.,0,3,3
WBGene00196743.,0,0,0
WBGene00196744.,0,1,1
WBGene00196745.,0,0,0
WBGene00196746.,0,6,6
WBGene00196747.,0,5,5
WBGene00196748.,0,5,5
WBGene00196749.,0,0,0
WBGene00196750.,0,0,0
WBGene00196751.,0,0,0
WBGene00196752.,0,4,4
WBGene00196753.,0,19,19
WBGene00196754.,0,0,0
WBGene00196755.,0,1,1
WBGene00196756.,0,3,3
WBGene00196757.,0,0,0
WBGene00196758.,0,3,3
WBGene00196759.,0,9,9
WBGene00196760.,0,0,0
WBGene00196761.,0,10,10
WBGene00196762.,0,0,0
WBGene00196763.,0,18,18
WBGene00196764.,0,1,1
WBGene00196765.,0,0,0
WBGene00196766.,0,4,4
WBGene00196767.,0,0,0
WBGene00196768.,0,0,0
WBGene00196769.,0,2,2
WBGene00196770.,0,0,0
WBGene00196771.,0,0,0
WBGene00196772.,0,3,3
WBGene00196773.,0,0,0
WBGene00196774.,0,0,0
WBGene00196775.,0,15,15
WBGene00196776.,0,0,0
WBGene00196777.,0,8,8
WBGene00196778.,0,0,0
WBGene00196779.,0,1,1
WBGene00196780.,0,3,3
WBGene00196781.,0,2,2
WBGene00196782.,0,1,1
WBGene00196783.,0,0,0
WBGene00196784.,0,1,1
WBGene00196785.,0,7,7
WBGene00196786.,0,3,3
WBGene00196787.,0,11,11
WBGene00196788.,0,0,0
WBGene00196789.,0,11,11
WBGene00196790.,0,0,0
WBGene00196791.,0,4,4
WBGene00196792.,0,0,0
WBGene00196793.,0,4,4
WBGene00196794.,0,0,0
WBGene00196795.,0,5,5
WBGene00196796.,0,22,22
WBGene00196797.,0,7,7
WBGene00196798.,0,0,0
WBGene00196799.,0,0,0
WBGene00196800.,0,3,3
WBGene00196801.,0,18,18
WBGene00196802.,0,26,26
WBGene00196803.,0,2,2
WBGene00196804.,0,6,6
WBGene00196805.,0,5,5
WBGene00196806.,0,0,0
WBGene00196807.,0,2,2
WBGene00196808.,0,0,0
WBGene00196809.,0,4,4
WBGene00196810.,0,60,60
WBGene00196811.,0,14,14
WBGene00196812.,0,2,2
WBGene00196813.,0,0,0
WBGene00196814.,0,0,0
WBGene00196815.,0,8,8
WBGene00196816.,0,21,21
WBGene00196817.,0,4,4
WBGene00196818.,0,1,1
WBGene00196819.,0,0,0
WBGene00196820.,0,14,14
WBGene00196821.,0,12,12
WBGene00196822.,0,0,0
WBGene00196823.,0,12,12
WBGene00196824.,0,3,3
WBGene00196825.,0,15,15
WBGene00196826.,0,3,3
WBGene00196827.,0,31,31
WBGene00196828.,0,2,2
WBGene00196829.,0,1,1
WBGene00196830.,0,5,5
WBGene00196831.,0,14,14
WBGene00196832.,0,12,12
WBGene00196833.,0,0,0
WBGene00196834.,0,2,2
WBGene00196835.,0,5,5
WBGene00196836.,0,0,0
WBGene00196837.,0,0,0
WBGene00196838.,0,13,13
WBGene00196839.,0,0,0
WBGene00196840.,0,1,1
WBGene00196841.,0,11,11
WBGene00196842.,0,0,0
WBGene00196843.,0,0,0
WBGene00196844.,0,14,14
WBGene00196845.,0,1,1
WBGene00196846.,0,21,21
WBGene00196847.,0,0,0
WBGene00196848.,0,0,0
WBGene00196849.,0,0,0
WBGene00196850.,0,5,5
WBGene00196851.,0,0,0
WBGene00196852.,0,43,43
WBGene00196853.,0,0,0
WBGene00196854.,0,5,5
WBGene00196855.,0,0,0
WBGene00196856.,0,23,23
WBGene00196857.,0,0,0
WBGene00196858.,0,8,8
WBGene00196859.,0,0,0
WBGene00196860.,0,0,0
WBGene00196861.,0,4,4
WBGene00196862.,0,22,22
WBGene00196863.,0,1,1
WBGene00196864.,0,0,0
WBGene00196865.,0,0,0
WBGene00196866.,0,0,0
WBGene00196867.,0,22,22
WBGene00196868.,0,6,6
WBGene00196869.,0,5,5
WBGene00196870.,0,6,6
WBGene00196871.,0,78,78
WBGene00196872.,0,17,17
WBGene00196873.,0,1,1
WBGene00196874.,0,2,2
WBGene00196875.,0,0,0
WBGene00196876.,0,2,2
WBGene00196877.,0,3,3
WBGene00196878.,0,0,0
WBGene00196879.,0,12,12
WBGene00196880.,0,1,1
WBGene00196881.,0,0,0
WBGene00196882.,0,0,0
WBGene00196883.,0,0,0
WBGene00196884.,0,11,11
WBGene00196885.,0,5,5
WBGene00196886.,0,0,0
WBGene00196887.,0,2,2
WBGene00196888.,0,1,1
WBGene00196889.,0,2,2
WBGene00196890.,0,0,0
WBGene00196891.,0,0,0
WBGene00196892.,0,0,0
WBGene00196893.,0,13,13
WBGene00196894.,0,0,0
WBGene00196895.,0,2,2
WBGene00196896.,0,0,0
WBGene00196897.,0,3,3
WBGene00196898.,0,0,0
WBGene00196899.,0,0,0
WBGene00196900.,0,2,2
WBGene00196901.,0,1,1
WBGene00196902.,0,0,0
WBGene00196903.,0,0,0
WBGene00196904.,0,10,10
WBGene00196905.,0,0,0
WBGene00196906.,0,9,9
WBGene00196907.,0,0,0
WBGene00196908.,0,6,6
WBGene00196909.,0,9,9
WBGene00196910.,0,0,0
WBGene00196911.,0,6,6
WBGene00196912.,0,7,7
WBGene00196913.,0,9,9
WBGene00196914.,0,1,1
WBGene00196915.,0,4,4
WBGene00196916.,0,2,2
WBGene00196917.,0,3,3
WBGene00196918.,0,11,11
WBGene00196919.,0,0,0
WBGene00196920.,0,0,0
WBGene00196921.,0,8,8
WBGene00196922.,0,8,8
WBGene00196923.,0,0,0
WBGene00196924.,0,1,1
WBGene00196925.,0,5,5
WBGene00196926.,0,0,0
WBGene00196927.,0,0,0
WBGene00196928.,0,10,10
WBGene00196929.,0,2,2
WBGene00196930.,0,2,2
WBGene00196931.,0,8,8
WBGene00196932.,0,0,0
WBGene00196933.,0,10,10
WBGene00196934.,0,0,0
WBGene00196935.,0,20,20
WBGene00196936.,0,3,3
WBGene00196937.,0,1,1
WBGene00196938.,0,0,0
WBGene00196939.,0,0,0
WBGene00196940.,0,0,0
WBGene00196941.,0,15,15
WBGene00196942.,0,11,11
WBGene00196943.,0,9,9
WBGene00196944.,0,2,2
WBGene00196945.,0,0,0
WBGene00196946.,0,4,4
WBGene00196947.,0,9,9
WBGene00196948.,0,1,1
WBGene00196949.,0,2,2
WBGene00196950.,0,4,4
WBGene00196951.,0,0,0
WBGene00196952.,0,3,3
WBGene00196953.,0,0,0
WBGene00196954.,0,4,4
WBGene00196955.,0,4,4
WBGene00196956.,0,0,0
WBGene00196957.,0,0,0
WBGene00196958.,0,0,0
WBGene00196959.,0,1,1
WBGene00196960.,0,0,0
WBGene00196961.,0,15,15
WBGene00196962.,0,2,2
WBGene00196963.,0,0,0
WBGene00196964.,0,15,15
WBGene00196965.,0,2,2
WBGene00196966.,0,0,0
WBGene00196967.,0,0,0
WBGene00196968.,0,10,10
WBGene00196969.,0,9,9
WBGene00196970.,0,1,1
WBGene00196971.,0,5,5
WBGene00196972.,0,1,1
WBGene00196973.,0,13,13
WBGene00196974.,0,0,0
WBGene00196975.,0,0,0
WBGene00196976.,0,0,0
WBGene00196977.,0,0,0
WBGene00196978.,0,0,0
WBGene00196979.,0,12,12
WBGene00196980.,0,0,0
WBGene00196981.,0,3,3
WBGene00196982.,0,15,15
WBGene00196983.,0,6,6
WBGene00196984.,0,2,2
WBGene00196985.,0,17,17
WBGene00196986.,0,9,9
WBGene00196987.,0,31,31
WBGene00196988.,0,2,2
WBGene00196989.,0,2,2
WBGene00196990.,0,4,4
WBGene00196991.,0,0,0
WBGene00196992.,0,7,7
WBGene00196993.,0,4,4
WBGene00196994.,0,5,5
WBGene00196995.,0,0,0
WBGene00196996.,0,8,8
WBGene00196997.,0,0,0
WBGene00196998.,0,0,0
WBGene00196999.,0,0,0
WBGene00197000.,0,1,1
WBGene00197001.,0,9,9
WBGene00197002.,0,0,0
WBGene00197003.,0,1,1
WBGene00197004.,0,1,1
WBGene00197005.,0,0,0
WBGene00197006.,0,0,0
WBGene00197007.,0,8,8
WBGene00197008.,0,0,0
WBGene00197009.,0,2,2
WBGene00197010.,0,1,1
WBGene00197011.,0,2,2
WBGene00197012.,0,0,0
WBGene00197013.,0,0,0
WBGene00197014.,0,0,0
WBGene00197015.,0,14,14
WBGene00197016.,0,0,0
WBGene00197017.,0,0,0
WBGene00197018.,0,3,3
WBGene00197019.,0,3,3
WBGene00197020.,0,0,0
WBGene00197021.,0,0,0
WBGene00197022.,0,2,2
WBGene00197023.,0,0,0
WBGene00197024.,0,0,0
WBGene00197025.,0,10,10
WBGene00197026.,0,6,6
WBGene00197027.,0,5,5
WBGene00197028.,0,8,8
WBGene00197029.,0,0,0
WBGene00197030.,0,19,19
WBGene00197031.,0,2,2
WBGene00197032.,0,1,1
WBGene00197033.,0,40,40
WBGene00197034.,0,1,1
WBGene00197035.,0,0,0
WBGene00197036.,0,0,0
WBGene00197037.,0,4,4
WBGene00197038.,0,0,0
WBGene00197039.,0,10,10
WBGene00197040.,0,1,1
WBGene00197041.,0,0,0
WBGene00197042.,0,0,0
WBGene00197043.,0,5,5
WBGene00197044.,0,0,0
WBGene00197045.,0,8,8
WBGene00197046.,0,3,3
WBGene00197047.,0,13,13
WBGene00197048.,0,6,6
WBGene00197049.,0,3,3
WBGene00197050.,0,2,2
WBGene00197051.,0,1,1
WBGene00197052.,0,4,4
WBGene00197053.,0,7,7
WBGene00197054.,0,1,1
WBGene00197055.,0,4,4
WBGene00197056.,0,2,2
WBGene00197057.,0,3,3
WBGene00197058.,0,0,0
WBGene00197059.,0,0,0
WBGene00197060.,0,12,12
WBGene00197061.,0,3,3
WBGene00197062.,0,0,0
WBGene00197063.,0,5,5
WBGene00197064.,0,0,0
WBGene00197065.,0,6,6
WBGene00197066.,0,19,19
WBGene00197067.,0,14,14
WBGene00197068.,0,0,0
WBGene00197069.,0,12,12
WBGene00197070.,0,0,0
WBGene00197071.,0,0,0
WBGene00197072.,0,2,2
WBGene00197073.,0,11,11
WBGene00197074.,0,9,9
WBGene00197075.,0,2,2
WBGene00197076.,0,11,11
WBGene00197077.,0,0,0
WBGene00197078.,0,7,7
WBGene00197079.,0,1,1
WBGene00197080.,0,18,18
WBGene00197081.,0,4,4
WBGene00197082.,0,1,1
WBGene00197083.,0,10,10
WBGene00197084.,0,0,0
WBGene00197085.,0,11,11
WBGene00197086.,0,12,12
WBGene00197087.,0,1,1
WBGene00197088.,0,0,0
WBGene00197089.,0,10,10
WBGene00197090.,0,46,46
WBGene00197091.,0,4,4
WBGene00197092.,0,1,1
WBGene00197093.,0,0,0
WBGene00197094.,0,13,13
WBGene00197095.,0,11,11
WBGene00197096.,0,6,6
WBGene00197097.,0,40,40
WBGene00197098.,0,0,0
WBGene00197099.,0,1,1
WBGene00197100.,0,6,6
WBGene00197101.,0,0,0
WBGene00197102.,0,0,0
WBGene00197103.,0,2,2
WBGene00197104.,0,8,8
WBGene00197105.,0,0,0
WBGene00197106.,0,1,1
WBGene00197107.,0,0,0
WBGene00197108.,0,0,0
WBGene00197109.,0,0,0
WBGene00197110.,0,7,7
WBGene00197111.,0,2,2
WBGene00197112.,0,0,0
WBGene00197113.,0,0,0
WBGene00197114.,0,3,3
WBGene00197115.,0,13,13
WBGene00197116.,0,0,0
WBGene00197117.,0,5,5
WBGene00197118.,0,1,1
WBGene00197119.,0,11,11
WBGene00197120.,0,0,0
WBGene00197121.,0,12,12
WBGene00197122.,0,0,0
WBGene00197123.,0,1,1
WBGene00197124.,0,0,0
WBGene00197125.,0,0,0
WBGene00197126.,0,5,5
WBGene00197127.,0,25,25
WBGene00197128.,0,0,0
WBGene00197129.,0,0,0
WBGene00197130.,0,14,14
WBGene00197131.,0,5,5
WBGene00197132.,0,11,11
WBGene00197133.,0,0,0
WBGene00197134.,0,0,0
WBGene00197135.,0,1,1
WBGene00197136.,0,1,1
WBGene00197137.,0,0,0
WBGene00197138.,0,0,0
WBGene00197139.,0,3,3
WBGene00197140.,0,11,11
WBGene00197141.,0,4,4
WBGene00197142.,0,0,0
WBGene00197143.,0,0,0
WBGene00197144.,0,4,4
WBGene00197145.,0,0,0
WBGene00197146.,0,2,2
WBGene00197147.,0,1,1
WBGene00197148.,0,0,0
WBGene00197149.,0,17,17
WBGene00197150.,0,0,0
WBGene00197151.,0,0,0
WBGene00197152.,0,5,5
WBGene00197153.,0,0,0
WBGene00197154.,0,0,0
WBGene00197155.,0,6,6
WBGene00197156.,0,0,0
WBGene00197157.,0,1,1
WBGene00197158.,0,0,0
WBGene00197159.,0,0,0
WBGene00197160.,0,0,0
WBGene00197161.,0,2,2
WBGene00197162.,0,0,0
WBGene00197163.,0,0,0
WBGene00197164.,0,0,0
WBGene00197165.,0,2,2
WBGene00197166.,0,0,0
WBGene00197167.,0,0,0
WBGene00197168.,0,27,27
WBGene00197169.,0,1,1
WBGene00197170.,0,0,0
WBGene00197171.,0,493,493
WBGene00197172.,0,3,3
WBGene00197173.,0,0,0
WBGene00197174.,0,18,18
WBGene00197175.,0,9,9
WBGene00197176.,0,3,3
WBGene00197177.,0,2,2
WBGene00197178.,0,4,4
WBGene00197179.,0,0,0
WBGene00197180.,0,4,4
WBGene00197181.,0,2,2
WBGene00197182.,0,8,8
WBGene00197183.,0,9,9
WBGene00197184.,0,15,15
WBGene00197185.,0,15,15
WBGene00197186.,0,3,3
WBGene00197187.,0,1,1
WBGene00197188.,0,2,2
WBGene00197189.,0,22,22
WBGene00197190.,0,0,0
WBGene00197191.,0,1,1
WBGene00197192.,0,0,0
WBGene00197193.,0,1,1
WBGene00197194.,0,0,0
WBGene00197195.,0,1,1
WBGene00197196.,0,16,16
WBGene00197197.,0,0,0
WBGene00197198.,0,0,0
WBGene00197199.,0,0,0
WBGene00197200.,0,0,0
WBGene00197201.,0,0,0
WBGene00197202.,0,2,2
WBGene00197203.,0,3,3
WBGene00197204.,0,12,12
WBGene00197205.,0,8,8
WBGene00197206.,0,6,6
WBGene00197207.,0,11,11
WBGene00197208.,0,22,22
WBGene00197209.,0,17,17
WBGene00197210.,0,4,4
WBGene00197211.,0,0,0
WBGene00197212.,0,0,0
WBGene00197213.,0,0,0
WBGene00197214.,0,6,6
WBGene00197215.,0,516,516
WBGene00197216.,0,2,2
WBGene00197217.,0,3,3
WBGene00197218.,0,12,12
WBGene00197219.,0,0,0
WBGene00197220.,0,1,1
WBGene00197221.,0,0,0
WBGene00197222.,0,15,15
WBGene00197223.,0,6,6
WBGene00197224.,0,15,15
WBGene00197225.,0,5,5
WBGene00197226.,0,5,5
WBGene00197227.,0,3,3
WBGene00197228.,0,11,11
WBGene00197229.,0,1,1
WBGene00197230.,0,2,2
WBGene00197231.,0,18,18
WBGene00197232.,0,2,2
WBGene00197233.,0,0,0
WBGene00197234.,0,17,17
WBGene00197235.,0,1,1
WBGene00197236.,0,4,4
WBGene00197237.,0,0,0
WBGene00197238.,0,0,0
WBGene00197239.,0,5,5
WBGene00197240.,0,0,0
WBGene00197241.,0,0,0
WBGene00197242.,0,11,11
WBGene00197243.,0,12,12
WBGene00197244.,0,6,6
WBGene00197245.,0,1,1
WBGene00197246.,0,3,3
WBGene00197247.,0,0,0
WBGene00197248.,0,0,0
WBGene00197249.,0,3,3
WBGene00197250.,0,20,20
WBGene00197251.,0,4,4
WBGene00197252.,0,7,7
WBGene00197253.,0,4,4
WBGene00197254.,0,2,2
WBGene00197255.,0,2,2
WBGene00197256.,0,0,0
WBGene00197257.,0,10,10
WBGene00197258.,0,35,35
WBGene00197259.,0,23,23
WBGene00197260.,0,0,0
WBGene00197261.,0,3,3
WBGene00197262.,0,9,9
WBGene00197263.,0,0,0
WBGene00197264.,0,0,0
WBGene00197265.,0,4,4
WBGene00197266.,0,0,0
WBGene00197267.,0,0,0
WBGene00197268.,0,1,1
WBGene00197269.,0,1,1
WBGene00197270.,0,8,8
WBGene00197271.,0,0,0
WBGene00197272.,0,0,0
WBGene00197273.,0,2,2
WBGene00197274.,0,3,3
WBGene00197275.,0,0,0
WBGene00197276.,0,0,0
WBGene00197277.,0,1,1
WBGene00197278.,0,6,6
WBGene00197279.,0,27,27
WBGene00197280.,0,6,6
WBGene00197281.,0,14,14
WBGene00197282.,0,0,0
WBGene00197283.,0,5,5
WBGene00197284.,0,0,0
WBGene00197285.,0,0,0
WBGene00197286.,0,0,0
WBGene00197287.,0,0,0
WBGene00197288.,0,0,0
WBGene00197289.,0,2,2
WBGene00197290.,0,0,0
WBGene00197291.,0,0,0
WBGene00197292.,0,2,2
WBGene00197293.,0,1,1
WBGene00197294.,0,0,0
WBGene00197295.,0,0,0
WBGene00197296.,0,0,0
WBGene00197297.,0,2,2
WBGene00197298.,0,7,7
WBGene00197299.,0,1,1
WBGene00197300.,0,0,0
WBGene00197301.,0,0,0
WBGene00197302.,0,1,1
WBGene00197303.,0,0,0
WBGene00197304.,0,0,0
WBGene00197305.,0,1,1
WBGene00197306.,0,0,0
WBGene00197307.,0,6,6
WBGene00197308.,0,21,21
WBGene00197309.,0,0,0
WBGene00197310.,0,4,4
WBGene00197311.,0,0,0
WBGene00197312.,0,0,0
WBGene00197313.,0,3,3
WBGene00197314.,0,8,8
WBGene00197315.,0,0,0
WBGene00197316.,0,1,1
WBGene00197317.,0,0,0
WBGene00197318.,0,0,0
WBGene00197319.,0,1,1
WBGene00197320.,0,1,1
WBGene00197321.,0,2,2
WBGene00197322.,0,16,16
WBGene00197323.,0,7,7
WBGene00197324.,0,4,4
WBGene00197325.,0,0,0
WBGene00197326.,0,23,23
WBGene00197327.,0,1,1
WBGene00197328.,0,4,4
WBGene00197329.,0,2,2
WBGene00197330.,0,0,0
WBGene00197331.,0,0,0
WBGene00197332.,0,3,3
WBGene00197333.,0,16,16
WBGene00197334.,0,7,7
WBGene00197335.,0,22,22
WBGene00197336.,0,0,0
WBGene00197337.,0,4,4
WBGene00197338.,0,5,5
WBGene00197339.,0,372,372
WBGene00197340.,0,1,1
WBGene00197341.,0,1,1
WBGene00197342.,0,4,4
WBGene00197343.,0,0,0
WBGene00197344.,0,0,0
WBGene00197345.,0,0,0
WBGene00197346.,0,0,0
WBGene00197347.,0,15,15
WBGene00197348.,0,0,0
WBGene00197349.,0,22,22
WBGene00197350.,0,7,7
WBGene00197351.,0,2,2
WBGene00197352.,0,4,4
WBGene00197353.,0,0,0
WBGene00197354.,0,6,6
WBGene00197355.,0,0,0
WBGene00197356.,0,9,9
WBGene00197357.,0,0,0
WBGene00197358.,0,0,0
WBGene00197359.,0,1,1
WBGene00197360.,0,1,1
WBGene00197361.,0,2,2
WBGene00197362.,0,5,5
WBGene00197363.,0,3,3
WBGene00197364.,0,0,0
WBGene00197365.,0,0,0
WBGene00197366.,0,5,5
WBGene00197367.,0,1,1
WBGene00197368.,0,0,0
WBGene00197369.,0,0,0
WBGene00197370.,0,4,4
WBGene00197371.,0,1,1
WBGene00197372.,0,1,1
WBGene00197373.,0,12,12
WBGene00197374.,0,0,0
WBGene00197375.,0,5,5
WBGene00197376.,0,0,0
WBGene00197377.,0,1,1
WBGene00197378.,0,0,0
WBGene00197379.,0,1,1
WBGene00197380.,0,1,1
WBGene00197381.,0,3,3
WBGene00197382.,0,8,8
WBGene00197383.,0,8,8
WBGene00197384.,0,0,0
WBGene00197385.,0,2,2
WBGene00197386.,0,2,2
WBGene00197387.,0,0,0
WBGene00197388.,0,2,2
WBGene00197389.,0,3,3
WBGene00197390.,0,0,0
WBGene00197391.,0,0,0
WBGene00197392.,0,0,0
WBGene00197393.,0,0,0
WBGene00197394.,0,0,0
WBGene00197395.,0,16,16
WBGene00197396.,0,16,16
WBGene00197397.,0,0,0
WBGene00197398.,0,2,2
WBGene00197399.,0,20,20
WBGene00197400.,0,8,8
WBGene00197401.,0,0,0
WBGene00197402.,0,2,2
WBGene00197403.,0,2,2
WBGene00197404.,0,8,8
WBGene00197405.,0,1,1
WBGene00197406.,0,68,68
WBGene00197407.,0,4,4
WBGene00197408.,0,2,2
WBGene00197409.,0,2,2
WBGene00197410.,0,2,2
WBGene00197411.,0,7,7
WBGene00197412.,0,1,1
WBGene00197413.,0,2,2
WBGene00197414.,0,4,4
WBGene00197415.,0,1,1
WBGene00197416.,0,17,17
WBGene00197417.,0,0,0
WBGene00197418.,0,0,0
WBGene00197419.,0,4,4
WBGene00197420.,0,1,1
WBGene00197421.,0,0,0
WBGene00197422.,0,0,0
WBGene00197423.,0,0,0
WBGene00197424.,0,17,17
WBGene00197425.,0,0,0
WBGene00197426.,0,7,7
WBGene00197427.,0,1,1
WBGene00197428.,0,0,0
WBGene00197429.,0,7,7
WBGene00197430.,0,0,0
WBGene00197431.,0,3,3
WBGene00197432.,0,0,0
WBGene00197433.,0,1,1
WBGene00197434.,0,2,2
WBGene00197435.,0,0,0
WBGene00197436.,0,1,1
WBGene00197437.,0,1,1
WBGene00197438.,0,3,3
WBGene00197439.,0,0,0
WBGene00197440.,0,3,3
WBGene00197441.,0,3,3
WBGene00197442.,0,0,0
WBGene00197443.,0,0,0
WBGene00197444.,0,14,14
WBGene00197445.,0,3,3
WBGene00197446.,0,18,18
WBGene00197447.,0,0,0
WBGene00197448.,0,7,7
WBGene00197449.,0,0,0
WBGene00197450.,0,2,2
WBGene00197451.,0,0,0
WBGene00197452.,0,35,35
WBGene00197453.,0,0,0
WBGene00197454.,0,9,9
WBGene00197455.,0,8,8
WBGene00197456.,0,0,0
WBGene00197457.,0,0,0
WBGene00197458.,0,7,7
WBGene00197459.,0,0,0
WBGene00197460.,0,0,0
WBGene00197461.,0,13,13
WBGene00197462.,0,12,12
WBGene00197463.,0,3,3
WBGene00197464.,0,17,17
WBGene00197465.,0,0,0
WBGene00197466.,0,0,0
WBGene00197467.,0,6,6
WBGene00197468.,0,1,1
WBGene00197469.,0,0,0
WBGene00197470.,0,2,2
WBGene00197471.,0,4,4
WBGene00197472.,0,0,0
WBGene00197473.,0,2,2
WBGene00197474.,0,0,0
WBGene00197475.,0,2,2
WBGene00197476.,0,1,1
WBGene00197477.,0,44,44
WBGene00197478.,0,0,0
WBGene00197479.,0,1,1
WBGene00197480.,0,0,0
WBGene00197481.,0,0,0
WBGene00197482.,0,17,17
WBGene00197483.,0,16,16
WBGene00197484.,0,1,1
WBGene00197485.,0,1,1
WBGene00197486.,0,0,0
WBGene00197487.,0,2,2
WBGene00197488.,0,0,0
WBGene00197489.,0,2,2
WBGene00197490.,0,0,0
WBGene00197491.,0,1,1
WBGene00197492.,0,1,1
WBGene00197493.,0,0,0
WBGene00197494.,0,1,1
WBGene00197495.,0,7,7
WBGene00197496.,0,0,0
WBGene00197497.,0,4,4
WBGene00197498.,0,1,1
WBGene00197499.,0,0,0
WBGene00197500.,0,4,4
WBGene00197501.,0,9,9
WBGene00197502.,0,1,1
WBGene00197503.,0,0,0
WBGene00197504.,0,0,0
WBGene00197505.,0,0,0
WBGene00197506.,0,0,0
WBGene00197507.,0,2,2
WBGene00197508.,0,0,0
WBGene00197509.,0,11,11
WBGene00197510.,0,6,6
WBGene00197511.,0,33,33
WBGene00197512.,0,0,0
WBGene00197513.,0,11,11
WBGene00197514.,0,0,0
WBGene00197515.,0,12,12
WBGene00197516.,0,38,38
WBGene00197517.,0,4,4
WBGene00197518.,0,9,9
WBGene00197519.,0,0,0
WBGene00197520.,0,1,1
WBGene00197521.,0,3,3
WBGene00197522.,0,0,0
WBGene00197523.,0,1,1
WBGene00197524.,0,0,0
WBGene00197525.,0,1,1
WBGene00197526.,0,0,0
WBGene00197527.,0,2,2
WBGene00197528.,0,2,2
WBGene00197529.,0,29,29
WBGene00197530.,0,0,0
WBGene00197531.,0,3,3
WBGene00197532.,0,7,7
WBGene00197533.,0,6,6
WBGene00197534.,0,10,10
WBGene00197535.,0,1,1
WBGene00197536.,0,0,0
WBGene00197537.,0,2,2
WBGene00197538.,0,0,0
WBGene00197539.,0,0,0
WBGene00197540.,0,0,0
WBGene00197541.,0,1,1
WBGene00197542.,0,3,3
WBGene00197543.,0,0,0
WBGene00197544.,0,0,0
WBGene00197545.,0,1,1
WBGene00197546.,0,12,12
WBGene00197547.,0,0,0
WBGene00197548.,0,3,3
WBGene00197549.,0,0,0
WBGene00197550.,0,0,0
WBGene00197551.,0,0,0
WBGene00197552.,0,0,0
WBGene00197553.,0,6,6
WBGene00197554.,0,3,3
WBGene00197555.,0,8,8
WBGene00197556.,0,2,2
WBGene00197557.,0,3,3
WBGene00197558.,0,5,5
WBGene00197559.,0,0,0
WBGene00197560.,0,1,1
WBGene00197561.,0,0,0
WBGene00197562.,0,0,0
WBGene00197563.,0,0,0
WBGene00197564.,0,4,4
WBGene00197565.,0,0,0
WBGene00197566.,0,3,3
WBGene00197567.,0,0,0
WBGene00197568.,0,0,0
WBGene00197569.,0,0,0
WBGene00197570.,0,0,0
WBGene00197571.,0,1,1
WBGene00197572.,0,9,9
WBGene00197573.,0,1,1
WBGene00197574.,0,11,11
WBGene00197575.,0,0,0
WBGene00197576.,0,5,5
WBGene00197577.,0,20,20
WBGene00197578.,0,19,19
WBGene00197579.,0,13,13
WBGene00197580.,0,6,6
WBGene00197581.,0,11,11
WBGene00197582.,0,7,7
WBGene00197583.,0,15,15
WBGene00197584.,0,0,0
WBGene00197585.,0,10,10
WBGene00197586.,0,3,3
WBGene00197587.,0,5,5
WBGene00197588.,0,3,3
WBGene00197589.,0,1,1
WBGene00197590.,0,0,0
WBGene00197591.,0,10,10
WBGene00197592.,0,1,1
WBGene00197593.,0,0,0
WBGene00197594.,0,0,0
WBGene00197595.,0,4,4
WBGene00197596.,0,0,0
WBGene00197597.,0,17,17
WBGene00197598.,0,1,1
WBGene00197599.,0,6,6
WBGene00197600.,0,8,8
WBGene00197601.,0,5,5
WBGene00197602.,0,0,0
WBGene00197603.,0,2,2
WBGene00197604.,0,27,27
WBGene00197605.,0,0,0
WBGene00197606.,0,1,1
WBGene00197607.,0,0,0
WBGene00197608.,0,4,4
WBGene00197609.,0,4,4
WBGene00197610.,0,0,0
WBGene00197611.,0,6,6
WBGene00197612.,0,4,4
WBGene00197613.,0,1,1
WBGene00197614.,0,7,7
WBGene00197615.,0,10,10
WBGene00197616.,0,3,3
WBGene00197617.,0,1,1
WBGene00197618.,0,1,1
WBGene00197619.,0,2,2
WBGene00197620.,0,12,12
WBGene00197621.,0,0,0
WBGene00197622.,0,0,0
WBGene00197623.,0,0,0
WBGene00197624.,0,1,1
WBGene00197625.,0,10,10
WBGene00197626.,0,3,3
WBGene00197627.,0,20,20
WBGene00197628.,0,2,2
WBGene00197629.,0,4,4
WBGene00197630.,0,0,0
WBGene00197631.,0,2,2
WBGene00197632.,0,22,22
WBGene00197633.,0,32,32
WBGene00197634.,0,11,11
WBGene00197635.,0,1,1
WBGene00197636.,0,7,7
WBGene00197637.,0,0,0
WBGene00197638.,0,1,1
WBGene00197639.,0,0,0
WBGene00197640.,0,0,0
WBGene00197641.,0,0,0
WBGene00197642.,0,6,6
WBGene00197643.,0,0,0
WBGene00197644.,0,3,3
WBGene00197645.,0,2,2
WBGene00197646.,0,2,2
WBGene00197647.,0,6,6
WBGene00197648.,0,7,7
WBGene00197649.,0,2,2
WBGene00197650.,0,4,4
WBGene00197651.,0,1,1
WBGene00197652.,0,27,27
WBGene00197653.,0,2,2
WBGene00197654.,0,0,0
WBGene00197655.,0,2,2
WBGene00197656.,0,0,0
WBGene00197657.,0,4,4
WBGene00197658.,0,3,3
WBGene00197659.,0,2,2
WBGene00197660.,0,4,4
WBGene00197661.,0,2,2
WBGene00197662.,0,0,0
WBGene00197663.,0,0,0
WBGene00197664.,0,1,1
WBGene00197665.,0,1,1
WBGene00197666.,0,0,0
WBGene00197667.,0,18,18
WBGene00197668.,0,2,2
WBGene00197669.,0,3,3
WBGene00197670.,0,9,9
WBGene00197671.,0,6,6
WBGene00197672.,0,4,4
WBGene00197673.,0,0,0
WBGene00197674.,0,3,3
WBGene00197675.,0,2,2
WBGene00197676.,0,0,0
WBGene00197677.,0,0,0
WBGene00197678.,0,0,0
WBGene00197679.,0,11,11
WBGene00197680.,0,0,0
WBGene00197681.,0,0,0
WBGene00197682.,0,0,0
WBGene00197683.,0,0,0
WBGene00197684.,0,7,7
WBGene00197685.,0,4,4
WBGene00197686.,0,24,24
WBGene00197687.,0,6,6
WBGene00197688.,0,0,0
WBGene00197689.,0,0,0
WBGene00197690.,0,0,0
WBGene00197691.,0,27,27
WBGene00197692.,0,0,0
WBGene00197693.,0,0,0
WBGene00197694.,0,6,6
WBGene00197695.,0,4,4
WBGene00197696.,0,0,0
WBGene00197697.,0,0,0
WBGene00197698.,0,30,30
WBGene00197699.,0,1,1
WBGene00197700.,0,0,0
WBGene00197701.,0,0,0
WBGene00197702.,0,7,7
WBGene00197703.,0,4,4
WBGene00197704.,0,1,1
WBGene00197705.,0,4,4
WBGene00197706.,0,10,10
WBGene00197707.,0,4,4
WBGene00197708.,0,3,3
WBGene00197709.,0,6,6
WBGene00197710.,0,5,5
WBGene00197711.,0,0,0
WBGene00197712.,0,17,17
WBGene00197713.,0,2,2
WBGene00197714.,0,0,0
WBGene00197715.,0,4,4
WBGene00197716.,0,1,1
WBGene00197717.,0,1,1
WBGene00197718.,0,1,1
WBGene00197719.,0,0,0
WBGene00197720.,0,0,0
WBGene00197721.,0,6,6
WBGene00197722.,0,0,0
WBGene00197723.,0,0,0
WBGene00197724.,0,5,5
WBGene00197725.,0,0,0
WBGene00197726.,0,3,3
WBGene00197727.,0,1,1
WBGene00197728.,0,16,16
WBGene00197729.,0,3,3
WBGene00197730.,0,0,0
WBGene00197731.,0,5,5
WBGene00197732.,0,10,10
WBGene00197733.,0,0,0
WBGene00197734.,0,3,3
WBGene00197735.,0,0,0
WBGene00197736.,0,2,2
WBGene00197737.,0,0,0
WBGene00197738.,0,0,0
WBGene00197739.,0,6,6
WBGene00197740.,0,0,0
WBGene00197741.,0,10,10
WBGene00197742.,0,3,3
WBGene00197743.,0,1,1
WBGene00197744.,0,0,0
WBGene00197745.,0,0,0
WBGene00197746.,0,1,1
WBGene00197747.,0,0,0
WBGene00197748.,0,2,2
WBGene00197749.,0,1,1
WBGene00197750.,0,2,2
WBGene00197751.,0,2,2
WBGene00197752.,0,5,5
WBGene00197753.,0,10,10
WBGene00197754.,0,0,0
WBGene00197755.,0,4,4
WBGene00197756.,0,0,0
WBGene00197757.,0,8,8
WBGene00197758.,0,1,1
WBGene00197759.,0,3,3
WBGene00197760.,0,1,1
WBGene00197761.,0,1,1
WBGene00197762.,0,0,0
WBGene00197763.,0,3,3
WBGene00197764.,0,6,6
WBGene00197765.,0,0,0
WBGene00197766.,0,9,9
WBGene00197767.,0,1,1
WBGene00197768.,0,0,0
WBGene00197769.,0,4,4
WBGene00197770.,0,7,7
WBGene00197771.,0,1,1
WBGene00197772.,0,0,0
WBGene00197773.,0,0,0
WBGene00197774.,0,2,2
WBGene00197775.,0,13,13
WBGene00197776.,0,0,0
WBGene00197777.,0,0,0
WBGene00197778.,0,0,0
WBGene00197779.,0,11,11
WBGene00197780.,0,1,1
WBGene00197781.,0,9,9
WBGene00197782.,0,2,2
WBGene00197783.,0,25,25
WBGene00197784.,0,0,0
WBGene00197785.,0,1,1
WBGene00197786.,0,7,7
WBGene00197787.,0,8,8
WBGene00197788.,0,0,0
WBGene00197789.,0,0,0
WBGene00197790.,0,3,3
WBGene00197791.,0,1,1
WBGene00197792.,0,0,0
WBGene00197793.,0,30,30
WBGene00197794.,0,1,1
WBGene00197795.,0,1,1
WBGene00197796.,0,8,8
WBGene00197797.,0,1,1
WBGene00197798.,0,1,1
WBGene00197799.,0,0,0
WBGene00197800.,0,2,2
WBGene00197801.,0,3,3
WBGene00197802.,0,0,0
WBGene00197803.,0,66,66
WBGene00197804.,0,0,0
WBGene00197805.,0,2,2
WBGene00197806.,0,2,2
WBGene00197807.,0,0,0
WBGene00197808.,0,0,0
WBGene00197809.,0,0,0
WBGene00197810.,0,0,0
WBGene00197811.,0,0,0
WBGene00197812.,0,1,1
WBGene00197813.,0,5,5
WBGene00197814.,0,0,0
WBGene00197815.,0,2,2
WBGene00197816.,0,0,0
WBGene00197817.,0,3,3
WBGene00197818.,0,0,0
WBGene00197819.,0,0,0
WBGene00197820.,0,0,0
WBGene00197821.,0,17,17
WBGene00197822.,0,7,7
WBGene00197823.,0,0,0
WBGene00197824.,0,0,0
WBGene00197825.,0,5,5
WBGene00197826.,0,0,0
WBGene00197827.,0,0,0
WBGene00197828.,0,0,0
WBGene00197829.,0,4,4
WBGene00197830.,0,2,2
WBGene00197831.,0,0,0
WBGene00197832.,0,0,0
WBGene00197833.,0,1,1
WBGene00197834.,0,22,22
WBGene00197835.,0,0,0
WBGene00197836.,0,2,2
WBGene00197837.,0,0,0
WBGene00197838.,0,0,0
WBGene00197839.,0,1,1
WBGene00197840.,0,7,7
WBGene00197841.,0,2,2
WBGene00197842.,0,0,0
WBGene00197843.,0,1,1
WBGene00197844.,0,0,0
WBGene00197845.,0,1,1
WBGene00197846.,0,2,2
WBGene00197847.,0,2,2
WBGene00197848.,0,6,6
WBGene00197849.,0,0,0
WBGene00197850.,0,12,12
WBGene00197851.,0,0,0
WBGene00197852.,0,4,4
WBGene00197853.,0,105,105
WBGene00197854.,0,7,7
WBGene00197855.,0,15,15
WBGene00197856.,0,8,8
WBGene00197857.,0,16,16
WBGene00197858.,0,8,8
WBGene00197859.,0,1,1
WBGene00197860.,0,23,23
WBGene00197861.,0,2,2
WBGene00197862.,0,2,2
WBGene00197863.,0,0,0
WBGene00197864.,0,0,0
WBGene00197865.,0,1,1
WBGene00197866.,0,0,0
WBGene00197867.,0,4,4
WBGene00197868.,0,8,8
WBGene00197869.,0,7,7
WBGene00197870.,0,0,0
WBGene00197871.,0,7,7
WBGene00197872.,0,4,4
WBGene00197873.,0,27,27
WBGene00197874.,0,2,2
WBGene00197875.,0,9,9
WBGene00197876.,0,6,6
WBGene00197877.,0,1,1
WBGene00197878.,0,1,1
WBGene00197879.,0,23,23
WBGene00197880.,0,13,13
WBGene00197881.,0,0,0
WBGene00197882.,0,0,0
WBGene00197883.,0,27,27
WBGene00197884.,0,8,8
WBGene00197885.,0,6,6
WBGene00197886.,0,0,0
WBGene00197887.,0,3,3
WBGene00197888.,0,0,0
WBGene00197889.,0,4,4
WBGene00197890.,0,1,1
WBGene00197891.,0,0,0
WBGene00197892.,0,2,2
WBGene00197893.,0,1,1
WBGene00197894.,0,1,1
WBGene00197895.,0,0,0
WBGene00197896.,0,23,23
WBGene00197897.,0,0,0
WBGene00197898.,0,16,16
WBGene00197899.,0,3,3
WBGene00197900.,0,0,0
WBGene00197901.,0,0,0
WBGene00197902.,0,1,1
WBGene00197903.,0,15,15
WBGene00197904.,0,2,2
WBGene00197905.,0,0,0
WBGene00197906.,0,56,56
WBGene00197907.,0,0,0
WBGene00197908.,0,0,0
WBGene00197909.,0,7,7
WBGene00197910.,0,0,0
WBGene00197911.,0,1,1
WBGene00197912.,0,2,2
WBGene00197913.,0,0,0
WBGene00197914.,0,4,4
WBGene00197915.,0,0,0
WBGene00197916.,0,0,0
WBGene00197917.,0,0,0
WBGene00197918.,0,0,0
WBGene00197919.,0,0,0
WBGene00197920.,0,5,5
WBGene00197921.,0,90,90
WBGene00197922.,0,0,0
WBGene00197923.,0,29,29
WBGene00197924.,0,3,3
WBGene00197925.,0,8,8
WBGene00197926.,0,0,0
WBGene00197927.,0,3,3
WBGene00197928.,0,2,2
WBGene00197929.,0,0,0
WBGene00197930.,0,0,0
WBGene00197931.,0,0,0
WBGene00197932.,0,3,3
WBGene00197933.,0,0,0
WBGene00197934.,0,11,11
WBGene00197935.,0,1,1
WBGene00197936.,0,1,1
WBGene00197937.,0,0,0
WBGene00197938.,0,7,7
WBGene00197939.,0,11,11
WBGene00197940.,0,0,0
WBGene00197941.,0,2,2
WBGene00197942.,0,0,0
WBGene00197943.,0,0,0
WBGene00197944.,0,17,17
WBGene00197945.,0,6,6
WBGene00197946.,0,17,17
WBGene00197947.,0,0,0
WBGene00197948.,0,0,0
WBGene00197949.,0,5,5
WBGene00197950.,0,0,0
WBGene00197951.,0,12,12
WBGene00197952.,0,1,1
WBGene00197953.,0,1,1
WBGene00197954.,0,3,3
WBGene00197955.,0,0,0
WBGene00197956.,0,1,1
WBGene00197957.,0,6,6
WBGene00197958.,0,6,6
WBGene00197959.,0,11,11
WBGene00197960.,0,6,6
WBGene00197961.,0,0,0
WBGene00197962.,0,1,1
WBGene00197963.,0,0,0
WBGene00197964.,0,0,0
WBGene00197965.,0,9,9
WBGene00197966.,0,0,0
WBGene00197967.,0,0,0
WBGene00197968.,0,0,0
WBGene00197969.,0,14,14
WBGene00197970.,0,22,22
WBGene00197971.,0,17,17
WBGene00197972.,0,0,0
WBGene00197973.,0,29,29
WBGene00197974.,0,0,0
WBGene00197975.,0,1,1
WBGene00197976.,0,9,9
WBGene00197977.,0,0,0
WBGene00197978.,0,2,2
WBGene00197979.,0,1,1
WBGene00197980.,0,0,0
WBGene00197981.,0,2,2
WBGene00197982.,0,1,1
WBGene00197983.,0,1,1
WBGene00197984.,0,2,2
WBGene00197985.,0,0,0
WBGene00197986.,0,0,0
WBGene00197987.,0,4,4
WBGene00197988.,0,3,3
WBGene00197989.,0,5,5
WBGene00197990.,0,0,0
WBGene00197991.,0,7,7
WBGene00197992.,0,9,9
WBGene00197993.,0,3,3
WBGene00197994.,0,1,1
WBGene00197995.,0,48,48
WBGene00197996.,0,0,0
WBGene00197997.,0,3,3
WBGene00197998.,0,0,0
WBGene00197999.,0,2,2
WBGene00198000.,0,8,8
WBGene00198001.,0,0,0
WBGene00198002.,0,0,0
WBGene00198003.,0,16,16
WBGene00198004.,0,5,5
WBGene00198005.,0,0,0
WBGene00198006.,0,0,0
WBGene00198007.,0,2,2
WBGene00198008.,0,10,10
WBGene00198009.,0,2,2
WBGene00198010.,0,0,0
WBGene00198011.,0,0,0
WBGene00198012.,0,0,0
WBGene00198013.,0,3,3
WBGene00198014.,0,17,17
WBGene00198015.,0,0,0
WBGene00198016.,0,0,0
WBGene00198017.,0,1,1
WBGene00198018.,0,2,2
WBGene00198019.,0,13,13
WBGene00198020.,0,1,1
WBGene00198021.,0,24,24
WBGene00198022.,0,9,9
WBGene00198023.,0,4,4
WBGene00198024.,0,0,0
WBGene00198025.,0,31,31
WBGene00198026.,0,1,1
WBGene00198027.,0,5,5
WBGene00198028.,0,1,1
WBGene00198029.,0,2,2
WBGene00198030.,0,0,0
WBGene00198031.,0,0,0
WBGene00198032.,0,0,0
WBGene00198033.,0,1,1
WBGene00198034.,0,5,5
WBGene00198035.,0,1,1
WBGene00198036.,0,7,7
WBGene00198037.,0,1,1
WBGene00198038.,0,0,0
WBGene00198039.,0,0,0
WBGene00198040.,0,1,1
WBGene00198041.,0,1,1
WBGene00198042.,0,2,2
WBGene00198043.,0,0,0
WBGene00198044.,0,0,0
WBGene00198045.,0,2,2
WBGene00198046.,0,0,0
WBGene00198047.,0,22,22
WBGene00198048.,0,29,29
WBGene00198049.,0,3,3
WBGene00198050.,0,0,0
WBGene00198051.,0,4,4
WBGene00198052.,0,1,1
WBGene00198053.,0,3,3
WBGene00198054.,0,0,0
WBGene00198055.,0,1,1
WBGene00198056.,0,6,6
WBGene00198057.,0,5,5
WBGene00198058.,0,4,4
WBGene00198059.,0,0,0
WBGene00198060.,0,0,0
WBGene00198061.,0,4,4
WBGene00198062.,0,1,1
WBGene00198063.,0,0,0
WBGene00198064.,0,4,4
WBGene00198065.,0,8,8
WBGene00198066.,0,3,3
WBGene00198067.,0,0,0
WBGene00198068.,0,5,5
WBGene00198069.,0,2,2
WBGene00198070.,0,0,0
WBGene00198071.,0,0,0
WBGene00198072.,0,0,0
WBGene00198073.,0,0,0
WBGene00198074.,0,0,0
WBGene00198075.,0,51,51
WBGene00198076.,0,0,0
WBGene00198077.,0,2,2
WBGene00198078.,0,1,1
WBGene00198079.,0,0,0
WBGene00198080.,0,0,0
WBGene00198081.,0,7,7
WBGene00198082.,0,0,0
WBGene00198083.,0,6,6
WBGene00198084.,0,0,0
WBGene00198085.,0,2,2
WBGene00198086.,0,1,1
WBGene00198087.,0,0,0
WBGene00198088.,0,12,12
WBGene00198089.,0,0,0
WBGene00198090.,0,4,4
WBGene00198091.,0,12,12
WBGene00198092.,0,0,0
WBGene00198093.,0,3,3
WBGene00198094.,0,2,2
WBGene00198095.,0,9,9
WBGene00198096.,0,3,3
WBGene00198097.,0,0,0
WBGene00198098.,0,0,0
WBGene00198099.,0,0,0
WBGene00198100.,0,0,0
WBGene00198101.,0,2,2
WBGene00198102.,0,0,0
WBGene00198103.,0,0,0
WBGene00198104.,0,10,10
WBGene00198105.,0,7,7
WBGene00198106.,0,0,0
WBGene00198107.,0,0,0
WBGene00198108.,0,21,21
WBGene00198109.,0,0,0
WBGene00198110.,0,4,4
WBGene00198111.,0,30,30
WBGene00198112.,0,3,3
WBGene00198113.,0,0,0
WBGene00198114.,0,1,1
WBGene00198115.,0,4,4
WBGene00198116.,0,3,3
WBGene00198117.,0,0,0
WBGene00198118.,0,6,6
WBGene00198119.,0,19,19
WBGene00198120.,0,4,4
WBGene00198121.,0,0,0
WBGene00198122.,0,19,19
WBGene00198123.,0,0,0
WBGene00198124.,0,37,37
WBGene00198125.,0,0,0
WBGene00198126.,0,12,12
WBGene00198127.,0,7,7
WBGene00198128.,0,0,0
WBGene00198129.,0,0,0
WBGene00198130.,0,2,2
WBGene00198131.,0,14,14
WBGene00198132.,0,1,1
WBGene00198133.,0,0,0
WBGene00198134.,0,24,24
WBGene00198135.,0,9,9
WBGene00198136.,0,13,13
WBGene00198137.,0,1,1
WBGene00198138.,0,10,10
WBGene00198139.,0,4,4
WBGene00198140.,0,0,0
WBGene00198141.,0,5,5
WBGene00198142.,0,10,10
WBGene00198143.,0,2,2
WBGene00198144.,0,2,2
WBGene00198145.,0,1,1
WBGene00198146.,0,0,0
WBGene00198147.,0,0,0
WBGene00198148.,0,0,0
WBGene00198149.,0,17,17
WBGene00198150.,0,4,4
WBGene00198151.,0,3,3
WBGene00198152.,0,11,11
WBGene00198153.,0,0,0
WBGene00198154.,0,4,4
WBGene00198155.,0,0,0
WBGene00198156.,0,5,5
WBGene00198157.,0,7,7
WBGene00198158.,0,6,6
WBGene00198159.,0,2,2
WBGene00198160.,0,6,6
WBGene00198161.,0,2,2
WBGene00198162.,0,13,13
WBGene00198163.,0,0,0
WBGene00198164.,0,0,0
WBGene00198165.,0,3,3
WBGene00198166.,0,0,0
WBGene00198167.,0,10,10
WBGene00198168.,0,5,5
WBGene00198169.,0,5,5
WBGene00198170.,0,0,0
WBGene00198171.,0,18,18
WBGene00198172.,0,0,0
WBGene00198173.,0,6,6
WBGene00198174.,0,11,11
WBGene00198175.,0,2,2
WBGene00198176.,0,1,1
WBGene00198177.,0,0,0
WBGene00198178.,0,9,9
WBGene00198179.,0,0,0
WBGene00198180.,0,4,4
WBGene00198181.,0,5,5
WBGene00198182.,0,15,15
WBGene00198183.,0,5,5
WBGene00198184.,0,1,1
WBGene00198185.,0,0,0
WBGene00198186.,0,0,0
WBGene00198187.,0,1,1
WBGene00198188.,0,2,2
WBGene00198189.,0,0,0
WBGene00198190.,0,2,2
WBGene00198191.,0,6,6
WBGene00198192.,0,10,10
WBGene00198193.,0,4,4
WBGene00198194.,0,3,3
WBGene00198195.,0,0,0
WBGene00198196.,0,1,1
WBGene00198197.,0,0,0
WBGene00198198.,0,0,0
WBGene00198199.,0,3,3
WBGene00198200.,0,1,1
WBGene00198201.,0,0,0
WBGene00198202.,0,0,0
WBGene00198203.,0,1,1
WBGene00198204.,0,0,0
WBGene00198205.,0,0,0
WBGene00198206.,0,2,2
WBGene00198207.,0,0,0
WBGene00198208.,0,1,1
WBGene00198209.,0,41,41
WBGene00198210.,0,7,7
WBGene00198211.,0,0,0
WBGene00198212.,0,3,3
WBGene00198213.,0,58,58
WBGene00198214.,0,9,9
WBGene00198215.,0,3,3
WBGene00198216.,0,8,8
WBGene00198217.,0,18,18
WBGene00198218.,0,4,4
WBGene00198219.,0,0,0
WBGene00198220.,0,0,0
WBGene00198221.,0,0,0
WBGene00198222.,0,1,1
WBGene00198223.,0,0,0
WBGene00198224.,0,0,0
WBGene00198225.,0,23,23
WBGene00198226.,0,4,4
WBGene00198227.,0,0,0
WBGene00198228.,0,3,3
WBGene00198229.,0,8,8
WBGene00198230.,0,0,0
WBGene00198231.,0,3,3
WBGene00198232.,0,6,6
WBGene00198233.,0,1,1
WBGene00198234.,0,6,6
WBGene00198235.,0,2,2
WBGene00198236.,0,8,8
WBGene00198237.,0,3,3
WBGene00198238.,0,0,0
WBGene00198239.,0,0,0
WBGene00198240.,0,6,6
WBGene00198241.,0,2,2
WBGene00198242.,0,27,27
WBGene00198243.,0,0,0
WBGene00198244.,0,32,32
WBGene00198245.,0,1,1
WBGene00198246.,0,4,4
WBGene00198247.,0,1,1
WBGene00198248.,0,0,0
WBGene00198249.,0,3,3
WBGene00198250.,0,2,2
WBGene00198251.,0,0,0
WBGene00198252.,0,0,0
WBGene00198253.,0,4,4
WBGene00198254.,0,0,0
WBGene00198255.,0,0,0
WBGene00198256.,0,7,7
WBGene00198257.,0,8,8
WBGene00198258.,0,3,3
WBGene00198259.,0,6,6
WBGene00198260.,0,4,4
WBGene00198261.,0,0,0
WBGene00198262.,0,9,9
WBGene00198263.,0,22,22
WBGene00198264.,0,2,2
WBGene00198265.,0,0,0
WBGene00198266.,0,2,2
WBGene00198267.,0,3,3
WBGene00198268.,0,8,8
WBGene00198269.,0,6,6
WBGene00198270.,0,5,5
WBGene00198271.,0,0,0
WBGene00198272.,0,0,0
WBGene00198273.,0,6,6
WBGene00198274.,0,0,0
WBGene00198275.,0,1,1
WBGene00198276.,0,0,0
WBGene00198277.,0,15,15
WBGene00198278.,0,5,5
WBGene00198279.,0,2,2
WBGene00198280.,0,1,1
WBGene00198281.,0,7,7
WBGene00198282.,0,1,1
WBGene00198283.,0,2,2
WBGene00198284.,0,2,2
WBGene00198285.,0,0,0
WBGene00198286.,0,1,1
WBGene00198287.,0,14,14
WBGene00198288.,0,0,0
WBGene00198289.,0,0,0
WBGene00198290.,0,11,11
WBGene00198291.,0,0,0
WBGene00198292.,0,1,1
WBGene00198293.,0,1,1
WBGene00198294.,0,0,0
WBGene00198295.,0,0,0
WBGene00198296.,0,0,0
WBGene00198297.,0,0,0
WBGene00198298.,0,15,15
WBGene00198299.,0,4,4
WBGene00198300.,0,57,57
WBGene00198301.,0,3,3
WBGene00198302.,0,0,0
WBGene00198303.,0,4,4
WBGene00198304.,0,3,3
WBGene00198305.,0,0,0
WBGene00198306.,0,5,5
WBGene00198307.,0,112,112
WBGene00198308.,0,6,6
WBGene00198309.,0,2,2
WBGene00198310.,0,13,13
WBGene00198311.,0,9,9
WBGene00198312.,0,11,11
WBGene00198313.,0,0,0
WBGene00198314.,0,0,0
WBGene00198315.,0,7,7
WBGene00198316.,0,9,9
WBGene00198317.,0,0,0
WBGene00198318.,0,0,0
WBGene00198319.,0,0,0
WBGene00198320.,0,18,18
WBGene00198321.,0,1,1
WBGene00198322.,0,1,1
WBGene00198323.,0,7,7
WBGene00198324.,0,2,2
WBGene00198325.,0,4,4
WBGene00198326.,0,46,46
WBGene00198327.,0,1,1
WBGene00198328.,0,0,0
WBGene00198329.,0,2,2
WBGene00198330.,0,0,0
WBGene00198331.,0,2,2
WBGene00198332.,0,5,5
WBGene00198333.,0,1,1
WBGene00198334.,0,6,6
WBGene00198335.,0,0,0
WBGene00198336.,0,1,1
WBGene00198337.,0,2,2
WBGene00198338.,0,3,3
WBGene00198339.,0,1,1
WBGene00198340.,0,6,6
WBGene00198341.,0,1,1
WBGene00198342.,0,0,0
WBGene00198343.,0,0,0
WBGene00198344.,0,34,34
WBGene00198345.,0,0,0
WBGene00198346.,0,7,7
WBGene00198347.,0,1,1
WBGene00198348.,0,17,17
WBGene00198349.,0,14,14
WBGene00198350.,0,5,5
WBGene00198351.,0,2,2
WBGene00198352.,0,0,0
WBGene00198353.,0,1,1
WBGene00198354.,0,25,25
WBGene00198355.,0,3,3
WBGene00198356.,0,1,1
WBGene00198357.,0,0,0
WBGene00198358.,0,0,0
WBGene00198359.,0,1,1
WBGene00198360.,0,2,2
WBGene00198361.,0,5,5
WBGene00198362.,0,0,0
WBGene00198363.,0,2,2
WBGene00198364.,0,1,1
WBGene00198365.,0,1,1
WBGene00198366.,0,13,13
WBGene00198367.,0,3,3
WBGene00198368.,0,22,22
WBGene00198369.,0,1,1
WBGene00198370.,0,4,4
WBGene00198371.,0,0,0
WBGene00198372.,0,4,4
WBGene00198373.,0,3,3
WBGene00198374.,0,0,0
WBGene00198375.,0,0,0
WBGene00198376.,0,1,1
WBGene00198377.,0,0,0
WBGene00198378.,0,0,0
WBGene00198379.,0,9,9
WBGene00198380.,0,1,1
WBGene00198381.,0,6,6
WBGene00198382.,0,0,0
WBGene00198383.,0,2,2
WBGene00198384.,0,0,0
WBGene00198385.,0,9,9
WBGene00198386.,0,11,11
WBGene00198387.,0,1,1
WBGene00198388.,0,0,0
WBGene00198389.,0,1,1
WBGene00198390.,0,2,2
WBGene00198391.,0,1,1
WBGene00198392.,0,0,0
WBGene00198393.,0,8,8
WBGene00198394.,0,7,7
WBGene00198395.,0,2,2
WBGene00198396.,0,23,23
WBGene00198397.,0,0,0
WBGene00198398.,0,0,0
WBGene00198399.,0,17,17
WBGene00198400.,0,0,0
WBGene00198401.,0,0,0
WBGene00198402.,0,1,1
WBGene00198403.,0,11,11
WBGene00198404.,0,4,4
WBGene00198405.,0,0,0
WBGene00198406.,0,12,12
WBGene00198407.,0,0,0
WBGene00198408.,0,0,0
WBGene00198409.,0,1,1
WBGene00198410.,0,0,0
WBGene00198411.,0,0,0
WBGene00198412.,0,0,0
WBGene00198413.,0,5,5
WBGene00198414.,0,9,9
WBGene00198415.,1,0,1
WBGene00198416.,0,0,0
WBGene00198417.,0,0,0
WBGene00198418.,0,0,0
WBGene00198419.,0,40,40
WBGene00198420.,0,0,0
WBGene00198421.,0,2,2
WBGene00198422.,0,0,0
WBGene00198423.,0,10,10
WBGene00198424.,0,0,0
WBGene00198425.,0,0,0
WBGene00198426.,0,13,13
WBGene00198427.,0,0,0
WBGene00198428.,0,5,5
WBGene00198429.,0,9,9
WBGene00198430.,0,2,2
WBGene00198431.,0,1,1
WBGene00198432.,0,0,0
WBGene00198433.,0,10,10
WBGene00198434.,0,1,1
WBGene00198435.,0,2,2
WBGene00198436.,0,4,4
WBGene00198437.,0,4,4
WBGene00198438.,0,1,1
WBGene00198439.,0,0,0
WBGene00198440.,0,7,7
WBGene00198441.,0,14,14
WBGene00198442.,0,0,0
WBGene00198443.,0,0,0
WBGene00198444.,0,2,2
WBGene00198445.,0,12,12
WBGene00198446.,0,0,0
WBGene00198447.,0,0,0
WBGene00198448.,0,0,0
WBGene00198449.,0,0,0
WBGene00198450.,0,8,8
WBGene00198451.,0,0,0
WBGene00198452.,0,0,0
WBGene00198453.,0,1,1
WBGene00198454.,0,0,0
WBGene00198455.,0,3,3
WBGene00198456.,0,6,6
WBGene00198457.,0,2,2
WBGene00198458.,0,4,4
WBGene00198459.,0,2,2
WBGene00198460.,0,1,1
WBGene00198461.,0,0,0
WBGene00198462.,0,1,1
WBGene00198463.,0,0,0
WBGene00198464.,0,2,2
WBGene00198465.,0,3,3
WBGene00198466.,0,45,45
WBGene00198467.,0,2,2
WBGene00198468.,0,0,0
WBGene00198469.,0,1,1
WBGene00198470.,0,0,0
WBGene00198471.,0,1,1
WBGene00198472.,0,9,9
WBGene00198473.,0,0,0
WBGene00198474.,0,32,32
WBGene00198475.,0,2,2
WBGene00198476.,0,1,1
WBGene00198477.,0,4,4
WBGene00198478.,0,1,1
WBGene00198479.,0,5,5
WBGene00198480.,0,0,0
WBGene00198481.,0,0,0
WBGene00198482.,0,8,8
WBGene00198483.,0,1,1
WBGene00198484.,0,1,1
WBGene00198485.,0,28,28
WBGene00198486.,0,233,233
WBGene00198487.,0,0,0
WBGene00198488.,0,3,3
WBGene00198489.,0,1,1
WBGene00198490.,0,12,12
WBGene00198491.,0,7,7
WBGene00198492.,0,6,6
WBGene00198493.,0,3,3
WBGene00198494.,0,1,1
WBGene00198495.,0,3,3
WBGene00198496.,0,9,9
WBGene00198497.,0,3,3
WBGene00198498.,0,0,0
WBGene00198499.,0,1,1
WBGene00198500.,0,0,0
WBGene00198501.,0,0,0
WBGene00198502.,0,0,0
WBGene00198503.,0,0,0
WBGene00198504.,0,2,2
WBGene00198505.,0,0,0
WBGene00198506.,0,8,8
WBGene00198507.,0,4,4
WBGene00198508.,0,0,0
WBGene00198509.,0,0,0
WBGene00198510.,0,0,0
WBGene00198511.,0,0,0
WBGene00198512.,0,13,13
WBGene00198513.,0,6,6
WBGene00198514.,0,0,0
WBGene00198515.,0,2,2
WBGene00198516.,0,2,2
WBGene00198517.,0,1,1
WBGene00198518.,0,0,0
WBGene00198519.,0,9,9
WBGene00198520.,0,6,6
WBGene00198521.,0,2,2
WBGene00198522.,0,5,5
WBGene00198523.,0,1,1
WBGene00198524.,0,1,1
WBGene00198525.,0,3,3
WBGene00198526.,0,3,3
WBGene00198527.,0,0,0
WBGene00198528.,0,2,2
WBGene00198529.,0,2,2
WBGene00198530.,0,63,63
WBGene00198531.,0,0,0
WBGene00198532.,0,7,7
WBGene00198533.,0,1,1
WBGene00198534.,0,4,4
WBGene00198535.,0,15,15
WBGene00198536.,0,23,23
WBGene00198537.,0,0,0
WBGene00198538.,0,0,0
WBGene00198539.,0,0,0
WBGene00198540.,0,9,9
WBGene00198541.,0,1,1
WBGene00198542.,0,1,1
WBGene00198543.,0,8,8
WBGene00198544.,0,1,1
WBGene00198545.,0,0,0
WBGene00198546.,0,2,2
WBGene00198547.,0,0,0
WBGene00198548.,0,0,0
WBGene00198549.,0,5,5
WBGene00198550.,0,6,6
WBGene00198551.,0,3,3
WBGene00198552.,0,5,5
WBGene00198553.,0,0,0
WBGene00198554.,0,17,17
WBGene00198555.,0,5,5
WBGene00198556.,0,0,0
WBGene00198557.,0,1,1
WBGene00198558.,0,8,8
WBGene00198559.,0,0,0
WBGene00198560.,0,5,5
WBGene00198561.,0,0,0
WBGene00198562.,0,1,1
WBGene00198563.,0,39,39
WBGene00198564.,0,2,2
WBGene00198565.,0,10,10
WBGene00198566.,0,0,0
WBGene00198567.,0,0,0
WBGene00198568.,0,24,24
WBGene00198569.,0,1,1
WBGene00198570.,0,0,0
WBGene00198571.,0,0,0
WBGene00198572.,0,0,0
WBGene00198573.,0,0,0
WBGene00198574.,0,2,2
WBGene00198575.,0,12,12
WBGene00198576.,0,4,4
WBGene00198577.,0,6,6
WBGene00198578.,0,0,0
WBGene00198579.,0,2,2
WBGene00198580.,0,5,5
WBGene00198581.,0,1,1
WBGene00198582.,0,7,7
WBGene00198583.,0,1,1
WBGene00198584.,0,0,0
WBGene00198585.,0,28,28
WBGene00198586.,0,2,2
WBGene00198587.,0,6,6
WBGene00198588.,0,2,2
WBGene00198589.,0,1,1
WBGene00198590.,0,0,0
WBGene00198591.,0,5,5
WBGene00198592.,0,1,1
WBGene00198593.,0,3,3
WBGene00198594.,0,4,4
WBGene00198595.,0,1,1
WBGene00198596.,0,4,4
WBGene00198597.,0,0,0
WBGene00198598.,0,11,11
WBGene00198599.,0,10,10
WBGene00198600.,0,1,1
WBGene00198601.,0,1,1
WBGene00198602.,0,1,1
WBGene00198603.,0,2,2
WBGene00198604.,0,5,5
WBGene00198605.,0,0,0
WBGene00198606.,0,1,1
WBGene00198607.,0,0,0
WBGene00198608.,0,12,12
WBGene00198609.,0,0,0
WBGene00198610.,0,0,0
WBGene00198611.,0,0,0
WBGene00198612.,0,0,0
WBGene00198613.,0,0,0
WBGene00198614.,0,4,4
WBGene00198615.,0,0,0
WBGene00198616.,0,5,5
WBGene00198617.,0,7,7
WBGene00198618.,0,3,3
WBGene00198619.,0,0,0
WBGene00198620.,0,0,0
WBGene00198621.,0,39,39
WBGene00198622.,0,0,0
WBGene00198623.,0,6,6
WBGene00198624.,0,0,0
WBGene00198625.,0,0,0
WBGene00198626.,0,0,0
WBGene00198627.,0,4,4
WBGene00198628.,0,0,0
WBGene00198629.,0,8,8
WBGene00198630.,0,4,4
WBGene00198631.,0,9,9
WBGene00198632.,0,1,1
WBGene00198633.,0,6,6
WBGene00198634.,0,32,32
WBGene00198635.,0,8,8
WBGene00198636.,0,1,1
WBGene00198637.,0,10,10
WBGene00198638.,0,1,1
WBGene00198639.,0,1,1
WBGene00198640.,0,4,4
WBGene00198641.,0,60,60
WBGene00198642.,0,20,20
WBGene00198643.,0,2,2
WBGene00198644.,0,1,1
WBGene00198645.,0,3,3
WBGene00198646.,0,19,19
WBGene00198647.,0,0,0
WBGene00198648.,0,1,1
WBGene00198649.,0,13,13
WBGene00198650.,0,3,3
WBGene00198651.,0,0,0
WBGene00198652.,0,0,0
WBGene00198653.,0,0,0
WBGene00198654.,0,2,2
WBGene00198655.,0,7,7
WBGene00198656.,0,0,0
WBGene00198657.,0,0,0
WBGene00198658.,0,10,10
WBGene00198659.,0,1,1
WBGene00198660.,0,1,1
WBGene00198661.,0,0,0
WBGene00198662.,0,9,9
WBGene00198663.,0,0,0
WBGene00198664.,0,5,5
WBGene00198665.,0,2,2
WBGene00198666.,0,0,0
WBGene00198667.,0,2,2
WBGene00198668.,0,8,8
WBGene00198669.,0,1,1
WBGene00198670.,0,4,4
WBGene00198671.,0,15,15
WBGene00198672.,0,10,10
WBGene00198673.,0,0,0
WBGene00198674.,0,12,12
WBGene00198675.,0,0,0
WBGene00198676.,0,0,0
WBGene00198677.,0,2,2
WBGene00198678.,0,0,0
WBGene00198679.,0,4,4
WBGene00198680.,0,4,4
WBGene00198681.,0,1,1
WBGene00198682.,0,0,0
WBGene00198683.,0,3,3
WBGene00198684.,0,6,6
WBGene00198685.,0,3,3
WBGene00198686.,0,7,7
WBGene00198687.,0,0,0
WBGene00198688.,0,1,1
WBGene00198689.,0,0,0
WBGene00198690.,0,1,1
WBGene00198691.,0,1,1
WBGene00198692.,0,7,7
WBGene00198693.,0,0,0
WBGene00198694.,0,0,0
WBGene00198695.,0,0,0
WBGene00198696.,0,15,15
WBGene00198697.,0,15,15
WBGene00198698.,0,0,0
WBGene00198699.,0,1,1
WBGene00198700.,0,0,0
WBGene00198701.,0,15,15
WBGene00198702.,0,3,3
WBGene00198703.,0,13,13
WBGene00198704.,0,5,5
WBGene00198705.,0,0,0
WBGene00198706.,0,5,5
WBGene00198707.,0,0,0
WBGene00198708.,0,0,0
WBGene00198709.,0,13,13
WBGene00198710.,0,2,2
WBGene00198711.,0,0,0
WBGene00198712.,0,1,1
WBGene00198713.,0,20,20
WBGene00198714.,0,1,1
WBGene00198715.,0,0,0
WBGene00198716.,0,1,1
WBGene00198717.,0,6,6
WBGene00198718.,0,11,11
WBGene00198719.,0,1,1
WBGene00198720.,0,0,0
WBGene00198721.,0,18,18
WBGene00198722.,0,10,10
WBGene00198723.,0,0,0
WBGene00198724.,0,4,4
WBGene00198725.,0,0,0
WBGene00198726.,0,1,1
WBGene00198727.,0,0,0
WBGene00198728.,0,3,3
WBGene00198729.,0,7,7
WBGene00198730.,0,0,0
WBGene00198731.,0,16,16
WBGene00198732.,0,5,5
WBGene00198733.,0,1,1
WBGene00198734.,0,1,1
WBGene00198735.,0,0,0
WBGene00198736.,0,1,1
WBGene00198737.,0,4,4
WBGene00198738.,0,0,0
WBGene00198739.,0,1,1
WBGene00198740.,0,4,4
WBGene00198741.,0,14,14
WBGene00198742.,0,1,1
WBGene00198743.,0,1,1
WBGene00198744.,0,5,5
WBGene00198745.,0,4,4
WBGene00198746.,0,22,22
WBGene00198747.,0,7,7
WBGene00198748.,0,4,4
WBGene00198749.,0,4,4
WBGene00198750.,0,0,0
WBGene00198751.,0,1,1
WBGene00198752.,0,0,0
WBGene00198753.,0,4,4
WBGene00198754.,0,0,0
WBGene00198755.,0,0,0
WBGene00198756.,0,13,13
WBGene00198757.,0,0,0
WBGene00198758.,0,2,2
WBGene00198759.,0,15,15
WBGene00198760.,0,0,0
WBGene00198761.,0,1,1
WBGene00198762.,0,0,0
WBGene00198763.,0,0,0
WBGene00198764.,0,1,1
WBGene00198765.,0,0,0
WBGene00198766.,0,0,0
WBGene00198767.,0,2,2
WBGene00198768.,0,8,8
WBGene00198769.,0,0,0
WBGene00198770.,0,6,6
WBGene00198771.,0,9,9
WBGene00198772.,0,0,0
WBGene00198773.,0,0,0
WBGene00198774.,0,9,9
WBGene00198775.,0,4,4
WBGene00198776.,0,7,7
WBGene00198777.,0,5,5
WBGene00198778.,0,0,0
WBGene00198779.,0,4,4
WBGene00198780.,0,7,7
WBGene00198781.,0,0,0
WBGene00198782.,0,19,19
WBGene00198783.,0,3,3
WBGene00198784.,0,0,0
WBGene00198785.,0,0,0
WBGene00198786.,0,13,13
WBGene00198787.,0,2,2
WBGene00198788.,0,0,0
WBGene00198789.,0,1,1
WBGene00198790.,0,5,5
WBGene00198791.,0,1,1
WBGene00198792.,0,16,16
WBGene00198793.,0,0,0
WBGene00198794.,0,0,0
WBGene00198795.,0,5,5
WBGene00198796.,0,0,0
WBGene00198797.,0,12,12
WBGene00198798.,0,17,17
WBGene00198799.,0,2,2
WBGene00198800.,0,1,1
WBGene00198801.,0,10,10
WBGene00198802.,0,1,1
WBGene00198803.,0,7,7
WBGene00198804.,0,8,8
WBGene00198805.,0,0,0
WBGene00198806.,0,1,1
WBGene00198807.,0,4,4
WBGene00198808.,0,0,0
WBGene00198809.,0,2,2
WBGene00198810.,0,23,23
WBGene00198811.,0,1,1
WBGene00198812.,0,0,0
WBGene00198813.,0,0,0
WBGene00198814.,0,48486,48486
WBGene00198815.,0,0,0
WBGene00198816.,0,0,0
WBGene00198817.,0,0,0
WBGene00198818.,0,0,0
WBGene00198819.,0,3,3
WBGene00198820.,0,14,14
WBGene00198821.,0,0,0
WBGene00198822.,0,6,6
WBGene00198823.,0,0,0
WBGene00198824.,0,0,0
WBGene00198825.,0,0,0
WBGene00198826.,0,1,1
WBGene00198827.,0,57,57
WBGene00198828.,0,4,4
WBGene00198829.,0,0,0
WBGene00198830.,0,13,13
WBGene00198831.,0,2,2
WBGene00198832.,0,2,2
WBGene00198833.,0,1,1
WBGene00198834.,0,2,2
WBGene00198835.,0,2,2
WBGene00198836.,0,1,1
WBGene00198837.,0,0,0
WBGene00198838.,0,0,0
WBGene00198839.,0,1,1
WBGene00198840.,0,1,1
WBGene00198841.,0,14,14
WBGene00198842.,0,0,0
WBGene00198843.,0,0,0
WBGene00198844.,0,1,1
WBGene00198845.,0,0,0
WBGene00198846.,0,0,0
WBGene00198847.,0,7,7
WBGene00198848.,0,0,0
WBGene00198849.,0,10,10
WBGene00198850.,0,0,0
WBGene00198851.,0,2,2
WBGene00198852.,0,5,5
WBGene00198853.,0,7,7
WBGene00198854.,0,12,12
WBGene00198855.,0,9,9
WBGene00198856.,0,13,13
WBGene00198857.,0,0,0
WBGene00198858.,0,2,2
WBGene00198859.,0,1,1
WBGene00198860.,0,0,0
WBGene00198861.,0,0,0
WBGene00198862.,0,1,1
WBGene00198863.,0,2,2
WBGene00198864.,0,2,2
WBGene00198865.,0,0,0
WBGene00198866.,0,0,0
WBGene00198867.,0,2,2
WBGene00198868.,0,4,4
WBGene00198869.,0,0,0
WBGene00198870.,0,1,1
WBGene00198871.,0,0,0
WBGene00198872.,0,1,1
WBGene00198873.,0,3,3
WBGene00198874.,0,3,3
WBGene00198875.,0,0,0
WBGene00198876.,0,0,0
WBGene00198877.,0,1,1
WBGene00198878.,0,0,0
WBGene00198879.,0,5,5
WBGene00198880.,0,10,10
WBGene00198881.,0,6,6
WBGene00198882.,0,17,17
WBGene00198883.,0,0,0
WBGene00198884.,0,0,0
WBGene00198885.,0,2,2
WBGene00198886.,0,0,0
WBGene00198887.,0,8,8
WBGene00198888.,0,1,1
WBGene00198889.,0,1,1
WBGene00198890.,0,12,12
WBGene00198891.,0,0,0
WBGene00198892.,0,1,1
WBGene00198893.,0,0,0
WBGene00198894.,0,0,0
WBGene00198895.,0,0,0
WBGene00198896.,0,15,15
WBGene00198897.,0,7,7
WBGene00198898.,0,16,16
WBGene00198899.,0,3,3
WBGene00198900.,0,1,1
WBGene00198901.,0,8,8
WBGene00198902.,0,0,0
WBGene00198903.,0,0,0
WBGene00198904.,0,12,12
WBGene00198905.,0,16,16
WBGene00198906.,0,0,0
WBGene00198907.,0,9,9
WBGene00198908.,0,1,1
WBGene00198909.,0,0,0
WBGene00198910.,0,0,0
WBGene00198911.,0,0,0
WBGene00198912.,0,0,0
WBGene00198913.,0,0,0
WBGene00198914.,0,12,12
WBGene00198915.,0,0,0
WBGene00198916.,0,13,13
WBGene00198917.,0,0,0
WBGene00198918.,0,1,1
WBGene00198919.,0,0,0
WBGene00198920.,0,0,0
WBGene00198921.,0,0,0
WBGene00198922.,0,2,2
WBGene00198923.,0,0,0
WBGene00198924.,0,0,0
WBGene00198925.,0,0,0
WBGene00198926.,0,2,2
WBGene00198927.,0,12,12
WBGene00198928.,0,2,2
WBGene00198929.,0,22,22
WBGene00198930.,0,2,2
WBGene00198931.,0,5,5
WBGene00198932.,0,0,0
WBGene00198933.,0,0,0
WBGene00198934.,0,10,10
WBGene00198935.,0,13,13
WBGene00198936.,0,2,2
WBGene00198937.,0,0,0
WBGene00198938.,0,2,2
WBGene00198939.,0,0,0
WBGene00198940.,0,1,1
WBGene00198941.,0,2,2
WBGene00198942.,0,0,0
WBGene00198943.,0,5,5
WBGene00198944.,0,5,5
WBGene00198945.,0,10,10
WBGene00198946.,0,5,5
WBGene00198947.,0,0,0
WBGene00198948.,0,0,0
WBGene00198949.,0,0,0
WBGene00198950.,0,4,4
WBGene00198951.,0,3,3
WBGene00198952.,0,0,0
WBGene00198953.,0,1,1
WBGene00198954.,0,0,0
WBGene00198955.,0,5,5
WBGene00198956.,0,1,1
WBGene00198957.,0,0,0
WBGene00198958.,0,0,0
WBGene00198959.,0,27,27
WBGene00198960.,0,0,0
WBGene00198961.,0,8,8
WBGene00198962.,0,4,4
WBGene00198963.,0,8,8
WBGene00198964.,0,3,3
WBGene00198965.,0,16,16
WBGene00198966.,0,0,0
WBGene00198967.,0,0,0
WBGene00198968.,0,0,0
WBGene00198969.,0,0,0
WBGene00198970.,0,3,3
WBGene00198971.,0,0,0
WBGene00198972.,0,6,6
WBGene00198973.,0,1,1
WBGene00198974.,0,2,2
WBGene00198975.,0,15,15
WBGene00198976.,0,7,7
WBGene00198977.,0,1,1
WBGene00198978.,0,1,1
WBGene00198979.,0,1,1
WBGene00198980.,0,10,10
WBGene00198981.,0,5,5
WBGene00198982.,0,2,2
WBGene00198983.,0,0,0
WBGene00198984.,0,1,1
WBGene00198985.,0,4,4
WBGene00198986.,0,2,2
WBGene00198987.,0,35,35
WBGene00198988.,0,0,0
WBGene00198989.,0,33,33
WBGene00198990.,0,4,4
WBGene00198991.,0,17,17
WBGene00198992.,0,5,5
WBGene00198993.,0,0,0
WBGene00198994.,0,6,6
WBGene00198995.,0,13,13
WBGene00198996.,0,0,0
WBGene00198997.,0,4,4
WBGene00198998.,0,0,0
WBGene00198999.,0,0,0
WBGene00199000.,0,0,0
WBGene00199001.,0,0,0
WBGene00199002.,0,1,1
WBGene00199003.,0,0,0
WBGene00199004.,0,0,0
WBGene00199005.,0,6,6
WBGene00199006.,0,0,0
WBGene00199007.,0,20,20
WBGene00199008.,0,15,15
WBGene00199009.,0,0,0
WBGene00199010.,0,4,4
WBGene00199011.,0,1,1
WBGene00199012.,0,4,4
WBGene00199013.,0,0,0
WBGene00199014.,0,0,0
WBGene00199015.,0,5,5
WBGene00199016.,0,35,35
WBGene00199017.,0,2,2
WBGene00199018.,0,1,1
WBGene00199019.,0,0,0
WBGene00199020.,0,12,12
WBGene00199021.,0,1,1
WBGene00199022.,0,16,16
WBGene00199023.,0,0,0
WBGene00199024.,0,2,2
WBGene00199025.,0,0,0
WBGene00199026.,0,0,0
WBGene00199027.,0,0,0
WBGene00199028.,0,0,0
WBGene00199029.,0,0,0
WBGene00199030.,0,0,0
WBGene00199031.,0,3,3
WBGene00199032.,0,0,0
WBGene00199033.,0,3,3
WBGene00199034.,0,18,18
WBGene00199035.,0,7,7
WBGene00199036.,0,8,8
WBGene00199037.,0,5,5
WBGene00199038.,0,0,0
WBGene00199039.,0,5,5
WBGene00199040.,0,5,5
WBGene00199041.,0,16,16
WBGene00199042.,0,0,0
WBGene00199043.,0,22,22
WBGene00199044.,0,0,0
WBGene00199045.,0,0,0
WBGene00199046.,0,1,1
WBGene00199047.,0,1,1
WBGene00199048.,0,1,1
WBGene00199049.,0,0,0
WBGene00199050.,0,0,0
WBGene00199051.,0,17,17
WBGene00199052.,0,0,0
WBGene00199053.,0,10,10
WBGene00199054.,0,8,8
WBGene00199055.,0,0,0
WBGene00199056.,0,0,0
WBGene00199057.,0,2,2
WBGene00199058.,0,1,1
WBGene00199059.,0,2,2
WBGene00199060.,0,4,4
WBGene00199061.,0,0,0
WBGene00199062.,0,0,0
WBGene00199063.,0,22,22
WBGene00199064.,0,0,0
WBGene00199065.,0,0,0
WBGene00199066.,0,1,1
WBGene00199067.,0,0,0
WBGene00199068.,0,4,4
WBGene00199069.,0,0,0
WBGene00199070.,0,4,4
WBGene00199071.,0,0,0
WBGene00199072.,0,0,0
WBGene00199073.,0,2,2
WBGene00199074.,0,0,0
WBGene00199075.,0,0,0
WBGene00199076.,0,2,2
WBGene00199077.,0,13,13
WBGene00199078.,0,0,0
WBGene00199079.,0,4,4
WBGene00199080.,0,16,16
WBGene00199081.,0,2,2
WBGene00199082.,0,3,3
WBGene00199083.,0,3,3
WBGene00199084.,0,1,1
WBGene00199085.,0,0,0
WBGene00199086.,0,1,1
WBGene00199087.,0,19,19
WBGene00199088.,0,9,9
WBGene00199089.,0,6,6
WBGene00199090.,0,0,0
WBGene00199091.,0,14,14
WBGene00199092.,0,4,4
WBGene00199093.,0,6,6
WBGene00199094.,0,2,2
WBGene00199095.,0,5,5
WBGene00199096.,0,3,3
WBGene00199097.,0,0,0
WBGene00199098.,0,0,0
WBGene00199099.,0,0,0
WBGene00199100.,0,0,0
WBGene00199101.,0,3,3
WBGene00199102.,0,2,2
WBGene00199103.,0,3,3
WBGene00199104.,0,6,6
WBGene00199105.,0,0,0
WBGene00199106.,0,3,3
WBGene00199107.,0,0,0
WBGene00199108.,0,20,20
WBGene00199109.,0,0,0
WBGene00199110.,0,8,8
WBGene00199111.,0,0,0
WBGene00199112.,0,35,35
WBGene00199113.,0,0,0
WBGene00199114.,0,12,12
WBGene00199115.,0,20,20
WBGene00199116.,0,1,1
WBGene00199117.,0,6,6
WBGene00199118.,0,1,1
WBGene00199119.,0,3,3
WBGene00199120.,0,0,0
WBGene00199121.,0,0,0
WBGene00199122.,0,0,0
WBGene00199123.,0,1,1
WBGene00199124.,0,0,0
WBGene00199125.,0,3,3
WBGene00199126.,0,7,7
WBGene00199127.,0,4,4
WBGene00199128.,0,10,10
WBGene00199129.,0,2,2
WBGene00199130.,0,0,0
WBGene00199131.,0,0,0
WBGene00199132.,0,14,14
WBGene00199133.,0,0,0
WBGene00199134.,0,1,1
WBGene00199135.,0,15,15
WBGene00199136.,0,1,1
WBGene00199137.,0,3,3
WBGene00199138.,0,0,0
WBGene00199139.,0,0,0
WBGene00199140.,0,1,1
WBGene00199141.,0,6,6
WBGene00199142.,0,3,3
WBGene00199143.,0,3,3
WBGene00199144.,0,0,0
WBGene00199145.,0,0,0
WBGene00199146.,0,0,0
WBGene00199147.,0,2,2
WBGene00199148.,0,3,3
WBGene00199149.,0,4,4
WBGene00199150.,0,4,4
WBGene00199151.,0,0,0
WBGene00199152.,0,0,0
WBGene00199153.,0,0,0
WBGene00199154.,0,0,0
WBGene00199155.,0,10,10
WBGene00199156.,0,4,4
WBGene00199157.,0,3,3
WBGene00199158.,0,1,1
WBGene00199159.,0,1,1
WBGene00199160.,0,0,0
WBGene00199161.,0,6,6
WBGene00199162.,0,0,0
WBGene00199163.,0,0,0
WBGene00199164.,0,4,4
WBGene00199165.,0,0,0
WBGene00199166.,0,27,27
WBGene00199167.,0,1,1
WBGene00199168.,0,0,0
WBGene00199169.,0,1,1
WBGene00199170.,0,0,0
WBGene00199171.,0,4,4
WBGene00199172.,0,0,0
WBGene00199173.,0,6,6
WBGene00199174.,0,0,0
WBGene00199175.,0,0,0
WBGene00199176.,0,3,3
WBGene00199177.,0,19,19
WBGene00199178.,0,0,0
WBGene00199179.,0,0,0
WBGene00199180.,0,4,4
WBGene00199181.,0,5,5
WBGene00199182.,0,0,0
WBGene00199183.,0,0,0
WBGene00199184.,0,2,2
WBGene00199185.,0,7,7
WBGene00199186.,0,2,2
WBGene00199187.,0,0,0
WBGene00199188.,0,0,0
WBGene00199189.,0,0,0
WBGene00199190.,0,4,4
WBGene00199191.,0,3,3
WBGene00199192.,0,0,0
WBGene00199193.,0,3,3
WBGene00199194.,0,18,18
WBGene00199195.,0,1,1
WBGene00199196.,0,1,1
WBGene00199197.,0,0,0
WBGene00199198.,0,8,8
WBGene00199199.,0,0,0
WBGene00199200.,0,10,10
WBGene00199201.,0,2,2
WBGene00199202.,0,4,4
WBGene00199203.,0,1,1
WBGene00199204.,0,1,1
WBGene00199205.,0,3,3
WBGene00199206.,0,4,4
WBGene00199207.,0,3,3
WBGene00199208.,0,10,10
WBGene00199209.,0,15,15
WBGene00199210.,0,0,0
WBGene00199211.,0,5,5
WBGene00199212.,0,4,4
WBGene00199213.,0,2,2
WBGene00199214.,0,0,0
WBGene00199215.,0,0,0
WBGene00199216.,0,0,0
WBGene00199217.,0,3,3
WBGene00199218.,0,6,6
WBGene00199219.,0,4,4
WBGene00199220.,0,0,0
WBGene00199221.,0,0,0
WBGene00199222.,0,21,21
WBGene00199223.,0,2,2
WBGene00199224.,0,0,0
WBGene00199225.,0,17,17
WBGene00199226.,0,0,0
WBGene00199227.,0,5,5
WBGene00199228.,0,0,0
WBGene00199229.,0,17,17
WBGene00199230.,0,0,0
WBGene00199231.,0,1,1
WBGene00199232.,0,0,0
WBGene00199233.,0,0,0
WBGene00199234.,0,0,0
WBGene00199235.,0,6,6
WBGene00199236.,0,0,0
WBGene00199237.,0,5,5
WBGene00199238.,0,5,5
WBGene00199239.,0,2,2
WBGene00199240.,0,5,5
WBGene00199241.,0,23,23
WBGene00199242.,0,13,13
WBGene00199243.,0,1,1
WBGene00199244.,0,0,0
WBGene00199245.,0,0,0
WBGene00199246.,0,11,11
WBGene00199247.,0,18,18
WBGene00199248.,0,2,2
WBGene00199249.,0,22,22
WBGene00199250.,0,13,13
WBGene00199251.,0,0,0
WBGene00199252.,0,9,9
WBGene00199253.,0,2,2
WBGene00199254.,0,0,0
WBGene00199255.,0,25,25
WBGene00199256.,0,1,1
WBGene00199257.,0,0,0
WBGene00199258.,0,10,10
WBGene00199259.,0,4,4
WBGene00199260.,0,4,4
WBGene00199261.,0,1,1
WBGene00199262.,0,3,3
WBGene00199263.,0,0,0
WBGene00199264.,0,0,0
WBGene00199265.,0,5,5
WBGene00199266.,0,0,0
WBGene00199267.,0,2,2
WBGene00199268.,0,4,4
WBGene00199269.,0,5,5
WBGene00199270.,0,7,7
WBGene00199271.,0,3,3
WBGene00199272.,0,1,1
WBGene00199273.,0,0,0
WBGene00199274.,0,29,29
WBGene00199275.,0,2,2
WBGene00199276.,0,1,1
WBGene00199277.,0,4,4
WBGene00199278.,0,22,22
WBGene00199279.,0,0,0
WBGene00199280.,0,3,3
WBGene00199281.,0,0,0
WBGene00199282.,0,12,12
WBGene00199283.,0,1,1
WBGene00199284.,0,1,1
WBGene00199285.,0,8,8
WBGene00199286.,0,0,0
WBGene00199287.,0,0,0
WBGene00199288.,0,0,0
WBGene00199289.,0,0,0
WBGene00199290.,0,1,1
WBGene00199291.,0,3,3
WBGene00199292.,0,2,2
WBGene00199293.,0,2,2
WBGene00199294.,0,0,0
WBGene00199295.,0,5,5
WBGene00199296.,0,3,3
WBGene00199297.,0,0,0
WBGene00199298.,0,1,1
WBGene00199299.,0,4,4
WBGene00199300.,0,0,0
WBGene00199301.,0,1,1
WBGene00199302.,0,13,13
WBGene00199303.,0,1,1
WBGene00199304.,0,17,17
WBGene00199305.,17,0,17
WBGene00199306.,0,14,14
WBGene00199307.,0,2,2
WBGene00199308.,0,11,11
WBGene00199309.,0,1,1
WBGene00199310.,0,23,23
WBGene00199311.,0,6,6
WBGene00199312.,0,14,14
WBGene00199313.,0,5,5
WBGene00199314.,0,6,6
WBGene00199315.,0,1,1
WBGene00199316.,0,4,4
WBGene00199317.,0,3,3
WBGene00199318.,0,5,5
WBGene00199319.,0,3,3
WBGene00199320.,0,3,3
WBGene00199321.,0,11,11
WBGene00199322.,0,0,0
WBGene00199323.,0,0,0
WBGene00199324.,0,10,10
WBGene00199325.,0,0,0
WBGene00199326.,0,0,0
WBGene00199327.,0,11,11
WBGene00199328.,0,2,2
WBGene00199329.,0,0,0
WBGene00199330.,0,11,11
WBGene00199331.,0,0,0
WBGene00199332.,0,0,0
WBGene00199333.,0,0,0
WBGene00199334.,0,0,0
WBGene00199335.,0,1,1
WBGene00199336.,0,7,7
WBGene00199337.,0,0,0
WBGene00199338.,0,1,1
WBGene00199339.,0,108,108
WBGene00199340.,0,0,0
WBGene00199341.,0,0,0
WBGene00199342.,0,4,4
WBGene00199343.,0,0,0
WBGene00199344.,0,0,0
WBGene00199345.,0,6,6
WBGene00199346.,0,0,0
WBGene00199347.,0,0,0
WBGene00199348.,0,2,2
WBGene00199349.,0,0,0
WBGene00199350.,0,2,2
WBGene00199351.,0,0,0
WBGene00199352.,0,0,0
WBGene00199353.,0,11,11
WBGene00199354.,0,4,4
WBGene00199355.,0,0,0
WBGene00199356.,0,2,2
WBGene00199357.,0,0,0
WBGene00199358.,0,0,0
WBGene00199359.,0,4,4
WBGene00199360.,0,12,12
WBGene00199361.,0,4,4
WBGene00199362.,0,8,8
WBGene00199363.,0,29,29
WBGene00199364.,0,7,7
WBGene00199365.,0,0,0
WBGene00199366.,0,0,0
WBGene00199367.,0,1,1
WBGene00199368.,0,2,2
WBGene00199369.,0,0,0
WBGene00199370.,0,30,30
WBGene00199371.,0,0,0
WBGene00199372.,0,19,19
WBGene00199373.,0,0,0
WBGene00199374.,0,17,17
WBGene00199375.,0,0,0
WBGene00199376.,0,3,3
WBGene00199377.,0,0,0
WBGene00199378.,0,0,0
WBGene00199379.,0,0,0
WBGene00199380.,0,5,5
WBGene00199381.,0,0,0
WBGene00199382.,0,19,19
WBGene00199383.,0,6,6
WBGene00199384.,0,0,0
WBGene00199385.,0,2,2
WBGene00199386.,0,3,3
WBGene00199387.,0,2,2
WBGene00199388.,0,0,0
WBGene00199389.,0,2,2
WBGene00199390.,0,0,0
WBGene00199391.,0,0,0
WBGene00199392.,0,3,3
WBGene00199393.,0,4,4
WBGene00199394.,0,0,0
WBGene00199395.,0,20,20
WBGene00199396.,0,8,8
WBGene00199397.,0,15,15
WBGene00199398.,0,8,8
WBGene00199399.,0,0,0
WBGene00199400.,0,0,0
WBGene00199401.,0,11,11
WBGene00199402.,0,0,0
WBGene00199403.,0,0,0
WBGene00199404.,0,87,87
WBGene00199405.,0,7,7
WBGene00199406.,0,2,2
WBGene00199407.,0,0,0
WBGene00199408.,0,0,0
WBGene00199409.,0,0,0
WBGene00199410.,0,13,13
WBGene00199411.,0,2,2
WBGene00199412.,0,0,0
WBGene00199413.,0,2,2
WBGene00199414.,0,0,0
WBGene00199415.,0,2,2
WBGene00199416.,0,3,3
WBGene00199417.,0,3,3
WBGene00199418.,0,3,3
WBGene00199419.,0,1,1
WBGene00199420.,0,7,7
WBGene00199421.,0,13,13
WBGene00199422.,0,0,0
WBGene00199423.,0,0,0
WBGene00199424.,0,0,0
WBGene00199425.,0,0,0
WBGene00199426.,0,0,0
WBGene00199427.,0,0,0
WBGene00199428.,0,0,0
WBGene00199429.,0,0,0
WBGene00199430.,0,3,3
WBGene00199431.,0,0,0
WBGene00199432.,0,3,3
WBGene00199433.,0,0,0
WBGene00199434.,0,41,41
WBGene00199435.,0,0,0
WBGene00199436.,0,0,0
WBGene00199437.,0,2,2
WBGene00199438.,0,0,0
WBGene00199439.,0,0,0
WBGene00199440.,0,2,2
WBGene00199441.,0,16,16
WBGene00199442.,0,0,0
WBGene00199443.,0,4,4
WBGene00199444.,0,0,0
WBGene00199445.,0,4,4
WBGene00199446.,0,1,1
WBGene00199447.,0,0,0
WBGene00199448.,0,1,1
WBGene00199449.,0,0,0
WBGene00199450.,0,1,1
WBGene00199451.,0,24,24
WBGene00199452.,0,3,3
WBGene00199453.,0,0,0
WBGene00199454.,0,0,0
WBGene00199455.,0,1,1
WBGene00199456.,0,6,6
WBGene00199457.,0,0,0
WBGene00199458.,0,8,8
WBGene00199459.,0,0,0
WBGene00199460.,0,5,5
WBGene00199461.,0,5,5
WBGene00199462.,0,16,16
WBGene00199463.,0,7,7
WBGene00199464.,0,2,2
WBGene00199465.,0,10,10
WBGene00199466.,0,5,5
WBGene00199467.,0,1,1
WBGene00199468.,0,16,16
WBGene00199469.,0,1,1
WBGene00199470.,0,1,1
WBGene00199471.,0,3,3
WBGene00199472.,0,6,6
WBGene00199473.,0,0,0
WBGene00199474.,0,4,4
WBGene00199475.,0,10,10
WBGene00199476.,0,6,6
WBGene00199477.,0,6,6
WBGene00199478.,0,1,1
WBGene00199479.,0,20,20
WBGene00199480.,0,3,3
WBGene00199481.,0,4,4
WBGene00199482.,0,2,2
WBGene00199483.,0,5,5
WBGene00199484.,0,2,2
WBGene00199485.,0,42,42
WBGene00199486.,0,0,0
WBGene00199487.,0,0,0
WBGene00199488.,0,1,1
WBGene00199489.,0,5,5
WBGene00199490.,0,0,0
WBGene00199491.,0,11,11
WBGene00199492.,0,0,0
WBGene00199493.,0,3,3
WBGene00199494.,0,7,7
WBGene00199495.,0,4,4
WBGene00199496.,0,0,0
WBGene00199497.,0,0,0
WBGene00199498.,0,1,1
WBGene00199499.,0,20,20
WBGene00199500.,0,0,0
WBGene00199501.,0,3,3
WBGene00199502.,0,4,4
WBGene00199503.,0,0,0
WBGene00199504.,0,2,2
WBGene00199505.,0,5,5
WBGene00199506.,0,7,7
WBGene00199507.,0,5,5
WBGene00199508.,0,1,1
WBGene00199509.,0,0,0
WBGene00199510.,0,4,4
WBGene00199511.,0,3,3
WBGene00199512.,0,2,2
WBGene00199513.,0,54,54
WBGene00199514.,0,5,5
WBGene00199515.,0,2,2
WBGene00199516.,0,3,3
WBGene00199517.,0,1,1
WBGene00199518.,0,0,0
WBGene00199519.,0,0,0
WBGene00199520.,0,0,0
WBGene00199521.,0,0,0
WBGene00199522.,0,1,1
WBGene00199523.,0,28,28
WBGene00199524.,0,3,3
WBGene00199525.,0,3,3
WBGene00199526.,0,7,7
WBGene00199527.,0,0,0
WBGene00199528.,0,24,24
WBGene00199529.,0,0,0
WBGene00199530.,0,3,3
WBGene00199531.,0,0,0
WBGene00199532.,0,5,5
WBGene00199533.,0,9,9
WBGene00199534.,0,5,5
WBGene00199535.,0,1,1
WBGene00199536.,0,0,0
WBGene00199537.,0,0,0
WBGene00199538.,0,2,2
WBGene00199539.,0,2,2
WBGene00199540.,0,0,0
WBGene00199541.,0,15,15
WBGene00199542.,0,3,3
WBGene00199543.,0,0,0
WBGene00199544.,0,0,0
WBGene00199545.,0,0,0
WBGene00199546.,0,0,0
WBGene00199547.,0,0,0
WBGene00199548.,0,1,1
WBGene00199549.,0,12,12
WBGene00199550.,0,0,0
WBGene00199551.,0,0,0
WBGene00199552.,0,0,0
WBGene00199553.,0,1,1
WBGene00199554.,0,2,2
WBGene00199555.,0,0,0
WBGene00199556.,0,2,2
WBGene00199557.,0,2,2
WBGene00199558.,0,6,6
WBGene00199559.,0,0,0
WBGene00199560.,0,0,0
WBGene00199561.,0,0,0
WBGene00199562.,0,2,2
WBGene00199563.,0,38,38
WBGene00199564.,0,0,0
WBGene00199565.,0,0,0
WBGene00199566.,0,13,13
WBGene00199567.,0,11,11
WBGene00199568.,0,1,1
WBGene00199569.,0,0,0
WBGene00199570.,0,6,6
WBGene00199571.,0,2,2
WBGene00199572.,0,0,0
WBGene00199573.,0,0,0
WBGene00199574.,0,0,0
WBGene00199575.,0,2,2
WBGene00199576.,0,5,5
WBGene00199577.,0,0,0
WBGene00199578.,0,0,0
WBGene00199579.,0,0,0
WBGene00199580.,0,7,7
WBGene00199581.,0,0,0
WBGene00199582.,0,0,0
WBGene00199583.,0,0,0
WBGene00199584.,0,13,13
WBGene00199585.,0,21,21
WBGene00199586.,0,10,10
WBGene00199587.,0,2,2
WBGene00199588.,0,1,1
WBGene00199589.,0,2,2
WBGene00199590.,0,0,0
WBGene00199591.,0,0,0
WBGene00199592.,0,0,0
WBGene00199593.,0,1,1
WBGene00199594.,0,0,0
WBGene00199595.,0,2,2
WBGene00199596.,0,8,8
WBGene00199597.,0,0,0
WBGene00199598.,0,0,0
WBGene00199599.,0,2,2
WBGene00199600.,0,4,4
WBGene00199601.,0,27,27
WBGene00199602.,0,0,0
WBGene00199603.,0,0,0
WBGene00199604.,0,0,0
WBGene00199605.,0,13,13
WBGene00199606.,0,1,1
WBGene00199607.,0,0,0
WBGene00199608.,0,14,14
WBGene00199609.,0,0,0
WBGene00199610.,0,11,11
WBGene00199611.,0,0,0
WBGene00199612.,0,13,13
WBGene00199613.,0,0,0
WBGene00199614.,0,1,1
WBGene00199615.,0,5,5
WBGene00199616.,0,0,0
WBGene00199617.,0,3,3
WBGene00199618.,0,0,0
WBGene00199619.,0,0,0
WBGene00199620.,0,48,48
WBGene00199621.,0,0,0
WBGene00199622.,0,27,27
WBGene00199623.,0,0,0
WBGene00199624.,0,4,4
WBGene00199625.,0,5,5
WBGene00199626.,0,7,7
WBGene00199627.,0,7,7
WBGene00199628.,0,3,3
WBGene00199629.,0,7,7
WBGene00199630.,0,0,0
WBGene00199631.,0,0,0
WBGene00199632.,0,25,25
WBGene00199633.,0,11,11
WBGene00199634.,0,0,0
WBGene00199635.,0,0,0
WBGene00199636.,0,6,6
WBGene00199637.,0,0,0
WBGene00199638.,0,2,2
WBGene00199639.,0,1,1
WBGene00199640.,0,1,1
WBGene00199641.,0,4,4
WBGene00199642.,0,0,0
WBGene00199643.,0,10,10
WBGene00199644.,0,2,2
WBGene00199645.,0,3,3
WBGene00199646.,0,0,0
WBGene00199647.,0,1,1
WBGene00199648.,0,8,8
WBGene00199649.,0,0,0
WBGene00199650.,0,11,11
WBGene00199651.,0,6,6
WBGene00199652.,0,5,5
WBGene00199653.,0,0,0
WBGene00199654.,0,0,0
WBGene00199655.,0,0,0
WBGene00199656.,0,1,1
WBGene00199657.,0,16,16
WBGene00199658.,0,1,1
WBGene00199659.,0,2,2
WBGene00199660.,0,1,1
WBGene00199661.,0,5,5
WBGene00199662.,0,0,0
WBGene00199663.,0,6,6
WBGene00199664.,0,5,5
WBGene00199665.,0,1,1
WBGene00199666.,0,1,1
WBGene00199667.,0,27,27
WBGene00199668.,0,2,2
WBGene00199669.,0,0,0
WBGene00199670.,0,2,2
WBGene00199671.,0,0,0
WBGene00199672.,0,16,16
WBGene00199673.,0,0,0
WBGene00199674.,0,10,10
WBGene00199675.,0,1,1
WBGene00199676.,0,0,0
WBGene00199677.,0,3,3
WBGene00199678.,0,1,1
WBGene00199679.,0,1,1
WBGene00199680.,0,5,5
WBGene00199681.,0,1,1
WBGene00199682.,0,3,3
WBGene00199683.,0,2,2
WBGene00199684.,0,1,1
WBGene00199685.,0,4,4
WBGene00199686.,0,7,7
WBGene00199687.,0,0,0
WBGene00199688.,0,0,0
WBGene00199689.,0,4,4
WBGene00199690.,0,0,0
WBGene00199691.,0,12,12
WBGene00199692.,0,8,8
WBGene00199693.,0,1,1
WBGene00199694.,0,0,0
WBGene00199695.,0,4,4
WBGene00199696.,0,0,0
WBGene00199697.,0,2,2
WBGene00199698.,0,0,0
WBGene00199699.,0,5,5
WBGene00199700.,0,6,6
WBGene00199701.,0,4,4
WBGene00199702.,0,11,11
WBGene00199703.,0,0,0
WBGene00199704.,0,5,5
WBGene00199705.,0,0,0
WBGene00199706.,0,3,3
WBGene00199707.,0,3,3
WBGene00199708.,0,7,7
WBGene00199709.,0,1,1
WBGene00199710.,0,15,15
WBGene00199711.,0,7,7
WBGene00199712.,0,0,0
WBGene00199713.,0,5,5
WBGene00199714.,0,9,9
WBGene00199715.,0,4,4
WBGene00199716.,0,9,9
WBGene00199717.,0,2,2
WBGene00199718.,0,1,1
WBGene00199719.,0,8,8
WBGene00199720.,0,7,7
WBGene00199721.,0,0,0
WBGene00199722.,0,2,2
WBGene00199723.,0,0,0
WBGene00199724.,0,0,0
WBGene00199725.,0,0,0
WBGene00199726.,0,0,0
WBGene00199727.,0,17,17
WBGene00199728.,0,0,0
WBGene00199729.,0,6,6
WBGene00199730.,0,0,0
WBGene00199731.,0,6,6
WBGene00199732.,0,4,4
WBGene00199733.,0,14,14
WBGene00199734.,0,0,0
WBGene00199735.,0,2,2
WBGene00199736.,0,0,0
WBGene00199737.,0,5,5
WBGene00199738.,0,1,1
WBGene00199739.,0,0,0
WBGene00199740.,0,13,13
WBGene00199741.,0,1,1
WBGene00199742.,0,34,34
WBGene00199743.,0,21,21
WBGene00199744.,0,0,0
WBGene00199745.,0,0,0
WBGene00199746.,0,5,5
WBGene00199747.,0,0,0
WBGene00199748.,0,9,9
WBGene00199749.,0,1,1
WBGene00199750.,0,2,2
WBGene00199751.,0,16,16
WBGene00199752.,0,2,2
WBGene00199753.,0,604,604
WBGene00199754.,0,0,0
WBGene00199755.,0,0,0
WBGene00199756.,0,4,4
WBGene00199757.,0,0,0
WBGene00199758.,0,2,2
WBGene00199759.,0,3,3
WBGene00199760.,0,0,0
WBGene00199761.,0,2,2
WBGene00199762.,0,0,0
WBGene00199763.,0,0,0
WBGene00199764.,0,1,1
WBGene00199765.,0,8,8
WBGene00199766.,0,0,0
WBGene00199767.,0,6,6
WBGene00199768.,0,2,2
WBGene00199769.,0,0,0
WBGene00199770.,0,4,4
WBGene00199771.,0,0,0
WBGene00199772.,0,16,16
WBGene00199773.,0,37,37
WBGene00199774.,0,0,0
WBGene00199775.,0,10,10
WBGene00199776.,0,0,0
WBGene00199777.,0,3,3
WBGene00199778.,0,4,4
WBGene00199779.,0,1,1
WBGene00199780.,0,4,4
WBGene00199781.,0,1,1
WBGene00199782.,0,1,1
WBGene00199783.,0,14,14
WBGene00199784.,0,0,0
WBGene00199785.,0,1,1
WBGene00199786.,0,3,3
WBGene00199787.,0,1,1
WBGene00199788.,0,4,4
WBGene00199789.,0,3,3
WBGene00199790.,0,3,3
WBGene00199791.,0,0,0
WBGene00199792.,0,3,3
WBGene00199793.,0,0,0
WBGene00199794.,0,38,38
WBGene00199795.,0,0,0
WBGene00199796.,0,0,0
WBGene00199797.,0,0,0
WBGene00199798.,0,0,0
WBGene00199799.,0,0,0
WBGene00199800.,0,0,0
WBGene00199801.,0,0,0
WBGene00199802.,0,0,0
WBGene00199803.,0,3,3
WBGene00199804.,0,0,0
WBGene00199805.,0,0,0
WBGene00199806.,0,0,0
WBGene00199807.,0,3,3
WBGene00199808.,0,3,3
WBGene00199809.,0,25,25
WBGene00199810.,0,21,21
WBGene00199811.,0,1,1
WBGene00199812.,0,1,1
WBGene00199813.,0,0,0
WBGene00199814.,0,32,32
WBGene00199815.,0,5,5
WBGene00199816.,0,2,2
WBGene00199817.,0,2,2
WBGene00199818.,0,0,0
WBGene00199819.,0,26,26
WBGene00199820.,0,10,10
WBGene00199821.,0,0,0
WBGene00199822.,0,0,0
WBGene00199823.,0,4,4
WBGene00199824.,0,24,24
WBGene00199825.,0,2,2
WBGene00199826.,0,0,0
WBGene00199827.,0,0,0
WBGene00199828.,0,0,0
WBGene00199829.,0,1,1
WBGene00199830.,0,0,0
WBGene00199831.,0,7,7
WBGene00199832.,0,0,0
WBGene00199833.,0,0,0
WBGene00199834.,0,0,0
WBGene00199835.,0,1,1
WBGene00199836.,0,0,0
WBGene00199837.,0,0,0
WBGene00199838.,0,1,1
WBGene00199839.,0,1,1
WBGene00199840.,0,14,14
WBGene00199841.,0,0,0
WBGene00199842.,0,14,14
WBGene00199843.,0,3,3
WBGene00199844.,0,1,1
WBGene00199845.,0,3,3
WBGene00199846.,0,0,0
WBGene00199847.,0,0,0
WBGene00199848.,0,0,0
WBGene00199849.,0,3,3
WBGene00199850.,0,2,2
WBGene00199851.,0,4,4
WBGene00199852.,0,0,0
WBGene00199853.,0,2,2
WBGene00199854.,0,3,3
WBGene00199855.,0,6,6
WBGene00199856.,0,7,7
WBGene00199857.,0,4,4
WBGene00199858.,0,18,18
WBGene00199859.,0,1,1
WBGene00199860.,0,0,0
WBGene00199861.,0,3,3
WBGene00199862.,0,0,0
WBGene00199863.,0,0,0
WBGene00199864.,0,0,0
WBGene00199865.,0,0,0
WBGene00199866.,0,5,5
WBGene00199867.,0,4,4
WBGene00199868.,0,0,0
WBGene00199869.,0,0,0
WBGene00199870.,0,0,0
WBGene00199871.,0,40,40
WBGene00199872.,0,0,0
WBGene00199873.,0,0,0
WBGene00199874.,0,4,4
WBGene00199875.,0,5,5
WBGene00199876.,0,7,7
WBGene00199877.,0,1,1
WBGene00199878.,0,1,1
WBGene00199879.,0,4,4
WBGene00199880.,0,2,2
WBGene00199881.,0,3,3
WBGene00199882.,0,0,0
WBGene00199883.,0,1,1
WBGene00199884.,0,1,1
WBGene00199885.,0,1,1
WBGene00199886.,0,4,4
WBGene00199887.,0,1,1
WBGene00199888.,0,1,1
WBGene00199889.,0,6,6
WBGene00199890.,0,2,2
WBGene00199891.,0,0,0
WBGene00199892.,0,0,0
WBGene00199893.,0,5,5
WBGene00199894.,0,14,14
WBGene00199895.,0,8,8
WBGene00199896.,0,0,0
WBGene00199897.,0,71,71
WBGene00199898.,0,57,57
WBGene00199899.,0,23,23
WBGene00199900.,0,26,26
WBGene00199901.,0,0,0
WBGene00199902.,0,0,0
WBGene00199903.,0,0,0
WBGene00199904.,0,9,9
WBGene00199905.,0,8,8
WBGene00199906.,0,0,0
WBGene00199907.,0,1,1
WBGene00199908.,0,9,9
WBGene00199909.,0,16,16
WBGene00199910.,0,0,0
WBGene00199911.,0,0,0
WBGene00199912.,0,0,0
WBGene00199913.,0,0,0
WBGene00199914.,0,6,6
WBGene00199915.,0,0,0
WBGene00199916.,0,0,0
WBGene00199917.,0,8,8
WBGene00199918.,0,0,0
WBGene00199919.,0,3,3
WBGene00199920.,0,0,0
WBGene00199921.,0,0,0
WBGene00199922.,0,1,1
WBGene00199923.,0,3,3
WBGene00199924.,0,13,13
WBGene00199925.,0,0,0
WBGene00199926.,0,0,0
WBGene00199927.,0,0,0
WBGene00199928.,0,4,4
WBGene00199929.,0,0,0
WBGene00199930.,0,4,4
WBGene00199931.,0,5,5
WBGene00199932.,0,0,0
WBGene00199933.,0,4,4
WBGene00199934.,0,1,1
WBGene00199935.,0,6,6
WBGene00199936.,0,0,0
WBGene00199937.,0,0,0
WBGene00199938.,0,0,0
WBGene00199939.,0,0,0
WBGene00199940.,0,5,5
WBGene00199941.,0,1,1
WBGene00199942.,0,6,6
WBGene00199943.,0,2,2
WBGene00199944.,0,7,7
WBGene00199945.,0,0,0
WBGene00199946.,0,172,172
WBGene00199947.,0,32,32
WBGene00199948.,0,1,1
WBGene00199949.,0,8,8
WBGene00199950.,0,1,1
WBGene00199951.,0,0,0
WBGene00199952.,0,0,0
WBGene00199953.,0,9,9
WBGene00199954.,0,0,0
WBGene00199955.,0,3,3
WBGene00199956.,0,1,1
WBGene00199957.,0,3,3
WBGene00199958.,0,0,0
WBGene00199959.,0,4,4
WBGene00199960.,0,1,1
WBGene00199961.,0,3,3
WBGene00199962.,0,2,2
WBGene00199963.,0,0,0
WBGene00199964.,0,0,0
WBGene00199965.,0,0,0
WBGene00199966.,0,0,0
WBGene00199967.,0,0,0
WBGene00199968.,0,0,0
WBGene00199969.,0,0,0
WBGene00199970.,0,5,5
WBGene00199971.,0,0,0
WBGene00199972.,0,7,7
WBGene00199973.,0,0,0
WBGene00199974.,0,0,0
WBGene00199975.,0,1,1
WBGene00199976.,0,5,5
WBGene00199977.,0,14,14
WBGene00199978.,0,10,10
WBGene00199979.,0,0,0
WBGene00199980.,0,0,0
WBGene00199981.,0,0,0
WBGene00199982.,0,0,0
WBGene00199983.,0,0,0
WBGene00199984.,0,0,0
WBGene00199985.,0,2,2
WBGene00199986.,0,3,3
WBGene00199987.,0,0,0
WBGene00199988.,0,6,6
WBGene00199989.,0,6,6
WBGene00199990.,0,3,3
WBGene00199991.,0,0,0
WBGene00199992.,0,1,1
WBGene00199993.,0,0,0
WBGene00199994.,0,1,1
WBGene00199995.,0,8,8
WBGene00199996.,0,0,0
WBGene00199997.,0,6,6
WBGene00199998.,0,1,1
WBGene00199999.,0,0,0
WBGene00200000.,0,3,3
WBGene00200001.,0,3,3
WBGene00200002.,0,0,0
WBGene00200003.,0,4,4
WBGene00200004.,0,0,0
WBGene00200005.,0,0,0
WBGene00200006.,0,1,1
WBGene00200007.,0,0,0
WBGene00200008.,0,9,9
WBGene00200009.,0,66,66
WBGene00200010.,0,1,1
WBGene00200011.,0,4,4
WBGene00200012.,0,7,7
WBGene00200013.,0,10,10
WBGene00200014.,0,9,9
WBGene00200015.,0,1,1
WBGene00200016.,0,0,0
WBGene00200017.,0,0,0
WBGene00200018.,0,0,0
WBGene00200019.,0,8,8
WBGene00200020.,0,5,5
WBGene00200021.,0,0,0
WBGene00200022.,0,0,0
WBGene00200023.,0,0,0
WBGene00200024.,0,1,1
WBGene00200025.,0,165,165
WBGene00200026.,0,20,20
WBGene00200027.,0,3,3
WBGene00200028.,0,34,34
WBGene00200029.,0,5,5
WBGene00200030.,0,3,3
WBGene00200031.,0,9,9
WBGene00200032.,0,5,5
WBGene00200033.,0,0,0
WBGene00200034.,0,10,10
WBGene00200035.,0,0,0
WBGene00200036.,0,0,0
WBGene00200037.,0,0,0
WBGene00200038.,0,0,0
WBGene00200039.,0,1,1
WBGene00200040.,0,0,0
WBGene00200041.,0,1,1
WBGene00200042.,0,4,4
WBGene00200043.,0,6,6
WBGene00200044.,0,8,8
WBGene00200045.,0,1,1
WBGene00200046.,0,0,0
WBGene00200047.,0,42,42
WBGene00200048.,0,0,0
WBGene00200049.,0,4,4
WBGene00200050.,0,9,9
WBGene00200051.,0,3,3
WBGene00200052.,0,0,0
WBGene00200053.,0,7,7
WBGene00200054.,0,12,12
WBGene00200055.,0,0,0
WBGene00200056.,0,14,14
WBGene00200057.,0,8,8
WBGene00200058.,0,19,19
WBGene00200059.,0,5,5
WBGene00200060.,0,2,2
WBGene00200061.,0,3,3
WBGene00200062.,0,28,28
WBGene00200063.,0,0,0
WBGene00200064.,0,0,0
WBGene00200065.,0,0,0
WBGene00200066.,0,0,0
WBGene00200067.,0,0,0
WBGene00200068.,0,5,5
WBGene00200069.,0,0,0
WBGene00200070.,0,2,2
WBGene00200071.,0,0,0
WBGene00200072.,0,0,0
WBGene00200073.,0,0,0
WBGene00200074.,0,13,13
WBGene00200075.,0,19,19
WBGene00200076.,0,0,0
WBGene00200077.,0,0,0
WBGene00200078.,0,0,0
WBGene00200079.,0,4,4
WBGene00200080.,0,9,9
WBGene00200081.,0,0,0
WBGene00200082.,0,6,6
WBGene00200083.,0,0,0
WBGene00200084.,0,0,0
WBGene00200085.,0,1,1
WBGene00200086.,0,0,0
WBGene00200087.,0,0,0
WBGene00200088.,0,2,2
WBGene00200089.,0,5,5
WBGene00200090.,0,0,0
WBGene00200091.,0,0,0
WBGene00200092.,0,6,6
WBGene00200093.,0,1,1
WBGene00200094.,0,0,0
WBGene00200095.,0,2,2
WBGene00200096.,0,2,2
WBGene00200097.,0,0,0
WBGene00200098.,0,8,8
WBGene00200099.,0,3,3
WBGene00200100.,0,17,17
WBGene00200101.,0,0,0
WBGene00200102.,0,0,0
WBGene00200103.,0,4,4
WBGene00200104.,0,0,0
WBGene00200105.,0,3,3
WBGene00200106.,0,0,0
WBGene00200107.,0,17,17
WBGene00200108.,0,0,0
WBGene00200109.,0,27,27
WBGene00200110.,0,0,0
WBGene00200111.,0,6,6
WBGene00200112.,0,1,1
WBGene00200113.,0,17,17
WBGene00200114.,0,0,0
WBGene00200115.,0,1,1
WBGene00200116.,0,5,5
WBGene00200117.,0,1,1
WBGene00200118.,0,3,3
WBGene00200119.,0,0,0
WBGene00200120.,0,0,0
WBGene00200121.,0,4,4
WBGene00200122.,0,0,0
WBGene00200123.,0,0,0
WBGene00200124.,0,0,0
WBGene00200125.,0,1,1
WBGene00200126.,0,0,0
WBGene00200127.,0,1,1
WBGene00200128.,0,5,5
WBGene00200129.,0,1,1
WBGene00200130.,0,1,1
WBGene00200131.,0,9,9
WBGene00200132.,0,0,0
WBGene00200133.,0,24,24
WBGene00200134.,0,10,10
WBGene00200135.,0,1,1
WBGene00200136.,0,1,1
WBGene00200137.,0,8,8
WBGene00200138.,0,1,1
WBGene00200139.,0,0,0
WBGene00200140.,0,6,6
WBGene00200141.,0,0,0
WBGene00200142.,0,1,1
WBGene00200143.,0,3,3
WBGene00200144.,0,0,0
WBGene00200145.,0,0,0
WBGene00200146.,0,0,0
WBGene00200147.,0,3,3
WBGene00200148.,0,11,11
WBGene00200149.,0,0,0
WBGene00200150.,0,7,7
WBGene00200151.,0,1,1
WBGene00200152.,0,1,1
WBGene00200153.,0,7,7
WBGene00200154.,0,15,15
WBGene00200155.,0,3,3
WBGene00200156.,0,1,1
WBGene00200157.,0,0,0
WBGene00200158.,0,3,3
WBGene00200159.,0,1,1
WBGene00200160.,0,0,0
WBGene00200161.,0,2,2
WBGene00200162.,0,1,1
WBGene00200163.,0,2,2
WBGene00200164.,0,12,12
WBGene00200165.,0,0,0
WBGene00200166.,0,2,2
WBGene00200167.,0,5,5
WBGene00200168.,0,3,3
WBGene00200169.,0,18,18
WBGene00200170.,0,4,4
WBGene00200171.,0,0,0
WBGene00200172.,0,0,0
WBGene00200173.,0,0,0
WBGene00200174.,0,2,2
WBGene00200175.,0,8,8
WBGene00200176.,0,0,0
WBGene00200177.,0,9,9
WBGene00200178.,0,0,0
WBGene00200179.,0,0,0
WBGene00200180.,0,0,0
WBGene00200181.,0,6,6
WBGene00200182.,0,22,22
WBGene00200183.,0,0,0
WBGene00200184.,0,3,3
WBGene00200185.,0,4,4
WBGene00200186.,0,4,4
WBGene00200187.,0,22,22
WBGene00200188.,0,5,5
WBGene00200189.,0,6,6
WBGene00200190.,0,4,4
WBGene00200191.,0,0,0
WBGene00200192.,0,15,15
WBGene00200193.,0,6,6
WBGene00200194.,0,3,3
WBGene00200195.,0,1,1
WBGene00200196.,0,6,6
WBGene00200197.,0,4,4
WBGene00200198.,0,9,9
WBGene00200199.,0,2,2
WBGene00200200.,0,0,0
WBGene00200201.,0,0,0
WBGene00200202.,0,0,0
WBGene00200203.,0,32,32
WBGene00200204.,0,0,0
WBGene00200205.,0,0,0
WBGene00200206.,0,0,0
WBGene00200207.,0,0,0
WBGene00200208.,0,0,0
WBGene00200209.,0,0,0
WBGene00200210.,0,1,1
WBGene00200211.,0,1,1
WBGene00200212.,0,6,6
WBGene00200213.,0,0,0
WBGene00200214.,0,7,7
WBGene00200215.,0,25,25
WBGene00200216.,0,5,5
WBGene00200217.,0,0,0
WBGene00200218.,0,0,0
WBGene00200219.,0,3,3
WBGene00200220.,0,2,2
WBGene00200221.,0,0,0
WBGene00200222.,0,0,0
WBGene00200223.,0,1,1
WBGene00200224.,0,0,0
WBGene00200225.,0,9,9
WBGene00200226.,0,0,0
WBGene00200227.,0,3,3
WBGene00200228.,0,2,2
WBGene00200229.,0,0,0
WBGene00200230.,0,0,0
WBGene00200231.,0,6,6
WBGene00200232.,0,0,0
WBGene00200233.,0,3,3
WBGene00200234.,0,0,0
WBGene00200235.,0,2,2
WBGene00200236.,0,0,0
WBGene00200237.,0,10,10
WBGene00200238.,0,0,0
WBGene00200239.,0,0,0
WBGene00200240.,0,0,0
WBGene00200241.,0,0,0
WBGene00200242.,0,4,4
WBGene00200243.,0,8,8
WBGene00200244.,0,10,10
WBGene00200245.,0,8,8
WBGene00200246.,0,0,0
WBGene00200247.,0,14,14
WBGene00200248.,0,1,1
WBGene00200249.,0,0,0
WBGene00200250.,0,16,16
WBGene00200251.,0,2,2
WBGene00200252.,0,0,0
WBGene00200253.,0,4,4
WBGene00200254.,0,1,1
WBGene00200255.,0,8,8
WBGene00200256.,0,1,1
WBGene00200257.,0,7,7
WBGene00200258.,0,0,0
WBGene00200259.,0,7,7
WBGene00200260.,0,0,0
WBGene00200261.,0,37,37
WBGene00200262.,0,0,0
WBGene00200263.,0,7,7
WBGene00200264.,0,2,2
WBGene00200265.,0,0,0
WBGene00200266.,0,7,7
WBGene00200267.,0,0,0
WBGene00200268.,0,0,0
WBGene00200269.,0,0,0
WBGene00200270.,0,9,9
WBGene00200271.,0,1,1
WBGene00200272.,0,4,4
WBGene00200273.,0,6,6
WBGene00200274.,0,5,5
WBGene00200275.,0,0,0
WBGene00200276.,0,2,2
WBGene00200277.,0,5,5
WBGene00200278.,0,18,18
WBGene00200279.,0,2,2
WBGene00200280.,0,15,15
WBGene00200281.,0,2,2
WBGene00200282.,0,14,14
WBGene00200283.,0,2,2
WBGene00200284.,0,0,0
WBGene00200285.,0,0,0
WBGene00200286.,0,0,0
WBGene00200287.,0,1,1
WBGene00200288.,0,0,0
WBGene00200289.,0,15,15
WBGene00200290.,0,2,2
WBGene00200291.,0,4,4
WBGene00200292.,0,0,0
WBGene00200293.,0,9,9
WBGene00200294.,0,48,48
WBGene00200295.,0,2,2
WBGene00200296.,0,1,1
WBGene00200297.,0,4,4
WBGene00200298.,0,0,0
WBGene00200299.,0,0,0
WBGene00200300.,0,14,14
WBGene00200301.,0,5,5
WBGene00200302.,0,9,9
WBGene00200303.,0,1,1
WBGene00200304.,0,1,1
WBGene00200305.,0,2,2
WBGene00200306.,0,0,0
WBGene00200307.,0,0,0
WBGene00200308.,0,12,12
WBGene00200309.,0,1,1
WBGene00200310.,0,7,7
WBGene00200311.,0,4,4
WBGene00200312.,0,0,0
WBGene00200313.,0,26,26
WBGene00200314.,0,3,3
WBGene00200315.,0,4,4
WBGene00200316.,0,0,0
WBGene00200317.,0,1,1
WBGene00200318.,0,24,24
WBGene00200319.,0,13,13
WBGene00200320.,0,1,1
WBGene00200321.,0,5,5
WBGene00200322.,0,0,0
WBGene00200323.,0,9,9
WBGene00200324.,0,1,1
WBGene00200325.,0,7,7
WBGene00200326.,0,0,0
WBGene00200327.,0,2,2
WBGene00200328.,0,2,2
WBGene00200329.,0,2,2
WBGene00200330.,0,6,6
WBGene00200331.,0,1,1
WBGene00200332.,0,0,0
WBGene00200333.,0,8,8
WBGene00200334.,0,0,0
WBGene00200335.,0,1,1
WBGene00200336.,0,0,0
WBGene00200337.,0,3,3
WBGene00200338.,0,3,3
WBGene00200339.,0,0,0
WBGene00200340.,0,1,1
WBGene00200341.,0,3,3
WBGene00200342.,0,0,0
WBGene00200343.,0,0,0
WBGene00200344.,0,6,6
WBGene00200345.,0,2,2
WBGene00200346.,0,2,2
WBGene00200347.,0,42,42
WBGene00200348.,0,0,0
WBGene00200349.,0,0,0
WBGene00200350.,0,18,18
WBGene00200351.,0,2,2
WBGene00200352.,0,0,0
WBGene00200353.,0,9,9
WBGene00200354.,0,0,0
WBGene00200355.,0,0,0
WBGene00200356.,0,2,2
WBGene00200357.,0,5,5
WBGene00200358.,0,19,19
WBGene00200359.,0,0,0
WBGene00200360.,0,0,0
WBGene00200361.,0,2,2
WBGene00200362.,0,0,0
WBGene00200363.,0,0,0
WBGene00200364.,0,1,1
WBGene00200365.,0,11,11
WBGene00200366.,0,3,3
WBGene00200367.,0,3,3
WBGene00200368.,0,0,0
WBGene00200369.,0,0,0
WBGene00200370.,0,14,14
WBGene00200371.,0,3,3
WBGene00200372.,0,1,1
WBGene00200373.,0,0,0
WBGene00200374.,0,5,5
WBGene00200375.,0,27,27
WBGene00200376.,0,0,0
WBGene00200377.,0,4,4
WBGene00200378.,0,0,0
WBGene00200379.,0,6,6
WBGene00200380.,0,0,0
WBGene00200381.,0,0,0
WBGene00200382.,0,5,5
WBGene00200383.,0,0,0
WBGene00200384.,0,5,5
WBGene00200385.,0,24,24
WBGene00200386.,0,1,1
WBGene00200387.,0,0,0
WBGene00200388.,0,3,3
WBGene00200389.,0,1,1
WBGene00200390.,0,24,24
WBGene00200391.,0,8,8
WBGene00200392.,0,1,1
WBGene00200393.,0,10,10
WBGene00200394.,0,3,3
WBGene00200395.,0,7,7
WBGene00200396.,0,4,4
WBGene00200397.,0,3,3
WBGene00200398.,0,0,0
WBGene00200399.,0,4,4
WBGene00200400.,0,15,15
WBGene00200401.,0,1,1
WBGene00200402.,0,0,0
WBGene00200403.,0,8,8
WBGene00200404.,0,0,0
WBGene00200405.,0,0,0
WBGene00200406.,0,1,1
WBGene00200407.,0,15,15
WBGene00200408.,0,33,33
WBGene00200409.,0,4,4
WBGene00200410.,0,2,2
WBGene00200411.,0,0,0
WBGene00200412.,0,0,0
WBGene00200413.,0,0,0
WBGene00200414.,0,0,0
WBGene00200415.,0,7,7
WBGene00200416.,0,4,4
WBGene00200417.,0,0,0
WBGene00200418.,0,0,0
WBGene00200419.,0,0,0
WBGene00200420.,0,3,3
WBGene00200421.,0,7,7
WBGene00200422.,0,0,0
WBGene00200423.,0,4,4
WBGene00200424.,0,4,4
WBGene00200425.,0,5,5
WBGene00200426.,0,3,3
WBGene00200427.,0,0,0
WBGene00200428.,0,12,12
WBGene00200429.,0,4,4
WBGene00200430.,0,0,0
WBGene00200431.,0,13,13
WBGene00200432.,0,1,1
WBGene00200433.,0,0,0
WBGene00200434.,0,2,2
WBGene00200435.,0,4,4
WBGene00200436.,0,3,3
WBGene00200437.,0,3,3
WBGene00200438.,0,0,0
WBGene00200439.,0,0,0
WBGene00200440.,0,2,2
WBGene00200441.,0,1,1
WBGene00200442.,0,7,7
WBGene00200443.,0,7,7
WBGene00200444.,0,1,1
WBGene00200445.,0,0,0
WBGene00200446.,0,0,0
WBGene00200447.,0,5,5
WBGene00200448.,0,2,2
WBGene00200449.,0,2,2
WBGene00200450.,0,0,0
WBGene00200451.,0,0,0
WBGene00200452.,0,7,7
WBGene00200453.,0,7,7
WBGene00200454.,0,0,0
WBGene00200455.,0,11,11
WBGene00200456.,0,31,31
WBGene00200457.,0,4,4
WBGene00200458.,0,1,1
WBGene00200459.,0,155,155
WBGene00200460.,0,1,1
WBGene00200461.,0,2,2
WBGene00200462.,0,0,0
WBGene00200463.,0,4,4
WBGene00200464.,0,3,3
WBGene00200465.,0,2,2
WBGene00200466.,0,1,1
WBGene00200467.,0,0,0
WBGene00200468.,0,9,9
WBGene00200469.,0,10,10
WBGene00200470.,0,7,7
WBGene00200471.,0,0,0
WBGene00200472.,0,22,22
WBGene00200473.,0,2,2
WBGene00200474.,0,3,3
WBGene00200475.,0,6,6
WBGene00200476.,0,3,3
WBGene00200477.,0,0,0
WBGene00200478.,0,18,18
WBGene00200479.,0,5,5
WBGene00200480.,0,0,0
WBGene00200481.,0,6,6
WBGene00200482.,0,3,3
WBGene00200483.,0,2,2
WBGene00200484.,0,3,3
WBGene00200485.,0,18,18
WBGene00200486.,0,1,1
WBGene00200487.,0,6,6
WBGene00200488.,0,28,28
WBGene00200489.,0,2,2
WBGene00200490.,0,3,3
WBGene00200491.,0,0,0
WBGene00200492.,0,10,10
WBGene00200493.,0,1,1
WBGene00200494.,0,2,2
WBGene00200495.,0,7,7
WBGene00200496.,0,7,7
WBGene00200497.,0,0,0
WBGene00200498.,0,13,13
WBGene00200499.,0,1,1
WBGene00200500.,0,7,7
WBGene00200501.,0,0,0
WBGene00200502.,0,10,10
WBGene00200503.,0,0,0
WBGene00200504.,0,0,0
WBGene00200505.,0,4,4
WBGene00200506.,0,0,0
WBGene00200507.,0,5,5
WBGene00200508.,0,0,0
WBGene00200509.,0,7,7
WBGene00200510.,0,0,0
WBGene00200511.,0,0,0
WBGene00200512.,0,0,0
WBGene00200513.,0,4,4
WBGene00200514.,0,3,3
WBGene00200515.,0,1,1
WBGene00200516.,0,0,0
WBGene00200517.,0,0,0
WBGene00200518.,0,2,2
WBGene00200519.,0,1,1
WBGene00200520.,0,1,1
WBGene00200521.,0,7,7
WBGene00200522.,0,0,0
WBGene00200523.,0,7,7
WBGene00200524.,0,0,0
WBGene00200525.,0,1,1
WBGene00200526.,0,4,4
WBGene00200527.,0,0,0
WBGene00200528.,0,13,13
WBGene00200529.,0,5,5
WBGene00200530.,0,3,3
WBGene00200531.,0,2,2
WBGene00200532.,0,0,0
WBGene00200533.,0,2,2
WBGene00200534.,0,5,5
WBGene00200535.,0,4,4
WBGene00200536.,0,6,6
WBGene00200537.,0,0,0
WBGene00200538.,0,33,33
WBGene00200539.,0,0,0
WBGene00200540.,0,2,2
WBGene00200541.,0,0,0
WBGene00200542.,0,2,2
WBGene00200543.,0,0,0
WBGene00200544.,0,0,0
WBGene00200545.,0,4,4
WBGene00200546.,0,9,9
WBGene00200547.,0,0,0
WBGene00200548.,0,3,3
WBGene00200549.,0,0,0
WBGene00200550.,0,2,2
WBGene00200551.,0,0,0
WBGene00200552.,0,4,4
WBGene00200553.,0,2,2
WBGene00200554.,0,0,0
WBGene00200555.,0,0,0
WBGene00200556.,0,0,0
WBGene00200557.,0,3,3
WBGene00200558.,0,20,20
WBGene00200559.,0,4,4
WBGene00200560.,0,0,0
WBGene00200561.,0,0,0
WBGene00200562.,0,0,0
WBGene00200563.,0,2,2
WBGene00200564.,0,0,0
WBGene00200565.,0,3,3
WBGene00200566.,0,10,10
WBGene00200567.,0,0,0
WBGene00200568.,0,3,3
WBGene00200569.,0,0,0
WBGene00200570.,0,8,8
WBGene00200571.,0,0,0
WBGene00200572.,0,18,18
WBGene00200573.,0,0,0
WBGene00200574.,0,1,1
WBGene00200575.,0,3,3
WBGene00200576.,0,10,10
WBGene00200577.,0,14,14
WBGene00200578.,0,0,0
WBGene00200579.,0,27,27
WBGene00200580.,0,2,2
WBGene00200581.,0,0,0
WBGene00200582.,0,5,5
WBGene00200583.,0,1,1
WBGene00200584.,0,2,2
WBGene00200585.,0,1,1
WBGene00200586.,0,2,2
WBGene00200587.,0,5,5
WBGene00200588.,0,0,0
WBGene00200589.,0,0,0
WBGene00200590.,0,1,1
WBGene00200591.,0,5,5
WBGene00200592.,0,0,0
WBGene00200593.,0,0,0
WBGene00200594.,0,2,2
WBGene00200595.,0,1,1
WBGene00200596.,0,12,12
WBGene00200597.,0,4,4
WBGene00200598.,0,3,3
WBGene00200599.,0,0,0
WBGene00200600.,0,4,4
WBGene00200601.,0,3,3
WBGene00200602.,0,0,0
WBGene00200603.,0,0,0
WBGene00200604.,0,1,1
WBGene00200605.,0,1,1
WBGene00200606.,0,0,0
WBGene00200607.,0,10,10
WBGene00200608.,0,0,0
WBGene00200609.,0,3,3
WBGene00200610.,0,0,0
WBGene00200611.,0,3,3
WBGene00200612.,0,0,0
WBGene00200613.,0,0,0
WBGene00200614.,0,5,5
WBGene00200615.,0,0,0
WBGene00200616.,0,0,0
WBGene00200617.,0,4,4
WBGene00200618.,0,5,5
WBGene00200619.,0,0,0
WBGene00200620.,0,7,7
WBGene00200621.,0,3,3
WBGene00200622.,0,0,0
WBGene00200623.,0,0,0
WBGene00200624.,0,3,3
WBGene00200625.,0,2,2
WBGene00200626.,0,10,10
WBGene00200627.,0,2,2
WBGene00200628.,0,5,5
WBGene00200629.,0,0,0
WBGene00200630.,0,8,8
WBGene00200631.,0,0,0
WBGene00200632.,0,10,10
WBGene00200633.,0,1,1
WBGene00200634.,0,0,0
WBGene00200635.,0,1,1
WBGene00200636.,0,0,0
WBGene00200637.,0,1,1
WBGene00200638.,0,0,0
WBGene00200639.,0,1,1
WBGene00200640.,0,1,1
WBGene00200641.,0,11,11
WBGene00200642.,0,2,2
WBGene00200643.,0,1,1
WBGene00200644.,0,1,1
WBGene00200645.,0,62,62
WBGene00200646.,0,20,20
WBGene00200647.,0,1,1
WBGene00200648.,0,0,0
WBGene00200649.,0,3,3
WBGene00200650.,0,3,3
WBGene00200651.,0,5,5
WBGene00200652.,0,1,1
WBGene00200653.,0,1,1
WBGene00200654.,0,4,4
WBGene00200655.,0,0,0
WBGene00200656.,0,0,0
WBGene00200657.,0,0,0
WBGene00200658.,0,1,1
WBGene00200659.,0,0,0
WBGene00200660.,0,3,3
WBGene00200661.,0,2,2
WBGene00200662.,0,1,1
WBGene00200663.,0,1,1
WBGene00200664.,0,3,3
WBGene00200665.,0,13,13
WBGene00200666.,0,3,3
WBGene00200667.,0,0,0
WBGene00200668.,0,0,0
WBGene00200669.,0,0,0
WBGene00200670.,0,5,5
WBGene00200671.,0,0,0
WBGene00200672.,0,0,0
WBGene00200673.,0,0,0
WBGene00200674.,0,3,3
WBGene00200675.,0,10,10
WBGene00200676.,0,0,0
WBGene00200677.,0,2,2
WBGene00200678.,0,3,3
WBGene00200679.,0,1,1
WBGene00200680.,0,6,6
WBGene00200681.,0,0,0
WBGene00200682.,0,0,0
WBGene00200683.,0,0,0
WBGene00200684.,0,4,4
WBGene00200685.,0,0,0
WBGene00200686.,0,1,1
WBGene00200687.,0,0,0
WBGene00200688.,0,0,0
WBGene00200689.,0,11,11
WBGene00200690.,0,0,0
WBGene00200691.,0,0,0
WBGene00200692.,0,4,4
WBGene00200693.,0,0,0
WBGene00200694.,0,1,1
WBGene00200695.,0,5,5
WBGene00200696.,0,0,0
WBGene00200697.,0,15,15
WBGene00200698.,0,0,0
WBGene00200699.,0,0,0
WBGene00200700.,0,7,7
WBGene00200701.,0,2,2
WBGene00200702.,0,84,84
WBGene00200703.,0,0,0
WBGene00200704.,0,2,2
WBGene00200705.,0,4,4
WBGene00200706.,0,1,1
WBGene00200707.,0,5,5
WBGene00200708.,0,0,0
WBGene00200709.,0,0,0
WBGene00200710.,0,5,5
WBGene00200711.,0,1,1
WBGene00200712.,0,0,0
WBGene00200713.,0,5,5
WBGene00200714.,0,1,1
WBGene00200715.,0,1,1
WBGene00200716.,0,1,1
WBGene00200717.,0,0,0
WBGene00200718.,0,6,6
WBGene00200719.,0,8,8
WBGene00200720.,0,2,2
WBGene00200721.,0,0,0
WBGene00200722.,0,0,0
WBGene00200723.,0,10,10
WBGene00200724.,0,6,6
WBGene00200725.,0,0,0
WBGene00200726.,0,7,7
WBGene00200727.,0,6,6
WBGene00200728.,0,1,1
WBGene00200729.,0,0,0
WBGene00200730.,0,0,0
WBGene00200731.,0,1,1
WBGene00200732.,0,0,0
WBGene00200733.,0,5,5
WBGene00200734.,0,0,0
WBGene00200735.,0,0,0
WBGene00200736.,0,7,7
WBGene00200737.,0,0,0
WBGene00200738.,0,1,1
WBGene00200739.,0,6,6
WBGene00200740.,0,1,1
WBGene00200741.,0,11,11
WBGene00200742.,0,12,12
WBGene00200743.,0,30,30
WBGene00200744.,0,22,22
WBGene00200745.,0,0,0
WBGene00200746.,0,11,11
WBGene00200747.,0,1,1
WBGene00200748.,0,1,1
WBGene00200749.,0,9,9
WBGene00200750.,0,12,12
WBGene00200751.,0,7,7
WBGene00200752.,0,54,54
WBGene00200753.,0,2,2
WBGene00200754.,0,3,3
WBGene00200755.,0,4,4
WBGene00200756.,0,27,27
WBGene00200757.,0,4,4
WBGene00200758.,0,4,4
WBGene00200759.,0,0,0
WBGene00200760.,0,0,0
WBGene00200761.,0,0,0
WBGene00200762.,0,34,34
WBGene00200763.,0,7,7
WBGene00200764.,0,5,5
WBGene00200765.,0,0,0
WBGene00200766.,0,8,8
WBGene00200767.,0,2,2
WBGene00200768.,0,5,5
WBGene00200769.,0,3,3
WBGene00200770.,0,3,3
WBGene00200771.,0,3,3
WBGene00200772.,0,5,5
WBGene00200773.,0,0,0
WBGene00200774.,0,1,1
WBGene00200775.,0,1,1
WBGene00200776.,0,2,2
WBGene00200777.,0,1,1
WBGene00200778.,0,2,2
WBGene00200779.,0,2,2
WBGene00200780.,0,11,11
WBGene00200781.,0,1,1
WBGene00200782.,0,0,0
WBGene00200783.,0,0,0
WBGene00200784.,0,0,0
WBGene00200785.,0,2,2
WBGene00200786.,0,13,13
WBGene00200787.,0,1,1
WBGene00200788.,0,0,0
WBGene00200789.,0,5,5
WBGene00200790.,0,0,0
WBGene00200791.,0,3,3
WBGene00200792.,0,1,1
WBGene00200793.,0,4,4
WBGene00200794.,0,0,0
WBGene00200795.,0,12,12
WBGene00200796.,0,0,0
WBGene00200797.,0,0,0
WBGene00200798.,0,2,2
WBGene00200799.,0,2,2
WBGene00200800.,0,7,7
WBGene00200801.,0,5,5
WBGene00200802.,0,15,15
WBGene00200803.,0,0,0
WBGene00200804.,0,2,2
WBGene00200805.,0,0,0
WBGene00200806.,0,0,0
WBGene00200807.,0,9,9
WBGene00200808.,0,28,28
WBGene00200809.,0,28,28
WBGene00200810.,0,0,0
WBGene00200811.,0,0,0
WBGene00200812.,0,9,9
WBGene00200813.,0,13,13
WBGene00200814.,0,0,0
WBGene00200815.,0,0,0
WBGene00200816.,0,0,0
WBGene00200817.,0,0,0
WBGene00200818.,0,14,14
WBGene00200819.,0,1,1
WBGene00200820.,0,0,0
WBGene00200821.,0,2,2
WBGene00200822.,0,1,1
WBGene00200823.,0,1,1
WBGene00200824.,0,1,1
WBGene00200825.,0,1,1
WBGene00200826.,0,20,20
WBGene00200827.,0,15,15
WBGene00200828.,0,34,34
WBGene00200829.,0,0,0
WBGene00200830.,0,0,0
WBGene00200831.,0,1,1
WBGene00200832.,0,1,1
WBGene00200833.,0,0,0
WBGene00200834.,0,1,1
WBGene00200835.,0,0,0
WBGene00200836.,0,0,0
WBGene00200837.,0,1,1
WBGene00200838.,0,1,1
WBGene00200839.,0,0,0
WBGene00200840.,0,0,0
WBGene00200841.,0,10,10
WBGene00200842.,0,11,11
WBGene00200843.,0,3,3
WBGene00200844.,0,2,2
WBGene00200845.,0,4,4
WBGene00200846.,0,3,3
WBGene00200847.,0,1,1
WBGene00200848.,0,0,0
WBGene00200849.,0,0,0
WBGene00200850.,0,0,0
WBGene00200851.,0,1,1
WBGene00200852.,0,6,6
WBGene00200853.,0,3,3
WBGene00200854.,0,4,4
WBGene00200855.,0,446,446
WBGene00200856.,0,12,12
WBGene00200857.,0,4,4
WBGene00200858.,0,1,1
WBGene00200859.,0,7,7
WBGene00200860.,0,21,21
WBGene00200861.,0,6,6
WBGene00200862.,0,0,0
WBGene00200863.,0,6,6
WBGene00200864.,0,0,0
WBGene00200865.,0,1,1
WBGene00200866.,0,0,0
WBGene00200867.,0,1,1
WBGene00200868.,0,6,6
WBGene00200869.,0,1,1
WBGene00200870.,0,7,7
WBGene00200871.,0,1,1
WBGene00200872.,0,0,0
WBGene00200873.,0,0,0
WBGene00200874.,0,6,6
WBGene00200875.,0,0,0
WBGene00200876.,0,2,2
WBGene00200877.,0,0,0
WBGene00200878.,0,0,0
WBGene00200879.,0,6,6
WBGene00200880.,0,2,2
WBGene00200881.,0,2,2
WBGene00200882.,0,2,2
WBGene00200883.,0,7,7
WBGene00200884.,0,18,18
WBGene00200885.,0,0,0
WBGene00200886.,0,0,0
WBGene00200887.,0,0,0
WBGene00200888.,0,10,10
WBGene00200889.,0,1,1
WBGene00200890.,0,1,1
WBGene00200891.,0,0,0
WBGene00200892.,0,4,4
WBGene00200893.,0,28,28
WBGene00200894.,0,0,0
WBGene00200895.,0,9,9
WBGene00200896.,0,4,4
WBGene00200897.,0,3,3
WBGene00200898.,0,0,0
WBGene00200899.,0,0,0
WBGene00200900.,0,1,1
WBGene00200901.,0,0,0
WBGene00200902.,0,1,1
WBGene00200903.,0,0,0
WBGene00200904.,0,3,3
WBGene00200905.,0,22,22
WBGene00200906.,0,4,4
WBGene00200907.,0,5,5
WBGene00200908.,0,9,9
WBGene00200909.,0,1,1
WBGene00200910.,0,0,0
WBGene00200911.,0,0,0
WBGene00200912.,0,11,11
WBGene00200913.,0,2,2
WBGene00200914.,0,0,0
WBGene00200915.,0,6,6
WBGene00200916.,0,6,6
WBGene00200917.,0,0,0
WBGene00200918.,0,0,0
WBGene00200919.,0,7,7
WBGene00200920.,0,11,11
WBGene00200921.,0,2,2
WBGene00200922.,0,0,0
WBGene00200923.,0,14,14
WBGene00200924.,0,0,0
WBGene00200925.,0,3,3
WBGene00200926.,0,0,0
WBGene00200927.,0,0,0
WBGene00200928.,0,0,0
WBGene00200929.,0,3,3
WBGene00200930.,0,2,2
WBGene00200931.,0,7,7
WBGene00200932.,0,8,8
WBGene00200933.,0,0,0
WBGene00200934.,0,32,32
WBGene00200935.,0,3,3
WBGene00200936.,0,0,0
WBGene00200937.,0,0,0
WBGene00200938.,0,6,6
WBGene00200939.,0,0,0
WBGene00200940.,0,21,21
WBGene00200941.,0,6,6
WBGene00200942.,0,0,0
WBGene00200943.,0,2,2
WBGene00200944.,0,1,1
WBGene00200945.,0,0,0
WBGene00200946.,0,17,17
WBGene00200947.,0,3,3
WBGene00200948.,0,7,7
WBGene00200949.,0,1,1
WBGene00200950.,0,0,0
WBGene00200951.,0,0,0
WBGene00200952.,0,1,1
WBGene00200953.,0,43,43
WBGene00200954.,0,0,0
WBGene00200955.,0,3,3
WBGene00200956.,0,4,4
WBGene00200957.,0,6,6
WBGene00200958.,0,1,1
WBGene00200959.,0,0,0
WBGene00200960.,0,48,48
WBGene00200961.,0,0,0
WBGene00200962.,0,0,0
WBGene00200963.,0,0,0
WBGene00200964.,0,3,3
WBGene00200965.,0,13,13
WBGene00200966.,0,2,2
WBGene00200967.,0,0,0
WBGene00200968.,0,13,13
WBGene00200969.,0,1,1
WBGene00200970.,0,2,2
WBGene00200971.,0,23,23
WBGene00200972.,0,0,0
WBGene00200973.,0,3,3
WBGene00200974.,0,3,3
WBGene00200975.,0,10,10
WBGene00200976.,0,2,2
WBGene00200977.,0,2,2
WBGene00200978.,0,0,0
WBGene00200979.,0,5,5
WBGene00200980.,0,1,1
WBGene00200981.,0,1,1
WBGene00200982.,0,7,7
WBGene00200983.,0,10,10
WBGene00200984.,0,0,0
WBGene00200985.,0,0,0
WBGene00200986.,0,4,4
WBGene00200987.,0,4,4
WBGene00200988.,0,0,0
WBGene00200989.,0,1,1
WBGene00200990.,0,1,1
WBGene00200991.,0,1,1
WBGene00200992.,0,0,0
WBGene00200993.,0,1,1
WBGene00200994.,0,3,3
WBGene00200995.,0,19,19
WBGene00200996.,0,26,26
WBGene00200997.,0,5,5
WBGene00200998.,0,0,0
WBGene00200999.,0,1,1
WBGene00201000.,0,2,2
WBGene00201001.,0,1,1
WBGene00201002.,0,3,3
WBGene00201003.,0,0,0
WBGene00201004.,0,2,2
WBGene00201005.,0,34,34
WBGene00201006.,0,3,3
WBGene00201007.,0,0,0
WBGene00201008.,0,6,6
WBGene00201009.,0,0,0
WBGene00201010.,0,4,4
WBGene00201011.,0,0,0
WBGene00201012.,0,6,6
WBGene00201013.,0,0,0
WBGene00201014.,0,16,16
WBGene00201015.,0,1,1
WBGene00201016.,0,1,1
WBGene00201017.,0,0,0
WBGene00201018.,0,4,4
WBGene00201019.,0,4,4
WBGene00201020.,0,0,0
WBGene00201021.,0,4,4
WBGene00201022.,0,0,0
WBGene00201023.,0,0,0
WBGene00201024.,0,0,0
WBGene00201025.,0,6,6
WBGene00201026.,0,0,0
WBGene00201027.,0,1,1
WBGene00201028.,0,0,0
WBGene00201029.,0,0,0
WBGene00201030.,0,9,9
WBGene00201031.,0,20,20
WBGene00201032.,0,4,4
WBGene00201033.,0,3,3
WBGene00201034.,0,10,10
WBGene00201035.,0,0,0
WBGene00201036.,0,9,9
WBGene00201037.,0,8,8
WBGene00201038.,0,2,2
WBGene00201039.,0,0,0
WBGene00201040.,0,0,0
WBGene00201041.,0,17,17
WBGene00201042.,0,3,3
WBGene00201043.,0,10,10
WBGene00201044.,0,0,0
WBGene00201045.,0,31,31
WBGene00201046.,0,0,0
WBGene00201047.,0,0,0
WBGene00201048.,0,3,3
WBGene00201049.,0,0,0
WBGene00201050.,0,7,7
WBGene00201051.,0,1,1
WBGene00201052.,0,4,4
WBGene00201053.,0,7,7
WBGene00201054.,0,6,6
WBGene00201055.,0,0,0
WBGene00201056.,0,2,2
WBGene00201057.,0,13,13
WBGene00201058.,0,13,13
WBGene00201059.,0,0,0
WBGene00201060.,0,0,0
WBGene00201061.,0,0,0
WBGene00201062.,0,1,1
WBGene00201063.,0,3,3
WBGene00201064.,0,5,5
WBGene00201065.,0,0,0
WBGene00201066.,0,2,2
WBGene00201067.,0,0,0
WBGene00201068.,0,1,1
WBGene00201069.,0,7,7
WBGene00201070.,0,0,0
WBGene00201071.,0,4,4
WBGene00201072.,0,4,4
WBGene00201073.,0,0,0
WBGene00201074.,0,1,1
WBGene00201075.,0,58,58
WBGene00201076.,0,4,4
WBGene00201077.,0,5,5
WBGene00201078.,0,9,9
WBGene00201079.,0,3,3
WBGene00201080.,0,10,10
WBGene00201081.,0,5,5
WBGene00201082.,0,31,31
WBGene00201083.,0,4,4
WBGene00201084.,0,8,8
WBGene00201085.,0,0,0
WBGene00201086.,0,0,0
WBGene00201087.,0,2,2
WBGene00201088.,0,6,6
WBGene00201089.,0,4,4
WBGene00201090.,0,6,6
WBGene00201091.,0,0,0
WBGene00201092.,0,10,10
WBGene00201093.,0,1,1
WBGene00201094.,0,3,3
WBGene00201095.,0,7,7
WBGene00201096.,0,0,0
WBGene00201097.,0,0,0
WBGene00201098.,0,6,6
WBGene00201099.,0,0,0
WBGene00201100.,0,28,28
WBGene00201101.,0,0,0
WBGene00201102.,0,0,0
WBGene00201103.,0,0,0
WBGene00201104.,0,0,0
WBGene00201105.,0,0,0
WBGene00201106.,0,5,5
WBGene00201107.,0,0,0
WBGene00201108.,0,0,0
WBGene00201109.,0,3,3
WBGene00201110.,0,0,0
WBGene00201111.,0,3,3
WBGene00201112.,0,12,12
WBGene00201113.,0,0,0
WBGene00201114.,0,0,0
WBGene00201115.,0,4,4
WBGene00201116.,0,10,10
WBGene00201117.,0,1,1
WBGene00201118.,0,7,7
WBGene00201119.,0,3,3
WBGene00201120.,0,2,2
WBGene00201121.,0,1,1
WBGene00201122.,0,0,0
WBGene00201123.,0,0,0
WBGene00201124.,0,4,4
WBGene00201125.,0,0,0
WBGene00201126.,0,5,5
WBGene00201127.,0,1,1
WBGene00201128.,0,1,1
WBGene00201129.,0,17,17
WBGene00201130.,0,1,1
WBGene00201131.,0,0,0
WBGene00201132.,0,2,2
WBGene00201133.,0,6,6
WBGene00201134.,0,0,0
WBGene00201135.,0,3,3
WBGene00201136.,0,7,7
WBGene00201137.,0,0,0
WBGene00201138.,0,0,0
WBGene00201139.,0,7,7
WBGene00201140.,0,0,0
WBGene00201141.,0,10,10
WBGene00201142.,0,1,1
WBGene00201143.,0,2,2
WBGene00201145.,0,1,1
WBGene00201146.,0,0,0
WBGene00201147.,0,0,0
WBGene00201148.,0,0,0
WBGene00201149.,0,2,2
WBGene00201150.,0,5,5
WBGene00201151.,0,2,2
WBGene00201152.,0,0,0
WBGene00201153.,0,2,2
WBGene00201154.,0,0,0
WBGene00201155.,0,2,2
WBGene00201156.,0,3,3
WBGene00201157.,0,0,0
WBGene00201158.,0,12,12
WBGene00201159.,0,4,4
WBGene00201160.,0,0,0
WBGene00201161.,0,2,2
WBGene00201162.,0,0,0
WBGene00201163.,0,1,1
WBGene00201164.,0,0,0
WBGene00201165.,0,6,6
WBGene00201166.,0,0,0
WBGene00201167.,0,1,1
WBGene00201168.,0,6,6
WBGene00201169.,0,1,1
WBGene00201170.,0,0,0
WBGene00201171.,0,2,2
WBGene00201172.,0,0,0
WBGene00201173.,0,4,4
WBGene00201174.,0,5,5
WBGene00201175.,0,6,6
WBGene00201176.,0,0,0
WBGene00201177.,0,6,6
WBGene00201178.,0,2,2
WBGene00201179.,0,3,3
WBGene00201180.,0,2,2
WBGene00201181.,0,57,57
WBGene00201182.,0,4,4
WBGene00201183.,0,0,0
WBGene00201184.,0,0,0
WBGene00201185.,0,3,3
WBGene00201186.,0,1,1
WBGene00201187.,0,6,6
WBGene00201188.,0,12,12
WBGene00201189.,0,2,2
WBGene00201190.,0,0,0
WBGene00201191.,0,0,0
WBGene00201192.,0,0,0
WBGene00201193.,0,1,1
WBGene00201194.,0,0,0
WBGene00201195.,0,0,0
WBGene00201196.,0,3,3
WBGene00201197.,0,0,0
WBGene00201198.,0,11,11
WBGene00201199.,0,10,10
WBGene00201200.,0,0,0
WBGene00201201.,0,4,4
WBGene00201202.,0,1,1
WBGene00201203.,0,2,2
WBGene00201204.,0,9,9
WBGene00201205.,0,10,10
WBGene00201206.,0,0,0
WBGene00201207.,0,25,25
WBGene00201208.,0,1,1
WBGene00201209.,0,0,0
WBGene00201210.,0,7,7
WBGene00201211.,0,3,3
WBGene00201212.,0,2,2
WBGene00201213.,0,0,0
WBGene00201214.,0,1,1
WBGene00201215.,0,10,10
WBGene00201216.,0,0,0
WBGene00201217.,0,0,0
WBGene00201218.,0,22,22
WBGene00201219.,0,23,23
WBGene00201220.,0,1,1
WBGene00201221.,0,5,5
WBGene00201222.,0,5,5
WBGene00201223.,0,1,1
WBGene00201224.,0,3,3
WBGene00201225.,0,0,0
WBGene00201226.,0,0,0
WBGene00201227.,0,0,0
WBGene00201228.,0,3,3
WBGene00201229.,0,4,4
WBGene00201230.,0,2,2
WBGene00201231.,0,2,2
WBGene00201232.,0,0,0
WBGene00201233.,0,2,2
WBGene00201234.,0,0,0
WBGene00201235.,0,0,0
WBGene00201236.,0,4,4
WBGene00201237.,0,3,3
WBGene00201238.,0,1,1
WBGene00201239.,0,9,9
WBGene00201240.,0,0,0
WBGene00201241.,0,0,0
WBGene00201242.,0,6,6
WBGene00201243.,0,3,3
WBGene00201244.,0,0,0
WBGene00201245.,0,11,11
WBGene00201246.,0,1,1
WBGene00201247.,0,1,1
WBGene00201248.,0,7,7
WBGene00201249.,0,3,3
WBGene00201250.,0,4,4
WBGene00201251.,0,2,2
WBGene00201252.,0,13,13
WBGene00201253.,0,2,2
WBGene00201254.,0,1,1
WBGene00201255.,0,5,5
WBGene00201256.,0,3,3
WBGene00201257.,0,22,22
WBGene00201258.,0,9,9
WBGene00201259.,0,1,1
WBGene00201260.,0,7,7
WBGene00201261.,0,0,0
WBGene00201262.,0,8,8
WBGene00201263.,0,2,2
WBGene00201264.,0,0,0
WBGene00201265.,0,0,0
WBGene00201266.,0,3,3
WBGene00201267.,0,8,8
WBGene00201268.,0,8,8
WBGene00201269.,0,3,3
WBGene00201270.,0,1,1
WBGene00201271.,0,4,4
WBGene00201272.,0,1,1
WBGene00201273.,0,32,32
WBGene00201274.,0,1,1
WBGene00201275.,0,4,4
WBGene00201276.,0,0,0
WBGene00201277.,0,3,3
WBGene00201278.,0,0,0
WBGene00201279.,0,0,0
WBGene00201280.,0,1,1
WBGene00201281.,0,9,9
WBGene00201282.,0,2,2
WBGene00201283.,0,0,0
WBGene00201284.,0,0,0
WBGene00201285.,0,8,8
WBGene00201286.,0,9,9
WBGene00201287.,0,6,6
WBGene00201288.,0,2,2
WBGene00201289.,0,3,3
WBGene00201290.,0,2,2
WBGene00201291.,0,7,7
WBGene00201292.,0,2,2
WBGene00201293.,0,7,7
WBGene00201294.,0,0,0
WBGene00201295.,0,1,1
WBGene00201296.,0,1,1
WBGene00201297.,0,2,2
WBGene00201298.,0,1,1
WBGene00201299.,0,13,13
WBGene00201300.,0,0,0
WBGene00201301.,0,8,8
WBGene00201302.,0,14,14
WBGene00201303.,0,12,12
WBGene00201304.,0,2,2
WBGene00201305.,0,3,3
WBGene00201306.,0,0,0
WBGene00201307.,0,1,1
WBGene00201308.,0,4,4
WBGene00201309.,0,0,0
WBGene00201310.,0,2,2
WBGene00201311.,0,2,2
WBGene00201312.,0,0,0
WBGene00201313.,0,4,4
WBGene00201314.,0,0,0
WBGene00201315.,0,8,8
WBGene00201316.,0,0,0
WBGene00201317.,0,3,3
WBGene00201318.,0,6,6
WBGene00201319.,0,9,9
WBGene00201320.,0,9,9
WBGene00201321.,0,0,0
WBGene00201322.,0,16,16
WBGene00201323.,0,5,5
WBGene00201324.,0,0,0
WBGene00201325.,0,3,3
WBGene00201326.,0,4,4
WBGene00201327.,0,11,11
WBGene00201328.,0,1,1
WBGene00201329.,0,4,4
WBGene00201330.,0,1,1
WBGene00201331.,0,5,5
WBGene00201332.,0,1,1
WBGene00201333.,0,4,4
WBGene00201334.,0,0,0
WBGene00201335.,0,0,0
WBGene00201336.,0,1,1
WBGene00201337.,0,0,0
WBGene00201338.,0,0,0
WBGene00201339.,0,0,0
WBGene00201340.,0,1,1
WBGene00201341.,0,0,0
WBGene00201342.,0,1,1
WBGene00201343.,0,2,2
WBGene00201344.,0,4,4
WBGene00201345.,0,0,0
WBGene00201346.,0,5,5
WBGene00201347.,0,0,0
WBGene00201348.,0,0,0
WBGene00201349.,0,3,3
WBGene00201350.,0,0,0
WBGene00201351.,0,5,5
WBGene00201352.,0,3,3
WBGene00201353.,0,1,1
WBGene00201354.,0,40,40
WBGene00201355.,0,1,1
WBGene00201356.,0,1,1
WBGene00201357.,0,1,1
WBGene00201358.,0,5,5
WBGene00201359.,0,0,0
WBGene00201360.,0,3,3
WBGene00201361.,0,1,1
WBGene00201362.,0,2,2
WBGene00201363.,0,0,0
WBGene00201364.,0,1,1
WBGene00201365.,0,1,1
WBGene00201366.,0,0,0
WBGene00201367.,0,0,0
WBGene00201368.,0,0,0
WBGene00201369.,0,2,2
WBGene00201370.,0,3,3
WBGene00201371.,0,3,3
WBGene00201372.,0,20,20
WBGene00201373.,0,1,1
WBGene00201374.,0,19,19
WBGene00201375.,0,2,2
WBGene00201376.,0,0,0
WBGene00201377.,0,4,4
WBGene00201378.,0,17,17
WBGene00201379.,0,0,0
WBGene00201380.,0,0,0
WBGene00201381.,0,4,4
WBGene00201382.,0,0,0
WBGene00201383.,0,8,8
WBGene00201384.,0,4,4
WBGene00201385.,0,2,2
WBGene00201386.,0,3,3
WBGene00201387.,0,1,1
WBGene00201388.,0,0,0
WBGene00201389.,0,0,0
WBGene00201390.,0,13,13
WBGene00201391.,0,0,0
WBGene00201392.,0,2,2
WBGene00201393.,0,0,0
WBGene00201394.,0,6,6
WBGene00201395.,0,0,0
WBGene00201396.,0,0,0
WBGene00201397.,0,0,0
WBGene00201398.,0,0,0
WBGene00201399.,0,0,0
WBGene00201400.,0,0,0
WBGene00201401.,0,0,0
WBGene00201402.,0,0,0
WBGene00201403.,0,0,0
WBGene00201404.,0,1,1
WBGene00201405.,0,3,3
WBGene00201406.,0,2,2
WBGene00201407.,0,3,3
WBGene00201408.,0,7,7
WBGene00201409.,0,4,4
WBGene00201410.,0,1,1
WBGene00201411.,0,13,13
WBGene00201412.,0,0,0
WBGene00201413.,0,3,3
WBGene00201414.,0,0,0
WBGene00201415.,0,0,0
WBGene00201416.,0,0,0
WBGene00201417.,0,0,0
WBGene00201418.,0,16,16
WBGene00201419.,0,4,4
WBGene00201420.,0,1,1
WBGene00201421.,0,0,0
WBGene00201422.,0,8,8
WBGene00201423.,0,6,6
WBGene00201424.,0,1,1
WBGene00201425.,0,0,0
WBGene00201426.,0,3,3
WBGene00201427.,0,0,0
WBGene00201428.,0,0,0
WBGene00201429.,0,0,0
WBGene00201430.,0,11,11
WBGene00201431.,0,0,0
WBGene00201432.,0,2,2
WBGene00201433.,0,2,2
WBGene00201434.,0,0,0
WBGene00201435.,0,1,1
WBGene00201436.,0,0,0
WBGene00201437.,0,3,3
WBGene00201438.,0,3,3
WBGene00201439.,0,0,0
WBGene00201440.,0,0,0
WBGene00201441.,0,90,90
WBGene00201442.,0,0,0
WBGene00201443.,0,0,0
WBGene00201444.,0,0,0
WBGene00201445.,0,0,0
WBGene00201446.,0,1,1
WBGene00201447.,0,8,8
WBGene00201448.,0,0,0
WBGene00201449.,0,4,4
WBGene00201450.,0,0,0
WBGene00201451.,0,7,7
WBGene00201452.,0,2,2
WBGene00201453.,0,0,0
WBGene00201454.,0,0,0
WBGene00201455.,0,0,0
WBGene00201456.,0,9,9
WBGene00201457.,0,2,2
WBGene00201458.,0,1570,1570
WBGene00201459.,0,1,1
WBGene00201460.,0,0,0
WBGene00201461.,0,1,1
WBGene00201462.,0,0,0
WBGene00201463.,0,0,0
WBGene00201464.,0,0,0
WBGene00201465.,0,7,7
WBGene00201466.,0,6,6
WBGene00201467.,0,0,0
WBGene00201468.,0,5,5
WBGene00201469.,0,0,0
WBGene00201470.,0,4,4
WBGene00201471.,0,2,2
WBGene00201472.,0,1,1
WBGene00201473.,0,14,14
WBGene00201474.,0,9,9
WBGene00201475.,0,3,3
WBGene00201476.,0,0,0
WBGene00201477.,0,1,1
WBGene00201478.,0,4,4
WBGene00201479.,0,3,3
WBGene00201480.,0,9,9
WBGene00201481.,0,7,7
WBGene00201482.,0,0,0
WBGene00201483.,0,0,0
WBGene00201484.,0,0,0
WBGene00201485.,0,8,8
WBGene00201486.,0,0,0
WBGene00201487.,0,5,5
WBGene00201488.,0,5,5
WBGene00201489.,0,3,3
WBGene00201490.,0,3,3
WBGene00201491.,0,2,2
WBGene00201492.,0,5,5
WBGene00201493.,0,0,0
WBGene00201494.,0,6,6
WBGene00201495.,0,0,0
WBGene00201496.,0,7,7
WBGene00201497.,0,2,2
WBGene00201498.,0,9,9
WBGene00201499.,0,4,4
WBGene00201500.,0,0,0
WBGene00201501.,0,12,12
WBGene00201502.,0,1,1
WBGene00201503.,0,4,4
WBGene00201504.,0,0,0
WBGene00201505.,0,0,0
WBGene00201506.,0,11,11
WBGene00201507.,0,0,0
WBGene00201508.,0,3,3
WBGene00201509.,0,6,6
WBGene00201510.,0,4,4
WBGene00201511.,0,0,0
WBGene00201512.,0,2,2
WBGene00201513.,0,14,14
WBGene00201514.,0,2,2
WBGene00201515.,0,0,0
WBGene00201516.,0,2,2
WBGene00201517.,0,1,1
WBGene00201518.,0,1,1
WBGene00201519.,0,3,3
WBGene00201520.,0,2,2
WBGene00201521.,0,3,3
WBGene00201522.,0,4,4
WBGene00201523.,0,1,1
WBGene00201524.,0,2,2
WBGene00201525.,0,0,0
WBGene00201526.,0,1,1
WBGene00201527.,0,6,6
WBGene00201528.,0,2,2
WBGene00201529.,0,0,0
WBGene00201530.,0,27,27
WBGene00201531.,0,0,0
WBGene00201532.,0,5,5
WBGene00201533.,0,5,5
WBGene00201534.,0,6,6
WBGene00201535.,0,7,7
WBGene00201536.,0,0,0
WBGene00201537.,0,0,0
WBGene00201538.,0,1,1
WBGene00201539.,0,1,1
WBGene00201540.,0,5,5
WBGene00201541.,0,3,3
WBGene00201542.,0,0,0
WBGene00201543.,0,3,3
WBGene00201544.,0,0,0
WBGene00201545.,0,0,0
WBGene00201546.,0,0,0
WBGene00201547.,0,3,3
WBGene00201548.,0,2,2
WBGene00201549.,0,1,1
WBGene00201550.,0,1,1
WBGene00201551.,0,6,6
WBGene00201552.,0,0,0
WBGene00201553.,0,10,10
WBGene00201554.,0,0,0
WBGene00201555.,0,3,3
WBGene00201556.,0,7,7
WBGene00201557.,0,6,6
WBGene00201558.,0,0,0
WBGene00201559.,0,0,0
WBGene00201560.,0,3,3
WBGene00201561.,0,33,33
WBGene00201562.,0,0,0
WBGene00201563.,0,1,1
WBGene00201564.,0,13,13
WBGene00201565.,0,36,36
WBGene00201566.,0,3,3
WBGene00201567.,0,1,1
WBGene00201568.,0,0,0
WBGene00201569.,0,0,0
WBGene00201570.,0,4,4
WBGene00201571.,0,0,0
WBGene00201572.,0,4,4
WBGene00201573.,0,4,4
WBGene00201574.,0,0,0
WBGene00201575.,0,5,5
WBGene00201576.,0,5,5
WBGene00201577.,0,0,0
WBGene00201578.,0,7,7
WBGene00201579.,0,0,0
WBGene00201580.,0,10,10
WBGene00201581.,0,14,14
WBGene00201582.,0,4,4
WBGene00201583.,0,0,0
WBGene00201584.,0,0,0
WBGene00201585.,0,0,0
WBGene00201586.,0,24,24
WBGene00201587.,0,1,1
WBGene00201588.,0,1,1
WBGene00201589.,0,1,1
WBGene00201590.,0,0,0
WBGene00201591.,0,1,1
WBGene00201592.,0,0,0
WBGene00201593.,0,1,1
WBGene00201594.,0,1,1
WBGene00201595.,0,3,3
WBGene00201596.,0,5,5
WBGene00201597.,0,0,0
WBGene00201598.,0,5,5
WBGene00201599.,0,12,12
WBGene00201600.,0,0,0
WBGene00201601.,0,2,2
WBGene00201602.,0,23,23
WBGene00201603.,0,5,5
WBGene00201604.,0,1,1
WBGene00201605.,0,0,0
WBGene00201606.,0,7,7
WBGene00201607.,0,0,0
WBGene00201608.,0,0,0
WBGene00201609.,0,19,19
WBGene00201610.,0,7,7
WBGene00201611.,0,22,22
WBGene00201612.,0,2,2
WBGene00201613.,0,0,0
WBGene00201614.,0,3,3
WBGene00201615.,0,1,1
WBGene00201616.,0,0,0
WBGene00201617.,0,0,0
WBGene00201618.,0,0,0
WBGene00201619.,0,0,0
WBGene00201620.,0,3,3
WBGene00201621.,0,0,0
WBGene00201622.,0,2,2
WBGene00201623.,0,4,4
WBGene00201624.,0,3,3
WBGene00201625.,0,5,5
WBGene00201626.,0,30,30
WBGene00201627.,0,0,0
WBGene00201628.,0,0,0
WBGene00201629.,0,4,4
WBGene00201630.,0,2,2
WBGene00201631.,0,0,0
WBGene00201632.,0,10,10
WBGene00201633.,0,28,28
WBGene00201634.,0,2,2
WBGene00201636.,0,0,0
WBGene00201637.,0,0,0
WBGene00201638.,0,15,15
WBGene00201639.,0,0,0
WBGene00201640.,0,0,0
WBGene00201641.,0,1,1
WBGene00201642.,0,23,23
WBGene00201643.,0,4,4
WBGene00201644.,0,6,6
WBGene00201645.,0,7,7
WBGene00201646.,0,33,33
WBGene00201647.,0,0,0
WBGene00201648.,0,0,0
WBGene00201649.,0,16,16
WBGene00201650.,0,30,30
WBGene00201651.,0,32,32
WBGene00201652.,0,1,1
WBGene00201653.,0,2,2
WBGene00201654.,0,10,10
WBGene00201655.,0,3,3
WBGene00201656.,0,0,0
WBGene00201657.,0,3,3
WBGene00201658.,0,8,8
WBGene00201659.,0,0,0
WBGene00201660.,0,4,4
WBGene00201661.,0,0,0
WBGene00201662.,0,2,2
WBGene00201663.,0,2,2
WBGene00201664.,0,1,1
WBGene00201665.,0,0,0
WBGene00201666.,0,5,5
WBGene00201667.,0,15,15
WBGene00201668.,0,0,0
WBGene00201669.,0,54,54
WBGene00201670.,0,9,9
WBGene00201671.,0,0,0
WBGene00201672.,0,2,2
WBGene00201673.,0,5,5
WBGene00201674.,0,0,0
WBGene00201675.,0,0,0
WBGene00201676.,0,12,12
WBGene00201677.,0,4,4
WBGene00201678.,0,0,0
WBGene00201679.,0,2,2
WBGene00201680.,0,1,1
WBGene00201681.,0,4,4
WBGene00201682.,0,0,0
WBGene00201683.,0,5,5
WBGene00201684.,0,1,1
WBGene00201685.,0,3,3
WBGene00201686.,0,0,0
WBGene00201687.,0,7,7
WBGene00201688.,0,0,0
WBGene00201689.,0,4,4
WBGene00201690.,0,10,10
WBGene00201691.,0,0,0
WBGene00201692.,0,3,3
WBGene00201693.,0,0,0
WBGene00201694.,0,11,11
WBGene00201695.,0,0,0
WBGene00201696.,0,0,0
WBGene00201697.,0,0,0
WBGene00201698.,0,4,4
WBGene00201699.,0,4,4
WBGene00201700.,0,0,0
WBGene00201701.,0,7,7
WBGene00201702.,0,12,12
WBGene00201703.,0,5,5
WBGene00201704.,0,0,0
WBGene00201705.,0,2,2
WBGene00201706.,0,8,8
WBGene00201707.,0,0,0
WBGene00201708.,0,0,0
WBGene00201709.,0,0,0
WBGene00201710.,0,0,0
WBGene00201711.,0,2,2
WBGene00201712.,0,5,5
WBGene00201713.,0,0,0
WBGene00201714.,0,5,5
WBGene00201715.,0,17,17
WBGene00201716.,0,3,3
WBGene00201717.,0,0,0
WBGene00201718.,0,6,6
WBGene00201719.,0,2,2
WBGene00201720.,0,1,1
WBGene00201721.,0,57,57
WBGene00201722.,0,5,5
WBGene00201723.,0,0,0
WBGene00201724.,0,0,0
WBGene00201725.,0,3,3
WBGene00201726.,0,1,1
WBGene00201727.,0,4,4
WBGene00201728.,0,0,0
WBGene00201729.,0,10,10
WBGene00201730.,0,23,23
WBGene00201731.,0,1,1
WBGene00201732.,0,4,4
WBGene00201733.,0,14,14
WBGene00201734.,0,1,1
WBGene00201735.,0,4,4
WBGene00201736.,0,6,6
WBGene00201737.,0,0,0
WBGene00201738.,0,2,2
WBGene00201739.,0,12,12
WBGene00201740.,0,24,24
WBGene00201741.,0,18,18
WBGene00201742.,0,5,5
WBGene00201743.,0,0,0
WBGene00201744.,0,2,2
WBGene00201745.,0,72,72
WBGene00201746.,0,0,0
WBGene00201747.,0,2,2
WBGene00201748.,0,0,0
WBGene00201749.,0,4,4
WBGene00201750.,0,0,0
WBGene00201751.,0,6,6
WBGene00201752.,0,9,9
WBGene00201753.,0,2,2
WBGene00201754.,0,2,2
WBGene00201755.,0,8,8
WBGene00201756.,0,1,1
WBGene00201757.,0,7,7
WBGene00201758.,0,1,1
WBGene00201759.,0,1,1
WBGene00201760.,0,0,0
WBGene00201761.,0,4,4
WBGene00201762.,0,15,15
WBGene00201763.,0,5,5
WBGene00201764.,0,10,10
WBGene00201765.,0,0,0
WBGene00201766.,0,5,5
WBGene00201767.,0,1,1
WBGene00201768.,0,0,0
WBGene00201769.,0,13,13
WBGene00201770.,0,32,32
WBGene00201771.,0,8,8
WBGene00201772.,0,0,0
WBGene00201773.,0,6,6
WBGene00201774.,0,0,0
WBGene00201775.,0,0,0
WBGene00201776.,0,0,0
WBGene00201777.,0,0,0
WBGene00201778.,0,13,13
WBGene00201779.,0,3,3
WBGene00201780.,0,0,0
WBGene00201781.,0,0,0
WBGene00201782.,0,6,6
WBGene00201783.,0,6,6
WBGene00201784.,0,9,9
WBGene00201785.,0,19,19
WBGene00201786.,0,0,0
WBGene00201787.,0,0,0
WBGene00201788.,0,0,0
WBGene00201789.,0,2,2
WBGene00201790.,0,11,11
WBGene00201791.,0,6,6
WBGene00201792.,0,0,0
WBGene00201793.,0,1,1
WBGene00201794.,0,0,0
WBGene00201795.,0,0,0
WBGene00201796.,0,0,0
WBGene00201797.,0,15,15
WBGene00201798.,0,0,0
WBGene00201799.,0,5,5
WBGene00201800.,0,1,1
WBGene00201801.,0,1,1
WBGene00201802.,0,0,0
WBGene00201803.,0,0,0
WBGene00201804.,0,0,0
WBGene00201805.,0,1,1
WBGene00201806.,0,11,11
WBGene00201807.,0,13,13
WBGene00201808.,0,5,5
WBGene00201809.,0,1,1
WBGene00201810.,0,0,0
WBGene00201811.,0,11,11
WBGene00201812.,0,1,1
WBGene00201813.,0,0,0
WBGene00201814.,0,0,0
WBGene00201815.,0,5,5
WBGene00201816.,0,3,3
WBGene00201817.,0,7,7
WBGene00201818.,0,0,0
WBGene00201819.,0,0,0
WBGene00201820.,0,0,0
WBGene00201821.,0,12,12
WBGene00201822.,0,2,2
WBGene00201823.,0,0,0
WBGene00201824.,0,1,1
WBGene00201825.,0,20,20
WBGene00201826.,0,0,0
WBGene00201827.,0,9,9
WBGene00201828.,0,8,8
WBGene00201829.,0,1,1
WBGene00201830.,0,1,1
WBGene00201831.,0,10,10
WBGene00201832.,0,0,0
WBGene00201833.,0,0,0
WBGene00201834.,0,0,0
WBGene00201835.,0,0,0
WBGene00201836.,0,7,7
WBGene00201837.,0,0,0
WBGene00201838.,0,45,45
WBGene00201839.,0,0,0
WBGene00201840.,0,7,7
WBGene00201841.,0,0,0
WBGene00201842.,0,2,2
WBGene00201843.,0,12,12
WBGene00201844.,0,2,2
WBGene00201845.,0,5,5
WBGene00201846.,0,7,7
WBGene00201847.,0,7,7
WBGene00201848.,0,11,11
WBGene00201849.,0,0,0
WBGene00201850.,0,1,1
WBGene00201851.,0,0,0
WBGene00201852.,0,0,0
WBGene00201853.,0,6,6
WBGene00201854.,0,1,1
WBGene00201855.,0,142,142
WBGene00201856.,0,0,0
WBGene00201857.,0,2,2
WBGene00201858.,0,2,2
WBGene00201859.,0,0,0
WBGene00201860.,0,1,1
WBGene00201861.,0,1,1
WBGene00201862.,0,4,4
WBGene00201863.,0,0,0
WBGene00201864.,0,2,2
WBGene00201865.,0,0,0
WBGene00201866.,0,0,0
WBGene00201867.,0,12,12
WBGene00201868.,0,3,3
WBGene00201869.,0,3,3
WBGene00201870.,0,2,2
WBGene00201871.,0,119,119
WBGene00201872.,0,0,0
WBGene00201873.,0,0,0
WBGene00201874.,0,0,0
WBGene00201875.,0,2,2
WBGene00201876.,0,2,2
WBGene00201877.,0,2,2
WBGene00201878.,0,0,0
WBGene00201879.,0,8,8
WBGene00201880.,0,1,1
WBGene00201881.,0,0,0
WBGene00201882.,0,1,1
WBGene00201883.,0,0,0
WBGene00201884.,0,1,1
WBGene00201885.,0,4,4
WBGene00201886.,0,1,1
WBGene00201887.,0,0,0
WBGene00201888.,0,0,0
WBGene00201889.,0,11,11
WBGene00201890.,0,0,0
WBGene00201891.,0,0,0
WBGene00201892.,0,0,0
WBGene00201893.,0,4,4
WBGene00201894.,0,14,14
WBGene00201895.,0,1,1
WBGene00201896.,0,0,0
WBGene00201897.,0,4,4
WBGene00201898.,0,1,1
WBGene00201899.,0,2,2
WBGene00201900.,0,21,21
WBGene00201901.,0,21,21
WBGene00201902.,0,2,2
WBGene00201903.,0,9,9
WBGene00201904.,0,0,0
WBGene00201905.,0,8,8
WBGene00201906.,0,1,1
WBGene00201907.,0,5,5
WBGene00201908.,0,9,9
WBGene00201909.,0,13,13
WBGene00201910.,0,1,1
WBGene00201911.,0,0,0
WBGene00201912.,0,2,2
WBGene00201913.,0,1,1
WBGene00201914.,0,0,0
WBGene00201915.,0,8,8
WBGene00201916.,0,11,11
WBGene00201917.,0,7,7
WBGene00201918.,0,0,0
WBGene00201919.,0,12,12
WBGene00201920.,0,0,0
WBGene00201921.,0,0,0
WBGene00201922.,0,7,7
WBGene00201923.,0,4,4
WBGene00201924.,0,0,0
WBGene00201925.,0,1,1
WBGene00201926.,0,0,0
WBGene00201927.,0,0,0
WBGene00201928.,0,5,5
WBGene00201929.,0,0,0
WBGene00201930.,0,7,7
WBGene00201931.,0,0,0
WBGene00201932.,0,5,5
WBGene00201933.,0,20,20
WBGene00201934.,0,2,2
WBGene00201935.,0,0,0
WBGene00201936.,0,0,0
WBGene00201937.,0,0,0
WBGene00201938.,0,0,0
WBGene00201939.,0,1,1
WBGene00201940.,0,0,0
WBGene00201941.,0,0,0
WBGene00201942.,0,13,13
WBGene00201943.,0,0,0
WBGene00201944.,0,2,2
WBGene00201945.,0,7,7
WBGene00201946.,0,2,2
WBGene00201947.,0,0,0
WBGene00201948.,0,3,3
WBGene00201949.,0,18,18
WBGene00201950.,0,0,0
WBGene00201951.,0,0,0
WBGene00201952.,0,15,15
WBGene00201953.,0,42,42
WBGene00201954.,0,6,6
WBGene00201955.,0,0,0
WBGene00201956.,0,0,0
WBGene00201957.,0,0,0
WBGene00201958.,0,1,1
WBGene00201959.,0,2,2
WBGene00201960.,0,0,0
WBGene00201961.,0,4,4
WBGene00201962.,0,2,2
WBGene00201963.,0,0,0
WBGene00201964.,0,147,147
WBGene00201965.,0,14,14
WBGene00201966.,0,32,32
WBGene00201967.,0,3,3
WBGene00201968.,0,0,0
WBGene00201969.,0,4,4
WBGene00201970.,0,1,1
WBGene00201971.,0,1,1
WBGene00201972.,0,0,0
WBGene00201973.,0,0,0
WBGene00201974.,0,0,0
WBGene00201975.,0,1,1
WBGene00201976.,0,0,0
WBGene00201977.,0,0,0
WBGene00201978.,0,0,0
WBGene00201979.,0,0,0
WBGene00201980.,0,1,1
WBGene00201981.,0,0,0
WBGene00201982.,0,3,3
WBGene00201983.,0,4,4
WBGene00201984.,0,0,0
WBGene00201985.,0,3,3
WBGene00201986.,0,6,6
WBGene00201987.,0,3,3
WBGene00201988.,0,2,2
WBGene00201989.,0,12,12
WBGene00201990.,0,3,3
WBGene00201991.,0,5,5
WBGene00201992.,0,2,2
WBGene00201993.,0,2,2
WBGene00201994.,0,13,13
WBGene00201995.,0,1,1
WBGene00201996.,0,0,0
WBGene00201997.,0,7,7
WBGene00201998.,0,26,26
WBGene00201999.,0,0,0
WBGene00202000.,0,6,6
WBGene00202001.,0,18,18
WBGene00202002.,0,3,3
WBGene00202003.,0,0,0
WBGene00202004.,0,0,0
WBGene00202005.,0,7,7
WBGene00202006.,0,0,0
WBGene00202007.,0,0,0
WBGene00202008.,0,13,13
WBGene00202009.,0,0,0
WBGene00202010.,0,15,15
WBGene00202011.,0,9,9
WBGene00202012.,0,4,4
WBGene00202013.,0,5,5
WBGene00202014.,0,0,0
WBGene00202015.,0,0,0
WBGene00202016.,0,19,19
WBGene00202017.,0,3,3
WBGene00202018.,0,0,0
WBGene00202019.,0,0,0
WBGene00202020.,0,1,1
WBGene00202021.,0,5,5
WBGene00202022.,0,0,0
WBGene00202023.,0,1,1
WBGene00202024.,0,5,5
WBGene00202025.,0,0,0
WBGene00202026.,0,1,1
WBGene00202027.,0,1,1
WBGene00202028.,0,20,20
WBGene00202029.,0,30,30
WBGene00202030.,0,10,10
WBGene00202031.,0,0,0
WBGene00202032.,0,2,2
WBGene00202033.,0,5,5
WBGene00202034.,0,26,26
WBGene00202035.,0,5,5
WBGene00202036.,0,16,16
WBGene00202037.,0,0,0
WBGene00202038.,0,0,0
WBGene00202039.,0,1,1
WBGene00202040.,0,0,0
WBGene00202041.,0,0,0
WBGene00202042.,0,5,5
WBGene00202043.,0,0,0
WBGene00202044.,0,5,5
WBGene00202045.,0,1,1
WBGene00202046.,0,0,0
WBGene00202047.,0,5,5
WBGene00202048.,0,4,4
WBGene00202049.,0,2,2
WBGene00202050.,0,3,3
WBGene00202051.,0,3,3
WBGene00202052.,0,10,10
WBGene00202053.,0,11,11
WBGene00202054.,0,4,4
WBGene00202055.,0,1,1
WBGene00202056.,0,4,4
WBGene00202057.,0,1,1
WBGene00202058.,0,0,0
WBGene00202059.,0,0,0
WBGene00202060.,0,14,14
WBGene00202061.,0,4,4
WBGene00202062.,0,2,2
WBGene00202063.,0,13,13
WBGene00202064.,0,1,1
WBGene00202065.,0,9,9
WBGene00202066.,0,2,2
WBGene00202067.,0,0,0
WBGene00202068.,0,0,0
WBGene00202069.,0,1,1
WBGene00202070.,0,2,2
WBGene00202071.,0,1,1
WBGene00202072.,0,1,1
WBGene00202073.,0,0,0
WBGene00202074.,0,3,3
WBGene00202075.,0,2,2
WBGene00202076.,0,0,0
WBGene00202077.,0,15,15
WBGene00202078.,0,0,0
WBGene00202079.,0,14,14
WBGene00202080.,0,1,1
WBGene00202081.,0,0,0
WBGene00202082.,0,22,22
WBGene00202083.,0,0,0
WBGene00202084.,0,2,2
WBGene00202085.,0,7,7
WBGene00202086.,0,4,4
WBGene00202087.,0,2,2
WBGene00202088.,0,3,3
WBGene00202089.,0,0,0
WBGene00202090.,0,1,1
WBGene00202091.,0,4,4
WBGene00202092.,0,1,1
WBGene00202093.,0,0,0
WBGene00202094.,0,4,4
WBGene00202095.,0,4,4
WBGene00202096.,0,1,1
WBGene00202097.,0,2,2
WBGene00202098.,0,7,7
WBGene00202099.,0,5,5
WBGene00202100.,0,1,1
WBGene00202101.,0,5,5
WBGene00202102.,0,9,9
WBGene00202103.,0,0,0
WBGene00202104.,0,3,3
WBGene00202105.,0,4,4
WBGene00202106.,0,0,0
WBGene00202107.,0,11,11
WBGene00202108.,0,1,1
WBGene00202109.,0,2,2
WBGene00202110.,0,0,0
WBGene00202111.,0,0,0
WBGene00202112.,0,2,2
WBGene00202113.,0,2,2
WBGene00202114.,0,1,1
WBGene00202115.,0,6,6
WBGene00202116.,0,5,5
WBGene00202117.,0,0,0
WBGene00202118.,0,1,1
WBGene00202119.,0,6,6
WBGene00202120.,0,0,0
WBGene00202121.,0,7,7
WBGene00202122.,0,4,4
WBGene00202123.,0,0,0
WBGene00202124.,0,0,0
WBGene00202125.,0,0,0
WBGene00202126.,0,3,3
WBGene00202127.,0,7,7
WBGene00202128.,0,0,0
WBGene00202129.,0,9,9
WBGene00202130.,0,6,6
WBGene00202131.,0,1,1
WBGene00202132.,0,0,0
WBGene00202133.,0,17,17
WBGene00202134.,0,1,1
WBGene00202135.,0,0,0
WBGene00202136.,0,88,88
WBGene00202137.,0,0,0
WBGene00202138.,0,0,0
WBGene00202139.,0,0,0
WBGene00202140.,0,7,7
WBGene00202141.,0,0,0
WBGene00202142.,0,0,0
WBGene00202143.,0,26,26
WBGene00202144.,0,0,0
WBGene00202145.,0,11,11
WBGene00202146.,0,0,0
WBGene00202147.,0,3,3
WBGene00202148.,0,0,0
WBGene00202149.,0,0,0
WBGene00202150.,0,7,7
WBGene00202151.,0,9,9
WBGene00202152.,0,1,1
WBGene00202153.,0,0,0
WBGene00202154.,0,2,2
WBGene00202155.,0,0,0
WBGene00202156.,0,1,1
WBGene00202157.,0,2,2
WBGene00202158.,0,5,5
WBGene00202159.,0,0,0
WBGene00202160.,0,2,2
WBGene00202161.,0,8,8
WBGene00202162.,0,0,0
WBGene00202163.,0,8,8
WBGene00202164.,0,0,0
WBGene00202165.,0,2,2
WBGene00202166.,0,7,7
WBGene00202167.,0,8,8
WBGene00202168.,0,2,2
WBGene00202169.,0,0,0
WBGene00202170.,0,1,1
WBGene00202171.,0,2,2
WBGene00202172.,0,0,0
WBGene00202173.,0,0,0
WBGene00202174.,0,6,6
WBGene00202175.,0,3,3
WBGene00202176.,0,2,2
WBGene00202177.,0,13,13
WBGene00202178.,0,0,0
WBGene00202179.,0,0,0
WBGene00202180.,0,1,1
WBGene00202181.,0,1,1
WBGene00202182.,0,0,0
WBGene00202183.,0,4,4
WBGene00202184.,0,6,6
WBGene00202185.,0,0,0
WBGene00202186.,0,2,2
WBGene00202187.,0,8,8
WBGene00202188.,0,0,0
WBGene00202189.,0,0,0
WBGene00202190.,0,1,1
WBGene00202191.,0,1,1
WBGene00202192.,0,3,3
WBGene00202193.,0,0,0
WBGene00202194.,0,12,12
WBGene00202195.,0,7,7
WBGene00202196.,0,6,6
WBGene00202197.,0,1,1
WBGene00202198.,0,2,2
WBGene00202199.,0,0,0
WBGene00202200.,0,0,0
WBGene00202201.,0,0,0
WBGene00202202.,0,4,4
WBGene00202203.,0,0,0
WBGene00202204.,0,2,2
WBGene00202205.,0,0,0
WBGene00202206.,0,0,0
WBGene00202207.,0,0,0
WBGene00202208.,0,0,0
WBGene00202209.,0,0,0
WBGene00202210.,0,0,0
WBGene00202211.,0,5,5
WBGene00202212.,0,5,5
WBGene00202213.,0,0,0
WBGene00202214.,0,3,3
WBGene00202215.,0,7,7
WBGene00202216.,0,2,2
WBGene00202217.,0,0,0
WBGene00202218.,0,1,1
WBGene00202219.,0,3,3
WBGene00202220.,0,0,0
WBGene00202221.,0,1,1
WBGene00202222.,0,1,1
WBGene00202223.,0,1,1
WBGene00202224.,0,5,5
WBGene00202225.,0,1,1
WBGene00202226.,0,2,2
WBGene00202227.,0,0,0
WBGene00202228.,0,0,0
WBGene00202229.,0,0,0
WBGene00202230.,0,0,0
WBGene00202231.,0,1,1
WBGene00202232.,0,11,11
WBGene00202233.,0,0,0
WBGene00202234.,0,28,28
WBGene00202235.,0,13,13
WBGene00202236.,0,0,0
WBGene00202237.,0,5,5
WBGene00202238.,0,0,0
WBGene00202239.,0,0,0
WBGene00202240.,0,0,0
WBGene00202241.,0,0,0
WBGene00202242.,0,0,0
WBGene00202243.,0,3,3
WBGene00202244.,0,3,3
WBGene00202245.,0,4,4
WBGene00202246.,0,0,0
WBGene00202247.,0,0,0
WBGene00202248.,0,0,0
WBGene00202249.,0,0,0
WBGene00202250.,0,0,0
WBGene00202251.,0,2,2
WBGene00202252.,0,0,0
WBGene00202253.,0,0,0
WBGene00202254.,0,0,0
WBGene00202255.,0,2,2
WBGene00202256.,0,0,0
WBGene00202257.,0,7,7
WBGene00202258.,0,4,4
WBGene00202259.,0,0,0
WBGene00202260.,0,2,2
WBGene00202261.,0,0,0
WBGene00202262.,0,5,5
WBGene00202263.,0,4,4
WBGene00202264.,0,1,1
WBGene00202265.,0,2,2
WBGene00202266.,0,0,0
WBGene00202267.,0,12,12
WBGene00202268.,0,17,17
WBGene00202269.,0,2,2
WBGene00202270.,0,1,1
WBGene00202271.,0,0,0
WBGene00202272.,0,5,5
WBGene00202273.,0,10,10
WBGene00202274.,0,0,0
WBGene00202275.,0,0,0
WBGene00202276.,0,0,0
WBGene00202277.,0,0,0
WBGene00202278.,0,6,6
WBGene00202279.,0,1,1
WBGene00202280.,0,0,0
WBGene00202281.,0,0,0
WBGene00202282.,0,0,0
WBGene00202283.,0,0,0
WBGene00202284.,0,0,0
WBGene00202285.,0,0,0
WBGene00202286.,0,12,12
WBGene00202287.,0,3,3
WBGene00202288.,0,0,0
WBGene00202289.,0,20,20
WBGene00202290.,0,2,2
WBGene00202291.,0,3,3
WBGene00202292.,0,2,2
WBGene00202293.,0,1,1
WBGene00202294.,0,7,7
WBGene00202295.,0,4,4
WBGene00202296.,0,0,0
WBGene00202297.,0,20,20
WBGene00202298.,0,3,3
WBGene00202299.,0,0,0
WBGene00202300.,0,2,2
WBGene00202301.,0,7,7
WBGene00202302.,0,4,4
WBGene00202303.,0,0,0
WBGene00202304.,0,6,6
WBGene00202305.,0,5,5
WBGene00202306.,0,27,27
WBGene00202307.,0,2,2
WBGene00202308.,0,0,0
WBGene00202309.,0,1,1
WBGene00202310.,0,0,0
WBGene00202311.,0,14,14
WBGene00202312.,0,4,4
WBGene00202313.,0,25,25
WBGene00202314.,0,10,10
WBGene00202315.,0,1,1
WBGene00202316.,0,10,10
WBGene00202317.,0,10,10
WBGene00202318.,0,0,0
WBGene00202319.,0,2,2
WBGene00202320.,0,3,3
WBGene00202321.,0,15,15
WBGene00202322.,0,2,2
WBGene00202323.,0,20,20
WBGene00202324.,0,0,0
WBGene00202325.,0,4,4
WBGene00202326.,0,0,0
WBGene00202327.,0,1,1
WBGene00202328.,0,0,0
WBGene00202329.,0,3,3
WBGene00202330.,0,14,14
WBGene00202331.,0,0,0
WBGene00202332.,0,4,4
WBGene00202333.,0,6,6
WBGene00202334.,0,1,1
WBGene00202335.,0,1,1
WBGene00202336.,0,0,0
WBGene00202337.,0,4,4
WBGene00202338.,0,0,0
WBGene00202339.,0,0,0
WBGene00202340.,0,4,4
WBGene00202341.,0,1,1
WBGene00202342.,0,0,0
WBGene00202343.,0,2,2
WBGene00202344.,0,0,0
WBGene00202345.,0,0,0
WBGene00202346.,0,0,0
WBGene00202347.,0,0,0
WBGene00202348.,0,0,0
WBGene00202349.,0,12,12
WBGene00202350.,0,2,2
WBGene00202351.,0,0,0
WBGene00202352.,0,0,0
WBGene00202353.,0,1,1
WBGene00202354.,0,0,0
WBGene00202355.,0,6,6
WBGene00202356.,0,0,0
WBGene00202357.,0,1,1
WBGene00202358.,0,0,0
WBGene00202359.,0,1,1
WBGene00202360.,0,2,2
WBGene00202361.,0,0,0
WBGene00202362.,0,0,0
WBGene00202363.,0,0,0
WBGene00202364.,0,0,0
WBGene00202365.,0,15,15
WBGene00202366.,0,0,0
WBGene00202367.,0,0,0
WBGene00202368.,0,2,2
WBGene00202369.,0,0,0
WBGene00202370.,0,14,14
WBGene00202371.,0,1,1
WBGene00202372.,0,3,3
WBGene00202373.,0,0,0
WBGene00202374.,0,0,0
WBGene00202375.,0,0,0
WBGene00202376.,0,1,1
WBGene00202377.,0,3,3
WBGene00202378.,0,3,3
WBGene00202379.,0,5,5
WBGene00202380.,0,1,1
WBGene00202381.,0,6,6
WBGene00202382.,0,5,5
WBGene00202383.,0,4,4
WBGene00202384.,0,2,2
WBGene00202385.,0,4,4
WBGene00202386.,0,0,0
WBGene00202387.,0,1,1
WBGene00202388.,0,9,9
WBGene00202389.,0,6,6
WBGene00202390.,0,6,6
WBGene00202391.,0,0,0
WBGene00202392.,0,0,0
WBGene00202393.,0,0,0
WBGene00202394.,0,1,1
WBGene00202395.,0,4,4
WBGene00202396.,0,0,0
WBGene00202397.,0,10,10
WBGene00202398.,0,0,0
WBGene00202399.,0,0,0
WBGene00202400.,0,57,57
WBGene00202401.,0,1,1
WBGene00202402.,0,0,0
WBGene00202403.,0,0,0
WBGene00202404.,0,0,0
WBGene00202405.,0,0,0
WBGene00202406.,0,2,2
WBGene00202407.,0,6,6
WBGene00202408.,0,0,0
WBGene00202409.,0,0,0
WBGene00202410.,0,84,84
WBGene00202411.,0,6,6
WBGene00202412.,0,11,11
WBGene00202413.,0,4,4
WBGene00202414.,0,1,1
WBGene00202415.,0,0,0
WBGene00202416.,0,19,19
WBGene00202417.,0,4,4
WBGene00202418.,0,2,2
WBGene00202419.,0,0,0
WBGene00202420.,0,0,0
WBGene00202421.,0,1,1
WBGene00202422.,0,3,3
WBGene00202423.,0,3,3
WBGene00202424.,0,16,16
WBGene00202425.,0,18,18
WBGene00202426.,0,0,0
WBGene00202427.,0,4,4
WBGene00202428.,0,0,0
WBGene00202429.,0,7,7
WBGene00202430.,0,2,2
WBGene00202431.,0,0,0
WBGene00202432.,0,0,0
WBGene00202433.,0,0,0
WBGene00202434.,0,2,2
WBGene00202435.,0,0,0
WBGene00202436.,0,17,17
WBGene00202437.,0,0,0
WBGene00202438.,0,4,4
WBGene00202439.,0,4,4
WBGene00202440.,0,2,2
WBGene00202441.,0,12,12
WBGene00202442.,0,0,0
WBGene00202443.,0,4,4
WBGene00202444.,0,0,0
WBGene00202445.,0,0,0
WBGene00202446.,0,1,1
WBGene00202447.,0,1,1
WBGene00202448.,0,11,11
WBGene00202449.,0,21,21
WBGene00202450.,0,0,0
WBGene00202451.,0,4,4
WBGene00202452.,0,0,0
WBGene00202453.,0,9,9
WBGene00202454.,0,1,1
WBGene00202455.,0,0,0
WBGene00202456.,0,0,0
WBGene00202457.,0,0,0
WBGene00202458.,0,2,2
WBGene00202459.,0,0,0
WBGene00202460.,0,0,0
WBGene00202461.,0,4,4
WBGene00202462.,0,0,0
WBGene00202463.,0,7,7
WBGene00202464.,0,3,3
WBGene00202465.,0,1,1
WBGene00202466.,0,10,10
WBGene00202467.,0,1,1
WBGene00202468.,0,1,1
WBGene00202469.,0,3,3
WBGene00202470.,0,2,2
WBGene00202471.,0,1,1
WBGene00202472.,0,3,3
WBGene00202473.,0,0,0
WBGene00202474.,0,0,0
WBGene00202475.,0,4,4
WBGene00202476.,0,7,7
WBGene00202477.,0,7,7
WBGene00202478.,0,3,3
WBGene00202479.,0,0,0
WBGene00202480.,0,6,6
WBGene00202481.,0,0,0
WBGene00202482.,0,2,2
WBGene00202483.,0,0,0
WBGene00202484.,0,6,6
WBGene00202485.,0,0,0
WBGene00202486.,0,0,0
WBGene00202487.,0,0,0
WBGene00202488.,0,0,0
WBGene00202489.,0,0,0
WBGene00202490.,0,5,5
WBGene00202491.,0,0,0
WBGene00202492.,0,9,9
WBGene00202493.,0,3,3
WBGene00202494.,0,0,0
WBGene00202495.,0,0,0
WBGene00202496.,2,14,16
WBGene00202497.,4,4,8
WBGene00202498.,13,34,47
WBGene00202499.,17,5,22
WBGene00202500.,23,6,29
WBGene00202501.,3,7,10
WBGene00202502.,1,4,5
WBGene00202504.,2,4,6
WBGene00202511.,6,7,13
WBGene00202512.,22,60,82
WBGene00202513.,4,24,28
WBGene00202514.,7,35,42
WBGene00206354.,8,51,59
WBGene00206355.,4,27,31
WBGene00206356.,22,483,505
WBGene00206357.,9,5,14
WBGene00206358.,10,2,12
WBGene00206359.,48,17,65
WBGene00206360.,37,19,56
WBGene00206361.,23,63,86
WBGene00206362.,81,261,342
WBGene00206363.,1,0,1
WBGene00206364.,25,33,58
WBGene00206365.,2,22,24
WBGene00206366.,13,21,34
WBGene00206368.,0,1,1
WBGene00206369.,0,1,1
WBGene00206370.,11,27,38
WBGene00206371.,8,162,170
WBGene00206372.,11,12,23
WBGene00206373.,16,51,67
WBGene00206374.,45,78,123
WBGene00206375.,0,8,8
WBGene00206377.,5,36,41
WBGene00206378.,61,15,76
WBGene00206379.,2,4,6
WBGene00206380.,112,1257,1369
WBGene00206381.,10,40,50
WBGene00206382.,49,331,380
WBGene00206383.,3,4,7
WBGene00206384.,11,14,25
WBGene00206385.,1,3,4
WBGene00206386.,9,68,77
WBGene00206388.,4,9,13
WBGene00206389.,3,10,13
WBGene00206390.,1,2,3
WBGene00206391.,2,2,4
WBGene00206392.,30,33,63
WBGene00206393.,7,16,23
WBGene00206394.,0,1,1
WBGene00206395.,0,3,3
WBGene00206411.,2,21,23
WBGene00206412.,1,15,16
WBGene00206413.,6,5,11
WBGene00206414.,8,17,25
WBGene00206415.,33,28,61
WBGene00206416.,9,18,27
WBGene00206417.,78,547,625
WBGene00206418.,1,160,161
WBGene00206420.,6,74,80
WBGene00206421.,0,0,0
WBGene00206422.,0,0,0
WBGene00206423.,0,1229,1229
WBGene00206459.,55,259,314
WBGene00206460.,7,22,29
WBGene00206461.,26,65,91
WBGene00206462.,0,9,9
WBGene00206464.,0,583,583
WBGene00206466.,10,76,86
WBGene00206468.,0,0,0
WBGene00206469.,108,93,201
WBGene00206470.,2,3,5
WBGene00206471.,5,13,18
WBGene00206473.,1,15,16
WBGene00206474.,33,51,84
WBGene00206475.,5,7,12
WBGene00206477.,4,3,7
WBGene00206478.,3,5,8
WBGene00206479.,23,6,29
WBGene00206481.,14,8,22
WBGene00206482.,15,30,45
WBGene00206483.,15,18,33
WBGene00206484.,16,58,74
WBGene00206485.,7,10,17
WBGene00206486.,15,7,22
WBGene00206487.,29,405,434
WBGene00206488.,131,88,219
WBGene00206489.,44,55,99
WBGene00206490.,0,3,3
WBGene00206491.,14,33,47
WBGene00206492.,0,0,0
WBGene00206493.,0,10,10
WBGene00206494.,5,3,8
WBGene00206495.,40,9,49
WBGene00206496.,8,6,14
WBGene00206497.,20,24,44
WBGene00206498.,5,2,7
WBGene00206499.,10,4,14
WBGene00206500.,0,0,0
WBGene00206501.,2,2,4
WBGene00206502.,6,9,15
WBGene00206503.,0,7,7
WBGene00206504.,0,0,0
WBGene00206505.,19,179,198
WBGene00206506.,2,4,6
WBGene00206507.,2,10,12
WBGene00206508.,6,1,7
WBGene00206509.,2,5,7
WBGene00206510.,25,4,29
WBGene00206511.,23,4,27
WBGene00206512.,10,21,31
WBGene00206513.,6,5,11
WBGene00206514.,2,5,7
WBGene00206515.,3,3,6
WBGene00206516.,343,0,343
WBGene00206517.,9,42,51
WBGene00206518.,11,1,12
WBGene00206519.,0,11,11
WBGene00206520.,3,11,14
WBGene00206521.,0,0,0
WBGene00206522.,91,1676,1767
WBGene00206523.,0,2,2
WBGene00206524.,8,10,18
WBGene00206525.,184,1598,1782
WBGene00206526.,10,11,21
WBGene00206527.,17,23,40
WBGene00206528.,0,31,31
WBGene00206529.,49,233,282
WBGene00206530.,77,18,95
WBGene00206531.,0,0,0
WBGene00206532.,368,313,681
WBGene00206533.,58,27,85
WBGene00206534.,1,10,11
WBGene00206535.,6,2,8
WBGene00206536.,50,29,79
WBGene00206537.,23,17,40
WBGene00206538.,37,195,232
WBGene00215616.,38,74,112
WBGene00219205.,14,11,25
WBGene00219206.,1,75,76
WBGene00219207.,0,762,762
WBGene00219208.,43,123,166
WBGene00219209.,14,15,29
WBGene00219210.,13,43,56
WBGene00219212.,0,0,0
WBGene00219214.,4,2,6
WBGene00219215.,6,2,8
WBGene00219216.,33,12,45
WBGene00219217.,2,4,6
WBGene00219218.,15,34,49
WBGene00219219.,0,0,0
WBGene00219220.,0,13,13
WBGene00219221.,0,8,8
WBGene00219222.,0,0,0
WBGene00219223.,0,0,0
WBGene00219224.,0,0,0
WBGene00219225.,0,0,0
WBGene00219226.,0,0,0
WBGene00219227.,0,4,4
WBGene00219228.,0,0,0
WBGene00219229.,0,16,16
WBGene00219230.,0,2,2
WBGene00219231.,0,0,0
WBGene00219232.,0,4,4
WBGene00219233.,0,0,0
WBGene00219234.,7,3,10
WBGene00219235.,6,38,44
WBGene00219236.,19,144,163
WBGene00219238.,1,0,1
WBGene00219239.,0,2,2
WBGene00219241.,9,3,12
WBGene00219242.,2,2,4
WBGene00219243.,65,48,113
WBGene00219244.,0,3,3
WBGene00219245.,0,12,12
WBGene00219246.,0,0,0
WBGene00219247.,0,0,0
WBGene00219248.,0,0,0
WBGene00219249.,0,0,0
WBGene00219250.,0,0,0
WBGene00219251.,0,3,3
WBGene00219252.,0,0,0
WBGene00219253.,0,0,0
WBGene00219254.,0,0,0
WBGene00219255.,0,0,0
WBGene00219256.,0,0,0
WBGene00219257.,0,0,0
WBGene00219258.,0,0,0
WBGene00219259.,0,0,0
WBGene00219260.,0,0,0
WBGene00219261.,0,0,0
WBGene00219262.,0,5,5
WBGene00219263.,0,1,1
WBGene00219264.,0,3,3
WBGene00219265.,0,8,8
WBGene00219266.,0,8,8
WBGene00219267.,0,17,17
WBGene00219269.,0,18,18
WBGene00219270.,0,0,0
WBGene00219271.,0,11,11
WBGene00219272.,14,3,17
WBGene00219274.,73,201,274
WBGene00219275.,265,1245,1510
WBGene00219278.,3,8,11
WBGene00219279.,9,4,13
WBGene00219280.,8,38,46
WBGene00219281.,27,11,38
WBGene00219282.,10,12,22
WBGene00219283.,98,33,131
WBGene00219284.,3,7,10
WBGene00219285.,13,21,34
WBGene00219286.,1,34,35
WBGene00219287.,50,323,373
WBGene00219288.,94,209,303
WBGene00219289.,273,233,506
WBGene00219290.,0,0,0
WBGene00219291.,5,1,6
WBGene00219292.,4,41,45
WBGene00219293.,9,17,26
WBGene00219294.,7,41,48
WBGene00219295.,26,14,40
WBGene00219296.,6,14,20
WBGene00219297.,34,2,36
WBGene00219298.,18,15,33
WBGene00219299.,10,12,22
WBGene00219300.,35,50,85
WBGene00219301.,12,10,22
WBGene00219302.,0,23,23
WBGene00219303.,24,50,74
WBGene00219304.,109,2455,2564
WBGene00219306.,15,334,349
WBGene00219307.,368,3105,3473
WBGene00219308.,0,0,0
WBGene00219309.,5,32,37
WBGene00219310.,2,21,23
WBGene00219311.,0,0,0
WBGene00219312.,0,1,1
WBGene00219313.,46,869,915
WBGene00219314.,8,1,9
WBGene00219315.,0,17,17
WBGene00219316.,11,35,46
WBGene00219317.,3,9,12
WBGene00219318.,2,1,3
WBGene00219319.,36,10,46
WBGene00219321.,14,20,34
WBGene00219322.,2,2,4
WBGene00219323.,0,3,3
WBGene00219324.,0,2,2
WBGene00219325.,25,5,30
WBGene00219326.,4,22,26
WBGene00219327.,0,11,11
WBGene00219329.,137,120,257
WBGene00219330.,9,6,15
WBGene00219331.,1,2,3
WBGene00219332.,104,0,104
WBGene00219337.,89,46,135
WBGene00219342.,11,12,23
WBGene00219343.,0,160,160
WBGene00219351.,19,1,20
WBGene00219352.,13,12,25
WBGene00219362.,98,105,203
WBGene00219368.,1,8,9
WBGene00219369.,1,5,6
WBGene00219370.,4,5,9
WBGene00219371.,24,19,43
WBGene00219373.,16,546,562
WBGene00219374.,28,9,37
WBGene00219375.,91,360,451
WBGene00219376.,12,47,59
WBGene00219377.,5,17,22
WBGene00219378.,1,1,2
WBGene00219381.,14,0,14
WBGene00219383.,3,3,6
WBGene00219394.,0,0,0
WBGene00219395.,29,10,39
WBGene00219399.,21,24,45
WBGene00219410.,58,30,88
WBGene00219411.,40,7,47
WBGene00219412.,0,5,5
WBGene00219413.,2,27,29
WBGene00219414.,1,6,7
WBGene00219415.,31,70,101
WBGene00219416.,0,1,1
WBGene00219417.,14,10,24
WBGene00219418.,0,2,2
WBGene00219420.,0,71,71
WBGene00219421.,0,24,24
WBGene00219422.,29,20,49
WBGene00219423.,29,10,39
WBGene00219424.,10,10,20
WBGene00219425.,188,67,255
WBGene00219434.,6,7,13
WBGene00219436.,26,9,35
WBGene00219437.,20,5,25
WBGene00219442.,0,8,8
WBGene00219443.,2,9,11
WBGene00219444.,103,24,127
WBGene00219445.,0,6,6
WBGene00219446.,0,4,4
WBGene00219447.,0,4,4
WBGene00219448.,4,7,11
WBGene00219449.,19,13,32
WBGene00219450.,31,58,89
WBGene00219451.,9,114,123
WBGene00219452.,8,12,20
WBGene00219453.,0,0,0
WBGene00219454.,0,0,0
WBGene00219455.,0,1,1
WBGene00219456.,0,0,0
WBGene00219458.,11,1,12
WBGene00219460.,46,6,52
WBGene00219476.,6,21,27
WBGene00219477.,2,0,2
WBGene00219478.,6,8,14
WBGene00219483.,22,3,25
WBGene00219489.,0,5,5
WBGene00219490.,1,7,8
WBGene00219491.,1,8,9
WBGene00219492.,20,7,27
WBGene00219493.,0,4,4
WBGene00219497.,3,3,6
WBGene00219498.,15,17,32
WBGene00219544.,0,0,0
WBGene00219545.,0,25,25
WBGene00219546.,9,11,20
WBGene00219547.,0,9,9
WBGene00219548.,0,45,45
WBGene00219549.,0,0,0
WBGene00219550.,0,0,0
WBGene00219551.,0,8,8
WBGene00219552.,32,0,32
WBGene00219553.,0,0,0
WBGene00219554.,4,4,8
WBGene00219555.,1,10,11
WBGene00219556.,0,0,0
WBGene00219557.,39,46,85
WBGene00219558.,0,0,0
WBGene00219559.,0,211,211
WBGene00219560.,0,0,0
WBGene00219561.,0,0,0
WBGene00219562.,22,8,30
WBGene00219563.,93,9,102
WBGene00219564.,0,0,0
WBGene00219565.,5,51,56
WBGene00219566.,0,16,16
WBGene00219567.,34,126,160
WBGene00219568.,0,5,5
WBGene00219569.,0,58,58
WBGene00219570.,49,62,111
WBGene00219571.,28,179,207
WBGene00219572.,109,36,145
WBGene00219573.,0,14,14
WBGene00219574.,0,11,11
WBGene00219575.,49,144,193
WBGene00219576.,0,0,0
WBGene00219577.,0,20,20
WBGene00219578.,0,10,10
WBGene00219579.,0,0,0
WBGene00219580.,28,1,29
WBGene00219581.,0,269,269
WBGene00219582.,0,6,6
WBGene00219583.,2,14,16
WBGene00219584.,0,15,15
WBGene00219585.,3,0,3
WBGene00219586.,31,18,49
WBGene00219587.,5,19,24
WBGene00219588.,2,5,7
WBGene00219589.,62,149,211
WBGene00219590.,0,96,96
WBGene00219591.,0,20,20
WBGene00219592.,0,241,241
WBGene00219593.,0,5,5
WBGene00219594.,0,0,0
WBGene00219596.,24,15,39
WBGene00219597.,0,0,0
WBGene00219598.,5,58,63
WBGene00219599.,5,2,7
WBGene00219600.,169,84,253
WBGene00219601.,75,99,174
WBGene00219602.,0,177,177
WBGene00219603.,5,12,17
WBGene00219604.,0,5,5
WBGene00219605.,75,100,175
WBGene00219606.,15,73,88
WBGene00219607.,0,7,7
WBGene00219608.,0,75,75
WBGene00219609.,0,10667,10667
WBGene00219610.,0,27,27
WBGene00219611.,0,4,4
WBGene00219612.,3,55,58
WBGene00219613.,55,3,58
WBGene00219614.,18,23,41
WBGene00219615.,54,146,200
WBGene00219616.,0,0,0
WBGene00219617.,68,389,457
WBGene00219618.,0,48,48
WBGene00219619.,14,103,117
WBGene00219620.,53,287,340
WBGene00219621.,0,0,0
WBGene00219622.,0,0,0
WBGene00219623.,1,0,1
WBGene00219624.,2,17,19
WBGene00219625.,100,145,245
WBGene00219626.,17,41,58
WBGene00219627.,78,26,104
WBGene00219628.,0,22,22
WBGene00219629.,50,43,93
WBGene00219630.,95,9,104
WBGene00219631.,0,2,2
WBGene00219632.,3,21,24
WBGene00219633.,0,35,35
WBGene00219634.,0,0,0
WBGene00219635.,0,0,0
WBGene00219636.,46,143,189
WBGene00219637.,0,2,2
WBGene00219638.,0,7,7
WBGene00219639.,3,37,40
WBGene00219640.,3,3,6
WBGene00219641.,22,169,191
WBGene00219642.,24,14,38
WBGene00219643.,0,0,0
WBGene00219644.,20,5,25
WBGene00219645.,52,53,105
WBGene00219646.,0,2,2
WBGene00219647.,259,406,665
WBGene00219648.,1,8,9
WBGene00219649.,0,118,118
WBGene00219650.,0,163,163
WBGene00219651.,0,16,16
WBGene00219652.,7,3,10
WBGene00219653.,0,23,23
WBGene00219654.,36,96,132
WBGene00219655.,0,11,11
WBGene00219656.,31,13,44
WBGene00219657.,0,26,26
WBGene00219658.,1,5,6
WBGene00219659.,0,48,48
WBGene00219660.,5,14,19
WBGene00219661.,20,28,48
WBGene00219662.,0,7,7
WBGene00219663.,0,3,3
WBGene00219664.,0,74,74
WBGene00219665.,13,25,38
WBGene00219666.,78,23,101
WBGene00219667.,1,3,4
WBGene00219668.,0,3,3
WBGene00219669.,0,3,3
WBGene00219670.,2,3,5
WBGene00219671.,0,5,5
WBGene00219672.,18,92,110
WBGene00219673.,16,26,42
WBGene00219674.,0,2,2
WBGene00219675.,0,332,332
WBGene00219676.,0,22,22
WBGene00219677.,0,2,2
WBGene00219678.,35,152,187
WBGene00219679.,13,3,16
WBGene00219680.,0,116,116
WBGene00219681.,3,17,20
WBGene00219682.,0,45,45
WBGene00219683.,23,17,40
WBGene00219684.,0,5,5
WBGene00219685.,10,35,45
WBGene00219686.,11,48,59
WBGene00219687.,116,424,540
WBGene00219688.,11,41,52
WBGene00219689.,5,28,33
WBGene00219690.,0,0,0
WBGene00219691.,6,18,24
WBGene00219692.,11,0,11
WBGene00219693.,0,0,0
WBGene00219694.,8,17,25
WBGene00219695.,49,50,99
WBGene00219696.,0,47,47
WBGene00219697.,0,147,147
WBGene00219698.,0,0,0
WBGene00219699.,77,645,722
WBGene00219700.,0,103,103
WBGene00219701.,12,65,77
WBGene00219702.,0,18,18
WBGene00219703.,0,7,7
WBGene00219704.,1,5,6
WBGene00219705.,4,2,6
WBGene00219706.,4,11,15
WBGene00219707.,396,1743,2139
WBGene00219708.,55,468,523
WBGene00219709.,0,0,0
WBGene00219710.,0,27,27
WBGene00219711.,189,210,399
WBGene00219712.,63,58,121
WBGene00219713.,0,31,31
WBGene00219714.,2,5,7
WBGene00219715.,4,38,42
WBGene00219716.,0,14,14
WBGene00219717.,0,0,0
WBGene00219718.,23,110,133
WBGene00219719.,210,106,316
WBGene00219720.,0,760,760
WBGene00219721.,7,49,56
WBGene00219722.,0,96,96
WBGene00219723.,39,10,49
WBGene00219724.,0,6,6
WBGene00219725.,1,13,14
WBGene00219726.,7,3,10
WBGene00219727.,11,29,40
WBGene00219728.,0,47,47
WBGene00219729.,0,51,51
WBGene00219730.,0,12,12
WBGene00219731.,0,24,24
WBGene00219732.,12,9,21
WBGene00219733.,16,1,17
WBGene00219734.,0,140,140
WBGene00219735.,0,27,27
WBGene00219736.,19,57,76
WBGene00219737.,30,19,49
WBGene00219738.,0,54,54
WBGene00219739.,126,69,195
WBGene00219740.,2,5,7
WBGene00219741.,0,10,10
WBGene00219742.,0,14,14
WBGene00219743.,26,94,120
WBGene00219744.,0,0,0
WBGene00219745.,28,24,52
WBGene00219746.,0,354,354
WBGene00219747.,0,0,0
WBGene00219748.,37,140,177
WBGene00219749.,0,116,116
WBGene00219750.,12,18,30
WBGene00219751.,0,25,25
WBGene00219752.,0,7,7
WBGene00219753.,9,89,98
WBGene00219754.,24,5,29
WBGene00219755.,45,369,414
WBGene00219756.,14,94,108
WBGene00219757.,0,0,0
WBGene00219758.,23,676,699
WBGene00219759.,0,0,0
WBGene00219760.,0,1,1
WBGene00219761.,0,0,0
WBGene00219762.,15,5,20
WBGene00219763.,11,36,47
WBGene00219764.,0,21,21
WBGene00219765.,317,44,361
WBGene00219766.,0,23,23
WBGene00219767.,23,0,23
WBGene00219768.,0,15,15
WBGene00219769.,25,15,40
WBGene00219770.,7,8,15
WBGene00219771.,148,648,796
WBGene00219772.,7,24,31
WBGene00219773.,2,3,5
WBGene00219774.,8,12,20
WBGene00219775.,9,12,21
WBGene00219776.,0,0,0
WBGene00219777.,0,0,0
WBGene00219778.,0,0,0
WBGene00219779.,0,0,0
WBGene00219780.,0,0,0
WBGene00219781.,0,14,14
WBGene00219782.,0,0,0
WBGene00219783.,0,0,0
WBGene00219784.,0,0,0
WBGene00219785.,0,0,0
WBGene00219786.,0,1,1
WBGene00219787.,0,0,0
WBGene00219788.,0,6,6
WBGene00219789.,0,0,0
WBGene00219790.,0,0,0
WBGene00219791.,0,6,6
WBGene00219792.,0,9,9
WBGene00219793.,0,3,3
WBGene00219794.,0,0,0
WBGene00219795.,0,0,0
WBGene00219796.,0,18,18
WBGene00219797.,0,0,0
WBGene00219798.,0,17,17
WBGene00219799.,0,17,17
WBGene00219800.,0,244,244
WBGene00219801.,0,34,34
WBGene00219803.,0,39,39
WBGene00219804.,0,4,4
WBGene00219805.,0,8,8
WBGene00219806.,0,0,0
WBGene00219807.,0,4,4
WBGene00219808.,0,0,0
WBGene00219809.,0,5,5
WBGene00219810.,0,8,8
WBGene00219811.,0,19,19
WBGene00219812.,0,1,1
WBGene00219813.,0,0,0
WBGene00219814.,0,0,0
WBGene00219815.,0,0,0
WBGene00219816.,0,828,828
WBGene00219817.,0,0,0
WBGene00219818.,0,2,2
WBGene00219819.,0,0,0
WBGene00219820.,0,0,0
WBGene00219821.,0,7,7
WBGene00219822.,0,21,21
WBGene00219823.,0,14,14
WBGene00219824.,0,81,81
WBGene00219825.,0,0,0
WBGene00219826.,0,0,0
WBGene00219827.,0,46,46
WBGene00219828.,0,0,0
WBGene00219829.,0,2,2
WBGene00219830.,0,0,0
WBGene00219831.,0,0,0
WBGene00219832.,0,4,4
WBGene00219833.,0,5,5
WBGene00219834.,0,30,30
WBGene00219835.,0,6,6
WBGene00219836.,0,4,4
WBGene00219837.,0,0,0
WBGene00219838.,36,220,256
WBGene00219839.,0,35,35
WBGene00219840.,0,0,0
WBGene00219841.,0,12,12
WBGene00219842.,0,0,0
WBGene00219843.,0,0,0
WBGene00219844.,0,4,4
WBGene00219845.,0,1,1
WBGene00219846.,0,37,37
WBGene00219847.,0,7,7
WBGene00219848.,0,0,0
WBGene00219849.,0,62338,62338
WBGene00219850.,0,14,14
WBGene00219851.,0,24,24
WBGene00219852.,0,0,0
WBGene00219853.,0,0,0
WBGene00219854.,0,0,0
WBGene00219855.,0,0,0
WBGene00219856.,0,0,0
WBGene00219857.,0,0,0
WBGene00219858.,0,0,0
WBGene00219859.,0,5,5
WBGene00219860.,0,0,0
WBGene00219861.,0,0,0
WBGene00219862.,0,0,0
WBGene00219863.,0,7,7
WBGene00219864.,0,0,0
WBGene00219865.,0,0,0
WBGene00219866.,0,0,0
WBGene00219867.,0,0,0
WBGene00219868.,0,50,50
WBGene00219869.,0,6,6
WBGene00219870.,0,0,0
WBGene00219871.,0,0,0
WBGene00219872.,0,0,0
WBGene00219873.,0,0,0
WBGene00219874.,0,7,7
WBGene00219875.,0,0,0
WBGene00219876.,0,0,0
WBGene00219877.,0,2,2
WBGene00219878.,0,0,0
WBGene00219879.,0,1,1
WBGene00219880.,0,0,0
WBGene00219881.,0,0,0
WBGene00219882.,0,6,6
WBGene00219883.,0,4,4
WBGene00219884.,0,0,0
WBGene00219885.,0,114,114
WBGene00219886.,0,26887,26887
WBGene00219887.,0,2,2
WBGene00219888.,0,19,19
WBGene00219889.,0,0,0
WBGene00219890.,0,5,5
WBGene00219891.,0,0,0
WBGene00219892.,0,0,0
WBGene00219893.,0,1,1
WBGene00219894.,0,0,0
WBGene00219895.,0,23,23
WBGene00219896.,0,0,0
WBGene00219897.,0,0,0
WBGene00219898.,0,0,0
WBGene00219899.,0,21,21
WBGene00219900.,0,0,0
WBGene00219901.,0,0,0
WBGene00219902.,0,0,0
WBGene00219903.,0,0,0
WBGene00219904.,0,0,0
WBGene00219905.,0,0,0
WBGene00219906.,0,10,10
WBGene00219907.,0,0,0
WBGene00219908.,0,0,0
WBGene00219909.,0,24,24
WBGene00219910.,0,1,1
WBGene00219911.,0,7,7
WBGene00219912.,0,94,94
WBGene00219913.,0,6,6
WBGene00219914.,0,0,0
WBGene00219915.,0,0,0
WBGene00219916.,0,1,1
WBGene00219917.,0,0,0
WBGene00219918.,0,0,0
WBGene00219919.,0,8,8
WBGene00219920.,0,0,0
WBGene00219921.,0,12,12
WBGene00219922.,0,0,0
WBGene00219923.,0,3,3
WBGene00219924.,0,0,0
WBGene00219925.,0,0,0
WBGene00219926.,0,24,24
WBGene00219927.,0,0,0
WBGene00219928.,0,2,2
WBGene00219929.,0,0,0
WBGene00219930.,0,5,5
WBGene00219931.,0,0,0
WBGene00219932.,0,0,0
WBGene00219933.,0,0,0
WBGene00219934.,0,0,0
WBGene00219935.,0,16,16
WBGene00219936.,0,3,3
WBGene00219937.,0,3,3
WBGene00219938.,0,0,0
WBGene00219939.,0,0,0
WBGene00219940.,0,0,0
WBGene00219941.,0,0,0
WBGene00219942.,0,4,4
WBGene00219943.,0,8,8
WBGene00219944.,0,0,0
WBGene00219945.,0,1,1
WBGene00219946.,0,0,0
WBGene00219947.,0,0,0
WBGene00219948.,0,0,0
WBGene00219949.,0,4,4
WBGene00219950.,0,586,586
WBGene00219951.,0,0,0
WBGene00219952.,0,13,13
WBGene00219953.,0,15,15
WBGene00219954.,0,0,0
WBGene00219955.,0,0,0
WBGene00219956.,0,0,0
WBGene00219957.,0,16,16
WBGene00219958.,0,11,11
WBGene00219959.,0,668,668
WBGene00219960.,0,0,0
WBGene00219961.,0,0,0
WBGene00219962.,0,0,0
WBGene00219963.,0,13,13
WBGene00219964.,0,0,0
WBGene00219965.,0,0,0
WBGene00219966.,0,0,0
WBGene00219967.,0,4,4
WBGene00219968.,0,17,17
WBGene00219969.,0,0,0
WBGene00219970.,0,8,8
WBGene00219971.,0,0,0
WBGene00219972.,0,9,9
WBGene00219973.,0,0,0
WBGene00219974.,0,0,0
WBGene00219975.,0,0,0
WBGene00219976.,0,24,24
WBGene00219977.,0,2,2
WBGene00219978.,0,0,0
WBGene00219979.,0,4,4
WBGene00219980.,0,0,0
WBGene00219981.,0,0,0
WBGene00219982.,0,2,2
WBGene00219983.,0,0,0
WBGene00219984.,0,0,0
WBGene00219985.,0,0,0
WBGene00219986.,0,0,0
WBGene00219987.,0,38,38
WBGene00219988.,0,0,0
WBGene00219989.,0,0,0
WBGene00219990.,0,0,0
WBGene00219991.,0,0,0
WBGene00219992.,0,0,0
WBGene00219994.,0,0,0
WBGene00219995.,0,14,14
WBGene00219996.,0,1,1
WBGene00219997.,0,0,0
WBGene00219998.,0,0,0
WBGene00219999.,0,0,0
WBGene00220000.,0,81,81
WBGene00220001.,0,0,0
WBGene00220002.,0,3,3
WBGene00220003.,0,0,0
WBGene00220004.,0,0,0
WBGene00220005.,0,1,1
WBGene00220006.,0,0,0
WBGene00220007.,0,0,0
WBGene00220008.,0,0,0
WBGene00220009.,0,3,3
WBGene00220010.,0,0,0
WBGene00220011.,0,11,11
WBGene00220012.,0,5,5
WBGene00220013.,0,1,1
WBGene00220014.,0,0,0
WBGene00220015.,0,0,0
WBGene00220016.,0,0,0
WBGene00220017.,0,53,53
WBGene00220018.,0,2,2
WBGene00220019.,0,0,0
WBGene00220020.,0,2,2
WBGene00220021.,0,0,0
WBGene00220022.,0,0,0
WBGene00220023.,0,0,0
WBGene00220024.,0,1,1
WBGene00220025.,0,0,0
WBGene00220026.,0,0,0
WBGene00220027.,0,0,0
WBGene00220028.,0,0,0
WBGene00220029.,0,24,24
WBGene00220030.,0,34,34
WBGene00220031.,0,0,0
WBGene00220032.,0,271,271
WBGene00220033.,0,13,13
WBGene00220034.,0,0,0
WBGene00220035.,0,0,0
WBGene00220036.,0,0,0
WBGene00220037.,0,16,16
WBGene00220038.,0,0,0
WBGene00220039.,0,4,4
WBGene00220040.,0,0,0
WBGene00220041.,0,9,9
WBGene00220042.,0,15,15
WBGene00220043.,0,4,4
WBGene00220044.,0,53,53
WBGene00220045.,0,6,6
WBGene00220046.,0,0,0
WBGene00220047.,0,12,12
WBGene00220048.,0,0,0
WBGene00220049.,0,0,0
WBGene00220050.,0,0,0
WBGene00220051.,0,11,11
WBGene00220052.,0,33,33
WBGene00220053.,0,9,9
WBGene00220054.,0,1,1
WBGene00220055.,0,9,9
WBGene00220056.,0,0,0
WBGene00220057.,0,0,0
WBGene00220058.,0,7,7
WBGene00220059.,0,4,4
WBGene00220060.,0,0,0
WBGene00220061.,0,25,25
WBGene00220062.,0,0,0
WBGene00220063.,0,0,0
WBGene00220064.,0,33,33
WBGene00220065.,0,0,0
WBGene00220066.,0,0,0
WBGene00220067.,0,0,0
WBGene00220068.,0,10,10
WBGene00220069.,0,1,1
WBGene00220070.,0,0,0
WBGene00220071.,0,0,0
WBGene00220072.,0,269,269
WBGene00220073.,0,7,7
WBGene00220074.,0,0,0
WBGene00220075.,0,1,1
WBGene00220076.,0,6,6
WBGene00220077.,0,0,0
WBGene00220078.,0,9,9
WBGene00220079.,0,0,0
WBGene00220080.,0,5,5
WBGene00220081.,0,1,1
WBGene00220082.,0,8,8
WBGene00220083.,0,0,0
WBGene00220084.,0,9,9
WBGene00220085.,0,0,0
WBGene00220086.,0,0,0
WBGene00220087.,0,0,0
WBGene00220088.,0,9,9
WBGene00220089.,0,822,822
WBGene00220090.,0,1,1
WBGene00220091.,0,18,18
WBGene00220092.,0,6,6
WBGene00220093.,0,0,0
WBGene00220094.,0,0,0
WBGene00220095.,0,4,4
WBGene00220096.,0,8,8
WBGene00220097.,0,11,11
WBGene00220098.,0,0,0
WBGene00220099.,0,0,0
WBGene00220100.,0,2,2
WBGene00220101.,0,9,9
WBGene00220102.,0,0,0
WBGene00220104.,0,0,0
WBGene00220105.,0,0,0
WBGene00220106.,0,190,190
WBGene00220107.,0,0,0
WBGene00220108.,0,64,64
WBGene00220109.,0,0,0
WBGene00220110.,0,0,0
WBGene00220111.,0,185,185
WBGene00220112.,0,0,0
WBGene00220113.,0,0,0
WBGene00220114.,0,0,0
WBGene00220115.,0,0,0
WBGene00220116.,0,0,0
WBGene00220117.,0,56,56
WBGene00220118.,0,0,0
WBGene00220119.,0,1,1
WBGene00220120.,0,3,3
WBGene00220121.,0,0,0
WBGene00220122.,0,8,8
WBGene00220123.,0,0,0
WBGene00220124.,0,0,0
WBGene00220125.,0,7,7
WBGene00220126.,0,0,0
WBGene00220127.,0,0,0
WBGene00220128.,0,1,1
WBGene00220129.,0,0,0
WBGene00220130.,0,9,9
WBGene00220131.,0,0,0
WBGene00220132.,0,0,0
WBGene00220133.,107,52,159
WBGene00220134.,0,39,39
WBGene00220135.,0,0,0
WBGene00220136.,0,2,2
WBGene00220137.,0,0,0
WBGene00220138.,0,0,0
WBGene00220139.,0,0,0
WBGene00220140.,0,0,0
WBGene00220141.,0,464,464
WBGene00220142.,0,2,2
WBGene00220143.,0,3,3
WBGene00220144.,0,0,0
WBGene00220145.,0,0,0
WBGene00220146.,0,30,30
WBGene00220147.,0,16,16
WBGene00220148.,0,0,0
WBGene00220149.,0,3,3
WBGene00220150.,0,0,0
WBGene00220151.,0,0,0
WBGene00220152.,0,0,0
WBGene00220153.,0,0,0
WBGene00220154.,0,14,14
WBGene00220155.,0,0,0
WBGene00220156.,0,6,6
WBGene00220157.,0,1,1
WBGene00220158.,0,0,0
WBGene00220159.,0,152,152
WBGene00220160.,0,258,258
WBGene00220161.,0,0,0
WBGene00220162.,0,0,0
WBGene00220163.,0,0,0
WBGene00220164.,0,3,3
WBGene00220165.,0,345,345
WBGene00220166.,0,0,0
WBGene00220167.,0,0,0
WBGene00220168.,0,4,4
WBGene00220169.,0,0,0
WBGene00220170.,0,1,1
WBGene00220171.,0,0,0
WBGene00220172.,0,0,0
WBGene00220173.,0,0,0
WBGene00220174.,0,0,0
WBGene00220175.,0,22,22
WBGene00220176.,0,18,18
WBGene00220177.,0,0,0
WBGene00220178.,0,0,0
WBGene00220179.,0,0,0
WBGene00220180.,0,0,0
WBGene00220181.,0,0,0
WBGene00220182.,0,0,0
WBGene00220183.,0,23,23
WBGene00220184.,0,0,0
WBGene00220185.,0,0,0
WBGene00220186.,0,9,9
WBGene00220187.,0,3,3
WBGene00220188.,0,0,0
WBGene00220189.,0,0,0
WBGene00220190.,0,0,0
WBGene00220191.,0,0,0
WBGene00220192.,0,0,0
WBGene00220193.,0,0,0
WBGene00220194.,0,0,0
WBGene00220195.,0,0,0
WBGene00220196.,0,0,0
WBGene00220197.,0,0,0
WBGene00220198.,0,32,32
WBGene00220199.,0,0,0
WBGene00220200.,0,0,0
WBGene00220201.,0,4,4
WBGene00220202.,0,0,0
WBGene00220203.,0,0,0
WBGene00220204.,0,9,9
WBGene00220205.,0,0,0
WBGene00220206.,0,3,3
WBGene00220207.,0,0,0
WBGene00220208.,0,0,0
WBGene00220209.,0,3,3
WBGene00220210.,0,0,0
WBGene00220211.,0,0,0
WBGene00220212.,0,1,1
WBGene00220213.,0,0,0
WBGene00220214.,0,13,13
WBGene00220215.,0,0,0
WBGene00220216.,0,0,0
WBGene00220217.,0,0,0
WBGene00220218.,0,4,4
WBGene00220219.,0,38,38
WBGene00220220.,0,28,28
WBGene00220221.,0,5,5
WBGene00220222.,0,14,14
WBGene00220223.,0,19,19
WBGene00220224.,0,0,0
WBGene00220225.,0,0,0
WBGene00220226.,0,0,0
WBGene00220227.,0,0,0
WBGene00220228.,0,14,14
WBGene00220229.,0,0,0
WBGene00220230.,0,0,0
WBGene00220231.,0,4,4
WBGene00220232.,0,12,12
WBGene00220233.,0,33,33
WBGene00220234.,0,13,13
WBGene00220235.,0,15,15
WBGene00220236.,0,133,133
WBGene00220237.,0,19,19
WBGene00220238.,0,102,102
WBGene00220239.,0,4513,4513
WBGene00220240.,0,0,0
WBGene00220241.,0,6,6
WBGene00220242.,0,0,0
WBGene00220243.,0,2,2
WBGene00220244.,0,0,0
WBGene00220245.,0,1,1
WBGene00220246.,0,0,0
WBGene00220247.,0,0,0
WBGene00220248.,0,18,18
WBGene00220249.,1,4,5
WBGene00220250.,108,32,140
WBGene00220251.,26,40,66
WBGene00220252.,45,45,90
WBGene00220253.,0,12,12
WBGene00220254.,10,6,16
WBGene00220255.,0,0,0
WBGene00220256.,48,0,48
WBGene00220257.,0,30,30
WBGene00220258.,0,39,39
WBGene00220259.,21,46,67
WBGene00220260.,115,9,124
WBGene00220261.,14,12,26
WBGene00235003.,28,14,42
WBGene00235080.,0,0,0
WBGene00235081.,0,0,0
WBGene00235084.,0,0,0
WBGene00235085.,0,0,0
WBGene00235086.,3,9,12
WBGene00235087.,0,0,0
WBGene00235088.,0,0,0
WBGene00235089.,0,0,0
WBGene00235090.,9,11,20
WBGene00235091.,5,1,6
WBGene00235092.,5,3,8
WBGene00235093.,0,20,20
WBGene00235094.,0,5,5
WBGene00235095.,5,9,14
WBGene00235102.,44,2973,3017
WBGene00235106.,0,53,53
WBGene00235107.,0,4,4
WBGene00235108.,2,0,2
WBGene00235109.,7,9,16
WBGene00235110.,10,22,32
WBGene00235111.,0,2,2
WBGene00235112.,0,33,33
WBGene00235113.,3,35,38
WBGene00235114.,22,228,250
WBGene00235115.,9,2,11
WBGene00235116.,23,15,38
WBGene00235117.,11,3,14
WBGene00235118.,1,6,7
WBGene00235119.,3,3,6
WBGene00235120.,5,4,9
WBGene00235121.,4,15,19
WBGene00235128.,1,23,24
WBGene00235129.,2,3,5
WBGene00235132.,24,17,41
WBGene00235133.,4,15,19
WBGene00235134.,2,0,2
WBGene00235152.,3,9,12
WBGene00235153.,4,6,10
WBGene00235157.,0,4,4
WBGene00235158.,36,257,293
WBGene00235159.,0,0,0
WBGene00235160.,0,1,1
WBGene00235161.,0,4,4
WBGene00235162.,0,2,2
WBGene00235163.,0,0,0
WBGene00235164.,120,1209,1329
WBGene00235165.,1,5,6
WBGene00235166.,0,1,1
WBGene00235167.,6,30,36
WBGene00235175.,0,0,0
WBGene00235179.,0,0,0
WBGene00235180.,0,4,4
WBGene00235181.,0,1,1
WBGene00235183.,0,1,1
WBGene00235188.,0,0,0
WBGene00235190.,0,2,2
WBGene00235197.,0,1,1
WBGene00235198.,0,0,0
WBGene00235200.,0,3,3
WBGene00235201.,0,1,1
WBGene00235206.,0,3,3
WBGene00235209.,0,0,0
WBGene00235235.,0,12,12
WBGene00235237.,0,2,2
WBGene00235247.,0,0,0
WBGene00235250.,0,1,1
WBGene00235251.,0,6,6
WBGene00235252.,0,0,0
WBGene00235254.,2,31,33
WBGene00235255.,1,2,3
WBGene00235256.,0,55,55
WBGene00235257.,13,63,76
WBGene00235258.,18,21,39
WBGene00235259.,8,3,11
WBGene00235260.,143,8,151
WBGene00235261.,0,17,17
WBGene00235262.,0,1,1
WBGene00235263.,67,13,80
WBGene00235264.,3,8,11
WBGene00235265.,2,6,8
WBGene00235266.,6,3,9
WBGene00235267.,5,11,16
WBGene00235268.,66,80,146
WBGene00235269.,0,579,579
WBGene00235270.,0,6,6
WBGene00235271.,1,4,5
WBGene00235272.,1,9,10
WBGene00235273.,128,387,515
WBGene00235274.,28,149,177
WBGene00235275.,30,2,32
WBGene00235276.,0,0,0
WBGene00235277.,84,78,162
WBGene00235278.,2,5,7
WBGene00235279.,171,69,240
WBGene00235280.,2,6,8
WBGene00235281.,0,14,14
WBGene00235282.,0,3,3
WBGene00235283.,16,43,59
WBGene00235284.,0,1,1
WBGene00235285.,3,1,4
WBGene00235286.,1,5,6
WBGene00235287.,7,75,82
WBGene00235288.,9,4,13
WBGene00235289.,3,1,4
WBGene00235290.,10,1,11
WBGene00235291.,221,1159,1380
WBGene00235292.,16,10,26
WBGene00235293.,0,1,1
WBGene00235294.,0,20,20
WBGene00235295.,2,28,30
WBGene00235296.,0,19,19
WBGene00235297.,0,6,6
WBGene00235298.,0,5,5
WBGene00235299.,2,3,5
WBGene00235300.,0,26,26
WBGene00235301.,1,31,32
WBGene00235302.,0,1,1
WBGene00235303.,0,28,28
WBGene00235304.,0,3,3
WBGene00235305.,0,5,5
WBGene00235307.,30,13,43
WBGene00235308.,11,35,46
WBGene00235309.,0,0,0
WBGene00235310.,57,118,175
WBGene00235311.,3,1,4
WBGene00235312.,26,249,275
WBGene00235313.,26,38,64
WBGene00235314.,24,10,34
WBGene00235315.,53,304,357
WBGene00235316.,45,42,87
WBGene00235317.,0,0,0
WBGene00235318.,1,5,6
WBGene00235319.,4,12,16
WBGene00235320.,10,48,58
WBGene00235321.,24,0,24
WBGene00235322.,0,1,1
WBGene00235323.,0,0,0
WBGene00235324.,18,9,27
WBGene00235325.,32,196,228
WBGene00235326.,1,2,3
WBGene00235327.,0,0,0
WBGene00235328.,0,12,12
WBGene00235329.,6,6,12
WBGene00235330.,189,564,753
WBGene00235331.,0,27,27
WBGene00235332.,0,4,4
WBGene00235333.,8,10,18
WBGene00235334.,3,3,6
WBGene00235335.,0,9,9
WBGene00235336.,0,3,3
WBGene00235338.,37,27,64
WBGene00235339.,0,0,0
WBGene00235340.,0,5,5
WBGene00235341.,4,23,27
WBGene00235342.,2,1,3
WBGene00235343.,0,1,1
WBGene00235346.,0,219,219
WBGene00235348.,0,12,12
WBGene00235350.,96,22,118
WBGene00235351.,6,1,7
WBGene00235352.,10,16,26
WBGene00235353.,3,9,12
WBGene00235354.,1,2,3
WBGene00235355.,0,8,8
WBGene00235356.,0,0,0
WBGene00235357.,25,10,35
WBGene00235358.,0,16,16
WBGene00235359.,0,1,1
WBGene00235361.,0,5,5
WBGene00235362.,1,4,5
WBGene00235363.,0,7,7
WBGene00235364.,0,0,0
WBGene00235365.,0,3,3
WBGene00235366.,0,2,2
WBGene00235367.,0,3,3
WBGene00235368.,0,4,4
WBGene00235369.,4,0,4
WBGene00235370.,1,4,5
WBGene00235371.,0,2,2
WBGene00235372.,2,5,7
WBGene00235373.,0,0,0
WBGene00235374.,7,2,9
WBGene00235375.,13,11,24
WBGene00235376.,79,12,91
WBGene00235377.,0,0,0
WBGene00235378.,0,1,1
WBGene00235379.,0,5,5
WBGene00235380.,0,74,74
WBGene00235381.,0,0,0
WBGene00235382.,0,5,5
WBGene00235383.,26,9,35
WBGene00235385.,26,78,104
WBGene00235386.,3,1,4
WBGene00235387.,145,480,625
WBGene00235388.,13,41,54
WBGene00235389.,0,15,15
WBGene00235390.,3,3,6
WBGene00235391.,0,11,11
WBGene00236785.,0,77,77
WBGene00236786.,4,54,58
WBGene00236787.,0,9,9
WBGene00236788.,0,0,0
WBGene00236789.,16,35,51
WBGene00236797.,0,20,20
WBGene00236798.,0,14,14
WBGene00236799.,0,10,10
WBGene00236800.,0,38,38
WBGene00236806.,82,2,84
WBGene00236807.,0,5,5
WBGene00236808.,6,2,8
WBGene00236809.,19,9,28
WBGene00249808.,0,84,84
WBGene00249812.,0,0,0
WBGene00249813.,0,4,4
WBGene00249814.,0,0,0
WBGene00249815.,1535,707,2242
WBGene00249816.,0,11,11
WBGene00249817.,39,426,465
WBGene00249825.,4,2,6
WBGene00249826.,0,283,283
WBGene00255375.,0,1,1
WBGene00255420.,66,11,77
WBGene00255426.,0,51,51
WBGene00255435.,4,1,5
WBGene00255441.,0,5,5
WBGene00255457.,113,36,149
WBGene00255469.,54,26,80
WBGene00255522.,0,2,2
WBGene00255543.,0,0,0
WBGene00255545.,0,0,0
WBGene00255546.,14,5,19
WBGene00255549.,6,8,14
WBGene00255550.,0,9,9
WBGene00255553.,10,5,15
WBGene00255560.,0,0,0
WBGene00255561.,0,0,0
WBGene00255562.,0,0,0
WBGene00255563.,0,0,0
WBGene00255564.,0,5,5
WBGene00255565.,0,0,0
WBGene00255566.,0,4,4
WBGene00255567.,0,0,0
WBGene00255568.,0,0,0
WBGene00255569.,0,0,0
WBGene00255570.,0,0,0
WBGene00255571.,0,1,1
WBGene00255572.,0,2,2
WBGene00255573.,0,0,0
WBGene00255574.,0,0,0
WBGene00255575.,0,10,10
WBGene00255576.,0,1,1
WBGene00255577.,0,0,0
WBGene00255578.,0,0,0
WBGene00255579.,0,16,16
WBGene00255580.,0,0,0
WBGene00255581.,0,0,0
WBGene00255582.,0,0,0
WBGene00255583.,0,2,2
WBGene00255584.,0,0,0
WBGene00255586.,0,0,0
WBGene00255587.,0,0,0
WBGene00255588.,0,1,1
WBGene00255594.,15,56,71
WBGene00255595.,0,0,0
WBGene00255596.,0,2,2
WBGene00255597.,16,12,28
WBGene00255598.,91,54,145
WBGene00255600.,13,46,59
WBGene00255605.,2,22,24
WBGene00255606.,3,13,16
WBGene00255607.,0,0,0
WBGene00255611.,0,5,5
WBGene00255702.,5,34,39
WBGene00255703.,1,24,25
WBGene00255704.,0,199,199
WBGene00255709.,0,10,10
WBGene00255714.,2,58,60
WBGene00255728.,6,45,51
WBGene00255729.,13,29,42
WBGene00255730.,5,10,15
WBGene00255731.,12,31,43
WBGene00255732.,4,5,9
WBGene00255733.,2,9,11
WBGene00255736.,1,19,20
WBGene00268189.,7,13,20
WBGene00268190.,19,1,20
WBGene00268191.,2,2,4
WBGene00268192.,3,10,13
WBGene00268193.,3,1,4
WBGene00268194.,34,3,37
WBGene00268196.,97,111,208
WBGene00268197.,4,6,10
WBGene00268198.,1,1,2
WBGene00268199.,0,9,9
WBGene00268202.,12,30,42
WBGene00268203.,4,5,9
WBGene00268204.,0,9,9
WBGene00268205.,0,4,4
WBGene00268206.,8,7,15
WBGene00268207.,0,7,7
WBGene00268208.,421,26,447
WBGene00268209.,1,6,7
WBGene00268210.,11,0,11
WBGene00268211.,1,2,3
WBGene00268212.,37,4,41
WBGene00268213.,12,20,32
WBGene00268214.,8,6,14
WBGene00268215.,8,13,21
WBGene00268216.,11,10,21
WBGene00269331.,3,6,9
WBGene00269332.,2,1,3
WBGene00269333.,0,10,10
WBGene00269336.,0,12,12
WBGene00269337.,0,6,6
WBGene00269338.,0,2,2
WBGene00269346.,0,3,3
WBGene00269352.,0,1,1
WBGene00269355.,14,64,78
WBGene00269373.,0,23,23
WBGene00269376.,0,52,52
WBGene00269378.,42,139,181
WBGene00269379.,22,13,35
WBGene00269381.,5,1,6
WBGene00269382.,42,417,459
WBGene00269383.,196,331,527
WBGene00269384.,0,21,21
WBGene00269385.,0,5,5
WBGene00269386.,0,59,59
WBGene00269387.,2,31,33
WBGene00269388.,0,8,8
WBGene00269389.,0,2,2
WBGene00269390.,17,9,26
WBGene00269391.,0,24,24
WBGene00269392.,10,15,25
WBGene00269393.,1,8,9
WBGene00269394.,4,11,15
WBGene00269419.,1,7,8
WBGene00269420.,1,3,4
WBGene00269421.,796,2507,3303
WBGene00269422.,0,5,5
WBGene00269423.,4,2,6
WBGene00269424.,8,15,23
WBGene00269425.,8,6,14
WBGene00269426.,4,3,7
WBGene00269427.,0,177,177
WBGene00269428.,21,35,56
WBGene00269429.,0,116,116
WBGene00269430.,1,1,2
WBGene00269431.,0,16,16
WBGene00269432.,32,123,155
WBGene00269433.,82,101,183
WBGene00269434.,0,37,37
WBGene00269435.,0,4,4
WBGene00269436.,13,8,21
WBGene00269437.,3,6,9
WBGene00269438.,1,14,15
WBGene00270290.,7,17,24
WBGene00270291.,0,10,10
WBGene00270292.,0,3,3
WBGene00270293.,2,28,30
WBGene00270303.,5,9,14
WBGene00270309.,37,57,94
WBGene00270318.,19,29,48
WBGene00270319.,0,159,159
WBGene00270320.,13,12,25
WBGene00270321.,36,26,62
WBGene00270322.,24,415,439
WBGene00271414.,32,227,259
WBGene00271415.,15,6,21
WBGene00271437.,25,26,51
WBGene00271444.,11,26,37
WBGene00271567.,5,10,15
WBGene00271577.,14,10,24
WBGene00271598.,13,32,45
WBGene00271605.,46,46,92
WBGene00271606.,37,281,318
WBGene00271632.,0,70,70
WBGene00271633.,0,66,66
WBGene00271634.,0,3,3
WBGene00271635.,0,3,3
WBGene00271636.,52,417,469
WBGene00271637.,27,21,48
WBGene00271638.,0,15,15
WBGene00271639.,0,8,8
WBGene00271640.,1,3,4
WBGene00271641.,0,0,0
WBGene00271642.,43,2770,2813
WBGene00271643.,0,2,2
WBGene00271644.,0,11,11
WBGene00271645.,0,7,7
WBGene00271646.,0,20,20
WBGene00271647.,19,65,84
WBGene00271648.,0,2,2
WBGene00271649.,6,14,20
WBGene00271650.,0,24,24
WBGene00271651.,0,6,6
WBGene00271652.,20,8,28
WBGene00271653.,2,3,5
WBGene00271654.,0,5,5
WBGene00271655.,0,37,37
WBGene00271656.,0,3,3
WBGene00271657.,1,2,3
WBGene00271694.,11,191,202
WBGene00271701.,14,14,28
WBGene00271703.,15,2,17
WBGene00271706.,7,143,150
WBGene00271707.,9,11,20
WBGene00271715.,15,4,19
WBGene00271716.,205,491,696
WBGene00271744.,27,53,80
WBGene00271774.,1,14,15
WBGene00271775.,92,1960,2052
WBGene00271776.,42,2,44
WBGene00271777.,64,4,68
WBGene00271778.,0,44,44
WBGene00271779.,0,9,9
WBGene00271780.,0,1,1
WBGene00271781.,0,5,5
WBGene00271786.,20,8,28
WBGene00271788.,3,47,50
WBGene00271789.,1,4,5
WBGene00271790.,0,0,0
WBGene00271791.,0,20,20
WBGene00271792.,1,1,2
WBGene00271795.,3,73,76
WBGene00271796.,46,385,431
WBGene00271797.,8,15,23
WBGene00271798.,63,5,68
WBGene00271799.,0,0,0
WBGene00271800.,0,0,0
WBGene00271801.,8,20,28
WBGene00271802.,15,64,79
WBGene00271803.,0,1,1
WBGene00271804.,3,1,4
WBGene00271805.,0,35,35
WBGene00271806.,0,4,4
WBGene00271807.,7,2,9
WBGene00271808.,78,97,175
WBGene00271809.,36,19,55
WBGene00271810.,1,3,4
WBGene00271811.,1,0,1
WBGene00271813.,0,3,3
WBGene00271815.,0,1,1
WBGene00271816.,2,7,9
WBGene00271817.,0,186,186
WBGene00271818.,36,521,557
WBGene00271819.,4,2,6
WBGene00271820.,84,3,87
WBGene00271821.,15,18,33
WBGene00271822.,0,17,17
WBGene00271823.,0,4,4
WBGene00271824.,4,11,15
WBGene00271827.,20,92,112
WBGene00271830.,498,2068,2566
WBGene00271831.,0,0,0
WBGene00271832.,8,41,49
WBGene00271837.,0,3,3
WBGene00284844.,0,829,829
WBGene00284845.,0,3,3
WBGene00284846.,339,2141,2480
WBGene00284847.,0,23,23
WBGene00284848.,6,17,23
WBGene00284849.,0,9,9
WBGene00284850.,0,3,3
WBGene00284851.,116,99,215
WBGene00284852.,63,814,877
WBGene00284853.,6,22,28
WBGene00284854.,41,81,122
WBGene00284855.,0,10,10
WBGene00284856.,0,386,386
WBGene00284857.,0,35,35
WBGene00284858.,0,0,0
WBGene00284859.,0,502,502
WBGene00284861.,0,108,108
WBGene00284867.,0,115,115
WBGene00302964.,0,65,65
WBGene00302968.,0,332,332
WBGene00302971.,15,134,149
WBGene00302974.,3,765,768
WBGene00302976.,2,16,18
WBGene00302978.,151,485,636
WBGene00302980.,0,79,79
WBGene00302982.,2,59,61
WBGene00302984.,9,19,28
WBGene00302986.,97,9,106
WBGene00302988.,29,22,51
WBGene00302991.,28,102,130
WBGene00302993.,27,0,27
WBGene00302995.,159,258,417
WBGene00302998.,189,566,755
WBGene00303000.,235,994,1229
WBGene00303002.,0,68,68
WBGene00303005.,0,0,0
WBGene00303007.,0,52,52
WBGene00303009.,52,384,436
WBGene00303011.,36,40,76
WBGene00303013.,23,6,29
WBGene00303015.,21,945,966
WBGene00303019.,0,1902,1902
WBGene00303021.,0,363,363
WBGene00303023.,0,0,0
WBGene00303024.,0,0,0
WBGene00303026.,91,764,855
WBGene00303028.,0,0,0
WBGene00303030.,8,27,35
WBGene00303031.,0,14,14
WBGene00303032.,0,0,0
WBGene00303033.,0,0,0
WBGene00303034.,0,0,0
WBGene00303035.,0,0,0
WBGene00303036.,0,0,0
WBGene00303037.,0,0,0
WBGene00303038.,0,0,0
WBGene00303039.,0,0,0
WBGene00303040.,0,0,0
WBGene00303041.,0,0,0
WBGene00303042.,0,0,0
WBGene00303043.,0,0,0
WBGene00303044.,0,0,0
WBGene00303045.,0,1,1
WBGene00303046.,0,14,14
WBGene00303047.,0,0,0
WBGene00303048.,0,0,0
WBGene00303049.,0,0,0
WBGene00303050.,0,0,0
WBGene00303051.,0,0,0
WBGene00303052.,0,0,0
WBGene00303053.,0,1,1
WBGene00303054.,0,0,0
WBGene00303055.,0,0,0
WBGene00303056.,0,0,0
WBGene00303057.,0,0,0
WBGene00303058.,0,0,0
WBGene00303059.,0,0,0
WBGene00303060.,0,0,0
WBGene00303061.,0,0,0
WBGene00303062.,0,0,0
WBGene00303063.,0,0,0
WBGene00303064.,0,0,0
WBGene00303065.,0,0,0
WBGene00303066.,0,0,0
WBGene00303067.,0,0,0
WBGene00303068.,0,0,0
WBGene00303069.,0,0,0
WBGene00303070.,0,0,0
WBGene00303071.,0,0,0
WBGene00303072.,0,0,0
WBGene00303073.,0,0,0
WBGene00303074.,0,0,0
WBGene00303075.,0,800,800
WBGene00303076.,0,0,0
WBGene00303077.,0,0,0
WBGene00303078.,0,0,0
WBGene00303079.,0,0,0
WBGene00303080.,0,0,0
WBGene00303081.,0,11,11
WBGene00303082.,0,0,0
WBGene00303083.,0,0,0
WBGene00303085.,0,0,0
WBGene00303086.,0,0,0
WBGene00303087.,0,0,0
WBGene00303088.,0,0,0
WBGene00303089.,0,2,2
WBGene00303090.,0,0,0
WBGene00303091.,0,35,35
WBGene00303092.,0,0,0
WBGene00303093.,0,0,0
WBGene00303094.,0,0,0
WBGene00303095.,0,0,0
WBGene00303096.,0,0,0
WBGene00303097.,0,0,0
WBGene00303098.,0,0,0
WBGene00303099.,0,0,0
WBGene00303100.,0,0,0
WBGene00303101.,0,0,0
WBGene00303102.,0,0,0
WBGene00303103.,0,0,0
WBGene00303104.,0,0,0
WBGene00303105.,0,0,0
WBGene00303113.,0,0,0
WBGene00303114.,0,1,1
WBGene00303115.,0,5,5
WBGene00303208.,45,534,579
WBGene00303231.,2,11,13
WBGene00303233.,67,166,233
WBGene00303359.,6,3,9
WBGene00303360.,0,2,2
WBGene00303362.,8,1,9
WBGene00303363.,0,1,1
WBGene00303364.,34,45,79
WBGene00303365.,0,4,4
WBGene00303366.,0,9,9
WBGene00303367.,0,0,0
WBGene00303368.,7,0,7
WBGene00303369.,0,4,4
WBGene00303370.,0,0,0
WBGene00303371.,23,4,27
WBGene00303378.,0,15,15
WBGene00303398.,19,11,30
WBGene00303421.,2,12,14
WBGene00303423.,62,181,243
WBGene00303425.,25,82,107
WBGene00304173.,3,27,30
WBGene00304175.,3,0,3
WBGene00304181.,23,0,23
WBGene00304182.,0,8,8
WBGene00304183.,0,9,9
WBGene00304189.,47,642,689
WBGene00304194.,13,15,28
WBGene00304195.,0,0,0
WBGene00304201.,5,19,24
WBGene00304202.,2,10,12
WBGene00304203.,22,13,35
WBGene00304215.,15,5,20
WBGene00304219.,0,112,112
WBGene00304220.,21,8,29
WBGene00304237.,24,134,158
WBGene00304238.,0,7,7
WBGene00304775.,2,31,33
WBGene00304776.,12,40,52
WBGene00304782.,0,38,38
WBGene00304783.,0,228,228
WBGene00304785.,5,2,7
WBGene00304786.,4,10,14
WBGene00304787.,27,69,96
WBGene00304788.,25,71,96
WBGene00304789.,0,6,6
WBGene00304790.,33,722,755
WBGene00304791.,59,80,139
WBGene00304792.,0,57,57
WBGene00304793.,7,14,21
WBGene00304794.,11,7,18
WBGene00304797.,3,1,4
WBGene00304798.,2,12,14
WBGene00304806.,0,9,9
WBGene00304808.,90,70,160
WBGene00304811.,83,301,384
WBGene00304812.,0,725,725
WBGene00304813.,0,557,557
WBGene00304814.,0,3,3
WBGene00304815.,0,31802,31802
WBGene00304816.,9,14,23
WBGene00304817.,6,8,14
WBGene00304818.,2,3,5
WBGene00304819.,14,11,25
WBGene00304820.,23,48,71
WBGene00304822.,3,46,49
WBGene00304823.,2,10,12
WBGene00304824.,8,23,31
WBGene00304825.,76,3,79
WBGene00304826.,7,2,9
WBGene00304827.,11,1,12
WBGene00304828.,0,2,2
WBGene00304895.,5,18,23
WBGene00304901.,21,3,24
WBGene00304906.,0,58,58
WBGene00304907.,42,2,44
WBGene00304908.,5,27,32
WBGene00304930.,0,12,12
WBGene00304981.,34,13,47
WBGene00304985.,32,22,54
WBGene00304992.,174,1824,1998
WBGene00304996.,38,159,197
WBGene00305018.,3,21,24
WBGene00305047.,20,8,28
WBGene00305048.,0,0,0
WBGene00305049.,5,17,22
WBGene00305050.,54,34,88
WBGene00305065.,41,22,63
WBGene00305066.,5,57,62
WBGene00305067.,25,430,455
WBGene00305069.,2,1,3
WBGene00305086.,18,33,51
WBGene00305090.,41,17,58
WBGene00305091.,12,22,34
WBGene00305092.,0,1,1
WBGene00305093.,1,0,1
WBGene00305095.,1,4,5
WBGene00305102.,1,1,2
WBGene00305103.,89,548,637
WBGene00305104.,3,15,18
WBGene00305109.,0,3,3
WBGene00305110.,0,6,6
WBGene00305111.,2,1,3
WBGene00305112.,8,7,15
WBGene00305113.,0,0,0
WBGene00305114.,10,9,19
WBGene00305130.,3,2,5
WBGene00305131.,0,244,244
WBGene00305132.,6,7,13
WBGene00305157.,0,97,97
WBGene00305158.,18,16,34
WBGene00305159.,11,11,22
WBGene00305173.,139,607,746
WBGene00305970.,0,6,6
WBGene00305979.,3,2,5
WBGene00305980.,7,2,9
WBGene00305981.,435,2102,2537
WBGene00305991.,16,37,53
WBGene00305992.,7,14,21
WBGene00305993.,0,16,16
WBGene00305994.,27,23,50
WBGene00305995.,7,34,41
WBGene00305996.,15,7,22
WBGene00305997.,0,5,5
WBGene00305998.,10,31,41
WBGene00305999.,5,24,29
WBGene00306000.,2,7,9
WBGene00306001.,0,4,4
WBGene00306002.,11,163,174
WBGene00306003.,52,690,742
WBGene00306004.,35,0,35
WBGene00306005.,50,62,112
WBGene00306012.,46,59,105
WBGene00306013.,36,179,215
WBGene00306014.,0,6,6
WBGene00306062.,0,2,2
WBGene00306066.,4,10,14
WBGene00306069.,0,51,51
WBGene00306070.,6,0,6
WBGene00306076.,0,1,1
WBGene00306078.,0,43,43
WBGene00306080.,1,1,2
WBGene00306081.,8,28,36
WBGene00306121.,10,39,49
WBGene00306122.,0,17,17
WBGene00306123.,23,23,46
WBGene00306124.,61,4,65
WBGene00306125.,0,0,0
WBGene00306126.,42,300,342
WBGene00306131.,0,1333,1333
WBGene00306132.,0,10,10
