gene_id,total_unsp,total_sp,total
WBGene00000001,15,852,867
WBGene00000002,22,624,646
WBGene00000003,2,389,391
WBGene00000004,139,1565,1704
WBGene00000005,0,8,8
WBGene00000006,276,2974,3250
WBGene00000007,2,35,37
WBGene00000008,19,10,29
WBGene00000009,3,30,33
WBGene00000010,30,407,437
WBGene00000012,27,48,75
WBGene00000013,0,155,155
WBGene00000014,0,10,10
WBGene00000015,1,163,164
WBGene00000016,38,3102,3140
WBGene00000017,4,2813,2817
WBGene00000018,281,1385,1666
WBGene00000019,5,2,7
WBGene00000020,123,472,595
WBGene00000022,7,230,237
WBGene00000023,4,17,21
WBGene00000024,0,2,2
WBGene00000025,0,5,5
WBGene00000027,0,2,2
WBGene00000028,0,0,0
WBGene00000029,0,0,0
WBGene00000030,0,0,0
WBGene00000031,21,16,37
WBGene00000032,0,0,0
WBGene00000033,0,10,10
WBGene00000034,3,8,11
WBGene00000035,600,1150,1750
WBGene00000036,73,339,412
WBGene00000037,37,1537,1574
WBGene00000038,41,130,171
WBGene00000039,19,798,817
WBGene00000040,28,5595,5623
WBGene00000041,435,22030,22465
WBGene00000042,26,157,183
WBGene00000043,24,85,109
WBGene00000044,19,52,71
WBGene00000045,7,16,23
WBGene00000046,93,151,244
WBGene00000047,241,1385,1626
WBGene00000048,11,68,79
WBGene00000049,4,21,25
WBGene00000050,16,55,71
WBGene00000051,29,201,230
WBGene00000053,6,31,37
WBGene00000054,43,508,551
WBGene00000055,17,400,417
WBGene00000056,23,108,131
WBGene00000057,86,143,229
WBGene00000058,105,210,315
WBGene00000059,12,98,110
WBGene00000060,13,52,65
WBGene00000061,12,152,164
WBGene00000062,66,115,181
WBGene00000063,402,191275,191677
WBGene00000064,337,23187,23524
WBGene00000065,366,201390,201756
WBGene00000066,1245,354323,355568
WBGene00000067,94,4790,4884
WBGene00000068,1103,2039,3142
WBGene00000069,15,140,155
WBGene00000070,374,2225,2599
WBGene00000071,21,167,188
WBGene00000072,68,822,890
WBGene00000073,69,481,550
WBGene00000074,104,718,822
WBGene00000075,22,159,181
WBGene00000079,243,5112,5355
WBGene00000080,7,226,233
WBGene00000081,49,612,661
WBGene00000082,44,79,123
WBGene00000083,373,3408,3781
WBGene00000084,27,57,84
WBGene00000085,29,267,296
WBGene00000086,60,617,677
WBGene00000088,70,324,394
WBGene00000089,54,1443,1497
WBGene00000090,83,1078,1161
WBGene00000092,152,2214,2366
WBGene00000093,48,936,984
WBGene00000094,116,1268,1384
WBGene00000095,176,2400,2576
WBGene00000096,256,930,1186
WBGene00000097,106,1953,2059
WBGene00000098,51,1744,1795
WBGene00000099,92,1424,1516
WBGene00000100,416,5788,6204
WBGene00000101,127,2045,2172
WBGene00000102,356,4623,4979
WBGene00000103,110,1687,1797
WBGene00000105,106,2965,3071
WBGene00000106,62,1671,1733
WBGene00000107,912,11916,12828
WBGene00000108,0,0,0
WBGene00000109,10,571,581
WBGene00000110,79,2193,2272
WBGene00000111,98,567,665
WBGene00000112,343,6020,6363
WBGene00000113,210,698,908
WBGene00000114,203,81804,82007
WBGene00000115,23,1669,1692
WBGene00000116,136,871,1007
WBGene00000117,336,625,961
WBGene00000118,18,14163,14181
WBGene00000120,3,3804,3807
WBGene00000121,44,3543,3587
WBGene00000122,68,10969,11037
WBGene00000123,239,6331,6570
WBGene00000133,3,25,28
WBGene00000134,53,157,210
WBGene00000135,10,126,136
WBGene00000136,2,137,139
WBGene00000137,114,557,671
WBGene00000138,49,462,511
WBGene00000139,80,79,159
WBGene00000140,695,60774,61469
WBGene00000142,49,1291,1340
WBGene00000143,138,1073,1211
WBGene00000144,71,760,831
WBGene00000145,7,751,758
WBGene00000146,364,3287,3651
WBGene00000147,5,536,541
WBGene00000148,92,1261,1353
WBGene00000149,256,9621,9877
WBGene00000150,64,977,1041
WBGene00000151,21,1091,1112
WBGene00000155,11,1308,1319
WBGene00000156,71,1154,1225
WBGene00000157,49,2444,2493
WBGene00000158,454,2501,2955
WBGene00000159,23,3455,3478
WBGene00000160,437,2530,2967
WBGene00000161,125,2396,2521
WBGene00000162,398,2275,2673
WBGene00000163,83,2516,2599
WBGene00000164,131,1330,1461
WBGene00000165,29,1290,1319
WBGene00000166,15,229,244
WBGene00000168,479,255,734
WBGene00000169,27,825,852
WBGene00000170,1701,26596,28297
WBGene00000171,4,1,5
WBGene00000172,102,443,545
WBGene00000173,9,136,145
WBGene00000174,7,55,62
WBGene00000175,2356,55330,57686
WBGene00000176,5,1226,1231
WBGene00000177,337,2428,2765
WBGene00000178,188,2242,2430
WBGene00000179,327,2444,2771
WBGene00000180,48,921,969
WBGene00000181,782,7265,8047
WBGene00000182,162,16017,16179
WBGene00000183,211,18926,19137
WBGene00000184,121,1647,1768
WBGene00000185,1,40,41
WBGene00000186,553,5896,6449
WBGene00000187,1,1301,1302
WBGene00000188,0,133,133
WBGene00000189,10,532,542
WBGene00000190,37,145,182
WBGene00000192,14,2505,2519
WBGene00000193,13,65,78
WBGene00000195,71,1272,1343
WBGene00000196,170,2151,2321
WBGene00000197,57,5671,5728
WBGene00000198,137,2435,2572
WBGene00000199,286,4267,4553
WBGene00000200,104,3093,3197
WBGene00000201,960,4874,5834
WBGene00000202,9,509,518
WBGene00000203,24,2884,2908
WBGene00000204,93,3206,3299
WBGene00000205,17,2152,2169
WBGene00000206,120,3023,3143
WBGene00000207,1476,58868,60344
WBGene00000208,387,1033,1420
WBGene00000209,1354,20521,21875
WBGene00000210,4735,59281,64016
WBGene00000211,116,740,856
WBGene00000212,8,80,88
WBGene00000213,10,95,105
WBGene00000214,0,13177,13177
WBGene00000215,61,1332,1393
WBGene00000216,9,5348,5357
WBGene00000217,2052,25763,27815
WBGene00000218,42,4825,4867
WBGene00000219,3,4630,4633
WBGene00000220,49,727,776
WBGene00000221,1644,15476,17120
WBGene00000222,105,1401,1506
WBGene00000223,672,5919,6591
WBGene00000224,347,5455,5802
WBGene00000225,2455,3312,5767
WBGene00000226,160,2044,2204
WBGene00000227,295,1900,2195
WBGene00000228,753,21557,22310
WBGene00000229,3180,155182,158362
WBGene00000230,213,59154,59367
WBGene00000231,269,3074,3343
WBGene00000232,164,1330,1494
WBGene00000233,102,535,637
WBGene00000235,18,11580,11598
WBGene00000236,264,2406,2670
WBGene00000237,69,459,528
WBGene00000238,79,775,854
WBGene00000239,49,485,534
WBGene00000240,459,3806,4265
WBGene00000241,27,89,116
WBGene00000242,18,222,240
WBGene00000244,29,302,331
WBGene00000245,425,11470,11895
WBGene00000246,37,89,126
WBGene00000247,61,1612,1673
WBGene00000248,244,3198,3442
WBGene00000249,8,2518,2526
WBGene00000250,17,393,410
WBGene00000251,0,3,3
WBGene00000252,1,33,34
WBGene00000253,83,535,618
WBGene00000254,476,2218,2694
WBGene00000255,33,17,50
WBGene00000256,0,21,21
WBGene00000257,88,2487,2575
WBGene00000259,98,1198,1296
WBGene00000262,8,577,585
WBGene00000263,4897,59424,64321
WBGene00000264,310,809,1119
WBGene00000265,134,729,863
WBGene00000266,224,3339,3563
WBGene00000267,35,184,219
WBGene00000268,532,1257,1789
WBGene00000269,133,905,1038
WBGene00000270,25,483,508
WBGene00000271,34,998,1032
WBGene00000272,38,316,354
WBGene00000273,80,3378,3458
WBGene00000274,231,1249,1480
WBGene00000275,31,2086,2117
WBGene00000276,172,6506,6678
WBGene00000277,1041,13287,14328
WBGene00000279,23,248,271
WBGene00000280,44,361,405
WBGene00000281,35,4923,4958
WBGene00000282,313,4628,4941
WBGene00000283,159,3661,3820
WBGene00000284,5,955,960
WBGene00000285,261,6455,6716
WBGene00000286,963,12567,13530
WBGene00000287,89,600,689
WBGene00000288,138,1802,1940
WBGene00000289,327,2571,2898
WBGene00000292,333,6805,7138
WBGene00000293,335,10386,10721
WBGene00000294,261,6470,6731
WBGene00000295,27,265,292
WBGene00000296,51,129,180
WBGene00000298,7,783,790
WBGene00000301,8,8998,9006
WBGene00000302,13,164,177
WBGene00000366,206,5635,5841
WBGene00000367,384,1691,2075
WBGene00000368,261,3697,3958
WBGene00000369,5,2898,2903
WBGene00000370,4556,15626,20182
WBGene00000371,4202,80004,84206
WBGene00000372,3,45,48
WBGene00000373,68,662,730
WBGene00000375,32,298,330
WBGene00000376,522,1503,2025
WBGene00000377,111,19500,19611
WBGene00000378,40,19168,19208
WBGene00000379,1169,24217,25386
WBGene00000380,890,38488,39378
WBGene00000381,128,18178,18306
WBGene00000382,38,1102,1140
WBGene00000383,136,4409,4545
WBGene00000386,16,409,425
WBGene00000387,765,746,1511
WBGene00000388,3,29,32
WBGene00000389,0,0,0
WBGene00000390,127,6903,7030
WBGene00000391,162,980,1142
WBGene00000392,0,52,52
WBGene00000393,64,1049,1113
WBGene00000395,51,350,401
WBGene00000396,73,3152,3225
WBGene00000397,2,45,47
WBGene00000399,12,251,263
WBGene00000401,25,83,108
WBGene00000402,116,299,415
WBGene00000403,338,5532,5870
WBGene00000405,94,5346,5440
WBGene00000406,27,633,660
WBGene00000407,180,1055,1235
WBGene00000408,458,1665,2123
WBGene00000409,108,1502,1610
WBGene00000410,180,1673,1853
WBGene00000411,33,3847,3880
WBGene00000412,11,154,165
WBGene00000413,107,953,1060
WBGene00000414,201,7414,7615
WBGene00000415,1556,1674,3230
WBGene00000416,22,1296,1318
WBGene00000417,160,148,308
WBGene00000418,15,531,546
WBGene00000419,232,1812,2044
WBGene00000420,104,1214,1318
WBGene00000421,208,1990,2198
WBGene00000422,2,68,70
WBGene00000423,85,911,996
WBGene00000424,82,1279,1361
WBGene00000425,13,211,224
WBGene00000426,278,1287,1565
WBGene00000427,3,7,10
WBGene00000428,3,82,85
WBGene00000429,104,431,535
WBGene00000430,5,115,120
WBGene00000431,20,625,645
WBGene00000432,4,4,8
WBGene00000433,48,291,339
WBGene00000434,7,107,114
WBGene00000435,8,68,76
WBGene00000436,7,22,29
WBGene00000437,140,2654,2794
WBGene00000438,12,18,30
WBGene00000439,16,414,430
WBGene00000440,0,170,170
WBGene00000441,588,1854,2442
WBGene00000442,12,230,242
WBGene00000443,176,5081,5257
WBGene00000444,4,269,273
WBGene00000445,25,190,215
WBGene00000446,14,295,309
WBGene00000447,44,230,274
WBGene00000448,69,1252,1321
WBGene00000449,125,611,736
WBGene00000450,4,27,31
WBGene00000451,2,117,119
WBGene00000452,3,477,480
WBGene00000453,31,770,801
WBGene00000454,32,559,591
WBGene00000455,93,1598,1691
WBGene00000457,6,48,54
WBGene00000458,33,853,886
WBGene00000459,102,1936,2038
WBGene00000460,5,316,321
WBGene00000461,4,22,26
WBGene00000462,7,398,405
WBGene00000463,45,580,625
WBGene00000464,709,2771,3480
WBGene00000465,5,142,147
WBGene00000466,361,2591,2952
WBGene00000467,69,564,633
WBGene00000468,16,38,54
WBGene00000469,4,57,61
WBGene00000472,124,47567,47691
WBGene00000473,2,1094,1096
WBGene00000474,8,1324,1332
WBGene00000475,119,38521,38640
WBGene00000476,117,695,812
WBGene00000477,14,98,112
WBGene00000478,49,459,508
WBGene00000479,27,3540,3567
WBGene00000480,125,1623,1748
WBGene00000481,40,453,493
WBGene00000482,187,5410,5597
WBGene00000483,4,2,6
WBGene00000484,45,152,197
WBGene00000485,58,592,650
WBGene00000487,17,16,33
WBGene00000488,48,147,195
WBGene00000490,18,258,276
WBGene00000491,106,545,651
WBGene00000492,482,484,966
WBGene00000493,46,209,255
WBGene00000496,24,201,225
WBGene00000497,28,105,133
WBGene00000498,9,1123,1132
WBGene00000499,63,72,135
WBGene00000500,54,1486,1540
WBGene00000501,40,589,629
WBGene00000502,45,3369,3414
WBGene00000503,0,19,19
WBGene00000506,243,1279,1522
WBGene00000507,134,860,994
WBGene00000508,50,1631,1681
WBGene00000509,278,2314,2592
WBGene00000510,340,3626,3966
WBGene00000511,82,497,579
WBGene00000512,181,524,705
WBGene00000513,10,352,362
WBGene00000514,111,893,1004
WBGene00000515,51,291,342
WBGene00000516,3,3712,3715
WBGene00000517,93,525,618
WBGene00000518,1351,1318,2669
WBGene00000519,439,800,1239
WBGene00000520,107,1105,1212
WBGene00000521,1,21,22
WBGene00000522,52,225,277
WBGene00000523,34,602,636
WBGene00000524,27,526,553
WBGene00000525,23,251,274
WBGene00000526,11,508,519
WBGene00000527,224,1199,1423
WBGene00000528,98,607,705
WBGene00000529,147,420,567
WBGene00000530,14,102,116
WBGene00000531,15,26,41
WBGene00000532,45,1536,1581
WBGene00000533,13,317,330
WBGene00000534,45,13757,13802
WBGene00000535,318,6382,6700
WBGene00000536,67,666,733
WBGene00000537,15,549,564
WBGene00000539,3,45,48
WBGene00000540,53,340,393
WBGene00000541,120,170,290
WBGene00000542,373,5386,5759
WBGene00000543,115,798,913
WBGene00000544,39,4,43
WBGene00000545,650,2144,2794
WBGene00000546,8,10,18
WBGene00000547,199,1249,1448
WBGene00000548,149,2775,2924
WBGene00000549,432,2557,2989
WBGene00000550,116,17059,17175
WBGene00000551,0,4,4
WBGene00000552,1668,38603,40271
WBGene00000553,914,1083,1997
WBGene00000554,653,8345,8998
WBGene00000555,0,0,0
WBGene00000556,37,393,430
WBGene00000557,90,2927,3017
WBGene00000558,137,2097,2234
WBGene00000559,0,0,0
WBGene00000560,1,3,4
WBGene00000561,0,254,254
WBGene00000562,97,211,308
WBGene00000563,7,8,15
WBGene00000564,314,1219,1533
WBGene00000565,414,437,851
WBGene00000566,436,1676,2112
WBGene00000567,155,5450,5605
WBGene00000583,215,2157,2372
WBGene00000584,9,216,225
WBGene00000585,155,2125,2280
WBGene00000591,200,1301,1501
WBGene00000592,16,315,331
WBGene00000593,0,41,41
WBGene00000594,1,5790,5791
WBGene00000596,0,0,0
WBGene00000597,3,35,38
WBGene00000598,2,19,21
WBGene00000599,30,4352,4382
WBGene00000601,0,72,72
WBGene00000602,0,56,56
WBGene00000603,0,111,111
WBGene00000606,36,325,361
WBGene00000608,0,0,0
WBGene00000609,0,2,2
WBGene00000610,11,41,52
WBGene00000611,87,1115,1202
WBGene00000612,0,4,4
WBGene00000613,0,15,15
WBGene00000614,2,6,8
WBGene00000615,0,29,29
WBGene00000616,2,1645,1647
WBGene00000617,0,1,1
WBGene00000618,0,96,96
WBGene00000620,0,1,1
WBGene00000621,0,13,13
WBGene00000622,3,60,63
WBGene00000623,11,50,61
WBGene00000624,8,29,37
WBGene00000625,2,85,87
WBGene00000626,0,0,0
WBGene00000627,0,1,1
WBGene00000628,0,14,14
WBGene00000629,0,3,3
WBGene00000630,18,161,179
WBGene00000631,5,10,15
WBGene00000632,0,345,345
WBGene00000633,11,38,49
WBGene00000634,0,19,19
WBGene00000636,6,9,15
WBGene00000637,1,118,119
WBGene00000638,0,1,1
WBGene00000639,0,160,160
WBGene00000640,5,40,45
WBGene00000641,15,732,747
WBGene00000644,0,22,22
WBGene00000645,46,424,470
WBGene00000646,0,1,1
WBGene00000647,1,169,170
WBGene00000648,35,7,42
WBGene00000649,4,60,64
WBGene00000650,0,13,13
WBGene00000651,1,71,72
WBGene00000652,5,94,99
WBGene00000653,0,70,70
WBGene00000654,2,11,13
WBGene00000655,2,180,182
WBGene00000656,4,2763,2767
WBGene00000657,6,253,259
WBGene00000658,8,6,14
WBGene00000659,0,2,2
WBGene00000660,1,10,11
WBGene00000661,3,8,11
WBGene00000662,11,11,22
WBGene00000663,0,12,12
WBGene00000664,1,298,299
WBGene00000665,19,287,306
WBGene00000666,1,250,251
WBGene00000667,1,98,99
WBGene00000668,0,728,728
WBGene00000669,11,4322,4333
WBGene00000670,0,33,33
WBGene00000671,0,19,19
WBGene00000672,1,95,96
WBGene00000673,5,25223,25228
WBGene00000674,64,326,390
WBGene00000675,0,203,203
WBGene00000676,0,12,12
WBGene00000677,25,26042,26067
WBGene00000678,3,25,28
WBGene00000679,2,18,20
WBGene00000680,0,11,11
WBGene00000681,5,25488,25493
WBGene00000682,0,39,39
WBGene00000683,11,105,116
WBGene00000684,10,44,54
WBGene00000685,2,131,133
WBGene00000687,14,68,82
WBGene00000688,0,49,49
WBGene00000689,27,50,77
WBGene00000690,0,3,3
WBGene00000691,1,5755,5756
WBGene00000692,203,3177,3380
WBGene00000693,0,4,4
WBGene00000694,1,9,10
WBGene00000695,0,3,3
WBGene00000696,0,3,3
WBGene00000697,2,0,2
WBGene00000698,0,45,45
WBGene00000699,0,297,297
WBGene00000700,0,0,0
WBGene00000701,0,6,6
WBGene00000702,6,42,48
WBGene00000703,6,473,479
WBGene00000704,0,205,205
WBGene00000705,2,7,9
WBGene00000706,3,27,30
WBGene00000707,0,10,10
WBGene00000708,0,12,12
WBGene00000710,2,10,12
WBGene00000711,0,2,2
WBGene00000712,0,0,0
WBGene00000713,2,53,55
WBGene00000714,1,44,45
WBGene00000715,3,40,43
WBGene00000716,0,10,10
WBGene00000717,14,1926,1940
WBGene00000718,0,23,23
WBGene00000719,0,9,9
WBGene00000720,6,29868,29874
WBGene00000721,0,16,16
WBGene00000722,9,3112,3121
WBGene00000723,0,105,105
WBGene00000724,6,36,42
WBGene00000725,0,5,5
WBGene00000726,98,688,786
WBGene00000727,1,733,734
WBGene00000728,0,734,734
WBGene00000729,0,7,7
WBGene00000730,0,12,12
WBGene00000731,3,112,115
WBGene00000732,0,72,72
WBGene00000733,6,14820,14826
WBGene00000734,0,20,20
WBGene00000735,4,14,18
WBGene00000736,0,1,1
WBGene00000737,1,68,69
WBGene00000738,1,8,9
WBGene00000739,14,18971,18985
WBGene00000740,1,4805,4806
WBGene00000741,1,6682,6683
WBGene00000742,0,818,818
WBGene00000743,0,177,177
WBGene00000744,0,1,1
WBGene00000745,0,118,118
WBGene00000746,2,15,17
WBGene00000747,0,44,44
WBGene00000748,0,66,66
WBGene00000749,1,354,355
WBGene00000750,10,89,99
WBGene00000751,0,7,7
WBGene00000752,0,0,0
WBGene00000753,0,89,89
WBGene00000754,0,27,27
WBGene00000755,0,10,10
WBGene00000756,0,1,1
WBGene00000757,0,4,4
WBGene00000758,0,2,2
WBGene00000759,13,85,98
WBGene00000760,0,7,7
WBGene00000761,72,2122,2194
WBGene00000762,144,1043,1187
WBGene00000763,176,1746,1922
WBGene00000764,33,447,480
WBGene00000765,5,4237,4242
WBGene00000766,38,1875,1913
WBGene00000767,265,5326,5591
WBGene00000768,441,6354,6795
WBGene00000770,0,45,45
WBGene00000771,0,5,5
WBGene00000772,7,276,283
WBGene00000773,136,2584,2720
WBGene00000774,62,2557,2619
WBGene00000775,114,503,617
WBGene00000776,747,18782,19529
WBGene00000777,33,4747,4780
WBGene00000778,6,339,345
WBGene00000779,9183,171322,180505
WBGene00000780,223,2426,2649
WBGene00000781,6,1397,1403
WBGene00000782,0,5,5
WBGene00000783,27,405,432
WBGene00000784,1,1928,1929
WBGene00000785,11,4983,4994
WBGene00000786,55,1057,1112
WBGene00000787,22,2235,2257
WBGene00000788,39,4866,4905
WBGene00000789,45,1220,1265
WBGene00000792,51,142,193
WBGene00000793,3254,2641,5895
WBGene00000794,99,2516,2615
WBGene00000795,15,856,871
WBGene00000796,275,3472,3747
WBGene00000797,5,45,50
WBGene00000798,4,1603,1607
WBGene00000799,13,124,137
WBGene00000800,232,5051,5283
WBGene00000802,1218,115118,116336
WBGene00000803,13,162,175
WBGene00000804,9,1675,1684
WBGene00000812,253,1355,1608
WBGene00000813,138,2202,2340
WBGene00000814,166,2751,2917
WBGene00000815,283,1837,2120
WBGene00000816,260,1459,1719
WBGene00000817,26,1588,1614
WBGene00000818,88,1303,1391
WBGene00000819,24,13,37
WBGene00000820,165,737,902
WBGene00000821,2,5,7
WBGene00000822,3395,51262,54657
WBGene00000829,0,107182,107182
WBGene00000830,0,136,136
WBGene00000831,3,445,448
WBGene00000832,606,3810,4416
WBGene00000833,117,57475,57592
WBGene00000834,837,1595,2432
WBGene00000835,120,2919,3039
WBGene00000836,97,1730,1827
WBGene00000837,217,2013,2230
WBGene00000838,108,1027,1135
WBGene00000839,82,2130,2212
WBGene00000840,160,2134,2294
WBGene00000841,28,122,150
WBGene00000843,59,4647,4706
WBGene00000845,371,5364,5735
WBGene00000846,129,620,749
WBGene00000851,1,7,8
WBGene00000853,6,7,13
WBGene00000854,476,3332,3808
WBGene00000857,56,2381,2437
WBGene00000858,140,2733,2873
WBGene00000859,7,50,57
WBGene00000860,5,96,101
WBGene00000861,5,10,15
WBGene00000862,161,167,328
WBGene00000863,26,1182,1208
WBGene00000864,7,18,25
WBGene00000865,14,729,743
WBGene00000866,0,34,34
WBGene00000867,0,34,34
WBGene00000868,19,2976,2995
WBGene00000869,234,20485,20719
WBGene00000870,105,2122,2227
WBGene00000871,47,674,721
WBGene00000872,63,1838,1901
WBGene00000874,93,2162,2255
WBGene00000875,33,2119,2152
WBGene00000876,301,3387,3688
WBGene00000877,39,24093,24132
WBGene00000878,7,113,120
WBGene00000879,1942,60519,62461
WBGene00000880,70,2165,2235
WBGene00000881,3,21961,21964
WBGene00000882,1,2494,2495
WBGene00000883,6449,185050,191499
WBGene00000884,71,3839,3910
WBGene00000885,324,489,813
WBGene00000886,95,1630,1725
WBGene00000887,291,2494,2785
WBGene00000888,96,2321,2417
WBGene00000889,120,2040,2160
WBGene00000890,75,917,992
WBGene00000891,275,2556,2831
WBGene00000892,137,1158,1295
WBGene00000893,4,43,47
WBGene00000894,20,2009,2029
WBGene00000895,38,86,124
WBGene00000896,347,9971,10318
WBGene00000897,165,976,1141
WBGene00000898,1663,1300,2963
WBGene00000899,125,1773,1898
WBGene00000900,725,2401,3126
WBGene00000901,637,4442,5079
WBGene00000902,3,47,50
WBGene00000903,9,1428,1437
WBGene00000904,31,225,256
WBGene00000905,36,316,352
WBGene00000906,80,274,354
WBGene00000907,22,132,154
WBGene00000908,521,1541,2062
WBGene00000910,440,2965,3405
WBGene00000911,369,3996,4365
WBGene00000912,686,3147,3833
WBGene00000913,48,1324,1372
WBGene00000914,728,1368,2096
WBGene00000915,561,137605,138166
WBGene00000917,228,2896,3124
WBGene00000920,4,1407,1411
WBGene00000923,49,4697,4746
WBGene00000928,14,1547,1561
WBGene00000929,171,2054,2225
WBGene00000930,1,20,21
WBGene00000931,281,17804,18085
WBGene00000932,3,75,78
WBGene00000933,359,3189,3548
WBGene00000934,13,220,233
WBGene00000935,5,733,738
WBGene00000936,28,1523,1551
WBGene00000937,8,721,729
WBGene00000938,1776,6990,8766
WBGene00000939,222,2928,3150
WBGene00000940,302,2583,2885
WBGene00000941,896,11189,12085
WBGene00000942,375,12801,13176
WBGene00000950,53,93,146
WBGene00000951,15,76,91
WBGene00000952,35,37,72
WBGene00000953,39,170,209
WBGene00000955,27,85,112
WBGene00000958,108,616,724
WBGene00000959,324,2215,2539
WBGene00000960,9,79,88
WBGene00000961,31,1471,1502
WBGene00000962,289,12363,12652
WBGene00000963,149,1185,1334
WBGene00000964,130,7368,7498
WBGene00000965,62,1548,1610
WBGene00000966,53,365,418
WBGene00000967,182,498,680
WBGene00000968,50,347,397
WBGene00000969,16,1035,1051
WBGene00000970,66,2215,2281
WBGene00000971,3,24,27
WBGene00000972,124,964,1088
WBGene00000973,64,1130,1194
WBGene00000974,9,196,205
WBGene00000975,274,3865,4139
WBGene00000976,229,1040,1269
WBGene00000977,3,86,89
WBGene00000978,35,4275,4310
WBGene00000979,6,107,113
WBGene00000980,239,1327,1566
WBGene00000981,5,545,550
WBGene00000982,255,8201,8456
WBGene00000983,44,577,621
WBGene00000984,88,973,1061
WBGene00000985,33,1860,1893
WBGene00000986,10,146,156
WBGene00000987,273,1134,1407
WBGene00000988,997,28986,29983
WBGene00000989,4,27,31
WBGene00000990,155,1406,1561
WBGene00000991,191,1465,1656
WBGene00000992,0,813,813
WBGene00000993,302,2146,2448
WBGene00000994,35,636,671
WBGene00000995,42,649,691
WBGene00000996,119,3771,3890
WBGene00000998,1630,61155,62785
WBGene00001000,1607,39066,40673
WBGene00001001,263,3529,3792
WBGene00001002,92,2101,2193
WBGene00001005,76,40693,40769
WBGene00001006,125,2343,2468
WBGene00001007,513,8862,9375
WBGene00001008,332,2891,3223
WBGene00001016,13,574,587
WBGene00001017,344,5285,5629
WBGene00001018,322,4386,4708
WBGene00001019,469,2773,3242
WBGene00001020,57,1555,1612
WBGene00001021,59,374,433
WBGene00001022,32,339,371
WBGene00001023,250,4818,5068
WBGene00001025,195,2856,3051
WBGene00001026,57,2683,2740
WBGene00001027,270,2499,2769
WBGene00001028,407,5611,6018
WBGene00001029,525,9671,10196
WBGene00001030,96,10862,10958
WBGene00001031,37,5605,5642
WBGene00001032,58,1141,1199
WBGene00001033,122,910,1032
WBGene00001034,77,2160,2237
WBGene00001035,132,2436,2568
WBGene00001036,28,925,953
WBGene00001037,80,13451,13531
WBGene00001038,381,7941,8322
WBGene00001039,175,1299,1474
WBGene00001040,34,1261,1295
WBGene00001041,38,2680,2718
WBGene00001042,583,3162,3745
WBGene00001043,339,1241,1580
WBGene00001044,2,164,166
WBGene00001045,120,1222,1342
WBGene00001046,32,319,351
WBGene00001047,431,6436,6867
WBGene00001048,179,1329,1508
WBGene00001049,70,1028,1098
WBGene00001050,58,502,560
WBGene00001051,7,4554,4561
WBGene00001052,161,582,743
WBGene00001053,50,241,291
WBGene00001054,126,1048,1174
WBGene00001055,122,996,1118
WBGene00001056,202,2950,3152
WBGene00001057,21,2055,2076
WBGene00001058,98,1534,1632
WBGene00001059,2,153,155
WBGene00001060,18,1088,1106
WBGene00001061,82,1802,1884
WBGene00001062,1,0,1
WBGene00001063,2,7,9
WBGene00001064,17,1057,1074
WBGene00001065,0,1533,1533
WBGene00001066,36,665,701
WBGene00001067,0,469,469
WBGene00001068,112,3651,3763
WBGene00001069,5,917,922
WBGene00001070,62,546,608
WBGene00001071,32,795,827
WBGene00001072,33,745,778
WBGene00001073,151,4608,4759
WBGene00001074,60,919,979
WBGene00001075,34,93,127
WBGene00001076,1,239,240
WBGene00001077,135,4007,4142
WBGene00001078,155,1076,1231
WBGene00001079,21,178,199
WBGene00001080,757,3481,4238
WBGene00001081,167,6283,6450
WBGene00001082,285,2790,3075
WBGene00001085,127,2998,3125
WBGene00001086,154,3495,3649
WBGene00001087,1784,1708,3492
WBGene00001088,13,15998,16011
WBGene00001089,240,1866,2106
WBGene00001090,201,926,1127
WBGene00001092,1,211,212
WBGene00001093,94,3348,3442
WBGene00001094,43,11592,11635
WBGene00001095,61,623,684
WBGene00001096,7,273,280
WBGene00001099,5,271,276
WBGene00001101,788,4983,5771
WBGene00001102,41,1441,1482
WBGene00001103,0,6,6
WBGene00001104,3,1,4
WBGene00001105,3,13,16
WBGene00001106,41,14,55
WBGene00001107,22,101,123
WBGene00001108,2,8,10
WBGene00001109,0,76,76
WBGene00001110,15,300,315
WBGene00001112,100,1154,1254
WBGene00001113,1391,16027,17418
WBGene00001115,450,1975,2425
WBGene00001116,304,2756,3060
WBGene00001117,57,336,393
WBGene00001118,56,154,210
WBGene00001119,22,254,276
WBGene00001121,56,183,239
WBGene00001122,29,771,800
WBGene00001123,6,118,124
WBGene00001127,42,267,309
WBGene00001129,13,102,115
WBGene00001130,99,3124,3223
WBGene00001131,1330,14627,15957
WBGene00001132,342,6433,6775
WBGene00001133,5,25,30
WBGene00001134,210,4827,5037
WBGene00001135,42,484,526
WBGene00001136,43,151,194
WBGene00001137,291,24568,24859
WBGene00001145,1427,11781,13208
WBGene00001147,0,6,6
WBGene00001148,25,378,403
WBGene00001149,235,23670,23905
WBGene00001150,2,14,16
WBGene00001151,103,2044,2147
WBGene00001152,6,843,849
WBGene00001153,4,2255,2259
WBGene00001154,34,2958,2992
WBGene00001155,4986,56002,60988
WBGene00001156,81,1010,1091
WBGene00001157,32,195,227
WBGene00001158,0,7,7
WBGene00001159,26,359,385
WBGene00001160,89,3479,3568
WBGene00001161,236,991,1227
WBGene00001162,196,876,1072
WBGene00001163,185,4044,4229
WBGene00001164,2,9,11
WBGene00001165,35,222,257
WBGene00001166,55,8215,8270
WBGene00001167,5304,285627,290931
WBGene00001168,14664,690173,704837
WBGene00001169,164,123982,124146
WBGene00001170,24,357,381
WBGene00001171,123,379,502
WBGene00001172,178,5279,5457
WBGene00001173,2262,7437,9699
WBGene00001174,17,360,377
WBGene00001175,13,108,121
WBGene00001177,1688,4152,5840
WBGene00001178,416,2002,2418
WBGene00001179,318,1199,1517
WBGene00001182,109,1801,1910
WBGene00001184,119,1383,1502
WBGene00001185,26,456,482
WBGene00001186,397,1847,2244
WBGene00001187,289,4628,4917
WBGene00001188,176,916,1092
WBGene00001189,569,9756,10325
WBGene00001190,191,444,635
WBGene00001193,4,337,341
WBGene00001194,474,7657,8131
WBGene00001196,1352,20671,22023
WBGene00001202,63,141,204
WBGene00001204,50,64,114
WBGene00001207,17,132,149
WBGene00001208,376,2407,2783
WBGene00001209,126,15898,16024
WBGene00001210,41,2788,2829
WBGene00001211,32,156,188
WBGene00001214,31,686,717
WBGene00001215,382,2302,2684
WBGene00001223,2,5,7
WBGene00001224,28,2343,2371
WBGene00001225,34,8974,9008
WBGene00001226,415,21171,21586
WBGene00001227,1604,16971,18575
WBGene00001228,50,4127,4177
WBGene00001229,69,4759,4828
WBGene00001230,83,9329,9412
WBGene00001231,71,5435,5506
WBGene00001232,285,5276,5561
WBGene00001233,508,6978,7486
WBGene00001234,5,10744,10749
WBGene00001235,130,3574,3704
WBGene00001236,316,550,866
WBGene00001237,14,117,131
WBGene00001239,262,11815,12077
WBGene00001240,108,3209,3317
WBGene00001241,296,5094,5390
WBGene00001242,2,101,103
WBGene00001243,111,2224,2335
WBGene00001244,420,4677,5097
WBGene00001245,1,3,4
WBGene00001246,2,27,29
WBGene00001247,37,387,424
WBGene00001248,222,926,1148
WBGene00001249,15,1666,1681
WBGene00001250,5,97,102
WBGene00001251,45,1293,1338
WBGene00001252,4,49,53
WBGene00001253,83,1043,1126
WBGene00001258,763,6165,6928
WBGene00001259,129,6383,6512
WBGene00001262,70,2153,2223
WBGene00001263,1192,53168,54360
WBGene00001281,89,1471,1560
WBGene00001284,169,2263,2432
WBGene00001303,343,35784,36127
WBGene00001309,168,4887,5055
WBGene00001310,11,5,16
WBGene00001311,2,4,6
WBGene00001320,7,2665,2672
WBGene00001324,69,1419,1488
WBGene00001325,230,1316,1546
WBGene00001328,271,21002,21273
WBGene00001329,72,3665,3737
WBGene00001330,509,2378,2887
WBGene00001331,281,7115,7396
WBGene00001332,124,748,872
WBGene00001333,260,3558,3818
WBGene00001334,488,2586,3074
WBGene00001335,140,2010,2150
WBGene00001336,419,7393,7812
WBGene00001337,1077,14024,15101
WBGene00001338,67,2066,2133
WBGene00001340,706,4922,5628
WBGene00001345,1150,2858,4008
WBGene00001352,257,3718,3975
WBGene00001358,61,480,541
WBGene00001365,239,2016,2255
WBGene00001366,467,2572,3039
WBGene00001368,205,1568,1773
WBGene00001371,50,966,1016
WBGene00001372,103,557,660
WBGene00001373,126,208,334
WBGene00001374,187,667,854
WBGene00001377,124,413,537
WBGene00001385,64211,1106239,1170450
WBGene00001386,1709,67213,68922
WBGene00001387,26,186,212
WBGene00001388,1,12,13
WBGene00001389,30,539,569
WBGene00001390,35,915,950
WBGene00001391,104,1163,1267
WBGene00001392,221,17609,17830
WBGene00001393,103,13734,13837
WBGene00001394,76,9233,9309
WBGene00001395,577,8153,8730
WBGene00001396,118,3403,3521
WBGene00001397,0,75,75
WBGene00001398,33,2574,2607
WBGene00001399,1,11,12
WBGene00001400,5,141,146
WBGene00001401,5,319,324
WBGene00001402,0,358,358
WBGene00001403,156,1504,1660
WBGene00001404,1463,22770,24233
WBGene00001405,23,1836,1859
WBGene00001406,280,826,1106
WBGene00001410,118,531,649
WBGene00001411,50,1748,1798
WBGene00001412,19,1090,1109
WBGene00001413,25,281,306
WBGene00001414,1,24,25
WBGene00001423,466,66498,66964
WBGene00001424,0,6,6
WBGene00001425,316,2490,2806
WBGene00001426,263,12605,12868
WBGene00001427,2144,110423,112567
WBGene00001428,10,1920,1930
WBGene00001429,26,979,1005
WBGene00001430,115,5933,6048
WBGene00001431,118,8868,8986
WBGene00001432,84,530,614
WBGene00001433,74,1498,1572
WBGene00001434,0,279,279
WBGene00001435,0,0,0
WBGene00001436,0,1,1
WBGene00001437,2,58,60
WBGene00001438,7,111,118
WBGene00001439,1897,2564,4461
WBGene00001440,19,258,277
WBGene00001441,250,2677,2927
WBGene00001442,0,121,121
WBGene00001443,553,3487,4040
WBGene00001444,3124,30584,33708
WBGene00001445,87,1237,1324
WBGene00001446,8,265,273
WBGene00001447,70,1756,1826
WBGene00001448,380,7894,8274
WBGene00001449,137,1468,1605
WBGene00001450,15,1028,1043
WBGene00001451,144,2113,2257
WBGene00001452,85,8020,8105
WBGene00001453,1,882,883
WBGene00001454,2,2866,2868
WBGene00001455,143,4234,4377
WBGene00001456,7,1367,1374
WBGene00001457,1776,14751,16527
WBGene00001458,250,2841,3091
WBGene00001459,85,3066,3151
WBGene00001460,20,394,414
WBGene00001461,744,4435,5179
WBGene00001462,49,6179,6228
WBGene00001463,40,1375,1415
WBGene00001464,124,2585,2709
WBGene00001465,4,27,31
WBGene00001466,6,197,203
WBGene00001468,7,56,63
WBGene00001470,114,2720,2834
WBGene00001475,153,1811,1964
WBGene00001476,32,206,238
WBGene00001477,22,581,603
WBGene00001478,36,178,214
WBGene00001479,23,302,325
WBGene00001480,1807,14582,16389
WBGene00001481,32,496,528
WBGene00001482,3,208,211
WBGene00001483,12,183,195
WBGene00001484,311,1076,1387
WBGene00001485,595,911,1506
WBGene00001486,41,585,626
WBGene00001487,3,5,8
WBGene00001488,952,33448,34400
WBGene00001489,255,1774,2029
WBGene00001490,170,1850,2020
WBGene00001491,387,4237,4624
WBGene00001492,77,877,954
WBGene00001493,128,1705,1833
WBGene00001494,325,1126,1451
WBGene00001495,100,465,565
WBGene00001496,1006,3705,4711
WBGene00001497,198,7218,7416
WBGene00001498,515,6865,7380
WBGene00001499,11,622,633
WBGene00001500,36,341,377
WBGene00001501,764,6782,7546
WBGene00001502,547,56340,56887
WBGene00001503,154,15007,15161
WBGene00001505,16,254,270
WBGene00001506,7,45,52
WBGene00001507,22,124,146
WBGene00001508,125,962,1087
WBGene00001509,124,3012,3136
WBGene00001510,197,1492,1689
WBGene00001511,26,1531,1557
WBGene00001512,62,198,260
WBGene00001513,5,1652,1657
WBGene00001514,18,392,410
WBGene00001515,32,161,193
WBGene00001516,622,2397,3019
WBGene00001517,52,346,398
WBGene00001518,197,1225,1422
WBGene00001519,272,1941,2213
WBGene00001520,185,10981,11166
WBGene00001522,38,241,279
WBGene00001523,97,2014,2111
WBGene00001526,97,1127,1224
WBGene00001527,25,1446,1471
WBGene00001528,2,1,3
WBGene00001529,2,1,3
WBGene00001530,3,20,23
WBGene00001531,10,17,27
WBGene00001532,1,44,45
WBGene00001533,15,13,28
WBGene00001534,14,81,95
WBGene00001535,12,74,86
WBGene00001536,15,73,88
WBGene00001537,538,620,1158
WBGene00001538,56,901,957
WBGene00001539,27,25,52
WBGene00001540,6,12,18
WBGene00001541,3,56,59
WBGene00001542,14,35,49
WBGene00001543,8,67,75
WBGene00001544,18,48,66
WBGene00001545,0,11,11
WBGene00001546,18,37,55
WBGene00001547,30,127,157
WBGene00001548,10,45,55
WBGene00001549,23,91,114
WBGene00001550,4,15,19
WBGene00001551,65,87,152
WBGene00001552,34,441,475
WBGene00001553,48,394,442
WBGene00001554,82,639,721
WBGene00001555,235,744,979
WBGene00001556,138,1073,1211
WBGene00001557,80,607,687
WBGene00001558,65,9046,9111
WBGene00001559,198,1011,1209
WBGene00001560,18,130,148
WBGene00001561,1571,7840,9411
WBGene00001562,89,2115,2204
WBGene00001563,92,2878,2970
WBGene00001564,1359,79625,80984
WBGene00001565,326,1943,2269
WBGene00001566,87,2472,2559
WBGene00001568,58,1136,1194
WBGene00001569,1,91,92
WBGene00001570,140,2734,2874
WBGene00001571,8,422,430
WBGene00001572,757,7221,7978
WBGene00001574,300,2414,2714
WBGene00001575,21,208,229
WBGene00001577,46,222,268
WBGene00001578,20,192,212
WBGene00001579,114,1749,1863
WBGene00001580,71,1529,1600
WBGene00001581,3,315,318
WBGene00001582,334,2075,2409
WBGene00001583,21,609,630
WBGene00001584,235,1183,1418
WBGene00001585,69,1673,1742
WBGene00001586,76,175,251
WBGene00001587,130,293,423
WBGene00001588,17,239,256
WBGene00001589,356,1351,1707
WBGene00001590,35,1154,1189
WBGene00001591,0,46,46
WBGene00001592,27,242,269
WBGene00001593,25,172,197
WBGene00001594,106,1046,1152
WBGene00001595,4,267,271
WBGene00001596,136,3329,3465
WBGene00001597,13,338,351
WBGene00001598,75,3946,4021
WBGene00001599,8,389,397
WBGene00001600,3,270,273
WBGene00001601,55,880,935
WBGene00001602,58,1469,1527
WBGene00001603,1,34,35
WBGene00001604,112,16846,16958
WBGene00001606,24,516,540
WBGene00001607,14,226,240
WBGene00001608,15,48,63
WBGene00001609,18,458,476
WBGene00001612,18,107,125
WBGene00001613,239,459,698
WBGene00001614,8,73,81
WBGene00001615,173,530,703
WBGene00001616,54,499,553
WBGene00001617,282,507,789
WBGene00001618,27,56,83
WBGene00001619,18,134,152
WBGene00001620,91,3815,3906
WBGene00001621,12,77,89
WBGene00001622,31,69,100
WBGene00001623,8,220,228
WBGene00001624,15,39,54
WBGene00001625,4,21,25
WBGene00001626,3,8,11
WBGene00001627,33,356,389
WBGene00001628,33,1097,1130
WBGene00001629,303,1180,1483
WBGene00001630,789,1528,2317
WBGene00001631,265,1733,1998
WBGene00001632,51,1785,1836
WBGene00001633,117,765,882
WBGene00001635,69,1772,1841
WBGene00001636,156,637,793
WBGene00001637,105,1009,1114
WBGene00001638,19,471,490
WBGene00001639,53,86,139
WBGene00001640,23,3,26
WBGene00001641,0,0,0
WBGene00001642,1,0,1
WBGene00001643,16,197,213
WBGene00001644,7,51,58
WBGene00001645,80,1181,1261
WBGene00001646,0,1097,1097
WBGene00001647,1,254,255
WBGene00001648,431,10833,11264
WBGene00001649,117,2755,2872
WBGene00001650,453,2558,3011
WBGene00001651,333,1580,1913
WBGene00001653,125,1513,1638
WBGene00001660,43,710,753
WBGene00001661,145,2064,2209
WBGene00001662,88,3661,3749
WBGene00001663,285,778,1063
WBGene00001664,6,249,255
WBGene00001665,7,150,157
WBGene00001666,9,476,485
WBGene00001667,7,16,23
WBGene00001668,3,43,46
WBGene00001669,252,1362,1614
WBGene00001670,22,152,174
WBGene00001671,105,1629,1734
WBGene00001672,9,55,64
WBGene00001673,38,84,122
WBGene00001674,6,293,299
WBGene00001675,2,37,39
WBGene00001676,84,114,198
WBGene00001677,24,249,273
WBGene00001678,226,450,676
WBGene00001679,371,14424,14795
WBGene00001680,82,2491,2573
WBGene00001681,3,550,553
WBGene00001682,397,19264,19661
WBGene00001683,61,730,791
WBGene00001684,42,50007,50049
WBGene00001685,27,55848,55875
WBGene00001686,61,1007,1068
WBGene00001687,1,31,32
WBGene00001688,16,911,927
WBGene00001689,21,1045,1066
WBGene00001690,6,39,45
WBGene00001691,1,0,1
WBGene00001692,449,19690,20139
WBGene00001693,2,20,22
WBGene00001694,12,3408,3420
WBGene00001695,4,26,30
WBGene00001696,23,44,67
WBGene00001697,3,16,19
WBGene00001698,9,37,46
WBGene00001699,417,57319,57736
WBGene00001700,7,3,10
WBGene00001701,0,40,40
WBGene00001702,2228,22226,24454
WBGene00001703,4,76,80
WBGene00001704,0,43,43
WBGene00001705,15,77,92
WBGene00001707,104,244,348
WBGene00001708,382,2379,2761
WBGene00001709,72,733,805
WBGene00001710,18,31,49
WBGene00001711,0,11,11
WBGene00001712,0,9,9
WBGene00001713,23,3886,3909
WBGene00001714,2,109,111
WBGene00001715,2,5,7
WBGene00001716,7,95,102
WBGene00001717,2,77,79
WBGene00001718,1,21,22
WBGene00001719,14,480,494
WBGene00001720,0,8,8
WBGene00001721,6,83,89
WBGene00001722,2,1,3
WBGene00001723,10,25,35
WBGene00001724,37,193,230
WBGene00001725,2,80,82
WBGene00001726,2,13,15
WBGene00001727,7,23,30
WBGene00001728,0,3,3
WBGene00001729,4,43,47
WBGene00001730,0,21,21
WBGene00001731,2,25,27
WBGene00001732,0,8,8
WBGene00001733,0,6,6
WBGene00001734,1,2,3
WBGene00001735,2,11,13
WBGene00001736,13,44,57
WBGene00001737,0,1,1
WBGene00001738,0,0,0
WBGene00001739,0,0,0
WBGene00001740,111,625,736
WBGene00001743,60,1008,1068
WBGene00001744,250,6705,6955
WBGene00001745,685,5394,6079
WBGene00001746,239,3351,3590
WBGene00001747,140,7335,7475
WBGene00001748,462,9446,9908
WBGene00001749,2,4360,4362
WBGene00001750,82,570,652
WBGene00001751,104,2355,2459
WBGene00001752,84,6479,6563
WBGene00001753,376,21336,21712
WBGene00001754,0,528,528
WBGene00001755,161,21391,21552
WBGene00001756,2,152,154
WBGene00001757,45,191,236
WBGene00001758,11,2638,2649
WBGene00001759,18,397,415
WBGene00001760,7,655,662
WBGene00001761,20,424,444
WBGene00001762,0,55,55
WBGene00001763,0,266,266
WBGene00001764,5,471,476
WBGene00001765,0,3,3
WBGene00001766,9,0,9
WBGene00001767,1,219,220
WBGene00001768,49,8750,8799
WBGene00001769,25,496,521
WBGene00001770,3,435,438
WBGene00001771,1,207,208
WBGene00001772,4,4808,4812
WBGene00001773,1,269,270
WBGene00001774,1,499,500
WBGene00001775,1,1802,1803
WBGene00001776,15,907,922
WBGene00001777,4,20,24
WBGene00001778,2,113,115
WBGene00001779,0,98,98
WBGene00001780,2,134,136
WBGene00001781,66,1342,1408
WBGene00001782,50,93,143
WBGene00001783,42,356,398
WBGene00001784,161,1689,1850
WBGene00001785,1,4,5
WBGene00001786,0,159,159
WBGene00001787,1,2120,2121
WBGene00001788,85,750,835
WBGene00001789,0,382,382
WBGene00001790,47,1201,1248
WBGene00001791,182,1594,1776
WBGene00001792,11,407,418
WBGene00001793,1184,5492,6676
WBGene00001794,3735,42619,46354
WBGene00001795,23,205,228
WBGene00001796,39,172,211
WBGene00001803,22,254,276
WBGene00001804,26,47,73
WBGene00001805,58,460,518
WBGene00001806,20,112,132
WBGene00001808,483,3471,3954
WBGene00001811,28,305,333
WBGene00001812,52,1052,1104
WBGene00001813,213,2241,2454
WBGene00001814,21,612,633
WBGene00001815,152,778,930
WBGene00001816,263,979,1242
WBGene00001817,26,844,870
WBGene00001818,8,2,10
WBGene00001819,17,465,482
WBGene00001820,26,1376,1402
WBGene00001821,81,559,640
WBGene00001823,78,1465,1543
WBGene00001824,72,2122,2194
WBGene00001827,89,2260,2349
WBGene00001828,0,0,0
WBGene00001829,29,1784,1813
WBGene00001830,29,1568,1597
WBGene00001831,18,1677,1695
WBGene00001832,88,1947,2035
WBGene00001833,116,3278,3394
WBGene00001834,15,3140,3155
WBGene00001835,0,732,732
WBGene00001836,92,1308,1400
WBGene00001837,783,1258,2041
WBGene00001838,78,358,436
WBGene00001839,72,127,199
WBGene00001840,730,20648,21378
WBGene00001841,3,182,185
WBGene00001842,6,115,121
WBGene00001843,255,2114,2369
WBGene00001844,23,1163,1186
WBGene00001851,384,9310,9694
WBGene00001852,53,232,285
WBGene00001853,153,49938,50091
WBGene00001854,105,29595,29700
WBGene00001855,19,8793,8812
WBGene00001856,8,8401,8409
WBGene00001857,1,118,119
WBGene00001858,0,6382,6382
WBGene00001859,7,7,14
WBGene00001860,119,4213,4332
WBGene00001862,9,232,241
WBGene00001863,1345,15650,16995
WBGene00001864,184,1013,1197
WBGene00001865,45,407,452
WBGene00001867,35,546,581
WBGene00001869,18,1433,1451
WBGene00001872,59,164,223
WBGene00001874,25,1265,1290
WBGene00001875,0,2136,2136
WBGene00001876,0,1489,1489
WBGene00001877,0,3491,3491
WBGene00001878,0,1872,1872
WBGene00001879,0,1988,1988
WBGene00001880,0,2112,2112
WBGene00001881,0,1597,1597
WBGene00001882,0,894,894
WBGene00001883,0,245,245
WBGene00001884,0,0,0
WBGene00001885,0,1326,1326
WBGene00001886,0,0,0
WBGene00001887,0,0,0
WBGene00001888,0,0,0
WBGene00001889,0,0,0
WBGene00001890,0,178,178
WBGene00001891,0,254,254
WBGene00001892,0,2212,2212
WBGene00001893,0,0,0
WBGene00001894,0,0,0
WBGene00001895,0,0,0
WBGene00001896,0,0,0
WBGene00001898,52,100476,100528
WBGene00001899,0,298,298
WBGene00001900,0,0,0
WBGene00001901,0,0,0
WBGene00001902,0,0,0
WBGene00001903,0,4,4
WBGene00001904,0,1,1
WBGene00001905,0,560,560
WBGene00001906,0,5963,5963
WBGene00001907,0,0,0
WBGene00001908,0,2,2
WBGene00001909,986,39126,40112
WBGene00001910,406,20211,20617
WBGene00001911,1182,67123,68305
WBGene00001912,0,187,187
WBGene00001913,1,13,14
WBGene00001914,0,200,200
WBGene00001915,980,50757,51737
WBGene00001916,0,124,124
WBGene00001917,0,0,0
WBGene00001918,0,0,0
WBGene00001919,0,13,13
WBGene00001920,0,0,0
WBGene00001921,0,57,57
WBGene00001922,0,1216,1216
WBGene00001923,0,0,0
WBGene00001924,0,0,0
WBGene00001925,0,0,0
WBGene00001926,0,0,0
WBGene00001927,0,0,0
WBGene00001928,0,126,126
WBGene00001929,0,17,17
WBGene00001930,0,0,0
WBGene00001931,18,136,154
WBGene00001932,0,30,30
WBGene00001933,0,5829,5829
WBGene00001934,0,7535,7535
WBGene00001935,0,1879,1879
WBGene00001936,0,3847,3847
WBGene00001937,0,1464,1464
WBGene00001938,0,5654,5654
WBGene00001939,0,33,33
WBGene00001940,0,64,64
WBGene00001941,0,1005,1005
WBGene00001942,0,3708,3708
WBGene00001943,0,25,25
WBGene00001944,0,45,45
WBGene00001945,106,9223,9329
WBGene00001946,939,50576,51515
WBGene00001947,0,127,127
WBGene00001948,514,3329,3843
WBGene00001949,23,1708,1731
WBGene00001950,6,1348,1354
WBGene00001951,56,659,715
WBGene00001952,20,470,490
WBGene00001953,38,394,432
WBGene00001954,8,94,102
WBGene00001955,205,6580,6785
WBGene00001956,0,1,1
WBGene00001957,26,284,310
WBGene00001958,6,595,601
WBGene00001959,1,44,45
WBGene00001960,5,114,119
WBGene00001961,8,60,68
WBGene00001962,0,2,2
WBGene00001964,0,0,0
WBGene00001965,0,0,0
WBGene00001966,0,23,23
WBGene00001967,0,0,0
WBGene00001968,0,2,2
WBGene00001971,153,42851,43004
WBGene00001972,462,13694,14156
WBGene00001973,4,769,773
WBGene00001974,79,6016,6095
WBGene00001975,56,1977,2033
WBGene00001976,26,18282,18308
WBGene00001977,1,2579,2580
WBGene00001978,280,2938,3218
WBGene00001979,45,1348,1393
WBGene00001980,1669,3649,5318
WBGene00001981,0,14,14
WBGene00001983,110,1432,1542
WBGene00001984,92,502,594
WBGene00001985,4,62,66
WBGene00001986,154,1532,1686
WBGene00001987,405,385,790
WBGene00001988,21,521,542
WBGene00001989,53,353,406
WBGene00001990,94,1900,1994
WBGene00001991,18,223,241
WBGene00001992,27,394,421
WBGene00001993,29,2965,2994
WBGene00001994,213,4418,4631
WBGene00001995,83,1673,1756
WBGene00001996,386,1522,1908
WBGene00001997,171,412,583
WBGene00001998,34,270,304
WBGene00001999,54,25632,25686
WBGene00002000,367,13480,13847
WBGene00002001,273,4570,4843
WBGene00002002,100,3997,4097
WBGene00002003,72,497,569
WBGene00002004,395,1305,1700
WBGene00002005,546,107636,108182
WBGene00002007,412,33772,34184
WBGene00002008,178,2539,2717
WBGene00002010,64,14931,14995
WBGene00002011,400,8693,9093
WBGene00002012,13,680,693
WBGene00002013,23,67,90
WBGene00002015,0,0,0
WBGene00002016,15,6809,6824
WBGene00002017,0,700,700
WBGene00002018,22,5793,5815
WBGene00002019,0,32883,32883
WBGene00002020,0,0,0
WBGene00002021,152,1957,2109
WBGene00002023,629,21207,21836
WBGene00002024,31,940,971
WBGene00002025,1018,52514,53532
WBGene00002026,5,419,424
WBGene00002027,206,8439,8645
WBGene00002028,13,515,528
WBGene00002029,16,260,276
WBGene00002030,60,340,400
WBGene00002031,61,516,577
WBGene00002032,10,378,388
WBGene00002033,6,119,125
WBGene00002034,4,475,479
WBGene00002035,204,1581,1785
WBGene00002036,186,1725,1911
WBGene00002037,54,540,594
WBGene00002038,154,947,1101
WBGene00002039,83,464,547
WBGene00002040,300,2732,3032
WBGene00002041,29,233,262
WBGene00002042,36,605,641
WBGene00002043,92,613,705
WBGene00002044,30,1448,1478
WBGene00002045,9555,145351,154906
WBGene00002046,178,2488,2666
WBGene00002047,74,2641,2715
WBGene00002048,494,3184,3678
WBGene00002050,434,4416,4850
WBGene00002051,4,29,33
WBGene00002052,41,809,850
WBGene00002053,220,9049,9269
WBGene00002054,26,1902,1928
WBGene00002055,4,871,875
WBGene00002056,157,1063,1220
WBGene00002057,8,157,165
WBGene00002058,14,238,252
WBGene00002059,188,4964,5152
WBGene00002060,81,8334,8415
WBGene00002061,11,2332,2343
WBGene00002062,44,1177,1221
WBGene00002063,72,317,389
WBGene00002064,1328,12127,13455
WBGene00002065,662,160073,160735
WBGene00002066,435,14984,15419
WBGene00002067,44,557,601
WBGene00002068,12,1172,1184
WBGene00002069,500,4055,4555
WBGene00002070,68,3127,3195
WBGene00002071,45,3550,3595
WBGene00002072,28,806,834
WBGene00002073,12,3112,3124
WBGene00002074,95,7307,7402
WBGene00002075,120,1996,2116
WBGene00002076,510,1397,1907
WBGene00002077,318,16329,16647
WBGene00002078,314,4959,5273
WBGene00002079,31,1292,1323
WBGene00002080,192,1973,2165
WBGene00002081,36,1330,1366
WBGene00002083,83,29768,29851
WBGene00002084,14,768,782
WBGene00002085,0,23,23
WBGene00002086,8,372,380
WBGene00002087,1,16,17
WBGene00002088,10,246,256
WBGene00002089,18,316,334
WBGene00002090,2,0,2
WBGene00002091,2,1,3
WBGene00002092,5,67,72
WBGene00002093,10,138,148
WBGene00002094,6,36,42
WBGene00002095,9,19,28
WBGene00002096,168,28,196
WBGene00002097,8,125,133
WBGene00002098,1,14,15
WBGene00002099,0,3,3
WBGene00002100,32,2457,2489
WBGene00002101,177,950,1127
WBGene00002102,2,5,7
WBGene00002103,0,4,4
WBGene00002104,2,4,6
WBGene00002105,3,99,102
WBGene00002106,0,1,1
WBGene00002107,7,90,97
WBGene00002108,35,12,47
WBGene00002109,110,1594,1704
WBGene00002110,582,3394,3976
WBGene00002111,23,269,292
WBGene00002112,26,120,146
WBGene00002113,28,1005,1033
WBGene00002114,1,27,28
WBGene00002115,0,1,1
WBGene00002116,39,143,182
WBGene00002117,1,18,19
WBGene00002118,11,116,127
WBGene00002119,30,31,61
WBGene00002120,0,133,133
WBGene00002121,1,1,2
WBGene00002123,788,2604,3392
WBGene00002124,0,110,110
WBGene00002125,1,407,408
WBGene00002127,16,2782,2798
WBGene00002128,35,658,693
WBGene00002129,47,1466,1513
WBGene00002130,7,85,92
WBGene00002131,4,84,88
WBGene00002132,45,840,885
WBGene00002133,102,460,562
WBGene00002134,193,8143,8336
WBGene00002135,139,6483,6622
WBGene00002136,19,313,332
WBGene00002137,9,144,153
WBGene00002138,7,39,46
WBGene00002139,0,70,70
WBGene00002140,352,1419,1771
WBGene00002141,69,87,156
WBGene00002142,16,162,178
WBGene00002143,44,129,173
WBGene00002144,6,62,68
WBGene00002146,75,1041,1116
WBGene00002147,313,827,1140
WBGene00002148,137,1908,2045
WBGene00002149,49,170,219
WBGene00002150,148,263,411
WBGene00002151,115,455,570
WBGene00002152,309,9032,9341
WBGene00002153,45,1520,1565
WBGene00002162,2834,48716,51550
WBGene00002163,223,822,1045
WBGene00002169,314,3452,3766
WBGene00002173,209,1184,1393
WBGene00002174,32,370,402
WBGene00002175,560,1599,2159
WBGene00002176,474,877,1351
WBGene00002177,31,199,230
WBGene00002178,80,975,1055
WBGene00002179,509,6682,7191
WBGene00002180,11,711,722
WBGene00002181,123,532,655
WBGene00002182,69,282,351
WBGene00002183,1114,22524,23638
WBGene00002184,292,805,1097
WBGene00002185,1185,1863,3048
WBGene00002186,1,13,14
WBGene00002187,363,2640,3003
WBGene00002188,3,1,4
WBGene00002189,2625,10327,12952
WBGene00002190,563,11028,11591
WBGene00002191,834,13969,14803
WBGene00002192,202,1361,1563
WBGene00002193,2,6,8
WBGene00002194,78,317,395
WBGene00002195,25,312,337
WBGene00002196,116,7000,7116
WBGene00002198,186,268,454
WBGene00002199,44,361,405
WBGene00002200,39,348,387
WBGene00002201,89,2112,2201
WBGene00002202,284,16006,16290
WBGene00002203,328,2516,2844
WBGene00002204,0,1,1
WBGene00002205,8,26,34
WBGene00002206,0,2,2
WBGene00002207,107,710,817
WBGene00002208,1,6,7
WBGene00002210,451,2213,2664
WBGene00002211,6,64,70
WBGene00002213,79,1052,1131
WBGene00002214,39,1310,1349
WBGene00002215,1007,5919,6926
WBGene00002216,116,2516,2632
WBGene00002217,109,1924,2033
WBGene00002218,15,75,90
WBGene00002219,86,1460,1546
WBGene00002220,80,1051,1131
WBGene00002222,518,3672,4190
WBGene00002223,1409,4360,5769
WBGene00002224,123,117,240
WBGene00002225,0,588,588
WBGene00002226,3,1436,1439
WBGene00002227,7,11,18
WBGene00002228,59,1074,1133
WBGene00002229,37,2489,2526
WBGene00002230,249,564,813
WBGene00002231,52,2160,2212
WBGene00002232,157,2513,2670
WBGene00002233,39,293,332
WBGene00002234,6,24,30
WBGene00002235,30,64,94
WBGene00002238,25,16372,16397
WBGene00002239,102,702,804
WBGene00002240,327,526,853
WBGene00002241,579,2696,3275
WBGene00002242,140,292,432
WBGene00002243,94,277,371
WBGene00002244,305,7093,7398
WBGene00002245,182,1038,1220
WBGene00002246,0,579,579
WBGene00002247,381,9039,9420
WBGene00002248,13,84,97
WBGene00002249,18,2449,2467
WBGene00002250,16,3762,3778
WBGene00002251,158,1246,1404
WBGene00002252,58,157,215
WBGene00002253,1271,6349,7620
WBGene00002254,15822,166531,182353
WBGene00002255,3629,32505,36134
WBGene00002256,81,3801,3882
WBGene00002257,334,5600,5934
WBGene00002258,351,10298,10649
WBGene00002259,8,282,290
WBGene00002260,6,174,180
WBGene00002261,383,2997,3380
WBGene00002262,1941,37564,39505
WBGene00002263,498,5324,5822
WBGene00002264,257,14241,14498
WBGene00002265,787,15318,16105
WBGene00002266,482,9228,9710
WBGene00002267,538,18230,18768
WBGene00002268,1707,21863,23570
WBGene00002269,551,8769,9320
WBGene00002270,3,237,240
WBGene00002271,93,7237,7330
WBGene00002272,339,8101,8440
WBGene00002273,41,14341,14382
WBGene00002274,19,656,675
WBGene00002275,11,822,833
WBGene00002276,29,1027,1056
WBGene00002278,478,1612,2090
WBGene00002280,3106,80895,84001
WBGene00002282,23,449,472
WBGene00002295,258,9666,9924
WBGene00002297,114,838,952
WBGene00002299,93,734,827
WBGene00002324,26,984,1010
WBGene00002335,137,6817,6954
WBGene00002344,342,32189,32531
WBGene00002348,36,5886,5922
WBGene00002363,142,8202,8344
WBGene00002368,21,323,344
WBGene00002393,19,706,725
WBGene00002497,705,3907,4612
WBGene00002583,352,3961,4313
WBGene00002601,105,782,887
WBGene00002632,37,1152,1189
WBGene00002637,289,14851,15140
WBGene00002694,50,2084,2134
WBGene00002696,174,5307,5481
WBGene00002717,832,6716,7548
WBGene00002783,1178,5393,6571
WBGene00002804,17,2795,2812
WBGene00002827,70,1332,1402
WBGene00002845,138,3427,3565
WBGene00002850,297,11230,11527
WBGene00002855,127,7399,7526
WBGene00002879,337,9569,9906
WBGene00002881,537,5963,6500
WBGene00002889,295,2782,3077
WBGene00002891,45,3644,3689
WBGene00002915,223,5292,5515
WBGene00002957,157,4422,4579
WBGene00002974,328,1631,1959
WBGene00002975,33,257,290
WBGene00002976,291,1594,1885
WBGene00002977,299,2134,2433
WBGene00002978,2534,255008,257542
WBGene00002979,263,1295,1558
WBGene00002980,156,37399,37555
WBGene00002981,293,9098,9391
WBGene00002982,55,882,937
WBGene00002983,14,74,88
WBGene00002985,58,2244,2302
WBGene00002986,79,1097,1176
WBGene00002987,42,154,196
WBGene00002988,45,403,448
WBGene00002989,196,802,998
WBGene00002990,594,1828,2422
WBGene00002991,304,2254,2558
WBGene00002992,81,350,431
WBGene00002994,65,4014,4079
WBGene00002996,93,955,1048
WBGene00002997,80,774,854
WBGene00002998,95,1833,1928
WBGene00002999,530,3076,3606
WBGene00003000,31,292,323
WBGene00003001,66,267,333
WBGene00003002,447,6315,6762
WBGene00003003,1142,2030,3172
WBGene00003006,307,526,833
WBGene00003007,159,1065,1224
WBGene00003008,32,103,135
WBGene00003009,88,1798,1886
WBGene00003010,443,3131,3574
WBGene00003011,127,2085,2212
WBGene00003012,128,1833,1961
WBGene00003014,367,5733,6100
WBGene00003015,72,113,185
WBGene00003017,20,154,174
WBGene00003018,47,1321,1368
WBGene00003019,220,3655,3875
WBGene00003020,263,1846,2109
WBGene00003021,166,2680,2846
WBGene00003022,90,773,863
WBGene00003024,335,4388,4723
WBGene00003025,373,7369,7742
WBGene00003026,99,2491,2590
WBGene00003029,14,465,479
WBGene00003030,330,1687,2017
WBGene00003031,16,391,407
WBGene00003033,9,86,95
WBGene00003034,167,1918,2085
WBGene00003035,81,1039,1120
WBGene00003036,12,8616,8628
WBGene00003037,21,1231,1252
WBGene00003038,10,733,743
WBGene00003040,309,4350,4659
WBGene00003041,125,1999,2124
WBGene00003043,83,1415,1498
WBGene00003044,278,2482,2760
WBGene00003045,219,1592,1811
WBGene00003046,32,326,358
WBGene00003047,279,2610,2889
WBGene00003048,2452,4516,6968
WBGene00003052,135,16547,16682
WBGene00003053,16,5690,5706
WBGene00003055,74,3006,3080
WBGene00003056,135,673,808
WBGene00003057,57,870,927
WBGene00003058,1,3,4
WBGene00003059,117,1724,1841
WBGene00003060,963,3755,4718
WBGene00003061,627,18599,19226
WBGene00003062,59,7710,7769
WBGene00003063,90,15414,15504
WBGene00003064,7,1490,1497
WBGene00003065,225,12145,12370
WBGene00003066,128,3834,3962
WBGene00003068,184,1644,1828
WBGene00003071,170,4218,4388
WBGene00003072,320,5623,5943
WBGene00003073,174,10262,10436
WBGene00003074,85,1695,1780
WBGene00003075,15,31,46
WBGene00003076,169,3073,3242
WBGene00003077,33,1609,1642
WBGene00003078,52,5051,5103
WBGene00003079,0,8020,8020
WBGene00003080,119,2705,2824
WBGene00003081,429,3804,4233
WBGene00003082,111,1838,1949
WBGene00003083,10,753,763
WBGene00003084,102,1582,1684
WBGene00003085,355,11099,11454
WBGene00003086,530,1463,1993
WBGene00003087,77,2669,2746
WBGene00003089,113,1999,2112
WBGene00003090,2,1717,1719
WBGene00003091,2,732,734
WBGene00003092,1,121,122
WBGene00003093,4,259,263
WBGene00003094,2,25,27
WBGene00003095,0,11,11
WBGene00003096,1,136,137
WBGene00003097,2,1198,1200
WBGene00003098,0,3,3
WBGene00003099,0,17,17
WBGene00003100,30,21,51
WBGene00003102,282,1281,1563
WBGene00003104,13,47,60
WBGene00003106,23,215,238
WBGene00003107,34,46,80
WBGene00003111,189,2495,2684
WBGene00003112,142,1233,1375
WBGene00003114,203,367,570
WBGene00003119,548,2165,2713
WBGene00003123,29,12972,13001
WBGene00003124,397,3537,3934
WBGene00003129,269,1829,2098
WBGene00003130,622,4495,5117
WBGene00003132,65,1958,2023
WBGene00003133,199,1930,2129
WBGene00003134,95,1046,1141
WBGene00003136,95,811,906
WBGene00003142,109,1089,1198
WBGene00003143,236,2505,2741
WBGene00003144,482,2610,3092
WBGene00003148,37,10665,10702
WBGene00003149,333,2309,2642
WBGene00003150,591,5648,6239
WBGene00003151,49,706,755
WBGene00003153,4048,17211,21259
WBGene00003154,89,3098,3187
WBGene00003155,23,2848,2871
WBGene00003156,23,4006,4029
WBGene00003157,41,4427,4468
WBGene00003158,78,3663,3741
WBGene00003159,12,3158,3170
WBGene00003160,146,4242,4388
WBGene00003161,337,2162,2499
WBGene00003162,82,34369,34451
WBGene00003163,105,7684,7789
WBGene00003164,20,499,519
WBGene00003165,31,402,433
WBGene00003166,876,976,1852
WBGene00003167,22,195,217
WBGene00003168,71,218,289
WBGene00003169,702,9544,10246
WBGene00003170,130,583,713
WBGene00003171,288,5897,6185
WBGene00003172,257,2497,2754
WBGene00003173,58,339,397
WBGene00003174,15,103,118
WBGene00003175,181,5033,5214
WBGene00003176,7,29,36
WBGene00003177,75,726,801
WBGene00003178,62,5717,5779
WBGene00003179,36,484,520
WBGene00003180,9,4,13
WBGene00003181,0,41,41
WBGene00003182,448,2604,3052
WBGene00003183,7,1128,1135
WBGene00003184,10,306,316
WBGene00003185,2,1645,1647
WBGene00003186,138,2198,2336
WBGene00003196,350,2074,2424
WBGene00003209,439,1726,2165
WBGene00003210,209,3491,3700
WBGene00003214,167,3263,3430
WBGene00003216,2,263,265
WBGene00003218,88,5141,5229
WBGene00003219,0,34,34
WBGene00003220,99,798,897
WBGene00003221,223,1238,1461
WBGene00003222,69,1558,1627
WBGene00003224,35,264,299
WBGene00003225,945,21120,22065
WBGene00003228,17,131,148
WBGene00003229,223,2800,3023
WBGene00003230,10,217,227
WBGene00003231,1,72,73
WBGene00003232,59,277,336
WBGene00003233,68,314,382
WBGene00003234,317,3091,3408
WBGene00003235,454,3571,4025
WBGene00003236,0,416,416
WBGene00003237,138,790,928
WBGene00003238,269,2413,2682
WBGene00003239,91,3680,3771
WBGene00003241,116,1835,1951
WBGene00003242,2647,36424,39071
WBGene00003243,560,3610,4170
WBGene00003245,13,436,449
WBGene00003246,296,938,1234
WBGene00003247,499,5846,6345
WBGene00003248,89,519,608
WBGene00003249,340,7276,7616
WBGene00003252,17,106,123
WBGene00003253,31,2239,2270
WBGene00003254,32,576,608
WBGene00003258,779,530,1309
WBGene00003367,856,11161,12017
WBGene00003368,49,1012,1061
WBGene00003369,456,80368,80824
WBGene00003370,30830,247934,278764
WBGene00003371,409,462790,463199
WBGene00003372,575,8385,8960
WBGene00003373,35,407,442
WBGene00003374,295,1031,1326
WBGene00003375,785,13115,13900
WBGene00003376,93,492,585
WBGene00003377,23,430,453
WBGene00003378,637,3568,4205
WBGene00003380,39,445,484
WBGene00003384,18,456,474
WBGene00003385,103,948,1051
WBGene00003386,98,558,656
WBGene00003387,184,103,287
WBGene00003388,19,327,346
WBGene00003389,74,3468,3542
WBGene00003390,20,2058,2078
WBGene00003391,1065,6838,7903
WBGene00003392,130,2473,2603
WBGene00003393,194,3981,4175
WBGene00003394,17,130,147
WBGene00003395,4,188,192
WBGene00003396,228,1108,1336
WBGene00003397,85,881,966
WBGene00003400,287,847,1134
WBGene00003401,372,3079,3451
WBGene00003402,44,358,402
WBGene00003403,29,127,156
WBGene00003404,1254,5642,6896
WBGene00003405,28,1612,1640
WBGene00003406,86,4279,4365
WBGene00003407,817,4713,5530
WBGene00003408,226,1355,1581
WBGene00003409,21,174,195
WBGene00003410,0,45,45
WBGene00003411,60,796,856
WBGene00003412,110,811,921
WBGene00003413,451,444,895
WBGene00003414,239,195,434
WBGene00003415,179,13075,13254
WBGene00003417,77,805,882
WBGene00003418,73,1286,1359
WBGene00003421,86,519,605
WBGene00003422,141,2468,2609
WBGene00003423,872,1824,2696
WBGene00003424,0,0,0
WBGene00003425,0,0,0
WBGene00003426,0,2,2
WBGene00003429,0,0,0
WBGene00003430,0,1,1
WBGene00003431,0,0,0
WBGene00003432,0,1,1
WBGene00003434,0,2,2
WBGene00003435,0,37,37
WBGene00003438,0,0,0
WBGene00003442,0,98,98
WBGene00003443,0,100,100
WBGene00003444,0,28,28
WBGene00003446,0,0,0
WBGene00003448,0,8,8
WBGene00003449,0,4,4
WBGene00003450,0,8,8
WBGene00003451,0,0,0
WBGene00003452,0,1,1
WBGene00003456,0,0,0
WBGene00003457,0,0,0
WBGene00003458,0,2,2
WBGene00003462,0,8,8
WBGene00003463,0,13,13
WBGene00003464,0,1,1
WBGene00003465,0,0,0
WBGene00003466,0,0,0
WBGene00003467,0,0,0
WBGene00003468,0,0,0
WBGene00003469,0,0,0
WBGene00003470,0,2,2
WBGene00003471,51,521,572
WBGene00003472,235,2325,2560
WBGene00003473,3,167,170
WBGene00003474,17,407,424
WBGene00003475,216,1116,1332
WBGene00003476,1309,4711,6020
WBGene00003477,40,797,837
WBGene00003478,406,848,1254
WBGene00003479,171,1163,1334
WBGene00003480,43,363,406
WBGene00003482,228,2285,2513
WBGene00003485,332,3965,4297
WBGene00003495,764,123705,124469
WBGene00003497,112,3226,3338
WBGene00003499,13,204,217
WBGene00003504,8,943,951
WBGene00003507,3,343,346
WBGene00003508,105,1268,1373
WBGene00003509,27,704,731
WBGene00003510,184,1893,2077
WBGene00003511,45,8833,8878
WBGene00003514,111,7855,7966
WBGene00003515,230,15383,15613
WBGene00003516,121,2127,2248
WBGene00003517,27,601,628
WBGene00003518,16,46,62
WBGene00003519,223,5727,5950
WBGene00003520,10,39,49
WBGene00003521,0,0,0
WBGene00003522,29,543,572
WBGene00003523,23,60,83
WBGene00003524,9,90,99
WBGene00003525,35,71,106
WBGene00003526,11,131,142
WBGene00003527,39,147,186
WBGene00003528,9,184,193
WBGene00003529,8,7,15
WBGene00003530,31,393,424
WBGene00003531,9,35,44
WBGene00003532,8,30,38
WBGene00003533,0,26,26
WBGene00003534,1,62,63
WBGene00003535,0,0,0
WBGene00003536,0,0,0
WBGene00003537,0,1,1
WBGene00003538,0,0,0
WBGene00003539,0,5,5
WBGene00003540,0,3,3
WBGene00003541,11,0,11
WBGene00003542,3,11,14
WBGene00003543,8,10,18
WBGene00003544,30,216,246
WBGene00003545,10,3,13
WBGene00003546,14,122,136
WBGene00003547,8,36,44
WBGene00003548,10,33,43
WBGene00003549,89,1151,1240
WBGene00003550,675,2232,2907
WBGene00003551,5,37,42
WBGene00003552,235,391,626
WBGene00003553,58,298,356
WBGene00003554,15,5,20
WBGene00003555,248,521,769
WBGene00003558,109,402,511
WBGene00003559,1377,6765,8142
WBGene00003561,222,482,704
WBGene00003562,11,84,95
WBGene00003563,26,192,218
WBGene00003564,29,5068,5097
WBGene00003565,413,3006,3419
WBGene00003566,207,2060,2267
WBGene00003567,705,12302,13007
WBGene00003568,125,1866,1991
WBGene00003569,59,1312,1371
WBGene00003570,1,28,29
WBGene00003571,19,23,42
WBGene00003572,10,72,82
WBGene00003573,0,52,52
WBGene00003574,2,4,6
WBGene00003575,8,71,79
WBGene00003576,212,2549,2761
WBGene00003577,34,129,163
WBGene00003578,322,2977,3299
WBGene00003579,9,589,598
WBGene00003580,37,498,535
WBGene00003581,92,1493,1585
WBGene00003582,341,1591,1932
WBGene00003583,46,785,831
WBGene00003584,78,928,1006
WBGene00003585,39,118,157
WBGene00003586,30,635,665
WBGene00003587,157,7948,8105
WBGene00003588,6,8736,8742
WBGene00003589,194,2179,2373
WBGene00003590,69,509,578
WBGene00003591,62,922,984
WBGene00003592,297,2763,3060
WBGene00003593,195,1773,1968
WBGene00003594,165,1173,1338
WBGene00003595,1,4,5
WBGene00003596,556,10864,11420
WBGene00003597,1226,3244,4470
WBGene00003598,64,1937,2001
WBGene00003599,241,1490,1731
WBGene00003600,1810,5712,7522
WBGene00003601,13,96,109
WBGene00003602,39,1301,1340
WBGene00003603,81,1099,1180
WBGene00003604,49,344,393
WBGene00003605,96,820,916
WBGene00003606,202,1251,1453
WBGene00003607,27,195,222
WBGene00003608,0,21,21
WBGene00003609,319,2010,2329
WBGene00003610,75,458,533
WBGene00003611,119,1075,1194
WBGene00003612,68,342,410
WBGene00003613,22,614,636
WBGene00003614,53,606,659
WBGene00003615,2,58,60
WBGene00003616,274,811,1085
WBGene00003617,10,172,182
WBGene00003618,669,4921,5590
WBGene00003619,189,2468,2657
WBGene00003620,567,1207,1774
WBGene00003621,89,608,697
WBGene00003622,203,1088,1291
WBGene00003623,62,1203,1265
WBGene00003624,101,1259,1360
WBGene00003625,175,1958,2133
WBGene00003626,290,1417,1707
WBGene00003627,831,2047,2878
WBGene00003628,225,1151,1376
WBGene00003629,3,6,9
WBGene00003630,1324,3210,4534
WBGene00003632,104,1298,1402
WBGene00003633,37,648,685
WBGene00003634,78,535,613
WBGene00003635,46,958,1004
WBGene00003636,547,1788,2335
WBGene00003637,246,1981,2227
WBGene00003638,96,1133,1229
WBGene00003639,204,3465,3669
WBGene00003640,191,612,803
WBGene00003641,1,16,17
WBGene00003642,0,17,17
WBGene00003643,6,22,28
WBGene00003644,16,137,153
WBGene00003645,44,261,305
WBGene00003646,49,747,796
WBGene00003647,130,447,577
WBGene00003648,18,571,589
WBGene00003649,48,411,459
WBGene00003650,21,146,167
WBGene00003651,230,938,1168
WBGene00003652,136,465,601
WBGene00003653,22,481,503
WBGene00003654,245,496,741
WBGene00003655,48,470,518
WBGene00003656,176,1734,1910
WBGene00003657,14,455,469
WBGene00003658,240,4056,4296
WBGene00003659,31,488,519
WBGene00003660,114,1033,1147
WBGene00003661,124,1076,1200
WBGene00003662,0,2,2
WBGene00003663,2,153,155
WBGene00003664,208,584,792
WBGene00003667,2,1,3
WBGene00003668,318,730,1048
WBGene00003669,28,83,111
WBGene00003670,19,239,258
WBGene00003671,0,2,2
WBGene00003672,0,0,0
WBGene00003674,60,1015,1075
WBGene00003675,308,712,1020
WBGene00003676,273,920,1193
WBGene00003677,193,1057,1250
WBGene00003678,299,2110,2409
WBGene00003679,1,3,4
WBGene00003680,27,276,303
WBGene00003681,164,1408,1572
WBGene00003682,12,11,23
WBGene00003683,7,56,63
WBGene00003684,25,259,284
WBGene00003685,105,926,1031
WBGene00003686,9,141,150
WBGene00003687,335,6086,6421
WBGene00003688,63,405,468
WBGene00003689,7,100,107
WBGene00003690,114,1568,1682
WBGene00003691,640,3249,3889
WBGene00003692,29,284,313
WBGene00003693,9,140,149
WBGene00003694,218,732,950
WBGene00003695,805,4344,5149
WBGene00003696,11,29,40
WBGene00003697,48,444,492
WBGene00003698,8,25,33
WBGene00003699,15,174,189
WBGene00003700,2,84,86
WBGene00003701,4,16,20
WBGene00003702,37,384,421
WBGene00003703,48,330,378
WBGene00003704,396,2616,3012
WBGene00003705,32,183,215
WBGene00003706,8,111,119
WBGene00003707,48,566,614
WBGene00003708,0,0,0
WBGene00003709,45,150,195
WBGene00003710,91,421,512
WBGene00003711,5,31,36
WBGene00003712,73,421,494
WBGene00003713,18,149,167
WBGene00003714,12,31,43
WBGene00003715,283,426,709
WBGene00003716,9,78,87
WBGene00003717,6,189,195
WBGene00003718,36,92,128
WBGene00003719,20,346,366
WBGene00003720,40,148,188
WBGene00003721,19,398,417
WBGene00003722,72,704,776
WBGene00003723,11,565,576
WBGene00003724,25,502,527
WBGene00003725,85,430,515
WBGene00003726,95,1184,1279
WBGene00003727,275,419,694
WBGene00003728,482,1975,2457
WBGene00003729,18,120,138
WBGene00003730,5,163,168
WBGene00003731,40,146,186
WBGene00003732,56,494,550
WBGene00003733,35,365,400
WBGene00003734,0,3,3
WBGene00003735,218,398,616
WBGene00003736,50,138,188
WBGene00003738,30,955,985
WBGene00003739,65,1222,1287
WBGene00003740,3,414,417
WBGene00003741,6,2048,2054
WBGene00003742,0,81,81
WBGene00003743,85,498,583
WBGene00003744,50,1319,1369
WBGene00003745,55,1097,1152
WBGene00003746,14,1515,1529
WBGene00003747,20,1111,1131
WBGene00003748,90,2451,2541
WBGene00003749,92,2442,2534
WBGene00003750,180,1910,2090
WBGene00003751,17,2852,2869
WBGene00003752,13,1338,1351
WBGene00003753,619,3676,4295
WBGene00003754,53,1378,1431
WBGene00003755,94,5644,5738
WBGene00003756,222,5970,6192
WBGene00003757,9,281,290
WBGene00003758,186,2749,2935
WBGene00003759,514,3371,3885
WBGene00003760,9,13,22
WBGene00003761,0,138,138
WBGene00003762,620,7809,8429
WBGene00003763,26,90,116
WBGene00003764,38,654,692
WBGene00003765,153,2075,2228
WBGene00003766,29,565,594
WBGene00003767,365,8148,8513
WBGene00003768,43,633,676
WBGene00003769,160,2697,2857
WBGene00003770,16,97,113
WBGene00003771,1223,8421,9644
WBGene00003772,102,478,580
WBGene00003773,104,1010,1114
WBGene00003774,16,67,83
WBGene00003775,51,93,144
WBGene00003776,481,7717,8198
WBGene00003777,235,9274,9509
WBGene00003778,14,43,57
WBGene00003779,17,481,498
WBGene00003783,3,157,160
WBGene00003784,3,34,37
WBGene00003785,71,2060,2131
WBGene00003786,145,1703,1848
WBGene00003787,66,1802,1868
WBGene00003788,275,2690,2965
WBGene00003789,170,3011,3181
WBGene00003790,37,1501,1538
WBGene00003791,15,1733,1748
WBGene00003792,115,2875,2990
WBGene00003793,53,2952,3005
WBGene00003794,599,2613,3212
WBGene00003795,31,4584,4615
WBGene00003796,104,4100,4204
WBGene00003797,153,2602,2755
WBGene00003798,73,3334,3407
WBGene00003799,563,3268,3831
WBGene00003800,27,2970,2997
WBGene00003801,29,2089,2118
WBGene00003802,35,5803,5838
WBGene00003803,73,2766,2839
WBGene00003804,74,2481,2555
WBGene00003805,36,1739,1775
WBGene00003806,287,3790,4077
WBGene00003807,20,124,144
WBGene00003808,90,539,629
WBGene00003812,72,2550,2622
WBGene00003813,40,226,266
WBGene00003815,249,8017,8266
WBGene00003816,8,353,361
WBGene00003818,206,2883,3089
WBGene00003821,505,10436,10941
WBGene00003822,104,2034,2138
WBGene00003825,261,7625,7886
WBGene00003826,683,2582,3265
WBGene00003827,255,2886,3141
WBGene00003828,60,646,706
WBGene00003829,17,3865,3882
WBGene00003830,163,1492,1655
WBGene00003831,1933,22764,24697
WBGene00003834,115,1572,1687
WBGene00003835,5,495,500
WBGene00003836,597,5859,6456
WBGene00003837,324,1037,1361
WBGene00003838,5,59,64
WBGene00003839,27,105,132
WBGene00003840,16,71,87
WBGene00003841,11,33,44
WBGene00003842,34,153,187
WBGene00003843,50,994,1044
WBGene00003844,6,1337,1343
WBGene00003845,0,5,5
WBGene00003846,1,291,292
WBGene00003847,191,1362,1553
WBGene00003848,12,40,52
WBGene00003849,163,705,868
WBGene00003850,20,245,265
WBGene00003851,162,2420,2582
WBGene00003854,0,24,24
WBGene00003856,12,82,94
WBGene00003858,657,4799,5456
WBGene00003859,60,662,722
WBGene00003860,339,3511,3850
WBGene00003861,77,1447,1524
WBGene00003862,7,127,134
WBGene00003863,1,0,1
WBGene00003864,1,79,80
WBGene00003865,0,91,91
WBGene00003868,108,1400,1508
WBGene00003870,17,1225,1242
WBGene00003876,20,199,219
WBGene00003877,14,301,315
WBGene00003878,15,291,306
WBGene00003879,6,77,83
WBGene00003882,69,634,703
WBGene00003883,70,432,502
WBGene00003884,42,203,245
WBGene00003885,84,484,568
WBGene00003886,69,300,369
WBGene00003887,57,431,488
WBGene00003888,2,48,50
WBGene00003889,2,42,44
WBGene00003890,12,145,157
WBGene00003891,16,6616,6632
WBGene00003892,72,157,229
WBGene00003893,18789,279795,298584
WBGene00003898,132,922,1054
WBGene00003901,120,9173,9293
WBGene00003902,1701,166426,168127
WBGene00003903,170,12739,12909
WBGene00003904,54,5939,5993
WBGene00003905,629,1858,2487
WBGene00003906,3,7,10
WBGene00003907,315,1803,2118
WBGene00003909,27,371,398
WBGene00003911,110,1748,1858
WBGene00003912,11,193,204
WBGene00003914,337,4073,4410
WBGene00003915,689,8988,9677
WBGene00003916,1751,5520,7271
WBGene00003917,151,831,982
WBGene00003918,143,1376,1519
WBGene00003919,146,430,576
WBGene00003920,437,64564,65001
WBGene00003921,81,847,928
WBGene00003922,21,3948,3969
WBGene00003923,32,10747,10779
WBGene00003924,15,12628,12643
WBGene00003925,411,9494,9905
WBGene00003926,362,15144,15506
WBGene00003927,50,9705,9755
WBGene00003928,41,6402,6443
WBGene00003929,327,9174,9501
WBGene00003930,232,7535,7767
WBGene00003931,193,7294,7487
WBGene00003932,466,8124,8590
WBGene00003933,234,2614,2848
WBGene00003934,31638,682453,714091
WBGene00003936,504,3776,4280
WBGene00003937,2,8,10
WBGene00003938,12,18,30
WBGene00003939,91,1005,1096
WBGene00003941,124,1003,1127
WBGene00003943,20,163,183
WBGene00003947,38,8186,8224
WBGene00003948,10,9176,9186
WBGene00003949,66,8195,8261
WBGene00003950,317,10666,10983
WBGene00003951,189,5378,5567
WBGene00003952,526,6920,7446
WBGene00003953,45,11975,12020
WBGene00003954,374,2275,2649
WBGene00003955,12,9337,9349
WBGene00003956,8,608,616
WBGene00003957,0,82,82
WBGene00003958,7,352,359
WBGene00003959,5,186,191
WBGene00003960,149,2016,2165
WBGene00003961,422,3046,3468
WBGene00003962,443,13972,14415
WBGene00003963,130,49092,49222
WBGene00003964,2564,34347,36911
WBGene00003965,111,549,660
WBGene00003966,371,2243,2614
WBGene00003967,239,2108,2347
WBGene00003968,17,401,418
WBGene00003969,463,947,1410
WBGene00003970,131,1321,1452
WBGene00003975,138,1390,1528
WBGene00003976,2,290,292
WBGene00003977,0,0,0
WBGene00003978,201,1052,1253
WBGene00003979,2,469,471
WBGene00003980,120,1154,1274
WBGene00003981,10,1,11
WBGene00003982,7,2711,2718
WBGene00003983,0,1,1
WBGene00003986,68,848,916
WBGene00003987,3,6,9
WBGene00003989,44,9856,9900
WBGene00003990,61,3678,3739
WBGene00003991,822,10015,10837
WBGene00003992,12,2099,2111
WBGene00003993,62,487,549
WBGene00003994,5,450,455
WBGene00003995,57,407,464
WBGene00003996,120,502,622
WBGene00003997,5,153,158
WBGene00003998,93,249,342
WBGene00003999,9,44,53
WBGene00004000,4,87,91
WBGene00004001,1,3,4
WBGene00004002,4,23,27
WBGene00004003,44,195,239
WBGene00004004,105,740,845
WBGene00004005,24,42,66
WBGene00004006,9,75,84
WBGene00004007,5,8,13
WBGene00004008,0,214,214
WBGene00004010,76,734,810
WBGene00004011,7,54,61
WBGene00004013,285,1103,1388
WBGene00004014,77,39499,39576
WBGene00004015,68,36540,36608
WBGene00004016,136,618,754
WBGene00004017,5,157,162
WBGene00004020,35,383,418
WBGene00004023,120,983,1103
WBGene00004024,24,397,421
WBGene00004025,123,1824,1947
WBGene00004026,31,16,47
WBGene00004027,4,130,134
WBGene00004028,213,369,582
WBGene00004029,210,478,688
WBGene00004030,40,301,341
WBGene00004031,62,1129,1191
WBGene00004032,585,4145,4730
WBGene00004033,304,1254,1558
WBGene00004034,249,1082,1331
WBGene00004035,157,1728,1885
WBGene00004036,144,861,1005
WBGene00004037,39,337,376
WBGene00004038,40,674,714
WBGene00004039,185,3911,4096
WBGene00004040,205,3181,3386
WBGene00004042,14,2448,2462
WBGene00004043,11,349,360
WBGene00004044,11,424,435
WBGene00004045,285,887,1172
WBGene00004046,234,18821,19055
WBGene00004047,683,1194,1877
WBGene00004048,17,363,380
WBGene00004049,362,1114,1476
WBGene00004050,14,1136,1150
WBGene00004051,119,1877,1996
WBGene00004052,1,20,21
WBGene00004053,177,4062,4239
WBGene00004055,106,1082,1188
WBGene00004056,93,697,790
WBGene00004057,136,972,1108
WBGene00004058,21,142,163
WBGene00004059,99,498,597
WBGene00004060,384,1398,1782
WBGene00004061,4,115,119
WBGene00004062,11,216,227
WBGene00004063,129,1181,1310
WBGene00004064,1950,1880,3830
WBGene00004068,55,1159,1214
WBGene00004075,79,1526,1605
WBGene00004076,529,4102,4631
WBGene00004077,514,2508,3022
WBGene00004078,0,67,67
WBGene00004083,30,1618,1648
WBGene00004084,8,2,10
WBGene00004085,128,3277,3405
WBGene00004086,103,495,598
WBGene00004087,299,2314,2613
WBGene00004088,271,2410,2681
WBGene00004089,40,669,709
WBGene00004090,248,1743,1991
WBGene00004091,92,2004,2096
WBGene00004092,50,1023,1073
WBGene00004093,6,719,725
WBGene00004094,30,1817,1847
WBGene00004095,416,6480,6896
WBGene00004096,37,1114,1151
WBGene00004097,3,0,3
WBGene00004098,0,0,0
WBGene00004099,0,1,1
WBGene00004100,51,436,487
WBGene00004101,223,2233,2456
WBGene00004102,11,9,20
WBGene00004103,4,0,4
WBGene00004104,7,74,81
WBGene00004105,108,1779,1887
WBGene00004106,255,361,616
WBGene00004107,1,6,7
WBGene00004108,409,1704,2113
WBGene00004109,357,1855,2212
WBGene00004110,236,1405,1641
WBGene00004111,200,1865,2065
WBGene00004112,518,12514,13032
WBGene00004113,524,17668,18192
WBGene00004114,5,383,388
WBGene00004115,12,57,69
WBGene00004116,373,2139,2512
WBGene00004117,0,1592,1592
WBGene00004118,56,261,317
WBGene00004119,101,1428,1529
WBGene00004120,1,104,105
WBGene00004121,235,1595,1830
WBGene00004122,116,1912,2028
WBGene00004123,48,296,344
WBGene00004124,43,540,583
WBGene00004125,101,1125,1226
WBGene00004126,218,2324,2542
WBGene00004127,4,15,19
WBGene00004128,1462,7517,8979
WBGene00004129,41,982,1023
WBGene00004130,825,22747,23572
WBGene00004131,3564,18384,21948
WBGene00004132,328,4118,4446
WBGene00004133,29,323,352
WBGene00004134,1463,6937,8400
WBGene00004135,1733,20973,22706
WBGene00004136,330,8032,8362
WBGene00004138,406,4812,5218
WBGene00004139,0,13,13
WBGene00004140,57,2299,2356
WBGene00004141,0,0,0
WBGene00004143,452,21193,21645
WBGene00004144,11,1049,1060
WBGene00004145,304,3995,4299
WBGene00004146,0,2,2
WBGene00004147,524,2778,3302
WBGene00004148,247,2131,2378
WBGene00004149,2,2,4
WBGene00004150,6,8,14
WBGene00004151,294,1697,1991
WBGene00004152,272,5835,6107
WBGene00004153,0,13,13
WBGene00004154,46,56,102
WBGene00004155,3,32,35
WBGene00004156,19,427,446
WBGene00004157,32,3560,3592
WBGene00004158,0,0,0
WBGene00004159,0,0,0
WBGene00004160,0,0,0
WBGene00004161,622,2711,3333
WBGene00004163,15,86,101
WBGene00004164,309,2758,3067
WBGene00004165,15,10,25
WBGene00004166,327,3531,3858
WBGene00004167,1260,10212,11472
WBGene00004168,13,607,620
WBGene00004169,91,623,714
WBGene00004170,0,0,0
WBGene00004171,0,0,0
WBGene00004172,22,363,385
WBGene00004173,181,2408,2589
WBGene00004174,0,111,111
WBGene00004175,12,599,611
WBGene00004176,0,126,126
WBGene00004177,2,54,56
WBGene00004178,63,2895,2958
WBGene00004179,18,1547,1565
WBGene00004180,102,1358,1460
WBGene00004181,179,1683,1862
WBGene00004182,674,2711,3385
WBGene00004183,48,98,146
WBGene00004184,162,3854,4016
WBGene00004185,95,7011,7106
WBGene00004186,240,3840,4080
WBGene00004187,200,12131,12331
WBGene00004188,120,2585,2705
WBGene00004189,1179,10649,11828
WBGene00004190,65,1368,1433
WBGene00004191,57,96,153
WBGene00004192,899,1788,2687
WBGene00004193,20,101,121
WBGene00004194,28,260,288
WBGene00004195,19,124,143
WBGene00004196,0,472,472
WBGene00004197,22,202,224
WBGene00004198,28,364,392
WBGene00004199,2,357,359
WBGene00004201,45,7424,7469
WBGene00004202,273,2270,2543
WBGene00004203,349,2908,3257
WBGene00004204,600,13319,13919
WBGene00004205,24,801,825
WBGene00004206,135,766,901
WBGene00004207,182,1323,1505
WBGene00004208,430,6346,6776
WBGene00004209,1,3,4
WBGene00004210,113,889,1002
WBGene00004211,20,46,66
WBGene00004212,276,2285,2561
WBGene00004213,509,2205,2714
WBGene00004214,61,2274,2335
WBGene00004215,1185,2427,3612
WBGene00004216,23,162,185
WBGene00004217,24,167,191
WBGene00004218,27,173,200
WBGene00004219,33,513,546
WBGene00004220,83,590,673
WBGene00004221,17,232,249
WBGene00004222,50,962,1012
WBGene00004223,4,28,32
WBGene00004224,39,288,327
WBGene00004225,41,182,223
WBGene00004226,140,2234,2374
WBGene00004227,71,307,378
WBGene00004228,104,806,910
WBGene00004229,10,138,148
WBGene00004230,79,68,147
WBGene00004231,29,21,50
WBGene00004232,75,185,260
WBGene00004233,15,15,30
WBGene00004234,1,33,34
WBGene00004235,41,379,420
WBGene00004236,54,7,61
WBGene00004237,17,575,592
WBGene00004238,413,1146,1559
WBGene00004239,1,99,100
WBGene00004241,2,38,40
WBGene00004242,4,64,68
WBGene00004243,8,131,139
WBGene00004244,43,592,635
WBGene00004245,255,4677,4932
WBGene00004248,22,2672,2694
WBGene00004249,710,6384,7094
WBGene00004254,264,1576,1840
WBGene00004255,12,80,92
WBGene00004256,217,1240,1457
WBGene00004257,42,294,336
WBGene00004258,475,17602,18077
WBGene00004259,10,1077,1087
WBGene00004264,9,527,536
WBGene00004265,140,433,573
WBGene00004266,102,13703,13805
WBGene00004267,84,3166,3250
WBGene00004268,157,5561,5718
WBGene00004269,104,1774,1878
WBGene00004270,75,4070,4145
WBGene00004271,224,2672,2896
WBGene00004272,35,4271,4306
WBGene00004273,84,6109,6193
WBGene00004274,58,18180,18238
WBGene00004275,72,41,113
WBGene00004276,151,2505,2656
WBGene00004277,117,2087,2204
WBGene00004278,396,4985,5381
WBGene00004279,23,392,415
WBGene00004281,26,278,304
WBGene00004282,108,981,1089
WBGene00004283,60,348,408
WBGene00004284,51,1233,1284
WBGene00004285,67,353,420
WBGene00004286,46,1985,2031
WBGene00004287,0,8,8
WBGene00004296,203,3839,4042
WBGene00004297,53,956,1009
WBGene00004298,71,239,310
WBGene00004300,4,26564,26568
WBGene00004301,12,39,51
WBGene00004302,1179,50045,51224
WBGene00004303,59,2237,2296
WBGene00004304,236,4597,4833
WBGene00004305,94,9369,9463
WBGene00004306,132,2485,2617
WBGene00004307,119,3857,3976
WBGene00004308,53,2286,2339
WBGene00004309,4,29,33
WBGene00004310,412,4532,4944
WBGene00004311,308,2232,2540
WBGene00004312,218,1677,1895
WBGene00004313,149,2555,2704
WBGene00004314,802,1127,1929
WBGene00004315,115,7420,7535
WBGene00004316,623,1050,1673
WBGene00004317,103,1045,1148
WBGene00004318,251,1902,2153
WBGene00004319,168,4348,4516
WBGene00004320,249,5868,6117
WBGene00004321,21,2560,2581
WBGene00004322,199,2001,2200
WBGene00004323,225,2319,2544
WBGene00004324,60,699,759
WBGene00004326,67,4833,4900
WBGene00004328,13,114,127
WBGene00004332,7,364,371
WBGene00004333,54,558,612
WBGene00004334,0,168,168
WBGene00004335,102,847,949
WBGene00004336,1178,18489,19667
WBGene00004337,333,4348,4681
WBGene00004338,195,1413,1608
WBGene00004339,80,880,960
WBGene00004340,212,2550,2762
WBGene00004341,89,960,1049
WBGene00004342,0,32,32
WBGene00004343,207,2323,2530
WBGene00004344,32,564,596
WBGene00004345,404,856,1260
WBGene00004346,32,221,253
WBGene00004347,650,141,791
WBGene00004348,41,1095,1136
WBGene00004349,207,1086,1293
WBGene00004350,236,1432,1668
WBGene00004351,0,0,0
WBGene00004352,0,2,2
WBGene00004353,1,5,6
WBGene00004354,0,22,22
WBGene00004355,65,2331,2396
WBGene00004356,17,1901,1918
WBGene00004357,1377,12279,13656
WBGene00004358,233,3458,3691
WBGene00004359,18,143,161
WBGene00004360,66,682,748
WBGene00004361,17,438,455
WBGene00004363,89,3962,4051
WBGene00004364,248,4788,5036
WBGene00004367,237,1532,1769
WBGene00004368,87,680,767
WBGene00004369,174,1033,1207
WBGene00004370,39,1311,1350
WBGene00004371,157,2260,2417
WBGene00004372,52,214,266
WBGene00004373,397,3882,4279
WBGene00004374,23,178,201
WBGene00004375,130,858,988
WBGene00004377,95,655,750
WBGene00004378,170,2379,2549
WBGene00004380,40,545,585
WBGene00004381,70,1090,1160
WBGene00004382,593,4739,5332
WBGene00004383,37,1132,1169
WBGene00004384,510,1438,1948
WBGene00004385,180,3434,3614
WBGene00004386,123,2569,2692
WBGene00004387,240,12698,12938
WBGene00004388,191,4701,4892
WBGene00004389,304,4002,4306
WBGene00004390,913,5500,6413
WBGene00004391,57,5966,6023
WBGene00004392,70,6400,6470
WBGene00004393,575,1187,1762
WBGene00004394,2,1,3
WBGene00004395,17,524,541
WBGene00004397,11,178,189
WBGene00004398,112,2572,2684
WBGene00004400,1,302,303
WBGene00004401,193,461,654
WBGene00004402,4,14,18
WBGene00004403,371,1067,1438
WBGene00004404,136,798,934
WBGene00004405,19,2518,2537
WBGene00004408,182,473186,473368
WBGene00004409,10208,170368,180576
WBGene00004410,27287,179709,206996
WBGene00004411,138,3277,3415
WBGene00004412,40235,410470,450705
WBGene00004413,789,406917,407706
WBGene00004414,13603,451385,464988
WBGene00004415,230,226210,226440
WBGene00004416,20173,446967,467140
WBGene00004417,20371,404266,424637
WBGene00004418,31901,459117,491018
WBGene00004419,42063,597761,639824
WBGene00004420,31044,386154,417198
WBGene00004421,15050,510643,525693
WBGene00004422,867,27603,28470
WBGene00004423,35980,445266,481246
WBGene00004424,45067,791807,836874
WBGene00004425,19078,452470,471548
WBGene00004426,20531,339672,360203
WBGene00004427,2875,432089,434964
WBGene00004428,24672,437248,461920
WBGene00004429,48687,362934,411621
WBGene00004430,35970,420510,456480
WBGene00004431,22218,478496,500714
WBGene00004432,1809,374303,376112
WBGene00004433,14358,415633,429991
WBGene00004434,15130,306384,321514
WBGene00004435,16718,367358,384076
WBGene00004436,32993,459986,492979
WBGene00004437,1067,23444,24511
WBGene00004438,4740,52189,56929
WBGene00004439,13013,143521,156534
WBGene00004440,17325,309069,326394
WBGene00004441,29281,169317,198598
WBGene00004442,16685,229033,245718
WBGene00004443,72994,46439,119433
WBGene00004444,14487,183078,197565
WBGene00004445,4175,287478,291653
WBGene00004446,42216,442402,484618
WBGene00004447,30954,318395,349349
WBGene00004448,8843,212746,221589
WBGene00004449,24003,383888,407891
WBGene00004450,8640,261106,269746
WBGene00004451,35587,2546,38133
WBGene00004452,7744,191831,199575
WBGene00004453,3629,131550,135179
WBGene00004454,18067,234876,252943
WBGene00004455,1,12,13
WBGene00004456,0,215003,215003
WBGene00004457,9,681,690
WBGene00004458,119,5526,5645
WBGene00004459,24,4374,4398
WBGene00004460,40,8440,8480
WBGene00004461,53,6351,6404
WBGene00004462,147,4408,4555
WBGene00004463,75,7863,7938
WBGene00004464,482,7839,8321
WBGene00004465,279,5304,5583
WBGene00004466,44,3832,3876
WBGene00004467,33,6172,6205
WBGene00004468,304,4341,4645
WBGene00004469,2655,356940,359595
WBGene00004470,12978,458125,471103
WBGene00004471,99,320372,320471
WBGene00004472,26679,445059,471738
WBGene00004473,23972,410827,434799
WBGene00004474,35380,484390,519770
WBGene00004475,8691,226525,235216
WBGene00004476,40407,416784,457191
WBGene00004477,31120,512495,543615
WBGene00004478,28047,571661,599708
WBGene00004479,21673,398856,420529
WBGene00004480,45984,434154,480138
WBGene00004481,5608,353407,359015
WBGene00004482,21616,342605,364221
WBGene00004483,35842,502578,538420
WBGene00004484,25728,399217,424945
WBGene00004485,3370,132579,135949
WBGene00004486,14456,263256,277712
WBGene00004487,37513,425283,462796
WBGene00004488,27847,388051,415898
WBGene00004489,28015,377664,405679
WBGene00004490,38423,96685,135108
WBGene00004491,1837,246921,248758
WBGene00004492,31760,499058,530818
WBGene00004493,17097,349866,366963
WBGene00004494,36199,473846,510045
WBGene00004495,11377,340283,351660
WBGene00004496,15495,187261,202756
WBGene00004497,4353,116557,120910
WBGene00004498,67347,74856,142203
WBGene00004499,26029,325934,351963
WBGene00004501,44,3446,3490
WBGene00004502,79,6426,6505
WBGene00004503,5,4666,4671
WBGene00004504,672,7754,8426
WBGene00004505,30,4849,4879
WBGene00004506,49,7444,7493
WBGene00004507,58,1953,2011
WBGene00004508,76,1719,1795
WBGene00004509,52,251,303
WBGene00004510,29,980,1009
WBGene00004679,404,5542,5946
WBGene00004680,58,562,620
WBGene00004681,634,2087,2721
WBGene00004682,100,1381,1481
WBGene00004684,86,1751,1837
WBGene00004698,11,12922,12933
WBGene00004699,179,6511,6690
WBGene00004700,32,19954,19986
WBGene00004701,34,5790,5824
WBGene00004702,393,7549,7942
WBGene00004703,355,19902,20257
WBGene00004704,139,8279,8418
WBGene00004705,277,7341,7618
WBGene00004706,243,3062,3305
WBGene00004719,165,716,881
WBGene00004721,83,882,965
WBGene00004723,87,2330,2417
WBGene00004726,0,44,44
WBGene00004727,120,1233,1353
WBGene00004728,357,2691,3048
WBGene00004729,208,1978,2186
WBGene00004732,772,5678,6450
WBGene00004735,160,666,826
WBGene00004736,1869,77043,78912
WBGene00004737,4,1271,1275
WBGene00004738,60,3493,3553
WBGene00004739,805,6028,6833
WBGene00004740,85,463,548
WBGene00004742,6,19,25
WBGene00004743,392,2015,2407
WBGene00004744,72,1290,1362
WBGene00004745,45,708,753
WBGene00004746,42,2268,2310
WBGene00004747,87,1825,1912
WBGene00004748,40,350,390
WBGene00004749,114,4708,4822
WBGene00004750,0,0,0
WBGene00004751,1058,3775,4833
WBGene00004752,70,1366,1436
WBGene00004753,155,989,1144
WBGene00004754,705,3682,4387
WBGene00004755,57,3992,4049
WBGene00004756,39,1672,1711
WBGene00004758,117,1798,1915
WBGene00004759,76,2338,2414
WBGene00004760,585,3460,4045
WBGene00004762,226,1522,1748
WBGene00004764,34,289,323
WBGene00004765,265,393,658
WBGene00004766,201,8448,8649
WBGene00004767,69,1691,1760
WBGene00004768,10,1438,1448
WBGene00004769,20,653,673
WBGene00004771,92,723,815
WBGene00004773,754,3991,4745
WBGene00004774,36,2175,2211
WBGene00004775,68,616,684
WBGene00004776,71,117,188
WBGene00004777,200,564,764
WBGene00004778,35,527,562
WBGene00004779,303,1563,1866
WBGene00004780,60,242,302
WBGene00004781,36,2090,2126
WBGene00004782,138,2050,2188
WBGene00004783,884,5620,6504
WBGene00004786,68,520,588
WBGene00004787,148,746,894
WBGene00004788,85,6519,6604
WBGene00004789,20,198,218
WBGene00004790,657,5408,6065
WBGene00004793,28,231,259
WBGene00004795,41,452,493
WBGene00004796,13,76,89
WBGene00004798,268,5453,5721
WBGene00004800,118,2799,2917
WBGene00004801,141,1975,2116
WBGene00004802,17,65,82
WBGene00004803,72,321,393
WBGene00004804,776,3916,4692
WBGene00004806,275,2509,2784
WBGene00004807,73,20166,20239
WBGene00004808,14,2334,2348
WBGene00004809,118,3862,3980
WBGene00004810,2,48,50
WBGene00004811,0,10,10
WBGene00004812,0,0,0
WBGene00004813,0,2,2
WBGene00004814,0,0,0
WBGene00004815,0,0,0
WBGene00004816,0,330,330
WBGene00004818,0,5,5
WBGene00004819,0,1,1
WBGene00004820,0,0,0
WBGene00004821,0,0,0
WBGene00004822,0,1211,1211
WBGene00004823,2,488,490
WBGene00004824,151,1081,1232
WBGene00004825,0,1130,1130
WBGene00004826,0,1014,1014
WBGene00004827,0,258,258
WBGene00004829,340,1836,2176
WBGene00004830,213,2218,2431
WBGene00004831,451,1405,1856
WBGene00004854,180,1899,2079
WBGene00004855,483,9573,10056
WBGene00004856,264,671,935
WBGene00004857,89,706,795
WBGene00004858,76,315,391
WBGene00004859,84,737,821
WBGene00004860,66,613,679
WBGene00004862,707,4435,5142
WBGene00004873,710,5685,6395
WBGene00004874,164,5428,5592
WBGene00004875,16,236,252
WBGene00004876,9,161,170
WBGene00004877,2,7,9
WBGene00004878,11,16,27
WBGene00004879,218,2472,2690
WBGene00004880,186,3028,3214
WBGene00004881,340,1812,2152
WBGene00004882,53,1864,1917
WBGene00004883,5,554,559
WBGene00004884,344,3327,3671
WBGene00004885,17,585,602
WBGene00004886,79,670,749
WBGene00004887,138,4118,4256
WBGene00004888,1196,29282,30478
WBGene00004889,228,1877,2105
WBGene00004890,77,476,553
WBGene00004891,103,4206,4309
WBGene00004892,524,2969,3493
WBGene00004893,70,1087,1157
WBGene00004894,753,976,1729
WBGene00004895,2270,2519,4789
WBGene00004896,807,5119,5926
WBGene00004897,21,11536,11557
WBGene00004898,11,279,290
WBGene00004899,9,0,9
WBGene00004900,44,1545,1589
WBGene00004901,0,0,0
WBGene00004902,93,3065,3158
WBGene00004904,6,8,14
WBGene00004905,185,467,652
WBGene00004906,5,2,7
WBGene00004908,0,0,0
WBGene00004909,1,3,4
WBGene00004910,91,3885,3976
WBGene00004911,5,222,227
WBGene00004912,40,1003,1043
WBGene00004913,116,733,849
WBGene00004914,197,17131,17328
WBGene00004915,11,17378,17389
WBGene00004916,277,15775,16052
WBGene00004917,224,14047,14271
WBGene00004918,952,9358,10310
WBGene00004919,223,10079,10302
WBGene00004920,695,10696,11391
WBGene00004921,180,2711,2891
WBGene00004922,237,583,820
WBGene00004923,292,1185,1477
WBGene00004924,213,3502,3715
WBGene00004925,247,600,847
WBGene00004926,14,636,650
WBGene00004927,204,1585,1789
WBGene00004928,48,393,441
WBGene00004929,777,3116,3893
WBGene00004930,585,15765,16350
WBGene00004931,859,7728,8587
WBGene00004932,2,6,8
WBGene00004933,119,484,603
WBGene00004944,128,531,659
WBGene00004945,103,1704,1807
WBGene00004946,268,2421,2689
WBGene00004947,1581,2628,4209
WBGene00004949,89,654,743
WBGene00004950,81,294,375
WBGene00004951,220,13674,13894
WBGene00004952,15,1482,1497
WBGene00004953,55,1806,1861
WBGene00004954,35,285,320
WBGene00004955,393,4964,5357
WBGene00004958,18,95,113
WBGene00004959,7,215,222
WBGene00004960,16,94,110
WBGene00004962,3,2,5
WBGene00004963,14,20,34
WBGene00004964,2,6,8
WBGene00004965,1,1,2
WBGene00004966,2,3,5
WBGene00004969,84,262,346
WBGene00004971,5,11,16
WBGene00004972,4,48,52
WBGene00004973,2,0,2
WBGene00004974,23,24,47
WBGene00004975,17,664,681
WBGene00004976,2,18,20
WBGene00004978,818,7886,8704
WBGene00004979,155,1124,1279
WBGene00004980,417,12775,13192
WBGene00004981,48,1230,1278
WBGene00004984,4,384,388
WBGene00004985,16,384,400
WBGene00004986,41,618,659
WBGene00004987,42,976,1018
WBGene00004988,64,1123,1187
WBGene00004989,6,97,103
WBGene00004990,263,4572,4835
WBGene00004991,1,5,6
WBGene00004992,3,9,12
WBGene00004993,45,483,528
WBGene00004994,1,7,8
WBGene00004995,2152,20066,22218
WBGene00004996,3,4,7
WBGene00004997,0,10,10
WBGene00004998,17,235,252
WBGene00004999,261,5214,5475
WBGene00005000,899,18444,19343
WBGene00005001,32,369,401
WBGene00005002,96,2350,2446
WBGene00005003,38,489,527
WBGene00005004,85,1046,1131
WBGene00005005,0,0,0
WBGene00005006,74,851,925
WBGene00005007,47,3222,3269
WBGene00005008,3,188,191
WBGene00005009,38,2659,2697
WBGene00005010,359,1670,2029
WBGene00005011,100,797,897
WBGene00005012,4,7,11
WBGene00005013,2,9,11
WBGene00005014,27,1209,1236
WBGene00005015,129,3910,4039
WBGene00005016,0,3049,3049
WBGene00005017,62,946,1008
WBGene00005018,59,2581,2640
WBGene00005019,49,1218,1267
WBGene00005020,143,291,434
WBGene00005021,10,389,399
WBGene00005022,20,2526,2546
WBGene00005023,123,1463,1586
WBGene00005024,256,387,643
WBGene00005025,45,616,661
WBGene00005026,7,1133,1140
WBGene00005027,0,6,6
WBGene00005028,0,1,1
WBGene00005029,2,10,12
WBGene00005030,0,4,4
WBGene00005032,0,13,13
WBGene00005033,0,8,8
WBGene00005034,0,0,0
WBGene00005035,0,2,2
WBGene00005036,17,123,140
WBGene00005037,2,15,17
WBGene00005038,4,8,12
WBGene00005039,0,6,6
WBGene00005040,5,16,21
WBGene00005043,1,10,11
WBGene00005044,0,1,1
WBGene00005046,0,2,2
WBGene00005047,0,6,6
WBGene00005048,0,0,0
WBGene00005049,0,0,0
WBGene00005050,0,2,2
WBGene00005051,2,1,3
WBGene00005052,0,6,6
WBGene00005053,0,6,6
WBGene00005054,3,0,3
WBGene00005055,1,1,2
WBGene00005056,31,1,32
WBGene00005057,2,4,6
WBGene00005058,3,3,6
WBGene00005059,6,8,14
WBGene00005060,1,13,14
WBGene00005061,10,5,15
WBGene00005062,2,6,8
WBGene00005063,2,64,66
WBGene00005064,1,9,10
WBGene00005065,0,6,6
WBGene00005066,0,0,0
WBGene00005067,1,5,6
WBGene00005068,0,4,4
WBGene00005070,1,3,4
WBGene00005071,0,3,3
WBGene00005072,4,86,90
WBGene00005073,2,5,7
WBGene00005076,1,2,3
WBGene00005077,170,1109,1279
WBGene00005078,43,522,565
WBGene00005079,0,28,28
WBGene00005080,0,0,0
WBGene00005081,1,14,15
WBGene00005082,0,6,6
WBGene00005083,3,2,5
WBGene00005085,0,5,5
WBGene00005086,5,3,8
WBGene00005087,0,0,0
WBGene00005088,3,4,7
WBGene00005089,2,7,9
WBGene00005090,4,4,8
WBGene00005091,3,15,18
WBGene00005093,1,16,17
WBGene00005094,2,3,5
WBGene00005095,2,3,5
WBGene00005096,1,7,8
WBGene00005097,1,4,5
WBGene00005098,0,9,9
WBGene00005099,0,0,0
WBGene00005101,8,57,65
WBGene00005103,0,1,1
WBGene00005104,0,0,0
WBGene00005105,0,2,2
WBGene00005106,0,0,0
WBGene00005107,5,59,64
WBGene00005108,0,48,48
WBGene00005109,0,4,4
WBGene00005110,98,160,258
WBGene00005111,3,116,119
WBGene00005112,1,0,1
WBGene00005113,24,93,117
WBGene00005114,0,2,2
WBGene00005116,9,0,9
WBGene00005117,2,2,4
WBGene00005118,0,0,0
WBGene00005119,1,4,5
WBGene00005120,4,11,15
WBGene00005121,2,4,6
WBGene00005122,0,1,1
WBGene00005123,1,4,5
WBGene00005124,0,4,4
WBGene00005125,1,2,3
WBGene00005126,0,9,9
WBGene00005127,15,79,94
WBGene00005128,22,10,32
WBGene00005129,37,106,143
WBGene00005131,26,95,121
WBGene00005132,1,13,14
WBGene00005133,15,45,60
WBGene00005134,0,0,0
WBGene00005135,0,0,0
WBGene00005136,0,0,0
WBGene00005137,0,0,0
WBGene00005138,0,0,0
WBGene00005140,0,2,2
WBGene00005141,4,2,6
WBGene00005142,0,2,2
WBGene00005143,7,2,9
WBGene00005144,4,5,9
WBGene00005145,0,0,0
WBGene00005146,4,2,6
WBGene00005147,14,127,141
WBGene00005148,0,0,0
WBGene00005149,19,33,52
WBGene00005150,60,116,176
WBGene00005153,96,340,436
WBGene00005159,3,2,5
WBGene00005160,1,4,5
WBGene00005161,1,0,1
WBGene00005162,11,30,41
WBGene00005163,0,16,16
WBGene00005164,4,2,6
WBGene00005165,0,18,18
WBGene00005166,0,0,0
WBGene00005167,0,2,2
WBGene00005168,0,4,4
WBGene00005169,2,7,9
WBGene00005170,2,5,7
WBGene00005171,5,8,13
WBGene00005172,0,8,8
WBGene00005173,0,2,2
WBGene00005174,33,89,122
WBGene00005177,1,1,2
WBGene00005178,4,2,6
WBGene00005179,1,2,3
WBGene00005180,3,14,17
WBGene00005181,3,5,8
WBGene00005182,2,11,13
WBGene00005183,2,23,25
WBGene00005184,0,2,2
WBGene00005185,5,1,6
WBGene00005186,3,10,13
WBGene00005187,3,23,26
WBGene00005188,2,4,6
WBGene00005189,9,20,29
WBGene00005190,1,2,3
WBGene00005191,6,7,13
WBGene00005193,1,0,1
WBGene00005194,3,28,31
WBGene00005195,4,15,19
WBGene00005196,0,23,23
WBGene00005197,0,37,37
WBGene00005198,1,3,4
WBGene00005199,0,6,6
WBGene00005201,4,0,4
WBGene00005202,14,6,20
WBGene00005203,0,5,5
WBGene00005204,2,2,4
WBGene00005205,5,28,33
WBGene00005207,0,3,3
WBGene00005208,9,22,31
WBGene00005210,4,23,27
WBGene00005211,2,1,3
WBGene00005212,2,3,5
WBGene00005213,4,15,19
WBGene00005214,1,0,1
WBGene00005215,1,0,1
WBGene00005216,0,1,1
WBGene00005217,0,0,0
WBGene00005218,0,3,3
WBGene00005219,13,18,31
WBGene00005221,2,5,7
WBGene00005222,1,4,5
WBGene00005223,10,1,11
WBGene00005224,1,0,1
WBGene00005225,0,0,0
WBGene00005226,13,35,48
WBGene00005227,0,0,0
WBGene00005228,1045,148,1193
WBGene00005229,2,4,6
WBGene00005230,0,1,1
WBGene00005231,0,6,6
WBGene00005233,1,0,1
WBGene00005234,1,0,1
WBGene00005236,1,9,10
WBGene00005237,0,4,4
WBGene00005240,2,14,16
WBGene00005241,5,9,14
WBGene00005242,8,6,14
WBGene00005243,1,16,17
WBGene00005244,4,0,4
WBGene00005245,1,3,4
WBGene00005246,0,11,11
WBGene00005247,0,2,2
WBGene00005248,0,2,2
WBGene00005249,3,3,6
WBGene00005250,1,3,4
WBGene00005251,15,36,51
WBGene00005253,14,76,90
WBGene00005254,1,0,1
WBGene00005255,0,0,0
WBGene00005256,1,0,1
WBGene00005257,4,15,19
WBGene00005258,2,13,15
WBGene00005259,0,0,0
WBGene00005260,1,0,1
WBGene00005261,4,9,13
WBGene00005262,8,11,19
WBGene00005263,2,2,4
WBGene00005264,0,3,3
WBGene00005265,0,3,3
WBGene00005267,3,10,13
WBGene00005268,2,4,6
WBGene00005269,5,37,42
WBGene00005270,1,6,7
WBGene00005271,14,12,26
WBGene00005272,1,9,10
WBGene00005273,1,4,5
WBGene00005274,0,4,4
WBGene00005275,0,1,1
WBGene00005278,0,0,0
WBGene00005279,0,7,7
WBGene00005280,0,0,0
WBGene00005281,1,1,2
WBGene00005282,1,0,1
WBGene00005283,2,14,16
WBGene00005284,1,0,1
WBGene00005285,0,0,0
WBGene00005288,0,6,6
WBGene00005289,0,19,19
WBGene00005290,1,21,22
WBGene00005291,0,1,1
WBGene00005292,3,47,50
WBGene00005293,0,7,7
WBGene00005294,0,0,0
WBGene00005295,0,0,0
WBGene00005296,2,8,10
WBGene00005297,1,5,6
WBGene00005299,24,63,87
WBGene00005300,0,2,2
WBGene00005301,4,1,5
WBGene00005303,3,2,5
WBGene00005304,0,0,0
WBGene00005306,4,4,8
WBGene00005308,1,0,1
WBGene00005309,1,6,7
WBGene00005310,0,4,4
WBGene00005313,0,0,0
WBGene00005315,3,0,3
WBGene00005316,7,1,8
WBGene00005317,0,12,12
WBGene00005318,3,5,8
WBGene00005319,2,0,2
WBGene00005321,1,1,2
WBGene00005323,0,0,0
WBGene00005324,33,9,42
WBGene00005328,1,1,2
WBGene00005330,0,0,0
WBGene00005331,0,0,0
WBGene00005332,0,4,4
WBGene00005334,1,1,2
WBGene00005335,0,0,0
WBGene00005337,1,1,2
WBGene00005338,0,3,3
WBGene00005339,2,7,9
WBGene00005340,0,0,0
WBGene00005341,1,1,2
WBGene00005342,0,20,20
WBGene00005344,16,30,46
WBGene00005345,5,8,13
WBGene00005346,0,8,8
WBGene00005347,2,17,19
WBGene00005348,0,1,1
WBGene00005349,0,1,1
WBGene00005350,0,1,1
WBGene00005351,3,3,6
WBGene00005352,2,1,3
WBGene00005353,3,14,17
WBGene00005354,0,4,4
WBGene00005355,1,2,3
WBGene00005356,0,0,0
WBGene00005357,0,0,0
WBGene00005358,2,0,2
WBGene00005359,1,3,4
WBGene00005361,0,0,0
WBGene00005362,2,8,10
WBGene00005363,2,6,8
WBGene00005364,1,2,3
WBGene00005365,0,0,0
WBGene00005370,1,3,4
WBGene00005375,0,1,1
WBGene00005382,1,1,2
WBGene00005383,0,10,10
WBGene00005385,2,6,8
WBGene00005386,8,3,11
WBGene00005387,11,11,22
WBGene00005388,2,3,5
WBGene00005389,0,1,1
WBGene00005390,0,2,2
WBGene00005392,0,0,0
WBGene00005393,2,9,11
WBGene00005394,0,1,1
WBGene00005395,0,0,0
WBGene00005396,5,0,5
WBGene00005397,0,1,1
WBGene00005398,13,0,13
WBGene00005399,0,4,4
WBGene00005400,0,0,0
WBGene00005401,0,2,2
WBGene00005402,0,6,6
WBGene00005404,1,1,2
WBGene00005405,30,30,60
WBGene00005406,0,3,3
WBGene00005407,0,1,1
WBGene00005408,2,1,3
WBGene00005410,6,4,10
WBGene00005411,0,15,15
WBGene00005412,0,2,2
WBGene00005414,0,3,3
WBGene00005415,0,6,6
WBGene00005416,0,3,3
WBGene00005417,0,7,7
WBGene00005418,0,0,0
WBGene00005419,0,1,1
WBGene00005421,1,4,5
WBGene00005422,0,16,16
WBGene00005423,2,2,4
WBGene00005424,0,1,1
WBGene00005425,1,1,2
WBGene00005426,1,1,2
WBGene00005427,0,4,4
WBGene00005428,4,2,6
WBGene00005429,0,2,2
WBGene00005430,0,0,0
WBGene00005432,0,9,9
WBGene00005433,2,1,3
WBGene00005435,0,0,0
WBGene00005436,0,0,0
WBGene00005437,1,7,8
WBGene00005439,0,2,2
WBGene00005440,2,2,4
WBGene00005441,1,0,1
WBGene00005442,0,0,0
WBGene00005443,0,3,3
WBGene00005444,0,7,7
WBGene00005446,0,0,0
WBGene00005447,3,3,6
WBGene00005448,1,3,4
WBGene00005449,0,0,0
WBGene00005450,0,1,1
WBGene00005451,0,0,0
WBGene00005452,0,1,1
WBGene00005453,0,0,0
WBGene00005454,0,0,0
WBGene00005456,0,0,0
WBGene00005457,1,0,1
WBGene00005458,0,2,2
WBGene00005461,0,2,2
WBGene00005463,9,0,9
WBGene00005464,0,1,1
WBGene00005470,1,2,3
WBGene00005471,0,0,0
WBGene00005472,2,5,7
WBGene00005474,0,9,9
WBGene00005475,11,8,19
WBGene00005476,0,1,1
WBGene00005477,5,16,21
WBGene00005478,0,0,0
WBGene00005479,0,4,4
WBGene00005480,0,1,1
WBGene00005481,1,22,23
WBGene00005482,0,14,14
WBGene00005484,0,7,7
WBGene00005486,0,8,8
WBGene00005487,0,2,2
WBGene00005488,1,3,4
WBGene00005489,6,0,6
WBGene00005490,1,3,4
WBGene00005491,0,1,1
WBGene00005492,0,1,1
WBGene00005493,0,2,2
WBGene00005494,2,0,2
WBGene00005495,4,0,4
WBGene00005496,0,1,1
WBGene00005497,0,0,0
WBGene00005499,1,1,2
WBGene00005500,2,12,14
WBGene00005501,0,0,0
WBGene00005502,0,0,0
WBGene00005503,0,0,0
WBGene00005504,0,0,0
WBGene00005505,2,0,2
WBGene00005507,0,2,2
WBGene00005508,0,0,0
WBGene00005509,0,0,0
WBGene00005512,0,0,0
WBGene00005513,0,4,4
WBGene00005514,2,16,18
WBGene00005516,4,5,9
WBGene00005517,6,7,13
WBGene00005518,22,39,61
WBGene00005519,2,2,4
WBGene00005521,2,2,4
WBGene00005522,3,5,8
WBGene00005523,0,84,84
WBGene00005524,1,0,1
WBGene00005525,0,0,0
WBGene00005526,0,0,0
WBGene00005527,9,2,11
WBGene00005528,10,36,46
WBGene00005529,21,5,26
WBGene00005530,23,25,48
WBGene00005531,81,106,187
WBGene00005532,4,26,30
WBGene00005533,1,8,9
WBGene00005536,0,0,0
WBGene00005537,2,0,2
WBGene00005538,0,2,2
WBGene00005539,1,0,1
WBGene00005540,0,1,1
WBGene00005541,3,1,4
WBGene00005542,3,12,15
WBGene00005543,4,6,10
WBGene00005544,1,2,3
WBGene00005545,1,1,2
WBGene00005546,0,0,0
WBGene00005548,4,0,4
WBGene00005549,2,0,2
WBGene00005550,1,7,8
WBGene00005551,3,3,6
WBGene00005552,16,47,63
WBGene00005554,1,2,3
WBGene00005555,0,0,0
WBGene00005557,6,9,15
WBGene00005558,1,9,10
WBGene00005559,4,12,16
WBGene00005560,12,35,47
WBGene00005562,0,1,1
WBGene00005563,1,4,5
WBGene00005565,1,0,1
WBGene00005566,2,1,3
WBGene00005569,1,2,3
WBGene00005572,1,3,4
WBGene00005573,2,2,4
WBGene00005574,0,11,11
WBGene00005575,2,24,26
WBGene00005577,0,1,1
WBGene00005578,1,0,1
WBGene00005579,18,0,18
WBGene00005581,0,1,1
WBGene00005582,0,0,0
WBGene00005583,1,1,2
WBGene00005584,2,1,3
WBGene00005585,1,9,10
WBGene00005586,0,6,6
WBGene00005589,4,5,9
WBGene00005590,0,1,1
WBGene00005591,41,33,74
WBGene00005592,0,11,11
WBGene00005593,1,0,1
WBGene00005594,0,1,1
WBGene00005595,0,4,4
WBGene00005596,0,0,0
WBGene00005597,0,2,2
WBGene00005598,0,3,3
WBGene00005599,0,0,0
WBGene00005601,0,0,0
WBGene00005602,33,661,694
WBGene00005603,7,21,28
WBGene00005604,4,2,6
WBGene00005606,5,13,18
WBGene00005607,3,6,9
WBGene00005608,0,1,1
WBGene00005609,1,12,13
WBGene00005610,1,3,4
WBGene00005611,16,33,49
WBGene00005612,42,2,44
WBGene00005613,40,5,45
WBGene00005614,0,0,0
WBGene00005615,1,2,3
WBGene00005616,0,0,0
WBGene00005617,1,0,1
WBGene00005618,4,0,4
WBGene00005621,2,0,2
WBGene00005622,6,10,16
WBGene00005623,0,0,0
WBGene00005624,2,1,3
WBGene00005625,1,1,2
WBGene00005626,0,0,0
WBGene00005627,0,0,0
WBGene00005628,0,0,0
WBGene00005629,2,1,3
WBGene00005631,0,0,0
WBGene00005632,0,0,0
WBGene00005633,0,0,0
WBGene00005634,2,0,2
WBGene00005635,1,1,2
WBGene00005638,0,10,10
WBGene00005639,0,3,3
WBGene00005640,1,6,7
WBGene00005641,8,77,85
WBGene00005642,14,130,144
WBGene00005643,3,38,41
WBGene00005644,161,1590,1751
WBGene00005647,45,831,876
WBGene00005648,374,3097,3471
WBGene00005649,26,29,55
WBGene00005652,49,522,571
WBGene00005653,11,111,122
WBGene00005654,24,357,381
WBGene00005655,86,1425,1511
WBGene00005657,7,255,262
WBGene00005658,0,1,1
WBGene00005659,1,7,8
WBGene00005660,1,14,15
WBGene00005661,3,54,57
WBGene00005662,163,2239,2402
WBGene00005663,1090,13597,14687
WBGene00005664,0,21,21
WBGene00005665,0,5,5
WBGene00005666,0,2,2
WBGene00005667,1,1,2
WBGene00005669,1,3,4
WBGene00005670,12,35,47
WBGene00005671,2,128,130
WBGene00005672,1,1,2
WBGene00005674,1,0,1
WBGene00005675,1,5,6
WBGene00005676,1,9,10
WBGene00005678,1,1,2
WBGene00005679,2,4,6
WBGene00005680,1,2,3
WBGene00005681,0,0,0
WBGene00005682,0,2,2
WBGene00005683,1,15,16
WBGene00005684,3,2,5
WBGene00005685,0,5,5
WBGene00005686,1,10,11
WBGene00005687,0,10,10
WBGene00005688,0,0,0
WBGene00005689,3,13,16
WBGene00005690,2,16,18
WBGene00005691,1,10,11
WBGene00005692,0,13,13
WBGene00005693,1,1,2
WBGene00005694,0,1,1
WBGene00005696,2,9,11
WBGene00005698,2,4,6
WBGene00005699,1,2,3
WBGene00005700,0,5,5
WBGene00005701,1,3,4
WBGene00005702,2,34,36
WBGene00005703,0,36,36
WBGene00005705,3,20,23
WBGene00005707,0,2,2
WBGene00005708,1,0,1
WBGene00005710,27,27,54
WBGene00005711,0,10,10
WBGene00005712,6,135,141
WBGene00005713,3,22,25
WBGene00005714,1,1,2
WBGene00005715,31,9,40
WBGene00005716,5,14,19
WBGene00005717,4,55,59
WBGene00005718,14,94,108
WBGene00005719,16,40,56
WBGene00005720,3,0,3
WBGene00005721,18,7,25
WBGene00005722,6,0,6
WBGene00005723,6,2,8
WBGene00005724,22,11,33
WBGene00005725,6,18,24
WBGene00005726,16,20,36
WBGene00005727,7,2,9
WBGene00005728,0,0,0
WBGene00005730,0,0,0
WBGene00005732,0,0,0
WBGene00005733,0,0,0
WBGene00005735,10,11,21
WBGene00005736,13,20,33
WBGene00005737,3,1,4
WBGene00005738,0,6,6
WBGene00005739,18,32,50
WBGene00005740,0,0,0
WBGene00005741,3,0,3
WBGene00005742,0,10,10
WBGene00005743,2,7,9
WBGene00005744,0,0,0
WBGene00005745,4,5,9
WBGene00005748,3,21,24
WBGene00005749,0,0,0
WBGene00005750,0,1,1
WBGene00005751,1,5,6
WBGene00005753,8,6,14
WBGene00005754,2,8,10
WBGene00005755,2,6,8
WBGene00005756,1,3,4
WBGene00005757,1,19,20
WBGene00005758,0,10,10
WBGene00005759,2,171,173
WBGene00005760,0,0,0
WBGene00005761,0,0,0
WBGene00005762,0,0,0
WBGene00005763,0,8,8
WBGene00005764,0,8,8
WBGene00005766,0,0,0
WBGene00005767,0,0,0
WBGene00005768,0,1,1
WBGene00005769,0,0,0
WBGene00005770,0,1,1
WBGene00005771,0,2,2
WBGene00005773,0,1,1
WBGene00005776,0,0,0
WBGene00005777,0,0,0
WBGene00005778,2,2,4
WBGene00005779,0,0,0
WBGene00005780,0,2,2
WBGene00005781,0,0,0
WBGene00005782,1,2,3
WBGene00005783,1,0,1
WBGene00005785,1,0,1
WBGene00005786,8,0,8
WBGene00005787,0,0,0
WBGene00005788,0,0,0
WBGene00005789,0,1,1
WBGene00005790,0,0,0
WBGene00005791,0,1,1
WBGene00005795,0,0,0
WBGene00005798,0,1,1
WBGene00005800,2,1,3
WBGene00005801,0,1,1
WBGene00005802,0,0,0
WBGene00005803,0,0,0
WBGene00005804,0,0,0
WBGene00005806,0,1,1
WBGene00005807,2,0,2
WBGene00005808,0,3,3
WBGene00005809,0,1,1
WBGene00005810,2,16,18
WBGene00005812,1,0,1
WBGene00005813,0,2,2
WBGene00005814,3,4,7
WBGene00005815,434,1994,2428
WBGene00005816,273,578,851
WBGene00005818,246,1073,1319
WBGene00005819,0,0,0
WBGene00005820,7,6,13
WBGene00005822,0,1,1
WBGene00005823,0,0,0
WBGene00005824,0,0,0
WBGene00005826,0,1,1
WBGene00005829,1,2,3
WBGene00005830,0,2,2
WBGene00005831,0,2,2
WBGene00005832,134,1319,1453
WBGene00005833,7,134,141
WBGene00005834,1,15,16
WBGene00005835,1,3,4
WBGene00005836,0,1,1
WBGene00005837,0,6,6
WBGene00005838,3,8,11
WBGene00005841,8,7,15
WBGene00005842,0,3,3
WBGene00005844,1,2,3
WBGene00005845,4,6,10
WBGene00005846,0,1,1
WBGene00005847,4,1,5
WBGene00005848,5,1,6
WBGene00005849,0,2,2
WBGene00005850,2,8,10
WBGene00005854,2,1,3
WBGene00005855,0,1,1
WBGene00005856,1,0,1
WBGene00005858,3,0,3
WBGene00005859,0,2,2
WBGene00005860,0,0,0
WBGene00005862,0,0,0
WBGene00005864,0,0,0
WBGene00005865,2,1,3
WBGene00005866,0,0,0
WBGene00005867,0,1,1
WBGene00005868,0,0,0
WBGene00005869,2,0,2
WBGene00005870,1,1,2
WBGene00005871,0,0,0
WBGene00005874,0,0,0
WBGene00005876,0,3,3
WBGene00005877,3,0,3
WBGene00005880,0,0,0
WBGene00005881,1,1,2
WBGene00005882,0,0,0
WBGene00005883,1,0,1
WBGene00005884,0,0,0
WBGene00005885,0,0,0
WBGene00005886,0,2,2
WBGene00005887,4,11,15
WBGene00005888,0,0,0
WBGene00005889,0,0,0
WBGene00005890,0,0,0
WBGene00005891,1,1,2
WBGene00005892,1,10,11
WBGene00005893,12,97,109
WBGene00005894,2,4,6
WBGene00005895,0,0,0
WBGene00005896,0,0,0
WBGene00005897,0,0,0
WBGene00005898,7,11,18
WBGene00005899,2,0,2
WBGene00005900,4,2,6
WBGene00005901,1,1,2
WBGene00005903,5,15,20
WBGene00005904,7,2,9
WBGene00005905,13,8,21
WBGene00005907,1,0,1
WBGene00005908,0,10,10
WBGene00005909,7,9,16
WBGene00005910,5,24,29
WBGene00005911,1,1,2
WBGene00005912,0,0,0
WBGene00005913,2,0,2
WBGene00005914,0,3,3
WBGene00005915,1,1,2
WBGene00005917,0,0,0
WBGene00005919,3,0,3
WBGene00005920,2,0,2
WBGene00005922,0,0,0
WBGene00005923,0,0,0
WBGene00005924,2,2,4
WBGene00005925,3,14,17
WBGene00005926,10,20,30
WBGene00005927,5,4,9
WBGene00005929,5,17,22
WBGene00005930,1,0,1
WBGene00005931,3,56,59
WBGene00005932,23,20,43
WBGene00005933,0,3,3
WBGene00005934,0,20,20
WBGene00005935,6,6,12
WBGene00005936,35,282,317
WBGene00005937,5,43,48
WBGene00005938,44,93,137
WBGene00005939,4,1,5
WBGene00005941,22,14,36
WBGene00005942,1,0,1
WBGene00005944,0,0,0
WBGene00005945,1,0,1
WBGene00005946,0,0,0
WBGene00005947,8,49,57
WBGene00005949,2,91,93
WBGene00005950,0,3,3
WBGene00005951,1,0,1
WBGene00005953,0,1,1
WBGene00005954,0,0,0
WBGene00005955,0,3,3
WBGene00005956,0,0,0
WBGene00005957,1,0,1
WBGene00005958,1,9,10
WBGene00005959,6,47,53
WBGene00005964,4,12,16
WBGene00005965,260,4,264
WBGene00005967,78,191,269
WBGene00005968,1,4,5
WBGene00005969,3,2,5
WBGene00005971,1,5,6
WBGene00005973,10,0,10
WBGene00005975,10,29,39
WBGene00005976,7,19,26
WBGene00005977,2,11,13
WBGene00005978,1,1,2
WBGene00005979,9,3,12
WBGene00005980,5,1,6
WBGene00005981,4,7,11
WBGene00005983,2,0,2
WBGene00005984,0,0,0
WBGene00005986,1,2,3
WBGene00005987,13,10,23
WBGene00005988,2,11,13
WBGene00005989,0,2,2
WBGene00005992,0,0,0
WBGene00005993,2,1,3
WBGene00005995,1,0,1
WBGene00005996,0,3,3
WBGene00005999,1,4,5
WBGene00006001,1,1,2
WBGene00006002,2,17,19
WBGene00006003,1,3,4
WBGene00006004,0,4,4
WBGene00006005,2,10,12
WBGene00006006,2,14,16
WBGene00006007,0,4,4
WBGene00006008,2,10,12
WBGene00006009,1,1,2
WBGene00006010,0,1,1
WBGene00006011,0,0,0
WBGene00006012,1,3,4
WBGene00006013,1,0,1
WBGene00006016,3,92,95
WBGene00006019,2,6,8
WBGene00006020,4,23,27
WBGene00006021,2,0,2
WBGene00006022,0,0,0
WBGene00006024,1,3,4
WBGene00006025,0,10,10
WBGene00006026,4,18,22
WBGene00006027,1,0,1
WBGene00006028,4,9,13
WBGene00006038,0,1,1
WBGene00006039,0,3,3
WBGene00006040,0,0,0
WBGene00006044,0,8,8
WBGene00006047,0,0,0
WBGene00006048,0,0,0
WBGene00006049,0,2,2
WBGene00006050,46,787,833
WBGene00006051,4,22,26
WBGene00006052,0,1,1
WBGene00006053,0,0,0
WBGene00006055,66,396,462
WBGene00006056,7,17,24
WBGene00006058,0,4,4
WBGene00006059,217,2450,2667
WBGene00006060,0,0,0
WBGene00006061,50,3704,3754
WBGene00006062,585,2834,3419
WBGene00006063,15,599,614
WBGene00006064,158,402,560
WBGene00006065,4,23,27
WBGene00006066,91,2875,2966
WBGene00006067,343,3188,3531
WBGene00006068,37,357,394
WBGene00006069,3,7,10
WBGene00006070,0,0,0
WBGene00006071,8,1,9
WBGene00006072,0,10,10
WBGene00006073,0,0,0
WBGene00006074,0,0,0
WBGene00006075,27,222,249
WBGene00006076,0,2,2
WBGene00006077,4,11,15
WBGene00006078,0,1,1
WBGene00006080,1,2,3
WBGene00006081,0,1,1
WBGene00006082,3,0,3
WBGene00006083,6,4,10
WBGene00006084,1,0,1
WBGene00006085,0,3,3
WBGene00006086,0,4,4
WBGene00006087,1,2,3
WBGene00006090,0,0,0
WBGene00006092,0,0,0
WBGene00006093,0,3,3
WBGene00006094,0,1,1
WBGene00006096,3,26,29
WBGene00006097,0,3,3
WBGene00006098,3,3,6
WBGene00006099,0,0,0
WBGene00006101,41,1,42
WBGene00006102,0,3,3
WBGene00006103,3,5,8
WBGene00006104,0,0,0
WBGene00006105,0,1,1
WBGene00006106,0,0,0
WBGene00006108,0,0,0
WBGene00006109,1,6,7
WBGene00006110,0,18,18
WBGene00006111,2,0,2
WBGene00006112,1,2,3
WBGene00006113,8,24,32
WBGene00006117,0,1,1
WBGene00006120,1,1,2
WBGene00006121,0,1,1
WBGene00006122,1,3,4
WBGene00006124,1,3,4
WBGene00006125,0,0,0
WBGene00006126,0,1,1
WBGene00006127,0,4,4
WBGene00006128,1,5,6
WBGene00006129,11,3,14
WBGene00006130,8,10,18
WBGene00006131,0,0,0
WBGene00006133,2,0,2
WBGene00006134,3,2,5
WBGene00006135,2,19,21
WBGene00006136,0,0,0
WBGene00006137,1,1,2
WBGene00006138,5,11,16
WBGene00006139,3,16,19
WBGene00006140,78,8,86
WBGene00006141,1,0,1
WBGene00006142,2,1,3
WBGene00006143,0,14,14
WBGene00006144,0,0,0
WBGene00006145,0,1,1
WBGene00006146,0,4,4
WBGene00006147,1,1,2
WBGene00006148,1,3,4
WBGene00006149,1,8,9
WBGene00006150,1,5,6
WBGene00006151,0,3,3
WBGene00006152,4,8,12
WBGene00006153,0,5,5
WBGene00006154,8,15,23
WBGene00006155,0,9,9
WBGene00006156,0,0,0
WBGene00006157,4,10,14
WBGene00006158,0,0,0
WBGene00006159,0,1,1
WBGene00006160,0,1,1
WBGene00006161,0,5,5
WBGene00006162,1,5,6
WBGene00006163,32,27,59
WBGene00006164,3,9,12
WBGene00006165,1,2,3
WBGene00006166,0,0,0
WBGene00006167,0,5,5
WBGene00006169,16,26,42
WBGene00006170,0,0,0
WBGene00006171,0,0,0
WBGene00006172,15,7,22
WBGene00006173,1,0,1
WBGene00006174,0,0,0
WBGene00006175,0,0,0
WBGene00006176,1,19,20
WBGene00006178,0,3,3
WBGene00006179,0,6,6
WBGene00006180,1,30,31
WBGene00006182,1,12,13
WBGene00006183,1,1,2
WBGene00006184,2,0,2
WBGene00006186,1,0,1
WBGene00006187,1,3,4
WBGene00006188,5,6,11
WBGene00006189,6,5,11
WBGene00006190,0,0,0
WBGene00006191,0,11,11
WBGene00006192,1,1,2
WBGene00006193,3,9,12
WBGene00006195,0,33,33
WBGene00006196,1,0,1
WBGene00006197,3,1,4
WBGene00006198,13,62,75
WBGene00006199,3,3,6
WBGene00006200,0,0,0
WBGene00006201,3,8,11
WBGene00006202,2,2,4
WBGene00006203,2,0,2
WBGene00006204,0,0,0
WBGene00006205,2,6,8
WBGene00006206,0,0,0
WBGene00006207,11,28,39
WBGene00006208,11,8,19
WBGene00006209,0,12,12
WBGene00006210,23,14,37
WBGene00006211,10,37,47
WBGene00006212,1,17,18
WBGene00006213,3,3,6
WBGene00006214,30,3,33
WBGene00006215,0,3,3
WBGene00006216,2,0,2
WBGene00006217,3,8,11
WBGene00006218,8,28,36
WBGene00006219,8,0,8
WBGene00006220,23,122,145
WBGene00006221,0,1,1
WBGene00006222,1,1,2
WBGene00006224,0,0,0
WBGene00006225,1,0,1
WBGene00006226,1,9,10
WBGene00006228,1,3,4
WBGene00006229,0,6,6
WBGene00006230,0,1,1
WBGene00006231,0,1,1
WBGene00006232,0,0,0
WBGene00006233,7,4,11
WBGene00006234,1,1,2
WBGene00006235,1,1,2
WBGene00006236,0,0,0
WBGene00006237,4,26,30
WBGene00006238,0,0,0
WBGene00006239,4,6,10
WBGene00006240,0,0,0
WBGene00006241,1,11,12
WBGene00006242,0,2,2
WBGene00006244,0,3,3
WBGene00006247,0,0,0
WBGene00006249,1,2,3
WBGene00006251,3,2,5
WBGene00006252,1,0,1
WBGene00006253,5,0,5
WBGene00006255,14,16,30
WBGene00006256,0,12,12
WBGene00006257,0,0,0
WBGene00006258,1,4,5
WBGene00006259,0,0,0
WBGene00006260,0,1,1
WBGene00006261,2,0,2
WBGene00006262,0,0,0
WBGene00006263,0,2,2
WBGene00006264,1,1,2
WBGene00006265,1,0,1
WBGene00006266,122,0,122
WBGene00006268,0,6,6
WBGene00006270,1,3,4
WBGene00006271,0,0,0
WBGene00006272,4,25,29
WBGene00006273,3,1,4
WBGene00006274,1,0,1
WBGene00006275,0,0,0
WBGene00006276,0,2,2
WBGene00006277,0,2,2
WBGene00006278,6,3,9
WBGene00006279,3,17,20
WBGene00006280,4,6,10
WBGene00006281,2,1,3
WBGene00006282,0,0,0
WBGene00006283,0,0,0
WBGene00006284,0,0,0
WBGene00006286,4,6,10
WBGene00006287,4,16,20
WBGene00006288,10,31,41
WBGene00006289,0,0,0
WBGene00006306,329,1255,1584
WBGene00006307,129,3328,3457
WBGene00006308,44,295,339
WBGene00006309,30,794,824
WBGene00006310,61,151,212
WBGene00006311,11,275,286
WBGene00006318,213,2147,2360
WBGene00006319,47,1108,1155
WBGene00006321,345,7764,8109
WBGene00006324,38,1373,1411
WBGene00006331,231,12216,12447
WBGene00006342,682,4069,4751
WBGene00006349,247,1324,1571
WBGene00006351,48,2001,2049
WBGene00006352,108,3090,3198
WBGene00006353,25,591,616
WBGene00006359,88,2601,2689
WBGene00006363,84,296,380
WBGene00006364,363,2022,2385
WBGene00006365,106,1092,1198
WBGene00006366,96,4184,4280
WBGene00006367,128,2334,2462
WBGene00006368,55,700,755
WBGene00006369,42,1346,1388
WBGene00006371,81,870,951
WBGene00006372,54,923,977
WBGene00006373,170,2606,2776
WBGene00006374,15,160,175
WBGene00006375,8,434,442
WBGene00006376,9,355,364
WBGene00006377,51,1278,1329
WBGene00006379,69,1198,1267
WBGene00006380,10,213,223
WBGene00006381,96,4535,4631
WBGene00006382,865,3516,4381
WBGene00006383,85,542,627
WBGene00006384,211,1224,1435
WBGene00006385,792,1947,2739
WBGene00006386,161,1058,1219
WBGene00006387,35,438,473
WBGene00006388,22,137,159
WBGene00006389,23,625,648
WBGene00006390,54,705,759
WBGene00006391,44,530,574
WBGene00006392,185,2242,2427
WBGene00006393,25,789,814
WBGene00006394,36,282,318
WBGene00006395,16,236,252
WBGene00006396,434,1874,2308
WBGene00006397,29,801,830
WBGene00006399,7,4,11
WBGene00006402,70,789,859
WBGene00006404,128,1242,1370
WBGene00006405,367,2872,3239
WBGene00006406,264,3723,3987
WBGene00006407,1126,6300,7426
WBGene00006408,2546,32475,35021
WBGene00006409,1,2,3
WBGene00006410,115,2282,2397
WBGene00006411,8,73,81
WBGene00006412,278,1846,2124
WBGene00006414,5,1202,1207
WBGene00006415,202,2471,2673
WBGene00006416,0,13,13
WBGene00006418,0,52,52
WBGene00006419,3,1,4
WBGene00006423,1193,16113,17306
WBGene00006424,224,905,1129
WBGene00006428,73,102,175
WBGene00006429,4,44,48
WBGene00006430,95,629,724
WBGene00006431,33,560,593
WBGene00006432,119,1423,1542
WBGene00006433,796,18743,19539
WBGene00006434,368,38207,38575
WBGene00006435,10,31,41
WBGene00006436,4396,181387,185783
WBGene00006437,218,5356,5574
WBGene00006438,221,2867,3088
WBGene00006439,361,688723,689084
WBGene00006440,110,626,736
WBGene00006441,53,222,275
WBGene00006442,288,2638,2926
WBGene00006443,24,747,771
WBGene00006444,43,1512,1555
WBGene00006445,41,594,635
WBGene00006446,21,460,481
WBGene00006447,20,1765,1785
WBGene00006448,38,689,727
WBGene00006449,1,3,4
WBGene00006450,381,1708,2089
WBGene00006452,2591,25354,27945
WBGene00006454,11,51,62
WBGene00006459,30,751,781
WBGene00006460,184,6928,7112
WBGene00006461,44,248,292
WBGene00006462,248,1516,1764
WBGene00006463,63,638,701
WBGene00006464,1,30,31
WBGene00006465,57,2753,2810
WBGene00006466,131,591,722
WBGene00006467,39,1130,1169
WBGene00006468,28,465,493
WBGene00006470,16,1475,1491
WBGene00006471,0,1,1
WBGene00006472,68,2040,2108
WBGene00006473,20,1077,1097
WBGene00006474,29,2218,2247
WBGene00006475,37,262,299
WBGene00006476,323,1189,1512
WBGene00006477,107,272,379
WBGene00006478,208,2161,2369
WBGene00006479,170,2218,2388
WBGene00006481,439,3309,3748
WBGene00006483,350,2438,2788
WBGene00006484,2,0,2
WBGene00006486,42,212,254
WBGene00006487,4,46,50
WBGene00006488,0,0,0
WBGene00006489,75,2995,3070
WBGene00006490,221,1112,1333
WBGene00006491,9,962,971
WBGene00006492,99,566,665
WBGene00006493,110,1305,1415
WBGene00006494,14,3069,3083
WBGene00006495,843,6162,7005
WBGene00006496,457,1244,1701
WBGene00006497,252,5320,5572
WBGene00006498,254,2209,2463
WBGene00006499,90,1662,1752
WBGene00006503,46,1321,1367
WBGene00006504,50,940,990
WBGene00006505,113,421,534
WBGene00006508,1601,5286,6887
WBGene00006509,0,3,3
WBGene00006510,507,2826,3333
WBGene00006512,219,9205,9424
WBGene00006513,245,1311,1556
WBGene00006514,28,1756,1784
WBGene00006515,74,5300,5374
WBGene00006516,26,801,827
WBGene00006517,315,3168,3483
WBGene00006518,14,4953,4967
WBGene00006519,4539,51296,55835
WBGene00006520,0,461,461
WBGene00006522,28,125,153
WBGene00006523,134,1991,2125
WBGene00006524,75,1506,1581
WBGene00006525,16,241,257
WBGene00006526,5,100,105
WBGene00006527,847,7603,8450
WBGene00006528,106,44374,44480
WBGene00006529,3062,45992,49054
WBGene00006530,33,407,440
WBGene00006531,9,79,88
WBGene00006532,11,25,36
WBGene00006533,25,163,188
WBGene00006534,765,5908,6673
WBGene00006535,203,1307,1510
WBGene00006536,12,26467,26479
WBGene00006537,745,59736,60481
WBGene00006538,18,408,426
WBGene00006539,1,8,9
WBGene00006540,25,1167,1192
WBGene00006541,37,246,283
WBGene00006542,24,847,871
WBGene00006543,131,2087,2218
WBGene00006544,11,7,18
WBGene00006545,0,15,15
WBGene00006546,5,5,10
WBGene00006547,0,17,17
WBGene00006549,0,0,0
WBGene00006550,0,1,1
WBGene00006551,0,57977,57977
WBGene00006552,5,6,11
WBGene00006553,0,1,1
WBGene00006554,0,0,0
WBGene00006555,21,132,153
WBGene00006556,1,0,1
WBGene00006557,18,1,19
WBGene00006558,0,0,0
WBGene00006559,0,1,1
WBGene00006560,1,1,2
WBGene00006561,220,2089,2309
WBGene00006562,67,643,710
WBGene00006563,175,1233,1408
WBGene00006565,89,6017,6106
WBGene00006566,92,1483,1575
WBGene00006567,27,1383,1410
WBGene00006568,16,799,815
WBGene00006570,93,2038,2131
WBGene00006571,175,1708,1883
WBGene00006572,703,6674,7377
WBGene00006573,207,2626,2833
WBGene00006574,250,16525,16775
WBGene00006575,503,1698,2201
WBGene00006576,38,176,214
WBGene00006577,247,2204,2451
WBGene00006578,165,1493,1658
WBGene00006579,354,4705,5059
WBGene00006580,118,1128,1246
WBGene00006582,208,2608,2816
WBGene00006583,312,11581,11893
WBGene00006584,2809,56014,58823
WBGene00006585,438,17567,18005
WBGene00006586,132,6454,6586
WBGene00006587,1760,43962,45722
WBGene00006588,1424,21265,22689
WBGene00006589,195,3894,4089
WBGene00006590,44,1489,1533
WBGene00006591,188,338,526
WBGene00006592,58,689,747
WBGene00006593,727,2141,2868
WBGene00006594,575,2414,2989
WBGene00006595,300,10194,10494
WBGene00006596,173,365,538
WBGene00006597,168,329,497
WBGene00006598,0,72,72
WBGene00006599,619,1509,2128
WBGene00006600,3,86,89
WBGene00006601,156,27382,27538
WBGene00006602,394,2867,3261
WBGene00006603,1799,9571,11370
WBGene00006604,427,1789,2216
WBGene00006605,126,1004,1130
WBGene00006606,49,427,476
WBGene00006607,297,3135,3432
WBGene00006608,64,815,879
WBGene00006609,32,322,354
WBGene00006610,24,75,99
WBGene00006611,1,169,170
WBGene00006612,4,19,23
WBGene00006613,394,4942,5336
WBGene00006614,195,515,710
WBGene00006615,346,485,831
WBGene00006616,48,72,120
WBGene00006617,205,10335,10540
WBGene00006618,95,509,604
WBGene00006619,1,18,19
WBGene00006620,83,216,299
WBGene00006621,33,22,55
WBGene00006622,3,4,7
WBGene00006623,94,112,206
WBGene00006624,267,746,1013
WBGene00006625,3,7,10
WBGene00006626,37,9975,10012
WBGene00006627,16,288,304
WBGene00006628,8,185,193
WBGene00006629,13,182,195
WBGene00006630,4,5,9
WBGene00006631,1,2,3
WBGene00006632,64,60,124
WBGene00006633,176,1573,1749
WBGene00006634,1820,21281,23101
WBGene00006635,6,417,423
WBGene00006636,15,120,135
WBGene00006637,43,839,882
WBGene00006638,24,943,967
WBGene00006639,21,44,65
WBGene00006640,129,1353,1482
WBGene00006641,28,729,757
WBGene00006642,25,449,474
WBGene00006643,61,1382,1443
WBGene00006644,1,9,10
WBGene00006645,35,81,116
WBGene00006646,8,182,190
WBGene00006647,174,1250,1424
WBGene00006648,618,1542,2160
WBGene00006649,206,3126,3332
WBGene00006652,128,530,658
WBGene00006654,3,76,79
WBGene00006655,12,176,188
WBGene00006656,34,136,170
WBGene00006657,172,245,417
WBGene00006658,11,90,101
WBGene00006659,10,6,16
WBGene00006660,15,312,327
WBGene00006661,4,2,6
WBGene00006662,127,645,772
WBGene00006663,1017,9265,10282
WBGene00006664,25,185,210
WBGene00006665,24,59,83
WBGene00006666,11,180,191
WBGene00006667,214,1549,1763
WBGene00006668,572,871,1443
WBGene00006669,43,101,144
WBGene00006670,7,49,56
WBGene00006671,120,692,812
WBGene00006672,270,12594,12864
WBGene00006673,23,130,153
WBGene00006674,13,42,55
WBGene00006675,11,104,115
WBGene00006676,14,95,109
WBGene00006677,51,997,1048
WBGene00006678,14,204,218
WBGene00006679,14,58,72
WBGene00006680,93,517,610
WBGene00006681,77,587,664
WBGene00006682,90,241,331
WBGene00006683,887,2802,3689
WBGene00006684,246,245,491
WBGene00006685,17,180,197
WBGene00006686,8,61,69
WBGene00006687,8,59,67
WBGene00006688,3,4,7
WBGene00006689,2,2,4
WBGene00006690,17,72,89
WBGene00006691,81,175,256
WBGene00006692,153,2048,2201
WBGene00006693,1056,4075,5131
WBGene00006694,5,36,41
WBGene00006695,401,191,592
WBGene00006696,28,208,236
WBGene00006697,569,4358,4927
WBGene00006698,94,7553,7647
WBGene00006699,110,7379,7489
WBGene00006700,315,1620,1935
WBGene00006701,375,1246,1621
WBGene00006702,235,5281,5516
WBGene00006703,51,2663,2714
WBGene00006704,113,6920,7033
WBGene00006705,226,761,987
WBGene00006706,54,4615,4669
WBGene00006707,1,4048,4049
WBGene00006708,165,5160,5325
WBGene00006709,297,3190,3487
WBGene00006710,237,195,432
WBGene00006711,41,780,821
WBGene00006712,66,440,506
WBGene00006713,99,4525,4624
WBGene00006714,141,947,1088
WBGene00006715,73,6230,6303
WBGene00006716,10,4,14
WBGene00006717,17,361,378
WBGene00006718,7,40,47
WBGene00006719,0,0,0
WBGene00006720,44,3701,3745
WBGene00006721,40,790,830
WBGene00006722,250,341,591
WBGene00006723,107,1151,1258
WBGene00006724,261,7341,7602
WBGene00006725,22344,321278,343622
WBGene00006726,189,2881,3070
WBGene00006727,222,19245,19467
WBGene00006728,16111,259009,275120
WBGene00006729,51,846,897
WBGene00006730,23,9835,9858
WBGene00006731,5,86,91
WBGene00006732,159,769,928
WBGene00006733,200,2267,2467
WBGene00006734,40,2028,2068
WBGene00006735,14,908,922
WBGene00006736,120,1555,1675
WBGene00006737,32,1096,1128
WBGene00006738,18,877,895
WBGene00006739,289,5146,5435
WBGene00006740,11,204,215
WBGene00006741,189,6265,6454
WBGene00006742,448,1586,2034
WBGene00006743,45,209,254
WBGene00006744,17,185,202
WBGene00006745,403,1162,1565
WBGene00006746,37,536,573
WBGene00006747,796,1062,1858
WBGene00006748,15,96,111
WBGene00006749,196,2003,2199
WBGene00006750,115,824,939
WBGene00006751,457,1567,2024
WBGene00006752,951,5320,6271
WBGene00006753,777,8147,8924
WBGene00006754,5567,184275,189842
WBGene00006755,548,4586,5134
WBGene00006756,0,4,4
WBGene00006757,25,1738,1763
WBGene00006759,2793,43179,45972
WBGene00006760,705,7998,8703
WBGene00006761,73,1072,1145
WBGene00006762,649,5502,6151
WBGene00006763,235,1478,1713
WBGene00006764,6658,109683,116341
WBGene00006765,373,985,1358
WBGene00006766,42,397,439
WBGene00006767,287,531,818
WBGene00006768,345,5022,5367
WBGene00006769,666,1681,2347
WBGene00006770,474,2343,2817
WBGene00006771,1108,14646,15754
WBGene00006772,269,2575,2844
WBGene00006773,87,2378,2465
WBGene00006774,86,695,781
WBGene00006775,11,77,88
WBGene00006776,488,3776,4264
WBGene00006777,176,1773,1949
WBGene00006778,29,574,603
WBGene00006779,2415,11801,14216
WBGene00006780,4560,59678,64238
WBGene00006781,219,2105,2324
WBGene00006782,5,268,273
WBGene00006783,42,336,378
WBGene00006784,783,4783,5566
WBGene00006785,29,583,612
WBGene00006786,243,3101,3344
WBGene00006787,862,9787,10649
WBGene00006788,320,1946,2266
WBGene00006789,1666,149108,150774
WBGene00006790,10,34,44
WBGene00006791,258,2159,2417
WBGene00006792,230,807,1037
WBGene00006793,97,2371,2468
WBGene00006794,922,42230,43152
WBGene00006795,51,1704,1755
WBGene00006796,901,7717,8618
WBGene00006797,860,473,1333
WBGene00006798,1917,3440,5357
WBGene00006801,2355,32092,34447
WBGene00006802,230,6151,6381
WBGene00006803,383,10137,10520
WBGene00006804,84,816,900
WBGene00006805,2975,10342,13317
WBGene00006807,184,426,610
WBGene00006808,328,3435,3763
WBGene00006809,268,762,1030
WBGene00006810,198,3554,3752
WBGene00006811,240,873,1113
WBGene00006812,355,3449,3804
WBGene00006814,1388,6525,7913
WBGene00006815,618,11091,11709
WBGene00006816,31,1908,1939
WBGene00006817,252,4389,4641
WBGene00006818,103,2389,2492
WBGene00006819,2178,84760,86938
WBGene00006820,4964,51578,56542
WBGene00006822,137,1185,1322
WBGene00006823,1161,11776,12937
WBGene00006824,247,14188,14435
WBGene00006825,620,7015,7635
WBGene00006826,591,16367,16958
WBGene00006827,5119,7648,12767
WBGene00006829,56,1216,1272
WBGene00006830,2103,2080,4183
WBGene00006831,506,3208,3714
WBGene00006832,155,1409,1564
WBGene00006833,161,12659,12820
WBGene00006836,183,10375,10558
WBGene00006839,518,8050,8568
WBGene00006840,212,7984,8196
WBGene00006843,154,1423,1577
WBGene00006844,273,4689,4962
WBGene00006845,338,3257,3595
WBGene00006852,81,3716,3797
WBGene00006853,14,590,604
WBGene00006856,33,2627,2660
WBGene00006861,653,6120,6773
WBGene00006862,21,309,330
WBGene00006863,188,23537,23725
WBGene00006864,66,557,623
WBGene00006865,19,202,221
WBGene00006868,513,1894,2407
WBGene00006869,42,394,436
WBGene00006870,201,849,1050
WBGene00006873,19,193,212
WBGene00006874,321,7255,7576
WBGene00006875,21,1825,1846
WBGene00006876,752,9060,9812
WBGene00006881,23,333,356
WBGene00006882,77,688,765
WBGene00006886,911,13131,14042
WBGene00006887,259,916,1175
WBGene00006888,295,4665,4960
WBGene00006889,62,15098,15160
WBGene00006890,345,5021,5366
WBGene00006893,239,3273,3512
WBGene00006894,7,1,8
WBGene00006896,38,534,572
WBGene00006897,5,25,30
WBGene00006902,0,1,1
WBGene00006910,0,11614,11614
WBGene00006911,106,17120,17226
WBGene00006912,0,6736,6736
WBGene00006913,45,5742,5787
WBGene00006914,19,2848,2867
WBGene00006915,13,695,708
WBGene00006916,94,648,742
WBGene00006917,99,11718,11817
WBGene00006918,388,8311,8699
WBGene00006919,147,12906,13053
WBGene00006920,480,6780,7260
WBGene00006921,15,6331,6346
WBGene00006922,10,584,594
WBGene00006923,2002,3692,5694
WBGene00006924,335,56464,56799
WBGene00006925,0,8,8
WBGene00006926,0,2,2
WBGene00006927,1,7,8
WBGene00006928,0,21,21
WBGene00006929,0,0,0
WBGene00006930,0,36,36
WBGene00006931,66,1924,1990
WBGene00006932,281,2610,2891
WBGene00006933,75,1944,2019
WBGene00006934,161,1278,1439
WBGene00006935,36,2443,2479
WBGene00006936,343,7479,7822
WBGene00006937,454,8323,8777
WBGene00006938,2,16,18
WBGene00006940,5,531,536
WBGene00006941,399,4168,4567
WBGene00006942,155,4458,4613
WBGene00006943,69,818,887
WBGene00006944,26,565,591
WBGene00006945,138,2346,2484
WBGene00006946,104,754,858
WBGene00006947,2,93,95
WBGene00006948,4,395,399
WBGene00006949,36,482,518
WBGene00006950,11,28,39
WBGene00006951,96,1210,1306
WBGene00006952,8,383,391
WBGene00006953,4,0,4
WBGene00006954,0,8,8
WBGene00006955,95,79,174
WBGene00006956,83,2425,2508
WBGene00006957,205,1910,2115
WBGene00006958,91,378,469
WBGene00006959,1579,77684,79263
WBGene00006960,31,85,116
WBGene00006961,549,9777,10326
WBGene00006962,6,23,29
WBGene00006963,50,1316,1366
WBGene00006964,419,3719,4138
WBGene00006965,0,112,112
WBGene00006966,2,95,97
WBGene00006968,128,2410,2538
WBGene00006970,19,1259,1278
WBGene00006971,76,1033,1109
WBGene00006974,32,1508,1540
WBGene00006975,779,6836,7615
WBGene00006976,458,251,709
WBGene00006977,9,217,226
WBGene00006978,173,8081,8254
WBGene00006979,1,70,71
WBGene00006980,0,54,54
WBGene00006981,1,131,132
WBGene00006982,74,851,925
WBGene00006983,102,806,908
WBGene00006984,1956,8425,10381
WBGene00006985,209,742,951
WBGene00006986,296,1176,1472
WBGene00006987,120,248,368
WBGene00006988,83,762,845
WBGene00006993,343,906,1249
WBGene00006994,176,3313,3489
WBGene00006996,12,1190,1202
WBGene00006997,11,748,759
WBGene00006999,2305,34125,36430
WBGene00007000,226,24966,25192
WBGene00007001,21,4579,4600
WBGene00007006,60,383,443
WBGene00007007,143,2084,2227
WBGene00007008,150,4137,4287
WBGene00007009,193,3194,3387
WBGene00007010,196,3039,3235
WBGene00007011,28,385,413
WBGene00007012,61,700,761
WBGene00007013,191,689,880
WBGene00007014,67,385,452
WBGene00007015,6,659,665
WBGene00007016,573,5862,6435
WBGene00007017,857,746,1603
WBGene00007018,89,1702,1791
WBGene00007019,352,3513,3865
WBGene00007020,158,968,1126
WBGene00007021,104,2189,2293
WBGene00007022,371,3929,4300
WBGene00007023,50,1672,1722
WBGene00007024,387,17173,17560
WBGene00007025,215,2214,2429
WBGene00007026,51,709,760
WBGene00007027,1216,4476,5692
WBGene00007028,89,3660,3749
WBGene00007029,202,1265,1467
WBGene00007030,1287,12307,13594
WBGene00007036,2,10,12
WBGene00007041,69,387,456
WBGene00007042,167,8394,8561
WBGene00007043,4,576,580
WBGene00007044,191,3628,3819
WBGene00007045,2,394,396
WBGene00007047,177,742,919
WBGene00007048,105,4712,4817
WBGene00007049,5,40,45
WBGene00007050,715,9004,9719
WBGene00007053,215,7199,7414
WBGene00007054,902,4362,5264
WBGene00007055,91,3270,3361
WBGene00007056,120,715,835
WBGene00007057,0,36,36
WBGene00007058,240,4668,4908
WBGene00007059,25,542,567
WBGene00007060,0,3,3
WBGene00007062,0,0,0
WBGene00007063,84,416,500
WBGene00007064,311,370,681
WBGene00007065,19,316,335
WBGene00007067,77,524,601
WBGene00007068,164,1173,1337
WBGene00007069,2,8,10
WBGene00007070,8,355,363
WBGene00007071,80,1178,1258
WBGene00007072,3,39,42
WBGene00007073,22,303,325
WBGene00007075,0,0,0
WBGene00007076,0,0,0
WBGene00007079,0,0,0
WBGene00007080,0,3,3
WBGene00007081,3,1,4
WBGene00007082,1,24,25
WBGene00007083,0,4,4
WBGene00007084,35,226,261
WBGene00007085,0,94,94
WBGene00007087,53,1299,1352
WBGene00007088,84,2337,2421
WBGene00007089,96,1560,1656
WBGene00007090,28,733,761
WBGene00007091,533,5650,6183
WBGene00007092,23,286,309
WBGene00007093,33,691,724
WBGene00007094,137,541,678
WBGene00007096,56,852,908
WBGene00007097,5,11,16
WBGene00007099,383,6680,7063
WBGene00007100,15,880,895
WBGene00007101,39,3860,3899
WBGene00007102,18,210,228
WBGene00007103,153,1503,1656
WBGene00007104,97,868,965
WBGene00007105,71,3904,3975
WBGene00007106,60,2633,2693
WBGene00007107,727,12303,13030
WBGene00007108,134,2414,2548
WBGene00007109,9,297,306
WBGene00007110,120,2548,2668
WBGene00007111,71,2697,2768
WBGene00007112,98,790,888
WBGene00007113,156,3511,3667
WBGene00007114,33,221,254
WBGene00007115,27,235,262
WBGene00007116,39,165,204
WBGene00007117,4,57,61
WBGene00007118,104,1053,1157
WBGene00007119,149,888,1037
WBGene00007122,200,12608,12808
WBGene00007123,0,0,0
WBGene00007124,25,224,249
WBGene00007125,0,3,3
WBGene00007126,233,1532,1765
WBGene00007127,4,2,6
WBGene00007128,73,533,606
WBGene00007129,29,7306,7335
WBGene00007130,41,304,345
WBGene00007131,13,72,85
WBGene00007132,7,63,70
WBGene00007133,46,309,355
WBGene00007134,9,3,12
WBGene00007135,296,1439,1735
WBGene00007136,187,2288,2475
WBGene00007137,133,2240,2373
WBGene00007138,40,319,359
WBGene00007139,286,4001,4287
WBGene00007140,4,21,25
WBGene00007141,1,9,10
WBGene00007142,402,6102,6504
WBGene00007143,70,1653,1723
WBGene00007144,19,1335,1354
WBGene00007145,106,967,1073
WBGene00007146,9,100,109
WBGene00007148,8,14,22
WBGene00007149,4,52,56
WBGene00007150,12,1169,1181
WBGene00007152,7,42,49
WBGene00007153,1,122,123
WBGene00007154,28,262,290
WBGene00007155,886,18635,19521
WBGene00007156,7,11,18
WBGene00007158,10,5,15
WBGene00007159,2,19,21
WBGene00007161,5,0,5
WBGene00007162,128,219,347
WBGene00007163,0,4,4
WBGene00007164,0,16,16
WBGene00007166,5,437,442
WBGene00007167,130,1348,1478
WBGene00007168,16,1159,1175
WBGene00007169,2,17,19
WBGene00007170,23,234,257
WBGene00007171,8,145,153
WBGene00007172,9,67,76
WBGene00007173,0,0,0
WBGene00007174,17,177,194
WBGene00007175,92,1114,1206
WBGene00007176,1330,904,2234
WBGene00007177,8,25,33
WBGene00007178,7,604,611
WBGene00007179,5,11,16
WBGene00007180,53,837,890
WBGene00007182,0,0,0
WBGene00007183,0,89,89
WBGene00007184,269,7041,7310
WBGene00007185,121,966,1087
WBGene00007186,32,1564,1596
WBGene00007187,64,396,460
WBGene00007188,125,1164,1289
WBGene00007189,37,516,553
WBGene00007190,4,21,25
WBGene00007191,35,110,145
WBGene00007192,422,13301,13723
WBGene00007193,143,1545,1688
WBGene00007194,11,1513,1524
WBGene00007195,128,1821,1949
WBGene00007196,155,458,613
WBGene00007197,816,9919,10735
WBGene00007200,294,2580,2874
WBGene00007201,266,7324,7590
WBGene00007202,22,408,430
WBGene00007203,1,169,170
WBGene00007204,3,3,6
WBGene00007206,0,0,0
WBGene00007207,123,1773,1896
WBGene00007208,0,0,0
WBGene00007209,1,2,3
WBGene00007210,11,103,114
WBGene00007211,4,2,6
WBGene00007212,13,72,85
WBGene00007213,54,441,495
WBGene00007214,205,1252,1457
WBGene00007215,82,2258,2340
WBGene00007216,351,1198,1549
WBGene00007217,213,5021,5234
WBGene00007218,32,3,35
WBGene00007219,40,2310,2350
WBGene00007220,1,39,40
WBGene00007221,89,930,1019
WBGene00007222,26,65,91
WBGene00007223,306,6950,7256
WBGene00007224,15,75,90
WBGene00007225,0,42,42
WBGene00007226,96,1111,1207
WBGene00007227,356,9540,9896
WBGene00007228,23,230,253
WBGene00007229,18,91,109
WBGene00007230,3,10,13
WBGene00007231,130,228,358
WBGene00007232,105,421,526
WBGene00007233,152,6225,6377
WBGene00007234,1,967,968
WBGene00007235,585,16243,16828
WBGene00007236,4,671,675
WBGene00007237,87,683,770
WBGene00007239,0,0,0
WBGene00007240,254,5113,5367
WBGene00007241,53,227,280
WBGene00007242,31,659,690
WBGene00007243,0,16,16
WBGene00007244,0,7,7
WBGene00007245,0,0,0
WBGene00007246,0,13,13
WBGene00007247,29,151,180
WBGene00007248,2,6,8
WBGene00007249,0,1,1
WBGene00007250,1,3,4
WBGene00007251,0,3,3
WBGene00007252,29,278,307
WBGene00007253,15,271,286
WBGene00007254,12,108,120
WBGene00007255,12,109,121
WBGene00007256,226,5885,6111
WBGene00007257,491,2592,3083
WBGene00007258,81,968,1049
WBGene00007259,23,6,29
WBGene00007260,382,809,1191
WBGene00007261,77,3675,3752
WBGene00007262,7,50,57
WBGene00007264,23,200,223
WBGene00007265,0,5,5
WBGene00007266,52,804,856
WBGene00007267,34,445,479
WBGene00007268,18,67,85
WBGene00007269,9,9,18
WBGene00007270,32,947,979
WBGene00007271,19,2,21
WBGene00007273,29,31,60
WBGene00007274,4,47,51
WBGene00007275,81,201,282
WBGene00007277,20,108,128
WBGene00007278,4,47,51
WBGene00007279,0,0,0
WBGene00007281,1,65,66
WBGene00007282,7,16,23
WBGene00007283,1,0,1
WBGene00007284,219,815,1034
WBGene00007285,10,160,170
WBGene00007286,32,413,445
WBGene00007287,28,1008,1036
WBGene00007288,3,33,36
WBGene00007289,0,0,0
WBGene00007290,0,1,1
WBGene00007291,0,0,0
WBGene00007292,1,9,10
WBGene00007293,0,1,1
WBGene00007294,0,0,0
WBGene00007295,15,236,251
WBGene00007296,61,1994,2055
WBGene00007297,49,387,436
WBGene00007299,8,436,444
WBGene00007301,346942,78,347020
WBGene00007302,64,1151,1215
WBGene00007303,15,144,159
WBGene00007304,98,672,770
WBGene00007305,2,10,12
WBGene00007306,0,2,2
WBGene00007307,2,6,8
WBGene00007308,0,1,1
WBGene00007309,5,10,15
WBGene00007310,4,5,9
WBGene00007311,6,1,7
WBGene00007312,10,1133,1143
WBGene00007313,1,2,3
WBGene00007314,13,28,41
WBGene00007315,2,2,4
WBGene00007316,130,820,950
WBGene00007317,48,3924,3972
WBGene00007319,1,3,4
WBGene00007320,0,1,1
WBGene00007321,33,664,697
WBGene00007322,2,23,25
WBGene00007323,0,19,19
WBGene00007324,265,2574,2839
WBGene00007325,3,23,26
WBGene00007326,8,27,35
WBGene00007327,16,65,81
WBGene00007328,4,15,19
WBGene00007329,113,1303,1416
WBGene00007330,400,29155,29555
WBGene00007331,461,3689,4150
WBGene00007332,1,596,597
WBGene00007333,109,1562,1671
WBGene00007334,67,619,686
WBGene00007335,3,1,4
WBGene00007336,11,305,316
WBGene00007337,1,11,12
WBGene00007338,3,140,143
WBGene00007339,10,97,107
WBGene00007340,11,77,88
WBGene00007341,0,17,17
WBGene00007342,0,0,0
WBGene00007343,16,178,194
WBGene00007344,8,64,72
WBGene00007345,25,239,264
WBGene00007346,12,56,68
WBGene00007347,34,118,152
WBGene00007348,56,360,416
WBGene00007349,53,578,631
WBGene00007350,780,22589,23369
WBGene00007351,33,55,88
WBGene00007352,148,7321,7469
WBGene00007353,664,4822,5486
WBGene00007354,8,44,52
WBGene00007355,0,11639,11639
WBGene00007356,0,0,0
WBGene00007357,177,1229,1406
WBGene00007358,2,35,37
WBGene00007359,1,2,3
WBGene00007360,14,11,25
WBGene00007361,18,7,25
WBGene00007362,76,444,520
WBGene00007363,64,2097,2161
WBGene00007364,3,41,44
WBGene00007365,669,17751,18420
WBGene00007366,251,655,906
WBGene00007367,38,397,435
WBGene00007368,6,30,36
WBGene00007369,0,8,8
WBGene00007370,5,1,6
WBGene00007372,15,108,123
WBGene00007373,0,0,0
WBGene00007374,6,20,26
WBGene00007375,40,118,158
WBGene00007377,0,41,41
WBGene00007378,6,21,27
WBGene00007379,0,0,0
WBGene00007380,1,2,3
WBGene00007381,1,2,3
WBGene00007382,1,34,35
WBGene00007383,2,1,3
WBGene00007384,3,200,203
WBGene00007385,5270,81689,86959
WBGene00007386,151,2225,2376
WBGene00007387,340,592,932
WBGene00007388,100,982,1082
WBGene00007389,38,363,401
WBGene00007390,6,4012,4018
WBGene00007391,1,21,22
WBGene00007392,2,43,45
WBGene00007393,2,18,20
WBGene00007394,18,111,129
WBGene00007395,49,477,526
WBGene00007396,54,643,697
WBGene00007397,4,106,110
WBGene00007398,0,6,6
WBGene00007399,9,19,28
WBGene00007400,60,3069,3129
WBGene00007401,4,7,11
WBGene00007402,55,821,876
WBGene00007403,45,761,806
WBGene00007404,30,22,52
WBGene00007405,237,4033,4270
WBGene00007406,4,5,9
WBGene00007407,4,147,151
WBGene00007408,4,299,303
WBGene00007409,64,341,405
WBGene00007410,28,42,70
WBGene00007411,11,198,209
WBGene00007412,38,1316,1354
WBGene00007413,345,4224,4569
WBGene00007414,42,486,528
WBGene00007415,10,54,64
WBGene00007416,15,95,110
WBGene00007417,28,649,677
WBGene00007418,7,177,184
WBGene00007419,227,2465,2692
WBGene00007420,0,85,85
WBGene00007421,66,962,1028
WBGene00007422,10,285,295
WBGene00007423,0,20,20
WBGene00007424,1,44,45
WBGene00007425,16,131,147
WBGene00007426,1,19,20
WBGene00007427,8,4,12
WBGene00007428,115,2385,2500
WBGene00007429,154,3343,3497
WBGene00007430,9,275,284
WBGene00007431,4,49,53
WBGene00007432,3,1,4
WBGene00007433,346,4694,5040
WBGene00007434,7,673,680
WBGene00007435,7,546,553
WBGene00007436,0,714,714
WBGene00007437,9,30,39
WBGene00007438,1,2,3
WBGene00007439,9,18,27
WBGene00007440,8,95,103
WBGene00007441,0,2,2
WBGene00007442,6,3,9
WBGene00007443,0,8798,8798
WBGene00007444,1078,1606,2684
WBGene00007445,20,429,449
WBGene00007446,1,1,2
WBGene00007447,0,1,1
WBGene00007448,1,11,12
WBGene00007449,311,6018,6329
WBGene00007450,687,6918,7605
WBGene00007452,0,3,3
WBGene00007453,0,6,6
WBGene00007454,1,13,14
WBGene00007455,12,402,414
WBGene00007456,0,5,5
WBGene00007457,0,0,0
WBGene00007458,1,0,1
WBGene00007459,0,0,0
WBGene00007460,32,969,1001
WBGene00007462,18,195,213
WBGene00007463,105,15455,15560
WBGene00007464,23,371,394
WBGene00007465,40,35,75
WBGene00007466,1,20,21
WBGene00007467,0,22,22
WBGene00007469,1,12,13
WBGene00007470,1,12,13
WBGene00007471,0,13,13
WBGene00007472,1,1,2
WBGene00007473,0,0,0
WBGene00007474,60,787,847
WBGene00007476,136,1250,1386
WBGene00007478,1,14,15
WBGene00007479,29,1292,1321
WBGene00007480,128,442,570
WBGene00007482,18,256,274
WBGene00007483,1,47,48
WBGene00007484,2,38,40
WBGene00007485,6,10,16
WBGene00007486,70,480,550
WBGene00007487,49,613,662
WBGene00007488,77,1770,1847
WBGene00007489,2,5,7
WBGene00007490,88,582,670
WBGene00007492,427,5069,5496
WBGene00007493,19,1340,1359
WBGene00007494,2,10,12
WBGene00007495,52,332,384
WBGene00007496,4,2,6
WBGene00007497,1,0,1
WBGene00007499,179,345,524
WBGene00007500,192,3083,3275
WBGene00007501,10,51,61
WBGene00007502,39,182,221
WBGene00007503,5,26,31
WBGene00007504,25,546,571
WBGene00007505,407,2877,3284
WBGene00007506,10,36,46
WBGene00007507,5,38,43
WBGene00007508,1,11,12
WBGene00007509,4,33,37
WBGene00007511,26,445,471
WBGene00007512,1,1,2
WBGene00007513,27,208,235
WBGene00007514,76,3910,3986
WBGene00007515,7,168,175
WBGene00007516,20,1215,1235
WBGene00007517,4,134,138
WBGene00007518,7,73,80
WBGene00007520,92,1618,1710
WBGene00007521,5,9,14
WBGene00007522,3,25,28
WBGene00007523,0,0,0
WBGene00007525,2,143,145
WBGene00007528,16,275,291
WBGene00007529,42,623,665
WBGene00007530,11,35,46
WBGene00007531,45,981,1026
WBGene00007532,6,261,267
WBGene00007533,51,457,508
WBGene00007534,87,8393,8480
WBGene00007535,0,3,3
WBGene00007536,6,144,150
WBGene00007537,12,785,797
WBGene00007538,4,13,17
WBGene00007540,0,1,1
WBGene00007541,2,257,259
WBGene00007542,1,9,10
WBGene00007543,1,32,33
WBGene00007544,11,397,408
WBGene00007545,83,463,546
WBGene00007546,50,448,498
WBGene00007547,135,958,1093
WBGene00007548,27,333,360
WBGene00007549,30,320,350
WBGene00007550,18,116,134
WBGene00007551,59,1174,1233
WBGene00007552,12,103,115
WBGene00007553,1,916,917
WBGene00007554,75,3845,3920
WBGene00007555,5,9039,9044
WBGene00007556,52,941,993
WBGene00007557,16,204,220
WBGene00007558,15,120,135
WBGene00007559,0,0,0
WBGene00007560,3,12,15
WBGene00007561,19,1016,1035
WBGene00007562,101,457,558
WBGene00007563,2,59,61
WBGene00007564,8,4374,4382
WBGene00007565,2,20,22
WBGene00007567,0,0,0
WBGene00007569,0,1,1
WBGene00007570,1,1,2
WBGene00007571,0,1,1
WBGene00007572,3,0,3
WBGene00007573,18,870,888
WBGene00007574,37,2063,2100
WBGene00007576,69,1351,1420
WBGene00007577,110,875,985
WBGene00007579,86,1622,1708
WBGene00007580,14,254,268
WBGene00007581,29,684,713
WBGene00007583,194,1940,2134
WBGene00007584,1,13,14
WBGene00007585,28,320,348
WBGene00007586,40,5550,5590
WBGene00007587,69,3606,3675
WBGene00007588,49,4222,4271
WBGene00007589,1,302,303
WBGene00007590,202,2443,2645
WBGene00007591,104,1755,1859
WBGene00007592,514,3107,3621
WBGene00007593,228,1467,1695
WBGene00007594,41,1010,1051
WBGene00007595,15,100,115
WBGene00007597,357,324,681
WBGene00007598,0,1,1
WBGene00007599,152,686,838
WBGene00007600,2,219,221
WBGene00007601,0,5,5
WBGene00007602,463,1530,1993
WBGene00007603,35,370,405
WBGene00007604,0,273,273
WBGene00007605,27,1274,1301
WBGene00007606,21,1020,1041
WBGene00007607,4,142,146
WBGene00007608,13,196,209
WBGene00007609,17,1096,1113
WBGene00007610,0,0,0
WBGene00007611,3,17,20
WBGene00007613,3,12,15
WBGene00007614,127,519,646
WBGene00007615,102,1655,1757
WBGene00007616,253,3776,4029
WBGene00007617,477,14439,14916
WBGene00007618,2,3,5
WBGene00007619,130,254,384
WBGene00007620,1877,2238,4115
WBGene00007621,310,2372,2682
WBGene00007622,85,337,422
WBGene00007623,192,3039,3231
WBGene00007624,4,714,718
WBGene00007625,182,4141,4323
WBGene00007626,78,2413,2491
WBGene00007627,38,1277,1315
WBGene00007628,127,2325,2452
WBGene00007629,53,232,285
WBGene00007630,35,32785,32820
WBGene00007631,27,12,39
WBGene00007632,1,28,29
WBGene00007633,53,164,217
WBGene00007634,0,49,49
WBGene00007635,115,354,469
WBGene00007636,19,30,49
WBGene00007637,227,1397,1624
WBGene00007638,0,0,0
WBGene00007639,3,9,12
WBGene00007640,191,712,903
WBGene00007641,1,0,1
WBGene00007642,0,0,0
WBGene00007643,14,72,86
WBGene00007644,9,100,109
WBGene00007645,452,2787,3239
WBGene00007646,222,6200,6422
WBGene00007647,604,3733,4337
WBGene00007648,0,17,17
WBGene00007649,0,1,1
WBGene00007650,17,125,142
WBGene00007651,119,922,1041
WBGene00007652,48,952,1000
WBGene00007653,160,4350,4510
WBGene00007655,75,1,76
WBGene00007656,0,1,1
WBGene00007657,3,2,5
WBGene00007658,6,10,16
WBGene00007659,0,1,1
WBGene00007660,2,1,3
WBGene00007661,1,1,2
WBGene00007662,1,0,1
WBGene00007663,3,15,18
WBGene00007664,126,1703,1829
WBGene00007666,210,1431,1641
WBGene00007668,108,1515,1623
WBGene00007669,3,25,28
WBGene00007670,38,126,164
WBGene00007672,5,29,34
WBGene00007673,0,0,0
WBGene00007674,0,1,1
WBGene00007675,43,323,366
WBGene00007678,0,0,0
WBGene00007679,38,2924,2962
WBGene00007680,30,127,157
WBGene00007681,935,6482,7417
WBGene00007682,0,28,28
WBGene00007683,884,13328,14212
WBGene00007684,1152,18845,19997
WBGene00007685,34,354,388
WBGene00007686,78,13187,13265
WBGene00007687,7,69,76
WBGene00007688,0,3,3
WBGene00007689,30,1214,1244
WBGene00007690,612,687,1299
WBGene00007691,7,5,12
WBGene00007692,5,33,38
WBGene00007693,0,1,1
WBGene00007694,6,76,82
WBGene00007695,8,50,58
WBGene00007696,70,7369,7439
WBGene00007697,105,856,961
WBGene00007698,62,1137,1199
WBGene00007699,1,0,1
WBGene00007700,0,0,0
WBGene00007701,0,4,4
WBGene00007702,122,452,574
WBGene00007703,927,3252,4179
WBGene00007704,11,217,228
WBGene00007705,5,1325,1330
WBGene00007706,90,3125,3215
WBGene00007707,10,1001,1011
WBGene00007708,0,0,0
WBGene00007709,4,416,420
WBGene00007710,23,1099,1122
WBGene00007711,7,1388,1395
WBGene00007712,10,6301,6311
WBGene00007713,0,13,13
WBGene00007714,0,0,0
WBGene00007716,0,3,3
WBGene00007717,1,19,20
WBGene00007718,1,2496,2497
WBGene00007719,0,6,6
WBGene00007720,6,1037,1043
WBGene00007722,22,212,234
WBGene00007723,9,20,29
WBGene00007724,3,31,34
WBGene00007725,11,49,60
WBGene00007726,1,43,44
WBGene00007727,0,0,0
WBGene00007728,3,40,43
WBGene00007729,22,355,377
WBGene00007730,25,1582,1607
WBGene00007731,5,1215,1220
WBGene00007732,0,44,44
WBGene00007733,0,14,14
WBGene00007734,0,5,5
WBGene00007735,1,1,2
WBGene00007736,61,742,803
WBGene00007739,57,35,92
WBGene00007740,3,1,4
WBGene00007741,87,362,449
WBGene00007742,9,5,14
WBGene00007743,36,246,282
WBGene00007744,366,589,955
WBGene00007745,94,547,641
WBGene00007746,32,392,424
WBGene00007747,3,17,20
WBGene00007748,16,55,71
WBGene00007749,41,977,1018
WBGene00007750,48,949,997
WBGene00007751,12,47,59
WBGene00007752,278,2110,2388
WBGene00007753,74,495,569
WBGene00007755,41,238,279
WBGene00007756,146,1386,1532
WBGene00007757,37,118,155
WBGene00007758,205,1015,1220
WBGene00007759,2,6,8
WBGene00007760,24,733,757
WBGene00007761,270,2479,2749
WBGene00007762,14,714,728
WBGene00007763,52,203,255
WBGene00007764,315,2021,2336
WBGene00007765,12,31,43
WBGene00007766,2,331,333
WBGene00007768,4,6,10
WBGene00007769,0,0,0
WBGene00007770,0,0,0
WBGene00007771,4,241,245
WBGene00007772,75,1270,1345
WBGene00007773,0,2,2
WBGene00007774,86,1204,1290
WBGene00007775,127,250,377
WBGene00007776,26,325,351
WBGene00007777,1,2,3
WBGene00007778,2,8,10
WBGene00007779,9,244,253
WBGene00007780,12,256,268
WBGene00007784,128,7714,7842
WBGene00007785,12,1449,1461
WBGene00007786,142,9092,9234
WBGene00007787,17,3079,3096
WBGene00007788,14,125,139
WBGene00007789,16,148,164
WBGene00007791,12,20,32
WBGene00007792,0,2,2
WBGene00007793,0,1,1
WBGene00007794,0,0,0
WBGene00007795,0,0,0
WBGene00007796,25,152,177
WBGene00007797,19,214,233
WBGene00007799,203,615,818
WBGene00007800,24,48,72
WBGene00007801,176,841,1017
WBGene00007802,28,18,46
WBGene00007804,1,16,17
WBGene00007805,1,2,3
WBGene00007806,1,17,18
WBGene00007807,27,257,284
WBGene00007808,3,39,42
WBGene00007809,1,32,33
WBGene00007810,12,137,149
WBGene00007811,25,652,677
WBGene00007812,256,3418,3674
WBGene00007813,3,0,3
WBGene00007816,161,153,314
WBGene00007817,148,447,595
WBGene00007818,15,119,134
WBGene00007819,17,304,321
WBGene00007820,145,1570,1715
WBGene00007822,12,6,18
WBGene00007823,9,10,19
WBGene00007824,1204,6124,7328
WBGene00007825,20,616,636
WBGene00007826,19,1954,1973
WBGene00007827,110,1699,1809
WBGene00007829,4,2,6
WBGene00007831,0,3,3
WBGene00007832,0,4,4
WBGene00007833,2,19,21
WBGene00007834,1,3,4
WBGene00007835,7,50,57
WBGene00007836,17,2084,2101
WBGene00007837,35,491,526
WBGene00007840,146,15,161
WBGene00007841,58,1284,1342
WBGene00007842,0,41,41
WBGene00007844,3,12,15
WBGene00007845,4,13,17
WBGene00007846,27,671,698
WBGene00007847,22,543,565
WBGene00007848,396,8179,8575
WBGene00007849,47,289,336
WBGene00007850,2,1,3
WBGene00007851,1,19,20
WBGene00007852,0,0,0
WBGene00007853,1,7,8
WBGene00007854,77,303,380
WBGene00007855,0,1093,1093
WBGene00007856,7,272,279
WBGene00007857,4,101,105
WBGene00007858,9,33,42
WBGene00007859,66,2810,2876
WBGene00007860,535,2258,2793
WBGene00007861,5,36,41
WBGene00007862,93,353,446
WBGene00007863,1,3,4
WBGene00007864,0,11,11
WBGene00007865,1,0,1
WBGene00007866,1,15,16
WBGene00007867,9,152,161
WBGene00007868,1,64,65
WBGene00007869,1,3,4
WBGene00007870,12,121,133
WBGene00007871,0,0,0
WBGene00007872,0,0,0
WBGene00007873,0,0,0
WBGene00007874,0,0,0
WBGene00007875,6,126,132
WBGene00007876,0,1,1
WBGene00007877,426,4036,4462
WBGene00007878,201,453,654
WBGene00007880,2264,18769,21033
WBGene00007881,53,1627,1680
WBGene00007882,56,4974,5030
WBGene00007883,89,3028,3117
WBGene00007885,54,512,566
WBGene00007886,158,675,833
WBGene00007887,0,1,1
WBGene00007888,17,36,53
WBGene00007890,43,333,376
WBGene00007891,4,51,55
WBGene00007892,6,2053,2059
WBGene00007893,2,6,8
WBGene00007894,0,5,5
WBGene00007895,1,2,3
WBGene00007896,13,13,26
WBGene00007897,8,29,37
WBGene00007898,2,115,117
WBGene00007900,44,1150,1194
WBGene00007901,19,668,687
WBGene00007903,4,52,56
WBGene00007904,7,38,45
WBGene00007905,2,8,10
WBGene00007906,40,630,670
WBGene00007907,1249,2608,3857
WBGene00007908,156,474,630
WBGene00007909,118,320,438
WBGene00007910,1,33,34
WBGene00007911,11,98,109
WBGene00007912,52,1142,1194
WBGene00007913,65,170,235
WBGene00007914,83,1170,1253
WBGene00007916,10,468,478
WBGene00007917,138,1309,1447
WBGene00007918,52,1058,1110
WBGene00007919,350,1516,1866
WBGene00007920,0,14,14
WBGene00007921,199,2347,2546
WBGene00007922,193,1185,1378
WBGene00007923,365,2345,2710
WBGene00007924,364,11092,11456
WBGene00007925,65,1172,1237
WBGene00007926,22,82,104
WBGene00007927,472,9083,9555
WBGene00007928,1,63,64
WBGene00007929,15,273,288
WBGene00007930,1,1,2
WBGene00007931,34,572,606
WBGene00007932,95,406,501
WBGene00007933,30,300,330
WBGene00007934,65,2293,2358
WBGene00007935,51,56,107
WBGene00007937,6,17,23
WBGene00007938,6,372,378
WBGene00007939,11,171,182
WBGene00007941,72,258,330
WBGene00007942,144,2454,2598
WBGene00007943,34,1129,1163
WBGene00007944,74,996,1070
WBGene00007945,11,74,85
WBGene00007946,15,170,185
WBGene00007947,109,1096,1205
WBGene00007948,9,26,35
WBGene00007949,4,54,58
WBGene00007950,531,3221,3752
WBGene00007951,133,392,525
WBGene00007952,75,3061,3136
WBGene00007953,123,392,515
WBGene00007954,2,12,14
WBGene00007955,90,5659,5749
WBGene00007956,63,688,751
WBGene00007957,21,101,122
WBGene00007958,129,600,729
WBGene00007959,100,508,608
WBGene00007960,0,1,1
WBGene00007961,0,3,3
WBGene00007963,3,8,11
WBGene00007964,13,439,452
WBGene00007965,32,681,713
WBGene00007966,8,274,282
WBGene00007967,33,419,452
WBGene00007969,86,4276,4362
WBGene00007970,16,165,181
WBGene00007971,225,4381,4606
WBGene00007972,139,1412,1551
WBGene00007973,2,45,47
WBGene00007974,118,1954,2072
WBGene00007975,78,1430,1508
WBGene00007976,30,723,753
WBGene00007977,3,20,23
WBGene00007978,43,577,620
WBGene00007979,29,916,945
WBGene00007980,161,6067,6228
WBGene00007981,139,3429,3568
WBGene00007982,154,1243,1397
WBGene00007983,113,650,763
WBGene00007984,140,2405,2545
WBGene00007985,92,192,284
WBGene00007986,1,0,1
WBGene00007987,0,0,0
WBGene00007988,13,85,98
WBGene00007989,3,48,51
WBGene00007990,2,22,24
WBGene00007991,37,434,471
WBGene00007992,0,15,15
WBGene00007993,113,6847,6960
WBGene00007994,60,383,443
WBGene00007995,10,2,12
WBGene00007996,10,5,15
WBGene00007997,2803,57,2860
WBGene00007998,0,2,2
WBGene00007999,33,124,157
WBGene00008000,72,1884,1956
WBGene00008001,0,1,1
WBGene00008002,30,208,238
WBGene00008003,11,303,314
WBGene00008005,18,460,478
WBGene00008006,154,1033,1187
WBGene00008007,6,40,46
WBGene00008008,101,353,454
WBGene00008009,1,1,2
WBGene00008010,10,13,23
WBGene00008012,0,0,0
WBGene00008014,1,2,3
WBGene00008015,2,0,2
WBGene00008016,2,1,3
WBGene00008017,0,1,1
WBGene00008018,97,501,598
WBGene00008019,46,1166,1212
WBGene00008020,1,62,63
WBGene00008021,4,96,100
WBGene00008022,48,530,578
WBGene00008023,5,230,235
WBGene00008024,4,14,18
WBGene00008025,10,172,182
WBGene00008027,10,162,172
WBGene00008028,28,256,284
WBGene00008029,0,1,1
WBGene00008030,0,2,2
WBGene00008031,11,33,44
WBGene00008032,104,2837,2941
WBGene00008033,87,396,483
WBGene00008034,241,4249,4490
WBGene00008035,48,2307,2355
WBGene00008036,0,3,3
WBGene00008037,3,35,38
WBGene00008038,7,23,30
WBGene00008039,21,675,696
WBGene00008040,418,6360,6778
WBGene00008041,225,6397,6622
WBGene00008042,5,32,37
WBGene00008043,67,431,498
WBGene00008044,0,1,1
WBGene00008045,21,195,216
WBGene00008047,4,15,19
WBGene00008049,1,4,5
WBGene00008050,24,779,803
WBGene00008051,35,177,212
WBGene00008052,46,845,891
WBGene00008053,85,3977,4062
WBGene00008054,23,16,39
WBGene00008056,2,4,6
WBGene00008057,0,5,5
WBGene00008058,0,4,4
WBGene00008059,0,0,0
WBGene00008060,0,1,1
WBGene00008061,3,152,155
WBGene00008062,14,248,262
WBGene00008063,1,32,33
WBGene00008064,494,83,577
WBGene00008065,22,182,204
WBGene00008066,0,53,53
WBGene00008067,0,2,2
WBGene00008068,0,0,0
WBGene00008069,0,0,0
WBGene00008070,1,103,104
WBGene00008071,2,11,13
WBGene00008072,1,39,40
WBGene00008073,0,138,138
WBGene00008074,1,9,10
WBGene00008075,17,81,98
WBGene00008076,32,346,378
WBGene00008077,2,16,18
WBGene00008078,44,469,513
WBGene00008079,5,21,26
WBGene00008080,1,67,68
WBGene00008081,181,1168,1349
WBGene00008082,76,319,395
WBGene00008084,2,23,25
WBGene00008085,19,532,551
WBGene00008086,2,52,54
WBGene00008087,1,0,1
WBGene00008088,0,1,1
WBGene00008089,196,1427,1623
WBGene00008090,0,0,0
WBGene00008091,8,32,40
WBGene00008092,0,2,2
WBGene00008093,41,23,64
WBGene00008094,300,608,908
WBGene00008095,5,56,61
WBGene00008096,4,196,200
WBGene00008097,2,17,19
WBGene00008099,5,57,62
WBGene00008100,158,861,1019
WBGene00008101,8,104,112
WBGene00008102,0,32,32
WBGene00008105,1,12,13
WBGene00008106,3,27,30
WBGene00008107,24,1607,1631
WBGene00008110,450,7920,8370
WBGene00008111,1,54,55
WBGene00008113,6,11,17
WBGene00008114,24,228,252
WBGene00008116,16,76,92
WBGene00008117,43,4894,4937
WBGene00008118,208,1361,1569
WBGene00008119,431,2033,2464
WBGene00008120,585,2085,2670
WBGene00008121,101,2373,2474
WBGene00008122,0,2,2
WBGene00008123,8,103,111
WBGene00008124,0,11,11
WBGene00008125,0,0,0
WBGene00008126,0,3,3
WBGene00008127,15,75,90
WBGene00008128,8,81,89
WBGene00008129,5,6,11
WBGene00008130,7,205,212
WBGene00008131,70,1554,1624
WBGene00008132,254,1310,1564
WBGene00008133,208,574,782
WBGene00008134,91,1377,1468
WBGene00008136,76,1593,1669
WBGene00008137,1,52,53
WBGene00008138,1,19,20
WBGene00008139,9,171,180
WBGene00008140,396,614,1010
WBGene00008141,3,5,8
WBGene00008142,42,497,539
WBGene00008143,111,1775,1886
WBGene00008144,38,421,459
WBGene00008145,109,462,571
WBGene00008146,5,22,27
WBGene00008147,281,4336,4617
WBGene00008148,35,541,576
WBGene00008149,363,26942,27305
WBGene00008150,8,27,35
WBGene00008151,250,7115,7365
WBGene00008152,22,542,564
WBGene00008153,12,12,24
WBGene00008154,1,2,3
WBGene00008155,19,40,59
WBGene00008156,2,7,9
WBGene00008157,0,1,1
WBGene00008158,0,4,4
WBGene00008159,0,0,0
WBGene00008160,2,0,2
WBGene00008161,0,1,1
WBGene00008162,0,0,0
WBGene00008163,0,0,0
WBGene00008164,48,2872,2920
WBGene00008165,33,1180,1213
WBGene00008166,30,1129,1159
WBGene00008167,16,106,122
WBGene00008168,26,451,477
WBGene00008169,3,195,198
WBGene00008170,26,471,497
WBGene00008171,10,108,118
WBGene00008172,1,189,190
WBGene00008173,13,604,617
WBGene00008174,19,235,254
WBGene00008175,0,5,5
WBGene00008176,4,32,36
WBGene00008177,34,398,432
WBGene00008178,122,32,154
WBGene00008180,6,43,49
WBGene00008183,1081,2131,3212
WBGene00008184,1,32,33
WBGene00008185,6,2,8
WBGene00008186,3,4,7
WBGene00008187,29,8,37
WBGene00008188,2,5,7
WBGene00008190,34,35,69
WBGene00008191,298,14132,14430
WBGene00008194,30,229,259
WBGene00008195,84,748,832
WBGene00008196,62,990,1052
WBGene00008197,52,589,641
WBGene00008198,33,1802,1835
WBGene00008199,18,158,176
WBGene00008200,4,30,34
WBGene00008201,0,7,7
WBGene00008202,1,17,18
WBGene00008203,73,513,586
WBGene00008204,17,548,565
WBGene00008205,507,36210,36717
WBGene00008206,96,957,1053
WBGene00008207,1,19,20
WBGene00008208,4,50,54
WBGene00008209,0,4,4
WBGene00008210,0,48,48
WBGene00008211,0,134,134
WBGene00008212,13,109,122
WBGene00008213,302,48,350
WBGene00008214,106,745,851
WBGene00008215,21,3343,3364
WBGene00008216,5,47,52
WBGene00008217,1,8,9
WBGene00008218,39,3083,3122
WBGene00008219,16,1114,1130
WBGene00008220,2,157,159
WBGene00008221,45,813,858
WBGene00008222,14,139,153
WBGene00008223,2,7,9
WBGene00008224,262,3815,4077
WBGene00008225,42,1745,1787
WBGene00008226,48,594,642
WBGene00008227,95,608,703
WBGene00008228,5,282,287
WBGene00008229,45,1008,1053
WBGene00008230,47,204,251
WBGene00008231,1,10,11
WBGene00008232,22,629,651
WBGene00008233,5,534,539
WBGene00008234,2,63,65
WBGene00008235,22,189,211
WBGene00008236,97,377,474
WBGene00008237,124,1523,1647
WBGene00008238,49,1129,1178
WBGene00008239,1,62,63
WBGene00008240,0,4,4
WBGene00008241,0,1,1
WBGene00008242,1,17,18
WBGene00008243,0,3,3
WBGene00008244,0,3,3
WBGene00008245,0,27,27
WBGene00008246,3,29,32
WBGene00008247,3,7,10
WBGene00008248,8,73,81
WBGene00008249,12,42,54
WBGene00008250,9,30,39
WBGene00008251,7,44,51
WBGene00008252,10,111,121
WBGene00008254,398,10448,10846
WBGene00008255,62,629,691
WBGene00008256,53,195,248
WBGene00008257,2,176,178
WBGene00008258,45,1028,1073
WBGene00008259,2,18,20
WBGene00008260,13,254,267
WBGene00008261,13,18,31
WBGene00008262,1286,77358,78644
WBGene00008263,334,236,570
WBGene00008265,123,275,398
WBGene00008266,71,944,1015
WBGene00008267,11,116,127
WBGene00008268,2,0,2
WBGene00008269,3,48,51
WBGene00008270,109,372,481
WBGene00008271,6,3,9
WBGene00008272,45,55,100
WBGene00008273,45,707,752
WBGene00008274,537,4336,4873
WBGene00008275,48,668,716
WBGene00008277,17,9,26
WBGene00008278,38,147,185
WBGene00008279,69,3,72
WBGene00008280,38,115,153
WBGene00008281,37,676,713
WBGene00008283,69,962,1031
WBGene00008284,82,783,865
WBGene00008285,14,14,28
WBGene00008286,8,5,13
WBGene00008287,33,250,283
WBGene00008288,78,897,975
WBGene00008289,0,0,0
WBGene00008290,2,2,4
WBGene00008291,2,3,5
WBGene00008292,13,327,340
WBGene00008293,1,0,1
WBGene00008294,0,17,17
WBGene00008295,0,0,0
WBGene00008296,78,723,801
WBGene00008297,3,5,8
WBGene00008298,480,9341,9821
WBGene00008299,1,3,4
WBGene00008300,10,385,395
WBGene00008301,11,33,44
WBGene00008302,2,42,44
WBGene00008303,16,96,112
WBGene00008304,3,96,99
WBGene00008306,6,14,20
WBGene00008307,150,391,541
WBGene00008308,3,4,7
WBGene00008309,11,51,62
WBGene00008310,121,1184,1305
WBGene00008311,121,1758,1879
WBGene00008312,5,3,8
WBGene00008313,2,12,14
WBGene00008314,20,65,85
WBGene00008315,132,974,1106
WBGene00008316,53,556,609
WBGene00008317,68,1057,1125
WBGene00008318,15,507,522
WBGene00008319,0,0,0
WBGene00008320,28,216,244
WBGene00008321,2,0,2
WBGene00008322,2,3,5
WBGene00008323,6,172,178
WBGene00008324,1,15,16
WBGene00008325,0,17,17
WBGene00008326,0,0,0
WBGene00008327,0,0,0
WBGene00008328,4,0,4
WBGene00008329,3,1,4
WBGene00008330,20,1612,1632
WBGene00008331,189,2968,3157
WBGene00008332,55,780,835
WBGene00008333,26,513,539
WBGene00008334,93,1010,1103
WBGene00008335,47,774,821
WBGene00008336,9,159,168
WBGene00008338,295,3967,4262
WBGene00008339,51,1138,1189
WBGene00008340,3,13,16
WBGene00008341,7,272,279
WBGene00008342,39,164,203
WBGene00008343,17,823,840
WBGene00008344,157,1846,2003
WBGene00008345,92,2270,2362
WBGene00008346,18,128,146
WBGene00008348,193,538,731
WBGene00008352,1,44,45
WBGene00008353,11,673,684
WBGene00008354,32,593,625
WBGene00008355,6,66,72
WBGene00008356,19,11306,11325
WBGene00008357,7,1734,1741
WBGene00008358,9,2965,2974
WBGene00008359,28,5691,5719
WBGene00008360,2,2522,2524
WBGene00008361,57,705,762
WBGene00008362,84,648,732
WBGene00008363,14,486,500
WBGene00008364,21,698,719
WBGene00008365,7,29,36
WBGene00008366,332,1259,1591
WBGene00008367,0,4,4
WBGene00008368,78,449,527
WBGene00008369,90,332,422
WBGene00008370,223,1973,2196
WBGene00008371,130,1514,1644
WBGene00008372,9,36,45
WBGene00008375,17,2144,2161
WBGene00008376,46,517,563
WBGene00008377,1,0,1
WBGene00008378,0,4,4
WBGene00008379,15,317,332
WBGene00008380,85,1749,1834
WBGene00008381,7,0,7
WBGene00008382,26,231,257
WBGene00008383,3,30,33
WBGene00008384,11,161,172
WBGene00008385,18,622,640
WBGene00008386,333,5262,5595
WBGene00008387,30,235,265
WBGene00008388,76,174,250
WBGene00008389,100,1951,2051
WBGene00008390,181,1084,1265
WBGene00008392,2114,16755,18869
WBGene00008393,0,2,2
WBGene00008394,0,0,0
WBGene00008395,724,9515,10239
WBGene00008396,0,42,42
WBGene00008397,0,0,0
WBGene00008398,412,5451,5863
WBGene00008399,53,467,520
WBGene00008400,181,1989,2170
WBGene00008401,17,123,140
WBGene00008402,28,1092,1120
WBGene00008403,31,166,197
WBGene00008404,26,1605,1631
WBGene00008405,35,2531,2566
WBGene00008407,306,975,1281
WBGene00008408,47,1537,1584
WBGene00008409,130,4943,5073
WBGene00008410,70,1937,2007
WBGene00008411,96,1321,1417
WBGene00008412,119,1287,1406
WBGene00008413,51,1464,1515
WBGene00008414,510,18044,18554
WBGene00008415,197,13118,13315
WBGene00008417,47,651,698
WBGene00008418,51,415,466
WBGene00008419,647,4244,4891
WBGene00008420,196,2567,2763
WBGene00008421,91,431,522
WBGene00008422,42,2021,2063
WBGene00008423,4,334,338
WBGene00008424,11,223,234
WBGene00008425,10,66,76
WBGene00008426,238,1556,1794
WBGene00008427,5,49,54
WBGene00008428,34,1552,1586
WBGene00008429,99,1191,1290
WBGene00008430,274,2116,2390
WBGene00008431,213,817,1030
WBGene00008432,120,1390,1510
WBGene00008433,1,3,4
WBGene00008434,18,665,683
WBGene00008435,63,406,469
WBGene00008436,320,4202,4522
WBGene00008438,570,2027,2597
WBGene00008439,108,675,783
WBGene00008440,2,254,256
WBGene00008441,176,688,864
WBGene00008442,220,1082,1302
WBGene00008443,2043,1128,3171
WBGene00008444,785,1094,1879
WBGene00008446,813,8940,9753
WBGene00008447,52,864,916
WBGene00008448,4,34,38
WBGene00008449,5,62,67
WBGene00008450,19,1929,1948
WBGene00008451,1,50,51
WBGene00008452,142,4515,4657
WBGene00008453,136,1738,1874
WBGene00008454,6,524,530
WBGene00008455,181,3287,3468
WBGene00008456,25,747,772
WBGene00008457,66,479,545
WBGene00008458,141,1826,1967
WBGene00008459,107,1865,1972
WBGene00008460,67,60,127
WBGene00008462,3,53,56
WBGene00008463,4,11,15
WBGene00008464,0,0,0
WBGene00008468,13,10,23
WBGene00008470,0,0,0
WBGene00008471,0,1,1
WBGene00008472,1,0,1
WBGene00008473,0,0,0
WBGene00008474,1,1,2
WBGene00008475,4,27,31
WBGene00008476,64,177,241
WBGene00008477,0,113,113
WBGene00008478,0,0,0
WBGene00008479,0,0,0
WBGene00008480,139,7320,7459
WBGene00008481,23,155,178
WBGene00008482,1,17,18
WBGene00008483,1,25,26
WBGene00008484,7,1553,1560
WBGene00008485,1,4,5
WBGene00008486,4,653,657
WBGene00008488,42,575,617
WBGene00008489,11,9,20
WBGene00008490,15,374,389
WBGene00008491,126,148,274
WBGene00008492,11,109,120
WBGene00008493,0,8,8
WBGene00008494,8,86,94
WBGene00008495,16,348,364
WBGene00008496,8,122,130
WBGene00008497,2,1,3
WBGene00008498,9,59,68
WBGene00008499,40,175,215
WBGene00008500,98,136,234
WBGene00008502,197,2061,2258
WBGene00008503,8,445,453
WBGene00008504,12,1184,1196
WBGene00008505,1324,69003,70327
WBGene00008506,60,7586,7646
WBGene00008507,0,2,2
WBGene00008508,1,2,3
WBGene00008509,0,280,280
WBGene00008510,476,5124,5600
WBGene00008511,10,88,98
WBGene00008512,16,61,77
WBGene00008513,187,337,524
WBGene00008514,268,7472,7740
WBGene00008515,81,528,609
WBGene00008516,7,113,120
WBGene00008517,22,172,194
WBGene00008518,16,38,54
WBGene00008519,148,475,623
WBGene00008520,44,58,102
WBGene00008521,225,3836,4061
WBGene00008522,3,547,550
WBGene00008523,0,0,0
WBGene00008524,1,7,8
WBGene00008526,2,7,9
WBGene00008527,1,1,2
WBGene00008528,159,1718,1877
WBGene00008529,10,79,89
WBGene00008530,258,5106,5364
WBGene00008531,88,966,1054
WBGene00008532,134,3731,3865
WBGene00008533,194,1014,1208
WBGene00008535,1,6,7
WBGene00008536,0,0,0
WBGene00008538,954,7703,8657
WBGene00008539,0,3,3
WBGene00008540,8,6,14
WBGene00008541,2,7,9
WBGene00008542,13,105,118
WBGene00008543,20,304,324
WBGene00008545,23,30,53
WBGene00008546,174,1700,1874
WBGene00008547,92,1392,1484
WBGene00008548,28,311,339
WBGene00008549,645,10602,11247
WBGene00008550,4,10,14
WBGene00008551,2,10,12
WBGene00008552,0,1,1
WBGene00008553,3,98,101
WBGene00008554,269,6491,6760
WBGene00008555,1545,3335,4880
WBGene00008556,7,21,28
WBGene00008557,110,266,376
WBGene00008558,10,73,83
WBGene00008559,3,24,27
WBGene00008560,8,59,67
WBGene00008561,12,74,86
WBGene00008563,1,1438,1439
WBGene00008564,35,466,501
WBGene00008565,41,493,534
WBGene00008566,4,11,15
WBGene00008567,4,127,131
WBGene00008568,18,35,53
WBGene00008569,17,361,378
WBGene00008570,405,920,1325
WBGene00008571,143,286,429
WBGene00008572,570,15728,16298
WBGene00008574,1,0,1
WBGene00008575,13,204,217
WBGene00008576,0,1653,1653
WBGene00008577,0,6115,6115
WBGene00008578,61,642,703
WBGene00008579,455,940,1395
WBGene00008580,8,125,133
WBGene00008581,0,1,1
WBGene00008582,159,5672,5831
WBGene00008583,85,362,447
WBGene00008584,58,1076,1134
WBGene00008585,64,791,855
WBGene00008586,180,4249,4429
WBGene00008587,21,234,255
WBGene00008588,10,218,228
WBGene00008589,81,494,575
WBGene00008590,0,37,37
WBGene00008591,7,249,256
WBGene00008592,8,412,420
WBGene00008593,2,14,16
WBGene00008594,7,104,111
WBGene00008595,5,63,68
WBGene00008596,2,26,28
WBGene00008597,1,11,12
WBGene00008598,3,41,44
WBGene00008599,6,82,88
WBGene00008600,246,49,295
WBGene00008601,2216,3594,5810
WBGene00008602,59,542,601
WBGene00008603,712,10081,10793
WBGene00008604,123,1218,1341
WBGene00008605,61,402,463
WBGene00008606,61,833,894
WBGene00008607,93,1151,1244
WBGene00008609,4,11,15
WBGene00008610,75,2402,2477
WBGene00008611,0,1,1
WBGene00008612,14,6,20
WBGene00008613,2,63,65
WBGene00008615,1,34,35
WBGene00008616,5,88,93
WBGene00008617,2,5,7
WBGene00008618,0,5,5
WBGene00008619,0,3,3
WBGene00008620,0,6,6
WBGene00008621,6,120,126
WBGene00008622,210,3603,3813
WBGene00008623,81,23,104
WBGene00008624,258,2656,2914
WBGene00008625,3,31,34
WBGene00008626,12,183,195
WBGene00008627,0,0,0
WBGene00008628,84,8711,8795
WBGene00008629,9,214,223
WBGene00008630,1,23,24
WBGene00008631,0,0,0
WBGene00008632,2,17,19
WBGene00008633,1,20,21
WBGene00008634,2,45,47
WBGene00008636,1,11,12
WBGene00008637,0,1,1
WBGene00008638,3,1,4
WBGene00008639,52,712,764
WBGene00008640,0,31,31
WBGene00008641,21,557,578
WBGene00008642,8,1676,1684
WBGene00008643,3,70,73
WBGene00008644,22,64,86
WBGene00008645,27,1320,1347
WBGene00008646,32,740,772
WBGene00008647,8,139,147
WBGene00008648,108,1246,1354
WBGene00008649,7,7,14
WBGene00008650,2,8,10
WBGene00008651,0,4,4
WBGene00008652,4,80,84
WBGene00008654,21,59,80
WBGene00008655,6,51,57
WBGene00008656,12,171,183
WBGene00008659,1,10,11
WBGene00008660,1,7,8
WBGene00008661,4,1,5
WBGene00008662,51,246,297
WBGene00008663,10,623,633
WBGene00008664,15,2796,2811
WBGene00008665,4142,832,4974
WBGene00008666,115,1127,1242
WBGene00008667,83,534,617
WBGene00008668,35,4,39
WBGene00008669,48,521,569
WBGene00008670,250,1641,1891
WBGene00008671,0,9,9
WBGene00008672,0,2,2
WBGene00008673,2,4,6
WBGene00008674,0,0,0
WBGene00008675,0,0,0
WBGene00008676,0,1,1
WBGene00008677,0,39,39
WBGene00008678,1,3,4
WBGene00008679,0,11,11
WBGene00008680,8,7,15
WBGene00008681,27,288,315
WBGene00008682,85,3144,3229
WBGene00008683,150,1883,2033
WBGene00008684,47,860,907
WBGene00008685,97,909,1006
WBGene00008686,80,638,718
WBGene00008687,17,969,986
WBGene00008688,383,4880,5263
WBGene00008690,382,2564,2946
WBGene00008691,31,982,1013
WBGene00008692,31,112,143
WBGene00008693,1,48,49
WBGene00008694,1076,9056,10132
WBGene00008695,41,133,174
WBGene00008696,0,5,5
WBGene00008698,0,4,4
WBGene00008699,1,0,1
WBGene00008700,1,0,1
WBGene00008701,0,1,1
WBGene00008702,0,0,0
WBGene00008703,1,0,1
WBGene00008706,2202,10959,13161
WBGene00008707,19,2630,2649
WBGene00008708,36,103,139
WBGene00008709,10,37,47
WBGene00008710,36,1748,1784
WBGene00008711,57,150,207
WBGene00008712,18,88,106
WBGene00008713,42,271,313
WBGene00008714,15,72,87
WBGene00008716,0,0,0
WBGene00008717,1,1,2
WBGene00008719,19,44,63
WBGene00008720,78,3414,3492
WBGene00008722,26,1411,1437
WBGene00008724,0,1,1
WBGene00008725,0,0,0
WBGene00008726,36,516,552
WBGene00008727,12,30,42
WBGene00008728,4,18,22
WBGene00008729,197,5278,5475
WBGene00008730,4,32,36
WBGene00008731,22,52,74
WBGene00008732,8,99,107
WBGene00008733,50,623,673
WBGene00008734,1,6,7
WBGene00008735,368,1459,1827
WBGene00008736,10,89,99
WBGene00008737,4,34,38
WBGene00008739,10,52,62
WBGene00008740,4,497,501
WBGene00008741,127,1888,2015
WBGene00008742,37,460,497
WBGene00008743,0,122,122
WBGene00008744,179,3977,4156
WBGene00008745,107,6259,6366
WBGene00008746,100,245,345
WBGene00008747,2,128,130
WBGene00008748,46,1551,1597
WBGene00008749,36,880,916
WBGene00008750,273,725,998
WBGene00008751,0,3,3
WBGene00008752,0,1,1
WBGene00008753,1,1,2
WBGene00008754,9,68,77
WBGene00008755,2,51,53
WBGene00008757,0,128,128
WBGene00008758,0,11,11
WBGene00008759,0,5,5
WBGene00008760,11,569,580
WBGene00008761,24,323,347
WBGene00008762,4,446,450
WBGene00008763,43,287,330
WBGene00008764,27,2739,2766
WBGene00008765,88,5931,6019
WBGene00008766,129,1218,1347
WBGene00008767,35,2002,2037
WBGene00008768,740,7814,8554
WBGene00008769,27,2565,2592
WBGene00008770,100,2567,2667
WBGene00008772,0,0,0
WBGene00008773,13,281,294
WBGene00008774,22,475,497
WBGene00008775,89,1297,1386
WBGene00008776,22,234,256
WBGene00008777,121,2377,2498
WBGene00008778,5,17,22
WBGene00008779,105,173,278
WBGene00008780,186,1350,1536
WBGene00008781,215,3359,3574
WBGene00008782,1,6,7
WBGene00008783,117,850,967
WBGene00008784,0,12,12
WBGene00008785,0,5,5
WBGene00008786,0,0,0
WBGene00008787,11,53,64
WBGene00008788,0,0,0
WBGene00008789,4,15,19
WBGene00008790,0,5,5
WBGene00008792,0,8,8
WBGene00008793,13,70,83
WBGene00008794,0,0,0
WBGene00008795,3,53,56
WBGene00008796,1,1,2
WBGene00008797,0,2,2
WBGene00008798,2,66,68
WBGene00008799,7,52,59
WBGene00008800,120,3388,3508
WBGene00008801,6,18,24
WBGene00008802,11,70,81
WBGene00008803,1004,6697,7701
WBGene00008804,15,44,59
WBGene00008805,76,1224,1300
WBGene00008806,22,493,515
WBGene00008807,3,34,37
WBGene00008808,16,22,38
WBGene00008809,10,3,13
WBGene00008810,179,742,921
WBGene00008811,0,2,2
WBGene00008812,3,5,8
WBGene00008814,0,0,0
WBGene00008815,1,1,2
WBGene00008816,0,0,0
WBGene00008817,0,0,0
WBGene00008818,1,1,2
WBGene00008819,595,1662,2257
WBGene00008820,14,1883,1897
WBGene00008821,2,0,2
WBGene00008822,1,0,1
WBGene00008823,0,0,0
WBGene00008824,0,0,0
WBGene00008825,0,0,0
WBGene00008826,0,5,5
WBGene00008828,0,1,1
WBGene00008829,0,1,1
WBGene00008830,0,25,25
WBGene00008831,3,20,23
WBGene00008832,76,1138,1214
WBGene00008833,7,685,692
WBGene00008834,6,1009,1015
WBGene00008835,2,155,157
WBGene00008837,3,2,5
WBGene00008838,7,29,36
WBGene00008839,1,4,5
WBGene00008840,2,137,139
WBGene00008841,648,7785,8433
WBGene00008843,0,0,0
WBGene00008844,0,3,3
WBGene00008847,1,3,4
WBGene00008848,8,426,434
WBGene00008849,54,12,66
WBGene00008850,0,22,22
WBGene00008851,50,474,524
WBGene00008852,841,5296,6137
WBGene00008853,4,2,6
WBGene00008854,9,8,17
WBGene00008855,3,5,8
WBGene00008856,545,2909,3454
WBGene00008857,20,22452,22472
WBGene00008858,4,19,23
WBGene00008859,2,550,552
WBGene00008860,1057,12910,13967
WBGene00008861,20,544,564
WBGene00008862,6,131,137
WBGene00008863,3,8,11
WBGene00008865,93,2990,3083
WBGene00008866,13,17,30
WBGene00008868,230,370,600
WBGene00008869,5,144,149
WBGene00008870,0,8,8
WBGene00008871,2,5,7
WBGene00008872,0,0,0
WBGene00008874,6,19,25
WBGene00008875,1,124,125
WBGene00008876,148,813,961
WBGene00008877,133,922,1055
WBGene00008878,1420,3616,5036
WBGene00008879,65,130,195
WBGene00008880,65,535,600
WBGene00008881,7,20,27
WBGene00008882,92,1592,1684
WBGene00008883,7,75,82
WBGene00008884,1,7,8
WBGene00008885,55,730,785
WBGene00008886,34,73,107
WBGene00008887,33,910,943
WBGene00008889,0,5,5
WBGene00008890,31,131,162
WBGene00008891,0,102,102
WBGene00008892,3,46,49
WBGene00008893,4,1,5
WBGene00008894,3,19,22
WBGene00008897,8,34,42
WBGene00008898,0,0,0
WBGene00008899,1,0,1
WBGene00008900,7,65,72
WBGene00008901,779,12,791
WBGene00008902,2,3,5
WBGene00008903,2,5,7
WBGene00008904,0,14,14
WBGene00008905,1,17,18
WBGene00008906,0,0,0
WBGene00008907,0,1,1
WBGene00008908,2,5,7
WBGene00008909,0,2,2
WBGene00008910,126,3012,3138
WBGene00008911,1,0,1
WBGene00008912,0,67,67
WBGene00008914,60,3699,3759
WBGene00008915,228,15961,16189
WBGene00008916,121,100,221
WBGene00008917,42,65,107
WBGene00008918,5,807,812
WBGene00008919,302,4017,4319
WBGene00008920,26139,314212,340351
WBGene00008921,143,1974,2117
WBGene00008922,392,10888,11280
WBGene00008923,107,278,385
WBGene00008924,88,665,753
WBGene00008925,188,6013,6201
WBGene00008926,108,951,1059
WBGene00008927,234,1393,1627
WBGene00008928,1,0,1
WBGene00008929,42,1361,1403
WBGene00008930,404,3630,4034
WBGene00008932,211,737,948
WBGene00008934,286,2878,3164
WBGene00008935,7,12,19
WBGene00008936,16,170,186
WBGene00008937,0,5,5
WBGene00008939,219,1532,1751
WBGene00008940,154,1150,1304
WBGene00008944,53,860,913
WBGene00008945,0,21,21
WBGene00008946,3,0,3
WBGene00008947,1,1,2
WBGene00008948,127,4383,4510
WBGene00008949,1,24,25
WBGene00008950,1,5,6
WBGene00008951,183,1661,1844
WBGene00008952,63,293,356
WBGene00008953,125,426,551
WBGene00008954,4,27,31
WBGene00008955,10,12,22
WBGene00008956,43,244,287
WBGene00008957,74,1333,1407
WBGene00008958,0,0,0
WBGene00008959,1,1,2
WBGene00008960,1,1,2
WBGene00008961,23,797,820
WBGene00008963,94,3236,3330
WBGene00008964,762,1852,2614
WBGene00008965,107,112,219
WBGene00008967,0,40,40
WBGene00008968,12,139,151
WBGene00008969,98,637,735
WBGene00008970,19,258,277
WBGene00008971,27,979,1006
WBGene00008972,0,2,2
WBGene00008973,50,2721,2771
WBGene00008974,173,1212,1385
WBGene00008975,47,1951,1998
WBGene00008976,0,89,89
WBGene00008977,14,106,120
WBGene00008978,24,353,377
WBGene00008979,32,1221,1253
WBGene00008980,64,2081,2145
WBGene00008981,0,0,0
WBGene00008982,0,0,0
WBGene00008983,0,2,2
WBGene00008984,0,0,0
WBGene00008985,7,101,108
WBGene00008986,157,1548,1705
WBGene00008987,120,1289,1409
WBGene00008988,33,145,178
WBGene00008989,25,224,249
WBGene00008990,114,2507,2621
WBGene00008991,50,59,109
WBGene00008992,0,33,33
WBGene00008993,48,340,388
WBGene00008994,0,27,27
WBGene00008995,106,333,439
WBGene00008996,36,229,265
WBGene00008997,101,197,298
WBGene00008998,363,3662,4025
WBGene00008999,815,5497,6312
WBGene00009000,15,45,60
WBGene00009001,0,0,0
WBGene00009002,165,3433,3598
WBGene00009004,591,20970,21561
WBGene00009005,16,8,24
WBGene00009006,10,454,464
WBGene00009007,57,1792,1849
WBGene00009008,52,548,600
WBGene00009009,5,287,292
WBGene00009010,52,972,1024
WBGene00009011,23,1775,1798
WBGene00009012,102,4726,4828
WBGene00009013,83,3382,3465
WBGene00009014,5,83,88
WBGene00009015,6,22,28
WBGene00009016,6,1,7
WBGene00009017,0,0,0
WBGene00009018,44,310,354
WBGene00009021,0,1,1
WBGene00009022,13,33,46
WBGene00009023,29,326,355
WBGene00009024,6,27,33
WBGene00009025,70,523,593
WBGene00009026,22,246,268
WBGene00009027,61,615,676
WBGene00009028,6,8,14
WBGene00009029,2,46,48
WBGene00009030,26,174,200
WBGene00009031,1,21,22
WBGene00009032,0,6,6
WBGene00009033,2,5,7
WBGene00009035,7,140,147
WBGene00009036,0,0,0
WBGene00009038,38,1,39
WBGene00009039,7,11,18
WBGene00009041,0,28,28
WBGene00009042,7,408,415
WBGene00009043,4,18,22
WBGene00009044,14,12,26
WBGene00009045,26,2292,2318
WBGene00009046,1,2,3
WBGene00009048,36,4210,4246
WBGene00009049,177,5191,5368
WBGene00009050,369,16111,16480
WBGene00009051,702,15568,16270
WBGene00009052,110,2987,3097
WBGene00009054,107,686,793
WBGene00009056,347,4172,4519
WBGene00009057,98,730,828
WBGene00009058,90,5668,5758
WBGene00009059,30,496,526
WBGene00009060,203,368,571
WBGene00009061,1,5,6
WBGene00009063,0,1,1
WBGene00009064,51,816,867
WBGene00009065,289,1987,2276
WBGene00009067,0,3,3
WBGene00009068,16,186,202
WBGene00009069,0,1523,1523
WBGene00009070,1983,36,2019
WBGene00009073,10,32,42
WBGene00009075,5,4,9
WBGene00009077,1,5,6
WBGene00009078,719,3642,4361
WBGene00009079,0,0,0
WBGene00009081,85,1450,1535
WBGene00009082,118,11783,11901
WBGene00009084,126,5827,5953
WBGene00009085,5,19,24
WBGene00009086,6,5,11
WBGene00009087,2,152,154
WBGene00009088,0,0,0
WBGene00009089,46,581,627
WBGene00009090,8,191,199
WBGene00009091,204,4256,4460
WBGene00009092,236,16737,16973
WBGene00009093,72,500,572
WBGene00009094,53,1158,1211
WBGene00009095,42,208,250
WBGene00009096,90,11353,11443
WBGene00009097,52,9666,9718
WBGene00009098,574,2860,3434
WBGene00009099,3,4,7
WBGene00009100,71,530,601
WBGene00009101,9,56,65
WBGene00009102,5,186,191
WBGene00009103,147,4765,4912
WBGene00009106,65,1227,1292
WBGene00009107,61,105,166
WBGene00009108,10,39,49
WBGene00009109,75,314,389
WBGene00009110,13,1014,1027
WBGene00009112,74,1939,2013
WBGene00009113,2,70,72
WBGene00009114,1,3,4
WBGene00009115,27,23,50
WBGene00009116,48,1303,1351
WBGene00009117,4,6,10
WBGene00009118,73,3405,3478
WBGene00009119,1792,470365,472157
WBGene00009120,162,1801,1963
WBGene00009121,16,457,473
WBGene00009122,149,91198,91347
WBGene00009123,88,656,744
WBGene00009124,107,718,825
WBGene00009125,43,195,238
WBGene00009126,309,12308,12617
WBGene00009127,131,1969,2100
WBGene00009128,0,1966,1966
WBGene00009129,4,13,17
WBGene00009130,11,995,1006
WBGene00009131,115,1482,1597
WBGene00009132,41,3141,3182
WBGene00009133,61,916,977
WBGene00009134,7,14,21
WBGene00009135,21,227,248
WBGene00009136,5,23,28
WBGene00009137,32,745,777
WBGene00009138,16,1848,1864
WBGene00009139,118,2216,2334
WBGene00009140,109,996,1105
WBGene00009141,1206,7970,9176
WBGene00009142,67,6920,6987
WBGene00009143,4,41,45
WBGene00009144,0,28,28
WBGene00009145,183,1271,1454
WBGene00009146,18,271,289
WBGene00009147,20,2,22
WBGene00009148,46,75,121
WBGene00009149,1,5,6
WBGene00009150,0,1,1
WBGene00009151,0,0,0
WBGene00009152,0,0,0
WBGene00009153,3,61,64
WBGene00009154,0,0,0
WBGene00009155,33,117,150
WBGene00009156,59,197,256
WBGene00009157,47,327,374
WBGene00009158,203,1937,2140
WBGene00009159,54,1506,1560
WBGene00009160,11,9,20
WBGene00009161,1199,52800,53999
WBGene00009162,108,222,330
WBGene00009163,85,418,503
WBGene00009164,62,1909,1971
WBGene00009165,8,1087,1095
WBGene00009166,9,103,112
WBGene00009167,0,0,0
WBGene00009168,1,38,39
WBGene00009169,1,28,29
WBGene00009170,1,20,21
WBGene00009171,2,0,2
WBGene00009172,238,642,880
WBGene00009173,6,61,67
WBGene00009174,166,1988,2154
WBGene00009176,11,790,801
WBGene00009177,27,518,545
WBGene00009178,34,21,55
WBGene00009179,223,1527,1750
WBGene00009180,1908,35631,37539
WBGene00009182,28,64,92
WBGene00009183,8,118,126
WBGene00009184,0,21,21
WBGene00009185,0,4,4
WBGene00009186,0,28,28
WBGene00009187,1166,10709,11875
WBGene00009188,58,2977,3035
WBGene00009189,844,14115,14959
WBGene00009190,136,821,957
WBGene00009191,4,947,951
WBGene00009192,15,68,83
WBGene00009193,5,9,14
WBGene00009194,24,35,59
WBGene00009195,1,0,1
WBGene00009196,1,0,1
WBGene00009197,0,0,0
WBGene00009198,0,0,0
WBGene00009199,1,0,1
WBGene00009200,165,2645,2810
WBGene00009201,89,1609,1698
WBGene00009202,0,33,33
WBGene00009203,2,95,97
WBGene00009204,67,234,301
WBGene00009205,19,218,237
WBGene00009207,47,2075,2122
WBGene00009208,10,18,28
WBGene00009209,0,4,4
WBGene00009211,27,5135,5162
WBGene00009212,1,83,84
WBGene00009213,0,8,8
WBGene00009214,0,4,4
WBGene00009215,0,8,8
WBGene00009216,0,317,317
WBGene00009217,139,170,309
WBGene00009218,41,532,573
WBGene00009219,110,2032,2142
WBGene00009220,490,376,866
WBGene00009221,232,11872,12104
WBGene00009222,0,219,219
WBGene00009223,28,612,640
WBGene00009224,96,264,360
WBGene00009225,27,95,122
WBGene00009226,0,7,7
WBGene00009227,3,16,19
WBGene00009228,2,8,10
WBGene00009229,4,10,14
WBGene00009231,43,267,310
WBGene00009232,1,26,27
WBGene00009233,70,640,710
WBGene00009234,82,534,616
WBGene00009235,0,4,4
WBGene00009236,4,79,83
WBGene00009237,2,1633,1635
WBGene00009238,0,2,2
WBGene00009239,8,50,58
WBGene00009240,13,32,45
WBGene00009241,10,445,455
WBGene00009242,5,33,38
WBGene00009243,16,695,711
WBGene00009245,139,997,1136
WBGene00009246,121,11294,11415
WBGene00009247,6,15,21
WBGene00009248,0,22,22
WBGene00009250,4,110,114
WBGene00009251,9,7,16
WBGene00009252,7,6,13
WBGene00009254,100,2681,2781
WBGene00009255,21,38,59
WBGene00009256,163,2249,2412
WBGene00009257,18,132,150
WBGene00009258,37,226,263
WBGene00009259,15,713,728
WBGene00009260,73,1763,1836
WBGene00009261,2,38,40
WBGene00009262,57,1555,1612
WBGene00009263,40,125,165
WBGene00009264,225,2530,2755
WBGene00009266,95,6943,7038
WBGene00009267,62,2774,2836
WBGene00009268,5,59,64
WBGene00009269,1,3,4
WBGene00009270,15,464,479
WBGene00009271,91,366,457
WBGene00009272,10,295,305
WBGene00009274,74,785,859
WBGene00009276,41,1197,1238
WBGene00009277,191,593,784
WBGene00009278,21,144,165
WBGene00009279,1,2,3
WBGene00009280,0,139,139
WBGene00009281,1,1,2
WBGene00009283,5,117,122
WBGene00009284,162,1559,1721
WBGene00009285,70,1606,1676
WBGene00009286,57,392,449
WBGene00009287,70,849,919
WBGene00009288,89,507,596
WBGene00009289,39,1754,1793
WBGene00009290,124,3636,3760
WBGene00009291,126,761,887
WBGene00009292,32,191,223
WBGene00009293,5,158,163
WBGene00009294,632,10331,10963
WBGene00009296,1,19,20
WBGene00009297,0,1,1
WBGene00009298,0,2,2
WBGene00009299,12,128,140
WBGene00009300,0,1,1
WBGene00009301,0,1,1
WBGene00009302,0,0,0
WBGene00009303,2,2,4
WBGene00009304,639,1453,2092
WBGene00009305,116,1824,1940
WBGene00009306,17,2235,2252
WBGene00009307,61,7399,7460
WBGene00009308,3,8,11
WBGene00009311,13,9,22
WBGene00009312,665,22,687
WBGene00009313,3,4,7
WBGene00009314,258,1622,1880
WBGene00009315,175,887,1062
WBGene00009316,0,20,20
WBGene00009318,1,10,11
WBGene00009319,141,4831,4972
WBGene00009320,178,997,1175
WBGene00009321,0,0,0
WBGene00009322,79,2565,2644
WBGene00009323,14,926,940
WBGene00009324,10,17,27
WBGene00009325,117,610,727
WBGene00009326,12,91,103
WBGene00009327,1,3,4
WBGene00009328,0,26,26
WBGene00009329,62,794,856
WBGene00009330,58,4642,4700
WBGene00009331,1,104,105
WBGene00009332,2,54,56
WBGene00009333,40,1663,1703
WBGene00009334,443,8280,8723
WBGene00009335,4,178,182
WBGene00009336,63,3353,3416
WBGene00009337,759,4687,5446
WBGene00009338,7,2,9
WBGene00009339,1,5,6
WBGene00009340,230,3252,3482
WBGene00009341,20,904,924
WBGene00009342,406,12333,12739
WBGene00009343,53,926,979
WBGene00009344,0,0,0
WBGene00009345,17,12,29
WBGene00009346,45,259,304
WBGene00009347,45,214,259
WBGene00009349,0,452,452
WBGene00009350,27,206,233
WBGene00009352,67,2152,2219
WBGene00009353,237,17101,17338
WBGene00009354,128,625,753
WBGene00009355,6,195,201
WBGene00009356,6,45,51
WBGene00009357,11,23,34
WBGene00009358,257,3975,4232
WBGene00009359,2,7,9
WBGene00009360,6,26,32
WBGene00009361,73,469,542
WBGene00009362,2,1,3
WBGene00009363,0,1,1
WBGene00009364,10,1083,1093
WBGene00009365,86,1464,1550
WBGene00009366,60,812,872
WBGene00009367,533,14933,15466
WBGene00009368,143,1984,2127
WBGene00009369,138,1483,1621
WBGene00009370,111,418,529
WBGene00009371,52,458,510
WBGene00009372,219,1463,1682
WBGene00009373,58,669,727
WBGene00009374,414,6946,7360
WBGene00009375,102,718,820
WBGene00009377,2,1,3
WBGene00009378,7,6,13
WBGene00009379,0,131,131
WBGene00009380,60,948,1008
WBGene00009381,6,21,27
WBGene00009382,7,6,13
WBGene00009383,419,7792,8211
WBGene00009384,1,46,47
WBGene00009385,36,1618,1654
WBGene00009386,2,199,201
WBGene00009387,23,52,75
WBGene00009388,764,13676,14440
WBGene00009389,97,485,582
WBGene00009390,25,78,103
WBGene00009391,0,0,0
WBGene00009392,0,1,1
WBGene00009393,3,60,63
WBGene00009394,90,2041,2131
WBGene00009395,1,16,17
WBGene00009396,19,188,207
WBGene00009397,8,87,95
WBGene00009398,0,10,10
WBGene00009399,21,87,108
WBGene00009400,18,181,199
WBGene00009401,0,32,32
WBGene00009402,0,12,12
WBGene00009403,8,129,137
WBGene00009404,6,363,369
WBGene00009405,17,470,487
WBGene00009406,93,917,1010
WBGene00009408,253,3682,3935
WBGene00009409,2,338,340
WBGene00009410,0,0,0
WBGene00009412,12,18,30
WBGene00009413,3,8,11
WBGene00009415,0,0,0
WBGene00009416,2,48,50
WBGene00009417,1,1,2
WBGene00009418,2,10,12
WBGene00009419,0,0,0
WBGene00009420,0,0,0
WBGene00009421,2,3,5
WBGene00009422,1,1,2
WBGene00009423,0,1340,1340
WBGene00009424,2,98,100
WBGene00009426,1,1,2
WBGene00009427,2,4,6
WBGene00009429,8,62,70
WBGene00009430,89,887,976
WBGene00009431,21,249,270
WBGene00009432,39,613,652
WBGene00009433,99,489,588
WBGene00009434,54,600,654
WBGene00009435,80,500,580
WBGene00009436,11,3860,3871
WBGene00009437,11,44,55
WBGene00009438,7,74,81
WBGene00009439,394,3596,3990
WBGene00009440,201,9439,9640
WBGene00009441,43,760,803
WBGene00009442,17,175,192
WBGene00009443,76,2356,2432
WBGene00009444,59,1346,1405
WBGene00009445,34,1836,1870
WBGene00009446,0,1,1
WBGene00009447,17,133,150
WBGene00009448,25,886,911
WBGene00009449,1,16,17
WBGene00009450,28,1127,1155
WBGene00009451,150,3399,3549
WBGene00009452,159,1314,1473
WBGene00009453,134,1270,1404
WBGene00009454,3110,55279,58389
WBGene00009455,186,3063,3249
WBGene00009456,138,960,1098
WBGene00009457,2,7,9
WBGene00009458,2,5,7
WBGene00009459,2,14,16
WBGene00009460,262,5115,5377
WBGene00009461,96,589,685
WBGene00009462,155,107,262
WBGene00009463,1,0,1
WBGene00009464,4,4,8
WBGene00009465,3,24,27
WBGene00009466,24,327,351
WBGene00009467,1,7,8
WBGene00009468,21,170,191
WBGene00009469,45,613,658
WBGene00009470,0,1,1
WBGene00009471,3,4,7
WBGene00009473,0,0,0
WBGene00009475,439,5378,5817
WBGene00009476,73,1147,1220
WBGene00009477,809,5254,6063
WBGene00009478,68,1948,2016
WBGene00009479,49,1376,1425
WBGene00009480,11,44,55
WBGene00009481,1,114,115
WBGene00009482,289,2579,2868
WBGene00009483,4,473,477
WBGene00009484,69,217,286
WBGene00009485,4,46,50
WBGene00009486,0,0,0
WBGene00009487,2,13,15
WBGene00009488,0,2,2
WBGene00009489,0,5,5
WBGene00009490,1,43,44
WBGene00009491,4,0,4
WBGene00009492,4,7,11
WBGene00009493,1,180,181
WBGene00009494,0,47,47
WBGene00009495,29,48,77
WBGene00009496,4,56,60
WBGene00009497,3,2,5
WBGene00009498,374,1892,2266
WBGene00009499,274,1140,1414
WBGene00009500,85,1366,1451
WBGene00009501,18,6,24
WBGene00009502,1,4,5
WBGene00009503,83,2086,2169
WBGene00009504,6,403,409
WBGene00009505,20,903,923
WBGene00009507,144,934,1078
WBGene00009508,125,1359,1484
WBGene00009509,5,50,55
WBGene00009510,13,57,70
WBGene00009511,180,228,408
WBGene00009512,27,2347,2374
WBGene00009513,10,12,22
WBGene00009514,3130,36906,40036
WBGene00009515,16,35,51
WBGene00009517,2,6,8
WBGene00009518,7,134,141
WBGene00009519,1,2,3
WBGene00009520,0,0,0
WBGene00009521,604,4009,4613
WBGene00009522,4,41,45
WBGene00009523,3,4,7
WBGene00009524,1,0,1
WBGene00009525,0,0,0
WBGene00009526,12,72,84
WBGene00009528,60,203,263
WBGene00009529,1,478,479
WBGene00009530,234,202,436
WBGene00009531,1518,17965,19483
WBGene00009532,882,2873,3755
WBGene00009533,8,228,236
WBGene00009534,206,2663,2869
WBGene00009535,11,18,29
WBGene00009536,112,359,471
WBGene00009537,0,33,33
WBGene00009538,0,0,0
WBGene00009539,0,0,0
WBGene00009540,0,7,7
WBGene00009541,144,125,269
WBGene00009542,64,3680,3744
WBGene00009543,18,203,221
WBGene00009544,210,609,819
WBGene00009546,2,4,6
WBGene00009547,31,232,263
WBGene00009548,3,3,6
WBGene00009549,7,10,17
WBGene00009550,0,1,1
WBGene00009551,14,201,215
WBGene00009552,96,1027,1123
WBGene00009553,24,990,1014
WBGene00009554,12,1580,1592
WBGene00009556,33,554,587
WBGene00009557,47,227,274
WBGene00009558,206,1233,1439
WBGene00009559,17,3880,3897
WBGene00009560,26,87,113
WBGene00009561,14,35,49
WBGene00009562,201,5185,5386
WBGene00009563,157,3567,3724
WBGene00009565,135,2070,2205
WBGene00009566,0,1,1
WBGene00009567,1,0,1
WBGene00009568,0,0,0
WBGene00009569,2,2,4
WBGene00009571,0,3,3
WBGene00009572,1,15,16
WBGene00009573,0,59,59
WBGene00009574,449,2534,2983
WBGene00009575,23,7498,7521
WBGene00009576,41,211,252
WBGene00009577,857,14588,15445
WBGene00009578,472,18350,18822
WBGene00009579,88,269,357
WBGene00009580,350,4875,5225
WBGene00009581,25,152,177
WBGene00009582,31,350,381
WBGene00009583,245,5802,6047
WBGene00009584,3935,13315,17250
WBGene00009585,51,25,76
WBGene00009586,88,2860,2948
WBGene00009587,253,3157,3410
WBGene00009588,10423,3044,13467
WBGene00009589,7089,2664,9753
WBGene00009592,1,0,1
WBGene00009593,10,3,13
WBGene00009594,533,2041,2574
WBGene00009595,6,96,102
WBGene00009596,4,3,7
WBGene00009597,3,37,40
WBGene00009599,0,0,0
WBGene00009600,1,49,50
WBGene00009601,30,386,416
WBGene00009602,1,7,8
WBGene00009603,3,5,8
WBGene00009604,0,5,5
WBGene00009605,2,2,4
WBGene00009606,0,1,1
WBGene00009607,0,0,0
WBGene00009608,16,105,121
WBGene00009609,0,3,3
WBGene00009610,0,0,0
WBGene00009611,66,137,203
WBGene00009612,0,4,4
WBGene00009613,0,0,0
WBGene00009614,13,39,52
WBGene00009615,0,0,0
WBGene00009616,1,3,4
WBGene00009617,16,199,215
WBGene00009618,8,74,82
WBGene00009619,18,265,283
WBGene00009620,416,1793,2209
WBGene00009621,0,8944,8944
WBGene00009622,10,30,40
WBGene00009623,232,137,369
WBGene00009624,678,1798,2476
WBGene00009625,3,24,27
WBGene00009626,66,1527,1593
WBGene00009627,9,363,372
WBGene00009628,14,1158,1172
WBGene00009629,36,194,230
WBGene00009630,5,9,14
WBGene00009632,207,2137,2344
WBGene00009633,1,78,79
WBGene00009634,4,463,467
WBGene00009635,31,435,466
WBGene00009636,53,408,461
WBGene00009637,0,204,204
WBGene00009638,33,4999,5032
WBGene00009639,2,404,406
WBGene00009640,1,106,107
WBGene00009641,2,4,6
WBGene00009642,31,137,168
WBGene00009643,1,11,12
WBGene00009644,1,4,5
WBGene00009645,118,1279,1397
WBGene00009646,2,8,10
WBGene00009647,44,77,121
WBGene00009648,1,731,732
WBGene00009649,62,82,144
WBGene00009650,30,2284,2314
WBGene00009652,5,23,28
WBGene00009653,36,285,321
WBGene00009654,298,1180,1478
WBGene00009657,129,1003,1132
WBGene00009658,0,10,10
WBGene00009659,0,1,1
WBGene00009660,425,2859,3284
WBGene00009661,111,5225,5336
WBGene00009662,0,2,2
WBGene00009663,0,17,17
WBGene00009664,215,18614,18829
WBGene00009665,15,917,932
WBGene00009666,60,3172,3232
WBGene00009667,504,310,814
WBGene00009668,71,2322,2393
WBGene00009670,1,5,6
WBGene00009671,161,5212,5373
WBGene00009672,192,2438,2630
WBGene00009673,49,364,413
WBGene00009674,223,3976,4199
WBGene00009675,5,32,37
WBGene00009676,94,1057,1151
WBGene00009677,5,138,143
WBGene00009678,149,814,963
WBGene00009679,20,167,187
WBGene00009680,0,0,0
WBGene00009681,0,13,13
WBGene00009682,0,0,0
WBGene00009683,0,6,6
WBGene00009684,0,0,0
WBGene00009685,0,4,4
WBGene00009686,7,71,78
WBGene00009687,0,0,0
WBGene00009688,1423,17104,18527
WBGene00009689,0,1,1
WBGene00009690,5,12,17
WBGene00009691,0,7691,7691
WBGene00009692,0,8995,8995
WBGene00009695,0,2,2
WBGene00009696,9,50,59
WBGene00009698,1,1,2
WBGene00009700,103,968,1071
WBGene00009701,0,112,112
WBGene00009702,7,146,153
WBGene00009704,0,0,0
WBGene00009705,1,5,6
WBGene00009706,16,80,96
WBGene00009707,0,1,1
WBGene00009708,1,0,1
WBGene00009709,28,43,71
WBGene00009710,10,127,137
WBGene00009711,249,2971,3220
WBGene00009712,4,9202,9206
WBGene00009713,606,3995,4601
WBGene00009714,0,56,56
WBGene00009715,72,2609,2681
WBGene00009716,12,93,105
WBGene00009717,201,2196,2397
WBGene00009720,1,6,7
WBGene00009721,24,26,50
WBGene00009722,51,2599,2650
WBGene00009723,22,4272,4294
WBGene00009724,20,3164,3184
WBGene00009725,0,4,4
WBGene00009726,62,320,382
WBGene00009727,19,190,209
WBGene00009728,3,59,62
WBGene00009729,12,73,85
WBGene00009730,518,5584,6102
WBGene00009731,50,929,979
WBGene00009732,469,9937,10406
WBGene00009733,6,389,395
WBGene00009734,136,2673,2809
WBGene00009735,32,331,363
WBGene00009736,207,1701,1908
WBGene00009738,96,236,332
WBGene00009739,1652,8080,9732
WBGene00009740,464,18803,19267
WBGene00009741,23,188,211
WBGene00009742,116,263,379
WBGene00009743,24,106,130
WBGene00009744,44,881,925
WBGene00009745,11,789,800
WBGene00009746,0,0,0
WBGene00009747,0,3,3
WBGene00009748,1,1,2
WBGene00009749,0,0,0
WBGene00009750,0,15,15
WBGene00009751,1,7,8
WBGene00009753,1,0,1
WBGene00009754,1,13,14
WBGene00009755,1,1,2
WBGene00009756,1,3,4
WBGene00009758,1,2,3
WBGene00009759,0,0,0
WBGene00009760,1,6,7
WBGene00009761,0,1,1
WBGene00009762,0,1,1
WBGene00009763,1,0,1
WBGene00009765,0,0,0
WBGene00009766,0,0,0
WBGene00009767,0,1,1
WBGene00009768,10,48,58
WBGene00009769,23,677,700
WBGene00009770,139,1502,1641
WBGene00009771,106,2629,2735
WBGene00009772,203,26049,26252
WBGene00009773,11,477,488
WBGene00009774,4,324,328
WBGene00009775,0,2,2
WBGene00009776,56,947,1003
WBGene00009777,12,26,38
WBGene00009778,0,61,61
WBGene00009779,113,1557,1670
WBGene00009780,22,189,211
WBGene00009781,426,2775,3201
WBGene00009782,32,224,256
WBGene00009783,102,4550,4652
WBGene00009784,72,2539,2611
WBGene00009785,41,863,904
WBGene00009787,786,104415,105201
WBGene00009788,1,4,5
WBGene00009789,106,168,274
WBGene00009790,22,270,292
WBGene00009791,3,30,33
WBGene00009793,38,3190,3228
WBGene00009796,58,1066,1124
WBGene00009797,407,3894,4301
WBGene00009798,25,31,56
WBGene00009799,65,660,725
WBGene00009800,179,2248,2427
WBGene00009801,78,757,835
WBGene00009802,0,4,4
WBGene00009803,73,1143,1216
WBGene00009804,174,3789,3963
WBGene00009805,0,2,2
WBGene00009806,8,58,66
WBGene00009807,4,38,42
WBGene00009808,0,13,13
WBGene00009809,19,452,471
WBGene00009810,3,35,38
WBGene00009811,1,6,7
WBGene00009812,86,13183,13269
WBGene00009813,105,2786,2891
WBGene00009814,0,23,23
WBGene00009815,0,19,19
WBGene00009816,4,20,24
WBGene00009817,0,8,8
WBGene00009818,142,1158,1300
WBGene00009819,183,533,716
WBGene00009820,7,74,81
WBGene00009822,65,46,111
WBGene00009823,19,361,380
WBGene00009824,6,285,291
WBGene00009825,55,504,559
WBGene00009826,2,44,46
WBGene00009827,2,13,15
WBGene00009829,73,7497,7570
WBGene00009830,2,39,41
WBGene00009831,40,1266,1306
WBGene00009833,0,8,8
WBGene00009834,0,3,3
WBGene00009835,11,5,16
WBGene00009836,11,1,12
WBGene00009839,5,13,18
WBGene00009840,9,17,26
WBGene00009841,0,1,1
WBGene00009842,14,351,365
WBGene00009843,37,667,704
WBGene00009844,7,35,42
WBGene00009848,300,2354,2654
WBGene00009849,13,20,33
WBGene00009850,188,1162,1350
WBGene00009851,30,2463,2493
WBGene00009852,1,12,13
WBGene00009853,2,18,20
WBGene00009854,0,1,1
WBGene00009855,0,3,3
WBGene00009856,1,0,1
WBGene00009857,0,3,3
WBGene00009858,0,0,0
WBGene00009859,0,0,0
WBGene00009860,2,0,2
WBGene00009861,0,3,3
WBGene00009862,1,9,10
WBGene00009863,0,2,2
WBGene00009865,51,706,757
WBGene00009866,0,0,0
WBGene00009867,7,14,21
WBGene00009868,0,0,0
WBGene00009869,0,3,3
WBGene00009871,0,1,1
WBGene00009872,1,3,4
WBGene00009873,4,3,7
WBGene00009874,2,1,3
WBGene00009875,2,2,4
WBGene00009876,15,94,109
WBGene00009877,17,213,230
WBGene00009878,11,1643,1654
WBGene00009879,27,112,139
WBGene00009880,449,5933,6382
WBGene00009881,169,6573,6742
WBGene00009882,59,8100,8159
WBGene00009883,4,33,37
WBGene00009884,0,10,10
WBGene00009885,26,203,229
WBGene00009886,38,483,521
WBGene00009887,9,469,478
WBGene00009888,4303,51787,56090
WBGene00009889,47,1327,1374
WBGene00009890,12,33,45
WBGene00009891,2,15,17
WBGene00009892,0,2,2
WBGene00009893,1,0,1
WBGene00009894,0,1,1
WBGene00009895,22,396,418
WBGene00009896,246,4841,5087
WBGene00009897,8,34,42
WBGene00009898,0,0,0
WBGene00009899,121,1563,1684
WBGene00009900,2,58,60
WBGene00009901,34,370,404
WBGene00009902,5,53,58
WBGene00009903,5,28,33
WBGene00009904,2,59,61
WBGene00009905,2,0,2
WBGene00009906,0,0,0
WBGene00009907,0,0,0
WBGene00009908,5,14,19
WBGene00009909,0,1,1
WBGene00009912,2,3,5
WBGene00009913,0,0,0
WBGene00009914,0,2,2
WBGene00009915,48,9063,9111
WBGene00009916,39,215,254
WBGene00009917,140,1257,1397
WBGene00009918,29,5060,5089
WBGene00009919,146,2899,3045
WBGene00009920,863,8354,9217
WBGene00009921,11,282,293
WBGene00009922,44,1283,1327
WBGene00009923,24,303,327
WBGene00009924,98,1261,1359
WBGene00009925,8,3328,3336
WBGene00009926,118,2238,2356
WBGene00009927,75,385,460
WBGene00009929,13,55,68
WBGene00009930,14,686,700
WBGene00009931,4,95,99
WBGene00009933,8,10,18
WBGene00009934,2,0,2
WBGene00009935,38,465,503
WBGene00009937,106,1108,1214
WBGene00009938,1,4,5
WBGene00009939,71,1379,1450
WBGene00009940,302,8198,8500
WBGene00009941,0,0,0
WBGene00009942,4,26,30
WBGene00009943,129,305,434
WBGene00009944,50,1653,1703
WBGene00009945,246,4349,4595
WBGene00009946,11,189,200
WBGene00009947,59,928,987
WBGene00009948,0,48,48
WBGene00009949,11,468,479
WBGene00009950,9,2,11
WBGene00009951,53,425,478
WBGene00009952,660,16551,17211
WBGene00009953,62,434,496
WBGene00009954,0,0,0
WBGene00009955,3,611,614
WBGene00009956,0,3,3
WBGene00009957,91,1568,1659
WBGene00009958,108,1344,1452
WBGene00009959,0,8,8
WBGene00009960,0,1,1
WBGene00009961,0,5,5
WBGene00009962,19,11,30
WBGene00009963,3,2,5
WBGene00009964,1,12,13
WBGene00009965,18,239,257
WBGene00009966,53,3379,3432
WBGene00009967,2,39,41
WBGene00009968,333,4476,4809
WBGene00009969,29,431,460
WBGene00009971,40,110,150
WBGene00009973,885,17391,18276
WBGene00009974,174,5234,5408
WBGene00009975,1444,3356,4800
WBGene00009976,81,1771,1852
WBGene00009977,137,1179,1316
WBGene00009978,1587,2859,4446
WBGene00009979,56,3,59
WBGene00009980,107,3281,3388
WBGene00009981,31,397,428
WBGene00009982,76,37684,37760
WBGene00009983,0,626,626
WBGene00009984,157,360,517
WBGene00009985,16,407,423
WBGene00009986,30,366,396
WBGene00009987,108,2114,2222
WBGene00009988,48,49,97
WBGene00009990,2,5,7
WBGene00009992,815,24124,24939
WBGene00009993,15,11738,11753
WBGene00009994,18,873,891
WBGene00009995,11665,111899,123564
WBGene00009996,66,2108,2174
WBGene00009997,1,5,6
WBGene00009998,3,36,39
WBGene00009999,2,13,15
WBGene00010000,6,30,36
WBGene00010001,15,2291,2306
WBGene00010002,81,1060,1141
WBGene00010003,37,211,248
WBGene00010004,32,31,63
WBGene00010005,3,3,6
WBGene00010006,2623,1292,3915
WBGene00010007,1,2,3
WBGene00010008,8,127,135
WBGene00010009,23,225,248
WBGene00010010,35,326,361
WBGene00010011,18,46,64
WBGene00010012,1113,7676,8789
WBGene00010013,169,4442,4611
WBGene00010014,2,22,24
WBGene00010015,113,11722,11835
WBGene00010016,0,0,0
WBGene00010017,0,0,0
WBGene00010018,1,41,42
WBGene00010019,39,282,321
WBGene00010020,0,0,0
WBGene00010021,0,0,0
WBGene00010022,0,0,0
WBGene00010023,0,7,7
WBGene00010025,1,5,6
WBGene00010026,0,0,0
WBGene00010027,14,82,96
WBGene00010028,37,1070,1107
WBGene00010030,0,15,15
WBGene00010031,717,23,740
WBGene00010032,52,1326,1378
WBGene00010033,62,1044,1106
WBGene00010034,5,4,9
WBGene00010035,7,23,30
WBGene00010036,0,48,48
WBGene00010037,383,8869,9252
WBGene00010038,99,1738,1837
WBGene00010039,82,325,407
WBGene00010040,32,1265,1297
WBGene00010041,0,279,279
WBGene00010042,65,1587,1652
WBGene00010043,35,367,402
WBGene00010044,463,6975,7438
WBGene00010045,354,1962,2316
WBGene00010046,1,13,14
WBGene00010047,35,574,609
WBGene00010048,60,711,771
WBGene00010049,78,728,806
WBGene00010050,37,253,290
WBGene00010051,93,1262,1355
WBGene00010052,85,4686,4771
WBGene00010053,6,641,647
WBGene00010054,158,3139,3297
WBGene00010055,637,19274,19911
WBGene00010056,11,2545,2556
WBGene00010057,47,377,424
WBGene00010058,5,34,39
WBGene00010059,53,2133,2186
WBGene00010060,5,85,90
WBGene00010061,43,1384,1427
WBGene00010062,14,134,148
WBGene00010063,26,249,275
WBGene00010064,2,256,258
WBGene00010065,1,4,5
WBGene00010066,0,3,3
WBGene00010067,0,0,0
WBGene00010068,3,59,62
WBGene00010069,22,46,68
WBGene00010070,159,1276,1435
WBGene00010071,402,82,484
WBGene00010072,33,195,228
WBGene00010073,106,312,418
WBGene00010074,65,234,299
WBGene00010075,8,4583,4591
WBGene00010077,88,404,492
WBGene00010079,280,3421,3701
WBGene00010080,26,780,806
WBGene00010081,6,214,220
WBGene00010082,3,292,295
WBGene00010083,50,392,442
WBGene00010084,0,4,4
WBGene00010085,0,1,1
WBGene00010086,411,315,726
WBGene00010087,0,0,0
WBGene00010088,14,133,147
WBGene00010089,52,707,759
WBGene00010091,0,1,1
WBGene00010093,14,1193,1207
WBGene00010094,82,9100,9182
WBGene00010096,164,1428,1592
WBGene00010097,103,4408,4511
WBGene00010098,0,8,8
WBGene00010099,0,0,0
WBGene00010100,1,15,16
WBGene00010101,0,1,1
WBGene00010102,1,7,8
WBGene00010103,11,0,11
WBGene00010104,0,0,0
WBGene00010105,0,4,4
WBGene00010106,0,67,67
WBGene00010107,2,0,2
WBGene00010108,1,1,2
WBGene00010109,37,1714,1751
WBGene00010110,39,1148,1187
WBGene00010111,111,963,1074
WBGene00010113,164,1132,1296
WBGene00010114,1,1,2
WBGene00010115,70,1056,1126
WBGene00010116,44,106,150
WBGene00010117,185,3539,3724
WBGene00010118,9,26,35
WBGene00010119,5,43,48
WBGene00010120,5,11,16
WBGene00010121,1,6,7
WBGene00010122,1,27,28
WBGene00010123,12,167,179
WBGene00010124,6,49,55
WBGene00010125,2,17,19
WBGene00010126,0,0,0
WBGene00010127,0,0,0
WBGene00010128,5,59,64
WBGene00010129,0,0,0
WBGene00010130,70,7449,7519
WBGene00010131,30,679,709
WBGene00010132,192,887,1079
WBGene00010133,0,1750,1750
WBGene00010134,8,49,57
WBGene00010135,1,1444,1445
WBGene00010136,4,1,5
WBGene00010137,172,295,467
WBGene00010138,9,41,50
WBGene00010139,225,6858,7083
WBGene00010140,33,353,386
WBGene00010141,58,646,704
WBGene00010142,149,112,261
WBGene00010143,13,80,93
WBGene00010144,20,118,138
WBGene00010145,16,1,17
WBGene00010146,257,790,1047
WBGene00010147,2,3,5
WBGene00010148,10,127,137
WBGene00010149,0,0,0
WBGene00010150,141,182,323
WBGene00010152,1,9,10
WBGene00010153,0,10,10
WBGene00010155,12,34,46
WBGene00010157,0,1,1
WBGene00010158,0,0,0
WBGene00010159,401,1614,2015
WBGene00010160,179,833,1012
WBGene00010161,309,964,1273
WBGene00010162,0,2,2
WBGene00010163,92,231,323
WBGene00010164,4,2,6
WBGene00010165,29,46,75
WBGene00010166,5,8,13
WBGene00010167,20,3,23
WBGene00010168,6,27,33
WBGene00010169,0,0,0
WBGene00010170,1,1,2
WBGene00010171,0,0,0
WBGene00010172,1,1,2
WBGene00010173,3,11,14
WBGene00010174,427,7377,7804
WBGene00010175,139,744,883
WBGene00010176,8,79,87
WBGene00010177,532,3958,4490
WBGene00010178,98,2586,2684
WBGene00010179,102,852,954
WBGene00010180,2,4,6
WBGene00010181,2,1,3
WBGene00010182,1,10,11
WBGene00010183,3,21,24
WBGene00010184,2,12,14
WBGene00010185,3,41,44
WBGene00010186,2,28,30
WBGene00010187,6,9,15
WBGene00010188,8,270,278
WBGene00010189,4,48,52
WBGene00010191,44,2236,2280
WBGene00010192,14,609,623
WBGene00010193,2,299,301
WBGene00010194,1,51,52
WBGene00010195,14,179,193
WBGene00010196,5,13,18
WBGene00010197,46,1743,1789
WBGene00010198,72,472,544
WBGene00010199,115,3699,3814
WBGene00010200,67,109,176
WBGene00010202,7,313,320
WBGene00010203,0,11,11
WBGene00010204,3,3239,3242
WBGene00010205,8,136,144
WBGene00010206,0,1,1
WBGene00010212,182,23,205
WBGene00010214,34,241,275
WBGene00010215,4,11,15
WBGene00010216,1,0,1
WBGene00010217,0,5,5
WBGene00010218,0,7,7
WBGene00010219,0,0,0
WBGene00010220,2,2,4
WBGene00010221,95,7048,7143
WBGene00010222,38,124,162
WBGene00010223,25,51,76
WBGene00010224,60,299,359
WBGene00010225,113,2312,2425
WBGene00010226,0,15,15
WBGene00010227,51,652,703
WBGene00010228,14,15,29
WBGene00010229,108,914,1022
WBGene00010230,133,5044,5177
WBGene00010231,306,5995,6301
WBGene00010232,133,5773,5906
WBGene00010233,55,681,736
WBGene00010234,3,1555,1558
WBGene00010235,37,475,512
WBGene00010236,34,1167,1201
WBGene00010237,8,30,38
WBGene00010238,19,466,485
WBGene00010239,24,449,473
WBGene00010241,6,51,57
WBGene00010242,44,491,535
WBGene00010243,15,59,74
WBGene00010244,472,7272,7744
WBGene00010245,0,1,1
WBGene00010246,3,37,40
WBGene00010247,0,0,0
WBGene00010248,44,1151,1195
WBGene00010249,12,11,23
WBGene00010250,27,59,86
WBGene00010251,289,915,1204
WBGene00010253,6,63,69
WBGene00010254,0,7,7
WBGene00010255,0,0,0
WBGene00010256,6,69,75
WBGene00010257,0,9,9
WBGene00010258,48,442,490
WBGene00010259,1036,3149,4185
WBGene00010260,213,20396,20609
WBGene00010261,1,7,8
WBGene00010262,54,1849,1903
WBGene00010263,5,236,241
WBGene00010264,72,324,396
WBGene00010265,1,3,4
WBGene00010266,168,2786,2954
WBGene00010267,7,69,76
WBGene00010268,32,759,791
WBGene00010269,49,2354,2403
WBGene00010270,0,1,1
WBGene00010272,314,2648,2962
WBGene00010273,4,11,15
WBGene00010274,12,132,144
WBGene00010275,70,239,309
WBGene00010277,1,63,64
WBGene00010278,0,25,25
WBGene00010279,100,4299,4399
WBGene00010280,123,2989,3112
WBGene00010281,6,375,381
WBGene00010282,23,31,54
WBGene00010283,31,477,508
WBGene00010284,173,3661,3834
WBGene00010285,3,82,85
WBGene00010286,25,771,796
WBGene00010288,62,821,883
WBGene00010289,1,5,6
WBGene00010290,37,2252,2289
WBGene00010291,73,566,639
WBGene00010292,0,0,0
WBGene00010293,6,177,183
WBGene00010296,0,351,351
WBGene00010297,4,15,19
WBGene00010298,0,3,3
WBGene00010299,2,1,3
WBGene00010300,0,0,0
WBGene00010301,0,0,0
WBGene00010302,403,1484,1887
WBGene00010303,365,45526,45891
WBGene00010304,140,964,1104
WBGene00010305,136,2093,2229
WBGene00010306,534,2978,3512
WBGene00010307,0,429,429
WBGene00010308,60,418,478
WBGene00010309,24,268,292
WBGene00010310,11,263,274
WBGene00010311,1,109,110
WBGene00010314,0,2,2
WBGene00010315,59,344,403
WBGene00010316,132,447,579
WBGene00010317,304,23565,23869
WBGene00010318,24,231,255
WBGene00010319,46,465,511
WBGene00010320,136,1108,1244
WBGene00010321,38,963,1001
WBGene00010322,29,17,46
WBGene00010323,1,5,6
WBGene00010324,0,0,0
WBGene00010325,14,1753,1767
WBGene00010326,1108,11134,12242
WBGene00010327,264,530,794
WBGene00010328,16,243,259
WBGene00010329,44,535,579
WBGene00010330,264740,48,264788
WBGene00010331,85,403,488
WBGene00010332,11,360,371
WBGene00010333,285,6285,6570
WBGene00010334,16,112,128
WBGene00010335,235,960,1195
WBGene00010336,30,104,134
WBGene00010337,1293,12110,13403
WBGene00010338,83,995,1078
WBGene00010339,20,977,997
WBGene00010340,18,100,118
WBGene00010341,14,92,106
WBGene00010342,28,65,93
WBGene00010343,0,1,1
WBGene00010344,23,154,177
WBGene00010345,35,94,129
WBGene00010348,10,386,396
WBGene00010349,33,194,227
WBGene00010350,332,961,1293
WBGene00010351,5,308,313
WBGene00010352,10,10,20
WBGene00010353,0,92,92
WBGene00010354,344,248,592
WBGene00010355,0,1,1
WBGene00010356,51,1027,1078
WBGene00010357,47,686,733
WBGene00010358,0,6,6
WBGene00010359,1,1,2
WBGene00010360,0,6,6
WBGene00010361,17,10,27
WBGene00010362,2,287,289
WBGene00010363,15,188,203
WBGene00010364,1,63,64
WBGene00010365,4,9,13
WBGene00010366,7,2,9
WBGene00010367,32,345,377
WBGene00010368,6,7,13
WBGene00010369,181,4759,4940
WBGene00010370,663,5576,6239
WBGene00010372,12,20,32
WBGene00010373,6,27,33
WBGene00010374,375,1848,2223
WBGene00010375,17,309,326
WBGene00010377,0,0,0
WBGene00010378,0,0,0
WBGene00010379,0,0,0
WBGene00010380,0,2,2
WBGene00010381,2,0,2
WBGene00010382,0,35,35
WBGene00010383,51,605,656
WBGene00010385,313,648,961
WBGene00010386,211,232,443
WBGene00010387,1,8,9
WBGene00010388,5,5,10
WBGene00010389,22,2,24
WBGene00010391,2,6,8
WBGene00010392,4,0,4
WBGene00010394,8,2,10
WBGene00010395,0,0,0
WBGene00010396,30,255,285
WBGene00010397,11,612,623
WBGene00010399,0,0,0
WBGene00010401,0,2,2
WBGene00010403,3,3,6
WBGene00010404,0,0,0
WBGene00010405,181,7388,7569
WBGene00010406,61,4209,4270
WBGene00010407,79,2170,2249
WBGene00010408,100,2158,2258
WBGene00010409,65,755,820
WBGene00010410,0,0,0
WBGene00010411,0,2,2
WBGene00010412,0,0,0
WBGene00010413,1,1,2
WBGene00010414,1,1,2
WBGene00010415,1,1,2
WBGene00010416,269,2951,3220
WBGene00010417,0,0,0
WBGene00010418,20,776,796
WBGene00010419,3302,158154,161456
WBGene00010420,118,1083,1201
WBGene00010421,29,210,239
WBGene00010422,31,501,532
WBGene00010423,44,79,123
WBGene00010424,4,55,59
WBGene00010425,224,12642,12866
WBGene00010426,3,20,23
WBGene00010427,585,1141,1726
WBGene00010428,167,2420,2587
WBGene00010429,4,4,8
WBGene00010432,4,1217,1221
WBGene00010433,105,1392,1497
WBGene00010434,92,95,187
WBGene00010435,370,5892,6262
WBGene00010436,0,355,355
WBGene00010437,117,1126,1243
WBGene00010439,39,895,934
WBGene00010440,1256,22587,23843
WBGene00010442,74,624,698
WBGene00010444,394,1830,2224
WBGene00010446,2,73,75
WBGene00010447,5,14,19
WBGene00010448,35,135,170
WBGene00010449,49,475,524
WBGene00010450,153,1813,1966
WBGene00010451,29,11,40
WBGene00010453,25,183,208
WBGene00010454,23,237,260
WBGene00010455,16,138,154
WBGene00010456,59,1225,1284
WBGene00010457,6,81,87
WBGene00010458,22,2650,2672
WBGene00010459,3,1098,1101
WBGene00010460,5,16,21
WBGene00010461,1,9,10
WBGene00010464,0,5,5
WBGene00010465,82,1370,1452
WBGene00010466,1,6,7
WBGene00010467,0,4,4
WBGene00010468,1,42,43
WBGene00010469,1,11,12
WBGene00010470,139,899,1038
WBGene00010471,297,4999,5296
WBGene00010472,4,1575,1579
WBGene00010473,43,241,284
WBGene00010474,0,6,6
WBGene00010475,584,805,1389
WBGene00010476,55,1955,2010
WBGene00010477,4,206,210
WBGene00010478,130,33273,33403
WBGene00010479,146,1589,1735
WBGene00010480,968,5400,6368
WBGene00010481,18,975,993
WBGene00010483,1,5,6
WBGene00010484,79,1511,1590
WBGene00010485,0,36,36
WBGene00010486,1,3,4
WBGene00010487,10,14,24
WBGene00010488,700,6446,7146
WBGene00010491,3,1410,1413
WBGene00010492,0,3,3
WBGene00010493,1,3,4
WBGene00010494,0,3,3
WBGene00010495,1,8,9
WBGene00010496,104,1468,1572
WBGene00010497,49,326,375
WBGene00010498,120,632,752
WBGene00010499,1,8,9
WBGene00010500,235,3255,3490
WBGene00010501,13,198,211
WBGene00010502,54,1475,1529
WBGene00010503,25,301,326
WBGene00010504,20,198,218
WBGene00010505,52,226,278
WBGene00010506,6,41,47
WBGene00010507,451,3913,4364
WBGene00010508,17,4,21
WBGene00010509,0,2,2
WBGene00010510,2,0,2
WBGene00010511,0,0,0
WBGene00010512,221,3994,4215
WBGene00010513,415,3356,3771
WBGene00010514,339,4266,4605
WBGene00010515,208,3982,4190
WBGene00010516,42,630,672
WBGene00010518,47,373,420
WBGene00010519,1,13,14
WBGene00010520,14,269,283
WBGene00010521,13,82,95
WBGene00010522,11,271,282
WBGene00010523,2,3,5
WBGene00010524,5,419,424
WBGene00010525,20,278,298
WBGene00010526,0,0,0
WBGene00010527,0,0,0
WBGene00010528,0,3,3
WBGene00010530,0,0,0
WBGene00010531,0,0,0
WBGene00010534,17,1,18
WBGene00010535,1,0,1
WBGene00010536,9,0,9
WBGene00010537,224,591,815
WBGene00010538,17,105,122
WBGene00010539,258,3635,3893
WBGene00010540,21,136,157
WBGene00010541,366,3922,4288
WBGene00010542,4,775,779
WBGene00010544,2,1,3
WBGene00010545,4,58,62
WBGene00010546,2,150,152
WBGene00010547,0,1,1
WBGene00010550,115,1334,1449
WBGene00010551,103,1193,1296
WBGene00010552,26,540,566
WBGene00010553,18,357,375
WBGene00010554,2,38,40
WBGene00010555,0,1,1
WBGene00010556,669,356984,357653
WBGene00010557,21,1595,1616
WBGene00010558,50,173,223
WBGene00010559,2,76,78
WBGene00010560,375,15466,15841
WBGene00010562,60,1568,1628
WBGene00010563,19,36,55
WBGene00010564,181,2829,3010
WBGene00010565,8,419,427
WBGene00010566,31,145,176
WBGene00010567,76,1206,1282
WBGene00010568,15,39,54
WBGene00010569,35,428,463
WBGene00010570,1,3,4
WBGene00010571,3,29,32
WBGene00010572,22,317,339
WBGene00010573,23,184,207
WBGene00010574,0,29,29
WBGene00010575,17,531,548
WBGene00010576,0,1,1
WBGene00010577,1,0,1
WBGene00010578,2,1,3
WBGene00010579,41,6832,6873
WBGene00010580,50,18,68
WBGene00010581,3,62,65
WBGene00010582,216,3057,3273
WBGene00010583,1,1751,1752
WBGene00010584,8,16,24
WBGene00010585,207,520,727
WBGene00010586,4,4,8
WBGene00010587,46,187,233
WBGene00010588,0,3,3
WBGene00010589,0,42,42
WBGene00010590,0,0,0
WBGene00010591,3,5,8
WBGene00010592,10,154,164
WBGene00010593,919,14756,15675
WBGene00010594,52,285,337
WBGene00010595,103,1209,1312
WBGene00010596,0,10,10
WBGene00010597,138,166,304
WBGene00010598,0,0,0
WBGene00010599,7,5,12
WBGene00010600,0,0,0
WBGene00010601,1,3,4
WBGene00010602,0,6,6
WBGene00010603,6,19,25
WBGene00010604,0,54,54
WBGene00010605,103,873,976
WBGene00010606,2,28,30
WBGene00010607,18,14,32
WBGene00010608,64,484,548
WBGene00010609,308,2962,3270
WBGene00010610,221,2235,2456
WBGene00010611,1,3,4
WBGene00010612,1,12,13
WBGene00010613,0,4,4
WBGene00010614,3,13,16
WBGene00010615,106,1631,1737
WBGene00010616,172,8850,9022
WBGene00010617,12,136,148
WBGene00010619,97,1245,1342
WBGene00010620,154,2369,2523
WBGene00010621,3,303,306
WBGene00010622,47,909,956
WBGene00010623,24,95,119
WBGene00010624,293,4870,5163
WBGene00010625,96,1852,1948
WBGene00010626,475,3139,3614
WBGene00010627,1725,32427,34152
WBGene00010628,22,195,217
WBGene00010629,139,3818,3957
WBGene00010630,18,175,193
WBGene00010631,306,3246,3552
WBGene00010632,108,778,886
WBGene00010633,0,0,0
WBGene00010634,0,2,2
WBGene00010635,1,3,4
WBGene00010636,11,78,89
WBGene00010637,23,228,251
WBGene00010638,254,2952,3206
WBGene00010639,497,7140,7637
WBGene00010640,88,441,529
WBGene00010641,58,1640,1698
WBGene00010642,58,508,566
WBGene00010643,19,154,173
WBGene00010644,8,46,54
WBGene00010645,147,2951,3098
WBGene00010646,71,81,152
WBGene00010647,9,1254,1263
WBGene00010648,198,2419,2617
WBGene00010649,279,2339,2618
WBGene00010650,1,1,2
WBGene00010651,1,2,3
WBGene00010652,1,10,11
WBGene00010653,0,0,0
WBGene00010654,6,20,26
WBGene00010655,2,5,7
WBGene00010656,0,2,2
WBGene00010657,3,117,120
WBGene00010658,19,354,373
WBGene00010659,4,78,82
WBGene00010660,38,312,350
WBGene00010661,3,267,270
WBGene00010662,4,24,28
WBGene00010663,78,322,400
WBGene00010664,70,1711,1781
WBGene00010665,395,6964,7359
WBGene00010666,3,372,375
WBGene00010667,68,712,780
WBGene00010668,1,1,2
WBGene00010669,19,45,64
WBGene00010670,29,4666,4695
WBGene00010671,24,1163,1187
WBGene00010672,0,2,2
WBGene00010673,3,22,25
WBGene00010674,19,543,562
WBGene00010675,258,2624,2882
WBGene00010676,94,1662,1756
WBGene00010677,168,14268,14436
WBGene00010678,27,557,584
WBGene00010679,10,29,39
WBGene00010680,2,19,21
WBGene00010681,652,22219,22871
WBGene00010682,9,43,52
WBGene00010683,19,134,153
WBGene00010684,2,1,3
WBGene00010685,129,2115,2244
WBGene00010686,6,126,132
WBGene00010687,50,1594,1644
WBGene00010688,0,3,3
WBGene00010689,0,7,7
WBGene00010690,0,4,4
WBGene00010691,1,39,40
WBGene00010692,1,2,3
WBGene00010693,48,73,121
WBGene00010694,6,8,14
WBGene00010697,89,1811,1900
WBGene00010698,5,4,9
WBGene00010699,293,2783,3076
WBGene00010700,221,2547,2768
WBGene00010701,169,4472,4641
WBGene00010702,78,458,536
WBGene00010703,1235,9353,10588
WBGene00010704,15,543,558
WBGene00010705,11,82,93
WBGene00010706,2,16,18
WBGene00010707,2,2,4
WBGene00010708,27,89,116
WBGene00010709,104,538,642
WBGene00010711,0,291,291
WBGene00010712,5,30,35
WBGene00010713,325,1422,1747
WBGene00010714,36,38,74
WBGene00010715,0,0,0
WBGene00010716,18,174,192
WBGene00010717,3,37,40
WBGene00010718,1,15,16
WBGene00010719,3,6,9
WBGene00010720,46,1207,1253
WBGene00010721,69,1468,1537
WBGene00010722,54,333,387
WBGene00010723,6,312,318
WBGene00010724,150,705,855
WBGene00010725,75,993,1068
WBGene00010726,839,786,1625
WBGene00010727,113,4302,4415
WBGene00010728,0,4,4
WBGene00010729,3,0,3
WBGene00010730,27,3050,3077
WBGene00010731,380,3010,3390
WBGene00010732,336,2408,2744
WBGene00010734,24,257,281
WBGene00010735,42,148,190
WBGene00010736,277,3413,3690
WBGene00010737,11,281,292
WBGene00010738,998,1277,2275
WBGene00010740,0,940,940
WBGene00010741,0,152,152
WBGene00010742,226,4423,4649
WBGene00010743,1,21,22
WBGene00010744,110,1055,1165
WBGene00010745,2,78,80
WBGene00010746,16,0,16
WBGene00010747,9,23,32
WBGene00010748,1,1,2
WBGene00010749,8,89,97
WBGene00010750,6,21,27
WBGene00010752,2,33,35
WBGene00010754,1,0,1
WBGene00010755,8,184,192
WBGene00010756,65,706,771
WBGene00010757,12,413,425
WBGene00010758,69,758,827
WBGene00010759,99,1260,1359
WBGene00010760,1,6,7
WBGene00010761,5,7,12
WBGene00010762,3,14,17
WBGene00010763,0,0,0
WBGene00010764,1,1,2
WBGene00010765,7,47,54
WBGene00010766,49,3146,3195
WBGene00010767,8,413,421
WBGene00010768,32,59,91
WBGene00010769,38,697,735
WBGene00010770,96,249,345
WBGene00010771,38,712,750
WBGene00010772,1597,3088,4685
WBGene00010773,149,2630,2779
WBGene00010774,6,71,77
WBGene00010775,15,23,38
WBGene00010776,110,854,964
WBGene00010778,277,6780,7057
WBGene00010779,3,3,6
WBGene00010780,102,2043,2145
WBGene00010781,9,103,112
WBGene00010782,7,75,82
WBGene00010783,189,2414,2603
WBGene00010784,76,304,380
WBGene00010785,92,5426,5518
WBGene00010786,17,21,38
WBGene00010787,5,127,132
WBGene00010788,33,100,133
WBGene00010789,39,39,78
WBGene00010790,339,47689,48028
WBGene00010791,4,176,180
WBGene00010792,49,185,234
WBGene00010793,114,1021,1135
WBGene00010794,533,16500,17033
WBGene00010795,19,291,310
WBGene00010796,353,3550,3903
WBGene00010797,0,2,2
WBGene00010798,0,0,0
WBGene00010799,11,86,97
WBGene00010800,1,1,2
WBGene00010801,0,1,1
WBGene00010802,1,1,2
WBGene00010803,16,658,674
WBGene00010804,1,4,5
WBGene00010805,21,463,484
WBGene00010806,189,2496,2685
WBGene00010807,17,1075,1092
WBGene00010808,0,3,3
WBGene00010809,39,6037,6076
WBGene00010810,167,1646,1813
WBGene00010811,40,985,1025
WBGene00010812,434,8726,9160
WBGene00010813,229,712,941
WBGene00010814,53,354,407
WBGene00010815,104,568,672
WBGene00010817,0,0,0
WBGene00010819,1,2,3
WBGene00010820,4,2,6
WBGene00010821,0,1,1
WBGene00010822,2,43,45
WBGene00010823,1,1,2
WBGene00010825,4,3,7
WBGene00010827,56,1115,1171
WBGene00010828,760,3124,3884
WBGene00010829,2,16,18
WBGene00010830,8,22,30
WBGene00010831,6,21,27
WBGene00010832,0,3,3
WBGene00010833,67,765,832
WBGene00010834,25,2435,2460
WBGene00010835,14,190,204
WBGene00010836,623,153,776
WBGene00010837,64,1850,1914
WBGene00010838,127,902,1029
WBGene00010839,64,476,540
WBGene00010840,565,1692,2257
WBGene00010842,473,3084,3557
WBGene00010843,25,153,178
WBGene00010844,155,2729,2884
WBGene00010845,267,4976,5243
WBGene00010846,36,261,297
WBGene00010847,98,1704,1802
WBGene00010848,5,257,262
WBGene00010849,193,235,428
WBGene00010850,46,168,214
WBGene00010851,0,35,35
WBGene00010854,0,3,3
WBGene00010855,52,5,57
WBGene00010856,536,2250,2786
WBGene00010857,19,63,82
WBGene00010858,27,434,461
WBGene00010859,9,54,63
WBGene00010862,0,4,4
WBGene00010863,8,15,23
WBGene00010864,28,267,295
WBGene00010865,17,115,132
WBGene00010866,0,1,1
WBGene00010867,108,1331,1439
WBGene00010868,288,7891,8179
WBGene00010869,2,49,51
WBGene00010870,36,355,391
WBGene00010871,17,127,144
WBGene00010872,58,4956,5014
WBGene00010873,32,401,433
WBGene00010874,165,111,276
WBGene00010875,67,1391,1458
WBGene00010876,23,25,48
WBGene00010877,185,1853,2038
WBGene00010878,100,3778,3878
WBGene00010879,128,11211,11339
WBGene00010880,91,114,205
WBGene00010881,70,256,326
WBGene00010882,56,1701,1757
WBGene00010883,3,10,13
WBGene00010884,63,356,419
WBGene00010885,1,0,1
WBGene00010886,1,0,1
WBGene00010887,347,3737,4084
WBGene00010888,1487,14671,16158
WBGene00010889,10,346,356
WBGene00010890,156,2617,2773
WBGene00010891,5,1003,1008
WBGene00010892,12,654,666
WBGene00010893,18,311,329
WBGene00010894,4,2,6
WBGene00010895,0,1,1
WBGene00010896,594,71335,71929
WBGene00010897,240,760,1000
WBGene00010898,82,538,620
WBGene00010899,19,111,130
WBGene00010900,1,1,2
WBGene00010901,1,44,45
WBGene00010902,108,936,1044
WBGene00010904,12,277,289
WBGene00010905,171,5440,5611
WBGene00010906,4,30,34
WBGene00010907,10,201,211
WBGene00010908,210,3561,3771
WBGene00010909,230,3852,4082
WBGene00010910,500,696,1196
WBGene00010911,163,1636,1799
WBGene00010912,167,4195,4362
WBGene00010913,78,1678,1756
WBGene00010915,0,2,2
WBGene00010916,4,48,52
WBGene00010917,4,52,56
WBGene00010918,265,1394,1659
WBGene00010919,4,27,31
WBGene00010920,4,10,14
WBGene00010922,2,1332,1334
WBGene00010923,251,1007,1258
WBGene00010924,4,70,74
WBGene00010925,6,6,12
WBGene00010926,0,1,1
WBGene00010927,0,0,0
WBGene00010928,0,16,16
WBGene00010929,0,6,6
WBGene00010931,9,108,117
WBGene00010933,1,1,2
WBGene00010934,3,39,42
WBGene00010935,35,4882,4917
WBGene00010936,59,595,654
WBGene00010937,0,18,18
WBGene00010938,7,11,18
WBGene00010939,31,24,55
WBGene00010940,2,525,527
WBGene00010941,87,1142,1229
WBGene00010942,653,12120,12773
WBGene00010943,12,391,403
WBGene00010944,38,1352,1390
WBGene00010945,2,99,101
WBGene00010946,10,3,13
WBGene00010947,0,419,419
WBGene00010948,3,27,30
WBGene00010949,1,3,4
WBGene00010950,2,3,5
WBGene00010951,83,496,579
WBGene00010953,0,0,0
WBGene00010954,0,0,0
WBGene00010955,1,0,1
WBGene00010956,0,7,7
WBGene00010957,0,839236,839236
WBGene00010958,0,277610,277610
WBGene00010959,0,180696,180696
WBGene00010960,0,842896,842896
WBGene00010961,0,52882,52882
WBGene00010962,0,646715,646715
WBGene00010963,0,77155,77155
WBGene00010964,0,318469,318469
WBGene00010965,0,591158,591158
WBGene00010966,0,14611,14611
WBGene00010967,0,71524,71524
WBGene00010968,8,91,99
WBGene00010969,1,8,9
WBGene00010970,177,1275,1452
WBGene00010971,13,152,165
WBGene00010972,10,276,286
WBGene00010973,16,68,84
WBGene00010974,69,393,462
WBGene00010975,104,778,882
WBGene00010976,4,645,649
WBGene00010977,31,350,381
WBGene00010978,1,17,18
WBGene00010979,28,51,79
WBGene00010980,1,7,8
WBGene00010981,68,964,1032
WBGene00010982,128,1955,2083
WBGene00010983,38,57,95
WBGene00010984,26,2350,2376
WBGene00010985,23,116,139
WBGene00010986,45,198,243
WBGene00010987,6,20,26
WBGene00010988,68,1548,1616
WBGene00010989,6,150,156
WBGene00010990,129,2238,2367
WBGene00010991,11,26,37
WBGene00010992,0,1,1
WBGene00010993,43,4573,4616
WBGene00010994,201,2622,2823
WBGene00010995,1,0,1
WBGene00010996,0,1,1
WBGene00010998,1,13,14
WBGene00010999,11,10,21
WBGene00011000,9,25,34
WBGene00011001,4,10,14
WBGene00011002,42,228,270
WBGene00011003,169,1299,1468
WBGene00011004,276,1597,1873
WBGene00011005,2,11,13
WBGene00011006,3,80,83
WBGene00011008,1,0,1
WBGene00011009,0,16,16
WBGene00011010,0,0,0
WBGene00011011,0,1,1
WBGene00011012,0,0,0
WBGene00011013,1,29,30
WBGene00011014,33,192,225
WBGene00011015,5186,88480,93666
WBGene00011016,22,1809,1831
WBGene00011017,8,3207,3215
WBGene00011018,1118,4834,5952
WBGene00011019,505,10585,11090
WBGene00011020,130,2801,2931
WBGene00011021,171,1988,2159
WBGene00011023,0,7,7
WBGene00011024,0,1,1
WBGene00011025,0,0,0
WBGene00011026,1500,6965,8465
WBGene00011027,65,116,181
WBGene00011028,1099,1253,2352
WBGene00011029,280,2260,2540
WBGene00011030,67,270,337
WBGene00011032,104,2774,2878
WBGene00011033,33,1361,1394
WBGene00011034,44,1319,1363
WBGene00011035,198,2299,2497
WBGene00011036,47,873,920
WBGene00011037,37,848,885
WBGene00011038,352,10970,11322
WBGene00011039,11,186,197
WBGene00011040,28,541,569
WBGene00011041,0,1,1
WBGene00011042,1,118,119
WBGene00011043,516,3501,4017
WBGene00011044,101,261,362
WBGene00011045,245,1393,1638
WBGene00011046,2,12,14
WBGene00011047,21,695,716
WBGene00011049,3,13,16
WBGene00011050,198,2024,2222
WBGene00011051,669,2078,2747
WBGene00011052,7,6,13
WBGene00011053,5,3,8
WBGene00011054,53,1045,1098
WBGene00011055,117,2039,2156
WBGene00011056,2,3,5
WBGene00011058,358,1185,1543
WBGene00011059,6298,121038,127336
WBGene00011060,106,1280,1386
WBGene00011061,51,1291,1342
WBGene00011062,3,97,100
WBGene00011063,10,133,143
WBGene00011064,164,2521,2685
WBGene00011065,11,182,193
WBGene00011066,33,337,370
WBGene00011067,76,1077,1153
WBGene00011068,34,843,877
WBGene00011069,14,113,127
WBGene00011070,118,4194,4312
WBGene00011071,108,1250,1358
WBGene00011072,1407,16407,17814
WBGene00011073,2,130,132
WBGene00011074,14,96,110
WBGene00011075,19,33,52
WBGene00011076,6,72,78
WBGene00011077,20,10,30
WBGene00011078,0,9,9
WBGene00011079,6,92,98
WBGene00011081,3,49,52
WBGene00011082,8,96,104
WBGene00011083,14,45,59
WBGene00011084,1,0,1
WBGene00011087,37,399,436
WBGene00011088,3,114,117
WBGene00011089,6,636,642
WBGene00011090,36,246,282
WBGene00011092,50,377,427
WBGene00011093,43,315,358
WBGene00011094,10,126,136
WBGene00011095,30,1986,2016
WBGene00011096,2,8,10
WBGene00011097,76,508,584
WBGene00011098,10,88,98
WBGene00011099,17,186,203
WBGene00011100,54,244,298
WBGene00011101,70,100,170
WBGene00011102,21,1056,1077
WBGene00011103,2,265,267
WBGene00011104,13,10,23
WBGene00011105,76,1155,1231
WBGene00011106,76,2072,2148
WBGene00011107,12,220,232
WBGene00011108,17,560,577
WBGene00011109,60,1744,1804
WBGene00011110,779,7291,8070
WBGene00011111,66,3842,3908
WBGene00011112,10,825,835
WBGene00011113,14,24,38
WBGene00011114,8,26,34
WBGene00011115,64,2003,2067
WBGene00011116,110,5528,5638
WBGene00011117,12,265,277
WBGene00011119,1215,15052,16267
WBGene00011120,0,14,14
WBGene00011121,34,336,370
WBGene00011122,411,3882,4293
WBGene00011123,258,1076,1334
WBGene00011124,6,303,309
WBGene00011127,0,9,9
WBGene00011128,61,8187,8248
WBGene00011129,0,24,24
WBGene00011130,2283,1,2284
WBGene00011131,139,350,489
WBGene00011132,0,1,1
WBGene00011133,2,9,11
WBGene00011134,0,0,0
WBGene00011135,0,0,0
WBGene00011136,3,34,37
WBGene00011137,1,214,215
WBGene00011139,82,1302,1384
WBGene00011140,7,72,79
WBGene00011141,44,506,550
WBGene00011142,112,1993,2105
WBGene00011143,87,1182,1269
WBGene00011144,265,3053,3318
WBGene00011145,33,805,838
WBGene00011146,281,1818,2099
WBGene00011147,19,140,159
WBGene00011150,2,2,4
WBGene00011151,1,2,3
WBGene00011152,1,1,2
WBGene00011153,4,2,6
WBGene00011154,55,1278,1333
WBGene00011155,806,12979,13785
WBGene00011156,9505,169172,178677
WBGene00011157,0,1,1
WBGene00011158,0,10,10
WBGene00011159,0,0,0
WBGene00011161,0,8,8
WBGene00011162,0,0,0
WBGene00011163,0,0,0
WBGene00011164,0,0,0
WBGene00011166,1,5,6
WBGene00011167,1,12,13
WBGene00011168,0,7,7
WBGene00011169,0,0,0
WBGene00011170,0,0,0
WBGene00011171,58,149,207
WBGene00011172,0,24,24
WBGene00011173,1,1,2
WBGene00011175,2,10,12
WBGene00011176,0,8,8
WBGene00011177,0,1,1
WBGene00011179,37,504,541
WBGene00011180,11,67,78
WBGene00011181,29,686,715
WBGene00011182,66,393,459
WBGene00011183,3,3,6
WBGene00011184,1,19,20
WBGene00011185,2,150,152
WBGene00011186,2,3,5
WBGene00011187,0,33,33
WBGene00011188,13,174,187
WBGene00011189,25,212,237
WBGene00011190,23,112,135
WBGene00011191,0,21,21
WBGene00011192,10,9,19
WBGene00011193,33,1495,1528
WBGene00011194,118,703,821
WBGene00011195,9,1902,1911
WBGene00011196,0,0,0
WBGene00011197,11,59,70
WBGene00011198,64,3042,3106
WBGene00011200,5,11,16
WBGene00011201,18,157,175
WBGene00011202,4,7,11
WBGene00011203,7,38,45
WBGene00011205,180,3178,3358
WBGene00011206,71,708,779
WBGene00011207,23,28,51
WBGene00011208,0,1,1
WBGene00011209,2,4,6
WBGene00011211,10,0,10
WBGene00011212,1,29,30
WBGene00011213,6,17,23
WBGene00011214,4,112,116
WBGene00011215,61,180,241
WBGene00011216,112,1426,1538
WBGene00011217,64,507,571
WBGene00011218,38,417,455
WBGene00011219,4,9,13
WBGene00011220,4,117,121
WBGene00011221,239,2183,2422
WBGene00011222,38,705,743
WBGene00011223,23,316,339
WBGene00011224,45,463,508
WBGene00011225,23,435,458
WBGene00011226,110,710,820
WBGene00011227,4,445,449
WBGene00011228,0,11,11
WBGene00011229,0,0,0
WBGene00011230,85,3899,3984
WBGene00011231,25,2558,2583
WBGene00011232,2545,58543,61088
WBGene00011234,0,80,80
WBGene00011235,31,199,230
WBGene00011236,21,335,356
WBGene00011237,58,2077,2135
WBGene00011238,20,50,70
WBGene00011239,227,5598,5825
WBGene00011240,303,5059,5362
WBGene00011241,19,86,105
WBGene00011242,39,645,684
WBGene00011243,2,24,26
WBGene00011244,7,1201,1208
WBGene00011245,1,3,4
WBGene00011246,9,17,26
WBGene00011247,403,6697,7100
WBGene00011248,59,1149,1208
WBGene00011249,4,5,9
WBGene00011250,44,1681,1725
WBGene00011251,72,268,340
WBGene00011252,0,38,38
WBGene00011253,43,1479,1522
WBGene00011254,35,1865,1900
WBGene00011255,18,70,88
WBGene00011257,3,334,337
WBGene00011258,7,175,182
WBGene00011259,368,2273,2641
WBGene00011260,9,38,47
WBGene00011261,492,486,978
WBGene00011262,14,162,176
WBGene00011263,8,1153,1161
WBGene00011264,8,20,28
WBGene00011265,7,217,224
WBGene00011266,0,148,148
WBGene00011267,3,81,84
WBGene00011268,183,1208,1391
WBGene00011269,46,146,192
WBGene00011270,345,6329,6674
WBGene00011271,105,1030,1135
WBGene00011272,87,1661,1748
WBGene00011273,2430,110367,112797
WBGene00011274,99,954,1053
WBGene00011275,33,615,648
WBGene00011276,110,2163,2273
WBGene00011277,0,14,14
WBGene00011278,0,63,63
WBGene00011279,785,3716,4501
WBGene00011280,75,1457,1532
WBGene00011281,206,2652,2858
WBGene00011282,257,2773,3030
WBGene00011283,629,5322,5951
WBGene00011284,21,1856,1877
WBGene00011285,29,317,346
WBGene00011286,33,556,589
WBGene00011287,51,505,556
WBGene00011288,0,78,78
WBGene00011289,13,8446,8459
WBGene00011290,0,3,3
WBGene00011291,36,329,365
WBGene00011292,273,3112,3385
WBGene00011293,23,10,33
WBGene00011295,0,0,0
WBGene00011296,3,37,40
WBGene00011297,0,0,0
WBGene00011298,143,835,978
WBGene00011299,344,1714,2058
WBGene00011300,150,10040,10190
WBGene00011302,461,2391,2852
WBGene00011303,327,2748,3075
WBGene00011304,4257,8560,12817
WBGene00011305,25,1069,1094
WBGene00011306,79,1422,1501
WBGene00011307,110,744,854
WBGene00011308,243,4734,4977
WBGene00011309,543,2629,3172
WBGene00011310,14,174,188
WBGene00011311,435,4724,5159
WBGene00011312,7,1072,1079
WBGene00011313,1,62,63
WBGene00011314,64,375,439
WBGene00011315,9,170,179
WBGene00011317,32,566,598
WBGene00011318,12,629,641
WBGene00011319,58,881,939
WBGene00011320,0,24,24
WBGene00011321,1,130,131
WBGene00011322,2,6,8
WBGene00011323,112,2051,2163
WBGene00011324,6,528,534
WBGene00011325,10,168,178
WBGene00011326,74,1119,1193
WBGene00011327,0,10,10
WBGene00011328,261,760,1021
WBGene00011329,87,1288,1375
WBGene00011330,10,339,349
WBGene00011331,3119,1454,4573
WBGene00011333,162,3251,3413
WBGene00011334,131,3536,3667
WBGene00011335,26,115,141
WBGene00011336,1,3,4
WBGene00011337,152,8075,8227
WBGene00011338,230,1834,2064
WBGene00011339,25,106,131
WBGene00011340,7,34,41
WBGene00011341,0,5,5
WBGene00011342,0,4,4
WBGene00011344,402,1859,2261
WBGene00011345,5,498,503
WBGene00011348,106,896,1002
WBGene00011349,93,1705,1798
WBGene00011350,1,40,41
WBGene00011351,20,128,148
WBGene00011352,177,2204,2381
WBGene00011353,60,665,725
WBGene00011354,8,32,40
WBGene00011355,3,58,61
WBGene00011356,1,5,6
WBGene00011358,2,3,5
WBGene00011359,25,20,45
WBGene00011360,3,20,23
WBGene00011361,8,74,82
WBGene00011362,0,6,6
WBGene00011363,0,68,68
WBGene00011364,4,26,30
WBGene00011365,1,17,18
WBGene00011366,15,192,207
WBGene00011367,61,1170,1231
WBGene00011368,79,788,867
WBGene00011371,13,77,90
WBGene00011372,202,247,449
WBGene00011373,0,0,0
WBGene00011374,1553,15075,16628
WBGene00011375,160,1303,1463
WBGene00011376,17,472,489
WBGene00011378,7,10,17
WBGene00011379,2,3,5
WBGene00011380,41,364,405
WBGene00011381,18,147,165
WBGene00011382,39,512,551
WBGene00011383,103,3590,3693
WBGene00011384,10,23,33
WBGene00011385,98,491,589
WBGene00011386,0,3,3
WBGene00011387,0,1,1
WBGene00011388,1,2,3
WBGene00011389,0,0,0
WBGene00011390,0,0,0
WBGene00011391,478,4239,4717
WBGene00011392,137,17529,17666
WBGene00011393,29,883,912
WBGene00011394,6,26,32
WBGene00011395,1,1,2
WBGene00011396,5,45,50
WBGene00011397,6,19,25
WBGene00011398,345,5367,5712
WBGene00011399,0,383,383
WBGene00011400,104,538,642
WBGene00011401,3,42,45
WBGene00011402,10,12,22
WBGene00011403,1,5,6
WBGene00011404,17,200,217
WBGene00011407,94,761,855
WBGene00011408,307,7200,7507
WBGene00011409,30,3393,3423
WBGene00011410,2,1407,1409
WBGene00011411,2,655,657
WBGene00011412,168,5471,5639
WBGene00011414,2,3,5
WBGene00011415,43,516,559
WBGene00011416,0,0,0
WBGene00011417,0,0,0
WBGene00011418,0,0,0
WBGene00011419,0,0,0
WBGene00011420,0,0,0
WBGene00011422,175,1533,1708
WBGene00011423,116,1338,1454
WBGene00011424,3,40,43
WBGene00011425,44,75,119
WBGene00011426,41,62,103
WBGene00011427,12,22,34
WBGene00011428,155,5429,5584
WBGene00011429,5,27,32
WBGene00011430,28,130,158
WBGene00011431,8,102,110
WBGene00011432,0,1,1
WBGene00011433,231,1489,1720
WBGene00011434,26,900,926
WBGene00011435,3,49,52
WBGene00011436,83,2513,2596
WBGene00011437,26,268,294
WBGene00011438,4,4,8
WBGene00011439,25,245,270
WBGene00011440,30,1245,1275
WBGene00011441,75,959,1034
WBGene00011442,64,212,276
WBGene00011443,9,265,274
WBGene00011444,81,764,845
WBGene00011445,24,236,260
WBGene00011446,27,2027,2054
WBGene00011447,22,515,537
WBGene00011449,77,2513,2590
WBGene00011450,7,280,287
WBGene00011451,22,429,451
WBGene00011452,37,327,364
WBGene00011453,4,109,113
WBGene00011454,32,197,229
WBGene00011456,69,346,415
WBGene00011458,35,141,176
WBGene00011460,96,190,286
WBGene00011462,14,31,45
WBGene00011463,24,287,311
WBGene00011464,55,821,876
WBGene00011465,8,114,122
WBGene00011466,4,21,25
WBGene00011467,1,2,3
WBGene00011468,7,7,14
WBGene00011469,1,2,3
WBGene00011471,16,188,204
WBGene00011472,0,2,2
WBGene00011473,7,360,367
WBGene00011474,73,74823,74896
WBGene00011475,8,195,203
WBGene00011476,25,161,186
WBGene00011478,3,5,8
WBGene00011479,70,1551,1621
WBGene00011480,670,18166,18836
WBGene00011481,17,12488,12505
WBGene00011482,18,173,191
WBGene00011484,19,1363,1382
WBGene00011485,0,0,0
WBGene00011486,0,0,0
WBGene00011487,12,44,56
WBGene00011488,218,2537,2755
WBGene00011489,19,587,606
WBGene00011490,85,1656,1741
WBGene00011491,3,0,3
WBGene00011492,6,26,32
WBGene00011493,1,3,4
WBGene00011494,1,3,4
WBGene00011495,23,359,382
WBGene00011497,57,685,742
WBGene00011498,1534,17127,18661
WBGene00011499,12,22,34
WBGene00011500,62,1168,1230
WBGene00011501,1,302,303
WBGene00011502,34,856,890
WBGene00011503,318,1548,1866
WBGene00011505,0,1,1
WBGene00011506,0,1,1
WBGene00011507,95,4703,4798
WBGene00011508,1,17,18
WBGene00011509,0,194,194
WBGene00011510,314,8881,9195
WBGene00011511,343,2233,2576
WBGene00011512,18,117,135
WBGene00011513,1,145,146
WBGene00011515,1,0,1
WBGene00011516,1,10,11
WBGene00011517,30,279,309
WBGene00011518,5,5,10
WBGene00011519,3,27,30
WBGene00011520,58,426,484
WBGene00011521,0,5,5
WBGene00011522,135,3714,3849
WBGene00011523,13,29,42
WBGene00011524,47,195,242
WBGene00011526,174,3246,3420
WBGene00011527,41,6670,6711
WBGene00011528,65,1634,1699
WBGene00011529,49,2983,3032
WBGene00011530,12,20,32
WBGene00011531,484,8973,9457
WBGene00011532,264,3234,3498
WBGene00011533,0,14,14
WBGene00011534,2,30,32
WBGene00011535,1,8,9
WBGene00011536,1,5,6
WBGene00011537,0,14,14
WBGene00011538,65,4305,4370
WBGene00011539,0,12,12
WBGene00011540,7,50,57
WBGene00011541,0,1,1
WBGene00011542,1,1,2
WBGene00011543,83,1014,1097
WBGene00011544,13,2,15
WBGene00011545,9,227,236
WBGene00011546,26,373,399
WBGene00011547,3,11,14
WBGene00011548,43,646,689
WBGene00011551,18,261,279
WBGene00011552,30,7,37
WBGene00011553,0,0,0
WBGene00011554,80,197,277
WBGene00011556,24,66,90
WBGene00011557,7,21,28
WBGene00011558,88,2430,2518
WBGene00011559,99,1303,1402
WBGene00011560,13,782,795
WBGene00011561,431,10250,10681
WBGene00011562,153,1334,1487
WBGene00011563,20,32,52
WBGene00011564,932,6038,6970
WBGene00011565,1,14,15
WBGene00011566,9,22,31
WBGene00011568,11,9,20
WBGene00011570,1,0,1
WBGene00011571,243,7516,7759
WBGene00011572,39,172,211
WBGene00011573,49,6108,6157
WBGene00011574,2,12,14
WBGene00011575,20,258,278
WBGene00011576,47,462,509
WBGene00011577,1,1,2
WBGene00011578,8,41,49
WBGene00011579,405,3722,4127
WBGene00011580,86,1948,2034
WBGene00011581,3,30,33
WBGene00011582,2,22,24
WBGene00011583,0,2,2
WBGene00011584,0,0,0
WBGene00011586,39,1326,1365
WBGene00011587,8,102,110
WBGene00011589,39,1244,1283
WBGene00011590,140,541,681
WBGene00011591,13,153,166
WBGene00011592,101,93,194
WBGene00011593,7,227,234
WBGene00011594,4,19,23
WBGene00011595,0,0,0
WBGene00011596,10,132,142
WBGene00011597,1128,145,1273
WBGene00011600,18,158,176
WBGene00011601,29,194,223
WBGene00011604,277,1987,2264
WBGene00011605,215,6115,6330
WBGene00011606,24,107,131
WBGene00011609,0,1,1
WBGene00011610,0,13,13
WBGene00011611,18,182,200
WBGene00011612,33,21,54
WBGene00011613,26,173,199
WBGene00011614,4,168,172
WBGene00011615,19,243,262
WBGene00011616,1,8,9
WBGene00011618,0,0,0
WBGene00011619,1,0,1
WBGene00011620,0,4,4
WBGene00011621,0,1,1
WBGene00011622,9,7,16
WBGene00011623,18,92,110
WBGene00011624,249,1601,1850
WBGene00011625,29,955,984
WBGene00011626,0,0,0
WBGene00011627,0,0,0
WBGene00011628,0,0,0
WBGene00011629,433,14975,15408
WBGene00011630,10,76,86
WBGene00011631,388,3498,3886
WBGene00011633,24,376,400
WBGene00011634,172,2663,2835
WBGene00011635,38,1180,1218
WBGene00011636,245,2548,2793
WBGene00011637,94,1483,1577
WBGene00011638,51,8693,8744
WBGene00011639,285,2523,2808
WBGene00011640,2,188,190
WBGene00011641,0,2379,2379
WBGene00011642,1,63,64
WBGene00011643,3,36,39
WBGene00011644,7,163,170
WBGene00011645,25,633,658
WBGene00011646,5,14,19
WBGene00011647,720,6310,7030
WBGene00011648,92,1357,1449
WBGene00011649,5,19,24
WBGene00011650,0,0,0
WBGene00011651,2,1,3
WBGene00011652,0,0,0
WBGene00011653,0,1,1
WBGene00011654,1,0,1
WBGene00011655,1,5,6
WBGene00011656,2,0,2
WBGene00011657,0,2,2
WBGene00011658,0,1,1
WBGene00011659,0,0,0
WBGene00011661,82,2566,2648
WBGene00011662,112,2303,2415
WBGene00011663,157,700,857
WBGene00011664,34,591,625
WBGene00011665,3,94,97
WBGene00011666,1,1,2
WBGene00011668,0,5,5
WBGene00011669,3,1,4
WBGene00011670,4,18,22
WBGene00011671,1,4,5
WBGene00011672,46,601,647
WBGene00011673,5,122,127
WBGene00011674,0,13,13
WBGene00011675,10,18,28
WBGene00011676,98,1568,1666
WBGene00011677,37,49,86
WBGene00011678,19,265,284
WBGene00011679,113,9269,9382
WBGene00011680,24,607,631
WBGene00011681,173,3472,3645
WBGene00011682,40,282,322
WBGene00011683,226,2429,2655
WBGene00011684,13,170,183
WBGene00011685,0,0,0
WBGene00011686,1,0,1
WBGene00011687,24,4220,4244
WBGene00011688,21,682,703
WBGene00011689,14,63,77
WBGene00011691,4,8,12
WBGene00011692,3064,15183,18247
WBGene00011693,3,23,26
WBGene00011694,255,1808,2063
WBGene00011695,24,29,53
WBGene00011696,417,4044,4461
WBGene00011697,1,11,12
WBGene00011698,2,36,38
WBGene00011699,3,26,29
WBGene00011701,1,13,14
WBGene00011702,3,18,21
WBGene00011704,0,1,1
WBGene00011705,32,160,192
WBGene00011706,19,265,284
WBGene00011707,4,87,91
WBGene00011708,905,11902,12807
WBGene00011709,9,69,78
WBGene00011710,0,1,1
WBGene00011712,0,22,22
WBGene00011713,5,619,624
WBGene00011714,0,0,0
WBGene00011715,0,13,13
WBGene00011717,38,771,809
WBGene00011718,25,268,293
WBGene00011719,49,635,684
WBGene00011720,397,2513,2910
WBGene00011722,139,3030,3169
WBGene00011723,216,2564,2780
WBGene00011724,0,2,2
WBGene00011725,40,255,295
WBGene00011726,216,1155,1371
WBGene00011727,68,1176,1244
WBGene00011728,7,47,54
WBGene00011729,170,3075,3245
WBGene00011730,60,11339,11399
WBGene00011731,14,594,608
WBGene00011732,549,4121,4670
WBGene00011733,13,1010,1023
WBGene00011734,249,10119,10368
WBGene00011735,878,8703,9581
WBGene00011736,394,18622,19016
WBGene00011737,104,4418,4522
WBGene00011738,56,797,853
WBGene00011739,10,506,516
WBGene00011740,389,4587,4976
WBGene00011741,7,43,50
WBGene00011742,42,1363,1405
WBGene00011743,393,6441,6834
WBGene00011744,16,147,163
WBGene00011745,47,160,207
WBGene00011746,23,302,325
WBGene00011747,92,1917,2009
WBGene00011749,0,43,43
WBGene00011750,5,23,28
WBGene00011751,0,0,0
WBGene00011752,14,79,93
WBGene00011753,2,48,50
WBGene00011754,2,30,32
WBGene00011755,1096,5868,6964
WBGene00011756,54,693,747
WBGene00011757,6,21,27
WBGene00011758,120,4354,4474
WBGene00011759,25,6466,6491
WBGene00011760,28,954,982
WBGene00011761,20,1089,1109
WBGene00011762,24,299,323
WBGene00011763,167,8961,9128
WBGene00011765,110,558,668
WBGene00011767,919,4549,5468
WBGene00011768,18,845,863
WBGene00011770,1,28,29
WBGene00011771,747,7439,8186
WBGene00011772,63,105,168
WBGene00011773,9,732,741
WBGene00011774,113,1166,1279
WBGene00011775,286,5208,5494
WBGene00011776,16,720,736
WBGene00011777,1,171,172
WBGene00011778,0,0,0
WBGene00011779,0,0,0
WBGene00011780,0,0,0
WBGene00011781,1,0,1
WBGene00011782,1,0,1
WBGene00011783,0,1,1
WBGene00011784,0,1,1
WBGene00011785,2,0,2
WBGene00011786,0,6,6
WBGene00011788,17,264,281
WBGene00011789,6,106,112
WBGene00011790,0,8,8
WBGene00011791,0,7,7
WBGene00011793,69,190,259
WBGene00011794,40,1288,1328
WBGene00011795,7,88,95
WBGene00011796,5,90,95
WBGene00011797,8,9,17
WBGene00011798,100,193,293
WBGene00011799,2,43,45
WBGene00011800,29,249,278
WBGene00011801,26,354,380
WBGene00011802,41,1191,1232
WBGene00011803,4,118,122
WBGene00011804,160,80,240
WBGene00011805,5,54,59
WBGene00011806,48,1424,1472
WBGene00011807,137,1076,1213
WBGene00011808,0,1,1
WBGene00011809,1,15,16
WBGene00011810,19,0,19
WBGene00011811,13,60,73
WBGene00011812,2,39,41
WBGene00011813,36,614,650
WBGene00011814,49,470,519
WBGene00011815,246,2503,2749
WBGene00011816,1,2,3
WBGene00011817,85,422,507
WBGene00011819,9,408,417
WBGene00011820,22,1135,1157
WBGene00011821,7,112,119
WBGene00011822,32,582,614
WBGene00011823,2,294,296
WBGene00011824,119,621,740
WBGene00011826,141,200,341
WBGene00011827,926,1933,2859
WBGene00011828,7,955,962
WBGene00011829,31,72,103
WBGene00011830,112,2192,2304
WBGene00011831,9,735,744
WBGene00011832,53,1444,1497
WBGene00011833,24,745,769
WBGene00011834,18,587,605
WBGene00011835,15,584,599
WBGene00011836,2,46,48
WBGene00011837,1,5,6
WBGene00011838,24,1032,1056
WBGene00011839,6,569,575
WBGene00011840,0,0,0
WBGene00011841,1,31,32
WBGene00011844,12,108,120
WBGene00011846,1,20,21
WBGene00011847,0,4,4
WBGene00011848,1,2,3
WBGene00011849,12,2345,2357
WBGene00011850,70,267,337
WBGene00011852,1,4,5
WBGene00011853,0,0,0
WBGene00011854,340,593,933
WBGene00011855,1,14,15
WBGene00011856,81,1416,1497
WBGene00011857,369,7269,7638
WBGene00011858,20,1741,1761
WBGene00011859,78,1682,1760
WBGene00011860,6,447,453
WBGene00011864,198,5958,6156
WBGene00011866,7,358,365
WBGene00011867,90,6787,6877
WBGene00011868,52,334,386
WBGene00011869,50,74411,74461
WBGene00011870,19,3378,3397
WBGene00011871,70,1011,1081
WBGene00011872,69,601,670
WBGene00011873,69,122,191
WBGene00011874,4,21,25
WBGene00011875,514,9623,10137
WBGene00011876,0,2,2
WBGene00011877,0,1,1
WBGene00011878,24,134,158
WBGene00011879,109,1546,1655
WBGene00011880,1267,38855,40122
WBGene00011882,4,10,14
WBGene00011883,237,3719,3956
WBGene00011884,208,74560,74768
WBGene00011885,769,2308,3077
WBGene00011886,9,336,345
WBGene00011887,745,875,1620
WBGene00011888,156,436,592
WBGene00011890,19,1088,1107
WBGene00011891,122,1494,1616
WBGene00011892,196,3132,3328
WBGene00011893,8,82,90
WBGene00011894,65,1075,1140
WBGene00011895,0,8,8
WBGene00011896,1,117,118
WBGene00011897,265,7512,7777
WBGene00011898,2,44,46
WBGene00011899,10,383,393
WBGene00011900,45,6,51
WBGene00011902,1,30,31
WBGene00011903,2,6,8
WBGene00011904,457,3470,3927
WBGene00011906,27,1222,1249
WBGene00011908,64,619,683
WBGene00011909,12,5,17
WBGene00011910,1,11,12
WBGene00011911,1,3,4
WBGene00011912,100,2524,2624
WBGene00011913,217,1864,2081
WBGene00011914,16,617,633
WBGene00011915,108,1500,1608
WBGene00011916,50,571,621
WBGene00011917,282,9087,9369
WBGene00011918,2,2,4
WBGene00011919,4,22,26
WBGene00011920,40,520,560
WBGene00011921,0,0,0
WBGene00011922,1,6,7
WBGene00011923,6,103,109
WBGene00011924,50,619,669
WBGene00011925,33,164,197
WBGene00011926,22,181,203
WBGene00011927,6,82,88
WBGene00011928,12,81,93
WBGene00011929,1,2,3
WBGene00011930,49,681,730
WBGene00011931,4,227,231
WBGene00011932,78,1661,1739
WBGene00011934,0,1408,1408
WBGene00011935,31,1164,1195
WBGene00011936,22,521,543
WBGene00011937,0,2,2
WBGene00011938,6,70,76
WBGene00011939,112,2087,2199
WBGene00011940,194,968,1162
WBGene00011941,91,468,559
WBGene00011942,0,0,0
WBGene00011943,0,0,0
WBGene00011944,336,4792,5128
WBGene00011945,62,307,369
WBGene00011947,0,0,0
WBGene00011948,1,4,5
WBGene00011949,0,7,7
WBGene00011950,0,1,1
WBGene00011951,2,2,4
WBGene00011952,22,111,133
WBGene00011953,682,4677,5359
WBGene00011954,1,5,6
WBGene00011955,71,1279,1350
WBGene00011956,11,570,581
WBGene00011957,107,668,775
WBGene00011958,27,110,137
WBGene00011959,2,284,286
WBGene00011960,14,100,114
WBGene00011961,0,2,2
WBGene00011962,118,2032,2150
WBGene00011963,62,403,465
WBGene00011964,72,799,871
WBGene00011965,78,752,830
WBGene00011966,342,7513,7855
WBGene00011967,137,2634,2771
WBGene00011968,1,130,131
WBGene00011969,9,930,939
WBGene00011970,227,773,1000
WBGene00011971,291,4004,4295
WBGene00011972,74,1589,1663
WBGene00011973,2,8,10
WBGene00011974,19,49,68
WBGene00011975,214,2723,2937
WBGene00011976,158,1029,1187
WBGene00011977,332,43208,43540
WBGene00011978,406,6512,6918
WBGene00011979,0,9,9
WBGene00011980,280,2942,3222
WBGene00011981,0,6,6
WBGene00011982,2,6,8
WBGene00011983,1,7,8
WBGene00011984,6,78,84
WBGene00011985,66,989,1055
WBGene00011986,1,60,61
WBGene00011988,16,136,152
WBGene00011989,1,0,1
WBGene00011990,1,235,236
WBGene00011991,0,1,1
WBGene00011992,0,0,0
WBGene00011993,1,1,2
WBGene00011994,14,673,687
WBGene00011995,263,1588,1851
WBGene00011996,17,311,328
WBGene00011997,11,889,900
WBGene00011999,2,33,35
WBGene00012000,43,2370,2413
WBGene00012002,66,1195,1261
WBGene00012003,20,10,30
WBGene00012004,93,1593,1686
WBGene00012005,2088,704,2792
WBGene00012007,20,1617,1637
WBGene00012008,0,5,5
WBGene00012009,27,184,211
WBGene00012010,6,5,11
WBGene00012011,0,0,0
WBGene00012012,4,2,6
WBGene00012013,28,98,126
WBGene00012014,73,1065,1138
WBGene00012015,218,6635,6853
WBGene00012016,75,569,644
WBGene00012017,8,30,38
WBGene00012018,95,963,1058
WBGene00012019,1234,2141,3375
WBGene00012020,3,199,202
WBGene00012021,0,2,2
WBGene00012022,2,1,3
WBGene00012023,2,1,3
WBGene00012024,0,0,0
WBGene00012025,1,1,2
WBGene00012026,0,5,5
WBGene00012027,0,2,2
WBGene00012028,0,2,2
WBGene00012029,113,1268,1381
WBGene00012030,203,7598,7801
WBGene00012031,102,4786,4888
WBGene00012032,7,45,52
WBGene00012033,190,1522,1712
WBGene00012034,8,174,182
WBGene00012035,21,628,649
WBGene00012036,1,21,22
WBGene00012037,953,9082,10035
WBGene00012038,0,1,1
WBGene00012039,0,0,0
WBGene00012040,1,7,8
WBGene00012041,0,4,4
WBGene00012042,21,165,186
WBGene00012043,2,1,3
WBGene00012044,1,14,15
WBGene00012045,6,53,59
WBGene00012046,0,5,5
WBGene00012049,0,0,0
WBGene00012050,0,1,1
WBGene00012051,5,2,7
WBGene00012052,0,1,1
WBGene00012054,1,1,2
WBGene00012055,1,1,2
WBGene00012056,0,12,12
WBGene00012057,0,0,0
WBGene00012059,237,4649,4886
WBGene00012060,1,0,1
WBGene00012061,0,0,0
WBGene00012062,10,106,116
WBGene00012063,0,0,0
WBGene00012064,0,0,0
WBGene00012065,0,0,0
WBGene00012066,1,1,2
WBGene00012067,0,0,0
WBGene00012068,8,33,41
WBGene00012069,0,2,2
WBGene00012070,11,7,18
WBGene00012072,1,2,3
WBGene00012073,94,947,1041
WBGene00012074,1,2,3
WBGene00012075,0,0,0
WBGene00012076,0,0,0
WBGene00012077,2,0,2
WBGene00012080,0,0,0
WBGene00012081,1,1,2
WBGene00012083,0,0,0
WBGene00012084,19,329,348
WBGene00012085,57,1566,1623
WBGene00012086,7,13,20
WBGene00012087,2,3,5
WBGene00012088,1,2,3
WBGene00012089,0,1,1
WBGene00012090,0,0,0
WBGene00012091,3,1,4
WBGene00012093,2,3,5
WBGene00012094,0,29122,29122
WBGene00012095,196,449,645
WBGene00012096,0,2,2
WBGene00012097,227,23978,24205
WBGene00012099,109,159,268
WBGene00012100,278,2948,3226
WBGene00012101,5,3801,3806
WBGene00012102,4,10,14
WBGene00012103,2,91,93
WBGene00012104,51,1309,1360
WBGene00012105,31,630,661
WBGene00012106,36,815,851
WBGene00012107,10,135,145
WBGene00012108,2,0,2
WBGene00012109,22,209,231
WBGene00012110,30,203,233
WBGene00012111,26,302,328
WBGene00012112,39,449,488
WBGene00012113,31,18575,18606
WBGene00012114,9,92,101
WBGene00012115,11,26,37
WBGene00012116,15,47,62
WBGene00012117,305,4402,4707
WBGene00012118,233,2265,2498
WBGene00012119,0,22,22
WBGene00012120,1,156,157
WBGene00012121,410,6911,7321
WBGene00012122,8,687,695
WBGene00012123,158,2432,2590
WBGene00012124,21,797,818
WBGene00012125,110,1387,1497
WBGene00012126,1345,5459,6804
WBGene00012127,19,271,290
WBGene00012128,223,4110,4333
WBGene00012130,34,309,343
WBGene00012131,23,282,305
WBGene00012132,36,362,398
WBGene00012134,19,180,199
WBGene00012135,24,128,152
WBGene00012136,858,3953,4811
WBGene00012137,80,141,221
WBGene00012138,11,58,69
WBGene00012139,475,749,1224
WBGene00012140,279,21702,21981
WBGene00012142,69,368,437
WBGene00012143,68,546,614
WBGene00012144,51,207,258
WBGene00012145,18,840,858
WBGene00012146,0,0,0
WBGene00012147,9,17,26
WBGene00012148,148,37687,37835
WBGene00012149,254,1470,1724
WBGene00012150,60,473,533
WBGene00012151,139,80,219
WBGene00012152,82,1212,1294
WBGene00012155,29,501,530
WBGene00012156,6,1166,1172
WBGene00012157,157,1057,1214
WBGene00012158,1906,17096,19002
WBGene00012159,1,5,6
WBGene00012162,6,108,114
WBGene00012163,4,20,24
WBGene00012164,317,207,524
WBGene00012165,324,656,980
WBGene00012166,16,20213,20229
WBGene00012167,28,947,975
WBGene00012168,73,160,233
WBGene00012169,0,0,0
WBGene00012170,6,17,23
WBGene00012171,0,7,7
WBGene00012172,11,46,57
WBGene00012173,1,3,4
WBGene00012174,0,0,0
WBGene00012175,2,52,54
WBGene00012176,3,51,54
WBGene00012177,0,2,2
WBGene00012178,61,248,309
WBGene00012179,2021,143115,145136
WBGene00012180,219,75,294
WBGene00012181,11,5,16
WBGene00012182,27,1160,1187
WBGene00012183,0,95,95
WBGene00012184,21,244,265
WBGene00012185,6,95,101
WBGene00012186,40,2289,2329
WBGene00012187,94,2551,2645
WBGene00012188,132,1175,1307
WBGene00012190,59,63,122
WBGene00012191,14,21,35
WBGene00012192,168,1101,1269
WBGene00012193,901,9925,10826
WBGene00012194,72,2003,2075
WBGene00012195,33,53,86
WBGene00012196,6,68,74
WBGene00012197,105,4868,4973
WBGene00012198,35,896,931
WBGene00012199,8,22,30
WBGene00012200,1,3,4
WBGene00012201,24,124,148
WBGene00012202,5,32,37
WBGene00012203,111,2460,2571
WBGene00012204,37,2167,2204
WBGene00012205,49,2249,2298
WBGene00012206,32,1654,1686
WBGene00012207,3,2,5
WBGene00012208,79,1278,1357
WBGene00012209,17,380,397
WBGene00012210,0,122,122
WBGene00012211,0,1,1
WBGene00012212,0,4,4
WBGene00012213,0,0,0
WBGene00012214,0,3,3
WBGene00012215,0,11,11
WBGene00012216,23,1460,1483
WBGene00012217,7,9,16
WBGene00012219,17,78,95
WBGene00012220,44,374,418
WBGene00012221,156,3313,3469
WBGene00012222,66,413,479
WBGene00012223,0,0,0
WBGene00012224,2,14,16
WBGene00012225,195,588,783
WBGene00012226,613,1154,1767
WBGene00012227,2,11,13
WBGene00012228,15,118,133
WBGene00012230,559,2725,3284
WBGene00012231,2,0,2
WBGene00012232,1,0,1
WBGene00012233,0,1,1
WBGene00012234,442,2215,2657
WBGene00012235,67,939,1006
WBGene00012236,101,634,735
WBGene00012237,7,210,217
WBGene00012238,14,4,18
WBGene00012239,96,3228,3324
WBGene00012240,0,0,0
WBGene00012241,129,390,519
WBGene00012242,0,57,57
WBGene00012243,38,1218,1256
WBGene00012244,19,3133,3152
WBGene00012245,444,5179,5623
WBGene00012246,1,1,2
WBGene00012247,1,1,2
WBGene00012248,0,0,0
WBGene00012249,1,0,1
WBGene00012250,2,0,2
WBGene00012251,1,54,55
WBGene00012252,136,1266,1402
WBGene00012253,31,2687,2718
WBGene00012254,7,25,32
WBGene00012255,40,2057,2097
WBGene00012256,10,923,933
WBGene00012257,20,1177,1197
WBGene00012258,34,1848,1882
WBGene00012259,195,702,897
WBGene00012260,0,21,21
WBGene00012261,21,2205,2226
WBGene00012264,4,16,20
WBGene00012265,10,54,64
WBGene00012266,2,7,9
WBGene00012267,2,2,4
WBGene00012268,6,128,134
WBGene00012269,6,4,10
WBGene00012270,11,42,53
WBGene00012271,3,22,25
WBGene00012272,88,64,152
WBGene00012274,735,6506,7241
WBGene00012275,128,161,289
WBGene00012276,109,3185,3294
WBGene00012277,45,809,854
WBGene00012278,0,0,0
WBGene00012279,10,779,789
WBGene00012280,3,85,88
WBGene00012281,71,234,305
WBGene00012282,24,287,311
WBGene00012283,0,0,0
WBGene00012285,0,2,2
WBGene00012286,0,0,0
WBGene00012287,0,2,2
WBGene00012288,2,3,5
WBGene00012289,319,3134,3453
WBGene00012290,18,774,792
WBGene00012291,1158,8211,9369
WBGene00012293,94,668,762
WBGene00012294,0,6,6
WBGene00012295,8,146,154
WBGene00012296,4,21,25
WBGene00012297,1,7,8
WBGene00012298,56,1904,1960
WBGene00012299,0,41,41
WBGene00012300,0,0,0
WBGene00012301,1,2,3
WBGene00012302,0,0,0
WBGene00012303,0,0,0
WBGene00012304,31,3,34
WBGene00012305,0,0,0
WBGene00012306,116,330,446
WBGene00012307,8,47,55
WBGene00012308,1,1,2
WBGene00012309,0,1,1
WBGene00012310,3,0,3
WBGene00012311,0,0,0
WBGene00012312,0,0,0
WBGene00012313,0,0,0
WBGene00012314,0,0,0
WBGene00012315,60,910,970
WBGene00012316,159,1447,1606
WBGene00012317,136,3603,3739
WBGene00012318,2,3,5
WBGene00012319,202,1098,1300
WBGene00012321,1,10,11
WBGene00012322,159,3511,3670
WBGene00012323,0,22,22
WBGene00012324,5,144,149
WBGene00012325,24,154,178
WBGene00012326,348,2174,2522
WBGene00012328,13,93,106
WBGene00012329,5,6,11
WBGene00012330,56,943,999
WBGene00012332,10,126,136
WBGene00012333,4,19,23
WBGene00012334,18,6,24
WBGene00012335,1,12,13
WBGene00012336,10,60,70
WBGene00012337,557,4621,5178
WBGene00012339,41,628,669
WBGene00012340,31,190,221
WBGene00012341,166,2138,2304
WBGene00012342,287,4025,4312
WBGene00012343,231,4088,4319
WBGene00012344,492,12376,12868
WBGene00012345,8,22,30
WBGene00012346,4,25,29
WBGene00012347,1090,637,1727
WBGene00012348,1157,5482,6639
WBGene00012349,8,9,17
WBGene00012351,1546,15490,17036
WBGene00012352,177,654,831
WBGene00012353,116,2289,2405
WBGene00012354,640,61482,62122
WBGene00012356,7,153,160
WBGene00012357,0,3,3
WBGene00012358,286,4616,4902
WBGene00012359,66,1547,1613
WBGene00012360,107,826,933
WBGene00012361,132,12876,13008
WBGene00012362,977,2347,3324
WBGene00012363,162,539,701
WBGene00012364,73,361,434
WBGene00012365,184,3037,3221
WBGene00012366,94,1403,1497
WBGene00012369,167,1555,1722
WBGene00012370,279,642,921
WBGene00012371,577,995,1572
WBGene00012372,11,119,130
WBGene00012373,1,0,1
WBGene00012374,1,41,42
WBGene00012375,69,5073,5142
WBGene00012376,443,20369,20812
WBGene00012378,2,9,11
WBGene00012379,0,3,3
WBGene00012380,1,0,1
WBGene00012381,125,1216,1341
WBGene00012382,10960,238340,249300
WBGene00012383,1794,29409,31203
WBGene00012385,85,628,713
WBGene00012386,43102,2597,45699
WBGene00012387,36,175,211
WBGene00012388,31,2,33
WBGene00012389,395,1213,1608
WBGene00012390,169,772,941
WBGene00012391,20,384,404
WBGene00012393,134,1034,1168
WBGene00012394,11,23,34
WBGene00012395,3,773,776
WBGene00012396,66,1421,1487
WBGene00012397,0,2,2
WBGene00012398,4,67,71
WBGene00012399,52,111,163
WBGene00012400,3,46,49
WBGene00012401,0,1,1
WBGene00012402,1,0,1
WBGene00012404,0,33,33
WBGene00012405,0,0,0
WBGene00012406,0,2,2
WBGene00012407,13,357,370
WBGene00012408,62,529,591
WBGene00012409,7,6,13
WBGene00012411,0,0,0
WBGene00012412,20,9,29
WBGene00012413,2,16,18
WBGene00012414,2,14,16
WBGene00012415,4,6,10
WBGene00012416,10,83,93
WBGene00012420,6,3282,3288
WBGene00012421,80,1527,1607
WBGene00012422,1,18,19
WBGene00012423,311,3594,3905
WBGene00012424,549,3313,3862
WBGene00012425,25,236,261
WBGene00012428,10,79,89
WBGene00012429,5,33,38
WBGene00012431,4,258,262
WBGene00012432,3,41,44
WBGene00012433,13,131,144
WBGene00012434,470,6049,6519
WBGene00012435,3,225,228
WBGene00012436,1,120,121
WBGene00012437,587,7122,7709
WBGene00012439,31,1024,1055
WBGene00012440,8,607,615
WBGene00012441,12,252,264
WBGene00012442,24,44,68
WBGene00012443,401,4256,4657
WBGene00012444,4,4297,4301
WBGene00012445,24,418,442
WBGene00012446,22,162,184
WBGene00012448,13,6,19
WBGene00012449,27,81,108
WBGene00012450,44,145,189
WBGene00012451,12,8,20
WBGene00012452,280,11237,11517
WBGene00012454,0,2,2
WBGene00012455,26,51,77
WBGene00012456,14,105,119
WBGene00012457,45,174,219
WBGene00012458,326,2368,2694
WBGene00012459,48,1299,1347
WBGene00012460,56,567,623
WBGene00012461,158,335,493
WBGene00012462,296,258,554
WBGene00012463,164,850,1014
WBGene00012464,11,79,90
WBGene00012465,133,3039,3172
WBGene00012466,269,361,630
WBGene00012467,2,35,37
WBGene00012468,331,3179,3510
WBGene00012469,78,1072,1150
WBGene00012470,3,1,4
WBGene00012471,135,7830,7965
WBGene00012472,339,1695,2034
WBGene00012473,28,59,87
WBGene00012474,281,2624,2905
WBGene00012475,10,157,167
WBGene00012476,84,92,176
WBGene00012477,28,65,93
WBGene00012478,1126,5783,6909
WBGene00012479,145,1416,1561
WBGene00012480,14,23,37
WBGene00012481,14,293,307
WBGene00012482,0,5,5
WBGene00012483,35,4688,4723
WBGene00012484,28,5924,5952
WBGene00012486,0,2,2
WBGene00012487,5,43,48
WBGene00012488,2,0,2
WBGene00012489,0,0,0
WBGene00012490,1,4,5
WBGene00012491,43,8,51
WBGene00012492,0,4,4
WBGene00012494,46,190,236
WBGene00012496,103,1314,1417
WBGene00012497,77,3978,4055
WBGene00012500,7,16,23
WBGene00012501,0,1,1
WBGene00012502,0,0,0
WBGene00012503,6,28,34
WBGene00012504,0,0,0
WBGene00012505,3,2,5
WBGene00012509,0,0,0
WBGene00012510,0,4,4
WBGene00012512,2,114,116
WBGene00012513,4,228,232
WBGene00012514,18,300,318
WBGene00012515,1,1,2
WBGene00012516,0,3,3
WBGene00012518,0,2,2
WBGene00012519,3,2,5
WBGene00012520,0,0,0
WBGene00012521,0,1,1
WBGene00012522,510,2493,3003
WBGene00012523,0,1,1
WBGene00012524,69,655,724
WBGene00012525,2,29,31
WBGene00012526,0,8,8
WBGene00012527,40,250,290
WBGene00012528,498,3277,3775
WBGene00012529,23,199,222
WBGene00012530,272,1426,1698
WBGene00012531,49,200,249
WBGene00012532,161,422,583
WBGene00012533,1,8,9
WBGene00012535,8,17,25
WBGene00012536,39,389,428
WBGene00012537,4,164,168
WBGene00012538,16,134,150
WBGene00012540,7,89,96
WBGene00012541,0,6,6
WBGene00012542,6,5,11
WBGene00012543,188,1885,2073
WBGene00012544,2107,34972,37079
WBGene00012545,83,469,552
WBGene00012546,4,540,544
WBGene00012547,1,15,16
WBGene00012548,47,975,1022
WBGene00012549,120,1,121
WBGene00012550,18,7409,7427
WBGene00012551,6,807,813
WBGene00012552,0,195,195
WBGene00012553,6144,77390,83534
WBGene00012554,50,1429,1479
WBGene00012555,23,561,584
WBGene00012556,279,4215,4494
WBGene00012557,3,0,3
WBGene00012558,198,2249,2447
WBGene00012559,312,597,909
WBGene00012560,707,1662,2369
WBGene00012561,3,36,39
WBGene00012562,210,1292,1502
WBGene00012564,14,293,307
WBGene00012565,13,266,279
WBGene00012566,2,88,90
WBGene00012567,6,30,36
WBGene00012570,3,4,7
WBGene00012571,0,0,0
WBGene00012573,8,68,76
WBGene00012574,0,3,3
WBGene00012575,0,0,0
WBGene00012576,69,385,454
WBGene00012577,2,0,2
WBGene00012578,317,1220,1537
WBGene00012579,0,0,0
WBGene00012580,0,1,1
WBGene00012581,0,0,0
WBGene00012582,0,5,5
WBGene00012583,3,10,13
WBGene00012584,1123,3783,4906
WBGene00012585,30,32,62
WBGene00012586,1,9,10
WBGene00012587,2,5,7
WBGene00012589,1,2,3
WBGene00012590,0,0,0
WBGene00012591,0,421,421
WBGene00012592,9,358,367
WBGene00012593,2,26,28
WBGene00012594,13,52,65
WBGene00012595,2,166,168
WBGene00012596,6,63,69
WBGene00012597,25,546,571
WBGene00012598,542,33,575
WBGene00012600,83,1047,1130
WBGene00012602,401,4945,5346
WBGene00012603,2,3,5
WBGene00012604,0,56,56
WBGene00012605,23,215,238
WBGene00012606,110,724,834
WBGene00012607,18,70,88
WBGene00012608,2326,34114,36440
WBGene00012609,0,7,7
WBGene00012610,20,231,251
WBGene00012612,1,7,8
WBGene00012614,7,12,19
WBGene00012615,115,4024,4139
WBGene00012616,0,56,56
WBGene00012617,0,3,3
WBGene00012618,8,13,21
WBGene00012621,1,77,78
WBGene00012622,14,61,75
WBGene00012624,37,355,392
WBGene00012625,0,25,25
WBGene00012626,38,139,177
WBGene00012627,23,59,82
WBGene00012628,131,1802,1933
WBGene00012629,15,96,111
WBGene00012630,0,3,3
WBGene00012631,4,15,19
WBGene00012632,9,95,104
WBGene00012633,34,9,43
WBGene00012634,4,40,44
WBGene00012635,11,126,137
WBGene00012636,3,4,7
WBGene00012637,1,14,15
WBGene00012638,1,3,4
WBGene00012639,18,78,96
WBGene00012640,45,72,117
WBGene00012641,344,2274,2618
WBGene00012642,9,20,29
WBGene00012643,11,1841,1852
WBGene00012644,309,1149,1458
WBGene00012645,209,2837,3046
WBGene00012646,214,2307,2521
WBGene00012647,80,804,884
WBGene00012648,196,6319,6515
WBGene00012649,0,11,11
WBGene00012650,16,1150,1166
WBGene00012651,89,615,704
WBGene00012652,12,2354,2366
WBGene00012654,60,61,121
WBGene00012655,13,0,13
WBGene00012656,3,4,7
WBGene00012657,103,507,610
WBGene00012658,404,3231,3635
WBGene00012659,0,9,9
WBGene00012660,18,1200,1218
WBGene00012661,2,2,4
WBGene00012662,80,1512,1592
WBGene00012663,131,697,828
WBGene00012664,1,614,615
WBGene00012665,139,1766,1905
WBGene00012666,304,3899,4203
WBGene00012668,671,2853,3524
WBGene00012669,11,30,41
WBGene00012670,10,14,24
WBGene00012671,3,29,32
WBGene00012672,0,3,3
WBGene00012673,12,91,103
WBGene00012674,186,959,1145
WBGene00012675,250,1784,2034
WBGene00012676,569,3568,4137
WBGene00012678,37,123,160
WBGene00012679,0,11,11
WBGene00012681,3,0,3
WBGene00012682,10,0,10
WBGene00012683,0,2,2
WBGene00012684,3,1,4
WBGene00012686,3,29,32
WBGene00012688,2,5,7
WBGene00012689,0,3,3
WBGene00012691,1,1,2
WBGene00012692,634,6424,7058
WBGene00012693,152,1947,2099
WBGene00012694,119,1634,1753
WBGene00012695,21,1253,1274
WBGene00012696,12,207,219
WBGene00012697,71,3877,3948
WBGene00012698,13,387,400
WBGene00012699,3,6,9
WBGene00012700,11,149,160
WBGene00012701,171,650,821
WBGene00012702,8,20,28
WBGene00012703,63,271,334
WBGene00012704,48,212,260
WBGene00012705,3,87,90
WBGene00012707,2,3,5
WBGene00012708,2,13,15
WBGene00012709,12,61,73
WBGene00012710,17,726,743
WBGene00012711,6,63,69
WBGene00012712,185,488,673
WBGene00012713,148,6947,7095
WBGene00012714,110,4155,4265
WBGene00012715,48,1126,1174
WBGene00012716,4,300,304
WBGene00012717,665,10805,11470
WBGene00012718,393,375,768
WBGene00012719,143,384,527
WBGene00012720,2,6,8
WBGene00012721,23,22,45
WBGene00012722,116,2611,2727
WBGene00012723,17,653,670
WBGene00012724,4,1,5
WBGene00012725,0,0,0
WBGene00012726,2,2,4
WBGene00012727,0,1,1
WBGene00012728,9,326,335
WBGene00012729,0,3,3
WBGene00012730,772,1907,2679
WBGene00012731,3,13,16
WBGene00012732,258,734,992
WBGene00012733,17,10,27
WBGene00012734,410,331,741
WBGene00012735,702,1525,2227
WBGene00012738,115,9733,9848
WBGene00012739,1122,6449,7571
WBGene00012740,82,2085,2167
WBGene00012741,4,10,14
WBGene00012742,0,0,0
WBGene00012743,11,4,15
WBGene00012744,158,127,285
WBGene00012746,0,1,1
WBGene00012747,11,7,18
WBGene00012748,1,13,14
WBGene00012750,133,380,513
WBGene00012753,38,378,416
WBGene00012754,12,77,89
WBGene00012755,22,389,411
WBGene00012756,189,821,1010
WBGene00012757,44,680,724
WBGene00012758,15,231,246
WBGene00012759,170,5154,5324
WBGene00012760,4065,352,4417
WBGene00012761,0,2,2
WBGene00012762,108,3751,3859
WBGene00012763,214,647,861
WBGene00012764,2,594,596
WBGene00012765,178,2498,2676
WBGene00012766,86,3996,4082
WBGene00012767,388,1345,1733
WBGene00012768,79,81666,81745
WBGene00012769,406,4264,4670
WBGene00012770,226,78,304
WBGene00012771,3,2,5
WBGene00012772,11,0,11
WBGene00012773,1,1,2
WBGene00012775,14,5,19
WBGene00012776,74,286,360
WBGene00012777,6,109,115
WBGene00012778,9,176,185
WBGene00012779,56,249,305
WBGene00012780,7,68,75
WBGene00012781,0,7,7
WBGene00012782,31,427,458
WBGene00012783,4,677,681
WBGene00012784,9,12,21
WBGene00012785,0,2,2
WBGene00012786,0,21,21
WBGene00012787,0,20,20
WBGene00012788,32,2,34
WBGene00012789,1,0,1
WBGene00012790,0,0,0
WBGene00012791,118,68,186
WBGene00012792,0,6,6
WBGene00012794,71,2366,2437
WBGene00012795,5,69,74
WBGene00012796,36,268,304
WBGene00012798,3,11,14
WBGene00012799,0,5,5
WBGene00012802,129,746,875
WBGene00012803,44,4464,4508
WBGene00012804,118,1276,1394
WBGene00012806,20,651,671
WBGene00012807,101,1641,1742
WBGene00012808,15,36,51
WBGene00012809,1,1,2
WBGene00012810,1,6,7
WBGene00012811,56,385,441
WBGene00012812,884,13207,14091
WBGene00012813,1946,15706,17652
WBGene00012814,31,58,89
WBGene00012815,9,88,97
WBGene00012816,2,8,10
WBGene00012818,4,2,6
WBGene00012819,82,675,757
WBGene00012820,83,4,87
WBGene00012821,80,1359,1439
WBGene00012822,2,10,12
WBGene00012823,0,22,22
WBGene00012824,5,16,21
WBGene00012825,84,646,730
WBGene00012826,28,247,275
WBGene00012827,1,4,5
WBGene00012828,501,298,799
WBGene00012829,415,3733,4148
WBGene00012830,53,3277,3330
WBGene00012831,3,13,16
WBGene00012832,324,5,329
WBGene00012833,10,186,196
WBGene00012834,30,262,292
WBGene00012835,42,341,383
WBGene00012836,1,0,1
WBGene00012837,0,1,1
WBGene00012838,0,3,3
WBGene00012839,0,0,0
WBGene00012840,103,790,893
WBGene00012841,0,1,1
WBGene00012844,0,0,0
WBGene00012845,144,245,389
WBGene00012846,0,4,4
WBGene00012847,9,7,16
WBGene00012848,1,3,4
WBGene00012849,0,1,1
WBGene00012850,1055,9381,10436
WBGene00012851,0,24,24
WBGene00012852,31,20,51
WBGene00012853,199,16650,16849
WBGene00012854,220,3787,4007
WBGene00012855,1,4,5
WBGene00012856,17,46,63
WBGene00012857,329,1897,2226
WBGene00012858,84,1369,1453
WBGene00012859,37,231,268
WBGene00012860,72,855,927
WBGene00012861,16,1012,1028
WBGene00012862,1,3,4
WBGene00012863,1,5,6
WBGene00012864,23,139,162
WBGene00012866,36,142,178
WBGene00012867,29,675,704
WBGene00012868,595,1744,2339
WBGene00012869,35,984,1019
WBGene00012871,0,0,0
WBGene00012872,0,3,3
WBGene00012873,2,8,10
WBGene00012874,0,0,0
WBGene00012875,1818,24171,25989
WBGene00012877,47,88,135
WBGene00012878,0,0,0
WBGene00012879,2,141,143
WBGene00012880,6,4,10
WBGene00012883,23,627,650
WBGene00012885,384,5677,6061
WBGene00012886,7,71,78
WBGene00012887,265,3210,3475
WBGene00012888,63,1164,1227
WBGene00012889,178,714,892
WBGene00012890,56,442,498
WBGene00012891,678,6444,7122
WBGene00012892,12,20,32
WBGene00012893,4,19,23
WBGene00012894,1186,1435,2621
WBGene00012895,240,926,1166
WBGene00012896,133,6082,6215
WBGene00012897,10,1498,1508
WBGene00012899,10,109,119
WBGene00012900,0,68,68
WBGene00012901,13,76,89
WBGene00012903,208,4262,4470
WBGene00012904,58,1088,1146
WBGene00012905,0,4,4
WBGene00012906,43,507,550
WBGene00012907,3545,8458,12003
WBGene00012908,287,1309,1596
WBGene00012909,388,538,926
WBGene00012910,9,39,48
WBGene00012911,83,539,622
WBGene00012912,0,2,2
WBGene00012913,1,0,1
WBGene00012914,1,13,14
WBGene00012915,46,117,163
WBGene00012916,0,0,0
WBGene00012917,33,7,40
WBGene00012919,12,14,26
WBGene00012920,220,438,658
WBGene00012921,0,110,110
WBGene00012922,10,200,210
WBGene00012923,30,218,248
WBGene00012925,0,3,3
WBGene00012926,0,1,1
WBGene00012927,47,580,627
WBGene00012928,37,1198,1235
WBGene00012929,550,3146,3696
WBGene00012930,193,671,864
WBGene00012931,93,726,819
WBGene00012932,140,3381,3521
WBGene00012933,0,133,133
WBGene00012934,251,826,1077
WBGene00012935,229,726,955
WBGene00012936,316,3071,3387
WBGene00012937,0,2,2
WBGene00012938,182,162,344
WBGene00012939,86,641,727
WBGene00012940,14,12,26
WBGene00012941,19,204,223
WBGene00012942,2,83,85
WBGene00012943,317,920,1237
WBGene00012945,0,0,0
WBGene00012946,2,75,77
WBGene00012947,0,7,7
WBGene00012948,251,414,665
WBGene00012950,74,1513,1587
WBGene00012951,299,2409,2708
WBGene00012952,2,15,17
WBGene00012953,15,250,265
WBGene00012955,0,2,2
WBGene00012958,13,5,18
WBGene00012959,6,26,32
WBGene00012960,524,3496,4020
WBGene00012961,8,219,227
WBGene00012962,16,106,122
WBGene00012964,334,24242,24576
WBGene00012965,0,5,5
WBGene00012966,19,1442,1461
WBGene00012967,68,90,158
WBGene00012968,36,304,340
WBGene00012969,4,25,29
WBGene00012970,18,79,97
WBGene00012972,115,1624,1739
WBGene00012973,1082,6494,7576
WBGene00012976,241,837,1078
WBGene00012977,409,1049,1458
WBGene00012978,453,6433,6886
WBGene00012979,7,59,66
WBGene00012980,2197,4048,6245
WBGene00012981,4,12,16
WBGene00012982,269,1397,1666
WBGene00012983,275,5653,5928
WBGene00012984,119,1077,1196
WBGene00012985,14,4,18
WBGene00012987,205,2019,2224
WBGene00012988,419,1744,2163
WBGene00012989,1141,794,1935
WBGene00012990,588,1437,2025
WBGene00012992,228,4169,4397
WBGene00012993,84,380,464
WBGene00012994,228,776,1004
WBGene00012995,515,1263,1778
WBGene00012996,317,1560,1877
WBGene00012997,33,862,895
WBGene00012998,495,998,1493
WBGene00012999,509,4593,5102
WBGene00013000,604,398,1002
WBGene00013001,527,1574,2101
WBGene00013002,761,1219,1980
WBGene00013004,705,5498,6203
WBGene00013006,322,554,876
WBGene00013007,15,211,226
WBGene00013008,41,482,523
WBGene00013009,7,106,113
WBGene00013011,35,564,599
WBGene00013013,32,478,510
WBGene00013014,226,1093,1319
WBGene00013015,243,811,1054
WBGene00013017,47,2336,2383
WBGene00013018,39,2081,2120
WBGene00013019,166,774,940
WBGene00013020,219,2014,2233
WBGene00013021,136,1053,1189
WBGene00013023,53,200,253
WBGene00013024,20,164,184
WBGene00013025,287,9060,9347
WBGene00013026,6,843,849
WBGene00013027,43,971,1014
WBGene00013028,15,106,121
WBGene00013029,158,2884,3042
WBGene00013030,75,622,697
WBGene00013033,14,165,179
WBGene00013034,881,1748,2629
WBGene00013035,28,223,251
WBGene00013036,2,11,13
WBGene00013037,40,353,393
WBGene00013038,78,3150,3228
WBGene00013039,332,2039,2371
WBGene00013040,476,1089,1565
WBGene00013041,9,82,91
WBGene00013042,122,649,771
WBGene00013043,37,80,117
WBGene00013044,16,1,17
WBGene00013045,1,0,1
WBGene00013046,13,260,273
WBGene00013047,0,0,0
WBGene00013048,13,564,577
WBGene00013049,0,2,2
WBGene00013050,3,3,6
WBGene00013052,2,10,12
WBGene00013053,7,12,19
WBGene00013054,1,42,43
WBGene00013055,31,263,294
WBGene00013058,12,1,13
WBGene00013060,2,17,19
WBGene00013061,0,1,1
WBGene00013062,2,1,3
WBGene00013063,0,0,0
WBGene00013064,0,0,0
WBGene00013066,6,10,16
WBGene00013067,0,0,0
WBGene00013068,0,0,0
WBGene00013069,2,0,2
WBGene00013070,0,2,2
WBGene00013071,0,34,34
WBGene00013072,8,10,18
WBGene00013073,31,113,144
WBGene00013074,41,932,973
WBGene00013075,196,785,981
WBGene00013076,18,57,75
WBGene00013077,3528,53054,56582
WBGene00013078,1271,20161,21432
WBGene00013079,1720,11201,12921
WBGene00013080,250,982,1232
WBGene00013081,1062,30303,31365
WBGene00013082,162,858,1020
WBGene00013083,31,302,333
WBGene00013085,0,0,0
WBGene00013086,0,1,1
WBGene00013087,0,2,2
WBGene00013088,2,9,11
WBGene00013089,0,0,0
WBGene00013090,0,0,0
WBGene00013091,2,5,7
WBGene00013093,1146,795,1941
WBGene00013094,1347,24919,26266
WBGene00013095,246,964,1210
WBGene00013096,496,1297,1793
WBGene00013098,105,413,518
WBGene00013099,37,23,60
WBGene00013100,5,14,19
WBGene00013101,3,41,44
WBGene00013102,0,0,0
WBGene00013103,44,918,962
WBGene00013104,225,4409,4634
WBGene00013105,1,0,1
WBGene00013106,85,1940,2025
WBGene00013107,2,16,18
WBGene00013109,40,4955,4995
WBGene00013111,100,1565,1665
WBGene00013115,1,0,1
WBGene00013116,3,9,12
WBGene00013117,0,1,1
WBGene00013118,9,83,92
WBGene00013119,54,79,133
WBGene00013120,0,2,2
WBGene00013121,2,4,6
WBGene00013122,42,586,628
WBGene00013123,330,964,1294
WBGene00013124,1060,788,1848
WBGene00013125,4,42,46
WBGene00013126,3,1,4
WBGene00013127,34,143,177
WBGene00013128,157,1619,1776
WBGene00013129,406,2965,3371
WBGene00013130,0,0,0
WBGene00013131,289,72,361
WBGene00013132,139,895,1034
WBGene00013135,36,521,557
WBGene00013136,70,1611,1681
WBGene00013137,59,909,968
WBGene00013138,4,0,4
WBGene00013139,81,1058,1139
WBGene00013140,39,1372,1411
WBGene00013141,47,15,62
WBGene00013142,246,20,266
WBGene00013143,22,1888,1910
WBGene00013144,672,5624,6296
WBGene00013145,5,121,126
WBGene00013146,39,263,302
WBGene00013147,0,128,128
WBGene00013148,1,0,1
WBGene00013149,43,18,61
WBGene00013150,54,2209,2263
WBGene00013151,114,1646,1760
WBGene00013152,0,1,1
WBGene00013154,0,2,2
WBGene00013156,14,1021,1035
WBGene00013157,7,5,12
WBGene00013158,3,24,27
WBGene00013159,84,273,357
WBGene00013160,759,1423,2182
WBGene00013161,430,1447,1877
WBGene00013162,5,7,12
WBGene00013163,1,0,1
WBGene00013164,92,318,410
WBGene00013165,7,34,41
WBGene00013166,10,172,182
WBGene00013167,515,443,958
WBGene00013168,136,4458,4594
WBGene00013169,15,317,332
WBGene00013170,1,0,1
WBGene00013171,43,11,54
WBGene00013172,0,0,0
WBGene00013173,17,72,89
WBGene00013175,2,16,18
WBGene00013176,79,1697,1776
WBGene00013177,187,2990,3177
WBGene00013178,107,1310,1417
WBGene00013179,3,1,4
WBGene00013180,76,1058,1134
WBGene00013181,4667,27935,32602
WBGene00013182,0,2,2
WBGene00013184,0,0,0
WBGene00013186,0,0,0
WBGene00013187,17,167,184
WBGene00013188,50,323,373
WBGene00013189,390,1332,1722
WBGene00013190,5,30,35
WBGene00013192,0,15,15
WBGene00013193,86,934,1020
WBGene00013194,2,5,7
WBGene00013195,26,203,229
WBGene00013196,35,255,290
WBGene00013197,26,216,242
WBGene00013198,16,93,109
WBGene00013200,556,9893,10449
WBGene00013201,86,1319,1405
WBGene00013202,112,1580,1692
WBGene00013203,74,946,1020
WBGene00013204,36,781,817
WBGene00013207,5,36,41
WBGene00013208,25,227,252
WBGene00013209,104,2426,2530
WBGene00013210,0,9422,9422
WBGene00013211,70,638,708
WBGene00013212,73,166,239
WBGene00013213,191,2872,3063
WBGene00013214,64,645,709
WBGene00013215,32,379,411
WBGene00013216,41,1003,1044
WBGene00013217,193,1765,1958
WBGene00013218,62,1417,1479
WBGene00013219,49,4410,4459
WBGene00013220,1,0,1
WBGene00013221,6,30,36
WBGene00013222,141,591,732
WBGene00013223,304,2935,3239
WBGene00013224,97,953,1050
WBGene00013225,208,1222,1430
WBGene00013226,19,1,20
WBGene00013227,14,87,101
WBGene00013228,3124,4075,7199
WBGene00013230,0,0,0
WBGene00013231,39,547,586
WBGene00013232,212,636,848
WBGene00013233,0,9,9
WBGene00013234,0,10,10
WBGene00013235,6,87,93
WBGene00013236,33,3775,3808
WBGene00013237,87,12143,12230
WBGene00013238,790,19323,20113
WBGene00013239,158,1937,2095
WBGene00013240,242,750,992
WBGene00013241,77,977,1054
WBGene00013242,54,292,346
WBGene00013243,107,576,683
WBGene00013244,99,244,343
WBGene00013246,70,159,229
WBGene00013247,64,93,157
WBGene00013248,27,102,129
WBGene00013249,13,61,74
WBGene00013250,1,75,76
WBGene00013252,55,88,143
WBGene00013253,84,282,366
WBGene00013254,4,4,8
WBGene00013255,471,3659,4130
WBGene00013256,86,1810,1896
WBGene00013257,19,135,154
WBGene00013258,1039,455,1494
WBGene00013259,134,774,908
WBGene00013260,43,1392,1435
WBGene00013261,173,243,416
WBGene00013263,147,2769,2916
WBGene00013264,13,14,27
WBGene00013265,209,810,1019
WBGene00013266,75,2387,2462
WBGene00013267,205,2158,2363
WBGene00013268,39,768,807
WBGene00013269,17,3139,3156
WBGene00013270,158,553,711
WBGene00013272,47,100,147
WBGene00013273,161,1914,2075
WBGene00013274,89,10,99
WBGene00013275,133,4390,4523
WBGene00013276,1,22,23
WBGene00013277,0,5,5
WBGene00013278,3,30,33
WBGene00013279,0,1,1
WBGene00013280,0,0,0
WBGene00013281,0,15,15
WBGene00013282,0,0,0
WBGene00013284,6,889,895
WBGene00013285,7,21,28
WBGene00013286,5,27,32
WBGene00013287,26,109,135
WBGene00013288,1,0,1
WBGene00013289,1129,3998,5127
WBGene00013290,0,0,0
WBGene00013292,119,893,1012
WBGene00013293,21,197,218
WBGene00013294,1,14,15
WBGene00013295,2,227,229
WBGene00013296,0,1,1
WBGene00013297,18,2,20
WBGene00013298,7,31,38
WBGene00013299,0,0,0
WBGene00013300,1,4,5
WBGene00013301,16,4134,4150
WBGene00013302,30,671,701
WBGene00013303,92,290,382
WBGene00013304,12,34,46
WBGene00013305,0,3,3
WBGene00013306,1,39,40
WBGene00013307,145,4265,4410
WBGene00013308,2025,52230,54255
WBGene00013310,85,122,207
WBGene00013311,64,30993,31057
WBGene00013312,8,204,212
WBGene00013313,4,2,6
WBGene00013315,0,0,0
WBGene00013317,592,2456,3048
WBGene00013318,6,3,9
WBGene00013319,0,2,2
WBGene00013321,96,1825,1921
WBGene00013322,32,169,201
WBGene00013323,11,1890,1901
WBGene00013324,311,6226,6537
WBGene00013325,87,545,632
WBGene00013326,270,936,1206
WBGene00013327,689,2488,3177
WBGene00013328,2,0,2
WBGene00013329,1,45,46
WBGene00013330,1,236,237
WBGene00013331,18,13,31
WBGene00013332,26,1360,1386
WBGene00013333,22,69,91
WBGene00013334,166,1399,1565
WBGene00013335,16,128,144
WBGene00013336,24,114,138
WBGene00013337,4,0,4
WBGene00013338,1,2,3
WBGene00013339,227,1305,1532
WBGene00013340,307,5015,5322
WBGene00013343,791,4980,5771
WBGene00013344,43,121,164
WBGene00013345,48,1936,1984
WBGene00013347,835,4361,5196
WBGene00013348,18,166,184
WBGene00013349,2,142,144
WBGene00013350,296,739,1035
WBGene00013351,1,0,1
WBGene00013352,298,2913,3211
WBGene00013353,99,181,280
WBGene00013354,550,2562,3112
WBGene00013355,344,1976,2320
WBGene00013356,20,105,125
WBGene00013357,9,3,12
WBGene00013358,84,643,727
WBGene00013359,37,566,603
WBGene00013360,465,7788,8253
WBGene00013361,586,1918,2504
WBGene00013362,71,176,247
WBGene00013364,6,114,120
WBGene00013365,209,2393,2602
WBGene00013366,657,3050,3707
WBGene00013367,4,5,9
WBGene00013368,12,32,44
WBGene00013370,0,7,7
WBGene00013371,0,0,0
WBGene00013373,45,3972,4017
WBGene00013374,0,0,0
WBGene00013375,30,120,150
WBGene00013376,91,906,997
WBGene00013378,29,2723,2752
WBGene00013379,514,2824,3338
WBGene00013380,1,184,185
WBGene00013381,283,82,365
WBGene00013382,37,591,628
WBGene00013383,10,102,112
WBGene00013385,52,662,714
WBGene00013387,277,937,1214
WBGene00013388,1,11,12
WBGene00013389,3,3,6
WBGene00013390,0,0,0
WBGene00013391,0,0,0
WBGene00013392,2,6,8
WBGene00013393,0,0,0
WBGene00013394,0,0,0
WBGene00013395,1,4,5
WBGene00013396,0,0,0
WBGene00013397,2,2,4
WBGene00013398,1,13,14
WBGene00013399,3,1,4
WBGene00013400,0,0,0
WBGene00013401,22,113,135
WBGene00013402,6,58,64
WBGene00013403,3,86,89
WBGene00013404,2,219,221
WBGene00013405,54,425,479
WBGene00013406,583,10885,11468
WBGene00013407,50,442,492
WBGene00013408,0,4,4
WBGene00013409,0,54,54
WBGene00013411,3,1,4
WBGene00013412,2,5,7
WBGene00013415,207,1159,1366
WBGene00013416,135,492,627
WBGene00013417,25,26,51
WBGene00013418,157,2119,2276
WBGene00013419,16,53,69
WBGene00013421,0,13,13
WBGene00013422,166,1193,1359
WBGene00013424,3,16,19
WBGene00013425,106,438,544
WBGene00013426,28,332,360
WBGene00013427,0,41,41
WBGene00013429,4,5,9
WBGene00013431,137,295,432
WBGene00013432,11,116,127
WBGene00013433,2,517,519
WBGene00013434,145,1203,1348
WBGene00013435,249,4320,4569
WBGene00013436,194,2177,2371
WBGene00013437,4,24,28
WBGene00013438,2,819,821
WBGene00013439,6,50,56
WBGene00013440,22,89,111
WBGene00013441,179,1318,1497
WBGene00013442,14,218,232
WBGene00013443,106,395,501
WBGene00013445,29,361,390
WBGene00013446,358,1130,1488
WBGene00013447,216,1197,1413
WBGene00013448,148,1127,1275
WBGene00013449,6,25,31
WBGene00013450,4,11,15
WBGene00013451,0,1,1
WBGene00013452,1,2,3
WBGene00013453,68,1173,1241
WBGene00013454,4,5,9
WBGene00013455,199,991,1190
WBGene00013456,59,415,474
WBGene00013457,25,96,121
WBGene00013458,109,1489,1598
WBGene00013459,684,6107,6791
WBGene00013460,412,1204,1616
WBGene00013461,329,2282,2611
WBGene00013462,197,3134,3331
WBGene00013463,0,15430,15430
WBGene00013464,129,778,907
WBGene00013465,74,952,1026
WBGene00013466,0,3,3
WBGene00013468,2,1,3
WBGene00013469,0,2,2
WBGene00013470,0,2,2
WBGene00013471,0,2,2
WBGene00013472,1,0,1
WBGene00013473,0,2,2
WBGene00013474,0,3,3
WBGene00013475,0,0,0
WBGene00013476,0,4,4
WBGene00013477,169,7823,7992
WBGene00013478,0,2,2
WBGene00013479,83,297,380
WBGene00013480,33,15,48
WBGene00013481,638,10063,10701
WBGene00013482,75,976,1051
WBGene00013483,1,1,2
WBGene00013484,16,24,40
WBGene00013485,130,352,482
WBGene00013486,23,41,64
WBGene00013487,7,9,16
WBGene00013489,37,15699,15736
WBGene00013490,5,30,35
WBGene00013491,0,0,0
WBGene00013492,4,5,9
WBGene00013493,0,6,6
WBGene00013494,5,8,13
WBGene00013496,18,70,88
WBGene00013497,14,124,138
WBGene00013498,1,4,5
WBGene00013499,66,325,391
WBGene00013500,0,0,0
WBGene00013501,0,2,2
WBGene00013502,4,0,4
WBGene00013503,14,0,14
WBGene00013505,3,17,20
WBGene00013506,266,434,700
WBGene00013507,13,38,51
WBGene00013508,1,9,10
WBGene00013509,10,258,268
WBGene00013511,2,1,3
WBGene00013512,23,37,60
WBGene00013513,2,6,8
WBGene00013514,1002,16509,17511
WBGene00013515,1067,15310,16377
WBGene00013516,167,2597,2764
WBGene00013517,47,70,117
WBGene00013518,137,751,888
WBGene00013519,0,0,0
WBGene00013520,9,9,18
WBGene00013521,0,8,8
WBGene00013522,322,838,1160
WBGene00013523,0,1,1
WBGene00013524,0,0,0
WBGene00013525,3,12,15
WBGene00013526,1,2,3
WBGene00013527,4,0,4
WBGene00013528,1,0,1
WBGene00013529,262,1189,1451
WBGene00013530,321,1689,2010
WBGene00013531,311,2477,2788
WBGene00013532,11,2473,2484
WBGene00013534,66,86,152
WBGene00013536,180,38,218
WBGene00013538,222,1301,1523
WBGene00013539,16,53,69
WBGene00013540,28,237,265
WBGene00013541,26,92,118
WBGene00013542,70,709,779
WBGene00013543,147,309,456
WBGene00013544,370,5842,6212
WBGene00013545,438,1415,1853
WBGene00013547,19,118,137
WBGene00013548,112,362,474
WBGene00013549,182,943,1125
WBGene00013550,82,2948,3030
WBGene00013551,41,373,414
WBGene00013552,8,347,355
WBGene00013553,200,1972,2172
WBGene00013554,96,381,477
WBGene00013555,4,20,24
WBGene00013556,265,1364,1629
WBGene00013557,485,1835,2320
WBGene00013558,102,1145,1247
WBGene00013559,54,342,396
WBGene00013560,89,517,606
WBGene00013561,163,1397,1560
WBGene00013562,5,21,26
WBGene00013563,60,37,97
WBGene00013564,11,10,21
WBGene00013565,0,1,1
WBGene00013566,0,0,0
WBGene00013567,15,147,162
WBGene00013568,68,743,811
WBGene00013569,13,925,938
WBGene00013570,0,0,0
WBGene00013572,0,0,0
WBGene00013573,97,36,133
WBGene00013574,54,54,108
WBGene00013575,29,851,880
WBGene00013576,15,303,318
WBGene00013577,1694,18061,19755
WBGene00013578,58,204,262
WBGene00013579,8,5,13
WBGene00013580,1100,1856,2956
WBGene00013581,1,2,3
WBGene00013583,0,1,1
WBGene00013584,40,209,249
WBGene00013585,12,206,218
WBGene00013586,2,2,4
WBGene00013587,40,174,214
WBGene00013588,206,3186,3392
WBGene00013590,0,12,12
WBGene00013591,85,1264,1349
WBGene00013592,20,27,47
WBGene00013593,141,1359,1500
WBGene00013594,261,423,684
WBGene00013595,106,1098,1204
WBGene00013596,43,1258,1301
WBGene00013597,584,8040,8624
WBGene00013598,149,2470,2619
WBGene00013599,437,692,1129
WBGene00013601,95,864,959
WBGene00013602,23,495,518
WBGene00013603,113,3141,3254
WBGene00013604,103,1457,1560
WBGene00013605,136,2147,2283
WBGene00013606,282,1904,2186
WBGene00013607,0,0,0
WBGene00013608,1,5,6
WBGene00013609,0,19,19
WBGene00013610,12,201,213
WBGene00013611,1,117,118
WBGene00013613,2,2,4
WBGene00013616,0,0,0
WBGene00013619,0,4,4
WBGene00013620,4,3,7
WBGene00013621,1,0,1
WBGene00013622,1,2,3
WBGene00013623,23,425,448
WBGene00013626,0,0,0
WBGene00013628,1,0,1
WBGene00013629,8,1,9
WBGene00013631,0,0,0
WBGene00013632,22,412,434
WBGene00013633,59,362,421
WBGene00013634,23,50,73
WBGene00013635,0,1,1
WBGene00013636,0,67,67
WBGene00013637,8,17,25
WBGene00013639,1796,821,2617
WBGene00013642,103,397,500
WBGene00013643,5,57,62
WBGene00013645,0,2,2
WBGene00013646,2,5,7
WBGene00013647,283,3523,3806
WBGene00013649,0,4,4
WBGene00013650,2,223,225
WBGene00013651,5,5,10
WBGene00013653,1,11,12
WBGene00013654,3,55,58
WBGene00013655,7,27,34
WBGene00013656,1,4,5
WBGene00013657,0,0,0
WBGene00013658,18,302,320
WBGene00013659,0,24,24
WBGene00013662,5,93,98
WBGene00013665,23,189,212
WBGene00013666,89,793,882
WBGene00013667,176,1181,1357
WBGene00013668,120,1489,1609
WBGene00013669,23,308,331
WBGene00013670,378,2036,2414
WBGene00013671,68,1637,1705
WBGene00013672,62,158,220
WBGene00013673,78,199,277
WBGene00013674,117,815,932
WBGene00013676,195,2604,2799
WBGene00013677,455,2630,3085
WBGene00013678,377,2186,2563
WBGene00013679,177,1528,1705
WBGene00013680,392,1377,1769
WBGene00013682,1918,3361,5279
WBGene00013683,203,3812,4015
WBGene00013684,3,4,7
WBGene00013685,16,62,78
WBGene00013687,191,1360,1551
WBGene00013688,404,5885,6289
WBGene00013689,16,1153,1169
WBGene00013690,44,1295,1339
WBGene00013691,29,401,430
WBGene00013692,126,1801,1927
WBGene00013693,148,116,264
WBGene00013694,87,1056,1143
WBGene00013695,247,1740,1987
WBGene00013696,3,12,15
WBGene00013697,7,649,656
WBGene00013698,35,1010,1045
WBGene00013699,2,16,18
WBGene00013700,5,81,86
WBGene00013701,6,139,145
WBGene00013702,83,339,422
WBGene00013703,393,1533,1926
WBGene00013704,29,320,349
WBGene00013705,0,1,1
WBGene00013708,6,335,341
WBGene00013709,158,3502,3660
WBGene00013710,2,31,33
WBGene00013711,33,531,564
WBGene00013712,1,1,2
WBGene00013713,6,77,83
WBGene00013715,2,91,93
WBGene00013716,11,175,186
WBGene00013717,12,320,332
WBGene00013718,46,1708,1754
WBGene00013719,26,724,750
WBGene00013720,8,690,698
WBGene00013721,1,7,8
WBGene00013723,0,43,43
WBGene00013724,54,471,525
WBGene00013725,81,1356,1437
WBGene00013726,73,756,829
WBGene00013727,14,251,265
WBGene00013728,40,478,518
WBGene00013729,7,530,537
WBGene00013730,803,3490,4293
WBGene00013732,2421,1812,4233
WBGene00013734,511,3203,3714
WBGene00013735,1849,4061,5910
WBGene00013736,38,1132,1170
WBGene00013737,483,1407,1890
WBGene00013738,224,1698,1922
WBGene00013739,181,93,274
WBGene00013740,27,1691,1718
WBGene00013741,19,55,74
WBGene00013742,85,166,251
WBGene00013744,1,8,9
WBGene00013746,153,420,573
WBGene00013747,14,0,14
WBGene00013748,19,292,311
WBGene00013749,6,89,95
WBGene00013750,9,17,26
WBGene00013751,26,268,294
WBGene00013752,15,331,346
WBGene00013753,48,357,405
WBGene00013754,0,0,0
WBGene00013755,4,48,52
WBGene00013756,11,308,319
WBGene00013757,0,8,8
WBGene00013758,7,348,355
WBGene00013759,0,0,0
WBGene00013760,1,0,1
WBGene00013761,3,118,121
WBGene00013762,1,23,24
WBGene00013764,18,36,54
WBGene00013765,128,2092,2220
WBGene00013766,199,34080,34279
WBGene00013768,245,604,849
WBGene00013771,2,4,6
WBGene00013773,1,7,8
WBGene00013774,107,107,214
WBGene00013775,0,16,16
WBGene00013776,2,90,92
WBGene00013777,0,2,2
WBGene00013778,10,20,30
WBGene00013779,4,35,39
WBGene00013781,45,190,235
WBGene00013782,45,197,242
WBGene00013784,1109,9718,10827
WBGene00013785,0,3,3
WBGene00013786,2,4,6
WBGene00013789,69,573,642
WBGene00013790,96,928,1024
WBGene00013791,0,0,0
WBGene00013792,132,348,480
WBGene00013794,0,0,0
WBGene00013795,0,0,0
WBGene00013796,0,0,0
WBGene00013797,0,0,0
WBGene00013798,1,0,1
WBGene00013799,1,12,13
WBGene00013800,8,0,8
WBGene00013801,5,22,27
WBGene00013802,87,172,259
WBGene00013803,354,2315,2669
WBGene00013804,425,3438,3863
WBGene00013805,542,5420,5962
WBGene00013806,46,278,324
WBGene00013807,403,1062,1465
WBGene00013808,368,2285,2653
WBGene00013809,15,15,30
WBGene00013810,3,3,6
WBGene00013811,2,2,4
WBGene00013812,31,56,87
WBGene00013814,36,35,71
WBGene00013815,0,2,2
WBGene00013816,1,5,6
WBGene00013817,11,25,36
WBGene00013819,56,924,980
WBGene00013820,4,9,13
WBGene00013822,4,1,5
WBGene00013823,18,9,27
WBGene00013824,0,1,1
WBGene00013825,26,41,67
WBGene00013827,1,1,2
WBGene00013828,25,7,32
WBGene00013829,0,20,20
WBGene00013830,0,6,6
WBGene00013831,5,5,10
WBGene00013832,0,17,17
WBGene00013833,4,72,76
WBGene00013834,5,16,21
WBGene00013835,15,100,115
WBGene00013836,12,55,67
WBGene00013837,0,32,32
WBGene00013838,3,114,117
WBGene00013839,8,18,26
WBGene00013840,0,4,4
WBGene00013844,4,8,12
WBGene00013845,22,285,307
WBGene00013846,2,20,22
WBGene00013847,181,1402,1583
WBGene00013848,103,322,425
WBGene00013849,14,53,67
WBGene00013850,73,69,142
WBGene00013852,25,267,292
WBGene00013853,3,4144,4147
WBGene00013854,1,0,1
WBGene00013855,33,402,435
WBGene00013856,1,43,44
WBGene00013857,115,729,844
WBGene00013858,0,2,2
WBGene00013859,706,14590,15296
WBGene00013860,320,3753,4073
WBGene00013862,6,603,609
WBGene00013863,2,1,3
WBGene00013865,2,11,13
WBGene00013866,326,4193,4519
WBGene00013867,18,82,100
WBGene00013868,1,16,17
WBGene00013869,231,1971,2202
WBGene00013870,26,337,363
WBGene00013871,2,25,27
WBGene00013872,186,742,928
WBGene00013873,15,17,32
WBGene00013874,6,73,79
WBGene00013875,6,29,35
WBGene00013876,14,301,315
WBGene00013877,110,1196,1306
WBGene00013878,476,2955,3431
WBGene00013879,4,19,23
WBGene00013880,16,2380,2396
WBGene00013881,62,898,960
WBGene00013882,578,8377,8955
WBGene00013883,23,56,79
WBGene00013884,3872,36427,40299
WBGene00013886,6,12,18
WBGene00013887,0,3,3
WBGene00013888,0,0,0
WBGene00013889,0,0,0
WBGene00013890,0,0,0
WBGene00013891,0,19,19
WBGene00013892,162,3416,3578
WBGene00013893,29,1790,1819
WBGene00013894,86,966,1052
WBGene00013895,27,374,401
WBGene00013896,51,379,430
WBGene00013897,15,624,639
WBGene00013898,161,2050,2211
WBGene00013899,20,483,503
WBGene00013900,2,30,32
WBGene00013901,11,616,627
WBGene00013902,40,175,215
WBGene00013903,0,31,31
WBGene00013904,1,14,15
WBGene00013905,1,19,20
WBGene00013906,9,153,162
WBGene00013907,2,26,28
WBGene00013908,2,3,5
WBGene00013909,1,5,6
WBGene00013910,0,0,0
WBGene00013911,2,7,9
WBGene00013912,2,3,5
WBGene00013913,1,1,2
WBGene00013914,27,78,105
WBGene00013915,1,1,2
WBGene00013916,4,7,11
WBGene00013917,54,670,724
WBGene00013919,208,1691,1899
WBGene00013920,56,2738,2794
WBGene00013921,144,877,1021
WBGene00013922,0,0,0
WBGene00013923,8,115,123
WBGene00013924,137,5214,5351
WBGene00013925,71,1407,1478
WBGene00013926,4,211,215
WBGene00013927,0,0,0
WBGene00013928,1,0,1
WBGene00013929,1,7,8
WBGene00013930,0,0,0
WBGene00013931,16,0,16
WBGene00013932,1,0,1
WBGene00013933,14,25,39
WBGene00013934,687,2259,2946
WBGene00013935,0,1,1
WBGene00013937,0,3,3
WBGene00013938,42,848,890
WBGene00013939,0,32,32
WBGene00013940,0,0,0
WBGene00013941,0,1,1
WBGene00013942,13,15,28
WBGene00013943,0,0,0
WBGene00013944,0,2,2
WBGene00013946,75,365,440
WBGene00013947,68,549,617
WBGene00013949,23,250,273
WBGene00013950,53,358,411
WBGene00013951,0,1,1
WBGene00013953,0,0,0
WBGene00013954,0,3,3
WBGene00013955,102,46,148
WBGene00013956,1,1,2
WBGene00013957,147,314,461
WBGene00013958,216,5865,6081
WBGene00013959,98,741,839
WBGene00013960,16,82,98
WBGene00013961,0,13,13
WBGene00013962,92,1307,1399
WBGene00013963,8,163,171
WBGene00013964,6,615,621
WBGene00013965,5,56,61
WBGene00013966,19,671,690
WBGene00013967,73,565,638
WBGene00013968,1,24,25
WBGene00013969,216,2807,3023
WBGene00013970,131,807,938
WBGene00013971,0,0,0
WBGene00013972,0,0,0
WBGene00013973,0,0,0
WBGene00013974,17,21,38
WBGene00013975,18,108,126
WBGene00013976,12,28,40
WBGene00013978,1,1,2
WBGene00013979,0,0,0
WBGene00013980,30,199,229
WBGene00013982,11,264,275
WBGene00013983,53,4695,4748
WBGene00013984,659,2458,3117
WBGene00013985,47,1512,1559
WBGene00013986,0,14,14
WBGene00013987,6,28,34
WBGene00013988,2,3,5
WBGene00013989,23,515,538
WBGene00013994,64,906,970
WBGene00013996,2,44,46
WBGene00013997,284,3866,4150
WBGene00013998,16,636,652
WBGene00013999,1,5,6
WBGene00014000,12,322,334
WBGene00014001,146,2851,2997
WBGene00014002,20,108,128
WBGene00014003,10,4733,4743
WBGene00014004,151,1388,1539
WBGene00014006,3,1614,1617
WBGene00014007,1,21,22
WBGene00014008,18,363,381
WBGene00014009,2,27,29
WBGene00014011,39,2369,2408
WBGene00014012,60,2622,2682
WBGene00014013,66,3331,3397
WBGene00014014,84,520,604
WBGene00014015,87,2153,2240
WBGene00014016,1066,18715,19781
WBGene00014017,143,2717,2860
WBGene00014018,222,1569,1791
WBGene00014019,89,1182,1271
WBGene00014020,42,1192,1234
WBGene00014021,247,844,1091
WBGene00014022,517,9067,9584
WBGene00014023,164,1525,1689
WBGene00014024,64,309,373
WBGene00014025,111,2843,2954
WBGene00014027,21,187,208
WBGene00014028,44,424,468
WBGene00014029,43,12,55
WBGene00014030,45,5802,5847
WBGene00014031,29,2192,2221
WBGene00014032,2,1,3
WBGene00014033,93,481,574
WBGene00014034,2,460,462
WBGene00014035,101,672,773
WBGene00014036,683,3238,3921
WBGene00014037,2682,3,2685
WBGene00014038,6,0,6
WBGene00014039,5,72,77
WBGene00014040,0,1,1
WBGene00014041,0,0,0
WBGene00014042,0,0,0
WBGene00014043,0,0,0
WBGene00014044,0,3,3
WBGene00014045,0,0,0
WBGene00014046,0,1,1
WBGene00014047,0,2,2
WBGene00014048,1,6,7
WBGene00014049,2,0,2
WBGene00014050,0,144,144
WBGene00014051,436,1720,2156
WBGene00014052,4,48,52
WBGene00014053,10,25,35
WBGene00014054,140,8798,8938
WBGene00014055,84,1147,1231
WBGene00014057,17,327,344
WBGene00014058,139,4502,4641
WBGene00014060,25,174,199
WBGene00014061,0,0,0
WBGene00014062,9,38,47
WBGene00014063,1,38,39
WBGene00014064,0,10,10
WBGene00014065,30,78,108
WBGene00014066,56,732,788
WBGene00014067,3,153,156
WBGene00014068,1,9,10
WBGene00014069,12,7,19
WBGene00014070,23,2,25
WBGene00014073,10,71,81
WBGene00014074,79,635,714
WBGene00014075,154,1804,1958
WBGene00014076,114,735,849
WBGene00014077,39,268,307
WBGene00014078,303,4572,4875
WBGene00014079,53,402,455
WBGene00014080,33,474,507
WBGene00014081,64,665,729
WBGene00014082,9,7,16
WBGene00014083,187,4129,4316
WBGene00014084,0,7,7
WBGene00014085,17,81,98
WBGene00014086,1770,21907,23677
WBGene00014087,58,1655,1713
WBGene00014088,998,49114,50112
WBGene00014089,29,60,89
WBGene00014090,31,1925,1956
WBGene00014091,938,27621,28559
WBGene00014092,713,8302,9015
WBGene00014093,97,54,151
WBGene00014094,23,101,124
WBGene00014095,159,60170,60329
WBGene00014096,18,4640,4658
WBGene00014097,1,40,41
WBGene00014098,266,3768,4034
WBGene00014099,28,585,613
WBGene00014100,3,27,30
WBGene00014101,221,563,784
WBGene00014102,1,4,5
WBGene00014103,17,39,56
WBGene00014104,0,1,1
WBGene00014105,12,36,48
WBGene00014106,82,364,446
WBGene00014107,10,208,218
WBGene00014108,550,23053,23603
WBGene00014109,54,4071,4125
WBGene00014111,36,1169,1205
WBGene00014112,133,2239,2372
WBGene00014113,13,371,384
WBGene00014114,42,955,997
WBGene00014115,143,1659,1802
WBGene00014116,3,179,182
WBGene00014117,2,69,71
WBGene00014118,65,676,741
WBGene00014119,275,1128,1403
WBGene00014120,0,551,551
WBGene00014121,29,38,67
WBGene00014122,32,55,87
WBGene00014123,19,1537,1556
WBGene00014124,36,1170,1206
WBGene00014125,16,1148,1164
WBGene00014127,2,5,7
WBGene00014128,0,1,1
WBGene00014129,2,14,16
WBGene00014130,0,0,0
WBGene00014131,1,25,26
WBGene00014132,0,4,4
WBGene00014135,6,28,34
WBGene00014136,51,146,197
WBGene00014137,11,303,314
WBGene00014138,20,164,184
WBGene00014139,260,372,632
WBGene00014140,565,677,1242
WBGene00014141,10,179,189
WBGene00014142,1,20,21
WBGene00014143,0,0,0
WBGene00014144,0,2,2
WBGene00014145,12,60,72
WBGene00014148,196,2869,3065
WBGene00014149,2,13,15
WBGene00014150,55,485,540
WBGene00014151,107,1170,1277
WBGene00014152,5,30,35
WBGene00014153,148,1317,1465
WBGene00014154,0,18,18
WBGene00014155,5,42,47
WBGene00014156,85,1567,1652
WBGene00014157,0,0,0
WBGene00014158,1,3,4
WBGene00014159,5,368,373
WBGene00014160,0,23,23
WBGene00014161,2,13,15
WBGene00014162,2,5,7
WBGene00014163,0,188,188
WBGene00014164,9,236,245
WBGene00014165,627,16112,16739
WBGene00014166,12,72,84
WBGene00014168,0,1,1
WBGene00014169,1,12,13
WBGene00014170,1,20,21
WBGene00014171,2322,5183,7505
WBGene00014172,110,1177,1287
WBGene00014173,4,23,27
WBGene00014174,0,5,5
WBGene00014175,135,523,658
WBGene00014176,97,1384,1481
WBGene00014177,77,2392,2469
WBGene00014178,9,67,76
WBGene00014179,1,0,1
WBGene00014181,11,109,120
WBGene00014182,0,0,0
WBGene00014183,38,1297,1335
WBGene00014184,1,44,45
WBGene00014186,0,0,0
WBGene00014188,0,0,0
WBGene00014189,1,26,27
WBGene00014190,1,2,3
WBGene00014191,1,0,1
WBGene00014192,0,0,0
WBGene00014193,0,2,2
WBGene00014194,0,0,0
WBGene00014195,2,20,22
WBGene00014196,5,21,26
WBGene00014197,0,1,1
WBGene00014198,2,138,140
WBGene00014199,3,9,12
WBGene00014200,3,44,47
WBGene00014201,0,0,0
WBGene00014202,218,6314,6532
WBGene00014203,20,297,317
WBGene00014204,64,7220,7284
WBGene00014205,33,769,802
WBGene00014206,8,301,309
WBGene00014207,190,8394,8584
WBGene00014208,33,1335,1368
WBGene00014209,128,1583,1711
WBGene00014210,17,199,216
WBGene00014213,298,5154,5452
WBGene00014214,825,2133,2958
WBGene00014215,173,948,1121
WBGene00014216,1,0,1
WBGene00014217,0,1,1
WBGene00014218,176,4815,4991
WBGene00014219,42,1130,1172
WBGene00014220,38,439,477
WBGene00014221,74,2135,2209
WBGene00014222,118,858,976
WBGene00014223,72,82,154
WBGene00014224,206,5706,5912
WBGene00014225,6,38,44
WBGene00014226,19,628,647
WBGene00014227,150,1627,1777
WBGene00014228,7,595,602
WBGene00014229,1,6,7
WBGene00014230,27,748,775
WBGene00014232,258,2750,3008
WBGene00014233,49,1254,1303
WBGene00014234,4,1282,1286
WBGene00014235,4,36,40
WBGene00014236,1,7,8
WBGene00014238,0,1,1
WBGene00014239,0,1,1
WBGene00014240,0,1,1
WBGene00014241,0,6,6
WBGene00014242,0,0,0
WBGene00014243,160,2829,2989
WBGene00014244,24,1132,1156
WBGene00014245,2,8,10
WBGene00014246,2,0,2
WBGene00014247,0,0,0
WBGene00014248,117,441,558
WBGene00014249,75,4714,4789
WBGene00014250,11,676,687
WBGene00014251,112,1510,1622
WBGene00014252,39,613,652
WBGene00014253,20,370,390
WBGene00014254,10,179,189
WBGene00014255,1,102,103
WBGene00014256,16,348,364
WBGene00014258,254,5645,5899
WBGene00014259,144,2856,3000
WBGene00014260,59,60,119
WBGene00014261,884,1995,2879
WBGene00014262,4043,14431,18474
WBGene00014300,47,286,333
WBGene00014569,111,821,932
WBGene00014666,3,110,113
WBGene00014668,10,11,21
WBGene00014669,4,96,100
WBGene00014679,0,2,2
WBGene00014697,70,1499,1569
WBGene00014698,21,85,106
WBGene00014699,0,0,0
WBGene00014700,1,11,12
WBGene00014761,26,57,83
WBGene00014793,115,1528,1643
WBGene00014801,89,744,833
WBGene00014807,2,0,2
WBGene00014813,2,7,9
WBGene00014826,1471,21090,22561
WBGene00014848,50,1142,1192
WBGene00014864,8,2,10
WBGene00014871,14,167,181
WBGene00014914,10,8,18
WBGene00014924,4,1,5
WBGene00014926,4,3,7
WBGene00014938,248,5949,6197
WBGene00014953,0,1,1
WBGene00014965,65,1067,1132
WBGene00014989,503,2713,3216
WBGene00014997,2,6,8
WBGene00014998,24,87,111
WBGene00014999,18,479,497
WBGene00015000,12,45,57
WBGene00015001,78,769,847
WBGene00015002,6,149,155
WBGene00015003,1,16,17
WBGene00015004,3,20,23
WBGene00015005,3,151,154
WBGene00015006,6,22,28
WBGene00015007,749,6298,7047
WBGene00015008,33,497,530
WBGene00015009,63,839,902
WBGene00015010,99,832,931
WBGene00015011,32,2650,2682
WBGene00015012,2,16,18
WBGene00015014,10,145,155
WBGene00015015,3,32,35
WBGene00015017,75,786,861
WBGene00015018,4,3,7
WBGene00015019,25,67,92
WBGene00015020,9,12,21
WBGene00015021,247,3017,3264
WBGene00015022,572,4884,5456
WBGene00015023,46,442,488
WBGene00015024,0,6,6
WBGene00015025,380,5001,5381
WBGene00015026,0,4,4
WBGene00015027,32,160,192
WBGene00015028,5,21,26
WBGene00015029,19,818,837
WBGene00015030,2,5,7
WBGene00015031,1,1,2
WBGene00015032,4,22,26
WBGene00015033,76,113,189
WBGene00015034,1,12,13
WBGene00015035,22,83,105
WBGene00015036,1,18,19
WBGene00015037,38,188,226
WBGene00015038,23,196,219
WBGene00015040,4,39,43
WBGene00015041,8,58,66
WBGene00015042,0,8,8
WBGene00015043,21,316,337
WBGene00015044,13,210,223
WBGene00015045,2,14,16
WBGene00015046,31,155,186
WBGene00015047,119,2292,2411
WBGene00015048,16,692,708
WBGene00015049,1,63,64
WBGene00015050,31,163,194
WBGene00015051,0,0,0
WBGene00015052,3,22,25
WBGene00015053,5,164,169
WBGene00015054,6,6,12
WBGene00015055,50,98,148
WBGene00015056,11,118,129
WBGene00015057,17,285,302
WBGene00015058,4,344,348
WBGene00015059,10,1839,1849
WBGene00015061,3071,36117,39188
WBGene00015062,9,95,104
WBGene00015063,4,450,454
WBGene00015064,156,2248,2404
WBGene00015065,1,5,6
WBGene00015066,3,29,32
WBGene00015067,34,492,526
WBGene00015068,0,1,1
WBGene00015069,0,0,0
WBGene00015070,1,6,7
WBGene00015071,2,2,4
WBGene00015072,14,23,37
WBGene00015073,5,229,234
WBGene00015074,70,3859,3929
WBGene00015075,189,6187,6376
WBGene00015076,4,535,539
WBGene00015079,130,92,222
WBGene00015080,4,13,17
WBGene00015081,6,12,18
WBGene00015082,1,12,13
WBGene00015083,5,108,113
WBGene00015084,0,3,3
WBGene00015085,7,25,32
WBGene00015086,4,58,62
WBGene00015087,7,30,37
WBGene00015088,61,713,774
WBGene00015089,16,12,28
WBGene00015091,92,1884,1976
WBGene00015092,176,6595,6771
WBGene00015093,1,2,3
WBGene00015094,14,21,35
WBGene00015095,71,795,866
WBGene00015096,243,2162,2405
WBGene00015097,6,47,53
WBGene00015098,6,148,154
WBGene00015099,189,2677,2866
WBGene00015100,0,7,7
WBGene00015101,21,1497,1518
WBGene00015102,4,116,120
WBGene00015103,6,107,113
WBGene00015104,30,2730,2760
WBGene00015105,221,859,1080
WBGene00015106,7,14,21
WBGene00015107,4,107,111
WBGene00015108,0,0,0
WBGene00015110,5,34,39
WBGene00015111,0,1,1
WBGene00015112,1,6,7
WBGene00015113,0,6,6
WBGene00015114,0,1,1
WBGene00015115,468,2094,2562
WBGene00015116,63,922,985
WBGene00015117,7,641,648
WBGene00015118,1,0,1
WBGene00015119,1,1,2
WBGene00015121,0,0,0
WBGene00015122,4,351,355
WBGene00015124,333,3196,3529
WBGene00015125,65,5978,6043
WBGene00015126,262,2053,2315
WBGene00015128,61,1747,1808
WBGene00015129,0,3,3
WBGene00015130,26,761,787
WBGene00015131,44,246,290
WBGene00015132,21,317,338
WBGene00015133,144,9420,9564
WBGene00015134,25,359,384
WBGene00015135,67,303,370
WBGene00015136,9,193,202
WBGene00015137,278,6826,7104
WBGene00015138,26,151,177
WBGene00015139,121,151,272
WBGene00015141,55,587,642
WBGene00015142,0,49,49
WBGene00015143,29,2259,2288
WBGene00015145,71,1717,1788
WBGene00015146,70,1378,1448
WBGene00015147,17,571,588
WBGene00015148,459,11590,12049
WBGene00015149,23,44,67
WBGene00015150,2,332,334
WBGene00015151,4,26,30
WBGene00015152,93,213,306
WBGene00015153,5,14,19
WBGene00015155,234,49,283
WBGene00015156,867,2771,3638
WBGene00015157,38,1546,1584
WBGene00015158,66,454,520
WBGene00015159,468,1672,2140
WBGene00015160,17,2121,2138
WBGene00015161,20,399,419
WBGene00015162,195,1844,2039
WBGene00015163,24,3834,3858
WBGene00015164,71,1350,1421
WBGene00015165,3,15,18
WBGene00015167,1,180,181
WBGene00015168,137,26513,26650
WBGene00015169,5,68,73
WBGene00015170,4,2,6
WBGene00015171,19,469,488
WBGene00015172,3,856,859
WBGene00015173,725,1414,2139
WBGene00015175,1,5,6
WBGene00015176,139,1987,2126
WBGene00015177,222,2752,2974
WBGene00015178,1,0,1
WBGene00015179,12,82,94
WBGene00015180,0,14,14
WBGene00015181,26,2952,2978
WBGene00015182,7,49,56
WBGene00015183,7,17,24
WBGene00015184,76,1385,1461
WBGene00015185,365,3254,3619
WBGene00015186,201,2683,2884
WBGene00015188,45,244,289
WBGene00015189,133,54,187
WBGene00015190,7,203,210
WBGene00015191,67,514,581
WBGene00015192,2,7,9
WBGene00015193,1,0,1
WBGene00015194,65,518,583
WBGene00015196,9,61,70
WBGene00015197,13,214,227
WBGene00015198,1,2,3
WBGene00015199,6,6,12
WBGene00015200,43,487,530
WBGene00015202,96,1751,1847
WBGene00015203,181,3593,3774
WBGene00015204,23,938,961
WBGene00015205,179,2557,2736
WBGene00015206,82,2694,2776
WBGene00015207,367,1558,1925
WBGene00015208,230,4410,4640
WBGene00015210,15,186,201
WBGene00015211,8,81,89
WBGene00015214,6,17,23
WBGene00015215,0,12,12
WBGene00015216,40,340,380
WBGene00015217,16,715,731
WBGene00015218,10,169,179
WBGene00015219,134,1816,1950
WBGene00015220,0,77,77
WBGene00015221,0,1,1
WBGene00015222,0,0,0
WBGene00015223,6,22,28
WBGene00015224,4,4,8
WBGene00015225,16,91,107
WBGene00015226,2,18,20
WBGene00015227,1,65,66
WBGene00015228,118,806,924
WBGene00015229,0,6,6
WBGene00015230,0,3,3
WBGene00015231,19,276,295
WBGene00015232,942,11214,12156
WBGene00015233,9,1296,1305
WBGene00015235,0,581,581
WBGene00015236,71,93,164
WBGene00015237,270,1881,2151
WBGene00015238,36,444,480
WBGene00015241,5,0,5
WBGene00015242,0,1,1
WBGene00015243,0,1,1
WBGene00015244,7,8,15
WBGene00015245,171,757,928
WBGene00015246,31,7,38
WBGene00015247,291,47,338
WBGene00015248,4390,50092,54482
WBGene00015249,335,919,1254
WBGene00015250,219,431,650
WBGene00015251,100,2315,2415
WBGene00015252,5,4,9
WBGene00015253,0,0,0
WBGene00015254,0,0,0
WBGene00015255,0,0,0
WBGene00015257,4,0,4
WBGene00015258,3,10,13
WBGene00015259,0,6,6
WBGene00015260,1,11,12
WBGene00015261,0,29,29
WBGene00015262,14,18,32
WBGene00015263,65,524,589
WBGene00015264,37,167,204
WBGene00015265,1,33,34
WBGene00015266,99,1023,1122
WBGene00015267,82,1079,1161
WBGene00015268,305,394,699
WBGene00015270,0,0,0
WBGene00015271,0,0,0
WBGene00015272,0,0,0
WBGene00015273,135,1,136
WBGene00015275,12,10,22
WBGene00015276,126,168,294
WBGene00015277,0,0,0
WBGene00015278,34,481,515
WBGene00015279,2,13,15
WBGene00015280,18,162,180
WBGene00015281,25,269,294
WBGene00015282,195,2659,2854
WBGene00015283,64,1160,1224
WBGene00015284,5,53,58
WBGene00015285,259,1997,2256
WBGene00015286,11,100,111
WBGene00015287,0,51,51
WBGene00015288,2,7,9
WBGene00015291,66,854,920
WBGene00015292,5,20,25
WBGene00015293,370,3706,4076
WBGene00015294,48,698,746
WBGene00015295,91,701,792
WBGene00015296,232,3541,3773
WBGene00015297,157,3450,3607
WBGene00015298,37,1635,1672
WBGene00015299,15,79,94
WBGene00015300,2,61,63
WBGene00015301,190,996,1186
WBGene00015303,187,505,692
WBGene00015305,1,1,2
WBGene00015306,0,1,1
WBGene00015307,29,240,269
WBGene00015308,59,1544,1603
WBGene00015309,11,42,53
WBGene00015310,37,809,846
WBGene00015311,2,25,27
WBGene00015312,6,174,180
WBGene00015313,14,716,730
WBGene00015315,0,0,0
WBGene00015316,5,1,6
WBGene00015317,0,1,1
WBGene00015318,0,5,5
WBGene00015320,1,60,61
WBGene00015321,0,0,0
WBGene00015322,2,260,262
WBGene00015323,13,62,75
WBGene00015324,23,394,417
WBGene00015325,0,1,1
WBGene00015326,32,7525,7557
WBGene00015327,16,641,657
WBGene00015328,358,1473,1831
WBGene00015329,112,4659,4771
WBGene00015330,138,1995,2133
WBGene00015331,0,0,0
WBGene00015332,34,413,447
WBGene00015333,5,41,46
WBGene00015334,87,489,576
WBGene00015335,12,121,133
WBGene00015336,34,1500,1534
WBGene00015337,6,37,43
WBGene00015338,1,0,1
WBGene00015339,45,826,871
WBGene00015340,9,68,77
WBGene00015341,0,0,0
WBGene00015342,1,4,5
WBGene00015344,90,4155,4245
WBGene00015345,5,7,12
WBGene00015346,87,3742,3829
WBGene00015347,85,938,1023
WBGene00015348,0,8,8
WBGene00015349,120,580,700
WBGene00015350,131,2804,2935
WBGene00015351,9,84,93
WBGene00015352,197,2404,2601
WBGene00015353,7,307,314
WBGene00015354,141,7692,7833
WBGene00015355,20,77,97
WBGene00015356,768,12367,13135
WBGene00015357,14,170,184
WBGene00015358,46,8,54
WBGene00015359,5,155,160
WBGene00015360,1,3,4
WBGene00015361,5,8,13
WBGene00015362,27,348,375
WBGene00015364,21,49,70
WBGene00015366,2,2,4
WBGene00015367,0,0,0
WBGene00015368,0,2,2
WBGene00015369,0,2,2
WBGene00015370,0,0,0
WBGene00015371,0,0,0
WBGene00015372,0,2,2
WBGene00015373,19,30,49
WBGene00015374,0,16,16
WBGene00015375,4,56,60
WBGene00015376,2,15,17
WBGene00015377,2,59,61
WBGene00015378,15,151,166
WBGene00015379,0,6,6
WBGene00015380,0,5,5
WBGene00015381,10,31,41
WBGene00015382,4,50,54
WBGene00015385,0,0,0
WBGene00015386,173,47,220
WBGene00015387,33,72,105
WBGene00015388,4,6,10
WBGene00015389,16,176,192
WBGene00015390,38,266,304
WBGene00015391,186,8186,8372
WBGene00015392,0,71,71
WBGene00015393,456,8632,9088
WBGene00015394,0,3,3
WBGene00015395,15,56,71
WBGene00015396,12,147,159
WBGene00015397,2,19,21
WBGene00015398,7,2857,2864
WBGene00015399,2,6,8
WBGene00015400,29,189,218
WBGene00015401,1,8,9
WBGene00015402,101,708,809
WBGene00015403,2,111,113
WBGene00015404,80,1974,2054
WBGene00015405,153,3304,3457
WBGene00015406,0,4,4
WBGene00015407,25,1925,1950
WBGene00015408,5,265,270
WBGene00015409,1,31,32
WBGene00015410,113,852,965
WBGene00015411,0,8,8
WBGene00015412,2,25,27
WBGene00015413,212,8425,8637
WBGene00015414,0,6,6
WBGene00015416,6,28,34
WBGene00015417,1,1,2
WBGene00015418,963,5519,6482
WBGene00015419,2,15,17
WBGene00015420,0,1,1
WBGene00015421,4,1,5
WBGene00015422,1,21,22
WBGene00015423,16,478,494
WBGene00015424,22,405,427
WBGene00015425,195,1959,2154
WBGene00015426,2,11,13
WBGene00015427,44,646,690
WBGene00015428,5,2,7
WBGene00015429,59,959,1018
WBGene00015430,49,900,949
WBGene00015431,69,291,360
WBGene00015433,1,90,91
WBGene00015434,61,474,535
WBGene00015435,1,0,1
WBGene00015437,2,38,40
WBGene00015438,5,0,5
WBGene00015442,8,45,53
WBGene00015444,18,14,32
WBGene00015446,1,5,6
WBGene00015447,1,2,3
WBGene00015448,2,7,9
WBGene00015449,4,106,110
WBGene00015450,10,1154,1164
WBGene00015451,74,617,691
WBGene00015453,3,16,19
WBGene00015454,11,776,787
WBGene00015455,501,568,1069
WBGene00015456,10,152,162
WBGene00015457,6,4,10
WBGene00015458,0,4,4
WBGene00015459,0,0,0
WBGene00015460,11,682,693
WBGene00015461,242,5507,5749
WBGene00015462,10,494,504
WBGene00015463,8,604,612
WBGene00015464,74,2314,2388
WBGene00015465,8,20,28
WBGene00015466,82,1085,1167
WBGene00015467,3,6,9
WBGene00015468,95,771,866
WBGene00015469,32,250,282
WBGene00015470,23,1406,1429
WBGene00015471,46,284,330
WBGene00015472,95,1527,1622
WBGene00015473,91,51,142
WBGene00015474,66,2045,2111
WBGene00015476,54,363,417
WBGene00015477,203,5373,5576
WBGene00015478,37,429,466
WBGene00015479,5,28,33
WBGene00015480,93,381,474
WBGene00015481,97,4952,5049
WBGene00015483,119,1814,1933
WBGene00015484,422,2885,3307
WBGene00015485,286,324,610
WBGene00015486,84,1110,1194
WBGene00015487,25,7115,7140
WBGene00015488,121,1179,1300
WBGene00015489,15,34,49
WBGene00015491,0,1,1
WBGene00015492,13,1053,1066
WBGene00015493,0,9,9
WBGene00015494,75,410,485
WBGene00015495,1,200,201
WBGene00015496,6,18,24
WBGene00015497,16,40,56
WBGene00015499,154,1438,1592
WBGene00015500,12,98,110
WBGene00015501,281,3561,3842
WBGene00015504,121,717,838
WBGene00015505,40,235,275
WBGene00015507,210,1408,1618
WBGene00015508,109,1430,1539
WBGene00015509,160,1170,1330
WBGene00015510,60,2660,2720
WBGene00015511,4,103,107
WBGene00015512,371,3648,4019
WBGene00015513,69,1326,1395
WBGene00015514,1513,41032,42545
WBGene00015515,48,1459,1507
WBGene00015516,3,46,49
WBGene00015517,239,1639,1878
WBGene00015518,0,86,86
WBGene00015519,7,278,285
WBGene00015520,0,10,10
WBGene00015521,0,1,1
WBGene00015522,2,24,26
WBGene00015523,22,276,298
WBGene00015524,30,708,738
WBGene00015525,145,2780,2925
WBGene00015526,23,54,77
WBGene00015527,9,482,491
WBGene00015528,6,10,16
WBGene00015529,26,288,314
WBGene00015530,0,0,0
WBGene00015531,37,420,457
WBGene00015532,8,89,97
WBGene00015534,3,6,9
WBGene00015535,3,26,29
WBGene00015536,6,246,252
WBGene00015537,10,41,51
WBGene00015538,6,2897,2903
WBGene00015539,41,719,760
WBGene00015540,4,2113,2117
WBGene00015541,94,910,1004
WBGene00015544,27,54,81
WBGene00015545,16,256,272
WBGene00015546,0,36,36
WBGene00015547,86,5519,5605
WBGene00015549,9,61,70
WBGene00015551,833,6778,7611
WBGene00015552,37,2176,2213
WBGene00015553,367,4882,5249
WBGene00015554,38,604,642
WBGene00015555,350,2532,2882
WBGene00015557,37,529,566
WBGene00015558,7,132,139
WBGene00015559,61,258,319
WBGene00015560,8,314,322
WBGene00015561,192,1794,1986
WBGene00015564,0,26,26
WBGene00015565,303,5519,5822
WBGene00015566,36,558,594
WBGene00015567,74,1090,1164
WBGene00015568,9,72,81
WBGene00015569,18,620,638
WBGene00015570,4,81,85
WBGene00015572,4,0,4
WBGene00015573,1,1,2
WBGene00015574,1,30,31
WBGene00015576,24,266,290
WBGene00015577,41,455,496
WBGene00015578,1,1800,1801
WBGene00015579,0,0,0
WBGene00015580,378,1808,2186
WBGene00015581,376,5256,5632
WBGene00015582,9,96,105
WBGene00015583,3,1,4
WBGene00015586,5,158,163
WBGene00015587,0,14,14
WBGene00015588,0,18,18
WBGene00015589,2,9,11
WBGene00015590,17,371,388
WBGene00015591,31,876,907
WBGene00015592,57,26,83
WBGene00015593,0,4,4
WBGene00015595,0,0,0
WBGene00015598,0,1,1
WBGene00015599,0,0,0
WBGene00015600,0,0,0
WBGene00015601,28,2,30
WBGene00015602,0,0,0
WBGene00015604,0,0,0
WBGene00015605,25,465,490
WBGene00015606,12,0,12
WBGene00015607,0,2,2
WBGene00015608,1,54,55
WBGene00015609,3,125,128
WBGene00015610,0,1,1
WBGene00015611,0,211,211
WBGene00015613,0,5,5
WBGene00015615,0,94,94
WBGene00015618,25,62,87
WBGene00015619,774,7859,8633
WBGene00015620,10,121,131
WBGene00015621,54,864,918
WBGene00015622,8,12,20
WBGene00015623,542,16266,16808
WBGene00015624,10,178,188
WBGene00015625,25,179,204
WBGene00015626,4,48,52
WBGene00015627,1,3,4
WBGene00015628,1,1,2
WBGene00015629,3,9,12
WBGene00015630,6,21,27
WBGene00015631,2,90,92
WBGene00015632,226,2918,3144
WBGene00015633,304,2203,2507
WBGene00015634,3,41,44
WBGene00015635,52,938,990
WBGene00015636,0,1,1
WBGene00015637,0,4,4
WBGene00015638,27,456,483
WBGene00015639,12,26,38
WBGene00015641,142,1836,1978
WBGene00015642,132,672,804
WBGene00015644,49,734,783
WBGene00015645,4,34,38
WBGene00015646,13,158,171
WBGene00015647,86,1299,1385
WBGene00015648,373,1074,1447
WBGene00015649,45,25,70
WBGene00015650,481,1886,2367
WBGene00015651,350,168,518
WBGene00015652,0,0,0
WBGene00015653,1,1,2
WBGene00015655,0,0,0
WBGene00015656,6,0,6
WBGene00015658,420,816,1236
WBGene00015659,0,1,1
WBGene00015660,6,70,76
WBGene00015661,0,1,1
WBGene00015662,2,7,9
WBGene00015663,0,1,1
WBGene00015664,2,159,161
WBGene00015665,2,11,13
WBGene00015666,25,94,119
WBGene00015667,3,2,5
WBGene00015668,0,14,14
WBGene00015670,78,135,213
WBGene00015671,10,754,764
WBGene00015672,2,13,15
WBGene00015673,54,679,733
WBGene00015674,13,197,210
WBGene00015675,22,11,33
WBGene00015676,25,2177,2202
WBGene00015677,32,213,245
WBGene00015678,418,1602,2020
WBGene00015679,15,97,112
WBGene00015680,299,2902,3201
WBGene00015681,3,4,7
WBGene00015682,5,11,16
WBGene00015683,1,14,15
WBGene00015684,301,4883,5184
WBGene00015685,0,0,0
WBGene00015686,86,179,265
WBGene00015687,155,10801,10956
WBGene00015688,0,4,4
WBGene00015689,0,5,5
WBGene00015690,0,0,0
WBGene00015691,129,1051,1180
WBGene00015692,59,214,273
WBGene00015693,33,240,273
WBGene00015694,7,7,14
WBGene00015695,57,1107,1164
WBGene00015696,3,20,23
WBGene00015697,22,257,279
WBGene00015698,0,185,185
WBGene00015700,7,17,24
WBGene00015701,12,60,72
WBGene00015702,8,681,689
WBGene00015703,3,2537,2540
WBGene00015704,78,240,318
WBGene00015705,11,73,84
WBGene00015706,5,195,200
WBGene00015707,0,17,17
WBGene00015708,4,115,119
WBGene00015709,11,423,434
WBGene00015710,33,1343,1376
WBGene00015711,4,276,280
WBGene00015712,2,1,3
WBGene00015713,9,238,247
WBGene00015714,5,94,99
WBGene00015715,16,1,17
WBGene00015716,6,135,141
WBGene00015718,1,3,4
WBGene00015719,0,0,0
WBGene00015720,2,14,16
WBGene00015721,0,0,0
WBGene00015722,3,2,5
WBGene00015723,3,1,4
WBGene00015724,2,0,2
WBGene00015725,0,0,0
WBGene00015726,1,0,1
WBGene00015727,0,0,0
WBGene00015728,13,35,48
WBGene00015729,12,722,734
WBGene00015730,0,0,0
WBGene00015731,0,0,0
WBGene00015733,5,60,65
WBGene00015734,64,4909,4973
WBGene00015735,661,2553,3214
WBGene00015736,1,6,7
WBGene00015737,0,0,0
WBGene00015738,1,1,2
WBGene00015739,13,35,48
WBGene00015740,87,1742,1829
WBGene00015741,450,3973,4423
WBGene00015742,50,528,578
WBGene00015743,78,1296,1374
WBGene00015744,77,345,422
WBGene00015745,21,330,351
WBGene00015746,27,1727,1754
WBGene00015747,82,365,447
WBGene00015748,11,182,193
WBGene00015750,12,87,99
WBGene00015751,29,99,128
WBGene00015752,38,2933,2971
WBGene00015753,23,240,263
WBGene00015754,149,2323,2472
WBGene00015755,1256,26190,27446
WBGene00015756,7,207,214
WBGene00015757,0,7,7
WBGene00015758,8,34,42
WBGene00015759,117,1791,1908
WBGene00015760,0,0,0
WBGene00015762,2,5,7
WBGene00015764,9,2,11
WBGene00015765,2,12,14
WBGene00015766,7,131,138
WBGene00015767,58,652,710
WBGene00015768,7,36,43
WBGene00015769,11,899,910
WBGene00015770,1,1,2
WBGene00015772,0,0,0
WBGene00015773,0,3,3
WBGene00015774,2,4,6
WBGene00015775,0,2,2
WBGene00015776,65,2199,2264
WBGene00015777,59,1961,2020
WBGene00015778,22,25138,25160
WBGene00015779,209,1846,2055
WBGene00015780,2,25,27
WBGene00015781,294,2144,2438
WBGene00015782,12,223,235
WBGene00015783,11,136,147
WBGene00015784,5,7,12
WBGene00015785,0,0,0
WBGene00015786,190,1865,2055
WBGene00015787,29,343,372
WBGene00015788,15,287,302
WBGene00015789,0,284,284
WBGene00015790,3,467,470
WBGene00015791,43,3981,4024
WBGene00015792,7,25,32
WBGene00015793,10,221,231
WBGene00015794,14,95,109
WBGene00015795,46,546,592
WBGene00015796,593,1886,2479
WBGene00015797,12,142,154
WBGene00015798,14,106,120
WBGene00015799,15,74,89
WBGene00015800,283,1170,1453
WBGene00015801,172,1638,1810
WBGene00015802,136,971,1107
WBGene00015803,2252,25320,27572
WBGene00015805,109,3128,3237
WBGene00015806,36,848,884
WBGene00015807,8,295,303
WBGene00015809,292,6120,6412
WBGene00015810,7,9443,9450
WBGene00015811,44,9533,9577
WBGene00015813,356,6517,6873
WBGene00015814,164,6654,6818
WBGene00015815,160,849,1009
WBGene00015816,23,226,249
WBGene00015817,220,2467,2687
WBGene00015818,12,185,197
WBGene00015819,0,253,253
WBGene00015820,2,10,12
WBGene00015821,1,1,2
WBGene00015822,46,69,115
WBGene00015823,0,5895,5895
WBGene00015824,4,154,158
WBGene00015825,0,0,0
WBGene00015827,0,1,1
WBGene00015828,0,3,3
WBGene00015829,0,6,6
WBGene00015830,0,1,1
WBGene00015832,0,1,1
WBGene00015833,1,1,2
WBGene00015834,0,0,0
WBGene00015835,0,3,3
WBGene00015836,0,0,0
WBGene00015837,0,0,0
WBGene00015838,1,1,2
WBGene00015839,1,0,1
WBGene00015841,17,29,46
WBGene00015842,15,142,157
WBGene00015843,67,284,351
WBGene00015845,0,0,0
WBGene00015846,0,0,0
WBGene00015847,0,0,0
WBGene00015848,0,0,0
WBGene00015849,19,263,282
WBGene00015850,3,69,72
WBGene00015851,12,12,24
WBGene00015852,54,130,184
WBGene00015853,46,548,594
WBGene00015854,2,1,3
WBGene00015855,5,15,20
WBGene00015856,0,1,1
WBGene00015857,56,985,1041
WBGene00015858,4,13,17
WBGene00015859,9,37,46
WBGene00015860,13,76,89
WBGene00015861,19,310,329
WBGene00015862,15,49,64
WBGene00015863,8,4,12
WBGene00015864,7,124,131
WBGene00015865,59,1309,1368
WBGene00015866,32,430,462
WBGene00015867,17,147,164
WBGene00015868,729,2437,3166
WBGene00015869,0,3,3
WBGene00015870,0,1,1
WBGene00015871,0,0,0
WBGene00015872,0,0,0
WBGene00015873,0,0,0
WBGene00015875,2,0,2
WBGene00015877,3,2,5
WBGene00015878,0,0,0
WBGene00015879,1,2,3
WBGene00015882,0,4,4
WBGene00015883,5,2,7
WBGene00015884,1,10,11
WBGene00015885,9,725,734
WBGene00015886,0,3,3
WBGene00015887,56,3715,3771
WBGene00015888,0,0,0
WBGene00015889,3,29,32
WBGene00015890,1,109,110
WBGene00015891,3,16,19
WBGene00015892,1,0,1
WBGene00015893,0,0,0
WBGene00015894,368,14672,15040
WBGene00015895,0,0,0
WBGene00015896,0,138,138
WBGene00015897,47,404,451
WBGene00015898,5,2,7
WBGene00015899,0,2,2
WBGene00015900,10,87,97
WBGene00015901,14,164,178
WBGene00015902,2,18,20
WBGene00015903,0,0,0
WBGene00015904,0,1,1
WBGene00015905,2,3,5
WBGene00015906,0,13,13
WBGene00015907,1,1,2
WBGene00015908,2,22,24
WBGene00015909,1,3,4
WBGene00015910,3,17,20
WBGene00015911,0,0,0
WBGene00015912,1,65,66
WBGene00015913,247,2805,3052
WBGene00015914,26,50,76
WBGene00015915,96,1277,1373
WBGene00015916,186,3047,3233
WBGene00015917,4,9,13
WBGene00015918,31,101,132
WBGene00015919,6,237,243
WBGene00015920,277,9178,9455
WBGene00015921,126,342,468
WBGene00015922,43,536,579
WBGene00015924,6,3,9
WBGene00015925,65,124,189
WBGene00015926,350,1461,1811
WBGene00015927,173,3374,3547
WBGene00015928,84,751,835
WBGene00015929,10,6,16
WBGene00015930,10,185,195
WBGene00015931,3,17,20
WBGene00015932,6,24,30
WBGene00015933,50,770,820
WBGene00015934,59,517,576
WBGene00015935,260,1016,1276
WBGene00015936,11,225,236
WBGene00015937,8,33,41
WBGene00015938,230,1502,1732
WBGene00015939,10,122,132
WBGene00015940,24,608,632
WBGene00015941,446,5176,5622
WBGene00015942,102,1188,1290
WBGene00015943,62,6659,6721
WBGene00015944,9,25,34
WBGene00015945,214,339,553
WBGene00015946,10,109,119
WBGene00015947,129,1474,1603
WBGene00015948,43,466,509
WBGene00015949,14,133,147
WBGene00015950,11,55,66
WBGene00015951,0,0,0
WBGene00015952,25,178,203
WBGene00015953,60,279,339
WBGene00015954,2742,26808,29550
WBGene00015955,33,2791,2824
WBGene00015956,51,542,593
WBGene00015957,32,152,184
WBGene00015958,1,2,3
WBGene00015959,0,0,0
WBGene00015960,0,0,0
WBGene00015961,0,3,3
WBGene00015962,1,1,2
WBGene00015963,9,159,168
WBGene00015964,47,48,95
WBGene00015965,8,245,253
WBGene00015966,148,1252,1400
WBGene00015968,14,17,31
WBGene00015969,57,325,382
WBGene00015970,5,35,40
WBGene00015971,191,2082,2273
WBGene00015972,131,992,1123
WBGene00015973,0,13,13
WBGene00015974,199,118,317
WBGene00015975,11,942,953
WBGene00015976,97,1137,1234
WBGene00015977,2,37,39
WBGene00015978,25,1682,1707
WBGene00015979,0,0,0
WBGene00015980,278,2257,2535
WBGene00015981,60,83,143
WBGene00015982,3,0,3
WBGene00015984,9,33,42
WBGene00015985,11,14,25
WBGene00015986,6,8,14
WBGene00015987,1,0,1
WBGene00015988,41,37,78
WBGene00015992,0,5,5
WBGene00015993,74,153,227
WBGene00015994,6,6,12
WBGene00015995,5,0,5
WBGene00015996,1,52,53
WBGene00015997,0,1,1
WBGene00015998,7,43,50
WBGene00015999,2,71,73
WBGene00016000,11,40,51
WBGene00016002,342,2857,3199
WBGene00016003,20,245,265
WBGene00016004,19,463,482
WBGene00016005,27,385,412
WBGene00016006,618,6686,7304
WBGene00016008,22,25,47
WBGene00016009,39,2927,2966
WBGene00016010,49,23,72
WBGene00016011,641,6343,6984
WBGene00016012,11,529,540
WBGene00016013,7,86,93
WBGene00016014,50,1635,1685
WBGene00016015,117,3394,3511
WBGene00016016,2,20,22
WBGene00016017,3,24,27
WBGene00016018,130,1058,1188
WBGene00016019,24,903,927
WBGene00016020,146,1797,1943
WBGene00016021,75,1097,1172
WBGene00016022,22,375,397
WBGene00016023,7,152,159
WBGene00016024,29,296,325
WBGene00016025,9,142,151
WBGene00016027,34,327,361
WBGene00016028,85,6141,6226
WBGene00016029,144,44,188
WBGene00016030,14,719,733
WBGene00016032,104,46,150
WBGene00016033,42,23443,23485
WBGene00016034,6,138,144
WBGene00016037,186,44,230
WBGene00016038,0,357,357
WBGene00016039,2,157,159
WBGene00016040,4,298,302
WBGene00016041,449,142,591
WBGene00016042,37,14,51
WBGene00016043,11,9,20
WBGene00016044,207,415,622
WBGene00016045,111,1423,1534
WBGene00016046,0,68,68
WBGene00016047,2,2,4
WBGene00016048,13,709,722
WBGene00016049,3,7,10
WBGene00016050,3,3,6
WBGene00016051,0,1,1
WBGene00016052,27,785,812
WBGene00016053,8,54,62
WBGene00016054,2,1,3
WBGene00016055,90,1544,1634
WBGene00016056,2,23,25
WBGene00016057,157,6079,6236
WBGene00016058,0,1,1
WBGene00016059,173,1257,1430
WBGene00016060,160,1235,1395
WBGene00016061,21,311,332
WBGene00016062,107,6525,6632
WBGene00016063,3,4,7
WBGene00016064,10,53,63
WBGene00016066,37,127,164
WBGene00016067,36,901,937
WBGene00016068,56,618,674
WBGene00016069,11,466,477
WBGene00016070,4,26,30
WBGene00016071,18,31,49
WBGene00016072,44,64,108
WBGene00016073,241,7161,7402
WBGene00016074,40,584,624
WBGene00016075,0,4,4
WBGene00016077,1,0,1
WBGene00016081,249,734,983
WBGene00016082,0,0,0
WBGene00016083,1,0,1
WBGene00016084,2,7,9
WBGene00016085,2,9,11
WBGene00016086,5,5,10
WBGene00016087,11,295,306
WBGene00016088,13,41,54
WBGene00016089,13,49,62
WBGene00016090,64,89,153
WBGene00016091,2,19,21
WBGene00016092,5,3,8
WBGene00016093,93,391,484
WBGene00016094,34,225,259
WBGene00016095,45,558,603
WBGene00016096,2,160,162
WBGene00016097,11,806,817
WBGene00016099,57,496,553
WBGene00016100,4,258,262
WBGene00016101,13,773,786
WBGene00016102,8,594,602
WBGene00016103,136,4201,4337
WBGene00016104,56,568,624
WBGene00016105,0,12,12
WBGene00016106,3,101,104
WBGene00016107,8,29,37
WBGene00016108,25,76,101
WBGene00016109,25,209,234
WBGene00016110,7,65,72
WBGene00016111,35,497,532
WBGene00016112,51,317,368
WBGene00016113,48,2043,2091
WBGene00016114,55,1749,1804
WBGene00016115,1710,19806,21516
WBGene00016116,138,2078,2216
WBGene00016117,71,1801,1872
WBGene00016118,1119,22522,23641
WBGene00016119,178,3974,4152
WBGene00016120,101,736,837
WBGene00016121,114,1286,1400
WBGene00016123,60,591,651
WBGene00016124,66,1316,1382
WBGene00016125,1,59,60
WBGene00016126,13,105,118
WBGene00016128,5,1127,1132
WBGene00016129,142,4977,5119
WBGene00016130,1,11,12
WBGene00016131,44,437,481
WBGene00016132,4,24,28
WBGene00016133,22,548,570
WBGene00016134,42,366,408
WBGene00016135,14,176,190
WBGene00016136,3,7,10
WBGene00016137,0,4,4
WBGene00016138,93,1658,1751
WBGene00016139,48,736,784
WBGene00016140,78,3403,3481
WBGene00016142,74,5282,5356
WBGene00016143,382,2076,2458
WBGene00016144,133,1889,2022
WBGene00016145,83,2131,2214
WBGene00016146,3,57,60
WBGene00016147,7,93,100
WBGene00016148,141,1355,1496
WBGene00016149,26,132,158
WBGene00016150,21,1384,1405
WBGene00016151,157,2120,2277
WBGene00016152,43,445,488
WBGene00016153,0,12,12
WBGene00016154,97,1265,1362
WBGene00016155,4,64,68
WBGene00016156,7,434,441
WBGene00016157,59,1525,1584
WBGene00016158,77,1838,1915
WBGene00016159,67,450,517
WBGene00016160,4,5,9
WBGene00016161,4,4,8
WBGene00016162,315,3992,4307
WBGene00016163,0,116,116
WBGene00016164,2,3,5
WBGene00016165,87,201,288
WBGene00016166,97,2760,2857
WBGene00016167,22,1325,1347
WBGene00016168,0,1,1
WBGene00016169,59,389,448
WBGene00016170,143,2445,2588
WBGene00016171,109,1394,1503
WBGene00016172,358,1776,2134
WBGene00016173,605,9776,10381
WBGene00016174,43,197,240
WBGene00016175,24,118,142
WBGene00016177,7,29,36
WBGene00016178,15,221,236
WBGene00016179,0,13,13
WBGene00016180,0,193,193
WBGene00016181,6,107,113
WBGene00016182,42,730,772
WBGene00016183,0,0,0
WBGene00016184,51,365,416
WBGene00016185,1,1,2
WBGene00016187,12,150,162
WBGene00016188,130,1691,1821
WBGene00016189,3,45,48
WBGene00016190,0,319,319
WBGene00016191,15,40,55
WBGene00016192,14,1988,2002
WBGene00016193,27,25,52
WBGene00016194,92,11129,11221
WBGene00016195,14,5065,5079
WBGene00016196,8,17,25
WBGene00016197,872,6980,7852
WBGene00016198,13,26,39
WBGene00016199,8,34,42
WBGene00016200,80,1761,1841
WBGene00016201,30,1813,1843
WBGene00016202,43,1567,1610
WBGene00016203,209,1040,1249
WBGene00016204,12,278,290
WBGene00016206,16,28,44
WBGene00016207,37,443,480
WBGene00016208,11,874,885
WBGene00016209,365,7903,8268
WBGene00016210,474,14284,14758
WBGene00016212,18,393,411
WBGene00016213,7,0,7
WBGene00016215,11,582,593
WBGene00016216,55,892,947
WBGene00016217,6,45,51
WBGene00016218,6,35,41
WBGene00016219,16,52,68
WBGene00016220,0,3,3
WBGene00016221,86,1134,1220
WBGene00016222,20,0,20
WBGene00016223,0,0,0
WBGene00016226,0,1,1
WBGene00016227,0,2,2
WBGene00016231,2,4,6
WBGene00016232,0,8,8
WBGene00016233,0,17,17
WBGene00016234,21,198,219
WBGene00016235,6,2717,2723
WBGene00016236,8,186,194
WBGene00016237,34,903,937
WBGene00016238,9,2192,2201
WBGene00016239,6,136,142
WBGene00016242,7,73,80
WBGene00016244,240,2831,3071
WBGene00016245,55,1772,1827
WBGene00016246,32,226,258
WBGene00016247,5,33,38
WBGene00016248,5,230,235
WBGene00016249,307,4808,5115
WBGene00016250,109,13919,14028
WBGene00016251,8,103,111
WBGene00016252,0,13,13
WBGene00016253,7,0,7
WBGene00016254,0,18,18
WBGene00016257,3,2,5
WBGene00016258,137,6870,7007
WBGene00016259,16,52,68
WBGene00016260,21,245,266
WBGene00016261,57,1017,1074
WBGene00016262,3,102,105
WBGene00016263,6,125,131
WBGene00016264,686,5002,5688
WBGene00016265,8,184,192
WBGene00016266,1393,9715,11108
WBGene00016268,11,36,47
WBGene00016269,545,6338,6883
WBGene00016271,16587,0,16587
WBGene00016273,5,44,49
WBGene00016274,4,82,86
WBGene00016275,1,32,33
WBGene00016276,11,138,149
WBGene00016277,23,214,237
WBGene00016278,175,1605,1780
WBGene00016279,0,2,2
WBGene00016281,10,1,11
WBGene00016282,8,178,186
WBGene00016283,24,233,257
WBGene00016284,1,1,2
WBGene00016285,2,1,3
WBGene00016286,3,4,7
WBGene00016287,4,7,11
WBGene00016288,7,44,51
WBGene00016289,3570,14729,18299
WBGene00016291,8,110,118
WBGene00016292,150,1149,1299
WBGene00016293,22,294,316
WBGene00016294,33,138,171
WBGene00016295,41,382,423
WBGene00016297,3,0,3
WBGene00016298,0,1,1
WBGene00016299,0,0,0
WBGene00016300,2,0,2
WBGene00016302,0,1,1
WBGene00016303,2,14,16
WBGene00016306,0,0,0
WBGene00016307,0,4,4
WBGene00016308,4,17,21
WBGene00016309,0,3,3
WBGene00016310,94,1001,1095
WBGene00016311,43,1741,1784
WBGene00016312,3,32,35
WBGene00016313,16,962,978
WBGene00016314,12,136,148
WBGene00016315,45,519,564
WBGene00016316,258,10462,10720
WBGene00016317,21,741,762
WBGene00016318,115,1612,1727
WBGene00016319,26,583,609
WBGene00016320,1,3,4
WBGene00016321,487,4440,4927
WBGene00016322,1,7,8
WBGene00016323,168,1868,2036
WBGene00016324,36,130,166
WBGene00016325,227,4079,4306
WBGene00016326,202,2911,3113
WBGene00016327,2,1,3
WBGene00016328,13,63,76
WBGene00016329,4,47,51
WBGene00016330,314,2278,2592
WBGene00016331,119,1991,2110
WBGene00016332,14,320,334
WBGene00016333,561,6844,7405
WBGene00016334,4,3,7
WBGene00016335,9,60,69
WBGene00016336,0,3,3
WBGene00016337,1,0,1
WBGene00016339,1,3,4
WBGene00016340,14,48,62
WBGene00016341,15,927,942
WBGene00016342,5,1179,1184
WBGene00016343,154,913,1067
WBGene00016344,18,187,205
WBGene00016345,0,245,245
WBGene00016346,1,46,47
WBGene00016347,5,1,6
WBGene00016348,0,1,1
WBGene00016349,1,72,73
WBGene00016350,0,5,5
WBGene00016351,0,0,0
WBGene00016352,25,377,402
WBGene00016353,0,88,88
WBGene00016354,421,1495,1916
WBGene00016355,65,823,888
WBGene00016356,3,8,11
WBGene00016357,0,0,0
WBGene00016358,0,0,0
WBGene00016359,4,507,511
WBGene00016360,21,229,250
WBGene00016361,2,24,26
WBGene00016362,178,24504,24682
WBGene00016363,15,62,77
WBGene00016364,44,342,386
WBGene00016365,9,123,132
WBGene00016366,8,147,155
WBGene00016367,7,107,114
WBGene00016368,15,113,128
WBGene00016369,2,2,4
WBGene00016370,0,1,1
WBGene00016371,0,6,6
WBGene00016373,12,144,156
WBGene00016374,100,2151,2251
WBGene00016375,3,768,771
WBGene00016376,7,862,869
WBGene00016378,123,1494,1617
WBGene00016379,30,1146,1176
WBGene00016380,45,1037,1082
WBGene00016381,31,628,659
WBGene00016382,0,1,1
WBGene00016383,45,1030,1075
WBGene00016384,192,2531,2723
WBGene00016386,30,14,44
WBGene00016387,61,970,1031
WBGene00016388,0,0,0
WBGene00016389,0,5,5
WBGene00016390,33,1008,1041
WBGene00016391,236,4302,4538
WBGene00016392,11,838,849
WBGene00016393,469,25506,25975
WBGene00016394,48,59,107
WBGene00016395,1028,11146,12174
WBGene00016396,223,652,875
WBGene00016397,33,238,271
WBGene00016398,0,8,8
WBGene00016399,0,3,3
WBGene00016400,106,1456,1562
WBGene00016402,8,79,87
WBGene00016403,268,624,892
WBGene00016404,54,486,540
WBGene00016405,272,6401,6673
WBGene00016406,51,825,876
WBGene00016407,853,1626,2479
WBGene00016408,97,1823,1920
WBGene00016409,99,1250,1349
WBGene00016410,5,45,50
WBGene00016411,101,3556,3657
WBGene00016412,52,2768,2820
WBGene00016413,4,1,5
WBGene00016414,2,4,6
WBGene00016415,505,4921,5426
WBGene00016416,4,150,154
WBGene00016417,76,679,755
WBGene00016418,163,541,704
WBGene00016419,22,446,468
WBGene00016420,1,2,3
WBGene00016421,22,227,249
WBGene00016422,16,2863,2879
WBGene00016423,100,889,989
WBGene00016424,21,125,146
WBGene00016425,1,35,36
WBGene00016427,335,357,692
WBGene00016428,49,702,751
WBGene00016429,3,80,83
WBGene00016430,4,0,4
WBGene00016431,17,94,111
WBGene00016432,1741,2548,4289
WBGene00016433,0,0,0
WBGene00016434,0,7,7
WBGene00016435,272,6041,6313
WBGene00016436,9,257,266
WBGene00016437,10,3,13
WBGene00016438,49,703,752
WBGene00016439,50,1859,1909
WBGene00016440,0,25,25
WBGene00016441,4,35,39
WBGene00016442,27,2666,2693
WBGene00016443,99,990,1089
WBGene00016444,91,882,973
WBGene00016445,37,186,223
WBGene00016446,31,2084,2115
WBGene00016447,0,0,0
WBGene00016448,35,344,379
WBGene00016449,21,3640,3661
WBGene00016450,1,72,73
WBGene00016451,2,8,10
WBGene00016452,104,1576,1680
WBGene00016453,6,136,142
WBGene00016454,36,494,530
WBGene00016455,1,7,8
WBGene00016456,10,1603,1613
WBGene00016457,1,87,88
WBGene00016458,83,1527,1610
WBGene00016459,8,2,10
WBGene00016460,11,125,136
WBGene00016461,7,37,44
WBGene00016462,1,48,49
WBGene00016463,7,679,686
WBGene00016464,2,11,13
WBGene00016465,1,34,35
WBGene00016466,3,20,23
WBGene00016467,28,439,467
WBGene00016468,14,20,34
WBGene00016469,38,1402,1440
WBGene00016471,1,5,6
WBGene00016472,2,1,3
WBGene00016473,0,0,0
WBGene00016474,0,2,2
WBGene00016475,1,5,6
WBGene00016476,8,5,13
WBGene00016477,2,12,14
WBGene00016479,0,0,0
WBGene00016480,1,8,9
WBGene00016481,0,0,0
WBGene00016483,0,0,0
WBGene00016484,0,0,0
WBGene00016485,0,3,3
WBGene00016486,0,6,6
WBGene00016487,0,3,3
WBGene00016488,13,39,52
WBGene00016489,230,2288,2518
WBGene00016490,107,1017,1124
WBGene00016491,18,34,52
WBGene00016492,65,443,508
WBGene00016493,25208,218617,243825
WBGene00016494,345,4417,4762
WBGene00016495,16,888,904
WBGene00016496,356,14374,14730
WBGene00016497,6,85,91
WBGene00016499,63,188,251
WBGene00016500,37,1066,1103
WBGene00016501,26,834,860
WBGene00016502,0,209,209
WBGene00016503,3,150,153
WBGene00016504,13,1111,1124
WBGene00016505,9,1155,1164
WBGene00016506,29,305,334
WBGene00016507,183,1296,1479
WBGene00016508,411,5444,5855
WBGene00016509,274,15535,15809
WBGene00016511,385,7886,8271
WBGene00016512,9,12,21
WBGene00016513,64,2736,2800
WBGene00016514,43,96,139
WBGene00016517,0,60,60
WBGene00016518,22,18,40
WBGene00016519,1,2,3
WBGene00016520,184,121,305
WBGene00016521,0,22,22
WBGene00016522,8,256,264
WBGene00016523,7,12,19
WBGene00016524,134,680,814
WBGene00016525,0,9,9
WBGene00016527,5,2,7
WBGene00016528,1,0,1
WBGene00016529,0,2,2
WBGene00016530,27,491,518
WBGene00016531,295,2779,3074
WBGene00016532,22,225,247
WBGene00016533,56,828,884
WBGene00016534,2,36,38
WBGene00016535,4,1303,1307
WBGene00016537,0,4,4
WBGene00016538,56,319,375
WBGene00016539,454,2179,2633
WBGene00016540,116,331,447
WBGene00016541,0,11,11
WBGene00016542,55,337,392
WBGene00016543,2,20,22
WBGene00016544,2,11,13
WBGene00016545,10,70,80
WBGene00016546,13,60,73
WBGene00016547,8,146,154
WBGene00016548,1,2,3
WBGene00016549,5,82,87
WBGene00016550,2,2,4
WBGene00016551,0,8,8
WBGene00016554,0,0,0
WBGene00016555,0,43,43
WBGene00016556,0,1,1
WBGene00016557,0,0,0
WBGene00016558,15,181,196
WBGene00016559,28,295,323
WBGene00016561,663,1223,1886
WBGene00016562,1673,6246,7919
WBGene00016564,24,636,660
WBGene00016565,0,37,37
WBGene00016566,87,995,1082
WBGene00016567,2,277,279
WBGene00016568,91,432,523
WBGene00016570,42,575,617
WBGene00016571,7,2,9
WBGene00016572,6,2,8
WBGene00016573,5,538,543
WBGene00016574,10,860,870
WBGene00016575,2,340,342
WBGene00016576,4,720,724
WBGene00016577,1,1,2
WBGene00016578,0,1,1
WBGene00016579,19,109,128
WBGene00016580,58,168,226
WBGene00016581,0,44,44
WBGene00016582,26,782,808
WBGene00016583,18,1974,1992
WBGene00016585,36,98,134
WBGene00016586,3,167,170
WBGene00016587,3,13,16
WBGene00016588,196,2816,3012
WBGene00016589,70,1046,1116
WBGene00016590,81,949,1030
WBGene00016591,14,1321,1335
WBGene00016592,37,309,346
WBGene00016594,37,2931,2968
WBGene00016595,1,37,38
WBGene00016596,1,134,135
WBGene00016597,1,5,6
WBGene00016598,0,8,8
WBGene00016599,18,61,79
WBGene00016600,20,71,91
WBGene00016601,356,5905,6261
WBGene00016602,31,617,648
WBGene00016603,507,4217,4724
WBGene00016605,4,50,54
WBGene00016606,173,1333,1506
WBGene00016607,249,4763,5012
WBGene00016608,64,697,761
WBGene00016609,51,348,399
WBGene00016610,187,1237,1424
WBGene00016611,496,6524,7020
WBGene00016612,7,50,57
WBGene00016613,46,356,402
WBGene00016614,44,635,679
WBGene00016616,26,809,835
WBGene00016617,40,601,641
WBGene00016619,18,177,195
WBGene00016620,70,1038,1108
WBGene00016621,60,549,609
WBGene00016622,34,1958,1992
WBGene00016623,67,739,806
WBGene00016624,651,2912,3563
WBGene00016625,8,49,57
WBGene00016626,140,2257,2397
WBGene00016627,1,8,9
WBGene00016628,75,377,452
WBGene00016629,45,1251,1296
WBGene00016630,444,44295,44739
WBGene00016631,65,522,587
WBGene00016632,42,172,214
WBGene00016633,11,191,202
WBGene00016634,54,591,645
WBGene00016635,44,6741,6785
WBGene00016636,1,3,4
WBGene00016637,14,78,92
WBGene00016638,0,0,0
WBGene00016639,24,41,65
WBGene00016641,45,2467,2512
WBGene00016642,42,630,672
WBGene00016643,106,1263,1369
WBGene00016644,3,495,498
WBGene00016645,32,958,990
WBGene00016646,0,0,0
WBGene00016647,0,0,0
WBGene00016648,0,0,0
WBGene00016649,0,0,0
WBGene00016650,646,10608,11254
WBGene00016652,46,541,587
WBGene00016653,86,19968,20054
WBGene00016654,216,662,878
WBGene00016655,177,3557,3734
WBGene00016657,19,210,229
WBGene00016658,0,1,1
WBGene00016659,10,487,497
WBGene00016660,0,12,12
WBGene00016661,147,1066,1213
WBGene00016662,0,3,3
WBGene00016663,35,506,541
WBGene00016664,8,174,182
WBGene00016665,0,7,7
WBGene00016667,46,725,771
WBGene00016668,0,0,0
WBGene00016669,0,0,0
WBGene00016670,4,10,14
WBGene00016671,18,577,595
WBGene00016673,5,8,13
WBGene00016674,33,1059,1092
WBGene00016675,0,1,1
WBGene00016676,19,866,885
WBGene00016677,262,5153,5415
WBGene00016678,126,1159,1285
WBGene00016679,5,103,108
WBGene00016680,0,0,0
WBGene00016681,3,1,4
WBGene00016682,31,109,140
WBGene00016683,41,68,109
WBGene00016684,24,1620,1644
WBGene00016685,0,1,1
WBGene00016686,0,0,0
WBGene00016687,0,1,1
WBGene00016689,0,0,0
WBGene00016690,0,0,0
WBGene00016691,0,0,0
WBGene00016692,1,3,4
WBGene00016693,5,1,6
WBGene00016694,0,0,0
WBGene00016695,0,4,4
WBGene00016696,3,16,19
WBGene00016697,2,17,19
WBGene00016698,2,3,5
WBGene00016699,0,14,14
WBGene00016700,6,24,30
WBGene00016701,4,109,113
WBGene00016702,69,1023,1092
WBGene00016703,8,298,306
WBGene00016704,67,666,733
WBGene00016705,19,108,127
WBGene00016706,96,6108,6204
WBGene00016707,0,0,0
WBGene00016708,0,0,0
WBGene00016709,0,0,0
WBGene00016710,24,783,807
WBGene00016711,2,35,37
WBGene00016712,0,0,0
WBGene00016713,0,0,0
WBGene00016714,2,64,66
WBGene00016716,1980,11201,13181
WBGene00016717,0,25,25
WBGene00016718,1,1,2
WBGene00016719,0,10,10
WBGene00016720,0,0,0
WBGene00016721,31,655,686
WBGene00016722,6112,19568,25680
WBGene00016724,6,50,56
WBGene00016725,108,400,508
WBGene00016727,9,1,10
WBGene00016728,4,115,119
WBGene00016729,0,9,9
WBGene00016730,36,208,244
WBGene00016731,1,13,14
WBGene00016732,1,7,8
WBGene00016733,3,51,54
WBGene00016734,63,1578,1641
WBGene00016735,105,1410,1515
WBGene00016736,0,0,0
WBGene00016738,0,403,403
WBGene00016739,462,9153,9615
WBGene00016740,31,1288,1319
WBGene00016741,42,930,972
WBGene00016742,16,9,25
WBGene00016743,5,4,9
WBGene00016744,62,347,409
WBGene00016745,4,146,150
WBGene00016746,309,7746,8055
WBGene00016747,15,137,152
WBGene00016748,19,78,97
WBGene00016749,144,3195,3339
WBGene00016750,69,1628,1697
WBGene00016751,219,1359,1578
WBGene00016752,0,18,18
WBGene00016753,1,0,1
WBGene00016754,263,3433,3696
WBGene00016755,1,6,7
WBGene00016756,5,23,28
WBGene00016757,15,93,108
WBGene00016758,19,154,173
WBGene00016759,5,159,164
WBGene00016760,4,165,169
WBGene00016761,10,115,125
WBGene00016762,16,280,296
WBGene00016763,53,1251,1304
WBGene00016764,80,897,977
WBGene00016765,6,17,23
WBGene00016766,5,792,797
WBGene00016767,1,209,210
WBGene00016768,54,503,557
WBGene00016769,65,373,438
WBGene00016770,0,1,1
WBGene00016772,0,10,10
WBGene00016773,2,1,3
WBGene00016775,0,0,0
WBGene00016776,0,0,0
WBGene00016777,0,1,1
WBGene00016778,6,2,8
WBGene00016779,0,1,1
WBGene00016781,26,21509,21535
WBGene00016782,0,190,190
WBGene00016783,9,47,56
WBGene00016785,10,38,48
WBGene00016786,0,5,5
WBGene00016788,200,1295,1495
WBGene00016789,0,18,18
WBGene00016790,716,16173,16889
WBGene00016791,46,600,646
WBGene00016792,239,2221,2460
WBGene00016793,81,2242,2323
WBGene00016794,84,1390,1474
WBGene00016795,3,16,19
WBGene00016796,53,253,306
WBGene00016797,84,64,148
WBGene00016798,0,3,3
WBGene00016799,15,179,194
WBGene00016800,3,74,77
WBGene00016801,11,1018,1029
WBGene00016803,14,1809,1823
WBGene00016804,0,7,7
WBGene00016805,1,19,20
WBGene00016806,3,168,171
WBGene00016807,1,1,2
WBGene00016808,78,6305,6383
WBGene00016809,31,407,438
WBGene00016810,30,754,784
WBGene00016811,88,773,861
WBGene00016812,90,938,1028
WBGene00016813,1,1,2
WBGene00016814,0,0,0
WBGene00016815,1,1,2
WBGene00016816,67,674,741
WBGene00016817,30,277,307
WBGene00016818,10,15,25
WBGene00016819,0,0,0
WBGene00016820,0,13,13
WBGene00016821,1,0,1
WBGene00016822,2,4,6
WBGene00016823,1,1,2
WBGene00016824,0,2,2
WBGene00016825,1,2,3
WBGene00016826,9,0,9
WBGene00016827,1,2,3
WBGene00016828,37,8,45
WBGene00016829,5,1,6
WBGene00016830,1,0,1
WBGene00016831,1,2,3
WBGene00016832,0,3,3
WBGene00016833,1,5,6
WBGene00016834,0,2,2
WBGene00016835,140,296,436
WBGene00016836,192,1477,1669
WBGene00016837,105,3583,3688
WBGene00016838,1469,4126,5595
WBGene00016839,0,4,4
WBGene00016840,81,576,657
WBGene00016841,82,845,927
WBGene00016842,10,146,156
WBGene00016843,2,4,6
WBGene00016844,116,3312,3428
WBGene00016845,4,407,411
WBGene00016846,265,2398,2663
WBGene00016847,0,10,10
WBGene00016848,27,242,269
WBGene00016849,20,255,275
WBGene00016850,0,82,82
WBGene00016852,1,11,12
WBGene00016853,0,0,0
WBGene00016855,0,73,73
WBGene00016856,0,4,4
WBGene00016857,2,3,5
WBGene00016858,5,11,16
WBGene00016859,0,6,6
WBGene00016860,64,538,602
WBGene00016862,112,762,874
WBGene00016863,1,12,13
WBGene00016864,1,2,3
WBGene00016865,107,152,259
WBGene00016866,101,325,426
WBGene00016867,47,1315,1362
WBGene00016868,45,2040,2085
WBGene00016869,3,81,84
WBGene00016870,5,2,7
WBGene00016871,239,1556,1795
WBGene00016872,10,99,109
WBGene00016873,53,1,54
WBGene00016874,5,56,61
WBGene00016877,42,63,105
WBGene00016879,109,1151,1260
WBGene00016880,0,3,3
WBGene00016881,0,1,1
WBGene00016882,0,1,1
WBGene00016883,1,10,11
WBGene00016884,0,8,8
WBGene00016885,0,1,1
WBGene00016886,0,0,0
WBGene00016888,439,5458,5897
WBGene00016889,234,3329,3563
WBGene00016890,31,204,235
WBGene00016891,3,39,42
WBGene00016892,21,1974,1995
WBGene00016893,0,9,9
WBGene00016894,13,4046,4059
WBGene00016895,0,0,0
WBGene00016896,26,93,119
WBGene00016898,95,1691,1786
WBGene00016899,21,49,70
WBGene00016900,39,99,138
WBGene00016901,0,0,0
WBGene00016902,549,1603,2152
WBGene00016903,46,1005,1051
WBGene00016904,0,0,0
WBGene00016905,127,1010,1137
WBGene00016906,42,466,508
WBGene00016907,22,8364,8386
WBGene00016909,29,90,119
WBGene00016910,1,0,1
WBGene00016911,23,802,825
WBGene00016912,1,74,75
WBGene00016913,203,8284,8487
WBGene00016914,18,180,198
WBGene00016915,4,8,12
WBGene00016916,20,603,623
WBGene00016917,4,69,73
WBGene00016918,2003,16425,18428
WBGene00016919,260,1127,1387
WBGene00016920,65,531,596
WBGene00016921,4,15,19
WBGene00016922,11,22,33
WBGene00016923,100,1869,1969
WBGene00016924,203,396,599
WBGene00016925,0,5,5
WBGene00016926,5,41,46
WBGene00016927,0,9,9
WBGene00016928,5,15,20
WBGene00016929,1,9,10
WBGene00016930,46,233,279
WBGene00016931,4,25,29
WBGene00016932,45,68,113
WBGene00016933,3,34,37
WBGene00016934,83,4042,4125
WBGene00016935,37,253,290
WBGene00016937,35,810,845
WBGene00016938,19,43,62
WBGene00016939,3,42,45
WBGene00016940,1,2,3
WBGene00016941,13,13,26
WBGene00016942,10,141,151
WBGene00016943,822,15197,16019
WBGene00016944,50,1269,1319
WBGene00016945,18,86,104
WBGene00016946,0,2,2
WBGene00016947,17,280,297
WBGene00016948,0,6,6
WBGene00016949,0,0,0
WBGene00016950,0,0,0
WBGene00016951,24,112,136
WBGene00016953,4,35,39
WBGene00016954,0,5,5
WBGene00016955,133,910,1043
WBGene00016956,7,11,18
WBGene00016957,196,470,666
WBGene00016958,83,741,824
WBGene00016959,0,0,0
WBGene00016960,59,586,645
WBGene00016961,338,7115,7453
WBGene00016962,3,85,88
WBGene00016963,0,16,16
WBGene00016964,109,1153,1262
WBGene00016965,41,376,417
WBGene00016966,53,717,770
WBGene00016967,7,719,726
WBGene00016968,23,293,316
WBGene00016970,107,159,266
WBGene00016971,36,1082,1118
WBGene00016972,6,20,26
WBGene00016973,8,64,72
WBGene00016974,12,302,314
WBGene00016975,129,848,977
WBGene00016976,85,154,239
WBGene00016977,1581,12712,14293
WBGene00016978,73,1076,1149
WBGene00016979,13,328,341
WBGene00016980,2,10,12
WBGene00016981,72,4211,4283
WBGene00016982,18,168,186
WBGene00016983,40,596,636
WBGene00016984,161,217,378
WBGene00016985,0,8,8
WBGene00016987,51,6533,6584
WBGene00016988,298,4797,5095
WBGene00016989,143,1909,2052
WBGene00016990,35,2298,2333
WBGene00016991,35,7,42
WBGene00016992,40,637,677
WBGene00016993,42,372,414
WBGene00016995,46,1292,1338
WBGene00016996,92,726,818
WBGene00016997,59,8871,8930
WBGene00016998,43,448,491
WBGene00016999,15,136,151
WBGene00017000,31,214,245
WBGene00017001,3,16,19
WBGene00017002,1,445,446
WBGene00017003,28,756,784
WBGene00017004,102,2102,2204
WBGene00017005,6,215,221
WBGene00017006,5,2,7
WBGene00017007,95,487,582
WBGene00017009,7,167,174
WBGene00017010,39,464,503
WBGene00017011,9,1278,1287
WBGene00017012,34,255,289
WBGene00017013,28,277,305
WBGene00017014,24,320,344
WBGene00017015,76,93,169
WBGene00017016,1599,3968,5567
WBGene00017017,124,610,734
WBGene00017018,17,354,371
WBGene00017019,1,3,4
WBGene00017020,1,10,11
WBGene00017021,0,3,3
WBGene00017022,4,102,106
WBGene00017023,12,1756,1768
WBGene00017024,6,29,35
WBGene00017025,117,1891,2008
WBGene00017026,3,4,7
WBGene00017027,8,82,90
WBGene00017028,86,312,398
WBGene00017029,0,3,3
WBGene00017030,3,1,4
WBGene00017031,91,1035,1126
WBGene00017032,1,91,92
WBGene00017033,5,74,79
WBGene00017034,2,14,16
WBGene00017036,11,402,413
WBGene00017037,230,1449,1679
WBGene00017038,226,329,555
WBGene00017039,65,205,270
WBGene00017040,28,32,60
WBGene00017041,74,259,333
WBGene00017042,67,617,684
WBGene00017044,168,5511,5679
WBGene00017045,215,2161,2376
WBGene00017046,82,753,835
WBGene00017048,44,171,215
WBGene00017050,45,79,124
WBGene00017051,32,167,199
WBGene00017052,5,103,108
WBGene00017053,118,1101,1219
WBGene00017054,226,3500,3726
WBGene00017055,0,1,1
WBGene00017056,0,0,0
WBGene00017057,0,0,0
WBGene00017058,0,0,0
WBGene00017059,0,2,2
WBGene00017060,405,50015,50420
WBGene00017061,24,26,50
WBGene00017062,130,1690,1820
WBGene00017063,44,217,261
WBGene00017064,33,1892,1925
WBGene00017065,1166,27439,28605
WBGene00017066,332,2075,2407
WBGene00017067,123,344,467
WBGene00017068,9,230,239
WBGene00017069,45,308,353
WBGene00017070,65,3312,3377
WBGene00017071,23,165,188
WBGene00017072,47,126,173
WBGene00017073,0,41,41
WBGene00017074,21,799,820
WBGene00017075,242,57927,58169
WBGene00017076,56,430,486
WBGene00017077,103,114,217
WBGene00017078,9,101,110
WBGene00017079,25,584,609
WBGene00017080,427,672,1099
WBGene00017082,129,4768,4897
WBGene00017083,20,32,52
WBGene00017084,584,1601,2185
WBGene00017085,253,4930,5183
WBGene00017087,59,621,680
WBGene00017088,280,4282,4562
WBGene00017089,2,69,71
WBGene00017090,0,2,2
WBGene00017091,1,12,13
WBGene00017092,2,17,19
WBGene00017093,0,26,26
WBGene00017094,0,0,0
WBGene00017095,2,0,2
WBGene00017096,0,7,7
WBGene00017097,11,3,14
WBGene00017098,557,9252,9809
WBGene00017099,0,1,1
WBGene00017100,5,26,31
WBGene00017101,34,353,387
WBGene00017102,12,16,28
WBGene00017103,0,11,11
WBGene00017104,24,3,27
WBGene00017105,1,0,1
WBGene00017106,1,7,8
WBGene00017107,0,31,31
WBGene00017108,9,152,161
WBGene00017109,0,0,0
WBGene00017110,2,0,2
WBGene00017111,2,0,2
WBGene00017112,0,3,3
WBGene00017113,5,19,24
WBGene00017114,0,0,0
WBGene00017115,0,1,1
WBGene00017116,1,3,4
WBGene00017119,186,13979,14165
WBGene00017120,69,315,384
WBGene00017121,3504,148930,152434
WBGene00017122,8,33,41
WBGene00017123,44,621,665
WBGene00017124,18,115,133
WBGene00017125,112,1706,1818
WBGene00017126,34,787,821
WBGene00017127,855,9226,10081
WBGene00017128,274,4663,4937
WBGene00017129,8,151,159
WBGene00017130,2,4,6
WBGene00017131,6,27,33
WBGene00017132,308,3390,3698
WBGene00017133,10,99,109
WBGene00017134,3,110,113
WBGene00017135,0,27,27
WBGene00017136,13,151,164
WBGene00017137,6,923,929
WBGene00017138,114,2469,2583
WBGene00017139,2,7,9
WBGene00017140,0,14,14
WBGene00017141,1,23,24
WBGene00017142,16,460,476
WBGene00017143,5,28,33
WBGene00017144,76,1088,1164
WBGene00017146,36,84,120
WBGene00017147,41,543,584
WBGene00017148,4,31,35
WBGene00017149,921,42139,43060
WBGene00017150,3,218,221
WBGene00017151,18,65,83
WBGene00017152,0,0,0
WBGene00017153,0,66,66
WBGene00017154,24,1193,1217
WBGene00017156,101,104,205
WBGene00017157,191,384,575
WBGene00017158,68,1677,1745
WBGene00017159,522,4171,4693
WBGene00017160,304,4110,4414
WBGene00017161,157,1858,2015
WBGene00017162,156,3332,3488
WBGene00017163,168,2817,2985
WBGene00017164,26,384,410
WBGene00017165,278,1323,1601
WBGene00017166,554,18553,19107
WBGene00017168,0,34,34
WBGene00017169,14,1050,1064
WBGene00017170,101,217,318
WBGene00017172,0,0,0
WBGene00017173,3,3,6
WBGene00017174,2,29,31
WBGene00017175,0,1,1
WBGene00017176,7,96,103
WBGene00017177,1,4,5
WBGene00017178,36,611,647
WBGene00017179,0,4,4
WBGene00017180,46,250,296
WBGene00017181,1,0,1
WBGene00017182,1,0,1
WBGene00017183,0,0,0
WBGene00017184,101,1622,1723
WBGene00017185,0,0,0
WBGene00017186,0,0,0
WBGene00017188,0,0,0
WBGene00017189,7,4,11
WBGene00017190,0,70,70
WBGene00017191,0,0,0
WBGene00017192,6,4,10
WBGene00017193,63,2122,2185
WBGene00017194,32,129,161
WBGene00017195,54,983,1037
WBGene00017197,15,333,348
WBGene00017198,65,69,134
WBGene00017199,0,10,10
WBGene00017200,0,6,6
WBGene00017201,191,6323,6514
WBGene00017203,0,0,0
WBGene00017204,0,2,2
WBGene00017205,0,6,6
WBGene00017207,0,0,0
WBGene00017208,0,11,11
WBGene00017209,91,0,91
WBGene00017210,508,6925,7433
WBGene00017211,3,12,15
WBGene00017212,0,0,0
WBGene00017213,0,0,0
WBGene00017214,4,0,4
WBGene00017215,0,3,3
WBGene00017216,8,160,168
WBGene00017217,111,2537,2648
WBGene00017218,2,8,10
WBGene00017219,36,616,652
WBGene00017220,134,3820,3954
WBGene00017221,7,0,7
WBGene00017222,1,0,1
WBGene00017223,0,1,1
WBGene00017224,0,0,0
WBGene00017225,0,19,19
WBGene00017226,4,34,38
WBGene00017227,0,0,0
WBGene00017228,0,21,21
WBGene00017229,2,3,5
WBGene00017230,1,3,4
WBGene00017231,3,7,10
WBGene00017233,6,9,15
WBGene00017236,3,67,70
WBGene00017237,78,817,895
WBGene00017238,110,5569,5679
WBGene00017239,120,925,1045
WBGene00017240,63,1459,1522
WBGene00017241,215,2292,2507
WBGene00017243,1,11,12
WBGene00017244,191,2066,2257
WBGene00017245,268,3574,3842
WBGene00017246,106,1011,1117
WBGene00017247,39,322,361
WBGene00017248,2,1,3
WBGene00017249,17,1,18
WBGene00017250,37,520,557
WBGene00017251,0,0,0
WBGene00017252,0,4,4
WBGene00017253,0,0,0
WBGene00017254,0,3,3
WBGene00017255,24,100,124
WBGene00017257,2,44,46
WBGene00017258,10,34,44
WBGene00017259,1,28,29
WBGene00017260,52,397,449
WBGene00017261,81,1303,1384
WBGene00017262,215,2064,2279
WBGene00017263,0,4,4
WBGene00017264,0,1,1
WBGene00017265,10,120,130
WBGene00017266,203,2126,2329
WBGene00017267,0,0,0
WBGene00017268,117,2086,2203
WBGene00017269,181,681,862
WBGene00017270,0,0,0
WBGene00017271,12,20,32
WBGene00017272,30,1067,1097
WBGene00017273,124,870,994
WBGene00017274,464,3268,3732
WBGene00017275,215,1490,1705
WBGene00017276,0,0,0
WBGene00017277,3,6,9
WBGene00017278,6,36,42
WBGene00017279,1,5,6
WBGene00017280,522,1844,2366
WBGene00017281,3,27,30
WBGene00017282,21,525,546
WBGene00017283,137,2963,3100
WBGene00017284,206,1310,1516
WBGene00017285,27,1481,1508
WBGene00017286,405,3363,3768
WBGene00017287,0,86,86
WBGene00017288,6,207,213
WBGene00017289,14,1555,1569
WBGene00017290,3,135,138
WBGene00017291,20,454,474
WBGene00017292,36,895,931
WBGene00017293,5,856,861
WBGene00017294,54,401,455
WBGene00017295,100,34,134
WBGene00017296,62,88,150
WBGene00017297,147,4677,4824
WBGene00017298,241,2192,2433
WBGene00017299,233,1365,1598
WBGene00017300,769,8696,9465
WBGene00017301,218,30038,30256
WBGene00017302,87,288,375
WBGene00017303,435,6486,6921
WBGene00017304,67,3348,3415
WBGene00017305,1,30,31
WBGene00017306,49,437,486
WBGene00017307,21,410,431
WBGene00017308,28,46,74
WBGene00017309,96,296,392
WBGene00017310,118,559,677
WBGene00017311,31,4140,4171
WBGene00017312,1,16,17
WBGene00017313,184,2335,2519
WBGene00017314,135,1431,1566
WBGene00017315,2,1,3
WBGene00017316,88,600,688
WBGene00017317,1442,17065,18507
WBGene00017319,394,5259,5653
WBGene00017320,12,127,139
WBGene00017321,28,2107,2135
WBGene00017322,5,45,50
WBGene00017323,2,26,28
WBGene00017324,0,0,0
WBGene00017325,1,1,2
WBGene00017326,9,125,134
WBGene00017327,2,79,81
WBGene00017328,11,1216,1227
WBGene00017329,14,134,148
WBGene00017330,2,5,7
WBGene00017331,75,306,381
WBGene00017332,444,741,1185
WBGene00017333,0,1,1
WBGene00017334,1,21,22
WBGene00017335,30,403,433
WBGene00017336,38,189,227
WBGene00017338,143,535,678
WBGene00017339,57,421,478
WBGene00017340,16,206,222
WBGene00017341,2,8,10
WBGene00017342,127,1223,1350
WBGene00017343,3,7,10
WBGene00017344,50,1546,1596
WBGene00017347,62,12833,12895
WBGene00017348,0,1400,1400
WBGene00017349,105,3439,3544
WBGene00017350,97,1270,1367
WBGene00017351,6,51,57
WBGene00017352,0,39,39
WBGene00017353,16,253,269
WBGene00017354,2,15,17
WBGene00017355,25,959,984
WBGene00017356,349,3075,3424
WBGene00017357,108,1769,1877
WBGene00017358,293,679,972
WBGene00017359,0,18,18
WBGene00017360,0,174,174
WBGene00017361,0,111,111
WBGene00017362,360,8114,8474
WBGene00017363,116,3138,3254
WBGene00017364,0,8,8
WBGene00017365,0,1,1
WBGene00017366,129,61,190
WBGene00017367,18,215,233
WBGene00017369,42,1075,1117
WBGene00017371,4,43,47
WBGene00017372,97,3131,3228
WBGene00017373,206,2053,2259
WBGene00017374,589,10062,10651
WBGene00017375,45,296,341
WBGene00017376,1087,23958,25045
WBGene00017378,6,43,49
WBGene00017379,375,8632,9007
WBGene00017380,216,1327,1543
WBGene00017381,72,705,777
WBGene00017382,0,0,0
WBGene00017383,0,0,0
WBGene00017384,3,4,7
WBGene00017385,36,1113,1149
WBGene00017386,0,197,197
WBGene00017387,0,0,0
WBGene00017388,0,3,3
WBGene00017389,416,373,789
WBGene00017390,28,181,209
WBGene00017393,1,1,2
WBGene00017394,46,305,351
WBGene00017395,0,0,0
WBGene00017396,17,7,24
WBGene00017397,99,731,830
WBGene00017398,2,49,51
WBGene00017399,15,14,29
WBGene00017400,12,253,265
WBGene00017401,0,0,0
WBGene00017402,0,0,0
WBGene00017403,4,1,5
WBGene00017405,1,1,2
WBGene00017406,1,6,7
WBGene00017407,0,1,1
WBGene00017408,0,3,3
WBGene00017410,2,7,9
WBGene00017411,16,183,199
WBGene00017412,5,1,6
WBGene00017413,1,3,4
WBGene00017414,0,2,2
WBGene00017416,2,117,119
WBGene00017417,13,194,207
WBGene00017418,181,2356,2537
WBGene00017419,177,4138,4315
WBGene00017420,28,160,188
WBGene00017421,74,354,428
WBGene00017422,83,139,222
WBGene00017423,393,8777,9170
WBGene00017424,7,30,37
WBGene00017426,135,2486,2621
WBGene00017427,14,86,100
WBGene00017428,486,6294,6780
WBGene00017429,116,425,541
WBGene00017430,228,2634,2862
WBGene00017431,182,1130,1312
WBGene00017433,14,97,111
WBGene00017434,11,290,301
WBGene00017435,223,3507,3730
WBGene00017436,10,244,254
WBGene00017437,18,215,233
WBGene00017438,1,21,22
WBGene00017439,22,152,174
WBGene00017440,1456,42603,44059
WBGene00017441,10,70,80
WBGene00017442,20,353,373
WBGene00017443,4,55,59
WBGene00017444,3,1,4
WBGene00017445,147,1830,1977
WBGene00017446,5,72,77
WBGene00017447,29,335,364
WBGene00017448,72,785,857
WBGene00017449,22,123,145
WBGene00017450,4,98,102
WBGene00017451,4,20,24
WBGene00017452,57,65,122
WBGene00017453,2,20,22
WBGene00017454,2,3,5
WBGene00017455,0,0,0
WBGene00017456,24,36,60
WBGene00017459,6,163,169
WBGene00017460,3,163,166
WBGene00017461,3,195,198
WBGene00017462,3,191,194
WBGene00017463,54,321,375
WBGene00017464,18,168,186
WBGene00017465,0,2,2
WBGene00017466,0,13,13
WBGene00017467,9,228,237
WBGene00017468,18,36,54
WBGene00017469,17,10,27
WBGene00017470,1,0,1
WBGene00017471,2,334,336
WBGene00017472,176,2067,2243
WBGene00017473,1,111,112
WBGene00017474,2,23,25
WBGene00017475,1,21,22
WBGene00017476,1,6,7
WBGene00017477,15,350,365
WBGene00017478,85,917,1002
WBGene00017480,179,1521,1700
WBGene00017481,2,164,166
WBGene00017482,17,489,506
WBGene00017483,2,47,49
WBGene00017484,33,1183,1216
WBGene00017485,18,159,177
WBGene00017486,0,206,206
WBGene00017487,57,191,248
WBGene00017488,15,180,195
WBGene00017489,18,45,63
WBGene00017490,0,0,0
WBGene00017491,0,0,0
WBGene00017492,0,0,0
WBGene00017493,1,19,20
WBGene00017497,1,0,1
WBGene00017498,1,149,150
WBGene00017499,0,0,0
WBGene00017500,0,0,0
WBGene00017501,2,227,229
WBGene00017502,0,149,149
WBGene00017503,32,296,328
WBGene00017504,26,82,108
WBGene00017506,58,1466,1524
WBGene00017507,158,215,373
WBGene00017508,10,110,120
WBGene00017509,22,118,140
WBGene00017510,41,170,211
WBGene00017511,5,18,23
WBGene00017512,7,153,160
WBGene00017513,150,809,959
WBGene00017514,136,3080,3216
WBGene00017515,10,150,160
WBGene00017516,0,0,0
WBGene00017517,0,0,0
WBGene00017518,0,0,0
WBGene00017519,0,0,0
WBGene00017520,0,0,0
WBGene00017521,0,0,0
WBGene00017522,0,1,1
WBGene00017523,0,0,0
WBGene00017524,0,0,0
WBGene00017525,0,1,1
WBGene00017526,5,0,5
WBGene00017527,0,0,0
WBGene00017528,0,1,1
WBGene00017530,39,296,335
WBGene00017532,2,11,13
WBGene00017534,159,1943,2102
WBGene00017535,27,370,397
WBGene00017536,34,1077,1111
WBGene00017537,27,271,298
WBGene00017538,14,207,221
WBGene00017539,1,0,1
WBGene00017540,0,0,0
WBGene00017541,0,0,0
WBGene00017542,0,15,15
WBGene00017543,8,39,47
WBGene00017544,13,57,70
WBGene00017545,43,163,206
WBGene00017546,175,5325,5500
WBGene00017547,57,647,704
WBGene00017548,29,196,225
WBGene00017549,93,616,709
WBGene00017550,9,22,31
WBGene00017551,0,0,0
WBGene00017552,0,0,0
WBGene00017553,0,3,3
WBGene00017554,3,1,4
WBGene00017555,1,1,2
WBGene00017556,8,3,11
WBGene00017557,31,979,1010
WBGene00017559,1,2,3
WBGene00017560,1,16,17
WBGene00017562,1,2,3
WBGene00017563,106,1537,1643
WBGene00017564,2,8,10
WBGene00017565,4132,7241,11373
WBGene00017566,5,11,16
WBGene00017567,0,953,953
WBGene00017568,20,506,526
WBGene00017569,44,1206,1250
WBGene00017570,33,115,148
WBGene00017571,33,1463,1496
WBGene00017573,1,4,5
WBGene00017574,7,214,221
WBGene00017576,100,85,185
WBGene00017577,2,70,72
WBGene00017578,7,44,51
WBGene00017579,0,63,63
WBGene00017580,50,156,206
WBGene00017581,8,21,29
WBGene00017582,35,850,885
WBGene00017583,46,1299,1345
WBGene00017584,0,2,2
WBGene00017585,1,0,1
WBGene00017586,14,56,70
WBGene00017587,1,0,1
WBGene00017588,0,0,0
WBGene00017589,5,149,154
WBGene00017590,1,0,1
WBGene00017591,75,2036,2111
WBGene00017592,5,24,29
WBGene00017593,7,21,28
WBGene00017594,3,23,26
WBGene00017595,0,0,0
WBGene00017596,0,0,0
WBGene00017597,243,456,699
WBGene00017598,2,2,4
WBGene00017599,1,549,550
WBGene00017600,103,1950,2053
WBGene00017601,0,0,0
WBGene00017603,0,1,1
WBGene00017604,0,0,0
WBGene00017605,909,11669,12578
WBGene00017606,12,845,857
WBGene00017607,66,933,999
WBGene00017608,176,1354,1530
WBGene00017609,0,3,3
WBGene00017610,0,0,0
WBGene00017611,17,26,43
WBGene00017612,0,19,19
WBGene00017613,1054,53409,54463
WBGene00017614,4,18,22
WBGene00017615,4,7,11
WBGene00017616,7,69,76
WBGene00017618,459,529,988
WBGene00017619,2,23,25
WBGene00017620,189,1456,1645
WBGene00017621,84,4790,4874
WBGene00017625,21,9,30
WBGene00017627,5,5,10
WBGene00017628,88,160,248
WBGene00017629,0,0,0
WBGene00017630,0,0,0
WBGene00017631,4,6,10
WBGene00017632,22,84,106
WBGene00017633,34,66,100
WBGene00017634,5,10,15
WBGene00017635,43,46,89
WBGene00017636,1,7,8
WBGene00017637,48,356,404
WBGene00017638,0,3,3
WBGene00017639,533,2103,2636
WBGene00017640,100,1317,1417
WBGene00017641,40,642,682
WBGene00017642,218,3376,3594
WBGene00017643,128,2175,2303
WBGene00017644,532,3958,4490
WBGene00017645,0,18,18
WBGene00017646,132,752,884
WBGene00017647,80,151,231
WBGene00017648,5,38,43
WBGene00017650,5,62,67
WBGene00017651,47,144,191
WBGene00017652,3,2,5
WBGene00017653,457,2810,3267
WBGene00017654,0,17,17
WBGene00017655,0,4,4
WBGene00017656,0,12,12
WBGene00017657,763,11527,12290
WBGene00017658,24,299,323
WBGene00017659,50,2774,2824
WBGene00017660,27,291,318
WBGene00017661,2,104,106
WBGene00017662,0,11,11
WBGene00017663,125,3653,3778
WBGene00017664,8,18,26
WBGene00017666,4,30,34
WBGene00017667,0,57,57
WBGene00017668,0,2,2
WBGene00017670,0,0,0
WBGene00017671,196,10640,10836
WBGene00017672,0,1,1
WBGene00017673,4,22,26
WBGene00017674,7,150,157
WBGene00017675,244,5311,5555
WBGene00017676,143,1460,1603
WBGene00017678,5,205,210
WBGene00017679,2,14,16
WBGene00017681,3,121,124
WBGene00017683,49,1171,1220
WBGene00017684,0,0,0
WBGene00017685,0,0,0
WBGene00017686,98,2234,2332
WBGene00017687,14,228,242
WBGene00017688,79,1708,1787
WBGene00017690,128,281,409
WBGene00017691,256,3756,4012
WBGene00017692,29,117,146
WBGene00017693,0,1,1
WBGene00017694,0,2,2
WBGene00017695,2,5,7
WBGene00017696,38,997,1035
WBGene00017698,143,2019,2162
WBGene00017699,1288,3116,4404
WBGene00017700,46,92,138
WBGene00017701,29,104,133
WBGene00017702,102,882,984
WBGene00017703,26,67,93
WBGene00017704,1,0,1
WBGene00017705,1,11,12
WBGene00017706,2,30,32
WBGene00017707,1,4,5
WBGene00017708,22,261,283
WBGene00017709,160,18,178
WBGene00017710,3,7,10
WBGene00017711,11,368,379
WBGene00017712,0,41,41
WBGene00017713,0,10,10
WBGene00017714,4,132,136
WBGene00017715,10,263,273
WBGene00017716,7,92,99
WBGene00017717,7,139,146
WBGene00017718,0,8,8
WBGene00017719,314,4985,5299
WBGene00017720,117,211,328
WBGene00017721,8,43,51
WBGene00017722,3,2,5
WBGene00017723,27,48,75
WBGene00017724,270,1449,1719
WBGene00017725,0,1,1
WBGene00017726,86,1406,1492
WBGene00017727,0,4925,4925
WBGene00017730,2,76,78
WBGene00017732,86,872,958
WBGene00017733,156,1389,1545
WBGene00017734,104,20302,20406
WBGene00017735,255,7511,7766
WBGene00017736,9,77,86
WBGene00017737,5,10,15
WBGene00017738,79,1283,1362
WBGene00017741,99,609,708
WBGene00017742,119,1325,1444
WBGene00017743,0,8,8
WBGene00017744,103,914,1017
WBGene00017745,136,1746,1882
WBGene00017746,183,1078,1261
WBGene00017747,11,190,201
WBGene00017748,31,819,850
WBGene00017749,72,1979,2051
WBGene00017750,45,275,320
WBGene00017751,233,33,266
WBGene00017752,1,2,3
WBGene00017754,9,32,41
WBGene00017755,1023,1420,2443
WBGene00017756,67,1104,1171
WBGene00017757,38,2802,2840
WBGene00017758,92,675,767
WBGene00017759,7,3366,3373
WBGene00017760,138,2255,2393
WBGene00017761,381,218,599
WBGene00017762,382,318,700
WBGene00017763,183,1838,2021
WBGene00017764,5,31,36
WBGene00017765,65,3966,4031
WBGene00017766,28,924,952
WBGene00017767,62,884,946
WBGene00017768,132,1915,2047
WBGene00017769,94,2237,2331
WBGene00017770,107,2113,2220
WBGene00017771,27,300,327
WBGene00017772,336,7236,7572
WBGene00017773,154,3170,3324
WBGene00017774,28,877,905
WBGene00017775,215,4841,5056
WBGene00017776,67,1344,1411
WBGene00017777,19,3126,3145
WBGene00017778,343,2528,2871
WBGene00017779,50,283,333
WBGene00017780,46,274,320
WBGene00017781,471,2249,2720
WBGene00017782,41,716,757
WBGene00017783,9,82,91
WBGene00017784,0,7,7
WBGene00017785,0,100,100
WBGene00017786,8,195,203
WBGene00017787,3,115,118
WBGene00017788,0,21,21
WBGene00017789,0,2518,2518
WBGene00017790,1,15,16
WBGene00017791,0,3,3
WBGene00017792,16,164,180
WBGene00017794,32,225,257
WBGene00017795,158,614,772
WBGene00017796,0,162,162
WBGene00017797,434,2823,3257
WBGene00017798,30,191,221
WBGene00017799,16,1778,1794
WBGene00017800,48,1272,1320
WBGene00017801,118,1177,1295
WBGene00017802,0,12,12
WBGene00017803,1,12,13
WBGene00017804,5,71,76
WBGene00017805,2,3,5
WBGene00017806,8,194,202
WBGene00017807,7,16,23
WBGene00017808,0,5,5
WBGene00017809,1,1,2
WBGene00017810,0,5,5
WBGene00017811,39,670,709
WBGene00017812,96,715,811
WBGene00017813,0,621,621
WBGene00017814,10,116,126
WBGene00017815,382,291,673
WBGene00017816,41,2926,2967
WBGene00017817,0,0,0
WBGene00017818,326,1588,1914
WBGene00017819,8,12,20
WBGene00017821,16,12,28
WBGene00017822,3,4,7
WBGene00017823,9,184,193
WBGene00017824,8,3,11
WBGene00017825,59,1436,1495
WBGene00017826,93,1011,1104
WBGene00017827,36,457,493
WBGene00017828,20,1005,1025
WBGene00017829,212,1307,1519
WBGene00017830,39,6530,6569
WBGene00017831,67,626,693
WBGene00017832,30,861,891
WBGene00017833,56,297,353
WBGene00017834,512,6590,7102
WBGene00017835,1,34,35
WBGene00017836,27,332,359
WBGene00017837,58,855,913
WBGene00017838,257,1935,2192
WBGene00017839,0,0,0
WBGene00017840,67,324,391
WBGene00017841,2,91,93
WBGene00017842,29,574,603
WBGene00017843,0,0,0
WBGene00017845,0,1,1
WBGene00017848,0,26,26
WBGene00017850,68,807,875
WBGene00017851,0,0,0
WBGene00017852,63,6158,6221
WBGene00017853,2,2,4
WBGene00017854,0,128,128
WBGene00017855,525,5333,5858
WBGene00017858,23,111,134
WBGene00017860,13,9,22
WBGene00017861,12,209,221
WBGene00017862,0,0,0
WBGene00017863,7,0,7
WBGene00017864,839,21690,22529
WBGene00017865,0,10,10
WBGene00017866,0,2825,2825
WBGene00017867,2,14,16
WBGene00017868,11,54,65
WBGene00017869,0,0,0
WBGene00017871,1,9,10
WBGene00017872,3,1,4
WBGene00017873,0,31,31
WBGene00017874,485,11722,12207
WBGene00017875,0,36,36
WBGene00017876,0,2,2
WBGene00017879,11,51,62
WBGene00017880,14,203,217
WBGene00017881,5,75,80
WBGene00017885,654,2955,3609
WBGene00017886,25,355,380
WBGene00017887,40,2438,2478
WBGene00017888,92,808,900
WBGene00017889,60,2322,2382
WBGene00017890,0,8,8
WBGene00017891,240,754,994
WBGene00017892,24,516,540
WBGene00017893,12,123,135
WBGene00017894,17,1492,1509
WBGene00017895,52,1584,1636
WBGene00017896,0,0,0
WBGene00017898,171,504,675
WBGene00017899,0,4,4
WBGene00017900,217,1803,2020
WBGene00017901,124,851,975
WBGene00017902,1,10,11
WBGene00017904,443,1238,1681
WBGene00017905,22,594,616
WBGene00017906,26,85,111
WBGene00017907,105,216,321
WBGene00017908,0,254,254
WBGene00017909,72,1357,1429
WBGene00017910,27,6,33
WBGene00017911,1,2,3
WBGene00017912,5,0,5
WBGene00017913,0,16,16
WBGene00017914,35,730,765
WBGene00017915,0,0,0
WBGene00017916,183,1482,1665
WBGene00017918,0,2,2
WBGene00017919,57,601,658
WBGene00017920,231,4750,4981
WBGene00017921,82,1875,1957
WBGene00017922,2,16,18
WBGene00017923,52,2282,2334
WBGene00017924,88,1670,1758
WBGene00017925,1631,35508,37139
WBGene00017926,1274,48336,49610
WBGene00017927,7,2,9
WBGene00017928,59,1264,1323
WBGene00017929,1045,1780,2825
WBGene00017930,0,43,43
WBGene00017931,108,714,822
WBGene00017933,4,1,5
WBGene00017934,93,985,1078
WBGene00017935,0,1,1
WBGene00017936,13,494,507
WBGene00017937,2,188,190
WBGene00017938,9,511,520
WBGene00017939,30,205,235
WBGene00017942,0,0,0
WBGene00017944,1,1,2
WBGene00017945,25,276,301
WBGene00017947,38,74,112
WBGene00017948,41,170,211
WBGene00017949,17,82,99
WBGene00017950,35,275,310
WBGene00017951,48,942,990
WBGene00017952,291,928,1219
WBGene00017953,18,6,24
WBGene00017954,14,762,776
WBGene00017955,1,2,3
WBGene00017957,4,41,45
WBGene00017959,3,35,38
WBGene00017960,17,120,137
WBGene00017961,15,179,194
WBGene00017962,5,123,128
WBGene00017963,1,3,4
WBGene00017964,0,1598,1598
WBGene00017965,7,60,67
WBGene00017966,81,6,87
WBGene00017967,145,2455,2600
WBGene00017968,106,1595,1701
WBGene00017969,17,460,477
WBGene00017970,106,5328,5434
WBGene00017971,67,591,658
WBGene00017973,177,651,828
WBGene00017974,19,364,383
WBGene00017975,2,11,13
WBGene00017976,126,592,718
WBGene00017977,5,212,217
WBGene00017978,0,83,83
WBGene00017979,191,6090,6281
WBGene00017980,238,3002,3240
WBGene00017981,53,925,978
WBGene00017982,1049,10872,11921
WBGene00017983,207,367,574
WBGene00017984,47,29418,29465
WBGene00017985,8,496,504
WBGene00017986,8,130,138
WBGene00017987,2,6,8
WBGene00017988,21,3721,3742
WBGene00017989,67,2534,2601
WBGene00017990,57,2041,2098
WBGene00017991,35,397,432
WBGene00017992,51,546,597
WBGene00017993,165,12295,12460
WBGene00017995,373,3124,3497
WBGene00017996,46,1543,1589
WBGene00017997,313,4026,4339
WBGene00017998,11,292,303
WBGene00017999,160,4959,5119
WBGene00018000,0,1,1
WBGene00018001,1,3,4
WBGene00018002,32,96,128
WBGene00018003,0,0,0
WBGene00018004,2,2,4
WBGene00018005,29,345,374
WBGene00018006,58,658,716
WBGene00018007,19,1791,1810
WBGene00018008,79,4071,4150
WBGene00018009,52,1010,1062
WBGene00018010,14,159,173
WBGene00018011,36,544,580
WBGene00018013,126,870,996
WBGene00018014,75,438,513
WBGene00018015,40,531,571
WBGene00018016,34,299,333
WBGene00018017,62,2884,2946
WBGene00018018,79,2423,2502
WBGene00018019,1,1,2
WBGene00018020,0,0,0
WBGene00018021,0,13,13
WBGene00018022,26,115,141
WBGene00018023,44,136,180
WBGene00018024,259,13096,13355
WBGene00018025,34,1086,1120
WBGene00018026,6,9,15
WBGene00018027,2,24,26
WBGene00018028,5,1,6
WBGene00018030,0,0,0
WBGene00018031,1,27,28
WBGene00018033,1357,6145,7502
WBGene00018034,0,0,0
WBGene00018035,1,26,27
WBGene00018036,5,118,123
WBGene00018037,20,175,195
WBGene00018038,4,1,5
WBGene00018039,3,5,8
WBGene00018040,0,12,12
WBGene00018041,3,84,87
WBGene00018042,17,165,182
WBGene00018043,21,318,339
WBGene00018044,19,321,340
WBGene00018045,2,2257,2259
WBGene00018046,126,5903,6029
WBGene00018047,4,11,15
WBGene00018048,2,11,13
WBGene00018049,1,4,5
WBGene00018050,21,195,216
WBGene00018051,146,1429,1575
WBGene00018052,23,210,233
WBGene00018053,1,1,2
WBGene00018054,0,1,1
WBGene00018055,0,19,19
WBGene00018056,1,2,3
WBGene00018057,1,8,9
WBGene00018058,1,3,4
WBGene00018060,48,987,1035
WBGene00018061,44,707,751
WBGene00018062,1,1,2
WBGene00018063,0,1,1
WBGene00018064,247,2658,2905
WBGene00018065,8,37,45
WBGene00018066,15,76,91
WBGene00018067,25,457,482
WBGene00018068,2,325,327
WBGene00018069,66,703,769
WBGene00018070,12,154,166
WBGene00018071,15,664,679
WBGene00018072,62,646,708
WBGene00018073,38,1366,1404
WBGene00018074,94,859,953
WBGene00018075,326,1425,1751
WBGene00018076,41,378,419
WBGene00018077,4,238,242
WBGene00018078,72,355,427
WBGene00018080,1,1,2
WBGene00018081,1,3,4
WBGene00018082,2,2,4
WBGene00018083,6,12,18
WBGene00018084,30,18,48
WBGene00018085,1,161,162
WBGene00018086,0,0,0
WBGene00018087,17,41,58
WBGene00018088,111,720,831
WBGene00018089,42,160,202
WBGene00018090,194,2527,2721
WBGene00018091,2,12,14
WBGene00018092,3,11,14
WBGene00018093,4,0,4
WBGene00018094,12,5,17
WBGene00018096,0,0,0
WBGene00018097,0,0,0
WBGene00018098,0,0,0
WBGene00018099,10,127,137
WBGene00018100,0,16,16
WBGene00018101,9,16,25
WBGene00018102,0,3,3
WBGene00018103,0,2,2
WBGene00018104,2,9,11
WBGene00018105,0,0,0
WBGene00018106,0,1,1
WBGene00018107,0,1,1
WBGene00018108,0,31,31
WBGene00018110,2,0,2
WBGene00018111,12,30,42
WBGene00018112,26,316,342
WBGene00018113,4,47,51
WBGene00018114,23,18,41
WBGene00018115,13,260,273
WBGene00018117,31,1405,1436
WBGene00018118,4,91,95
WBGene00018119,1,2,3
WBGene00018120,1,1,2
WBGene00018121,5,104,109
WBGene00018122,0,0,0
WBGene00018123,0,0,0
WBGene00018124,0,0,0
WBGene00018130,7,2,9
WBGene00018131,106,1528,1634
WBGene00018132,112,2998,3110
WBGene00018133,7,177,184
WBGene00018134,0,12,12
WBGene00018135,0,2,2
WBGene00018136,2,51,53
WBGene00018137,6,483,489
WBGene00018138,45,841,886
WBGene00018139,2,0,2
WBGene00018140,39,560,599
WBGene00018141,0,3,3
WBGene00018142,0,22,22
WBGene00018143,4,15,19
WBGene00018144,118,1158,1276
WBGene00018145,680,7739,8419
WBGene00018146,11,112,123
WBGene00018148,12,3,15
WBGene00018149,214,1482,1696
WBGene00018150,51,788,839
WBGene00018151,719,7260,7979
WBGene00018152,36,3622,3658
WBGene00018153,4,58,62
WBGene00018154,2630,1810,4440
WBGene00018155,3,34,37
WBGene00018156,147,3850,3997
WBGene00018157,1,33,34
WBGene00018158,1,8,9
WBGene00018159,607,4756,5363
WBGene00018160,24,1297,1321
WBGene00018161,58,2953,3011
WBGene00018162,0,0,0
WBGene00018163,1,1,2
WBGene00018164,0,3109,3109
WBGene00018165,1,10,11
WBGene00018166,9,206,215
WBGene00018167,5,96,101
WBGene00018168,2,2,4
WBGene00018169,0,3,3
WBGene00018170,10,254,264
WBGene00018172,11,21,32
WBGene00018173,25,145,170
WBGene00018174,12,61,73
WBGene00018175,88,346,434
WBGene00018176,3,17,20
WBGene00018178,4,2,6
WBGene00018179,3,19,22
WBGene00018180,91,56,147
WBGene00018181,34,2143,2177
WBGene00018182,1,7,8
WBGene00018183,19,24,43
WBGene00018184,6,239,245
WBGene00018186,0,7,7
WBGene00018187,3146,8813,11959
WBGene00018188,61,624,685
WBGene00018189,6,17,23
WBGene00018190,0,2,2
WBGene00018191,15,187,202
WBGene00018192,0,108,108
WBGene00018193,119,3980,4099
WBGene00018195,0,35,35
WBGene00018196,4,4,8
WBGene00018198,4,25,29
WBGene00018200,1,24,25
WBGene00018201,4,227,231
WBGene00018202,0,2,2
WBGene00018203,2,13,15
WBGene00018204,167,590,757
WBGene00018205,0,1,1
WBGene00018206,29,620,649
WBGene00018207,9,59,68
WBGene00018208,47,2222,2269
WBGene00018209,2,12,14
WBGene00018210,15,163,178
WBGene00018211,12,4,16
WBGene00018212,48,540,588
WBGene00018213,13,81,94
WBGene00018214,236,4601,4837
WBGene00018215,21,250,271
WBGene00018216,280,668,948
WBGene00018217,657,1567,2224
WBGene00018218,26,6124,6150
WBGene00018219,38,509,547
WBGene00018221,1011,17166,18177
WBGene00018222,32,123,155
WBGene00018223,22,53,75
WBGene00018226,52,543,595
WBGene00018227,2,33,35
WBGene00018228,0,3,3
WBGene00018229,0,0,0
WBGene00018230,19,1896,1915
WBGene00018231,0,2,2
WBGene00018232,220,83,303
WBGene00018233,0,20,20
WBGene00018234,0,2,2
WBGene00018235,0,0,0
WBGene00018236,0,88,88
WBGene00018237,100,1706,1806
WBGene00018238,74,2687,2761
WBGene00018239,36,575,611
WBGene00018240,160,1175,1335
WBGene00018241,5,28,33
WBGene00018242,2,5,7
WBGene00018243,0,0,0
WBGene00018244,0,0,0
WBGene00018245,1,0,1
WBGene00018246,0,0,0
WBGene00018247,0,0,0
WBGene00018248,1,2,3
WBGene00018249,229,4118,4347
WBGene00018250,63,1204,1267
WBGene00018251,59,352,411
WBGene00018252,4,124,128
WBGene00018253,4,10,14
WBGene00018254,3,3,6
WBGene00018255,67,42,109
WBGene00018256,4,44,48
WBGene00018257,121,6680,6801
WBGene00018258,104,790,894
WBGene00018259,279,2324,2603
WBGene00018260,20,217,237
WBGene00018261,39,230,269
WBGene00018262,10,64,74
WBGene00018264,2,5,7
WBGene00018265,86,882,968
WBGene00018266,18,703,721
WBGene00018267,2,4,6
WBGene00018268,9,298,307
WBGene00018269,92,873,965
WBGene00018270,28,1893,1921
WBGene00018271,558,195258,195816
WBGene00018272,51,453,504
WBGene00018273,84,89,173
WBGene00018274,70,402,472
WBGene00018275,88,494,582
WBGene00018276,3,0,3
WBGene00018277,0,0,0
WBGene00018278,0,2,2
WBGene00018279,0,6,6
WBGene00018280,2,5,7
WBGene00018281,41,379,420
WBGene00018282,83,1444,1527
WBGene00018283,7,70,77
WBGene00018284,3,4,7
WBGene00018285,810,8303,9113
WBGene00018286,21,164,185
WBGene00018288,24,429,453
WBGene00018289,38,4,42
WBGene00018290,233,7269,7502
WBGene00018291,3,27,30
WBGene00018292,1,10,11
WBGene00018293,55,555,610
WBGene00018294,38,2903,2941
WBGene00018295,3,23,26
WBGene00018296,0,1,1
WBGene00018297,0,726,726
WBGene00018298,95,2558,2653
WBGene00018299,2,13,15
WBGene00018300,0,31,31
WBGene00018301,6,14,20
WBGene00018302,13,392,405
WBGene00018303,274,5140,5414
WBGene00018304,125,804,929
WBGene00018305,283,3816,4099
WBGene00018307,33,314,347
WBGene00018308,0,57,57
WBGene00018309,4,20,24
WBGene00018310,92,283,375
WBGene00018311,48,1135,1183
WBGene00018312,2,6,8
WBGene00018313,7,11,18
WBGene00018314,2,11,13
WBGene00018315,6,7,13
WBGene00018316,51,1403,1454
WBGene00018317,69,2077,2146
WBGene00018318,0,351,351
WBGene00018319,326,1838,2164
WBGene00018321,7,472,479
WBGene00018322,0,1,1
WBGene00018323,22,0,22
WBGene00018324,0,0,0
WBGene00018327,1,11,12
WBGene00018328,175,690,865
WBGene00018330,54,899,953
WBGene00018332,1,4,5
WBGene00018333,0,26,26
WBGene00018334,35,308,343
WBGene00018335,168,1789,1957
WBGene00018336,0,2,2
WBGene00018337,52,642,694
WBGene00018338,6,98,104
WBGene00018339,66,7199,7265
WBGene00018340,108,4426,4534
WBGene00018341,104,8076,8180
WBGene00018342,68,769,837
WBGene00018343,4,374,378
WBGene00018344,40,232,272
WBGene00018345,26,46,72
WBGene00018346,40,435,475
WBGene00018347,11,24,35
WBGene00018348,53,330,383
WBGene00018349,99,5539,5638
WBGene00018350,18,463,481
WBGene00018351,13,50,63
WBGene00018352,1,22,23
WBGene00018353,4,2,6
WBGene00018354,1,6,7
WBGene00018355,5,46,51
WBGene00018356,182,3170,3352
WBGene00018357,53,1602,1655
WBGene00018358,9,10,19
WBGene00018359,4,3,7
WBGene00018360,5,7,12
WBGene00018361,1902,20293,22195
WBGene00018362,34,10017,10051
WBGene00018363,12,301,313
WBGene00018364,109,314,423
WBGene00018365,1,45,46
WBGene00018366,69,896,965
WBGene00018367,209,2180,2389
WBGene00018369,73,646,719
WBGene00018370,186,2202,2388
WBGene00018371,26,777,803
WBGene00018373,290,2611,2901
WBGene00018374,43,229,272
WBGene00018375,6,65,71
WBGene00018376,239,6705,6944
WBGene00018377,1,9,10
WBGene00018378,0,0,0
WBGene00018379,1,1,2
WBGene00018380,3,155,158
WBGene00018381,5,1,6
WBGene00018383,6,154,160
WBGene00018384,4,15,19
WBGene00018385,0,4,4
WBGene00018386,11,351,362
WBGene00018387,5,1,6
WBGene00018388,611,1,612
WBGene00018389,0,0,0
WBGene00018390,20,538,558
WBGene00018391,46,4371,4417
WBGene00018392,164,1502,1666
WBGene00018393,10,4222,4232
WBGene00018394,12,70,82
WBGene00018395,122,16628,16750
WBGene00018397,20,6,26
WBGene00018398,52,532,584
WBGene00018399,24,504,528
WBGene00018400,159,1680,1839
WBGene00018402,17,265,282
WBGene00018403,34,197,231
WBGene00018404,1,16,17
WBGene00018405,423,3408,3831
WBGene00018406,2,10,12
WBGene00018407,939,8408,9347
WBGene00018408,169,1044,1213
WBGene00018409,33,2131,2164
WBGene00018410,5,15,20
WBGene00018411,17,85,102
WBGene00018412,10,10,20
WBGene00018413,14,219,233
WBGene00018414,7,13,20
WBGene00018415,11,300,311
WBGene00018417,272,2296,2568
WBGene00018418,6,835,841
WBGene00018419,125,1248,1373
WBGene00018420,180,2494,2674
WBGene00018421,16,1695,1711
WBGene00018422,38,3274,3312
WBGene00018423,61,372,433
WBGene00018424,9,955,964
WBGene00018425,5,8,13
WBGene00018426,99,6458,6557
WBGene00018427,11,2474,2485
WBGene00018428,2,7,9
WBGene00018429,8,19,27
WBGene00018430,36,221,257
WBGene00018431,12,2759,2771
WBGene00018432,0,5,5
WBGene00018433,0,0,0
WBGene00018434,0,3,3
WBGene00018435,0,18,18
WBGene00018436,0,0,0
WBGene00018437,0,1,1
WBGene00018438,0,2,2
WBGene00018439,0,1,1
WBGene00018440,1,0,1
WBGene00018441,0,1,1
WBGene00018442,2,0,2
WBGene00018443,0,0,0
WBGene00018444,0,0,0
WBGene00018445,0,4,4
WBGene00018446,7,42,49
WBGene00018447,2,3,5
WBGene00018452,0,1,1
WBGene00018455,0,5,5
WBGene00018456,3,28,31
WBGene00018457,0,0,0
WBGene00018458,0,0,0
WBGene00018459,0,4,4
WBGene00018460,0,0,0
WBGene00018461,0,0,0
WBGene00018462,16,573,589
WBGene00018463,0,1,1
WBGene00018465,29,219,248
WBGene00018466,13,175,188
WBGene00018467,120,739,859
WBGene00018468,346,5653,5999
WBGene00018470,178,932,1110
WBGene00018471,4,56,60
WBGene00018472,76,206,282
WBGene00018473,17,252,269
WBGene00018474,61,973,1034
WBGene00018475,430,12399,12829
WBGene00018476,6,101,107
WBGene00018477,0,16,16
WBGene00018478,3,71,74
WBGene00018479,0,11,11
WBGene00018480,3,38,41
WBGene00018481,119,1500,1619
WBGene00018482,375,3759,4134
WBGene00018483,18,361,379
WBGene00018484,10,16,26
WBGene00018485,1447,3643,5090
WBGene00018486,5,91,96
WBGene00018487,23,177,200
WBGene00018488,65,818,883
WBGene00018489,0,1,1
WBGene00018490,0,5,5
WBGene00018491,37,44634,44671
WBGene00018492,56,606,662
WBGene00018493,0,0,0
WBGene00018496,3,0,3
WBGene00018497,0,0,0
WBGene00018498,0,0,0
WBGene00018499,0,16,16
WBGene00018500,0,0,0
WBGene00018501,0,1,1
WBGene00018502,0,0,0
WBGene00018504,1,0,1
WBGene00018505,0,0,0
WBGene00018506,0,0,0
WBGene00018507,1,0,1
WBGene00018508,749,4580,5329
WBGene00018509,152,2266,2418
WBGene00018510,28,199,227
WBGene00018511,57,599,656
WBGene00018512,110,1453,1563
WBGene00018513,2,327,329
WBGene00018514,16,273,289
WBGene00018515,4,50,54
WBGene00018516,31,936,967
WBGene00018517,106,1192,1298
WBGene00018518,24,1366,1390
WBGene00018519,5032,328252,333284
WBGene00018520,114,1699,1813
WBGene00018521,2,102,104
WBGene00018522,194,3682,3876
WBGene00018523,56,255,311
WBGene00018525,0,0,0
WBGene00018526,0,0,0
WBGene00018527,0,1,1
WBGene00018528,0,5,5
WBGene00018529,0,0,0
WBGene00018530,0,0,0
WBGene00018531,1,2,3
WBGene00018532,1373,30914,32287
WBGene00018533,727,1738,2465
WBGene00018534,2,3,5
WBGene00018535,4,6,10
WBGene00018536,1,4,5
WBGene00018537,1,5,6
WBGene00018538,612,3379,3991
WBGene00018539,27,3,30
WBGene00018541,7,78,85
WBGene00018542,1,144,145
WBGene00018543,9,56,65
WBGene00018544,3,27,30
WBGene00018545,0,10,10
WBGene00018547,89,51,140
WBGene00018548,0,7,7
WBGene00018549,0,0,0
WBGene00018550,0,3,3
WBGene00018551,19,12,31
WBGene00018552,5,25,30
WBGene00018554,0,0,0
WBGene00018555,3,0,3
WBGene00018556,0,0,0
WBGene00018557,0,1,1
WBGene00018558,8,17,25
WBGene00018559,1,0,1
WBGene00018560,37,439,476
WBGene00018561,11,113,124
WBGene00018562,117,1012,1129
WBGene00018563,6,19,25
WBGene00018564,563,2848,3411
WBGene00018565,40,236,276
WBGene00018566,6,73,79
WBGene00018567,50,63,113
WBGene00018568,1,20,21
WBGene00018569,126,496,622
WBGene00018570,10,0,10
WBGene00018571,18,12,30
WBGene00018572,532,1309,1841
WBGene00018573,2,2,4
WBGene00018575,0,5,5
WBGene00018576,25,253,278
WBGene00018578,9,346,355
WBGene00018579,530,5618,6148
WBGene00018580,8,1,9
WBGene00018581,78,570,648
WBGene00018582,27,54,81
WBGene00018585,60,469,529
WBGene00018586,108,1031,1139
WBGene00018587,24,76,100
WBGene00018589,394,40,434
WBGene00018590,0,1176,1176
WBGene00018591,3,18,21
WBGene00018593,20,845,865
WBGene00018594,42,349,391
WBGene00018595,8,181,189
WBGene00018596,12,66,78
WBGene00018598,9,155,164
WBGene00018599,58,3461,3519
WBGene00018600,4,5,9
WBGene00018601,0,0,0
WBGene00018602,54,2653,2707
WBGene00018603,19,78,97
WBGene00018604,71,3375,3446
WBGene00018605,7,22,29
WBGene00018606,0,41,41
WBGene00018607,253,1058,1311
WBGene00018608,147,471,618
WBGene00018609,138,2403,2541
WBGene00018610,16,1403,1419
WBGene00018611,174,774,948
WBGene00018612,82,1338,1420
WBGene00018613,8,663,671
WBGene00018614,2,72,74
WBGene00018615,17,256,273
WBGene00018616,0,6,6
WBGene00018617,1,0,1
WBGene00018618,0,0,0
WBGene00018619,0,5,5
WBGene00018620,1,11,12
WBGene00018621,0,213,213
WBGene00018622,25,361,386
WBGene00018623,6,7,13
WBGene00018624,2,13,15
WBGene00018625,44,2091,2135
WBGene00018626,1,21,22
WBGene00018627,0,12,12
WBGene00018628,119,0,119
WBGene00018630,8,43,51
WBGene00018631,0,2,2
WBGene00018632,25,619,644
WBGene00018634,177,1311,1488
WBGene00018635,46,857,903
WBGene00018636,111,870,981
WBGene00018637,26,621,647
WBGene00018638,15,1270,1285
WBGene00018639,53,379,432
WBGene00018640,9,133,142
WBGene00018641,6,169,175
WBGene00018643,1,9,10
WBGene00018645,17,46,63
WBGene00018646,9,47,56
WBGene00018647,6,6,12
WBGene00018648,11,26,37
WBGene00018649,0,0,0
WBGene00018650,1,2,3
WBGene00018651,0,2,2
WBGene00018652,0,0,0
WBGene00018653,1,28,29
WBGene00018654,31,464,495
WBGene00018655,29,559,588
WBGene00018656,257,5056,5313
WBGene00018657,257,2369,2626
WBGene00018659,5,262,267
WBGene00018660,0,60,60
WBGene00018661,0,30,30
WBGene00018663,0,118,118
WBGene00018665,13,131,144
WBGene00018667,15,178,193
WBGene00018668,12,187,199
WBGene00018669,9,150,159
WBGene00018670,2,3,5
WBGene00018671,4,5,9
WBGene00018672,172,765,937
WBGene00018674,311,2450,2761
WBGene00018675,42,153,195
WBGene00018678,70,665,735
WBGene00018679,288,2357,2645
WBGene00018680,81,196,277
WBGene00018681,437,1297,1734
WBGene00018682,35,629,664
WBGene00018683,23,29,52
WBGene00018684,0,4,4
WBGene00018687,0,33,33
WBGene00018688,1,36,37
WBGene00018689,13,153,166
WBGene00018690,0,13,13
WBGene00018691,4,1,5
WBGene00018692,113,5554,5667
WBGene00018693,16,6,22
WBGene00018694,29,56,85
WBGene00018696,71,411,482
WBGene00018697,43,489,532
WBGene00018698,14,204,218
WBGene00018700,796,3793,4589
WBGene00018701,233,35275,35508
WBGene00018702,13,1049,1062
WBGene00018703,29,789,818
WBGene00018704,13,527,540
WBGene00018706,3,53,56
WBGene00018707,8,155,163
WBGene00018708,1,3,4
WBGene00018709,0,8,8
WBGene00018710,547,6524,7071
WBGene00018711,192,135,327
WBGene00018712,72,157,229
WBGene00018713,3,15,18
WBGene00018714,56,1021,1077
WBGene00018715,20,240,260
WBGene00018716,138,259,397
WBGene00018717,22,544,566
WBGene00018718,23,226,249
WBGene00018719,152,1390,1542
WBGene00018720,365,3932,4297
WBGene00018721,93,635,728
WBGene00018723,81,370,451
WBGene00018724,0,554,554
WBGene00018725,0,4253,4253
WBGene00018726,1,15,16
WBGene00018727,105,572,677
WBGene00018728,22,70,92
WBGene00018729,51,895,946
WBGene00018730,0,2767,2767
WBGene00018731,0,2258,2258
WBGene00018732,0,1710,1710
WBGene00018734,1029,2193,3222
WBGene00018735,16,324,340
WBGene00018736,3,138,141
WBGene00018737,1,143,144
WBGene00018738,37,116,153
WBGene00018739,151,1302,1453
WBGene00018740,150,1273,1423
WBGene00018741,50,66,116
WBGene00018742,15,104,119
WBGene00018743,105,1477,1582
WBGene00018744,1,1188,1189
WBGene00018745,5,28,33
WBGene00018746,5,36,41
WBGene00018747,34,261,295
WBGene00018748,665,309,974
WBGene00018749,21,176,197
WBGene00018750,267,539,806
WBGene00018751,1,2,3
WBGene00018752,14,47,61
WBGene00018754,5,43,48
WBGene00018755,25,222,247
WBGene00018756,703,3961,4664
WBGene00018757,143,1414,1557
WBGene00018758,90,1341,1431
WBGene00018760,47,122,169
WBGene00018761,244,130,374
WBGene00018762,184,4849,5033
WBGene00018763,74,4532,4606
WBGene00018764,56,8498,8554
WBGene00018765,1170,6984,8154
WBGene00018766,105,181,286
WBGene00018767,24,6,30
WBGene00018768,1,1,2
WBGene00018769,299,4695,4994
WBGene00018770,0,0,0
WBGene00018771,5,24,29
WBGene00018772,66,163,229
WBGene00018773,8,35,43
WBGene00018774,33,133,166
WBGene00018776,506,5132,5638
WBGene00018777,155,673,828
WBGene00018778,744,8257,9001
WBGene00018779,4,131,135
WBGene00018781,217,884,1101
WBGene00018782,813,8445,9258
WBGene00018783,6,109,115
WBGene00018784,232,6922,7154
WBGene00018785,288,1444,1732
WBGene00018786,8,262,270
WBGene00018787,105,642,747
WBGene00018788,172,390,562
WBGene00018789,43,349,392
WBGene00018791,65,328,393
WBGene00018792,1,7,8
WBGene00018793,544,3965,4509
WBGene00018794,219,432,651
WBGene00018795,67,796,863
WBGene00018797,225,1530,1755
WBGene00018798,47,202,249
WBGene00018802,89,4439,4528
WBGene00018803,52,2065,2117
WBGene00018804,25,580,605
WBGene00018805,7,29,36
WBGene00018806,1,263,264
WBGene00018808,0,1,1
WBGene00018809,1,2,3
WBGene00018810,0,0,0
WBGene00018811,1123,15493,16616
WBGene00018812,524,1571,2095
WBGene00018813,0,36,36
WBGene00018814,67,1257,1324
WBGene00018815,2,4,6
WBGene00018816,2,1,3
WBGene00018817,113,0,113
WBGene00018819,419,3003,3422
WBGene00018820,29,0,29
WBGene00018821,2,1,3
WBGene00018822,0,0,0
WBGene00018823,8,581,589
WBGene00018824,0,4,4
WBGene00018825,4,15,19
WBGene00018826,0,1,1
WBGene00018827,32,829,861
WBGene00018828,3,117,120
WBGene00018829,6,4,10
WBGene00018830,56,1128,1184
WBGene00018831,55,1051,1106
WBGene00018833,219,833,1052
WBGene00018834,0,3,3
WBGene00018835,58,560,618
WBGene00018836,60,679,739
WBGene00018837,839,1179,2018
WBGene00018838,0,0,0
WBGene00018839,2,129,131
WBGene00018840,1,4,5
WBGene00018841,0,3,3
WBGene00018842,0,10,10
WBGene00018844,1,2,3
WBGene00018845,38,251,289
WBGene00018846,26428,319925,346353
WBGene00018847,124,1607,1731
WBGene00018848,60,682,742
WBGene00018849,44,7192,7236
WBGene00018850,7,97,104
WBGene00018851,7,50,57
WBGene00018853,86,1942,2028
WBGene00018854,90,2806,2896
WBGene00018855,5,68,73
WBGene00018857,163,2506,2669
WBGene00018859,32,315,347
WBGene00018860,141,614,755
WBGene00018861,19,177,196
WBGene00018863,8,685,693
WBGene00018864,150,1434,1584
WBGene00018865,6,30,36
WBGene00018866,168,3610,3778
WBGene00018867,21,171,192
WBGene00018868,30,176,206
WBGene00018869,212,4605,4817
WBGene00018870,2,34,36
WBGene00018871,9,683,692
WBGene00018872,275,2685,2960
WBGene00018873,10,45,55
WBGene00018874,64,209,273
WBGene00018875,0,2,2
WBGene00018876,0,1,1
WBGene00018877,96,989,1085
WBGene00018878,3,744,747
WBGene00018879,31,222,253
WBGene00018880,14,34,48
WBGene00018881,0,13,13
WBGene00018882,0,1,1
WBGene00018883,0,7,7
WBGene00018884,6,5,11
WBGene00018885,1,66,67
WBGene00018886,2,411,413
WBGene00018888,1,4,5
WBGene00018890,220,3479,3699
WBGene00018891,208,3924,4132
WBGene00018892,73,3584,3657
WBGene00018893,501,6058,6559
WBGene00018894,8,849,857
WBGene00018895,2,2,4
WBGene00018896,4,28,32
WBGene00018897,33,696,729
WBGene00018898,497,10575,11072
WBGene00018899,6,47,53
WBGene00018900,71,2159,2230
WBGene00018901,0,63,63
WBGene00018902,2,323,325
WBGene00018903,5,45,50
WBGene00018904,16,1517,1533
WBGene00018906,19,24,43
WBGene00018907,45,80,125
WBGene00018908,41,301,342
WBGene00018909,91,475,566
WBGene00018910,0,0,0
WBGene00018911,1,0,1
WBGene00018912,0,0,0
WBGene00018913,0,0,0
WBGene00018915,0,0,0
WBGene00018917,0,0,0
WBGene00018918,0,1,1
WBGene00018920,0,0,0
WBGene00018921,0,31,31
WBGene00018923,153,582,735
WBGene00018924,17,62,79
WBGene00018925,5,740,745
WBGene00018926,0,0,0
WBGene00018927,0,0,0
WBGene00018928,74,284,358
WBGene00018930,1,5,6
WBGene00018931,4,9,13
WBGene00018932,103,4344,4447
WBGene00018933,3,4,7
WBGene00018934,14,4743,4757
WBGene00018935,7,1371,1378
WBGene00018937,29,223,252
WBGene00018938,1,1,2
WBGene00018939,2,49,51
WBGene00018940,0,1,1
WBGene00018941,1,4,5
WBGene00018942,0,0,0
WBGene00018943,0,0,0
WBGene00018944,2,0,2
WBGene00018945,6,69,75
WBGene00018946,8,37,45
WBGene00018948,6,163,169
WBGene00018949,1,8,9
WBGene00018950,52,593,645
WBGene00018951,19,614,633
WBGene00018952,31,252,283
WBGene00018953,567,5727,6294
WBGene00018954,86,491,577
WBGene00018955,40,1340,1380
WBGene00018957,54,947,1001
WBGene00018958,115,804,919
WBGene00018959,29,847,876
WBGene00018960,22,956,978
WBGene00018961,540,4399,4939
WBGene00018963,1101,20286,21387
WBGene00018964,40,425,465
WBGene00018965,18,98,116
WBGene00018966,19,189,208
WBGene00018967,70,2768,2838
WBGene00018968,2,21,23
WBGene00018969,41,2114,2155
WBGene00018970,2,0,2
WBGene00018971,16,142,158
WBGene00018972,0,6,6
WBGene00018973,0,2,2
WBGene00018974,224,1202,1426
WBGene00018975,463,2006,2469
WBGene00018976,288,204,492
WBGene00018978,1,0,1
WBGene00018979,0,0,0
WBGene00018980,1,0,1
WBGene00018981,0,2,2
WBGene00018982,0,0,0
WBGene00018984,29,274,303
WBGene00018985,96,1210,1306
WBGene00018986,27,561,588
WBGene00018987,81,646,727
WBGene00018988,11,121,132
WBGene00018989,59,982,1041
WBGene00018990,51,333,384
WBGene00018991,32,297,329
WBGene00018994,2,0,2
WBGene00018995,103,859,962
WBGene00018996,30,2009,2039
WBGene00018997,10,37,47
WBGene00018998,148,2482,2630
WBGene00018999,5,13,18
WBGene00019001,633,18953,19586
WBGene00019002,68,445,513
WBGene00019003,80,5458,5538
WBGene00019004,43,1297,1340
WBGene00019005,214,2274,2488
WBGene00019006,222,1983,2205
WBGene00019007,1757,4662,6419
WBGene00019008,8,765,773
WBGene00019009,44,212,256
WBGene00019010,151,24,175
WBGene00019011,144,1191,1335
WBGene00019012,22,154,176
WBGene00019013,14,305,319
WBGene00019014,16,239,255
WBGene00019015,0,2,2
WBGene00019016,6,6,12
WBGene00019017,16,1651,1667
WBGene00019018,1001,2682,3683
WBGene00019019,2,29,31
WBGene00019020,23,207,230
WBGene00019021,1,181,182
WBGene00019022,40,130,170
WBGene00019023,14,101,115
WBGene00019024,0,6,6
WBGene00019025,10,96,106
WBGene00019026,0,1,1
WBGene00019027,0,4,4
WBGene00019028,1,10,11
WBGene00019029,11,23,34
WBGene00019030,68,255,323
WBGene00019032,4,44,48
WBGene00019034,0,0,0
WBGene00019035,0,0,0
WBGene00019036,4,1,5
WBGene00019037,0,0,0
WBGene00019038,4,0,4
WBGene00019039,0,0,0
WBGene00019040,0,0,0
WBGene00019041,0,0,0
WBGene00019042,0,0,0
WBGene00019043,0,3,3
WBGene00019044,1,0,1
WBGene00019045,0,0,0
WBGene00019046,0,5,5
WBGene00019047,5,194,199
WBGene00019048,26,391,417
WBGene00019049,5,77,82
WBGene00019051,0,0,0
WBGene00019052,3,0,3
WBGene00019053,0,0,0
WBGene00019054,2,1,3
WBGene00019055,21,285,306
WBGene00019057,2,36,38
WBGene00019058,11,27,38
WBGene00019059,0,2,2
WBGene00019060,42,250,292
WBGene00019061,4458,68271,72729
WBGene00019062,1,2,3
WBGene00019063,1,1,2
WBGene00019064,65,2074,2139
WBGene00019065,0,0,0
WBGene00019066,0,0,0
WBGene00019067,16,52,68
WBGene00019068,1,71,72
WBGene00019069,115,376,491
WBGene00019070,0,31,31
WBGene00019072,16,104,120
WBGene00019073,0,0,0
WBGene00019074,170,1415,1585
WBGene00019075,18,594,612
WBGene00019076,82,2356,2438
WBGene00019077,30,1449,1479
WBGene00019079,137,2336,2473
WBGene00019080,13,28,41
WBGene00019081,7,6,13
WBGene00019082,9,214,223
WBGene00019083,16,2,18
WBGene00019084,4,13,17
WBGene00019085,2,1,3
WBGene00019086,2,2,4
WBGene00019087,12,1703,1715
WBGene00019089,6,8,14
WBGene00019090,612,7903,8515
WBGene00019091,7,6,13
WBGene00019092,1159,11045,12204
WBGene00019094,3,4,7
WBGene00019096,1,1,2
WBGene00019097,38,1221,1259
WBGene00019098,0,8,8
WBGene00019099,1,0,1
WBGene00019100,68,272,340
WBGene00019101,6,58,64
WBGene00019102,486,3660,4146
WBGene00019103,30,71,101
WBGene00019104,0,8,8
WBGene00019105,1,303,304
WBGene00019106,8,17,25
WBGene00019108,6,284,290
WBGene00019109,132,554,686
WBGene00019111,77,385,462
WBGene00019112,19,19,38
WBGene00019113,121,510,631
WBGene00019114,11,199,210
WBGene00019115,15,115,130
WBGene00019116,24,389,413
WBGene00019118,15,1610,1625
WBGene00019119,2,3,5
WBGene00019120,48,1593,1641
WBGene00019121,17,1767,1784
WBGene00019122,14,411,425
WBGene00019123,1,0,1
WBGene00019124,199,3356,3555
WBGene00019125,28,372,400
WBGene00019126,39,2006,2045
WBGene00019127,72,1051,1123
WBGene00019128,68,232,300
WBGene00019129,90,560,650
WBGene00019130,73,508,581
WBGene00019132,16,67,83
WBGene00019133,2,7,9
WBGene00019136,0,0,0
WBGene00019138,1,8,9
WBGene00019139,12,86,98
WBGene00019140,15,120,135
WBGene00019141,34,341,375
WBGene00019142,20,607,627
WBGene00019143,61,1011,1072
WBGene00019144,8,26,34
WBGene00019145,0,1,1
WBGene00019146,1,19,20
WBGene00019148,19,300,319
WBGene00019149,34,132,166
WBGene00019150,15,17,32
WBGene00019151,0,1,1
WBGene00019152,1,8,9
WBGene00019153,2,96,98
WBGene00019154,12,260,272
WBGene00019155,3,0,3
WBGene00019156,33,704,737
WBGene00019157,494,1692,2186
WBGene00019158,55,1760,1815
WBGene00019159,4,5,9
WBGene00019160,133,23232,23365
WBGene00019162,87,25115,25202
WBGene00019163,170,2342,2512
WBGene00019164,15,194,209
WBGene00019165,3,4,7
WBGene00019166,282,601,883
WBGene00019167,230,1340,1570
WBGene00019168,1633,19947,21580
WBGene00019169,2,5,7
WBGene00019170,234,3599,3833
WBGene00019171,1,2,3
WBGene00019174,108,113,221
WBGene00019177,5,208,213
WBGene00019178,2,2,4
WBGene00019179,0,0,0
WBGene00019180,416,898,1314
WBGene00019182,33,251,284
WBGene00019183,555,44,599
WBGene00019184,2,51,53
WBGene00019185,27,605,632
WBGene00019186,0,1,1
WBGene00019187,53,305,358
WBGene00019188,121,1073,1194
WBGene00019189,0,18,18
WBGene00019190,10,0,10
WBGene00019192,0,0,0
WBGene00019194,7,11,18
WBGene00019196,32,2362,2394
WBGene00019197,6,31,37
WBGene00019198,67,331,398
WBGene00019199,135,1464,1599
WBGene00019200,52,430,482
WBGene00019201,6,3,9
WBGene00019202,26,9,35
WBGene00019203,455,8752,9207
WBGene00019204,356,878,1234
WBGene00019205,1821,4538,6359
WBGene00019207,331,6675,7006
WBGene00019209,292,3183,3475
WBGene00019211,381,1400,1781
WBGene00019212,105,942,1047
WBGene00019213,36,296,332
WBGene00019214,1,7,8
WBGene00019215,4,13,17
WBGene00019216,0,2,2
WBGene00019217,414,2425,2839
WBGene00019218,49,350,399
WBGene00019219,87,1364,1451
WBGene00019220,93,4036,4129
WBGene00019221,7,409,416
WBGene00019222,2,6,8
WBGene00019224,10,136,146
WBGene00019225,11,47,58
WBGene00019226,9,102,111
WBGene00019227,240,3077,3317
WBGene00019228,1,101,102
WBGene00019229,1,7,8
WBGene00019230,32,89,121
WBGene00019231,13,57,70
WBGene00019232,133,518,651
WBGene00019233,13,29,42
WBGene00019234,23,283,306
WBGene00019235,5,18,23
WBGene00019236,7,52,59
WBGene00019237,294,2571,2865
WBGene00019239,30,8,38
WBGene00019240,179,3641,3820
WBGene00019241,306,1461,1767
WBGene00019242,50,27,77
WBGene00019243,14,1312,1326
WBGene00019244,44,366,410
WBGene00019245,190,1588,1778
WBGene00019246,530,5223,5753
WBGene00019247,6,322,328
WBGene00019248,456,532,988
WBGene00019249,417,11777,12194
WBGene00019250,928,4079,5007
WBGene00019251,13,5,18
WBGene00019253,0,16,16
WBGene00019254,5,63,68
WBGene00019255,4,19,23
WBGene00019257,4,1,5
WBGene00019259,72,1953,2025
WBGene00019260,0,1,1
WBGene00019261,1,257,258
WBGene00019262,2,2,4
WBGene00019263,80,775,855
WBGene00019264,205,1204,1409
WBGene00019265,3,264,267
WBGene00019266,2,49,51
WBGene00019267,0,2,2
WBGene00019268,39,227,266
WBGene00019269,5,31,36
WBGene00019270,167,406,573
WBGene00019272,52,286,338
WBGene00019273,0,101,101
WBGene00019274,119,718,837
WBGene00019275,230,1749,1979
WBGene00019276,163,1485,1648
WBGene00019277,217,3472,3689
WBGene00019279,3538,2679,6217
WBGene00019280,25,556,581
WBGene00019281,1,0,1
WBGene00019282,1452,84695,86147
WBGene00019283,0,0,0
WBGene00019284,60,1990,2050
WBGene00019285,32,227,259
WBGene00019286,77,126,203
WBGene00019287,13,73,86
WBGene00019288,0,8,8
WBGene00019289,93,1279,1372
WBGene00019290,4,91,95
WBGene00019292,0,2,2
WBGene00019293,3,214,217
WBGene00019294,385,4008,4393
WBGene00019295,222,2633,2855
WBGene00019296,24,2876,2900
WBGene00019297,3,2,5
WBGene00019298,69,1487,1556
WBGene00019299,96,1101,1197
WBGene00019300,34,587,621
WBGene00019301,413,6956,7369
WBGene00019302,4,3,7
WBGene00019303,55,32,87
WBGene00019304,15,340,355
WBGene00019305,49,2402,2451
WBGene00019306,1,42,43
WBGene00019309,1,6,7
WBGene00019312,1,22,23
WBGene00019313,1,0,1
WBGene00019314,2,12,14
WBGene00019315,90,1374,1464
WBGene00019316,2,109,111
WBGene00019317,68,733,801
WBGene00019318,222,87,309
WBGene00019319,30,462,492
WBGene00019320,25,147,172
WBGene00019321,30,234,264
WBGene00019322,118,49838,49956
WBGene00019323,834,4171,5005
WBGene00019324,293,7721,8014
WBGene00019326,137,1720,1857
WBGene00019327,294,15227,15521
WBGene00019328,335,4703,5038
WBGene00019329,190,739,929
WBGene00019331,77,224,301
WBGene00019332,1538,18545,20083
WBGene00019333,341,4495,4836
WBGene00019334,17,1603,1620
WBGene00019335,0,20,20
WBGene00019337,2,6,8
WBGene00019338,4,4,8
WBGene00019339,0,55,55
WBGene00019340,0,0,0
WBGene00019341,1,3,4
WBGene00019342,0,33,33
WBGene00019343,34,67,101
WBGene00019344,39,431,470
WBGene00019345,45,344,389
WBGene00019346,17,248,265
WBGene00019347,422,364,786
WBGene00019348,1,5,6
WBGene00019349,0,3,3
WBGene00019350,0,4,4
WBGene00019351,40,765,805
WBGene00019352,50,255,305
WBGene00019353,42,1328,1370
WBGene00019354,65,1536,1601
WBGene00019355,76,1144,1220
WBGene00019356,0,0,0
WBGene00019357,0,10719,10719
WBGene00019359,60,9,69
WBGene00019360,41,134,175
WBGene00019361,272,3992,4264
WBGene00019362,129,350,479
WBGene00019364,14,295,309
WBGene00019365,186,2491,2677
WBGene00019367,0,17,17
WBGene00019368,82,309,391
WBGene00019369,9,27,36
WBGene00019370,46,196,242
WBGene00019371,0,0,0
WBGene00019372,2,55,57
WBGene00019373,15,357,372
WBGene00019374,18,338,356
WBGene00019376,3,4,7
WBGene00019379,7,22,29
WBGene00019380,453,5394,5847
WBGene00019381,0,13162,13162
WBGene00019382,5,27,32
WBGene00019383,1,0,1
WBGene00019386,2,22,24
WBGene00019387,1,0,1
WBGene00019388,7,67,74
WBGene00019389,2,19,21
WBGene00019391,3,21,24
WBGene00019392,1,6,7
WBGene00019393,11,9,20
WBGene00019394,95,423,518
WBGene00019395,29,155,184
WBGene00019396,57,1121,1178
WBGene00019399,45,2179,2224
WBGene00019400,144,1759,1903
WBGene00019401,148,10272,10420
WBGene00019402,95,4037,4132
WBGene00019403,121,1041,1162
WBGene00019404,7,40,47
WBGene00019405,3,26,29
WBGene00019406,9,28,37
WBGene00019407,161,978,1139
WBGene00019408,80,874,954
WBGene00019409,1,0,1
WBGene00019410,2,1,3
WBGene00019411,3,25,28
WBGene00019412,0,0,0
WBGene00019413,0,1,1
WBGene00019414,0,3,3
WBGene00019415,2,8,10
WBGene00019416,1,6,7
WBGene00019417,0,0,0
WBGene00019418,0,1,1
WBGene00019419,0,0,0
WBGene00019420,0,0,0
WBGene00019421,0,2,2
WBGene00019422,0,7,7
WBGene00019423,46,4,50
WBGene00019424,14,120,134
WBGene00019425,0,6,6
WBGene00019426,5,164,169
WBGene00019427,29,1147,1176
WBGene00019428,236,610,846
WBGene00019429,65,1171,1236
WBGene00019430,0,61,61
WBGene00019431,15,19,34
WBGene00019432,244,5286,5530
WBGene00019433,93,10306,10399
WBGene00019434,283,476,759
WBGene00019435,43,180,223
WBGene00019436,93,778,871
WBGene00019437,273,2688,2961
WBGene00019438,0,0,0
WBGene00019442,0,0,0
WBGene00019443,24,8,32
WBGene00019444,19,33,52
WBGene00019445,20,37,57
WBGene00019448,22,182,204
WBGene00019449,1,1,2
WBGene00019450,2,1,3
WBGene00019451,0,0,0
WBGene00019452,0,0,0
WBGene00019453,3,1,4
WBGene00019455,14,64,78
WBGene00019456,85,424,509
WBGene00019457,238,1972,2210
WBGene00019458,51,484,535
WBGene00019459,3,6,9
WBGene00019460,37,966,1003
WBGene00019461,31,35,66
WBGene00019462,283,134,417
WBGene00019464,9,554,563
WBGene00019465,500,4131,4631
WBGene00019466,1448,36269,37717
WBGene00019467,7,2101,2108
WBGene00019470,1,1,2
WBGene00019471,0,0,0
WBGene00019472,1,3,4
WBGene00019473,5,16,21
WBGene00019476,21,361,382
WBGene00019477,14,167,181
WBGene00019478,880,7695,8575
WBGene00019479,139,2010,2149
WBGene00019480,117,1198,1315
WBGene00019481,93,3308,3401
WBGene00019482,45,597,642
WBGene00019483,11,9,20
WBGene00019484,0,271,271
WBGene00019485,88,323,411
WBGene00019486,2,7,9
WBGene00019487,29,364,393
WBGene00019488,98,2494,2592
WBGene00019489,55,1980,2035
WBGene00019490,80,1645,1725
WBGene00019491,48,766,814
WBGene00019492,491,4390,4881
WBGene00019493,23,173,196
WBGene00019495,65,1720,1785
WBGene00019496,9,67,76
WBGene00019497,51,1483,1534
WBGene00019498,86,1192,1278
WBGene00019501,0,1,1
WBGene00019502,0,0,0
WBGene00019503,50,513,563
WBGene00019504,23,1724,1747
WBGene00019506,7,19,26
WBGene00019507,0,1,1
WBGene00019508,11,48,59
WBGene00019509,5,129,134
WBGene00019510,1130,58972,60102
WBGene00019511,169,3118,3287
WBGene00019512,6,22,28
WBGene00019513,44,847,891
WBGene00019514,1,1,2
WBGene00019515,14,126,140
WBGene00019516,10,100,110
WBGene00019518,26,60,86
WBGene00019519,115,579,694
WBGene00019520,1,139,140
WBGene00019521,165,2989,3154
WBGene00019522,138,673,811
WBGene00019524,0,5,5
WBGene00019525,216,2182,2398
WBGene00019527,0,8,8
WBGene00019529,0,0,0
WBGene00019530,0,6,6
WBGene00019531,1,1,2
WBGene00019533,7,3,10
WBGene00019534,2,0,2
WBGene00019535,18,213,231
WBGene00019536,126,114,240
WBGene00019537,0,64681,64681
WBGene00019538,13,274,287
WBGene00019540,73,7225,7298
WBGene00019541,2,68,70
WBGene00019543,506,6844,7350
WBGene00019544,84,1953,2037
WBGene00019545,27,197,224
WBGene00019546,43,548,591
WBGene00019547,0,7,7
WBGene00019548,2,0,2
WBGene00019549,2,0,2
WBGene00019550,12,45,57
WBGene00019551,4,169,173
WBGene00019552,4,0,4
WBGene00019553,2,66,68
WBGene00019554,15,466,481
WBGene00019556,0,7,7
WBGene00019557,7,4,11
WBGene00019558,0,0,0
WBGene00019559,2,0,2
WBGene00019560,0,1,1
WBGene00019561,3,3,6
WBGene00019562,1,2,3
WBGene00019563,2,37,39
WBGene00019564,109,1902,2011
WBGene00019565,2,10,12
WBGene00019566,0,0,0
WBGene00019567,0,3,3
WBGene00019570,16,77,93
WBGene00019571,169,66,235
WBGene00019572,0,49,49
WBGene00019574,0,0,0
WBGene00019576,0,32,32
WBGene00019577,11,82,93
WBGene00019578,0,10,10
WBGene00019579,3,30,33
WBGene00019580,0,7,7
WBGene00019582,1,4,5
WBGene00019583,0,2,2
WBGene00019584,3,10,13
WBGene00019586,12,18,30
WBGene00019587,0,3,3
WBGene00019588,0,7,7
WBGene00019589,39,45,84
WBGene00019590,3,8,11
WBGene00019591,1,1,2
WBGene00019592,0,282,282
WBGene00019593,9,348,357
WBGene00019594,72,21,93
WBGene00019595,31,649,680
WBGene00019597,45,504,549
WBGene00019598,0,6,6
WBGene00019599,40,275,315
WBGene00019600,3,198,201
WBGene00019601,3,21,24
WBGene00019602,1,1,2
WBGene00019603,4,223,227
WBGene00019604,0,1,1
WBGene00019605,43,413,456
WBGene00019606,0,43,43
WBGene00019607,671,6526,7197
WBGene00019608,23,552,575
WBGene00019609,156,1101,1257
WBGene00019611,14,608,622
WBGene00019612,154,1370,1524
WBGene00019613,2,4,6
WBGene00019614,3,6,9
WBGene00019615,91,649,740
WBGene00019616,3,83,86
WBGene00019617,29,1177,1206
WBGene00019618,21,50,71
WBGene00019619,54,986,1040
WBGene00019620,50,4518,4568
WBGene00019621,0,0,0
WBGene00019622,1,6,7
WBGene00019623,63,362,425
WBGene00019624,437,3700,4137
WBGene00019625,9,12,21
WBGene00019626,1,9,10
WBGene00019627,78,1307,1385
WBGene00019628,27,1736,1763
WBGene00019629,47,1432,1479
WBGene00019630,28,239,267
WBGene00019631,90,2137,2227
WBGene00019633,81,493,574
WBGene00019636,13,155,168
WBGene00019638,2,1,3
WBGene00019639,0,16,16
WBGene00019640,14,37,51
WBGene00019641,43,331,374
WBGene00019642,24,95,119
WBGene00019643,14,470,484
WBGene00019644,42,194,236
WBGene00019645,101,1658,1759
WBGene00019646,1,7,8
WBGene00019647,96,2004,2100
WBGene00019648,3,30,33
WBGene00019649,12,195,207
WBGene00019650,156,1767,1923
WBGene00019651,155,1064,1219
WBGene00019652,30,684,714
WBGene00019653,1,4,5
WBGene00019654,8,49,57
WBGene00019655,8,116,124
WBGene00019656,51,1861,1912
WBGene00019657,63,973,1036
WBGene00019658,98,1782,1880
WBGene00019659,9,53,62
WBGene00019660,4,296,300
WBGene00019661,1,101,102
WBGene00019662,14,12,26
WBGene00019663,21,1283,1304
WBGene00019664,322,4565,4887
WBGene00019665,14,155,169
WBGene00019666,24,751,775
WBGene00019667,11,26,37
WBGene00019668,0,6,6
WBGene00019669,11,92,103
WBGene00019670,0,0,0
WBGene00019673,58,1148,1206
WBGene00019674,10,41,51
WBGene00019675,1,0,1
WBGene00019677,61,435,496
WBGene00019678,325,3554,3879
WBGene00019679,206,3515,3721
WBGene00019680,0,19377,19377
WBGene00019681,1,0,1
WBGene00019682,72,1306,1378
WBGene00019683,248,102,350
WBGene00019684,0,1,1
WBGene00019685,6,4,10
WBGene00019686,256,2126,2382
WBGene00019687,1,0,1
WBGene00019688,2,5,7
WBGene00019689,2,6,8
WBGene00019690,0,6,6
WBGene00019691,22,96,118
WBGene00019692,38,434,472
WBGene00019693,30,4617,4647
WBGene00019697,448,1515,1963
WBGene00019698,419,6221,6640
WBGene00019699,6,1,7
WBGene00019700,0,1,1
WBGene00019702,0,0,0
WBGene00019703,0,1,1
WBGene00019704,0,1,1
WBGene00019705,0,39,39
WBGene00019709,0,0,0
WBGene00019710,10,422,432
WBGene00019711,105,2909,3014
WBGene00019712,25,428,453
WBGene00019713,54,518,572
WBGene00019714,0,0,0
WBGene00019715,131,1176,1307
WBGene00019716,609,1762,2371
WBGene00019717,62,263,325
WBGene00019718,1,10,11
WBGene00019719,3427,14321,17748
WBGene00019720,65,417,482
WBGene00019721,12,4,16
WBGene00019722,3,17,20
WBGene00019723,0,137,137
WBGene00019724,101,716,817
WBGene00019725,26,460,486
WBGene00019726,361,780,1141
WBGene00019727,630,33466,34096
WBGene00019728,1,6,7
WBGene00019729,54,740,794
WBGene00019730,45,1181,1226
WBGene00019731,46,76,122
WBGene00019732,0,1186,1186
WBGene00019733,405,1773,2178
WBGene00019734,177,2174,2351
WBGene00019735,15,31,46
WBGene00019736,1,15,16
WBGene00019738,20,190,210
WBGene00019740,0,1,1
WBGene00019741,16,494,510
WBGene00019742,27,181,208
WBGene00019743,32,317,349
WBGene00019744,150,2423,2573
WBGene00019745,0,4,4
WBGene00019746,67,181,248
WBGene00019747,439,2258,2697
WBGene00019748,119,3163,3282
WBGene00019749,74,567,641
WBGene00019750,352,340,692
WBGene00019751,70,1117,1187
WBGene00019753,88,546,634
WBGene00019754,2,204,206
WBGene00019755,0,6,6
WBGene00019756,2,17,19
WBGene00019757,175,842,1017
WBGene00019758,1,9,10
WBGene00019759,102,20111,20213
WBGene00019760,502,30171,30673
WBGene00019761,3,14,17
WBGene00019762,248,4334,4582
WBGene00019763,8,75,83
WBGene00019764,31,569,600
WBGene00019765,219,159,378
WBGene00019766,127,738,865
WBGene00019767,44,12829,12873
WBGene00019768,190,1026,1216
WBGene00019769,3,97,100
WBGene00019770,2262,4946,7208
WBGene00019771,704,2288,2992
WBGene00019772,163,2603,2766
WBGene00019773,1,12,13
WBGene00019774,148,313,461
WBGene00019776,9,76,85
WBGene00019777,42,210,252
WBGene00019778,39,777,816
WBGene00019779,36,396,432
WBGene00019780,244,21652,21896
WBGene00019781,160,1186,1346
WBGene00019782,0,25,25
WBGene00019783,5,0,5
WBGene00019784,3,9,12
WBGene00019785,3,43,46
WBGene00019786,154,742,896
WBGene00019787,125,564,689
WBGene00019788,0,6,6
WBGene00019791,0,6,6
WBGene00019792,53,389,442
WBGene00019793,0,0,0
WBGene00019794,0,0,0
WBGene00019795,0,2,2
WBGene00019796,0,2,2
WBGene00019797,0,0,0
WBGene00019798,0,0,0
WBGene00019799,1,6,7
WBGene00019800,21,6962,6983
WBGene00019801,168,1024,1192
WBGene00019803,8,130,138
WBGene00019804,9,1,10
WBGene00019805,11,269,280
WBGene00019806,7,290,297
WBGene00019807,83,586,669
WBGene00019808,80,2532,2612
WBGene00019809,0,0,0
WBGene00019810,0,13,13
WBGene00019811,1,78,79
WBGene00019812,106,181,287
WBGene00019813,26,1826,1852
WBGene00019814,24,160,184
WBGene00019815,1,3,4
WBGene00019816,73,411,484
WBGene00019817,14,158,172
WBGene00019818,161,1684,1845
WBGene00019819,103,3347,3450
WBGene00019820,71,1757,1828
WBGene00019821,94,1579,1673
WBGene00019822,92,1146,1238
WBGene00019823,118,2752,2870
WBGene00019824,73,845,918
WBGene00019825,57,488,545
WBGene00019826,0,4,4
WBGene00019827,132,1287,1419
WBGene00019828,133,196,329
WBGene00019829,12,504,516
WBGene00019830,40,1438,1478
WBGene00019831,223,18940,19163
WBGene00019832,113,493,606
WBGene00019833,5,44,49
WBGene00019834,1,7,8
WBGene00019835,0,0,0
WBGene00019836,93,2030,2123
WBGene00019837,14,162,176
WBGene00019838,348,5033,5381
WBGene00019839,1,178,179
WBGene00019840,11,277,288
WBGene00019841,84,1913,1997
WBGene00019842,801,976,1777
WBGene00019843,58,800,858
WBGene00019844,198,590,788
WBGene00019845,8,27,35
WBGene00019846,7,133,140
WBGene00019847,166,1136,1302
WBGene00019849,0,14,14
WBGene00019850,0,0,0
WBGene00019851,2,10,12
WBGene00019854,122,219,341
WBGene00019855,322,2321,2643
WBGene00019856,1,0,1
WBGene00019857,1,0,1
WBGene00019858,10,198,208
WBGene00019859,1,79,80
WBGene00019861,1,6,7
WBGene00019862,20,1083,1103
WBGene00019863,281,745,1026
WBGene00019864,49,694,743
WBGene00019865,16,128,144
WBGene00019866,10,68,78
WBGene00019867,99,1064,1163
WBGene00019868,38,884,922
WBGene00019869,11,41,52
WBGene00019870,9,419,428
WBGene00019871,21,963,984
WBGene00019872,224,698,922
WBGene00019873,65,641,706
WBGene00019874,5,15,20
WBGene00019875,92,1519,1611
WBGene00019877,19,1833,1852
WBGene00019878,8,194,202
WBGene00019879,0,0,0
WBGene00019880,0,0,0
WBGene00019881,92,1362,1454
WBGene00019882,312,2409,2721
WBGene00019883,98,2373,2471
WBGene00019884,85,1249,1334
WBGene00019885,63,570,633
WBGene00019886,0,9,9
WBGene00019887,29,21,50
WBGene00019888,231,3558,3789
WBGene00019890,26,6861,6887
WBGene00019891,6,9,15
WBGene00019892,33,1087,1120
WBGene00019893,93,13951,14044
WBGene00019894,30,178,208
WBGene00019895,194,2247,2441
WBGene00019896,12,116,128
WBGene00019898,101,1488,1589
WBGene00019899,240,531,771
WBGene00019900,619,65451,66070
WBGene00019901,5,37,42
WBGene00019902,231,805,1036
WBGene00019903,0,1,1
WBGene00019904,121,2164,2285
WBGene00019905,1,5,6
WBGene00019906,4,3,7
WBGene00019907,27,394,421
WBGene00019908,629,3887,4516
WBGene00019909,47,80,127
WBGene00019911,115,1012,1127
WBGene00019913,7,4,11
WBGene00019914,52,352,404
WBGene00019915,123,860,983
WBGene00019916,0,1,1
WBGene00019917,0,28,28
WBGene00019918,19,215,234
WBGene00019919,0,0,0
WBGene00019920,0,0,0
WBGene00019921,1,5,6
WBGene00019922,0,25,25
WBGene00019923,0,9,9
WBGene00019924,28,383,411
WBGene00019925,0,6,6
WBGene00019926,2,5,7
WBGene00019927,1,16,17
WBGene00019928,1,5,6
WBGene00019929,5,6,11
WBGene00019931,5,3,8
WBGene00019933,11,4,15
WBGene00019935,39,166,205
WBGene00019937,0,7616,7616
WBGene00019938,87,573,660
WBGene00019939,12,49,61
WBGene00019940,307,6882,7189
WBGene00019941,157,5158,5315
WBGene00019943,83,884,967
WBGene00019944,29,1749,1778
WBGene00019945,0,0,0
WBGene00019946,131,3803,3934
WBGene00019947,27,24967,24994
WBGene00019948,9,48,57
WBGene00019949,2,2,4
WBGene00019950,3,6,9
WBGene00019951,5,36,41
WBGene00019952,1,176,177
WBGene00019953,227,4448,4675
WBGene00019954,0,0,0
WBGene00019955,296,993,1289
WBGene00019956,0,18,18
WBGene00019957,23,244,267
WBGene00019959,54,721,775
WBGene00019960,107,604,711
WBGene00019961,4,32,36
WBGene00019962,26,376,402
WBGene00019963,16,677,693
WBGene00019964,7,17,24
WBGene00019965,23,116,139
WBGene00019966,11,14,25
WBGene00019967,35,1126,1161
WBGene00019968,7,335,342
WBGene00019970,3,56,59
WBGene00019971,62,2135,2197
WBGene00019972,4,13,17
WBGene00019973,11,57,68
WBGene00019975,85,678,763
WBGene00019977,11,32,43
WBGene00019978,20,322,342
WBGene00019979,3,134,137
WBGene00019980,0,7,7
WBGene00019981,14,5,19
WBGene00019982,15,20,35
WBGene00019983,46,7546,7592
WBGene00019986,16,241,257
WBGene00019987,8,419,427
WBGene00019988,10,1283,1293
WBGene00019989,1,20,21
WBGene00019991,3,2,5
WBGene00019992,0,0,0
WBGene00019993,22,1952,1974
WBGene00019994,192,299,491
WBGene00019995,20,199,219
WBGene00019996,0,2,2
WBGene00019997,8,53,61
WBGene00019998,569,5325,5894
WBGene00019999,43,188,231
WBGene00020003,53,94,147
WBGene00020004,2,11,13
WBGene00020006,58,682,740
WBGene00020007,98,5127,5225
WBGene00020008,9,207,216
WBGene00020009,1,119,120
WBGene00020010,9,35,44
WBGene00020011,597,51,648
WBGene00020012,178,5660,5838
WBGene00020013,1,1,2
WBGene00020014,1,55,56
WBGene00020015,0,30,30
WBGene00020016,9,2,11
WBGene00020017,5,20,25
WBGene00020018,64,583,647
WBGene00020019,5,11,16
WBGene00020020,65,17,82
WBGene00020021,1,5,6
WBGene00020022,37,1222,1259
WBGene00020023,45,436,481
WBGene00020024,2,0,2
WBGene00020025,106,6962,7068
WBGene00020026,191,2162,2353
WBGene00020027,129,3181,3310
WBGene00020029,148,2294,2442
WBGene00020030,22,613,635
WBGene00020031,114,1872,1986
WBGene00020032,1,1,2
WBGene00020033,9,162,171
WBGene00020034,5,23,28
WBGene00020035,9,128,137
WBGene00020036,202,3145,3347
WBGene00020037,33,5030,5063
WBGene00020038,216,4164,4380
WBGene00020039,1,41,42
WBGene00020040,5,24,29
WBGene00020041,2,3,5
WBGene00020042,0,1,1
WBGene00020043,23,418,441
WBGene00020044,0,0,0
WBGene00020045,27,374,401
WBGene00020046,7,12,19
WBGene00020047,28,454,482
WBGene00020048,22,144,166
WBGene00020049,12,1205,1217
WBGene00020050,17,191,208
WBGene00020051,64,1426,1490
WBGene00020052,6,807,813
WBGene00020053,0,5,5
WBGene00020054,117,6928,7045
WBGene00020055,0,3,3
WBGene00020056,2,4,6
WBGene00020057,9,9,18
WBGene00020058,261,2404,2665
WBGene00020060,10,10,20
WBGene00020062,15,955,970
WBGene00020063,1,2,3
WBGene00020064,100,881,981
WBGene00020066,5,68,73
WBGene00020067,1,1,2
WBGene00020068,465,6952,7417
WBGene00020069,95,321,416
WBGene00020070,1,5,6
WBGene00020071,0,0,0
WBGene00020072,0,0,0
WBGene00020073,0,0,0
WBGene00020076,0,0,0
WBGene00020077,0,0,0
WBGene00020078,1,3,4
WBGene00020080,11,4,15
WBGene00020082,330,2255,2585
WBGene00020083,29,286,315
WBGene00020084,3,5,8
WBGene00020086,47,83,130
WBGene00020088,47,165,212
WBGene00020089,642,2417,3059
WBGene00020090,140,565,705
WBGene00020091,12,340,352
WBGene00020092,293,2400,2693
WBGene00020093,46,387,433
WBGene00020094,37,876,913
WBGene00020095,36,718,754
WBGene00020096,6,701,707
WBGene00020097,1383,16413,17796
WBGene00020098,18,449,467
WBGene00020099,129,1070,1199
WBGene00020100,78,277,355
WBGene00020101,87,878,965
WBGene00020102,190,1770,1960
WBGene00020103,5,233,238
WBGene00020104,26,629,655
WBGene00020105,67,130,197
WBGene00020106,345,2580,2925
WBGene00020107,83,4973,5056
WBGene00020109,0,51,51
WBGene00020110,0,1437,1437
WBGene00020111,0,178,178
WBGene00020112,0,4882,4882
WBGene00020113,0,2,2
WBGene00020114,3658,15494,19152
WBGene00020115,681,6434,7115
WBGene00020116,4,9,13
WBGene00020117,2,7,9
WBGene00020118,0,2,2
WBGene00020119,0,0,0
WBGene00020120,1,4,5
WBGene00020121,0,1,1
WBGene00020122,0,7,7
WBGene00020123,2,1,3
WBGene00020125,11,250,261
WBGene00020126,55,1204,1259
WBGene00020127,0,0,0
WBGene00020128,127,128,255
WBGene00020129,2,0,2
WBGene00020130,17,115,132
WBGene00020131,940,4645,5585
WBGene00020134,1127,474,1601
WBGene00020135,56,1575,1631
WBGene00020136,2,7,9
WBGene00020137,24,422,446
WBGene00020138,12,44,56
WBGene00020139,49,882,931
WBGene00020140,0,0,0
WBGene00020141,19,390,409
WBGene00020142,275,2016,2291
WBGene00020143,532,9282,9814
WBGene00020144,24,24,48
WBGene00020146,135,11530,11665
WBGene00020148,8,218,226
WBGene00020149,26,736,762
WBGene00020150,13,2,15
WBGene00020151,3,68,71
WBGene00020152,9,55,64
WBGene00020153,17,169,186
WBGene00020154,4,36,40
WBGene00020155,18,26758,26776
WBGene00020156,89,26023,26112
WBGene00020157,40,48,88
WBGene00020158,42,845,887
WBGene00020160,200,1740,1940
WBGene00020163,78,358,436
WBGene00020166,142,3154,3296
WBGene00020168,10,174,184
WBGene00020169,51,1898,1949
WBGene00020170,84,72,156
WBGene00020171,509,2757,3266
WBGene00020172,91,742,833
WBGene00020173,1,1,2
WBGene00020174,4,1,5
WBGene00020175,4,13,17
WBGene00020176,0,0,0
WBGene00020177,0,1,1
WBGene00020178,1,1,2
WBGene00020179,1,11,12
WBGene00020180,1,0,1
WBGene00020181,5020,53674,58694
WBGene00020182,6,29,35
WBGene00020183,13,354,367
WBGene00020184,24,1659,1683
WBGene00020185,30,13610,13640
WBGene00020187,30,194,224
WBGene00020188,12,77,89
WBGene00020189,145,536,681
WBGene00020190,343,4258,4601
WBGene00020191,21,130,151
WBGene00020192,50,7581,7631
WBGene00020193,41,683,724
WBGene00020194,100,1399,1499
WBGene00020195,66,8732,8798
WBGene00020196,71,150,221
WBGene00020197,52,1446,1498
WBGene00020199,11,719,730
WBGene00020200,249,4385,4634
WBGene00020201,1,8,9
WBGene00020202,0,0,0
WBGene00020203,8,3,11
WBGene00020205,1,13,14
WBGene00020207,156,1181,1337
WBGene00020208,392,1206,1598
WBGene00020209,813,4295,5108
WBGene00020210,0,1,1
WBGene00020211,0,6,6
WBGene00020212,48,41,89
WBGene00020214,48,539,587
WBGene00020215,154,2756,2910
WBGene00020216,54,12888,12942
WBGene00020217,2,0,2
WBGene00020218,7,74,81
WBGene00020219,45,467,512
WBGene00020220,24,15,39
WBGene00020221,0,106,106
WBGene00020222,16,411,427
WBGene00020223,0,33,33
WBGene00020224,35,286,321
WBGene00020225,17,13,30
WBGene00020227,1,11,12
WBGene00020228,1,3,4
WBGene00020229,1033,3181,4214
WBGene00020230,485,2465,2950
WBGene00020231,50,93,143
WBGene00020232,0,3,3
WBGene00020233,2,56,58
WBGene00020234,380,2694,3074
WBGene00020235,177,1366,1543
WBGene00020236,68,76,144
WBGene00020237,0,584,584
WBGene00020239,0,4,4
WBGene00020240,0,0,0
WBGene00020241,0,0,0
WBGene00020242,0,104,104
WBGene00020243,0,7,7
WBGene00020244,1,17,18
WBGene00020245,11,337,348
WBGene00020246,156,7750,7906
WBGene00020247,3,11,14
WBGene00020248,11,385,396
WBGene00020249,93,359,452
WBGene00020250,14,183,197
WBGene00020251,882,3628,4510
WBGene00020252,7,3,10
WBGene00020254,7,28,35
WBGene00020256,8,59,67
WBGene00020258,28,193,221
WBGene00020259,76,873,949
WBGene00020260,359,3058,3417
WBGene00020261,1,6,7
WBGene00020262,2,15,17
WBGene00020263,207,1307,1514
WBGene00020264,29,316,345
WBGene00020265,1,4,5
WBGene00020266,14,30,44
WBGene00020267,18,90,108
WBGene00020268,259,2431,2690
WBGene00020269,152,11984,12136
WBGene00020270,3,19,22
WBGene00020273,386,1573,1959
WBGene00020274,76,1821,1897
WBGene00020275,4351,57968,62319
WBGene00020276,1,174,175
WBGene00020277,1,43,44
WBGene00020279,90,655,745
WBGene00020280,7,84,91
WBGene00020281,5,57,62
WBGene00020282,1,2,3
WBGene00020283,14,131,145
WBGene00020284,519,2744,3263
WBGene00020285,6,17,23
WBGene00020286,16,1747,1763
WBGene00020287,183,3521,3704
WBGene00020288,2,0,2
WBGene00020289,0,1,1
WBGene00020290,0,2,2
WBGene00020291,0,0,0
WBGene00020292,0,0,0
WBGene00020293,0,2,2
WBGene00020294,434,1626,2060
WBGene00020295,39,393,432
WBGene00020296,131,2117,2248
WBGene00020297,929,25904,26833
WBGene00020298,200,2425,2625
WBGene00020299,233,1298,1531
WBGene00020300,25,546,571
WBGene00020301,298,1100,1398
WBGene00020302,0,181,181
WBGene00020305,1,1,2
WBGene00020307,86,369,455
WBGene00020311,6,673,679
WBGene00020313,12,14,26
WBGene00020314,25,561,586
WBGene00020315,72,5030,5102
WBGene00020316,284,1353,1637
WBGene00020317,512,12546,13058
WBGene00020318,0,34,34
WBGene00020319,5,53,58
WBGene00020320,11,602,613
WBGene00020321,23,1004,1027
WBGene00020322,12,1063,1075
WBGene00020323,12,48,60
WBGene00020324,28,1774,1802
WBGene00020325,2,41,43
WBGene00020326,0,0,0
WBGene00020327,0,8,8
WBGene00020328,0,2,2
WBGene00020329,4,30,34
WBGene00020330,40,739,779
WBGene00020333,0,12,12
WBGene00020334,205,2161,2366
WBGene00020335,13,187,200
WBGene00020339,3,328,331
WBGene00020340,19,165,184
WBGene00020341,40,407,447
WBGene00020342,0,1,1
WBGene00020343,35,307,342
WBGene00020345,8,31,39
WBGene00020346,444,2825,3269
WBGene00020347,505,7182,7687
WBGene00020348,14,2227,2241
WBGene00020349,16,91,107
WBGene00020350,0,3,3
WBGene00020351,0,1,1
WBGene00020353,1,4,5
WBGene00020354,0,0,0
WBGene00020356,1,2,3
WBGene00020357,3,0,3
WBGene00020358,1,24,25
WBGene00020359,1,13,14
WBGene00020360,87,328,415
WBGene00020361,1,25,26
WBGene00020362,0,1,1
WBGene00020363,42,353,395
WBGene00020364,0,2,2
WBGene00020365,39,62,101
WBGene00020366,521,7310,7831
WBGene00020368,21,1101,1122
WBGene00020369,61,1164,1225
WBGene00020370,2,22,24
WBGene00020371,3,0,3
WBGene00020372,5,10,15
WBGene00020373,9,1407,1416
WBGene00020374,759,1222,1981
WBGene00020375,11,286,297
WBGene00020376,32,489,521
WBGene00020377,38,273,311
WBGene00020378,51,530,581
WBGene00020379,52,3201,3253
WBGene00020380,24,143,167
WBGene00020381,18,108,126
WBGene00020382,1620,32004,33624
WBGene00020383,598,4348,4946
WBGene00020384,2,1,3
WBGene00020385,33,92,125
WBGene00020386,0,4,4
WBGene00020389,228,5573,5801
WBGene00020390,127,2153,2280
WBGene00020391,63,23388,23451
WBGene00020392,63,1712,1775
WBGene00020393,3,191,194
WBGene00020394,24,284,308
WBGene00020396,30,238,268
WBGene00020397,330,4942,5272
WBGene00020398,165,1949,2114
WBGene00020399,179,2976,3155
WBGene00020400,2,1,3
WBGene00020401,11,95,106
WBGene00020402,142,2120,2262
WBGene00020403,233,2220,2453
WBGene00020404,53,910,963
WBGene00020406,0,0,0
WBGene00020407,23,614,637
WBGene00020408,108,582,690
WBGene00020409,0,0,0
WBGene00020410,0,0,0
WBGene00020411,15,492,507
WBGene00020412,64,780,844
WBGene00020413,122,1622,1744
WBGene00020414,0,4,4
WBGene00020415,21,188,209
WBGene00020416,0,2,2
WBGene00020417,57,15228,15285
WBGene00020418,18,120,138
WBGene00020419,29,91,120
WBGene00020420,57,6,63
WBGene00020421,14,17,31
WBGene00020422,29,849,878
WBGene00020423,25,4923,4948
WBGene00020424,3,61,64
WBGene00020425,73,892,965
WBGene00020426,5,446,451
WBGene00020427,86,1159,1245
WBGene00020428,0,1,1
WBGene00020430,5,1,6
WBGene00020431,0,0,0
WBGene00020432,2,1,3
WBGene00020433,0,0,0
WBGene00020435,1,2,3
WBGene00020436,67,129,196
WBGene00020437,33,4952,4985
WBGene00020438,0,4,4
WBGene00020439,1,1,2
WBGene00020440,0,0,0
WBGene00020441,162,1446,1608
WBGene00020442,60,1810,1870
WBGene00020443,288,1532,1820
WBGene00020444,13,51,64
WBGene00020445,48,303,351
WBGene00020446,30,1590,1620
WBGene00020447,265,2849,3114
WBGene00020448,2,9,11
WBGene00020449,1,19,20
WBGene00020450,4,324,328
WBGene00020451,18,434,452
WBGene00020452,0,1,1
WBGene00020453,3,41,44
WBGene00020454,3,3,6
WBGene00020455,6,67,73
WBGene00020456,3,49,52
WBGene00020457,27,1081,1108
WBGene00020459,125,34,159
WBGene00020460,0,26,26
WBGene00020461,29,116,145
WBGene00020462,115,797,912
WBGene00020463,31,725,756
WBGene00020464,8,627,635
WBGene00020465,20,29,49
WBGene00020466,18,570,588
WBGene00020467,9,45,54
WBGene00020468,0,3,3
WBGene00020469,0,137,137
WBGene00020471,402,3691,4093
WBGene00020472,4,15,19
WBGene00020473,3,1,4
WBGene00020474,8,30,38
WBGene00020475,166,2740,2906
WBGene00020476,5,1,6
WBGene00020478,98,241,339
WBGene00020479,333,3634,3967
WBGene00020480,110,1166,1276
WBGene00020481,125,1976,2101
WBGene00020482,10,45,55
WBGene00020483,2,40,42
WBGene00020484,1,22,23
WBGene00020485,21,60,81
WBGene00020486,103,869,972
WBGene00020487,3,39,42
WBGene00020488,2,87,89
WBGene00020489,121,651,772
WBGene00020490,357,1991,2348
WBGene00020491,29,534,563
WBGene00020492,857,2,859
WBGene00020494,2,21,23
WBGene00020496,282,3974,4256
WBGene00020497,3,2768,2771
WBGene00020498,118,1798,1916
WBGene00020499,256,1887,2143
WBGene00020500,81,1049,1130
WBGene00020501,85,1209,1294
WBGene00020502,120,867,987
WBGene00020503,10,53,63
WBGene00020504,560,1546,2106
WBGene00020505,14,84,98
WBGene00020506,98,290,388
WBGene00020507,41,3172,3213
WBGene00020508,10,791,801
WBGene00020509,161,1332,1493
WBGene00020510,20,906,926
WBGene00020511,142,5871,6013
WBGene00020515,0,2,2
WBGene00020516,10,250,260
WBGene00020517,42,3773,3815
WBGene00020520,3,2,5
WBGene00020522,3,2,5
WBGene00020523,4,0,4
WBGene00020524,4,6,10
WBGene00020525,1,0,1
WBGene00020526,2,2,4
WBGene00020527,36,110,146
WBGene00020528,26,93,119
WBGene00020529,3,3,6
WBGene00020530,218,3029,3247
WBGene00020531,18,40,58
WBGene00020532,3,8,11
WBGene00020533,0,0,0
WBGene00020534,0,0,0
WBGene00020535,0,0,0
WBGene00020536,0,0,0
WBGene00020537,0,8,8
WBGene00020539,0,0,0
WBGene00020540,33,462,495
WBGene00020541,2,2,4
WBGene00020542,0,1,1
WBGene00020543,1,2,3
WBGene00020544,0,0,0
WBGene00020546,0,0,0
WBGene00020548,0,0,0
WBGene00020549,0,5839,5839
WBGene00020550,0,54,54
WBGene00020551,4,64,68
WBGene00020553,46,2505,2551
WBGene00020554,23,321,344
WBGene00020555,3,58,61
WBGene00020556,47,639,686
WBGene00020557,185,2519,2704
WBGene00020558,63,696,759
WBGene00020559,24,247,271
WBGene00020560,71,42,113
WBGene00020561,336,3556,3892
WBGene00020562,186,3345,3531
WBGene00020563,120,1835,1955
WBGene00020564,33,108,141
WBGene00020565,6,555,561
WBGene00020566,28,512,540
WBGene00020567,9,54,63
WBGene00020568,304,3171,3475
WBGene00020569,20,191,211
WBGene00020571,7,26,33
WBGene00020572,64,464,528
WBGene00020573,19,289,308
WBGene00020574,13,16,29
WBGene00020575,26,82,108
WBGene00020576,0,123,123
WBGene00020577,6,131,137
WBGene00020578,0,0,0
WBGene00020579,63,496,559
WBGene00020580,1,7,8
WBGene00020581,270,1922,2192
WBGene00020582,5,186,191
WBGene00020583,2,46,48
WBGene00020584,0,1,1
WBGene00020585,291,7080,7371
WBGene00020586,62,262,324
WBGene00020587,70,677,747
WBGene00020588,136,2904,3040
WBGene00020589,555,8076,8631
WBGene00020590,29,82,111
WBGene00020592,105,1085,1190
WBGene00020593,19,401,420
WBGene00020594,0,8,8
WBGene00020595,37,586,623
WBGene00020596,59,897,956
WBGene00020597,0,3,3
WBGene00020598,1,2,3
WBGene00020599,34,72,106
WBGene00020600,127,2080,2207
WBGene00020601,57,3865,3922
WBGene00020602,1,22,23
WBGene00020603,0,1,1
WBGene00020604,45,5032,5077
WBGene00020605,92,1120,1212
WBGene00020607,2,7,9
WBGene00020608,0,2,2
WBGene00020609,1,0,1
WBGene00020611,8,2,10
WBGene00020612,28,220,248
WBGene00020613,0,1,1
WBGene00020616,2,4,6
WBGene00020617,0,8,8
WBGene00020618,1,5,6
WBGene00020620,2,8,10
WBGene00020623,1,0,1
WBGene00020624,2,1,3
WBGene00020625,36,1506,1542
WBGene00020626,23,173,196
WBGene00020627,73,98,171
WBGene00020628,126,1393,1519
WBGene00020629,60,1482,1542
WBGene00020630,83,1076,1159
WBGene00020631,0,8,8
WBGene00020633,62,1316,1378
WBGene00020634,13,58,71
WBGene00020635,3,13,16
WBGene00020636,64,18014,18078
WBGene00020637,0,1,1
WBGene00020638,1,7,8
WBGene00020639,0,1,1
WBGene00020640,0,0,0
WBGene00020642,1,6,7
WBGene00020645,0,29,29
WBGene00020646,2,6,8
WBGene00020647,61,1857,1918
WBGene00020648,3,39,42
WBGene00020649,57,328,385
WBGene00020650,1,10,11
WBGene00020651,32,478,510
WBGene00020652,8,128,136
WBGene00020653,3,16,19
WBGene00020655,10,8,18
WBGene00020656,0,2,2
WBGene00020657,53,131,184
WBGene00020658,38,846,884
WBGene00020659,1,352,353
WBGene00020660,2,76,78
WBGene00020661,0,7,7
WBGene00020662,135,2557,2692
WBGene00020663,31,107,138
WBGene00020664,47,524,571
WBGene00020665,0,2,2
WBGene00020666,2,2,4
WBGene00020667,8,13,21
WBGene00020669,7,2,9
WBGene00020670,1,1,2
WBGene00020672,141,34,175
WBGene00020673,62,942,1004
WBGene00020674,2,17,19
WBGene00020675,9,303,312
WBGene00020678,71,1453,1524
WBGene00020679,355,15039,15394
WBGene00020680,0,14,14
WBGene00020681,0,1,1
WBGene00020682,284,4080,4364
WBGene00020683,69,9107,9176
WBGene00020684,8,154,162
WBGene00020685,1,0,1
WBGene00020686,13,14,27
WBGene00020687,113,3887,4000
WBGene00020688,11,27,38
WBGene00020689,154,844,998
WBGene00020690,100,414,514
WBGene00020691,82,120,202
WBGene00020692,24,159,183
WBGene00020693,169,1760,1929
WBGene00020694,26,71,97
WBGene00020695,47,1615,1662
WBGene00020696,298,18553,18851
WBGene00020697,24,209,233
WBGene00020698,2,6,8
WBGene00020699,32,59,91
WBGene00020700,1,66,67
WBGene00020701,24,364,388
WBGene00020702,10,16,26
WBGene00020703,138,3145,3283
WBGene00020704,8,32,40
WBGene00020705,291,1980,2271
WBGene00020706,314,762,1076
WBGene00020707,3,5,8
WBGene00020708,3,79,82
WBGene00020709,16,1383,1399
WBGene00020710,37,3073,3110
WBGene00020712,41,168,209
WBGene00020713,1,5,6
WBGene00020714,7,245,252
WBGene00020715,0,18,18
WBGene00020716,25,370,395
WBGene00020717,224,2497,2721
WBGene00020718,23,1939,1962
WBGene00020719,48,2650,2698
WBGene00020720,2,36,38
WBGene00020721,17,427,444
WBGene00020722,137,2609,2746
WBGene00020725,13,369,382
WBGene00020726,25,610,635
WBGene00020727,19,103,122
WBGene00020728,9,18,27
WBGene00020730,4,10,14
WBGene00020732,596,9383,9979
WBGene00020735,339,2716,3055
WBGene00020736,594,1391,1985
WBGene00020737,14,140,154
WBGene00020738,148,3243,3391
WBGene00020740,31,704,735
WBGene00020741,7,238,245
WBGene00020742,218,1737,1955
WBGene00020743,21,200,221
WBGene00020744,1,368,369
WBGene00020746,2,7,9
WBGene00020747,0,9,9
WBGene00020748,4,21,25
WBGene00020749,7,8,15
WBGene00020750,2,9,11
WBGene00020752,0,0,0
WBGene00020753,0,0,0
WBGene00020754,0,0,0
WBGene00020755,0,1,1
WBGene00020756,133,2102,2235
WBGene00020757,43,686,729
WBGene00020758,65,212,277
WBGene00020759,14,59,73
WBGene00020760,37,412,449
WBGene00020761,78,715,793
WBGene00020762,147,2610,2757
WBGene00020763,186,1057,1243
WBGene00020764,4,8,12
WBGene00020765,16,217,233
WBGene00020766,0,6,6
WBGene00020767,83,2122,2205
WBGene00020769,6,1,7
WBGene00020770,323,740,1063
WBGene00020771,1,6,7
WBGene00020772,1,6,7
WBGene00020773,1,6,7
WBGene00020774,11,89,100
WBGene00020775,0,9,9
WBGene00020777,25,165,190
WBGene00020778,0,36,36
WBGene00020779,368,3118,3486
WBGene00020781,231,4401,4632
WBGene00020782,76,1103,1179
WBGene00020783,37,254,291
WBGene00020784,147,1779,1926
WBGene00020785,1,6,7
WBGene00020786,22,131,153
WBGene00020787,1,4,5
WBGene00020788,21,354,375
WBGene00020789,0,13,13
WBGene00020790,32,293,325
WBGene00020791,0,7,7
WBGene00020792,2,17,19
WBGene00020793,33,17,50
WBGene00020794,5,8,13
WBGene00020795,4,1,5
WBGene00020796,39,4749,4788
WBGene00020797,6,21,27
WBGene00020798,41,369,410
WBGene00020799,16,583,599
WBGene00020800,18,270,288
WBGene00020801,11,449,460
WBGene00020802,3,28,31
WBGene00020803,0,19,19
WBGene00020804,1,15,16
WBGene00020805,0,18,18
WBGene00020806,16,147,163
WBGene00020807,22,64,86
WBGene00020808,22490,319708,342198
WBGene00020809,2,1,3
WBGene00020810,5,4,9
WBGene00020811,212,1720,1932
WBGene00020812,859,14637,15496
WBGene00020813,18,20,38
WBGene00020817,11,337,348
WBGene00020819,17,338,355
WBGene00020820,16,625,641
WBGene00020821,138,3429,3567
WBGene00020822,119,803,922
WBGene00020823,99,678,777
WBGene00020824,249,2091,2340
WBGene00020825,85,461,546
WBGene00020826,59,29,88
WBGene00020827,62,4048,4110
WBGene00020828,0,0,0
WBGene00020829,7,0,7
WBGene00020830,87,497,584
WBGene00020831,67,1858,1925
WBGene00020832,5,6,11
WBGene00020833,16,157,173
WBGene00020834,21,34,55
WBGene00020835,54,4,58
WBGene00020836,110,5484,5594
WBGene00020837,3,206,209
WBGene00020838,500,7458,7958
WBGene00020839,98,2028,2126
WBGene00020840,0,68,68
WBGene00020841,2,2,4
WBGene00020842,19,373,392
WBGene00020843,11,349,360
WBGene00020844,0,405,405
WBGene00020845,1,4,5
WBGene00020846,115,462,577
WBGene00020847,50,271,321
WBGene00020849,13,117,130
WBGene00020850,10,45,55
WBGene00020851,6,28,34
WBGene00020852,126,1302,1428
WBGene00020853,11,98,109
WBGene00020854,295,9971,10266
WBGene00020855,74,314,388
WBGene00020856,2,1,3
WBGene00020857,7,13,20
WBGene00020858,35,71,106
WBGene00020859,14,80,94
WBGene00020860,0,62,62
WBGene00020861,177,557,734
WBGene00020862,460,6911,7371
WBGene00020863,18,17,35
WBGene00020864,29,31,60
WBGene00020865,89,905,994
WBGene00020866,259,2232,2491
WBGene00020867,414,3025,3439
WBGene00020868,1087,20582,21669
WBGene00020869,45,864,909
WBGene00020870,0,0,0
WBGene00020871,0,0,0
WBGene00020874,0,0,0
WBGene00020875,0,3,3
WBGene00020877,3,65,68
WBGene00020878,7,307,314
WBGene00020879,2,2,4
WBGene00020880,0,0,0
WBGene00020881,0,6,6
WBGene00020882,1,4,5
WBGene00020883,11,797,808
WBGene00020884,360,4510,4870
WBGene00020886,115,10723,10838
WBGene00020887,177,1473,1650
WBGene00020888,4,3,7
WBGene00020889,5,57,62
WBGene00020890,3,4,7
WBGene00020891,361,2638,2999
WBGene00020892,0,10,10
WBGene00020893,9,42,51
WBGene00020894,1468,59787,61255
WBGene00020895,1029,9668,10697
WBGene00020896,2,343,345
WBGene00020897,457,3093,3550
WBGene00020898,11,368,379
WBGene00020899,0,19,19
WBGene00020900,3,4,7
WBGene00020901,98,1015,1113
WBGene00020902,747,4943,5690
WBGene00020903,40,50,90
WBGene00020904,129,159,288
WBGene00020905,0,1,1
WBGene00020906,2,57,59
WBGene00020907,1,7,8
WBGene00020908,42,427,469
WBGene00020909,64,646,710
WBGene00020910,21,240,261
WBGene00020911,24,122,146
WBGene00020912,57,1609,1666
WBGene00020913,1,12,13
WBGene00020914,3,11,14
WBGene00020915,262,36554,36816
WBGene00020917,212,2676,2888
WBGene00020918,2,10,12
WBGene00020919,21,818,839
WBGene00020920,145,716,861
WBGene00020921,68,1983,2051
WBGene00020922,0,4,4
WBGene00020923,0,8,8
WBGene00020924,13,166,179
WBGene00020927,96,2,98
WBGene00020929,160,1453,1613
WBGene00020930,2921,11156,14077
WBGene00020931,21,4135,4156
WBGene00020932,212,2769,2981
WBGene00020933,23,1468,1491
WBGene00020935,182,1826,2008
WBGene00020936,51,2063,2114
WBGene00020937,19,596,615
WBGene00020938,4,60,64
WBGene00020939,35,942,977
WBGene00020940,2,7,9
WBGene00020941,10,34,44
WBGene00020942,312,3105,3417
WBGene00020943,1,20,21
WBGene00020944,8,7,15
WBGene00020945,78,1,79
WBGene00020946,5,12,17
WBGene00020947,72,198,270
WBGene00020948,4,52,56
WBGene00020949,26,523,549
WBGene00020950,260,19770,20030
WBGene00020951,184,3637,3821
WBGene00020952,87,255,342
WBGene00020953,0,17,17
WBGene00020954,32,403,435
WBGene00020955,222,249,471
WBGene00020957,112,793,905
WBGene00020961,11,7,18
WBGene00020962,25,180,205
WBGene00020964,167,819,986
WBGene00020966,9,37,46
WBGene00020967,5,31,36
WBGene00020970,136,1340,1476
WBGene00020972,11,20,31
WBGene00020973,2,5,7
WBGene00020974,0,0,0
WBGene00020976,5,9,14
WBGene00020977,18,25,43
WBGene00020978,8,0,8
WBGene00020979,0,0,0
WBGene00020982,0,0,0
WBGene00020983,5,7,12
WBGene00020984,0,6,6
WBGene00020985,25,90,115
WBGene00020986,8,82,90
WBGene00020987,0,3,3
WBGene00020988,0,1,1
WBGene00020989,6,19,25
WBGene00020990,1,5,6
WBGene00020993,48,1969,2017
WBGene00020994,31,3131,3162
WBGene00020995,11,102,113
WBGene00020997,37,125,162
WBGene00020999,83,1344,1427
WBGene00021000,9,790,799
WBGene00021002,99,1186,1285
WBGene00021003,0,23,23
WBGene00021004,277,5841,6118
WBGene00021005,5,11,16
WBGene00021006,0,0,0
WBGene00021007,1,3,4
WBGene00021008,11,49,60
WBGene00021009,2015,5110,7125
WBGene00021010,1,0,1
WBGene00021011,0,170,170
WBGene00021012,139,1079,1218
WBGene00021013,6,2,8
WBGene00021014,5,287,292
WBGene00021015,2,164,166
WBGene00021016,3,7,10
WBGene00021017,14,79,93
WBGene00021019,64,987,1051
WBGene00021020,177,496,673
WBGene00021021,467,2825,3292
WBGene00021022,444,1232,1676
WBGene00021023,0,7,7
WBGene00021024,331,6030,6361
WBGene00021025,10,14,24
WBGene00021026,331,7310,7641
WBGene00021027,40,168,208
WBGene00021028,5,15,20
WBGene00021029,0,7,7
WBGene00021030,5,21,26
WBGene00021031,2,43,45
WBGene00021032,8,0,8
WBGene00021033,0,0,0
WBGene00021034,0,26,26
WBGene00021035,10,159,169
WBGene00021036,1539,9443,10982
WBGene00021038,68,502,570
WBGene00021039,29,540,569
WBGene00021040,8,56,64
WBGene00021041,8,11,19
WBGene00021042,9,53,62
WBGene00021043,110,42333,42443
WBGene00021044,190,2101,2291
WBGene00021045,5,44,49
WBGene00021046,134,970,1104
WBGene00021047,252,2967,3219
WBGene00021048,136,719,855
WBGene00021049,67,1014,1081
WBGene00021051,42,813,855
WBGene00021052,3,6,9
WBGene00021053,0,41,41
WBGene00021054,0,3,3
WBGene00021055,35,136,171
WBGene00021056,7,71,78
WBGene00021057,22,951,973
WBGene00021058,217,880,1097
WBGene00021059,276,893,1169
WBGene00021060,25,167,192
WBGene00021061,81,771,852
WBGene00021063,38,1106,1144
WBGene00021066,3,443,446
WBGene00021067,4,8,12
WBGene00021068,384,18345,18729
WBGene00021070,16,106,122
WBGene00021072,4,4,8
WBGene00021073,313,8491,8804
WBGene00021074,86,4523,4609
WBGene00021075,3757,194,3951
WBGene00021076,32,274,306
WBGene00021078,877,4371,5248
WBGene00021079,849,10446,11295
WBGene00021080,280,2272,2552
WBGene00021081,33,33,66
WBGene00021082,10,661,671
WBGene00021083,0,2,2
WBGene00021084,1,12,13
WBGene00021085,0,16,16
WBGene00021086,0,0,0
WBGene00021087,1,21,22
WBGene00021088,143,24998,25141
WBGene00021089,71,172,243
WBGene00021090,23,3,26
WBGene00021091,0,3,3
WBGene00021092,0,0,0
WBGene00021093,36,3872,3908
WBGene00021094,12,47,59
WBGene00021095,30,1455,1485
WBGene00021096,19,4,23
WBGene00021097,81,3503,3584
WBGene00021098,0,56,56
WBGene00021099,0,4,4
WBGene00021101,2,11,13
WBGene00021103,226,1295,1521
WBGene00021104,83,1240,1323
WBGene00021105,47,2,49
WBGene00021106,0,0,0
WBGene00021107,0,0,0
WBGene00021108,1,0,1
WBGene00021109,0,4,4
WBGene00021110,1,1,2
WBGene00021111,16,216,232
WBGene00021112,7,1419,1426
WBGene00021113,0,0,0
WBGene00021114,0,6,6
WBGene00021115,2,5,7
WBGene00021116,41,518,559
WBGene00021117,2,21,23
WBGene00021118,1,7,8
WBGene00021120,5,22,27
WBGene00021121,29,393,422
WBGene00021122,1,2,3
WBGene00021123,20,277,297
WBGene00021124,51,143,194
WBGene00021125,19,68,87
WBGene00021126,8,54,62
WBGene00021127,14,465,479
WBGene00021128,461,7341,7802
WBGene00021129,9,9,18
WBGene00021131,56,660,716
WBGene00021132,167,1191,1358
WBGene00021133,229,5317,5546
WBGene00021134,0,22,22
WBGene00021135,1,8,9
WBGene00021136,1,31,32
WBGene00021137,1,2,3
WBGene00021138,0,0,0
WBGene00021139,0,0,0
WBGene00021141,0,0,0
WBGene00021142,0,0,0
WBGene00021143,0,0,0
WBGene00021144,1,0,1
WBGene00021145,0,0,0
WBGene00021146,51,445,496
WBGene00021148,6,86,92
WBGene00021149,257,3350,3607
WBGene00021150,0,1,1
WBGene00021152,139,208,347
WBGene00021153,0,1,1
WBGene00021154,0,1,1
WBGene00021155,8,623,631
WBGene00021156,27,128,155
WBGene00021157,12,57,69
WBGene00021158,4,30,34
WBGene00021159,44,205,249
WBGene00021160,47,254,301
WBGene00021161,2121,18329,20450
WBGene00021162,0,0,0
WBGene00021163,9,218,227
WBGene00021164,2,9,11
WBGene00021165,0,2,2
WBGene00021166,0,0,0
WBGene00021167,2,100,102
WBGene00021168,1,37,38
WBGene00021169,0,1,1
WBGene00021170,28,2373,2401
WBGene00021171,100,905,1005
WBGene00021172,0,0,0
WBGene00021173,0,0,0
WBGene00021174,0,2,2
WBGene00021175,6,7,13
WBGene00021176,82,582,664
WBGene00021177,0,1,1
WBGene00021178,7,114,121
WBGene00021179,0,0,0
WBGene00021180,2,16,18
WBGene00021182,0,3,3
WBGene00021183,2,11,13
WBGene00021184,0,0,0
WBGene00021185,59,443,502
WBGene00021186,43,136,179
WBGene00021187,130,107,237
WBGene00021188,0,2,2
WBGene00021189,0,3,3
WBGene00021190,4,56,60
WBGene00021191,179,2042,2221
WBGene00021192,23,403,426
WBGene00021193,1,2,3
WBGene00021194,0,0,0
WBGene00021195,4,87,91
WBGene00021196,2,46,48
WBGene00021197,1,3,4
WBGene00021198,3,6,9
WBGene00021199,190,22,212
WBGene00021200,28,150,178
WBGene00021201,8,466,474
WBGene00021202,108,1766,1874
WBGene00021204,5,113,118
WBGene00021205,38,1318,1356
WBGene00021207,9,0,9
WBGene00021208,97,1342,1439
WBGene00021209,244,1171,1415
WBGene00021210,95,1243,1338
WBGene00021212,1,12,13
WBGene00021213,34,68,102
WBGene00021214,3,21,24
WBGene00021215,19,49,68
WBGene00021216,0,0,0
WBGene00021217,0,0,0
WBGene00021219,0,0,0
WBGene00021220,0,0,0
WBGene00021221,0,0,0
WBGene00021222,0,0,0
WBGene00021223,0,0,0
WBGene00021224,0,0,0
WBGene00021226,0,0,0
WBGene00021227,0,0,0
WBGene00021228,0,0,0
WBGene00021232,1,14,15
WBGene00021235,0,1,1
WBGene00021236,0,46,46
WBGene00021237,227,741,968
WBGene00021238,365,256,621
WBGene00021239,385,750,1135
WBGene00021241,3,2,5
WBGene00021243,0,1,1
WBGene00021244,90,69,159
WBGene00021245,66,670,736
WBGene00021246,63,403,466
WBGene00021247,172,324,496
WBGene00021248,3157,92611,95768
WBGene00021249,9,39,48
WBGene00021250,0,1,1
WBGene00021251,0,0,0
WBGene00021252,6,0,6
WBGene00021253,19,432,451
WBGene00021254,49,70,119
WBGene00021256,10,9,19
WBGene00021257,9,34,43
WBGene00021259,20,14,34
WBGene00021260,126,1032,1158
WBGene00021261,1,2,3
WBGene00021262,2,9,11
WBGene00021263,1,1,2
WBGene00021264,27,528,555
WBGene00021266,5,2,7
WBGene00021267,10,71,81
WBGene00021268,10,509,519
WBGene00021269,80,512,592
WBGene00021270,11,3498,3509
WBGene00021271,42,212,254
WBGene00021272,55,986,1041
WBGene00021274,90,1123,1213
WBGene00021275,137,301,438
WBGene00021276,468,2043,2511
WBGene00021277,103,3895,3998
WBGene00021279,4,20,24
WBGene00021280,0,0,0
WBGene00021281,1447,5649,7096
WBGene00021282,18,207,225
WBGene00021283,18,35,53
WBGene00021284,4,9,13
WBGene00021285,0,71,71
WBGene00021286,261,4030,4291
WBGene00021287,1,14,15
WBGene00021288,1,4,5
WBGene00021289,0,9,9
WBGene00021290,0,0,0
WBGene00021291,2,4,6
WBGene00021292,252,4517,4769
WBGene00021293,1,4,5
WBGene00021294,188,1052,1240
WBGene00021295,171,1159,1330
WBGene00021296,34,1301,1335
WBGene00021297,4,17,21
WBGene00021298,1,0,1
WBGene00021299,0,16,16
WBGene00021300,0,0,0
WBGene00021301,9,35,44
WBGene00021302,4,13,17
WBGene00021303,0,4,4
WBGene00021304,51,172,223
WBGene00021305,264,1111,1375
WBGene00021309,38,254,292
WBGene00021310,1,20,21
WBGene00021311,87,1433,1520
WBGene00021312,66,3784,3850
WBGene00021313,143,1048,1191
WBGene00021314,42,895,937
WBGene00021315,45,1184,1229
WBGene00021316,286,3903,4189
WBGene00021317,1,1,2
WBGene00021319,107,787,894
WBGene00021320,142,958,1100
WBGene00021321,3,21,24
WBGene00021322,195,2169,2364
WBGene00021323,121,1862,1983
WBGene00021324,35,523,558
WBGene00021325,46,533,579
WBGene00021326,9,94,103
WBGene00021327,1288,5774,7062
WBGene00021328,42,424,466
WBGene00021329,156,1366,1522
WBGene00021331,125,6203,6328
WBGene00021332,266,303,569
WBGene00021333,95,196,291
WBGene00021334,677,1375,2052
WBGene00021335,0,308,308
WBGene00021336,0,10,10
WBGene00021337,5,18,23
WBGene00021338,0,38,38
WBGene00021339,2,5,7
WBGene00021340,83,692,775
WBGene00021343,81,192,273
WBGene00021344,816,153,969
WBGene00021345,0,0,0
WBGene00021346,396,2491,2887
WBGene00021347,221,4311,4532
WBGene00021348,267,4448,4715
WBGene00021349,47,298,345
WBGene00021350,39816,483107,522923
WBGene00021351,1430,4468,5898
WBGene00021352,148,2653,2801
WBGene00021353,62,292,354
WBGene00021354,15,74,89
WBGene00021355,550,5068,5618
WBGene00021357,41,127,168
WBGene00021358,3,20,23
WBGene00021359,137,1992,2129
WBGene00021362,86,265,351
WBGene00021363,173,468,641
WBGene00021364,0,16,16
WBGene00021365,188,1475,1663
WBGene00021366,77,1124,1201
WBGene00021367,87,1071,1158
WBGene00021368,1,4,5
WBGene00021369,109,1274,1383
WBGene00021370,181,1752,1933
WBGene00021371,30,448,478
WBGene00021372,6,985,991
WBGene00021373,2,1,3
WBGene00021374,191,612,803
WBGene00021375,29,546,575
WBGene00021376,65,503,568
WBGene00021377,36,1439,1475
WBGene00021378,122,1603,1725
WBGene00021379,9,98,107
WBGene00021381,2,1,3
WBGene00021382,502,1245,1747
WBGene00021383,28,13,41
WBGene00021384,5,21,26
WBGene00021385,0,3,3
WBGene00021386,7,26,33
WBGene00021387,54,439,493
WBGene00021388,111,1005,1116
WBGene00021389,17,85,102
WBGene00021390,1,8,9
WBGene00021391,9,536,545
WBGene00021392,68,1979,2047
WBGene00021394,173,1077,1250
WBGene00021395,139,1764,1903
WBGene00021396,40,163,203
WBGene00021397,0,25,25
WBGene00021398,0,1,1
WBGene00021400,70,592,662
WBGene00021401,48,1308,1356
WBGene00021402,45,625,670
WBGene00021403,0,0,0
WBGene00021404,0,0,0
WBGene00021405,0,0,0
WBGene00021406,2,2,4
WBGene00021407,0,18,18
WBGene00021408,1,0,1
WBGene00021409,0,0,0
WBGene00021410,37,40,77
WBGene00021412,12,26,38
WBGene00021413,13,5,18
WBGene00021414,2,1,3
WBGene00021415,202,2286,2488
WBGene00021416,76,498,574
WBGene00021417,23,118,141
WBGene00021419,38,254,292
WBGene00021420,65,20675,20740
WBGene00021421,121,1941,2062
WBGene00021423,926,1754,2680
WBGene00021425,241,2080,2321
WBGene00021427,356,24303,24659
WBGene00021428,9,6,15
WBGene00021430,124,162,286
WBGene00021433,0,0,0
WBGene00021434,4,8,12
WBGene00021435,10,3,13
WBGene00021436,22,26,48
WBGene00021437,64,20,84
WBGene00021438,51,9,60
WBGene00021439,277,1031,1308
WBGene00021440,144,557,701
WBGene00021441,182,1325,1507
WBGene00021442,64,651,715
WBGene00021443,433,1312,1745
WBGene00021444,403,633,1036
WBGene00021445,35,353,388
WBGene00021446,50,71,121
WBGene00021447,18,25,43
WBGene00021448,0,15,15
WBGene00021449,3,8,11
WBGene00021450,5,5,10
WBGene00021451,6,2,8
WBGene00021452,62,778,840
WBGene00021454,0,0,0
WBGene00021456,183,687,870
WBGene00021457,4,23,27
WBGene00021458,0,29,29
WBGene00021460,77,1342,1419
WBGene00021461,75,54,129
WBGene00021463,6,10,16
WBGene00021464,5,106,111
WBGene00021465,3,232,235
WBGene00021466,368,11693,12061
WBGene00021467,78,2053,2131
WBGene00021468,25,2389,2414
WBGene00021469,221,3116,3337
WBGene00021470,102,1125,1227
WBGene00021471,1,17,18
WBGene00021472,0,5,5
WBGene00021473,209,124,333
WBGene00021474,896,4138,5034
WBGene00021475,362,4483,4845
WBGene00021476,40,876,916
WBGene00021477,5,8,13
WBGene00021478,35,333,368
WBGene00021479,34,7,41
WBGene00021482,327,675,1002
WBGene00021484,0,3,3
WBGene00021485,5,111,116
WBGene00021486,477,16768,17245
WBGene00021487,113,628,741
WBGene00021488,0,2,2
WBGene00021490,14,15,29
WBGene00021491,0,11,11
WBGene00021492,20,317,337
WBGene00021493,46,422,468
WBGene00021494,3,35,38
WBGene00021495,1,146,147
WBGene00021496,9,19,28
WBGene00021497,179,369,548
WBGene00021498,0,2,2
WBGene00021499,0,137,137
WBGene00021500,1,1,2
WBGene00021501,2,7,9
WBGene00021502,39,412,451
WBGene00021503,9,330,339
WBGene00021504,9,25,34
WBGene00021505,13,34,47
WBGene00021506,170,3334,3504
WBGene00021507,883,2779,3662
WBGene00021508,76,1178,1254
WBGene00021509,815,1288,2103
WBGene00021510,199,360,559
WBGene00021511,23,48,71
WBGene00021512,302,555,857
WBGene00021513,81,6,87
WBGene00021514,60,3272,3332
WBGene00021515,46,450,496
WBGene00021516,5,13,18
WBGene00021517,8,533,541
WBGene00021518,2,188,190
WBGene00021519,1,28,29
WBGene00021521,13,68,81
WBGene00021522,758,1196,1954
WBGene00021524,19,149,168
WBGene00021525,1,23,24
WBGene00021526,42,123,165
WBGene00021527,180,517,697
WBGene00021528,213,814,1027
WBGene00021529,56,1060,1116
WBGene00021530,14,3,17
WBGene00021531,553,72,625
WBGene00021532,117,5032,5149
WBGene00021533,10,627,637
WBGene00021534,956,11938,12894
WBGene00021535,593,224,817
WBGene00021536,31,2264,2295
WBGene00021537,12,13,25
WBGene00021538,55,569,624
WBGene00021539,178,2585,2763
WBGene00021540,31,144,175
WBGene00021541,3,201,204
WBGene00021542,20,1,21
WBGene00021543,42,2156,2198
WBGene00021544,116,1001,1117
WBGene00021545,518,1606,2124
WBGene00021546,98,665,763
WBGene00021547,34,483,517
WBGene00021548,34,1606,1640
WBGene00021549,485,614,1099
WBGene00021551,280,2961,3241
WBGene00021552,275,1672,1947
WBGene00021553,6,14,20
WBGene00021554,94,2150,2244
WBGene00021555,11,203,214
WBGene00021556,75,695,770
WBGene00021557,0,43,43
WBGene00021558,129,1893,2022
WBGene00021559,101,1655,1756
WBGene00021560,47,193,240
WBGene00021561,238,973,1211
WBGene00021562,443,6633,7076
WBGene00021563,88,1885,1973
WBGene00021564,264,1259,1523
WBGene00021565,4,25,29
WBGene00021566,0,0,0
WBGene00021567,0,0,0
WBGene00021568,0,0,0
WBGene00021569,0,0,0
WBGene00021570,0,0,0
WBGene00021571,0,0,0
WBGene00021572,0,0,0
WBGene00021573,0,0,0
WBGene00021576,2,30,32
WBGene00021577,0,1,1
WBGene00021578,1,0,1
WBGene00021579,0,2,2
WBGene00021580,0,1,1
WBGene00021581,1,1,2
WBGene00021582,0,3,3
WBGene00021583,21,141,162
WBGene00021585,2,0,2
WBGene00021586,16,99,115
WBGene00021587,7,89,96
WBGene00021589,15,1681,1696
WBGene00021590,28,338,366
WBGene00021591,1,8,9
WBGene00021592,0,0,0
WBGene00021593,4,1,5
WBGene00021594,7,17,24
WBGene00021595,189,4052,4241
WBGene00021596,57,263,320
WBGene00021597,2001,2456,4457
WBGene00021598,42,88,130
WBGene00021599,24,122,146
WBGene00021600,20,270,290
WBGene00021601,1,10,11
WBGene00021602,3,194,197
WBGene00021603,1,12,13
WBGene00021605,20,115,135
WBGene00021607,14,748,762
WBGene00021608,0,1,1
WBGene00021609,12,12,24
WBGene00021610,21,300,321
WBGene00021611,71,401,472
WBGene00021612,0,1,1
WBGene00021613,166,1373,1539
WBGene00021614,274,3342,3616
WBGene00021615,0,0,0
WBGene00021616,0,0,0
WBGene00021617,3,0,3
WBGene00021619,0,1,1
WBGene00021620,0,0,0
WBGene00021621,0,2,2
WBGene00021623,0,1,1
WBGene00021624,8,101,109
WBGene00021625,0,177,177
WBGene00021626,127,634,761
WBGene00021627,0,2,2
WBGene00021628,186,1714,1900
WBGene00021629,415,3154,3569
WBGene00021630,2,28,30
WBGene00021631,2,0,2
WBGene00021632,0,1,1
WBGene00021633,9,21,30
WBGene00021634,227,944,1171
WBGene00021635,11,101,112
WBGene00021636,103,1071,1174
WBGene00021637,91,711,802
WBGene00021638,186,2282,2468
WBGene00021639,5,48,53
WBGene00021640,136,351,487
WBGene00021641,34,1238,1272
WBGene00021643,112,868,980
WBGene00021644,82,1810,1892
WBGene00021645,133,1163,1296
WBGene00021646,255,1470,1725
WBGene00021647,270,4439,4709
WBGene00021648,8,1390,1398
WBGene00021649,17,362,379
WBGene00021650,0,2,2
WBGene00021653,0,18,18
WBGene00021654,3,193,196
WBGene00021655,21,820,841
WBGene00021656,2,3,5
WBGene00021657,77,543,620
WBGene00021658,15,267,282
WBGene00021660,560,3939,4499
WBGene00021661,84,235,319
WBGene00021662,1,26,27
WBGene00021666,86,903,989
WBGene00021667,8,100,108
WBGene00021671,247,389,636
WBGene00021672,17,13,30
WBGene00021675,18,99,117
WBGene00021676,16,547,563
WBGene00021677,21,630,651
WBGene00021678,8,8,16
WBGene00021679,20,433,453
WBGene00021681,942,1891,2833
WBGene00021682,289,787,1076
WBGene00021683,135,361,496
WBGene00021685,1036,993,2029
WBGene00021686,992,2814,3806
WBGene00021687,97,878,975
WBGene00021689,211,556,767
WBGene00021690,7,104,111
WBGene00021691,77,2609,2686
WBGene00021692,21,295,316
WBGene00021693,39,158,197
WBGene00021694,5,34,39
WBGene00021697,1751,7782,9533
WBGene00021698,534,1678,2212
WBGene00021700,2,7,9
WBGene00021701,6,17,23
WBGene00021702,179,1271,1450
WBGene00021703,2,3,5
WBGene00021704,68,136,204
WBGene00021705,2,25,27
WBGene00021706,4,28,32
WBGene00021707,2,33,35
WBGene00021708,1,14,15
WBGene00021709,6,235,241
WBGene00021710,7,15,22
WBGene00021711,0,8,8
WBGene00021713,1,1,2
WBGene00021714,64,441,505
WBGene00021715,279,4768,5047
WBGene00021716,3,1,4
WBGene00021717,0,0,0
WBGene00021718,0,0,0
WBGene00021719,0,0,0
WBGene00021720,8,2,10
WBGene00021721,15,155,170
WBGene00021722,0,1,1
WBGene00021724,2,2,4
WBGene00021725,40,207,247
WBGene00021726,2,30,32
WBGene00021727,1,3,4
WBGene00021728,39,2,41
WBGene00021729,0,1,1
WBGene00021730,0,11,11
WBGene00021731,1,22,23
WBGene00021732,95,282,377
WBGene00021733,437,1155,1592
WBGene00021734,35,65,100
WBGene00021735,249,1559,1808
WBGene00021736,734,1356,2090
WBGene00021738,157,675,832
WBGene00021739,0,106,106
WBGene00021740,122,725,847
WBGene00021741,49,50,99
WBGene00021743,85,333,418
WBGene00021744,1,0,1
WBGene00021745,35,155,190
WBGene00021746,0,7,7
WBGene00021748,110,773,883
WBGene00021749,109,721,830
WBGene00021750,30,353,383
WBGene00021751,916,249,1165
WBGene00021752,612,497,1109
WBGene00021753,393,1262,1655
WBGene00021754,790,6992,7782
WBGene00021755,47,154,201
WBGene00021756,209,530,739
WBGene00021757,355,2240,2595
WBGene00021758,126,935,1061
WBGene00021759,50,104,154
WBGene00021763,87,546,633
WBGene00021764,39,405,444
WBGene00021765,300,797,1097
WBGene00021766,72,588,660
WBGene00021768,53,1924,1977
WBGene00021771,326,1386,1712
WBGene00021772,7,7,14
WBGene00021773,1,1,2
WBGene00021774,0,5,5
WBGene00021776,103,449,552
WBGene00021778,4,4,8
WBGene00021779,0,0,0
WBGene00021780,0,0,0
WBGene00021781,27,453,480
WBGene00021783,311,2124,2435
WBGene00021784,85,1732,1817
WBGene00021785,116,2785,2901
WBGene00021786,3,21,24
WBGene00021787,2,6,8
WBGene00021788,177,35,212
WBGene00021789,327,1931,2258
WBGene00021790,3,4,7
WBGene00021791,0,0,0
WBGene00021793,0,0,0
WBGene00021794,3,16,19
WBGene00021795,5,132,137
WBGene00021796,55,1105,1160
WBGene00021797,4,3,7
WBGene00021798,18,0,18
WBGene00021799,15,125,140
WBGene00021800,434,15168,15602
WBGene00021801,0,0,0
WBGene00021803,0,0,0
WBGene00021804,1,21,22
WBGene00021805,6,21,27
WBGene00021806,2,0,2
WBGene00021807,6,13,19
WBGene00021808,423,1751,2174
WBGene00021809,1,15,16
WBGene00021810,543,1604,2147
WBGene00021811,432,4886,5318
WBGene00021812,17,522,539
WBGene00021813,102,2444,2546
WBGene00021814,32,76,108
WBGene00021815,88,2187,2275
WBGene00021816,103,2228,2331
WBGene00021817,30,384,414
WBGene00021818,860,6671,7531
WBGene00021820,356,653,1009
WBGene00021821,0,2,2
WBGene00021822,0,0,0
WBGene00021826,223,4116,4339
WBGene00021827,90,887,977
WBGene00021828,226,1118,1344
WBGene00021829,45,6850,6895
WBGene00021830,109,6630,6739
WBGene00021831,440,2319,2759
WBGene00021832,44,199,243
WBGene00021833,18,1,19
WBGene00021834,23,1034,1057
WBGene00021835,59,614,673
WBGene00021837,0,1,1
WBGene00021838,211,1640,1851
WBGene00021839,353,6156,6509
WBGene00021840,242,514,756
WBGene00021841,88,344,432
WBGene00021842,293,1187,1480
WBGene00021843,592,6688,7280
WBGene00021844,119,3181,3300
WBGene00021845,33,4989,5022
WBGene00021846,176,799,975
WBGene00021847,161,1405,1566
WBGene00021848,49,160,209
WBGene00021849,855,20002,20857
WBGene00021850,19,44,63
WBGene00021852,57,879,936
WBGene00021853,0,82,82
WBGene00021854,242,1778,2020
WBGene00021855,118,679,797
WBGene00021856,346,1185,1531
WBGene00021857,1026,9193,10219
WBGene00021858,142,70,212
WBGene00021859,1,2,3
WBGene00021860,0,3,3
WBGene00021861,0,10,10
WBGene00021862,2,4,6
WBGene00021863,92,641,733
WBGene00021864,67,643,710
WBGene00021865,9,13,22
WBGene00021866,55,648,703
WBGene00021867,117,2029,2146
WBGene00021868,185,2753,2938
WBGene00021869,6,69,75
WBGene00021870,47,538,585
WBGene00021871,51,176,227
WBGene00021872,1,241,242
WBGene00021873,2,12,14
WBGene00021875,310,3805,4115
WBGene00021876,527,2044,2571
WBGene00021877,167,149,316
WBGene00021878,4,2,6
WBGene00021879,3,144,147
WBGene00021880,0,0,0
WBGene00021881,81,134,215
WBGene00021882,960,1488,2448
WBGene00021883,151,6952,7103
WBGene00021884,0,374,374
WBGene00021887,30,174,204
WBGene00021888,167,6509,6676
WBGene00021890,619,4631,5250
WBGene00021891,0,13,13
WBGene00021892,10,2,12
WBGene00021893,2499,6281,8780
WBGene00021894,660,8051,8711
WBGene00021895,3,28,31
WBGene00021897,158,490,648
WBGene00021898,37,457,494
WBGene00021899,462,9604,10066
WBGene00021900,123,3529,3652
WBGene00021901,13,2608,2621
WBGene00021902,88,559,647
WBGene00021903,46,1676,1722
WBGene00021904,27,467,494
WBGene00021905,133,613,746
WBGene00021906,218,929,1147
WBGene00021907,1,4,5
WBGene00021908,0,7,7
WBGene00021909,38,963,1001
WBGene00021910,335,1156,1491
WBGene00021911,8,23,31
WBGene00021912,93,558,651
WBGene00021913,36,1270,1306
WBGene00021914,143,357,500
WBGene00021915,157,957,1114
WBGene00021916,2,47,49
WBGene00021917,11,233,244
WBGene00021918,32,2318,2350
WBGene00021919,10,110,120
WBGene00021920,429,4962,5391
WBGene00021921,1550,4111,5661
WBGene00021922,74,2074,2148
WBGene00021923,164,482,646
WBGene00021925,138,653,791
WBGene00021926,163,2637,2800
WBGene00021927,17,414,431
WBGene00021928,5,329,334
WBGene00021929,29,1899,1928
WBGene00021930,511,10446,10957
WBGene00021931,68,76,144
WBGene00021932,73,853,926
WBGene00021933,25,327,352
WBGene00021934,213,5049,5262
WBGene00021935,135,584,719
WBGene00021936,742,2313,3055
WBGene00021938,115,2507,2622
WBGene00021939,75,67,142
WBGene00021941,33,114,147
WBGene00021942,17,291,308
WBGene00021943,230,2981,3211
WBGene00021945,132,484,616
WBGene00021947,6,30,36
WBGene00021948,338,2158,2496
WBGene00021949,1,3,4
WBGene00021950,38,387,425
WBGene00021951,11,47,58
WBGene00021952,244,5363,5607
WBGene00021953,5,19,24
WBGene00021956,64,2221,2285
WBGene00021957,0,2,2
WBGene00021958,1,0,1
WBGene00021959,451,8265,8716
WBGene00021960,136,4346,4482
WBGene00021961,1,0,1
WBGene00021963,16,146,162
WBGene00021964,1,0,1
WBGene00021965,47,386,433
WBGene00021966,0,7,7
WBGene00021967,1,7,8
WBGene00021968,63,40,103
WBGene00021969,3,1,4
WBGene00021970,33,6,39
WBGene00021972,31,175,206
WBGene00021973,214,2133,2347
WBGene00021974,223,2832,3055
WBGene00021975,32,288,320
WBGene00021976,15,173,188
WBGene00021977,6,339,345
WBGene00021978,0,50,50
WBGene00021979,7,1018,1025
WBGene00021980,149,321,470
WBGene00021981,25,2635,2660
WBGene00021983,83,2341,2424
WBGene00021984,61,681,742
WBGene00021985,45,125,170
WBGene00021986,130,1454,1584
WBGene00021987,1,0,1
WBGene00021988,0,0,0
WBGene00021992,0,0,0
WBGene00021993,0,11,11
WBGene00021994,10,32,42
WBGene00021996,0,0,0
WBGene00021997,0,0,0
WBGene00021998,2,9,11
WBGene00021999,1,1,2
WBGene00022000,0,0,0
WBGene00022002,0,2,2
WBGene00022003,0,0,0
WBGene00022004,10,371,381
WBGene00022005,0,4,4
WBGene00022006,0,0,0
WBGene00022007,0,0,0
WBGene00022008,1,4,5
WBGene00022010,144,1689,1833
WBGene00022011,2,35,37
WBGene00022012,3,12,15
WBGene00022013,75,112,187
WBGene00022014,282,459,741
WBGene00022015,402,2423,2825
WBGene00022016,1,8,9
WBGene00022018,4,168,172
WBGene00022019,434,2607,3041
WBGene00022020,0,6,6
WBGene00022021,358,6127,6485
WBGene00022022,41,1071,1112
WBGene00022024,0,71,71
WBGene00022025,121,2176,2297
WBGene00022026,304,2319,2623
WBGene00022027,392,6465,6857
WBGene00022028,0,9,9
WBGene00022029,111,2600,2711
WBGene00022030,4,9,13
WBGene00022031,108,897,1005
WBGene00022032,11,6,17
WBGene00022033,117,2845,2962
WBGene00022034,48,841,889
WBGene00022035,41,60,101
WBGene00022036,26,172,198
WBGene00022037,112,1608,1720
WBGene00022038,22,156,178
WBGene00022039,8,46,54
WBGene00022040,7,160,167
WBGene00022042,5286,163213,168499
WBGene00022043,28,1048,1076
WBGene00022044,14,1536,1550
WBGene00022045,476,4561,5037
WBGene00022046,8,29433,29441
WBGene00022047,9,276,285
WBGene00022048,2192,22787,24979
WBGene00022051,171,844,1015
WBGene00022052,78,696,774
WBGene00022053,949,17031,17980
WBGene00022054,95,764,859
WBGene00022055,30,567,597
WBGene00022056,103,482,585
WBGene00022057,44,2013,2057
WBGene00022059,2220,2317,4537
WBGene00022060,1,339,340
WBGene00022061,114,79,193
WBGene00022062,17,47,64
WBGene00022063,91,999,1090
WBGene00022064,1,3,4
WBGene00022066,0,12,12
WBGene00022067,267,828,1095
WBGene00022069,357,9413,9770
WBGene00022070,0,8,8
WBGene00022071,8,87,95
WBGene00022072,1347,23626,24973
WBGene00022073,104,746,850
WBGene00022074,264,1721,1985
WBGene00022075,314,6800,7114
WBGene00022076,6,26,32
WBGene00022077,123,1476,1599
WBGene00022078,1091,2805,3896
WBGene00022083,1,7,8
WBGene00022086,14,27,41
WBGene00022087,957,1571,2528
WBGene00022089,1528,72750,74278
WBGene00022090,5,18,23
WBGene00022092,268,3831,4099
WBGene00022093,800,13571,14371
WBGene00022094,2,4,6
WBGene00022095,0,0,0
WBGene00022096,0,2,2
WBGene00022097,0,1,1
WBGene00022099,300,5534,5834
WBGene00022100,733,1718,2451
WBGene00022101,29,280,309
WBGene00022102,29,48,77
WBGene00022103,106,328,434
WBGene00022104,221,349,570
WBGene00022106,146,306,452
WBGene00022107,66,1870,1936
WBGene00022108,5,26,31
WBGene00022110,17,197,214
WBGene00022111,0,304,304
WBGene00022112,18,55,73
WBGene00022113,33,180,213
WBGene00022114,133,17494,17627
WBGene00022115,153,1749,1902
WBGene00022116,111,327,438
WBGene00022117,371,410,781
WBGene00022118,129,934,1063
WBGene00022119,15,4990,5005
WBGene00022121,246,753,999
WBGene00022122,71,18917,18988
WBGene00022123,56,497,553
WBGene00022124,216,559,775
WBGene00022125,54,637,691
WBGene00022126,98,680,778
WBGene00022127,9,13673,13682
WBGene00022128,137,1014,1151
WBGene00022129,50,517,567
WBGene00022130,24,103,127
WBGene00022131,88,543,631
WBGene00022133,0,1,1
WBGene00022134,607,3879,4486
WBGene00022138,408,856,1264
WBGene00022139,361,1142,1503
WBGene00022140,17,6,23
WBGene00022141,22,1891,1913
WBGene00022142,25,35,60
WBGene00022143,0,11,11
WBGene00022144,72,8600,8672
WBGene00022145,8,12,20
WBGene00022146,31,1953,1984
WBGene00022148,1208,3919,5127
WBGene00022149,263,9993,10256
WBGene00022150,34,3636,3670
WBGene00022152,297,1052,1349
WBGene00022153,282,1188,1470
WBGene00022154,22,238,260
WBGene00022155,48,1073,1121
WBGene00022156,5,29,34
WBGene00022157,10,1,11
WBGene00022158,69,714,783
WBGene00022159,325,4233,4558
WBGene00022160,17,314,331
WBGene00022161,13,294,307
WBGene00022162,0,0,0
WBGene00022165,120,694,814
WBGene00022166,169,1807,1976
WBGene00022167,245,613,858
WBGene00022168,551,1139,1690
WBGene00022169,272,4185,4457
WBGene00022170,3040,61569,64609
WBGene00022171,35,865,900
WBGene00022172,52,159,211
WBGene00022173,169,2889,3058
WBGene00022174,157,592,749
WBGene00022175,97,478,575
WBGene00022176,334,1741,2075
WBGene00022177,4,19,23
WBGene00022178,17,145,162
WBGene00022179,13,50,63
WBGene00022180,160,4042,4202
WBGene00022181,27,197,224
WBGene00022182,246,2355,2601
WBGene00022185,192,1855,2047
WBGene00022188,102,1273,1375
WBGene00022189,0,1,1
WBGene00022190,13,347,360
WBGene00022191,25,223,248
WBGene00022192,97,1795,1892
WBGene00022193,47,875,922
WBGene00022194,330,9768,10098
WBGene00022195,142,714,856
WBGene00022196,28,831,859
WBGene00022197,29,96,125
WBGene00022198,63,331,394
WBGene00022199,91,8896,8987
WBGene00022200,38,221,259
WBGene00022201,58,1600,1658
WBGene00022202,132,2705,2837
WBGene00022203,30,694,724
WBGene00022206,50,124,174
WBGene00022207,435,14,449
WBGene00022209,15,5,20
WBGene00022210,3,0,3
WBGene00022213,55,62,117
WBGene00022215,0,9,9
WBGene00022216,4,8,12
WBGene00022217,0,0,0
WBGene00022218,1,5,6
WBGene00022219,382,1192,1574
WBGene00022221,9,103,112
WBGene00022223,3,2,5
WBGene00022224,0,4,4
WBGene00022225,1,7,8
WBGene00022228,58,94,152
WBGene00022230,571,7703,8274
WBGene00022231,71,361,432
WBGene00022232,108,1121,1229
WBGene00022233,189,3678,3867
WBGene00022235,1358,54586,55944
WBGene00022236,0,101,101
WBGene00022237,2,11,13
WBGene00022240,113,1389,1502
WBGene00022242,232,3113,3345
WBGene00022243,0,21,21
WBGene00022244,0,203,203
WBGene00022245,432,6919,7351
WBGene00022246,22,224,246
WBGene00022247,56,105,161
WBGene00022248,175,4240,4415
WBGene00022250,46,615,661
WBGene00022251,72,1355,1427
WBGene00022252,24,257,281
WBGene00022253,98,3247,3345
WBGene00022254,48,1942,1990
WBGene00022255,20,177,197
WBGene00022256,2,2,4
WBGene00022257,2,75,77
WBGene00022258,108,1167,1275
WBGene00022259,68,907,975
WBGene00022260,143,1313,1456
WBGene00022261,28,233,261
WBGene00022262,0,2,2
WBGene00022263,6,149,155
WBGene00022264,1,0,1
WBGene00022265,1,3,4
WBGene00022266,1,0,1
WBGene00022267,33,234,267
WBGene00022268,315,2833,3148
WBGene00022269,251,3488,3739
WBGene00022270,165,638,803
WBGene00022271,31,2840,2871
WBGene00022273,58,560,618
WBGene00022274,21,110,131
WBGene00022275,3,45,48
WBGene00022276,156,2956,3112
WBGene00022277,281,2882,3163
WBGene00022278,624,1342,1966
WBGene00022279,119,2759,2878
WBGene00022280,104,1206,1310
WBGene00022281,369,1461,1830
WBGene00022282,0,2,2
WBGene00022283,28,188,216
WBGene00022284,87,535,622
WBGene00022285,599,383,982
WBGene00022286,190,941,1131
WBGene00022287,13,249,262
WBGene00022288,14,129,143
WBGene00022289,11,12,23
WBGene00022290,0,0,0
WBGene00022291,0,1,1
WBGene00022292,0,0,0
WBGene00022295,9,33,42
WBGene00022296,698,2205,2903
WBGene00022297,141,4341,4482
WBGene00022298,4,16,20
WBGene00022300,193,1057,1250
WBGene00022301,602,2331,2933
WBGene00022302,24,422,446
WBGene00022303,0,185,185
WBGene00022306,866,3115,3981
WBGene00022307,12,900,912
WBGene00022308,0,1,1
WBGene00022309,164,761,925
WBGene00022310,350,1423,1773
WBGene00022311,1,4,5
WBGene00022312,0,0,0
WBGene00022313,107,150,257
WBGene00022314,65,480,545
WBGene00022315,0,2,2
WBGene00022316,115,0,115
WBGene00022317,3,19,22
WBGene00022318,0,0,0
WBGene00022319,0,0,0
WBGene00022320,5,0,5
WBGene00022321,1,6,7
WBGene00022322,0,1,1
WBGene00022323,0,0,0
WBGene00022324,1,5,6
WBGene00022325,8,150,158
WBGene00022326,7,110,117
WBGene00022327,9,43,52
WBGene00022328,6,10,16
WBGene00022329,11,88,99
WBGene00022330,2,17,19
WBGene00022331,1,6,7
WBGene00022332,10,5,15
WBGene00022333,1,30,31
WBGene00022334,15,34,49
WBGene00022335,38,135,173
WBGene00022336,1728,353698,355426
WBGene00022337,1,27,28
WBGene00022338,28,22,50
WBGene00022339,1287,8385,9672
WBGene00022340,1,0,1
WBGene00022341,4,1,5
WBGene00022342,1,1,2
WBGene00022343,0,1,1
WBGene00022344,0,7,7
WBGene00022345,1,2,3
WBGene00022346,11,63,74
WBGene00022347,206,2385,2591
WBGene00022348,141,3360,3501
WBGene00022349,19,121,140
WBGene00022350,29,894,923
WBGene00022351,8,44,52
WBGene00022352,26,28,54
WBGene00022353,2,38,40
WBGene00022354,220,504,724
WBGene00022356,12,648,660
WBGene00022357,74,781,855
WBGene00022358,240,962,1202
WBGene00022360,386,1491,1877
WBGene00022361,353,1126,1479
WBGene00022363,261,593,854
WBGene00022365,162,209,371
WBGene00022366,321,947,1268
WBGene00022367,251,361,612
WBGene00022368,108,1735,1843
WBGene00022369,152,1056,1208
WBGene00022371,234,1029,1263
WBGene00022372,128,393,521
WBGene00022373,239,6574,6813
WBGene00022374,5,86,91
WBGene00022375,4,14,18
WBGene00022376,211,2867,3078
WBGene00022377,11,76,87
WBGene00022378,921,6148,7069
WBGene00022379,28,90,118
WBGene00022380,654,7033,7687
WBGene00022381,132,2180,2312
WBGene00022382,0,1638,1638
WBGene00022383,36,225,261
WBGene00022385,13,8,21
WBGene00022386,270,1243,1513
WBGene00022388,386,1007,1393
WBGene00022389,225,1521,1746
WBGene00022390,65,296,361
WBGene00022391,258,698,956
WBGene00022392,13,77,90
WBGene00022393,81,1914,1995
WBGene00022394,47,4731,4778
WBGene00022395,32,74,106
WBGene00022396,52,837,889
WBGene00022397,216,1795,2011
WBGene00022398,45,716,761
WBGene00022399,38,332,370
WBGene00022400,39,1976,2015
WBGene00022401,80,4034,4114
WBGene00022402,29,1612,1641
WBGene00022403,1,4,5
WBGene00022404,0,4,4
WBGene00022405,1,18,19
WBGene00022406,4,8,12
WBGene00022408,0,7,7
WBGene00022409,3,25,28
WBGene00022410,15,10689,10704
WBGene00022411,12,20,32
WBGene00022412,50,298,348
WBGene00022413,13,135,148
WBGene00022415,11,321,332
WBGene00022416,59,526,585
WBGene00022417,15,281,296
WBGene00022418,54,747,801
WBGene00022419,34,298,332
WBGene00022420,49,1362,1411
WBGene00022421,1,9,10
WBGene00022423,186,145,331
WBGene00022425,239,1180,1419
WBGene00022426,124,825,949
WBGene00022427,227,1053,1280
WBGene00022428,53,481,534
WBGene00022429,0,0,0
WBGene00022431,20,0,20
WBGene00022433,24,1,25
WBGene00022434,708,958,1666
WBGene00022435,172,309,481
WBGene00022438,0,0,0
WBGene00022439,4,21,25
WBGene00022440,7,60,67
WBGene00022441,116,1379,1495
WBGene00022442,1,0,1
WBGene00022443,0,1,1
WBGene00022444,0,0,0
WBGene00022445,2,20,22
WBGene00022446,0,3,3
WBGene00022447,277,130,407
WBGene00022448,119,388,507
WBGene00022450,44,192,236
WBGene00022452,1,211,212
WBGene00022453,333,2901,3234
WBGene00022454,67,27,94
WBGene00022455,28,3164,3192
WBGene00022456,132,3173,3305
WBGene00022457,73,848,921
WBGene00022458,12,3327,3339
WBGene00022459,38,732,770
WBGene00022460,116,1429,1545
WBGene00022462,16,410,426
WBGene00022463,203,2847,3050
WBGene00022465,34,494,528
WBGene00022466,61,1184,1245
WBGene00022467,0,5,5
WBGene00022469,12,154,166
WBGene00022470,441,4735,5176
WBGene00022471,57,407,464
WBGene00022472,107,1300,1407
WBGene00022473,1607,5341,6948
WBGene00022474,10,75,85
WBGene00022475,58,1676,1734
WBGene00022476,1,3,4
WBGene00022477,2,16,18
WBGene00022478,2,12,14
WBGene00022479,7,0,7
WBGene00022481,0,0,0
WBGene00022482,0,0,0
WBGene00022483,0,0,0
WBGene00022484,10,131,141
WBGene00022485,86,282,368
WBGene00022486,10,27,37
WBGene00022487,3,13,16
WBGene00022488,140,1104,1244
WBGene00022489,329,3740,4069
WBGene00022490,14,32,46
WBGene00022491,132,200,332
WBGene00022492,91,3569,3660
WBGene00022493,162,1307,1469
WBGene00022494,134,286,420
WBGene00022495,0,11,11
WBGene00022496,0,0,0
WBGene00022497,0,2529,2529
WBGene00022498,5,15,20
WBGene00022499,319,8539,8858
WBGene00022500,353,6930,7283
WBGene00022501,561,1193,1754
WBGene00022502,61,657,718
WBGene00022503,7,99,106
WBGene00022504,47,58,105
WBGene00022505,1103,825,1928
WBGene00022506,4,23,27
WBGene00022507,18,251,269
WBGene00022508,0,8,8
WBGene00022509,0,1,1
WBGene00022511,8,3,11
WBGene00022512,1,1,2
WBGene00022515,44,1102,1146
WBGene00022516,56,2688,2744
WBGene00022517,44,123,167
WBGene00022518,349,1579,1928
WBGene00022519,298,2451,2749
WBGene00022522,16,102,118
WBGene00022527,53,42,95
WBGene00022528,1,7,8
WBGene00022529,0,3,3
WBGene00022530,13,183,196
WBGene00022531,25,1199,1224
WBGene00022532,6,141,147
WBGene00022533,17,128,145
WBGene00022534,139,1985,2124
WBGene00022536,2,3,5
WBGene00022537,11,83,94
WBGene00022538,181,3346,3527
WBGene00022539,105,2860,2965
WBGene00022540,42,33,75
WBGene00022541,0,2,2
WBGene00022542,0,0,0
WBGene00022543,1,0,1
WBGene00022544,13,14,27
WBGene00022546,5,14,19
WBGene00022547,0,10,10
WBGene00022548,3,2,5
WBGene00022549,11,38,49
WBGene00022550,6,20,26
WBGene00022551,0,1,1
WBGene00022552,0,24,24
WBGene00022553,0,1,1
WBGene00022554,22,543,565
WBGene00022555,0,0,0
WBGene00022556,0,0,0
WBGene00022557,0,6,6
WBGene00022558,0,0,0
WBGene00022559,0,2,2
WBGene00022560,0,11,11
WBGene00022561,0,0,0
WBGene00022562,30,429,459
WBGene00022563,0,0,0
WBGene00022564,34,382,416
WBGene00022565,2,12,14
WBGene00022566,5,7,12
WBGene00022567,35,143,178
WBGene00022568,22,377,399
WBGene00022569,33,1473,1506
WBGene00022570,2,10,12
WBGene00022571,0,1,1
WBGene00022572,0,0,0
WBGene00022573,1,23,24
WBGene00022574,0,56,56
WBGene00022575,0,7,7
WBGene00022576,29,201,230
WBGene00022577,13,138,151
WBGene00022578,2,0,2
WBGene00022579,315,4105,4420
WBGene00022580,100,1090,1190
WBGene00022581,2,27,29
WBGene00022582,0,0,0
WBGene00022583,612,7313,7925
WBGene00022584,31,146,177
WBGene00022586,3,38,41
WBGene00022587,2,15,17
WBGene00022588,43,344,387
WBGene00022589,13,0,13
WBGene00022590,5,74,79
WBGene00022591,64,753,817
WBGene00022592,143,686,829
WBGene00022593,87,523,610
WBGene00022594,6,10,16
WBGene00022596,0,1,1
WBGene00022597,40,373,413
WBGene00022598,116,1753,1869
WBGene00022599,1725,43304,45029
WBGene00022600,1,2,3
WBGene00022601,17,82,99
WBGene00022602,5,0,5
WBGene00022603,92,1698,1790
WBGene00022604,0,0,0
WBGene00022605,2,5,7
WBGene00022606,9,21,30
WBGene00022607,0,0,0
WBGene00022608,128,663,791
WBGene00022609,69,317,386
WBGene00022610,28,152,180
WBGene00022611,14,104,118
WBGene00022612,15,124,139
WBGene00022613,88,609,697
WBGene00022614,60,1412,1472
WBGene00022615,14,1407,1421
WBGene00022616,0,0,0
WBGene00022617,1,1,2
WBGene00022618,171,4979,5150
WBGene00022619,0,50,50
WBGene00022620,84,1420,1504
WBGene00022621,3,0,3
WBGene00022623,3,252,255
WBGene00022624,51,117,168
WBGene00022625,0,0,0
WBGene00022627,5,35,40
WBGene00022628,3,8,11
WBGene00022629,30,287,317
WBGene00022631,11,193,204
WBGene00022632,5,9,14
WBGene00022633,34,353,387
WBGene00022634,3,4,7
WBGene00022635,95,267,362
WBGene00022637,0,0,0
WBGene00022638,0,3,3
WBGene00022639,8,7,15
WBGene00022640,3,5,8
WBGene00022641,3,13,16
WBGene00022642,46,500,546
WBGene00022643,4,24,28
WBGene00022644,24,746,770
WBGene00022645,58,717,775
WBGene00022646,8,1020,1028
WBGene00022647,58,523,581
WBGene00022648,211,309,520
WBGene00022649,6,145,151
WBGene00022650,71,90,161
WBGene00022651,0,2,2
WBGene00022652,1,3,4
WBGene00022653,30,151,181
WBGene00022654,1,0,1
WBGene00022655,4,41,45
WBGene00022656,1,73,74
WBGene00022657,7,759,766
WBGene00022660,0,12,12
WBGene00022661,40,97,137
WBGene00022662,11,32,43
WBGene00022663,80,1168,1248
WBGene00022664,39,945,984
WBGene00022665,40,644,684
WBGene00022666,75,1353,1428
WBGene00022667,215,2028,2243
WBGene00022668,281,1387,1668
WBGene00022669,0,0,0
WBGene00022670,0,1,1
WBGene00022671,7,18,25
WBGene00022672,133,1230,1363
WBGene00022673,48,743,791
WBGene00022674,0,3,3
WBGene00022675,774,1979,2753
WBGene00022677,46,498,544
WBGene00022678,114,7372,7486
WBGene00022679,3,111,114
WBGene00022680,3,32,35
WBGene00022681,49,172,221
WBGene00022682,18,88,106
WBGene00022683,67,632,699
WBGene00022685,2,2,4
WBGene00022689,0,0,0
WBGene00022690,5,10,15
WBGene00022691,3,9,12
WBGene00022692,0,0,0
WBGene00022694,96,1315,1411
WBGene00022695,69,671,740
WBGene00022696,18,132,150
WBGene00022697,178,1837,2015
WBGene00022698,17,82,99
WBGene00022699,2,5,7
WBGene00022700,6,114,120
WBGene00022702,3,566,569
WBGene00022703,148,2229,2377
WBGene00022704,58,854,912
WBGene00022705,20,80,100
WBGene00022706,14,254,268
WBGene00022707,0,3,3
WBGene00022708,0,3,3
WBGene00022709,9,62,71
WBGene00022710,0,4,4
WBGene00022711,6,3,9
WBGene00022712,28,250,278
WBGene00022713,0,1,1
WBGene00022714,1,1,2
WBGene00022715,9,38,47
WBGene00022716,0,0,0
WBGene00022717,116,1159,1275
WBGene00022718,177,2535,2712
WBGene00022719,187,2468,2655
WBGene00022720,7,279,286
WBGene00022721,18,735,753
WBGene00022722,164,3892,4056
WBGene00022723,12,3,15
WBGene00022724,1,2,3
WBGene00022725,3,27,30
WBGene00022726,0,1,1
WBGene00022727,69,954,1023
WBGene00022728,24,3,27
WBGene00022729,0,0,0
WBGene00022730,584,894,1478
WBGene00022731,18,16,34
WBGene00022732,1,21,22
WBGene00022733,109,86,195
WBGene00022734,110,4466,4576
WBGene00022735,12,93,105
WBGene00022736,30,456,486
WBGene00022737,4,408,412
WBGene00022738,310,7372,7682
WBGene00022739,237,3607,3844
WBGene00022741,17,5,22
WBGene00022742,153,3326,3479
WBGene00022743,92,761,853
WBGene00022744,36,107,143
WBGene00022745,1387,12301,13688
WBGene00022746,0,6,6
WBGene00022747,2,35,37
WBGene00022748,173,27434,27607
WBGene00022749,72,2507,2579
WBGene00022750,802,3777,4579
WBGene00022751,0,2,2
WBGene00022752,12,175,187
WBGene00022753,5,5,10
WBGene00022754,0,7,7
WBGene00022756,12,103,115
WBGene00022757,2,0,2
WBGene00022758,0,1,1
WBGene00022759,33,2452,2485
WBGene00022761,0,16,16
WBGene00022762,67,508,575
WBGene00022765,655,9951,10606
WBGene00022766,207,2922,3129
WBGene00022767,16,421,437
WBGene00022769,42,919,961
WBGene00022770,51,1201,1252
WBGene00022771,54,412,466
WBGene00022772,16,83,99
WBGene00022773,155,471,626
WBGene00022774,76,3110,3186
WBGene00022775,2,170,172
WBGene00022776,16,4350,4366
WBGene00022778,1,0,1
WBGene00022780,2,19,21
WBGene00022781,75,3298,3373
WBGene00022782,43,1172,1215
WBGene00022783,293,3272,3565
WBGene00022785,140,1947,2087
WBGene00022786,9,776,785
WBGene00022787,54,1188,1242
WBGene00022788,16,1014,1030
WBGene00022789,6,31,37
WBGene00022790,31,287,318
WBGene00022791,340,3768,4108
WBGene00022792,92,1965,2057
WBGene00022793,38,3952,3990
WBGene00022794,209,4422,4631
WBGene00022795,6,103,109
WBGene00022796,77,582,659
WBGene00022797,28,265,293
WBGene00022798,396,3063,3459
WBGene00022799,1,3,4
WBGene00022800,214,1842,2056
WBGene00022801,113,5427,5540
WBGene00022802,39,572,611
WBGene00022803,58,986,1044
WBGene00022804,1,11,12
WBGene00022805,188,1384,1572
WBGene00022807,10,20,30
WBGene00022808,4,20,24
WBGene00022809,2,8,10
WBGene00022810,25,266,291
WBGene00022811,49,42,91
WBGene00022812,169,2018,2187
WBGene00022813,84,805,889
WBGene00022814,59,619,678
WBGene00022815,15,84,99
WBGene00022816,196,1598,1794
WBGene00022817,291,5630,5921
WBGene00022820,10,1,11
WBGene00022821,0,0,0
WBGene00022822,0,6,6
WBGene00022823,24,1921,1945
WBGene00022824,23,170,193
WBGene00022825,4,222,226
WBGene00022826,1,11,12
WBGene00022827,2,21,23
WBGene00022829,31,49,80
WBGene00022830,24,949,973
WBGene00022831,163,2306,2469
WBGene00022832,93,2178,2271
WBGene00022833,1,0,1
WBGene00022834,3,37,40
WBGene00022835,60,859,919
WBGene00022836,110,2577,2687
WBGene00022837,23,390,413
WBGene00022838,11,57,68
WBGene00022840,2,7,9
WBGene00022842,10,183,193
WBGene00022843,14,31,45
WBGene00022845,0,64,64
WBGene00022846,61,64,125
WBGene00022847,56,229,285
WBGene00022848,46,761,807
WBGene00022849,28,84,112
WBGene00022850,358,1004,1362
WBGene00022851,85,3269,3354
WBGene00022852,2,2538,2540
WBGene00022853,59,3274,3333
WBGene00022854,12,176,188
WBGene00022855,61,5838,5899
WBGene00022856,41,13837,13878
WBGene00022857,31,318,349
WBGene00022858,20,30,50
WBGene00022861,3213,558,3771
WBGene00022862,15,942,957
WBGene00022864,109,5400,5509
WBGene00022865,131,2344,2475
WBGene00022866,4,19,23
WBGene00022867,18,122,140
WBGene00022868,6,165,171
WBGene00022869,0,0,0
WBGene00022870,1,3,4
WBGene00022871,1,3,4
WBGene00022872,9,34,43
WBGene00022873,0,35,35
WBGene00022874,76,1105,1181
WBGene00022875,0,0,0
WBGene00022876,0,4,4
WBGene00022877,3,0,3
WBGene00022880,71,819,890
WBGene00022881,13,645,658
WBGene00022882,49,549,598
WBGene00022883,25,621,646
WBGene00022884,0,30,30
WBGene00022885,50,927,977
WBGene00022886,0,2,2
WBGene00022887,38,814,852
WBGene00022888,1,1,2
WBGene00022889,0,1,1
WBGene00022890,0,4,4
WBGene00022891,1,14,15
WBGene00022892,0,0,0
WBGene00022893,32,101,133
WBGene00023067,5855,12238,18093
WBGene00023068,133412,222265,355677
WBGene00023172,13,46,59
WBGene00023186,2,0,2
WBGene00023284,2,292,294
WBGene00023404,34,302,336
WBGene00023405,198,2985,3183
WBGene00023407,27,1293,1320
WBGene00023408,414,12416,12830
WBGene00023409,101,1399,1500
WBGene00023410,0,0,0
WBGene00023411,1,2,3
WBGene00023413,4,13,17
WBGene00023414,123,500,623
WBGene00023415,19,102,121
WBGene00023416,36,674,710
WBGene00023417,16,1269,1285
WBGene00023418,4,744,748
WBGene00023419,77,1510,1587
WBGene00023420,0,13,13
WBGene00023421,17,583,600
WBGene00023422,148,2044,2192
WBGene00023423,49,49,98
WBGene00023424,0,2,2
WBGene00023425,1,1,2
WBGene00023427,8,50,58
WBGene00023431,363,485,848
WBGene00023432,11,230,241
WBGene00023450,79,433,512
WBGene00023451,20,33,53
WBGene00023458,139,961,1100
WBGene00023459,0,2,2
WBGene00023460,12,189,201
WBGene00023462,3,40,43
WBGene00023463,1,0,1
WBGene00023474,2,0,2
WBGene00023475,7,1,8
WBGene00023477,0,60,60
WBGene00023478,2,5,7
WBGene00023479,0,2,2
WBGene00023483,1,1,2
WBGene00023484,0,0,0
WBGene00023485,0,86,86
WBGene00023486,16,242,258
WBGene00023487,159,6770,6929
WBGene00023489,406,499,905
WBGene00023490,6,38,44
WBGene00023491,140,775,915
WBGene00023492,5,32,37
WBGene00023493,2,425,427
WBGene00023497,62,1466,1528
WBGene00023498,32,852,884
WBGene00023499,0,5,5
WBGene00023500,88,1102,1190
WBGene00023501,6,80,86
WBGene00023502,109,799,908
WBGene00023503,12,50,62
WBGene00023504,79,662,741
WBGene00023505,2,2,4
WBGene00023506,0,4,4
WBGene00023508,0,0,0
WBGene00023513,0,1,1
WBGene00023514,0,0,0
WBGene00023515,173,84,257
WBGene00023517,1,3,4
WBGene00023518,0,0,0
WBGene00023519,16,31,47
WBGene00023520,47,364,411
WBGene00043049,6,67,73
WBGene00043050,315,3110,3425
WBGene00043051,109,624,733
WBGene00043052,0,1,1
WBGene00043054,4,117,121
WBGene00043056,125,346,471
WBGene00043057,67,673,740
WBGene00043058,1,0,1
WBGene00043059,2,3,5
WBGene00043060,260,2145,2405
WBGene00043061,15,19,34
WBGene00043062,5,101,106
WBGene00043064,26,4936,4962
WBGene00043065,6,47,53
WBGene00043066,9,80,89
WBGene00043067,15,295,310
WBGene00043068,21,207,228
WBGene00043069,44,79,123
WBGene00043097,114,3163,3277
WBGene00043120,12,115,127
WBGene00043147,0,9,9
WBGene00043156,77,1523,1600
WBGene00043187,0,0,0
WBGene00043279,50,405,455
WBGene00043297,223,651,874
WBGene00043302,260,3441,3701
WBGene00043308,5,171,176
WBGene00043327,0,0,0
WBGene00043328,0,0,0
WBGene00043466,0,2,2
WBGene00043469,0,0,0
WBGene00043534,33,40,73
WBGene00043666,0,6,6
WBGene00043702,0,45,45
WBGene00043705,20,81,101
WBGene00043743,0,0,0
WBGene00043948,0,0,0
WBGene00043952,37,11,48
WBGene00043980,1,0,1
WBGene00043981,20,17,37
WBGene00043982,184,2518,2702
WBGene00043983,7,188,195
WBGene00043984,0,1,1
WBGene00043985,21,445,466
WBGene00043986,1,1,2
WBGene00043988,0,0,0
WBGene00043989,0,0,0
WBGene00043990,0,0,0
WBGene00043992,60,241,301
WBGene00043994,26,869,895
WBGene00043995,33,149,182
WBGene00043996,0,14,14
WBGene00043997,29,198,227
WBGene00043998,5,63,68
WBGene00044001,58,2454,2512
WBGene00044002,0,1,1
WBGene00044003,0,1,1
WBGene00044004,0,81,81
WBGene00044005,0,1,1
WBGene00044006,77,1018,1095
WBGene00044007,85,526,611
WBGene00044008,83,1345,1428
WBGene00044009,35,214,249
WBGene00044011,0,3,3
WBGene00044012,1,2,3
WBGene00044013,0,0,0
WBGene00044014,0,1,1
WBGene00044016,2,46,48
WBGene00044018,0,3,3
WBGene00044019,59,409,468
WBGene00044020,2,36,38
WBGene00044021,30,291,321
WBGene00044024,7,33,40
WBGene00044025,68,1166,1234
WBGene00044026,47,5319,5366
WBGene00044027,1,7,8
WBGene00044028,8,112,120
WBGene00044029,49,863,912
WBGene00044030,4,3,7
WBGene00044031,0,5,5
WBGene00044032,8,85,93
WBGene00044034,9,31,40
WBGene00044035,4,93,97
WBGene00044043,0,8,8
WBGene00044044,0,1,1
WBGene00044045,898,160,1058
WBGene00044047,0,1,1
WBGene00044048,10,7,17
WBGene00044049,962,7557,8519
WBGene00044058,14,94,108
WBGene00044059,1,7,8
WBGene00044061,114,1056,1170
WBGene00044062,0,3,3
WBGene00044063,39,2626,2665
WBGene00044065,117,269,386
WBGene00044066,0,15,15
WBGene00044067,9,164,173
WBGene00044068,475,7715,8190
WBGene00044069,27,1343,1370
WBGene00044070,505,8653,9158
WBGene00044071,62,850,912
WBGene00044072,182,1882,2064
WBGene00044073,18,181,199
WBGene00044074,3,14,17
WBGene00044077,119,1964,2083
WBGene00044078,701,7133,7834
WBGene00044079,751,9211,9962
WBGene00044080,0,2,2
WBGene00044081,3,1,4
WBGene00044082,79,1849,1928
WBGene00044083,77,205,282
WBGene00044084,2,4,6
WBGene00044086,0,0,0
WBGene00044087,1,0,1
WBGene00044088,0,0,0
WBGene00044089,0,0,0
WBGene00044090,0,2,2
WBGene00044091,8,12,20
WBGene00044092,16,2,18
WBGene00044094,86,1673,1759
WBGene00044099,0,0,0
WBGene00044100,0,0,0
WBGene00044105,0,0,0
WBGene00044106,1,2,3
WBGene00044107,19,332,351
WBGene00044109,0,5,5
WBGene00044112,1,2,3
WBGene00044113,0,8,8
WBGene00044114,0,0,0
WBGene00044115,2,2,4
WBGene00044116,2,0,2
WBGene00044117,0,9,9
WBGene00044120,21,53,74
WBGene00044121,1,5,6
WBGene00044122,47,25,72
WBGene00044124,2,2,4
WBGene00044125,41,12,53
WBGene00044127,0,1,1
WBGene00044131,0,0,0
WBGene00044132,24,224,248
WBGene00044133,0,0,0
WBGene00044134,53,653,706
WBGene00044135,11,168,179
WBGene00044136,1,3,4
WBGene00044137,0,66,66
WBGene00044138,34,214,248
WBGene00044139,15,204,219
WBGene00044140,0,1,1
WBGene00044141,6,18,24
WBGene00044142,6,24,30
WBGene00044143,240,1086,1326
WBGene00044144,4,362,366
WBGene00044145,2,5,7
WBGene00044146,0,0,0
WBGene00044147,2,35,37
WBGene00044148,2,7,9
WBGene00044149,2,6,8
WBGene00044150,7,24,31
WBGene00044151,122,1159,1281
WBGene00044152,21,187,208
WBGene00044153,34,34,68
WBGene00044154,3,23,26
WBGene00044156,10,166,176
WBGene00044157,4,3,7
WBGene00044158,8,4,12
WBGene00044159,0,0,0
WBGene00044160,16,10,26
WBGene00044162,0,1,1
WBGene00044163,37,121,158
WBGene00044164,0,0,0
WBGene00044166,8,49,57
WBGene00044167,29,396,425
WBGene00044169,2,31,33
WBGene00044174,3,128,131
WBGene00044175,6,158,164
WBGene00044176,81,2177,2258
WBGene00044177,1,0,1
WBGene00044178,0,2,2
WBGene00044179,0,0,0
WBGene00044180,49,101,150
WBGene00044181,3,17,20
WBGene00044182,3,4,7
WBGene00044183,0,1,1
WBGene00044184,1,8,9
WBGene00044185,0,0,0
WBGene00044187,1536,31,1567
WBGene00044188,37,521,558
WBGene00044189,1,10,11
WBGene00044191,82,1038,1120
WBGene00044192,0,3,3
WBGene00044193,0,22,22
WBGene00044194,0,0,0
WBGene00044195,1,4,5
WBGene00044197,0,36,36
WBGene00044198,0,8,8
WBGene00044199,1,0,1
WBGene00044200,73,285,358
WBGene00044201,0,9,9
WBGene00044202,0,4,4
WBGene00044203,1,15,16
WBGene00044204,29,732,761
WBGene00044205,0,37,37
WBGene00044206,4,83,87
WBGene00044207,0,1,1
WBGene00044208,1,1,2
WBGene00044210,91,699,790
WBGene00044211,3,8,11
WBGene00044212,2,2,4
WBGene00044213,2,33,35
WBGene00044215,0,0,0
WBGene00044218,2,140,142
WBGene00044221,2,146,148
WBGene00044222,0,3,3
WBGene00044225,0,4,4
WBGene00044227,2,8,10
WBGene00044228,12,19,31
WBGene00044230,2,3,5
WBGene00044232,13,3,16
WBGene00044233,179,665,844
WBGene00044235,0,1,1
WBGene00044236,7,760,767
WBGene00044237,1,2,3
WBGene00044238,21,47,68
WBGene00044239,69,359,428
WBGene00044240,37,73,110
WBGene00044241,3,98,101
WBGene00044242,0,0,0
WBGene00044243,0,7,7
WBGene00044244,0,6,6
WBGene00044245,0,15,15
WBGene00044246,0,1,1
WBGene00044247,0,2,2
WBGene00044249,0,4,4
WBGene00044250,3,14,17
WBGene00044251,14,143,157
WBGene00044253,21,339,360
WBGene00044254,0,4,4
WBGene00044256,11,2,13
WBGene00044257,2,6,8
WBGene00044258,24,197,221
WBGene00044259,0,9,9
WBGene00044260,75,5549,5624
WBGene00044261,2,5,7
WBGene00044263,0,0,0
WBGene00044264,1,9,10
WBGene00044265,17,40,57
WBGene00044266,0,0,0
WBGene00044271,0,0,0
WBGene00044272,0,2,2
WBGene00044273,0,0,0
WBGene00044274,0,0,0
WBGene00044275,0,0,0
WBGene00044278,0,1,1
WBGene00044280,514,467,981
WBGene00044281,4,7,11
WBGene00044282,1,0,1
WBGene00044283,573,2516,3089
WBGene00044284,0,4,4
WBGene00044286,2,2,4
WBGene00044287,6,31,37
WBGene00044288,1,34,35
WBGene00044289,5,244,249
WBGene00044290,111,133,244
WBGene00044291,9,84,93
WBGene00044292,23,53,76
WBGene00044293,1,4,5
WBGene00044294,182,1575,1757
WBGene00044295,4,61,65
WBGene00044296,20,396,416
WBGene00044297,7,94,101
WBGene00044298,0,1,1
WBGene00044299,3,49,52
WBGene00044300,4,24,28
WBGene00044301,129,2172,2301
WBGene00044302,1,1,2
WBGene00044303,6,131,137
WBGene00044304,134,384,518
WBGene00044305,57,2246,2303
WBGene00044306,1,3,4
WBGene00044307,0,1,1
WBGene00044310,62,612,674
WBGene00044311,30,128,158
WBGene00044312,12,47,59
WBGene00044313,2,36,38
WBGene00044314,0,3,3
WBGene00044315,0,4,4
WBGene00044316,32,230,262
WBGene00044317,1,14,15
WBGene00044318,80,4213,4293
WBGene00044319,8,423,431
WBGene00044321,470,4668,5138
WBGene00044322,12,1006,1018
WBGene00044323,95,1546,1641
WBGene00044324,20,8361,8381
WBGene00044325,52,1151,1203
WBGene00044326,175,2018,2193
WBGene00044329,58,1402,1460
WBGene00044330,11,458,469
WBGene00044331,0,0,0
WBGene00044332,0,2,2
WBGene00044333,3,4,7
WBGene00044337,0,0,0
WBGene00044338,9,877,886
WBGene00044339,0,86,86
WBGene00044340,0,2,2
WBGene00044341,0,292,292
WBGene00044342,117,304,421
WBGene00044344,34,3242,3276
WBGene00044345,57,895,952
WBGene00044346,0,0,0
WBGene00044347,5,13,18
WBGene00044348,224,154,378
WBGene00044349,5,6,11
WBGene00044350,105,642,747
WBGene00044352,1,0,1
WBGene00044353,3,61,64
WBGene00044354,4,84,88
WBGene00044355,3,184,187
WBGene00044356,0,2,2
WBGene00044357,0,0,0
WBGene00044358,4,4,8
WBGene00044359,0,1,1
WBGene00044360,0,2,2
WBGene00044361,1,1,2
WBGene00044362,0,0,0
WBGene00044363,11,134,145
WBGene00044364,0,1,1
WBGene00044365,0,0,0
WBGene00044366,0,7,7
WBGene00044367,12,303,315
WBGene00044368,282,30,312
WBGene00044369,0,5,5
WBGene00044370,0,0,0
WBGene00044371,0,2,2
WBGene00044372,0,2,2
WBGene00044373,9,466,475
WBGene00044374,1,10,11
WBGene00044375,0,0,0
WBGene00044376,0,19,19
WBGene00044377,0,1,1
WBGene00044378,0,0,0
WBGene00044379,0,0,0
WBGene00044380,5,17,22
WBGene00044381,34,62,96
WBGene00044382,1,45,46
WBGene00044383,0,3,3
WBGene00044384,9,0,9
WBGene00044385,2,5,7
WBGene00044386,1,12,13
WBGene00044387,110,2545,2655
WBGene00044388,0,0,0
WBGene00044389,434,7275,7709
WBGene00044390,0,5,5
WBGene00044391,141,108,249
WBGene00044392,19,232,251
WBGene00044393,0,0,0
WBGene00044394,2,66,68
WBGene00044395,11,63,74
WBGene00044396,9,584,593
WBGene00044399,0,0,0
WBGene00044401,120,2501,2621
WBGene00044402,2,5,7
WBGene00044403,8,30,38
WBGene00044406,20,494,514
WBGene00044409,8,59,67
WBGene00044410,37,335,372
WBGene00044411,96,867,963
WBGene00044413,952,370,1322
WBGene00044414,18,90,108
WBGene00044415,0,0,0
WBGene00044416,0,0,0
WBGene00044417,0,11,11
WBGene00044418,252,1484,1736
WBGene00044419,3,3,6
WBGene00044420,12,522,534
WBGene00044421,27,194,221
WBGene00044423,10,283,293
WBGene00044424,3,25,28
WBGene00044425,0,0,0
WBGene00044427,7,36,43
WBGene00044428,40,8,48
WBGene00044429,1,0,1
WBGene00044431,145,1170,1315
WBGene00044432,1,5,6
WBGene00044433,112,683,795
WBGene00044434,3,4,7
WBGene00044435,0,97,97
WBGene00044436,7,393,400
WBGene00044437,41,54,95
WBGene00044438,99,576,675
WBGene00044439,17,11,28
WBGene00044440,56,150,206
WBGene00044441,0,2,2
WBGene00044442,6,171,177
WBGene00044443,178,5669,5847
WBGene00044444,3,4,7
WBGene00044445,91,559,650
WBGene00044446,2,15,17
WBGene00044447,0,1,1
WBGene00044448,1,41,42
WBGene00044449,0,4,4
WBGene00044450,0,0,0
WBGene00044451,0,1,1
WBGene00044452,205,3024,3229
WBGene00044453,13,40,53
WBGene00044454,0,0,0
WBGene00044455,2,14,16
WBGene00044457,3,92,95
WBGene00044458,0,7,7
WBGene00044459,30,108,138
WBGene00044460,0,5,5
WBGene00044461,27,16,43
WBGene00044462,48,159,207
WBGene00044463,12,149,161
WBGene00044464,17,53,70
WBGene00044466,14,826,840
WBGene00044467,240,1608,1848
WBGene00044468,12,203,215
WBGene00044469,1,18,19
WBGene00044470,2,7,9
WBGene00044471,4,54,58
WBGene00044472,21,83,104
WBGene00044473,0,0,0
WBGene00044474,0,2,2
WBGene00044475,0,0,0
WBGene00044476,0,1,1
WBGene00044477,14,138,152
WBGene00044478,7,96,103
WBGene00044479,6,14,20
WBGene00044480,0,9,9
WBGene00044481,11,31,42
WBGene00044482,55,349,404
WBGene00044483,9,911,920
WBGene00044484,73,1042,1115
WBGene00044485,33,295,328
WBGene00044486,2,16,18
WBGene00044487,15,110,125
WBGene00044488,29,112,141
WBGene00044489,0,3,3
WBGene00044490,0,1,1
WBGene00044491,1,2,3
WBGene00044492,7,7,14
WBGene00044493,18,622,640
WBGene00044495,54,122,176
WBGene00044498,1,0,1
WBGene00044499,0,14,14
WBGene00044500,110,1030,1140
WBGene00044501,41,4,45
WBGene00044502,4,101,105
WBGene00044504,15,72,87
WBGene00044505,17,40,57
WBGene00044508,115,1371,1486
WBGene00044509,8,837,845
WBGene00044510,12,108,120
WBGene00044511,7,78,85
WBGene00044512,4,203,207
WBGene00044513,83,575,658
WBGene00044514,277,9172,9449
WBGene00044516,3,0,3
WBGene00044518,0,0,0
WBGene00044519,4,0,4
WBGene00044520,0,6,6
WBGene00044521,0,6,6
WBGene00044524,0,0,0
WBGene00044525,45,210,255
WBGene00044526,3,45,48
WBGene00044527,5,127,132
WBGene00044528,23,35,58
WBGene00044529,9,17,26
WBGene00044530,1,31,32
WBGene00044531,13,2,15
WBGene00044533,1,6,7
WBGene00044534,22,32,54
WBGene00044535,1,10,11
WBGene00044536,24,525,549
WBGene00044537,0,0,0
WBGene00044538,0,0,0
WBGene00044539,2,11,13
WBGene00044541,1,5,6
WBGene00044542,26,12,38
WBGene00044543,0,0,0
WBGene00044544,217,389,606
WBGene00044545,0,10,10
WBGene00044546,1,5,6
WBGene00044547,0,50,50
WBGene00044548,0,3,3
WBGene00044549,1,0,1
WBGene00044550,2,0,2
WBGene00044551,2,35,37
WBGene00044552,0,23,23
WBGene00044553,19,1723,1742
WBGene00044554,19,51,70
WBGene00044555,1,1,2
WBGene00044556,5,251,256
WBGene00044557,53,151,204
WBGene00044558,0,0,0
WBGene00044559,80,162,242
WBGene00044560,8,2,10
WBGene00044561,0,0,0
WBGene00044562,0,30,30
WBGene00044563,13,4,17
WBGene00044564,3,5,8
WBGene00044565,0,0,0
WBGene00044566,43,4,47
WBGene00044567,3,6,9
WBGene00044568,58,530,588
WBGene00044569,2,1,3
WBGene00044570,526,57,583
WBGene00044571,52,13,65
WBGene00044572,7,1,8
WBGene00044573,0,0,0
WBGene00044574,7,7,14
WBGene00044575,0,4,4
WBGene00044577,0,0,0
WBGene00044578,0,34,34
WBGene00044579,1,1,2
WBGene00044580,0,0,0
WBGene00044581,0,0,0
WBGene00044582,25,680,705
WBGene00044583,17,0,17
WBGene00044584,169,1169,1338
WBGene00044586,0,44,44
WBGene00044587,1,3,4
WBGene00044588,36,142,178
WBGene00044589,3,11,14
WBGene00044602,0,3,3
WBGene00044603,57,215,272
WBGene00044604,22,512,534
WBGene00044605,458,3498,3956
WBGene00044607,8,74,82
WBGene00044608,26,960,986
WBGene00044609,289,530,819
WBGene00044610,0,7,7
WBGene00044611,9,28,37
WBGene00044612,14,183,197
WBGene00044614,46,507,553
WBGene00044615,55,433,488
WBGene00044616,0,12,12
WBGene00044617,6,54,60
WBGene00044618,3,173,176
WBGene00044620,19,230,249
WBGene00044623,24,1026,1050
WBGene00044630,87,1160,1247
WBGene00044631,36,262,298
WBGene00044633,1,37,38
WBGene00044634,1,6,7
WBGene00044636,69,1468,1537
WBGene00044637,36,149,185
WBGene00044638,0,328,328
WBGene00044640,130,1292,1422
WBGene00044641,366,66,432
WBGene00044643,4,564,568
WBGene00044644,133,1029,1162
WBGene00044645,3,15,18
WBGene00044646,8,20,28
WBGene00044648,25,439,464
WBGene00044649,21,17,38
WBGene00044650,959,1163,2122
WBGene00044651,321,480,801
WBGene00044653,13,5,18
WBGene00044654,2,35,37
WBGene00044655,0,5,5
WBGene00044658,4,99,103
WBGene00044659,3,14,17
WBGene00044661,1,26,27
WBGene00044662,2,10,12
WBGene00044663,0,35,35
WBGene00044664,2,2,4
WBGene00044665,5,3,8
WBGene00044666,88,1991,2079
WBGene00044667,3,32,35
WBGene00044668,0,1,1
WBGene00044669,4,8,12
WBGene00044672,5,67,72
WBGene00044673,0,6,6
WBGene00044674,1,3,4
WBGene00044675,20,201,221
WBGene00044676,0,63,63
WBGene00044677,522,918,1440
WBGene00044678,6,34,40
WBGene00044679,17,296,313
WBGene00044680,0,4,4
WBGene00044681,668,739,1407
WBGene00044683,0,6,6
WBGene00044684,1,14,15
WBGene00044686,36,1979,2015
WBGene00044687,1,3,4
WBGene00044689,253,1286,1539
WBGene00044690,37,342,379
WBGene00044692,0,1,1
WBGene00044693,0,0,0
WBGene00044694,0,1,1
WBGene00044696,36,330,366
WBGene00044697,5,49,54
WBGene00044698,85,2760,2845
WBGene00044699,3,105,108
WBGene00044701,88,685,773
WBGene00044705,19,119,138
WBGene00044707,0,0,0
WBGene00044708,5,0,5
WBGene00044709,0,0,0
WBGene00044711,0,0,0
WBGene00044719,2,19,21
WBGene00044720,0,12,12
WBGene00044723,3,17,20
WBGene00044724,17,342,359
WBGene00044725,17,218,235
WBGene00044726,14,2,16
WBGene00044732,3,70,73
WBGene00044733,0,4,4
WBGene00044734,0,0,0
WBGene00044735,0,0,0
WBGene00044736,69,314,383
WBGene00044737,1111,12350,13461
WBGene00044738,15,14,29
WBGene00044741,1,5,6
WBGene00044742,24,201,225
WBGene00044743,23,747,770
WBGene00044744,0,3,3
WBGene00044745,93,426,519
WBGene00044746,517,2082,2599
WBGene00044753,7,2,9
WBGene00044754,6,1,7
WBGene00044755,2,1,3
WBGene00044756,22,121,143
WBGene00044757,12,62,74
WBGene00044758,5,68,73
WBGene00044759,0,1,1
WBGene00044760,15,93,108
WBGene00044761,4,33,37
WBGene00044762,42,1113,1155
WBGene00044763,10,8,18
WBGene00044767,3,210,213
WBGene00044770,22,252,274
WBGene00044771,22,152,174
WBGene00044772,9,745,754
WBGene00044773,0,1,1
WBGene00044774,216,1322,1538
WBGene00044775,0,0,0
WBGene00044776,6,54,60
WBGene00044777,0,0,0
WBGene00044778,0,0,0
WBGene00044779,15,105,120
WBGene00044780,16,5,21
WBGene00044783,0,2,2
WBGene00044784,25,2989,3014
WBGene00044786,0,0,0
WBGene00044788,9,31,40
WBGene00044789,26,2541,2567
WBGene00044790,35,730,765
WBGene00044791,0,17,17
WBGene00044792,32,84,116
WBGene00044794,0,0,0
WBGene00044795,10,270,280
WBGene00044796,0,1,1
WBGene00044797,1,119,120
WBGene00044798,2,0,2
WBGene00044799,0,99,99
WBGene00044801,0,0,0
WBGene00044802,0,0,0
WBGene00044803,21,28,49
WBGene00044805,2,3,5
WBGene00044807,0,14,14
WBGene00044810,0,0,0
WBGene00044811,51,637,688
WBGene00044889,0,0,0
WBGene00044891,77,1113,1190
WBGene00044892,0,6,6
WBGene00044894,29,382,411
WBGene00044895,15,8,23
WBGene00044896,17,6,23
WBGene00044897,2,33,35
WBGene00044898,12,15,27
WBGene00044900,3,39,42
WBGene00044901,0,148,148
WBGene00044903,79,269,348
WBGene00044906,3,281,284
WBGene00044908,3,5,8
WBGene00044911,7,1,8
WBGene00044912,3,2,5
WBGene00044916,147,2408,2555
WBGene00044917,1,19,20
WBGene00044921,199,5064,5263
WBGene00044922,26,592,618
WBGene00044924,112,468,580
WBGene00044949,55,862,917
WBGene00044953,5,8,13
WBGene00044977,55,1771,1826
WBGene00044978,1,4,5
WBGene00044979,14,36,50
WBGene00044987,32,210,242
WBGene00044988,0,645,645
WBGene00044989,352,2912,3264
WBGene00044990,90,1714,1804
WBGene00044991,11,389,400
WBGene00044998,0,0,0
WBGene00045013,13,91,104
WBGene00045024,3,33,36
WBGene00045036,4,23,27
WBGene00045038,0,0,0
WBGene00045048,0,125,125
WBGene00045050,5,191,196
WBGene00045052,14,48,62
WBGene00045053,17,21,38
WBGene00045056,71,961,1032
WBGene00045058,6,43,49
WBGene00045060,4,1,5
WBGene00045061,0,0,0
WBGene00045063,173,443,616
WBGene00045067,4,35,39
WBGene00045069,0,1,1
WBGene00045078,197,2420,2617
WBGene00045096,0,375,375
WBGene00045101,2,1,3
WBGene00045103,1,0,1
WBGene00045108,1,5,6
WBGene00045122,0,0,0
WBGene00045128,0,0,0
WBGene00045144,2,1,3
WBGene00045146,15,46,61
WBGene00045177,3,4,7
WBGene00045178,0,25,25
WBGene00045180,0,2,2
WBGene00045183,7,70,77
WBGene00045190,42,386,428
WBGene00045192,1,1096,1097
WBGene00045195,75,52,127
WBGene00045198,0,5,5
WBGene00045207,3,13,16
WBGene00045208,0,4018,4018
WBGene00045209,0,6,6
WBGene00045210,26,111,137
WBGene00045211,0,3,3
WBGene00045212,37,159,196
WBGene00045215,19,84,103
WBGene00045234,3,8,11
WBGene00045237,20,341,361
WBGene00045239,1,1,2
WBGene00045242,0,5,5
WBGene00045245,1,6,7
WBGene00045246,51,757,808
WBGene00045247,9,20,29
WBGene00045248,73,111,184
WBGene00045249,124,3011,3135
WBGene00045250,17,72,89
WBGene00045251,0,0,0
WBGene00045252,17,74,91
WBGene00045253,47,386,433
WBGene00045255,215,872,1087
WBGene00045261,1,11,12
WBGene00045265,0,6,6
WBGene00045268,0,1,1
WBGene00045269,0,11,11
WBGene00045270,9,0,9
WBGene00045271,0,24,24
WBGene00045272,0,36552,36552
WBGene00045275,0,472,472
WBGene00045276,0,2739,2739
WBGene00045277,101,885,986
WBGene00045283,0,7,7
WBGene00045289,55,8,63
WBGene00045291,1,11,12
WBGene00045292,3,16,19
WBGene00045295,3,212,215
WBGene00045297,6,31,37
WBGene00045298,0,0,0
WBGene00045299,0,0,0
WBGene00045300,0,0,0
WBGene00045301,0,0,0
WBGene00045302,0,0,0
WBGene00045303,0,0,0
WBGene00045304,1,3,4
WBGene00045305,0,835,835
WBGene00045306,0,0,0
WBGene00045308,3,4,7
WBGene00045331,7,58,65
WBGene00045336,35,489,524
WBGene00045337,1,14,15
WBGene00045338,0,0,0
WBGene00045339,0,25,25
WBGene00045340,38,171,209
WBGene00045344,0,1,1
WBGene00045355,5,7,12
WBGene00045356,4,15,19
WBGene00045357,36,347,383
WBGene00045361,0,0,0
WBGene00045362,0,0,0
WBGene00045364,2,1,3
WBGene00045365,1,40,41
WBGene00045379,14,469,483
WBGene00045380,0,0,0
WBGene00045381,1,0,1
WBGene00045382,3,27,30
WBGene00045385,4,32,36
WBGene00045386,56,485,541
WBGene00045387,46,553,599
WBGene00045390,78,1575,1653
WBGene00045392,65,670,735
WBGene00045393,4,39,43
WBGene00045394,0,2,2
WBGene00045395,8,59,67
WBGene00045396,16,377,393
WBGene00045397,42,225,267
WBGene00045398,4,2,6
WBGene00045399,2,17,19
WBGene00045400,11,63,74
WBGene00045401,2,12,14
WBGene00045402,0,0,0
WBGene00045403,39,495,534
WBGene00045405,12,42,54
WBGene00045406,0,3,3
WBGene00045407,102,1086,1188
WBGene00045411,28,962,990
WBGene00045412,1,203,204
WBGene00045413,3,2,5
WBGene00045414,2,2,4
WBGene00045415,0,16,16
WBGene00045416,1,8,9
WBGene00045417,1,1,2
WBGene00045418,83,3784,3867
WBGene00045419,361,3094,3455
WBGene00045433,85,1707,1792
WBGene00045434,63,473,536
WBGene00045455,3,93,96
WBGene00045456,1,1,2
WBGene00045457,0,82,82
WBGene00045458,1,27,28
WBGene00045459,0,0,0
WBGene00045460,0,9,9
WBGene00045461,10,154,164
WBGene00045468,1,4,5
WBGene00045473,2,10,12
WBGene00045474,2,11,13
WBGene00045475,13,22,35
WBGene00045480,28,17,45
WBGene00045481,2,7,9
WBGene00045482,33,195,228
WBGene00045483,473,9232,9705
WBGene00045484,14,44,58
WBGene00045486,0,0,0
WBGene00045488,0,35,35
WBGene00045490,0,0,0
WBGene00045493,3,4,7
WBGene00045494,5,20,25
WBGene00045495,103,822,925
WBGene00045497,2,53,55
WBGene00045498,0,1,1
WBGene00045500,2,12,14
WBGene00045501,0,1,1
WBGene00045506,1,0,1
WBGene00045507,2,1259,1261
WBGene00045508,1,1,2
WBGene00045510,3,28,31
WBGene00045511,6,29,35
WBGene00045513,5,0,5
WBGene00045515,0,1,1
WBGene00045517,117,995,1112
WBGene00050875,20,212,232
WBGene00050879,0,0,0
WBGene00050880,7,0,7
WBGene00050881,1,0,1
WBGene00050884,114,990,1104
WBGene00050885,67,628,695
WBGene00050889,40,241,281
WBGene00050891,16,4,20
WBGene00050892,0,0,0
WBGene00050893,0,0,0
WBGene00050894,0,0,0
WBGene00050896,0,0,0
WBGene00050898,0,0,0
WBGene00050899,7,437,444
WBGene00050904,1,32,33
WBGene00050906,0,1,1
WBGene00050907,0,0,0
WBGene00050910,1,3,4
WBGene00050911,0,3,3
WBGene00050913,0,0,0
WBGene00050914,0,0,0
WBGene00050915,1,14,15
WBGene00050916,2,28,30
WBGene00050917,24,129,153
WBGene00050919,2,7,9
WBGene00050929,0,0,0
WBGene00050931,1,12,13
WBGene00050934,2,34,36
WBGene00050936,0,0,0
WBGene00050937,18,552,570
WBGene00050939,0,1635,1635
WBGene00050940,0,6,6
WBGene00050941,10,1072,1082
WBGene00050943,30,311,341
WBGene00050944,92,2122,2214
WBGene00050947,8,564,572
WBGene00050955,1,0,1
WBGene00050956,0,0,0
WBGene00050957,0,4,4
WBGene00050959,0,0,0
WBGene00050965,0,1,1
WBGene00050967,2,13,15
WBGene00050968,0,0,0
WBGene00050974,0,7,7
WBGene00050975,1,3,4
WBGene00077439,1,68,69
WBGene00077445,0,0,0
WBGene00077450,3,3,6
WBGene00077453,24,704,728
WBGene00077455,7,29,36
WBGene00077464,0,1,1
WBGene00077489,2,14,16
WBGene00077490,21,394,415
WBGene00077491,2,73,75
WBGene00077492,0,0,0
WBGene00077493,0,1,1
WBGene00077495,0,2,2
WBGene00077497,112,138,250
WBGene00077500,24,274,298
WBGene00077503,1,1,2
WBGene00077508,22,18,40
WBGene00077514,1,1,2
WBGene00077519,0,4,4
WBGene00077520,42,441,483
WBGene00077521,1,302,303
WBGene00077522,0,39,39
WBGene00077523,2,3,5
WBGene00077525,92,12,104
WBGene00077526,0,21524,21524
WBGene00077531,2,9,11
WBGene00077536,4,65,69
WBGene00077538,4,27,31
WBGene00077539,119,42,161
WBGene00077543,4,30,34
WBGene00077546,2,10,12
WBGene00077548,0,1,1
WBGene00077553,69,55,124
WBGene00077557,16,56,72
WBGene00077558,15,36,51
WBGene00077559,5,39,44
WBGene00077562,2,1,3
WBGene00077563,11,26,37
WBGene00077565,1,5,6
WBGene00077569,7,12,19
WBGene00077573,9,237,246
WBGene00077576,0,0,0
WBGene00077577,3,157,160
WBGene00077582,3,8,11
WBGene00077583,1,4,5
WBGene00077585,37,88,125
WBGene00077588,0,16,16
WBGene00077592,2,5,7
WBGene00077593,3,12,15
WBGene00077599,18,209,227
WBGene00077607,3,0,3
WBGene00077616,7,39,46
WBGene00077622,0,5,5
WBGene00077624,0,0,0
WBGene00077640,0,1,1
WBGene00077643,35,643,678
WBGene00077655,0,2,2
WBGene00077658,57,553,610
WBGene00077663,0,0,0
WBGene00077669,120,354,474
WBGene00077673,0,0,0
WBGene00077674,1,11,12
WBGene00077679,3,37,40
WBGene00077680,0,14,14
WBGene00077681,8,65,73
WBGene00077682,3,3,6
WBGene00077684,1,5,6
WBGene00077685,0,0,0
WBGene00077688,0,1,1
WBGene00077690,21,990,1011
WBGene00077691,0,17,17
WBGene00077692,7,57,64
WBGene00077693,156,4619,4775
WBGene00077696,59,77,136
WBGene00077697,97,93,190
WBGene00077698,87,344,431
WBGene00077699,4,42,46
WBGene00077701,21,338,359
WBGene00077703,7,12,19
WBGene00077704,1,21,22
WBGene00077712,18,198,216
WBGene00077714,2,11,13
WBGene00077728,0,1335,1335
WBGene00077732,7,226,233
WBGene00077751,11,2,13
WBGene00077752,12,98,110
WBGene00077756,1,22,23
WBGene00077757,9,78,87
WBGene00077758,1,2,3
WBGene00077759,3,3,6
WBGene00077761,96,2672,2768
WBGene00077762,0,11,11
WBGene00077763,4,45,49
WBGene00077764,0,329,329
WBGene00077766,0,0,0
WBGene00077768,2,29,31
WBGene00077769,2,28,30
WBGene00077770,4,27,31
WBGene00077771,1079,18627,19706
WBGene00077773,0,196,196
WBGene00077775,61,445,506
WBGene00077782,4,8,12
WBGene00077783,4,53,57
WBGene00077786,164,225,389
WBGene00077788,9,12,21
WBGene00086546,59,313,372
WBGene00086551,3,293,296
WBGene00086552,0,0,0
WBGene00086553,73,433,506
WBGene00086554,1,5,6
WBGene00086555,3,0,3
WBGene00086556,4,4,8
WBGene00086557,51,504,555
WBGene00086558,23,423,446
WBGene00086559,15,158,173
WBGene00086560,3,10,13
WBGene00086561,0,0,0
WBGene00086562,1,0,1
WBGene00086563,0,1,1
WBGene00086564,0,4,4
WBGene00086565,0,0,0
WBGene00086566,46,744,790
WBGene00086567,1,0,1
WBGene00086568,5,77,82
WBGene00086569,147,1076,1223
WBGene00119201,2,0,2
WBGene00119203,6,235,241
WBGene00119204,1,24,25
WBGene00138711,3,36,39
WBGene00138714,0,0,0
WBGene00138715,0,0,0
WBGene00138716,0,0,0
WBGene00138717,310,1809,2119
WBGene00138718,16,26,42
WBGene00138719,0,0,0
WBGene00138720,26,446,472
WBGene00138721,15,20,35
WBGene00138724,0,121,121
WBGene00138725,18,40,58
WBGene00164968,17,342,359
WBGene00164969,1,19,20
WBGene00164971,1,1,2
WBGene00164972,0,0,0
WBGene00164973,1,38,39
WBGene00164974,0,0,0
WBGene00164985,30,164,194
WBGene00164986,11,17,28
WBGene00175027,92,55,147
WBGene00175028,2,0,2
WBGene00175030,7,744,751
WBGene00175031,3,13,16
WBGene00175034,13,215,228
WBGene00175035,62,498,560
WBGene00184956,1,7,8
WBGene00184990,14,196,210
WBGene00185001,101,1112,1213
WBGene00185002,48,112,160
WBGene00185005,15,518,533
WBGene00185006,1,1,2
WBGene00185014,45,2151,2196
WBGene00185048,77,1259,1336
WBGene00185055,8,4,12
WBGene00185067,140,7446,7586
WBGene00185075,0,167,167
WBGene00185077,0,50,50
WBGene00185078,548,161,709
WBGene00185079,109,1013,1122
WBGene00185086,5,143,148
WBGene00185088,4,324,328
WBGene00185089,1,49,50
WBGene00185092,1,15,16
WBGene00185095,0,2,2
WBGene00185096,0,0,0
WBGene00185097,1,1,2
WBGene00185098,31,330,361
WBGene00185100,4,3,7
WBGene00185101,9,7,16
WBGene00185102,35,400,435
WBGene00185116,1,1,2
WBGene00185117,32,97,129
WBGene00185118,383,1014,1397
WBGene00189930,2,1,3
WBGene00189931,0,0,0
WBGene00189932,0,0,0
WBGene00189933,7,10,17
WBGene00189937,0,0,0
WBGene00189943,0,1,1
WBGene00189947,0,0,0
WBGene00189948,6,13,19
WBGene00189949,8,12,20
WBGene00189950,14,12,26
WBGene00189952,12,84,96
WBGene00189953,0,0,0
WBGene00189954,0,0,0
WBGene00189955,0,0,0
WBGene00189956,16,5,21
WBGene00189957,9,22,31
WBGene00189961,5,11,16
WBGene00189987,7,11,18
WBGene00189993,0,3,3
WBGene00189995,0,0,0
WBGene00194641,226,1442,1668
WBGene00194642,72,425,497
WBGene00194643,31,47,78
WBGene00194645,0,0,0
WBGene00194646,0,0,0
WBGene00194647,1,0,1
WBGene00194649,6,60,66
WBGene00194651,75,732,807
WBGene00194653,4,0,4
WBGene00194654,5,6,11
WBGene00194656,1,2,3
WBGene00194658,18,293,311
WBGene00194660,0,39,39
WBGene00194661,4,17,21
WBGene00194663,1,17,18
WBGene00194664,5,145,150
WBGene00194670,0,2,2
WBGene00194672,0,5,5
WBGene00194674,2,6,8
WBGene00194677,8,9,17
WBGene00194679,16,250,266
WBGene00194680,21,1834,1855
WBGene00194682,8,25,33
WBGene00194684,2,3,5
WBGene00194687,13,6,19
WBGene00194689,16,117,133
WBGene00194691,1,7,8
WBGene00194692,91,1625,1716
WBGene00194695,0,0,0
WBGene00194696,1,0,1
WBGene00194697,6,37,43
WBGene00194698,0,1,1
WBGene00194699,0,12,12
WBGene00194700,1,6,7
WBGene00194701,1,3,4
WBGene00194702,16,4,20
WBGene00194703,0,8,8
WBGene00194704,0,0,0
WBGene00194706,33,487,520
WBGene00194707,19,961,980
WBGene00194708,0,6,6
WBGene00194710,64,398,462
WBGene00194711,2,2,4
WBGene00194712,35,45,80
WBGene00194713,0,230,230
WBGene00194714,0,0,0
WBGene00194715,0,0,0
WBGene00194717,1,1,2
WBGene00194725,0,25,25
WBGene00194726,4,25,29
WBGene00194727,4,0,4
WBGene00194729,10,48,58
WBGene00194730,11,2,13
WBGene00194731,28,70,98
WBGene00194733,1,0,1
WBGene00194734,1,2,3
WBGene00194735,3,1,4
WBGene00194737,8,1,9
WBGene00194738,0,2,2
WBGene00194742,9,153,162
WBGene00194744,0,2,2
WBGene00194746,3,4,7
WBGene00194747,110,1164,1274
WBGene00194780,0,1,1
WBGene00194783,0,0,0
WBGene00194784,3,5,8
WBGene00194785,0,2,2
WBGene00194787,0,1,1
WBGene00194788,2,0,2
WBGene00194793,6,10,16
WBGene00194795,3,19,22
WBGene00194799,0,0,0
WBGene00194801,0,0,0
WBGene00194803,2,28,30
WBGene00194813,2,36,38
WBGene00194815,8,14,22
WBGene00194816,1,15,16
WBGene00194821,1,4,5
WBGene00194832,32,48,80
WBGene00194833,0,1,1
WBGene00194835,3,51,54
WBGene00194839,0,7,7
WBGene00194848,7,6,13
WBGene00194849,20,13,33
WBGene00194850,1,2,3
WBGene00194852,15,60,75
WBGene00194855,11,68,79
WBGene00194861,0,21,21
WBGene00194864,2,0,2
WBGene00194866,49,45,94
WBGene00194867,1,0,1
WBGene00194868,21,0,21
WBGene00194869,0,917,917
WBGene00194870,16,20,36
WBGene00194871,0,0,0
WBGene00194883,38,773,811
WBGene00194886,2,47,49
WBGene00194888,1,1,2
WBGene00194890,24,0,24
WBGene00194892,26,162,188
WBGene00194894,0,0,0
WBGene00194895,2,153,155
WBGene00194896,200,2,202
WBGene00194898,0,0,0
WBGene00194902,5,7,12
WBGene00194905,51,348,399
WBGene00194906,8,18,26
WBGene00194907,0,0,0
WBGene00194908,71,537,608
WBGene00194909,47,342,389
WBGene00194910,46,81,127
WBGene00194912,1,4,5
WBGene00194913,118,122,240
WBGene00194914,0,2,2
WBGene00194915,22,272,294
WBGene00194916,0,15,15
WBGene00194917,11,39,50
WBGene00194918,0,0,0
WBGene00194919,3,10,13
WBGene00194920,1,9,10
WBGene00194921,79,357,436
WBGene00194922,0,6,6
WBGene00194924,0,1,1
WBGene00194925,19,52,71
WBGene00194926,19,257,276
WBGene00194927,0,0,0
WBGene00194928,21,138,159
WBGene00194929,0,4,4
WBGene00194930,0,1,1
WBGene00194931,0,0,0
WBGene00194933,0,0,0
WBGene00194934,5,223,228
WBGene00194935,0,1,1
WBGene00194940,2,13,15
WBGene00194951,0,0,0
WBGene00194952,0,4,4
WBGene00194955,39,347,386
WBGene00194956,0,47,47
WBGene00194957,0,0,0
WBGene00194981,6,5,11
WBGene00194982,36,94,130
WBGene00194983,0,8,8
WBGene00194985,1,1,2
WBGene00194986,0,0,0
WBGene00194998,49,283,332
WBGene00195003,0,8,8
WBGene00195004,10,4,14
WBGene00195006,4,2,6
WBGene00195009,0,3,3
WBGene00195010,0,1,1
WBGene00195011,56,106,162
WBGene00195012,5,9,14
WBGene00195045,2,14,16
WBGene00195046,9,11,20
WBGene00195048,2,1,3
WBGene00195049,14,9,23
WBGene00195050,6,79,85
WBGene00195051,12,127,139
WBGene00195056,78,1231,1309
WBGene00195057,1,3,4
WBGene00195058,0,1,1
WBGene00195061,0,1,1
WBGene00195063,99,1326,1425
WBGene00195067,3,34,37
WBGene00195068,22,4,26
WBGene00195069,3,24,27
WBGene00195070,25,21,46
WBGene00195071,7,7,14
WBGene00195072,1,2,3
WBGene00195073,243,882,1125
WBGene00195077,0,2,2
WBGene00195081,5,18,23
WBGene00195084,35,304,339
WBGene00195086,18,491,509
WBGene00195093,91,1610,1701
WBGene00195142,0,599,599
WBGene00195143,274,331,605
WBGene00195144,4,9,13
WBGene00195145,27,58,85
WBGene00195146,168,271,439
WBGene00195147,19,25,44
WBGene00195148,7,10,17
WBGene00195149,2,10,12
WBGene00195150,1,5,6
WBGene00195154,1,4,5
WBGene00195155,0,6,6
WBGene00195157,5,4,9
WBGene00195158,0,1,1
WBGene00195160,0,0,0
WBGene00195164,3,23,26
WBGene00195165,0,2,2
WBGene00195166,15,577,592
WBGene00195168,0,0,0
WBGene00195169,14,41,55
WBGene00195171,0,0,0
WBGene00195174,8,4,12
WBGene00195176,5,31,36
WBGene00195177,0,2,2
WBGene00195178,2,9,11
WBGene00195179,6,14,20
WBGene00195180,5,43,48
WBGene00195181,0,0,0
WBGene00195182,3,5,8
WBGene00195183,1,31,32
WBGene00195184,1,57,58
WBGene00195185,224,848,1072
WBGene00195188,0,2,2
WBGene00195189,3,22,25
WBGene00195208,2,29,31
WBGene00195209,0,114,114
WBGene00195210,2,14,16
WBGene00195211,0,0,0
WBGene00195212,20,76,96
WBGene00195213,3,13,16
WBGene00195214,5,20,25
WBGene00195215,1,2,3
WBGene00195226,1,19,20
WBGene00195227,0,0,0
WBGene00195228,0,0,0
WBGene00195229,0,0,0
WBGene00195230,0,0,0
WBGene00195231,0,0,0
WBGene00195232,4,3,7
WBGene00195239,78,788,866
WBGene00195240,0,5,5
WBGene00195241,1,3,4
WBGene00195242,0,0,0
WBGene00195243,0,1,1
WBGene00195244,2,18,20
WBGene00195246,11,51,62
WBGene00195248,14,35,49
WBGene00195249,9,6,15
WBGene00195250,0,3,3
WBGene00195256,3,0,3
WBGene00202495,1,0,1
WBGene00202496,4,8,12
WBGene00202497,6,3,9
WBGene00202498,3,12,15
WBGene00202499,1,1,2
WBGene00202500,4,1,5
WBGene00202501,0,5,5
WBGene00202502,0,3,3
WBGene00202504,0,0,0
WBGene00202511,0,15,15
WBGene00202512,42,136,178
WBGene00202513,2,153,155
WBGene00202514,3,10,13
WBGene00206354,12,122,134
WBGene00206355,0,38,38
WBGene00206356,51,492,543
WBGene00206357,4,8,12
WBGene00206358,0,0,0
WBGene00206359,1,2,3
WBGene00206360,0,0,0
WBGene00206361,6,172,178
WBGene00206362,16,273,289
WBGene00206363,0,0,0
WBGene00206364,0,45,45
WBGene00206365,0,19,19
WBGene00206366,1,17,18
WBGene00206368,0,0,0
WBGene00206370,1,12,13
WBGene00206371,5,233,238
WBGene00206372,2,2,4
WBGene00206373,31,398,429
WBGene00206374,77,107,184
WBGene00206377,7,74,81
WBGene00206378,9,20,29
WBGene00206379,0,2,2
WBGene00206380,107,1849,1956
WBGene00206381,1,23,24
WBGene00206382,79,404,483
WBGene00206383,0,2,2
WBGene00206384,24,14,38
WBGene00206385,0,0,0
WBGene00206386,3,22,25
WBGene00206388,0,0,0
WBGene00206389,0,0,0
WBGene00206390,1,0,1
WBGene00206392,10,24,34
WBGene00206393,2,4,6
WBGene00206395,0,0,0
WBGene00206412,1,21,22
WBGene00206413,2,3,5
WBGene00206414,4,16,20
WBGene00206415,8,7,15
WBGene00206416,2,40,42
WBGene00206417,44,741,785
WBGene00206418,9,71,80
WBGene00206421,0,0,0
WBGene00206422,0,139,139
WBGene00206460,3,18,21
WBGene00206461,4,57,61
WBGene00206462,1,54,55
WBGene00206464,0,2198,2198
WBGene00206466,4,102,106
WBGene00206468,0,0,0
WBGene00206469,17,53,70
WBGene00206471,5,4,9
WBGene00206473,0,13,13
WBGene00206474,24,133,157
WBGene00206475,1,2,3
WBGene00206477,0,0,0
WBGene00206478,1,3,4
WBGene00206479,15,231,246
WBGene00206481,1,0,1
WBGene00206482,3,46,49
WBGene00206483,0,1,1
WBGene00206484,6,47,53
WBGene00206485,0,0,0
WBGene00206486,10,4,14
WBGene00206487,37,753,790
WBGene00206488,67,54,121
WBGene00206490,0,0,0
WBGene00206492,0,0,0
WBGene00206493,2,0,2
WBGene00206495,4,0,4
WBGene00206496,0,0,0
WBGene00206497,2,4,6
WBGene00206498,1,0,1
WBGene00206499,0,0,0
WBGene00206500,0,26,26
WBGene00206501,1,0,1
WBGene00206502,1,3,4
WBGene00206503,0,0,0
WBGene00206504,0,0,0
WBGene00206505,11,114,125
WBGene00206506,1,0,1
WBGene00206507,0,0,0
WBGene00206508,1,0,1
WBGene00206510,3,1,4
WBGene00206511,8,0,8
WBGene00206512,1,5,6
WBGene00206513,1,1,2
WBGene00206514,0,3,3
WBGene00206515,3,8,11
WBGene00206516,395,2,397
WBGene00206517,2,88,90
WBGene00206518,0,0,0
WBGene00206519,1,3,4
WBGene00206520,0,0,0
WBGene00206521,4,47,51
WBGene00206522,60,4581,4641
WBGene00206523,2,0,2
WBGene00206524,2,6,8
WBGene00206525,63,839,902
WBGene00206527,1,18,19
WBGene00206528,4,107,111
WBGene00206529,25,207,232
WBGene00206530,32,25,57
WBGene00206532,299,214,513
WBGene00206533,118,47,165
WBGene00206534,0,0,0
WBGene00206535,1,0,1
WBGene00206537,5,0,5
WBGene00206538,10,181,191
WBGene00219205,3,5,8
WBGene00219206,6,205,211
WBGene00219207,0,1071,1071
WBGene00219208,18,352,370
WBGene00219209,22,78,100
WBGene00219210,0,81,81
WBGene00219212,0,0,0
WBGene00219214,1,1,2
WBGene00219216,19,4,23
WBGene00219217,0,6,6
WBGene00219218,1,14,15
WBGene00219234,2,3,5
WBGene00219235,2,48,50
WBGene00219236,13,606,619
WBGene00219238,0,0,0
WBGene00219239,0,0,0
WBGene00219241,1,4,5
WBGene00219243,52,67,119
WBGene00219244,0,2,2
WBGene00219271,0,4,4
WBGene00219272,12,8,20
WBGene00219274,29,101,130
WBGene00219275,289,3131,3420
WBGene00219278,1,1,2
WBGene00219280,4,68,72
WBGene00219281,30,18,48
WBGene00219282,1,6,7
WBGene00219283,341,50,391
WBGene00219284,2,3727,3729
WBGene00219285,10,11,21
WBGene00219286,0,30,30
WBGene00219287,17,648,665
WBGene00219288,25,91,116
WBGene00219289,1189,308,1497
WBGene00219290,0,0,0
WBGene00219291,0,0,0
WBGene00219293,0,3,3
WBGene00219294,3,19,22
WBGene00219295,71,81,152
WBGene00219296,2,2,4
WBGene00219297,0,0,0
WBGene00219298,9,6,15
WBGene00219299,5,11,16
WBGene00219300,3,42,45
WBGene00219301,0,0,0
WBGene00219302,0,46,46
WBGene00219308,0,2,2
WBGene00219309,2,42,44
WBGene00219310,0,1,1
WBGene00219313,65,2474,2539
WBGene00219314,2,1,3
WBGene00219315,0,0,0
WBGene00219316,2,20,22
WBGene00219317,6,22,28
WBGene00219318,0,0,0
WBGene00219319,13,21,34
WBGene00219321,1,1,2
WBGene00219322,0,0,0
WBGene00219324,0,1,1
WBGene00219325,18,52,70
WBGene00219326,1,0,1
WBGene00219327,0,0,0
WBGene00219329,113,102,215
WBGene00219330,1,2,3
WBGene00219332,6,1,7
WBGene00219337,102,39,141
WBGene00219342,0,0,0
WBGene00219351,4,2,6
WBGene00219362,92,269,361
WBGene00219368,1,5,6
WBGene00219369,0,2,2
WBGene00219370,0,0,0
WBGene00219371,0,13,13
WBGene00219372,10,200,210
WBGene00219373,5,365,370
WBGene00219374,0,41,41
WBGene00219375,42,280,322
WBGene00219376,3,45,48
WBGene00219378,0,1,1
WBGene00219381,2,3,5
WBGene00219383,0,4,4
WBGene00219394,35,236,271
WBGene00219395,0,0,0
WBGene00219399,25,28,53
WBGene00219410,14,8,22
WBGene00219411,9,3,12
WBGene00219412,0,48,48
WBGene00219413,2,29,31
WBGene00219414,0,1,1
WBGene00219418,0,0,0
WBGene00219420,0,126,126
WBGene00219421,6,10,16
WBGene00219422,13,10,23
WBGene00219423,0,3,3
WBGene00219424,3,41,44
WBGene00219425,119,168,287
WBGene00219434,1,4,5
WBGene00219436,14,24,38
WBGene00219437,1,0,1
WBGene00219443,0,1,1
WBGene00219445,0,0,0
WBGene00219446,0,0,0
WBGene00219447,0,0,0
WBGene00219449,5,5,10
WBGene00219450,19,87,106
WBGene00219451,5,151,156
WBGene00219452,1,3,4
WBGene00219454,0,0,0
WBGene00219455,0,6,6
WBGene00219456,0,2,2
WBGene00219458,2,1,3
WBGene00219460,2,2,4
WBGene00219476,3,18,21
WBGene00219478,1,2,3
WBGene00219489,0,2,2
WBGene00219491,0,0,0
WBGene00219493,0,17,17
WBGene00219498,2,4,6
WBGene00219544,1,5,6
WBGene00219547,0,2,2
WBGene00219750,0,1,1
WBGene00219796,0,37,37
WBGene00220249,1,5,6
WBGene00220250,12,2,14
WBGene00220253,0,11,11
WBGene00220254,0,0,0
WBGene00220257,0,13,13
WBGene00220258,0,43,43
WBGene00220259,5,31,36
WBGene00220261,0,8,8
WBGene00235081,0,0,0
WBGene00235092,1,4,5
WBGene00235093,0,0,0
WBGene00235094,0,0,0
WBGene00235095,4,10,14
WBGene00235102,15,4985,5000
WBGene00235110,1,2,3
WBGene00235112,0,0,0
WBGene00235113,0,20,20
WBGene00235114,9,238,247
WBGene00235115,0,0,0
WBGene00235116,0,2,2
WBGene00235117,1,1,2
WBGene00235118,0,1,1
WBGene00235120,0,0,0
WBGene00235129,10,29,39
WBGene00235132,30,33,63
WBGene00235133,2,9,11
WBGene00235134,7,1,8
WBGene00235158,67,803,870
WBGene00235164,38,783,821
WBGene00235165,0,0,0
WBGene00235254,1,0,1
WBGene00235256,0,21,21
WBGene00235257,0,13,13
WBGene00235258,1,3,4
WBGene00235260,12,6,18
WBGene00235261,0,3,3
WBGene00235262,0,0,0
WBGene00235263,21,15,36
WBGene00235264,1,0,1
WBGene00235267,0,2,2
WBGene00235268,33,479,512
WBGene00235269,83,1346,1429
WBGene00235271,0,12,12
WBGene00235273,81,226,307
WBGene00235274,14,400,414
WBGene00235275,27,16,43
WBGene00235277,187,154,341
WBGene00235279,135,55,190
WBGene00235280,1,17,18
WBGene00235282,0,0,0
WBGene00235283,10,15,25
WBGene00235284,0,6,6
WBGene00235285,0,0,0
WBGene00235288,1,0,1
WBGene00235289,1,4,5
WBGene00235290,1,0,1
WBGene00235291,120,929,1049
WBGene00235293,0,0,0
WBGene00235294,0,2,2
WBGene00235295,0,1,1
WBGene00235296,0,12,12
WBGene00235297,0,0,0
WBGene00235298,0,3,3
WBGene00235300,0,24,24
WBGene00235301,0,17,17
WBGene00235302,0,0,0
WBGene00235303,0,29,29
WBGene00235304,0,1,1
WBGene00235305,0,2,2
WBGene00235308,14,70,84
WBGene00235309,0,0,0
WBGene00235310,68,250,318
WBGene00235311,0,0,0
WBGene00235312,3,75,78
WBGene00235313,3,24,27
WBGene00235315,18,257,275
WBGene00235316,10,24,34
WBGene00235317,0,0,0
WBGene00235320,5,33,38
WBGene00235321,51,7,58
WBGene00235322,0,2,2
WBGene00235324,1,1,2
WBGene00235325,7,148,155
WBGene00235326,0,0,0
WBGene00235327,1,0,1
WBGene00235328,0,11,11
WBGene00235329,8,9,17
WBGene00235330,26,197,223
WBGene00235332,0,3,3
WBGene00235333,1,4,5
WBGene00235335,0,16,16
WBGene00235336,0,1,1
WBGene00235339,0,0,0
WBGene00235340,0,1,1
WBGene00235342,0,0,0
WBGene00235343,1,0,1
WBGene00235350,63,8,71
WBGene00235351,0,1,1
WBGene00235352,1,16,17
WBGene00235354,0,1,1
WBGene00235358,0,3,3
WBGene00235359,0,0,0
WBGene00235361,0,0,0
WBGene00235363,0,0,0
WBGene00235364,0,0,0
WBGene00235365,0,2,2
WBGene00235367,0,2,2
WBGene00235368,0,1,1
WBGene00235369,0,0,0
WBGene00235371,0,1,1
WBGene00235374,2,4,6
WBGene00235380,0,62,62
WBGene00235383,0,3,3
WBGene00235388,3,1,4
WBGene00235390,0,1,1
WBGene00235391,0,9,9
WBGene00236786,6,59,65
WBGene00236789,3,12,15
WBGene00236806,103,0,103
WBGene00236808,6,1,7
WBGene00236809,6,4,10
WBGene00249815,1120,1077,2197
WBGene00249817,23,457,480
WBGene00255375,0,2,2
WBGene00255420,15,2,17
WBGene00255457,86,25,111
WBGene00255469,2,6,8
WBGene00255522,0,0,0
WBGene00255545,0,0,0
WBGene00255546,0,0,0
WBGene00255550,0,0,0
WBGene00255553,0,0,0
WBGene00255594,7,40,47
WBGene00255595,0,160,160
WBGene00255597,3,14,17
WBGene00255598,21,62,83
WBGene00255600,1,24,25
WBGene00255605,1,7,8
WBGene00255607,0,4,4
WBGene00255611,0,0,0
WBGene00255702,8,41,49
WBGene00255704,0,233,233
WBGene00255714,3,145,148
WBGene00255729,6,18,24
WBGene00255731,11,37,48
WBGene00255732,2,0,2
WBGene00255733,5,12,17
WBGene00268194,4,2,6
WBGene00268196,18,59,77
WBGene00268197,1,2,3
WBGene00268198,0,0,0
WBGene00268199,0,0,0
WBGene00268206,1,6,7
WBGene00268213,1,7,8
WBGene00268215,0,12,12
WBGene00268216,2,0,2
WBGene00269332,0,0,0
WBGene00269352,0,0,0
WBGene00269355,11,137,148
WBGene00269373,2,76,78
WBGene00269374,0,1,1
WBGene00269375,0,23,23
WBGene00269378,86,322,408
WBGene00269379,2,1,3
WBGene00269381,0,4,4
WBGene00269382,11,75,86
WBGene00269385,0,0,0
WBGene00269387,7,219,226
WBGene00269388,0,0,0
WBGene00269389,0,2,2
WBGene00269391,113,306,419
WBGene00269392,1,3,4
WBGene00269394,0,0,0
WBGene00269421,258,1490,1748
WBGene00269422,0,14,14
WBGene00269424,0,6,6
WBGene00269425,1,4,5
WBGene00269429,0,101,101
WBGene00269431,0,24,24
WBGene00269432,25,312,337
WBGene00269433,5,399,404
WBGene00269434,0,44,44
WBGene00269435,2,6,8
WBGene00269437,1,2,3
WBGene00269438,2,9,11
WBGene00270290,0,3,3
WBGene00270293,0,3,3
WBGene00270303,2,4,6
WBGene00270309,37,51,88
WBGene00270318,9,17,26
WBGene00270319,36,612,648
WBGene00270320,0,5,5
WBGene00270321,16,40,56
WBGene00270322,26,831,857
WBGene00271414,19,546,565
WBGene00271415,2,9,11
WBGene00271437,10,19,29
WBGene00271444,1,30,31
WBGene00271567,2,19,21
WBGene00271577,0,13,13
WBGene00271605,17,61,78
WBGene00271606,16,200,216
WBGene00271657,0,11,11
WBGene00271694,16,313,329
WBGene00271701,3,26,29
WBGene00271703,2,1,3
WBGene00271706,8,378,386
WBGene00271707,1,17,18
WBGene00271715,4,2,6
