gene_id,total_unsp,total_sp,total
WBGene00000001.,15,852,867
WBGene00000002.,22,616,638
WBGene00000003.,2,393,395
WBGene00000004.,139,1571,1710
WBGene00000005.,0,8,8
WBGene00000006.,276,2993,3269
WBGene00000007.,2,35,37
WBGene00000008.,19,11,30
WBGene00000009.,3,23,26
WBGene00000010.,28,406,434
WBGene00000012.,27,46,73
WBGene00000013.,0,110,110
WBGene00000014.,0,10,10
WBGene00000015.,1,174,175
WBGene00000016.,38,3066,3104
WBGene00000017.,4,2811,2815
WBGene00000018.,279,1389,1668
WBGene00000019.,4,2,6
WBGene00000020.,112,471,583
WBGene00000021.,1,1,2
WBGene00000022.,7,230,237
WBGene00000023.,5,23,28
WBGene00000024.,0,2,2
WBGene00000025.,0,9,9
WBGene00000026.,0,1,1
WBGene00000027.,0,0,0
WBGene00000028.,0,1,1
WBGene00000029.,0,0,0
WBGene00000030.,0,5,5
WBGene00000031.,1,16,17
WBGene00000032.,0,0,0
WBGene00000033.,0,10,10
WBGene00000034.,3,9,12
WBGene00000035.,242,1168,1410
WBGene00000036.,73,407,480
WBGene00000037.,37,1537,1574
WBGene00000038.,41,129,170
WBGene00000039.,19,787,806
WBGene00000040.,28,5597,5625
WBGene00000041.,423,22050,22473
WBGene00000042.,26,157,183
WBGene00000043.,24,88,112
WBGene00000044.,19,50,69
WBGene00000045.,6,19,25
WBGene00000046.,92,153,245
WBGene00000047.,169,1455,1624
WBGene00000048.,11,71,82
WBGene00000049.,4,22,26
WBGene00000050.,16,57,73
WBGene00000051.,29,201,230
WBGene00000053.,6,27,33
WBGene00000054.,43,511,554
WBGene00000055.,17,399,416
WBGene00000056.,21,108,129
WBGene00000057.,80,155,235
WBGene00000058.,105,219,324
WBGene00000059.,12,98,110
WBGene00000060.,42,127,169
WBGene00000061.,12,158,170
WBGene00000062.,58,116,174
WBGene00000063.,10,191398,191408
WBGene00000064.,337,23178,23515
WBGene00000065.,375,201334,201709
WBGene00000066.,1561,354279,355840
WBGene00000067.,94,4797,4891
WBGene00000068.,1070,2039,3109
WBGene00000069.,15,142,157
WBGene00000070.,349,2243,2592
WBGene00000071.,20,167,187
WBGene00000072.,70,818,888
WBGene00000073.,65,477,542
WBGene00000074.,104,729,833
WBGene00000075.,22,169,191
WBGene00000079.,249,2127,2376
WBGene00000080.,40,1192,1232
WBGene00000081.,48,605,653
WBGene00000082.,44,64,108
WBGene00000083.,285,3399,3684
WBGene00000084.,27,60,87
WBGene00000085.,29,271,300
WBGene00000086.,59,624,683
WBGene00000088.,70,317,387
WBGene00000089.,54,1450,1504
WBGene00000090.,83,1073,1156
WBGene00000092.,154,2212,2366
WBGene00000093.,56,936,992
WBGene00000094.,116,1275,1391
WBGene00000095.,176,2398,2574
WBGene00000096.,257,952,1209
WBGene00000097.,106,1960,2066
WBGene00000098.,40,1745,1785
WBGene00000099.,93,1439,1532
WBGene00000100.,390,5794,6184
WBGene00000101.,117,2055,2172
WBGene00000102.,363,4614,4977
WBGene00000103.,110,1691,1801
WBGene00000105.,66,3007,3073
WBGene00000106.,59,1679,1738
WBGene00000107.,903,11914,12817
WBGene00000108.,0,0,0
WBGene00000109.,10,570,580
WBGene00000110.,61,2216,2277
WBGene00000111.,97,574,671
WBGene00000112.,228,6120,6348
WBGene00000113.,56,693,749
WBGene00000114.,221,81181,81402
WBGene00000115.,23,1667,1690
WBGene00000116.,135,870,1005
WBGene00000117.,314,621,935
WBGene00000118.,18,14164,14182
WBGene00000120.,3,3808,3811
WBGene00000121.,44,3548,3592
WBGene00000122.,68,10971,11039
WBGene00000123.,237,6431,6668
WBGene00000133.,3,25,28
WBGene00000134.,53,158,211
WBGene00000135.,10,129,139
WBGene00000136.,2,143,145
WBGene00000137.,114,566,680
WBGene00000138.,34,475,509
WBGene00000139.,72,86,158
WBGene00000140.,773,60652,61425
WBGene00000142.,48,1290,1338
WBGene00000143.,170,1014,1184
WBGene00000144.,71,761,832
WBGene00000145.,7,735,742
WBGene00000146.,363,3289,3652
WBGene00000147.,5,536,541
WBGene00000148.,92,1260,1352
WBGene00000149.,255,9623,9878
WBGene00000150.,64,977,1041
WBGene00000151.,20,1082,1102
WBGene00000155.,11,1320,1331
WBGene00000156.,71,1151,1222
WBGene00000157.,49,2462,2511
WBGene00000158.,453,2525,2978
WBGene00000159.,23,3456,3479
WBGene00000160.,436,1924,2360
WBGene00000161.,29,2419,2448
WBGene00000162.,391,2279,2670
WBGene00000163.,83,2517,2600
WBGene00000164.,129,1327,1456
WBGene00000165.,29,1293,1322
WBGene00000166.,15,237,252
WBGene00000168.,477,255,732
WBGene00000169.,28,837,865
WBGene00000170.,747,27275,28022
WBGene00000171.,3,1,4
WBGene00000172.,102,442,544
WBGene00000173.,9,137,146
WBGene00000174.,7,56,63
WBGene00000175.,2382,55332,57714
WBGene00000176.,6,1293,1299
WBGene00000177.,336,2489,2825
WBGene00000178.,187,2232,2419
WBGene00000179.,327,2446,2773
WBGene00000180.,48,925,973
WBGene00000181.,783,7271,8054
WBGene00000182.,162,16033,16195
WBGene00000183.,211,17819,18030
WBGene00000184.,121,1540,1661
WBGene00000185.,2,39,41
WBGene00000186.,553,5894,6447
WBGene00000187.,1,1300,1301
WBGene00000188.,0,133,133
WBGene00000189.,6,532,538
WBGene00000190.,11,60,71
WBGene00000191.,15,89,104
WBGene00000192.,14,2514,2528
WBGene00000193.,13,88,101
WBGene00000195.,71,1274,1345
WBGene00000196.,170,2238,2408
WBGene00000197.,57,5675,5732
WBGene00000198.,137,2433,2570
WBGene00000199.,286,4284,4570
WBGene00000200.,104,3214,3318
WBGene00000201.,490,5147,5637
WBGene00000202.,9,861,870
WBGene00000203.,24,2880,2904
WBGene00000204.,93,3218,3311
WBGene00000205.,17,2152,2169
WBGene00000206.,120,3020,3140
WBGene00000207.,1474,58898,60372
WBGene00000208.,387,1041,1428
WBGene00000209.,1354,20513,21867
WBGene00000210.,4735,59440,64175
WBGene00000211.,116,730,846
WBGene00000212.,8,79,87
WBGene00000213.,10,95,105
WBGene00000214.,0,13181,13181
WBGene00000215.,40,1334,1374
WBGene00000216.,9,5345,5354
WBGene00000217.,2051,25351,27402
WBGene00000218.,42,4830,4872
WBGene00000219.,3,4629,4632
WBGene00000220.,49,725,774
WBGene00000221.,0,2931,2931
WBGene00000222.,105,1402,1507
WBGene00000223.,688,5897,6585
WBGene00000224.,347,5454,5801
WBGene00000225.,136,3064,3200
WBGene00000226.,161,2041,2202
WBGene00000227.,290,1901,2191
WBGene00000228.,753,21552,22305
WBGene00000229.,3176,155170,158346
WBGene00000230.,221,59106,59327
WBGene00000231.,256,3105,3361
WBGene00000232.,142,1341,1483
WBGene00000233.,97,544,641
WBGene00000235.,18,11604,11622
WBGene00000236.,264,2402,2666
WBGene00000237.,69,468,537
WBGene00000238.,79,770,849
WBGene00000239.,49,484,533
WBGene00000240.,458,3809,4267
WBGene00000241.,27,91,118
WBGene00000242.,18,223,241
WBGene00000244.,29,302,331
WBGene00000245.,426,11489,11915
WBGene00000246.,37,89,126
WBGene00000247.,61,1637,1698
WBGene00000248.,243,3201,3444
WBGene00000249.,32,2515,2547
WBGene00000250.,17,401,418
WBGene00000251.,0,3,3
WBGene00000252.,1,33,34
WBGene00000253.,83,587,670
WBGene00000254.,374,2330,2704
WBGene00000255.,6,9,15
WBGene00000256.,0,21,21
WBGene00000257.,88,2485,2573
WBGene00000259.,98,1190,1288
WBGene00000262.,8,580,588
WBGene00000263.,4893,59427,64320
WBGene00000264.,288,836,1124
WBGene00000265.,132,728,860
WBGene00000266.,226,3329,3555
WBGene00000267.,37,195,232
WBGene00000268.,524,1261,1785
WBGene00000269.,133,904,1037
WBGene00000270.,25,490,515
WBGene00000271.,34,1009,1043
WBGene00000272.,38,316,354
WBGene00000273.,77,3379,3456
WBGene00000274.,231,1251,1482
WBGene00000275.,31,2089,2120
WBGene00000276.,172,6518,6690
WBGene00000277.,1042,13301,14343
WBGene00000279.,13,180,193
WBGene00000280.,44,360,404
WBGene00000281.,35,4937,4972
WBGene00000282.,315,4636,4951
WBGene00000283.,157,3664,3821
WBGene00000284.,12,951,963
WBGene00000285.,285,6521,6806
WBGene00000286.,962,12470,13432
WBGene00000287.,88,647,735
WBGene00000288.,141,1799,1940
WBGene00000289.,330,2568,2898
WBGene00000292.,333,6819,7152
WBGene00000293.,334,10382,10716
WBGene00000294.,230,6503,6733
WBGene00000295.,24,274,298
WBGene00000296.,29,149,178
WBGene00000298.,7,784,791
WBGene00000301.,8,9010,9018
WBGene00000302.,13,167,180
WBGene00000308.,3,1,4
WBGene00000310.,0,0,0
WBGene00000311.,0,0,0
WBGene00000366.,205,5632,5837
WBGene00000367.,379,1692,2071
WBGene00000368.,260,3774,4034
WBGene00000369.,5,2898,2903
WBGene00000370.,4552,15785,20337
WBGene00000371.,4197,79965,84162
WBGene00000372.,3,45,48
WBGene00000373.,68,663,731
WBGene00000374.,144,1503,1647
WBGene00000375.,32,290,322
WBGene00000376.,522,1508,2030
WBGene00000377.,111,19491,19602
WBGene00000378.,40,19159,19199
WBGene00000379.,1169,24230,25399
WBGene00000380.,889,38503,39392
WBGene00000381.,128,18179,18307
WBGene00000382.,38,1102,1140
WBGene00000383.,80,4349,4429
WBGene00000386.,16,409,425
WBGene00000387.,788,724,1512
WBGene00000388.,3,28,31
WBGene00000389.,0,1,1
WBGene00000390.,126,6897,7023
WBGene00000391.,161,982,1143
WBGene00000392.,0,52,52
WBGene00000393.,87,1064,1151
WBGene00000395.,51,357,408
WBGene00000396.,71,3160,3231
WBGene00000397.,2,47,49
WBGene00000399.,12,249,261
WBGene00000401.,25,83,108
WBGene00000402.,125,299,424
WBGene00000403.,335,5541,5876
WBGene00000405.,94,5327,5421
WBGene00000406.,30,636,666
WBGene00000407.,180,1040,1220
WBGene00000408.,456,1684,2140
WBGene00000409.,105,1505,1610
WBGene00000410.,179,1673,1852
WBGene00000411.,33,3854,3887
WBGene00000412.,11,154,165
WBGene00000413.,107,955,1062
WBGene00000414.,200,7410,7610
WBGene00000415.,1449,1775,3224
WBGene00000416.,22,1295,1317
WBGene00000417.,160,159,319
WBGene00000418.,15,534,549
WBGene00000419.,232,1798,2030
WBGene00000420.,104,1195,1299
WBGene00000421.,210,1989,2199
WBGene00000422.,2,70,72
WBGene00000423.,85,922,1007
WBGene00000424.,82,1303,1385
WBGene00000425.,13,212,225
WBGene00000426.,278,1283,1561
WBGene00000427.,3,9,12
WBGene00000428.,3,89,92
WBGene00000429.,104,438,542
WBGene00000430.,5,116,121
WBGene00000431.,20,626,646
WBGene00000432.,4,4,8
WBGene00000433.,47,321,368
WBGene00000434.,7,106,113
WBGene00000435.,8,72,80
WBGene00000436.,4,23,27
WBGene00000437.,140,2674,2814
WBGene00000438.,12,62,74
WBGene00000439.,35,416,451
WBGene00000440.,0,171,171
WBGene00000441.,592,1850,2442
WBGene00000442.,12,235,247
WBGene00000443.,174,5094,5268
WBGene00000444.,17,267,284
WBGene00000445.,25,201,226
WBGene00000446.,14,295,309
WBGene00000447.,46,245,291
WBGene00000448.,68,1270,1338
WBGene00000449.,118,683,801
WBGene00000450.,4,28,32
WBGene00000451.,2,117,119
WBGene00000452.,3,477,480
WBGene00000453.,31,772,803
WBGene00000454.,31,569,600
WBGene00000455.,93,1638,1731
WBGene00000457.,7,47,54
WBGene00000458.,27,852,879
WBGene00000459.,102,1939,2041
WBGene00000460.,6,314,320
WBGene00000461.,4,23,27
WBGene00000462.,7,398,405
WBGene00000463.,45,582,627
WBGene00000464.,0,47,47
WBGene00000465.,5,143,148
WBGene00000466.,354,2591,2945
WBGene00000467.,42,581,623
WBGene00000468.,6,51,57
WBGene00000469.,4,57,61
WBGene00000472.,124,47535,47659
WBGene00000473.,2,1095,1097
WBGene00000474.,8,1323,1331
WBGene00000475.,119,38461,38580
WBGene00000476.,116,926,1042
WBGene00000477.,14,99,113
WBGene00000478.,49,459,508
WBGene00000479.,25,3542,3567
WBGene00000480.,125,1598,1723
WBGene00000481.,40,472,512
WBGene00000482.,186,5406,5592
WBGene00000483.,4,2,6
WBGene00000484.,45,141,186
WBGene00000485.,58,593,651
WBGene00000487.,17,21,38
WBGene00000488.,47,152,199
WBGene00000490.,18,259,277
WBGene00000491.,105,553,658
WBGene00000492.,481,594,1075
WBGene00000493.,46,208,254
WBGene00000496.,25,199,224
WBGene00000497.,31,108,139
WBGene00000498.,9,1114,1123
WBGene00000499.,62,96,158
WBGene00000500.,54,1487,1541
WBGene00000501.,38,591,629
WBGene00000502.,72,3309,3381
WBGene00000503.,0,19,19
WBGene00000506.,243,1283,1526
WBGene00000507.,135,876,1011
WBGene00000508.,32,1645,1677
WBGene00000509.,278,2314,2592
WBGene00000510.,324,3656,3980
WBGene00000511.,82,495,577
WBGene00000512.,44,538,582
WBGene00000513.,10,378,388
WBGene00000514.,111,894,1005
WBGene00000515.,5,329,334
WBGene00000516.,3,3723,3726
WBGene00000517.,92,525,617
WBGene00000518.,1350,1321,2671
WBGene00000519.,437,799,1236
WBGene00000520.,120,1094,1214
WBGene00000521.,1,21,22
WBGene00000522.,52,226,278
WBGene00000523.,34,602,636
WBGene00000524.,27,523,550
WBGene00000525.,23,11,34
WBGene00000526.,11,510,521
WBGene00000527.,223,1204,1427
WBGene00000528.,112,601,713
WBGene00000529.,218,422,640
WBGene00000530.,18,105,123
WBGene00000531.,15,27,42
WBGene00000532.,45,1568,1613
WBGene00000533.,13,317,330
WBGene00000534.,45,13736,13781
WBGene00000535.,318,6405,6723
WBGene00000536.,67,675,742
WBGene00000537.,15,563,578
WBGene00000539.,3,45,48
WBGene00000540.,52,348,400
WBGene00000541.,121,167,288
WBGene00000542.,423,5397,5820
WBGene00000543.,120,788,908
WBGene00000544.,35,4,39
WBGene00000545.,649,2142,2791
WBGene00000546.,6,15,21
WBGene00000547.,195,1249,1444
WBGene00000548.,149,2778,2927
WBGene00000549.,18,2899,2917
WBGene00000550.,114,17077,17191
WBGene00000551.,0,4,4
WBGene00000552.,1615,38378,39993
WBGene00000553.,914,1125,2039
WBGene00000554.,653,8367,9020
WBGene00000555.,0,1,1
WBGene00000556.,37,403,440
WBGene00000557.,90,2928,3018
WBGene00000558.,137,2099,2236
WBGene00000559.,0,0,0
WBGene00000560.,1,3,4
WBGene00000561.,0,264,264
WBGene00000562.,94,222,316
WBGene00000563.,7,8,15
WBGene00000564.,221,1227,1448
WBGene00000565.,413,440,853
WBGene00000566.,447,1668,2115
WBGene00000567.,155,5450,5605
WBGene00000583.,215,2385,2600
WBGene00000584.,9,216,225
WBGene00000585.,155,2133,2288
WBGene00000591.,196,1301,1497
WBGene00000592.,16,319,335
WBGene00000593.,0,42,42
WBGene00000594.,1,6409,6410
WBGene00000596.,0,0,0
WBGene00000597.,3,35,38
WBGene00000598.,2,21,23
WBGene00000599.,30,4361,4391
WBGene00000601.,0,72,72
WBGene00000602.,0,56,56
WBGene00000603.,0,115,115
WBGene00000606.,36,327,363
WBGene00000608.,0,0,0
WBGene00000609.,0,3,3
WBGene00000610.,11,41,52
WBGene00000611.,87,1124,1211
WBGene00000612.,0,4,4
WBGene00000613.,0,15,15
WBGene00000614.,2,6,8
WBGene00000615.,0,29,29
WBGene00000616.,2,1642,1644
WBGene00000617.,0,2,2
WBGene00000618.,0,95,95
WBGene00000620.,0,1,1
WBGene00000621.,0,13,13
WBGene00000622.,3,60,63
WBGene00000623.,11,54,65
WBGene00000624.,8,28,36
WBGene00000625.,2,91,93
WBGene00000626.,0,0,0
WBGene00000627.,0,1,1
WBGene00000628.,0,14,14
WBGene00000629.,15,4,19
WBGene00000630.,18,161,179
WBGene00000631.,2,10,12
WBGene00000632.,0,344,344
WBGene00000633.,11,40,51
WBGene00000634.,0,20,20
WBGene00000636.,6,12,18
WBGene00000637.,1,122,123
WBGene00000638.,0,0,0
WBGene00000639.,0,172,172
WBGene00000640.,5,47,52
WBGene00000641.,15,725,740
WBGene00000642.,2,10,12
WBGene00000644.,0,22,22
WBGene00000645.,46,454,500
WBGene00000646.,0,1,1
WBGene00000647.,1,170,171
WBGene00000648.,19,7,26
WBGene00000649.,4,61,65
WBGene00000650.,0,18,18
WBGene00000651.,1,72,73
WBGene00000652.,5,93,98
WBGene00000653.,0,70,70
WBGene00000654.,2,11,13
WBGene00000655.,2,179,181
WBGene00000656.,4,2767,2771
WBGene00000657.,6,74,80
WBGene00000658.,8,7,15
WBGene00000659.,0,2,2
WBGene00000660.,1,10,11
WBGene00000661.,2,8,10
WBGene00000662.,11,21,32
WBGene00000663.,0,12,12
WBGene00000664.,1,301,302
WBGene00000665.,19,287,306
WBGene00000666.,1,250,251
WBGene00000667.,1,98,99
WBGene00000668.,0,728,728
WBGene00000669.,11,4211,4222
WBGene00000670.,0,34,34
WBGene00000671.,0,22,22
WBGene00000672.,1,95,96
WBGene00000673.,3,25236,25239
WBGene00000674.,65,394,459
WBGene00000675.,1,207,208
WBGene00000676.,0,13,13
WBGene00000677.,25,26026,26051
WBGene00000678.,3,33,36
WBGene00000679.,0,19,19
WBGene00000680.,0,11,11
WBGene00000681.,5,25471,25476
WBGene00000682.,0,48,48
WBGene00000683.,11,106,117
WBGene00000684.,10,44,54
WBGene00000685.,2,127,129
WBGene00000687.,13,68,81
WBGene00000688.,0,49,49
WBGene00000689.,27,50,77
WBGene00000690.,0,3,3
WBGene00000691.,1,5603,5604
WBGene00000692.,203,3181,3384
WBGene00000693.,0,2,2
WBGene00000694.,1,9,10
WBGene00000695.,0,3,3
WBGene00000696.,0,7,7
WBGene00000697.,2,0,2
WBGene00000698.,0,45,45
WBGene00000699.,0,299,299
WBGene00000700.,0,0,0
WBGene00000701.,0,3,3
WBGene00000702.,5,44,49
WBGene00000703.,6,480,486
WBGene00000704.,0,209,209
WBGene00000705.,0,8,8
WBGene00000706.,3,26,29
WBGene00000707.,0,10,10
WBGene00000708.,0,12,12
WBGene00000709.,1,1,2
WBGene00000710.,2,10,12
WBGene00000711.,0,2,2
WBGene00000712.,0,0,0
WBGene00000713.,2,54,56
WBGene00000714.,1,44,45
WBGene00000715.,3,40,43
WBGene00000716.,0,10,10
WBGene00000717.,14,1927,1941
WBGene00000718.,0,24,24
WBGene00000719.,0,9,9
WBGene00000720.,6,29897,29903
WBGene00000721.,0,17,17
WBGene00000722.,9,3107,3116
WBGene00000723.,0,105,105
WBGene00000724.,6,36,42
WBGene00000725.,0,7,7
WBGene00000726.,98,694,792
WBGene00000727.,1,733,734
WBGene00000728.,0,733,733
WBGene00000729.,0,7,7
WBGene00000730.,0,14,14
WBGene00000731.,3,112,115
WBGene00000732.,9,75,84
WBGene00000733.,2,33,35
WBGene00000734.,0,20,20
WBGene00000735.,3,16,19
WBGene00000736.,0,1,1
WBGene00000737.,1,69,70
WBGene00000738.,1,8,9
WBGene00000739.,0,18986,18986
WBGene00000740.,0,4799,4799
WBGene00000741.,0,6664,6664
WBGene00000742.,0,824,824
WBGene00000743.,0,179,179
WBGene00000744.,0,1,1
WBGene00000745.,0,118,118
WBGene00000746.,2,15,17
WBGene00000747.,0,44,44
WBGene00000748.,0,66,66
WBGene00000749.,1,361,362
WBGene00000750.,10,97,107
WBGene00000751.,0,7,7
WBGene00000752.,0,0,0
WBGene00000753.,0,89,89
WBGene00000754.,0,27,27
WBGene00000755.,0,13,13
WBGene00000756.,0,2,2
WBGene00000757.,0,4,4
WBGene00000758.,0,2,2
WBGene00000759.,13,102,115
WBGene00000760.,0,7,7
WBGene00000761.,72,2125,2197
WBGene00000762.,144,1043,1187
WBGene00000763.,176,1764,1940
WBGene00000764.,33,443,476
WBGene00000765.,5,4237,4242
WBGene00000766.,38,1875,1913
WBGene00000767.,265,5341,5606
WBGene00000768.,440,6364,6804
WBGene00000770.,0,45,45
WBGene00000771.,0,5,5
WBGene00000772.,7,275,282
WBGene00000773.,156,2534,2690
WBGene00000774.,62,2548,2610
WBGene00000775.,195,507,702
WBGene00000776.,748,18865,19613
WBGene00000777.,35,4622,4657
WBGene00000778.,6,340,346
WBGene00000779.,9180,171672,180852
WBGene00000780.,223,2428,2651
WBGene00000781.,6,1396,1402
WBGene00000782.,0,5,5
WBGene00000783.,27,407,434
WBGene00000784.,1,1928,1929
WBGene00000785.,11,4986,4997
WBGene00000786.,55,1057,1112
WBGene00000787.,22,2196,2218
WBGene00000788.,39,4873,4912
WBGene00000789.,45,1220,1265
WBGene00000792.,51,145,196
WBGene00000793.,3134,2774,5908
WBGene00000794.,99,2517,2616
WBGene00000795.,15,854,869
WBGene00000796.,274,3468,3742
WBGene00000797.,5,46,51
WBGene00000798.,4,1602,1606
WBGene00000799.,13,122,135
WBGene00000800.,230,4879,5109
WBGene00000801.,126,1221,1347
WBGene00000802.,1216,115986,117202
WBGene00000803.,13,161,174
WBGene00000804.,9,1675,1684
WBGene00000812.,253,1356,1609
WBGene00000813.,110,2213,2323
WBGene00000814.,164,2762,2926
WBGene00000815.,283,1840,2123
WBGene00000816.,257,1463,1720
WBGene00000817.,26,1541,1567
WBGene00000818.,66,1316,1382
WBGene00000819.,12,11,23
WBGene00000820.,164,742,906
WBGene00000821.,2,5,7
WBGene00000822.,3392,51297,54689
WBGene00000829.,0,107150,107150
WBGene00000830.,0,0,0
WBGene00000831.,3,440,443
WBGene00000832.,603,3812,4415
WBGene00000833.,117,57436,57553
WBGene00000834.,726,1608,2334
WBGene00000835.,119,2928,3047
WBGene00000836.,97,1728,1825
WBGene00000837.,217,2011,2228
WBGene00000838.,108,1083,1191
WBGene00000839.,82,2129,2211
WBGene00000840.,160,2134,2294
WBGene00000841.,28,125,153
WBGene00000843.,59,4533,4592
WBGene00000845.,371,5378,5749
WBGene00000846.,128,618,746
WBGene00000851.,1,7,8
WBGene00000853.,6,7,13
WBGene00000854.,476,3332,3808
WBGene00000857.,56,2385,2441
WBGene00000858.,139,2727,2866
WBGene00000859.,7,50,57
WBGene00000860.,5,99,104
WBGene00000861.,5,10,15
WBGene00000862.,157,165,322
WBGene00000863.,26,1185,1211
WBGene00000864.,0,2,2
WBGene00000865.,14,732,746
WBGene00000866.,0,34,34
WBGene00000867.,0,34,34
WBGene00000868.,19,3016,3035
WBGene00000869.,234,20476,20710
WBGene00000870.,105,2124,2229
WBGene00000871.,47,678,725
WBGene00000872.,59,1837,1896
WBGene00000874.,93,2159,2252
WBGene00000875.,32,2121,2153
WBGene00000876.,298,3385,3683
WBGene00000877.,39,24087,24126
WBGene00000878.,7,117,124
WBGene00000879.,1941,60483,62424
WBGene00000880.,70,2164,2234
WBGene00000881.,3,21684,21687
WBGene00000882.,1,2493,2494
WBGene00000883.,6448,185116,191564
WBGene00000884.,73,3847,3920
WBGene00000885.,323,504,827
WBGene00000886.,71,1650,1721
WBGene00000887.,291,2499,2790
WBGene00000888.,96,2319,2415
WBGene00000889.,128,2039,2167
WBGene00000890.,75,917,992
WBGene00000891.,270,2559,2829
WBGene00000892.,135,1247,1382
WBGene00000893.,4,43,47
WBGene00000894.,210,2031,2241
WBGene00000895.,39,86,125
WBGene00000896.,347,9993,10340
WBGene00000897.,165,982,1147
WBGene00000898.,1626,1867,3493
WBGene00000899.,121,1772,1893
WBGene00000900.,403,2530,2933
WBGene00000901.,1334,4454,5788
WBGene00000902.,3,48,51
WBGene00000903.,9,1430,1439
WBGene00000904.,31,215,246
WBGene00000905.,35,325,360
WBGene00000906.,71,280,351
WBGene00000907.,6,143,149
WBGene00000908.,777,1533,2310
WBGene00000910.,440,2996,3436
WBGene00000911.,367,3998,4365
WBGene00000912.,772,3116,3888
WBGene00000913.,48,1322,1370
WBGene00000914.,727,1379,2106
WBGene00000915.,879,137228,138107
WBGene00000917.,226,2904,3130
WBGene00000920.,4,1407,1411
WBGene00000923.,49,4705,4754
WBGene00000928.,14,1554,1568
WBGene00000929.,171,2065,2236
WBGene00000930.,1,21,22
WBGene00000931.,281,17765,18046
WBGene00000932.,4,78,82
WBGene00000933.,359,3192,3551
WBGene00000934.,11,223,234
WBGene00000935.,5,736,741
WBGene00000936.,28,1520,1548
WBGene00000937.,8,724,732
WBGene00000938.,457,8337,8794
WBGene00000939.,221,2927,3148
WBGene00000940.,305,2596,2901
WBGene00000941.,896,11188,12084
WBGene00000942.,381,12727,13108
WBGene00000950.,84,94,178
WBGene00000951.,2,85,87
WBGene00000952.,49,38,87
WBGene00000953.,38,178,216
WBGene00000955.,15,110,125
WBGene00000958.,108,754,862
WBGene00000959.,286,2255,2541
WBGene00000960.,9,75,84
WBGene00000961.,31,1469,1500
WBGene00000962.,291,12369,12660
WBGene00000963.,158,1176,1334
WBGene00000964.,130,7485,7615
WBGene00000965.,62,1549,1611
WBGene00000966.,53,368,421
WBGene00000967.,173,503,676
WBGene00000968.,50,347,397
WBGene00000969.,16,1039,1055
WBGene00000970.,66,2217,2283
WBGene00000971.,3,24,27
WBGene00000972.,123,965,1088
WBGene00000973.,61,1156,1217
WBGene00000974.,9,198,207
WBGene00000975.,759,3884,4643
WBGene00000976.,230,1050,1280
WBGene00000977.,3,86,89
WBGene00000978.,35,4366,4401
WBGene00000979.,6,115,121
WBGene00000980.,238,1326,1564
WBGene00000981.,4,532,536
WBGene00000982.,395,8230,8625
WBGene00000983.,44,576,620
WBGene00000984.,88,1008,1096
WBGene00000985.,33,1830,1863
WBGene00000986.,1,151,152
WBGene00000987.,239,1135,1374
WBGene00000988.,1004,28944,29948
WBGene00000989.,4,27,31
WBGene00000990.,155,1415,1570
WBGene00000991.,191,1463,1654
WBGene00000992.,221,1595,1816
WBGene00000993.,301,2160,2461
WBGene00000994.,35,653,688
WBGene00000995.,14,651,665
WBGene00000996.,117,3767,3884
WBGene00000998.,1758,61066,62824
WBGene00001000.,1603,39051,40654
WBGene00001001.,261,3531,3792
WBGene00001002.,92,2086,2178
WBGene00001005.,76,40722,40798
WBGene00001006.,142,2331,2473
WBGene00001007.,512,8848,9360
WBGene00001008.,357,2871,3228
WBGene00001016.,13,588,601
WBGene00001017.,343,5343,5686
WBGene00001018.,321,4383,4704
WBGene00001019.,474,2792,3266
WBGene00001020.,57,1512,1569
WBGene00001021.,58,386,444
WBGene00001022.,31,340,371
WBGene00001023.,223,4837,5060
WBGene00001025.,195,2861,3056
WBGene00001026.,57,2680,2737
WBGene00001027.,269,2499,2768
WBGene00001028.,406,5611,6017
WBGene00001029.,525,9666,10191
WBGene00001030.,96,10651,10747
WBGene00001031.,37,5414,5451
WBGene00001032.,55,1173,1228
WBGene00001033.,122,907,1029
WBGene00001034.,77,2163,2240
WBGene00001035.,131,2432,2563
WBGene00001036.,27,913,940
WBGene00001037.,80,13442,13522
WBGene00001038.,365,7956,8321
WBGene00001039.,175,1311,1486
WBGene00001040.,34,1291,1325
WBGene00001041.,38,2705,2743
WBGene00001042.,871,3170,4041
WBGene00001043.,340,1245,1585
WBGene00001044.,2,166,168
WBGene00001045.,118,1227,1345
WBGene00001046.,32,317,349
WBGene00001047.,431,6402,6833
WBGene00001048.,179,1343,1522
WBGene00001049.,70,1040,1110
WBGene00001050.,11,187,198
WBGene00001051.,7,4556,4563
WBGene00001052.,171,606,777
WBGene00001053.,50,243,293
WBGene00001054.,126,1063,1189
WBGene00001055.,121,1033,1154
WBGene00001056.,202,2980,3182
WBGene00001057.,21,2060,2081
WBGene00001058.,96,1528,1624
WBGene00001059.,4,151,155
WBGene00001060.,14,1104,1118
WBGene00001061.,81,1802,1883
WBGene00001062.,1,0,1
WBGene00001063.,2,7,9
WBGene00001064.,17,1058,1075
WBGene00001065.,0,1541,1541
WBGene00001066.,36,664,700
WBGene00001067.,0,469,469
WBGene00001068.,112,3643,3755
WBGene00001069.,5,917,922
WBGene00001070.,62,545,607
WBGene00001071.,32,797,829
WBGene00001072.,3,718,721
WBGene00001073.,150,4607,4757
WBGene00001074.,60,917,977
WBGene00001075.,27,98,125
WBGene00001076.,1,245,246
WBGene00001077.,135,4015,4150
WBGene00001078.,155,1079,1234
WBGene00001079.,21,219,240
WBGene00001080.,755,3526,4281
WBGene00001081.,167,6272,6439
WBGene00001082.,243,2845,3088
WBGene00001085.,133,2998,3131
WBGene00001086.,154,3606,3760
WBGene00001087.,1779,1546,3325
WBGene00001088.,497,15696,16193
WBGene00001089.,239,1869,2108
WBGene00001090.,44,869,913
WBGene00001091.,185,1408,1593
WBGene00001092.,1,98,99
WBGene00001093.,61,3376,3437
WBGene00001094.,43,11590,11633
WBGene00001095.,61,626,687
WBGene00001096.,6,273,279
WBGene00001099.,5,270,275
WBGene00001101.,612,5101,5713
WBGene00001102.,41,1444,1485
WBGene00001103.,0,7,7
WBGene00001104.,3,1,4
WBGene00001105.,2,15,17
WBGene00001106.,4,16,20
WBGene00001107.,20,109,129
WBGene00001108.,2,8,10
WBGene00001109.,0,76,76
WBGene00001110.,15,300,315
WBGene00001111.,37,4,41
WBGene00001112.,101,1158,1259
WBGene00001113.,1498,16066,17564
WBGene00001115.,450,1942,2392
WBGene00001116.,299,2762,3061
WBGene00001117.,23,368,391
WBGene00001118.,56,158,214
WBGene00001119.,24,261,285
WBGene00001121.,56,189,245
WBGene00001122.,22,696,718
WBGene00001123.,6,123,129
WBGene00001127.,42,270,312
WBGene00001129.,13,104,117
WBGene00001130.,99,1141,1240
WBGene00001131.,1328,14705,16033
WBGene00001132.,367,6435,6802
WBGene00001133.,5,25,30
WBGene00001134.,209,4835,5044
WBGene00001135.,42,494,536
WBGene00001136.,43,150,193
WBGene00001137.,291,24591,24882
WBGene00001145.,1426,11724,13150
WBGene00001147.,0,9,9
WBGene00001148.,1309,378,1687
WBGene00001149.,234,23705,23939
WBGene00001150.,4,14,18
WBGene00001151.,107,2033,2140
WBGene00001152.,6,849,855
WBGene00001153.,4,2222,2226
WBGene00001154.,34,2919,2953
WBGene00001155.,4982,55984,60966
WBGene00001156.,81,1007,1088
WBGene00001157.,32,194,226
WBGene00001158.,0,7,7
WBGene00001159.,26,359,385
WBGene00001160.,89,3480,3569
WBGene00001161.,236,1017,1253
WBGene00001162.,508,604,1112
WBGene00001163.,185,4063,4248
WBGene00001164.,2,9,11
WBGene00001165.,50,237,287
WBGene00001166.,55,8207,8262
WBGene00001167.,6128,285069,291197
WBGene00001168.,13929,690265,704194
WBGene00001169.,163,123942,124105
WBGene00001170.,24,361,385
WBGene00001171.,121,237,358
WBGene00001172.,182,5316,5498
WBGene00001173.,2268,7374,9642
WBGene00001174.,17,361,378
WBGene00001175.,12,109,121
WBGene00001177.,1667,4142,5809
WBGene00001178.,407,2008,2415
WBGene00001179.,321,1551,1872
WBGene00001182.,105,1813,1918
WBGene00001184.,115,1389,1504
WBGene00001185.,17,459,476
WBGene00001186.,384,1850,2234
WBGene00001187.,289,4618,4907
WBGene00001188.,169,955,1124
WBGene00001189.,569,9903,10472
WBGene00001190.,191,450,641
WBGene00001193.,4,343,347
WBGene00001194.,449,7680,8129
WBGene00001196.,690,21223,21913
WBGene00001202.,63,141,204
WBGene00001204.,51,243,294
WBGene00001207.,15,182,197
WBGene00001208.,538,2408,2946
WBGene00001209.,126,15902,16028
WBGene00001210.,41,2876,2917
WBGene00001211.,32,149,181
WBGene00001214.,31,690,721
WBGene00001215.,382,2386,2768
WBGene00001223.,3,7,10
WBGene00001224.,28,2342,2370
WBGene00001225.,33,8993,9026
WBGene00001226.,415,21159,21574
WBGene00001227.,1603,16964,18567
WBGene00001228.,50,4140,4190
WBGene00001229.,69,4797,4866
WBGene00001230.,81,9519,9600
WBGene00001231.,71,5431,5502
WBGene00001232.,285,5277,5562
WBGene00001233.,508,6978,7486
WBGene00001234.,5,10736,10741
WBGene00001235.,130,3573,3703
WBGene00001236.,58,1444,1502
WBGene00001237.,14,125,139
WBGene00001239.,265,11839,12104
WBGene00001240.,108,3211,3319
WBGene00001241.,297,5124,5421
WBGene00001242.,2,101,103
WBGene00001243.,109,2214,2323
WBGene00001244.,420,4677,5097
WBGene00001245.,1,3,4
WBGene00001246.,2,33,35
WBGene00001247.,37,387,424
WBGene00001248.,222,926,1148
WBGene00001249.,15,1664,1679
WBGene00001250.,5,97,102
WBGene00001251.,49,1307,1356
WBGene00001252.,4,49,53
WBGene00001253.,82,1044,1126
WBGene00001258.,787,6160,6947
WBGene00001259.,128,6378,6506
WBGene00001262.,70,2087,2157
WBGene00001263.,1191,53201,54392
WBGene00001281.,89,1469,1558
WBGene00001284.,167,2147,2314
WBGene00001303.,343,35823,36166
WBGene00001309.,168,4896,5064
WBGene00001310.,11,6,17
WBGene00001311.,2,4,6
WBGene00001320.,7,2665,2672
WBGene00001324.,67,1405,1472
WBGene00001325.,228,1320,1548
WBGene00001328.,272,20981,21253
WBGene00001329.,72,3693,3765
WBGene00001330.,456,2412,2868
WBGene00001331.,112,6956,7068
WBGene00001332.,109,747,856
WBGene00001333.,260,3563,3823
WBGene00001334.,327,2588,2915
WBGene00001335.,152,2019,2171
WBGene00001336.,419,7397,7816
WBGene00001337.,1132,13982,15114
WBGene00001338.,67,2066,2133
WBGene00001340.,520,5066,5586
WBGene00001345.,1031,1212,2243
WBGene00001352.,257,3727,3984
WBGene00001358.,61,479,540
WBGene00001362.,15,74,89
WBGene00001365.,238,2024,2262
WBGene00001366.,465,2579,3044
WBGene00001368.,184,1610,1794
WBGene00001371.,50,966,1016
WBGene00001372.,102,558,660
WBGene00001373.,125,209,334
WBGene00001374.,379,970,1349
WBGene00001377.,122,422,544
WBGene00001385.,64609,1106472,1171081
WBGene00001386.,1705,67229,68934
WBGene00001387.,26,186,212
WBGene00001388.,1,12,13
WBGene00001389.,30,539,569
WBGene00001390.,35,911,946
WBGene00001391.,64,1190,1254
WBGene00001392.,221,17628,17849
WBGene00001393.,103,13739,13842
WBGene00001394.,80,9238,9318
WBGene00001395.,588,8172,8760
WBGene00001396.,77,3444,3521
WBGene00001397.,0,75,75
WBGene00001398.,118,2495,2613
WBGene00001399.,1,11,12
WBGene00001400.,5,147,152
WBGene00001401.,5,319,324
WBGene00001402.,0,361,361
WBGene00001403.,157,1503,1660
WBGene00001404.,1463,22810,24273
WBGene00001405.,23,1845,1868
WBGene00001406.,280,828,1108
WBGene00001410.,116,532,648
WBGene00001411.,49,1748,1797
WBGene00001412.,19,1091,1110
WBGene00001413.,25,279,304
WBGene00001414.,1,18,19
WBGene00001423.,465,66465,66930
WBGene00001424.,0,6,6
WBGene00001425.,302,2488,2790
WBGene00001426.,263,11330,11593
WBGene00001427.,2145,110534,112679
WBGene00001428.,10,1924,1934
WBGene00001429.,26,981,1007
WBGene00001430.,174,5894,6068
WBGene00001431.,118,8858,8976
WBGene00001432.,84,531,615
WBGene00001433.,102,1492,1594
WBGene00001434.,0,279,279
WBGene00001435.,0,0,0
WBGene00001436.,0,1,1
WBGene00001437.,2,59,61
WBGene00001438.,7,126,133
WBGene00001439.,1897,2561,4458
WBGene00001440.,19,260,279
WBGene00001441.,186,2735,2921
WBGene00001442.,0,120,120
WBGene00001443.,551,3447,3998
WBGene00001444.,3042,30804,33846
WBGene00001445.,85,1235,1320
WBGene00001446.,8,267,275
WBGene00001447.,113,1749,1862
WBGene00001448.,380,7917,8297
WBGene00001449.,137,1473,1610
WBGene00001450.,15,1031,1046
WBGene00001451.,144,2116,2260
WBGene00001452.,85,8052,8137
WBGene00001453.,1,886,887
WBGene00001454.,2,2862,2864
WBGene00001455.,143,4255,4398
WBGene00001456.,7,1364,1371
WBGene00001457.,1773,14743,16516
WBGene00001458.,250,2844,3094
WBGene00001459.,84,3066,3150
WBGene00001460.,20,394,414
WBGene00001461.,743,4457,5200
WBGene00001462.,49,6175,6224
WBGene00001463.,40,1375,1415
WBGene00001464.,124,2602,2726
WBGene00001465.,4,28,32
WBGene00001466.,6,200,206
WBGene00001468.,7,56,63
WBGene00001470.,113,2723,2836
WBGene00001475.,153,1816,1969
WBGene00001476.,32,208,240
WBGene00001477.,22,581,603
WBGene00001478.,36,179,215
WBGene00001479.,23,302,325
WBGene00001480.,1807,14622,16429
WBGene00001481.,32,482,514
WBGene00001482.,3,209,212
WBGene00001483.,12,184,196
WBGene00001484.,386,1228,1614
WBGene00001485.,591,902,1493
WBGene00001486.,41,585,626
WBGene00001487.,4,4,8
WBGene00001488.,950,33437,34387
WBGene00001489.,251,1778,2029
WBGene00001490.,171,1853,2024
WBGene00001491.,612,4290,4902
WBGene00001492.,74,40,114
WBGene00001493.,126,1707,1833
WBGene00001494.,320,1133,1453
WBGene00001495.,0,3,3
WBGene00001496.,1037,3661,4698
WBGene00001497.,141,7265,7406
WBGene00001498.,515,6868,7383
WBGene00001499.,11,622,633
WBGene00001500.,37,344,381
WBGene00001501.,771,6799,7570
WBGene00001502.,583,56306,56889
WBGene00001503.,160,15120,15280
WBGene00001505.,17,275,292
WBGene00001506.,6,47,53
WBGene00001507.,22,127,149
WBGene00001508.,182,911,1093
WBGene00001509.,124,3016,3140
WBGene00001510.,197,1487,1684
WBGene00001511.,34,1537,1571
WBGene00001512.,62,202,264
WBGene00001513.,5,1686,1691
WBGene00001514.,18,396,414
WBGene00001515.,31,173,204
WBGene00001516.,611,2418,3029
WBGene00001517.,48,348,396
WBGene00001518.,197,1231,1428
WBGene00001519.,271,1942,2213
WBGene00001520.,185,10980,11165
WBGene00001522.,38,240,278
WBGene00001523.,97,2004,2101
WBGene00001526.,83,1148,1231
WBGene00001527.,25,1444,1469
WBGene00001528.,2,1,3
WBGene00001529.,2,2,4
WBGene00001530.,3,21,24
WBGene00001531.,10,17,27
WBGene00001532.,0,49,49
WBGene00001533.,12,18,30
WBGene00001534.,14,39,53
WBGene00001535.,12,74,86
WBGene00001536.,14,71,85
WBGene00001537.,554,609,1163
WBGene00001538.,56,901,957
WBGene00001539.,25,28,53
WBGene00001540.,6,12,18
WBGene00001541.,3,59,62
WBGene00001542.,11,35,46
WBGene00001543.,9,70,79
WBGene00001544.,17,51,68
WBGene00001545.,0,11,11
WBGene00001546.,6,22,28
WBGene00001547.,30,150,180
WBGene00001548.,8,45,53
WBGene00001549.,23,93,116
WBGene00001550.,4,16,20
WBGene00001551.,64,90,154
WBGene00001552.,41,448,489
WBGene00001553.,49,415,464
WBGene00001554.,82,639,721
WBGene00001555.,235,751,986
WBGene00001556.,138,1073,1211
WBGene00001557.,79,607,686
WBGene00001558.,66,9038,9104
WBGene00001559.,198,1019,1217
WBGene00001560.,17,127,144
WBGene00001561.,1079,7896,8975
WBGene00001562.,89,2112,2201
WBGene00001563.,92,2878,2970
WBGene00001564.,1361,79569,80930
WBGene00001565.,164,1947,2111
WBGene00001566.,88,2407,2495
WBGene00001568.,58,1135,1193
WBGene00001569.,1,91,92
WBGene00001570.,140,2734,2874
WBGene00001571.,8,422,430
WBGene00001572.,755,7205,7960
WBGene00001574.,300,2441,2741
WBGene00001575.,21,208,229
WBGene00001577.,46,227,273
WBGene00001578.,20,192,212
WBGene00001579.,116,1781,1897
WBGene00001580.,71,1518,1589
WBGene00001581.,3,323,326
WBGene00001582.,294,2095,2389
WBGene00001583.,21,626,647
WBGene00001584.,233,1221,1454
WBGene00001585.,69,1676,1745
WBGene00001586.,76,184,260
WBGene00001587.,79,320,399
WBGene00001588.,17,250,267
WBGene00001589.,356,1362,1718
WBGene00001590.,35,1153,1188
WBGene00001591.,0,47,47
WBGene00001592.,27,251,278
WBGene00001593.,25,175,200
WBGene00001594.,106,1049,1155
WBGene00001595.,4,269,273
WBGene00001596.,150,3341,3491
WBGene00001597.,14,338,352
WBGene00001598.,75,3946,4021
WBGene00001599.,8,389,397
WBGene00001600.,2,271,273
WBGene00001601.,2,605,607
WBGene00001602.,58,1477,1535
WBGene00001603.,1,26,27
WBGene00001604.,136,16778,16914
WBGene00001605.,0,11,11
WBGene00001606.,24,515,539
WBGene00001607.,14,225,239
WBGene00001608.,15,49,64
WBGene00001609.,18,457,475
WBGene00001612.,18,108,126
WBGene00001613.,168,484,652
WBGene00001614.,8,78,86
WBGene00001615.,173,531,704
WBGene00001616.,54,493,547
WBGene00001617.,256,600,856
WBGene00001618.,26,53,79
WBGene00001619.,23,132,155
WBGene00001620.,91,3810,3901
WBGene00001621.,12,79,91
WBGene00001622.,25,469,494
WBGene00001623.,8,245,253
WBGene00001624.,15,39,54
WBGene00001625.,4,23,27
WBGene00001626.,3,8,11
WBGene00001627.,33,351,384
WBGene00001628.,33,1101,1134
WBGene00001629.,302,1179,1481
WBGene00001630.,784,1529,2313
WBGene00001631.,264,1732,1996
WBGene00001632.,51,1788,1839
WBGene00001633.,97,786,883
WBGene00001635.,69,1768,1837
WBGene00001636.,155,637,792
WBGene00001637.,108,1009,1117
WBGene00001638.,19,471,490
WBGene00001639.,53,86,139
WBGene00001640.,23,2,25
WBGene00001641.,0,0,0
WBGene00001642.,0,1,1
WBGene00001643.,16,197,213
WBGene00001644.,7,52,59
WBGene00001645.,80,1183,1263
WBGene00001646.,0,1095,1095
WBGene00001647.,1,615,616
WBGene00001648.,430,10906,11336
WBGene00001649.,113,2760,2873
WBGene00001650.,451,2708,3159
WBGene00001651.,333,1582,1915
WBGene00001653.,125,1517,1642
WBGene00001660.,43,712,755
WBGene00001661.,145,2066,2211
WBGene00001662.,88,3664,3752
WBGene00001663.,69,780,849
WBGene00001664.,6,249,255
WBGene00001665.,7,150,157
WBGene00001666.,9,478,487
WBGene00001667.,7,24,31
WBGene00001668.,3,43,46
WBGene00001669.,252,1396,1648
WBGene00001670.,22,152,174
WBGene00001671.,104,1664,1768
WBGene00001672.,10,55,65
WBGene00001673.,47,77,124
WBGene00001674.,24,290,314
WBGene00001675.,3,37,40
WBGene00001676.,61,144,205
WBGene00001677.,24,253,277
WBGene00001678.,223,620,843
WBGene00001679.,366,14447,14813
WBGene00001680.,82,2490,2572
WBGene00001681.,11,541,552
WBGene00001682.,397,19246,19643
WBGene00001683.,61,731,792
WBGene00001684.,42,50092,50134
WBGene00001685.,27,55878,55905
WBGene00001686.,61,1011,1072
WBGene00001687.,1,31,32
WBGene00001688.,16,913,929
WBGene00001689.,21,1050,1071
WBGene00001690.,6,39,45
WBGene00001691.,1,0,1
WBGene00001692.,449,19695,20144
WBGene00001693.,2,20,22
WBGene00001694.,12,3411,3423
WBGene00001695.,3,27,30
WBGene00001696.,9,28,37
WBGene00001697.,3,6,9
WBGene00001698.,9,37,46
WBGene00001699.,417,57433,57850
WBGene00001700.,7,3,10
WBGene00001701.,0,40,40
WBGene00001702.,2227,22266,24493
WBGene00001703.,4,76,80
WBGene00001704.,0,43,43
WBGene00001705.,15,81,96
WBGene00001706.,14,425,439
WBGene00001707.,103,382,485
WBGene00001708.,379,2408,2787
WBGene00001709.,72,733,805
WBGene00001710.,18,31,49
WBGene00001711.,0,11,11
WBGene00001712.,0,12,12
WBGene00001713.,23,3895,3918
WBGene00001714.,2,109,111
WBGene00001715.,2,5,7
WBGene00001716.,7,95,102
WBGene00001717.,2,77,79
WBGene00001718.,1,26,27
WBGene00001719.,14,479,493
WBGene00001720.,0,8,8
WBGene00001721.,6,83,89
WBGene00001722.,2,1,3
WBGene00001723.,10,25,35
WBGene00001724.,37,196,233
WBGene00001725.,2,80,82
WBGene00001726.,2,13,15
WBGene00001727.,6,29,35
WBGene00001728.,0,2,2
WBGene00001729.,4,43,47
WBGene00001730.,0,22,22
WBGene00001731.,2,25,27
WBGene00001732.,0,8,8
WBGene00001733.,0,11,11
WBGene00001734.,1,4,5
WBGene00001735.,2,11,13
WBGene00001736.,7,10,17
WBGene00001737.,0,1,1
WBGene00001738.,0,0,0
WBGene00001739.,0,1,1
WBGene00001740.,110,624,734
WBGene00001743.,60,1009,1069
WBGene00001744.,250,6704,6954
WBGene00001745.,692,3976,4668
WBGene00001746.,235,3413,3648
WBGene00001747.,139,7373,7512
WBGene00001748.,457,9452,9909
WBGene00001749.,2,4456,4458
WBGene00001750.,82,594,676
WBGene00001751.,104,2384,2488
WBGene00001752.,5,503,508
WBGene00001753.,400,21333,21733
WBGene00001754.,0,531,531
WBGene00001755.,161,21505,21666
WBGene00001756.,2,157,159
WBGene00001757.,45,191,236
WBGene00001758.,11,2641,2652
WBGene00001759.,18,399,417
WBGene00001760.,7,655,662
WBGene00001761.,20,424,444
WBGene00001762.,0,57,57
WBGene00001763.,0,275,275
WBGene00001764.,5,467,472
WBGene00001765.,2,2,4
WBGene00001766.,0,0,0
WBGene00001767.,1,221,222
WBGene00001768.,49,8750,8799
WBGene00001769.,25,521,546
WBGene00001770.,3,435,438
WBGene00001771.,1,208,209
WBGene00001772.,4,4814,4818
WBGene00001773.,1,278,279
WBGene00001774.,1,495,496
WBGene00001775.,1,1803,1804
WBGene00001776.,16,917,933
WBGene00001777.,4,21,25
WBGene00001778.,2,114,116
WBGene00001779.,0,100,100
WBGene00001780.,2,134,136
WBGene00001781.,66,1345,1411
WBGene00001782.,49,94,143
WBGene00001783.,42,357,399
WBGene00001784.,161,1689,1850
WBGene00001785.,1,8,9
WBGene00001786.,0,163,163
WBGene00001787.,1,2127,2128
WBGene00001788.,85,782,867
WBGene00001789.,0,384,384
WBGene00001790.,47,1202,1249
WBGene00001791.,181,1597,1778
WBGene00001792.,11,409,420
WBGene00001793.,1184,5496,6680
WBGene00001794.,3775,42325,46100
WBGene00001795.,23,215,238
WBGene00001796.,39,179,218
WBGene00001803.,22,256,278
WBGene00001804.,26,48,74
WBGene00001805.,52,468,520
WBGene00001806.,18,114,132
WBGene00001808.,483,3468,3951
WBGene00001811.,26,304,330
WBGene00001812.,52,1054,1106
WBGene00001813.,213,2236,2449
WBGene00001814.,20,612,632
WBGene00001815.,73,776,849
WBGene00001816.,260,976,1236
WBGene00001817.,26,847,873
WBGene00001818.,8,2,10
WBGene00001819.,17,465,482
WBGene00001820.,26,1377,1403
WBGene00001821.,67,560,627
WBGene00001823.,78,1479,1557
WBGene00001824.,72,2125,2197
WBGene00001827.,88,2292,2380
WBGene00001828.,0,0,0
WBGene00001829.,29,1783,1812
WBGene00001830.,30,1567,1597
WBGene00001831.,18,1677,1695
WBGene00001832.,88,1949,2037
WBGene00001833.,116,3261,3377
WBGene00001834.,15,3150,3165
WBGene00001835.,0,729,729
WBGene00001836.,92,1307,1399
WBGene00001837.,778,1322,2100
WBGene00001838.,77,360,437
WBGene00001839.,72,129,201
WBGene00001840.,729,20634,21363
WBGene00001841.,3,182,185
WBGene00001842.,6,122,128
WBGene00001843.,249,2115,2364
WBGene00001844.,33,1159,1192
WBGene00001851.,383,9344,9727
WBGene00001852.,47,232,279
WBGene00001853.,153,49983,50136
WBGene00001854.,105,29672,29777
WBGene00001855.,19,8806,8825
WBGene00001856.,8,8408,8416
WBGene00001857.,1,130,131
WBGene00001858.,403,6205,6608
WBGene00001859.,7,7,14
WBGene00001860.,119,4209,4328
WBGene00001862.,3,238,241
WBGene00001863.,1201,15792,16993
WBGene00001864.,184,1095,1279
WBGene00001865.,36,408,444
WBGene00001867.,35,548,583
WBGene00001869.,18,1436,1454
WBGene00001872.,46,150,196
WBGene00001874.,25,1265,1290
WBGene00001875.,0,1985,1985
WBGene00001876.,0,1506,1506
WBGene00001877.,0,2649,2649
WBGene00001878.,0,1874,1874
WBGene00001879.,0,1504,1504
WBGene00001880.,0,2054,2054
WBGene00001881.,0,1586,1586
WBGene00001882.,0,401,401
WBGene00001883.,0,41,41
WBGene00001884.,0,0,0
WBGene00001885.,0,47,47
WBGene00001886.,0,0,0
WBGene00001887.,0,0,0
WBGene00001888.,0,0,0
WBGene00001889.,0,0,0
WBGene00001890.,0,106,106
WBGene00001891.,0,195,195
WBGene00001892.,0,1129,1129
WBGene00001893.,0,0,0
WBGene00001894.,0,0,0
WBGene00001895.,0,0,0
WBGene00001896.,0,0,0
WBGene00001898.,52,100602,100654
WBGene00001899.,0,56,56
WBGene00001900.,0,301,301
WBGene00001901.,0,0,0
WBGene00001902.,0,0,0
WBGene00001903.,0,6,6
WBGene00001904.,0,1,1
WBGene00001905.,0,507,507
WBGene00001906.,0,5989,5989
WBGene00001907.,0,0,0
WBGene00001908.,0,0,0
WBGene00001909.,985,39411,40396
WBGene00001910.,406,20276,20682
WBGene00001911.,1181,67041,68222
WBGene00001912.,0,171,171
WBGene00001913.,0,10,10
WBGene00001914.,0,148,148
WBGene00001915.,980,50723,51703
WBGene00001916.,0,158,158
WBGene00001917.,0,0,0
WBGene00001918.,0,0,0
WBGene00001919.,0,13,13
WBGene00001920.,0,0,0
WBGene00001921.,0,8,8
WBGene00001922.,0,1217,1217
WBGene00001923.,0,0,0
WBGene00001924.,0,0,0
WBGene00001925.,0,0,0
WBGene00001926.,0,0,0
WBGene00001927.,0,0,0
WBGene00001928.,0,0,0
WBGene00001929.,0,10,10
WBGene00001930.,0,0,0
WBGene00001931.,70,1081,1151
WBGene00001932.,0,31,31
WBGene00001933.,0,5343,5343
WBGene00001934.,0,7145,7145
WBGene00001935.,0,1671,1671
WBGene00001936.,0,3912,3912
WBGene00001937.,0,1369,1369
WBGene00001938.,0,3300,3300
WBGene00001939.,0,20,20
WBGene00001940.,0,54,54
WBGene00001941.,0,715,715
WBGene00001942.,0,3678,3678
WBGene00001943.,0,25,25
WBGene00001944.,0,45,45
WBGene00001945.,106,9227,9333
WBGene00001946.,932,50599,51531
WBGene00001947.,0,0,0
WBGene00001948.,502,3368,3870
WBGene00001949.,23,1715,1738
WBGene00001950.,6,1359,1365
WBGene00001951.,53,663,716
WBGene00001952.,20,473,493
WBGene00001953.,38,397,435
WBGene00001954.,8,94,102
WBGene00001955.,205,6573,6778
WBGene00001956.,0,1,1
WBGene00001957.,26,293,319
WBGene00001958.,6,596,602
WBGene00001959.,1,44,45
WBGene00001960.,4,112,116
WBGene00001961.,8,60,68
WBGene00001962.,0,2,2
WBGene00001963.,5,62,67
WBGene00001964.,0,0,0
WBGene00001965.,0,0,0
WBGene00001966.,0,23,23
WBGene00001967.,0,0,0
WBGene00001968.,0,0,0
WBGene00001971.,152,42951,43103
WBGene00001972.,462,13676,14138
WBGene00001973.,4,769,773
WBGene00001974.,79,6018,6097
WBGene00001975.,56,1985,2041
WBGene00001976.,0,28,28
WBGene00001977.,1,2576,2577
WBGene00001978.,190,3030,3220
WBGene00001979.,48,1342,1390
WBGene00001980.,1622,2364,3986
WBGene00001981.,0,17,17
WBGene00001983.,109,1431,1540
WBGene00001984.,92,502,594
WBGene00001985.,3,62,65
WBGene00001986.,152,1543,1695
WBGene00001987.,406,387,793
WBGene00001988.,21,519,540
WBGene00001989.,66,353,419
WBGene00001990.,94,1919,2013
WBGene00001991.,18,227,245
WBGene00001992.,27,397,424
WBGene00001993.,29,2975,3004
WBGene00001994.,206,4424,4630
WBGene00001995.,83,1688,1771
WBGene00001996.,377,1517,1894
WBGene00001997.,168,407,575
WBGene00001998.,34,270,304
WBGene00001999.,75,25607,25682
WBGene00002000.,366,13508,13874
WBGene00002001.,273,4573,4846
WBGene00002002.,100,4013,4113
WBGene00002003.,64,507,571
WBGene00002004.,426,1337,1763
WBGene00002005.,544,107618,108162
WBGene00002006.,0,1,1
WBGene00002007.,430,34008,34438
WBGene00002008.,178,2553,2731
WBGene00002010.,64,15035,15099
WBGene00002011.,400,8688,9088
WBGene00002012.,13,680,693
WBGene00002013.,32,82,114
WBGene00002015.,0,0,0
WBGene00002016.,15,6841,6856
WBGene00002017.,0,699,699
WBGene00002018.,22,5944,5966
WBGene00002019.,0,12,12
WBGene00002020.,0,1,1
WBGene00002021.,152,1950,2102
WBGene00002023.,623,21177,21800
WBGene00002024.,31,941,972
WBGene00002025.,1042,52667,53709
WBGene00002026.,5,412,417
WBGene00002027.,205,8465,8670
WBGene00002028.,13,521,534
WBGene00002029.,16,261,277
WBGene00002030.,60,361,421
WBGene00002031.,41,526,567
WBGene00002032.,10,379,389
WBGene00002033.,8,122,130
WBGene00002034.,4,475,479
WBGene00002035.,204,1586,1790
WBGene00002036.,189,1724,1913
WBGene00002037.,48,546,594
WBGene00002038.,153,946,1099
WBGene00002039.,81,464,545
WBGene00002040.,277,2746,3023
WBGene00002041.,29,232,261
WBGene00002042.,36,607,643
WBGene00002043.,95,612,707
WBGene00002044.,30,1449,1479
WBGene00002045.,9773,145070,154843
WBGene00002046.,177,2491,2668
WBGene00002047.,74,2639,2713
WBGene00002048.,494,3192,3686
WBGene00002050.,437,4407,4844
WBGene00002051.,4,34,38
WBGene00002052.,41,806,847
WBGene00002053.,218,9036,9254
WBGene00002054.,26,1900,1926
WBGene00002055.,4,873,877
WBGene00002056.,131,1084,1215
WBGene00002057.,11,156,167
WBGene00002058.,14,244,258
WBGene00002059.,127,4962,5089
WBGene00002060.,81,8330,8411
WBGene00002061.,11,2343,2354
WBGene00002062.,44,1183,1227
WBGene00002063.,71,317,388
WBGene00002064.,1359,12112,13471
WBGene00002065.,661,159911,160572
WBGene00002066.,431,14959,15390
WBGene00002067.,44,562,606
WBGene00002068.,12,1143,1155
WBGene00002069.,500,4058,4558
WBGene00002070.,68,2920,2988
WBGene00002071.,45,3554,3599
WBGene00002072.,28,807,835
WBGene00002073.,12,3132,3144
WBGene00002074.,94,7301,7395
WBGene00002075.,174,1961,2135
WBGene00002076.,510,1413,1923
WBGene00002077.,318,17391,17709
WBGene00002078.,294,4984,5278
WBGene00002079.,31,1342,1373
WBGene00002080.,192,1941,2133
WBGene00002081.,35,1322,1357
WBGene00002083.,83,29733,29816
WBGene00002084.,14,771,785
WBGene00002085.,0,23,23
WBGene00002086.,8,374,382
WBGene00002087.,1,17,18
WBGene00002088.,9,249,258
WBGene00002089.,18,316,334
WBGene00002090.,2,0,2
WBGene00002091.,2,1,3
WBGene00002092.,4,68,72
WBGene00002093.,10,141,151
WBGene00002094.,6,44,50
WBGene00002095.,9,23,32
WBGene00002096.,15,36,51
WBGene00002097.,8,133,141
WBGene00002098.,1,13,14
WBGene00002099.,0,5,5
WBGene00002100.,32,1975,2007
WBGene00002101.,176,961,1137
WBGene00002102.,2,5,7
WBGene00002103.,0,4,4
WBGene00002104.,2,7,9
WBGene00002105.,3,99,102
WBGene00002106.,0,1,1
WBGene00002107.,7,97,104
WBGene00002108.,21,57,78
WBGene00002109.,110,1601,1711
WBGene00002110.,581,3421,4002
WBGene00002111.,20,274,294
WBGene00002112.,26,145,171
WBGene00002113.,28,1014,1042
WBGene00002114.,1,28,29
WBGene00002115.,0,2,2
WBGene00002116.,27,142,169
WBGene00002117.,1,18,19
WBGene00002118.,11,116,127
WBGene00002119.,21,38,59
WBGene00002120.,0,232,232
WBGene00002121.,0,1,1
WBGene00002123.,772,2623,3395
WBGene00002124.,0,110,110
WBGene00002125.,1,407,408
WBGene00002127.,16,2784,2800
WBGene00002128.,35,659,694
WBGene00002129.,47,1459,1506
WBGene00002130.,7,85,92
WBGene00002131.,4,84,88
WBGene00002132.,20,916,936
WBGene00002133.,96,461,557
WBGene00002134.,192,8155,8347
WBGene00002135.,139,6491,6630
WBGene00002136.,19,312,331
WBGene00002137.,9,144,153
WBGene00002138.,6,39,45
WBGene00002139.,0,69,69
WBGene00002140.,315,1445,1760
WBGene00002141.,69,90,159
WBGene00002142.,16,172,188
WBGene00002143.,44,130,174
WBGene00002144.,4,62,66
WBGene00002146.,75,1035,1110
WBGene00002147.,312,830,1142
WBGene00002148.,136,1927,2063
WBGene00002149.,84,172,256
WBGene00002150.,159,209,368
WBGene00002151.,112,467,579
WBGene00002152.,626,8796,9422
WBGene00002153.,35,1531,1566
WBGene00002162.,2835,48706,51541
WBGene00002163.,207,842,1049
WBGene00002169.,314,3447,3761
WBGene00002173.,208,1182,1390
WBGene00002174.,30,372,402
WBGene00002175.,558,1606,2164
WBGene00002176.,462,883,1345
WBGene00002177.,31,215,246
WBGene00002178.,80,974,1054
WBGene00002179.,507,6692,7199
WBGene00002180.,11,713,724
WBGene00002181.,123,813,936
WBGene00002182.,68,292,360
WBGene00002183.,1074,22405,23479
WBGene00002184.,259,842,1101
WBGene00002185.,1182,1889,3071
WBGene00002186.,1,13,14
WBGene00002187.,333,2648,2981
WBGene00002188.,3,1,4
WBGene00002189.,2853,10618,13471
WBGene00002190.,562,11150,11712
WBGene00002191.,834,13985,14819
WBGene00002192.,201,1368,1569
WBGene00002193.,2,7,9
WBGene00002194.,67,325,392
WBGene00002195.,25,314,339
WBGene00002196.,119,7036,7155
WBGene00002198.,185,291,476
WBGene00002199.,44,359,403
WBGene00002200.,39,348,387
WBGene00002201.,87,2109,2196
WBGene00002202.,283,16016,16299
WBGene00002203.,262,2568,2830
WBGene00002204.,0,1,1
WBGene00002205.,7,31,38
WBGene00002206.,0,2,2
WBGene00002207.,107,710,817
WBGene00002208.,1,6,7
WBGene00002210.,462,2186,2648
WBGene00002211.,6,71,77
WBGene00002212.,1,1,2
WBGene00002213.,79,1064,1143
WBGene00002214.,37,1307,1344
WBGene00002215.,735,6079,6814
WBGene00002216.,165,2483,2648
WBGene00002217.,104,1927,2031
WBGene00002218.,16,89,105
WBGene00002219.,86,1463,1549
WBGene00002220.,80,1053,1133
WBGene00002221.,21,319,340
WBGene00002222.,2,15,17
WBGene00002223.,1409,4345,5754
WBGene00002224.,120,120,240
WBGene00002225.,0,588,588
WBGene00002226.,3,1439,1442
WBGene00002227.,7,11,18
WBGene00002228.,20,973,993
WBGene00002229.,33,2488,2521
WBGene00002230.,243,564,807
WBGene00002231.,52,2146,2198
WBGene00002232.,156,2509,2665
WBGene00002233.,39,292,331
WBGene00002234.,6,24,30
WBGene00002235.,60,64,124
WBGene00002238.,27,16376,16403
WBGene00002239.,102,699,801
WBGene00002240.,325,565,890
WBGene00002241.,577,2696,3273
WBGene00002242.,137,311,448
WBGene00002243.,80,297,377
WBGene00002244.,305,6944,7249
WBGene00002245.,153,1071,1224
WBGene00002246.,0,607,607
WBGene00002247.,379,9011,9390
WBGene00002248.,13,84,97
WBGene00002249.,18,2463,2481
WBGene00002250.,16,3765,3781
WBGene00002251.,158,1239,1397
WBGene00002252.,58,151,209
WBGene00002253.,1269,6358,7627
WBGene00002254.,15822,166529,182351
WBGene00002255.,3626,32494,36120
WBGene00002256.,81,3805,3886
WBGene00002257.,334,5617,5951
WBGene00002258.,351,10182,10533
WBGene00002259.,8,284,292
WBGene00002260.,6,175,181
WBGene00002261.,381,2998,3379
WBGene00002262.,1940,37597,39537
WBGene00002263.,503,5289,5792
WBGene00002264.,260,14231,14491
WBGene00002265.,782,15436,16218
WBGene00002266.,463,9240,9703
WBGene00002267.,552,18231,18783
WBGene00002268.,1707,21876,23583
WBGene00002269.,551,8825,9376
WBGene00002270.,3,262,265
WBGene00002271.,93,7245,7338
WBGene00002272.,337,8100,8437
WBGene00002273.,41,14362,14403
WBGene00002274.,18,654,672
WBGene00002275.,11,983,994
WBGene00002276.,29,1030,1059
WBGene00002278.,388,1384,1772
WBGene00002280.,2831,80917,83748
WBGene00002282.,23,451,474
WBGene00002285.,0,1500,1500
WBGene00002295.,257,9655,9912
WBGene00002297.,114,849,963
WBGene00002299.,85,735,820
WBGene00002324.,26,985,1011
WBGene00002335.,137,6825,6962
WBGene00002344.,342,32143,32485
WBGene00002348.,36,5871,5907
WBGene00002363.,40,8247,8287
WBGene00002368.,3,298,301
WBGene00002393.,19,712,731
WBGene00002497.,687,3915,4602
WBGene00002583.,351,3972,4323
WBGene00002601.,105,780,885
WBGene00002632.,59,1136,1195
WBGene00002637.,289,14840,15129
WBGene00002694.,50,2082,2132
WBGene00002696.,174,5288,5462
WBGene00002717.,831,6711,7542
WBGene00002783.,1172,5387,6559
WBGene00002804.,15,5068,5083
WBGene00002827.,68,1332,1400
WBGene00002845.,138,3422,3560
WBGene00002850.,297,11277,11574
WBGene00002855.,127,7398,7525
WBGene00002879.,349,9679,10028
WBGene00002881.,536,5969,6505
WBGene00002889.,294,2866,3160
WBGene00002891.,62,3570,3632
WBGene00002915.,217,5290,5507
WBGene00002957.,155,4422,4577
WBGene00002974.,328,1627,1955
WBGene00002975.,33,252,285
WBGene00002976.,290,1602,1892
WBGene00002977.,113,24,137
WBGene00002978.,2704,254809,257513
WBGene00002979.,235,1297,1532
WBGene00002980.,155,37548,37703
WBGene00002981.,308,9075,9383
WBGene00002982.,55,883,938
WBGene00002983.,14,79,93
WBGene00002985.,58,2247,2305
WBGene00002986.,81,959,1040
WBGene00002987.,42,158,200
WBGene00002988.,35,411,446
WBGene00002989.,196,810,1006
WBGene00002990.,577,1837,2414
WBGene00002991.,330,2244,2574
WBGene00002992.,81,289,370
WBGene00002993.,0,0,0
WBGene00002994.,65,4014,4079
WBGene00002996.,104,978,1082
WBGene00002997.,79,775,854
WBGene00002998.,86,1845,1931
WBGene00002999.,530,3085,3615
WBGene00003000.,31,294,325
WBGene00003001.,61,271,332
WBGene00003002.,386,6300,6686
WBGene00003003.,1137,4883,6020
WBGene00003006.,304,526,830
WBGene00003007.,158,1038,1196
WBGene00003008.,32,188,220
WBGene00003009.,88,1854,1942
WBGene00003010.,444,3128,3572
WBGene00003011.,136,2011,2147
WBGene00003012.,31,1837,1868
WBGene00003014.,366,5732,6098
WBGene00003015.,58,113,171
WBGene00003017.,20,156,176
WBGene00003018.,47,1332,1379
WBGene00003019.,232,3641,3873
WBGene00003020.,264,1845,2109
WBGene00003021.,165,2689,2854
WBGene00003022.,90,745,835
WBGene00003024.,334,4408,4742
WBGene00003025.,356,7381,7737
WBGene00003026.,99,2492,2591
WBGene00003029.,14,466,480
WBGene00003030.,325,1705,2030
WBGene00003031.,16,394,410
WBGene00003033.,9,88,97
WBGene00003034.,166,1926,2092
WBGene00003035.,81,1021,1102
WBGene00003036.,12,8614,8626
WBGene00003037.,21,1236,1257
WBGene00003038.,10,888,898
WBGene00003039.,0,2,2
WBGene00003040.,309,3135,3444
WBGene00003041.,189,1955,2144
WBGene00003043.,81,1398,1479
WBGene00003044.,269,2420,2689
WBGene00003045.,218,1619,1837
WBGene00003046.,32,326,358
WBGene00003047.,279,2614,2893
WBGene00003048.,2545,4507,7052
WBGene00003052.,135,16544,16679
WBGene00003053.,16,5700,5716
WBGene00003055.,73,3017,3090
WBGene00003056.,135,676,811
WBGene00003057.,57,869,926
WBGene00003058.,1,3,4
WBGene00003059.,117,1716,1833
WBGene00003060.,962,3776,4738
WBGene00003061.,627,18605,19232
WBGene00003062.,58,7669,7727
WBGene00003063.,89,15404,15493
WBGene00003064.,6,1496,1502
WBGene00003065.,224,12150,12374
WBGene00003066.,47,2958,3005
WBGene00003067.,9,164,173
WBGene00003068.,202,1653,1855
WBGene00003071.,170,4221,4391
WBGene00003072.,320,5630,5950
WBGene00003073.,174,10260,10434
WBGene00003074.,84,1702,1786
WBGene00003075.,15,32,47
WBGene00003076.,169,3078,3247
WBGene00003077.,148,1539,1687
WBGene00003078.,46,5050,5096
WBGene00003079.,0,7880,7880
WBGene00003080.,119,2709,2828
WBGene00003081.,429,3802,4231
WBGene00003082.,111,1850,1961
WBGene00003083.,10,752,762
WBGene00003084.,102,1584,1686
WBGene00003085.,365,11106,11471
WBGene00003086.,523,1445,1968
WBGene00003087.,77,2665,2742
WBGene00003088.,0,0,0
WBGene00003089.,113,2002,2115
WBGene00003090.,2,1716,1718
WBGene00003091.,2,733,735
WBGene00003092.,1,149,150
WBGene00003093.,4,260,264
WBGene00003094.,2,26,28
WBGene00003095.,0,16,16
WBGene00003096.,1,137,138
WBGene00003097.,2,1198,1200
WBGene00003098.,0,3,3
WBGene00003099.,0,17,17
WBGene00003100.,30,21,51
WBGene00003102.,282,1356,1638
WBGene00003104.,13,49,62
WBGene00003106.,23,217,240
WBGene00003107.,33,46,79
WBGene00003111.,165,2516,2681
WBGene00003112.,143,1223,1366
WBGene00003114.,203,361,564
WBGene00003119.,288,2173,2461
WBGene00003123.,29,12938,12967
WBGene00003124.,397,3560,3957
WBGene00003129.,159,1944,2103
WBGene00003130.,356,4687,5043
WBGene00003132.,65,1972,2037
WBGene00003133.,236,2045,2281
WBGene00003134.,95,1055,1150
WBGene00003136.,95,835,930
WBGene00003142.,106,1144,1250
WBGene00003143.,339,2508,2847
WBGene00003144.,478,2612,3090
WBGene00003148.,37,10681,10718
WBGene00003149.,334,2311,2645
WBGene00003150.,536,5724,6260
WBGene00003151.,48,708,756
WBGene00003153.,3771,17242,21013
WBGene00003154.,89,3095,3184
WBGene00003155.,23,2848,2871
WBGene00003156.,23,3999,4022
WBGene00003157.,41,4426,4467
WBGene00003158.,76,3669,3745
WBGene00003159.,12,3155,3167
WBGene00003160.,146,4195,4341
WBGene00003161.,97,2397,2494
WBGene00003162.,80,34339,34419
WBGene00003163.,105,7693,7798
WBGene00003164.,20,498,518
WBGene00003165.,31,402,433
WBGene00003166.,435,1570,2005
WBGene00003167.,18,207,225
WBGene00003168.,70,221,291
WBGene00003169.,699,9556,10255
WBGene00003170.,114,595,709
WBGene00003171.,288,5992,6280
WBGene00003172.,50,2524,2574
WBGene00003173.,58,339,397
WBGene00003174.,15,104,119
WBGene00003175.,181,5025,5206
WBGene00003176.,7,28,35
WBGene00003177.,75,728,803
WBGene00003178.,63,5733,5796
WBGene00003179.,36,480,516
WBGene00003180.,0,4,4
WBGene00003181.,0,49,49
WBGene00003182.,448,2599,3047
WBGene00003183.,7,1128,1135
WBGene00003184.,10,307,317
WBGene00003185.,2,1646,1648
WBGene00003186.,136,2195,2331
WBGene00003196.,349,2073,2422
WBGene00003209.,439,1728,2167
WBGene00003210.,207,3493,3700
WBGene00003214.,167,3263,3430
WBGene00003216.,2,265,267
WBGene00003218.,88,5141,5229
WBGene00003219.,0,34,34
WBGene00003220.,99,800,899
WBGene00003221.,223,1245,1468
WBGene00003222.,69,1560,1629
WBGene00003224.,35,258,293
WBGene00003225.,945,21107,22052
WBGene00003228.,17,131,148
WBGene00003229.,223,2795,3018
WBGene00003230.,10,217,227
WBGene00003231.,0,72,72
WBGene00003232.,58,275,333
WBGene00003233.,63,315,378
WBGene00003234.,316,3067,3383
WBGene00003235.,454,3563,4017
WBGene00003236.,0,417,417
WBGene00003237.,138,797,935
WBGene00003238.,271,2418,2689
WBGene00003239.,91,3751,3842
WBGene00003241.,116,1828,1944
WBGene00003242.,1200,37605,38805
WBGene00003243.,555,3601,4156
WBGene00003245.,13,443,456
WBGene00003246.,296,939,1235
WBGene00003247.,498,5848,6346
WBGene00003248.,88,515,603
WBGene00003249.,339,7276,7615
WBGene00003252.,4,155,159
WBGene00003253.,31,2236,2267
WBGene00003254.,32,582,614
WBGene00003258.,773,532,1305
WBGene00003260.,0,26,26
WBGene00003261.,0,0,0
WBGene00003262.,0,1,1
WBGene00003263.,0,1,1
WBGene00003264.,0,0,0
WBGene00003265.,0,0,0
WBGene00003266.,0,0,0
WBGene00003267.,0,0,0
WBGene00003268.,0,0,0
WBGene00003269.,0,0,0
WBGene00003270.,0,0,0
WBGene00003271.,0,0,0
WBGene00003272.,0,1,1
WBGene00003273.,0,6,6
WBGene00003274.,0,4,4
WBGene00003275.,0,9,9
WBGene00003277.,0,0,0
WBGene00003278.,0,0,0
WBGene00003279.,0,7,7
WBGene00003280.,0,31,31
WBGene00003281.,0,44,44
WBGene00003282.,0,0,0
WBGene00003283.,0,0,0
WBGene00003284.,0,0,0
WBGene00003285.,0,2,2
WBGene00003286.,0,0,0
WBGene00003287.,0,0,0
WBGene00003288.,0,10,10
WBGene00003289.,0,2,2
WBGene00003290.,0,0,0
WBGene00003291.,0,14,14
WBGene00003292.,0,0,0
WBGene00003293.,0,0,0
WBGene00003294.,0,0,0
WBGene00003295.,0,0,0
WBGene00003296.,0,1,1
WBGene00003297.,0,14,14
WBGene00003298.,0,0,0
WBGene00003299.,0,0,0
WBGene00003300.,0,3,3
WBGene00003301.,0,0,0
WBGene00003302.,0,2,2
WBGene00003303.,0,1,1
WBGene00003304.,0,0,0
WBGene00003305.,0,0,0
WBGene00003306.,0,1,1
WBGene00003307.,0,4,4
WBGene00003308.,0,95,95
WBGene00003309.,0,0,0
WBGene00003310.,0,0,0
WBGene00003311.,0,6,6
WBGene00003312.,0,0,0
WBGene00003313.,0,0,0
WBGene00003314.,0,0,0
WBGene00003315.,0,0,0
WBGene00003316.,0,0,0
WBGene00003317.,0,0,0
WBGene00003318.,0,0,0
WBGene00003319.,0,0,0
WBGene00003321.,0,3,3
WBGene00003322.,0,0,0
WBGene00003323.,0,4,4
WBGene00003324.,0,66,66
WBGene00003325.,0,1,1
WBGene00003326.,0,0,0
WBGene00003327.,0,0,0
WBGene00003328.,0,18,18
WBGene00003329.,0,0,0
WBGene00003330.,0,2,2
WBGene00003331.,0,25,25
WBGene00003332.,0,11,11
WBGene00003333.,0,9,9
WBGene00003334.,0,0,0
WBGene00003335.,0,14,14
WBGene00003336.,0,2,2
WBGene00003337.,0,0,0
WBGene00003338.,0,135,135
WBGene00003339.,0,8,8
WBGene00003340.,0,1,1
WBGene00003341.,0,0,0
WBGene00003342.,0,1,1
WBGene00003343.,0,1,1
WBGene00003344.,0,0,0
WBGene00003345.,0,0,0
WBGene00003346.,0,0,0
WBGene00003347.,0,0,0
WBGene00003348.,0,0,0
WBGene00003349.,0,265,265
WBGene00003350.,0,0,0
WBGene00003351.,0,0,0
WBGene00003352.,0,0,0
WBGene00003353.,0,1,1
WBGene00003354.,0,0,0
WBGene00003355.,0,0,0
WBGene00003356.,0,1,1
WBGene00003357.,0,11,11
WBGene00003358.,0,0,0
WBGene00003359.,0,3,3
WBGene00003360.,0,0,0
WBGene00003361.,0,0,0
WBGene00003362.,0,0,0
WBGene00003363.,0,0,0
WBGene00003364.,0,0,0
WBGene00003365.,0,0,0
WBGene00003366.,0,0,0
WBGene00003367.,850,11153,12003
WBGene00003368.,49,1027,1076
WBGene00003369.,357,80291,80648
WBGene00003370.,30825,245119,275944
WBGene00003371.,13927,459189,473116
WBGene00003372.,575,8382,8957
WBGene00003373.,35,409,444
WBGene00003374.,298,1030,1328
WBGene00003375.,218,13461,13679
WBGene00003376.,93,500,593
WBGene00003377.,23,430,453
WBGene00003378.,630,3593,4223
WBGene00003380.,39,448,487
WBGene00003384.,18,459,477
WBGene00003385.,103,959,1062
WBGene00003386.,98,562,660
WBGene00003387.,132,107,239
WBGene00003388.,18,333,351
WBGene00003389.,73,3462,3535
WBGene00003390.,20,2062,2082
WBGene00003391.,1063,6836,7899
WBGene00003392.,128,2471,2599
WBGene00003393.,193,3977,4170
WBGene00003394.,17,140,157
WBGene00003395.,4,188,192
WBGene00003396.,228,1100,1328
WBGene00003397.,85,880,965
WBGene00003400.,289,874,1163
WBGene00003401.,372,3076,3448
WBGene00003402.,44,360,404
WBGene00003403.,29,118,147
WBGene00003404.,1267,5653,6920
WBGene00003405.,37,1601,1638
WBGene00003406.,86,4322,4408
WBGene00003407.,846,4688,5534
WBGene00003408.,226,1350,1576
WBGene00003409.,21,173,194
WBGene00003410.,0,46,46
WBGene00003411.,60,797,857
WBGene00003412.,110,841,951
WBGene00003413.,440,443,883
WBGene00003414.,211,200,411
WBGene00003415.,188,13082,13270
WBGene00003417.,79,816,895
WBGene00003418.,73,1303,1376
WBGene00003420.,8,16,24
WBGene00003421.,86,520,606
WBGene00003422.,141,2465,2606
WBGene00003423.,869,1844,2713
WBGene00003424.,0,0,0
WBGene00003425.,0,0,0
WBGene00003426.,0,0,0
WBGene00003429.,0,0,0
WBGene00003430.,0,1,1
WBGene00003431.,0,0,0
WBGene00003432.,0,1,1
WBGene00003433.,0,0,0
WBGene00003434.,0,2,2
WBGene00003435.,0,3,3
WBGene00003437.,0,0,0
WBGene00003438.,0,0,0
WBGene00003442.,0,109,109
WBGene00003443.,0,101,101
WBGene00003444.,0,0,0
WBGene00003445.,0,86,86
WBGene00003446.,0,0,0
WBGene00003448.,0,8,8
WBGene00003449.,0,4,4
WBGene00003450.,0,9,9
WBGene00003451.,0,0,0
WBGene00003452.,0,2,2
WBGene00003456.,0,1,1
WBGene00003457.,0,0,0
WBGene00003458.,0,2,2
WBGene00003460.,0,4,4
WBGene00003462.,0,8,8
WBGene00003463.,0,14,14
WBGene00003464.,0,0,0
WBGene00003465.,0,0,0
WBGene00003466.,0,0,0
WBGene00003467.,0,0,0
WBGene00003468.,0,0,0
WBGene00003469.,0,0,0
WBGene00003470.,0,2,2
WBGene00003471.,51,524,575
WBGene00003472.,295,2317,2612
WBGene00003473.,3,167,170
WBGene00003474.,17,411,428
WBGene00003475.,217,1121,1338
WBGene00003476.,1304,4712,6016
WBGene00003477.,40,798,838
WBGene00003478.,354,823,1177
WBGene00003479.,171,1161,1332
WBGene00003480.,50,364,414
WBGene00003482.,228,2285,2513
WBGene00003485.,331,3968,4299
WBGene00003495.,762,123642,124404
WBGene00003497.,109,3230,3339
WBGene00003499.,5,209,214
WBGene00003504.,8,948,956
WBGene00003507.,3,343,346
WBGene00003508.,105,1484,1589
WBGene00003509.,27,703,730
WBGene00003510.,183,1893,2076
WBGene00003511.,45,8839,8884
WBGene00003514.,111,7874,7985
WBGene00003515.,204,15388,15592
WBGene00003516.,115,2185,2300
WBGene00003517.,27,601,628
WBGene00003518.,16,49,65
WBGene00003519.,224,5771,5995
WBGene00003520.,10,43,53
WBGene00003521.,0,0,0
WBGene00003522.,28,543,571
WBGene00003523.,71,66,137
WBGene00003524.,9,95,104
WBGene00003525.,35,72,107
WBGene00003526.,11,131,142
WBGene00003527.,39,146,185
WBGene00003528.,9,181,190
WBGene00003529.,0,7,7
WBGene00003530.,31,385,416
WBGene00003531.,9,37,46
WBGene00003532.,8,30,38
WBGene00003533.,0,26,26
WBGene00003534.,1,66,67
WBGene00003535.,0,0,0
WBGene00003536.,0,0,0
WBGene00003537.,0,1,1
WBGene00003538.,0,0,0
WBGene00003539.,0,5,5
WBGene00003540.,0,3,3
WBGene00003541.,3,0,3
WBGene00003542.,3,13,16
WBGene00003543.,8,10,18
WBGene00003544.,30,216,246
WBGene00003545.,10,4,14
WBGene00003546.,14,148,162
WBGene00003547.,8,36,44
WBGene00003548.,47,255,302
WBGene00003549.,89,1156,1245
WBGene00003550.,673,2243,2916
WBGene00003551.,5,37,42
WBGene00003552.,235,403,638
WBGene00003553.,59,297,356
WBGene00003554.,13,5,18
WBGene00003555.,125,635,760
WBGene00003556.,37,0,37
WBGene00003558.,109,188,297
WBGene00003559.,1395,6646,8041
WBGene00003561.,220,483,703
WBGene00003562.,11,85,96
WBGene00003563.,26,197,223
WBGene00003564.,29,5056,5085
WBGene00003565.,413,3022,3435
WBGene00003566.,207,2055,2262
WBGene00003567.,712,12312,13024
WBGene00003568.,125,1876,2001
WBGene00003569.,59,1312,1371
WBGene00003570.,1,30,31
WBGene00003571.,19,23,42
WBGene00003572.,10,72,82
WBGene00003573.,0,52,52
WBGene00003574.,2,4,6
WBGene00003575.,8,61,69
WBGene00003576.,212,2548,2760
WBGene00003577.,34,138,172
WBGene00003578.,322,2976,3298
WBGene00003579.,9,595,604
WBGene00003580.,37,498,535
WBGene00003581.,92,1528,1620
WBGene00003582.,342,1590,1932
WBGene00003583.,47,779,826
WBGene00003584.,76,929,1005
WBGene00003585.,198,120,318
WBGene00003586.,29,624,653
WBGene00003587.,157,7962,8119
WBGene00003588.,6,8730,8736
WBGene00003589.,204,2131,2335
WBGene00003590.,69,508,577
WBGene00003591.,61,934,995
WBGene00003592.,274,2807,3081
WBGene00003593.,195,1804,1999
WBGene00003594.,164,1123,1287
WBGene00003595.,1,5,6
WBGene00003596.,555,10867,11422
WBGene00003597.,1226,3242,4468
WBGene00003598.,64,3824,3888
WBGene00003599.,244,1493,1737
WBGene00003600.,2144,5689,7833
WBGene00003601.,13,96,109
WBGene00003602.,39,1295,1334
WBGene00003603.,81,1088,1169
WBGene00003604.,49,350,399
WBGene00003605.,95,820,915
WBGene00003606.,202,1265,1467
WBGene00003607.,27,198,225
WBGene00003608.,0,22,22
WBGene00003609.,319,2021,2340
WBGene00003610.,75,458,533
WBGene00003611.,119,1099,1218
WBGene00003612.,68,343,411
WBGene00003613.,22,615,637
WBGene00003614.,534,641,1175
WBGene00003615.,2,58,60
WBGene00003616.,274,795,1069
WBGene00003617.,10,173,183
WBGene00003618.,668,4933,5601
WBGene00003619.,188,2465,2653
WBGene00003620.,407,1365,1772
WBGene00003621.,89,591,680
WBGene00003622.,204,699,903
WBGene00003623.,63,1202,1265
WBGene00003624.,100,1265,1365
WBGene00003625.,175,1959,2134
WBGene00003626.,290,1433,1723
WBGene00003627.,824,2051,2875
WBGene00003628.,220,1157,1377
WBGene00003629.,3,6,9
WBGene00003630.,1320,3225,4545
WBGene00003632.,104,1307,1411
WBGene00003633.,37,667,704
WBGene00003634.,78,546,624
WBGene00003635.,46,961,1007
WBGene00003636.,588,1771,2359
WBGene00003637.,246,1979,2225
WBGene00003638.,102,1140,1242
WBGene00003639.,213,3447,3660
WBGene00003640.,76,725,801
WBGene00003641.,1,17,18
WBGene00003642.,0,17,17
WBGene00003643.,6,22,28
WBGene00003644.,16,137,153
WBGene00003645.,44,264,308
WBGene00003646.,49,754,803
WBGene00003647.,129,470,599
WBGene00003648.,18,576,594
WBGene00003649.,48,417,465
WBGene00003650.,22,146,168
WBGene00003651.,93,955,1048
WBGene00003652.,134,467,601
WBGene00003653.,22,478,500
WBGene00003654.,176,505,681
WBGene00003655.,48,474,522
WBGene00003656.,87,1844,1931
WBGene00003657.,15,465,480
WBGene00003658.,243,4064,4307
WBGene00003659.,31,481,512
WBGene00003660.,113,1035,1148
WBGene00003661.,124,1111,1235
WBGene00003662.,0,1,1
WBGene00003663.,2,153,155
WBGene00003664.,185,34,219
WBGene00003665.,0,1,1
WBGene00003667.,2,1,3
WBGene00003668.,317,730,1047
WBGene00003669.,28,83,111
WBGene00003670.,19,239,258
WBGene00003671.,0,2,2
WBGene00003672.,0,1,1
WBGene00003673.,5,93,98
WBGene00003674.,60,1022,1082
WBGene00003675.,308,698,1006
WBGene00003676.,273,919,1192
WBGene00003677.,190,1090,1280
WBGene00003678.,320,2088,2408
WBGene00003679.,1,3,4
WBGene00003680.,27,281,308
WBGene00003681.,146,1415,1561
WBGene00003682.,12,11,23
WBGene00003683.,7,65,72
WBGene00003684.,25,267,292
WBGene00003685.,103,936,1039
WBGene00003686.,9,145,154
WBGene00003687.,105,6291,6396
WBGene00003688.,65,432,497
WBGene00003689.,7,100,107
WBGene00003690.,114,1570,1684
WBGene00003691.,640,3191,3831
WBGene00003692.,29,283,312
WBGene00003693.,9,143,152
WBGene00003694.,99,820,919
WBGene00003695.,813,4329,5142
WBGene00003696.,11,29,40
WBGene00003697.,48,446,494
WBGene00003698.,1,30,31
WBGene00003699.,4,189,193
WBGene00003700.,2,87,89
WBGene00003701.,1,3,4
WBGene00003702.,37,385,422
WBGene00003703.,24,92,116
WBGene00003704.,396,2549,2945
WBGene00003705.,20,184,204
WBGene00003706.,8,111,119
WBGene00003707.,48,567,615
WBGene00003708.,0,0,0
WBGene00003709.,42,265,307
WBGene00003710.,90,421,511
WBGene00003711.,4,31,35
WBGene00003712.,73,423,496
WBGene00003713.,18,149,167
WBGene00003714.,12,31,43
WBGene00003715.,245,425,670
WBGene00003716.,9,99,108
WBGene00003717.,6,192,198
WBGene00003718.,11,112,123
WBGene00003719.,20,346,366
WBGene00003720.,39,148,187
WBGene00003721.,19,401,420
WBGene00003722.,72,711,783
WBGene00003723.,11,564,575
WBGene00003724.,25,485,510
WBGene00003725.,85,430,515
WBGene00003726.,90,1130,1220
WBGene00003727.,274,424,698
WBGene00003728.,330,1982,2312
WBGene00003729.,17,121,138
WBGene00003730.,5,165,170
WBGene00003731.,42,147,189
WBGene00003732.,56,493,549
WBGene00003733.,34,363,397
WBGene00003734.,0,3,3
WBGene00003735.,217,417,634
WBGene00003736.,50,139,189
WBGene00003738.,30,953,983
WBGene00003739.,65,1223,1288
WBGene00003740.,3,413,416
WBGene00003741.,6,2054,2060
WBGene00003742.,0,81,81
WBGene00003743.,86,500,586
WBGene00003744.,60,1307,1367
WBGene00003745.,55,1099,1154
WBGene00003746.,14,1523,1537
WBGene00003747.,20,1132,1152
WBGene00003748.,89,2453,2542
WBGene00003749.,92,2448,2540
WBGene00003750.,178,1928,2106
WBGene00003751.,17,2853,2870
WBGene00003752.,13,1348,1361
WBGene00003753.,619,3735,4354
WBGene00003754.,53,1419,1472
WBGene00003755.,94,5652,5746
WBGene00003756.,222,5976,6198
WBGene00003757.,9,310,319
WBGene00003758.,186,2747,2933
WBGene00003759.,519,3375,3894
WBGene00003760.,9,9,18
WBGene00003761.,0,164,164
WBGene00003762.,619,7799,8418
WBGene00003763.,25,100,125
WBGene00003764.,38,654,692
WBGene00003765.,150,2091,2241
WBGene00003766.,29,735,764
WBGene00003767.,366,8174,8540
WBGene00003768.,43,640,683
WBGene00003769.,160,2720,2880
WBGene00003770.,16,101,117
WBGene00003771.,1223,8471,9694
WBGene00003772.,39,563,602
WBGene00003773.,102,1009,1111
WBGene00003774.,13,67,80
WBGene00003775.,45,97,142
WBGene00003776.,431,7765,8196
WBGene00003777.,234,9278,9512
WBGene00003778.,13,45,58
WBGene00003779.,11,483,494
WBGene00003783.,3,156,159
WBGene00003784.,2,13,15
WBGene00003785.,71,2084,2155
WBGene00003786.,128,1712,1840
WBGene00003787.,21,1838,1859
WBGene00003788.,275,2726,3001
WBGene00003789.,168,2218,2386
WBGene00003790.,37,1509,1546
WBGene00003791.,15,1742,1757
WBGene00003792.,137,2854,2991
WBGene00003793.,52,2923,2975
WBGene00003794.,596,2621,3217
WBGene00003795.,31,4578,4609
WBGene00003796.,104,4078,4182
WBGene00003797.,153,2609,2762
WBGene00003798.,55,3275,3330
WBGene00003799.,550,3296,3846
WBGene00003800.,27,2971,2998
WBGene00003801.,29,2094,2123
WBGene00003802.,37,5777,5814
WBGene00003803.,73,2765,2838
WBGene00003804.,74,2484,2558
WBGene00003805.,36,1762,1798
WBGene00003806.,285,3791,4076
WBGene00003807.,20,125,145
WBGene00003808.,90,542,632
WBGene00003812.,72,2549,2621
WBGene00003813.,38,227,265
WBGene00003815.,249,8064,8313
WBGene00003816.,8,356,364
WBGene00003818.,206,2889,3095
WBGene00003821.,505,10420,10925
WBGene00003822.,104,2064,2168
WBGene00003825.,218,7658,7876
WBGene00003826.,676,2596,3272
WBGene00003827.,254,2900,3154
WBGene00003828.,60,646,706
WBGene00003829.,17,3862,3879
WBGene00003830.,158,1508,1666
WBGene00003831.,1933,22754,24687
WBGene00003834.,80,2372,2452
WBGene00003835.,5,494,499
WBGene00003836.,595,5855,6450
WBGene00003837.,295,1039,1334
WBGene00003838.,5,68,73
WBGene00003839.,28,108,136
WBGene00003840.,17,78,95
WBGene00003841.,11,33,44
WBGene00003842.,34,153,187
WBGene00003843.,50,995,1045
WBGene00003844.,6,1334,1340
WBGene00003845.,0,7,7
WBGene00003846.,1,290,291
WBGene00003847.,190,1412,1602
WBGene00003848.,12,49,61
WBGene00003849.,160,725,885
WBGene00003850.,20,254,274
WBGene00003851.,136,2451,2587
WBGene00003854.,0,25,25
WBGene00003856.,12,108,120
WBGene00003858.,641,4807,5448
WBGene00003859.,60,662,722
WBGene00003860.,338,3546,3884
WBGene00003861.,77,1434,1511
WBGene00003862.,7,149,156
WBGene00003863.,1,0,1
WBGene00003864.,1,79,80
WBGene00003865.,0,92,92
WBGene00003868.,93,1400,1493
WBGene00003870.,17,1228,1245
WBGene00003876.,20,202,222
WBGene00003877.,10,304,314
WBGene00003878.,14,292,306
WBGene00003879.,6,79,85
WBGene00003882.,69,632,701
WBGene00003883.,70,433,503
WBGene00003884.,38,243,281
WBGene00003885.,78,505,583
WBGene00003886.,67,304,371
WBGene00003887.,57,430,487
WBGene00003888.,2,48,50
WBGene00003889.,2,27,29
WBGene00003890.,12,147,159
WBGene00003891.,16,6615,6631
WBGene00003892.,63,176,239
WBGene00003893.,18798,279916,298714
WBGene00003898.,130,921,1051
WBGene00003901.,86,9208,9294
WBGene00003902.,1741,166247,167988
WBGene00003903.,141,12684,12825
WBGene00003904.,54,6027,6081
WBGene00003905.,629,1862,2491
WBGene00003906.,2,8,10
WBGene00003907.,311,1804,2115
WBGene00003909.,27,378,405
WBGene00003911.,109,1768,1877
WBGene00003912.,11,195,206
WBGene00003914.,335,4071,4406
WBGene00003915.,687,8982,9669
WBGene00003916.,1874,5692,7566
WBGene00003917.,209,436,645
WBGene00003918.,144,1383,1527
WBGene00003919.,147,327,474
WBGene00003920.,440,64556,64996
WBGene00003921.,81,846,927
WBGene00003922.,20,3960,3980
WBGene00003923.,32,10758,10790
WBGene00003924.,15,12614,12629
WBGene00003925.,410,9539,9949
WBGene00003926.,362,15157,15519
WBGene00003927.,50,9700,9750
WBGene00003928.,41,6390,6431
WBGene00003929.,327,9149,9476
WBGene00003930.,233,7563,7796
WBGene00003931.,193,7308,7501
WBGene00003932.,466,8132,8598
WBGene00003933.,93,2688,2781
WBGene00003934.,20595,686404,706999
WBGene00003936.,515,3774,4289
WBGene00003937.,2,9,11
WBGene00003938.,10,18,28
WBGene00003939.,90,1016,1106
WBGene00003941.,122,1001,1123
WBGene00003943.,20,167,187
WBGene00003947.,38,8195,8233
WBGene00003948.,10,9184,9194
WBGene00003949.,66,8190,8256
WBGene00003950.,317,10655,10972
WBGene00003951.,189,5376,5565
WBGene00003952.,525,6921,7446
WBGene00003953.,44,11813,11857
WBGene00003954.,374,2304,2678
WBGene00003955.,12,9349,9361
WBGene00003956.,8,609,617
WBGene00003957.,0,83,83
WBGene00003958.,1,356,357
WBGene00003959.,4,188,192
WBGene00003960.,149,2055,2204
WBGene00003961.,421,3042,3463
WBGene00003962.,443,13981,14424
WBGene00003963.,130,49073,49203
WBGene00003964.,1269,34406,35675
WBGene00003965.,111,550,661
WBGene00003966.,371,2243,2614
WBGene00003967.,107,1653,1760
WBGene00003968.,69,379,448
WBGene00003969.,451,1100,1551
WBGene00003970.,131,1328,1459
WBGene00003975.,141,1387,1528
WBGene00003976.,2,290,292
WBGene00003977.,0,0,0
WBGene00003978.,329,1129,1458
WBGene00003979.,2,479,481
WBGene00003980.,120,1156,1276
WBGene00003981.,3,7,10
WBGene00003982.,7,2712,2719
WBGene00003983.,0,124,124
WBGene00003986.,66,851,917
WBGene00003987.,3,7,10
WBGene00003989.,44,9888,9932
WBGene00003990.,61,3682,3743
WBGene00003991.,822,10015,10837
WBGene00003992.,12,2098,2110
WBGene00003993.,67,485,552
WBGene00003994.,5,451,456
WBGene00003995.,55,408,463
WBGene00003996.,109,514,623
WBGene00003997.,5,153,158
WBGene00003998.,93,249,342
WBGene00003999.,9,47,56
WBGene00004000.,4,87,91
WBGene00004001.,1,0,1
WBGene00004002.,4,23,27
WBGene00004003.,44,202,246
WBGene00004004.,102,739,841
WBGene00004005.,22,45,67
WBGene00004006.,9,75,84
WBGene00004007.,5,8,13
WBGene00004008.,0,214,214
WBGene00004009.,0,1,1
WBGene00004010.,76,735,811
WBGene00004011.,7,56,63
WBGene00004013.,176,1093,1269
WBGene00004014.,77,39520,39597
WBGene00004015.,67,36240,36307
WBGene00004016.,128,639,767
WBGene00004017.,5,157,162
WBGene00004020.,35,383,418
WBGene00004023.,120,972,1092
WBGene00004024.,24,399,423
WBGene00004025.,123,1825,1948
WBGene00004026.,31,16,47
WBGene00004027.,4,130,134
WBGene00004028.,209,368,577
WBGene00004029.,210,492,702
WBGene00004030.,42,312,354
WBGene00004031.,62,1126,1188
WBGene00004032.,574,4139,4713
WBGene00004033.,264,1295,1559
WBGene00004034.,249,1084,1333
WBGene00004035.,157,1746,1903
WBGene00004036.,245,1231,1476
WBGene00004037.,39,340,379
WBGene00004038.,40,676,716
WBGene00004039.,185,3856,4041
WBGene00004040.,205,3190,3395
WBGene00004041.,0,872,872
WBGene00004042.,19,2445,2464
WBGene00004043.,11,353,364
WBGene00004044.,11,422,433
WBGene00004045.,288,901,1189
WBGene00004046.,233,18810,19043
WBGene00004047.,683,1186,1869
WBGene00004048.,14,383,397
WBGene00004049.,356,947,1303
WBGene00004050.,14,1136,1150
WBGene00004051.,166,1828,1994
WBGene00004052.,1,20,21
WBGene00004053.,172,4078,4250
WBGene00004054.,28,4,32
WBGene00004055.,105,1161,1266
WBGene00004056.,93,699,792
WBGene00004057.,135,978,1113
WBGene00004058.,21,145,166
WBGene00004059.,99,500,599
WBGene00004060.,384,1398,1782
WBGene00004061.,4,118,122
WBGene00004062.,13,216,229
WBGene00004063.,125,1182,1307
WBGene00004064.,189,1847,2036
WBGene00004068.,55,1159,1214
WBGene00004075.,68,1537,1605
WBGene00004076.,514,4103,4617
WBGene00004077.,512,3115,3627
WBGene00004078.,0,67,67
WBGene00004083.,30,1631,1661
WBGene00004084.,1,2,3
WBGene00004085.,127,3271,3398
WBGene00004086.,103,505,608
WBGene00004087.,268,2349,2617
WBGene00004088.,270,2412,2682
WBGene00004089.,40,669,709
WBGene00004090.,248,1751,1999
WBGene00004091.,92,2004,2096
WBGene00004092.,50,1024,1074
WBGene00004093.,20,703,723
WBGene00004094.,30,1815,1845
WBGene00004095.,401,6499,6900
WBGene00004096.,37,1079,1116
WBGene00004098.,0,0,0
WBGene00004099.,0,1,1
WBGene00004100.,51,442,493
WBGene00004101.,216,2247,2463
WBGene00004102.,2,11,13
WBGene00004103.,1,4,5
WBGene00004104.,7,75,82
WBGene00004105.,106,1749,1855
WBGene00004106.,65,2458,2523
WBGene00004107.,1,8,9
WBGene00004108.,406,1796,2202
WBGene00004109.,365,1852,2217
WBGene00004110.,234,2033,2267
WBGene00004111.,200,1868,2068
WBGene00004112.,520,12513,13033
WBGene00004113.,524,17680,18204
WBGene00004114.,5,385,390
WBGene00004115.,12,56,68
WBGene00004116.,372,2147,2519
WBGene00004117.,385,3998,4383
WBGene00004118.,56,248,304
WBGene00004119.,101,1429,1530
WBGene00004120.,1,102,103
WBGene00004121.,235,1595,1830
WBGene00004122.,116,1911,2027
WBGene00004123.,49,295,344
WBGene00004124.,43,542,585
WBGene00004125.,101,1130,1231
WBGene00004126.,216,2322,2538
WBGene00004127.,4,15,19
WBGene00004128.,1259,7525,8784
WBGene00004129.,40,982,1022
WBGene00004130.,1044,22552,23596
WBGene00004131.,3607,18347,21954
WBGene00004132.,328,4122,4450
WBGene00004133.,29,330,359
WBGene00004134.,1462,7112,8574
WBGene00004135.,1733,20955,22688
WBGene00004136.,552,7838,8390
WBGene00004138.,406,4804,5210
WBGene00004139.,0,14,14
WBGene00004140.,57,2297,2354
WBGene00004141.,0,2,2
WBGene00004143.,452,21175,21627
WBGene00004144.,11,1061,1072
WBGene00004145.,305,4033,4338
WBGene00004146.,0,4,4
WBGene00004147.,476,3044,3520
WBGene00004148.,217,2143,2360
WBGene00004149.,3,3,6
WBGene00004150.,6,9,15
WBGene00004151.,294,1708,2002
WBGene00004152.,272,5843,6115
WBGene00004153.,0,13,13
WBGene00004154.,35,53,88
WBGene00004155.,8,29,37
WBGene00004156.,19,424,443
WBGene00004157.,32,3557,3589
WBGene00004158.,0,1,1
WBGene00004159.,0,0,0
WBGene00004160.,0,0,0
WBGene00004161.,475,2841,3316
WBGene00004163.,15,63,78
WBGene00004164.,304,2759,3063
WBGene00004165.,12,39,51
WBGene00004166.,362,3553,3915
WBGene00004167.,1254,10264,11518
WBGene00004168.,13,608,621
WBGene00004169.,90,624,714
WBGene00004170.,0,0,0
WBGene00004171.,0,0,0
WBGene00004172.,22,362,384
WBGene00004173.,181,2372,2553
WBGene00004174.,0,111,111
WBGene00004175.,12,597,609
WBGene00004176.,0,126,126
WBGene00004177.,2,55,57
WBGene00004178.,63,2891,2954
WBGene00004179.,19,1547,1566
WBGene00004180.,101,1356,1457
WBGene00004181.,179,1678,1857
WBGene00004182.,670,2707,3377
WBGene00004183.,48,101,149
WBGene00004184.,161,3846,4007
WBGene00004185.,95,7038,7133
WBGene00004186.,646,3589,4235
WBGene00004187.,198,12143,12341
WBGene00004188.,120,2595,2715
WBGene00004189.,114,11651,11765
WBGene00004190.,37,450,487
WBGene00004191.,54,97,151
WBGene00004192.,898,1787,2685
WBGene00004193.,20,107,127
WBGene00004194.,28,260,288
WBGene00004195.,19,126,145
WBGene00004196.,0,0,0
WBGene00004197.,22,202,224
WBGene00004198.,28,364,392
WBGene00004199.,2,361,363
WBGene00004201.,45,7439,7484
WBGene00004202.,268,2340,2608
WBGene00004203.,276,3019,3295
WBGene00004204.,597,13323,13920
WBGene00004205.,24,808,832
WBGene00004206.,141,766,907
WBGene00004207.,184,1329,1513
WBGene00004208.,419,6350,6769
WBGene00004209.,2,3,5
WBGene00004210.,113,893,1006
WBGene00004211.,20,50,70
WBGene00004212.,52,2372,2424
WBGene00004213.,508,2327,2835
WBGene00004214.,61,2279,2340
WBGene00004215.,1127,2489,3616
WBGene00004216.,23,162,185
WBGene00004217.,24,167,191
WBGene00004218.,27,173,200
WBGene00004219.,32,516,548
WBGene00004220.,83,645,728
WBGene00004221.,17,232,249
WBGene00004222.,50,939,989
WBGene00004223.,4,30,34
WBGene00004224.,39,288,327
WBGene00004225.,52,198,250
WBGene00004226.,140,2268,2408
WBGene00004227.,70,309,379
WBGene00004228.,104,808,912
WBGene00004229.,10,135,145
WBGene00004230.,77,70,147
WBGene00004231.,23,26,49
WBGene00004232.,68,186,254
WBGene00004233.,16,12,28
WBGene00004234.,1,33,34
WBGene00004235.,39,407,446
WBGene00004236.,49,7,56
WBGene00004237.,41,574,615
WBGene00004238.,412,1160,1572
WBGene00004239.,1,99,100
WBGene00004240.,25,8,33
WBGene00004241.,2,82,84
WBGene00004242.,2,61,63
WBGene00004243.,3,45,48
WBGene00004244.,43,601,644
WBGene00004245.,252,4690,4942
WBGene00004246.,3,28,31
WBGene00004248.,22,2663,2685
WBGene00004249.,710,6396,7106
WBGene00004254.,233,1609,1842
WBGene00004255.,12,80,92
WBGene00004256.,129,1255,1384
WBGene00004257.,41,294,335
WBGene00004258.,477,11471,11948
WBGene00004259.,10,1078,1088
WBGene00004264.,9,529,538
WBGene00004265.,139,433,572
WBGene00004266.,102,13701,13803
WBGene00004267.,83,3180,3263
WBGene00004268.,157,5576,5733
WBGene00004269.,104,1772,1876
WBGene00004270.,75,4187,4262
WBGene00004271.,223,2084,2307
WBGene00004272.,34,4277,4311
WBGene00004273.,84,6108,6192
WBGene00004274.,59,18199,18258
WBGene00004275.,20,41,61
WBGene00004276.,151,2566,2717
WBGene00004277.,117,2112,2229
WBGene00004278.,376,4965,5341
WBGene00004279.,23,392,415
WBGene00004281.,26,282,308
WBGene00004282.,238,968,1206
WBGene00004283.,60,335,395
WBGene00004284.,51,1239,1290
WBGene00004285.,65,373,438
WBGene00004286.,46,1988,2034
WBGene00004287.,0,1,1
WBGene00004296.,198,3833,4031
WBGene00004297.,53,959,1012
WBGene00004298.,71,241,312
WBGene00004300.,4,26594,26598
WBGene00004301.,12,37,49
WBGene00004302.,1176,49998,51174
WBGene00004303.,59,2235,2294
WBGene00004304.,234,4610,4844
WBGene00004305.,94,9361,9455
WBGene00004306.,131,2498,2629
WBGene00004307.,119,3854,3973
WBGene00004308.,53,2285,2338
WBGene00004309.,5,31,36
WBGene00004310.,410,4544,4954
WBGene00004311.,309,2239,2548
WBGene00004312.,217,1820,2037
WBGene00004313.,143,2581,2724
WBGene00004314.,788,1298,2086
WBGene00004315.,114,7424,7538
WBGene00004316.,625,1076,1701
WBGene00004317.,103,1044,1147
WBGene00004318.,243,1902,2145
WBGene00004319.,168,4343,4511
WBGene00004320.,248,5868,6116
WBGene00004321.,20,2559,2579
WBGene00004322.,143,1681,1824
WBGene00004323.,225,2322,2547
WBGene00004324.,60,710,770
WBGene00004326.,67,4869,4936
WBGene00004328.,13,113,126
WBGene00004332.,17,363,380
WBGene00004333.,54,556,610
WBGene00004334.,0,169,169
WBGene00004335.,101,848,949
WBGene00004336.,1196,18462,19658
WBGene00004337.,332,4348,4680
WBGene00004338.,194,1413,1607
WBGene00004339.,80,876,956
WBGene00004340.,212,2554,2766
WBGene00004341.,89,956,1045
WBGene00004342.,15,35,50
WBGene00004343.,212,2381,2593
WBGene00004344.,24,571,595
WBGene00004345.,371,890,1261
WBGene00004346.,20,235,255
WBGene00004347.,1433,604,2037
WBGene00004348.,41,1092,1133
WBGene00004349.,324,1097,1421
WBGene00004350.,230,1445,1675
WBGene00004351.,0,0,0
WBGene00004352.,0,2,2
WBGene00004353.,1,5,6
WBGene00004354.,0,22,22
WBGene00004355.,65,2335,2400
WBGene00004356.,12,1908,1920
WBGene00004357.,1377,12360,13737
WBGene00004358.,233,3458,3691
WBGene00004359.,18,146,164
WBGene00004360.,68,666,734
WBGene00004361.,19,434,453
WBGene00004363.,88,3968,4056
WBGene00004364.,242,4792,5034
WBGene00004367.,237,1530,1767
WBGene00004368.,87,680,767
WBGene00004369.,86,1125,1211
WBGene00004370.,39,1352,1391
WBGene00004371.,148,2260,2408
WBGene00004372.,52,214,266
WBGene00004373.,384,3878,4262
WBGene00004374.,23,179,202
WBGene00004375.,191,851,1042
WBGene00004377.,95,657,752
WBGene00004378.,169,2410,2579
WBGene00004380.,40,547,587
WBGene00004381.,70,1096,1166
WBGene00004382.,585,4746,5331
WBGene00004383.,37,1135,1172
WBGene00004384.,520,1406,1926
WBGene00004385.,180,3444,3624
WBGene00004386.,124,2571,2695
WBGene00004387.,238,12828,13066
WBGene00004388.,191,4703,4894
WBGene00004389.,290,4016,4306
WBGene00004390.,913,5500,6413
WBGene00004391.,57,6014,6071
WBGene00004392.,70,6387,6457
WBGene00004393.,569,1188,1757
WBGene00004394.,2,1,3
WBGene00004395.,17,537,554
WBGene00004397.,11,180,191
WBGene00004398.,112,2572,2684
WBGene00004400.,1,306,307
WBGene00004401.,110,522,632
WBGene00004402.,4,14,18
WBGene00004403.,346,1067,1413
WBGene00004404.,134,811,945
WBGene00004405.,19,2517,2536
WBGene00004408.,182,473487,473669
WBGene00004409.,10207,170285,180492
WBGene00004410.,27284,179614,206898
WBGene00004411.,138,3275,3413
WBGene00004412.,40260,410605,450865
WBGene00004413.,445,275771,276216
WBGene00004414.,13598,451173,464771
WBGene00004415.,226,226035,226261
WBGene00004416.,20137,446748,466885
WBGene00004417.,20325,404300,424625
WBGene00004418.,40727,454489,495216
WBGene00004419.,41970,598188,640158
WBGene00004420.,31026,386209,417235
WBGene00004421.,15047,510950,525997
WBGene00004422.,1356,27482,28838
WBGene00004423.,35964,445142,481106
WBGene00004424.,69495,784238,853733
WBGene00004425.,19071,452639,471710
WBGene00004426.,20526,339524,360050
WBGene00004427.,2863,431873,434736
WBGene00004428.,24666,437285,461951
WBGene00004429.,48675,362956,411631
WBGene00004430.,35955,420533,456488
WBGene00004431.,22227,478306,500533
WBGene00004432.,1809,374424,376233
WBGene00004433.,14352,415669,430021
WBGene00004434.,15131,308520,323651
WBGene00004435.,16711,367168,383879
WBGene00004436.,32957,460001,492958
WBGene00004437.,1067,23427,24494
WBGene00004438.,4736,52261,56997
WBGene00004439.,12752,143702,156454
WBGene00004440.,6821,314029,320850
WBGene00004441.,29275,169339,198614
WBGene00004442.,16670,229807,246477
WBGene00004443.,73024,46530,119554
WBGene00004444.,14397,183043,197440
WBGene00004445.,10378,285307,295685
WBGene00004446.,42927,441890,484817
WBGene00004447.,30916,318129,349045
WBGene00004448.,8840,212314,221154
WBGene00004449.,23999,383727,407726
WBGene00004450.,8637,261239,269876
WBGene00004451.,0,94,94
WBGene00004452.,7738,191743,199481
WBGene00004453.,3620,131484,135104
WBGene00004454.,18061,234796,252857
WBGene00004455.,1,15,16
WBGene00004456.,0,201567,201567
WBGene00004457.,9,686,695
WBGene00004458.,119,5503,5622
WBGene00004459.,15,4377,4392
WBGene00004460.,40,8446,8486
WBGene00004461.,53,6343,6396
WBGene00004462.,147,4450,4597
WBGene00004463.,75,7854,7929
WBGene00004464.,481,7835,8316
WBGene00004465.,279,5295,5574
WBGene00004466.,44,3849,3893
WBGene00004467.,34,6167,6201
WBGene00004468.,304,4336,4640
WBGene00004469.,2654,357042,359696
WBGene00004470.,12976,459178,472154
WBGene00004471.,99,320270,320369
WBGene00004472.,26671,445088,471759
WBGene00004473.,23961,410627,434588
WBGene00004474.,35375,484206,519581
WBGene00004475.,8715,226840,235555
WBGene00004476.,40394,416595,456989
WBGene00004477.,31244,512567,543811
WBGene00004478.,28046,571413,599459
WBGene00004479.,21664,398782,420446
WBGene00004480.,45936,434481,480417
WBGene00004481.,5493,353348,358841
WBGene00004482.,21583,342384,363967
WBGene00004483.,35839,502799,538638
WBGene00004484.,25726,399293,425019
WBGene00004485.,3368,132572,135940
WBGene00004486.,14455,263354,277809
WBGene00004487.,37514,424848,462362
WBGene00004488.,26044,388989,415033
WBGene00004489.,28257,360761,389018
WBGene00004490.,38422,96749,135171
WBGene00004491.,2291,246684,248975
WBGene00004492.,30282,500146,530428
WBGene00004493.,17087,349800,366887
WBGene00004494.,36192,473977,510169
WBGene00004495.,11317,339480,350797
WBGene00004496.,15488,187433,202921
WBGene00004497.,4335,116684,121019
WBGene00004498.,67205,74838,142043
WBGene00004499.,26003,326103,352106
WBGene00004501.,47,3439,3486
WBGene00004502.,79,6375,6454
WBGene00004503.,5,4669,4674
WBGene00004504.,669,7755,8424
WBGene00004505.,30,4849,4879
WBGene00004506.,49,7241,7290
WBGene00004507.,58,1958,2016
WBGene00004508.,76,1720,1796
WBGene00004509.,52,251,303
WBGene00004510.,29,979,1008
WBGene00004512.,0,0,0
WBGene00004513.,0,0,0
WBGene00004567.,0,728391,728391
WBGene00004622.,0,9030789,9030789
WBGene00004677.,0,139316,139316
WBGene00004679.,367,5592,5959
WBGene00004680.,57,563,620
WBGene00004681.,643,2086,2729
WBGene00004682.,100,1386,1486
WBGene00004684.,86,1749,1835
WBGene00004698.,16,12923,12939
WBGene00004699.,179,6506,6685
WBGene00004700.,549,19761,20310
WBGene00004701.,13,5798,5811
WBGene00004702.,41,7717,7758
WBGene00004703.,355,19927,20282
WBGene00004704.,138,8277,8415
WBGene00004705.,277,7323,7600
WBGene00004706.,222,3076,3298
WBGene00004708.,0,0,0
WBGene00004716.,0,1,1
WBGene00004717.,0,0,0
WBGene00004719.,164,717,881
WBGene00004721.,82,880,962
WBGene00004723.,87,2332,2419
WBGene00004726.,36,993,1029
WBGene00004727.,120,1238,1358
WBGene00004728.,357,2691,3048
WBGene00004729.,207,2003,2210
WBGene00004732.,763,5672,6435
WBGene00004735.,160,665,825
WBGene00004736.,2197,76900,79097
WBGene00004737.,4,1272,1276
WBGene00004738.,60,3500,3560
WBGene00004739.,1578,6074,7652
WBGene00004740.,85,472,557
WBGene00004742.,6,21,27
WBGene00004743.,391,2018,2409
WBGene00004744.,72,1290,1362
WBGene00004745.,44,711,755
WBGene00004746.,42,2262,2304
WBGene00004747.,79,1025,1104
WBGene00004748.,39,350,389
WBGene00004749.,114,4705,4819
WBGene00004750.,0,1,1
WBGene00004751.,1052,3759,4811
WBGene00004752.,70,1364,1434
WBGene00004753.,155,988,1143
WBGene00004754.,702,3679,4381
WBGene00004755.,57,4024,4081
WBGene00004756.,39,1675,1714
WBGene00004758.,99,1802,1901
WBGene00004759.,76,2344,2420
WBGene00004760.,581,3476,4057
WBGene00004762.,226,1497,1723
WBGene00004764.,34,296,330
WBGene00004765.,263,405,668
WBGene00004766.,201,8444,8645
WBGene00004767.,52,1705,1757
WBGene00004768.,10,1437,1447
WBGene00004769.,20,655,675
WBGene00004771.,102,727,829
WBGene00004773.,752,4013,4765
WBGene00004774.,36,2178,2214
WBGene00004775.,48,611,659
WBGene00004776.,71,105,176
WBGene00004777.,177,607,784
WBGene00004778.,35,544,579
WBGene00004779.,307,1603,1910
WBGene00004780.,72,230,302
WBGene00004781.,33,2100,2133
WBGene00004782.,138,2053,2191
WBGene00004783.,937,5589,6526
WBGene00004786.,68,524,592
WBGene00004787.,147,756,903
WBGene00004788.,84,6516,6600
WBGene00004789.,20,199,219
WBGene00004790.,657,5408,6065
WBGene00004793.,104,231,335
WBGene00004795.,40,450,490
WBGene00004796.,13,76,89
WBGene00004798.,267,5461,5728
WBGene00004800.,97,2787,2884
WBGene00004801.,141,1979,2120
WBGene00004802.,26,66,92
WBGene00004803.,63,326,389
WBGene00004804.,774,3915,4689
WBGene00004806.,275,2507,2782
WBGene00004807.,71,20026,20097
WBGene00004808.,14,2359,2373
WBGene00004809.,347,3876,4223
WBGene00004810.,2,49,51
WBGene00004811.,0,11,11
WBGene00004812.,0,0,0
WBGene00004813.,0,2,2
WBGene00004814.,0,0,0
WBGene00004815.,0,0,0
WBGene00004816.,0,329,329
WBGene00004817.,0,4,4
WBGene00004818.,0,1,1
WBGene00004819.,0,1,1
WBGene00004820.,0,0,0
WBGene00004821.,0,0,0
WBGene00004822.,0,1279,1279
WBGene00004823.,2,490,492
WBGene00004824.,151,1088,1239
WBGene00004825.,0,267,267
WBGene00004826.,0,1015,1015
WBGene00004827.,0,258,258
WBGene00004829.,340,1853,2193
WBGene00004830.,212,2217,2429
WBGene00004831.,454,1400,1854
WBGene00004833.,0,177,177
WBGene00004834.,0,20,20
WBGene00004835.,0,15,15
WBGene00004836.,0,674,674
WBGene00004837.,0,0,0
WBGene00004838.,0,0,0
WBGene00004839.,0,31,31
WBGene00004840.,0,40,40
WBGene00004841.,0,27,27
WBGene00004842.,0,5,5
WBGene00004843.,0,0,0
WBGene00004844.,0,18,18
WBGene00004845.,0,34,34
WBGene00004846.,0,1,1
WBGene00004847.,0,0,0
WBGene00004848.,0,6,6
WBGene00004849.,0,79,79
WBGene00004850.,0,0,0
WBGene00004851.,0,3,3
WBGene00004854.,178,1901,2079
WBGene00004855.,488,9568,10056
WBGene00004856.,264,687,951
WBGene00004857.,88,708,796
WBGene00004858.,76,315,391
WBGene00004859.,84,760,844
WBGene00004860.,66,612,678
WBGene00004862.,736,4405,5141
WBGene00004873.,711,5742,6453
WBGene00004874.,164,5424,5588
WBGene00004875.,1,245,246
WBGene00004876.,8,164,172
WBGene00004877.,2,7,9
WBGene00004878.,3,17,20
WBGene00004879.,218,2468,2686
WBGene00004880.,176,2976,3152
WBGene00004881.,204,1912,2116
WBGene00004882.,53,1864,1917
WBGene00004883.,5,555,560
WBGene00004884.,341,3326,3667
WBGene00004885.,17,587,604
WBGene00004886.,85,687,772
WBGene00004887.,138,4114,4252
WBGene00004888.,1194,29301,30495
WBGene00004889.,225,1875,2100
WBGene00004890.,77,501,578
WBGene00004891.,103,4210,4313
WBGene00004892.,501,2975,3476
WBGene00004893.,70,1086,1156
WBGene00004894.,745,1006,1751
WBGene00004895.,2170,2514,4684
WBGene00004896.,807,5118,5925
WBGene00004897.,21,11571,11592
WBGene00004898.,11,279,290
WBGene00004899.,9,2,11
WBGene00004900.,43,1549,1592
WBGene00004901.,0,0,0
WBGene00004902.,93,3063,3156
WBGene00004903.,0,8,8
WBGene00004904.,6,8,14
WBGene00004905.,172,496,668
WBGene00004906.,21,2,23
WBGene00004907.,67,252,319
WBGene00004908.,0,0,0
WBGene00004909.,1,4,5
WBGene00004910.,91,3889,3980
WBGene00004911.,5,227,232
WBGene00004912.,40,1008,1048
WBGene00004913.,111,737,848
WBGene00004914.,197,17131,17328
WBGene00004915.,11,17393,17404
WBGene00004916.,277,15768,16045
WBGene00004917.,224,14059,14283
WBGene00004918.,950,9349,10299
WBGene00004919.,223,10075,10298
WBGene00004920.,695,10699,11394
WBGene00004921.,179,2714,2893
WBGene00004922.,237,581,818
WBGene00004923.,533,1191,1724
WBGene00004924.,216,3509,3725
WBGene00004925.,241,599,840
WBGene00004926.,14,639,653
WBGene00004927.,119,1633,1752
WBGene00004928.,48,394,442
WBGene00004929.,811,3109,3920
WBGene00004930.,585,15753,16338
WBGene00004931.,617,7684,8301
WBGene00004932.,2,6,8
WBGene00004933.,118,496,614
WBGene00004944.,127,535,662
WBGene00004945.,103,1701,1804
WBGene00004946.,268,2419,2687
WBGene00004947.,1571,3406,4977
WBGene00004949.,96,648,744
WBGene00004950.,3,368,371
WBGene00004951.,220,13678,13898
WBGene00004952.,15,1488,1503
WBGene00004953.,55,1753,1808
WBGene00004954.,30,286,316
WBGene00004955.,238,4968,5206
WBGene00004958.,18,103,121
WBGene00004959.,7,214,221
WBGene00004960.,11,100,111
WBGene00004962.,3,2,5
WBGene00004963.,10,20,30
WBGene00004964.,2,6,8
WBGene00004965.,1,1,2
WBGene00004966.,2,3,5
WBGene00004969.,84,266,350
WBGene00004971.,4,11,15
WBGene00004972.,4,47,51
WBGene00004973.,2,1,3
WBGene00004974.,19,39,58
WBGene00004975.,17,663,680
WBGene00004976.,2,19,21
WBGene00004978.,818,7905,8723
WBGene00004979.,159,1119,1278
WBGene00004980.,354,12823,13177
WBGene00004981.,48,1232,1280
WBGene00004984.,4,384,388
WBGene00004985.,16,325,341
WBGene00004986.,40,618,658
WBGene00004987.,42,977,1019
WBGene00004988.,64,1132,1196
WBGene00004989.,6,98,104
WBGene00004990.,263,4576,4839
WBGene00004991.,1,6,7
WBGene00004992.,3,9,12
WBGene00004993.,45,483,528
WBGene00004994.,1,6,7
WBGene00004995.,2376,19913,22289
WBGene00004996.,3,4,7
WBGene00004997.,0,10,10
WBGene00004998.,17,235,252
WBGene00004999.,261,5237,5498
WBGene00005000.,899,18438,19337
WBGene00005001.,32,374,406
WBGene00005002.,96,2353,2449
WBGene00005003.,38,490,528
WBGene00005004.,84,1049,1133
WBGene00005005.,0,0,0
WBGene00005006.,73,850,923
WBGene00005007.,46,3223,3269
WBGene00005008.,3,191,194
WBGene00005009.,38,2657,2695
WBGene00005010.,358,1673,2031
WBGene00005011.,100,798,898
WBGene00005012.,4,4,8
WBGene00005013.,1,10,11
WBGene00005014.,27,1226,1253
WBGene00005015.,129,3892,4021
WBGene00005016.,0,3054,3054
WBGene00005017.,61,950,1011
WBGene00005018.,59,2593,2652
WBGene00005019.,49,1177,1226
WBGene00005020.,143,290,433
WBGene00005021.,10,389,399
WBGene00005022.,20,2525,2545
WBGene00005023.,123,1462,1585
WBGene00005024.,256,548,804
WBGene00005025.,45,613,658
WBGene00005026.,103,1107,1210
WBGene00005027.,0,6,6
WBGene00005028.,0,2,2
WBGene00005029.,2,10,12
WBGene00005030.,0,4,4
WBGene00005031.,1,5,6
WBGene00005032.,0,13,13
WBGene00005033.,0,8,8
WBGene00005034.,0,0,0
WBGene00005035.,0,2,2
WBGene00005036.,17,128,145
WBGene00005037.,2,15,17
WBGene00005038.,4,8,12
WBGene00005039.,0,6,6
WBGene00005040.,6,16,22
WBGene00005041.,0,3,3
WBGene00005042.,0,1,1
WBGene00005043.,1,10,11
WBGene00005044.,0,1,1
WBGene00005045.,0,2,2
WBGene00005046.,0,2,2
WBGene00005047.,0,7,7
WBGene00005048.,0,4,4
WBGene00005049.,0,0,0
WBGene00005050.,0,2,2
WBGene00005051.,2,1,3
WBGene00005052.,0,6,6
WBGene00005053.,0,6,6
WBGene00005054.,1,0,1
WBGene00005055.,1,1,2
WBGene00005056.,13,1,14
WBGene00005057.,2,4,6
WBGene00005058.,2,3,5
WBGene00005059.,6,8,14
WBGene00005060.,1,14,15
WBGene00005061.,10,5,15
WBGene00005062.,2,5,7
WBGene00005063.,2,64,66
WBGene00005064.,1,8,9
WBGene00005065.,3,5,8
WBGene00005066.,0,0,0
WBGene00005067.,1,5,6
WBGene00005068.,0,8,8
WBGene00005069.,0,1,1
WBGene00005070.,1,3,4
WBGene00005071.,0,5,5
WBGene00005072.,4,4,8
WBGene00005073.,0,0,0
WBGene00005074.,0,0,0
WBGene00005075.,1,0,1
WBGene00005076.,1,2,3
WBGene00005077.,149,1097,1246
WBGene00005078.,38,522,560
WBGene00005079.,0,8,8
WBGene00005080.,0,0,0
WBGene00005081.,1,15,16
WBGene00005082.,0,7,7
WBGene00005083.,3,2,5
WBGene00005084.,12,6,18
WBGene00005085.,0,5,5
WBGene00005086.,5,3,8
WBGene00005087.,0,0,0
WBGene00005088.,3,4,7
WBGene00005089.,2,9,11
WBGene00005090.,4,4,8
WBGene00005091.,2,2,4
WBGene00005092.,21,40,61
WBGene00005093.,1,16,17
WBGene00005094.,2,3,5
WBGene00005095.,2,3,5
WBGene00005096.,1,7,8
WBGene00005097.,1,4,5
WBGene00005098.,0,10,10
WBGene00005099.,0,1,1
WBGene00005100.,0,1,1
WBGene00005101.,8,59,67
WBGene00005102.,0,1,1
WBGene00005103.,0,1,1
WBGene00005104.,0,0,0
WBGene00005105.,0,2,2
WBGene00005106.,0,0,0
WBGene00005107.,5,59,64
WBGene00005108.,0,128,128
WBGene00005109.,0,4,4
WBGene00005110.,96,166,262
WBGene00005111.,3,117,120
WBGene00005112.,1,0,1
WBGene00005113.,26,90,116
WBGene00005114.,0,2,2
WBGene00005115.,0,3,3
WBGene00005116.,9,0,9
WBGene00005117.,2,3,5
WBGene00005118.,0,0,0
WBGene00005119.,1,5,6
WBGene00005120.,4,11,15
WBGene00005121.,2,4,6
WBGene00005122.,0,1,1
WBGene00005123.,1,4,5
WBGene00005124.,0,7,7
WBGene00005125.,1,3,4
WBGene00005126.,0,9,9
WBGene00005127.,15,95,110
WBGene00005128.,22,10,32
WBGene00005129.,37,111,148
WBGene00005130.,0,1,1
WBGene00005131.,26,105,131
WBGene00005132.,1,16,17
WBGene00005133.,15,21,36
WBGene00005134.,0,0,0
WBGene00005135.,0,1,1
WBGene00005136.,0,0,0
WBGene00005137.,0,0,0
WBGene00005138.,0,0,0
WBGene00005139.,0,0,0
WBGene00005140.,0,2,2
WBGene00005141.,4,3,7
WBGene00005142.,0,2,2
WBGene00005143.,7,4,11
WBGene00005144.,2,5,7
WBGene00005145.,0,0,0
WBGene00005146.,4,3,7
WBGene00005147.,14,137,151
WBGene00005148.,0,0,0
WBGene00005149.,19,38,57
WBGene00005150.,60,119,179
WBGene00005153.,96,340,436
WBGene00005159.,3,2,5
WBGene00005160.,1,0,1
WBGene00005161.,1,0,1
WBGene00005162.,11,30,41
WBGene00005163.,1,16,17
WBGene00005164.,4,1,5
WBGene00005165.,0,2,2
WBGene00005166.,0,0,0
WBGene00005167.,0,2,2
WBGene00005168.,0,6,6
WBGene00005169.,2,10,12
WBGene00005170.,2,5,7
WBGene00005171.,5,9,14
WBGene00005172.,0,8,8
WBGene00005173.,0,4,4
WBGene00005174.,33,102,135
WBGene00005175.,2,2,4
WBGene00005176.,4,3,7
WBGene00005177.,1,1,2
WBGene00005178.,4,3,7
WBGene00005179.,1,2,3
WBGene00005180.,0,13,13
WBGene00005181.,3,7,10
WBGene00005182.,3,11,14
WBGene00005183.,2,24,26
WBGene00005184.,0,2,2
WBGene00005185.,5,3,8
WBGene00005186.,3,11,14
WBGene00005187.,1,25,26
WBGene00005188.,1,1,2
WBGene00005189.,5,29,34
WBGene00005190.,1,2,3
WBGene00005191.,6,11,17
WBGene00005192.,4,3,7
WBGene00005193.,27,0,27
WBGene00005194.,1,6,7
WBGene00005195.,4,14,18
WBGene00005196.,0,2,2
WBGene00005197.,0,44,44
WBGene00005198.,0,11,11
WBGene00005199.,0,6,6
WBGene00005200.,1,0,1
WBGene00005201.,4,0,4
WBGene00005202.,14,6,20
WBGene00005203.,0,5,5
WBGene00005204.,2,3,5
WBGene00005205.,2,5,7
WBGene00005206.,0,14,14
WBGene00005207.,0,4,4
WBGene00005208.,9,23,32
WBGene00005210.,4,23,27
WBGene00005211.,2,3,5
WBGene00005212.,2,3,5
WBGene00005213.,4,17,21
WBGene00005214.,1,0,1
WBGene00005215.,1,0,1
WBGene00005216.,0,1,1
WBGene00005217.,0,0,0
WBGene00005218.,0,3,3
WBGene00005219.,7,18,25
WBGene00005220.,0,0,0
WBGene00005221.,1,6,7
WBGene00005222.,1,5,6
WBGene00005223.,1,1,2
WBGene00005224.,1,0,1
WBGene00005225.,0,2,2
WBGene00005226.,13,35,48
WBGene00005227.,0,0,0
WBGene00005228.,1033,157,1190
WBGene00005229.,1,6,7
WBGene00005230.,0,2,2
WBGene00005231.,0,6,6
WBGene00005232.,1,0,1
WBGene00005233.,1,0,1
WBGene00005234.,1,0,1
WBGene00005235.,1,0,1
WBGene00005236.,1,9,10
WBGene00005237.,0,4,4
WBGene00005238.,0,0,0
WBGene00005239.,0,1,1
WBGene00005240.,3,14,17
WBGene00005241.,3,8,11
WBGene00005242.,8,7,15
WBGene00005243.,1,16,17
WBGene00005244.,4,0,4
WBGene00005245.,1,3,4
WBGene00005246.,0,11,11
WBGene00005247.,1,2,3
WBGene00005248.,0,1,1
WBGene00005249.,3,3,6
WBGene00005250.,1,3,4
WBGene00005251.,15,42,57
WBGene00005252.,0,3,3
WBGene00005253.,14,90,104
WBGene00005254.,1,1,2
WBGene00005255.,0,3,3
WBGene00005256.,0,2,2
WBGene00005257.,4,18,22
WBGene00005258.,2,14,16
WBGene00005259.,0,1,1
WBGene00005260.,1,0,1
WBGene00005261.,4,9,13
WBGene00005262.,8,9,17
WBGene00005263.,2,2,4
WBGene00005264.,0,3,3
WBGene00005265.,0,3,3
WBGene00005266.,0,6,6
WBGene00005267.,3,10,13
WBGene00005268.,2,6,8
WBGene00005269.,5,37,42
WBGene00005270.,1,7,8
WBGene00005271.,15,13,28
WBGene00005272.,1,10,11
WBGene00005273.,1,5,6
WBGene00005274.,0,4,4
WBGene00005275.,0,1,1
WBGene00005276.,0,1,1
WBGene00005277.,0,2,2
WBGene00005278.,0,0,0
WBGene00005279.,0,10,10
WBGene00005280.,0,0,0
WBGene00005281.,0,1,1
WBGene00005282.,1,0,1
WBGene00005283.,2,14,16
WBGene00005284.,1,0,1
WBGene00005285.,0,0,0
WBGene00005286.,0,3,3
WBGene00005287.,0,0,0
WBGene00005288.,0,6,6
WBGene00005289.,0,20,20
WBGene00005290.,1,21,22
WBGene00005291.,0,2,2
WBGene00005292.,2,29,31
WBGene00005293.,0,7,7
WBGene00005294.,0,0,0
WBGene00005295.,0,1,1
WBGene00005296.,2,8,10
WBGene00005297.,1,5,6
WBGene00005298.,5,3,8
WBGene00005299.,24,64,88
WBGene00005300.,0,4,4
WBGene00005301.,3,1,4
WBGene00005302.,0,2,2
WBGene00005303.,3,3,6
WBGene00005304.,0,0,0
WBGene00005305.,3,4,7
WBGene00005306.,1,4,5
WBGene00005307.,6,5,11
WBGene00005308.,0,2,2
WBGene00005309.,1,6,7
WBGene00005310.,0,4,4
WBGene00005311.,13,19,32
WBGene00005312.,0,2,2
WBGene00005313.,0,1,1
WBGene00005314.,0,1,1
WBGene00005315.,3,0,3
WBGene00005316.,7,1,8
WBGene00005317.,0,6,6
WBGene00005318.,3,5,8
WBGene00005319.,2,0,2
WBGene00005320.,1,2,3
WBGene00005321.,1,1,2
WBGene00005322.,0,0,0
WBGene00005323.,0,0,0
WBGene00005324.,62,16,78
WBGene00005325.,0,0,0
WBGene00005326.,0,4,4
WBGene00005327.,0,4,4
WBGene00005328.,0,1,1
WBGene00005329.,1,0,1
WBGene00005330.,0,0,0
WBGene00005331.,0,0,0
WBGene00005332.,0,2,2
WBGene00005333.,0,3,3
WBGene00005334.,1,1,2
WBGene00005335.,0,0,0
WBGene00005336.,1,2,3
WBGene00005337.,0,0,0
WBGene00005338.,0,3,3
WBGene00005339.,2,5,7
WBGene00005340.,0,0,0
WBGene00005341.,1,1,2
WBGene00005342.,0,20,20
WBGene00005343.,27,74,101
WBGene00005344.,13,37,50
WBGene00005345.,3,12,15
WBGene00005346.,0,12,12
WBGene00005347.,2,20,22
WBGene00005348.,0,1,1
WBGene00005349.,0,0,0
WBGene00005350.,0,1,1
WBGene00005351.,2,1,3
WBGene00005352.,2,1,3
WBGene00005353.,3,14,17
WBGene00005354.,0,5,5
WBGene00005355.,1,2,3
WBGene00005356.,0,0,0
WBGene00005357.,0,0,0
WBGene00005358.,0,0,0
WBGene00005359.,1,3,4
WBGene00005360.,0,2,2
WBGene00005361.,0,0,0
WBGene00005362.,2,9,11
WBGene00005363.,2,7,9
WBGene00005364.,1,2,3
WBGene00005365.,0,0,0
WBGene00005366.,0,3,3
WBGene00005367.,0,3,3
WBGene00005368.,0,0,0
WBGene00005369.,0,0,0
WBGene00005370.,1,5,6
WBGene00005371.,0,1,1
WBGene00005372.,1,0,1
WBGene00005373.,0,2,2
WBGene00005374.,0,2,2
WBGene00005375.,0,1,1
WBGene00005376.,0,1,1
WBGene00005377.,0,0,0
WBGene00005378.,1,0,1
WBGene00005379.,0,0,0
WBGene00005380.,0,3,3
WBGene00005381.,1,1,2
WBGene00005382.,1,0,1
WBGene00005383.,0,12,12
WBGene00005384.,0,3,3
WBGene00005385.,2,6,8
WBGene00005386.,6,7,13
WBGene00005387.,16,11,27
WBGene00005388.,2,5,7
WBGene00005389.,0,1,1
WBGene00005390.,0,2,2
WBGene00005391.,0,0,0
WBGene00005392.,0,0,0
WBGene00005393.,2,8,10
WBGene00005394.,0,0,0
WBGene00005395.,0,0,0
WBGene00005396.,0,0,0
WBGene00005397.,0,1,1
WBGene00005398.,8,0,8
WBGene00005399.,0,4,4
WBGene00005400.,0,1,1
WBGene00005401.,0,2,2
WBGene00005402.,0,6,6
WBGene00005403.,8,89,97
WBGene00005404.,1,1,2
WBGene00005405.,29,30,59
WBGene00005406.,0,3,3
WBGene00005407.,0,1,1
WBGene00005408.,2,1,3
WBGene00005409.,0,5,5
WBGene00005410.,4,4,8
WBGene00005411.,0,15,15
WBGene00005412.,0,2,2
WBGene00005413.,0,2,2
WBGene00005414.,0,1,1
WBGene00005415.,0,6,6
WBGene00005416.,0,2,2
WBGene00005417.,0,7,7
WBGene00005418.,0,1,1
WBGene00005419.,0,2,2
WBGene00005420.,6,23,29
WBGene00005421.,2,4,6
WBGene00005422.,0,17,17
WBGene00005423.,0,4,4
WBGene00005424.,0,2,2
WBGene00005425.,1,1,2
WBGene00005426.,1,1,2
WBGene00005427.,0,8,8
WBGene00005428.,4,0,4
WBGene00005429.,0,2,2
WBGene00005430.,0,0,0
WBGene00005431.,5,14,19
WBGene00005432.,0,9,9
WBGene00005433.,2,1,3
WBGene00005434.,4,0,4
WBGene00005435.,0,0,0
WBGene00005436.,0,0,0
WBGene00005437.,1,7,8
WBGene00005438.,3,23,26
WBGene00005439.,0,1,1
WBGene00005440.,2,2,4
WBGene00005441.,1,0,1
WBGene00005442.,0,0,0
WBGene00005443.,0,4,4
WBGene00005444.,0,7,7
WBGene00005445.,9,0,9
WBGene00005446.,0,0,0
WBGene00005447.,3,4,7
WBGene00005448.,1,3,4
WBGene00005449.,0,0,0
WBGene00005450.,0,2,2
WBGene00005451.,0,0,0
WBGene00005452.,0,1,1
WBGene00005453.,0,0,0
WBGene00005454.,0,0,0
WBGene00005455.,0,0,0
WBGene00005456.,0,0,0
WBGene00005457.,1,0,1
WBGene00005458.,0,2,2
WBGene00005459.,0,0,0
WBGene00005460.,1,1,2
WBGene00005461.,0,5,5
WBGene00005462.,0,0,0
WBGene00005463.,9,0,9
WBGene00005464.,0,1,1
WBGene00005465.,0,0,0
WBGene00005466.,0,0,0
WBGene00005467.,0,0,0
WBGene00005468.,3,2,5
WBGene00005469.,0,0,0
WBGene00005470.,1,3,4
WBGene00005471.,0,0,0
WBGene00005472.,2,5,7
WBGene00005473.,2,5,7
WBGene00005474.,0,2,2
WBGene00005475.,10,7,17
WBGene00005476.,0,1,1
WBGene00005477.,5,25,30
WBGene00005478.,0,0,0
WBGene00005479.,0,0,0
WBGene00005480.,0,1,1
WBGene00005481.,1,22,23
WBGene00005482.,0,16,16
WBGene00005483.,0,2,2
WBGene00005484.,0,9,9
WBGene00005485.,9,6,15
WBGene00005486.,0,1,1
WBGene00005487.,0,2,2
WBGene00005488.,1,3,4
WBGene00005489.,6,0,6
WBGene00005490.,1,2,3
WBGene00005491.,0,2,2
WBGene00005492.,0,1,1
WBGene00005493.,0,2,2
WBGene00005494.,2,0,2
WBGene00005495.,4,0,4
WBGene00005496.,0,2,2
WBGene00005497.,0,0,0
WBGene00005498.,0,0,0
WBGene00005499.,1,1,2
WBGene00005500.,2,14,16
WBGene00005501.,0,0,0
WBGene00005502.,0,0,0
WBGene00005503.,0,0,0
WBGene00005504.,0,0,0
WBGene00005505.,2,0,2
WBGene00005506.,2,1,3
WBGene00005507.,0,2,2
WBGene00005508.,0,0,0
WBGene00005509.,0,0,0
WBGene00005510.,0,0,0
WBGene00005511.,2,6,8
WBGene00005512.,0,1,1
WBGene00005513.,0,5,5
WBGene00005514.,2,21,23
WBGene00005515.,0,5,5
WBGene00005516.,4,5,9
WBGene00005517.,5,8,13
WBGene00005518.,23,42,65
WBGene00005519.,2,4,6
WBGene00005520.,0,2,2
WBGene00005521.,2,3,5
WBGene00005522.,3,5,8
WBGene00005523.,13,1459,1472
WBGene00005524.,1,0,1
WBGene00005525.,0,1,1
WBGene00005526.,0,0,0
WBGene00005527.,9,2,11
WBGene00005528.,8,41,49
WBGene00005529.,21,5,26
WBGene00005530.,23,32,55
WBGene00005531.,81,102,183
WBGene00005532.,4,27,31
WBGene00005533.,1,8,9
WBGene00005534.,6,54,60
WBGene00005535.,0,3,3
WBGene00005536.,0,0,0
WBGene00005537.,2,0,2
WBGene00005538.,0,2,2
WBGene00005539.,1,0,1
WBGene00005540.,0,5,5
WBGene00005541.,3,1,4
WBGene00005542.,3,12,15
WBGene00005543.,4,9,13
WBGene00005544.,1,2,3
WBGene00005545.,1,1,2
WBGene00005546.,0,0,0
WBGene00005547.,1,7,8
WBGene00005548.,4,3,7
WBGene00005549.,2,0,2
WBGene00005550.,3,10,13
WBGene00005551.,0,3,3
WBGene00005552.,14,47,61
WBGene00005553.,1,0,1
WBGene00005554.,2,2,4
WBGene00005555.,0,0,0
WBGene00005556.,0,2,2
WBGene00005557.,5,9,14
WBGene00005558.,1,10,11
WBGene00005559.,3,12,15
WBGene00005560.,12,35,47
WBGene00005561.,0,2,2
WBGene00005562.,0,0,0
WBGene00005563.,1,4,5
WBGene00005564.,0,0,0
WBGene00005565.,1,0,1
WBGene00005566.,2,1,3
WBGene00005567.,0,0,0
WBGene00005568.,15,7,22
WBGene00005569.,2,3,5
WBGene00005570.,0,0,0
WBGene00005571.,0,0,0
WBGene00005572.,1,4,5
WBGene00005573.,2,2,4
WBGene00005574.,0,13,13
WBGene00005575.,2,8,10
WBGene00005576.,0,1,1
WBGene00005577.,0,2,2
WBGene00005578.,1,0,1
WBGene00005579.,4,0,4
WBGene00005580.,0,4,4
WBGene00005581.,0,3,3
WBGene00005582.,0,0,0
WBGene00005583.,1,1,2
WBGene00005584.,2,1,3
WBGene00005585.,1,9,10
WBGene00005586.,0,6,6
WBGene00005587.,1,2,3
WBGene00005588.,1,5,6
WBGene00005589.,3,3,6
WBGene00005590.,0,1,1
WBGene00005591.,28,22,50
WBGene00005592.,0,11,11
WBGene00005593.,1,0,1
WBGene00005594.,0,1,1
WBGene00005595.,0,4,4
WBGene00005596.,0,1,1
WBGene00005597.,0,2,2
WBGene00005598.,0,3,3
WBGene00005599.,0,0,0
WBGene00005600.,5,1,6
WBGene00005601.,0,0,0
WBGene00005602.,38,661,699
WBGene00005603.,7,27,34
WBGene00005604.,4,2,6
WBGene00005605.,4,4,8
WBGene00005606.,5,11,16
WBGene00005607.,3,6,9
WBGene00005608.,0,1,1
WBGene00005609.,1,13,14
WBGene00005610.,1,3,4
WBGene00005611.,16,39,55
WBGene00005612.,42,4,46
WBGene00005613.,40,5,45
WBGene00005614.,0,0,0
WBGene00005615.,1,3,4
WBGene00005616.,0,0,0
WBGene00005617.,1,0,1
WBGene00005618.,4,0,4
WBGene00005619.,1,2,3
WBGene00005620.,28,5,33
WBGene00005621.,2,0,2
WBGene00005622.,6,12,18
WBGene00005623.,0,0,0
WBGene00005624.,2,1,3
WBGene00005625.,1,1,2
WBGene00005626.,0,0,0
WBGene00005627.,0,0,0
WBGene00005628.,0,0,0
WBGene00005629.,2,1,3
WBGene00005630.,0,1,1
WBGene00005631.,0,0,0
WBGene00005632.,0,0,0
WBGene00005633.,0,0,0
WBGene00005634.,2,0,2
WBGene00005635.,1,1,2
WBGene00005638.,0,10,10
WBGene00005639.,0,3,3
WBGene00005640.,1,8,9
WBGene00005641.,15,86,101
WBGene00005642.,14,141,155
WBGene00005643.,3,39,42
WBGene00005644.,161,1590,1751
WBGene00005646.,0,5,5
WBGene00005647.,38,770,808
WBGene00005648.,373,3102,3475
WBGene00005649.,26,30,56
WBGene00005650.,1,0,1
WBGene00005651.,0,0,0
WBGene00005652.,49,500,549
WBGene00005653.,11,113,124
WBGene00005654.,24,367,391
WBGene00005655.,86,1433,1519
WBGene00005656.,9,36,45
WBGene00005657.,7,261,268
WBGene00005658.,0,1,1
WBGene00005659.,1,7,8
WBGene00005660.,1,18,19
WBGene00005661.,3,59,62
WBGene00005662.,161,2242,2403
WBGene00005663.,1090,13423,14513
WBGene00005664.,0,21,21
WBGene00005665.,0,6,6
WBGene00005666.,0,2,2
WBGene00005667.,1,3,4
WBGene00005668.,0,18,18
WBGene00005669.,1,3,4
WBGene00005670.,12,35,47
WBGene00005671.,2,15,17
WBGene00005672.,1,1,2
WBGene00005673.,0,0,0
WBGene00005674.,1,0,1
WBGene00005675.,1,5,6
WBGene00005676.,1,9,10
WBGene00005677.,1,8,9
WBGene00005678.,1,4,5
WBGene00005679.,2,4,6
WBGene00005680.,1,2,3
WBGene00005681.,0,0,0
WBGene00005682.,0,2,2
WBGene00005683.,0,16,16
WBGene00005684.,10,2,12
WBGene00005685.,0,5,5
WBGene00005686.,1,10,11
WBGene00005687.,0,11,11
WBGene00005688.,0,0,0
WBGene00005689.,3,13,16
WBGene00005690.,2,16,18
WBGene00005691.,1,10,11
WBGene00005692.,0,13,13
WBGene00005693.,1,1,2
WBGene00005694.,0,1,1
WBGene00005695.,0,5,5
WBGene00005696.,2,13,15
WBGene00005697.,0,1,1
WBGene00005698.,2,1,3
WBGene00005699.,1,2,3
WBGene00005700.,0,5,5
WBGene00005701.,1,3,4
WBGene00005702.,2,38,40
WBGene00005703.,0,37,37
WBGene00005704.,4,3,7
WBGene00005705.,3,3,6
WBGene00005706.,1,6,7
WBGene00005707.,0,2,2
WBGene00005708.,3,1,4
WBGene00005709.,5,3,8
WBGene00005710.,23,53,76
WBGene00005711.,0,12,12
WBGene00005712.,24,135,159
WBGene00005713.,3,22,25
WBGene00005714.,1,1,2
WBGene00005715.,32,13,45
WBGene00005716.,5,14,19
WBGene00005717.,4,55,59
WBGene00005718.,27,104,131
WBGene00005719.,16,44,60
WBGene00005720.,3,0,3
WBGene00005721.,10,20,30
WBGene00005722.,6,0,6
WBGene00005723.,6,1,7
WBGene00005724.,19,12,31
WBGene00005725.,6,19,25
WBGene00005726.,16,20,36
WBGene00005727.,5,2,7
WBGene00005728.,0,0,0
WBGene00005729.,1,0,1
WBGene00005730.,0,0,0
WBGene00005731.,0,0,0
WBGene00005732.,0,0,0
WBGene00005733.,0,2,2
WBGene00005734.,2,1,3
WBGene00005735.,10,12,22
WBGene00005736.,7,28,35
WBGene00005737.,3,3,6
WBGene00005738.,0,7,7
WBGene00005739.,18,25,43
WBGene00005740.,0,0,0
WBGene00005741.,3,0,3
WBGene00005742.,0,10,10
WBGene00005743.,2,7,9
WBGene00005744.,0,0,0
WBGene00005745.,3,4,7
WBGene00005746.,0,0,0
WBGene00005747.,12,3,15
WBGene00005748.,7,26,33
WBGene00005749.,0,0,0
WBGene00005750.,0,1,1
WBGene00005751.,1,5,6
WBGene00005752.,9,73,82
WBGene00005753.,8,6,14
WBGene00005754.,2,9,11
WBGene00005755.,2,6,8
WBGene00005756.,1,4,5
WBGene00005757.,1,21,22
WBGene00005758.,0,11,11
WBGene00005759.,2,169,171
WBGene00005760.,0,0,0
WBGene00005761.,0,1,1
WBGene00005762.,0,0,0
WBGene00005763.,0,8,8
WBGene00005764.,0,9,9
WBGene00005765.,0,0,0
WBGene00005766.,0,0,0
WBGene00005767.,0,0,0
WBGene00005768.,0,1,1
WBGene00005769.,0,0,0
WBGene00005770.,0,0,0
WBGene00005771.,0,2,2
WBGene00005772.,7,7,14
WBGene00005773.,0,1,1
WBGene00005774.,0,0,0
WBGene00005775.,0,2,2
WBGene00005776.,0,0,0
WBGene00005777.,0,0,0
WBGene00005778.,2,2,4
WBGene00005779.,0,0,0
WBGene00005780.,0,2,2
WBGene00005781.,0,0,0
WBGene00005782.,0,2,2
WBGene00005783.,1,0,1
WBGene00005784.,2,1,3
WBGene00005785.,1,0,1
WBGene00005786.,7,0,7
WBGene00005787.,0,0,0
WBGene00005788.,0,0,0
WBGene00005789.,0,1,1
WBGene00005790.,0,2,2
WBGene00005791.,0,1,1
WBGene00005792.,80,0,80
WBGene00005793.,0,0,0
WBGene00005794.,0,0,0
WBGene00005795.,0,0,0
WBGene00005796.,0,0,0
WBGene00005797.,0,1,1
WBGene00005798.,0,1,1
WBGene00005799.,0,1,1
WBGene00005800.,2,20,22
WBGene00005801.,0,1,1
WBGene00005802.,0,0,0
WBGene00005803.,0,0,0
WBGene00005804.,0,0,0
WBGene00005805.,0,0,0
WBGene00005806.,0,2,2
WBGene00005807.,2,0,2
WBGene00005808.,0,3,3
WBGene00005809.,0,2,2
WBGene00005810.,2,7,9
WBGene00005811.,6,12,18
WBGene00005812.,1,0,1
WBGene00005813.,0,2,2
WBGene00005814.,3,4,7
WBGene00005815.,433,1990,2423
WBGene00005816.,272,611,883
WBGene00005817.,0,0,0
WBGene00005818.,244,1453,1697
WBGene00005819.,0,0,0
WBGene00005820.,6,12,18
WBGene00005821.,0,0,0
WBGene00005822.,0,1,1
WBGene00005823.,0,0,0
WBGene00005824.,0,0,0
WBGene00005825.,17,36,53
WBGene00005826.,0,1,1
WBGene00005827.,4,18,22
WBGene00005828.,3,33,36
WBGene00005829.,1,2,3
WBGene00005830.,0,4,4
WBGene00005831.,0,1,1
WBGene00005832.,101,1395,1496
WBGene00005833.,7,137,144
WBGene00005834.,1,15,16
WBGene00005835.,1,3,4
WBGene00005836.,0,1,1
WBGene00005837.,0,6,6
WBGene00005838.,3,9,12
WBGene00005839.,0,2,2
WBGene00005840.,2,13,15
WBGene00005841.,5,9,14
WBGene00005842.,0,2,2
WBGene00005843.,1,4,5
WBGene00005844.,1,2,3
WBGene00005845.,4,11,15
WBGene00005846.,0,1,1
WBGene00005847.,4,1,5
WBGene00005848.,4,1,5
WBGene00005849.,0,2,2
WBGene00005850.,2,10,12
WBGene00005851.,0,0,0
WBGene00005852.,0,1,1
WBGene00005853.,1,2,3
WBGene00005854.,2,1,3
WBGene00005855.,0,1,1
WBGene00005856.,0,0,0
WBGene00005857.,0,0,0
WBGene00005858.,12,0,12
WBGene00005859.,0,2,2
WBGene00005860.,0,0,0
WBGene00005861.,0,0,0
WBGene00005862.,0,0,0
WBGene00005863.,1,1,2
WBGene00005864.,0,0,0
WBGene00005865.,0,4,4
WBGene00005866.,0,0,0
WBGene00005867.,0,1,1
WBGene00005868.,0,0,0
WBGene00005869.,1,1,2
WBGene00005870.,1,1,2
WBGene00005871.,0,0,0
WBGene00005872.,0,0,0
WBGene00005873.,0,0,0
WBGene00005874.,0,0,0
WBGene00005875.,0,4,4
WBGene00005876.,0,3,3
WBGene00005877.,0,0,0
WBGene00005878.,1,5,6
WBGene00005879.,0,0,0
WBGene00005880.,0,0,0
WBGene00005881.,1,1,2
WBGene00005882.,0,0,0
WBGene00005883.,1,0,1
WBGene00005884.,0,1,1
WBGene00005885.,0,1,1
WBGene00005886.,0,2,2
WBGene00005887.,4,13,17
WBGene00005888.,0,0,0
WBGene00005889.,0,0,0
WBGene00005890.,0,0,0
WBGene00005891.,1,1,2
WBGene00005892.,1,11,12
WBGene00005893.,12,100,112
WBGene00005894.,2,4,6
WBGene00005895.,0,2,2
WBGene00005896.,0,0,0
WBGene00005897.,0,0,0
WBGene00005898.,7,11,18
WBGene00005899.,2,0,2
WBGene00005900.,4,2,6
WBGene00005901.,1,2,3
WBGene00005902.,5,2,7
WBGene00005903.,5,15,20
WBGene00005904.,13,2,15
WBGene00005905.,7,9,16
WBGene00005906.,4,43,47
WBGene00005907.,1,0,1
WBGene00005908.,0,10,10
WBGene00005909.,5,9,14
WBGene00005910.,5,24,29
WBGene00005911.,0,1,1
WBGene00005912.,0,0,0
WBGene00005913.,2,0,2
WBGene00005914.,0,3,3
WBGene00005915.,0,1,1
WBGene00005916.,0,0,0
WBGene00005917.,0,0,0
WBGene00005918.,0,0,0
WBGene00005919.,3,0,3
WBGene00005920.,1,2,3
WBGene00005921.,2,2,4
WBGene00005922.,0,1,1
WBGene00005923.,0,0,0
WBGene00005924.,2,4,6
WBGene00005925.,3,16,19
WBGene00005926.,10,22,32
WBGene00005927.,5,4,9
WBGene00005928.,2,8,10
WBGene00005929.,5,19,24
WBGene00005930.,1,0,1
WBGene00005931.,3,4,7
WBGene00005932.,23,17,40
WBGene00005933.,0,4,4
WBGene00005934.,0,23,23
WBGene00005935.,6,7,13
WBGene00005936.,35,283,318
WBGene00005937.,5,43,48
WBGene00005938.,44,118,162
WBGene00005939.,4,1,5
WBGene00005940.,1,2,3
WBGene00005941.,23,14,37
WBGene00005942.,1,0,1
WBGene00005943.,0,0,0
WBGene00005944.,0,0,0
WBGene00005945.,1,0,1
WBGene00005946.,0,0,0
WBGene00005947.,8,54,62
WBGene00005948.,1,0,1
WBGene00005949.,2,92,94
WBGene00005950.,0,3,3
WBGene00005951.,1,0,1
WBGene00005952.,1,4,5
WBGene00005953.,0,1,1
WBGene00005954.,0,0,0
WBGene00005955.,0,3,3
WBGene00005956.,0,0,0
WBGene00005957.,1,0,1
WBGene00005958.,2,14,16
WBGene00005959.,6,47,53
WBGene00005960.,1,0,1
WBGene00005961.,1,3,4
WBGene00005962.,15,18,33
WBGene00005963.,2,5,7
WBGene00005964.,4,13,17
WBGene00005965.,110,3,113
WBGene00005966.,2,1,3
WBGene00005967.,77,220,297
WBGene00005968.,1,4,5
WBGene00005969.,3,2,5
WBGene00005970.,4,10,14
WBGene00005971.,1,5,6
WBGene00005972.,1,10,11
WBGene00005973.,10,3,13
WBGene00005974.,5,5,10
WBGene00005975.,10,30,40
WBGene00005976.,7,16,23
WBGene00005977.,1,12,13
WBGene00005978.,1,1,2
WBGene00005979.,9,3,12
WBGene00005980.,5,4,9
WBGene00005981.,4,10,14
WBGene00005982.,93,55,148
WBGene00005983.,2,1,3
WBGene00005984.,0,0,0
WBGene00005985.,0,0,0
WBGene00005986.,1,3,4
WBGene00005987.,13,4,17
WBGene00005988.,3,12,15
WBGene00005989.,0,2,2
WBGene00005990.,2,0,2
WBGene00005991.,1,0,1
WBGene00005992.,0,0,0
WBGene00005993.,1,1,2
WBGene00005994.,63,0,63
WBGene00005995.,1,0,1
WBGene00005996.,0,3,3
WBGene00005997.,0,0,0
WBGene00005998.,1,5,6
WBGene00005999.,0,5,5
WBGene00006000.,0,6,6
WBGene00006001.,1,1,2
WBGene00006002.,2,15,17
WBGene00006003.,1,3,4
WBGene00006004.,0,4,4
WBGene00006005.,2,10,12
WBGene00006006.,2,30,32
WBGene00006007.,0,4,4
WBGene00006008.,2,10,12
WBGene00006009.,0,1,1
WBGene00006010.,0,1,1
WBGene00006011.,0,1,1
WBGene00006012.,1,3,4
WBGene00006013.,1,0,1
WBGene00006014.,5,6,11
WBGene00006015.,9,10,19
WBGene00006016.,3,24,27
WBGene00006017.,0,2,2
WBGene00006018.,0,1,1
WBGene00006019.,2,7,9
WBGene00006020.,3,25,28
WBGene00006021.,2,1,3
WBGene00006022.,0,0,0
WBGene00006023.,0,3,3
WBGene00006024.,1,4,5
WBGene00006025.,0,14,14
WBGene00006026.,4,24,28
WBGene00006027.,1,0,1
WBGene00006028.,4,15,19
WBGene00006029.,0,1,1
WBGene00006038.,0,1,1
WBGene00006039.,0,3,3
WBGene00006040.,0,0,0
WBGene00006044.,0,8,8
WBGene00006047.,0,0,0
WBGene00006048.,0,0,0
WBGene00006049.,0,2,2
WBGene00006050.,46,790,836
WBGene00006051.,4,22,26
WBGene00006052.,0,1,1
WBGene00006053.,0,0,0
WBGene00006055.,72,398,470
WBGene00006056.,0,3,3
WBGene00006057.,1,0,1
WBGene00006058.,0,4,4
WBGene00006059.,217,2454,2671
WBGene00006060.,0,0,0
WBGene00006061.,50,3781,3831
WBGene00006062.,564,2839,3403
WBGene00006063.,15,602,617
WBGene00006064.,148,410,558
WBGene00006065.,4,23,27
WBGene00006066.,91,2876,2967
WBGene00006067.,497,3283,3780
WBGene00006068.,36,362,398
WBGene00006069.,3,8,11
WBGene00006070.,0,0,0
WBGene00006071.,8,4,12
WBGene00006072.,0,10,10
WBGene00006073.,0,0,0
WBGene00006074.,0,0,0
WBGene00006075.,21,231,252
WBGene00006076.,0,3,3
WBGene00006077.,4,11,15
WBGene00006078.,0,1,1
WBGene00006079.,1,1,2
WBGene00006080.,1,2,3
WBGene00006081.,0,1,1
WBGene00006082.,3,0,3
WBGene00006083.,4,7,11
WBGene00006084.,1,0,1
WBGene00006085.,0,3,3
WBGene00006086.,0,3,3
WBGene00006087.,1,2,3
WBGene00006088.,0,0,0
WBGene00006089.,0,1,1
WBGene00006090.,0,0,0
WBGene00006091.,0,1,1
WBGene00006092.,0,0,0
WBGene00006093.,0,3,3
WBGene00006094.,0,0,0
WBGene00006095.,2,2,4
WBGene00006096.,3,15,18
WBGene00006097.,0,5,5
WBGene00006098.,1,4,5
WBGene00006099.,0,1,1
WBGene00006100.,0,0,0
WBGene00006101.,0,0,0
WBGene00006102.,0,3,3
WBGene00006103.,2,11,13
WBGene00006104.,0,0,0
WBGene00006105.,0,4,4
WBGene00006106.,0,1,1
WBGene00006107.,0,0,0
WBGene00006108.,0,0,0
WBGene00006109.,1,10,11
WBGene00006110.,0,18,18
WBGene00006111.,1,0,1
WBGene00006112.,0,3,3
WBGene00006113.,6,36,42
WBGene00006114.,35,81,116
WBGene00006115.,41,1,42
WBGene00006116.,1,1,2
WBGene00006117.,0,1,1
WBGene00006118.,1,2,3
WBGene00006119.,0,0,0
WBGene00006120.,1,1,2
WBGene00006121.,0,1,1
WBGene00006122.,1,4,5
WBGene00006123.,1,0,1
WBGene00006124.,1,3,4
WBGene00006125.,0,0,0
WBGene00006126.,0,1,1
WBGene00006127.,0,4,4
WBGene00006128.,1,5,6
WBGene00006129.,11,0,11
WBGene00006130.,5,14,19
WBGene00006131.,0,0,0
WBGene00006132.,0,1,1
WBGene00006133.,2,0,2
WBGene00006134.,3,2,5
WBGene00006135.,2,19,21
WBGene00006136.,0,0,0
WBGene00006137.,1,1,2
WBGene00006138.,5,10,15
WBGene00006139.,3,16,19
WBGene00006140.,50,2,52
WBGene00006141.,1,0,1
WBGene00006142.,2,1,3
WBGene00006143.,0,14,14
WBGene00006144.,0,0,0
WBGene00006145.,0,1,1
WBGene00006146.,0,6,6
WBGene00006147.,1,1,2
WBGene00006148.,1,2,3
WBGene00006149.,1,9,10
WBGene00006150.,1,5,6
WBGene00006151.,0,3,3
WBGene00006152.,2,8,10
WBGene00006153.,0,5,5
WBGene00006154.,6,17,23
WBGene00006155.,0,9,9
WBGene00006156.,0,0,0
WBGene00006157.,3,12,15
WBGene00006158.,0,0,0
WBGene00006159.,0,1,1
WBGene00006160.,0,1,1
WBGene00006161.,0,5,5
WBGene00006162.,1,6,7
WBGene00006163.,32,31,63
WBGene00006164.,3,10,13
WBGene00006165.,1,3,4
WBGene00006166.,0,0,0
WBGene00006167.,0,5,5
WBGene00006168.,0,0,0
WBGene00006169.,24,6,30
WBGene00006170.,0,0,0
WBGene00006171.,0,0,0
WBGene00006172.,15,7,22
WBGene00006173.,1,0,1
WBGene00006174.,0,0,0
WBGene00006175.,0,0,0
WBGene00006176.,1,19,20
WBGene00006177.,0,0,0
WBGene00006178.,0,3,3
WBGene00006179.,0,6,6
WBGene00006180.,1,30,31
WBGene00006181.,0,3,3
WBGene00006182.,1,13,14
WBGene00006183.,0,1,1
WBGene00006184.,2,0,2
WBGene00006185.,0,0,0
WBGene00006186.,1,0,1
WBGene00006187.,1,3,4
WBGene00006188.,5,7,12
WBGene00006189.,6,6,12
WBGene00006190.,0,0,0
WBGene00006191.,0,11,11
WBGene00006192.,0,2,2
WBGene00006193.,3,9,12
WBGene00006194.,1,3,4
WBGene00006195.,0,39,39
WBGene00006196.,1,0,1
WBGene00006197.,3,3,6
WBGene00006198.,13,61,74
WBGene00006199.,2,5,7
WBGene00006200.,0,0,0
WBGene00006201.,1,9,10
WBGene00006202.,2,2,4
WBGene00006203.,1,1,2
WBGene00006204.,0,0,0
WBGene00006205.,1,9,10
WBGene00006206.,0,0,0
WBGene00006207.,9,31,40
WBGene00006208.,7,11,18
WBGene00006209.,0,11,11
WBGene00006210.,22,20,42
WBGene00006211.,10,40,50
WBGene00006212.,1,17,18
WBGene00006213.,2,4,6
WBGene00006214.,28,4,32
WBGene00006215.,0,4,4
WBGene00006216.,2,0,2
WBGene00006217.,3,8,11
WBGene00006218.,11,38,49
WBGene00006219.,3,0,3
WBGene00006220.,23,124,147
WBGene00006221.,0,1,1
WBGene00006222.,1,1,2
WBGene00006223.,1,4,5
WBGene00006224.,0,1,1
WBGene00006225.,1,0,1
WBGene00006226.,1,5,6
WBGene00006227.,1,9,10
WBGene00006228.,1,4,5
WBGene00006229.,0,7,7
WBGene00006230.,0,1,1
WBGene00006231.,0,1,1
WBGene00006232.,0,0,0
WBGene00006233.,7,5,12
WBGene00006234.,1,2,3
WBGene00006235.,1,1,2
WBGene00006236.,0,0,0
WBGene00006237.,4,27,31
WBGene00006238.,0,0,0
WBGene00006239.,4,14,18
WBGene00006240.,0,0,0
WBGene00006241.,1,2,3
WBGene00006242.,0,2,2
WBGene00006243.,2,1,3
WBGene00006244.,0,3,3
WBGene00006245.,0,0,0
WBGene00006246.,0,0,0
WBGene00006247.,0,0,0
WBGene00006248.,0,1,1
WBGene00006249.,1,3,4
WBGene00006250.,0,1,1
WBGene00006251.,3,3,6
WBGene00006252.,1,0,1
WBGene00006253.,5,2,7
WBGene00006254.,0,0,0
WBGene00006255.,14,16,30
WBGene00006256.,0,12,12
WBGene00006257.,0,1,1
WBGene00006258.,1,5,6
WBGene00006259.,0,0,0
WBGene00006260.,0,1,1
WBGene00006261.,2,0,2
WBGene00006262.,0,5,5
WBGene00006263.,0,2,2
WBGene00006264.,1,1,2
WBGene00006265.,1,4,5
WBGene00006266.,123,0,123
WBGene00006267.,0,2,2
WBGene00006268.,0,6,6
WBGene00006269.,0,4,4
WBGene00006270.,1,3,4
WBGene00006271.,0,0,0
WBGene00006272.,4,15,19
WBGene00006273.,3,1,4
WBGene00006274.,1,0,1
WBGene00006275.,0,1,1
WBGene00006276.,0,2,2
WBGene00006277.,0,3,3
WBGene00006278.,6,4,10
WBGene00006279.,3,20,23
WBGene00006280.,4,6,10
WBGene00006281.,2,1,3
WBGene00006282.,0,0,0
WBGene00006283.,0,0,0
WBGene00006284.,0,0,0
WBGene00006285.,5,27,32
WBGene00006286.,4,7,11
WBGene00006287.,4,16,20
WBGene00006288.,17,21,38
WBGene00006289.,0,0,0
WBGene00006306.,329,1264,1593
WBGene00006307.,129,3323,3452
WBGene00006308.,44,297,341
WBGene00006309.,30,797,827
WBGene00006310.,61,152,213
WBGene00006311.,11,275,286
WBGene00006314.,0,0,0
WBGene00006315.,0,0,0
WBGene00006316.,0,0,0
WBGene00006318.,212,2168,2380
WBGene00006319.,47,1113,1160
WBGene00006321.,183,7951,8134
WBGene00006324.,28,1381,1409
WBGene00006327.,0,0,0
WBGene00006330.,0,0,0
WBGene00006331.,222,12617,12839
WBGene00006333.,0,0,0
WBGene00006334.,0,0,0
WBGene00006338.,0,0,0
WBGene00006342.,286,4511,4797
WBGene00006344.,0,0,0
WBGene00006349.,244,1325,1569
WBGene00006351.,48,2002,2050
WBGene00006352.,108,3094,3202
WBGene00006353.,25,608,633
WBGene00006359.,76,2634,2710
WBGene00006363.,84,306,390
WBGene00006364.,355,2071,2426
WBGene00006365.,87,1099,1186
WBGene00006366.,96,4187,4283
WBGene00006367.,0,0,0
WBGene00006368.,100,701,801
WBGene00006369.,42,1339,1381
WBGene00006371.,88,827,915
WBGene00006372.,53,917,970
WBGene00006373.,170,2609,2779
WBGene00006374.,14,160,174
WBGene00006375.,8,436,444
WBGene00006376.,9,359,368
WBGene00006377.,80,1290,1370
WBGene00006379.,75,1191,1266
WBGene00006380.,10,213,223
WBGene00006381.,96,4539,4635
WBGene00006382.,685,3656,4341
WBGene00006383.,82,551,633
WBGene00006384.,209,1223,1432
WBGene00006385.,823,1874,2697
WBGene00006386.,166,1054,1220
WBGene00006387.,36,438,474
WBGene00006388.,22,137,159
WBGene00006389.,23,667,690
WBGene00006390.,54,705,759
WBGene00006391.,43,527,570
WBGene00006392.,185,2239,2424
WBGene00006393.,25,793,818
WBGene00006394.,36,284,320
WBGene00006395.,16,238,254
WBGene00006396.,433,1877,2310
WBGene00006397.,29,803,832
WBGene00006399.,18,18,36
WBGene00006402.,70,795,865
WBGene00006404.,118,1253,1371
WBGene00006405.,365,2874,3239
WBGene00006406.,239,3758,3997
WBGene00006407.,1144,6318,7462
WBGene00006408.,2543,32470,35013
WBGene00006409.,1,2,3
WBGene00006410.,117,2286,2403
WBGene00006411.,8,73,81
WBGene00006412.,256,1887,2143
WBGene00006414.,5,1204,1209
WBGene00006415.,299,2476,2775
WBGene00006416.,0,15,15
WBGene00006418.,0,50,50
WBGene00006419.,3,2,5
WBGene00006423.,1070,16422,17492
WBGene00006424.,225,922,1147
WBGene00006428.,72,102,174
WBGene00006429.,4,45,49
WBGene00006430.,88,630,718
WBGene00006431.,32,559,591
WBGene00006432.,88,1438,1526
WBGene00006433.,799,18734,19533
WBGene00006434.,434,38126,38560
WBGene00006435.,10,33,43
WBGene00006436.,4401,180885,185286
WBGene00006437.,217,5363,5580
WBGene00006438.,221,2873,3094
WBGene00006439.,626,688810,689436
WBGene00006440.,108,627,735
WBGene00006441.,52,219,271
WBGene00006442.,288,2625,2913
WBGene00006443.,23,748,771
WBGene00006444.,43,1521,1564
WBGene00006445.,41,599,640
WBGene00006446.,16,466,482
WBGene00006447.,20,1765,1785
WBGene00006448.,38,690,728
WBGene00006449.,1,3,4
WBGene00006450.,381,1706,2087
WBGene00006452.,2591,25374,27965
WBGene00006454.,11,51,62
WBGene00006459.,30,751,781
WBGene00006460.,184,6924,7108
WBGene00006461.,27,251,278
WBGene00006462.,241,1547,1788
WBGene00006463.,63,630,693
WBGene00006464.,1,30,31
WBGene00006465.,57,2757,2814
WBGene00006466.,127,636,763
WBGene00006467.,195,1385,1580
WBGene00006468.,28,464,492
WBGene00006470.,16,1436,1452
WBGene00006471.,0,1,1
WBGene00006472.,68,2043,2111
WBGene00006473.,19,1077,1096
WBGene00006474.,29,2220,2249
WBGene00006475.,36,270,306
WBGene00006476.,323,1189,1512
WBGene00006477.,109,294,403
WBGene00006478.,207,2160,2367
WBGene00006479.,170,2227,2397
WBGene00006481.,450,3299,3749
WBGene00006483.,350,2442,2792
WBGene00006484.,2,0,2
WBGene00006486.,41,243,284
WBGene00006487.,4,46,50
WBGene00006488.,0,0,0
WBGene00006489.,75,2997,3072
WBGene00006490.,218,1116,1334
WBGene00006491.,9,965,974
WBGene00006492.,99,566,665
WBGene00006493.,109,1310,1419
WBGene00006494.,14,3071,3085
WBGene00006495.,840,6161,7001
WBGene00006496.,453,1251,1704
WBGene00006497.,251,5317,5568
WBGene00006498.,258,2232,2490
WBGene00006499.,90,1663,1753
WBGene00006503.,46,1339,1385
WBGene00006504.,54,937,991
WBGene00006505.,113,423,536
WBGene00006508.,1429,5459,6888
WBGene00006509.,0,3,3
WBGene00006510.,506,2807,3313
WBGene00006512.,218,9202,9420
WBGene00006513.,266,1318,1584
WBGene00006514.,28,1793,1821
WBGene00006515.,74,5304,5378
WBGene00006516.,26,802,828
WBGene00006517.,169,3614,3783
WBGene00006518.,14,4955,4969
WBGene00006519.,4537,51297,55834
WBGene00006520.,0,460,460
WBGene00006522.,28,127,155
WBGene00006523.,134,1990,2124
WBGene00006524.,75,1507,1582
WBGene00006525.,15,249,264
WBGene00006526.,5,101,106
WBGene00006527.,815,7531,8346
WBGene00006528.,106,44361,44467
WBGene00006529.,3120,45900,49020
WBGene00006530.,33,339,372
WBGene00006531.,5,89,94
WBGene00006532.,11,25,36
WBGene00006533.,19,163,182
WBGene00006534.,763,5902,6665
WBGene00006535.,205,1351,1556
WBGene00006536.,12,26481,26493
WBGene00006537.,745,59704,60449
WBGene00006538.,18,409,427
WBGene00006539.,2,8,10
WBGene00006540.,25,1168,1193
WBGene00006541.,37,246,283
WBGene00006542.,24,850,874
WBGene00006543.,129,2094,2223
WBGene00006544.,11,9,20
WBGene00006545.,0,15,15
WBGene00006546.,5,5,10
WBGene00006547.,0,17,17
WBGene00006549.,0,0,0
WBGene00006550.,0,1,1
WBGene00006551.,0,2,2
WBGene00006552.,5,6,11
WBGene00006553.,0,1,1
WBGene00006554.,0,0,0
WBGene00006555.,21,141,162
WBGene00006556.,1,0,1
WBGene00006557.,0,1,1
WBGene00006558.,0,0,0
WBGene00006559.,0,1,1
WBGene00006560.,1,1,2
WBGene00006561.,221,2054,2275
WBGene00006562.,67,642,709
WBGene00006563.,310,1133,1443
WBGene00006565.,87,6156,6243
WBGene00006566.,92,1486,1578
WBGene00006567.,27,1384,1411
WBGene00006568.,16,799,815
WBGene00006570.,91,2058,2149
WBGene00006571.,172,1706,1878
WBGene00006572.,411,6916,7327
WBGene00006573.,207,2631,2838
WBGene00006574.,250,16677,16927
WBGene00006575.,463,1733,2196
WBGene00006576.,37,170,207
WBGene00006577.,246,2235,2481
WBGene00006578.,165,1498,1663
WBGene00006579.,352,4652,5004
WBGene00006580.,118,1146,1264
WBGene00006582.,317,2580,2897
WBGene00006583.,312,11586,11898
WBGene00006584.,2805,56051,58856
WBGene00006585.,336,17537,17873
WBGene00006586.,132,6451,6583
WBGene00006587.,1866,43923,45789
WBGene00006588.,1375,21313,22688
WBGene00006589.,195,3892,4087
WBGene00006590.,65,1472,1537
WBGene00006591.,188,345,533
WBGene00006592.,75,703,778
WBGene00006593.,724,2171,2895
WBGene00006594.,574,2426,3000
WBGene00006595.,297,10179,10476
WBGene00006596.,170,365,535
WBGene00006597.,13,438,451
WBGene00006598.,0,62,62
WBGene00006599.,613,1541,2154
WBGene00006600.,3,86,89
WBGene00006601.,156,27427,27583
WBGene00006602.,392,2876,3268
WBGene00006603.,1794,9656,11450
WBGene00006604.,350,1741,2091
WBGene00006605.,126,1001,1127
WBGene00006606.,49,421,470
WBGene00006607.,297,3137,3434
WBGene00006608.,63,818,881
WBGene00006609.,31,324,355
WBGene00006610.,15,75,90
WBGene00006611.,1,170,171
WBGene00006612.,4,19,23
WBGene00006613.,138,5099,5237
WBGene00006614.,167,516,683
WBGene00006615.,346,504,850
WBGene00006616.,38,75,113
WBGene00006617.,206,10407,10613
WBGene00006618.,163,507,670
WBGene00006619.,1,18,19
WBGene00006620.,83,217,300
WBGene00006621.,32,22,54
WBGene00006622.,3,8,11
WBGene00006623.,57,121,178
WBGene00006624.,266,777,1043
WBGene00006625.,3,8,11
WBGene00006626.,37,9969,10006
WBGene00006627.,16,288,304
WBGene00006628.,8,191,199
WBGene00006629.,13,183,196
WBGene00006630.,4,5,9
WBGene00006631.,1,2,3
WBGene00006632.,64,60,124
WBGene00006633.,176,1592,1768
WBGene00006634.,1820,21273,23093
WBGene00006635.,6,416,422
WBGene00006636.,12,122,134
WBGene00006637.,43,862,905
WBGene00006638.,24,944,968
WBGene00006639.,20,45,65
WBGene00006640.,170,1354,1524
WBGene00006641.,28,729,757
WBGene00006642.,25,451,476
WBGene00006643.,61,1381,1442
WBGene00006644.,1,8,9
WBGene00006645.,34,93,127
WBGene00006646.,8,185,193
WBGene00006647.,175,1266,1441
WBGene00006648.,545,1602,2147
WBGene00006649.,172,3145,3317
WBGene00006650.,0,34020,34020
WBGene00006651.,14,2407,2421
WBGene00006652.,128,530,658
WBGene00006654.,3,76,79
WBGene00006655.,12,177,189
WBGene00006656.,34,138,172
WBGene00006657.,175,238,413
WBGene00006658.,11,99,110
WBGene00006659.,17,8,25
WBGene00006660.,15,313,328
WBGene00006661.,3,5,8
WBGene00006662.,126,652,778
WBGene00006663.,1017,9321,10338
WBGene00006664.,25,185,210
WBGene00006665.,23,60,83
WBGene00006666.,15,177,192
WBGene00006667.,214,1556,1770
WBGene00006668.,559,902,1461
WBGene00006669.,41,104,145
WBGene00006670.,7,51,58
WBGene00006671.,125,685,810
WBGene00006672.,270,12653,12923
WBGene00006673.,23,129,152
WBGene00006674.,14,45,59
WBGene00006675.,13,103,116
WBGene00006676.,14,99,113
WBGene00006677.,51,1001,1052
WBGene00006678.,14,204,218
WBGene00006679.,14,61,75
WBGene00006680.,93,578,671
WBGene00006681.,57,608,665
WBGene00006682.,90,244,334
WBGene00006683.,886,2803,3689
WBGene00006684.,246,142,388
WBGene00006685.,17,180,197
WBGene00006686.,8,62,70
WBGene00006687.,8,64,72
WBGene00006688.,3,5,8
WBGene00006689.,2,2,4
WBGene00006690.,14,72,86
WBGene00006691.,81,177,258
WBGene00006692.,197,2061,2258
WBGene00006693.,1056,4116,5172
WBGene00006694.,4,36,40
WBGene00006695.,393,201,594
WBGene00006696.,28,207,235
WBGene00006697.,601,4327,4928
WBGene00006698.,96,7549,7645
WBGene00006699.,110,7369,7479
WBGene00006700.,315,1640,1955
WBGene00006701.,372,1350,1722
WBGene00006702.,235,5273,5508
WBGene00006703.,52,2658,2710
WBGene00006704.,113,6959,7072
WBGene00006705.,67,620,687
WBGene00006706.,54,4582,4636
WBGene00006707.,1,4046,4047
WBGene00006708.,165,5165,5330
WBGene00006709.,291,3249,3540
WBGene00006710.,228,211,439
WBGene00006711.,40,784,824
WBGene00006712.,66,449,515
WBGene00006713.,99,4532,4631
WBGene00006714.,141,937,1078
WBGene00006715.,73,6224,6297
WBGene00006716.,10,4,14
WBGene00006717.,17,363,380
WBGene00006718.,7,40,47
WBGene00006719.,0,0,0
WBGene00006720.,43,3706,3749
WBGene00006721.,40,793,833
WBGene00006722.,59,466,525
WBGene00006723.,107,1167,1274
WBGene00006724.,261,7343,7604
WBGene00006725.,22322,321227,343549
WBGene00006726.,187,2898,3085
WBGene00006727.,222,19233,19455
WBGene00006728.,16103,258952,275055
WBGene00006729.,63,851,914
WBGene00006730.,23,9834,9857
WBGene00006731.,5,86,91
WBGene00006732.,173,753,926
WBGene00006733.,200,2267,2467
WBGene00006734.,40,2049,2089
WBGene00006735.,14,907,921
WBGene00006736.,120,1565,1685
WBGene00006737.,32,1096,1128
WBGene00006738.,9,878,887
WBGene00006739.,273,5120,5393
WBGene00006740.,11,207,218
WBGene00006741.,189,6276,6465
WBGene00006742.,494,1607,2101
WBGene00006743.,45,214,259
WBGene00006744.,17,184,201
WBGene00006745.,421,1142,1563
WBGene00006746.,37,537,574
WBGene00006747.,743,1132,1875
WBGene00006748.,15,96,111
WBGene00006749.,315,2034,2349
WBGene00006750.,111,826,937
WBGene00006751.,459,1578,2037
WBGene00006752.,947,5332,6279
WBGene00006753.,777,8155,8932
WBGene00006754.,5563,184222,189785
WBGene00006755.,439,4709,5148
WBGene00006756.,6,4,10
WBGene00006757.,75,1785,1860
WBGene00006759.,2768,43103,45871
WBGene00006760.,704,8171,8875
WBGene00006761.,164,1008,1172
WBGene00006762.,645,5522,6167
WBGene00006763.,238,1473,1711
WBGene00006764.,6648,109806,116454
WBGene00006765.,373,1008,1381
WBGene00006766.,39,399,438
WBGene00006767.,286,752,1038
WBGene00006768.,344,5032,5376
WBGene00006769.,664,1679,2343
WBGene00006770.,656,2857,3513
WBGene00006771.,969,14894,15863
WBGene00006772.,271,2575,2846
WBGene00006773.,89,2345,2434
WBGene00006774.,86,695,781
WBGene00006775.,11,93,104
WBGene00006776.,488,3776,4264
WBGene00006777.,98,1775,1873
WBGene00006778.,29,637,666
WBGene00006779.,2230,11989,14219
WBGene00006780.,4174,59736,63910
WBGene00006781.,218,5776,5994
WBGene00006782.,5,278,283
WBGene00006783.,42,341,383
WBGene00006784.,945,4664,5609
WBGene00006785.,28,583,611
WBGene00006786.,243,3105,3348
WBGene00006787.,876,9760,10636
WBGene00006788.,319,1946,2265
WBGene00006789.,1671,148642,150313
WBGene00006790.,9,48,57
WBGene00006791.,258,2169,2427
WBGene00006792.,339,840,1179
WBGene00006793.,97,2378,2475
WBGene00006794.,531,33106,33637
WBGene00006795.,51,1705,1756
WBGene00006796.,701,7906,8607
WBGene00006797.,302,475,777
WBGene00006798.,964,4349,5313
WBGene00006801.,2277,32227,34504
WBGene00006802.,31,6288,6319
WBGene00006803.,380,10084,10464
WBGene00006804.,84,817,901
WBGene00006805.,2465,10831,13296
WBGene00006807.,184,428,612
WBGene00006808.,334,3421,3755
WBGene00006809.,270,761,1031
WBGene00006810.,198,3556,3754
WBGene00006811.,262,875,1137
WBGene00006812.,352,3533,3885
WBGene00006814.,1379,6523,7902
WBGene00006815.,607,11116,11723
WBGene00006816.,57,1888,1945
WBGene00006817.,252,4387,4639
WBGene00006818.,102,2388,2490
WBGene00006819.,2177,84795,86972
WBGene00006820.,4781,51744,56525
WBGene00006822.,137,1184,1321
WBGene00006823.,1082,11842,12924
WBGene00006824.,246,14197,14443
WBGene00006825.,620,7021,7641
WBGene00006826.,591,16398,16989
WBGene00006827.,4893,7591,12484
WBGene00006829.,56,1215,1271
WBGene00006830.,2087,2060,4147
WBGene00006831.,505,3208,3713
WBGene00006832.,185,1417,1602
WBGene00006833.,528,12658,13186
WBGene00006836.,183,10158,10341
WBGene00006839.,511,8052,8563
WBGene00006840.,212,9487,9699
WBGene00006843.,154,1423,1577
WBGene00006844.,273,4709,4982
WBGene00006845.,336,3304,3640
WBGene00006852.,81,3725,3806
WBGene00006853.,14,599,613
WBGene00006856.,33,2708,2741
WBGene00006861.,559,6052,6611
WBGene00006862.,21,307,328
WBGene00006863.,187,23532,23719
WBGene00006864.,148,574,722
WBGene00006865.,19,202,221
WBGene00006868.,513,1859,2372
WBGene00006869.,42,394,436
WBGene00006870.,220,852,1072
WBGene00006873.,20,160,180
WBGene00006874.,312,7279,7591
WBGene00006875.,21,1830,1851
WBGene00006876.,2835,7746,10581
WBGene00006881.,23,333,356
WBGene00006882.,76,687,763
WBGene00006886.,910,13137,14047
WBGene00006887.,256,914,1170
WBGene00006888.,85,4431,4516
WBGene00006889.,62,15186,15248
WBGene00006890.,228,5032,5260
WBGene00006893.,239,3282,3521
WBGene00006894.,7,1,8
WBGene00006895.,2,3,5
WBGene00006896.,38,535,573
WBGene00006897.,5,25,30
WBGene00006902.,0,1,1
WBGene00006910.,0,11602,11602
WBGene00006911.,106,13707,13813
WBGene00006912.,0,4783,4783
WBGene00006913.,44,5822,5866
WBGene00006914.,19,2910,2929
WBGene00006915.,13,697,710
WBGene00006916.,89,649,738
WBGene00006917.,99,11706,11805
WBGene00006918.,388,8326,8714
WBGene00006919.,146,12917,13063
WBGene00006920.,480,6783,7263
WBGene00006921.,15,6342,6357
WBGene00006922.,10,584,594
WBGene00006923.,1803,3884,5687
WBGene00006924.,332,56627,56959
WBGene00006925.,0,8,8
WBGene00006926.,0,2,2
WBGene00006927.,1,8,9
WBGene00006928.,0,21,21
WBGene00006929.,0,0,0
WBGene00006930.,0,37,37
WBGene00006931.,66,1926,1992
WBGene00006932.,300,2605,2905
WBGene00006933.,75,1943,2018
WBGene00006934.,161,1258,1419
WBGene00006935.,36,2448,2484
WBGene00006936.,337,7508,7845
WBGene00006937.,460,8417,8877
WBGene00006938.,2,17,19
WBGene00006939.,0,4,4
WBGene00006940.,5,543,548
WBGene00006941.,398,4168,4566
WBGene00006942.,134,4471,4605
WBGene00006943.,70,892,962
WBGene00006944.,26,648,674
WBGene00006945.,137,2359,2496
WBGene00006946.,58,792,850
WBGene00006947.,2,92,94
WBGene00006948.,4,395,399
WBGene00006949.,36,523,559
WBGene00006950.,11,28,39
WBGene00006951.,97,1210,1307
WBGene00006952.,8,387,395
WBGene00006953.,4,1,5
WBGene00006954.,0,8,8
WBGene00006955.,27,80,107
WBGene00006956.,83,2428,2511
WBGene00006957.,206,1906,2112
WBGene00006958.,76,394,470
WBGene00006959.,1574,77818,79392
WBGene00006960.,31,87,118
WBGene00006961.,548,9776,10324
WBGene00006962.,6,27,33
WBGene00006963.,50,1316,1366
WBGene00006964.,419,3405,3824
WBGene00006965.,0,113,113
WBGene00006966.,2,99,101
WBGene00006967.,0,46,46
WBGene00006968.,126,2413,2539
WBGene00006970.,19,1257,1276
WBGene00006971.,82,1030,1112
WBGene00006974.,32,1507,1539
WBGene00006975.,732,6960,7692
WBGene00006976.,455,257,712
WBGene00006977.,9,217,226
WBGene00006978.,173,8070,8243
WBGene00006979.,1,70,71
WBGene00006980.,0,57,57
WBGene00006981.,1,135,136
WBGene00006982.,74,902,976
WBGene00006983.,102,808,910
WBGene00006984.,1952,8417,10369
WBGene00006985.,205,726,931
WBGene00006986.,277,1199,1476
WBGene00006987.,118,249,367
WBGene00006988.,68,763,831
WBGene00006993.,230,908,1138
WBGene00006994.,143,3332,3475
WBGene00006996.,12,1189,1201
WBGene00006997.,11,751,762
WBGene00006999.,2309,34079,36388
WBGene00007000.,226,24372,24598
WBGene00007001.,21,4589,4610
WBGene00007006.,60,386,446
WBGene00007007.,143,2083,2226
WBGene00007008.,149,4272,4421
WBGene00007009.,183,3257,3440
WBGene00007010.,191,3017,3208
WBGene00007011.,28,389,417
WBGene00007012.,49,699,748
WBGene00007013.,184,689,873
WBGene00007014.,66,385,451
WBGene00007015.,6,672,678
WBGene00007016.,365,6393,6758
WBGene00007017.,663,945,1608
WBGene00007018.,84,1714,1798
WBGene00007019.,120,3696,3816
WBGene00007020.,164,966,1130
WBGene00007021.,104,2197,2301
WBGene00007022.,371,3847,4218
WBGene00007023.,50,1674,1724
WBGene00007024.,3466,15041,18507
WBGene00007025.,216,2184,2400
WBGene00007026.,51,708,759
WBGene00007027.,1206,5607,6813
WBGene00007028.,80,3663,3743
WBGene00007029.,201,1259,1460
WBGene00007030.,1285,11230,12515
WBGene00007036.,2,12,14
WBGene00007041.,69,388,457
WBGene00007042.,156,8384,8540
WBGene00007043.,4,576,580
WBGene00007044.,189,3696,3885
WBGene00007045.,2,392,394
WBGene00007047.,177,737,914
WBGene00007048.,105,4704,4809
WBGene00007049.,6,44,50
WBGene00007050.,643,9067,9710
WBGene00007053.,215,7217,7432
WBGene00007054.,900,2544,3444
WBGene00007055.,91,3265,3356
WBGene00007056.,120,717,837
WBGene00007057.,0,40,40
WBGene00007058.,254,4660,4914
WBGene00007059.,25,539,564
WBGene00007060.,0,3,3
WBGene00007062.,0,0,0
WBGene00007063.,84,448,532
WBGene00007064.,109,537,646
WBGene00007065.,19,321,340
WBGene00007066.,2,7,9
WBGene00007067.,77,526,603
WBGene00007068.,164,1184,1348
WBGene00007070.,8,340,348
WBGene00007071.,66,1172,1238
WBGene00007072.,3,40,43
WBGene00007073.,22,297,319
WBGene00007074.,0,1,1
WBGene00007075.,0,0,0
WBGene00007076.,0,0,0
WBGene00007077.,8,1,9
WBGene00007078.,0,0,0
WBGene00007079.,0,0,0
WBGene00007080.,0,3,3
WBGene00007081.,3,1,4
WBGene00007082.,1,31,32
WBGene00007083.,0,6,6
WBGene00007085.,0,175,175
WBGene00007087.,53,1302,1355
WBGene00007088.,79,2291,2370
WBGene00007089.,93,1561,1654
WBGene00007090.,28,733,761
WBGene00007091.,533,5649,6182
WBGene00007092.,23,289,312
WBGene00007093.,14,727,741
WBGene00007094.,138,548,686
WBGene00007096.,56,858,914
WBGene00007097.,5,11,16
WBGene00007099.,382,6628,7010
WBGene00007100.,15,878,893
WBGene00007101.,39,3858,3897
WBGene00007102.,18,210,228
WBGene00007103.,153,1502,1655
WBGene00007104.,97,868,965
WBGene00007105.,71,3904,3975
WBGene00007106.,73,2607,2680
WBGene00007107.,735,12284,13019
WBGene00007108.,133,2416,2549
WBGene00007109.,9,304,313
WBGene00007110.,119,2530,2649
WBGene00007111.,71,2695,2766
WBGene00007112.,98,783,881
WBGene00007113.,157,3408,3565
WBGene00007114.,33,221,254
WBGene00007115.,69,215,284
WBGene00007116.,38,170,208
WBGene00007117.,4,59,63
WBGene00007118.,104,1055,1159
WBGene00007119.,149,891,1040
WBGene00007120.,0,97,97
WBGene00007121.,62,250,312
WBGene00007122.,201,12631,12832
WBGene00007123.,0,2,2
WBGene00007124.,27,168,195
WBGene00007125.,0,3,3
WBGene00007126.,168,1280,1448
WBGene00007127.,4,2,6
WBGene00007128.,73,534,607
WBGene00007129.,29,7343,7372
WBGene00007130.,41,314,355
WBGene00007131.,12,68,80
WBGene00007132.,8,65,73
WBGene00007133.,18,338,356
WBGene00007134.,9,3,12
WBGene00007135.,293,1651,1944
WBGene00007136.,187,2286,2473
WBGene00007137.,133,2241,2374
WBGene00007138.,45,345,390
WBGene00007139.,282,4036,4318
WBGene00007140.,4,23,27
WBGene00007141.,1,9,10
WBGene00007142.,402,6104,6506
WBGene00007143.,69,1651,1720
WBGene00007144.,19,1339,1358
WBGene00007145.,20,968,988
WBGene00007146.,9,104,113
WBGene00007147.,0,4,4
WBGene00007148.,7,3,10
WBGene00007149.,4,52,56
WBGene00007150.,6,1155,1161
WBGene00007151.,6,4,10
WBGene00007152.,7,44,51
WBGene00007153.,1,120,121
WBGene00007154.,25,271,296
WBGene00007155.,870,18657,19527
WBGene00007156.,2,12,14
WBGene00007158.,0,11,11
WBGene00007159.,2,20,22
WBGene00007160.,0,0,0
WBGene00007161.,0,0,0
WBGene00007162.,89,219,308
WBGene00007163.,0,4,4
WBGene00007164.,0,37,37
WBGene00007165.,139,237,376
WBGene00007166.,5,452,457
WBGene00007167.,130,1349,1479
WBGene00007168.,9,1147,1156
WBGene00007169.,2,17,19
WBGene00007170.,22,238,260
WBGene00007171.,8,145,153
WBGene00007172.,9,79,88
WBGene00007173.,0,0,0
WBGene00007174.,17,177,194
WBGene00007175.,72,1757,1829
WBGene00007176.,932,905,1837
WBGene00007177.,8,25,33
WBGene00007178.,4,602,606
WBGene00007179.,4,9,13
WBGene00007180.,53,837,890
WBGene00007181.,3,0,3
WBGene00007182.,0,2,2
WBGene00007183.,0,89,89
WBGene00007184.,267,7046,7313
WBGene00007185.,121,966,1087
WBGene00007186.,32,1561,1593
WBGene00007187.,60,394,454
WBGene00007188.,125,1162,1287
WBGene00007189.,37,588,625
WBGene00007190.,4,23,27
WBGene00007191.,35,123,158
WBGene00007192.,420,13409,13829
WBGene00007193.,143,1554,1697
WBGene00007194.,11,1515,1526
WBGene00007195.,166,1792,1958
WBGene00007196.,155,453,608
WBGene00007197.,830,9932,10762
WBGene00007198.,11,24,35
WBGene00007199.,2,2,4
WBGene00007200.,276,2528,2804
WBGene00007201.,0,200,200
WBGene00007202.,22,416,438
WBGene00007203.,1,170,171
WBGene00007204.,3,3,6
WBGene00007206.,0,129,129
WBGene00007207.,122,1770,1892
WBGene00007208.,0,0,0
WBGene00007209.,1,2,3
WBGene00007210.,12,103,115
WBGene00007211.,4,3,7
WBGene00007212.,13,72,85
WBGene00007213.,24,546,570
WBGene00007214.,205,1260,1465
WBGene00007215.,82,2267,2349
WBGene00007216.,350,1204,1554
WBGene00007217.,213,5055,5268
WBGene00007218.,27,3,30
WBGene00007219.,40,2316,2356
WBGene00007220.,1,38,39
WBGene00007221.,89,929,1018
WBGene00007222.,0,58,58
WBGene00007223.,306,6964,7270
WBGene00007224.,15,84,99
WBGene00007225.,0,42,42
WBGene00007226.,96,1110,1206
WBGene00007227.,356,9642,9998
WBGene00007228.,23,230,253
WBGene00007229.,18,92,110
WBGene00007230.,3,9,12
WBGene00007231.,130,236,366
WBGene00007232.,104,423,527
WBGene00007233.,152,6294,6446
WBGene00007234.,1,955,956
WBGene00007235.,564,16259,16823
WBGene00007236.,4,674,678
WBGene00007237.,87,677,764
WBGene00007238.,0,0,0
WBGene00007239.,0,0,0
WBGene00007240.,485,4994,5479
WBGene00007241.,45,241,286
WBGene00007242.,31,663,694
WBGene00007243.,0,19,19
WBGene00007244.,0,6,6
WBGene00007245.,0,2,2
WBGene00007246.,0,13,13
WBGene00007247.,29,153,182
WBGene00007248.,2,7,9
WBGene00007249.,0,1,1
WBGene00007250.,0,3,3
WBGene00007251.,0,3,3
WBGene00007252.,29,281,310
WBGene00007253.,15,271,286
WBGene00007254.,12,110,122
WBGene00007255.,12,115,127
WBGene00007256.,1176,4963,6139
WBGene00007257.,487,2595,3082
WBGene00007258.,81,964,1045
WBGene00007259.,5,8,13
WBGene00007260.,382,808,1190
WBGene00007261.,170,3684,3854
WBGene00007262.,7,61,68
WBGene00007264.,23,200,223
WBGene00007265.,0,4,4
WBGene00007266.,52,851,903
WBGene00007267.,34,446,480
WBGene00007268.,17,68,85
WBGene00007269.,9,8,17
WBGene00007270.,32,947,979
WBGene00007271.,46,162,208
WBGene00007273.,29,31,60
WBGene00007274.,3,47,50
WBGene00007275.,81,205,286
WBGene00007277.,20,108,128
WBGene00007278.,4,48,52
WBGene00007279.,0,0,0
WBGene00007281.,1,66,67
WBGene00007282.,7,16,23
WBGene00007283.,1,1,2
WBGene00007284.,210,819,1029
WBGene00007285.,10,164,174
WBGene00007286.,32,424,456
WBGene00007287.,29,789,818
WBGene00007288.,3,33,36
WBGene00007289.,0,0,0
WBGene00007290.,0,2,2
WBGene00007291.,0,0,0
WBGene00007292.,1,9,10
WBGene00007293.,0,1,1
WBGene00007294.,0,0,0
WBGene00007295.,15,243,258
WBGene00007296.,61,1999,2060
WBGene00007297.,49,399,448
WBGene00007299.,8,435,443
WBGene00007300.,0,0,0
WBGene00007301.,329825,80,329905
WBGene00007302.,64,1153,1217
WBGene00007303.,15,156,171
WBGene00007304.,98,671,769
WBGene00007305.,2,10,12
WBGene00007306.,0,2,2
WBGene00007307.,0,6,6
WBGene00007308.,0,1,1
WBGene00007309.,5,10,15
WBGene00007310.,4,9,13
WBGene00007311.,6,1,7
WBGene00007312.,10,1203,1213
WBGene00007313.,1,2,3
WBGene00007314.,13,30,43
WBGene00007315.,0,2,2
WBGene00007316.,130,825,955
WBGene00007317.,47,4043,4090
WBGene00007319.,1,3,4
WBGene00007320.,0,1,1
WBGene00007321.,32,664,696
WBGene00007322.,2,15,17
WBGene00007323.,0,19,19
WBGene00007324.,265,2581,2846
WBGene00007325.,3,25,28
WBGene00007326.,8,29,37
WBGene00007327.,11,69,80
WBGene00007328.,4,15,19
WBGene00007329.,110,1310,1420
WBGene00007330.,400,29252,29652
WBGene00007331.,461,3687,4148
WBGene00007332.,1,608,609
WBGene00007333.,109,1561,1670
WBGene00007334.,67,628,695
WBGene00007335.,3,1,4
WBGene00007336.,11,305,316
WBGene00007337.,1,11,12
WBGene00007338.,11,140,151
WBGene00007339.,10,96,106
WBGene00007340.,11,89,100
WBGene00007341.,0,0,0
WBGene00007342.,0,0,0
WBGene00007343.,12,182,194
WBGene00007344.,8,64,72
WBGene00007345.,25,249,274
WBGene00007346.,12,57,69
WBGene00007347.,33,119,152
WBGene00007348.,54,376,430
WBGene00007349.,53,584,637
WBGene00007350.,779,22494,23273
WBGene00007351.,32,60,92
WBGene00007352.,128,7322,7450
WBGene00007353.,447,4969,5416
WBGene00007354.,8,60,68
WBGene00007355.,0,11629,11629
WBGene00007356.,0,0,0
WBGene00007357.,177,1228,1405
WBGene00007358.,2,36,38
WBGene00007359.,1,3,4
WBGene00007360.,14,11,25
WBGene00007361.,17,8,25
WBGene00007362.,77,445,522
WBGene00007363.,64,2052,2116
WBGene00007364.,3,51,54
WBGene00007365.,668,17351,18019
WBGene00007366.,250,684,934
WBGene00007367.,20,417,437
WBGene00007368.,4,30,34
WBGene00007369.,0,8,8
WBGene00007370.,3,2,5
WBGene00007372.,13,109,122
WBGene00007373.,0,0,0
WBGene00007374.,6,20,26
WBGene00007375.,40,120,160
WBGene00007376.,0,4,4
WBGene00007377.,0,1,1
WBGene00007378.,12,20,32
WBGene00007379.,0,0,0
WBGene00007380.,0,3,3
WBGene00007381.,1,3,4
WBGene00007382.,1,35,36
WBGene00007383.,2,1,3
WBGene00007384.,3,201,204
WBGene00007385.,5269,81763,87032
WBGene00007386.,147,2230,2377
WBGene00007387.,147,724,871
WBGene00007388.,100,984,1084
WBGene00007389.,38,366,404
WBGene00007390.,19,4018,4037
WBGene00007391.,1,25,26
WBGene00007392.,2,43,45
WBGene00007393.,2,18,20
WBGene00007394.,16,122,138
WBGene00007395.,48,478,526
WBGene00007396.,49,652,701
WBGene00007397.,4,106,110
WBGene00007398.,0,11,11
WBGene00007399.,9,26,35
WBGene00007400.,60,3066,3126
WBGene00007401.,4,10,14
WBGene00007402.,55,878,933
WBGene00007403.,45,767,812
WBGene00007404.,30,25,55
WBGene00007405.,237,4048,4285
WBGene00007406.,7,5,12
WBGene00007407.,4,19,23
WBGene00007408.,4,301,305
WBGene00007409.,59,353,412
WBGene00007410.,28,42,70
WBGene00007411.,9,213,222
WBGene00007412.,38,1313,1351
WBGene00007413.,344,4222,4566
WBGene00007414.,42,487,529
WBGene00007415.,10,56,66
WBGene00007416.,27,126,153
WBGene00007417.,28,650,678
WBGene00007418.,7,33,40
WBGene00007419.,227,2536,2763
WBGene00007420.,0,85,85
WBGene00007421.,66,971,1037
WBGene00007422.,10,285,295
WBGene00007423.,2,8,10
WBGene00007424.,1,45,46
WBGene00007425.,2,83,85
WBGene00007426.,1,21,22
WBGene00007427.,8,5,13
WBGene00007428.,111,2390,2501
WBGene00007429.,163,3354,3517
WBGene00007430.,10,274,284
WBGene00007431.,4,49,53
WBGene00007432.,3,1,4
WBGene00007433.,228,4817,5045
WBGene00007434.,7,674,681
WBGene00007435.,10,553,563
WBGene00007436.,0,714,714
WBGene00007437.,9,30,39
WBGene00007438.,1,2,3
WBGene00007439.,4,31,35
WBGene00007440.,8,96,104
WBGene00007441.,0,2,2
WBGene00007442.,0,9,9
WBGene00007443.,904,13775,14679
WBGene00007444.,74,1613,1687
WBGene00007445.,20,429,449
WBGene00007446.,1,1,2
WBGene00007447.,0,0,0
WBGene00007448.,1,10,11
WBGene00007449.,311,6016,6327
WBGene00007450.,687,6917,7604
WBGene00007451.,0,0,0
WBGene00007452.,0,3,3
WBGene00007453.,0,6,6
WBGene00007454.,1,15,16
WBGene00007455.,12,403,415
WBGene00007456.,0,5,5
WBGene00007457.,0,0,0
WBGene00007458.,1,0,1
WBGene00007459.,0,0,0
WBGene00007460.,6,980,986
WBGene00007461.,0,3,3
WBGene00007462.,13,181,194
WBGene00007463.,105,15477,15582
WBGene00007464.,23,374,397
WBGene00007465.,1,36,37
WBGene00007466.,1,20,21
WBGene00007467.,0,22,22
WBGene00007468.,1,3,4
WBGene00007469.,1,17,18
WBGene00007470.,1,13,14
WBGene00007471.,0,13,13
WBGene00007472.,1,4,5
WBGene00007473.,0,0,0
WBGene00007474.,60,794,854
WBGene00007475.,0,0,0
WBGene00007476.,11,1522,1533
WBGene00007478.,6,14,20
WBGene00007479.,20,1185,1205
WBGene00007480.,44,211,255
WBGene00007481.,0,0,0
WBGene00007482.,18,257,275
WBGene00007483.,1,46,47
WBGene00007484.,2,41,43
WBGene00007485.,5,9,14
WBGene00007486.,214,481,695
WBGene00007487.,45,616,661
WBGene00007488.,77,1748,1825
WBGene00007489.,2,5,7
WBGene00007490.,77,593,670
WBGene00007492.,427,5075,5502
WBGene00007493.,19,1347,1366
WBGene00007494.,2,10,12
WBGene00007495.,52,332,384
WBGene00007496.,4,3,7
WBGene00007497.,1,1,2
WBGene00007499.,185,337,522
WBGene00007500.,191,3088,3279
WBGene00007502.,39,181,220
WBGene00007503.,5,26,31
WBGene00007504.,17,530,547
WBGene00007505.,414,2873,3287
WBGene00007506.,10,36,46
WBGene00007507.,5,39,44
WBGene00007508.,1,11,12
WBGene00007509.,4,33,37
WBGene00007511.,26,449,475
WBGene00007512.,1,1,2
WBGene00007513.,27,207,234
WBGene00007514.,73,3898,3971
WBGene00007515.,7,169,176
WBGene00007516.,20,1223,1243
WBGene00007517.,4,139,143
WBGene00007518.,7,73,80
WBGene00007520.,92,1618,1710
WBGene00007521.,5,12,17
WBGene00007522.,81,148,229
WBGene00007523.,0,0,0
WBGene00007525.,2,143,145
WBGene00007528.,16,281,297
WBGene00007529.,42,623,665
WBGene00007530.,11,35,46
WBGene00007531.,45,981,1026
WBGene00007533.,51,463,514
WBGene00007534.,87,8411,8498
WBGene00007535.,0,4,4
WBGene00007536.,6,144,150
WBGene00007537.,12,726,738
WBGene00007538.,4,13,17
WBGene00007539.,0,0,0
WBGene00007540.,0,4,4
WBGene00007541.,2,257,259
WBGene00007542.,1,9,10
WBGene00007543.,1,32,33
WBGene00007544.,11,397,408
WBGene00007545.,85,463,548
WBGene00007546.,50,476,526
WBGene00007547.,135,1044,1179
WBGene00007548.,43,352,395
WBGene00007549.,30,321,351
WBGene00007550.,18,113,131
WBGene00007551.,59,1479,1538
WBGene00007552.,12,106,118
WBGene00007553.,1,915,916
WBGene00007554.,240,4033,4273
WBGene00007555.,5,9045,9050
WBGene00007556.,51,960,1011
WBGene00007557.,15,204,219
WBGene00007558.,15,120,135
WBGene00007559.,0,0,0
WBGene00007560.,3,12,15
WBGene00007561.,19,1019,1038
WBGene00007562.,101,457,558
WBGene00007563.,2,59,61
WBGene00007564.,8,4381,4389
WBGene00007565.,2,20,22
WBGene00007567.,0,0,0
WBGene00007569.,0,1,1
WBGene00007570.,1,1,2
WBGene00007571.,0,1,1
WBGene00007572.,2,0,2
WBGene00007573.,18,947,965
WBGene00007574.,37,2066,2103
WBGene00007576.,69,1353,1422
WBGene00007577.,108,890,998
WBGene00007578.,2,302,304
WBGene00007579.,89,1616,1705
WBGene00007580.,14,256,270
WBGene00007581.,29,749,778
WBGene00007583.,308,1978,2286
WBGene00007584.,1,13,14
WBGene00007585.,28,320,348
WBGene00007586.,40,5531,5571
WBGene00007587.,69,3613,3682
WBGene00007588.,47,4221,4268
WBGene00007589.,1,302,303
WBGene00007590.,202,2439,2641
WBGene00007591.,104,1762,1866
WBGene00007592.,463,3144,3607
WBGene00007593.,230,1468,1698
WBGene00007594.,41,1012,1053
WBGene00007595.,15,102,117
WBGene00007597.,259,416,675
WBGene00007598.,0,1,1
WBGene00007599.,152,688,840
WBGene00007600.,2,219,221
WBGene00007601.,0,6,6
WBGene00007602.,463,1535,1998
WBGene00007603.,35,372,407
WBGene00007604.,0,273,273
WBGene00007605.,27,1274,1301
WBGene00007606.,21,1023,1044
WBGene00007607.,4,143,147
WBGene00007608.,13,218,231
WBGene00007609.,17,1127,1144
WBGene00007610.,0,0,0
WBGene00007611.,3,23,26
WBGene00007613.,3,12,15
WBGene00007614.,127,534,661
WBGene00007615.,102,1682,1784
WBGene00007616.,254,3776,4030
WBGene00007617.,477,14443,14920
WBGene00007618.,8,8,16
WBGene00007619.,130,270,400
WBGene00007620.,1877,2242,4119
WBGene00007621.,309,2377,2686
WBGene00007622.,84,338,422
WBGene00007623.,192,3031,3223
WBGene00007624.,4,714,718
WBGene00007625.,182,4142,4324
WBGene00007626.,78,2412,2490
WBGene00007627.,38,1278,1316
WBGene00007628.,125,2332,2457
WBGene00007629.,23,260,283
WBGene00007630.,35,32797,32832
WBGene00007631.,28,14,42
WBGene00007632.,1,33,34
WBGene00007633.,31,30,61
WBGene00007635.,115,363,478
WBGene00007637.,226,1105,1331
WBGene00007638.,0,0,0
WBGene00007639.,3,9,12
WBGene00007640.,191,733,924
WBGene00007641.,1,0,1
WBGene00007642.,0,0,0
WBGene00007643.,14,72,86
WBGene00007644.,9,100,109
WBGene00007645.,451,2797,3248
WBGene00007646.,221,6197,6418
WBGene00007647.,596,3715,4311
WBGene00007648.,0,17,17
WBGene00007649.,0,1,1
WBGene00007650.,17,126,143
WBGene00007651.,97,937,1034
WBGene00007652.,55,952,1007
WBGene00007653.,160,4353,4513
WBGene00007654.,7,10,17
WBGene00007655.,54,1,55
WBGene00007656.,0,1,1
WBGene00007657.,3,1,4
WBGene00007658.,6,10,16
WBGene00007659.,0,2,2
WBGene00007660.,2,1,3
WBGene00007661.,1,1,2
WBGene00007662.,1,0,1
WBGene00007664.,125,1768,1893
WBGene00007666.,208,1435,1643
WBGene00007667.,29,367,396
WBGene00007668.,108,1520,1628
WBGene00007669.,3,25,28
WBGene00007670.,38,137,175
WBGene00007672.,5,31,36
WBGene00007673.,0,1,1
WBGene00007674.,1,0,1
WBGene00007675.,52,312,364
WBGene00007676.,2,3,5
WBGene00007677.,1,2,3
WBGene00007678.,0,0,0
WBGene00007679.,46,2912,2958
WBGene00007680.,30,126,156
WBGene00007681.,930,6499,7429
WBGene00007682.,0,28,28
WBGene00007683.,882,13315,14197
WBGene00007684.,1150,18891,20041
WBGene00007685.,34,354,388
WBGene00007686.,78,13176,13254
WBGene00007687.,6,69,75
WBGene00007688.,0,3,3
WBGene00007689.,30,1215,1245
WBGene00007690.,608,706,1314
WBGene00007691.,7,6,13
WBGene00007692.,5,34,39
WBGene00007693.,0,1,1
WBGene00007694.,6,76,82
WBGene00007695.,8,50,58
WBGene00007696.,69,7366,7435
WBGene00007697.,105,855,960
WBGene00007698.,63,1138,1201
WBGene00007699.,0,0,0
WBGene00007700.,0,0,0
WBGene00007701.,0,4,4
WBGene00007702.,123,455,578
WBGene00007703.,927,3366,4293
WBGene00007704.,11,218,229
WBGene00007705.,5,1323,1328
WBGene00007707.,10,1003,1013
WBGene00007708.,0,0,0
WBGene00007709.,4,416,420
WBGene00007710.,23,1114,1137
WBGene00007711.,7,1391,1398
WBGene00007712.,10,6298,6308
WBGene00007713.,0,17,17
WBGene00007714.,0,1,1
WBGene00007715.,0,0,0
WBGene00007716.,0,3,3
WBGene00007717.,1,18,19
WBGene00007718.,1,2495,2496
WBGene00007719.,0,5,5
WBGene00007720.,6,1039,1045
WBGene00007721.,0,2,2
WBGene00007722.,22,219,241
WBGene00007723.,9,21,30
WBGene00007724.,41,31,72
WBGene00007725.,11,50,61
WBGene00007726.,0,44,44
WBGene00007727.,0,0,0
WBGene00007728.,3,42,45
WBGene00007729.,22,356,378
WBGene00007730.,25,1600,1625
WBGene00007731.,6,1218,1224
WBGene00007732.,0,44,44
WBGene00007733.,0,14,14
WBGene00007734.,0,5,5
WBGene00007735.,1,2,3
WBGene00007736.,61,1098,1159
WBGene00007739.,58,31,89
WBGene00007740.,3,1,4
WBGene00007741.,52,400,452
WBGene00007742.,6,9,15
WBGene00007743.,36,273,309
WBGene00007744.,366,592,958
WBGene00007745.,93,548,641
WBGene00007746.,32,392,424
WBGene00007747.,3,19,22
WBGene00007748.,16,56,72
WBGene00007749.,43,966,1009
WBGene00007750.,47,952,999
WBGene00007751.,12,48,60
WBGene00007752.,276,2113,2389
WBGene00007753.,50,481,531
WBGene00007754.,6,13,19
WBGene00007755.,42,239,281
WBGene00007756.,147,1365,1512
WBGene00007757.,34,120,154
WBGene00007758.,205,892,1097
WBGene00007759.,2,6,8
WBGene00007760.,24,772,796
WBGene00007761.,253,2488,2741
WBGene00007762.,13,712,725
WBGene00007763.,50,213,263
WBGene00007764.,315,2032,2347
WBGene00007765.,12,29,41
WBGene00007766.,2,335,337
WBGene00007767.,0,0,0
WBGene00007768.,4,6,10
WBGene00007769.,0,0,0
WBGene00007770.,0,0,0
WBGene00007771.,4,241,245
WBGene00007772.,75,1275,1350
WBGene00007773.,0,3,3
WBGene00007774.,86,1242,1328
WBGene00007775.,127,255,382
WBGene00007776.,25,330,355
WBGene00007777.,1,2,3
WBGene00007778.,2,12,14
WBGene00007779.,8,245,253
WBGene00007780.,12,255,267
WBGene00007784.,129,7710,7839
WBGene00007785.,12,1463,1475
WBGene00007786.,197,9033,9230
WBGene00007787.,17,3084,3101
WBGene00007788.,14,125,139
WBGene00007789.,16,150,166
WBGene00007791.,12,21,33
WBGene00007792.,0,2,2
WBGene00007793.,0,3,3
WBGene00007794.,0,0,0
WBGene00007795.,0,0,0
WBGene00007796.,26,180,206
WBGene00007797.,19,214,233
WBGene00007798.,2,1,3
WBGene00007799.,212,610,822
WBGene00007800.,24,53,77
WBGene00007801.,171,845,1016
WBGene00007802.,27,30,57
WBGene00007804.,1,16,17
WBGene00007805.,1,2,3
WBGene00007806.,1,17,18
WBGene00007807.,27,256,283
WBGene00007808.,3,39,42
WBGene00007809.,1,33,34
WBGene00007810.,13,142,155
WBGene00007811.,25,654,679
WBGene00007812.,256,3420,3676
WBGene00007813.,3,0,3
WBGene00007816.,151,156,307
WBGene00007817.,147,455,602
WBGene00007818.,81,122,203
WBGene00007819.,8,315,323
WBGene00007820.,144,1571,1715
WBGene00007821.,39,278,317
WBGene00007822.,12,6,18
WBGene00007823.,9,10,19
WBGene00007824.,1202,6141,7343
WBGene00007825.,20,616,636
WBGene00007826.,19,1952,1971
WBGene00007827.,110,1701,1811
WBGene00007829.,1,0,1
WBGene00007831.,0,5,5
WBGene00007832.,0,4,4
WBGene00007833.,1,19,20
WBGene00007834.,1,5,6
WBGene00007835.,7,52,59
WBGene00007836.,17,2080,2097
WBGene00007837.,35,493,528
WBGene00007838.,1,24,25
WBGene00007840.,103,15,118
WBGene00007841.,58,1289,1347
WBGene00007842.,0,41,41
WBGene00007844.,9,26,35
WBGene00007846.,26,678,704
WBGene00007847.,22,545,567
WBGene00007848.,396,8174,8570
WBGene00007849.,46,289,335
WBGene00007850.,2,1,3
WBGene00007851.,0,20,20
WBGene00007852.,0,0,0
WBGene00007853.,0,7,7
WBGene00007854.,65,266,331
WBGene00007855.,0,1026,1026
WBGene00007856.,7,271,278
WBGene00007857.,4,100,104
WBGene00007858.,8,34,42
WBGene00007859.,64,3078,3142
WBGene00007860.,534,2270,2804
WBGene00007861.,5,38,43
WBGene00007862.,96,363,459
WBGene00007863.,1,4,5
WBGene00007864.,1,10,11
WBGene00007865.,1,0,1
WBGene00007866.,1,15,16
WBGene00007867.,9,152,161
WBGene00007868.,1,64,65
WBGene00007869.,1,3,4
WBGene00007870.,5,55,60
WBGene00007871.,0,0,0
WBGene00007872.,0,0,0
WBGene00007873.,0,0,0
WBGene00007874.,0,0,0
WBGene00007875.,6,126,132
WBGene00007876.,0,1,1
WBGene00007877.,423,4042,4465
WBGene00007878.,179,453,632
WBGene00007880.,2263,18804,21067
WBGene00007881.,53,1625,1678
WBGene00007882.,75,4984,5059
WBGene00007883.,89,3050,3139
WBGene00007885.,54,512,566
WBGene00007886.,158,681,839
WBGene00007887.,0,1,1
WBGene00007888.,17,47,64
WBGene00007889.,8,2,10
WBGene00007890.,43,340,383
WBGene00007891.,4,52,56
WBGene00007892.,117,2045,2162
WBGene00007893.,2,5,7
WBGene00007894.,0,5,5
WBGene00007895.,1,2,3
WBGene00007896.,13,15,28
WBGene00007897.,8,31,39
WBGene00007898.,2,110,112
WBGene00007899.,100,660,760
WBGene00007900.,89,922,1011
WBGene00007901.,19,698,717
WBGene00007902.,0,88,88
WBGene00007903.,4,53,57
WBGene00007904.,6,38,44
WBGene00007905.,2,5,7
WBGene00007906.,39,645,684
WBGene00007907.,1248,8660,9908
WBGene00007908.,154,475,629
WBGene00007909.,118,135,253
WBGene00007910.,1,33,34
WBGene00007911.,11,100,111
WBGene00007912.,52,1141,1193
WBGene00007913.,65,185,250
WBGene00007914.,82,1186,1268
WBGene00007916.,10,469,479
WBGene00007917.,137,1318,1455
WBGene00007918.,50,1063,1113
WBGene00007919.,350,1515,1865
WBGene00007920.,0,0,0
WBGene00007921.,197,2365,2562
WBGene00007922.,198,1177,1375
WBGene00007923.,366,2336,2702
WBGene00007924.,363,11230,11593
WBGene00007925.,65,1164,1229
WBGene00007926.,22,86,108
WBGene00007927.,471,9088,9559
WBGene00007928.,1,45,46
WBGene00007929.,50,275,325
WBGene00007931.,35,572,607
WBGene00007932.,109,391,500
WBGene00007933.,31,291,322
WBGene00007934.,65,2305,2370
WBGene00007935.,50,58,108
WBGene00007937.,6,17,23
WBGene00007938.,6,372,378
WBGene00007939.,11,171,182
WBGene00007941.,71,262,333
WBGene00007942.,49,2486,2535
WBGene00007943.,33,1145,1178
WBGene00007944.,99,1008,1107
WBGene00007945.,11,74,85
WBGene00007946.,15,171,186
WBGene00007947.,109,1094,1203
WBGene00007948.,11,30,41
WBGene00007949.,4,56,60
WBGene00007950.,530,3207,3737
WBGene00007951.,133,394,527
WBGene00007952.,75,3079,3154
WBGene00007953.,123,406,529
WBGene00007954.,2,13,15
WBGene00007955.,90,5687,5777
WBGene00007956.,63,687,750
WBGene00007957.,16,107,123
WBGene00007958.,104,616,720
WBGene00007959.,71,507,578
WBGene00007960.,0,3,3
WBGene00007961.,0,3,3
WBGene00007962.,1,0,1
WBGene00007963.,3,14,17
WBGene00007964.,13,437,450
WBGene00007965.,27,582,609
WBGene00007966.,7,186,193
WBGene00007967.,21,302,323
WBGene00007969.,45,4278,4323
WBGene00007970.,17,223,240
WBGene00007971.,225,4393,4618
WBGene00007972.,139,1411,1550
WBGene00007973.,2,45,47
WBGene00007974.,117,1958,2075
WBGene00007975.,78,1450,1528
WBGene00007976.,29,762,791
WBGene00007977.,3,22,25
WBGene00007978.,43,580,623
WBGene00007979.,29,917,946
WBGene00007980.,159,6048,6207
WBGene00007981.,125,3491,3616
WBGene00007982.,154,1250,1404
WBGene00007983.,112,657,769
WBGene00007984.,140,1463,1603
WBGene00007985.,92,191,283
WBGene00007986.,1,1,2
WBGene00007987.,0,1,1
WBGene00007988.,11,86,97
WBGene00007989.,3,49,52
WBGene00007990.,2,22,24
WBGene00007991.,37,434,471
WBGene00007992.,0,11,11
WBGene00007993.,113,6886,6999
WBGene00007994.,60,385,445
WBGene00007995.,4,2,6
WBGene00007996.,10,5,15
WBGene00007997.,20,52,72
WBGene00007998.,0,5,5
WBGene00007999.,33,124,157
WBGene00008000.,72,1884,1956
WBGene00008001.,0,0,0
WBGene00008002.,30,217,247
WBGene00008003.,9,313,322
WBGene00008005.,18,462,480
WBGene00008006.,154,1038,1192
WBGene00008007.,6,41,47
WBGene00008008.,101,348,449
WBGene00008009.,1,1,2
WBGene00008010.,5,18,23
WBGene00008012.,0,0,0
WBGene00008013.,1,3,4
WBGene00008014.,1,2,3
WBGene00008015.,2,0,2
WBGene00008016.,2,2,4
WBGene00008017.,0,1,1
WBGene00008018.,97,503,600
WBGene00008019.,46,1165,1211
WBGene00008020.,1,62,63
WBGene00008021.,4,109,113
WBGene00008022.,49,529,578
WBGene00008023.,5,254,259
WBGene00008024.,4,14,18
WBGene00008025.,10,173,183
WBGene00008026.,5,8,13
WBGene00008027.,10,163,173
WBGene00008028.,9,262,271
WBGene00008029.,0,1,1
WBGene00008030.,0,2,2
WBGene00008031.,11,33,44
WBGene00008032.,272,2759,3031
WBGene00008033.,87,407,494
WBGene00008034.,241,4182,4423
WBGene00008035.,48,2310,2358
WBGene00008036.,0,6,6
WBGene00008037.,11,32,43
WBGene00008038.,6,27,33
WBGene00008039.,21,551,572
WBGene00008040.,418,6369,6787
WBGene00008041.,225,6396,6621
WBGene00008042.,5,33,38
WBGene00008043.,45,450,495
WBGene00008044.,0,2,2
WBGene00008045.,77,207,284
WBGene00008047.,4,15,19
WBGene00008048.,0,3,3
WBGene00008050.,24,807,831
WBGene00008051.,34,177,211
WBGene00008052.,46,844,890
WBGene00008053.,69,3911,3980
WBGene00008054.,23,16,39
WBGene00008055.,0,5,5
WBGene00008056.,3,4,7
WBGene00008057.,0,5,5
WBGene00008058.,0,0,0
WBGene00008059.,0,0,0
WBGene00008060.,0,0,0
WBGene00008061.,3,154,157
WBGene00008062.,14,255,269
WBGene00008063.,1,32,33
WBGene00008064.,431,149,580
WBGene00008065.,25,180,205
WBGene00008066.,0,53,53
WBGene00008067.,0,2,2
WBGene00008068.,0,0,0
WBGene00008069.,0,0,0
WBGene00008070.,1,104,105
WBGene00008071.,2,1,3
WBGene00008072.,1,38,39
WBGene00008073.,0,139,139
WBGene00008074.,1,9,10
WBGene00008075.,5,116,121
WBGene00008076.,32,351,383
WBGene00008077.,2,16,18
WBGene00008078.,44,474,518
WBGene00008079.,5,21,26
WBGene00008080.,1,67,68
WBGene00008081.,185,1169,1354
WBGene00008082.,76,320,396
WBGene00008083.,3,8,11
WBGene00008084.,2,23,25
WBGene00008085.,19,530,549
WBGene00008086.,2,54,56
WBGene00008087.,0,1,1
WBGene00008088.,0,1,1
WBGene00008089.,158,1454,1612
WBGene00008090.,0,0,0
WBGene00008091.,8,32,40
WBGene00008092.,0,23,23
WBGene00008093.,40,27,67
WBGene00008094.,290,638,928
WBGene00008095.,5,65,70
WBGene00008096.,4,201,205
WBGene00008097.,2,21,23
WBGene00008098.,2,28,30
WBGene00008099.,5,57,62
WBGene00008100.,154,942,1096
WBGene00008101.,7,106,113
WBGene00008102.,0,34,34
WBGene00008104.,0,0,0
WBGene00008105.,1,13,14
WBGene00008106.,3,26,29
WBGene00008107.,24,1612,1636
WBGene00008110.,351,8001,8352
WBGene00008111.,1,51,52
WBGene00008112.,4,6,10
WBGene00008113.,6,15,21
WBGene00008114.,24,227,251
WBGene00008117.,45,4890,4935
WBGene00008118.,208,1360,1568
WBGene00008119.,432,2033,2465
WBGene00008120.,584,2085,2669
WBGene00008121.,101,2369,2470
WBGene00008122.,0,1,1
WBGene00008123.,8,103,111
WBGene00008124.,0,7,7
WBGene00008125.,0,0,0
WBGene00008126.,0,3,3
WBGene00008127.,15,76,91
WBGene00008128.,6,82,88
WBGene00008129.,5,10,15
WBGene00008130.,9,210,219
WBGene00008131.,70,1563,1633
WBGene00008132.,2605,1310,3915
WBGene00008133.,107,123,230
WBGene00008134.,115,1371,1486
WBGene00008135.,0,0,0
WBGene00008136.,76,1593,1669
WBGene00008137.,1,51,52
WBGene00008138.,1,19,20
WBGene00008139.,7,172,179
WBGene00008140.,396,617,1013
WBGene00008141.,3,7,10
WBGene00008142.,42,497,539
WBGene00008143.,111,1693,1804
WBGene00008144.,28,503,531
WBGene00008145.,109,462,571
WBGene00008146.,5,24,29
WBGene00008147.,279,4365,4644
WBGene00008148.,29,537,566
WBGene00008149.,380,26933,27313
WBGene00008150.,8,27,35
WBGene00008151.,249,7058,7307
WBGene00008152.,22,539,561
WBGene00008153.,12,10,22
WBGene00008154.,1,2,3
WBGene00008155.,10,50,60
WBGene00008156.,2,8,10
WBGene00008157.,0,1,1
WBGene00008158.,0,4,4
WBGene00008159.,0,0,0
WBGene00008160.,2,0,2
WBGene00008161.,0,1,1
WBGene00008162.,0,0,0
WBGene00008163.,0,0,0
WBGene00008164.,48,2879,2927
WBGene00008165.,33,1184,1217
WBGene00008166.,30,1131,1161
WBGene00008167.,16,107,123
WBGene00008168.,26,471,497
WBGene00008169.,3,194,197
WBGene00008170.,26,471,497
WBGene00008171.,10,108,118
WBGene00008172.,1,192,193
WBGene00008173.,13,605,618
WBGene00008174.,19,235,254
WBGene00008175.,0,5,5
WBGene00008176.,5,32,37
WBGene00008177.,34,399,433
WBGene00008178.,91,33,124
WBGene00008179.,0,0,0
WBGene00008180.,6,43,49
WBGene00008183.,1075,2123,3198
WBGene00008184.,1,34,35
WBGene00008185.,6,3,9
WBGene00008186.,3,4,7
WBGene00008187.,29,25,54
WBGene00008188.,2,8,10
WBGene00008190.,34,40,74
WBGene00008191.,297,14243,14540
WBGene00008192.,0,0,0
WBGene00008193.,6,43,49
WBGene00008194.,30,228,258
WBGene00008195.,84,763,847
WBGene00008196.,0,67,67
WBGene00008197.,42,639,681
WBGene00008198.,33,1802,1835
WBGene00008199.,18,163,181
WBGene00008200.,4,30,34
WBGene00008201.,0,7,7
WBGene00008202.,1,17,18
WBGene00008203.,72,515,587
WBGene00008204.,17,542,559
WBGene00008205.,870,36320,37190
WBGene00008206.,108,971,1079
WBGene00008207.,1,24,25
WBGene00008208.,4,54,58
WBGene00008209.,1,17,18
WBGene00008210.,8,178,186
WBGene00008211.,67,1360,1427
WBGene00008212.,13,108,121
WBGene00008213.,31,281,312
WBGene00008214.,106,784,890
WBGene00008215.,21,3412,3433
WBGene00008216.,5,47,52
WBGene00008217.,1,2,3
WBGene00008218.,38,3097,3135
WBGene00008219.,16,1114,1130
WBGene00008220.,2,157,159
WBGene00008221.,45,818,863
WBGene00008222.,14,139,153
WBGene00008223.,2,7,9
WBGene00008224.,261,3797,4058
WBGene00008225.,42,1767,1809
WBGene00008226.,48,595,643
WBGene00008227.,96,611,707
WBGene00008228.,5,284,289
WBGene00008229.,45,1012,1057
WBGene00008230.,47,203,250
WBGene00008231.,1,12,13
WBGene00008232.,22,629,651
WBGene00008233.,5,534,539
WBGene00008234.,2,63,65
WBGene00008235.,22,133,155
WBGene00008236.,47,449,496
WBGene00008237.,124,1522,1646
WBGene00008238.,49,1130,1179
WBGene00008239.,1,63,64
WBGene00008240.,0,4,4
WBGene00008241.,0,3,3
WBGene00008242.,1,16,17
WBGene00008243.,0,3,3
WBGene00008244.,0,3,3
WBGene00008245.,0,27,27
WBGene00008246.,3,29,32
WBGene00008247.,191,93,284
WBGene00008248.,4,59,63
WBGene00008249.,11,47,58
WBGene00008250.,9,31,40
WBGene00008251.,7,42,49
WBGene00008252.,10,111,121
WBGene00008253.,1,76,77
WBGene00008254.,224,1713,1937
WBGene00008255.,62,664,726
WBGene00008256.,53,198,251
WBGene00008257.,2,15,17
WBGene00008258.,30,1044,1074
WBGene00008259.,2,16,18
WBGene00008260.,13,253,266
WBGene00008261.,6,34,40
WBGene00008262.,1284,77377,78661
WBGene00008263.,266,397,663
WBGene00008265.,122,317,439
WBGene00008266.,63,1158,1221
WBGene00008267.,11,127,138
WBGene00008268.,2,0,2
WBGene00008269.,1,41,42
WBGene00008270.,109,390,499
WBGene00008271.,6,3,9
WBGene00008272.,46,50,96
WBGene00008273.,119,652,771
WBGene00008274.,536,4342,4878
WBGene00008275.,48,668,716
WBGene00008277.,13,9,22
WBGene00008278.,102,165,267
WBGene00008279.,12,3,15
WBGene00008280.,21,134,155
WBGene00008281.,37,676,713
WBGene00008282.,5,5,10
WBGene00008283.,69,963,1032
WBGene00008284.,81,785,866
WBGene00008285.,10,22,32
WBGene00008286.,8,5,13
WBGene00008287.,33,250,283
WBGene00008288.,78,899,977
WBGene00008289.,0,0,0
WBGene00008290.,0,2,2
WBGene00008291.,0,4,4
WBGene00008292.,13,328,341
WBGene00008293.,1,0,1
WBGene00008294.,0,4,4
WBGene00008295.,0,0,0
WBGene00008296.,78,735,813
WBGene00008297.,3,5,8
WBGene00008298.,479,9325,9804
WBGene00008299.,1,3,4
WBGene00008300.,10,381,391
WBGene00008301.,11,36,47
WBGene00008302.,2,43,45
WBGene00008303.,16,97,113
WBGene00008304.,3,96,99
WBGene00008306.,0,4,4
WBGene00008307.,139,397,536
WBGene00008308.,0,1,1
WBGene00008309.,11,53,64
WBGene00008310.,121,1214,1335
WBGene00008311.,114,1803,1917
WBGene00008312.,5,3,8
WBGene00008313.,2,12,14
WBGene00008314.,20,68,88
WBGene00008315.,132,978,1110
WBGene00008316.,53,556,609
WBGene00008317.,68,1006,1074
WBGene00008318.,15,514,529
WBGene00008319.,0,0,0
WBGene00008320.,28,217,245
WBGene00008321.,2,0,2
WBGene00008322.,0,3,3
WBGene00008323.,6,172,178
WBGene00008324.,0,15,15
WBGene00008325.,1,17,18
WBGene00008326.,0,0,0
WBGene00008327.,0,0,0
WBGene00008328.,4,0,4
WBGene00008330.,20,1614,1634
WBGene00008331.,190,2966,3156
WBGene00008332.,58,777,835
WBGene00008333.,26,513,539
WBGene00008334.,93,1011,1104
WBGene00008335.,47,773,820
WBGene00008336.,9,160,169
WBGene00008337.,0,0,0
WBGene00008338.,294,3962,4256
WBGene00008339.,51,1153,1204
WBGene00008340.,3,22,25
WBGene00008341.,7,274,281
WBGene00008342.,39,177,216
WBGene00008343.,17,825,842
WBGene00008344.,157,1834,1991
WBGene00008345.,88,2269,2357
WBGene00008346.,18,128,146
WBGene00008348.,193,537,730
WBGene00008349.,5,53,58
WBGene00008350.,6,33,39
WBGene00008351.,0,6,6
WBGene00008352.,1,50,51
WBGene00008353.,11,674,685
WBGene00008354.,32,597,629
WBGene00008355.,6,66,72
WBGene00008356.,17,11255,11272
WBGene00008357.,7,1766,1773
WBGene00008358.,11,3094,3105
WBGene00008359.,28,5707,5735
WBGene00008360.,2,2945,2947
WBGene00008361.,57,682,739
WBGene00008362.,74,2578,2652
WBGene00008363.,14,488,502
WBGene00008364.,21,700,721
WBGene00008365.,7,29,36
WBGene00008366.,284,1266,1550
WBGene00008367.,0,4,4
WBGene00008368.,78,454,532
WBGene00008369.,87,337,424
WBGene00008370.,223,1969,2192
WBGene00008371.,130,1506,1636
WBGene00008372.,9,36,45
WBGene00008373.,1,3,4
WBGene00008374.,2,4,6
WBGene00008375.,15,2154,2169
WBGene00008376.,46,517,563
WBGene00008377.,1,1,2
WBGene00008378.,0,4,4
WBGene00008379.,15,316,331
WBGene00008380.,85,1752,1837
WBGene00008381.,1,1,2
WBGene00008382.,26,235,261
WBGene00008383.,3,22,25
WBGene00008384.,2,151,153
WBGene00008385.,18,666,684
WBGene00008386.,332,5276,5608
WBGene00008387.,23,129,152
WBGene00008388.,76,203,279
WBGene00008389.,100,2139,2239
WBGene00008390.,181,1089,1270
WBGene00008392.,2113,16827,18940
WBGene00008393.,0,2,2
WBGene00008394.,0,0,0
WBGene00008395.,724,9773,10497
WBGene00008396.,0,52,52
WBGene00008397.,1,0,1
WBGene00008398.,413,5464,5877
WBGene00008399.,53,473,526
WBGene00008400.,181,1986,2167
WBGene00008401.,17,126,143
WBGene00008402.,28,1092,1120
WBGene00008403.,31,170,201
WBGene00008404.,26,1608,1634
WBGene00008405.,35,2525,2560
WBGene00008407.,307,981,1288
WBGene00008408.,47,1565,1612
WBGene00008409.,130,4956,5086
WBGene00008410.,67,1929,1996
WBGene00008411.,58,1318,1376
WBGene00008412.,119,1285,1404
WBGene00008413.,50,1451,1501
WBGene00008414.,510,18059,18569
WBGene00008415.,197,13136,13333
WBGene00008417.,23,608,631
WBGene00008418.,50,414,464
WBGene00008419.,647,4538,5185
WBGene00008420.,289,2504,2793
WBGene00008421.,88,432,520
WBGene00008422.,41,2023,2064
WBGene00008423.,4,38,42
WBGene00008424.,13,224,237
WBGene00008425.,10,66,76
WBGene00008426.,96,589,685
WBGene00008427.,5,49,54
WBGene00008428.,34,1556,1590
WBGene00008429.,99,1190,1289
WBGene00008430.,266,2121,2387
WBGene00008431.,213,817,1030
WBGene00008432.,120,1405,1525
WBGene00008433.,1,3,4
WBGene00008434.,18,674,692
WBGene00008435.,66,402,468
WBGene00008436.,320,4216,4536
WBGene00008438.,569,2071,2640
WBGene00008439.,106,682,788
WBGene00008440.,2,256,258
WBGene00008441.,175,688,863
WBGene00008442.,220,1072,1292
WBGene00008443.,2027,1191,3218
WBGene00008444.,774,1257,2031
WBGene00008446.,480,9167,9647
WBGene00008447.,52,845,897
WBGene00008448.,4,39,43
WBGene00008449.,5,63,68
WBGene00008450.,19,1937,1956
WBGene00008451.,1,51,52
WBGene00008452.,142,4514,4656
WBGene00008453.,182,1763,1945
WBGene00008454.,6,524,530
WBGene00008455.,181,3287,3468
WBGene00008456.,24,751,775
WBGene00008457.,66,478,544
WBGene00008458.,141,1829,1970
WBGene00008459.,107,1862,1969
WBGene00008460.,99,91,190
WBGene00008462.,3,54,57
WBGene00008463.,0,13,13
WBGene00008464.,0,0,0
WBGene00008465.,81,3,84
WBGene00008468.,1,10,11
WBGene00008470.,0,0,0
WBGene00008471.,0,1,1
WBGene00008472.,1,0,1
WBGene00008473.,0,0,0
WBGene00008474.,1,4,5
WBGene00008475.,4,29,33
WBGene00008476.,63,173,236
WBGene00008477.,0,113,113
WBGene00008478.,0,0,0
WBGene00008479.,0,0,0
WBGene00008480.,112,7231,7343
WBGene00008481.,23,190,213
WBGene00008482.,0,12,12
WBGene00008483.,1,26,27
WBGene00008484.,7,1552,1559
WBGene00008485.,1,4,5
WBGene00008486.,4,656,660
WBGene00008487.,29,116,145
WBGene00008488.,41,579,620
WBGene00008489.,11,10,21
WBGene00008490.,15,390,405
WBGene00008491.,125,140,265
WBGene00008492.,11,109,120
WBGene00008493.,0,8,8
WBGene00008494.,8,86,94
WBGene00008495.,16,348,364
WBGene00008496.,9,124,133
WBGene00008497.,2,1,3
WBGene00008498.,9,59,68
WBGene00008499.,40,174,214
WBGene00008500.,93,140,233
WBGene00008501.,0,0,0
WBGene00008502.,196,2103,2299
WBGene00008503.,8,450,458
WBGene00008504.,26,1199,1225
WBGene00008505.,460,69509,69969
WBGene00008506.,60,7614,7674
WBGene00008507.,0,2,2
WBGene00008508.,1,2,3
WBGene00008509.,0,280,280
WBGene00008510.,477,5054,5531
WBGene00008511.,10,89,99
WBGene00008512.,16,61,77
WBGene00008513.,186,337,523
WBGene00008514.,49,4432,4481
WBGene00008515.,81,529,610
WBGene00008516.,7,129,136
WBGene00008517.,20,207,227
WBGene00008518.,16,30,46
WBGene00008519.,143,476,619
WBGene00008520.,44,57,101
WBGene00008521.,225,3831,4056
WBGene00008522.,3,554,557
WBGene00008523.,0,0,0
WBGene00008524.,1,7,8
WBGene00008526.,2,7,9
WBGene00008527.,0,0,0
WBGene00008528.,159,1722,1881
WBGene00008529.,10,70,80
WBGene00008530.,262,5103,5365
WBGene00008531.,161,963,1124
WBGene00008532.,134,3732,3866
WBGene00008533.,194,1054,1248
WBGene00008534.,0,0,0
WBGene00008535.,1,6,7
WBGene00008536.,0,0,0
WBGene00008537.,21,6,27
WBGene00008538.,953,7687,8640
WBGene00008539.,0,4,4
WBGene00008540.,8,6,14
WBGene00008541.,1,11,12
WBGene00008542.,13,105,118
WBGene00008543.,20,315,335
WBGene00008545.,21,36,57
WBGene00008546.,161,1704,1865
WBGene00008547.,200,1395,1595
WBGene00008548.,28,321,349
WBGene00008549.,653,10602,11255
WBGene00008550.,4,10,14
WBGene00008551.,2,12,14
WBGene00008552.,0,1,1
WBGene00008553.,3,100,103
WBGene00008554.,270,6622,6892
WBGene00008555.,1389,3498,4887
WBGene00008556.,7,11,18
WBGene00008557.,61,322,383
WBGene00008558.,10,80,90
WBGene00008559.,3,23,26
WBGene00008560.,8,59,67
WBGene00008561.,12,75,87
WBGene00008563.,1,1590,1591
WBGene00008564.,26,474,500
WBGene00008565.,41,494,535
WBGene00008566.,4,15,19
WBGene00008567.,4,121,125
WBGene00008568.,18,36,54
WBGene00008569.,18,407,425
WBGene00008570.,406,922,1328
WBGene00008571.,143,291,434
WBGene00008572.,568,15863,16431
WBGene00008574.,1,0,1
WBGene00008575.,12,204,216
WBGene00008576.,0,1688,1688
WBGene00008577.,0,6138,6138
WBGene00008578.,60,643,703
WBGene00008579.,184,943,1127
WBGene00008580.,8,125,133
WBGene00008581.,0,2,2
WBGene00008582.,158,5668,5826
WBGene00008583.,100,365,465
WBGene00008584.,58,1077,1135
WBGene00008585.,64,818,882
WBGene00008586.,180,4252,4432
WBGene00008587.,21,242,263
WBGene00008588.,10,218,228
WBGene00008589.,81,502,583
WBGene00008590.,0,38,38
WBGene00008591.,7,259,266
WBGene00008592.,1,385,386
WBGene00008593.,2,14,16
WBGene00008594.,4,104,108
WBGene00008595.,5,63,68
WBGene00008596.,2,26,28
WBGene00008597.,1,11,12
WBGene00008598.,3,41,44
WBGene00008599.,5,82,87
WBGene00008600.,180,53,233
WBGene00008601.,2244,3557,5801
WBGene00008602.,58,540,598
WBGene00008603.,710,10083,10793
WBGene00008604.,122,1326,1448
WBGene00008605.,61,401,462
WBGene00008606.,60,832,892
WBGene00008607.,93,1151,1244
WBGene00008609.,2,12,14
WBGene00008610.,83,2597,2680
WBGene00008611.,0,1,1
WBGene00008612.,11,6,17
WBGene00008613.,2,63,65
WBGene00008615.,1,34,35
WBGene00008616.,5,88,93
WBGene00008617.,2,6,8
WBGene00008618.,0,6,6
WBGene00008619.,0,3,3
WBGene00008620.,0,6,6
WBGene00008621.,6,122,128
WBGene00008622.,209,3608,3817
WBGene00008623.,74,24,98
WBGene00008624.,257,2651,2908
WBGene00008625.,3,31,34
WBGene00008626.,12,183,195
WBGene00008627.,0,2,2
WBGene00008628.,84,8726,8810
WBGene00008629.,9,198,207
WBGene00008630.,1,23,24
WBGene00008631.,0,0,0
WBGene00008632.,2,17,19
WBGene00008633.,1,22,23
WBGene00008634.,2,45,47
WBGene00008635.,3,3,6
WBGene00008636.,1,11,12
WBGene00008637.,0,1,1
WBGene00008638.,0,4,4
WBGene00008639.,52,709,761
WBGene00008640.,0,31,31
WBGene00008641.,21,557,578
WBGene00008642.,8,1676,1684
WBGene00008643.,3,75,78
WBGene00008644.,21,68,89
WBGene00008645.,27,1323,1350
WBGene00008646.,32,746,778
WBGene00008647.,8,140,148
WBGene00008648.,127,1227,1354
WBGene00008649.,3,8,11
WBGene00008650.,2,12,14
WBGene00008651.,0,4,4
WBGene00008652.,4,81,85
WBGene00008654.,20,59,79
WBGene00008655.,6,51,57
WBGene00008656.,12,182,194
WBGene00008657.,0,4,4
WBGene00008658.,0,2,2
WBGene00008659.,0,3,3
WBGene00008660.,0,3,3
WBGene00008661.,4,2,6
WBGene00008662.,51,258,309
WBGene00008663.,10,626,636
WBGene00008664.,15,2796,2811
WBGene00008665.,4054,901,4955
WBGene00008666.,115,1126,1241
WBGene00008667.,82,531,613
WBGene00008669.,48,510,558
WBGene00008670.,250,1642,1892
WBGene00008671.,0,9,9
WBGene00008672.,0,2,2
WBGene00008673.,2,4,6
WBGene00008675.,0,0,0
WBGene00008676.,0,1,1
WBGene00008677.,0,39,39
WBGene00008678.,1,5,6
WBGene00008679.,0,1,1
WBGene00008680.,8,8,16
WBGene00008681.,27,301,328
WBGene00008682.,85,3138,3223
WBGene00008683.,148,1885,2033
WBGene00008684.,45,430,475
WBGene00008685.,97,909,1006
WBGene00008686.,90,634,724
WBGene00008687.,21,974,995
WBGene00008688.,321,4921,5242
WBGene00008690.,372,2634,3006
WBGene00008691.,31,980,1011
WBGene00008692.,31,114,145
WBGene00008693.,1,51,52
WBGene00008694.,1081,9060,10141
WBGene00008695.,38,145,183
WBGene00008696.,0,5,5
WBGene00008698.,0,4,4
WBGene00008699.,0,0,0
WBGene00008700.,1,0,1
WBGene00008701.,0,1,1
WBGene00008702.,0,0,0
WBGene00008703.,1,0,1
WBGene00008706.,2196,10959,13155
WBGene00008707.,19,2625,2644
WBGene00008708.,36,111,147
WBGene00008709.,10,36,46
WBGene00008710.,36,1750,1786
WBGene00008711.,57,159,216
WBGene00008712.,15,84,99
WBGene00008713.,42,271,313
WBGene00008714.,14,74,88
WBGene00008716.,0,0,0
WBGene00008717.,0,2,2
WBGene00008719.,19,44,63
WBGene00008720.,237,3370,3607
WBGene00008722.,41,1381,1422
WBGene00008723.,3,5,8
WBGene00008724.,0,1,1
WBGene00008725.,0,0,0
WBGene00008726.,44,515,559
WBGene00008727.,12,41,53
WBGene00008728.,4,18,22
WBGene00008729.,197,5276,5473
WBGene00008730.,4,32,36
WBGene00008731.,16,52,68
WBGene00008732.,8,99,107
WBGene00008733.,50,625,675
WBGene00008734.,1,7,8
WBGene00008735.,368,1561,1929
WBGene00008736.,10,90,100
WBGene00008737.,4,39,43
WBGene00008739.,10,54,64
WBGene00008740.,4,499,503
WBGene00008741.,127,1888,2015
WBGene00008742.,37,460,497
WBGene00008743.,0,122,122
WBGene00008744.,179,4002,4181
WBGene00008745.,107,6280,6387
WBGene00008746.,77,278,355
WBGene00008747.,2,137,139
WBGene00008748.,46,1620,1666
WBGene00008749.,36,879,915
WBGene00008750.,273,724,997
WBGene00008751.,0,4,4
WBGene00008752.,0,1,1
WBGene00008753.,1,2,3
WBGene00008754.,9,70,79
WBGene00008755.,2,51,53
WBGene00008757.,0,134,134
WBGene00008758.,0,14,14
WBGene00008759.,0,5,5
WBGene00008760.,12,562,574
WBGene00008761.,25,323,348
WBGene00008762.,4,420,424
WBGene00008763.,43,281,324
WBGene00008764.,27,2738,2765
WBGene00008765.,89,5920,6009
WBGene00008766.,129,1229,1358
WBGene00008767.,35,2001,2036
WBGene00008768.,650,7859,8509
WBGene00008769.,26,2591,2617
WBGene00008770.,100,2573,2673
WBGene00008772.,0,0,0
WBGene00008773.,13,287,300
WBGene00008774.,22,477,499
WBGene00008775.,89,1300,1389
WBGene00008776.,22,234,256
WBGene00008777.,499,2001,2500
WBGene00008778.,0,17,17
WBGene00008779.,100,181,281
WBGene00008780.,186,1355,1541
WBGene00008781.,214,3365,3579
WBGene00008782.,1,6,7
WBGene00008783.,117,852,969
WBGene00008784.,0,12,12
WBGene00008785.,0,5,5
WBGene00008786.,0,0,0
WBGene00008787.,11,53,64
WBGene00008788.,0,0,0
WBGene00008789.,4,15,19
WBGene00008790.,0,1,1
WBGene00008791.,7,79,86
WBGene00008792.,0,8,8
WBGene00008793.,16,70,86
WBGene00008794.,0,0,0
WBGene00008795.,3,53,56
WBGene00008796.,1,2,3
WBGene00008797.,0,2,2
WBGene00008798.,2,68,70
WBGene00008799.,7,55,62
WBGene00008800.,119,3391,3510
WBGene00008801.,6,28,34
WBGene00008802.,11,69,80
WBGene00008803.,1004,6727,7731
WBGene00008804.,15,49,64
WBGene00008805.,76,1232,1308
WBGene00008806.,22,493,515
WBGene00008807.,3,35,38
WBGene00008808.,15,23,38
WBGene00008809.,10,6,16
WBGene00008810.,179,705,884
WBGene00008811.,0,3,3
WBGene00008812.,2,5,7
WBGene00008813.,0,1,1
WBGene00008814.,0,0,0
WBGene00008815.,1,1,2
WBGene00008816.,0,0,0
WBGene00008817.,0,0,0
WBGene00008818.,0,2,2
WBGene00008819.,593,1695,2288
WBGene00008820.,14,1889,1903
WBGene00008821.,2,0,2
WBGene00008822.,1,0,1
WBGene00008823.,0,0,0
WBGene00008824.,0,0,0
WBGene00008825.,0,0,0
WBGene00008826.,0,5,5
WBGene00008827.,1,11,12
WBGene00008828.,0,1,1
WBGene00008829.,0,1,1
WBGene00008830.,0,25,25
WBGene00008831.,3,20,23
WBGene00008832.,72,1141,1213
WBGene00008833.,7,686,693
WBGene00008834.,6,1010,1016
WBGene00008835.,2,155,157
WBGene00008837.,3,2,5
WBGene00008838.,6,29,35
WBGene00008839.,1,1,2
WBGene00008840.,2,137,139
WBGene00008841.,646,7796,8442
WBGene00008842.,1,5,6
WBGene00008843.,0,0,0
WBGene00008844.,0,3,3
WBGene00008847.,1,3,4
WBGene00008848.,8,427,435
WBGene00008849.,53,13,66
WBGene00008850.,0,23,23
WBGene00008851.,50,474,524
WBGene00008852.,548,5300,5848
WBGene00008853.,4,1,5
WBGene00008854.,8,8,16
WBGene00008855.,3,4,7
WBGene00008856.,544,2938,3482
WBGene00008857.,20,22453,22473
WBGene00008858.,4,19,23
WBGene00008859.,2,553,555
WBGene00008860.,1057,12903,13960
WBGene00008861.,20,544,564
WBGene00008862.,8,127,135
WBGene00008863.,3,8,11
WBGene00008865.,94,3030,3124
WBGene00008866.,13,7,20
WBGene00008868.,230,636,866
WBGene00008869.,5,148,153
WBGene00008870.,0,8,8
WBGene00008871.,2,8,10
WBGene00008872.,0,0,0
WBGene00008873.,0,0,0
WBGene00008874.,6,19,25
WBGene00008875.,1,124,125
WBGene00008876.,148,840,988
WBGene00008877.,133,925,1058
WBGene00008878.,1413,3611,5024
WBGene00008879.,71,137,208
WBGene00008880.,68,538,606
WBGene00008881.,5,25,30
WBGene00008882.,87,1642,1729
WBGene00008883.,7,85,92
WBGene00008884.,1,6,7
WBGene00008885.,55,715,770
WBGene00008886.,34,72,106
WBGene00008887.,30,918,948
WBGene00008889.,0,5,5
WBGene00008890.,31,131,162
WBGene00008891.,0,102,102
WBGene00008892.,2,49,51
WBGene00008893.,2,1,3
WBGene00008894.,4,18,22
WBGene00008897.,8,35,43
WBGene00008898.,11,0,11
WBGene00008899.,1,2,3
WBGene00008900.,7,65,72
WBGene00008901.,701,13,714
WBGene00008902.,1,2,3
WBGene00008903.,1,3,4
WBGene00008904.,0,15,15
WBGene00008905.,1,21,22
WBGene00008906.,0,0,0
WBGene00008907.,0,1,1
WBGene00008908.,2,5,7
WBGene00008909.,0,2,2
WBGene00008910.,126,3037,3163
WBGene00008911.,1,0,1
WBGene00008912.,0,84,84
WBGene00008914.,7,3741,3748
WBGene00008915.,228,15916,16144
WBGene00008916.,114,107,221
WBGene00008917.,21,81,102
WBGene00008918.,5,785,790
WBGene00008919.,302,4004,4306
WBGene00008920.,25604,314307,339911
WBGene00008921.,142,1974,2116
WBGene00008922.,418,11740,12158
WBGene00008923.,107,278,385
WBGene00008924.,64,681,745
WBGene00008925.,190,6057,6247
WBGene00008926.,105,952,1057
WBGene00008927.,234,1400,1634
WBGene00008928.,1,0,1
WBGene00008929.,39,1615,1654
WBGene00008930.,523,3449,3972
WBGene00008932.,355,826,1181
WBGene00008933.,4,44,48
WBGene00008934.,286,2878,3164
WBGene00008935.,6,12,18
WBGene00008936.,15,172,187
WBGene00008937.,0,5,5
WBGene00008939.,219,1538,1757
WBGene00008940.,155,1180,1335
WBGene00008941.,39,1,40
WBGene00008942.,0,2,2
WBGene00008943.,0,0,0
WBGene00008944.,35,894,929
WBGene00008945.,0,21,21
WBGene00008946.,4,3,7
WBGene00008947.,1,1,2
WBGene00008948.,129,4417,4546
WBGene00008949.,1,24,25
WBGene00008950.,1,5,6
WBGene00008951.,184,1634,1818
WBGene00008952.,63,306,369
WBGene00008953.,125,437,562
WBGene00008954.,4,27,31
WBGene00008955.,10,18,28
WBGene00008956.,43,245,288
WBGene00008957.,71,1334,1405
WBGene00008958.,0,0,0
WBGene00008959.,1,2,3
WBGene00008960.,1,2,3
WBGene00008961.,23,1318,1341
WBGene00008963.,99,3230,3329
WBGene00008964.,758,1864,2622
WBGene00008965.,107,112,219
WBGene00008966.,0,0,0
WBGene00008967.,0,47,47
WBGene00008968.,12,138,150
WBGene00008969.,98,647,745
WBGene00008970.,0,225,225
WBGene00008971.,27,984,1011
WBGene00008972.,0,2,2
WBGene00008973.,47,2724,2771
WBGene00008974.,170,1218,1388
WBGene00008975.,48,1983,2031
WBGene00008976.,0,89,89
WBGene00008977.,14,106,120
WBGene00008978.,23,354,377
WBGene00008979.,32,1222,1254
WBGene00008980.,64,2066,2130
WBGene00008981.,0,0,0
WBGene00008982.,0,0,0
WBGene00008983.,0,2,2
WBGene00008984.,0,0,0
WBGene00008985.,7,101,108
WBGene00008986.,157,1551,1708
WBGene00008987.,120,1284,1404
WBGene00008988.,33,149,182
WBGene00008989.,25,235,260
WBGene00008990.,122,2516,2638
WBGene00008991.,50,56,106
WBGene00008992.,0,33,33
WBGene00008993.,48,340,388
WBGene00008994.,0,37,37
WBGene00008995.,86,364,450
WBGene00008996.,36,269,305
WBGene00008997.,100,197,297
WBGene00008998.,359,3718,4077
WBGene00008999.,959,5349,6308
WBGene00009000.,15,46,61
WBGene00009001.,0,4,4
WBGene00009002.,170,3428,3598
WBGene00009004.,652,20900,21552
WBGene00009005.,17,25,42
WBGene00009006.,10,456,466
WBGene00009007.,57,1796,1853
WBGene00009008.,53,539,592
WBGene00009009.,5,287,292
WBGene00009010.,52,971,1023
WBGene00009011.,23,1778,1801
WBGene00009012.,101,4721,4822
WBGene00009013.,83,3385,3468
WBGene00009014.,5,83,88
WBGene00009015.,6,24,30
WBGene00009016.,6,2,8
WBGene00009017.,0,0,0
WBGene00009018.,44,350,394
WBGene00009019.,0,5,5
WBGene00009020.,4,165,169
WBGene00009021.,0,1,1
WBGene00009023.,29,319,348
WBGene00009024.,6,27,33
WBGene00009025.,70,533,603
WBGene00009026.,22,264,286
WBGene00009027.,62,607,669
WBGene00009028.,6,9,15
WBGene00009029.,14,52,66
WBGene00009030.,26,167,193
WBGene00009031.,1,20,21
WBGene00009032.,0,6,6
WBGene00009033.,2,5,7
WBGene00009035.,7,139,146
WBGene00009036.,0,0,0
WBGene00009038.,13,1,14
WBGene00009039.,7,6,13
WBGene00009041.,0,28,28
WBGene00009042.,7,408,415
WBGene00009043.,4,19,23
WBGene00009044.,14,12,26
WBGene00009045.,25,2296,2321
WBGene00009046.,1,2,3
WBGene00009047.,0,3,3
WBGene00009048.,36,4221,4257
WBGene00009049.,177,5194,5371
WBGene00009050.,427,16840,17267
WBGene00009051.,701,15365,16066
WBGene00009052.,109,2499,2608
WBGene00009054.,109,622,731
WBGene00009055.,96,420,516
WBGene00009056.,344,4167,4511
WBGene00009057.,98,716,814
WBGene00009058.,87,5728,5815
WBGene00009059.,29,499,528
WBGene00009060.,197,376,573
WBGene00009061.,1,5,6
WBGene00009063.,0,4,4
WBGene00009064.,48,825,873
WBGene00009065.,291,1988,2279
WBGene00009067.,0,2,2
WBGene00009068.,15,159,174
WBGene00009069.,0,1723,1723
WBGene00009070.,1983,38,2021
WBGene00009071.,0,2,2
WBGene00009073.,10,29,39
WBGene00009075.,5,4,9
WBGene00009076.,0,2,2
WBGene00009077.,1,5,6
WBGene00009078.,717,3661,4378
WBGene00009079.,0,0,0
WBGene00009081.,92,1444,1536
WBGene00009082.,55,11821,11876
WBGene00009084.,126,5820,5946
WBGene00009085.,5,20,25
WBGene00009086.,6,5,11
WBGene00009087.,2,152,154
WBGene00009088.,0,1,1
WBGene00009089.,46,581,627
WBGene00009090.,8,191,199
WBGene00009091.,203,4250,4453
WBGene00009092.,236,16725,16961
WBGene00009093.,85,494,579
WBGene00009094.,53,1158,1211
WBGene00009095.,42,211,253
WBGene00009096.,89,11343,11432
WBGene00009097.,52,9660,9712
WBGene00009098.,504,2908,3412
WBGene00009099.,2,7,9
WBGene00009100.,71,532,603
WBGene00009101.,6,68,74
WBGene00009102.,5,184,189
WBGene00009103.,146,4763,4909
WBGene00009104.,1,1,2
WBGene00009106.,65,1092,1157
WBGene00009107.,61,102,163
WBGene00009108.,10,40,50
WBGene00009109.,75,314,389
WBGene00009110.,13,1010,1023
WBGene00009112.,74,1990,2064
WBGene00009113.,2,68,70
WBGene00009114.,1,3,4
WBGene00009115.,27,23,50
WBGene00009116.,48,1304,1352
WBGene00009117.,4,17,21
WBGene00009118.,73,3403,3476
WBGene00009119.,1792,470202,471994
WBGene00009120.,162,1821,1983
WBGene00009121.,16,460,476
WBGene00009122.,2,81,83
WBGene00009123.,87,4256,4343
WBGene00009124.,106,721,827
WBGene00009125.,43,196,239
WBGene00009126.,264,12377,12641
WBGene00009127.,130,1985,2115
WBGene00009128.,0,1954,1954
WBGene00009129.,4,15,19
WBGene00009130.,11,8,19
WBGene00009131.,114,1490,1604
WBGene00009132.,41,3141,3182
WBGene00009133.,61,915,976
WBGene00009134.,7,14,21
WBGene00009135.,21,227,248
WBGene00009136.,5,23,28
WBGene00009137.,32,748,780
WBGene00009138.,16,1848,1864
WBGene00009139.,118,2215,2333
WBGene00009140.,109,995,1104
WBGene00009141.,918,8468,9386
WBGene00009142.,67,6940,7007
WBGene00009143.,4,41,45
WBGene00009144.,0,31,31
WBGene00009145.,199,1290,1489
WBGene00009146.,22,268,290
WBGene00009147.,8,1,9
WBGene00009148.,17,99,116
WBGene00009149.,1,5,6
WBGene00009150.,0,1,1
WBGene00009151.,0,0,0
WBGene00009152.,0,2,2
WBGene00009153.,3,61,64
WBGene00009154.,0,0,0
WBGene00009155.,33,118,151
WBGene00009156.,59,197,256
WBGene00009157.,47,327,374
WBGene00009158.,202,1936,2138
WBGene00009159.,54,1505,1559
WBGene00009160.,11,10,21
WBGene00009161.,1199,52800,53999
WBGene00009162.,131,225,356
WBGene00009163.,84,429,513
WBGene00009164.,62,2018,2080
WBGene00009165.,8,1079,1087
WBGene00009166.,9,105,114
WBGene00009167.,0,0,0
WBGene00009168.,1,37,38
WBGene00009169.,1,28,29
WBGene00009170.,1,20,21
WBGene00009171.,2,0,2
WBGene00009172.,233,624,857
WBGene00009173.,6,61,67
WBGene00009174.,303,1990,2293
WBGene00009176.,11,791,802
WBGene00009177.,37,515,552
WBGene00009178.,33,21,54
WBGene00009179.,174,1560,1734
WBGene00009180.,1972,35517,37489
WBGene00009182.,28,74,102
WBGene00009183.,7,120,127
WBGene00009184.,0,23,23
WBGene00009185.,0,4,4
WBGene00009186.,0,28,28
WBGene00009187.,1166,10499,11665
WBGene00009188.,489,2832,3321
WBGene00009189.,844,14112,14956
WBGene00009190.,134,822,956
WBGene00009191.,4,951,955
WBGene00009192.,15,68,83
WBGene00009193.,5,10,15
WBGene00009194.,16,36,52
WBGene00009195.,1,1,2
WBGene00009196.,1,0,1
WBGene00009197.,1,0,1
WBGene00009200.,165,2641,2806
WBGene00009201.,89,1613,1702
WBGene00009202.,0,22,22
WBGene00009203.,2,95,97
WBGene00009204.,66,234,300
WBGene00009205.,19,224,243
WBGene00009206.,0,0,0
WBGene00009207.,47,2076,2123
WBGene00009208.,4,21,25
WBGene00009209.,0,3,3
WBGene00009210.,0,3,3
WBGene00009211.,27,5126,5153
WBGene00009212.,1,84,85
WBGene00009213.,0,11,11
WBGene00009214.,0,5,5
WBGene00009215.,0,8,8
WBGene00009216.,0,319,319
WBGene00009217.,138,181,319
WBGene00009218.,35,532,567
WBGene00009219.,109,2030,2139
WBGene00009220.,284,518,802
WBGene00009221.,230,12084,12314
WBGene00009222.,39,540,579
WBGene00009223.,28,611,639
WBGene00009224.,92,268,360
WBGene00009225.,14,102,116
WBGene00009226.,0,7,7
WBGene00009227.,3,18,21
WBGene00009228.,2,8,10
WBGene00009229.,4,12,16
WBGene00009230.,2,4,6
WBGene00009231.,38,271,309
WBGene00009232.,1,34,35
WBGene00009233.,70,639,709
WBGene00009234.,68,542,610
WBGene00009235.,0,4,4
WBGene00009236.,4,85,89
WBGene00009237.,2,1650,1652
WBGene00009238.,0,2,2
WBGene00009239.,8,59,67
WBGene00009240.,14,32,46
WBGene00009241.,10,442,452
WBGene00009242.,5,40,45
WBGene00009243.,27,691,718
WBGene00009245.,139,997,1136
WBGene00009246.,121,11006,11127
WBGene00009247.,6,21,27
WBGene00009248.,0,22,22
WBGene00009249.,0,3,3
WBGene00009250.,4,177,181
WBGene00009251.,9,9,18
WBGene00009252.,8,3,11
WBGene00009254.,99,2694,2793
WBGene00009255.,21,38,59
WBGene00009256.,164,2210,2374
WBGene00009257.,18,132,150
WBGene00009258.,36,227,263
WBGene00009259.,14,715,729
WBGene00009260.,73,1762,1835
WBGene00009261.,2,38,40
WBGene00009262.,57,1553,1610
WBGene00009263.,40,122,162
WBGene00009264.,220,2527,2747
WBGene00009266.,95,6982,7077
WBGene00009267.,165,2721,2886
WBGene00009268.,5,64,69
WBGene00009269.,1,3,4
WBGene00009270.,15,474,489
WBGene00009271.,90,366,456
WBGene00009272.,10,298,308
WBGene00009274.,74,787,861
WBGene00009276.,40,1213,1253
WBGene00009277.,188,604,792
WBGene00009278.,20,147,167
WBGene00009279.,0,2,2
WBGene00009280.,0,140,140
WBGene00009281.,1,1,2
WBGene00009283.,5,116,121
WBGene00009284.,172,1564,1736
WBGene00009285.,70,1606,1676
WBGene00009286.,57,394,451
WBGene00009287.,70,858,928
WBGene00009288.,89,509,598
WBGene00009289.,39,1749,1788
WBGene00009290.,120,3636,3756
WBGene00009291.,126,761,887
WBGene00009292.,32,194,226
WBGene00009293.,5,160,165
WBGene00009294.,631,10330,10961
WBGene00009295.,0,0,0
WBGene00009296.,1,14,15
WBGene00009297.,0,1,1
WBGene00009298.,0,0,0
WBGene00009299.,12,128,140
WBGene00009300.,0,1,1
WBGene00009301.,0,3,3
WBGene00009302.,0,0,0
WBGene00009303.,2,2,4
WBGene00009304.,490,1643,2133
WBGene00009305.,100,1829,1929
WBGene00009306.,17,2262,2279
WBGene00009307.,61,7393,7454
WBGene00009308.,3,9,12
WBGene00009309.,0,8,8
WBGene00009310.,0,0,0
WBGene00009311.,13,10,23
WBGene00009312.,659,22,681
WBGene00009313.,3,5,8
WBGene00009314.,266,1503,1769
WBGene00009315.,177,884,1061
WBGene00009316.,0,8,8
WBGene00009318.,1,10,11
WBGene00009319.,141,4829,4970
WBGene00009320.,178,1005,1183
WBGene00009321.,0,1,1
WBGene00009322.,105,2536,2641
WBGene00009323.,14,927,941
WBGene00009324.,10,17,27
WBGene00009325.,115,612,727
WBGene00009326.,12,93,105
WBGene00009327.,1,4,5
WBGene00009328.,0,27,27
WBGene00009329.,62,795,857
WBGene00009330.,58,4638,4696
WBGene00009331.,1,101,102
WBGene00009332.,2,54,56
WBGene00009333.,40,1658,1698
WBGene00009334.,360,5733,6093
WBGene00009335.,34,204,238
WBGene00009336.,63,3353,3416
WBGene00009337.,789,4670,5459
WBGene00009338.,7,2,9
WBGene00009339.,1,5,6
WBGene00009340.,228,3258,3486
WBGene00009341.,20,899,919
WBGene00009342.,403,12198,12601
WBGene00009343.,64,925,989
WBGene00009344.,0,0,0
WBGene00009345.,17,12,29
WBGene00009346.,45,260,305
WBGene00009347.,45,215,260
WBGene00009349.,0,452,452
WBGene00009350.,44,206,250
WBGene00009352.,66,2142,2208
WBGene00009353.,237,17119,17356
WBGene00009354.,127,625,752
WBGene00009355.,6,195,201
WBGene00009356.,6,47,53
WBGene00009357.,11,63,74
WBGene00009358.,257,3973,4230
WBGene00009359.,2,7,9
WBGene00009360.,8,15,23
WBGene00009361.,35,470,505
WBGene00009362.,2,2,4
WBGene00009363.,0,3,3
WBGene00009364.,10,1100,1110
WBGene00009365.,84,1439,1523
WBGene00009366.,60,806,866
WBGene00009367.,533,14952,15485
WBGene00009368.,143,1982,2125
WBGene00009369.,138,1484,1622
WBGene00009370.,112,425,537
WBGene00009371.,52,465,517
WBGene00009372.,219,1463,1682
WBGene00009373.,58,669,727
WBGene00009374.,413,6975,7388
WBGene00009375.,110,712,822
WBGene00009377.,2,1,3
WBGene00009378.,0,0,0
WBGene00009380.,49,939,988
WBGene00009381.,1,26,27
WBGene00009382.,7,7,14
WBGene00009383.,419,7791,8210
WBGene00009384.,1,57,58
WBGene00009385.,47,1591,1638
WBGene00009386.,2,201,203
WBGene00009387.,23,52,75
WBGene00009388.,762,13642,14404
WBGene00009389.,96,503,599
WBGene00009390.,19,83,102
WBGene00009391.,0,0,0
WBGene00009392.,0,1,1
WBGene00009393.,3,60,63
WBGene00009394.,90,2038,2128
WBGene00009395.,1,17,18
WBGene00009396.,19,188,207
WBGene00009397.,6,89,95
WBGene00009398.,0,11,11
WBGene00009399.,21,87,108
WBGene00009400.,16,180,196
WBGene00009401.,0,77,77
WBGene00009402.,1,15,16
WBGene00009403.,8,139,147
WBGene00009404.,6,365,371
WBGene00009405.,17,470,487
WBGene00009406.,93,936,1029
WBGene00009408.,1,293,294
WBGene00009409.,2,2,4
WBGene00009410.,0,0,0
WBGene00009411.,1,7,8
WBGene00009412.,12,19,31
WBGene00009413.,3,6,9
WBGene00009414.,0,0,0
WBGene00009415.,0,0,0
WBGene00009416.,2,48,50
WBGene00009417.,1,1,2
WBGene00009418.,2,2,4
WBGene00009419.,0,0,0
WBGene00009420.,0,0,0
WBGene00009421.,2,3,5
WBGene00009422.,1,2,3
WBGene00009423.,0,1339,1339
WBGene00009424.,2,97,99
WBGene00009425.,2,1,3
WBGene00009426.,0,1,1
WBGene00009427.,2,4,6
WBGene00009428.,24,71,95
WBGene00009429.,8,62,70
WBGene00009430.,59,905,964
WBGene00009431.,21,249,270
WBGene00009432.,39,617,656
WBGene00009433.,100,490,590
WBGene00009434.,54,599,653
WBGene00009435.,71,512,583
WBGene00009436.,11,3859,3870
WBGene00009437.,8,48,56
WBGene00009438.,7,74,81
WBGene00009439.,394,3602,3996
WBGene00009440.,179,9421,9600
WBGene00009441.,43,759,802
WBGene00009442.,17,175,192
WBGene00009443.,76,2387,2463
WBGene00009444.,59,1346,1405
WBGene00009445.,34,1844,1878
WBGene00009446.,0,1,1
WBGene00009447.,17,133,150
WBGene00009448.,25,887,912
WBGene00009449.,1,13,14
WBGene00009450.,28,1126,1154
WBGene00009451.,150,3397,3547
WBGene00009452.,159,1312,1471
WBGene00009453.,143,1268,1411
WBGene00009454.,3110,55272,58382
WBGene00009455.,186,3075,3261
WBGene00009456.,138,961,1099
WBGene00009457.,2,7,9
WBGene00009458.,2,5,7
WBGene00009459.,2,14,16
WBGene00009460.,262,5116,5378
WBGene00009461.,96,591,687
WBGene00009462.,194,102,296
WBGene00009463.,1,0,1
WBGene00009464.,4,4,8
WBGene00009465.,3,25,28
WBGene00009466.,24,329,353
WBGene00009467.,1,7,8
WBGene00009468.,21,174,195
WBGene00009469.,45,619,664
WBGene00009470.,0,1,1
WBGene00009471.,3,4,7
WBGene00009472.,2,5,7
WBGene00009473.,0,0,0
WBGene00009474.,1,0,1
WBGene00009475.,498,5311,5809
WBGene00009476.,72,1149,1221
WBGene00009477.,809,5300,6109
WBGene00009478.,68,1946,2014
WBGene00009479.,49,1375,1424
WBGene00009480.,11,44,55
WBGene00009481.,1,135,136
WBGene00009482.,287,2606,2893
WBGene00009483.,4,476,480
WBGene00009484.,69,219,288
WBGene00009485.,4,46,50
WBGene00009486.,0,0,0
WBGene00009487.,2,10,12
WBGene00009488.,0,2,2
WBGene00009489.,0,6,6
WBGene00009490.,1,43,44
WBGene00009491.,2,3,5
WBGene00009492.,4,8,12
WBGene00009493.,1,188,189
WBGene00009494.,2,47,49
WBGene00009495.,10,281,291
WBGene00009496.,4,59,63
WBGene00009497.,2,5,7
WBGene00009498.,374,1886,2260
WBGene00009499.,274,1148,1422
WBGene00009500.,50,1387,1437
WBGene00009501.,0,6,6
WBGene00009502.,0,5,5
WBGene00009503.,83,2090,2173
WBGene00009504.,5,403,408
WBGene00009505.,20,916,936
WBGene00009507.,143,945,1088
WBGene00009508.,124,1355,1479
WBGene00009509.,5,50,55
WBGene00009510.,12,61,73
WBGene00009511.,37,166,203
WBGene00009512.,27,2343,2370
WBGene00009513.,10,13,23
WBGene00009514.,3130,36915,40045
WBGene00009515.,6,35,41
WBGene00009517.,2,6,8
WBGene00009518.,7,134,141
WBGene00009519.,1,2,3
WBGene00009520.,0,1,1
WBGene00009521.,604,4023,4627
WBGene00009522.,4,41,45
WBGene00009523.,3,5,8
WBGene00009524.,1,0,1
WBGene00009525.,0,0,0
WBGene00009526.,12,71,83
WBGene00009527.,17,15,32
WBGene00009528.,60,202,262
WBGene00009529.,1,480,481
WBGene00009530.,155,267,422
WBGene00009531.,1517,17976,19493
WBGene00009532.,941,2828,3769
WBGene00009533.,8,232,240
WBGene00009534.,206,2672,2878
WBGene00009535.,24,5,29
WBGene00009536.,112,358,470
WBGene00009537.,0,33,33
WBGene00009538.,0,0,0
WBGene00009539.,0,0,0
WBGene00009540.,0,8,8
WBGene00009541.,142,134,276
WBGene00009542.,64,3802,3866
WBGene00009543.,18,202,220
WBGene00009544.,100,632,732
WBGene00009546.,2,4,6
WBGene00009547.,31,234,265
WBGene00009548.,3,3,6
WBGene00009549.,7,10,17
WBGene00009550.,0,1,1
WBGene00009551.,14,200,214
WBGene00009552.,93,1057,1150
WBGene00009553.,21,916,937
WBGene00009554.,12,1590,1602
WBGene00009555.,0,0,0
WBGene00009556.,33,557,590
WBGene00009557.,45,233,278
WBGene00009558.,205,1231,1436
WBGene00009559.,17,3884,3901
WBGene00009560.,25,88,113
WBGene00009561.,13,35,48
WBGene00009562.,201,5192,5393
WBGene00009563.,157,3562,3719
WBGene00009565.,135,2050,2185
WBGene00009566.,0,1,1
WBGene00009567.,0,1,1
WBGene00009568.,0,0,0
WBGene00009569.,1,0,1
WBGene00009570.,0,4,4
WBGene00009571.,0,3,3
WBGene00009572.,1,15,16
WBGene00009573.,0,59,59
WBGene00009574.,449,2539,2988
WBGene00009575.,19,7498,7517
WBGene00009576.,10,129,139
WBGene00009577.,857,14586,15443
WBGene00009578.,470,18408,18878
WBGene00009579.,88,276,364
WBGene00009580.,105,5009,5114
WBGene00009581.,25,152,177
WBGene00009582.,30,350,380
WBGene00009583.,245,5809,6054
WBGene00009584.,1040,16116,17156
WBGene00009585.,50,24,74
WBGene00009586.,87,2862,2949
WBGene00009587.,251,3180,3431
WBGene00009588.,10400,3079,13479
WBGene00009589.,7080,2394,9474
WBGene00009590.,0,0,0
WBGene00009592.,1,0,1
WBGene00009593.,7,3,10
WBGene00009594.,533,2043,2576
WBGene00009595.,35,116,151
WBGene00009596.,4,3,7
WBGene00009597.,3,40,43
WBGene00009598.,0,1,1
WBGene00009599.,0,0,0
WBGene00009600.,1,50,51
WBGene00009601.,30,393,423
WBGene00009602.,87,19,106
WBGene00009603.,3,5,8
WBGene00009604.,0,8,8
WBGene00009605.,2,2,4
WBGene00009606.,0,2,2
WBGene00009607.,0,0,0
WBGene00009608.,12,120,132
WBGene00009609.,0,3,3
WBGene00009610.,0,0,0
WBGene00009611.,57,155,212
WBGene00009612.,0,7,7
WBGene00009613.,0,0,0
WBGene00009614.,13,41,54
WBGene00009615.,0,0,0
WBGene00009616.,1,3,4
WBGene00009617.,16,198,214
WBGene00009618.,8,78,86
WBGene00009619.,18,265,283
WBGene00009620.,404,1785,2189
WBGene00009621.,0,8949,8949
WBGene00009622.,10,24,34
WBGene00009623.,233,141,374
WBGene00009624.,678,1832,2510
WBGene00009625.,3,24,27
WBGene00009626.,66,1526,1592
WBGene00009627.,9,366,375
WBGene00009628.,13,1163,1176
WBGene00009629.,49,196,245
WBGene00009630.,5,9,14
WBGene00009631.,0,0,0
WBGene00009632.,207,2136,2343
WBGene00009633.,1,36,37
WBGene00009634.,4,467,471
WBGene00009635.,31,435,466
WBGene00009636.,53,409,462
WBGene00009637.,0,203,203
WBGene00009638.,27,5020,5047
WBGene00009639.,1,398,399
WBGene00009640.,1,110,111
WBGene00009641.,1,4,5
WBGene00009642.,31,137,168
WBGene00009643.,0,10,10
WBGene00009644.,0,8,8
WBGene00009645.,118,1274,1392
WBGene00009646.,2,2,4
WBGene00009647.,44,78,122
WBGene00009648.,1,734,735
WBGene00009649.,53,90,143
WBGene00009650.,30,2281,2311
WBGene00009651.,3,1,4
WBGene00009652.,5,26,31
WBGene00009653.,36,287,323
WBGene00009654.,319,1181,1500
WBGene00009656.,3,140,143
WBGene00009657.,129,1003,1132
WBGene00009658.,0,9,9
WBGene00009659.,0,1,1
WBGene00009660.,425,2867,3292
WBGene00009661.,111,5238,5349
WBGene00009662.,0,2,2
WBGene00009663.,0,17,17
WBGene00009664.,215,18555,18770
WBGene00009665.,15,918,933
WBGene00009666.,60,3179,3239
WBGene00009667.,502,310,812
WBGene00009668.,71,2317,2388
WBGene00009670.,1,6,7
WBGene00009671.,161,5207,5368
WBGene00009672.,191,2437,2628
WBGene00009673.,49,342,391
WBGene00009674.,223,3974,4197
WBGene00009675.,5,32,37
WBGene00009676.,94,1055,1149
WBGene00009677.,7,139,146
WBGene00009678.,104,853,957
WBGene00009679.,20,168,188
WBGene00009680.,0,0,0
WBGene00009681.,0,14,14
WBGene00009682.,0,0,0
WBGene00009683.,0,7,7
WBGene00009684.,0,0,0
WBGene00009685.,0,4,4
WBGene00009686.,7,71,78
WBGene00009687.,0,0,0
WBGene00009688.,1420,17181,18601
WBGene00009689.,0,2,2
WBGene00009690.,3,13,16
WBGene00009691.,0,18315,18315
WBGene00009692.,0,8981,8981
WBGene00009693.,0,1,1
WBGene00009695.,0,3,3
WBGene00009696.,9,61,70
WBGene00009697.,0,42,42
WBGene00009698.,1,1,2
WBGene00009700.,103,966,1069
WBGene00009701.,0,111,111
WBGene00009702.,7,155,162
WBGene00009704.,0,0,0
WBGene00009705.,1,5,6
WBGene00009706.,16,80,96
WBGene00009707.,0,1,1
WBGene00009708.,1,0,1
WBGene00009709.,26,32,58
WBGene00009710.,10,133,143
WBGene00009711.,249,2969,3218
WBGene00009712.,4,9188,9192
WBGene00009713.,605,3991,4596
WBGene00009714.,0,49,49
WBGene00009715.,72,2621,2693
WBGene00009716.,12,94,106
WBGene00009717.,200,2196,2396
WBGene00009720.,1,6,7
WBGene00009721.,24,32,56
WBGene00009722.,51,2605,2656
WBGene00009723.,22,4269,4291
WBGene00009724.,20,3099,3119
WBGene00009725.,0,4,4
WBGene00009726.,62,370,432
WBGene00009727.,19,191,210
WBGene00009728.,3,57,60
WBGene00009729.,12,70,82
WBGene00009730.,487,5616,6103
WBGene00009731.,50,943,993
WBGene00009732.,450,9995,10445
WBGene00009733.,6,388,394
WBGene00009734.,136,2676,2812
WBGene00009735.,31,331,362
WBGene00009736.,207,1705,1912
WBGene00009738.,92,239,331
WBGene00009739.,1651,8082,9733
WBGene00009740.,463,18799,19262
WBGene00009741.,23,194,217
WBGene00009742.,2,360,362
WBGene00009743.,11,116,127
WBGene00009744.,40,886,926
WBGene00009745.,11,789,800
WBGene00009746.,0,0,0
WBGene00009747.,0,5,5
WBGene00009748.,1,2,3
WBGene00009749.,0,1,1
WBGene00009750.,0,1,1
WBGene00009751.,1,7,8
WBGene00009752.,1,11,12
WBGene00009753.,1,6,7
WBGene00009754.,1,13,14
WBGene00009755.,1,1,2
WBGene00009756.,0,0,0
WBGene00009757.,2,10,12
WBGene00009758.,1,2,3
WBGene00009759.,0,0,0
WBGene00009760.,1,7,8
WBGene00009761.,0,1,1
WBGene00009762.,0,1,1
WBGene00009763.,1,0,1
WBGene00009764.,0,9,9
WBGene00009765.,1,1,2
WBGene00009766.,0,0,0
WBGene00009767.,0,1,1
WBGene00009768.,10,48,58
WBGene00009769.,23,678,701
WBGene00009770.,138,1499,1637
WBGene00009771.,106,2636,2742
WBGene00009772.,203,26068,26271
WBGene00009773.,11,480,491
WBGene00009774.,4,328,332
WBGene00009775.,0,4,4
WBGene00009776.,56,945,1001
WBGene00009777.,12,26,38
WBGene00009778.,0,61,61
WBGene00009779.,113,1556,1669
WBGene00009780.,22,191,213
WBGene00009781.,425,2773,3198
WBGene00009782.,29,229,258
WBGene00009783.,101,4594,4695
WBGene00009784.,72,2539,2611
WBGene00009785.,41,867,908
WBGene00009786.,0,4,4
WBGene00009787.,784,104453,105237
WBGene00009788.,1,4,5
WBGene00009789.,106,171,277
WBGene00009790.,22,278,300
WBGene00009791.,3,30,33
WBGene00009793.,34,3231,3265
WBGene00009796.,58,1066,1124
WBGene00009797.,406,3898,4304
WBGene00009798.,25,32,57
WBGene00009799.,65,663,728
WBGene00009800.,178,2263,2441
WBGene00009801.,78,758,836
WBGene00009802.,0,6,6
WBGene00009803.,73,1144,1217
WBGene00009804.,174,3788,3962
WBGene00009805.,0,2,2
WBGene00009806.,8,59,67
WBGene00009807.,4,39,43
WBGene00009808.,0,13,13
WBGene00009809.,19,451,470
WBGene00009810.,3,35,38
WBGene00009811.,0,5,5
WBGene00009812.,86,13197,13283
WBGene00009813.,105,2782,2887
WBGene00009814.,0,17,17
WBGene00009815.,0,19,19
WBGene00009816.,4,20,24
WBGene00009817.,0,7,7
WBGene00009818.,142,1157,1299
WBGene00009819.,89,626,715
WBGene00009820.,7,75,82
WBGene00009822.,59,58,117
WBGene00009823.,19,360,379
WBGene00009824.,6,269,275
WBGene00009825.,55,505,560
WBGene00009826.,2,44,46
WBGene00009827.,1,13,14
WBGene00009828.,9,3,12
WBGene00009829.,73,7516,7589
WBGene00009830.,2,41,43
WBGene00009831.,40,1266,1306
WBGene00009833.,0,8,8
WBGene00009834.,0,3,3
WBGene00009835.,8,5,13
WBGene00009836.,11,1,12
WBGene00009837.,0,0,0
WBGene00009838.,1,4,5
WBGene00009839.,4,26,30
WBGene00009840.,9,17,26
WBGene00009841.,0,1,1
WBGene00009842.,14,376,390
WBGene00009843.,37,673,710
WBGene00009844.,7,35,42
WBGene00009846.,61,139,200
WBGene00009848.,299,2367,2666
WBGene00009849.,13,20,33
WBGene00009850.,41,1264,1305
WBGene00009851.,30,2462,2492
WBGene00009852.,1,12,13
WBGene00009853.,0,2,2
WBGene00009854.,0,1,1
WBGene00009855.,0,3,3
WBGene00009856.,1,0,1
WBGene00009857.,0,3,3
WBGene00009858.,0,0,0
WBGene00009859.,0,1,1
WBGene00009860.,2,0,2
WBGene00009861.,0,3,3
WBGene00009862.,1,10,11
WBGene00009863.,0,2,2
WBGene00009864.,2,2,4
WBGene00009865.,51,706,757
WBGene00009866.,0,0,0
WBGene00009867.,6,14,20
WBGene00009868.,0,1,1
WBGene00009869.,0,3,3
WBGene00009871.,0,1,1
WBGene00009872.,1,3,4
WBGene00009873.,4,3,7
WBGene00009874.,2,1,3
WBGene00009875.,2,2,4
WBGene00009876.,15,90,105
WBGene00009877.,17,213,230
WBGene00009878.,11,1646,1657
WBGene00009879.,27,114,141
WBGene00009880.,326,5921,6247
WBGene00009881.,169,6567,6736
WBGene00009882.,59,7968,8027
WBGene00009883.,4,33,37
WBGene00009884.,0,11,11
WBGene00009885.,24,204,228
WBGene00009886.,35,486,521
WBGene00009887.,17,502,519
WBGene00009888.,4005,51974,55979
WBGene00009889.,47,118,165
WBGene00009890.,11,34,45
WBGene00009891.,2,15,17
WBGene00009892.,0,2,2
WBGene00009893.,2,0,2
WBGene00009894.,0,1,1
WBGene00009895.,24,394,418
WBGene00009896.,246,4845,5091
WBGene00009897.,8,35,43
WBGene00009898.,0,1,1
WBGene00009899.,119,1567,1686
WBGene00009900.,2,60,62
WBGene00009901.,34,379,413
WBGene00009902.,5,53,58
WBGene00009903.,5,30,35
WBGene00009904.,2,61,63
WBGene00009905.,2,0,2
WBGene00009906.,0,1,1
WBGene00009907.,0,0,0
WBGene00009908.,2,19,21
WBGene00009909.,0,1,1
WBGene00009910.,0,0,0
WBGene00009911.,1,1,2
WBGene00009912.,3,3,6
WBGene00009913.,0,0,0
WBGene00009914.,0,2,2
WBGene00009915.,48,9054,9102
WBGene00009916.,39,215,254
WBGene00009917.,142,1265,1407
WBGene00009918.,29,5079,5108
WBGene00009919.,120,2945,3065
WBGene00009920.,847,8347,9194
WBGene00009921.,11,283,294
WBGene00009922.,44,1287,1331
WBGene00009923.,24,315,339
WBGene00009924.,98,1588,1686
WBGene00009925.,8,3311,3319
WBGene00009926.,118,2238,2356
WBGene00009927.,75,393,468
WBGene00009929.,13,52,65
WBGene00009930.,14,686,700
WBGene00009931.,4,99,103
WBGene00009933.,4,17,21
WBGene00009935.,37,465,502
WBGene00009936.,0,0,0
WBGene00009937.,106,1266,1372
WBGene00009938.,1,5,6
WBGene00009939.,72,1060,1132
WBGene00009940.,258,8183,8441
WBGene00009941.,0,0,0
WBGene00009942.,4,74,78
WBGene00009943.,129,308,437
WBGene00009944.,50,1665,1715
WBGene00009945.,246,4431,4677
WBGene00009946.,11,190,201
WBGene00009947.,59,927,986
WBGene00009948.,0,59,59
WBGene00009949.,11,101,112
WBGene00009950.,9,3,12
WBGene00009951.,50,430,480
WBGene00009952.,662,16620,17282
WBGene00009953.,60,498,558
WBGene00009954.,0,0,0
WBGene00009955.,3,648,651
WBGene00009956.,0,4,4
WBGene00009957.,91,1590,1681
WBGene00009958.,110,1341,1451
WBGene00009959.,0,8,8
WBGene00009960.,0,1,1
WBGene00009961.,0,3,3
WBGene00009962.,15,12,27
WBGene00009963.,3,3,6
WBGene00009964.,1,12,13
WBGene00009965.,18,239,257
WBGene00009966.,53,3377,3430
WBGene00009967.,2,39,41
WBGene00009968.,333,4504,4837
WBGene00009969.,30,434,464
WBGene00009971.,40,109,149
WBGene00009972.,96,74,170
WBGene00009973.,884,17351,18235
WBGene00009974.,239,5052,5291
WBGene00009975.,1490,3319,4809
WBGene00009976.,81,1808,1889
WBGene00009977.,137,1178,1315
WBGene00009978.,1874,2924,4798
WBGene00009979.,55,5,60
WBGene00009980.,107,3276,3383
WBGene00009981.,31,396,427
WBGene00009982.,76,37765,37841
WBGene00009983.,0,626,626
WBGene00009984.,158,358,516
WBGene00009985.,15,414,429
WBGene00009986.,30,376,406
WBGene00009987.,108,2117,2225
WBGene00009988.,48,51,99
WBGene00009990.,2,5,7
WBGene00009991.,3,33,36
WBGene00009992.,807,23977,24784
WBGene00009993.,15,11769,11784
WBGene00009994.,18,874,892
WBGene00009995.,11907,111817,123724
WBGene00009996.,66,2128,2194
WBGene00009997.,1,5,6
WBGene00009998.,3,40,43
WBGene00009999.,2,13,15
WBGene00010000.,6,30,36
WBGene00010001.,15,2300,2315
WBGene00010002.,81,1061,1142
WBGene00010003.,98,237,335
WBGene00010004.,33,32,65
WBGene00010005.,3,5,8
WBGene00010006.,1219,825,2044
WBGene00010007.,1,2,3
WBGene00010008.,8,127,135
WBGene00010009.,22,227,249
WBGene00010010.,35,326,361
WBGene00010011.,16,125,141
WBGene00010012.,1110,7486,8596
WBGene00010013.,172,4475,4647
WBGene00010014.,2,23,25
WBGene00010015.,113,11760,11873
WBGene00010016.,0,0,0
WBGene00010017.,0,0,0
WBGene00010018.,1,46,47
WBGene00010019.,41,287,328
WBGene00010020.,0,0,0
WBGene00010021.,0,1,1
WBGene00010022.,0,0,0
WBGene00010023.,0,7,7
WBGene00010024.,0,0,0
WBGene00010025.,1,6,7
WBGene00010026.,0,0,0
WBGene00010027.,14,82,96
WBGene00010028.,37,1082,1119
WBGene00010030.,0,13,13
WBGene00010031.,4,723,727
WBGene00010032.,52,1325,1377
WBGene00010033.,62,1074,1136
WBGene00010034.,1,7,8
WBGene00010035.,7,25,32
WBGene00010036.,0,51,51
WBGene00010037.,385,8872,9257
WBGene00010038.,99,1742,1841
WBGene00010039.,81,331,412
WBGene00010040.,27,1269,1296
WBGene00010041.,0,279,279
WBGene00010042.,64,1585,1649
WBGene00010043.,35,370,405
WBGene00010044.,460,6968,7428
WBGene00010045.,354,1962,2316
WBGene00010046.,1,16,17
WBGene00010047.,35,573,608
WBGene00010048.,60,709,769
WBGene00010049.,78,730,808
WBGene00010050.,37,255,292
WBGene00010051.,93,1270,1363
WBGene00010052.,22,3638,3660
WBGene00010053.,0,5,5
WBGene00010054.,0,513,513
WBGene00010055.,1211,19273,20484
WBGene00010056.,11,2549,2560
WBGene00010057.,46,372,418
WBGene00010058.,5,8,13
WBGene00010059.,53,2149,2202
WBGene00010060.,5,84,89
WBGene00010061.,43,1383,1426
WBGene00010062.,13,128,141
WBGene00010063.,26,249,275
WBGene00010064.,2,258,260
WBGene00010065.,1,4,5
WBGene00010066.,0,3,3
WBGene00010067.,0,0,0
WBGene00010068.,3,56,59
WBGene00010069.,22,48,70
WBGene00010070.,157,1275,1432
WBGene00010071.,383,89,472
WBGene00010072.,33,119,152
WBGene00010073.,106,328,434
WBGene00010074.,64,242,306
WBGene00010075.,8,4590,4598
WBGene00010077.,87,406,493
WBGene00010079.,272,1032,1304
WBGene00010080.,26,770,796
WBGene00010081.,5,214,219
WBGene00010082.,3,303,306
WBGene00010083.,50,390,440
WBGene00010084.,0,4,4
WBGene00010085.,0,0,0
WBGene00010086.,393,315,708
WBGene00010087.,0,1,1
WBGene00010088.,14,132,146
WBGene00010089.,52,707,759
WBGene00010091.,0,1,1
WBGene00010092.,4,5,9
WBGene00010093.,14,1187,1201
WBGene00010094.,82,9106,9188
WBGene00010095.,8,74,82
WBGene00010096.,163,1428,1591
WBGene00010097.,102,4411,4513
WBGene00010098.,0,8,8
WBGene00010099.,0,1,1
WBGene00010100.,0,19,19
WBGene00010101.,0,1,1
WBGene00010102.,1,11,12
WBGene00010103.,5,0,5
WBGene00010104.,0,0,0
WBGene00010105.,0,4,4
WBGene00010106.,0,65,65
WBGene00010107.,0,6,6
WBGene00010108.,1,1,2
WBGene00010109.,37,1716,1753
WBGene00010110.,72,1137,1209
WBGene00010111.,99,966,1065
WBGene00010112.,1,3,4
WBGene00010113.,164,1136,1300
WBGene00010114.,1,1,2
WBGene00010115.,115,1023,1138
WBGene00010116.,44,110,154
WBGene00010117.,185,3555,3740
WBGene00010118.,10,28,38
WBGene00010119.,5,45,50
WBGene00010120.,5,11,16
WBGene00010121.,1,6,7
WBGene00010122.,1,27,28
WBGene00010123.,12,164,176
WBGene00010124.,6,49,55
WBGene00010125.,2,17,19
WBGene00010126.,0,0,0
WBGene00010127.,0,0,0
WBGene00010128.,5,60,65
WBGene00010129.,0,0,0
WBGene00010130.,69,7445,7514
WBGene00010131.,30,677,707
WBGene00010132.,192,888,1080
WBGene00010133.,1047,505,1552
WBGene00010134.,8,54,62
WBGene00010135.,1,1436,1437
WBGene00010136.,2,3,5
WBGene00010137.,157,312,469
WBGene00010138.,9,45,54
WBGene00010139.,232,6860,7092
WBGene00010140.,33,349,382
WBGene00010141.,58,645,703
WBGene00010142.,23,238,261
WBGene00010143.,9,79,88
WBGene00010144.,20,118,138
WBGene00010145.,16,1,17
WBGene00010146.,239,807,1046
WBGene00010147.,2,3,5
WBGene00010148.,10,130,140
WBGene00010149.,0,0,0
WBGene00010150.,121,184,305
WBGene00010152.,0,1,1
WBGene00010153.,0,10,10
WBGene00010155.,12,31,43
WBGene00010157.,0,1,1
WBGene00010158.,0,0,0
WBGene00010159.,401,1616,2017
WBGene00010160.,179,833,1012
WBGene00010161.,304,982,1286
WBGene00010162.,0,2,2
WBGene00010163.,85,308,393
WBGene00010165.,30,42,72
WBGene00010166.,5,9,14
WBGene00010167.,19,5,24
WBGene00010168.,6,28,34
WBGene00010169.,0,0,0
WBGene00010170.,1,1,2
WBGene00010171.,0,0,0
WBGene00010172.,1,1,2
WBGene00010173.,3,12,15
WBGene00010174.,427,7401,7828
WBGene00010175.,149,746,895
WBGene00010176.,8,36,44
WBGene00010177.,531,3977,4508
WBGene00010178.,119,2591,2710
WBGene00010179.,102,865,967
WBGene00010180.,2,3,5
WBGene00010181.,2,2,4
WBGene00010182.,1,10,11
WBGene00010183.,3,27,30
WBGene00010184.,2,12,14
WBGene00010185.,3,41,44
WBGene00010186.,2,30,32
WBGene00010187.,6,9,15
WBGene00010188.,7,277,284
WBGene00010189.,4,48,52
WBGene00010191.,44,2246,2290
WBGene00010192.,14,609,623
WBGene00010193.,2,302,304
WBGene00010194.,1,53,54
WBGene00010195.,14,179,193
WBGene00010196.,5,13,18
WBGene00010197.,46,1756,1802
WBGene00010198.,71,472,543
WBGene00010199.,116,3694,3810
WBGene00010200.,68,110,178
WBGene00010202.,7,326,333
WBGene00010203.,0,12,12
WBGene00010204.,3,3239,3242
WBGene00010205.,7,136,143
WBGene00010206.,0,1,1
WBGene00010209.,0,5,5
WBGene00010212.,183,23,206
WBGene00010214.,34,243,277
WBGene00010215.,3,13,16
WBGene00010216.,1,2,3
WBGene00010217.,0,5,5
WBGene00010218.,0,7,7
WBGene00010219.,0,0,0
WBGene00010220.,2,2,4
WBGene00010221.,95,7079,7174
WBGene00010222.,37,131,168
WBGene00010223.,8,69,77
WBGene00010224.,60,310,370
WBGene00010225.,113,2313,2426
WBGene00010226.,0,15,15
WBGene00010227.,51,652,703
WBGene00010228.,20,16,36
WBGene00010229.,108,914,1022
WBGene00010230.,133,5031,5164
WBGene00010231.,303,6017,6320
WBGene00010232.,133,5790,5923
WBGene00010233.,52,679,731
WBGene00010234.,3,1541,1544
WBGene00010235.,37,486,523
WBGene00010236.,34,1194,1228
WBGene00010237.,8,15,23
WBGene00010238.,19,465,484
WBGene00010239.,27,475,502
WBGene00010240.,6,9,15
WBGene00010241.,6,51,57
WBGene00010242.,38,513,551
WBGene00010243.,15,59,74
WBGene00010244.,472,7394,7866
WBGene00010245.,0,3,3
WBGene00010246.,3,38,41
WBGene00010247.,0,0,0
WBGene00010248.,44,175,219
WBGene00010249.,3,1,4
WBGene00010250.,27,59,86
WBGene00010251.,289,920,1209
WBGene00010253.,6,63,69
WBGene00010254.,0,7,7
WBGene00010255.,0,0,0
WBGene00010256.,6,69,75
WBGene00010257.,0,11,11
WBGene00010258.,48,458,506
WBGene00010259.,1032,3149,4181
WBGene00010260.,213,20412,20625
WBGene00010261.,1,7,8
WBGene00010262.,54,1847,1901
WBGene00010263.,2,203,205
WBGene00010264.,72,327,399
WBGene00010265.,1,3,4
WBGene00010266.,168,2788,2956
WBGene00010267.,7,69,76
WBGene00010268.,21,799,820
WBGene00010269.,29,2342,2371
WBGene00010270.,0,1,1
WBGene00010271.,0,2,2
WBGene00010272.,314,2627,2941
WBGene00010273.,1,18,19
WBGene00010274.,12,137,149
WBGene00010275.,69,256,325
WBGene00010276.,0,0,0
WBGene00010277.,1,63,64
WBGene00010278.,0,28,28
WBGene00010279.,100,4301,4401
WBGene00010280.,123,2995,3118
WBGene00010281.,6,376,382
WBGene00010282.,23,32,55
WBGene00010283.,30,477,507
WBGene00010284.,171,3664,3835
WBGene00010285.,3,82,85
WBGene00010286.,30,746,776
WBGene00010288.,62,823,885
WBGene00010289.,1,5,6
WBGene00010290.,36,2269,2305
WBGene00010291.,73,578,651
WBGene00010292.,0,0,0
WBGene00010293.,9,192,201
WBGene00010294.,7,103,110
WBGene00010295.,30,188,218
WBGene00010296.,0,348,348
WBGene00010297.,3,15,18
WBGene00010298.,0,3,3
WBGene00010299.,2,1,3
WBGene00010300.,0,1,1
WBGene00010301.,0,0,0
WBGene00010303.,376,45544,45920
WBGene00010304.,140,963,1103
WBGene00010305.,136,2097,2233
WBGene00010306.,1021,4506,5527
WBGene00010307.,3,431,434
WBGene00010308.,44,431,475
WBGene00010309.,24,274,298
WBGene00010310.,8,293,301
WBGene00010311.,1,109,110
WBGene00010313.,26,96,122
WBGene00010314.,0,2,2
WBGene00010315.,48,349,397
WBGene00010316.,118,523,641
WBGene00010317.,361,23491,23852
WBGene00010318.,24,235,259
WBGene00010319.,46,464,510
WBGene00010320.,127,1128,1255
WBGene00010321.,37,975,1012
WBGene00010322.,27,13,40
WBGene00010323.,1,5,6
WBGene00010324.,0,1,1
WBGene00010325.,14,1756,1770
WBGene00010326.,1108,11151,12259
WBGene00010327.,264,529,793
WBGene00010328.,16,244,260
WBGene00010329.,43,539,582
WBGene00010330.,243657,53,243710
WBGene00010331.,85,432,517
WBGene00010332.,11,395,406
WBGene00010333.,285,6299,6584
WBGene00010334.,16,112,128
WBGene00010335.,235,966,1201
WBGene00010336.,25,106,131
WBGene00010337.,1293,12103,13396
WBGene00010338.,83,992,1075
WBGene00010339.,20,1013,1033
WBGene00010340.,17,109,126
WBGene00010341.,14,91,105
WBGene00010342.,28,65,93
WBGene00010343.,0,1,1
WBGene00010344.,19,158,177
WBGene00010345.,35,96,131
WBGene00010348.,10,395,405
WBGene00010349.,33,200,233
WBGene00010350.,318,960,1278
WBGene00010351.,5,309,314
WBGene00010352.,5,10,15
WBGene00010353.,0,92,92
WBGene00010354.,21,119,140
WBGene00010355.,0,2,2
WBGene00010356.,51,1031,1082
WBGene00010357.,47,686,733
WBGene00010358.,0,4,4
WBGene00010359.,1,1,2
WBGene00010360.,0,8,8
WBGene00010361.,4,15,19
WBGene00010362.,2,294,296
WBGene00010363.,15,189,204
WBGene00010364.,1,42,43
WBGene00010365.,4,3,7
WBGene00010366.,7,2,9
WBGene00010367.,32,345,377
WBGene00010368.,5,7,12
WBGene00010369.,181,4792,4973
WBGene00010370.,664,5578,6242
WBGene00010371.,0,35,35
WBGene00010372.,12,27,39
WBGene00010373.,6,27,33
WBGene00010374.,369,1845,2214
WBGene00010375.,14,343,357
WBGene00010376.,0,1,1
WBGene00010377.,0,0,0
WBGene00010378.,0,38,38
WBGene00010379.,0,0,0
WBGene00010380.,0,2,2
WBGene00010381.,2,0,2
WBGene00010382.,0,35,35
WBGene00010383.,43,614,657
WBGene00010385.,313,653,966
WBGene00010386.,211,233,444
WBGene00010387.,1,8,9
WBGene00010388.,5,5,10
WBGene00010389.,11,3,14
WBGene00010390.,0,8,8
WBGene00010391.,2,4,6
WBGene00010392.,4,0,4
WBGene00010394.,8,2,10
WBGene00010395.,0,0,0
WBGene00010396.,30,260,290
WBGene00010397.,12,611,623
WBGene00010399.,0,0,0
WBGene00010400.,0,0,0
WBGene00010401.,0,2,2
WBGene00010402.,5,29,34
WBGene00010403.,3,3,6
WBGene00010404.,0,0,0
WBGene00010405.,181,7394,7575
WBGene00010406.,61,4245,4306
WBGene00010407.,79,2026,2105
WBGene00010408.,100,2170,2270
WBGene00010409.,65,775,840
WBGene00010410.,0,0,0
WBGene00010411.,0,2,2
WBGene00010412.,0,0,0
WBGene00010413.,1,1,2
WBGene00010414.,1,1,2
WBGene00010415.,1,2,3
WBGene00010416.,269,2970,3239
WBGene00010417.,0,0,0
WBGene00010418.,19,780,799
WBGene00010419.,3472,158049,161521
WBGene00010420.,118,1082,1200
WBGene00010421.,29,213,242
WBGene00010422.,31,502,533
WBGene00010423.,44,83,127
WBGene00010424.,4,64,68
WBGene00010425.,224,12680,12904
WBGene00010426.,3,18,21
WBGene00010427.,687,1250,1937
WBGene00010428.,158,2429,2587
WBGene00010430.,0,0,0
WBGene00010431.,0,0,0
WBGene00010432.,4,15,19
WBGene00010433.,104,1391,1495
WBGene00010434.,58,85,143
WBGene00010435.,372,5883,6255
WBGene00010436.,0,354,354
WBGene00010437.,117,1126,1243
WBGene00010439.,39,893,932
WBGene00010440.,1254,22104,23358
WBGene00010442.,74,619,693
WBGene00010444.,355,1874,2229
WBGene00010446.,2,72,74
WBGene00010447.,5,13,18
WBGene00010448.,35,136,171
WBGene00010449.,42,501,543
WBGene00010450.,152,1803,1955
WBGene00010451.,29,10,39
WBGene00010453.,24,184,208
WBGene00010454.,23,237,260
WBGene00010455.,18,142,160
WBGene00010456.,59,1223,1282
WBGene00010457.,6,82,88
WBGene00010458.,22,2585,2607
WBGene00010459.,3,1119,1122
WBGene00010460.,5,18,23
WBGene00010461.,1,10,11
WBGene00010463.,6,0,6
WBGene00010464.,0,5,5
WBGene00010465.,82,1378,1460
WBGene00010466.,0,6,6
WBGene00010467.,0,4,4
WBGene00010468.,1,43,44
WBGene00010469.,1,11,12
WBGene00010470.,139,980,1119
WBGene00010471.,297,5007,5304
WBGene00010472.,4,1584,1588
WBGene00010473.,43,243,286
WBGene00010474.,0,4,4
WBGene00010475.,578,811,1389
WBGene00010476.,55,2004,2059
WBGene00010477.,4,214,218
WBGene00010478.,129,33457,33586
WBGene00010479.,146,1611,1757
WBGene00010480.,966,5403,6369
WBGene00010481.,18,974,992
WBGene00010483.,1,7,8
WBGene00010484.,79,1518,1597
WBGene00010485.,0,37,37
WBGene00010486.,1,4,5
WBGene00010487.,10,14,24
WBGene00010488.,700,6324,7024
WBGene00010491.,3,1411,1414
WBGene00010492.,0,3,3
WBGene00010493.,1,3,4
WBGene00010494.,0,3,3
WBGene00010495.,1,10,11
WBGene00010496.,104,1478,1582
WBGene00010497.,49,327,376
WBGene00010498.,63,684,747
WBGene00010499.,1,8,9
WBGene00010500.,230,3256,3486
WBGene00010501.,13,199,212
WBGene00010502.,54,1484,1538
WBGene00010503.,39,301,340
WBGene00010504.,8,206,214
WBGene00010505.,52,228,280
WBGene00010506.,6,45,51
WBGene00010507.,153,4130,4283
WBGene00010508.,12,4,16
WBGene00010509.,0,2,2
WBGene00010510.,2,0,2
WBGene00010511.,0,0,0
WBGene00010512.,221,3949,4170
WBGene00010513.,344,3415,3759
WBGene00010514.,339,4274,4613
WBGene00010515.,210,4065,4275
WBGene00010516.,42,630,672
WBGene00010517.,0,0,0
WBGene00010518.,0,0,0
WBGene00010519.,1,16,17
WBGene00010520.,35,264,299
WBGene00010521.,13,83,96
WBGene00010522.,18,274,292
WBGene00010523.,0,0,0
WBGene00010524.,5,417,422
WBGene00010525.,20,278,298
WBGene00010526.,0,0,0
WBGene00010527.,0,1,1
WBGene00010528.,0,3,3
WBGene00010529.,0,1,1
WBGene00010530.,0,0,0
WBGene00010531.,0,0,0
WBGene00010534.,1,1,2
WBGene00010535.,0,0,0
WBGene00010536.,1,0,1
WBGene00010537.,223,593,816
WBGene00010538.,5,23,28
WBGene00010539.,258,3642,3900
WBGene00010540.,21,131,152
WBGene00010541.,365,4026,4391
WBGene00010542.,4,773,777
WBGene00010543.,0,4,4
WBGene00010544.,2,1,3
WBGene00010545.,0,38,38
WBGene00010546.,2,150,152
WBGene00010547.,0,1,1
WBGene00010550.,108,1339,1447
WBGene00010551.,103,1198,1301
WBGene00010552.,25,540,565
WBGene00010553.,18,363,381
WBGene00010554.,2,38,40
WBGene00010555.,0,1,1
WBGene00010556.,2267,356034,358301
WBGene00010557.,21,1652,1673
WBGene00010558.,45,176,221
WBGene00010559.,2,76,78
WBGene00010560.,375,15459,15834
WBGene00010562.,60,1568,1628
WBGene00010563.,19,36,55
WBGene00010564.,170,2890,3060
WBGene00010565.,7,418,425
WBGene00010566.,31,145,176
WBGene00010567.,76,1205,1281
WBGene00010568.,0,40,40
WBGene00010569.,35,429,464
WBGene00010570.,0,3,3
WBGene00010571.,3,30,33
WBGene00010572.,22,322,344
WBGene00010573.,12,192,204
WBGene00010574.,0,39,39
WBGene00010575.,17,532,549
WBGene00010576.,0,1,1
WBGene00010577.,0,0,0
WBGene00010578.,2,2,4
WBGene00010579.,31,6829,6860
WBGene00010580.,23,35,58
WBGene00010581.,1,64,65
WBGene00010582.,216,3060,3276
WBGene00010583.,1,1751,1752
WBGene00010584.,0,17,17
WBGene00010585.,213,564,777
WBGene00010586.,4,4,8
WBGene00010587.,167,187,354
WBGene00010588.,0,0,0
WBGene00010589.,0,43,43
WBGene00010590.,0,0,0
WBGene00010591.,3,6,9
WBGene00010592.,10,153,163
WBGene00010593.,917,14764,15681
WBGene00010594.,41,286,327
WBGene00010595.,125,1197,1322
WBGene00010596.,0,4,4
WBGene00010597.,139,164,303
WBGene00010598.,0,0,0
WBGene00010599.,7,9,16
WBGene00010600.,0,0,0
WBGene00010601.,1,3,4
WBGene00010602.,0,6,6
WBGene00010603.,6,20,26
WBGene00010604.,0,57,57
WBGene00010605.,97,873,970
WBGene00010606.,2,28,30
WBGene00010607.,10,16,26
WBGene00010608.,64,484,548
WBGene00010609.,308,2940,3248
WBGene00010610.,221,2244,2465
WBGene00010611.,0,1,1
WBGene00010612.,0,3,3
WBGene00010613.,0,4,4
WBGene00010614.,3,13,16
WBGene00010615.,113,1629,1742
WBGene00010616.,174,8638,8812
WBGene00010617.,12,135,147
WBGene00010618.,0,2,2
WBGene00010619.,177,1232,1409
WBGene00010620.,154,2338,2492
WBGene00010621.,3,303,306
WBGene00010622.,47,910,957
WBGene00010623.,24,129,153
WBGene00010624.,293,4869,5162
WBGene00010625.,96,1857,1953
WBGene00010626.,475,3139,3614
WBGene00010627.,1700,32421,34121
WBGene00010628.,22,193,215
WBGene00010629.,137,3818,3955
WBGene00010630.,18,176,194
WBGene00010631.,276,3272,3548
WBGene00010632.,108,782,890
WBGene00010633.,0,0,0
WBGene00010634.,0,2,2
WBGene00010635.,0,5,5
WBGene00010636.,11,78,89
WBGene00010637.,23,231,254
WBGene00010638.,254,2946,3200
WBGene00010639.,268,5700,5968
WBGene00010640.,1,506,507
WBGene00010641.,58,1650,1708
WBGene00010642.,60,509,569
WBGene00010643.,14,158,172
WBGene00010644.,8,48,56
WBGene00010645.,148,2944,3092
WBGene00010646.,23,82,105
WBGene00010647.,9,1254,1263
WBGene00010648.,221,2381,2602
WBGene00010649.,277,2364,2641
WBGene00010650.,1,1,2
WBGene00010651.,1,2,3
WBGene00010652.,1,11,12
WBGene00010653.,0,0,0
WBGene00010654.,4,27,31
WBGene00010655.,2,5,7
WBGene00010656.,0,2,2
WBGene00010657.,3,117,120
WBGene00010658.,21,353,374
WBGene00010659.,4,79,83
WBGene00010660.,38,313,351
WBGene00010661.,3,269,272
WBGene00010662.,4,24,28
WBGene00010663.,78,322,400
WBGene00010664.,69,1710,1779
WBGene00010665.,420,6946,7366
WBGene00010666.,3,367,370
WBGene00010667.,70,719,789
WBGene00010669.,18,47,65
WBGene00010670.,29,4675,4704
WBGene00010671.,24,1113,1137
WBGene00010672.,0,2,2
WBGene00010673.,3,22,25
WBGene00010674.,18,543,561
WBGene00010675.,261,2620,2881
WBGene00010676.,84,1664,1748
WBGene00010677.,168,14277,14445
WBGene00010678.,27,557,584
WBGene00010679.,6,31,37
WBGene00010680.,2,20,22
WBGene00010681.,696,22087,22783
WBGene00010682.,9,172,181
WBGene00010683.,0,94,94
WBGene00010684.,14,2,16
WBGene00010685.,129,2118,2247
WBGene00010686.,6,129,135
WBGene00010687.,50,1590,1640
WBGene00010688.,0,3,3
WBGene00010689.,0,7,7
WBGene00010690.,0,4,4
WBGene00010691.,1,39,40
WBGene00010692.,1,2,3
WBGene00010693.,27,98,125
WBGene00010694.,6,8,14
WBGene00010697.,89,1811,1900
WBGene00010698.,5,4,9
WBGene00010699.,292,2789,3081
WBGene00010700.,221,2594,2815
WBGene00010701.,169,4468,4637
WBGene00010702.,78,461,539
WBGene00010703.,1236,10566,11802
WBGene00010704.,15,543,558
WBGene00010705.,11,85,96
WBGene00010706.,2,17,19
WBGene00010707.,2,2,4
WBGene00010708.,13,102,115
WBGene00010709.,104,537,641
WBGene00010711.,0,292,292
WBGene00010712.,2,4,6
WBGene00010713.,325,1397,1722
WBGene00010714.,32,40,72
WBGene00010715.,0,0,0
WBGene00010716.,18,174,192
WBGene00010717.,3,37,40
WBGene00010718.,1,17,18
WBGene00010719.,3,6,9
WBGene00010720.,46,1221,1267
WBGene00010721.,69,1466,1535
WBGene00010722.,54,338,392
WBGene00010723.,7,310,317
WBGene00010724.,147,753,900
WBGene00010725.,77,993,1070
WBGene00010726.,11,1558,1569
WBGene00010727.,113,4304,4417
WBGene00010728.,0,6,6
WBGene00010730.,27,3044,3071
WBGene00010731.,376,3041,3417
WBGene00010732.,331,2405,2736
WBGene00010733.,0,0,0
WBGene00010734.,23,257,280
WBGene00010735.,42,148,190
WBGene00010736.,278,3416,3694
WBGene00010737.,11,279,290
WBGene00010738.,30,1252,1282
WBGene00010740.,0,941,941
WBGene00010741.,0,149,149
WBGene00010742.,59,4497,4556
WBGene00010743.,5,23,28
WBGene00010744.,107,1074,1181
WBGene00010745.,2,78,80
WBGene00010746.,3,0,3
WBGene00010747.,9,23,32
WBGene00010748.,1,1,2
WBGene00010749.,8,89,97
WBGene00010750.,6,25,31
WBGene00010752.,2,34,36
WBGene00010753.,0,3,3
WBGene00010754.,1,1,2
WBGene00010755.,8,186,194
WBGene00010756.,65,709,774
WBGene00010757.,12,440,452
WBGene00010758.,68,758,826
WBGene00010759.,99,1223,1322
WBGene00010760.,1,6,7
WBGene00010761.,5,7,12
WBGene00010762.,3,13,16
WBGene00010763.,0,0,0
WBGene00010764.,1,1,2
WBGene00010765.,7,48,55
WBGene00010766.,79,3164,3243
WBGene00010767.,8,414,422
WBGene00010768.,32,59,91
WBGene00010769.,34,703,737
WBGene00010770.,96,247,343
WBGene00010771.,38,713,751
WBGene00010772.,1602,3151,4753
WBGene00010773.,149,2630,2779
WBGene00010774.,6,75,81
WBGene00010775.,15,23,38
WBGene00010776.,119,840,959
WBGene00010777.,0,0,0
WBGene00010778.,289,6772,7061
WBGene00010779.,1,6,7
WBGene00010780.,51,2010,2061
WBGene00010781.,8,106,114
WBGene00010782.,7,81,88
WBGene00010783.,188,2411,2599
WBGene00010784.,72,307,379
WBGene00010785.,88,5443,5531
WBGene00010786.,17,19,36
WBGene00010787.,5,128,133
WBGene00010788.,33,105,138
WBGene00010789.,38,46,84
WBGene00010790.,338,47816,48154
WBGene00010791.,4,173,177
WBGene00010792.,49,186,235
WBGene00010793.,113,1020,1133
WBGene00010794.,532,16512,17044
WBGene00010795.,19,299,318
WBGene00010796.,352,3555,3907
WBGene00010797.,0,2,2
WBGene00010798.,0,0,0
WBGene00010799.,11,87,98
WBGene00010800.,1,1,2
WBGene00010801.,0,1,1
WBGene00010802.,1,1,2
WBGene00010803.,20,636,656
WBGene00010804.,1,4,5
WBGene00010805.,21,425,446
WBGene00010806.,189,2509,2698
WBGene00010807.,17,1076,1093
WBGene00010808.,0,3,3
WBGene00010809.,39,6018,6057
WBGene00010810.,167,1646,1813
WBGene00010811.,41,1007,1048
WBGene00010812.,434,8660,9094
WBGene00010813.,230,711,941
WBGene00010814.,53,363,416
WBGene00010815.,104,581,685
WBGene00010817.,0,0,0
WBGene00010818.,3,4,7
WBGene00010819.,1,4,5
WBGene00010820.,0,0,0
WBGene00010821.,0,1,1
WBGene00010822.,2,50,52
WBGene00010823.,1,4,5
WBGene00010824.,0,1,1
WBGene00010825.,1,6,7
WBGene00010827.,56,1111,1167
WBGene00010828.,760,3130,3890
WBGene00010829.,2,5,7
WBGene00010830.,8,27,35
WBGene00010831.,6,21,27
WBGene00010832.,0,10,10
WBGene00010833.,67,808,875
WBGene00010834.,25,2443,2468
WBGene00010835.,14,191,205
WBGene00010836.,12,150,162
WBGene00010837.,55,1889,1944
WBGene00010838.,127,906,1033
WBGene00010839.,64,483,547
WBGene00010840.,536,2040,2576
WBGene00010842.,382,3139,3521
WBGene00010843.,25,150,175
WBGene00010844.,155,2735,2890
WBGene00010845.,267,4983,5250
WBGene00010846.,34,229,263
WBGene00010847.,98,1719,1817
WBGene00010848.,5,255,260
WBGene00010849.,193,261,454
WBGene00010850.,45,172,217
WBGene00010851.,0,35,35
WBGene00010854.,0,9,9
WBGene00010855.,49,5,54
WBGene00010856.,535,2256,2791
WBGene00010857.,20,67,87
WBGene00010858.,27,435,462
WBGene00010859.,9,57,66
WBGene00010862.,0,6,6
WBGene00010863.,8,15,23
WBGene00010864.,28,285,313
WBGene00010865.,17,115,132
WBGene00010866.,0,1,1
WBGene00010867.,108,1329,1437
WBGene00010868.,150,8002,8152
WBGene00010869.,0,13,13
WBGene00010870.,41,350,391
WBGene00010871.,17,130,147
WBGene00010872.,58,4954,5012
WBGene00010873.,32,401,433
WBGene00010874.,41,292,333
WBGene00010875.,67,1389,1456
WBGene00010876.,23,25,48
WBGene00010877.,185,1942,2127
WBGene00010878.,100,3750,3850
WBGene00010879.,194,11177,11371
WBGene00010880.,91,117,208
WBGene00010881.,45,268,313
WBGene00010882.,56,1715,1771
WBGene00010883.,3,10,13
WBGene00010884.,63,359,422
WBGene00010885.,1,0,1
WBGene00010886.,1,1,2
WBGene00010887.,347,3744,4091
WBGene00010888.,1487,14722,16209
WBGene00010889.,10,345,355
WBGene00010890.,156,2630,2786
WBGene00010891.,5,1000,1005
WBGene00010892.,12,653,665
WBGene00010893.,18,310,328
WBGene00010894.,4,2,6
WBGene00010895.,0,1,1
WBGene00010896.,592,71388,71980
WBGene00010897.,238,754,992
WBGene00010898.,82,545,627
WBGene00010899.,19,111,130
WBGene00010900.,1,1,2
WBGene00010901.,1,44,45
WBGene00010902.,108,942,1050
WBGene00010904.,12,275,287
WBGene00010905.,171,5443,5614
WBGene00010906.,1,10,11
WBGene00010907.,10,204,214
WBGene00010908.,181,3710,3891
WBGene00010909.,226,3858,4084
WBGene00010910.,202,582,784
WBGene00010911.,163,1688,1851
WBGene00010912.,162,4202,4364
WBGene00010913.,78,1682,1760
WBGene00010915.,0,2,2
WBGene00010916.,4,44,48
WBGene00010917.,4,52,56
WBGene00010918.,265,1484,1749
WBGene00010919.,142,72,214
WBGene00010920.,4,11,15
WBGene00010921.,3,34,37
WBGene00010922.,2,1344,1346
WBGene00010923.,248,1002,1250
WBGene00010924.,63,22,85
WBGene00010925.,6,6,12
WBGene00010926.,0,1,1
WBGene00010927.,0,0,0
WBGene00010928.,0,21,21
WBGene00010929.,0,6,6
WBGene00010930.,0,0,0
WBGene00010931.,8,109,117
WBGene00010932.,0,4,4
WBGene00010933.,0,2,2
WBGene00010934.,2,33,35
WBGene00010935.,0,577,577
WBGene00010936.,57,595,652
WBGene00010937.,2,16,18
WBGene00010938.,7,11,18
WBGene00010939.,2,14,16
WBGene00010940.,2,530,532
WBGene00010941.,87,1144,1231
WBGene00010942.,653,12144,12797
WBGene00010943.,15,394,409
WBGene00010944.,38,1357,1395
WBGene00010945.,2,99,101
WBGene00010946.,10,3,13
WBGene00010947.,0,417,417
WBGene00010948.,3,27,30
WBGene00010949.,1,3,4
WBGene00010950.,2,3,5
WBGene00010951.,83,506,589
WBGene00010952.,0,0,0
WBGene00010953.,0,1,1
WBGene00010954.,0,0,0
WBGene00010955.,1,0,1
WBGene00010956.,0,2,2
WBGene00010957.,0,839008,839008
WBGene00010958.,0,92302,92302
WBGene00010959.,0,180590,180590
WBGene00010960.,0,842623,842623
WBGene00010961.,0,52846,52846
WBGene00010962.,0,646483,646483
WBGene00010963.,0,77041,77041
WBGene00010964.,0,318361,318361
WBGene00010965.,0,590915,590915
WBGene00010966.,0,14546,14546
WBGene00010967.,0,71504,71504
WBGene00010968.,8,92,100
WBGene00010969.,1,9,10
WBGene00010970.,176,1281,1457
WBGene00010971.,13,156,169
WBGene00010972.,10,273,283
WBGene00010973.,16,70,86
WBGene00010974.,68,397,465
WBGene00010975.,96,791,887
WBGene00010976.,4,660,664
WBGene00010977.,31,341,372
WBGene00010978.,1,23,24
WBGene00010979.,17,70,87
WBGene00010980.,1,7,8
WBGene00010981.,68,971,1039
WBGene00010982.,128,1955,2083
WBGene00010983.,29,60,89
WBGene00010984.,26,2372,2398
WBGene00010985.,23,118,141
WBGene00010986.,18,221,239
WBGene00010987.,6,20,26
WBGene00010988.,68,1554,1622
WBGene00010989.,2,94,96
WBGene00010990.,314,2215,2529
WBGene00010991.,10,28,38
WBGene00010992.,0,3,3
WBGene00010993.,43,4581,4624
WBGene00010994.,201,2798,2999
WBGene00010995.,1,0,1
WBGene00010996.,0,2,2
WBGene00010998.,1,13,14
WBGene00010999.,11,10,21
WBGene00011000.,8,27,35
WBGene00011001.,4,11,15
WBGene00011002.,43,241,284
WBGene00011003.,169,1336,1505
WBGene00011004.,276,1613,1889
WBGene00011005.,2,4,6
WBGene00011006.,3,80,83
WBGene00011007.,1,1,2
WBGene00011008.,1,0,1
WBGene00011009.,0,18,18
WBGene00011010.,0,0,0
WBGene00011011.,0,1,1
WBGene00011012.,0,0,0
WBGene00011013.,1,29,30
WBGene00011014.,33,194,227
WBGene00011015.,5185,88566,93751
WBGene00011016.,22,1834,1856
WBGene00011017.,8,3210,3218
WBGene00011018.,192,5301,5493
WBGene00011019.,505,10573,11078
WBGene00011020.,130,2811,2941
WBGene00011021.,171,1991,2162
WBGene00011022.,1,0,1
WBGene00011023.,0,7,7
WBGene00011024.,0,1,1
WBGene00011025.,0,1,1
WBGene00011026.,1500,6988,8488
WBGene00011027.,68,126,194
WBGene00011028.,1035,1398,2433
WBGene00011029.,280,2257,2537
WBGene00011030.,67,270,337
WBGene00011032.,104,3012,3116
WBGene00011033.,33,1366,1399
WBGene00011034.,44,1326,1370
WBGene00011035.,198,2296,2494
WBGene00011036.,47,876,923
WBGene00011037.,36,850,886
WBGene00011038.,352,10964,11316
WBGene00011039.,11,196,207
WBGene00011040.,28,497,525
WBGene00011041.,0,1,1
WBGene00011042.,1,118,119
WBGene00011043.,516,3498,4014
WBGene00011044.,124,265,389
WBGene00011045.,244,1441,1685
WBGene00011046.,2,12,14
WBGene00011047.,21,695,716
WBGene00011049.,3,16,19
WBGene00011050.,198,2026,2224
WBGene00011051.,50,2495,2545
WBGene00011052.,6,4,10
WBGene00011053.,4,3,7
WBGene00011054.,53,1044,1097
WBGene00011055.,109,2044,2153
WBGene00011056.,2,2,4
WBGene00011058.,358,1195,1553
WBGene00011059.,6405,120910,127315
WBGene00011060.,97,1289,1386
WBGene00011061.,41,1285,1326
WBGene00011062.,3,102,105
WBGene00011063.,10,133,143
WBGene00011064.,164,2518,2682
WBGene00011065.,11,182,193
WBGene00011066.,33,337,370
WBGene00011067.,76,1020,1096
WBGene00011068.,33,843,876
WBGene00011069.,11,131,142
WBGene00011070.,118,4191,4309
WBGene00011071.,107,1248,1355
WBGene00011072.,1406,16422,17828
WBGene00011073.,2,129,131
WBGene00011074.,15,98,113
WBGene00011075.,18,33,51
WBGene00011076.,6,72,78
WBGene00011077.,2,24,26
WBGene00011078.,1,9,10
WBGene00011079.,0,0,0
WBGene00011081.,3,47,50
WBGene00011082.,8,98,106
WBGene00011083.,14,47,61
WBGene00011084.,1,0,1
WBGene00011087.,34,400,434
WBGene00011088.,3,124,127
WBGene00011089.,6,636,642
WBGene00011090.,36,255,291
WBGene00011092.,50,375,425
WBGene00011093.,43,319,362
WBGene00011094.,10,141,151
WBGene00011095.,30,1995,2025
WBGene00011096.,2,9,11
WBGene00011097.,76,510,586
WBGene00011098.,9,92,101
WBGene00011099.,18,188,206
WBGene00011100.,52,266,318
WBGene00011101.,70,111,181
WBGene00011102.,21,1055,1076
WBGene00011103.,2,248,250
WBGene00011104.,13,10,23
WBGene00011105.,151,1151,1302
WBGene00011106.,76,2063,2139
WBGene00011107.,12,221,233
WBGene00011108.,90,556,646
WBGene00011109.,60,1767,1827
WBGene00011110.,779,7297,8076
WBGene00011111.,66,3842,3908
WBGene00011112.,10,827,837
WBGene00011113.,14,24,38
WBGene00011114.,8,33,41
WBGene00011115.,64,2007,2071
WBGene00011116.,96,4097,4193
WBGene00011117.,12,265,277
WBGene00011119.,1215,15048,16263
WBGene00011120.,0,14,14
WBGene00011121.,34,337,371
WBGene00011122.,419,3909,4328
WBGene00011123.,258,1081,1339
WBGene00011124.,9,301,310
WBGene00011127.,0,9,9
WBGene00011128.,60,8182,8242
WBGene00011129.,0,24,24
WBGene00011130.,663,1,664
WBGene00011131.,123,353,476
WBGene00011132.,0,1,1
WBGene00011133.,2,9,11
WBGene00011134.,0,0,0
WBGene00011135.,0,1,1
WBGene00011136.,3,36,39
WBGene00011137.,1,215,216
WBGene00011139.,82,1303,1385
WBGene00011140.,7,73,80
WBGene00011141.,44,508,552
WBGene00011142.,112,1997,2109
WBGene00011143.,87,1167,1254
WBGene00011144.,16,3216,3232
WBGene00011145.,33,805,838
WBGene00011146.,281,1820,2101
WBGene00011147.,25,145,170
WBGene00011149.,4,5,9
WBGene00011150.,1,2,3
WBGene00011151.,1,2,3
WBGene00011152.,1,0,1
WBGene00011153.,4,2,6
WBGene00011154.,55,1289,1344
WBGene00011155.,764,13003,13767
WBGene00011156.,9504,169279,178783
WBGene00011157.,0,1,1
WBGene00011158.,0,10,10
WBGene00011159.,0,0,0
WBGene00011160.,0,1,1
WBGene00011161.,0,8,8
WBGene00011162.,0,0,0
WBGene00011163.,0,2,2
WBGene00011164.,0,0,0
WBGene00011165.,0,2,2
WBGene00011166.,1,5,6
WBGene00011167.,1,12,13
WBGene00011168.,0,7,7
WBGene00011169.,0,0,0
WBGene00011170.,0,1,1
WBGene00011171.,32,230,262
WBGene00011172.,0,26,26
WBGene00011173.,1,1,2
WBGene00011174.,2,0,2
WBGene00011175.,2,14,16
WBGene00011176.,0,8,8
WBGene00011177.,0,1,1
WBGene00011178.,0,1,1
WBGene00011179.,37,507,544
WBGene00011180.,11,77,88
WBGene00011181.,11,688,699
WBGene00011182.,67,383,450
WBGene00011183.,4,7,11
WBGene00011184.,1,19,20
WBGene00011185.,2,150,152
WBGene00011186.,0,4,4
WBGene00011187.,0,33,33
WBGene00011188.,13,196,209
WBGene00011189.,25,216,241
WBGene00011190.,23,106,129
WBGene00011191.,0,22,22
WBGene00011192.,9,9,18
WBGene00011193.,33,1502,1535
WBGene00011194.,118,747,865
WBGene00011195.,9,1903,1912
WBGene00011196.,0,0,0
WBGene00011197.,11,62,73
WBGene00011198.,64,3045,3109
WBGene00011200.,5,11,16
WBGene00011201.,17,156,173
WBGene00011202.,0,7,7
WBGene00011203.,7,37,44
WBGene00011205.,180,3182,3362
WBGene00011206.,71,802,873
WBGene00011207.,23,27,50
WBGene00011208.,0,1,1
WBGene00011209.,2,4,6
WBGene00011210.,0,0,0
WBGene00011211.,9,0,9
WBGene00011212.,1,25,26
WBGene00011213.,6,18,24
WBGene00011214.,4,117,121
WBGene00011215.,61,181,242
WBGene00011216.,112,1423,1535
WBGene00011217.,66,509,575
WBGene00011218.,51,438,489
WBGene00011219.,4,9,13
WBGene00011220.,4,123,127
WBGene00011221.,234,2209,2443
WBGene00011222.,38,713,751
WBGene00011223.,23,316,339
WBGene00011224.,45,463,508
WBGene00011225.,23,437,460
WBGene00011226.,100,714,814
WBGene00011227.,4,446,450
WBGene00011228.,0,11,11
WBGene00011229.,0,0,0
WBGene00011230.,85,4169,4254
WBGene00011231.,25,2564,2589
WBGene00011232.,2239,58801,61040
WBGene00011234.,0,47,47
WBGene00011235.,31,199,230
WBGene00011236.,21,336,357
WBGene00011237.,58,2075,2133
WBGene00011238.,10,50,60
WBGene00011239.,227,5617,5844
WBGene00011240.,300,5067,5367
WBGene00011241.,19,86,105
WBGene00011242.,39,643,682
WBGene00011243.,2,25,27
WBGene00011244.,7,1209,1216
WBGene00011245.,1,3,4
WBGene00011246.,9,17,26
WBGene00011247.,403,6716,7119
WBGene00011248.,57,1137,1194
WBGene00011249.,4,5,9
WBGene00011250.,44,1681,1725
WBGene00011251.,71,267,338
WBGene00011252.,0,38,38
WBGene00011253.,43,1477,1520
WBGene00011254.,35,1867,1902
WBGene00011255.,18,37,55
WBGene00011257.,3,4,7
WBGene00011258.,7,175,182
WBGene00011259.,367,2279,2646
WBGene00011260.,9,38,47
WBGene00011261.,491,488,979
WBGene00011262.,14,162,176
WBGene00011263.,8,1165,1173
WBGene00011264.,6,21,27
WBGene00011265.,7,218,225
WBGene00011266.,0,148,148
WBGene00011267.,2,84,86
WBGene00011268.,183,1221,1404
WBGene00011269.,47,120,167
WBGene00011270.,321,6356,6677
WBGene00011271.,105,1029,1134
WBGene00011272.,86,1625,1711
WBGene00011273.,2430,110396,112826
WBGene00011274.,84,962,1046
WBGene00011275.,33,615,648
WBGene00011276.,110,2180,2290
WBGene00011277.,0,14,14
WBGene00011278.,0,63,63
WBGene00011279.,373,4095,4468
WBGene00011280.,75,1446,1521
WBGene00011281.,206,2660,2866
WBGene00011282.,243,2780,3023
WBGene00011283.,627,5346,5973
WBGene00011284.,21,1861,1882
WBGene00011285.,29,318,347
WBGene00011286.,33,561,594
WBGene00011287.,51,562,613
WBGene00011288.,4,149,153
WBGene00011289.,5,7136,7141
WBGene00011290.,0,3,3
WBGene00011291.,36,329,365
WBGene00011292.,273,3109,3382
WBGene00011293.,12,21,33
WBGene00011294.,1,2,3
WBGene00011295.,0,0,0
WBGene00011296.,3,37,40
WBGene00011297.,0,0,0
WBGene00011298.,137,838,975
WBGene00011299.,335,1738,2073
WBGene00011300.,150,10166,10316
WBGene00011302.,460,2382,2842
WBGene00011303.,326,2770,3096
WBGene00011304.,4099,8700,12799
WBGene00011305.,25,1069,1094
WBGene00011306.,79,1421,1500
WBGene00011307.,105,744,849
WBGene00011308.,242,4729,4971
WBGene00011309.,543,2631,3174
WBGene00011310.,13,183,196
WBGene00011311.,259,4841,5100
WBGene00011312.,6,1071,1077
WBGene00011313.,1,62,63
WBGene00011314.,54,374,428
WBGene00011315.,9,170,179
WBGene00011317.,32,566,598
WBGene00011318.,12,628,640
WBGene00011319.,58,881,939
WBGene00011320.,0,23,23
WBGene00011321.,1,132,133
WBGene00011322.,2,6,8
WBGene00011323.,112,2052,2164
WBGene00011324.,6,517,523
WBGene00011325.,10,50,60
WBGene00011326.,74,1133,1207
WBGene00011327.,0,10,10
WBGene00011328.,88,924,1012
WBGene00011329.,74,1285,1359
WBGene00011330.,10,340,350
WBGene00011331.,68,4034,4102
WBGene00011333.,162,3252,3414
WBGene00011334.,131,3564,3695
WBGene00011335.,26,115,141
WBGene00011336.,1,3,4
WBGene00011337.,152,8086,8238
WBGene00011338.,228,1836,2064
WBGene00011339.,25,108,133
WBGene00011340.,7,34,41
WBGene00011341.,0,6,6
WBGene00011342.,0,4,4
WBGene00011344.,400,1821,2221
WBGene00011345.,5,518,523
WBGene00011346.,0,0,0
WBGene00011348.,114,843,957
WBGene00011349.,93,1784,1877
WBGene00011350.,1,41,42
WBGene00011351.,20,137,157
WBGene00011352.,170,2215,2385
WBGene00011353.,60,664,724
WBGene00011354.,8,31,39
WBGene00011355.,3,58,61
WBGene00011356.,1,6,7
WBGene00011357.,0,1,1
WBGene00011358.,2,8,10
WBGene00011359.,15,21,36
WBGene00011360.,3,20,23
WBGene00011361.,8,74,82
WBGene00011362.,0,6,6
WBGene00011363.,0,69,69
WBGene00011364.,4,26,30
WBGene00011365.,1,17,18
WBGene00011366.,15,193,208
WBGene00011367.,61,1173,1234
WBGene00011368.,79,794,873
WBGene00011369.,10,23,33
WBGene00011371.,12,79,91
WBGene00011372.,202,248,450
WBGene00011373.,0,0,0
WBGene00011374.,1553,15044,16597
WBGene00011375.,190,1303,1493
WBGene00011376.,18,471,489
WBGene00011378.,7,10,17
WBGene00011379.,2,3,5
WBGene00011380.,41,367,408
WBGene00011381.,16,152,168
WBGene00011382.,35,513,548
WBGene00011383.,103,3588,3691
WBGene00011386.,0,3,3
WBGene00011387.,0,1,1
WBGene00011388.,0,3,3
WBGene00011389.,0,0,0
WBGene00011390.,0,0,0
WBGene00011391.,478,4248,4726
WBGene00011392.,137,17442,17579
WBGene00011393.,27,842,869
WBGene00011394.,6,26,32
WBGene00011395.,1,2,3
WBGene00011396.,5,29,34
WBGene00011397.,3,16,19
WBGene00011398.,344,5380,5724
WBGene00011399.,0,381,381
WBGene00011400.,104,574,678
WBGene00011401.,3,42,45
WBGene00011402.,10,16,26
WBGene00011403.,1,5,6
WBGene00011404.,16,202,218
WBGene00011405.,1,218,219
WBGene00011407.,93,774,867
WBGene00011408.,306,7196,7502
WBGene00011409.,27,3396,3423
WBGene00011410.,2,1408,1410
WBGene00011411.,2,658,660
WBGene00011412.,166,5468,5634
WBGene00011414.,2,4,6
WBGene00011415.,43,511,554
WBGene00011416.,0,0,0
WBGene00011417.,0,0,0
WBGene00011418.,0,0,0
WBGene00011419.,0,4,4
WBGene00011420.,0,0,0
WBGene00011421.,0,1,1
WBGene00011422.,175,1545,1720
WBGene00011423.,116,1344,1460
WBGene00011424.,3,39,42
WBGene00011425.,36,84,120
WBGene00011426.,41,73,114
WBGene00011427.,12,25,37
WBGene00011428.,180,5403,5583
WBGene00011429.,5,32,37
WBGene00011430.,28,144,172
WBGene00011431.,8,103,111
WBGene00011432.,0,1,1
WBGene00011433.,228,1507,1735
WBGene00011434.,26,890,916
WBGene00011435.,3,49,52
WBGene00011436.,83,2545,2628
WBGene00011437.,14,285,299
WBGene00011438.,4,4,8
WBGene00011439.,25,235,260
WBGene00011440.,30,1245,1275
WBGene00011441.,75,960,1035
WBGene00011442.,29,275,304
WBGene00011443.,9,265,274
WBGene00011444.,81,765,846
WBGene00011445.,22,246,268
WBGene00011446.,28,2053,2081
WBGene00011447.,37,155,192
WBGene00011448.,24,138,162
WBGene00011449.,77,2525,2602
WBGene00011450.,7,247,254
WBGene00011451.,22,430,452
WBGene00011452.,29,312,341
WBGene00011453.,4,110,114
WBGene00011454.,32,212,244
WBGene00011456.,69,322,391
WBGene00011458.,34,34,68
WBGene00011459.,6,0,6
WBGene00011460.,96,189,285
WBGene00011462.,14,32,46
WBGene00011463.,24,289,313
WBGene00011464.,56,826,882
WBGene00011465.,4,150,154
WBGene00011466.,4,21,25
WBGene00011467.,1,3,4
WBGene00011468.,6,8,14
WBGene00011469.,1,2,3
WBGene00011470.,0,0,0
WBGene00011471.,16,126,142
WBGene00011472.,0,2,2
WBGene00011473.,6,363,369
WBGene00011474.,73,74821,74894
WBGene00011475.,8,190,198
WBGene00011476.,25,164,189
WBGene00011478.,3,5,8
WBGene00011479.,70,1570,1640
WBGene00011480.,682,18181,18863
WBGene00011481.,17,12478,12495
WBGene00011482.,18,174,192
WBGene00011483.,6,9,15
WBGene00011484.,19,1365,1384
WBGene00011485.,0,0,0
WBGene00011486.,0,0,0
WBGene00011487.,11,45,56
WBGene00011488.,219,2606,2825
WBGene00011489.,44,538,582
WBGene00011490.,85,1664,1749
WBGene00011491.,3,0,3
WBGene00011492.,6,29,35
WBGene00011493.,1,3,4
WBGene00011494.,1,3,4
WBGene00011495.,23,354,377
WBGene00011497.,57,685,742
WBGene00011498.,1526,17133,18659
WBGene00011499.,12,12,24
WBGene00011500.,63,1182,1245
WBGene00011501.,1,300,301
WBGene00011502.,34,863,897
WBGene00011503.,318,1546,1864
WBGene00011505.,0,1,1
WBGene00011506.,0,1,1
WBGene00011507.,95,4710,4805
WBGene00011508.,1,18,19
WBGene00011509.,0,196,196
WBGene00011510.,331,8853,9184
WBGene00011511.,343,2238,2581
WBGene00011512.,18,119,137
WBGene00011513.,1,149,150
WBGene00011514.,4,68,72
WBGene00011515.,1,0,1
WBGene00011516.,1,12,13
WBGene00011517.,30,281,311
WBGene00011518.,5,5,10
WBGene00011519.,4,27,31
WBGene00011520.,58,425,483
WBGene00011521.,0,5,5
WBGene00011522.,166,3684,3850
WBGene00011523.,11,29,40
WBGene00011524.,45,200,245
WBGene00011526.,174,3240,3414
WBGene00011527.,34,6682,6716
WBGene00011528.,65,1638,1703
WBGene00011529.,77,2981,3058
WBGene00011530.,12,20,32
WBGene00011531.,302,9096,9398
WBGene00011532.,264,3316,3580
WBGene00011533.,0,2,2
WBGene00011534.,2,30,32
WBGene00011535.,1,8,9
WBGene00011536.,1,5,6
WBGene00011537.,0,14,14
WBGene00011538.,65,4312,4377
WBGene00011539.,0,14,14
WBGene00011540.,7,50,57
WBGene00011541.,0,1,1
WBGene00011542.,1,1,2
WBGene00011543.,83,1012,1095
WBGene00011544.,13,8,21
WBGene00011545.,9,227,236
WBGene00011546.,25,373,398
WBGene00011547.,3,11,14
WBGene00011548.,43,646,689
WBGene00011549.,0,0,0
WBGene00011550.,0,3,3
WBGene00011551.,18,256,274
WBGene00011554.,80,197,277
WBGene00011556.,24,66,90
WBGene00011557.,7,20,27
WBGene00011558.,0,2511,2511
WBGene00011559.,98,1494,1592
WBGene00011560.,13,780,793
WBGene00011561.,431,10253,10684
WBGene00011562.,151,1334,1485
WBGene00011563.,20,23,43
WBGene00011564.,940,6022,6962
WBGene00011565.,1,14,15
WBGene00011566.,9,21,30
WBGene00011567.,0,2,2
WBGene00011568.,5,16,21
WBGene00011570.,1,1,2
WBGene00011571.,243,7523,7766
WBGene00011572.,29,189,218
WBGene00011573.,49,5947,5996
WBGene00011574.,2,10,12
WBGene00011575.,20,266,286
WBGene00011576.,46,463,509
WBGene00011577.,1,1,2
WBGene00011578.,8,45,53
WBGene00011579.,407,3710,4117
WBGene00011580.,86,1946,2032
WBGene00011581.,3,30,33
WBGene00011582.,35,34,69
WBGene00011583.,0,2,2
WBGene00011584.,0,0,0
WBGene00011585.,0,0,0
WBGene00011586.,39,1318,1357
WBGene00011587.,8,102,110
WBGene00011589.,38,1233,1271
WBGene00011590.,139,541,680
WBGene00011591.,11,113,124
WBGene00011592.,86,105,191
WBGene00011593.,7,227,234
WBGene00011594.,4,20,24
WBGene00011595.,0,0,0
WBGene00011596.,10,134,144
WBGene00011597.,66,148,214
WBGene00011599.,0,598,598
WBGene00011600.,18,158,176
WBGene00011601.,21,209,230
WBGene00011604.,286,1987,2273
WBGene00011605.,214,6115,6329
WBGene00011606.,25,102,127
WBGene00011607.,56,68,124
WBGene00011608.,1,148,149
WBGene00011609.,0,1,1
WBGene00011610.,0,22,22
WBGene00011611.,3,39,42
WBGene00011612.,33,22,55
WBGene00011613.,25,150,175
WBGene00011614.,4,178,182
WBGene00011615.,19,245,264
WBGene00011616.,1,8,9
WBGene00011617.,0,0,0
WBGene00011618.,0,0,0
WBGene00011619.,2,0,2
WBGene00011620.,0,4,4
WBGene00011621.,0,2,2
WBGene00011622.,9,7,16
WBGene00011623.,18,264,282
WBGene00011624.,249,1596,1845
WBGene00011625.,29,954,983
WBGene00011626.,0,0,0
WBGene00011627.,0,0,0
WBGene00011628.,0,0,0
WBGene00011629.,432,15007,15439
WBGene00011630.,10,82,92
WBGene00011631.,387,3418,3805
WBGene00011633.,24,163,187
WBGene00011634.,172,2662,2834
WBGene00011635.,38,1180,1218
WBGene00011636.,245,2550,2795
WBGene00011637.,94,1485,1579
WBGene00011638.,47,8690,8737
WBGene00011639.,285,2522,2807
WBGene00011640.,2,203,205
WBGene00011641.,0,2381,2381
WBGene00011642.,1,63,64
WBGene00011643.,3,36,39
WBGene00011644.,7,164,171
WBGene00011645.,25,649,674
WBGene00011646.,5,12,17
WBGene00011647.,840,6209,7049
WBGene00011648.,88,1351,1439
WBGene00011649.,4,20,24
WBGene00011650.,0,0,0
WBGene00011651.,0,1,1
WBGene00011652.,0,1,1
WBGene00011653.,0,1,1
WBGene00011654.,1,0,1
WBGene00011655.,1,5,6
WBGene00011656.,2,0,2
WBGene00011657.,0,2,2
WBGene00011658.,0,1,1
WBGene00011659.,0,0,0
WBGene00011660.,11,28,39
WBGene00011661.,82,2573,2655
WBGene00011662.,112,2299,2411
WBGene00011663.,156,705,861
WBGene00011664.,34,600,634
WBGene00011665.,3,95,98
WBGene00011666.,1,1,2
WBGene00011668.,0,6,6
WBGene00011669.,3,1,4
WBGene00011670.,4,18,22
WBGene00011671.,1,5,6
WBGene00011672.,44,602,646
WBGene00011673.,5,124,129
WBGene00011674.,0,14,14
WBGene00011675.,9,18,27
WBGene00011676.,97,1601,1698
WBGene00011677.,23,59,82
WBGene00011678.,19,272,291
WBGene00011679.,113,9260,9373
WBGene00011680.,24,601,625
WBGene00011681.,173,3469,3642
WBGene00011682.,40,291,331
WBGene00011683.,226,2428,2654
WBGene00011684.,10,168,178
WBGene00011685.,0,0,0
WBGene00011686.,2,0,2
WBGene00011687.,24,4230,4254
WBGene00011688.,20,682,702
WBGene00011689.,11,12,23
WBGene00011690.,0,2,2
WBGene00011691.,3,5,8
WBGene00011692.,2962,14977,17939
WBGene00011693.,3,27,30
WBGene00011694.,223,1856,2079
WBGene00011695.,22,34,56
WBGene00011696.,416,4056,4472
WBGene00011697.,1,14,15
WBGene00011698.,2,40,42
WBGene00011699.,3,27,30
WBGene00011701.,1,13,14
WBGene00011702.,1,18,19
WBGene00011703.,3,1,4
WBGene00011704.,0,1,1
WBGene00011705.,21,174,195
WBGene00011706.,19,268,287
WBGene00011707.,4,89,93
WBGene00011708.,905,11895,12800
WBGene00011709.,15,60,75
WBGene00011710.,0,0,0
WBGene00011712.,0,22,22
WBGene00011713.,5,618,623
WBGene00011714.,0,0,0
WBGene00011715.,0,7,7
WBGene00011716.,2,11,13
WBGene00011717.,42,767,809
WBGene00011718.,25,279,304
WBGene00011719.,49,634,683
WBGene00011720.,287,2023,2310
WBGene00011721.,0,4,4
WBGene00011722.,138,3038,3176
WBGene00011723.,212,2571,2783
WBGene00011724.,0,2,2
WBGene00011725.,48,248,296
WBGene00011726.,207,1170,1377
WBGene00011727.,68,1145,1213
WBGene00011728.,7,45,52
WBGene00011729.,170,3110,3280
WBGene00011730.,60,11349,11409
WBGene00011731.,14,619,633
WBGene00011732.,548,4115,4663
WBGene00011733.,13,961,974
WBGene00011734.,250,10140,10390
WBGene00011735.,878,8698,9576
WBGene00011736.,393,18767,19160
WBGene00011737.,105,4421,4526
WBGene00011738.,56,803,859
WBGene00011739.,6,447,453
WBGene00011740.,388,4617,5005
WBGene00011741.,7,42,49
WBGene00011742.,42,1365,1407
WBGene00011743.,393,6441,6834
WBGene00011744.,16,148,164
WBGene00011745.,47,185,232
WBGene00011746.,23,301,324
WBGene00011747.,92,1923,2015
WBGene00011748.,2,13,15
WBGene00011749.,0,2,2
WBGene00011750.,2,13,15
WBGene00011751.,0,2,2
WBGene00011752.,14,94,108
WBGene00011753.,2,45,47
WBGene00011754.,2,30,32
WBGene00011755.,1157,5823,6980
WBGene00011756.,22,706,728
WBGene00011757.,6,21,27
WBGene00011758.,120,4350,4470
WBGene00011759.,25,6461,6486
WBGene00011760.,28,953,981
WBGene00011761.,20,1089,1109
WBGene00011762.,24,299,323
WBGene00011763.,167,8954,9121
WBGene00011765.,110,668,778
WBGene00011767.,917,4559,5476
WBGene00011768.,18,845,863
WBGene00011770.,1,35,36
WBGene00011771.,744,7448,8192
WBGene00011772.,11,72,83
WBGene00011773.,9,733,742
WBGene00011774.,113,1190,1303
WBGene00011775.,288,5208,5496
WBGene00011776.,16,729,745
WBGene00011777.,1,166,167
WBGene00011778.,0,0,0
WBGene00011779.,0,0,0
WBGene00011780.,0,0,0
WBGene00011781.,0,0,0
WBGene00011782.,1,0,1
WBGene00011783.,0,1,1
WBGene00011784.,0,1,1
WBGene00011785.,2,0,2
WBGene00011786.,0,8,8
WBGene00011788.,17,267,284
WBGene00011789.,6,103,109
WBGene00011790.,0,8,8
WBGene00011791.,0,8,8
WBGene00011793.,38,236,274
WBGene00011794.,124,1288,1412
WBGene00011795.,7,95,102
WBGene00011796.,5,92,97
WBGene00011797.,8,14,22
WBGene00011798.,30,248,278
WBGene00011799.,2,48,50
WBGene00011800.,29,249,278
WBGene00011801.,26,354,380
WBGene00011802.,41,1228,1269
WBGene00011803.,4,118,122
WBGene00011804.,10,30,40
WBGene00011805.,0,26,26
WBGene00011806.,53,1421,1474
WBGene00011807.,128,1110,1238
WBGene00011808.,0,0,0
WBGene00011809.,0,0,0
WBGene00011810.,1,0,1
WBGene00011811.,4,66,70
WBGene00011812.,2,39,41
WBGene00011813.,36,615,651
WBGene00011814.,37,364,401
WBGene00011815.,246,2515,2761
WBGene00011816.,1,5,6
WBGene00011817.,81,450,531
WBGene00011818.,12,2,14
WBGene00011819.,20,415,435
WBGene00011820.,22,1139,1161
WBGene00011821.,7,113,120
WBGene00011822.,32,589,621
WBGene00011823.,2,307,309
WBGene00011824.,121,622,743
WBGene00011826.,147,197,344
WBGene00011827.,923,1960,2883
WBGene00011828.,7,973,980
WBGene00011829.,31,73,104
WBGene00011830.,112,2197,2309
WBGene00011831.,9,732,741
WBGene00011832.,53,1456,1509
WBGene00011833.,24,745,769
WBGene00011834.,18,587,605
WBGene00011835.,15,584,599
WBGene00011836.,2,47,49
WBGene00011837.,1,5,6
WBGene00011838.,24,1046,1070
WBGene00011839.,5,633,638
WBGene00011840.,0,0,0
WBGene00011841.,1,33,34
WBGene00011842.,0,0,0
WBGene00011844.,10,111,121
WBGene00011846.,1,21,22
WBGene00011847.,0,4,4
WBGene00011848.,1,2,3
WBGene00011849.,11,2365,2376
WBGene00011850.,71,268,339
WBGene00011851.,0,0,0
WBGene00011852.,1,4,5
WBGene00011853.,0,0,0
WBGene00011854.,340,572,912
WBGene00011855.,1,14,15
WBGene00011856.,81,1416,1497
WBGene00011857.,242,6182,6424
WBGene00011858.,20,1741,1761
WBGene00011859.,77,1682,1759
WBGene00011860.,6,448,454
WBGene00011864.,198,5954,6152
WBGene00011867.,90,6798,6888
WBGene00011868.,52,334,386
WBGene00011869.,50,74639,74689
WBGene00011870.,19,3374,3393
WBGene00011871.,70,1011,1081
WBGene00011872.,69,602,671
WBGene00011873.,69,148,217
WBGene00011874.,4,21,25
WBGene00011875.,26,186,212
WBGene00011876.,0,2,2
WBGene00011877.,0,3,3
WBGene00011878.,24,134,158
WBGene00011879.,109,1546,1655
WBGene00011880.,1265,38836,40101
WBGene00011882.,4,10,14
WBGene00011883.,237,3721,3958
WBGene00011884.,207,74651,74858
WBGene00011885.,740,2354,3094
WBGene00011886.,9,335,344
WBGene00011887.,745,872,1617
WBGene00011888.,156,437,593
WBGene00011890.,20,1087,1107
WBGene00011891.,36,1585,1621
WBGene00011892.,196,3135,3331
WBGene00011893.,8,82,90
WBGene00011894.,65,1074,1139
WBGene00011895.,0,8,8
WBGene00011896.,1,117,118
WBGene00011897.,246,7516,7762
WBGene00011898.,2,44,46
WBGene00011899.,10,385,395
WBGene00011900.,12,6,18
WBGene00011902.,1,30,31
WBGene00011903.,2,6,8
WBGene00011904.,436,3520,3956
WBGene00011906.,27,1227,1254
WBGene00011908.,64,617,681
WBGene00011909.,6,13,19
WBGene00011910.,1,11,12
WBGene00011911.,0,4,4
WBGene00011912.,102,2512,2614
WBGene00011913.,217,1987,2204
WBGene00011914.,16,455,471
WBGene00011915.,104,1505,1609
WBGene00011916.,50,573,623
WBGene00011917.,281,9103,9384
WBGene00011918.,2,8,10
WBGene00011919.,4,22,26
WBGene00011920.,40,519,559
WBGene00011921.,0,1,1
WBGene00011922.,1,5,6
WBGene00011923.,6,103,109
WBGene00011924.,38,568,606
WBGene00011925.,15,203,218
WBGene00011926.,22,183,205
WBGene00011927.,6,85,91
WBGene00011928.,12,83,95
WBGene00011929.,1,2,3
WBGene00011930.,32,681,713
WBGene00011931.,4,227,231
WBGene00011932.,78,1663,1741
WBGene00011933.,0,2,2
WBGene00011934.,0,0,0
WBGene00011935.,14,1178,1192
WBGene00011936.,22,520,542
WBGene00011937.,0,2,2
WBGene00011938.,6,70,76
WBGene00011939.,107,2086,2193
WBGene00011940.,188,957,1145
WBGene00011941.,91,472,563
WBGene00011942.,0,0,0
WBGene00011943.,0,0,0
WBGene00011944.,336,4811,5147
WBGene00011945.,62,302,364
WBGene00011947.,0,0,0
WBGene00011948.,1,5,6
WBGene00011949.,0,7,7
WBGene00011950.,0,1,1
WBGene00011951.,2,2,4
WBGene00011952.,17,112,129
WBGene00011953.,446,4814,5260
WBGene00011954.,1,16,17
WBGene00011955.,71,1276,1347
WBGene00011956.,11,570,581
WBGene00011957.,107,689,796
WBGene00011958.,9,136,145
WBGene00011959.,2,283,285
WBGene00011960.,14,104,118
WBGene00011961.,0,2,2
WBGene00011962.,94,2049,2143
WBGene00011963.,59,451,510
WBGene00011964.,72,796,868
WBGene00011965.,77,752,829
WBGene00011966.,341,7510,7851
WBGene00011967.,137,2692,2829
WBGene00011968.,1,134,135
WBGene00011969.,9,930,939
WBGene00011970.,228,783,1011
WBGene00011971.,292,3807,4099
WBGene00011972.,67,1609,1676
WBGene00011973.,2,13,15
WBGene00011974.,19,143,162
WBGene00011975.,213,2726,2939
WBGene00011976.,157,1028,1185
WBGene00011977.,444,43225,43669
WBGene00011978.,418,5336,5754
WBGene00011979.,0,10,10
WBGene00011980.,279,3204,3483
WBGene00011981.,0,8,8
WBGene00011982.,1,6,7
WBGene00011983.,2,7,9
WBGene00011984.,15,85,100
WBGene00011985.,66,989,1055
WBGene00011986.,1,60,61
WBGene00011988.,16,139,155
WBGene00011989.,1,0,1
WBGene00011990.,1,236,237
WBGene00011991.,0,1,1
WBGene00011992.,0,0,0
WBGene00011993.,0,2,2
WBGene00011994.,14,695,709
WBGene00011995.,264,1587,1851
WBGene00011996.,17,313,330
WBGene00011997.,11,891,902
WBGene00011999.,2,33,35
WBGene00012000.,43,2412,2455
WBGene00012002.,66,1203,1269
WBGene00012003.,20,9,29
WBGene00012004.,90,1598,1688
WBGene00012005.,2065,824,2889
WBGene00012007.,20,1613,1633
WBGene00012008.,0,5,5
WBGene00012009.,27,184,211
WBGene00012010.,1,1,2
WBGene00012011.,0,1,1
WBGene00012012.,4,2,6
WBGene00012013.,28,96,124
WBGene00012014.,79,1059,1138
WBGene00012015.,218,6638,6856
WBGene00012016.,75,580,655
WBGene00012017.,5,16,21
WBGene00012018.,95,964,1059
WBGene00012019.,1168,2139,3307
WBGene00012020.,1,101,102
WBGene00012021.,0,2,2
WBGene00012022.,1,1,2
WBGene00012023.,2,1,3
WBGene00012024.,0,0,0
WBGene00012025.,0,1,1
WBGene00012026.,0,5,5
WBGene00012027.,0,2,2
WBGene00012028.,0,2,2
WBGene00012029.,96,1260,1356
WBGene00012030.,203,7619,7822
WBGene00012031.,102,4790,4892
WBGene00012032.,7,43,50
WBGene00012033.,189,1543,1732
WBGene00012034.,8,174,182
WBGene00012035.,21,621,642
WBGene00012036.,1,22,23
WBGene00012037.,952,9082,10034
WBGene00012038.,0,1,1
WBGene00012039.,0,0,0
WBGene00012040.,2,9,11
WBGene00012041.,0,4,4
WBGene00012042.,17,172,189
WBGene00012043.,2,2,4
WBGene00012044.,1,15,16
WBGene00012045.,6,51,57
WBGene00012046.,0,5,5
WBGene00012047.,0,0,0
WBGene00012048.,0,0,0
WBGene00012049.,0,0,0
WBGene00012050.,1,0,1
WBGene00012051.,5,3,8
WBGene00012052.,0,1,1
WBGene00012053.,0,0,0
WBGene00012054.,1,1,2
WBGene00012055.,1,3,4
WBGene00012056.,0,12,12
WBGene00012057.,0,0,0
WBGene00012058.,11,29,40
WBGene00012059.,237,4593,4830
WBGene00012060.,0,0,0
WBGene00012061.,0,0,0
WBGene00012062.,10,109,119
WBGene00012063.,0,0,0
WBGene00012064.,0,0,0
WBGene00012065.,0,0,0
WBGene00012066.,1,1,2
WBGene00012067.,0,0,0
WBGene00012068.,8,33,41
WBGene00012069.,0,3,3
WBGene00012070.,11,7,18
WBGene00012072.,1,2,3
WBGene00012073.,52,953,1005
WBGene00012074.,1,2,3
WBGene00012075.,0,0,0
WBGene00012077.,2,2,4
WBGene00012078.,0,1,1
WBGene00012079.,0,1,1
WBGene00012080.,0,0,0
WBGene00012081.,1,1,2
WBGene00012083.,0,1,1
WBGene00012084.,158,303,461
WBGene00012085.,57,1566,1623
WBGene00012086.,7,13,20
WBGene00012087.,2,3,5
WBGene00012088.,1,2,3
WBGene00012089.,0,1,1
WBGene00012090.,0,0,0
WBGene00012091.,3,1,4
WBGene00012093.,2,3,5
WBGene00012094.,0,28853,28853
WBGene00012095.,196,449,645
WBGene00012096.,0,2,2
WBGene00012097.,227,24012,24239
WBGene00012098.,0,7,7
WBGene00012099.,115,157,272
WBGene00012100.,278,2946,3224
WBGene00012101.,5,3794,3799
WBGene00012102.,4,8,12
WBGene00012103.,2,93,95
WBGene00012104.,51,1314,1365
WBGene00012105.,39,630,669
WBGene00012106.,32,817,849
WBGene00012107.,10,133,143
WBGene00012108.,1,1,2
WBGene00012109.,22,208,230
WBGene00012110.,30,207,237
WBGene00012111.,26,302,328
WBGene00012112.,39,449,488
WBGene00012113.,31,18642,18673
WBGene00012114.,10,93,103
WBGene00012115.,11,31,42
WBGene00012116.,15,60,75
WBGene00012117.,321,4388,4709
WBGene00012118.,65,1338,1403
WBGene00012119.,2,23,25
WBGene00012120.,1,17,18
WBGene00012121.,409,6904,7313
WBGene00012122.,8,687,695
WBGene00012123.,158,2397,2555
WBGene00012124.,21,799,820
WBGene00012125.,103,1413,1516
WBGene00012126.,1343,5455,6798
WBGene00012127.,12,276,288
WBGene00012128.,222,4116,4338
WBGene00012130.,33,309,342
WBGene00012131.,23,290,313
WBGene00012132.,36,359,395
WBGene00012133.,0,2,2
WBGene00012134.,19,182,201
WBGene00012135.,24,143,167
WBGene00012136.,1026,3800,4826
WBGene00012137.,80,173,253
WBGene00012138.,11,67,78
WBGene00012139.,460,789,1249
WBGene00012140.,280,21690,21970
WBGene00012142.,56,371,427
WBGene00012143.,68,784,852
WBGene00012144.,51,206,257
WBGene00012145.,18,812,830
WBGene00012146.,0,0,0
WBGene00012147.,9,15,24
WBGene00012148.,148,37664,37812
WBGene00012149.,249,1470,1719
WBGene00012150.,60,472,532
WBGene00012151.,1,50,51
WBGene00012152.,82,1210,1292
WBGene00012155.,29,546,575
WBGene00012156.,6,1171,1177
WBGene00012157.,157,1055,1212
WBGene00012158.,1349,17102,18451
WBGene00012159.,1,6,7
WBGene00012162.,5,110,115
WBGene00012163.,4,21,25
WBGene00012164.,106,218,324
WBGene00012165.,324,667,991
WBGene00012166.,16,20159,20175
WBGene00012167.,28,947,975
WBGene00012168.,71,161,232
WBGene00012169.,0,0,0
WBGene00012170.,6,19,25
WBGene00012171.,0,5,5
WBGene00012172.,14,51,65
WBGene00012173.,1,4,5
WBGene00012174.,0,0,0
WBGene00012175.,1,52,53
WBGene00012176.,4,46,50
WBGene00012177.,0,2,2
WBGene00012178.,61,247,308
WBGene00012179.,2066,143299,145365
WBGene00012180.,209,85,294
WBGene00012181.,11,6,17
WBGene00012182.,19,1164,1183
WBGene00012183.,0,98,98
WBGene00012184.,21,245,266
WBGene00012185.,7,95,102
WBGene00012186.,40,2312,2352
WBGene00012187.,94,2550,2644
WBGene00012188.,131,1175,1306
WBGene00012189.,4,42,46
WBGene00012190.,58,79,137
WBGene00012191.,14,21,35
WBGene00012192.,168,1105,1273
WBGene00012193.,901,9953,10854
WBGene00012194.,72,2013,2085
WBGene00012195.,35,58,93
WBGene00012196.,6,69,75
WBGene00012197.,103,4943,5046
WBGene00012198.,33,898,931
WBGene00012199.,8,16,24
WBGene00012200.,1,3,4
WBGene00012201.,23,123,146
WBGene00012202.,2,18,20
WBGene00012203.,112,2456,2568
WBGene00012204.,32,2181,2213
WBGene00012205.,49,2248,2297
WBGene00012206.,32,1688,1720
WBGene00012207.,2,3,5
WBGene00012208.,80,1270,1350
WBGene00012209.,17,381,398
WBGene00012210.,0,123,123
WBGene00012211.,0,6,6
WBGene00012212.,0,4,4
WBGene00012213.,0,0,0
WBGene00012214.,0,2,2
WBGene00012215.,0,11,11
WBGene00012216.,23,1463,1486
WBGene00012217.,7,9,16
WBGene00012218.,0,5,5
WBGene00012219.,17,29,46
WBGene00012220.,47,368,415
WBGene00012221.,157,3352,3509
WBGene00012222.,42,409,451
WBGene00012223.,0,1,1
WBGene00012224.,2,14,16
WBGene00012225.,195,588,783
WBGene00012226.,166,1608,1774
WBGene00012227.,2,14,16
WBGene00012228.,15,123,138
WBGene00012230.,462,2492,2954
WBGene00012231.,2,0,2
WBGene00012232.,1,0,1
WBGene00012233.,0,2,2
WBGene00012234.,441,2214,2655
WBGene00012235.,67,958,1025
WBGene00012236.,72,603,675
WBGene00012237.,3,210,213
WBGene00012238.,0,5,5
WBGene00012239.,96,3264,3360
WBGene00012240.,0,0,0
WBGene00012241.,129,396,525
WBGene00012242.,0,64,64
WBGene00012243.,38,1219,1257
WBGene00012244.,19,3130,3149
WBGene00012245.,444,5173,5617
WBGene00012246.,1,1,2
WBGene00012247.,1,1,2
WBGene00012248.,0,0,0
WBGene00012249.,1,0,1
WBGene00012250.,2,0,2
WBGene00012251.,1,56,57
WBGene00012252.,135,1265,1400
WBGene00012253.,31,2679,2710
WBGene00012254.,8,25,33
WBGene00012255.,40,2057,2097
WBGene00012256.,9,923,932
WBGene00012257.,20,1180,1200
WBGene00012258.,34,1849,1883
WBGene00012259.,195,703,898
WBGene00012260.,0,21,21
WBGene00012261.,21,2206,2227
WBGene00012264.,0,0,0
WBGene00012265.,4,54,58
WBGene00012266.,2,2,4
WBGene00012267.,2,2,4
WBGene00012268.,6,132,138
WBGene00012269.,1,3,4
WBGene00012270.,11,42,53
WBGene00012271.,3,23,26
WBGene00012272.,87,67,154
WBGene00012274.,816,6429,7245
WBGene00012275.,127,166,293
WBGene00012276.,109,3181,3290
WBGene00012277.,45,809,854
WBGene00012278.,0,0,0
WBGene00012279.,10,781,791
WBGene00012280.,3,85,88
WBGene00012281.,71,238,309
WBGene00012282.,24,299,323
WBGene00012283.,0,0,0
WBGene00012284.,1,2,3
WBGene00012285.,0,2,2
WBGene00012286.,0,0,0
WBGene00012287.,0,2,2
WBGene00012288.,2,4,6
WBGene00012289.,318,3130,3448
WBGene00012290.,9,47,56
WBGene00012291.,1137,8200,9337
WBGene00012292.,0,0,0
WBGene00012293.,96,76,172
WBGene00012294.,0,1,1
WBGene00012295.,41,146,187
WBGene00012296.,4,21,25
WBGene00012297.,1,10,11
WBGene00012298.,56,1897,1953
WBGene00012299.,0,41,41
WBGene00012300.,0,0,0
WBGene00012301.,1,2,3
WBGene00012302.,0,1,1
WBGene00012303.,0,0,0
WBGene00012304.,26,3,29
WBGene00012305.,0,0,0
WBGene00012306.,116,331,447
WBGene00012307.,8,51,59
WBGene00012308.,1,2,3
WBGene00012309.,0,1,1
WBGene00012310.,5,0,5
WBGene00012311.,0,0,0
WBGene00012312.,0,0,0
WBGene00012313.,0,0,0
WBGene00012314.,0,0,0
WBGene00012315.,60,909,969
WBGene00012316.,156,2145,2301
WBGene00012317.,136,3702,3838
WBGene00012318.,2,3,5
WBGene00012319.,200,1112,1312
WBGene00012320.,0,0,0
WBGene00012321.,1,10,11
WBGene00012322.,196,3515,3711
WBGene00012323.,0,22,22
WBGene00012324.,5,143,148
WBGene00012325.,23,154,177
WBGene00012326.,283,2304,2587
WBGene00012328.,13,93,106
WBGene00012329.,3,6,9
WBGene00012330.,55,939,994
WBGene00012332.,10,126,136
WBGene00012333.,4,19,23
WBGene00012334.,18,6,24
WBGene00012335.,1,16,17
WBGene00012336.,11,60,71
WBGene00012337.,284,5103,5387
WBGene00012339.,41,626,667
WBGene00012340.,29,192,221
WBGene00012341.,164,2134,2298
WBGene00012342.,286,4022,4308
WBGene00012343.,231,3830,4061
WBGene00012344.,492,12377,12869
WBGene00012345.,8,25,33
WBGene00012346.,4,29,33
WBGene00012347.,481,636,1117
WBGene00012348.,1157,5478,6635
WBGene00012349.,8,4,12
WBGene00012350.,0,0,0
WBGene00012351.,1546,15511,17057
WBGene00012352.,172,664,836
WBGene00012353.,115,2286,2401
WBGene00012354.,640,61455,62095
WBGene00012355.,64,0,64
WBGene00012356.,6,166,172
WBGene00012357.,0,3,3
WBGene00012358.,276,4612,4888
WBGene00012359.,66,1545,1611
WBGene00012360.,107,819,926
WBGene00012361.,132,12906,13038
WBGene00012362.,974,2345,3319
WBGene00012363.,114,613,727
WBGene00012364.,69,365,434
WBGene00012365.,182,3043,3225
WBGene00012366.,94,1431,1525
WBGene00012368.,3,90,93
WBGene00012369.,165,1567,1732
WBGene00012370.,165,585,750
WBGene00012371.,443,1087,1530
WBGene00012372.,11,119,130
WBGene00012373.,0,0,0
WBGene00012374.,47,90,137
WBGene00012375.,69,5075,5144
WBGene00012376.,443,20372,20815
WBGene00012377.,0,0,0
WBGene00012378.,0,10,10
WBGene00012379.,0,3,3
WBGene00012381.,125,1230,1355
WBGene00012382.,10953,233574,244527
WBGene00012383.,1794,30629,32423
WBGene00012384.,59,628,687
WBGene00012385.,85,633,718
WBGene00012386.,37388,2604,39992
WBGene00012387.,27,178,205
WBGene00012388.,3,3,6
WBGene00012389.,255,1342,1597
WBGene00012390.,168,774,942
WBGene00012391.,20,388,408
WBGene00012393.,125,1039,1164
WBGene00012394.,11,38,49
WBGene00012395.,3,712,715
WBGene00012396.,65,1428,1493
WBGene00012397.,0,1,1
WBGene00012398.,5,72,77
WBGene00012399.,38,75,113
WBGene00012400.,3,47,50
WBGene00012401.,0,1,1
WBGene00012402.,1,0,1
WBGene00012403.,1,8,9
WBGene00012404.,0,33,33
WBGene00012405.,0,0,0
WBGene00012406.,0,2,2
WBGene00012407.,13,352,365
WBGene00012408.,62,533,595
WBGene00012409.,2,5,7
WBGene00012411.,0,1,1
WBGene00012412.,0,16,16
WBGene00012413.,2,16,18
WBGene00012414.,2,15,17
WBGene00012415.,1,8,9
WBGene00012416.,10,88,98
WBGene00012418.,14,53,67
WBGene00012419.,0,0,0
WBGene00012420.,6,3277,3283
WBGene00012421.,64,1548,1612
WBGene00012423.,305,3600,3905
WBGene00012424.,550,3311,3861
WBGene00012425.,23,246,269
WBGene00012426.,16,14,30
WBGene00012428.,10,81,91
WBGene00012429.,5,33,38
WBGene00012431.,4,266,270
WBGene00012432.,3,40,43
WBGene00012433.,13,132,145
WBGene00012434.,256,6174,6430
WBGene00012435.,3,225,228
WBGene00012436.,1,120,121
WBGene00012437.,585,7040,7625
WBGene00012439.,31,1024,1055
WBGene00012440.,8,607,615
WBGene00012441.,12,156,168
WBGene00012442.,23,48,71
WBGene00012443.,401,4251,4652
WBGene00012444.,257,4338,4595
WBGene00012445.,24,422,446
WBGene00012446.,22,161,183
WBGene00012448.,12,6,18
WBGene00012449.,26,91,117
WBGene00012450.,45,147,192
WBGene00012451.,12,8,20
WBGene00012452.,0,11037,11037
WBGene00012453.,0,7,7
WBGene00012454.,0,1,1
WBGene00012455.,5,51,56
WBGene00012456.,15,111,126
WBGene00012457.,45,163,208
WBGene00012458.,326,2370,2696
WBGene00012459.,48,1219,1267
WBGene00012460.,56,568,624
WBGene00012461.,159,336,495
WBGene00012462.,296,277,573
WBGene00012463.,170,848,1018
WBGene00012464.,11,79,90
WBGene00012465.,133,3010,3143
WBGene00012466.,266,367,633
WBGene00012467.,2,31,33
WBGene00012468.,330,3194,3524
WBGene00012469.,78,1083,1161
WBGene00012470.,3,3,6
WBGene00012471.,135,7818,7953
WBGene00012472.,248,1925,2173
WBGene00012473.,43,74,117
WBGene00012474.,281,2624,2905
WBGene00012475.,10,4,14
WBGene00012476.,0,263,263
WBGene00012477.,28,61,89
WBGene00012478.,1126,5786,6912
WBGene00012479.,144,1415,1559
WBGene00012480.,14,29,43
WBGene00012481.,14,294,308
WBGene00012482.,0,5,5
WBGene00012483.,0,4679,4679
WBGene00012484.,28,5925,5953
WBGene00012485.,1,61,62
WBGene00012486.,0,2,2
WBGene00012487.,5,43,48
WBGene00012488.,2,0,2
WBGene00012489.,0,0,0
WBGene00012490.,0,2,2
WBGene00012491.,44,8,52
WBGene00012492.,0,4,4
WBGene00012493.,0,1,1
WBGene00012494.,45,197,242
WBGene00012496.,102,1356,1458
WBGene00012497.,77,3978,4055
WBGene00012498.,0,42,42
WBGene00012499.,0,4,4
WBGene00012500.,7,16,23
WBGene00012501.,0,1,1
WBGene00012502.,0,0,0
WBGene00012503.,6,28,34
WBGene00012504.,0,0,0
WBGene00012505.,1,3,4
WBGene00012509.,0,0,0
WBGene00012512.,2,116,118
WBGene00012513.,20,227,247
WBGene00012514.,18,307,325
WBGene00012515.,1,1,2
WBGene00012516.,0,3,3
WBGene00012517.,1,0,1
WBGene00012518.,0,2,2
WBGene00012519.,1,3,4
WBGene00012520.,0,0,0
WBGene00012521.,0,1,1
WBGene00012522.,510,2490,3000
WBGene00012523.,0,2,2
WBGene00012524.,68,655,723
WBGene00012525.,2,30,32
WBGene00012526.,0,7,7
WBGene00012527.,40,252,292
WBGene00012528.,133,3656,3789
WBGene00012529.,24,199,223
WBGene00012530.,425,1331,1756
WBGene00012531.,48,199,247
WBGene00012532.,161,422,583
WBGene00012533.,1,10,11
WBGene00012535.,9,18,27
WBGene00012536.,39,392,431
WBGene00012537.,4,19,23
WBGene00012538.,16,130,146
WBGene00012540.,7,89,96
WBGene00012541.,0,3,3
WBGene00012542.,6,5,11
WBGene00012543.,306,1884,2190
WBGene00012544.,2100,34860,36960
WBGene00012545.,68,469,537
WBGene00012546.,4,540,544
WBGene00012547.,1,18,19
WBGene00012548.,225,982,1207
WBGene00012549.,3,1,4
WBGene00012550.,17,7403,7420
WBGene00012551.,6,807,813
WBGene00012552.,0,185,185
WBGene00012553.,6142,77396,83538
WBGene00012554.,50,1439,1489
WBGene00012555.,23,1076,1099
WBGene00012556.,278,4234,4512
WBGene00012557.,3,0,3
WBGene00012558.,198,2251,2449
WBGene00012559.,163,1079,1242
WBGene00012560.,707,1684,2391
WBGene00012561.,3,36,39
WBGene00012562.,210,1294,1504
WBGene00012564.,14,297,311
WBGene00012565.,12,268,280
WBGene00012566.,2,91,93
WBGene00012567.,3,29,32
WBGene00012568.,5,102,107
WBGene00012569.,0,69,69
WBGene00012570.,3,4,7
WBGene00012571.,0,3,3
WBGene00012572.,3,14,17
WBGene00012573.,5,74,79
WBGene00012574.,0,3,3
WBGene00012575.,0,2,2
WBGene00012576.,69,382,451
WBGene00012577.,2,0,2
WBGene00012578.,306,1273,1579
WBGene00012579.,0,0,0
WBGene00012580.,0,0,0
WBGene00012581.,0,0,0
WBGene00012582.,0,6,6
WBGene00012583.,3,10,13
WBGene00012584.,1123,3784,4907
WBGene00012585.,30,288,318
WBGene00012586.,1,9,10
WBGene00012587.,2,5,7
WBGene00012588.,10,90,100
WBGene00012589.,1,2,3
WBGene00012590.,0,0,0
WBGene00012591.,0,417,417
WBGene00012592.,9,378,387
WBGene00012593.,2,26,28
WBGene00012594.,13,54,67
WBGene00012595.,2,166,168
WBGene00012596.,4,70,74
WBGene00012597.,25,545,570
WBGene00012600.,87,1055,1142
WBGene00012602.,401,7380,7781
WBGene00012603.,1,4,5
WBGene00012604.,0,55,55
WBGene00012605.,22,247,269
WBGene00012606.,110,728,838
WBGene00012607.,23,76,99
WBGene00012608.,2392,34067,36459
WBGene00012609.,0,8,8
WBGene00012610.,20,233,253
WBGene00012612.,1,7,8
WBGene00012614.,7,12,19
WBGene00012615.,157,4011,4168
WBGene00012616.,0,58,58
WBGene00012617.,0,3,3
WBGene00012618.,5,21,26
WBGene00012620.,0,6,6
WBGene00012621.,1,95,96
WBGene00012622.,14,61,75
WBGene00012623.,14,119,133
WBGene00012624.,36,362,398
WBGene00012625.,0,17,17
WBGene00012626.,38,140,178
WBGene00012627.,17,60,77
WBGene00012628.,143,1803,1946
WBGene00012629.,15,98,113
WBGene00012630.,0,3,3
WBGene00012631.,4,15,19
WBGene00012632.,9,95,104
WBGene00012633.,33,14,47
WBGene00012634.,3,41,44
WBGene00012635.,11,128,139
WBGene00012636.,3,4,7
WBGene00012637.,1,14,15
WBGene00012638.,1,3,4
WBGene00012639.,17,79,96
WBGene00012640.,4,85,89
WBGene00012641.,343,2271,2614
WBGene00012642.,6,21,27
WBGene00012643.,11,1848,1859
WBGene00012644.,305,544,849
WBGene00012645.,209,2836,3045
WBGene00012646.,214,2305,2519
WBGene00012647.,80,814,894
WBGene00012648.,196,6368,6564
WBGene00012649.,0,11,11
WBGene00012650.,16,1148,1164
WBGene00012651.,88,617,705
WBGene00012652.,12,2365,2377
WBGene00012653.,0,0,0
WBGene00012654.,58,76,134
WBGene00012655.,0,9,9
WBGene00012656.,3,6,9
WBGene00012657.,103,508,611
WBGene00012658.,369,3230,3599
WBGene00012659.,26,9,35
WBGene00012660.,0,59,59
WBGene00012661.,2,5,7
WBGene00012662.,80,1709,1789
WBGene00012663.,130,737,867
WBGene00012664.,1,614,615
WBGene00012665.,139,1767,1906
WBGene00012666.,304,3907,4211
WBGene00012668.,671,2817,3488
WBGene00012669.,11,30,41
WBGene00012670.,3,14,17
WBGene00012671.,3,31,34
WBGene00012672.,0,3,3
WBGene00012673.,10,97,107
WBGene00012674.,184,958,1142
WBGene00012675.,250,1784,2034
WBGene00012676.,562,3569,4131
WBGene00012678.,37,219,256
WBGene00012679.,0,11,11
WBGene00012680.,0,151,151
WBGene00012681.,3,0,3
WBGene00012682.,9,0,9
WBGene00012683.,0,2,2
WBGene00012684.,1,1,2
WBGene00012686.,3,29,32
WBGene00012688.,1,5,6
WBGene00012689.,0,4,4
WBGene00012690.,0,2,2
WBGene00012692.,631,6429,7060
WBGene00012693.,152,1948,2100
WBGene00012694.,119,1634,1753
WBGene00012695.,21,1253,1274
WBGene00012696.,12,210,222
WBGene00012697.,71,3872,3943
WBGene00012698.,12,389,401
WBGene00012699.,3,6,9
WBGene00012700.,11,173,184
WBGene00012701.,165,650,815
WBGene00012702.,7,26,33
WBGene00012703.,63,272,335
WBGene00012704.,32,212,244
WBGene00012705.,3,87,90
WBGene00012706.,1,0,1
WBGene00012707.,2,4,6
WBGene00012708.,2,13,15
WBGene00012709.,10,64,74
WBGene00012710.,17,771,788
WBGene00012711.,6,73,79
WBGene00012712.,119,488,607
WBGene00012713.,146,7051,7197
WBGene00012714.,110,4157,4267
WBGene00012715.,48,1134,1182
WBGene00012716.,4,300,304
WBGene00012717.,961,10028,10989
WBGene00012718.,357,241,598
WBGene00012719.,123,532,655
WBGene00012720.,2,6,8
WBGene00012721.,23,22,45
WBGene00012722.,191,2626,2817
WBGene00012723.,17,598,615
WBGene00012724.,4,1,5
WBGene00012725.,0,0,0
WBGene00012726.,2,4,6
WBGene00012727.,0,1,1
WBGene00012728.,9,325,334
WBGene00012729.,0,3,3
WBGene00012730.,764,2289,3053
WBGene00012731.,3,20,23
WBGene00012732.,258,730,988
WBGene00012734.,435,878,1313
WBGene00012735.,688,1730,2418
WBGene00012738.,114,9747,9861
WBGene00012739.,1120,6446,7566
WBGene00012740.,82,2185,2267
WBGene00012741.,4,10,14
WBGene00012742.,0,0,0
WBGene00012743.,7,4,11
WBGene00012744.,116,124,240
WBGene00012745.,0,4,4
WBGene00012746.,0,1,1
WBGene00012747.,10,6,16
WBGene00012748.,1,21,22
WBGene00012749.,30,66,96
WBGene00012750.,135,384,519
WBGene00012752.,0,0,0
WBGene00012753.,39,384,423
WBGene00012754.,12,93,105
WBGene00012755.,21,391,412
WBGene00012756.,175,823,998
WBGene00012757.,44,682,726
WBGene00012758.,15,232,247
WBGene00012759.,170,5169,5339
WBGene00012760.,3932,1116,5048
WBGene00012761.,0,6,6
WBGene00012762.,109,3697,3806
WBGene00012763.,187,668,855
WBGene00012764.,0,426,426
WBGene00012765.,190,2526,2716
WBGene00012766.,55,3983,4038
WBGene00012767.,387,1349,1736
WBGene00012768.,40,81738,81778
WBGene00012769.,408,4328,4736
WBGene00012770.,226,10,236
WBGene00012771.,3,4,7
WBGene00012772.,6,0,6
WBGene00012773.,1,1,2
WBGene00012775.,11,3,14
WBGene00012776.,74,286,360
WBGene00012777.,6,109,115
WBGene00012778.,9,176,185
WBGene00012779.,52,257,309
WBGene00012780.,7,68,75
WBGene00012781.,0,7,7
WBGene00012782.,31,428,459
WBGene00012783.,4,680,684
WBGene00012784.,9,12,21
WBGene00012785.,0,2,2
WBGene00012786.,0,27,27
WBGene00012787.,0,20,20
WBGene00012788.,32,5,37
WBGene00012789.,1,0,1
WBGene00012790.,0,0,0
WBGene00012791.,14,70,84
WBGene00012792.,0,5,5
WBGene00012793.,2,2,4
WBGene00012794.,69,2367,2436
WBGene00012795.,6,77,83
WBGene00012796.,34,272,306
WBGene00012798.,3,10,13
WBGene00012799.,0,6,6
WBGene00012802.,128,769,897
WBGene00012803.,43,4426,4469
WBGene00012804.,117,1290,1407
WBGene00012806.,48,625,673
WBGene00012807.,103,1652,1755
WBGene00012808.,5,59,64
WBGene00012809.,1,1,2
WBGene00012810.,1,6,7
WBGene00012811.,56,392,448
WBGene00012812.,417,13419,13836
WBGene00012813.,1958,15641,17599
WBGene00012814.,23,81,104
WBGene00012815.,5,91,96
WBGene00012816.,2,8,10
WBGene00012817.,10,18,28
WBGene00012818.,4,3,7
WBGene00012819.,58,694,752
WBGene00012820.,83,4,87
WBGene00012821.,80,1359,1439
WBGene00012822.,2,13,15
WBGene00012823.,0,22,22
WBGene00012824.,7,18,25
WBGene00012825.,83,655,738
WBGene00012826.,33,249,282
WBGene00012827.,1,7,8
WBGene00012828.,495,302,797
WBGene00012829.,402,3747,4149
WBGene00012830.,53,3274,3327
WBGene00012831.,3,14,17
WBGene00012832.,141,6,147
WBGene00012833.,10,186,196
WBGene00012834.,30,261,291
WBGene00012835.,42,340,382
WBGene00012836.,1,0,1
WBGene00012837.,0,1,1
WBGene00012838.,0,3,3
WBGene00012839.,0,0,0
WBGene00012840.,103,822,925
WBGene00012841.,0,1,1
WBGene00012844.,0,0,0
WBGene00012845.,131,246,377
WBGene00012846.,0,5,5
WBGene00012847.,9,8,17
WBGene00012848.,1,3,4
WBGene00012849.,0,1,1
WBGene00012850.,1051,9417,10468
WBGene00012851.,0,27,27
WBGene00012852.,451,144,595
WBGene00012853.,108,16630,16738
WBGene00012854.,220,3785,4005
WBGene00012855.,1,4,5
WBGene00012856.,16,58,74
WBGene00012857.,329,1898,2227
WBGene00012858.,84,1372,1456
WBGene00012859.,37,191,228
WBGene00012860.,72,848,920
WBGene00012861.,15,1025,1040
WBGene00012862.,1,3,4
WBGene00012863.,1,4,5
WBGene00012864.,23,137,160
WBGene00012866.,36,142,178
WBGene00012867.,46,673,719
WBGene00012868.,590,1746,2336
WBGene00012869.,34,1000,1034
WBGene00012870.,0,1,1
WBGene00012871.,0,0,0
WBGene00012872.,0,3,3
WBGene00012873.,2,7,9
WBGene00012874.,0,0,0
WBGene00012875.,1815,24307,26122
WBGene00012876.,5,8,13
WBGene00012877.,1,1,2
WBGene00012878.,0,0,0
WBGene00012879.,2,142,144
WBGene00012880.,5,4,9
WBGene00012883.,23,631,654
WBGene00012885.,383,5675,6058
WBGene00012886.,7,62,69
WBGene00012887.,264,3237,3501
WBGene00012888.,63,1160,1223
WBGene00012889.,177,720,897
WBGene00012890.,60,437,497
WBGene00012891.,682,6434,7116
WBGene00012892.,12,23,35
WBGene00012893.,3,23,26
WBGene00012894.,1182,1440,2622
WBGene00012895.,240,1014,1254
WBGene00012896.,125,6040,6165
WBGene00012897.,4,1505,1509
WBGene00012898.,5,40,45
WBGene00012899.,9,109,118
WBGene00012900.,0,68,68
WBGene00012901.,12,76,88
WBGene00012903.,208,4261,4469
WBGene00012904.,55,1089,1144
WBGene00012905.,0,6,6
WBGene00012906.,43,508,551
WBGene00012907.,3539,8461,12000
WBGene00012908.,293,1324,1617
WBGene00012909.,310,534,844
WBGene00012910.,9,39,48
WBGene00012911.,79,537,616
WBGene00012912.,0,2,2
WBGene00012913.,1,0,1
WBGene00012914.,1,13,14
WBGene00012915.,28,135,163
WBGene00012916.,0,0,0
WBGene00012917.,26,7,33
WBGene00012919.,8,14,22
WBGene00012920.,220,445,665
WBGene00012921.,0,111,111
WBGene00012922.,10,200,210
WBGene00012923.,34,218,252
WBGene00012924.,6,18,24
WBGene00012925.,0,3,3
WBGene00012926.,0,1,1
WBGene00012927.,47,582,629
WBGene00012928.,37,1887,1924
WBGene00012929.,547,3145,3692
WBGene00012930.,193,675,868
WBGene00012931.,92,727,819
WBGene00012932.,140,3380,3520
WBGene00012933.,0,131,131
WBGene00012934.,224,828,1052
WBGene00012935.,233,704,937
WBGene00012936.,317,3065,3382
WBGene00012937.,0,1,1
WBGene00012938.,181,161,342
WBGene00012939.,86,641,727
WBGene00012940.,15,12,27
WBGene00012941.,19,225,244
WBGene00012942.,2,82,84
WBGene00012943.,112,1067,1179
WBGene00012945.,0,40,40
WBGene00012946.,2,6,8
WBGene00012947.,0,7,7
WBGene00012948.,240,415,655
WBGene00012950.,74,1513,1587
WBGene00012951.,298,2408,2706
WBGene00012952.,2,19,21
WBGene00012953.,5,252,257
WBGene00012954.,12,91,103
WBGene00012955.,4,9,13
WBGene00012956.,147,97,244
WBGene00012958.,13,5,18
WBGene00012959.,6,26,32
WBGene00012960.,509,3495,4004
WBGene00012961.,8,221,229
WBGene00012962.,16,122,138
WBGene00012964.,334,24263,24597
WBGene00012965.,0,4,4
WBGene00012966.,19,1455,1474
WBGene00012967.,66,93,159
WBGene00012968.,36,301,337
WBGene00012969.,4,20,24
WBGene00012970.,18,82,100
WBGene00012972.,114,1623,1737
WBGene00012973.,1017,6532,7549
WBGene00012974.,116,39,155
WBGene00012975.,1289,287,1576
WBGene00012976.,77,427,504
WBGene00012977.,351,968,1319
WBGene00012978.,451,6439,6890
WBGene00012979.,7,60,67
WBGene00012980.,2190,4064,6254
WBGene00012981.,4,11,15
WBGene00012982.,268,1407,1675
WBGene00012983.,276,5652,5928
WBGene00012984.,118,1084,1202
WBGene00012985.,13,7,20
WBGene00012987.,205,2019,2224
WBGene00012988.,391,1788,2179
WBGene00012989.,1153,798,1951
WBGene00012990.,600,2055,2655
WBGene00012992.,227,4174,4401
WBGene00012993.,130,384,514
WBGene00012994.,211,808,1019
WBGene00012995.,512,1273,1785
WBGene00012996.,317,1568,1885
WBGene00012997.,33,868,901
WBGene00012998.,217,1305,1522
WBGene00012999.,508,4589,5097
WBGene00013000.,526,470,996
WBGene00013001.,455,1318,1773
WBGene00013002.,762,1222,1984
WBGene00013004.,704,5508,6212
WBGene00013006.,315,613,928
WBGene00013007.,15,208,223
WBGene00013008.,41,482,523
WBGene00013009.,7,106,113
WBGene00013010.,0,0,0
WBGene00013011.,33,548,581
WBGene00013013.,31,510,541
WBGene00013014.,229,1095,1324
WBGene00013015.,213,809,1022
WBGene00013017.,46,2331,2377
WBGene00013018.,39,2081,2120
WBGene00013019.,166,781,947
WBGene00013020.,211,2604,2815
WBGene00013021.,129,1023,1152
WBGene00013023.,53,208,261
WBGene00013024.,20,489,509
WBGene00013025.,8,8990,8998
WBGene00013026.,6,851,857
WBGene00013027.,43,1052,1095
WBGene00013028.,15,107,122
WBGene00013029.,158,2928,3086
WBGene00013030.,59,636,695
WBGene00013031.,0,25,25
WBGene00013032.,10,4,14
WBGene00013033.,4,0,4
WBGene00013034.,862,1758,2620
WBGene00013035.,27,223,250
WBGene00013036.,0,11,11
WBGene00013037.,37,353,390
WBGene00013038.,161,3075,3236
WBGene00013039.,332,2045,2377
WBGene00013040.,670,927,1597
WBGene00013041.,8,82,90
WBGene00013042.,121,650,771
WBGene00013043.,37,86,123
WBGene00013044.,9,2,11
WBGene00013045.,1,2,3
WBGene00013046.,13,304,317
WBGene00013047.,0,0,0
WBGene00013048.,13,569,582
WBGene00013049.,0,2,2
WBGene00013050.,3,4,7
WBGene00013051.,0,2,2
WBGene00013052.,2,11,13
WBGene00013053.,6,14,20
WBGene00013054.,1,42,43
WBGene00013055.,31,270,301
WBGene00013056.,0,2,2
WBGene00013058.,3,1,4
WBGene00013059.,0,1,1
WBGene00013060.,2,18,20
WBGene00013061.,0,1,1
WBGene00013062.,0,0,0
WBGene00013063.,0,0,0
WBGene00013064.,0,0,0
WBGene00013066.,6,12,18
WBGene00013067.,0,0,0
WBGene00013068.,0,8,8
WBGene00013069.,2,0,2
WBGene00013070.,1,2,3
WBGene00013071.,0,34,34
WBGene00013072.,8,11,19
WBGene00013073.,30,113,143
WBGene00013074.,41,932,973
WBGene00013075.,189,780,969
WBGene00013076.,18,57,75
WBGene00013077.,3530,53039,56569
WBGene00013078.,1271,20175,21446
WBGene00013079.,1718,11255,12973
WBGene00013080.,248,976,1224
WBGene00013081.,1059,30348,31407
WBGene00013082.,140,886,1026
WBGene00013083.,31,309,340
WBGene00013085.,0,61,61
WBGene00013086.,0,1,1
WBGene00013087.,0,13,13
WBGene00013088.,2,9,11
WBGene00013089.,0,0,0
WBGene00013090.,0,0,0
WBGene00013091.,2,5,7
WBGene00013093.,1144,780,1924
WBGene00013094.,662,25270,25932
WBGene00013095.,245,968,1213
WBGene00013096.,495,1328,1823
WBGene00013098.,105,422,527
WBGene00013100.,5,13,18
WBGene00013101.,3,41,44
WBGene00013102.,0,1,1
WBGene00013103.,44,918,962
WBGene00013104.,229,4408,4637
WBGene00013105.,1,0,1
WBGene00013106.,85,1906,1991
WBGene00013107.,2,18,20
WBGene00013109.,40,4980,5020
WBGene00013111.,129,1458,1587
WBGene00013112.,0,0,0
WBGene00013113.,2,0,2
WBGene00013114.,13,0,13
WBGene00013116.,3,9,12
WBGene00013117.,0,2,2
WBGene00013118.,24,73,97
WBGene00013119.,50,79,129
WBGene00013120.,0,2,2
WBGene00013121.,2,4,6
WBGene00013122.,41,595,636
WBGene00013123.,299,979,1278
WBGene00013124.,895,962,1857
WBGene00013125.,4,43,47
WBGene00013126.,3,1,4
WBGene00013127.,34,143,177
WBGene00013128.,157,1615,1772
WBGene00013129.,405,2968,3373
WBGene00013130.,0,0,0
WBGene00013131.,238,585,823
WBGene00013132.,139,874,1013
WBGene00013134.,5,18,23
WBGene00013135.,36,523,559
WBGene00013136.,69,1586,1655
WBGene00013137.,58,912,970
WBGene00013138.,1,0,1
WBGene00013139.,81,1048,1129
WBGene00013140.,43,1368,1411
WBGene00013141.,32,66,98
WBGene00013142.,1,5,6
WBGene00013143.,22,1890,1912
WBGene00013144.,671,5627,6298
WBGene00013145.,5,128,133
WBGene00013146.,39,161,200
WBGene00013147.,0,129,129
WBGene00013148.,0,0,0
WBGene00013149.,42,13,55
WBGene00013150.,54,2208,2262
WBGene00013151.,84,1646,1730
WBGene00013152.,0,4,4
WBGene00013153.,1,47,48
WBGene00013154.,0,2,2
WBGene00013155.,1,5,6
WBGene00013156.,14,1023,1037
WBGene00013157.,0,12,12
WBGene00013158.,2,23,25
WBGene00013159.,84,274,358
WBGene00013160.,756,1436,2192
WBGene00013161.,429,1449,1878
WBGene00013162.,0,4,4
WBGene00013163.,40,8,48
WBGene00013164.,92,207,299
WBGene00013165.,7,34,41
WBGene00013166.,8,176,184
WBGene00013167.,510,459,969
WBGene00013168.,136,4462,4598
WBGene00013169.,15,317,332
WBGene00013170.,1,0,1
WBGene00013171.,90,11,101
WBGene00013172.,0,0,0
WBGene00013173.,10,72,82
WBGene00013175.,2,16,18
WBGene00013176.,79,1729,1808
WBGene00013177.,187,2989,3176
WBGene00013178.,91,1298,1389
WBGene00013179.,3,1,4
WBGene00013180.,75,1082,1157
WBGene00013181.,4668,28064,32732
WBGene00013182.,0,2,2
WBGene00013184.,0,0,0
WBGene00013186.,0,0,0
WBGene00013187.,17,170,187
WBGene00013188.,44,334,378
WBGene00013189.,382,1335,1717
WBGene00013190.,0,34,34
WBGene00013192.,0,11,11
WBGene00013193.,86,942,1028
WBGene00013194.,2,5,7
WBGene00013195.,26,228,254
WBGene00013196.,36,254,290
WBGene00013197.,34,215,249
WBGene00013198.,16,94,110
WBGene00013200.,556,9921,10477
WBGene00013201.,347,1313,1660
WBGene00013202.,111,1490,1601
WBGene00013203.,82,952,1034
WBGene00013204.,36,862,898
WBGene00013207.,5,36,41
WBGene00013208.,25,227,252
WBGene00013209.,104,2428,2532
WBGene00013210.,0,8925,8925
WBGene00013211.,70,640,710
WBGene00013212.,71,166,237
WBGene00013213.,190,2876,3066
WBGene00013214.,64,647,711
WBGene00013215.,32,388,420
WBGene00013216.,41,989,1030
WBGene00013217.,167,1741,1908
WBGene00013218.,29,200,229
WBGene00013219.,48,4450,4498
WBGene00013220.,1,0,1
WBGene00013221.,6,31,37
WBGene00013222.,141,593,734
WBGene00013223.,304,2936,3240
WBGene00013224.,76,967,1043
WBGene00013225.,200,1222,1422
WBGene00013226.,8,1,9
WBGene00013227.,14,87,101
WBGene00013228.,2940,4087,7027
WBGene00013230.,0,0,0
WBGene00013231.,42,548,590
WBGene00013232.,197,644,841
WBGene00013233.,0,9,9
WBGene00013234.,0,14,14
WBGene00013235.,6,178,184
WBGene00013236.,33,3774,3807
WBGene00013237.,87,12158,12245
WBGene00013238.,788,19352,20140
WBGene00013239.,158,1928,2086
WBGene00013240.,239,773,1012
WBGene00013241.,76,988,1064
WBGene00013242.,54,291,345
WBGene00013243.,104,584,688
WBGene00013244.,70,259,329
WBGene00013246.,60,161,221
WBGene00013247.,12,94,106
WBGene00013248.,20,112,132
WBGene00013249.,12,51,63
WBGene00013250.,1,78,79
WBGene00013251.,11,71,82
WBGene00013252.,8,90,98
WBGene00013253.,83,282,365
WBGene00013254.,4,5,9
WBGene00013255.,315,3832,4147
WBGene00013256.,86,1809,1895
WBGene00013257.,20,141,161
WBGene00013258.,792,458,1250
WBGene00013259.,134,778,912
WBGene00013260.,40,1611,1651
WBGene00013261.,173,244,417
WBGene00013263.,14,2855,2869
WBGene00013264.,12,15,27
WBGene00013265.,209,832,1041
WBGene00013266.,74,2380,2454
WBGene00013267.,205,2161,2366
WBGene00013268.,39,767,806
WBGene00013269.,17,3138,3155
WBGene00013270.,158,558,716
WBGene00013272.,47,99,146
WBGene00013273.,292,2017,2309
WBGene00013275.,133,4388,4521
WBGene00013276.,1,22,23
WBGene00013277.,0,5,5
WBGene00013278.,3,30,33
WBGene00013279.,0,1,1
WBGene00013280.,0,0,0
WBGene00013281.,0,17,17
WBGene00013282.,0,0,0
WBGene00013283.,0,6,6
WBGene00013284.,6,893,899
WBGene00013285.,6,27,33
WBGene00013286.,4,36,40
WBGene00013287.,94,94,188
WBGene00013288.,1,0,1
WBGene00013289.,1120,3998,5118
WBGene00013290.,0,0,0
WBGene00013292.,119,893,1012
WBGene00013293.,21,199,220
WBGene00013294.,1,14,15
WBGene00013295.,2,228,230
WBGene00013296.,0,1,1
WBGene00013297.,3,2,5
WBGene00013298.,7,32,39
WBGene00013299.,0,0,0
WBGene00013300.,1,4,5
WBGene00013301.,13,4148,4161
WBGene00013302.,31,669,700
WBGene00013303.,89,295,384
WBGene00013304.,12,34,46
WBGene00013305.,0,4,4
WBGene00013306.,1,23,24
WBGene00013307.,54,4359,4413
WBGene00013308.,0,1248,1248
WBGene00013310.,85,124,209
WBGene00013311.,68,31009,31077
WBGene00013312.,8,205,213
WBGene00013313.,4,2,6
WBGene00013315.,0,0,0
WBGene00013316.,0,0,0
WBGene00013317.,547,2361,2908
WBGene00013318.,6,3,9
WBGene00013319.,0,2,2
WBGene00013320.,0,0,0
WBGene00013321.,195,1819,2014
WBGene00013322.,32,169,201
WBGene00013323.,11,1894,1905
WBGene00013324.,311,6238,6549
WBGene00013325.,87,550,637
WBGene00013326.,270,937,1207
WBGene00013327.,377,2753,3130
WBGene00013328.,2,3,5
WBGene00013329.,1,44,45
WBGene00013330.,1,235,236
WBGene00013331.,13,13,26
WBGene00013332.,26,1359,1385
WBGene00013333.,22,69,91
WBGene00013334.,169,1430,1599
WBGene00013335.,16,129,145
WBGene00013336.,23,115,138
WBGene00013337.,2,0,2
WBGene00013338.,1,0,1
WBGene00013339.,226,1308,1534
WBGene00013340.,308,5020,5328
WBGene00013341.,0,1,1
WBGene00013343.,789,5006,5795
WBGene00013344.,41,1355,1396
WBGene00013345.,47,183,230
WBGene00013347.,836,4375,5211
WBGene00013348.,8,173,181
WBGene00013349.,2,151,153
WBGene00013350.,318,723,1041
WBGene00013351.,0,1,1
WBGene00013352.,294,2918,3212
WBGene00013353.,95,180,275
WBGene00013354.,556,2613,3169
WBGene00013355.,320,1997,2317
WBGene00013356.,0,6,6
WBGene00013357.,6,3,9
WBGene00013358.,84,641,725
WBGene00013359.,33,556,589
WBGene00013360.,467,7785,8252
WBGene00013361.,474,1919,2393
WBGene00013362.,56,200,256
WBGene00013363.,1,20,21
WBGene00013364.,7,17,24
WBGene00013365.,180,2409,2589
WBGene00013366.,600,3161,3761
WBGene00013367.,4,5,9
WBGene00013368.,23,34,57
WBGene00013369.,0,3,3
WBGene00013370.,0,7,7
WBGene00013371.,0,0,0
WBGene00013372.,1,0,1
WBGene00013373.,4,17,21
WBGene00013374.,0,0,0
WBGene00013375.,29,120,149
WBGene00013376.,91,910,1001
WBGene00013378.,27,2707,2734
WBGene00013379.,510,2845,3355
WBGene00013380.,1,184,185
WBGene00013381.,13,90,103
WBGene00013382.,32,592,624
WBGene00013383.,10,104,114
WBGene00013385.,35,664,699
WBGene00013386.,0,2,2
WBGene00013387.,277,924,1201
WBGene00013388.,1,11,12
WBGene00013389.,3,3,6
WBGene00013390.,0,0,0
WBGene00013391.,0,1,1
WBGene00013392.,2,5,7
WBGene00013393.,0,0,0
WBGene00013394.,0,0,0
WBGene00013395.,1,3,4
WBGene00013396.,0,0,0
WBGene00013397.,2,2,4
WBGene00013398.,1,15,16
WBGene00013399.,3,1,4
WBGene00013400.,0,0,0
WBGene00013401.,0,8,8
WBGene00013402.,5,62,67
WBGene00013403.,3,87,90
WBGene00013404.,2,219,221
WBGene00013405.,54,426,480
WBGene00013406.,583,10905,11488
WBGene00013407.,48,444,492
WBGene00013408.,0,4,4
WBGene00013409.,0,1,1
WBGene00013410.,1,20,21
WBGene00013411.,3,1,4
WBGene00013412.,2,4,6
WBGene00013415.,203,1158,1361
WBGene00013416.,141,507,648
WBGene00013417.,24,30,54
WBGene00013418.,157,2109,2266
WBGene00013419.,16,65,81
WBGene00013421.,0,15,15
WBGene00013422.,167,1199,1366
WBGene00013424.,2,17,19
WBGene00013425.,106,439,545
WBGene00013426.,18,331,349
WBGene00013427.,35,2,37
WBGene00013429.,4,5,9
WBGene00013431.,135,295,430
WBGene00013432.,11,122,133
WBGene00013433.,2,532,534
WBGene00013434.,154,1203,1357
WBGene00013435.,249,4335,4584
WBGene00013436.,194,2174,2368
WBGene00013437.,2,31,33
WBGene00013438.,2,822,824
WBGene00013439.,7,52,59
WBGene00013440.,22,90,112
WBGene00013441.,176,1320,1496
WBGene00013442.,10,291,301
WBGene00013443.,102,392,494
WBGene00013445.,29,400,429
WBGene00013446.,357,1135,1492
WBGene00013447.,214,1197,1411
WBGene00013448.,148,1126,1274
WBGene00013449.,4,25,29
WBGene00013450.,4,11,15
WBGene00013451.,0,3,3
WBGene00013452.,1,2,3
WBGene00013453.,66,1335,1401
WBGene00013454.,4,1,5
WBGene00013455.,177,1049,1226
WBGene00013456.,58,434,492
WBGene00013457.,25,95,120
WBGene00013458.,109,1489,1598
WBGene00013459.,684,6110,6794
WBGene00013460.,410,1234,1644
WBGene00013461.,281,2278,2559
WBGene00013462.,164,3161,3325
WBGene00013463.,0,15438,15438
WBGene00013464.,126,787,913
WBGene00013465.,76,949,1025
WBGene00013466.,0,3,3
WBGene00013467.,1,0,1
WBGene00013468.,2,1,3
WBGene00013469.,0,3,3
WBGene00013470.,0,2,2
WBGene00013471.,0,2,2
WBGene00013472.,1,0,1
WBGene00013473.,0,2,2
WBGene00013474.,0,3,3
WBGene00013475.,0,0,0
WBGene00013476.,0,4,4
WBGene00013477.,169,7825,7994
WBGene00013478.,0,2,2
WBGene00013479.,80,294,374
WBGene00013480.,25,16,41
WBGene00013481.,630,10064,10694
WBGene00013482.,75,983,1058
WBGene00013483.,1,1,2
WBGene00013484.,15,23,38
WBGene00013485.,125,351,476
WBGene00013486.,23,43,66
WBGene00013487.,7,3,10
WBGene00013489.,37,15710,15747
WBGene00013490.,5,29,34
WBGene00013491.,0,0,0
WBGene00013492.,4,5,9
WBGene00013493.,0,6,6
WBGene00013494.,5,9,14
WBGene00013495.,4,0,4
WBGene00013496.,8,80,88
WBGene00013497.,13,137,150
WBGene00013498.,1,4,5
WBGene00013499.,63,318,381
WBGene00013500.,0,1,1
WBGene00013501.,0,4,4
WBGene00013502.,6,0,6
WBGene00013503.,7,1,8
WBGene00013505.,3,17,20
WBGene00013506.,266,448,714
WBGene00013507.,15,38,53
WBGene00013508.,1,9,10
WBGene00013509.,6,258,264
WBGene00013510.,142,106,248
WBGene00013511.,1,2,3
WBGene00013512.,23,37,60
WBGene00013513.,2,7,9
WBGene00013514.,1001,16504,17505
WBGene00013515.,1067,15314,16381
WBGene00013516.,166,2603,2769
WBGene00013517.,44,88,132
WBGene00013518.,137,751,888
WBGene00013519.,0,0,0
WBGene00013520.,8,9,17
WBGene00013521.,0,2,2
WBGene00013522.,167,974,1141
WBGene00013523.,0,0,0
WBGene00013524.,0,0,0
WBGene00013525.,3,12,15
WBGene00013526.,1,4,5
WBGene00013527.,3,0,3
WBGene00013528.,1,0,1
WBGene00013529.,262,1189,1451
WBGene00013530.,297,1716,2013
WBGene00013531.,311,2487,2798
WBGene00013532.,11,2472,2483
WBGene00013534.,62,85,147
WBGene00013535.,4,99,103
WBGene00013536.,179,51,230
WBGene00013537.,6,2,8
WBGene00013538.,223,1286,1509
WBGene00013539.,16,54,70
WBGene00013540.,28,244,272
WBGene00013541.,26,93,119
WBGene00013542.,62,720,782
WBGene00013543.,143,759,902
WBGene00013544.,367,6015,6382
WBGene00013545.,438,1413,1851
WBGene00013547.,17,133,150
WBGene00013548.,43,419,462
WBGene00013549.,183,980,1163
WBGene00013550.,82,2964,3046
WBGene00013551.,41,373,414
WBGene00013552.,8,370,378
WBGene00013553.,200,1954,2154
WBGene00013554.,92,381,473
WBGene00013555.,4,20,24
WBGene00013556.,265,1329,1594
WBGene00013557.,479,1867,2346
WBGene00013558.,102,1147,1249
WBGene00013559.,54,400,454
WBGene00013560.,93,504,597
WBGene00013561.,161,1397,1558
WBGene00013562.,5,24,29
WBGene00013563.,54,38,92
WBGene00013564.,7,10,17
WBGene00013565.,0,0,0
WBGene00013566.,0,0,0
WBGene00013567.,1,154,155
WBGene00013568.,68,731,799
WBGene00013569.,13,943,956
WBGene00013570.,0,0,0
WBGene00013571.,0,0,0
WBGene00013572.,0,0,0
WBGene00013573.,97,37,134
WBGene00013574.,52,54,106
WBGene00013575.,28,853,881
WBGene00013576.,15,308,323
WBGene00013577.,1692,18075,19767
WBGene00013578.,58,224,282
WBGene00013579.,8,6,14
WBGene00013580.,1094,1859,2953
WBGene00013581.,1,2,3
WBGene00013583.,0,1,1
WBGene00013584.,40,215,255
WBGene00013585.,12,206,218
WBGene00013586.,2,2,4
WBGene00013587.,40,175,215
WBGene00013588.,206,3224,3430
WBGene00013589.,0,16,16
WBGene00013590.,0,13,13
WBGene00013591.,64,1265,1329
WBGene00013592.,20,33,53
WBGene00013593.,132,1360,1492
WBGene00013594.,218,444,662
WBGene00013595.,105,1064,1169
WBGene00013596.,43,1280,1323
WBGene00013597.,589,8049,8638
WBGene00013598.,149,2474,2623
WBGene00013599.,421,704,1125
WBGene00013601.,93,867,960
WBGene00013602.,22,603,625
WBGene00013603.,300,3198,3498
WBGene00013604.,102,1465,1567
WBGene00013605.,136,2154,2290
WBGene00013606.,282,1981,2263
WBGene00013607.,0,0,0
WBGene00013608.,1,5,6
WBGene00013609.,0,19,19
WBGene00013610.,12,201,213
WBGene00013611.,1,117,118
WBGene00013612.,1,97,98
WBGene00013613.,2,2,4
WBGene00013614.,0,0,0
WBGene00013615.,7,0,7
WBGene00013616.,0,0,0
WBGene00013617.,0,0,0
WBGene00013618.,0,0,0
WBGene00013619.,0,0,0
WBGene00013620.,0,0,0
WBGene00013621.,1,0,1
WBGene00013622.,1,1,2
WBGene00013623.,23,423,446
WBGene00013624.,0,7,7
WBGene00013625.,0,0,0
WBGene00013626.,0,0,0
WBGene00013627.,0,1,1
WBGene00013628.,1,0,1
WBGene00013629.,8,1,9
WBGene00013631.,0,0,0
WBGene00013632.,221,406,627
WBGene00013633.,61,358,419
WBGene00013634.,24,61,85
WBGene00013635.,0,2,2
WBGene00013636.,0,2,2
WBGene00013637.,9,95,104
WBGene00013638.,287,2859,3146
WBGene00013639.,1234,882,2116
WBGene00013640.,126,24,150
WBGene00013642.,103,400,503
WBGene00013643.,5,57,62
WBGene00013644.,3,51,54
WBGene00013645.,0,2,2
WBGene00013646.,2,5,7
WBGene00013647.,283,3516,3799
WBGene00013648.,2,2,4
WBGene00013649.,0,4,4
WBGene00013650.,2,222,224
WBGene00013651.,5,5,10
WBGene00013652.,2,13,15
WBGene00013653.,1,13,14
WBGene00013654.,3,55,58
WBGene00013655.,7,24,31
WBGene00013656.,1,5,6
WBGene00013657.,0,0,0
WBGene00013658.,18,303,321
WBGene00013659.,0,25,25
WBGene00013661.,3,7,10
WBGene00013662.,5,93,98
WBGene00013665.,23,189,212
WBGene00013666.,87,839,926
WBGene00013667.,175,1191,1366
WBGene00013668.,120,1481,1601
WBGene00013669.,23,309,332
WBGene00013670.,378,2037,2415
WBGene00013671.,68,1655,1723
WBGene00013672.,50,158,208
WBGene00013673.,73,200,273
WBGene00013674.,117,847,964
WBGene00013676.,195,2622,2817
WBGene00013677.,455,2564,3019
WBGene00013678.,377,2195,2572
WBGene00013679.,177,1585,1762
WBGene00013680.,388,1381,1769
WBGene00013682.,1916,3379,5295
WBGene00013683.,204,3830,4034
WBGene00013684.,3,4,7
WBGene00013685.,16,61,77
WBGene00013687.,188,1365,1553
WBGene00013688.,404,5887,6291
WBGene00013689.,16,1155,1171
WBGene00013690.,41,1310,1351
WBGene00013691.,30,404,434
WBGene00013692.,127,1803,1930
WBGene00013693.,48,117,165
WBGene00013694.,87,1053,1140
WBGene00013695.,247,1738,1985
WBGene00013696.,3,12,15
WBGene00013697.,7,650,657
WBGene00013698.,33,1018,1051
WBGene00013699.,2,16,18
WBGene00013700.,5,81,86
WBGene00013701.,4,269,273
WBGene00013702.,45,338,383
WBGene00013703.,393,1540,1933
WBGene00013704.,29,311,340
WBGene00013705.,0,1,1
WBGene00013706.,1,4,5
WBGene00013707.,0,0,0
WBGene00013708.,6,334,340
WBGene00013709.,257,3549,3806
WBGene00013710.,2,34,36
WBGene00013711.,274,944,1218
WBGene00013712.,1,0,1
WBGene00013713.,0,3,3
WBGene00013716.,11,176,187
WBGene00013717.,12,319,331
WBGene00013718.,46,1720,1766
WBGene00013719.,26,699,725
WBGene00013720.,7,691,698
WBGene00013721.,0,2,2
WBGene00013722.,0,1,1
WBGene00013723.,0,44,44
WBGene00013724.,54,474,528
WBGene00013725.,83,1358,1441
WBGene00013726.,73,757,830
WBGene00013727.,14,251,265
WBGene00013728.,40,479,519
WBGene00013729.,7,541,548
WBGene00013730.,791,3616,4407
WBGene00013732.,2406,1846,4252
WBGene00013734.,10,4530,4540
WBGene00013735.,1845,4060,5905
WBGene00013736.,38,1137,1175
WBGene00013737.,481,1410,1891
WBGene00013738.,223,1675,1898
WBGene00013739.,166,113,279
WBGene00013740.,27,1697,1724
WBGene00013741.,10,69,79
WBGene00013742.,85,203,288
WBGene00013744.,1,7,8
WBGene00013746.,144,424,568
WBGene00013747.,14,0,14
WBGene00013748.,19,322,341
WBGene00013749.,19,91,110
WBGene00013750.,9,17,26
WBGene00013751.,26,272,298
WBGene00013752.,101,295,396
WBGene00013753.,48,363,411
WBGene00013754.,0,0,0
WBGene00013755.,2,47,49
WBGene00013756.,11,310,321
WBGene00013757.,0,8,8
WBGene00013758.,7,347,354
WBGene00013759.,0,0,0
WBGene00013760.,1,0,1
WBGene00013761.,3,119,122
WBGene00013762.,2,23,25
WBGene00013763.,7,86,93
WBGene00013764.,18,31,49
WBGene00013765.,127,2093,2220
WBGene00013766.,199,34087,34286
WBGene00013768.,264,589,853
WBGene00013770.,0,2,2
WBGene00013771.,2,6,8
WBGene00013772.,3,0,3
WBGene00013773.,1,7,8
WBGene00013774.,106,97,203
WBGene00013775.,0,16,16
WBGene00013776.,2,142,144
WBGene00013777.,0,2,2
WBGene00013778.,10,25,35
WBGene00013779.,4,35,39
WBGene00013781.,44,197,241
WBGene00013782.,43,199,242
WBGene00013783.,2,1,3
WBGene00013784.,1109,9743,10852
WBGene00013785.,0,3,3
WBGene00013786.,2,4,6
WBGene00013788.,0,0,0
WBGene00013789.,68,634,702
WBGene00013790.,99,929,1028
WBGene00013791.,0,0,0
WBGene00013792.,132,349,481
WBGene00013794.,0,0,0
WBGene00013795.,0,0,0
WBGene00013796.,0,0,0
WBGene00013797.,0,0,0
WBGene00013798.,0,2,2
WBGene00013799.,1,13,14
WBGene00013800.,2,2,4
WBGene00013801.,5,24,29
WBGene00013802.,78,175,253
WBGene00013803.,336,2630,2966
WBGene00013804.,425,3399,3824
WBGene00013805.,595,5411,6006
WBGene00013806.,46,278,324
WBGene00013807.,402,1060,1462
WBGene00013808.,367,2285,2652
WBGene00013809.,15,15,30
WBGene00013810.,3,3,6
WBGene00013811.,2,2,4
WBGene00013812.,31,62,93
WBGene00013814.,36,26,62
WBGene00013815.,0,2,2
WBGene00013816.,1,7,8
WBGene00013817.,11,31,42
WBGene00013819.,114,912,1026
WBGene00013820.,3,9,12
WBGene00013821.,12,4,16
WBGene00013822.,4,1,5
WBGene00013823.,16,9,25
WBGene00013824.,0,1,1
WBGene00013825.,23,41,64
WBGene00013826.,1,29,30
WBGene00013827.,0,2,2
WBGene00013828.,25,3,28
WBGene00013829.,0,21,21
WBGene00013830.,0,34,34
WBGene00013831.,4,3,7
WBGene00013832.,0,23,23
WBGene00013833.,4,29,33
WBGene00013834.,2,16,18
WBGene00013835.,15,100,115
WBGene00013836.,6,55,61
WBGene00013837.,0,3,3
WBGene00013838.,1,209,210
WBGene00013839.,1,20,21
WBGene00013840.,0,5,5
WBGene00013841.,4,51,55
WBGene00013842.,12,82,94
WBGene00013843.,2,14,16
WBGene00013844.,4,10,14
WBGene00013845.,19,287,306
WBGene00013846.,2,14,16
WBGene00013847.,181,1391,1572
WBGene00013848.,103,332,435
WBGene00013849.,11,53,64
WBGene00013850.,73,70,143
WBGene00013852.,25,269,294
WBGene00013853.,3,4150,4153
WBGene00013854.,1,0,1
WBGene00013855.,32,404,436
WBGene00013856.,1,58,59
WBGene00013857.,115,730,845
WBGene00013858.,0,2,2
WBGene00013859.,705,14590,15295
WBGene00013860.,316,3802,4118
WBGene00013862.,6,603,609
WBGene00013863.,2,1,3
WBGene00013865.,2,11,13
WBGene00013866.,325,4195,4520
WBGene00013867.,18,83,101
WBGene00013868.,1,16,17
WBGene00013869.,235,1973,2208
WBGene00013870.,26,345,371
WBGene00013871.,2,25,27
WBGene00013872.,149,772,921
WBGene00013873.,15,17,32
WBGene00013874.,6,73,79
WBGene00013875.,6,30,36
WBGene00013876.,14,301,315
WBGene00013877.,110,1202,1312
WBGene00013878.,474,2962,3436
WBGene00013879.,4,21,25
WBGene00013880.,16,2379,2395
WBGene00013881.,62,818,880
WBGene00013882.,611,8356,8967
WBGene00013883.,23,79,102
WBGene00013884.,3695,36606,40301
WBGene00013886.,4,17,21
WBGene00013887.,0,4,4
WBGene00013888.,0,0,0
WBGene00013889.,0,0,0
WBGene00013890.,0,0,0
WBGene00013891.,0,21,21
WBGene00013892.,162,3415,3577
WBGene00013893.,25,1792,1817
WBGene00013894.,86,966,1052
WBGene00013895.,27,374,401
WBGene00013896.,51,380,431
WBGene00013897.,15,656,671
WBGene00013898.,161,2054,2215
WBGene00013899.,20,494,514
WBGene00013900.,2,31,33
WBGene00013901.,11,618,629
WBGene00013902.,39,174,213
WBGene00013903.,0,31,31
WBGene00013904.,1,14,15
WBGene00013905.,1,19,20
WBGene00013906.,6,157,163
WBGene00013907.,2,30,32
WBGene00013908.,2,3,5
WBGene00013909.,1,5,6
WBGene00013910.,0,0,0
WBGene00013911.,2,8,10
WBGene00013912.,2,5,7
WBGene00013913.,1,1,2
WBGene00013914.,27,80,107
WBGene00013915.,1,1,2
WBGene00013916.,4,9,13
WBGene00013917.,54,670,724
WBGene00013918.,0,0,0
WBGene00013919.,208,1697,1905
WBGene00013920.,56,2692,2748
WBGene00013921.,144,876,1020
WBGene00013923.,8,115,123
WBGene00013924.,139,5223,5362
WBGene00013925.,71,1401,1472
WBGene00013926.,4,211,215
WBGene00013927.,0,0,0
WBGene00013928.,1,0,1
WBGene00013929.,1,7,8
WBGene00013930.,0,2,2
WBGene00013931.,8,0,8
WBGene00013932.,1,0,1
WBGene00013933.,10,25,35
WBGene00013934.,659,2678,3337
WBGene00013935.,0,1,1
WBGene00013937.,0,3,3
WBGene00013938.,38,874,912
WBGene00013939.,0,37,37
WBGene00013940.,0,0,0
WBGene00013941.,0,1,1
WBGene00013942.,1,2,3
WBGene00013943.,0,2,2
WBGene00013944.,0,2,2
WBGene00013946.,75,373,448
WBGene00013947.,68,628,696
WBGene00013948.,0,0,0
WBGene00013949.,23,269,292
WBGene00013950.,50,420,470
WBGene00013951.,0,2,2
WBGene00013953.,0,0,0
WBGene00013954.,0,5,5
WBGene00013955.,101,48,149
WBGene00013956.,1,0,1
WBGene00013957.,149,326,475
WBGene00013958.,214,5861,6075
WBGene00013959.,98,744,842
WBGene00013960.,17,81,98
WBGene00013961.,0,13,13
WBGene00013962.,92,1306,1398
WBGene00013963.,8,163,171
WBGene00013964.,6,615,621
WBGene00013965.,5,56,61
WBGene00013966.,19,671,690
WBGene00013967.,67,571,638
WBGene00013968.,1,23,24
WBGene00013969.,165,2807,2972
WBGene00013970.,131,812,943
WBGene00013971.,0,0,0
WBGene00013972.,0,0,0
WBGene00013973.,0,0,0
WBGene00013974.,6,21,27
WBGene00013975.,18,112,130
WBGene00013976.,12,28,40
WBGene00013978.,1,1,2
WBGene00013979.,0,2,2
WBGene00013980.,30,199,229
WBGene00013982.,11,267,278
WBGene00013983.,52,4694,4746
WBGene00013984.,662,2456,3118
WBGene00013985.,47,1510,1557
WBGene00013986.,0,14,14
WBGene00013987.,6,28,34
WBGene00013988.,2,3,5
WBGene00013989.,23,519,542
WBGene00013993.,0,0,0
WBGene00013994.,64,910,974
WBGene00013995.,1,11,12
WBGene00013996.,2,43,45
WBGene00013997.,283,3877,4160
WBGene00013998.,16,634,650
WBGene00013999.,1,5,6
WBGene00014000.,12,323,335
WBGene00014001.,146,2855,3001
WBGene00014002.,20,114,134
WBGene00014003.,23,4737,4760
WBGene00014004.,150,1388,1538
WBGene00014005.,2,7,9
WBGene00014006.,3,1620,1623
WBGene00014007.,1,23,24
WBGene00014008.,18,364,382
WBGene00014009.,2,30,32
WBGene00014011.,39,2364,2403
WBGene00014012.,60,2606,2666
WBGene00014013.,65,3337,3402
WBGene00014014.,84,523,607
WBGene00014015.,100,2165,2265
WBGene00014016.,1066,18808,19874
WBGene00014017.,142,2738,2880
WBGene00014018.,219,1569,1788
WBGene00014019.,89,1199,1288
WBGene00014020.,42,1174,1216
WBGene00014021.,247,862,1109
WBGene00014022.,516,9067,9583
WBGene00014023.,163,522,685
WBGene00014024.,58,340,398
WBGene00014025.,110,2849,2959
WBGene00014026.,0,0,0
WBGene00014027.,21,188,209
WBGene00014028.,44,434,478
WBGene00014029.,1,5,6
WBGene00014030.,45,5846,5891
WBGene00014031.,29,2222,2251
WBGene00014032.,2,3,5
WBGene00014033.,90,498,588
WBGene00014034.,2,459,461
WBGene00014035.,100,672,772
WBGene00014036.,681,3236,3917
WBGene00014037.,2036,3,2039
WBGene00014039.,5,74,79
WBGene00014040.,0,1,1
WBGene00014041.,0,0,0
WBGene00014042.,0,0,0
WBGene00014043.,0,0,0
WBGene00014044.,0,3,3
WBGene00014045.,0,0,0
WBGene00014046.,0,1,1
WBGene00014047.,0,2,2
WBGene00014048.,1,6,7
WBGene00014049.,1,0,1
WBGene00014050.,0,3,3
WBGene00014051.,427,1726,2153
WBGene00014052.,4,48,52
WBGene00014053.,10,25,35
WBGene00014054.,139,8775,8914
WBGene00014055.,84,1146,1230
WBGene00014057.,17,346,363
WBGene00014058.,139,2407,2546
WBGene00014060.,25,177,202
WBGene00014061.,0,0,0
WBGene00014062.,9,38,47
WBGene00014063.,1,23,24
WBGene00014064.,0,10,10
WBGene00014065.,96,79,175
WBGene00014066.,56,737,793
WBGene00014067.,3,153,156
WBGene00014068.,6,11,17
WBGene00014069.,1,18,19
WBGene00014070.,12,3,15
WBGene00014073.,10,72,82
WBGene00014074.,88,639,727
WBGene00014075.,160,1819,1979
WBGene00014076.,112,738,850
WBGene00014077.,37,274,311
WBGene00014078.,303,4581,4884
WBGene00014079.,53,398,451
WBGene00014080.,33,475,508
WBGene00014081.,63,668,731
WBGene00014082.,9,17,26
WBGene00014083.,187,4133,4320
WBGene00014084.,0,3,3
WBGene00014085.,26,91,117
WBGene00014086.,1768,21886,23654
WBGene00014087.,58,1657,1715
WBGene00014088.,998,49619,50617
WBGene00014089.,29,70,99
WBGene00014090.,31,1931,1962
WBGene00014091.,938,27622,28560
WBGene00014092.,711,8991,9702
WBGene00014093.,97,55,152
WBGene00014094.,23,143,166
WBGene00014095.,159,60185,60344
WBGene00014096.,18,4638,4656
WBGene00014097.,1,39,40
WBGene00014098.,272,3771,4043
WBGene00014099.,28,585,613
WBGene00014100.,3,36,39
WBGene00014101.,215,572,787
WBGene00014102.,1,6,7
WBGene00014103.,12,40,52
WBGene00014104.,0,1,1
WBGene00014105.,12,41,53
WBGene00014106.,77,363,440
WBGene00014107.,13,207,220
WBGene00014108.,550,23031,23581
WBGene00014109.,49,4071,4120
WBGene00014111.,36,1173,1209
WBGene00014112.,91,2320,2411
WBGene00014113.,13,374,387
WBGene00014114.,41,955,996
WBGene00014115.,143,2440,2583
WBGene00014116.,3,12,15
WBGene00014117.,2,69,71
WBGene00014118.,83,676,759
WBGene00014119.,214,1171,1385
WBGene00014120.,0,551,551
WBGene00014121.,29,38,67
WBGene00014122.,32,55,87
WBGene00014123.,19,1541,1560
WBGene00014124.,35,1171,1206
WBGene00014125.,16,1148,1164
WBGene00014126.,0,0,0
WBGene00014127.,2,5,7
WBGene00014128.,0,1,1
WBGene00014129.,0,1,1
WBGene00014130.,0,2,2
WBGene00014131.,1,25,26
WBGene00014132.,0,4,4
WBGene00014134.,5,14,19
WBGene00014135.,4,29,33
WBGene00014136.,40,153,193
WBGene00014137.,11,303,314
WBGene00014138.,20,164,184
WBGene00014139.,260,372,632
WBGene00014140.,580,646,1226
WBGene00014141.,10,179,189
WBGene00014142.,6,28,34
WBGene00014143.,0,1,1
WBGene00014144.,0,2,2
WBGene00014145.,12,69,81
WBGene00014147.,0,0,0
WBGene00014148.,196,2871,3067
WBGene00014149.,2,13,15
WBGene00014150.,55,489,544
WBGene00014151.,107,1173,1280
WBGene00014152.,5,30,35
WBGene00014153.,34,1381,1415
WBGene00014154.,0,18,18
WBGene00014155.,5,42,47
WBGene00014156.,84,1747,1831
WBGene00014157.,0,0,0
WBGene00014158.,1,3,4
WBGene00014159.,5,375,380
WBGene00014160.,0,24,24
WBGene00014161.,2,14,16
WBGene00014162.,1,6,7
WBGene00014163.,0,188,188
WBGene00014164.,9,236,245
WBGene00014165.,627,16136,16763
WBGene00014166.,12,72,84
WBGene00014168.,0,2,2
WBGene00014169.,1,14,15
WBGene00014170.,1,20,21
WBGene00014171.,2313,5214,7527
WBGene00014172.,111,1238,1349
WBGene00014173.,4,23,27
WBGene00014174.,0,5,5
WBGene00014175.,65,629,694
WBGene00014176.,97,1392,1489
WBGene00014177.,77,2393,2470
WBGene00014178.,9,68,77
WBGene00014179.,1,0,1
WBGene00014180.,2,0,2
WBGene00014181.,11,110,121
WBGene00014182.,0,0,0
WBGene00014183.,6,1321,1327
WBGene00014184.,1,21,22
WBGene00014185.,0,2,2
WBGene00014186.,0,0,0
WBGene00014188.,0,0,0
WBGene00014189.,1,29,30
WBGene00014190.,1,3,4
WBGene00014191.,1,0,1
WBGene00014192.,0,0,0
WBGene00014193.,0,2,2
WBGene00014194.,0,1,1
WBGene00014195.,2,26,28
WBGene00014196.,3,21,24
WBGene00014197.,0,1,1
WBGene00014198.,2,138,140
WBGene00014199.,0,10,10
WBGene00014200.,3,45,48
WBGene00014201.,0,0,0
WBGene00014202.,218,6332,6550
WBGene00014203.,20,297,317
WBGene00014204.,64,7221,7285
WBGene00014205.,33,763,796
WBGene00014206.,8,304,312
WBGene00014207.,229,8465,8694
WBGene00014208.,33,1349,1382
WBGene00014209.,126,1584,1710
WBGene00014210.,17,199,216
WBGene00014213.,298,5152,5450
WBGene00014214.,762,1940,2702
WBGene00014215.,173,968,1141
WBGene00014216.,0,0,0
WBGene00014217.,0,1,1
WBGene00014218.,175,4813,4988
WBGene00014219.,42,1131,1173
WBGene00014220.,36,442,478
WBGene00014221.,74,2129,2203
WBGene00014222.,115,860,975
WBGene00014223.,72,79,151
WBGene00014224.,206,5588,5794
WBGene00014225.,6,43,49
WBGene00014226.,0,69,69
WBGene00014227.,150,1616,1766
WBGene00014228.,7,596,603
WBGene00014229.,2,2,4
WBGene00014230.,27,747,774
WBGene00014232.,173,2932,3105
WBGene00014233.,49,1269,1318
WBGene00014234.,4,1278,1282
WBGene00014235.,3,37,40
WBGene00014236.,1,7,8
WBGene00014238.,0,1,1
WBGene00014239.,0,1,1
WBGene00014240.,0,1,1
WBGene00014241.,0,6,6
WBGene00014242.,0,0,0
WBGene00014243.,160,2828,2988
WBGene00014244.,24,1133,1157
WBGene00014245.,2,8,10
WBGene00014246.,2,0,2
WBGene00014247.,0,0,0
WBGene00014248.,117,447,564
WBGene00014249.,75,4740,4815
WBGene00014250.,11,671,682
WBGene00014251.,112,1508,1620
WBGene00014252.,39,612,651
WBGene00014253.,20,370,390
WBGene00014254.,10,177,187
WBGene00014255.,1,106,107
WBGene00014256.,16,348,364
WBGene00014258.,248,5639,5887
WBGene00014259.,144,2891,3035
WBGene00014260.,59,62,121
WBGene00014261.,899,1985,2884
WBGene00014262.,993,16842,17835
WBGene00014263.,0,0,0
WBGene00014264.,0,0,0
WBGene00014265.,0,0,0
WBGene00014266.,0,0,0
WBGene00014267.,0,0,0
WBGene00014268.,0,0,0
WBGene00014269.,0,0,0
WBGene00014270.,0,0,0
WBGene00014271.,0,0,0
WBGene00014272.,0,0,0
WBGene00014273.,0,0,0
WBGene00014274.,0,0,0
WBGene00014275.,0,0,0
WBGene00014276.,0,0,0
WBGene00014277.,0,0,0
WBGene00014278.,0,0,0
WBGene00014279.,0,1,1
WBGene00014280.,0,0,0
WBGene00014281.,0,0,0
WBGene00014282.,0,0,0
WBGene00014283.,0,0,0
WBGene00014284.,0,0,0
WBGene00014285.,0,0,0
WBGene00014286.,0,0,0
WBGene00014287.,0,0,0
WBGene00014288.,0,2,2
WBGene00014289.,0,0,0
WBGene00014290.,0,0,0
WBGene00014291.,0,42,42
WBGene00014292.,0,0,0
WBGene00014293.,0,0,0
WBGene00014294.,1040,5662,6702
WBGene00014295.,0,0,0
WBGene00014296.,0,0,0
WBGene00014297.,0,1,1
WBGene00014298.,0,0,0
WBGene00014299.,0,0,0
WBGene00014300.,44,288,332
WBGene00014301.,0,0,0
WBGene00014302.,0,0,0
WBGene00014303.,0,0,0
WBGene00014304.,0,1,1
WBGene00014305.,0,0,0
WBGene00014306.,0,0,0
WBGene00014307.,3665,68845,72510
WBGene00014308.,32,13431,13463
WBGene00014309.,6330,96021,102351
WBGene00014310.,0,0,0
WBGene00014311.,0,0,0
WBGene00014312.,0,0,0
WBGene00014313.,0,0,0
WBGene00014314.,0,0,0
WBGene00014315.,0,0,0
WBGene00014316.,0,0,0
WBGene00014317.,0,36,36
WBGene00014318.,0,0,0
WBGene00014319.,0,0,0
WBGene00014320.,0,2,2
WBGene00014321.,0,0,0
WBGene00014322.,0,5,5
WBGene00014323.,0,0,0
WBGene00014324.,0,0,0
WBGene00014325.,0,0,0
WBGene00014326.,0,0,0
WBGene00014327.,0,0,0
WBGene00014328.,0,2,2
WBGene00014329.,0,5,5
WBGene00014330.,0,0,0
WBGene00014331.,0,0,0
WBGene00014332.,0,0,0
WBGene00014333.,0,0,0
WBGene00014334.,0,0,0
WBGene00014335.,0,0,0
WBGene00014336.,0,0,0
WBGene00014337.,0,0,0
WBGene00014338.,0,0,0
WBGene00014339.,0,0,0
WBGene00014340.,0,0,0
WBGene00014341.,0,0,0
WBGene00014342.,0,0,0
WBGene00014343.,0,0,0
WBGene00014344.,0,0,0
WBGene00014345.,0,0,0
WBGene00014346.,0,1,1
WBGene00014347.,0,0,0
WBGene00014348.,0,1,1
WBGene00014349.,0,5,5
WBGene00014350.,0,4,4
WBGene00014351.,0,0,0
WBGene00014352.,0,0,0
WBGene00014353.,0,0,0
WBGene00014354.,0,0,0
WBGene00014355.,0,0,0
WBGene00014356.,0,0,0
WBGene00014357.,0,0,0
WBGene00014358.,0,0,0
WBGene00014359.,0,0,0
WBGene00014360.,0,0,0
WBGene00014361.,0,0,0
WBGene00014362.,0,0,0
WBGene00014363.,0,0,0
WBGene00014364.,0,0,0
WBGene00014365.,0,0,0
WBGene00014366.,0,0,0
WBGene00014367.,0,0,0
WBGene00014368.,0,0,0
WBGene00014369.,0,0,0
WBGene00014370.,0,0,0
WBGene00014371.,0,40,40
WBGene00014372.,0,0,0
WBGene00014373.,1,0,1
WBGene00014374.,0,0,0
WBGene00014375.,0,2,2
WBGene00014376.,0,0,0
WBGene00014377.,0,0,0
WBGene00014378.,0,0,0
WBGene00014379.,0,0,0
WBGene00014380.,0,0,0
WBGene00014381.,0,0,0
WBGene00014382.,0,0,0
WBGene00014384.,0,0,0
WBGene00014385.,0,2,2
WBGene00014386.,0,0,0
WBGene00014387.,0,0,0
WBGene00014388.,0,0,0
WBGene00014389.,0,0,0
WBGene00014390.,0,0,0
WBGene00014391.,0,0,0
WBGene00014392.,0,0,0
WBGene00014393.,0,0,0
WBGene00014394.,0,17,17
WBGene00014395.,0,0,0
WBGene00014396.,0,0,0
WBGene00014397.,0,0,0
WBGene00014398.,0,0,0
WBGene00014399.,0,0,0
WBGene00014400.,0,0,0
WBGene00014401.,0,0,0
WBGene00014402.,0,0,0
WBGene00014403.,0,0,0
WBGene00014404.,0,0,0
WBGene00014405.,0,7,7
WBGene00014406.,0,0,0
WBGene00014407.,0,0,0
WBGene00014408.,0,0,0
WBGene00014409.,0,0,0
WBGene00014410.,0,0,0
WBGene00014411.,0,0,0
WBGene00014413.,0,0,0
WBGene00014414.,0,0,0
WBGene00014415.,0,0,0
WBGene00014416.,0,0,0
WBGene00014417.,0,5,5
WBGene00014418.,0,0,0
WBGene00014419.,0,0,0
WBGene00014420.,0,1,1
WBGene00014421.,0,0,0
WBGene00014422.,0,0,0
WBGene00014423.,0,0,0
WBGene00014424.,0,0,0
WBGene00014425.,0,0,0
WBGene00014426.,0,0,0
WBGene00014427.,0,0,0
WBGene00014428.,0,15,15
WBGene00014429.,0,0,0
WBGene00014430.,0,0,0
WBGene00014431.,0,0,0
WBGene00014432.,0,0,0
WBGene00014433.,0,0,0
WBGene00014434.,0,0,0
WBGene00014435.,0,0,0
WBGene00014436.,0,0,0
WBGene00014437.,0,0,0
WBGene00014438.,0,0,0
WBGene00014439.,0,13,13
WBGene00014440.,0,0,0
WBGene00014441.,0,0,0
WBGene00014442.,0,0,0
WBGene00014443.,0,0,0
WBGene00014444.,0,0,0
WBGene00014445.,0,0,0
WBGene00014446.,0,0,0
WBGene00014447.,0,0,0
WBGene00014448.,0,0,0
WBGene00014449.,0,0,0
WBGene00014450.,0,27,27
WBGene00014451.,0,20,20
WBGene00014452.,0,80,80
WBGene00014453.,0,10,10
WBGene00014454.,0,263658,263658
WBGene00014455.,0,9,9
WBGene00014456.,0,25,25
WBGene00014457.,0,468,468
WBGene00014458.,0,2,2
WBGene00014459.,0,70,70
WBGene00014460.,0,44,44
WBGene00014461.,0,27,27
WBGene00014462.,0,207,207
WBGene00014463.,0,10,10
WBGene00014464.,0,2,2
WBGene00014465.,0,19,19
WBGene00014466.,0,318,318
WBGene00014467.,0,51,51
WBGene00014468.,0,13,13
WBGene00014469.,0,7,7
WBGene00014470.,0,76,76
WBGene00014471.,0,22,22
WBGene00014472.,0,171715,171715
WBGene00014473.,0,4247,4247
WBGene00014474.,0,0,0
WBGene00014475.,0,0,0
WBGene00014476.,0,4,4
WBGene00014477.,0,0,0
WBGene00014478.,0,1,1
WBGene00014479.,0,0,0
WBGene00014480.,0,0,0
WBGene00014481.,0,0,0
WBGene00014482.,0,0,0
WBGene00014483.,0,0,0
WBGene00014484.,0,0,0
WBGene00014485.,0,0,0
WBGene00014486.,0,1,1
WBGene00014487.,0,0,0
WBGene00014488.,0,0,0
WBGene00014489.,0,0,0
WBGene00014490.,0,0,0
WBGene00014491.,0,0,0
WBGene00014493.,0,0,0
WBGene00014494.,0,0,0
WBGene00014495.,0,0,0
WBGene00014496.,0,0,0
WBGene00014497.,0,0,0
WBGene00014498.,0,0,0
WBGene00014499.,0,0,0
WBGene00014500.,0,6,6
WBGene00014501.,0,0,0
WBGene00014502.,0,0,0
WBGene00014503.,0,0,0
WBGene00014504.,0,0,0
WBGene00014505.,0,72790,72790
WBGene00014506.,0,0,0
WBGene00014507.,0,0,0
WBGene00014508.,0,0,0
WBGene00014509.,0,0,0
WBGene00014510.,0,2,2
WBGene00014511.,0,0,0
WBGene00014512.,0,0,0
WBGene00014513.,0,0,0
WBGene00014514.,0,0,0
WBGene00014515.,0,0,0
WBGene00014516.,0,0,0
WBGene00014517.,0,0,0
WBGene00014518.,0,0,0
WBGene00014519.,0,1,1
WBGene00014520.,0,0,0
WBGene00014521.,0,0,0
WBGene00014522.,0,0,0
WBGene00014523.,0,0,0
WBGene00014524.,0,0,0
WBGene00014525.,0,0,0
WBGene00014526.,0,0,0
WBGene00014527.,0,0,0
WBGene00014528.,0,0,0
WBGene00014529.,0,0,0
WBGene00014530.,0,0,0
WBGene00014531.,0,0,0
WBGene00014532.,0,0,0
WBGene00014533.,0,2,2
WBGene00014534.,0,0,0
WBGene00014535.,0,0,0
WBGene00014536.,0,0,0
WBGene00014537.,0,0,0
WBGene00014538.,0,1,1
WBGene00014539.,0,0,0
WBGene00014540.,0,0,0
WBGene00014541.,0,0,0
WBGene00014542.,0,75,75
WBGene00014543.,0,0,0
WBGene00014544.,0,0,0
WBGene00014545.,0,0,0
WBGene00014546.,0,0,0
WBGene00014547.,0,0,0
WBGene00014548.,0,0,0
WBGene00014549.,0,0,0
WBGene00014550.,0,0,0
WBGene00014551.,0,0,0
WBGene00014552.,0,0,0
WBGene00014553.,0,0,0
WBGene00014554.,0,17,17
WBGene00014555.,0,0,0
WBGene00014556.,0,0,0
WBGene00014557.,0,0,0
WBGene00014558.,0,0,0
WBGene00014559.,0,0,0
WBGene00014560.,0,0,0
WBGene00014561.,0,0,0
WBGene00014562.,26,291,317
WBGene00014563.,0,0,0
WBGene00014564.,0,0,0
WBGene00014565.,0,0,0
WBGene00014566.,0,0,0
WBGene00014567.,0,0,0
WBGene00014568.,0,0,0
WBGene00014569.,190,775,965
WBGene00014570.,0,0,0
WBGene00014571.,0,0,0
WBGene00014572.,0,0,0
WBGene00014573.,0,0,0
WBGene00014574.,0,0,0
WBGene00014575.,0,0,0
WBGene00014576.,13,177,190
WBGene00014577.,0,3,3
WBGene00014578.,0,0,0
WBGene00014579.,0,0,0
WBGene00014580.,0,0,0
WBGene00014581.,0,0,0
WBGene00014582.,0,0,0
WBGene00014583.,0,0,0
WBGene00014584.,0,1,1
WBGene00014585.,0,0,0
WBGene00014586.,0,0,0
WBGene00014587.,0,0,0
WBGene00014588.,0,0,0
WBGene00014589.,0,6,6
WBGene00014590.,0,0,0
WBGene00014591.,0,0,0
WBGene00014592.,0,0,0
WBGene00014593.,0,0,0
WBGene00014594.,0,0,0
WBGene00014595.,0,0,0
WBGene00014596.,0,1,1
WBGene00014597.,0,0,0
WBGene00014598.,0,0,0
WBGene00014599.,0,0,0
WBGene00014600.,0,0,0
WBGene00014601.,0,0,0
WBGene00014602.,0,0,0
WBGene00014603.,0,0,0
WBGene00014604.,0,0,0
WBGene00014605.,0,6,6
WBGene00014606.,0,0,0
WBGene00014607.,0,0,0
WBGene00014608.,0,0,0
WBGene00014609.,0,0,0
WBGene00014610.,0,0,0
WBGene00014611.,0,0,0
WBGene00014612.,0,0,0
WBGene00014613.,202,1001,1203
WBGene00014614.,0,3,3
WBGene00014615.,3,6,9
WBGene00014616.,0,0,0
WBGene00014617.,0,0,0
WBGene00014618.,0,0,0
WBGene00014619.,0,0,0
WBGene00014620.,0,0,0
WBGene00014621.,0,0,0
WBGene00014622.,0,1,1
WBGene00014623.,0,0,0
WBGene00014624.,0,0,0
WBGene00014625.,0,0,0
WBGene00014626.,0,0,0
WBGene00014627.,0,0,0
WBGene00014628.,0,0,0
WBGene00014629.,0,0,0
WBGene00014630.,0,0,0
WBGene00014631.,0,0,0
WBGene00014632.,0,0,0
WBGene00014633.,0,0,0
WBGene00014634.,0,0,0
WBGene00014635.,0,0,0
WBGene00014636.,0,0,0
WBGene00014637.,0,0,0
WBGene00014638.,0,0,0
WBGene00014639.,0,0,0
WBGene00014640.,0,0,0
WBGene00014641.,5,18,23
WBGene00014643.,0,150,150
WBGene00014644.,0,0,0
WBGene00014645.,0,0,0
WBGene00014646.,0,0,0
WBGene00014647.,0,0,0
WBGene00014648.,0,0,0
WBGene00014649.,0,0,0
WBGene00014650.,0,0,0
WBGene00014651.,0,0,0
WBGene00014652.,0,0,0
WBGene00014653.,0,0,0
WBGene00014654.,0,0,0
WBGene00014655.,0,0,0
WBGene00014656.,0,0,0
WBGene00014657.,0,6,6
WBGene00014658.,0,3,3
WBGene00014659.,0,2,2
WBGene00014660.,1,6,7
WBGene00014663.,0,135,135
WBGene00014664.,0,1,1
WBGene00014665.,0,0,0
WBGene00014666.,5,109,114
WBGene00014667.,1,25,26
WBGene00014668.,4,15,19
WBGene00014669.,4,96,100
WBGene00014670.,0,0,0
WBGene00014671.,0,0,0
WBGene00014672.,0,41,41
WBGene00014673.,0,0,0
WBGene00014674.,0,11,11
WBGene00014675.,0,1,1
WBGene00014676.,0,0,0
WBGene00014677.,0,0,0
WBGene00014678.,0,4,4
WBGene00014679.,0,2,2
WBGene00014681.,0,0,0
WBGene00014682.,0,0,0
WBGene00014683.,0,0,0
WBGene00014684.,0,1,1
WBGene00014685.,0,0,0
WBGene00014686.,0,3,3
WBGene00014689.,0,0,0
WBGene00014691.,0,0,0
WBGene00014692.,0,0,0
WBGene00014693.,0,1,1
WBGene00014694.,0,5,5
WBGene00014695.,0,0,0
WBGene00014696.,0,0,0
WBGene00014697.,106,1530,1636
WBGene00014698.,7,97,104
WBGene00014699.,0,1,1
WBGene00014700.,1,11,12
WBGene00014701.,0,12,12
WBGene00014702.,0,12,12
WBGene00014703.,0,0,0
WBGene00014704.,0,1,1
WBGene00014705.,0,2,2
WBGene00014706.,0,0,0
WBGene00014707.,0,3,3
WBGene00014708.,0,0,0
WBGene00014710.,1,2,3
WBGene00014711.,2,0,2
WBGene00014714.,0,19,19
WBGene00014715.,0,0,0
WBGene00014716.,0,0,0
WBGene00014717.,0,0,0
WBGene00014718.,0,0,0
WBGene00014719.,0,0,0
WBGene00014720.,0,0,0
WBGene00014721.,0,0,0
WBGene00014722.,0,0,0
WBGene00014723.,0,0,0
WBGene00014724.,0,0,0
WBGene00014727.,0,0,0
WBGene00014728.,0,13,13
WBGene00014729.,0,12,12
WBGene00014730.,1,20,21
WBGene00014731.,0,15,15
WBGene00014732.,7,80,87
WBGene00014733.,0,1,1
WBGene00014734.,1,4,5
WBGene00014735.,0,0,0
WBGene00014738.,0,0,0
WBGene00014740.,0,5,5
WBGene00014741.,0,11,11
WBGene00014744.,0,15,15
WBGene00014745.,0,1,1
WBGene00014746.,3,151,154
WBGene00014748.,0,0,0
WBGene00014751.,29,113,142
WBGene00014752.,0,0,0
WBGene00014753.,0,3,3
WBGene00014754.,0,4,4
WBGene00014755.,0,0,0
WBGene00014757.,0,0,0
WBGene00014758.,0,2,2
WBGene00014759.,15,15,30
WBGene00014760.,5,3,8
WBGene00014761.,22,58,80
WBGene00014763.,0,0,0
WBGene00014764.,1,2,3
WBGene00014766.,0,0,0
WBGene00014767.,0,0,0
WBGene00014768.,0,1,1
WBGene00014769.,1,0,1
WBGene00014770.,2,0,2
WBGene00014771.,0,5,5
WBGene00014772.,762,3918,4680
WBGene00014773.,0,8,8
WBGene00014775.,0,0,0
WBGene00014776.,0,1,1
WBGene00014777.,0,2,2
WBGene00014778.,0,4,4
WBGene00014779.,1,0,1
WBGene00014781.,0,0,0
WBGene00014782.,0,0,0
WBGene00014783.,0,0,0
WBGene00014784.,0,0,0
WBGene00014785.,0,0,0
WBGene00014786.,0,0,0
WBGene00014787.,0,1,1
WBGene00014788.,0,0,0
WBGene00014789.,2,4,6
WBGene00014790.,1,13,14
WBGene00014793.,0,442,442
WBGene00014794.,4,13,17
WBGene00014796.,2,2,4
WBGene00014798.,2,18,20
WBGene00014799.,0,8,8
WBGene00014800.,0,2,2
WBGene00014801.,57,850,907
WBGene00014803.,0,3,3
WBGene00014805.,1,2,3
WBGene00014806.,0,0,0
WBGene00014807.,2,2,4
WBGene00014809.,0,3,3
WBGene00014811.,5,140,145
WBGene00014813.,2,7,9
WBGene00014814.,0,36,36
WBGene00014817.,0,1,1
WBGene00014818.,0,4,4
WBGene00014819.,0,0,0
WBGene00014820.,51,107,158
WBGene00014821.,28,34,62
WBGene00014822.,10,1,11
WBGene00014824.,0,0,0
WBGene00014825.,0,8,8
WBGene00014826.,1460,21069,22529
WBGene00014827.,2,0,2
WBGene00014828.,0,0,0
WBGene00014829.,0,0,0
WBGene00014832.,0,2,2
WBGene00014833.,2,0,2
WBGene00014834.,8,2,10
WBGene00014835.,2,29,31
WBGene00014836.,1,101,102
WBGene00014837.,0,5,5
WBGene00014838.,2,5,7
WBGene00014839.,0,0,0
WBGene00014841.,22,40,62
WBGene00014842.,0,1,1
WBGene00014843.,0,27,27
WBGene00014844.,1,1,2
WBGene00014845.,0,0,0
WBGene00014846.,1,1,2
WBGene00014848.,45,1207,1252
WBGene00014849.,0,0,0
WBGene00014850.,0,0,0
WBGene00014851.,0,7,7
WBGene00014852.,0,103,103
WBGene00014853.,0,0,0
WBGene00014854.,1,2,3
WBGene00014855.,0,0,0
WBGene00014856.,0,0,0
WBGene00014857.,0,0,0
WBGene00014858.,0,4,4
WBGene00014861.,0,4,4
WBGene00014862.,1,2,3
WBGene00014863.,0,2,2
WBGene00014864.,2,8,10
WBGene00014865.,0,0,0
WBGene00014866.,0,0,0
WBGene00014867.,0,0,0
WBGene00014868.,0,0,0
WBGene00014869.,0,0,0
WBGene00014870.,4,35,39
WBGene00014871.,0,43,43
WBGene00014872.,0,0,0
WBGene00014873.,0,0,0
WBGene00014874.,2,0,2
WBGene00014875.,0,0,0
WBGene00014876.,0,0,0
WBGene00014877.,0,1,1
WBGene00014878.,0,1,1
WBGene00014879.,0,0,0
WBGene00014880.,0,0,0
WBGene00014881.,0,2,2
WBGene00014882.,0,0,0
WBGene00014883.,0,10,10
WBGene00014884.,4,80,84
WBGene00014885.,0,0,0
WBGene00014886.,0,52,52
WBGene00014887.,0,1,1
WBGene00014888.,0,20,20
WBGene00014889.,0,0,0
WBGene00014890.,0,0,0
WBGene00014891.,0,0,0
WBGene00014892.,0,0,0
WBGene00014893.,0,1,1
WBGene00014894.,0,0,0
WBGene00014895.,0,0,0
WBGene00014896.,0,0,0
WBGene00014897.,0,0,0
WBGene00014898.,0,5,5
WBGene00014902.,0,0,0
WBGene00014903.,0,0,0
WBGene00014904.,2,21,23
WBGene00014905.,0,0,0
WBGene00014906.,0,5,5
WBGene00014907.,2,15,17
WBGene00014908.,0,0,0
WBGene00014909.,0,0,0
WBGene00014910.,0,0,0
WBGene00014911.,0,0,0
WBGene00014912.,0,0,0
WBGene00014914.,10,8,18
WBGene00014915.,18,272,290
WBGene00014916.,2,180,182
WBGene00014917.,10,69,79
WBGene00014918.,3,134,137
WBGene00014920.,2,12,14
WBGene00014921.,0,2,2
WBGene00014922.,0,0,0
WBGene00014923.,0,2,2
WBGene00014924.,2,2,4
WBGene00014925.,0,6,6
WBGene00014926.,1,2,3
WBGene00014927.,0,1,1
WBGene00014928.,0,0,0
WBGene00014929.,0,0,0
WBGene00014930.,0,0,0
WBGene00014931.,0,0,0
WBGene00014932.,0,0,0
WBGene00014933.,0,4,4
WBGene00014934.,0,5,5
WBGene00014935.,0,1,1
WBGene00014936.,0,0,0
WBGene00014937.,0,1,1
WBGene00014938.,240,5074,5314
WBGene00014939.,0,11,11
WBGene00014941.,11,118,129
WBGene00014943.,0,4,4
WBGene00014944.,0,19,19
WBGene00014945.,0,3,3
WBGene00014946.,0,45,45
WBGene00014947.,17,138,155
WBGene00014948.,1,0,1
WBGene00014949.,0,0,0
WBGene00014950.,0,0,0
WBGene00014951.,0,0,0
WBGene00014952.,0,0,0
WBGene00014953.,0,1,1
WBGene00014954.,0,3,3
WBGene00014955.,0,99,99
WBGene00014956.,0,9,9
WBGene00014957.,0,2,2
WBGene00014958.,0,3,3
WBGene00014961.,0,2,2
WBGene00014962.,0,0,0
WBGene00014963.,0,5,5
WBGene00014964.,0,2,2
WBGene00014965.,65,1341,1406
WBGene00014966.,0,0,0
WBGene00014967.,0,2,2
WBGene00014969.,0,1,1
WBGene00014970.,0,3,3
WBGene00014971.,0,0,0
WBGene00014972.,0,1,1
WBGene00014973.,0,2,2
WBGene00014974.,0,0,0
WBGene00014975.,22,387,409
WBGene00014976.,0,5,5
WBGene00014977.,0,23,23
WBGene00014978.,2,57,59
WBGene00014979.,2,22,24
WBGene00014980.,1,1,2
WBGene00014981.,0,12,12
WBGene00014983.,0,0,0
WBGene00014984.,0,2,2
WBGene00014987.,0,175,175
WBGene00014989.,503,2675,3178
WBGene00014990.,0,0,0
WBGene00014991.,0,51,51
WBGene00014992.,0,7,7
WBGene00014993.,0,1,1
WBGene00014994.,20,31,51
WBGene00014996.,0,7,7
WBGene00014997.,2,6,8
WBGene00014998.,15,92,107
WBGene00014999.,24,476,500
WBGene00015000.,11,49,60
WBGene00015001.,78,769,847
WBGene00015002.,8,146,154
WBGene00015003.,1,9,10
WBGene00015004.,3,20,23
WBGene00015005.,6,150,156
WBGene00015006.,6,25,31
WBGene00015007.,748,6296,7044
WBGene00015008.,24,515,539
WBGene00015009.,63,839,902
WBGene00015010.,99,837,936
WBGene00015011.,32,2586,2618
WBGene00015012.,3,20,23
WBGene00015013.,1,69,70
WBGene00015014.,10,148,158
WBGene00015015.,3,30,33
WBGene00015016.,6,84,90
WBGene00015017.,73,807,880
WBGene00015018.,1,9,10
WBGene00015019.,25,68,93
WBGene00015020.,0,11,11
WBGene00015021.,247,3028,3275
WBGene00015022.,565,4962,5527
WBGene00015023.,46,449,495
WBGene00015024.,0,6,6
WBGene00015025.,380,5017,5397
WBGene00015026.,0,4,4
WBGene00015027.,62,182,244
WBGene00015028.,5,21,26
WBGene00015029.,19,817,836
WBGene00015030.,2,5,7
WBGene00015032.,4,23,27
WBGene00015033.,76,122,198
WBGene00015034.,1,12,13
WBGene00015035.,22,84,106
WBGene00015036.,1,20,21
WBGene00015037.,38,188,226
WBGene00015038.,20,199,219
WBGene00015040.,4,40,44
WBGene00015041.,8,61,69
WBGene00015042.,0,9,9
WBGene00015043.,21,313,334
WBGene00015044.,13,211,224
WBGene00015045.,2,15,17
WBGene00015046.,31,158,189
WBGene00015047.,119,2277,2396
WBGene00015048.,16,694,710
WBGene00015049.,2,74,76
WBGene00015050.,31,167,198
WBGene00015051.,0,5,5
WBGene00015052.,3,22,25
WBGene00015053.,5,163,168
WBGene00015054.,4,12,16
WBGene00015055.,50,98,148
WBGene00015056.,11,119,130
WBGene00015057.,17,285,302
WBGene00015058.,0,13,13
WBGene00015059.,10,1843,1853
WBGene00015061.,3065,36480,39545
WBGene00015062.,9,95,104
WBGene00015063.,4,456,460
WBGene00015064.,163,2284,2447
WBGene00015065.,1,6,7
WBGene00015066.,3,30,33
WBGene00015067.,33,488,521
WBGene00015068.,0,1,1
WBGene00015069.,0,0,0
WBGene00015070.,1,6,7
WBGene00015071.,2,2,4
WBGene00015072.,14,21,35
WBGene00015073.,5,229,234
WBGene00015074.,70,3856,3926
WBGene00015075.,189,6244,6433
WBGene00015076.,4,591,595
WBGene00015077.,1,3,4
WBGene00015078.,0,0,0
WBGene00015079.,130,92,222
WBGene00015080.,3,13,16
WBGene00015081.,13,13,26
WBGene00015082.,1,12,13
WBGene00015083.,5,108,113
WBGene00015084.,0,1,1
WBGene00015085.,7,27,34
WBGene00015087.,7,30,37
WBGene00015088.,57,735,792
WBGene00015089.,4,15,19
WBGene00015091.,92,1893,1985
WBGene00015092.,176,6604,6780
WBGene00015093.,1,2,3
WBGene00015094.,1,21,22
WBGene00015095.,71,798,869
WBGene00015096.,243,2160,2403
WBGene00015097.,6,50,56
WBGene00015098.,4,103,107
WBGene00015099.,122,2744,2866
WBGene00015100.,0,8,8
WBGene00015101.,21,1497,1518
WBGene00015102.,4,116,120
WBGene00015103.,6,107,113
WBGene00015104.,30,2730,2760
WBGene00015105.,330,681,1011
WBGene00015106.,7,12,19
WBGene00015107.,4,107,111
WBGene00015108.,0,0,0
WBGene00015110.,5,34,39
WBGene00015111.,0,1,1
WBGene00015112.,1,9,10
WBGene00015113.,0,8,8
WBGene00015114.,0,2,2
WBGene00015115.,305,2102,2407
WBGene00015116.,63,913,976
WBGene00015117.,7,641,648
WBGene00015118.,1,0,1
WBGene00015119.,1,12,13
WBGene00015121.,0,0,0
WBGene00015122.,4,352,356
WBGene00015124.,333,3178,3511
WBGene00015125.,65,5311,5376
WBGene00015126.,191,2095,2286
WBGene00015128.,60,1749,1809
WBGene00015129.,0,3,3
WBGene00015130.,26,761,787
WBGene00015131.,44,250,294
WBGene00015132.,21,319,340
WBGene00015133.,144,9421,9565
WBGene00015134.,25,359,384
WBGene00015135.,66,312,378
WBGene00015136.,9,201,210
WBGene00015137.,202,7685,7887
WBGene00015138.,25,157,182
WBGene00015139.,87,212,299
WBGene00015141.,41,599,640
WBGene00015142.,0,49,49
WBGene00015143.,28,2258,2286
WBGene00015145.,71,1716,1787
WBGene00015146.,70,1379,1449
WBGene00015147.,17,588,605
WBGene00015148.,140,11900,12040
WBGene00015149.,0,15,15
WBGene00015150.,2,331,333
WBGene00015151.,4,41,45
WBGene00015152.,102,203,305
WBGene00015153.,2,14,16
WBGene00015155.,336,1729,2065
WBGene00015156.,868,2742,3610
WBGene00015157.,38,1528,1566
WBGene00015158.,44,477,521
WBGene00015159.,468,1668,2136
WBGene00015160.,16,2125,2141
WBGene00015161.,20,404,424
WBGene00015162.,195,1855,2050
WBGene00015163.,24,3831,3855
WBGene00015164.,71,1349,1420
WBGene00015165.,3,26,29
WBGene00015167.,1,188,189
WBGene00015168.,137,26549,26686
WBGene00015169.,5,68,73
WBGene00015170.,0,3,3
WBGene00015171.,17,469,486
WBGene00015172.,3,863,866
WBGene00015173.,709,1402,2111
WBGene00015175.,1,5,6
WBGene00015176.,139,1993,2132
WBGene00015177.,220,2748,2968
WBGene00015178.,1,0,1
WBGene00015179.,8,92,100
WBGene00015180.,0,14,14
WBGene00015181.,26,2956,2982
WBGene00015182.,6,52,58
WBGene00015183.,7,19,26
WBGene00015184.,76,1385,1461
WBGene00015185.,365,3270,3635
WBGene00015186.,108,2767,2875
WBGene00015188.,45,248,293
WBGene00015189.,24,167,191
WBGene00015190.,7,202,209
WBGene00015191.,72,509,581
WBGene00015192.,2,10,12
WBGene00015193.,1,0,1
WBGene00015194.,72,511,583
WBGene00015196.,9,61,70
WBGene00015197.,12,214,226
WBGene00015198.,1,3,4
WBGene00015199.,6,6,12
WBGene00015200.,43,509,552
WBGene00015202.,96,1751,1847
WBGene00015203.,177,3619,3796
WBGene00015204.,22,939,961
WBGene00015205.,180,2552,2732
WBGene00015206.,82,2657,2739
WBGene00015207.,311,1604,1915
WBGene00015208.,230,4409,4639
WBGene00015210.,19,183,202
WBGene00015211.,8,65,73
WBGene00015214.,5,12,17
WBGene00015215.,0,16,16
WBGene00015216.,40,338,378
WBGene00015217.,16,714,730
WBGene00015218.,10,193,203
WBGene00015219.,134,1815,1949
WBGene00015220.,0,78,78
WBGene00015221.,0,1,1
WBGene00015222.,0,0,0
WBGene00015223.,5,21,26
WBGene00015224.,4,6,10
WBGene00015225.,16,91,107
WBGene00015226.,2,18,20
WBGene00015227.,1,65,66
WBGene00015228.,4,9,13
WBGene00015229.,1,7,8
WBGene00015230.,0,4,4
WBGene00015231.,19,275,294
WBGene00015232.,942,11234,12176
WBGene00015233.,9,1293,1302
WBGene00015235.,0,581,581
WBGene00015236.,70,94,164
WBGene00015237.,267,1879,2146
WBGene00015238.,36,444,480
WBGene00015241.,5,0,5
WBGene00015242.,0,1,1
WBGene00015243.,33,14,47
WBGene00015244.,7,8,15
WBGene00015245.,81,1204,1285
WBGene00015246.,31,9,40
WBGene00015247.,0,34,34
WBGene00015248.,4387,50133,54520
WBGene00015249.,338,914,1252
WBGene00015250.,220,480,700
WBGene00015251.,256,2188,2444
WBGene00015252.,5,16,21
WBGene00015253.,0,1,1
WBGene00015254.,0,0,0
WBGene00015255.,0,0,0
WBGene00015257.,4,0,4
WBGene00015258.,3,10,13
WBGene00015259.,0,6,6
WBGene00015260.,1,12,13
WBGene00015261.,0,30,30
WBGene00015262.,14,22,36
WBGene00015263.,144,485,629
WBGene00015264.,37,190,227
WBGene00015265.,1,33,34
WBGene00015266.,99,1029,1128
WBGene00015267.,82,1080,1162
WBGene00015268.,180,465,645
WBGene00015269.,0,0,0
WBGene00015270.,0,0,0
WBGene00015271.,0,0,0
WBGene00015272.,0,0,0
WBGene00015273.,294,1,295
WBGene00015277.,0,0,0
WBGene00015278.,34,480,514
WBGene00015279.,2,13,15
WBGene00015280.,18,162,180
WBGene00015281.,25,266,291
WBGene00015282.,210,2657,2867
WBGene00015283.,63,1160,1223
WBGene00015284.,5,53,58
WBGene00015285.,259,2042,2301
WBGene00015286.,11,101,112
WBGene00015287.,0,50,50
WBGene00015288.,2,7,9
WBGene00015291.,66,851,917
WBGene00015292.,4,25,29
WBGene00015293.,424,3893,4317
WBGene00015294.,48,700,748
WBGene00015295.,91,706,797
WBGene00015296.,233,3535,3768
WBGene00015297.,157,3545,3702
WBGene00015298.,37,1660,1697
WBGene00015299.,15,80,95
WBGene00015300.,2,59,61
WBGene00015301.,184,996,1180
WBGene00015303.,205,498,703
WBGene00015305.,1,1,2
WBGene00015306.,0,1,1
WBGene00015307.,29,246,275
WBGene00015308.,59,1552,1611
WBGene00015309.,24,36,60
WBGene00015310.,37,810,847
WBGene00015311.,2,23,25
WBGene00015312.,6,168,174
WBGene00015313.,14,726,740
WBGene00015315.,0,0,0
WBGene00015316.,5,1,6
WBGene00015317.,0,2,2
WBGene00015318.,0,6,6
WBGene00015320.,1,60,61
WBGene00015321.,0,0,0
WBGene00015322.,2,260,262
WBGene00015323.,13,41,54
WBGene00015324.,23,395,418
WBGene00015325.,0,0,0
WBGene00015326.,32,7451,7483
WBGene00015327.,16,640,656
WBGene00015328.,358,1475,1833
WBGene00015329.,112,4656,4768
WBGene00015330.,137,2021,2158
WBGene00015331.,0,0,0
WBGene00015332.,34,413,447
WBGene00015333.,5,41,46
WBGene00015334.,93,490,583
WBGene00015335.,12,123,135
WBGene00015336.,34,1520,1554
WBGene00015337.,6,37,43
WBGene00015338.,1,0,1
WBGene00015339.,45,830,875
WBGene00015340.,9,68,77
WBGene00015341.,0,2,2
WBGene00015342.,0,1,1
WBGene00015344.,90,4153,4243
WBGene00015345.,5,7,12
WBGene00015346.,87,3751,3838
WBGene00015347.,85,939,1024
WBGene00015348.,0,8,8
WBGene00015349.,120,593,713
WBGene00015350.,36,2754,2790
WBGene00015351.,9,82,91
WBGene00015352.,197,2408,2605
WBGene00015353.,7,307,314
WBGene00015354.,141,7687,7828
WBGene00015355.,20,86,106
WBGene00015356.,766,12352,13118
WBGene00015357.,13,171,184
WBGene00015359.,5,154,159
WBGene00015360.,1,3,4
WBGene00015361.,5,11,16
WBGene00015362.,27,346,373
WBGene00015364.,21,54,75
WBGene00015366.,2,2,4
WBGene00015367.,3,4,7
WBGene00015368.,14,15,29
WBGene00015369.,1,32,33
WBGene00015371.,6,0,6
WBGene00015372.,0,2,2
WBGene00015373.,16,30,46
WBGene00015374.,0,16,16
WBGene00015375.,4,56,60
WBGene00015376.,2,12,14
WBGene00015377.,2,59,61
WBGene00015378.,16,150,166
WBGene00015379.,0,13,13
WBGene00015380.,0,2,2
WBGene00015381.,10,31,41
WBGene00015382.,4,50,54
WBGene00015385.,0,50,50
WBGene00015386.,151,51,202
WBGene00015387.,33,71,104
WBGene00015388.,4,6,10
WBGene00015389.,16,176,192
WBGene00015390.,35,269,304
WBGene00015391.,170,8216,8386
WBGene00015392.,0,72,72
WBGene00015393.,455,8651,9106
WBGene00015394.,0,3,3
WBGene00015395.,15,56,71
WBGene00015396.,12,147,159
WBGene00015397.,2,18,20
WBGene00015398.,7,2861,2868
WBGene00015399.,3,5,8
WBGene00015400.,28,189,217
WBGene00015401.,1,10,11
WBGene00015402.,99,712,811
WBGene00015403.,2,112,114
WBGene00015404.,80,1988,2068
WBGene00015405.,153,3342,3495
WBGene00015406.,0,4,4
WBGene00015407.,25,1923,1948
WBGene00015408.,5,266,271
WBGene00015409.,1,33,34
WBGene00015410.,112,843,955
WBGene00015411.,1,3,4
WBGene00015412.,2,26,28
WBGene00015413.,212,8433,8645
WBGene00015414.,0,6,6
WBGene00015416.,6,34,40
WBGene00015417.,1,3,4
WBGene00015418.,955,5553,6508
WBGene00015419.,2,10,12
WBGene00015421.,2,3,5
WBGene00015422.,1,21,22
WBGene00015423.,16,480,496
WBGene00015424.,22,404,426
WBGene00015425.,195,1961,2156
WBGene00015426.,2,11,13
WBGene00015427.,43,667,710
WBGene00015428.,5,3,8
WBGene00015429.,59,960,1019
WBGene00015430.,191,1208,1399
WBGene00015432.,0,1,1
WBGene00015433.,1,90,91
WBGene00015434.,54,427,481
WBGene00015435.,1,0,1
WBGene00015436.,0,6,6
WBGene00015437.,2,39,41
WBGene00015438.,5,0,5
WBGene00015439.,1,1,2
WBGene00015440.,9,119,128
WBGene00015441.,2,85,87
WBGene00015442.,7,45,52
WBGene00015444.,20,24,44
WBGene00015446.,1,5,6
WBGene00015447.,1,2,3
WBGene00015448.,2,7,9
WBGene00015449.,4,107,111
WBGene00015450.,10,1154,1164
WBGene00015451.,74,622,696
WBGene00015453.,5,13,18
WBGene00015454.,11,780,791
WBGene00015455.,501,590,1091
WBGene00015456.,0,24,24
WBGene00015457.,0,9,9
WBGene00015458.,0,4,4
WBGene00015459.,0,0,0
WBGene00015460.,11,693,704
WBGene00015461.,240,5465,5705
WBGene00015462.,10,488,498
WBGene00015463.,8,604,612
WBGene00015464.,74,2315,2389
WBGene00015465.,8,22,30
WBGene00015466.,8,1132,1140
WBGene00015467.,3,14,17
WBGene00015468.,81,758,839
WBGene00015469.,32,250,282
WBGene00015470.,23,1385,1408
WBGene00015471.,46,281,327
WBGene00015472.,88,1614,1702
WBGene00015473.,51,85,136
WBGene00015474.,66,2060,2126
WBGene00015476.,54,367,421
WBGene00015477.,203,5370,5573
WBGene00015478.,37,431,468
WBGene00015479.,5,30,35
WBGene00015480.,94,380,474
WBGene00015481.,97,4957,5054
WBGene00015483.,119,1771,1890
WBGene00015484.,52,2920,2972
WBGene00015485.,50,790,840
WBGene00015486.,84,1115,1199
WBGene00015487.,25,7129,7154
WBGene00015488.,294,1220,1514
WBGene00015489.,15,36,51
WBGene00015491.,0,1,1
WBGene00015492.,10,1069,1079
WBGene00015493.,0,9,9
WBGene00015494.,75,414,489
WBGene00015495.,1,202,203
WBGene00015496.,6,18,24
WBGene00015497.,15,40,55
WBGene00015499.,153,1445,1598
WBGene00015500.,12,107,119
WBGene00015501.,281,3563,3844
WBGene00015504.,119,725,844
WBGene00015505.,40,235,275
WBGene00015507.,212,1465,1677
WBGene00015508.,109,1440,1549
WBGene00015509.,158,1176,1334
WBGene00015510.,60,2657,2717
WBGene00015511.,4,105,109
WBGene00015512.,356,3672,4028
WBGene00015513.,69,1328,1397
WBGene00015514.,1510,40962,42472
WBGene00015515.,48,1459,1507
WBGene00015516.,3,38,41
WBGene00015517.,226,1653,1879
WBGene00015518.,0,86,86
WBGene00015519.,7,280,287
WBGene00015520.,0,10,10
WBGene00015521.,0,0,0
WBGene00015522.,2,25,27
WBGene00015523.,22,282,304
WBGene00015524.,30,713,743
WBGene00015525.,145,2779,2924
WBGene00015526.,3,65,68
WBGene00015527.,9,489,498
WBGene00015528.,6,11,17
WBGene00015529.,27,293,320
WBGene00015530.,0,0,0
WBGene00015531.,37,420,457
WBGene00015532.,8,89,97
WBGene00015533.,0,5,5
WBGene00015534.,3,6,9
WBGene00015535.,3,26,29
WBGene00015536.,6,236,242
WBGene00015537.,9,41,50
WBGene00015538.,2,2874,2876
WBGene00015539.,41,721,762
WBGene00015540.,4,2075,2079
WBGene00015541.,94,910,1004
WBGene00015544.,27,54,81
WBGene00015545.,16,255,271
WBGene00015546.,0,40,40
WBGene00015547.,87,4261,4348
WBGene00015549.,11,65,76
WBGene00015550.,1,56,57
WBGene00015551.,829,6777,7606
WBGene00015552.,23,2184,2207
WBGene00015553.,366,4926,5292
WBGene00015554.,38,605,643
WBGene00015555.,351,2523,2874
WBGene00015557.,37,528,565
WBGene00015558.,7,32,39
WBGene00015559.,61,278,339
WBGene00015560.,8,315,323
WBGene00015561.,189,1809,1998
WBGene00015562.,1,27,28
WBGene00015564.,0,6,6
WBGene00015565.,303,5525,5828
WBGene00015566.,36,556,592
WBGene00015567.,76,1086,1162
WBGene00015568.,10,73,83
WBGene00015569.,18,619,637
WBGene00015570.,4,82,86
WBGene00015572.,4,0,4
WBGene00015573.,1,1,2
WBGene00015574.,1,30,31
WBGene00015575.,2,2,4
WBGene00015576.,24,287,311
WBGene00015577.,37,460,497
WBGene00015578.,1,1884,1885
WBGene00015579.,0,2613,2613
WBGene00015580.,378,1807,2185
WBGene00015581.,370,5241,5611
WBGene00015582.,9,104,113
WBGene00015583.,3,1,4
WBGene00015586.,5,159,164
WBGene00015587.,0,15,15
WBGene00015588.,0,18,18
WBGene00015589.,2,12,14
WBGene00015590.,16,390,406
WBGene00015591.,31,877,908
WBGene00015592.,36,50,86
WBGene00015593.,0,28,28
WBGene00015594.,0,1,1
WBGene00015595.,0,0,0
WBGene00015596.,0,0,0
WBGene00015597.,0,1,1
WBGene00015598.,0,1,1
WBGene00015599.,0,0,0
WBGene00015600.,0,0,0
WBGene00015601.,2,2,4
WBGene00015602.,0,0,0
WBGene00015603.,0,0,0
WBGene00015604.,0,0,0
WBGene00015605.,17,312,329
WBGene00015606.,0,0,0
WBGene00015607.,0,5,5
WBGene00015608.,7,57,64
WBGene00015609.,5,124,129
WBGene00015610.,0,1,1
WBGene00015611.,0,213,213
WBGene00015613.,0,5,5
WBGene00015614.,3,7,10
WBGene00015615.,0,83,83
WBGene00015616.,0,2,2
WBGene00015618.,25,65,90
WBGene00015619.,773,7857,8630
WBGene00015620.,10,121,131
WBGene00015621.,54,864,918
WBGene00015622.,5,13,18
WBGene00015623.,542,16338,16880
WBGene00015624.,10,179,189
WBGene00015625.,25,180,205
WBGene00015626.,4,51,55
WBGene00015627.,1,2,3
WBGene00015628.,1,1,2
WBGene00015629.,3,8,11
WBGene00015630.,2,23,25
WBGene00015631.,2,91,93
WBGene00015632.,220,2921,3141
WBGene00015633.,304,2245,2549
WBGene00015634.,3,40,43
WBGene00015635.,52,940,992
WBGene00015636.,0,1,1
WBGene00015637.,0,3,3
WBGene00015638.,27,458,485
WBGene00015639.,7,28,35
WBGene00015640.,59,352,411
WBGene00015641.,58,989,1047
WBGene00015642.,59,538,597
WBGene00015644.,49,734,783
WBGene00015645.,4,36,40
WBGene00015646.,13,128,141
WBGene00015647.,86,1325,1411
WBGene00015648.,351,1090,1441
WBGene00015649.,6,58,64
WBGene00015650.,506,1872,2378
WBGene00015651.,349,170,519
WBGene00015652.,0,0,0
WBGene00015653.,1,2,3
WBGene00015654.,0,1,1
WBGene00015655.,0,0,0
WBGene00015656.,6,0,6
WBGene00015658.,398,828,1226
WBGene00015660.,6,70,76
WBGene00015661.,0,1,1
WBGene00015662.,1,7,8
WBGene00015663.,0,1,1
WBGene00015664.,2,177,179
WBGene00015665.,3,11,14
WBGene00015666.,24,99,123
WBGene00015667.,0,5,5
WBGene00015668.,0,15,15
WBGene00015670.,6,135,141
WBGene00015671.,18,756,774
WBGene00015672.,2,14,16
WBGene00015673.,77,734,811
WBGene00015675.,55,218,273
WBGene00015676.,25,2229,2254
WBGene00015677.,32,212,244
WBGene00015678.,418,1622,2040
WBGene00015679.,15,99,114
WBGene00015680.,130,2963,3093
WBGene00015681.,3,1,4
WBGene00015682.,5,12,17
WBGene00015683.,1,14,15
WBGene00015684.,300,4879,5179
WBGene00015685.,0,0,0
WBGene00015686.,77,190,267
WBGene00015687.,117,10831,10948
WBGene00015688.,0,4,4
WBGene00015689.,0,5,5
WBGene00015690.,0,0,0
WBGene00015691.,127,1048,1175
WBGene00015692.,59,214,273
WBGene00015693.,33,240,273
WBGene00015694.,7,13,20
WBGene00015695.,57,1106,1163
WBGene00015696.,3,20,23
WBGene00015697.,21,257,278
WBGene00015698.,0,116,116
WBGene00015700.,7,17,24
WBGene00015701.,13,71,84
WBGene00015702.,8,683,691
WBGene00015703.,3,2535,2538
WBGene00015704.,78,246,324
WBGene00015705.,11,72,83
WBGene00015706.,5,195,200
WBGene00015707.,0,17,17
WBGene00015708.,4,114,118
WBGene00015709.,11,433,444
WBGene00015710.,33,1347,1380
WBGene00015711.,4,276,280
WBGene00015712.,2,5,7
WBGene00015713.,9,238,247
WBGene00015714.,5,102,107
WBGene00015716.,3,136,139
WBGene00015718.,1,3,4
WBGene00015719.,0,0,0
WBGene00015720.,2,15,17
WBGene00015721.,0,0,0
WBGene00015722.,3,2,5
WBGene00015723.,1,1,2
WBGene00015724.,2,0,2
WBGene00015725.,0,0,0
WBGene00015726.,1,0,1
WBGene00015727.,0,0,0
WBGene00015728.,7,38,45
WBGene00015729.,12,727,739
WBGene00015730.,0,0,0
WBGene00015731.,0,0,0
WBGene00015733.,21,78,99
WBGene00015734.,64,4801,4865
WBGene00015735.,649,2556,3205
WBGene00015736.,1,7,8
WBGene00015737.,0,0,0
WBGene00015738.,1,1,2
WBGene00015739.,13,38,51
WBGene00015740.,85,1757,1842
WBGene00015741.,493,3927,4420
WBGene00015742.,50,528,578
WBGene00015743.,77,1295,1372
WBGene00015744.,77,348,425
WBGene00015745.,21,327,348
WBGene00015746.,27,1671,1698
WBGene00015747.,51,366,417
WBGene00015748.,11,181,192
WBGene00015750.,12,93,105
WBGene00015751.,20,114,134
WBGene00015752.,37,2935,2972
WBGene00015753.,19,234,253
WBGene00015754.,141,2331,2472
WBGene00015755.,1256,26254,27510
WBGene00015756.,7,207,214
WBGene00015757.,0,7,7
WBGene00015758.,8,35,43
WBGene00015759.,117,1792,1909
WBGene00015760.,0,0,0
WBGene00015761.,1,0,1
WBGene00015762.,2,5,7
WBGene00015763.,8,91,99
WBGene00015764.,9,2,11
WBGene00015765.,2,10,12
WBGene00015766.,7,131,138
WBGene00015767.,58,652,710
WBGene00015768.,7,46,53
WBGene00015769.,11,912,923
WBGene00015770.,1,1,2
WBGene00015771.,0,1,1
WBGene00015772.,0,2,2
WBGene00015773.,0,3,3
WBGene00015774.,2,5,7
WBGene00015775.,2,2,4
WBGene00015776.,65,2198,2263
WBGene00015777.,58,1944,2002
WBGene00015778.,22,25157,25179
WBGene00015779.,231,1841,2072
WBGene00015780.,2,25,27
WBGene00015781.,167,2237,2404
WBGene00015782.,12,226,238
WBGene00015783.,11,134,145
WBGene00015784.,5,8,13
WBGene00015785.,0,0,0
WBGene00015786.,190,1867,2057
WBGene00015787.,28,342,370
WBGene00015788.,15,291,306
WBGene00015789.,0,284,284
WBGene00015790.,94,1864,1958
WBGene00015791.,43,3995,4038
WBGene00015792.,7,25,32
WBGene00015793.,10,209,219
WBGene00015794.,6,99,105
WBGene00015795.,44,546,590
WBGene00015796.,523,1910,2433
WBGene00015797.,26,158,184
WBGene00015798.,14,111,125
WBGene00015799.,15,74,89
WBGene00015800.,695,1263,1958
WBGene00015801.,175,1636,1811
WBGene00015802.,136,989,1125
WBGene00015803.,2253,23043,25296
WBGene00015805.,109,3031,3140
WBGene00015806.,36,851,887
WBGene00015807.,8,298,306
WBGene00015809.,292,6152,6444
WBGene00015810.,7,9446,9453
WBGene00015811.,88,9518,9606
WBGene00015813.,355,6560,6915
WBGene00015814.,172,6647,6819
WBGene00015815.,161,846,1007
WBGene00015816.,23,226,249
WBGene00015817.,220,2485,2705
WBGene00015818.,6,189,195
WBGene00015819.,0,255,255
WBGene00015820.,2,10,12
WBGene00015821.,1,1,2
WBGene00015822.,46,73,119
WBGene00015823.,0,5911,5911
WBGene00015824.,4,154,158
WBGene00015825.,0,0,0
WBGene00015826.,0,0,0
WBGene00015827.,0,2,2
WBGene00015828.,0,3,3
WBGene00015829.,0,6,6
WBGene00015830.,0,1,1
WBGene00015832.,0,1,1
WBGene00015833.,1,1,2
WBGene00015834.,0,0,0
WBGene00015835.,0,3,3
WBGene00015836.,0,0,0
WBGene00015837.,0,0,0
WBGene00015838.,0,1,1
WBGene00015839.,1,0,1
WBGene00015840.,2,0,2
WBGene00015841.,11,30,41
WBGene00015842.,15,142,157
WBGene00015843.,67,285,352
WBGene00015845.,0,0,0
WBGene00015846.,0,0,0
WBGene00015847.,0,0,0
WBGene00015848.,0,0,0
WBGene00015849.,19,263,282
WBGene00015850.,3,70,73
WBGene00015851.,28,24,52
WBGene00015852.,0,82,82
WBGene00015853.,46,550,596
WBGene00015854.,0,1,1
WBGene00015855.,0,10,10
WBGene00015856.,0,1,1
WBGene00015857.,56,977,1033
WBGene00015858.,4,13,17
WBGene00015859.,9,40,49
WBGene00015860.,14,78,92
WBGene00015861.,19,310,329
WBGene00015862.,13,53,66
WBGene00015863.,8,4,12
WBGene00015864.,7,125,132
WBGene00015865.,59,1310,1369
WBGene00015866.,25,439,464
WBGene00015867.,41,157,198
WBGene00015868.,708,2437,3145
WBGene00015869.,0,5,5
WBGene00015870.,0,1,1
WBGene00015871.,0,0,0
WBGene00015872.,0,0,0
WBGene00015873.,0,0,0
WBGene00015874.,0,1,1
WBGene00015875.,2,0,2
WBGene00015876.,1,30,31
WBGene00015877.,3,2,5
WBGene00015878.,0,0,0
WBGene00015879.,1,2,3
WBGene00015882.,0,4,4
WBGene00015883.,0,2,2
WBGene00015884.,1,10,11
WBGene00015885.,9,727,736
WBGene00015886.,0,3,3
WBGene00015887.,59,3681,3740
WBGene00015888.,0,6,6
WBGene00015889.,4,33,37
WBGene00015890.,1,70,71
WBGene00015891.,3,23,26
WBGene00015892.,1,0,1
WBGene00015893.,0,0,0
WBGene00015894.,413,14568,14981
WBGene00015895.,0,0,0
WBGene00015896.,0,141,141
WBGene00015897.,46,408,454
WBGene00015898.,4,3,7
WBGene00015899.,0,2,2
WBGene00015900.,10,71,81
WBGene00015901.,42,163,205
WBGene00015902.,2,17,19
WBGene00015903.,0,0,0
WBGene00015904.,0,1,1
WBGene00015905.,2,3,5
WBGene00015906.,0,13,13
WBGene00015907.,1,1,2
WBGene00015908.,2,26,28
WBGene00015909.,1,3,4
WBGene00015910.,3,17,20
WBGene00015911.,0,0,0
WBGene00015912.,1,64,65
WBGene00015913.,247,2816,3063
WBGene00015914.,26,50,76
WBGene00015915.,96,1272,1368
WBGene00015916.,186,3047,3233
WBGene00015917.,3,10,13
WBGene00015918.,31,104,135
WBGene00015919.,6,242,248
WBGene00015920.,71,8958,9029
WBGene00015921.,126,352,478
WBGene00015922.,43,543,586
WBGene00015924.,4,4,8
WBGene00015925.,65,141,206
WBGene00015926.,341,1474,1815
WBGene00015927.,388,3323,3711
WBGene00015928.,170,732,902
WBGene00015929.,10,6,16
WBGene00015930.,10,185,195
WBGene00015931.,3,17,20
WBGene00015932.,6,24,30
WBGene00015933.,50,773,823
WBGene00015934.,53,534,587
WBGene00015935.,260,1020,1280
WBGene00015936.,81,211,292
WBGene00015937.,8,34,42
WBGene00015938.,232,1549,1781
WBGene00015939.,10,122,132
WBGene00015940.,24,608,632
WBGene00015941.,442,5172,5614
WBGene00015942.,102,1186,1288
WBGene00015943.,94,6616,6710
WBGene00015944.,9,26,35
WBGene00015945.,214,345,559
WBGene00015946.,10,109,119
WBGene00015947.,129,1497,1626
WBGene00015948.,43,466,509
WBGene00015949.,14,134,148
WBGene00015950.,10,74,84
WBGene00015952.,25,621,646
WBGene00015953.,60,280,340
WBGene00015954.,2741,26513,29254
WBGene00015955.,33,2788,2821
WBGene00015956.,51,544,595
WBGene00015957.,32,139,171
WBGene00015958.,1,2,3
WBGene00015959.,0,1,1
WBGene00015960.,0,0,0
WBGene00015961.,0,3,3
WBGene00015962.,1,1,2
WBGene00015963.,9,162,171
WBGene00015964.,45,39,84
WBGene00015965.,8,245,253
WBGene00015968.,235,1275,1510
WBGene00015969.,57,330,387
WBGene00015970.,2,35,37
WBGene00015971.,214,2089,2303
WBGene00015972.,129,991,1120
WBGene00015974.,308,231,539
WBGene00015975.,9,946,955
WBGene00015976.,97,1137,1234
WBGene00015977.,2,37,39
WBGene00015978.,25,1681,1706
WBGene00015979.,0,0,0
WBGene00015980.,278,2261,2539
WBGene00015981.,60,86,146
WBGene00015982.,3,0,3
WBGene00015984.,9,33,42
WBGene00015985.,11,14,25
WBGene00015986.,6,8,14
WBGene00015987.,1,0,1
WBGene00015988.,5,28,33
WBGene00015989.,13,479,492
WBGene00015990.,0,3,3
WBGene00015991.,0,4,4
WBGene00015992.,0,6,6
WBGene00015993.,74,163,237
WBGene00015994.,6,6,12
WBGene00015996.,1,52,53
WBGene00015997.,0,1,1
WBGene00015998.,7,43,50
WBGene00015999.,29,311,340
WBGene00016000.,11,18,29
WBGene00016002.,290,3605,3895
WBGene00016003.,20,19,39
WBGene00016004.,19,465,484
WBGene00016005.,23,390,413
WBGene00016006.,584,6719,7303
WBGene00016008.,7,11,18
WBGene00016009.,39,2941,2980
WBGene00016010.,51,21,72
WBGene00016011.,641,6345,6986
WBGene00016012.,11,439,450
WBGene00016013.,7,86,93
WBGene00016014.,50,1643,1693
WBGene00016015.,117,3393,3510
WBGene00016016.,2,22,24
WBGene00016017.,3,26,29
WBGene00016018.,118,1088,1206
WBGene00016019.,21,906,927
WBGene00016020.,118,1825,1943
WBGene00016021.,74,1101,1175
WBGene00016022.,23,374,397
WBGene00016023.,7,152,159
WBGene00016024.,31,297,328
WBGene00016025.,9,143,152
WBGene00016027.,28,327,355
WBGene00016028.,84,6154,6238
WBGene00016029.,123,40,163
WBGene00016030.,14,737,751
WBGene00016032.,104,50,154
WBGene00016033.,42,23507,23549
WBGene00016034.,6,140,146
WBGene00016037.,61,44,105
WBGene00016038.,3,367,370
WBGene00016039.,2,165,167
WBGene00016040.,4,44,48
WBGene00016044.,207,426,633
WBGene00016045.,111,1423,1534
WBGene00016046.,0,68,68
WBGene00016047.,2,1,3
WBGene00016048.,14,647,661
WBGene00016049.,3,8,11
WBGene00016050.,1,3,4
WBGene00016051.,0,1,1
WBGene00016052.,27,788,815
WBGene00016053.,8,56,64
WBGene00016054.,2,1,3
WBGene00016055.,90,1541,1631
WBGene00016056.,2,23,25
WBGene00016057.,157,6102,6259
WBGene00016058.,0,1,1
WBGene00016059.,184,1260,1444
WBGene00016060.,160,1240,1400
WBGene00016061.,21,311,332
WBGene00016062.,15,6360,6375
WBGene00016063.,3,4,7
WBGene00016064.,10,54,64
WBGene00016066.,37,127,164
WBGene00016067.,69,898,967
WBGene00016068.,55,628,683
WBGene00016069.,11,479,490
WBGene00016070.,6,29,35
WBGene00016071.,6,41,47
WBGene00016072.,13,76,89
WBGene00016073.,241,7157,7398
WBGene00016074.,40,584,624
WBGene00016075.,0,4,4
WBGene00016076.,0,0,0
WBGene00016077.,2,1,3
WBGene00016078.,1,1,2
WBGene00016080.,0,4,4
WBGene00016081.,90,902,992
WBGene00016082.,0,1,1
WBGene00016083.,1,0,1
WBGene00016084.,2,8,10
WBGene00016085.,2,10,12
WBGene00016087.,11,297,308
WBGene00016088.,6,46,52
WBGene00016089.,13,50,63
WBGene00016090.,57,94,151
WBGene00016091.,2,19,21
WBGene00016092.,5,3,8
WBGene00016093.,38,444,482
WBGene00016094.,34,226,260
WBGene00016095.,45,565,610
WBGene00016096.,2,161,163
WBGene00016097.,11,830,841
WBGene00016099.,57,504,561
WBGene00016100.,4,267,271
WBGene00016101.,13,777,790
WBGene00016102.,8,595,603
WBGene00016103.,135,4201,4336
WBGene00016104.,62,452,514
WBGene00016105.,0,8,8
WBGene00016106.,3,101,104
WBGene00016107.,8,29,37
WBGene00016108.,26,76,102
WBGene00016109.,25,217,242
WBGene00016110.,8,66,74
WBGene00016111.,29,841,870
WBGene00016112.,12,300,312
WBGene00016113.,48,2039,2087
WBGene00016114.,55,1731,1786
WBGene00016115.,1464,20010,21474
WBGene00016116.,138,2077,2215
WBGene00016118.,1119,22549,23668
WBGene00016119.,178,4067,4245
WBGene00016120.,211,2390,2601
WBGene00016121.,112,1370,1482
WBGene00016123.,62,591,653
WBGene00016124.,66,1303,1369
WBGene00016125.,1,65,66
WBGene00016126.,13,108,121
WBGene00016128.,5,1127,1132
WBGene00016129.,142,4944,5086
WBGene00016130.,1,11,12
WBGene00016131.,44,440,484
WBGene00016132.,4,24,28
WBGene00016133.,22,547,569
WBGene00016134.,42,365,407
WBGene00016135.,14,193,207
WBGene00016136.,3,9,12
WBGene00016137.,0,4,4
WBGene00016138.,92,1661,1753
WBGene00016139.,48,735,783
WBGene00016140.,78,3408,3486
WBGene00016142.,74,5285,5359
WBGene00016143.,206,2240,2446
WBGene00016144.,153,1885,2038
WBGene00016145.,83,2134,2217
WBGene00016146.,4,57,61
WBGene00016147.,7,93,100
WBGene00016148.,141,1353,1494
WBGene00016149.,25,134,159
WBGene00016150.,97,1310,1407
WBGene00016151.,150,2118,2268
WBGene00016152.,42,454,496
WBGene00016153.,0,12,12
WBGene00016154.,97,1279,1376
WBGene00016155.,4,64,68
WBGene00016156.,7,460,467
WBGene00016157.,149,1447,1596
WBGene00016158.,84,1823,1907
WBGene00016159.,67,474,541
WBGene00016160.,5,4,9
WBGene00016161.,4,4,8
WBGene00016162.,347,3974,4321
WBGene00016163.,0,116,116
WBGene00016164.,2,4,6
WBGene00016165.,84,203,287
WBGene00016166.,97,2760,2857
WBGene00016167.,64,1327,1391
WBGene00016168.,0,1,1
WBGene00016169.,37,40,77
WBGene00016170.,142,2441,2583
WBGene00016171.,110,1399,1509
WBGene00016172.,322,1804,2126
WBGene00016173.,601,9778,10379
WBGene00016174.,42,187,229
WBGene00016175.,24,117,141
WBGene00016177.,4,34,38
WBGene00016178.,15,221,236
WBGene00016179.,0,13,13
WBGene00016180.,0,193,193
WBGene00016181.,6,110,116
WBGene00016182.,42,729,771
WBGene00016183.,0,0,0
WBGene00016184.,57,364,421
WBGene00016185.,0,2,2
WBGene00016187.,12,179,191
WBGene00016188.,127,1683,1810
WBGene00016189.,3,46,49
WBGene00016190.,3,321,324
WBGene00016191.,15,44,59
WBGene00016192.,14,1987,2001
WBGene00016193.,53,36,89
WBGene00016194.,92,11135,11227
WBGene00016195.,14,5070,5084
WBGene00016196.,8,17,25
WBGene00016197.,1469,6546,8015
WBGene00016198.,13,31,44
WBGene00016199.,8,33,41
WBGene00016200.,80,1761,1841
WBGene00016201.,30,2159,2189
WBGene00016202.,41,1564,1605
WBGene00016203.,201,1044,1245
WBGene00016204.,12,279,291
WBGene00016206.,16,32,48
WBGene00016207.,37,486,523
WBGene00016208.,11,871,882
WBGene00016209.,365,7860,8225
WBGene00016210.,477,14281,14758
WBGene00016211.,77,397,474
WBGene00016212.,16,392,408
WBGene00016213.,1,0,1
WBGene00016215.,11,609,620
WBGene00016216.,55,896,951
WBGene00016217.,6,45,51
WBGene00016218.,11,36,47
WBGene00016219.,12,54,66
WBGene00016220.,0,5,5
WBGene00016221.,86,1133,1219
WBGene00016222.,0,1,1
WBGene00016223.,0,0,0
WBGene00016224.,0,4,4
WBGene00016225.,0,1,1
WBGene00016226.,0,1,1
WBGene00016227.,0,2,2
WBGene00016230.,3,14,17
WBGene00016231.,2,4,6
WBGene00016232.,0,11,11
WBGene00016233.,0,17,17
WBGene00016234.,21,198,219
WBGene00016235.,6,2717,2723
WBGene00016236.,8,187,195
WBGene00016237.,34,905,939
WBGene00016238.,9,2193,2202
WBGene00016239.,2,146,148
WBGene00016242.,7,64,71
WBGene00016244.,240,2835,3075
WBGene00016245.,55,1771,1826
WBGene00016246.,32,226,258
WBGene00016247.,5,33,38
WBGene00016248.,5,230,235
WBGene00016249.,305,4814,5119
WBGene00016250.,109,13973,14082
WBGene00016253.,17,114,131
WBGene00016254.,0,20,20
WBGene00016255.,13,50,63
WBGene00016257.,3,2,5
WBGene00016258.,137,6876,7013
WBGene00016259.,16,53,69
WBGene00016260.,21,245,266
WBGene00016261.,57,1014,1071
WBGene00016262.,3,117,120
WBGene00016263.,6,129,135
WBGene00016264.,527,5114,5641
WBGene00016265.,8,183,191
WBGene00016266.,1007,10022,11029
WBGene00016268.,11,44,55
WBGene00016269.,803,6040,6843
WBGene00016271.,14733,1,14734
WBGene00016273.,5,44,49
WBGene00016274.,4,81,85
WBGene00016276.,10,138,148
WBGene00016277.,23,215,238
WBGene00016278.,175,1627,1802
WBGene00016279.,0,2,2
WBGene00016280.,2,2,4
WBGene00016281.,9,2,11
WBGene00016282.,8,180,188
WBGene00016283.,24,234,258
WBGene00016284.,1,1,2
WBGene00016285.,1,1,2
WBGene00016286.,3,6,9
WBGene00016287.,4,5,9
WBGene00016288.,7,42,49
WBGene00016289.,3570,14752,18322
WBGene00016291.,8,110,118
WBGene00016292.,182,1151,1333
WBGene00016293.,22,304,326
WBGene00016294.,33,139,172
WBGene00016295.,32,393,425
WBGene00016296.,0,0,0
WBGene00016297.,3,0,3
WBGene00016298.,0,1,1
WBGene00016299.,0,0,0
WBGene00016300.,0,0,0
WBGene00016301.,6,47,53
WBGene00016302.,0,5,5
WBGene00016303.,2,14,16
WBGene00016304.,17,128,145
WBGene00016305.,11,99,110
WBGene00016306.,0,0,0
WBGene00016307.,0,4,4
WBGene00016308.,4,16,20
WBGene00016309.,0,3,3
WBGene00016310.,94,1004,1098
WBGene00016311.,43,1740,1783
WBGene00016312.,3,34,37
WBGene00016313.,16,963,979
WBGene00016314.,12,138,150
WBGene00016315.,45,535,580
WBGene00016316.,256,10464,10720
WBGene00016317.,21,742,763
WBGene00016318.,69,1632,1701
WBGene00016319.,26,627,653
WBGene00016320.,1,3,4
WBGene00016321.,486,4455,4941
WBGene00016322.,0,1,1
WBGene00016323.,168,1876,2044
WBGene00016324.,36,129,165
WBGene00016325.,226,4094,4320
WBGene00016326.,200,2916,3116
WBGene00016327.,1,1,2
WBGene00016328.,13,64,77
WBGene00016329.,4,47,51
WBGene00016330.,300,2279,2579
WBGene00016331.,120,1940,2060
WBGene00016332.,14,320,334
WBGene00016333.,562,6843,7405
WBGene00016334.,0,3,3
WBGene00016335.,13,62,75
WBGene00016336.,0,3,3
WBGene00016337.,1,0,1
WBGene00016338.,2,0,2
WBGene00016339.,1,5,6
WBGene00016340.,13,48,61
WBGene00016341.,15,929,944
WBGene00016343.,149,917,1066
WBGene00016344.,17,202,219
WBGene00016345.,0,152,152
WBGene00016346.,1,47,48
WBGene00016347.,5,1,6
WBGene00016349.,1,70,71
WBGene00016350.,0,6,6
WBGene00016351.,0,2,2
WBGene00016352.,21,380,401
WBGene00016353.,0,88,88
WBGene00016354.,594,1302,1896
WBGene00016355.,63,883,946
WBGene00016356.,3,10,13
WBGene00016357.,0,1,1
WBGene00016358.,0,0,0
WBGene00016359.,4,523,527
WBGene00016360.,21,228,249
WBGene00016361.,2,24,26
WBGene00016362.,178,24516,24694
WBGene00016363.,15,73,88
WBGene00016364.,44,342,386
WBGene00016365.,9,124,133
WBGene00016366.,8,149,157
WBGene00016367.,7,107,114
WBGene00016368.,15,120,135
WBGene00016369.,2,2,4
WBGene00016370.,0,1,1
WBGene00016371.,0,6,6
WBGene00016373.,12,144,156
WBGene00016374.,100,2157,2257
WBGene00016375.,3,768,771
WBGene00016376.,7,868,875
WBGene00016378.,123,1499,1622
WBGene00016379.,30,1152,1182
WBGene00016380.,45,1035,1080
WBGene00016381.,43,617,660
WBGene00016382.,0,1,1
WBGene00016383.,45,1037,1082
WBGene00016384.,193,2521,2714
WBGene00016386.,29,18,47
WBGene00016387.,61,984,1045
WBGene00016388.,0,0,0
WBGene00016389.,0,5,5
WBGene00016390.,32,1009,1041
WBGene00016391.,232,4304,4536
WBGene00016392.,11,874,885
WBGene00016393.,469,25527,25996
WBGene00016394.,48,66,114
WBGene00016395.,1029,11107,12136
WBGene00016396.,223,654,877
WBGene00016397.,33,246,279
WBGene00016398.,0,8,8
WBGene00016399.,0,4,4
WBGene00016400.,106,1455,1561
WBGene00016402.,8,79,87
WBGene00016403.,231,665,896
WBGene00016404.,53,490,543
WBGene00016405.,204,6451,6655
WBGene00016406.,51,1090,1141
WBGene00016407.,795,1666,2461
WBGene00016408.,97,1824,1921
WBGene00016409.,99,1249,1348
WBGene00016410.,5,51,56
WBGene00016411.,97,3531,3628
WBGene00016412.,16,2782,2798
WBGene00016413.,4,1,5
WBGene00016414.,2,4,6
WBGene00016415.,482,4948,5430
WBGene00016416.,4,151,155
WBGene00016417.,76,676,752
WBGene00016418.,163,541,704
WBGene00016419.,22,442,464
WBGene00016420.,1,3,4
WBGene00016421.,22,229,251
WBGene00016422.,16,2861,2877
WBGene00016423.,100,922,1022
WBGene00016424.,21,132,153
WBGene00016425.,1,35,36
WBGene00016427.,185,365,550
WBGene00016428.,48,704,752
WBGene00016429.,3,79,82
WBGene00016430.,2,0,2
WBGene00016431.,17,96,113
WBGene00016432.,1559,2687,4246
WBGene00016433.,0,0,0
WBGene00016434.,0,7,7
WBGene00016435.,272,6048,6320
WBGene00016436.,9,256,265
WBGene00016437.,9,7,16
WBGene00016438.,56,694,750
WBGene00016439.,50,1856,1906
WBGene00016440.,0,25,25
WBGene00016441.,4,38,42
WBGene00016442.,27,2664,2691
WBGene00016443.,99,990,1089
WBGene00016444.,91,879,970
WBGene00016445.,37,192,229
WBGene00016446.,31,2070,2101
WBGene00016447.,0,0,0
WBGene00016448.,34,350,384
WBGene00016449.,21,3641,3662
WBGene00016450.,1,73,74
WBGene00016451.,2,8,10
WBGene00016452.,103,1578,1681
WBGene00016453.,6,138,144
WBGene00016454.,36,494,530
WBGene00016455.,1,8,9
WBGene00016456.,10,1607,1617
WBGene00016457.,2,88,90
WBGene00016458.,82,1789,1871
WBGene00016459.,8,2,10
WBGene00016460.,11,124,135
WBGene00016461.,7,37,44
WBGene00016462.,1,50,51
WBGene00016463.,7,694,701
WBGene00016464.,2,6,8
WBGene00016465.,1,34,35
WBGene00016466.,3,21,24
WBGene00016467.,28,440,468
WBGene00016468.,13,20,33
WBGene00016469.,38,1407,1445
WBGene00016470.,0,1,1
WBGene00016471.,1,5,6
WBGene00016472.,2,2,4
WBGene00016473.,0,0,0
WBGene00016474.,0,2,2
WBGene00016475.,1,5,6
WBGene00016476.,8,5,13
WBGene00016477.,2,13,15
WBGene00016478.,4,15,19
WBGene00016479.,0,0,0
WBGene00016480.,1,10,11
WBGene00016481.,0,0,0
WBGene00016483.,0,0,0
WBGene00016484.,0,0,0
WBGene00016485.,0,3,3
WBGene00016486.,0,6,6
WBGene00016487.,0,4,4
WBGene00016488.,11,52,63
WBGene00016489.,230,2288,2518
WBGene00016490.,105,1056,1161
WBGene00016491.,18,36,54
WBGene00016492.,64,457,521
WBGene00016493.,25194,218548,243742
WBGene00016494.,345,4368,4713
WBGene00016495.,16,893,909
WBGene00016496.,160,13278,13438
WBGene00016497.,2,14,16
WBGene00016499.,63,345,408
WBGene00016500.,22,1078,1100
WBGene00016501.,25,2069,2094
WBGene00016502.,0,209,209
WBGene00016503.,2,157,159
WBGene00016504.,13,1111,1124
WBGene00016505.,9,1119,1128
WBGene00016506.,29,310,339
WBGene00016507.,183,1344,1527
WBGene00016508.,411,5440,5851
WBGene00016509.,274,15532,15806
WBGene00016511.,385,8659,9044
WBGene00016512.,9,11,20
WBGene00016513.,64,2788,2852
WBGene00016514.,42,99,141
WBGene00016516.,4,3,7
WBGene00016517.,0,59,59
WBGene00016518.,20,33,53
WBGene00016519.,1,1,2
WBGene00016520.,20,115,135
WBGene00016521.,0,19,19
WBGene00016522.,8,257,265
WBGene00016523.,7,12,19
WBGene00016524.,133,681,814
WBGene00016525.,0,9,9
WBGene00016526.,0,1,1
WBGene00016527.,5,4,9
WBGene00016528.,0,0,0
WBGene00016529.,0,3,3
WBGene00016530.,27,486,513
WBGene00016531.,295,2785,3080
WBGene00016532.,22,255,277
WBGene00016533.,56,830,886
WBGene00016534.,2,36,38
WBGene00016535.,4,1304,1308
WBGene00016537.,0,4,4
WBGene00016538.,56,322,378
WBGene00016539.,460,2179,2639
WBGene00016540.,113,376,489
WBGene00016541.,0,11,11
WBGene00016542.,55,329,384
WBGene00016543.,2,20,22
WBGene00016544.,2,12,14
WBGene00016545.,5,70,75
WBGene00016546.,13,60,73
WBGene00016547.,8,148,156
WBGene00016548.,1,2,3
WBGene00016549.,5,82,87
WBGene00016550.,4,2,6
WBGene00016551.,0,6,6
WBGene00016553.,25,359,384
WBGene00016554.,0,0,0
WBGene00016555.,0,43,43
WBGene00016556.,0,1,1
WBGene00016557.,0,0,0
WBGene00016558.,15,181,196
WBGene00016559.,28,295,323
WBGene00016561.,520,1160,1680
WBGene00016562.,1668,6257,7925
WBGene00016564.,24,643,667
WBGene00016565.,0,19,19
WBGene00016566.,109,996,1105
WBGene00016567.,1,278,279
WBGene00016568.,91,428,519
WBGene00016570.,42,576,618
WBGene00016572.,8,8,16
WBGene00016573.,5,413,418
WBGene00016574.,10,862,872
WBGene00016575.,8,349,357
WBGene00016576.,4,719,723
WBGene00016577.,1,1,2
WBGene00016578.,0,1,1
WBGene00016579.,19,118,137
WBGene00016580.,58,202,260
WBGene00016581.,0,5,5
WBGene00016582.,26,778,804
WBGene00016583.,21,1973,1994
WBGene00016585.,26,98,124
WBGene00016586.,3,167,170
WBGene00016587.,3,14,17
WBGene00016588.,0,104,104
WBGene00016589.,0,1088,1088
WBGene00016590.,81,952,1033
WBGene00016591.,19,1318,1337
WBGene00016592.,37,310,347
WBGene00016594.,37,2938,2975
WBGene00016595.,1,37,38
WBGene00016596.,1,134,135
WBGene00016597.,0,5,5
WBGene00016598.,0,8,8
WBGene00016599.,18,61,79
WBGene00016600.,65,79,144
WBGene00016601.,355,5911,6266
WBGene00016602.,11,642,653
WBGene00016603.,478,4455,4933
WBGene00016605.,4,56,60
WBGene00016606.,173,1336,1509
WBGene00016607.,249,4761,5010
WBGene00016608.,64,698,762
WBGene00016609.,126,348,474
WBGene00016610.,137,1229,1366
WBGene00016611.,495,6511,7006
WBGene00016612.,7,52,59
WBGene00016613.,42,361,403
WBGene00016614.,45,633,678
WBGene00016616.,26,810,836
WBGene00016617.,40,601,641
WBGene00016619.,18,178,196
WBGene00016620.,70,1037,1107
WBGene00016621.,60,549,609
WBGene00016622.,41,1927,1968
WBGene00016623.,67,729,796
WBGene00016624.,651,2928,3579
WBGene00016625.,8,49,57
WBGene00016626.,140,2269,2409
WBGene00016627.,1,9,10
WBGene00016628.,74,378,452
WBGene00016629.,45,1254,1299
WBGene00016630.,444,44351,44795
WBGene00016631.,64,525,589
WBGene00016632.,42,179,221
WBGene00016633.,10,192,202
WBGene00016634.,54,590,644
WBGene00016635.,0,6702,6702
WBGene00016636.,1,3,4
WBGene00016637.,15,95,110
WBGene00016638.,0,0,0
WBGene00016639.,16,39,55
WBGene00016641.,45,2477,2522
WBGene00016642.,41,629,670
WBGene00016643.,107,1265,1372
WBGene00016644.,3,494,497
WBGene00016645.,32,961,993
WBGene00016646.,0,0,0
WBGene00016647.,0,0,0
WBGene00016648.,0,0,0
WBGene00016649.,0,0,0
WBGene00016650.,670,10543,11213
WBGene00016652.,46,541,587
WBGene00016653.,85,19978,20063
WBGene00016654.,216,664,880
WBGene00016655.,176,3548,3724
WBGene00016657.,19,208,227
WBGene00016658.,0,1,1
WBGene00016659.,10,489,499
WBGene00016660.,0,12,12
WBGene00016661.,155,1078,1233
WBGene00016662.,0,5,5
WBGene00016663.,34,530,564
WBGene00016664.,9,173,182
WBGene00016665.,0,7,7
WBGene00016666.,0,20,20
WBGene00016667.,46,724,770
WBGene00016668.,0,0,0
WBGene00016669.,0,0,0
WBGene00016670.,4,10,14
WBGene00016671.,18,578,596
WBGene00016673.,5,9,14
WBGene00016674.,33,1047,1080
WBGene00016675.,0,1,1
WBGene00016676.,18,866,884
WBGene00016677.,259,5148,5407
WBGene00016678.,137,1189,1326
WBGene00016679.,4,107,111
WBGene00016680.,0,0,0
WBGene00016681.,3,1,4
WBGene00016682.,31,112,143
WBGene00016683.,39,80,119
WBGene00016684.,24,1633,1657
WBGene00016685.,0,1,1
WBGene00016686.,0,0,0
WBGene00016687.,0,1,1
WBGene00016688.,0,6,6
WBGene00016689.,0,0,0
WBGene00016690.,0,0,0
WBGene00016691.,0,0,0
WBGene00016692.,1,4,5
WBGene00016693.,5,1,6
WBGene00016694.,0,0,0
WBGene00016695.,0,4,4
WBGene00016696.,2,17,19
WBGene00016697.,6,17,23
WBGene00016698.,2,3,5
WBGene00016699.,0,14,14
WBGene00016700.,6,24,30
WBGene00016701.,4,110,114
WBGene00016702.,69,1030,1099
WBGene00016703.,31,282,313
WBGene00016704.,67,679,746
WBGene00016705.,19,108,127
WBGene00016706.,233,6088,6321
WBGene00016707.,0,0,0
WBGene00016708.,0,0,0
WBGene00016709.,0,0,0
WBGene00016710.,25,782,807
WBGene00016711.,2,36,38
WBGene00016712.,0,0,0
WBGene00016713.,0,0,0
WBGene00016714.,2,66,68
WBGene00016716.,2019,11123,13142
WBGene00016717.,0,27,27
WBGene00016718.,1,1,2
WBGene00016719.,0,12,12
WBGene00016720.,0,0,0
WBGene00016721.,31,647,678
WBGene00016722.,6112,19602,25714
WBGene00016724.,5,54,59
WBGene00016725.,108,400,508
WBGene00016727.,8,7,15
WBGene00016728.,4,115,119
WBGene00016729.,0,9,9
WBGene00016730.,34,215,249
WBGene00016731.,1,13,14
WBGene00016732.,1,9,10
WBGene00016733.,3,51,54
WBGene00016734.,64,1588,1652
WBGene00016735.,105,1420,1525
WBGene00016737.,0,0,0
WBGene00016738.,0,405,405
WBGene00016739.,139,9120,9259
WBGene00016740.,31,1289,1320
WBGene00016741.,42,930,972
WBGene00016742.,16,8,24
WBGene00016743.,5,4,9
WBGene00016744.,50,366,416
WBGene00016745.,9,153,162
WBGene00016746.,308,7764,8072
WBGene00016747.,14,143,157
WBGene00016748.,19,84,103
WBGene00016749.,144,3190,3334
WBGene00016750.,69,1635,1704
WBGene00016751.,202,1430,1632
WBGene00016752.,0,25,25
WBGene00016753.,1,0,1
WBGene00016754.,264,3209,3473
WBGene00016755.,1,7,8
WBGene00016756.,5,23,28
WBGene00016757.,23,100,123
WBGene00016758.,18,154,172
WBGene00016759.,5,161,166
WBGene00016760.,4,166,170
WBGene00016761.,10,115,125
WBGene00016762.,16,305,321
WBGene00016763.,53,1259,1312
WBGene00016764.,80,918,998
WBGene00016765.,6,17,23
WBGene00016766.,5,852,857
WBGene00016767.,1,210,211
WBGene00016768.,54,505,559
WBGene00016769.,65,372,437
WBGene00016770.,0,1,1
WBGene00016772.,0,10,10
WBGene00016773.,2,1,3
WBGene00016775.,0,1,1
WBGene00016776.,0,0,0
WBGene00016777.,0,1,1
WBGene00016778.,6,2,8
WBGene00016779.,0,1,1
WBGene00016781.,26,21522,21548
WBGene00016782.,0,191,191
WBGene00016783.,9,50,59
WBGene00016785.,10,38,48
WBGene00016786.,0,6,6
WBGene00016788.,200,1300,1500
WBGene00016789.,0,20,20
WBGene00016790.,715,16173,16888
WBGene00016791.,45,586,631
WBGene00016792.,238,2218,2456
WBGene00016793.,81,2234,2315
WBGene00016794.,100,1391,1491
WBGene00016795.,3,16,19
WBGene00016796.,60,246,306
WBGene00016797.,60,63,123
WBGene00016798.,0,3,3
WBGene00016799.,15,172,187
WBGene00016800.,3,69,72
WBGene00016801.,11,1032,1043
WBGene00016803.,14,1816,1830
WBGene00016804.,0,7,7
WBGene00016805.,1,19,20
WBGene00016806.,3,168,171
WBGene00016807.,0,1,1
WBGene00016808.,78,6562,6640
WBGene00016809.,40,401,441
WBGene00016810.,30,756,786
WBGene00016811.,87,791,878
WBGene00016812.,90,934,1024
WBGene00016813.,0,3,3
WBGene00016815.,1,1,2
WBGene00016816.,67,684,751
WBGene00016817.,30,277,307
WBGene00016818.,4,17,21
WBGene00016820.,1,12,13
WBGene00016821.,1,0,1
WBGene00016822.,2,4,6
WBGene00016823.,1,1,2
WBGene00016824.,0,2,2
WBGene00016825.,1,2,3
WBGene00016826.,3,1,4
WBGene00016827.,1,2,3
WBGene00016828.,37,11,48
WBGene00016829.,5,2,7
WBGene00016830.,1,1,2
WBGene00016831.,2,2,4
WBGene00016832.,0,4,4
WBGene00016833.,1,7,8
WBGene00016834.,0,4,4
WBGene00016835.,65,413,478
WBGene00016836.,192,1467,1659
WBGene00016837.,104,3597,3701
WBGene00016838.,484,5127,5611
WBGene00016839.,0,4,4
WBGene00016840.,81,582,663
WBGene00016841.,83,845,928
WBGene00016842.,10,149,159
WBGene00016843.,2,5,7
WBGene00016844.,116,3312,3428
WBGene00016845.,0,410,410
WBGene00016846.,265,2399,2664
WBGene00016847.,0,9,9
WBGene00016848.,27,242,269
WBGene00016849.,19,254,273
WBGene00016850.,0,77,77
WBGene00016851.,0,2,2
WBGene00016852.,1,11,12
WBGene00016853.,0,0,0
WBGene00016854.,0,3,3
WBGene00016855.,0,143,143
WBGene00016856.,0,5,5
WBGene00016857.,2,3,5
WBGene00016858.,5,17,22
WBGene00016859.,0,6,6
WBGene00016860.,64,542,606
WBGene00016861.,0,14,14
WBGene00016862.,112,762,874
WBGene00016863.,1,12,13
WBGene00016864.,1,2,3
WBGene00016865.,3,100,103
WBGene00016866.,101,347,448
WBGene00016867.,47,1320,1367
WBGene00016868.,50,271,321
WBGene00016869.,3,97,100
WBGene00016870.,5,2,7
WBGene00016871.,237,1559,1796
WBGene00016872.,10,106,116
WBGene00016873.,6,48,54
WBGene00016874.,5,56,61
WBGene00016877.,41,63,104
WBGene00016879.,109,1150,1259
WBGene00016880.,0,5,5
WBGene00016881.,0,1,1
WBGene00016882.,0,1,1
WBGene00016883.,3,10,13
WBGene00016884.,0,1,1
WBGene00016885.,0,1,1
WBGene00016886.,0,0,0
WBGene00016888.,437,5454,5891
WBGene00016889.,223,3339,3562
WBGene00016890.,31,208,239
WBGene00016891.,1,5,6
WBGene00016892.,21,2002,2023
WBGene00016893.,0,9,9
WBGene00016894.,13,4044,4057
WBGene00016895.,0,1,1
WBGene00016896.,26,75,101
WBGene00016898.,290,7362,7652
WBGene00016899.,13,52,65
WBGene00016900.,39,117,156
WBGene00016901.,0,4,4
WBGene00016902.,549,1613,2162
WBGene00016903.,79,980,1059
WBGene00016905.,127,1012,1139
WBGene00016906.,42,333,375
WBGene00016907.,22,8363,8385
WBGene00016909.,31,89,120
WBGene00016911.,23,852,875
WBGene00016912.,1,74,75
WBGene00016913.,201,8484,8685
WBGene00016914.,18,182,200
WBGene00016915.,3,9,12
WBGene00016916.,20,604,624
WBGene00016917.,4,69,73
WBGene00016918.,2021,16406,18427
WBGene00016919.,259,1134,1393
WBGene00016920.,65,533,598
WBGene00016921.,4,15,19
WBGene00016922.,11,26,37
WBGene00016923.,100,1908,2008
WBGene00016924.,0,0,0
WBGene00016925.,0,5,5
WBGene00016926.,5,42,47
WBGene00016927.,0,9,9
WBGene00016928.,5,15,20
WBGene00016929.,1,9,10
WBGene00016930.,45,234,279
WBGene00016931.,4,30,34
WBGene00016932.,43,82,125
WBGene00016933.,3,34,37
WBGene00016934.,83,4043,4126
WBGene00016935.,37,259,296
WBGene00016937.,35,808,843
WBGene00016938.,17,45,62
WBGene00016939.,3,44,47
WBGene00016940.,0,3,3
WBGene00016941.,1,48,49
WBGene00016942.,11,130,141
WBGene00016943.,167,15510,15677
WBGene00016944.,41,1254,1295
WBGene00016945.,15,95,110
WBGene00016946.,0,3,3
WBGene00016947.,17,280,297
WBGene00016948.,0,7,7
WBGene00016949.,0,0,0
WBGene00016950.,0,0,0
WBGene00016951.,24,114,138
WBGene00016953.,4,35,39
WBGene00016954.,0,5,5
WBGene00016955.,132,918,1050
WBGene00016956.,6,15,21
WBGene00016957.,194,485,679
WBGene00016958.,83,755,838
WBGene00016959.,0,3,3
WBGene00016960.,59,586,645
WBGene00016961.,337,7330,7667
WBGene00016962.,3,85,88
WBGene00016963.,0,16,16
WBGene00016964.,110,1152,1262
WBGene00016965.,41,373,414
WBGene00016966.,53,718,771
WBGene00016968.,138,1014,1152
WBGene00016970.,4,156,160
WBGene00016971.,66,1074,1140
WBGene00016972.,6,20,26
WBGene00016973.,8,66,74
WBGene00016974.,12,312,324
WBGene00016975.,136,858,994
WBGene00016976.,80,163,243
WBGene00016977.,1571,12822,14393
WBGene00016978.,72,1094,1166
WBGene00016979.,13,330,343
WBGene00016980.,2,10,12
WBGene00016981.,50,4440,4490
WBGene00016982.,22,184,206
WBGene00016983.,40,595,635
WBGene00016984.,161,221,382
WBGene00016985.,0,5,5
WBGene00016987.,53,6545,6598
WBGene00016988.,298,4798,5096
WBGene00016989.,143,1906,2049
WBGene00016990.,35,2310,2345
WBGene00016992.,40,636,676
WBGene00016993.,42,383,425
WBGene00016995.,46,1277,1323
WBGene00016996.,91,728,819
WBGene00016997.,59,2609,2668
WBGene00016998.,43,486,529
WBGene00016999.,14,139,153
WBGene00017000.,31,202,233
WBGene00017001.,3,21,24
WBGene00017002.,1,446,447
WBGene00017003.,28,754,782
WBGene00017004.,102,2107,2209
WBGene00017005.,6,217,223
WBGene00017007.,84,502,586
WBGene00017009.,7,171,178
WBGene00017010.,39,493,532
WBGene00017011.,9,1283,1292
WBGene00017012.,38,252,290
WBGene00017013.,73,293,366
WBGene00017014.,24,324,348
WBGene00017015.,2,53,55
WBGene00017016.,356,4736,5092
WBGene00017017.,305,593,898
WBGene00017018.,17,360,377
WBGene00017019.,1,3,4
WBGene00017020.,1,10,11
WBGene00017021.,0,3,3
WBGene00017022.,4,114,118
WBGene00017023.,23,1743,1766
WBGene00017024.,6,31,37
WBGene00017025.,117,1900,2017
WBGene00017026.,3,4,7
WBGene00017027.,7,82,89
WBGene00017028.,51,334,385
WBGene00017029.,0,3,3
WBGene00017031.,90,1035,1125
WBGene00017032.,1,94,95
WBGene00017033.,5,85,90
WBGene00017034.,1,14,15
WBGene00017035.,1,10,11
WBGene00017036.,11,398,409
WBGene00017037.,220,1960,2180
WBGene00017038.,228,342,570
WBGene00017039.,54,106,160
WBGene00017040.,40,408,448
WBGene00017041.,74,271,345
WBGene00017042.,67,617,684
WBGene00017044.,168,5518,5686
WBGene00017045.,215,2136,2351
WBGene00017046.,82,753,835
WBGene00017048.,47,169,216
WBGene00017050.,45,85,130
WBGene00017051.,32,166,198
WBGene00017052.,5,105,110
WBGene00017053.,33,1151,1184
WBGene00017054.,225,3499,3724
WBGene00017055.,0,1,1
WBGene00017056.,0,1,1
WBGene00017057.,0,0,0
WBGene00017058.,0,1,1
WBGene00017059.,0,2,2
WBGene00017060.,405,50562,50967
WBGene00017061.,24,23,47
WBGene00017062.,128,1665,1793
WBGene00017063.,40,220,260
WBGene00017064.,33,1890,1923
WBGene00017065.,1166,27630,28796
WBGene00017066.,330,2073,2403
WBGene00017068.,9,236,245
WBGene00017069.,45,311,356
WBGene00017070.,62,3312,3374
WBGene00017071.,23,166,189
WBGene00017072.,47,128,175
WBGene00017073.,0,41,41
WBGene00017074.,21,798,819
WBGene00017075.,231,57921,58152
WBGene00017076.,55,423,478
WBGene00017077.,21,119,140
WBGene00017078.,11,123,134
WBGene00017079.,25,586,611
WBGene00017080.,419,676,1095
WBGene00017082.,129,4778,4907
WBGene00017083.,20,43,63
WBGene00017084.,595,1599,2194
WBGene00017085.,186,4969,5155
WBGene00017087.,59,621,680
WBGene00017088.,109,4404,4513
WBGene00017089.,2,69,71
WBGene00017090.,0,3,3
WBGene00017091.,1,12,13
WBGene00017092.,2,17,19
WBGene00017093.,0,27,27
WBGene00017094.,0,0,0
WBGene00017095.,0,1,1
WBGene00017096.,0,7,7
WBGene00017097.,11,3,14
WBGene00017098.,279,8917,9196
WBGene00017099.,0,1,1
WBGene00017100.,0,30,30
WBGene00017101.,40,354,394
WBGene00017102.,0,1,1
WBGene00017103.,0,11,11
WBGene00017104.,0,0,0
WBGene00017105.,0,0,0
WBGene00017106.,1,1,2
WBGene00017107.,0,35,35
WBGene00017108.,9,144,153
WBGene00017109.,0,0,0
WBGene00017110.,1,1,2
WBGene00017111.,1,1,2
WBGene00017112.,0,1,1
WBGene00017113.,5,20,25
WBGene00017114.,0,0,0
WBGene00017115.,1,0,1
WBGene00017116.,1,3,4
WBGene00017117.,5,32,37
WBGene00017118.,0,1,1
WBGene00017119.,185,14016,14201
WBGene00017120.,69,321,390
WBGene00017121.,3925,148461,152386
WBGene00017122.,8,33,41
WBGene00017123.,44,620,664
WBGene00017124.,18,115,133
WBGene00017125.,139,1711,1850
WBGene00017126.,34,806,840
WBGene00017127.,852,9243,10095
WBGene00017128.,274,4674,4948
WBGene00017129.,7,162,169
WBGene00017131.,6,28,34
WBGene00017132.,308,3389,3697
WBGene00017133.,5,105,110
WBGene00017134.,0,113,113
WBGene00017135.,0,27,27
WBGene00017136.,13,51,64
WBGene00017137.,6,930,936
WBGene00017138.,114,2472,2586
WBGene00017139.,2,6,8
WBGene00017140.,0,14,14
WBGene00017141.,1,23,24
WBGene00017142.,16,461,477
WBGene00017143.,5,28,33
WBGene00017144.,76,1092,1168
WBGene00017146.,36,89,125
WBGene00017147.,41,553,594
WBGene00017148.,1,37,38
WBGene00017149.,920,42272,43192
WBGene00017150.,3,219,222
WBGene00017151.,18,65,83
WBGene00017152.,0,0,0
WBGene00017153.,0,67,67
WBGene00017154.,24,1198,1222
WBGene00017156.,222,280,502
WBGene00017157.,191,388,579
WBGene00017158.,66,1730,1796
WBGene00017159.,522,4173,4695
WBGene00017160.,304,4176,4480
WBGene00017161.,157,1794,1951
WBGene00017162.,169,3337,3506
WBGene00017163.,173,2847,3020
WBGene00017164.,26,381,407
WBGene00017165.,274,1098,1372
WBGene00017166.,553,18534,19087
WBGene00017168.,0,20,20
WBGene00017169.,17,1040,1057
WBGene00017170.,119,114,233
WBGene00017172.,0,0,0
WBGene00017173.,3,3,6
WBGene00017174.,2,29,31
WBGene00017175.,0,1,1
WBGene00017176.,7,96,103
WBGene00017177.,1,4,5
WBGene00017178.,36,618,654
WBGene00017179.,0,5,5
WBGene00017180.,46,251,297
WBGene00017181.,0,1,1
WBGene00017182.,1,0,1
WBGene00017183.,0,0,0
WBGene00017184.,85,1658,1743
WBGene00017185.,0,0,0
WBGene00017186.,0,0,0
WBGene00017188.,0,0,0
WBGene00017189.,0,0,0
WBGene00017190.,0,57,57
WBGene00017191.,0,0,0
WBGene00017192.,0,0,0
WBGene00017193.,63,2331,2394
WBGene00017194.,22,129,151
WBGene00017195.,54,984,1038
WBGene00017197.,15,333,348
WBGene00017198.,15,106,121
WBGene00017199.,0,10,10
WBGene00017200.,0,6,6
WBGene00017201.,188,6338,6526
WBGene00017202.,0,3,3
WBGene00017203.,0,0,0
WBGene00017204.,0,2,2
WBGene00017205.,1,6,7
WBGene00017207.,0,0,0
WBGene00017208.,0,11,11
WBGene00017209.,26,0,26
WBGene00017210.,508,6920,7428
WBGene00017211.,0,8,8
WBGene00017212.,0,0,0
WBGene00017213.,0,0,0
WBGene00017214.,1,0,1
WBGene00017215.,0,3,3
WBGene00017216.,9,162,171
WBGene00017217.,115,696,811
WBGene00017218.,2,8,10
WBGene00017219.,36,616,652
WBGene00017220.,134,3855,3989
WBGene00017221.,10,1,11
WBGene00017222.,1,1,2
WBGene00017223.,0,1,1
WBGene00017224.,0,0,0
WBGene00017225.,15,18,33
WBGene00017226.,4,34,38
WBGene00017227.,0,0,0
WBGene00017228.,0,21,21
WBGene00017229.,0,1,1
WBGene00017230.,1,3,4
WBGene00017231.,1,7,8
WBGene00017232.,0,1,1
WBGene00017233.,4,9,13
WBGene00017235.,111,243,354
WBGene00017236.,3,69,72
WBGene00017237.,75,817,892
WBGene00017238.,110,5583,5693
WBGene00017239.,120,925,1045
WBGene00017240.,63,1459,1522
WBGene00017241.,215,2287,2502
WBGene00017243.,1,15,16
WBGene00017244.,191,2062,2253
WBGene00017245.,269,3653,3922
WBGene00017246.,105,1011,1116
WBGene00017247.,39,322,361
WBGene00017248.,2,1,3
WBGene00017249.,0,2,2
WBGene00017250.,37,519,556
WBGene00017251.,0,0,0
WBGene00017252.,0,4,4
WBGene00017253.,0,0,0
WBGene00017254.,0,3,3
WBGene00017255.,23,99,122
WBGene00017257.,2,48,50
WBGene00017258.,2,34,36
WBGene00017259.,1,12,13
WBGene00017260.,52,420,472
WBGene00017261.,81,1303,1384
WBGene00017262.,215,2068,2283
WBGene00017263.,0,6,6
WBGene00017264.,1,2,3
WBGene00017265.,10,120,130
WBGene00017266.,203,2128,2331
WBGene00017267.,0,2,2
WBGene00017268.,116,2095,2211
WBGene00017269.,181,665,846
WBGene00017270.,0,0,0
WBGene00017271.,12,20,32
WBGene00017272.,30,1065,1095
WBGene00017273.,124,871,995
WBGene00017274.,427,3226,3653
WBGene00017275.,214,1552,1766
WBGene00017277.,3,6,9
WBGene00017278.,6,38,44
WBGene00017279.,1,5,6
WBGene00017280.,522,1847,2369
WBGene00017281.,3,28,31
WBGene00017282.,21,541,562
WBGene00017283.,137,2969,3106
WBGene00017284.,206,1358,1564
WBGene00017285.,26,1470,1496
WBGene00017286.,405,3369,3774
WBGene00017287.,2,117,119
WBGene00017288.,4,217,221
WBGene00017289.,14,1554,1568
WBGene00017290.,19,128,147
WBGene00017291.,20,476,496
WBGene00017292.,36,901,937
WBGene00017293.,5,858,863
WBGene00017294.,54,407,461
WBGene00017295.,99,35,134
WBGene00017296.,61,96,157
WBGene00017297.,147,4688,4835
WBGene00017298.,241,2190,2431
WBGene00017299.,233,1535,1768
WBGene00017300.,768,8718,9486
WBGene00017301.,252,30025,30277
WBGene00017302.,73,304,377
WBGene00017303.,434,6484,6918
WBGene00017304.,66,3362,3428
WBGene00017305.,1,32,33
WBGene00017306.,49,437,486
WBGene00017307.,21,407,428
WBGene00017308.,28,67,95
WBGene00017309.,96,72,168
WBGene00017310.,28,616,644
WBGene00017311.,31,4148,4179
WBGene00017312.,1,18,19
WBGene00017313.,184,2339,2523
WBGene00017314.,134,1432,1566
WBGene00017315.,2,1,3
WBGene00017316.,87,544,631
WBGene00017317.,1436,17062,18498
WBGene00017319.,394,5330,5724
WBGene00017320.,12,129,141
WBGene00017321.,28,1978,2006
WBGene00017322.,5,50,55
WBGene00017323.,9,52,61
WBGene00017324.,0,0,0
WBGene00017325.,1,1,2
WBGene00017326.,9,126,135
WBGene00017327.,0,78,78
WBGene00017328.,11,1218,1229
WBGene00017329.,14,134,148
WBGene00017330.,2,7,9
WBGene00017331.,75,309,384
WBGene00017332.,360,761,1121
WBGene00017333.,0,4,4
WBGene00017334.,1,21,22
WBGene00017335.,30,405,435
WBGene00017336.,38,189,227
WBGene00017338.,14,93,107
WBGene00017339.,57,414,471
WBGene00017340.,16,206,222
WBGene00017341.,3,8,11
WBGene00017342.,103,1229,1332
WBGene00017343.,3,7,10
WBGene00017344.,32,1583,1615
WBGene00017345.,0,0,0
WBGene00017347.,62,12832,12894
WBGene00017348.,0,1400,1400
WBGene00017349.,113,3435,3548
WBGene00017350.,97,1294,1391
WBGene00017351.,6,51,57
WBGene00017352.,147,182,329
WBGene00017353.,16,256,272
WBGene00017354.,2,15,17
WBGene00017355.,25,1000,1025
WBGene00017356.,349,3117,3466
WBGene00017357.,108,1791,1899
WBGene00017358.,10,674,684
WBGene00017359.,1,48,49
WBGene00017360.,215,2712,2927
WBGene00017361.,0,113,113
WBGene00017362.,359,8129,8488
WBGene00017363.,116,3139,3255
WBGene00017364.,0,8,8
WBGene00017365.,0,3,3
WBGene00017366.,1,29,30
WBGene00017367.,14,229,243
WBGene00017369.,42,1074,1116
WBGene00017370.,1,0,1
WBGene00017371.,4,45,49
WBGene00017372.,362,2855,3217
WBGene00017373.,198,2058,2256
WBGene00017374.,589,10074,10663
WBGene00017375.,45,309,354
WBGene00017376.,1087,23962,25049
WBGene00017378.,6,44,50
WBGene00017379.,375,8646,9021
WBGene00017380.,216,1325,1541
WBGene00017381.,61,719,780
WBGene00017382.,0,0,0
WBGene00017383.,0,0,0
WBGene00017384.,3,4,7
WBGene00017385.,15,1135,1150
WBGene00017386.,0,191,191
WBGene00017387.,0,0,0
WBGene00017388.,0,5,5
WBGene00017389.,410,372,782
WBGene00017390.,27,189,216
WBGene00017391.,0,1,1
WBGene00017392.,0,3,3
WBGene00017393.,1,1,2
WBGene00017394.,46,306,352
WBGene00017395.,0,0,0
WBGene00017396.,17,7,24
WBGene00017397.,99,664,763
WBGene00017398.,2,50,52
WBGene00017399.,12,17,29
WBGene00017400.,11,253,264
WBGene00017401.,0,0,0
WBGene00017402.,0,0,0
WBGene00017403.,0,1,1
WBGene00017404.,3,2,5
WBGene00017405.,1,1,2
WBGene00017406.,1,6,7
WBGene00017407.,0,2,2
WBGene00017408.,0,3,3
WBGene00017410.,2,7,9
WBGene00017411.,4,159,163
WBGene00017412.,5,1,6
WBGene00017413.,1,3,4
WBGene00017414.,0,2,2
WBGene00017415.,0,1,1
WBGene00017416.,2,117,119
WBGene00017417.,13,196,209
WBGene00017418.,178,2360,2538
WBGene00017419.,159,4178,4337
WBGene00017420.,28,164,192
WBGene00017421.,69,357,426
WBGene00017422.,3,216,219
WBGene00017423.,392,8781,9173
WBGene00017424.,7,25,32
WBGene00017426.,135,2483,2618
WBGene00017427.,14,86,100
WBGene00017428.,486,6320,6806
WBGene00017429.,117,423,540
WBGene00017430.,205,2642,2847
WBGene00017431.,181,1137,1318
WBGene00017432.,57,116,173
WBGene00017433.,14,102,116
WBGene00017434.,11,291,302
WBGene00017435.,222,3505,3727
WBGene00017436.,10,244,254
WBGene00017437.,18,215,233
WBGene00017438.,1,25,26
WBGene00017439.,22,153,175
WBGene00017440.,1457,42701,44158
WBGene00017441.,10,70,80
WBGene00017442.,20,348,368
WBGene00017443.,4,56,60
WBGene00017444.,3,1,4
WBGene00017445.,147,1829,1976
WBGene00017446.,5,72,77
WBGene00017447.,29,334,363
WBGene00017448.,72,787,859
WBGene00017449.,22,125,147
WBGene00017450.,4,108,112
WBGene00017451.,0,0,0
WBGene00017452.,64,48,112
WBGene00017453.,2,20,22
WBGene00017454.,2,9,11
WBGene00017455.,0,0,0
WBGene00017456.,24,34,58
WBGene00017459.,6,162,168
WBGene00017460.,3,170,173
WBGene00017461.,0,194,194
WBGene00017462.,3,193,196
WBGene00017463.,54,318,372
WBGene00017464.,18,177,195
WBGene00017465.,0,2,2
WBGene00017466.,0,13,13
WBGene00017467.,9,229,238
WBGene00017468.,18,42,60
WBGene00017469.,2,13,15
WBGene00017470.,1,1,2
WBGene00017471.,2,336,338
WBGene00017472.,137,2069,2206
WBGene00017473.,1,111,112
WBGene00017474.,3,23,26
WBGene00017475.,1,21,22
WBGene00017476.,1,6,7
WBGene00017478.,86,941,1027
WBGene00017480.,178,1521,1699
WBGene00017481.,2,163,165
WBGene00017482.,17,512,529
WBGene00017483.,2,47,49
WBGene00017484.,33,1216,1249
WBGene00017485.,18,160,178
WBGene00017486.,0,157,157
WBGene00017487.,57,210,267
WBGene00017488.,15,182,197
WBGene00017489.,18,46,64
WBGene00017490.,0,0,0
WBGene00017491.,0,0,0
WBGene00017492.,0,0,0
WBGene00017493.,0,20,20
WBGene00017494.,1,1,2
WBGene00017496.,0,0,0
WBGene00017497.,1,0,1
WBGene00017498.,1,150,151
WBGene00017499.,0,0,0
WBGene00017500.,0,0,0
WBGene00017501.,0,227,227
WBGene00017502.,0,78,78
WBGene00017503.,32,295,327
WBGene00017504.,18,85,103
WBGene00017505.,0,3,3
WBGene00017506.,58,1472,1530
WBGene00017507.,56,325,381
WBGene00017508.,10,125,135
WBGene00017509.,22,116,138
WBGene00017510.,40,172,212
WBGene00017511.,5,18,23
WBGene00017512.,7,157,164
WBGene00017513.,81,841,922
WBGene00017514.,139,3076,3215
WBGene00017515.,10,150,160
WBGene00017516.,0,0,0
WBGene00017517.,0,0,0
WBGene00017518.,0,0,0
WBGene00017519.,0,0,0
WBGene00017520.,0,0,0
WBGene00017521.,0,0,0
WBGene00017522.,0,1,1
WBGene00017523.,0,0,0
WBGene00017524.,0,1,1
WBGene00017525.,0,1,1
WBGene00017526.,0,1,1
WBGene00017527.,0,0,0
WBGene00017528.,0,0,0
WBGene00017529.,0,12,12
WBGene00017530.,39,298,337
WBGene00017532.,2,13,15
WBGene00017533.,3,3,6
WBGene00017534.,159,1944,2103
WBGene00017535.,26,377,403
WBGene00017536.,34,1073,1107
WBGene00017537.,27,302,329
WBGene00017538.,14,207,221
WBGene00017539.,0,0,0
WBGene00017540.,0,0,0
WBGene00017541.,0,1,1
WBGene00017542.,0,15,15
WBGene00017543.,8,43,51
WBGene00017544.,13,57,70
WBGene00017545.,36,166,202
WBGene00017546.,175,5330,5505
WBGene00017547.,61,644,705
WBGene00017548.,29,198,227
WBGene00017549.,94,616,710
WBGene00017550.,8,1,9
WBGene00017551.,0,0,0
WBGene00017552.,0,0,0
WBGene00017553.,0,3,3
WBGene00017554.,3,2,5
WBGene00017555.,1,2,3
WBGene00017556.,3,8,11
WBGene00017557.,31,982,1013
WBGene00017559.,1,2,3
WBGene00017560.,0,16,16
WBGene00017562.,1,4,5
WBGene00017563.,106,403,509
WBGene00017564.,2,8,10
WBGene00017565.,4130,7327,11457
WBGene00017566.,3,7,10
WBGene00017567.,0,948,948
WBGene00017568.,19,509,528
WBGene00017569.,44,1209,1253
WBGene00017570.,32,115,147
WBGene00017571.,24,1472,1496
WBGene00017573.,1,4,5
WBGene00017574.,7,214,221
WBGene00017576.,59,113,172
WBGene00017577.,2,72,74
WBGene00017578.,7,44,51
WBGene00017579.,0,63,63
WBGene00017580.,49,158,207
WBGene00017581.,8,22,30
WBGene00017582.,35,854,889
WBGene00017583.,46,1210,1256
WBGene00017584.,0,3,3
WBGene00017585.,1,0,1
WBGene00017586.,14,56,70
WBGene00017587.,1,0,1
WBGene00017588.,0,0,0
WBGene00017589.,5,148,153
WBGene00017590.,0,1,1
WBGene00017591.,75,2036,2111
WBGene00017592.,5,24,29
WBGene00017593.,1,13,14
WBGene00017594.,3,23,26
WBGene00017597.,242,457,699
WBGene00017598.,0,2,2
WBGene00017599.,1,549,550
WBGene00017600.,103,1949,2052
WBGene00017601.,0,0,0
WBGene00017602.,0,0,0
WBGene00017603.,3,1,4
WBGene00017605.,909,11648,12557
WBGene00017606.,12,852,864
WBGene00017607.,65,932,997
WBGene00017608.,175,1374,1549
WBGene00017609.,0,0,0
WBGene00017610.,0,0,0
WBGene00017611.,3,42,45
WBGene00017612.,0,0,0
WBGene00017613.,1033,53473,54506
WBGene00017614.,4,18,22
WBGene00017615.,4,7,11
WBGene00017616.,7,73,80
WBGene00017618.,459,539,998
WBGene00017619.,2,25,27
WBGene00017620.,153,1465,1618
WBGene00017621.,84,4788,4872
WBGene00017625.,14,10,24
WBGene00017627.,1,6,7
WBGene00017628.,111,167,278
WBGene00017629.,0,1,1
WBGene00017630.,0,0,0
WBGene00017631.,0,5,5
WBGene00017632.,30,43,73
WBGene00017633.,34,64,98
WBGene00017634.,5,12,17
WBGene00017635.,43,46,89
WBGene00017636.,1,6,7
WBGene00017637.,48,355,403
WBGene00017638.,0,12,12
WBGene00017639.,532,2101,2633
WBGene00017640.,100,1317,1417
WBGene00017641.,2,71,73
WBGene00017642.,218,3375,3593
WBGene00017643.,128,2183,2311
WBGene00017644.,532,3956,4488
WBGene00017645.,0,20,20
WBGene00017646.,132,752,884
WBGene00017647.,80,151,231
WBGene00017648.,5,38,43
WBGene00017650.,6,103,109
WBGene00017651.,47,145,192
WBGene00017652.,2,4,6
WBGene00017653.,334,2893,3227
WBGene00017654.,0,18,18
WBGene00017655.,0,3,3
WBGene00017656.,3,18,21
WBGene00017657.,760,11527,12287
WBGene00017658.,14,305,319
WBGene00017659.,51,2764,2815
WBGene00017660.,22,164,186
WBGene00017661.,2,110,112
WBGene00017662.,3,10,13
WBGene00017663.,301,3652,3953
WBGene00017664.,8,26,34
WBGene00017666.,4,30,34
WBGene00017667.,3,55,58
WBGene00017668.,0,3,3
WBGene00017670.,8,0,8
WBGene00017671.,191,10633,10824
WBGene00017672.,0,2,2
WBGene00017673.,4,23,27
WBGene00017674.,7,167,174
WBGene00017675.,244,5305,5549
WBGene00017676.,143,1454,1597
WBGene00017677.,1,7,8
WBGene00017678.,5,205,210
WBGene00017679.,0,4,4
WBGene00017680.,1,1,2
WBGene00017681.,3,122,125
WBGene00017683.,49,1163,1212
WBGene00017684.,0,2,2
WBGene00017685.,0,6,6
WBGene00017686.,98,2234,2332
WBGene00017687.,12,235,247
WBGene00017688.,78,1713,1791
WBGene00017690.,128,281,409
WBGene00017691.,258,3756,4014
WBGene00017692.,17,122,139
WBGene00017693.,0,1,1
WBGene00017694.,0,3,3
WBGene00017695.,2,7,9
WBGene00017696.,40,1479,1519
WBGene00017698.,131,2027,2158
WBGene00017699.,1366,3107,4473
WBGene00017700.,45,145,190
WBGene00017701.,1,8,9
WBGene00017702.,102,881,983
WBGene00017703.,13,68,81
WBGene00017704.,0,0,0
WBGene00017705.,1,12,13
WBGene00017706.,2,30,32
WBGene00017707.,0,1,1
WBGene00017708.,18,265,283
WBGene00017709.,1,11,12
WBGene00017710.,9,126,135
WBGene00017711.,11,391,402
WBGene00017712.,0,45,45
WBGene00017713.,0,10,10
WBGene00017714.,4,133,137
WBGene00017715.,10,265,275
WBGene00017716.,7,95,102
WBGene00017717.,7,139,146
WBGene00017718.,0,8,8
WBGene00017719.,315,4989,5304
WBGene00017720.,117,241,358
WBGene00017721.,8,45,53
WBGene00017722.,3,3,6
WBGene00017723.,26,51,77
WBGene00017724.,269,1449,1718
WBGene00017725.,0,1,1
WBGene00017726.,0,1504,1504
WBGene00017727.,0,4800,4800
WBGene00017729.,3,8,11
WBGene00017730.,2,80,82
WBGene00017731.,1,71,72
WBGene00017732.,84,871,955
WBGene00017733.,156,1390,1546
WBGene00017734.,130,19862,19992
WBGene00017735.,255,7616,7871
WBGene00017736.,9,82,91
WBGene00017737.,5,13,18
WBGene00017738.,80,1281,1361
WBGene00017739.,4,16,20
WBGene00017741.,95,632,727
WBGene00017742.,109,1277,1386
WBGene00017743.,0,8,8
WBGene00017744.,103,914,1017
WBGene00017745.,135,1748,1883
WBGene00017746.,183,1072,1255
WBGene00017747.,11,190,201
WBGene00017748.,30,822,852
WBGene00017749.,72,1988,2060
WBGene00017750.,45,287,332
WBGene00017751.,14,35,49
WBGene00017752.,1,3,4
WBGene00017754.,9,47,56
WBGene00017755.,31,2100,2131
WBGene00017756.,67,1104,1171
WBGene00017757.,38,2805,2843
WBGene00017758.,92,727,819
WBGene00017759.,7,3366,3373
WBGene00017760.,138,2262,2400
WBGene00017761.,379,225,604
WBGene00017762.,336,320,656
WBGene00017763.,183,1895,2078
WBGene00017764.,5,34,39
WBGene00017765.,98,3901,3999
WBGene00017766.,103,948,1051
WBGene00017767.,62,884,946
WBGene00017768.,132,1915,2047
WBGene00017769.,94,2242,2336
WBGene00017770.,107,2104,2211
WBGene00017771.,27,302,329
WBGene00017772.,335,7277,7612
WBGene00017773.,151,3169,3320
WBGene00017774.,28,876,904
WBGene00017775.,228,4830,5058
WBGene00017776.,67,1342,1409
WBGene00017777.,19,3128,3147
WBGene00017778.,343,2516,2859
WBGene00017779.,49,291,340
WBGene00017780.,45,275,320
WBGene00017781.,471,2266,2737
WBGene00017782.,41,719,760
WBGene00017783.,11,83,94
WBGene00017784.,0,7,7
WBGene00017785.,0,100,100
WBGene00017786.,36,178,214
WBGene00017787.,3,134,137
WBGene00017788.,0,21,21
WBGene00017789.,119,2473,2592
WBGene00017790.,1,15,16
WBGene00017791.,0,3,3
WBGene00017792.,16,174,190
WBGene00017794.,29,226,255
WBGene00017795.,158,622,780
WBGene00017796.,0,168,168
WBGene00017797.,384,2822,3206
WBGene00017798.,30,192,222
WBGene00017799.,16,1775,1791
WBGene00017800.,48,1238,1286
WBGene00017801.,118,1179,1297
WBGene00017802.,0,12,12
WBGene00017803.,1,12,13
WBGene00017805.,47,88,135
WBGene00017806.,8,204,212
WBGene00017807.,7,16,23
WBGene00017808.,0,5,5
WBGene00017809.,1,1,2
WBGene00017810.,0,5,5
WBGene00017811.,134,1421,1555
WBGene00017813.,6,623,629
WBGene00017814.,29,118,147
WBGene00017815.,168,623,791
WBGene00017816.,35,2899,2934
WBGene00017817.,0,0,0
WBGene00017818.,177,585,762
WBGene00017819.,8,18,26
WBGene00017821.,5,24,29
WBGene00017822.,2,8,10
WBGene00017823.,9,186,195
WBGene00017824.,8,4,12
WBGene00017825.,43,1440,1483
WBGene00017826.,93,978,1071
WBGene00017827.,36,459,495
WBGene00017828.,27,1009,1036
WBGene00017829.,289,1233,1522
WBGene00017830.,38,6521,6559
WBGene00017831.,67,617,684
WBGene00017832.,30,859,889
WBGene00017833.,56,297,353
WBGene00017834.,383,6769,7152
WBGene00017835.,2,35,37
WBGene00017836.,38,334,372
WBGene00017837.,58,853,911
WBGene00017838.,256,1939,2195
WBGene00017839.,0,0,0
WBGene00017840.,67,322,389
WBGene00017841.,2,92,94
WBGene00017842.,38,594,632
WBGene00017843.,0,0,0
WBGene00017845.,0,0,0
WBGene00017848.,0,26,26
WBGene00017849.,32,302,334
WBGene00017850.,66,800,866
WBGene00017851.,0,0,0
WBGene00017852.,63,6155,6218
WBGene00017853.,2,2,4
WBGene00017854.,0,91,91
WBGene00017855.,525,5364,5889
WBGene00017858.,24,110,134
WBGene00017860.,13,9,22
WBGene00017861.,12,214,226
WBGene00017864.,323,21729,22052
WBGene00017865.,20,79,99
WBGene00017866.,749,3952,4701
WBGene00017867.,1,15,16
WBGene00017868.,10,54,64
WBGene00017869.,0,0,0
WBGene00017870.,0,7,7
WBGene00017871.,1,9,10
WBGene00017872.,3,1,4
WBGene00017873.,0,34,34
WBGene00017874.,484,11811,12295
WBGene00017875.,0,39,39
WBGene00017876.,0,3,3
WBGene00017877.,0,1,1
WBGene00017878.,0,13,13
WBGene00017879.,11,54,65
WBGene00017880.,14,198,212
WBGene00017881.,5,75,80
WBGene00017885.,640,2949,3589
WBGene00017886.,24,251,275
WBGene00017887.,40,2436,2476
WBGene00017888.,92,833,925
WBGene00017889.,67,2313,2380
WBGene00017890.,0,2,2
WBGene00017891.,237,763,1000
WBGene00017892.,24,515,539
WBGene00017893.,12,124,136
WBGene00017894.,271,1305,1576
WBGene00017895.,52,1591,1643
WBGene00017896.,0,0,0
WBGene00017898.,170,504,674
WBGene00017899.,0,5,5
WBGene00017900.,217,1808,2025
WBGene00017901.,95,902,997
WBGene00017902.,1,1,2
WBGene00017904.,471,1214,1685
WBGene00017905.,22,221,243
WBGene00017906.,26,88,114
WBGene00017907.,105,220,325
WBGene00017908.,0,79,79
WBGene00017909.,72,55,127
WBGene00017910.,6,26,32
WBGene00017911.,1,2,3
WBGene00017912.,5,4,9
WBGene00017913.,0,1,1
WBGene00017914.,30,732,762
WBGene00017916.,183,1480,1663
WBGene00017917.,2,3,5
WBGene00017918.,0,2,2
WBGene00017919.,56,609,665
WBGene00017920.,230,4748,4978
WBGene00017921.,80,1882,1962
WBGene00017922.,2,19,21
WBGene00017923.,52,2275,2327
WBGene00017924.,88,1697,1785
WBGene00017925.,1630,35505,37135
WBGene00017926.,1274,48395,49669
WBGene00017927.,0,4,4
WBGene00017928.,59,1265,1324
WBGene00017929.,1045,1724,2769
WBGene00017930.,0,8,8
WBGene00017931.,108,715,823
WBGene00017933.,1,1,2
WBGene00017934.,93,983,1076
WBGene00017935.,0,1,1
WBGene00017936.,16,507,523
WBGene00017937.,2,190,192
WBGene00017938.,8,524,532
WBGene00017939.,44,205,249
WBGene00017941.,19,55,74
WBGene00017942.,0,0,0
WBGene00017944.,1,2,3
WBGene00017945.,25,277,302
WBGene00017947.,30,85,115
WBGene00017948.,40,173,213
WBGene00017949.,18,88,106
WBGene00017950.,31,282,313
WBGene00017951.,48,947,995
WBGene00017952.,314,936,1250
WBGene00017954.,14,773,787
WBGene00017955.,1,2,3
WBGene00017956.,3,41,44
WBGene00017957.,4,46,50
WBGene00017959.,3,35,38
WBGene00017960.,17,120,137
WBGene00017961.,15,182,197
WBGene00017962.,6,126,132
WBGene00017963.,1,6,7
WBGene00017964.,9,1608,1617
WBGene00017965.,7,60,67
WBGene00017967.,145,2457,2602
WBGene00017968.,105,1606,1711
WBGene00017969.,17,459,476
WBGene00017970.,106,5342,5448
WBGene00017971.,67,44,111
WBGene00017973.,177,653,830
WBGene00017974.,19,364,383
WBGene00017975.,2,12,14
WBGene00017976.,126,682,808
WBGene00017977.,4,158,162
WBGene00017978.,0,87,87
WBGene00017979.,191,6090,6281
WBGene00017980.,238,3014,3252
WBGene00017981.,53,929,982
WBGene00017982.,1048,10889,11937
WBGene00017983.,204,368,572
WBGene00017984.,56,29440,29496
WBGene00017985.,8,497,505
WBGene00017986.,8,130,138
WBGene00017987.,2,6,8
WBGene00017988.,21,3744,3765
WBGene00017989.,67,2538,2605
WBGene00017990.,57,2039,2096
WBGene00017991.,34,398,432
WBGene00017992.,51,547,598
WBGene00017993.,166,12309,12475
WBGene00017995.,373,3145,3518
WBGene00017996.,46,1544,1590
WBGene00017997.,396,4023,4419
WBGene00017998.,11,292,303
WBGene00017999.,17,9,26
WBGene00018000.,0,1,1
WBGene00018001.,1,3,4
WBGene00018002.,32,97,129
WBGene00018003.,0,0,0
WBGene00018004.,2,2,4
WBGene00018005.,29,368,397
WBGene00018006.,49,667,716
WBGene00018007.,19,1791,1810
WBGene00018008.,79,4094,4173
WBGene00018009.,52,1010,1062
WBGene00018010.,14,158,172
WBGene00018011.,36,543,579
WBGene00018013.,125,983,1108
WBGene00018014.,75,424,499
WBGene00018015.,40,533,573
WBGene00018016.,34,300,334
WBGene00018017.,51,2893,2944
WBGene00018018.,79,2424,2503
WBGene00018019.,1,1,2
WBGene00018021.,0,9,9
WBGene00018022.,26,116,142
WBGene00018023.,29,140,169
WBGene00018024.,259,13091,13350
WBGene00018025.,34,1086,1120
WBGene00018026.,6,9,15
WBGene00018027.,2,24,26
WBGene00018030.,10,2,12
WBGene00018031.,1,29,30
WBGene00018033.,1355,6209,7564
WBGene00018034.,0,0,0
WBGene00018035.,1,28,29
WBGene00018036.,5,118,123
WBGene00018037.,20,175,195
WBGene00018038.,3,1,4
WBGene00018039.,3,5,8
WBGene00018040.,0,12,12
WBGene00018041.,3,87,90
WBGene00018042.,17,176,193
WBGene00018043.,21,318,339
WBGene00018044.,13,326,339
WBGene00018045.,2,2269,2271
WBGene00018046.,126,5899,6025
WBGene00018047.,4,12,16
WBGene00018048.,2,11,13
WBGene00018049.,1,4,5
WBGene00018050.,21,195,216
WBGene00018051.,213,1353,1566
WBGene00018052.,23,209,232
WBGene00018053.,1,1,2
WBGene00018054.,3,24,27
WBGene00018055.,0,20,20
WBGene00018056.,1,2,3
WBGene00018057.,0,8,8
WBGene00018058.,1,3,4
WBGene00018059.,1,0,1
WBGene00018060.,34,955,989
WBGene00018061.,42,642,684
WBGene00018062.,1,1,2
WBGene00018063.,0,1,1
WBGene00018064.,246,2656,2902
WBGene00018065.,8,38,46
WBGene00018066.,0,84,84
WBGene00018067.,25,459,484
WBGene00018068.,2,331,333
WBGene00018069.,66,702,768
WBGene00018070.,12,155,167
WBGene00018071.,15,665,680
WBGene00018072.,62,635,697
WBGene00018073.,38,1356,1394
WBGene00018074.,94,861,955
WBGene00018075.,325,1424,1749
WBGene00018076.,41,378,419
WBGene00018077.,4,238,242
WBGene00018078.,5,386,391
WBGene00018080.,1,1,2
WBGene00018081.,1,3,4
WBGene00018082.,2,2,4
WBGene00018083.,6,12,18
WBGene00018084.,35,16,51
WBGene00018085.,1,182,183
WBGene00018087.,17,39,56
WBGene00018088.,111,719,830
WBGene00018089.,108,167,275
WBGene00018090.,128,2576,2704
WBGene00018091.,1,11,12
WBGene00018092.,3,11,14
WBGene00018093.,2,0,2
WBGene00018094.,14,5,19
WBGene00018096.,0,1,1
WBGene00018097.,0,0,0
WBGene00018098.,0,0,0
WBGene00018099.,10,127,137
WBGene00018100.,6,30,36
WBGene00018101.,7,15,22
WBGene00018102.,0,5,5
WBGene00018103.,0,2,2
WBGene00018104.,0,16,16
WBGene00018105.,0,0,0
WBGene00018106.,0,1,1
WBGene00018107.,0,1,1
WBGene00018108.,0,0,0
WBGene00018109.,0,0,0
WBGene00018110.,2,2,4
WBGene00018111.,11,31,42
WBGene00018112.,25,317,342
WBGene00018113.,3,47,50
WBGene00018114.,23,18,41
WBGene00018115.,13,263,276
WBGene00018117.,31,1407,1438
WBGene00018118.,4,89,93
WBGene00018119.,1,2,3
WBGene00018120.,1,1,2
WBGene00018121.,5,105,110
WBGene00018122.,0,7,7
WBGene00018123.,0,0,0
WBGene00018124.,0,0,0
WBGene00018125.,0,0,0
WBGene00018127.,0,0,0
WBGene00018130.,7,2,9
WBGene00018131.,106,1528,1634
WBGene00018132.,112,3000,3112
WBGene00018133.,7,181,188
WBGene00018134.,0,12,12
WBGene00018135.,0,3,3
WBGene00018136.,2,29,31
WBGene00018137.,6,482,488
WBGene00018138.,45,839,884
WBGene00018139.,1,0,1
WBGene00018140.,39,561,600
WBGene00018141.,0,1,1
WBGene00018142.,0,22,22
WBGene00018143.,5,15,20
WBGene00018144.,121,1152,1273
WBGene00018145.,409,7826,8235
WBGene00018146.,11,138,149
WBGene00018148.,11,5,16
WBGene00018149.,214,1483,1697
WBGene00018150.,50,779,829
WBGene00018151.,719,7265,7984
WBGene00018152.,36,3627,3663
WBGene00018153.,4,58,62
WBGene00018154.,144,1813,1957
WBGene00018155.,3,30,33
WBGene00018156.,157,3726,3883
WBGene00018157.,1,32,33
WBGene00018158.,1,8,9
WBGene00018159.,605,4784,5389
WBGene00018160.,24,1300,1324
WBGene00018161.,58,2949,3007
WBGene00018162.,0,0,0
WBGene00018163.,1,1,2
WBGene00018164.,0,3113,3113
WBGene00018165.,1,13,14
WBGene00018166.,9,268,277
WBGene00018167.,4,138,142
WBGene00018168.,6,2,8
WBGene00018169.,0,0,0
WBGene00018170.,2,137,139
WBGene00018172.,11,22,33
WBGene00018173.,27,151,178
WBGene00018174.,12,62,74
WBGene00018175.,88,345,433
WBGene00018176.,3,17,20
WBGene00018178.,4,2,6
WBGene00018179.,2,34,36
WBGene00018180.,89,76,165
WBGene00018181.,34,2142,2176
WBGene00018182.,1,8,9
WBGene00018184.,6,307,313
WBGene00018186.,0,9,9
WBGene00018187.,3150,8838,11988
WBGene00018188.,82,647,729
WBGene00018189.,6,17,23
WBGene00018190.,0,1,1
WBGene00018191.,162,187,349
WBGene00018192.,0,0,0
WBGene00018193.,108,4011,4119
WBGene00018194.,6,301,307
WBGene00018195.,0,40,40
WBGene00018196.,4,4,8
WBGene00018198.,52,54,106
WBGene00018199.,19,524,543
WBGene00018200.,1,24,25
WBGene00018201.,4,227,231
WBGene00018202.,0,2,2
WBGene00018203.,2,13,15
WBGene00018204.,63,635,698
WBGene00018205.,1,0,1
WBGene00018206.,29,620,649
WBGene00018207.,9,63,72
WBGene00018208.,47,2221,2268
WBGene00018209.,2,1,3
WBGene00018210.,1,164,165
WBGene00018211.,12,5,17
WBGene00018212.,42,558,600
WBGene00018213.,12,89,101
WBGene00018214.,236,4606,4842
WBGene00018215.,21,251,272
WBGene00018216.,280,674,954
WBGene00018217.,657,1570,2227
WBGene00018218.,26,6168,6194
WBGene00018219.,38,511,549
WBGene00018221.,1010,16931,17941
WBGene00018222.,32,114,146
WBGene00018223.,6,51,57
WBGene00018224.,7,18,25
WBGene00018225.,3,4,7
WBGene00018226.,55,548,603
WBGene00018227.,7,32,39
WBGene00018228.,0,3,3
WBGene00018229.,0,4,4
WBGene00018230.,14,1885,1899
WBGene00018231.,0,2,2
WBGene00018232.,199,83,282
WBGene00018233.,0,20,20
WBGene00018234.,0,3,3
WBGene00018235.,0,0,0
WBGene00018236.,0,21,21
WBGene00018237.,100,1705,1805
WBGene00018238.,84,2672,2756
WBGene00018239.,36,580,616
WBGene00018240.,159,1181,1340
WBGene00018241.,5,28,33
WBGene00018242.,2,5,7
WBGene00018243.,0,1,1
WBGene00018244.,0,0,0
WBGene00018245.,1,0,1
WBGene00018246.,0,0,0
WBGene00018247.,0,0,0
WBGene00018248.,1,2,3
WBGene00018249.,230,4134,4364
WBGene00018250.,63,1203,1266
WBGene00018251.,57,374,431
WBGene00018252.,4,136,140
WBGene00018253.,4,10,14
WBGene00018254.,3,4,7
WBGene00018255.,70,42,112
WBGene00018256.,4,44,48
WBGene00018257.,121,6686,6807
WBGene00018258.,103,790,893
WBGene00018259.,279,2335,2614
WBGene00018260.,19,219,238
WBGene00018261.,39,230,269
WBGene00018262.,10,65,75
WBGene00018264.,2,6,8
WBGene00018265.,82,889,971
WBGene00018266.,18,712,730
WBGene00018267.,1,7,8
WBGene00018268.,9,291,300
WBGene00018269.,92,881,973
WBGene00018270.,28,1996,2024
WBGene00018271.,558,195425,195983
WBGene00018273.,295,613,908
WBGene00018274.,69,402,471
WBGene00018275.,88,450,538
WBGene00018278.,0,2,2
WBGene00018279.,0,8,8
WBGene00018280.,2,7,9
WBGene00018281.,41,380,421
WBGene00018282.,82,1443,1525
WBGene00018283.,6,71,77
WBGene00018284.,3,6,9
WBGene00018285.,767,7623,8390
WBGene00018286.,21,164,185
WBGene00018288.,24,430,454
WBGene00018289.,13,8,21
WBGene00018290.,232,7258,7490
WBGene00018291.,3,9,12
WBGene00018292.,1,10,11
WBGene00018293.,55,554,609
WBGene00018294.,38,2909,2947
WBGene00018295.,3,23,26
WBGene00018296.,0,1,1
WBGene00018297.,0,725,725
WBGene00018298.,95,2579,2674
WBGene00018300.,1,63,64
WBGene00018301.,6,16,22
WBGene00018302.,13,398,411
WBGene00018303.,275,5136,5411
WBGene00018304.,125,806,931
WBGene00018305.,283,3812,4095
WBGene00018307.,33,316,349
WBGene00018309.,6,83,89
WBGene00018310.,8,264,272
WBGene00018311.,48,1136,1184
WBGene00018312.,2,6,8
WBGene00018313.,7,12,19
WBGene00018314.,2,11,13
WBGene00018315.,6,8,14
WBGene00018316.,51,1435,1486
WBGene00018317.,69,2076,2145
WBGene00018318.,0,349,349
WBGene00018319.,359,1812,2171
WBGene00018321.,7,474,481
WBGene00018322.,0,0,0
WBGene00018323.,10,1,11
WBGene00018324.,0,3,3
WBGene00018325.,5,5,10
WBGene00018326.,2,30,32
WBGene00018327.,1,11,12
WBGene00018328.,175,689,864
WBGene00018329.,2,1,3
WBGene00018330.,54,901,955
WBGene00018332.,1,4,5
WBGene00018333.,0,26,26
WBGene00018334.,33,308,341
WBGene00018335.,168,1841,2009
WBGene00018336.,0,2,2
WBGene00018337.,52,644,696
WBGene00018338.,3,88,91
WBGene00018339.,49,7216,7265
WBGene00018340.,108,4425,4533
WBGene00018341.,351,7871,8222
WBGene00018342.,68,763,831
WBGene00018343.,4,374,378
WBGene00018344.,40,231,271
WBGene00018345.,26,60,86
WBGene00018346.,40,435,475
WBGene00018347.,11,28,39
WBGene00018348.,53,379,432
WBGene00018349.,98,5548,5646
WBGene00018350.,18,464,482
WBGene00018351.,3,58,61
WBGene00018352.,1,22,23
WBGene00018353.,4,4,8
WBGene00018354.,1,6,7
WBGene00018355.,8,46,54
WBGene00018356.,182,3156,3338
WBGene00018357.,53,1609,1662
WBGene00018358.,0,18,18
WBGene00018359.,4,4,8
WBGene00018360.,5,7,12
WBGene00018361.,1901,20253,22154
WBGene00018362.,34,10028,10062
WBGene00018363.,14,310,324
WBGene00018364.,109,315,424
WBGene00018365.,0,54,54
WBGene00018366.,69,905,974
WBGene00018367.,209,2178,2387
WBGene00018369.,72,637,709
WBGene00018370.,181,2202,2383
WBGene00018371.,26,776,802
WBGene00018373.,288,2834,3122
WBGene00018374.,44,229,273
WBGene00018375.,6,65,71
WBGene00018376.,405,6637,7042
WBGene00018377.,1,10,11
WBGene00018378.,0,0,0
WBGene00018379.,1,2,3
WBGene00018380.,3,155,158
WBGene00018381.,3,1,4
WBGene00018382.,1,1,2
WBGene00018383.,6,154,160
WBGene00018384.,4,16,20
WBGene00018385.,0,6,6
WBGene00018386.,25,344,369
WBGene00018387.,4,4,8
WBGene00018388.,120,1,121
WBGene00018389.,0,0,0
WBGene00018390.,19,548,567
WBGene00018391.,46,4370,4416
WBGene00018392.,163,1518,1681
WBGene00018393.,10,4154,4164
WBGene00018394.,7,58,65
WBGene00018395.,122,16598,16720
WBGene00018397.,3,12,15
WBGene00018398.,52,538,590
WBGene00018399.,24,503,527
WBGene00018400.,159,1688,1847
WBGene00018402.,17,275,292
WBGene00018403.,34,198,232
WBGene00018404.,1,20,21
WBGene00018405.,441,3424,3865
WBGene00018406.,2,11,13
WBGene00018407.,939,8403,9342
WBGene00018408.,169,1042,1211
WBGene00018409.,33,2132,2165
WBGene00018410.,5,15,20
WBGene00018411.,13,85,98
WBGene00018412.,10,10,20
WBGene00018413.,14,228,242
WBGene00018414.,6,18,24
WBGene00018415.,10,306,316
WBGene00018417.,272,2303,2575
WBGene00018418.,6,837,843
WBGene00018419.,125,1249,1374
WBGene00018420.,287,2366,2653
WBGene00018421.,14,1695,1709
WBGene00018422.,38,3278,3316
WBGene00018423.,61,387,448
WBGene00018424.,53,953,1006
WBGene00018425.,5,10,15
WBGene00018426.,87,6468,6555
WBGene00018427.,10,2489,2499
WBGene00018428.,2,8,10
WBGene00018429.,7,19,26
WBGene00018430.,36,237,273
WBGene00018431.,12,3063,3075
WBGene00018432.,0,5,5
WBGene00018433.,0,1,1
WBGene00018434.,0,3,3
WBGene00018435.,0,18,18
WBGene00018436.,0,0,0
WBGene00018437.,0,1,1
WBGene00018438.,0,3,3
WBGene00018439.,0,1,1
WBGene00018440.,1,0,1
WBGene00018441.,0,1,1
WBGene00018442.,1,1,2
WBGene00018443.,0,0,0
WBGene00018444.,0,0,0
WBGene00018445.,0,2,2
WBGene00018446.,7,43,50
WBGene00018447.,2,3,5
WBGene00018448.,8,229,237
WBGene00018449.,0,0,0
WBGene00018450.,0,0,0
WBGene00018451.,0,0,0
WBGene00018452.,0,1,1
WBGene00018454.,0,2,2
WBGene00018455.,0,3,3
WBGene00018456.,3,30,33
WBGene00018457.,0,0,0
WBGene00018458.,0,0,0
WBGene00018459.,0,4,4
WBGene00018460.,0,0,0
WBGene00018461.,0,0,0
WBGene00018462.,16,573,589
WBGene00018463.,0,0,0
WBGene00018465.,29,219,248
WBGene00018466.,13,181,194
WBGene00018467.,121,737,858
WBGene00018468.,566,5448,6014
WBGene00018470.,178,939,1117
WBGene00018471.,4,57,61
WBGene00018472.,46,109,155
WBGene00018473.,17,254,271
WBGene00018474.,61,988,1049
WBGene00018475.,430,12408,12838
WBGene00018476.,6,97,103
WBGene00018477.,0,11,11
WBGene00018478.,3,73,76
WBGene00018479.,0,10,10
WBGene00018480.,3,38,41
WBGene00018481.,143,1487,1630
WBGene00018482.,262,3866,4128
WBGene00018483.,15,364,379
WBGene00018484.,11,16,27
WBGene00018485.,1447,3655,5102
WBGene00018486.,5,90,95
WBGene00018487.,23,176,199
WBGene00018488.,66,817,883
WBGene00018489.,0,1,1
WBGene00018490.,0,0,0
WBGene00018491.,395,44500,44895
WBGene00018492.,56,606,662
WBGene00018493.,0,0,0
WBGene00018494.,0,1,1
WBGene00018495.,0,1,1
WBGene00018496.,0,0,0
WBGene00018497.,0,0,0
WBGene00018498.,0,0,0
WBGene00018499.,0,8,8
WBGene00018500.,0,1,1
WBGene00018501.,0,1,1
WBGene00018502.,0,0,0
WBGene00018503.,0,0,0
WBGene00018504.,1,0,1
WBGene00018505.,0,0,0
WBGene00018506.,0,0,0
WBGene00018507.,1,0,1
WBGene00018508.,749,4578,5327
WBGene00018509.,152,2268,2420
WBGene00018510.,29,200,229
WBGene00018511.,57,599,656
WBGene00018512.,108,1451,1559
WBGene00018513.,2,327,329
WBGene00018514.,15,277,292
WBGene00018515.,4,50,54
WBGene00018516.,31,948,979
WBGene00018517.,106,1174,1280
WBGene00018518.,21,1373,1394
WBGene00018519.,1362,331382,332744
WBGene00018520.,111,1704,1815
WBGene00018521.,2,103,105
WBGene00018522.,213,3674,3887
WBGene00018523.,56,255,311
WBGene00018525.,0,0,0
WBGene00018526.,0,0,0
WBGene00018527.,0,0,0
WBGene00018528.,0,4,4
WBGene00018529.,0,0,0
WBGene00018530.,0,1,1
WBGene00018531.,1,1,2
WBGene00018532.,1369,30927,32296
WBGene00018533.,247,2114,2361
WBGene00018534.,2,5,7
WBGene00018535.,3,11,14
WBGene00018536.,1,4,5
WBGene00018537.,1,5,6
WBGene00018538.,246,3634,3880
WBGene00018539.,27,3,30
WBGene00018540.,1,10,11
WBGene00018541.,7,79,86
WBGene00018542.,1,142,143
WBGene00018543.,9,57,66
WBGene00018544.,3,29,32
WBGene00018545.,0,10,10
WBGene00018547.,89,53,142
WBGene00018548.,0,7,7
WBGene00018549.,1,4,5
WBGene00018550.,0,3,3
WBGene00018551.,19,15,34
WBGene00018552.,5,29,34
WBGene00018553.,1,1,2
WBGene00018554.,0,0,0
WBGene00018555.,3,0,3
WBGene00018556.,0,0,0
WBGene00018557.,0,1,1
WBGene00018558.,3,17,20
WBGene00018559.,1,0,1
WBGene00018560.,37,448,485
WBGene00018561.,11,114,125
WBGene00018562.,117,1019,1136
WBGene00018563.,6,19,25
WBGene00018564.,571,2827,3398
WBGene00018565.,13,242,255
WBGene00018566.,5,73,78
WBGene00018567.,1,1,2
WBGene00018568.,1,21,22
WBGene00018569.,127,495,622
WBGene00018571.,18,31,49
WBGene00018572.,525,1325,1850
WBGene00018573.,2,2,4
WBGene00018575.,0,6,6
WBGene00018576.,24,252,276
WBGene00018577.,28,136,164
WBGene00018578.,9,345,354
WBGene00018579.,514,5678,6192
WBGene00018580.,4,1,5
WBGene00018582.,506,770,1276
WBGene00018585.,60,474,534
WBGene00018586.,107,1032,1139
WBGene00018587.,24,79,103
WBGene00018589.,392,41,433
WBGene00018590.,0,1176,1176
WBGene00018591.,2,20,22
WBGene00018593.,20,844,864
WBGene00018594.,24,363,387
WBGene00018595.,8,186,194
WBGene00018596.,12,9,21
WBGene00018598.,9,158,167
WBGene00018599.,58,3463,3521
WBGene00018600.,3,5,8
WBGene00018601.,0,0,0
WBGene00018602.,54,2657,2711
WBGene00018603.,19,83,102
WBGene00018604.,71,3374,3445
WBGene00018605.,7,23,30
WBGene00018606.,0,46,46
WBGene00018607.,230,1101,1331
WBGene00018608.,146,473,619
WBGene00018609.,137,2456,2593
WBGene00018610.,16,1399,1415
WBGene00018611.,174,809,983
WBGene00018612.,82,1336,1418
WBGene00018613.,8,663,671
WBGene00018614.,2,73,75
WBGene00018615.,17,256,273
WBGene00018616.,0,6,6
WBGene00018617.,1,0,1
WBGene00018618.,0,0,0
WBGene00018619.,0,5,5
WBGene00018620.,1,11,12
WBGene00018621.,0,216,216
WBGene00018622.,25,342,367
WBGene00018623.,6,10,16
WBGene00018624.,2,19,21
WBGene00018625.,44,2094,2138
WBGene00018626.,1,25,26
WBGene00018627.,0,5,5
WBGene00018628.,4,1,5
WBGene00018630.,9,44,53
WBGene00018631.,0,2,2
WBGene00018632.,15,621,636
WBGene00018634.,177,1318,1495
WBGene00018635.,44,825,869
WBGene00018636.,111,870,981
WBGene00018637.,26,773,799
WBGene00018638.,15,978,993
WBGene00018639.,53,386,439
WBGene00018640.,9,133,142
WBGene00018641.,8,171,179
WBGene00018643.,1,9,10
WBGene00018644.,0,0,0
WBGene00018645.,7,55,62
WBGene00018646.,9,47,56
WBGene00018647.,3,6,9
WBGene00018648.,11,26,37
WBGene00018649.,0,0,0
WBGene00018650.,1,2,3
WBGene00018651.,0,2,2
WBGene00018652.,1,0,1
WBGene00018653.,6,31,37
WBGene00018654.,31,469,500
WBGene00018655.,29,565,594
WBGene00018656.,255,5071,5326
WBGene00018657.,255,2369,2624
WBGene00018658.,4,52,56
WBGene00018659.,5,264,269
WBGene00018660.,0,60,60
WBGene00018661.,0,30,30
WBGene00018662.,0,0,0
WBGene00018663.,0,54,54
WBGene00018664.,7,60,67
WBGene00018665.,13,131,144
WBGene00018666.,5,31,36
WBGene00018667.,15,180,195
WBGene00018668.,10,192,202
WBGene00018669.,9,151,160
WBGene00018670.,0,8,8
WBGene00018671.,3,6,9
WBGene00018672.,172,765,937
WBGene00018674.,311,2460,2771
WBGene00018675.,39,161,200
WBGene00018678.,70,675,745
WBGene00018679.,287,2357,2644
WBGene00018680.,79,203,282
WBGene00018681.,437,1312,1749
WBGene00018682.,34,632,666
WBGene00018683.,11,52,63
WBGene00018684.,0,1,1
WBGene00018687.,2,33,35
WBGene00018688.,1,37,38
WBGene00018689.,13,153,166
WBGene00018690.,5,14,19
WBGene00018691.,1,2,3
WBGene00018692.,113,5555,5668
WBGene00018693.,14,9,23
WBGene00018694.,17,56,73
WBGene00018696.,88,512,600
WBGene00018697.,44,523,567
WBGene00018698.,14,204,218
WBGene00018699.,0,0,0
WBGene00018700.,794,3791,4585
WBGene00018701.,294,34697,34991
WBGene00018702.,13,1066,1079
WBGene00018703.,29,790,819
WBGene00018704.,13,540,553
WBGene00018706.,3,53,56
WBGene00018707.,8,159,167
WBGene00018708.,1,3,4
WBGene00018709.,0,8,8
WBGene00018710.,544,6532,7076
WBGene00018711.,108,208,316
WBGene00018712.,72,156,228
WBGene00018713.,3,16,19
WBGene00018714.,45,1043,1088
WBGene00018715.,20,242,262
WBGene00018716.,111,309,420
WBGene00018717.,22,545,567
WBGene00018718.,15,126,141
WBGene00018719.,152,1397,1549
WBGene00018720.,365,3921,4286
WBGene00018721.,93,639,732
WBGene00018723.,81,370,451
WBGene00018724.,0,565,565
WBGene00018725.,0,4267,4267
WBGene00018726.,1,15,16
WBGene00018727.,105,578,683
WBGene00018728.,22,54,76
WBGene00018729.,0,937,937
WBGene00018730.,0,2804,2804
WBGene00018731.,0,2264,2264
WBGene00018732.,0,1723,1723
WBGene00018734.,988,2226,3214
WBGene00018735.,16,324,340
WBGene00018736.,3,145,148
WBGene00018738.,32,124,156
WBGene00018739.,151,1303,1454
WBGene00018740.,152,1270,1422
WBGene00018741.,50,68,118
WBGene00018742.,15,106,121
WBGene00018743.,105,1477,1582
WBGene00018744.,1,1190,1191
WBGene00018745.,6,29,35
WBGene00018746.,5,37,42
WBGene00018747.,33,262,295
WBGene00018748.,14,302,316
WBGene00018749.,0,0,0
WBGene00018750.,268,1277,1545
WBGene00018751.,1,2,3
WBGene00018752.,14,47,61
WBGene00018754.,5,40,45
WBGene00018755.,25,221,246
WBGene00018756.,542,4151,4693
WBGene00018757.,142,1417,1559
WBGene00018758.,91,1346,1437
WBGene00018759.,0,1,1
WBGene00018760.,45,126,171
WBGene00018761.,126,121,247
WBGene00018762.,184,4846,5030
WBGene00018763.,73,4530,4603
WBGene00018764.,2,9025,9027
WBGene00018765.,1167,7002,8169
WBGene00018766.,107,194,301
WBGene00018767.,2,17,19
WBGene00018768.,1,1,2
WBGene00018769.,97,4004,4101
WBGene00018771.,5,23,28
WBGene00018772.,69,167,236
WBGene00018773.,8,36,44
WBGene00018774.,33,137,170
WBGene00018776.,324,4422,4746
WBGene00018777.,155,678,833
WBGene00018778.,730,8221,8951
WBGene00018779.,4,133,137
WBGene00018781.,215,924,1139
WBGene00018782.,811,8446,9257
WBGene00018783.,6,74,80
WBGene00018784.,231,6923,7154
WBGene00018785.,220,1482,1702
WBGene00018786.,8,262,270
WBGene00018787.,59,643,702
WBGene00018788.,172,355,527
WBGene00018789.,43,350,393
WBGene00018791.,65,366,431
WBGene00018792.,1,7,8
WBGene00018793.,544,3967,4511
WBGene00018794.,216,460,676
WBGene00018795.,67,800,867
WBGene00018797.,225,1540,1765
WBGene00018798.,47,214,261
WBGene00018802.,89,4442,4531
WBGene00018803.,52,2093,2145
WBGene00018804.,25,591,616
WBGene00018805.,4,30,34
WBGene00018806.,1,261,262
WBGene00018807.,4,201,205
WBGene00018808.,0,2,2
WBGene00018809.,1,2,3
WBGene00018810.,0,0,0
WBGene00018811.,1122,15503,16625
WBGene00018812.,185,1806,1991
WBGene00018813.,0,35,35
WBGene00018814.,42,1018,1060
WBGene00018815.,2,4,6
WBGene00018816.,2,1,3
WBGene00018819.,418,3880,4298
WBGene00018820.,15,19,34
WBGene00018821.,0,2,2
WBGene00018822.,0,2,2
WBGene00018823.,8,582,590
WBGene00018824.,0,5,5
WBGene00018825.,4,15,19
WBGene00018826.,0,9,9
WBGene00018827.,32,825,857
WBGene00018828.,3,118,121
WBGene00018829.,6,8,14
WBGene00018830.,56,1131,1187
WBGene00018831.,55,1051,1106
WBGene00018833.,218,852,1070
WBGene00018834.,0,3,3
WBGene00018835.,58,560,618
WBGene00018836.,60,692,752
WBGene00018837.,799,1187,1986
WBGene00018838.,0,0,0
WBGene00018839.,2,129,131
WBGene00018840.,1,4,5
WBGene00018841.,0,3,3
WBGene00018842.,0,13,13
WBGene00018844.,0,4,4
WBGene00018845.,38,245,283
WBGene00018846.,26426,320084,346510
WBGene00018847.,124,1608,1732
WBGene00018848.,60,681,741
WBGene00018849.,43,7047,7090
WBGene00018850.,29,62,91
WBGene00018851.,7,46,53
WBGene00018852.,15,108,123
WBGene00018853.,86,1962,2048
WBGene00018854.,61,2857,2918
WBGene00018855.,5,143,148
WBGene00018856.,13,21,34
WBGene00018857.,154,2512,2666
WBGene00018859.,32,314,346
WBGene00018860.,140,617,757
WBGene00018861.,19,176,195
WBGene00018862.,28,409,437
WBGene00018863.,7,685,692
WBGene00018864.,150,1432,1582
WBGene00018865.,0,2,2
WBGene00018866.,167,3606,3773
WBGene00018867.,35,164,199
WBGene00018868.,30,42,72
WBGene00018869.,200,4270,4470
WBGene00018870.,2,36,38
WBGene00018871.,9,682,691
WBGene00018872.,275,2706,2981
WBGene00018873.,10,63,73
WBGene00018874.,34,69,103
WBGene00018875.,0,4,4
WBGene00018877.,96,989,1085
WBGene00018878.,3,745,748
WBGene00018879.,31,222,253
WBGene00018880.,14,34,48
WBGene00018881.,0,15,15
WBGene00018882.,0,1,1
WBGene00018883.,0,8,8
WBGene00018884.,7,2,9
WBGene00018885.,1,67,68
WBGene00018886.,2,412,414
WBGene00018888.,1,4,5
WBGene00018890.,220,3470,3690
WBGene00018891.,208,3927,4135
WBGene00018892.,73,3582,3655
WBGene00018893.,501,5882,6383
WBGene00018894.,8,1358,1366
WBGene00018895.,2,2,4
WBGene00018896.,4,34,38
WBGene00018897.,33,696,729
WBGene00018898.,462,9753,10215
WBGene00018899.,6,51,57
WBGene00018900.,62,2168,2230
WBGene00018901.,0,62,62
WBGene00018902.,2,324,326
WBGene00018903.,5,45,50
WBGene00018904.,16,1533,1549
WBGene00018906.,17,28,45
WBGene00018907.,42,139,181
WBGene00018908.,41,301,342
WBGene00018909.,91,480,571
WBGene00018910.,0,0,0
WBGene00018911.,0,0,0
WBGene00018912.,0,0,0
WBGene00018913.,0,0,0
WBGene00018914.,0,0,0
WBGene00018915.,0,0,0
WBGene00018917.,0,0,0
WBGene00018918.,0,1,1
WBGene00018919.,0,0,0
WBGene00018920.,0,0,0
WBGene00018921.,0,31,31
WBGene00018923.,151,582,733
WBGene00018924.,17,65,82
WBGene00018925.,5,740,745
WBGene00018926.,0,0,0
WBGene00018928.,74,288,362
WBGene00018929.,5,10,15
WBGene00018930.,1,5,6
WBGene00018931.,3,9,12
WBGene00018932.,103,4355,4458
WBGene00018933.,1,6,7
WBGene00018934.,14,4746,4760
WBGene00018935.,4,1373,1377
WBGene00018937.,29,223,252
WBGene00018938.,0,1,1
WBGene00018939.,2,51,53
WBGene00018940.,0,1,1
WBGene00018941.,0,5,5
WBGene00018942.,0,0,0
WBGene00018943.,0,0,0
WBGene00018944.,2,0,2
WBGene00018945.,6,70,76
WBGene00018946.,8,39,47
WBGene00018948.,6,165,171
WBGene00018949.,1,8,9
WBGene00018950.,52,561,613
WBGene00018951.,19,614,633
WBGene00018952.,31,251,282
WBGene00018953.,564,5721,6285
WBGene00018954.,86,491,577
WBGene00018955.,40,1361,1401
WBGene00018957.,54,946,1000
WBGene00018958.,115,804,919
WBGene00018959.,29,845,874
WBGene00018960.,22,1021,1043
WBGene00018961.,309,3778,4087
WBGene00018963.,1086,20239,21325
WBGene00018964.,28,449,477
WBGene00018965.,18,99,117
WBGene00018966.,19,206,225
WBGene00018967.,70,2760,2830
WBGene00018968.,2,24,26
WBGene00018969.,27,2101,2128
WBGene00018970.,1,0,1
WBGene00018971.,15,139,154
WBGene00018972.,0,5,5
WBGene00018973.,0,2,2
WBGene00018974.,222,1205,1427
WBGene00018975.,463,2014,2477
WBGene00018976.,265,229,494
WBGene00018978.,1,0,1
WBGene00018979.,0,0,0
WBGene00018980.,1,0,1
WBGene00018981.,0,2,2
WBGene00018982.,0,0,0
WBGene00018984.,29,273,302
WBGene00018985.,96,1266,1362
WBGene00018986.,27,583,610
WBGene00018987.,79,666,745
WBGene00018988.,11,121,132
WBGene00018989.,59,1007,1066
WBGene00018990.,50,333,383
WBGene00018991.,35,296,331
WBGene00018992.,7,29,36
WBGene00018993.,3,2,5
WBGene00018994.,1,1,2
WBGene00018995.,103,859,962
WBGene00018996.,42,2017,2059
WBGene00018997.,10,37,47
WBGene00018998.,148,2484,2632
WBGene00018999.,5,13,18
WBGene00019001.,633,18942,19575
WBGene00019002.,64,450,514
WBGene00019003.,80,5453,5533
WBGene00019004.,43,1357,1400
WBGene00019005.,214,2267,2481
WBGene00019006.,222,1845,2067
WBGene00019007.,1756,4790,6546
WBGene00019008.,9,764,773
WBGene00019009.,44,275,319
WBGene00019010.,151,24,175
WBGene00019011.,150,1193,1343
WBGene00019012.,22,154,176
WBGene00019013.,14,304,318
WBGene00019014.,16,237,253
WBGene00019015.,0,3,3
WBGene00019016.,0,7,7
WBGene00019017.,15,1653,1668
WBGene00019018.,866,2840,3706
WBGene00019019.,112,35,147
WBGene00019020.,0,100,100
WBGene00019021.,1,182,183
WBGene00019022.,38,132,170
WBGene00019023.,14,101,115
WBGene00019024.,0,9,9
WBGene00019025.,10,98,108
WBGene00019026.,0,1,1
WBGene00019027.,0,4,4
WBGene00019028.,2,10,12
WBGene00019029.,9,25,34
WBGene00019030.,68,258,326
WBGene00019032.,4,44,48
WBGene00019034.,0,1,1
WBGene00019035.,0,0,0
WBGene00019036.,3,1,4
WBGene00019037.,0,0,0
WBGene00019038.,2,2,4
WBGene00019039.,0,0,0
WBGene00019040.,0,0,0
WBGene00019041.,0,0,0
WBGene00019042.,0,0,0
WBGene00019043.,0,3,3
WBGene00019044.,1,0,1
WBGene00019045.,0,0,0
WBGene00019046.,0,5,5
WBGene00019047.,5,197,202
WBGene00019048.,27,398,425
WBGene00019049.,5,78,83
WBGene00019050.,0,0,0
WBGene00019051.,0,0,0
WBGene00019053.,0,4,4
WBGene00019054.,2,2,4
WBGene00019055.,20,433,453
WBGene00019057.,2,36,38
WBGene00019058.,11,27,38
WBGene00019059.,0,3,3
WBGene00019060.,42,250,292
WBGene00019061.,4453,68254,72707
WBGene00019062.,1,5,6
WBGene00019063.,1,4,5
WBGene00019064.,65,2074,2139
WBGene00019065.,0,0,0
WBGene00019066.,0,0,0
WBGene00019067.,12,67,79
WBGene00019068.,1,72,73
WBGene00019069.,115,402,517
WBGene00019070.,0,31,31
WBGene00019072.,0,0,0
WBGene00019073.,0,0,0
WBGene00019074.,170,1414,1584
WBGene00019075.,18,594,612
WBGene00019076.,82,2311,2393
WBGene00019077.,24,1454,1478
WBGene00019079.,138,2337,2475
WBGene00019080.,13,28,41
WBGene00019081.,7,6,13
WBGene00019082.,21,216,237
WBGene00019084.,4,15,19
WBGene00019085.,2,1,3
WBGene00019086.,2,1,3
WBGene00019087.,12,1703,1715
WBGene00019089.,6,8,14
WBGene00019090.,612,7917,8529
WBGene00019091.,7,6,13
WBGene00019092.,792,11249,12041
WBGene00019094.,3,6,9
WBGene00019095.,12,198,210
WBGene00019096.,1,2,3
WBGene00019097.,38,1183,1221
WBGene00019098.,2,6,8
WBGene00019099.,1,0,1
WBGene00019100.,68,281,349
WBGene00019101.,6,58,64
WBGene00019102.,484,3660,4144
WBGene00019103.,27,71,98
WBGene00019104.,0,8,8
WBGene00019105.,1,305,306
WBGene00019106.,7,17,24
WBGene00019107.,0,8,8
WBGene00019108.,6,285,291
WBGene00019109.,132,578,710
WBGene00019111.,45,412,457
WBGene00019112.,19,20,39
WBGene00019113.,16,575,591
WBGene00019114.,14,211,225
WBGene00019115.,14,115,129
WBGene00019116.,23,388,411
WBGene00019117.,32,247,279
WBGene00019118.,15,1610,1625
WBGene00019119.,2,3,5
WBGene00019120.,48,1597,1645
WBGene00019121.,17,1797,1814
WBGene00019122.,100,6,106
WBGene00019123.,1,0,1
WBGene00019124.,198,3350,3548
WBGene00019125.,31,374,405
WBGene00019126.,9,57,66
WBGene00019127.,73,1069,1142
WBGene00019128.,68,235,303
WBGene00019129.,90,558,648
WBGene00019130.,69,512,581
WBGene00019131.,2,43,45
WBGene00019132.,16,70,86
WBGene00019133.,2,4,6
WBGene00019134.,7,84,91
WBGene00019135.,0,1,1
WBGene00019137.,2,0,2
WBGene00019138.,36,11,47
WBGene00019139.,12,87,99
WBGene00019140.,15,119,134
WBGene00019141.,34,341,375
WBGene00019142.,20,577,597
WBGene00019143.,61,1010,1071
WBGene00019144.,8,43,51
WBGene00019145.,0,2,2
WBGene00019146.,1,5,6
WBGene00019148.,19,304,323
WBGene00019149.,42,134,176
WBGene00019150.,0,0,0
WBGene00019151.,0,1,1
WBGene00019152.,1,8,9
WBGene00019153.,2,97,99
WBGene00019154.,12,260,272
WBGene00019155.,4,0,4
WBGene00019156.,30,709,739
WBGene00019157.,449,2304,2753
WBGene00019158.,53,1765,1818
WBGene00019159.,2,10,12
WBGene00019160.,135,23213,23348
WBGene00019162.,87,25134,25221
WBGene00019163.,5,1807,1812
WBGene00019164.,15,194,209
WBGene00019165.,3,6,9
WBGene00019166.,321,549,870
WBGene00019167.,222,1354,1576
WBGene00019168.,1622,19940,21562
WBGene00019169.,1,6,7
WBGene00019170.,365,3762,4127
WBGene00019171.,1,2,3
WBGene00019174.,12,141,153
WBGene00019176.,39,50,89
WBGene00019177.,5,216,221
WBGene00019178.,2,3,5
WBGene00019179.,0,0,0
WBGene00019180.,415,901,1316
WBGene00019181.,3,20,23
WBGene00019182.,22,258,280
WBGene00019183.,546,42,588
WBGene00019184.,2,51,53
WBGene00019185.,27,612,639
WBGene00019186.,0,1,1
WBGene00019187.,62,304,366
WBGene00019188.,107,1094,1201
WBGene00019189.,0,18,18
WBGene00019190.,48,0,48
WBGene00019192.,0,0,0
WBGene00019193.,0,1,1
WBGene00019194.,7,11,18
WBGene00019196.,32,2368,2400
WBGene00019197.,6,31,37
WBGene00019198.,67,330,397
WBGene00019199.,133,1464,1597
WBGene00019200.,52,429,481
WBGene00019202.,25,14,39
WBGene00019203.,454,8610,9064
WBGene00019204.,168,1080,1248
WBGene00019205.,1759,4598,6357
WBGene00019207.,329,6672,7001
WBGene00019208.,4,15,19
WBGene00019209.,292,3189,3481
WBGene00019211.,388,1478,1866
WBGene00019212.,98,952,1050
WBGene00019213.,36,296,332
WBGene00019214.,1,7,8
WBGene00019215.,4,15,19
WBGene00019216.,0,2,2
WBGene00019217.,413,2430,2843
WBGene00019218.,99,386,485
WBGene00019219.,99,1321,1420
WBGene00019220.,93,4046,4139
WBGene00019221.,7,423,430
WBGene00019222.,2,6,8
WBGene00019224.,10,135,145
WBGene00019225.,11,48,59
WBGene00019226.,9,104,113
WBGene00019227.,219,3083,3302
WBGene00019228.,1,105,106
WBGene00019229.,0,7,7
WBGene00019230.,32,92,124
WBGene00019231.,13,57,70
WBGene00019232.,133,522,655
WBGene00019233.,13,29,42
WBGene00019234.,23,289,312
WBGene00019235.,10,16,26
WBGene00019236.,7,52,59
WBGene00019237.,297,2582,2879
WBGene00019239.,26,8,34
WBGene00019240.,172,3628,3800
WBGene00019241.,304,1475,1779
WBGene00019242.,48,28,76
WBGene00019243.,7,1471,1478
WBGene00019244.,44,367,411
WBGene00019245.,190,1588,1778
WBGene00019246.,530,5221,5751
WBGene00019247.,6,324,330
WBGene00019248.,464,528,992
WBGene00019249.,415,11773,12188
WBGene00019250.,687,4304,4991
WBGene00019251.,17,11,28
WBGene00019253.,0,19,19
WBGene00019254.,4,63,67
WBGene00019255.,4,19,23
WBGene00019257.,4,1,5
WBGene00019259.,72,1955,2027
WBGene00019260.,0,1,1
WBGene00019261.,1,257,258
WBGene00019262.,2,5,7
WBGene00019263.,80,769,849
WBGene00019264.,134,1203,1337
WBGene00019265.,3,265,268
WBGene00019266.,3,62,65
WBGene00019267.,0,4,4
WBGene00019268.,39,228,267
WBGene00019269.,5,32,37
WBGene00019270.,166,404,570
WBGene00019272.,51,286,337
WBGene00019273.,0,102,102
WBGene00019274.,229,612,841
WBGene00019275.,228,1762,1990
WBGene00019276.,163,1487,1650
WBGene00019277.,217,3480,3697
WBGene00019278.,169,880,1049
WBGene00019279.,1351,1656,3007
WBGene00019280.,44,553,597
WBGene00019281.,1,2,3
WBGene00019282.,923,14355,15278
WBGene00019283.,0,0,0
WBGene00019284.,60,1992,2052
WBGene00019285.,29,229,258
WBGene00019286.,122,133,255
WBGene00019287.,11,73,84
WBGene00019288.,0,0,0
WBGene00019289.,93,1278,1371
WBGene00019290.,4,99,103
WBGene00019292.,0,1,1
WBGene00019293.,3,227,230
WBGene00019294.,632,3860,4492
WBGene00019295.,222,2633,2855
WBGene00019296.,24,2871,2895
WBGene00019297.,2,10,12
WBGene00019298.,69,1491,1560
WBGene00019299.,96,1119,1215
WBGene00019300.,34,587,621
WBGene00019301.,351,6986,7337
WBGene00019302.,4,3,7
WBGene00019303.,55,32,87
WBGene00019304.,15,340,355
WBGene00019305.,48,2398,2446
WBGene00019306.,1,43,44
WBGene00019309.,0,6,6
WBGene00019310.,2,147,149
WBGene00019311.,79,1985,2064
WBGene00019312.,1,22,23
WBGene00019313.,1,2,3
WBGene00019314.,2,12,14
WBGene00019315.,91,1387,1478
WBGene00019316.,0,90,90
WBGene00019317.,68,733,801
WBGene00019318.,204,91,295
WBGene00019319.,30,467,497
WBGene00019320.,25,149,174
WBGene00019321.,38,230,268
WBGene00019322.,118,49859,49977
WBGene00019323.,834,4182,5016
WBGene00019324.,293,7707,8000
WBGene00019326.,136,2465,2601
WBGene00019327.,790,14999,15789
WBGene00019328.,333,4720,5053
WBGene00019329.,187,742,929
WBGene00019331.,76,99,175
WBGene00019332.,1538,18569,20107
WBGene00019333.,338,4492,4830
WBGene00019334.,17,1602,1619
WBGene00019335.,0,30,30
WBGene00019337.,1,6,7
WBGene00019338.,4,4,8
WBGene00019339.,0,37,37
WBGene00019340.,0,0,0
WBGene00019341.,8,3,11
WBGene00019342.,0,23,23
WBGene00019343.,34,87,121
WBGene00019344.,39,430,469
WBGene00019345.,45,346,391
WBGene00019346.,13,251,264
WBGene00019347.,468,1204,1672
WBGene00019348.,1,5,6
WBGene00019349.,0,3,3
WBGene00019350.,0,5,5
WBGene00019351.,30,774,804
WBGene00019352.,50,260,310
WBGene00019353.,42,1326,1368
WBGene00019354.,65,1545,1610
WBGene00019355.,78,1146,1224
WBGene00019356.,0,0,0
WBGene00019357.,162,10650,10812
WBGene00019360.,39,135,174
WBGene00019361.,273,3992,4265
WBGene00019362.,127,501,628
WBGene00019364.,14,299,313
WBGene00019365.,186,2498,2684
WBGene00019367.,0,18,18
WBGene00019368.,78,311,389
WBGene00019369.,8,29,37
WBGene00019370.,44,198,242
WBGene00019371.,0,2,2
WBGene00019372.,2,55,57
WBGene00019373.,34,350,384
WBGene00019374.,9,343,352
WBGene00019376.,3,4,7
WBGene00019379.,7,19,26
WBGene00019380.,451,5408,5859
WBGene00019381.,54,13152,13206
WBGene00019382.,5,25,30
WBGene00019383.,1,0,1
WBGene00019384.,0,1,1
WBGene00019385.,0,4,4
WBGene00019386.,2,22,24
WBGene00019387.,1,0,1
WBGene00019388.,7,66,73
WBGene00019389.,2,20,22
WBGene00019390.,0,5,5
WBGene00019391.,2,24,26
WBGene00019392.,1,8,9
WBGene00019393.,11,10,21
WBGene00019394.,95,422,517
WBGene00019395.,32,155,187
WBGene00019396.,57,1125,1182
WBGene00019399.,45,2180,2225
WBGene00019400.,145,1753,1898
WBGene00019401.,148,10277,10425
WBGene00019402.,95,4033,4128
WBGene00019403.,140,1062,1202
WBGene00019404.,7,40,47
WBGene00019405.,3,26,29
WBGene00019406.,9,28,37
WBGene00019407.,158,983,1141
WBGene00019408.,34,921,955
WBGene00019409.,1,0,1
WBGene00019410.,2,1,3
WBGene00019411.,19,348,367
WBGene00019412.,0,0,0
WBGene00019413.,0,1,1
WBGene00019414.,0,3,3
WBGene00019415.,2,8,10
WBGene00019416.,1,6,7
WBGene00019417.,0,0,0
WBGene00019418.,0,2,2
WBGene00019419.,0,0,0
WBGene00019420.,0,0,0
WBGene00019421.,0,2,2
WBGene00019422.,0,7,7
WBGene00019423.,45,5,50
WBGene00019424.,14,120,134
WBGene00019425.,0,8,8
WBGene00019426.,5,165,170
WBGene00019427.,29,1149,1178
WBGene00019428.,184,700,884
WBGene00019429.,43,1190,1233
WBGene00019430.,0,11,11
WBGene00019431.,15,27,42
WBGene00019432.,176,5296,5472
WBGene00019433.,93,10389,10482
WBGene00019434.,266,502,768
WBGene00019435.,38,185,223
WBGene00019436.,93,777,870
WBGene00019437.,200,2768,2968
WBGene00019438.,0,2,2
WBGene00019439.,126,18,144
WBGene00019441.,47,108,155
WBGene00019442.,0,0,0
WBGene00019444.,20,33,53
WBGene00019445.,18,45,63
WBGene00019448.,22,190,212
WBGene00019449.,1,3,4
WBGene00019450.,2,1,3
WBGene00019451.,0,0,0
WBGene00019452.,0,0,0
WBGene00019453.,2,1,3
WBGene00019454.,0,3,3
WBGene00019455.,14,73,87
WBGene00019456.,85,429,514
WBGene00019457.,166,2023,2189
WBGene00019458.,44,484,528
WBGene00019459.,2,7,9
WBGene00019460.,37,966,1003
WBGene00019461.,31,39,70
WBGene00019462.,283,173,456
WBGene00019464.,9,554,563
WBGene00019465.,511,4127,4638
WBGene00019466.,1011,36498,37509
WBGene00019467.,7,2114,2121
WBGene00019469.,0,1,1
WBGene00019470.,1,1,2
WBGene00019471.,0,0,0
WBGene00019472.,1,3,4
WBGene00019473.,5,16,21
WBGene00019476.,21,350,371
WBGene00019477.,14,168,182
WBGene00019478.,880,7715,8595
WBGene00019479.,130,2025,2155
WBGene00019480.,117,1203,1320
WBGene00019481.,93,3321,3414
WBGene00019482.,45,591,636
WBGene00019483.,2,8,10
WBGene00019484.,0,274,274
WBGene00019485.,88,325,413
WBGene00019486.,2,7,9
WBGene00019487.,29,363,392
WBGene00019488.,98,2609,2707
WBGene00019489.,55,1977,2032
WBGene00019490.,29,1706,1735
WBGene00019491.,35,775,810
WBGene00019492.,491,4390,4881
WBGene00019493.,24,178,202
WBGene00019494.,1,30,31
WBGene00019495.,65,1720,1785
WBGene00019496.,8,84,92
WBGene00019497.,49,1487,1536
WBGene00019498.,86,1190,1276
WBGene00019501.,0,19,19
WBGene00019502.,0,0,0
WBGene00019503.,50,542,592
WBGene00019504.,16,1730,1746
WBGene00019506.,13,20,33
WBGene00019507.,0,1,1
WBGene00019508.,11,46,57
WBGene00019509.,5,124,129
WBGene00019510.,1126,58972,60098
WBGene00019511.,169,3120,3289
WBGene00019512.,6,22,28
WBGene00019513.,43,914,957
WBGene00019514.,1,1,2
WBGene00019515.,14,127,141
WBGene00019516.,10,100,110
WBGene00019517.,6,35,41
WBGene00019518.,20,64,84
WBGene00019519.,87,578,665
WBGene00019520.,1,141,142
WBGene00019521.,164,3022,3186
WBGene00019522.,111,679,790
WBGene00019524.,0,8,8
WBGene00019525.,182,2222,2404
WBGene00019526.,4,1,5
WBGene00019527.,0,8,8
WBGene00019529.,0,1,1
WBGene00019530.,0,0,0
WBGene00019531.,0,1,1
WBGene00019532.,10,8,18
WBGene00019533.,3,1,4
WBGene00019534.,2,4,6
WBGene00019535.,18,218,236
WBGene00019536.,125,131,256
WBGene00019537.,15,64713,64728
WBGene00019538.,13,276,289
WBGene00019540.,73,7225,7298
WBGene00019541.,2,66,68
WBGene00019543.,503,6938,7441
WBGene00019544.,71,1842,1913
WBGene00019545.,27,198,225
WBGene00019546.,43,550,593
WBGene00019547.,0,7,7
WBGene00019548.,2,0,2
WBGene00019549.,3,0,3
WBGene00019550.,12,45,57
WBGene00019552.,6,136,142
WBGene00019553.,2,67,69
WBGene00019554.,15,467,482
WBGene00019556.,0,7,7
WBGene00019557.,7,7,14
WBGene00019558.,0,1,1
WBGene00019559.,0,0,0
WBGene00019560.,0,1,1
WBGene00019561.,0,0,0
WBGene00019562.,1,0,1
WBGene00019563.,2,37,39
WBGene00019564.,108,1903,2011
WBGene00019565.,2,10,12
WBGene00019566.,0,0,0
WBGene00019567.,0,3,3
WBGene00019568.,1,5,6
WBGene00019569.,0,3,3
WBGene00019570.,16,78,94
WBGene00019571.,67,68,135
WBGene00019572.,0,49,49
WBGene00019574.,0,1,1
WBGene00019575.,4,20,24
WBGene00019576.,0,32,32
WBGene00019577.,11,82,93
WBGene00019578.,0,10,10
WBGene00019579.,3,30,33
WBGene00019580.,0,7,7
WBGene00019582.,1,4,5
WBGene00019583.,0,2,2
WBGene00019584.,3,10,13
WBGene00019586.,12,18,30
WBGene00019587.,0,3,3
WBGene00019588.,0,5,5
WBGene00019589.,13,27,40
WBGene00019590.,3,7,10
WBGene00019591.,1,25,26
WBGene00019592.,0,247,247
WBGene00019593.,3,344,347
WBGene00019594.,9,10,19
WBGene00019595.,31,648,679
WBGene00019597.,45,513,558
WBGene00019598.,131,148,279
WBGene00019599.,41,271,312
WBGene00019600.,3,203,206
WBGene00019601.,3,22,25
WBGene00019603.,4,226,230
WBGene00019604.,0,1,1
WBGene00019605.,42,413,455
WBGene00019606.,0,43,43
WBGene00019607.,672,6525,7197
WBGene00019608.,22,552,574
WBGene00019609.,118,1130,1248
WBGene00019611.,13,624,637
WBGene00019612.,187,1347,1534
WBGene00019613.,2,4,6
WBGene00019614.,1,5,6
WBGene00019615.,90,648,738
WBGene00019616.,3,83,86
WBGene00019617.,29,1177,1206
WBGene00019618.,20,51,71
WBGene00019619.,54,985,1039
WBGene00019620.,50,4513,4563
WBGene00019621.,0,0,0
WBGene00019622.,3,4,7
WBGene00019623.,63,361,424
WBGene00019624.,437,3728,4165
WBGene00019625.,8,8,16
WBGene00019626.,1,6,7
WBGene00019627.,78,1303,1381
WBGene00019628.,27,1735,1762
WBGene00019629.,34,1438,1472
WBGene00019630.,28,238,266
WBGene00019631.,90,2148,2238
WBGene00019633.,81,497,578
WBGene00019636.,13,193,206
WBGene00019638.,1,3,4
WBGene00019639.,0,6,6
WBGene00019640.,10,49,59
WBGene00019641.,42,357,399
WBGene00019642.,24,92,116
WBGene00019643.,14,470,484
WBGene00019644.,42,194,236
WBGene00019645.,101,1668,1769
WBGene00019646.,1,7,8
WBGene00019647.,96,1997,2093
WBGene00019648.,3,24,27
WBGene00019649.,12,201,213
WBGene00019650.,167,1778,1945
WBGene00019651.,155,1057,1212
WBGene00019652.,31,536,567
WBGene00019653.,1,4,5
WBGene00019654.,8,52,60
WBGene00019655.,8,116,124
WBGene00019656.,51,1855,1906
WBGene00019657.,63,975,1038
WBGene00019658.,98,1781,1879
WBGene00019659.,9,58,67
WBGene00019660.,4,296,300
WBGene00019661.,5,105,110
WBGene00019662.,13,18,31
WBGene00019663.,21,1288,1309
WBGene00019664.,317,4572,4889
WBGene00019665.,14,152,166
WBGene00019666.,23,751,774
WBGene00019667.,9,26,35
WBGene00019668.,0,6,6
WBGene00019669.,10,100,110
WBGene00019672.,0,1,1
WBGene00019673.,58,1143,1201
WBGene00019674.,10,42,52
WBGene00019675.,1,0,1
WBGene00019676.,2,7,9
WBGene00019677.,61,434,495
WBGene00019678.,323,3556,3879
WBGene00019679.,206,3523,3729
WBGene00019680.,0,19401,19401
WBGene00019681.,1,0,1
WBGene00019682.,71,1305,1376
WBGene00019683.,248,101,349
WBGene00019684.,0,8,8
WBGene00019685.,4,7,11
WBGene00019686.,249,2255,2504
WBGene00019687.,1,0,1
WBGene00019688.,2,5,7
WBGene00019689.,2,6,8
WBGene00019690.,0,6,6
WBGene00019691.,22,93,115
WBGene00019692.,38,433,471
WBGene00019693.,30,4507,4537
WBGene00019697.,432,1530,1962
WBGene00019698.,410,6228,6638
WBGene00019699.,4,2,6
WBGene00019700.,0,1,1
WBGene00019702.,0,0,0
WBGene00019703.,0,1,1
WBGene00019704.,0,1,1
WBGene00019705.,0,39,39
WBGene00019706.,4,1,5
WBGene00019709.,0,0,0
WBGene00019710.,10,422,432
WBGene00019711.,105,2907,3012
WBGene00019712.,25,429,454
WBGene00019713.,55,516,571
WBGene00019714.,0,13,13
WBGene00019715.,142,1169,1311
WBGene00019716.,276,1813,2089
WBGene00019717.,62,261,323
WBGene00019718.,1,14,15
WBGene00019719.,2801,14894,17695
WBGene00019720.,40,398,438
WBGene00019721.,12,4,16
WBGene00019722.,3,17,20
WBGene00019723.,0,136,136
WBGene00019724.,100,717,817
WBGene00019725.,26,498,524
WBGene00019726.,359,812,1171
WBGene00019727.,630,33490,34120
WBGene00019728.,0,2,2
WBGene00019729.,54,739,793
WBGene00019730.,45,1215,1260
WBGene00019731.,46,76,122
WBGene00019732.,0,1197,1197
WBGene00019733.,364,1797,2161
WBGene00019734.,177,2178,2355
WBGene00019735.,0,15,15
WBGene00019736.,1,12,13
WBGene00019738.,20,194,214
WBGene00019739.,7,42,49
WBGene00019740.,0,1,1
WBGene00019741.,21,512,533
WBGene00019742.,27,176,203
WBGene00019743.,32,317,349
WBGene00019744.,151,2437,2588
WBGene00019745.,0,3,3
WBGene00019746.,67,184,251
WBGene00019747.,439,2257,2696
WBGene00019748.,176,3152,3328
WBGene00019749.,79,567,646
WBGene00019750.,352,269,621
WBGene00019751.,70,1116,1186
WBGene00019753.,88,581,669
WBGene00019754.,2,211,213
WBGene00019755.,0,0,0
WBGene00019756.,2,18,20
WBGene00019757.,175,846,1021
WBGene00019758.,0,6,6
WBGene00019759.,101,498,599
WBGene00019760.,84,30565,30649
WBGene00019761.,3,15,18
WBGene00019762.,248,4340,4588
WBGene00019763.,8,74,82
WBGene00019764.,31,559,590
WBGene00019765.,11,318,329
WBGene00019766.,126,556,682
WBGene00019767.,13,12834,12847
WBGene00019768.,32,633,665
WBGene00019769.,3,98,101
WBGene00019770.,671,6142,6813
WBGene00019771.,694,2306,3000
WBGene00019772.,163,2604,2767
WBGene00019773.,1,10,11
WBGene00019774.,148,314,462
WBGene00019776.,9,77,86
WBGene00019777.,37,231,268
WBGene00019778.,39,772,811
WBGene00019779.,35,396,431
WBGene00019780.,239,21666,21905
WBGene00019781.,159,1234,1393
WBGene00019782.,0,25,25
WBGene00019783.,5,0,5
WBGene00019784.,3,10,13
WBGene00019785.,3,46,49
WBGene00019786.,102,635,737
WBGene00019787.,123,562,685
WBGene00019788.,0,1,1
WBGene00019789.,0,734,734
WBGene00019791.,0,1,1
WBGene00019792.,30,251,281
WBGene00019793.,0,0,0
WBGene00019794.,0,0,0
WBGene00019795.,0,2,2
WBGene00019796.,0,3,3
WBGene00019797.,0,0,0
WBGene00019798.,0,0,0
WBGene00019799.,1,5,6
WBGene00019800.,21,6988,7009
WBGene00019801.,148,1039,1187
WBGene00019803.,8,132,140
WBGene00019804.,1,2,3
WBGene00019805.,11,270,281
WBGene00019806.,6,288,294
WBGene00019807.,82,586,668
WBGene00019808.,80,2534,2614
WBGene00019809.,0,0,0
WBGene00019810.,0,13,13
WBGene00019811.,1,78,79
WBGene00019812.,61,216,277
WBGene00019813.,26,1830,1856
WBGene00019814.,24,166,190
WBGene00019815.,2,3,5
WBGene00019816.,73,439,512
WBGene00019817.,16,174,190
WBGene00019818.,161,1689,1850
WBGene00019819.,103,3365,3468
WBGene00019820.,71,1755,1826
WBGene00019821.,94,1583,1677
WBGene00019822.,92,1149,1241
WBGene00019823.,118,2753,2871
WBGene00019824.,73,844,917
WBGene00019825.,56,490,546
WBGene00019826.,1,27,28
WBGene00019827.,132,1315,1447
WBGene00019828.,16,189,205
WBGene00019829.,12,506,518
WBGene00019830.,40,1451,1491
WBGene00019831.,234,18926,19160
WBGene00019832.,109,497,606
WBGene00019833.,5,44,49
WBGene00019834.,1,8,9
WBGene00019835.,0,0,0
WBGene00019836.,92,2019,2111
WBGene00019837.,14,161,175
WBGene00019838.,348,5039,5387
WBGene00019839.,1,184,185
WBGene00019840.,11,283,294
WBGene00019841.,84,1901,1985
WBGene00019842.,800,1046,1846
WBGene00019843.,58,803,861
WBGene00019844.,197,593,790
WBGene00019845.,8,26,34
WBGene00019846.,7,134,141
WBGene00019847.,536,1160,1696
WBGene00019849.,0,15,15
WBGene00019850.,0,0,0
WBGene00019851.,2,10,12
WBGene00019853.,2,57,59
WBGene00019854.,39,258,297
WBGene00019855.,322,2327,2649
WBGene00019856.,0,0,0
WBGene00019857.,1,0,1
WBGene00019858.,10,199,209
WBGene00019859.,1,79,80
WBGene00019861.,1,6,7
WBGene00019862.,20,1083,1103
WBGene00019863.,281,748,1029
WBGene00019864.,49,707,756
WBGene00019865.,16,135,151
WBGene00019866.,10,75,85
WBGene00019867.,99,1063,1162
WBGene00019868.,39,883,922
WBGene00019869.,11,49,60
WBGene00019870.,9,253,262
WBGene00019871.,21,970,991
WBGene00019872.,227,351,578
WBGene00019873.,65,655,720
WBGene00019874.,5,27,32
WBGene00019875.,92,1478,1570
WBGene00019877.,19,1840,1859
WBGene00019878.,4,199,203
WBGene00019879.,0,0,0
WBGene00019880.,0,0,0
WBGene00019881.,92,1361,1453
WBGene00019882.,312,2408,2720
WBGene00019883.,97,2393,2490
WBGene00019884.,85,1250,1335
WBGene00019885.,63,571,634
WBGene00019886.,0,9,9
WBGene00019887.,29,28,57
WBGene00019888.,234,3556,3790
WBGene00019890.,26,6870,6896
WBGene00019891.,6,10,16
WBGene00019892.,32,1087,1119
WBGene00019893.,93,13952,14045
WBGene00019894.,30,175,205
WBGene00019895.,206,2247,2453
WBGene00019896.,39,120,159
WBGene00019898.,100,1463,1563
WBGene00019899.,246,613,859
WBGene00019900.,618,65332,65950
WBGene00019901.,5,37,42
WBGene00019902.,231,808,1039
WBGene00019903.,0,2,2
WBGene00019904.,121,2312,2433
WBGene00019905.,1,5,6
WBGene00019906.,4,124,128
WBGene00019907.,27,393,420
WBGene00019908.,612,3987,4599
WBGene00019909.,79,94,173
WBGene00019911.,94,1053,1147
WBGene00019912.,0,7,7
WBGene00019913.,5,5,10
WBGene00019914.,52,353,405
WBGene00019915.,87,875,962
WBGene00019916.,0,1,1
WBGene00019917.,0,31,31
WBGene00019918.,19,216,235
WBGene00019919.,0,0,0
WBGene00019920.,0,0,0
WBGene00019921.,1,5,6
WBGene00019922.,0,25,25
WBGene00019923.,0,9,9
WBGene00019924.,28,384,412
WBGene00019925.,0,10,10
WBGene00019926.,2,6,8
WBGene00019927.,1,18,19
WBGene00019928.,1,5,6
WBGene00019929.,5,6,11
WBGene00019930.,0,0,0
WBGene00019931.,0,3,3
WBGene00019932.,12,51,63
WBGene00019933.,0,2,2
WBGene00019934.,2,10,12
WBGene00019935.,35,172,207
WBGene00019937.,0,7634,7634
WBGene00019938.,87,575,662
WBGene00019939.,12,49,61
WBGene00019940.,325,6864,7189
WBGene00019941.,157,5155,5312
WBGene00019943.,76,899,975
WBGene00019944.,29,1747,1776
WBGene00019945.,0,0,0
WBGene00019946.,132,3239,3371
WBGene00019947.,27,24992,25019
WBGene00019948.,9,48,57
WBGene00019949.,2,3,5
WBGene00019950.,3,6,9
WBGene00019951.,5,36,41
WBGene00019952.,1,176,177
WBGene00019953.,236,4371,4607
WBGene00019954.,0,0,0
WBGene00019955.,257,1123,1380
WBGene00019956.,0,19,19
WBGene00019957.,11,253,264
WBGene00019959.,54,722,776
WBGene00019960.,108,602,710
WBGene00019961.,2,34,36
WBGene00019962.,26,376,402
WBGene00019963.,16,674,690
WBGene00019964.,3,23,26
WBGene00019965.,22,119,141
WBGene00019966.,7,22,29
WBGene00019967.,35,1135,1170
WBGene00019968.,7,336,343
WBGene00019969.,0,0,0
WBGene00019970.,3,56,59
WBGene00019971.,62,2134,2196
WBGene00019972.,4,18,22
WBGene00019973.,11,58,69
WBGene00019975.,85,678,763
WBGene00019976.,0,3,3
WBGene00019977.,11,33,44
WBGene00019978.,20,323,343
WBGene00019979.,7,135,142
WBGene00019980.,0,7,7
WBGene00019981.,13,5,18
WBGene00019982.,15,6,21
WBGene00019983.,46,7549,7595
WBGene00019986.,16,241,257
WBGene00019987.,8,426,434
WBGene00019988.,10,1287,1297
WBGene00019989.,1,19,20
WBGene00019991.,3,3,6
WBGene00019992.,0,3,3
WBGene00019993.,25,1941,1966
WBGene00019994.,129,347,476
WBGene00019995.,28,241,269
WBGene00019996.,0,2,2
WBGene00019997.,8,55,63
WBGene00019998.,569,5334,5903
WBGene00019999.,36,200,236
WBGene00020003.,53,55,108
WBGene00020004.,2,10,12
WBGene00020006.,118,713,831
WBGene00020007.,98,5125,5223
WBGene00020008.,9,217,226
WBGene00020010.,4,42,46
WBGene00020011.,76,633,709
WBGene00020012.,177,5666,5843
WBGene00020013.,0,2,2
WBGene00020014.,1,57,58
WBGene00020015.,0,32,32
WBGene00020016.,9,2,11
WBGene00020017.,2,24,26
WBGene00020018.,64,586,650
WBGene00020019.,5,11,16
WBGene00020020.,0,23,23
WBGene00020021.,1,6,7
WBGene00020022.,37,1219,1256
WBGene00020023.,45,448,493
WBGene00020025.,105,7001,7106
WBGene00020026.,191,2216,2407
WBGene00020027.,129,3190,3319
WBGene00020028.,23,529,552
WBGene00020029.,148,2289,2437
WBGene00020030.,22,614,636
WBGene00020031.,114,1871,1985
WBGene00020032.,1,1,2
WBGene00020033.,5,166,171
WBGene00020034.,5,24,29
WBGene00020035.,9,127,136
WBGene00020036.,202,3144,3346
WBGene00020037.,33,5040,5073
WBGene00020038.,216,4164,4380
WBGene00020039.,1,43,44
WBGene00020040.,5,26,31
WBGene00020041.,2,3,5
WBGene00020042.,0,2,2
WBGene00020043.,23,418,441
WBGene00020045.,27,374,401
WBGene00020046.,3,18,21
WBGene00020047.,28,454,482
WBGene00020048.,22,156,178
WBGene00020049.,12,1204,1216
WBGene00020050.,17,190,207
WBGene00020051.,64,1424,1488
WBGene00020052.,6,811,817
WBGene00020053.,0,5,5
WBGene00020054.,117,6939,7056
WBGene00020055.,0,3,3
WBGene00020056.,2,6,8
WBGene00020057.,9,13,22
WBGene00020058.,267,2396,2663
WBGene00020059.,8,3,11
WBGene00020060.,7,11,18
WBGene00020062.,15,961,976
WBGene00020063.,1,2,3
WBGene00020064.,100,905,1005
WBGene00020065.,0,0,0
WBGene00020066.,5,8,13
WBGene00020067.,1,2,3
WBGene00020068.,465,6955,7420
WBGene00020069.,85,359,444
WBGene00020070.,0,0,0
WBGene00020071.,0,0,0
WBGene00020072.,0,0,0
WBGene00020073.,0,0,0
WBGene00020075.,2,39,41
WBGene00020076.,0,0,0
WBGene00020077.,0,0,0
WBGene00020078.,1,3,4
WBGene00020080.,5,4,9
WBGene00020081.,4,0,4
WBGene00020082.,329,2255,2584
WBGene00020083.,29,286,315
WBGene00020084.,3,5,8
WBGene00020086.,46,85,131
WBGene00020087.,60,151,211
WBGene00020088.,46,179,225
WBGene00020089.,641,2427,3068
WBGene00020090.,140,564,704
WBGene00020091.,7,351,358
WBGene00020092.,229,2433,2662
WBGene00020093.,46,388,434
WBGene00020094.,37,878,915
WBGene00020095.,36,728,764
WBGene00020096.,6,716,722
WBGene00020097.,736,16319,17055
WBGene00020098.,18,448,466
WBGene00020099.,128,1081,1209
WBGene00020100.,45,235,280
WBGene00020101.,85,880,965
WBGene00020102.,185,1894,2079
WBGene00020103.,5,235,240
WBGene00020104.,31,630,661
WBGene00020105.,65,126,191
WBGene00020106.,345,2597,2942
WBGene00020107.,83,5047,5130
WBGene00020109.,19,1077,1096
WBGene00020110.,261,4159,4420
WBGene00020111.,56,966,1022
WBGene00020112.,992,11245,12237
WBGene00020113.,0,962,962
WBGene00020114.,3759,15418,19177
WBGene00020115.,681,6420,7101
WBGene00020116.,4,9,13
WBGene00020117.,3,8,11
WBGene00020118.,0,3,3
WBGene00020119.,2,4,6
WBGene00020120.,1,4,5
WBGene00020121.,0,1,1
WBGene00020122.,2,5,7
WBGene00020123.,0,1,1
WBGene00020125.,10,251,261
WBGene00020126.,55,1210,1265
WBGene00020127.,0,1,1
WBGene00020128.,126,129,255
WBGene00020129.,1,1,2
WBGene00020130.,38,121,159
WBGene00020131.,973,4620,5593
WBGene00020134.,1126,510,1636
WBGene00020135.,55,1574,1629
WBGene00020136.,2,7,9
WBGene00020137.,24,460,484
WBGene00020138.,12,48,60
WBGene00020139.,49,879,928
WBGene00020140.,0,0,0
WBGene00020141.,19,394,413
WBGene00020142.,273,2019,2292
WBGene00020143.,531,9281,9812
WBGene00020144.,31,117,148
WBGene00020145.,8,3,11
WBGene00020146.,135,11548,11683
WBGene00020148.,8,225,233
WBGene00020149.,26,738,764
WBGene00020150.,13,3,16
WBGene00020151.,3,69,72
WBGene00020152.,9,61,70
WBGene00020153.,17,170,187
WBGene00020154.,4,37,41
WBGene00020155.,18,26772,26790
WBGene00020156.,89,26028,26117
WBGene00020157.,39,53,92
WBGene00020158.,42,843,885
WBGene00020160.,200,1737,1937
WBGene00020163.,78,363,441
WBGene00020164.,17,312,329
WBGene00020166.,141,3159,3300
WBGene00020167.,1,9,10
WBGene00020168.,10,174,184
WBGene00020169.,51,1892,1943
WBGene00020170.,83,69,152
WBGene00020171.,484,2762,3246
WBGene00020172.,91,745,836
WBGene00020173.,1,2,3
WBGene00020174.,1,1,2
WBGene00020175.,4,13,17
WBGene00020176.,0,1,1
WBGene00020177.,0,1,1
WBGene00020178.,1,1,2
WBGene00020179.,1,11,12
WBGene00020180.,1,0,1
WBGene00020181.,5020,53746,58766
WBGene00020182.,6,29,35
WBGene00020183.,13,360,373
WBGene00020184.,24,1659,1683
WBGene00020185.,30,13623,13653
WBGene00020187.,29,194,223
WBGene00020188.,12,82,94
WBGene00020189.,142,538,680
WBGene00020190.,341,4264,4605
WBGene00020191.,21,130,151
WBGene00020192.,49,7566,7615
WBGene00020193.,41,683,724
WBGene00020194.,100,1401,1501
WBGene00020195.,66,8744,8810
WBGene00020196.,71,150,221
WBGene00020197.,52,1455,1507
WBGene00020199.,11,715,726
WBGene00020200.,269,4439,4708
WBGene00020201.,1,10,11
WBGene00020202.,0,0,0
WBGene00020203.,8,3,11
WBGene00020204.,2,12,14
WBGene00020205.,1,14,15
WBGene00020207.,156,1185,1341
WBGene00020208.,459,1798,2257
WBGene00020209.,811,4303,5114
WBGene00020210.,0,2,2
WBGene00020211.,0,6,6
WBGene00020212.,48,47,95
WBGene00020214.,48,542,590
WBGene00020215.,152,2756,2908
WBGene00020216.,53,12906,12959
WBGene00020217.,2,0,2
WBGene00020218.,7,76,83
WBGene00020219.,40,470,510
WBGene00020220.,24,341,365
WBGene00020221.,0,0,0
WBGene00020222.,16,416,432
WBGene00020223.,0,34,34
WBGene00020224.,34,289,323
WBGene00020225.,17,15,32
WBGene00020227.,1,15,16
WBGene00020228.,1,3,4
WBGene00020229.,97,3093,3190
WBGene00020230.,486,2573,3059
WBGene00020231.,21,95,116
WBGene00020232.,0,3,3
WBGene00020233.,4,59,63
WBGene00020234.,407,2654,3061
WBGene00020235.,177,1374,1551
WBGene00020236.,54,79,133
WBGene00020237.,0,585,585
WBGene00020238.,0,2,2
WBGene00020239.,0,4,4
WBGene00020240.,0,1,1
WBGene00020241.,0,1,1
WBGene00020242.,0,109,109
WBGene00020243.,0,12,12
WBGene00020244.,1,20,21
WBGene00020245.,32,336,368
WBGene00020246.,156,7674,7830
WBGene00020247.,3,14,17
WBGene00020248.,11,398,409
WBGene00020249.,78,352,430
WBGene00020250.,14,183,197
WBGene00020251.,885,3628,4513
WBGene00020252.,6,5,11
WBGene00020254.,6,27,33
WBGene00020256.,8,59,67
WBGene00020258.,28,189,217
WBGene00020259.,76,871,947
WBGene00020260.,358,3052,3410
WBGene00020261.,1,7,8
WBGene00020262.,45,125,170
WBGene00020263.,205,1314,1519
WBGene00020264.,37,441,478
WBGene00020265.,1,5,6
WBGene00020266.,14,31,45
WBGene00020267.,18,95,113
WBGene00020268.,259,2435,2694
WBGene00020269.,717,11671,12388
WBGene00020270.,3,19,22
WBGene00020271.,0,2,2
WBGene00020273.,385,1570,1955
WBGene00020274.,71,1914,1985
WBGene00020275.,4348,57508,61856
WBGene00020276.,1,174,175
WBGene00020277.,1,43,44
WBGene00020279.,199,639,838
WBGene00020280.,7,84,91
WBGene00020281.,5,59,64
WBGene00020282.,1,2,3
WBGene00020283.,13,134,147
WBGene00020284.,509,2811,3320
WBGene00020285.,1,21,22
WBGene00020286.,15,1751,1766
WBGene00020287.,76,3619,3695
WBGene00020288.,2,0,2
WBGene00020289.,0,1,1
WBGene00020290.,0,2,2
WBGene00020291.,0,0,0
WBGene00020292.,0,1,1
WBGene00020293.,0,2,2
WBGene00020294.,614,1640,2254
WBGene00020295.,39,401,440
WBGene00020296.,130,2124,2254
WBGene00020297.,1487,25562,27049
WBGene00020298.,202,2417,2619
WBGene00020299.,220,1309,1529
WBGene00020300.,25,545,570
WBGene00020301.,246,1051,1297
WBGene00020302.,0,181,181
WBGene00020304.,10,12,22
WBGene00020305.,1,1,2
WBGene00020306.,10,0,10
WBGene00020307.,50,373,423
WBGene00020308.,9,16,25
WBGene00020309.,5,4,9
WBGene00020311.,6,673,679
WBGene00020313.,7,32,39
WBGene00020314.,36,573,609
WBGene00020315.,72,5024,5096
WBGene00020316.,284,1352,1636
WBGene00020317.,289,12656,12945
WBGene00020318.,1,32,33
WBGene00020319.,5,54,59
WBGene00020320.,11,366,377
WBGene00020321.,23,1007,1030
WBGene00020322.,12,1067,1079
WBGene00020323.,10,50,60
WBGene00020324.,250,1754,2004
WBGene00020325.,2,41,43
WBGene00020326.,0,0,0
WBGene00020327.,0,9,9
WBGene00020328.,0,2,2
WBGene00020329.,4,30,34
WBGene00020330.,46,744,790
WBGene00020333.,0,12,12
WBGene00020334.,205,2166,2371
WBGene00020335.,19,183,202
WBGene00020338.,0,4,4
WBGene00020339.,3,328,331
WBGene00020340.,19,165,184
WBGene00020341.,40,431,471
WBGene00020342.,0,2,2
WBGene00020343.,35,307,342
WBGene00020345.,8,35,43
WBGene00020346.,463,2732,3195
WBGene00020347.,503,7179,7682
WBGene00020348.,14,2230,2244
WBGene00020349.,16,94,110
WBGene00020350.,0,2,2
WBGene00020351.,0,1,1
WBGene00020352.,2,3,5
WBGene00020353.,1,4,5
WBGene00020354.,0,0,0
WBGene00020356.,1,2,3
WBGene00020357.,3,0,3
WBGene00020358.,1,24,25
WBGene00020359.,1,14,15
WBGene00020360.,62,328,390
WBGene00020361.,24,13,37
WBGene00020362.,0,1,1
WBGene00020363.,42,389,431
WBGene00020364.,0,2,2
WBGene00020365.,39,55,94
WBGene00020366.,521,7379,7900
WBGene00020368.,20,1105,1125
WBGene00020369.,61,1166,1227
WBGene00020370.,2,24,26
WBGene00020371.,0,2,2
WBGene00020372.,5,11,16
WBGene00020373.,9,1409,1418
WBGene00020374.,759,1206,1965
WBGene00020375.,11,287,298
WBGene00020376.,32,490,522
WBGene00020377.,42,447,489
WBGene00020378.,51,535,586
WBGene00020379.,53,3229,3282
WBGene00020380.,24,12,36
WBGene00020381.,18,99,117
WBGene00020382.,1619,32048,33667
WBGene00020383.,595,4355,4950
WBGene00020384.,2,1,3
WBGene00020385.,102,101,203
WBGene00020386.,0,4,4
WBGene00020388.,13,17,30
WBGene00020389.,228,5628,5856
WBGene00020390.,127,2182,2309
WBGene00020391.,70,23352,23422
WBGene00020392.,63,1706,1769
WBGene00020393.,3,191,194
WBGene00020394.,24,293,317
WBGene00020396.,29,244,273
WBGene00020397.,330,4940,5270
WBGene00020398.,155,1956,2111
WBGene00020399.,178,2997,3175
WBGene00020400.,2,1,3
WBGene00020401.,26,96,122
WBGene00020402.,142,2116,2258
WBGene00020403.,233,2233,2466
WBGene00020404.,53,928,981
WBGene00020406.,0,0,0
WBGene00020407.,23,616,639
WBGene00020408.,107,586,693
WBGene00020409.,0,0,0
WBGene00020410.,0,0,0
WBGene00020411.,15,491,506
WBGene00020412.,64,777,841
WBGene00020413.,122,1621,1743
WBGene00020414.,0,4,4
WBGene00020415.,14,204,218
WBGene00020416.,0,2,2
WBGene00020417.,57,15228,15285
WBGene00020418.,18,120,138
WBGene00020419.,29,94,123
WBGene00020420.,2,61,63
WBGene00020421.,3,23,26
WBGene00020422.,29,862,891
WBGene00020423.,25,4935,4960
WBGene00020424.,3,61,64
WBGene00020425.,73,877,950
WBGene00020426.,5,447,452
WBGene00020427.,86,1163,1249
WBGene00020428.,0,1,1
WBGene00020430.,5,1,6
WBGene00020431.,0,2,2
WBGene00020432.,2,1,3
WBGene00020433.,0,0,0
WBGene00020434.,0,1,1
WBGene00020435.,1,3,4
WBGene00020436.,65,131,196
WBGene00020437.,33,4950,4983
WBGene00020438.,0,4,4
WBGene00020439.,0,1,1
WBGene00020440.,0,0,0
WBGene00020441.,162,1427,1589
WBGene00020442.,60,1885,1945
WBGene00020443.,292,1647,1939
WBGene00020444.,13,53,66
WBGene00020445.,48,306,354
WBGene00020446.,30,1591,1621
WBGene00020447.,269,2860,3129
WBGene00020448.,1,8,9
WBGene00020449.,1,18,19
WBGene00020450.,4,324,328
WBGene00020451.,18,434,452
WBGene00020452.,0,1,1
WBGene00020453.,3,41,44
WBGene00020454.,1,8,9
WBGene00020455.,5,99,104
WBGene00020456.,3,43,46
WBGene00020457.,27,1126,1153
WBGene00020458.,0,7,7
WBGene00020459.,0,0,0
WBGene00020460.,0,24,24
WBGene00020461.,28,119,147
WBGene00020462.,115,807,922
WBGene00020463.,31,735,766
WBGene00020464.,8,627,635
WBGene00020465.,20,29,49
WBGene00020466.,18,571,589
WBGene00020467.,8,36,44
WBGene00020468.,0,4,4
WBGene00020469.,0,0,0
WBGene00020471.,402,3686,4088
WBGene00020472.,2,17,19
WBGene00020473.,3,1,4
WBGene00020474.,6,32,38
WBGene00020475.,165,2733,2898
WBGene00020476.,5,2,7
WBGene00020478.,97,255,352
WBGene00020479.,291,3674,3965
WBGene00020480.,110,1166,1276
WBGene00020481.,125,1986,2111
WBGene00020482.,10,46,56
WBGene00020483.,2,40,42
WBGene00020484.,6,30,36
WBGene00020485.,21,64,85
WBGene00020486.,118,941,1059
WBGene00020487.,3,40,43
WBGene00020488.,2,88,90
WBGene00020489.,121,666,787
WBGene00020490.,364,1991,2355
WBGene00020491.,29,556,585
WBGene00020492.,3,4,7
WBGene00020494.,14,22,36
WBGene00020496.,282,3976,4258
WBGene00020497.,3,2767,2770
WBGene00020498.,118,1803,1921
WBGene00020499.,256,1889,2145
WBGene00020500.,79,1053,1132
WBGene00020501.,85,1213,1298
WBGene00020502.,119,888,1007
WBGene00020503.,10,56,66
WBGene00020504.,569,1532,2101
WBGene00020505.,14,63,77
WBGene00020506.,97,290,387
WBGene00020507.,41,3177,3218
WBGene00020508.,10,793,803
WBGene00020509.,167,1325,1492
WBGene00020510.,19,911,930
WBGene00020511.,141,5868,6009
WBGene00020515.,0,2,2
WBGene00020516.,10,253,263
WBGene00020517.,42,3809,3851
WBGene00020520.,3,2,5
WBGene00020522.,6,5,11
WBGene00020523.,4,2,6
WBGene00020524.,3,7,10
WBGene00020525.,1,0,1
WBGene00020526.,2,2,4
WBGene00020527.,36,110,146
WBGene00020528.,33,93,126
WBGene00020530.,229,3087,3316
WBGene00020531.,16,60,76
WBGene00020532.,0,10,10
WBGene00020533.,0,0,0
WBGene00020534.,0,0,0
WBGene00020535.,0,0,0
WBGene00020536.,0,0,0
WBGene00020537.,0,8,8
WBGene00020539.,0,2,2
WBGene00020540.,34,462,496
WBGene00020541.,2,3,5
WBGene00020542.,0,1,1
WBGene00020543.,1,3,4
WBGene00020544.,0,0,0
WBGene00020545.,0,0,0
WBGene00020546.,0,0,0
WBGene00020547.,1,2,3
WBGene00020548.,0,0,0
WBGene00020549.,0,5835,5835
WBGene00020550.,0,50,50
WBGene00020551.,3,72,75
WBGene00020553.,46,2490,2536
WBGene00020554.,23,321,344
WBGene00020555.,1,59,60
WBGene00020556.,51,272,323
WBGene00020557.,185,2517,2702
WBGene00020558.,63,708,771
WBGene00020559.,40,259,299
WBGene00020560.,36,82,118
WBGene00020561.,335,3581,3916
WBGene00020562.,186,3414,3600
WBGene00020563.,110,1491,1601
WBGene00020564.,22,182,204
WBGene00020565.,6,569,575
WBGene00020566.,28,512,540
WBGene00020567.,9,57,66
WBGene00020568.,307,3230,3537
WBGene00020569.,22,191,213
WBGene00020571.,7,26,33
WBGene00020572.,64,464,528
WBGene00020573.,19,289,308
WBGene00020574.,13,17,30
WBGene00020575.,26,90,116
WBGene00020576.,0,122,122
WBGene00020577.,3,135,138
WBGene00020578.,0,0,0
WBGene00020579.,62,495,557
WBGene00020580.,1,8,9
WBGene00020581.,270,1921,2191
WBGene00020582.,5,187,192
WBGene00020583.,2,46,48
WBGene00020584.,0,1,1
WBGene00020585.,291,7031,7322
WBGene00020586.,60,268,328
WBGene00020587.,70,676,746
WBGene00020588.,136,2903,3039
WBGene00020589.,550,8085,8635
WBGene00020590.,7,12,19
WBGene00020591.,7,42,49
WBGene00020592.,105,1102,1207
WBGene00020593.,19,403,422
WBGene00020594.,0,10,10
WBGene00020595.,37,595,632
WBGene00020596.,59,901,960
WBGene00020598.,0,6,6
WBGene00020599.,19,92,111
WBGene00020600.,105,2078,2183
WBGene00020601.,57,3866,3923
WBGene00020602.,1,20,21
WBGene00020603.,0,3,3
WBGene00020604.,45,5032,5077
WBGene00020605.,92,1110,1202
WBGene00020607.,2,7,9
WBGene00020608.,0,2,2
WBGene00020609.,1,0,1
WBGene00020611.,8,2,10
WBGene00020612.,8,221,229
WBGene00020613.,0,1,1
WBGene00020614.,1,0,1
WBGene00020615.,0,4,4
WBGene00020616.,2,4,6
WBGene00020617.,0,8,8
WBGene00020618.,1,5,6
WBGene00020619.,2,4,6
WBGene00020620.,0,8,8
WBGene00020622.,0,1,1
WBGene00020623.,1,0,1
WBGene00020624.,4,0,4
WBGene00020625.,36,1505,1541
WBGene00020626.,23,174,197
WBGene00020627.,68,113,181
WBGene00020628.,125,1363,1488
WBGene00020629.,60,1492,1552
WBGene00020630.,82,1079,1161
WBGene00020631.,0,9,9
WBGene00020632.,97,345,442
WBGene00020633.,62,1333,1395
WBGene00020634.,12,55,67
WBGene00020635.,3,14,17
WBGene00020636.,64,18010,18074
WBGene00020637.,0,1,1
WBGene00020638.,0,10,10
WBGene00020639.,0,2,2
WBGene00020640.,0,0,0
WBGene00020641.,0,0,0
WBGene00020642.,2,7,9
WBGene00020645.,0,2,2
WBGene00020646.,2,6,8
WBGene00020647.,61,1860,1921
WBGene00020648.,4,44,48
WBGene00020649.,63,323,386
WBGene00020650.,1,9,10
WBGene00020651.,32,479,511
WBGene00020652.,8,130,138
WBGene00020653.,3,16,19
WBGene00020655.,10,12,22
WBGene00020656.,0,2,2
WBGene00020657.,54,131,185
WBGene00020658.,39,846,885
WBGene00020659.,2,4,6
WBGene00020660.,0,2,2
WBGene00020661.,0,7,7
WBGene00020662.,135,2556,2691
WBGene00020663.,31,109,140
WBGene00020664.,46,18,64
WBGene00020665.,0,2,2
WBGene00020666.,2,2,4
WBGene00020667.,5,16,21
WBGene00020669.,5,2,7
WBGene00020670.,1,1,2
WBGene00020672.,141,33,174
WBGene00020673.,61,971,1032
WBGene00020674.,2,17,19
WBGene00020675.,9,14,23
WBGene00020678.,200,1403,1603
WBGene00020679.,354,15266,15620
WBGene00020680.,0,14,14
WBGene00020682.,287,4073,4360
WBGene00020683.,69,9119,9188
WBGene00020684.,8,151,159
WBGene00020686.,60,22,82
WBGene00020687.,97,3877,3974
WBGene00020688.,11,27,38
WBGene00020689.,150,850,1000
WBGene00020690.,112,406,518
WBGene00020691.,59,112,171
WBGene00020692.,24,164,188
WBGene00020693.,169,1768,1937
WBGene00020694.,26,73,99
WBGene00020695.,47,1609,1656
WBGene00020696.,296,18546,18842
WBGene00020697.,21,206,227
WBGene00020698.,2,6,8
WBGene00020699.,15,124,139
WBGene00020700.,1,70,71
WBGene00020701.,24,366,390
WBGene00020702.,19,48,67
WBGene00020703.,137,3153,3290
WBGene00020705.,293,1983,2276
WBGene00020706.,313,847,1160
WBGene00020707.,3,6,9
WBGene00020708.,3,80,83
WBGene00020709.,16,1376,1392
WBGene00020710.,37,3081,3118
WBGene00020711.,0,0,0
WBGene00020712.,41,174,215
WBGene00020713.,1,5,6
WBGene00020714.,7,246,253
WBGene00020715.,0,19,19
WBGene00020716.,25,370,395
WBGene00020717.,224,2495,2719
WBGene00020718.,23,1936,1959
WBGene00020719.,48,2643,2691
WBGene00020720.,2,37,39
WBGene00020721.,17,426,443
WBGene00020722.,136,2608,2744
WBGene00020725.,13,372,385
WBGene00020726.,25,612,637
WBGene00020727.,19,103,122
WBGene00020728.,9,19,28
WBGene00020729.,98,101,199
WBGene00020730.,4,67,71
WBGene00020732.,573,9389,9962
WBGene00020735.,348,2940,3288
WBGene00020736.,594,1446,2040
WBGene00020737.,14,79,93
WBGene00020738.,103,3278,3381
WBGene00020739.,4,4,8
WBGene00020740.,31,704,735
WBGene00020741.,4,238,242
WBGene00020742.,217,1737,1954
WBGene00020743.,21,200,221
WBGene00020744.,0,69,69
WBGene00020746.,2,7,9
WBGene00020747.,0,11,11
WBGene00020748.,4,22,26
WBGene00020749.,7,11,18
WBGene00020750.,2,9,11
WBGene00020751.,0,1,1
WBGene00020752.,0,0,0
WBGene00020753.,0,0,0
WBGene00020754.,0,0,0
WBGene00020755.,0,0,0
WBGene00020756.,133,2102,2235
WBGene00020757.,43,673,716
WBGene00020758.,65,300,365
WBGene00020759.,14,71,85
WBGene00020760.,37,408,445
WBGene00020761.,78,731,809
WBGene00020762.,136,2622,2758
WBGene00020763.,50,1040,1090
WBGene00020764.,3,4,7
WBGene00020765.,16,219,235
WBGene00020766.,0,7,7
WBGene00020767.,81,2106,2187
WBGene00020769.,5,7,12
WBGene00020770.,309,401,710
WBGene00020771.,1,6,7
WBGene00020772.,1,6,7
WBGene00020773.,1,7,8
WBGene00020774.,11,92,103
WBGene00020775.,0,9,9
WBGene00020777.,24,171,195
WBGene00020778.,0,36,36
WBGene00020779.,367,3270,3637
WBGene00020781.,192,4407,4599
WBGene00020782.,75,1103,1178
WBGene00020783.,36,255,291
WBGene00020784.,11,80,91
WBGene00020785.,1,7,8
WBGene00020786.,20,130,150
WBGene00020787.,2,4,6
WBGene00020788.,21,355,376
WBGene00020789.,0,13,13
WBGene00020790.,33,297,330
WBGene00020791.,0,7,7
WBGene00020792.,2,20,22
WBGene00020793.,24,10,34
WBGene00020794.,5,11,16
WBGene00020795.,35,9,44
WBGene00020796.,39,4697,4736
WBGene00020797.,6,22,28
WBGene00020798.,41,379,420
WBGene00020799.,16,585,601
WBGene00020800.,18,282,300
WBGene00020801.,11,452,463
WBGene00020802.,3,28,31
WBGene00020803.,0,23,23
WBGene00020804.,1,13,14
WBGene00020805.,0,31,31
WBGene00020806.,16,147,163
WBGene00020807.,21,65,86
WBGene00020808.,22310,319841,342151
WBGene00020809.,7,11,18
WBGene00020811.,210,1719,1929
WBGene00020812.,858,14647,15505
WBGene00020813.,18,20,38
WBGene00020817.,0,292,292
WBGene00020819.,18,336,354
WBGene00020820.,15,625,640
WBGene00020821.,138,3436,3574
WBGene00020822.,109,857,966
WBGene00020823.,99,678,777
WBGene00020824.,249,2091,2340
WBGene00020825.,76,463,539
WBGene00020826.,64,62,126
WBGene00020827.,422,4103,4525
WBGene00020829.,7,0,7
WBGene00020830.,84,500,584
WBGene00020831.,67,1861,1928
WBGene00020832.,4,11,15
WBGene00020833.,16,198,214
WBGene00020834.,18,29,47
WBGene00020835.,54,3,57
WBGene00020836.,110,5490,5600
WBGene00020837.,3,206,209
WBGene00020838.,276,7667,7943
WBGene00020839.,95,2047,2142
WBGene00020840.,0,69,69
WBGene00020841.,2,2,4
WBGene00020842.,17,374,391
WBGene00020843.,10,350,360
WBGene00020844.,0,415,415
WBGene00020845.,1,4,5
WBGene00020846.,62,517,579
WBGene00020847.,49,272,321
WBGene00020849.,13,122,135
WBGene00020850.,10,44,54
WBGene00020851.,6,29,35
WBGene00020852.,126,1316,1442
WBGene00020853.,8,101,109
WBGene00020854.,294,9972,10266
WBGene00020855.,69,318,387
WBGene00020856.,2,6,8
WBGene00020857.,7,13,20
WBGene00020858.,34,77,111
WBGene00020859.,14,83,97
WBGene00020860.,0,62,62
WBGene00020861.,176,564,740
WBGene00020862.,460,6906,7366
WBGene00020863.,18,17,35
WBGene00020864.,28,31,59
WBGene00020865.,89,1203,1292
WBGene00020866.,209,719,928
WBGene00020867.,404,3043,3447
WBGene00020868.,1411,20575,21986
WBGene00020869.,30,899,929
WBGene00020870.,0,0,0
WBGene00020871.,0,0,0
WBGene00020872.,0,0,0
WBGene00020873.,0,8,8
WBGene00020874.,0,1,1
WBGene00020875.,0,3,3
WBGene00020877.,3,54,57
WBGene00020878.,7,287,294
WBGene00020879.,1,2,3
WBGene00020880.,0,0,0
WBGene00020881.,0,6,6
WBGene00020882.,1,4,5
WBGene00020883.,11,798,809
WBGene00020884.,351,4500,4851
WBGene00020885.,25,17,42
WBGene00020886.,115,10809,10924
WBGene00020887.,178,1480,1658
WBGene00020888.,4,3,7
WBGene00020889.,5,58,63
WBGene00020890.,3,4,7
WBGene00020891.,353,2640,2993
WBGene00020892.,0,10,10
WBGene00020893.,9,41,50
WBGene00020894.,1467,59698,61165
WBGene00020895.,1143,9654,10797
WBGene00020896.,2,343,345
WBGene00020897.,455,3133,3588
WBGene00020898.,11,369,380
WBGene00020899.,0,8,8
WBGene00020900.,2,6,8
WBGene00020901.,98,1014,1112
WBGene00020902.,715,4960,5675
WBGene00020903.,36,50,86
WBGene00020904.,32,161,193
WBGene00020905.,0,1,1
WBGene00020906.,2,57,59
WBGene00020908.,42,434,476
WBGene00020909.,64,646,710
WBGene00020910.,21,241,262
WBGene00020911.,20,125,145
WBGene00020912.,57,1614,1671
WBGene00020913.,1,14,15
WBGene00020914.,2,12,14
WBGene00020915.,262,36567,36829
WBGene00020917.,211,2660,2871
WBGene00020918.,2,0,2
WBGene00020919.,21,852,873
WBGene00020920.,122,907,1029
WBGene00020921.,67,2022,2089
WBGene00020922.,0,12,12
WBGene00020923.,0,12,12
WBGene00020924.,13,166,179
WBGene00020927.,86,2,88
WBGene00020929.,160,1465,1625
WBGene00020930.,3214,11173,14387
WBGene00020931.,21,4137,4158
WBGene00020932.,211,2770,2981
WBGene00020933.,23,1470,1493
WBGene00020935.,182,1826,2008
WBGene00020936.,51,2063,2114
WBGene00020937.,19,621,640
WBGene00020938.,4,60,64
WBGene00020939.,35,981,1016
WBGene00020940.,2,7,9
WBGene00020941.,10,34,44
WBGene00020942.,311,3104,3415
WBGene00020943.,1,20,21
WBGene00020944.,6,11,17
WBGene00020945.,80,1,81
WBGene00020946.,5,13,18
WBGene00020947.,72,196,268
WBGene00020948.,4,52,56
WBGene00020949.,17,527,544
WBGene00020950.,260,19773,20033
WBGene00020951.,184,3640,3824
WBGene00020952.,85,258,343
WBGene00020953.,0,17,17
WBGene00020954.,31,403,434
WBGene00020955.,228,180,408
WBGene00020957.,111,468,579
WBGene00020961.,8,4,12
WBGene00020962.,25,181,206
WBGene00020964.,155,854,1009
WBGene00020966.,9,5,14
WBGene00020967.,5,58,63
WBGene00020970.,151,1332,1483
WBGene00020971.,0,0,0
WBGene00020972.,11,20,31
WBGene00020973.,0,17,17
WBGene00020974.,0,4,4
WBGene00020976.,5,9,14
WBGene00020977.,17,27,44
WBGene00020978.,9,0,9
WBGene00020979.,0,0,0
WBGene00020981.,2,9,11
WBGene00020982.,0,0,0
WBGene00020983.,5,7,12
WBGene00020984.,0,6,6
WBGene00020985.,3,112,115
WBGene00020986.,8,23,31
WBGene00020987.,0,4,4
WBGene00020988.,0,5,5
WBGene00020989.,1,19,20
WBGene00020990.,0,2,2
WBGene00020991.,0,3,3
WBGene00020992.,2,2,4
WBGene00020993.,34,1949,1983
WBGene00020994.,31,3136,3167
WBGene00020995.,11,103,114
WBGene00020997.,37,129,166
WBGene00020999.,98,1334,1432
WBGene00021000.,9,812,821
WBGene00021001.,3,11,14
WBGene00021002.,99,1178,1277
WBGene00021003.,0,23,23
WBGene00021004.,277,5839,6116
WBGene00021005.,5,11,16
WBGene00021006.,0,3,3
WBGene00021007.,1,3,4
WBGene00021008.,11,49,60
WBGene00021009.,2003,5115,7118
WBGene00021010.,1,1,2
WBGene00021011.,0,183,183
WBGene00021012.,80,1136,1216
WBGene00021013.,0,54,54
WBGene00021014.,3,291,294
WBGene00021015.,2,166,168
WBGene00021016.,3,9,12
WBGene00021017.,14,80,94
WBGene00021018.,0,5,5
WBGene00021019.,11,21,32
WBGene00021020.,177,492,669
WBGene00021021.,467,2817,3284
WBGene00021022.,243,1232,1475
WBGene00021023.,0,3,3
WBGene00021024.,330,6028,6358
WBGene00021025.,10,19,29
WBGene00021026.,331,7244,7575
WBGene00021027.,45,169,214
WBGene00021028.,5,15,20
WBGene00021029.,0,24,24
WBGene00021030.,2,21,23
WBGene00021031.,2,51,53
WBGene00021032.,7,1,8
WBGene00021033.,0,0,0
WBGene00021034.,0,28,28
WBGene00021035.,10,161,171
WBGene00021036.,1152,9453,10605
WBGene00021037.,17,141,158
WBGene00021038.,55,481,536
WBGene00021039.,29,541,570
WBGene00021040.,6,57,63
WBGene00021041.,3,13,16
WBGene00021042.,11,55,66
WBGene00021043.,889,42018,42907
WBGene00021044.,190,2152,2342
WBGene00021045.,2,24,26
WBGene00021046.,134,984,1118
WBGene00021047.,427,2820,3247
WBGene00021048.,136,720,856
WBGene00021049.,66,1016,1082
WBGene00021050.,0,86750,86750
WBGene00021051.,42,813,855
WBGene00021052.,4,126,130
WBGene00021053.,0,45,45
WBGene00021054.,0,3,3
WBGene00021055.,31,173,204
WBGene00021056.,6,72,78
WBGene00021057.,21,952,973
WBGene00021058.,217,879,1096
WBGene00021059.,275,893,1168
WBGene00021060.,25,168,193
WBGene00021061.,81,785,866
WBGene00021063.,37,1109,1146
WBGene00021066.,3,444,447
WBGene00021067.,4,8,12
WBGene00021068.,381,1633,2014
WBGene00021070.,15,106,121
WBGene00021072.,4,4,8
WBGene00021073.,311,8409,8720
WBGene00021074.,86,4515,4601
WBGene00021075.,3074,213,3287
WBGene00021076.,28,390,418
WBGene00021078.,871,4447,5318
WBGene00021079.,849,10633,11482
WBGene00021080.,278,2295,2573
WBGene00021081.,32,37,69
WBGene00021082.,10,635,645
WBGene00021083.,0,2,2
WBGene00021084.,1,12,13
WBGene00021085.,0,0,0
WBGene00021086.,0,0,0
WBGene00021087.,1,21,22
WBGene00021088.,144,25016,25160
WBGene00021089.,9,176,185
WBGene00021090.,23,3,26
WBGene00021091.,0,16,16
WBGene00021092.,0,0,0
WBGene00021093.,36,3891,3927
WBGene00021094.,12,46,58
WBGene00021095.,28,1463,1491
WBGene00021096.,12,4,16
WBGene00021097.,81,3507,3588
WBGene00021098.,0,0,0
WBGene00021099.,0,4,4
WBGene00021100.,9,33,42
WBGene00021101.,3,1,4
WBGene00021103.,226,1297,1523
WBGene00021104.,169,1253,1422
WBGene00021106.,0,0,0
WBGene00021107.,0,0,0
WBGene00021108.,0,0,0
WBGene00021109.,0,4,4
WBGene00021110.,1,1,2
WBGene00021111.,16,217,233
WBGene00021112.,7,1418,1425
WBGene00021113.,0,0,0
WBGene00021114.,0,6,6
WBGene00021115.,0,6,6
WBGene00021116.,41,520,561
WBGene00021117.,2,21,23
WBGene00021118.,1,7,8
WBGene00021120.,5,8,13
WBGene00021121.,29,393,422
WBGene00021122.,1,3,4
WBGene00021123.,20,280,300
WBGene00021124.,51,143,194
WBGene00021125.,19,78,97
WBGene00021127.,14,468,482
WBGene00021128.,461,7339,7800
WBGene00021129.,7,8,15
WBGene00021130.,18,21,39
WBGene00021131.,76,653,729
WBGene00021132.,167,1192,1359
WBGene00021133.,230,5331,5561
WBGene00021134.,0,22,22
WBGene00021135.,1,8,9
WBGene00021136.,1,31,32
WBGene00021137.,0,3,3
WBGene00021138.,0,0,0
WBGene00021139.,0,0,0
WBGene00021140.,0,0,0
WBGene00021141.,0,1,1
WBGene00021142.,0,0,0
WBGene00021143.,0,0,0
WBGene00021144.,1,0,1
WBGene00021145.,0,0,0
WBGene00021146.,51,468,519
WBGene00021148.,6,86,92
WBGene00021149.,257,3353,3610
WBGene00021150.,0,1,1
WBGene00021151.,3,0,3
WBGene00021152.,54,210,264
WBGene00021153.,1,1,2
WBGene00021154.,0,1,1
WBGene00021155.,8,622,630
WBGene00021156.,36,135,171
WBGene00021157.,12,63,75
WBGene00021158.,0,35,35
WBGene00021159.,44,207,251
WBGene00021160.,47,239,286
WBGene00021161.,1511,19028,20539
WBGene00021162.,0,0,0
WBGene00021163.,3,224,227
WBGene00021164.,2,9,11
WBGene00021165.,0,2,2
WBGene00021166.,0,0,0
WBGene00021167.,2,102,104
WBGene00021168.,0,37,37
WBGene00021169.,0,1,1
WBGene00021170.,28,2389,2417
WBGene00021171.,100,916,1016
WBGene00021173.,0,0,0
WBGene00021174.,0,2,2
WBGene00021175.,5,7,12
WBGene00021176.,82,583,665
WBGene00021177.,0,1,1
WBGene00021178.,7,123,130
WBGene00021179.,0,0,0
WBGene00021180.,3,13,16
WBGene00021181.,1,1,2
WBGene00021182.,0,3,3
WBGene00021183.,0,12,12
WBGene00021184.,0,0,0
WBGene00021185.,59,389,448
WBGene00021186.,37,162,199
WBGene00021187.,4,1066,1070
WBGene00021188.,0,0,0
WBGene00021190.,4,57,61
WBGene00021191.,179,2078,2257
WBGene00021192.,23,407,430
WBGene00021193.,0,1,1
WBGene00021195.,4,87,91
WBGene00021196.,0,45,45
WBGene00021197.,0,2,2
WBGene00021198.,3,7,10
WBGene00021199.,14,24,38
WBGene00021200.,27,144,171
WBGene00021201.,8,480,488
WBGene00021202.,108,1774,1882
WBGene00021204.,7,112,119
WBGene00021205.,34,1328,1362
WBGene00021207.,6,0,6
WBGene00021208.,91,1343,1434
WBGene00021209.,234,1175,1409
WBGene00021210.,95,1242,1337
WBGene00021212.,5,14,19
WBGene00021213.,19,68,87
WBGene00021214.,3,19,22
WBGene00021215.,28,50,78
WBGene00021216.,0,0,0
WBGene00021217.,0,0,0
WBGene00021218.,0,0,0
WBGene00021219.,0,0,0
WBGene00021220.,0,23,23
WBGene00021221.,0,0,0
WBGene00021222.,0,1,1
WBGene00021223.,0,0,0
WBGene00021224.,0,0,0
WBGene00021225.,0,0,0
WBGene00021226.,0,0,0
WBGene00021227.,0,0,0
WBGene00021228.,0,0,0
WBGene00021230.,0,0,0
WBGene00021232.,1,14,15
WBGene00021233.,0,0,0
WBGene00021234.,2,0,2
WBGene00021235.,0,2,2
WBGene00021236.,0,46,46
WBGene00021237.,227,670,897
WBGene00021238.,353,271,624
WBGene00021239.,353,773,1126
WBGene00021241.,0,1,1
WBGene00021243.,0,1,1
WBGene00021244.,82,75,157
WBGene00021245.,66,670,736
WBGene00021246.,63,403,466
WBGene00021247.,169,324,493
WBGene00021248.,3156,92878,96034
WBGene00021249.,9,41,50
WBGene00021252.,5,0,5
WBGene00021253.,19,432,451
WBGene00021254.,49,71,120
WBGene00021256.,9,10,19
WBGene00021257.,9,35,44
WBGene00021259.,20,14,34
WBGene00021260.,124,1084,1208
WBGene00021261.,1,2,3
WBGene00021262.,2,14,16
WBGene00021263.,1,2,3
WBGene00021264.,27,539,566
WBGene00021265.,41,248,289
WBGene00021266.,1,2,3
WBGene00021267.,10,75,85
WBGene00021268.,18,505,523
WBGene00021269.,80,512,592
WBGene00021270.,11,3510,3521
WBGene00021271.,35,216,251
WBGene00021272.,56,988,1044
WBGene00021273.,0,2,2
WBGene00021274.,90,1128,1218
WBGene00021275.,134,303,437
WBGene00021276.,467,2044,2511
WBGene00021277.,103,3906,4009
WBGene00021278.,10,25,35
WBGene00021279.,4,20,24
WBGene00021280.,0,3,3
WBGene00021281.,1245,5682,6927
WBGene00021282.,18,207,225
WBGene00021284.,4,8,12
WBGene00021285.,0,13,13
WBGene00021286.,262,3244,3506
WBGene00021287.,1,12,13
WBGene00021288.,1,4,5
WBGene00021289.,0,9,9
WBGene00021290.,0,0,0
WBGene00021291.,2,4,6
WBGene00021292.,252,4517,4769
WBGene00021293.,1,4,5
WBGene00021294.,334,880,1214
WBGene00021295.,169,1403,1572
WBGene00021296.,34,1389,1423
WBGene00021297.,5,39,44
WBGene00021298.,1,0,1
WBGene00021299.,0,16,16
WBGene00021300.,0,0,0
WBGene00021301.,11,38,49
WBGene00021302.,3,13,16
WBGene00021303.,0,4,4
WBGene00021304.,42,176,218
WBGene00021305.,436,1096,1532
WBGene00021309.,25,259,284
WBGene00021310.,1,19,20
WBGene00021311.,85,1432,1517
WBGene00021312.,66,3793,3859
WBGene00021313.,143,1049,1192
WBGene00021314.,41,901,942
WBGene00021315.,45,1184,1229
WBGene00021316.,277,4062,4339
WBGene00021317.,1,1,2
WBGene00021319.,105,787,892
WBGene00021320.,150,951,1101
WBGene00021321.,2,22,24
WBGene00021322.,195,2169,2364
WBGene00021323.,121,1868,1989
WBGene00021324.,67,545,612
WBGene00021325.,46,533,579
WBGene00021326.,9,94,103
WBGene00021327.,1287,5828,7115
WBGene00021328.,42,429,471
WBGene00021329.,156,1375,1531
WBGene00021331.,124,6087,6211
WBGene00021332.,268,513,781
WBGene00021333.,95,230,325
WBGene00021334.,677,1375,2052
WBGene00021335.,0,306,306
WBGene00021336.,0,10,10
WBGene00021337.,5,19,24
WBGene00021338.,10,44,54
WBGene00021339.,5,10,15
WBGene00021340.,86,695,781
WBGene00021342.,52,44,96
WBGene00021343.,81,192,273
WBGene00021344.,97,153,250
WBGene00021345.,0,6,6
WBGene00021346.,396,2481,2877
WBGene00021347.,221,4340,4561
WBGene00021348.,267,4453,4720
WBGene00021349.,39,307,346
WBGene00021350.,47244,479988,527232
WBGene00021351.,134,5405,5539
WBGene00021352.,144,2677,2821
WBGene00021353.,59,299,358
WBGene00021354.,14,74,88
WBGene00021355.,542,5062,5604
WBGene00021357.,41,127,168
WBGene00021358.,3,19,22
WBGene00021359.,152,1974,2126
WBGene00021360.,7,10,17
WBGene00021362.,84,266,350
WBGene00021363.,178,451,629
WBGene00021364.,0,17,17
WBGene00021365.,192,1452,1644
WBGene00021366.,77,1121,1198
WBGene00021367.,19,1057,1076
WBGene00021368.,1,4,5
WBGene00021369.,110,826,936
WBGene00021370.,183,1771,1954
WBGene00021371.,30,448,478
WBGene00021372.,6,1000,1006
WBGene00021373.,1,2,3
WBGene00021374.,151,621,772
WBGene00021375.,72,1963,2035
WBGene00021376.,65,512,577
WBGene00021377.,36,1441,1477
WBGene00021378.,122,1603,1725
WBGene00021379.,9,99,108
WBGene00021380.,0,0,0
WBGene00021381.,2,1,3
WBGene00021382.,2384,2527,4911
WBGene00021383.,9,8,17
WBGene00021384.,5,22,27
WBGene00021385.,0,22,22
WBGene00021386.,8,27,35
WBGene00021387.,56,444,500
WBGene00021388.,111,1011,1122
WBGene00021389.,17,86,103
WBGene00021390.,1,10,11
WBGene00021391.,9,535,544
WBGene00021392.,59,1986,2045
WBGene00021394.,165,1082,1247
WBGene00021395.,133,1780,1913
WBGene00021396.,40,164,204
WBGene00021397.,0,25,25
WBGene00021398.,0,1,1
WBGene00021400.,70,592,662
WBGene00021401.,48,1309,1357
WBGene00021402.,45,625,670
WBGene00021403.,0,0,0
WBGene00021404.,0,0,0
WBGene00021405.,0,0,0
WBGene00021406.,1,0,1
WBGene00021407.,0,0,0
WBGene00021408.,0,0,0
WBGene00021409.,0,0,0
WBGene00021410.,37,41,78
WBGene00021412.,12,26,38
WBGene00021413.,13,5,18
WBGene00021414.,1,2,3
WBGene00021415.,210,2291,2501
WBGene00021416.,74,501,575
WBGene00021417.,23,120,143
WBGene00021418.,6,51,57
WBGene00021419.,37,254,291
WBGene00021420.,65,20677,20742
WBGene00021421.,120,1939,2059
WBGene00021423.,829,1690,2519
WBGene00021425.,221,2044,2265
WBGene00021427.,356,24323,24679
WBGene00021428.,9,6,15
WBGene00021430.,60,164,224
WBGene00021433.,0,0,0
WBGene00021434.,3,8,11
WBGene00021435.,8,5,13
WBGene00021436.,22,26,48
WBGene00021437.,63,32,95
WBGene00021438.,32,15,47
WBGene00021439.,288,1019,1307
WBGene00021440.,142,564,706
WBGene00021441.,181,1333,1514
WBGene00021442.,64,651,715
WBGene00021443.,426,1423,1849
WBGene00021444.,403,676,1079
WBGene00021446.,129,415,544
WBGene00021448.,0,15,15
WBGene00021449.,3,9,12
WBGene00021450.,5,5,10
WBGene00021451.,16,2,18
WBGene00021452.,62,781,843
WBGene00021453.,0,0,0
WBGene00021454.,0,0,0
WBGene00021456.,182,766,948
WBGene00021457.,4,26,30
WBGene00021458.,0,9,9
WBGene00021460.,77,1341,1418
WBGene00021461.,53,54,107
WBGene00021463.,6,11,17
WBGene00021464.,5,106,111
WBGene00021465.,3,232,235
WBGene00021466.,369,11693,12062
WBGene00021467.,73,2048,2121
WBGene00021468.,25,2345,2370
WBGene00021469.,10,3319,3329
WBGene00021470.,102,1118,1220
WBGene00021471.,0,17,17
WBGene00021472.,0,0,0
WBGene00021473.,195,125,320
WBGene00021474.,888,4157,5045
WBGene00021475.,362,4494,4856
WBGene00021476.,39,884,923
WBGene00021477.,11,9,20
WBGene00021478.,34,357,391
WBGene00021479.,34,7,41
WBGene00021482.,108,933,1041
WBGene00021483.,0,13,13
WBGene00021484.,0,1,1
WBGene00021485.,2,3,5
WBGene00021486.,476,16749,17225
WBGene00021487.,106,616,722
WBGene00021488.,0,1,1
WBGene00021489.,11,1,12
WBGene00021490.,11,26,37
WBGene00021491.,0,12,12
WBGene00021492.,20,320,340
WBGene00021493.,46,435,481
WBGene00021494.,3,35,38
WBGene00021495.,1,122,123
WBGene00021496.,9,19,28
WBGene00021497.,141,396,537
WBGene00021500.,1,1,2
WBGene00021502.,39,413,452
WBGene00021503.,9,337,346
WBGene00021504.,9,30,39
WBGene00021505.,13,35,48
WBGene00021506.,146,2656,2802
WBGene00021507.,962,2804,3766
WBGene00021508.,75,1309,1384
WBGene00021509.,799,1453,2252
WBGene00021510.,122,480,602
WBGene00021511.,23,48,71
WBGene00021512.,302,659,961
WBGene00021513.,79,17,96
WBGene00021514.,64,3279,3343
WBGene00021515.,46,464,510
WBGene00021516.,1,13,14
WBGene00021517.,6,6,12
WBGene00021518.,2,189,191
WBGene00021519.,1,28,29
WBGene00021520.,0,115,115
WBGene00021521.,13,72,85
WBGene00021522.,757,1358,2115
WBGene00021524.,14,163,177
WBGene00021525.,1,25,26
WBGene00021526.,42,124,166
WBGene00021527.,158,543,701
WBGene00021528.,209,833,1042
WBGene00021529.,56,1060,1116
WBGene00021530.,5,2,7
WBGene00021531.,99,72,171
WBGene00021532.,117,4999,5116
WBGene00021533.,10,611,621
WBGene00021534.,882,12200,13082
WBGene00021535.,584,225,809
WBGene00021536.,30,2262,2292
WBGene00021537.,12,24,36
WBGene00021538.,55,569,624
WBGene00021539.,178,2584,2762
WBGene00021540.,31,144,175
WBGene00021541.,3,203,206
WBGene00021542.,19,2,21
WBGene00021543.,42,2155,2197
WBGene00021544.,116,1002,1118
WBGene00021545.,514,1619,2133
WBGene00021546.,98,667,765
WBGene00021547.,37,477,514
WBGene00021548.,34,1607,1641
WBGene00021549.,483,764,1247
WBGene00021551.,280,2963,3243
WBGene00021552.,275,1679,1954
WBGene00021553.,6,14,20
WBGene00021554.,94,2149,2243
WBGene00021555.,11,204,215
WBGene00021556.,75,695,770
WBGene00021557.,0,45,45
WBGene00021558.,130,1886,2016
WBGene00021559.,101,1660,1761
WBGene00021560.,44,63,107
WBGene00021561.,349,939,1288
WBGene00021562.,461,6320,6781
WBGene00021563.,88,1903,1991
WBGene00021564.,272,1251,1523
WBGene00021565.,4,25,29
WBGene00021566.,0,0,0
WBGene00021567.,0,0,0
WBGene00021568.,0,0,0
WBGene00021569.,0,0,0
WBGene00021570.,0,0,0
WBGene00021571.,0,0,0
WBGene00021572.,0,0,0
WBGene00021573.,0,0,0
WBGene00021574.,0,0,0
WBGene00021576.,2,30,32
WBGene00021578.,1,0,1
WBGene00021579.,0,2,2
WBGene00021580.,0,1,1
WBGene00021581.,1,1,2
WBGene00021582.,0,3,3
WBGene00021583.,21,141,162
WBGene00021585.,2,0,2
WBGene00021586.,2,0,2
WBGene00021587.,7,92,99
WBGene00021589.,15,1301,1316
WBGene00021590.,8,12,20
WBGene00021591.,2,8,10
WBGene00021592.,0,0,0
WBGene00021593.,3,1,4
WBGene00021594.,7,13,20
WBGene00021595.,196,4095,4291
WBGene00021596.,57,269,326
WBGene00021597.,2873,2040,4913
WBGene00021599.,24,116,140
WBGene00021600.,20,272,292
WBGene00021601.,2,14,16
WBGene00021602.,3,18,21
WBGene00021603.,1,13,14
WBGene00021604.,0,0,0
WBGene00021605.,18,118,136
WBGene00021606.,6,20,26
WBGene00021607.,0,127,127
WBGene00021608.,0,1,1
WBGene00021609.,12,12,24
WBGene00021610.,21,308,329
WBGene00021611.,71,409,480
WBGene00021612.,0,1,1
WBGene00021613.,168,1378,1546
WBGene00021614.,270,3822,4092
WBGene00021615.,2,0,2
WBGene00021616.,0,0,0
WBGene00021617.,3,0,3
WBGene00021619.,0,1,1
WBGene00021620.,0,0,0
WBGene00021621.,0,3,3
WBGene00021622.,0,0,0
WBGene00021623.,0,1,1
WBGene00021624.,8,101,109
WBGene00021625.,0,176,176
WBGene00021626.,118,622,740
WBGene00021627.,0,2,2
WBGene00021628.,219,1694,1913
WBGene00021629.,434,3213,3647
WBGene00021630.,0,1,1
WBGene00021631.,2,0,2
WBGene00021632.,0,1,1
WBGene00021633.,9,22,31
WBGene00021634.,224,944,1168
WBGene00021635.,11,101,112
WBGene00021636.,103,1080,1183
WBGene00021637.,89,710,799
WBGene00021638.,186,2306,2492
WBGene00021639.,5,48,53
WBGene00021640.,136,351,487
WBGene00021641.,34,36,70
WBGene00021643.,112,868,980
WBGene00021644.,82,1808,1890
WBGene00021645.,136,1163,1299
WBGene00021646.,222,1467,1689
WBGene00021647.,270,4467,4737
WBGene00021648.,8,1389,1397
WBGene00021649.,17,363,380
WBGene00021650.,0,2,2
WBGene00021651.,8,13,21
WBGene00021653.,0,14,14
WBGene00021654.,3,199,202
WBGene00021655.,21,822,843
WBGene00021656.,2,15,17
WBGene00021657.,77,546,623
WBGene00021658.,15,267,282
WBGene00021660.,391,4031,4422
WBGene00021661.,83,235,318
WBGene00021662.,1,24,25
WBGene00021664.,2,5,7
WBGene00021666.,84,825,909
WBGene00021667.,4,81,85
WBGene00021668.,8,19,27
WBGene00021671.,2,57,59
WBGene00021672.,21,13,34
WBGene00021673.,23,10,33
WBGene00021675.,18,73,91
WBGene00021676.,16,547,563
WBGene00021677.,21,629,650
WBGene00021678.,8,7,15
WBGene00021679.,20,438,458
WBGene00021681.,942,1941,2883
WBGene00021682.,289,788,1077
WBGene00021683.,134,378,512
WBGene00021685.,1010,999,2009
WBGene00021686.,991,2850,3841
WBGene00021687.,97,859,956
WBGene00021689.,208,558,766
WBGene00021690.,7,84,91
WBGene00021691.,83,2675,2758
WBGene00021692.,21,283,304
WBGene00021693.,37,159,196
WBGene00021694.,4,37,41
WBGene00021697.,1697,7836,9533
WBGene00021698.,534,1681,2215
WBGene00021700.,2,7,9
WBGene00021701.,43,18,61
WBGene00021702.,179,1228,1407
WBGene00021703.,1,4,5
WBGene00021704.,62,132,194
WBGene00021706.,4,28,32
WBGene00021707.,2,38,40
WBGene00021708.,1,18,19
WBGene00021709.,6,235,241
WBGene00021710.,7,15,22
WBGene00021711.,0,8,8
WBGene00021713.,0,2,2
WBGene00021714.,63,464,527
WBGene00021715.,279,4770,5049
WBGene00021716.,1,1,2
WBGene00021717.,0,0,0
WBGene00021718.,0,0,0
WBGene00021719.,0,0,0
WBGene00021720.,9,2,11
WBGene00021721.,15,157,172
WBGene00021722.,0,0,0
WBGene00021723.,1,2,3
WBGene00021724.,0,2,2
WBGene00021725.,26,207,233
WBGene00021726.,2,31,33
WBGene00021727.,1,2,3
WBGene00021728.,5,29,34
WBGene00021729.,0,1,1
WBGene00021730.,0,12,12
WBGene00021731.,1,28,29
WBGene00021732.,90,286,376
WBGene00021733.,438,1149,1587
WBGene00021734.,24,65,89
WBGene00021735.,244,1534,1778
WBGene00021736.,89,1696,1785
WBGene00021737.,3,6,9
WBGene00021738.,147,654,801
WBGene00021739.,22,1268,1290
WBGene00021740.,118,736,854
WBGene00021741.,14,157,171
WBGene00021743.,85,334,419
WBGene00021744.,1,0,1
WBGene00021745.,31,167,198
WBGene00021746.,0,3,3
WBGene00021747.,9,22,31
WBGene00021748.,109,774,883
WBGene00021749.,109,839,948
WBGene00021750.,30,351,381
WBGene00021751.,902,256,1158
WBGene00021752.,746,607,1353
WBGene00021753.,390,1265,1655
WBGene00021754.,783,7686,8469
WBGene00021755.,46,155,201
WBGene00021756.,308,784,1092
WBGene00021757.,354,2239,2593
WBGene00021758.,126,957,1083
WBGene00021763.,72,556,628
WBGene00021764.,38,260,298
WBGene00021765.,298,804,1102
WBGene00021766.,72,588,660
WBGene00021768.,51,1923,1974
WBGene00021771.,327,1392,1719
WBGene00021772.,6,8,14
WBGene00021773.,0,2,2
WBGene00021774.,0,5,5
WBGene00021776.,103,450,553
WBGene00021778.,13,230,243
WBGene00021779.,0,0,0
WBGene00021780.,0,0,0
WBGene00021781.,27,446,473
WBGene00021783.,311,2195,2506
WBGene00021784.,76,1634,1710
WBGene00021785.,116,2795,2911
WBGene00021786.,3,22,25
WBGene00021787.,2,6,8
WBGene00021788.,162,37,199
WBGene00021789.,298,1941,2239
WBGene00021790.,3,4,7
WBGene00021791.,0,0,0
WBGene00021792.,1,1,2
WBGene00021793.,0,0,0
WBGene00021794.,2,16,18
WBGene00021795.,5,134,139
WBGene00021796.,55,1103,1158
WBGene00021797.,3,6,9
WBGene00021798.,3,0,3
WBGene00021799.,13,134,147
WBGene00021800.,434,15174,15608
WBGene00021801.,0,0,0
WBGene00021804.,1,22,23
WBGene00021805.,5,21,26
WBGene00021806.,0,0,0
WBGene00021807.,14,30,44
WBGene00021808.,347,1820,2167
WBGene00021809.,1,15,16
WBGene00021810.,542,1631,2173
WBGene00021811.,432,4872,5304
WBGene00021812.,17,525,542
WBGene00021813.,102,2445,2547
WBGene00021814.,30,74,104
WBGene00021815.,87,2177,2264
WBGene00021816.,102,2261,2363
WBGene00021817.,30,431,461
WBGene00021818.,848,6710,7558
WBGene00021819.,9,21,30
WBGene00021820.,354,649,1003
WBGene00021821.,0,2,2
WBGene00021826.,222,4121,4343
WBGene00021827.,82,715,797
WBGene00021828.,226,1460,1686
WBGene00021829.,45,6855,6900
WBGene00021830.,109,6638,6747
WBGene00021831.,439,2323,2762
WBGene00021832.,44,223,267
WBGene00021833.,7,2,9
WBGene00021834.,23,1034,1057
WBGene00021835.,69,740,809
WBGene00021838.,150,1694,1844
WBGene00021839.,353,6070,6423
WBGene00021840.,242,527,769
WBGene00021841.,25,388,413
WBGene00021842.,292,1184,1476
WBGene00021843.,592,6713,7305
WBGene00021844.,119,3147,3266
WBGene00021845.,33,4991,5024
WBGene00021846.,177,799,976
WBGene00021847.,148,1432,1580
WBGene00021848.,47,161,208
WBGene00021849.,855,20023,20878
WBGene00021850.,19,44,63
WBGene00021852.,57,885,942
WBGene00021853.,0,90,90
WBGene00021854.,226,1788,2014
WBGene00021855.,118,682,800
WBGene00021856.,345,1306,1651
WBGene00021857.,1026,9182,10208
WBGene00021858.,7,16,23
WBGene00021859.,1,3,4
WBGene00021860.,0,3,3
WBGene00021861.,0,7,7
WBGene00021862.,2,4,6
WBGene00021863.,88,643,731
WBGene00021864.,54,681,735
WBGene00021865.,9,13,22
WBGene00021866.,55,659,714
WBGene00021867.,117,1982,2099
WBGene00021868.,189,2752,2941
WBGene00021869.,6,68,74
WBGene00021870.,47,539,586
WBGene00021871.,55,214,269
WBGene00021872.,19,242,261
WBGene00021873.,2,12,14
WBGene00021875.,291,3815,4106
WBGene00021876.,434,2139,2573
WBGene00021877.,69,155,224
WBGene00021878.,4,2,6
WBGene00021879.,3,144,147
WBGene00021880.,0,0,0
WBGene00021881.,80,134,214
WBGene00021882.,959,1521,2480
WBGene00021883.,151,6950,7101
WBGene00021884.,0,373,373
WBGene00021885.,6,4,10
WBGene00021886.,534,207,741
WBGene00021887.,29,174,203
WBGene00021888.,168,6532,6700
WBGene00021889.,0,5,5
WBGene00021890.,625,4703,5328
WBGene00021892.,10,3,13
WBGene00021893.,2493,6326,8819
WBGene00021894.,772,7972,8744
WBGene00021895.,3,30,33
WBGene00021897.,157,521,678
WBGene00021898.,3,229,232
WBGene00021899.,323,9680,10003
WBGene00021900.,122,3530,3652
WBGene00021901.,13,2611,2624
WBGene00021902.,90,560,650
WBGene00021904.,27,469,496
WBGene00021905.,61,682,743
WBGene00021906.,263,909,1172
WBGene00021907.,1,5,6
WBGene00021908.,0,8,8
WBGene00021909.,38,975,1013
WBGene00021910.,247,1226,1473
WBGene00021911.,8,25,33
WBGene00021912.,92,558,650
WBGene00021913.,36,1269,1305
WBGene00021914.,142,540,682
WBGene00021915.,156,956,1112
WBGene00021917.,11,233,244
WBGene00021918.,32,2320,2352
WBGene00021919.,11,110,121
WBGene00021920.,429,4967,5396
WBGene00021921.,558,5162,5720
WBGene00021922.,75,2038,2113
WBGene00021923.,163,468,631
WBGene00021925.,138,655,793
WBGene00021926.,163,2643,2806
WBGene00021927.,17,413,430
WBGene00021928.,25,331,356
WBGene00021929.,27,1899,1926
WBGene00021930.,511,10447,10958
WBGene00021931.,68,89,157
WBGene00021932.,73,886,959
WBGene00021933.,25,391,416
WBGene00021934.,212,5051,5263
WBGene00021935.,135,590,725
WBGene00021936.,682,2326,3008
WBGene00021938.,114,2505,2619
WBGene00021939.,63,67,130
WBGene00021941.,33,118,151
WBGene00021942.,17,292,309
WBGene00021943.,236,2977,3213
WBGene00021945.,132,484,616
WBGene00021947.,6,30,36
WBGene00021948.,440,2037,2477
WBGene00021949.,0,3,3
WBGene00021950.,38,410,448
WBGene00021951.,11,43,54
WBGene00021952.,244,5366,5610
WBGene00021953.,5,22,27
WBGene00021956.,70,2227,2297
WBGene00021957.,0,2,2
WBGene00021958.,6,15,21
WBGene00021959.,451,8267,8718
WBGene00021960.,135,4341,4476
WBGene00021961.,1,0,1
WBGene00021963.,16,160,176
WBGene00021964.,0,0,0
WBGene00021965.,47,387,434
WBGene00021966.,0,7,7
WBGene00021967.,2,8,10
WBGene00021968.,63,40,103
WBGene00021969.,2,1,3
WBGene00021970.,18,9,27
WBGene00021971.,0,3,3
WBGene00021972.,31,177,208
WBGene00021973.,214,2135,2349
WBGene00021974.,223,2924,3147
WBGene00021975.,32,295,327
WBGene00021976.,15,175,190
WBGene00021977.,6,342,348
WBGene00021978.,0,52,52
WBGene00021979.,0,1031,1031
WBGene00021980.,144,341,485
WBGene00021981.,26,2630,2656
WBGene00021983.,83,2441,2524
WBGene00021984.,61,686,747
WBGene00021985.,217,1294,1511
WBGene00021986.,127,1451,1578
WBGene00021987.,0,1,1
WBGene00021988.,0,0,0
WBGene00021990.,35,74,109
WBGene00021992.,0,0,0
WBGene00021993.,0,11,11
WBGene00021994.,10,34,44
WBGene00021995.,0,0,0
WBGene00021996.,0,1,1
WBGene00021997.,0,0,0
WBGene00021998.,0,0,0
WBGene00021999.,0,0,0
WBGene00022000.,0,0,0
WBGene00022001.,2,0,2
WBGene00022002.,0,0,0
WBGene00022003.,0,0,0
WBGene00022004.,10,371,381
WBGene00022005.,0,5,5
WBGene00022006.,0,0,0
WBGene00022007.,0,0,0
WBGene00022008.,1,6,7
WBGene00022010.,143,1719,1862
WBGene00022011.,2,2,4
WBGene00022012.,3,14,17
WBGene00022013.,1,92,93
WBGene00022014.,278,461,739
WBGene00022015.,456,2368,2824
WBGene00022016.,1,20,21
WBGene00022017.,2,46,48
WBGene00022018.,4,171,175
WBGene00022019.,434,2607,3041
WBGene00022020.,0,2,2
WBGene00022021.,358,6135,6493
WBGene00022022.,41,1072,1113
WBGene00022023.,0,0,0
WBGene00022024.,0,71,71
WBGene00022025.,121,2481,2602
WBGene00022026.,288,2318,2606
WBGene00022027.,390,6463,6853
WBGene00022028.,6,30,36
WBGene00022029.,111,2588,2699
WBGene00022030.,4,9,13
WBGene00022031.,108,892,1000
WBGene00022032.,12,5,17
WBGene00022033.,62,313,375
WBGene00022034.,47,840,887
WBGene00022035.,42,60,102
WBGene00022036.,28,173,201
WBGene00022037.,113,1263,1376
WBGene00022038.,25,159,184
WBGene00022039.,4,47,51
WBGene00022040.,6,162,168
WBGene00022042.,14921,160269,175190
WBGene00022043.,28,1055,1083
WBGene00022044.,16,1538,1554
WBGene00022045.,475,4575,5050
WBGene00022046.,8,29397,29405
WBGene00022047.,9,279,288
WBGene00022048.,2210,22713,24923
WBGene00022051.,177,838,1015
WBGene00022052.,76,699,775
WBGene00022053.,950,17062,18012
WBGene00022054.,72,790,862
WBGene00022055.,30,569,599
WBGene00022056.,85,305,390
WBGene00022057.,44,2013,2057
WBGene00022059.,2385,2177,4562
WBGene00022060.,1,342,343
WBGene00022061.,24,73,97
WBGene00022062.,17,56,73
WBGene00022063.,91,1087,1178
WBGene00022064.,2,1,3
WBGene00022066.,0,12,12
WBGene00022067.,142,695,837
WBGene00022069.,318,9448,9766
WBGene00022070.,0,8,8
WBGene00022071.,8,87,95
WBGene00022072.,1347,23645,24992
WBGene00022073.,99,754,853
WBGene00022074.,257,1728,1985
WBGene00022075.,314,6814,7128
WBGene00022076.,6,26,32
WBGene00022077.,123,1491,1614
WBGene00022078.,1038,2823,3861
WBGene00022079.,3,6,9
WBGene00022082.,0,12,12
WBGene00022083.,1,2,3
WBGene00022085.,10,11,21
WBGene00022086.,22,36,58
WBGene00022087.,952,1573,2525
WBGene00022089.,1529,72643,74172
WBGene00022090.,5,19,24
WBGene00022092.,267,3847,4114
WBGene00022093.,805,13642,14447
WBGene00022094.,2,4,6
WBGene00022095.,0,0,0
WBGene00022096.,0,2,2
WBGene00022097.,2,1,3
WBGene00022099.,300,5531,5831
WBGene00022100.,720,1722,2442
WBGene00022101.,31,280,311
WBGene00022102.,5,50,55
WBGene00022103.,102,330,432
WBGene00022104.,199,350,549
WBGene00022106.,146,315,461
WBGene00022107.,65,1821,1886
WBGene00022108.,3,26,29
WBGene00022110.,13,198,211
WBGene00022111.,0,304,304
WBGene00022112.,0,17,17
WBGene00022113.,32,180,212
WBGene00022114.,133,17507,17640
WBGene00022115.,146,1751,1897
WBGene00022117.,318,625,943
WBGene00022118.,129,962,1091
WBGene00022119.,15,4997,5012
WBGene00022121.,225,756,981
WBGene00022122.,71,18900,18971
WBGene00022123.,56,499,555
WBGene00022124.,217,591,808
WBGene00022125.,54,637,691
WBGene00022126.,94,680,774
WBGene00022127.,8,13703,13711
WBGene00022128.,137,1014,1151
WBGene00022129.,50,512,562
WBGene00022130.,24,102,126
WBGene00022131.,88,545,633
WBGene00022133.,0,1,1
WBGene00022134.,570,3958,4528
WBGene00022138.,328,893,1221
WBGene00022139.,359,1214,1573
WBGene00022140.,13,6,19
WBGene00022141.,18,1668,1686
WBGene00022142.,25,42,67
WBGene00022143.,0,11,11
WBGene00022144.,66,8588,8654
WBGene00022145.,6,14,20
WBGene00022146.,31,1952,1983
WBGene00022148.,1197,3919,5116
WBGene00022149.,266,9452,9718
WBGene00022150.,34,3647,3681
WBGene00022152.,295,1058,1353
WBGene00022153.,281,1232,1513
WBGene00022154.,22,250,272
WBGene00022155.,48,1072,1120
WBGene00022156.,5,32,37
WBGene00022157.,10,1,11
WBGene00022158.,68,721,789
WBGene00022159.,316,4239,4555
WBGene00022160.,17,331,348
WBGene00022161.,12,294,306
WBGene00022162.,0,0,0
WBGene00022163.,9,26,35
WBGene00022165.,124,740,864
WBGene00022166.,125,381,506
WBGene00022167.,85,768,853
WBGene00022168.,551,1352,1903
WBGene00022169.,271,4214,4485
WBGene00022170.,4365,61472,65837
WBGene00022171.,0,150,150
WBGene00022172.,0,104,104
WBGene00022173.,0,603,603
WBGene00022174.,157,616,773
WBGene00022175.,95,486,581
WBGene00022176.,328,1668,1996
WBGene00022177.,4,19,23
WBGene00022178.,14,140,154
WBGene00022179.,13,49,62
WBGene00022180.,159,4019,4178
WBGene00022181.,26,184,210
WBGene00022182.,243,2352,2595
WBGene00022185.,181,1855,2036
WBGene00022188.,102,1292,1394
WBGene00022189.,0,1,1
WBGene00022190.,13,352,365
WBGene00022191.,25,223,248
WBGene00022192.,97,1822,1919
WBGene00022193.,46,875,921
WBGene00022194.,330,9833,10163
WBGene00022195.,142,721,863
WBGene00022196.,28,813,841
WBGene00022197.,55,340,395
WBGene00022198.,73,367,440
WBGene00022199.,91,8913,9004
WBGene00022200.,13,243,256
WBGene00022201.,62,1601,1663
WBGene00022202.,129,2709,2838
WBGene00022203.,30,783,813
WBGene00022204.,2,22,24
WBGene00022205.,32,145,177
WBGene00022206.,49,130,179
WBGene00022207.,1,14,15
WBGene00022209.,0,0,0
WBGene00022210.,2,3,5
WBGene00022211.,111,731,842
WBGene00022213.,12,57,69
WBGene00022214.,6,31,37
WBGene00022215.,0,9,9
WBGene00022216.,6,13,19
WBGene00022217.,0,0,0
WBGene00022218.,0,5,5
WBGene00022219.,86,780,866
WBGene00022221.,204,614,818
WBGene00022222.,4,49,53
WBGene00022223.,3,2,5
WBGene00022224.,0,11,11
WBGene00022225.,2,13,15
WBGene00022227.,42,390,432
WBGene00022228.,54,103,157
WBGene00022229.,20,18,38
WBGene00022230.,571,7699,8270
WBGene00022231.,55,364,419
WBGene00022232.,108,1125,1233
WBGene00022233.,189,3692,3881
WBGene00022235.,1365,54525,55890
WBGene00022236.,0,100,100
WBGene00022237.,2,10,12
WBGene00022240.,113,1393,1506
WBGene00022242.,230,3111,3341
WBGene00022243.,0,22,22
WBGene00022244.,0,205,205
WBGene00022245.,430,6924,7354
WBGene00022246.,22,224,246
WBGene00022247.,55,109,164
WBGene00022248.,175,4245,4420
WBGene00022249.,0,0,0
WBGene00022250.,45,623,668
WBGene00022251.,72,1359,1431
WBGene00022252.,25,259,284
WBGene00022253.,97,3250,3347
WBGene00022254.,48,1962,2010
WBGene00022255.,20,231,251
WBGene00022256.,2,2,4
WBGene00022257.,2,75,77
WBGene00022258.,107,1177,1284
WBGene00022259.,68,914,982
WBGene00022260.,143,1323,1466
WBGene00022261.,28,233,261
WBGene00022262.,0,2,2
WBGene00022263.,2,109,111
WBGene00022264.,1,0,1
WBGene00022265.,1,3,4
WBGene00022266.,1,0,1
WBGene00022267.,33,248,281
WBGene00022268.,309,2835,3144
WBGene00022269.,251,3608,3859
WBGene00022270.,166,644,810
WBGene00022271.,31,2927,2958
WBGene00022272.,0,26,26
WBGene00022273.,58,575,633
WBGene00022274.,19,111,130
WBGene00022275.,3,47,50
WBGene00022276.,152,2967,3119
WBGene00022277.,279,2884,3163
WBGene00022278.,315,1342,1657
WBGene00022279.,137,2763,2900
WBGene00022280.,103,1222,1325
WBGene00022281.,367,1472,1839
WBGene00022282.,0,2,2
WBGene00022283.,28,190,218
WBGene00022284.,87,541,628
WBGene00022285.,581,382,963
WBGene00022286.,190,941,1131
WBGene00022287.,13,257,270
WBGene00022288.,14,133,147
WBGene00022289.,11,18,29
WBGene00022290.,1,2,3
WBGene00022291.,0,1,1
WBGene00022292.,0,2,2
WBGene00022295.,8,52,60
WBGene00022296.,697,2208,2905
WBGene00022297.,141,4342,4483
WBGene00022298.,1,20,21
WBGene00022300.,190,1035,1225
WBGene00022301.,599,2330,2929
WBGene00022302.,24,432,456
WBGene00022303.,0,195,195
WBGene00022306.,796,3123,3919
WBGene00022307.,12,903,915
WBGene00022308.,0,1,1
WBGene00022309.,123,800,923
WBGene00022310.,349,1440,1789
WBGene00022311.,1,4,5
WBGene00022312.,0,0,0
WBGene00022313.,105,151,256
WBGene00022314.,74,484,558
WBGene00022315.,0,2,2
WBGene00022316.,0,0,0
WBGene00022317.,3,19,22
WBGene00022318.,0,2,2
WBGene00022319.,0,0,0
WBGene00022320.,3,0,3
WBGene00022321.,1,1,2
WBGene00022322.,0,2,2
WBGene00022323.,0,0,0
WBGene00022324.,1,8,9
WBGene00022325.,8,150,158
WBGene00022326.,7,112,119
WBGene00022327.,9,53,62
WBGene00022328.,6,10,16
WBGene00022329.,11,88,99
WBGene00022330.,2,18,20
WBGene00022331.,4,19,23
WBGene00022332.,4,9,13
WBGene00022333.,1,30,31
WBGene00022334.,15,34,49
WBGene00022335.,24,147,171
WBGene00022336.,375,354277,354652
WBGene00022337.,1,31,32
WBGene00022338.,28,24,52
WBGene00022339.,619,9145,9764
WBGene00022340.,0,3,3
WBGene00022341.,0,1,1
WBGene00022342.,1,2,3
WBGene00022343.,0,3,3
WBGene00022344.,0,9,9
WBGene00022345.,5,2,7
WBGene00022346.,11,63,74
WBGene00022347.,212,2377,2589
WBGene00022348.,106,3358,3464
WBGene00022349.,16,122,138
WBGene00022350.,289,1447,1736
WBGene00022351.,123,253,376
WBGene00022352.,0,38,38
WBGene00022353.,2,56,58
WBGene00022354.,220,508,728
WBGene00022356.,12,665,677
WBGene00022357.,74,787,861
WBGene00022358.,238,971,1209
WBGene00022360.,243,1659,1902
WBGene00022361.,350,1168,1518
WBGene00022363.,190,683,873
WBGene00022365.,7,93,100
WBGene00022366.,302,948,1250
WBGene00022367.,154,165,319
WBGene00022368.,108,1743,1851
WBGene00022369.,151,1054,1205
WBGene00022370.,144,322,466
WBGene00022371.,217,1033,1250
WBGene00022372.,126,414,540
WBGene00022373.,239,6756,6995
WBGene00022374.,5,86,91
WBGene00022375.,4,14,18
WBGene00022376.,211,2877,3088
WBGene00022377.,10,76,86
WBGene00022378.,918,6199,7117
WBGene00022379.,28,143,171
WBGene00022380.,654,7088,7742
WBGene00022381.,129,2182,2311
WBGene00022382.,0,1639,1639
WBGene00022385.,12,8,20
WBGene00022386.,283,1252,1535
WBGene00022388.,385,1125,1510
WBGene00022389.,280,1461,1741
WBGene00022390.,65,299,364
WBGene00022391.,248,754,1002
WBGene00022392.,13,79,92
WBGene00022393.,85,1921,2006
WBGene00022394.,47,4729,4776
WBGene00022395.,19,101,120
WBGene00022396.,52,847,899
WBGene00022397.,215,1800,2015
WBGene00022398.,45,720,765
WBGene00022399.,37,340,377
WBGene00022400.,39,1984,2023
WBGene00022401.,80,4036,4116
WBGene00022402.,29,1614,1643
WBGene00022403.,1,3,4
WBGene00022404.,0,8,8
WBGene00022405.,1,25,26
WBGene00022406.,4,8,12
WBGene00022407.,1,12,13
WBGene00022408.,0,7,7
WBGene00022409.,3,27,30
WBGene00022410.,15,10669,10684
WBGene00022411.,13,21,34
WBGene00022412.,50,298,348
WBGene00022413.,13,135,148
WBGene00022415.,11,315,326
WBGene00022416.,57,530,587
WBGene00022417.,15,299,314
WBGene00022418.,53,740,793
WBGene00022419.,34,298,332
WBGene00022420.,49,1382,1431
WBGene00022421.,1,4,5
WBGene00022423.,185,146,331
WBGene00022425.,239,1185,1424
WBGene00022426.,124,830,954
WBGene00022427.,227,1126,1353
WBGene00022428.,52,471,523
WBGene00022429.,0,0,0
WBGene00022431.,14,1,15
WBGene00022432.,0,25,25
WBGene00022433.,0,0,0
WBGene00022434.,452,1084,1536
WBGene00022435.,164,309,473
WBGene00022438.,0,1,1
WBGene00022439.,4,23,27
WBGene00022440.,5,62,67
WBGene00022441.,111,1374,1485
WBGene00022442.,1,1,2
WBGene00022443.,0,3,3
WBGene00022444.,0,0,0
WBGene00022445.,2,20,22
WBGene00022446.,0,3,3
WBGene00022447.,289,273,562
WBGene00022448.,115,670,785
WBGene00022450.,55,515,570
WBGene00022452.,1,273,274
WBGene00022453.,174,2994,3168
WBGene00022454.,54,27,81
WBGene00022455.,28,3129,3157
WBGene00022456.,137,3168,3305
WBGene00022457.,73,853,926
WBGene00022458.,11,3331,3342
WBGene00022459.,38,730,768
WBGene00022460.,116,1429,1545
WBGene00022462.,16,394,410
WBGene00022463.,179,2879,3058
WBGene00022465.,34,507,541
WBGene00022466.,61,1188,1249
WBGene00022467.,0,5,5
WBGene00022469.,12,156,168
WBGene00022470.,441,4730,5171
WBGene00022471.,51,410,461
WBGene00022472.,107,1303,1410
WBGene00022473.,1912,5017,6929
WBGene00022474.,10,75,85
WBGene00022475.,58,1679,1737
WBGene00022476.,1,3,4
WBGene00022477.,1,15,16
WBGene00022478.,1,9,10
WBGene00022479.,1,3,4
WBGene00022481.,0,0,0
WBGene00022482.,0,4,4
WBGene00022483.,0,0,0
WBGene00022484.,7,19,26
WBGene00022485.,83,296,379
WBGene00022486.,9,27,36
WBGene00022487.,2,24,26
WBGene00022488.,140,1107,1247
WBGene00022489.,320,3741,4061
WBGene00022490.,14,32,46
WBGene00022491.,132,215,347
WBGene00022492.,91,3586,3677
WBGene00022493.,162,1306,1468
WBGene00022494.,0,0,0
WBGene00022495.,0,8,8
WBGene00022496.,0,174,174
WBGene00022497.,0,2264,2264
WBGene00022498.,5,15,20
WBGene00022499.,319,8536,8855
WBGene00022500.,370,6932,7302
WBGene00022501.,559,1202,1761
WBGene00022502.,60,658,718
WBGene00022503.,7,104,111
WBGene00022504.,22,82,104
WBGene00022505.,48,1773,1821
WBGene00022506.,5,22,27
WBGene00022507.,18,3,21
WBGene00022508.,0,9,9
WBGene00022509.,0,2,2
WBGene00022511.,2,4,6
WBGene00022512.,1,1,2
WBGene00022515.,44,1109,1153
WBGene00022516.,56,2690,2746
WBGene00022517.,59,123,182
WBGene00022518.,334,823,1157
WBGene00022519.,286,2466,2752
WBGene00022521.,28,39,67
WBGene00022522.,16,87,103
WBGene00022526.,16,18,34
WBGene00022527.,53,42,95
WBGene00022528.,1,7,8
WBGene00022529.,0,3,3
WBGene00022530.,12,193,205
WBGene00022531.,25,1203,1228
WBGene00022532.,6,141,147
WBGene00022533.,17,130,147
WBGene00022534.,139,2001,2140
WBGene00022536.,2,3,5
WBGene00022537.,11,66,77
WBGene00022538.,181,3403,3584
WBGene00022539.,24,34,58
WBGene00022540.,42,37,79
WBGene00022541.,0,1,1
WBGene00022542.,0,0,0
WBGene00022544.,19,8,27
WBGene00022545.,3,2,5
WBGene00022546.,5,14,19
WBGene00022547.,0,11,11
WBGene00022548.,3,2,5
WBGene00022549.,11,38,49
WBGene00022550.,6,20,26
WBGene00022551.,0,1,1
WBGene00022552.,1,25,26
WBGene00022553.,0,1,1
WBGene00022554.,22,544,566
WBGene00022555.,0,0,0
WBGene00022556.,0,1,1
WBGene00022557.,0,6,6
WBGene00022558.,0,0,0
WBGene00022559.,0,2,2
WBGene00022560.,0,11,11
WBGene00022561.,0,0,0
WBGene00022562.,30,428,458
WBGene00022563.,0,0,0
WBGene00022564.,35,364,399
WBGene00022565.,1,16,17
WBGene00022566.,4,78,82
WBGene00022567.,35,145,180
WBGene00022568.,22,427,449
WBGene00022569.,33,813,846
WBGene00022570.,2,13,15
WBGene00022571.,0,1,1
WBGene00022572.,0,2,2
WBGene00022573.,1,26,27
WBGene00022574.,0,57,57
WBGene00022575.,0,7,7
WBGene00022576.,29,200,229
WBGene00022577.,13,137,150
WBGene00022578.,2,0,2
WBGene00022579.,309,4143,4452
WBGene00022580.,110,2067,2177
WBGene00022581.,2,25,27
WBGene00022582.,0,0,0
WBGene00022583.,254,5122,5376
WBGene00022584.,31,145,176
WBGene00022586.,3,38,41
WBGene00022587.,0,17,17
WBGene00022588.,43,344,387
WBGene00022589.,5,0,5
WBGene00022590.,5,74,79
WBGene00022591.,64,772,836
WBGene00022592.,157,682,839
WBGene00022593.,90,517,607
WBGene00022594.,6,8,14
WBGene00022596.,2,2,4
WBGene00022597.,40,374,414
WBGene00022598.,116,1747,1863
WBGene00022599.,1723,43388,45111
WBGene00022600.,2,2,4
WBGene00022601.,14,181,195
WBGene00022603.,92,1695,1787
WBGene00022604.,0,0,0
WBGene00022605.,2,5,7
WBGene00022606.,7,28,35
WBGene00022608.,127,663,790
WBGene00022609.,69,323,392
WBGene00022610.,28,152,180
WBGene00022611.,14,102,116
WBGene00022612.,15,123,138
WBGene00022613.,88,608,696
WBGene00022614.,146,1435,1581
WBGene00022615.,14,1411,1425
WBGene00022616.,0,0,0
WBGene00022617.,1,1,2
WBGene00022618.,171,4984,5155
WBGene00022619.,0,46,46
WBGene00022620.,84,1420,1504
WBGene00022621.,0,0,0
WBGene00022622.,8,1,9
WBGene00022623.,3,251,254
WBGene00022624.,50,130,180
WBGene00022627.,5,40,45
WBGene00022628.,3,7,10
WBGene00022629.,30,404,434
WBGene00022630.,1,4,5
WBGene00022631.,11,191,202
WBGene00022632.,5,9,14
WBGene00022633.,34,351,385
WBGene00022634.,3,5,8
WBGene00022635.,41,324,365
WBGene00022636.,1,0,1
WBGene00022637.,0,0,0
WBGene00022638.,0,3,3
WBGene00022639.,8,7,15
WBGene00022640.,3,5,8
WBGene00022641.,3,13,16
WBGene00022642.,46,500,546
WBGene00022643.,4,24,28
WBGene00022644.,24,745,769
WBGene00022645.,58,717,775
WBGene00022646.,8,1022,1030
WBGene00022647.,62,519,581
WBGene00022648.,128,398,526
WBGene00022649.,6,145,151
WBGene00022650.,71,91,162
WBGene00022651.,0,2,2
WBGene00022652.,0,5,5
WBGene00022653.,30,159,189
WBGene00022654.,1,0,1
WBGene00022655.,4,33,37
WBGene00022656.,1,73,74
WBGene00022657.,7,758,765
WBGene00022658.,0,13,13
WBGene00022660.,0,12,12
WBGene00022661.,40,106,146
WBGene00022662.,11,31,42
WBGene00022663.,70,1168,1238
WBGene00022664.,39,980,1019
WBGene00022665.,40,649,689
WBGene00022666.,75,1348,1423
WBGene00022667.,215,2028,2243
WBGene00022668.,281,1428,1709
WBGene00022669.,0,0,0
WBGene00022670.,0,1,1
WBGene00022671.,7,23,30
WBGene00022672.,143,1230,1373
WBGene00022673.,55,745,800
WBGene00022674.,0,3,3
WBGene00022675.,724,2153,2877
WBGene00022677.,44,540,584
WBGene00022678.,114,7395,7509
WBGene00022679.,3,112,115
WBGene00022680.,3,32,35
WBGene00022681.,49,173,222
WBGene00022682.,18,88,106
WBGene00022683.,45,653,698
WBGene00022685.,2,2,4
WBGene00022688.,0,0,0
WBGene00022689.,0,0,0
WBGene00022690.,5,10,15
WBGene00022691.,3,9,12
WBGene00022694.,95,1312,1407
WBGene00022695.,69,671,740
WBGene00022696.,18,134,152
WBGene00022697.,177,1844,2021
WBGene00022698.,17,89,106
WBGene00022699.,2,10,12
WBGene00022700.,6,111,117
WBGene00022702.,3,566,569
WBGene00022703.,148,2231,2379
WBGene00022704.,58,860,918
WBGene00022705.,20,85,105
WBGene00022706.,13,259,272
WBGene00022707.,0,3,3
WBGene00022708.,0,3,3
WBGene00022709.,4,53,57
WBGene00022710.,0,13,13
WBGene00022711.,5,4,9
WBGene00022712.,28,250,278
WBGene00022713.,0,2,2
WBGene00022714.,1,1,2
WBGene00022715.,9,39,48
WBGene00022716.,0,0,0
WBGene00022717.,100,1169,1269
WBGene00022718.,177,2574,2751
WBGene00022719.,187,2468,2655
WBGene00022720.,24,311,335
WBGene00022721.,35,737,772
WBGene00022722.,164,3841,4005
WBGene00022723.,4,5,9
WBGene00022724.,0,3,3
WBGene00022725.,3,27,30
WBGene00022726.,1,1,2
WBGene00022727.,59,965,1024
WBGene00022728.,0,5,5
WBGene00022729.,0,0,0
WBGene00022730.,76,917,993
WBGene00022731.,11,12,23
WBGene00022732.,1,21,22
WBGene00022733.,109,96,205
WBGene00022734.,110,4462,4572
WBGene00022735.,12,96,108
WBGene00022736.,30,456,486
WBGene00022737.,4,407,411
WBGene00022738.,310,7371,7681
WBGene00022739.,237,3611,3848
WBGene00022741.,12,5,17
WBGene00022742.,153,3371,3524
WBGene00022743.,96,753,849
WBGene00022744.,44,124,168
WBGene00022745.,1686,12086,13772
WBGene00022746.,0,6,6
WBGene00022747.,2,37,39
WBGene00022748.,199,27509,27708
WBGene00022749.,72,2508,2580
WBGene00022750.,808,3777,4585
WBGene00022751.,0,2,2
WBGene00022752.,12,249,261
WBGene00022753.,5,7,12
WBGene00022754.,0,6,6
WBGene00022755.,1,25,26
WBGene00022756.,11,103,114
WBGene00022757.,2,0,2
WBGene00022758.,0,1,1
WBGene00022759.,29,2453,2482
WBGene00022760.,0,130,130
WBGene00022761.,0,16,16
WBGene00022762.,66,511,577
WBGene00022763.,0,25,25
WBGene00022765.,651,9943,10594
WBGene00022766.,206,2920,3126
WBGene00022767.,18,440,458
WBGene00022769.,37,923,960
WBGene00022770.,52,1198,1250
WBGene00022771.,72,423,495
WBGene00022772.,16,84,100
WBGene00022773.,89,531,620
WBGene00022774.,75,3080,3155
WBGene00022775.,1,169,170
WBGene00022776.,16,4349,4365
WBGene00022778.,1,0,1
WBGene00022780.,2,19,21
WBGene00022781.,80,3287,3367
WBGene00022782.,43,1173,1216
WBGene00022783.,292,2407,2699
WBGene00022785.,140,1953,2093
WBGene00022786.,9,788,797
WBGene00022787.,54,1188,1242
WBGene00022788.,16,1014,1030
WBGene00022789.,6,32,38
WBGene00022790.,30,289,319
WBGene00022791.,334,3770,4104
WBGene00022792.,94,1971,2065
WBGene00022793.,38,3960,3998
WBGene00022794.,210,4419,4629
WBGene00022795.,6,79,85
WBGene00022796.,77,538,615
WBGene00022797.,27,265,292
WBGene00022798.,396,3067,3463
WBGene00022799.,1,4,5
WBGene00022800.,145,1902,2047
WBGene00022801.,120,5426,5546
WBGene00022802.,39,572,611
WBGene00022803.,58,991,1049
WBGene00022804.,1,11,12
WBGene00022805.,188,1385,1573
WBGene00022806.,0,0,0
WBGene00022807.,10,20,30
WBGene00022808.,4,23,27
WBGene00022809.,2,8,10
WBGene00022810.,25,308,333
WBGene00022811.,49,45,94
WBGene00022812.,165,2330,2495
WBGene00022813.,84,798,882
WBGene00022814.,59,617,676
WBGene00022815.,15,83,98
WBGene00022816.,195,1606,1801
WBGene00022817.,286,5600,5886
WBGene00022818.,1,8,9
WBGene00022820.,0,1,1
WBGene00022821.,0,0,0
WBGene00022822.,0,6,6
WBGene00022823.,24,1943,1967
WBGene00022824.,23,175,198
WBGene00022825.,62,240,302
WBGene00022826.,0,5,5
WBGene00022827.,8,16,24
WBGene00022829.,42,152,194
WBGene00022830.,24,951,975
WBGene00022831.,163,2307,2470
WBGene00022832.,93,2126,2219
WBGene00022833.,1,1,2
WBGene00022834.,3,243,246
WBGene00022835.,60,858,918
WBGene00022836.,109,2563,2672
WBGene00022837.,23,392,415
WBGene00022838.,11,58,69
WBGene00022840.,2,7,9
WBGene00022842.,14,186,200
WBGene00022843.,14,37,51
WBGene00022845.,0,93,93
WBGene00022846.,23,1,24
WBGene00022847.,47,232,279
WBGene00022848.,46,761,807
WBGene00022849.,28,87,115
WBGene00022850.,358,1003,1361
WBGene00022851.,85,3274,3359
WBGene00022852.,2,2555,2557
WBGene00022853.,0,2697,2697
WBGene00022854.,12,185,197
WBGene00022855.,59,5846,5905
WBGene00022856.,41,13816,13857
WBGene00022857.,26,400,426
WBGene00022858.,19,30,49
WBGene00022861.,2949,570,3519
WBGene00022862.,15,996,1011
WBGene00022864.,109,5373,5482
WBGene00022865.,128,2340,2468
WBGene00022866.,4,19,23
WBGene00022867.,17,122,139
WBGene00022868.,11,213,224
WBGene00022869.,0,0,0
WBGene00022870.,1,3,4
WBGene00022871.,1,44,45
WBGene00022872.,5,37,42
WBGene00022873.,0,35,35
WBGene00022874.,76,234,310
WBGene00022875.,0,0,0
WBGene00022876.,0,4,4
WBGene00022877.,0,0,0
WBGene00022880.,71,813,884
WBGene00022881.,13,651,664
WBGene00022882.,49,552,601
WBGene00022883.,25,618,643
WBGene00022884.,0,29,29
WBGene00022885.,50,939,989
WBGene00022886.,0,2,2
WBGene00022887.,38,813,851
WBGene00022888.,1,1,2
WBGene00022889.,0,1,1
WBGene00022890.,0,4,4
WBGene00022891.,1,13,14
WBGene00022892.,0,0,0
WBGene00022893.,32,102,134
WBGene00022894.,0,0,0
WBGene00022895.,0,0,0
WBGene00022896.,0,0,0
WBGene00022897.,0,0,0
WBGene00022898.,0,2,2
WBGene00022899.,0,0,0
WBGene00022900.,0,0,0
WBGene00022901.,0,0,0
WBGene00022902.,0,0,0
WBGene00022903.,0,0,0
WBGene00022904.,0,0,0
WBGene00022905.,0,0,0
WBGene00022906.,0,0,0
WBGene00022907.,0,0,0
WBGene00022908.,0,0,0
WBGene00022909.,0,0,0
WBGene00022910.,0,0,0
WBGene00022911.,0,0,0
WBGene00022912.,0,0,0
WBGene00022913.,0,0,0
WBGene00022914.,0,0,0
WBGene00022915.,0,0,0
WBGene00022916.,0,3,3
WBGene00022917.,0,17,17
WBGene00022918.,0,1,1
WBGene00022919.,0,17,17
WBGene00022920.,0,0,0
WBGene00022921.,0,0,0
WBGene00022922.,0,25,25
WBGene00022923.,0,0,0
WBGene00022924.,0,0,0
WBGene00022925.,0,0,0
WBGene00022926.,0,8,8
WBGene00022927.,0,2,2
WBGene00022928.,0,0,0
WBGene00022929.,0,1,1
WBGene00022930.,0,0,0
WBGene00022931.,0,0,0
WBGene00022932.,0,40,40
WBGene00022933.,0,0,0
WBGene00022934.,0,0,0
WBGene00022935.,0,0,0
WBGene00022936.,0,0,0
WBGene00022937.,0,0,0
WBGene00022938.,0,0,0
WBGene00022939.,0,0,0
WBGene00022940.,0,0,0
WBGene00022941.,0,0,0
WBGene00022942.,0,0,0
WBGene00022943.,0,1,1
WBGene00022944.,0,0,0
WBGene00022945.,0,0,0
WBGene00022946.,0,0,0
WBGene00022947.,0,0,0
WBGene00022948.,0,0,0
WBGene00022949.,0,0,0
WBGene00022950.,0,3,3
WBGene00022951.,0,185968,185968
WBGene00022952.,0,2,2
WBGene00022953.,0,0,0
WBGene00022954.,0,0,0
WBGene00022955.,0,0,0
WBGene00022956.,0,15,15
WBGene00022957.,0,0,0
WBGene00022958.,0,0,0
WBGene00022959.,0,0,0
WBGene00022960.,0,0,0
WBGene00022961.,0,0,0
WBGene00022962.,0,8,8
WBGene00022963.,0,1,1
WBGene00022964.,0,0,0
WBGene00022965.,0,0,0
WBGene00022966.,0,0,0
WBGene00022967.,0,0,0
WBGene00022968.,0,0,0
WBGene00022969.,0,0,0
WBGene00022970.,0,256,256
WBGene00022971.,0,0,0
WBGene00022972.,0,0,0
WBGene00022973.,0,0,0
WBGene00022974.,0,0,0
WBGene00022975.,0,0,0
WBGene00022976.,0,0,0
WBGene00022977.,0,0,0
WBGene00022978.,0,0,0
WBGene00022979.,0,0,0
WBGene00022980.,0,0,0
WBGene00022981.,0,0,0
WBGene00022982.,0,19,19
WBGene00022983.,0,27,27
WBGene00022984.,0,0,0
WBGene00022985.,0,1,1
WBGene00022986.,0,0,0
WBGene00022987.,0,0,0
WBGene00022988.,0,0,0
WBGene00022989.,0,0,0
WBGene00022990.,0,0,0
WBGene00022991.,0,0,0
WBGene00022992.,0,0,0
WBGene00022993.,0,0,0
WBGene00022994.,0,0,0
WBGene00022995.,0,0,0
WBGene00022996.,0,0,0
WBGene00022997.,0,0,0
WBGene00022998.,0,0,0
WBGene00022999.,0,5,5
WBGene00023000.,0,0,0
WBGene00023001.,0,0,0
WBGene00023002.,0,0,0
WBGene00023003.,0,0,0
WBGene00023004.,0,0,0
WBGene00023005.,0,0,0
WBGene00023006.,0,0,0
WBGene00023007.,0,0,0
WBGene00023008.,0,0,0
WBGene00023009.,0,0,0
WBGene00023010.,0,0,0
WBGene00023011.,0,0,0
WBGene00023012.,0,0,0
WBGene00023013.,0,0,0
WBGene00023014.,0,0,0
WBGene00023015.,0,0,0
WBGene00023016.,0,0,0
WBGene00023017.,0,1,1
WBGene00023018.,0,0,0
WBGene00023019.,0,0,0
WBGene00023020.,0,85,85
WBGene00023021.,0,1172,1172
WBGene00023022.,0,0,0
WBGene00023023.,0,0,0
WBGene00023024.,0,0,0
WBGene00023025.,0,0,0
WBGene00023026.,0,0,0
WBGene00023027.,0,0,0
WBGene00023028.,0,0,0
WBGene00023029.,0,0,0
WBGene00023030.,0,0,0
WBGene00023031.,0,0,0
WBGene00023032.,0,0,0
WBGene00023033.,0,0,0
WBGene00023034.,0,0,0
WBGene00023035.,0,0,0
WBGene00023036.,259,2416,2675
WBGene00023037.,0,0,0
WBGene00023038.,0,0,0
WBGene00023039.,3,15,18
WBGene00023040.,0,0,0
WBGene00023041.,0,2,2
WBGene00023042.,0,0,0
WBGene00023043.,0,0,0
WBGene00023044.,0,0,0
WBGene00023045.,0,1,1
WBGene00023046.,0,0,0
WBGene00023047.,0,0,0
WBGene00023048.,0,0,0
WBGene00023049.,0,1,1
WBGene00023050.,0,0,0
WBGene00023051.,0,0,0
WBGene00023052.,0,0,0
WBGene00023053.,0,0,0
WBGene00023054.,0,0,0
WBGene00023055.,0,0,0
WBGene00023056.,0,1,1
WBGene00023057.,0,0,0
WBGene00023058.,0,0,0
WBGene00023059.,0,2,2
WBGene00023060.,0,0,0
WBGene00023061.,0,0,0
WBGene00023062.,0,0,0
WBGene00023063.,0,0,0
WBGene00023064.,0,0,0
WBGene00023065.,0,0,0
WBGene00023066.,0,119,119
WBGene00023067.,5854,12275,18129
WBGene00023068.,133390,222133,355523
WBGene00023069.,2,89,91
WBGene00023070.,0,0,0
WBGene00023071.,0,0,0
WBGene00023072.,0,0,0
WBGene00023073.,0,0,0
WBGene00023074.,0,0,0
WBGene00023075.,0,0,0
WBGene00023076.,0,0,0
WBGene00023077.,0,0,0
WBGene00023078.,0,0,0
WBGene00023079.,0,0,0
WBGene00023080.,0,0,0
WBGene00023081.,0,0,0
WBGene00023082.,0,0,0
WBGene00023083.,0,20,20
WBGene00023084.,0,5,5
WBGene00023085.,0,0,0
WBGene00023086.,0,0,0
WBGene00023087.,0,0,0
WBGene00023088.,0,0,0
WBGene00023089.,0,0,0
WBGene00023090.,0,0,0
WBGene00023091.,0,0,0
WBGene00023092.,0,0,0
WBGene00023093.,0,0,0
WBGene00023094.,0,0,0
WBGene00023095.,0,0,0
WBGene00023096.,0,0,0
WBGene00023097.,0,0,0
WBGene00023098.,0,0,0
WBGene00023099.,0,0,0
WBGene00023100.,0,0,0
WBGene00023101.,0,0,0
WBGene00023102.,0,0,0
WBGene00023103.,0,0,0
WBGene00023104.,9,7,16
WBGene00023105.,0,0,0
WBGene00023106.,0,0,0
WBGene00023107.,0,0,0
WBGene00023108.,0,0,0
WBGene00023109.,0,0,0
WBGene00023110.,0,3,3
WBGene00023111.,0,0,0
WBGene00023112.,0,0,0
WBGene00023113.,0,0,0
WBGene00023115.,0,0,0
WBGene00023116.,0,0,0
WBGene00023117.,0,0,0
WBGene00023118.,0,1,1
WBGene00023119.,0,2,2
WBGene00023120.,0,0,0
WBGene00023121.,0,0,0
WBGene00023122.,0,0,0
WBGene00023123.,0,0,0
WBGene00023124.,0,0,0
WBGene00023125.,0,0,0
WBGene00023126.,0,0,0
WBGene00023127.,0,0,0
WBGene00023128.,0,0,0
WBGene00023129.,0,0,0
WBGene00023130.,0,0,0
WBGene00023131.,0,3,3
WBGene00023132.,0,0,0
WBGene00023133.,0,0,0
WBGene00023134.,0,0,0
WBGene00023135.,0,0,0
WBGene00023136.,0,0,0
WBGene00023137.,0,0,0
WBGene00023138.,0,0,0
WBGene00023139.,0,1,1
WBGene00023140.,0,0,0
WBGene00023141.,0,0,0
WBGene00023142.,0,7,7
WBGene00023143.,0,0,0
WBGene00023144.,0,0,0
WBGene00023145.,0,0,0
WBGene00023146.,0,0,0
WBGene00023147.,1,3,4
WBGene00023148.,0,0,0
WBGene00023149.,0,0,0
WBGene00023150.,0,16,16
WBGene00023151.,0,0,0
WBGene00023152.,0,0,0
WBGene00023153.,0,1,1
WBGene00023154.,0,0,0
WBGene00023155.,0,0,0
WBGene00023156.,0,0,0
WBGene00023157.,0,0,0
WBGene00023158.,0,0,0
WBGene00023159.,0,0,0
WBGene00023160.,0,0,0
WBGene00023161.,0,0,0
WBGene00023162.,0,2,2
WBGene00023163.,0,0,0
WBGene00023164.,0,0,0
WBGene00023165.,0,0,0
WBGene00023166.,0,0,0
WBGene00023167.,0,1,1
WBGene00023168.,0,0,0
WBGene00023169.,0,0,0
WBGene00023170.,0,0,0
WBGene00023171.,0,0,0
WBGene00023172.,13,50,63
WBGene00023173.,0,0,0
WBGene00023174.,0,0,0
WBGene00023175.,0,0,0
WBGene00023176.,0,0,0
WBGene00023177.,0,0,0
WBGene00023178.,0,0,0
WBGene00023179.,0,0,0
WBGene00023180.,0,0,0
WBGene00023181.,0,0,0
WBGene00023182.,0,0,0
WBGene00023183.,0,12,12
WBGene00023184.,0,0,0
WBGene00023185.,0,0,0
WBGene00023186.,0,0,0
WBGene00023187.,0,0,0
WBGene00023188.,0,0,0
WBGene00023189.,0,0,0
WBGene00023190.,0,0,0
WBGene00023191.,8,19,27
WBGene00023192.,0,0,0
WBGene00023193.,0,45,45
WBGene00023194.,0,0,0
WBGene00023195.,0,0,0
WBGene00023196.,0,0,0
WBGene00023197.,0,0,0
WBGene00023198.,0,0,0
WBGene00023199.,0,0,0
WBGene00023200.,0,0,0
WBGene00023201.,0,0,0
WBGene00023202.,0,0,0
WBGene00023203.,0,2,2
WBGene00023204.,0,0,0
WBGene00023205.,0,22,22
WBGene00023206.,0,0,0
WBGene00023207.,0,0,0
WBGene00023208.,0,0,0
WBGene00023209.,169,30699,30868
WBGene00023210.,0,0,0
WBGene00023211.,0,0,0
WBGene00023212.,0,0,0
WBGene00023213.,0,0,0
WBGene00023214.,0,0,0
WBGene00023215.,0,0,0
WBGene00023216.,0,0,0
WBGene00023217.,0,0,0
WBGene00023218.,0,0,0
WBGene00023219.,0,0,0
WBGene00023220.,0,0,0
WBGene00023221.,0,0,0
WBGene00023222.,0,0,0
WBGene00023223.,34,67,101
WBGene00023224.,0,1,1
WBGene00023225.,0,0,0
WBGene00023226.,1,3,4
WBGene00023227.,0,0,0
WBGene00023228.,0,0,0
WBGene00023229.,0,0,0
WBGene00023230.,0,0,0
WBGene00023231.,0,0,0
WBGene00023232.,0,0,0
WBGene00023233.,0,5,5
WBGene00023234.,0,0,0
WBGene00023235.,0,3,3
WBGene00023236.,0,0,0
WBGene00023237.,0,0,0
WBGene00023238.,0,0,0
WBGene00023239.,0,9,9
WBGene00023240.,0,0,0
WBGene00023241.,0,4,4
WBGene00023242.,0,0,0
WBGene00023243.,1,0,1
WBGene00023244.,0,3,3
WBGene00023245.,6,176,182
WBGene00023246.,0,10,10
WBGene00023247.,0,1,1
WBGene00023248.,1,0,1
WBGene00023249.,0,4,4
WBGene00023250.,0,0,0
WBGene00023251.,0,0,0
WBGene00023252.,0,60,60
WBGene00023253.,0,0,0
WBGene00023254.,0,0,0
WBGene00023255.,0,0,0
WBGene00023256.,0,2,2
WBGene00023257.,0,0,0
WBGene00023259.,1,12,13
WBGene00023260.,0,0,0
WBGene00023262.,0,2,2
WBGene00023263.,0,18851,18851
WBGene00023264.,19,2,21
WBGene00023265.,0,0,0
WBGene00023266.,0,0,0
WBGene00023267.,0,0,0
WBGene00023268.,0,1,1
WBGene00023269.,0,0,0
WBGene00023270.,2,7,9
WBGene00023271.,0,16,16
WBGene00023272.,0,0,0
WBGene00023273.,1,9,10
WBGene00023274.,0,0,0
WBGene00023275.,0,0,0
WBGene00023276.,0,26,26
WBGene00023277.,0,14,14
WBGene00023278.,0,0,0
WBGene00023279.,0,16,16
WBGene00023281.,0,7,7
WBGene00023282.,0,9,9
WBGene00023283.,0,0,0
WBGene00023284.,2,217,219
WBGene00023285.,0,4,4
WBGene00023287.,0,1,1
WBGene00023288.,0,1,1
WBGene00023289.,0,0,0
WBGene00023290.,0,0,0
WBGene00023291.,0,0,0
WBGene00023293.,0,20,20
WBGene00023294.,0,2,2
WBGene00023295.,0,0,0
WBGene00023296.,0,0,0
WBGene00023297.,0,0,0
WBGene00023298.,0,0,0
WBGene00023299.,0,0,0
WBGene00023300.,0,0,0
WBGene00023301.,1,3,4
WBGene00023302.,1,86,87
WBGene00023303.,1,2,3
WBGene00023304.,0,0,0
WBGene00023305.,0,0,0
WBGene00023306.,0,2,2
WBGene00023307.,0,0,0
WBGene00023308.,66,14,80
WBGene00023309.,0,0,0
WBGene00023310.,0,1,1
WBGene00023311.,0,2,2
WBGene00023312.,0,2,2
WBGene00023313.,0,4,4
WBGene00023314.,0,8,8
WBGene00023315.,0,0,0
WBGene00023316.,0,2,2
WBGene00023317.,0,2,2
WBGene00023318.,7,144,151
WBGene00023319.,0,4,4
WBGene00023320.,0,0,0
WBGene00023321.,0,0,0
WBGene00023322.,0,0,0
WBGene00023323.,15,192,207
WBGene00023324.,0,0,0
WBGene00023325.,0,2,2
WBGene00023326.,0,7,7
WBGene00023327.,0,0,0
WBGene00023328.,0,0,0
WBGene00023329.,0,0,0
WBGene00023330.,7,7,14
WBGene00023331.,0,2,2
WBGene00023332.,0,0,0
WBGene00023333.,0,0,0
WBGene00023334.,0,0,0
WBGene00023335.,0,0,0
WBGene00023336.,0,1,1
WBGene00023337.,0,0,0
WBGene00023338.,0,0,0
WBGene00023339.,1,0,1
WBGene00023340.,1,1,2
WBGene00023341.,0,0,0
WBGene00023342.,0,0,0
WBGene00023343.,0,0,0
WBGene00023344.,0,0,0
WBGene00023345.,0,0,0
WBGene00023346.,0,0,0
WBGene00023348.,0,6,6
WBGene00023349.,0,25,25
WBGene00023351.,0,9,9
WBGene00023352.,0,0,0
WBGene00023353.,0,0,0
WBGene00023354.,0,0,0
WBGene00023355.,96,39,135
WBGene00023356.,0,0,0
WBGene00023357.,0,0,0
WBGene00023358.,0,3,3
WBGene00023359.,0,0,0
WBGene00023360.,0,0,0
WBGene00023361.,0,0,0
WBGene00023362.,0,0,0
WBGene00023363.,0,0,0
WBGene00023364.,0,63,63
WBGene00023365.,0,0,0
WBGene00023366.,0,0,0
WBGene00023367.,0,0,0
WBGene00023368.,0,0,0
WBGene00023369.,0,0,0
WBGene00023370.,0,0,0
WBGene00023371.,0,0,0
WBGene00023372.,0,0,0
WBGene00023373.,0,12,12
WBGene00023375.,0,0,0
WBGene00023376.,0,7,7
WBGene00023377.,0,0,0
WBGene00023378.,0,0,0
WBGene00023379.,0,0,0
WBGene00023380.,0,0,0
WBGene00023381.,0,4,4
WBGene00023382.,0,0,0
WBGene00023383.,0,0,0
WBGene00023384.,0,0,0
WBGene00023385.,0,0,0
WBGene00023386.,0,0,0
WBGene00023387.,0,0,0
WBGene00023388.,0,0,0
WBGene00023389.,0,0,0
WBGene00023390.,0,11,11
WBGene00023391.,0,0,0
WBGene00023392.,0,0,0
WBGene00023393.,0,0,0
WBGene00023394.,0,0,0
WBGene00023395.,1,26,27
WBGene00023396.,0,8,8
WBGene00023397.,0,1,1
WBGene00023398.,0,0,0
WBGene00023399.,0,2,2
WBGene00023400.,0,0,0
WBGene00023401.,0,4107,4107
WBGene00023402.,0,0,0
WBGene00023404.,34,305,339
WBGene00023405.,188,2983,3171
WBGene00023407.,27,1311,1338
WBGene00023408.,167,12585,12752
WBGene00023409.,101,1398,1499
WBGene00023410.,0,0,0
WBGene00023411.,1,3,4
WBGene00023413.,0,19,19
WBGene00023414.,123,499,622
WBGene00023415.,19,104,123
WBGene00023416.,36,697,733
WBGene00023417.,16,1289,1305
WBGene00023418.,4,729,733
WBGene00023419.,77,1495,1572
WBGene00023420.,0,17,17
WBGene00023421.,52,548,600
WBGene00023422.,148,2052,2200
WBGene00023423.,48,50,98
WBGene00023424.,0,2,2
WBGene00023425.,1,2,3
WBGene00023427.,11,49,60
WBGene00023428.,0,0,0
WBGene00023429.,0,0,0
WBGene00023430.,0,0,0
WBGene00023431.,263,593,856
WBGene00023432.,11,230,241
WBGene00023450.,79,434,513
WBGene00023451.,3,35,38
WBGene00023452.,0,0,0
WBGene00023453.,0,9,9
WBGene00023454.,0,0,0
WBGene00023455.,0,0,0
WBGene00023456.,0,0,0
WBGene00023457.,0,1,1
WBGene00023458.,14,815,829
WBGene00023459.,0,1,1
WBGene00023460.,12,192,204
WBGene00023461.,0,0,0
WBGene00023462.,3,4,7
WBGene00023463.,0,0,0
WBGene00023464.,4,5,9
WBGene00023465.,2,8,10
WBGene00023466.,0,0,0
WBGene00023467.,0,0,0
WBGene00023468.,0,0,0
WBGene00023469.,0,0,0
WBGene00023470.,1,3,4
WBGene00023471.,5,3,8
WBGene00023472.,23,340,363
WBGene00023474.,2,23,25
WBGene00023475.,7,1,8
WBGene00023476.,0,0,0
WBGene00023477.,0,61,61
WBGene00023478.,2,5,7
WBGene00023479.,0,2,2
WBGene00023480.,5,14,19
WBGene00023481.,0,3,3
WBGene00023482.,0,0,0
WBGene00023483.,1,1,2
WBGene00023484.,0,0,0
WBGene00023485.,0,87,87
WBGene00023486.,16,247,263
WBGene00023487.,159,6782,6941
WBGene00023488.,11,1,12
WBGene00023489.,404,77,481
WBGene00023490.,6,38,44
WBGene00023491.,140,779,919
WBGene00023492.,5,33,38
WBGene00023493.,2,5,7
WBGene00023497.,62,1464,1526
WBGene00023498.,33,853,886
WBGene00023499.,0,5,5
WBGene00023500.,87,1058,1145
WBGene00023501.,6,46,52
WBGene00023502.,109,799,908
WBGene00023503.,12,53,65
WBGene00023504.,79,681,760
WBGene00023505.,2,2,4
WBGene00023506.,0,3,3
WBGene00023507.,0,0,0
WBGene00023508.,0,0,0
WBGene00023509.,2,2,4
WBGene00023510.,0,0,0
WBGene00023511.,0,0,0
WBGene00023512.,0,0,0
WBGene00023513.,0,1,1
WBGene00023514.,0,0,0
WBGene00023515.,180,177,357
WBGene00023516.,0,0,0
WBGene00023517.,0,4,4
WBGene00023518.,0,0,0
WBGene00023519.,6,40,46
WBGene00023520.,47,371,418
WBGene00043049.,6,69,75
WBGene00043050.,314,3124,3438
WBGene00043051.,108,634,742
WBGene00043052.,0,1,1
WBGene00043053.,97,5,102
WBGene00043054.,4,116,120
WBGene00043055.,0,0,0
WBGene00043056.,117,345,462
WBGene00043057.,67,675,742
WBGene00043058.,1,0,1
WBGene00043059.,2,3,5
WBGene00043060.,260,2150,2410
WBGene00043061.,15,20,35
WBGene00043062.,5,102,107
WBGene00043064.,26,4935,4961
WBGene00043065.,6,49,55
WBGene00043066.,9,81,90
WBGene00043067.,15,296,311
WBGene00043068.,18,212,230
WBGene00043069.,35,41,76
WBGene00043097.,94,3200,3294
WBGene00043120.,12,114,126
WBGene00043147.,0,8,8
WBGene00043156.,36,153,189
WBGene00043187.,0,7,7
WBGene00043239.,5,0,5
WBGene00043279.,58,404,462
WBGene00043283.,0,2,2
WBGene00043297.,107,1345,1452
WBGene00043302.,165,3373,3538
WBGene00043308.,5,183,188
WBGene00043327.,0,0,0
WBGene00043328.,0,0,0
WBGene00043466.,1,2,3
WBGene00043469.,0,0,0
WBGene00043534.,31,43,74
WBGene00043666.,0,8,8
WBGene00043702.,0,41,41
WBGene00043705.,20,81,101
WBGene00043743.,0,1,1
WBGene00043948.,0,0,0
WBGene00043952.,37,11,48
WBGene00043980.,1,0,1
WBGene00043981.,21,17,38
WBGene00043982.,184,2529,2713
WBGene00043983.,7,198,205
WBGene00043984.,0,7,7
WBGene00043985.,26,441,467
WBGene00043986.,1,1,2
WBGene00043987.,0,0,0
WBGene00043988.,45,41,86
WBGene00043989.,0,0,0
WBGene00043990.,0,0,0
WBGene00043991.,0,0,0
WBGene00043992.,60,244,304
WBGene00043993.,1,29,30
WBGene00043994.,26,870,896
WBGene00043995.,48,232,280
WBGene00043996.,47,22,69
WBGene00043997.,33,188,221
WBGene00043998.,5,63,68
WBGene00044000.,3,10,13
WBGene00044001.,59,2452,2511
WBGene00044002.,0,1,1
WBGene00044003.,0,1,1
WBGene00044004.,0,9,9
WBGene00044005.,0,3,3
WBGene00044006.,77,1030,1107
WBGene00044007.,85,525,610
WBGene00044008.,82,1340,1422
WBGene00044009.,26,227,253
WBGene00044011.,0,3,3
WBGene00044012.,1,2,3
WBGene00044013.,0,0,0
WBGene00044014.,0,1,1
WBGene00044015.,1,56,57
WBGene00044016.,2,46,48
WBGene00044018.,0,1,1
WBGene00044019.,32,439,471
WBGene00044020.,2,36,38
WBGene00044021.,30,313,343
WBGene00044022.,0,0,0
WBGene00044024.,7,33,40
WBGene00044025.,68,1166,1234
WBGene00044026.,47,5256,5303
WBGene00044027.,1,7,8
WBGene00044028.,9,120,129
WBGene00044029.,49,864,913
WBGene00044030.,2,5,7
WBGene00044031.,0,5,5
WBGene00044032.,8,85,93
WBGene00044034.,0,33,33
WBGene00044035.,4,93,97
WBGene00044036.,0,2,2
WBGene00044037.,0,2,2
WBGene00044038.,13,10,23
WBGene00044040.,0,0,0
WBGene00044041.,6,3,9
WBGene00044042.,0,1,1
WBGene00044043.,0,8,8
WBGene00044044.,0,1,1
WBGene00044045.,32,184,216
WBGene00044046.,0,0,0
WBGene00044047.,0,10,10
WBGene00044048.,10,7,17
WBGene00044049.,1038,7490,8528
WBGene00044051.,0,4,4
WBGene00044052.,0,1,1
WBGene00044053.,3,158,161
WBGene00044054.,5,2,7
WBGene00044056.,2,1,3
WBGene00044057.,1,1,2
WBGene00044058.,14,94,108
WBGene00044059.,1,8,9
WBGene00044061.,113,1059,1172
WBGene00044062.,0,4,4
WBGene00044063.,39,2638,2677
WBGene00044065.,117,270,387
WBGene00044066.,0,15,15
WBGene00044067.,9,169,178
WBGene00044068.,612,7627,8239
WBGene00044069.,27,1342,1369
WBGene00044070.,505,8632,9137
WBGene00044071.,73,838,911
WBGene00044072.,181,1883,2064
WBGene00044073.,18,190,208
WBGene00044074.,3,14,17
WBGene00044077.,120,1964,2084
WBGene00044078.,701,7160,7861
WBGene00044079.,851,9255,10106
WBGene00044080.,0,2,2
WBGene00044081.,3,1,4
WBGene00044082.,79,1855,1934
WBGene00044083.,0,0,0
WBGene00044084.,2,4,6
WBGene00044085.,0,3,3
WBGene00044086.,0,1,1
WBGene00044087.,1,0,1
WBGene00044088.,0,0,0
WBGene00044089.,0,0,0
WBGene00044090.,0,2,2
WBGene00044091.,8,18,26
WBGene00044092.,2,2,4
WBGene00044093.,1,12,13
WBGene00044094.,80,1676,1756
WBGene00044095.,2,6,8
WBGene00044096.,0,0,0
WBGene00044097.,1,3,4
WBGene00044099.,0,0,0
WBGene00044100.,0,0,0
WBGene00044101.,0,1,1
WBGene00044102.,1,1,2
WBGene00044103.,0,8,8
WBGene00044104.,8,8,16
WBGene00044105.,0,0,0
WBGene00044106.,1,2,3
WBGene00044107.,0,343,343
WBGene00044109.,0,5,5
WBGene00044112.,1,2,3
WBGene00044113.,0,13,13
WBGene00044114.,0,0,0
WBGene00044115.,2,2,4
WBGene00044116.,2,0,2
WBGene00044117.,0,11,11
WBGene00044119.,0,1,1
WBGene00044120.,21,53,74
WBGene00044121.,1,2,3
WBGene00044122.,45,43,88
WBGene00044124.,2,2,4
WBGene00044125.,41,13,54
WBGene00044126.,4,16,20
WBGene00044127.,0,2,2
WBGene00044128.,0,3,3
WBGene00044129.,0,2,2
WBGene00044130.,2,6,8
WBGene00044131.,0,0,0
WBGene00044132.,24,235,259
WBGene00044133.,0,0,0
WBGene00044134.,52,654,706
WBGene00044135.,10,168,178
WBGene00044136.,0,4,4
WBGene00044137.,0,73,73
WBGene00044138.,24,217,241
WBGene00044139.,15,210,225
WBGene00044140.,0,1,1
WBGene00044141.,0,25,25
WBGene00044142.,6,24,30
WBGene00044143.,239,895,1134
WBGene00044144.,4,364,368
WBGene00044145.,2,6,8
WBGene00044146.,0,0,0
WBGene00044147.,2,35,37
WBGene00044148.,2,7,9
WBGene00044149.,2,0,2
WBGene00044150.,7,31,38
WBGene00044151.,120,1082,1202
WBGene00044152.,21,186,207
WBGene00044153.,34,42,76
WBGene00044154.,3,23,26
WBGene00044155.,21,29,50
WBGene00044156.,10,169,179
WBGene00044157.,2,3,5
WBGene00044158.,8,7,15
WBGene00044159.,0,0,0
WBGene00044160.,16,4,20
WBGene00044161.,0,15,15
WBGene00044162.,0,0,0
WBGene00044163.,37,121,158
WBGene00044164.,0,0,0
WBGene00044166.,8,51,59
WBGene00044167.,27,391,418
WBGene00044168.,59,1696,1755
WBGene00044169.,1,30,31
WBGene00044170.,3,56,59
WBGene00044171.,0,1,1
WBGene00044174.,3,129,132
WBGene00044175.,6,177,183
WBGene00044176.,81,2175,2256
WBGene00044177.,1,0,1
WBGene00044178.,0,0,0
WBGene00044179.,0,0,0
WBGene00044180.,49,101,150
WBGene00044181.,3,17,20
WBGene00044182.,3,4,7
WBGene00044183.,0,2,2
WBGene00044184.,1,9,10
WBGene00044185.,0,0,0
WBGene00044187.,1416,36,1452
WBGene00044188.,38,528,566
WBGene00044189.,1,6,7
WBGene00044191.,82,1034,1116
WBGene00044192.,0,5,5
WBGene00044193.,0,22,22
WBGene00044194.,0,1,1
WBGene00044195.,1,4,5
WBGene00044196.,0,0,0
WBGene00044197.,0,38,38
WBGene00044198.,0,10,10
WBGene00044199.,1,0,1
WBGene00044200.,72,445,517
WBGene00044201.,0,9,9
WBGene00044202.,0,4,4
WBGene00044203.,1,15,16
WBGene00044204.,29,731,760
WBGene00044205.,0,55,55
WBGene00044206.,4,83,87
WBGene00044207.,0,2,2
WBGene00044208.,1,1,2
WBGene00044209.,0,68,68
WBGene00044210.,91,699,790
WBGene00044211.,2,9,11
WBGene00044212.,2,2,4
WBGene00044213.,2,34,36
WBGene00044215.,0,1,1
WBGene00044216.,1,6,7
WBGene00044217.,0,22,22
WBGene00044218.,1,63,64
WBGene00044219.,0,0,0
WBGene00044220.,0,11,11
WBGene00044221.,2,96,98
WBGene00044222.,0,3,3
WBGene00044224.,16,71,87
WBGene00044225.,0,4,4
WBGene00044226.,0,19,19
WBGene00044227.,2,8,10
WBGene00044228.,11,20,31
WBGene00044229.,10,8,18
WBGene00044230.,2,4,6
WBGene00044232.,13,3,16
WBGene00044233.,156,703,859
WBGene00044235.,0,5,5
WBGene00044236.,7,755,762
WBGene00044237.,1,2,3
WBGene00044238.,21,49,70
WBGene00044239.,31,401,432
WBGene00044240.,38,73,111
WBGene00044241.,3,100,103
WBGene00044242.,0,1,1
WBGene00044243.,0,7,7
WBGene00044244.,0,6,6
WBGene00044245.,0,15,15
WBGene00044246.,0,1,1
WBGene00044247.,0,8,8
WBGene00044249.,2,12,14
WBGene00044250.,3,16,19
WBGene00044251.,14,145,159
WBGene00044253.,21,248,269
WBGene00044256.,0,6,6
WBGene00044257.,2,8,10
WBGene00044258.,28,132,160
WBGene00044259.,0,9,9
WBGene00044260.,74,5549,5623
WBGene00044261.,2,5,7
WBGene00044262.,8,47,55
WBGene00044263.,0,1,1
WBGene00044264.,1,9,10
WBGene00044265.,17,46,63
WBGene00044266.,0,0,0
WBGene00044267.,0,0,0
WBGene00044268.,0,29,29
WBGene00044270.,0,2,2
WBGene00044271.,0,0,0
WBGene00044272.,0,0,0
WBGene00044273.,0,0,0
WBGene00044274.,0,0,0
WBGene00044275.,0,0,0
WBGene00044276.,0,0,0
WBGene00044277.,0,0,0
WBGene00044278.,0,1,1
WBGene00044279.,0,4,4
WBGene00044280.,513,499,1012
WBGene00044281.,4,10,14
WBGene00044282.,0,1,1
WBGene00044283.,572,2536,3108
WBGene00044284.,0,4,4
WBGene00044285.,1,3,4
WBGene00044286.,2,2,4
WBGene00044287.,6,31,37
WBGene00044288.,1,38,39
WBGene00044289.,5,244,249
WBGene00044290.,111,133,244
WBGene00044291.,9,84,93
WBGene00044292.,23,52,75
WBGene00044293.,1,4,5
WBGene00044294.,182,1575,1757
WBGene00044295.,4,61,65
WBGene00044296.,20,396,416
WBGene00044297.,7,94,101
WBGene00044298.,0,1,1
WBGene00044299.,3,49,52
WBGene00044300.,9,24,33
WBGene00044301.,129,2178,2307
WBGene00044302.,1,1,2
WBGene00044303.,6,139,145
WBGene00044304.,123,398,521
WBGene00044305.,57,2246,2303
WBGene00044306.,1,3,4
WBGene00044307.,0,1,1
WBGene00044308.,0,21,21
WBGene00044309.,0,4,4
WBGene00044310.,62,613,675
WBGene00044311.,12,146,158
WBGene00044312.,12,36,48
WBGene00044313.,4,36,40
WBGene00044314.,0,3,3
WBGene00044315.,0,4,4
WBGene00044316.,32,230,262
WBGene00044317.,1,14,15
WBGene00044318.,80,4222,4302
WBGene00044319.,8,429,437
WBGene00044321.,468,4669,5137
WBGene00044322.,11,1008,1019
WBGene00044323.,77,1566,1643
WBGene00044324.,20,8360,8380
WBGene00044325.,52,1153,1205
WBGene00044326.,175,2018,2193
WBGene00044329.,58,1401,1459
WBGene00044330.,10,470,480
WBGene00044331.,0,0,0
WBGene00044332.,0,2,2
WBGene00044333.,3,5,8
WBGene00044337.,0,1,1
WBGene00044338.,9,954,963
WBGene00044339.,0,46,46
WBGene00044340.,0,6,6
WBGene00044341.,66,830,896
WBGene00044342.,130,312,442
WBGene00044343.,3,19,22
WBGene00044344.,34,3240,3274
WBGene00044345.,57,895,952
WBGene00044346.,0,0,0
WBGene00044347.,5,14,19
WBGene00044348.,222,154,376
WBGene00044349.,4,6,10
WBGene00044350.,105,693,798
WBGene00044352.,1,1,2
WBGene00044353.,5,61,66
WBGene00044354.,6,84,90
WBGene00044355.,3,191,194
WBGene00044356.,0,2,2
WBGene00044357.,0,0,0
WBGene00044358.,3,4,7
WBGene00044359.,0,1,1
WBGene00044360.,0,8,8
WBGene00044361.,1,0,1
WBGene00044362.,0,0,0
WBGene00044363.,10,134,144
WBGene00044364.,0,2,2
WBGene00044365.,0,0,0
WBGene00044366.,0,7,7
WBGene00044367.,12,303,315
WBGene00044368.,284,37,321
WBGene00044369.,0,4,4
WBGene00044370.,0,0,0
WBGene00044371.,0,2,2
WBGene00044372.,0,2,2
WBGene00044373.,9,466,475
WBGene00044374.,1,13,14
WBGene00044375.,0,66,66
WBGene00044376.,0,20,20
WBGene00044377.,0,0,0
WBGene00044378.,0,0,0
WBGene00044379.,0,0,0
WBGene00044380.,7,30,37
WBGene00044381.,34,66,100
WBGene00044382.,1,45,46
WBGene00044383.,0,6,6
WBGene00044384.,6,0,6
WBGene00044385.,2,5,7
WBGene00044386.,1,12,13
WBGene00044387.,110,2572,2682
WBGene00044388.,0,0,0
WBGene00044389.,434,7185,7619
WBGene00044390.,0,5,5
WBGene00044391.,141,117,258
WBGene00044392.,19,124,143
WBGene00044393.,0,0,0
WBGene00044394.,2,71,73
WBGene00044395.,11,95,106
WBGene00044396.,9,584,593
WBGene00044397.,0,4,4
WBGene00044398.,0,0,0
WBGene00044399.,0,0,0
WBGene00044401.,121,2542,2663
WBGene00044402.,8,6,14
WBGene00044403.,8,30,38
WBGene00044405.,6,1,7
WBGene00044406.,20,495,515
WBGene00044409.,8,54,62
WBGene00044410.,44,339,383
WBGene00044411.,92,873,965
WBGene00044412.,13,406,419
WBGene00044413.,952,322,1274
WBGene00044414.,18,91,109
WBGene00044415.,0,0,0
WBGene00044416.,0,0,0
WBGene00044417.,0,13,13
WBGene00044418.,250,1488,1738
WBGene00044419.,3,3,6
WBGene00044420.,10,548,558
WBGene00044421.,27,194,221
WBGene00044423.,10,28,38
WBGene00044424.,2,9,11
WBGene00044425.,0,0,0
WBGene00044427.,7,60,67
WBGene00044428.,40,14,54
WBGene00044429.,1,0,1
WBGene00044430.,0,1,1
WBGene00044431.,145,1177,1322
WBGene00044432.,0,6,6
WBGene00044433.,112,692,804
WBGene00044434.,3,3,6
WBGene00044435.,0,57,57
WBGene00044436.,7,393,400
WBGene00044437.,41,54,95
WBGene00044438.,89,594,683
WBGene00044439.,0,2,2
WBGene00044440.,56,188,244
WBGene00044441.,0,3,3
WBGene00044442.,6,175,181
WBGene00044443.,177,5738,5915
WBGene00044444.,3,4,7
WBGene00044445.,92,558,650
WBGene00044446.,2,12,14
WBGene00044447.,0,2,2
WBGene00044448.,2,40,42
WBGene00044449.,0,1,1
WBGene00044450.,0,2,2
WBGene00044451.,0,1,1
WBGene00044452.,189,3015,3204
WBGene00044453.,5,53,58
WBGene00044454.,0,0,0
WBGene00044455.,2,14,16
WBGene00044457.,3,93,96
WBGene00044458.,0,7,7
WBGene00044459.,30,115,145
WBGene00044460.,0,6,6
WBGene00044461.,14,22,36
WBGene00044462.,48,189,237
WBGene00044463.,12,149,161
WBGene00044464.,17,58,75
WBGene00044466.,16,824,840
WBGene00044467.,232,1630,1862
WBGene00044468.,11,227,238
WBGene00044469.,1,18,19
WBGene00044470.,2,7,9
WBGene00044471.,4,64,68
WBGene00044472.,21,89,110
WBGene00044473.,0,0,0
WBGene00044474.,0,2,2
WBGene00044475.,0,0,0
WBGene00044476.,0,1,1
WBGene00044477.,15,142,157
WBGene00044478.,3,119,122
WBGene00044479.,6,14,20
WBGene00044480.,0,10,10
WBGene00044481.,5,31,36
WBGene00044482.,55,353,408
WBGene00044483.,9,911,920
WBGene00044484.,73,1057,1130
WBGene00044485.,33,296,329
WBGene00044486.,2,16,18
WBGene00044487.,15,117,132
WBGene00044488.,23,116,139
WBGene00044489.,0,3,3
WBGene00044490.,0,1,1
WBGene00044491.,1,4,5
WBGene00044492.,4,7,11
WBGene00044493.,22,615,637
WBGene00044495.,42,110,152
WBGene00044498.,0,2,2
WBGene00044499.,0,14,14
WBGene00044500.,109,1061,1170
WBGene00044501.,25,6,31
WBGene00044502.,4,101,105
WBGene00044503.,0,3,3
WBGene00044504.,14,77,91
WBGene00044505.,76,3,79
WBGene00044508.,115,1370,1485
WBGene00044509.,8,845,853
WBGene00044510.,12,116,128
WBGene00044511.,7,100,107
WBGene00044512.,4,211,215
WBGene00044513.,83,582,665
WBGene00044514.,269,9191,9460
WBGene00044515.,6,99,105
WBGene00044516.,3,0,3
WBGene00044517.,51,68,119
WBGene00044518.,0,1,1
WBGene00044519.,1,0,1
WBGene00044520.,0,7,7
WBGene00044521.,0,5,5
WBGene00044523.,1,7,8
WBGene00044524.,0,0,0
WBGene00044525.,45,204,249
WBGene00044526.,3,45,48
WBGene00044527.,5,137,142
WBGene00044528.,23,36,59
WBGene00044529.,9,17,26
WBGene00044530.,1,31,32
WBGene00044531.,14,2,16
WBGene00044533.,1,14,15
WBGene00044534.,8,33,41
WBGene00044535.,1,12,13
WBGene00044536.,24,527,551
WBGene00044537.,0,0,0
WBGene00044538.,0,0,0
WBGene00044539.,2,11,13
WBGene00044541.,0,6,6
WBGene00044542.,72,23,95
WBGene00044543.,0,1,1
WBGene00044544.,241,418,659
WBGene00044545.,0,10,10
WBGene00044546.,1,5,6
WBGene00044547.,0,34,34
WBGene00044548.,0,3,3
WBGene00044549.,1,0,1
WBGene00044550.,1,1,2
WBGene00044551.,2,35,37
WBGene00044552.,2,21,23
WBGene00044553.,19,1723,1742
WBGene00044554.,19,51,70
WBGene00044556.,5,254,259
WBGene00044557.,42,176,218
WBGene00044558.,0,1,1
WBGene00044559.,3,90,93
WBGene00044560.,3,1,4
WBGene00044561.,0,0,0
WBGene00044562.,0,34,34
WBGene00044563.,10,8,18
WBGene00044564.,3,5,8
WBGene00044565.,0,0,0
WBGene00044567.,3,7,10
WBGene00044568.,58,529,587
WBGene00044569.,2,2,4
WBGene00044570.,518,57,575
WBGene00044571.,54,14,68
WBGene00044573.,0,0,0
WBGene00044574.,8,6,14
WBGene00044575.,0,4,4
WBGene00044577.,0,0,0
WBGene00044578.,0,33,33
WBGene00044579.,1,1,2
WBGene00044580.,0,0,0
WBGene00044581.,0,0,0
WBGene00044582.,24,695,719
WBGene00044583.,0,0,0
WBGene00044584.,163,1214,1377
WBGene00044585.,0,5,5
WBGene00044586.,0,23,23
WBGene00044587.,1,3,4
WBGene00044588.,36,148,184
WBGene00044589.,3,2,5
WBGene00044602.,2,2,4
WBGene00044603.,57,243,300
WBGene00044604.,22,513,535
WBGene00044605.,457,3501,3958
WBGene00044606.,0,0,0
WBGene00044607.,8,75,83
WBGene00044608.,26,960,986
WBGene00044609.,254,541,795
WBGene00044610.,0,8,8
WBGene00044611.,9,27,36
WBGene00044612.,8,183,191
WBGene00044614.,46,504,550
WBGene00044615.,55,429,484
WBGene00044616.,0,12,12
WBGene00044617.,6,55,61
WBGene00044618.,3,179,182
WBGene00044620.,19,231,250
WBGene00044621.,1,143,144
WBGene00044623.,16,985,1001
WBGene00044630.,85,1190,1275
WBGene00044631.,36,261,297
WBGene00044632.,4,22,26
WBGene00044633.,1,37,38
WBGene00044634.,1,6,7
WBGene00044636.,69,1471,1540
WBGene00044637.,36,161,197
WBGene00044638.,0,455,455
WBGene00044639.,0,2,2
WBGene00044640.,130,1285,1415
WBGene00044641.,125,76,201
WBGene00044642.,0,5,5
WBGene00044643.,4,566,570
WBGene00044644.,133,1031,1164
WBGene00044645.,3,16,19
WBGene00044646.,8,21,29
WBGene00044648.,24,451,475
WBGene00044649.,19,17,36
WBGene00044650.,953,1443,2396
WBGene00044651.,329,467,796
WBGene00044653.,2,5,7
WBGene00044654.,2,35,37
WBGene00044655.,0,3,3
WBGene00044657.,0,0,0
WBGene00044658.,4,100,104
WBGene00044659.,3,16,19
WBGene00044660.,2,24,26
WBGene00044661.,1,26,27
WBGene00044662.,2,10,12
WBGene00044663.,0,32,32
WBGene00044664.,2,2,4
WBGene00044665.,5,3,8
WBGene00044666.,88,1995,2083
WBGene00044667.,3,32,35
WBGene00044668.,0,1,1
WBGene00044670.,44,4,48
WBGene00044672.,5,67,72
WBGene00044673.,0,0,0
WBGene00044674.,1,3,4
WBGene00044675.,20,239,259
WBGene00044676.,0,70,70
WBGene00044677.,517,947,1464
WBGene00044678.,6,45,51
WBGene00044679.,27,326,353
WBGene00044680.,0,4,4
WBGene00044681.,93,1088,1181
WBGene00044683.,0,6,6
WBGene00044684.,1,15,16
WBGene00044686.,36,1981,2017
WBGene00044687.,1,7,8
WBGene00044689.,250,1292,1542
WBGene00044690.,37,354,391
WBGene00044691.,0,0,0
WBGene00044692.,0,1,1
WBGene00044693.,0,1,1
WBGene00044694.,0,0,0
WBGene00044695.,0,0,0
WBGene00044696.,36,330,366
WBGene00044697.,7,55,62
WBGene00044698.,43,2810,2853
WBGene00044699.,3,108,111
WBGene00044700.,15,55,70
WBGene00044701.,79,735,814
WBGene00044702.,2,3,5
WBGene00044703.,0,0,0
WBGene00044704.,0,3,3
WBGene00044705.,19,125,144
WBGene00044706.,2,2,4
WBGene00044707.,0,0,0
WBGene00044708.,4,0,4
WBGene00044709.,0,0,0
WBGene00044710.,0,0,0
WBGene00044711.,0,0,0
WBGene00044712.,1,7,8
WBGene00044713.,0,0,0
WBGene00044714.,0,0,0
WBGene00044716.,0,8,8
WBGene00044718.,0,6,6
WBGene00044719.,2,20,22
WBGene00044720.,0,12,12
WBGene00044722.,0,1,1
WBGene00044723.,3,19,22
WBGene00044724.,17,346,363
WBGene00044725.,17,219,236
WBGene00044726.,12,3,15
WBGene00044727.,0,0,0
WBGene00044728.,0,10029,10029
WBGene00044729.,0,11,11
WBGene00044732.,3,71,74
WBGene00044733.,0,4,4
WBGene00044734.,0,0,0
WBGene00044735.,0,0,0
WBGene00044736.,37,316,353
WBGene00044737.,1111,12343,13454
WBGene00044738.,14,18,32
WBGene00044739.,0,0,0
WBGene00044741.,1,5,6
WBGene00044742.,0,94,94
WBGene00044743.,67,752,819
WBGene00044744.,0,3,3
WBGene00044745.,85,416,501
WBGene00044746.,0,2476,2476
WBGene00044747.,0,0,0
WBGene00044748.,0,0,0
WBGene00044749.,0,0,0
WBGene00044750.,0,0,0
WBGene00044751.,0,0,0
WBGene00044752.,0,0,0
WBGene00044753.,7,5,12
WBGene00044754.,1,3,4
WBGene00044755.,0,2,2
WBGene00044756.,22,121,143
WBGene00044757.,12,92,104
WBGene00044758.,5,69,74
WBGene00044759.,0,1,1
WBGene00044760.,15,96,111
WBGene00044761.,4,33,37
WBGene00044762.,41,1127,1168
WBGene00044763.,10,11,21
WBGene00044764.,25,86,111
WBGene00044767.,3,215,218
WBGene00044768.,7,7,14
WBGene00044769.,1,0,1
WBGene00044770.,19,254,273
WBGene00044771.,22,184,206
WBGene00044772.,49,152,201
WBGene00044773.,0,1,1
WBGene00044774.,215,1353,1568
WBGene00044775.,0,0,0
WBGene00044776.,6,54,60
WBGene00044777.,0,1,1
WBGene00044778.,0,0,0
WBGene00044779.,15,105,120
WBGene00044780.,14,26,40
WBGene00044781.,0,0,0
WBGene00044782.,0,5,5
WBGene00044783.,0,3,3
WBGene00044784.,25,2978,3003
WBGene00044786.,0,0,0
WBGene00044787.,0,1,1
WBGene00044788.,9,33,42
WBGene00044789.,26,2546,2572
WBGene00044790.,35,734,769
WBGene00044791.,0,18,18
WBGene00044792.,14,84,98
WBGene00044794.,0,0,0
WBGene00044795.,10,282,292
WBGene00044796.,0,1,1
WBGene00044797.,1,119,120
WBGene00044798.,2,0,2
WBGene00044799.,0,125,125
WBGene00044800.,0,0,0
WBGene00044801.,0,0,0
WBGene00044802.,0,0,0
WBGene00044803.,23,37,60
WBGene00044804.,1,1,2
WBGene00044805.,2,3,5
WBGene00044806.,1,5,6
WBGene00044807.,0,15,15
WBGene00044808.,0,8,8
WBGene00044809.,0,1,1
WBGene00044810.,0,0,0
WBGene00044811.,51,652,703
WBGene00044889.,0,0,0
WBGene00044891.,85,1146,1231
WBGene00044892.,0,4,4
WBGene00044894.,28,382,410
WBGene00044895.,10,8,18
WBGene00044896.,17,9,26
WBGene00044897.,2,155,157
WBGene00044898.,12,31,43
WBGene00044900.,3,42,45
WBGene00044901.,0,151,151
WBGene00044902.,0,0,0
WBGene00044903.,79,288,367
WBGene00044905.,0,0,0
WBGene00044906.,3,281,284
WBGene00044907.,23,54,77
WBGene00044908.,3,5,8
WBGene00044909.,1,19,20
WBGene00044911.,7,1,8
WBGene00044912.,3,2,5
WBGene00044914.,0,5,5
WBGene00044916.,147,2403,2550
WBGene00044917.,1,24,25
WBGene00044920.,8,189,197
WBGene00044921.,198,5059,5257
WBGene00044922.,26,615,641
WBGene00044923.,0,7,7
WBGene00044924.,112,475,587
WBGene00044925.,0,0,0
WBGene00044926.,0,0,0
WBGene00044927.,0,71,71
WBGene00044928.,0,0,0
WBGene00044929.,0,0,0
WBGene00044930.,0,0,0
WBGene00044931.,0,0,0
WBGene00044932.,0,0,0
WBGene00044933.,0,9,9
WBGene00044934.,0,26,26
WBGene00044935.,0,0,0
WBGene00044936.,0,0,0
WBGene00044937.,0,0,0
WBGene00044938.,0,1,1
WBGene00044939.,0,0,0
WBGene00044940.,0,0,0
WBGene00044941.,0,0,0
WBGene00044942.,0,0,0
WBGene00044943.,0,0,0
WBGene00044944.,0,0,0
WBGene00044945.,0,0,0
WBGene00044946.,0,0,0
WBGene00044947.,0,1,1
WBGene00044948.,0,0,0
WBGene00044949.,55,866,921
WBGene00044951.,0,0,0
WBGene00044952.,0,0,0
WBGene00044953.,5,8,13
WBGene00044954.,0,0,0
WBGene00044955.,0,0,0
WBGene00044956.,0,0,0
WBGene00044957.,0,0,0
WBGene00044958.,0,0,0
WBGene00044960.,0,0,0
WBGene00044961.,0,2,2
WBGene00044962.,0,0,0
WBGene00044963.,0,0,0
WBGene00044964.,0,0,0
WBGene00044965.,0,0,0
WBGene00044966.,0,0,0
WBGene00044967.,0,8,8
WBGene00044968.,0,0,0
WBGene00044969.,0,0,0
WBGene00044970.,0,0,0
WBGene00044971.,0,0,0
WBGene00044972.,0,0,0
WBGene00044973.,0,3,3
WBGene00044974.,0,0,0
WBGene00044975.,0,18,18
WBGene00044976.,0,5,5
WBGene00044977.,55,1525,1580
WBGene00044978.,0,5,5
WBGene00044979.,11,40,51
WBGene00044980.,0,0,0
WBGene00044981.,0,0,0
WBGene00044982.,0,0,0
WBGene00044983.,0,0,0
WBGene00044984.,0,0,0
WBGene00044985.,0,0,0
WBGene00044986.,0,0,0
WBGene00044987.,32,210,242
WBGene00044988.,0,8,8
WBGene00044989.,343,2920,3263
WBGene00044990.,90,1709,1799
WBGene00044991.,18,395,413
WBGene00044995.,0,0,0
WBGene00044997.,0,41,41
WBGene00044998.,0,0,0
WBGene00045000.,0,4,4
WBGene00045002.,0,2,2
WBGene00045003.,0,0,0
WBGene00045006.,0,0,0
WBGene00045007.,0,0,0
WBGene00045009.,0,3,3
WBGene00045011.,0,0,0
WBGene00045012.,0,0,0
WBGene00045013.,1,102,103
WBGene00045016.,0,0,0
WBGene00045017.,0,38,38
WBGene00045018.,0,0,0
WBGene00045019.,0,0,0
WBGene00045022.,0,0,0
WBGene00045024.,3,33,36
WBGene00045025.,3,1,4
WBGene00045026.,0,0,0
WBGene00045027.,0,1,1
WBGene00045028.,0,0,0
WBGene00045029.,0,1,1
WBGene00045036.,4,24,28
WBGene00045037.,0,0,0
WBGene00045038.,0,0,0
WBGene00045040.,0,0,0
WBGene00045043.,79,10,89
WBGene00045045.,1,4,5
WBGene00045046.,0,0,0
WBGene00045048.,0,78,78
WBGene00045050.,2,193,195
WBGene00045051.,0,0,0
WBGene00045052.,13,50,63
WBGene00045053.,16,21,37
WBGene00045055.,0,0,0
WBGene00045056.,70,965,1035
WBGene00045057.,0,0,0
WBGene00045058.,6,54,60
WBGene00045059.,4,2,6
WBGene00045060.,4,1,5
WBGene00045061.,0,1,1
WBGene00045062.,0,31,31
WBGene00045063.,172,443,615
WBGene00045065.,0,0,0
WBGene00045066.,3,1,4
WBGene00045067.,4,36,40
WBGene00045068.,0,0,0
WBGene00045069.,0,1,1
WBGene00045071.,0,0,0
WBGene00045072.,0,0,0
WBGene00045074.,0,0,0
WBGene00045075.,1,5,6
WBGene00045076.,2,11,13
WBGene00045077.,11,181,192
WBGene00045078.,132,2140,2272
WBGene00045082.,0,0,0
WBGene00045083.,0,2,2
WBGene00045084.,0,0,0
WBGene00045085.,0,0,0
WBGene00045086.,0,0,0
WBGene00045087.,0,0,0
WBGene00045088.,0,0,0
WBGene00045089.,0,14,14
WBGene00045090.,0,0,0
WBGene00045091.,0,5,5
WBGene00045092.,0,0,0
WBGene00045093.,0,49,49
WBGene00045094.,0,0,0
WBGene00045095.,0,77,77
WBGene00045096.,0,375,375
WBGene00045097.,0,1,1
WBGene00045098.,0,0,0
WBGene00045099.,0,0,0
WBGene00045100.,0,1,1
WBGene00045101.,2,1,3
WBGene00045102.,0,0,0
WBGene00045103.,1,0,1
WBGene00045104.,0,8,8
WBGene00045105.,0,1,1
WBGene00045106.,0,1,1
WBGene00045107.,0,0,0
WBGene00045108.,1,6,7
WBGene00045109.,0,0,0
WBGene00045110.,0,0,0
WBGene00045111.,0,0,0
WBGene00045112.,0,0,0
WBGene00045113.,0,0,0
WBGene00045114.,0,5,5
WBGene00045115.,0,3,3
WBGene00045116.,0,0,0
WBGene00045117.,0,2,2
WBGene00045118.,0,39,39
WBGene00045119.,0,11,11
WBGene00045120.,0,0,0
WBGene00045121.,0,11,11
WBGene00045122.,0,0,0
WBGene00045123.,0,11,11
WBGene00045124.,0,14,14
WBGene00045125.,0,0,0
WBGene00045126.,0,0,0
WBGene00045127.,0,0,0
WBGene00045128.,0,0,0
WBGene00045129.,0,32,32
WBGene00045130.,0,0,0
WBGene00045131.,0,0,0
WBGene00045132.,0,744,744
WBGene00045133.,0,5,5
WBGene00045134.,0,0,0
WBGene00045136.,0,0,0
WBGene00045137.,0,0,0
WBGene00045138.,0,0,0
WBGene00045139.,0,0,0
WBGene00045140.,0,11,11
WBGene00045141.,0,12,12
WBGene00045142.,0,32,32
WBGene00045143.,3,0,3
WBGene00045144.,2,1,3
WBGene00045145.,0,0,0
WBGene00045146.,15,46,61
WBGene00045147.,0,39,39
WBGene00045148.,0,0,0
WBGene00045149.,0,2,2
WBGene00045150.,0,4,4
WBGene00045151.,0,0,0
WBGene00045152.,0,0,0
WBGene00045153.,0,0,0
WBGene00045154.,0,0,0
WBGene00045155.,0,0,0
WBGene00045156.,0,7,7
WBGene00045157.,0,50,50
WBGene00045158.,0,2,2
WBGene00045159.,0,33,33
WBGene00045160.,0,3,3
WBGene00045161.,0,0,0
WBGene00045162.,0,87,87
WBGene00045163.,0,49,49
WBGene00045164.,0,21,21
WBGene00045165.,0,0,0
WBGene00045167.,0,9,9
WBGene00045168.,0,0,0
WBGene00045169.,0,0,0
WBGene00045170.,0,0,0
WBGene00045171.,0,240,240
WBGene00045172.,0,0,0
WBGene00045174.,0,0,0
WBGene00045175.,0,321,321
WBGene00045176.,0,6,6
WBGene00045177.,3,4,7
WBGene00045178.,0,26,26
WBGene00045179.,0,0,0
WBGene00045180.,0,2,2
WBGene00045182.,0,0,0
WBGene00045183.,7,146,153
WBGene00045184.,0,0,0
WBGene00045185.,0,0,0
WBGene00045188.,1,16,17
WBGene00045189.,0,37,37
WBGene00045190.,42,388,430
WBGene00045192.,1,1095,1096
WBGene00045193.,4,17,21
WBGene00045194.,0,0,0
WBGene00045195.,75,52,127
WBGene00045197.,0,7,7
WBGene00045198.,0,5,5
WBGene00045199.,0,0,0
WBGene00045200.,0,0,0
WBGene00045201.,0,10,10
WBGene00045202.,0,4,4
WBGene00045203.,0,2,2
WBGene00045204.,0,0,0
WBGene00045205.,0,2,2
WBGene00045207.,3,14,17
WBGene00045208.,0,4030,4030
WBGene00045209.,0,9,9
WBGene00045210.,26,109,135
WBGene00045211.,0,5,5
WBGene00045212.,24,160,184
WBGene00045215.,19,97,116
WBGene00045218.,2,73,75
WBGene00045234.,0,1,1
WBGene00045235.,0,0,0
WBGene00045236.,0,2,2
WBGene00045237.,20,329,349
WBGene00045238.,0,245,245
WBGene00045239.,1,5,6
WBGene00045242.,0,6,6
WBGene00045245.,1,7,8
WBGene00045246.,47,763,810
WBGene00045247.,9,23,32
WBGene00045248.,73,136,209
WBGene00045249.,124,3007,3131
WBGene00045250.,40,125,165
WBGene00045251.,0,0,0
WBGene00045252.,17,74,91
WBGene00045253.,47,390,437
WBGene00045254.,0,0,0
WBGene00045255.,215,905,1120
WBGene00045261.,1,12,13
WBGene00045265.,0,8,8
WBGene00045268.,0,1,1
WBGene00045269.,0,11,11
WBGene00045270.,9,1,10
WBGene00045271.,0,24,24
WBGene00045272.,0,19799,19799
WBGene00045273.,0,0,0
WBGene00045275.,0,461,461
WBGene00045276.,0,2665,2665
WBGene00045277.,100,506,606
WBGene00045278.,0,0,0
WBGene00045279.,0,3,3
WBGene00045280.,0,0,0
WBGene00045281.,0,0,0
WBGene00045282.,1,6,7
WBGene00045283.,0,7,7
WBGene00045285.,0,0,0
WBGene00045286.,0,1,1
WBGene00045287.,0,1,1
WBGene00045289.,12,32,44
WBGene00045290.,0,0,0
WBGene00045291.,1,11,12
WBGene00045292.,3,14,17
WBGene00045293.,22,40,62
WBGene00045294.,0,0,0
WBGene00045295.,16,218,234
WBGene00045297.,0,39,39
WBGene00045298.,0,0,0
WBGene00045299.,0,0,0
WBGene00045300.,0,0,0
WBGene00045301.,0,0,0
WBGene00045302.,0,0,0
WBGene00045303.,0,0,0
WBGene00045304.,0,1,1
WBGene00045305.,0,837,837
WBGene00045306.,0,0,0
WBGene00045308.,3,4,7
WBGene00045309.,2,4,6
WBGene00045311.,0,0,0
WBGene00045313.,0,1,1
WBGene00045314.,5,76,81
WBGene00045315.,0,2,2
WBGene00045316.,16,17,33
WBGene00045319.,0,10,10
WBGene00045321.,0,19,19
WBGene00045322.,0,4,4
WBGene00045323.,0,0,0
WBGene00045324.,0,2,2
WBGene00045325.,0,0,0
WBGene00045326.,0,0,0
WBGene00045327.,0,2,2
WBGene00045328.,0,0,0
WBGene00045329.,0,2,2
WBGene00045330.,0,0,0
WBGene00045331.,7,61,68
WBGene00045332.,0,0,0
WBGene00045336.,36,490,526
WBGene00045337.,1,14,15
WBGene00045338.,1,0,1
WBGene00045339.,0,33,33
WBGene00045340.,53,173,226
WBGene00045341.,0,1,1
WBGene00045342.,0,0,0
WBGene00045343.,0,0,0
WBGene00045344.,0,0,0
WBGene00045345.,0,1,1
WBGene00045346.,0,0,0
WBGene00045347.,0,0,0
WBGene00045348.,0,0,0
WBGene00045350.,0,7,7
WBGene00045351.,0,3,3
WBGene00045352.,0,6,6
WBGene00045353.,0,1,1
WBGene00045354.,0,0,0
WBGene00045355.,5,8,13
WBGene00045356.,4,17,21
WBGene00045357.,32,37,69
WBGene00045358.,0,1,1
WBGene00045359.,0,3,3
WBGene00045360.,0,0,0
WBGene00045361.,0,0,0
WBGene00045362.,0,0,0
WBGene00045363.,0,1,1
WBGene00045364.,2,1,3
WBGene00045365.,1,43,44
WBGene00045366.,720,2826,3546
WBGene00045367.,0,0,0
WBGene00045368.,0,0,0
WBGene00045369.,0,0,0
WBGene00045370.,0,0,0
WBGene00045371.,0,2,2
WBGene00045372.,0,0,0
WBGene00045373.,0,0,0
WBGene00045374.,0,0,0
WBGene00045375.,0,29,29
WBGene00045376.,0,0,0
WBGene00045377.,0,0,0
WBGene00045378.,0,0,0
WBGene00045379.,14,479,493
WBGene00045380.,0,2,2
WBGene00045381.,1,0,1
WBGene00045382.,1,31,32
WBGene00045383.,90,3118,3208
WBGene00045385.,4,32,36
WBGene00045386.,56,548,604
WBGene00045387.,46,553,599
WBGene00045388.,0,0,0
WBGene00045389.,0,0,0
WBGene00045390.,78,1577,1655
WBGene00045391.,0,3,3
WBGene00045392.,75,660,735
WBGene00045393.,4,40,44
WBGene00045394.,0,2,2
WBGene00045395.,8,59,67
WBGene00045396.,361,202,563
WBGene00045397.,40,226,266
WBGene00045398.,4,2,6
WBGene00045399.,2,16,18
WBGene00045400.,11,66,77
WBGene00045401.,2,12,14
WBGene00045402.,0,0,0
WBGene00045403.,39,498,537
WBGene00045404.,2,26,28
WBGene00045405.,11,42,53
WBGene00045406.,0,3,3
WBGene00045407.,102,1081,1183
WBGene00045408.,0,3,3
WBGene00045410.,127,1419,1546
WBGene00045411.,28,966,994
WBGene00045412.,1,204,205
WBGene00045413.,5,2,7
WBGene00045414.,2,2,4
WBGene00045415.,3,18,21
WBGene00045416.,1,10,11
WBGene00045417.,1,1,2
WBGene00045418.,83,3785,3868
WBGene00045419.,342,3137,3479
WBGene00045433.,85,1712,1797
WBGene00045434.,63,473,536
WBGene00045455.,3,93,96
WBGene00045456.,1,1,2
WBGene00045457.,0,82,82
WBGene00045458.,0,28,28
WBGene00045459.,0,0,0
WBGene00045460.,0,9,9
WBGene00045461.,9,153,162
WBGene00045468.,1,4,5
WBGene00045473.,2,17,19
WBGene00045474.,2,11,13
WBGene00045475.,13,32,45
WBGene00045480.,28,16,44
WBGene00045481.,2,8,10
WBGene00045482.,32,194,226
WBGene00045483.,473,9242,9715
WBGene00045484.,16,44,60
WBGene00045486.,0,0,0
WBGene00045487.,0,1,1
WBGene00045488.,3,32,35
WBGene00045490.,0,0,0
WBGene00045491.,0,0,0
WBGene00045492.,0,1,1
WBGene00045493.,2,4,6
WBGene00045494.,2,20,22
WBGene00045495.,103,824,927
WBGene00045496.,0,2,2
WBGene00045497.,2,45,47
WBGene00045498.,0,1,1
WBGene00045500.,2,13,15
WBGene00045501.,0,1,1
WBGene00045502.,0,1,1
WBGene00045506.,0,0,0
WBGene00045507.,2,1262,1264
WBGene00045508.,1,1,2
WBGene00045509.,25,50,75
WBGene00045510.,3,28,31
WBGene00045511.,6,30,36
WBGene00045513.,5,0,5
WBGene00045514.,1,9,10
WBGene00045515.,0,4,4
WBGene00045516.,2,48,50
WBGene00045517.,117,847,964
WBGene00045518.,0,0,0
WBGene00045519.,0,0,0
WBGene00045520.,0,0,0
WBGene00045521.,0,0,0
WBGene00045522.,0,0,0
WBGene00045523.,0,0,0
WBGene00045524.,0,0,0
WBGene00045525.,0,0,0
WBGene00045526.,0,0,0
WBGene00045527.,0,0,0
WBGene00045528.,0,0,0
WBGene00045529.,0,0,0
WBGene00045530.,0,1,1
WBGene00045531.,0,0,0
WBGene00045532.,0,0,0
WBGene00045533.,0,0,0
WBGene00045534.,0,0,0
WBGene00045535.,0,0,0
WBGene00045536.,0,0,0
WBGene00045537.,0,4,4
WBGene00045538.,0,0,0
WBGene00045539.,0,0,0
WBGene00045540.,0,8,8
WBGene00045541.,0,0,0
WBGene00045542.,0,0,0
WBGene00045543.,0,0,0
WBGene00045544.,0,0,0
WBGene00045545.,0,0,0
WBGene00045546.,0,3,3
WBGene00045547.,0,0,0
WBGene00045548.,0,0,0
WBGene00045549.,0,1,1
WBGene00045550.,0,0,0
WBGene00045551.,0,0,0
WBGene00045552.,0,0,0
WBGene00045553.,0,0,0
WBGene00045554.,0,0,0
WBGene00045555.,0,0,0
WBGene00045556.,0,0,0
WBGene00045557.,0,0,0
WBGene00045558.,0,0,0
WBGene00045559.,0,0,0
WBGene00045560.,0,0,0
WBGene00045561.,0,0,0
WBGene00045562.,0,0,0
WBGene00045563.,0,0,0
WBGene00045564.,0,0,0
WBGene00045565.,0,0,0
WBGene00045566.,0,0,0
WBGene00045567.,0,1,1
WBGene00045568.,0,0,0
WBGene00045569.,0,1,1
WBGene00045570.,0,0,0
WBGene00045571.,0,0,0
WBGene00045572.,0,2,2
WBGene00045573.,0,1,1
WBGene00045574.,0,0,0
WBGene00045575.,0,0,0
WBGene00045576.,0,0,0
WBGene00045577.,0,0,0
WBGene00045578.,0,0,0
WBGene00045579.,0,0,0
WBGene00045580.,0,0,0
WBGene00045581.,0,0,0
WBGene00045582.,0,0,0
WBGene00045583.,0,3,3
WBGene00045584.,0,0,0
WBGene00045585.,0,0,0
WBGene00045586.,0,0,0
WBGene00045587.,0,0,0
WBGene00045588.,0,0,0
WBGene00045589.,0,0,0
WBGene00045590.,0,0,0
WBGene00045591.,0,0,0
WBGene00045592.,0,0,0
WBGene00045593.,0,0,0
WBGene00045594.,0,0,0
WBGene00045595.,0,0,0
WBGene00045596.,0,0,0
WBGene00045597.,0,0,0
WBGene00045598.,0,0,0
WBGene00045599.,0,0,0
WBGene00045600.,0,0,0
WBGene00045601.,0,0,0
WBGene00045602.,0,0,0
WBGene00045603.,0,0,0
WBGene00045604.,0,0,0
WBGene00045605.,0,0,0
WBGene00045606.,0,1,1
WBGene00045607.,0,0,0
WBGene00045608.,0,0,0
WBGene00045609.,0,0,0
WBGene00045610.,0,0,0
WBGene00045611.,0,0,0
WBGene00045612.,0,0,0
WBGene00045613.,0,0,0
WBGene00045614.,0,0,0
WBGene00045615.,0,0,0
WBGene00045616.,0,0,0
WBGene00045617.,0,0,0
WBGene00045618.,0,0,0
WBGene00045619.,0,0,0
WBGene00045620.,0,0,0
WBGene00045621.,0,0,0
WBGene00045622.,0,0,0
WBGene00045623.,0,0,0
WBGene00045624.,0,0,0
WBGene00045625.,0,0,0
WBGene00045626.,0,0,0
WBGene00045627.,0,0,0
WBGene00045628.,0,0,0
WBGene00045629.,0,0,0
WBGene00045630.,0,0,0
WBGene00045631.,0,0,0
WBGene00045632.,0,0,0
WBGene00045633.,0,0,0
WBGene00045634.,0,0,0
WBGene00045635.,0,0,0
WBGene00045636.,0,0,0
WBGene00045637.,0,7,7
WBGene00045638.,0,0,0
WBGene00045639.,0,0,0
WBGene00045640.,0,0,0
WBGene00045641.,0,0,0
WBGene00045642.,0,0,0
WBGene00045643.,0,0,0
WBGene00045644.,0,0,0
WBGene00045645.,0,0,0
WBGene00045646.,0,0,0
WBGene00045647.,0,0,0
WBGene00045648.,0,0,0
WBGene00045649.,0,0,0
WBGene00045650.,0,0,0
WBGene00045651.,0,0,0
WBGene00045652.,0,0,0
WBGene00045653.,0,2,2
WBGene00045654.,0,0,0
WBGene00045655.,0,0,0
WBGene00045656.,0,0,0
WBGene00045657.,0,0,0
WBGene00045658.,0,0,0
WBGene00045659.,0,0,0
WBGene00045660.,0,0,0
WBGene00045661.,0,0,0
WBGene00045662.,0,0,0
WBGene00045663.,0,0,0
WBGene00045664.,0,0,0
WBGene00045665.,0,0,0
WBGene00045666.,0,0,0
WBGene00045667.,0,0,0
WBGene00045668.,0,92,92
WBGene00045669.,0,0,0
WBGene00045670.,0,0,0
WBGene00045671.,0,0,0
WBGene00045672.,0,2,2
WBGene00045673.,0,0,0
WBGene00045674.,0,0,0
WBGene00045675.,0,0,0
WBGene00045676.,0,0,0
WBGene00045677.,0,0,0
WBGene00045678.,0,0,0
WBGene00045679.,0,0,0
WBGene00045680.,0,0,0
WBGene00045681.,0,0,0
WBGene00045682.,0,0,0
WBGene00045683.,0,3,3
WBGene00045684.,0,0,0
WBGene00045685.,0,0,0
WBGene00045686.,0,0,0
WBGene00045687.,0,0,0
WBGene00045688.,0,0,0
WBGene00045689.,0,0,0
WBGene00045690.,0,1,1
WBGene00045691.,0,0,0
WBGene00045692.,0,0,0
WBGene00045693.,0,0,0
WBGene00045694.,0,13,13
WBGene00045695.,0,0,0
WBGene00045696.,0,2,2
WBGene00045697.,0,0,0
WBGene00045698.,0,0,0
WBGene00045699.,0,0,0
WBGene00045700.,0,0,0
WBGene00045701.,0,0,0
WBGene00045702.,0,0,0
WBGene00045703.,0,0,0
WBGene00045704.,0,0,0
WBGene00045705.,0,0,0
WBGene00045706.,0,0,0
WBGene00045707.,0,4,4
WBGene00045708.,0,0,0
WBGene00045709.,0,0,0
WBGene00045710.,0,0,0
WBGene00045711.,0,0,0
WBGene00045712.,0,0,0
WBGene00045713.,0,0,0
WBGene00045714.,0,0,0
WBGene00045715.,0,0,0
WBGene00045716.,0,0,0
WBGene00045717.,0,0,0
WBGene00045718.,0,0,0
WBGene00045719.,0,0,0
WBGene00045720.,0,0,0
WBGene00045721.,0,0,0
WBGene00045722.,0,0,0
WBGene00045723.,0,0,0
WBGene00045724.,0,1,1
WBGene00045725.,0,0,0
WBGene00045726.,0,0,0
WBGene00045727.,0,0,0
WBGene00045728.,0,13,13
WBGene00045729.,0,0,0
WBGene00045730.,0,0,0
WBGene00045731.,0,0,0
WBGene00045732.,0,0,0
WBGene00045733.,0,0,0
WBGene00045734.,0,0,0
WBGene00045735.,0,0,0
WBGene00045736.,0,0,0
WBGene00045737.,0,0,0
WBGene00045738.,0,0,0
WBGene00045739.,0,0,0
WBGene00045740.,0,0,0
WBGene00045741.,0,0,0
WBGene00045743.,0,0,0
WBGene00045744.,0,0,0
WBGene00045745.,0,0,0
WBGene00045746.,0,0,0
WBGene00045747.,0,0,0
WBGene00045748.,0,0,0
WBGene00045749.,0,0,0
WBGene00045750.,0,0,0
WBGene00045751.,0,1,1
WBGene00045752.,0,0,0
WBGene00045753.,0,0,0
WBGene00045754.,0,0,0
WBGene00045755.,0,0,0
WBGene00045756.,0,0,0
WBGene00045757.,0,0,0
WBGene00045758.,0,0,0
WBGene00045759.,0,0,0
WBGene00045760.,0,0,0
WBGene00045761.,0,0,0
WBGene00045762.,0,0,0
WBGene00045763.,0,0,0
WBGene00045764.,0,0,0
WBGene00045765.,0,0,0
WBGene00045766.,0,0,0
WBGene00045767.,0,0,0
WBGene00045768.,0,0,0
WBGene00045769.,0,0,0
WBGene00045770.,0,0,0
WBGene00045771.,0,0,0
WBGene00045772.,0,0,0
WBGene00045773.,0,0,0
WBGene00045774.,0,0,0
WBGene00045775.,0,0,0
WBGene00045776.,0,1,1
WBGene00045777.,0,0,0
WBGene00045778.,0,0,0
WBGene00045779.,0,0,0
WBGene00045780.,0,0,0
WBGene00045781.,0,0,0
WBGene00045782.,0,0,0
WBGene00045783.,0,0,0
WBGene00045784.,0,0,0
WBGene00045785.,0,0,0
WBGene00045786.,0,0,0
WBGene00045787.,0,2,2
WBGene00045788.,0,4,4
WBGene00045789.,0,0,0
WBGene00045790.,0,6,6
WBGene00045791.,0,0,0
WBGene00045792.,0,2,2
WBGene00045793.,0,0,0
WBGene00045794.,0,0,0
WBGene00045795.,0,0,0
WBGene00045796.,0,1,1
WBGene00045797.,0,0,0
WBGene00045798.,0,0,0
WBGene00045799.,0,0,0
WBGene00045800.,0,0,0
WBGene00045801.,0,0,0
WBGene00045802.,0,0,0
WBGene00045803.,0,0,0
WBGene00045804.,0,0,0
WBGene00045805.,0,0,0
WBGene00045806.,0,0,0
WBGene00045807.,0,0,0
WBGene00045808.,0,0,0
WBGene00045809.,0,0,0
WBGene00045810.,0,0,0
WBGene00045811.,0,0,0
WBGene00045812.,0,0,0
WBGene00045813.,0,0,0
WBGene00045814.,0,0,0
WBGene00045815.,0,0,0
WBGene00045816.,0,0,0
WBGene00045817.,0,0,0
WBGene00045818.,0,0,0
WBGene00045819.,0,0,0
WBGene00045820.,0,6,6
WBGene00045821.,0,0,0
WBGene00045822.,0,1,1
WBGene00045823.,0,0,0
WBGene00045824.,0,2,2
WBGene00045825.,0,0,0
WBGene00045826.,0,0,0
WBGene00045827.,0,0,0
WBGene00045828.,0,0,0
WBGene00045829.,0,0,0
WBGene00045830.,0,1,1
WBGene00045831.,0,0,0
WBGene00045832.,0,1,1
WBGene00045833.,0,0,0
WBGene00045834.,0,0,0
WBGene00045835.,0,0,0
WBGene00045836.,0,0,0
WBGene00045837.,0,0,0
WBGene00045838.,0,0,0
WBGene00045839.,0,3,3
WBGene00045840.,0,0,0
WBGene00045841.,0,0,0
WBGene00045842.,0,0,0
WBGene00045843.,0,2,2
WBGene00045844.,0,0,0
WBGene00045845.,0,0,0
WBGene00045846.,0,0,0
WBGene00045847.,0,0,0
WBGene00045848.,0,0,0
WBGene00045849.,0,0,0
WBGene00045850.,0,0,0
WBGene00045851.,0,0,0
WBGene00045852.,0,0,0
WBGene00045853.,0,0,0
WBGene00045854.,0,0,0
WBGene00045855.,0,0,0
WBGene00045856.,0,2,2
WBGene00045857.,0,0,0
WBGene00045858.,0,0,0
WBGene00045859.,0,0,0
WBGene00045860.,0,1,1
WBGene00045861.,0,0,0
WBGene00045862.,0,0,0
WBGene00045863.,0,0,0
WBGene00045864.,0,1,1
WBGene00045865.,0,0,0
WBGene00045866.,0,2,2
WBGene00045867.,0,0,0
WBGene00045868.,0,0,0
WBGene00045869.,0,1,1
WBGene00045870.,0,1,1
WBGene00045871.,0,1,1
WBGene00045872.,0,0,0
WBGene00045873.,0,0,0
WBGene00045874.,0,0,0
WBGene00045875.,0,0,0
WBGene00045876.,0,0,0
WBGene00045877.,0,0,0
WBGene00045878.,0,0,0
WBGene00045879.,0,0,0
WBGene00045880.,0,0,0
WBGene00045881.,0,0,0
WBGene00045882.,0,0,0
WBGene00045883.,0,0,0
WBGene00045884.,0,1,1
WBGene00045885.,0,0,0
WBGene00045886.,0,0,0
WBGene00045887.,0,0,0
WBGene00045888.,0,0,0
WBGene00045889.,0,0,0
WBGene00045890.,0,0,0
WBGene00045891.,0,0,0
WBGene00045892.,0,0,0
WBGene00045893.,0,0,0
WBGene00045894.,0,0,0
WBGene00045895.,0,1,1
WBGene00045896.,0,0,0
WBGene00045897.,0,0,0
WBGene00045898.,0,0,0
WBGene00045899.,0,0,0
WBGene00045900.,0,1,1
WBGene00045901.,0,0,0
WBGene00045902.,0,0,0
WBGene00045903.,0,0,0
WBGene00045904.,0,1,1
WBGene00045905.,0,0,0
WBGene00045906.,0,0,0
WBGene00045907.,0,0,0
WBGene00045908.,0,0,0
WBGene00045909.,0,0,0
WBGene00045910.,0,0,0
WBGene00045911.,0,0,0
WBGene00045912.,0,0,0
WBGene00045913.,0,0,0
WBGene00045914.,0,0,0
WBGene00045915.,0,0,0
WBGene00045916.,0,0,0
WBGene00045917.,0,0,0
WBGene00045918.,0,0,0
WBGene00045919.,0,0,0
WBGene00045920.,0,1,1
WBGene00045921.,0,0,0
WBGene00045922.,0,0,0
WBGene00045923.,0,0,0
WBGene00045924.,0,0,0
WBGene00045925.,0,0,0
WBGene00045926.,0,0,0
WBGene00045927.,0,0,0
WBGene00045928.,0,9,9
WBGene00045929.,0,2,2
WBGene00045930.,0,0,0
WBGene00045931.,0,0,0
WBGene00045932.,0,0,0
WBGene00045933.,0,0,0
WBGene00045934.,0,0,0
WBGene00045935.,0,0,0
WBGene00045936.,0,0,0
WBGene00045937.,0,0,0
WBGene00045938.,0,0,0
WBGene00045939.,0,0,0
WBGene00045940.,0,0,0
WBGene00045941.,0,0,0
WBGene00045942.,0,0,0
WBGene00045943.,0,0,0
WBGene00045944.,0,1,1
WBGene00045945.,0,0,0
WBGene00045946.,0,0,0
WBGene00045947.,0,0,0
WBGene00045948.,0,0,0
WBGene00045949.,0,1,1
WBGene00045950.,0,0,0
WBGene00045951.,0,0,0
WBGene00045952.,0,0,0
WBGene00045953.,0,0,0
WBGene00045954.,0,1,1
WBGene00045955.,0,0,0
WBGene00045956.,0,1,1
WBGene00045957.,0,0,0
WBGene00045958.,0,0,0
WBGene00045959.,0,0,0
WBGene00045960.,0,0,0
WBGene00045961.,0,1,1
WBGene00045962.,0,0,0
WBGene00045963.,0,0,0
WBGene00045964.,0,0,0
WBGene00045965.,0,0,0
WBGene00045966.,0,0,0
WBGene00045967.,0,0,0
WBGene00045968.,0,0,0
WBGene00045969.,0,3,3
WBGene00045970.,0,0,0
WBGene00045971.,0,0,0
WBGene00045972.,0,0,0
WBGene00045973.,0,0,0
WBGene00045974.,0,0,0
WBGene00045975.,0,0,0
WBGene00045976.,0,0,0
WBGene00045977.,0,0,0
WBGene00045978.,0,0,0
WBGene00045979.,0,2,2
WBGene00045980.,0,0,0
WBGene00045981.,0,4,4
WBGene00045982.,0,1,1
WBGene00045983.,0,0,0
WBGene00045984.,0,0,0
WBGene00045985.,0,0,0
WBGene00045986.,0,0,0
WBGene00045987.,0,0,0
WBGene00045988.,0,0,0
WBGene00045989.,0,0,0
WBGene00045990.,0,0,0
WBGene00045991.,0,0,0
WBGene00045992.,0,0,0
WBGene00045993.,0,0,0
WBGene00045994.,0,0,0
WBGene00045995.,0,1,1
WBGene00045996.,0,0,0
WBGene00045997.,0,0,0
WBGene00045998.,0,0,0
WBGene00045999.,0,0,0
WBGene00046000.,0,0,0
WBGene00046001.,0,0,0
WBGene00046002.,0,0,0
WBGene00046003.,0,0,0
WBGene00046004.,0,0,0
WBGene00046005.,0,0,0
WBGene00046006.,0,0,0
WBGene00046007.,0,0,0
WBGene00046008.,0,0,0
WBGene00046009.,0,0,0
WBGene00046010.,0,0,0
WBGene00046011.,0,8,8
WBGene00046012.,0,0,0
WBGene00046013.,0,0,0
WBGene00046014.,0,0,0
WBGene00046015.,0,0,0
WBGene00046016.,0,0,0
WBGene00046017.,0,0,0
WBGene00046018.,0,0,0
WBGene00046019.,0,0,0
WBGene00046020.,0,0,0
WBGene00046021.,0,0,0
WBGene00046022.,0,0,0
WBGene00046023.,0,0,0
WBGene00046024.,0,0,0
WBGene00046025.,0,0,0
WBGene00046026.,0,0,0
WBGene00046027.,0,4,4
WBGene00046028.,0,0,0
WBGene00046029.,0,0,0
WBGene00046030.,0,0,0
WBGene00046031.,0,0,0
WBGene00046032.,0,0,0
WBGene00046033.,0,2,2
WBGene00046034.,0,0,0
WBGene00046035.,0,0,0
WBGene00046036.,0,0,0
WBGene00046037.,0,1,1
WBGene00046038.,0,0,0
WBGene00046039.,0,0,0
WBGene00046040.,0,0,0
WBGene00046041.,0,0,0
WBGene00046042.,0,0,0
WBGene00046043.,0,5,5
WBGene00046044.,0,0,0
WBGene00046045.,0,0,0
WBGene00046046.,0,0,0
WBGene00046047.,0,0,0
WBGene00046048.,0,0,0
WBGene00046049.,0,0,0
WBGene00046050.,0,2,2
WBGene00046051.,0,0,0
WBGene00046052.,0,0,0
WBGene00046053.,0,0,0
WBGene00046054.,0,0,0
WBGene00046055.,0,0,0
WBGene00046056.,0,0,0
WBGene00046057.,0,0,0
WBGene00046058.,0,1,1
WBGene00046059.,0,0,0
WBGene00046060.,0,0,0
WBGene00046061.,0,0,0
WBGene00046062.,0,0,0
WBGene00046063.,0,0,0
WBGene00046064.,0,0,0
WBGene00046065.,0,0,0
WBGene00046066.,0,0,0
WBGene00046067.,0,1,1
WBGene00046068.,0,0,0
WBGene00046069.,0,0,0
WBGene00046070.,0,0,0
WBGene00046071.,0,0,0
WBGene00046072.,0,0,0
WBGene00046073.,0,0,0
WBGene00046074.,0,0,0
WBGene00046075.,0,0,0
WBGene00046076.,0,0,0
WBGene00046077.,0,0,0
WBGene00046078.,0,1,1
WBGene00046079.,0,0,0
WBGene00046080.,0,0,0
WBGene00046081.,0,0,0
WBGene00046082.,0,0,0
WBGene00046083.,0,0,0
WBGene00046084.,0,0,0
WBGene00046085.,0,0,0
WBGene00046086.,0,0,0
WBGene00046087.,0,0,0
WBGene00046088.,0,0,0
WBGene00046089.,0,0,0
WBGene00046090.,0,0,0
WBGene00046091.,0,0,0
WBGene00046092.,0,0,0
WBGene00046093.,0,0,0
WBGene00046094.,0,0,0
WBGene00046095.,0,0,0
WBGene00046096.,0,0,0
WBGene00046097.,0,0,0
WBGene00046098.,0,0,0
WBGene00046099.,0,0,0
WBGene00046100.,0,0,0
WBGene00046101.,0,0,0
WBGene00046102.,0,1,1
WBGene00046103.,0,5,5
WBGene00046104.,0,1,1
WBGene00046105.,0,0,0
WBGene00046106.,0,0,0
WBGene00046107.,0,0,0
WBGene00046108.,0,4,4
WBGene00046109.,0,18,18
WBGene00046110.,0,0,0
WBGene00046111.,0,0,0
WBGene00046112.,0,0,0
WBGene00046113.,0,0,0
WBGene00046114.,0,15,15
WBGene00046115.,0,1,1
WBGene00046116.,0,0,0
WBGene00046117.,0,0,0
WBGene00046118.,0,0,0
WBGene00046119.,0,0,0
WBGene00046120.,0,0,0
WBGene00046121.,0,0,0
WBGene00046122.,0,0,0
WBGene00046123.,0,1,1
WBGene00046124.,0,1,1
WBGene00046125.,0,0,0
WBGene00046126.,0,0,0
WBGene00046127.,0,0,0
WBGene00046128.,0,0,0
WBGene00046129.,0,2,2
WBGene00046130.,0,1,1
WBGene00046131.,0,0,0
WBGene00046132.,0,3,3
WBGene00046133.,0,0,0
WBGene00046134.,0,0,0
WBGene00046135.,0,0,0
WBGene00046136.,0,0,0
WBGene00046137.,0,1,1
WBGene00046138.,0,0,0
WBGene00046139.,0,0,0
WBGene00046140.,0,1,1
WBGene00046141.,0,0,0
WBGene00046142.,0,0,0
WBGene00046143.,0,3,3
WBGene00046144.,0,0,0
WBGene00046145.,0,0,0
WBGene00046146.,0,0,0
WBGene00046147.,0,1,1
WBGene00046148.,0,1,1
WBGene00046149.,0,2,2
WBGene00046150.,0,0,0
WBGene00046151.,0,0,0
WBGene00046152.,0,0,0
WBGene00046153.,0,0,0
WBGene00046154.,0,0,0
WBGene00046155.,0,0,0
WBGene00046156.,0,2,2
WBGene00046157.,0,0,0
WBGene00046158.,0,0,0
WBGene00046159.,0,0,0
WBGene00046160.,0,0,0
WBGene00046161.,0,0,0
WBGene00046162.,0,0,0
WBGene00046163.,0,0,0
WBGene00046164.,0,0,0
WBGene00046165.,0,0,0
WBGene00046166.,0,0,0
WBGene00046167.,0,0,0
WBGene00046168.,0,0,0
WBGene00046169.,0,0,0
WBGene00046170.,0,0,0
WBGene00046171.,0,0,0
WBGene00046172.,0,0,0
WBGene00046173.,0,0,0
WBGene00046174.,0,0,0
WBGene00046175.,0,0,0
WBGene00046176.,0,29,29
WBGene00046177.,0,0,0
WBGene00046178.,0,0,0
WBGene00046179.,0,0,0
WBGene00046180.,0,0,0
WBGene00046181.,0,0,0
WBGene00046182.,0,0,0
WBGene00046183.,0,5,5
WBGene00046184.,0,0,0
WBGene00046185.,0,0,0
WBGene00046186.,0,0,0
WBGene00046187.,0,0,0
WBGene00046188.,0,0,0
WBGene00046189.,0,0,0
WBGene00046190.,0,0,0
WBGene00046191.,0,0,0
WBGene00046192.,0,0,0
WBGene00046193.,0,0,0
WBGene00046194.,0,0,0
WBGene00046195.,0,0,0
WBGene00046196.,0,0,0
WBGene00046197.,0,0,0
WBGene00046198.,0,0,0
WBGene00046199.,0,0,0
WBGene00046200.,0,0,0
WBGene00046201.,0,0,0
WBGene00046202.,0,1,1
WBGene00046203.,0,0,0
WBGene00046204.,0,0,0
WBGene00046205.,0,0,0
WBGene00046206.,0,0,0
WBGene00046207.,0,0,0
WBGene00046208.,0,0,0
WBGene00046209.,0,8,8
WBGene00046210.,0,0,0
WBGene00046211.,0,0,0
WBGene00046212.,0,1,1
WBGene00046213.,0,0,0
WBGene00046214.,0,0,0
WBGene00046215.,0,0,0
WBGene00046216.,0,0,0
WBGene00046217.,0,0,0
WBGene00046218.,0,0,0
WBGene00046219.,0,0,0
WBGene00046220.,0,0,0
WBGene00046221.,0,0,0
WBGene00046222.,0,0,0
WBGene00046223.,0,0,0
WBGene00046224.,0,0,0
WBGene00046225.,0,0,0
WBGene00046226.,0,0,0
WBGene00046227.,0,0,0
WBGene00046228.,0,0,0
WBGene00046229.,0,0,0
WBGene00046230.,0,0,0
WBGene00046231.,0,0,0
WBGene00046232.,0,1,1
WBGene00046233.,0,0,0
WBGene00046234.,0,0,0
WBGene00046235.,0,0,0
WBGene00046236.,0,0,0
WBGene00046237.,0,0,0
WBGene00046238.,0,0,0
WBGene00046239.,0,0,0
WBGene00046240.,0,0,0
WBGene00046241.,0,1,1
WBGene00046242.,0,0,0
WBGene00046243.,0,0,0
WBGene00046244.,0,0,0
WBGene00046245.,0,0,0
WBGene00046246.,0,0,0
WBGene00046247.,0,0,0
WBGene00046248.,0,0,0
WBGene00046249.,0,0,0
WBGene00046250.,0,0,0
WBGene00046251.,0,3,3
WBGene00046252.,0,0,0
WBGene00046253.,0,0,0
WBGene00046254.,0,2,2
WBGene00046255.,0,0,0
WBGene00046256.,0,0,0
WBGene00046257.,0,0,0
WBGene00046258.,0,0,0
WBGene00046259.,0,0,0
WBGene00046260.,0,0,0
WBGene00046261.,0,0,0
WBGene00046262.,0,0,0
WBGene00046263.,0,3,3
WBGene00046264.,0,7,7
WBGene00046265.,0,1,1
WBGene00046266.,0,0,0
WBGene00046267.,0,2,2
WBGene00046268.,0,0,0
WBGene00046269.,0,1,1
WBGene00046270.,0,2,2
WBGene00046271.,0,0,0
WBGene00046272.,0,0,0
WBGene00046273.,0,0,0
WBGene00046274.,0,0,0
WBGene00046275.,0,0,0
WBGene00046276.,0,0,0
WBGene00046277.,0,0,0
WBGene00046278.,0,0,0
WBGene00046279.,0,0,0
WBGene00046280.,0,0,0
WBGene00046281.,0,0,0
WBGene00046282.,0,0,0
WBGene00046283.,0,0,0
WBGene00046284.,0,0,0
WBGene00046285.,0,0,0
WBGene00046286.,0,0,0
WBGene00046287.,0,0,0
WBGene00046288.,0,0,0
WBGene00046289.,0,7,7
WBGene00046290.,0,1,1
WBGene00046291.,0,0,0
WBGene00046292.,0,0,0
WBGene00046293.,0,0,0
WBGene00046294.,0,0,0
WBGene00046295.,0,0,0
WBGene00046296.,0,0,0
WBGene00046297.,0,0,0
WBGene00046298.,0,0,0
WBGene00046299.,0,0,0
WBGene00046300.,0,0,0
WBGene00046301.,0,0,0
WBGene00046302.,0,0,0
WBGene00046303.,0,0,0
WBGene00046304.,0,0,0
WBGene00046305.,0,0,0
WBGene00046306.,0,0,0
WBGene00046307.,0,0,0
WBGene00046308.,0,0,0
WBGene00046309.,0,0,0
WBGene00046310.,0,0,0
WBGene00046311.,0,0,0
WBGene00046312.,0,0,0
WBGene00046313.,0,3,3
WBGene00046314.,0,0,0
WBGene00046315.,0,1,1
WBGene00046316.,0,0,0
WBGene00046317.,0,1,1
WBGene00046318.,0,0,0
WBGene00046319.,0,0,0
WBGene00046320.,0,0,0
WBGene00046321.,0,0,0
WBGene00046322.,0,0,0
WBGene00046323.,0,0,0
WBGene00046324.,0,0,0
WBGene00046325.,0,3,3
WBGene00046326.,0,0,0
WBGene00046327.,0,0,0
WBGene00046328.,0,0,0
WBGene00046329.,0,0,0
WBGene00046330.,0,0,0
WBGene00046331.,0,0,0
WBGene00046332.,0,0,0
WBGene00046333.,0,0,0
WBGene00046334.,0,1,1
WBGene00046335.,0,9,9
WBGene00046336.,0,0,0
WBGene00046337.,0,1,1
WBGene00046338.,0,0,0
WBGene00046339.,0,0,0
WBGene00046340.,0,1,1
WBGene00046341.,0,0,0
WBGene00046342.,0,1,1
WBGene00046343.,0,0,0
WBGene00046344.,0,0,0
WBGene00046345.,0,6,6
WBGene00046346.,0,0,0
WBGene00046347.,0,0,0
WBGene00046348.,0,0,0
WBGene00046349.,0,0,0
WBGene00046350.,0,0,0
WBGene00046351.,0,0,0
WBGene00046352.,0,1,1
WBGene00046353.,0,2,2
WBGene00046354.,0,0,0
WBGene00046355.,0,0,0
WBGene00046356.,0,8,8
WBGene00046357.,0,0,0
WBGene00046358.,0,0,0
WBGene00046359.,0,0,0
WBGene00046360.,0,0,0
WBGene00046361.,0,0,0
WBGene00046362.,0,0,0
WBGene00046363.,0,0,0
WBGene00046364.,0,2,2
WBGene00046365.,0,0,0
WBGene00046366.,0,2,2
WBGene00046367.,0,0,0
WBGene00046368.,0,0,0
WBGene00046369.,0,0,0
WBGene00046370.,0,0,0
WBGene00046371.,0,0,0
WBGene00046372.,0,0,0
WBGene00046373.,0,0,0
WBGene00046374.,0,1,1
WBGene00046375.,0,6,6
WBGene00046376.,0,0,0
WBGene00046377.,0,0,0
WBGene00046378.,0,0,0
WBGene00046379.,0,0,0
WBGene00046380.,0,0,0
WBGene00046381.,0,0,0
WBGene00046382.,0,0,0
WBGene00046383.,0,0,0
WBGene00046384.,0,0,0
WBGene00046385.,0,0,0
WBGene00046386.,0,0,0
WBGene00046387.,0,0,0
WBGene00046388.,0,0,0
WBGene00046389.,0,0,0
WBGene00046390.,0,0,0
WBGene00046391.,0,0,0
WBGene00046392.,0,0,0
WBGene00046393.,0,1,1
WBGene00046394.,0,0,0
WBGene00046395.,0,0,0
WBGene00046396.,0,0,0
WBGene00046397.,0,0,0
WBGene00046398.,0,0,0
WBGene00046399.,0,8,8
WBGene00046400.,0,0,0
WBGene00046401.,0,0,0
WBGene00046402.,0,0,0
WBGene00046403.,0,0,0
WBGene00046404.,0,0,0
WBGene00046405.,0,0,0
WBGene00046406.,0,4,4
WBGene00046407.,0,1,1
WBGene00046408.,0,0,0
WBGene00046409.,0,1,1
WBGene00046410.,0,0,0
WBGene00046411.,0,1,1
WBGene00046412.,0,0,0
WBGene00046413.,0,0,0
WBGene00046414.,0,0,0
WBGene00046415.,0,0,0
WBGene00046416.,0,0,0
WBGene00046417.,0,1,1
WBGene00046418.,0,0,0
WBGene00046419.,0,0,0
WBGene00046420.,0,0,0
WBGene00046421.,0,11,11
WBGene00046422.,0,0,0
WBGene00046423.,0,1,1
WBGene00046424.,0,0,0
WBGene00046425.,0,0,0
WBGene00046426.,0,0,0
WBGene00046427.,0,2,2
WBGene00046428.,0,0,0
WBGene00046429.,0,1,1
WBGene00046430.,0,0,0
WBGene00046431.,0,4,4
WBGene00046432.,0,0,0
WBGene00046433.,0,0,0
WBGene00046434.,0,0,0
WBGene00046435.,0,5,5
WBGene00046436.,0,0,0
WBGene00046437.,0,0,0
WBGene00046438.,0,1,1
WBGene00046439.,0,0,0
WBGene00046440.,0,0,0
WBGene00046441.,0,0,0
WBGene00046442.,0,0,0
WBGene00046443.,0,0,0
WBGene00046444.,0,0,0
WBGene00046445.,0,0,0
WBGene00046446.,0,0,0
WBGene00046447.,0,0,0
WBGene00046448.,0,0,0
WBGene00046449.,0,0,0
WBGene00046450.,0,0,0
WBGene00046451.,0,0,0
WBGene00046452.,0,0,0
WBGene00046453.,0,0,0
WBGene00046454.,0,0,0
WBGene00046455.,0,0,0
WBGene00046456.,0,0,0
WBGene00046457.,0,0,0
WBGene00046458.,0,0,0
WBGene00046459.,0,0,0
WBGene00046460.,0,0,0
WBGene00046461.,0,0,0
WBGene00046462.,0,0,0
WBGene00046463.,0,0,0
WBGene00046464.,0,0,0
WBGene00046465.,0,0,0
WBGene00046466.,0,0,0
WBGene00046467.,0,0,0
WBGene00046468.,0,0,0
WBGene00046469.,0,0,0
WBGene00046470.,0,0,0
WBGene00046471.,0,0,0
WBGene00046472.,0,0,0
WBGene00046473.,0,1,1
WBGene00046474.,0,0,0
WBGene00046475.,0,0,0
WBGene00046476.,0,0,0
WBGene00046477.,0,0,0
WBGene00046478.,0,0,0
WBGene00046479.,0,0,0
WBGene00046480.,0,1,1
WBGene00046481.,0,0,0
WBGene00046482.,0,9,9
WBGene00046483.,0,0,0
WBGene00046484.,0,0,0
WBGene00046485.,0,0,0
WBGene00046486.,0,0,0
WBGene00046487.,0,2,2
WBGene00046488.,0,0,0
WBGene00046489.,0,0,0
WBGene00046490.,0,0,0
WBGene00046491.,0,2,2
WBGene00046492.,0,0,0
WBGene00046493.,0,0,0
WBGene00046494.,0,0,0
WBGene00046495.,0,5,5
WBGene00046496.,0,0,0
WBGene00046497.,0,0,0
WBGene00046498.,0,0,0
WBGene00046499.,0,1,1
WBGene00046500.,0,0,0
WBGene00046501.,0,1,1
WBGene00046502.,0,0,0
WBGene00046503.,0,0,0
WBGene00046504.,0,0,0
WBGene00046505.,0,0,0
WBGene00046506.,0,1,1
WBGene00046507.,0,0,0
WBGene00046508.,0,2,2
WBGene00046509.,0,23,23
WBGene00046510.,0,0,0
WBGene00046511.,0,0,0
WBGene00046512.,0,1,1
WBGene00046513.,0,0,0
WBGene00046514.,0,10,10
WBGene00046515.,0,0,0
WBGene00046516.,0,0,0
WBGene00046517.,0,0,0
WBGene00046518.,0,0,0
WBGene00046519.,0,0,0
WBGene00046520.,0,0,0
WBGene00046521.,0,0,0
WBGene00046522.,0,0,0
WBGene00046523.,0,0,0
WBGene00046524.,0,0,0
WBGene00046525.,0,0,0
WBGene00046526.,0,0,0
WBGene00046527.,0,0,0
WBGene00046528.,0,0,0
WBGene00046529.,0,0,0
WBGene00046530.,0,0,0
WBGene00046531.,0,0,0
WBGene00046532.,0,0,0
WBGene00046533.,0,1,1
WBGene00046534.,0,0,0
WBGene00046535.,0,0,0
WBGene00046536.,0,0,0
WBGene00046537.,0,1,1
WBGene00046538.,0,0,0
WBGene00046539.,0,0,0
WBGene00046540.,0,0,0
WBGene00046541.,0,0,0
WBGene00046542.,0,2,2
WBGene00046543.,0,0,0
WBGene00046544.,0,3,3
WBGene00046545.,0,0,0
WBGene00046546.,0,0,0
WBGene00046547.,0,25,25
WBGene00046548.,0,0,0
WBGene00046549.,0,0,0
WBGene00046550.,0,2,2
WBGene00046551.,0,0,0
WBGene00046552.,0,0,0
WBGene00046553.,0,0,0
WBGene00046554.,0,0,0
WBGene00046555.,0,0,0
WBGene00046556.,0,0,0
WBGene00046557.,0,0,0
WBGene00046558.,0,1,1
WBGene00046559.,0,0,0
WBGene00046560.,0,0,0
WBGene00046561.,0,0,0
WBGene00046562.,0,2,2
WBGene00046563.,0,1,1
WBGene00046564.,0,0,0
WBGene00046565.,0,0,0
WBGene00046566.,0,3,3
WBGene00046567.,0,0,0
WBGene00046568.,0,0,0
WBGene00046569.,0,0,0
WBGene00046570.,0,0,0
WBGene00046571.,0,0,0
WBGene00046572.,0,2,2
WBGene00046573.,0,3,3
WBGene00046574.,0,0,0
WBGene00046575.,0,0,0
WBGene00046576.,0,0,0
WBGene00046577.,0,1,1
WBGene00046578.,0,0,0
WBGene00046579.,0,0,0
WBGene00046580.,0,0,0
WBGene00046581.,0,1,1
WBGene00046582.,0,0,0
WBGene00046583.,0,0,0
WBGene00046584.,0,0,0
WBGene00046585.,0,0,0
WBGene00046586.,0,0,0
WBGene00046587.,0,0,0
WBGene00046588.,0,0,0
WBGene00046589.,0,0,0
WBGene00046590.,0,0,0
WBGene00046591.,0,0,0
WBGene00046592.,0,0,0
WBGene00046593.,0,0,0
WBGene00046594.,0,0,0
WBGene00046595.,0,0,0
WBGene00046596.,0,0,0
WBGene00046597.,0,0,0
WBGene00046598.,0,0,0
WBGene00046599.,0,0,0
WBGene00046600.,0,0,0
WBGene00046601.,0,0,0
WBGene00046602.,0,0,0
WBGene00046603.,0,11,11
WBGene00046604.,0,0,0
WBGene00046605.,0,3,3
WBGene00046606.,0,0,0
WBGene00046607.,0,0,0
WBGene00046608.,0,6,6
WBGene00046609.,0,0,0
WBGene00046610.,0,0,0
WBGene00046611.,0,0,0
WBGene00046612.,0,0,0
WBGene00046613.,0,0,0
WBGene00046614.,0,0,0
WBGene00046615.,0,0,0
WBGene00046616.,0,0,0
WBGene00046617.,0,0,0
WBGene00046618.,0,0,0
WBGene00046619.,0,0,0
WBGene00046620.,0,0,0
WBGene00046621.,0,0,0
WBGene00046622.,0,0,0
WBGene00046623.,0,1,1
WBGene00046624.,0,0,0
WBGene00046625.,0,0,0
WBGene00046626.,0,0,0
WBGene00046627.,0,0,0
WBGene00046628.,0,4,4
WBGene00046629.,0,0,0
WBGene00046630.,0,0,0
WBGene00046631.,0,0,0
WBGene00046632.,0,0,0
WBGene00046633.,0,0,0
WBGene00046634.,0,0,0
WBGene00046635.,0,0,0
WBGene00046636.,0,0,0
WBGene00046637.,0,0,0
WBGene00046638.,0,0,0
WBGene00046639.,0,0,0
WBGene00046640.,0,0,0
WBGene00046641.,0,0,0
WBGene00046642.,0,0,0
WBGene00046643.,0,0,0
WBGene00046644.,0,4,4
WBGene00046645.,0,0,0
WBGene00046646.,0,0,0
WBGene00046647.,0,0,0
WBGene00046648.,0,2,2
WBGene00046649.,0,0,0
WBGene00046650.,0,0,0
WBGene00046651.,0,0,0
WBGene00046652.,0,4,4
WBGene00046653.,0,0,0
WBGene00046654.,0,0,0
WBGene00046655.,0,0,0
WBGene00046656.,0,0,0
WBGene00046657.,0,0,0
WBGene00046658.,0,0,0
WBGene00046659.,0,0,0
WBGene00046660.,0,0,0
WBGene00046661.,0,0,0
WBGene00046662.,0,0,0
WBGene00046663.,0,6,6
WBGene00046664.,0,0,0
WBGene00046665.,0,0,0
WBGene00046666.,0,3,3
WBGene00046667.,0,0,0
WBGene00046668.,0,0,0
WBGene00046669.,0,0,0
WBGene00046670.,0,0,0
WBGene00046671.,0,0,0
WBGene00046672.,0,4,4
WBGene00046673.,0,0,0
WBGene00046674.,0,1,1
WBGene00046675.,0,0,0
WBGene00046676.,0,0,0
WBGene00046677.,0,0,0
WBGene00046678.,0,0,0
WBGene00046679.,0,0,0
WBGene00046680.,0,1,1
WBGene00046681.,0,0,0
WBGene00046682.,0,0,0
WBGene00046683.,0,2,2
WBGene00046684.,0,0,0
WBGene00046685.,0,0,0
WBGene00046686.,0,0,0
WBGene00046687.,0,0,0
WBGene00046688.,0,0,0
WBGene00046689.,0,0,0
WBGene00046690.,0,0,0
WBGene00046691.,0,5,5
WBGene00046692.,0,0,0
WBGene00046693.,0,0,0
WBGene00046694.,0,0,0
WBGene00046695.,0,0,0
WBGene00046696.,0,0,0
WBGene00046697.,0,2,2
WBGene00046698.,0,1807,1807
WBGene00046699.,0,0,0
WBGene00046700.,0,0,0
WBGene00046701.,0,0,0
WBGene00046702.,0,0,0
WBGene00046703.,0,0,0
WBGene00046704.,0,0,0
WBGene00046705.,0,0,0
WBGene00046706.,0,0,0
WBGene00046707.,0,0,0
WBGene00046708.,0,0,0
WBGene00046709.,0,0,0
WBGene00046710.,0,0,0
WBGene00046711.,0,0,0
WBGene00046712.,0,8,8
WBGene00046713.,0,0,0
WBGene00046714.,0,0,0
WBGene00046715.,0,0,0
WBGene00046716.,0,0,0
WBGene00046717.,0,0,0
WBGene00046718.,0,0,0
WBGene00046719.,0,0,0
WBGene00046720.,0,0,0
WBGene00046721.,0,0,0
WBGene00046722.,0,0,0
WBGene00046723.,0,0,0
WBGene00046724.,0,0,0
WBGene00046725.,0,0,0
WBGene00046726.,0,1,1
WBGene00046727.,0,0,0
WBGene00046728.,0,0,0
WBGene00046729.,0,0,0
WBGene00046730.,0,2,2
WBGene00046731.,0,0,0
WBGene00046732.,0,0,0
WBGene00046733.,0,0,0
WBGene00046734.,0,0,0
WBGene00046735.,0,0,0
WBGene00046736.,0,0,0
WBGene00046737.,0,0,0
WBGene00046738.,0,5,5
WBGene00046739.,0,1,1
WBGene00046740.,0,0,0
WBGene00046741.,1,17,18
WBGene00046742.,0,0,0
WBGene00046743.,0,0,0
WBGene00046744.,0,0,0
WBGene00046745.,0,0,0
WBGene00046746.,0,0,0
WBGene00046747.,0,0,0
WBGene00046748.,0,1,1
WBGene00046749.,0,1,1
WBGene00046750.,0,0,0
WBGene00046751.,0,0,0
WBGene00046752.,0,0,0
WBGene00046753.,0,0,0
WBGene00046754.,0,0,0
WBGene00046755.,0,0,0
WBGene00046756.,0,0,0
WBGene00046757.,0,0,0
WBGene00046758.,0,0,0
WBGene00046759.,0,0,0
WBGene00046760.,0,0,0
WBGene00046761.,0,28,28
WBGene00046762.,0,0,0
WBGene00046763.,0,0,0
WBGene00046764.,0,0,0
WBGene00046765.,0,0,0
WBGene00046766.,0,1,1
WBGene00046767.,0,0,0
WBGene00046768.,0,2,2
WBGene00046769.,0,0,0
WBGene00046770.,0,0,0
WBGene00046771.,0,0,0
WBGene00046772.,0,0,0
WBGene00046773.,0,0,0
WBGene00046774.,0,0,0
WBGene00046775.,0,0,0
WBGene00046776.,0,0,0
WBGene00046777.,0,2,2
WBGene00046778.,0,0,0
WBGene00046779.,0,0,0
WBGene00046780.,0,0,0
WBGene00046781.,0,0,0
WBGene00046782.,0,0,0
WBGene00046783.,0,0,0
WBGene00046784.,0,0,0
WBGene00046785.,0,2,2
WBGene00046786.,0,0,0
WBGene00046787.,0,0,0
WBGene00046788.,0,0,0
WBGene00046789.,0,1,1
WBGene00046790.,0,0,0
WBGene00046791.,0,0,0
WBGene00046792.,0,0,0
WBGene00046793.,0,0,0
WBGene00046794.,0,0,0
WBGene00046795.,0,0,0
WBGene00046796.,0,3,3
WBGene00046797.,0,0,0
WBGene00046798.,0,0,0
WBGene00046799.,0,0,0
WBGene00046800.,0,0,0
WBGene00046801.,0,0,0
WBGene00046802.,0,0,0
WBGene00046803.,0,0,0
WBGene00046804.,0,0,0
WBGene00046805.,0,0,0
WBGene00046806.,0,0,0
WBGene00046807.,0,0,0
WBGene00046808.,0,9,9
WBGene00046809.,0,0,0
WBGene00046810.,0,0,0
WBGene00046811.,0,0,0
WBGene00046812.,0,0,0
WBGene00046813.,0,0,0
WBGene00046814.,0,0,0
WBGene00046815.,0,0,0
WBGene00046816.,0,0,0
WBGene00046817.,0,0,0
WBGene00046818.,0,0,0
WBGene00046819.,0,0,0
WBGene00046820.,0,0,0
WBGene00046821.,0,4,4
WBGene00046822.,0,0,0
WBGene00046823.,0,0,0
WBGene00046824.,0,2,2
WBGene00046825.,0,0,0
WBGene00046826.,0,3,3
WBGene00046827.,0,0,0
WBGene00046828.,0,0,0
WBGene00046829.,0,0,0
WBGene00046830.,0,0,0
WBGene00046831.,0,0,0
WBGene00046832.,0,0,0
WBGene00046833.,0,0,0
WBGene00046834.,0,0,0
WBGene00046835.,0,0,0
WBGene00046836.,0,0,0
WBGene00046837.,0,0,0
WBGene00046838.,0,0,0
WBGene00046839.,0,5,5
WBGene00046840.,0,0,0
WBGene00046841.,0,0,0
WBGene00046842.,0,0,0
WBGene00046843.,0,0,0
WBGene00046844.,0,0,0
WBGene00046845.,0,0,0
WBGene00046846.,0,2,2
WBGene00046847.,0,0,0
WBGene00046848.,0,0,0
WBGene00046849.,0,0,0
WBGene00046850.,0,0,0
WBGene00046851.,0,0,0
WBGene00046852.,0,0,0
WBGene00046853.,0,0,0
WBGene00046854.,0,2,2
WBGene00046855.,0,0,0
WBGene00046856.,0,0,0
WBGene00046857.,0,0,0
WBGene00046858.,0,0,0
WBGene00046859.,0,26,26
WBGene00046860.,0,0,0
WBGene00046861.,0,0,0
WBGene00046862.,0,0,0
WBGene00046863.,0,1,1
WBGene00046864.,0,0,0
WBGene00046865.,0,0,0
WBGene00046866.,0,0,0
WBGene00046867.,0,0,0
WBGene00046868.,0,0,0
WBGene00046869.,0,14,14
WBGene00046870.,0,0,0
WBGene00046871.,0,0,0
WBGene00046872.,0,0,0
WBGene00046873.,0,0,0
WBGene00046874.,0,1,1
WBGene00046875.,0,0,0
WBGene00046876.,0,0,0
WBGene00046877.,0,0,0
WBGene00046878.,0,0,0
WBGene00046879.,0,0,0
WBGene00046880.,0,0,0
WBGene00046881.,0,0,0
WBGene00046882.,0,0,0
WBGene00046883.,0,1,1
WBGene00046884.,0,0,0
WBGene00046885.,0,0,0
WBGene00046886.,0,0,0
WBGene00046887.,0,0,0
WBGene00046888.,0,0,0
WBGene00046889.,0,0,0
WBGene00046890.,0,0,0
WBGene00046891.,0,0,0
WBGene00046892.,0,0,0
WBGene00046893.,0,0,0
WBGene00046894.,0,0,0
WBGene00046895.,0,0,0
WBGene00046896.,0,1,1
WBGene00046897.,0,0,0
WBGene00046898.,0,0,0
WBGene00046899.,0,0,0
WBGene00046900.,0,0,0
WBGene00046901.,0,0,0
WBGene00046902.,0,1,1
WBGene00046903.,0,0,0
WBGene00046904.,0,0,0
WBGene00046905.,0,0,0
WBGene00046906.,0,1,1
WBGene00046907.,0,0,0
WBGene00046908.,0,0,0
WBGene00046909.,0,0,0
WBGene00046910.,0,0,0
WBGene00046911.,0,0,0
WBGene00046912.,0,0,0
WBGene00046913.,0,0,0
WBGene00046914.,0,0,0
WBGene00046915.,0,0,0
WBGene00046916.,0,0,0
WBGene00046917.,0,0,0
WBGene00046918.,0,1,1
WBGene00046919.,0,0,0
WBGene00046920.,0,0,0
WBGene00046921.,0,1,1
WBGene00046922.,0,0,0
WBGene00046923.,0,0,0
WBGene00046924.,0,0,0
WBGene00046925.,0,0,0
WBGene00046926.,0,0,0
WBGene00046927.,0,0,0
WBGene00046928.,0,0,0
WBGene00046929.,0,0,0
WBGene00046930.,0,0,0
WBGene00046931.,0,0,0
WBGene00046932.,0,0,0
WBGene00046933.,0,0,0
WBGene00046934.,0,2,2
WBGene00046935.,0,0,0
WBGene00046936.,0,0,0
WBGene00046937.,0,7,7
WBGene00046938.,0,0,0
WBGene00046939.,0,1,1
WBGene00046940.,0,0,0
WBGene00046941.,0,0,0
WBGene00046942.,0,0,0
WBGene00046943.,0,0,0
WBGene00046944.,0,0,0
WBGene00046945.,0,0,0
WBGene00046946.,0,0,0
WBGene00046947.,0,0,0
WBGene00046948.,0,1,1
WBGene00046949.,0,0,0
WBGene00046950.,0,0,0
WBGene00046951.,0,1,1
WBGene00046952.,0,0,0
WBGene00046953.,0,0,0
WBGene00046954.,0,0,0
WBGene00046955.,0,0,0
WBGene00046956.,0,0,0
WBGene00046957.,0,0,0
WBGene00046958.,0,0,0
WBGene00046959.,0,0,0
WBGene00046960.,0,0,0
WBGene00046961.,0,0,0
WBGene00046962.,0,0,0
WBGene00046963.,0,0,0
WBGene00046964.,0,0,0
WBGene00046965.,0,9,9
WBGene00046966.,0,0,0
WBGene00046967.,0,0,0
WBGene00046968.,0,0,0
WBGene00046969.,0,0,0
WBGene00046970.,0,0,0
WBGene00046971.,0,0,0
WBGene00046972.,0,0,0
WBGene00046973.,0,0,0
WBGene00046974.,0,0,0
WBGene00046975.,0,0,0
WBGene00046976.,0,0,0
WBGene00046977.,0,0,0
WBGene00046978.,0,0,0
WBGene00046979.,0,0,0
WBGene00046980.,0,0,0
WBGene00046981.,0,0,0
WBGene00046982.,0,0,0
WBGene00046983.,0,0,0
WBGene00046984.,0,0,0
WBGene00046985.,0,0,0
WBGene00046986.,0,0,0
WBGene00046987.,0,0,0
WBGene00046988.,0,0,0
WBGene00046989.,0,0,0
WBGene00046990.,0,0,0
WBGene00046991.,0,0,0
WBGene00046992.,0,0,0
WBGene00046993.,0,0,0
WBGene00046994.,0,0,0
WBGene00046995.,0,0,0
WBGene00046996.,0,0,0
WBGene00046997.,0,0,0
WBGene00046998.,0,0,0
WBGene00046999.,0,0,0
WBGene00047000.,0,0,0
WBGene00047001.,0,0,0
WBGene00047002.,0,0,0
WBGene00047003.,0,2,2
WBGene00047004.,0,0,0
WBGene00047005.,0,0,0
WBGene00047006.,0,0,0
WBGene00047007.,0,5,5
WBGene00047008.,0,0,0
WBGene00047009.,0,0,0
WBGene00047010.,0,0,0
WBGene00047011.,0,0,0
WBGene00047012.,0,0,0
WBGene00047013.,0,0,0
WBGene00047014.,0,0,0
WBGene00047015.,0,0,0
WBGene00047016.,0,0,0
WBGene00047017.,0,2,2
WBGene00047018.,0,0,0
WBGene00047019.,0,0,0
WBGene00047020.,0,0,0
WBGene00047021.,0,0,0
WBGene00047022.,0,0,0
WBGene00047023.,0,0,0
WBGene00047024.,0,0,0
WBGene00047025.,0,0,0
WBGene00047026.,0,0,0
WBGene00047027.,0,0,0
WBGene00047028.,0,0,0
WBGene00047029.,0,0,0
WBGene00047030.,0,0,0
WBGene00047031.,0,0,0
WBGene00047032.,0,0,0
WBGene00047033.,0,0,0
WBGene00047034.,0,0,0
WBGene00047035.,0,0,0
WBGene00047036.,0,0,0
WBGene00047037.,0,0,0
WBGene00047038.,0,12,12
WBGene00047039.,0,0,0
WBGene00047040.,0,0,0
WBGene00047041.,0,0,0
WBGene00047042.,0,0,0
WBGene00047043.,0,0,0
WBGene00047044.,0,53,53
WBGene00047045.,0,0,0
WBGene00047046.,0,0,0
WBGene00047047.,0,0,0
WBGene00047048.,0,0,0
WBGene00047049.,0,0,0
WBGene00047050.,0,0,0
WBGene00047051.,0,0,0
WBGene00047052.,0,0,0
WBGene00047053.,0,7,7
WBGene00047054.,0,2,2
WBGene00047055.,0,0,0
WBGene00047056.,0,0,0
WBGene00047057.,0,2,2
WBGene00047058.,0,0,0
WBGene00047059.,0,0,0
WBGene00047060.,0,0,0
WBGene00047061.,0,0,0
WBGene00047062.,0,0,0
WBGene00047063.,0,0,0
WBGene00047064.,0,0,0
WBGene00047065.,0,0,0
WBGene00047066.,0,0,0
WBGene00047067.,0,4,4
WBGene00047068.,0,2,2
WBGene00047069.,0,0,0
WBGene00047070.,0,0,0
WBGene00047071.,0,1,1
WBGene00047072.,0,0,0
WBGene00047073.,0,0,0
WBGene00047074.,0,0,0
WBGene00047075.,0,0,0
WBGene00047076.,0,0,0
WBGene00047077.,0,0,0
WBGene00047078.,0,0,0
WBGene00047079.,0,1,1
WBGene00047080.,0,0,0
WBGene00047081.,0,0,0
WBGene00047082.,0,0,0
WBGene00047083.,0,0,0
WBGene00047084.,0,25,25
WBGene00047085.,0,0,0
WBGene00047086.,0,0,0
WBGene00047087.,0,8,8
WBGene00047088.,0,0,0
WBGene00047089.,0,0,0
WBGene00047090.,0,0,0
WBGene00047091.,0,0,0
WBGene00047092.,0,2,2
WBGene00047093.,0,0,0
WBGene00047094.,0,0,0
WBGene00047095.,0,0,0
WBGene00047096.,0,0,0
WBGene00047097.,0,0,0
WBGene00047098.,0,0,0
WBGene00047099.,0,0,0
WBGene00047100.,0,0,0
WBGene00047101.,0,0,0
WBGene00047102.,0,0,0
WBGene00047103.,0,0,0
WBGene00047104.,0,0,0
WBGene00047105.,0,0,0
WBGene00047106.,0,0,0
WBGene00047107.,0,0,0
WBGene00047108.,0,0,0
WBGene00047109.,0,0,0
WBGene00047110.,0,0,0
WBGene00047111.,0,0,0
WBGene00047112.,0,0,0
WBGene00047113.,0,0,0
WBGene00047114.,0,2,2
WBGene00047115.,0,0,0
WBGene00047116.,0,0,0
WBGene00047117.,0,0,0
WBGene00047118.,0,15,15
WBGene00047119.,0,0,0
WBGene00047120.,0,0,0
WBGene00047121.,0,0,0
WBGene00047122.,0,0,0
WBGene00047123.,0,0,0
WBGene00047124.,0,1,1
WBGene00047125.,0,0,0
WBGene00047126.,0,0,0
WBGene00047127.,0,0,0
WBGene00047128.,0,0,0
WBGene00047129.,0,0,0
WBGene00047130.,0,0,0
WBGene00047131.,0,0,0
WBGene00047132.,0,0,0
WBGene00047133.,0,0,0
WBGene00047134.,0,0,0
WBGene00047135.,0,0,0
WBGene00047136.,0,1,1
WBGene00047137.,0,0,0
WBGene00047138.,0,0,0
WBGene00047139.,0,0,0
WBGene00047140.,0,0,0
WBGene00047141.,0,18,18
WBGene00047142.,0,0,0
WBGene00047143.,0,0,0
WBGene00047144.,0,0,0
WBGene00047145.,0,0,0
WBGene00047146.,0,0,0
WBGene00047147.,0,0,0
WBGene00047148.,0,0,0
WBGene00047149.,0,1,1
WBGene00047150.,0,0,0
WBGene00047151.,0,0,0
WBGene00047152.,0,0,0
WBGene00047153.,0,0,0
WBGene00047154.,0,0,0
WBGene00047155.,0,4,4
WBGene00047156.,0,0,0
WBGene00047157.,0,0,0
WBGene00047158.,0,0,0
WBGene00047159.,0,0,0
WBGene00047160.,0,0,0
WBGene00047161.,0,0,0
WBGene00047162.,0,0,0
WBGene00047163.,0,0,0
WBGene00047164.,0,0,0
WBGene00047165.,0,0,0
WBGene00047166.,0,0,0
WBGene00047167.,0,0,0
WBGene00047168.,0,0,0
WBGene00047169.,0,0,0
WBGene00047170.,0,4,4
WBGene00047171.,0,2,2
WBGene00047172.,0,0,0
WBGene00047173.,0,0,0
WBGene00047174.,0,0,0
WBGene00047175.,0,0,0
WBGene00047176.,0,0,0
WBGene00047177.,0,2,2
WBGene00047178.,0,0,0
WBGene00047179.,0,0,0
WBGene00047180.,0,0,0
WBGene00047181.,0,0,0
WBGene00047182.,0,0,0
WBGene00047183.,0,0,0
WBGene00047184.,0,0,0
WBGene00047185.,0,0,0
WBGene00047186.,0,0,0
WBGene00047187.,0,0,0
WBGene00047188.,0,0,0
WBGene00047189.,0,0,0
WBGene00047190.,0,0,0
WBGene00047191.,0,0,0
WBGene00047192.,0,0,0
WBGene00047193.,0,0,0
WBGene00047194.,0,0,0
WBGene00047195.,0,0,0
WBGene00047196.,0,0,0
WBGene00047197.,0,0,0
WBGene00047198.,0,0,0
WBGene00047199.,0,0,0
WBGene00047200.,0,0,0
WBGene00047201.,0,0,0
WBGene00047202.,0,0,0
WBGene00047203.,0,0,0
WBGene00047204.,0,0,0
WBGene00047205.,0,0,0
WBGene00047206.,0,0,0
WBGene00047207.,0,0,0
WBGene00047208.,0,0,0
WBGene00047209.,0,0,0
WBGene00047210.,0,0,0
WBGene00047211.,0,0,0
WBGene00047212.,0,0,0
WBGene00047213.,0,0,0
WBGene00047214.,0,0,0
WBGene00047215.,0,0,0
WBGene00047216.,0,0,0
WBGene00047217.,0,0,0
WBGene00047218.,0,0,0
WBGene00047219.,0,0,0
WBGene00047220.,0,0,0
WBGene00047221.,0,4,4
WBGene00047222.,0,0,0
WBGene00047223.,0,0,0
WBGene00047224.,0,0,0
WBGene00047225.,0,2,2
WBGene00047226.,0,1,1
WBGene00047227.,0,0,0
WBGene00047228.,0,0,0
WBGene00047229.,0,0,0
WBGene00047230.,0,0,0
WBGene00047231.,0,0,0
WBGene00047232.,0,0,0
WBGene00047233.,0,0,0
WBGene00047234.,0,0,0
WBGene00047235.,0,0,0
WBGene00047236.,0,0,0
WBGene00047237.,0,0,0
WBGene00047238.,0,1,1
WBGene00047239.,0,0,0
WBGene00047240.,0,0,0
WBGene00047241.,0,0,0
WBGene00047242.,0,0,0
WBGene00047243.,0,1,1
WBGene00047244.,0,0,0
WBGene00047245.,0,0,0
WBGene00047246.,0,0,0
WBGene00047247.,0,0,0
WBGene00047248.,0,0,0
WBGene00047249.,0,0,0
WBGene00047250.,0,0,0
WBGene00047251.,0,0,0
WBGene00047252.,0,0,0
WBGene00047253.,0,0,0
WBGene00047254.,0,0,0
WBGene00047255.,0,0,0
WBGene00047256.,0,8,8
WBGene00047257.,0,0,0
WBGene00047258.,0,0,0
WBGene00047259.,0,3,3
WBGene00047260.,0,0,0
WBGene00047261.,0,0,0
WBGene00047262.,0,0,0
WBGene00047263.,0,0,0
WBGene00047264.,0,0,0
WBGene00047265.,0,0,0
WBGene00047266.,0,0,0
WBGene00047267.,0,0,0
WBGene00047268.,0,0,0
WBGene00047269.,0,0,0
WBGene00047270.,0,0,0
WBGene00047271.,0,0,0
WBGene00047272.,0,0,0
WBGene00047273.,0,0,0
WBGene00047274.,0,0,0
WBGene00047275.,0,0,0
WBGene00047276.,0,0,0
WBGene00047277.,0,0,0
WBGene00047278.,0,0,0
WBGene00047279.,0,0,0
WBGene00047280.,0,2,2
WBGene00047281.,0,0,0
WBGene00047282.,0,0,0
WBGene00047283.,0,0,0
WBGene00047284.,0,0,0
WBGene00047285.,0,0,0
WBGene00047286.,0,0,0
WBGene00047287.,0,0,0
WBGene00047288.,0,0,0
WBGene00047289.,0,0,0
WBGene00047290.,0,0,0
WBGene00047291.,0,0,0
WBGene00047292.,0,0,0
WBGene00047293.,0,0,0
WBGene00047294.,0,0,0
WBGene00047295.,0,0,0
WBGene00047296.,0,0,0
WBGene00047297.,0,4,4
WBGene00047298.,0,0,0
WBGene00047299.,0,0,0
WBGene00047300.,0,0,0
WBGene00047301.,0,1,1
WBGene00047302.,0,0,0
WBGene00047303.,0,0,0
WBGene00047304.,0,1,1
WBGene00047305.,0,0,0
WBGene00047306.,0,0,0
WBGene00047307.,0,1,1
WBGene00047308.,0,0,0
WBGene00047309.,0,0,0
WBGene00047310.,0,0,0
WBGene00047311.,0,0,0
WBGene00047312.,0,2,2
WBGene00047313.,0,0,0
WBGene00047314.,0,0,0
WBGene00047315.,0,0,0
WBGene00047316.,0,0,0
WBGene00047317.,0,0,0
WBGene00047318.,0,0,0
WBGene00047319.,0,0,0
WBGene00047320.,0,0,0
WBGene00047321.,0,0,0
WBGene00047322.,0,0,0
WBGene00047323.,0,0,0
WBGene00047324.,0,0,0
WBGene00047325.,0,0,0
WBGene00047326.,0,0,0
WBGene00047327.,0,0,0
WBGene00047328.,0,0,0
WBGene00047329.,0,0,0
WBGene00047330.,0,0,0
WBGene00047331.,0,0,0
WBGene00047332.,0,0,0
WBGene00047333.,0,0,0
WBGene00047334.,0,11,11
WBGene00047335.,0,0,0
WBGene00047336.,0,0,0
WBGene00047337.,0,0,0
WBGene00047338.,0,0,0
WBGene00047339.,0,21,21
WBGene00047340.,0,0,0
WBGene00047341.,0,0,0
WBGene00047342.,0,0,0
WBGene00047343.,0,0,0
WBGene00047344.,0,0,0
WBGene00047345.,0,0,0
WBGene00047346.,0,0,0
WBGene00047347.,0,0,0
WBGene00047348.,0,0,0
WBGene00047349.,0,0,0
WBGene00047350.,0,0,0
WBGene00047351.,0,0,0
WBGene00047352.,0,0,0
WBGene00047353.,0,0,0
WBGene00047354.,0,0,0
WBGene00047355.,0,0,0
WBGene00047356.,0,0,0
WBGene00047357.,0,0,0
WBGene00047358.,0,0,0
WBGene00047359.,0,0,0
WBGene00047360.,0,0,0
WBGene00047361.,0,0,0
WBGene00047362.,0,0,0
WBGene00047363.,0,0,0
WBGene00047364.,0,0,0
WBGene00047365.,0,0,0
WBGene00047366.,0,0,0
WBGene00047367.,0,0,0
WBGene00047368.,0,0,0
WBGene00047369.,0,0,0
WBGene00047370.,0,0,0
WBGene00047371.,0,0,0
WBGene00047372.,0,0,0
WBGene00047373.,0,0,0
WBGene00047374.,0,0,0
WBGene00047375.,0,0,0
WBGene00047376.,0,0,0
WBGene00047377.,0,0,0
WBGene00047378.,0,2,2
WBGene00047379.,0,0,0
WBGene00047380.,0,0,0
WBGene00047381.,0,0,0
WBGene00047382.,0,0,0
WBGene00047383.,0,0,0
WBGene00047384.,0,0,0
WBGene00047385.,0,0,0
WBGene00047386.,0,0,0
WBGene00047387.,0,0,0
WBGene00047388.,0,0,0
WBGene00047389.,0,0,0
WBGene00047390.,0,1,1
WBGene00047391.,0,6,6
WBGene00047392.,0,0,0
WBGene00047393.,0,0,0
WBGene00047394.,0,2,2
WBGene00047395.,0,0,0
WBGene00047396.,0,0,0
WBGene00047397.,0,0,0
WBGene00047398.,0,0,0
WBGene00047399.,0,0,0
WBGene00047400.,0,1,1
WBGene00047401.,0,0,0
WBGene00047402.,0,0,0
WBGene00047403.,0,0,0
WBGene00047404.,0,0,0
WBGene00047405.,0,0,0
WBGene00047406.,0,0,0
WBGene00047407.,0,12,12
WBGene00047408.,0,0,0
WBGene00047409.,0,0,0
WBGene00047410.,0,0,0
WBGene00047411.,0,14,14
WBGene00047412.,0,0,0
WBGene00047413.,0,0,0
WBGene00047414.,0,0,0
WBGene00047415.,0,0,0
WBGene00047416.,0,0,0
WBGene00047417.,0,0,0
WBGene00047418.,0,0,0
WBGene00047419.,0,0,0
WBGene00047420.,0,0,0
WBGene00047421.,0,0,0
WBGene00047422.,0,0,0
WBGene00047423.,0,0,0
WBGene00047424.,0,0,0
WBGene00047425.,0,0,0
WBGene00047426.,0,0,0
WBGene00047427.,0,0,0
WBGene00047428.,0,0,0
WBGene00047429.,0,0,0
WBGene00047430.,0,0,0
WBGene00047431.,0,0,0
WBGene00047432.,0,0,0
WBGene00047433.,0,0,0
WBGene00047434.,0,0,0
WBGene00047435.,0,0,0
WBGene00047436.,0,0,0
WBGene00047437.,0,0,0
WBGene00047438.,0,1,1
WBGene00047439.,0,0,0
WBGene00047440.,0,0,0
WBGene00047441.,0,0,0
WBGene00047442.,0,0,0
WBGene00047443.,0,0,0
WBGene00047444.,0,0,0
WBGene00047445.,0,0,0
WBGene00047446.,0,0,0
WBGene00047447.,0,7,7
WBGene00047448.,0,0,0
WBGene00047449.,0,0,0
WBGene00047450.,0,1,1
WBGene00047451.,0,0,0
WBGene00047452.,0,0,0
WBGene00047453.,0,0,0
WBGene00047454.,0,0,0
WBGene00047455.,0,0,0
WBGene00047456.,0,2,2
WBGene00047457.,0,0,0
WBGene00047458.,0,0,0
WBGene00047459.,0,0,0
WBGene00047460.,0,0,0
WBGene00047461.,0,0,0
WBGene00047462.,0,0,0
WBGene00047463.,0,0,0
WBGene00047464.,0,0,0
WBGene00047465.,0,0,0
WBGene00047466.,0,0,0
WBGene00047467.,0,1,1
WBGene00047468.,0,0,0
WBGene00047469.,0,0,0
WBGene00047470.,0,0,0
WBGene00047471.,0,0,0
WBGene00047472.,0,0,0
WBGene00047473.,0,0,0
WBGene00047474.,0,0,0
WBGene00047475.,0,0,0
WBGene00047476.,0,0,0
WBGene00047477.,0,0,0
WBGene00047478.,0,0,0
WBGene00047479.,0,0,0
WBGene00047480.,0,0,0
WBGene00047481.,0,0,0
WBGene00047482.,0,0,0
WBGene00047483.,0,0,0
WBGene00047484.,0,1,1
WBGene00047485.,0,0,0
WBGene00047486.,0,0,0
WBGene00047487.,0,0,0
WBGene00047488.,0,0,0
WBGene00047489.,0,0,0
WBGene00047490.,0,0,0
WBGene00047491.,0,0,0
WBGene00047492.,0,0,0
WBGene00047493.,0,0,0
WBGene00047494.,0,0,0
WBGene00047495.,0,0,0
WBGene00047496.,0,1,1
WBGene00047497.,0,0,0
WBGene00047498.,0,2,2
WBGene00047499.,0,1,1
WBGene00047500.,0,0,0
WBGene00047501.,0,0,0
WBGene00047502.,0,0,0
WBGene00047503.,0,0,0
WBGene00047504.,0,0,0
WBGene00047505.,0,0,0
WBGene00047506.,0,0,0
WBGene00047507.,0,0,0
WBGene00047508.,0,0,0
WBGene00047509.,0,0,0
WBGene00047510.,0,1,1
WBGene00047511.,0,0,0
WBGene00047512.,0,0,0
WBGene00047513.,0,0,0
WBGene00047514.,0,4,4
WBGene00047515.,0,0,0
WBGene00047516.,0,0,0
WBGene00047517.,0,1,1
WBGene00047518.,0,0,0
WBGene00047519.,0,0,0
WBGene00047520.,0,0,0
WBGene00047521.,0,1,1
WBGene00047522.,0,0,0
WBGene00047523.,0,0,0
WBGene00047524.,0,0,0
WBGene00047525.,0,0,0
WBGene00047526.,0,0,0
WBGene00047527.,0,1,1
WBGene00047528.,0,0,0
WBGene00047529.,0,0,0
WBGene00047530.,0,0,0
WBGene00047531.,0,0,0
WBGene00047532.,0,0,0
WBGene00047533.,0,0,0
WBGene00047534.,0,0,0
WBGene00047535.,0,0,0
WBGene00047536.,0,0,0
WBGene00047537.,0,0,0
WBGene00047538.,0,0,0
WBGene00047539.,0,0,0
WBGene00047540.,0,4,4
WBGene00047541.,0,0,0
WBGene00047542.,0,0,0
WBGene00047543.,0,0,0
WBGene00047544.,0,0,0
WBGene00047545.,0,0,0
WBGene00047546.,0,0,0
WBGene00047547.,0,0,0
WBGene00047548.,0,0,0
WBGene00047549.,0,0,0
WBGene00047550.,0,0,0
WBGene00047551.,0,0,0
WBGene00047552.,0,5,5
WBGene00047553.,0,0,0
WBGene00047554.,0,0,0
WBGene00047555.,0,0,0
WBGene00047556.,0,2,2
WBGene00047557.,0,0,0
WBGene00047558.,0,0,0
WBGene00047559.,0,0,0
WBGene00047560.,0,1,1
WBGene00047561.,0,0,0
WBGene00047562.,0,0,0
WBGene00047563.,0,0,0
WBGene00047564.,0,0,0
WBGene00047565.,0,0,0
WBGene00047566.,0,0,0
WBGene00047567.,0,0,0
WBGene00047568.,0,0,0
WBGene00047569.,0,0,0
WBGene00047570.,0,0,0
WBGene00047571.,0,0,0
WBGene00047572.,0,0,0
WBGene00047573.,0,0,0
WBGene00047574.,0,0,0
WBGene00047575.,0,0,0
WBGene00047576.,0,0,0
WBGene00047577.,0,0,0
WBGene00047578.,0,0,0
WBGene00047579.,0,0,0
WBGene00047580.,0,0,0
WBGene00047581.,0,0,0
WBGene00047582.,0,0,0
WBGene00047583.,0,0,0
WBGene00047584.,0,0,0
WBGene00047585.,0,0,0
WBGene00047586.,0,0,0
WBGene00047587.,0,1,1
WBGene00047588.,0,0,0
WBGene00047589.,0,0,0
WBGene00047590.,0,0,0
WBGene00047591.,0,0,0
WBGene00047592.,0,0,0
WBGene00047593.,0,0,0
WBGene00047594.,0,1,1
WBGene00047595.,0,1,1
WBGene00047596.,0,0,0
WBGene00047597.,0,0,0
WBGene00047598.,0,0,0
WBGene00047599.,0,0,0
WBGene00047600.,0,0,0
WBGene00047601.,0,1,1
WBGene00047602.,0,0,0
WBGene00047603.,0,0,0
WBGene00047604.,0,0,0
WBGene00047605.,0,0,0
WBGene00047606.,0,5,5
WBGene00047607.,0,0,0
WBGene00047608.,0,0,0
WBGene00047609.,0,36,36
WBGene00047610.,0,0,0
WBGene00047611.,0,0,0
WBGene00047612.,0,0,0
WBGene00047613.,0,0,0
WBGene00047614.,0,1,1
WBGene00047615.,0,0,0
WBGene00047616.,0,0,0
WBGene00047617.,0,0,0
WBGene00047618.,0,0,0
WBGene00047619.,0,0,0
WBGene00047620.,0,0,0
WBGene00047621.,0,0,0
WBGene00047622.,0,0,0
WBGene00047623.,0,2,2
WBGene00047624.,0,0,0
WBGene00047625.,0,0,0
WBGene00047626.,0,0,0
WBGene00047627.,0,0,0
WBGene00047628.,0,0,0
WBGene00047629.,0,0,0
WBGene00047630.,0,1,1
WBGene00047631.,0,0,0
WBGene00047632.,0,0,0
WBGene00047633.,0,0,0
WBGene00047634.,0,0,0
WBGene00047635.,0,1,1
WBGene00047636.,0,0,0
WBGene00047637.,0,0,0
WBGene00047638.,0,0,0
WBGene00047639.,0,0,0
WBGene00047640.,0,0,0
WBGene00047641.,0,0,0
WBGene00047642.,0,0,0
WBGene00047643.,0,0,0
WBGene00047644.,0,0,0
WBGene00047645.,0,0,0
WBGene00047646.,0,1,1
WBGene00047647.,0,0,0
WBGene00047648.,0,0,0
WBGene00047649.,0,1,1
WBGene00047650.,0,0,0
WBGene00047651.,0,0,0
WBGene00047652.,0,0,0
WBGene00047653.,0,0,0
WBGene00047654.,0,0,0
WBGene00047655.,0,0,0
WBGene00047656.,0,0,0
WBGene00047657.,0,0,0
WBGene00047658.,0,0,0
WBGene00047659.,0,0,0
WBGene00047660.,0,0,0
WBGene00047661.,0,0,0
WBGene00047662.,0,3,3
WBGene00047663.,0,0,0
WBGene00047664.,0,0,0
WBGene00047665.,0,0,0
WBGene00047666.,0,0,0
WBGene00047667.,0,0,0
WBGene00047668.,0,0,0
WBGene00047669.,0,0,0
WBGene00047670.,0,0,0
WBGene00047671.,0,0,0
WBGene00047672.,0,0,0
WBGene00047673.,0,0,0
WBGene00047674.,0,0,0
WBGene00047675.,0,0,0
WBGene00047676.,0,0,0
WBGene00047677.,0,0,0
WBGene00047678.,0,0,0
WBGene00047679.,0,0,0
WBGene00047680.,0,0,0
WBGene00047681.,0,0,0
WBGene00047682.,0,0,0
WBGene00047683.,0,0,0
WBGene00047684.,0,2,2
WBGene00047685.,0,4,4
WBGene00047686.,0,0,0
WBGene00047687.,0,0,0
WBGene00047688.,0,2,2
WBGene00047689.,0,0,0
WBGene00047690.,0,65,65
WBGene00047691.,0,4,4
WBGene00047692.,0,0,0
WBGene00047693.,0,0,0
WBGene00047694.,0,0,0
WBGene00047695.,0,5,5
WBGene00047696.,0,0,0
WBGene00047697.,0,5,5
WBGene00047698.,0,0,0
WBGene00047699.,0,1,1
WBGene00047700.,0,0,0
WBGene00047701.,0,0,0
WBGene00047702.,0,0,0
WBGene00047703.,0,1,1
WBGene00047704.,0,0,0
WBGene00047705.,0,0,0
WBGene00047706.,0,0,0
WBGene00047707.,0,0,0
WBGene00047708.,0,0,0
WBGene00047709.,0,0,0
WBGene00047710.,0,0,0
WBGene00047711.,0,0,0
WBGene00047712.,0,0,0
WBGene00047713.,0,0,0
WBGene00047714.,0,0,0
WBGene00047715.,0,0,0
WBGene00047716.,0,0,0
WBGene00047717.,0,0,0
WBGene00047718.,0,0,0
WBGene00047719.,0,0,0
WBGene00047720.,0,0,0
WBGene00047721.,0,0,0
WBGene00047722.,0,0,0
WBGene00047723.,0,2,2
WBGene00047724.,0,0,0
WBGene00047725.,0,0,0
WBGene00047726.,0,0,0
WBGene00047727.,0,0,0
WBGene00047728.,0,0,0
WBGene00047729.,0,0,0
WBGene00047730.,0,0,0
WBGene00047731.,0,0,0
WBGene00047732.,0,0,0
WBGene00047733.,0,0,0
WBGene00047734.,0,0,0
WBGene00047735.,0,1,1
WBGene00047736.,0,0,0
WBGene00047737.,0,0,0
WBGene00047738.,0,0,0
WBGene00047739.,0,2,2
WBGene00047740.,0,0,0
WBGene00047741.,0,0,0
WBGene00047742.,0,0,0
WBGene00047743.,0,0,0
WBGene00047744.,0,1,1
WBGene00047745.,0,0,0
WBGene00047746.,0,4,4
WBGene00047747.,0,0,0
WBGene00047748.,0,2,2
WBGene00047749.,0,0,0
WBGene00047750.,0,1,1
WBGene00047751.,0,0,0
WBGene00047752.,0,0,0
WBGene00047753.,0,0,0
WBGene00047754.,0,2,2
WBGene00047755.,0,0,0
WBGene00047756.,0,88,88
WBGene00047757.,0,0,0
WBGene00047758.,0,2,2
WBGene00047759.,0,1,1
WBGene00047760.,0,0,0
WBGene00047761.,0,1,1
WBGene00047762.,0,0,0
WBGene00047763.,0,2,2
WBGene00047764.,0,0,0
WBGene00047765.,0,0,0
WBGene00047766.,0,0,0
WBGene00047767.,0,0,0
WBGene00047768.,0,0,0
WBGene00047769.,0,0,0
WBGene00047770.,0,0,0
WBGene00047771.,0,0,0
WBGene00047772.,0,0,0
WBGene00047773.,0,0,0
WBGene00047774.,0,0,0
WBGene00047775.,0,0,0
WBGene00047776.,0,0,0
WBGene00047777.,0,0,0
WBGene00047778.,0,0,0
WBGene00047779.,0,0,0
WBGene00047780.,0,0,0
WBGene00047781.,0,0,0
WBGene00047782.,0,0,0
WBGene00047783.,0,0,0
WBGene00047784.,0,0,0
WBGene00047785.,0,0,0
WBGene00047786.,0,0,0
WBGene00047787.,0,0,0
WBGene00047788.,0,0,0
WBGene00047789.,0,0,0
WBGene00047790.,0,0,0
WBGene00047791.,0,0,0
WBGene00047792.,0,0,0
WBGene00047793.,0,0,0
WBGene00047794.,0,0,0
WBGene00047795.,0,0,0
WBGene00047796.,0,0,0
WBGene00047797.,0,0,0
WBGene00047798.,0,0,0
WBGene00047799.,0,0,0
WBGene00047800.,0,0,0
WBGene00047801.,0,0,0
WBGene00047802.,0,0,0
WBGene00047803.,0,5,5
WBGene00047804.,0,0,0
WBGene00047805.,0,23,23
WBGene00047806.,0,0,0
WBGene00047807.,0,0,0
WBGene00047808.,0,42,42
WBGene00047809.,0,0,0
WBGene00047810.,0,0,0
WBGene00047811.,0,0,0
WBGene00047812.,0,0,0
WBGene00047813.,0,0,0
WBGene00047814.,0,0,0
WBGene00047815.,0,0,0
WBGene00047816.,0,0,0
WBGene00047817.,0,0,0
WBGene00047818.,0,0,0
WBGene00047819.,0,1,1
WBGene00047820.,0,0,0
WBGene00047821.,0,0,0
WBGene00047822.,0,0,0
WBGene00047823.,0,0,0
WBGene00047824.,0,0,0
WBGene00047825.,0,0,0
WBGene00047826.,0,0,0
WBGene00047827.,0,0,0
WBGene00047828.,0,0,0
WBGene00047829.,0,0,0
WBGene00047830.,0,0,0
WBGene00047831.,0,0,0
WBGene00047832.,0,0,0
WBGene00047833.,0,0,0
WBGene00047834.,0,0,0
WBGene00047835.,0,0,0
WBGene00047836.,0,0,0
WBGene00047837.,0,0,0
WBGene00047838.,0,0,0
WBGene00047839.,0,0,0
WBGene00047840.,0,0,0
WBGene00047841.,0,0,0
WBGene00047842.,0,0,0
WBGene00047843.,0,6,6
WBGene00047844.,0,0,0
WBGene00047845.,0,0,0
WBGene00047846.,0,22,22
WBGene00047847.,0,0,0
WBGene00047848.,0,0,0
WBGene00047849.,0,0,0
WBGene00047850.,0,0,0
WBGene00047851.,0,0,0
WBGene00047852.,0,0,0
WBGene00047853.,0,0,0
WBGene00047854.,0,0,0
WBGene00047855.,0,0,0
WBGene00047856.,0,0,0
WBGene00047857.,0,0,0
WBGene00047858.,0,1,1
WBGene00047859.,0,0,0
WBGene00047860.,0,0,0
WBGene00047861.,0,0,0
WBGene00047862.,0,0,0
WBGene00047863.,0,0,0
WBGene00047864.,0,0,0
WBGene00047865.,0,0,0
WBGene00047866.,0,0,0
WBGene00047867.,0,0,0
WBGene00047868.,0,0,0
WBGene00047869.,0,0,0
WBGene00047870.,0,0,0
WBGene00047871.,0,0,0
WBGene00047872.,0,0,0
WBGene00047873.,0,0,0
WBGene00047874.,0,0,0
WBGene00047875.,0,0,0
WBGene00047876.,0,0,0
WBGene00047877.,0,0,0
WBGene00047878.,0,0,0
WBGene00047879.,0,0,0
WBGene00047880.,0,0,0
WBGene00047881.,0,0,0
WBGene00047882.,0,2,2
WBGene00047883.,0,1,1
WBGene00047884.,0,0,0
WBGene00047885.,0,1,1
WBGene00047886.,0,0,0
WBGene00047887.,0,0,0
WBGene00047888.,0,0,0
WBGene00047889.,0,0,0
WBGene00047890.,0,0,0
WBGene00047891.,0,0,0
WBGene00047892.,0,0,0
WBGene00047893.,0,0,0
WBGene00047894.,0,1,1
WBGene00047895.,0,0,0
WBGene00047896.,0,0,0
WBGene00047897.,0,0,0
WBGene00047898.,0,0,0
WBGene00047899.,0,1,1
WBGene00047900.,0,0,0
WBGene00047901.,0,0,0
WBGene00047902.,0,0,0
WBGene00047903.,0,0,0
WBGene00047905.,0,0,0
WBGene00047906.,0,0,0
WBGene00047907.,0,1,1
WBGene00047908.,0,0,0
WBGene00047909.,0,0,0
WBGene00047910.,0,0,0
WBGene00047911.,0,0,0
WBGene00047912.,0,0,0
WBGene00047913.,0,0,0
WBGene00047914.,0,0,0
WBGene00047915.,0,0,0
WBGene00047916.,0,9,9
WBGene00047917.,0,2,2
WBGene00047918.,0,0,0
WBGene00047919.,0,0,0
WBGene00047920.,0,0,0
WBGene00047921.,0,0,0
WBGene00047922.,0,0,0
WBGene00047923.,0,0,0
WBGene00047924.,0,0,0
WBGene00047925.,0,0,0
WBGene00047926.,0,0,0
WBGene00047927.,0,1,1
WBGene00047928.,0,0,0
WBGene00047929.,0,0,0
WBGene00047930.,0,0,0
WBGene00047931.,0,1,1
WBGene00047932.,0,0,0
WBGene00047933.,0,0,0
WBGene00047934.,0,0,0
WBGene00047935.,0,0,0
WBGene00047936.,0,0,0
WBGene00047937.,0,0,0
WBGene00047938.,0,2,2
WBGene00047939.,0,0,0
WBGene00047940.,0,0,0
WBGene00047941.,0,0,0
WBGene00047942.,0,0,0
WBGene00047943.,0,0,0
WBGene00047944.,0,0,0
WBGene00047945.,0,0,0
WBGene00047946.,0,3,3
WBGene00047947.,0,0,0
WBGene00047948.,0,0,0
WBGene00047949.,0,0,0
WBGene00047950.,0,0,0
WBGene00047951.,0,0,0
WBGene00047952.,0,1,1
WBGene00047953.,0,1,1
WBGene00047954.,0,0,0
WBGene00047955.,0,0,0
WBGene00047956.,0,0,0
WBGene00047957.,0,0,0
WBGene00047958.,0,0,0
WBGene00047959.,0,0,0
WBGene00047960.,0,0,0
WBGene00047961.,0,0,0
WBGene00047962.,0,0,0
WBGene00047963.,0,0,0
WBGene00047964.,0,2,2
WBGene00047965.,0,0,0
WBGene00047966.,0,0,0
WBGene00047967.,0,1,1
WBGene00047968.,0,0,0
WBGene00047969.,0,0,0
WBGene00047970.,0,0,0
WBGene00047971.,0,0,0
WBGene00047972.,0,1,1
WBGene00047973.,0,0,0
WBGene00047974.,0,1,1
WBGene00047975.,0,0,0
WBGene00047976.,0,0,0
WBGene00047977.,0,0,0
WBGene00047978.,0,0,0
WBGene00047979.,0,0,0
WBGene00047980.,0,0,0
WBGene00047981.,0,0,0
WBGene00047982.,0,0,0
WBGene00047983.,0,0,0
WBGene00047984.,0,0,0
WBGene00047985.,0,0,0
WBGene00047986.,0,0,0
WBGene00047987.,0,0,0
WBGene00047988.,0,0,0
WBGene00047989.,0,0,0
WBGene00047990.,0,1,1
WBGene00047991.,0,0,0
WBGene00047992.,0,0,0
WBGene00047993.,0,0,0
WBGene00047994.,0,0,0
WBGene00047995.,0,0,0
WBGene00047996.,0,0,0
WBGene00047997.,0,0,0
WBGene00047998.,0,0,0
WBGene00047999.,0,0,0
WBGene00048000.,0,0,0
WBGene00048001.,0,0,0
WBGene00048002.,0,0,0
WBGene00048003.,0,0,0
WBGene00048004.,0,0,0
WBGene00048005.,0,0,0
WBGene00048006.,0,0,0
WBGene00048007.,0,0,0
WBGene00048008.,0,1,1
WBGene00048009.,0,0,0
WBGene00048010.,0,0,0
WBGene00048011.,0,0,0
WBGene00048012.,0,0,0
WBGene00048013.,0,0,0
WBGene00048014.,0,0,0
WBGene00048015.,0,0,0
WBGene00048016.,0,3,3
WBGene00048017.,0,0,0
WBGene00048018.,0,0,0
WBGene00048019.,0,0,0
WBGene00048020.,0,0,0
WBGene00048021.,0,0,0
WBGene00048022.,0,0,0
WBGene00048023.,0,0,0
WBGene00048024.,0,0,0
WBGene00048025.,0,0,0
WBGene00048026.,0,0,0
WBGene00048027.,0,0,0
WBGene00048028.,0,0,0
WBGene00048029.,0,0,0
WBGene00048030.,0,0,0
WBGene00048031.,0,0,0
WBGene00048032.,0,0,0
WBGene00048033.,0,0,0
WBGene00048034.,0,0,0
WBGene00048035.,0,0,0
WBGene00048036.,0,0,0
WBGene00048037.,0,0,0
WBGene00048038.,0,1,1
WBGene00048039.,0,0,0
WBGene00048040.,0,0,0
WBGene00048041.,0,0,0
WBGene00048042.,0,0,0
WBGene00048043.,0,0,0
WBGene00048044.,0,0,0
WBGene00048045.,0,0,0
WBGene00048046.,0,0,0
WBGene00048047.,0,0,0
WBGene00048048.,0,0,0
WBGene00048049.,0,0,0
WBGene00048050.,0,1,1
WBGene00048051.,0,0,0
WBGene00048052.,0,0,0
WBGene00048053.,0,1,1
WBGene00048054.,0,0,0
WBGene00048055.,0,0,0
WBGene00048056.,0,0,0
WBGene00048057.,0,1,1
WBGene00048058.,0,0,0
WBGene00048059.,0,0,0
WBGene00048060.,0,0,0
WBGene00048061.,0,0,0
WBGene00048062.,0,0,0
WBGene00048063.,0,1,1
WBGene00048064.,0,0,0
WBGene00048065.,0,0,0
WBGene00048066.,0,0,0
WBGene00048067.,0,0,0
WBGene00048068.,0,1,1
WBGene00048069.,0,0,0
WBGene00048070.,0,0,0
WBGene00048071.,0,0,0
WBGene00048072.,0,0,0
WBGene00048073.,0,0,0
WBGene00048074.,0,0,0
WBGene00048075.,0,4,4
WBGene00048076.,0,0,0
WBGene00048077.,0,0,0
WBGene00048078.,0,0,0
WBGene00048079.,0,0,0
WBGene00048080.,0,0,0
WBGene00048081.,0,0,0
WBGene00048082.,0,0,0
WBGene00048083.,0,0,0
WBGene00048084.,0,0,0
WBGene00048085.,0,0,0
WBGene00048086.,0,0,0
WBGene00048087.,0,0,0
WBGene00048088.,0,0,0
WBGene00048089.,0,0,0
WBGene00048090.,0,0,0
WBGene00048091.,0,0,0
WBGene00048092.,0,5,5
WBGene00048093.,0,0,0
WBGene00048094.,0,0,0
WBGene00048095.,0,0,0
WBGene00048096.,0,0,0
WBGene00048097.,0,0,0
WBGene00048098.,0,0,0
WBGene00048099.,0,0,0
WBGene00048100.,0,0,0
WBGene00048101.,0,0,0
WBGene00048102.,0,0,0
WBGene00048103.,0,0,0
WBGene00048104.,0,0,0
WBGene00048105.,0,1,1
WBGene00048106.,0,0,0
WBGene00048107.,0,0,0
WBGene00048108.,0,0,0
WBGene00048109.,0,0,0
WBGene00048110.,0,0,0
WBGene00048111.,0,0,0
WBGene00048112.,0,0,0
WBGene00048113.,0,0,0
WBGene00048114.,0,0,0
WBGene00048115.,0,0,0
WBGene00048116.,0,0,0
WBGene00048117.,0,0,0
WBGene00048118.,0,3,3
WBGene00048119.,0,0,0
WBGene00048120.,0,0,0
WBGene00048121.,0,0,0
WBGene00048122.,0,0,0
WBGene00048123.,0,1,1
WBGene00048124.,0,0,0
WBGene00048125.,0,0,0
WBGene00048126.,0,0,0
WBGene00048127.,0,0,0
WBGene00048128.,0,4,4
WBGene00048129.,0,0,0
WBGene00048130.,0,0,0
WBGene00048131.,0,0,0
WBGene00048132.,0,0,0
WBGene00048133.,0,2,2
WBGene00048134.,0,0,0
WBGene00048135.,0,0,0
WBGene00048136.,0,0,0
WBGene00048137.,0,0,0
WBGene00048138.,0,0,0
WBGene00048139.,0,0,0
WBGene00048140.,0,0,0
WBGene00048141.,0,0,0
WBGene00048142.,0,0,0
WBGene00048143.,0,0,0
WBGene00048144.,0,0,0
WBGene00048145.,0,0,0
WBGene00048146.,0,0,0
WBGene00048147.,0,9,9
WBGene00048148.,0,1,1
WBGene00048149.,0,0,0
WBGene00048150.,0,0,0
WBGene00048151.,0,0,0
WBGene00048152.,0,0,0
WBGene00048153.,0,0,0
WBGene00048154.,0,0,0
WBGene00048155.,0,0,0
WBGene00048156.,0,0,0
WBGene00048157.,0,0,0
WBGene00048158.,0,0,0
WBGene00048159.,0,0,0
WBGene00048160.,0,0,0
WBGene00048161.,0,0,0
WBGene00048162.,0,0,0
WBGene00048163.,0,0,0
WBGene00048164.,0,0,0
WBGene00048165.,0,0,0
WBGene00048166.,0,1,1
WBGene00048167.,0,0,0
WBGene00048168.,0,0,0
WBGene00048169.,0,15,15
WBGene00048170.,0,0,0
WBGene00048171.,0,0,0
WBGene00048172.,0,0,0
WBGene00048173.,0,0,0
WBGene00048174.,0,0,0
WBGene00048175.,0,0,0
WBGene00048176.,0,0,0
WBGene00048177.,0,0,0
WBGene00048178.,0,0,0
WBGene00048179.,0,0,0
WBGene00048180.,0,0,0
WBGene00048181.,0,0,0
WBGene00048182.,0,0,0
WBGene00048183.,0,0,0
WBGene00048184.,0,0,0
WBGene00048185.,0,0,0
WBGene00048186.,0,0,0
WBGene00048187.,0,0,0
WBGene00048188.,0,0,0
WBGene00048189.,0,0,0
WBGene00048190.,0,3,3
WBGene00048191.,0,0,0
WBGene00048192.,0,0,0
WBGene00048193.,0,0,0
WBGene00048194.,0,0,0
WBGene00048195.,0,2,2
WBGene00048196.,0,0,0
WBGene00048197.,0,0,0
WBGene00048198.,0,0,0
WBGene00048199.,0,0,0
WBGene00048200.,0,3,3
WBGene00048201.,0,0,0
WBGene00048202.,0,0,0
WBGene00048203.,0,0,0
WBGene00048204.,0,0,0
WBGene00048205.,0,0,0
WBGene00048206.,0,0,0
WBGene00048207.,0,0,0
WBGene00048208.,0,0,0
WBGene00048209.,0,0,0
WBGene00048210.,0,1,1
WBGene00048211.,0,0,0
WBGene00048212.,0,0,0
WBGene00048213.,0,0,0
WBGene00048214.,0,1,1
WBGene00048215.,0,0,0
WBGene00048216.,0,0,0
WBGene00048217.,0,0,0
WBGene00048218.,0,0,0
WBGene00048219.,0,0,0
WBGene00048220.,0,0,0
WBGene00048221.,0,13,13
WBGene00048222.,0,0,0
WBGene00048223.,0,1,1
WBGene00048224.,0,1,1
WBGene00048225.,0,0,0
WBGene00048226.,0,0,0
WBGene00048227.,0,0,0
WBGene00048228.,0,0,0
WBGene00048229.,0,0,0
WBGene00048230.,0,0,0
WBGene00048231.,0,0,0
WBGene00048232.,0,0,0
WBGene00048233.,0,1,1
WBGene00048234.,0,0,0
WBGene00048235.,0,0,0
WBGene00048236.,0,0,0
WBGene00048237.,0,0,0
WBGene00048238.,0,0,0
WBGene00048239.,0,0,0
WBGene00048240.,0,0,0
WBGene00048241.,0,0,0
WBGene00048242.,0,0,0
WBGene00048243.,0,0,0
WBGene00048244.,0,0,0
WBGene00048245.,0,0,0
WBGene00048246.,0,0,0
WBGene00048247.,0,0,0
WBGene00048248.,0,1,1
WBGene00048249.,0,0,0
WBGene00048250.,0,0,0
WBGene00048251.,0,0,0
WBGene00048252.,0,0,0
WBGene00048253.,0,0,0
WBGene00048254.,0,0,0
WBGene00048255.,0,0,0
WBGene00048256.,0,0,0
WBGene00048257.,0,0,0
WBGene00048258.,0,0,0
WBGene00048259.,0,0,0
WBGene00048260.,0,0,0
WBGene00048261.,0,0,0
WBGene00048262.,0,0,0
WBGene00048263.,0,0,0
WBGene00048264.,0,0,0
WBGene00048265.,0,0,0
WBGene00048266.,0,0,0
WBGene00048267.,0,0,0
WBGene00048268.,0,1,1
WBGene00048269.,0,0,0
WBGene00048270.,0,0,0
WBGene00048271.,0,0,0
WBGene00048272.,0,0,0
WBGene00048273.,0,0,0
WBGene00048274.,0,0,0
WBGene00048275.,0,0,0
WBGene00048276.,0,0,0
WBGene00048277.,0,0,0
WBGene00048278.,0,0,0
WBGene00048279.,0,0,0
WBGene00048280.,0,0,0
WBGene00048281.,0,0,0
WBGene00048282.,0,0,0
WBGene00048283.,0,0,0
WBGene00048284.,0,0,0
WBGene00048285.,0,0,0
WBGene00048286.,0,0,0
WBGene00048287.,0,1,1
WBGene00048288.,0,2,2
WBGene00048289.,0,0,0
WBGene00048290.,0,0,0
WBGene00048291.,0,0,0
WBGene00048292.,0,0,0
WBGene00048293.,0,2,2
WBGene00048294.,0,2,2
WBGene00048295.,0,1,1
WBGene00048296.,0,0,0
WBGene00048297.,0,0,0
WBGene00048298.,0,0,0
WBGene00048299.,0,3,3
WBGene00048300.,0,1,1
WBGene00048301.,0,0,0
WBGene00048302.,0,0,0
WBGene00048303.,0,0,0
WBGene00048304.,0,0,0
WBGene00048305.,0,1,1
WBGene00048306.,0,0,0
WBGene00048307.,0,0,0
WBGene00048308.,0,0,0
WBGene00048309.,0,0,0
WBGene00048310.,0,0,0
WBGene00048311.,0,0,0
WBGene00048312.,0,0,0
WBGene00048313.,0,0,0
WBGene00048314.,0,0,0
WBGene00048315.,0,0,0
WBGene00048316.,0,0,0
WBGene00048317.,0,0,0
WBGene00048318.,0,0,0
WBGene00048319.,0,0,0
WBGene00048320.,0,0,0
WBGene00048321.,0,0,0
WBGene00048322.,0,1,1
WBGene00048323.,0,0,0
WBGene00048324.,0,0,0
WBGene00048325.,0,0,0
WBGene00048326.,0,1,1
WBGene00048327.,0,0,0
WBGene00048328.,0,2,2
WBGene00048329.,0,0,0
WBGene00048330.,0,0,0
WBGene00048331.,0,0,0
WBGene00048332.,0,0,0
WBGene00048333.,0,0,0
WBGene00048334.,0,5,5
WBGene00048335.,0,0,0
WBGene00048336.,0,1,1
WBGene00048337.,0,0,0
WBGene00048338.,0,0,0
WBGene00048339.,0,0,0
WBGene00048340.,0,1,1
WBGene00048341.,0,0,0
WBGene00048342.,0,0,0
WBGene00048343.,0,0,0
WBGene00048344.,0,0,0
WBGene00048345.,0,0,0
WBGene00048346.,0,0,0
WBGene00048347.,0,0,0
WBGene00048348.,0,2,2
WBGene00048349.,0,0,0
WBGene00048350.,0,0,0
WBGene00048351.,0,0,0
WBGene00048352.,0,0,0
WBGene00048353.,0,0,0
WBGene00048354.,0,0,0
WBGene00048355.,0,2,2
WBGene00048356.,0,0,0
WBGene00048357.,0,0,0
WBGene00048358.,0,0,0
WBGene00048359.,0,0,0
WBGene00048360.,0,0,0
WBGene00048361.,0,0,0
WBGene00048362.,0,0,0
WBGene00048363.,0,0,0
WBGene00048364.,0,0,0
WBGene00048365.,0,0,0
WBGene00048366.,0,0,0
WBGene00048367.,0,0,0
WBGene00048368.,0,0,0
WBGene00048369.,0,0,0
WBGene00048370.,0,0,0
WBGene00048371.,0,0,0
WBGene00048372.,0,0,0
WBGene00048373.,0,0,0
WBGene00048374.,0,12,12
WBGene00048375.,0,38,38
WBGene00048376.,0,0,0
WBGene00048377.,0,0,0
WBGene00048378.,0,0,0
WBGene00048379.,0,0,0
WBGene00048380.,0,0,0
WBGene00048381.,0,0,0
WBGene00048382.,0,2,2
WBGene00048383.,0,0,0
WBGene00048384.,0,0,0
WBGene00048385.,0,3,3
WBGene00048386.,0,0,0
WBGene00048387.,0,0,0
WBGene00048388.,0,0,0
WBGene00048389.,0,0,0
WBGene00048390.,0,0,0
WBGene00048391.,0,0,0
WBGene00048392.,0,0,0
WBGene00048393.,0,0,0
WBGene00048394.,0,0,0
WBGene00048395.,0,0,0
WBGene00048396.,0,0,0
WBGene00048397.,0,0,0
WBGene00048398.,0,0,0
WBGene00048399.,0,0,0
WBGene00048400.,0,0,0
WBGene00048401.,0,0,0
WBGene00048402.,0,0,0
WBGene00048403.,0,0,0
WBGene00048404.,0,1,1
WBGene00048405.,0,0,0
WBGene00048406.,0,0,0
WBGene00048407.,0,0,0
WBGene00048408.,0,0,0
WBGene00048409.,0,0,0
WBGene00048410.,0,0,0
WBGene00048411.,0,0,0
WBGene00048412.,0,1,1
WBGene00048413.,0,0,0
WBGene00048414.,0,3,3
WBGene00048415.,0,0,0
WBGene00048416.,0,0,0
WBGene00048417.,0,0,0
WBGene00048418.,0,0,0
WBGene00048419.,0,0,0
WBGene00048420.,0,3,3
WBGene00048421.,0,0,0
WBGene00048422.,0,0,0
WBGene00048423.,0,0,0
WBGene00048424.,0,0,0
WBGene00048425.,0,0,0
WBGene00048426.,0,0,0
WBGene00048427.,0,0,0
WBGene00048428.,0,0,0
WBGene00048429.,0,0,0
WBGene00048430.,0,0,0
WBGene00048431.,0,1,1
WBGene00048432.,0,0,0
WBGene00048433.,0,0,0
WBGene00048434.,0,0,0
WBGene00048435.,0,0,0
WBGene00048436.,0,0,0
WBGene00048437.,0,0,0
WBGene00048438.,0,0,0
WBGene00048439.,0,0,0
WBGene00048440.,0,2,2
WBGene00048441.,0,0,0
WBGene00048442.,0,0,0
WBGene00048443.,0,0,0
WBGene00048444.,0,0,0
WBGene00048445.,0,0,0
WBGene00048446.,0,0,0
WBGene00048447.,0,1,1
WBGene00048448.,0,0,0
WBGene00048449.,0,1,1
WBGene00048450.,0,1,1
WBGene00048451.,0,0,0
WBGene00048452.,0,0,0
WBGene00048453.,0,0,0
WBGene00048454.,0,0,0
WBGene00048455.,0,0,0
WBGene00048456.,0,0,0
WBGene00048457.,0,0,0
WBGene00048458.,0,0,0
WBGene00048459.,0,0,0
WBGene00048460.,0,0,0
WBGene00048461.,0,2,2
WBGene00048462.,0,0,0
WBGene00048463.,0,3,3
WBGene00048464.,0,0,0
WBGene00048465.,0,0,0
WBGene00048466.,0,0,0
WBGene00048467.,0,0,0
WBGene00048468.,0,0,0
WBGene00048469.,0,0,0
WBGene00048470.,0,0,0
WBGene00048471.,0,0,0
WBGene00048472.,0,0,0
WBGene00048473.,0,0,0
WBGene00048474.,0,0,0
WBGene00048475.,0,0,0
WBGene00048476.,0,0,0
WBGene00048477.,0,0,0
WBGene00048478.,0,0,0
WBGene00048479.,0,0,0
WBGene00048480.,0,0,0
WBGene00048481.,0,0,0
WBGene00048482.,0,0,0
WBGene00048483.,0,0,0
WBGene00048484.,0,2,2
WBGene00048485.,0,0,0
WBGene00048486.,0,0,0
WBGene00048487.,0,0,0
WBGene00048488.,0,0,0
WBGene00048489.,0,1,1
WBGene00048490.,0,0,0
WBGene00048491.,0,0,0
WBGene00048492.,0,0,0
WBGene00048493.,0,0,0
WBGene00048494.,0,1,1
WBGene00048495.,0,4,4
WBGene00048496.,0,0,0
WBGene00048497.,0,0,0
WBGene00048498.,0,0,0
WBGene00048499.,0,0,0
WBGene00048500.,0,0,0
WBGene00048501.,0,0,0
WBGene00048502.,0,0,0
WBGene00048503.,0,0,0
WBGene00048504.,0,0,0
WBGene00048505.,0,0,0
WBGene00048506.,0,1,1
WBGene00048507.,0,0,0
WBGene00048508.,0,0,0
WBGene00048509.,0,0,0
WBGene00048510.,0,0,0
WBGene00048511.,0,2,2
WBGene00048512.,0,0,0
WBGene00048513.,0,0,0
WBGene00048514.,0,0,0
WBGene00048515.,0,0,0
WBGene00048516.,0,0,0
WBGene00048517.,0,0,0
WBGene00048518.,0,1,1
WBGene00048519.,0,0,0
WBGene00048520.,0,0,0
WBGene00048521.,0,0,0
WBGene00048522.,0,0,0
WBGene00048523.,0,0,0
WBGene00048524.,0,0,0
WBGene00048525.,0,1,1
WBGene00048526.,0,0,0
WBGene00048527.,0,3,3
WBGene00048528.,0,0,0
WBGene00048529.,0,0,0
WBGene00048530.,0,5,5
WBGene00048531.,0,0,0
WBGene00048532.,0,0,0
WBGene00048533.,0,0,0
WBGene00048534.,0,0,0
WBGene00048535.,0,0,0
WBGene00048536.,0,0,0
WBGene00048537.,0,0,0
WBGene00048538.,0,4,4
WBGene00048539.,0,0,0
WBGene00048540.,0,0,0
WBGene00048541.,0,0,0
WBGene00048542.,0,0,0
WBGene00048543.,0,0,0
WBGene00048544.,0,0,0
WBGene00048545.,0,0,0
WBGene00048546.,0,0,0
WBGene00048547.,0,0,0
WBGene00048548.,0,0,0
WBGene00048549.,0,0,0
WBGene00048550.,0,0,0
WBGene00048551.,0,0,0
WBGene00048552.,0,1,1
WBGene00048553.,0,0,0
WBGene00048554.,0,0,0
WBGene00048555.,0,0,0
WBGene00048556.,0,0,0
WBGene00048557.,0,0,0
WBGene00048558.,0,0,0
WBGene00048559.,0,4,4
WBGene00048560.,0,0,0
WBGene00048561.,0,5,5
WBGene00048562.,0,0,0
WBGene00048563.,0,0,0
WBGene00048564.,0,0,0
WBGene00048565.,0,0,0
WBGene00048566.,0,0,0
WBGene00048567.,0,0,0
WBGene00048568.,0,0,0
WBGene00048569.,0,0,0
WBGene00048570.,0,8,8
WBGene00048571.,0,0,0
WBGene00048572.,0,0,0
WBGene00048573.,0,0,0
WBGene00048574.,0,0,0
WBGene00048575.,0,0,0
WBGene00048576.,0,0,0
WBGene00048577.,0,0,0
WBGene00048578.,0,0,0
WBGene00048579.,0,0,0
WBGene00048580.,0,0,0
WBGene00048581.,0,0,0
WBGene00048582.,0,0,0
WBGene00048583.,0,7,7
WBGene00048584.,0,0,0
WBGene00048585.,0,0,0
WBGene00048586.,0,0,0
WBGene00048587.,0,0,0
WBGene00048588.,0,0,0
WBGene00048589.,0,0,0
WBGene00048590.,0,0,0
WBGene00048591.,0,0,0
WBGene00048592.,0,0,0
WBGene00048593.,0,0,0
WBGene00048594.,0,0,0
WBGene00048595.,0,1,1
WBGene00048596.,0,5,5
WBGene00048597.,0,0,0
WBGene00048598.,0,0,0
WBGene00048599.,0,0,0
WBGene00048600.,0,0,0
WBGene00048601.,0,0,0
WBGene00048602.,0,1,1
WBGene00048603.,0,10,10
WBGene00048604.,0,0,0
WBGene00048605.,0,11,11
WBGene00048606.,0,0,0
WBGene00048607.,0,0,0
WBGene00048608.,0,0,0
WBGene00048609.,0,1,1
WBGene00048610.,0,0,0
WBGene00048611.,0,0,0
WBGene00048612.,0,1,1
WBGene00048613.,0,3,3
WBGene00048614.,0,1,1
WBGene00048615.,0,0,0
WBGene00048616.,0,0,0
WBGene00048617.,0,0,0
WBGene00048618.,0,0,0
WBGene00048619.,0,0,0
WBGene00048620.,0,0,0
WBGene00048621.,0,0,0
WBGene00048622.,0,0,0
WBGene00048623.,0,1,1
WBGene00048624.,0,0,0
WBGene00048625.,0,0,0
WBGene00048626.,0,0,0
WBGene00048627.,0,0,0
WBGene00048628.,0,0,0
WBGene00048629.,0,0,0
WBGene00048630.,0,0,0
WBGene00048631.,0,1,1
WBGene00048632.,0,0,0
WBGene00048633.,0,0,0
WBGene00048634.,0,18,18
WBGene00048635.,0,0,0
WBGene00048636.,0,0,0
WBGene00048637.,0,0,0
WBGene00048638.,0,0,0
WBGene00048639.,0,0,0
WBGene00048640.,0,0,0
WBGene00048641.,0,0,0
WBGene00048642.,0,0,0
WBGene00048643.,0,0,0
WBGene00048644.,0,4,4
WBGene00048645.,0,2,2
WBGene00048646.,0,0,0
WBGene00048647.,0,2,2
WBGene00048648.,0,0,0
WBGene00048649.,0,0,0
WBGene00048650.,0,0,0
WBGene00048651.,0,2,2
WBGene00048652.,0,0,0
WBGene00048653.,0,0,0
WBGene00048654.,0,0,0
WBGene00048655.,0,0,0
WBGene00048656.,0,0,0
WBGene00048657.,0,0,0
WBGene00048658.,0,0,0
WBGene00048659.,0,0,0
WBGene00048660.,0,0,0
WBGene00048661.,0,0,0
WBGene00048662.,0,0,0
WBGene00048663.,0,0,0
WBGene00048664.,0,0,0
WBGene00048665.,0,0,0
WBGene00048666.,0,0,0
WBGene00048667.,0,0,0
WBGene00048668.,0,0,0
WBGene00048669.,0,1,1
WBGene00048670.,0,0,0
WBGene00048671.,0,0,0
WBGene00048672.,0,0,0
WBGene00048673.,0,0,0
WBGene00048674.,0,0,0
WBGene00048675.,0,0,0
WBGene00048676.,0,0,0
WBGene00048677.,0,0,0
WBGene00048678.,0,0,0
WBGene00048679.,0,2,2
WBGene00048680.,0,0,0
WBGene00048681.,0,0,0
WBGene00048682.,0,0,0
WBGene00048683.,0,0,0
WBGene00048684.,0,2,2
WBGene00048685.,0,0,0
WBGene00048686.,0,0,0
WBGene00048687.,0,0,0
WBGene00048688.,0,0,0
WBGene00048689.,0,0,0
WBGene00048690.,0,0,0
WBGene00048691.,0,0,0
WBGene00048692.,0,0,0
WBGene00048693.,0,0,0
WBGene00048694.,0,1,1
WBGene00048695.,0,0,0
WBGene00048696.,0,0,0
WBGene00048697.,0,0,0
WBGene00048698.,0,0,0
WBGene00048699.,0,0,0
WBGene00048700.,0,0,0
WBGene00048701.,0,0,0
WBGene00048702.,0,0,0
WBGene00048703.,0,0,0
WBGene00048704.,0,0,0
WBGene00048705.,0,0,0
WBGene00048706.,0,0,0
WBGene00048707.,0,0,0
WBGene00048708.,0,0,0
WBGene00048709.,0,2,2
WBGene00048710.,0,0,0
WBGene00048711.,0,0,0
WBGene00048712.,0,0,0
WBGene00048713.,0,0,0
WBGene00048714.,0,0,0
WBGene00048715.,0,0,0
WBGene00048716.,0,0,0
WBGene00048717.,0,1,1
WBGene00048718.,0,0,0
WBGene00048719.,0,4,4
WBGene00048720.,0,0,0
WBGene00048721.,0,0,0
WBGene00048722.,0,2,2
WBGene00048723.,0,1,1
WBGene00048724.,0,0,0
WBGene00048725.,0,2,2
WBGene00048726.,0,0,0
WBGene00048727.,0,3,3
WBGene00048728.,0,0,0
WBGene00048729.,0,0,0
WBGene00048730.,0,1,1
WBGene00048731.,0,0,0
WBGene00048732.,0,0,0
WBGene00048733.,0,0,0
WBGene00048734.,0,0,0
WBGene00048735.,0,1,1
WBGene00048736.,0,2,2
WBGene00048737.,0,0,0
WBGene00048738.,0,0,0
WBGene00048739.,0,1,1
WBGene00048740.,0,0,0
WBGene00048741.,0,0,0
WBGene00048742.,0,0,0
WBGene00048743.,0,0,0
WBGene00048744.,0,0,0
WBGene00048745.,0,0,0
WBGene00048746.,0,0,0
WBGene00048747.,0,0,0
WBGene00048748.,0,1,1
WBGene00048749.,0,1,1
WBGene00048750.,0,0,0
WBGene00048751.,0,0,0
WBGene00048752.,0,0,0
WBGene00048753.,0,0,0
WBGene00048754.,0,0,0
WBGene00048755.,0,0,0
WBGene00048756.,0,2,2
WBGene00048757.,0,0,0
WBGene00048758.,0,0,0
WBGene00048759.,0,0,0
WBGene00048760.,0,0,0
WBGene00048761.,0,0,0
WBGene00048762.,0,0,0
WBGene00048763.,0,0,0
WBGene00048764.,0,0,0
WBGene00048765.,0,0,0
WBGene00048766.,0,0,0
WBGene00048767.,0,1,1
WBGene00048768.,0,0,0
WBGene00048769.,0,0,0
WBGene00048770.,0,0,0
WBGene00048771.,0,1,1
WBGene00048772.,0,0,0
WBGene00048773.,0,0,0
WBGene00048774.,0,0,0
WBGene00048775.,0,0,0
WBGene00048776.,0,0,0
WBGene00048777.,0,0,0
WBGene00048778.,0,0,0
WBGene00048779.,0,0,0
WBGene00048780.,0,0,0
WBGene00048781.,0,0,0
WBGene00048782.,0,0,0
WBGene00048783.,0,1,1
WBGene00048784.,0,0,0
WBGene00048785.,0,0,0
WBGene00048786.,0,0,0
WBGene00048787.,0,0,0
WBGene00048788.,0,0,0
WBGene00048789.,0,0,0
WBGene00048790.,0,0,0
WBGene00048791.,0,0,0
WBGene00048792.,0,7,7
WBGene00048793.,0,0,0
WBGene00048794.,0,0,0
WBGene00048795.,0,0,0
WBGene00048796.,0,0,0
WBGene00048797.,0,0,0
WBGene00048798.,0,0,0
WBGene00048799.,0,0,0
WBGene00048800.,0,0,0
WBGene00048801.,0,0,0
WBGene00048802.,0,0,0
WBGene00048803.,0,0,0
WBGene00048804.,0,0,0
WBGene00048805.,0,0,0
WBGene00048806.,0,0,0
WBGene00048807.,0,0,0
WBGene00048808.,0,0,0
WBGene00048809.,0,0,0
WBGene00048810.,0,0,0
WBGene00048811.,0,0,0
WBGene00048812.,0,0,0
WBGene00048813.,0,0,0
WBGene00048814.,0,2,2
WBGene00048815.,0,0,0
WBGene00048816.,0,0,0
WBGene00048817.,0,0,0
WBGene00048819.,0,0,0
WBGene00048820.,0,8,8
WBGene00048821.,0,0,0
WBGene00048822.,0,0,0
WBGene00048823.,0,7,7
WBGene00048824.,0,0,0
WBGene00048825.,0,2,2
WBGene00048826.,0,0,0
WBGene00048827.,0,0,0
WBGene00048828.,0,0,0
WBGene00048829.,0,0,0
WBGene00048830.,0,0,0
WBGene00048831.,0,0,0
WBGene00048832.,0,0,0
WBGene00048833.,0,0,0
WBGene00048834.,0,0,0
WBGene00048835.,0,0,0
WBGene00048836.,0,1,1
WBGene00048837.,0,0,0
WBGene00048838.,0,0,0
WBGene00048839.,0,2,2
WBGene00048840.,0,0,0
WBGene00048841.,0,1,1
WBGene00048842.,0,0,0
WBGene00048843.,0,0,0
WBGene00048844.,0,0,0
WBGene00048845.,0,0,0
WBGene00048846.,0,0,0
WBGene00048847.,0,0,0
WBGene00048848.,0,1,1
WBGene00048849.,0,0,0
WBGene00048850.,0,0,0
WBGene00048851.,0,0,0
WBGene00048852.,0,0,0
WBGene00048853.,0,0,0
WBGene00048854.,0,0,0
WBGene00048855.,0,0,0
WBGene00048856.,0,0,0
WBGene00048857.,0,0,0
WBGene00048858.,0,0,0
WBGene00048859.,0,0,0
WBGene00048860.,0,0,0
WBGene00048861.,0,1,1
WBGene00048862.,0,0,0
WBGene00048863.,0,0,0
WBGene00048864.,0,0,0
WBGene00048865.,0,0,0
WBGene00048866.,0,0,0
WBGene00048867.,0,0,0
WBGene00048868.,0,0,0
WBGene00048869.,0,0,0
WBGene00048870.,0,1,1
WBGene00048871.,0,0,0
WBGene00048872.,0,0,0
WBGene00048873.,0,0,0
WBGene00048874.,0,0,0
WBGene00048875.,0,0,0
WBGene00048876.,0,0,0
WBGene00048877.,0,0,0
WBGene00048878.,0,0,0
WBGene00048879.,0,0,0
WBGene00048880.,0,0,0
WBGene00048881.,0,0,0
WBGene00048882.,0,0,0
WBGene00048883.,0,0,0
WBGene00048884.,0,0,0
WBGene00048885.,0,9,9
WBGene00048886.,0,0,0
WBGene00048887.,0,2,2
WBGene00048888.,0,0,0
WBGene00048889.,0,4,4
WBGene00048890.,0,0,0
WBGene00048891.,0,1,1
WBGene00048892.,0,0,0
WBGene00048893.,0,0,0
WBGene00048894.,0,0,0
WBGene00048895.,0,0,0
WBGene00048896.,0,0,0
WBGene00048897.,0,9,9
WBGene00048898.,0,2,2
WBGene00048899.,0,0,0
WBGene00048900.,0,0,0
WBGene00048901.,0,0,0
WBGene00048902.,0,0,0
WBGene00048903.,0,0,0
WBGene00048904.,0,0,0
WBGene00048905.,0,1,1
WBGene00048906.,0,0,0
WBGene00048907.,0,0,0
WBGene00048908.,0,0,0
WBGene00048909.,0,0,0
WBGene00048910.,0,0,0
WBGene00048911.,0,3,3
WBGene00048912.,0,0,0
WBGene00048913.,0,0,0
WBGene00048914.,0,0,0
WBGene00048915.,0,0,0
WBGene00048916.,0,0,0
WBGene00048917.,0,0,0
WBGene00048918.,0,0,0
WBGene00048919.,0,0,0
WBGene00048920.,0,0,0
WBGene00048921.,0,0,0
WBGene00048922.,0,0,0
WBGene00048923.,0,0,0
WBGene00048924.,0,9,9
WBGene00048925.,0,0,0
WBGene00048926.,0,0,0
WBGene00048927.,0,0,0
WBGene00048928.,0,0,0
WBGene00048929.,0,0,0
WBGene00048930.,0,0,0
WBGene00048931.,0,0,0
WBGene00048932.,0,0,0
WBGene00048933.,0,0,0
WBGene00048934.,0,0,0
WBGene00048935.,0,0,0
WBGene00048936.,0,0,0
WBGene00048937.,0,0,0
WBGene00048938.,0,3,3
WBGene00048939.,0,0,0
WBGene00048940.,0,0,0
WBGene00048941.,0,0,0
WBGene00048942.,0,0,0
WBGene00048943.,0,0,0
WBGene00048944.,0,0,0
WBGene00048945.,0,0,0
WBGene00048946.,0,0,0
WBGene00048947.,0,0,0
WBGene00048948.,0,0,0
WBGene00048949.,0,1,1
WBGene00048950.,0,0,0
WBGene00048951.,0,0,0
WBGene00048952.,0,0,0
WBGene00048953.,0,1,1
WBGene00048954.,0,2,2
WBGene00048955.,0,0,0
WBGene00048956.,0,0,0
WBGene00048957.,0,0,0
WBGene00048958.,0,0,0
WBGene00048959.,0,0,0
WBGene00048960.,0,0,0
WBGene00048961.,0,0,0
WBGene00048962.,0,0,0
WBGene00048963.,0,0,0
WBGene00048964.,0,0,0
WBGene00048965.,0,0,0
WBGene00048966.,0,0,0
WBGene00048967.,0,0,0
WBGene00048968.,0,0,0
WBGene00048969.,0,0,0
WBGene00048970.,0,3,3
WBGene00048971.,0,3,3
WBGene00048972.,0,0,0
WBGene00048973.,0,0,0
WBGene00048974.,0,1,1
WBGene00048975.,0,0,0
WBGene00048976.,0,0,0
WBGene00048977.,0,1,1
WBGene00048978.,0,0,0
WBGene00048979.,0,0,0
WBGene00048980.,0,0,0
WBGene00048981.,0,0,0
WBGene00048982.,0,0,0
WBGene00048983.,0,2,2
WBGene00048984.,0,0,0
WBGene00048985.,0,0,0
WBGene00048986.,0,1,1
WBGene00048987.,0,0,0
WBGene00048988.,0,0,0
WBGene00048989.,0,0,0
WBGene00048990.,0,1,1
WBGene00048991.,0,0,0
WBGene00048992.,0,0,0
WBGene00048993.,0,0,0
WBGene00048994.,0,0,0
WBGene00048995.,0,1,1
WBGene00048996.,0,0,0
WBGene00048997.,0,0,0
WBGene00048998.,0,0,0
WBGene00048999.,0,3,3
WBGene00049000.,0,0,0
WBGene00049001.,0,0,0
WBGene00049002.,0,0,0
WBGene00049003.,0,0,0
WBGene00049004.,0,1,1
WBGene00049005.,0,0,0
WBGene00049006.,0,0,0
WBGene00049007.,0,0,0
WBGene00049008.,0,0,0
WBGene00049009.,0,0,0
WBGene00049010.,0,0,0
WBGene00049011.,0,1,1
WBGene00049012.,0,0,0
WBGene00049013.,0,0,0
WBGene00049014.,0,0,0
WBGene00049015.,0,0,0
WBGene00049016.,0,0,0
WBGene00049017.,0,0,0
WBGene00049018.,0,0,0
WBGene00049019.,0,0,0
WBGene00049020.,0,0,0
WBGene00049021.,0,0,0
WBGene00049022.,0,0,0
WBGene00049023.,0,0,0
WBGene00049024.,0,0,0
WBGene00049025.,0,0,0
WBGene00049026.,0,0,0
WBGene00049027.,0,0,0
WBGene00049028.,0,0,0
WBGene00049029.,0,0,0
WBGene00049030.,0,0,0
WBGene00049031.,0,0,0
WBGene00049032.,0,0,0
WBGene00049033.,0,0,0
WBGene00049034.,0,0,0
WBGene00049035.,0,0,0
WBGene00049036.,0,0,0
WBGene00049037.,0,0,0
WBGene00049038.,0,0,0
WBGene00049039.,0,0,0
WBGene00049040.,0,0,0
WBGene00049041.,0,0,0
WBGene00049042.,0,0,0
WBGene00049043.,0,0,0
WBGene00049044.,0,1,1
WBGene00049045.,0,0,0
WBGene00049046.,0,3,3
WBGene00049047.,0,0,0
WBGene00049048.,0,1,1
WBGene00049049.,0,0,0
WBGene00049050.,0,0,0
WBGene00049051.,0,0,0
WBGene00049052.,0,0,0
WBGene00049053.,0,0,0
WBGene00049054.,0,0,0
WBGene00049055.,0,1,1
WBGene00049056.,0,0,0
WBGene00049057.,0,2,2
WBGene00049058.,0,0,0
WBGene00049059.,0,0,0
WBGene00049060.,0,0,0
WBGene00049061.,0,0,0
WBGene00049062.,0,0,0
WBGene00049063.,0,2,2
WBGene00049064.,0,0,0
WBGene00049065.,0,0,0
WBGene00049066.,0,1,1
WBGene00049067.,0,0,0
WBGene00049068.,0,0,0
WBGene00049069.,0,0,0
WBGene00049070.,0,0,0
WBGene00049071.,0,0,0
WBGene00049072.,0,0,0
WBGene00049073.,0,0,0
WBGene00049074.,0,14,14
WBGene00049075.,0,0,0
WBGene00049076.,0,0,0
WBGene00049077.,0,0,0
WBGene00049078.,0,0,0
WBGene00049079.,0,0,0
WBGene00049080.,0,0,0
WBGene00049081.,0,2,2
WBGene00049082.,0,0,0
WBGene00049083.,0,0,0
WBGene00049084.,0,0,0
WBGene00049085.,0,0,0
WBGene00049086.,0,1,1
WBGene00049087.,0,1,1
WBGene00049088.,0,1,1
WBGene00049089.,0,0,0
WBGene00049090.,0,2,2
WBGene00049091.,0,0,0
WBGene00049092.,0,0,0
WBGene00049093.,0,0,0
WBGene00049094.,0,0,0
WBGene00049095.,0,0,0
WBGene00049096.,0,0,0
WBGene00049097.,0,0,0
WBGene00049098.,0,0,0
WBGene00049099.,0,0,0
WBGene00049100.,0,0,0
WBGene00049101.,0,0,0
WBGene00049102.,0,2,2
WBGene00049103.,0,0,0
WBGene00049104.,0,0,0
WBGene00049105.,0,0,0
WBGene00049106.,0,0,0
WBGene00049107.,0,0,0
WBGene00049108.,0,0,0
WBGene00049109.,0,0,0
WBGene00049110.,0,1,1
WBGene00049111.,0,0,0
WBGene00049112.,0,0,0
WBGene00049113.,0,1,1
WBGene00049114.,0,0,0
WBGene00049115.,0,0,0
WBGene00049116.,0,0,0
WBGene00049117.,0,0,0
WBGene00049118.,0,1,1
WBGene00049119.,0,3,3
WBGene00049120.,0,0,0
WBGene00049121.,0,1,1
WBGene00049122.,0,0,0
WBGene00049123.,0,3,3
WBGene00049124.,0,0,0
WBGene00049125.,0,0,0
WBGene00049126.,0,0,0
WBGene00049127.,0,0,0
WBGene00049128.,0,0,0
WBGene00049129.,0,0,0
WBGene00049130.,0,0,0
WBGene00049131.,0,0,0
WBGene00049132.,0,2,2
WBGene00049133.,0,1,1
WBGene00049134.,0,0,0
WBGene00049135.,0,4,4
WBGene00049136.,0,2,2
WBGene00049137.,0,0,0
WBGene00049138.,0,0,0
WBGene00049139.,0,0,0
WBGene00049140.,0,0,0
WBGene00049141.,0,0,0
WBGene00049142.,0,0,0
WBGene00049143.,0,3,3
WBGene00049144.,0,0,0
WBGene00049145.,0,0,0
WBGene00049146.,0,0,0
WBGene00049147.,0,0,0
WBGene00049148.,0,0,0
WBGene00049149.,0,0,0
WBGene00049150.,0,0,0
WBGene00049151.,0,0,0
WBGene00049152.,0,0,0
WBGene00049153.,0,0,0
WBGene00049154.,0,6,6
WBGene00049155.,0,0,0
WBGene00049156.,0,0,0
WBGene00049157.,0,1,1
WBGene00049158.,0,0,0
WBGene00049159.,0,0,0
WBGene00049160.,0,0,0
WBGene00049161.,0,0,0
WBGene00049162.,0,0,0
WBGene00049163.,0,0,0
WBGene00049164.,0,0,0
WBGene00049165.,0,2,2
WBGene00049166.,0,0,0
WBGene00049167.,0,0,0
WBGene00049168.,0,1,1
WBGene00049169.,0,0,0
WBGene00049170.,0,0,0
WBGene00049171.,0,0,0
WBGene00049172.,0,0,0
WBGene00049173.,0,0,0
WBGene00049174.,0,2,2
WBGene00049175.,0,0,0
WBGene00049176.,0,0,0
WBGene00049177.,0,0,0
WBGene00049178.,0,0,0
WBGene00049179.,0,0,0
WBGene00049180.,0,0,0
WBGene00049181.,0,0,0
WBGene00049182.,0,0,0
WBGene00049183.,0,0,0
WBGene00049184.,0,0,0
WBGene00049185.,0,0,0
WBGene00049186.,0,0,0
WBGene00049187.,0,0,0
WBGene00049188.,0,0,0
WBGene00049189.,0,1,1
WBGene00049190.,0,3,3
WBGene00049191.,0,0,0
WBGene00049192.,0,0,0
WBGene00049193.,0,0,0
WBGene00049194.,0,0,0
WBGene00049195.,0,1,1
WBGene00049196.,0,0,0
WBGene00049197.,0,1,1
WBGene00049198.,0,0,0
WBGene00049199.,0,0,0
WBGene00049200.,0,0,0
WBGene00049201.,0,0,0
WBGene00049202.,0,36,36
WBGene00049203.,0,0,0
WBGene00049204.,0,0,0
WBGene00049205.,0,0,0
WBGene00049206.,0,0,0
WBGene00049207.,0,0,0
WBGene00049208.,0,0,0
WBGene00049209.,0,1,1
WBGene00049210.,0,0,0
WBGene00049211.,0,0,0
WBGene00049212.,0,0,0
WBGene00049213.,0,2,2
WBGene00049214.,0,1,1
WBGene00049215.,0,0,0
WBGene00049216.,0,0,0
WBGene00049217.,0,0,0
WBGene00049218.,0,0,0
WBGene00049219.,0,5,5
WBGene00049220.,0,0,0
WBGene00049221.,0,0,0
WBGene00049222.,0,1,1
WBGene00049223.,0,0,0
WBGene00049224.,0,0,0
WBGene00049225.,0,0,0
WBGene00049226.,0,1,1
WBGene00049227.,0,0,0
WBGene00049228.,0,0,0
WBGene00049229.,0,0,0
WBGene00049230.,0,0,0
WBGene00049231.,0,0,0
WBGene00049232.,0,0,0
WBGene00049233.,0,0,0
WBGene00049234.,0,0,0
WBGene00049235.,0,0,0
WBGene00049236.,0,1,1
WBGene00049237.,0,0,0
WBGene00049238.,0,0,0
WBGene00049239.,0,0,0
WBGene00049240.,0,1,1
WBGene00049241.,0,0,0
WBGene00049242.,0,0,0
WBGene00049243.,0,0,0
WBGene00049244.,0,0,0
WBGene00049245.,0,0,0
WBGene00049246.,0,0,0
WBGene00049247.,0,0,0
WBGene00049248.,0,0,0
WBGene00049249.,0,1,1
WBGene00049250.,0,0,0
WBGene00049251.,0,0,0
WBGene00049252.,0,0,0
WBGene00049253.,0,0,0
WBGene00049254.,0,0,0
WBGene00049255.,0,0,0
WBGene00049256.,0,0,0
WBGene00049257.,0,0,0
WBGene00049258.,0,1,1
WBGene00049259.,0,0,0
WBGene00049260.,0,2,2
WBGene00049261.,0,1,1
WBGene00049262.,0,2,2
WBGene00049263.,0,0,0
WBGene00049264.,0,0,0
WBGene00049265.,0,0,0
WBGene00049266.,0,0,0
WBGene00049267.,0,0,0
WBGene00049268.,0,0,0
WBGene00049269.,0,0,0
WBGene00049270.,0,6,6
WBGene00049271.,0,1,1
WBGene00049272.,0,0,0
WBGene00049273.,0,1,1
WBGene00049274.,0,5,5
WBGene00049275.,0,0,0
WBGene00049276.,0,0,0
WBGene00049277.,0,0,0
WBGene00049278.,0,0,0
WBGene00049279.,0,0,0
WBGene00049280.,0,1,1
WBGene00049281.,0,0,0
WBGene00049282.,0,0,0
WBGene00049283.,0,0,0
WBGene00049284.,0,0,0
WBGene00049285.,0,0,0
WBGene00049286.,0,0,0
WBGene00049287.,0,0,0
WBGene00049288.,0,0,0
WBGene00049289.,0,0,0
WBGene00049290.,0,0,0
WBGene00049291.,0,0,0
WBGene00049292.,0,0,0
WBGene00049293.,0,3,3
WBGene00049294.,0,0,0
WBGene00049295.,0,7,7
WBGene00049296.,0,0,0
WBGene00049297.,0,0,0
WBGene00049298.,0,0,0
WBGene00049299.,0,0,0
WBGene00049300.,0,0,0
WBGene00049301.,0,0,0
WBGene00049302.,0,0,0
WBGene00049303.,0,0,0
WBGene00049304.,0,0,0
WBGene00049305.,0,0,0
WBGene00049306.,0,0,0
WBGene00049307.,0,0,0
WBGene00049308.,0,0,0
WBGene00049309.,0,0,0
WBGene00049310.,0,0,0
WBGene00049311.,0,0,0
WBGene00049312.,0,0,0
WBGene00049313.,0,0,0
WBGene00049314.,0,0,0
WBGene00049315.,0,0,0
WBGene00049316.,0,0,0
WBGene00049317.,0,0,0
WBGene00049318.,0,0,0
WBGene00049319.,0,0,0
WBGene00049320.,0,0,0
WBGene00049321.,0,0,0
WBGene00049322.,0,0,0
WBGene00049323.,0,0,0
WBGene00049324.,0,0,0
WBGene00049325.,0,1,1
WBGene00049326.,0,0,0
WBGene00049327.,0,0,0
WBGene00049328.,0,0,0
WBGene00049329.,0,0,0
WBGene00049330.,0,0,0
WBGene00049331.,0,0,0
WBGene00049332.,0,1,1
WBGene00049333.,0,4,4
WBGene00049334.,0,0,0
WBGene00049335.,0,1,1
WBGene00049336.,0,0,0
WBGene00049337.,0,0,0
WBGene00049338.,0,1,1
WBGene00049339.,0,0,0
WBGene00049340.,0,6,6
WBGene00049341.,0,0,0
WBGene00049342.,0,0,0
WBGene00049343.,0,0,0
WBGene00049344.,0,2,2
WBGene00049345.,0,0,0
WBGene00049346.,0,0,0
WBGene00049347.,0,0,0
WBGene00049348.,0,0,0
WBGene00049349.,0,0,0
WBGene00049350.,0,0,0
WBGene00049351.,0,0,0
WBGene00049352.,0,0,0
WBGene00049353.,0,0,0
WBGene00049354.,0,0,0
WBGene00049355.,0,0,0
WBGene00049356.,0,0,0
WBGene00049357.,0,0,0
WBGene00049358.,0,0,0
WBGene00049359.,0,0,0
WBGene00049360.,0,0,0
WBGene00049361.,0,0,0
WBGene00049362.,0,1,1
WBGene00049363.,0,0,0
WBGene00049364.,0,0,0
WBGene00049365.,0,0,0
WBGene00049366.,0,0,0
WBGene00049367.,0,0,0
WBGene00049368.,0,0,0
WBGene00049369.,0,0,0
WBGene00049370.,0,3,3
WBGene00049371.,0,0,0
WBGene00049372.,0,0,0
WBGene00049373.,0,0,0
WBGene00049374.,0,0,0
WBGene00049375.,0,0,0
WBGene00049376.,0,0,0
WBGene00049377.,0,0,0
WBGene00049378.,0,0,0
WBGene00049379.,0,0,0
WBGene00049380.,0,0,0
WBGene00049381.,0,0,0
WBGene00049382.,0,0,0
WBGene00049383.,0,0,0
WBGene00049384.,0,0,0
WBGene00049385.,0,0,0
WBGene00049386.,0,0,0
WBGene00049387.,0,1,1
WBGene00049388.,0,0,0
WBGene00049389.,0,0,0
WBGene00049390.,0,0,0
WBGene00049391.,0,0,0
WBGene00049392.,0,0,0
WBGene00049393.,0,0,0
WBGene00049394.,0,0,0
WBGene00049395.,0,1,1
WBGene00049396.,0,0,0
WBGene00049397.,0,0,0
WBGene00049398.,0,0,0
WBGene00049399.,0,0,0
WBGene00049400.,0,182,182
WBGene00049401.,0,0,0
WBGene00049402.,0,1,1
WBGene00049403.,0,0,0
WBGene00049404.,0,0,0
WBGene00049405.,0,2,2
WBGene00049406.,0,0,0
WBGene00049407.,0,0,0
WBGene00049408.,0,0,0
WBGene00049409.,0,0,0
WBGene00049410.,0,1,1
WBGene00049411.,0,1,1
WBGene00049412.,0,0,0
WBGene00049413.,0,0,0
WBGene00049414.,0,0,0
WBGene00049415.,0,0,0
WBGene00049416.,0,0,0
WBGene00049417.,0,0,0
WBGene00049418.,0,2,2
WBGene00049419.,0,0,0
WBGene00049420.,0,0,0
WBGene00049421.,0,0,0
WBGene00049422.,0,0,0
WBGene00049423.,0,0,0
WBGene00049424.,0,0,0
WBGene00049425.,0,0,0
WBGene00049426.,0,0,0
WBGene00049427.,0,0,0
WBGene00049428.,0,2,2
WBGene00049429.,0,0,0
WBGene00049430.,0,0,0
WBGene00049431.,0,0,0
WBGene00049432.,0,0,0
WBGene00049433.,0,0,0
WBGene00049434.,0,1,1
WBGene00049435.,0,0,0
WBGene00049436.,0,0,0
WBGene00049437.,0,0,0
WBGene00049438.,0,0,0
WBGene00049439.,0,0,0
WBGene00049440.,0,0,0
WBGene00049441.,0,0,0
WBGene00049443.,0,0,0
WBGene00049444.,0,0,0
WBGene00049445.,0,1,1
WBGene00049446.,0,0,0
WBGene00049447.,0,0,0
WBGene00049448.,0,0,0
WBGene00049449.,0,0,0
WBGene00049450.,0,0,0
WBGene00049451.,0,0,0
WBGene00049452.,0,0,0
WBGene00049453.,0,0,0
WBGene00049454.,0,0,0
WBGene00049455.,0,0,0
WBGene00049456.,0,0,0
WBGene00049457.,0,0,0
WBGene00049458.,0,0,0
WBGene00049459.,0,0,0
WBGene00049460.,0,0,0
WBGene00049461.,0,1,1
WBGene00049462.,0,0,0
WBGene00049463.,0,0,0
WBGene00049464.,0,0,0
WBGene00049465.,0,0,0
WBGene00049466.,0,2,2
WBGene00049467.,0,0,0
WBGene00049468.,0,0,0
WBGene00049469.,0,0,0
WBGene00049470.,0,53,53
WBGene00049471.,0,0,0
WBGene00049472.,0,0,0
WBGene00049473.,0,0,0
WBGene00049474.,0,0,0
WBGene00049475.,0,0,0
WBGene00049476.,0,0,0
WBGene00049477.,0,0,0
WBGene00049478.,0,0,0
WBGene00049479.,0,2,2
WBGene00049480.,0,0,0
WBGene00049481.,0,0,0
WBGene00049482.,0,0,0
WBGene00049483.,0,0,0
WBGene00049484.,0,0,0
WBGene00049485.,0,0,0
WBGene00049486.,0,0,0
WBGene00049487.,0,1,1
WBGene00049488.,0,0,0
WBGene00049489.,0,0,0
WBGene00049490.,0,0,0
WBGene00049491.,0,0,0
WBGene00049492.,0,0,0
WBGene00049493.,0,0,0
WBGene00049494.,0,0,0
WBGene00049495.,0,1,1
WBGene00049496.,0,0,0
WBGene00049497.,0,0,0
WBGene00049498.,0,0,0
WBGene00049499.,0,0,0
WBGene00049500.,0,2,2
WBGene00049501.,0,0,0
WBGene00049502.,0,0,0
WBGene00049503.,0,0,0
WBGene00049504.,0,0,0
WBGene00049505.,0,0,0
WBGene00049506.,0,0,0
WBGene00049507.,0,0,0
WBGene00049508.,0,0,0
WBGene00049509.,0,0,0
WBGene00049510.,0,0,0
WBGene00049511.,0,0,0
WBGene00049512.,0,0,0
WBGene00049513.,0,0,0
WBGene00049514.,0,0,0
WBGene00049515.,0,0,0
WBGene00049516.,0,0,0
WBGene00049517.,0,0,0
WBGene00049518.,0,0,0
WBGene00049519.,0,0,0
WBGene00049520.,0,0,0
WBGene00049521.,0,0,0
WBGene00049522.,0,0,0
WBGene00049523.,0,0,0
WBGene00049524.,0,1,1
WBGene00049525.,0,2,2
WBGene00049526.,0,0,0
WBGene00049527.,0,0,0
WBGene00049528.,0,0,0
WBGene00049529.,0,0,0
WBGene00049530.,0,0,0
WBGene00049531.,0,0,0
WBGene00049532.,0,0,0
WBGene00049533.,0,0,0
WBGene00049534.,0,0,0
WBGene00049535.,0,0,0
WBGene00049536.,0,0,0
WBGene00049537.,0,0,0
WBGene00049538.,0,3,3
WBGene00049539.,0,10,10
WBGene00049540.,0,0,0
WBGene00049541.,0,0,0
WBGene00049542.,0,0,0
WBGene00049543.,0,0,0
WBGene00049544.,0,0,0
WBGene00049545.,0,0,0
WBGene00049546.,0,0,0
WBGene00049547.,0,0,0
WBGene00049548.,0,0,0
WBGene00049549.,0,0,0
WBGene00049550.,0,0,0
WBGene00049551.,0,0,0
WBGene00049552.,0,0,0
WBGene00049553.,0,0,0
WBGene00049554.,0,0,0
WBGene00049555.,0,0,0
WBGene00049556.,0,0,0
WBGene00049557.,0,3,3
WBGene00049558.,0,0,0
WBGene00049559.,0,0,0
WBGene00049560.,0,0,0
WBGene00049561.,0,0,0
WBGene00049562.,0,1,1
WBGene00049563.,0,0,0
WBGene00049564.,0,0,0
WBGene00049565.,0,0,0
WBGene00049566.,0,0,0
WBGene00049567.,0,0,0
WBGene00049568.,0,0,0
WBGene00049569.,0,0,0
WBGene00049570.,0,0,0
WBGene00049571.,0,0,0
WBGene00049572.,0,0,0
WBGene00049573.,0,0,0
WBGene00049574.,0,0,0
WBGene00049575.,0,0,0
WBGene00049576.,0,0,0
WBGene00049577.,0,1,1
WBGene00049578.,0,1,1
WBGene00049579.,0,0,0
WBGene00049580.,0,0,0
WBGene00049581.,0,0,0
WBGene00049582.,0,0,0
WBGene00049583.,0,0,0
WBGene00049584.,0,0,0
WBGene00049585.,0,0,0
WBGene00049586.,0,0,0
WBGene00049587.,0,3,3
WBGene00049588.,0,1,1
WBGene00049589.,0,0,0
WBGene00049590.,0,0,0
WBGene00049591.,0,0,0
WBGene00049592.,0,0,0
WBGene00049593.,0,0,0
WBGene00049594.,0,0,0
WBGene00049595.,0,0,0
WBGene00049596.,0,0,0
WBGene00049597.,0,0,0
WBGene00049598.,0,1,1
WBGene00049599.,0,0,0
WBGene00049600.,0,0,0
WBGene00049601.,0,17,17
WBGene00049602.,0,2,2
WBGene00049603.,0,0,0
WBGene00049604.,0,18,18
WBGene00049605.,0,0,0
WBGene00049606.,0,2,2
WBGene00049607.,0,0,0
WBGene00049608.,0,0,0
WBGene00049609.,0,1,1
WBGene00049610.,0,0,0
WBGene00049611.,0,0,0
WBGene00049612.,0,0,0
WBGene00049613.,0,0,0
WBGene00049614.,0,0,0
WBGene00049615.,0,2,2
WBGene00049616.,0,0,0
WBGene00049617.,0,0,0
WBGene00049618.,0,1,1
WBGene00049619.,0,0,0
WBGene00049620.,0,0,0
WBGene00049621.,0,0,0
WBGene00049622.,0,0,0
WBGene00049623.,0,0,0
WBGene00049624.,0,0,0
WBGene00049625.,0,0,0
WBGene00049626.,0,0,0
WBGene00049627.,0,0,0
WBGene00049628.,0,0,0
WBGene00049629.,0,0,0
WBGene00049630.,0,0,0
WBGene00049631.,0,0,0
WBGene00049632.,0,0,0
WBGene00049633.,0,0,0
WBGene00049634.,0,0,0
WBGene00049635.,0,4,4
WBGene00049636.,0,0,0
WBGene00049637.,0,1,1
WBGene00049638.,0,0,0
WBGene00049639.,0,0,0
WBGene00049640.,0,0,0
WBGene00049641.,0,0,0
WBGene00049642.,0,0,0
WBGene00049643.,0,0,0
WBGene00049644.,0,0,0
WBGene00049645.,0,0,0
WBGene00049646.,0,0,0
WBGene00049647.,0,0,0
WBGene00049648.,0,0,0
WBGene00049649.,0,0,0
WBGene00049650.,0,0,0
WBGene00049651.,0,0,0
WBGene00049652.,0,0,0
WBGene00049653.,0,2,2
WBGene00049654.,0,0,0
WBGene00049655.,0,1,1
WBGene00049656.,0,1,1
WBGene00049657.,0,0,0
WBGene00049658.,0,0,0
WBGene00049659.,0,0,0
WBGene00049660.,0,0,0
WBGene00049661.,0,0,0
WBGene00049662.,0,0,0
WBGene00049663.,0,0,0
WBGene00049664.,0,0,0
WBGene00049665.,0,0,0
WBGene00049666.,0,0,0
WBGene00049667.,0,2,2
WBGene00049668.,0,0,0
WBGene00049669.,0,0,0
WBGene00049670.,0,0,0
WBGene00049671.,0,5,5
WBGene00049672.,0,0,0
WBGene00049673.,0,0,0
WBGene00049674.,0,0,0
WBGene00049675.,0,0,0
WBGene00049676.,0,1,1
WBGene00049677.,0,0,0
WBGene00049678.,0,0,0
WBGene00049679.,0,0,0
WBGene00049680.,0,28,28
WBGene00049681.,0,0,0
WBGene00049682.,0,0,0
WBGene00049683.,0,0,0
WBGene00049684.,0,0,0
WBGene00049685.,0,0,0
WBGene00049686.,0,0,0
WBGene00049687.,0,0,0
WBGene00049688.,0,1,1
WBGene00049689.,0,0,0
WBGene00049690.,0,0,0
WBGene00049691.,0,0,0
WBGene00049692.,0,0,0
WBGene00049693.,0,2,2
WBGene00049694.,0,5,5
WBGene00049695.,0,0,0
WBGene00049696.,0,0,0
WBGene00049697.,0,0,0
WBGene00049698.,0,0,0
WBGene00049699.,0,1,1
WBGene00049700.,0,0,0
WBGene00049701.,0,0,0
WBGene00049702.,0,0,0
WBGene00049703.,0,1,1
WBGene00049704.,0,0,0
WBGene00049705.,0,0,0
WBGene00049706.,0,2,2
WBGene00049707.,0,0,0
WBGene00049708.,0,0,0
WBGene00049709.,0,0,0
WBGene00049710.,0,0,0
WBGene00049711.,0,0,0
WBGene00049712.,0,0,0
WBGene00049713.,0,0,0
WBGene00049714.,0,1,1
WBGene00049715.,0,0,0
WBGene00049716.,0,0,0
WBGene00049717.,0,0,0
WBGene00049718.,0,0,0
WBGene00049719.,0,0,0
WBGene00049720.,0,0,0
WBGene00049721.,0,0,0
WBGene00049722.,0,0,0
WBGene00049723.,0,0,0
WBGene00049724.,0,0,0
WBGene00049725.,0,0,0
WBGene00049726.,0,0,0
WBGene00049727.,0,2,2
WBGene00049728.,0,0,0
WBGene00049729.,0,0,0
WBGene00049730.,0,0,0
WBGene00049731.,0,1,1
WBGene00049732.,0,2,2
WBGene00049733.,0,0,0
WBGene00049734.,0,0,0
WBGene00049735.,0,0,0
WBGene00049736.,0,0,0
WBGene00049737.,0,11,11
WBGene00049738.,0,0,0
WBGene00049739.,0,0,0
WBGene00049740.,0,0,0
WBGene00049741.,0,0,0
WBGene00049742.,0,0,0
WBGene00049743.,0,0,0
WBGene00049744.,0,0,0
WBGene00049745.,0,0,0
WBGene00049746.,0,0,0
WBGene00049747.,0,0,0
WBGene00049748.,0,0,0
WBGene00049749.,0,0,0
WBGene00049750.,0,0,0
WBGene00049751.,0,0,0
WBGene00049752.,0,0,0
WBGene00049753.,0,0,0
WBGene00049754.,0,0,0
WBGene00049755.,0,0,0
WBGene00049756.,0,0,0
WBGene00049757.,0,0,0
WBGene00049758.,0,0,0
WBGene00049759.,0,0,0
WBGene00049760.,0,0,0
WBGene00049761.,0,0,0
WBGene00049762.,0,0,0
WBGene00049763.,0,1,1
WBGene00049764.,0,0,0
WBGene00049765.,0,0,0
WBGene00049766.,0,1,1
WBGene00049767.,0,0,0
WBGene00049768.,0,0,0
WBGene00049769.,0,0,0
WBGene00049770.,0,0,0
WBGene00049771.,0,0,0
WBGene00049772.,0,0,0
WBGene00049773.,0,0,0
WBGene00049774.,0,0,0
WBGene00049775.,0,0,0
WBGene00049776.,0,0,0
WBGene00049777.,0,0,0
WBGene00049778.,0,0,0
WBGene00049779.,0,0,0
WBGene00049780.,0,0,0
WBGene00049781.,0,0,0
WBGene00049782.,0,0,0
WBGene00049783.,0,1,1
WBGene00049784.,0,4,4
WBGene00049785.,0,0,0
WBGene00049786.,0,0,0
WBGene00049787.,0,0,0
WBGene00049788.,0,0,0
WBGene00049789.,0,0,0
WBGene00049790.,0,0,0
WBGene00049791.,0,0,0
WBGene00049792.,0,0,0
WBGene00049793.,0,0,0
WBGene00049794.,0,0,0
WBGene00049795.,0,0,0
WBGene00049796.,0,0,0
WBGene00049797.,0,1,1
WBGene00049798.,0,0,0
WBGene00049799.,0,0,0
WBGene00049800.,0,0,0
WBGene00049801.,0,0,0
WBGene00049802.,0,0,0
WBGene00049803.,0,0,0
WBGene00049804.,0,1,1
WBGene00049805.,0,0,0
WBGene00049806.,0,3,3
WBGene00049807.,0,3,3
WBGene00049808.,0,0,0
WBGene00049809.,0,0,0
WBGene00049810.,0,0,0
WBGene00049811.,0,0,0
WBGene00049812.,0,1,1
WBGene00049813.,0,0,0
WBGene00049814.,0,0,0
WBGene00049815.,0,0,0
WBGene00049816.,0,1,1
WBGene00049817.,0,0,0
WBGene00049818.,0,0,0
WBGene00049819.,0,0,0
WBGene00049820.,0,0,0
WBGene00049821.,0,0,0
WBGene00049822.,0,0,0
WBGene00049823.,0,0,0
WBGene00049824.,0,0,0
WBGene00049825.,0,0,0
WBGene00049826.,0,0,0
WBGene00049827.,0,1,1
WBGene00049828.,0,0,0
WBGene00049829.,0,3,3
WBGene00049830.,0,0,0
WBGene00049831.,0,0,0
WBGene00049832.,0,0,0
WBGene00049833.,0,1,1
WBGene00049834.,0,0,0
WBGene00049835.,0,0,0
WBGene00049836.,0,0,0
WBGene00049837.,0,0,0
WBGene00049838.,0,0,0
WBGene00049839.,0,2,2
WBGene00049840.,0,0,0
WBGene00049841.,0,0,0
WBGene00049842.,0,0,0
WBGene00049843.,0,0,0
WBGene00049844.,0,0,0
WBGene00049845.,0,0,0
WBGene00049846.,0,0,0
WBGene00049847.,0,0,0
WBGene00049848.,0,0,0
WBGene00049849.,0,0,0
WBGene00049850.,0,1,1
WBGene00049851.,0,0,0
WBGene00049852.,0,0,0
WBGene00049853.,0,0,0
WBGene00049854.,0,0,0
WBGene00049855.,0,0,0
WBGene00049856.,0,0,0
WBGene00049857.,0,0,0
WBGene00049858.,0,1,1
WBGene00049859.,0,0,0
WBGene00049860.,0,0,0
WBGene00049861.,0,0,0
WBGene00049862.,0,0,0
WBGene00049863.,0,0,0
WBGene00049864.,0,0,0
WBGene00049865.,0,0,0
WBGene00049866.,0,0,0
WBGene00049867.,0,0,0
WBGene00049868.,0,0,0
WBGene00049869.,0,0,0
WBGene00049870.,0,0,0
WBGene00049871.,0,0,0
WBGene00049872.,0,0,0
WBGene00049873.,0,0,0
WBGene00049874.,0,0,0
WBGene00049875.,0,1,1
WBGene00049876.,0,0,0
WBGene00049877.,0,0,0
WBGene00049878.,0,0,0
WBGene00049879.,0,0,0
WBGene00049880.,0,0,0
WBGene00049881.,0,0,0
WBGene00049882.,0,0,0
WBGene00049883.,0,0,0
WBGene00049884.,0,0,0
WBGene00049885.,0,0,0
WBGene00049886.,0,4,4
WBGene00049887.,0,0,0
WBGene00049888.,0,0,0
WBGene00049889.,0,0,0
WBGene00049890.,0,0,0
WBGene00049891.,0,2,2
WBGene00049892.,0,0,0
WBGene00049893.,0,0,0
WBGene00049894.,0,0,0
WBGene00049895.,0,4,4
WBGene00049896.,0,0,0
WBGene00049897.,0,0,0
WBGene00049898.,0,1,1
WBGene00049899.,0,0,0
WBGene00049900.,0,0,0
WBGene00049901.,0,0,0
WBGene00049902.,0,0,0
WBGene00049903.,0,0,0
WBGene00049904.,0,0,0
WBGene00049905.,0,0,0
WBGene00049906.,0,0,0
WBGene00049907.,0,0,0
WBGene00049908.,0,0,0
WBGene00049909.,0,0,0
WBGene00049910.,0,0,0
WBGene00049911.,0,0,0
WBGene00049912.,0,0,0
WBGene00049913.,0,0,0
WBGene00049914.,0,0,0
WBGene00049915.,0,0,0
WBGene00049916.,0,0,0
WBGene00049917.,0,0,0
WBGene00049918.,0,0,0
WBGene00049919.,0,0,0
WBGene00049920.,0,3,3
WBGene00049921.,0,1,1
WBGene00049922.,0,0,0
WBGene00049923.,0,0,0
WBGene00049924.,0,0,0
WBGene00049925.,0,0,0
WBGene00049926.,0,0,0
WBGene00049927.,0,0,0
WBGene00049928.,0,0,0
WBGene00049929.,0,0,0
WBGene00049930.,0,0,0
WBGene00049931.,0,0,0
WBGene00049932.,0,0,0
WBGene00049933.,0,16,16
WBGene00049934.,0,0,0
WBGene00049935.,0,0,0
WBGene00049936.,0,0,0
WBGene00049937.,0,0,0
WBGene00049938.,0,0,0
WBGene00049939.,0,2,2
WBGene00049940.,0,0,0
WBGene00049941.,0,0,0
WBGene00049942.,0,0,0
WBGene00049943.,0,0,0
WBGene00049944.,0,0,0
WBGene00049945.,0,0,0
WBGene00049946.,0,7,7
WBGene00049947.,0,0,0
WBGene00049948.,0,0,0
WBGene00049949.,0,0,0
WBGene00049950.,0,0,0
WBGene00049951.,0,0,0
WBGene00049952.,0,0,0
WBGene00049953.,0,0,0
WBGene00049954.,0,0,0
WBGene00049955.,0,0,0
WBGene00049956.,0,0,0
WBGene00049957.,0,0,0
WBGene00049958.,0,2,2
WBGene00049959.,0,0,0
WBGene00049960.,0,2,2
WBGene00049961.,0,0,0
WBGene00049962.,0,0,0
WBGene00049963.,0,0,0
WBGene00049964.,0,0,0
WBGene00049965.,0,0,0
WBGene00049966.,0,0,0
WBGene00049967.,0,0,0
WBGene00049968.,0,1,1
WBGene00049969.,0,0,0
WBGene00049970.,0,0,0
WBGene00049971.,0,1,1
WBGene00049972.,0,0,0
WBGene00049973.,0,0,0
WBGene00049974.,0,0,0
WBGene00049975.,0,0,0
WBGene00049976.,0,1,1
WBGene00049977.,0,0,0
WBGene00049978.,0,0,0
WBGene00049979.,0,0,0
WBGene00049980.,0,0,0
WBGene00049981.,0,0,0
WBGene00049982.,0,0,0
WBGene00049983.,0,0,0
WBGene00049984.,0,0,0
WBGene00049985.,0,5,5
WBGene00049986.,0,0,0
WBGene00049987.,0,0,0
WBGene00049988.,0,0,0
WBGene00049989.,0,0,0
WBGene00049990.,0,0,0
WBGene00049991.,0,0,0
WBGene00049992.,0,0,0
WBGene00049993.,0,2,2
WBGene00049994.,0,0,0
WBGene00049995.,0,0,0
WBGene00049996.,0,0,0
WBGene00049997.,0,0,0
WBGene00049998.,0,0,0
WBGene00049999.,0,0,0
WBGene00050000.,0,0,0
WBGene00050001.,0,1,1
WBGene00050002.,0,0,0
WBGene00050003.,0,0,0
WBGene00050004.,0,0,0
WBGene00050005.,0,0,0
WBGene00050006.,0,2,2
WBGene00050007.,0,0,0
WBGene00050008.,0,0,0
WBGene00050009.,0,1,1
WBGene00050010.,0,0,0
WBGene00050011.,0,0,0
WBGene00050012.,0,0,0
WBGene00050013.,0,0,0
WBGene00050014.,0,0,0
WBGene00050015.,0,1,1
WBGene00050016.,0,0,0
WBGene00050017.,0,0,0
WBGene00050018.,0,0,0
WBGene00050019.,0,0,0
WBGene00050020.,0,0,0
WBGene00050021.,0,0,0
WBGene00050022.,0,0,0
WBGene00050023.,0,0,0
WBGene00050024.,0,0,0
WBGene00050025.,0,0,0
WBGene00050026.,0,0,0
WBGene00050027.,0,0,0
WBGene00050028.,0,0,0
WBGene00050029.,0,0,0
WBGene00050030.,0,3,3
WBGene00050031.,0,0,0
WBGene00050032.,0,0,0
WBGene00050033.,0,0,0
WBGene00050034.,0,0,0
WBGene00050035.,0,0,0
WBGene00050036.,0,0,0
WBGene00050037.,0,0,0
WBGene00050038.,0,0,0
WBGene00050039.,0,0,0
WBGene00050040.,0,0,0
WBGene00050041.,0,0,0
WBGene00050042.,0,0,0
WBGene00050043.,0,0,0
WBGene00050044.,0,0,0
WBGene00050045.,0,0,0
WBGene00050046.,0,0,0
WBGene00050047.,0,0,0
WBGene00050048.,0,0,0
WBGene00050049.,0,0,0
WBGene00050050.,0,0,0
WBGene00050051.,0,1,1
WBGene00050052.,0,0,0
WBGene00050053.,0,0,0
WBGene00050054.,0,0,0
WBGene00050055.,0,0,0
WBGene00050056.,0,0,0
WBGene00050057.,0,0,0
WBGene00050058.,0,0,0
WBGene00050059.,0,0,0
WBGene00050060.,0,0,0
WBGene00050061.,0,0,0
WBGene00050062.,0,0,0
WBGene00050063.,0,0,0
WBGene00050064.,0,0,0
WBGene00050065.,0,0,0
WBGene00050066.,0,0,0
WBGene00050067.,0,0,0
WBGene00050068.,0,0,0
WBGene00050069.,0,0,0
WBGene00050070.,0,2,2
WBGene00050071.,0,0,0
WBGene00050072.,0,0,0
WBGene00050073.,0,1,1
WBGene00050074.,0,0,0
WBGene00050075.,0,0,0
WBGene00050076.,0,0,0
WBGene00050077.,0,1,1
WBGene00050078.,0,0,0
WBGene00050079.,0,0,0
WBGene00050080.,0,0,0
WBGene00050081.,0,0,0
WBGene00050082.,0,0,0
WBGene00050083.,0,0,0
WBGene00050084.,0,0,0
WBGene00050085.,0,0,0
WBGene00050086.,0,0,0
WBGene00050087.,0,0,0
WBGene00050088.,0,0,0
WBGene00050089.,0,0,0
WBGene00050090.,0,0,0
WBGene00050091.,0,0,0
WBGene00050092.,0,0,0
WBGene00050093.,0,0,0
WBGene00050094.,0,0,0
WBGene00050095.,0,0,0
WBGene00050096.,0,0,0
WBGene00050097.,0,7,7
WBGene00050098.,0,0,0
WBGene00050099.,0,0,0
WBGene00050100.,0,1,1
WBGene00050101.,0,1,1
WBGene00050102.,0,0,0
WBGene00050103.,0,0,0
WBGene00050104.,0,0,0
WBGene00050105.,0,0,0
WBGene00050106.,0,0,0
WBGene00050107.,0,0,0
WBGene00050108.,0,0,0
WBGene00050109.,0,1,1
WBGene00050110.,0,0,0
WBGene00050111.,0,0,0
WBGene00050112.,0,0,0
WBGene00050113.,0,1,1
WBGene00050114.,0,0,0
WBGene00050115.,0,0,0
WBGene00050116.,0,0,0
WBGene00050117.,0,0,0
WBGene00050118.,0,0,0
WBGene00050119.,0,0,0
WBGene00050120.,0,3,3
WBGene00050121.,0,0,0
WBGene00050122.,0,0,0
WBGene00050123.,0,0,0
WBGene00050124.,0,0,0
WBGene00050125.,0,0,0
WBGene00050126.,0,0,0
WBGene00050127.,0,0,0
WBGene00050128.,0,0,0
WBGene00050129.,0,0,0
WBGene00050130.,0,0,0
WBGene00050131.,0,0,0
WBGene00050132.,0,0,0
WBGene00050133.,0,0,0
WBGene00050134.,0,0,0
WBGene00050135.,0,0,0
WBGene00050136.,0,4,4
WBGene00050137.,0,0,0
WBGene00050138.,0,1,1
WBGene00050139.,0,0,0
WBGene00050140.,0,1,1
WBGene00050141.,0,0,0
WBGene00050142.,0,0,0
WBGene00050143.,0,0,0
WBGene00050144.,0,0,0
WBGene00050145.,0,0,0
WBGene00050146.,0,0,0
WBGene00050147.,0,1,1
WBGene00050148.,0,0,0
WBGene00050149.,0,1,1
WBGene00050150.,0,0,0
WBGene00050151.,0,0,0
WBGene00050152.,0,0,0
WBGene00050153.,0,0,0
WBGene00050154.,0,0,0
WBGene00050155.,0,0,0
WBGene00050156.,0,0,0
WBGene00050157.,0,0,0
WBGene00050158.,0,0,0
WBGene00050159.,0,0,0
WBGene00050160.,0,0,0
WBGene00050161.,0,2,2
WBGene00050162.,0,0,0
WBGene00050163.,0,0,0
WBGene00050164.,0,0,0
WBGene00050165.,0,0,0
WBGene00050166.,0,0,0
WBGene00050167.,0,0,0
WBGene00050168.,0,0,0
WBGene00050169.,0,0,0
WBGene00050170.,0,0,0
WBGene00050171.,0,0,0
WBGene00050172.,0,0,0
WBGene00050173.,0,0,0
WBGene00050174.,0,0,0
WBGene00050175.,0,0,0
WBGene00050176.,0,1,1
WBGene00050177.,0,6,6
WBGene00050178.,0,0,0
WBGene00050179.,0,5,5
WBGene00050180.,0,0,0
WBGene00050181.,0,1,1
WBGene00050182.,0,0,0
WBGene00050183.,0,0,0
WBGene00050184.,0,0,0
WBGene00050185.,0,0,0
WBGene00050186.,0,0,0
WBGene00050187.,0,0,0
WBGene00050188.,0,0,0
WBGene00050189.,0,0,0
WBGene00050190.,0,1,1
WBGene00050191.,0,4,4
WBGene00050192.,0,0,0
WBGene00050193.,0,0,0
WBGene00050194.,0,4,4
WBGene00050195.,0,0,0
WBGene00050196.,0,0,0
WBGene00050197.,0,1,1
WBGene00050198.,0,0,0
WBGene00050199.,0,0,0
WBGene00050200.,0,0,0
WBGene00050201.,0,0,0
WBGene00050202.,0,0,0
WBGene00050203.,0,0,0
WBGene00050204.,0,0,0
WBGene00050205.,0,0,0
WBGene00050206.,0,0,0
WBGene00050207.,0,0,0
WBGene00050208.,0,0,0
WBGene00050209.,0,0,0
WBGene00050210.,0,0,0
WBGene00050211.,0,0,0
WBGene00050212.,0,0,0
WBGene00050213.,0,0,0
WBGene00050214.,0,0,0
WBGene00050215.,0,0,0
WBGene00050216.,0,0,0
WBGene00050217.,0,1,1
WBGene00050218.,0,0,0
WBGene00050219.,0,0,0
WBGene00050220.,0,0,0
WBGene00050221.,0,0,0
WBGene00050222.,0,0,0
WBGene00050223.,0,0,0
WBGene00050224.,0,0,0
WBGene00050225.,0,0,0
WBGene00050226.,0,0,0
WBGene00050227.,0,0,0
WBGene00050228.,0,0,0
WBGene00050229.,0,0,0
WBGene00050230.,0,3,3
WBGene00050231.,0,0,0
WBGene00050232.,0,0,0
WBGene00050233.,0,1,1
WBGene00050234.,0,2,2
WBGene00050235.,0,0,0
WBGene00050236.,0,0,0
WBGene00050237.,0,1,1
WBGene00050238.,0,0,0
WBGene00050239.,0,1,1
WBGene00050240.,0,0,0
WBGene00050241.,0,0,0
WBGene00050242.,0,0,0
WBGene00050243.,0,5,5
WBGene00050244.,0,1,1
WBGene00050245.,0,0,0
WBGene00050246.,0,0,0
WBGene00050247.,0,0,0
WBGene00050248.,0,0,0
WBGene00050249.,0,0,0
WBGene00050250.,0,0,0
WBGene00050251.,0,5,5
WBGene00050252.,0,7,7
WBGene00050253.,0,0,0
WBGene00050254.,0,0,0
WBGene00050255.,0,0,0
WBGene00050256.,0,0,0
WBGene00050257.,0,0,0
WBGene00050258.,0,0,0
WBGene00050259.,0,0,0
WBGene00050260.,0,4,4
WBGene00050261.,0,0,0
WBGene00050262.,0,0,0
WBGene00050263.,0,0,0
WBGene00050264.,0,0,0
WBGene00050265.,0,0,0
WBGene00050266.,0,0,0
WBGene00050267.,0,0,0
WBGene00050268.,0,0,0
WBGene00050269.,0,0,0
WBGene00050270.,0,0,0
WBGene00050271.,0,0,0
WBGene00050272.,0,0,0
WBGene00050273.,0,3,3
WBGene00050274.,0,0,0
WBGene00050275.,0,2,2
WBGene00050276.,0,0,0
WBGene00050277.,0,4,4
WBGene00050278.,0,12,12
WBGene00050279.,0,0,0
WBGene00050280.,0,0,0
WBGene00050281.,0,0,0
WBGene00050282.,0,0,0
WBGene00050283.,0,0,0
WBGene00050284.,0,0,0
WBGene00050285.,0,0,0
WBGene00050286.,0,0,0
WBGene00050287.,0,6,6
WBGene00050288.,0,15,15
WBGene00050289.,0,0,0
WBGene00050290.,0,0,0
WBGene00050291.,0,0,0
WBGene00050292.,0,0,0
WBGene00050293.,0,0,0
WBGene00050294.,0,0,0
WBGene00050295.,0,0,0
WBGene00050296.,0,0,0
WBGene00050297.,0,0,0
WBGene00050298.,0,0,0
WBGene00050299.,0,0,0
WBGene00050300.,0,0,0
WBGene00050301.,0,0,0
WBGene00050302.,0,14,14
WBGene00050303.,0,0,0
WBGene00050304.,0,0,0
WBGene00050305.,0,3,3
WBGene00050306.,0,0,0
WBGene00050307.,0,0,0
WBGene00050308.,0,0,0
WBGene00050309.,0,0,0
WBGene00050310.,0,0,0
WBGene00050311.,0,0,0
WBGene00050312.,0,1,1
WBGene00050313.,0,2,2
WBGene00050314.,0,0,0
WBGene00050315.,0,0,0
WBGene00050316.,0,0,0
WBGene00050317.,0,0,0
WBGene00050318.,0,0,0
WBGene00050319.,0,0,0
WBGene00050320.,0,0,0
WBGene00050321.,0,0,0
WBGene00050322.,0,1,1
WBGene00050323.,0,0,0
WBGene00050324.,0,0,0
WBGene00050325.,0,0,0
WBGene00050326.,0,0,0
WBGene00050327.,0,0,0
WBGene00050328.,0,0,0
WBGene00050329.,0,0,0
WBGene00050330.,0,0,0
WBGene00050331.,0,0,0
WBGene00050332.,0,0,0
WBGene00050333.,0,0,0
WBGene00050334.,0,0,0
WBGene00050335.,0,0,0
WBGene00050336.,0,0,0
WBGene00050337.,0,1,1
WBGene00050338.,0,0,0
WBGene00050339.,0,0,0
WBGene00050340.,0,0,0
WBGene00050341.,0,0,0
WBGene00050342.,0,0,0
WBGene00050343.,0,0,0
WBGene00050344.,0,0,0
WBGene00050345.,0,0,0
WBGene00050346.,0,0,0
WBGene00050347.,0,0,0
WBGene00050348.,0,0,0
WBGene00050349.,0,0,0
WBGene00050350.,0,0,0
WBGene00050351.,0,0,0
WBGene00050352.,0,0,0
WBGene00050353.,0,0,0
WBGene00050354.,0,0,0
WBGene00050355.,0,0,0
WBGene00050356.,0,2,2
WBGene00050357.,0,0,0
WBGene00050358.,0,0,0
WBGene00050359.,0,0,0
WBGene00050360.,0,0,0
WBGene00050361.,0,0,0
WBGene00050362.,0,0,0
WBGene00050363.,0,0,0
WBGene00050364.,0,0,0
WBGene00050365.,0,0,0
WBGene00050366.,0,0,0
WBGene00050367.,0,0,0
WBGene00050368.,0,0,0
WBGene00050369.,0,0,0
WBGene00050370.,0,0,0
WBGene00050371.,0,0,0
WBGene00050372.,0,0,0
WBGene00050373.,0,1,1
WBGene00050374.,0,0,0
WBGene00050375.,0,0,0
WBGene00050376.,0,0,0
WBGene00050377.,0,1,1
WBGene00050378.,0,0,0
WBGene00050379.,0,0,0
WBGene00050380.,0,1,1
WBGene00050381.,0,0,0
WBGene00050382.,0,0,0
WBGene00050383.,0,0,0
WBGene00050384.,0,0,0
WBGene00050385.,0,0,0
WBGene00050386.,0,0,0
WBGene00050387.,0,3,3
WBGene00050388.,0,0,0
WBGene00050389.,0,0,0
WBGene00050390.,0,0,0
WBGene00050391.,0,0,0
WBGene00050392.,0,0,0
WBGene00050393.,0,0,0
WBGene00050394.,0,0,0
WBGene00050395.,0,0,0
WBGene00050396.,0,0,0
WBGene00050397.,0,0,0
WBGene00050398.,0,1,1
WBGene00050399.,0,0,0
WBGene00050400.,0,0,0
WBGene00050401.,0,0,0
WBGene00050402.,0,0,0
WBGene00050403.,0,0,0
WBGene00050404.,0,0,0
WBGene00050405.,0,0,0
WBGene00050406.,0,0,0
WBGene00050407.,0,0,0
WBGene00050408.,0,1,1
WBGene00050409.,0,0,0
WBGene00050410.,0,3,3
WBGene00050411.,0,0,0
WBGene00050412.,0,0,0
WBGene00050413.,0,0,0
WBGene00050414.,0,0,0
WBGene00050415.,0,0,0
WBGene00050416.,0,0,0
WBGene00050417.,0,0,0
WBGene00050418.,0,0,0
WBGene00050419.,0,0,0
WBGene00050420.,0,0,0
WBGene00050421.,0,0,0
WBGene00050422.,0,0,0
WBGene00050423.,0,3,3
WBGene00050424.,0,0,0
WBGene00050425.,0,0,0
WBGene00050426.,0,0,0
WBGene00050427.,0,0,0
WBGene00050428.,0,0,0
WBGene00050429.,0,0,0
WBGene00050430.,0,0,0
WBGene00050431.,0,0,0
WBGene00050432.,0,0,0
WBGene00050433.,0,0,0
WBGene00050434.,0,3,3
WBGene00050435.,0,5,5
WBGene00050436.,0,0,0
WBGene00050437.,0,0,0
WBGene00050438.,0,0,0
WBGene00050439.,0,0,0
WBGene00050440.,0,1,1
WBGene00050441.,0,0,0
WBGene00050442.,0,0,0
WBGene00050443.,0,2,2
WBGene00050444.,0,0,0
WBGene00050445.,0,0,0
WBGene00050446.,0,0,0
WBGene00050447.,0,1,1
WBGene00050448.,0,0,0
WBGene00050449.,0,0,0
WBGene00050450.,0,0,0
WBGene00050451.,0,14,14
WBGene00050452.,0,0,0
WBGene00050453.,0,0,0
WBGene00050454.,0,0,0
WBGene00050455.,0,0,0
WBGene00050456.,0,1,1
WBGene00050457.,0,0,0
WBGene00050458.,0,0,0
WBGene00050459.,0,1,1
WBGene00050460.,0,0,0
WBGene00050461.,0,14,14
WBGene00050462.,0,0,0
WBGene00050463.,0,0,0
WBGene00050464.,0,0,0
WBGene00050465.,0,0,0
WBGene00050466.,0,0,0
WBGene00050467.,0,19,19
WBGene00050468.,0,0,0
WBGene00050469.,0,0,0
WBGene00050470.,0,3,3
WBGene00050471.,0,0,0
WBGene00050472.,0,17,17
WBGene00050473.,0,0,0
WBGene00050474.,0,0,0
WBGene00050475.,0,0,0
WBGene00050476.,0,0,0
WBGene00050477.,0,1,1
WBGene00050478.,0,0,0
WBGene00050479.,0,0,0
WBGene00050480.,0,0,0
WBGene00050481.,0,0,0
WBGene00050482.,0,0,0
WBGene00050483.,0,0,0
WBGene00050484.,0,0,0
WBGene00050485.,0,0,0
WBGene00050486.,0,2,2
WBGene00050487.,0,0,0
WBGene00050488.,0,0,0
WBGene00050489.,0,0,0
WBGene00050490.,0,0,0
WBGene00050491.,0,0,0
WBGene00050492.,0,0,0
WBGene00050493.,0,0,0
WBGene00050494.,0,0,0
WBGene00050495.,0,0,0
WBGene00050496.,0,0,0
WBGene00050497.,0,2,2
WBGene00050498.,0,8,8
WBGene00050499.,0,0,0
WBGene00050500.,0,0,0
WBGene00050501.,0,0,0
WBGene00050502.,0,0,0
WBGene00050503.,0,0,0
WBGene00050504.,0,0,0
WBGene00050505.,0,0,0
WBGene00050506.,0,0,0
WBGene00050507.,0,0,0
WBGene00050508.,0,0,0
WBGene00050509.,0,0,0
WBGene00050510.,0,0,0
WBGene00050511.,0,5,5
WBGene00050512.,0,0,0
WBGene00050513.,0,0,0
WBGene00050514.,0,1,1
WBGene00050515.,0,0,0
WBGene00050516.,0,4,4
WBGene00050517.,0,0,0
WBGene00050518.,0,0,0
WBGene00050519.,0,0,0
WBGene00050520.,0,0,0
WBGene00050521.,0,1,1
WBGene00050522.,0,0,0
WBGene00050523.,0,0,0
WBGene00050524.,0,0,0
WBGene00050525.,0,0,0
WBGene00050526.,0,0,0
WBGene00050527.,0,7,7
WBGene00050528.,0,0,0
WBGene00050529.,0,1,1
WBGene00050530.,0,0,0
WBGene00050531.,0,0,0
WBGene00050532.,0,0,0
WBGene00050533.,0,0,0
WBGene00050534.,0,0,0
WBGene00050535.,0,0,0
WBGene00050536.,0,0,0
WBGene00050537.,0,0,0
WBGene00050538.,0,0,0
WBGene00050539.,0,0,0
WBGene00050540.,0,0,0
WBGene00050541.,0,0,0
WBGene00050542.,0,1,1
WBGene00050543.,0,0,0
WBGene00050544.,0,0,0
WBGene00050545.,0,0,0
WBGene00050546.,0,0,0
WBGene00050547.,0,0,0
WBGene00050548.,0,0,0
WBGene00050549.,0,0,0
WBGene00050550.,0,0,0
WBGene00050551.,0,1,1
WBGene00050552.,0,0,0
WBGene00050553.,0,0,0
WBGene00050554.,0,1,1
WBGene00050555.,0,0,0
WBGene00050556.,0,0,0
WBGene00050557.,0,0,0
WBGene00050558.,0,0,0
WBGene00050559.,0,0,0
WBGene00050560.,0,0,0
WBGene00050561.,0,0,0
WBGene00050562.,0,0,0
WBGene00050563.,0,0,0
WBGene00050564.,0,0,0
WBGene00050565.,0,0,0
WBGene00050566.,0,0,0
WBGene00050567.,0,0,0
WBGene00050568.,0,0,0
WBGene00050569.,0,0,0
WBGene00050570.,0,0,0
WBGene00050571.,0,4,4
WBGene00050572.,0,0,0
WBGene00050573.,0,0,0
WBGene00050574.,0,0,0
WBGene00050575.,0,0,0
WBGene00050576.,0,0,0
WBGene00050577.,0,0,0
WBGene00050578.,0,0,0
WBGene00050579.,0,0,0
WBGene00050580.,0,2,2
WBGene00050581.,0,3,3
WBGene00050582.,0,0,0
WBGene00050583.,0,0,0
WBGene00050584.,0,0,0
WBGene00050585.,0,1,1
WBGene00050586.,0,0,0
WBGene00050587.,0,0,0
WBGene00050588.,0,0,0
WBGene00050589.,0,0,0
WBGene00050590.,0,1,1
WBGene00050591.,0,0,0
WBGene00050592.,0,0,0
WBGene00050593.,0,0,0
WBGene00050594.,0,0,0
WBGene00050595.,0,0,0
WBGene00050596.,0,0,0
WBGene00050597.,0,0,0
WBGene00050598.,0,1,1
WBGene00050599.,0,0,0
WBGene00050600.,0,0,0
WBGene00050601.,0,0,0
WBGene00050602.,0,0,0
WBGene00050603.,0,0,0
WBGene00050604.,0,4,4
WBGene00050605.,0,0,0
WBGene00050606.,0,2,2
WBGene00050607.,0,0,0
WBGene00050608.,0,0,0
WBGene00050609.,0,0,0
WBGene00050610.,0,0,0
WBGene00050611.,0,0,0
WBGene00050612.,0,0,0
WBGene00050613.,0,0,0
WBGene00050614.,0,0,0
WBGene00050615.,0,0,0
WBGene00050616.,0,0,0
WBGene00050617.,0,0,0
WBGene00050618.,0,1,1
WBGene00050619.,0,0,0
WBGene00050620.,0,0,0
WBGene00050621.,0,0,0
WBGene00050622.,0,0,0
WBGene00050623.,0,0,0
WBGene00050624.,0,0,0
WBGene00050625.,0,0,0
WBGene00050626.,0,0,0
WBGene00050627.,0,0,0
WBGene00050628.,0,0,0
WBGene00050629.,0,0,0
WBGene00050630.,0,0,0
WBGene00050631.,0,0,0
WBGene00050632.,0,0,0
WBGene00050633.,0,0,0
WBGene00050634.,0,0,0
WBGene00050635.,0,0,0
WBGene00050636.,0,2,2
WBGene00050637.,0,0,0
WBGene00050638.,0,2,2
WBGene00050639.,0,0,0
WBGene00050640.,0,0,0
WBGene00050641.,0,0,0
WBGene00050642.,0,0,0
WBGene00050643.,0,0,0
WBGene00050644.,0,0,0
WBGene00050645.,0,0,0
WBGene00050646.,0,3,3
WBGene00050647.,0,5,5
WBGene00050648.,0,0,0
WBGene00050649.,0,0,0
WBGene00050650.,0,0,0
WBGene00050651.,0,0,0
WBGene00050652.,0,0,0
WBGene00050653.,0,7,7
WBGene00050654.,0,0,0
WBGene00050655.,0,1,1
WBGene00050656.,0,0,0
WBGene00050657.,0,0,0
WBGene00050658.,0,0,0
WBGene00050659.,0,0,0
WBGene00050660.,0,0,0
WBGene00050661.,0,0,0
WBGene00050662.,0,0,0
WBGene00050663.,0,1,1
WBGene00050664.,0,6,6
WBGene00050665.,0,0,0
WBGene00050666.,0,0,0
WBGene00050667.,0,0,0
WBGene00050668.,0,0,0
WBGene00050669.,0,0,0
WBGene00050670.,0,0,0
WBGene00050671.,0,0,0
WBGene00050672.,0,0,0
WBGene00050673.,0,1,1
WBGene00050674.,0,0,0
WBGene00050675.,0,0,0
WBGene00050676.,0,0,0
WBGene00050677.,0,0,0
WBGene00050678.,0,0,0
WBGene00050679.,0,0,0
WBGene00050680.,0,0,0
WBGene00050681.,0,0,0
WBGene00050682.,0,0,0
WBGene00050683.,0,0,0
WBGene00050684.,0,0,0
WBGene00050685.,0,7,7
WBGene00050686.,0,0,0
WBGene00050687.,0,0,0
WBGene00050688.,0,0,0
WBGene00050689.,0,2,2
WBGene00050690.,0,0,0
WBGene00050691.,0,0,0
WBGene00050692.,0,1,1
WBGene00050693.,0,0,0
WBGene00050694.,0,0,0
WBGene00050695.,0,0,0
WBGene00050696.,0,0,0
WBGene00050697.,0,5,5
WBGene00050698.,0,0,0
WBGene00050699.,0,0,0
WBGene00050700.,0,0,0
WBGene00050701.,0,0,0
WBGene00050702.,0,0,0
WBGene00050703.,0,0,0
WBGene00050704.,0,0,0
WBGene00050705.,0,0,0
WBGene00050706.,0,0,0
WBGene00050707.,0,0,0
WBGene00050708.,0,0,0
WBGene00050709.,0,0,0
WBGene00050710.,0,0,0
WBGene00050711.,0,0,0
WBGene00050712.,0,1,1
WBGene00050713.,0,2,2
WBGene00050714.,0,0,0
WBGene00050715.,0,0,0
WBGene00050716.,0,0,0
WBGene00050717.,0,0,0
WBGene00050718.,0,0,0
WBGene00050719.,0,0,0
WBGene00050720.,0,0,0
WBGene00050721.,0,0,0
WBGene00050722.,0,0,0
WBGene00050723.,0,1,1
WBGene00050724.,0,0,0
WBGene00050725.,0,0,0
WBGene00050726.,0,0,0
WBGene00050727.,0,0,0
WBGene00050728.,0,0,0
WBGene00050729.,0,0,0
WBGene00050730.,0,0,0
WBGene00050731.,0,0,0
WBGene00050732.,0,0,0
WBGene00050733.,0,2,2
WBGene00050734.,0,0,0
WBGene00050735.,0,1,1
WBGene00050736.,0,0,0
WBGene00050737.,0,0,0
WBGene00050738.,0,0,0
WBGene00050739.,0,0,0
WBGene00050740.,0,0,0
WBGene00050741.,0,0,0
WBGene00050742.,0,0,0
WBGene00050743.,0,0,0
WBGene00050744.,0,0,0
WBGene00050745.,0,0,0
WBGene00050746.,0,0,0
WBGene00050747.,0,0,0
WBGene00050748.,0,0,0
WBGene00050749.,0,0,0
WBGene00050750.,0,0,0
WBGene00050751.,0,1,1
WBGene00050752.,0,0,0
WBGene00050753.,0,0,0
WBGene00050754.,0,0,0
WBGene00050755.,0,0,0
WBGene00050756.,0,0,0
WBGene00050757.,0,0,0
WBGene00050758.,0,0,0
WBGene00050759.,0,0,0
WBGene00050760.,0,0,0
WBGene00050761.,0,0,0
WBGene00050762.,0,0,0
WBGene00050763.,0,0,0
WBGene00050764.,0,1,1
WBGene00050765.,0,0,0
WBGene00050766.,0,0,0
WBGene00050767.,0,0,0
WBGene00050768.,0,0,0
WBGene00050769.,0,0,0
WBGene00050770.,0,0,0
WBGene00050771.,0,0,0
WBGene00050772.,0,0,0
WBGene00050773.,0,0,0
WBGene00050774.,0,0,0
WBGene00050775.,0,0,0
WBGene00050776.,0,0,0
WBGene00050777.,0,1,1
WBGene00050778.,0,23,23
WBGene00050779.,0,0,0
WBGene00050780.,0,0,0
WBGene00050781.,0,0,0
WBGene00050782.,0,0,0
WBGene00050783.,0,0,0
WBGene00050784.,0,1,1
WBGene00050785.,0,0,0
WBGene00050786.,0,0,0
WBGene00050787.,0,0,0
WBGene00050788.,0,0,0
WBGene00050789.,0,0,0
WBGene00050790.,0,0,0
WBGene00050791.,0,0,0
WBGene00050792.,0,0,0
WBGene00050793.,0,0,0
WBGene00050794.,0,0,0
WBGene00050795.,0,0,0
WBGene00050796.,0,0,0
WBGene00050797.,0,0,0
WBGene00050798.,0,0,0
WBGene00050799.,0,5,5
WBGene00050800.,0,0,0
WBGene00050801.,0,0,0
WBGene00050802.,0,0,0
WBGene00050803.,0,0,0
WBGene00050804.,0,1,1
WBGene00050805.,0,0,0
WBGene00050806.,0,0,0
WBGene00050807.,0,0,0
WBGene00050808.,0,0,0
WBGene00050809.,0,0,0
WBGene00050810.,0,0,0
WBGene00050811.,0,0,0
WBGene00050812.,0,0,0
WBGene00050813.,0,1,1
WBGene00050814.,0,4,4
WBGene00050815.,0,0,0
WBGene00050816.,0,0,0
WBGene00050817.,0,0,0
WBGene00050818.,0,0,0
WBGene00050819.,0,0,0
WBGene00050820.,0,0,0
WBGene00050821.,0,0,0
WBGene00050822.,0,0,0
WBGene00050823.,0,1,1
WBGene00050824.,0,2,2
WBGene00050825.,0,77,77
WBGene00050826.,0,0,0
WBGene00050827.,0,0,0
WBGene00050828.,0,1,1
WBGene00050829.,0,0,0
WBGene00050830.,0,0,0
WBGene00050831.,0,0,0
WBGene00050832.,0,0,0
WBGene00050833.,0,2,2
WBGene00050834.,0,0,0
WBGene00050835.,0,0,0
WBGene00050836.,0,0,0
WBGene00050837.,0,5,5
WBGene00050838.,0,0,0
WBGene00050839.,0,0,0
WBGene00050840.,0,1,1
WBGene00050841.,0,0,0
WBGene00050842.,0,0,0
WBGene00050843.,0,0,0
WBGene00050844.,0,0,0
WBGene00050845.,0,0,0
WBGene00050846.,0,0,0
WBGene00050847.,0,0,0
WBGene00050848.,0,0,0
WBGene00050849.,0,0,0
WBGene00050850.,0,0,0
WBGene00050851.,0,0,0
WBGene00050852.,0,1,1
WBGene00050853.,0,0,0
WBGene00050854.,0,1,1
WBGene00050855.,0,0,0
WBGene00050856.,0,3,3
WBGene00050857.,0,0,0
WBGene00050858.,0,0,0
WBGene00050859.,0,0,0
WBGene00050860.,0,8,8
WBGene00050861.,0,0,0
WBGene00050862.,0,0,0
WBGene00050863.,0,0,0
WBGene00050864.,0,0,0
WBGene00050865.,0,1,1
WBGene00050866.,0,0,0
WBGene00050867.,0,0,0
WBGene00050868.,0,0,0
WBGene00050869.,0,0,0
WBGene00050870.,0,0,0
WBGene00050871.,0,0,0
WBGene00050873.,0,84,84
WBGene00050874.,0,6,6
WBGene00050875.,4,75,79
WBGene00050878.,3,0,3
WBGene00050879.,0,0,0
WBGene00050880.,8,0,8
WBGene00050881.,1,1,2
WBGene00050883.,0,1,1
WBGene00050884.,109,1069,1178
WBGene00050885.,67,632,699
WBGene00050889.,39,273,312
WBGene00050890.,0,66,66
WBGene00050891.,0,19,19
WBGene00050892.,0,1,1
WBGene00050893.,0,1,1
WBGene00050894.,0,0,0
WBGene00050896.,0,0,0
WBGene00050897.,0,0,0
WBGene00050898.,0,0,0
WBGene00050899.,30,433,463
WBGene00050900.,0,0,0
WBGene00050902.,0,0,0
WBGene00050903.,172,2008,2180
WBGene00050904.,1,32,33
WBGene00050906.,0,1,1
WBGene00050907.,0,0,0
WBGene00050910.,1,3,4
WBGene00050911.,0,2,2
WBGene00050912.,0,0,0
WBGene00050913.,0,0,0
WBGene00050914.,0,0,0
WBGene00050915.,1,14,15
WBGene00050916.,2,28,30
WBGene00050917.,25,130,155
WBGene00050919.,2,7,9
WBGene00050920.,15,183,198
WBGene00050921.,0,0,0
WBGene00050922.,0,0,0
WBGene00050923.,0,1,1
WBGene00050924.,0,0,0
WBGene00050926.,1,7,8
WBGene00050927.,107,183,290
WBGene00050928.,0,0,0
WBGene00050929.,0,0,0
WBGene00050930.,0,6,6
WBGene00050931.,1,6,7
WBGene00050932.,0,0,0
WBGene00050933.,0,0,0
WBGene00050934.,3,34,37
WBGene00050935.,300,12,312
WBGene00050936.,0,422,422
WBGene00050937.,18,552,570
WBGene00050938.,0,0,0
WBGene00050939.,0,0,0
WBGene00050940.,0,3,3
WBGene00050941.,10,1070,1080
WBGene00050943.,30,313,343
WBGene00050944.,92,2125,2217
WBGene00050945.,2,188,190
WBGene00050946.,5,58,63
WBGene00050947.,8,565,573
WBGene00050948.,19,57,76
WBGene00050949.,0,0,0
WBGene00050950.,0,0,0
WBGene00050951.,0,0,0
WBGene00050954.,0,1,1
WBGene00050955.,1,1,2
WBGene00050956.,0,0,0
WBGene00050957.,0,4,4
WBGene00050958.,0,6,6
WBGene00050959.,0,0,0
WBGene00050960.,0,0,0
WBGene00050961.,0,0,0
WBGene00050962.,0,0,0
WBGene00050963.,0,0,0
WBGene00050964.,0,23,23
WBGene00050965.,0,1,1
WBGene00050967.,2,13,15
WBGene00050968.,0,0,0
WBGene00050970.,0,17,17
WBGene00050971.,0,1,1
WBGene00050972.,0,0,0
WBGene00050973.,0,0,0
WBGene00050974.,0,7,7
WBGene00050976.,0,1,1
WBGene00050977.,0,22,22
WBGene00077434.,65,0,65
WBGene00077436.,3,4,7
WBGene00077437.,704,5228,5932
WBGene00077438.,8,3,11
WBGene00077439.,1,68,69
WBGene00077440.,0,0,0
WBGene00077441.,0,0,0
WBGene00077442.,1,1,2
WBGene00077443.,0,60,60
WBGene00077444.,0,1,1
WBGene00077445.,0,0,0
WBGene00077446.,0,0,0
WBGene00077447.,0,1,1
WBGene00077448.,2,1,3
WBGene00077449.,0,16,16
WBGene00077450.,2,6,8
WBGene00077451.,0,0,0
WBGene00077452.,0,0,0
WBGene00077453.,24,707,731
WBGene00077454.,0,1,1
WBGene00077455.,8,32,40
WBGene00077456.,0,0,0
WBGene00077457.,9,128,137
WBGene00077459.,0,0,0
WBGene00077460.,0,1,1
WBGene00077461.,0,3,3
WBGene00077462.,0,0,0
WBGene00077463.,0,0,0
WBGene00077464.,0,1,1
WBGene00077465.,0,3,3
WBGene00077466.,0,34,34
WBGene00077467.,0,2,2
WBGene00077468.,0,0,0
WBGene00077469.,0,7,7
WBGene00077470.,0,0,0
WBGene00077471.,0,0,0
WBGene00077472.,0,0,0
WBGene00077473.,0,0,0
WBGene00077474.,0,0,0
WBGene00077475.,0,0,0
WBGene00077476.,0,0,0
WBGene00077477.,0,0,0
WBGene00077478.,0,0,0
WBGene00077479.,0,0,0
WBGene00077480.,0,66,66
WBGene00077481.,0,0,0
WBGene00077482.,0,1,1
WBGene00077483.,0,0,0
WBGene00077484.,0,0,0
WBGene00077485.,0,0,0
WBGene00077486.,0,17,17
WBGene00077487.,0,0,0
WBGene00077488.,0,11,11
WBGene00077489.,2,18,20
WBGene00077490.,21,398,419
WBGene00077491.,2,77,79
WBGene00077492.,0,0,0
WBGene00077493.,0,1,1
WBGene00077494.,0,0,0
WBGene00077495.,0,3,3
WBGene00077496.,0,5,5
WBGene00077497.,112,149,261
WBGene00077498.,0,0,0
WBGene00077499.,0,0,0
WBGene00077500.,24,273,297
WBGene00077501.,0,2,2
WBGene00077502.,0,0,0
WBGene00077503.,0,2,2
WBGene00077504.,0,0,0
WBGene00077506.,0,0,0
WBGene00077508.,22,18,40
WBGene00077510.,0,0,0
WBGene00077514.,1,1,2
WBGene00077515.,0,0,0
WBGene00077516.,0,0,0
WBGene00077517.,0,0,0
WBGene00077519.,0,4,4
WBGene00077520.,75,461,536
WBGene00077521.,0,286,286
WBGene00077522.,1,52,53
WBGene00077523.,2,3,5
WBGene00077524.,0,0,0
WBGene00077525.,4,93,97
WBGene00077526.,2490,29222,31712
WBGene00077527.,0,4,4
WBGene00077531.,0,7,7
WBGene00077534.,0,0,0
WBGene00077535.,4,9,13
WBGene00077536.,4,72,76
WBGene00077537.,0,70,70
WBGene00077538.,4,26,30
WBGene00077539.,109,47,156
WBGene00077543.,4,30,34
WBGene00077546.,2,10,12
WBGene00077548.,0,2,2
WBGene00077549.,0,3,3
WBGene00077551.,0,14,14
WBGene00077552.,107,17,124
WBGene00077553.,69,68,137
WBGene00077555.,0,0,0
WBGene00077556.,3,71,74
WBGene00077557.,16,60,76
WBGene00077558.,15,42,57
WBGene00077559.,4,39,43
WBGene00077561.,0,1,1
WBGene00077562.,2,2,4
WBGene00077563.,6,25,31
WBGene00077564.,2,6,8
WBGene00077565.,1,3,4
WBGene00077566.,0,0,0
WBGene00077567.,0,0,0
WBGene00077568.,0,85,85
WBGene00077569.,5,12,17
WBGene00077570.,9,121,130
WBGene00077571.,0,0,0
WBGene00077572.,139,345,484
WBGene00077573.,9,254,263
WBGene00077574.,3,48,51
WBGene00077575.,0,0,0
WBGene00077576.,0,1,1
WBGene00077577.,3,8,11
WBGene00077579.,0,0,0
WBGene00077580.,0,1,1
WBGene00077581.,0,0,0
WBGene00077582.,3,8,11
WBGene00077583.,1,3,4
WBGene00077584.,0,0,0
WBGene00077585.,22,58,80
WBGene00077586.,0,2,2
WBGene00077588.,0,16,16
WBGene00077589.,0,1,1
WBGene00077590.,0,0,0
WBGene00077592.,2,5,7
WBGene00077593.,3,15,18
WBGene00077594.,201,267,468
WBGene00077595.,0,1,1
WBGene00077596.,1,1,2
WBGene00077597.,0,0,0
WBGene00077598.,0,0,0
WBGene00077599.,16,220,236
WBGene00077600.,1,1,2
WBGene00077601.,0,5,5
WBGene00077602.,0,0,0
WBGene00077603.,0,0,0
WBGene00077604.,0,0,0
WBGene00077605.,0,4,4
WBGene00077606.,0,1,1
WBGene00077607.,0,0,0
WBGene00077608.,0,2,2
WBGene00077609.,0,0,0
WBGene00077610.,0,0,0
WBGene00077611.,0,3,3
WBGene00077612.,0,2,2
WBGene00077613.,0,1,1
WBGene00077614.,0,0,0
WBGene00077615.,3,4,7
WBGene00077616.,7,39,46
WBGene00077617.,0,0,0
WBGene00077618.,0,0,0
WBGene00077619.,0,1,1
WBGene00077620.,0,0,0
WBGene00077621.,0,0,0
WBGene00077622.,0,8,8
WBGene00077624.,0,0,0
WBGene00077625.,0,0,0
WBGene00077626.,0,0,0
WBGene00077627.,0,1,1
WBGene00077629.,0,0,0
WBGene00077630.,0,0,0
WBGene00077631.,0,1,1
WBGene00077632.,0,0,0
WBGene00077633.,0,0,0
WBGene00077634.,0,0,0
WBGene00077635.,0,1,1
WBGene00077636.,59,93,152
WBGene00077637.,0,1,1
WBGene00077638.,0,0,0
WBGene00077640.,0,1,1
WBGene00077641.,0,0,0
WBGene00077642.,0,0,0
WBGene00077643.,35,650,685
WBGene00077644.,0,1,1
WBGene00077646.,0,1,1
WBGene00077647.,0,3,3
WBGene00077648.,0,3,3
WBGene00077649.,0,0,0
WBGene00077650.,0,0,0
WBGene00077651.,0,0,0
WBGene00077652.,4,2,6
WBGene00077653.,0,0,0
WBGene00077654.,0,0,0
WBGene00077655.,0,1,1
WBGene00077656.,0,2,2
WBGene00077657.,0,4,4
WBGene00077658.,56,556,612
WBGene00077659.,0,3,3
WBGene00077660.,0,0,0
WBGene00077662.,0,0,0
WBGene00077663.,0,0,0
WBGene00077664.,0,5,5
WBGene00077666.,0,3,3
WBGene00077667.,0,0,0
WBGene00077669.,110,362,472
WBGene00077670.,1,0,1
WBGene00077671.,0,0,0
WBGene00077673.,0,1,1
WBGene00077674.,1,11,12
WBGene00077679.,3,36,39
WBGene00077680.,0,14,14
WBGene00077681.,8,66,74
WBGene00077682.,3,7,10
WBGene00077684.,1,6,7
WBGene00077685.,0,0,0
WBGene00077686.,0,0,0
WBGene00077687.,0,6,6
WBGene00077688.,0,1,1
WBGene00077689.,1,27,28
WBGene00077690.,16,999,1015
WBGene00077691.,0,17,17
WBGene00077692.,7,58,65
WBGene00077693.,156,4624,4780
WBGene00077694.,0,1,1
WBGene00077695.,0,0,0
WBGene00077696.,58,77,135
WBGene00077697.,92,90,182
WBGene00077698.,86,352,438
WBGene00077699.,4,59,63
WBGene00077701.,21,309,330
WBGene00077703.,7,18,25
WBGene00077704.,1,23,24
WBGene00077705.,0,0,0
WBGene00077706.,0,0,0
WBGene00077707.,0,0,0
WBGene00077708.,0,3,3
WBGene00077709.,0,0,0
WBGene00077712.,18,199,217
WBGene00077714.,2,11,13
WBGene00077715.,0,0,0
WBGene00077716.,0,0,0
WBGene00077717.,0,0,0
WBGene00077718.,0,0,0
WBGene00077719.,0,0,0
WBGene00077720.,0,0,0
WBGene00077721.,0,2,2
WBGene00077722.,0,0,0
WBGene00077723.,0,0,0
WBGene00077724.,0,0,0
WBGene00077725.,0,0,0
WBGene00077726.,0,3,3
WBGene00077727.,0,1,1
WBGene00077728.,0,163,163
WBGene00077732.,7,226,233
WBGene00077750.,0,0,0
WBGene00077751.,4,4,8
WBGene00077752.,12,99,111
WBGene00077753.,14,19,33
WBGene00077754.,0,3,3
WBGene00077755.,0,1,1
WBGene00077756.,1,22,23
WBGene00077757.,9,78,87
WBGene00077758.,1,2,3
WBGene00077759.,2,3,5
WBGene00077761.,42,2432,2474
WBGene00077762.,0,13,13
WBGene00077763.,6,43,49
WBGene00077764.,0,99,99
WBGene00077765.,0,13,13
WBGene00077766.,0,0,0
WBGene00077767.,1,0,1
WBGene00077768.,1,31,32
WBGene00077769.,2,30,32
WBGene00077770.,4,28,32
WBGene00077771.,1079,18641,19720
WBGene00077772.,2,91,93
WBGene00077773.,0,197,197
WBGene00077775.,51,455,506
WBGene00077781.,2,66,68
WBGene00077782.,4,8,12
WBGene00077783.,4,44,48
WBGene00077784.,0,10,10
WBGene00077785.,3,1,4
WBGene00077786.,218,674,892
WBGene00077787.,1,38,39
WBGene00077788.,2,29,31
WBGene00077789.,0,0,0
WBGene00086546.,59,284,343
WBGene00086551.,3,293,296
WBGene00086552.,0,0,0
WBGene00086553.,73,718,791
WBGene00086554.,1,5,6
WBGene00086555.,3,3,6
WBGene00086556.,5,6,11
WBGene00086557.,51,506,557
WBGene00086558.,19,441,460
WBGene00086559.,15,158,173
WBGene00086560.,3,10,13
WBGene00086561.,0,13,13
WBGene00086562.,1,0,1
WBGene00086563.,0,1,1
WBGene00086564.,0,4,4
WBGene00086565.,0,0,0
WBGene00086566.,46,745,791
WBGene00086567.,1,0,1
WBGene00086568.,5,80,85
WBGene00086569.,147,1161,1308
WBGene00119201.,1,0,1
WBGene00119203.,6,243,249
WBGene00119204.,1,24,25
WBGene00138711.,1,38,39
WBGene00138714.,0,0,0
WBGene00138715.,0,0,0
WBGene00138716.,0,0,0
WBGene00138717.,275,1830,2105
WBGene00138719.,0,0,0
WBGene00138720.,26,443,469
WBGene00138721.,5,10,15
WBGene00138724.,0,94,94
WBGene00164968.,18,342,360
WBGene00164969.,1,19,20
WBGene00164971.,1,1,2
WBGene00164972.,0,0,0
WBGene00164973.,1,39,40
WBGene00164974.,0,0,0
WBGene00164983.,4,25,29
WBGene00164985.,25,165,190
WBGene00164986.,10,7,17
WBGene00164991.,0,0,0
WBGene00164992.,0,0,0
WBGene00164993.,0,0,0
WBGene00164994.,0,0,0
WBGene00164995.,0,0,0
WBGene00164996.,0,0,0
WBGene00164997.,0,0,0
WBGene00164998.,0,0,0
WBGene00164999.,0,0,0
WBGene00165000.,0,0,0
WBGene00165001.,0,0,0
WBGene00165002.,0,0,0
WBGene00165003.,0,0,0
WBGene00165004.,0,0,0
WBGene00165005.,0,0,0
WBGene00165006.,0,0,0
WBGene00165007.,0,0,0
WBGene00165009.,0,0,0
WBGene00165010.,0,0,0
WBGene00165011.,0,0,0
WBGene00165012.,0,0,0
WBGene00165013.,0,0,0
WBGene00165014.,0,0,0
WBGene00165015.,0,2,2
WBGene00165016.,0,1,1
WBGene00165017.,0,0,0
WBGene00165018.,0,0,0
WBGene00165019.,0,0,0
WBGene00165020.,0,0,0
WBGene00165021.,0,0,0
WBGene00165022.,0,0,0
WBGene00165023.,0,0,0
WBGene00165024.,0,1,1
WBGene00165025.,0,0,0
WBGene00165026.,0,0,0
WBGene00165027.,0,5,5
WBGene00165028.,0,0,0
WBGene00165029.,0,0,0
WBGene00165030.,0,0,0
WBGene00165031.,0,0,0
WBGene00165032.,0,0,0
WBGene00165033.,0,0,0
WBGene00165034.,0,0,0
WBGene00165035.,0,0,0
WBGene00165036.,0,0,0
WBGene00165037.,0,0,0
WBGene00165038.,0,0,0
WBGene00165039.,0,0,0
WBGene00165040.,0,0,0
WBGene00165041.,0,0,0
WBGene00165042.,0,0,0
WBGene00165043.,0,0,0
WBGene00165044.,0,0,0
WBGene00165045.,0,0,0
WBGene00165046.,0,4,4
WBGene00165047.,0,2,2
WBGene00165048.,0,0,0
WBGene00165049.,0,0,0
WBGene00165050.,0,0,0
WBGene00165051.,0,0,0
WBGene00165052.,0,0,0
WBGene00165053.,0,0,0
WBGene00165054.,0,20,20
WBGene00165055.,0,0,0
WBGene00165056.,0,0,0
WBGene00165057.,0,0,0
WBGene00165058.,0,0,0
WBGene00165059.,0,0,0
WBGene00165060.,0,0,0
WBGene00165061.,0,0,0
WBGene00165062.,0,0,0
WBGene00165063.,0,0,0
WBGene00165064.,0,0,0
WBGene00165065.,0,0,0
WBGene00165066.,0,0,0
WBGene00165067.,0,15,15
WBGene00165068.,0,0,0
WBGene00165069.,0,0,0
WBGene00165070.,0,0,0
WBGene00165071.,0,0,0
WBGene00165072.,0,0,0
WBGene00165073.,0,0,0
WBGene00165074.,0,0,0
WBGene00165075.,0,5,5
WBGene00165076.,0,0,0
WBGene00165077.,0,3,3
WBGene00165078.,0,0,0
WBGene00165079.,0,0,0
WBGene00165080.,0,5,5
WBGene00165081.,0,4,4
WBGene00165082.,0,0,0
WBGene00165083.,0,0,0
WBGene00165084.,0,0,0
WBGene00165085.,0,0,0
WBGene00165086.,0,0,0
WBGene00165087.,0,0,0
WBGene00165088.,0,0,0
WBGene00165089.,0,0,0
WBGene00165090.,0,0,0
WBGene00165091.,0,0,0
WBGene00165092.,0,0,0
WBGene00165093.,0,0,0
WBGene00165094.,0,1,1
WBGene00165095.,0,0,0
WBGene00165096.,0,0,0
WBGene00165097.,0,0,0
WBGene00165098.,0,0,0
WBGene00165099.,0,0,0
WBGene00165100.,0,0,0
WBGene00165101.,0,0,0
WBGene00165102.,0,2,2
WBGene00165103.,0,0,0
WBGene00165104.,0,0,0
WBGene00165105.,0,0,0
WBGene00165106.,0,0,0
WBGene00165107.,0,0,0
WBGene00165108.,0,0,0
WBGene00165109.,0,0,0
WBGene00165110.,0,0,0
WBGene00165111.,0,0,0
WBGene00165112.,0,0,0
WBGene00165113.,0,0,0
WBGene00165114.,0,0,0
WBGene00165115.,0,0,0
WBGene00165116.,0,0,0
WBGene00165117.,0,0,0
WBGene00165118.,0,0,0
WBGene00165119.,0,0,0
WBGene00165120.,0,0,0
WBGene00165121.,0,0,0
WBGene00165122.,0,1,1
WBGene00165123.,0,0,0
WBGene00165124.,0,0,0
WBGene00165125.,0,0,0
WBGene00165126.,0,0,0
WBGene00165127.,0,0,0
WBGene00165128.,0,0,0
WBGene00165129.,0,0,0
WBGene00165130.,0,0,0
WBGene00165131.,0,0,0
WBGene00165132.,0,0,0
WBGene00165133.,0,0,0
WBGene00165134.,0,0,0
WBGene00165135.,0,0,0
WBGene00165136.,0,0,0
WBGene00165137.,0,0,0
WBGene00165138.,0,0,0
WBGene00165139.,0,0,0
WBGene00165140.,0,1,1
WBGene00165141.,0,0,0
WBGene00165142.,0,0,0
WBGene00165143.,0,0,0
WBGene00165144.,0,0,0
WBGene00165146.,0,0,0
WBGene00165147.,0,45,45
WBGene00165148.,0,0,0
WBGene00165149.,0,0,0
WBGene00165150.,0,0,0
WBGene00165151.,0,0,0
WBGene00165152.,0,0,0
WBGene00165153.,0,0,0
WBGene00165154.,0,0,0
WBGene00165155.,0,0,0
WBGene00165156.,0,1,1
WBGene00165157.,0,0,0
WBGene00165158.,0,0,0
WBGene00165159.,0,0,0
WBGene00165160.,0,0,0
WBGene00165161.,0,0,0
WBGene00165162.,0,0,0
WBGene00165163.,0,0,0
WBGene00165164.,0,0,0
WBGene00165165.,0,0,0
WBGene00165166.,0,0,0
WBGene00165167.,0,0,0
WBGene00165168.,0,0,0
WBGene00165169.,0,2,2
WBGene00165170.,0,1,1
WBGene00165171.,0,0,0
WBGene00165172.,0,0,0
WBGene00165173.,0,0,0
WBGene00165174.,0,0,0
WBGene00165175.,0,0,0
WBGene00165176.,0,1,1
WBGene00165177.,0,2,2
WBGene00165178.,0,0,0
WBGene00165179.,0,0,0
WBGene00165180.,0,0,0
WBGene00165181.,0,0,0
WBGene00165182.,0,0,0
WBGene00165183.,0,3,3
WBGene00165184.,0,0,0
WBGene00165185.,0,0,0
WBGene00165186.,0,0,0
WBGene00165187.,0,0,0
WBGene00165188.,0,0,0
WBGene00165189.,0,0,0
WBGene00165190.,0,0,0
WBGene00165191.,0,0,0
WBGene00165192.,0,0,0
WBGene00165193.,0,0,0
WBGene00165194.,0,0,0
WBGene00165195.,0,0,0
WBGene00165196.,0,0,0
WBGene00165197.,0,3,3
WBGene00165198.,0,0,0
WBGene00165199.,0,0,0
WBGene00165200.,0,0,0
WBGene00165201.,0,0,0
WBGene00165202.,0,1,1
WBGene00165203.,0,0,0
WBGene00165204.,0,0,0
WBGene00165205.,0,0,0
WBGene00165206.,0,0,0
WBGene00165207.,0,0,0
WBGene00165208.,0,9,9
WBGene00165209.,0,0,0
WBGene00165210.,0,1,1
WBGene00165211.,0,0,0
WBGene00165212.,0,0,0
WBGene00165213.,0,0,0
WBGene00165214.,0,0,0
WBGene00165215.,0,0,0
WBGene00165217.,0,0,0
WBGene00165218.,0,1,1
WBGene00165219.,0,0,0
WBGene00165220.,0,0,0
WBGene00165221.,0,1,1
WBGene00165222.,0,0,0
WBGene00165223.,0,0,0
WBGene00165224.,0,0,0
WBGene00165225.,0,0,0
WBGene00165226.,0,0,0
WBGene00165227.,0,0,0
WBGene00165228.,0,0,0
WBGene00165229.,0,0,0
WBGene00165230.,0,0,0
WBGene00165231.,0,0,0
WBGene00165232.,0,0,0
WBGene00165233.,0,0,0
WBGene00165234.,0,0,0
WBGene00165235.,0,0,0
WBGene00165236.,0,0,0
WBGene00165237.,0,0,0
WBGene00165238.,0,0,0
WBGene00165239.,0,1,1
WBGene00165240.,0,38,38
WBGene00165241.,0,0,0
WBGene00165242.,0,0,0
WBGene00165243.,0,0,0
WBGene00165244.,0,0,0
WBGene00165245.,0,0,0
WBGene00165246.,0,0,0
WBGene00165247.,0,0,0
WBGene00165248.,0,0,0
WBGene00165249.,0,1,1
WBGene00165250.,0,0,0
WBGene00165251.,0,0,0
WBGene00165252.,0,0,0
WBGene00165253.,0,0,0
WBGene00165254.,0,0,0
WBGene00165255.,0,0,0
WBGene00165256.,0,2,2
WBGene00165257.,0,1,1
WBGene00165258.,0,0,0
WBGene00165259.,0,0,0
WBGene00165260.,0,0,0
WBGene00165261.,0,0,0
WBGene00165262.,0,0,0
WBGene00165263.,0,0,0
WBGene00165264.,0,0,0
WBGene00165265.,0,0,0
WBGene00165266.,0,0,0
WBGene00165267.,0,0,0
WBGene00165268.,0,0,0
WBGene00165269.,0,6,6
WBGene00165270.,0,0,0
WBGene00165271.,0,0,0
WBGene00165272.,0,0,0
WBGene00165273.,0,0,0
WBGene00165274.,0,0,0
WBGene00165275.,0,0,0
WBGene00165276.,0,0,0
WBGene00165277.,0,0,0
WBGene00165278.,0,0,0
WBGene00165279.,0,0,0
WBGene00165280.,0,0,0
WBGene00165281.,0,0,0
WBGene00165282.,0,0,0
WBGene00165283.,0,0,0
WBGene00165284.,0,0,0
WBGene00165285.,0,0,0
WBGene00165286.,0,0,0
WBGene00165287.,0,0,0
WBGene00165288.,0,0,0
WBGene00165289.,0,0,0
WBGene00165290.,0,0,0
WBGene00165291.,0,0,0
WBGene00165292.,0,0,0
WBGene00165293.,0,0,0
WBGene00165294.,0,0,0
WBGene00165295.,0,0,0
WBGene00165296.,0,0,0
WBGene00165297.,0,0,0
WBGene00165298.,0,1,1
WBGene00165299.,0,0,0
WBGene00165300.,0,0,0
WBGene00165301.,0,0,0
WBGene00165302.,0,0,0
WBGene00165303.,0,2,2
WBGene00165304.,0,0,0
WBGene00165305.,0,0,0
WBGene00165306.,0,0,0
WBGene00165307.,0,0,0
WBGene00165308.,0,0,0
WBGene00165309.,0,0,0
WBGene00165310.,0,0,0
WBGene00165311.,0,0,0
WBGene00165312.,0,0,0
WBGene00165313.,0,4,4
WBGene00165314.,0,0,0
WBGene00165315.,0,0,0
WBGene00165316.,0,0,0
WBGene00165317.,0,0,0
WBGene00165318.,0,0,0
WBGene00165319.,0,0,0
WBGene00165320.,0,0,0
WBGene00165321.,0,0,0
WBGene00165322.,0,0,0
WBGene00165323.,0,1,1
WBGene00165324.,0,2,2
WBGene00165325.,0,0,0
WBGene00165326.,0,0,0
WBGene00165327.,0,0,0
WBGene00165328.,0,0,0
WBGene00165329.,0,0,0
WBGene00165330.,0,0,0
WBGene00165331.,0,0,0
WBGene00165332.,0,0,0
WBGene00165333.,0,0,0
WBGene00165334.,0,1,1
WBGene00165335.,0,0,0
WBGene00165336.,0,0,0
WBGene00165337.,0,0,0
WBGene00165338.,0,0,0
WBGene00165339.,0,0,0
WBGene00165340.,0,0,0
WBGene00165341.,0,0,0
WBGene00165342.,0,0,0
WBGene00165343.,0,0,0
WBGene00165344.,0,3,3
WBGene00165345.,0,0,0
WBGene00165346.,0,0,0
WBGene00165347.,0,0,0
WBGene00165348.,0,6,6
WBGene00165349.,0,0,0
WBGene00165350.,0,4,4
WBGene00165351.,0,0,0
WBGene00165352.,0,0,0
WBGene00165353.,0,0,0
WBGene00165354.,0,0,0
WBGene00165355.,0,0,0
WBGene00165356.,0,0,0
WBGene00165357.,0,0,0
WBGene00165358.,0,0,0
WBGene00165359.,0,0,0
WBGene00165360.,0,0,0
WBGene00165361.,0,1,1
WBGene00165362.,0,0,0
WBGene00165363.,0,0,0
WBGene00165364.,0,0,0
WBGene00165365.,0,0,0
WBGene00165366.,0,0,0
WBGene00165367.,0,0,0
WBGene00165368.,0,0,0
WBGene00165369.,0,0,0
WBGene00165370.,0,0,0
WBGene00165371.,0,0,0
WBGene00165372.,0,0,0
WBGene00165373.,0,561,561
WBGene00165374.,0,0,0
WBGene00165375.,0,0,0
WBGene00165376.,0,3,3
WBGene00165377.,0,0,0
WBGene00165378.,0,0,0
WBGene00165379.,0,5,5
WBGene00165380.,0,1,1
WBGene00165381.,0,0,0
WBGene00165382.,0,1,1
WBGene00165383.,0,0,0
WBGene00165384.,0,0,0
WBGene00165385.,0,0,0
WBGene00165386.,0,0,0
WBGene00165387.,0,0,0
WBGene00165388.,0,2,2
WBGene00165389.,0,0,0
WBGene00165390.,0,0,0
WBGene00165391.,0,0,0
WBGene00165392.,0,0,0
WBGene00165393.,0,0,0
WBGene00165394.,0,0,0
WBGene00165395.,0,0,0
WBGene00165396.,0,0,0
WBGene00165397.,0,0,0
WBGene00165398.,0,0,0
WBGene00165399.,0,2,2
WBGene00165400.,0,1,1
WBGene00165401.,0,0,0
WBGene00165402.,0,0,0
WBGene00165403.,0,0,0
WBGene00165404.,0,0,0
WBGene00165405.,0,0,0
WBGene00165406.,0,0,0
WBGene00165407.,0,0,0
WBGene00165408.,0,0,0
WBGene00165409.,0,0,0
WBGene00165410.,0,0,0
WBGene00165411.,0,0,0
WBGene00165412.,0,0,0
WBGene00165413.,0,0,0
WBGene00165414.,0,0,0
WBGene00165415.,0,0,0
WBGene00165416.,0,1,1
WBGene00165417.,0,0,0
WBGene00165418.,0,1,1
WBGene00165419.,0,0,0
WBGene00165420.,0,0,0
WBGene00165421.,0,0,0
WBGene00165422.,0,0,0
WBGene00165423.,0,0,0
WBGene00165424.,0,0,0
WBGene00165425.,0,0,0
WBGene00165426.,0,1,1
WBGene00165427.,0,1,1
WBGene00165428.,0,0,0
WBGene00165429.,0,0,0
WBGene00165430.,0,0,0
WBGene00165431.,0,0,0
WBGene00165432.,0,0,0
WBGene00165433.,0,0,0
WBGene00165434.,0,0,0
WBGene00165435.,0,0,0
WBGene00165436.,0,0,0
WBGene00165438.,0,3,3
WBGene00165439.,0,0,0
WBGene00165440.,0,0,0
WBGene00165441.,0,0,0
WBGene00165442.,0,0,0
WBGene00165443.,0,0,0
WBGene00165444.,0,0,0
WBGene00165445.,0,0,0
WBGene00165446.,0,0,0
WBGene00165447.,0,0,0
WBGene00165448.,0,0,0
WBGene00165449.,0,0,0
WBGene00165450.,0,0,0
WBGene00165451.,0,0,0
WBGene00165452.,0,0,0
WBGene00165453.,0,0,0
WBGene00165454.,0,0,0
WBGene00165455.,0,0,0
WBGene00165456.,0,0,0
WBGene00165457.,0,0,0
WBGene00165458.,0,0,0
WBGene00165459.,0,0,0
WBGene00165460.,0,0,0
WBGene00165461.,0,0,0
WBGene00165462.,0,1,1
WBGene00165463.,0,0,0
WBGene00165464.,0,3,3
WBGene00165465.,0,0,0
WBGene00165466.,0,0,0
WBGene00165467.,0,0,0
WBGene00165468.,0,0,0
WBGene00165469.,0,0,0
WBGene00165470.,0,0,0
WBGene00165471.,0,1,1
WBGene00165472.,0,0,0
WBGene00165473.,0,0,0
WBGene00165474.,0,0,0
WBGene00165475.,0,0,0
WBGene00165476.,0,0,0
WBGene00165477.,0,2,2
WBGene00165478.,0,0,0
WBGene00165479.,0,1,1
WBGene00165480.,0,0,0
WBGene00165481.,0,0,0
WBGene00165482.,0,0,0
WBGene00165483.,0,0,0
WBGene00165484.,0,0,0
WBGene00165485.,0,0,0
WBGene00165486.,0,2,2
WBGene00165487.,0,0,0
WBGene00165488.,0,0,0
WBGene00165489.,0,0,0
WBGene00165490.,0,0,0
WBGene00165491.,0,0,0
WBGene00165492.,0,0,0
WBGene00165493.,0,0,0
WBGene00165494.,0,0,0
WBGene00165495.,0,0,0
WBGene00165496.,0,0,0
WBGene00165497.,0,0,0
WBGene00165498.,0,0,0
WBGene00165499.,0,0,0
WBGene00165500.,0,1,1
WBGene00165501.,0,0,0
WBGene00165502.,0,0,0
WBGene00165503.,0,0,0
WBGene00165504.,0,0,0
WBGene00165505.,0,0,0
WBGene00165506.,0,1,1
WBGene00165507.,0,0,0
WBGene00165508.,0,0,0
WBGene00165509.,0,0,0
WBGene00165510.,0,0,0
WBGene00165511.,0,0,0
WBGene00165512.,0,0,0
WBGene00165513.,0,47,47
WBGene00165514.,0,0,0
WBGene00165515.,0,0,0
WBGene00165516.,0,0,0
WBGene00165517.,0,0,0
WBGene00165518.,0,0,0
WBGene00165519.,0,5,5
WBGene00165520.,0,0,0
WBGene00165521.,0,0,0
WBGene00165522.,0,0,0
WBGene00165523.,0,0,0
WBGene00165524.,0,0,0
WBGene00165525.,0,0,0
WBGene00165526.,0,0,0
WBGene00165527.,0,0,0
WBGene00165528.,0,0,0
WBGene00165529.,0,0,0
WBGene00165530.,0,0,0
WBGene00165531.,0,0,0
WBGene00165532.,0,0,0
WBGene00165533.,0,0,0
WBGene00165534.,0,0,0
WBGene00165535.,0,0,0
WBGene00165536.,0,0,0
WBGene00165537.,0,0,0
WBGene00165538.,0,0,0
WBGene00165539.,0,0,0
WBGene00165540.,0,0,0
WBGene00165541.,0,1,1
WBGene00165542.,0,0,0
WBGene00165543.,0,0,0
WBGene00165544.,0,0,0
WBGene00165545.,0,1,1
WBGene00165546.,0,0,0
WBGene00165547.,0,0,0
WBGene00165548.,0,0,0
WBGene00165549.,0,0,0
WBGene00165550.,0,0,0
WBGene00165551.,0,0,0
WBGene00165552.,0,1,1
WBGene00165553.,0,0,0
WBGene00165554.,0,0,0
WBGene00165555.,0,0,0
WBGene00165556.,0,0,0
WBGene00165557.,0,0,0
WBGene00165558.,0,186,186
WBGene00165559.,0,0,0
WBGene00165560.,0,0,0
WBGene00165561.,0,0,0
WBGene00165562.,0,0,0
WBGene00165563.,0,0,0
WBGene00165564.,0,0,0
WBGene00165565.,0,0,0
WBGene00165566.,0,2,2
WBGene00165567.,0,0,0
WBGene00165568.,0,0,0
WBGene00165569.,0,0,0
WBGene00165570.,0,0,0
WBGene00165571.,0,0,0
WBGene00165572.,0,0,0
WBGene00165573.,0,1,1
WBGene00165574.,0,0,0
WBGene00165575.,0,0,0
WBGene00165576.,0,0,0
WBGene00165577.,0,0,0
WBGene00165578.,0,0,0
WBGene00165579.,0,0,0
WBGene00165580.,0,0,0
WBGene00165581.,0,0,0
WBGene00165582.,0,0,0
WBGene00165583.,0,0,0
WBGene00165584.,0,0,0
WBGene00165585.,0,0,0
WBGene00165586.,0,0,0
WBGene00165587.,0,4,4
WBGene00165588.,0,0,0
WBGene00165589.,0,0,0
WBGene00165590.,0,0,0
WBGene00165591.,0,0,0
WBGene00165592.,0,0,0
WBGene00165593.,0,0,0
WBGene00165594.,0,0,0
WBGene00165595.,0,0,0
WBGene00165596.,0,0,0
WBGene00165597.,0,0,0
WBGene00165598.,0,0,0
WBGene00165599.,0,0,0
WBGene00165600.,0,0,0
WBGene00165601.,0,0,0
WBGene00165602.,0,0,0
WBGene00165603.,0,4,4
WBGene00165604.,0,0,0
WBGene00165605.,0,0,0
WBGene00165606.,0,0,0
WBGene00165607.,0,0,0
WBGene00165608.,0,0,0
WBGene00165609.,0,13,13
WBGene00165610.,0,0,0
WBGene00165611.,0,0,0
WBGene00165612.,0,0,0
WBGene00165613.,0,0,0
WBGene00165614.,0,0,0
WBGene00165615.,0,0,0
WBGene00165616.,0,0,0
WBGene00165617.,0,0,0
WBGene00165618.,0,0,0
WBGene00165619.,0,0,0
WBGene00165620.,0,1,1
WBGene00165621.,0,0,0
WBGene00165622.,0,0,0
WBGene00165623.,0,0,0
WBGene00165624.,0,0,0
WBGene00165625.,0,0,0
WBGene00165626.,0,0,0
WBGene00165627.,0,0,0
WBGene00165628.,0,0,0
WBGene00165629.,0,0,0
WBGene00165630.,0,0,0
WBGene00165631.,0,1,1
WBGene00165632.,0,0,0
WBGene00165633.,0,0,0
WBGene00165634.,0,0,0
WBGene00165635.,0,0,0
WBGene00165636.,0,0,0
WBGene00165637.,0,0,0
WBGene00165638.,0,0,0
WBGene00165639.,0,0,0
WBGene00165640.,0,0,0
WBGene00165641.,0,0,0
WBGene00165642.,0,0,0
WBGene00165643.,0,0,0
WBGene00165644.,0,0,0
WBGene00165645.,0,1,1
WBGene00165646.,0,1,1
WBGene00165647.,0,1,1
WBGene00165648.,0,0,0
WBGene00165649.,0,8,8
WBGene00165650.,0,0,0
WBGene00165651.,0,0,0
WBGene00165652.,0,0,0
WBGene00165653.,0,0,0
WBGene00165654.,0,1,1
WBGene00165655.,0,0,0
WBGene00165656.,0,0,0
WBGene00165657.,0,0,0
WBGene00165658.,0,0,0
WBGene00165659.,0,0,0
WBGene00165660.,0,0,0
WBGene00165661.,0,0,0
WBGene00165662.,0,0,0
WBGene00165663.,0,2,2
WBGene00165664.,0,0,0
WBGene00165665.,0,21,21
WBGene00165666.,0,4,4
WBGene00165667.,0,0,0
WBGene00165668.,0,0,0
WBGene00165669.,0,0,0
WBGene00165670.,0,0,0
WBGene00165671.,0,0,0
WBGene00165672.,0,0,0
WBGene00165673.,0,0,0
WBGene00165674.,0,0,0
WBGene00165675.,0,0,0
WBGene00165676.,0,0,0
WBGene00165677.,0,0,0
WBGene00165678.,0,0,0
WBGene00165679.,0,0,0
WBGene00165680.,0,0,0
WBGene00165681.,0,0,0
WBGene00165682.,0,0,0
WBGene00165683.,0,0,0
WBGene00165684.,0,0,0
WBGene00165685.,0,0,0
WBGene00165686.,0,0,0
WBGene00165687.,0,3,3
WBGene00165688.,0,0,0
WBGene00165689.,0,0,0
WBGene00165690.,0,2,2
WBGene00165691.,0,0,0
WBGene00165692.,0,0,0
WBGene00165693.,0,0,0
WBGene00165694.,0,0,0
WBGene00165695.,0,0,0
WBGene00165696.,0,0,0
WBGene00165697.,0,0,0
WBGene00165698.,0,0,0
WBGene00165699.,0,1,1
WBGene00165700.,0,0,0
WBGene00165701.,0,0,0
WBGene00165702.,0,0,0
WBGene00165703.,0,0,0
WBGene00165704.,0,1,1
WBGene00165705.,0,6,6
WBGene00165706.,0,0,0
WBGene00165707.,0,0,0
WBGene00165708.,0,0,0
WBGene00165709.,0,0,0
WBGene00165710.,0,0,0
WBGene00165711.,0,0,0
WBGene00165712.,0,0,0
WBGene00165713.,0,0,0
WBGene00165714.,0,0,0
WBGene00165715.,0,0,0
WBGene00165716.,0,0,0
WBGene00165717.,0,1,1
WBGene00165718.,0,1,1
WBGene00165719.,0,0,0
WBGene00165720.,0,9,9
WBGene00165721.,0,0,0
WBGene00165722.,0,5,5
WBGene00165723.,0,2,2
WBGene00165724.,0,0,0
WBGene00165725.,0,0,0
WBGene00165726.,0,0,0
WBGene00165727.,0,0,0
WBGene00165728.,0,0,0
WBGene00165729.,0,1,1
WBGene00165730.,0,0,0
WBGene00165731.,0,0,0
WBGene00165732.,0,0,0
WBGene00165733.,0,1,1
WBGene00165734.,0,26,26
WBGene00165735.,0,0,0
WBGene00165736.,0,0,0
WBGene00165737.,0,0,0
WBGene00165738.,0,0,0
WBGene00165739.,0,1,1
WBGene00165740.,0,0,0
WBGene00165741.,0,0,0
WBGene00165742.,0,0,0
WBGene00165743.,0,0,0
WBGene00165744.,0,0,0
WBGene00165745.,0,0,0
WBGene00165746.,0,0,0
WBGene00165747.,0,2,2
WBGene00165748.,0,0,0
WBGene00165749.,0,0,0
WBGene00165750.,0,0,0
WBGene00165751.,0,0,0
WBGene00165752.,0,5,5
WBGene00165753.,0,5,5
WBGene00165754.,0,1,1
WBGene00165755.,0,0,0
WBGene00165756.,0,0,0
WBGene00165757.,0,0,0
WBGene00165758.,0,0,0
WBGene00165759.,0,0,0
WBGene00165760.,0,0,0
WBGene00165761.,0,0,0
WBGene00165762.,0,0,0
WBGene00165763.,0,1,1
WBGene00165764.,0,1,1
WBGene00165765.,0,0,0
WBGene00165766.,0,0,0
WBGene00165767.,0,6,6
WBGene00165768.,0,0,0
WBGene00165769.,0,0,0
WBGene00165770.,0,0,0
WBGene00165771.,0,0,0
WBGene00165772.,0,0,0
WBGene00165773.,0,3,3
WBGene00165774.,0,1,1
WBGene00165775.,0,0,0
WBGene00165776.,0,0,0
WBGene00165777.,0,0,0
WBGene00165778.,0,0,0
WBGene00165779.,0,2,2
WBGene00165780.,0,0,0
WBGene00165781.,0,0,0
WBGene00165782.,0,0,0
WBGene00165783.,0,0,0
WBGene00165784.,0,0,0
WBGene00165785.,0,0,0
WBGene00165786.,0,1,1
WBGene00165787.,0,0,0
WBGene00165788.,0,0,0
WBGene00165789.,0,0,0
WBGene00165790.,0,0,0
WBGene00165791.,0,0,0
WBGene00165792.,0,0,0
WBGene00165793.,0,0,0
WBGene00165794.,0,0,0
WBGene00165795.,0,0,0
WBGene00165796.,0,0,0
WBGene00165797.,0,0,0
WBGene00165798.,0,0,0
WBGene00165799.,0,0,0
WBGene00165800.,0,0,0
WBGene00165801.,0,0,0
WBGene00165802.,0,0,0
WBGene00165803.,0,0,0
WBGene00165804.,0,0,0
WBGene00165805.,0,0,0
WBGene00165806.,0,0,0
WBGene00165807.,0,0,0
WBGene00165808.,0,0,0
WBGene00165809.,0,0,0
WBGene00165810.,0,1,1
WBGene00165811.,0,0,0
WBGene00165812.,0,0,0
WBGene00165813.,0,0,0
WBGene00165814.,0,0,0
WBGene00165815.,0,0,0
WBGene00165816.,0,0,0
WBGene00165817.,0,0,0
WBGene00165818.,0,0,0
WBGene00165819.,0,0,0
WBGene00165820.,0,0,0
WBGene00165821.,0,0,0
WBGene00165822.,0,0,0
WBGene00165823.,0,0,0
WBGene00165824.,0,0,0
WBGene00165825.,0,0,0
WBGene00165826.,0,6,6
WBGene00165827.,0,0,0
WBGene00165828.,0,0,0
WBGene00165829.,0,1,1
WBGene00165830.,0,1,1
WBGene00165831.,0,0,0
WBGene00165832.,0,0,0
WBGene00165833.,0,0,0
WBGene00165834.,0,0,0
WBGene00165835.,0,13,13
WBGene00165836.,0,0,0
WBGene00165837.,0,0,0
WBGene00165838.,0,0,0
WBGene00165839.,0,2,2
WBGene00165840.,0,0,0
WBGene00165841.,0,0,0
WBGene00165842.,0,0,0
WBGene00165843.,0,0,0
WBGene00165844.,0,0,0
WBGene00165845.,0,0,0
WBGene00165846.,0,0,0
WBGene00165847.,0,0,0
WBGene00165848.,0,0,0
WBGene00165849.,0,0,0
WBGene00165850.,0,0,0
WBGene00165851.,0,0,0
WBGene00165852.,0,0,0
WBGene00165853.,0,0,0
WBGene00165854.,0,0,0
WBGene00165855.,0,0,0
WBGene00165856.,0,0,0
WBGene00165857.,0,1,1
WBGene00165858.,0,0,0
WBGene00165859.,0,0,0
WBGene00165860.,0,0,0
WBGene00165861.,0,0,0
WBGene00165862.,0,0,0
WBGene00165863.,0,0,0
WBGene00165864.,0,1,1
WBGene00165865.,0,0,0
WBGene00165866.,0,0,0
WBGene00165867.,0,0,0
WBGene00165868.,0,0,0
WBGene00165869.,0,0,0
WBGene00165870.,0,0,0
WBGene00165871.,0,0,0
WBGene00165872.,0,0,0
WBGene00165873.,0,0,0
WBGene00165874.,0,0,0
WBGene00165875.,0,0,0
WBGene00165876.,0,0,0
WBGene00165877.,0,0,0
WBGene00165878.,0,0,0
WBGene00165879.,0,0,0
WBGene00165880.,0,0,0
WBGene00165881.,0,6,6
WBGene00165882.,0,0,0
WBGene00165883.,0,0,0
WBGene00165884.,0,0,0
WBGene00165885.,0,0,0
WBGene00165886.,0,0,0
WBGene00165887.,0,0,0
WBGene00165888.,0,0,0
WBGene00165889.,0,1,1
WBGene00165890.,0,0,0
WBGene00165891.,0,0,0
WBGene00165892.,0,1,1
WBGene00165893.,0,4,4
WBGene00165894.,0,0,0
WBGene00165895.,0,0,0
WBGene00165896.,0,0,0
WBGene00165897.,0,0,0
WBGene00165898.,0,0,0
WBGene00165899.,0,0,0
WBGene00165900.,0,0,0
WBGene00165901.,0,0,0
WBGene00165902.,0,0,0
WBGene00165903.,0,0,0
WBGene00165904.,0,0,0
WBGene00165905.,0,0,0
WBGene00165906.,0,0,0
WBGene00165907.,0,0,0
WBGene00165908.,0,0,0
WBGene00165909.,0,0,0
WBGene00165910.,0,2,2
WBGene00165911.,0,0,0
WBGene00165912.,0,0,0
WBGene00165913.,0,0,0
WBGene00165914.,0,0,0
WBGene00165915.,0,0,0
WBGene00165916.,0,0,0
WBGene00165917.,0,0,0
WBGene00165918.,0,0,0
WBGene00165919.,0,0,0
WBGene00165920.,0,0,0
WBGene00165921.,0,0,0
WBGene00165922.,0,0,0
WBGene00165923.,0,0,0
WBGene00165924.,0,5,5
WBGene00165925.,0,0,0
WBGene00165926.,0,1,1
WBGene00165927.,0,0,0
WBGene00165928.,0,1,1
WBGene00165929.,0,0,0
WBGene00165930.,0,0,0
WBGene00165931.,0,0,0
WBGene00165932.,0,2,2
WBGene00165933.,0,0,0
WBGene00165934.,0,0,0
WBGene00165935.,0,0,0
WBGene00165936.,0,3,3
WBGene00165937.,0,0,0
WBGene00165938.,0,0,0
WBGene00165939.,0,1,1
WBGene00165940.,0,0,0
WBGene00165941.,0,0,0
WBGene00165942.,0,0,0
WBGene00165943.,0,0,0
WBGene00165944.,0,0,0
WBGene00165945.,0,0,0
WBGene00165946.,0,0,0
WBGene00165947.,0,7,7
WBGene00165948.,0,0,0
WBGene00165949.,0,10,10
WBGene00165950.,0,0,0
WBGene00165951.,0,2,2
WBGene00165952.,0,0,0
WBGene00165953.,0,0,0
WBGene00165954.,0,2,2
WBGene00165955.,0,0,0
WBGene00165956.,0,8,8
WBGene00165957.,0,0,0
WBGene00165958.,0,2,2
WBGene00165959.,0,0,0
WBGene00165960.,0,0,0
WBGene00165961.,0,1,1
WBGene00165962.,0,0,0
WBGene00165963.,0,0,0
WBGene00165964.,0,0,0
WBGene00165965.,0,1,1
WBGene00165966.,0,1,1
WBGene00165967.,0,0,0
WBGene00165968.,0,0,0
WBGene00165969.,0,0,0
WBGene00165970.,0,0,0
WBGene00165971.,0,0,0
WBGene00165972.,0,0,0
WBGene00165973.,0,0,0
WBGene00165974.,0,0,0
WBGene00165975.,0,0,0
WBGene00165976.,0,0,0
WBGene00165977.,0,0,0
WBGene00165978.,0,0,0
WBGene00165979.,0,0,0
WBGene00165980.,0,0,0
WBGene00165981.,0,0,0
WBGene00165982.,0,0,0
WBGene00165983.,0,0,0
WBGene00165984.,0,0,0
WBGene00165985.,0,0,0
WBGene00165986.,0,0,0
WBGene00165987.,0,2,2
WBGene00165988.,0,0,0
WBGene00165989.,0,0,0
WBGene00165990.,0,36,36
WBGene00165991.,0,0,0
WBGene00165992.,0,0,0
WBGene00165993.,0,6,6
WBGene00165994.,0,0,0
WBGene00165995.,0,0,0
WBGene00165996.,0,0,0
WBGene00165997.,0,0,0
WBGene00165998.,0,0,0
WBGene00165999.,0,0,0
WBGene00166000.,0,0,0
WBGene00166001.,0,0,0
WBGene00166002.,0,2,2
WBGene00166003.,0,1,1
WBGene00166004.,0,0,0
WBGene00166005.,0,0,0
WBGene00166006.,0,0,0
WBGene00166007.,0,0,0
WBGene00166008.,0,0,0
WBGene00166009.,0,1,1
WBGene00166010.,0,2,2
WBGene00166011.,0,0,0
WBGene00166012.,0,0,0
WBGene00166013.,0,0,0
WBGene00166014.,0,0,0
WBGene00166015.,0,0,0
WBGene00166016.,0,0,0
WBGene00166017.,0,0,0
WBGene00166018.,0,0,0
WBGene00166019.,0,0,0
WBGene00166020.,0,1,1
WBGene00166021.,0,1,1
WBGene00166022.,0,0,0
WBGene00166023.,0,0,0
WBGene00166024.,0,0,0
WBGene00166025.,0,0,0
WBGene00166026.,0,0,0
WBGene00166027.,0,0,0
WBGene00166028.,0,0,0
WBGene00166029.,0,0,0
WBGene00166030.,0,0,0
WBGene00166031.,0,0,0
WBGene00166032.,0,0,0
WBGene00166033.,0,0,0
WBGene00166034.,0,0,0
WBGene00166035.,0,0,0
WBGene00166036.,0,0,0
WBGene00166037.,0,0,0
WBGene00166038.,0,0,0
WBGene00166039.,0,0,0
WBGene00166040.,0,0,0
WBGene00166041.,0,10,10
WBGene00166042.,0,0,0
WBGene00166043.,0,0,0
WBGene00166044.,0,0,0
WBGene00166045.,0,0,0
WBGene00166046.,0,0,0
WBGene00166047.,0,6,6
WBGene00166048.,0,0,0
WBGene00166049.,0,0,0
WBGene00166050.,0,0,0
WBGene00166051.,0,0,0
WBGene00166052.,0,0,0
WBGene00166053.,0,0,0
WBGene00166054.,0,0,0
WBGene00166055.,0,0,0
WBGene00166057.,0,0,0
WBGene00166058.,0,0,0
WBGene00166059.,0,0,0
WBGene00166060.,0,0,0
WBGene00166062.,0,0,0
WBGene00166063.,0,0,0
WBGene00166064.,0,0,0
WBGene00166065.,0,0,0
WBGene00166066.,0,0,0
WBGene00166067.,0,0,0
WBGene00166068.,0,0,0
WBGene00166069.,0,0,0
WBGene00166070.,0,0,0
WBGene00166071.,0,0,0
WBGene00166072.,0,0,0
WBGene00166073.,0,0,0
WBGene00166074.,0,0,0
WBGene00166075.,0,0,0
WBGene00166076.,0,0,0
WBGene00166077.,0,0,0
WBGene00166078.,0,0,0
WBGene00166079.,0,0,0
WBGene00166080.,0,0,0
WBGene00166081.,0,0,0
WBGene00166082.,0,2,2
WBGene00166083.,0,0,0
WBGene00166084.,0,1,1
WBGene00166085.,0,0,0
WBGene00166086.,0,0,0
WBGene00166087.,0,0,0
WBGene00166088.,0,0,0
WBGene00166089.,0,0,0
WBGene00166090.,0,0,0
WBGene00166091.,0,0,0
WBGene00166092.,0,0,0
WBGene00166093.,0,12,12
WBGene00166094.,0,0,0
WBGene00166095.,0,0,0
WBGene00166096.,0,0,0
WBGene00166097.,0,4,4
WBGene00166098.,0,0,0
WBGene00166099.,0,0,0
WBGene00166100.,0,4,4
WBGene00166101.,0,0,0
WBGene00166102.,0,0,0
WBGene00166103.,0,0,0
WBGene00166104.,0,0,0
WBGene00166105.,0,1,1
WBGene00166106.,0,0,0
WBGene00166107.,0,0,0
WBGene00166108.,0,0,0
WBGene00166109.,0,0,0
WBGene00166110.,0,0,0
WBGene00166111.,0,0,0
WBGene00166112.,0,0,0
WBGene00166113.,0,0,0
WBGene00166114.,0,0,0
WBGene00166115.,0,0,0
WBGene00166116.,0,0,0
WBGene00166117.,0,0,0
WBGene00166118.,0,0,0
WBGene00166119.,0,0,0
WBGene00166120.,0,0,0
WBGene00166121.,0,0,0
WBGene00166122.,0,0,0
WBGene00166123.,0,0,0
WBGene00166124.,0,0,0
WBGene00166125.,0,0,0
WBGene00166126.,0,0,0
WBGene00166127.,0,0,0
WBGene00166128.,0,0,0
WBGene00166129.,0,1,1
WBGene00166130.,0,0,0
WBGene00166131.,0,0,0
WBGene00166132.,0,1,1
WBGene00166133.,0,0,0
WBGene00166134.,0,0,0
WBGene00166135.,0,0,0
WBGene00166136.,0,0,0
WBGene00166137.,0,0,0
WBGene00166138.,0,0,0
WBGene00166139.,0,0,0
WBGene00166140.,0,0,0
WBGene00166141.,0,3,3
WBGene00166142.,0,0,0
WBGene00166143.,0,0,0
WBGene00166144.,0,0,0
WBGene00166145.,0,0,0
WBGene00166146.,0,0,0
WBGene00166147.,0,0,0
WBGene00166148.,0,0,0
WBGene00166149.,0,0,0
WBGene00166150.,0,0,0
WBGene00166151.,0,0,0
WBGene00166152.,0,0,0
WBGene00166153.,0,0,0
WBGene00166154.,0,0,0
WBGene00166155.,0,0,0
WBGene00166156.,0,1,1
WBGene00166157.,0,0,0
WBGene00166158.,0,0,0
WBGene00166159.,0,0,0
WBGene00166160.,0,3,3
WBGene00166161.,0,0,0
WBGene00166162.,0,0,0
WBGene00166163.,0,0,0
WBGene00166164.,0,1,1
WBGene00166165.,0,0,0
WBGene00166166.,0,0,0
WBGene00166167.,0,0,0
WBGene00166168.,0,0,0
WBGene00166169.,0,0,0
WBGene00166170.,0,0,0
WBGene00166171.,0,0,0
WBGene00166172.,0,0,0
WBGene00166173.,0,0,0
WBGene00166174.,0,0,0
WBGene00166175.,0,1,1
WBGene00166176.,0,1,1
WBGene00166177.,0,0,0
WBGene00166178.,0,0,0
WBGene00166179.,0,0,0
WBGene00166180.,0,0,0
WBGene00166181.,0,0,0
WBGene00166182.,0,0,0
WBGene00166183.,0,0,0
WBGene00166184.,0,0,0
WBGene00166185.,0,0,0
WBGene00166186.,0,2,2
WBGene00166187.,0,0,0
WBGene00166188.,0,0,0
WBGene00166189.,0,0,0
WBGene00166190.,0,0,0
WBGene00166191.,0,0,0
WBGene00166192.,0,3,3
WBGene00166193.,0,0,0
WBGene00166194.,0,0,0
WBGene00166195.,0,0,0
WBGene00166196.,0,0,0
WBGene00166197.,0,0,0
WBGene00166198.,0,0,0
WBGene00166199.,0,0,0
WBGene00166200.,0,0,0
WBGene00166201.,0,0,0
WBGene00166202.,0,0,0
WBGene00166203.,0,0,0
WBGene00166204.,0,0,0
WBGene00166205.,0,0,0
WBGene00166206.,0,0,0
WBGene00166207.,0,0,0
WBGene00166208.,0,0,0
WBGene00166209.,0,0,0
WBGene00166210.,0,0,0
WBGene00166211.,0,0,0
WBGene00166212.,0,0,0
WBGene00166213.,0,0,0
WBGene00166214.,0,0,0
WBGene00166215.,0,0,0
WBGene00166216.,0,0,0
WBGene00166217.,0,0,0
WBGene00166218.,0,1,1
WBGene00166219.,0,0,0
WBGene00166220.,0,2,2
WBGene00166221.,0,1,1
WBGene00166222.,0,0,0
WBGene00166223.,0,0,0
WBGene00166224.,0,0,0
WBGene00166225.,0,0,0
WBGene00166226.,0,0,0
WBGene00166227.,0,0,0
WBGene00166228.,0,0,0
WBGene00166229.,0,0,0
WBGene00166230.,0,0,0
WBGene00166231.,0,0,0
WBGene00166232.,0,0,0
WBGene00166233.,0,0,0
WBGene00166234.,0,1,1
WBGene00166235.,0,0,0
WBGene00166236.,0,0,0
WBGene00166237.,0,4,4
WBGene00166238.,0,0,0
WBGene00166239.,0,0,0
WBGene00166240.,0,0,0
WBGene00166241.,0,1,1
WBGene00166242.,0,0,0
WBGene00166243.,0,0,0
WBGene00166244.,0,0,0
WBGene00166245.,0,0,0
WBGene00166246.,0,0,0
WBGene00166247.,0,0,0
WBGene00166248.,0,0,0
WBGene00166249.,0,0,0
WBGene00166250.,0,0,0
WBGene00166251.,0,0,0
WBGene00166252.,0,0,0
WBGene00166253.,0,0,0
WBGene00166254.,0,0,0
WBGene00166255.,0,0,0
WBGene00166256.,0,0,0
WBGene00166257.,0,0,0
WBGene00166258.,0,0,0
WBGene00166259.,0,1,1
WBGene00166260.,0,0,0
WBGene00166261.,0,0,0
WBGene00166262.,0,0,0
WBGene00166263.,0,3,3
WBGene00166264.,0,1,1
WBGene00166265.,0,0,0
WBGene00166266.,0,0,0
WBGene00166267.,0,0,0
WBGene00166268.,0,0,0
WBGene00166269.,0,0,0
WBGene00166270.,0,0,0
WBGene00166271.,0,0,0
WBGene00166272.,0,0,0
WBGene00166273.,0,0,0
WBGene00166274.,0,0,0
WBGene00166275.,0,1,1
WBGene00166276.,0,0,0
WBGene00166277.,0,0,0
WBGene00166278.,0,0,0
WBGene00166279.,0,0,0
WBGene00166280.,0,0,0
WBGene00166281.,0,3,3
WBGene00166282.,0,0,0
WBGene00166283.,0,1,1
WBGene00166284.,0,0,0
WBGene00166285.,0,0,0
WBGene00166286.,0,0,0
WBGene00166287.,0,0,0
WBGene00166288.,0,0,0
WBGene00166289.,0,40,40
WBGene00166290.,0,0,0
WBGene00166291.,0,0,0
WBGene00166292.,0,0,0
WBGene00166293.,0,0,0
WBGene00166294.,0,0,0
WBGene00166295.,0,0,0
WBGene00166296.,0,2,2
WBGene00166297.,0,0,0
WBGene00166298.,0,1,1
WBGene00166299.,0,0,0
WBGene00166300.,0,1,1
WBGene00166301.,0,0,0
WBGene00166302.,0,0,0
WBGene00166303.,0,0,0
WBGene00166304.,0,0,0
WBGene00166305.,0,4,4
WBGene00166306.,0,0,0
WBGene00166307.,0,0,0
WBGene00166308.,0,0,0
WBGene00166309.,0,0,0
WBGene00166310.,0,0,0
WBGene00166311.,0,0,0
WBGene00166312.,0,0,0
WBGene00166313.,0,2,2
WBGene00166314.,0,1,1
WBGene00166315.,0,0,0
WBGene00166316.,0,0,0
WBGene00166317.,0,0,0
WBGene00166318.,0,0,0
WBGene00166319.,0,0,0
WBGene00166320.,0,0,0
WBGene00166321.,0,0,0
WBGene00166322.,0,0,0
WBGene00166323.,0,0,0
WBGene00166324.,0,0,0
WBGene00166325.,0,0,0
WBGene00166326.,0,0,0
WBGene00166327.,0,1,1
WBGene00166328.,0,0,0
WBGene00166329.,0,0,0
WBGene00166330.,0,0,0
WBGene00166331.,0,0,0
WBGene00166332.,0,0,0
WBGene00166333.,0,0,0
WBGene00166334.,0,0,0
WBGene00166335.,0,0,0
WBGene00166336.,0,0,0
WBGene00166337.,0,0,0
WBGene00166338.,0,0,0
WBGene00166339.,0,0,0
WBGene00166340.,0,0,0
WBGene00166341.,0,0,0
WBGene00166342.,0,0,0
WBGene00166343.,0,0,0
WBGene00166344.,0,0,0
WBGene00166345.,0,0,0
WBGene00166346.,0,0,0
WBGene00166347.,0,0,0
WBGene00166348.,0,0,0
WBGene00166349.,0,0,0
WBGene00166350.,0,0,0
WBGene00166351.,0,0,0
WBGene00166352.,0,0,0
WBGene00166353.,0,0,0
WBGene00166354.,0,0,0
WBGene00166355.,0,0,0
WBGene00166356.,0,0,0
WBGene00166357.,0,0,0
WBGene00166358.,0,0,0
WBGene00166359.,0,0,0
WBGene00166360.,0,0,0
WBGene00166361.,0,0,0
WBGene00166362.,0,0,0
WBGene00166363.,0,0,0
WBGene00166364.,0,1,1
WBGene00166365.,0,0,0
WBGene00166366.,0,0,0
WBGene00166367.,0,0,0
WBGene00166368.,0,0,0
WBGene00166369.,0,0,0
WBGene00166370.,0,0,0
WBGene00166371.,0,0,0
WBGene00166372.,0,0,0
WBGene00166373.,0,0,0
WBGene00166374.,0,3,3
WBGene00166375.,0,0,0
WBGene00166376.,0,0,0
WBGene00166377.,0,13,13
WBGene00166378.,0,0,0
WBGene00166379.,0,0,0
WBGene00166380.,0,0,0
WBGene00166381.,0,0,0
WBGene00166382.,0,0,0
WBGene00166383.,0,0,0
WBGene00166384.,0,0,0
WBGene00166385.,0,0,0
WBGene00166386.,0,0,0
WBGene00166387.,0,0,0
WBGene00166388.,0,0,0
WBGene00166389.,0,4,4
WBGene00166390.,0,0,0
WBGene00166391.,0,0,0
WBGene00166392.,0,0,0
WBGene00166393.,0,0,0
WBGene00166394.,0,0,0
WBGene00166395.,0,0,0
WBGene00166396.,0,0,0
WBGene00166397.,0,5,5
WBGene00166398.,0,0,0
WBGene00166399.,0,0,0
WBGene00166400.,0,0,0
WBGene00166401.,0,0,0
WBGene00166402.,0,0,0
WBGene00166403.,0,0,0
WBGene00166404.,0,0,0
WBGene00166405.,0,0,0
WBGene00166406.,0,0,0
WBGene00166407.,0,1,1
WBGene00166408.,0,0,0
WBGene00166409.,0,0,0
WBGene00166410.,0,0,0
WBGene00166411.,0,0,0
WBGene00166412.,0,11,11
WBGene00166413.,0,0,0
WBGene00166414.,0,0,0
WBGene00166415.,0,0,0
WBGene00166416.,0,0,0
WBGene00166417.,0,0,0
WBGene00166418.,0,0,0
WBGene00166419.,0,0,0
WBGene00166420.,0,1,1
WBGene00166421.,0,0,0
WBGene00166422.,0,0,0
WBGene00166423.,0,0,0
WBGene00166424.,0,0,0
WBGene00166425.,0,0,0
WBGene00166426.,0,0,0
WBGene00166427.,0,0,0
WBGene00166428.,0,0,0
WBGene00166429.,0,0,0
WBGene00166430.,0,0,0
WBGene00166431.,0,0,0
WBGene00166432.,0,0,0
WBGene00166433.,0,0,0
WBGene00166434.,0,0,0
WBGene00166435.,0,0,0
WBGene00166436.,0,0,0
WBGene00166437.,0,0,0
WBGene00166438.,0,2,2
WBGene00166439.,0,0,0
WBGene00166440.,0,0,0
WBGene00166441.,0,0,0
WBGene00166442.,0,0,0
WBGene00166443.,0,1,1
WBGene00166444.,0,0,0
WBGene00166445.,0,0,0
WBGene00166446.,0,0,0
WBGene00166447.,0,0,0
WBGene00166448.,0,0,0
WBGene00166449.,0,12,12
WBGene00166450.,0,1,1
WBGene00166451.,0,0,0
WBGene00166452.,0,0,0
WBGene00166453.,0,0,0
WBGene00166454.,0,0,0
WBGene00166455.,0,0,0
WBGene00166456.,0,0,0
WBGene00166457.,0,0,0
WBGene00166458.,0,0,0
WBGene00166459.,0,0,0
WBGene00166460.,0,0,0
WBGene00166461.,0,0,0
WBGene00166462.,0,1,1
WBGene00166463.,0,0,0
WBGene00166464.,0,0,0
WBGene00166465.,0,9,9
WBGene00166466.,0,0,0
WBGene00166467.,0,0,0
WBGene00166468.,0,0,0
WBGene00166469.,0,0,0
WBGene00166470.,0,0,0
WBGene00166471.,0,0,0
WBGene00166472.,0,0,0
WBGene00166473.,0,0,0
WBGene00166474.,0,0,0
WBGene00166475.,0,0,0
WBGene00166476.,0,0,0
WBGene00166477.,0,0,0
WBGene00166478.,0,0,0
WBGene00166479.,0,0,0
WBGene00166480.,0,1,1
WBGene00166481.,0,0,0
WBGene00166482.,0,0,0
WBGene00166483.,0,0,0
WBGene00166484.,0,1,1
WBGene00166485.,0,0,0
WBGene00166486.,0,0,0
WBGene00166487.,0,0,0
WBGene00166488.,0,0,0
WBGene00166489.,0,1,1
WBGene00166490.,0,0,0
WBGene00166491.,0,0,0
WBGene00166492.,0,0,0
WBGene00166493.,0,0,0
WBGene00166494.,0,0,0
WBGene00166495.,0,0,0
WBGene00166496.,0,0,0
WBGene00166497.,0,0,0
WBGene00166498.,0,0,0
WBGene00166499.,0,0,0
WBGene00166500.,0,0,0
WBGene00166501.,0,0,0
WBGene00166502.,0,0,0
WBGene00166503.,0,0,0
WBGene00166504.,0,0,0
WBGene00166505.,0,0,0
WBGene00166506.,0,0,0
WBGene00166507.,0,0,0
WBGene00166508.,0,0,0
WBGene00166509.,0,0,0
WBGene00166510.,0,0,0
WBGene00166511.,0,0,0
WBGene00166512.,0,0,0
WBGene00166513.,0,4,4
WBGene00166514.,0,0,0
WBGene00166515.,0,0,0
WBGene00166516.,0,0,0
WBGene00166517.,0,0,0
WBGene00166518.,0,0,0
WBGene00166519.,0,0,0
WBGene00166520.,0,0,0
WBGene00166521.,0,0,0
WBGene00166522.,0,0,0
WBGene00166523.,0,0,0
WBGene00166524.,0,0,0
WBGene00166525.,0,0,0
WBGene00166526.,0,0,0
WBGene00166527.,0,0,0
WBGene00166528.,0,0,0
WBGene00166529.,0,0,0
WBGene00166530.,0,1,1
WBGene00166531.,0,0,0
WBGene00166532.,0,0,0
WBGene00166533.,0,0,0
WBGene00166534.,0,0,0
WBGene00166535.,0,0,0
WBGene00166536.,0,0,0
WBGene00166537.,0,0,0
WBGene00166538.,0,0,0
WBGene00166539.,0,16,16
WBGene00166540.,0,0,0
WBGene00166541.,0,0,0
WBGene00166542.,0,0,0
WBGene00166543.,0,2,2
WBGene00166544.,0,0,0
WBGene00166545.,0,0,0
WBGene00166546.,0,0,0
WBGene00166547.,0,0,0
WBGene00166548.,0,0,0
WBGene00166549.,0,0,0
WBGene00166550.,0,0,0
WBGene00166551.,0,0,0
WBGene00166552.,0,0,0
WBGene00166553.,0,0,0
WBGene00166554.,0,0,0
WBGene00166555.,0,0,0
WBGene00166556.,0,0,0
WBGene00166557.,0,0,0
WBGene00166558.,0,0,0
WBGene00166559.,0,0,0
WBGene00166560.,0,0,0
WBGene00166561.,0,1,1
WBGene00166562.,0,0,0
WBGene00166563.,0,0,0
WBGene00166564.,0,2,2
WBGene00166565.,0,0,0
WBGene00166566.,0,0,0
WBGene00166567.,0,0,0
WBGene00166568.,0,0,0
WBGene00166569.,0,0,0
WBGene00166570.,0,0,0
WBGene00166571.,0,0,0
WBGene00166572.,0,0,0
WBGene00166573.,0,0,0
WBGene00166574.,0,0,0
WBGene00166575.,0,0,0
WBGene00166576.,0,0,0
WBGene00166577.,0,0,0
WBGene00166578.,0,0,0
WBGene00166579.,0,0,0
WBGene00166580.,0,0,0
WBGene00166581.,0,2,2
WBGene00166582.,0,0,0
WBGene00166583.,0,0,0
WBGene00166584.,0,0,0
WBGene00166585.,0,0,0
WBGene00166586.,0,1,1
WBGene00166587.,0,0,0
WBGene00166588.,0,0,0
WBGene00166589.,0,0,0
WBGene00166590.,0,0,0
WBGene00166591.,0,1,1
WBGene00166592.,0,0,0
WBGene00166593.,0,0,0
WBGene00166594.,0,0,0
WBGene00166595.,0,1,1
WBGene00166596.,0,0,0
WBGene00166597.,0,0,0
WBGene00166598.,0,0,0
WBGene00166599.,0,0,0
WBGene00166600.,0,0,0
WBGene00166601.,0,0,0
WBGene00166602.,0,0,0
WBGene00166603.,0,0,0
WBGene00166604.,0,0,0
WBGene00166605.,0,0,0
WBGene00166606.,0,0,0
WBGene00166607.,0,0,0
WBGene00166608.,0,0,0
WBGene00166609.,0,3,3
WBGene00166610.,0,0,0
WBGene00166611.,0,0,0
WBGene00166612.,0,0,0
WBGene00166613.,0,0,0
WBGene00166614.,0,0,0
WBGene00166615.,0,0,0
WBGene00166616.,0,1,1
WBGene00166617.,0,0,0
WBGene00166618.,0,0,0
WBGene00166619.,0,0,0
WBGene00166620.,0,0,0
WBGene00166621.,0,0,0
WBGene00166622.,0,0,0
WBGene00166623.,0,1,1
WBGene00166624.,0,0,0
WBGene00166625.,0,0,0
WBGene00166626.,0,0,0
WBGene00166627.,0,0,0
WBGene00166628.,0,1,1
WBGene00166629.,0,0,0
WBGene00166630.,0,0,0
WBGene00166631.,0,0,0
WBGene00166632.,0,0,0
WBGene00166633.,0,0,0
WBGene00166634.,0,0,0
WBGene00166635.,0,0,0
WBGene00166636.,0,0,0
WBGene00166637.,0,0,0
WBGene00166638.,0,0,0
WBGene00166639.,0,0,0
WBGene00166640.,0,0,0
WBGene00166641.,0,0,0
WBGene00166642.,0,1,1
WBGene00166643.,0,0,0
WBGene00166644.,0,0,0
WBGene00166645.,0,0,0
WBGene00166646.,0,0,0
WBGene00166647.,0,0,0
WBGene00166648.,0,0,0
WBGene00166649.,0,0,0
WBGene00166650.,0,0,0
WBGene00166651.,0,0,0
WBGene00166652.,0,0,0
WBGene00166653.,0,0,0
WBGene00166654.,0,0,0
WBGene00166655.,0,0,0
WBGene00166656.,0,1,1
WBGene00166657.,0,0,0
WBGene00166658.,0,2,2
WBGene00166659.,0,0,0
WBGene00166660.,0,0,0
WBGene00166661.,0,0,0
WBGene00166662.,0,6,6
WBGene00166663.,0,0,0
WBGene00166664.,0,0,0
WBGene00166665.,0,0,0
WBGene00166666.,0,0,0
WBGene00166667.,0,0,0
WBGene00166668.,0,0,0
WBGene00166669.,0,0,0
WBGene00166670.,0,0,0
WBGene00166671.,0,0,0
WBGene00166672.,0,0,0
WBGene00166673.,0,0,0
WBGene00166674.,0,0,0
WBGene00166675.,0,0,0
WBGene00166676.,0,0,0
WBGene00166677.,0,0,0
WBGene00166678.,0,0,0
WBGene00166679.,0,0,0
WBGene00166680.,0,0,0
WBGene00166681.,0,0,0
WBGene00166682.,0,1,1
WBGene00166683.,0,0,0
WBGene00166684.,0,0,0
WBGene00166685.,0,0,0
WBGene00166686.,0,0,0
WBGene00166687.,0,0,0
WBGene00166688.,0,0,0
WBGene00166689.,0,0,0
WBGene00166690.,0,0,0
WBGene00166691.,0,0,0
WBGene00166692.,0,0,0
WBGene00166693.,0,30,30
WBGene00166694.,0,0,0
WBGene00166695.,0,0,0
WBGene00166696.,0,2,2
WBGene00166697.,0,0,0
WBGene00166698.,0,0,0
WBGene00166699.,0,0,0
WBGene00166700.,0,0,0
WBGene00166701.,0,0,0
WBGene00166702.,0,1,1
WBGene00166703.,0,0,0
WBGene00166704.,0,0,0
WBGene00166705.,0,0,0
WBGene00166706.,0,0,0
WBGene00166707.,0,0,0
WBGene00166708.,0,0,0
WBGene00166709.,0,0,0
WBGene00166710.,0,0,0
WBGene00166711.,0,0,0
WBGene00166712.,0,4,4
WBGene00166713.,0,0,0
WBGene00166714.,0,0,0
WBGene00166715.,0,0,0
WBGene00166716.,0,1,1
WBGene00166717.,0,0,0
WBGene00166718.,0,0,0
WBGene00166719.,0,0,0
WBGene00166720.,0,0,0
WBGene00166721.,0,0,0
WBGene00166722.,0,2,2
WBGene00166723.,0,0,0
WBGene00166724.,0,0,0
WBGene00166725.,0,0,0
WBGene00166726.,0,0,0
WBGene00166727.,0,0,0
WBGene00166728.,0,0,0
WBGene00166729.,0,0,0
WBGene00166730.,0,1,1
WBGene00166731.,0,0,0
WBGene00166732.,0,0,0
WBGene00166733.,0,0,0
WBGene00166734.,0,0,0
WBGene00166735.,0,3,3
WBGene00166736.,0,0,0
WBGene00166737.,0,0,0
WBGene00166738.,0,0,0
WBGene00166739.,0,0,0
WBGene00166740.,0,1,1
WBGene00166741.,0,0,0
WBGene00166742.,0,0,0
WBGene00166743.,0,0,0
WBGene00166744.,0,0,0
WBGene00166745.,0,0,0
WBGene00166746.,0,0,0
WBGene00166747.,0,0,0
WBGene00166748.,0,0,0
WBGene00166749.,0,0,0
WBGene00166750.,0,0,0
WBGene00166751.,0,0,0
WBGene00166752.,0,0,0
WBGene00166753.,0,0,0
WBGene00166754.,0,0,0
WBGene00166755.,0,0,0
WBGene00166756.,0,0,0
WBGene00166757.,0,0,0
WBGene00166758.,0,0,0
WBGene00166759.,0,0,0
WBGene00166760.,0,19,19
WBGene00166761.,0,0,0
WBGene00166762.,0,0,0
WBGene00166763.,0,0,0
WBGene00166764.,0,0,0
WBGene00166765.,0,0,0
WBGene00166766.,0,0,0
WBGene00166767.,0,0,0
WBGene00166768.,0,0,0
WBGene00166769.,0,0,0
WBGene00166770.,0,0,0
WBGene00166771.,0,0,0
WBGene00166772.,0,0,0
WBGene00166773.,0,0,0
WBGene00166774.,0,0,0
WBGene00166775.,0,11,11
WBGene00166776.,0,0,0
WBGene00166777.,0,0,0
WBGene00166778.,0,0,0
WBGene00166779.,0,0,0
WBGene00166780.,0,2,2
WBGene00166781.,0,0,0
WBGene00166782.,0,0,0
WBGene00166783.,0,0,0
WBGene00166784.,0,0,0
WBGene00166785.,0,2,2
WBGene00166786.,0,1,1
WBGene00166787.,0,0,0
WBGene00166788.,0,0,0
WBGene00166789.,0,1,1
WBGene00166790.,0,0,0
WBGene00166791.,0,0,0
WBGene00166792.,0,0,0
WBGene00166793.,0,0,0
WBGene00166794.,0,0,0
WBGene00166795.,0,0,0
WBGene00166796.,0,0,0
WBGene00166797.,0,0,0
WBGene00166798.,0,0,0
WBGene00166799.,0,0,0
WBGene00166800.,0,0,0
WBGene00166801.,0,0,0
WBGene00166802.,0,0,0
WBGene00166803.,0,0,0
WBGene00166804.,0,0,0
WBGene00166805.,0,0,0
WBGene00166806.,0,0,0
WBGene00166807.,0,0,0
WBGene00166808.,0,0,0
WBGene00166809.,0,0,0
WBGene00166810.,0,0,0
WBGene00166811.,0,60,60
WBGene00166812.,0,0,0
WBGene00166813.,0,0,0
WBGene00166814.,0,0,0
WBGene00166815.,0,0,0
WBGene00166816.,0,0,0
WBGene00166817.,0,0,0
WBGene00166819.,0,0,0
WBGene00166820.,0,0,0
WBGene00166821.,0,0,0
WBGene00166822.,0,0,0
WBGene00166823.,0,0,0
WBGene00166824.,0,1,1
WBGene00166825.,0,0,0
WBGene00166826.,0,0,0
WBGene00166827.,0,0,0
WBGene00166828.,0,0,0
WBGene00166829.,0,0,0
WBGene00166830.,0,0,0
WBGene00166831.,0,2,2
WBGene00166832.,0,1,1
WBGene00166833.,0,0,0
WBGene00166834.,0,0,0
WBGene00166835.,0,0,0
WBGene00166836.,0,2,2
WBGene00166837.,0,1,1
WBGene00166838.,0,0,0
WBGene00166839.,0,0,0
WBGene00166840.,0,0,0
WBGene00166841.,0,5,5
WBGene00166842.,0,0,0
WBGene00166843.,0,0,0
WBGene00166844.,0,0,0
WBGene00166845.,0,0,0
WBGene00166846.,0,0,0
WBGene00166847.,0,0,0
WBGene00166848.,0,1,1
WBGene00166849.,0,0,0
WBGene00166850.,0,0,0
WBGene00166851.,0,0,0
WBGene00166852.,0,0,0
WBGene00166853.,0,0,0
WBGene00166854.,0,0,0
WBGene00166855.,0,0,0
WBGene00166856.,0,0,0
WBGene00166857.,0,0,0
WBGene00166858.,0,0,0
WBGene00166859.,0,0,0
WBGene00166860.,0,0,0
WBGene00166861.,0,0,0
WBGene00166862.,0,0,0
WBGene00166863.,0,0,0
WBGene00166864.,0,0,0
WBGene00166865.,0,0,0
WBGene00166866.,0,0,0
WBGene00166867.,0,0,0
WBGene00166868.,0,0,0
WBGene00166869.,0,0,0
WBGene00166870.,0,0,0
WBGene00166871.,0,0,0
WBGene00166872.,0,0,0
WBGene00166873.,0,0,0
WBGene00166874.,0,0,0
WBGene00166875.,0,0,0
WBGene00166876.,0,0,0
WBGene00166877.,0,0,0
WBGene00166878.,0,0,0
WBGene00166879.,0,0,0
WBGene00166880.,0,0,0
WBGene00166881.,0,0,0
WBGene00166882.,0,0,0
WBGene00166883.,0,0,0
WBGene00166884.,0,0,0
WBGene00166885.,0,20,20
WBGene00166886.,0,0,0
WBGene00166887.,0,0,0
WBGene00166888.,0,0,0
WBGene00166889.,0,0,0
WBGene00166890.,0,3,3
WBGene00166891.,0,0,0
WBGene00166892.,0,0,0
WBGene00166893.,0,0,0
WBGene00166894.,0,21,21
WBGene00166895.,0,0,0
WBGene00166896.,0,7,7
WBGene00166897.,0,0,0
WBGene00166898.,0,0,0
WBGene00166899.,0,0,0
WBGene00166900.,0,2,2
WBGene00166901.,0,0,0
WBGene00166902.,0,0,0
WBGene00166903.,0,3,3
WBGene00166904.,0,0,0
WBGene00166905.,0,0,0
WBGene00166906.,0,0,0
WBGene00166907.,0,0,0
WBGene00166908.,0,0,0
WBGene00166909.,0,0,0
WBGene00166910.,0,0,0
WBGene00166911.,0,1,1
WBGene00166912.,0,0,0
WBGene00166913.,0,0,0
WBGene00166914.,0,0,0
WBGene00166915.,0,0,0
WBGene00166916.,0,0,0
WBGene00166917.,0,0,0
WBGene00166918.,0,0,0
WBGene00166919.,0,0,0
WBGene00166920.,0,0,0
WBGene00166921.,0,3,3
WBGene00166922.,0,0,0
WBGene00166923.,0,0,0
WBGene00166924.,0,0,0
WBGene00166925.,0,0,0
WBGene00166926.,0,0,0
WBGene00166927.,0,0,0
WBGene00166928.,0,0,0
WBGene00166929.,0,11,11
WBGene00166930.,0,0,0
WBGene00166931.,0,0,0
WBGene00166932.,0,0,0
WBGene00166933.,0,5,5
WBGene00166934.,0,8,8
WBGene00166935.,0,0,0
WBGene00166936.,0,0,0
WBGene00166937.,0,0,0
WBGene00166938.,0,53,53
WBGene00166939.,0,0,0
WBGene00166940.,0,0,0
WBGene00166941.,0,0,0
WBGene00166942.,0,0,0
WBGene00166943.,0,0,0
WBGene00166944.,0,0,0
WBGene00166945.,0,1,1
WBGene00166946.,0,0,0
WBGene00166947.,0,0,0
WBGene00166948.,0,0,0
WBGene00166949.,0,0,0
WBGene00166950.,0,0,0
WBGene00166951.,0,0,0
WBGene00166952.,0,0,0
WBGene00166953.,0,1,1
WBGene00166954.,0,3,3
WBGene00166955.,0,0,0
WBGene00166956.,0,0,0
WBGene00166957.,0,0,0
WBGene00166958.,0,0,0
WBGene00166959.,0,0,0
WBGene00166960.,0,0,0
WBGene00166961.,0,0,0
WBGene00166962.,0,0,0
WBGene00166963.,0,0,0
WBGene00166964.,0,0,0
WBGene00166965.,0,0,0
WBGene00166966.,0,0,0
WBGene00166967.,0,0,0
WBGene00166968.,0,0,0
WBGene00166969.,0,0,0
WBGene00166970.,0,0,0
WBGene00166971.,0,0,0
WBGene00166972.,0,0,0
WBGene00166973.,0,0,0
WBGene00166974.,0,0,0
WBGene00166975.,0,4,4
WBGene00166976.,0,0,0
WBGene00166977.,0,0,0
WBGene00166978.,0,0,0
WBGene00166979.,0,0,0
WBGene00166980.,0,0,0
WBGene00166981.,0,1,1
WBGene00166982.,0,0,0
WBGene00166983.,0,0,0
WBGene00166984.,0,0,0
WBGene00166985.,0,0,0
WBGene00166986.,0,0,0
WBGene00166987.,0,0,0
WBGene00166988.,0,0,0
WBGene00166989.,0,0,0
WBGene00166990.,0,0,0
WBGene00166991.,0,0,0
WBGene00166992.,0,0,0
WBGene00166993.,0,0,0
WBGene00166994.,0,0,0
WBGene00166995.,0,0,0
WBGene00166996.,0,0,0
WBGene00166997.,0,0,0
WBGene00166998.,0,0,0
WBGene00166999.,0,0,0
WBGene00167000.,0,0,0
WBGene00167001.,0,0,0
WBGene00167002.,0,0,0
WBGene00167003.,0,0,0
WBGene00167004.,0,5,5
WBGene00167005.,0,0,0
WBGene00167006.,0,6,6
WBGene00167007.,0,0,0
WBGene00167008.,0,1,1
WBGene00167009.,0,0,0
WBGene00167010.,0,0,0
WBGene00167011.,0,1,1
WBGene00167012.,0,0,0
WBGene00167013.,0,0,0
WBGene00167014.,0,0,0
WBGene00167015.,0,1,1
WBGene00167016.,0,0,0
WBGene00167017.,0,0,0
WBGene00167018.,0,0,0
WBGene00167019.,0,0,0
WBGene00167020.,0,0,0
WBGene00167021.,0,0,0
WBGene00167022.,0,1,1
WBGene00167023.,0,0,0
WBGene00167024.,0,0,0
WBGene00167025.,0,15,15
WBGene00167026.,0,0,0
WBGene00167027.,0,0,0
WBGene00167028.,0,6,6
WBGene00167029.,0,0,0
WBGene00167030.,0,1,1
WBGene00167031.,0,0,0
WBGene00167032.,0,0,0
WBGene00167033.,0,0,0
WBGene00167034.,0,0,0
WBGene00167035.,0,0,0
WBGene00167036.,0,0,0
WBGene00167037.,0,0,0
WBGene00167038.,0,0,0
WBGene00167039.,0,1,1
WBGene00167040.,0,0,0
WBGene00167041.,0,0,0
WBGene00167042.,0,0,0
WBGene00167043.,0,0,0
WBGene00167044.,0,0,0
WBGene00167045.,0,0,0
WBGene00167046.,0,0,0
WBGene00167047.,0,0,0
WBGene00167048.,0,0,0
WBGene00167049.,0,0,0
WBGene00167050.,0,0,0
WBGene00167051.,0,0,0
WBGene00167052.,0,0,0
WBGene00167053.,0,0,0
WBGene00167054.,0,0,0
WBGene00167055.,0,0,0
WBGene00167056.,0,0,0
WBGene00167057.,0,0,0
WBGene00167058.,0,0,0
WBGene00167059.,0,0,0
WBGene00167060.,0,0,0
WBGene00167061.,0,0,0
WBGene00167062.,0,0,0
WBGene00167063.,0,0,0
WBGene00167064.,0,0,0
WBGene00167065.,0,0,0
WBGene00167066.,0,0,0
WBGene00167067.,0,0,0
WBGene00167068.,0,0,0
WBGene00167069.,0,0,0
WBGene00167070.,0,0,0
WBGene00167071.,0,0,0
WBGene00167072.,0,0,0
WBGene00167073.,0,0,0
WBGene00167074.,0,1,1
WBGene00167075.,0,0,0
WBGene00167076.,0,0,0
WBGene00167077.,0,0,0
WBGene00167078.,0,0,0
WBGene00167079.,0,0,0
WBGene00167080.,0,0,0
WBGene00167081.,0,0,0
WBGene00167082.,0,0,0
WBGene00167083.,0,0,0
WBGene00167084.,0,0,0
WBGene00167085.,0,0,0
WBGene00167086.,0,0,0
WBGene00167087.,0,3,3
WBGene00167088.,0,0,0
WBGene00167089.,0,0,0
WBGene00167090.,0,0,0
WBGene00167091.,0,3,3
WBGene00167092.,0,0,0
WBGene00167093.,0,0,0
WBGene00167094.,0,0,0
WBGene00167095.,0,0,0
WBGene00167096.,0,0,0
WBGene00167097.,0,0,0
WBGene00167098.,0,0,0
WBGene00167099.,0,0,0
WBGene00167100.,0,0,0
WBGene00167101.,0,0,0
WBGene00167102.,0,0,0
WBGene00167103.,0,3,3
WBGene00167104.,0,0,0
WBGene00167105.,0,0,0
WBGene00167106.,0,0,0
WBGene00167107.,0,0,0
WBGene00167108.,0,0,0
WBGene00167109.,0,0,0
WBGene00167110.,0,0,0
WBGene00167111.,0,0,0
WBGene00167112.,0,0,0
WBGene00167113.,0,0,0
WBGene00167114.,0,0,0
WBGene00167115.,0,0,0
WBGene00167116.,0,0,0
WBGene00167117.,0,0,0
WBGene00167118.,0,0,0
WBGene00167119.,0,0,0
WBGene00167120.,0,0,0
WBGene00167121.,0,0,0
WBGene00167122.,0,0,0
WBGene00167123.,0,0,0
WBGene00167124.,0,0,0
WBGene00167125.,0,0,0
WBGene00167126.,0,0,0
WBGene00167127.,0,0,0
WBGene00167128.,0,2,2
WBGene00167129.,0,0,0
WBGene00167130.,0,0,0
WBGene00167131.,0,0,0
WBGene00167132.,0,0,0
WBGene00167133.,0,1,1
WBGene00167134.,0,0,0
WBGene00167135.,0,0,0
WBGene00167136.,0,0,0
WBGene00167137.,0,0,0
WBGene00167138.,0,0,0
WBGene00167139.,0,0,0
WBGene00167140.,0,0,0
WBGene00167141.,0,0,0
WBGene00167142.,0,0,0
WBGene00167143.,0,0,0
WBGene00167144.,0,0,0
WBGene00167145.,0,0,0
WBGene00167146.,0,0,0
WBGene00167147.,0,0,0
WBGene00167148.,0,0,0
WBGene00167149.,0,0,0
WBGene00167150.,0,0,0
WBGene00167151.,0,0,0
WBGene00167152.,0,1,1
WBGene00167153.,0,1,1
WBGene00167154.,0,0,0
WBGene00167155.,0,0,0
WBGene00167156.,0,13,13
WBGene00167157.,0,2,2
WBGene00167158.,0,2,2
WBGene00167159.,0,0,0
WBGene00167160.,0,0,0
WBGene00167161.,0,0,0
WBGene00167162.,0,0,0
WBGene00167163.,0,0,0
WBGene00167164.,0,0,0
WBGene00167165.,0,0,0
WBGene00167166.,0,0,0
WBGene00167167.,0,0,0
WBGene00167168.,0,0,0
WBGene00167169.,0,0,0
WBGene00167170.,0,0,0
WBGene00167171.,0,5,5
WBGene00167172.,0,0,0
WBGene00167173.,0,0,0
WBGene00167174.,0,0,0
WBGene00167175.,0,0,0
WBGene00167176.,0,6,6
WBGene00167177.,0,0,0
WBGene00167178.,0,0,0
WBGene00167179.,0,0,0
WBGene00167180.,0,0,0
WBGene00167181.,0,0,0
WBGene00167182.,0,0,0
WBGene00167183.,0,0,0
WBGene00167184.,0,0,0
WBGene00167185.,0,0,0
WBGene00167186.,0,0,0
WBGene00167187.,0,0,0
WBGene00167188.,0,0,0
WBGene00167189.,0,0,0
WBGene00167190.,0,0,0
WBGene00167191.,0,0,0
WBGene00167192.,0,0,0
WBGene00167193.,0,0,0
WBGene00167194.,0,0,0
WBGene00167195.,0,0,0
WBGene00167196.,0,0,0
WBGene00167197.,0,0,0
WBGene00167198.,0,6,6
WBGene00167199.,0,1,1
WBGene00167200.,0,0,0
WBGene00167201.,0,1,1
WBGene00167202.,0,0,0
WBGene00167203.,0,0,0
WBGene00167204.,0,0,0
WBGene00167205.,0,1,1
WBGene00167206.,0,0,0
WBGene00167207.,0,13,13
WBGene00167208.,0,0,0
WBGene00167209.,0,0,0
WBGene00167210.,0,0,0
WBGene00167211.,0,0,0
WBGene00167212.,0,0,0
WBGene00167213.,0,0,0
WBGene00167214.,0,0,0
WBGene00167215.,0,0,0
WBGene00167216.,0,0,0
WBGene00167217.,0,0,0
WBGene00167218.,0,0,0
WBGene00167219.,0,0,0
WBGene00167220.,0,0,0
WBGene00167221.,0,2,2
WBGene00167222.,0,0,0
WBGene00167223.,0,0,0
WBGene00167224.,0,0,0
WBGene00167225.,0,4,4
WBGene00167226.,0,0,0
WBGene00167227.,0,0,0
WBGene00167228.,0,0,0
WBGene00167229.,0,0,0
WBGene00167230.,0,0,0
WBGene00167231.,0,0,0
WBGene00167232.,0,0,0
WBGene00167233.,0,0,0
WBGene00167234.,0,0,0
WBGene00167235.,0,0,0
WBGene00167236.,0,0,0
WBGene00167237.,0,1,1
WBGene00167238.,0,0,0
WBGene00167239.,0,0,0
WBGene00167240.,0,0,0
WBGene00167241.,0,0,0
WBGene00167242.,0,0,0
WBGene00167243.,0,0,0
WBGene00167244.,0,0,0
WBGene00167245.,0,0,0
WBGene00167246.,0,0,0
WBGene00167247.,0,0,0
WBGene00167248.,0,0,0
WBGene00167249.,0,0,0
WBGene00167250.,0,0,0
WBGene00167251.,0,0,0
WBGene00167252.,0,0,0
WBGene00167253.,0,0,0
WBGene00167254.,0,0,0
WBGene00167255.,0,0,0
WBGene00167256.,0,0,0
WBGene00167257.,0,0,0
WBGene00167258.,0,0,0
WBGene00167259.,0,0,0
WBGene00167260.,0,0,0
WBGene00167261.,0,1,1
WBGene00167262.,0,0,0
WBGene00167263.,0,0,0
WBGene00167264.,0,2,2
WBGene00167265.,0,0,0
WBGene00167266.,0,0,0
WBGene00167267.,0,0,0
WBGene00167268.,0,0,0
WBGene00167269.,0,1,1
WBGene00167270.,0,0,0
WBGene00167271.,0,0,0
WBGene00167272.,0,0,0
WBGene00167273.,0,0,0
WBGene00167274.,0,0,0
WBGene00167275.,0,0,0
WBGene00167276.,0,0,0
WBGene00167277.,0,0,0
WBGene00167278.,0,0,0
WBGene00167279.,0,8,8
WBGene00167280.,0,1,1
WBGene00167281.,0,0,0
WBGene00167282.,0,0,0
WBGene00167283.,0,0,0
WBGene00167284.,0,0,0
WBGene00167285.,0,0,0
WBGene00167286.,0,1,1
WBGene00167287.,0,0,0
WBGene00167288.,0,0,0
WBGene00167289.,0,0,0
WBGene00167290.,0,0,0
WBGene00167291.,0,0,0
WBGene00167292.,0,8,8
WBGene00167293.,0,2,2
WBGene00167294.,0,0,0
WBGene00167295.,0,0,0
WBGene00167296.,0,0,0
WBGene00167297.,0,0,0
WBGene00167298.,0,0,0
WBGene00167299.,0,2,2
WBGene00167300.,0,0,0
WBGene00167301.,0,6,6
WBGene00167302.,0,0,0
WBGene00167303.,0,3,3
WBGene00167304.,0,0,0
WBGene00167305.,0,0,0
WBGene00167306.,0,0,0
WBGene00167307.,0,0,0
WBGene00167308.,0,0,0
WBGene00167309.,0,0,0
WBGene00167310.,0,0,0
WBGene00167311.,0,0,0
WBGene00167312.,0,0,0
WBGene00167313.,0,0,0
WBGene00167314.,0,0,0
WBGene00167315.,0,0,0
WBGene00167316.,0,0,0
WBGene00167317.,0,0,0
WBGene00167318.,0,2,2
WBGene00167319.,0,0,0
WBGene00167320.,0,0,0
WBGene00167321.,0,0,0
WBGene00167322.,0,0,0
WBGene00167323.,0,4,4
WBGene00167324.,0,0,0
WBGene00167325.,0,1,1
WBGene00167326.,0,0,0
WBGene00167327.,0,0,0
WBGene00167328.,0,0,0
WBGene00167329.,0,1,1
WBGene00167330.,0,0,0
WBGene00167331.,0,0,0
WBGene00167332.,0,0,0
WBGene00167333.,0,0,0
WBGene00167334.,0,0,0
WBGene00167335.,0,0,0
WBGene00167336.,0,0,0
WBGene00167337.,0,0,0
WBGene00167338.,0,3,3
WBGene00167339.,0,0,0
WBGene00167340.,0,0,0
WBGene00167341.,0,0,0
WBGene00167342.,0,0,0
WBGene00167343.,0,0,0
WBGene00167344.,0,0,0
WBGene00167345.,0,0,0
WBGene00167346.,0,0,0
WBGene00167347.,0,0,0
WBGene00167348.,0,0,0
WBGene00167349.,0,0,0
WBGene00167350.,0,0,0
WBGene00167351.,0,0,0
WBGene00167352.,0,0,0
WBGene00167353.,0,0,0
WBGene00167354.,0,0,0
WBGene00167355.,0,0,0
WBGene00167356.,0,0,0
WBGene00167357.,0,0,0
WBGene00167358.,0,0,0
WBGene00167359.,0,0,0
WBGene00167360.,0,0,0
WBGene00167361.,0,0,0
WBGene00167362.,0,0,0
WBGene00167363.,0,0,0
WBGene00167364.,0,0,0
WBGene00167365.,0,0,0
WBGene00167366.,0,0,0
WBGene00167367.,0,0,0
WBGene00167368.,0,1,1
WBGene00167369.,0,0,0
WBGene00167370.,0,0,0
WBGene00167371.,0,0,0
WBGene00167372.,0,0,0
WBGene00167373.,0,0,0
WBGene00167374.,0,0,0
WBGene00167375.,0,0,0
WBGene00167376.,0,0,0
WBGene00167377.,0,12,12
WBGene00167378.,0,0,0
WBGene00167379.,0,0,0
WBGene00167380.,0,0,0
WBGene00167381.,0,0,0
WBGene00167382.,0,5,5
WBGene00167383.,0,0,0
WBGene00167384.,0,0,0
WBGene00167385.,0,0,0
WBGene00167386.,0,0,0
WBGene00167387.,0,0,0
WBGene00167388.,0,1,1
WBGene00167389.,0,0,0
WBGene00167390.,0,0,0
WBGene00167391.,0,0,0
WBGene00167392.,0,0,0
WBGene00167393.,0,0,0
WBGene00167394.,0,4,4
WBGene00167395.,0,1,1
WBGene00167396.,0,0,0
WBGene00167397.,0,0,0
WBGene00167398.,0,0,0
WBGene00167399.,0,0,0
WBGene00167400.,0,0,0
WBGene00167401.,0,0,0
WBGene00167402.,0,0,0
WBGene00167403.,0,0,0
WBGene00167404.,0,0,0
WBGene00167405.,0,0,0
WBGene00167406.,0,0,0
WBGene00167407.,0,0,0
WBGene00167408.,0,0,0
WBGene00167409.,0,0,0
WBGene00167410.,0,0,0
WBGene00167411.,0,0,0
WBGene00167412.,0,0,0
WBGene00167413.,0,0,0
WBGene00167414.,0,0,0
WBGene00167415.,0,0,0
WBGene00167416.,0,0,0
WBGene00167417.,0,0,0
WBGene00167418.,0,0,0
WBGene00167419.,0,0,0
WBGene00167420.,0,0,0
WBGene00167421.,0,0,0
WBGene00167422.,0,0,0
WBGene00167423.,0,0,0
WBGene00167424.,0,0,0
WBGene00167425.,0,0,0
WBGene00167426.,0,0,0
WBGene00167427.,0,0,0
WBGene00167428.,0,0,0
WBGene00167429.,0,0,0
WBGene00167430.,0,0,0
WBGene00167431.,0,0,0
WBGene00167432.,0,0,0
WBGene00167433.,0,0,0
WBGene00167434.,0,1,1
WBGene00167435.,0,0,0
WBGene00167436.,0,0,0
WBGene00167437.,0,1,1
WBGene00167438.,0,0,0
WBGene00167439.,0,0,0
WBGene00167440.,0,0,0
WBGene00167441.,0,0,0
WBGene00167442.,0,0,0
WBGene00167443.,0,0,0
WBGene00167444.,0,0,0
WBGene00167445.,0,0,0
WBGene00167446.,0,0,0
WBGene00167447.,0,2,2
WBGene00167448.,0,0,0
WBGene00167449.,0,0,0
WBGene00167450.,0,0,0
WBGene00167451.,0,0,0
WBGene00167452.,0,0,0
WBGene00167453.,0,0,0
WBGene00167454.,0,0,0
WBGene00167455.,0,2,2
WBGene00167456.,0,1,1
WBGene00167457.,0,0,0
WBGene00167458.,0,0,0
WBGene00167459.,0,0,0
WBGene00167460.,0,0,0
WBGene00167461.,0,0,0
WBGene00167462.,0,1,1
WBGene00167463.,0,5,5
WBGene00167464.,0,0,0
WBGene00167465.,0,0,0
WBGene00167466.,0,0,0
WBGene00167467.,0,0,0
WBGene00167468.,0,0,0
WBGene00167469.,0,0,0
WBGene00167470.,0,0,0
WBGene00167471.,0,0,0
WBGene00167472.,0,0,0
WBGene00167473.,0,7,7
WBGene00167474.,0,0,0
WBGene00167475.,0,0,0
WBGene00167476.,0,0,0
WBGene00167477.,0,2,2
WBGene00167478.,0,0,0
WBGene00167479.,0,0,0
WBGene00167480.,0,0,0
WBGene00167481.,0,0,0
WBGene00167482.,0,0,0
WBGene00167483.,0,0,0
WBGene00167484.,0,0,0
WBGene00167485.,0,0,0
WBGene00167487.,0,0,0
WBGene00167488.,0,0,0
WBGene00167489.,0,0,0
WBGene00167490.,0,0,0
WBGene00167491.,0,0,0
WBGene00167492.,0,0,0
WBGene00167493.,0,0,0
WBGene00167494.,0,0,0
WBGene00167495.,0,0,0
WBGene00167496.,0,0,0
WBGene00167497.,0,0,0
WBGene00167498.,0,0,0
WBGene00167499.,0,0,0
WBGene00167500.,0,0,0
WBGene00167501.,0,1,1
WBGene00167502.,0,0,0
WBGene00167503.,0,0,0
WBGene00167504.,0,0,0
WBGene00167505.,0,0,0
WBGene00167506.,0,0,0
WBGene00167507.,0,11,11
WBGene00167508.,0,0,0
WBGene00167509.,0,0,0
WBGene00167510.,0,0,0
WBGene00167511.,0,1,1
WBGene00167512.,0,0,0
WBGene00167513.,0,0,0
WBGene00167514.,0,0,0
WBGene00167515.,0,0,0
WBGene00167516.,0,0,0
WBGene00167517.,0,0,0
WBGene00167518.,0,0,0
WBGene00167519.,0,0,0
WBGene00167520.,0,0,0
WBGene00167521.,0,0,0
WBGene00167522.,0,0,0
WBGene00167523.,0,0,0
WBGene00167524.,0,3,3
WBGene00167525.,0,0,0
WBGene00167526.,0,0,0
WBGene00167527.,0,0,0
WBGene00167528.,0,0,0
WBGene00167529.,0,0,0
WBGene00167530.,0,0,0
WBGene00167531.,0,0,0
WBGene00167532.,0,0,0
WBGene00167533.,0,0,0
WBGene00167534.,0,0,0
WBGene00167535.,0,0,0
WBGene00167536.,0,0,0
WBGene00167537.,0,15,15
WBGene00167538.,0,0,0
WBGene00167539.,0,0,0
WBGene00167540.,0,0,0
WBGene00167541.,0,0,0
WBGene00167542.,0,0,0
WBGene00167543.,0,0,0
WBGene00167544.,0,7,7
WBGene00167545.,0,0,0
WBGene00167546.,0,0,0
WBGene00167547.,0,0,0
WBGene00167548.,0,0,0
WBGene00167549.,0,0,0
WBGene00167550.,0,0,0
WBGene00167551.,0,0,0
WBGene00167552.,0,0,0
WBGene00167553.,0,0,0
WBGene00167554.,0,0,0
WBGene00167555.,0,0,0
WBGene00167556.,0,0,0
WBGene00167557.,0,0,0
WBGene00167558.,0,0,0
WBGene00167559.,0,0,0
WBGene00167560.,0,0,0
WBGene00167561.,0,3,3
WBGene00167562.,0,0,0
WBGene00167563.,0,0,0
WBGene00167564.,0,0,0
WBGene00167565.,0,0,0
WBGene00167566.,0,0,0
WBGene00167567.,0,0,0
WBGene00167568.,0,0,0
WBGene00167569.,0,0,0
WBGene00167570.,0,0,0
WBGene00167571.,0,0,0
WBGene00167572.,0,0,0
WBGene00167573.,0,0,0
WBGene00167574.,0,0,0
WBGene00167575.,0,0,0
WBGene00167576.,0,0,0
WBGene00167577.,0,1,1
WBGene00167578.,0,0,0
WBGene00167579.,0,0,0
WBGene00167580.,0,0,0
WBGene00167581.,0,0,0
WBGene00167582.,0,0,0
WBGene00167583.,0,0,0
WBGene00167584.,0,0,0
WBGene00167585.,0,0,0
WBGene00167586.,0,0,0
WBGene00167587.,0,1,1
WBGene00167588.,0,0,0
WBGene00167589.,0,0,0
WBGene00167590.,0,0,0
WBGene00167591.,0,0,0
WBGene00167592.,0,0,0
WBGene00167593.,0,0,0
WBGene00167594.,0,0,0
WBGene00167595.,0,0,0
WBGene00167596.,0,0,0
WBGene00167597.,0,0,0
WBGene00167598.,0,0,0
WBGene00167599.,0,0,0
WBGene00167600.,0,0,0
WBGene00167601.,0,21,21
WBGene00167602.,0,0,0
WBGene00167603.,0,0,0
WBGene00167604.,0,0,0
WBGene00167605.,0,0,0
WBGene00167606.,0,0,0
WBGene00167607.,0,1,1
WBGene00167608.,0,0,0
WBGene00167609.,0,0,0
WBGene00167610.,0,5,5
WBGene00167611.,0,0,0
WBGene00167612.,0,0,0
WBGene00167613.,0,0,0
WBGene00167614.,0,1,1
WBGene00167615.,0,0,0
WBGene00167616.,0,0,0
WBGene00167617.,0,0,0
WBGene00167618.,0,0,0
WBGene00167619.,0,0,0
WBGene00167620.,0,0,0
WBGene00167621.,0,0,0
WBGene00167622.,0,0,0
WBGene00167623.,0,0,0
WBGene00167624.,0,0,0
WBGene00167625.,0,0,0
WBGene00167626.,0,0,0
WBGene00167627.,0,1,1
WBGene00167628.,0,0,0
WBGene00167629.,0,0,0
WBGene00167630.,0,0,0
WBGene00167631.,0,0,0
WBGene00167632.,0,0,0
WBGene00167633.,0,1,1
WBGene00167634.,0,0,0
WBGene00167635.,0,0,0
WBGene00167636.,0,0,0
WBGene00167637.,0,0,0
WBGene00167638.,0,0,0
WBGene00167639.,0,0,0
WBGene00167640.,0,1,1
WBGene00167641.,0,0,0
WBGene00167642.,0,4,4
WBGene00167643.,0,0,0
WBGene00167644.,0,0,0
WBGene00167645.,0,0,0
WBGene00167646.,0,0,0
WBGene00167647.,0,0,0
WBGene00167648.,0,0,0
WBGene00167649.,0,0,0
WBGene00167650.,0,0,0
WBGene00167651.,0,0,0
WBGene00167652.,0,0,0
WBGene00167653.,0,0,0
WBGene00167654.,0,0,0
WBGene00167655.,0,0,0
WBGene00167656.,0,0,0
WBGene00167657.,0,0,0
WBGene00167658.,0,0,0
WBGene00167659.,0,0,0
WBGene00167660.,0,0,0
WBGene00167661.,0,1,1
WBGene00167662.,0,1,1
WBGene00167663.,0,0,0
WBGene00167664.,0,3,3
WBGene00167665.,0,1,1
WBGene00167666.,0,0,0
WBGene00167667.,0,0,0
WBGene00167668.,0,0,0
WBGene00167669.,0,0,0
WBGene00167670.,0,0,0
WBGene00167671.,0,0,0
WBGene00167672.,0,0,0
WBGene00167673.,0,0,0
WBGene00167674.,0,0,0
WBGene00167675.,0,0,0
WBGene00167676.,0,0,0
WBGene00167677.,0,8,8
WBGene00167678.,0,0,0
WBGene00167679.,0,0,0
WBGene00167680.,0,0,0
WBGene00167681.,0,0,0
WBGene00167682.,0,5,5
WBGene00167683.,0,0,0
WBGene00167684.,0,0,0
WBGene00167685.,0,0,0
WBGene00167686.,0,0,0
WBGene00167687.,0,0,0
WBGene00167688.,0,0,0
WBGene00167689.,0,0,0
WBGene00167690.,0,0,0
WBGene00167691.,0,0,0
WBGene00167692.,0,0,0
WBGene00167693.,0,0,0
WBGene00167694.,0,0,0
WBGene00167695.,0,0,0
WBGene00167696.,0,0,0
WBGene00167697.,0,0,0
WBGene00167698.,0,0,0
WBGene00167699.,0,0,0
WBGene00167700.,0,0,0
WBGene00167701.,0,0,0
WBGene00167702.,0,4,4
WBGene00167703.,0,0,0
WBGene00167704.,0,0,0
WBGene00167705.,0,0,0
WBGene00167706.,0,0,0
WBGene00167707.,0,1,1
WBGene00167708.,0,0,0
WBGene00167709.,0,0,0
WBGene00167710.,0,0,0
WBGene00167711.,0,0,0
WBGene00167712.,0,0,0
WBGene00167713.,0,0,0
WBGene00167714.,0,0,0
WBGene00167715.,0,0,0
WBGene00167716.,0,0,0
WBGene00167717.,0,0,0
WBGene00167718.,0,0,0
WBGene00167719.,0,0,0
WBGene00167720.,0,2,2
WBGene00167721.,0,0,0
WBGene00167722.,0,0,0
WBGene00167723.,0,0,0
WBGene00167724.,0,0,0
WBGene00167725.,0,0,0
WBGene00167726.,0,0,0
WBGene00167727.,0,0,0
WBGene00167728.,0,0,0
WBGene00167729.,0,0,0
WBGene00167730.,0,0,0
WBGene00167731.,0,0,0
WBGene00167732.,0,0,0
WBGene00167733.,0,0,0
WBGene00167734.,0,0,0
WBGene00167735.,0,0,0
WBGene00167736.,0,0,0
WBGene00167737.,0,0,0
WBGene00167738.,0,0,0
WBGene00167739.,0,0,0
WBGene00167740.,0,0,0
WBGene00167741.,0,0,0
WBGene00167742.,0,0,0
WBGene00167743.,0,0,0
WBGene00167744.,0,0,0
WBGene00167745.,0,2,2
WBGene00167746.,0,4,4
WBGene00167747.,0,0,0
WBGene00167748.,0,0,0
WBGene00167749.,0,0,0
WBGene00167750.,0,0,0
WBGene00167751.,0,0,0
WBGene00167752.,0,0,0
WBGene00167753.,0,0,0
WBGene00167754.,0,0,0
WBGene00167755.,0,0,0
WBGene00167756.,0,0,0
WBGene00167757.,0,0,0
WBGene00167758.,0,0,0
WBGene00167759.,0,9,9
WBGene00167760.,0,0,0
WBGene00167761.,0,0,0
WBGene00167762.,0,0,0
WBGene00167763.,0,0,0
WBGene00167764.,0,1,1
WBGene00167765.,0,0,0
WBGene00167766.,0,0,0
WBGene00167767.,0,0,0
WBGene00167768.,0,0,0
WBGene00167769.,0,1,1
WBGene00167770.,0,0,0
WBGene00167771.,0,0,0
WBGene00167772.,0,4,4
WBGene00167773.,0,0,0
WBGene00167774.,0,0,0
WBGene00167775.,0,0,0
WBGene00167776.,0,0,0
WBGene00167777.,0,0,0
WBGene00167778.,0,0,0
WBGene00167779.,0,0,0
WBGene00167780.,0,2,2
WBGene00167781.,0,0,0
WBGene00167782.,0,0,0
WBGene00167783.,0,1,1
WBGene00167784.,0,0,0
WBGene00167785.,0,0,0
WBGene00167786.,0,2,2
WBGene00167787.,0,0,0
WBGene00167788.,0,1,1
WBGene00167789.,0,0,0
WBGene00167790.,0,0,0
WBGene00167791.,0,0,0
WBGene00167792.,0,0,0
WBGene00167793.,0,2,2
WBGene00167794.,0,0,0
WBGene00167795.,0,0,0
WBGene00167796.,0,0,0
WBGene00167797.,0,0,0
WBGene00167799.,0,0,0
WBGene00167800.,0,0,0
WBGene00167801.,0,0,0
WBGene00167802.,0,2,2
WBGene00167803.,0,0,0
WBGene00167804.,0,1,1
WBGene00167805.,0,4,4
WBGene00167806.,0,0,0
WBGene00167807.,0,0,0
WBGene00167808.,0,0,0
WBGene00167809.,0,0,0
WBGene00167810.,0,0,0
WBGene00167811.,0,0,0
WBGene00167812.,0,0,0
WBGene00167813.,0,0,0
WBGene00167814.,0,1,1
WBGene00167815.,0,0,0
WBGene00167816.,0,0,0
WBGene00167817.,0,0,0
WBGene00167818.,0,0,0
WBGene00167819.,0,0,0
WBGene00167820.,0,0,0
WBGene00167821.,0,0,0
WBGene00167822.,0,0,0
WBGene00167823.,0,0,0
WBGene00167824.,0,0,0
WBGene00167825.,0,0,0
WBGene00167826.,0,0,0
WBGene00167827.,0,0,0
WBGene00167828.,0,0,0
WBGene00167829.,0,0,0
WBGene00167830.,0,0,0
WBGene00167831.,0,0,0
WBGene00167832.,0,0,0
WBGene00167833.,0,0,0
WBGene00167834.,0,0,0
WBGene00167835.,0,0,0
WBGene00167836.,0,0,0
WBGene00167837.,0,0,0
WBGene00167838.,0,0,0
WBGene00167839.,0,0,0
WBGene00167840.,0,0,0
WBGene00167841.,0,0,0
WBGene00167842.,0,0,0
WBGene00167843.,0,0,0
WBGene00167845.,0,0,0
WBGene00167846.,0,0,0
WBGene00167847.,0,0,0
WBGene00167848.,0,0,0
WBGene00167849.,0,0,0
WBGene00167850.,0,0,0
WBGene00167851.,0,0,0
WBGene00167852.,0,0,0
WBGene00167853.,0,0,0
WBGene00167854.,0,1,1
WBGene00167855.,0,0,0
WBGene00167856.,0,0,0
WBGene00167857.,0,0,0
WBGene00167858.,0,0,0
WBGene00167859.,0,0,0
WBGene00167860.,0,1,1
WBGene00167861.,0,1,1
WBGene00167862.,0,0,0
WBGene00167863.,0,0,0
WBGene00167864.,0,0,0
WBGene00167865.,0,0,0
WBGene00167866.,0,0,0
WBGene00167867.,0,4,4
WBGene00167868.,0,0,0
WBGene00167869.,0,0,0
WBGene00167870.,0,0,0
WBGene00167871.,0,0,0
WBGene00167872.,0,9,9
WBGene00167873.,0,0,0
WBGene00167874.,0,1,1
WBGene00167875.,0,0,0
WBGene00167876.,0,0,0
WBGene00167877.,0,0,0
WBGene00167878.,0,0,0
WBGene00167879.,0,0,0
WBGene00167880.,0,0,0
WBGene00167881.,0,0,0
WBGene00167882.,0,2,2
WBGene00167883.,0,2,2
WBGene00167884.,0,0,0
WBGene00167885.,0,0,0
WBGene00167886.,0,0,0
WBGene00167887.,0,2,2
WBGene00167888.,0,1,1
WBGene00167889.,0,0,0
WBGene00167890.,0,0,0
WBGene00167891.,0,0,0
WBGene00167892.,0,0,0
WBGene00167893.,0,0,0
WBGene00167894.,0,0,0
WBGene00167895.,0,1,1
WBGene00167896.,0,0,0
WBGene00167897.,0,0,0
WBGene00167898.,0,0,0
WBGene00167899.,0,0,0
WBGene00167900.,0,0,0
WBGene00167901.,0,0,0
WBGene00167902.,0,0,0
WBGene00167903.,0,0,0
WBGene00167904.,0,0,0
WBGene00167905.,0,0,0
WBGene00167906.,0,0,0
WBGene00167907.,0,0,0
WBGene00167908.,0,0,0
WBGene00167909.,0,0,0
WBGene00167910.,0,0,0
WBGene00167911.,0,0,0
WBGene00167912.,0,0,0
WBGene00167913.,0,2,2
WBGene00167914.,0,0,0
WBGene00167915.,0,0,0
WBGene00167916.,0,0,0
WBGene00167917.,0,0,0
WBGene00167918.,0,0,0
WBGene00167919.,0,0,0
WBGene00167920.,0,0,0
WBGene00167921.,0,0,0
WBGene00167922.,0,1,1
WBGene00167923.,0,0,0
WBGene00167924.,0,0,0
WBGene00167925.,0,0,0
WBGene00167926.,0,0,0
WBGene00167927.,0,0,0
WBGene00167928.,0,0,0
WBGene00167929.,0,0,0
WBGene00167930.,0,0,0
WBGene00167931.,0,0,0
WBGene00167932.,0,0,0
WBGene00167933.,0,0,0
WBGene00167934.,0,0,0
WBGene00167935.,0,0,0
WBGene00167936.,0,1,1
WBGene00167937.,0,0,0
WBGene00167938.,0,0,0
WBGene00167939.,0,0,0
WBGene00167940.,0,0,0
WBGene00167941.,0,0,0
WBGene00167942.,0,0,0
WBGene00167943.,0,0,0
WBGene00167944.,0,0,0
WBGene00167945.,0,0,0
WBGene00167946.,0,0,0
WBGene00167947.,0,0,0
WBGene00167948.,0,3,3
WBGene00167949.,0,0,0
WBGene00167950.,0,0,0
WBGene00167951.,0,0,0
WBGene00167952.,0,0,0
WBGene00167953.,0,1,1
WBGene00167954.,0,0,0
WBGene00167955.,0,0,0
WBGene00167956.,0,0,0
WBGene00167957.,0,1,1
WBGene00167958.,0,0,0
WBGene00167959.,0,0,0
WBGene00167960.,0,0,0
WBGene00167961.,0,0,0
WBGene00167962.,0,0,0
WBGene00167963.,0,0,0
WBGene00167964.,0,0,0
WBGene00167965.,0,0,0
WBGene00167966.,0,0,0
WBGene00167967.,0,0,0
WBGene00167968.,0,0,0
WBGene00167969.,0,0,0
WBGene00167970.,0,0,0
WBGene00167971.,0,2,2
WBGene00167972.,0,0,0
WBGene00167973.,0,0,0
WBGene00167974.,0,0,0
WBGene00167975.,0,0,0
WBGene00167976.,0,0,0
WBGene00167977.,0,0,0
WBGene00167978.,0,0,0
WBGene00167979.,0,0,0
WBGene00167980.,0,0,0
WBGene00167981.,0,0,0
WBGene00167982.,0,0,0
WBGene00167983.,0,1,1
WBGene00167984.,0,0,0
WBGene00167985.,0,0,0
WBGene00167986.,0,0,0
WBGene00167987.,0,0,0
WBGene00167988.,0,0,0
WBGene00167989.,0,0,0
WBGene00167990.,0,0,0
WBGene00167991.,0,0,0
WBGene00167992.,0,0,0
WBGene00167993.,0,0,0
WBGene00167994.,0,0,0
WBGene00167995.,0,0,0
WBGene00167996.,0,4,4
WBGene00167997.,0,0,0
WBGene00167998.,0,4,4
WBGene00167999.,0,0,0
WBGene00168000.,0,0,0
WBGene00168001.,0,0,0
WBGene00168002.,0,0,0
WBGene00168003.,0,0,0
WBGene00168004.,0,0,0
WBGene00168005.,0,0,0
WBGene00168006.,0,0,0
WBGene00168007.,0,1,1
WBGene00168008.,0,0,0
WBGene00168009.,0,0,0
WBGene00168010.,0,0,0
WBGene00168011.,0,0,0
WBGene00168012.,0,2,2
WBGene00168013.,0,0,0
WBGene00168014.,0,0,0
WBGene00168015.,0,5,5
WBGene00168016.,0,0,0
WBGene00168017.,0,0,0
WBGene00168018.,0,0,0
WBGene00168019.,0,0,0
WBGene00168020.,0,2,2
WBGene00168021.,0,0,0
WBGene00168022.,0,1,1
WBGene00168023.,0,0,0
WBGene00168024.,0,4,4
WBGene00168025.,0,0,0
WBGene00168026.,0,0,0
WBGene00168027.,0,0,0
WBGene00168028.,0,0,0
WBGene00168029.,0,0,0
WBGene00168030.,0,0,0
WBGene00168031.,0,0,0
WBGene00168032.,0,0,0
WBGene00168033.,0,1,1
WBGene00168034.,0,0,0
WBGene00168035.,0,0,0
WBGene00168036.,0,0,0
WBGene00168037.,0,0,0
WBGene00168038.,0,0,0
WBGene00168039.,0,0,0
WBGene00168040.,0,0,0
WBGene00168041.,0,0,0
WBGene00168042.,0,0,0
WBGene00168043.,0,0,0
WBGene00168044.,0,0,0
WBGene00168045.,0,0,0
WBGene00168046.,0,0,0
WBGene00168047.,0,0,0
WBGene00168048.,0,0,0
WBGene00168049.,0,0,0
WBGene00168050.,0,0,0
WBGene00168051.,0,0,0
WBGene00168052.,0,0,0
WBGene00168053.,0,0,0
WBGene00168054.,0,0,0
WBGene00168055.,0,0,0
WBGene00168056.,0,0,0
WBGene00168057.,0,0,0
WBGene00168058.,0,0,0
WBGene00168059.,0,0,0
WBGene00168060.,0,0,0
WBGene00168061.,0,0,0
WBGene00168062.,0,0,0
WBGene00168063.,0,0,0
WBGene00168064.,0,0,0
WBGene00168065.,0,0,0
WBGene00168066.,0,0,0
WBGene00168067.,0,0,0
WBGene00168068.,0,0,0
WBGene00168069.,0,0,0
WBGene00168070.,0,0,0
WBGene00168071.,0,0,0
WBGene00168072.,0,0,0
WBGene00168073.,0,0,0
WBGene00168074.,0,0,0
WBGene00168075.,0,0,0
WBGene00168076.,0,0,0
WBGene00168077.,0,0,0
WBGene00168078.,0,0,0
WBGene00168079.,0,0,0
WBGene00168080.,0,0,0
WBGene00168081.,0,0,0
WBGene00168082.,0,0,0
WBGene00168083.,0,4,4
WBGene00168084.,0,0,0
WBGene00168085.,0,0,0
WBGene00168086.,0,0,0
WBGene00168087.,0,0,0
WBGene00168088.,0,0,0
WBGene00168089.,0,1,1
WBGene00168090.,0,3,3
WBGene00168091.,0,0,0
WBGene00168092.,0,17,17
WBGene00168093.,0,0,0
WBGene00168094.,0,0,0
WBGene00168095.,0,2,2
WBGene00168096.,0,0,0
WBGene00168097.,0,0,0
WBGene00168098.,0,0,0
WBGene00168099.,0,0,0
WBGene00168100.,0,0,0
WBGene00168101.,0,0,0
WBGene00168102.,0,0,0
WBGene00168103.,0,0,0
WBGene00168104.,0,0,0
WBGene00168105.,0,0,0
WBGene00168106.,0,0,0
WBGene00168107.,0,1,1
WBGene00168108.,0,0,0
WBGene00168109.,0,0,0
WBGene00168110.,0,0,0
WBGene00168111.,0,3,3
WBGene00168112.,0,0,0
WBGene00168113.,0,0,0
WBGene00168114.,0,0,0
WBGene00168115.,0,0,0
WBGene00168116.,0,3,3
WBGene00168117.,0,3,3
WBGene00168118.,0,0,0
WBGene00168119.,0,0,0
WBGene00168120.,0,0,0
WBGene00168121.,0,0,0
WBGene00168122.,0,0,0
WBGene00168123.,0,0,0
WBGene00168124.,0,1,1
WBGene00168125.,0,0,0
WBGene00168126.,0,0,0
WBGene00168127.,0,0,0
WBGene00168128.,0,0,0
WBGene00168129.,0,0,0
WBGene00168130.,0,13,13
WBGene00168131.,0,0,0
WBGene00168132.,0,0,0
WBGene00168133.,0,0,0
WBGene00168134.,0,0,0
WBGene00168135.,0,0,0
WBGene00168136.,0,0,0
WBGene00168137.,0,0,0
WBGene00168138.,0,0,0
WBGene00168139.,0,0,0
WBGene00168140.,0,0,0
WBGene00168141.,0,0,0
WBGene00168142.,0,0,0
WBGene00168143.,0,0,0
WBGene00168144.,0,0,0
WBGene00168145.,0,0,0
WBGene00168146.,0,0,0
WBGene00168147.,0,13,13
WBGene00168148.,0,0,0
WBGene00168149.,0,0,0
WBGene00168150.,0,0,0
WBGene00168151.,0,0,0
WBGene00168152.,0,1,1
WBGene00168153.,0,0,0
WBGene00168154.,0,0,0
WBGene00168155.,0,0,0
WBGene00168156.,0,0,0
WBGene00168157.,0,0,0
WBGene00168158.,0,0,0
WBGene00168159.,0,0,0
WBGene00168160.,0,0,0
WBGene00168161.,0,0,0
WBGene00168162.,0,0,0
WBGene00168163.,0,2,2
WBGene00168164.,0,0,0
WBGene00168165.,0,7,7
WBGene00168166.,0,0,0
WBGene00168167.,0,0,0
WBGene00168168.,0,0,0
WBGene00168169.,0,0,0
WBGene00168170.,0,0,0
WBGene00168171.,0,0,0
WBGene00168172.,0,1,1
WBGene00168173.,0,0,0
WBGene00168174.,0,0,0
WBGene00168175.,0,3,3
WBGene00168176.,0,0,0
WBGene00168177.,0,0,0
WBGene00168178.,0,0,0
WBGene00168179.,0,1,1
WBGene00168180.,0,0,0
WBGene00168181.,0,0,0
WBGene00168182.,0,0,0
WBGene00168183.,0,2,2
WBGene00168184.,0,0,0
WBGene00168185.,0,3,3
WBGene00168186.,0,0,0
WBGene00168187.,0,0,0
WBGene00168188.,0,26,26
WBGene00168189.,0,0,0
WBGene00168190.,0,0,0
WBGene00168191.,0,0,0
WBGene00168192.,0,0,0
WBGene00168193.,0,0,0
WBGene00168194.,0,0,0
WBGene00168195.,0,0,0
WBGene00168196.,0,0,0
WBGene00168197.,0,0,0
WBGene00168198.,0,1,1
WBGene00168199.,0,0,0
WBGene00168200.,0,0,0
WBGene00168201.,0,0,0
WBGene00168202.,0,0,0
WBGene00168203.,0,0,0
WBGene00168204.,0,0,0
WBGene00168205.,0,0,0
WBGene00168206.,0,0,0
WBGene00168207.,0,0,0
WBGene00168208.,0,0,0
WBGene00168209.,0,2,2
WBGene00168210.,0,1,1
WBGene00168211.,0,0,0
WBGene00168212.,0,0,0
WBGene00168213.,0,0,0
WBGene00168214.,0,0,0
WBGene00168215.,0,0,0
WBGene00168216.,0,0,0
WBGene00168217.,0,0,0
WBGene00168218.,0,0,0
WBGene00168219.,0,1,1
WBGene00168220.,0,0,0
WBGene00168221.,0,0,0
WBGene00168222.,0,0,0
WBGene00168223.,0,0,0
WBGene00168224.,0,0,0
WBGene00168225.,0,0,0
WBGene00168226.,0,0,0
WBGene00168227.,0,0,0
WBGene00168228.,0,0,0
WBGene00168229.,0,0,0
WBGene00168230.,0,2,2
WBGene00168231.,0,0,0
WBGene00168232.,0,0,0
WBGene00168233.,0,0,0
WBGene00168234.,0,0,0
WBGene00168235.,0,0,0
WBGene00168236.,0,0,0
WBGene00168237.,0,0,0
WBGene00168238.,0,1,1
WBGene00168239.,0,0,0
WBGene00168240.,0,0,0
WBGene00168241.,0,0,0
WBGene00168242.,0,0,0
WBGene00168243.,0,0,0
WBGene00168244.,0,0,0
WBGene00168245.,0,0,0
WBGene00168246.,0,0,0
WBGene00168247.,0,0,0
WBGene00168248.,0,0,0
WBGene00168249.,0,0,0
WBGene00168250.,0,0,0
WBGene00168251.,0,0,0
WBGene00168252.,0,0,0
WBGene00168253.,0,0,0
WBGene00168254.,0,1,1
WBGene00168255.,0,0,0
WBGene00168256.,0,0,0
WBGene00168257.,0,0,0
WBGene00168258.,0,0,0
WBGene00168259.,0,0,0
WBGene00168260.,0,0,0
WBGene00168261.,0,0,0
WBGene00168262.,0,5,5
WBGene00168263.,0,0,0
WBGene00168264.,0,6,6
WBGene00168265.,0,0,0
WBGene00168266.,0,0,0
WBGene00168267.,0,0,0
WBGene00168268.,0,0,0
WBGene00168269.,0,0,0
WBGene00168270.,0,0,0
WBGene00168271.,0,0,0
WBGene00168272.,0,0,0
WBGene00168273.,0,0,0
WBGene00168274.,0,0,0
WBGene00168275.,0,1,1
WBGene00168276.,0,0,0
WBGene00168277.,0,2,2
WBGene00168278.,0,1,1
WBGene00168279.,0,0,0
WBGene00168280.,0,0,0
WBGene00168281.,0,1,1
WBGene00168282.,0,0,0
WBGene00168283.,0,0,0
WBGene00168284.,0,0,0
WBGene00168285.,0,0,0
WBGene00168286.,0,0,0
WBGene00168287.,0,0,0
WBGene00168288.,0,0,0
WBGene00168289.,0,0,0
WBGene00168290.,0,0,0
WBGene00168291.,0,0,0
WBGene00168292.,0,0,0
WBGene00168293.,0,0,0
WBGene00168294.,0,0,0
WBGene00168295.,0,3,3
WBGene00168296.,0,0,0
WBGene00168297.,0,0,0
WBGene00168298.,0,1,1
WBGene00168299.,0,0,0
WBGene00168300.,0,1,1
WBGene00168301.,0,0,0
WBGene00168302.,0,0,0
WBGene00168303.,0,19,19
WBGene00168304.,0,0,0
WBGene00168305.,0,0,0
WBGene00168306.,0,7,7
WBGene00168307.,0,2,2
WBGene00168308.,0,0,0
WBGene00168309.,0,0,0
WBGene00168310.,0,1,1
WBGene00168311.,0,0,0
WBGene00168312.,0,2,2
WBGene00168313.,0,1,1
WBGene00168314.,0,4,4
WBGene00168315.,0,2,2
WBGene00168316.,0,0,0
WBGene00168317.,0,0,0
WBGene00168318.,0,0,0
WBGene00168319.,0,0,0
WBGene00168320.,0,0,0
WBGene00168321.,0,0,0
WBGene00168322.,0,0,0
WBGene00168323.,0,0,0
WBGene00168324.,0,3,3
WBGene00168325.,0,0,0
WBGene00168326.,0,0,0
WBGene00168327.,0,0,0
WBGene00168328.,0,0,0
WBGene00168329.,0,0,0
WBGene00168330.,0,1,1
WBGene00168331.,0,0,0
WBGene00168332.,0,0,0
WBGene00168333.,0,0,0
WBGene00168334.,0,0,0
WBGene00168335.,0,0,0
WBGene00168336.,0,0,0
WBGene00168337.,0,0,0
WBGene00168338.,0,0,0
WBGene00168339.,0,0,0
WBGene00168340.,0,0,0
WBGene00168341.,0,0,0
WBGene00168342.,0,0,0
WBGene00168343.,0,0,0
WBGene00168344.,0,0,0
WBGene00168345.,0,0,0
WBGene00168346.,0,0,0
WBGene00168347.,0,0,0
WBGene00168348.,0,0,0
WBGene00168349.,0,2,2
WBGene00168350.,0,0,0
WBGene00168351.,0,0,0
WBGene00168352.,0,0,0
WBGene00168353.,0,0,0
WBGene00168354.,0,0,0
WBGene00168355.,0,0,0
WBGene00168356.,0,0,0
WBGene00168357.,0,0,0
WBGene00168358.,0,0,0
WBGene00168359.,0,0,0
WBGene00168360.,0,0,0
WBGene00168361.,0,0,0
WBGene00168362.,0,0,0
WBGene00168363.,0,1,1
WBGene00168364.,0,0,0
WBGene00168365.,0,0,0
WBGene00168366.,0,0,0
WBGene00168367.,0,1,1
WBGene00168368.,0,0,0
WBGene00168369.,0,10,10
WBGene00168370.,0,0,0
WBGene00168371.,0,0,0
WBGene00168372.,0,0,0
WBGene00168373.,0,0,0
WBGene00168374.,0,0,0
WBGene00168375.,0,4,4
WBGene00168376.,0,0,0
WBGene00168377.,0,2,2
WBGene00168378.,0,0,0
WBGene00168379.,0,0,0
WBGene00168380.,0,0,0
WBGene00168381.,0,0,0
WBGene00168382.,0,0,0
WBGene00168383.,0,0,0
WBGene00168384.,0,0,0
WBGene00168385.,0,0,0
WBGene00168386.,0,0,0
WBGene00168387.,0,0,0
WBGene00168388.,0,43,43
WBGene00168389.,0,0,0
WBGene00168390.,0,0,0
WBGene00168391.,0,0,0
WBGene00168392.,0,0,0
WBGene00168393.,0,0,0
WBGene00168394.,0,0,0
WBGene00168395.,0,0,0
WBGene00168396.,0,0,0
WBGene00168397.,0,0,0
WBGene00168398.,0,0,0
WBGene00168399.,0,0,0
WBGene00168400.,0,0,0
WBGene00168401.,0,0,0
WBGene00168402.,0,0,0
WBGene00168403.,0,0,0
WBGene00168404.,0,0,0
WBGene00168405.,0,0,0
WBGene00168406.,0,0,0
WBGene00168407.,0,0,0
WBGene00168408.,0,1,1
WBGene00168409.,0,0,0
WBGene00168410.,0,0,0
WBGene00168411.,0,0,0
WBGene00168412.,0,1,1
WBGene00168413.,0,0,0
WBGene00168414.,0,0,0
WBGene00168415.,0,0,0
WBGene00168416.,0,0,0
WBGene00168417.,0,0,0
WBGene00168418.,0,0,0
WBGene00168419.,0,0,0
WBGene00168420.,0,0,0
WBGene00168421.,0,1,1
WBGene00168422.,0,0,0
WBGene00168423.,0,1,1
WBGene00168424.,0,0,0
WBGene00168425.,0,0,0
WBGene00168426.,0,0,0
WBGene00168427.,0,0,0
WBGene00168428.,0,0,0
WBGene00168429.,0,0,0
WBGene00168430.,0,0,0
WBGene00168431.,0,0,0
WBGene00168432.,0,2,2
WBGene00168433.,0,0,0
WBGene00168434.,0,0,0
WBGene00168435.,0,4,4
WBGene00168436.,0,1,1
WBGene00168437.,0,0,0
WBGene00168438.,0,0,0
WBGene00168439.,0,0,0
WBGene00168440.,0,0,0
WBGene00168441.,0,0,0
WBGene00168442.,0,5,5
WBGene00168443.,0,0,0
WBGene00168444.,0,0,0
WBGene00168445.,0,1,1
WBGene00168446.,0,1,1
WBGene00168447.,0,0,0
WBGene00168448.,0,0,0
WBGene00168449.,0,0,0
WBGene00168450.,0,0,0
WBGene00168451.,0,0,0
WBGene00168452.,0,0,0
WBGene00168453.,0,0,0
WBGene00168454.,0,0,0
WBGene00168455.,0,0,0
WBGene00168456.,0,0,0
WBGene00168457.,0,19,19
WBGene00168458.,0,0,0
WBGene00168459.,0,0,0
WBGene00168460.,0,1,1
WBGene00168461.,0,0,0
WBGene00168462.,0,0,0
WBGene00168463.,0,0,0
WBGene00168464.,0,0,0
WBGene00168465.,0,0,0
WBGene00168466.,0,27,27
WBGene00168467.,0,0,0
WBGene00168468.,0,0,0
WBGene00168469.,0,1,1
WBGene00168470.,0,0,0
WBGene00168472.,0,0,0
WBGene00168473.,0,0,0
WBGene00168474.,0,0,0
WBGene00168475.,0,0,0
WBGene00168476.,0,0,0
WBGene00168477.,0,3,3
WBGene00168478.,0,0,0
WBGene00168479.,0,0,0
WBGene00168480.,0,0,0
WBGene00168481.,0,0,0
WBGene00168482.,0,0,0
WBGene00168483.,0,0,0
WBGene00168484.,0,0,0
WBGene00168485.,0,0,0
WBGene00168486.,0,2,2
WBGene00168487.,0,0,0
WBGene00168488.,0,7,7
WBGene00168489.,0,0,0
WBGene00168490.,0,0,0
WBGene00168491.,0,0,0
WBGene00168492.,0,0,0
WBGene00168493.,0,0,0
WBGene00168494.,0,0,0
WBGene00168495.,0,0,0
WBGene00168496.,0,0,0
WBGene00168497.,0,0,0
WBGene00168498.,0,0,0
WBGene00168499.,0,0,0
WBGene00168500.,0,0,0
WBGene00168501.,0,1,1
WBGene00168502.,0,2,2
WBGene00168503.,0,0,0
WBGene00168504.,0,0,0
WBGene00168505.,0,0,0
WBGene00168506.,0,0,0
WBGene00168507.,0,0,0
WBGene00168508.,0,0,0
WBGene00168509.,0,0,0
WBGene00168510.,0,4,4
WBGene00168511.,0,0,0
WBGene00168512.,0,0,0
WBGene00168513.,0,0,0
WBGene00168514.,0,0,0
WBGene00168515.,0,0,0
WBGene00168516.,0,0,0
WBGene00168517.,0,0,0
WBGene00168518.,0,0,0
WBGene00168519.,0,0,0
WBGene00168520.,0,0,0
WBGene00168521.,0,0,0
WBGene00168522.,0,0,0
WBGene00168523.,0,0,0
WBGene00168524.,0,0,0
WBGene00168525.,0,0,0
WBGene00168526.,0,3,3
WBGene00168527.,0,0,0
WBGene00168528.,0,0,0
WBGene00168529.,0,0,0
WBGene00168530.,0,0,0
WBGene00168531.,0,0,0
WBGene00168532.,0,0,0
WBGene00168533.,0,0,0
WBGene00168534.,0,0,0
WBGene00168535.,0,0,0
WBGene00168536.,0,0,0
WBGene00168537.,0,3,3
WBGene00168538.,0,1,1
WBGene00168539.,0,0,0
WBGene00168540.,0,0,0
WBGene00168541.,0,0,0
WBGene00168542.,0,0,0
WBGene00168543.,0,0,0
WBGene00168544.,0,0,0
WBGene00168545.,0,0,0
WBGene00168546.,0,0,0
WBGene00168547.,0,0,0
WBGene00168548.,0,7,7
WBGene00168549.,0,0,0
WBGene00168550.,0,0,0
WBGene00168551.,0,0,0
WBGene00168552.,0,0,0
WBGene00168553.,0,0,0
WBGene00168554.,0,0,0
WBGene00168555.,0,22,22
WBGene00168556.,0,0,0
WBGene00168557.,0,0,0
WBGene00168558.,0,0,0
WBGene00168559.,0,0,0
WBGene00168560.,0,0,0
WBGene00168561.,0,0,0
WBGene00168562.,0,0,0
WBGene00168563.,0,0,0
WBGene00168564.,0,0,0
WBGene00168565.,0,4,4
WBGene00168566.,0,0,0
WBGene00168567.,0,0,0
WBGene00168568.,0,0,0
WBGene00168569.,0,0,0
WBGene00168570.,0,0,0
WBGene00168571.,0,0,0
WBGene00168572.,0,0,0
WBGene00168573.,0,0,0
WBGene00168574.,0,0,0
WBGene00168575.,0,0,0
WBGene00168576.,0,0,0
WBGene00168577.,0,0,0
WBGene00168578.,0,0,0
WBGene00168579.,0,0,0
WBGene00168580.,0,0,0
WBGene00168581.,0,0,0
WBGene00168582.,0,0,0
WBGene00168583.,0,0,0
WBGene00168584.,0,0,0
WBGene00168585.,0,0,0
WBGene00168586.,0,0,0
WBGene00168587.,0,0,0
WBGene00168588.,0,0,0
WBGene00168589.,0,0,0
WBGene00168590.,0,0,0
WBGene00168591.,0,0,0
WBGene00168592.,0,0,0
WBGene00168593.,0,1,1
WBGene00168594.,0,0,0
WBGene00168595.,0,0,0
WBGene00168596.,0,0,0
WBGene00168597.,0,0,0
WBGene00168598.,0,0,0
WBGene00168599.,0,0,0
WBGene00168600.,0,0,0
WBGene00168601.,0,1,1
WBGene00168602.,0,0,0
WBGene00168603.,0,0,0
WBGene00168604.,0,0,0
WBGene00168605.,0,0,0
WBGene00168606.,0,0,0
WBGene00168607.,0,0,0
WBGene00168608.,0,0,0
WBGene00168609.,0,0,0
WBGene00168610.,0,0,0
WBGene00168611.,0,0,0
WBGene00168612.,0,0,0
WBGene00168613.,0,0,0
WBGene00168614.,0,0,0
WBGene00168615.,0,0,0
WBGene00168616.,0,0,0
WBGene00168617.,0,0,0
WBGene00168618.,0,0,0
WBGene00168619.,0,0,0
WBGene00168620.,0,0,0
WBGene00168621.,0,0,0
WBGene00168622.,0,2,2
WBGene00168623.,0,0,0
WBGene00168624.,0,0,0
WBGene00168625.,0,0,0
WBGene00168626.,0,0,0
WBGene00168627.,0,0,0
WBGene00168628.,0,0,0
WBGene00168629.,0,0,0
WBGene00168630.,0,3,3
WBGene00168631.,0,0,0
WBGene00168632.,0,1,1
WBGene00168633.,0,0,0
WBGene00168634.,0,0,0
WBGene00168635.,0,0,0
WBGene00168636.,0,0,0
WBGene00168637.,0,0,0
WBGene00168638.,0,0,0
WBGene00168639.,0,0,0
WBGene00168640.,0,2,2
WBGene00168641.,0,0,0
WBGene00168642.,0,1,1
WBGene00168643.,0,0,0
WBGene00168644.,0,0,0
WBGene00168645.,0,0,0
WBGene00168646.,0,0,0
WBGene00168647.,0,0,0
WBGene00168648.,0,0,0
WBGene00168649.,0,0,0
WBGene00168650.,0,0,0
WBGene00168651.,0,0,0
WBGene00168652.,0,0,0
WBGene00168653.,0,0,0
WBGene00168654.,0,10,10
WBGene00168655.,0,0,0
WBGene00168656.,0,0,0
WBGene00168657.,0,0,0
WBGene00168658.,0,2,2
WBGene00168659.,0,0,0
WBGene00168660.,0,0,0
WBGene00168661.,0,0,0
WBGene00168662.,0,1,1
WBGene00168663.,0,0,0
WBGene00168664.,0,2,2
WBGene00168665.,0,0,0
WBGene00168666.,0,0,0
WBGene00168667.,0,0,0
WBGene00168668.,0,0,0
WBGene00168669.,0,0,0
WBGene00168670.,0,0,0
WBGene00168671.,0,0,0
WBGene00168672.,0,0,0
WBGene00168673.,0,0,0
WBGene00168674.,0,0,0
WBGene00168675.,0,0,0
WBGene00168676.,0,3,3
WBGene00168677.,0,0,0
WBGene00168678.,0,0,0
WBGene00168679.,0,0,0
WBGene00168680.,0,0,0
WBGene00168681.,0,1,1
WBGene00168682.,0,0,0
WBGene00168683.,0,0,0
WBGene00168684.,0,0,0
WBGene00168685.,0,0,0
WBGene00168686.,0,0,0
WBGene00168687.,0,0,0
WBGene00168688.,0,2,2
WBGene00168689.,0,0,0
WBGene00168690.,0,4,4
WBGene00168691.,0,0,0
WBGene00168692.,0,0,0
WBGene00168693.,0,0,0
WBGene00168694.,0,0,0
WBGene00168695.,0,0,0
WBGene00168696.,0,0,0
WBGene00168697.,0,0,0
WBGene00168698.,0,0,0
WBGene00168699.,0,0,0
WBGene00168700.,0,0,0
WBGene00168701.,0,0,0
WBGene00168702.,0,0,0
WBGene00168703.,0,0,0
WBGene00168704.,0,0,0
WBGene00168705.,0,0,0
WBGene00168706.,0,0,0
WBGene00168707.,0,0,0
WBGene00168708.,0,0,0
WBGene00168709.,0,0,0
WBGene00168710.,0,1,1
WBGene00168711.,0,0,0
WBGene00168712.,0,0,0
WBGene00168713.,0,2,2
WBGene00168714.,0,0,0
WBGene00168715.,0,0,0
WBGene00168716.,0,0,0
WBGene00168717.,0,0,0
WBGene00168718.,0,0,0
WBGene00168719.,0,0,0
WBGene00168720.,0,7,7
WBGene00168721.,0,2,2
WBGene00168722.,0,0,0
WBGene00168723.,0,0,0
WBGene00168724.,0,0,0
WBGene00168725.,0,1,1
WBGene00168726.,0,0,0
WBGene00168727.,0,0,0
WBGene00168728.,0,0,0
WBGene00168729.,0,0,0
WBGene00168730.,0,1,1
WBGene00168731.,0,0,0
WBGene00168732.,0,20,20
WBGene00168733.,0,0,0
WBGene00168734.,0,0,0
WBGene00168735.,0,0,0
WBGene00168736.,0,2,2
WBGene00168737.,0,0,0
WBGene00168738.,0,0,0
WBGene00168739.,0,0,0
WBGene00168740.,0,0,0
WBGene00168741.,0,0,0
WBGene00168742.,0,0,0
WBGene00168743.,0,1,1
WBGene00168744.,0,0,0
WBGene00168745.,0,0,0
WBGene00168746.,0,0,0
WBGene00168747.,0,0,0
WBGene00168748.,0,0,0
WBGene00168749.,0,1,1
WBGene00168750.,0,1,1
WBGene00168751.,0,0,0
WBGene00168752.,0,0,0
WBGene00168753.,0,0,0
WBGene00168754.,0,0,0
WBGene00168755.,0,0,0
WBGene00168756.,0,0,0
WBGene00168757.,0,0,0
WBGene00168758.,0,1,1
WBGene00168759.,0,0,0
WBGene00168760.,0,0,0
WBGene00168761.,0,0,0
WBGene00168762.,0,0,0
WBGene00168763.,0,0,0
WBGene00168764.,0,1,1
WBGene00168765.,0,0,0
WBGene00168766.,0,0,0
WBGene00168767.,0,0,0
WBGene00168768.,0,0,0
WBGene00168769.,0,0,0
WBGene00168770.,0,0,0
WBGene00168771.,0,2,2
WBGene00168772.,0,6,6
WBGene00168773.,0,0,0
WBGene00168774.,0,0,0
WBGene00168775.,0,3,3
WBGene00168776.,0,0,0
WBGene00168777.,0,1,1
WBGene00168778.,0,0,0
WBGene00168779.,0,1,1
WBGene00168780.,0,0,0
WBGene00168781.,0,0,0
WBGene00168782.,0,0,0
WBGene00168783.,0,0,0
WBGene00168784.,0,0,0
WBGene00168785.,0,0,0
WBGene00168786.,0,0,0
WBGene00168787.,0,0,0
WBGene00168788.,0,2,2
WBGene00168789.,0,0,0
WBGene00168790.,0,0,0
WBGene00168791.,0,0,0
WBGene00168792.,0,1,1
WBGene00168793.,0,0,0
WBGene00168794.,0,0,0
WBGene00168795.,0,0,0
WBGene00168796.,0,0,0
WBGene00168797.,0,0,0
WBGene00168798.,0,0,0
WBGene00168799.,0,0,0
WBGene00168800.,0,0,0
WBGene00168801.,0,0,0
WBGene00168802.,0,0,0
WBGene00168803.,0,0,0
WBGene00168804.,0,0,0
WBGene00168805.,0,0,0
WBGene00168806.,0,0,0
WBGene00168807.,0,2,2
WBGene00168808.,0,0,0
WBGene00168809.,0,2,2
WBGene00168810.,0,0,0
WBGene00168811.,0,0,0
WBGene00168812.,0,0,0
WBGene00168813.,0,0,0
WBGene00168814.,0,0,0
WBGene00168815.,0,25,25
WBGene00168816.,0,0,0
WBGene00168817.,0,0,0
WBGene00168818.,0,0,0
WBGene00168819.,0,0,0
WBGene00168820.,0,0,0
WBGene00168821.,0,0,0
WBGene00168822.,0,0,0
WBGene00168823.,0,4,4
WBGene00168824.,0,0,0
WBGene00168825.,0,0,0
WBGene00168826.,0,0,0
WBGene00168827.,0,0,0
WBGene00168828.,0,0,0
WBGene00168829.,0,0,0
WBGene00168830.,0,0,0
WBGene00168831.,0,0,0
WBGene00168832.,0,0,0
WBGene00168833.,0,0,0
WBGene00168834.,0,1,1
WBGene00168835.,0,0,0
WBGene00168836.,0,0,0
WBGene00168837.,0,0,0
WBGene00168838.,0,0,0
WBGene00168839.,0,0,0
WBGene00168840.,0,0,0
WBGene00168841.,0,0,0
WBGene00168842.,0,0,0
WBGene00168843.,0,2,2
WBGene00168844.,0,0,0
WBGene00168845.,0,0,0
WBGene00168846.,0,0,0
WBGene00168847.,0,0,0
WBGene00168848.,0,0,0
WBGene00168849.,0,0,0
WBGene00168850.,0,0,0
WBGene00168851.,0,0,0
WBGene00168852.,0,0,0
WBGene00168853.,0,0,0
WBGene00168854.,0,0,0
WBGene00168855.,0,0,0
WBGene00168856.,0,0,0
WBGene00168857.,0,1,1
WBGene00168858.,0,0,0
WBGene00168859.,0,0,0
WBGene00168860.,0,0,0
WBGene00168861.,0,0,0
WBGene00168862.,0,0,0
WBGene00168863.,0,2,2
WBGene00168864.,0,3,3
WBGene00168865.,0,0,0
WBGene00168866.,0,4,4
WBGene00168867.,0,0,0
WBGene00168868.,0,1,1
WBGene00168869.,0,0,0
WBGene00168870.,0,0,0
WBGene00168871.,0,0,0
WBGene00168872.,0,0,0
WBGene00168873.,0,0,0
WBGene00168874.,0,0,0
WBGene00168875.,0,0,0
WBGene00168876.,0,15,15
WBGene00168877.,0,0,0
WBGene00168878.,0,0,0
WBGene00168879.,0,0,0
WBGene00168880.,0,0,0
WBGene00168881.,0,0,0
WBGene00168882.,0,0,0
WBGene00168883.,0,0,0
WBGene00168884.,0,0,0
WBGene00168885.,0,0,0
WBGene00168886.,0,0,0
WBGene00168887.,0,0,0
WBGene00168888.,0,0,0
WBGene00168889.,0,0,0
WBGene00168890.,0,1,1
WBGene00168891.,0,0,0
WBGene00168892.,0,4,4
WBGene00168893.,0,6,6
WBGene00168894.,0,0,0
WBGene00168895.,0,0,0
WBGene00168896.,0,0,0
WBGene00168897.,0,0,0
WBGene00168898.,0,0,0
WBGene00168899.,0,0,0
WBGene00168900.,0,0,0
WBGene00168901.,0,0,0
WBGene00168902.,0,0,0
WBGene00168903.,0,1,1
WBGene00168904.,0,0,0
WBGene00168905.,0,0,0
WBGene00168906.,0,0,0
WBGene00168907.,0,0,0
WBGene00168908.,0,0,0
WBGene00168909.,0,0,0
WBGene00168910.,0,0,0
WBGene00168911.,0,0,0
WBGene00168912.,0,0,0
WBGene00168913.,0,1,1
WBGene00168914.,0,10,10
WBGene00168915.,0,0,0
WBGene00168916.,0,0,0
WBGene00168917.,0,0,0
WBGene00168918.,0,0,0
WBGene00168919.,0,0,0
WBGene00168920.,0,0,0
WBGene00168921.,0,0,0
WBGene00168922.,0,0,0
WBGene00168923.,0,1,1
WBGene00168924.,0,0,0
WBGene00168925.,0,0,0
WBGene00168926.,0,0,0
WBGene00168927.,0,0,0
WBGene00168928.,0,3,3
WBGene00168929.,0,0,0
WBGene00168930.,0,0,0
WBGene00168931.,0,0,0
WBGene00168932.,0,0,0
WBGene00168933.,0,0,0
WBGene00168934.,0,0,0
WBGene00168935.,0,0,0
WBGene00168936.,0,0,0
WBGene00168937.,0,0,0
WBGene00168938.,0,0,0
WBGene00168939.,0,0,0
WBGene00168940.,0,0,0
WBGene00168941.,0,0,0
WBGene00168942.,0,0,0
WBGene00168943.,0,0,0
WBGene00168944.,0,0,0
WBGene00168945.,0,0,0
WBGene00168946.,0,0,0
WBGene00168947.,0,2,2
WBGene00168948.,0,0,0
WBGene00168949.,0,0,0
WBGene00168950.,0,0,0
WBGene00168951.,0,0,0
WBGene00168952.,0,0,0
WBGene00168953.,0,0,0
WBGene00168954.,0,1,1
WBGene00168955.,0,2,2
WBGene00168956.,0,0,0
WBGene00168957.,0,0,0
WBGene00168958.,0,0,0
WBGene00168959.,0,3,3
WBGene00168960.,0,0,0
WBGene00168961.,0,0,0
WBGene00168962.,0,2,2
WBGene00168963.,0,0,0
WBGene00168964.,0,0,0
WBGene00168965.,0,0,0
WBGene00168966.,0,1,1
WBGene00168967.,0,0,0
WBGene00168968.,0,0,0
WBGene00168969.,0,0,0
WBGene00168970.,0,8,8
WBGene00168971.,0,0,0
WBGene00168972.,0,0,0
WBGene00168973.,0,0,0
WBGene00168974.,0,0,0
WBGene00168975.,0,0,0
WBGene00168976.,0,0,0
WBGene00168977.,0,0,0
WBGene00168978.,0,0,0
WBGene00168979.,0,0,0
WBGene00168980.,0,0,0
WBGene00168981.,0,0,0
WBGene00168982.,0,0,0
WBGene00168983.,0,0,0
WBGene00168984.,0,0,0
WBGene00168985.,0,15,15
WBGene00168986.,0,0,0
WBGene00168987.,0,0,0
WBGene00168988.,0,0,0
WBGene00168989.,0,0,0
WBGene00168990.,0,0,0
WBGene00168991.,0,0,0
WBGene00168992.,0,0,0
WBGene00168993.,0,0,0
WBGene00168994.,0,0,0
WBGene00168995.,0,2,2
WBGene00168996.,0,0,0
WBGene00168997.,0,0,0
WBGene00168998.,0,0,0
WBGene00168999.,0,0,0
WBGene00169000.,0,0,0
WBGene00169001.,0,0,0
WBGene00169002.,0,0,0
WBGene00169003.,0,0,0
WBGene00169004.,0,0,0
WBGene00169005.,0,0,0
WBGene00169006.,0,17,17
WBGene00169007.,0,0,0
WBGene00169008.,0,0,0
WBGene00169009.,0,0,0
WBGene00169010.,0,0,0
WBGene00169011.,0,0,0
WBGene00169012.,0,0,0
WBGene00169013.,0,0,0
WBGene00169014.,0,0,0
WBGene00169015.,0,0,0
WBGene00169016.,0,2,2
WBGene00169017.,0,0,0
WBGene00169018.,0,0,0
WBGene00169019.,0,0,0
WBGene00169020.,0,0,0
WBGene00169021.,0,0,0
WBGene00169022.,0,0,0
WBGene00169023.,0,0,0
WBGene00169024.,0,0,0
WBGene00169025.,0,0,0
WBGene00169026.,0,0,0
WBGene00169027.,0,0,0
WBGene00169028.,0,0,0
WBGene00169029.,0,0,0
WBGene00169030.,0,0,0
WBGene00169031.,0,0,0
WBGene00169032.,0,0,0
WBGene00169033.,0,0,0
WBGene00169034.,0,0,0
WBGene00169035.,0,0,0
WBGene00169036.,0,0,0
WBGene00169037.,0,0,0
WBGene00169038.,0,0,0
WBGene00169039.,0,0,0
WBGene00169040.,0,0,0
WBGene00169041.,0,0,0
WBGene00169042.,0,0,0
WBGene00169043.,0,0,0
WBGene00169044.,0,0,0
WBGene00169045.,0,0,0
WBGene00169046.,0,2,2
WBGene00169047.,0,0,0
WBGene00169048.,0,0,0
WBGene00169049.,0,0,0
WBGene00169050.,0,0,0
WBGene00169051.,0,0,0
WBGene00169052.,0,0,0
WBGene00169053.,0,0,0
WBGene00169054.,0,1,1
WBGene00169055.,0,0,0
WBGene00169056.,0,0,0
WBGene00169057.,0,0,0
WBGene00169058.,0,0,0
WBGene00169059.,0,1,1
WBGene00169060.,0,0,0
WBGene00169061.,0,0,0
WBGene00169062.,0,0,0
WBGene00169063.,0,0,0
WBGene00169064.,0,3,3
WBGene00169065.,0,0,0
WBGene00169066.,0,1,1
WBGene00169067.,0,0,0
WBGene00169068.,0,0,0
WBGene00169069.,0,1,1
WBGene00169070.,0,0,0
WBGene00169071.,0,6,6
WBGene00169072.,0,0,0
WBGene00169073.,0,0,0
WBGene00169074.,0,0,0
WBGene00169075.,0,0,0
WBGene00169076.,0,0,0
WBGene00169077.,0,0,0
WBGene00169078.,0,0,0
WBGene00169079.,0,0,0
WBGene00169080.,0,0,0
WBGene00169081.,0,0,0
WBGene00169082.,0,0,0
WBGene00169083.,0,0,0
WBGene00169084.,0,0,0
WBGene00169085.,0,0,0
WBGene00169086.,0,0,0
WBGene00169087.,0,0,0
WBGene00169088.,0,0,0
WBGene00169089.,0,0,0
WBGene00169090.,0,0,0
WBGene00169091.,0,0,0
WBGene00169092.,0,0,0
WBGene00169093.,0,0,0
WBGene00169094.,0,0,0
WBGene00169095.,0,0,0
WBGene00169096.,0,0,0
WBGene00169097.,0,0,0
WBGene00169098.,0,1,1
WBGene00169099.,0,0,0
WBGene00169100.,0,1,1
WBGene00169101.,0,0,0
WBGene00169102.,0,0,0
WBGene00169103.,0,1,1
WBGene00169104.,0,0,0
WBGene00169105.,0,0,0
WBGene00169106.,0,0,0
WBGene00169107.,0,7,7
WBGene00169108.,0,0,0
WBGene00169109.,0,1,1
WBGene00169110.,0,0,0
WBGene00169111.,0,0,0
WBGene00169112.,0,0,0
WBGene00169113.,0,0,0
WBGene00169114.,0,0,0
WBGene00169115.,0,0,0
WBGene00169116.,0,1,1
WBGene00169117.,0,0,0
WBGene00169118.,0,0,0
WBGene00169119.,0,0,0
WBGene00169120.,0,0,0
WBGene00169121.,0,0,0
WBGene00169122.,0,0,0
WBGene00169123.,0,0,0
WBGene00169124.,0,0,0
WBGene00169125.,0,0,0
WBGene00169126.,0,0,0
WBGene00169127.,0,1,1
WBGene00169128.,0,0,0
WBGene00169129.,0,0,0
WBGene00169130.,0,0,0
WBGene00169131.,0,0,0
WBGene00169132.,0,0,0
WBGene00169133.,0,0,0
WBGene00169134.,0,1,1
WBGene00169135.,0,0,0
WBGene00169136.,0,0,0
WBGene00169137.,0,0,0
WBGene00169138.,0,0,0
WBGene00169139.,0,0,0
WBGene00169140.,0,0,0
WBGene00169141.,0,0,0
WBGene00169142.,0,0,0
WBGene00169143.,0,0,0
WBGene00169144.,0,0,0
WBGene00169145.,0,0,0
WBGene00169146.,0,0,0
WBGene00169147.,0,0,0
WBGene00169148.,0,0,0
WBGene00169149.,0,0,0
WBGene00169150.,0,5,5
WBGene00169151.,0,0,0
WBGene00169152.,0,0,0
WBGene00169153.,0,1,1
WBGene00169154.,0,0,0
WBGene00169155.,0,0,0
WBGene00169156.,0,0,0
WBGene00169157.,0,0,0
WBGene00169158.,0,0,0
WBGene00169159.,0,0,0
WBGene00169160.,0,0,0
WBGene00169161.,0,0,0
WBGene00169162.,0,2,2
WBGene00169163.,0,2,2
WBGene00169164.,0,0,0
WBGene00169165.,0,0,0
WBGene00169166.,0,0,0
WBGene00169167.,0,0,0
WBGene00169168.,0,0,0
WBGene00169169.,0,0,0
WBGene00169170.,0,0,0
WBGene00169171.,0,61,61
WBGene00169172.,0,0,0
WBGene00169173.,0,0,0
WBGene00169174.,0,0,0
WBGene00169175.,0,2,2
WBGene00169176.,0,0,0
WBGene00169177.,0,0,0
WBGene00169178.,0,0,0
WBGene00169179.,0,0,0
WBGene00169180.,0,0,0
WBGene00169181.,0,0,0
WBGene00169182.,0,0,0
WBGene00169183.,0,0,0
WBGene00169184.,0,0,0
WBGene00169185.,0,0,0
WBGene00169186.,0,0,0
WBGene00169187.,0,0,0
WBGene00169188.,0,0,0
WBGene00169189.,0,0,0
WBGene00169190.,0,0,0
WBGene00169191.,0,0,0
WBGene00169192.,0,0,0
WBGene00169193.,0,0,0
WBGene00169194.,0,0,0
WBGene00169195.,0,0,0
WBGene00169196.,0,0,0
WBGene00169197.,0,0,0
WBGene00169198.,0,0,0
WBGene00169199.,0,0,0
WBGene00169200.,0,0,0
WBGene00169201.,0,3,3
WBGene00169202.,0,0,0
WBGene00169203.,0,0,0
WBGene00169204.,0,0,0
WBGene00169205.,0,0,0
WBGene00169206.,0,0,0
WBGene00169207.,0,0,0
WBGene00169208.,0,0,0
WBGene00169209.,0,0,0
WBGene00169210.,0,0,0
WBGene00169211.,0,2,2
WBGene00169212.,0,1,1
WBGene00169213.,0,0,0
WBGene00169214.,0,0,0
WBGene00169215.,0,5,5
WBGene00169216.,0,0,0
WBGene00169217.,0,0,0
WBGene00169218.,0,0,0
WBGene00169219.,0,0,0
WBGene00169220.,0,1,1
WBGene00169221.,0,0,0
WBGene00169222.,0,5,5
WBGene00169223.,0,0,0
WBGene00169224.,0,0,0
WBGene00169225.,0,0,0
WBGene00169226.,0,0,0
WBGene00169227.,0,0,0
WBGene00169228.,0,0,0
WBGene00169229.,0,0,0
WBGene00169230.,0,0,0
WBGene00169231.,0,0,0
WBGene00169232.,0,1,1
WBGene00169233.,0,0,0
WBGene00169234.,0,0,0
WBGene00169235.,0,0,0
WBGene00169236.,0,0,0
WBGene00169237.,0,0,0
WBGene00169238.,0,0,0
WBGene00169239.,0,0,0
WBGene00169240.,0,6,6
WBGene00169242.,0,0,0
WBGene00169243.,0,0,0
WBGene00169244.,0,0,0
WBGene00169245.,0,0,0
WBGene00169246.,0,0,0
WBGene00169247.,0,0,0
WBGene00169248.,0,0,0
WBGene00169249.,0,0,0
WBGene00169250.,0,0,0
WBGene00169251.,0,0,0
WBGene00169252.,0,0,0
WBGene00169253.,0,0,0
WBGene00169254.,0,0,0
WBGene00169255.,0,0,0
WBGene00169256.,0,0,0
WBGene00169257.,0,0,0
WBGene00169258.,0,0,0
WBGene00169259.,0,0,0
WBGene00169260.,0,0,0
WBGene00169261.,0,0,0
WBGene00169262.,0,0,0
WBGene00169263.,0,0,0
WBGene00169264.,0,0,0
WBGene00169265.,0,0,0
WBGene00169266.,0,0,0
WBGene00169267.,0,1,1
WBGene00169268.,0,1,1
WBGene00169269.,0,25,25
WBGene00169270.,0,0,0
WBGene00169271.,0,0,0
WBGene00169272.,0,0,0
WBGene00169273.,0,0,0
WBGene00169274.,0,0,0
WBGene00169275.,0,1,1
WBGene00169276.,0,0,0
WBGene00169277.,0,0,0
WBGene00169278.,0,0,0
WBGene00169279.,0,0,0
WBGene00169280.,0,0,0
WBGene00169281.,0,0,0
WBGene00169282.,0,0,0
WBGene00169283.,0,0,0
WBGene00169284.,0,0,0
WBGene00169285.,0,0,0
WBGene00169286.,0,0,0
WBGene00169287.,0,0,0
WBGene00169288.,0,0,0
WBGene00169289.,0,0,0
WBGene00169290.,0,0,0
WBGene00169291.,0,0,0
WBGene00169292.,0,0,0
WBGene00169293.,0,0,0
WBGene00169294.,0,1,1
WBGene00169295.,0,0,0
WBGene00169296.,0,0,0
WBGene00169297.,0,0,0
WBGene00169298.,0,2,2
WBGene00169299.,0,0,0
WBGene00169300.,0,0,0
WBGene00169301.,0,0,0
WBGene00169302.,0,0,0
WBGene00169303.,0,1,1
WBGene00169304.,0,0,0
WBGene00169305.,0,0,0
WBGene00169306.,0,0,0
WBGene00169307.,0,1,1
WBGene00169308.,0,0,0
WBGene00169309.,0,0,0
WBGene00169310.,0,0,0
WBGene00169311.,0,0,0
WBGene00169312.,0,0,0
WBGene00169313.,0,0,0
WBGene00169314.,0,0,0
WBGene00169315.,0,0,0
WBGene00169316.,0,0,0
WBGene00169317.,0,0,0
WBGene00169318.,0,0,0
WBGene00169319.,0,1,1
WBGene00169320.,0,0,0
WBGene00169321.,0,0,0
WBGene00169322.,0,1,1
WBGene00169323.,0,0,0
WBGene00169324.,0,0,0
WBGene00169325.,0,0,0
WBGene00169326.,0,0,0
WBGene00169327.,0,1,1
WBGene00169328.,0,0,0
WBGene00169329.,0,0,0
WBGene00169330.,0,3,3
WBGene00169331.,0,0,0
WBGene00169332.,0,0,0
WBGene00169333.,0,0,0
WBGene00169334.,0,0,0
WBGene00169335.,0,7,7
WBGene00169336.,0,0,0
WBGene00169337.,0,0,0
WBGene00169338.,0,0,0
WBGene00169339.,0,0,0
WBGene00169340.,0,0,0
WBGene00169341.,0,0,0
WBGene00169342.,0,0,0
WBGene00169343.,0,0,0
WBGene00169344.,0,0,0
WBGene00169345.,0,0,0
WBGene00169346.,0,3,3
WBGene00169347.,0,0,0
WBGene00169348.,0,0,0
WBGene00169349.,0,0,0
WBGene00169350.,0,0,0
WBGene00169351.,0,0,0
WBGene00169352.,0,0,0
WBGene00169353.,0,3,3
WBGene00169354.,0,64,64
WBGene00169355.,0,0,0
WBGene00169356.,0,0,0
WBGene00169357.,0,1,1
WBGene00169358.,0,0,0
WBGene00169359.,0,0,0
WBGene00169360.,0,1,1
WBGene00169361.,0,0,0
WBGene00169362.,0,0,0
WBGene00169363.,0,0,0
WBGene00169364.,0,0,0
WBGene00169365.,0,0,0
WBGene00169366.,0,1,1
WBGene00169367.,0,0,0
WBGene00169368.,0,0,0
WBGene00169369.,0,0,0
WBGene00169370.,0,0,0
WBGene00169371.,0,0,0
WBGene00169372.,0,0,0
WBGene00169373.,0,0,0
WBGene00169374.,0,0,0
WBGene00169375.,0,0,0
WBGene00169376.,0,0,0
WBGene00169377.,0,0,0
WBGene00169378.,0,1,1
WBGene00169379.,0,1,1
WBGene00169380.,0,0,0
WBGene00169381.,0,0,0
WBGene00169382.,0,0,0
WBGene00169383.,0,0,0
WBGene00169384.,0,1,1
WBGene00169385.,0,0,0
WBGene00169386.,0,0,0
WBGene00169387.,0,0,0
WBGene00169388.,0,0,0
WBGene00169389.,0,0,0
WBGene00169390.,0,1,1
WBGene00169391.,0,0,0
WBGene00169392.,0,2,2
WBGene00169393.,0,0,0
WBGene00169394.,0,0,0
WBGene00169395.,0,0,0
WBGene00169396.,0,0,0
WBGene00169397.,0,0,0
WBGene00169398.,0,0,0
WBGene00169399.,0,0,0
WBGene00169401.,0,0,0
WBGene00169402.,0,5,5
WBGene00169403.,0,0,0
WBGene00169404.,0,0,0
WBGene00169405.,0,0,0
WBGene00169406.,0,0,0
WBGene00169407.,0,0,0
WBGene00169408.,0,0,0
WBGene00169409.,0,1,1
WBGene00169410.,0,0,0
WBGene00169411.,0,0,0
WBGene00169412.,0,0,0
WBGene00169413.,0,0,0
WBGene00169414.,0,0,0
WBGene00169415.,0,0,0
WBGene00169416.,0,2,2
WBGene00169417.,0,0,0
WBGene00169418.,0,0,0
WBGene00169419.,0,0,0
WBGene00169420.,0,0,0
WBGene00169421.,0,0,0
WBGene00169422.,0,0,0
WBGene00169423.,0,0,0
WBGene00169424.,0,0,0
WBGene00169425.,0,3,3
WBGene00169426.,0,0,0
WBGene00169427.,0,0,0
WBGene00169428.,0,0,0
WBGene00169429.,0,0,0
WBGene00169430.,0,0,0
WBGene00169431.,0,11,11
WBGene00169432.,0,0,0
WBGene00169433.,0,0,0
WBGene00169434.,0,1,1
WBGene00169435.,0,0,0
WBGene00169436.,0,0,0
WBGene00169437.,0,0,0
WBGene00169438.,0,3,3
WBGene00169439.,0,1,1
WBGene00169440.,0,0,0
WBGene00169441.,0,0,0
WBGene00169442.,0,0,0
WBGene00169443.,0,1,1
WBGene00169444.,0,0,0
WBGene00169445.,0,0,0
WBGene00169446.,0,0,0
WBGene00169447.,0,0,0
WBGene00169448.,0,0,0
WBGene00169449.,0,0,0
WBGene00169450.,0,0,0
WBGene00169451.,0,2,2
WBGene00169452.,0,0,0
WBGene00169453.,0,0,0
WBGene00169454.,0,0,0
WBGene00169455.,0,0,0
WBGene00169456.,0,0,0
WBGene00169457.,0,0,0
WBGene00169458.,0,0,0
WBGene00169459.,0,0,0
WBGene00169460.,0,1,1
WBGene00169461.,0,0,0
WBGene00169462.,0,2,2
WBGene00169463.,0,0,0
WBGene00169464.,0,0,0
WBGene00169465.,0,0,0
WBGene00169466.,0,1,1
WBGene00169467.,0,0,0
WBGene00169468.,0,0,0
WBGene00169469.,0,0,0
WBGene00169470.,0,0,0
WBGene00169471.,0,0,0
WBGene00169472.,0,0,0
WBGene00169473.,0,0,0
WBGene00169474.,0,0,0
WBGene00169475.,0,0,0
WBGene00169476.,0,0,0
WBGene00169477.,0,0,0
WBGene00169478.,0,0,0
WBGene00169479.,0,1,1
WBGene00169480.,0,0,0
WBGene00169481.,0,0,0
WBGene00169482.,0,0,0
WBGene00169483.,0,0,0
WBGene00169484.,0,0,0
WBGene00169485.,0,0,0
WBGene00169486.,0,2,2
WBGene00169487.,0,0,0
WBGene00169488.,0,0,0
WBGene00169489.,0,0,0
WBGene00169490.,0,0,0
WBGene00169491.,0,0,0
WBGene00169492.,0,0,0
WBGene00169493.,0,0,0
WBGene00169494.,0,0,0
WBGene00169495.,0,0,0
WBGene00169496.,0,0,0
WBGene00169497.,0,0,0
WBGene00169498.,0,0,0
WBGene00169499.,0,0,0
WBGene00169500.,0,0,0
WBGene00169501.,0,0,0
WBGene00169502.,0,0,0
WBGene00169503.,0,0,0
WBGene00169504.,0,0,0
WBGene00169505.,0,0,0
WBGene00169506.,0,0,0
WBGene00169507.,0,0,0
WBGene00169508.,0,0,0
WBGene00169509.,0,0,0
WBGene00169510.,0,0,0
WBGene00169511.,0,0,0
WBGene00169512.,0,0,0
WBGene00169513.,0,0,0
WBGene00169514.,0,0,0
WBGene00169515.,0,1,1
WBGene00169516.,0,0,0
WBGene00169517.,0,0,0
WBGene00169518.,0,0,0
WBGene00169519.,0,0,0
WBGene00169520.,0,0,0
WBGene00169521.,0,0,0
WBGene00169522.,0,2,2
WBGene00169523.,0,0,0
WBGene00169524.,0,0,0
WBGene00169525.,0,0,0
WBGene00169526.,0,0,0
WBGene00169527.,0,0,0
WBGene00169528.,0,0,0
WBGene00169529.,0,0,0
WBGene00169530.,0,0,0
WBGene00169531.,0,0,0
WBGene00169532.,0,0,0
WBGene00169533.,0,1,1
WBGene00169534.,0,0,0
WBGene00169535.,0,0,0
WBGene00169536.,0,0,0
WBGene00169537.,0,0,0
WBGene00169538.,0,0,0
WBGene00169539.,0,0,0
WBGene00169540.,0,1,1
WBGene00169541.,0,0,0
WBGene00169542.,0,0,0
WBGene00169543.,0,0,0
WBGene00169544.,0,0,0
WBGene00169545.,0,0,0
WBGene00169546.,0,0,0
WBGene00169547.,0,0,0
WBGene00169548.,0,0,0
WBGene00169549.,0,0,0
WBGene00169550.,0,0,0
WBGene00169551.,0,0,0
WBGene00169552.,0,2,2
WBGene00169553.,0,1,1
WBGene00169554.,0,34,34
WBGene00169555.,0,4,4
WBGene00169556.,0,0,0
WBGene00169557.,0,0,0
WBGene00169558.,0,0,0
WBGene00169559.,0,0,0
WBGene00169560.,0,0,0
WBGene00169561.,0,0,0
WBGene00169562.,0,0,0
WBGene00169563.,0,0,0
WBGene00169564.,0,1,1
WBGene00169565.,0,0,0
WBGene00169566.,0,0,0
WBGene00169567.,0,0,0
WBGene00169568.,0,0,0
WBGene00169569.,0,0,0
WBGene00169570.,0,0,0
WBGene00169571.,0,0,0
WBGene00169572.,0,0,0
WBGene00169573.,0,0,0
WBGene00169574.,0,1,1
WBGene00169575.,0,0,0
WBGene00169576.,0,0,0
WBGene00169577.,0,0,0
WBGene00169578.,0,0,0
WBGene00169579.,0,0,0
WBGene00169580.,0,0,0
WBGene00169581.,0,0,0
WBGene00169582.,0,0,0
WBGene00169583.,0,0,0
WBGene00169584.,0,0,0
WBGene00169585.,0,0,0
WBGene00169586.,0,0,0
WBGene00169587.,0,0,0
WBGene00169588.,0,1,1
WBGene00169589.,0,0,0
WBGene00169590.,0,0,0
WBGene00169591.,0,0,0
WBGene00169592.,0,0,0
WBGene00169593.,0,0,0
WBGene00169594.,0,0,0
WBGene00169595.,0,4,4
WBGene00169596.,0,0,0
WBGene00169597.,0,0,0
WBGene00169598.,0,0,0
WBGene00169599.,0,0,0
WBGene00169600.,0,0,0
WBGene00169601.,0,0,0
WBGene00169602.,0,0,0
WBGene00169603.,0,0,0
WBGene00169604.,0,0,0
WBGene00169605.,0,0,0
WBGene00169606.,0,2,2
WBGene00169607.,0,0,0
WBGene00169608.,0,0,0
WBGene00169609.,0,1,1
WBGene00169610.,0,0,0
WBGene00169611.,0,0,0
WBGene00169612.,0,0,0
WBGene00169613.,0,0,0
WBGene00169614.,0,1,1
WBGene00169615.,0,0,0
WBGene00169617.,0,0,0
WBGene00169618.,0,0,0
WBGene00169619.,0,0,0
WBGene00169620.,0,1,1
WBGene00169621.,0,0,0
WBGene00169622.,0,0,0
WBGene00169623.,0,0,0
WBGene00169624.,0,0,0
WBGene00169625.,0,0,0
WBGene00169626.,0,0,0
WBGene00169627.,0,0,0
WBGene00169628.,0,0,0
WBGene00169629.,0,0,0
WBGene00169630.,0,0,0
WBGene00169631.,0,0,0
WBGene00169632.,0,0,0
WBGene00169633.,0,0,0
WBGene00169634.,0,0,0
WBGene00169635.,0,0,0
WBGene00169636.,0,0,0
WBGene00169637.,0,0,0
WBGene00169638.,0,1,1
WBGene00169639.,0,0,0
WBGene00169640.,0,1,1
WBGene00169641.,0,0,0
WBGene00169642.,0,0,0
WBGene00169643.,0,0,0
WBGene00169644.,0,0,0
WBGene00169645.,0,5,5
WBGene00169646.,0,0,0
WBGene00169647.,0,1,1
WBGene00169648.,0,0,0
WBGene00169649.,0,0,0
WBGene00169650.,0,17,17
WBGene00169651.,0,0,0
WBGene00169652.,0,0,0
WBGene00169653.,0,0,0
WBGene00169654.,0,0,0
WBGene00169655.,0,0,0
WBGene00169656.,0,0,0
WBGene00169657.,0,0,0
WBGene00169658.,0,0,0
WBGene00169659.,0,0,0
WBGene00169660.,0,0,0
WBGene00169661.,0,0,0
WBGene00169662.,0,1,1
WBGene00169663.,0,0,0
WBGene00169664.,0,0,0
WBGene00169665.,0,0,0
WBGene00169666.,0,0,0
WBGene00169667.,0,0,0
WBGene00169668.,0,0,0
WBGene00169669.,0,0,0
WBGene00169670.,0,0,0
WBGene00169671.,0,0,0
WBGene00169672.,0,0,0
WBGene00169673.,0,0,0
WBGene00169674.,0,0,0
WBGene00169675.,0,0,0
WBGene00169676.,0,0,0
WBGene00169677.,0,3,3
WBGene00169678.,0,1,1
WBGene00169679.,0,0,0
WBGene00169680.,0,0,0
WBGene00169681.,0,9,9
WBGene00169682.,0,0,0
WBGene00169683.,0,0,0
WBGene00169684.,0,0,0
WBGene00169685.,0,1,1
WBGene00169686.,0,0,0
WBGene00169687.,0,0,0
WBGene00169688.,0,0,0
WBGene00169689.,0,0,0
WBGene00169690.,0,0,0
WBGene00169691.,0,2,2
WBGene00169692.,0,0,0
WBGene00169693.,0,0,0
WBGene00169694.,0,1,1
WBGene00169695.,0,4,4
WBGene00169696.,0,1,1
WBGene00169697.,0,0,0
WBGene00169698.,0,1,1
WBGene00169699.,0,3,3
WBGene00169700.,0,4,4
WBGene00169701.,0,0,0
WBGene00169702.,0,0,0
WBGene00169703.,0,0,0
WBGene00169704.,0,0,0
WBGene00169705.,0,0,0
WBGene00169706.,0,0,0
WBGene00169707.,0,0,0
WBGene00169708.,0,0,0
WBGene00169709.,0,0,0
WBGene00169710.,0,0,0
WBGene00169711.,0,0,0
WBGene00169712.,0,0,0
WBGene00169713.,0,0,0
WBGene00169714.,0,0,0
WBGene00169715.,0,0,0
WBGene00169716.,0,0,0
WBGene00169717.,0,1,1
WBGene00169718.,0,0,0
WBGene00169719.,0,0,0
WBGene00169720.,0,0,0
WBGene00169721.,0,0,0
WBGene00169722.,0,0,0
WBGene00169723.,0,0,0
WBGene00169724.,0,0,0
WBGene00169725.,0,1,1
WBGene00169726.,0,0,0
WBGene00169727.,0,0,0
WBGene00169728.,0,4,4
WBGene00169729.,0,1,1
WBGene00169730.,0,0,0
WBGene00169731.,0,0,0
WBGene00169732.,0,0,0
WBGene00169733.,0,0,0
WBGene00169734.,0,0,0
WBGene00169735.,0,0,0
WBGene00169736.,0,1,1
WBGene00169737.,0,0,0
WBGene00169738.,0,0,0
WBGene00169739.,0,0,0
WBGene00169740.,0,0,0
WBGene00169741.,0,0,0
WBGene00169742.,0,0,0
WBGene00169743.,0,0,0
WBGene00169744.,0,0,0
WBGene00169745.,0,0,0
WBGene00169746.,0,0,0
WBGene00169747.,0,0,0
WBGene00169748.,0,0,0
WBGene00169749.,0,0,0
WBGene00169750.,0,0,0
WBGene00169751.,0,0,0
WBGene00169752.,0,0,0
WBGene00169753.,0,0,0
WBGene00169754.,0,0,0
WBGene00169755.,0,1,1
WBGene00169756.,0,0,0
WBGene00169757.,0,0,0
WBGene00169758.,0,0,0
WBGene00169759.,0,0,0
WBGene00169760.,0,0,0
WBGene00169761.,0,0,0
WBGene00169762.,0,0,0
WBGene00169763.,0,3,3
WBGene00169764.,0,0,0
WBGene00169765.,0,0,0
WBGene00169766.,0,0,0
WBGene00169767.,0,0,0
WBGene00169768.,0,0,0
WBGene00169769.,0,0,0
WBGene00169770.,0,0,0
WBGene00169771.,0,0,0
WBGene00169772.,0,0,0
WBGene00169773.,0,0,0
WBGene00169774.,0,0,0
WBGene00169775.,0,0,0
WBGene00169776.,0,0,0
WBGene00169777.,0,0,0
WBGene00169778.,0,0,0
WBGene00169779.,0,0,0
WBGene00169780.,0,0,0
WBGene00169781.,0,1,1
WBGene00169782.,0,0,0
WBGene00169783.,0,0,0
WBGene00169784.,0,1,1
WBGene00169785.,0,0,0
WBGene00169786.,0,0,0
WBGene00169787.,0,0,0
WBGene00169788.,0,1,1
WBGene00169789.,0,0,0
WBGene00169790.,0,0,0
WBGene00169791.,0,0,0
WBGene00169792.,0,0,0
WBGene00169793.,0,0,0
WBGene00169794.,0,0,0
WBGene00169795.,0,0,0
WBGene00169796.,0,1,1
WBGene00169797.,0,0,0
WBGene00169798.,0,0,0
WBGene00169799.,0,7,7
WBGene00169800.,0,6,6
WBGene00169801.,0,0,0
WBGene00169802.,0,6,6
WBGene00169803.,0,0,0
WBGene00169804.,0,0,0
WBGene00169805.,0,0,0
WBGene00169806.,0,0,0
WBGene00169807.,0,0,0
WBGene00169808.,0,0,0
WBGene00169809.,0,0,0
WBGene00169810.,0,0,0
WBGene00169811.,0,0,0
WBGene00169812.,0,0,0
WBGene00169813.,0,0,0
WBGene00169814.,0,0,0
WBGene00169815.,0,0,0
WBGene00169816.,0,0,0
WBGene00169817.,0,0,0
WBGene00169818.,0,0,0
WBGene00169819.,0,8,8
WBGene00169820.,0,0,0
WBGene00169821.,0,0,0
WBGene00169822.,0,0,0
WBGene00169823.,0,0,0
WBGene00169824.,0,0,0
WBGene00169825.,0,8,8
WBGene00169826.,0,0,0
WBGene00169827.,0,0,0
WBGene00169828.,0,0,0
WBGene00169829.,0,0,0
WBGene00169830.,0,0,0
WBGene00169831.,0,0,0
WBGene00169832.,0,2,2
WBGene00169833.,0,0,0
WBGene00169834.,0,0,0
WBGene00169835.,0,0,0
WBGene00169836.,0,0,0
WBGene00169837.,0,1,1
WBGene00169838.,0,49,49
WBGene00169839.,0,0,0
WBGene00169840.,0,0,0
WBGene00169841.,0,0,0
WBGene00169842.,0,0,0
WBGene00169843.,0,0,0
WBGene00169844.,0,0,0
WBGene00169845.,0,0,0
WBGene00169846.,0,0,0
WBGene00169847.,0,0,0
WBGene00169848.,0,0,0
WBGene00169849.,0,0,0
WBGene00169850.,0,0,0
WBGene00169851.,0,0,0
WBGene00169852.,0,0,0
WBGene00169853.,0,0,0
WBGene00169854.,0,0,0
WBGene00169855.,0,0,0
WBGene00169856.,0,0,0
WBGene00169857.,0,0,0
WBGene00169858.,0,0,0
WBGene00169859.,0,0,0
WBGene00169860.,0,0,0
WBGene00169861.,0,0,0
WBGene00169862.,0,0,0
WBGene00169863.,0,0,0
WBGene00169864.,0,0,0
WBGene00169865.,0,0,0
WBGene00169866.,0,0,0
WBGene00169867.,0,1,1
WBGene00169868.,0,0,0
WBGene00169869.,0,0,0
WBGene00169870.,0,0,0
WBGene00169871.,0,0,0
WBGene00169872.,0,0,0
WBGene00169873.,0,0,0
WBGene00169874.,0,0,0
WBGene00169875.,0,0,0
WBGene00169876.,0,0,0
WBGene00169877.,0,0,0
WBGene00169878.,0,0,0
WBGene00169879.,0,0,0
WBGene00169880.,0,15,15
WBGene00169881.,0,0,0
WBGene00169882.,0,0,0
WBGene00169883.,0,0,0
WBGene00169884.,0,0,0
WBGene00169885.,0,0,0
WBGene00169886.,0,0,0
WBGene00169887.,0,0,0
WBGene00169888.,0,0,0
WBGene00169889.,0,0,0
WBGene00169890.,0,0,0
WBGene00169891.,0,0,0
WBGene00169892.,0,0,0
WBGene00169893.,0,0,0
WBGene00169894.,0,16,16
WBGene00169895.,0,0,0
WBGene00169896.,0,0,0
WBGene00169897.,0,1,1
WBGene00169898.,0,0,0
WBGene00169899.,0,0,0
WBGene00169900.,0,0,0
WBGene00169901.,0,0,0
WBGene00169902.,0,0,0
WBGene00169903.,0,0,0
WBGene00169904.,0,0,0
WBGene00169905.,0,0,0
WBGene00169906.,0,1,1
WBGene00169907.,0,0,0
WBGene00169908.,0,0,0
WBGene00169909.,0,0,0
WBGene00169910.,0,0,0
WBGene00169911.,0,0,0
WBGene00169912.,0,0,0
WBGene00169913.,0,0,0
WBGene00169914.,0,0,0
WBGene00169915.,0,0,0
WBGene00169916.,0,0,0
WBGene00169917.,0,0,0
WBGene00169918.,0,0,0
WBGene00169919.,0,0,0
WBGene00169920.,0,0,0
WBGene00169921.,0,0,0
WBGene00169922.,0,0,0
WBGene00169923.,0,0,0
WBGene00169924.,0,0,0
WBGene00169925.,0,0,0
WBGene00169926.,0,0,0
WBGene00169927.,0,0,0
WBGene00169928.,0,12,12
WBGene00169929.,0,1,1
WBGene00169930.,0,0,0
WBGene00169931.,0,0,0
WBGene00169932.,0,0,0
WBGene00169933.,0,0,0
WBGene00169934.,0,0,0
WBGene00169935.,0,0,0
WBGene00169936.,0,0,0
WBGene00169937.,0,4,4
WBGene00169938.,0,0,0
WBGene00169939.,0,0,0
WBGene00169940.,0,0,0
WBGene00169941.,0,0,0
WBGene00169942.,0,6,6
WBGene00169943.,0,0,0
WBGene00169944.,0,0,0
WBGene00169946.,0,0,0
WBGene00169947.,0,0,0
WBGene00169948.,0,0,0
WBGene00169949.,0,0,0
WBGene00169950.,0,0,0
WBGene00169951.,0,0,0
WBGene00169952.,0,0,0
WBGene00169953.,0,0,0
WBGene00169954.,0,0,0
WBGene00169955.,0,0,0
WBGene00169956.,0,0,0
WBGene00169957.,0,0,0
WBGene00169958.,0,0,0
WBGene00169959.,0,0,0
WBGene00169960.,0,0,0
WBGene00169961.,0,0,0
WBGene00169962.,0,0,0
WBGene00169963.,0,0,0
WBGene00169964.,0,0,0
WBGene00169965.,0,0,0
WBGene00169966.,0,0,0
WBGene00169967.,0,0,0
WBGene00169968.,0,0,0
WBGene00169969.,0,0,0
WBGene00169970.,0,0,0
WBGene00169971.,0,0,0
WBGene00169972.,0,2,2
WBGene00169973.,0,0,0
WBGene00169974.,0,0,0
WBGene00169975.,0,0,0
WBGene00169976.,0,0,0
WBGene00169977.,0,0,0
WBGene00169978.,0,0,0
WBGene00169979.,0,174,174
WBGene00169980.,0,0,0
WBGene00169981.,0,0,0
WBGene00169982.,0,0,0
WBGene00169983.,0,3,3
WBGene00169984.,0,0,0
WBGene00169985.,0,0,0
WBGene00169986.,0,0,0
WBGene00169987.,0,1,1
WBGene00169988.,0,0,0
WBGene00169989.,0,0,0
WBGene00169990.,0,2,2
WBGene00169991.,0,0,0
WBGene00169992.,0,0,0
WBGene00169993.,0,0,0
WBGene00169994.,0,1,1
WBGene00169995.,0,0,0
WBGene00169996.,0,0,0
WBGene00169997.,0,0,0
WBGene00169998.,0,2,2
WBGene00169999.,0,0,0
WBGene00170000.,0,0,0
WBGene00170001.,0,0,0
WBGene00170002.,0,1,1
WBGene00170003.,0,0,0
WBGene00170004.,0,0,0
WBGene00170005.,0,0,0
WBGene00170006.,0,0,0
WBGene00170007.,0,0,0
WBGene00170008.,0,0,0
WBGene00170009.,0,4,4
WBGene00170010.,0,1,1
WBGene00170011.,0,0,0
WBGene00170012.,0,0,0
WBGene00170013.,0,0,0
WBGene00170014.,0,1,1
WBGene00170015.,0,0,0
WBGene00170016.,0,0,0
WBGene00170017.,0,0,0
WBGene00170018.,0,0,0
WBGene00170019.,0,0,0
WBGene00170020.,0,0,0
WBGene00170021.,0,0,0
WBGene00170022.,0,0,0
WBGene00170023.,0,0,0
WBGene00170024.,0,0,0
WBGene00170025.,0,0,0
WBGene00170026.,0,0,0
WBGene00170027.,0,0,0
WBGene00170028.,0,0,0
WBGene00170029.,0,0,0
WBGene00170030.,0,0,0
WBGene00170031.,0,2,2
WBGene00170032.,0,0,0
WBGene00170033.,0,0,0
WBGene00170034.,0,39,39
WBGene00170035.,0,0,0
WBGene00170036.,0,0,0
WBGene00170037.,0,1,1
WBGene00170038.,0,0,0
WBGene00170039.,0,0,0
WBGene00170040.,0,0,0
WBGene00170041.,0,11,11
WBGene00170042.,0,0,0
WBGene00170043.,0,0,0
WBGene00170044.,0,0,0
WBGene00170045.,0,7,7
WBGene00170046.,0,0,0
WBGene00170047.,0,0,0
WBGene00170048.,0,0,0
WBGene00170049.,0,0,0
WBGene00170050.,0,6,6
WBGene00170051.,0,0,0
WBGene00170052.,0,0,0
WBGene00170053.,0,0,0
WBGene00170054.,0,0,0
WBGene00170055.,0,0,0
WBGene00170056.,0,0,0
WBGene00170057.,0,0,0
WBGene00170058.,0,0,0
WBGene00170059.,0,0,0
WBGene00170060.,0,0,0
WBGene00170061.,0,0,0
WBGene00170062.,0,2,2
WBGene00170063.,0,0,0
WBGene00170064.,0,0,0
WBGene00170065.,0,0,0
WBGene00170066.,0,0,0
WBGene00170067.,0,1,1
WBGene00170068.,0,0,0
WBGene00170069.,0,0,0
WBGene00170070.,0,0,0
WBGene00170071.,0,0,0
WBGene00170072.,0,0,0
WBGene00170073.,0,4,4
WBGene00170074.,0,0,0
WBGene00170075.,0,0,0
WBGene00170076.,0,0,0
WBGene00170077.,0,0,0
WBGene00170078.,0,2,2
WBGene00170079.,0,0,0
WBGene00170080.,0,0,0
WBGene00170081.,0,0,0
WBGene00170082.,0,0,0
WBGene00170083.,0,0,0
WBGene00170084.,0,0,0
WBGene00170085.,0,0,0
WBGene00170086.,0,0,0
WBGene00170087.,0,5,5
WBGene00170088.,0,1,1
WBGene00170089.,0,1,1
WBGene00170090.,0,4,4
WBGene00170091.,0,0,0
WBGene00170092.,0,2,2
WBGene00170093.,0,1,1
WBGene00170094.,0,0,0
WBGene00170095.,0,1,1
WBGene00170096.,0,1,1
WBGene00170097.,0,0,0
WBGene00170098.,0,0,0
WBGene00170099.,0,0,0
WBGene00170100.,0,0,0
WBGene00170101.,0,0,0
WBGene00170102.,0,0,0
WBGene00170103.,0,0,0
WBGene00170104.,0,0,0
WBGene00170105.,0,8,8
WBGene00170106.,0,0,0
WBGene00170107.,0,0,0
WBGene00170108.,0,0,0
WBGene00170109.,0,0,0
WBGene00170110.,0,0,0
WBGene00170111.,0,1,1
WBGene00170112.,0,1,1
WBGene00170113.,0,0,0
WBGene00170114.,0,0,0
WBGene00170115.,0,0,0
WBGene00170116.,0,0,0
WBGene00170117.,0,0,0
WBGene00170118.,0,0,0
WBGene00170119.,0,0,0
WBGene00170120.,0,7,7
WBGene00170121.,0,0,0
WBGene00170122.,0,0,0
WBGene00170123.,0,0,0
WBGene00170124.,0,0,0
WBGene00170125.,0,0,0
WBGene00170126.,0,0,0
WBGene00170127.,0,0,0
WBGene00170128.,0,0,0
WBGene00170129.,0,0,0
WBGene00170130.,0,0,0
WBGene00170131.,0,0,0
WBGene00170132.,0,8,8
WBGene00170133.,0,0,0
WBGene00170134.,0,0,0
WBGene00170135.,0,0,0
WBGene00170136.,0,0,0
WBGene00170137.,0,0,0
WBGene00170138.,0,1,1
WBGene00170139.,0,0,0
WBGene00170140.,0,0,0
WBGene00170141.,0,0,0
WBGene00170142.,0,0,0
WBGene00170143.,0,0,0
WBGene00170144.,0,0,0
WBGene00170145.,0,0,0
WBGene00170146.,0,0,0
WBGene00170147.,0,0,0
WBGene00170148.,0,0,0
WBGene00170149.,0,0,0
WBGene00170150.,0,0,0
WBGene00170151.,0,0,0
WBGene00170152.,0,0,0
WBGene00170153.,0,0,0
WBGene00170154.,0,0,0
WBGene00170155.,0,0,0
WBGene00170156.,0,0,0
WBGene00170157.,0,0,0
WBGene00170158.,0,6,6
WBGene00170159.,0,0,0
WBGene00170160.,0,0,0
WBGene00170161.,0,0,0
WBGene00170162.,0,0,0
WBGene00170163.,0,0,0
WBGene00170164.,0,1,1
WBGene00170165.,0,0,0
WBGene00170166.,0,0,0
WBGene00170167.,0,0,0
WBGene00170168.,0,0,0
WBGene00170169.,0,0,0
WBGene00170170.,0,0,0
WBGene00170171.,0,0,0
WBGene00170172.,0,0,0
WBGene00170173.,0,0,0
WBGene00170174.,0,0,0
WBGene00170175.,0,0,0
WBGene00170176.,0,0,0
WBGene00170177.,0,0,0
WBGene00170178.,0,7,7
WBGene00170179.,0,0,0
WBGene00170180.,0,0,0
WBGene00170181.,0,0,0
WBGene00170182.,0,0,0
WBGene00170183.,0,0,0
WBGene00170184.,0,0,0
WBGene00170185.,0,1,1
WBGene00170186.,0,0,0
WBGene00170187.,0,0,0
WBGene00170188.,0,1,1
WBGene00170189.,0,0,0
WBGene00170190.,0,0,0
WBGene00170191.,0,0,0
WBGene00170192.,0,0,0
WBGene00170193.,0,0,0
WBGene00170194.,0,1,1
WBGene00170195.,0,0,0
WBGene00170196.,0,0,0
WBGene00170197.,0,0,0
WBGene00170198.,0,0,0
WBGene00170199.,0,0,0
WBGene00170200.,0,0,0
WBGene00170201.,0,3,3
WBGene00170202.,0,0,0
WBGene00170203.,0,0,0
WBGene00170204.,0,0,0
WBGene00170205.,0,0,0
WBGene00170206.,0,0,0
WBGene00170207.,0,1,1
WBGene00170208.,0,0,0
WBGene00170209.,0,0,0
WBGene00170210.,0,0,0
WBGene00170211.,0,0,0
WBGene00170212.,0,3,3
WBGene00170213.,0,0,0
WBGene00170214.,0,0,0
WBGene00170215.,0,0,0
WBGene00170216.,0,0,0
WBGene00170217.,0,0,0
WBGene00170218.,0,0,0
WBGene00170219.,0,0,0
WBGene00170220.,0,0,0
WBGene00170221.,0,0,0
WBGene00170222.,0,0,0
WBGene00170223.,0,0,0
WBGene00170224.,0,6,6
WBGene00170225.,0,0,0
WBGene00170226.,0,0,0
WBGene00170227.,0,0,0
WBGene00170228.,0,0,0
WBGene00170229.,0,0,0
WBGene00170230.,0,0,0
WBGene00170231.,0,0,0
WBGene00170232.,0,0,0
WBGene00170233.,0,0,0
WBGene00170234.,0,0,0
WBGene00170235.,0,0,0
WBGene00170236.,0,0,0
WBGene00170237.,0,4,4
WBGene00170238.,0,0,0
WBGene00170239.,0,0,0
WBGene00170240.,0,0,0
WBGene00170241.,0,0,0
WBGene00170242.,0,0,0
WBGene00170243.,0,0,0
WBGene00170244.,0,0,0
WBGene00170245.,0,0,0
WBGene00170246.,0,1,1
WBGene00170247.,0,1,1
WBGene00170248.,0,2,2
WBGene00170249.,0,0,0
WBGene00170250.,0,0,0
WBGene00170251.,0,0,0
WBGene00170252.,0,0,0
WBGene00170253.,0,0,0
WBGene00170254.,0,1,1
WBGene00170255.,0,0,0
WBGene00170256.,0,0,0
WBGene00170257.,0,0,0
WBGene00170258.,0,0,0
WBGene00170259.,0,0,0
WBGene00170260.,0,0,0
WBGene00170261.,0,0,0
WBGene00170262.,0,0,0
WBGene00170263.,0,0,0
WBGene00170264.,0,0,0
WBGene00170265.,0,0,0
WBGene00170266.,0,12,12
WBGene00170267.,0,0,0
WBGene00170268.,0,0,0
WBGene00170269.,0,0,0
WBGene00170270.,0,0,0
WBGene00170271.,0,0,0
WBGene00170272.,0,0,0
WBGene00170273.,0,0,0
WBGene00170274.,0,0,0
WBGene00170275.,0,0,0
WBGene00170276.,0,0,0
WBGene00170277.,0,0,0
WBGene00170278.,0,0,0
WBGene00170279.,0,0,0
WBGene00170280.,0,0,0
WBGene00170281.,0,0,0
WBGene00170282.,0,1,1
WBGene00170283.,0,0,0
WBGene00170284.,0,0,0
WBGene00170285.,0,0,0
WBGene00170286.,0,0,0
WBGene00170287.,0,0,0
WBGene00170288.,0,0,0
WBGene00170289.,0,1,1
WBGene00170290.,0,0,0
WBGene00170291.,0,1,1
WBGene00170292.,0,0,0
WBGene00170293.,0,0,0
WBGene00170294.,0,0,0
WBGene00170295.,0,2,2
WBGene00170296.,0,0,0
WBGene00170297.,0,0,0
WBGene00170298.,0,0,0
WBGene00170299.,0,0,0
WBGene00170300.,0,0,0
WBGene00170301.,0,0,0
WBGene00170302.,0,0,0
WBGene00170303.,0,2,2
WBGene00170304.,0,0,0
WBGene00170305.,0,0,0
WBGene00170306.,0,0,0
WBGene00170307.,0,0,0
WBGene00170308.,0,0,0
WBGene00170309.,0,0,0
WBGene00170310.,0,0,0
WBGene00170311.,0,0,0
WBGene00170312.,0,0,0
WBGene00170313.,0,0,0
WBGene00170314.,0,0,0
WBGene00170315.,0,0,0
WBGene00170316.,0,0,0
WBGene00170317.,0,0,0
WBGene00170318.,0,0,0
WBGene00170319.,0,0,0
WBGene00170320.,0,0,0
WBGene00170321.,0,3,3
WBGene00170322.,0,0,0
WBGene00170323.,0,0,0
WBGene00170324.,0,0,0
WBGene00170325.,0,0,0
WBGene00170326.,0,0,0
WBGene00170327.,0,0,0
WBGene00170328.,0,0,0
WBGene00170329.,0,0,0
WBGene00170330.,0,0,0
WBGene00170331.,0,0,0
WBGene00170332.,0,0,0
WBGene00170333.,0,0,0
WBGene00170334.,0,0,0
WBGene00170335.,0,0,0
WBGene00170336.,0,0,0
WBGene00170337.,0,0,0
WBGene00170338.,0,0,0
WBGene00170339.,0,0,0
WBGene00170340.,0,0,0
WBGene00170341.,0,2,2
WBGene00170342.,0,0,0
WBGene00170343.,0,0,0
WBGene00170344.,0,0,0
WBGene00170345.,0,0,0
WBGene00170346.,0,8,8
WBGene00170347.,0,0,0
WBGene00170348.,0,0,0
WBGene00170349.,0,0,0
WBGene00170350.,0,2,2
WBGene00170351.,0,0,0
WBGene00170352.,0,0,0
WBGene00170353.,0,0,0
WBGene00170354.,0,0,0
WBGene00170355.,0,0,0
WBGene00170356.,0,0,0
WBGene00170357.,0,0,0
WBGene00170358.,0,0,0
WBGene00170359.,0,0,0
WBGene00170360.,0,0,0
WBGene00170361.,0,0,0
WBGene00170362.,0,0,0
WBGene00170363.,0,0,0
WBGene00170364.,0,0,0
WBGene00170365.,0,2,2
WBGene00170366.,0,0,0
WBGene00170367.,0,1,1
WBGene00170368.,0,1,1
WBGene00170369.,0,0,0
WBGene00170370.,0,0,0
WBGene00170371.,0,0,0
WBGene00170372.,0,0,0
WBGene00170373.,0,0,0
WBGene00170374.,0,0,0
WBGene00170375.,0,1,1
WBGene00170376.,0,0,0
WBGene00170377.,0,0,0
WBGene00170378.,0,0,0
WBGene00170379.,0,0,0
WBGene00170380.,0,1,1
WBGene00170381.,0,6,6
WBGene00170382.,0,0,0
WBGene00170383.,0,0,0
WBGene00170384.,0,0,0
WBGene00170385.,0,0,0
WBGene00170386.,0,0,0
WBGene00170387.,0,0,0
WBGene00170388.,0,0,0
WBGene00170389.,0,0,0
WBGene00170390.,0,0,0
WBGene00170391.,0,0,0
WBGene00170392.,0,0,0
WBGene00170393.,0,2,2
WBGene00170394.,0,0,0
WBGene00170395.,0,0,0
WBGene00170396.,0,0,0
WBGene00170397.,0,0,0
WBGene00170398.,0,0,0
WBGene00170399.,0,0,0
WBGene00170400.,0,0,0
WBGene00170401.,0,0,0
WBGene00170402.,0,0,0
WBGene00170403.,0,0,0
WBGene00170404.,0,0,0
WBGene00170405.,0,0,0
WBGene00170406.,0,1,1
WBGene00170407.,0,0,0
WBGene00170408.,0,0,0
WBGene00170409.,0,0,0
WBGene00170410.,0,0,0
WBGene00170411.,0,0,0
WBGene00170412.,0,0,0
WBGene00170413.,0,0,0
WBGene00170414.,0,0,0
WBGene00170415.,0,0,0
WBGene00170416.,0,0,0
WBGene00170417.,0,1,1
WBGene00170418.,0,2,2
WBGene00170419.,0,0,0
WBGene00170420.,0,0,0
WBGene00170421.,0,0,0
WBGene00170422.,0,0,0
WBGene00170423.,0,0,0
WBGene00170424.,0,0,0
WBGene00170425.,0,2,2
WBGene00170426.,0,0,0
WBGene00170427.,0,0,0
WBGene00170428.,0,0,0
WBGene00170429.,0,6,6
WBGene00170430.,0,0,0
WBGene00170431.,0,0,0
WBGene00170432.,0,1,1
WBGene00170433.,0,0,0
WBGene00170434.,0,0,0
WBGene00170435.,0,0,0
WBGene00170436.,0,0,0
WBGene00170437.,0,0,0
WBGene00170438.,0,0,0
WBGene00170439.,0,0,0
WBGene00170440.,0,0,0
WBGene00170441.,0,0,0
WBGene00170442.,0,2,2
WBGene00170443.,0,0,0
WBGene00170444.,0,0,0
WBGene00170445.,0,1,1
WBGene00170446.,0,0,0
WBGene00170447.,0,0,0
WBGene00170448.,0,16,16
WBGene00170449.,0,0,0
WBGene00170450.,0,0,0
WBGene00170451.,0,0,0
WBGene00170452.,0,0,0
WBGene00170453.,0,0,0
WBGene00170454.,0,0,0
WBGene00170455.,0,0,0
WBGene00170456.,0,0,0
WBGene00170457.,0,0,0
WBGene00170458.,0,0,0
WBGene00170459.,0,0,0
WBGene00170460.,0,5,5
WBGene00170461.,0,0,0
WBGene00170462.,0,0,0
WBGene00170463.,0,0,0
WBGene00170464.,0,0,0
WBGene00170465.,0,0,0
WBGene00170466.,0,0,0
WBGene00170467.,0,0,0
WBGene00170468.,0,0,0
WBGene00170469.,0,0,0
WBGene00170470.,0,0,0
WBGene00170471.,0,0,0
WBGene00170472.,0,0,0
WBGene00170473.,0,0,0
WBGene00170474.,0,0,0
WBGene00170475.,0,0,0
WBGene00170476.,0,0,0
WBGene00170477.,0,0,0
WBGene00170478.,0,0,0
WBGene00170479.,0,0,0
WBGene00170480.,0,0,0
WBGene00170481.,0,0,0
WBGene00170482.,0,0,0
WBGene00170483.,0,0,0
WBGene00170484.,0,0,0
WBGene00170485.,0,0,0
WBGene00170486.,0,0,0
WBGene00170487.,0,2,2
WBGene00170488.,0,1,1
WBGene00170489.,0,0,0
WBGene00170490.,0,1,1
WBGene00170491.,0,0,0
WBGene00170492.,0,0,0
WBGene00170493.,0,10,10
WBGene00170494.,0,0,0
WBGene00170495.,0,0,0
WBGene00170496.,0,0,0
WBGene00170497.,0,0,0
WBGene00170498.,0,0,0
WBGene00170499.,0,0,0
WBGene00170500.,0,0,0
WBGene00170501.,0,0,0
WBGene00170502.,0,0,0
WBGene00170503.,0,0,0
WBGene00170504.,0,0,0
WBGene00170505.,0,0,0
WBGene00170506.,0,0,0
WBGene00170507.,0,0,0
WBGene00170508.,0,0,0
WBGene00170509.,0,0,0
WBGene00170510.,0,0,0
WBGene00170511.,0,5,5
WBGene00170512.,0,0,0
WBGene00170513.,0,0,0
WBGene00170514.,0,0,0
WBGene00170515.,0,5,5
WBGene00170516.,0,0,0
WBGene00170517.,0,0,0
WBGene00170518.,0,0,0
WBGene00170519.,0,0,0
WBGene00170520.,0,0,0
WBGene00170521.,0,0,0
WBGene00170522.,0,0,0
WBGene00170523.,0,0,0
WBGene00170524.,0,0,0
WBGene00170525.,0,0,0
WBGene00170526.,0,0,0
WBGene00170527.,0,0,0
WBGene00170528.,0,0,0
WBGene00170529.,0,0,0
WBGene00170530.,0,0,0
WBGene00170531.,0,0,0
WBGene00170532.,0,0,0
WBGene00170533.,0,0,0
WBGene00170534.,0,0,0
WBGene00170535.,0,0,0
WBGene00170536.,0,0,0
WBGene00170537.,0,0,0
WBGene00170538.,0,0,0
WBGene00170539.,0,0,0
WBGene00170540.,0,1,1
WBGene00170541.,0,0,0
WBGene00170542.,0,0,0
WBGene00170543.,0,0,0
WBGene00170544.,0,0,0
WBGene00170545.,0,0,0
WBGene00170546.,0,0,0
WBGene00170547.,0,0,0
WBGene00170548.,0,1,1
WBGene00170549.,0,0,0
WBGene00170550.,0,0,0
WBGene00170551.,0,0,0
WBGene00170552.,0,0,0
WBGene00170553.,0,1,1
WBGene00170554.,0,0,0
WBGene00170555.,0,0,0
WBGene00170556.,0,0,0
WBGene00170557.,0,0,0
WBGene00170558.,0,0,0
WBGene00170559.,0,0,0
WBGene00170560.,0,0,0
WBGene00170561.,0,0,0
WBGene00170562.,0,0,0
WBGene00170563.,0,0,0
WBGene00170564.,0,0,0
WBGene00170565.,0,0,0
WBGene00170566.,0,0,0
WBGene00170567.,0,0,0
WBGene00170568.,0,0,0
WBGene00170569.,0,0,0
WBGene00170570.,0,0,0
WBGene00170571.,0,0,0
WBGene00170572.,0,0,0
WBGene00170573.,0,0,0
WBGene00170574.,0,0,0
WBGene00170575.,0,0,0
WBGene00170576.,0,0,0
WBGene00170577.,0,0,0
WBGene00170578.,0,0,0
WBGene00170579.,0,1,1
WBGene00170580.,0,0,0
WBGene00170581.,0,0,0
WBGene00170582.,0,3,3
WBGene00170583.,0,0,0
WBGene00170584.,0,0,0
WBGene00170585.,0,0,0
WBGene00170586.,0,0,0
WBGene00170587.,0,2,2
WBGene00170588.,0,0,0
WBGene00170589.,0,0,0
WBGene00170590.,0,0,0
WBGene00170591.,0,4,4
WBGene00170592.,0,0,0
WBGene00170593.,0,0,0
WBGene00170594.,0,0,0
WBGene00170595.,0,0,0
WBGene00170596.,0,0,0
WBGene00170597.,0,0,0
WBGene00170598.,0,0,0
WBGene00170599.,0,0,0
WBGene00170600.,0,4,4
WBGene00170601.,0,0,0
WBGene00170602.,0,0,0
WBGene00170603.,0,0,0
WBGene00170604.,0,0,0
WBGene00170605.,0,0,0
WBGene00170606.,0,0,0
WBGene00170607.,0,0,0
WBGene00170608.,0,0,0
WBGene00170609.,0,0,0
WBGene00170610.,0,0,0
WBGene00170611.,0,2,2
WBGene00170612.,0,0,0
WBGene00170613.,0,0,0
WBGene00170614.,0,0,0
WBGene00170615.,0,0,0
WBGene00170616.,0,0,0
WBGene00170617.,0,0,0
WBGene00170618.,0,0,0
WBGene00170619.,0,0,0
WBGene00170620.,0,0,0
WBGene00170621.,0,0,0
WBGene00170622.,0,0,0
WBGene00170623.,0,0,0
WBGene00170624.,0,0,0
WBGene00170625.,0,0,0
WBGene00170626.,0,0,0
WBGene00170627.,0,0,0
WBGene00170628.,0,0,0
WBGene00170629.,0,0,0
WBGene00170630.,0,0,0
WBGene00170631.,0,0,0
WBGene00170632.,0,0,0
WBGene00170633.,0,114,114
WBGene00170634.,0,0,0
WBGene00170635.,0,0,0
WBGene00170636.,0,0,0
WBGene00170637.,0,0,0
WBGene00170638.,0,2,2
WBGene00170639.,0,0,0
WBGene00170640.,0,0,0
WBGene00170641.,0,0,0
WBGene00170642.,0,3,3
WBGene00170643.,0,0,0
WBGene00170644.,0,0,0
WBGene00170645.,0,0,0
WBGene00170646.,0,0,0
WBGene00170647.,0,2,2
WBGene00170648.,0,0,0
WBGene00170649.,0,0,0
WBGene00170650.,0,0,0
WBGene00170651.,0,0,0
WBGene00170652.,0,0,0
WBGene00170653.,0,0,0
WBGene00170654.,0,0,0
WBGene00170655.,0,0,0
WBGene00170656.,0,0,0
WBGene00170657.,0,0,0
WBGene00170658.,0,0,0
WBGene00170659.,0,0,0
WBGene00170660.,0,0,0
WBGene00170661.,0,0,0
WBGene00170662.,0,0,0
WBGene00170663.,0,0,0
WBGene00170664.,0,1,1
WBGene00170665.,0,0,0
WBGene00170666.,0,0,0
WBGene00170667.,0,0,0
WBGene00170668.,0,0,0
WBGene00170669.,0,0,0
WBGene00170670.,0,0,0
WBGene00170671.,0,1,1
WBGene00170672.,0,0,0
WBGene00170673.,0,2,2
WBGene00170674.,0,2,2
WBGene00170675.,0,0,0
WBGene00170676.,0,0,0
WBGene00170677.,0,0,0
WBGene00170678.,0,0,0
WBGene00170679.,0,0,0
WBGene00170680.,0,1,1
WBGene00170681.,0,0,0
WBGene00170682.,0,0,0
WBGene00170683.,0,0,0
WBGene00170684.,0,0,0
WBGene00170685.,0,0,0
WBGene00170686.,0,1,1
WBGene00170687.,0,1,1
WBGene00170688.,0,8,8
WBGene00170689.,0,0,0
WBGene00170690.,0,0,0
WBGene00170691.,0,2,2
WBGene00170692.,0,0,0
WBGene00170693.,0,0,0
WBGene00170694.,0,0,0
WBGene00170695.,0,0,0
WBGene00170697.,0,1,1
WBGene00170698.,0,0,0
WBGene00170699.,0,0,0
WBGene00170700.,0,0,0
WBGene00170701.,0,0,0
WBGene00170702.,0,0,0
WBGene00170703.,0,0,0
WBGene00170704.,0,2,2
WBGene00170705.,0,0,0
WBGene00170706.,0,0,0
WBGene00170707.,0,0,0
WBGene00170708.,0,0,0
WBGene00170709.,0,0,0
WBGene00170710.,0,0,0
WBGene00170711.,0,0,0
WBGene00170712.,0,2,2
WBGene00170713.,0,0,0
WBGene00170714.,0,0,0
WBGene00170715.,0,0,0
WBGene00170716.,0,0,0
WBGene00170717.,0,0,0
WBGene00170718.,0,0,0
WBGene00170719.,0,0,0
WBGene00170720.,0,0,0
WBGene00170721.,0,0,0
WBGene00170722.,0,0,0
WBGene00170723.,0,0,0
WBGene00170724.,0,0,0
WBGene00170725.,0,0,0
WBGene00170726.,0,0,0
WBGene00170727.,0,0,0
WBGene00170728.,0,0,0
WBGene00170729.,0,1,1
WBGene00170730.,0,0,0
WBGene00170731.,0,0,0
WBGene00170732.,0,0,0
WBGene00170733.,0,0,0
WBGene00170734.,0,0,0
WBGene00170735.,0,0,0
WBGene00170736.,0,0,0
WBGene00170737.,0,0,0
WBGene00170738.,0,0,0
WBGene00170739.,0,0,0
WBGene00170740.,0,0,0
WBGene00170741.,0,0,0
WBGene00170742.,0,0,0
WBGene00170743.,0,1,1
WBGene00170744.,0,0,0
WBGene00170745.,0,0,0
WBGene00170746.,0,0,0
WBGene00170747.,0,0,0
WBGene00170748.,0,0,0
WBGene00170749.,0,0,0
WBGene00170750.,0,1,1
WBGene00170751.,0,0,0
WBGene00170752.,0,0,0
WBGene00170753.,0,0,0
WBGene00170754.,0,0,0
WBGene00170755.,0,0,0
WBGene00170756.,0,0,0
WBGene00170757.,0,0,0
WBGene00170758.,0,0,0
WBGene00170759.,0,0,0
WBGene00170760.,0,0,0
WBGene00170761.,0,0,0
WBGene00170762.,0,1,1
WBGene00170763.,0,0,0
WBGene00170764.,0,0,0
WBGene00170765.,0,0,0
WBGene00170766.,0,0,0
WBGene00170767.,0,0,0
WBGene00170768.,0,1,1
WBGene00170769.,0,0,0
WBGene00170770.,0,0,0
WBGene00170771.,0,0,0
WBGene00170772.,0,0,0
WBGene00170773.,0,0,0
WBGene00170774.,0,0,0
WBGene00170775.,0,0,0
WBGene00170776.,0,0,0
WBGene00170777.,0,0,0
WBGene00170778.,0,0,0
WBGene00170779.,0,0,0
WBGene00170780.,0,0,0
WBGene00170781.,0,0,0
WBGene00170782.,0,0,0
WBGene00170783.,0,0,0
WBGene00170784.,0,0,0
WBGene00170785.,0,0,0
WBGene00170786.,0,0,0
WBGene00170787.,0,0,0
WBGene00170788.,0,0,0
WBGene00170789.,0,0,0
WBGene00170790.,0,0,0
WBGene00170791.,0,0,0
WBGene00170792.,0,0,0
WBGene00170793.,0,0,0
WBGene00170794.,0,0,0
WBGene00170795.,0,4,4
WBGene00170796.,0,1,1
WBGene00170797.,0,0,0
WBGene00170798.,0,0,0
WBGene00170799.,0,0,0
WBGene00170800.,0,0,0
WBGene00170801.,0,0,0
WBGene00170802.,0,0,0
WBGene00170803.,0,0,0
WBGene00170804.,0,0,0
WBGene00170805.,0,1,1
WBGene00170806.,0,0,0
WBGene00170807.,0,0,0
WBGene00170808.,0,0,0
WBGene00170809.,0,0,0
WBGene00170810.,0,0,0
WBGene00170811.,0,1,1
WBGene00170812.,0,0,0
WBGene00170813.,0,0,0
WBGene00170814.,0,0,0
WBGene00170815.,0,0,0
WBGene00170816.,0,0,0
WBGene00170817.,0,0,0
WBGene00170818.,0,0,0
WBGene00170819.,0,0,0
WBGene00170820.,0,0,0
WBGene00170821.,0,0,0
WBGene00170822.,0,0,0
WBGene00170823.,0,0,0
WBGene00170824.,0,1,1
WBGene00170825.,0,0,0
WBGene00170826.,0,0,0
WBGene00170827.,0,0,0
WBGene00170828.,0,0,0
WBGene00170829.,0,0,0
WBGene00170830.,0,0,0
WBGene00170831.,0,0,0
WBGene00170832.,0,0,0
WBGene00170833.,0,1,1
WBGene00170834.,0,0,0
WBGene00170835.,0,19,19
WBGene00170836.,0,0,0
WBGene00170837.,0,0,0
WBGene00170838.,0,0,0
WBGene00170839.,0,0,0
WBGene00170840.,0,0,0
WBGene00170841.,0,0,0
WBGene00170842.,0,1,1
WBGene00170843.,0,0,0
WBGene00170844.,0,0,0
WBGene00170845.,0,0,0
WBGene00170846.,0,0,0
WBGene00170847.,0,0,0
WBGene00170848.,0,0,0
WBGene00170849.,0,0,0
WBGene00170850.,0,0,0
WBGene00170851.,0,0,0
WBGene00170852.,0,0,0
WBGene00170853.,0,0,0
WBGene00170854.,0,0,0
WBGene00170855.,0,0,0
WBGene00170856.,0,0,0
WBGene00170857.,0,0,0
WBGene00170858.,0,0,0
WBGene00170859.,0,0,0
WBGene00170860.,0,0,0
WBGene00170861.,0,0,0
WBGene00170862.,0,0,0
WBGene00170863.,0,2,2
WBGene00170864.,0,0,0
WBGene00170865.,0,0,0
WBGene00170866.,0,0,0
WBGene00170867.,0,0,0
WBGene00170868.,0,1,1
WBGene00170869.,0,0,0
WBGene00170870.,0,0,0
WBGene00170871.,0,0,0
WBGene00170872.,0,0,0
WBGene00170873.,0,1,1
WBGene00170874.,0,0,0
WBGene00170875.,0,0,0
WBGene00170876.,0,4,4
WBGene00170877.,0,0,0
WBGene00170878.,0,0,0
WBGene00170879.,0,0,0
WBGene00170880.,0,0,0
WBGene00170881.,0,0,0
WBGene00170882.,0,0,0
WBGene00170883.,0,0,0
WBGene00170884.,0,0,0
WBGene00170885.,0,0,0
WBGene00170886.,0,0,0
WBGene00170887.,0,1,1
WBGene00170888.,0,0,0
WBGene00170889.,0,0,0
WBGene00170890.,0,2,2
WBGene00170891.,0,0,0
WBGene00170892.,0,0,0
WBGene00170893.,0,0,0
WBGene00170894.,0,0,0
WBGene00170895.,0,0,0
WBGene00170896.,0,0,0
WBGene00170897.,0,0,0
WBGene00170898.,0,0,0
WBGene00170899.,0,0,0
WBGene00170900.,0,0,0
WBGene00170901.,0,0,0
WBGene00170902.,0,0,0
WBGene00170903.,0,0,0
WBGene00170904.,0,6,6
WBGene00170905.,0,0,0
WBGene00170906.,0,0,0
WBGene00170907.,0,0,0
WBGene00170908.,0,0,0
WBGene00170909.,0,0,0
WBGene00170910.,0,0,0
WBGene00170911.,0,0,0
WBGene00170912.,0,1,1
WBGene00170913.,0,0,0
WBGene00170914.,0,0,0
WBGene00170915.,0,1,1
WBGene00170916.,0,0,0
WBGene00170917.,0,0,0
WBGene00170918.,0,0,0
WBGene00170919.,0,0,0
WBGene00170920.,0,0,0
WBGene00170921.,0,0,0
WBGene00170922.,0,0,0
WBGene00170923.,0,0,0
WBGene00170924.,0,1,1
WBGene00170925.,0,0,0
WBGene00170926.,0,1,1
WBGene00170927.,0,0,0
WBGene00170928.,0,0,0
WBGene00170929.,0,0,0
WBGene00170930.,0,0,0
WBGene00170931.,0,0,0
WBGene00170932.,0,0,0
WBGene00170933.,0,0,0
WBGene00170934.,0,0,0
WBGene00170935.,0,0,0
WBGene00170936.,0,0,0
WBGene00170937.,0,0,0
WBGene00170938.,0,0,0
WBGene00170939.,0,0,0
WBGene00170940.,0,0,0
WBGene00170941.,0,0,0
WBGene00170942.,0,0,0
WBGene00170943.,0,0,0
WBGene00170944.,0,0,0
WBGene00170945.,0,0,0
WBGene00170946.,0,0,0
WBGene00170947.,0,0,0
WBGene00170948.,0,0,0
WBGene00170949.,0,0,0
WBGene00170950.,0,0,0
WBGene00170951.,0,29,29
WBGene00170952.,0,3,3
WBGene00170953.,0,0,0
WBGene00170954.,0,22,22
WBGene00170955.,0,0,0
WBGene00170956.,0,0,0
WBGene00170957.,0,0,0
WBGene00170958.,0,0,0
WBGene00170959.,0,0,0
WBGene00170960.,0,0,0
WBGene00170961.,0,0,0
WBGene00170962.,0,0,0
WBGene00170963.,0,0,0
WBGene00170964.,0,3,3
WBGene00170965.,0,7,7
WBGene00170966.,0,0,0
WBGene00170967.,0,0,0
WBGene00170968.,0,0,0
WBGene00170969.,0,0,0
WBGene00170970.,0,0,0
WBGene00170971.,0,0,0
WBGene00170972.,0,0,0
WBGene00170973.,0,0,0
WBGene00170974.,0,11,11
WBGene00170975.,0,2,2
WBGene00170976.,0,0,0
WBGene00170977.,0,1,1
WBGene00170978.,0,4,4
WBGene00170979.,0,0,0
WBGene00170980.,0,24,24
WBGene00170981.,0,0,0
WBGene00170982.,0,0,0
WBGene00170983.,0,1,1
WBGene00170984.,0,0,0
WBGene00170985.,0,0,0
WBGene00170986.,0,3,3
WBGene00170987.,0,0,0
WBGene00170988.,0,0,0
WBGene00170989.,0,0,0
WBGene00170990.,0,0,0
WBGene00170991.,0,0,0
WBGene00170992.,0,0,0
WBGene00170993.,0,0,0
WBGene00170994.,0,0,0
WBGene00170995.,0,0,0
WBGene00170996.,0,9,9
WBGene00170997.,0,0,0
WBGene00170998.,0,4,4
WBGene00170999.,0,0,0
WBGene00171000.,0,0,0
WBGene00171001.,0,1,1
WBGene00171002.,0,0,0
WBGene00171003.,0,0,0
WBGene00171004.,0,1,1
WBGene00171005.,0,4,4
WBGene00171006.,0,0,0
WBGene00171007.,0,0,0
WBGene00171008.,0,0,0
WBGene00171009.,0,2,2
WBGene00171010.,0,0,0
WBGene00171011.,0,0,0
WBGene00171012.,0,0,0
WBGene00171013.,0,0,0
WBGene00171014.,0,5,5
WBGene00171015.,0,0,0
WBGene00171016.,0,0,0
WBGene00171017.,0,0,0
WBGene00171018.,0,0,0
WBGene00171019.,0,0,0
WBGene00171020.,0,0,0
WBGene00171021.,0,0,0
WBGene00171022.,0,0,0
WBGene00171023.,0,0,0
WBGene00171024.,0,0,0
WBGene00171025.,0,0,0
WBGene00171026.,0,3,3
WBGene00171027.,0,0,0
WBGene00171028.,0,0,0
WBGene00171029.,0,8,8
WBGene00171030.,0,0,0
WBGene00171031.,0,0,0
WBGene00171032.,0,0,0
WBGene00171033.,0,0,0
WBGene00171034.,0,0,0
WBGene00171035.,0,0,0
WBGene00171036.,0,0,0
WBGene00171037.,0,0,0
WBGene00171038.,0,0,0
WBGene00171039.,0,0,0
WBGene00171040.,0,0,0
WBGene00171041.,0,15,15
WBGene00171042.,0,0,0
WBGene00171043.,0,0,0
WBGene00171044.,0,0,0
WBGene00171045.,0,0,0
WBGene00171046.,0,0,0
WBGene00171047.,0,0,0
WBGene00171048.,0,0,0
WBGene00171049.,0,0,0
WBGene00171050.,0,0,0
WBGene00171051.,0,0,0
WBGene00171052.,0,0,0
WBGene00171053.,0,0,0
WBGene00171054.,0,0,0
WBGene00171055.,0,0,0
WBGene00171056.,0,0,0
WBGene00171057.,0,0,0
WBGene00171058.,0,0,0
WBGene00171059.,0,0,0
WBGene00171060.,0,0,0
WBGene00171061.,0,1,1
WBGene00171062.,0,0,0
WBGene00171063.,0,0,0
WBGene00171064.,0,0,0
WBGene00171065.,0,0,0
WBGene00171066.,0,0,0
WBGene00171067.,0,0,0
WBGene00171068.,0,0,0
WBGene00171069.,0,9,9
WBGene00171070.,0,0,0
WBGene00171071.,0,0,0
WBGene00171072.,0,0,0
WBGene00171073.,0,0,0
WBGene00171074.,0,0,0
WBGene00171075.,0,0,0
WBGene00171076.,0,0,0
WBGene00171077.,0,0,0
WBGene00171078.,0,0,0
WBGene00171079.,0,0,0
WBGene00171080.,0,1,1
WBGene00171081.,0,0,0
WBGene00171082.,0,0,0
WBGene00171083.,0,0,0
WBGene00171084.,0,1,1
WBGene00171085.,0,0,0
WBGene00171086.,0,0,0
WBGene00171087.,0,0,0
WBGene00171088.,0,0,0
WBGene00171089.,0,0,0
WBGene00171090.,0,0,0
WBGene00171091.,0,1,1
WBGene00171092.,0,0,0
WBGene00171093.,0,0,0
WBGene00171094.,0,0,0
WBGene00171095.,0,0,0
WBGene00171096.,0,0,0
WBGene00171097.,0,0,0
WBGene00171098.,0,0,0
WBGene00171099.,0,0,0
WBGene00171100.,0,0,0
WBGene00171101.,0,0,0
WBGene00171102.,0,0,0
WBGene00171103.,0,0,0
WBGene00171104.,0,0,0
WBGene00171105.,0,0,0
WBGene00171106.,0,0,0
WBGene00171107.,0,7,7
WBGene00171108.,0,0,0
WBGene00171109.,0,0,0
WBGene00171110.,0,0,0
WBGene00171111.,0,0,0
WBGene00171112.,0,0,0
WBGene00171113.,0,1,1
WBGene00171114.,0,0,0
WBGene00171115.,0,0,0
WBGene00171116.,0,0,0
WBGene00171117.,0,0,0
WBGene00171118.,0,0,0
WBGene00171119.,0,0,0
WBGene00171120.,0,0,0
WBGene00171121.,0,0,0
WBGene00171122.,0,0,0
WBGene00171123.,0,0,0
WBGene00171124.,0,0,0
WBGene00171125.,0,1,1
WBGene00171126.,0,0,0
WBGene00171127.,0,0,0
WBGene00171128.,0,0,0
WBGene00171129.,0,0,0
WBGene00171130.,0,0,0
WBGene00171131.,0,0,0
WBGene00171132.,0,0,0
WBGene00171133.,0,0,0
WBGene00171134.,0,0,0
WBGene00171135.,0,0,0
WBGene00171136.,0,0,0
WBGene00171137.,0,0,0
WBGene00171138.,0,0,0
WBGene00171139.,0,0,0
WBGene00171140.,0,0,0
WBGene00171141.,0,2,2
WBGene00171142.,0,0,0
WBGene00171143.,0,0,0
WBGene00171144.,0,0,0
WBGene00171145.,0,0,0
WBGene00171146.,0,0,0
WBGene00171147.,0,0,0
WBGene00171148.,0,0,0
WBGene00171149.,0,0,0
WBGene00171150.,0,0,0
WBGene00171151.,0,0,0
WBGene00171152.,0,8,8
WBGene00171153.,0,0,0
WBGene00171154.,0,0,0
WBGene00171155.,0,2,2
WBGene00171156.,0,1,1
WBGene00171157.,0,0,0
WBGene00171158.,0,0,0
WBGene00171159.,0,0,0
WBGene00171160.,0,0,0
WBGene00171161.,0,0,0
WBGene00171162.,0,0,0
WBGene00171163.,0,0,0
WBGene00171164.,0,0,0
WBGene00171165.,0,0,0
WBGene00171166.,0,1,1
WBGene00171167.,0,0,0
WBGene00171168.,0,0,0
WBGene00171169.,0,6,6
WBGene00171170.,0,0,0
WBGene00171171.,0,0,0
WBGene00171172.,0,1,1
WBGene00171173.,0,0,0
WBGene00171174.,0,0,0
WBGene00171175.,0,0,0
WBGene00171176.,0,0,0
WBGene00171177.,0,0,0
WBGene00171178.,0,0,0
WBGene00171179.,0,0,0
WBGene00171180.,0,0,0
WBGene00171181.,0,0,0
WBGene00171182.,0,0,0
WBGene00171183.,0,0,0
WBGene00171184.,0,0,0
WBGene00171185.,0,0,0
WBGene00171186.,0,0,0
WBGene00171187.,0,0,0
WBGene00171188.,0,0,0
WBGene00171189.,0,0,0
WBGene00171190.,0,0,0
WBGene00171191.,0,0,0
WBGene00171192.,0,0,0
WBGene00171193.,0,0,0
WBGene00171194.,0,1,1
WBGene00171195.,0,0,0
WBGene00171196.,0,0,0
WBGene00171197.,0,0,0
WBGene00171198.,0,0,0
WBGene00171199.,0,0,0
WBGene00171200.,0,0,0
WBGene00171201.,0,0,0
WBGene00171202.,0,0,0
WBGene00171203.,0,0,0
WBGene00171204.,0,0,0
WBGene00171205.,0,0,0
WBGene00171206.,0,0,0
WBGene00171207.,0,0,0
WBGene00171208.,0,0,0
WBGene00171209.,0,0,0
WBGene00171210.,0,0,0
WBGene00171211.,0,5,5
WBGene00171212.,0,0,0
WBGene00171213.,0,0,0
WBGene00171214.,0,0,0
WBGene00171215.,0,0,0
WBGene00171216.,0,1,1
WBGene00171217.,0,0,0
WBGene00171218.,0,0,0
WBGene00171219.,0,0,0
WBGene00171220.,0,1,1
WBGene00171221.,0,11,11
WBGene00171222.,0,0,0
WBGene00171223.,0,0,0
WBGene00171224.,0,0,0
WBGene00171225.,0,0,0
WBGene00171226.,0,0,0
WBGene00171227.,0,0,0
WBGene00171228.,0,0,0
WBGene00171229.,0,0,0
WBGene00171230.,0,0,0
WBGene00171231.,0,0,0
WBGene00171232.,0,0,0
WBGene00171233.,0,0,0
WBGene00171234.,0,0,0
WBGene00171235.,0,0,0
WBGene00171236.,0,0,0
WBGene00171237.,0,0,0
WBGene00171238.,0,0,0
WBGene00171239.,0,0,0
WBGene00171240.,0,0,0
WBGene00171241.,0,0,0
WBGene00171242.,0,0,0
WBGene00171243.,0,0,0
WBGene00171244.,0,2,2
WBGene00171245.,0,0,0
WBGene00171246.,0,0,0
WBGene00171247.,0,0,0
WBGene00171248.,0,0,0
WBGene00171249.,0,0,0
WBGene00171250.,0,0,0
WBGene00171251.,0,0,0
WBGene00171252.,0,0,0
WBGene00171253.,0,0,0
WBGene00171254.,0,0,0
WBGene00171255.,0,0,0
WBGene00171256.,0,0,0
WBGene00171257.,0,0,0
WBGene00171258.,0,0,0
WBGene00171259.,0,0,0
WBGene00171260.,0,0,0
WBGene00171261.,0,0,0
WBGene00171262.,0,0,0
WBGene00171263.,0,0,0
WBGene00171264.,0,0,0
WBGene00171265.,0,12,12
WBGene00171266.,0,0,0
WBGene00171267.,0,0,0
WBGene00171268.,0,0,0
WBGene00171269.,0,0,0
WBGene00171270.,0,0,0
WBGene00171271.,0,0,0
WBGene00171272.,0,0,0
WBGene00171273.,0,0,0
WBGene00171274.,0,0,0
WBGene00171275.,0,0,0
WBGene00171276.,0,0,0
WBGene00171277.,0,0,0
WBGene00171278.,0,1,1
WBGene00171279.,0,2,2
WBGene00171280.,0,6,6
WBGene00171281.,0,0,0
WBGene00171282.,0,0,0
WBGene00171283.,0,0,0
WBGene00171284.,0,1,1
WBGene00171285.,0,0,0
WBGene00171286.,0,27,27
WBGene00171287.,0,0,0
WBGene00171288.,0,0,0
WBGene00171289.,0,3,3
WBGene00171290.,0,12,12
WBGene00171291.,0,0,0
WBGene00171292.,0,0,0
WBGene00171293.,0,2,2
WBGene00171294.,0,0,0
WBGene00171295.,0,0,0
WBGene00171296.,0,0,0
WBGene00171297.,0,0,0
WBGene00171298.,0,0,0
WBGene00171299.,0,0,0
WBGene00171300.,0,0,0
WBGene00171301.,0,0,0
WBGene00171302.,0,4,4
WBGene00171303.,0,0,0
WBGene00171304.,0,0,0
WBGene00171305.,0,0,0
WBGene00171306.,0,0,0
WBGene00171307.,0,0,0
WBGene00171308.,0,0,0
WBGene00171309.,0,2,2
WBGene00171310.,0,0,0
WBGene00171311.,0,4,4
WBGene00171312.,0,0,0
WBGene00171313.,0,0,0
WBGene00171314.,0,0,0
WBGene00171315.,0,0,0
WBGene00171316.,0,0,0
WBGene00171317.,0,0,0
WBGene00171318.,0,0,0
WBGene00171319.,0,0,0
WBGene00171320.,0,0,0
WBGene00171321.,0,0,0
WBGene00171322.,0,0,0
WBGene00171323.,0,11,11
WBGene00171324.,0,0,0
WBGene00171325.,0,0,0
WBGene00171326.,0,0,0
WBGene00171327.,0,0,0
WBGene00171328.,0,0,0
WBGene00171329.,0,1,1
WBGene00171330.,0,0,0
WBGene00171331.,0,0,0
WBGene00171332.,0,0,0
WBGene00171333.,0,2,2
WBGene00171334.,0,0,0
WBGene00171335.,0,0,0
WBGene00171336.,0,2,2
WBGene00171337.,0,0,0
WBGene00171338.,0,0,0
WBGene00171339.,0,0,0
WBGene00171340.,0,0,0
WBGene00171341.,0,0,0
WBGene00171342.,0,0,0
WBGene00171343.,0,0,0
WBGene00171344.,0,0,0
WBGene00171345.,0,0,0
WBGene00171346.,0,3,3
WBGene00171347.,0,28,28
WBGene00171348.,0,0,0
WBGene00171349.,0,0,0
WBGene00171350.,0,0,0
WBGene00171351.,0,0,0
WBGene00171352.,0,0,0
WBGene00171353.,0,0,0
WBGene00171354.,0,0,0
WBGene00171355.,0,0,0
WBGene00171356.,0,0,0
WBGene00171357.,0,0,0
WBGene00171358.,0,0,0
WBGene00171359.,0,4,4
WBGene00171360.,0,0,0
WBGene00171361.,0,0,0
WBGene00171362.,0,0,0
WBGene00171363.,0,0,0
WBGene00171364.,0,5,5
WBGene00171365.,0,0,0
WBGene00171366.,0,0,0
WBGene00171367.,0,0,0
WBGene00171368.,0,0,0
WBGene00171369.,0,0,0
WBGene00171370.,0,0,0
WBGene00171371.,0,0,0
WBGene00171372.,0,0,0
WBGene00171373.,0,0,0
WBGene00171374.,0,0,0
WBGene00171375.,0,3,3
WBGene00171376.,0,0,0
WBGene00171377.,0,0,0
WBGene00171378.,0,0,0
WBGene00171379.,0,0,0
WBGene00171380.,0,0,0
WBGene00171381.,0,0,0
WBGene00171382.,0,0,0
WBGene00171383.,0,0,0
WBGene00171384.,0,0,0
WBGene00171385.,0,0,0
WBGene00171386.,0,0,0
WBGene00171387.,0,0,0
WBGene00171388.,0,0,0
WBGene00171389.,0,1,1
WBGene00171390.,0,0,0
WBGene00171391.,0,0,0
WBGene00171392.,0,0,0
WBGene00171393.,0,0,0
WBGene00171394.,0,0,0
WBGene00171395.,0,0,0
WBGene00171396.,0,0,0
WBGene00171397.,0,0,0
WBGene00171398.,0,0,0
WBGene00171399.,0,0,0
WBGene00171400.,0,0,0
WBGene00171401.,0,0,0
WBGene00171402.,0,0,0
WBGene00171403.,0,0,0
WBGene00171404.,0,0,0
WBGene00171405.,0,1,1
WBGene00171406.,0,1,1
WBGene00171407.,0,0,0
WBGene00171408.,0,0,0
WBGene00171409.,0,0,0
WBGene00171410.,0,0,0
WBGene00171411.,0,3,3
WBGene00171412.,0,1,1
WBGene00171413.,0,0,0
WBGene00171414.,0,0,0
WBGene00171415.,0,0,0
WBGene00171416.,0,0,0
WBGene00171417.,0,0,0
WBGene00171418.,0,1,1
WBGene00171419.,0,0,0
WBGene00171420.,0,0,0
WBGene00171421.,0,3,3
WBGene00171422.,0,0,0
WBGene00171423.,0,13,13
WBGene00171424.,0,0,0
WBGene00171425.,0,0,0
WBGene00171426.,0,0,0
WBGene00171427.,0,0,0
WBGene00171428.,0,3,3
WBGene00171429.,0,0,0
WBGene00171430.,0,0,0
WBGene00171431.,0,0,0
WBGene00171432.,0,0,0
WBGene00171433.,0,0,0
WBGene00171434.,0,0,0
WBGene00171435.,0,0,0
WBGene00171436.,0,0,0
WBGene00171437.,0,0,0
WBGene00171438.,0,0,0
WBGene00171439.,0,0,0
WBGene00171440.,0,0,0
WBGene00171441.,0,0,0
WBGene00171442.,0,0,0
WBGene00171443.,0,0,0
WBGene00171444.,0,0,0
WBGene00171445.,0,0,0
WBGene00171446.,0,0,0
WBGene00171447.,0,0,0
WBGene00171448.,0,0,0
WBGene00171449.,0,0,0
WBGene00171450.,0,0,0
WBGene00171451.,0,3,3
WBGene00171452.,0,0,0
WBGene00171453.,0,0,0
WBGene00171454.,0,0,0
WBGene00171455.,0,0,0
WBGene00171456.,0,1,1
WBGene00171457.,0,0,0
WBGene00171458.,0,0,0
WBGene00171459.,0,0,0
WBGene00171460.,0,0,0
WBGene00171461.,0,8,8
WBGene00171462.,0,0,0
WBGene00171463.,0,1,1
WBGene00171464.,0,4,4
WBGene00171465.,0,0,0
WBGene00171466.,0,1,1
WBGene00171467.,0,0,0
WBGene00171468.,0,0,0
WBGene00171469.,0,0,0
WBGene00171470.,0,21,21
WBGene00171471.,0,0,0
WBGene00171472.,0,0,0
WBGene00171473.,0,2,2
WBGene00171474.,0,0,0
WBGene00171475.,0,0,0
WBGene00171476.,0,0,0
WBGene00171477.,0,1,1
WBGene00171478.,0,1,1
WBGene00171479.,0,0,0
WBGene00171480.,0,0,0
WBGene00171481.,0,0,0
WBGene00171482.,0,0,0
WBGene00171483.,0,0,0
WBGene00171484.,0,1,1
WBGene00171485.,0,0,0
WBGene00171486.,0,0,0
WBGene00171487.,0,0,0
WBGene00171488.,0,0,0
WBGene00171489.,0,0,0
WBGene00171490.,0,0,0
WBGene00171491.,0,0,0
WBGene00171492.,0,0,0
WBGene00171493.,0,0,0
WBGene00171494.,0,0,0
WBGene00171495.,0,0,0
WBGene00171496.,0,0,0
WBGene00171497.,0,0,0
WBGene00171498.,0,0,0
WBGene00171499.,0,0,0
WBGene00171500.,0,1,1
WBGene00171501.,0,0,0
WBGene00171502.,0,0,0
WBGene00171503.,0,0,0
WBGene00171504.,0,0,0
WBGene00171505.,0,3,3
WBGene00171506.,0,0,0
WBGene00171507.,0,0,0
WBGene00171508.,0,0,0
WBGene00171509.,0,0,0
WBGene00171510.,0,0,0
WBGene00171511.,0,0,0
WBGene00171512.,0,0,0
WBGene00171513.,0,0,0
WBGene00171514.,0,0,0
WBGene00171515.,0,0,0
WBGene00171516.,0,0,0
WBGene00171517.,0,0,0
WBGene00171518.,0,0,0
WBGene00171519.,0,1,1
WBGene00171520.,0,0,0
WBGene00171521.,0,0,0
WBGene00171522.,0,0,0
WBGene00171523.,0,0,0
WBGene00171524.,0,0,0
WBGene00171525.,0,10,10
WBGene00171526.,0,9,9
WBGene00171527.,0,0,0
WBGene00171528.,0,0,0
WBGene00171529.,0,3,3
WBGene00171530.,0,0,0
WBGene00171531.,0,0,0
WBGene00171532.,0,0,0
WBGene00171533.,0,0,0
WBGene00171534.,0,0,0
WBGene00171535.,0,0,0
WBGene00171536.,0,0,0
WBGene00171537.,0,0,0
WBGene00171538.,0,0,0
WBGene00171539.,0,0,0
WBGene00171540.,0,0,0
WBGene00171541.,0,0,0
WBGene00171542.,0,0,0
WBGene00171543.,0,0,0
WBGene00171544.,0,0,0
WBGene00171545.,0,0,0
WBGene00171546.,0,0,0
WBGene00171547.,0,0,0
WBGene00171548.,0,0,0
WBGene00171549.,0,0,0
WBGene00171550.,0,0,0
WBGene00171551.,0,0,0
WBGene00171552.,0,0,0
WBGene00171553.,0,0,0
WBGene00171554.,0,0,0
WBGene00171555.,0,0,0
WBGene00171556.,0,0,0
WBGene00171557.,0,0,0
WBGene00171558.,0,0,0
WBGene00171559.,0,8,8
WBGene00171560.,0,0,0
WBGene00171561.,0,0,0
WBGene00171562.,0,0,0
WBGene00171563.,0,0,0
WBGene00171564.,0,0,0
WBGene00171565.,0,0,0
WBGene00171566.,0,0,0
WBGene00171567.,0,0,0
WBGene00171568.,0,51,51
WBGene00171569.,0,0,0
WBGene00171570.,0,0,0
WBGene00171571.,0,0,0
WBGene00171572.,0,0,0
WBGene00171573.,0,0,0
WBGene00171574.,0,0,0
WBGene00171575.,0,0,0
WBGene00171576.,0,0,0
WBGene00171577.,0,0,0
WBGene00171578.,0,0,0
WBGene00171579.,0,0,0
WBGene00171580.,0,0,0
WBGene00171581.,0,0,0
WBGene00171582.,0,0,0
WBGene00171583.,0,0,0
WBGene00171584.,0,0,0
WBGene00171585.,0,0,0
WBGene00171586.,0,0,0
WBGene00171587.,0,5,5
WBGene00171588.,0,0,0
WBGene00171589.,0,0,0
WBGene00171590.,0,1,1
WBGene00171591.,0,0,0
WBGene00171592.,0,0,0
WBGene00171593.,0,1,1
WBGene00171594.,0,0,0
WBGene00171595.,0,0,0
WBGene00171596.,0,1,1
WBGene00171597.,0,0,0
WBGene00171598.,0,0,0
WBGene00171599.,0,0,0
WBGene00171600.,0,0,0
WBGene00171601.,0,0,0
WBGene00171602.,0,0,0
WBGene00171603.,0,0,0
WBGene00171604.,0,0,0
WBGene00171605.,0,0,0
WBGene00171606.,0,0,0
WBGene00171607.,0,0,0
WBGene00171608.,0,0,0
WBGene00171609.,0,0,0
WBGene00171610.,0,0,0
WBGene00171611.,0,0,0
WBGene00171612.,0,0,0
WBGene00171613.,0,0,0
WBGene00171614.,0,0,0
WBGene00171615.,0,0,0
WBGene00171616.,0,2,2
WBGene00171617.,0,1,1
WBGene00171618.,0,0,0
WBGene00171619.,0,0,0
WBGene00171620.,0,0,0
WBGene00171621.,0,0,0
WBGene00171622.,0,1,1
WBGene00171623.,0,2,2
WBGene00171624.,0,0,0
WBGene00171625.,0,0,0
WBGene00171626.,0,0,0
WBGene00171627.,0,0,0
WBGene00171628.,0,0,0
WBGene00171629.,0,0,0
WBGene00171630.,0,0,0
WBGene00171631.,0,0,0
WBGene00171632.,0,0,0
WBGene00171633.,0,0,0
WBGene00171634.,0,0,0
WBGene00171635.,0,0,0
WBGene00171636.,0,0,0
WBGene00171637.,0,0,0
WBGene00171638.,0,0,0
WBGene00171639.,0,0,0
WBGene00171640.,0,0,0
WBGene00171641.,0,0,0
WBGene00171642.,0,1,1
WBGene00171643.,0,0,0
WBGene00171644.,0,0,0
WBGene00171645.,0,0,0
WBGene00171646.,0,0,0
WBGene00171647.,0,0,0
WBGene00171648.,0,0,0
WBGene00171649.,0,0,0
WBGene00171650.,0,0,0
WBGene00171651.,0,0,0
WBGene00171652.,0,0,0
WBGene00171653.,0,1,1
WBGene00171654.,0,0,0
WBGene00171655.,0,0,0
WBGene00171656.,0,0,0
WBGene00171657.,0,0,0
WBGene00171658.,0,0,0
WBGene00171659.,0,0,0
WBGene00171660.,0,0,0
WBGene00171661.,0,0,0
WBGene00171662.,0,0,0
WBGene00171663.,0,0,0
WBGene00171664.,0,0,0
WBGene00171665.,0,0,0
WBGene00171666.,0,0,0
WBGene00171667.,0,1,1
WBGene00171668.,0,0,0
WBGene00171669.,0,0,0
WBGene00171670.,0,0,0
WBGene00171671.,0,0,0
WBGene00171672.,0,0,0
WBGene00171673.,0,0,0
WBGene00171674.,0,0,0
WBGene00171675.,0,0,0
WBGene00171676.,0,2,2
WBGene00171677.,0,0,0
WBGene00171678.,0,0,0
WBGene00171679.,0,0,0
WBGene00171680.,0,0,0
WBGene00171681.,0,0,0
WBGene00171682.,0,1,1
WBGene00171683.,0,0,0
WBGene00171684.,0,0,0
WBGene00171685.,0,0,0
WBGene00171686.,0,0,0
WBGene00171687.,0,0,0
WBGene00171688.,0,0,0
WBGene00171689.,0,0,0
WBGene00171690.,0,0,0
WBGene00171691.,0,4,4
WBGene00171692.,0,0,0
WBGene00171693.,0,0,0
WBGene00171694.,0,2,2
WBGene00171695.,0,0,0
WBGene00171696.,0,0,0
WBGene00171697.,0,0,0
WBGene00171698.,0,0,0
WBGene00171699.,0,1,1
WBGene00171700.,0,0,0
WBGene00171701.,0,0,0
WBGene00171702.,0,0,0
WBGene00171703.,0,3,3
WBGene00171704.,0,0,0
WBGene00171705.,0,1,1
WBGene00171706.,0,0,0
WBGene00171707.,0,0,0
WBGene00171708.,0,1,1
WBGene00171709.,0,0,0
WBGene00171710.,0,0,0
WBGene00171712.,0,0,0
WBGene00171713.,0,0,0
WBGene00171714.,0,0,0
WBGene00171715.,0,0,0
WBGene00171716.,0,0,0
WBGene00171717.,0,1,1
WBGene00171718.,0,1,1
WBGene00171719.,0,0,0
WBGene00171720.,0,0,0
WBGene00171721.,0,0,0
WBGene00171722.,0,0,0
WBGene00171723.,0,0,0
WBGene00171724.,0,0,0
WBGene00171725.,0,0,0
WBGene00171726.,0,0,0
WBGene00171727.,0,0,0
WBGene00171728.,0,0,0
WBGene00171729.,0,0,0
WBGene00171730.,0,0,0
WBGene00171731.,0,0,0
WBGene00171732.,0,0,0
WBGene00171733.,0,0,0
WBGene00171734.,0,0,0
WBGene00171735.,0,1,1
WBGene00171736.,0,2,2
WBGene00171737.,0,0,0
WBGene00171738.,0,0,0
WBGene00171739.,0,0,0
WBGene00171740.,0,0,0
WBGene00171741.,0,0,0
WBGene00171742.,0,0,0
WBGene00171743.,0,0,0
WBGene00171744.,0,0,0
WBGene00171745.,0,0,0
WBGene00171746.,0,0,0
WBGene00171747.,0,0,0
WBGene00171748.,0,0,0
WBGene00171749.,0,0,0
WBGene00171750.,0,0,0
WBGene00171751.,0,0,0
WBGene00171752.,0,0,0
WBGene00171753.,0,0,0
WBGene00171754.,0,27,27
WBGene00171755.,0,0,0
WBGene00171756.,0,0,0
WBGene00171757.,0,0,0
WBGene00171758.,0,0,0
WBGene00171759.,0,0,0
WBGene00171760.,0,0,0
WBGene00171761.,0,0,0
WBGene00171762.,0,1,1
WBGene00171763.,0,0,0
WBGene00171764.,0,0,0
WBGene00171765.,0,7,7
WBGene00171766.,0,0,0
WBGene00171767.,0,0,0
WBGene00171768.,0,0,0
WBGene00171769.,0,0,0
WBGene00171770.,0,0,0
WBGene00171771.,0,0,0
WBGene00171772.,0,0,0
WBGene00171773.,0,0,0
WBGene00171774.,0,0,0
WBGene00171775.,0,0,0
WBGene00171776.,0,0,0
WBGene00171777.,0,0,0
WBGene00171778.,0,1,1
WBGene00171779.,0,1,1
WBGene00171780.,0,0,0
WBGene00171781.,0,0,0
WBGene00171782.,0,0,0
WBGene00171783.,0,0,0
WBGene00171784.,0,0,0
WBGene00171785.,0,0,0
WBGene00171786.,0,4,4
WBGene00171787.,0,0,0
WBGene00171788.,0,0,0
WBGene00171789.,0,0,0
WBGene00171790.,0,0,0
WBGene00171791.,0,0,0
WBGene00171792.,0,0,0
WBGene00171793.,0,0,0
WBGene00171794.,0,0,0
WBGene00171795.,0,0,0
WBGene00171796.,0,0,0
WBGene00171797.,0,0,0
WBGene00171798.,0,0,0
WBGene00171799.,0,12,12
WBGene00171800.,0,0,0
WBGene00171801.,0,1,1
WBGene00171802.,0,0,0
WBGene00171803.,0,0,0
WBGene00171804.,0,0,0
WBGene00171805.,0,0,0
WBGene00171806.,0,0,0
WBGene00171807.,0,0,0
WBGene00171809.,0,0,0
WBGene00171810.,0,0,0
WBGene00171811.,0,0,0
WBGene00171812.,0,0,0
WBGene00171813.,0,0,0
WBGene00171814.,0,0,0
WBGene00171815.,0,0,0
WBGene00171816.,0,0,0
WBGene00171817.,0,0,0
WBGene00171818.,0,1,1
WBGene00171819.,0,0,0
WBGene00171820.,0,0,0
WBGene00171821.,0,0,0
WBGene00171822.,0,0,0
WBGene00171823.,0,0,0
WBGene00171824.,0,1,1
WBGene00171825.,0,0,0
WBGene00171826.,0,0,0
WBGene00171827.,0,0,0
WBGene00171828.,0,0,0
WBGene00171829.,0,0,0
WBGene00171830.,0,0,0
WBGene00171831.,0,0,0
WBGene00171832.,0,0,0
WBGene00171833.,0,1,1
WBGene00171834.,0,0,0
WBGene00171835.,0,0,0
WBGene00171836.,0,0,0
WBGene00171837.,0,0,0
WBGene00171838.,0,2,2
WBGene00171839.,0,0,0
WBGene00171840.,0,0,0
WBGene00171841.,0,0,0
WBGene00171842.,0,0,0
WBGene00171843.,0,0,0
WBGene00171844.,0,0,0
WBGene00171845.,0,0,0
WBGene00171846.,0,0,0
WBGene00171847.,0,0,0
WBGene00171848.,0,0,0
WBGene00171849.,0,0,0
WBGene00171850.,0,0,0
WBGene00171851.,0,0,0
WBGene00171852.,0,0,0
WBGene00171853.,0,0,0
WBGene00171854.,0,1,1
WBGene00171855.,0,0,0
WBGene00171856.,0,0,0
WBGene00171857.,0,0,0
WBGene00171858.,0,0,0
WBGene00171859.,0,0,0
WBGene00171860.,0,0,0
WBGene00171861.,0,0,0
WBGene00171862.,0,0,0
WBGene00171863.,0,0,0
WBGene00171864.,0,0,0
WBGene00171865.,0,0,0
WBGene00171866.,0,0,0
WBGene00171867.,0,0,0
WBGene00171868.,0,0,0
WBGene00171869.,0,5,5
WBGene00171870.,0,2,2
WBGene00171871.,0,0,0
WBGene00171872.,0,0,0
WBGene00171873.,0,0,0
WBGene00171875.,0,0,0
WBGene00171876.,0,0,0
WBGene00171877.,0,0,0
WBGene00171878.,0,0,0
WBGene00171879.,0,0,0
WBGene00171880.,0,0,0
WBGene00171881.,0,0,0
WBGene00171882.,0,0,0
WBGene00171883.,0,1,1
WBGene00171884.,0,0,0
WBGene00171885.,0,0,0
WBGene00171886.,0,0,0
WBGene00171887.,0,0,0
WBGene00171888.,0,1,1
WBGene00171889.,0,0,0
WBGene00171890.,0,0,0
WBGene00171891.,0,0,0
WBGene00171892.,0,0,0
WBGene00171893.,0,0,0
WBGene00171894.,0,0,0
WBGene00171895.,0,3,3
WBGene00171896.,0,0,0
WBGene00171897.,0,0,0
WBGene00171898.,0,0,0
WBGene00171899.,0,1,1
WBGene00171900.,0,0,0
WBGene00171901.,0,0,0
WBGene00171902.,0,0,0
WBGene00171903.,0,0,0
WBGene00171904.,0,0,0
WBGene00171905.,0,10,10
WBGene00171906.,0,0,0
WBGene00171907.,0,4,4
WBGene00171908.,0,0,0
WBGene00171909.,0,0,0
WBGene00171910.,0,0,0
WBGene00171911.,0,0,0
WBGene00171912.,0,0,0
WBGene00171913.,0,0,0
WBGene00171914.,0,0,0
WBGene00171915.,0,0,0
WBGene00171916.,0,0,0
WBGene00171917.,0,0,0
WBGene00171918.,0,0,0
WBGene00171919.,0,0,0
WBGene00171920.,0,0,0
WBGene00171921.,0,0,0
WBGene00171922.,0,0,0
WBGene00171923.,0,5,5
WBGene00171924.,0,15,15
WBGene00171925.,0,0,0
WBGene00171926.,0,0,0
WBGene00171927.,0,0,0
WBGene00171928.,0,0,0
WBGene00171929.,0,0,0
WBGene00171930.,0,0,0
WBGene00171931.,0,0,0
WBGene00171932.,0,0,0
WBGene00171933.,0,0,0
WBGene00171934.,0,0,0
WBGene00171935.,0,1,1
WBGene00171936.,0,0,0
WBGene00171937.,0,0,0
WBGene00171938.,0,0,0
WBGene00171939.,0,0,0
WBGene00171940.,0,0,0
WBGene00171941.,0,0,0
WBGene00171942.,0,0,0
WBGene00171943.,0,0,0
WBGene00171944.,0,0,0
WBGene00171945.,0,0,0
WBGene00171946.,0,3,3
WBGene00171947.,0,0,0
WBGene00171948.,0,0,0
WBGene00171949.,0,0,0
WBGene00171950.,0,0,0
WBGene00171951.,0,0,0
WBGene00171952.,0,0,0
WBGene00171953.,0,0,0
WBGene00171954.,0,0,0
WBGene00171955.,0,0,0
WBGene00171956.,0,0,0
WBGene00171957.,0,0,0
WBGene00171958.,0,0,0
WBGene00171959.,0,0,0
WBGene00171960.,0,0,0
WBGene00171961.,0,0,0
WBGene00171962.,0,0,0
WBGene00171963.,0,0,0
WBGene00171964.,0,0,0
WBGene00171965.,0,0,0
WBGene00171966.,0,0,0
WBGene00171967.,0,0,0
WBGene00171968.,0,0,0
WBGene00171969.,0,0,0
WBGene00171970.,0,0,0
WBGene00171971.,0,0,0
WBGene00171972.,0,0,0
WBGene00171973.,0,0,0
WBGene00171974.,0,0,0
WBGene00171975.,0,0,0
WBGene00171976.,0,0,0
WBGene00171977.,0,0,0
WBGene00171978.,0,0,0
WBGene00171979.,0,0,0
WBGene00171980.,0,1,1
WBGene00171981.,0,0,0
WBGene00171982.,0,0,0
WBGene00171983.,0,0,0
WBGene00171984.,0,0,0
WBGene00171985.,0,3,3
WBGene00171986.,0,0,0
WBGene00171987.,0,0,0
WBGene00171988.,0,0,0
WBGene00171989.,0,0,0
WBGene00171990.,0,0,0
WBGene00171991.,0,0,0
WBGene00171992.,0,0,0
WBGene00171993.,0,0,0
WBGene00171994.,0,0,0
WBGene00171995.,0,0,0
WBGene00171996.,0,7,7
WBGene00171997.,0,0,0
WBGene00171998.,0,0,0
WBGene00171999.,0,0,0
WBGene00172000.,0,0,0
WBGene00172001.,0,0,0
WBGene00172002.,0,0,0
WBGene00172003.,0,0,0
WBGene00172004.,0,0,0
WBGene00172006.,0,0,0
WBGene00172007.,0,0,0
WBGene00172008.,0,0,0
WBGene00172009.,0,0,0
WBGene00172010.,0,0,0
WBGene00172011.,0,1,1
WBGene00172012.,0,0,0
WBGene00172013.,0,0,0
WBGene00172014.,0,0,0
WBGene00172015.,0,0,0
WBGene00172016.,0,60,60
WBGene00172017.,0,0,0
WBGene00172018.,0,0,0
WBGene00172019.,0,12,12
WBGene00172020.,0,0,0
WBGene00172021.,0,0,0
WBGene00172022.,0,0,0
WBGene00172023.,0,0,0
WBGene00172024.,0,0,0
WBGene00172025.,0,0,0
WBGene00172026.,0,0,0
WBGene00172027.,0,0,0
WBGene00172028.,0,2,2
WBGene00172029.,0,0,0
WBGene00172030.,0,0,0
WBGene00172031.,0,0,0
WBGene00172032.,0,0,0
WBGene00172033.,0,0,0
WBGene00172034.,0,0,0
WBGene00172035.,0,0,0
WBGene00172036.,0,1,1
WBGene00172037.,0,0,0
WBGene00172038.,0,0,0
WBGene00172039.,0,1,1
WBGene00172040.,0,0,0
WBGene00172041.,0,0,0
WBGene00172042.,0,0,0
WBGene00172043.,0,0,0
WBGene00172044.,0,0,0
WBGene00172045.,0,1,1
WBGene00172046.,0,0,0
WBGene00172047.,0,0,0
WBGene00172048.,0,0,0
WBGene00172049.,0,0,0
WBGene00172050.,0,0,0
WBGene00172051.,0,0,0
WBGene00172052.,0,2,2
WBGene00172053.,0,0,0
WBGene00172054.,0,2,2
WBGene00172055.,0,0,0
WBGene00172056.,0,1,1
WBGene00172057.,0,0,0
WBGene00172058.,0,0,0
WBGene00172059.,0,0,0
WBGene00172060.,0,0,0
WBGene00172061.,0,0,0
WBGene00172062.,0,0,0
WBGene00172063.,0,0,0
WBGene00172064.,0,0,0
WBGene00172065.,0,0,0
WBGene00172066.,0,0,0
WBGene00172067.,0,0,0
WBGene00172068.,0,1,1
WBGene00172069.,0,0,0
WBGene00172070.,0,0,0
WBGene00172071.,0,0,0
WBGene00172072.,0,2,2
WBGene00172073.,0,2,2
WBGene00172074.,0,0,0
WBGene00172075.,0,0,0
WBGene00172076.,0,0,0
WBGene00172077.,0,0,0
WBGene00172078.,0,1,1
WBGene00172079.,0,0,0
WBGene00172080.,0,0,0
WBGene00172081.,0,0,0
WBGene00172082.,0,0,0
WBGene00172083.,0,0,0
WBGene00172084.,0,0,0
WBGene00172085.,0,0,0
WBGene00172086.,0,0,0
WBGene00172087.,0,0,0
WBGene00172088.,0,0,0
WBGene00172089.,0,0,0
WBGene00172090.,0,0,0
WBGene00172091.,0,0,0
WBGene00172092.,0,0,0
WBGene00172093.,0,0,0
WBGene00172094.,0,0,0
WBGene00172095.,0,0,0
WBGene00172096.,0,0,0
WBGene00172097.,0,0,0
WBGene00172098.,0,0,0
WBGene00172099.,0,0,0
WBGene00172100.,0,0,0
WBGene00172101.,0,0,0
WBGene00172102.,0,1,1
WBGene00172103.,0,0,0
WBGene00172104.,0,0,0
WBGene00172105.,0,0,0
WBGene00172106.,0,0,0
WBGene00172107.,0,1,1
WBGene00172108.,0,0,0
WBGene00172109.,0,0,0
WBGene00172110.,0,0,0
WBGene00172111.,0,0,0
WBGene00172112.,0,0,0
WBGene00172113.,0,0,0
WBGene00172114.,0,0,0
WBGene00172115.,0,0,0
WBGene00172116.,0,0,0
WBGene00172117.,0,1,1
WBGene00172118.,0,0,0
WBGene00172119.,0,0,0
WBGene00172120.,0,0,0
WBGene00172121.,0,0,0
WBGene00172122.,0,0,0
WBGene00172123.,0,0,0
WBGene00172124.,0,0,0
WBGene00172125.,0,0,0
WBGene00172126.,0,0,0
WBGene00172127.,0,0,0
WBGene00172128.,0,0,0
WBGene00172129.,0,0,0
WBGene00172130.,0,1,1
WBGene00172131.,0,0,0
WBGene00172132.,0,0,0
WBGene00172133.,0,0,0
WBGene00172134.,0,2,2
WBGene00172135.,0,0,0
WBGene00172136.,0,0,0
WBGene00172137.,0,0,0
WBGene00172138.,0,0,0
WBGene00172139.,0,0,0
WBGene00172140.,0,1,1
WBGene00172141.,0,0,0
WBGene00172142.,0,0,0
WBGene00172143.,0,0,0
WBGene00172144.,0,0,0
WBGene00172145.,0,0,0
WBGene00172146.,0,0,0
WBGene00172147.,0,0,0
WBGene00172148.,0,0,0
WBGene00172149.,0,0,0
WBGene00172150.,0,0,0
WBGene00172151.,0,2,2
WBGene00172152.,0,0,0
WBGene00172153.,0,0,0
WBGene00172154.,0,36,36
WBGene00172155.,0,0,0
WBGene00172156.,0,0,0
WBGene00172157.,0,0,0
WBGene00172158.,0,0,0
WBGene00172159.,0,0,0
WBGene00172160.,0,0,0
WBGene00172161.,0,5,5
WBGene00172162.,0,0,0
WBGene00172163.,0,0,0
WBGene00172164.,0,0,0
WBGene00172165.,0,0,0
WBGene00172166.,0,0,0
WBGene00172167.,0,0,0
WBGene00172168.,0,0,0
WBGene00172169.,0,7,7
WBGene00172170.,0,0,0
WBGene00172171.,0,0,0
WBGene00172172.,0,0,0
WBGene00172173.,0,1,1
WBGene00172174.,0,18,18
WBGene00172175.,0,0,0
WBGene00172176.,0,0,0
WBGene00172177.,0,0,0
WBGene00172178.,0,0,0
WBGene00172179.,0,0,0
WBGene00172180.,0,0,0
WBGene00172181.,0,0,0
WBGene00172182.,0,0,0
WBGene00172183.,0,0,0
WBGene00172184.,0,0,0
WBGene00172185.,0,7,7
WBGene00172186.,0,0,0
WBGene00172187.,0,11,11
WBGene00172188.,0,0,0
WBGene00172189.,0,0,0
WBGene00172190.,0,0,0
WBGene00172191.,0,0,0
WBGene00172192.,0,1,1
WBGene00172193.,0,0,0
WBGene00172194.,0,0,0
WBGene00172195.,0,0,0
WBGene00172196.,0,0,0
WBGene00172197.,0,0,0
WBGene00172198.,0,0,0
WBGene00172199.,0,0,0
WBGene00172200.,0,0,0
WBGene00172201.,0,0,0
WBGene00172202.,0,0,0
WBGene00172203.,0,1,1
WBGene00172204.,0,0,0
WBGene00172205.,0,1,1
WBGene00172206.,0,1,1
WBGene00172207.,0,0,0
WBGene00172208.,0,0,0
WBGene00172209.,0,0,0
WBGene00172210.,0,0,0
WBGene00172211.,0,0,0
WBGene00172212.,0,0,0
WBGene00172213.,0,0,0
WBGene00172214.,0,1,1
WBGene00172215.,0,0,0
WBGene00172216.,0,0,0
WBGene00172217.,0,1,1
WBGene00172218.,0,0,0
WBGene00172219.,0,0,0
WBGene00172220.,0,0,0
WBGene00172221.,0,0,0
WBGene00172222.,0,0,0
WBGene00172223.,0,0,0
WBGene00172224.,0,0,0
WBGene00172225.,0,0,0
WBGene00172226.,0,0,0
WBGene00172227.,0,1,1
WBGene00172228.,0,0,0
WBGene00172229.,0,0,0
WBGene00172230.,0,7,7
WBGene00172231.,0,0,0
WBGene00172232.,0,0,0
WBGene00172233.,0,0,0
WBGene00172234.,0,0,0
WBGene00172235.,0,0,0
WBGene00172236.,0,0,0
WBGene00172237.,0,0,0
WBGene00172238.,0,0,0
WBGene00172239.,0,0,0
WBGene00172240.,0,0,0
WBGene00172241.,0,0,0
WBGene00172242.,0,0,0
WBGene00172243.,0,0,0
WBGene00172244.,0,0,0
WBGene00172245.,0,0,0
WBGene00172246.,0,0,0
WBGene00172247.,0,0,0
WBGene00172248.,0,0,0
WBGene00172249.,0,1,1
WBGene00172250.,0,0,0
WBGene00172251.,0,0,0
WBGene00172252.,0,0,0
WBGene00172253.,0,0,0
WBGene00172254.,0,0,0
WBGene00172255.,0,3,3
WBGene00172256.,0,0,0
WBGene00172257.,0,0,0
WBGene00172258.,0,0,0
WBGene00172259.,0,0,0
WBGene00172260.,0,0,0
WBGene00172261.,0,1,1
WBGene00172262.,0,0,0
WBGene00172263.,0,0,0
WBGene00172264.,0,0,0
WBGene00172265.,0,0,0
WBGene00172266.,0,0,0
WBGene00172267.,0,0,0
WBGene00172268.,0,0,0
WBGene00172269.,0,0,0
WBGene00172270.,0,0,0
WBGene00172271.,0,70,70
WBGene00172272.,0,0,0
WBGene00172273.,0,0,0
WBGene00172274.,0,0,0
WBGene00172275.,0,0,0
WBGene00172276.,0,0,0
WBGene00172277.,0,0,0
WBGene00172278.,0,0,0
WBGene00172279.,0,0,0
WBGene00172280.,0,0,0
WBGene00172281.,0,0,0
WBGene00172282.,0,0,0
WBGene00172283.,0,1,1
WBGene00172284.,0,0,0
WBGene00172285.,0,0,0
WBGene00172286.,0,0,0
WBGene00172287.,0,6,6
WBGene00172288.,0,0,0
WBGene00172289.,0,0,0
WBGene00172290.,0,0,0
WBGene00172291.,0,0,0
WBGene00172292.,0,0,0
WBGene00172293.,0,0,0
WBGene00172294.,0,5,5
WBGene00172295.,0,0,0
WBGene00172296.,0,0,0
WBGene00172297.,0,0,0
WBGene00172298.,0,0,0
WBGene00172299.,0,0,0
WBGene00172300.,0,0,0
WBGene00172301.,0,0,0
WBGene00172302.,0,0,0
WBGene00172303.,0,0,0
WBGene00172304.,0,0,0
WBGene00172305.,0,0,0
WBGene00172306.,0,0,0
WBGene00172307.,0,0,0
WBGene00172308.,0,0,0
WBGene00172309.,0,7,7
WBGene00172310.,0,0,0
WBGene00172311.,0,2,2
WBGene00172312.,0,0,0
WBGene00172313.,0,0,0
WBGene00172314.,0,0,0
WBGene00172315.,0,2,2
WBGene00172316.,0,0,0
WBGene00172317.,0,0,0
WBGene00172318.,0,0,0
WBGene00172319.,0,0,0
WBGene00172320.,0,0,0
WBGene00172321.,0,0,0
WBGene00172322.,0,0,0
WBGene00172323.,0,0,0
WBGene00172324.,0,0,0
WBGene00172325.,0,0,0
WBGene00172326.,0,0,0
WBGene00172327.,0,0,0
WBGene00172328.,0,0,0
WBGene00172329.,0,0,0
WBGene00172330.,0,4,4
WBGene00172331.,0,0,0
WBGene00172332.,0,0,0
WBGene00172333.,0,0,0
WBGene00172334.,0,0,0
WBGene00172335.,0,0,0
WBGene00172336.,0,1,1
WBGene00172337.,0,0,0
WBGene00172338.,0,0,0
WBGene00172339.,0,0,0
WBGene00172340.,0,17,17
WBGene00172341.,0,0,0
WBGene00172342.,0,0,0
WBGene00172343.,0,0,0
WBGene00172344.,0,0,0
WBGene00172345.,0,0,0
WBGene00172346.,0,2,2
WBGene00172347.,0,0,0
WBGene00172348.,0,0,0
WBGene00172349.,0,0,0
WBGene00172350.,0,0,0
WBGene00172351.,0,0,0
WBGene00172352.,0,0,0
WBGene00172353.,0,0,0
WBGene00172354.,0,0,0
WBGene00172355.,0,0,0
WBGene00172356.,0,0,0
WBGene00172357.,0,0,0
WBGene00172358.,0,0,0
WBGene00172359.,0,1,1
WBGene00172360.,0,0,0
WBGene00172361.,0,1,1
WBGene00172362.,0,0,0
WBGene00172363.,0,0,0
WBGene00172364.,0,0,0
WBGene00172365.,0,0,0
WBGene00172366.,0,0,0
WBGene00172367.,0,0,0
WBGene00172368.,0,0,0
WBGene00172369.,0,0,0
WBGene00172370.,0,0,0
WBGene00172371.,0,0,0
WBGene00172372.,0,1,1
WBGene00172373.,0,0,0
WBGene00172374.,0,1,1
WBGene00172375.,0,0,0
WBGene00172376.,0,0,0
WBGene00172377.,0,0,0
WBGene00172378.,0,0,0
WBGene00172379.,0,1,1
WBGene00172380.,0,0,0
WBGene00172381.,0,0,0
WBGene00172382.,0,0,0
WBGene00172383.,0,0,0
WBGene00172384.,0,0,0
WBGene00172385.,0,0,0
WBGene00172386.,0,0,0
WBGene00172387.,0,0,0
WBGene00172388.,0,0,0
WBGene00172389.,0,0,0
WBGene00172390.,0,2,2
WBGene00172391.,0,1,1
WBGene00172392.,0,0,0
WBGene00172393.,0,3,3
WBGene00172394.,0,2,2
WBGene00172395.,0,0,0
WBGene00172396.,0,0,0
WBGene00172397.,0,0,0
WBGene00172398.,0,0,0
WBGene00172399.,0,0,0
WBGene00172400.,0,0,0
WBGene00172401.,0,0,0
WBGene00172402.,0,0,0
WBGene00172403.,0,0,0
WBGene00172404.,0,0,0
WBGene00172405.,0,0,0
WBGene00172406.,0,0,0
WBGene00172407.,0,1,1
WBGene00172408.,0,0,0
WBGene00172409.,0,1,1
WBGene00172410.,0,0,0
WBGene00172411.,0,0,0
WBGene00172412.,0,4,4
WBGene00172413.,0,1,1
WBGene00172414.,0,0,0
WBGene00172415.,0,0,0
WBGene00172416.,0,0,0
WBGene00172417.,0,0,0
WBGene00172418.,0,1,1
WBGene00172419.,0,11,11
WBGene00172420.,0,1,1
WBGene00172421.,0,0,0
WBGene00172422.,0,0,0
WBGene00172423.,0,0,0
WBGene00172424.,0,0,0
WBGene00172425.,0,0,0
WBGene00172426.,0,3,3
WBGene00172427.,0,0,0
WBGene00172428.,0,0,0
WBGene00172429.,0,1,1
WBGene00172430.,0,0,0
WBGene00172431.,0,0,0
WBGene00172432.,0,0,0
WBGene00172433.,0,0,0
WBGene00172434.,0,0,0
WBGene00172435.,0,0,0
WBGene00172436.,0,0,0
WBGene00172437.,0,1,1
WBGene00172438.,0,0,0
WBGene00172439.,0,0,0
WBGene00172440.,0,0,0
WBGene00172441.,0,0,0
WBGene00172442.,0,0,0
WBGene00172443.,0,0,0
WBGene00172444.,0,8,8
WBGene00172445.,0,0,0
WBGene00172446.,0,0,0
WBGene00172447.,0,1,1
WBGene00172448.,0,0,0
WBGene00172449.,0,1,1
WBGene00172450.,0,1,1
WBGene00172451.,0,0,0
WBGene00172452.,0,0,0
WBGene00172453.,0,0,0
WBGene00172454.,0,0,0
WBGene00172455.,0,0,0
WBGene00172456.,0,0,0
WBGene00172457.,0,17,17
WBGene00172458.,0,0,0
WBGene00172459.,0,0,0
WBGene00172460.,0,0,0
WBGene00172462.,0,0,0
WBGene00172463.,0,0,0
WBGene00172464.,0,0,0
WBGene00172465.,0,0,0
WBGene00172466.,0,0,0
WBGene00172467.,0,0,0
WBGene00172468.,0,0,0
WBGene00172469.,0,0,0
WBGene00172470.,0,0,0
WBGene00172471.,0,0,0
WBGene00172472.,0,4,4
WBGene00172473.,0,0,0
WBGene00172474.,0,0,0
WBGene00172475.,0,1,1
WBGene00172476.,0,0,0
WBGene00172477.,0,3,3
WBGene00172478.,0,0,0
WBGene00172479.,0,0,0
WBGene00172480.,0,0,0
WBGene00172481.,0,0,0
WBGene00172482.,0,0,0
WBGene00172483.,0,0,0
WBGene00172484.,0,0,0
WBGene00172485.,0,0,0
WBGene00172486.,0,0,0
WBGene00172487.,0,0,0
WBGene00172488.,0,0,0
WBGene00172489.,0,0,0
WBGene00172490.,0,0,0
WBGene00172491.,0,0,0
WBGene00172492.,0,1,1
WBGene00172493.,0,0,0
WBGene00172494.,0,0,0
WBGene00172495.,0,0,0
WBGene00172496.,0,0,0
WBGene00172497.,0,0,0
WBGene00172498.,0,0,0
WBGene00172499.,0,0,0
WBGene00172500.,0,0,0
WBGene00172501.,0,0,0
WBGene00172502.,0,1,1
WBGene00172503.,0,0,0
WBGene00172504.,0,0,0
WBGene00172505.,0,0,0
WBGene00172506.,0,0,0
WBGene00172507.,0,0,0
WBGene00172508.,0,0,0
WBGene00172509.,0,0,0
WBGene00172510.,0,0,0
WBGene00172511.,0,0,0
WBGene00172512.,0,0,0
WBGene00172513.,0,0,0
WBGene00172514.,0,0,0
WBGene00172515.,0,1,1
WBGene00172516.,0,0,0
WBGene00172517.,0,0,0
WBGene00172518.,0,0,0
WBGene00172519.,0,0,0
WBGene00172520.,0,0,0
WBGene00172521.,0,6,6
WBGene00172522.,0,0,0
WBGene00172523.,0,0,0
WBGene00172524.,0,0,0
WBGene00172525.,0,0,0
WBGene00172526.,0,1,1
WBGene00172527.,0,0,0
WBGene00172528.,0,0,0
WBGene00172529.,0,0,0
WBGene00172530.,0,1,1
WBGene00172531.,0,1,1
WBGene00172532.,0,3,3
WBGene00172533.,0,0,0
WBGene00172534.,0,0,0
WBGene00172535.,0,0,0
WBGene00172536.,0,0,0
WBGene00172537.,0,0,0
WBGene00172538.,0,0,0
WBGene00172539.,0,0,0
WBGene00172540.,0,0,0
WBGene00172541.,0,0,0
WBGene00172542.,0,1,1
WBGene00172543.,0,0,0
WBGene00172544.,0,0,0
WBGene00172545.,0,5,5
WBGene00172546.,0,0,0
WBGene00172547.,0,0,0
WBGene00172548.,0,0,0
WBGene00172549.,0,0,0
WBGene00172550.,0,0,0
WBGene00172551.,0,0,0
WBGene00172552.,0,0,0
WBGene00172553.,0,1,1
WBGene00172554.,0,0,0
WBGene00172555.,0,0,0
WBGene00172556.,0,0,0
WBGene00172557.,0,0,0
WBGene00172558.,0,0,0
WBGene00172559.,0,0,0
WBGene00172560.,0,0,0
WBGene00172561.,0,0,0
WBGene00172562.,0,0,0
WBGene00172563.,0,0,0
WBGene00172564.,0,0,0
WBGene00172565.,0,0,0
WBGene00172566.,0,0,0
WBGene00172567.,0,0,0
WBGene00172568.,0,0,0
WBGene00172569.,0,1,1
WBGene00172570.,0,0,0
WBGene00172571.,0,9,9
WBGene00172572.,0,1,1
WBGene00172573.,0,0,0
WBGene00172574.,0,0,0
WBGene00172575.,0,0,0
WBGene00172576.,0,0,0
WBGene00172577.,0,0,0
WBGene00172578.,0,0,0
WBGene00172579.,0,0,0
WBGene00172580.,0,0,0
WBGene00172581.,0,0,0
WBGene00172582.,0,0,0
WBGene00172583.,0,0,0
WBGene00172584.,0,0,0
WBGene00172585.,0,0,0
WBGene00172586.,0,0,0
WBGene00172587.,0,0,0
WBGene00172588.,0,0,0
WBGene00172589.,0,0,0
WBGene00172590.,0,0,0
WBGene00172591.,0,0,0
WBGene00172592.,0,0,0
WBGene00172593.,0,0,0
WBGene00172594.,0,6,6
WBGene00172595.,0,0,0
WBGene00172596.,0,0,0
WBGene00172597.,0,0,0
WBGene00172598.,0,1,1
WBGene00172599.,0,0,0
WBGene00172600.,0,0,0
WBGene00172601.,0,0,0
WBGene00172602.,0,0,0
WBGene00172603.,0,0,0
WBGene00172604.,0,0,0
WBGene00172605.,0,0,0
WBGene00172606.,0,0,0
WBGene00172607.,0,102,102
WBGene00172608.,0,0,0
WBGene00172609.,0,0,0
WBGene00172610.,0,3,3
WBGene00172611.,0,0,0
WBGene00172612.,0,0,0
WBGene00172613.,0,1,1
WBGene00172614.,0,0,0
WBGene00172615.,0,0,0
WBGene00172616.,0,0,0
WBGene00172617.,0,2,2
WBGene00172618.,0,0,0
WBGene00172619.,0,35,35
WBGene00172620.,0,1,1
WBGene00172621.,0,4,4
WBGene00172622.,0,0,0
WBGene00172623.,0,0,0
WBGene00172624.,0,0,0
WBGene00172625.,0,0,0
WBGene00172626.,0,0,0
WBGene00172627.,0,0,0
WBGene00172628.,0,0,0
WBGene00172629.,0,0,0
WBGene00172630.,0,5,5
WBGene00172631.,0,0,0
WBGene00172632.,0,2,2
WBGene00172633.,0,1,1
WBGene00172634.,0,0,0
WBGene00172635.,0,0,0
WBGene00172636.,0,0,0
WBGene00172637.,0,0,0
WBGene00172638.,0,0,0
WBGene00172639.,0,0,0
WBGene00172640.,0,0,0
WBGene00172641.,0,0,0
WBGene00172642.,0,0,0
WBGene00172643.,0,0,0
WBGene00172644.,0,0,0
WBGene00172645.,0,0,0
WBGene00172646.,0,0,0
WBGene00172647.,0,0,0
WBGene00172648.,0,0,0
WBGene00172649.,0,0,0
WBGene00172650.,0,0,0
WBGene00172651.,0,0,0
WBGene00172652.,0,0,0
WBGene00172653.,0,0,0
WBGene00172654.,0,0,0
WBGene00172655.,0,0,0
WBGene00172656.,0,0,0
WBGene00172657.,0,0,0
WBGene00172658.,0,0,0
WBGene00172659.,0,0,0
WBGene00172660.,0,0,0
WBGene00172661.,0,0,0
WBGene00172662.,0,0,0
WBGene00172663.,0,0,0
WBGene00172664.,0,0,0
WBGene00172665.,0,0,0
WBGene00172666.,0,0,0
WBGene00172667.,0,0,0
WBGene00172668.,0,0,0
WBGene00172669.,0,0,0
WBGene00172670.,0,0,0
WBGene00172671.,0,0,0
WBGene00172672.,0,0,0
WBGene00172673.,0,0,0
WBGene00172674.,0,0,0
WBGene00172675.,0,0,0
WBGene00172676.,0,0,0
WBGene00172677.,0,1,1
WBGene00172678.,0,0,0
WBGene00172679.,0,0,0
WBGene00172680.,0,0,0
WBGene00172681.,0,0,0
WBGene00172682.,0,0,0
WBGene00172683.,0,0,0
WBGene00172684.,0,3,3
WBGene00172685.,0,0,0
WBGene00172686.,0,0,0
WBGene00172687.,0,0,0
WBGene00172688.,0,1,1
WBGene00172689.,0,0,0
WBGene00172690.,0,0,0
WBGene00172691.,0,0,0
WBGene00172692.,0,2,2
WBGene00172693.,0,0,0
WBGene00172694.,0,0,0
WBGene00172695.,0,0,0
WBGene00172696.,0,0,0
WBGene00172697.,0,0,0
WBGene00172698.,0,0,0
WBGene00172699.,0,0,0
WBGene00172700.,0,0,0
WBGene00172701.,0,0,0
WBGene00172702.,0,0,0
WBGene00172703.,0,0,0
WBGene00172704.,0,0,0
WBGene00172705.,0,0,0
WBGene00172706.,0,0,0
WBGene00172707.,0,0,0
WBGene00172708.,0,0,0
WBGene00172709.,0,0,0
WBGene00172710.,0,0,0
WBGene00172711.,0,0,0
WBGene00172712.,0,0,0
WBGene00172713.,0,0,0
WBGene00172714.,0,0,0
WBGene00172715.,0,0,0
WBGene00172716.,0,0,0
WBGene00172717.,0,0,0
WBGene00172718.,0,0,0
WBGene00172719.,0,0,0
WBGene00172720.,0,0,0
WBGene00172721.,0,0,0
WBGene00172722.,0,0,0
WBGene00172723.,0,1,1
WBGene00172724.,0,0,0
WBGene00172725.,0,0,0
WBGene00172726.,0,0,0
WBGene00172727.,0,1,1
WBGene00172728.,0,2,2
WBGene00172729.,0,0,0
WBGene00172730.,0,1,1
WBGene00172731.,0,0,0
WBGene00172732.,0,0,0
WBGene00172733.,0,0,0
WBGene00172734.,0,0,0
WBGene00172735.,0,0,0
WBGene00172736.,0,1,1
WBGene00172737.,0,0,0
WBGene00172738.,0,0,0
WBGene00172739.,0,0,0
WBGene00172740.,0,0,0
WBGene00172741.,0,0,0
WBGene00172742.,0,25,25
WBGene00172743.,0,3,3
WBGene00172744.,0,0,0
WBGene00172745.,0,1,1
WBGene00172746.,0,0,0
WBGene00172747.,0,0,0
WBGene00172748.,0,0,0
WBGene00172749.,0,0,0
WBGene00172750.,0,0,0
WBGene00172751.,0,0,0
WBGene00172752.,0,1,1
WBGene00172753.,0,0,0
WBGene00172754.,0,1,1
WBGene00172755.,0,2,2
WBGene00172756.,0,0,0
WBGene00172757.,0,0,0
WBGene00172758.,0,2,2
WBGene00172759.,0,0,0
WBGene00172760.,0,0,0
WBGene00172761.,0,0,0
WBGene00172762.,0,1,1
WBGene00172763.,0,0,0
WBGene00172764.,0,0,0
WBGene00172765.,0,1,1
WBGene00172766.,0,0,0
WBGene00172767.,0,1,1
WBGene00172768.,0,0,0
WBGene00172769.,0,0,0
WBGene00172770.,0,0,0
WBGene00172771.,0,0,0
WBGene00172772.,0,1,1
WBGene00172773.,0,0,0
WBGene00172774.,0,0,0
WBGene00172775.,0,2,2
WBGene00172776.,0,0,0
WBGene00172777.,0,0,0
WBGene00172778.,0,1,1
WBGene00172779.,0,1,1
WBGene00172780.,0,0,0
WBGene00172781.,0,1,1
WBGene00172782.,0,0,0
WBGene00172783.,0,1,1
WBGene00172784.,0,6,6
WBGene00172785.,0,0,0
WBGene00172786.,0,0,0
WBGene00172787.,0,0,0
WBGene00172788.,0,0,0
WBGene00172789.,0,0,0
WBGene00172790.,0,0,0
WBGene00172791.,0,0,0
WBGene00172792.,0,0,0
WBGene00172793.,0,0,0
WBGene00172794.,0,0,0
WBGene00172795.,0,0,0
WBGene00172796.,0,0,0
WBGene00172797.,0,0,0
WBGene00172798.,0,0,0
WBGene00172799.,0,0,0
WBGene00172800.,0,0,0
WBGene00172801.,0,0,0
WBGene00172802.,0,1,1
WBGene00172803.,0,0,0
WBGene00172804.,0,0,0
WBGene00172805.,0,0,0
WBGene00172806.,0,0,0
WBGene00172807.,0,0,0
WBGene00172808.,0,0,0
WBGene00172809.,0,0,0
WBGene00172810.,0,0,0
WBGene00172811.,0,0,0
WBGene00172812.,0,2,2
WBGene00172813.,0,0,0
WBGene00172814.,0,0,0
WBGene00172815.,0,0,0
WBGene00172816.,0,0,0
WBGene00172817.,0,0,0
WBGene00172818.,0,3,3
WBGene00172819.,0,0,0
WBGene00172820.,0,0,0
WBGene00172821.,0,0,0
WBGene00172822.,0,0,0
WBGene00172823.,0,0,0
WBGene00172824.,0,0,0
WBGene00172825.,0,0,0
WBGene00172826.,0,0,0
WBGene00172827.,0,6,6
WBGene00172828.,0,0,0
WBGene00172829.,0,0,0
WBGene00172830.,0,0,0
WBGene00172831.,0,0,0
WBGene00172832.,0,0,0
WBGene00172833.,0,0,0
WBGene00172834.,0,0,0
WBGene00172835.,0,0,0
WBGene00172836.,0,1,1
WBGene00172837.,0,0,0
WBGene00172838.,0,0,0
WBGene00172839.,0,3,3
WBGene00172840.,0,9,9
WBGene00172841.,0,0,0
WBGene00172842.,0,0,0
WBGene00172843.,0,0,0
WBGene00172844.,0,0,0
WBGene00172845.,0,0,0
WBGene00172846.,0,0,0
WBGene00172847.,0,0,0
WBGene00172848.,0,0,0
WBGene00172849.,0,0,0
WBGene00172850.,0,0,0
WBGene00172851.,0,0,0
WBGene00172852.,0,0,0
WBGene00172853.,0,0,0
WBGene00172854.,0,0,0
WBGene00172855.,0,1,1
WBGene00172856.,0,0,0
WBGene00172857.,0,0,0
WBGene00172858.,0,0,0
WBGene00172859.,0,0,0
WBGene00172860.,0,0,0
WBGene00172861.,0,2,2
WBGene00172862.,0,15,15
WBGene00172863.,0,0,0
WBGene00172864.,0,2,2
WBGene00172865.,0,0,0
WBGene00172866.,0,0,0
WBGene00172867.,0,2,2
WBGene00172868.,0,1,1
WBGene00172869.,0,0,0
WBGene00172870.,0,0,0
WBGene00172871.,0,0,0
WBGene00172872.,0,0,0
WBGene00172873.,0,0,0
WBGene00172874.,0,0,0
WBGene00172875.,0,0,0
WBGene00172876.,0,0,0
WBGene00172877.,0,0,0
WBGene00172878.,0,0,0
WBGene00172879.,0,0,0
WBGene00172880.,0,0,0
WBGene00172881.,0,1,1
WBGene00172882.,0,0,0
WBGene00172883.,0,0,0
WBGene00172884.,0,0,0
WBGene00172885.,0,1,1
WBGene00172886.,0,2,2
WBGene00172887.,0,0,0
WBGene00172888.,0,0,0
WBGene00172889.,0,0,0
WBGene00172890.,0,0,0
WBGene00172891.,0,11,11
WBGene00172892.,0,0,0
WBGene00172893.,0,0,0
WBGene00172894.,0,0,0
WBGene00172895.,0,0,0
WBGene00172896.,0,0,0
WBGene00172897.,0,0,0
WBGene00172898.,0,0,0
WBGene00172899.,0,0,0
WBGene00172900.,0,0,0
WBGene00172901.,0,0,0
WBGene00172902.,0,0,0
WBGene00172903.,0,0,0
WBGene00172904.,0,2,2
WBGene00172905.,0,0,0
WBGene00172906.,0,0,0
WBGene00172907.,0,0,0
WBGene00172908.,0,0,0
WBGene00172909.,0,2,2
WBGene00172910.,0,0,0
WBGene00172911.,0,0,0
WBGene00172912.,0,1,1
WBGene00172913.,0,0,0
WBGene00172914.,0,0,0
WBGene00172915.,0,0,0
WBGene00172916.,0,0,0
WBGene00172917.,0,0,0
WBGene00172918.,0,2,2
WBGene00172919.,0,0,0
WBGene00172920.,0,0,0
WBGene00172921.,0,0,0
WBGene00172922.,0,2,2
WBGene00172923.,0,0,0
WBGene00172924.,0,0,0
WBGene00172925.,0,0,0
WBGene00172926.,0,0,0
WBGene00172927.,0,0,0
WBGene00172928.,0,0,0
WBGene00172929.,0,0,0
WBGene00172930.,0,0,0
WBGene00172931.,0,0,0
WBGene00172932.,0,0,0
WBGene00172933.,0,0,0
WBGene00172934.,0,0,0
WBGene00172935.,0,0,0
WBGene00172936.,0,1,1
WBGene00172937.,0,0,0
WBGene00172938.,0,0,0
WBGene00172939.,0,0,0
WBGene00172940.,0,0,0
WBGene00172941.,0,0,0
WBGene00172942.,0,0,0
WBGene00172943.,0,1,1
WBGene00172944.,0,0,0
WBGene00172945.,0,0,0
WBGene00172946.,0,0,0
WBGene00172947.,0,0,0
WBGene00172948.,0,0,0
WBGene00172949.,0,0,0
WBGene00172950.,0,0,0
WBGene00172951.,0,1,1
WBGene00172952.,0,0,0
WBGene00172953.,0,0,0
WBGene00172954.,0,0,0
WBGene00172955.,0,0,0
WBGene00172956.,0,0,0
WBGene00172957.,0,0,0
WBGene00172958.,0,0,0
WBGene00172959.,0,0,0
WBGene00172960.,0,0,0
WBGene00172961.,0,0,0
WBGene00172962.,0,0,0
WBGene00172963.,0,0,0
WBGene00172964.,0,0,0
WBGene00172965.,0,0,0
WBGene00172966.,0,0,0
WBGene00172967.,0,0,0
WBGene00172968.,0,0,0
WBGene00172969.,0,0,0
WBGene00172970.,0,2,2
WBGene00172971.,0,0,0
WBGene00172972.,0,0,0
WBGene00172973.,0,0,0
WBGene00172974.,0,3,3
WBGene00172975.,0,2,2
WBGene00172976.,0,0,0
WBGene00172977.,0,0,0
WBGene00172978.,0,1,1
WBGene00172979.,0,0,0
WBGene00172980.,0,0,0
WBGene00172981.,0,1,1
WBGene00172982.,0,0,0
WBGene00172983.,0,0,0
WBGene00172984.,0,0,0
WBGene00172985.,0,0,0
WBGene00172986.,0,0,0
WBGene00172987.,0,0,0
WBGene00172988.,0,0,0
WBGene00172989.,0,0,0
WBGene00172990.,0,0,0
WBGene00172991.,0,0,0
WBGene00172992.,0,0,0
WBGene00172993.,0,0,0
WBGene00172994.,0,0,0
WBGene00172995.,0,0,0
WBGene00172996.,0,0,0
WBGene00172997.,0,0,0
WBGene00172998.,0,0,0
WBGene00172999.,0,1,1
WBGene00173000.,0,1,1
WBGene00173001.,0,0,0
WBGene00173002.,0,0,0
WBGene00173003.,0,0,0
WBGene00173004.,0,0,0
WBGene00173005.,0,0,0
WBGene00173006.,0,2,2
WBGene00173007.,0,0,0
WBGene00173008.,0,0,0
WBGene00173009.,0,0,0
WBGene00173010.,0,0,0
WBGene00173011.,0,0,0
WBGene00173012.,0,0,0
WBGene00173013.,0,0,0
WBGene00173014.,0,0,0
WBGene00173015.,0,0,0
WBGene00173016.,0,0,0
WBGene00173017.,0,0,0
WBGene00173018.,0,3,3
WBGene00173019.,0,0,0
WBGene00173020.,0,0,0
WBGene00173021.,0,0,0
WBGene00173022.,0,0,0
WBGene00173023.,0,0,0
WBGene00173024.,0,0,0
WBGene00173025.,0,0,0
WBGene00173026.,0,0,0
WBGene00173027.,0,0,0
WBGene00173028.,0,0,0
WBGene00173029.,0,1,1
WBGene00173030.,0,0,0
WBGene00173031.,0,0,0
WBGene00173032.,0,3,3
WBGene00173033.,0,0,0
WBGene00173034.,0,0,0
WBGene00173035.,0,0,0
WBGene00173036.,0,0,0
WBGene00173037.,0,0,0
WBGene00173038.,0,0,0
WBGene00173039.,0,0,0
WBGene00173040.,0,0,0
WBGene00173041.,0,5,5
WBGene00173042.,0,0,0
WBGene00173043.,0,0,0
WBGene00173044.,0,0,0
WBGene00173045.,0,1,1
WBGene00173046.,0,0,0
WBGene00173047.,0,1,1
WBGene00173048.,0,0,0
WBGene00173049.,0,0,0
WBGene00173050.,0,0,0
WBGene00173051.,0,0,0
WBGene00173052.,0,0,0
WBGene00173053.,0,3,3
WBGene00173054.,0,0,0
WBGene00173055.,0,0,0
WBGene00173056.,0,0,0
WBGene00173057.,0,0,0
WBGene00173058.,0,0,0
WBGene00173059.,0,0,0
WBGene00173060.,0,0,0
WBGene00173061.,0,2,2
WBGene00173062.,0,0,0
WBGene00173063.,0,0,0
WBGene00173064.,0,0,0
WBGene00173065.,0,0,0
WBGene00173066.,0,0,0
WBGene00173067.,0,18,18
WBGene00173068.,0,0,0
WBGene00173069.,0,0,0
WBGene00173070.,0,0,0
WBGene00173071.,0,0,0
WBGene00173072.,0,0,0
WBGene00173073.,0,0,0
WBGene00173074.,0,0,0
WBGene00173075.,0,0,0
WBGene00173076.,0,0,0
WBGene00173077.,0,0,0
WBGene00173078.,0,0,0
WBGene00173079.,0,0,0
WBGene00173080.,0,0,0
WBGene00173081.,0,0,0
WBGene00173082.,0,0,0
WBGene00173083.,0,0,0
WBGene00173084.,0,0,0
WBGene00173085.,0,0,0
WBGene00173086.,0,1,1
WBGene00173087.,0,0,0
WBGene00173088.,0,0,0
WBGene00173089.,0,0,0
WBGene00173090.,0,0,0
WBGene00173091.,0,0,0
WBGene00173092.,0,1,1
WBGene00173093.,0,0,0
WBGene00173094.,0,0,0
WBGene00173095.,0,0,0
WBGene00173096.,0,0,0
WBGene00173097.,0,0,0
WBGene00173098.,0,0,0
WBGene00173099.,0,0,0
WBGene00173100.,0,0,0
WBGene00173101.,0,0,0
WBGene00173102.,0,0,0
WBGene00173103.,0,0,0
WBGene00173104.,0,3,3
WBGene00173105.,0,0,0
WBGene00173106.,0,0,0
WBGene00173107.,0,0,0
WBGene00173108.,0,0,0
WBGene00173109.,0,0,0
WBGene00173110.,0,0,0
WBGene00173111.,0,0,0
WBGene00173112.,0,0,0
WBGene00173113.,0,0,0
WBGene00173114.,0,0,0
WBGene00173115.,0,0,0
WBGene00173116.,0,0,0
WBGene00173117.,0,0,0
WBGene00173118.,0,0,0
WBGene00173119.,0,4,4
WBGene00173120.,0,0,0
WBGene00173121.,0,0,0
WBGene00173122.,0,0,0
WBGene00173123.,0,0,0
WBGene00173124.,0,0,0
WBGene00173125.,0,0,0
WBGene00173126.,0,0,0
WBGene00173127.,0,2,2
WBGene00173128.,0,0,0
WBGene00173129.,0,1,1
WBGene00173130.,0,0,0
WBGene00173131.,0,0,0
WBGene00173132.,0,0,0
WBGene00173133.,0,0,0
WBGene00173134.,0,0,0
WBGene00173135.,0,0,0
WBGene00173136.,0,0,0
WBGene00173137.,0,0,0
WBGene00173138.,0,0,0
WBGene00173139.,0,0,0
WBGene00173140.,0,0,0
WBGene00173141.,0,0,0
WBGene00173142.,0,0,0
WBGene00173143.,0,0,0
WBGene00173144.,0,0,0
WBGene00173145.,0,0,0
WBGene00173146.,0,0,0
WBGene00173147.,0,4,4
WBGene00173148.,0,0,0
WBGene00173149.,0,0,0
WBGene00173150.,0,0,0
WBGene00173151.,0,0,0
WBGene00173152.,0,0,0
WBGene00173153.,0,0,0
WBGene00173154.,0,0,0
WBGene00173155.,0,0,0
WBGene00173156.,0,1,1
WBGene00173157.,0,0,0
WBGene00173158.,0,1,1
WBGene00173159.,0,0,0
WBGene00173160.,0,0,0
WBGene00173161.,0,0,0
WBGene00173162.,0,0,0
WBGene00173163.,0,0,0
WBGene00173164.,0,0,0
WBGene00173165.,0,0,0
WBGene00173166.,0,0,0
WBGene00173167.,0,0,0
WBGene00173168.,0,0,0
WBGene00173169.,0,2,2
WBGene00173170.,0,0,0
WBGene00173171.,0,0,0
WBGene00173172.,0,0,0
WBGene00173173.,0,0,0
WBGene00173174.,0,0,0
WBGene00173175.,0,0,0
WBGene00173176.,0,0,0
WBGene00173177.,0,0,0
WBGene00173178.,0,0,0
WBGene00173179.,0,0,0
WBGene00173180.,0,0,0
WBGene00173181.,0,0,0
WBGene00173182.,0,0,0
WBGene00173183.,0,0,0
WBGene00173184.,0,0,0
WBGene00173185.,0,0,0
WBGene00173186.,0,0,0
WBGene00173187.,0,0,0
WBGene00173188.,0,14,14
WBGene00173189.,0,0,0
WBGene00173190.,0,0,0
WBGene00173191.,0,0,0
WBGene00173192.,0,0,0
WBGene00173193.,0,0,0
WBGene00173194.,0,0,0
WBGene00173195.,0,0,0
WBGene00173196.,0,0,0
WBGene00173197.,0,0,0
WBGene00173198.,0,0,0
WBGene00173199.,0,0,0
WBGene00173200.,0,0,0
WBGene00173201.,0,0,0
WBGene00173202.,0,1,1
WBGene00173203.,0,0,0
WBGene00173204.,0,0,0
WBGene00173205.,0,1,1
WBGene00173206.,0,0,0
WBGene00173207.,0,0,0
WBGene00173208.,0,0,0
WBGene00173209.,0,0,0
WBGene00173210.,0,1,1
WBGene00173211.,0,0,0
WBGene00173212.,0,0,0
WBGene00173213.,0,0,0
WBGene00173214.,0,0,0
WBGene00173215.,0,1,1
WBGene00173216.,0,2,2
WBGene00173217.,0,0,0
WBGene00173218.,0,0,0
WBGene00173219.,0,0,0
WBGene00173220.,0,0,0
WBGene00173221.,0,0,0
WBGene00173222.,0,4,4
WBGene00173223.,0,2,2
WBGene00173224.,0,0,0
WBGene00173225.,0,0,0
WBGene00173226.,0,0,0
WBGene00173227.,0,0,0
WBGene00173228.,0,0,0
WBGene00173229.,0,0,0
WBGene00173230.,0,1,1
WBGene00173231.,0,0,0
WBGene00173232.,0,0,0
WBGene00173233.,0,0,0
WBGene00173234.,0,0,0
WBGene00173235.,0,0,0
WBGene00173236.,0,0,0
WBGene00173237.,0,0,0
WBGene00173238.,0,7,7
WBGene00173239.,0,0,0
WBGene00173240.,0,3,3
WBGene00173241.,0,0,0
WBGene00173242.,0,0,0
WBGene00173243.,0,1,1
WBGene00173244.,0,0,0
WBGene00173245.,0,0,0
WBGene00173246.,0,0,0
WBGene00173247.,0,0,0
WBGene00173248.,0,1,1
WBGene00173249.,0,0,0
WBGene00173250.,0,0,0
WBGene00173251.,0,0,0
WBGene00173252.,0,0,0
WBGene00173253.,0,0,0
WBGene00173254.,0,0,0
WBGene00173255.,0,0,0
WBGene00173256.,0,0,0
WBGene00173257.,0,0,0
WBGene00173258.,0,0,0
WBGene00173259.,0,0,0
WBGene00173260.,0,0,0
WBGene00173261.,0,1,1
WBGene00173262.,0,0,0
WBGene00173263.,0,0,0
WBGene00173264.,0,0,0
WBGene00173265.,0,202,202
WBGene00173266.,0,0,0
WBGene00173267.,0,0,0
WBGene00173268.,0,0,0
WBGene00173269.,0,1,1
WBGene00173270.,0,0,0
WBGene00173271.,0,0,0
WBGene00173272.,0,0,0
WBGene00173273.,0,0,0
WBGene00173274.,0,0,0
WBGene00173275.,0,0,0
WBGene00173276.,0,0,0
WBGene00173277.,0,0,0
WBGene00173278.,0,0,0
WBGene00173279.,0,2,2
WBGene00173280.,0,0,0
WBGene00173281.,0,0,0
WBGene00173282.,0,0,0
WBGene00173283.,0,0,0
WBGene00173284.,0,1,1
WBGene00173285.,0,3,3
WBGene00173286.,0,0,0
WBGene00173287.,0,1,1
WBGene00173288.,0,0,0
WBGene00173289.,0,0,0
WBGene00173290.,0,1,1
WBGene00173291.,0,0,0
WBGene00173292.,0,0,0
WBGene00173293.,0,0,0
WBGene00173294.,0,0,0
WBGene00173295.,0,0,0
WBGene00173296.,0,0,0
WBGene00173297.,0,0,0
WBGene00173298.,0,4,4
WBGene00173299.,0,1,1
WBGene00173300.,0,0,0
WBGene00173301.,0,1,1
WBGene00173302.,0,0,0
WBGene00173303.,0,0,0
WBGene00173304.,0,0,0
WBGene00173305.,0,0,0
WBGene00173306.,0,0,0
WBGene00173307.,0,0,0
WBGene00173308.,0,0,0
WBGene00173309.,0,0,0
WBGene00173310.,0,0,0
WBGene00173311.,0,0,0
WBGene00173312.,0,0,0
WBGene00173313.,0,0,0
WBGene00173314.,0,0,0
WBGene00173315.,0,0,0
WBGene00173316.,0,0,0
WBGene00173317.,0,1,1
WBGene00173318.,0,0,0
WBGene00173319.,0,0,0
WBGene00173320.,0,0,0
WBGene00173321.,0,0,0
WBGene00173322.,0,0,0
WBGene00173323.,0,0,0
WBGene00173324.,0,0,0
WBGene00173325.,0,0,0
WBGene00173326.,0,1,1
WBGene00173327.,0,0,0
WBGene00173328.,0,0,0
WBGene00173329.,0,0,0
WBGene00173330.,0,0,0
WBGene00173331.,0,0,0
WBGene00173332.,0,3,3
WBGene00173333.,0,0,0
WBGene00173334.,0,0,0
WBGene00173335.,0,0,0
WBGene00173336.,0,0,0
WBGene00173337.,0,1,1
WBGene00173338.,0,1,1
WBGene00173339.,0,0,0
WBGene00173340.,0,0,0
WBGene00173341.,0,0,0
WBGene00173342.,0,0,0
WBGene00173343.,0,0,0
WBGene00173344.,0,0,0
WBGene00173345.,0,0,0
WBGene00173346.,0,0,0
WBGene00173347.,0,0,0
WBGene00173348.,0,0,0
WBGene00173349.,0,0,0
WBGene00173350.,0,0,0
WBGene00173351.,0,0,0
WBGene00173352.,0,0,0
WBGene00173353.,0,1,1
WBGene00173354.,0,0,0
WBGene00173355.,0,0,0
WBGene00173356.,0,0,0
WBGene00173357.,0,0,0
WBGene00173358.,0,0,0
WBGene00173359.,0,0,0
WBGene00173360.,0,45,45
WBGene00173361.,0,0,0
WBGene00173362.,0,0,0
WBGene00173363.,0,0,0
WBGene00173364.,0,0,0
WBGene00173365.,0,0,0
WBGene00173366.,0,0,0
WBGene00173367.,0,0,0
WBGene00173368.,0,2,2
WBGene00173369.,0,0,0
WBGene00173370.,0,0,0
WBGene00173371.,0,0,0
WBGene00173372.,0,0,0
WBGene00173373.,0,0,0
WBGene00173374.,0,0,0
WBGene00173375.,0,0,0
WBGene00173376.,0,2,2
WBGene00173377.,0,0,0
WBGene00173378.,0,0,0
WBGene00173379.,0,0,0
WBGene00173380.,0,0,0
WBGene00173381.,0,0,0
WBGene00173382.,0,0,0
WBGene00173383.,0,0,0
WBGene00173384.,0,0,0
WBGene00173385.,0,0,0
WBGene00173386.,0,0,0
WBGene00173387.,0,0,0
WBGene00173388.,0,0,0
WBGene00173389.,0,0,0
WBGene00173390.,0,0,0
WBGene00173391.,0,0,0
WBGene00173392.,0,0,0
WBGene00173393.,0,0,0
WBGene00173394.,0,0,0
WBGene00173395.,0,0,0
WBGene00173396.,0,4,4
WBGene00173397.,0,0,0
WBGene00173398.,0,2,2
WBGene00173399.,0,0,0
WBGene00173400.,0,0,0
WBGene00173401.,0,0,0
WBGene00173402.,0,0,0
WBGene00173403.,0,0,0
WBGene00173404.,0,0,0
WBGene00173405.,0,0,0
WBGene00173406.,0,0,0
WBGene00173407.,0,0,0
WBGene00173408.,0,0,0
WBGene00173409.,0,0,0
WBGene00173410.,0,0,0
WBGene00173411.,0,0,0
WBGene00173412.,0,0,0
WBGene00173413.,0,2,2
WBGene00173414.,0,0,0
WBGene00173415.,0,0,0
WBGene00173416.,0,0,0
WBGene00173417.,0,0,0
WBGene00173418.,0,0,0
WBGene00173419.,0,0,0
WBGene00173420.,0,6,6
WBGene00173421.,0,0,0
WBGene00173422.,0,0,0
WBGene00173423.,0,0,0
WBGene00173424.,0,0,0
WBGene00173425.,0,0,0
WBGene00173426.,0,0,0
WBGene00173427.,0,0,0
WBGene00173428.,0,0,0
WBGene00173429.,0,0,0
WBGene00173430.,0,0,0
WBGene00173431.,0,0,0
WBGene00173432.,0,0,0
WBGene00173433.,0,0,0
WBGene00173434.,0,0,0
WBGene00173435.,0,0,0
WBGene00173436.,0,0,0
WBGene00173437.,0,3,3
WBGene00173438.,0,0,0
WBGene00173439.,0,0,0
WBGene00173440.,0,0,0
WBGene00173441.,0,0,0
WBGene00173442.,0,0,0
WBGene00173443.,0,0,0
WBGene00173444.,0,12,12
WBGene00173445.,0,0,0
WBGene00173446.,0,0,0
WBGene00173447.,0,2,2
WBGene00173448.,0,0,0
WBGene00173449.,0,0,0
WBGene00173450.,0,0,0
WBGene00173451.,0,0,0
WBGene00173452.,0,0,0
WBGene00173453.,0,0,0
WBGene00173454.,0,0,0
WBGene00173455.,0,0,0
WBGene00173456.,0,0,0
WBGene00173457.,0,0,0
WBGene00173458.,0,0,0
WBGene00173459.,0,0,0
WBGene00173460.,0,1,1
WBGene00173461.,0,0,0
WBGene00173462.,0,0,0
WBGene00173463.,0,0,0
WBGene00173464.,0,0,0
WBGene00173465.,0,0,0
WBGene00173466.,0,0,0
WBGene00173467.,0,0,0
WBGene00173468.,0,0,0
WBGene00173469.,0,0,0
WBGene00173470.,0,0,0
WBGene00173471.,0,0,0
WBGene00173472.,0,0,0
WBGene00173473.,0,0,0
WBGene00173474.,0,0,0
WBGene00173475.,0,0,0
WBGene00173476.,0,0,0
WBGene00173477.,0,0,0
WBGene00173478.,0,0,0
WBGene00173480.,0,0,0
WBGene00173481.,0,0,0
WBGene00173482.,0,0,0
WBGene00173483.,0,0,0
WBGene00173484.,0,0,0
WBGene00173485.,0,0,0
WBGene00173486.,0,0,0
WBGene00173487.,0,0,0
WBGene00173488.,0,0,0
WBGene00173489.,0,0,0
WBGene00173490.,0,2,2
WBGene00173491.,0,0,0
WBGene00173492.,0,0,0
WBGene00173493.,0,0,0
WBGene00173494.,0,0,0
WBGene00173495.,0,0,0
WBGene00173496.,0,1,1
WBGene00173497.,0,0,0
WBGene00173498.,0,0,0
WBGene00173499.,0,0,0
WBGene00173500.,0,0,0
WBGene00173501.,0,1,1
WBGene00173502.,0,0,0
WBGene00173503.,0,0,0
WBGene00173504.,0,0,0
WBGene00173505.,0,0,0
WBGene00173506.,0,0,0
WBGene00173507.,0,0,0
WBGene00173508.,0,0,0
WBGene00173509.,0,1,1
WBGene00173510.,0,0,0
WBGene00173511.,0,0,0
WBGene00173512.,0,0,0
WBGene00173513.,0,0,0
WBGene00173514.,0,0,0
WBGene00173515.,0,0,0
WBGene00173516.,0,95,95
WBGene00173517.,0,0,0
WBGene00173518.,0,2,2
WBGene00173519.,0,0,0
WBGene00173520.,0,0,0
WBGene00173521.,0,0,0
WBGene00173522.,0,0,0
WBGene00173523.,0,0,0
WBGene00173524.,0,4,4
WBGene00173525.,0,0,0
WBGene00173526.,0,0,0
WBGene00173527.,0,0,0
WBGene00173528.,0,0,0
WBGene00173529.,0,0,0
WBGene00173530.,0,0,0
WBGene00173531.,0,0,0
WBGene00173532.,0,0,0
WBGene00173533.,0,0,0
WBGene00173534.,0,0,0
WBGene00173535.,0,0,0
WBGene00173536.,0,0,0
WBGene00173537.,0,0,0
WBGene00173538.,0,0,0
WBGene00173539.,0,0,0
WBGene00173540.,0,0,0
WBGene00173541.,0,0,0
WBGene00173542.,0,0,0
WBGene00173543.,0,0,0
WBGene00173544.,0,0,0
WBGene00173545.,0,1,1
WBGene00173546.,0,0,0
WBGene00173547.,0,0,0
WBGene00173548.,0,0,0
WBGene00173550.,0,0,0
WBGene00173551.,0,0,0
WBGene00173552.,0,0,0
WBGene00173553.,0,0,0
WBGene00173554.,0,1,1
WBGene00173555.,0,0,0
WBGene00173556.,0,0,0
WBGene00173557.,0,0,0
WBGene00173558.,0,0,0
WBGene00173559.,0,0,0
WBGene00173560.,0,0,0
WBGene00173561.,0,0,0
WBGene00173562.,0,0,0
WBGene00173563.,0,0,0
WBGene00173564.,0,0,0
WBGene00173565.,0,0,0
WBGene00173566.,0,1,1
WBGene00173567.,0,0,0
WBGene00173568.,0,0,0
WBGene00173569.,0,0,0
WBGene00173570.,0,0,0
WBGene00173571.,0,0,0
WBGene00173572.,0,0,0
WBGene00173573.,0,0,0
WBGene00173574.,0,0,0
WBGene00173575.,0,0,0
WBGene00173576.,0,0,0
WBGene00173577.,0,1,1
WBGene00173578.,0,0,0
WBGene00173579.,0,0,0
WBGene00173580.,0,0,0
WBGene00173581.,0,0,0
WBGene00173582.,0,0,0
WBGene00173583.,0,0,0
WBGene00173584.,0,0,0
WBGene00173585.,0,0,0
WBGene00173586.,0,0,0
WBGene00173587.,0,0,0
WBGene00173588.,0,0,0
WBGene00173589.,0,0,0
WBGene00173590.,0,0,0
WBGene00173591.,0,0,0
WBGene00173592.,0,0,0
WBGene00173593.,0,1,1
WBGene00173594.,0,0,0
WBGene00173595.,0,0,0
WBGene00173596.,0,0,0
WBGene00173597.,0,4,4
WBGene00173598.,0,0,0
WBGene00173599.,0,0,0
WBGene00173600.,0,0,0
WBGene00173601.,0,0,0
WBGene00173602.,0,0,0
WBGene00173603.,0,17,17
WBGene00173604.,0,0,0
WBGene00173605.,0,0,0
WBGene00173606.,0,0,0
WBGene00173607.,0,235,235
WBGene00173608.,0,0,0
WBGene00173609.,0,0,0
WBGene00173610.,0,0,0
WBGene00173611.,0,0,0
WBGene00173612.,0,0,0
WBGene00173613.,0,0,0
WBGene00173614.,0,0,0
WBGene00173615.,0,80,80
WBGene00173616.,0,0,0
WBGene00173617.,0,1,1
WBGene00173618.,0,0,0
WBGene00173619.,0,0,0
WBGene00173620.,0,1,1
WBGene00173621.,0,9,9
WBGene00173622.,0,0,0
WBGene00173623.,0,4,4
WBGene00173624.,0,0,0
WBGene00173625.,0,0,0
WBGene00173626.,0,0,0
WBGene00173627.,0,0,0
WBGene00173628.,0,0,0
WBGene00173629.,0,1,1
WBGene00173630.,0,0,0
WBGene00173631.,0,0,0
WBGene00173632.,0,3,3
WBGene00173633.,0,0,0
WBGene00173634.,0,0,0
WBGene00173635.,0,0,0
WBGene00173636.,0,0,0
WBGene00173637.,0,0,0
WBGene00173638.,0,0,0
WBGene00173639.,0,0,0
WBGene00173640.,0,11,11
WBGene00173641.,0,0,0
WBGene00173642.,0,0,0
WBGene00173643.,0,2,2
WBGene00173644.,0,0,0
WBGene00173645.,0,1,1
WBGene00173646.,0,0,0
WBGene00173647.,0,0,0
WBGene00173648.,0,0,0
WBGene00173649.,0,0,0
WBGene00173650.,0,0,0
WBGene00173651.,0,0,0
WBGene00173652.,0,0,0
WBGene00173653.,0,0,0
WBGene00173654.,0,0,0
WBGene00173655.,0,0,0
WBGene00173656.,0,0,0
WBGene00173657.,0,0,0
WBGene00173658.,0,8,8
WBGene00173659.,0,0,0
WBGene00173660.,0,0,0
WBGene00173661.,0,0,0
WBGene00173662.,0,0,0
WBGene00173663.,0,0,0
WBGene00173664.,0,0,0
WBGene00173665.,0,0,0
WBGene00173666.,0,1,1
WBGene00173667.,0,0,0
WBGene00173668.,0,0,0
WBGene00173669.,0,0,0
WBGene00173670.,0,0,0
WBGene00173671.,0,0,0
WBGene00173672.,0,1,1
WBGene00173673.,0,0,0
WBGene00173674.,0,0,0
WBGene00173675.,0,0,0
WBGene00173676.,0,0,0
WBGene00173677.,0,0,0
WBGene00173678.,0,0,0
WBGene00173679.,0,0,0
WBGene00173680.,0,0,0
WBGene00173681.,0,0,0
WBGene00173682.,0,0,0
WBGene00173683.,0,0,0
WBGene00173684.,0,0,0
WBGene00173685.,0,0,0
WBGene00173686.,0,0,0
WBGene00173687.,0,1,1
WBGene00173688.,0,0,0
WBGene00173689.,0,0,0
WBGene00173690.,0,0,0
WBGene00173691.,0,0,0
WBGene00173692.,0,0,0
WBGene00173693.,0,0,0
WBGene00173694.,0,0,0
WBGene00173695.,0,2,2
WBGene00173696.,0,0,0
WBGene00173697.,0,0,0
WBGene00173698.,0,3,3
WBGene00173699.,0,0,0
WBGene00173700.,0,0,0
WBGene00173701.,0,0,0
WBGene00173702.,0,0,0
WBGene00173703.,0,0,0
WBGene00173704.,0,0,0
WBGene00173705.,0,0,0
WBGene00173706.,0,0,0
WBGene00173707.,0,0,0
WBGene00173708.,0,0,0
WBGene00173709.,0,0,0
WBGene00173710.,0,0,0
WBGene00173711.,0,0,0
WBGene00173712.,0,0,0
WBGene00173713.,0,3,3
WBGene00173714.,0,0,0
WBGene00173715.,0,0,0
WBGene00173716.,0,1,1
WBGene00173717.,0,0,0
WBGene00173718.,0,1,1
WBGene00173719.,0,0,0
WBGene00173720.,0,0,0
WBGene00173721.,0,0,0
WBGene00173722.,0,0,0
WBGene00173723.,0,0,0
WBGene00173724.,0,0,0
WBGene00173725.,0,0,0
WBGene00173726.,0,0,0
WBGene00173727.,0,0,0
WBGene00173728.,0,0,0
WBGene00173729.,0,5,5
WBGene00173730.,0,4,4
WBGene00173731.,0,0,0
WBGene00173732.,0,0,0
WBGene00173733.,0,0,0
WBGene00173734.,0,0,0
WBGene00173735.,0,0,0
WBGene00173736.,0,0,0
WBGene00173737.,0,0,0
WBGene00173738.,0,0,0
WBGene00173739.,0,0,0
WBGene00173740.,0,0,0
WBGene00173741.,0,0,0
WBGene00173742.,0,0,0
WBGene00173743.,0,0,0
WBGene00173744.,0,0,0
WBGene00173745.,0,1,1
WBGene00173746.,0,0,0
WBGene00173747.,0,0,0
WBGene00173748.,0,0,0
WBGene00173749.,0,0,0
WBGene00173750.,0,0,0
WBGene00173751.,0,0,0
WBGene00173752.,0,0,0
WBGene00173753.,0,0,0
WBGene00173754.,0,0,0
WBGene00173755.,0,2,2
WBGene00173756.,0,0,0
WBGene00173757.,0,0,0
WBGene00173758.,0,5,5
WBGene00173759.,0,0,0
WBGene00173760.,0,0,0
WBGene00173761.,0,0,0
WBGene00173762.,0,0,0
WBGene00173763.,0,0,0
WBGene00173764.,0,0,0
WBGene00173765.,0,0,0
WBGene00173766.,0,0,0
WBGene00173767.,0,0,0
WBGene00173768.,0,11,11
WBGene00173769.,0,0,0
WBGene00173770.,0,0,0
WBGene00173771.,0,0,0
WBGene00173772.,0,0,0
WBGene00173773.,0,0,0
WBGene00173774.,0,0,0
WBGene00173775.,0,0,0
WBGene00173776.,0,0,0
WBGene00173777.,0,0,0
WBGene00173778.,0,4,4
WBGene00173779.,0,0,0
WBGene00173780.,0,0,0
WBGene00173781.,0,0,0
WBGene00173782.,0,0,0
WBGene00173783.,0,0,0
WBGene00173784.,0,0,0
WBGene00173785.,0,0,0
WBGene00173786.,0,0,0
WBGene00173787.,0,0,0
WBGene00173788.,0,0,0
WBGene00173789.,0,0,0
WBGene00173790.,0,0,0
WBGene00173791.,0,1,1
WBGene00173792.,0,0,0
WBGene00173793.,0,0,0
WBGene00173794.,0,3,3
WBGene00173795.,0,0,0
WBGene00173796.,0,0,0
WBGene00173797.,0,0,0
WBGene00173798.,0,0,0
WBGene00173799.,0,0,0
WBGene00173800.,0,0,0
WBGene00173801.,0,0,0
WBGene00173802.,0,0,0
WBGene00173803.,0,0,0
WBGene00173804.,0,0,0
WBGene00173805.,0,0,0
WBGene00173806.,0,0,0
WBGene00173807.,0,0,0
WBGene00173808.,0,0,0
WBGene00173809.,0,2,2
WBGene00173810.,0,0,0
WBGene00173811.,0,0,0
WBGene00173812.,0,0,0
WBGene00173813.,0,0,0
WBGene00173814.,0,0,0
WBGene00173815.,0,0,0
WBGene00173816.,0,0,0
WBGene00173817.,0,0,0
WBGene00173818.,0,0,0
WBGene00173819.,0,0,0
WBGene00173820.,0,1,1
WBGene00173821.,0,0,0
WBGene00173822.,0,0,0
WBGene00173823.,0,0,0
WBGene00173824.,0,0,0
WBGene00173825.,0,0,0
WBGene00173826.,0,0,0
WBGene00173827.,0,1,1
WBGene00173828.,0,0,0
WBGene00173829.,0,0,0
WBGene00173830.,0,0,0
WBGene00173831.,0,1,1
WBGene00173832.,0,0,0
WBGene00173833.,0,0,0
WBGene00173834.,0,0,0
WBGene00173835.,0,0,0
WBGene00173836.,0,0,0
WBGene00173837.,0,0,0
WBGene00173838.,0,0,0
WBGene00173839.,0,0,0
WBGene00173840.,0,0,0
WBGene00173841.,0,0,0
WBGene00173842.,0,0,0
WBGene00173843.,0,0,0
WBGene00173844.,0,0,0
WBGene00173845.,0,0,0
WBGene00173846.,0,3,3
WBGene00173847.,0,0,0
WBGene00173848.,0,0,0
WBGene00173849.,0,0,0
WBGene00173850.,0,0,0
WBGene00173851.,0,0,0
WBGene00173852.,0,0,0
WBGene00173853.,0,0,0
WBGene00173854.,0,0,0
WBGene00173855.,0,0,0
WBGene00173856.,0,0,0
WBGene00173857.,0,0,0
WBGene00173858.,0,30,30
WBGene00173859.,0,0,0
WBGene00173860.,0,0,0
WBGene00173861.,0,0,0
WBGene00173862.,0,0,0
WBGene00173863.,0,0,0
WBGene00173864.,0,1,1
WBGene00173865.,0,1,1
WBGene00173866.,0,0,0
WBGene00173867.,0,0,0
WBGene00173868.,0,0,0
WBGene00173869.,0,0,0
WBGene00173870.,0,0,0
WBGene00173871.,0,0,0
WBGene00173872.,0,0,0
WBGene00173873.,0,0,0
WBGene00173874.,0,0,0
WBGene00173875.,0,0,0
WBGene00173876.,0,0,0
WBGene00173877.,0,0,0
WBGene00173878.,0,0,0
WBGene00173879.,0,0,0
WBGene00173880.,0,0,0
WBGene00173881.,0,0,0
WBGene00173882.,0,0,0
WBGene00173883.,0,0,0
WBGene00173884.,0,0,0
WBGene00173885.,0,0,0
WBGene00173886.,0,1,1
WBGene00173887.,0,3,3
WBGene00173888.,0,0,0
WBGene00173889.,0,0,0
WBGene00173890.,0,0,0
WBGene00173891.,0,2,2
WBGene00173892.,0,0,0
WBGene00173893.,0,0,0
WBGene00173894.,0,0,0
WBGene00173895.,0,0,0
WBGene00173896.,0,0,0
WBGene00173897.,0,0,0
WBGene00173898.,0,0,0
WBGene00173899.,0,0,0
WBGene00173900.,0,0,0
WBGene00173901.,0,0,0
WBGene00173902.,0,0,0
WBGene00173903.,0,0,0
WBGene00173904.,0,1,1
WBGene00173905.,0,1,1
WBGene00173906.,0,0,0
WBGene00173907.,0,0,0
WBGene00173908.,0,1,1
WBGene00173909.,0,0,0
WBGene00173910.,0,0,0
WBGene00173911.,0,0,0
WBGene00173912.,0,0,0
WBGene00173913.,0,0,0
WBGene00173914.,0,0,0
WBGene00173915.,0,0,0
WBGene00173916.,0,0,0
WBGene00173917.,0,0,0
WBGene00173918.,0,0,0
WBGene00173919.,0,0,0
WBGene00173920.,0,0,0
WBGene00173921.,0,0,0
WBGene00173922.,0,0,0
WBGene00173923.,0,0,0
WBGene00173924.,0,0,0
WBGene00173925.,0,0,0
WBGene00173926.,0,0,0
WBGene00173927.,0,0,0
WBGene00173928.,0,0,0
WBGene00173929.,0,0,0
WBGene00173930.,0,0,0
WBGene00173931.,0,0,0
WBGene00173932.,0,0,0
WBGene00173933.,0,0,0
WBGene00173934.,0,0,0
WBGene00173935.,0,5,5
WBGene00173936.,0,0,0
WBGene00173937.,0,0,0
WBGene00173938.,0,0,0
WBGene00173939.,0,0,0
WBGene00173940.,0,0,0
WBGene00173941.,0,0,0
WBGene00173942.,0,0,0
WBGene00173943.,0,0,0
WBGene00173944.,0,1,1
WBGene00173945.,0,0,0
WBGene00173946.,0,0,0
WBGene00173947.,0,0,0
WBGene00173948.,0,0,0
WBGene00173949.,0,0,0
WBGene00173950.,0,10,10
WBGene00173951.,0,0,0
WBGene00173952.,0,0,0
WBGene00173953.,0,1,1
WBGene00173954.,0,0,0
WBGene00173955.,0,0,0
WBGene00173956.,0,0,0
WBGene00173957.,0,0,0
WBGene00173958.,0,0,0
WBGene00173959.,0,1,1
WBGene00173960.,0,12,12
WBGene00173961.,0,0,0
WBGene00173962.,0,0,0
WBGene00173963.,0,0,0
WBGene00173964.,0,0,0
WBGene00173965.,0,0,0
WBGene00173966.,0,0,0
WBGene00173967.,0,1,1
WBGene00173968.,0,0,0
WBGene00173969.,0,0,0
WBGene00173970.,0,0,0
WBGene00173971.,0,0,0
WBGene00173972.,0,0,0
WBGene00173973.,0,1,1
WBGene00173974.,0,0,0
WBGene00173975.,0,0,0
WBGene00173976.,0,0,0
WBGene00173977.,0,0,0
WBGene00173978.,0,0,0
WBGene00173979.,0,0,0
WBGene00173980.,0,13,13
WBGene00173981.,0,0,0
WBGene00173982.,0,0,0
WBGene00173983.,0,1,1
WBGene00173984.,0,0,0
WBGene00173985.,0,0,0
WBGene00173986.,0,0,0
WBGene00173987.,0,0,0
WBGene00173988.,0,0,0
WBGene00173989.,0,0,0
WBGene00173990.,0,0,0
WBGene00173991.,0,0,0
WBGene00173992.,0,1,1
WBGene00173993.,0,0,0
WBGene00173994.,0,0,0
WBGene00173995.,0,0,0
WBGene00173996.,0,0,0
WBGene00173997.,0,0,0
WBGene00173998.,0,0,0
WBGene00173999.,0,0,0
WBGene00174000.,0,0,0
WBGene00174001.,0,3,3
WBGene00174002.,0,0,0
WBGene00174003.,0,1,1
WBGene00174004.,0,0,0
WBGene00174005.,0,0,0
WBGene00174006.,0,0,0
WBGene00174007.,0,0,0
WBGene00174008.,0,0,0
WBGene00174009.,0,0,0
WBGene00174010.,0,1,1
WBGene00174011.,0,0,0
WBGene00174012.,0,0,0
WBGene00174013.,0,0,0
WBGene00174014.,0,3,3
WBGene00174015.,0,0,0
WBGene00174016.,0,0,0
WBGene00174017.,0,0,0
WBGene00174018.,0,0,0
WBGene00174019.,0,0,0
WBGene00174020.,0,0,0
WBGene00174021.,0,0,0
WBGene00174022.,0,0,0
WBGene00174023.,0,0,0
WBGene00174024.,0,0,0
WBGene00174025.,0,0,0
WBGene00174026.,0,3,3
WBGene00174027.,0,0,0
WBGene00174028.,0,0,0
WBGene00174029.,0,0,0
WBGene00174030.,0,0,0
WBGene00174031.,0,0,0
WBGene00174032.,0,0,0
WBGene00174033.,0,0,0
WBGene00174034.,0,0,0
WBGene00174035.,0,0,0
WBGene00174036.,0,0,0
WBGene00174037.,0,0,0
WBGene00174038.,0,0,0
WBGene00174039.,0,0,0
WBGene00174040.,0,0,0
WBGene00174041.,0,0,0
WBGene00174042.,0,0,0
WBGene00174043.,0,0,0
WBGene00174044.,0,6,6
WBGene00174045.,0,0,0
WBGene00174046.,0,0,0
WBGene00174047.,0,0,0
WBGene00174048.,0,0,0
WBGene00174049.,0,0,0
WBGene00174050.,0,0,0
WBGene00174051.,0,0,0
WBGene00174052.,0,0,0
WBGene00174053.,0,0,0
WBGene00174054.,0,0,0
WBGene00174055.,0,0,0
WBGene00174056.,0,0,0
WBGene00174057.,0,0,0
WBGene00174058.,0,0,0
WBGene00174059.,0,0,0
WBGene00174060.,0,0,0
WBGene00174061.,0,0,0
WBGene00174062.,0,0,0
WBGene00174063.,0,0,0
WBGene00174064.,0,0,0
WBGene00174065.,0,1,1
WBGene00174066.,0,0,0
WBGene00174067.,0,0,0
WBGene00174068.,0,0,0
WBGene00174069.,0,0,0
WBGene00174070.,0,0,0
WBGene00174071.,0,0,0
WBGene00174072.,0,0,0
WBGene00174073.,0,0,0
WBGene00174074.,0,0,0
WBGene00174075.,0,0,0
WBGene00174076.,0,0,0
WBGene00174077.,0,0,0
WBGene00174078.,0,0,0
WBGene00174079.,0,0,0
WBGene00174080.,0,0,0
WBGene00174081.,0,1,1
WBGene00174082.,0,0,0
WBGene00174083.,0,0,0
WBGene00174084.,0,1,1
WBGene00174085.,0,0,0
WBGene00174086.,0,0,0
WBGene00174087.,0,0,0
WBGene00174088.,0,1,1
WBGene00174089.,0,2,2
WBGene00174090.,0,0,0
WBGene00174091.,0,0,0
WBGene00174092.,0,0,0
WBGene00174093.,0,0,0
WBGene00174094.,0,0,0
WBGene00174095.,0,0,0
WBGene00174096.,0,0,0
WBGene00174097.,0,0,0
WBGene00174098.,0,0,0
WBGene00174099.,0,0,0
WBGene00174100.,0,0,0
WBGene00174101.,0,0,0
WBGene00174102.,0,0,0
WBGene00174103.,0,0,0
WBGene00174104.,0,7,7
WBGene00174105.,0,0,0
WBGene00174106.,0,0,0
WBGene00174107.,0,0,0
WBGene00174108.,0,0,0
WBGene00174109.,0,0,0
WBGene00174110.,0,0,0
WBGene00174111.,0,0,0
WBGene00174112.,0,0,0
WBGene00174113.,0,0,0
WBGene00174114.,0,0,0
WBGene00174115.,0,0,0
WBGene00174116.,0,1,1
WBGene00174117.,0,0,0
WBGene00174118.,0,3,3
WBGene00174119.,0,7,7
WBGene00174120.,0,0,0
WBGene00174121.,0,0,0
WBGene00174122.,0,1,1
WBGene00174123.,0,0,0
WBGene00174124.,0,0,0
WBGene00174125.,0,0,0
WBGene00174126.,0,0,0
WBGene00174127.,0,0,0
WBGene00174128.,0,30,30
WBGene00174129.,0,0,0
WBGene00174130.,0,2,2
WBGene00174131.,0,0,0
WBGene00174132.,0,1,1
WBGene00174133.,0,0,0
WBGene00174134.,0,0,0
WBGene00174135.,0,0,0
WBGene00174136.,0,0,0
WBGene00174137.,0,0,0
WBGene00174138.,0,0,0
WBGene00174139.,0,0,0
WBGene00174140.,0,0,0
WBGene00174141.,0,0,0
WBGene00174142.,0,0,0
WBGene00174143.,0,0,0
WBGene00174144.,0,3,3
WBGene00174145.,0,0,0
WBGene00174146.,0,0,0
WBGene00174147.,0,0,0
WBGene00174148.,0,0,0
WBGene00174149.,0,0,0
WBGene00174150.,0,0,0
WBGene00174151.,0,0,0
WBGene00174152.,0,0,0
WBGene00174153.,0,0,0
WBGene00174154.,0,0,0
WBGene00174155.,0,0,0
WBGene00174156.,0,0,0
WBGene00174157.,0,0,0
WBGene00174158.,0,0,0
WBGene00174159.,0,0,0
WBGene00174160.,0,0,0
WBGene00174161.,0,2,2
WBGene00174162.,0,0,0
WBGene00174163.,0,0,0
WBGene00174164.,0,0,0
WBGene00174165.,0,0,0
WBGene00174166.,0,0,0
WBGene00174167.,0,0,0
WBGene00174168.,0,1,1
WBGene00174169.,0,0,0
WBGene00174170.,0,1,1
WBGene00174171.,0,0,0
WBGene00174172.,0,0,0
WBGene00174173.,0,1,1
WBGene00174174.,0,0,0
WBGene00174175.,0,0,0
WBGene00174176.,0,0,0
WBGene00174177.,0,0,0
WBGene00174178.,0,1,1
WBGene00174179.,0,0,0
WBGene00174180.,0,0,0
WBGene00174181.,0,0,0
WBGene00174182.,0,0,0
WBGene00174183.,0,0,0
WBGene00174184.,0,6,6
WBGene00174185.,0,2,2
WBGene00174186.,0,4,4
WBGene00174187.,0,0,0
WBGene00174188.,0,0,0
WBGene00174189.,0,0,0
WBGene00174190.,0,7,7
WBGene00174191.,0,0,0
WBGene00174192.,0,0,0
WBGene00174193.,0,0,0
WBGene00174194.,0,0,0
WBGene00174195.,0,0,0
WBGene00174196.,0,0,0
WBGene00174197.,0,0,0
WBGene00174198.,0,0,0
WBGene00174199.,0,0,0
WBGene00174200.,0,0,0
WBGene00174201.,0,0,0
WBGene00174202.,0,5,5
WBGene00174203.,0,0,0
WBGene00174204.,0,0,0
WBGene00174205.,0,0,0
WBGene00174206.,0,1,1
WBGene00174207.,0,0,0
WBGene00174208.,0,0,0
WBGene00174209.,0,1,1
WBGene00174210.,0,0,0
WBGene00174211.,0,0,0
WBGene00174212.,0,0,0
WBGene00174213.,0,0,0
WBGene00174214.,0,0,0
WBGene00174215.,0,0,0
WBGene00174216.,0,0,0
WBGene00174217.,0,0,0
WBGene00174218.,0,0,0
WBGene00174219.,0,0,0
WBGene00174220.,0,0,0
WBGene00174221.,0,0,0
WBGene00174222.,0,0,0
WBGene00174223.,0,1,1
WBGene00174224.,0,0,0
WBGene00174225.,0,0,0
WBGene00174226.,0,0,0
WBGene00174227.,0,0,0
WBGene00174228.,0,0,0
WBGene00174229.,0,0,0
WBGene00174230.,0,1,1
WBGene00174231.,0,0,0
WBGene00174232.,0,0,0
WBGene00174233.,0,0,0
WBGene00174234.,0,6,6
WBGene00174235.,0,0,0
WBGene00174236.,0,0,0
WBGene00174237.,0,0,0
WBGene00174238.,0,0,0
WBGene00174239.,0,0,0
WBGene00174240.,0,0,0
WBGene00174241.,0,0,0
WBGene00174242.,0,2,2
WBGene00174243.,0,0,0
WBGene00174244.,0,1,1
WBGene00174245.,0,0,0
WBGene00174246.,0,0,0
WBGene00174247.,0,0,0
WBGene00174248.,0,3,3
WBGene00174249.,0,0,0
WBGene00174250.,0,0,0
WBGene00174251.,0,0,0
WBGene00174252.,0,0,0
WBGene00174253.,0,0,0
WBGene00174254.,0,0,0
WBGene00174255.,0,0,0
WBGene00174256.,0,0,0
WBGene00174257.,0,0,0
WBGene00174258.,0,0,0
WBGene00174259.,0,0,0
WBGene00174260.,0,0,0
WBGene00174261.,0,0,0
WBGene00174262.,0,0,0
WBGene00174263.,0,0,0
WBGene00174264.,0,0,0
WBGene00174265.,0,17,17
WBGene00174266.,0,0,0
WBGene00174267.,0,0,0
WBGene00174268.,0,0,0
WBGene00174269.,0,0,0
WBGene00174270.,0,0,0
WBGene00174271.,0,0,0
WBGene00174272.,0,0,0
WBGene00174273.,0,0,0
WBGene00174274.,0,0,0
WBGene00174275.,0,0,0
WBGene00174276.,0,0,0
WBGene00174277.,0,0,0
WBGene00174278.,0,0,0
WBGene00174279.,0,0,0
WBGene00174280.,0,0,0
WBGene00174281.,0,3,3
WBGene00174282.,0,0,0
WBGene00174283.,0,1,1
WBGene00174284.,0,0,0
WBGene00174285.,0,0,0
WBGene00174286.,0,0,0
WBGene00174287.,0,0,0
WBGene00174288.,0,0,0
WBGene00174289.,0,0,0
WBGene00174290.,0,0,0
WBGene00174291.,0,0,0
WBGene00174292.,0,0,0
WBGene00174293.,0,11,11
WBGene00174294.,0,0,0
WBGene00174295.,0,0,0
WBGene00174296.,0,0,0
WBGene00174297.,0,7,7
WBGene00174298.,0,0,0
WBGene00174299.,0,0,0
WBGene00174300.,0,0,0
WBGene00174301.,0,0,0
WBGene00174302.,0,0,0
WBGene00174303.,0,0,0
WBGene00174304.,0,0,0
WBGene00174305.,0,0,0
WBGene00174306.,0,0,0
WBGene00174307.,0,0,0
WBGene00174308.,0,0,0
WBGene00174309.,0,1,1
WBGene00174310.,0,0,0
WBGene00174311.,0,7,7
WBGene00174312.,0,0,0
WBGene00174313.,0,1,1
WBGene00174314.,0,2,2
WBGene00174315.,0,0,0
WBGene00174316.,0,0,0
WBGene00174317.,0,5,5
WBGene00174318.,0,1,1
WBGene00174319.,0,0,0
WBGene00174320.,0,0,0
WBGene00174321.,0,0,0
WBGene00174322.,0,0,0
WBGene00174323.,0,0,0
WBGene00174324.,0,0,0
WBGene00174325.,0,0,0
WBGene00174326.,0,0,0
WBGene00174327.,0,0,0
WBGene00174328.,0,0,0
WBGene00174329.,0,0,0
WBGene00174330.,0,0,0
WBGene00174331.,0,0,0
WBGene00174332.,0,0,0
WBGene00174333.,0,0,0
WBGene00174334.,0,1,1
WBGene00174335.,0,0,0
WBGene00174336.,0,0,0
WBGene00174337.,0,0,0
WBGene00174338.,0,0,0
WBGene00174339.,0,0,0
WBGene00174340.,0,0,0
WBGene00174341.,0,0,0
WBGene00174342.,0,0,0
WBGene00174343.,0,0,0
WBGene00174344.,0,0,0
WBGene00174345.,0,0,0
WBGene00174346.,0,0,0
WBGene00174347.,0,0,0
WBGene00174348.,0,0,0
WBGene00174349.,0,0,0
WBGene00174350.,0,0,0
WBGene00174351.,0,0,0
WBGene00174352.,0,15,15
WBGene00174353.,0,0,0
WBGene00174354.,0,0,0
WBGene00174355.,0,0,0
WBGene00174356.,0,0,0
WBGene00174357.,0,0,0
WBGene00174358.,0,0,0
WBGene00174359.,0,0,0
WBGene00174360.,0,5,5
WBGene00174361.,0,0,0
WBGene00174362.,0,0,0
WBGene00174363.,0,0,0
WBGene00174364.,0,0,0
WBGene00174365.,0,0,0
WBGene00174366.,0,0,0
WBGene00174367.,0,0,0
WBGene00174368.,0,4,4
WBGene00174369.,0,0,0
WBGene00174370.,0,0,0
WBGene00174371.,0,0,0
WBGene00174372.,0,0,0
WBGene00174373.,0,0,0
WBGene00174374.,0,0,0
WBGene00174375.,0,0,0
WBGene00174376.,0,0,0
WBGene00174377.,0,2,2
WBGene00174378.,0,0,0
WBGene00174379.,0,0,0
WBGene00174380.,0,1,1
WBGene00174381.,0,0,0
WBGene00174382.,0,0,0
WBGene00174383.,0,0,0
WBGene00174384.,0,1,1
WBGene00174385.,0,1,1
WBGene00174386.,0,0,0
WBGene00174387.,0,0,0
WBGene00174388.,0,0,0
WBGene00174389.,0,0,0
WBGene00174390.,0,0,0
WBGene00174391.,0,0,0
WBGene00174392.,0,0,0
WBGene00174393.,0,0,0
WBGene00174394.,0,2,2
WBGene00174395.,0,1,1
WBGene00174396.,0,1,1
WBGene00174397.,0,0,0
WBGene00174398.,0,0,0
WBGene00174399.,0,0,0
WBGene00174400.,0,0,0
WBGene00174401.,0,0,0
WBGene00174402.,0,0,0
WBGene00174403.,0,0,0
WBGene00174404.,0,0,0
WBGene00174405.,0,0,0
WBGene00174406.,0,81,81
WBGene00174407.,0,0,0
WBGene00174408.,0,0,0
WBGene00174409.,0,8,8
WBGene00174410.,0,2,2
WBGene00174411.,0,0,0
WBGene00174412.,0,0,0
WBGene00174413.,0,0,0
WBGene00174414.,0,0,0
WBGene00174415.,0,0,0
WBGene00174416.,0,1,1
WBGene00174417.,0,0,0
WBGene00174418.,0,0,0
WBGene00174419.,0,0,0
WBGene00174420.,0,0,0
WBGene00174421.,0,0,0
WBGene00174422.,0,0,0
WBGene00174423.,0,0,0
WBGene00174424.,0,0,0
WBGene00174425.,0,0,0
WBGene00174426.,0,0,0
WBGene00174427.,0,0,0
WBGene00174428.,0,0,0
WBGene00174429.,0,2,2
WBGene00174430.,0,0,0
WBGene00174431.,0,0,0
WBGene00174432.,0,0,0
WBGene00174433.,0,0,0
WBGene00174434.,0,0,0
WBGene00174435.,0,0,0
WBGene00174436.,0,0,0
WBGene00174437.,0,0,0
WBGene00174438.,0,0,0
WBGene00174439.,0,0,0
WBGene00174440.,0,9,9
WBGene00174441.,0,0,0
WBGene00174442.,0,1,1
WBGene00174443.,0,0,0
WBGene00174444.,0,0,0
WBGene00174445.,0,0,0
WBGene00174446.,0,0,0
WBGene00174447.,0,0,0
WBGene00174448.,0,0,0
WBGene00174449.,0,0,0
WBGene00174450.,0,0,0
WBGene00174451.,0,0,0
WBGene00174452.,0,0,0
WBGene00174453.,0,10,10
WBGene00174454.,0,0,0
WBGene00174455.,0,0,0
WBGene00174456.,0,0,0
WBGene00174457.,0,0,0
WBGene00174458.,0,0,0
WBGene00174459.,0,0,0
WBGene00174460.,0,0,0
WBGene00174461.,0,0,0
WBGene00174462.,0,0,0
WBGene00174463.,0,1,1
WBGene00174464.,0,0,0
WBGene00174465.,0,0,0
WBGene00174466.,0,0,0
WBGene00174467.,0,0,0
WBGene00174468.,0,0,0
WBGene00174469.,0,0,0
WBGene00174470.,0,0,0
WBGene00174471.,0,0,0
WBGene00174472.,0,0,0
WBGene00174473.,0,0,0
WBGene00174474.,0,1,1
WBGene00174475.,0,6,6
WBGene00174476.,0,0,0
WBGene00174477.,0,0,0
WBGene00174478.,0,2,2
WBGene00174479.,0,0,0
WBGene00174480.,0,0,0
WBGene00174481.,0,0,0
WBGene00174482.,0,0,0
WBGene00174483.,0,0,0
WBGene00174484.,0,0,0
WBGene00174485.,0,9,9
WBGene00174486.,0,0,0
WBGene00174487.,0,0,0
WBGene00174488.,0,0,0
WBGene00174489.,0,0,0
WBGene00174490.,0,0,0
WBGene00174491.,0,0,0
WBGene00174492.,0,0,0
WBGene00174493.,0,0,0
WBGene00174494.,0,0,0
WBGene00174495.,0,1,1
WBGene00174496.,0,8,8
WBGene00174497.,0,0,0
WBGene00174498.,0,0,0
WBGene00174499.,0,1,1
WBGene00174500.,0,0,0
WBGene00174501.,0,0,0
WBGene00174502.,0,0,0
WBGene00174503.,0,0,0
WBGene00174504.,0,0,0
WBGene00174505.,0,0,0
WBGene00174506.,0,0,0
WBGene00174507.,0,0,0
WBGene00174508.,0,0,0
WBGene00174509.,0,0,0
WBGene00174510.,0,0,0
WBGene00174511.,0,0,0
WBGene00174512.,0,4,4
WBGene00174513.,0,2,2
WBGene00174514.,0,3,3
WBGene00174515.,0,0,0
WBGene00174516.,0,0,0
WBGene00174517.,0,0,0
WBGene00174518.,0,0,0
WBGene00174519.,0,0,0
WBGene00174520.,0,0,0
WBGene00174521.,0,0,0
WBGene00174522.,0,0,0
WBGene00174523.,0,0,0
WBGene00174524.,0,0,0
WBGene00174525.,0,0,0
WBGene00174526.,0,0,0
WBGene00174527.,0,1,1
WBGene00174528.,0,0,0
WBGene00174529.,0,0,0
WBGene00174530.,0,0,0
WBGene00174531.,0,2,2
WBGene00174532.,0,0,0
WBGene00174533.,0,0,0
WBGene00174534.,0,0,0
WBGene00174535.,0,0,0
WBGene00174536.,0,0,0
WBGene00174537.,0,0,0
WBGene00174538.,0,0,0
WBGene00174539.,0,0,0
WBGene00174540.,0,0,0
WBGene00174541.,0,0,0
WBGene00174542.,0,0,0
WBGene00174543.,0,0,0
WBGene00174544.,0,0,0
WBGene00174545.,0,0,0
WBGene00174546.,0,0,0
WBGene00174547.,0,0,0
WBGene00174548.,0,0,0
WBGene00174549.,0,0,0
WBGene00174550.,0,0,0
WBGene00174551.,0,1,1
WBGene00174552.,0,0,0
WBGene00174553.,0,0,0
WBGene00174554.,0,0,0
WBGene00174555.,0,0,0
WBGene00174556.,0,1,1
WBGene00174557.,0,1,1
WBGene00174558.,0,0,0
WBGene00174559.,0,1,1
WBGene00174560.,0,6,6
WBGene00174561.,0,0,0
WBGene00174562.,0,0,0
WBGene00174563.,0,0,0
WBGene00174564.,0,0,0
WBGene00174565.,0,0,0
WBGene00174566.,0,0,0
WBGene00174567.,0,0,0
WBGene00174568.,0,0,0
WBGene00174569.,0,0,0
WBGene00174570.,0,0,0
WBGene00174571.,0,0,0
WBGene00174572.,0,0,0
WBGene00174573.,0,0,0
WBGene00174574.,0,0,0
WBGene00174575.,0,0,0
WBGene00174576.,0,0,0
WBGene00174577.,0,0,0
WBGene00174578.,0,0,0
WBGene00174579.,0,1,1
WBGene00174580.,0,0,0
WBGene00174581.,0,0,0
WBGene00174582.,0,0,0
WBGene00174583.,0,0,0
WBGene00174584.,0,0,0
WBGene00174585.,0,0,0
WBGene00174586.,0,0,0
WBGene00174587.,0,0,0
WBGene00174588.,0,0,0
WBGene00174589.,0,0,0
WBGene00174590.,0,0,0
WBGene00174591.,0,0,0
WBGene00174592.,0,0,0
WBGene00174593.,0,0,0
WBGene00174594.,0,0,0
WBGene00174595.,0,3,3
WBGene00174596.,0,0,0
WBGene00174597.,0,0,0
WBGene00174598.,0,0,0
WBGene00174599.,0,0,0
WBGene00174600.,0,0,0
WBGene00174601.,0,0,0
WBGene00174602.,0,1,1
WBGene00174603.,0,0,0
WBGene00174604.,0,0,0
WBGene00174605.,0,0,0
WBGene00174606.,0,0,0
WBGene00174607.,0,1,1
WBGene00174608.,0,0,0
WBGene00174609.,0,1,1
WBGene00174610.,0,2,2
WBGene00174611.,0,0,0
WBGene00174612.,0,0,0
WBGene00174613.,0,0,0
WBGene00174614.,0,0,0
WBGene00174615.,0,1,1
WBGene00174616.,0,0,0
WBGene00174617.,0,0,0
WBGene00174618.,0,0,0
WBGene00174619.,0,0,0
WBGene00174620.,0,0,0
WBGene00174621.,0,0,0
WBGene00174622.,0,0,0
WBGene00174623.,0,0,0
WBGene00174624.,0,0,0
WBGene00174625.,0,0,0
WBGene00174626.,0,0,0
WBGene00174627.,0,0,0
WBGene00174628.,0,0,0
WBGene00174629.,0,0,0
WBGene00174630.,0,1,1
WBGene00174631.,0,3,3
WBGene00174632.,0,0,0
WBGene00174633.,0,0,0
WBGene00174634.,0,2,2
WBGene00174635.,0,0,0
WBGene00174636.,0,0,0
WBGene00174637.,0,1,1
WBGene00174638.,0,0,0
WBGene00174639.,0,0,0
WBGene00174640.,0,0,0
WBGene00174641.,0,0,0
WBGene00174642.,0,0,0
WBGene00174643.,0,0,0
WBGene00174644.,0,0,0
WBGene00174645.,0,0,0
WBGene00174646.,0,0,0
WBGene00174647.,0,0,0
WBGene00174648.,0,0,0
WBGene00174649.,0,0,0
WBGene00174650.,0,0,0
WBGene00174651.,0,0,0
WBGene00174652.,0,0,0
WBGene00174653.,0,14,14
WBGene00174654.,0,0,0
WBGene00174655.,0,1,1
WBGene00174656.,0,0,0
WBGene00174657.,0,0,0
WBGene00174658.,0,0,0
WBGene00174659.,0,1,1
WBGene00174660.,0,0,0
WBGene00174661.,0,0,0
WBGene00174662.,0,0,0
WBGene00174663.,0,0,0
WBGene00174664.,0,0,0
WBGene00174665.,0,0,0
WBGene00174666.,0,0,0
WBGene00174667.,0,0,0
WBGene00174668.,0,0,0
WBGene00174669.,0,0,0
WBGene00174670.,0,0,0
WBGene00174671.,0,0,0
WBGene00174672.,0,0,0
WBGene00174673.,0,68,68
WBGene00174674.,0,0,0
WBGene00174675.,0,0,0
WBGene00174676.,0,3,3
WBGene00174677.,0,0,0
WBGene00174678.,0,0,0
WBGene00174679.,0,0,0
WBGene00174680.,0,0,0
WBGene00174681.,0,0,0
WBGene00174682.,0,0,0
WBGene00174683.,0,0,0
WBGene00174684.,0,0,0
WBGene00174685.,0,0,0
WBGene00174686.,0,2,2
WBGene00174687.,0,0,0
WBGene00174688.,0,0,0
WBGene00174689.,0,0,0
WBGene00174690.,0,0,0
WBGene00174691.,0,0,0
WBGene00174692.,0,14,14
WBGene00174693.,0,0,0
WBGene00174694.,0,0,0
WBGene00174695.,0,2,2
WBGene00174696.,0,0,0
WBGene00174697.,0,0,0
WBGene00174698.,0,0,0
WBGene00174699.,0,0,0
WBGene00174700.,0,1,1
WBGene00174701.,0,0,0
WBGene00174702.,0,5,5
WBGene00174703.,0,0,0
WBGene00174704.,0,0,0
WBGene00174705.,0,0,0
WBGene00174706.,0,0,0
WBGene00174707.,0,6,6
WBGene00174708.,0,0,0
WBGene00174709.,0,0,0
WBGene00174710.,0,9,9
WBGene00174711.,0,0,0
WBGene00174712.,0,3,3
WBGene00174713.,0,0,0
WBGene00174714.,0,0,0
WBGene00174715.,0,3,3
WBGene00174716.,0,0,0
WBGene00174717.,0,0,0
WBGene00174718.,0,0,0
WBGene00174719.,0,0,0
WBGene00174720.,0,0,0
WBGene00174721.,0,2,2
WBGene00174722.,0,0,0
WBGene00174723.,0,0,0
WBGene00174724.,0,0,0
WBGene00174725.,0,0,0
WBGene00174726.,0,0,0
WBGene00174727.,0,0,0
WBGene00174728.,0,0,0
WBGene00174729.,0,0,0
WBGene00174730.,0,0,0
WBGene00174731.,0,0,0
WBGene00174732.,0,0,0
WBGene00174733.,0,0,0
WBGene00174734.,0,0,0
WBGene00174735.,0,1,1
WBGene00174736.,0,0,0
WBGene00174737.,0,1,1
WBGene00174738.,0,0,0
WBGene00174739.,0,3,3
WBGene00174740.,0,0,0
WBGene00174741.,0,7,7
WBGene00174742.,0,0,0
WBGene00174743.,0,0,0
WBGene00174744.,0,0,0
WBGene00174745.,0,0,0
WBGene00174746.,0,0,0
WBGene00174747.,0,0,0
WBGene00174748.,0,0,0
WBGene00174749.,0,0,0
WBGene00174750.,0,0,0
WBGene00174751.,0,0,0
WBGene00174752.,0,0,0
WBGene00174753.,0,0,0
WBGene00174754.,0,0,0
WBGene00174755.,0,1,1
WBGene00174756.,0,0,0
WBGene00174757.,0,0,0
WBGene00174758.,0,0,0
WBGene00174759.,0,0,0
WBGene00174760.,0,0,0
WBGene00174761.,0,0,0
WBGene00174762.,0,1,1
WBGene00174763.,0,0,0
WBGene00174764.,0,0,0
WBGene00174765.,0,0,0
WBGene00174766.,0,0,0
WBGene00174767.,0,0,0
WBGene00174768.,0,2,2
WBGene00174769.,0,0,0
WBGene00174770.,0,0,0
WBGene00174771.,0,1,1
WBGene00174772.,0,0,0
WBGene00174773.,0,2,2
WBGene00174774.,0,0,0
WBGene00174775.,0,0,0
WBGene00174776.,0,0,0
WBGene00174777.,0,0,0
WBGene00174778.,0,0,0
WBGene00174779.,0,0,0
WBGene00174780.,0,0,0
WBGene00174781.,0,0,0
WBGene00174782.,0,0,0
WBGene00174783.,0,0,0
WBGene00174784.,0,0,0
WBGene00174785.,0,0,0
WBGene00174786.,0,0,0
WBGene00174787.,0,0,0
WBGene00174788.,0,1,1
WBGene00174789.,0,0,0
WBGene00174790.,0,0,0
WBGene00174791.,0,0,0
WBGene00174792.,0,0,0
WBGene00174793.,0,4,4
WBGene00174794.,0,0,0
WBGene00174795.,0,0,0
WBGene00174796.,0,0,0
WBGene00174797.,0,0,0
WBGene00174798.,0,0,0
WBGene00174799.,0,0,0
WBGene00174800.,0,1,1
WBGene00174801.,0,0,0
WBGene00174802.,0,0,0
WBGene00174803.,0,0,0
WBGene00174804.,0,0,0
WBGene00174805.,0,0,0
WBGene00174806.,0,0,0
WBGene00174807.,0,0,0
WBGene00174808.,0,1,1
WBGene00174809.,0,0,0
WBGene00174810.,0,0,0
WBGene00174811.,0,0,0
WBGene00174812.,0,1,1
WBGene00174813.,0,4,4
WBGene00174814.,0,0,0
WBGene00174815.,0,0,0
WBGene00174816.,0,0,0
WBGene00174817.,0,2,2
WBGene00174818.,0,0,0
WBGene00174819.,0,0,0
WBGene00174820.,0,0,0
WBGene00174821.,0,7,7
WBGene00174822.,0,0,0
WBGene00174823.,0,0,0
WBGene00174824.,0,0,0
WBGene00174825.,0,0,0
WBGene00174826.,0,0,0
WBGene00174827.,0,0,0
WBGene00174828.,0,0,0
WBGene00174829.,0,0,0
WBGene00174830.,0,0,0
WBGene00174831.,0,0,0
WBGene00174832.,0,0,0
WBGene00174833.,0,16,16
WBGene00174834.,0,0,0
WBGene00174835.,0,0,0
WBGene00174836.,0,0,0
WBGene00174837.,0,0,0
WBGene00174838.,0,2,2
WBGene00174839.,0,0,0
WBGene00174840.,0,0,0
WBGene00174841.,0,0,0
WBGene00174842.,0,0,0
WBGene00174843.,0,0,0
WBGene00174844.,0,0,0
WBGene00174845.,0,0,0
WBGene00174846.,0,0,0
WBGene00174847.,0,0,0
WBGene00174848.,0,0,0
WBGene00174849.,0,0,0
WBGene00174850.,0,2,2
WBGene00174851.,0,0,0
WBGene00174852.,0,0,0
WBGene00174853.,0,0,0
WBGene00174854.,0,0,0
WBGene00174855.,0,0,0
WBGene00174856.,0,0,0
WBGene00174857.,0,0,0
WBGene00174858.,0,0,0
WBGene00174859.,0,0,0
WBGene00174860.,0,0,0
WBGene00174861.,0,0,0
WBGene00174862.,0,0,0
WBGene00174863.,0,0,0
WBGene00174864.,0,0,0
WBGene00174865.,0,0,0
WBGene00174866.,0,0,0
WBGene00174867.,0,0,0
WBGene00174868.,0,1,1
WBGene00174869.,0,0,0
WBGene00174870.,0,0,0
WBGene00174871.,0,0,0
WBGene00174872.,0,2,2
WBGene00174873.,0,0,0
WBGene00174874.,0,1,1
WBGene00174875.,0,0,0
WBGene00174876.,0,1,1
WBGene00174877.,0,0,0
WBGene00174878.,0,1,1
WBGene00174879.,0,0,0
WBGene00174880.,0,1,1
WBGene00174881.,0,0,0
WBGene00174882.,0,0,0
WBGene00174883.,0,3,3
WBGene00174884.,0,4,4
WBGene00174885.,0,0,0
WBGene00174886.,0,2,2
WBGene00174887.,0,0,0
WBGene00174888.,0,0,0
WBGene00174889.,0,0,0
WBGene00174890.,0,0,0
WBGene00174891.,0,5,5
WBGene00174892.,0,0,0
WBGene00174893.,0,0,0
WBGene00174894.,0,0,0
WBGene00174895.,0,7,7
WBGene00174896.,0,0,0
WBGene00174897.,0,0,0
WBGene00174898.,0,1,1
WBGene00174899.,0,0,0
WBGene00174900.,0,3,3
WBGene00174901.,0,1,1
WBGene00174902.,0,1,1
WBGene00174903.,0,0,0
WBGene00174904.,0,0,0
WBGene00174905.,0,0,0
WBGene00174906.,0,0,0
WBGene00174907.,0,0,0
WBGene00174908.,0,0,0
WBGene00174909.,0,0,0
WBGene00174910.,0,1,1
WBGene00174911.,0,0,0
WBGene00174912.,0,0,0
WBGene00174913.,0,0,0
WBGene00174914.,0,0,0
WBGene00174915.,0,0,0
WBGene00174916.,0,0,0
WBGene00174917.,0,0,0
WBGene00174918.,0,0,0
WBGene00174919.,0,0,0
WBGene00174920.,0,0,0
WBGene00174921.,0,0,0
WBGene00174922.,0,0,0
WBGene00174923.,0,0,0
WBGene00174924.,0,0,0
WBGene00174925.,0,0,0
WBGene00174926.,0,0,0
WBGene00174927.,0,0,0
WBGene00174928.,0,0,0
WBGene00174929.,0,0,0
WBGene00174930.,0,0,0
WBGene00174931.,0,0,0
WBGene00174932.,0,0,0
WBGene00174933.,0,0,0
WBGene00174934.,0,0,0
WBGene00174935.,0,0,0
WBGene00174936.,0,0,0
WBGene00174937.,0,3,3
WBGene00174938.,0,3,3
WBGene00174939.,0,0,0
WBGene00174940.,0,0,0
WBGene00174941.,0,0,0
WBGene00174942.,0,0,0
WBGene00174943.,0,0,0
WBGene00174944.,0,1,1
WBGene00174945.,0,0,0
WBGene00174946.,0,0,0
WBGene00174947.,0,0,0
WBGene00174948.,0,0,0
WBGene00174949.,0,0,0
WBGene00174950.,0,0,0
WBGene00174951.,0,0,0
WBGene00174952.,0,0,0
WBGene00174953.,0,0,0
WBGene00174954.,0,0,0
WBGene00174955.,0,0,0
WBGene00174956.,0,0,0
WBGene00174957.,0,0,0
WBGene00174958.,0,0,0
WBGene00174959.,0,0,0
WBGene00174960.,0,0,0
WBGene00174961.,0,0,0
WBGene00174962.,0,0,0
WBGene00174963.,0,0,0
WBGene00174964.,0,1,1
WBGene00174965.,0,0,0
WBGene00174966.,0,0,0
WBGene00174967.,0,0,0
WBGene00174968.,0,0,0
WBGene00174969.,0,0,0
WBGene00174970.,0,0,0
WBGene00174971.,0,23,23
WBGene00174972.,0,1,1
WBGene00174973.,0,0,0
WBGene00174974.,0,0,0
WBGene00174975.,0,0,0
WBGene00174976.,0,1,1
WBGene00174977.,0,0,0
WBGene00174978.,0,0,0
WBGene00174979.,0,0,0
WBGene00174980.,0,0,0
WBGene00174981.,0,0,0
WBGene00174982.,0,3,3
WBGene00174983.,0,0,0
WBGene00174984.,0,0,0
WBGene00174985.,0,0,0
WBGene00174986.,0,0,0
WBGene00174987.,0,0,0
WBGene00174988.,0,3,3
WBGene00174989.,0,0,0
WBGene00174990.,0,0,0
WBGene00174991.,0,0,0
WBGene00174992.,0,0,0
WBGene00174993.,0,0,0
WBGene00174994.,0,0,0
WBGene00174995.,0,0,0
WBGene00174996.,0,0,0
WBGene00174997.,0,0,0
WBGene00174998.,0,0,0
WBGene00174999.,0,0,0
WBGene00175000.,0,0,0
WBGene00175001.,0,0,0
WBGene00175002.,0,0,0
WBGene00175003.,0,0,0
WBGene00175004.,0,0,0
WBGene00175005.,0,7,7
WBGene00175006.,0,1,1
WBGene00175007.,0,0,0
WBGene00175008.,0,0,0
WBGene00175009.,0,0,0
WBGene00175010.,0,0,0
WBGene00175011.,0,0,0
WBGene00175012.,0,0,0
WBGene00175013.,0,0,0
WBGene00175014.,0,0,0
WBGene00175015.,0,0,0
WBGene00175016.,0,0,0
WBGene00175017.,0,0,0
WBGene00175018.,0,0,0
WBGene00175019.,0,0,0
WBGene00175020.,0,0,0
WBGene00175021.,0,0,0
WBGene00175022.,0,0,0
WBGene00175023.,0,0,0
WBGene00175024.,0,0,0
WBGene00175025.,0,2,2
WBGene00175027.,91,58,149
WBGene00175028.,2,2,4
WBGene00175029.,90,379,469
WBGene00175030.,7,752,759
WBGene00175031.,3,4,7
WBGene00175034.,13,215,228
WBGene00175035.,62,498,560
WBGene00175036.,0,25,25
WBGene00184956.,1,7,8
WBGene00184990.,14,195,209
WBGene00185001.,101,1112,1213
WBGene00185002.,41,118,159
WBGene00185005.,6,532,538
WBGene00185006.,1,2,3
WBGene00185014.,45,408,453
WBGene00185048.,77,1257,1334
WBGene00185055.,6,4,10
WBGene00185067.,0,3,3
WBGene00185076.,109,780,889
WBGene00185077.,0,51,51
WBGene00185078.,494,207,701
WBGene00185079.,85,1014,1099
WBGene00185086.,5,143,148
WBGene00185088.,4,324,328
WBGene00185089.,1,49,50
WBGene00185092.,1,19,20
WBGene00185093.,0,0,0
WBGene00185095.,0,2,2
WBGene00185096.,0,0,0
WBGene00185097.,1,1,2
WBGene00185098.,31,330,361
WBGene00185100.,4,3,7
WBGene00185101.,7,7,14
WBGene00185102.,33,453,486
WBGene00185116.,1,1,2
WBGene00185117.,32,97,129
WBGene00185118.,366,1038,1404
WBGene00185119.,1,1,2
WBGene00189930.,2,1,3
WBGene00189931.,0,0,0
WBGene00189932.,0,0,0
WBGene00189933.,7,10,17
WBGene00189937.,0,0,0
WBGene00189943.,0,1,1
WBGene00189944.,26,77,103
WBGene00189946.,0,0,0
WBGene00189947.,0,1,1
WBGene00189948.,0,14,14
WBGene00189949.,8,12,20
WBGene00189950.,14,12,26
WBGene00189951.,30,208,238
WBGene00189952.,10,85,95
WBGene00189953.,0,0,0
WBGene00189954.,0,0,0
WBGene00189955.,0,0,0
WBGene00189956.,16,7,23
WBGene00189957.,9,25,34
WBGene00189958.,19,961,980
WBGene00189961.,3,14,17
WBGene00189964.,0,0,0
WBGene00189966.,0,0,0
WBGene00189967.,0,0,0
WBGene00189968.,0,0,0
WBGene00189969.,0,0,0
WBGene00189970.,0,0,0
WBGene00189971.,0,0,0
WBGene00189972.,0,0,0
WBGene00189973.,0,0,0
WBGene00189974.,0,0,0
WBGene00189975.,0,0,0
WBGene00189976.,0,0,0
WBGene00189977.,0,0,0
WBGene00189978.,0,0,0
WBGene00189979.,0,0,0
WBGene00189980.,0,0,0
WBGene00189981.,0,0,0
WBGene00189982.,0,0,0
WBGene00189983.,0,0,0
WBGene00189984.,0,0,0
WBGene00189985.,0,0,0
WBGene00189986.,0,0,0
WBGene00189987.,7,11,18
WBGene00189993.,0,3,3
WBGene00189995.,0,0,0
WBGene00194641.,225,1450,1675
WBGene00194642.,71,426,497
WBGene00194643.,38,48,86
WBGene00194644.,52,173,225
WBGene00194645.,0,0,0
WBGene00194646.,0,0,0
WBGene00194647.,1,0,1
WBGene00194649.,5,56,61
WBGene00194650.,13,11,24
WBGene00194651.,72,730,802
WBGene00194652.,5,18,23
WBGene00194653.,4,0,4
WBGene00194654.,5,6,11
WBGene00194656.,1,2,3
WBGene00194657.,22,208,230
WBGene00194658.,18,294,312
WBGene00194659.,8,38,46
WBGene00194660.,0,38,38
WBGene00194661.,4,19,23
WBGene00194663.,1,19,20
WBGene00194664.,4,145,149
WBGene00194665.,24,11,35
WBGene00194666.,0,1,1
WBGene00194667.,11,69,80
WBGene00194668.,0,0,0
WBGene00194669.,14,14,28
WBGene00194670.,0,2,2
WBGene00194672.,0,5,5
WBGene00194673.,4,0,4
WBGene00194674.,2,6,8
WBGene00194675.,0,7,7
WBGene00194676.,5,8,13
WBGene00194677.,8,8,16
WBGene00194678.,0,1,1
WBGene00194679.,16,251,267
WBGene00194680.,21,1836,1857
WBGene00194681.,143,1716,1859
WBGene00194682.,5,29,34
WBGene00194683.,24,326,350
WBGene00194684.,2,3,5
WBGene00194686.,0,1,1
WBGene00194687.,2,7,9
WBGene00194689.,16,124,140
WBGene00194690.,24,14,38
WBGene00194691.,1,7,8
WBGene00194692.,90,1717,1807
WBGene00194695.,0,0,0
WBGene00194696.,0,0,0
WBGene00194697.,6,37,43
WBGene00194698.,0,0,0
WBGene00194699.,0,11,11
WBGene00194700.,1,5,6
WBGene00194701.,1,3,4
WBGene00194702.,16,0,16
WBGene00194703.,0,9,9
WBGene00194704.,0,0,0
WBGene00194706.,33,487,520
WBGene00194707.,19,961,980
WBGene00194708.,0,6,6
WBGene00194710.,68,402,470
WBGene00194711.,2,2,4
WBGene00194712.,22,58,80
WBGene00194713.,0,230,230
WBGene00194714.,0,0,0
WBGene00194715.,0,0,0
WBGene00194716.,0,36,36
WBGene00194717.,1,1,2
WBGene00194725.,0,27,27
WBGene00194726.,4,26,30
WBGene00194727.,4,0,4
WBGene00194729.,10,53,63
WBGene00194730.,11,3,14
WBGene00194731.,28,74,102
WBGene00194733.,1,1,2
WBGene00194734.,0,3,3
WBGene00194735.,3,1,4
WBGene00194737.,8,1,9
WBGene00194738.,0,2,2
WBGene00194742.,9,121,130
WBGene00194744.,0,3,3
WBGene00194746.,3,3,6
WBGene00194747.,66,1198,1264
WBGene00194748.,0,120,120
WBGene00194759.,0,0,0
WBGene00194768.,0,6,6
WBGene00194769.,9,21,30
WBGene00194771.,1,2,3
WBGene00194780.,0,1,1
WBGene00194783.,0,0,0
WBGene00194784.,3,5,8
WBGene00194785.,0,5,5
WBGene00194786.,15,1,16
WBGene00194787.,0,0,0
WBGene00194788.,2,0,2
WBGene00194792.,5,4,9
WBGene00194793.,6,20,26
WBGene00194794.,0,32,32
WBGene00194795.,1,21,22
WBGene00194799.,0,0,0
WBGene00194800.,0,5,5
WBGene00194801.,0,1,1
WBGene00194802.,0,0,0
WBGene00194803.,2,28,30
WBGene00194804.,0,2,2
WBGene00194805.,0,0,0
WBGene00194806.,0,9,9
WBGene00194807.,0,5,5
WBGene00194808.,0,0,0
WBGene00194809.,0,0,0
WBGene00194810.,0,8,8
WBGene00194811.,0,1,1
WBGene00194812.,0,99,99
WBGene00194814.,17,226,243
WBGene00194815.,10,17,27
WBGene00194816.,1,15,16
WBGene00194821.,1,6,7
WBGene00194822.,0,1,1
WBGene00194823.,0,0,0
WBGene00194824.,0,0,0
WBGene00194825.,0,0,0
WBGene00194826.,0,0,0
WBGene00194827.,0,15,15
WBGene00194828.,0,0,0
WBGene00194829.,0,0,0
WBGene00194830.,0,0,0
WBGene00194831.,0,0,0
WBGene00194832.,0,40,40
WBGene00194833.,0,4,4
WBGene00194834.,0,0,0
WBGene00194835.,3,38,41
WBGene00194836.,366,121,487
WBGene00194839.,0,7,7
WBGene00194840.,0,0,0
WBGene00194841.,0,2,2
WBGene00194842.,10,0,10
WBGene00194843.,3,9,12
WBGene00194844.,1,6,7
WBGene00194847.,0,4,4
WBGene00194848.,7,7,14
WBGene00194849.,16,50,66
WBGene00194850.,1,2,3
WBGene00194851.,0,0,0
WBGene00194852.,15,61,76
WBGene00194853.,3,1,4
WBGene00194854.,0,0,0
WBGene00194855.,10,69,79
WBGene00194856.,341,117,458
WBGene00194861.,4,21,25
WBGene00194864.,2,0,2
WBGene00194865.,0,0,0
WBGene00194866.,41,62,103
WBGene00194867.,1,1,2
WBGene00194868.,21,5,26
WBGene00194869.,0,791,791
WBGene00194870.,17,35,52
WBGene00194871.,0,0,0
WBGene00194883.,38,773,811
WBGene00194884.,3,1,4
WBGene00194885.,0,0,0
WBGene00194886.,2,20,22
WBGene00194888.,1,1,2
WBGene00194890.,22,0,22
WBGene00194891.,0,9,9
WBGene00194892.,25,162,187
WBGene00194894.,0,0,0
WBGene00194895.,2,153,155
WBGene00194896.,200,2,202
WBGene00194898.,0,0,0
WBGene00194902.,7,6,13
WBGene00194905.,51,347,398
WBGene00194906.,8,16,24
WBGene00194907.,0,0,0
WBGene00194908.,70,561,631
WBGene00194909.,48,355,403
WBGene00194910.,46,85,131
WBGene00194912.,1,4,5
WBGene00194913.,115,116,231
WBGene00194914.,0,2,2
WBGene00194915.,12,285,297
WBGene00194916.,0,15,15
WBGene00194917.,11,40,51
WBGene00194918.,0,1,1
WBGene00194919.,3,11,14
WBGene00194920.,1,9,10
WBGene00194921.,47,397,444
WBGene00194922.,0,8,8
WBGene00194923.,0,2,2
WBGene00194924.,0,1,1
WBGene00194925.,0,0,0
WBGene00194926.,29,387,416
WBGene00194927.,0,0,0
WBGene00194928.,21,138,159
WBGene00194929.,0,4,4
WBGene00194930.,0,0,0
WBGene00194931.,0,0,0
WBGene00194932.,0,2,2
WBGene00194933.,0,1,1
WBGene00194934.,5,219,224
WBGene00194935.,0,1,1
WBGene00194939.,1,3,4
WBGene00194940.,0,14,14
WBGene00194945.,0,0,0
WBGene00194951.,0,0,0
WBGene00194952.,0,4,4
WBGene00194955.,102,49,151
WBGene00194957.,0,13,13
WBGene00194981.,6,2,8
WBGene00194982.,36,95,131
WBGene00194983.,0,0,0
WBGene00194984.,0,0,0
WBGene00194985.,1,1,2
WBGene00194986.,0,0,0
WBGene00194987.,0,4,4
WBGene00194988.,0,0,0
WBGene00194989.,0,0,0
WBGene00194990.,0,0,0
WBGene00194991.,0,0,0
WBGene00194992.,0,8,8
WBGene00194993.,0,29,29
WBGene00194994.,0,1,1
WBGene00194995.,0,1,1
WBGene00194996.,0,0,0
WBGene00194997.,0,1,1
WBGene00194998.,5,146,151
WBGene00194999.,0,0,0
WBGene00195000.,0,40,40
WBGene00195001.,0,0,0
WBGene00195002.,0,0,0
WBGene00195003.,0,8,8
WBGene00195004.,10,4,14
WBGene00195005.,0,89,89
WBGene00195006.,4,2,6
WBGene00195007.,0,0,0
WBGene00195008.,0,0,0
WBGene00195009.,0,3,3
WBGene00195010.,0,1,1
WBGene00195011.,43,105,148
WBGene00195012.,7,8,15
WBGene00195016.,0,4,4
WBGene00195017.,0,12,12
WBGene00195018.,0,0,0
WBGene00195019.,0,0,0
WBGene00195020.,0,0,0
WBGene00195021.,0,0,0
WBGene00195022.,0,0,0
WBGene00195023.,0,0,0
WBGene00195024.,0,7,7
WBGene00195025.,0,0,0
WBGene00195026.,0,0,0
WBGene00195027.,0,0,0
WBGene00195028.,0,0,0
WBGene00195029.,0,0,0
WBGene00195030.,0,0,0
WBGene00195031.,0,0,0
WBGene00195032.,0,0,0
WBGene00195033.,0,0,0
WBGene00195034.,0,0,0
WBGene00195035.,0,0,0
WBGene00195036.,0,0,0
WBGene00195037.,0,0,0
WBGene00195038.,0,0,0
WBGene00195039.,0,0,0
WBGene00195040.,0,24,24
WBGene00195043.,0,461,461
WBGene00195045.,2,16,18
WBGene00195046.,13,9,22
WBGene00195048.,2,2,4
WBGene00195049.,14,15,29
WBGene00195050.,7,66,73
WBGene00195051.,0,132,132
WBGene00195056.,92,1223,1315
WBGene00195057.,1,3,4
WBGene00195058.,17,2,19
WBGene00195060.,53,1061,1114
WBGene00195061.,0,1,1
WBGene00195063.,98,1352,1450
WBGene00195064.,6,0,6
WBGene00195065.,1,2,3
WBGene00195067.,3,34,37
WBGene00195068.,14,30,44
WBGene00195069.,1,26,27
WBGene00195070.,0,10,10
WBGene00195071.,0,4,4
WBGene00195072.,1,2,3
WBGene00195073.,203,931,1134
WBGene00195077.,0,2,2
WBGene00195081.,4,19,23
WBGene00195084.,40,305,345
WBGene00195086.,17,602,619
WBGene00195093.,91,1609,1700
WBGene00195117.,0,3,3
WBGene00195142.,0,599,599
WBGene00195143.,249,390,639
WBGene00195144.,4,9,13
WBGene00195145.,27,58,85
WBGene00195146.,0,214,214
WBGene00195147.,16,27,43
WBGene00195148.,7,5,12
WBGene00195149.,2,2,4
WBGene00195150.,1,5,6
WBGene00195151.,0,2,2
WBGene00195154.,1,4,5
WBGene00195155.,0,8,8
WBGene00195157.,4,5,9
WBGene00195158.,0,1,1
WBGene00195159.,0,46,46
WBGene00195160.,0,0,0
WBGene00195164.,3,25,28
WBGene00195165.,0,4,4
WBGene00195166.,15,674,689
WBGene00195168.,0,0,0
WBGene00195169.,12,41,53
WBGene00195170.,5,40,45
WBGene00195171.,0,0,0
WBGene00195172.,0,0,0
WBGene00195174.,6,3,9
WBGene00195175.,0,606,606
WBGene00195176.,5,32,37
WBGene00195177.,0,2,2
WBGene00195178.,2,8,10
WBGene00195179.,6,14,20
WBGene00195180.,5,39,44
WBGene00195181.,0,0,0
WBGene00195182.,3,6,9
WBGene00195183.,1,32,33
WBGene00195184.,2,79,81
WBGene00195185.,449,635,1084
WBGene00195186.,27,275,302
WBGene00195188.,0,2,2
WBGene00195189.,3,22,25
WBGene00195192.,12,80,92
WBGene00195208.,2,29,31
WBGene00195209.,0,40,40
WBGene00195210.,2,11,13
WBGene00195211.,3,5,8
WBGene00195212.,20,76,96
WBGene00195213.,3,2,5
WBGene00195214.,0,1,1
WBGene00195215.,1,2,3
WBGene00195226.,2,24,26
WBGene00195227.,0,1,1
WBGene00195228.,0,0,0
WBGene00195229.,0,0,0
WBGene00195230.,0,0,0
WBGene00195231.,0,0,0
WBGene00195232.,4,3,7
WBGene00195233.,89,1543,1632
WBGene00195234.,4,7,11
WBGene00195235.,1,0,1
WBGene00195236.,0,0,0
WBGene00195237.,0,0,0
WBGene00195238.,0,3,3
WBGene00195239.,78,766,844
WBGene00195240.,0,5,5
WBGene00195241.,0,0,0
WBGene00195242.,0,0,0
WBGene00195243.,0,1,1
WBGene00195244.,2,19,21
WBGene00195245.,0,36,36
WBGene00195246.,11,27,38
WBGene00195247.,0,0,0
WBGene00195248.,14,35,49
WBGene00195250.,0,1,1
WBGene00195252.,20,3,23
WBGene00195253.,10,182,192
WBGene00195254.,2,0,2
WBGene00195255.,9,30,39
WBGene00195256.,3,0,3
WBGene00195257.,213,242,455
WBGene00195258.,0,0,0
WBGene00195259.,0,1,1
WBGene00195260.,0,0,0
WBGene00195261.,0,0,0
WBGene00195262.,0,1,1
WBGene00195263.,0,0,0
WBGene00195264.,0,1,1
WBGene00195265.,0,7,7
WBGene00195266.,0,1,1
WBGene00195267.,0,2,2
WBGene00195268.,0,7,7
WBGene00195269.,0,0,0
WBGene00195270.,0,2,2
WBGene00195271.,0,0,0
WBGene00195272.,0,0,0
WBGene00195273.,0,0,0
WBGene00195274.,0,0,0
WBGene00195275.,0,3,3
WBGene00195276.,0,0,0
WBGene00195277.,0,1,1
WBGene00195278.,0,0,0
WBGene00195279.,0,4,4
WBGene00195280.,0,2,2
WBGene00195281.,0,0,0
WBGene00195282.,0,0,0
WBGene00195283.,0,3,3
WBGene00195284.,0,0,0
WBGene00195285.,0,0,0
WBGene00195286.,0,2,2
WBGene00195287.,0,2,2
WBGene00195288.,0,0,0
WBGene00195289.,0,0,0
WBGene00195290.,0,0,0
WBGene00195291.,0,1,1
WBGene00195292.,0,0,0
WBGene00195293.,0,0,0
WBGene00195294.,0,1,1
WBGene00195295.,0,3,3
WBGene00195296.,0,1,1
WBGene00195297.,0,0,0
WBGene00195298.,0,0,0
WBGene00195299.,0,1,1
WBGene00195300.,0,1,1
WBGene00195301.,0,0,0
WBGene00195302.,0,2,2
WBGene00195303.,0,0,0
WBGene00195304.,0,0,0
WBGene00195305.,0,1,1
WBGene00195306.,0,2,2
WBGene00195307.,0,0,0
WBGene00195308.,0,23,23
WBGene00195309.,0,2,2
WBGene00195310.,0,0,0
WBGene00195311.,0,0,0
WBGene00195312.,0,0,0
WBGene00195313.,0,0,0
WBGene00195314.,0,0,0
WBGene00195315.,0,0,0
WBGene00195316.,0,0,0
WBGene00195317.,0,0,0
WBGene00195318.,0,0,0
WBGene00195319.,0,2,2
WBGene00195320.,0,0,0
WBGene00195321.,0,0,0
WBGene00195322.,0,0,0
WBGene00195323.,0,0,0
WBGene00195324.,0,0,0
WBGene00195325.,0,20,20
WBGene00195326.,0,1,1
WBGene00195327.,0,3,3
WBGene00195328.,0,6,6
WBGene00195329.,0,0,0
WBGene00195330.,0,37,37
WBGene00195331.,0,16,16
WBGene00195332.,0,0,0
WBGene00195333.,0,9,9
WBGene00195334.,0,0,0
WBGene00195335.,0,0,0
WBGene00195336.,0,1,1
WBGene00195337.,0,3,3
WBGene00195338.,0,0,0
WBGene00195339.,0,0,0
WBGene00195340.,0,7,7
WBGene00195341.,0,0,0
WBGene00195342.,0,0,0
WBGene00195343.,0,0,0
WBGene00195344.,0,0,0
WBGene00195345.,0,0,0
WBGene00195346.,0,0,0
WBGene00195347.,0,4,4
WBGene00195348.,0,0,0
WBGene00195349.,0,0,0
WBGene00195350.,0,0,0
WBGene00195351.,0,7,7
WBGene00195352.,0,0,0
WBGene00195353.,0,0,0
WBGene00195354.,0,17,17
WBGene00195355.,0,0,0
WBGene00195356.,0,52,52
WBGene00195357.,0,0,0
WBGene00195358.,0,0,0
WBGene00195359.,0,2,2
WBGene00195360.,0,0,0
WBGene00195361.,0,0,0
WBGene00195362.,0,0,0
WBGene00195363.,0,53,53
WBGene00195364.,0,0,0
WBGene00195365.,0,0,0
WBGene00195366.,0,18,18
WBGene00195367.,0,0,0
WBGene00195368.,0,0,0
WBGene00195369.,0,0,0
WBGene00195370.,0,6,6
WBGene00195371.,0,2,2
WBGene00195372.,0,3,3
WBGene00195373.,0,0,0
WBGene00195374.,0,1,1
WBGene00195375.,0,0,0
WBGene00195376.,0,2,2
WBGene00195377.,0,0,0
WBGene00195378.,0,7,7
WBGene00195379.,0,0,0
WBGene00195380.,0,0,0
WBGene00195381.,0,1,1
WBGene00195382.,0,4,4
WBGene00195383.,0,0,0
WBGene00195384.,0,1,1
WBGene00195385.,0,1,1
WBGene00195386.,0,4,4
WBGene00195387.,0,0,0
WBGene00195388.,0,1,1
WBGene00195389.,0,2,2
WBGene00195390.,0,2,2
WBGene00195391.,0,3,3
WBGene00195392.,0,2,2
WBGene00195393.,0,0,0
WBGene00195394.,0,4,4
WBGene00195395.,0,0,0
WBGene00195396.,0,2,2
WBGene00195397.,0,2,2
WBGene00195398.,0,5,5
WBGene00195399.,0,2,2
WBGene00195400.,0,5,5
WBGene00195401.,0,2,2
WBGene00195402.,0,3,3
WBGene00195403.,0,3,3
WBGene00195404.,0,0,0
WBGene00195405.,0,34,34
WBGene00195406.,0,7,7
WBGene00195407.,0,0,0
WBGene00195408.,0,1,1
WBGene00195409.,0,0,0
WBGene00195410.,0,0,0
WBGene00195411.,0,0,0
WBGene00195412.,0,0,0
WBGene00195413.,0,1,1
WBGene00195414.,0,13,13
WBGene00195415.,0,0,0
WBGene00195416.,0,6,6
WBGene00195417.,0,4,4
WBGene00195418.,0,0,0
WBGene00195419.,0,0,0
WBGene00195420.,0,0,0
WBGene00195421.,0,6,6
WBGene00195422.,0,0,0
WBGene00195423.,0,0,0
WBGene00195424.,0,0,0
WBGene00195425.,0,0,0
WBGene00195426.,0,7,7
WBGene00195427.,0,2,2
WBGene00195428.,0,2,2
WBGene00195429.,0,0,0
WBGene00195430.,0,0,0
WBGene00195431.,0,0,0
WBGene00195432.,0,1,1
WBGene00195433.,0,0,0
WBGene00195434.,0,0,0
WBGene00195435.,0,0,0
WBGene00195436.,0,32,32
WBGene00195437.,0,0,0
WBGene00195438.,0,7,7
WBGene00195439.,0,0,0
WBGene00195440.,0,2,2
WBGene00195441.,0,6,6
WBGene00195442.,0,4,4
WBGene00195443.,0,0,0
WBGene00195444.,0,0,0
WBGene00195445.,0,0,0
WBGene00195446.,0,0,0
WBGene00195447.,0,1,1
WBGene00195448.,0,4,4
WBGene00195449.,0,0,0
WBGene00195450.,0,2,2
WBGene00195451.,0,0,0
WBGene00195452.,0,0,0
WBGene00195453.,0,73,73
WBGene00195454.,0,35,35
WBGene00195455.,0,0,0
WBGene00195456.,0,12,12
WBGene00195457.,0,0,0
WBGene00195458.,0,0,0
WBGene00195459.,0,0,0
WBGene00195460.,0,0,0
WBGene00195461.,0,0,0
WBGene00195462.,0,0,0
WBGene00195463.,0,1,1
WBGene00195464.,0,0,0
WBGene00195465.,0,0,0
WBGene00195466.,0,0,0
WBGene00195467.,0,0,0
WBGene00195468.,0,0,0
WBGene00195469.,0,0,0
WBGene00195470.,0,0,0
WBGene00195471.,0,10,10
WBGene00195472.,0,3,3
WBGene00195473.,0,0,0
WBGene00195474.,0,5,5
WBGene00195475.,0,0,0
WBGene00195476.,0,0,0
WBGene00195477.,0,1,1
WBGene00195478.,0,0,0
WBGene00195479.,0,0,0
WBGene00195480.,0,5,5
WBGene00195481.,0,0,0
WBGene00195482.,0,0,0
WBGene00195483.,0,2,2
WBGene00195484.,0,8,8
WBGene00195485.,0,1,1
WBGene00195486.,0,2,2
WBGene00195487.,0,1,1
WBGene00195488.,0,0,0
WBGene00195489.,0,0,0
WBGene00195490.,0,0,0
WBGene00195491.,0,6,6
WBGene00195492.,0,0,0
WBGene00195493.,0,4,4
WBGene00195494.,0,1,1
WBGene00195495.,0,19,19
WBGene00195496.,0,1,1
WBGene00195497.,0,0,0
WBGene00195498.,0,0,0
WBGene00195499.,0,0,0
WBGene00195500.,0,2,2
WBGene00195501.,0,4,4
WBGene00195502.,0,0,0
WBGene00195503.,0,0,0
WBGene00195504.,0,1,1
WBGene00195505.,0,0,0
WBGene00195506.,0,1,1
WBGene00195507.,0,1,1
WBGene00195508.,0,0,0
WBGene00195509.,0,2,2
WBGene00195510.,0,0,0
WBGene00195511.,0,4,4
WBGene00195512.,0,10,10
WBGene00195513.,0,0,0
WBGene00195514.,0,0,0
WBGene00195515.,0,0,0
WBGene00195516.,0,0,0
WBGene00195517.,0,0,0
WBGene00195518.,0,0,0
WBGene00195519.,0,0,0
WBGene00195520.,0,13,13
WBGene00195521.,0,3,3
WBGene00195522.,0,2,2
WBGene00195523.,0,0,0
WBGene00195524.,0,0,0
WBGene00195525.,0,1,1
WBGene00195526.,0,0,0
WBGene00195527.,0,0,0
WBGene00195528.,0,0,0
WBGene00195529.,0,2,2
WBGene00195530.,0,0,0
WBGene00195531.,0,1,1
WBGene00195532.,0,1,1
WBGene00195533.,0,0,0
WBGene00195534.,0,0,0
WBGene00195535.,0,0,0
WBGene00195536.,0,6,6
WBGene00195537.,0,0,0
WBGene00195538.,0,0,0
WBGene00195539.,0,1,1
WBGene00195540.,0,0,0
WBGene00195541.,0,0,0
WBGene00195542.,0,87,87
WBGene00195543.,0,22,22
WBGene00195544.,0,0,0
WBGene00195545.,0,2,2
WBGene00195546.,0,0,0
WBGene00195547.,0,1,1
WBGene00195548.,0,1,1
WBGene00195549.,0,0,0
WBGene00195550.,0,5,5
WBGene00195551.,0,1,1
WBGene00195552.,0,11,11
WBGene00195553.,0,0,0
WBGene00195554.,0,0,0
WBGene00195555.,0,1,1
WBGene00195556.,0,0,0
WBGene00195557.,0,0,0
WBGene00195558.,0,1,1
WBGene00195559.,0,2,2
WBGene00195560.,0,2,2
WBGene00195561.,0,12,12
WBGene00195562.,0,4,4
WBGene00195563.,0,3,3
WBGene00195564.,0,4,4
WBGene00195565.,0,1,1
WBGene00195566.,0,0,0
WBGene00195567.,0,0,0
WBGene00195568.,0,2,2
WBGene00195569.,0,0,0
WBGene00195570.,0,14,14
WBGene00195571.,0,0,0
WBGene00195572.,0,3,3
WBGene00195573.,0,0,0
WBGene00195574.,0,6,6
WBGene00195575.,0,3,3
WBGene00195576.,0,1,1
WBGene00195577.,0,0,0
WBGene00195578.,0,8,8
WBGene00195579.,0,0,0
WBGene00195580.,0,0,0
WBGene00195581.,0,1,1
WBGene00195582.,0,0,0
WBGene00195583.,0,0,0
WBGene00195584.,0,0,0
WBGene00195585.,0,2,2
WBGene00195586.,0,25,25
WBGene00195587.,0,0,0
WBGene00195588.,0,63,63
WBGene00195589.,0,0,0
WBGene00195590.,0,9,9
WBGene00195591.,0,13,13
WBGene00195592.,0,0,0
WBGene00195593.,0,0,0
WBGene00195594.,0,4,4
WBGene00195595.,0,0,0
WBGene00195596.,0,3,3
WBGene00195597.,0,0,0
WBGene00195598.,0,0,0
WBGene00195599.,0,0,0
WBGene00195600.,0,0,0
WBGene00195601.,0,8,8
WBGene00195602.,0,0,0
WBGene00195603.,0,0,0
WBGene00195604.,0,0,0
WBGene00195605.,0,0,0
WBGene00195606.,0,0,0
WBGene00195607.,0,0,0
WBGene00195608.,0,0,0
WBGene00195609.,0,0,0
WBGene00195610.,0,0,0
WBGene00195611.,0,0,0
WBGene00195612.,0,0,0
WBGene00195613.,0,4,4
WBGene00195614.,0,1,1
WBGene00195615.,0,17,17
WBGene00195616.,0,11,11
WBGene00195617.,0,0,0
WBGene00195618.,0,0,0
WBGene00195619.,0,2,2
WBGene00195620.,0,0,0
WBGene00195621.,0,1,1
WBGene00195622.,0,0,0
WBGene00195623.,0,23,23
WBGene00195624.,0,0,0
WBGene00195625.,0,0,0
WBGene00195626.,0,0,0
WBGene00195627.,0,0,0
WBGene00195628.,0,1,1
WBGene00195629.,0,1,1
WBGene00195630.,0,7,7
WBGene00195631.,0,0,0
WBGene00195632.,0,0,0
WBGene00195633.,0,0,0
WBGene00195634.,0,0,0
WBGene00195635.,0,4,4
WBGene00195636.,0,7,7
WBGene00195637.,0,2,2
WBGene00195638.,0,0,0
WBGene00195639.,0,15,15
WBGene00195640.,0,0,0
WBGene00195641.,0,0,0
WBGene00195642.,0,1,1
WBGene00195643.,0,0,0
WBGene00195644.,0,0,0
WBGene00195645.,0,1,1
WBGene00195646.,0,2,2
WBGene00195647.,0,22,22
WBGene00195648.,0,69,69
WBGene00195649.,0,0,0
WBGene00195650.,0,3,3
WBGene00195651.,0,13,13
WBGene00195652.,0,0,0
WBGene00195653.,0,0,0
WBGene00195654.,0,0,0
WBGene00195655.,0,0,0
WBGene00195656.,0,28,28
WBGene00195657.,0,0,0
WBGene00195658.,0,0,0
WBGene00195659.,0,9,9
WBGene00195660.,0,1,1
WBGene00195661.,0,5,5
WBGene00195662.,0,0,0
WBGene00195663.,0,0,0
WBGene00195664.,0,1,1
WBGene00195665.,0,1,1
WBGene00195666.,0,4,4
WBGene00195667.,0,0,0
WBGene00195668.,0,0,0
WBGene00195669.,0,0,0
WBGene00195670.,0,6,6
WBGene00195671.,0,0,0
WBGene00195672.,0,0,0
WBGene00195673.,0,0,0
WBGene00195674.,0,0,0
WBGene00195675.,0,0,0
WBGene00195676.,0,0,0
WBGene00195677.,0,1,1
WBGene00195678.,0,0,0
WBGene00195679.,0,0,0
WBGene00195680.,0,0,0
WBGene00195681.,0,0,0
WBGene00195682.,0,0,0
WBGene00195683.,0,0,0
WBGene00195684.,0,0,0
WBGene00195685.,0,7,7
WBGene00195686.,0,0,0
WBGene00195687.,0,4,4
WBGene00195688.,0,0,0
WBGene00195689.,0,8,8
WBGene00195690.,0,0,0
WBGene00195691.,0,2,2
WBGene00195692.,0,1,1
WBGene00195693.,0,9,9
WBGene00195694.,0,5,5
WBGene00195695.,0,0,0
WBGene00195696.,0,0,0
WBGene00195697.,0,0,0
WBGene00195698.,0,0,0
WBGene00195699.,0,0,0
WBGene00195700.,0,2,2
WBGene00195701.,0,0,0
WBGene00195702.,0,0,0
WBGene00195703.,0,0,0
WBGene00195704.,0,0,0
WBGene00195705.,0,18,18
WBGene00195706.,0,0,0
WBGene00195707.,0,0,0
WBGene00195708.,0,7,7
WBGene00195709.,0,1,1
WBGene00195710.,0,0,0
WBGene00195711.,0,0,0
WBGene00195712.,0,7,7
WBGene00195713.,0,12,12
WBGene00195714.,0,0,0
WBGene00195715.,0,0,0
WBGene00195716.,0,15,15
WBGene00195717.,0,1,1
WBGene00195718.,0,8,8
WBGene00195719.,0,0,0
WBGene00195720.,0,6,6
WBGene00195721.,0,2,2
WBGene00195722.,0,4,4
WBGene00195723.,0,23,23
WBGene00195724.,0,0,0
WBGene00195725.,0,1,1
WBGene00195726.,0,1,1
WBGene00195727.,0,0,0
WBGene00195728.,0,173,173
WBGene00195729.,0,0,0
WBGene00195730.,0,0,0
WBGene00195731.,0,13,13
WBGene00195732.,0,0,0
WBGene00195733.,0,0,0
WBGene00195734.,0,0,0
WBGene00195735.,0,1,1
WBGene00195736.,0,0,0
WBGene00195737.,0,5,5
WBGene00195738.,0,0,0
WBGene00195739.,0,2,2
WBGene00195740.,0,9,9
WBGene00195741.,0,0,0
WBGene00195742.,0,0,0
WBGene00195743.,0,0,0
WBGene00195744.,0,3,3
WBGene00195745.,0,2,2
WBGene00195746.,0,3,3
WBGene00195747.,0,8,8
WBGene00195748.,0,0,0
WBGene00195749.,0,0,0
WBGene00195750.,0,0,0
WBGene00195751.,0,0,0
WBGene00195752.,0,2,2
WBGene00195753.,0,0,0
WBGene00195754.,0,6,6
WBGene00195755.,0,0,0
WBGene00195756.,0,0,0
WBGene00195757.,0,0,0
WBGene00195758.,0,0,0
WBGene00195759.,0,1,1
WBGene00195760.,0,0,0
WBGene00195761.,0,3,3
WBGene00195762.,0,11,11
WBGene00195763.,0,0,0
WBGene00195764.,0,0,0
WBGene00195765.,0,4,4
WBGene00195766.,0,4,4
WBGene00195767.,0,5,5
WBGene00195768.,0,1,1
WBGene00195769.,0,15,15
WBGene00195770.,0,4,4
WBGene00195771.,0,0,0
WBGene00195772.,0,0,0
WBGene00195773.,0,7,7
WBGene00195774.,0,0,0
WBGene00195775.,0,16,16
WBGene00195776.,0,9,9
WBGene00195777.,0,3,3
WBGene00195778.,0,0,0
WBGene00195779.,0,0,0
WBGene00195780.,0,1,1
WBGene00195781.,0,0,0
WBGene00195782.,0,21,21
WBGene00195783.,0,3,3
WBGene00195784.,0,21,21
WBGene00195785.,0,56,56
WBGene00195786.,0,5,5
WBGene00195787.,0,3,3
WBGene00195788.,0,0,0
WBGene00195789.,0,1,1
WBGene00195790.,0,2,2
WBGene00195791.,0,10,10
WBGene00195792.,0,0,0
WBGene00195793.,0,3,3
WBGene00195794.,0,0,0
WBGene00195795.,0,2,2
WBGene00195796.,0,0,0
WBGene00195797.,0,0,0
WBGene00195798.,0,0,0
WBGene00195799.,0,3,3
WBGene00195800.,0,0,0
WBGene00195801.,0,4,4
WBGene00195802.,0,1,1
WBGene00195803.,0,0,0
WBGene00195804.,0,1,1
WBGene00195805.,0,3,3
WBGene00195806.,0,0,0
WBGene00195807.,0,1,1
WBGene00195808.,0,1,1
WBGene00195809.,0,0,0
WBGene00195810.,0,9,9
WBGene00195811.,0,6,6
WBGene00195812.,0,0,0
WBGene00195813.,0,0,0
WBGene00195814.,0,9,9
WBGene00195815.,0,0,0
WBGene00195816.,0,0,0
WBGene00195817.,0,1,1
WBGene00195818.,0,1,1
WBGene00195819.,0,12,12
WBGene00195820.,0,46,46
WBGene00195821.,0,0,0
WBGene00195822.,0,0,0
WBGene00195823.,0,21,21
WBGene00195824.,0,5,5
WBGene00195825.,0,0,0
WBGene00195826.,0,81,81
WBGene00195827.,0,0,0
WBGene00195828.,0,0,0
WBGene00195829.,0,0,0
WBGene00195830.,0,0,0
WBGene00195831.,0,0,0
WBGene00195832.,0,0,0
WBGene00195833.,0,31,31
WBGene00195834.,0,2,2
WBGene00195835.,0,0,0
WBGene00195836.,0,0,0
WBGene00195837.,0,0,0
WBGene00195838.,0,2,2
WBGene00195839.,0,1,1
WBGene00195840.,0,26,26
WBGene00195841.,0,0,0
WBGene00195842.,0,1,1
WBGene00195843.,0,6,6
WBGene00195844.,0,0,0
WBGene00195845.,0,1,1
WBGene00195846.,0,2,2
WBGene00195847.,0,0,0
WBGene00195848.,0,5,5
WBGene00195849.,0,0,0
WBGene00195850.,0,1,1
WBGene00195851.,0,0,0
WBGene00195852.,0,4,4
WBGene00195853.,0,6,6
WBGene00195854.,0,0,0
WBGene00195855.,0,2,2
WBGene00195856.,0,0,0
WBGene00195857.,0,0,0
WBGene00195858.,0,0,0
WBGene00195859.,0,4,4
WBGene00195860.,0,0,0
WBGene00195861.,0,1,1
WBGene00195862.,0,2,2
WBGene00195863.,0,0,0
WBGene00195864.,0,2,2
WBGene00195865.,0,0,0
WBGene00195866.,0,0,0
WBGene00195867.,0,0,0
WBGene00195868.,0,6,6
WBGene00195869.,0,0,0
WBGene00195870.,0,0,0
WBGene00195871.,0,4,4
WBGene00195872.,0,0,0
WBGene00195873.,0,4,4
WBGene00195874.,0,0,0
WBGene00195875.,0,0,0
WBGene00195876.,0,0,0
WBGene00195877.,0,5,5
WBGene00195878.,0,1,1
WBGene00195879.,0,7,7
WBGene00195880.,0,1,1
WBGene00195881.,0,0,0
WBGene00195882.,0,44,44
WBGene00195883.,0,1,1
WBGene00195884.,0,1,1
WBGene00195885.,0,1,1
WBGene00195886.,0,13,13
WBGene00195887.,0,84,84
WBGene00195888.,0,0,0
WBGene00195889.,0,63,63
WBGene00195890.,0,0,0
WBGene00195891.,0,2,2
WBGene00195892.,0,1,1
WBGene00195893.,0,2,2
WBGene00195894.,0,0,0
WBGene00195895.,0,0,0
WBGene00195896.,0,2,2
WBGene00195897.,0,5,5
WBGene00195898.,0,4,4
WBGene00195899.,0,0,0
WBGene00195900.,0,6,6
WBGene00195901.,0,0,0
WBGene00195902.,0,0,0
WBGene00195903.,0,0,0
WBGene00195904.,0,0,0
WBGene00195905.,0,0,0
WBGene00195906.,0,2,2
WBGene00195907.,0,13,13
WBGene00195908.,0,0,0
WBGene00195909.,0,5,5
WBGene00195910.,0,11,11
WBGene00195911.,0,2,2
WBGene00195912.,0,0,0
WBGene00195913.,0,0,0
WBGene00195914.,0,128,128
WBGene00195915.,0,4,4
WBGene00195916.,0,0,0
WBGene00195917.,0,0,0
WBGene00195918.,0,0,0
WBGene00195919.,0,1,1
WBGene00195920.,0,0,0
WBGene00195921.,0,77,77
WBGene00195922.,0,0,0
WBGene00195923.,0,1,1
WBGene00195924.,0,0,0
WBGene00195925.,0,0,0
WBGene00195926.,0,2,2
WBGene00195927.,0,6,6
WBGene00195928.,0,0,0
WBGene00195929.,0,0,0
WBGene00195930.,0,2,2
WBGene00195931.,0,0,0
WBGene00195932.,0,1,1
WBGene00195933.,0,0,0
WBGene00195934.,0,2,2
WBGene00195935.,0,17,17
WBGene00195936.,0,0,0
WBGene00195937.,0,0,0
WBGene00195938.,0,0,0
WBGene00195939.,0,0,0
WBGene00195940.,0,3,3
WBGene00195941.,0,5,5
WBGene00195942.,0,0,0
WBGene00195943.,0,0,0
WBGene00195944.,0,0,0
WBGene00195945.,0,0,0
WBGene00195946.,0,0,0
WBGene00195947.,0,50,50
WBGene00195948.,0,1,1
WBGene00195949.,0,5,5
WBGene00195950.,0,1,1
WBGene00195951.,0,0,0
WBGene00195952.,0,6,6
WBGene00195953.,0,0,0
WBGene00195954.,0,3,3
WBGene00195955.,0,0,0
WBGene00195956.,0,0,0
WBGene00195957.,0,2,2
WBGene00195958.,0,0,0
WBGene00195959.,0,0,0
WBGene00195960.,0,0,0
WBGene00195961.,0,7,7
WBGene00195962.,0,0,0
WBGene00195963.,0,0,0
WBGene00195964.,0,0,0
WBGene00195965.,0,0,0
WBGene00195966.,0,6,6
WBGene00195967.,0,0,0
WBGene00195968.,0,0,0
WBGene00195969.,0,0,0
WBGene00195970.,0,1,1
WBGene00195971.,0,4,4
WBGene00195972.,0,0,0
WBGene00195973.,0,22,22
WBGene00195974.,0,0,0
WBGene00195975.,0,4,4
WBGene00195976.,0,4,4
WBGene00195977.,0,0,0
WBGene00195978.,0,0,0
WBGene00195979.,0,75,75
WBGene00195980.,0,0,0
WBGene00195981.,0,1,1
WBGene00195982.,0,0,0
WBGene00195983.,0,4,4
WBGene00195984.,0,1,1
WBGene00195985.,0,0,0
WBGene00195986.,0,2,2
WBGene00195987.,0,0,0
WBGene00195988.,0,4,4
WBGene00195989.,0,4,4
WBGene00195990.,0,38,38
WBGene00195991.,0,0,0
WBGene00195992.,0,16,16
WBGene00195993.,0,0,0
WBGene00195994.,0,0,0
WBGene00195995.,0,0,0
WBGene00195996.,0,0,0
WBGene00195997.,0,0,0
WBGene00195998.,0,0,0
WBGene00195999.,0,0,0
WBGene00196000.,0,0,0
WBGene00196001.,0,1,1
WBGene00196002.,0,11,11
WBGene00196003.,0,2,2
WBGene00196004.,0,2,2
WBGene00196005.,0,88,88
WBGene00196006.,0,0,0
WBGene00196007.,0,0,0
WBGene00196008.,0,2,2
WBGene00196009.,0,0,0
WBGene00196010.,0,0,0
WBGene00196011.,0,0,0
WBGene00196012.,0,0,0
WBGene00196013.,0,2,2
WBGene00196014.,0,0,0
WBGene00196015.,0,0,0
WBGene00196016.,0,0,0
WBGene00196017.,0,0,0
WBGene00196018.,0,2,2
WBGene00196019.,0,0,0
WBGene00196020.,0,5,5
WBGene00196021.,0,6,6
WBGene00196022.,0,0,0
WBGene00196023.,0,12,12
WBGene00196024.,0,6,6
WBGene00196025.,0,10,10
WBGene00196026.,0,3,3
WBGene00196027.,0,0,0
WBGene00196028.,0,0,0
WBGene00196029.,0,0,0
WBGene00196030.,0,0,0
WBGene00196031.,0,0,0
WBGene00196032.,0,0,0
WBGene00196033.,0,0,0
WBGene00196034.,0,3,3
WBGene00196035.,0,0,0
WBGene00196036.,0,1,1
WBGene00196037.,0,0,0
WBGene00196038.,0,1,1
WBGene00196039.,0,1,1
WBGene00196040.,0,0,0
WBGene00196041.,0,2,2
WBGene00196042.,0,0,0
WBGene00196043.,0,0,0
WBGene00196044.,0,3,3
WBGene00196045.,0,4,4
WBGene00196046.,0,4,4
WBGene00196047.,0,0,0
WBGene00196048.,0,1,1
WBGene00196049.,0,0,0
WBGene00196050.,0,0,0
WBGene00196051.,0,1,1
WBGene00196052.,0,21,21
WBGene00196053.,0,8,8
WBGene00196054.,0,0,0
WBGene00196055.,0,0,0
WBGene00196056.,0,0,0
WBGene00196057.,0,9,9
WBGene00196058.,0,0,0
WBGene00196059.,0,0,0
WBGene00196060.,0,1,1
WBGene00196061.,0,0,0
WBGene00196062.,0,0,0
WBGene00196063.,0,0,0
WBGene00196064.,0,1,1
WBGene00196065.,0,0,0
WBGene00196066.,0,0,0
WBGene00196067.,0,7,7
WBGene00196068.,0,0,0
WBGene00196069.,0,4,4
WBGene00196070.,0,5,5
WBGene00196071.,0,18,18
WBGene00196072.,0,42,42
WBGene00196073.,0,1,1
WBGene00196074.,0,0,0
WBGene00196075.,0,0,0
WBGene00196076.,0,0,0
WBGene00196077.,0,17,17
WBGene00196078.,0,2,2
WBGene00196079.,0,0,0
WBGene00196080.,0,0,0
WBGene00196081.,0,2,2
WBGene00196082.,0,0,0
WBGene00196083.,0,0,0
WBGene00196084.,0,0,0
WBGene00196085.,0,0,0
WBGene00196086.,0,0,0
WBGene00196087.,0,0,0
WBGene00196088.,0,20,20
WBGene00196089.,0,0,0
WBGene00196090.,0,8,8
WBGene00196091.,0,11,11
WBGene00196092.,0,3,3
WBGene00196093.,0,0,0
WBGene00196094.,0,1,1
WBGene00196095.,0,0,0
WBGene00196096.,0,13,13
WBGene00196097.,0,2,2
WBGene00196098.,0,2,2
WBGene00196099.,0,0,0
WBGene00196100.,0,1,1
WBGene00196101.,0,0,0
WBGene00196102.,0,0,0
WBGene00196103.,0,2,2
WBGene00196104.,0,0,0
WBGene00196105.,0,2,2
WBGene00196106.,0,4,4
WBGene00196107.,0,0,0
WBGene00196108.,0,2,2
WBGene00196109.,0,0,0
WBGene00196110.,0,0,0
WBGene00196111.,0,1,1
WBGene00196112.,0,0,0
WBGene00196113.,0,11,11
WBGene00196114.,0,12,12
WBGene00196115.,0,1,1
WBGene00196116.,0,0,0
WBGene00196117.,0,2,2
WBGene00196118.,0,5,5
WBGene00196119.,0,5,5
WBGene00196120.,0,0,0
WBGene00196121.,0,1,1
WBGene00196122.,0,0,0
WBGene00196123.,0,12,12
WBGene00196124.,0,5,5
WBGene00196125.,0,5,5
WBGene00196126.,0,0,0
WBGene00196127.,0,0,0
WBGene00196128.,0,0,0
WBGene00196129.,0,0,0
WBGene00196130.,0,0,0
WBGene00196131.,0,0,0
WBGene00196132.,0,2,2
WBGene00196133.,0,0,0
WBGene00196134.,0,0,0
WBGene00196135.,0,0,0
WBGene00196136.,0,0,0
WBGene00196137.,0,5,5
WBGene00196138.,0,12,12
WBGene00196139.,0,3,3
WBGene00196140.,0,0,0
WBGene00196141.,0,2,2
WBGene00196142.,0,0,0
WBGene00196143.,0,0,0
WBGene00196144.,0,0,0
WBGene00196145.,0,0,0
WBGene00196146.,0,0,0
WBGene00196147.,0,16,16
WBGene00196148.,0,0,0
WBGene00196149.,0,26,26
WBGene00196150.,0,8,8
WBGene00196151.,0,0,0
WBGene00196152.,0,0,0
WBGene00196153.,0,1,1
WBGene00196154.,0,0,0
WBGene00196155.,0,1,1
WBGene00196156.,0,0,0
WBGene00196157.,0,0,0
WBGene00196158.,0,0,0
WBGene00196159.,0,2,2
WBGene00196160.,0,3,3
WBGene00196161.,0,0,0
WBGene00196162.,0,1,1
WBGene00196163.,0,0,0
WBGene00196164.,0,0,0
WBGene00196165.,0,0,0
WBGene00196166.,0,0,0
WBGene00196167.,0,0,0
WBGene00196168.,0,0,0
WBGene00196169.,0,0,0
WBGene00196170.,0,5,5
WBGene00196171.,0,1,1
WBGene00196172.,0,0,0
WBGene00196173.,0,4,4
WBGene00196174.,0,0,0
WBGene00196175.,0,0,0
WBGene00196176.,0,0,0
WBGene00196177.,0,0,0
WBGene00196178.,0,3,3
WBGene00196179.,0,0,0
WBGene00196180.,0,17,17
WBGene00196181.,0,3,3
WBGene00196182.,0,0,0
WBGene00196183.,0,0,0
WBGene00196184.,0,1,1
WBGene00196185.,0,0,0
WBGene00196186.,0,0,0
WBGene00196187.,0,0,0
WBGene00196188.,0,0,0
WBGene00196189.,0,3,3
WBGene00196190.,0,1,1
WBGene00196191.,0,0,0
WBGene00196192.,0,5,5
WBGene00196193.,0,4,4
WBGene00196194.,0,0,0
WBGene00196195.,0,0,0
WBGene00196196.,0,0,0
WBGene00196197.,0,0,0
WBGene00196198.,0,4,4
WBGene00196199.,0,0,0
WBGene00196200.,0,0,0
WBGene00196201.,0,3,3
WBGene00196202.,0,5,5
WBGene00196203.,0,0,0
WBGene00196204.,0,14,14
WBGene00196205.,0,0,0
WBGene00196206.,0,1,1
WBGene00196207.,0,0,0
WBGene00196208.,0,0,0
WBGene00196209.,0,0,0
WBGene00196210.,0,0,0
WBGene00196211.,0,3,3
WBGene00196212.,0,0,0
WBGene00196213.,0,0,0
WBGene00196214.,0,0,0
WBGene00196215.,0,0,0
WBGene00196216.,0,1,1
WBGene00196217.,0,0,0
WBGene00196218.,0,0,0
WBGene00196219.,0,6,6
WBGene00196220.,0,0,0
WBGene00196221.,0,0,0
WBGene00196222.,0,0,0
WBGene00196223.,0,39,39
WBGene00196224.,0,2,2
WBGene00196225.,0,1,1
WBGene00196226.,0,4,4
WBGene00196227.,0,1,1
WBGene00196228.,0,0,0
WBGene00196229.,0,0,0
WBGene00196230.,0,0,0
WBGene00196231.,0,1,1
WBGene00196232.,0,0,0
WBGene00196233.,0,0,0
WBGene00196234.,0,0,0
WBGene00196235.,0,5,5
WBGene00196236.,0,0,0
WBGene00196237.,0,12,12
WBGene00196238.,0,1,1
WBGene00196239.,0,2,2
WBGene00196240.,0,24,24
WBGene00196241.,0,0,0
WBGene00196242.,0,0,0
WBGene00196243.,0,0,0
WBGene00196244.,0,0,0
WBGene00196245.,0,0,0
WBGene00196246.,0,6,6
WBGene00196247.,0,0,0
WBGene00196248.,0,0,0
WBGene00196249.,0,0,0
WBGene00196250.,0,6,6
WBGene00196251.,0,0,0
WBGene00196252.,0,3,3
WBGene00196253.,0,0,0
WBGene00196254.,0,5,5
WBGene00196255.,0,1,1
WBGene00196256.,0,0,0
WBGene00196257.,0,58,58
WBGene00196258.,0,1,1
WBGene00196259.,0,0,0
WBGene00196260.,0,0,0
WBGene00196261.,0,0,0
WBGene00196262.,0,0,0
WBGene00196263.,0,0,0
WBGene00196264.,0,10,10
WBGene00196265.,0,2,2
WBGene00196266.,0,0,0
WBGene00196267.,0,2,2
WBGene00196268.,0,0,0
WBGene00196269.,0,0,0
WBGene00196270.,0,5,5
WBGene00196271.,0,0,0
WBGene00196272.,0,0,0
WBGene00196273.,0,0,0
WBGene00196274.,0,0,0
WBGene00196275.,0,0,0
WBGene00196276.,0,0,0
WBGene00196277.,0,2,2
WBGene00196278.,0,1,1
WBGene00196279.,0,1,1
WBGene00196280.,0,1,1
WBGene00196281.,0,0,0
WBGene00196282.,0,2,2
WBGene00196283.,0,0,0
WBGene00196284.,0,0,0
WBGene00196285.,0,13,13
WBGene00196286.,0,7,7
WBGene00196287.,0,1,1
WBGene00196288.,0,4,4
WBGene00196289.,0,20,20
WBGene00196290.,0,24,24
WBGene00196291.,0,0,0
WBGene00196292.,0,0,0
WBGene00196293.,0,0,0
WBGene00196294.,0,10,10
WBGene00196295.,0,0,0
WBGene00196296.,0,0,0
WBGene00196297.,0,0,0
WBGene00196298.,0,1,1
WBGene00196299.,0,0,0
WBGene00196300.,0,30,30
WBGene00196301.,0,1,1
WBGene00196302.,0,0,0
WBGene00196303.,0,3,3
WBGene00196304.,0,0,0
WBGene00196305.,0,1,1
WBGene00196306.,0,2,2
WBGene00196307.,0,10,10
WBGene00196308.,0,4,4
WBGene00196309.,0,1,1
WBGene00196310.,0,0,0
WBGene00196311.,0,0,0
WBGene00196312.,0,0,0
WBGene00196313.,0,0,0
WBGene00196314.,0,0,0
WBGene00196315.,0,14,14
WBGene00196316.,0,11,11
WBGene00196317.,0,0,0
WBGene00196318.,0,0,0
WBGene00196319.,0,0,0
WBGene00196320.,0,1,1
WBGene00196321.,0,0,0
WBGene00196322.,0,10,10
WBGene00196323.,0,0,0
WBGene00196324.,0,0,0
WBGene00196325.,0,1,1
WBGene00196326.,0,0,0
WBGene00196327.,0,8,8
WBGene00196328.,0,0,0
WBGene00196329.,0,0,0
WBGene00196330.,0,0,0
WBGene00196331.,0,1,1
WBGene00196332.,0,0,0
WBGene00196333.,0,1,1
WBGene00196334.,0,42,42
WBGene00196335.,0,0,0
WBGene00196336.,0,3,3
WBGene00196337.,0,1,1
WBGene00196338.,0,1,1
WBGene00196339.,0,0,0
WBGene00196340.,0,25,25
WBGene00196341.,0,0,0
WBGene00196342.,0,0,0
WBGene00196343.,0,0,0
WBGene00196344.,0,4,4
WBGene00196345.,0,0,0
WBGene00196346.,0,5,5
WBGene00196347.,0,0,0
WBGene00196348.,0,0,0
WBGene00196349.,0,0,0
WBGene00196350.,0,0,0
WBGene00196351.,0,1,1
WBGene00196352.,0,0,0
WBGene00196353.,0,1,1
WBGene00196354.,0,0,0
WBGene00196355.,0,3,3
WBGene00196356.,0,0,0
WBGene00196357.,0,0,0
WBGene00196358.,0,0,0
WBGene00196359.,0,0,0
WBGene00196360.,0,0,0
WBGene00196361.,0,0,0
WBGene00196362.,0,0,0
WBGene00196363.,0,0,0
WBGene00196364.,0,0,0
WBGene00196365.,0,0,0
WBGene00196366.,0,1,1
WBGene00196367.,0,2,2
WBGene00196368.,0,0,0
WBGene00196369.,0,0,0
WBGene00196370.,0,0,0
WBGene00196371.,0,0,0
WBGene00196372.,0,0,0
WBGene00196373.,0,2,2
WBGene00196374.,0,3,3
WBGene00196375.,0,0,0
WBGene00196376.,0,0,0
WBGene00196377.,0,0,0
WBGene00196378.,0,0,0
WBGene00196379.,0,2,2
WBGene00196380.,0,3,3
WBGene00196381.,0,0,0
WBGene00196382.,0,0,0
WBGene00196383.,0,1,1
WBGene00196384.,0,0,0
WBGene00196385.,0,0,0
WBGene00196386.,0,1,1
WBGene00196387.,0,0,0
WBGene00196388.,0,0,0
WBGene00196389.,0,0,0
WBGene00196390.,0,3,3
WBGene00196391.,0,0,0
WBGene00196392.,0,5,5
WBGene00196393.,0,9,9
WBGene00196394.,0,0,0
WBGene00196395.,0,0,0
WBGene00196396.,0,12444,12444
WBGene00196397.,0,0,0
WBGene00196398.,0,1,1
WBGene00196399.,0,0,0
WBGene00196400.,0,0,0
WBGene00196401.,0,0,0
WBGene00196402.,0,1,1
WBGene00196403.,0,6,6
WBGene00196404.,0,0,0
WBGene00196405.,0,0,0
WBGene00196406.,0,2,2
WBGene00196407.,0,9,9
WBGene00196408.,0,0,0
WBGene00196409.,0,6,6
WBGene00196410.,0,0,0
WBGene00196411.,0,2,2
WBGene00196412.,0,0,0
WBGene00196413.,0,0,0
WBGene00196414.,0,0,0
WBGene00196415.,0,1,1
WBGene00196416.,0,0,0
WBGene00196417.,0,15,15
WBGene00196418.,0,5,5
WBGene00196419.,0,3,3
WBGene00196420.,0,2,2
WBGene00196421.,0,8,8
WBGene00196422.,0,2,2
WBGene00196423.,0,5,5
WBGene00196424.,0,0,0
WBGene00196425.,0,1,1
WBGene00196426.,0,0,0
WBGene00196427.,0,6,6
WBGene00196428.,0,0,0
WBGene00196429.,0,0,0
WBGene00196430.,0,2,2
WBGene00196431.,0,1,1
WBGene00196432.,0,1,1
WBGene00196433.,0,0,0
WBGene00196434.,0,0,0
WBGene00196435.,0,0,0
WBGene00196436.,0,1,1
WBGene00196437.,0,16,16
WBGene00196438.,0,0,0
WBGene00196439.,0,0,0
WBGene00196440.,0,1,1
WBGene00196441.,0,3,3
WBGene00196442.,0,0,0
WBGene00196443.,0,22,22
WBGene00196444.,0,1,1
WBGene00196445.,0,1,1
WBGene00196446.,0,0,0
WBGene00196447.,0,2,2
WBGene00196448.,0,0,0
WBGene00196449.,0,3,3
WBGene00196450.,0,0,0
WBGene00196451.,0,0,0
WBGene00196452.,0,1,1
WBGene00196453.,0,0,0
WBGene00196454.,0,2,2
WBGene00196455.,0,0,0
WBGene00196456.,0,0,0
WBGene00196457.,0,0,0
WBGene00196458.,0,0,0
WBGene00196459.,0,0,0
WBGene00196460.,0,0,0
WBGene00196461.,0,3,3
WBGene00196462.,0,1,1
WBGene00196463.,0,0,0
WBGene00196464.,0,1,1
WBGene00196465.,0,7,7
WBGene00196466.,0,0,0
WBGene00196467.,0,0,0
WBGene00196468.,0,0,0
WBGene00196469.,0,0,0
WBGene00196470.,0,4,4
WBGene00196471.,0,0,0
WBGene00196472.,0,4,4
WBGene00196473.,0,0,0
WBGene00196474.,0,0,0
WBGene00196475.,0,0,0
WBGene00196476.,0,0,0
WBGene00196477.,0,1,1
WBGene00196478.,0,1,1
WBGene00196479.,0,0,0
WBGene00196480.,0,0,0
WBGene00196481.,0,0,0
WBGene00196482.,0,49,49
WBGene00196483.,0,0,0
WBGene00196484.,0,0,0
WBGene00196485.,0,0,0
WBGene00196486.,0,5,5
WBGene00196487.,0,0,0
WBGene00196488.,0,0,0
WBGene00196489.,0,5,5
WBGene00196490.,0,6,6
WBGene00196491.,0,2,2
WBGene00196492.,0,1,1
WBGene00196493.,0,0,0
WBGene00196494.,0,7,7
WBGene00196495.,0,0,0
WBGene00196496.,0,0,0
WBGene00196497.,0,3,3
WBGene00196498.,0,0,0
WBGene00196499.,0,3,3
WBGene00196500.,0,1,1
WBGene00196501.,0,0,0
WBGene00196502.,0,0,0
WBGene00196503.,0,0,0
WBGene00196504.,0,1,1
WBGene00196505.,0,1,1
WBGene00196506.,0,18,18
WBGene00196507.,0,1,1
WBGene00196508.,0,0,0
WBGene00196509.,0,2,2
WBGene00196510.,0,0,0
WBGene00196511.,0,0,0
WBGene00196512.,0,0,0
WBGene00196513.,0,0,0
WBGene00196514.,0,0,0
WBGene00196515.,0,0,0
WBGene00196516.,0,0,0
WBGene00196517.,0,2,2
WBGene00196518.,0,0,0
WBGene00196519.,0,0,0
WBGene00196520.,0,0,0
WBGene00196521.,0,2,2
WBGene00196522.,0,0,0
WBGene00196523.,0,11,11
WBGene00196524.,0,0,0
WBGene00196525.,0,0,0
WBGene00196526.,0,2,2
WBGene00196527.,0,0,0
WBGene00196528.,0,0,0
WBGene00196529.,0,2,2
WBGene00196530.,0,0,0
WBGene00196531.,0,1,1
WBGene00196532.,0,0,0
WBGene00196533.,0,0,0
WBGene00196534.,0,3,3
WBGene00196535.,0,0,0
WBGene00196536.,0,11,11
WBGene00196537.,0,69,69
WBGene00196538.,0,0,0
WBGene00196539.,0,0,0
WBGene00196540.,0,0,0
WBGene00196541.,0,0,0
WBGene00196542.,0,11,11
WBGene00196543.,0,0,0
WBGene00196544.,0,0,0
WBGene00196545.,0,0,0
WBGene00196546.,0,21,21
WBGene00196547.,0,3,3
WBGene00196548.,0,0,0
WBGene00196549.,0,0,0
WBGene00196550.,0,3,3
WBGene00196551.,0,0,0
WBGene00196552.,0,1,1
WBGene00196553.,0,0,0
WBGene00196554.,0,2,2
WBGene00196555.,0,0,0
WBGene00196556.,0,0,0
WBGene00196557.,0,0,0
WBGene00196558.,0,2,2
WBGene00196559.,0,1,1
WBGene00196560.,0,2,2
WBGene00196561.,0,0,0
WBGene00196562.,0,0,0
WBGene00196563.,0,24,24
WBGene00196564.,0,0,0
WBGene00196565.,0,3,3
WBGene00196566.,0,0,0
WBGene00196567.,0,3,3
WBGene00196568.,0,0,0
WBGene00196569.,0,0,0
WBGene00196570.,0,0,0
WBGene00196571.,0,0,0
WBGene00196572.,0,1,1
WBGene00196573.,0,0,0
WBGene00196574.,0,0,0
WBGene00196575.,0,2,2
WBGene00196576.,0,0,0
WBGene00196577.,0,1,1
WBGene00196578.,0,1,1
WBGene00196579.,0,1,1
WBGene00196580.,0,5,5
WBGene00196581.,0,0,0
WBGene00196582.,0,1,1
WBGene00196583.,0,0,0
WBGene00196584.,0,1,1
WBGene00196585.,0,2,2
WBGene00196586.,0,12,12
WBGene00196587.,0,0,0
WBGene00196588.,0,60,60
WBGene00196589.,0,0,0
WBGene00196590.,0,66,66
WBGene00196591.,0,16,16
WBGene00196592.,0,20,20
WBGene00196593.,0,3,3
WBGene00196594.,0,0,0
WBGene00196595.,0,0,0
WBGene00196596.,0,0,0
WBGene00196597.,0,1,1
WBGene00196598.,0,5,5
WBGene00196599.,0,7,7
WBGene00196600.,0,0,0
WBGene00196601.,0,0,0
WBGene00196602.,0,0,0
WBGene00196603.,0,0,0
WBGene00196604.,0,122,122
WBGene00196605.,0,1,1
WBGene00196606.,0,4,4
WBGene00196607.,0,5,5
WBGene00196608.,0,0,0
WBGene00196609.,0,0,0
WBGene00196610.,0,2,2
WBGene00196611.,0,0,0
WBGene00196612.,0,0,0
WBGene00196613.,0,4,4
WBGene00196614.,0,2,2
WBGene00196615.,0,0,0
WBGene00196616.,0,4,4
WBGene00196617.,0,0,0
WBGene00196618.,0,2,2
WBGene00196619.,0,0,0
WBGene00196620.,0,0,0
WBGene00196621.,0,0,0
WBGene00196622.,0,2,2
WBGene00196623.,0,6,6
WBGene00196624.,0,0,0
WBGene00196625.,0,5,5
WBGene00196626.,0,0,0
WBGene00196627.,0,0,0
WBGene00196628.,0,0,0
WBGene00196629.,0,2,2
WBGene00196630.,0,0,0
WBGene00196631.,0,8,8
WBGene00196632.,0,0,0
WBGene00196633.,0,0,0
WBGene00196634.,0,12,12
WBGene00196635.,0,51,51
WBGene00196636.,0,0,0
WBGene00196637.,0,8,8
WBGene00196638.,0,1,1
WBGene00196639.,0,4,4
WBGene00196640.,0,1,1
WBGene00196641.,0,0,0
WBGene00196642.,0,0,0
WBGene00196643.,0,6,6
WBGene00196644.,0,0,0
WBGene00196645.,0,0,0
WBGene00196646.,0,1,1
WBGene00196647.,0,0,0
WBGene00196648.,0,0,0
WBGene00196649.,0,3,3
WBGene00196650.,0,4,4
WBGene00196651.,0,0,0
WBGene00196652.,0,0,0
WBGene00196653.,0,17,17
WBGene00196654.,0,1,1
WBGene00196655.,0,0,0
WBGene00196656.,0,1,1
WBGene00196657.,0,0,0
WBGene00196658.,0,0,0
WBGene00196659.,0,0,0
WBGene00196660.,0,0,0
WBGene00196661.,0,1,1
WBGene00196662.,0,0,0
WBGene00196663.,0,0,0
WBGene00196664.,0,0,0
WBGene00196665.,0,0,0
WBGene00196666.,0,0,0
WBGene00196667.,0,0,0
WBGene00196668.,0,0,0
WBGene00196669.,0,0,0
WBGene00196670.,0,0,0
WBGene00196671.,0,0,0
WBGene00196672.,0,1,1
WBGene00196673.,0,0,0
WBGene00196674.,0,0,0
WBGene00196675.,0,1,1
WBGene00196676.,0,3,3
WBGene00196677.,0,0,0
WBGene00196678.,0,0,0
WBGene00196679.,0,0,0
WBGene00196680.,0,0,0
WBGene00196681.,0,0,0
WBGene00196682.,0,5,5
WBGene00196683.,0,2,2
WBGene00196684.,0,0,0
WBGene00196685.,0,0,0
WBGene00196686.,0,2,2
WBGene00196687.,0,1,1
WBGene00196688.,0,2,2
WBGene00196689.,0,0,0
WBGene00196690.,0,0,0
WBGene00196691.,0,1,1
WBGene00196692.,0,0,0
WBGene00196693.,0,16,16
WBGene00196694.,0,0,0
WBGene00196695.,0,15,15
WBGene00196696.,0,1,1
WBGene00196697.,0,0,0
WBGene00196698.,0,1,1
WBGene00196699.,0,2,2
WBGene00196700.,0,4,4
WBGene00196701.,0,0,0
WBGene00196702.,0,2,2
WBGene00196703.,0,0,0
WBGene00196704.,0,0,0
WBGene00196705.,0,0,0
WBGene00196706.,0,0,0
WBGene00196707.,0,8,8
WBGene00196708.,0,0,0
WBGene00196709.,0,9,9
WBGene00196710.,0,0,0
WBGene00196711.,0,0,0
WBGene00196712.,0,0,0
WBGene00196713.,0,0,0
WBGene00196714.,0,0,0
WBGene00196715.,0,0,0
WBGene00196716.,0,0,0
WBGene00196717.,0,0,0
WBGene00196718.,0,0,0
WBGene00196719.,0,0,0
WBGene00196720.,0,0,0
WBGene00196721.,0,7,7
WBGene00196722.,0,0,0
WBGene00196723.,0,2,2
WBGene00196724.,0,16,16
WBGene00196725.,0,1,1
WBGene00196726.,0,0,0
WBGene00196727.,0,4,4
WBGene00196728.,0,7,7
WBGene00196729.,0,18,18
WBGene00196730.,0,0,0
WBGene00196731.,0,1,1
WBGene00196732.,0,0,0
WBGene00196733.,0,2,2
WBGene00196734.,0,2,2
WBGene00196735.,0,1,1
WBGene00196736.,0,0,0
WBGene00196737.,0,0,0
WBGene00196738.,0,0,0
WBGene00196739.,0,6,6
WBGene00196740.,0,0,0
WBGene00196741.,0,1,1
WBGene00196742.,0,30,30
WBGene00196743.,0,0,0
WBGene00196744.,0,0,0
WBGene00196745.,0,0,0
WBGene00196746.,0,3,3
WBGene00196747.,0,5,5
WBGene00196748.,0,10,10
WBGene00196749.,0,0,0
WBGene00196750.,0,1,1
WBGene00196751.,0,0,0
WBGene00196752.,0,1,1
WBGene00196753.,0,68,68
WBGene00196754.,0,0,0
WBGene00196755.,0,0,0
WBGene00196756.,0,1,1
WBGene00196757.,0,0,0
WBGene00196758.,0,2,2
WBGene00196759.,0,3,3
WBGene00196760.,0,0,0
WBGene00196761.,0,0,0
WBGene00196762.,0,0,0
WBGene00196763.,0,3,3
WBGene00196764.,0,0,0
WBGene00196765.,0,0,0
WBGene00196766.,0,0,0
WBGene00196767.,0,2,2
WBGene00196768.,0,0,0
WBGene00196769.,0,1,1
WBGene00196770.,0,2,2
WBGene00196771.,0,0,0
WBGene00196772.,0,0,0
WBGene00196773.,0,0,0
WBGene00196774.,0,0,0
WBGene00196775.,0,9,9
WBGene00196776.,0,0,0
WBGene00196777.,0,14,14
WBGene00196778.,0,0,0
WBGene00196779.,0,4,4
WBGene00196780.,0,8,8
WBGene00196781.,0,1,1
WBGene00196782.,0,5,5
WBGene00196783.,0,0,0
WBGene00196784.,0,1,1
WBGene00196785.,0,24,24
WBGene00196786.,0,1,1
WBGene00196787.,0,2,2
WBGene00196788.,0,0,0
WBGene00196789.,0,6,6
WBGene00196790.,0,0,0
WBGene00196791.,0,0,0
WBGene00196792.,0,0,0
WBGene00196793.,0,16,16
WBGene00196794.,0,0,0
WBGene00196795.,0,0,0
WBGene00196796.,0,2,2
WBGene00196797.,0,20,20
WBGene00196798.,0,0,0
WBGene00196799.,0,0,0
WBGene00196800.,0,1,1
WBGene00196801.,0,2,2
WBGene00196802.,0,12,12
WBGene00196803.,0,0,0
WBGene00196804.,0,0,0
WBGene00196805.,0,5,5
WBGene00196806.,0,0,0
WBGene00196807.,0,11,11
WBGene00196808.,0,0,0
WBGene00196809.,0,2,2
WBGene00196810.,0,10,10
WBGene00196811.,0,3,3
WBGene00196812.,0,1,1
WBGene00196813.,0,0,0
WBGene00196814.,0,0,0
WBGene00196815.,0,3,3
WBGene00196816.,0,7,7
WBGene00196817.,0,4,4
WBGene00196818.,0,1,1
WBGene00196819.,0,3,3
WBGene00196820.,0,1,1
WBGene00196821.,0,14,14
WBGene00196822.,0,0,0
WBGene00196823.,0,2,2
WBGene00196824.,0,7,7
WBGene00196825.,0,11,11
WBGene00196826.,0,0,0
WBGene00196827.,0,26,26
WBGene00196828.,0,1,1
WBGene00196829.,0,0,0
WBGene00196830.,0,2,2
WBGene00196831.,0,70,70
WBGene00196832.,0,0,0
WBGene00196833.,0,0,0
WBGene00196834.,0,0,0
WBGene00196835.,0,0,0
WBGene00196836.,0,0,0
WBGene00196837.,0,0,0
WBGene00196838.,0,24,24
WBGene00196839.,0,0,0
WBGene00196840.,0,0,0
WBGene00196841.,0,2,2
WBGene00196842.,0,0,0
WBGene00196843.,0,0,0
WBGene00196844.,0,11,11
WBGene00196845.,0,0,0
WBGene00196846.,0,14,14
WBGene00196847.,0,0,0
WBGene00196848.,0,0,0
WBGene00196849.,0,0,0
WBGene00196850.,0,0,0
WBGene00196851.,0,0,0
WBGene00196852.,0,43,43
WBGene00196853.,0,0,0
WBGene00196854.,0,16,16
WBGene00196855.,0,0,0
WBGene00196856.,0,52,52
WBGene00196857.,0,0,0
WBGene00196858.,0,2,2
WBGene00196859.,0,3,3
WBGene00196860.,0,0,0
WBGene00196861.,0,0,0
WBGene00196862.,0,3,3
WBGene00196863.,0,0,0
WBGene00196864.,0,0,0
WBGene00196865.,0,0,0
WBGene00196866.,0,0,0
WBGene00196867.,0,20,20
WBGene00196868.,0,21,21
WBGene00196869.,0,0,0
WBGene00196870.,0,3,3
WBGene00196871.,0,145,145
WBGene00196872.,0,5,5
WBGene00196873.,0,0,0
WBGene00196874.,0,0,0
WBGene00196875.,0,0,0
WBGene00196876.,0,1,1
WBGene00196877.,0,3,3
WBGene00196878.,0,0,0
WBGene00196879.,0,25,25
WBGene00196880.,0,0,0
WBGene00196881.,0,1,1
WBGene00196882.,0,0,0
WBGene00196883.,0,1,1
WBGene00196884.,0,6,6
WBGene00196885.,0,12,12
WBGene00196886.,0,0,0
WBGene00196887.,0,1,1
WBGene00196888.,0,0,0
WBGene00196889.,0,1,1
WBGene00196890.,0,0,0
WBGene00196891.,0,3,3
WBGene00196892.,0,0,0
WBGene00196893.,0,24,24
WBGene00196894.,0,0,0
WBGene00196895.,0,0,0
WBGene00196896.,0,0,0
WBGene00196897.,0,1,1
WBGene00196898.,0,0,0
WBGene00196899.,0,0,0
WBGene00196900.,0,3,3
WBGene00196901.,0,0,0
WBGene00196902.,0,1,1
WBGene00196903.,0,0,0
WBGene00196904.,0,10,10
WBGene00196905.,0,0,0
WBGene00196906.,0,8,8
WBGene00196907.,0,0,0
WBGene00196908.,0,2,2
WBGene00196909.,0,3,3
WBGene00196910.,0,0,0
WBGene00196911.,0,0,0
WBGene00196912.,0,9,9
WBGene00196913.,0,7,7
WBGene00196914.,0,1,1
WBGene00196915.,0,1,1
WBGene00196916.,0,5,5
WBGene00196917.,0,5,5
WBGene00196918.,0,1,1
WBGene00196919.,0,0,0
WBGene00196920.,0,1,1
WBGene00196921.,0,0,0
WBGene00196922.,0,10,10
WBGene00196923.,0,0,0
WBGene00196924.,0,3,3
WBGene00196925.,0,3,3
WBGene00196926.,0,0,0
WBGene00196927.,0,0,0
WBGene00196928.,0,3,3
WBGene00196929.,0,3,3
WBGene00196930.,0,2,2
WBGene00196931.,0,6,6
WBGene00196932.,0,0,0
WBGene00196933.,0,0,0
WBGene00196934.,0,0,0
WBGene00196935.,0,14,14
WBGene00196936.,0,1,1
WBGene00196937.,0,3,3
WBGene00196938.,0,0,0
WBGene00196939.,0,1,1
WBGene00196940.,0,0,0
WBGene00196941.,0,3,3
WBGene00196942.,0,0,0
WBGene00196943.,0,2,2
WBGene00196944.,0,1,1
WBGene00196945.,0,0,0
WBGene00196946.,0,4,4
WBGene00196947.,0,2,2
WBGene00196948.,0,0,0
WBGene00196949.,0,2,2
WBGene00196950.,0,4,4
WBGene00196951.,0,0,0
WBGene00196952.,0,0,0
WBGene00196953.,0,0,0
WBGene00196954.,0,2,2
WBGene00196955.,0,0,0
WBGene00196956.,0,0,0
WBGene00196957.,0,0,0
WBGene00196958.,0,0,0
WBGene00196959.,0,1,1
WBGene00196960.,0,0,0
WBGene00196961.,0,18,18
WBGene00196962.,0,0,0
WBGene00196963.,0,6,6
WBGene00196964.,0,0,0
WBGene00196965.,0,1,1
WBGene00196966.,0,0,0
WBGene00196967.,0,0,0
WBGene00196968.,0,0,0
WBGene00196969.,0,16,16
WBGene00196970.,0,1,1
WBGene00196971.,0,2,2
WBGene00196972.,0,0,0
WBGene00196973.,0,8,8
WBGene00196974.,0,0,0
WBGene00196975.,0,0,0
WBGene00196976.,0,0,0
WBGene00196977.,0,0,0
WBGene00196978.,0,0,0
WBGene00196979.,0,1,1
WBGene00196980.,0,0,0
WBGene00196981.,0,3,3
WBGene00196982.,0,31,31
WBGene00196983.,0,1,1
WBGene00196984.,0,0,0
WBGene00196985.,0,2,2
WBGene00196986.,0,32,32
WBGene00196987.,0,3,3
WBGene00196988.,0,0,0
WBGene00196989.,0,5,5
WBGene00196990.,0,2,2
WBGene00196991.,0,0,0
WBGene00196992.,0,4,4
WBGene00196993.,0,3,3
WBGene00196994.,0,25,25
WBGene00196995.,0,0,0
WBGene00196996.,0,0,0
WBGene00196997.,0,0,0
WBGene00196998.,0,0,0
WBGene00196999.,0,0,0
WBGene00197000.,0,0,0
WBGene00197001.,0,5,5
WBGene00197002.,0,0,0
WBGene00197003.,0,0,0
WBGene00197004.,0,1,1
WBGene00197005.,0,1,1
WBGene00197006.,0,0,0
WBGene00197007.,0,2,2
WBGene00197008.,0,0,0
WBGene00197009.,0,0,0
WBGene00197010.,0,0,0
WBGene00197011.,0,3,3
WBGene00197012.,0,0,0
WBGene00197013.,0,0,0
WBGene00197014.,0,0,0
WBGene00197015.,0,17,17
WBGene00197016.,0,0,0
WBGene00197017.,0,0,0
WBGene00197018.,0,1,1
WBGene00197019.,0,4,4
WBGene00197020.,0,0,0
WBGene00197021.,0,0,0
WBGene00197022.,0,0,0
WBGene00197023.,0,0,0
WBGene00197024.,0,0,0
WBGene00197025.,0,2,2
WBGene00197026.,0,0,0
WBGene00197027.,0,13,13
WBGene00197028.,0,12,12
WBGene00197029.,0,0,0
WBGene00197030.,0,1,1
WBGene00197031.,0,2,2
WBGene00197032.,0,0,0
WBGene00197033.,0,44,44
WBGene00197034.,0,0,0
WBGene00197035.,0,2,2
WBGene00197036.,0,0,0
WBGene00197037.,0,0,0
WBGene00197038.,0,0,0
WBGene00197039.,0,4,4
WBGene00197040.,0,2,2
WBGene00197041.,0,0,0
WBGene00197042.,0,0,0
WBGene00197043.,0,0,0
WBGene00197044.,0,0,0
WBGene00197045.,0,1,1
WBGene00197046.,0,7,7
WBGene00197047.,0,1,1
WBGene00197048.,0,2,2
WBGene00197049.,0,3,3
WBGene00197050.,0,0,0
WBGene00197051.,0,0,0
WBGene00197052.,0,7,7
WBGene00197053.,0,5,5
WBGene00197054.,0,0,0
WBGene00197055.,0,4,4
WBGene00197056.,0,1,1
WBGene00197057.,0,0,0
WBGene00197058.,0,0,0
WBGene00197059.,0,0,0
WBGene00197060.,0,9,9
WBGene00197061.,0,5,5
WBGene00197062.,0,0,0
WBGene00197063.,0,0,0
WBGene00197064.,0,0,0
WBGene00197065.,0,6,6
WBGene00197066.,0,12,12
WBGene00197067.,0,6,6
WBGene00197068.,0,7,7
WBGene00197069.,0,17,17
WBGene00197070.,0,0,0
WBGene00197071.,0,0,0
WBGene00197072.,0,3,3
WBGene00197073.,0,1,1
WBGene00197074.,0,23,23
WBGene00197075.,0,0,0
WBGene00197076.,0,0,0
WBGene00197077.,0,0,0
WBGene00197078.,0,4,4
WBGene00197079.,0,0,0
WBGene00197080.,0,6,6
WBGene00197081.,0,5,5
WBGene00197082.,0,1,1
WBGene00197083.,0,10,10
WBGene00197084.,0,0,0
WBGene00197085.,0,4,4
WBGene00197086.,0,5,5
WBGene00197087.,0,0,0
WBGene00197088.,0,0,0
WBGene00197089.,0,2,2
WBGene00197090.,0,38,38
WBGene00197091.,0,3,3
WBGene00197092.,0,1,1
WBGene00197093.,0,0,0
WBGene00197094.,0,3,3
WBGene00197095.,0,0,0
WBGene00197096.,0,2,2
WBGene00197097.,0,108,108
WBGene00197098.,0,0,0
WBGene00197099.,0,0,0
WBGene00197100.,0,7,7
WBGene00197101.,0,0,0
WBGene00197102.,0,0,0
WBGene00197103.,0,0,0
WBGene00197104.,0,3,3
WBGene00197105.,0,0,0
WBGene00197106.,0,0,0
WBGene00197107.,0,0,0
WBGene00197108.,0,3,3
WBGene00197109.,0,0,0
WBGene00197110.,0,2,2
WBGene00197111.,0,2,2
WBGene00197112.,0,0,0
WBGene00197113.,0,0,0
WBGene00197114.,0,3,3
WBGene00197115.,0,1,1
WBGene00197116.,0,0,0
WBGene00197117.,0,0,0
WBGene00197118.,0,1,1
WBGene00197119.,0,1,1
WBGene00197120.,0,0,0
WBGene00197121.,0,8,8
WBGene00197122.,0,0,0
WBGene00197123.,0,1,1
WBGene00197124.,0,0,0
WBGene00197125.,0,0,0
WBGene00197126.,0,2,2
WBGene00197127.,0,32,32
WBGene00197128.,0,0,0
WBGene00197129.,0,0,0
WBGene00197130.,0,5,5
WBGene00197131.,0,2,2
WBGene00197132.,0,0,0
WBGene00197133.,0,0,0
WBGene00197134.,0,0,0
WBGene00197135.,0,0,0
WBGene00197136.,0,0,0
WBGene00197137.,0,0,0
WBGene00197138.,0,0,0
WBGene00197139.,0,1,1
WBGene00197140.,0,23,23
WBGene00197141.,0,2,2
WBGene00197142.,0,0,0
WBGene00197143.,0,0,0
WBGene00197144.,0,1,1
WBGene00197145.,0,0,0
WBGene00197146.,0,0,0
WBGene00197147.,0,0,0
WBGene00197148.,0,0,0
WBGene00197149.,0,1,1
WBGene00197150.,0,0,0
WBGene00197151.,0,0,0
WBGene00197152.,0,0,0
WBGene00197153.,0,0,0
WBGene00197154.,0,1,1
WBGene00197155.,0,6,6
WBGene00197156.,0,0,0
WBGene00197157.,0,0,0
WBGene00197158.,0,0,0
WBGene00197159.,0,0,0
WBGene00197160.,0,0,0
WBGene00197161.,0,1,1
WBGene00197162.,0,0,0
WBGene00197163.,0,0,0
WBGene00197164.,0,0,0
WBGene00197165.,0,0,0
WBGene00197166.,0,0,0
WBGene00197167.,0,0,0
WBGene00197168.,0,9,9
WBGene00197169.,0,1,1
WBGene00197170.,0,0,0
WBGene00197171.,0,343,343
WBGene00197172.,0,8,8
WBGene00197173.,0,0,0
WBGene00197174.,0,9,9
WBGene00197175.,0,0,0
WBGene00197176.,0,2,2
WBGene00197177.,0,2,2
WBGene00197178.,0,4,4
WBGene00197179.,0,0,0
WBGene00197180.,0,2,2
WBGene00197181.,0,1,1
WBGene00197182.,0,0,0
WBGene00197183.,0,6,6
WBGene00197184.,0,1,1
WBGene00197185.,0,3,3
WBGene00197186.,0,4,4
WBGene00197187.,0,1,1
WBGene00197188.,0,17,17
WBGene00197189.,0,2,2
WBGene00197190.,0,0,0
WBGene00197191.,0,0,0
WBGene00197192.,0,0,0
WBGene00197193.,0,0,0
WBGene00197194.,0,0,0
WBGene00197195.,0,7,7
WBGene00197196.,0,3,3
WBGene00197197.,0,0,0
WBGene00197198.,0,0,0
WBGene00197199.,0,0,0
WBGene00197200.,0,0,0
WBGene00197201.,0,0,0
WBGene00197202.,0,2,2
WBGene00197203.,0,1,1
WBGene00197204.,0,6,6
WBGene00197205.,0,5,5
WBGene00197206.,0,0,0
WBGene00197207.,0,1,1
WBGene00197208.,0,3,3
WBGene00197209.,0,38,38
WBGene00197210.,0,0,0
WBGene00197211.,0,3,3
WBGene00197212.,0,0,0
WBGene00197213.,0,0,0
WBGene00197214.,0,21,21
WBGene00197215.,0,574,574
WBGene00197216.,0,0,0
WBGene00197217.,0,0,0
WBGene00197218.,0,9,9
WBGene00197219.,0,0,0
WBGene00197220.,0,2,2
WBGene00197221.,0,0,0
WBGene00197222.,0,6,6
WBGene00197223.,0,1,1
WBGene00197224.,0,4,4
WBGene00197225.,0,0,0
WBGene00197226.,0,0,0
WBGene00197227.,0,5,5
WBGene00197228.,0,4,4
WBGene00197229.,0,0,0
WBGene00197230.,0,0,0
WBGene00197231.,0,6,6
WBGene00197232.,0,2,2
WBGene00197233.,0,0,0
WBGene00197234.,0,21,21
WBGene00197235.,0,0,0
WBGene00197236.,0,6,6
WBGene00197237.,0,0,0
WBGene00197238.,0,2,2
WBGene00197239.,0,7,7
WBGene00197240.,0,0,0
WBGene00197241.,0,0,0
WBGene00197242.,0,2,2
WBGene00197243.,0,11,11
WBGene00197244.,0,7,7
WBGene00197245.,0,1,1
WBGene00197246.,0,2,2
WBGene00197247.,0,0,0
WBGene00197248.,0,1,1
WBGene00197249.,0,0,0
WBGene00197250.,0,53,53
WBGene00197251.,0,0,0
WBGene00197252.,0,0,0
WBGene00197253.,0,4,4
WBGene00197254.,0,5,5
WBGene00197255.,0,1,1
WBGene00197256.,0,0,0
WBGene00197257.,0,6,6
WBGene00197258.,0,2,2
WBGene00197259.,0,46,46
WBGene00197260.,0,0,0
WBGene00197261.,0,1,1
WBGene00197262.,0,0,0
WBGene00197263.,0,0,0
WBGene00197264.,0,0,0
WBGene00197265.,0,2,2
WBGene00197266.,0,0,0
WBGene00197267.,0,0,0
WBGene00197268.,0,0,0
WBGene00197269.,0,3,3
WBGene00197270.,0,1,1
WBGene00197271.,0,0,0
WBGene00197272.,0,0,0
WBGene00197273.,0,0,0
WBGene00197274.,0,6,6
WBGene00197275.,0,0,0
WBGene00197276.,0,1,1
WBGene00197277.,0,0,0
WBGene00197278.,0,3,3
WBGene00197279.,0,17,17
WBGene00197280.,0,2,2
WBGene00197281.,0,1,1
WBGene00197282.,0,0,0
WBGene00197283.,0,2,2
WBGene00197284.,0,0,0
WBGene00197285.,0,0,0
WBGene00197286.,0,0,0
WBGene00197287.,0,0,0
WBGene00197288.,0,0,0
WBGene00197289.,0,0,0
WBGene00197290.,0,0,0
WBGene00197291.,0,0,0
WBGene00197292.,0,0,0
WBGene00197293.,0,0,0
WBGene00197294.,0,0,0
WBGene00197295.,0,0,0
WBGene00197296.,0,0,0
WBGene00197297.,0,5,5
WBGene00197298.,0,0,0
WBGene00197299.,0,1,1
WBGene00197300.,0,0,0
WBGene00197301.,0,0,0
WBGene00197302.,0,1,1
WBGene00197303.,0,0,0
WBGene00197304.,0,0,0
WBGene00197305.,0,0,0
WBGene00197306.,0,0,0
WBGene00197307.,0,3,3
WBGene00197308.,0,10,10
WBGene00197309.,0,0,0
WBGene00197310.,0,0,0
WBGene00197311.,0,0,0
WBGene00197312.,0,0,0
WBGene00197313.,0,1,1
WBGene00197314.,0,1,1
WBGene00197315.,0,0,0
WBGene00197316.,0,0,0
WBGene00197317.,0,0,0
WBGene00197318.,0,0,0
WBGene00197319.,0,0,0
WBGene00197320.,0,0,0
WBGene00197321.,0,9,9
WBGene00197322.,0,2,2
WBGene00197323.,0,0,0
WBGene00197324.,0,0,0
WBGene00197325.,0,1,1
WBGene00197326.,0,64,64
WBGene00197327.,0,3,3
WBGene00197328.,0,6,6
WBGene00197329.,0,0,0
WBGene00197330.,0,0,0
WBGene00197331.,0,1,1
WBGene00197332.,0,0,0
WBGene00197333.,0,0,0
WBGene00197334.,0,6,6
WBGene00197335.,0,6,6
WBGene00197336.,0,0,0
WBGene00197337.,0,2,2
WBGene00197338.,0,3,3
WBGene00197339.,0,1002,1002
WBGene00197340.,0,1,1
WBGene00197341.,0,1,1
WBGene00197342.,0,0,0
WBGene00197343.,0,0,0
WBGene00197344.,0,1,1
WBGene00197345.,0,0,0
WBGene00197346.,0,0,0
WBGene00197347.,0,0,0
WBGene00197348.,0,0,0
WBGene00197349.,0,4,4
WBGene00197350.,0,1,1
WBGene00197351.,0,4,4
WBGene00197352.,0,0,0
WBGene00197353.,0,0,0
WBGene00197354.,0,3,3
WBGene00197355.,0,0,0
WBGene00197356.,0,2,2
WBGene00197357.,0,1,1
WBGene00197358.,0,0,0
WBGene00197359.,0,0,0
WBGene00197360.,0,2,2
WBGene00197361.,0,0,0
WBGene00197362.,0,1,1
WBGene00197363.,0,0,0
WBGene00197364.,0,0,0
WBGene00197365.,0,0,0
WBGene00197366.,0,1,1
WBGene00197367.,0,0,0
WBGene00197368.,0,0,0
WBGene00197369.,0,0,0
WBGene00197370.,0,5,5
WBGene00197371.,0,0,0
WBGene00197372.,0,0,0
WBGene00197373.,0,3,3
WBGene00197374.,0,0,0
WBGene00197375.,0,7,7
WBGene00197376.,0,0,0
WBGene00197377.,0,0,0
WBGene00197378.,0,0,0
WBGene00197379.,0,0,0
WBGene00197380.,0,0,0
WBGene00197381.,0,0,0
WBGene00197382.,0,5,5
WBGene00197383.,0,1,1
WBGene00197384.,0,0,0
WBGene00197385.,0,0,0
WBGene00197386.,0,0,0
WBGene00197387.,0,0,0
WBGene00197388.,0,1,1
WBGene00197389.,0,1,1
WBGene00197390.,0,0,0
WBGene00197391.,0,0,0
WBGene00197392.,0,0,0
WBGene00197393.,0,0,0
WBGene00197394.,0,0,0
WBGene00197395.,0,5,5
WBGene00197396.,0,23,23
WBGene00197397.,0,0,0
WBGene00197398.,0,1,1
WBGene00197399.,0,31,31
WBGene00197400.,0,5,5
WBGene00197401.,0,0,0
WBGene00197402.,0,0,0
WBGene00197403.,0,2,2
WBGene00197404.,0,109,109
WBGene00197405.,0,0,0
WBGene00197406.,0,148,148
WBGene00197407.,0,1,1
WBGene00197408.,0,0,0
WBGene00197409.,0,3,3
WBGene00197410.,0,2,2
WBGene00197411.,0,22,22
WBGene00197412.,0,1,1
WBGene00197413.,0,0,0
WBGene00197414.,0,0,0
WBGene00197415.,0,0,0
WBGene00197416.,0,15,15
WBGene00197417.,0,1,1
WBGene00197418.,0,0,0
WBGene00197419.,0,0,0
WBGene00197420.,0,1,1
WBGene00197421.,0,0,0
WBGene00197422.,0,0,0
WBGene00197423.,0,0,0
WBGene00197424.,0,28,28
WBGene00197425.,0,0,0
WBGene00197426.,0,7,7
WBGene00197427.,0,0,0
WBGene00197428.,0,0,0
WBGene00197429.,0,0,0
WBGene00197430.,0,0,0
WBGene00197431.,0,1,1
WBGene00197432.,0,0,0
WBGene00197433.,0,0,0
WBGene00197434.,0,0,0
WBGene00197435.,0,1,1
WBGene00197436.,0,0,0
WBGene00197437.,0,0,0
WBGene00197438.,0,0,0
WBGene00197439.,0,0,0
WBGene00197440.,0,5,5
WBGene00197441.,0,1,1
WBGene00197442.,0,0,0
WBGene00197443.,0,0,0
WBGene00197444.,0,10,10
WBGene00197445.,0,1,1
WBGene00197446.,0,2,2
WBGene00197447.,0,0,0
WBGene00197448.,0,0,0
WBGene00197449.,0,0,0
WBGene00197450.,0,10,10
WBGene00197451.,0,2,2
WBGene00197452.,0,54,54
WBGene00197453.,0,0,0
WBGene00197454.,0,20,20
WBGene00197455.,0,4,4
WBGene00197456.,0,0,0
WBGene00197457.,0,0,0
WBGene00197458.,0,0,0
WBGene00197459.,0,0,0
WBGene00197460.,0,0,0
WBGene00197461.,0,4,4
WBGene00197462.,0,2,2
WBGene00197463.,0,1,1
WBGene00197464.,0,11,11
WBGene00197465.,0,0,0
WBGene00197466.,0,0,0
WBGene00197467.,0,10,10
WBGene00197468.,0,0,0
WBGene00197469.,0,0,0
WBGene00197470.,0,0,0
WBGene00197471.,0,0,0
WBGene00197472.,0,0,0
WBGene00197473.,0,0,0
WBGene00197474.,0,0,0
WBGene00197475.,0,1,1
WBGene00197476.,0,0,0
WBGene00197477.,0,8,8
WBGene00197478.,0,0,0
WBGene00197479.,0,0,0
WBGene00197480.,0,0,0
WBGene00197481.,0,11,11
WBGene00197482.,0,60,60
WBGene00197483.,0,3,3
WBGene00197484.,0,4,4
WBGene00197485.,0,2,2
WBGene00197486.,0,15,15
WBGene00197487.,0,1,1
WBGene00197488.,0,0,0
WBGene00197489.,0,2,2
WBGene00197490.,0,0,0
WBGene00197491.,0,3,3
WBGene00197492.,0,0,0
WBGene00197493.,0,0,0
WBGene00197494.,0,0,0
WBGene00197495.,0,1,1
WBGene00197496.,0,0,0
WBGene00197497.,0,0,0
WBGene00197498.,0,1,1
WBGene00197499.,0,0,0
WBGene00197500.,0,2,2
WBGene00197501.,0,0,0
WBGene00197502.,0,0,0
WBGene00197503.,0,0,0
WBGene00197504.,0,0,0
WBGene00197505.,0,0,0
WBGene00197506.,0,0,0
WBGene00197507.,0,0,0
WBGene00197508.,0,0,0
WBGene00197509.,0,5,5
WBGene00197510.,0,5,5
WBGene00197511.,0,33,33
WBGene00197512.,0,0,0
WBGene00197513.,0,1,1
WBGene00197514.,0,0,0
WBGene00197515.,0,72,72
WBGene00197516.,0,27,27
WBGene00197517.,0,21,21
WBGene00197518.,0,1,1
WBGene00197519.,0,0,0
WBGene00197520.,0,3,3
WBGene00197521.,0,2,2
WBGene00197522.,0,0,0
WBGene00197523.,0,0,0
WBGene00197524.,0,0,0
WBGene00197525.,0,8,8
WBGene00197526.,0,0,0
WBGene00197527.,0,1,1
WBGene00197528.,0,0,0
WBGene00197529.,0,7,7
WBGene00197530.,0,0,0
WBGene00197531.,0,0,0
WBGene00197532.,0,0,0
WBGene00197533.,0,1,1
WBGene00197534.,0,16,16
WBGene00197535.,0,1,1
WBGene00197536.,0,1,1
WBGene00197537.,0,2,2
WBGene00197538.,0,0,0
WBGene00197539.,0,0,0
WBGene00197540.,0,0,0
WBGene00197541.,0,22,22
WBGene00197542.,0,1,1
WBGene00197543.,0,0,0
WBGene00197544.,0,0,0
WBGene00197545.,0,0,0
WBGene00197546.,0,0,0
WBGene00197547.,0,0,0
WBGene00197548.,0,2,2
WBGene00197549.,0,0,0
WBGene00197550.,0,7,7
WBGene00197551.,0,0,0
WBGene00197552.,0,0,0
WBGene00197553.,0,3,3
WBGene00197554.,0,0,0
WBGene00197555.,0,3,3
WBGene00197556.,0,0,0
WBGene00197557.,0,0,0
WBGene00197558.,0,7,7
WBGene00197559.,0,1,1
WBGene00197560.,0,4,4
WBGene00197561.,0,0,0
WBGene00197562.,0,0,0
WBGene00197563.,0,1,1
WBGene00197564.,0,1,1
WBGene00197565.,0,0,0
WBGene00197566.,0,0,0
WBGene00197567.,0,0,0
WBGene00197568.,0,0,0
WBGene00197569.,0,0,0
WBGene00197570.,0,0,0
WBGene00197571.,0,1,1
WBGene00197572.,0,1,1
WBGene00197573.,0,0,0
WBGene00197574.,0,6,6
WBGene00197575.,0,0,0
WBGene00197576.,0,1,1
WBGene00197577.,0,3,3
WBGene00197578.,0,17,17
WBGene00197579.,0,23,23
WBGene00197580.,0,44,44
WBGene00197581.,0,4,4
WBGene00197582.,0,3,3
WBGene00197583.,0,27,27
WBGene00197584.,0,0,0
WBGene00197585.,0,10,10
WBGene00197586.,0,4,4
WBGene00197587.,0,4,4
WBGene00197588.,0,0,0
WBGene00197589.,0,0,0
WBGene00197590.,0,0,0
WBGene00197591.,0,17,17
WBGene00197592.,0,1,1
WBGene00197593.,0,0,0
WBGene00197594.,0,0,0
WBGene00197595.,0,1,1
WBGene00197596.,0,0,0
WBGene00197597.,0,5,5
WBGene00197598.,0,0,0
WBGene00197599.,0,1,1
WBGene00197600.,0,4,4
WBGene00197601.,0,4,4
WBGene00197602.,0,0,0
WBGene00197603.,0,2,2
WBGene00197604.,0,17,17
WBGene00197605.,0,0,0
WBGene00197606.,0,0,0
WBGene00197607.,0,0,0
WBGene00197608.,0,0,0
WBGene00197609.,0,10,10
WBGene00197610.,0,0,0
WBGene00197611.,0,6,6
WBGene00197612.,0,0,0
WBGene00197613.,0,0,0
WBGene00197614.,0,1,1
WBGene00197615.,0,2,2
WBGene00197616.,0,3,3
WBGene00197617.,0,1,1
WBGene00197618.,0,0,0
WBGene00197619.,0,0,0
WBGene00197620.,0,4,4
WBGene00197621.,0,113,113
WBGene00197622.,0,0,0
WBGene00197623.,0,0,0
WBGene00197624.,0,2,2
WBGene00197625.,0,17,17
WBGene00197626.,0,0,0
WBGene00197627.,0,8,8
WBGene00197628.,0,0,0
WBGene00197629.,0,1,1
WBGene00197630.,0,0,0
WBGene00197631.,0,0,0
WBGene00197632.,0,7,7
WBGene00197633.,0,14,14
WBGene00197634.,0,22,22
WBGene00197635.,0,0,0
WBGene00197636.,0,19,19
WBGene00197637.,0,0,0
WBGene00197638.,0,0,0
WBGene00197639.,0,0,0
WBGene00197640.,0,0,0
WBGene00197641.,0,1,1
WBGene00197642.,0,8,8
WBGene00197643.,0,0,0
WBGene00197644.,0,0,0
WBGene00197645.,0,1,1
WBGene00197646.,0,0,0
WBGene00197647.,0,19,19
WBGene00197648.,0,18,18
WBGene00197649.,0,2,2
WBGene00197650.,0,2,2
WBGene00197651.,0,0,0
WBGene00197652.,0,4,4
WBGene00197653.,0,0,0
WBGene00197654.,0,0,0
WBGene00197655.,0,0,0
WBGene00197656.,0,1,1
WBGene00197657.,0,10,10
WBGene00197658.,0,2,2
WBGene00197659.,0,1,1
WBGene00197660.,0,1,1
WBGene00197661.,0,3,3
WBGene00197662.,0,0,0
WBGene00197663.,0,0,0
WBGene00197664.,0,0,0
WBGene00197665.,0,1,1
WBGene00197666.,0,0,0
WBGene00197667.,0,17,17
WBGene00197668.,0,0,0
WBGene00197669.,0,2,2
WBGene00197670.,0,11,11
WBGene00197671.,0,1,1
WBGene00197672.,0,0,0
WBGene00197673.,0,0,0
WBGene00197674.,0,0,0
WBGene00197675.,0,1,1
WBGene00197676.,0,0,0
WBGene00197677.,0,0,0
WBGene00197678.,0,0,0
WBGene00197679.,0,9,9
WBGene00197680.,0,0,0
WBGene00197681.,0,0,0
WBGene00197682.,0,0,0
WBGene00197683.,0,0,0
WBGene00197684.,0,0,0
WBGene00197685.,0,1,1
WBGene00197686.,0,22,22
WBGene00197687.,0,0,0
WBGene00197688.,0,1,1
WBGene00197689.,0,0,0
WBGene00197690.,0,0,0
WBGene00197691.,0,33,33
WBGene00197692.,0,0,0
WBGene00197693.,0,0,0
WBGene00197694.,0,2,2
WBGene00197695.,0,3,3
WBGene00197696.,0,0,0
WBGene00197697.,0,0,0
WBGene00197698.,0,12,12
WBGene00197699.,0,1,1
WBGene00197700.,0,0,0
WBGene00197701.,0,0,0
WBGene00197702.,0,0,0
WBGene00197703.,0,1,1
WBGene00197704.,0,7,7
WBGene00197705.,0,5,5
WBGene00197706.,0,0,0
WBGene00197707.,0,8,8
WBGene00197708.,0,1,1
WBGene00197709.,0,5,5
WBGene00197710.,0,4,4
WBGene00197711.,0,0,0
WBGene00197712.,0,4,4
WBGene00197713.,0,0,0
WBGene00197714.,0,0,0
WBGene00197715.,0,2,2
WBGene00197716.,0,2,2
WBGene00197717.,0,0,0
WBGene00197718.,0,0,0
WBGene00197719.,0,0,0
WBGene00197720.,0,2,2
WBGene00197721.,0,1,1
WBGene00197722.,0,0,0
WBGene00197723.,0,1,1
WBGene00197724.,0,15,15
WBGene00197725.,0,0,0
WBGene00197726.,0,11,11
WBGene00197727.,0,2,2
WBGene00197728.,0,0,0
WBGene00197729.,0,1,1
WBGene00197730.,0,1,1
WBGene00197731.,0,0,0
WBGene00197732.,0,2,2
WBGene00197733.,0,0,0
WBGene00197734.,0,0,0
WBGene00197735.,0,0,0
WBGene00197736.,0,0,0
WBGene00197737.,0,0,0
WBGene00197738.,0,0,0
WBGene00197739.,0,11,11
WBGene00197740.,0,0,0
WBGene00197741.,0,1,1
WBGene00197742.,0,0,0
WBGene00197743.,0,0,0
WBGene00197744.,0,0,0
WBGene00197745.,0,0,0
WBGene00197746.,0,0,0
WBGene00197747.,0,0,0
WBGene00197748.,0,0,0
WBGene00197749.,0,4,4
WBGene00197750.,0,0,0
WBGene00197751.,0,0,0
WBGene00197752.,0,2,2
WBGene00197753.,0,2,2
WBGene00197754.,0,0,0
WBGene00197755.,0,0,0
WBGene00197756.,0,0,0
WBGene00197757.,0,5,5
WBGene00197758.,0,2,2
WBGene00197759.,0,1,1
WBGene00197760.,0,1,1
WBGene00197761.,0,2,2
WBGene00197762.,0,0,0
WBGene00197763.,0,5,5
WBGene00197764.,0,2,2
WBGene00197765.,0,0,0
WBGene00197766.,0,2,2
WBGene00197767.,0,0,0
WBGene00197768.,0,0,0
WBGene00197769.,0,3,3
WBGene00197770.,0,0,0
WBGene00197771.,0,0,0
WBGene00197772.,0,0,0
WBGene00197773.,0,0,0
WBGene00197774.,0,0,0
WBGene00197775.,0,5,5
WBGene00197776.,0,0,0
WBGene00197777.,0,0,0
WBGene00197778.,0,0,0
WBGene00197779.,0,7,7
WBGene00197780.,0,0,0
WBGene00197781.,0,1,1
WBGene00197782.,0,5,5
WBGene00197783.,0,5,5
WBGene00197784.,0,0,0
WBGene00197785.,0,1,1
WBGene00197786.,0,6,6
WBGene00197787.,0,0,0
WBGene00197788.,0,0,0
WBGene00197789.,0,0,0
WBGene00197790.,0,2,2
WBGene00197791.,0,2,2
WBGene00197792.,0,0,0
WBGene00197793.,0,7,7
WBGene00197794.,0,0,0
WBGene00197795.,0,3,3
WBGene00197796.,0,0,0
WBGene00197797.,0,0,0
WBGene00197798.,0,0,0
WBGene00197799.,0,0,0
WBGene00197800.,0,3,3
WBGene00197801.,0,2,2
WBGene00197802.,0,12,12
WBGene00197803.,0,25,25
WBGene00197804.,0,0,0
WBGene00197805.,0,4,4
WBGene00197806.,0,0,0
WBGene00197807.,0,0,0
WBGene00197808.,0,1,1
WBGene00197809.,0,0,0
WBGene00197810.,0,0,0
WBGene00197811.,0,0,0
WBGene00197812.,0,2,2
WBGene00197813.,0,3,3
WBGene00197814.,0,0,0
WBGene00197815.,0,0,0
WBGene00197816.,0,0,0
WBGene00197817.,0,0,0
WBGene00197818.,0,0,0
WBGene00197819.,0,0,0
WBGene00197820.,0,0,0
WBGene00197821.,0,7,7
WBGene00197822.,0,12,12
WBGene00197823.,0,0,0
WBGene00197824.,0,0,0
WBGene00197825.,0,2,2
WBGene00197826.,0,1,1
WBGene00197827.,0,0,0
WBGene00197828.,0,0,0
WBGene00197829.,0,0,0
WBGene00197830.,0,1,1
WBGene00197831.,0,0,0
WBGene00197832.,0,0,0
WBGene00197833.,0,1,1
WBGene00197834.,0,1,1
WBGene00197835.,0,0,0
WBGene00197836.,0,10,10
WBGene00197837.,0,0,0
WBGene00197838.,0,0,0
WBGene00197839.,0,0,0
WBGene00197840.,0,2,2
WBGene00197841.,0,0,0
WBGene00197842.,0,0,0
WBGene00197843.,0,0,0
WBGene00197844.,0,0,0
WBGene00197845.,0,7,7
WBGene00197846.,0,0,0
WBGene00197847.,0,16,16
WBGene00197848.,0,2,2
WBGene00197849.,0,0,0
WBGene00197850.,0,1,1
WBGene00197851.,0,0,0
WBGene00197852.,0,1,1
WBGene00197853.,0,10,10
WBGene00197854.,0,18,18
WBGene00197855.,0,0,0
WBGene00197856.,0,2,2
WBGene00197857.,0,37,37
WBGene00197858.,0,0,0
WBGene00197859.,0,0,0
WBGene00197860.,0,24,24
WBGene00197861.,0,0,0
WBGene00197862.,0,1,1
WBGene00197863.,0,0,0
WBGene00197864.,0,0,0
WBGene00197865.,0,1,1
WBGene00197866.,0,0,0
WBGene00197867.,0,2,2
WBGene00197868.,0,1,1
WBGene00197869.,0,1,1
WBGene00197870.,0,0,0
WBGene00197871.,0,0,0
WBGene00197872.,0,0,0
WBGene00197873.,0,6,6
WBGene00197874.,0,2,2
WBGene00197875.,0,3,3
WBGene00197876.,0,0,0
WBGene00197877.,0,0,0
WBGene00197878.,0,0,0
WBGene00197879.,0,19,19
WBGene00197880.,0,1,1
WBGene00197881.,0,0,0
WBGene00197882.,0,0,0
WBGene00197883.,0,22,22
WBGene00197884.,0,12,12
WBGene00197885.,0,3,3
WBGene00197886.,0,0,0
WBGene00197887.,0,10,10
WBGene00197888.,0,0,0
WBGene00197889.,0,2,2
WBGene00197890.,0,0,0
WBGene00197891.,0,0,0
WBGene00197892.,0,0,0
WBGene00197893.,0,0,0
WBGene00197894.,0,2,2
WBGene00197895.,0,0,0
WBGene00197896.,0,13,13
WBGene00197897.,0,0,0
WBGene00197898.,0,0,0
WBGene00197899.,0,3,3
WBGene00197900.,0,0,0
WBGene00197901.,0,0,0
WBGene00197902.,0,0,0
WBGene00197903.,0,12,12
WBGene00197904.,0,0,0
WBGene00197905.,0,0,0
WBGene00197906.,0,45,45
WBGene00197907.,0,0,0
WBGene00197908.,0,0,0
WBGene00197909.,0,5,5
WBGene00197910.,0,0,0
WBGene00197911.,0,0,0
WBGene00197912.,0,1,1
WBGene00197913.,0,2,2
WBGene00197914.,0,0,0
WBGene00197915.,0,0,0
WBGene00197916.,0,0,0
WBGene00197917.,0,0,0
WBGene00197918.,0,0,0
WBGene00197919.,0,0,0
WBGene00197920.,0,0,0
WBGene00197921.,0,341,341
WBGene00197922.,0,0,0
WBGene00197923.,0,47,47
WBGene00197924.,0,0,0
WBGene00197925.,0,0,0
WBGene00197926.,0,0,0
WBGene00197927.,0,1,1
WBGene00197928.,0,1,1
WBGene00197929.,0,0,0
WBGene00197930.,0,0,0
WBGene00197931.,0,7,7
WBGene00197932.,0,1,1
WBGene00197933.,0,0,0
WBGene00197934.,0,60,60
WBGene00197935.,0,2,2
WBGene00197936.,0,0,0
WBGene00197937.,0,0,0
WBGene00197938.,0,1,1
WBGene00197939.,0,0,0
WBGene00197940.,0,0,0
WBGene00197941.,0,5,5
WBGene00197942.,0,0,0
WBGene00197943.,0,0,0
WBGene00197944.,0,9,9
WBGene00197945.,0,0,0
WBGene00197946.,0,4,4
WBGene00197947.,0,0,0
WBGene00197948.,0,0,0
WBGene00197949.,0,4,4
WBGene00197950.,0,0,0
WBGene00197951.,0,0,0
WBGene00197952.,0,2,2
WBGene00197953.,0,1,1
WBGene00197954.,0,0,0
WBGene00197955.,0,0,0
WBGene00197956.,0,1,1
WBGene00197957.,0,3,3
WBGene00197958.,0,3,3
WBGene00197959.,0,3,3
WBGene00197960.,0,1,1
WBGene00197961.,0,3,3
WBGene00197962.,0,0,0
WBGene00197963.,0,0,0
WBGene00197964.,0,0,0
WBGene00197965.,0,2,2
WBGene00197966.,0,0,0
WBGene00197967.,0,0,0
WBGene00197968.,0,0,0
WBGene00197969.,0,4,4
WBGene00197970.,0,0,0
WBGene00197971.,0,27,27
WBGene00197972.,0,1,1
WBGene00197973.,0,8,8
WBGene00197974.,0,0,0
WBGene00197975.,0,0,0
WBGene00197976.,0,4,4
WBGene00197977.,0,0,0
WBGene00197978.,0,0,0
WBGene00197979.,0,5,5
WBGene00197980.,0,0,0
WBGene00197981.,0,1,1
WBGene00197982.,0,0,0
WBGene00197983.,0,8,8
WBGene00197984.,0,0,0
WBGene00197985.,0,0,0
WBGene00197986.,0,0,0
WBGene00197987.,0,2,2
WBGene00197988.,0,1,1
WBGene00197989.,0,0,0
WBGene00197990.,0,0,0
WBGene00197991.,0,10,10
WBGene00197992.,0,0,0
WBGene00197993.,0,1,1
WBGene00197994.,0,1,1
WBGene00197995.,0,8,8
WBGene00197996.,0,0,0
WBGene00197997.,0,3,3
WBGene00197998.,0,0,0
WBGene00197999.,0,2,2
WBGene00198000.,0,7,7
WBGene00198001.,0,0,0
WBGene00198002.,0,0,0
WBGene00198003.,0,0,0
WBGene00198004.,0,1,1
WBGene00198005.,0,0,0
WBGene00198006.,0,0,0
WBGene00198007.,0,0,0
WBGene00198008.,0,2,2
WBGene00198009.,0,0,0
WBGene00198010.,0,0,0
WBGene00198011.,0,0,0
WBGene00198012.,0,0,0
WBGene00198013.,0,0,0
WBGene00198014.,0,15,15
WBGene00198015.,0,0,0
WBGene00198016.,0,0,0
WBGene00198017.,0,1,1
WBGene00198018.,0,2,2
WBGene00198019.,0,4,4
WBGene00198020.,0,4,4
WBGene00198021.,0,33,33
WBGene00198022.,0,0,0
WBGene00198023.,0,0,0
WBGene00198024.,0,0,0
WBGene00198025.,0,5,5
WBGene00198026.,0,1,1
WBGene00198027.,0,0,0
WBGene00198028.,0,0,0
WBGene00198029.,0,0,0
WBGene00198030.,0,0,0
WBGene00198031.,0,0,0
WBGene00198032.,0,0,0
WBGene00198033.,0,0,0
WBGene00198034.,0,2,2
WBGene00198035.,0,0,0
WBGene00198036.,0,0,0
WBGene00198037.,0,0,0
WBGene00198038.,0,0,0
WBGene00198039.,0,1,1
WBGene00198040.,0,0,0
WBGene00198041.,0,0,0
WBGene00198042.,0,1,1
WBGene00198043.,0,0,0
WBGene00198044.,0,0,0
WBGene00198045.,0,1,1
WBGene00198046.,0,1,1
WBGene00198047.,0,26,26
WBGene00198048.,0,1,1
WBGene00198049.,0,0,0
WBGene00198050.,0,0,0
WBGene00198051.,0,3,3
WBGene00198052.,0,0,0
WBGene00198053.,0,10,10
WBGene00198054.,0,0,0
WBGene00198055.,0,1,1
WBGene00198056.,0,2,2
WBGene00198057.,0,2,2
WBGene00198058.,0,0,0
WBGene00198059.,0,0,0
WBGene00198060.,0,0,0
WBGene00198061.,0,1,1
WBGene00198062.,0,0,0
WBGene00198063.,0,1,1
WBGene00198064.,0,11,11
WBGene00198065.,0,1,1
WBGene00198066.,0,2,2
WBGene00198067.,0,0,0
WBGene00198068.,0,2,2
WBGene00198069.,0,0,0
WBGene00198070.,0,0,0
WBGene00198071.,0,0,0
WBGene00198072.,0,0,0
WBGene00198073.,0,0,0
WBGene00198074.,0,0,0
WBGene00198075.,0,21,21
WBGene00198076.,0,0,0
WBGene00198077.,0,0,0
WBGene00198078.,0,0,0
WBGene00198079.,0,0,0
WBGene00198080.,0,0,0
WBGene00198081.,0,1,1
WBGene00198082.,0,0,0
WBGene00198083.,0,1,1
WBGene00198084.,0,0,0
WBGene00198085.,0,1,1
WBGene00198086.,0,0,0
WBGene00198087.,0,0,0
WBGene00198088.,0,18,18
WBGene00198089.,0,0,0
WBGene00198090.,0,1,1
WBGene00198091.,0,15,15
WBGene00198092.,0,0,0
WBGene00198093.,0,5,5
WBGene00198094.,0,23,23
WBGene00198095.,0,0,0
WBGene00198096.,0,7,7
WBGene00198097.,0,0,0
WBGene00198098.,0,0,0
WBGene00198099.,0,0,0
WBGene00198100.,0,0,0
WBGene00198101.,0,2,2
WBGene00198102.,0,0,0
WBGene00198103.,0,0,0
WBGene00198104.,0,7,7
WBGene00198105.,0,1,1
WBGene00198106.,0,4,4
WBGene00198107.,0,0,0
WBGene00198108.,0,21,21
WBGene00198109.,0,1,1
WBGene00198110.,0,3,3
WBGene00198111.,0,2,2
WBGene00198112.,0,0,0
WBGene00198113.,0,0,0
WBGene00198114.,0,0,0
WBGene00198115.,0,12,12
WBGene00198116.,0,2,2
WBGene00198117.,0,1,1
WBGene00198118.,0,2,2
WBGene00198119.,0,11,11
WBGene00198120.,0,20,20
WBGene00198121.,0,2,2
WBGene00198122.,0,12,12
WBGene00198123.,0,0,0
WBGene00198124.,0,31,31
WBGene00198125.,0,0,0
WBGene00198126.,0,0,0
WBGene00198127.,0,6,6
WBGene00198128.,0,0,0
WBGene00198129.,0,0,0
WBGene00198130.,0,0,0
WBGene00198131.,0,3,3
WBGene00198132.,0,0,0
WBGene00198133.,0,1,1
WBGene00198134.,0,11,11
WBGene00198135.,0,6,6
WBGene00198136.,0,5,5
WBGene00198137.,0,0,0
WBGene00198138.,0,10,10
WBGene00198139.,0,0,0
WBGene00198140.,0,0,0
WBGene00198141.,0,2,2
WBGene00198142.,0,15,15
WBGene00198143.,0,0,0
WBGene00198144.,0,0,0
WBGene00198145.,0,0,0
WBGene00198146.,0,0,0
WBGene00198147.,0,0,0
WBGene00198148.,0,1,1
WBGene00198149.,0,1,1
WBGene00198150.,0,0,0
WBGene00198151.,0,1,1
WBGene00198152.,0,1,1
WBGene00198153.,0,6,6
WBGene00198154.,0,1,1
WBGene00198155.,0,1,1
WBGene00198156.,0,0,0
WBGene00198157.,0,0,0
WBGene00198158.,0,1,1
WBGene00198159.,0,2,2
WBGene00198160.,0,0,0
WBGene00198161.,0,0,0
WBGene00198162.,0,19,19
WBGene00198163.,0,0,0
WBGene00198164.,0,0,0
WBGene00198165.,0,0,0
WBGene00198166.,0,0,0
WBGene00198167.,0,6,6
WBGene00198168.,0,1,1
WBGene00198169.,0,6,6
WBGene00198170.,0,0,0
WBGene00198171.,0,11,11
WBGene00198172.,0,0,0
WBGene00198173.,0,0,0
WBGene00198174.,0,20,20
WBGene00198175.,0,1,1
WBGene00198176.,0,2,2
WBGene00198177.,0,0,0
WBGene00198178.,0,8,8
WBGene00198179.,0,0,0
WBGene00198180.,0,0,0
WBGene00198181.,0,0,0
WBGene00198182.,0,15,15
WBGene00198183.,0,11,11
WBGene00198184.,0,0,0
WBGene00198185.,0,2,2
WBGene00198186.,0,0,0
WBGene00198187.,0,0,0
WBGene00198188.,0,6,6
WBGene00198189.,0,0,0
WBGene00198190.,0,0,0
WBGene00198191.,0,0,0
WBGene00198192.,0,1,1
WBGene00198193.,0,2,2
WBGene00198194.,0,1,1
WBGene00198195.,0,0,0
WBGene00198196.,0,0,0
WBGene00198197.,0,0,0
WBGene00198198.,0,1,1
WBGene00198199.,0,0,0
WBGene00198200.,0,10,10
WBGene00198201.,0,0,0
WBGene00198202.,0,0,0
WBGene00198203.,0,0,0
WBGene00198204.,0,0,0
WBGene00198205.,0,0,0
WBGene00198206.,0,0,0
WBGene00198207.,0,0,0
WBGene00198208.,0,0,0
WBGene00198209.,0,4,4
WBGene00198210.,0,5,5
WBGene00198211.,0,0,0
WBGene00198212.,0,0,0
WBGene00198213.,0,15,15
WBGene00198214.,0,18,18
WBGene00198215.,0,6,6
WBGene00198216.,0,7,7
WBGene00198217.,0,0,0
WBGene00198218.,0,0,0
WBGene00198219.,0,0,0
WBGene00198220.,0,0,0
WBGene00198221.,0,0,0
WBGene00198222.,0,0,0
WBGene00198223.,0,0,0
WBGene00198224.,0,18,18
WBGene00198225.,0,47,47
WBGene00198226.,0,4,4
WBGene00198227.,0,0,0
WBGene00198228.,0,0,0
WBGene00198229.,0,3,3
WBGene00198230.,0,2,2
WBGene00198231.,0,0,0
WBGene00198232.,0,0,0
WBGene00198233.,0,1,1
WBGene00198234.,0,23,23
WBGene00198235.,0,0,0
WBGene00198236.,0,3,3
WBGene00198237.,0,2,2
WBGene00198238.,0,0,0
WBGene00198239.,0,0,0
WBGene00198240.,0,6,6
WBGene00198241.,0,1,1
WBGene00198242.,0,32,32
WBGene00198243.,0,0,0
WBGene00198244.,0,5,5
WBGene00198245.,0,0,0
WBGene00198246.,0,3,3
WBGene00198247.,0,5,5
WBGene00198248.,0,0,0
WBGene00198249.,0,2,2
WBGene00198250.,0,0,0
WBGene00198251.,0,1,1
WBGene00198252.,0,0,0
WBGene00198253.,0,0,0
WBGene00198254.,0,0,0
WBGene00198255.,0,0,0
WBGene00198256.,0,1,1
WBGene00198257.,0,1,1
WBGene00198258.,0,11,11
WBGene00198259.,0,2,2
WBGene00198260.,0,5,5
WBGene00198261.,0,0,0
WBGene00198262.,0,13,13
WBGene00198263.,0,1,1
WBGene00198264.,0,0,0
WBGene00198265.,0,0,0
WBGene00198266.,0,0,0
WBGene00198267.,0,0,0
WBGene00198268.,0,3,3
WBGene00198269.,0,0,0
WBGene00198270.,0,12,12
WBGene00198271.,0,0,0
WBGene00198272.,0,0,0
WBGene00198273.,0,0,0
WBGene00198274.,0,0,0
WBGene00198275.,0,1,1
WBGene00198276.,0,0,0
WBGene00198277.,0,32,32
WBGene00198278.,0,7,7
WBGene00198279.,0,6,6
WBGene00198280.,0,1,1
WBGene00198281.,0,3,3
WBGene00198282.,0,0,0
WBGene00198283.,0,0,0
WBGene00198284.,0,2,2
WBGene00198285.,0,0,0
WBGene00198286.,0,0,0
WBGene00198287.,0,8,8
WBGene00198288.,0,0,0
WBGene00198289.,0,1,1
WBGene00198290.,0,4,4
WBGene00198291.,0,0,0
WBGene00198292.,0,2,2
WBGene00198293.,0,0,0
WBGene00198294.,0,0,0
WBGene00198295.,0,1,1
WBGene00198296.,0,0,0
WBGene00198297.,0,0,0
WBGene00198298.,0,16,16
WBGene00198299.,0,0,0
WBGene00198300.,0,340,340
WBGene00198301.,0,0,0
WBGene00198302.,0,0,0
WBGene00198303.,0,0,0
WBGene00198304.,0,2,2
WBGene00198305.,0,0,0
WBGene00198306.,0,1,1
WBGene00198307.,0,50,50
WBGene00198308.,0,0,0
WBGene00198309.,0,0,0
WBGene00198310.,0,1,1
WBGene00198311.,0,6,6
WBGene00198312.,0,1,1
WBGene00198313.,0,0,0
WBGene00198314.,0,2,2
WBGene00198315.,0,20,20
WBGene00198316.,0,2,2
WBGene00198317.,0,0,0
WBGene00198318.,0,0,0
WBGene00198319.,0,0,0
WBGene00198320.,0,5,5
WBGene00198321.,0,1,1
WBGene00198322.,0,0,0
WBGene00198323.,0,0,0
WBGene00198324.,0,4,4
WBGene00198325.,0,3,3
WBGene00198326.,0,46,46
WBGene00198327.,0,3,3
WBGene00198328.,0,0,0
WBGene00198329.,0,0,0
WBGene00198330.,0,0,0
WBGene00198331.,0,11,11
WBGene00198332.,0,0,0
WBGene00198333.,0,0,0
WBGene00198334.,0,0,0
WBGene00198335.,0,0,0
WBGene00198336.,0,0,0
WBGene00198337.,0,0,0
WBGene00198338.,0,0,0
WBGene00198339.,0,0,0
WBGene00198340.,0,0,0
WBGene00198341.,0,8,8
WBGene00198342.,0,0,0
WBGene00198343.,0,0,0
WBGene00198344.,0,1,1
WBGene00198345.,0,0,0
WBGene00198346.,0,0,0
WBGene00198347.,0,0,0
WBGene00198348.,0,1,1
WBGene00198349.,0,0,0
WBGene00198350.,0,0,0
WBGene00198351.,0,2,2
WBGene00198352.,0,0,0
WBGene00198353.,0,0,0
WBGene00198354.,0,0,0
WBGene00198355.,0,4,4
WBGene00198356.,0,1,1
WBGene00198357.,0,0,0
WBGene00198358.,0,0,0
WBGene00198359.,0,0,0
WBGene00198360.,0,0,0
WBGene00198361.,0,0,0
WBGene00198362.,0,0,0
WBGene00198363.,0,0,0
WBGene00198364.,0,22,22
WBGene00198365.,0,66,66
WBGene00198366.,0,1,1
WBGene00198367.,0,0,0
WBGene00198368.,0,24,24
WBGene00198369.,0,0,0
WBGene00198370.,0,7,7
WBGene00198371.,0,0,0
WBGene00198372.,0,0,0
WBGene00198373.,0,1,1
WBGene00198374.,0,0,0
WBGene00198375.,0,0,0
WBGene00198376.,0,0,0
WBGene00198377.,0,1,1
WBGene00198378.,0,0,0
WBGene00198379.,0,3,3
WBGene00198380.,0,0,0
WBGene00198381.,0,8,8
WBGene00198382.,0,0,0
WBGene00198383.,0,2,2
WBGene00198384.,0,0,0
WBGene00198385.,0,6,6
WBGene00198386.,0,30,30
WBGene00198387.,0,2,2
WBGene00198388.,0,0,0
WBGene00198389.,0,0,0
WBGene00198390.,0,0,0
WBGene00198391.,0,2,2
WBGene00198392.,0,0,0
WBGene00198393.,0,13,13
WBGene00198394.,0,2,2
WBGene00198395.,0,0,0
WBGene00198396.,0,1,1
WBGene00198397.,0,1,1
WBGene00198398.,0,0,0
WBGene00198399.,0,18,18
WBGene00198400.,0,0,0
WBGene00198401.,0,3,3
WBGene00198402.,0,4,4
WBGene00198403.,0,0,0
WBGene00198404.,0,7,7
WBGene00198405.,0,0,0
WBGene00198406.,0,1,1
WBGene00198407.,0,0,0
WBGene00198408.,0,0,0
WBGene00198409.,0,0,0
WBGene00198410.,0,0,0
WBGene00198411.,0,0,0
WBGene00198412.,0,0,0
WBGene00198413.,0,0,0
WBGene00198414.,0,3,3
WBGene00198415.,0,0,0
WBGene00198416.,0,0,0
WBGene00198417.,0,0,0
WBGene00198418.,0,0,0
WBGene00198419.,0,5,5
WBGene00198420.,0,0,0
WBGene00198421.,0,1,1
WBGene00198422.,0,0,0
WBGene00198423.,0,4,4
WBGene00198424.,0,0,0
WBGene00198425.,0,0,0
WBGene00198426.,0,17,17
WBGene00198427.,0,0,0
WBGene00198428.,0,0,0
WBGene00198429.,0,45,45
WBGene00198430.,0,1,1
WBGene00198431.,0,0,0
WBGene00198432.,0,0,0
WBGene00198433.,0,1,1
WBGene00198434.,0,0,0
WBGene00198435.,0,0,0
WBGene00198436.,0,1,1
WBGene00198437.,0,0,0
WBGene00198438.,0,0,0
WBGene00198439.,0,0,0
WBGene00198440.,0,0,0
WBGene00198441.,0,8,8
WBGene00198442.,0,0,0
WBGene00198443.,0,0,0
WBGene00198444.,0,1,1
WBGene00198445.,0,0,0
WBGene00198446.,0,0,0
WBGene00198447.,0,0,0
WBGene00198448.,0,0,0
WBGene00198449.,0,1,1
WBGene00198450.,0,2,2
WBGene00198451.,0,0,0
WBGene00198452.,0,0,0
WBGene00198453.,0,2,2
WBGene00198454.,0,0,0
WBGene00198455.,0,0,0
WBGene00198456.,0,0,0
WBGene00198457.,0,0,0
WBGene00198458.,0,0,0
WBGene00198459.,0,0,0
WBGene00198460.,0,1,1
WBGene00198461.,0,0,0
WBGene00198462.,0,0,0
WBGene00198463.,0,0,0
WBGene00198464.,0,1,1
WBGene00198465.,0,2,2
WBGene00198466.,0,7,7
WBGene00198467.,0,0,0
WBGene00198468.,0,30,30
WBGene00198469.,0,0,0
WBGene00198470.,0,5,5
WBGene00198471.,0,0,0
WBGene00198472.,0,6,6
WBGene00198473.,0,0,0
WBGene00198474.,0,1,1
WBGene00198475.,0,1,1
WBGene00198476.,0,2,2
WBGene00198477.,0,2,2
WBGene00198478.,0,1,1
WBGene00198479.,0,2,2
WBGene00198480.,0,2,2
WBGene00198481.,0,0,0
WBGene00198482.,0,0,0
WBGene00198483.,0,1,1
WBGene00198484.,0,0,0
WBGene00198485.,0,1,1
WBGene00198486.,0,1,1
WBGene00198487.,0,0,0
WBGene00198488.,0,0,0
WBGene00198489.,0,8,8
WBGene00198490.,0,4,4
WBGene00198491.,0,4,4
WBGene00198492.,0,0,0
WBGene00198493.,0,2,2
WBGene00198494.,0,0,0
WBGene00198495.,0,0,0
WBGene00198496.,0,0,0
WBGene00198497.,0,1,1
WBGene00198498.,0,0,0
WBGene00198499.,0,1,1
WBGene00198500.,0,0,0
WBGene00198501.,0,1,1
WBGene00198502.,0,0,0
WBGene00198503.,0,0,0
WBGene00198504.,0,0,0
WBGene00198505.,0,0,0
WBGene00198506.,0,13,13
WBGene00198507.,0,0,0
WBGene00198508.,0,0,0
WBGene00198509.,0,2,2
WBGene00198510.,0,0,0
WBGene00198511.,0,3,3
WBGene00198512.,0,11,11
WBGene00198513.,0,0,0
WBGene00198514.,0,0,0
WBGene00198515.,0,13,13
WBGene00198516.,0,3,3
WBGene00198517.,0,2,2
WBGene00198518.,0,0,0
WBGene00198519.,0,0,0
WBGene00198520.,0,10,10
WBGene00198521.,0,0,0
WBGene00198522.,0,1,1
WBGene00198523.,0,14,14
WBGene00198524.,0,0,0
WBGene00198525.,0,0,0
WBGene00198526.,0,1,1
WBGene00198527.,0,0,0
WBGene00198528.,0,0,0
WBGene00198529.,0,2,2
WBGene00198530.,0,8,8
WBGene00198531.,0,0,0
WBGene00198532.,0,2,2
WBGene00198533.,0,0,0
WBGene00198534.,0,11,11
WBGene00198535.,0,4,4
WBGene00198536.,0,8,8
WBGene00198537.,0,0,0
WBGene00198538.,0,0,0
WBGene00198539.,0,0,0
WBGene00198540.,0,2,2
WBGene00198541.,0,3,3
WBGene00198542.,0,1,1
WBGene00198543.,0,0,0
WBGene00198544.,0,0,0
WBGene00198545.,0,0,0
WBGene00198546.,0,0,0
WBGene00198547.,0,0,0
WBGene00198548.,0,0,0
WBGene00198549.,0,0,0
WBGene00198550.,0,13,13
WBGene00198551.,0,12,12
WBGene00198552.,0,5,5
WBGene00198553.,0,0,0
WBGene00198554.,0,4,4
WBGene00198555.,0,0,0
WBGene00198556.,0,0,0
WBGene00198557.,0,0,0
WBGene00198558.,0,29,29
WBGene00198559.,0,0,0
WBGene00198560.,0,0,0
WBGene00198561.,0,0,0
WBGene00198562.,0,0,0
WBGene00198563.,0,37,37
WBGene00198564.,0,0,0
WBGene00198565.,0,1,1
WBGene00198566.,0,1,1
WBGene00198567.,0,0,0
WBGene00198568.,0,3,3
WBGene00198569.,0,1,1
WBGene00198570.,0,0,0
WBGene00198571.,0,0,0
WBGene00198572.,0,0,0
WBGene00198573.,0,0,0
WBGene00198574.,0,0,0
WBGene00198575.,0,22,22
WBGene00198576.,0,3,3
WBGene00198577.,0,0,0
WBGene00198578.,0,0,0
WBGene00198579.,0,1,1
WBGene00198580.,0,0,0
WBGene00198581.,0,0,0
WBGene00198582.,0,4,4
WBGene00198583.,0,1,1
WBGene00198584.,0,1,1
WBGene00198585.,0,10,10
WBGene00198586.,0,0,0
WBGene00198587.,0,2,2
WBGene00198588.,0,0,0
WBGene00198589.,0,0,0
WBGene00198590.,0,0,0
WBGene00198591.,0,1,1
WBGene00198592.,0,1,1
WBGene00198593.,0,2,2
WBGene00198594.,0,5,5
WBGene00198595.,0,0,0
WBGene00198596.,0,47,47
WBGene00198597.,0,0,0
WBGene00198598.,0,9,9
WBGene00198599.,0,11,11
WBGene00198600.,0,0,0
WBGene00198601.,0,5,5
WBGene00198602.,0,3,3
WBGene00198603.,0,3,3
WBGene00198604.,0,1,1
WBGene00198605.,0,0,0
WBGene00198606.,0,1,1
WBGene00198607.,0,0,0
WBGene00198608.,0,8,8
WBGene00198609.,0,0,0
WBGene00198610.,0,0,0
WBGene00198611.,0,0,0
WBGene00198612.,0,0,0
WBGene00198613.,0,0,0
WBGene00198614.,0,0,0
WBGene00198615.,0,0,0
WBGene00198616.,0,0,0
WBGene00198617.,0,1,1
WBGene00198618.,0,4,4
WBGene00198619.,0,0,0
WBGene00198620.,0,3,3
WBGene00198621.,0,100,100
WBGene00198622.,0,0,0
WBGene00198623.,0,0,0
WBGene00198624.,0,0,0
WBGene00198625.,0,0,0
WBGene00198626.,0,0,0
WBGene00198627.,0,1,1
WBGene00198628.,0,0,0
WBGene00198629.,0,0,0
WBGene00198630.,0,0,0
WBGene00198631.,0,6,6
WBGene00198632.,0,7,7
WBGene00198633.,0,11,11
WBGene00198634.,0,33,33
WBGene00198635.,0,0,0
WBGene00198636.,0,0,0
WBGene00198637.,0,22,22
WBGene00198638.,0,0,0
WBGene00198639.,0,1,1
WBGene00198640.,0,0,0
WBGene00198641.,0,10,10
WBGene00198642.,0,133,133
WBGene00198643.,0,1,1
WBGene00198644.,0,1,1
WBGene00198645.,0,13,13
WBGene00198646.,0,2,2
WBGene00198647.,0,0,0
WBGene00198648.,0,1,1
WBGene00198649.,0,0,0
WBGene00198650.,0,3,3
WBGene00198651.,0,0,0
WBGene00198652.,0,0,0
WBGene00198653.,0,0,0
WBGene00198654.,0,1,1
WBGene00198655.,0,4,4
WBGene00198656.,0,0,0
WBGene00198657.,0,0,0
WBGene00198658.,0,14,14
WBGene00198659.,0,0,0
WBGene00198660.,0,0,0
WBGene00198661.,0,1,1
WBGene00198662.,0,13,13
WBGene00198663.,0,1,1
WBGene00198664.,0,2,2
WBGene00198665.,0,1,1
WBGene00198666.,0,0,0
WBGene00198667.,0,0,0
WBGene00198668.,0,9,9
WBGene00198669.,0,1,1
WBGene00198670.,0,2,2
WBGene00198671.,0,0,0
WBGene00198672.,0,0,0
WBGene00198673.,0,0,0
WBGene00198674.,0,0,0
WBGene00198675.,0,2,2
WBGene00198676.,0,0,0
WBGene00198677.,0,2,2
WBGene00198678.,0,0,0
WBGene00198679.,0,4,4
WBGene00198680.,0,0,0
WBGene00198681.,0,0,0
WBGene00198682.,0,1,1
WBGene00198683.,0,4,4
WBGene00198684.,0,0,0
WBGene00198685.,0,1,1
WBGene00198686.,0,2,2
WBGene00198687.,0,0,0
WBGene00198688.,0,2,2
WBGene00198689.,0,2,2
WBGene00198690.,0,1,1
WBGene00198691.,0,1,1
WBGene00198692.,0,4,4
WBGene00198693.,0,0,0
WBGene00198694.,0,0,0
WBGene00198695.,0,0,0
WBGene00198696.,0,1,1
WBGene00198697.,0,12,12
WBGene00198698.,0,0,0
WBGene00198699.,0,1,1
WBGene00198700.,0,0,0
WBGene00198701.,0,10,10
WBGene00198702.,0,3,3
WBGene00198703.,0,2,2
WBGene00198704.,0,0,0
WBGene00198705.,0,0,0
WBGene00198706.,0,6,6
WBGene00198707.,0,10,10
WBGene00198708.,0,0,0
WBGene00198709.,0,1,1
WBGene00198710.,0,1,1
WBGene00198711.,0,2,2
WBGene00198712.,0,0,0
WBGene00198713.,0,15,15
WBGene00198714.,0,1,1
WBGene00198715.,0,0,0
WBGene00198716.,0,1,1
WBGene00198717.,0,0,0
WBGene00198718.,0,3,3
WBGene00198719.,0,0,0
WBGene00198720.,0,0,0
WBGene00198721.,0,36,36
WBGene00198722.,0,0,0
WBGene00198723.,0,0,0
WBGene00198724.,0,1,1
WBGene00198725.,0,0,0
WBGene00198726.,0,1,1
WBGene00198727.,0,0,0
WBGene00198728.,0,3,3
WBGene00198729.,0,0,0
WBGene00198730.,0,0,0
WBGene00198731.,0,18,18
WBGene00198732.,0,2,2
WBGene00198733.,0,0,0
WBGene00198734.,0,1,1
WBGene00198735.,0,0,0
WBGene00198736.,0,0,0
WBGene00198737.,0,6,6
WBGene00198738.,0,0,0
WBGene00198739.,0,1,1
WBGene00198740.,0,5,5
WBGene00198741.,0,1,1
WBGene00198742.,0,0,0
WBGene00198743.,0,0,0
WBGene00198744.,0,3,3
WBGene00198745.,0,0,0
WBGene00198746.,0,9,9
WBGene00198747.,0,1,1
WBGene00198748.,0,3,3
WBGene00198749.,0,2,2
WBGene00198750.,0,0,0
WBGene00198751.,0,0,0
WBGene00198752.,0,0,0
WBGene00198753.,0,3,3
WBGene00198754.,0,0,0
WBGene00198755.,0,0,0
WBGene00198756.,0,34,34
WBGene00198757.,0,0,0
WBGene00198758.,0,0,0
WBGene00198759.,0,6,6
WBGene00198760.,0,0,0
WBGene00198761.,0,2,2
WBGene00198762.,0,0,0
WBGene00198763.,0,0,0
WBGene00198764.,0,1,1
WBGene00198765.,0,0,0
WBGene00198766.,0,0,0
WBGene00198767.,0,2,2
WBGene00198768.,0,1,1
WBGene00198769.,0,0,0
WBGene00198770.,0,1,1
WBGene00198771.,0,4,4
WBGene00198772.,0,0,0
WBGene00198773.,0,0,0
WBGene00198774.,0,2,2
WBGene00198775.,0,1,1
WBGene00198776.,0,1,1
WBGene00198777.,0,1,1
WBGene00198778.,0,0,0
WBGene00198779.,0,1,1
WBGene00198780.,0,5,5
WBGene00198781.,0,0,0
WBGene00198782.,0,12,12
WBGene00198783.,0,0,0
WBGene00198784.,0,0,0
WBGene00198785.,0,0,0
WBGene00198786.,0,8,8
WBGene00198787.,0,1,1
WBGene00198788.,0,0,0
WBGene00198789.,0,0,0
WBGene00198790.,0,1,1
WBGene00198791.,0,0,0
WBGene00198792.,0,0,0
WBGene00198793.,0,0,0
WBGene00198794.,0,0,0
WBGene00198795.,0,0,0
WBGene00198796.,0,0,0
WBGene00198797.,0,1,1
WBGene00198798.,0,18,18
WBGene00198799.,0,3,3
WBGene00198800.,0,0,0
WBGene00198801.,0,3,3
WBGene00198802.,0,0,0
WBGene00198803.,0,5,5
WBGene00198804.,0,7,7
WBGene00198805.,0,0,0
WBGene00198806.,0,0,0
WBGene00198807.,0,1,1
WBGene00198808.,0,1,1
WBGene00198809.,0,4,4
WBGene00198810.,0,47,47
WBGene00198811.,0,2,2
WBGene00198812.,0,0,0
WBGene00198813.,0,0,0
WBGene00198814.,0,38918,38918
WBGene00198815.,0,0,0
WBGene00198816.,0,0,0
WBGene00198817.,0,0,0
WBGene00198818.,0,0,0
WBGene00198819.,0,0,0
WBGene00198820.,0,2,2
WBGene00198821.,0,0,0
WBGene00198822.,0,0,0
WBGene00198823.,0,0,0
WBGene00198824.,0,0,0
WBGene00198825.,0,0,0
WBGene00198826.,0,2,2
WBGene00198827.,0,2,2
WBGene00198828.,0,0,0
WBGene00198829.,0,0,0
WBGene00198830.,0,1,1
WBGene00198831.,0,4,4
WBGene00198832.,0,0,0
WBGene00198833.,0,0,0
WBGene00198834.,0,1,1
WBGene00198835.,0,0,0
WBGene00198836.,0,1,1
WBGene00198837.,0,0,0
WBGene00198838.,0,0,0
WBGene00198839.,0,0,0
WBGene00198840.,0,1,1
WBGene00198841.,0,3,3
WBGene00198842.,0,0,0
WBGene00198843.,0,0,0
WBGene00198844.,0,0,0
WBGene00198845.,0,0,0
WBGene00198846.,0,0,0
WBGene00198847.,0,0,0
WBGene00198848.,0,0,0
WBGene00198849.,0,1,1
WBGene00198850.,0,0,0
WBGene00198851.,0,4,4
WBGene00198852.,0,14,14
WBGene00198853.,0,10,10
WBGene00198854.,0,1,1
WBGene00198855.,0,1,1
WBGene00198856.,0,3,3
WBGene00198857.,0,0,0
WBGene00198858.,0,2,2
WBGene00198859.,0,1,1
WBGene00198860.,0,1,1
WBGene00198861.,0,0,0
WBGene00198862.,0,2,2
WBGene00198863.,0,1,1
WBGene00198864.,0,3,3
WBGene00198865.,0,0,0
WBGene00198866.,0,0,0
WBGene00198867.,0,0,0
WBGene00198868.,0,0,0
WBGene00198869.,0,0,0
WBGene00198870.,0,0,0
WBGene00198871.,0,0,0
WBGene00198872.,0,0,0
WBGene00198873.,0,1,1
WBGene00198874.,0,0,0
WBGene00198875.,0,0,0
WBGene00198876.,0,0,0
WBGene00198877.,0,0,0
WBGene00198878.,0,0,0
WBGene00198879.,0,1,1
WBGene00198880.,0,0,0
WBGene00198881.,0,3,3
WBGene00198882.,0,1,1
WBGene00198883.,0,0,0
WBGene00198884.,0,0,0
WBGene00198885.,0,6,6
WBGene00198886.,0,0,0
WBGene00198887.,0,6,6
WBGene00198888.,0,0,0
WBGene00198889.,0,0,0
WBGene00198890.,0,18,18
WBGene00198891.,0,0,0
WBGene00198892.,0,0,0
WBGene00198893.,0,0,0
WBGene00198894.,0,0,0
WBGene00198895.,0,1,1
WBGene00198896.,0,5,5
WBGene00198897.,0,1,1
WBGene00198898.,0,5,5
WBGene00198899.,0,0,0
WBGene00198900.,0,1,1
WBGene00198901.,0,5,5
WBGene00198902.,0,0,0
WBGene00198903.,0,0,0
WBGene00198904.,0,8,8
WBGene00198905.,0,15,15
WBGene00198906.,0,0,0
WBGene00198907.,0,5,5
WBGene00198908.,0,0,0
WBGene00198909.,0,0,0
WBGene00198910.,0,0,0
WBGene00198911.,0,1,1
WBGene00198912.,0,1,1
WBGene00198913.,0,0,0
WBGene00198914.,0,9,9
WBGene00198915.,0,0,0
WBGene00198916.,0,3,3
WBGene00198917.,0,1,1
WBGene00198918.,0,0,0
WBGene00198919.,0,0,0
WBGene00198920.,0,0,0
WBGene00198921.,0,0,0
WBGene00198922.,0,2,2
WBGene00198923.,0,0,0
WBGene00198924.,0,0,0
WBGene00198925.,0,0,0
WBGene00198926.,0,1,1
WBGene00198927.,0,15,15
WBGene00198928.,0,0,0
WBGene00198929.,0,31,31
WBGene00198930.,0,0,0
WBGene00198931.,0,1,1
WBGene00198932.,0,0,0
WBGene00198933.,0,0,0
WBGene00198934.,0,0,0
WBGene00198935.,0,4,4
WBGene00198936.,0,0,0
WBGene00198937.,0,0,0
WBGene00198938.,0,0,0
WBGene00198939.,0,0,0
WBGene00198940.,0,2,2
WBGene00198941.,0,0,0
WBGene00198942.,0,0,0
WBGene00198943.,0,0,0
WBGene00198944.,0,2,2
WBGene00198945.,0,3,3
WBGene00198946.,0,1,1
WBGene00198947.,0,0,0
WBGene00198948.,0,0,0
WBGene00198949.,0,0,0
WBGene00198950.,0,2,2
WBGene00198951.,0,3,3
WBGene00198952.,0,0,0
WBGene00198953.,0,0,0
WBGene00198954.,0,4,4
WBGene00198955.,0,18,18
WBGene00198956.,0,0,0
WBGene00198957.,0,0,0
WBGene00198958.,0,0,0
WBGene00198959.,0,15,15
WBGene00198960.,0,0,0
WBGene00198961.,0,6,6
WBGene00198962.,0,1,1
WBGene00198963.,0,1,1
WBGene00198964.,0,7,7
WBGene00198965.,0,3,3
WBGene00198966.,0,0,0
WBGene00198967.,0,0,0
WBGene00198968.,0,0,0
WBGene00198969.,0,0,0
WBGene00198970.,0,0,0
WBGene00198971.,0,0,0
WBGene00198972.,0,2,2
WBGene00198973.,0,0,0
WBGene00198974.,0,0,0
WBGene00198975.,0,15,15
WBGene00198976.,0,1,1
WBGene00198977.,0,11,11
WBGene00198978.,0,0,0
WBGene00198979.,0,0,0
WBGene00198980.,0,2,2
WBGene00198981.,0,0,0
WBGene00198982.,0,1,1
WBGene00198983.,0,0,0
WBGene00198984.,0,2,2
WBGene00198985.,0,0,0
WBGene00198986.,0,7,7
WBGene00198987.,0,3,3
WBGene00198988.,0,0,0
WBGene00198989.,0,23,23
WBGene00198990.,0,0,0
WBGene00198991.,0,14,14
WBGene00198992.,0,1,1
WBGene00198993.,0,0,0
WBGene00198994.,0,1,1
WBGene00198995.,0,0,0
WBGene00198996.,0,0,0
WBGene00198997.,0,0,0
WBGene00198998.,0,0,0
WBGene00198999.,0,0,0
WBGene00199000.,0,1,1
WBGene00199001.,0,0,0
WBGene00199002.,0,4,4
WBGene00199003.,0,0,0
WBGene00199004.,0,0,0
WBGene00199005.,0,0,0
WBGene00199006.,0,0,0
WBGene00199007.,0,0,0
WBGene00199008.,0,0,0
WBGene00199009.,0,0,0
WBGene00199010.,0,0,0
WBGene00199011.,0,1,1
WBGene00199012.,0,1,1
WBGene00199013.,0,0,0
WBGene00199014.,0,0,0
WBGene00199015.,0,10,10
WBGene00199016.,0,61,61
WBGene00199017.,0,0,0
WBGene00199018.,0,1,1
WBGene00199019.,0,1,1
WBGene00199020.,0,0,0
WBGene00199021.,0,0,0
WBGene00199022.,0,4,4
WBGene00199023.,0,0,0
WBGene00199024.,0,41,41
WBGene00199025.,0,0,0
WBGene00199026.,0,0,0
WBGene00199027.,0,0,0
WBGene00199028.,0,0,0
WBGene00199029.,0,1,1
WBGene00199030.,0,0,0
WBGene00199031.,0,10,10
WBGene00199032.,0,2,2
WBGene00199033.,0,1,1
WBGene00199034.,0,0,0
WBGene00199035.,0,0,0
WBGene00199036.,0,6,6
WBGene00199037.,0,0,0
WBGene00199038.,0,0,0
WBGene00199039.,0,2,2
WBGene00199040.,0,2,2
WBGene00199041.,0,0,0
WBGene00199042.,0,0,0
WBGene00199043.,0,28,28
WBGene00199044.,0,0,0
WBGene00199045.,0,0,0
WBGene00199046.,0,0,0
WBGene00199047.,0,0,0
WBGene00199048.,0,0,0
WBGene00199049.,0,0,0
WBGene00199050.,0,0,0
WBGene00199051.,0,46,46
WBGene00199052.,0,0,0
WBGene00199053.,0,15,15
WBGene00199054.,0,0,0
WBGene00199055.,0,0,0
WBGene00199056.,0,0,0
WBGene00199057.,0,0,0
WBGene00199058.,0,0,0
WBGene00199059.,0,4,4
WBGene00199060.,0,8,8
WBGene00199061.,0,0,0
WBGene00199062.,0,0,0
WBGene00199063.,0,1,1
WBGene00199064.,0,0,0
WBGene00199065.,0,0,0
WBGene00199066.,0,0,0
WBGene00199067.,0,0,0
WBGene00199068.,0,0,0
WBGene00199069.,0,0,0
WBGene00199070.,0,0,0
WBGene00199071.,0,0,0
WBGene00199072.,0,0,0
WBGene00199073.,0,1,1
WBGene00199074.,0,0,0
WBGene00199075.,0,1,1
WBGene00199076.,0,1,1
WBGene00199077.,0,2,2
WBGene00199078.,0,0,0
WBGene00199079.,0,1,1
WBGene00199080.,0,1,1
WBGene00199081.,0,0,0
WBGene00199082.,0,0,0
WBGene00199083.,0,12,12
WBGene00199084.,0,0,0
WBGene00199085.,0,1,1
WBGene00199086.,0,0,0
WBGene00199087.,0,2,2
WBGene00199088.,0,4,4
WBGene00199089.,0,1,1
WBGene00199090.,0,0,0
WBGene00199091.,0,3,3
WBGene00199092.,0,0,0
WBGene00199093.,0,12,12
WBGene00199094.,0,1,1
WBGene00199095.,0,2,2
WBGene00199096.,0,11,11
WBGene00199097.,0,0,0
WBGene00199098.,0,0,0
WBGene00199099.,0,0,0
WBGene00199100.,0,8,8
WBGene00199101.,0,3,3
WBGene00199102.,0,8,8
WBGene00199103.,0,0,0
WBGene00199104.,0,7,7
WBGene00199105.,0,0,0
WBGene00199106.,0,1,1
WBGene00199107.,0,0,0
WBGene00199108.,0,0,0
WBGene00199109.,0,0,0
WBGene00199110.,0,28,28
WBGene00199111.,0,0,0
WBGene00199112.,0,55,55
WBGene00199113.,0,0,0
WBGene00199114.,0,13,13
WBGene00199115.,0,25,25
WBGene00199116.,0,10,10
WBGene00199117.,0,0,0
WBGene00199118.,0,0,0
WBGene00199119.,0,0,0
WBGene00199120.,0,0,0
WBGene00199121.,0,2,2
WBGene00199122.,0,0,0
WBGene00199123.,0,3,3
WBGene00199124.,0,0,0
WBGene00199125.,0,0,0
WBGene00199126.,0,4,4
WBGene00199127.,0,2,2
WBGene00199128.,0,1,1
WBGene00199129.,0,1,1
WBGene00199130.,0,0,0
WBGene00199131.,0,0,0
WBGene00199132.,0,11,11
WBGene00199133.,0,0,0
WBGene00199134.,0,0,0
WBGene00199135.,0,2,2
WBGene00199136.,0,0,0
WBGene00199137.,0,0,0
WBGene00199138.,0,0,0
WBGene00199139.,0,2,2
WBGene00199140.,0,0,0
WBGene00199141.,0,2,2
WBGene00199142.,0,2,2
WBGene00199143.,0,3,3
WBGene00199144.,0,0,0
WBGene00199145.,0,0,0
WBGene00199146.,0,0,0
WBGene00199147.,0,0,0
WBGene00199148.,0,1,1
WBGene00199149.,0,2,2
WBGene00199150.,0,0,0
WBGene00199151.,0,0,0
WBGene00199152.,0,0,0
WBGene00199153.,0,0,0
WBGene00199154.,0,1,1
WBGene00199155.,0,2,2
WBGene00199156.,0,2,2
WBGene00199157.,0,1,1
WBGene00199158.,0,4,4
WBGene00199159.,0,2,2
WBGene00199160.,0,0,0
WBGene00199161.,0,0,0
WBGene00199162.,0,0,0
WBGene00199163.,0,0,0
WBGene00199164.,0,1,1
WBGene00199165.,0,0,0
WBGene00199166.,0,26,26
WBGene00199167.,0,0,0
WBGene00199168.,0,0,0
WBGene00199169.,0,0,0
WBGene00199170.,0,0,0
WBGene00199171.,0,1,1
WBGene00199172.,0,0,0
WBGene00199173.,0,0,0
WBGene00199174.,0,1,1
WBGene00199175.,0,0,0
WBGene00199176.,0,0,0
WBGene00199177.,0,26,26
WBGene00199178.,0,0,0
WBGene00199179.,0,0,0
WBGene00199180.,0,23,23
WBGene00199181.,0,5,5
WBGene00199182.,0,0,0
WBGene00199183.,0,0,0
WBGene00199184.,0,0,0
WBGene00199185.,0,4,4
WBGene00199186.,0,1,1
WBGene00199187.,0,0,0
WBGene00199188.,0,0,0
WBGene00199189.,0,0,0
WBGene00199190.,0,0,0
WBGene00199191.,0,4,4
WBGene00199192.,0,0,0
WBGene00199193.,0,1,1
WBGene00199194.,0,5,5
WBGene00199195.,0,0,0
WBGene00199196.,0,0,0
WBGene00199197.,0,0,0
WBGene00199198.,0,1,1
WBGene00199199.,0,0,0
WBGene00199200.,0,2,2
WBGene00199201.,0,1,1
WBGene00199202.,0,0,0
WBGene00199203.,0,0,0
WBGene00199204.,0,0,0
WBGene00199205.,0,1,1
WBGene00199206.,0,8,8
WBGene00199207.,0,1,1
WBGene00199208.,0,0,0
WBGene00199209.,0,7,7
WBGene00199210.,0,0,0
WBGene00199211.,0,3,3
WBGene00199212.,0,1,1
WBGene00199213.,0,0,0
WBGene00199214.,0,0,0
WBGene00199215.,0,0,0
WBGene00199216.,0,0,0
WBGene00199217.,0,0,0
WBGene00199218.,0,4,4
WBGene00199219.,0,0,0
WBGene00199220.,0,0,0
WBGene00199221.,0,0,0
WBGene00199222.,0,7,7
WBGene00199223.,0,1,1
WBGene00199224.,0,0,0
WBGene00199225.,0,68,68
WBGene00199226.,0,0,0
WBGene00199227.,0,2,2
WBGene00199228.,0,0,0
WBGene00199229.,0,53,53
WBGene00199230.,0,1,1
WBGene00199231.,0,1,1
WBGene00199232.,0,0,0
WBGene00199233.,0,0,0
WBGene00199234.,0,0,0
WBGene00199235.,0,3,3
WBGene00199236.,0,0,0
WBGene00199237.,0,3,3
WBGene00199238.,0,6,6
WBGene00199239.,0,64,64
WBGene00199240.,0,0,0
WBGene00199241.,0,2,2
WBGene00199242.,0,8,8
WBGene00199243.,0,0,0
WBGene00199244.,0,0,0
WBGene00199245.,0,1,1
WBGene00199246.,0,6,6
WBGene00199247.,0,16,16
WBGene00199248.,0,2,2
WBGene00199249.,0,74,74
WBGene00199250.,0,2,2
WBGene00199251.,0,0,0
WBGene00199252.,0,3,3
WBGene00199253.,0,1,1
WBGene00199254.,0,0,0
WBGene00199255.,0,0,0
WBGene00199256.,0,0,0
WBGene00199257.,0,0,0
WBGene00199258.,0,13,13
WBGene00199259.,0,3,3
WBGene00199260.,0,3,3
WBGene00199261.,0,0,0
WBGene00199262.,0,1,1
WBGene00199263.,0,0,0
WBGene00199264.,0,0,0
WBGene00199265.,0,2,2
WBGene00199266.,0,0,0
WBGene00199267.,0,3,3
WBGene00199268.,0,1,1
WBGene00199269.,0,6,6
WBGene00199270.,0,1,1
WBGene00199271.,0,27,27
WBGene00199272.,0,2,2
WBGene00199273.,0,3,3
WBGene00199274.,0,22,22
WBGene00199275.,0,2,2
WBGene00199276.,0,1,1
WBGene00199277.,0,8,8
WBGene00199278.,0,57,57
WBGene00199279.,0,0,0
WBGene00199280.,0,0,0
WBGene00199281.,0,0,0
WBGene00199282.,0,0,0
WBGene00199283.,0,0,0
WBGene00199284.,0,0,0
WBGene00199285.,0,12,12
WBGene00199286.,0,0,0
WBGene00199287.,0,0,0
WBGene00199288.,0,0,0
WBGene00199289.,0,0,0
WBGene00199290.,0,0,0
WBGene00199291.,0,1,1
WBGene00199292.,0,2,2
WBGene00199293.,0,1,1
WBGene00199294.,0,0,0
WBGene00199295.,0,3,3
WBGene00199296.,0,6,6
WBGene00199297.,0,0,0
WBGene00199298.,0,0,0
WBGene00199299.,0,8,8
WBGene00199300.,0,0,0
WBGene00199301.,0,1,1
WBGene00199302.,0,0,0
WBGene00199303.,0,0,0
WBGene00199304.,0,3,3
WBGene00199305.,0,0,0
WBGene00199306.,0,13,13
WBGene00199307.,0,1,1
WBGene00199308.,0,1,1
WBGene00199309.,0,0,0
WBGene00199310.,0,7,7
WBGene00199311.,0,2,2
WBGene00199312.,0,16,16
WBGene00199313.,0,9,9
WBGene00199314.,0,2,2
WBGene00199315.,0,0,0
WBGene00199316.,0,1,1
WBGene00199317.,0,0,0
WBGene00199318.,0,1,1
WBGene00199319.,0,0,0
WBGene00199320.,0,0,0
WBGene00199321.,0,5,5
WBGene00199322.,0,0,0
WBGene00199323.,0,0,0
WBGene00199324.,0,1,1
WBGene00199325.,0,0,0
WBGene00199326.,0,0,0
WBGene00199327.,0,5,5
WBGene00199328.,0,2,2
WBGene00199329.,0,0,0
WBGene00199330.,0,1,1
WBGene00199331.,0,0,0
WBGene00199332.,0,0,0
WBGene00199333.,0,0,0
WBGene00199334.,0,3,3
WBGene00199335.,0,0,0
WBGene00199336.,0,137,137
WBGene00199337.,0,2,2
WBGene00199338.,0,0,0
WBGene00199339.,0,132,132
WBGene00199340.,0,0,0
WBGene00199341.,0,0,0
WBGene00199342.,0,0,0
WBGene00199343.,0,0,0
WBGene00199344.,0,0,0
WBGene00199345.,0,1,1
WBGene00199346.,0,0,0
WBGene00199347.,0,0,0
WBGene00199348.,0,0,0
WBGene00199349.,0,0,0
WBGene00199350.,0,6,6
WBGene00199351.,0,0,0
WBGene00199352.,0,1,1
WBGene00199353.,0,27,27
WBGene00199354.,0,2,2
WBGene00199355.,0,0,0
WBGene00199356.,0,0,0
WBGene00199357.,0,0,0
WBGene00199358.,0,0,0
WBGene00199359.,0,0,0
WBGene00199360.,0,7,7
WBGene00199361.,0,17,17
WBGene00199362.,0,6,6
WBGene00199363.,0,14,14
WBGene00199364.,0,2,2
WBGene00199365.,0,0,0
WBGene00199366.,0,0,0
WBGene00199367.,0,0,0
WBGene00199368.,0,3,3
WBGene00199369.,0,0,0
WBGene00199370.,0,5,5
WBGene00199371.,0,0,0
WBGene00199372.,0,13,13
WBGene00199373.,0,0,0
WBGene00199374.,0,6,6
WBGene00199375.,0,0,0
WBGene00199376.,0,0,0
WBGene00199377.,0,0,0
WBGene00199378.,0,0,0
WBGene00199379.,0,0,0
WBGene00199380.,0,0,0
WBGene00199381.,0,0,0
WBGene00199382.,0,1,1
WBGene00199383.,0,4,4
WBGene00199384.,0,0,0
WBGene00199385.,0,0,0
WBGene00199386.,0,3,3
WBGene00199387.,0,0,0
WBGene00199388.,0,0,0
WBGene00199389.,0,0,0
WBGene00199390.,0,0,0
WBGene00199391.,0,0,0
WBGene00199392.,0,5,5
WBGene00199393.,0,0,0
WBGene00199394.,0,0,0
WBGene00199395.,0,46,46
WBGene00199396.,0,15,15
WBGene00199397.,0,1,1
WBGene00199398.,0,5,5
WBGene00199399.,0,0,0
WBGene00199400.,0,0,0
WBGene00199401.,0,11,11
WBGene00199402.,0,2,2
WBGene00199403.,0,0,0
WBGene00199404.,0,44,44
WBGene00199405.,0,0,0
WBGene00199406.,0,0,0
WBGene00199407.,0,0,0
WBGene00199408.,0,0,0
WBGene00199409.,0,0,0
WBGene00199410.,0,55,55
WBGene00199411.,0,0,0
WBGene00199412.,0,0,0
WBGene00199413.,0,0,0
WBGene00199414.,0,5,5
WBGene00199415.,0,2,2
WBGene00199416.,0,14,14
WBGene00199417.,0,1,1
WBGene00199418.,0,0,0
WBGene00199419.,0,3,3
WBGene00199420.,0,1,1
WBGene00199421.,0,36,36
WBGene00199422.,0,0,0
WBGene00199423.,0,0,0
WBGene00199424.,0,0,0
WBGene00199425.,0,0,0
WBGene00199426.,0,0,0
WBGene00199427.,0,0,0
WBGene00199428.,0,0,0
WBGene00199429.,0,0,0
WBGene00199430.,0,0,0
WBGene00199431.,0,0,0
WBGene00199432.,0,1,1
WBGene00199433.,0,0,0
WBGene00199434.,0,68,68
WBGene00199435.,0,0,0
WBGene00199436.,0,0,0
WBGene00199437.,0,0,0
WBGene00199438.,0,0,0
WBGene00199439.,0,0,0
WBGene00199440.,0,8,8
WBGene00199441.,0,5,5
WBGene00199442.,0,0,0
WBGene00199443.,0,3,3
WBGene00199444.,0,0,0
WBGene00199445.,0,10,10
WBGene00199446.,0,0,0
WBGene00199447.,0,0,0
WBGene00199448.,0,2,2
WBGene00199449.,0,0,0
WBGene00199450.,0,3,3
WBGene00199451.,0,26,26
WBGene00199452.,0,0,0
WBGene00199453.,0,0,0
WBGene00199454.,0,0,0
WBGene00199455.,0,0,0
WBGene00199456.,0,1,1
WBGene00199457.,0,0,0
WBGene00199458.,0,17,17
WBGene00199459.,0,0,0
WBGene00199460.,0,1,1
WBGene00199461.,0,1,1
WBGene00199462.,0,55,55
WBGene00199463.,0,3,3
WBGene00199464.,0,2,2
WBGene00199465.,0,3,3
WBGene00199466.,0,0,0
WBGene00199467.,0,0,0
WBGene00199468.,0,3,3
WBGene00199469.,0,0,0
WBGene00199470.,0,0,0
WBGene00199471.,0,12,12
WBGene00199472.,0,0,0
WBGene00199473.,0,0,0
WBGene00199474.,0,0,0
WBGene00199475.,0,6,6
WBGene00199476.,0,5,5
WBGene00199477.,0,10,10
WBGene00199478.,0,13,13
WBGene00199479.,0,3,3
WBGene00199480.,0,6,6
WBGene00199481.,0,1,1
WBGene00199482.,0,0,0
WBGene00199483.,0,0,0
WBGene00199484.,0,1,1
WBGene00199485.,0,35,35
WBGene00199486.,0,7,7
WBGene00199487.,0,0,0
WBGene00199488.,0,2,2
WBGene00199489.,0,2,2
WBGene00199490.,0,0,0
WBGene00199491.,0,2,2
WBGene00199492.,0,0,0
WBGene00199493.,0,3,3
WBGene00199494.,0,5,5
WBGene00199495.,0,0,0
WBGene00199496.,0,0,0
WBGene00199497.,0,0,0
WBGene00199498.,0,0,0
WBGene00199499.,0,2,2
WBGene00199500.,0,7,7
WBGene00199501.,0,1,1
WBGene00199502.,0,0,0
WBGene00199503.,0,0,0
WBGene00199504.,0,0,0
WBGene00199505.,0,1,1
WBGene00199506.,0,21,21
WBGene00199507.,0,8,8
WBGene00199508.,0,0,0
WBGene00199509.,0,0,0
WBGene00199510.,0,0,0
WBGene00199511.,0,0,0
WBGene00199512.,0,0,0
WBGene00199513.,0,32,32
WBGene00199514.,0,4,4
WBGene00199515.,0,0,0
WBGene00199516.,0,2,2
WBGene00199517.,0,7,7
WBGene00199518.,0,0,0
WBGene00199519.,0,0,0
WBGene00199520.,0,0,0
WBGene00199521.,0,0,0
WBGene00199522.,0,3,3
WBGene00199523.,0,35,35
WBGene00199524.,0,1,1
WBGene00199525.,0,1,1
WBGene00199526.,0,0,0
WBGene00199527.,0,0,0
WBGene00199528.,0,5,5
WBGene00199529.,0,0,0
WBGene00199530.,0,0,0
WBGene00199531.,0,0,0
WBGene00199532.,0,0,0
WBGene00199533.,0,1,1
WBGene00199534.,0,0,0
WBGene00199535.,0,0,0
WBGene00199536.,0,0,0
WBGene00199537.,0,0,0
WBGene00199538.,0,1,1
WBGene00199539.,0,0,0
WBGene00199540.,0,1,1
WBGene00199541.,0,33,33
WBGene00199542.,0,0,0
WBGene00199543.,0,0,0
WBGene00199544.,0,0,0
WBGene00199545.,0,0,0
WBGene00199546.,0,0,0
WBGene00199547.,0,0,0
WBGene00199548.,0,0,0
WBGene00199549.,0,14,14
WBGene00199550.,0,0,0
WBGene00199551.,0,0,0
WBGene00199552.,0,0,0
WBGene00199553.,0,1,1
WBGene00199554.,0,1,1
WBGene00199555.,0,0,0
WBGene00199556.,0,1,1
WBGene00199557.,0,1,1
WBGene00199558.,0,1,1
WBGene00199559.,0,1,1
WBGene00199560.,0,1,1
WBGene00199561.,0,0,0
WBGene00199562.,0,6,6
WBGene00199563.,0,3,3
WBGene00199564.,0,0,0
WBGene00199565.,0,3,3
WBGene00199566.,0,0,0
WBGene00199567.,0,10,10
WBGene00199568.,0,1,1
WBGene00199569.,0,0,0
WBGene00199570.,0,17,17
WBGene00199571.,0,1,1
WBGene00199572.,0,0,0
WBGene00199573.,0,0,0
WBGene00199574.,0,0,0
WBGene00199575.,0,0,0
WBGene00199576.,0,0,0
WBGene00199577.,0,0,0
WBGene00199578.,0,0,0
WBGene00199579.,0,0,0
WBGene00199580.,0,1,1
WBGene00199581.,0,0,0
WBGene00199582.,0,0,0
WBGene00199583.,0,0,0
WBGene00199584.,0,2,2
WBGene00199585.,0,0,0
WBGene00199586.,0,4,4
WBGene00199587.,0,2,2
WBGene00199588.,0,0,0
WBGene00199589.,0,4,4
WBGene00199590.,0,0,0
WBGene00199591.,0,0,0
WBGene00199592.,0,0,0
WBGene00199593.,0,5,5
WBGene00199594.,0,0,0
WBGene00199595.,0,0,0
WBGene00199596.,0,3,3
WBGene00199597.,0,0,0
WBGene00199598.,0,0,0
WBGene00199599.,0,0,0
WBGene00199600.,0,0,0
WBGene00199601.,0,25,25
WBGene00199602.,0,0,0
WBGene00199603.,0,0,0
WBGene00199604.,0,0,0
WBGene00199605.,0,5,5
WBGene00199606.,0,5,5
WBGene00199607.,0,0,0
WBGene00199608.,0,5,5
WBGene00199609.,0,0,0
WBGene00199610.,0,0,0
WBGene00199611.,0,0,0
WBGene00199612.,0,9,9
WBGene00199613.,0,0,0
WBGene00199614.,0,3,3
WBGene00199615.,0,0,0
WBGene00199616.,0,0,0
WBGene00199617.,0,0,0
WBGene00199618.,0,0,0
WBGene00199619.,0,0,0
WBGene00199620.,0,0,0
WBGene00199621.,0,0,0
WBGene00199622.,0,8,8
WBGene00199623.,0,0,0
WBGene00199624.,0,0,0
WBGene00199625.,0,2,2
WBGene00199626.,0,3,3
WBGene00199627.,0,8,8
WBGene00199628.,0,2,2
WBGene00199629.,0,3,3
WBGene00199630.,0,1,1
WBGene00199631.,0,0,0
WBGene00199632.,0,3,3
WBGene00199633.,0,2,2
WBGene00199634.,0,0,0
WBGene00199635.,0,0,0
WBGene00199636.,0,2,2
WBGene00199637.,0,0,0
WBGene00199638.,0,3,3
WBGene00199639.,0,3,3
WBGene00199640.,0,2,2
WBGene00199641.,0,0,0
WBGene00199642.,0,0,0
WBGene00199643.,0,0,0
WBGene00199644.,0,10,10
WBGene00199645.,0,1,1
WBGene00199646.,0,0,0
WBGene00199647.,0,2,2
WBGene00199648.,0,0,0
WBGene00199649.,0,0,0
WBGene00199650.,0,0,0
WBGene00199651.,0,4,4
WBGene00199652.,0,0,0
WBGene00199653.,0,0,0
WBGene00199654.,0,1,1
WBGene00199655.,0,0,0
WBGene00199656.,0,0,0
WBGene00199657.,0,11,11
WBGene00199658.,0,0,0
WBGene00199659.,0,0,0
WBGene00199660.,0,0,0
WBGene00199661.,0,2,2
WBGene00199662.,0,0,0
WBGene00199663.,0,5,5
WBGene00199664.,0,0,0
WBGene00199665.,0,1,1
WBGene00199666.,0,9,9
WBGene00199667.,0,6,6
WBGene00199668.,0,1,1
WBGene00199669.,0,0,0
WBGene00199670.,0,1,1
WBGene00199671.,0,0,0
WBGene00199672.,0,16,16
WBGene00199673.,0,0,0
WBGene00199674.,0,4,4
WBGene00199675.,0,0,0
WBGene00199676.,0,0,0
WBGene00199677.,0,1,1
WBGene00199678.,0,1,1
WBGene00199679.,0,1,1
WBGene00199680.,0,0,0
WBGene00199681.,0,1,1
WBGene00199682.,0,0,0
WBGene00199683.,0,2,2
WBGene00199684.,0,0,0
WBGene00199685.,0,8,8
WBGene00199686.,0,2,2
WBGene00199687.,0,0,0
WBGene00199688.,0,0,0
WBGene00199689.,0,1,1
WBGene00199690.,0,0,0
WBGene00199691.,0,0,0
WBGene00199692.,0,3,3
WBGene00199693.,0,2,2
WBGene00199694.,0,0,0
WBGene00199695.,0,1,1
WBGene00199696.,0,0,0
WBGene00199697.,0,5,5
WBGene00199698.,0,0,0
WBGene00199699.,0,1,1
WBGene00199700.,0,0,0
WBGene00199701.,0,3,3
WBGene00199702.,0,2,2
WBGene00199703.,0,2,2
WBGene00199704.,0,1,1
WBGene00199705.,0,0,0
WBGene00199706.,0,0,0
WBGene00199707.,0,2,2
WBGene00199708.,0,9,9
WBGene00199709.,0,0,0
WBGene00199710.,0,21,21
WBGene00199711.,0,9,9
WBGene00199712.,0,2,2
WBGene00199713.,0,8,8
WBGene00199714.,0,0,0
WBGene00199715.,0,1,1
WBGene00199716.,0,1,1
WBGene00199717.,0,1,1
WBGene00199718.,0,1,1
WBGene00199719.,0,0,0
WBGene00199720.,0,0,0
WBGene00199721.,0,0,0
WBGene00199722.,0,0,0
WBGene00199723.,0,0,0
WBGene00199724.,0,3,3
WBGene00199725.,0,0,0
WBGene00199726.,0,0,0
WBGene00199727.,0,2,2
WBGene00199728.,0,0,0
WBGene00199729.,0,0,0
WBGene00199730.,0,0,0
WBGene00199731.,0,7,7
WBGene00199732.,0,4,4
WBGene00199733.,0,0,0
WBGene00199734.,0,0,0
WBGene00199735.,0,2,2
WBGene00199736.,0,0,0
WBGene00199737.,0,1,1
WBGene00199738.,0,2,2
WBGene00199739.,0,0,0
WBGene00199740.,0,8,8
WBGene00199741.,0,1,1
WBGene00199742.,0,5,5
WBGene00199743.,0,3,3
WBGene00199744.,0,0,0
WBGene00199745.,0,10,10
WBGene00199746.,0,1,1
WBGene00199747.,0,0,0
WBGene00199748.,0,4,4
WBGene00199749.,0,2,2
WBGene00199750.,0,0,0
WBGene00199751.,0,39,39
WBGene00199752.,0,0,0
WBGene00199753.,0,741,741
WBGene00199754.,0,0,0
WBGene00199755.,0,0,0
WBGene00199756.,0,1,1
WBGene00199757.,0,0,0
WBGene00199758.,0,1,1
WBGene00199759.,0,3,3
WBGene00199760.,0,0,0
WBGene00199761.,0,3,3
WBGene00199762.,0,0,0
WBGene00199763.,0,0,0
WBGene00199764.,0,0,0
WBGene00199765.,0,1,1
WBGene00199766.,0,0,0
WBGene00199767.,0,3,3
WBGene00199768.,0,3,3
WBGene00199769.,0,0,0
WBGene00199770.,0,0,0
WBGene00199771.,0,0,0
WBGene00199772.,0,0,0
WBGene00199773.,0,4,4
WBGene00199774.,0,0,0
WBGene00199775.,0,0,0
WBGene00199776.,0,0,0
WBGene00199777.,0,1,1
WBGene00199778.,0,1,1
WBGene00199779.,0,9,9
WBGene00199780.,0,4,4
WBGene00199781.,0,0,0
WBGene00199782.,0,0,0
WBGene00199783.,0,10,10
WBGene00199784.,0,1,1
WBGene00199785.,0,0,0
WBGene00199786.,0,4,4
WBGene00199787.,0,3,3
WBGene00199788.,0,1,1
WBGene00199789.,0,0,0
WBGene00199790.,0,2,2
WBGene00199791.,0,0,0
WBGene00199792.,0,0,0
WBGene00199793.,0,0,0
WBGene00199794.,0,7,7
WBGene00199795.,0,0,0
WBGene00199796.,0,0,0
WBGene00199797.,0,0,0
WBGene00199798.,0,0,0
WBGene00199799.,0,0,0
WBGene00199800.,0,1,1
WBGene00199801.,0,0,0
WBGene00199802.,0,0,0
WBGene00199803.,0,1,1
WBGene00199804.,0,3,3
WBGene00199805.,0,0,0
WBGene00199806.,0,0,0
WBGene00199807.,0,0,0
WBGene00199808.,0,1,1
WBGene00199809.,0,3,3
WBGene00199810.,0,0,0
WBGene00199811.,0,2,2
WBGene00199812.,0,1,1
WBGene00199813.,0,0,0
WBGene00199814.,0,1,1
WBGene00199815.,0,0,0
WBGene00199816.,0,0,0
WBGene00199817.,0,1,1
WBGene00199818.,0,0,0
WBGene00199819.,0,83,83
WBGene00199820.,0,30,30
WBGene00199821.,0,0,0
WBGene00199822.,0,0,0
WBGene00199823.,0,1,1
WBGene00199824.,0,59,59
WBGene00199825.,0,4,4
WBGene00199826.,0,0,0
WBGene00199827.,0,0,0
WBGene00199828.,0,0,0
WBGene00199829.,0,0,0
WBGene00199830.,0,0,0
WBGene00199831.,0,0,0
WBGene00199832.,0,1,1
WBGene00199833.,0,0,0
WBGene00199834.,0,0,0
WBGene00199835.,0,0,0
WBGene00199836.,0,0,0
WBGene00199837.,0,0,0
WBGene00199838.,0,0,0
WBGene00199839.,0,2,2
WBGene00199840.,0,4,4
WBGene00199841.,0,0,0
WBGene00199842.,0,0,0
WBGene00199843.,0,4,4
WBGene00199844.,0,0,0
WBGene00199845.,0,2,2
WBGene00199846.,0,0,0
WBGene00199847.,0,0,0
WBGene00199848.,0,0,0
WBGene00199849.,0,2,2
WBGene00199850.,0,7,7
WBGene00199851.,0,1,1
WBGene00199852.,0,0,0
WBGene00199853.,0,0,0
WBGene00199854.,0,30,30
WBGene00199855.,0,10,10
WBGene00199856.,0,1,1
WBGene00199857.,0,1,1
WBGene00199858.,0,0,0
WBGene00199859.,0,1,1
WBGene00199860.,0,0,0
WBGene00199861.,0,4,4
WBGene00199862.,0,2,2
WBGene00199863.,0,2,2
WBGene00199864.,0,0,0
WBGene00199865.,0,0,0
WBGene00199866.,0,6,6
WBGene00199867.,0,4,4
WBGene00199868.,0,0,0
WBGene00199869.,0,0,0
WBGene00199870.,0,0,0
WBGene00199871.,0,29,29
WBGene00199872.,0,0,0
WBGene00199873.,0,0,0
WBGene00199874.,0,1,1
WBGene00199875.,0,1,1
WBGene00199876.,0,0,0
WBGene00199877.,0,0,0
WBGene00199878.,0,0,0
WBGene00199879.,0,8,8
WBGene00199880.,0,0,0
WBGene00199881.,0,0,0
WBGene00199882.,0,0,0
WBGene00199883.,0,0,0
WBGene00199884.,0,0,0
WBGene00199885.,0,0,0
WBGene00199886.,0,11,11
WBGene00199887.,0,0,0
WBGene00199888.,0,0,0
WBGene00199889.,0,0,0
WBGene00199890.,0,2,2
WBGene00199891.,0,0,0
WBGene00199892.,0,0,0
WBGene00199893.,0,10,10
WBGene00199894.,0,5,5
WBGene00199895.,0,0,0
WBGene00199896.,0,2,2
WBGene00199897.,0,103,103
WBGene00199898.,0,74,74
WBGene00199899.,0,65,65
WBGene00199900.,0,8,8
WBGene00199901.,0,0,0
WBGene00199902.,0,0,0
WBGene00199903.,0,0,0
WBGene00199904.,0,0,0
WBGene00199905.,0,1,1
WBGene00199906.,0,0,0
WBGene00199907.,0,0,0
WBGene00199908.,0,7,7
WBGene00199909.,0,23,23
WBGene00199910.,0,0,0
WBGene00199911.,0,1,1
WBGene00199912.,0,0,0
WBGene00199913.,0,0,0
WBGene00199914.,0,0,0
WBGene00199915.,0,0,0
WBGene00199916.,0,0,0
WBGene00199917.,0,3,3
WBGene00199918.,0,0,0
WBGene00199919.,0,0,0
WBGene00199920.,0,0,0
WBGene00199921.,0,0,0
WBGene00199922.,0,2,2
WBGene00199923.,0,1,1
WBGene00199924.,0,3,3
WBGene00199925.,0,6,6
WBGene00199926.,0,0,0
WBGene00199927.,0,0,0
WBGene00199928.,0,0,0
WBGene00199929.,0,0,0
WBGene00199930.,0,0,0
WBGene00199931.,0,7,7
WBGene00199932.,0,0,0
WBGene00199933.,0,2,2
WBGene00199934.,0,0,0
WBGene00199935.,0,14,14
WBGene00199936.,0,0,0
WBGene00199937.,0,0,0
WBGene00199938.,0,0,0
WBGene00199939.,0,0,0
WBGene00199940.,0,11,11
WBGene00199941.,0,0,0
WBGene00199942.,0,0,0
WBGene00199943.,0,0,0
WBGene00199944.,0,6,6
WBGene00199945.,0,0,0
WBGene00199946.,0,112,112
WBGene00199947.,0,5,5
WBGene00199948.,0,0,0
WBGene00199949.,0,1,1
WBGene00199950.,0,0,0
WBGene00199951.,0,0,0
WBGene00199952.,0,0,0
WBGene00199953.,0,1,1
WBGene00199954.,0,1,1
WBGene00199955.,0,0,0
WBGene00199956.,0,1,1
WBGene00199957.,0,16,16
WBGene00199958.,0,0,0
WBGene00199959.,0,1,1
WBGene00199960.,0,0,0
WBGene00199961.,0,0,0
WBGene00199962.,0,0,0
WBGene00199963.,0,0,0
WBGene00199964.,0,0,0
WBGene00199965.,0,0,0
WBGene00199966.,0,0,0
WBGene00199967.,0,0,0
WBGene00199968.,0,0,0
WBGene00199969.,0,0,0
WBGene00199970.,0,8,8
WBGene00199971.,0,0,0
WBGene00199972.,0,2,2
WBGene00199973.,0,0,0
WBGene00199974.,0,0,0
WBGene00199975.,0,0,0
WBGene00199976.,0,3,3
WBGene00199977.,0,1,1
WBGene00199978.,0,6,6
WBGene00199979.,0,0,0
WBGene00199980.,0,0,0
WBGene00199981.,0,1,1
WBGene00199982.,0,2,2
WBGene00199983.,0,0,0
WBGene00199984.,0,0,0
WBGene00199985.,0,1,1
WBGene00199986.,0,11,11
WBGene00199987.,0,0,0
WBGene00199988.,0,0,0
WBGene00199989.,0,7,7
WBGene00199990.,0,51,51
WBGene00199991.,0,0,0
WBGene00199992.,0,1,1
WBGene00199993.,0,0,0
WBGene00199994.,0,0,0
WBGene00199995.,0,2,2
WBGene00199996.,0,0,0
WBGene00199997.,0,3,3
WBGene00199998.,0,0,0
WBGene00199999.,0,0,0
WBGene00200000.,0,1,1
WBGene00200001.,0,3,3
WBGene00200002.,0,1,1
WBGene00200003.,0,13,13
WBGene00200004.,0,0,0
WBGene00200005.,0,0,0
WBGene00200006.,0,0,0
WBGene00200007.,0,0,0
WBGene00200008.,0,10,10
WBGene00200009.,0,9,9
WBGene00200010.,0,2,2
WBGene00200011.,0,0,0
WBGene00200012.,0,0,0
WBGene00200013.,0,0,0
WBGene00200014.,0,4,4
WBGene00200015.,0,1,1
WBGene00200016.,0,0,0
WBGene00200017.,0,0,0
WBGene00200018.,0,0,0
WBGene00200019.,0,3,3
WBGene00200020.,0,0,0
WBGene00200021.,0,0,0
WBGene00200022.,0,0,0
WBGene00200023.,0,0,0
WBGene00200024.,0,0,0
WBGene00200025.,0,134,134
WBGene00200026.,0,0,0
WBGene00200027.,0,0,0
WBGene00200028.,0,51,51
WBGene00200029.,0,8,8
WBGene00200030.,0,0,0
WBGene00200031.,0,7,7
WBGene00200032.,0,7,7
WBGene00200033.,0,0,0
WBGene00200034.,0,18,18
WBGene00200035.,0,0,0
WBGene00200036.,0,2,2
WBGene00200037.,0,0,0
WBGene00200038.,0,0,0
WBGene00200039.,0,9,9
WBGene00200040.,0,1,1
WBGene00200041.,0,0,0
WBGene00200042.,0,6,6
WBGene00200043.,0,3,3
WBGene00200044.,0,2,2
WBGene00200045.,0,13,13
WBGene00200046.,0,0,0
WBGene00200047.,0,21,21
WBGene00200048.,0,0,0
WBGene00200049.,0,0,0
WBGene00200050.,0,4,4
WBGene00200051.,0,1,1
WBGene00200052.,0,0,0
WBGene00200053.,0,10,10
WBGene00200054.,0,0,0
WBGene00200055.,0,0,0
WBGene00200056.,0,1,1
WBGene00200057.,0,39,39
WBGene00200058.,0,4,4
WBGene00200059.,0,1,1
WBGene00200060.,0,0,0
WBGene00200061.,0,16,16
WBGene00200062.,0,1,1
WBGene00200063.,0,0,0
WBGene00200064.,0,0,0
WBGene00200065.,0,0,0
WBGene00200066.,0,0,0
WBGene00200067.,0,4,4
WBGene00200068.,0,1,1
WBGene00200069.,0,0,0
WBGene00200070.,0,11,11
WBGene00200071.,0,0,0
WBGene00200072.,0,0,0
WBGene00200073.,0,0,0
WBGene00200074.,0,0,0
WBGene00200075.,0,23,23
WBGene00200076.,0,0,0
WBGene00200077.,0,0,0
WBGene00200078.,0,0,0
WBGene00200079.,0,4,4
WBGene00200080.,0,9,9
WBGene00200081.,0,3,3
WBGene00200082.,0,1,1
WBGene00200083.,0,0,0
WBGene00200084.,0,0,0
WBGene00200085.,0,0,0
WBGene00200086.,0,0,0
WBGene00200087.,0,0,0
WBGene00200088.,0,6,6
WBGene00200089.,0,3,3
WBGene00200090.,0,0,0
WBGene00200091.,0,0,0
WBGene00200092.,0,1,1
WBGene00200093.,0,0,0
WBGene00200094.,0,0,0
WBGene00200095.,0,2,2
WBGene00200096.,0,0,0
WBGene00200097.,0,0,0
WBGene00200098.,0,4,4
WBGene00200099.,0,7,7
WBGene00200100.,0,17,17
WBGene00200101.,0,0,0
WBGene00200102.,0,0,0
WBGene00200103.,0,6,6
WBGene00200104.,0,0,0
WBGene00200105.,0,3,3
WBGene00200106.,0,0,0
WBGene00200107.,0,30,30
WBGene00200108.,0,0,0
WBGene00200109.,0,7,7
WBGene00200110.,0,0,0
WBGene00200111.,0,0,0
WBGene00200112.,0,0,0
WBGene00200113.,0,10,10
WBGene00200114.,0,0,0
WBGene00200115.,0,0,0
WBGene00200116.,0,17,17
WBGene00200117.,0,0,0
WBGene00200118.,0,2,2
WBGene00200119.,0,0,0
WBGene00200120.,0,0,0
WBGene00200121.,0,4,4
WBGene00200122.,0,1,1
WBGene00200123.,0,0,0
WBGene00200124.,0,0,0
WBGene00200125.,0,0,0
WBGene00200126.,0,5,5
WBGene00200127.,0,0,0
WBGene00200128.,0,13,13
WBGene00200129.,0,0,0
WBGene00200130.,0,0,0
WBGene00200131.,0,5,5
WBGene00200132.,0,0,0
WBGene00200133.,0,56,56
WBGene00200134.,0,8,8
WBGene00200135.,0,0,0
WBGene00200136.,0,0,0
WBGene00200137.,0,8,8
WBGene00200138.,0,1,1
WBGene00200139.,0,0,0
WBGene00200140.,0,0,0
WBGene00200141.,0,0,0
WBGene00200142.,0,1,1
WBGene00200143.,0,0,0
WBGene00200144.,0,0,0
WBGene00200145.,0,0,0
WBGene00200146.,0,0,0
WBGene00200147.,0,14,14
WBGene00200148.,0,1,1
WBGene00200149.,0,0,0
WBGene00200150.,0,8,8
WBGene00200151.,0,0,0
WBGene00200152.,0,0,0
WBGene00200153.,0,8,8
WBGene00200154.,0,4,4
WBGene00200155.,0,3,3
WBGene00200156.,0,0,0
WBGene00200157.,0,0,0
WBGene00200158.,0,1,1
WBGene00200159.,0,2,2
WBGene00200160.,0,0,0
WBGene00200161.,0,0,0
WBGene00200162.,0,0,0
WBGene00200163.,0,1,1
WBGene00200164.,0,35,35
WBGene00200165.,0,0,0
WBGene00200166.,0,2,2
WBGene00200167.,0,5,5
WBGene00200168.,0,7,7
WBGene00200169.,0,6,6
WBGene00200170.,0,1,1
WBGene00200171.,0,0,0
WBGene00200172.,0,0,0
WBGene00200173.,0,0,0
WBGene00200174.,0,0,0
WBGene00200175.,0,2,2
WBGene00200176.,0,0,0
WBGene00200177.,0,10,10
WBGene00200178.,0,0,0
WBGene00200179.,0,0,0
WBGene00200180.,0,0,0
WBGene00200181.,0,0,0
WBGene00200182.,0,7,7
WBGene00200183.,0,0,0
WBGene00200184.,0,0,0
WBGene00200185.,0,2,2
WBGene00200186.,0,1,1
WBGene00200187.,0,27,27
WBGene00200188.,0,9,9
WBGene00200189.,0,0,0
WBGene00200190.,0,0,0
WBGene00200191.,0,0,0
WBGene00200192.,0,13,13
WBGene00200193.,0,0,0
WBGene00200194.,0,1,1
WBGene00200195.,0,3,3
WBGene00200196.,0,2,2
WBGene00200197.,0,0,0
WBGene00200198.,0,1,1
WBGene00200199.,0,1,1
WBGene00200200.,0,0,0
WBGene00200201.,0,0,0
WBGene00200202.,0,0,0
WBGene00200203.,0,26,26
WBGene00200204.,0,0,0
WBGene00200205.,0,0,0
WBGene00200206.,0,0,0
WBGene00200207.,0,0,0
WBGene00200208.,0,0,0
WBGene00200209.,0,0,0
WBGene00200210.,0,5,5
WBGene00200211.,0,0,0
WBGene00200212.,0,2,2
WBGene00200213.,0,0,0
WBGene00200214.,0,15,15
WBGene00200215.,0,55,55
WBGene00200216.,0,1,1
WBGene00200217.,0,0,0
WBGene00200218.,0,0,0
WBGene00200219.,0,0,0
WBGene00200220.,0,0,0
WBGene00200221.,0,0,0
WBGene00200222.,0,0,0
WBGene00200223.,0,1,1
WBGene00200224.,0,0,0
WBGene00200225.,0,12,12
WBGene00200226.,0,1,1
WBGene00200227.,0,2,2
WBGene00200228.,0,5,5
WBGene00200229.,0,0,0
WBGene00200230.,0,0,0
WBGene00200231.,0,18,18
WBGene00200232.,0,0,0
WBGene00200233.,0,1,1
WBGene00200234.,0,0,0
WBGene00200235.,0,2,2
WBGene00200236.,0,0,0
WBGene00200237.,0,1,1
WBGene00200238.,0,0,0
WBGene00200239.,0,0,0
WBGene00200240.,0,0,0
WBGene00200241.,0,0,0
WBGene00200242.,0,3,3
WBGene00200243.,0,4,4
WBGene00200244.,0,12,12
WBGene00200245.,0,2,2
WBGene00200246.,0,0,0
WBGene00200247.,0,14,14
WBGene00200248.,0,2,2
WBGene00200249.,0,0,0
WBGene00200250.,0,6,6
WBGene00200251.,0,3,3
WBGene00200252.,0,0,0
WBGene00200253.,0,7,7
WBGene00200254.,0,0,0
WBGene00200255.,0,6,6
WBGene00200256.,0,0,0
WBGene00200257.,0,5,5
WBGene00200258.,0,0,0
WBGene00200259.,0,5,5
WBGene00200260.,0,0,0
WBGene00200261.,0,80,80
WBGene00200262.,0,0,0
WBGene00200263.,0,46,46
WBGene00200264.,0,4,4
WBGene00200265.,0,0,0
WBGene00200266.,0,6,6
WBGene00200267.,0,0,0
WBGene00200268.,0,0,0
WBGene00200269.,0,0,0
WBGene00200270.,0,0,0
WBGene00200271.,0,4,4
WBGene00200272.,0,0,0
WBGene00200273.,0,27,27
WBGene00200274.,0,1,1
WBGene00200275.,0,0,0
WBGene00200276.,0,0,0
WBGene00200277.,0,3,3
WBGene00200278.,0,9,9
WBGene00200279.,0,1,1
WBGene00200280.,0,1,1
WBGene00200281.,0,1,1
WBGene00200282.,0,18,18
WBGene00200283.,0,2,2
WBGene00200284.,0,0,0
WBGene00200285.,0,0,0
WBGene00200286.,0,0,0
WBGene00200287.,0,1,1
WBGene00200288.,0,0,0
WBGene00200289.,0,4,4
WBGene00200290.,0,0,0
WBGene00200291.,0,0,0
WBGene00200292.,0,0,0
WBGene00200293.,0,7,7
WBGene00200294.,0,60,60
WBGene00200295.,0,1,1
WBGene00200296.,0,1,1
WBGene00200297.,0,0,0
WBGene00200298.,0,0,0
WBGene00200299.,0,0,0
WBGene00200300.,0,5,5
WBGene00200301.,0,0,0
WBGene00200302.,0,9,9
WBGene00200303.,0,0,0
WBGene00200304.,0,0,0
WBGene00200305.,0,4,4
WBGene00200306.,0,0,0
WBGene00200307.,0,0,0
WBGene00200308.,0,18,18
WBGene00200309.,0,1,1
WBGene00200310.,0,2,2
WBGene00200311.,0,0,0
WBGene00200312.,0,2,2
WBGene00200313.,0,10,10
WBGene00200314.,0,0,0
WBGene00200315.,0,0,0
WBGene00200316.,0,2,2
WBGene00200317.,0,0,0
WBGene00200318.,0,5,5
WBGene00200319.,0,7,7
WBGene00200320.,0,0,0
WBGene00200321.,0,0,0
WBGene00200322.,0,0,0
WBGene00200323.,0,0,0
WBGene00200324.,0,1,1
WBGene00200325.,0,8,8
WBGene00200326.,0,0,0
WBGene00200327.,0,1,1
WBGene00200328.,0,0,0
WBGene00200329.,0,0,0
WBGene00200330.,0,4,4
WBGene00200331.,0,0,0
WBGene00200332.,0,0,0
WBGene00200333.,0,1,1
WBGene00200334.,0,0,0
WBGene00200335.,0,3,3
WBGene00200336.,0,0,0
WBGene00200337.,0,16,16
WBGene00200338.,0,0,0
WBGene00200339.,0,0,0
WBGene00200340.,0,2,2
WBGene00200341.,0,0,0
WBGene00200342.,0,0,0
WBGene00200343.,0,0,0
WBGene00200344.,0,21,21
WBGene00200345.,0,0,0
WBGene00200346.,0,6,6
WBGene00200347.,0,36,36
WBGene00200348.,0,0,0
WBGene00200349.,0,0,0
WBGene00200350.,0,2,2
WBGene00200351.,0,0,0
WBGene00200352.,0,0,0
WBGene00200353.,0,0,0
WBGene00200354.,0,0,0
WBGene00200355.,0,0,0
WBGene00200356.,0,0,0
WBGene00200357.,0,3,3
WBGene00200358.,0,24,24
WBGene00200359.,0,1,1
WBGene00200360.,0,0,0
WBGene00200361.,0,1,1
WBGene00200362.,0,0,0
WBGene00200363.,0,0,0
WBGene00200364.,0,0,0
WBGene00200365.,0,2,2
WBGene00200366.,0,0,0
WBGene00200367.,0,0,0
WBGene00200368.,0,0,0
WBGene00200369.,0,0,0
WBGene00200370.,0,18,18
WBGene00200371.,0,0,0
WBGene00200372.,0,0,0
WBGene00200373.,0,0,0
WBGene00200374.,0,0,0
WBGene00200375.,0,34,34
WBGene00200376.,0,0,0
WBGene00200377.,0,8,8
WBGene00200378.,0,0,0
WBGene00200379.,0,5,5
WBGene00200380.,0,0,0
WBGene00200381.,0,0,0
WBGene00200382.,0,1,1
WBGene00200383.,0,0,0
WBGene00200384.,0,11,11
WBGene00200385.,0,8,8
WBGene00200386.,0,1,1
WBGene00200387.,0,0,0
WBGene00200388.,0,2,2
WBGene00200389.,0,1,1
WBGene00200390.,0,0,0
WBGene00200391.,0,12,12
WBGene00200392.,0,0,0
WBGene00200393.,0,2,2
WBGene00200394.,0,0,0
WBGene00200395.,0,0,0
WBGene00200396.,0,4,4
WBGene00200397.,0,11,11
WBGene00200398.,0,0,0
WBGene00200399.,0,1,1
WBGene00200400.,0,41,41
WBGene00200401.,0,4,4
WBGene00200402.,0,0,0
WBGene00200403.,0,20,20
WBGene00200404.,0,0,0
WBGene00200405.,0,0,0
WBGene00200406.,0,0,0
WBGene00200407.,0,11,11
WBGene00200408.,0,4,4
WBGene00200409.,0,0,0
WBGene00200410.,0,1,1
WBGene00200411.,0,0,0
WBGene00200412.,0,0,0
WBGene00200413.,0,0,0
WBGene00200414.,0,0,0
WBGene00200415.,0,2,2
WBGene00200416.,0,5,5
WBGene00200417.,0,2,2
WBGene00200418.,0,1,1
WBGene00200419.,0,0,0
WBGene00200420.,0,8,8
WBGene00200421.,0,1,1
WBGene00200422.,0,0,0
WBGene00200423.,0,10,10
WBGene00200424.,0,2,2
WBGene00200425.,0,2,2
WBGene00200426.,0,2,2
WBGene00200427.,0,0,0
WBGene00200428.,0,1,1
WBGene00200429.,0,0,0
WBGene00200430.,0,0,0
WBGene00200431.,0,2,2
WBGene00200432.,0,0,0
WBGene00200433.,0,0,0
WBGene00200434.,0,0,0
WBGene00200435.,0,0,0
WBGene00200436.,0,7,7
WBGene00200437.,0,1,1
WBGene00200438.,0,0,0
WBGene00200439.,0,0,0
WBGene00200440.,0,1,1
WBGene00200441.,0,0,0
WBGene00200442.,0,2,2
WBGene00200443.,0,0,0
WBGene00200444.,0,1,1
WBGene00200445.,0,0,0
WBGene00200446.,0,0,0
WBGene00200447.,0,0,0
WBGene00200448.,0,1,1
WBGene00200449.,0,0,0
WBGene00200450.,0,0,0
WBGene00200451.,0,0,0
WBGene00200452.,0,3,3
WBGene00200453.,0,0,0
WBGene00200454.,0,0,0
WBGene00200455.,0,28,28
WBGene00200456.,0,34,34
WBGene00200457.,0,1,1
WBGene00200458.,0,0,0
WBGene00200459.,0,255,255
WBGene00200460.,0,0,0
WBGene00200461.,0,5,5
WBGene00200462.,0,7,7
WBGene00200463.,0,0,0
WBGene00200464.,0,0,0
WBGene00200465.,0,1,1
WBGene00200466.,0,0,0
WBGene00200467.,0,0,0
WBGene00200468.,0,4,4
WBGene00200469.,0,6,6
WBGene00200470.,0,3,3
WBGene00200471.,0,0,0
WBGene00200472.,0,2,2
WBGene00200473.,0,3,3
WBGene00200474.,0,2,2
WBGene00200475.,0,8,8
WBGene00200476.,0,2,2
WBGene00200477.,0,0,0
WBGene00200478.,0,13,13
WBGene00200479.,0,0,0
WBGene00200480.,0,0,0
WBGene00200481.,0,1,1
WBGene00200482.,0,0,0
WBGene00200483.,0,30,30
WBGene00200484.,0,0,0
WBGene00200485.,0,28,28
WBGene00200486.,0,0,0
WBGene00200487.,0,11,11
WBGene00200488.,0,7,7
WBGene00200489.,0,0,0
WBGene00200490.,0,0,0
WBGene00200491.,0,0,0
WBGene00200492.,0,1,1
WBGene00200493.,0,1,1
WBGene00200494.,0,1,1
WBGene00200495.,0,2,2
WBGene00200496.,0,2,2
WBGene00200497.,0,0,0
WBGene00200498.,0,0,0
WBGene00200499.,0,0,0
WBGene00200500.,0,9,9
WBGene00200501.,0,0,0
WBGene00200502.,0,27,27
WBGene00200503.,0,0,0
WBGene00200504.,0,0,0
WBGene00200505.,0,0,0
WBGene00200506.,0,0,0
WBGene00200507.,0,8,8
WBGene00200508.,0,0,0
WBGene00200509.,0,1,1
WBGene00200510.,0,0,0
WBGene00200511.,0,0,0
WBGene00200512.,0,0,0
WBGene00200513.,0,8,8
WBGene00200514.,0,3,3
WBGene00200515.,0,1,1
WBGene00200516.,0,1,1
WBGene00200517.,0,0,0
WBGene00200518.,0,0,0
WBGene00200519.,0,9,9
WBGene00200520.,0,0,0
WBGene00200521.,0,3,3
WBGene00200522.,0,0,0
WBGene00200523.,0,3,3
WBGene00200524.,0,0,0
WBGene00200525.,0,0,0
WBGene00200526.,0,10,10
WBGene00200527.,0,102,102
WBGene00200528.,0,3,3
WBGene00200529.,0,1,1
WBGene00200530.,0,1,1
WBGene00200531.,0,1,1
WBGene00200532.,0,0,0
WBGene00200533.,0,0,0
WBGene00200534.,0,2,2
WBGene00200535.,0,0,0
WBGene00200536.,0,0,0
WBGene00200537.,0,1,1
WBGene00200538.,0,34,34
WBGene00200539.,0,0,0
WBGene00200540.,0,0,0
WBGene00200541.,0,0,0
WBGene00200542.,0,4,4
WBGene00200543.,0,0,0
WBGene00200544.,0,0,0
WBGene00200545.,0,1,1
WBGene00200546.,0,3,3
WBGene00200547.,0,0,0
WBGene00200548.,0,0,0
WBGene00200549.,0,0,0
WBGene00200550.,0,0,0
WBGene00200551.,0,0,0
WBGene00200552.,0,1,1
WBGene00200553.,0,0,0
WBGene00200554.,0,0,0
WBGene00200555.,0,3,3
WBGene00200556.,0,0,0
WBGene00200557.,0,2,2
WBGene00200558.,0,28,28
WBGene00200559.,0,0,0
WBGene00200560.,0,0,0
WBGene00200561.,0,0,0
WBGene00200562.,0,0,0
WBGene00200563.,0,1,1
WBGene00200564.,0,0,0
WBGene00200565.,0,1,1
WBGene00200566.,0,7,7
WBGene00200567.,0,0,0
WBGene00200568.,0,0,0
WBGene00200569.,0,0,0
WBGene00200570.,0,15,15
WBGene00200571.,0,0,0
WBGene00200572.,0,21,21
WBGene00200573.,0,0,0
WBGene00200574.,0,7,7
WBGene00200575.,0,4,4
WBGene00200576.,0,0,0
WBGene00200577.,0,8,8
WBGene00200578.,0,0,0
WBGene00200579.,0,17,17
WBGene00200580.,0,0,0
WBGene00200581.,0,1,1
WBGene00200582.,0,5,5
WBGene00200583.,0,4,4
WBGene00200584.,0,1,1
WBGene00200585.,0,2,2
WBGene00200586.,0,1,1
WBGene00200587.,0,1,1
WBGene00200588.,0,0,0
WBGene00200589.,0,0,0
WBGene00200590.,0,0,0
WBGene00200591.,0,0,0
WBGene00200592.,0,0,0
WBGene00200593.,0,0,0
WBGene00200594.,0,10,10
WBGene00200595.,0,0,0
WBGene00200596.,0,20,20
WBGene00200597.,0,2,2
WBGene00200598.,0,2,2
WBGene00200599.,0,0,0
WBGene00200600.,0,0,0
WBGene00200601.,0,6,6
WBGene00200602.,0,0,0
WBGene00200603.,0,0,0
WBGene00200604.,0,0,0
WBGene00200605.,0,8,8
WBGene00200606.,0,1,1
WBGene00200607.,0,0,0
WBGene00200608.,0,0,0
WBGene00200609.,0,0,0
WBGene00200610.,0,0,0
WBGene00200611.,0,1,1
WBGene00200612.,0,0,0
WBGene00200613.,0,2,2
WBGene00200614.,0,0,0
WBGene00200615.,0,0,0
WBGene00200616.,0,0,0
WBGene00200617.,0,2,2
WBGene00200618.,0,4,4
WBGene00200619.,0,0,0
WBGene00200620.,0,5,5
WBGene00200621.,0,0,0
WBGene00200622.,0,0,0
WBGene00200623.,0,0,0
WBGene00200624.,0,0,0
WBGene00200625.,0,1,1
WBGene00200626.,0,6,6
WBGene00200627.,0,5,5
WBGene00200628.,0,1,1
WBGene00200629.,0,0,0
WBGene00200630.,0,42,42
WBGene00200631.,0,0,0
WBGene00200632.,0,5,5
WBGene00200633.,0,1,1
WBGene00200634.,0,0,0
WBGene00200635.,0,0,0
WBGene00200636.,0,0,0
WBGene00200637.,0,0,0
WBGene00200638.,0,0,0
WBGene00200639.,0,0,0
WBGene00200640.,0,0,0
WBGene00200641.,0,9,9
WBGene00200642.,0,0,0
WBGene00200643.,0,0,0
WBGene00200644.,0,1,1
WBGene00200645.,0,189,189
WBGene00200646.,0,1,1
WBGene00200647.,0,0,0
WBGene00200648.,0,0,0
WBGene00200649.,0,0,0
WBGene00200650.,0,3,3
WBGene00200651.,0,0,0
WBGene00200652.,0,19,19
WBGene00200653.,0,0,0
WBGene00200654.,0,2,2
WBGene00200655.,0,0,0
WBGene00200656.,0,0,0
WBGene00200657.,0,0,0
WBGene00200658.,0,8,8
WBGene00200659.,0,2,2
WBGene00200660.,0,0,0
WBGene00200661.,0,3,3
WBGene00200662.,0,0,0
WBGene00200663.,0,0,0
WBGene00200664.,0,3,3
WBGene00200665.,0,1,1
WBGene00200666.,0,1,1
WBGene00200667.,0,0,0
WBGene00200668.,0,0,0
WBGene00200669.,0,1,1
WBGene00200670.,0,1,1
WBGene00200671.,0,2,2
WBGene00200672.,0,0,0
WBGene00200673.,0,0,0
WBGene00200674.,0,0,0
WBGene00200675.,0,1,1
WBGene00200676.,0,0,0
WBGene00200677.,0,2,2
WBGene00200678.,0,0,0
WBGene00200679.,0,0,0
WBGene00200680.,0,0,0
WBGene00200681.,0,0,0
WBGene00200682.,0,0,0
WBGene00200683.,0,0,0
WBGene00200684.,0,0,0
WBGene00200685.,0,0,0
WBGene00200686.,0,0,0
WBGene00200687.,0,0,0
WBGene00200688.,0,0,0
WBGene00200689.,0,2,2
WBGene00200690.,0,0,0
WBGene00200691.,0,0,0
WBGene00200692.,0,7,7
WBGene00200693.,0,0,0
WBGene00200694.,0,3,3
WBGene00200695.,0,7,7
WBGene00200696.,0,0,0
WBGene00200697.,0,12,12
WBGene00200698.,0,0,0
WBGene00200699.,0,0,0
WBGene00200700.,0,17,17
WBGene00200701.,0,0,0
WBGene00200702.,0,168,168
WBGene00200703.,0,0,0
WBGene00200704.,0,0,0
WBGene00200705.,0,0,0
WBGene00200706.,0,6,6
WBGene00200707.,0,2,2
WBGene00200708.,0,0,0
WBGene00200709.,0,0,0
WBGene00200710.,0,4,4
WBGene00200711.,0,0,0
WBGene00200712.,0,0,0
WBGene00200713.,0,1,1
WBGene00200714.,0,0,0
WBGene00200715.,0,0,0
WBGene00200716.,0,4,4
WBGene00200717.,0,1,1
WBGene00200718.,0,1,1
WBGene00200719.,0,32,32
WBGene00200720.,0,0,0
WBGene00200721.,0,0,0
WBGene00200722.,0,0,0
WBGene00200723.,0,57,57
WBGene00200724.,0,0,0
WBGene00200725.,0,0,0
WBGene00200726.,0,1,1
WBGene00200727.,0,2,2
WBGene00200728.,0,1,1
WBGene00200729.,0,0,0
WBGene00200730.,0,0,0
WBGene00200731.,0,0,0
WBGene00200732.,0,0,0
WBGene00200733.,0,1,1
WBGene00200734.,0,0,0
WBGene00200735.,0,0,0
WBGene00200736.,0,0,0
WBGene00200737.,0,0,0
WBGene00200738.,0,0,0
WBGene00200739.,0,0,0
WBGene00200740.,0,0,0
WBGene00200741.,0,0,0
WBGene00200742.,0,0,0
WBGene00200743.,0,14,14
WBGene00200744.,0,70,70
WBGene00200745.,0,0,0
WBGene00200746.,0,14,14
WBGene00200747.,0,2,2
WBGene00200748.,0,0,0
WBGene00200749.,0,4,4
WBGene00200750.,0,2,2
WBGene00200751.,0,0,0
WBGene00200752.,0,37,37
WBGene00200753.,0,0,0
WBGene00200754.,0,4,4
WBGene00200755.,0,3,3
WBGene00200756.,0,14,14
WBGene00200757.,0,5,5
WBGene00200758.,0,1,1
WBGene00200759.,0,0,0
WBGene00200760.,0,0,0
WBGene00200761.,0,0,0
WBGene00200762.,0,38,38
WBGene00200763.,0,5,5
WBGene00200764.,0,2,2
WBGene00200765.,0,0,0
WBGene00200766.,0,15,15
WBGene00200767.,0,11,11
WBGene00200768.,0,3,3
WBGene00200769.,0,0,0
WBGene00200770.,0,4,4
WBGene00200771.,0,2,2
WBGene00200772.,0,1,1
WBGene00200773.,0,0,0
WBGene00200774.,0,0,0
WBGene00200775.,0,0,0
WBGene00200776.,0,0,0
WBGene00200777.,0,4,4
WBGene00200778.,0,0,0
WBGene00200779.,0,1,1
WBGene00200780.,0,0,0
WBGene00200781.,0,1,1
WBGene00200782.,0,0,0
WBGene00200783.,0,0,0
WBGene00200784.,0,0,0
WBGene00200785.,0,0,0
WBGene00200786.,0,8,8
WBGene00200787.,0,22,22
WBGene00200788.,0,0,0
WBGene00200789.,0,0,0
WBGene00200790.,0,0,0
WBGene00200791.,0,1,1
WBGene00200792.,0,0,0
WBGene00200793.,0,0,0
WBGene00200794.,0,0,0
WBGene00200795.,0,11,11
WBGene00200796.,0,1,1
WBGene00200797.,0,0,0
WBGene00200798.,0,0,0
WBGene00200799.,0,1,1
WBGene00200800.,0,7,7
WBGene00200801.,0,5,5
WBGene00200802.,0,12,12
WBGene00200803.,0,1,1
WBGene00200804.,0,0,0
WBGene00200805.,0,0,0
WBGene00200806.,0,0,0
WBGene00200807.,0,2,2
WBGene00200808.,0,16,16
WBGene00200809.,0,43,43
WBGene00200810.,0,0,0
WBGene00200811.,0,0,0
WBGene00200812.,0,12,12
WBGene00200813.,0,2,2
WBGene00200814.,0,1,1
WBGene00200815.,0,0,0
WBGene00200816.,0,0,0
WBGene00200817.,0,0,0
WBGene00200818.,0,8,8
WBGene00200819.,0,2,2
WBGene00200820.,0,0,0
WBGene00200821.,0,1,1
WBGene00200822.,0,0,0
WBGene00200823.,0,3,3
WBGene00200824.,0,1,1
WBGene00200825.,0,0,0
WBGene00200826.,0,40,40
WBGene00200827.,0,1,1
WBGene00200828.,0,9,9
WBGene00200829.,0,0,0
WBGene00200830.,0,0,0
WBGene00200831.,0,0,0
WBGene00200832.,0,0,0
WBGene00200833.,0,0,0
WBGene00200834.,0,0,0
WBGene00200835.,0,0,0
WBGene00200836.,0,0,0
WBGene00200837.,0,4,4
WBGene00200838.,0,0,0
WBGene00200839.,0,0,0
WBGene00200840.,0,0,0
WBGene00200841.,0,0,0
WBGene00200842.,0,2,2
WBGene00200843.,0,2,2
WBGene00200844.,0,0,0
WBGene00200845.,0,12,12
WBGene00200846.,0,7,7
WBGene00200847.,0,1,1
WBGene00200848.,0,0,0
WBGene00200849.,0,1,1
WBGene00200850.,0,0,0
WBGene00200851.,0,0,0
WBGene00200852.,0,1,1
WBGene00200853.,0,0,0
WBGene00200854.,0,4,4
WBGene00200855.,0,158,158
WBGene00200856.,0,18,18
WBGene00200857.,0,1,1
WBGene00200858.,0,1,1
WBGene00200859.,0,0,0
WBGene00200860.,0,1,1
WBGene00200861.,0,1,1
WBGene00200862.,0,2,2
WBGene00200863.,0,42,42
WBGene00200864.,0,0,0
WBGene00200865.,0,0,0
WBGene00200866.,0,0,0
WBGene00200867.,0,1,1
WBGene00200868.,0,11,11
WBGene00200869.,0,0,0
WBGene00200870.,0,3,3
WBGene00200871.,0,0,0
WBGene00200872.,0,0,0
WBGene00200873.,0,0,0
WBGene00200874.,0,5,5
WBGene00200875.,0,0,0
WBGene00200876.,0,0,0
WBGene00200877.,0,0,0
WBGene00200878.,0,0,0
WBGene00200879.,0,13,13
WBGene00200880.,0,0,0
WBGene00200881.,0,0,0
WBGene00200882.,0,4,4
WBGene00200883.,0,2,2
WBGene00200884.,0,0,0
WBGene00200885.,0,0,0
WBGene00200886.,0,0,0
WBGene00200887.,0,0,0
WBGene00200888.,0,2,2
WBGene00200889.,0,7,7
WBGene00200890.,0,1,1
WBGene00200891.,0,0,0
WBGene00200892.,0,2,2
WBGene00200893.,0,19,19
WBGene00200894.,0,0,0
WBGene00200895.,0,3,3
WBGene00200896.,0,6,6
WBGene00200897.,0,1,1
WBGene00200898.,0,0,0
WBGene00200899.,0,0,0
WBGene00200900.,0,0,0
WBGene00200901.,0,0,0
WBGene00200902.,0,4,4
WBGene00200903.,0,0,0
WBGene00200904.,0,7,7
WBGene00200905.,0,12,12
WBGene00200906.,0,0,0
WBGene00200907.,0,2,2
WBGene00200908.,0,20,20
WBGene00200909.,0,0,0
WBGene00200910.,0,0,0
WBGene00200911.,0,1,1
WBGene00200912.,0,0,0
WBGene00200913.,0,1,1
WBGene00200914.,0,0,0
WBGene00200915.,0,23,23
WBGene00200916.,0,15,15
WBGene00200917.,0,0,0
WBGene00200918.,0,0,0
WBGene00200919.,0,3,3
WBGene00200920.,0,9,9
WBGene00200921.,0,0,0
WBGene00200922.,0,0,0
WBGene00200923.,0,1,1
WBGene00200924.,0,1,1
WBGene00200925.,0,2,2
WBGene00200926.,0,0,0
WBGene00200927.,0,0,0
WBGene00200928.,0,0,0
WBGene00200929.,0,1,1
WBGene00200930.,0,7,7
WBGene00200931.,0,1,1
WBGene00200932.,0,4,4
WBGene00200933.,0,0,0
WBGene00200934.,0,43,43
WBGene00200935.,0,3,3
WBGene00200936.,0,0,0
WBGene00200937.,0,0,0
WBGene00200938.,0,6,6
WBGene00200939.,0,0,0
WBGene00200940.,0,17,17
WBGene00200941.,0,15,15
WBGene00200942.,0,0,0
WBGene00200943.,0,0,0
WBGene00200944.,0,1,1
WBGene00200945.,0,0,0
WBGene00200946.,0,1,1
WBGene00200947.,0,0,0
WBGene00200948.,0,6,6
WBGene00200949.,0,0,0
WBGene00200950.,0,0,0
WBGene00200951.,0,1,1
WBGene00200952.,0,2,2
WBGene00200953.,0,23,23
WBGene00200954.,0,0,0
WBGene00200955.,0,0,0
WBGene00200956.,0,0,0
WBGene00200957.,0,1,1
WBGene00200958.,0,1,1
WBGene00200959.,0,5,5
WBGene00200960.,0,243,243
WBGene00200961.,0,1,1
WBGene00200962.,0,0,0
WBGene00200963.,0,1,1
WBGene00200964.,0,0,0
WBGene00200965.,0,0,0
WBGene00200966.,0,0,0
WBGene00200967.,0,0,0
WBGene00200968.,0,2,2
WBGene00200969.,0,0,0
WBGene00200970.,0,0,0
WBGene00200971.,0,13,13
WBGene00200972.,0,0,0
WBGene00200973.,0,0,0
WBGene00200974.,0,0,0
WBGene00200975.,0,0,0
WBGene00200976.,0,0,0
WBGene00200977.,0,4,4
WBGene00200978.,0,0,0
WBGene00200979.,0,0,0
WBGene00200980.,0,0,0
WBGene00200981.,0,1,1
WBGene00200982.,0,0,0
WBGene00200983.,0,3,3
WBGene00200984.,0,0,0
WBGene00200985.,0,0,0
WBGene00200986.,0,1,1
WBGene00200987.,0,2,2
WBGene00200988.,0,0,0
WBGene00200989.,0,0,0
WBGene00200990.,0,0,0
WBGene00200991.,0,1,1
WBGene00200992.,0,0,0
WBGene00200993.,0,0,0
WBGene00200994.,0,1,1
WBGene00200995.,0,54,54
WBGene00200996.,0,206,206
WBGene00200997.,0,1,1
WBGene00200998.,0,0,0
WBGene00200999.,0,0,0
WBGene00201000.,0,0,0
WBGene00201001.,0,9,9
WBGene00201002.,0,3,3
WBGene00201003.,0,0,0
WBGene00201004.,0,4,4
WBGene00201005.,0,21,21
WBGene00201006.,0,2,2
WBGene00201007.,0,0,0
WBGene00201008.,0,0,0
WBGene00201009.,0,0,0
WBGene00201010.,0,4,4
WBGene00201011.,0,0,0
WBGene00201012.,0,1,1
WBGene00201013.,0,0,0
WBGene00201014.,0,2,2
WBGene00201015.,0,2,2
WBGene00201016.,0,0,0
WBGene00201017.,0,0,0
WBGene00201018.,0,3,3
WBGene00201019.,0,0,0
WBGene00201020.,0,0,0
WBGene00201021.,0,6,6
WBGene00201022.,0,0,0
WBGene00201023.,0,0,0
WBGene00201024.,0,0,0
WBGene00201025.,0,0,0
WBGene00201026.,0,0,0
WBGene00201027.,0,1,1
WBGene00201028.,0,53,53
WBGene00201029.,0,0,0
WBGene00201030.,0,1,1
WBGene00201031.,0,62,62
WBGene00201032.,0,0,0
WBGene00201033.,0,0,0
WBGene00201034.,0,6,6
WBGene00201035.,0,1,1
WBGene00201036.,0,0,0
WBGene00201037.,0,0,0
WBGene00201038.,0,2,2
WBGene00201039.,0,0,0
WBGene00201040.,0,0,0
WBGene00201041.,0,2,2
WBGene00201042.,0,1,1
WBGene00201043.,0,3,3
WBGene00201044.,0,0,0
WBGene00201045.,0,107,107
WBGene00201046.,0,0,0
WBGene00201047.,0,0,0
WBGene00201048.,0,2,2
WBGene00201049.,0,0,0
WBGene00201050.,0,1,1
WBGene00201051.,0,0,0
WBGene00201052.,0,0,0
WBGene00201053.,0,0,0
WBGene00201054.,0,4,4
WBGene00201055.,0,0,0
WBGene00201056.,0,1,1
WBGene00201057.,0,4,4
WBGene00201058.,0,1,1
WBGene00201059.,0,0,0
WBGene00201060.,0,1,1
WBGene00201061.,0,0,0
WBGene00201062.,0,0,0
WBGene00201063.,0,1,1
WBGene00201064.,0,0,0
WBGene00201065.,0,0,0
WBGene00201066.,0,2,2
WBGene00201067.,0,0,0
WBGene00201068.,0,0,0
WBGene00201069.,0,3,3
WBGene00201070.,0,0,0
WBGene00201071.,0,1,1
WBGene00201072.,0,2,2
WBGene00201073.,0,0,0
WBGene00201074.,0,0,0
WBGene00201075.,0,101,101
WBGene00201076.,0,4,4
WBGene00201077.,0,0,0
WBGene00201078.,0,3,3
WBGene00201079.,0,3,3
WBGene00201080.,0,40,40
WBGene00201081.,0,0,0
WBGene00201082.,0,67,67
WBGene00201083.,0,0,0
WBGene00201084.,0,2,2
WBGene00201085.,0,0,0
WBGene00201086.,0,0,0
WBGene00201087.,0,3,3
WBGene00201088.,0,0,0
WBGene00201089.,0,0,0
WBGene00201090.,0,2,2
WBGene00201091.,0,0,0
WBGene00201092.,0,0,0
WBGene00201093.,0,8,8
WBGene00201094.,0,1,1
WBGene00201095.,0,0,0
WBGene00201096.,0,0,0
WBGene00201097.,0,0,0
WBGene00201098.,0,3,3
WBGene00201099.,0,0,0
WBGene00201100.,0,13,13
WBGene00201101.,0,0,0
WBGene00201102.,0,2,2
WBGene00201103.,0,0,0
WBGene00201104.,0,0,0
WBGene00201105.,0,0,0
WBGene00201106.,0,0,0
WBGene00201107.,0,0,0
WBGene00201108.,0,2,2
WBGene00201109.,0,1,1
WBGene00201110.,0,6,6
WBGene00201111.,0,39,39
WBGene00201112.,0,6,6
WBGene00201113.,0,0,0
WBGene00201114.,0,0,0
WBGene00201115.,0,0,0
WBGene00201116.,0,11,11
WBGene00201117.,0,0,0
WBGene00201118.,0,8,8
WBGene00201119.,0,0,0
WBGene00201120.,0,0,0
WBGene00201121.,0,2,2
WBGene00201122.,0,0,0
WBGene00201123.,0,0,0
WBGene00201124.,0,11,11
WBGene00201125.,0,4,4
WBGene00201126.,0,1,1
WBGene00201127.,0,0,0
WBGene00201128.,0,1,1
WBGene00201129.,0,43,43
WBGene00201130.,0,2,2
WBGene00201131.,0,10,10
WBGene00201132.,0,1,1
WBGene00201133.,0,0,0
WBGene00201134.,0,0,0
WBGene00201135.,0,4,4
WBGene00201136.,0,0,0
WBGene00201137.,0,0,0
WBGene00201138.,0,0,0
WBGene00201139.,0,3,3
WBGene00201140.,0,0,0
WBGene00201141.,0,10,10
WBGene00201142.,0,0,0
WBGene00201143.,0,3,3
WBGene00201145.,0,0,0
WBGene00201146.,0,3,3
WBGene00201147.,0,0,0
WBGene00201148.,0,0,0
WBGene00201149.,0,0,0
WBGene00201150.,0,5,5
WBGene00201151.,0,2,2
WBGene00201152.,0,0,0
WBGene00201153.,0,2,2
WBGene00201154.,0,0,0
WBGene00201155.,0,1,1
WBGene00201156.,0,1,1
WBGene00201157.,0,0,0
WBGene00201158.,0,1,1
WBGene00201159.,0,4,4
WBGene00201160.,0,0,0
WBGene00201161.,0,6,6
WBGene00201162.,0,0,0
WBGene00201163.,0,0,0
WBGene00201164.,0,0,0
WBGene00201165.,0,3,3
WBGene00201166.,0,0,0
WBGene00201167.,0,5,5
WBGene00201168.,0,1,1
WBGene00201169.,0,0,0
WBGene00201170.,0,0,0
WBGene00201171.,0,1,1
WBGene00201172.,0,0,0
WBGene00201173.,0,2,2
WBGene00201174.,0,0,0
WBGene00201175.,0,10,10
WBGene00201176.,0,0,0
WBGene00201177.,0,0,0
WBGene00201178.,0,0,0
WBGene00201179.,0,7,7
WBGene00201180.,0,0,0
WBGene00201181.,0,48,48
WBGene00201182.,0,1,1
WBGene00201183.,0,0,0
WBGene00201184.,0,0,0
WBGene00201185.,0,3,3
WBGene00201186.,0,0,0
WBGene00201187.,0,1,1
WBGene00201188.,0,16,16
WBGene00201189.,0,0,0
WBGene00201190.,0,0,0
WBGene00201191.,0,0,0
WBGene00201192.,0,0,0
WBGene00201193.,0,0,0
WBGene00201194.,0,1,1
WBGene00201195.,0,0,0
WBGene00201196.,0,0,0
WBGene00201197.,0,0,0
WBGene00201198.,0,32,32
WBGene00201199.,0,4,4
WBGene00201200.,0,0,0
WBGene00201201.,0,5,5
WBGene00201202.,0,6,6
WBGene00201203.,0,2,2
WBGene00201204.,0,2,2
WBGene00201205.,0,4,4
WBGene00201206.,0,0,0
WBGene00201207.,0,15,15
WBGene00201208.,0,0,0
WBGene00201209.,0,0,0
WBGene00201210.,0,7,7
WBGene00201211.,0,7,7
WBGene00201212.,0,2,2
WBGene00201213.,0,0,0
WBGene00201214.,0,4,4
WBGene00201215.,0,2,2
WBGene00201216.,0,0,0
WBGene00201217.,0,0,0
WBGene00201218.,0,2,2
WBGene00201219.,0,58,58
WBGene00201220.,0,4,4
WBGene00201221.,0,1,1
WBGene00201222.,0,0,0
WBGene00201223.,0,0,0
WBGene00201224.,0,3,3
WBGene00201225.,0,0,0
WBGene00201226.,0,0,0
WBGene00201227.,0,0,0
WBGene00201228.,0,4,4
WBGene00201229.,0,0,0
WBGene00201230.,0,0,0
WBGene00201231.,0,0,0
WBGene00201232.,0,0,0
WBGene00201233.,0,1,1
WBGene00201234.,0,0,0
WBGene00201235.,0,0,0
WBGene00201236.,0,0,0
WBGene00201237.,0,2,2
WBGene00201238.,0,1,1
WBGene00201239.,0,14,14
WBGene00201240.,0,0,0
WBGene00201241.,0,0,0
WBGene00201242.,0,1,1
WBGene00201243.,0,3,3
WBGene00201244.,0,0,0
WBGene00201245.,0,0,0
WBGene00201246.,0,5,5
WBGene00201247.,0,6,6
WBGene00201248.,0,3,3
WBGene00201249.,0,1,1
WBGene00201250.,0,1,1
WBGene00201251.,0,0,0
WBGene00201252.,0,0,0
WBGene00201253.,0,2,2
WBGene00201254.,0,0,0
WBGene00201255.,0,0,0
WBGene00201256.,0,1,1
WBGene00201257.,0,2,2
WBGene00201258.,0,9,9
WBGene00201259.,0,1,1
WBGene00201260.,0,0,0
WBGene00201261.,0,0,0
WBGene00201262.,0,4,4
WBGene00201263.,0,0,0
WBGene00201264.,0,0,0
WBGene00201265.,0,0,0
WBGene00201266.,0,1,1
WBGene00201267.,0,4,4
WBGene00201268.,0,0,0
WBGene00201269.,0,1,1
WBGene00201270.,0,1,1
WBGene00201271.,0,0,0
WBGene00201272.,0,4,4
WBGene00201273.,0,32,32
WBGene00201274.,0,0,0
WBGene00201275.,0,1,1
WBGene00201276.,0,0,0
WBGene00201277.,0,3,3
WBGene00201278.,0,0,0
WBGene00201279.,0,0,0
WBGene00201280.,0,1,1
WBGene00201281.,0,2,2
WBGene00201282.,0,16,16
WBGene00201283.,0,0,0
WBGene00201284.,0,2,2
WBGene00201285.,0,1,1
WBGene00201286.,0,4,4
WBGene00201287.,0,0,0
WBGene00201288.,0,1,1
WBGene00201289.,0,1,1
WBGene00201290.,0,1,1
WBGene00201291.,0,0,0
WBGene00201292.,0,0,0
WBGene00201293.,0,0,0
WBGene00201294.,0,0,0
WBGene00201295.,0,0,0
WBGene00201296.,0,1,1
WBGene00201297.,0,0,0
WBGene00201298.,0,0,0
WBGene00201299.,0,2,2
WBGene00201300.,0,0,0
WBGene00201301.,0,5,5
WBGene00201302.,0,0,0
WBGene00201303.,0,18,18
WBGene00201304.,0,0,0
WBGene00201305.,0,0,0
WBGene00201306.,0,0,0
WBGene00201307.,0,2,2
WBGene00201308.,0,1,1
WBGene00201309.,0,0,0
WBGene00201310.,0,0,0
WBGene00201311.,0,1,1
WBGene00201312.,0,0,0
WBGene00201313.,0,2,2
WBGene00201314.,0,0,0
WBGene00201315.,0,3,3
WBGene00201316.,0,0,0
WBGene00201317.,0,2,2
WBGene00201318.,0,1,1
WBGene00201319.,0,1,1
WBGene00201320.,0,0,0
WBGene00201321.,0,0,0
WBGene00201322.,0,16,16
WBGene00201323.,0,3,3
WBGene00201324.,0,0,0
WBGene00201325.,0,0,0
WBGene00201326.,0,2,2
WBGene00201327.,0,2,2
WBGene00201328.,0,0,0
WBGene00201329.,0,2,2
WBGene00201330.,0,0,0
WBGene00201331.,0,4,4
WBGene00201332.,0,0,0
WBGene00201333.,0,0,0
WBGene00201334.,0,0,0
WBGene00201335.,0,0,0
WBGene00201336.,0,0,0
WBGene00201337.,0,0,0
WBGene00201338.,0,0,0
WBGene00201339.,0,0,0
WBGene00201340.,0,0,0
WBGene00201341.,0,0,0
WBGene00201342.,0,0,0
WBGene00201343.,0,2,2
WBGene00201344.,0,0,0
WBGene00201345.,0,1,1
WBGene00201346.,0,0,0
WBGene00201347.,0,0,0
WBGene00201348.,0,5,5
WBGene00201349.,0,5,5
WBGene00201350.,0,0,0
WBGene00201351.,0,13,13
WBGene00201352.,0,3,3
WBGene00201353.,0,1,1
WBGene00201354.,0,7,7
WBGene00201355.,0,0,0
WBGene00201356.,0,0,0
WBGene00201357.,0,1,1
WBGene00201358.,0,2,2
WBGene00201359.,0,0,0
WBGene00201360.,0,2,2
WBGene00201361.,0,0,0
WBGene00201362.,0,1,1
WBGene00201363.,0,0,0
WBGene00201364.,0,0,0
WBGene00201365.,0,0,0
WBGene00201366.,0,0,0
WBGene00201367.,0,0,0
WBGene00201368.,0,0,0
WBGene00201369.,0,0,0
WBGene00201370.,0,6,6
WBGene00201371.,0,0,0
WBGene00201372.,0,24,24
WBGene00201373.,0,3,3
WBGene00201374.,0,6,6
WBGene00201375.,0,1,1
WBGene00201376.,0,0,0
WBGene00201377.,0,1,1
WBGene00201378.,0,15,15
WBGene00201379.,0,0,0
WBGene00201380.,0,0,0
WBGene00201381.,0,24,24
WBGene00201382.,0,0,0
WBGene00201383.,0,0,0
WBGene00201384.,0,0,0
WBGene00201385.,0,0,0
WBGene00201386.,0,1,1
WBGene00201387.,0,3,3
WBGene00201388.,0,6,6
WBGene00201389.,0,1,1
WBGene00201390.,0,48,48
WBGene00201391.,0,0,0
WBGene00201392.,0,0,0
WBGene00201393.,0,0,0
WBGene00201394.,0,0,0
WBGene00201395.,0,0,0
WBGene00201396.,0,0,0
WBGene00201397.,0,0,0
WBGene00201398.,0,0,0
WBGene00201399.,0,1,1
WBGene00201400.,0,0,0
WBGene00201401.,0,0,0
WBGene00201402.,0,0,0
WBGene00201403.,0,2,2
WBGene00201404.,0,2,2
WBGene00201405.,0,0,0
WBGene00201406.,0,6,6
WBGene00201407.,0,2,2
WBGene00201408.,0,0,0
WBGene00201409.,0,0,0
WBGene00201410.,0,1,1
WBGene00201411.,0,1,1
WBGene00201412.,0,0,0
WBGene00201413.,0,14,14
WBGene00201414.,0,0,0
WBGene00201415.,0,12,12
WBGene00201416.,0,0,0
WBGene00201417.,0,0,0
WBGene00201418.,0,1,1
WBGene00201419.,0,3,3
WBGene00201420.,0,8,8
WBGene00201421.,0,0,0
WBGene00201422.,0,1,1
WBGene00201423.,0,23,23
WBGene00201424.,0,0,0
WBGene00201425.,0,0,0
WBGene00201426.,0,0,0
WBGene00201427.,0,0,0
WBGene00201428.,0,0,0
WBGene00201429.,0,0,0
WBGene00201430.,0,9,9
WBGene00201431.,0,0,0
WBGene00201432.,0,0,0
WBGene00201433.,0,1,1
WBGene00201434.,0,0,0
WBGene00201435.,0,3,3
WBGene00201436.,0,0,0
WBGene00201437.,0,3,3
WBGene00201438.,0,0,0
WBGene00201439.,0,0,0
WBGene00201440.,0,0,0
WBGene00201441.,0,289,289
WBGene00201442.,0,1,1
WBGene00201443.,0,0,0
WBGene00201444.,0,0,0
WBGene00201445.,0,0,0
WBGene00201446.,0,0,0
WBGene00201447.,0,20,20
WBGene00201448.,0,1,1
WBGene00201449.,0,2,2
WBGene00201450.,0,0,0
WBGene00201451.,0,2,2
WBGene00201452.,0,0,0
WBGene00201453.,0,0,0
WBGene00201454.,0,0,0
WBGene00201455.,0,0,0
WBGene00201456.,0,6,6
WBGene00201457.,0,0,0
WBGene00201458.,0,1214,1214
WBGene00201459.,0,0,0
WBGene00201460.,0,0,0
WBGene00201461.,0,0,0
WBGene00201462.,0,0,0
WBGene00201463.,0,0,0
WBGene00201464.,0,0,0
WBGene00201465.,0,4,4
WBGene00201466.,0,7,7
WBGene00201467.,0,0,0
WBGene00201468.,0,0,0
WBGene00201469.,0,0,0
WBGene00201470.,0,0,0
WBGene00201471.,0,0,0
WBGene00201472.,0,0,0
WBGene00201473.,0,5,5
WBGene00201474.,0,9,9
WBGene00201475.,0,0,0
WBGene00201476.,0,0,0
WBGene00201477.,0,0,0
WBGene00201478.,0,0,0
WBGene00201479.,0,3,3
WBGene00201480.,0,2,2
WBGene00201481.,0,4,4
WBGene00201482.,0,0,0
WBGene00201483.,0,0,0
WBGene00201484.,0,0,0
WBGene00201485.,0,3,3
WBGene00201486.,0,0,0
WBGene00201487.,0,5,5
WBGene00201488.,0,0,0
WBGene00201489.,0,2,2
WBGene00201490.,0,0,0
WBGene00201491.,0,0,0
WBGene00201492.,0,15,15
WBGene00201493.,0,0,0
WBGene00201494.,0,2,2
WBGene00201495.,0,1,1
WBGene00201496.,0,3,3
WBGene00201497.,0,0,0
WBGene00201498.,0,2,2
WBGene00201499.,0,10,10
WBGene00201500.,0,0,0
WBGene00201501.,0,24,24
WBGene00201502.,0,0,0
WBGene00201503.,0,0,0
WBGene00201504.,0,0,0
WBGene00201505.,0,0,0
WBGene00201506.,0,0,0
WBGene00201507.,0,0,0
WBGene00201508.,0,1,1
WBGene00201509.,0,2,2
WBGene00201510.,0,6,6
WBGene00201511.,0,0,0
WBGene00201512.,0,1,1
WBGene00201513.,0,4,4
WBGene00201514.,0,0,0
WBGene00201515.,0,0,0
WBGene00201516.,0,0,0
WBGene00201517.,0,6,6
WBGene00201518.,0,1,1
WBGene00201519.,0,3,3
WBGene00201520.,0,0,0
WBGene00201521.,0,2,2
WBGene00201522.,0,3,3
WBGene00201523.,0,0,0
WBGene00201524.,0,0,0
WBGene00201525.,0,0,0
WBGene00201526.,0,0,0
WBGene00201527.,0,11,11
WBGene00201528.,0,0,0
WBGene00201529.,0,0,0
WBGene00201530.,0,19,19
WBGene00201531.,0,1,1
WBGene00201532.,0,7,7
WBGene00201533.,0,0,0
WBGene00201534.,0,0,0
WBGene00201535.,0,1,1
WBGene00201536.,0,0,0
WBGene00201537.,0,1,1
WBGene00201538.,0,10,10
WBGene00201539.,0,0,0
WBGene00201540.,0,11,11
WBGene00201541.,0,2,2
WBGene00201542.,0,0,0
WBGene00201543.,0,2,2
WBGene00201544.,0,1,1
WBGene00201545.,0,0,0
WBGene00201546.,0,0,0
WBGene00201547.,0,4,4
WBGene00201548.,0,0,0
WBGene00201549.,0,0,0
WBGene00201550.,0,0,0
WBGene00201551.,0,0,0
WBGene00201552.,0,1,1
WBGene00201553.,0,0,0
WBGene00201554.,0,0,0
WBGene00201555.,0,0,0
WBGene00201556.,0,1,1
WBGene00201557.,0,5,5
WBGene00201558.,0,0,0
WBGene00201559.,0,0,0
WBGene00201560.,0,1,1
WBGene00201561.,0,87,87
WBGene00201562.,0,0,0
WBGene00201563.,0,0,0
WBGene00201564.,0,8,8
WBGene00201565.,0,15,15
WBGene00201566.,0,0,0
WBGene00201567.,0,8,8
WBGene00201568.,0,0,0
WBGene00201569.,0,0,0
WBGene00201570.,0,1,1
WBGene00201571.,0,1,1
WBGene00201572.,0,0,0
WBGene00201573.,0,1,1
WBGene00201574.,0,0,0
WBGene00201575.,0,0,0
WBGene00201576.,0,8,8
WBGene00201577.,0,0,0
WBGene00201578.,0,15,15
WBGene00201579.,0,1,1
WBGene00201580.,0,17,17
WBGene00201581.,0,6,6
WBGene00201582.,0,5,5
WBGene00201583.,0,0,0
WBGene00201584.,0,0,0
WBGene00201585.,0,0,0
WBGene00201586.,0,44,44
WBGene00201587.,0,1,1
WBGene00201588.,0,0,0
WBGene00201589.,0,1,1
WBGene00201590.,0,0,0
WBGene00201591.,0,10,10
WBGene00201592.,0,0,0
WBGene00201593.,0,0,0
WBGene00201594.,0,1,1
WBGene00201595.,0,1,1
WBGene00201596.,0,0,0
WBGene00201597.,0,0,0
WBGene00201598.,0,4,4
WBGene00201599.,0,33,33
WBGene00201600.,0,0,0
WBGene00201601.,0,4,4
WBGene00201602.,0,25,25
WBGene00201603.,0,3,3
WBGene00201604.,0,11,11
WBGene00201605.,0,0,0
WBGene00201606.,0,1,1
WBGene00201607.,0,0,0
WBGene00201608.,0,0,0
WBGene00201609.,0,11,11
WBGene00201610.,0,4,4
WBGene00201611.,0,0,0
WBGene00201612.,0,1,1
WBGene00201613.,0,0,0
WBGene00201614.,0,0,0
WBGene00201615.,0,0,0
WBGene00201616.,0,0,0
WBGene00201617.,0,0,0
WBGene00201618.,0,0,0
WBGene00201619.,0,4,4
WBGene00201620.,0,0,0
WBGene00201621.,0,0,0
WBGene00201622.,0,0,0
WBGene00201623.,0,5,5
WBGene00201624.,0,3,3
WBGene00201625.,0,9,9
WBGene00201626.,0,37,37
WBGene00201627.,0,3,3
WBGene00201628.,0,0,0
WBGene00201629.,0,0,0
WBGene00201630.,0,0,0
WBGene00201631.,0,0,0
WBGene00201632.,0,0,0
WBGene00201633.,0,29,29
WBGene00201634.,0,3,3
WBGene00201636.,0,2,2
WBGene00201637.,0,0,0
WBGene00201638.,0,0,0
WBGene00201639.,0,0,0
WBGene00201640.,0,0,0
WBGene00201641.,0,3,3
WBGene00201642.,0,7,7
WBGene00201643.,0,4,4
WBGene00201644.,0,4,4
WBGene00201645.,0,2,2
WBGene00201646.,0,11,11
WBGene00201647.,0,0,0
WBGene00201648.,0,1,1
WBGene00201649.,0,0,0
WBGene00201650.,0,25,25
WBGene00201651.,0,25,25
WBGene00201652.,0,2,2
WBGene00201653.,0,2,2
WBGene00201654.,0,13,13
WBGene00201655.,0,0,0
WBGene00201656.,0,0,0
WBGene00201657.,0,0,0
WBGene00201658.,0,4,4
WBGene00201659.,0,0,0
WBGene00201660.,0,3,3
WBGene00201661.,0,0,0
WBGene00201662.,0,0,0
WBGene00201663.,0,0,0
WBGene00201664.,0,2,2
WBGene00201665.,0,0,0
WBGene00201666.,0,0,0
WBGene00201667.,0,0,0
WBGene00201668.,0,0,0
WBGene00201669.,0,82,82
WBGene00201670.,0,23,23
WBGene00201671.,0,0,0
WBGene00201672.,0,0,0
WBGene00201673.,0,2,2
WBGene00201674.,0,0,0
WBGene00201675.,0,0,0
WBGene00201676.,0,7,7
WBGene00201677.,0,0,0
WBGene00201678.,0,1,1
WBGene00201679.,0,1,1
WBGene00201680.,0,0,0
WBGene00201681.,0,0,0
WBGene00201682.,0,0,0
WBGene00201683.,0,1,1
WBGene00201684.,0,4,4
WBGene00201685.,0,1,1
WBGene00201686.,0,0,0
WBGene00201687.,0,0,0
WBGene00201688.,0,0,0
WBGene00201689.,0,6,6
WBGene00201690.,0,0,0
WBGene00201691.,0,0,0
WBGene00201692.,0,4,4
WBGene00201693.,0,1,1
WBGene00201694.,0,1,1
WBGene00201695.,0,0,0
WBGene00201696.,0,0,0
WBGene00201697.,0,0,0
WBGene00201698.,0,5,5
WBGene00201699.,0,0,0
WBGene00201700.,0,0,0
WBGene00201701.,0,1,1
WBGene00201702.,0,12,12
WBGene00201703.,0,0,0
WBGene00201704.,0,0,0
WBGene00201705.,0,6,6
WBGene00201706.,0,4,4
WBGene00201707.,0,0,0
WBGene00201708.,0,0,0
WBGene00201709.,0,0,0
WBGene00201710.,0,0,0
WBGene00201711.,0,10,10
WBGene00201712.,0,0,0
WBGene00201713.,0,0,0
WBGene00201714.,0,2,2
WBGene00201715.,0,2,2
WBGene00201716.,0,0,0
WBGene00201717.,0,0,0
WBGene00201718.,0,3,3
WBGene00201719.,0,0,0
WBGene00201720.,0,0,0
WBGene00201721.,0,2,2
WBGene00201722.,0,0,0
WBGene00201723.,0,0,0
WBGene00201724.,0,0,0
WBGene00201725.,0,0,0
WBGene00201726.,0,0,0
WBGene00201727.,0,0,0
WBGene00201728.,0,0,0
WBGene00201729.,0,2,2
WBGene00201730.,0,22,22
WBGene00201731.,0,0,0
WBGene00201732.,0,0,0
WBGene00201733.,0,0,0
WBGene00201734.,0,0,0
WBGene00201735.,0,2,2
WBGene00201736.,0,0,0
WBGene00201737.,0,0,0
WBGene00201738.,0,3,3
WBGene00201739.,0,30,30
WBGene00201740.,0,1,1
WBGene00201741.,0,5,5
WBGene00201742.,0,0,0
WBGene00201743.,0,0,0
WBGene00201744.,0,9,9
WBGene00201745.,0,50,50
WBGene00201746.,0,0,0
WBGene00201747.,0,3,3
WBGene00201748.,0,0,0
WBGene00201749.,0,2,2
WBGene00201750.,0,0,0
WBGene00201751.,0,0,0
WBGene00201752.,0,22,22
WBGene00201753.,0,1,1
WBGene00201754.,0,2,2
WBGene00201755.,0,7,7
WBGene00201756.,0,0,0
WBGene00201757.,0,3,3
WBGene00201758.,0,0,0
WBGene00201759.,0,0,0
WBGene00201760.,0,0,0
WBGene00201761.,0,2,2
WBGene00201762.,0,0,0
WBGene00201763.,0,0,0
WBGene00201764.,0,0,0
WBGene00201765.,0,0,0
WBGene00201766.,0,0,0
WBGene00201767.,0,1,1
WBGene00201768.,0,2,2
WBGene00201769.,0,5,5
WBGene00201770.,0,22,22
WBGene00201771.,0,4,4
WBGene00201772.,0,0,0
WBGene00201773.,0,7,7
WBGene00201774.,0,0,0
WBGene00201775.,0,0,0
WBGene00201776.,0,0,0
WBGene00201777.,0,0,0
WBGene00201778.,0,7,7
WBGene00201779.,0,0,0
WBGene00201780.,0,0,0
WBGene00201781.,0,0,0
WBGene00201782.,0,0,0
WBGene00201783.,0,10,10
WBGene00201784.,0,1,1
WBGene00201785.,0,0,0
WBGene00201786.,0,0,0
WBGene00201787.,0,0,0
WBGene00201788.,0,0,0
WBGene00201789.,0,0,0
WBGene00201790.,0,1,1
WBGene00201791.,0,3,3
WBGene00201792.,0,0,0
WBGene00201793.,0,0,0
WBGene00201794.,0,0,0
WBGene00201795.,0,0,0
WBGene00201796.,0,0,0
WBGene00201797.,0,5,5
WBGene00201798.,0,0,0
WBGene00201799.,0,1,1
WBGene00201800.,0,2,2
WBGene00201801.,0,4,4
WBGene00201802.,0,0,0
WBGene00201803.,0,0,0
WBGene00201804.,0,0,0
WBGene00201805.,0,0,0
WBGene00201806.,0,6,6
WBGene00201807.,0,8,8
WBGene00201808.,0,8,8
WBGene00201809.,0,1,1
WBGene00201810.,0,0,0
WBGene00201811.,0,4,4
WBGene00201812.,0,0,0
WBGene00201813.,0,0,0
WBGene00201814.,0,0,0
WBGene00201815.,0,1,1
WBGene00201816.,0,0,0
WBGene00201817.,0,1,1
WBGene00201818.,0,0,0
WBGene00201819.,0,0,0
WBGene00201820.,0,0,0
WBGene00201821.,0,7,7
WBGene00201822.,0,0,0
WBGene00201823.,0,0,0
WBGene00201824.,0,1,1
WBGene00201825.,0,42,42
WBGene00201826.,0,0,0
WBGene00201827.,0,1,1
WBGene00201828.,0,0,0
WBGene00201829.,0,0,0
WBGene00201830.,0,0,0
WBGene00201831.,0,12,12
WBGene00201832.,0,0,0
WBGene00201833.,0,0,0
WBGene00201834.,0,0,0
WBGene00201835.,0,0,0
WBGene00201836.,0,10,10
WBGene00201837.,0,0,0
WBGene00201838.,0,5,5
WBGene00201839.,0,0,0
WBGene00201840.,0,1,1
WBGene00201841.,0,1,1
WBGene00201842.,0,2,2
WBGene00201843.,0,0,0
WBGene00201844.,0,3,3
WBGene00201845.,0,0,0
WBGene00201846.,0,17,17
WBGene00201847.,0,2,2
WBGene00201848.,0,1,1
WBGene00201849.,0,4,4
WBGene00201850.,0,0,0
WBGene00201851.,0,0,0
WBGene00201852.,0,0,0
WBGene00201853.,0,4,4
WBGene00201854.,0,1,1
WBGene00201855.,0,14,14
WBGene00201856.,0,0,0
WBGene00201857.,0,3,3
WBGene00201858.,0,1,1
WBGene00201859.,0,0,0
WBGene00201860.,0,1,1
WBGene00201861.,0,0,0
WBGene00201862.,0,0,0
WBGene00201863.,0,0,0
WBGene00201864.,0,0,0
WBGene00201865.,0,2,2
WBGene00201866.,0,0,0
WBGene00201867.,0,0,0
WBGene00201868.,0,3,3
WBGene00201869.,0,4,4
WBGene00201870.,0,0,0
WBGene00201871.,0,195,195
WBGene00201872.,0,0,0
WBGene00201873.,0,0,0
WBGene00201874.,0,0,0
WBGene00201875.,0,0,0
WBGene00201876.,0,0,0
WBGene00201877.,0,0,0
WBGene00201878.,0,0,0
WBGene00201879.,0,1,1
WBGene00201880.,0,0,0
WBGene00201881.,0,0,0
WBGene00201882.,0,0,0
WBGene00201883.,0,0,0
WBGene00201884.,0,3,3
WBGene00201885.,0,1,1
WBGene00201886.,0,0,0
WBGene00201887.,0,1,1
WBGene00201888.,0,0,0
WBGene00201889.,0,27,27
WBGene00201890.,0,0,0
WBGene00201891.,0,0,0
WBGene00201892.,0,0,0
WBGene00201893.,0,2,2
WBGene00201894.,0,7,7
WBGene00201895.,0,0,0
WBGene00201896.,0,0,0
WBGene00201897.,0,2,2
WBGene00201898.,0,0,0
WBGene00201899.,0,1,1
WBGene00201900.,0,5,5
WBGene00201901.,0,1,1
WBGene00201902.,0,2,2
WBGene00201903.,0,3,3
WBGene00201904.,0,0,0
WBGene00201905.,0,1,1
WBGene00201906.,0,0,0
WBGene00201907.,0,6,6
WBGene00201908.,0,8,8
WBGene00201909.,0,8,8
WBGene00201910.,0,0,0
WBGene00201911.,0,1,1
WBGene00201912.,0,1,1
WBGene00201913.,0,0,0
WBGene00201914.,0,0,0
WBGene00201915.,0,5,5
WBGene00201916.,0,16,16
WBGene00201917.,0,20,20
WBGene00201918.,0,0,0
WBGene00201919.,0,10,10
WBGene00201920.,0,0,0
WBGene00201921.,0,0,0
WBGene00201922.,0,0,0
WBGene00201923.,0,8,8
WBGene00201924.,0,0,0
WBGene00201925.,0,0,0
WBGene00201926.,0,2,2
WBGene00201927.,0,0,0
WBGene00201928.,0,9,9
WBGene00201929.,0,0,0
WBGene00201930.,0,3,3
WBGene00201931.,0,1,1
WBGene00201932.,0,0,0
WBGene00201933.,0,15,15
WBGene00201934.,0,0,0
WBGene00201935.,0,0,0
WBGene00201936.,0,0,0
WBGene00201937.,0,0,0
WBGene00201938.,0,0,0
WBGene00201939.,0,0,0
WBGene00201940.,0,0,0
WBGene00201941.,0,0,0
WBGene00201942.,0,20,20
WBGene00201943.,0,0,0
WBGene00201944.,0,5,5
WBGene00201945.,0,3,3
WBGene00201946.,0,0,0
WBGene00201947.,0,0,0
WBGene00201948.,0,0,0
WBGene00201949.,0,9,9
WBGene00201950.,0,0,0
WBGene00201951.,0,0,0
WBGene00201952.,0,12,12
WBGene00201953.,0,62,62
WBGene00201954.,0,1,1
WBGene00201955.,0,0,0
WBGene00201956.,0,1,1
WBGene00201957.,0,0,0
WBGene00201958.,0,0,0
WBGene00201959.,0,0,0
WBGene00201960.,0,0,0
WBGene00201961.,0,0,0
WBGene00201962.,0,0,0
WBGene00201963.,0,0,0
WBGene00201964.,0,327,327
WBGene00201965.,0,1,1
WBGene00201966.,0,17,17
WBGene00201967.,0,7,7
WBGene00201968.,0,0,0
WBGene00201969.,0,4,4
WBGene00201970.,0,0,0
WBGene00201971.,0,0,0
WBGene00201972.,0,0,0
WBGene00201973.,0,0,0
WBGene00201974.,0,0,0
WBGene00201975.,0,0,0
WBGene00201976.,0,0,0
WBGene00201977.,0,1,1
WBGene00201978.,0,2,2
WBGene00201979.,0,0,0
WBGene00201980.,0,0,0
WBGene00201981.,0,0,0
WBGene00201982.,0,19,19
WBGene00201983.,0,0,0
WBGene00201984.,0,1,1
WBGene00201985.,0,1,1
WBGene00201986.,0,13,13
WBGene00201987.,0,3,3
WBGene00201988.,0,2,2
WBGene00201989.,0,2,2
WBGene00201990.,0,0,0
WBGene00201991.,0,2,2
WBGene00201992.,0,3,3
WBGene00201993.,0,3,3
WBGene00201994.,0,8,8
WBGene00201995.,0,0,0
WBGene00201996.,0,0,0
WBGene00201997.,0,2,2
WBGene00201998.,0,24,24
WBGene00201999.,0,0,0
WBGene00202000.,0,1,1
WBGene00202001.,0,28,28
WBGene00202002.,0,1,1
WBGene00202003.,0,0,0
WBGene00202004.,0,0,0
WBGene00202005.,0,8,8
WBGene00202006.,0,0,0
WBGene00202007.,0,1,1
WBGene00202008.,0,14,14
WBGene00202009.,0,2,2
WBGene00202010.,0,13,13
WBGene00202011.,0,9,9
WBGene00202012.,0,9,9
WBGene00202013.,0,2,2
WBGene00202014.,0,0,0
WBGene00202015.,0,0,0
WBGene00202016.,0,33,33
WBGene00202017.,0,2,2
WBGene00202018.,0,0,0
WBGene00202019.,0,0,0
WBGene00202020.,0,0,0
WBGene00202021.,0,15,15
WBGene00202022.,0,0,0
WBGene00202023.,0,1,1
WBGene00202024.,0,0,0
WBGene00202025.,0,0,0
WBGene00202026.,0,5,5
WBGene00202027.,0,1,1
WBGene00202028.,0,20,20
WBGene00202029.,0,22,22
WBGene00202030.,0,13,13
WBGene00202031.,0,0,0
WBGene00202032.,0,1,1
WBGene00202033.,0,3,3
WBGene00202034.,0,3,3
WBGene00202035.,0,5,5
WBGene00202036.,0,6,6
WBGene00202037.,0,0,0
WBGene00202038.,0,1,1
WBGene00202039.,0,0,0
WBGene00202040.,0,0,0
WBGene00202041.,0,1,1
WBGene00202042.,0,0,0
WBGene00202043.,0,0,0
WBGene00202044.,0,5,5
WBGene00202045.,0,0,0
WBGene00202046.,0,0,0
WBGene00202047.,0,0,0
WBGene00202048.,0,3,3
WBGene00202049.,0,1,1
WBGene00202050.,0,2,2
WBGene00202051.,0,4,4
WBGene00202052.,0,1,1
WBGene00202053.,0,4,4
WBGene00202054.,0,0,0
WBGene00202055.,0,0,0
WBGene00202056.,0,0,0
WBGene00202057.,0,1,1
WBGene00202058.,0,1,1
WBGene00202059.,0,1,1
WBGene00202060.,0,3,3
WBGene00202061.,0,0,0
WBGene00202062.,0,1,1
WBGene00202063.,0,1,1
WBGene00202064.,0,0,0
WBGene00202065.,0,12,12
WBGene00202066.,0,3,3
WBGene00202067.,0,0,0
WBGene00202068.,0,0,0
WBGene00202069.,0,1,1
WBGene00202070.,0,0,0
WBGene00202071.,0,1,1
WBGene00202072.,0,0,0
WBGene00202073.,0,0,0
WBGene00202074.,0,4,4
WBGene00202075.,0,0,0
WBGene00202076.,0,0,0
WBGene00202077.,0,0,0
WBGene00202078.,0,2,2
WBGene00202079.,0,8,8
WBGene00202080.,0,8,8
WBGene00202081.,0,1,1
WBGene00202082.,0,2,2
WBGene00202083.,0,0,0
WBGene00202084.,0,3,3
WBGene00202085.,0,12,12
WBGene00202086.,0,2,2
WBGene00202087.,0,17,17
WBGene00202088.,0,7,7
WBGene00202089.,0,1,1
WBGene00202090.,0,1,1
WBGene00202091.,0,6,6
WBGene00202092.,0,0,0
WBGene00202093.,0,0,0
WBGene00202094.,0,6,6
WBGene00202095.,0,0,0
WBGene00202096.,0,7,7
WBGene00202097.,0,2,2
WBGene00202098.,0,1,1
WBGene00202099.,0,1,1
WBGene00202100.,0,2,2
WBGene00202101.,0,3,3
WBGene00202102.,0,2,2
WBGene00202103.,0,0,0
WBGene00202104.,0,4,4
WBGene00202105.,0,20,20
WBGene00202106.,0,0,0
WBGene00202107.,0,6,6
WBGene00202108.,0,0,0
WBGene00202109.,0,0,0
WBGene00202110.,0,0,0
WBGene00202111.,0,0,0
WBGene00202112.,0,0,0
WBGene00202113.,0,3,3
WBGene00202114.,0,0,0
WBGene00202115.,0,0,0
WBGene00202116.,0,0,0
WBGene00202117.,0,0,0
WBGene00202118.,0,0,0
WBGene00202119.,0,3,3
WBGene00202120.,0,0,0
WBGene00202121.,0,3,3
WBGene00202122.,0,1,1
WBGene00202123.,0,0,0
WBGene00202124.,0,0,0
WBGene00202125.,0,0,0
WBGene00202126.,0,0,0
WBGene00202127.,0,0,0
WBGene00202128.,0,0,0
WBGene00202129.,0,0,0
WBGene00202130.,0,4,4
WBGene00202131.,0,0,0
WBGene00202132.,0,2,2
WBGene00202133.,0,23,23
WBGene00202134.,0,1,1
WBGene00202135.,0,0,0
WBGene00202136.,0,142,142
WBGene00202137.,0,4,4
WBGene00202138.,0,0,0
WBGene00202139.,0,0,0
WBGene00202140.,0,10,10
WBGene00202141.,0,0,0
WBGene00202142.,0,0,0
WBGene00202143.,0,16,16
WBGene00202144.,0,0,0
WBGene00202145.,0,8,8
WBGene00202146.,0,0,0
WBGene00202147.,0,1,1
WBGene00202148.,0,0,0
WBGene00202149.,0,0,0
WBGene00202150.,0,11,11
WBGene00202151.,0,1,1
WBGene00202152.,0,2,2
WBGene00202153.,0,0,0
WBGene00202154.,0,0,0
WBGene00202155.,0,0,0
WBGene00202156.,0,1,1
WBGene00202157.,0,2,2
WBGene00202158.,0,3,3
WBGene00202159.,0,0,0
WBGene00202160.,0,0,0
WBGene00202161.,0,0,0
WBGene00202162.,0,0,0
WBGene00202163.,0,1,1
WBGene00202164.,0,0,0
WBGene00202165.,0,3,3
WBGene00202166.,0,14,14
WBGene00202167.,0,4,4
WBGene00202168.,0,0,0
WBGene00202169.,0,0,0
WBGene00202170.,0,0,0
WBGene00202171.,0,0,0
WBGene00202172.,0,0,0
WBGene00202173.,0,0,0
WBGene00202174.,0,0,0
WBGene00202175.,0,1,1
WBGene00202176.,0,0,0
WBGene00202177.,0,1,1
WBGene00202178.,0,0,0
WBGene00202179.,0,0,0
WBGene00202180.,0,1,1
WBGene00202181.,0,1,1
WBGene00202182.,0,0,0
WBGene00202183.,0,10,10
WBGene00202184.,0,0,0
WBGene00202185.,0,0,0
WBGene00202186.,0,2,2
WBGene00202187.,0,0,0
WBGene00202188.,0,0,0
WBGene00202189.,0,0,0
WBGene00202190.,0,0,0
WBGene00202191.,0,1,1
WBGene00202192.,0,2,2
WBGene00202193.,0,0,0
WBGene00202194.,0,1,1
WBGene00202195.,0,7,7
WBGene00202196.,0,3,3
WBGene00202197.,0,2,2
WBGene00202198.,0,3,3
WBGene00202199.,0,0,0
WBGene00202200.,0,0,0
WBGene00202201.,0,0,0
WBGene00202202.,0,0,0
WBGene00202203.,0,0,0
WBGene00202204.,0,0,0
WBGene00202205.,0,2,2
WBGene00202206.,0,0,0
WBGene00202207.,0,0,0
WBGene00202208.,0,0,0
WBGene00202209.,0,0,0
WBGene00202210.,0,0,0
WBGene00202211.,0,4,4
WBGene00202212.,0,2,2
WBGene00202213.,0,0,0
WBGene00202214.,0,0,0
WBGene00202215.,0,0,0
WBGene00202216.,0,0,0
WBGene00202217.,0,0,0
WBGene00202218.,0,1,1
WBGene00202219.,0,0,0
WBGene00202220.,0,0,0
WBGene00202221.,0,0,0
WBGene00202222.,0,1,1
WBGene00202223.,0,6,6
WBGene00202224.,0,2,2
WBGene00202225.,0,0,0
WBGene00202226.,0,1,1
WBGene00202227.,0,0,0
WBGene00202228.,0,0,0
WBGene00202229.,0,0,0
WBGene00202230.,0,0,0
WBGene00202231.,0,1,1
WBGene00202232.,0,5,5
WBGene00202233.,0,0,0
WBGene00202234.,0,4,4
WBGene00202235.,0,3,3
WBGene00202236.,0,0,0
WBGene00202237.,0,4,4
WBGene00202238.,0,0,0
WBGene00202239.,0,1,1
WBGene00202240.,0,0,0
WBGene00202241.,0,0,0
WBGene00202242.,0,0,0
WBGene00202243.,0,5,5
WBGene00202244.,0,1,1
WBGene00202245.,0,4,4
WBGene00202246.,0,0,0
WBGene00202247.,0,0,0
WBGene00202248.,0,0,0
WBGene00202249.,0,0,0
WBGene00202250.,0,0,0
WBGene00202251.,0,0,0
WBGene00202252.,0,0,0
WBGene00202253.,0,0,0
WBGene00202254.,0,2,2
WBGene00202255.,0,3,3
WBGene00202256.,0,2,2
WBGene00202257.,0,1,1
WBGene00202258.,0,0,0
WBGene00202259.,0,0,0
WBGene00202260.,0,2,2
WBGene00202261.,0,2,2
WBGene00202262.,0,1,1
WBGene00202263.,0,6,6
WBGene00202264.,0,0,0
WBGene00202265.,0,3,3
WBGene00202266.,0,0,0
WBGene00202267.,0,5,5
WBGene00202268.,0,6,6
WBGene00202269.,0,0,0
WBGene00202270.,0,0,0
WBGene00202271.,0,0,0
WBGene00202272.,0,0,0
WBGene00202273.,0,1,1
WBGene00202274.,0,0,0
WBGene00202275.,0,2,2
WBGene00202276.,0,0,0
WBGene00202277.,0,0,0
WBGene00202278.,0,0,0
WBGene00202279.,0,0,0
WBGene00202280.,0,0,0
WBGene00202281.,0,0,0
WBGene00202282.,0,0,0
WBGene00202283.,0,0,0
WBGene00202284.,0,0,0
WBGene00202285.,0,0,0
WBGene00202286.,0,1,1
WBGene00202287.,0,0,0
WBGene00202288.,0,0,0
WBGene00202289.,0,8,8
WBGene00202290.,0,0,0
WBGene00202291.,0,2,2
WBGene00202292.,0,1,1
WBGene00202293.,0,6,6
WBGene00202294.,0,7,7
WBGene00202295.,0,2,2
WBGene00202296.,0,0,0
WBGene00202297.,0,0,0
WBGene00202298.,0,0,0
WBGene00202299.,0,0,0
WBGene00202300.,0,6,6
WBGene00202301.,0,4,4
WBGene00202302.,0,0,0
WBGene00202303.,0,0,0
WBGene00202304.,0,0,0
WBGene00202305.,0,6,6
WBGene00202306.,0,16,16
WBGene00202307.,0,0,0
WBGene00202308.,0,0,0
WBGene00202309.,0,0,0
WBGene00202310.,0,0,0
WBGene00202311.,0,11,11
WBGene00202312.,0,1,1
WBGene00202313.,0,3,3
WBGene00202314.,0,2,2
WBGene00202315.,0,2,2
WBGene00202316.,0,0,0
WBGene00202317.,0,13,13
WBGene00202318.,0,0,0
WBGene00202319.,0,2,2
WBGene00202320.,0,1,1
WBGene00202321.,0,6,6
WBGene00202322.,0,1,1
WBGene00202323.,0,32,32
WBGene00202324.,0,0,0
WBGene00202325.,0,1,1
WBGene00202326.,0,0,0
WBGene00202327.,0,0,0
WBGene00202328.,0,0,0
WBGene00202329.,0,0,0
WBGene00202330.,0,15,15
WBGene00202331.,0,0,0
WBGene00202332.,0,4,4
WBGene00202333.,0,1,1
WBGene00202334.,0,0,0
WBGene00202335.,0,0,0
WBGene00202336.,0,0,0
WBGene00202337.,0,0,0
WBGene00202338.,0,0,0
WBGene00202339.,0,0,0
WBGene00202340.,0,14,14
WBGene00202341.,0,0,0
WBGene00202342.,0,0,0
WBGene00202343.,0,0,0
WBGene00202344.,0,0,0
WBGene00202345.,0,0,0
WBGene00202346.,0,0,0
WBGene00202347.,0,0,0
WBGene00202348.,0,0,0
WBGene00202349.,0,0,0
WBGene00202350.,0,1,1
WBGene00202351.,0,0,0
WBGene00202352.,0,0,0
WBGene00202353.,0,0,0
WBGene00202354.,0,0,0
WBGene00202355.,0,4,4
WBGene00202356.,0,0,0
WBGene00202357.,0,0,0
WBGene00202358.,0,0,0
WBGene00202359.,0,0,0
WBGene00202360.,0,0,0
WBGene00202361.,0,0,0
WBGene00202362.,0,0,0
WBGene00202363.,0,0,0
WBGene00202364.,0,0,0
WBGene00202365.,0,1,1
WBGene00202366.,0,0,0
WBGene00202367.,0,0,0
WBGene00202368.,0,0,0
WBGene00202369.,0,0,0
WBGene00202370.,0,0,0
WBGene00202371.,0,0,0
WBGene00202372.,0,1,1
WBGene00202373.,0,0,0
WBGene00202374.,0,0,0
WBGene00202375.,0,0,0
WBGene00202376.,0,3,3
WBGene00202377.,0,0,0
WBGene00202378.,0,0,0
WBGene00202379.,0,0,0
WBGene00202380.,0,0,0
WBGene00202381.,0,0,0
WBGene00202382.,0,1,1
WBGene00202383.,0,1,1
WBGene00202384.,0,1,1
WBGene00202385.,0,1,1
WBGene00202386.,0,0,0
WBGene00202387.,0,0,0
WBGene00202388.,0,3,3
WBGene00202389.,0,3,3
WBGene00202390.,0,0,0
WBGene00202391.,0,0,0
WBGene00202392.,0,4,4
WBGene00202393.,0,0,0
WBGene00202394.,0,1,1
WBGene00202395.,0,1,1
WBGene00202396.,0,0,0
WBGene00202397.,0,4,4
WBGene00202398.,0,0,0
WBGene00202399.,0,0,0
WBGene00202400.,0,30,30
WBGene00202401.,0,0,0
WBGene00202402.,0,0,0
WBGene00202403.,0,0,0
WBGene00202404.,0,4,4
WBGene00202405.,0,1,1
WBGene00202406.,0,1,1
WBGene00202407.,0,1,1
WBGene00202408.,0,0,0
WBGene00202409.,0,0,0
WBGene00202410.,0,139,139
WBGene00202411.,0,0,0
WBGene00202412.,0,3,3
WBGene00202413.,0,3,3
WBGene00202414.,0,0,0
WBGene00202415.,0,0,0
WBGene00202416.,0,1,1
WBGene00202417.,0,0,0
WBGene00202418.,0,1,1
WBGene00202419.,0,0,0
WBGene00202420.,0,0,0
WBGene00202421.,0,0,0
WBGene00202422.,0,4,4
WBGene00202423.,0,0,0
WBGene00202424.,0,49,49
WBGene00202425.,0,12,12
WBGene00202426.,0,0,0
WBGene00202427.,0,3,3
WBGene00202428.,0,0,0
WBGene00202429.,0,4,4
WBGene00202430.,0,1,1
WBGene00202431.,0,0,0
WBGene00202432.,0,3,3
WBGene00202433.,0,0,0
WBGene00202434.,0,2,2
WBGene00202435.,0,0,0
WBGene00202436.,0,2,2
WBGene00202437.,0,0,0
WBGene00202438.,0,6,6
WBGene00202439.,0,2,2
WBGene00202440.,0,0,0
WBGene00202441.,0,2,2
WBGene00202442.,0,0,0
WBGene00202443.,0,0,0
WBGene00202444.,0,0,0
WBGene00202445.,0,0,0
WBGene00202446.,0,0,0
WBGene00202447.,0,8,8
WBGene00202448.,0,3,3
WBGene00202449.,0,31,31
WBGene00202450.,0,0,0
WBGene00202451.,0,5,5
WBGene00202452.,0,0,0
WBGene00202453.,0,0,0
WBGene00202454.,0,0,0
WBGene00202455.,0,0,0
WBGene00202456.,0,0,0
WBGene00202457.,0,0,0
WBGene00202458.,0,0,0
WBGene00202459.,0,0,0
WBGene00202460.,0,0,0
WBGene00202461.,0,0,0
WBGene00202462.,0,0,0
WBGene00202463.,0,3,3
WBGene00202464.,0,0,0
WBGene00202465.,0,0,0
WBGene00202466.,0,1,1
WBGene00202467.,0,2,2
WBGene00202468.,0,0,0
WBGene00202469.,0,4,4
WBGene00202470.,0,3,3
WBGene00202471.,0,0,0
WBGene00202472.,0,11,11
WBGene00202473.,0,0,0
WBGene00202474.,0,0,0
WBGene00202475.,0,1,1
WBGene00202476.,0,4,4
WBGene00202477.,0,1,1
WBGene00202478.,0,0,0
WBGene00202479.,0,0,0
WBGene00202480.,0,3,3
WBGene00202481.,0,0,0
WBGene00202482.,0,1,1
WBGene00202483.,0,2,2
WBGene00202484.,0,1,1
WBGene00202485.,0,0,0
WBGene00202486.,0,0,0
WBGene00202487.,0,0,0
WBGene00202488.,0,0,0
WBGene00202489.,0,0,0
WBGene00202490.,0,1,1
WBGene00202491.,0,0,0
WBGene00202492.,0,2,2
WBGene00202493.,0,1,1
WBGene00202494.,0,0,0
WBGene00202495.,0,0,0
WBGene00202496.,4,10,14
WBGene00202497.,2,4,6
WBGene00202498.,3,17,20
WBGene00202499.,1,6,7
WBGene00202500.,4,0,4
WBGene00202501.,0,6,6
WBGene00202502.,0,4,4
WBGene00202504.,0,1,1
WBGene00202511.,0,10,10
WBGene00202512.,39,115,154
WBGene00202513.,3,152,155
WBGene00202514.,3,11,14
WBGene00206354.,12,130,142
WBGene00206355.,0,38,38
WBGene00206356.,53,502,555
WBGene00206357.,4,8,12
WBGene00206358.,0,0,0
WBGene00206359.,2,5,7
WBGene00206360.,0,0,0
WBGene00206361.,6,179,185
WBGene00206362.,34,268,302
WBGene00206363.,0,0,0
WBGene00206364.,0,45,45
WBGene00206365.,0,13,13
WBGene00206366.,1,17,18
WBGene00206368.,0,0,0
WBGene00206369.,0,0,0
WBGene00206370.,1,14,15
WBGene00206371.,5,248,253
WBGene00206372.,2,2,4
WBGene00206373.,31,279,310
WBGene00206374.,77,102,179
WBGene00206375.,0,5,5
WBGene00206377.,6,59,65
WBGene00206378.,9,21,30
WBGene00206379.,0,2,2
WBGene00206380.,107,1853,1960
WBGene00206381.,1,28,29
WBGene00206382.,74,517,591
WBGene00206383.,0,3,3
WBGene00206384.,21,19,40
WBGene00206385.,0,0,0
WBGene00206386.,3,22,25
WBGene00206388.,0,0,0
WBGene00206389.,0,0,0
WBGene00206390.,1,0,1
WBGene00206391.,0,0,0
WBGene00206392.,11,22,33
WBGene00206393.,3,5,8
WBGene00206394.,0,0,0
WBGene00206395.,0,0,0
WBGene00206411.,3,70,73
WBGene00206412.,1,22,23
WBGene00206413.,2,4,6
WBGene00206414.,3,16,19
WBGene00206415.,8,7,15
WBGene00206416.,5,38,43
WBGene00206417.,60,735,795
WBGene00206418.,2,86,88
WBGene00206420.,6,121,127
WBGene00206421.,0,0,0
WBGene00206422.,0,5,5
WBGene00206423.,0,1137,1137
WBGene00206459.,53,437,490
WBGene00206460.,3,20,23
WBGene00206461.,4,59,63
WBGene00206462.,1,54,55
WBGene00206464.,0,2328,2328
WBGene00206466.,4,103,107
WBGene00206468.,0,0,0
WBGene00206469.,17,46,63
WBGene00206470.,1,1,2
WBGene00206471.,5,7,12
WBGene00206473.,0,8,8
WBGene00206474.,23,143,166
WBGene00206475.,1,3,4
WBGene00206477.,1,0,1
WBGene00206478.,1,3,4
WBGene00206479.,15,3,18
WBGene00206481.,1,0,1
WBGene00206482.,4,52,56
WBGene00206483.,0,2,2
WBGene00206484.,6,48,54
WBGene00206485.,1,2,3
WBGene00206486.,10,4,14
WBGene00206487.,32,751,783
WBGene00206488.,57,65,122
WBGene00206489.,21,20,41
WBGene00206490.,0,0,0
WBGene00206491.,15,132,147
WBGene00206492.,0,0,0
WBGene00206493.,0,2,2
WBGene00206494.,1,1,2
WBGene00206495.,3,0,3
WBGene00206496.,0,0,0
WBGene00206497.,1,4,5
WBGene00206498.,1,0,1
WBGene00206499.,0,2,2
WBGene00206500.,0,0,0
WBGene00206501.,1,0,1
WBGene00206502.,1,3,4
WBGene00206503.,0,0,0
WBGene00206504.,0,0,0
WBGene00206505.,12,255,267
WBGene00206506.,1,0,1
WBGene00206507.,0,0,0
WBGene00206508.,1,0,1
WBGene00206509.,0,0,0
WBGene00206510.,3,1,4
WBGene00206511.,8,0,8
WBGene00206512.,1,12,13
WBGene00206513.,1,2,3
WBGene00206514.,0,3,3
WBGene00206515.,3,8,11
WBGene00206516.,394,0,394
WBGene00206517.,2,88,90
WBGene00206518.,0,0,0
WBGene00206519.,1,2,3
WBGene00206520.,0,2,2
WBGene00206521.,0,1,1
WBGene00206522.,60,4477,4537
WBGene00206523.,0,1,1
WBGene00206524.,2,6,8
WBGene00206525.,63,846,909
WBGene00206526.,1,2,3
WBGene00206527.,1,18,19
WBGene00206528.,0,37,37
WBGene00206529.,25,212,237
WBGene00206530.,32,45,77
WBGene00206531.,0,0,0
WBGene00206532.,299,233,532
WBGene00206533.,118,67,185
WBGene00206534.,0,0,0
WBGene00206535.,2,3,5
WBGene00206536.,7,2,9
WBGene00206537.,5,4,9
WBGene00206538.,10,185,195
WBGene00215616.,90,287,377
WBGene00219205.,3,2,5
WBGene00219206.,3,178,181
WBGene00219207.,0,975,975
WBGene00219208.,18,355,373
WBGene00219209.,22,58,80
WBGene00219210.,2,81,83
WBGene00219212.,0,0,0
WBGene00219214.,1,1,2
WBGene00219215.,2,2,4
WBGene00219216.,6,4,10
WBGene00219217.,0,0,0
WBGene00219218.,1,14,15
WBGene00219219.,0,0,0
WBGene00219220.,0,17,17
WBGene00219221.,0,31,31
WBGene00219222.,0,0,0
WBGene00219223.,0,0,0
WBGene00219224.,0,0,0
WBGene00219225.,0,0,0
WBGene00219226.,0,0,0
WBGene00219227.,0,0,0
WBGene00219228.,0,0,0
WBGene00219229.,0,7,7
WBGene00219230.,0,0,0
WBGene00219231.,0,0,0
WBGene00219232.,0,3,3
WBGene00219233.,0,0,0
WBGene00219234.,2,3,5
WBGene00219235.,2,48,50
WBGene00219236.,13,607,620
WBGene00219238.,0,0,0
WBGene00219239.,0,0,0
WBGene00219241.,1,6,7
WBGene00219242.,0,0,0
WBGene00219243.,44,80,124
WBGene00219244.,0,0,0
WBGene00219245.,0,0,0
WBGene00219246.,0,0,0
WBGene00219247.,0,0,0
WBGene00219248.,0,0,0
WBGene00219249.,0,0,0
WBGene00219250.,0,0,0
WBGene00219251.,0,0,0
WBGene00219252.,0,0,0
WBGene00219253.,0,0,0
WBGene00219254.,0,0,0
WBGene00219255.,0,0,0
WBGene00219256.,0,0,0
WBGene00219257.,0,0,0
WBGene00219258.,0,0,0
WBGene00219259.,0,0,0
WBGene00219260.,0,0,0
WBGene00219261.,0,0,0
WBGene00219262.,0,0,0
WBGene00219263.,0,0,0
WBGene00219264.,0,0,0
WBGene00219265.,0,4,4
WBGene00219266.,0,1,1
WBGene00219267.,0,38,38
WBGene00219269.,0,2,2
WBGene00219270.,0,0,0
WBGene00219271.,0,4,4
WBGene00219272.,14,7,21
WBGene00219274.,29,104,133
WBGene00219275.,288,3157,3445
WBGene00219278.,2,4,6
WBGene00219279.,0,0,0
WBGene00219280.,4,69,73
WBGene00219281.,30,15,45
WBGene00219282.,2,13,15
WBGene00219283.,342,87,429
WBGene00219284.,2,2,4
WBGene00219285.,10,11,21
WBGene00219286.,0,46,46
WBGene00219287.,17,649,666
WBGene00219288.,25,108,133
WBGene00219289.,399,281,680
WBGene00219290.,0,0,0
WBGene00219291.,0,0,0
WBGene00219292.,2,31,33
WBGene00219293.,0,1,1
WBGene00219294.,3,19,22
WBGene00219295.,17,12,29
WBGene00219296.,2,2,4
WBGene00219297.,0,0,0
WBGene00219298.,9,4,13
WBGene00219299.,5,10,15
WBGene00219300.,2,45,47
WBGene00219301.,0,0,0
WBGene00219302.,0,47,47
WBGene00219303.,9,69,78
WBGene00219304.,160,5554,5714
WBGene00219306.,11,213,224
WBGene00219307.,283,4737,5020
WBGene00219308.,0,2,2
WBGene00219309.,2,48,50
WBGene00219310.,0,1,1
WBGene00219311.,0,0,0
WBGene00219312.,0,1,1
WBGene00219313.,65,2362,2427
WBGene00219314.,2,2,4
WBGene00219315.,0,1,1
WBGene00219316.,2,20,22
WBGene00219317.,6,26,32
WBGene00219318.,0,0,0
WBGene00219319.,14,21,35
WBGene00219321.,1,3,4
WBGene00219322.,0,0,0
WBGene00219323.,0,0,0
WBGene00219324.,0,1,1
WBGene00219325.,13,32,45
WBGene00219326.,0,0,0
WBGene00219327.,0,0,0
WBGene00219329.,113,101,214
WBGene00219330.,6,2,8
WBGene00219331.,0,0,0
WBGene00219332.,8,1,9
WBGene00219337.,102,42,144
WBGene00219342.,0,0,0
WBGene00219343.,0,86,86
WBGene00219351.,1,6,7
WBGene00219352.,1,14,15
WBGene00219362.,92,276,368
WBGene00219368.,1,5,6
WBGene00219369.,0,5,5
WBGene00219370.,0,0,0
WBGene00219371.,0,13,13
WBGene00219373.,5,366,371
WBGene00219374.,11,24,35
WBGene00219375.,42,280,322
WBGene00219376.,3,45,48
WBGene00219377.,2,23,25
WBGene00219378.,0,1,1
WBGene00219381.,2,1,3
WBGene00219383.,0,4,4
WBGene00219394.,0,0,0
WBGene00219395.,0,1,1
WBGene00219399.,25,30,55
WBGene00219410.,13,8,21
WBGene00219411.,9,5,14
WBGene00219412.,0,48,48
WBGene00219413.,2,74,76
WBGene00219414.,0,1,1
WBGene00219415.,11,23,34
WBGene00219416.,0,3,3
WBGene00219417.,5,6,11
WBGene00219418.,0,1,1
WBGene00219420.,0,130,130
WBGene00219421.,0,8,8
WBGene00219422.,7,11,18
WBGene00219423.,0,3,3
WBGene00219424.,3,41,44
WBGene00219425.,119,176,295
WBGene00219434.,1,3,4
WBGene00219436.,14,24,38
WBGene00219437.,1,3,4
WBGene00219442.,0,2,2
WBGene00219443.,0,0,0
WBGene00219444.,87,48,135
WBGene00219445.,0,0,0
WBGene00219446.,0,1,1
WBGene00219447.,0,1,1
WBGene00219448.,6,18,24
WBGene00219449.,9,5,14
WBGene00219450.,12,72,84
WBGene00219451.,4,151,155
WBGene00219452.,1,3,4
WBGene00219453.,0,2,2
WBGene00219454.,0,0,0
WBGene00219455.,0,4,4
WBGene00219456.,0,2,2
WBGene00219458.,2,1,3
WBGene00219460.,2,2,4
WBGene00219476.,3,21,24
WBGene00219477.,0,0,0
WBGene00219478.,1,1,2
WBGene00219483.,1,2,3
WBGene00219489.,0,2,2
WBGene00219490.,0,6,6
WBGene00219491.,0,0,0
WBGene00219492.,0,0,0
WBGene00219493.,0,16,16
WBGene00219497.,0,4,4
WBGene00219498.,2,22,24
WBGene00219544.,0,0,0
WBGene00219545.,0,4,4
WBGene00219546.,0,6,6
WBGene00219547.,0,3,3
WBGene00219548.,0,109,109
WBGene00219549.,0,0,0
WBGene00219550.,0,0,0
WBGene00219551.,0,14,14
WBGene00219552.,28,0,28
WBGene00219553.,1,0,1
WBGene00219554.,1,0,1
WBGene00219555.,1,3,4
WBGene00219556.,0,0,0
WBGene00219557.,25,60,85
WBGene00219558.,0,0,0
WBGene00219559.,0,262,262
WBGene00219560.,0,0,0
WBGene00219561.,0,0,0
WBGene00219562.,7,10,17
WBGene00219563.,42,9,51
WBGene00219564.,0,0,0
WBGene00219565.,5,15,20
WBGene00219566.,0,9,9
WBGene00219567.,7,71,78
WBGene00219568.,0,2,2
WBGene00219569.,0,54,54
WBGene00219570.,24,31,55
WBGene00219571.,13,256,269
WBGene00219572.,248,39,287
WBGene00219573.,0,3,3
WBGene00219574.,0,7,7
WBGene00219575.,55,369,424
WBGene00219576.,0,0,0
WBGene00219577.,0,1,1
WBGene00219578.,0,9,9
WBGene00219579.,0,0,0
WBGene00219580.,0,0,0
WBGene00219581.,0,555,555
WBGene00219582.,0,20,20
WBGene00219583.,2,31,33
WBGene00219584.,0,3,3
WBGene00219585.,1,0,1
WBGene00219586.,103,93,196
WBGene00219587.,3,8,11
WBGene00219588.,1,4,5
WBGene00219589.,44,275,319
WBGene00219590.,0,204,204
WBGene00219591.,0,23,23
WBGene00219592.,0,370,370
WBGene00219593.,0,0,0
WBGene00219594.,0,0,0
WBGene00219596.,1,6,7
WBGene00219597.,0,4,4
WBGene00219598.,2,21,23
WBGene00219599.,1,2,3
WBGene00219600.,312,106,418
WBGene00219601.,120,121,241
WBGene00219602.,0,343,343
WBGene00219603.,0,9,9
WBGene00219604.,0,2,2
WBGene00219605.,163,219,382
WBGene00219606.,7,48,55
WBGene00219607.,0,4,4
WBGene00219608.,0,60,60
WBGene00219609.,0,7976,7976
WBGene00219610.,0,18,18
WBGene00219611.,0,0,0
WBGene00219612.,5,92,97
WBGene00219613.,73,5,78
WBGene00219614.,22,16,38
WBGene00219615.,71,114,185
WBGene00219616.,0,0,0
WBGene00219617.,16,102,118
WBGene00219618.,0,71,71
WBGene00219619.,13,59,72
WBGene00219620.,18,9,27
WBGene00219621.,0,0,0
WBGene00219622.,0,0,0
WBGene00219623.,0,1,1
WBGene00219624.,0,0,0
WBGene00219625.,24,46,70
WBGene00219626.,4,16,20
WBGene00219627.,43,51,94
WBGene00219628.,0,3,3
WBGene00219629.,17,29,46
WBGene00219630.,77,2,79
WBGene00219631.,0,1,1
WBGene00219632.,0,0,0
WBGene00219633.,0,29,29
WBGene00219634.,0,0,0
WBGene00219635.,0,0,0
WBGene00219636.,86,219,305
WBGene00219637.,0,15,15
WBGene00219638.,0,7,7
WBGene00219639.,0,36,36
WBGene00219640.,2,4,6
WBGene00219641.,13,207,220
WBGene00219642.,54,3,57
WBGene00219643.,0,0,0
WBGene00219644.,2,2,4
WBGene00219645.,19,25,44
WBGene00219646.,0,0,0
WBGene00219647.,209,438,647
WBGene00219648.,0,2,2
WBGene00219649.,0,162,162
WBGene00219650.,0,93,93
WBGene00219651.,0,84,84
WBGene00219652.,0,1,1
WBGene00219653.,0,2,2
WBGene00219654.,20,41,61
WBGene00219655.,0,8,8
WBGene00219656.,4,2,6
WBGene00219657.,0,10,10
WBGene00219658.,2,7,9
WBGene00219659.,0,28,28
WBGene00219660.,1,11,12
WBGene00219661.,5,72,77
WBGene00219662.,0,2,2
WBGene00219663.,0,0,0
WBGene00219664.,0,44,44
WBGene00219665.,2,33,35
WBGene00219666.,50,7,57
WBGene00219667.,0,3,3
WBGene00219668.,0,0,0
WBGene00219669.,0,4,4
WBGene00219670.,0,1,1
WBGene00219671.,0,0,0
WBGene00219672.,87,195,282
WBGene00219673.,7,59,66
WBGene00219674.,0,6,6
WBGene00219675.,0,586,586
WBGene00219676.,0,14,14
WBGene00219677.,0,1,1
WBGene00219678.,50,341,391
WBGene00219679.,9,2,11
WBGene00219680.,0,193,193
WBGene00219681.,1,73,74
WBGene00219682.,0,41,41
WBGene00219683.,30,38,68
WBGene00219684.,1,3,4
WBGene00219685.,1,6,7
WBGene00219686.,5,84,89
WBGene00219687.,22,151,173
WBGene00219688.,13,30,43
WBGene00219689.,0,19,19
WBGene00219690.,0,0,0
WBGene00219691.,0,8,8
WBGene00219692.,0,0,0
WBGene00219693.,0,0,0
WBGene00219694.,0,12,12
WBGene00219695.,118,149,267
WBGene00219696.,0,4,4
WBGene00219697.,0,111,111
WBGene00219698.,0,0,0
WBGene00219699.,142,993,1135
WBGene00219700.,0,87,87
WBGene00219701.,11,83,94
WBGene00219702.,0,3,3
WBGene00219703.,0,8,8
WBGene00219704.,1,3,4
WBGene00219705.,0,0,0
WBGene00219706.,0,1,1
WBGene00219707.,323,2247,2570
WBGene00219708.,31,423,454
WBGene00219709.,0,0,0
WBGene00219710.,0,33,33
WBGene00219711.,90,230,320
WBGene00219712.,12,13,25
WBGene00219713.,0,53,53
WBGene00219714.,0,0,0
WBGene00219715.,0,39,39
WBGene00219716.,0,4,4
WBGene00219717.,0,1,1
WBGene00219718.,21,94,115
WBGene00219719.,199,246,445
WBGene00219720.,0,473,473
WBGene00219721.,1,20,21
WBGene00219722.,0,81,81
WBGene00219723.,2,8,10
WBGene00219724.,0,2,2
WBGene00219725.,0,6,6
WBGene00219726.,0,7,7
WBGene00219727.,7,65,72
WBGene00219728.,0,17,17
WBGene00219729.,0,35,35
WBGene00219730.,0,35,35
WBGene00219731.,0,5,5
WBGene00219732.,7,5,12
WBGene00219733.,2,0,2
WBGene00219734.,0,119,119
WBGene00219735.,0,5,5
WBGene00219736.,21,145,166
WBGene00219737.,5,5,10
WBGene00219738.,0,33,33
WBGene00219739.,38,49,87
WBGene00219740.,1,19,20
WBGene00219741.,0,1,1
WBGene00219742.,0,24,24
WBGene00219743.,42,229,271
WBGene00219744.,0,0,0
WBGene00219745.,16,15,31
WBGene00219746.,0,399,399
WBGene00219747.,0,0,0
WBGene00219748.,2,101,103
WBGene00219749.,0,36,36
WBGene00219750.,0,1,1
WBGene00219751.,0,8,8
WBGene00219752.,0,7,7
WBGene00219753.,1,104,105
WBGene00219754.,3,3,6
WBGene00219755.,20,594,614
WBGene00219756.,21,170,191
WBGene00219757.,0,0,0
WBGene00219758.,12,1136,1148
WBGene00219759.,0,0,0
WBGene00219760.,0,0,0
WBGene00219761.,0,0,0
WBGene00219762.,3,3,6
WBGene00219763.,9,56,65
WBGene00219764.,0,0,0
WBGene00219765.,95,9,104
WBGene00219766.,0,6,6
WBGene00219767.,26,1,27
WBGene00219768.,0,7,7
WBGene00219769.,2,8,10
WBGene00219770.,4,6,10
WBGene00219771.,72,802,874
WBGene00219772.,0,3,3
WBGene00219773.,0,3,3
WBGene00219774.,1,1,2
WBGene00219775.,9,9,18
WBGene00219776.,0,0,0
WBGene00219777.,0,0,0
WBGene00219778.,0,0,0
WBGene00219779.,0,0,0
WBGene00219780.,0,0,0
WBGene00219781.,0,2,2
WBGene00219782.,0,0,0
WBGene00219783.,0,0,0
WBGene00219784.,0,0,0
WBGene00219785.,0,0,0
WBGene00219786.,0,8,8
WBGene00219787.,0,0,0
WBGene00219788.,0,29,29
WBGene00219789.,0,0,0
WBGene00219790.,0,0,0
WBGene00219791.,0,1,1
WBGene00219792.,0,2,2
WBGene00219793.,0,4,4
WBGene00219794.,0,0,0
WBGene00219795.,0,0,0
WBGene00219796.,0,31,31
WBGene00219797.,0,0,0
WBGene00219798.,0,7,7
WBGene00219799.,0,12,12
WBGene00219800.,0,260,260
WBGene00219801.,0,68,68
WBGene00219803.,0,122,122
WBGene00219804.,0,2,2
WBGene00219805.,0,2,2
WBGene00219806.,0,0,0
WBGene00219807.,0,0,0
WBGene00219808.,0,0,0
WBGene00219809.,0,5,5
WBGene00219810.,0,2,2
WBGene00219811.,0,3,3
WBGene00219812.,0,0,0
WBGene00219813.,0,0,0
WBGene00219814.,0,0,0
WBGene00219815.,0,0,0
WBGene00219816.,0,592,592
WBGene00219817.,0,0,0
WBGene00219818.,0,1,1
WBGene00219819.,0,0,0
WBGene00219820.,0,0,0
WBGene00219821.,0,32,32
WBGene00219822.,0,79,79
WBGene00219823.,0,62,62
WBGene00219824.,0,12,12
WBGene00219825.,0,0,0
WBGene00219826.,0,0,0
WBGene00219827.,0,167,167
WBGene00219828.,0,0,0
WBGene00219829.,0,1,1
WBGene00219830.,0,0,0
WBGene00219831.,0,0,0
WBGene00219832.,0,0,0
WBGene00219833.,0,7,7
WBGene00219834.,0,94,94
WBGene00219835.,0,6,6
WBGene00219836.,0,0,0
WBGene00219837.,0,0,0
WBGene00219838.,57,280,337
WBGene00219839.,0,7,7
WBGene00219840.,0,0,0
WBGene00219841.,0,6,6
WBGene00219842.,0,0,0
WBGene00219843.,0,0,0
WBGene00219844.,0,1,1
WBGene00219845.,0,2,2
WBGene00219846.,0,1,1
WBGene00219847.,0,6,6
WBGene00219848.,0,0,0
WBGene00219849.,0,37226,37226
WBGene00219850.,0,19,19
WBGene00219851.,0,22,22
WBGene00219852.,0,0,0
WBGene00219853.,0,0,0
WBGene00219854.,0,0,0
WBGene00219855.,0,0,0
WBGene00219856.,0,0,0
WBGene00219857.,0,0,0
WBGene00219858.,0,0,0
WBGene00219859.,0,2,2
WBGene00219860.,0,0,0
WBGene00219861.,0,0,0
WBGene00219862.,0,0,0
WBGene00219863.,0,25,25
WBGene00219864.,0,0,0
WBGene00219865.,0,0,0
WBGene00219866.,0,0,0
WBGene00219867.,0,0,0
WBGene00219868.,0,37,37
WBGene00219869.,0,4,4
WBGene00219870.,0,0,0
WBGene00219871.,0,0,0
WBGene00219872.,0,0,0
WBGene00219873.,0,0,0
WBGene00219874.,0,1,1
WBGene00219875.,0,0,0
WBGene00219876.,0,0,0
WBGene00219877.,0,1,1
WBGene00219878.,0,0,0
WBGene00219879.,0,2,2
WBGene00219880.,0,0,0
WBGene00219881.,0,0,0
WBGene00219882.,0,43,43
WBGene00219883.,0,0,0
WBGene00219884.,0,0,0
WBGene00219885.,0,40,40
WBGene00219886.,0,35100,35100
WBGene00219887.,0,62,62
WBGene00219888.,0,21,21
WBGene00219889.,0,0,0
WBGene00219890.,0,0,0
WBGene00219891.,0,0,0
WBGene00219892.,0,0,0
WBGene00219893.,0,3,3
WBGene00219894.,0,0,0
WBGene00219895.,0,23,23
WBGene00219896.,0,0,0
WBGene00219897.,0,0,0
WBGene00219898.,0,0,0
WBGene00219899.,0,92,92
WBGene00219900.,0,0,0
WBGene00219901.,0,0,0
WBGene00219902.,0,0,0
WBGene00219903.,0,0,0
WBGene00219904.,0,0,0
WBGene00219905.,0,1,1
WBGene00219906.,0,11,11
WBGene00219907.,0,0,0
WBGene00219908.,0,0,0
WBGene00219909.,0,17,17
WBGene00219910.,0,1,1
WBGene00219911.,0,2,2
WBGene00219912.,0,48,48
WBGene00219913.,0,1,1
WBGene00219914.,0,0,0
WBGene00219915.,0,0,0
WBGene00219916.,0,6,6
WBGene00219917.,0,0,0
WBGene00219918.,0,0,0
WBGene00219919.,0,0,0
WBGene00219920.,0,1,1
WBGene00219921.,0,2,2
WBGene00219922.,0,0,0
WBGene00219923.,0,9,9
WBGene00219924.,0,0,0
WBGene00219925.,0,0,0
WBGene00219926.,0,62,62
WBGene00219927.,0,0,0
WBGene00219928.,0,0,0
WBGene00219929.,0,0,0
WBGene00219930.,0,17,17
WBGene00219931.,0,0,0
WBGene00219932.,0,0,0
WBGene00219933.,0,7,7
WBGene00219934.,0,0,0
WBGene00219935.,0,19,19
WBGene00219936.,0,144,144
WBGene00219937.,0,6,6
WBGene00219938.,0,1,1
WBGene00219939.,0,0,0
WBGene00219940.,0,0,0
WBGene00219941.,0,0,0
WBGene00219942.,0,0,0
WBGene00219943.,0,19,19
WBGene00219944.,0,0,0
WBGene00219945.,0,0,0
WBGene00219946.,0,0,0
WBGene00219947.,0,1,1
WBGene00219948.,0,0,0
WBGene00219949.,0,2,2
WBGene00219950.,0,578,578
WBGene00219951.,0,0,0
WBGene00219952.,0,25,25
WBGene00219953.,0,62,62
WBGene00219954.,0,0,0
WBGene00219955.,0,0,0
WBGene00219956.,0,0,0
WBGene00219957.,0,43,43
WBGene00219958.,0,53,53
WBGene00219959.,0,545,545
WBGene00219960.,0,0,0
WBGene00219961.,0,0,0
WBGene00219962.,0,0,0
WBGene00219963.,0,1,1
WBGene00219964.,0,0,0
WBGene00219965.,0,0,0
WBGene00219966.,0,0,0
WBGene00219967.,0,11,11
WBGene00219968.,0,7,7
WBGene00219969.,0,0,0
WBGene00219970.,0,12,12
WBGene00219971.,0,0,0
WBGene00219972.,0,35,35
WBGene00219973.,0,0,0
WBGene00219974.,0,0,0
WBGene00219975.,0,0,0
WBGene00219976.,0,209,209
WBGene00219977.,0,3,3
WBGene00219978.,0,0,0
WBGene00219979.,0,5,5
WBGene00219980.,0,0,0
WBGene00219981.,0,0,0
WBGene00219982.,0,5,5
WBGene00219983.,0,0,0
WBGene00219984.,0,0,0
WBGene00219985.,0,0,0
WBGene00219986.,0,0,0
WBGene00219987.,0,128,128
WBGene00219988.,0,0,0
WBGene00219989.,0,0,0
WBGene00219990.,0,0,0
WBGene00219991.,0,0,0
WBGene00219992.,0,0,0
WBGene00219994.,0,0,0
WBGene00219995.,0,36,36
WBGene00219996.,0,2,2
WBGene00219997.,0,0,0
WBGene00219998.,0,1,1
WBGene00219999.,0,0,0
WBGene00220000.,0,189,189
WBGene00220001.,0,0,0
WBGene00220002.,0,1,1
WBGene00220003.,0,0,0
WBGene00220004.,0,0,0
WBGene00220005.,0,0,0
WBGene00220006.,0,0,0
WBGene00220007.,0,0,0
WBGene00220008.,0,0,0
WBGene00220009.,0,3,3
WBGene00220010.,0,0,0
WBGene00220011.,0,80,80
WBGene00220012.,0,14,14
WBGene00220013.,0,0,0
WBGene00220014.,0,0,0
WBGene00220015.,0,0,0
WBGene00220016.,0,0,0
WBGene00220017.,0,49,49
WBGene00220018.,0,2,2
WBGene00220019.,0,0,0
WBGene00220020.,0,4,4
WBGene00220021.,0,0,0
WBGene00220022.,0,0,0
WBGene00220023.,0,0,0
WBGene00220024.,0,3,3
WBGene00220025.,0,0,0
WBGene00220026.,0,0,0
WBGene00220027.,0,0,0
WBGene00220028.,0,0,0
WBGene00220029.,0,17,17
WBGene00220030.,0,16,16
WBGene00220031.,0,0,0
WBGene00220032.,0,1021,1021
WBGene00220033.,0,13,13
WBGene00220034.,0,0,0
WBGene00220035.,0,0,0
WBGene00220036.,0,0,0
WBGene00220037.,0,7,7
WBGene00220038.,0,0,0
WBGene00220039.,0,3,3
WBGene00220040.,0,0,0
WBGene00220041.,0,18,18
WBGene00220042.,0,6,6
WBGene00220043.,0,4,4
WBGene00220044.,0,142,142
WBGene00220045.,0,12,12
WBGene00220046.,0,0,0
WBGene00220047.,0,20,20
WBGene00220048.,0,0,0
WBGene00220049.,0,0,0
WBGene00220050.,0,0,0
WBGene00220051.,0,17,17
WBGene00220052.,0,91,91
WBGene00220053.,0,26,26
WBGene00220054.,0,0,0
WBGene00220055.,0,154,154
WBGene00220056.,0,0,0
WBGene00220057.,0,0,0
WBGene00220058.,0,3,3
WBGene00220059.,0,0,0
WBGene00220060.,0,0,0
WBGene00220061.,0,149,149
WBGene00220062.,0,0,0
WBGene00220063.,0,0,0
WBGene00220064.,0,14,14
WBGene00220065.,0,0,0
WBGene00220066.,0,1,1
WBGene00220067.,0,0,0
WBGene00220068.,0,26,26
WBGene00220069.,0,0,0
WBGene00220070.,0,0,0
WBGene00220071.,0,0,0
WBGene00220072.,0,876,876
WBGene00220073.,0,12,12
WBGene00220074.,0,0,0
WBGene00220075.,0,0,0
WBGene00220076.,0,0,0
WBGene00220077.,0,0,0
WBGene00220078.,0,13,13
WBGene00220079.,0,0,0
WBGene00220080.,0,0,0
WBGene00220081.,0,2,2
WBGene00220082.,0,3,3
WBGene00220083.,0,0,0
WBGene00220084.,0,33,33
WBGene00220085.,0,0,0
WBGene00220086.,0,0,0
WBGene00220087.,0,0,0
WBGene00220088.,0,10,10
WBGene00220089.,0,543,543
WBGene00220090.,0,0,0
WBGene00220091.,0,39,39
WBGene00220092.,0,3,3
WBGene00220093.,0,0,0
WBGene00220094.,0,0,0
WBGene00220095.,0,2,2
WBGene00220096.,0,3,3
WBGene00220097.,0,28,28
WBGene00220098.,0,0,0
WBGene00220099.,0,1,1
WBGene00220100.,0,0,0
WBGene00220101.,0,7,7
WBGene00220102.,0,0,0
WBGene00220104.,0,0,0
WBGene00220105.,0,0,0
WBGene00220106.,0,577,577
WBGene00220107.,0,0,0
WBGene00220108.,0,15,15
WBGene00220109.,0,0,0
WBGene00220110.,0,0,0
WBGene00220111.,0,175,175
WBGene00220112.,0,0,0
WBGene00220113.,0,0,0
WBGene00220114.,0,0,0
WBGene00220115.,0,0,0
WBGene00220116.,0,0,0
WBGene00220117.,0,188,188
WBGene00220118.,0,0,0
WBGene00220119.,0,1,1
WBGene00220120.,0,2,2
WBGene00220121.,0,0,0
WBGene00220122.,0,2,2
WBGene00220123.,0,0,0
WBGene00220124.,0,0,0
WBGene00220125.,0,2,2
WBGene00220126.,0,0,0
WBGene00220127.,0,0,0
WBGene00220128.,0,1,1
WBGene00220129.,0,0,0
WBGene00220130.,0,1,1
WBGene00220131.,0,0,0
WBGene00220132.,0,0,0
WBGene00220133.,8,23,31
WBGene00220134.,0,56,56
WBGene00220135.,0,0,0
WBGene00220136.,0,1,1
WBGene00220137.,0,0,0
WBGene00220138.,0,0,0
WBGene00220139.,0,0,0
WBGene00220140.,0,0,0
WBGene00220141.,0,420,420
WBGene00220142.,0,0,0
WBGene00220143.,0,0,0
WBGene00220144.,0,0,0
WBGene00220145.,0,0,0
WBGene00220146.,0,7,7
WBGene00220147.,0,12,12
WBGene00220148.,0,0,0
WBGene00220149.,0,0,0
WBGene00220150.,0,0,0
WBGene00220151.,0,0,0
WBGene00220152.,0,0,0
WBGene00220153.,0,0,0
WBGene00220154.,0,39,39
WBGene00220155.,0,0,0
WBGene00220156.,0,0,0
WBGene00220157.,0,0,0
WBGene00220158.,0,0,0
WBGene00220159.,0,440,440
WBGene00220160.,0,326,326
WBGene00220161.,0,0,0
WBGene00220162.,0,0,0
WBGene00220163.,0,0,0
WBGene00220164.,0,1,1
WBGene00220165.,0,138,138
WBGene00220166.,0,0,0
WBGene00220167.,0,0,0
WBGene00220168.,0,1,1
WBGene00220169.,0,0,0
WBGene00220170.,0,3,3
WBGene00220171.,0,0,0
WBGene00220172.,0,0,0
WBGene00220173.,0,0,0
WBGene00220174.,0,0,0
WBGene00220175.,0,19,19
WBGene00220176.,0,2,2
WBGene00220177.,0,0,0
WBGene00220178.,0,0,0
WBGene00220179.,0,0,0
WBGene00220180.,0,0,0
WBGene00220181.,0,0,0
WBGene00220182.,0,0,0
WBGene00220183.,0,176,176
WBGene00220184.,0,0,0
WBGene00220185.,0,0,0
WBGene00220186.,0,5,5
WBGene00220187.,0,1,1
WBGene00220188.,0,0,0
WBGene00220189.,0,0,0
WBGene00220190.,0,0,0
WBGene00220191.,0,0,0
WBGene00220192.,0,0,0
WBGene00220193.,0,0,0
WBGene00220194.,0,9,9
WBGene00220195.,0,0,0
WBGene00220196.,0,0,0
WBGene00220197.,0,0,0
WBGene00220198.,0,7,7
WBGene00220199.,0,0,0
WBGene00220200.,0,0,0
WBGene00220201.,0,3,3
WBGene00220202.,0,0,0
WBGene00220203.,0,0,0
WBGene00220204.,0,28,28
WBGene00220205.,0,0,0
WBGene00220206.,0,14,14
WBGene00220207.,0,0,0
WBGene00220208.,0,0,0
WBGene00220209.,0,0,0
WBGene00220210.,0,0,0
WBGene00220211.,0,0,0
WBGene00220212.,0,1,1
WBGene00220213.,0,1,1
WBGene00220214.,0,33,33
WBGene00220215.,0,0,0
WBGene00220216.,0,0,0
WBGene00220217.,0,0,0
WBGene00220218.,0,1,1
WBGene00220219.,0,3,3
WBGene00220220.,0,8,8
WBGene00220221.,0,8,8
WBGene00220222.,0,24,24
WBGene00220223.,0,11,11
WBGene00220224.,0,0,0
WBGene00220225.,0,0,0
WBGene00220226.,0,0,0
WBGene00220227.,0,0,0
WBGene00220228.,0,10,10
WBGene00220229.,0,0,0
WBGene00220230.,0,0,0
WBGene00220231.,0,0,0
WBGene00220232.,0,79,79
WBGene00220233.,0,36,36
WBGene00220234.,0,68,68
WBGene00220235.,0,27,27
WBGene00220236.,0,241,241
WBGene00220237.,0,7,7
WBGene00220238.,0,71,71
WBGene00220239.,0,583,583
WBGene00220240.,0,0,0
WBGene00220241.,0,0,0
WBGene00220242.,0,0,0
WBGene00220243.,0,14,14
WBGene00220244.,0,0,0
WBGene00220245.,0,0,0
WBGene00220246.,0,0,0
WBGene00220247.,0,0,0
WBGene00220248.,0,9,9
WBGene00220249.,1,5,6
WBGene00220250.,7,2,9
WBGene00220251.,42,61,103
WBGene00220252.,60,53,113
WBGene00220253.,0,11,11
WBGene00220254.,0,1,1
WBGene00220255.,0,0,0
WBGene00220256.,1,0,1
WBGene00220257.,0,13,13
WBGene00220258.,0,53,53
WBGene00220259.,5,35,40
WBGene00220260.,110,6,116
WBGene00220261.,0,8,8
WBGene00235003.,3,1,4
WBGene00235080.,0,0,0
WBGene00235081.,0,0,0
WBGene00235084.,0,0,0
WBGene00235085.,0,0,0
WBGene00235086.,0,2,2
WBGene00235087.,0,0,0
WBGene00235088.,0,0,0
WBGene00235089.,0,0,0
WBGene00235090.,0,3,3
WBGene00235091.,1,0,1
WBGene00235092.,1,4,5
WBGene00235093.,0,4,4
WBGene00235094.,0,0,0
WBGene00235095.,4,15,19
WBGene00235102.,17,4980,4997
WBGene00235106.,0,11,11
WBGene00235107.,0,4,4
WBGene00235108.,3,0,3
WBGene00235109.,6,8,14
WBGene00235110.,1,2,3
WBGene00235111.,0,1,1
WBGene00235112.,0,0,0
WBGene00235113.,0,20,20
WBGene00235114.,9,240,249
WBGene00235115.,0,3,3
WBGene00235116.,0,2,2
WBGene00235117.,1,0,1
WBGene00235118.,0,1,1
WBGene00235119.,0,0,0
WBGene00235120.,0,0,0
WBGene00235121.,0,1,1
WBGene00235128.,0,5,5
WBGene00235129.,8,4,12
WBGene00235132.,30,32,62
WBGene00235133.,2,9,11
WBGene00235134.,7,1,8
WBGene00235152.,1,8,9
WBGene00235153.,1,3,4
WBGene00235157.,0,3,3
WBGene00235158.,24,825,849
WBGene00235159.,0,0,0
WBGene00235160.,0,0,0
WBGene00235161.,0,0,0
WBGene00235162.,0,0,0
WBGene00235163.,0,0,0
WBGene00235164.,37,799,836
WBGene00235165.,0,0,0
WBGene00235166.,0,0,0
WBGene00235167.,0,844,844
WBGene00235175.,0,0,0
WBGene00235179.,0,0,0
WBGene00235180.,0,2,2
WBGene00235181.,0,8,8
WBGene00235183.,0,0,0
WBGene00235188.,0,0,0
WBGene00235190.,0,1,1
WBGene00235197.,0,1,1
WBGene00235198.,0,0,0
WBGene00235200.,0,16,16
WBGene00235201.,0,1,1
WBGene00235206.,0,0,0
WBGene00235209.,0,0,0
WBGene00235235.,0,2,2
WBGene00235237.,0,0,0
WBGene00235247.,0,0,0
WBGene00235250.,0,1,1
WBGene00235251.,0,17,17
WBGene00235252.,0,0,0
WBGene00235254.,1,1,2
WBGene00235255.,0,0,0
WBGene00235256.,0,16,16
WBGene00235257.,9,105,114
WBGene00235258.,4,4,8
WBGene00235259.,2,7,9
WBGene00235260.,11,6,17
WBGene00235261.,0,17,17
WBGene00235262.,0,4,4
WBGene00235263.,12,13,25
WBGene00235264.,1,0,1
WBGene00235265.,2,6,8
WBGene00235266.,0,0,0
WBGene00235267.,0,2,2
WBGene00235268.,33,478,511
WBGene00235269.,0,893,893
WBGene00235270.,0,5,5
WBGene00235271.,0,11,11
WBGene00235272.,1,0,1
WBGene00235273.,81,285,366
WBGene00235274.,16,396,412
WBGene00235275.,27,13,40
WBGene00235276.,0,0,0
WBGene00235277.,196,147,343
WBGene00235278.,2,1,3
WBGene00235279.,134,50,184
WBGene00235280.,1,6,7
WBGene00235281.,0,0,0
WBGene00235282.,0,0,0
WBGene00235283.,11,14,25
WBGene00235284.,0,1,1
WBGene00235285.,0,0,0
WBGene00235286.,0,10,10
WBGene00235287.,7,111,118
WBGene00235288.,0,0,0
WBGene00235289.,1,3,4
WBGene00235290.,1,0,1
WBGene00235291.,119,934,1053
WBGene00235292.,6,4,10
WBGene00235293.,0,0,0
WBGene00235294.,0,20,20
WBGene00235295.,0,3,3
WBGene00235296.,0,11,11
WBGene00235297.,0,0,0
WBGene00235298.,0,4,4
WBGene00235299.,1,0,1
WBGene00235300.,0,25,25
WBGene00235301.,0,21,21
WBGene00235302.,0,0,0
WBGene00235303.,0,22,22
WBGene00235304.,0,4,4
WBGene00235305.,0,1,1
WBGene00235307.,0,2,2
WBGene00235308.,14,73,87
WBGene00235309.,0,0,0
WBGene00235310.,68,292,360
WBGene00235311.,0,0,0
WBGene00235312.,3,75,78
WBGene00235313.,3,25,28
WBGene00235314.,7,7,14
WBGene00235315.,18,256,274
WBGene00235316.,10,28,38
WBGene00235317.,0,0,0
WBGene00235318.,0,4,4
WBGene00235319.,1,13,14
WBGene00235320.,5,35,40
WBGene00235321.,51,0,51
WBGene00235322.,0,2,2
WBGene00235323.,0,2,2
WBGene00235324.,1,1,2
WBGene00235325.,7,160,167
WBGene00235326.,0,0,0
WBGene00235327.,1,0,1
WBGene00235328.,0,11,11
WBGene00235329.,8,12,20
WBGene00235330.,43,199,242
WBGene00235331.,0,31,31
WBGene00235332.,0,1,1
WBGene00235333.,1,4,5
WBGene00235334.,1,4,5
WBGene00235335.,0,16,16
WBGene00235336.,0,1,1
WBGene00235338.,7,8,15
WBGene00235339.,0,0,0
WBGene00235340.,0,1,1
WBGene00235341.,2,2,4
WBGene00235342.,0,0,0
WBGene00235343.,0,0,0
WBGene00235346.,0,232,232
WBGene00235348.,0,38,38
WBGene00235350.,59,22,81
WBGene00235351.,2,1,3
WBGene00235352.,1,17,18
WBGene00235353.,0,15,15
WBGene00235354.,0,1,1
WBGene00235355.,0,0,0
WBGene00235356.,0,0,0
WBGene00235357.,8,4,12
WBGene00235358.,0,3,3
WBGene00235359.,0,0,0
WBGene00235361.,0,0,0
WBGene00235362.,0,0,0
WBGene00235363.,0,0,0
WBGene00235364.,0,0,0
WBGene00235365.,0,2,2
WBGene00235366.,0,0,0
WBGene00235367.,0,3,3
WBGene00235368.,0,1,1
WBGene00235369.,0,0,0
WBGene00235370.,0,1,1
WBGene00235371.,0,1,1
WBGene00235372.,0,5,5
WBGene00235373.,0,0,0
WBGene00235374.,2,4,6
WBGene00235375.,1,15,16
WBGene00235376.,8,3,11
WBGene00235377.,0,0,0
WBGene00235378.,0,2,2
WBGene00235379.,0,2,2
WBGene00235380.,0,68,68
WBGene00235381.,0,0,0
WBGene00235382.,0,0,0
WBGene00235383.,0,2,2
WBGene00235385.,6,128,134
WBGene00235386.,1,0,1
WBGene00235387.,86,749,835
WBGene00235388.,3,1,4
WBGene00235389.,0,0,0
WBGene00235390.,0,2,2
WBGene00235391.,0,9,9
WBGene00236785.,0,122,122
WBGene00236786.,6,118,124
WBGene00236787.,0,15,15
WBGene00236788.,0,0,0
WBGene00236789.,3,11,14
WBGene00236797.,0,12,12
WBGene00236798.,0,10,10
WBGene00236799.,0,5,5
WBGene00236800.,0,24,24
WBGene00236806.,77,0,77
WBGene00236807.,0,1,1
WBGene00236808.,6,3,9
WBGene00236809.,5,5,10
WBGene00249808.,0,121,121
WBGene00249812.,0,0,0
WBGene00249813.,0,5,5
WBGene00249814.,0,0,0
WBGene00249815.,1026,405,1431
WBGene00249816.,0,0,0
WBGene00249817.,23,476,499
WBGene00249825.,0,2,2
WBGene00249826.,0,394,394
WBGene00255375.,0,2,2
WBGene00255420.,15,3,18
WBGene00255426.,0,8,8
WBGene00255435.,7,0,7
WBGene00255441.,0,0,0
WBGene00255457.,86,26,112
WBGene00255469.,2,5,7
WBGene00255522.,0,0,0
WBGene00255543.,0,0,0
WBGene00255545.,0,0,0
WBGene00255546.,0,0,0
WBGene00255549.,0,4,4
WBGene00255550.,0,0,0
WBGene00255553.,0,0,0
WBGene00255560.,0,0,0
WBGene00255561.,0,0,0
WBGene00255562.,0,0,0
WBGene00255563.,0,0,0
WBGene00255564.,0,1,1
WBGene00255565.,0,0,0
WBGene00255566.,0,0,0
WBGene00255567.,0,0,0
WBGene00255568.,0,0,0
WBGene00255569.,0,0,0
WBGene00255570.,0,0,0
WBGene00255571.,0,1,1
WBGene00255572.,0,1,1
WBGene00255573.,0,0,0
WBGene00255574.,0,0,0
WBGene00255575.,0,4,4
WBGene00255576.,0,0,0
WBGene00255577.,0,0,0
WBGene00255578.,0,0,0
WBGene00255579.,0,13,13
WBGene00255580.,0,0,0
WBGene00255581.,0,0,0
WBGene00255582.,0,0,0
WBGene00255583.,0,0,0
WBGene00255584.,0,0,0
WBGene00255586.,0,0,0
WBGene00255587.,0,0,0
WBGene00255588.,0,0,0
WBGene00255594.,7,42,49
WBGene00255595.,0,0,0
WBGene00255596.,0,8,8
WBGene00255597.,3,22,25
WBGene00255598.,20,65,85
WBGene00255600.,1,24,25
WBGene00255605.,0,23,23
WBGene00255606.,2,35,37
WBGene00255607.,0,2,2
WBGene00255611.,0,0,0
WBGene00255702.,7,45,52
WBGene00255703.,0,4,4
WBGene00255704.,0,233,233
WBGene00255709.,0,1,1
WBGene00255714.,3,145,148
WBGene00255728.,4,13,17
WBGene00255729.,6,19,25
WBGene00255730.,1,5,6
WBGene00255731.,11,45,56
WBGene00255732.,2,0,2
WBGene00255733.,5,19,24
WBGene00255736.,1,64,65
WBGene00268189.,3,3,6
WBGene00268190.,4,2,6
WBGene00268191.,0,0,0
WBGene00268192.,2,12,14
WBGene00268193.,1,1,2
WBGene00268194.,4,2,6
WBGene00268196.,18,72,90
WBGene00268197.,1,3,4
WBGene00268198.,0,0,0
WBGene00268199.,0,0,0
WBGene00268202.,2,2,4
WBGene00268203.,0,0,0
WBGene00268204.,0,4,4
WBGene00268205.,0,0,0
WBGene00268206.,1,5,6
WBGene00268207.,0,0,0
WBGene00268208.,159,6,165
WBGene00268209.,1,7,8
WBGene00268210.,2,0,2
WBGene00268211.,0,0,0
WBGene00268212.,24,6,30
WBGene00268213.,1,10,11
WBGene00268214.,8,8,16
WBGene00268215.,0,14,14
WBGene00268216.,2,1,3
WBGene00269331.,0,0,0
WBGene00269332.,0,0,0
WBGene00269333.,0,0,0
WBGene00269336.,0,0,0
WBGene00269337.,0,6,6
WBGene00269338.,0,11,11
WBGene00269346.,0,5,5
WBGene00269352.,0,0,0
WBGene00269355.,11,135,146
WBGene00269373.,0,25,25
WBGene00269376.,0,85,85
WBGene00269378.,85,323,408
WBGene00269379.,2,1,3
WBGene00269381.,0,4,4
WBGene00269382.,11,75,86
WBGene00269383.,52,232,284
WBGene00269384.,2,29,31
WBGene00269385.,0,0,0
WBGene00269386.,0,136,136
WBGene00269387.,7,228,235
WBGene00269388.,0,0,0
WBGene00269389.,0,0,0
WBGene00269390.,0,3,3
WBGene00269391.,0,16,16
WBGene00269392.,1,4,5
WBGene00269393.,0,1,1
WBGene00269394.,0,0,0
WBGene00269419.,0,1,1
WBGene00269420.,0,0,0
WBGene00269421.,255,1495,1750
WBGene00269422.,0,14,14
WBGene00269423.,5,4,9
WBGene00269424.,0,8,8
WBGene00269425.,0,4,4
WBGene00269426.,1,4,5
WBGene00269427.,0,58,58
WBGene00269428.,2,14,16
WBGene00269429.,0,103,103
WBGene00269430.,0,0,0
WBGene00269431.,0,24,24
WBGene00269432.,29,318,347
WBGene00269433.,28,402,430
WBGene00269434.,0,44,44
WBGene00269435.,2,9,11
WBGene00269436.,4,12,16
WBGene00269437.,0,6,6
WBGene00269438.,1,10,11
WBGene00270290.,0,3,3
WBGene00270291.,0,0,0
WBGene00270292.,0,0,0
WBGene00270293.,0,3,3
WBGene00270303.,2,5,7
WBGene00270309.,35,61,96
WBGene00270318.,9,21,30
WBGene00270319.,0,105,105
WBGene00270320.,5,10,15
WBGene00270321.,16,39,55
WBGene00270322.,13,831,844
WBGene00271414.,19,546,565
WBGene00271415.,2,4,6
WBGene00271437.,10,20,30
WBGene00271444.,2,32,34
WBGene00271567.,2,7,9
WBGene00271577.,0,13,13
WBGene00271598.,7,43,50
WBGene00271605.,8,61,69
WBGene00271606.,16,200,216
WBGene00271632.,0,97,97
WBGene00271633.,0,100,100
WBGene00271634.,0,20,20
WBGene00271635.,0,9,9
WBGene00271636.,16,298,314
WBGene00271637.,48,42,90
WBGene00271638.,0,22,22
WBGene00271639.,0,7,7
WBGene00271640.,2,14,16
WBGene00271641.,0,0,0
WBGene00271642.,37,8370,8407
WBGene00271643.,0,5,5
WBGene00271644.,0,7,7
WBGene00271645.,0,5,5
WBGene00271646.,0,20,20
WBGene00271647.,5,120,125
WBGene00271648.,0,3,3
WBGene00271649.,12,32,44
WBGene00271650.,0,69,69
WBGene00271651.,0,2,2
WBGene00271652.,9,8,17
WBGene00271653.,1,0,1
WBGene00271654.,0,18,18
WBGene00271655.,0,23,23
WBGene00271656.,0,7,7
WBGene00271657.,0,0,0
WBGene00271694.,6,319,325
WBGene00271701.,3,28,31
WBGene00271703.,2,0,2
WBGene00271706.,8,380,388
WBGene00271707.,1,17,18
WBGene00271715.,3,2,5
WBGene00271716.,138,432,570
WBGene00271744.,16,27,43
WBGene00271774.,0,24,24
WBGene00271775.,128,4107,4235
WBGene00271776.,7,0,7
WBGene00271777.,101,9,110
WBGene00271778.,0,17,17
WBGene00271779.,0,1,1
WBGene00271780.,0,1,1
WBGene00271781.,0,10,10
WBGene00271786.,7,10,17
WBGene00271788.,2,50,52
WBGene00271789.,1,18,19
WBGene00271790.,0,0,0
WBGene00271791.,0,33,33
WBGene00271792.,0,0,0
WBGene00271795.,1,108,109
WBGene00271796.,44,534,578
WBGene00271797.,0,1,1
WBGene00271798.,25,5,30
WBGene00271799.,0,0,0
WBGene00271800.,0,0,0
WBGene00271801.,5,5,10
WBGene00271802.,4,150,154
WBGene00271803.,0,0,0
WBGene00271804.,0,0,0
WBGene00271805.,0,69,69
WBGene00271806.,0,0,0
WBGene00271807.,3,1,4
WBGene00271808.,86,190,276
WBGene00271809.,6,14,20
WBGene00271810.,0,0,0
WBGene00271811.,0,0,0
WBGene00271813.,0,1,1
WBGene00271815.,0,0,0
WBGene00271816.,0,2,2
WBGene00271817.,0,119,119
WBGene00271818.,124,1075,1199
WBGene00271819.,0,0,0
WBGene00271820.,15,2,17
WBGene00271821.,26,14,40
WBGene00271822.,0,2,2
WBGene00271823.,0,0,0
WBGene00271824.,3,23,26
WBGene00271827.,13,78,91
WBGene00271830.,288,2022,2310
WBGene00271831.,0,0,0
WBGene00271832.,5,76,81
WBGene00271837.,0,0,0
WBGene00284844.,0,496,496
WBGene00284845.,0,4,4
WBGene00284846.,223,3202,3425
WBGene00284847.,0,43,43
WBGene00284848.,8,8,16
WBGene00284849.,0,10,10
WBGene00284850.,0,0,0
WBGene00284851.,113,127,240
WBGene00284852.,44,509,553
WBGene00284853.,2,0,2
WBGene00284854.,5,4,9
WBGene00284855.,0,23,23
WBGene00284856.,0,243,243
WBGene00284857.,0,59,59
WBGene00284858.,0,0,0
WBGene00284859.,0,432,432
WBGene00284861.,0,69,69
WBGene00284867.,0,155,155
WBGene00302964.,0,31,31
WBGene00302968.,0,529,529
WBGene00302971.,17,104,121
WBGene00302974.,4,2158,2162
WBGene00302976.,0,11,11
WBGene00302978.,103,713,816
WBGene00302980.,0,148,148
WBGene00302982.,1,176,177
WBGene00302984.,7,25,32
WBGene00302986.,55,8,63
WBGene00302988.,15,10,25
WBGene00302991.,31,87,118
WBGene00302993.,22,0,22
WBGene00302995.,140,376,516
WBGene00302998.,131,536,667
WBGene00303000.,313,1013,1326
WBGene00303002.,0,91,91
WBGene00303005.,0,0,0
WBGene00303007.,0,30,30
WBGene00303009.,33,646,679
WBGene00303011.,53,76,129
WBGene00303013.,8,8,16
WBGene00303015.,34,3006,3040
WBGene00303019.,0,3156,3156
WBGene00303021.,0,425,425
WBGene00303023.,0,0,0
WBGene00303024.,0,0,0
WBGene00303026.,77,755,832
WBGene00303028.,0,0,0
WBGene00303030.,10,55,65
WBGene00303031.,0,8,8
WBGene00303032.,0,0,0
WBGene00303033.,0,0,0
WBGene00303034.,0,0,0
WBGene00303035.,0,0,0
WBGene00303036.,0,0,0
WBGene00303037.,0,0,0
WBGene00303038.,0,0,0
WBGene00303039.,0,0,0
WBGene00303040.,0,0,0
WBGene00303041.,0,0,0
WBGene00303042.,0,0,0
WBGene00303043.,0,0,0
WBGene00303044.,0,0,0
WBGene00303045.,0,0,0
WBGene00303046.,0,5,5
WBGene00303047.,0,0,0
WBGene00303048.,0,0,0
WBGene00303049.,0,0,0
WBGene00303050.,0,0,0
WBGene00303051.,0,0,0
WBGene00303052.,0,0,0
WBGene00303053.,0,2,2
WBGene00303054.,0,0,0
WBGene00303055.,0,0,0
WBGene00303056.,0,0,0
WBGene00303057.,0,0,0
WBGene00303058.,0,0,0
WBGene00303059.,0,0,0
WBGene00303060.,0,0,0
WBGene00303061.,0,0,0
WBGene00303062.,0,0,0
WBGene00303063.,0,0,0
WBGene00303064.,0,0,0
WBGene00303065.,0,0,0
WBGene00303066.,0,0,0
WBGene00303067.,0,0,0
WBGene00303068.,0,0,0
WBGene00303069.,0,0,0
WBGene00303070.,0,0,0
WBGene00303071.,0,0,0
WBGene00303072.,0,0,0
WBGene00303073.,0,0,0
WBGene00303074.,0,0,0
WBGene00303075.,0,631,631
WBGene00303076.,0,0,0
WBGene00303077.,0,0,0
WBGene00303078.,0,0,0
WBGene00303079.,0,0,0
WBGene00303080.,0,0,0
WBGene00303081.,1,32,33
WBGene00303082.,0,0,0
WBGene00303083.,0,0,0
WBGene00303085.,0,0,0
WBGene00303086.,0,0,0
WBGene00303087.,0,0,0
WBGene00303088.,0,0,0
WBGene00303089.,0,7,7
WBGene00303090.,0,0,0
WBGene00303091.,0,22,22
WBGene00303092.,0,0,0
WBGene00303093.,0,0,0
WBGene00303094.,0,0,0
WBGene00303095.,0,0,0
WBGene00303096.,0,0,0
WBGene00303097.,0,0,0
WBGene00303098.,0,0,0
WBGene00303099.,0,0,0
WBGene00303100.,0,0,0
WBGene00303101.,0,0,0
WBGene00303102.,0,0,0
WBGene00303103.,0,0,0
WBGene00303104.,0,0,0
WBGene00303105.,0,1,1
WBGene00303113.,0,0,0
WBGene00303114.,0,0,0
WBGene00303115.,0,1,1
WBGene00303208.,39,1338,1377
WBGene00303231.,1,39,40
WBGene00303233.,20,115,135
WBGene00303359.,0,0,0
WBGene00303360.,0,0,0
WBGene00303362.,0,0,0
WBGene00303363.,0,3,3
WBGene00303364.,16,47,63
WBGene00303365.,0,0,0
WBGene00303366.,0,1,1
WBGene00303367.,0,1,1
WBGene00303368.,9,0,9
WBGene00303369.,0,1,1
WBGene00303370.,0,0,0
WBGene00303371.,0,3,3
WBGene00303378.,0,1,1
WBGene00303398.,4,12,16
WBGene00303421.,2,26,28
WBGene00303423.,67,474,541
WBGene00303425.,12,130,142
WBGene00304173.,0,4,4
WBGene00304175.,0,6,6
WBGene00304181.,7,0,7
WBGene00304182.,0,3,3
WBGene00304183.,0,8,8
WBGene00304189.,47,593,640
WBGene00304194.,12,19,31
WBGene00304195.,1,6,7
WBGene00304201.,1,2,3
WBGene00304202.,4,7,11
WBGene00304203.,10,33,43
WBGene00304215.,2,3,5
WBGene00304219.,0,124,124
WBGene00304220.,7,3,10
WBGene00304237.,7,129,136
WBGene00304238.,0,0,0
WBGene00304775.,1,5,6
WBGene00304776.,16,104,120
WBGene00304782.,0,29,29
WBGene00304783.,0,274,274
WBGene00304785.,0,1,1
WBGene00304786.,0,1,1
WBGene00304787.,6,29,35
WBGene00304788.,23,137,160
WBGene00304789.,0,5,5
WBGene00304790.,4,662,666
WBGene00304791.,11,111,122
WBGene00304792.,0,47,47
WBGene00304793.,0,12,12
WBGene00304794.,31,17,48
WBGene00304797.,0,1,1
WBGene00304798.,0,3,3
WBGene00304806.,0,38,38
WBGene00304808.,27,83,110
WBGene00304811.,73,497,570
WBGene00304812.,0,505,505
WBGene00304813.,0,558,558
WBGene00304814.,0,0,0
WBGene00304815.,0,20177,20177
WBGene00304816.,0,3,3
WBGene00304817.,5,12,17
WBGene00304818.,0,0,0
WBGene00304819.,2,0,2
WBGene00304820.,9,38,47
WBGene00304822.,5,132,137
WBGene00304823.,1,2,3
WBGene00304824.,3,9,12
WBGene00304825.,10,1,11
WBGene00304826.,0,0,0
WBGene00304827.,0,3,3
WBGene00304828.,0,2,2
WBGene00304895.,2,18,20
WBGene00304901.,0,1,1
WBGene00304906.,0,128,128
WBGene00304907.,2,0,2
WBGene00304908.,0,4,4
WBGene00304930.,0,0,0
WBGene00304981.,5,1,6
WBGene00304985.,3,18,21
WBGene00304992.,109,3246,3355
WBGene00304996.,5,29,34
WBGene00305018.,1,3,4
WBGene00305047.,1,2,3
WBGene00305048.,0,0,0
WBGene00305049.,1,0,1
WBGene00305050.,89,75,164
WBGene00305065.,6,22,28
WBGene00305066.,1,43,44
WBGene00305067.,13,319,332
WBGene00305069.,0,0,0
WBGene00305086.,7,6,13
WBGene00305090.,14,18,32
WBGene00305091.,0,1,1
WBGene00305092.,0,3,3
WBGene00305093.,1,1,2
WBGene00305095.,0,10,10
WBGene00305102.,0,1,1
WBGene00305103.,23,228,251
WBGene00305104.,1,1,2
WBGene00305109.,0,6,6
WBGene00305110.,0,0,0
WBGene00305111.,0,1,1
WBGene00305112.,1,3,4
WBGene00305113.,0,7,7
WBGene00305114.,1,0,1
WBGene00305130.,0,1,1
WBGene00305131.,0,426,426
WBGene00305132.,0,0,0
WBGene00305157.,0,84,84
WBGene00305158.,0,2,2
WBGene00305159.,0,1,1
WBGene00305173.,164,1560,1724
WBGene00305970.,0,7,7
WBGene00305979.,0,12,12
WBGene00305980.,6,18,24
WBGene00305981.,43,337,380
WBGene00305991.,6,19,25
WBGene00305992.,1,9,10
WBGene00305993.,0,7,7
WBGene00305994.,2,17,19
WBGene00305995.,4,32,36
WBGene00305996.,1,1,2
WBGene00305997.,0,2,2
WBGene00305998.,10,52,62
WBGene00305999.,1,7,8
WBGene00306000.,0,1,1
WBGene00306001.,0,7,7
WBGene00306002.,3,146,149
WBGene00306003.,29,1019,1048
WBGene00306004.,4,0,4
WBGene00306005.,26,36,62
WBGene00306012.,15,28,43
WBGene00306013.,11,150,161
WBGene00306014.,0,1,1
WBGene00306062.,0,0,0
WBGene00306066.,1,10,11
WBGene00306069.,0,126,126
WBGene00306070.,2,0,2
WBGene00306076.,0,1,1
WBGene00306078.,0,11,11
WBGene00306080.,0,0,0
WBGene00306081.,3,16,19
WBGene00306121.,10,13,23
WBGene00306122.,0,4,4
WBGene00306123.,14,36,50
WBGene00306124.,40,1,41
WBGene00306125.,0,0,0
WBGene00306126.,38,711,749
WBGene00306131.,0,2905,2905
WBGene00306132.,0,7,7
