gene_id,total_unsp,total_sp,total
WBGene00000001,21,1098,1119
WBGene00000002,54,1348,1402
WBGene00000003,4,741,745
WBGene00000004,160,1789,1949
WBGene00000005,7,167,174
WBGene00000006,345,3688,4033
WBGene00000007,18,328,346
WBGene00000008,20,37,57
WBGene00000009,8,51,59
WBGene00000010,42,528,570
WBGene00000012,9,25,34
WBGene00000013,0,126,126
WBGene00000014,1,7,8
WBGene00000015,6,630,636
WBGene00000016,148,16222,16370
WBGene00000017,13,11182,11195
WBGene00000018,406,2382,2788
WBGene00000019,11,15,26
WBGene00000020,420,1478,1898
WBGene00000022,67,1941,2008
WBGene00000023,12,30,42
WBGene00000024,0,4,4
WBGene00000025,0,1,1
WBGene00000027,0,2,2
WBGene00000028,0,0,0
WBGene00000029,0,4,4
WBGene00000030,0,0,0
WBGene00000031,98,255,353
WBGene00000032,0,1,1
WBGene00000033,2,28,30
WBGene00000034,2,28,30
WBGene00000035,2015,944,2959
WBGene00000036,191,906,1097
WBGene00000037,58,2274,2332
WBGene00000038,89,474,563
WBGene00000039,23,824,847
WBGene00000040,75,14631,14706
WBGene00000041,711,24610,25321
WBGene00000042,170,482,652
WBGene00000043,55,233,288
WBGene00000044,60,150,210
WBGene00000045,14,42,56
WBGene00000046,167,405,572
WBGene00000047,142,787,929
WBGene00000048,27,130,157
WBGene00000049,18,99,117
WBGene00000050,24,394,418
WBGene00000051,63,573,636
WBGene00000053,25,72,97
WBGene00000054,58,493,551
WBGene00000055,12,366,378
WBGene00000056,47,287,334
WBGene00000057,110,180,290
WBGene00000058,341,546,887
WBGene00000059,26,241,267
WBGene00000060,16,60,76
WBGene00000061,87,1062,1149
WBGene00000062,89,131,220
WBGene00000063,561,136079,136640
WBGene00000064,383,22868,23251
WBGene00000065,406,149699,150105
WBGene00000066,1321,323428,324749
WBGene00000067,1457,67861,69318
WBGene00000068,2042,2239,4281
WBGene00000069,42,268,310
WBGene00000070,407,1820,2227
WBGene00000071,74,730,804
WBGene00000072,145,1741,1886
WBGene00000073,152,1466,1618
WBGene00000074,327,1483,1810
WBGene00000075,21,394,415
WBGene00000079,299,5920,6219
WBGene00000080,4,320,324
WBGene00000081,308,8118,8426
WBGene00000082,159,224,383
WBGene00000083,504,4519,5023
WBGene00000084,76,553,629
WBGene00000085,71,576,647
WBGene00000086,167,1399,1566
WBGene00000088,170,1697,1867
WBGene00000089,137,3344,3481
WBGene00000090,150,1691,1841
WBGene00000092,401,3609,4010
WBGene00000093,42,1211,1253
WBGene00000094,113,1601,1714
WBGene00000095,261,3022,3283
WBGene00000096,182,558,740
WBGene00000097,129,3003,3132
WBGene00000098,87,1811,1898
WBGene00000099,73,1423,1496
WBGene00000100,980,14242,15222
WBGene00000101,188,3012,3200
WBGene00000102,556,6822,7378
WBGene00000103,199,3051,3250
WBGene00000105,185,4483,4668
WBGene00000106,92,2050,2142
WBGene00000107,1662,24628,26290
WBGene00000108,8,3,11
WBGene00000109,43,2050,2093
WBGene00000110,162,4862,5024
WBGene00000111,403,3169,3572
WBGene00000112,386,5297,5683
WBGene00000113,257,850,1107
WBGene00000114,332,61813,62145
WBGene00000115,64,2649,2713
WBGene00000116,236,1226,1462
WBGene00000117,542,1242,1784
WBGene00000118,11,11071,11082
WBGene00000120,2,3432,3434
WBGene00000121,58,3670,3728
WBGene00000122,62,11345,11407
WBGene00000123,323,8252,8575
WBGene00000133,10,45,55
WBGene00000134,101,315,416
WBGene00000135,47,454,501
WBGene00000136,19,1806,1825
WBGene00000137,120,713,833
WBGene00000138,128,1068,1196
WBGene00000139,96,267,363
WBGene00000140,1132,98277,99409
WBGene00000142,49,1592,1641
WBGene00000143,177,1351,1528
WBGene00000144,68,910,978
WBGene00000145,7,730,737
WBGene00000146,505,3957,4462
WBGene00000147,11,872,883
WBGene00000148,143,1777,1920
WBGene00000149,600,22807,23407
WBGene00000150,236,3051,3287
WBGene00000151,20,1502,1522
WBGene00000155,30,2957,2987
WBGene00000156,89,1300,1389
WBGene00000157,81,3235,3316
WBGene00000158,595,3970,4565
WBGene00000159,56,5117,5173
WBGene00000160,770,3969,4739
WBGene00000161,174,3640,3814
WBGene00000162,627,3556,4183
WBGene00000163,163,3898,4061
WBGene00000164,183,1921,2104
WBGene00000165,44,1454,1498
WBGene00000166,66,671,737
WBGene00000168,437,249,686
WBGene00000169,236,7181,7417
WBGene00000170,1644,25414,27058
WBGene00000171,24,4,28
WBGene00000172,589,7831,8420
WBGene00000173,18,306,324
WBGene00000174,41,296,337
WBGene00000175,1698,35321,37019
WBGene00000176,9,1807,1816
WBGene00000177,325,2086,2411
WBGene00000178,339,5061,5400
WBGene00000179,531,4467,4998
WBGene00000180,81,1402,1483
WBGene00000181,1152,9134,10286
WBGene00000182,230,18936,19166
WBGene00000183,242,20056,20298
WBGene00000184,181,1729,1910
WBGene00000185,3,55,58
WBGene00000186,519,4682,5201
WBGene00000187,8,1890,1898
WBGene00000188,0,226,226
WBGene00000189,13,559,572
WBGene00000190,146,559,705
WBGene00000192,32,3232,3264
WBGene00000193,18,122,140
WBGene00000195,121,1737,1858
WBGene00000196,216,2394,2610
WBGene00000197,39,6263,6302
WBGene00000198,508,8963,9471
WBGene00000199,418,5377,5795
WBGene00000200,144,4321,4465
WBGene00000201,1094,6216,7310
WBGene00000202,12,760,772
WBGene00000203,27,3441,3468
WBGene00000204,105,3758,3863
WBGene00000205,21,3070,3091
WBGene00000206,112,3311,3423
WBGene00000207,1565,69078,70643
WBGene00000208,757,1225,1982
WBGene00000209,1422,22278,23700
WBGene00000210,4975,69204,74179
WBGene00000211,127,626,753
WBGene00000212,140,1610,1750
WBGene00000213,46,1555,1601
WBGene00000214,0,251764,251764
WBGene00000215,1020,27474,28494
WBGene00000216,232,119502,119734
WBGene00000217,1515,21804,23319
WBGene00000218,629,72559,73188
WBGene00000219,37,79895,79932
WBGene00000220,72,677,749
WBGene00000221,1591,18489,20080
WBGene00000222,122,1837,1959
WBGene00000223,1173,11338,12511
WBGene00000224,364,5990,6354
WBGene00000225,7476,3852,11328
WBGene00000226,214,2937,3151
WBGene00000227,397,2413,2810
WBGene00000228,525,14376,14901
WBGene00000229,3664,185938,189602
WBGene00000230,296,70011,70307
WBGene00000231,385,4313,4698
WBGene00000232,353,2326,2679
WBGene00000233,423,2682,3105
WBGene00000235,13,12328,12341
WBGene00000236,277,2567,2844
WBGene00000237,208,1483,1691
WBGene00000238,68,681,749
WBGene00000239,328,2120,2448
WBGene00000240,866,7238,8104
WBGene00000241,40,240,280
WBGene00000242,40,469,509
WBGene00000244,86,758,844
WBGene00000245,259,6873,7132
WBGene00000246,86,136,222
WBGene00000247,102,2349,2451
WBGene00000248,263,3907,4170
WBGene00000249,8,2483,2491
WBGene00000250,33,394,427
WBGene00000251,0,6,6
WBGene00000252,1,23,24
WBGene00000253,111,896,1007
WBGene00000254,794,3363,4157
WBGene00000255,54,22,76
WBGene00000256,0,25,25
WBGene00000257,90,2847,2937
WBGene00000259,145,2180,2325
WBGene00000262,16,864,880
WBGene00000263,5854,71921,77775
WBGene00000264,283,822,1105
WBGene00000265,168,809,977
WBGene00000266,296,5000,5296
WBGene00000267,134,447,581
WBGene00000268,794,2263,3057
WBGene00000269,193,1007,1200
WBGene00000270,24,654,678
WBGene00000271,51,1315,1366
WBGene00000272,45,254,299
WBGene00000273,204,6550,6754
WBGene00000274,432,1619,2051
WBGene00000275,37,2162,2199
WBGene00000276,213,7685,7898
WBGene00000277,3737,42656,46393
WBGene00000279,47,512,559
WBGene00000280,86,887,973
WBGene00000281,94,9732,9826
WBGene00000282,544,7082,7626
WBGene00000283,203,3966,4169
WBGene00000284,25,2341,2366
WBGene00000285,221,4967,5188
WBGene00000286,586,8112,8698
WBGene00000287,431,2821,3252
WBGene00000288,350,4096,4446
WBGene00000289,381,2228,2609
WBGene00000292,420,8048,8468
WBGene00000293,388,11347,11735
WBGene00000294,234,5911,6145
WBGene00000295,80,663,743
WBGene00000296,118,302,420
WBGene00000298,42,2953,2995
WBGene00000301,5,6049,6054
WBGene00000302,85,1309,1394
WBGene00000366,268,8571,8839
WBGene00000367,683,3462,4145
WBGene00000368,333,4638,4971
WBGene00000369,7,2951,2958
WBGene00000370,4294,16808,21102
WBGene00000371,4253,94401,98654
WBGene00000372,3,223,226
WBGene00000373,126,1029,1155
WBGene00000375,93,1055,1148
WBGene00000376,577,2033,2610
WBGene00000377,146,18947,19093
WBGene00000378,45,19846,19891
WBGene00000379,1095,22092,23187
WBGene00000380,1434,37643,39077
WBGene00000381,118,17544,17662
WBGene00000382,32,1339,1371
WBGene00000383,193,4929,5122
WBGene00000386,23,517,540
WBGene00000387,787,783,1570
WBGene00000388,2,14,16
WBGene00000389,1,2,3
WBGene00000390,162,7713,7875
WBGene00000391,759,5043,5802
WBGene00000392,0,61,61
WBGene00000393,159,2806,2965
WBGene00000395,80,717,797
WBGene00000396,103,5430,5533
WBGene00000397,23,358,381
WBGene00000399,21,271,292
WBGene00000401,87,433,520
WBGene00000402,171,259,430
WBGene00000403,1135,14883,16018
WBGene00000405,82,5083,5165
WBGene00000406,88,851,939
WBGene00000407,312,1939,2251
WBGene00000408,571,2260,2831
WBGene00000409,156,2203,2359
WBGene00000410,265,1898,2163
WBGene00000411,22,3790,3812
WBGene00000412,70,794,864
WBGene00000413,118,1150,1268
WBGene00000414,409,11132,11541
WBGene00000415,1984,1943,3927
WBGene00000416,53,1379,1432
WBGene00000417,124,149,273
WBGene00000418,30,702,732
WBGene00000419,376,2746,3122
WBGene00000420,95,1634,1729
WBGene00000421,319,2824,3143
WBGene00000422,5,126,131
WBGene00000423,91,1104,1195
WBGene00000424,126,2055,2181
WBGene00000425,17,308,325
WBGene00000426,395,1783,2178
WBGene00000427,0,17,17
WBGene00000428,2,128,130
WBGene00000429,281,1363,1644
WBGene00000430,17,219,236
WBGene00000431,45,1217,1262
WBGene00000432,23,17,40
WBGene00000433,68,385,453
WBGene00000434,29,399,428
WBGene00000435,14,126,140
WBGene00000436,14,59,73
WBGene00000437,109,1755,1864
WBGene00000438,32,41,73
WBGene00000439,30,385,415
WBGene00000440,6,364,370
WBGene00000441,793,2208,3001
WBGene00000442,49,826,875
WBGene00000443,175,4684,4859
WBGene00000444,7,393,400
WBGene00000445,83,1027,1110
WBGene00000446,43,1463,1506
WBGene00000447,73,411,484
WBGene00000448,122,1595,1717
WBGene00000449,327,2070,2397
WBGene00000450,10,110,120
WBGene00000451,7,165,172
WBGene00000452,19,1049,1068
WBGene00000453,85,2366,2451
WBGene00000454,60,993,1053
WBGene00000455,244,2386,2630
WBGene00000457,20,233,253
WBGene00000458,175,1657,1832
WBGene00000459,140,2911,3051
WBGene00000460,10,337,347
WBGene00000461,9,16,25
WBGene00000462,9,434,443
WBGene00000463,76,972,1048
WBGene00000464,1199,4235,5434
WBGene00000465,2,207,209
WBGene00000466,474,3340,3814
WBGene00000467,101,718,819
WBGene00000468,114,176,290
WBGene00000469,32,102,134
WBGene00000472,110,38757,38867
WBGene00000473,8,1130,1138
WBGene00000474,7,1365,1372
WBGene00000475,99,37926,38025
WBGene00000476,260,1262,1522
WBGene00000477,50,380,430
WBGene00000478,84,978,1062
WBGene00000479,50,4528,4578
WBGene00000480,202,2147,2349
WBGene00000481,116,1077,1193
WBGene00000482,193,6491,6684
WBGene00000483,23,15,38
WBGene00000484,98,265,363
WBGene00000485,129,1121,1250
WBGene00000487,34,23,57
WBGene00000488,178,480,658
WBGene00000490,81,636,717
WBGene00000491,302,1182,1484
WBGene00000492,601,767,1368
WBGene00000493,81,342,423
WBGene00000496,47,292,339
WBGene00000497,68,798,866
WBGene00000498,9,1094,1103
WBGene00000499,89,72,161
WBGene00000500,85,2225,2310
WBGene00000501,134,1676,1810
WBGene00000502,59,4288,4347
WBGene00000503,2,78,80
WBGene00000506,417,1971,2388
WBGene00000507,119,1011,1130
WBGene00000508,67,2150,2217
WBGene00000509,401,3188,3589
WBGene00000510,302,3256,3558
WBGene00000511,91,952,1043
WBGene00000512,236,538,774
WBGene00000513,10,265,275
WBGene00000514,211,1719,1930
WBGene00000515,241,1830,2071
WBGene00000516,1,3257,3258
WBGene00000517,146,771,917
WBGene00000518,1644,1725,3369
WBGene00000519,654,1181,1835
WBGene00000520,160,1675,1835
WBGene00000521,14,247,261
WBGene00000522,430,1893,2323
WBGene00000523,54,645,699
WBGene00000524,42,1004,1046
WBGene00000525,28,484,512
WBGene00000526,14,789,803
WBGene00000527,542,2069,2611
WBGene00000528,239,987,1226
WBGene00000529,279,639,918
WBGene00000530,108,559,667
WBGene00000531,31,96,127
WBGene00000532,71,2010,2081
WBGene00000533,18,512,530
WBGene00000534,110,27956,28066
WBGene00000535,529,10718,11247
WBGene00000536,84,846,930
WBGene00000537,27,619,646
WBGene00000539,37,402,439
WBGene00000540,108,581,689
WBGene00000541,326,1782,2108
WBGene00000542,553,8417,8970
WBGene00000543,133,1016,1149
WBGene00000544,83,16,99
WBGene00000545,914,2894,3808
WBGene00000546,14,20,34
WBGene00000547,307,1869,2176
WBGene00000548,153,3229,3382
WBGene00000549,539,3178,3717
WBGene00000550,96,18512,18608
WBGene00000551,0,2,2
WBGene00000552,2037,49110,51147
WBGene00000553,1386,1622,3008
WBGene00000554,570,9805,10375
WBGene00000555,1,0,1
WBGene00000556,129,1224,1353
WBGene00000557,165,5161,5326
WBGene00000558,215,3947,4162
WBGene00000559,2,0,2
WBGene00000560,1,39,40
WBGene00000561,6,490,496
WBGene00000562,219,392,611
WBGene00000563,35,49,84
WBGene00000564,355,1455,1810
WBGene00000565,759,662,1421
WBGene00000566,764,3066,3830
WBGene00000567,244,7717,7961
WBGene00000583,186,1907,2093
WBGene00000584,28,568,596
WBGene00000585,174,2764,2938
WBGene00000591,270,1714,1984
WBGene00000592,28,488,516
WBGene00000593,0,39,39
WBGene00000594,0,5847,5847
WBGene00000596,0,0,0
WBGene00000597,6,31,37
WBGene00000598,1,14,15
WBGene00000599,51,5139,5190
WBGene00000601,0,251,251
WBGene00000602,0,161,161
WBGene00000603,4,343,347
WBGene00000606,145,1497,1642
WBGene00000608,0,5,5
WBGene00000609,0,2,2
WBGene00000610,23,382,405
WBGene00000611,299,4365,4664
WBGene00000612,0,10,10
WBGene00000613,0,36,36
WBGene00000614,1,11,12
WBGene00000615,0,37,37
WBGene00000616,1,2090,2091
WBGene00000617,1,3,4
WBGene00000618,1,330,331
WBGene00000620,1,4,5
WBGene00000621,0,21,21
WBGene00000622,3,58,61
WBGene00000623,19,68,87
WBGene00000624,29,48,77
WBGene00000625,18,166,184
WBGene00000626,0,3,3
WBGene00000627,0,7,7
WBGene00000628,0,15,15
WBGene00000629,5,5,10
WBGene00000630,45,416,461
WBGene00000631,6,62,68
WBGene00000632,4,207,211
WBGene00000633,13,91,104
WBGene00000634,0,38,38
WBGene00000636,4,16,20
WBGene00000637,7,284,291
WBGene00000638,0,5,5
WBGene00000639,0,245,245
WBGene00000640,15,57,72
WBGene00000641,31,3774,3805
WBGene00000644,1,77,78
WBGene00000645,44,305,349
WBGene00000646,0,3,3
WBGene00000647,2,161,163
WBGene00000648,132,17,149
WBGene00000649,27,180,207
WBGene00000650,0,36,36
WBGene00000651,5,66,71
WBGene00000652,46,657,703
WBGene00000653,2,812,814
WBGene00000654,5,16,21
WBGene00000655,5,331,336
WBGene00000656,29,4417,4446
WBGene00000657,9,426,435
WBGene00000658,7,13,20
WBGene00000659,3,6,9
WBGene00000660,2,13,15
WBGene00000661,7,8,15
WBGene00000662,27,18,45
WBGene00000663,0,22,22
WBGene00000664,5,1221,1226
WBGene00000665,113,1680,1793
WBGene00000666,2,652,654
WBGene00000667,1,132,133
WBGene00000668,1,1105,1106
WBGene00000669,27,5236,5263
WBGene00000670,2,97,99
WBGene00000671,0,48,48
WBGene00000672,1,173,174
WBGene00000673,12,36139,36151
WBGene00000674,69,317,386
WBGene00000675,1,234,235
WBGene00000676,0,4,4
WBGene00000677,41,33623,33664
WBGene00000678,2,43,45
WBGene00000679,23,168,191
WBGene00000680,0,20,20
WBGene00000681,27,48955,48982
WBGene00000682,0,39,39
WBGene00000683,21,153,174
WBGene00000684,18,89,107
WBGene00000685,6,284,290
WBGene00000687,19,220,239
WBGene00000688,0,20,20
WBGene00000689,26,66,92
WBGene00000690,0,2,2
WBGene00000691,0,5608,5608
WBGene00000692,675,11453,12128
WBGene00000693,0,6,6
WBGene00000694,0,30,30
WBGene00000695,1,4,5
WBGene00000696,0,2,2
WBGene00000697,2,11,13
WBGene00000698,0,58,58
WBGene00000699,3,3302,3305
WBGene00000700,0,0,0
WBGene00000701,0,27,27
WBGene00000702,7,63,70
WBGene00000703,2,333,335
WBGene00000704,0,749,749
WBGene00000705,47,592,639
WBGene00000706,4,40,44
WBGene00000707,0,9,9
WBGene00000708,0,24,24
WBGene00000710,1,17,18
WBGene00000711,0,3,3
WBGene00000712,0,2,2
WBGene00000713,0,71,71
WBGene00000714,12,119,131
WBGene00000715,12,149,161
WBGene00000716,0,8,8
WBGene00000717,21,1971,1992
WBGene00000718,0,63,63
WBGene00000719,0,58,58
WBGene00000720,4,41660,41664
WBGene00000721,0,44,44
WBGene00000722,6,2023,2029
WBGene00000723,0,364,364
WBGene00000724,15,67,82
WBGene00000725,0,15,15
WBGene00000726,96,461,557
WBGene00000727,0,1713,1713
WBGene00000728,0,1845,1845
WBGene00000729,2,32,34
WBGene00000730,0,39,39
WBGene00000731,3,121,124
WBGene00000732,1,161,162
WBGene00000733,7,16085,16092
WBGene00000734,0,86,86
WBGene00000735,4,19,23
WBGene00000736,1,10,11
WBGene00000737,1,78,79
WBGene00000738,3,10,13
WBGene00000739,24,24279,24303
WBGene00000740,12,5717,5729
WBGene00000741,4,7226,7230
WBGene00000742,0,861,861
WBGene00000743,0,283,283
WBGene00000744,0,0,0
WBGene00000745,7,411,418
WBGene00000746,10,61,71
WBGene00000747,1,251,252
WBGene00000748,1,167,168
WBGene00000749,1,534,535
WBGene00000750,33,314,347
WBGene00000751,1,12,13
WBGene00000752,0,0,0
WBGene00000753,0,136,136
WBGene00000754,0,29,29
WBGene00000755,2,58,60
WBGene00000756,0,4,4
WBGene00000757,0,10,10
WBGene00000758,0,2,2
WBGene00000759,50,268,318
WBGene00000760,12,24,36
WBGene00000761,125,2735,2860
WBGene00000762,183,1374,1557
WBGene00000763,256,2490,2746
WBGene00000764,38,642,680
WBGene00000765,16,4210,4226
WBGene00000766,46,2088,2134
WBGene00000767,305,5681,5986
WBGene00000768,311,3975,4286
WBGene00000770,6,74,80
WBGene00000771,0,8,8
WBGene00000772,5,282,287
WBGene00000773,142,3179,3321
WBGene00000774,98,2774,2872
WBGene00000775,122,867,989
WBGene00000776,803,23234,24037
WBGene00000777,66,5735,5801
WBGene00000778,21,816,837
WBGene00000779,5358,110304,115662
WBGene00000780,833,8632,9465
WBGene00000781,37,20715,20752
WBGene00000782,0,1,1
WBGene00000783,153,2832,2985
WBGene00000784,33,32734,32767
WBGene00000785,330,156390,156720
WBGene00000786,892,20786,21678
WBGene00000787,34,3322,3356
WBGene00000788,86,8074,8160
WBGene00000789,633,21107,21740
WBGene00000792,93,313,406
WBGene00000793,6513,4714,11227
WBGene00000794,72,2406,2478
WBGene00000795,15,1109,1124
WBGene00000796,389,4696,5085
WBGene00000797,9,102,111
WBGene00000798,5,1967,1972
WBGene00000799,130,1353,1483
WBGene00000800,271,5656,5927
WBGene00000802,1326,126926,128252
WBGene00000803,31,248,279
WBGene00000804,7,1599,1606
WBGene00000812,396,1612,2008
WBGene00000813,185,2426,2611
WBGene00000814,239,3433,3672
WBGene00000815,380,2246,2626
WBGene00000816,353,1940,2293
WBGene00000817,52,1773,1825
WBGene00000818,125,1867,1992
WBGene00000819,53,43,96
WBGene00000820,135,496,631
WBGene00000821,3,2,5
WBGene00000822,1800,32701,34501
WBGene00000829,0,101072,101072
WBGene00000830,0,1172,1172
WBGene00000831,22,4106,4128
WBGene00000832,619,3827,4446
WBGene00000833,219,78691,78910
WBGene00000834,1493,2862,4355
WBGene00000835,400,9065,9465
WBGene00000836,99,2039,2138
WBGene00000837,252,2690,2942
WBGene00000838,146,1280,1426
WBGene00000839,100,2520,2620
WBGene00000840,205,2857,3062
WBGene00000841,106,316,422
WBGene00000843,59,4427,4486
WBGene00000845,362,5292,5654
WBGene00000846,227,996,1223
WBGene00000851,5,12,17
WBGene00000853,15,14,29
WBGene00000854,569,4234,4803
WBGene00000857,64,2161,2225
WBGene00000858,120,2203,2323
WBGene00000859,3,20,23
WBGene00000860,8,73,81
WBGene00000861,5,5,10
WBGene00000862,170,967,1137
WBGene00000863,26,1273,1299
WBGene00000864,7,26,33
WBGene00000865,9,795,804
WBGene00000866,0,51,51
WBGene00000867,3,21,24
WBGene00000868,29,2834,2863
WBGene00000869,341,23879,24220
WBGene00000870,109,1713,1822
WBGene00000871,76,756,832
WBGene00000872,64,2002,2066
WBGene00000874,135,3278,3413
WBGene00000875,34,2259,2293
WBGene00000876,277,3697,3974
WBGene00000877,59,25932,25991
WBGene00000878,12,131,143
WBGene00000879,1182,46314,47496
WBGene00000880,98,2332,2430
WBGene00000881,16,31547,31563
WBGene00000882,0,2848,2848
WBGene00000883,4764,166612,171376
WBGene00000884,118,5118,5236
WBGene00000885,201,359,560
WBGene00000886,122,1706,1828
WBGene00000887,307,2972,3279
WBGene00000888,80,2311,2391
WBGene00000889,172,2429,2601
WBGene00000890,142,1147,1289
WBGene00000891,279,2833,3112
WBGene00000892,199,1444,1643
WBGene00000893,43,1016,1059
WBGene00000894,40,3151,3191
WBGene00000895,83,394,477
WBGene00000896,477,13419,13896
WBGene00000897,180,1364,1544
WBGene00000898,2875,2093,4968
WBGene00000899,335,3398,3733
WBGene00000900,753,2789,3542
WBGene00000901,1082,7217,8299
WBGene00000902,14,167,181
WBGene00000903,20,4266,4286
WBGene00000904,62,353,415
WBGene00000905,28,285,313
WBGene00000906,140,518,658
WBGene00000907,69,526,595
WBGene00000908,985,2199,3184
WBGene00000910,964,4583,5547
WBGene00000911,481,5493,5974
WBGene00000912,1815,5540,7355
WBGene00000913,67,1676,1743
WBGene00000914,861,1812,2673
WBGene00000915,613,140979,141592
WBGene00000917,223,1888,2111
WBGene00000920,21,3763,3784
WBGene00000923,61,5035,5096
WBGene00000928,8,1555,1563
WBGene00000929,219,2233,2452
WBGene00000930,0,32,32
WBGene00000931,319,22497,22816
WBGene00000932,6,201,207
WBGene00000933,460,3995,4455
WBGene00000934,39,730,769
WBGene00000935,8,791,799
WBGene00000936,34,1514,1548
WBGene00000937,25,938,963
WBGene00000938,2347,8273,10620
WBGene00000939,346,3991,4337
WBGene00000940,273,2319,2592
WBGene00000941,981,12721,13702
WBGene00000942,550,13461,14011
WBGene00000950,144,266,410
WBGene00000951,29,187,216
WBGene00000952,76,82,158
WBGene00000953,80,365,445
WBGene00000955,54,248,302
WBGene00000958,268,1097,1365
WBGene00000959,485,3313,3798
WBGene00000960,67,229,296
WBGene00000961,68,1902,1970
WBGene00000962,342,16966,17308
WBGene00000963,237,2115,2352
WBGene00000964,84,3746,3830
WBGene00000965,80,1999,2079
WBGene00000966,379,2131,2510
WBGene00000967,1006,5353,6359
WBGene00000968,73,662,735
WBGene00000969,27,1447,1474
WBGene00000970,95,3010,3105
WBGene00000971,33,431,464
WBGene00000972,88,696,784
WBGene00000973,126,2917,3043
WBGene00000974,9,191,200
WBGene00000975,247,4023,4270
WBGene00000976,281,1410,1691
WBGene00000977,112,1816,1928
WBGene00000978,19,2282,2301
WBGene00000979,13,253,266
WBGene00000980,513,2392,2905
WBGene00000981,79,9420,9499
WBGene00000982,270,6789,7059
WBGene00000983,303,3925,4228
WBGene00000984,1070,7743,8813
WBGene00000985,59,3468,3527
WBGene00000986,14,283,297
WBGene00000987,345,1337,1682
WBGene00000988,1284,43349,44633
WBGene00000989,7,57,64
WBGene00000990,135,1349,1484
WBGene00000991,1088,11653,12741
WBGene00000992,0,865,865
WBGene00000993,325,2807,3132
WBGene00000994,49,740,789
WBGene00000995,89,1117,1206
WBGene00000996,166,5084,5250
WBGene00000998,1626,59349,60975
WBGene00001000,1192,26850,28042
WBGene00001001,397,4708,5105
WBGene00001002,97,2469,2566
WBGene00001005,84,35129,35213
WBGene00001006,231,5489,5720
WBGene00001007,496,10579,11075
WBGene00001008,657,5263,5920
WBGene00001016,22,686,708
WBGene00001017,424,6944,7368
WBGene00001018,328,4319,4647
WBGene00001019,608,3231,3839
WBGene00001020,93,2258,2351
WBGene00001021,83,434,517
WBGene00001022,55,540,595
WBGene00001023,302,5773,6075
WBGene00001025,206,3568,3774
WBGene00001026,76,3347,3423
WBGene00001027,438,2925,3363
WBGene00001028,330,5497,5827
WBGene00001029,607,9516,10123
WBGene00001030,170,11740,11910
WBGene00001031,142,6893,7035
WBGene00001032,73,1948,2021
WBGene00001033,134,1046,1180
WBGene00001034,125,3671,3796
WBGene00001035,122,2697,2819
WBGene00001036,31,1131,1162
WBGene00001037,111,14917,15028
WBGene00001038,369,9504,9873
WBGene00001039,305,1693,1998
WBGene00001040,49,1318,1367
WBGene00001041,43,3272,3315
WBGene00001042,590,2831,3421
WBGene00001043,717,2008,2725
WBGene00001044,6,193,199
WBGene00001045,174,3054,3228
WBGene00001046,38,425,463
WBGene00001047,457,7916,8373
WBGene00001048,262,1755,2017
WBGene00001049,82,1175,1257
WBGene00001050,72,634,706
WBGene00001051,15,4963,4978
WBGene00001052,371,1249,1620
WBGene00001053,139,726,865
WBGene00001054,126,1018,1144
WBGene00001055,128,813,941
WBGene00001056,292,4189,4481
WBGene00001057,23,2532,2555
WBGene00001058,155,2295,2450
WBGene00001059,14,963,977
WBGene00001060,35,1384,1419
WBGene00001061,91,2026,2117
WBGene00001062,2,4,6
WBGene00001063,18,19,37
WBGene00001064,18,1015,1033
WBGene00001065,0,1296,1296
WBGene00001066,161,3253,3414
WBGene00001067,0,1880,1880
WBGene00001068,121,3728,3849
WBGene00001069,17,954,971
WBGene00001070,92,849,941
WBGene00001071,40,772,812
WBGene00001072,34,653,687
WBGene00001073,202,5795,5997
WBGene00001074,233,3632,3865
WBGene00001075,54,171,225
WBGene00001076,0,238,238
WBGene00001077,97,2997,3094
WBGene00001078,247,1147,1394
WBGene00001079,22,180,202
WBGene00001080,1253,5051,6304
WBGene00001081,223,9807,10030
WBGene00001082,377,3216,3593
WBGene00001085,157,3873,4030
WBGene00001086,169,4740,4909
WBGene00001087,2079,2425,4504
WBGene00001088,21,17304,17325
WBGene00001089,512,3271,3783
WBGene00001090,258,1326,1584
WBGene00001092,2,206,208
WBGene00001093,112,3695,3807
WBGene00001094,54,11291,11345
WBGene00001095,104,961,1065
WBGene00001096,13,388,401
WBGene00001099,95,4882,4977
WBGene00001101,847,5342,6189
WBGene00001102,47,1261,1308
WBGene00001103,0,7,7
WBGene00001104,11,1,12
WBGene00001105,13,34,47
WBGene00001106,75,12,87
WBGene00001107,45,302,347
WBGene00001108,4,4,8
WBGene00001109,2,177,179
WBGene00001110,15,385,400
WBGene00001112,129,1511,1640
WBGene00001113,987,10167,11154
WBGene00001115,480,1869,2349
WBGene00001116,342,2835,3177
WBGene00001117,89,501,590
WBGene00001118,241,397,638
WBGene00001119,56,473,529
WBGene00001121,110,264,374
WBGene00001122,106,1154,1260
WBGene00001123,3,74,77
WBGene00001127,59,382,441
WBGene00001129,47,332,379
WBGene00001130,183,5978,6161
WBGene00001131,1291,11937,13228
WBGene00001132,335,5605,5940
WBGene00001133,59,230,289
WBGene00001134,192,5942,6134
WBGene00001135,134,1425,1559
WBGene00001136,99,1098,1197
WBGene00001137,622,54060,54682
WBGene00001145,2238,16466,18704
WBGene00001147,0,41,41
WBGene00001148,35,830,865
WBGene00001149,405,21188,21593
WBGene00001150,9,68,77
WBGene00001151,99,2255,2354
WBGene00001152,10,1592,1602
WBGene00001153,8,3201,3209
WBGene00001154,80,3596,3676
WBGene00001155,3619,44305,47924
WBGene00001156,860,13391,14251
WBGene00001157,142,1100,1242
WBGene00001158,23,229,252
WBGene00001159,30,578,608
WBGene00001160,87,3347,3434
WBGene00001161,313,1175,1488
WBGene00001162,319,1024,1343
WBGene00001163,179,3730,3909
WBGene00001164,3,5,8
WBGene00001165,74,383,457
WBGene00001166,71,10478,10549
WBGene00001167,8598,337163,345761
WBGene00001168,13087,700271,713358
WBGene00001169,184,137135,137319
WBGene00001170,23,280,303
WBGene00001171,273,784,1057
WBGene00001172,462,13800,14262
WBGene00001173,4123,9840,13963
WBGene00001174,30,672,702
WBGene00001175,19,225,244
WBGene00001177,3341,7094,10435
WBGene00001178,565,3092,3657
WBGene00001179,583,1947,2530
WBGene00001182,146,1575,1721
WBGene00001184,172,2134,2306
WBGene00001185,37,297,334
WBGene00001186,617,2399,3016
WBGene00001187,489,6196,6685
WBGene00001188,275,1497,1772
WBGene00001189,1411,26463,27874
WBGene00001190,421,772,1193
WBGene00001193,6,681,687
WBGene00001194,762,10755,11517
WBGene00001196,2223,25395,27618
WBGene00001202,151,324,475
WBGene00001204,97,140,237
WBGene00001207,82,283,365
WBGene00001208,510,3814,4324
WBGene00001209,163,19113,19276
WBGene00001210,32,1922,1954
WBGene00001211,101,367,468
WBGene00001214,34,907,941
WBGene00001215,446,3006,3452
WBGene00001223,4,5,9
WBGene00001224,33,3887,3920
WBGene00001225,33,9919,9952
WBGene00001226,451,24255,24706
WBGene00001227,1540,17381,18921
WBGene00001228,50,4767,4817
WBGene00001229,61,6150,6211
WBGene00001230,102,8949,9051
WBGene00001231,75,5788,5863
WBGene00001232,282,5171,5453
WBGene00001233,689,8343,9032
WBGene00001234,21,12023,12044
WBGene00001235,125,3715,3840
WBGene00001236,402,648,1050
WBGene00001237,63,517,580
WBGene00001239,465,21373,21838
WBGene00001240,564,23107,23671
WBGene00001241,426,6121,6547
WBGene00001242,11,123,134
WBGene00001243,1549,38689,40238
WBGene00001244,2274,29248,31522
WBGene00001245,0,8,8
WBGene00001246,2,55,57
WBGene00001247,118,1456,1574
WBGene00001248,219,731,950
WBGene00001249,30,1308,1338
WBGene00001250,98,1265,1363
WBGene00001251,79,2190,2269
WBGene00001252,8,422,430
WBGene00001253,128,1495,1623
WBGene00001258,991,7620,8611
WBGene00001259,130,7540,7670
WBGene00001262,120,6423,6543
WBGene00001263,776,35319,36095
WBGene00001281,76,1586,1662
WBGene00001284,239,3098,3337
WBGene00001303,391,44017,44408
WBGene00001309,174,5634,5808
WBGene00001310,19,8,27
WBGene00001311,4,5,9
WBGene00001320,11,3706,3717
WBGene00001324,85,1815,1900
WBGene00001325,293,1948,2241
WBGene00001328,186,15798,15984
WBGene00001329,148,5828,5976
WBGene00001330,1222,9562,10784
WBGene00001331,318,8553,8871
WBGene00001332,166,991,1157
WBGene00001333,585,8506,9091
WBGene00001334,575,3491,4066
WBGene00001335,200,2829,3029
WBGene00001336,488,9003,9491
WBGene00001337,1202,15317,16519
WBGene00001338,107,3240,3347
WBGene00001340,746,4544,5290
WBGene00001345,2173,5298,7471
WBGene00001352,402,4821,5223
WBGene00001358,43,493,536
WBGene00001365,306,2482,2788
WBGene00001366,677,4332,5009
WBGene00001368,404,2749,3153
WBGene00001371,50,1113,1163
WBGene00001372,112,709,821
WBGene00001373,191,224,415
WBGene00001374,428,1974,2402
WBGene00001377,290,1157,1447
WBGene00001385,36650,606875,643525
WBGene00001386,1119,37011,38130
WBGene00001387,53,289,342
WBGene00001388,0,8,8
WBGene00001389,45,1084,1129
WBGene00001390,28,799,827
WBGene00001391,188,1921,2109
WBGene00001392,73,7133,7206
WBGene00001393,152,20266,20418
WBGene00001394,144,27807,27951
WBGene00001395,1499,18220,19719
WBGene00001396,357,11251,11608
WBGene00001397,1,268,269
WBGene00001398,113,18832,18945
WBGene00001399,2,189,191
WBGene00001400,12,240,252
WBGene00001401,4,363,367
WBGene00001402,5,471,476
WBGene00001403,245,2279,2524
WBGene00001404,1262,17753,19015
WBGene00001405,40,2920,2960
WBGene00001406,367,911,1278
WBGene00001410,361,2027,2388
WBGene00001411,55,1974,2029
WBGene00001412,29,1399,1428
WBGene00001413,25,360,385
WBGene00001414,6,45,51
WBGene00001423,572,75892,76464
WBGene00001424,1,4,5
WBGene00001425,297,2539,2836
WBGene00001426,354,17463,17817
WBGene00001427,1587,100773,102360
WBGene00001428,4,2053,2057
WBGene00001429,31,1498,1529
WBGene00001430,95,4404,4499
WBGene00001431,131,9399,9530
WBGene00001432,91,726,817
WBGene00001433,61,1447,1508
WBGene00001434,2,351,353
WBGene00001435,1,3,4
WBGene00001436,0,0,0
WBGene00001437,0,48,48
WBGene00001438,11,72,83
WBGene00001439,2821,3956,6777
WBGene00001440,76,823,899
WBGene00001441,596,7936,8532
WBGene00001442,8,241,249
WBGene00001443,559,3568,4127
WBGene00001444,3998,35198,39196
WBGene00001445,202,3257,3459
WBGene00001446,33,1608,1641
WBGene00001447,180,5654,5834
WBGene00001448,861,20872,21733
WBGene00001449,485,4522,5007
WBGene00001450,24,1806,1830
WBGene00001451,656,10501,11157
WBGene00001452,247,22395,22642
WBGene00001453,5,1072,1077
WBGene00001454,4,10571,10575
WBGene00001455,529,16521,17050
WBGene00001456,36,4389,4425
WBGene00001457,3012,28509,31521
WBGene00001458,518,8014,8532
WBGene00001459,262,4610,4872
WBGene00001460,108,3294,3402
WBGene00001461,1132,7468,8600
WBGene00001462,147,17512,17659
WBGene00001463,53,2090,2143
WBGene00001464,159,4584,4743
WBGene00001465,41,290,331
WBGene00001466,35,1056,1091
WBGene00001468,20,478,498
WBGene00001470,139,3152,3291
WBGene00001475,192,2667,2859
WBGene00001476,278,2398,2676
WBGene00001477,57,1246,1303
WBGene00001478,53,333,386
WBGene00001479,26,418,444
WBGene00001480,2494,20416,22910
WBGene00001481,40,527,567
WBGene00001482,3,221,224
WBGene00001483,6,177,183
WBGene00001484,774,2099,2873
WBGene00001485,505,1141,1646
WBGene00001486,73,847,920
WBGene00001487,5,14,19
WBGene00001488,1111,39299,40410
WBGene00001489,378,2587,2965
WBGene00001490,253,1924,2177
WBGene00001491,556,5759,6315
WBGene00001492,141,1644,1785
WBGene00001493,198,3182,3380
WBGene00001494,743,1640,2383
WBGene00001495,201,1038,1239
WBGene00001496,2230,10593,12823
WBGene00001497,239,7434,7673
WBGene00001498,576,7703,8279
WBGene00001499,23,991,1014
WBGene00001500,317,3785,4102
WBGene00001501,11154,101712,112866
WBGene00001502,772,65594,66366
WBGene00001503,195,18948,19143
WBGene00001505,79,1193,1272
WBGene00001506,127,289,416
WBGene00001507,16,80,96
WBGene00001508,141,1358,1499
WBGene00001509,142,3530,3672
WBGene00001510,264,2141,2405
WBGene00001511,34,1600,1634
WBGene00001512,122,410,532
WBGene00001513,11,1897,1908
WBGene00001514,25,547,572
WBGene00001515,77,271,348
WBGene00001516,1186,3483,4669
WBGene00001517,122,933,1055
WBGene00001518,614,3463,4077
WBGene00001519,437,2744,3181
WBGene00001520,232,13482,13714
WBGene00001522,105,816,921
WBGene00001523,332,5042,5374
WBGene00001526,314,2670,2984
WBGene00001527,75,3410,3485
WBGene00001528,3,4,7
WBGene00001529,11,6,17
WBGene00001530,18,124,142
WBGene00001531,10,77,87
WBGene00001532,21,82,103
WBGene00001533,34,36,70
WBGene00001534,48,294,342
WBGene00001535,27,261,288
WBGene00001536,56,280,336
WBGene00001537,806,1036,1842
WBGene00001538,107,1547,1654
WBGene00001539,194,141,335
WBGene00001540,12,64,76
WBGene00001541,4,101,105
WBGene00001542,45,108,153
WBGene00001543,42,412,454
WBGene00001544,58,264,322
WBGene00001545,4,35,39
WBGene00001546,25,81,106
WBGene00001547,80,362,442
WBGene00001548,35,272,307
WBGene00001549,33,113,146
WBGene00001550,25,98,123
WBGene00001551,122,190,312
WBGene00001552,32,313,345
WBGene00001553,172,1082,1254
WBGene00001554,104,634,738
WBGene00001555,189,610,799
WBGene00001556,130,680,810
WBGene00001557,114,600,714
WBGene00001558,82,13157,13239
WBGene00001559,570,1894,2464
WBGene00001560,69,340,409
WBGene00001561,2691,10218,12909
WBGene00001562,104,3486,3590
WBGene00001563,144,3715,3859
WBGene00001564,1280,62205,63485
WBGene00001565,443,2599,3042
WBGene00001566,129,3104,3233
WBGene00001568,77,1691,1768
WBGene00001569,2,73,75
WBGene00001570,149,3119,3268
WBGene00001571,21,519,540
WBGene00001572,561,4425,4986
WBGene00001574,489,3532,4021
WBGene00001575,15,123,138
WBGene00001577,62,442,504
WBGene00001578,116,1313,1429
WBGene00001579,148,2111,2259
WBGene00001580,93,1860,1953
WBGene00001581,8,4909,4917
WBGene00001582,547,4020,4567
WBGene00001583,38,743,781
WBGene00001584,348,1581,1929
WBGene00001585,65,1909,1974
WBGene00001586,171,397,568
WBGene00001587,385,873,1258
WBGene00001588,29,411,440
WBGene00001589,544,1734,2278
WBGene00001590,43,1558,1601
WBGene00001591,2,293,295
WBGene00001592,61,541,602
WBGene00001593,88,445,533
WBGene00001594,151,1514,1665
WBGene00001595,10,329,339
WBGene00001596,242,4091,4333
WBGene00001597,23,386,409
WBGene00001598,111,5388,5499
WBGene00001599,10,522,532
WBGene00001600,4,310,314
WBGene00001601,88,1295,1383
WBGene00001602,66,2063,2129
WBGene00001603,4,107,111
WBGene00001604,229,36344,36573
WBGene00001606,26,567,593
WBGene00001607,17,261,278
WBGene00001608,28,179,207
WBGene00001609,41,565,606
WBGene00001612,49,330,379
WBGene00001613,413,881,1294
WBGene00001614,38,198,236
WBGene00001615,467,1611,2078
WBGene00001616,118,1369,1487
WBGene00001617,327,755,1082
WBGene00001618,54,116,170
WBGene00001619,31,215,246
WBGene00001620,204,5862,6066
WBGene00001621,78,474,552
WBGene00001622,75,218,293
WBGene00001623,13,220,233
WBGene00001624,21,123,144
WBGene00001625,20,101,121
WBGene00001626,4,31,35
WBGene00001627,72,616,688
WBGene00001628,63,2016,2079
WBGene00001629,501,1600,2101
WBGene00001630,1595,2778,4373
WBGene00001631,378,2211,2589
WBGene00001632,73,2634,2707
WBGene00001633,170,988,1158
WBGene00001635,86,2356,2442
WBGene00001636,215,1045,1260
WBGene00001637,134,1227,1361
WBGene00001638,49,1113,1162
WBGene00001639,53,98,151
WBGene00001640,42,34,76
WBGene00001641,1,1,2
WBGene00001642,0,2,2
WBGene00001643,32,191,223
WBGene00001644,34,583,617
WBGene00001645,90,1259,1349
WBGene00001646,0,1013,1013
WBGene00001647,2,399,401
WBGene00001648,658,14622,15280
WBGene00001649,183,3003,3186
WBGene00001650,1001,3475,4476
WBGene00001651,786,2595,3381
WBGene00001653,175,1949,2124
WBGene00001660,58,871,929
WBGene00001661,147,2294,2441
WBGene00001662,97,4074,4171
WBGene00001663,647,1135,1782
WBGene00001664,54,650,704
WBGene00001665,52,563,615
WBGene00001666,29,653,682
WBGene00001667,25,28,53
WBGene00001668,19,180,199
WBGene00001669,450,2147,2597
WBGene00001670,48,246,294
WBGene00001671,82,1472,1554
WBGene00001672,16,150,166
WBGene00001673,141,346,487
WBGene00001674,39,714,753
WBGene00001675,16,132,148
WBGene00001676,210,309,519
WBGene00001677,54,489,543
WBGene00001678,262,450,712
WBGene00001679,651,18609,19260
WBGene00001680,98,3277,3375
WBGene00001681,43,1582,1625
WBGene00001682,523,25282,25805
WBGene00001683,53,804,857
WBGene00001684,56,45785,45841
WBGene00001685,26,49590,49616
WBGene00001686,71,810,881
WBGene00001687,47,347,394
WBGene00001688,19,941,960
WBGene00001689,15,1009,1024
WBGene00001690,25,119,144
WBGene00001691,3,9,12
WBGene00001692,416,21105,21521
WBGene00001693,1,35,36
WBGene00001694,22,4700,4722
WBGene00001695,28,135,163
WBGene00001696,52,116,168
WBGene00001697,4,27,31
WBGene00001698,12,33,45
WBGene00001699,484,86310,86794
WBGene00001700,28,4,32
WBGene00001701,3,115,118
WBGene00001702,2252,21572,23824
WBGene00001703,39,1246,1285
WBGene00001704,8,92,100
WBGene00001705,8,131,139
WBGene00001707,235,346,581
WBGene00001708,631,3294,3925
WBGene00001709,111,1177,1288
WBGene00001710,19,131,150
WBGene00001711,0,45,45
WBGene00001712,5,12,17
WBGene00001713,18,3500,3518
WBGene00001714,7,568,575
WBGene00001715,3,12,15
WBGene00001716,37,341,378
WBGene00001717,12,221,233
WBGene00001718,0,75,75
WBGene00001719,19,610,629
WBGene00001720,4,9,13
WBGene00001721,23,248,271
WBGene00001722,7,6,13
WBGene00001723,30,62,92
WBGene00001724,68,433,501
WBGene00001725,13,2594,2607
WBGene00001726,5,29,34
WBGene00001727,17,79,96
WBGene00001728,0,14,14
WBGene00001729,5,42,47
WBGene00001730,2,83,85
WBGene00001731,2,56,58
WBGene00001732,5,16,21
WBGene00001733,0,10,10
WBGene00001734,0,11,11
WBGene00001735,8,13,21
WBGene00001736,12,21,33
WBGene00001737,1,1,2
WBGene00001738,0,4,4
WBGene00001739,4,0,4
WBGene00001740,142,826,968
WBGene00001743,78,1373,1451
WBGene00001744,306,7062,7368
WBGene00001745,1188,6466,7654
WBGene00001746,443,4745,5188
WBGene00001747,200,8967,9167
WBGene00001748,488,9244,9732
WBGene00001749,11,11697,11708
WBGene00001750,112,966,1078
WBGene00001751,95,2144,2239
WBGene00001752,129,10796,10925
WBGene00001753,976,60100,61076
WBGene00001754,4,7719,7723
WBGene00001755,508,60143,60651
WBGene00001756,2,587,589
WBGene00001757,58,281,339
WBGene00001758,27,20357,20384
WBGene00001759,44,928,972
WBGene00001760,13,1345,1358
WBGene00001761,277,6315,6592
WBGene00001762,3,163,166
WBGene00001763,7,929,936
WBGene00001764,2,648,650
WBGene00001765,1,32,33
WBGene00001766,10,5,15
WBGene00001767,8,573,581
WBGene00001768,135,28463,28598
WBGene00001769,26,783,809
WBGene00001770,21,2806,2827
WBGene00001771,1,447,448
WBGene00001772,24,12683,12707
WBGene00001773,13,218,231
WBGene00001774,10,6211,6221
WBGene00001775,15,22028,22043
WBGene00001776,38,2993,3031
WBGene00001777,9,77,86
WBGene00001778,1,230,231
WBGene00001779,2,166,168
WBGene00001780,6,153,159
WBGene00001781,110,3295,3405
WBGene00001782,64,290,354
WBGene00001783,55,480,535
WBGene00001784,471,5354,5825
WBGene00001785,0,2,2
WBGene00001786,0,1535,1535
WBGene00001787,5,3677,3682
WBGene00001788,94,1306,1400
WBGene00001789,4,876,880
WBGene00001790,161,4752,4913
WBGene00001791,187,1678,1865
WBGene00001792,56,887,943
WBGene00001793,1419,4839,6258
WBGene00001794,2846,28236,31082
WBGene00001795,317,3073,3390
WBGene00001796,100,474,574
WBGene00001803,86,817,903
WBGene00001804,88,187,275
WBGene00001805,55,296,351
WBGene00001806,20,97,117
WBGene00001808,536,4456,4992
WBGene00001811,35,479,514
WBGene00001812,67,1689,1756
WBGene00001813,258,2836,3094
WBGene00001814,245,11398,11643
WBGene00001815,250,1928,2178
WBGene00001816,413,1725,2138
WBGene00001817,54,1292,1346
WBGene00001818,21,2,23
WBGene00001819,230,8847,9077
WBGene00001820,25,1182,1207
WBGene00001821,103,723,826
WBGene00001823,113,1789,1902
WBGene00001824,39,2161,2200
WBGene00001827,84,2496,2580
WBGene00001828,0,6,6
WBGene00001829,40,1826,1866
WBGene00001830,24,1966,1990
WBGene00001831,18,1732,1750
WBGene00001832,148,2096,2244
WBGene00001833,134,3270,3404
WBGene00001834,17,3441,3458
WBGene00001835,2,1074,1076
WBGene00001836,171,1713,1884
WBGene00001837,1277,1904,3181
WBGene00001838,142,741,883
WBGene00001839,61,84,145
WBGene00001840,740,19531,20271
WBGene00001841,19,442,461
WBGene00001842,11,78,89
WBGene00001843,773,6274,7047
WBGene00001844,51,1851,1902
WBGene00001851,556,13535,14091
WBGene00001852,122,864,986
WBGene00001853,260,60234,60494
WBGene00001854,165,35354,35519
WBGene00001855,30,10052,10082
WBGene00001856,13,8263,8276
WBGene00001857,1,117,118
WBGene00001858,0,8859,8859
WBGene00001859,22,16,38
WBGene00001860,158,5495,5653
WBGene00001862,19,272,291
WBGene00001863,1158,9575,10733
WBGene00001864,140,968,1108
WBGene00001865,53,544,597
WBGene00001867,56,669,725
WBGene00001869,17,1525,1542
WBGene00001872,90,206,296
WBGene00001874,34,1687,1721
WBGene00001875,0,3032,3032
WBGene00001876,0,1091,1091
WBGene00001877,0,4593,4593
WBGene00001878,0,2680,2680
WBGene00001879,0,3049,3049
WBGene00001880,0,2431,2431
WBGene00001881,0,1696,1696
WBGene00001882,0,1052,1052
WBGene00001883,0,669,669
WBGene00001884,0,0,0
WBGene00001885,0,2025,2025
WBGene00001886,0,0,0
WBGene00001887,0,0,0
WBGene00001888,0,0,0
WBGene00001889,0,0,0
WBGene00001890,0,205,205
WBGene00001891,0,300,300
WBGene00001892,0,2788,2788
WBGene00001893,0,0,0
WBGene00001894,0,0,0
WBGene00001895,0,0,0
WBGene00001896,0,0,0
WBGene00001898,70,124824,124894
WBGene00001899,0,568,568
WBGene00001900,0,0,0
WBGene00001901,0,0,0
WBGene00001902,0,0,0
WBGene00001903,0,3,3
WBGene00001904,0,1,1
WBGene00001905,0,684,684
WBGene00001906,0,5738,5738
WBGene00001907,0,2,2
WBGene00001908,0,4,4
WBGene00001909,1258,47196,48454
WBGene00001910,523,26484,27007
WBGene00001911,1281,85456,86737
WBGene00001912,0,294,294
WBGene00001913,1,16,17
WBGene00001914,0,272,272
WBGene00001915,1252,73242,74494
WBGene00001916,0,188,188
WBGene00001917,0,0,0
WBGene00001918,0,0,0
WBGene00001919,0,17,17
WBGene00001920,0,0,0
WBGene00001921,0,87,87
WBGene00001922,0,1218,1218
WBGene00001923,0,0,0
WBGene00001924,0,0,0
WBGene00001925,0,0,0
WBGene00001926,0,0,0
WBGene00001927,0,0,0
WBGene00001928,0,179,179
WBGene00001929,0,21,21
WBGene00001930,0,0,0
WBGene00001931,39,191,230
WBGene00001932,0,34,34
WBGene00001933,0,6208,6208
WBGene00001934,0,9551,9551
WBGene00001935,0,2194,2194
WBGene00001936,0,4105,4105
WBGene00001937,0,1383,1383
WBGene00001938,0,5776,5776
WBGene00001939,0,48,48
WBGene00001940,0,108,108
WBGene00001941,0,1386,1386
WBGene00001942,0,3634,3634
WBGene00001943,0,31,31
WBGene00001944,0,63,63
WBGene00001945,130,12811,12941
WBGene00001946,811,48787,49598
WBGene00001947,0,131,131
WBGene00001948,372,1823,2195
WBGene00001949,34,1776,1810
WBGene00001950,9,587,596
WBGene00001951,32,429,461
WBGene00001952,30,697,727
WBGene00001953,40,479,519
WBGene00001954,8,161,169
WBGene00001955,351,8019,8370
WBGene00001956,2,21,23
WBGene00001957,78,700,778
WBGene00001958,2,423,425
WBGene00001959,6,96,102
WBGene00001960,23,327,350
WBGene00001961,21,202,223
WBGene00001962,2,9,11
WBGene00001964,0,1,1
WBGene00001965,0,0,0
WBGene00001966,0,22,22
WBGene00001967,0,0,0
WBGene00001968,0,7,7
WBGene00001971,167,46424,46591
WBGene00001972,710,16963,17673
WBGene00001973,4,829,833
WBGene00001974,70,7159,7229
WBGene00001975,92,2834,2926
WBGene00001976,33,17410,17443
WBGene00001977,3,2484,2487
WBGene00001978,446,4162,4608
WBGene00001979,76,1772,1848
WBGene00001980,2537,4452,6989
WBGene00001981,0,23,23
WBGene00001983,133,2133,2266
WBGene00001984,104,672,776
WBGene00001985,7,90,97
WBGene00001986,236,1406,1642
WBGene00001987,860,707,1567
WBGene00001988,44,865,909
WBGene00001989,85,894,979
WBGene00001990,168,3625,3793
WBGene00001991,20,324,344
WBGene00001992,63,874,937
WBGene00001993,82,9279,9361
WBGene00001994,320,7989,8309
WBGene00001995,72,1565,1637
WBGene00001996,412,1820,2232
WBGene00001997,180,447,627
WBGene00001998,34,293,327
WBGene00001999,52,27915,27967
WBGene00002000,329,13555,13884
WBGene00002001,342,5040,5382
WBGene00002002,97,3659,3756
WBGene00002003,91,679,770
WBGene00002004,486,1702,2188
WBGene00002005,598,125236,125834
WBGene00002007,618,49209,49827
WBGene00002008,201,2930,3131
WBGene00002010,84,16837,16921
WBGene00002011,2562,45641,48203
WBGene00002012,9,802,811
WBGene00002013,39,101,140
WBGene00002015,0,0,0
WBGene00002016,43,13828,13871
WBGene00002017,0,2568,2568
WBGene00002018,50,11733,11783
WBGene00002019,0,47142,47142
WBGene00002020,0,0,0
WBGene00002021,640,7421,8061
WBGene00002023,921,24259,25180
WBGene00002024,126,4068,4194
WBGene00002025,1111,45151,46262
WBGene00002026,15,627,642
WBGene00002027,204,9310,9514
WBGene00002028,22,693,715
WBGene00002029,30,444,474
WBGene00002030,70,389,459
WBGene00002031,68,604,672
WBGene00002032,7,374,381
WBGene00002033,12,126,138
WBGene00002034,8,472,480
WBGene00002035,430,3633,4063
WBGene00002036,350,3204,3554
WBGene00002037,406,2513,2919
WBGene00002038,389,4506,4895
WBGene00002039,145,1520,1665
WBGene00002040,417,2373,2790
WBGene00002041,350,3471,3821
WBGene00002042,51,706,757
WBGene00002043,519,3844,4363
WBGene00002044,58,2466,2524
WBGene00002045,8174,147254,155428
WBGene00002046,214,3140,3354
WBGene00002047,74,2778,2852
WBGene00002048,1431,9371,10802
WBGene00002050,1256,13952,15208
WBGene00002051,0,36,36
WBGene00002052,173,3062,3235
WBGene00002053,582,20798,21380
WBGene00002054,520,25373,25893
WBGene00002055,37,12922,12959
WBGene00002056,921,11073,11994
WBGene00002057,136,2527,2663
WBGene00002058,107,2988,3095
WBGene00002059,206,6483,6689
WBGene00002060,98,8547,8645
WBGene00002061,25,2445,2470
WBGene00002062,89,1283,1372
WBGene00002063,140,474,614
WBGene00002064,1028,10891,11919
WBGene00002065,977,166527,167504
WBGene00002066,529,18172,18701
WBGene00002067,547,6354,6901
WBGene00002068,9,1558,1567
WBGene00002069,591,3945,4536
WBGene00002070,120,4212,4332
WBGene00002071,38,3643,3681
WBGene00002072,43,1101,1144
WBGene00002073,19,3863,3882
WBGene00002074,126,8503,8629
WBGene00002075,176,2284,2460
WBGene00002076,705,1787,2492
WBGene00002077,337,19548,19885
WBGene00002078,498,6448,6946
WBGene00002079,40,1489,1529
WBGene00002080,221,2394,2615
WBGene00002081,38,2265,2303
WBGene00002083,114,33573,33687
WBGene00002084,48,2141,2189
WBGene00002085,1,25,26
WBGene00002086,43,1675,1718
WBGene00002087,4,105,109
WBGene00002088,29,695,724
WBGene00002089,40,706,746
WBGene00002090,3,16,19
WBGene00002091,5,3,8
WBGene00002092,7,91,98
WBGene00002093,47,630,677
WBGene00002094,98,1020,1118
WBGene00002095,48,237,285
WBGene00002096,120,28,148
WBGene00002097,53,790,843
WBGene00002098,10,70,80
WBGene00002099,5,20,25
WBGene00002100,54,4161,4215
WBGene00002101,418,2987,3405
WBGene00002102,1,4,5
WBGene00002103,0,6,6
WBGene00002104,24,49,73
WBGene00002105,59,914,973
WBGene00002106,0,5,5
WBGene00002107,34,394,428
WBGene00002108,58,30,88
WBGene00002109,402,6320,6722
WBGene00002110,458,2170,2628
WBGene00002111,85,1063,1148
WBGene00002112,31,391,422
WBGene00002113,111,4340,4451
WBGene00002114,1,17,18
WBGene00002115,6,14,20
WBGene00002116,71,187,258
WBGene00002117,6,17,23
WBGene00002118,107,1499,1606
WBGene00002119,40,54,94
WBGene00002120,2,270,272
WBGene00002121,1,1,2
WBGene00002123,1111,2982,4093
WBGene00002124,6,547,553
WBGene00002125,11,1673,1684
WBGene00002127,35,4204,4239
WBGene00002128,208,2751,2959
WBGene00002129,66,1699,1765
WBGene00002130,3,56,59
WBGene00002131,3,59,62
WBGene00002132,57,1556,1613
WBGene00002133,243,727,970
WBGene00002134,336,10588,10924
WBGene00002135,240,9231,9471
WBGene00002136,53,439,492
WBGene00002137,139,2758,2897
WBGene00002138,61,738,799
WBGene00002139,14,1166,1180
WBGene00002140,292,1332,1624
WBGene00002141,157,249,406
WBGene00002142,71,690,761
WBGene00002143,63,156,219
WBGene00002144,20,63,83
WBGene00002146,155,2096,2251
WBGene00002147,425,1501,1926
WBGene00002148,192,2557,2749
WBGene00002149,100,344,444
WBGene00002150,283,767,1050
WBGene00002151,392,1108,1500
WBGene00002152,358,12113,12471
WBGene00002153,71,2258,2329
WBGene00002162,2918,52520,55438
WBGene00002163,771,3095,3866
WBGene00002169,403,4313,4716
WBGene00002173,723,6499,7222
WBGene00002174,166,2792,2958
WBGene00002175,978,2015,2993
WBGene00002176,835,1441,2276
WBGene00002177,81,515,596
WBGene00002178,187,2023,2210
WBGene00002179,627,8316,8943
WBGene00002180,12,847,859
WBGene00002181,248,945,1193
WBGene00002182,110,486,596
WBGene00002183,934,19726,20660
WBGene00002184,434,873,1307
WBGene00002185,1052,2201,3253
WBGene00002186,3,17,20
WBGene00002187,601,4115,4716
WBGene00002188,21,55,76
WBGene00002189,4654,13606,18260
WBGene00002190,878,13398,14276
WBGene00002191,1208,14103,15311
WBGene00002192,425,2317,2742
WBGene00002193,3,4,7
WBGene00002194,89,292,381
WBGene00002195,111,1042,1153
WBGene00002196,112,8441,8553
WBGene00002198,260,391,651
WBGene00002199,88,692,780
WBGene00002200,70,588,658
WBGene00002201,163,4588,4751
WBGene00002202,323,19170,19493
WBGene00002203,545,4006,4551
WBGene00002204,1,1,2
WBGene00002205,20,42,62
WBGene00002206,0,8,8
WBGene00002207,184,1755,1939
WBGene00002208,3,9,12
WBGene00002210,927,4136,5063
WBGene00002211,3,55,58
WBGene00002213,126,1049,1175
WBGene00002214,76,1781,1857
WBGene00002215,1214,6809,8023
WBGene00002216,149,2977,3126
WBGene00002217,218,3930,4148
WBGene00002218,26,116,142
WBGene00002219,115,1845,1960
WBGene00002220,144,1632,1776
WBGene00002222,653,4003,4656
WBGene00002223,1641,6070,7711
WBGene00002224,227,316,543
WBGene00002225,1,737,738
WBGene00002226,4,1645,1649
WBGene00002227,11,10,21
WBGene00002228,72,1175,1247
WBGene00002229,89,2920,3009
WBGene00002230,300,655,955
WBGene00002231,47,2416,2463
WBGene00002232,273,3794,4067
WBGene00002233,141,782,923
WBGene00002234,38,498,536
WBGene00002235,122,485,607
WBGene00002238,22,16668,16690
WBGene00002239,137,1204,1341
WBGene00002240,499,813,1312
WBGene00002241,937,2943,3880
WBGene00002242,367,699,1066
WBGene00002243,216,558,774
WBGene00002244,346,8446,8792
WBGene00002245,430,2069,2499
WBGene00002246,3,417,420
WBGene00002247,242,6288,6530
WBGene00002248,25,228,253
WBGene00002249,52,7111,7163
WBGene00002250,48,9233,9281
WBGene00002251,383,3152,3535
WBGene00002252,165,617,782
WBGene00002253,1611,9521,11132
WBGene00002254,7188,87837,95025
WBGene00002255,2159,21719,23878
WBGene00002256,137,6624,6761
WBGene00002257,535,9314,9849
WBGene00002258,1666,57692,59358
WBGene00002259,39,1491,1530
WBGene00002260,49,2122,2171
WBGene00002261,722,4320,5042
WBGene00002262,1216,24432,25648
WBGene00002263,598,5570,6168
WBGene00002264,522,20319,20841
WBGene00002265,903,16073,16976
WBGene00002266,930,9605,10535
WBGene00002267,972,32720,33692
WBGene00002268,966,13530,14496
WBGene00002269,2688,48773,51461
WBGene00002270,19,905,924
WBGene00002271,383,36262,36645
WBGene00002272,3400,93745,97145
WBGene00002273,478,181644,182122
WBGene00002274,241,6592,6833
WBGene00002275,19,998,1017
WBGene00002276,73,4397,4470
WBGene00002278,596,2029,2625
WBGene00002280,2938,61448,64386
WBGene00002282,34,540,574
WBGene00002295,347,12940,13287
WBGene00002297,105,916,1021
WBGene00002299,232,1637,1869
WBGene00002324,28,1257,1285
WBGene00002335,198,8452,8650
WBGene00002344,493,35301,35794
WBGene00002348,301,47270,47571
WBGene00002363,198,9552,9750
WBGene00002368,17,395,412
WBGene00002393,29,954,983
WBGene00002497,610,2132,2742
WBGene00002583,510,6268,6778
WBGene00002601,124,791,915
WBGene00002632,85,2154,2239
WBGene00002637,278,16858,17136
WBGene00002694,71,2714,2785
WBGene00002696,200,6372,6572
WBGene00002717,1360,10152,11512
WBGene00002783,1293,6415,7708
WBGene00002804,27,2949,2976
WBGene00002827,78,1359,1437
WBGene00002845,222,4727,4949
WBGene00002850,439,13884,14323
WBGene00002855,135,9543,9678
WBGene00002879,389,10875,11264
WBGene00002881,384,3838,4222
WBGene00002889,361,3952,4313
WBGene00002891,115,17522,17637
WBGene00002915,594,13948,14542
WBGene00002957,191,5445,5636
WBGene00002974,237,1206,1443
WBGene00002975,34,299,333
WBGene00002976,213,1021,1234
WBGene00002977,492,3595,4087
WBGene00002978,2283,217169,219452
WBGene00002979,1105,5216,6321
WBGene00002980,215,46746,46961
WBGene00002981,458,13252,13710
WBGene00002982,79,990,1069
WBGene00002983,105,599,704
WBGene00002985,87,2619,2706
WBGene00002986,81,1528,1609
WBGene00002987,143,533,676
WBGene00002988,81,550,631
WBGene00002989,536,2171,2707
WBGene00002990,804,2404,3208
WBGene00002991,444,2332,2776
WBGene00002992,284,1293,1577
WBGene00002994,54,4507,4561
WBGene00002996,88,779,867
WBGene00002997,73,816,889
WBGene00002998,113,2133,2246
WBGene00002999,598,3593,4191
WBGene00003000,90,737,827
WBGene00003001,125,482,607
WBGene00003002,573,7998,8571
WBGene00003003,2130,2492,4622
WBGene00003006,375,799,1174
WBGene00003007,173,1306,1479
WBGene00003008,27,74,101
WBGene00003009,133,2387,2520
WBGene00003010,768,4069,4837
WBGene00003011,209,2976,3185
WBGene00003012,113,2403,2516
WBGene00003014,539,7454,7993
WBGene00003015,149,204,353
WBGene00003017,37,205,242
WBGene00003018,37,1178,1215
WBGene00003019,278,4023,4301
WBGene00003020,312,2189,2501
WBGene00003021,225,2954,3179
WBGene00003022,136,1060,1196
WBGene00003024,225,2316,2541
WBGene00003025,364,7600,7964
WBGene00003026,147,3818,3965
WBGene00003029,47,1405,1452
WBGene00003030,355,2403,2758
WBGene00003031,24,549,573
WBGene00003033,13,332,345
WBGene00003034,268,2963,3231
WBGene00003035,113,1271,1384
WBGene00003036,13,7891,7904
WBGene00003037,32,1145,1177
WBGene00003038,24,799,823
WBGene00003040,533,6977,7510
WBGene00003041,141,2348,2489
WBGene00003043,144,2151,2295
WBGene00003044,370,2930,3300
WBGene00003045,314,2277,2591
WBGene00003046,39,395,434
WBGene00003047,366,3068,3434
WBGene00003048,3753,5646,9399
WBGene00003052,174,19223,19397
WBGene00003053,55,18115,18170
WBGene00003055,96,3179,3275
WBGene00003056,257,1187,1444
WBGene00003057,71,1558,1629
WBGene00003058,2,11,13
WBGene00003059,153,2234,2387
WBGene00003060,1414,5495,6909
WBGene00003061,540,20521,21061
WBGene00003062,59,8698,8757
WBGene00003063,116,17411,17527
WBGene00003064,11,1961,1972
WBGene00003065,242,13624,13866
WBGene00003066,164,4957,5121
WBGene00003068,210,2186,2396
WBGene00003071,386,8349,8735
WBGene00003072,333,5770,6103
WBGene00003073,218,12137,12355
WBGene00003074,124,2532,2656
WBGene00003075,61,411,472
WBGene00003076,149,3129,3278
WBGene00003077,68,2352,2420
WBGene00003078,72,5343,5415
WBGene00003079,0,8983,8983
WBGene00003080,172,3639,3811
WBGene00003081,448,4560,5008
WBGene00003082,176,2076,2252
WBGene00003083,23,834,857
WBGene00003084,185,3091,3276
WBGene00003085,357,12860,13217
WBGene00003086,850,2477,3327
WBGene00003087,95,3012,3107
WBGene00003089,162,3310,3472
WBGene00003090,20,24086,24106
WBGene00003091,26,13829,13855
WBGene00003092,1,397,398
WBGene00003093,170,9954,10124
WBGene00003094,4,427,431
WBGene00003095,0,247,247
WBGene00003096,4,2638,2642
WBGene00003097,32,14748,14780
WBGene00003098,0,6,6
WBGene00003099,0,254,254
WBGene00003100,33,37,70
WBGene00003102,225,1244,1469
WBGene00003104,28,150,178
WBGene00003106,74,548,622
WBGene00003107,62,86,148
WBGene00003111,184,3122,3306
WBGene00003112,141,1158,1299
WBGene00003114,146,246,392
WBGene00003119,858,2681,3539
WBGene00003123,38,12717,12755
WBGene00003124,378,2861,3239
WBGene00003129,256,2078,2334
WBGene00003130,786,5399,6185
WBGene00003132,86,2236,2322
WBGene00003133,261,2525,2786
WBGene00003134,98,1337,1435
WBGene00003136,112,970,1082
WBGene00003142,136,1288,1424
WBGene00003143,274,2459,2733
WBGene00003144,742,3288,4030
WBGene00003148,41,11707,11748
WBGene00003149,496,2646,3142
WBGene00003150,1261,7960,9221
WBGene00003151,133,1813,1946
WBGene00003153,6652,20245,26897
WBGene00003154,100,3105,3205
WBGene00003155,37,3065,3102
WBGene00003156,19,3898,3917
WBGene00003157,37,4407,4444
WBGene00003158,72,3993,4065
WBGene00003159,18,2997,3015
WBGene00003160,151,4455,4606
WBGene00003161,342,2237,2579
WBGene00003162,115,39489,39604
WBGene00003163,253,12300,12553
WBGene00003164,27,627,654
WBGene00003165,74,744,818
WBGene00003166,1299,1919,3218
WBGene00003167,65,554,619
WBGene00003168,76,243,319
WBGene00003169,520,7118,7638
WBGene00003170,125,486,611
WBGene00003171,404,9551,9955
WBGene00003172,489,3754,4243
WBGene00003173,134,688,822
WBGene00003174,50,299,349
WBGene00003175,373,10437,10810
WBGene00003176,6,45,51
WBGene00003177,117,1001,1118
WBGene00003178,69,12281,12350
WBGene00003179,85,736,821
WBGene00003180,23,15,38
WBGene00003181,0,86,86
WBGene00003182,763,4141,4904
WBGene00003183,6,1277,1283
WBGene00003184,2,249,251
WBGene00003185,7,3398,3405
WBGene00003186,213,3009,3222
WBGene00003196,499,3229,3728
WBGene00003209,610,2747,3357
WBGene00003210,251,4214,4465
WBGene00003214,399,9158,9557
WBGene00003216,1,249,250
WBGene00003218,99,6389,6488
WBGene00003219,4,34,38
WBGene00003220,96,966,1062
WBGene00003221,316,1836,2152
WBGene00003222,103,1805,1908
WBGene00003224,51,363,414
WBGene00003225,903,21788,22691
WBGene00003228,13,131,144
WBGene00003229,244,2659,2903
WBGene00003230,22,414,436
WBGene00003231,2,84,86
WBGene00003232,202,943,1145
WBGene00003233,211,1034,1245
WBGene00003234,348,3116,3464
WBGene00003235,488,4148,4636
WBGene00003236,0,642,642
WBGene00003237,243,1328,1571
WBGene00003238,219,2215,2434
WBGene00003239,107,3485,3592
WBGene00003241,141,1906,2047
WBGene00003242,2027,27026,29053
WBGene00003243,994,4379,5373
WBGene00003245,25,508,533
WBGene00003246,464,1304,1768
WBGene00003247,503,6093,6596
WBGene00003248,145,734,879
WBGene00003249,208,4460,4668
WBGene00003252,28,159,187
WBGene00003253,50,2670,2720
WBGene00003254,48,1052,1100
WBGene00003258,1635,755,2390
WBGene00003367,1187,13796,14983
WBGene00003368,91,1392,1483
WBGene00003369,476,70644,71120
WBGene00003370,23044,188335,211379
WBGene00003371,663,467495,468158
WBGene00003372,518,7933,8451
WBGene00003373,66,599,665
WBGene00003374,484,1664,2148
WBGene00003375,682,11384,12066
WBGene00003376,109,624,733
WBGene00003377,39,714,753
WBGene00003378,736,4233,4969
WBGene00003380,33,340,373
WBGene00003384,19,443,462
WBGene00003385,118,1337,1455
WBGene00003386,73,681,754
WBGene00003387,236,311,547
WBGene00003388,42,488,530
WBGene00003389,76,4196,4272
WBGene00003390,21,2404,2425
WBGene00003391,826,5003,5829
WBGene00003392,193,2802,2995
WBGene00003393,205,4578,4783
WBGene00003394,27,136,163
WBGene00003395,5,246,251
WBGene00003396,326,1655,1981
WBGene00003397,79,949,1028
WBGene00003400,525,1498,2023
WBGene00003401,695,4360,5055
WBGene00003402,155,1017,1172
WBGene00003403,56,421,477
WBGene00003404,1784,6818,8602
WBGene00003405,45,1720,1765
WBGene00003406,88,4489,4577
WBGene00003407,1380,8835,10215
WBGene00003408,729,3673,4402
WBGene00003409,66,669,735
WBGene00003410,6,1107,1113
WBGene00003411,242,3301,3543
WBGene00003412,141,1053,1194
WBGene00003413,662,1035,1697
WBGene00003414,288,541,829
WBGene00003415,169,13445,13614
WBGene00003417,94,836,930
WBGene00003418,58,1290,1348
WBGene00003421,118,712,830
WBGene00003422,270,2984,3254
WBGene00003423,1871,3181,5052
WBGene00003424,0,1,1
WBGene00003425,0,0,0
WBGene00003426,0,3,3
WBGene00003429,0,0,0
WBGene00003430,0,0,0
WBGene00003431,0,22,22
WBGene00003432,0,3,3
WBGene00003434,0,1,1
WBGene00003435,0,16,16
WBGene00003438,0,0,0
WBGene00003442,0,68,68
WBGene00003443,0,195,195
WBGene00003444,0,19,19
WBGene00003446,0,0,0
WBGene00003448,0,5,5
WBGene00003449,0,1,1
WBGene00003450,0,9,9
WBGene00003451,0,1,1
WBGene00003452,0,4,4
WBGene00003456,0,1,1
WBGene00003457,0,3,3
WBGene00003458,0,1,1
WBGene00003462,0,1,1
WBGene00003463,0,3,3
WBGene00003464,0,3,3
WBGene00003465,0,0,0
WBGene00003466,0,0,0
WBGene00003467,0,0,0
WBGene00003468,0,0,0
WBGene00003469,0,0,0
WBGene00003470,0,5,5
WBGene00003471,55,958,1013
WBGene00003472,356,3794,4150
WBGene00003473,11,1049,1060
WBGene00003474,141,5947,6088
WBGene00003475,361,1848,2209
WBGene00003476,2321,7798,10119
WBGene00003477,62,1103,1165
WBGene00003478,565,1230,1795
WBGene00003479,265,1385,1650
WBGene00003480,128,1466,1594
WBGene00003482,400,3866,4266
WBGene00003485,370,4441,4811
WBGene00003495,477,76632,77109
WBGene00003497,187,4690,4877
WBGene00003499,11,230,241
WBGene00003504,13,1040,1053
WBGene00003507,2,373,375
WBGene00003508,126,1511,1637
WBGene00003509,50,947,997
WBGene00003510,230,2012,2242
WBGene00003511,76,7726,7802
WBGene00003514,813,64606,65419
WBGene00003515,172,10810,10982
WBGene00003516,186,2506,2692
WBGene00003517,61,1014,1075
WBGene00003518,38,138,176
WBGene00003519,314,4838,5152
WBGene00003520,28,64,92
WBGene00003521,0,0,0
WBGene00003522,34,626,660
WBGene00003523,161,1126,1287
WBGene00003524,18,211,229
WBGene00003525,83,419,502
WBGene00003526,31,266,297
WBGene00003527,48,313,361
WBGene00003528,27,403,430
WBGene00003529,23,16,39
WBGene00003530,95,713,808
WBGene00003531,25,114,139
WBGene00003532,21,172,193
WBGene00003533,24,279,303
WBGene00003534,14,813,827
WBGene00003535,4,5,9
WBGene00003536,1,2,3
WBGene00003537,0,6,6
WBGene00003538,3,15,18
WBGene00003539,0,8,8
WBGene00003540,1,4,5
WBGene00003541,13,3,16
WBGene00003542,7,55,62
WBGene00003543,13,51,64
WBGene00003544,127,1132,1259
WBGene00003545,14,2,16
WBGene00003546,8,79,87
WBGene00003547,7,143,150
WBGene00003548,42,139,181
WBGene00003549,64,966,1030
WBGene00003550,736,1718,2454
WBGene00003551,15,97,112
WBGene00003552,376,727,1103
WBGene00003553,84,533,617
WBGene00003554,35,99,134
WBGene00003555,262,467,729
WBGene00003558,309,774,1083
WBGene00003559,1983,7706,9689
WBGene00003561,631,1453,2084
WBGene00003562,15,105,120
WBGene00003563,56,437,493
WBGene00003564,88,11216,11304
WBGene00003565,286,1857,2143
WBGene00003566,456,3278,3734
WBGene00003567,1122,25775,26897
WBGene00003568,239,4192,4431
WBGene00003569,118,1845,1963
WBGene00003570,5,100,105
WBGene00003571,70,343,413
WBGene00003572,76,904,980
WBGene00003573,26,736,762
WBGene00003574,7,19,26
WBGene00003575,41,493,534
WBGene00003576,205,2575,2780
WBGene00003577,65,732,797
WBGene00003578,248,2247,2495
WBGene00003579,10,757,767
WBGene00003580,56,729,785
WBGene00003581,100,1643,1743
WBGene00003582,582,2072,2654
WBGene00003583,45,1119,1164
WBGene00003584,149,1444,1593
WBGene00003585,47,211,258
WBGene00003586,35,1020,1055
WBGene00003587,206,8750,8956
WBGene00003588,13,13571,13584
WBGene00003589,386,3877,4263
WBGene00003590,192,1398,1590
WBGene00003591,189,2303,2492
WBGene00003592,351,2959,3310
WBGene00003593,238,2318,2556
WBGene00003594,177,1360,1537
WBGene00003595,2,17,19
WBGene00003596,681,12833,13514
WBGene00003597,838,2867,3705
WBGene00003598,112,2661,2773
WBGene00003599,356,1883,2239
WBGene00003600,2192,6519,8711
WBGene00003601,8,130,138
WBGene00003602,83,2016,2099
WBGene00003603,177,2175,2352
WBGene00003604,190,701,891
WBGene00003605,328,2587,2915
WBGene00003606,876,4962,5838
WBGene00003607,216,2163,2379
WBGene00003608,5,65,70
WBGene00003609,408,2702,3110
WBGene00003610,103,528,631
WBGene00003611,200,1362,1562
WBGene00003612,128,664,792
WBGene00003613,38,1285,1323
WBGene00003614,108,1141,1249
WBGene00003615,16,282,298
WBGene00003616,397,1320,1717
WBGene00003617,21,470,491
WBGene00003618,1174,5924,7098
WBGene00003619,239,2971,3210
WBGene00003620,1115,2573,3688
WBGene00003621,145,1186,1331
WBGene00003622,256,1140,1396
WBGene00003623,77,1506,1583
WBGene00003624,133,1458,1591
WBGene00003625,309,4585,4894
WBGene00003626,436,2106,2542
WBGene00003627,1161,2897,4058
WBGene00003628,422,2485,2907
WBGene00003629,9,36,45
WBGene00003630,1988,4334,6322
WBGene00003632,237,3035,3272
WBGene00003633,48,599,647
WBGene00003634,175,1199,1374
WBGene00003635,171,3431,3602
WBGene00003636,1027,2886,3913
WBGene00003637,398,3044,3442
WBGene00003638,219,1915,2134
WBGene00003639,305,5701,6006
WBGene00003640,552,1858,2410
WBGene00003641,2,96,98
WBGene00003642,11,74,85
WBGene00003643,24,151,175
WBGene00003644,42,327,369
WBGene00003645,218,1565,1783
WBGene00003646,183,1935,2118
WBGene00003647,182,856,1038
WBGene00003648,28,953,981
WBGene00003649,84,912,996
WBGene00003650,22,175,197
WBGene00003651,564,1321,1885
WBGene00003652,195,656,851
WBGene00003653,92,1368,1460
WBGene00003654,341,882,1223
WBGene00003655,124,951,1075
WBGene00003656,437,3838,4275
WBGene00003657,25,946,971
WBGene00003658,314,5571,5885
WBGene00003659,50,1134,1184
WBGene00003660,135,1485,1620
WBGene00003661,198,1770,1968
WBGene00003662,3,7,10
WBGene00003663,2,103,105
WBGene00003664,133,319,452
WBGene00003667,0,0,0
WBGene00003668,422,1062,1484
WBGene00003669,157,851,1008
WBGene00003670,63,1328,1391
WBGene00003671,4,5,9
WBGene00003672,3,8,11
WBGene00003674,127,2569,2696
WBGene00003675,329,903,1232
WBGene00003676,347,1367,1714
WBGene00003677,194,832,1026
WBGene00003678,703,4109,4812
WBGene00003679,2,7,9
WBGene00003680,80,938,1018
WBGene00003681,161,1187,1348
WBGene00003682,24,33,57
WBGene00003683,22,114,136
WBGene00003684,33,371,404
WBGene00003685,168,1451,1619
WBGene00003686,8,354,362
WBGene00003687,839,12891,13730
WBGene00003688,168,735,903
WBGene00003689,158,1616,1774
WBGene00003690,221,2883,3104
WBGene00003691,708,3533,4241
WBGene00003692,87,742,829
WBGene00003693,18,360,378
WBGene00003694,402,1461,1863
WBGene00003695,1010,6253,7263
WBGene00003696,60,433,493
WBGene00003697,130,1270,1400
WBGene00003698,28,192,220
WBGene00003699,24,712,736
WBGene00003700,20,491,511
WBGene00003701,7,14,21
WBGene00003702,98,1123,1221
WBGene00003703,30,323,353
WBGene00003704,661,3623,4284
WBGene00003705,98,562,660
WBGene00003706,30,260,290
WBGene00003707,215,2683,2898
WBGene00003708,6,1,7
WBGene00003709,120,252,372
WBGene00003710,291,1882,2173
WBGene00003711,54,401,455
WBGene00003712,135,802,937
WBGene00003713,65,407,472
WBGene00003714,44,151,195
WBGene00003715,481,852,1333
WBGene00003716,13,182,195
WBGene00003717,10,198,208
WBGene00003718,74,248,322
WBGene00003719,42,473,515
WBGene00003720,174,906,1080
WBGene00003721,108,1796,1904
WBGene00003722,120,1091,1211
WBGene00003723,24,1910,1934
WBGene00003724,40,1159,1199
WBGene00003725,284,1751,2035
WBGene00003726,216,2366,2582
WBGene00003727,547,971,1518
WBGene00003728,718,3447,4165
WBGene00003729,32,218,250
WBGene00003730,60,2979,3039
WBGene00003731,92,245,337
WBGene00003732,136,822,958
WBGene00003733,83,828,911
WBGene00003734,1,23,24
WBGene00003735,356,700,1056
WBGene00003736,56,397,453
WBGene00003738,121,3466,3587
WBGene00003739,156,2552,2708
WBGene00003740,9,690,699
WBGene00003741,12,8028,8040
WBGene00003742,2,103,105
WBGene00003743,266,1551,1817
WBGene00003744,168,3612,3780
WBGene00003745,78,2406,2484
WBGene00003746,36,3564,3600
WBGene00003747,56,2203,2259
WBGene00003748,148,3885,4033
WBGene00003749,149,4628,4777
WBGene00003750,379,4358,4737
WBGene00003751,61,6048,6109
WBGene00003752,60,3600,3660
WBGene00003753,1188,8222,9410
WBGene00003754,136,3174,3310
WBGene00003755,220,19126,19346
WBGene00003756,459,15216,15675
WBGene00003757,25,720,745
WBGene00003758,253,4463,4716
WBGene00003759,1260,9314,10574
WBGene00003760,9,14,23
WBGene00003761,1,239,240
WBGene00003762,884,8741,9625
WBGene00003763,65,240,305
WBGene00003764,124,1294,1418
WBGene00003765,322,3877,4199
WBGene00003766,99,1700,1799
WBGene00003767,561,14471,15032
WBGene00003768,146,1731,1877
WBGene00003769,353,7081,7434
WBGene00003770,33,172,205
WBGene00003771,3263,22912,26175
WBGene00003772,190,1004,1194
WBGene00003773,1421,15650,17071
WBGene00003774,21,137,158
WBGene00003775,125,285,410
WBGene00003776,639,9838,10477
WBGene00003777,284,10413,10697
WBGene00003778,49,212,261
WBGene00003779,73,1313,1386
WBGene00003783,2,173,175
WBGene00003784,0,36,36
WBGene00003785,95,2678,2773
WBGene00003786,2027,23447,25474
WBGene00003787,91,1833,1924
WBGene00003788,333,2832,3165
WBGene00003789,246,3698,3944
WBGene00003790,75,1722,1797
WBGene00003791,18,2023,2041
WBGene00003792,161,3754,3915
WBGene00003793,103,3647,3750
WBGene00003794,879,3374,4253
WBGene00003795,56,5699,5755
WBGene00003796,111,5012,5123
WBGene00003797,140,2993,3133
WBGene00003798,118,5118,5236
WBGene00003799,727,3703,4430
WBGene00003800,42,3706,3748
WBGene00003801,47,2513,2560
WBGene00003802,30,6350,6380
WBGene00003803,107,3390,3497
WBGene00003804,59,2628,2687
WBGene00003805,51,1819,1870
WBGene00003806,348,4000,4348
WBGene00003807,47,227,274
WBGene00003808,281,1201,1482
WBGene00003812,88,1965,2053
WBGene00003813,165,2271,2436
WBGene00003815,342,8173,8515
WBGene00003816,33,1486,1519
WBGene00003818,309,4812,5121
WBGene00003821,550,13478,14028
WBGene00003822,147,3665,3812
WBGene00003825,322,9616,9938
WBGene00003826,1023,3381,4404
WBGene00003827,334,3849,4183
WBGene00003828,550,7080,7630
WBGene00003829,15,3901,3916
WBGene00003830,248,2132,2380
WBGene00003831,2249,24512,26761
WBGene00003834,349,3577,3926
WBGene00003835,13,489,502
WBGene00003836,661,6397,7058
WBGene00003837,733,1527,2260
WBGene00003838,39,175,214
WBGene00003839,61,420,481
WBGene00003840,63,130,193
WBGene00003841,22,175,197
WBGene00003842,51,255,306
WBGene00003843,36,825,861
WBGene00003844,16,9872,9888
WBGene00003845,2,66,68
WBGene00003846,1,2241,2242
WBGene00003847,168,1722,1890
WBGene00003848,45,129,174
WBGene00003849,622,1781,2403
WBGene00003850,67,928,995
WBGene00003851,179,3174,3353
WBGene00003854,11,71,82
WBGene00003856,59,297,356
WBGene00003858,1035,7623,8658
WBGene00003859,92,1275,1367
WBGene00003860,219,2184,2403
WBGene00003861,214,5884,6098
WBGene00003862,13,142,155
WBGene00003863,1,1,2
WBGene00003864,1,127,128
WBGene00003865,3,130,133
WBGene00003868,124,1899,2023
WBGene00003870,23,1831,1854
WBGene00003876,44,367,411
WBGene00003877,326,5894,6220
WBGene00003878,49,671,720
WBGene00003879,52,1949,2001
WBGene00003882,62,863,925
WBGene00003883,187,867,1054
WBGene00003884,73,431,504
WBGene00003885,187,718,905
WBGene00003886,82,435,517
WBGene00003887,108,730,838
WBGene00003888,4,44,48
WBGene00003889,35,150,185
WBGene00003890,64,817,881
WBGene00003891,35,8148,8183
WBGene00003892,210,353,563
WBGene00003893,13037,181119,194156
WBGene00003898,203,1255,1458
WBGene00003901,182,12719,12901
WBGene00003902,1634,176020,177654
WBGene00003903,231,16201,16432
WBGene00003904,60,6004,6064
WBGene00003905,1011,2851,3862
WBGene00003906,4,21,25
WBGene00003907,250,1543,1793
WBGene00003909,55,550,605
WBGene00003911,137,1976,2113
WBGene00003912,54,581,635
WBGene00003914,373,4590,4963
WBGene00003915,821,9706,10527
WBGene00003916,2857,7480,10337
WBGene00003917,177,964,1141
WBGene00003918,311,2657,2968
WBGene00003919,225,558,783
WBGene00003920,391,64224,64615
WBGene00003921,113,1344,1457
WBGene00003922,28,4884,4912
WBGene00003923,35,11123,11158
WBGene00003924,13,13085,13098
WBGene00003925,365,9450,9815
WBGene00003926,346,15051,15397
WBGene00003927,55,9389,9444
WBGene00003928,61,6356,6417
WBGene00003929,270,7107,7377
WBGene00003930,208,6682,6890
WBGene00003931,141,5196,5337
WBGene00003932,309,5426,5735
WBGene00003933,154,1900,2054
WBGene00003934,19298,541755,561053
WBGene00003936,1114,7834,8948
WBGene00003937,5,23,28
WBGene00003938,40,148,188
WBGene00003939,85,559,644
WBGene00003941,715,7100,7815
WBGene00003943,104,1285,1389
WBGene00003947,63,8351,8414
WBGene00003948,9,9278,9287
WBGene00003949,66,8707,8773
WBGene00003950,272,11220,11492
WBGene00003951,262,6992,7254
WBGene00003952,436,6985,7421
WBGene00003953,51,12373,12424
WBGene00003954,446,3021,3467
WBGene00003955,14,9371,9385
WBGene00003956,89,11001,11090
WBGene00003957,0,1386,1386
WBGene00003958,113,5959,6072
WBGene00003959,10,1426,1436
WBGene00003960,250,2804,3054
WBGene00003961,689,4601,5290
WBGene00003962,402,16515,16917
WBGene00003963,179,62206,62385
WBGene00003964,3441,40325,43766
WBGene00003965,151,1252,1403
WBGene00003966,552,2078,2630
WBGene00003967,278,2412,2690
WBGene00003968,30,590,620
WBGene00003969,366,924,1290
WBGene00003970,159,2351,2510
WBGene00003975,159,1820,1979
WBGene00003976,6,173,179
WBGene00003977,0,0,0
WBGene00003978,499,2609,3108
WBGene00003979,4,514,518
WBGene00003980,296,2706,3002
WBGene00003981,38,10,48
WBGene00003982,38,13233,13271
WBGene00003983,1,3,4
WBGene00003986,145,2516,2661
WBGene00003987,9,14,23
WBGene00003989,57,9288,9345
WBGene00003990,73,4963,5036
WBGene00003991,342,5578,5920
WBGene00003992,29,2616,2645
WBGene00003993,53,476,529
WBGene00003994,8,576,584
WBGene00003995,572,4203,4775
WBGene00003996,686,2831,3517
WBGene00003997,31,1032,1063
WBGene00003998,94,433,527
WBGene00003999,23,154,177
WBGene00004000,16,264,280
WBGene00004001,1,8,9
WBGene00004002,15,60,75
WBGene00004003,288,1731,2019
WBGene00004004,130,1006,1136
WBGene00004005,77,271,348
WBGene00004006,31,282,313
WBGene00004007,2,34,36
WBGene00004008,0,610,610
WBGene00004010,123,1053,1176
WBGene00004011,52,505,557
WBGene00004013,927,5256,6183
WBGene00004014,81,38533,38614
WBGene00004015,108,37768,37876
WBGene00004016,182,660,842
WBGene00004017,18,1517,1535
WBGene00004020,784,9011,9795
WBGene00004023,568,5042,5610
WBGene00004024,46,924,970
WBGene00004025,146,1663,1809
WBGene00004026,76,35,111
WBGene00004027,8,171,179
WBGene00004028,285,499,784
WBGene00004029,326,693,1019
WBGene00004030,159,1075,1234
WBGene00004031,91,1473,1564
WBGene00004032,971,5660,6631
WBGene00004033,1209,3919,5128
WBGene00004034,450,1987,2437
WBGene00004035,68,1047,1115
WBGene00004036,510,2853,3363
WBGene00004037,121,1083,1204
WBGene00004038,89,1788,1877
WBGene00004039,227,4514,4741
WBGene00004040,370,4536,4906
WBGene00004042,11,2794,2805
WBGene00004043,14,363,377
WBGene00004044,12,488,500
WBGene00004045,568,1772,2340
WBGene00004046,263,16430,16693
WBGene00004047,957,1773,2730
WBGene00004048,49,693,742
WBGene00004049,400,1265,1665
WBGene00004050,12,1532,1544
WBGene00004051,196,2356,2552
WBGene00004052,8,92,100
WBGene00004053,520,10848,11368
WBGene00004055,259,1788,2047
WBGene00004056,257,1522,1779
WBGene00004057,193,1473,1666
WBGene00004058,230,3015,3245
WBGene00004059,337,2092,2429
WBGene00004060,455,1977,2432
WBGene00004061,45,1377,1422
WBGene00004062,69,3274,3343
WBGene00004063,212,1858,2070
WBGene00004064,1828,2124,3952
WBGene00004068,335,4924,5259
WBGene00004075,143,2741,2884
WBGene00004076,973,12228,13201
WBGene00004077,569,2237,2806
WBGene00004078,0,69,69
WBGene00004083,77,2848,2925
WBGene00004084,2,5,7
WBGene00004085,122,2817,2939
WBGene00004086,107,517,624
WBGene00004087,479,3495,3974
WBGene00004088,446,3862,4308
WBGene00004089,71,1246,1317
WBGene00004090,288,1965,2253
WBGene00004091,186,4167,4353
WBGene00004092,19,500,519
WBGene00004093,9,1260,1269
WBGene00004094,34,2167,2201
WBGene00004095,397,6927,7324
WBGene00004096,341,11707,12048
WBGene00004097,6,2,8
WBGene00004098,1,1,2
WBGene00004099,0,65,65
WBGene00004100,159,1418,1577
WBGene00004101,403,2961,3364
WBGene00004102,108,35,143
WBGene00004103,14,2,16
WBGene00004104,54,788,842
WBGene00004105,148,2273,2421
WBGene00004106,555,623,1178
WBGene00004107,0,9,9
WBGene00004108,734,2659,3393
WBGene00004109,474,2480,2954
WBGene00004110,300,1881,2181
WBGene00004111,232,2264,2496
WBGene00004112,425,8109,8534
WBGene00004113,336,10784,11120
WBGene00004114,22,1362,1384
WBGene00004115,34,506,540
WBGene00004116,499,2725,3224
WBGene00004117,0,2054,2054
WBGene00004118,92,694,786
WBGene00004119,781,5859,6640
WBGene00004120,7,490,497
WBGene00004121,263,2151,2414
WBGene00004122,280,3674,3954
WBGene00004123,205,1607,1812
WBGene00004124,53,850,903
WBGene00004125,140,1454,1594
WBGene00004126,252,2694,2946
WBGene00004127,35,298,333
WBGene00004128,2421,10599,13020
WBGene00004129,65,1000,1065
WBGene00004130,751,20515,21266
WBGene00004131,7256,29304,36560
WBGene00004132,321,4609,4930
WBGene00004133,30,769,799
WBGene00004134,1433,7339,8772
WBGene00004135,1147,14863,16010
WBGene00004136,502,9796,10298
WBGene00004138,508,5754,6262
WBGene00004139,0,23,23
WBGene00004140,73,2787,2860
WBGene00004141,2,0,2
WBGene00004143,427,21891,22318
WBGene00004144,58,3788,3846
WBGene00004145,284,2859,3143
WBGene00004146,0,24,24
WBGene00004147,801,4216,5017
WBGene00004148,372,3197,3569
WBGene00004149,8,3,11
WBGene00004150,49,516,565
WBGene00004151,319,1876,2195
WBGene00004152,344,7556,7900
WBGene00004153,0,65,65
WBGene00004154,140,95,235
WBGene00004155,15,137,152
WBGene00004156,116,3274,3390
WBGene00004157,78,7105,7183
WBGene00004158,0,0,0
WBGene00004159,0,0,0
WBGene00004160,0,0,0
WBGene00004161,962,3414,4376
WBGene00004163,26,91,117
WBGene00004164,553,4167,4720
WBGene00004165,28,13,41
WBGene00004166,475,4415,4890
WBGene00004167,1814,13749,15563
WBGene00004168,22,1445,1467
WBGene00004169,388,3264,3652
WBGene00004170,0,0,0
WBGene00004171,0,2,2
WBGene00004172,71,604,675
WBGene00004173,732,11503,12235
WBGene00004174,8,1806,1814
WBGene00004175,4,786,790
WBGene00004176,0,72,72
WBGene00004177,5,112,117
WBGene00004178,46,2590,2636
WBGene00004179,34,2420,2454
WBGene00004180,121,1393,1514
WBGene00004181,168,1723,1891
WBGene00004182,1405,4004,5409
WBGene00004183,83,487,570
WBGene00004184,182,4805,4987
WBGene00004185,102,8231,8333
WBGene00004186,304,4806,5110
WBGene00004187,360,16143,16503
WBGene00004188,155,3008,3163
WBGene00004189,1099,11418,12517
WBGene00004190,93,2027,2120
WBGene00004191,158,340,498
WBGene00004192,970,1651,2621
WBGene00004193,70,688,758
WBGene00004194,75,997,1072
WBGene00004195,68,479,547
WBGene00004196,0,3663,3663
WBGene00004197,44,593,637
WBGene00004198,145,1994,2139
WBGene00004199,8,1195,1203
WBGene00004201,48,7992,8040
WBGene00004202,301,2005,2306
WBGene00004203,484,3514,3998
WBGene00004204,661,16311,16972
WBGene00004205,39,821,860
WBGene00004206,251,1067,1318
WBGene00004207,502,2945,3447
WBGene00004208,737,11323,12060
WBGene00004209,0,4,4
WBGene00004210,158,1427,1585
WBGene00004211,28,119,147
WBGene00004212,551,4290,4841
WBGene00004213,808,2507,3315
WBGene00004214,71,2823,2894
WBGene00004215,2157,4100,6257
WBGene00004216,37,284,321
WBGene00004217,35,301,336
WBGene00004218,34,262,296
WBGene00004219,53,673,726
WBGene00004220,202,1499,1701
WBGene00004221,27,430,457
WBGene00004222,98,1639,1737
WBGene00004223,11,46,57
WBGene00004224,63,316,379
WBGene00004225,72,375,447
WBGene00004226,162,2248,2410
WBGene00004227,105,519,624
WBGene00004228,121,1125,1246
WBGene00004229,24,174,198
WBGene00004230,145,146,291
WBGene00004231,85,231,316
WBGene00004232,127,329,456
WBGene00004233,49,102,151
WBGene00004234,5,79,84
WBGene00004235,86,652,738
WBGene00004236,81,14,95
WBGene00004237,67,1124,1191
WBGene00004238,400,2071,2471
WBGene00004239,0,130,130
WBGene00004241,0,68,68
WBGene00004242,13,60,73
WBGene00004243,7,157,164
WBGene00004244,49,787,836
WBGene00004245,393,6390,6783
WBGene00004248,29,2907,2936
WBGene00004249,373,3396,3769
WBGene00004254,383,2310,2693
WBGene00004255,33,186,219
WBGene00004256,474,1247,1721
WBGene00004257,100,549,649
WBGene00004258,555,17519,18074
WBGene00004259,26,2144,2170
WBGene00004264,19,798,817
WBGene00004265,325,1009,1334
WBGene00004266,174,16976,17150
WBGene00004267,208,6777,6985
WBGene00004268,198,7501,7699
WBGene00004269,72,2117,2189
WBGene00004270,68,4127,4195
WBGene00004271,267,3379,3646
WBGene00004272,48,3955,4003
WBGene00004273,120,7956,8076
WBGene00004274,117,21092,21209
WBGene00004275,98,109,207
WBGene00004276,225,3326,3551
WBGene00004277,244,2617,2861
WBGene00004278,504,5422,5926
WBGene00004279,26,553,579
WBGene00004281,64,494,558
WBGene00004282,115,909,1024
WBGene00004283,76,441,517
WBGene00004284,103,1914,2017
WBGene00004285,199,905,1104
WBGene00004286,40,2248,2288
WBGene00004287,2,4,6
WBGene00004296,257,4600,4857
WBGene00004297,77,915,992
WBGene00004298,92,319,411
WBGene00004300,9,66592,66601
WBGene00004301,33,113,146
WBGene00004302,978,46179,47157
WBGene00004303,95,3007,3102
WBGene00004304,266,5178,5444
WBGene00004305,97,9513,9610
WBGene00004306,206,2850,3056
WBGene00004307,155,4301,4456
WBGene00004308,100,2485,2585
WBGene00004309,15,36,51
WBGene00004310,508,4398,4906
WBGene00004311,361,2137,2498
WBGene00004312,285,2039,2324
WBGene00004313,226,4455,4681
WBGene00004314,989,1683,2672
WBGene00004315,151,9142,9293
WBGene00004316,1731,2479,4210
WBGene00004317,168,1703,1871
WBGene00004318,408,2882,3290
WBGene00004319,161,5154,5315
WBGene00004320,303,6489,6792
WBGene00004321,39,4829,4868
WBGene00004322,236,2484,2720
WBGene00004323,313,3277,3590
WBGene00004324,91,905,996
WBGene00004326,81,4722,4803
WBGene00004328,23,205,228
WBGene00004332,21,479,500
WBGene00004333,73,646,719
WBGene00004334,3,160,163
WBGene00004335,106,756,862
WBGene00004336,1680,19805,21485
WBGene00004337,425,5143,5568
WBGene00004338,173,1416,1589
WBGene00004339,72,974,1046
WBGene00004340,248,2881,3129
WBGene00004341,102,1359,1461
WBGene00004342,5,54,59
WBGene00004343,307,2993,3300
WBGene00004344,109,1407,1516
WBGene00004345,1327,2378,3705
WBGene00004346,190,1004,1194
WBGene00004347,1010,292,1302
WBGene00004348,59,1445,1504
WBGene00004349,399,2070,2469
WBGene00004350,399,2996,3395
WBGene00004351,0,0,0
WBGene00004352,0,5,5
WBGene00004353,2,13,15
WBGene00004354,1,49,50
WBGene00004355,93,2779,2872
WBGene00004356,58,4300,4358
WBGene00004357,1780,15492,17272
WBGene00004358,614,9444,10058
WBGene00004359,60,247,307
WBGene00004360,105,938,1043
WBGene00004361,22,546,568
WBGene00004363,123,4600,4723
WBGene00004364,506,9310,9816
WBGene00004367,338,1992,2330
WBGene00004368,229,1592,1821
WBGene00004369,267,1379,1646
WBGene00004370,137,4388,4525
WBGene00004371,224,3554,3778
WBGene00004372,178,648,826
WBGene00004373,711,7636,8347
WBGene00004374,22,232,254
WBGene00004375,203,1243,1446
WBGene00004377,97,857,954
WBGene00004378,339,3656,3995
WBGene00004380,43,659,702
WBGene00004381,132,1769,1901
WBGene00004382,459,4134,4593
WBGene00004383,46,1261,1307
WBGene00004384,668,1685,2353
WBGene00004385,138,3459,3597
WBGene00004386,150,3052,3202
WBGene00004387,161,12112,12273
WBGene00004388,267,4472,4739
WBGene00004389,328,4358,4686
WBGene00004390,1016,7506,8522
WBGene00004391,86,6144,6230
WBGene00004392,89,6445,6534
WBGene00004393,376,812,1188
WBGene00004394,2,1,3
WBGene00004395,59,895,954
WBGene00004397,43,754,797
WBGene00004398,173,4261,4434
WBGene00004400,5,857,862
WBGene00004401,223,363,586
WBGene00004402,15,72,87
WBGene00004403,595,1707,2302
WBGene00004404,326,2588,2914
WBGene00004405,45,6391,6436
WBGene00004408,207,432562,432769
WBGene00004409,11255,198692,209947
WBGene00004410,29962,201817,231779
WBGene00004411,197,4340,4537
WBGene00004412,34976,402557,437533
WBGene00004413,814,417021,417835
WBGene00004414,11191,473419,484610
WBGene00004415,294,227366,227660
WBGene00004416,17415,449689,467104
WBGene00004417,17770,383235,401005
WBGene00004418,29015,454694,483709
WBGene00004419,46312,663938,710250
WBGene00004420,25420,375111,400531
WBGene00004421,11606,508636,520242
WBGene00004422,665,25545,26210
WBGene00004423,28908,440977,469885
WBGene00004424,49951,1051003,1100954
WBGene00004425,16583,441327,457910
WBGene00004426,21766,347799,369565
WBGene00004427,2106,433353,435459
WBGene00004428,20609,416686,437295
WBGene00004429,57946,378725,436671
WBGene00004430,30090,413118,443208
WBGene00004431,19085,475812,494897
WBGene00004432,1243,362434,363677
WBGene00004433,12652,431039,443691
WBGene00004434,15419,325840,341259
WBGene00004435,15092,386967,402059
WBGene00004436,29536,455984,485520
WBGene00004437,1037,24415,25452
WBGene00004438,5991,66552,72543
WBGene00004439,12545,144132,156677
WBGene00004440,16732,330449,347181
WBGene00004441,36278,195061,231339
WBGene00004442,16070,250113,266183
WBGene00004443,88675,54447,143122
WBGene00004444,15068,198212,213280
WBGene00004445,5520,324163,329683
WBGene00004446,43542,489827,533369
WBGene00004447,31910,327555,359465
WBGene00004448,8878,240782,249660
WBGene00004449,22917,394107,417024
WBGene00004450,9957,303957,313914
WBGene00004451,40401,2620,43021
WBGene00004452,10487,244500,254987
WBGene00004453,5142,170645,175787
WBGene00004454,18832,255209,274041
WBGene00004455,10,24,34
WBGene00004456,0,249972,249972
WBGene00004457,25,1605,1630
WBGene00004458,131,6395,6526
WBGene00004459,45,5362,5407
WBGene00004460,53,9509,9562
WBGene00004461,77,6840,6917
WBGene00004462,177,4823,5000
WBGene00004463,152,8687,8839
WBGene00004464,532,8815,9347
WBGene00004465,260,5666,5926
WBGene00004466,62,4477,4539
WBGene00004467,40,7163,7203
WBGene00004468,298,4524,4822
WBGene00004469,2529,354361,356890
WBGene00004470,10456,465588,476044
WBGene00004471,101,312496,312597
WBGene00004472,21603,423944,445547
WBGene00004473,22066,416072,438138
WBGene00004474,30177,475265,505442
WBGene00004475,7518,229140,236658
WBGene00004476,35986,412221,448207
WBGene00004477,30266,509569,539835
WBGene00004478,24310,565043,589353
WBGene00004479,18637,394751,413388
WBGene00004480,41519,434344,475863
WBGene00004481,5003,359507,364510
WBGene00004482,22111,358954,381065
WBGene00004483,32369,520752,553121
WBGene00004484,23188,401748,424936
WBGene00004485,3479,155241,158720
WBGene00004486,13768,273298,287066
WBGene00004487,33400,437026,470426
WBGene00004488,25406,397776,423182
WBGene00004489,21592,373109,394701
WBGene00004490,46317,119869,166186
WBGene00004491,1568,264303,265871
WBGene00004492,30135,520585,550720
WBGene00004493,17080,369342,386422
WBGene00004494,40224,535984,576208
WBGene00004495,12049,379746,391795
WBGene00004496,19451,223677,243128
WBGene00004497,6097,153074,159171
WBGene00004498,88382,98240,186622
WBGene00004499,26854,336501,363355
WBGene00004501,43,4255,4298
WBGene00004502,62,7325,7387
WBGene00004503,4,5383,5387
WBGene00004504,854,8423,9277
WBGene00004505,39,5321,5360
WBGene00004506,63,7435,7498
WBGene00004507,57,1888,1945
WBGene00004508,130,2588,2718
WBGene00004509,57,332,389
WBGene00004510,48,1336,1384
WBGene00004679,498,7162,7660
WBGene00004680,116,793,909
WBGene00004681,762,2642,3404
WBGene00004682,137,2392,2529
WBGene00004684,131,2199,2330
WBGene00004698,9,13463,13472
WBGene00004699,199,8227,8426
WBGene00004700,18,20656,20674
WBGene00004701,39,5741,5780
WBGene00004702,337,6465,6802
WBGene00004703,354,19757,20111
WBGene00004704,209,8346,8555
WBGene00004705,339,7748,8087
WBGene00004706,259,3555,3814
WBGene00004719,398,1462,1860
WBGene00004721,86,976,1062
WBGene00004723,87,2656,2743
WBGene00004726,0,53,53
WBGene00004727,185,1794,1979
WBGene00004728,553,3783,4336
WBGene00004729,278,2551,2829
WBGene00004732,1265,8861,10126
WBGene00004735,357,1282,1639
WBGene00004736,1747,71842,73589
WBGene00004737,3,1236,1239
WBGene00004738,44,3907,3951
WBGene00004739,1112,7641,8753
WBGene00004740,167,1341,1508
WBGene00004742,8,59,67
WBGene00004743,663,2958,3621
WBGene00004744,122,2461,2583
WBGene00004745,85,1043,1128
WBGene00004746,47,3247,3294
WBGene00004747,95,2511,2606
WBGene00004748,39,336,375
WBGene00004749,126,4196,4322
WBGene00004750,2,1,3
WBGene00004751,1830,6368,8198
WBGene00004752,90,1800,1890
WBGene00004753,177,1477,1654
WBGene00004754,833,4261,5094
WBGene00004755,61,4781,4842
WBGene00004756,41,2179,2220
WBGene00004758,234,2097,2331
WBGene00004759,86,3200,3286
WBGene00004760,772,6259,7031
WBGene00004762,269,2218,2487
WBGene00004764,65,430,495
WBGene00004765,458,648,1106
WBGene00004766,289,10477,10766
WBGene00004767,88,1999,2087
WBGene00004768,25,2145,2170
WBGene00004769,31,821,852
WBGene00004771,94,1082,1176
WBGene00004773,919,4731,5650
WBGene00004774,62,2219,2281
WBGene00004775,65,790,855
WBGene00004776,268,408,676
WBGene00004777,429,999,1428
WBGene00004778,52,922,974
WBGene00004779,438,1722,2160
WBGene00004780,293,844,1137
WBGene00004781,48,2415,2463
WBGene00004782,169,2588,2757
WBGene00004783,872,6370,7242
WBGene00004786,77,530,607
WBGene00004787,190,842,1032
WBGene00004788,100,6896,6996
WBGene00004789,273,3039,3312
WBGene00004790,420,3875,4295
WBGene00004793,60,409,469
WBGene00004795,113,707,820
WBGene00004796,131,843,974
WBGene00004798,267,6046,6313
WBGene00004800,154,3553,3707
WBGene00004801,276,4150,4426
WBGene00004802,17,96,113
WBGene00004803,90,400,490
WBGene00004804,1102,7601,8703
WBGene00004806,339,3276,3615
WBGene00004807,85,25213,25298
WBGene00004808,22,2294,2316
WBGene00004809,197,8421,8618
WBGene00004810,8,295,303
WBGene00004811,11,296,307
WBGene00004812,0,1,1
WBGene00004813,0,0,0
WBGene00004814,0,7,7
WBGene00004815,0,1,1
WBGene00004816,0,165,165
WBGene00004818,2,59,61
WBGene00004819,0,5,5
WBGene00004820,0,1,1
WBGene00004821,0,10,10
WBGene00004822,0,1533,1533
WBGene00004823,4,520,524
WBGene00004824,194,1429,1623
WBGene00004825,0,1491,1491
WBGene00004826,0,1643,1643
WBGene00004827,0,500,500
WBGene00004829,386,2240,2626
WBGene00004830,351,2367,2718
WBGene00004831,970,2622,3592
WBGene00004854,218,2202,2420
WBGene00004855,757,13095,13852
WBGene00004856,679,1788,2467
WBGene00004857,161,1392,1553
WBGene00004858,209,1072,1281
WBGene00004859,384,2977,3361
WBGene00004860,207,1762,1969
WBGene00004862,1114,7342,8456
WBGene00004873,790,6176,6966
WBGene00004874,181,6155,6336
WBGene00004875,56,2831,2887
WBGene00004876,26,474,500
WBGene00004877,15,65,80
WBGene00004878,57,198,255
WBGene00004879,348,3605,3953
WBGene00004880,228,3839,4067
WBGene00004881,564,2597,3161
WBGene00004882,69,2322,2391
WBGene00004883,6,755,761
WBGene00004884,478,4580,5058
WBGene00004885,35,852,887
WBGene00004886,92,719,811
WBGene00004887,150,4764,4914
WBGene00004888,1200,28254,29454
WBGene00004889,230,2107,2337
WBGene00004890,124,639,763
WBGene00004891,103,4187,4290
WBGene00004892,689,2775,3464
WBGene00004893,141,1297,1438
WBGene00004894,1884,1738,3622
WBGene00004895,3300,3136,6436
WBGene00004896,1163,6251,7414
WBGene00004897,38,17159,17197
WBGene00004898,71,1625,1696
WBGene00004899,19,0,19
WBGene00004900,56,1846,1902
WBGene00004901,7,11,18
WBGene00004902,167,4580,4747
WBGene00004904,11,13,24
WBGene00004905,288,454,742
WBGene00004906,8,13,21
WBGene00004908,6,5,11
WBGene00004909,7,7,14
WBGene00004910,102,3447,3549
WBGene00004911,15,274,289
WBGene00004912,78,2214,2292
WBGene00004913,198,1448,1646
WBGene00004914,179,17796,17975
WBGene00004915,23,16772,16795
WBGene00004916,267,15537,15804
WBGene00004917,191,14460,14651
WBGene00004918,1192,10961,12153
WBGene00004919,251,11596,11847
WBGene00004920,1136,13338,14474
WBGene00004921,512,6991,7503
WBGene00004922,552,1282,1834
WBGene00004923,655,2439,3094
WBGene00004924,583,10304,10887
WBGene00004925,632,1317,1949
WBGene00004926,52,1596,1648
WBGene00004927,252,1889,2141
WBGene00004928,85,667,752
WBGene00004929,1305,4138,5443
WBGene00004930,756,21792,22548
WBGene00004931,887,8744,9631
WBGene00004932,4,38,42
WBGene00004933,190,1057,1247
WBGene00004944,347,1384,1731
WBGene00004945,117,2270,2387
WBGene00004946,375,3164,3539
WBGene00004947,1906,3003,4909
WBGene00004949,349,2015,2364
WBGene00004950,294,1109,1403
WBGene00004951,314,19806,20120
WBGene00004952,14,1387,1401
WBGene00004953,75,2438,2513
WBGene00004954,50,387,437
WBGene00004955,458,5570,6028
WBGene00004958,28,216,244
WBGene00004959,11,269,280
WBGene00004960,19,114,133
WBGene00004962,7,1,8
WBGene00004963,45,39,84
WBGene00004964,4,37,41
WBGene00004965,5,3,8
WBGene00004966,6,12,18
WBGene00004969,211,537,748
WBGene00004971,2,12,14
WBGene00004972,3,60,63
WBGene00004973,2,0,2
WBGene00004974,15,11,26
WBGene00004975,15,914,929
WBGene00004976,3,22,25
WBGene00004978,969,9180,10149
WBGene00004979,328,2867,3195
WBGene00004980,564,13539,14103
WBGene00004981,185,6165,6350
WBGene00004984,8,438,446
WBGene00004985,24,592,616
WBGene00004986,739,13830,14569
WBGene00004987,1448,24883,26331
WBGene00004988,1131,18999,20130
WBGene00004989,90,1732,1822
WBGene00004990,3902,63379,67281
WBGene00004991,15,84,99
WBGene00004992,34,527,561
WBGene00004993,667,8806,9473
WBGene00004994,0,14,14
WBGene00004995,1417,13386,14803
WBGene00004996,4,9,13
WBGene00004997,2,24,26
WBGene00004998,34,258,292
WBGene00004999,2958,72603,75561
WBGene00005000,563,11627,12190
WBGene00005001,541,7312,7853
WBGene00005002,1951,53823,55774
WBGene00005003,851,14799,15650
WBGene00005004,64,687,751
WBGene00005005,4,13,17
WBGene00005006,102,1162,1264
WBGene00005007,49,3885,3934
WBGene00005008,10,360,370
WBGene00005009,61,3229,3290
WBGene00005010,553,2235,2788
WBGene00005011,100,966,1066
WBGene00005012,6,16,22
WBGene00005013,3,18,21
WBGene00005014,19,1537,1556
WBGene00005015,133,4808,4941
WBGene00005016,0,4538,4538
WBGene00005017,107,1583,1690
WBGene00005018,95,4661,4756
WBGene00005019,59,1712,1771
WBGene00005020,289,408,697
WBGene00005021,26,536,562
WBGene00005022,29,2763,2792
WBGene00005023,165,1646,1811
WBGene00005024,407,605,1012
WBGene00005025,76,974,1050
WBGene00005026,16,1435,1451
WBGene00005027,0,11,11
WBGene00005028,1,1,2
WBGene00005029,1,16,17
WBGene00005030,0,23,23
WBGene00005032,2,19,21
WBGene00005033,3,60,63
WBGene00005034,1,0,1
WBGene00005035,0,15,15
WBGene00005036,35,439,474
WBGene00005037,3,24,27
WBGene00005038,4,28,32
WBGene00005039,4,25,29
WBGene00005040,9,39,48
WBGene00005043,5,31,36
WBGene00005044,3,4,7
WBGene00005046,1,8,9
WBGene00005047,3,47,50
WBGene00005048,0,0,0
WBGene00005049,1,1,2
WBGene00005050,1,2,3
WBGene00005051,5,21,26
WBGene00005052,4,28,32
WBGene00005053,5,25,30
WBGene00005054,7,4,11
WBGene00005055,3,1,4
WBGene00005056,60,5,65
WBGene00005057,10,32,42
WBGene00005058,5,17,22
WBGene00005059,16,42,58
WBGene00005060,8,34,42
WBGene00005061,16,3,19
WBGene00005062,6,22,28
WBGene00005063,7,160,167
WBGene00005064,7,30,37
WBGene00005065,9,19,28
WBGene00005066,1,0,1
WBGene00005067,1,13,14
WBGene00005068,0,6,6
WBGene00005070,8,34,42
WBGene00005071,1,3,4
WBGene00005072,1,134,135
WBGene00005073,10,3,13
WBGene00005076,2,0,2
WBGene00005077,267,1315,1582
WBGene00005078,104,953,1057
WBGene00005079,3,60,63
WBGene00005080,2,1,3
WBGene00005081,13,17,30
WBGene00005082,1,8,9
WBGene00005083,8,42,50
WBGene00005085,4,12,16
WBGene00005086,10,7,17
WBGene00005087,0,4,4
WBGene00005088,4,32,36
WBGene00005089,6,24,30
WBGene00005090,4,30,34
WBGene00005091,5,50,55
WBGene00005093,3,17,20
WBGene00005094,3,9,12
WBGene00005095,6,30,36
WBGene00005096,2,45,47
WBGene00005097,0,19,19
WBGene00005098,2,11,13
WBGene00005099,1,2,3
WBGene00005101,23,206,229
WBGene00005103,0,6,6
WBGene00005104,1,7,8
WBGene00005105,1,24,25
WBGene00005106,0,0,0
WBGene00005107,2,31,33
WBGene00005108,1,18,19
WBGene00005109,2,9,11
WBGene00005110,159,302,461
WBGene00005111,17,285,302
WBGene00005112,0,4,4
WBGene00005113,20,100,120
WBGene00005114,1,13,14
WBGene00005116,7,3,10
WBGene00005117,2,1,3
WBGene00005118,2,37,39
WBGene00005119,6,15,21
WBGene00005120,15,45,60
WBGene00005121,15,9,24
WBGene00005122,3,8,11
WBGene00005123,7,9,16
WBGene00005124,1,12,13
WBGene00005125,1,5,6
WBGene00005126,4,28,32
WBGene00005127,32,260,292
WBGene00005128,50,21,71
WBGene00005129,86,170,256
WBGene00005131,65,300,365
WBGene00005132,17,44,61
WBGene00005133,20,71,91
WBGene00005134,0,4,4
WBGene00005135,0,2,2
WBGene00005136,1,3,4
WBGene00005137,0,1,1
WBGene00005138,0,0,0
WBGene00005140,3,13,16
WBGene00005141,11,31,42
WBGene00005142,5,2,7
WBGene00005143,13,6,19
WBGene00005144,5,31,36
WBGene00005145,2,0,2
WBGene00005146,6,3,9
WBGene00005147,29,223,252
WBGene00005148,0,0,0
WBGene00005149,48,167,215
WBGene00005150,38,99,137
WBGene00005153,179,602,781
WBGene00005159,4,7,11
WBGene00005160,1,66,67
WBGene00005161,2,4,6
WBGene00005162,14,34,48
WBGene00005163,6,99,105
WBGene00005164,6,10,16
WBGene00005165,14,33,47
WBGene00005166,2,3,5
WBGene00005167,4,16,20
WBGene00005168,6,19,25
WBGene00005169,7,50,57
WBGene00005170,14,25,39
WBGene00005171,12,27,39
WBGene00005172,17,82,99
WBGene00005173,2,12,14
WBGene00005174,31,112,143
WBGene00005177,19,22,41
WBGene00005178,11,6,17
WBGene00005179,1,7,8
WBGene00005180,10,29,39
WBGene00005181,11,2,13
WBGene00005182,7,24,31
WBGene00005183,7,30,37
WBGene00005184,3,8,11
WBGene00005185,5,3,8
WBGene00005186,11,35,46
WBGene00005187,6,29,35
WBGene00005188,9,72,81
WBGene00005189,43,78,121
WBGene00005190,1,6,7
WBGene00005191,23,19,42
WBGene00005193,1,1,2
WBGene00005194,10,72,82
WBGene00005195,11,44,55
WBGene00005196,1,47,48
WBGene00005197,1,70,71
WBGene00005198,2,8,10
WBGene00005199,17,14,31
WBGene00005201,5,2,7
WBGene00005202,30,7,37
WBGene00005203,0,8,8
WBGene00005204,4,21,25
WBGene00005205,18,156,174
WBGene00005207,2,58,60
WBGene00005208,24,67,91
WBGene00005210,3,54,57
WBGene00005211,1,1,2
WBGene00005212,11,12,23
WBGene00005213,11,30,41
WBGene00005214,11,4,15
WBGene00005215,3,8,11
WBGene00005216,4,2,6
WBGene00005217,0,2,2
WBGene00005218,0,30,30
WBGene00005219,22,38,60
WBGene00005221,12,2,14
WBGene00005222,3,7,10
WBGene00005223,18,3,21
WBGene00005224,0,0,0
WBGene00005225,2,1,3
WBGene00005226,14,87,101
WBGene00005227,4,7,11
WBGene00005228,996,143,1139
WBGene00005229,11,51,62
WBGene00005230,0,2,2
WBGene00005231,5,69,74
WBGene00005233,1,6,7
WBGene00005234,7,13,20
WBGene00005236,1,39,40
WBGene00005237,6,24,30
WBGene00005240,6,113,119
WBGene00005241,8,49,57
WBGene00005242,6,16,22
WBGene00005243,9,91,100
WBGene00005244,11,2,13
WBGene00005245,2,50,52
WBGene00005246,2,86,88
WBGene00005247,2,9,11
WBGene00005248,1,15,16
WBGene00005249,8,23,31
WBGene00005250,1,18,19
WBGene00005251,28,224,252
WBGene00005253,42,225,267
WBGene00005254,0,1,1
WBGene00005255,1,9,10
WBGene00005256,1,6,7
WBGene00005257,3,25,28
WBGene00005258,6,28,34
WBGene00005259,0,0,0
WBGene00005260,2,24,26
WBGene00005261,19,34,53
WBGene00005262,19,100,119
WBGene00005263,3,15,18
WBGene00005264,3,13,16
WBGene00005265,1,5,6
WBGene00005267,18,44,62
WBGene00005268,1,11,12
WBGene00005269,5,41,46
WBGene00005270,4,27,31
WBGene00005271,48,48,96
WBGene00005272,6,41,47
WBGene00005273,7,17,24
WBGene00005274,4,17,21
WBGene00005275,0,2,2
WBGene00005278,0,1,1
WBGene00005279,2,9,11
WBGene00005280,0,0,0
WBGene00005281,2,10,12
WBGene00005282,3,14,17
WBGene00005283,1,29,30
WBGene00005284,0,3,3
WBGene00005285,0,0,0
WBGene00005288,2,10,12
WBGene00005289,5,77,82
WBGene00005290,5,83,88
WBGene00005291,0,6,6
WBGene00005292,1,82,83
WBGene00005293,4,134,138
WBGene00005294,0,2,2
WBGene00005295,4,9,13
WBGene00005296,5,17,22
WBGene00005297,6,33,39
WBGene00005299,22,62,84
WBGene00005300,2,15,17
WBGene00005301,5,2,7
WBGene00005303,3,7,10
WBGene00005304,1,3,4
WBGene00005306,26,37,63
WBGene00005308,2,3,5
WBGene00005309,0,3,3
WBGene00005310,6,13,19
WBGene00005313,3,4,7
WBGene00005315,4,9,13
WBGene00005316,11,1,12
WBGene00005317,0,23,23
WBGene00005318,6,5,11
WBGene00005319,2,11,13
WBGene00005321,1,3,4
WBGene00005323,4,4,8
WBGene00005324,33,15,48
WBGene00005328,0,5,5
WBGene00005330,0,1,1
WBGene00005331,1,2,3
WBGene00005332,2,15,17
WBGene00005334,1,7,8
WBGene00005335,3,5,8
WBGene00005337,7,10,17
WBGene00005338,0,23,23
WBGene00005339,6,11,17
WBGene00005340,0,0,0
WBGene00005341,1,9,10
WBGene00005342,2,71,73
WBGene00005344,18,30,48
WBGene00005345,15,47,62
WBGene00005346,3,66,69
WBGene00005347,5,83,88
WBGene00005348,0,9,9
WBGene00005349,0,9,9
WBGene00005350,3,9,12
WBGene00005351,10,11,21
WBGene00005352,4,3,7
WBGene00005353,2,26,28
WBGene00005354,2,27,29
WBGene00005355,2,2,4
WBGene00005356,0,4,4
WBGene00005357,3,6,9
WBGene00005358,1,0,1
WBGene00005359,3,17,20
WBGene00005361,1,5,6
WBGene00005362,5,37,42
WBGene00005363,5,17,22
WBGene00005364,3,18,21
WBGene00005365,0,10,10
WBGene00005370,16,26,42
WBGene00005375,2,13,15
WBGene00005382,2,9,11
WBGene00005383,10,65,75
WBGene00005385,5,4,9
WBGene00005386,14,15,29
WBGene00005387,17,19,36
WBGene00005388,3,3,6
WBGene00005389,3,14,17
WBGene00005390,1,6,7
WBGene00005392,1,0,1
WBGene00005393,1,51,52
WBGene00005394,0,10,10
WBGene00005395,1,6,7
WBGene00005396,10,9,19
WBGene00005397,1,31,32
WBGene00005398,21,0,21
WBGene00005399,4,13,17
WBGene00005400,0,13,13
WBGene00005401,1,16,17
WBGene00005402,0,9,9
WBGene00005404,0,10,10
WBGene00005405,17,19,36
WBGene00005406,1,31,32
WBGene00005407,3,13,16
WBGene00005408,0,6,6
WBGene00005410,10,26,36
WBGene00005411,0,12,12
WBGene00005412,7,10,17
WBGene00005414,2,14,16
WBGene00005415,4,23,27
WBGene00005416,1,14,15
WBGene00005417,0,62,62
WBGene00005418,0,11,11
WBGene00005419,1,17,18
WBGene00005421,5,12,17
WBGene00005422,3,29,32
WBGene00005423,22,8,30
WBGene00005424,1,11,12
WBGene00005425,1,6,7
WBGene00005426,5,10,15
WBGene00005427,2,36,38
WBGene00005428,1,20,21
WBGene00005429,2,1,3
WBGene00005430,3,10,13
WBGene00005432,2,11,13
WBGene00005433,3,7,10
WBGene00005435,0,0,0
WBGene00005436,0,0,0
WBGene00005437,1,24,25
WBGene00005439,0,2,2
WBGene00005440,6,2,8
WBGene00005441,0,7,7
WBGene00005442,2,2,4
WBGene00005443,2,1,3
WBGene00005444,9,156,165
WBGene00005446,0,4,4
WBGene00005447,4,15,19
WBGene00005448,4,6,10
WBGene00005449,5,5,10
WBGene00005450,0,7,7
WBGene00005451,1,1,2
WBGene00005452,0,2,2
WBGene00005453,0,3,3
WBGene00005454,0,1,1
WBGene00005456,1,2,3
WBGene00005457,0,0,0
WBGene00005458,1,1,2
WBGene00005461,3,4,7
WBGene00005463,35,3,38
WBGene00005464,3,2,5
WBGene00005470,0,3,3
WBGene00005471,3,2,5
WBGene00005472,0,15,15
WBGene00005474,12,63,75
WBGene00005475,20,7,27
WBGene00005476,0,11,11
WBGene00005477,2,48,50
WBGene00005478,3,1,4
WBGene00005479,1,5,6
WBGene00005480,1,13,14
WBGene00005481,5,31,36
WBGene00005482,2,3,5
WBGene00005484,0,41,41
WBGene00005486,2,17,19
WBGene00005487,1,6,7
WBGene00005488,3,22,25
WBGene00005489,12,2,14
WBGene00005490,10,6,16
WBGene00005491,0,4,4
WBGene00005492,0,1,1
WBGene00005493,2,0,2
WBGene00005494,5,4,9
WBGene00005495,3,0,3
WBGene00005496,0,0,0
WBGene00005497,1,1,2
WBGene00005499,2,0,2
WBGene00005500,9,4,13
WBGene00005501,4,2,6
WBGene00005502,5,4,9
WBGene00005503,0,1,1
WBGene00005504,1,3,4
WBGene00005505,22,0,22
WBGene00005507,5,3,8
WBGene00005508,1,4,5
WBGene00005509,0,0,0
WBGene00005512,1,2,3
WBGene00005513,1,29,30
WBGene00005514,6,112,118
WBGene00005516,1,15,16
WBGene00005517,24,24,48
WBGene00005518,27,38,65
WBGene00005519,5,16,21
WBGene00005521,2,1,3
WBGene00005522,8,3,11
WBGene00005523,5,47,52
WBGene00005524,6,4,10
WBGene00005525,0,0,0
WBGene00005526,0,0,0
WBGene00005527,14,5,19
WBGene00005528,9,26,35
WBGene00005529,31,25,56
WBGene00005530,74,71,145
WBGene00005531,56,85,141
WBGene00005532,10,58,68
WBGene00005533,5,45,50
WBGene00005536,1,3,4
WBGene00005537,3,8,11
WBGene00005538,5,17,22
WBGene00005539,5,5,10
WBGene00005540,5,13,18
WBGene00005541,2,7,9
WBGene00005542,15,50,65
WBGene00005543,9,17,26
WBGene00005544,1,11,12
WBGene00005545,2,2,4
WBGene00005546,0,1,1
WBGene00005548,25,14,39
WBGene00005549,3,2,5
WBGene00005550,8,11,19
WBGene00005551,8,15,23
WBGene00005552,36,107,143
WBGene00005554,6,1,7
WBGene00005555,0,6,6
WBGene00005557,15,73,88
WBGene00005558,7,47,54
WBGene00005559,10,45,55
WBGene00005560,10,52,62
WBGene00005562,2,6,8
WBGene00005563,2,3,5
WBGene00005565,7,4,11
WBGene00005566,6,6,12
WBGene00005569,4,9,13
WBGene00005572,1,7,8
WBGene00005573,2,5,7
WBGene00005574,14,41,55
WBGene00005575,5,22,27
WBGene00005577,11,23,34
WBGene00005578,1,3,4
WBGene00005579,14,2,16
WBGene00005581,0,0,0
WBGene00005582,2,14,16
WBGene00005583,0,0,0
WBGene00005584,3,9,12
WBGene00005585,10,26,36
WBGene00005586,23,50,73
WBGene00005589,32,11,43
WBGene00005590,5,16,21
WBGene00005591,35,44,79
WBGene00005592,2,7,9
WBGene00005593,2,2,4
WBGene00005594,1,6,7
WBGene00005595,10,1,11
WBGene00005596,3,1,4
WBGene00005597,1,8,9
WBGene00005598,2,1,3
WBGene00005599,1,5,6
WBGene00005601,0,1,1
WBGene00005602,16,433,449
WBGene00005603,3,10,13
WBGene00005604,17,4,21
WBGene00005606,24,75,99
WBGene00005607,39,36,75
WBGene00005608,5,4,9
WBGene00005609,9,34,43
WBGene00005610,5,17,22
WBGene00005611,23,42,65
WBGene00005612,24,1,25
WBGene00005613,46,5,51
WBGene00005614,4,9,13
WBGene00005615,0,7,7
WBGene00005616,3,12,15
WBGene00005617,3,2,5
WBGene00005618,3,1,4
WBGene00005621,4,0,4
WBGene00005622,3,3,6
WBGene00005623,3,0,3
WBGene00005624,6,2,8
WBGene00005625,2,1,3
WBGene00005626,2,0,2
WBGene00005627,0,1,1
WBGene00005628,3,1,4
WBGene00005629,3,0,3
WBGene00005631,1,0,1
WBGene00005632,1,0,1
WBGene00005633,0,0,0
WBGene00005634,2,0,2
WBGene00005635,2,1,3
WBGene00005638,4,115,119
WBGene00005639,0,1,1
WBGene00005640,14,40,54
WBGene00005641,42,205,247
WBGene00005642,14,94,108
WBGene00005643,4,109,113
WBGene00005644,124,1033,1157
WBGene00005647,167,2484,2651
WBGene00005648,468,4331,4799
WBGene00005649,53,187,240
WBGene00005652,86,788,874
WBGene00005653,34,681,715
WBGene00005654,57,957,1014
WBGene00005655,448,4545,4993
WBGene00005657,58,2313,2371
WBGene00005658,0,0,0
WBGene00005659,2,30,32
WBGene00005660,13,52,65
WBGene00005661,6,81,87
WBGene00005662,159,2156,2315
WBGene00005663,1381,14802,16183
WBGene00005664,6,100,106
WBGene00005665,2,46,48
WBGene00005666,3,11,14
WBGene00005667,1,16,17
WBGene00005669,2,10,12
WBGene00005670,14,61,75
WBGene00005671,5,190,195
WBGene00005672,5,0,5
WBGene00005674,5,2,7
WBGene00005675,4,8,12
WBGene00005676,4,38,42
WBGene00005678,3,8,11
WBGene00005679,8,1,9
WBGene00005680,3,2,5
WBGene00005681,0,3,3
WBGene00005682,7,10,17
WBGene00005683,3,16,19
WBGene00005684,11,7,18
WBGene00005685,8,31,39
WBGene00005686,6,41,47
WBGene00005687,25,60,85
WBGene00005688,2,9,11
WBGene00005689,13,35,48
WBGene00005690,3,31,34
WBGene00005691,3,29,32
WBGene00005692,2,43,45
WBGene00005693,0,2,2
WBGene00005694,4,2,6
WBGene00005696,8,30,38
WBGene00005698,5,2,7
WBGene00005699,1,6,7
WBGene00005700,0,9,9
WBGene00005701,1,14,15
WBGene00005702,5,98,103
WBGene00005703,34,554,588
WBGene00005705,3,33,36
WBGene00005707,3,3,6
WBGene00005708,0,1,1
WBGene00005710,22,47,69
WBGene00005711,0,36,36
WBGene00005712,137,1456,1593
WBGene00005713,3,75,78
WBGene00005714,5,9,14
WBGene00005715,69,36,105
WBGene00005716,14,54,68
WBGene00005717,12,199,211
WBGene00005718,39,279,318
WBGene00005719,71,111,182
WBGene00005720,11,13,24
WBGene00005721,23,10,33
WBGene00005722,14,4,18
WBGene00005723,5,2,7
WBGene00005724,35,39,74
WBGene00005725,13,70,83
WBGene00005726,47,80,127
WBGene00005727,7,25,32
WBGene00005728,4,0,4
WBGene00005730,5,2,7
WBGene00005732,0,2,2
WBGene00005733,0,1,1
WBGene00005735,16,50,66
WBGene00005736,10,15,25
WBGene00005737,7,8,15
WBGene00005738,7,21,28
WBGene00005739,46,111,157
WBGene00005740,0,1,1
WBGene00005741,2,2,4
WBGene00005742,11,11,22
WBGene00005743,19,51,70
WBGene00005744,1,8,9
WBGene00005745,11,31,42
WBGene00005748,12,25,37
WBGene00005749,2,0,2
WBGene00005750,3,1,4
WBGene00005751,2,3,5
WBGene00005753,6,20,26
WBGene00005754,4,36,40
WBGene00005755,5,25,30
WBGene00005756,5,14,19
WBGene00005757,7,57,64
WBGene00005758,2,39,41
WBGene00005759,6,192,198
WBGene00005760,1,1,2
WBGene00005761,0,0,0
WBGene00005762,1,2,3
WBGene00005763,7,15,22
WBGene00005764,2,43,45
WBGene00005766,5,19,24
WBGene00005767,1,1,2
WBGene00005768,2,1,3
WBGene00005769,0,2,2
WBGene00005770,0,4,4
WBGene00005771,1,9,10
WBGene00005773,0,0,0
WBGene00005776,0,1,1
WBGene00005777,0,0,0
WBGene00005778,4,1,5
WBGene00005779,0,0,0
WBGene00005780,3,4,7
WBGene00005781,0,1,1
WBGene00005782,3,4,7
WBGene00005783,1,1,2
WBGene00005785,2,2,4
WBGene00005786,11,2,13
WBGene00005787,5,1,6
WBGene00005788,5,2,7
WBGene00005789,1,8,9
WBGene00005790,0,1,1
WBGene00005791,1,1,2
WBGene00005795,2,1,3
WBGene00005798,0,1,1
WBGene00005800,1,1,2
WBGene00005801,0,4,4
WBGene00005802,1,6,7
WBGene00005803,1,2,3
WBGene00005804,0,0,0
WBGene00005806,2,0,2
WBGene00005807,8,8,16
WBGene00005808,1,8,9
WBGene00005809,1,6,7
WBGene00005810,4,27,31
WBGene00005812,3,1,4
WBGene00005813,4,3,7
WBGene00005814,2,10,12
WBGene00005815,260,1194,1454
WBGene00005816,218,454,672
WBGene00005818,185,861,1046
WBGene00005819,1,2,3
WBGene00005820,11,9,20
WBGene00005822,0,2,2
WBGene00005823,3,0,3
WBGene00005824,2,2,4
WBGene00005826,1,5,6
WBGene00005829,7,6,13
WBGene00005830,3,8,11
WBGene00005831,6,8,14
WBGene00005832,208,1775,1983
WBGene00005833,19,661,680
WBGene00005834,4,50,54
WBGene00005835,1,5,6
WBGene00005836,7,17,24
WBGene00005837,1,106,107
WBGene00005838,6,27,33
WBGene00005841,12,13,25
WBGene00005842,8,3,11
WBGene00005844,2,2,4
WBGene00005845,10,14,24
WBGene00005846,3,8,11
WBGene00005847,3,3,6
WBGene00005848,17,7,24
WBGene00005849,5,18,23
WBGene00005850,5,34,39
WBGene00005854,3,3,6
WBGene00005855,1,8,9
WBGene00005856,14,1,15
WBGene00005858,3,0,3
WBGene00005859,3,7,10
WBGene00005860,1,4,5
WBGene00005862,1,3,4
WBGene00005864,1,0,1
WBGene00005865,2,0,2
WBGene00005866,0,0,0
WBGene00005867,0,1,1
WBGene00005868,2,4,6
WBGene00005869,2,1,3
WBGene00005870,0,0,0
WBGene00005871,2,1,3
WBGene00005874,3,2,5
WBGene00005876,4,4,8
WBGene00005877,12,2,14
WBGene00005880,2,1,3
WBGene00005881,2,2,4
WBGene00005882,0,5,5
WBGene00005883,3,12,15
WBGene00005884,0,0,0
WBGene00005885,0,1,1
WBGene00005886,6,19,25
WBGene00005887,2,1,3
WBGene00005888,6,10,16
WBGene00005889,1,0,1
WBGene00005890,2,2,4
WBGene00005891,3,2,5
WBGene00005892,4,34,38
WBGene00005893,41,272,313
WBGene00005894,0,4,4
WBGene00005895,4,5,9
WBGene00005896,2,4,6
WBGene00005897,2,2,4
WBGene00005898,17,21,38
WBGene00005899,0,0,0
WBGene00005900,19,11,30
WBGene00005901,1,3,4
WBGene00005903,26,64,90
WBGene00005904,14,9,23
WBGene00005905,16,13,29
WBGene00005907,1,7,8
WBGene00005908,5,18,23
WBGene00005909,13,36,49
WBGene00005910,33,214,247
WBGene00005911,0,2,2
WBGene00005912,3,3,6
WBGene00005913,5,5,10
WBGene00005914,1,17,18
WBGene00005915,4,1,5
WBGene00005917,1,1,2
WBGene00005919,2,0,2
WBGene00005920,3,2,5
WBGene00005922,0,1,1
WBGene00005923,0,0,0
WBGene00005924,2,2,4
WBGene00005925,2,21,23
WBGene00005926,20,35,55
WBGene00005927,18,10,28
WBGene00005929,21,105,126
WBGene00005930,0,1,1
WBGene00005931,24,195,219
WBGene00005932,64,84,148
WBGene00005933,1,3,4
WBGene00005934,2,48,50
WBGene00005935,13,28,41
WBGene00005936,91,633,724
WBGene00005937,8,54,62
WBGene00005938,34,118,152
WBGene00005939,2,3,5
WBGene00005941,6,21,27
WBGene00005942,1,1,2
WBGene00005944,1,0,1
WBGene00005945,8,1,9
WBGene00005946,2,4,6
WBGene00005947,24,233,257
WBGene00005949,9,88,97
WBGene00005950,1,6,7
WBGene00005951,0,2,2
WBGene00005953,5,6,11
WBGene00005954,2,0,2
WBGene00005955,2,28,30
WBGene00005956,1,0,1
WBGene00005957,1,1,2
WBGene00005958,18,48,66
WBGene00005959,22,385,407
WBGene00005964,20,81,101
WBGene00005965,241,14,255
WBGene00005967,53,134,187
WBGene00005968,2,20,22
WBGene00005969,14,9,23
WBGene00005971,4,64,68
WBGene00005973,40,15,55
WBGene00005975,79,163,242
WBGene00005976,8,43,51
WBGene00005977,17,103,120
WBGene00005978,0,3,3
WBGene00005979,13,8,21
WBGene00005980,13,15,28
WBGene00005981,4,7,11
WBGene00005983,3,2,5
WBGene00005984,1,1,2
WBGene00005986,5,13,18
WBGene00005987,11,22,33
WBGene00005988,7,48,55
WBGene00005989,6,5,11
WBGene00005992,2,0,2
WBGene00005993,2,2,4
WBGene00005995,4,9,13
WBGene00005996,3,36,39
WBGene00005999,5,31,36
WBGene00006001,4,8,12
WBGene00006002,23,130,153
WBGene00006003,2,14,16
WBGene00006004,7,15,22
WBGene00006005,9,54,63
WBGene00006006,11,69,80
WBGene00006007,4,6,10
WBGene00006008,11,49,60
WBGene00006009,10,10,20
WBGene00006010,3,13,16
WBGene00006011,2,3,5
WBGene00006012,6,25,31
WBGene00006013,2,1,3
WBGene00006016,14,313,327
WBGene00006019,9,64,73
WBGene00006020,9,58,67
WBGene00006021,1,11,12
WBGene00006022,0,2,2
WBGene00006024,0,10,10
WBGene00006025,4,17,21
WBGene00006026,21,75,96
WBGene00006027,4,23,27
WBGene00006028,13,49,62
WBGene00006038,0,2,2
WBGene00006039,0,11,11
WBGene00006040,0,0,0
WBGene00006044,0,14,14
WBGene00006047,0,0,0
WBGene00006048,0,0,0
WBGene00006049,0,0,0
WBGene00006050,25,404,429
WBGene00006051,1,27,28
WBGene00006052,2,2,4
WBGene00006053,2,1,3
WBGene00006055,197,1541,1738
WBGene00006056,20,48,68
WBGene00006058,2,5,7
WBGene00006059,224,2983,3207
WBGene00006060,0,3,3
WBGene00006061,70,3950,4020
WBGene00006062,542,2782,3324
WBGene00006063,28,905,933
WBGene00006064,261,615,876
WBGene00006065,12,58,70
WBGene00006066,102,2969,3071
WBGene00006067,332,2617,2949
WBGene00006068,79,606,685
WBGene00006069,4,23,27
WBGene00006070,0,1,1
WBGene00006071,15,10,25
WBGene00006072,2,19,21
WBGene00006073,0,1,1
WBGene00006074,0,0,0
WBGene00006075,13,170,183
WBGene00006076,0,7,7
WBGene00006077,7,28,35
WBGene00006078,1,2,3
WBGene00006080,13,22,35
WBGene00006081,0,1,1
WBGene00006082,7,0,7
WBGene00006083,7,4,11
WBGene00006084,13,0,13
WBGene00006085,3,29,32
WBGene00006086,4,45,49
WBGene00006087,0,2,2
WBGene00006090,0,1,1
WBGene00006092,0,3,3
WBGene00006093,1,15,16
WBGene00006094,0,1,1
WBGene00006096,4,28,32
WBGene00006097,2,13,15
WBGene00006098,13,10,23
WBGene00006099,6,1,7
WBGene00006101,29,3,32
WBGene00006102,1,8,9
WBGene00006103,9,24,33
WBGene00006104,2,10,12
WBGene00006105,0,1,1
WBGene00006106,1,2,3
WBGene00006108,5,2,7
WBGene00006109,3,24,27
WBGene00006110,2,34,36
WBGene00006111,0,2,2
WBGene00006112,2,11,13
WBGene00006113,22,70,92
WBGene00006117,2,1,3
WBGene00006120,2,0,2
WBGene00006121,3,6,9
WBGene00006122,2,14,16
WBGene00006124,1,7,8
WBGene00006125,4,2,6
WBGene00006126,2,1,3
WBGene00006127,1,5,6
WBGene00006128,0,3,3
WBGene00006129,11,1,12
WBGene00006130,13,12,25
WBGene00006131,0,1,1
WBGene00006133,2,1,3
WBGene00006134,2,5,7
WBGene00006135,6,19,25
WBGene00006136,0,0,0
WBGene00006137,1,2,3
WBGene00006138,7,17,24
WBGene00006139,8,28,36
WBGene00006140,139,31,170
WBGene00006141,2,3,5
WBGene00006142,5,3,8
WBGene00006143,17,77,94
WBGene00006144,2,1,3
WBGene00006145,1,1,2
WBGene00006146,1,7,8
WBGene00006147,2,6,8
WBGene00006148,2,17,19
WBGene00006149,5,17,22
WBGene00006150,1,12,13
WBGene00006151,2,9,11
WBGene00006152,13,29,42
WBGene00006153,2,25,27
WBGene00006154,9,57,66
WBGene00006155,0,25,25
WBGene00006156,0,0,0
WBGene00006157,5,18,23
WBGene00006158,0,5,5
WBGene00006159,3,0,3
WBGene00006160,0,1,1
WBGene00006161,2,12,14
WBGene00006162,14,29,43
WBGene00006163,90,156,246
WBGene00006164,7,11,18
WBGene00006165,4,25,29
WBGene00006166,2,1,3
WBGene00006167,7,55,62
WBGene00006169,20,49,69
WBGene00006170,0,0,0
WBGene00006171,0,0,0
WBGene00006172,23,13,36
WBGene00006173,2,1,3
WBGene00006174,2,0,2
WBGene00006175,2,4,6
WBGene00006176,2,65,67
WBGene00006178,0,3,3
WBGene00006179,0,41,41
WBGene00006180,4,104,108
WBGene00006182,4,22,26
WBGene00006183,7,21,28
WBGene00006184,3,1,4
WBGene00006186,4,5,9
WBGene00006187,4,17,21
WBGene00006188,10,3,13
WBGene00006189,8,24,32
WBGene00006190,4,2,6
WBGene00006191,45,161,206
WBGene00006192,3,1,4
WBGene00006193,11,19,30
WBGene00006195,12,95,107
WBGene00006196,6,2,8
WBGene00006197,2,0,2
WBGene00006198,16,49,65
WBGene00006199,19,18,37
WBGene00006200,0,0,0
WBGene00006201,21,56,77
WBGene00006202,9,20,29
WBGene00006203,10,5,15
WBGene00006204,1,2,3
WBGene00006205,14,21,35
WBGene00006206,2,1,3
WBGene00006207,27,55,82
WBGene00006208,30,28,58
WBGene00006209,5,29,34
WBGene00006210,18,12,30
WBGene00006211,18,45,63
WBGene00006212,19,69,88
WBGene00006213,10,32,42
WBGene00006214,31,4,35
WBGene00006215,1,6,7
WBGene00006216,6,1,7
WBGene00006217,5,14,19
WBGene00006218,22,30,52
WBGene00006219,2,6,8
WBGene00006220,47,276,323
WBGene00006221,3,4,7
WBGene00006222,4,6,10
WBGene00006224,8,20,28
WBGene00006225,9,3,12
WBGene00006226,6,80,86
WBGene00006228,5,6,11
WBGene00006229,1,16,17
WBGene00006230,3,2,5
WBGene00006231,4,4,8
WBGene00006232,2,1,3
WBGene00006233,8,21,29
WBGene00006234,4,9,13
WBGene00006235,0,3,3
WBGene00006236,1,0,1
WBGene00006237,10,98,108
WBGene00006238,1,1,2
WBGene00006239,10,21,31
WBGene00006240,0,0,0
WBGene00006241,3,37,40
WBGene00006242,3,5,8
WBGene00006244,0,9,9
WBGene00006247,1,5,6
WBGene00006249,2,3,5
WBGene00006251,1,15,16
WBGene00006252,2,4,6
WBGene00006253,9,2,11
WBGene00006255,19,17,36
WBGene00006256,1,9,10
WBGene00006257,0,0,0
WBGene00006258,2,18,20
WBGene00006259,3,3,6
WBGene00006260,5,5,10
WBGene00006261,3,5,8
WBGene00006262,2,6,8
WBGene00006263,2,10,12
WBGene00006264,6,4,10
WBGene00006265,1,0,1
WBGene00006266,365,2,367
WBGene00006268,1,17,18
WBGene00006270,4,14,18
WBGene00006271,6,2,8
WBGene00006272,8,159,167
WBGene00006273,3,5,8
WBGene00006274,0,0,0
WBGene00006275,3,3,6
WBGene00006276,2,11,13
WBGene00006277,3,3,6
WBGene00006278,10,12,22
WBGene00006279,13,42,55
WBGene00006280,10,13,23
WBGene00006281,14,2,16
WBGene00006282,0,2,2
WBGene00006283,0,0,0
WBGene00006284,0,0,0
WBGene00006286,13,15,28
WBGene00006287,15,41,56
WBGene00006288,17,35,52
WBGene00006289,1,2,3
WBGene00006306,748,3367,4115
WBGene00006307,133,4023,4156
WBGene00006308,38,279,317
WBGene00006309,61,1425,1486
WBGene00006310,150,223,373
WBGene00006311,21,293,314
WBGene00006318,160,1601,1761
WBGene00006319,41,757,798
WBGene00006321,357,5770,6127
WBGene00006324,58,1640,1698
WBGene00006331,365,14627,14992
WBGene00006342,1218,6160,7378
WBGene00006349,342,1730,2072
WBGene00006351,98,5165,5263
WBGene00006352,164,4573,4737
WBGene00006353,72,1638,1710
WBGene00006359,102,3088,3190
WBGene00006363,318,790,1108
WBGene00006364,387,2231,2618
WBGene00006365,116,1051,1167
WBGene00006366,96,3661,3757
WBGene00006367,205,2614,2819
WBGene00006368,91,944,1035
WBGene00006369,83,2291,2374
WBGene00006371,104,1235,1339
WBGene00006372,194,2677,2871
WBGene00006373,157,3228,3385
WBGene00006374,16,179,195
WBGene00006375,10,491,501
WBGene00006376,13,508,521
WBGene00006377,50,1344,1394
WBGene00006379,87,1360,1447
WBGene00006380,58,951,1009
WBGene00006381,90,4730,4820
WBGene00006382,1222,4503,5725
WBGene00006383,167,594,761
WBGene00006384,366,2153,2519
WBGene00006385,1111,2395,3506
WBGene00006386,252,1650,1902
WBGene00006387,33,555,588
WBGene00006388,54,465,519
WBGene00006389,29,665,694
WBGene00006390,93,986,1079
WBGene00006391,68,729,797
WBGene00006392,220,2783,3003
WBGene00006393,24,857,881
WBGene00006394,29,253,282
WBGene00006395,32,251,283
WBGene00006396,548,2219,2767
WBGene00006397,35,1122,1157
WBGene00006399,24,9,33
WBGene00006402,92,1168,1260
WBGene00006404,2015,21139,23154
WBGene00006405,533,4223,4756
WBGene00006406,281,4102,4383
WBGene00006407,1878,7628,9506
WBGene00006408,1472,21577,23049
WBGene00006409,4,12,16
WBGene00006410,217,3048,3265
WBGene00006411,8,167,175
WBGene00006412,298,1919,2217
WBGene00006414,17,2047,2064
WBGene00006415,235,3405,3640
WBGene00006416,1,15,16
WBGene00006418,5,187,192
WBGene00006419,19,5,24
WBGene00006423,1186,14588,15774
WBGene00006424,346,1146,1492
WBGene00006428,177,257,434
WBGene00006429,49,643,692
WBGene00006430,117,897,1014
WBGene00006431,92,1290,1382
WBGene00006432,225,2277,2502
WBGene00006433,824,20249,21073
WBGene00006434,492,61960,62452
WBGene00006435,32,233,265
WBGene00006436,4234,139473,143707
WBGene00006437,274,6835,7109
WBGene00006438,685,12417,13102
WBGene00006439,563,847956,848519
WBGene00006440,177,745,922
WBGene00006441,116,701,817
WBGene00006442,332,3173,3505
WBGene00006443,30,938,968
WBGene00006444,66,1982,2048
WBGene00006445,115,1102,1217
WBGene00006446,34,577,611
WBGene00006447,28,1863,1891
WBGene00006448,39,1042,1081
WBGene00006449,2,5,7
WBGene00006450,788,3070,3858
WBGene00006452,1234,13486,14720
WBGene00006454,63,653,716
WBGene00006459,49,903,952
WBGene00006460,272,8740,9012
WBGene00006461,43,298,341
WBGene00006462,438,2501,2939
WBGene00006463,75,843,918
WBGene00006464,30,314,344
WBGene00006465,58,3394,3452
WBGene00006466,139,623,762
WBGene00006467,56,1912,1968
WBGene00006468,111,802,913
WBGene00006470,103,7676,7779
WBGene00006471,1,1,2
WBGene00006472,65,2849,2914
WBGene00006473,18,1447,1465
WBGene00006474,43,2460,2503
WBGene00006475,96,677,773
WBGene00006476,514,1854,2368
WBGene00006477,80,288,368
WBGene00006478,184,2160,2344
WBGene00006479,268,3522,3790
WBGene00006481,494,3566,4060
WBGene00006483,539,3412,3951
WBGene00006484,6,1,7
WBGene00006486,52,203,255
WBGene00006487,27,89,116
WBGene00006488,0,0,0
WBGene00006489,85,3559,3644
WBGene00006490,332,2539,2871
WBGene00006491,11,1319,1330
WBGene00006492,117,677,794
WBGene00006493,255,2995,3250
WBGene00006494,23,4665,4688
WBGene00006495,962,4787,5749
WBGene00006496,736,1866,2602
WBGene00006497,224,5861,6085
WBGene00006498,418,3113,3531
WBGene00006499,144,2344,2488
WBGene00006503,58,1700,1758
WBGene00006504,119,2306,2425
WBGene00006505,209,1280,1489
WBGene00006508,1730,5768,7498
WBGene00006509,0,3,3
WBGene00006510,523,3421,3944
WBGene00006512,230,10311,10541
WBGene00006513,520,2432,2952
WBGene00006514,23,1898,1921
WBGene00006515,98,6144,6242
WBGene00006516,59,1345,1404
WBGene00006517,385,2636,3021
WBGene00006518,28,6228,6256
WBGene00006519,5122,61050,66172
WBGene00006520,0,774,774
WBGene00006522,69,234,303
WBGene00006523,131,2466,2597
WBGene00006524,179,2401,2580
WBGene00006525,33,347,380
WBGene00006526,15,131,146
WBGene00006527,1314,10793,12107
WBGene00006528,133,41634,41767
WBGene00006529,2743,45618,48361
WBGene00006530,80,826,906
WBGene00006531,47,334,381
WBGene00006532,59,204,263
WBGene00006533,273,1679,1952
WBGene00006534,415,3437,3852
WBGene00006535,229,1782,2011
WBGene00006536,19,27164,27183
WBGene00006537,619,60179,60798
WBGene00006538,54,1215,1269
WBGene00006539,2,29,31
WBGene00006540,25,1544,1569
WBGene00006541,46,361,407
WBGene00006542,41,994,1035
WBGene00006543,265,3216,3481
WBGene00006544,8,11,19
WBGene00006545,6,20,26
WBGene00006546,3,11,14
WBGene00006547,0,15,15
WBGene00006549,0,0,0
WBGene00006550,2,3,5
WBGene00006551,0,100211,100211
WBGene00006552,6,5,11
WBGene00006553,2,0,2
WBGene00006554,1,1,2
WBGene00006555,28,97,125
WBGene00006556,3,5,8
WBGene00006557,14,4,18
WBGene00006558,0,4,4
WBGene00006559,0,3,3
WBGene00006560,2,1,3
WBGene00006561,212,2001,2213
WBGene00006562,141,1562,1703
WBGene00006563,349,1670,2019
WBGene00006565,97,6120,6217
WBGene00006566,86,1882,1968
WBGene00006567,28,1707,1735
WBGene00006568,18,948,966
WBGene00006570,125,2279,2404
WBGene00006571,195,1877,2072
WBGene00006572,808,8535,9343
WBGene00006573,375,3881,4256
WBGene00006574,264,17936,18200
WBGene00006575,1569,4787,6356
WBGene00006576,78,400,478
WBGene00006577,271,2431,2702
WBGene00006578,270,2423,2693
WBGene00006579,581,6854,7435
WBGene00006580,183,2222,2405
WBGene00006582,328,2623,2951
WBGene00006583,1571,75608,77179
WBGene00006584,2297,33927,36224
WBGene00006585,600,21450,22050
WBGene00006586,897,32811,33708
WBGene00006587,1148,30714,31862
WBGene00006588,2905,40043,42948
WBGene00006589,1541,30021,31562
WBGene00006590,66,2085,2151
WBGene00006591,239,508,747
WBGene00006592,82,1120,1202
WBGene00006593,793,2232,3025
WBGene00006594,1298,5324,6622
WBGene00006595,360,11560,11920
WBGene00006596,210,439,649
WBGene00006597,86,212,298
WBGene00006598,3,69,72
WBGene00006599,1837,3233,5070
WBGene00006600,10,335,345
WBGene00006601,148,20536,20684
WBGene00006602,491,3329,3820
WBGene00006603,1555,7969,9524
WBGene00006604,685,2695,3380
WBGene00006605,228,1607,1835
WBGene00006606,117,955,1072
WBGene00006607,408,4164,4572
WBGene00006608,144,1923,2067
WBGene00006609,100,1454,1554
WBGene00006610,39,337,376
WBGene00006611,6,153,159
WBGene00006612,9,49,58
WBGene00006613,489,6093,6582
WBGene00006614,272,909,1181
WBGene00006615,789,1161,1950
WBGene00006616,74,135,209
WBGene00006617,243,11966,12209
WBGene00006618,121,588,709
WBGene00006619,2,30,32
WBGene00006620,257,637,894
WBGene00006621,78,80,158
WBGene00006622,11,13,24
WBGene00006623,118,223,341
WBGene00006624,248,537,785
WBGene00006625,10,49,59
WBGene00006626,52,11289,11341
WBGene00006627,79,1426,1505
WBGene00006628,42,705,747
WBGene00006629,51,637,688
WBGene00006630,4,45,49
WBGene00006631,1,7,8
WBGene00006632,294,235,529
WBGene00006633,462,3582,4044
WBGene00006634,1133,14533,15666
WBGene00006635,13,1533,1546
WBGene00006636,186,1861,2047
WBGene00006637,46,597,643
WBGene00006638,39,1153,1192
WBGene00006639,67,139,206
WBGene00006640,197,1325,1522
WBGene00006641,82,2481,2563
WBGene00006642,117,2902,3019
WBGene00006643,52,834,886
WBGene00006644,3,15,18
WBGene00006645,38,67,105
WBGene00006646,21,378,399
WBGene00006647,242,1621,1863
WBGene00006648,768,1722,2490
WBGene00006649,209,3339,3548
WBGene00006652,375,1238,1613
WBGene00006654,24,259,283
WBGene00006655,42,378,420
WBGene00006656,40,263,303
WBGene00006657,370,641,1011
WBGene00006658,36,195,231
WBGene00006659,20,12,32
WBGene00006660,34,776,810
WBGene00006661,4,7,11
WBGene00006662,212,923,1135
WBGene00006663,600,5679,6279
WBGene00006664,87,579,666
WBGene00006665,33,96,129
WBGene00006666,92,1439,1531
WBGene00006667,128,929,1057
WBGene00006668,845,1371,2216
WBGene00006669,185,480,665
WBGene00006670,10,45,55
WBGene00006671,167,845,1012
WBGene00006672,189,7701,7890
WBGene00006673,18,98,116
WBGene00006674,58,176,234
WBGene00006675,35,428,463
WBGene00006676,47,221,268
WBGene00006677,55,798,853
WBGene00006678,44,333,377
WBGene00006679,40,290,330
WBGene00006680,115,538,653
WBGene00006681,144,1151,1295
WBGene00006682,145,579,724
WBGene00006683,587,1952,2539
WBGene00006684,331,409,740
WBGene00006685,31,250,281
WBGene00006686,24,118,142
WBGene00006687,29,156,185
WBGene00006688,8,12,20
WBGene00006689,3,1,4
WBGene00006690,43,172,215
WBGene00006691,170,290,460
WBGene00006692,98,1135,1233
WBGene00006693,994,3287,4281
WBGene00006694,15,76,91
WBGene00006695,403,131,534
WBGene00006696,149,897,1046
WBGene00006697,790,5390,6180
WBGene00006698,118,8125,8243
WBGene00006699,150,9630,9780
WBGene00006700,347,1718,2065
WBGene00006701,545,1672,2217
WBGene00006702,356,6597,6953
WBGene00006703,83,4136,4219
WBGene00006704,204,7558,7762
WBGene00006705,299,1222,1521
WBGene00006706,72,5086,5158
WBGene00006707,2,4015,4017
WBGene00006708,144,5831,5975
WBGene00006709,384,4427,4811
WBGene00006710,436,290,726
WBGene00006711,45,1020,1065
WBGene00006712,118,789,907
WBGene00006713,91,4685,4776
WBGene00006714,160,944,1104
WBGene00006715,81,7061,7142
WBGene00006716,37,14,51
WBGene00006717,24,488,512
WBGene00006718,11,89,100
WBGene00006719,1,1,2
WBGene00006720,63,4750,4813
WBGene00006721,66,1095,1161
WBGene00006722,301,470,771
WBGene00006723,137,1962,2099
WBGene00006724,211,7833,8044
WBGene00006725,19242,332998,352240
WBGene00006726,279,3586,3865
WBGene00006727,311,28121,28432
WBGene00006728,16890,284998,301888
WBGene00006729,62,881,943
WBGene00006730,26,9435,9461
WBGene00006731,12,248,260
WBGene00006732,168,1035,1203
WBGene00006733,228,2671,2899
WBGene00006734,56,3113,3169
WBGene00006735,16,1483,1499
WBGene00006736,134,1995,2129
WBGene00006737,36,1388,1424
WBGene00006738,23,1007,1030
WBGene00006739,375,5731,6106
WBGene00006740,18,240,258
WBGene00006741,351,6506,6857
WBGene00006742,1199,3455,4654
WBGene00006743,108,589,697
WBGene00006744,51,660,711
WBGene00006745,704,1625,2329
WBGene00006746,83,825,908
WBGene00006747,1416,1843,3259
WBGene00006748,49,259,308
WBGene00006749,315,2455,2770
WBGene00006750,299,2227,2526
WBGene00006751,776,3089,3865
WBGene00006752,1641,6520,8161
WBGene00006753,1056,10533,11589
WBGene00006754,4146,145842,149988
WBGene00006755,824,7441,8265
WBGene00006756,0,5,5
WBGene00006757,72,4351,4423
WBGene00006759,2778,43469,46247
WBGene00006760,1039,9046,10085
WBGene00006761,103,1203,1306
WBGene00006762,1472,11632,13104
WBGene00006763,289,2291,2580
WBGene00006764,3107,55197,58304
WBGene00006765,285,679,964
WBGene00006766,79,949,1028
WBGene00006767,667,945,1612
WBGene00006768,592,8937,9529
WBGene00006769,1018,2736,3754
WBGene00006770,895,3228,4123
WBGene00006771,826,10566,11392
WBGene00006772,408,4254,4662
WBGene00006773,148,2994,3142
WBGene00006774,96,944,1040
WBGene00006775,27,357,384
WBGene00006776,598,4310,4908
WBGene00006777,430,4075,4505
WBGene00006778,110,1742,1852
WBGene00006779,4008,18014,22022
WBGene00006780,4176,58815,62991
WBGene00006781,299,1927,2226
WBGene00006782,23,579,602
WBGene00006783,92,600,692
WBGene00006784,925,5236,6161
WBGene00006785,23,812,835
WBGene00006786,392,4561,4953
WBGene00006787,1424,18899,20323
WBGene00006788,520,1981,2501
WBGene00006789,1277,110744,112021
WBGene00006790,53,177,230
WBGene00006791,389,3576,3965
WBGene00006792,516,1222,1738
WBGene00006793,83,2201,2284
WBGene00006794,1219,33217,34436
WBGene00006795,59,1889,1948
WBGene00006796,928,6692,7620
WBGene00006797,947,412,1359
WBGene00006798,3260,4404,7664
WBGene00006801,2360,31416,33776
WBGene00006802,326,8421,8747
WBGene00006803,698,15293,15991
WBGene00006804,142,1136,1278
WBGene00006805,3954,12502,16456
WBGene00006807,468,802,1270
WBGene00006808,640,5286,5926
WBGene00006809,601,1335,1936
WBGene00006810,196,3099,3295
WBGene00006811,548,1876,2424
WBGene00006812,865,8239,9104
WBGene00006814,1440,6387,7827
WBGene00006815,732,9385,10117
WBGene00006816,61,2702,2763
WBGene00006817,239,4108,4347
WBGene00006818,178,3338,3516
WBGene00006819,1502,53380,54882
WBGene00006820,3922,44080,48002
WBGene00006822,95,669,764
WBGene00006823,1916,14824,16740
WBGene00006824,173,7702,7875
WBGene00006825,648,8585,9233
WBGene00006826,378,10459,10837
WBGene00006827,5901,6620,12521
WBGene00006829,89,1326,1415
WBGene00006830,2593,2689,5282
WBGene00006831,1062,6807,7869
WBGene00006832,158,1091,1249
WBGene00006833,237,22208,22445
WBGene00006836,190,7426,7616
WBGene00006839,900,9638,10538
WBGene00006840,296,10687,10983
WBGene00006843,294,2171,2465
WBGene00006844,228,3304,3532
WBGene00006845,397,3540,3937
WBGene00006852,68,2928,2996
WBGene00006853,18,617,635
WBGene00006856,61,3111,3172
WBGene00006861,1385,11323,12708
WBGene00006862,37,457,494
WBGene00006863,189,13820,14009
WBGene00006864,81,844,925
WBGene00006865,17,211,228
WBGene00006868,706,2001,2707
WBGene00006869,87,555,642
WBGene00006870,484,1393,1877
WBGene00006873,60,514,574
WBGene00006874,367,6939,7306
WBGene00006875,38,2245,2283
WBGene00006876,1326,15749,17075
WBGene00006881,22,304,326
WBGene00006882,112,1064,1176
WBGene00006886,419,6375,6794
WBGene00006887,410,1362,1772
WBGene00006888,305,4782,5087
WBGene00006889,64,18519,18583
WBGene00006890,657,9003,9660
WBGene00006893,178,2310,2488
WBGene00006894,19,8,27
WBGene00006896,92,1418,1510
WBGene00006897,17,203,220
WBGene00006902,0,5,5
WBGene00006910,0,29690,29690
WBGene00006911,215,49113,49328
WBGene00006912,0,20832,20832
WBGene00006913,86,17144,17230
WBGene00006914,49,5708,5757
WBGene00006915,148,14819,14967
WBGene00006916,223,1097,1320
WBGene00006917,253,34378,34631
WBGene00006918,798,19514,20312
WBGene00006919,417,37109,37526
WBGene00006920,1019,20844,21863
WBGene00006921,48,20879,20927
WBGene00006922,16,749,765
WBGene00006923,4342,8743,13085
WBGene00006924,389,57668,58057
WBGene00006925,4,62,66
WBGene00006926,0,12,12
WBGene00006927,0,25,25
WBGene00006928,1,20,21
WBGene00006929,0,2,2
WBGene00006930,1,42,43
WBGene00006931,110,2322,2432
WBGene00006932,377,3426,3803
WBGene00006933,99,2610,2709
WBGene00006934,249,1893,2142
WBGene00006935,75,3145,3220
WBGene00006936,503,9326,9829
WBGene00006937,619,10135,10754
WBGene00006938,9,55,64
WBGene00006940,9,658,667
WBGene00006941,631,6338,6969
WBGene00006942,158,4189,4347
WBGene00006943,75,957,1032
WBGene00006944,43,871,914
WBGene00006945,245,3095,3340
WBGene00006946,197,1427,1624
WBGene00006947,11,316,327
WBGene00006948,10,569,579
WBGene00006949,65,666,731
WBGene00006950,23,67,90
WBGene00006951,163,2130,2293
WBGene00006952,15,529,544
WBGene00006953,6,2,8
WBGene00006954,2,16,18
WBGene00006955,135,301,436
WBGene00006956,71,2536,2607
WBGene00006957,428,3630,4058
WBGene00006958,93,480,573
WBGene00006959,2117,92410,94527
WBGene00006960,21,129,150
WBGene00006961,638,10540,11178
WBGene00006962,7,29,36
WBGene00006963,57,1522,1579
WBGene00006964,410,4900,5310
WBGene00006965,2,1138,1140
WBGene00006966,6,134,140
WBGene00006968,134,2570,2704
WBGene00006970,30,1512,1542
WBGene00006971,115,1530,1645
WBGene00006974,29,1807,1836
WBGene00006975,1522,11311,12833
WBGene00006976,816,339,1155
WBGene00006977,17,235,252
WBGene00006978,151,5749,5900
WBGene00006979,0,46,46
WBGene00006980,4,594,598
WBGene00006981,8,1262,1270
WBGene00006982,131,2390,2521
WBGene00006983,110,1004,1114
WBGene00006984,1286,6727,8013
WBGene00006985,531,2478,3009
WBGene00006986,509,2011,2520
WBGene00006987,177,369,546
WBGene00006988,117,980,1097
WBGene00006993,464,956,1420
WBGene00006994,317,3997,4314
WBGene00006996,39,2323,2362
WBGene00006997,12,1112,1124
WBGene00006999,1917,26609,28526
WBGene00007000,373,25919,26292
WBGene00007001,35,5152,5187
WBGene00007006,114,688,802
WBGene00007007,175,3027,3202
WBGene00007008,164,4435,4599
WBGene00007009,262,4486,4748
WBGene00007010,295,4332,4627
WBGene00007011,34,557,591
WBGene00007012,116,1045,1161
WBGene00007013,313,1014,1327
WBGene00007014,70,506,576
WBGene00007015,9,866,875
WBGene00007016,1191,10122,11313
WBGene00007017,1196,857,2053
WBGene00007018,146,2107,2253
WBGene00007019,437,3784,4221
WBGene00007020,220,1035,1255
WBGene00007021,78,2172,2250
WBGene00007022,379,4688,5067
WBGene00007023,98,1617,1715
WBGene00007024,301,13144,13445
WBGene00007025,271,2813,3084
WBGene00007026,44,837,881
WBGene00007027,1956,5926,7882
WBGene00007028,108,4579,4687
WBGene00007029,194,1486,1680
WBGene00007030,1905,20109,22014
WBGene00007036,3,26,29
WBGene00007041,213,1324,1537
WBGene00007042,213,10995,11208
WBGene00007043,8,705,713
WBGene00007044,329,4522,4851
WBGene00007045,7,612,619
WBGene00007047,244,1087,1331
WBGene00007048,131,6002,6133
WBGene00007049,5,69,74
WBGene00007050,1050,12380,13430
WBGene00007053,285,10093,10378
WBGene00007054,1374,4718,6092
WBGene00007055,131,5001,5132
WBGene00007056,143,869,1012
WBGene00007057,0,99,99
WBGene00007058,472,8087,8559
WBGene00007059,44,751,795
WBGene00007060,9,5,14
WBGene00007062,0,0,0
WBGene00007063,98,389,487
WBGene00007064,618,608,1226
WBGene00007065,24,387,411
WBGene00007067,78,571,649
WBGene00007068,270,2538,2808
WBGene00007069,14,6,20
WBGene00007070,43,1418,1461
WBGene00007071,166,2167,2333
WBGene00007072,45,500,545
WBGene00007073,353,2125,2478
WBGene00007075,0,0,0
WBGene00007076,0,0,0
WBGene00007079,0,0,0
WBGene00007080,1,4,5
WBGene00007081,3,9,12
WBGene00007082,1,20,21
WBGene00007083,0,7,7
WBGene00007084,63,282,345
WBGene00007085,0,105,105
WBGene00007087,70,1584,1654
WBGene00007088,128,2863,2991
WBGene00007089,112,1809,1921
WBGene00007090,38,1044,1082
WBGene00007091,698,7210,7908
WBGene00007092,33,383,416
WBGene00007093,31,912,943
WBGene00007094,191,788,979
WBGene00007096,46,678,724
WBGene00007097,25,247,272
WBGene00007099,354,6578,6932
WBGene00007100,21,1222,1243
WBGene00007101,63,4544,4607
WBGene00007102,47,494,541
WBGene00007103,590,6574,7164
WBGene00007104,48,523,571
WBGene00007105,118,3878,3996
WBGene00007106,100,3933,4033
WBGene00007107,720,12729,13449
WBGene00007108,337,6330,6667
WBGene00007109,10,433,443
WBGene00007110,138,3235,3373
WBGene00007111,101,3835,3936
WBGene00007112,1647,12951,14598
WBGene00007113,140,3655,3795
WBGene00007114,59,294,353
WBGene00007115,37,626,663
WBGene00007116,85,343,428
WBGene00007117,4,38,42
WBGene00007118,126,1482,1608
WBGene00007119,208,1821,2029
WBGene00007122,188,10327,10515
WBGene00007123,4,3,7
WBGene00007124,38,301,339
WBGene00007125,0,3,3
WBGene00007126,210,1331,1541
WBGene00007127,2,4,6
WBGene00007128,55,613,668
WBGene00007129,38,7926,7964
WBGene00007130,203,2073,2276
WBGene00007131,16,70,86
WBGene00007132,3,52,55
WBGene00007133,43,258,301
WBGene00007134,22,5,27
WBGene00007135,414,2133,2547
WBGene00007136,205,3005,3210
WBGene00007137,143,2278,2421
WBGene00007138,35,255,290
WBGene00007139,314,3032,3346
WBGene00007140,8,48,56
WBGene00007141,5,20,25
WBGene00007142,533,8672,9205
WBGene00007143,184,8745,8929
WBGene00007144,42,2107,2149
WBGene00007145,141,1532,1673
WBGene00007146,28,313,341
WBGene00007148,7,31,38
WBGene00007149,10,178,188
WBGene00007150,12,1357,1369
WBGene00007152,101,858,959
WBGene00007153,72,4611,4683
WBGene00007154,60,450,510
WBGene00007155,579,11743,12322
WBGene00007156,6,6,12
WBGene00007158,17,10,27
WBGene00007159,3,20,23
WBGene00007161,2,1,3
WBGene00007162,149,369,518
WBGene00007163,0,11,11
WBGene00007164,1,13,14
WBGene00007166,24,1070,1094
WBGene00007167,166,1563,1729
WBGene00007168,25,1327,1352
WBGene00007169,9,24,33
WBGene00007170,62,365,427
WBGene00007171,13,165,178
WBGene00007172,10,199,209
WBGene00007173,0,0,0
WBGene00007174,24,310,334
WBGene00007175,135,2154,2289
WBGene00007176,2255,2004,4259
WBGene00007177,22,176,198
WBGene00007178,22,862,884
WBGene00007179,6,28,34
WBGene00007180,151,2490,2641
WBGene00007182,1,6,7
WBGene00007183,3,113,116
WBGene00007184,289,8614,8903
WBGene00007185,1109,10422,11531
WBGene00007186,51,2038,2089
WBGene00007187,56,501,557
WBGene00007188,131,1179,1310
WBGene00007189,52,803,855
WBGene00007190,7,44,51
WBGene00007191,86,582,668
WBGene00007192,668,15956,16624
WBGene00007193,216,2389,2605
WBGene00007194,25,1815,1840
WBGene00007195,130,1988,2118
WBGene00007196,206,432,638
WBGene00007197,944,9875,10819
WBGene00007200,1167,10367,11534
WBGene00007201,249,6972,7221
WBGene00007202,47,528,575
WBGene00007203,2,547,549
WBGene00007204,9,22,31
WBGene00007206,0,0,0
WBGene00007207,148,2288,2436
WBGene00007208,0,0,0
WBGene00007209,4,0,4
WBGene00007210,62,309,371
WBGene00007211,7,6,13
WBGene00007212,23,135,158
WBGene00007213,102,647,749
WBGene00007214,172,1115,1287
WBGene00007215,123,3181,3304
WBGene00007216,524,2077,2601
WBGene00007217,196,6284,6480
WBGene00007218,88,16,104
WBGene00007219,84,3863,3947
WBGene00007220,37,654,691
WBGene00007221,227,2104,2331
WBGene00007222,37,135,172
WBGene00007223,316,7108,7424
WBGene00007224,20,52,72
WBGene00007225,0,58,58
WBGene00007226,135,1668,1803
WBGene00007227,468,12495,12963
WBGene00007228,124,1929,2053
WBGene00007229,24,88,112
WBGene00007230,9,51,60
WBGene00007231,636,861,1497
WBGene00007232,242,1662,1904
WBGene00007233,572,20989,21561
WBGene00007234,1,924,925
WBGene00007235,592,16817,17409
WBGene00007236,10,2524,2534
WBGene00007237,97,733,830
WBGene00007239,0,0,0
WBGene00007240,1403,27652,29055
WBGene00007241,265,1434,1699
WBGene00007242,101,2299,2400
WBGene00007243,0,51,51
WBGene00007244,0,6,6
WBGene00007245,0,12,12
WBGene00007246,0,33,33
WBGene00007247,136,626,762
WBGene00007248,3,8,11
WBGene00007249,3,1,4
WBGene00007250,5,19,24
WBGene00007251,0,9,9
WBGene00007252,64,366,430
WBGene00007253,53,540,593
WBGene00007254,51,1070,1121
WBGene00007255,11,108,119
WBGene00007256,231,7809,8040
WBGene00007257,717,3285,4002
WBGene00007258,93,1029,1122
WBGene00007259,20,3,23
WBGene00007260,1093,1773,2866
WBGene00007261,114,3985,4099
WBGene00007262,33,171,204
WBGene00007264,13,101,114
WBGene00007265,0,18,18
WBGene00007266,75,1003,1078
WBGene00007267,64,1355,1419
WBGene00007268,20,138,158
WBGene00007269,13,13,26
WBGene00007270,34,1121,1155
WBGene00007271,33,1,34
WBGene00007273,36,38,74
WBGene00007274,16,75,91
WBGene00007275,208,685,893
WBGene00007277,16,99,115
WBGene00007278,7,51,58
WBGene00007279,0,4,4
WBGene00007281,8,209,217
WBGene00007282,8,19,27
WBGene00007283,2,0,2
WBGene00007284,314,1283,1597
WBGene00007285,32,359,391
WBGene00007286,30,289,319
WBGene00007287,58,1766,1824
WBGene00007288,4,46,50
WBGene00007289,0,1,1
WBGene00007290,1,2,3
WBGene00007291,4,0,4
WBGene00007292,1,20,21
WBGene00007293,0,3,3
WBGene00007294,0,0,0
WBGene00007295,24,613,637
WBGene00007296,125,2935,3060
WBGene00007297,41,383,424
WBGene00007299,23,855,878
WBGene00007301,1784463,109,1784572
WBGene00007302,44,1128,1172
WBGene00007303,15,135,150
WBGene00007304,100,768,868
WBGene00007305,4,11,15
WBGene00007306,1,4,5
WBGene00007307,11,15,26
WBGene00007308,0,6,6
WBGene00007309,8,18,26
WBGene00007310,21,49,70
WBGene00007311,22,3,25
WBGene00007312,17,1664,1681
WBGene00007313,4,16,20
WBGene00007314,69,81,150
WBGene00007315,5,2,7
WBGene00007316,386,2269,2655
WBGene00007317,39,3755,3794
WBGene00007319,2,0,2
WBGene00007320,0,14,14
WBGene00007321,33,554,587
WBGene00007322,6,164,170
WBGene00007323,3,11,14
WBGene00007324,425,3012,3437
WBGene00007325,8,293,301
WBGene00007326,36,88,124
WBGene00007327,48,241,289
WBGene00007328,7,14,21
WBGene00007329,197,1832,2029
WBGene00007330,526,33410,33936
WBGene00007331,3935,34772,38707
WBGene00007332,1,376,377
WBGene00007333,144,2099,2243
WBGene00007334,50,741,791
WBGene00007335,13,7,20
WBGene00007336,193,4040,4233
WBGene00007337,13,67,80
WBGene00007338,7,261,268
WBGene00007339,18,138,156
WBGene00007340,50,327,377
WBGene00007341,0,280,280
WBGene00007342,0,4,4
WBGene00007343,46,455,501
WBGene00007344,14,124,138
WBGene00007345,66,1017,1083
WBGene00007346,25,123,148
WBGene00007347,89,656,745
WBGene00007348,97,693,790
WBGene00007349,102,756,858
WBGene00007350,948,24537,25485
WBGene00007351,62,191,253
WBGene00007352,288,9709,9997
WBGene00007353,440,3436,3876
WBGene00007354,8,79,87
WBGene00007355,0,11315,11315
WBGene00007356,0,3,3
WBGene00007357,171,1108,1279
WBGene00007358,6,98,104
WBGene00007359,5,1,6
WBGene00007360,28,28,56
WBGene00007361,75,46,121
WBGene00007362,645,3841,4486
WBGene00007363,82,2272,2354
WBGene00007364,14,109,123
WBGene00007365,972,27777,28749
WBGene00007366,657,2513,3170
WBGene00007367,39,434,473
WBGene00007368,11,209,220
WBGene00007369,0,10,10
WBGene00007370,9,11,20
WBGene00007372,70,438,508
WBGene00007373,0,1,1
WBGene00007374,13,137,150
WBGene00007375,68,194,262
WBGene00007377,4,143,147
WBGene00007378,29,93,122
WBGene00007379,6,2,8
WBGene00007380,2,2,4
WBGene00007381,2,2,4
WBGene00007382,2,64,66
WBGene00007383,2,3,5
WBGene00007384,9,515,524
WBGene00007385,5260,92539,97799
WBGene00007386,150,3010,3160
WBGene00007387,902,1398,2300
WBGene00007388,95,1177,1272
WBGene00007389,94,768,862
WBGene00007390,8,5126,5134
WBGene00007391,2,42,44
WBGene00007392,10,367,377
WBGene00007393,14,145,159
WBGene00007394,45,1342,1387
WBGene00007395,132,724,856
WBGene00007396,79,571,650
WBGene00007397,17,188,205
WBGene00007398,5,47,52
WBGene00007399,19,23,42
WBGene00007400,79,3022,3101
WBGene00007401,32,53,85
WBGene00007402,112,1159,1271
WBGene00007403,68,981,1049
WBGene00007404,475,707,1182
WBGene00007405,436,6457,6893
WBGene00007406,59,61,120
WBGene00007407,1,272,273
WBGene00007408,22,980,1002
WBGene00007409,186,1128,1314
WBGene00007410,47,75,122
WBGene00007411,18,396,414
WBGene00007412,38,1448,1486
WBGene00007413,467,5613,6080
WBGene00007414,140,1778,1918
WBGene00007415,8,62,70
WBGene00007416,35,286,321
WBGene00007417,55,1008,1063
WBGene00007418,4,124,128
WBGene00007419,151,1400,1551
WBGene00007420,1,135,136
WBGene00007421,175,1889,2064
WBGene00007422,110,2950,3060
WBGene00007423,11,217,228
WBGene00007424,14,392,406
WBGene00007425,20,356,376
WBGene00007426,19,120,139
WBGene00007427,7,4,11
WBGene00007428,208,3155,3363
WBGene00007429,177,3532,3709
WBGene00007430,29,683,712
WBGene00007431,28,638,666
WBGene00007432,3,6,9
WBGene00007433,326,5713,6039
WBGene00007434,9,788,797
WBGene00007435,15,791,806
WBGene00007436,6,1146,1152
WBGene00007437,20,167,187
WBGene00007438,5,7,12
WBGene00007439,2,10,12
WBGene00007440,49,406,455
WBGene00007441,0,10,10
WBGene00007442,16,18,34
WBGene00007443,0,8394,8394
WBGene00007444,1077,1958,3035
WBGene00007445,42,588,630
WBGene00007446,5,10,15
WBGene00007447,1,19,20
WBGene00007448,3,36,39
WBGene00007449,538,8102,8640
WBGene00007450,400,4147,4547
WBGene00007452,18,79,97
WBGene00007453,3,138,141
WBGene00007454,8,33,41
WBGene00007455,148,6359,6507
WBGene00007456,12,19,31
WBGene00007457,0,4,4
WBGene00007458,0,0,0
WBGene00007459,0,0,0
WBGene00007460,311,8675,8986
WBGene00007462,35,239,274
WBGene00007463,157,23444,23601
WBGene00007464,27,474,501
WBGene00007465,47,65,112
WBGene00007466,1,14,15
WBGene00007467,0,52,52
WBGene00007469,2,27,29
WBGene00007470,0,25,25
WBGene00007471,5,22,27
WBGene00007472,1,1,2
WBGene00007473,0,0,0
WBGene00007474,49,781,830
WBGene00007476,187,1738,1925
WBGene00007478,3,14,17
WBGene00007479,34,967,1001
WBGene00007480,356,1272,1628
WBGene00007482,80,885,965
WBGene00007483,12,230,242
WBGene00007484,10,99,109
WBGene00007485,37,24,61
WBGene00007486,147,978,1125
WBGene00007487,134,1566,1700
WBGene00007488,115,1858,1973
WBGene00007489,1,13,14
WBGene00007490,118,519,637
WBGene00007492,633,5879,6512
WBGene00007493,28,1371,1399
WBGene00007494,6,26,32
WBGene00007495,147,783,930
WBGene00007496,8,6,14
WBGene00007497,1,0,1
WBGene00007499,226,423,649
WBGene00007500,185,3127,3312
WBGene00007501,12,55,67
WBGene00007502,85,379,464
WBGene00007503,4,24,28
WBGene00007504,25,754,779
WBGene00007505,696,4316,5012
WBGene00007506,24,63,87
WBGene00007507,20,106,126
WBGene00007508,4,23,27
WBGene00007509,9,97,106
WBGene00007511,91,1403,1494
WBGene00007512,2,5,7
WBGene00007513,61,507,568
WBGene00007514,182,5937,6119
WBGene00007515,17,537,554
WBGene00007516,90,3699,3789
WBGene00007517,20,1001,1021
WBGene00007518,28,106,134
WBGene00007520,111,1593,1704
WBGene00007521,8,15,23
WBGene00007522,8,42,50
WBGene00007523,1,1,2
WBGene00007525,13,253,266
WBGene00007528,40,415,455
WBGene00007529,72,1103,1175
WBGene00007530,21,82,103
WBGene00007531,54,1093,1147
WBGene00007532,16,372,388
WBGene00007533,204,2671,2875
WBGene00007534,110,10622,10732
WBGene00007535,0,21,21
WBGene00007536,113,1739,1852
WBGene00007537,69,6417,6486
WBGene00007538,2,42,44
WBGene00007540,6,47,53
WBGene00007541,7,1143,1150
WBGene00007542,29,184,213
WBGene00007543,6,217,223
WBGene00007544,116,3923,4039
WBGene00007545,190,858,1048
WBGene00007546,143,1408,1551
WBGene00007547,151,1451,1602
WBGene00007548,58,566,624
WBGene00007549,67,1238,1305
WBGene00007550,32,229,261
WBGene00007551,59,982,1041
WBGene00007552,23,225,248
WBGene00007553,6,5944,5950
WBGene00007554,57,4241,4298
WBGene00007555,11,9268,9279
WBGene00007556,90,1481,1571
WBGene00007557,119,2536,2655
WBGene00007558,91,1399,1490
WBGene00007559,1,3,4
WBGene00007560,12,148,160
WBGene00007561,35,1902,1937
WBGene00007562,225,828,1053
WBGene00007563,6,99,105
WBGene00007564,12,5876,5888
WBGene00007565,19,436,455
WBGene00007567,0,0,0
WBGene00007569,2,0,2
WBGene00007570,2,1,3
WBGene00007571,0,0,0
WBGene00007572,5,2,7
WBGene00007573,27,1374,1401
WBGene00007574,98,3068,3166
WBGene00007576,100,1754,1854
WBGene00007577,198,1207,1405
WBGene00007579,97,1878,1975
WBGene00007580,19,228,247
WBGene00007581,49,956,1005
WBGene00007583,215,1708,1923
WBGene00007584,9,47,56
WBGene00007585,38,513,551
WBGene00007586,62,6632,6694
WBGene00007587,124,5242,5366
WBGene00007588,53,5630,5683
WBGene00007589,3,415,418
WBGene00007590,284,3157,3441
WBGene00007591,113,1792,1905
WBGene00007592,529,3618,4147
WBGene00007593,493,2561,3054
WBGene00007594,42,1043,1085
WBGene00007595,35,247,282
WBGene00007597,255,228,483
WBGene00007598,1,6,7
WBGene00007599,309,1433,1742
WBGene00007600,11,587,598
WBGene00007601,5,15,20
WBGene00007602,654,2056,2710
WBGene00007603,68,481,549
WBGene00007604,13,1835,1848
WBGene00007605,388,28474,28862
WBGene00007606,67,1672,1739
WBGene00007607,26,275,301
WBGene00007608,17,165,182
WBGene00007609,77,3227,3304
WBGene00007610,0,4,4
WBGene00007611,5,46,51
WBGene00007613,0,6,6
WBGene00007614,191,391,582
WBGene00007615,124,1278,1402
WBGene00007616,282,4789,5071
WBGene00007617,441,14995,15436
WBGene00007618,0,6,6
WBGene00007619,200,839,1039
WBGene00007620,2875,2754,5629
WBGene00007621,446,3874,4320
WBGene00007622,98,510,608
WBGene00007623,273,3968,4241
WBGene00007624,12,958,970
WBGene00007625,154,4156,4310
WBGene00007626,70,2508,2578
WBGene00007627,31,1664,1695
WBGene00007628,198,3041,3239
WBGene00007629,48,207,255
WBGene00007630,34,38361,38395
WBGene00007631,45,35,80
WBGene00007632,0,34,34
WBGene00007633,122,273,395
WBGene00007634,0,36,36
WBGene00007635,310,815,1125
WBGene00007636,15,17,32
WBGene00007637,262,1605,1867
WBGene00007638,0,0,0
WBGene00007639,6,28,34
WBGene00007640,250,900,1150
WBGene00007641,0,1,1
WBGene00007642,0,7,7
WBGene00007643,13,74,87
WBGene00007644,8,100,108
WBGene00007645,777,3493,4270
WBGene00007646,501,11724,12225
WBGene00007647,794,5665,6459
WBGene00007648,3,36,39
WBGene00007649,3,1,4
WBGene00007650,172,1768,1940
WBGene00007651,161,1376,1537
WBGene00007652,74,1278,1352
WBGene00007653,193,5162,5355
WBGene00007655,171,3,174
WBGene00007656,7,16,23
WBGene00007657,6,3,9
WBGene00007658,9,4,13
WBGene00007659,1,9,10
WBGene00007660,6,14,20
WBGene00007661,3,3,6
WBGene00007662,2,7,9
WBGene00007663,14,25,39
WBGene00007664,142,1575,1717
WBGene00007666,226,2002,2228
WBGene00007668,131,2204,2335
WBGene00007669,14,52,66
WBGene00007670,80,295,375
WBGene00007672,53,955,1008
WBGene00007673,0,0,0
WBGene00007674,1,2,3
WBGene00007675,41,462,503
WBGene00007678,3,3,6
WBGene00007679,66,3430,3496
WBGene00007680,86,652,738
WBGene00007681,1025,7101,8126
WBGene00007682,5,41,46
WBGene00007683,912,16539,17451
WBGene00007684,1426,22198,23624
WBGene00007685,301,6106,6407
WBGene00007686,93,12816,12909
WBGene00007687,60,524,584
WBGene00007688,1,17,18
WBGene00007689,146,6210,6356
WBGene00007690,619,1003,1622
WBGene00007691,15,26,41
WBGene00007692,18,457,475
WBGene00007693,5,11,16
WBGene00007694,18,202,220
WBGene00007695,35,676,711
WBGene00007696,96,9185,9281
WBGene00007697,116,860,976
WBGene00007698,92,1516,1608
WBGene00007699,1,0,1
WBGene00007700,0,0,0
WBGene00007701,3,15,18
WBGene00007702,129,550,679
WBGene00007703,1179,4573,5752
WBGene00007704,25,281,306
WBGene00007705,16,1415,1431
WBGene00007706,103,3100,3203
WBGene00007707,33,2700,2733
WBGene00007708,0,0,0
WBGene00007709,3,649,652
WBGene00007710,32,1376,1408
WBGene00007711,28,1688,1716
WBGene00007712,13,6454,6467
WBGene00007713,0,23,23
WBGene00007714,0,0,0
WBGene00007716,0,36,36
WBGene00007717,5,73,78
WBGene00007718,1,2942,2943
WBGene00007719,0,6,6
WBGene00007720,4,1389,1393
WBGene00007722,128,1543,1671
WBGene00007723,24,40,64
WBGene00007724,27,447,474
WBGene00007725,43,505,548
WBGene00007726,25,389,414
WBGene00007727,3,5,8
WBGene00007728,27,874,901
WBGene00007729,14,244,258
WBGene00007730,25,1697,1722
WBGene00007731,3,1507,1510
WBGene00007732,0,66,66
WBGene00007733,0,5,5
WBGene00007734,1,7,8
WBGene00007735,3,0,3
WBGene00007736,81,872,953
WBGene00007739,85,63,148
WBGene00007740,2,19,21
WBGene00007741,111,474,585
WBGene00007742,31,53,84
WBGene00007743,306,3888,4194
WBGene00007744,512,694,1206
WBGene00007745,122,730,852
WBGene00007746,85,1043,1128
WBGene00007747,5,7,12
WBGene00007748,52,274,326
WBGene00007749,33,691,724
WBGene00007750,77,1225,1302
WBGene00007751,32,145,177
WBGene00007752,511,3489,4000
WBGene00007753,166,825,991
WBGene00007755,43,238,281
WBGene00007756,237,1687,1924
WBGene00007757,119,365,484
WBGene00007758,122,1619,1741
WBGene00007759,0,4,4
WBGene00007760,45,941,986
WBGene00007761,412,3419,3831
WBGene00007762,12,814,826
WBGene00007763,38,155,193
WBGene00007764,282,1573,1855
WBGene00007765,15,40,55
WBGene00007766,1,304,305
WBGene00007768,9,4,13
WBGene00007769,2,0,2
WBGene00007770,0,0,0
WBGene00007771,3,278,281
WBGene00007772,180,2482,2662
WBGene00007773,2,3,5
WBGene00007774,90,1626,1716
WBGene00007775,280,774,1054
WBGene00007776,121,1555,1676
WBGene00007777,3,15,18
WBGene00007778,14,16,30
WBGene00007779,75,719,794
WBGene00007780,15,373,388
WBGene00007784,156,8048,8204
WBGene00007785,30,2079,2109
WBGene00007786,200,13300,13500
WBGene00007787,11,3610,3621
WBGene00007788,19,178,197
WBGene00007789,18,183,201
WBGene00007791,16,61,77
WBGene00007792,2,4,6
WBGene00007793,0,6,6
WBGene00007794,1,2,3
WBGene00007795,0,2,2
WBGene00007796,27,165,192
WBGene00007797,25,304,329
WBGene00007799,472,1623,2095
WBGene00007800,34,77,111
WBGene00007801,401,2216,2617
WBGene00007802,23,6,29
WBGene00007804,1,96,97
WBGene00007805,1,5,6
WBGene00007806,6,30,36
WBGene00007807,309,2809,3118
WBGene00007808,53,439,492
WBGene00007809,6,195,201
WBGene00007810,205,2101,2306
WBGene00007811,443,8707,9150
WBGene00007812,423,5575,5998
WBGene00007813,11,12,23
WBGene00007816,600,529,1129
WBGene00007817,761,2124,2885
WBGene00007818,52,528,580
WBGene00007819,18,509,527
WBGene00007820,94,885,979
WBGene00007822,7,2,9
WBGene00007823,43,194,237
WBGene00007824,1796,7959,9755
WBGene00007825,25,766,791
WBGene00007826,22,2023,2045
WBGene00007827,392,6283,6675
WBGene00007829,25,7,32
WBGene00007831,0,14,14
WBGene00007832,0,16,16
WBGene00007833,33,483,516
WBGene00007834,1,6,7
WBGene00007835,9,86,95
WBGene00007836,43,5876,5919
WBGene00007837,64,887,951
WBGene00007840,215,379,594
WBGene00007841,180,5193,5373
WBGene00007842,2,86,88
WBGene00007844,9,11,20
WBGene00007845,0,49,49
WBGene00007846,39,909,948
WBGene00007847,36,601,637
WBGene00007848,1071,23650,24721
WBGene00007849,127,541,668
WBGene00007850,1,6,7
WBGene00007851,9,70,79
WBGene00007852,0,2,2
WBGene00007853,2,41,43
WBGene00007854,93,302,395
WBGene00007855,0,1491,1491
WBGene00007856,31,647,678
WBGene00007857,49,2038,2087
WBGene00007858,12,88,100
WBGene00007859,117,3105,3222
WBGene00007860,794,3325,4119
WBGene00007861,14,93,107
WBGene00007862,266,1097,1363
WBGene00007863,9,11,20
WBGene00007864,14,192,206
WBGene00007865,5,0,5
WBGene00007866,6,89,95
WBGene00007867,93,1903,1996
WBGene00007868,3,1026,1029
WBGene00007869,1,27,28
WBGene00007870,14,154,168
WBGene00007871,0,0,0
WBGene00007872,0,0,0
WBGene00007873,0,3,3
WBGene00007874,0,32,32
WBGene00007875,80,2512,2592
WBGene00007876,3,3,6
WBGene00007877,619,6438,7057
WBGene00007878,353,622,975
WBGene00007880,2138,19756,21894
WBGene00007881,100,3718,3818
WBGene00007882,138,7320,7458
WBGene00007883,511,20220,20731
WBGene00007885,364,4547,4911
WBGene00007886,215,1173,1388
WBGene00007887,2,2,4
WBGene00007888,30,63,93
WBGene00007890,90,633,723
WBGene00007891,14,93,107
WBGene00007892,9,2736,2745
WBGene00007893,8,6,14
WBGene00007894,2,23,25
WBGene00007895,3,5,8
WBGene00007896,41,59,100
WBGene00007897,4,29,33
WBGene00007898,7,188,195
WBGene00007900,88,1827,1915
WBGene00007901,13,463,476
WBGene00007903,15,255,270
WBGene00007904,48,507,555
WBGene00007905,1,4,5
WBGene00007906,65,760,825
WBGene00007907,1758,2716,4474
WBGene00007908,458,1252,1710
WBGene00007909,117,311,428
WBGene00007910,5,109,114
WBGene00007911,24,479,503
WBGene00007912,96,1783,1879
WBGene00007913,115,348,463
WBGene00007914,131,1711,1842
WBGene00007916,19,463,482
WBGene00007917,155,1885,2040
WBGene00007918,75,2110,2185
WBGene00007919,224,1026,1250
WBGene00007920,0,7,7
WBGene00007921,245,2938,3183
WBGene00007922,255,1814,2069
WBGene00007923,318,2808,3126
WBGene00007924,223,6866,7089
WBGene00007925,70,1045,1115
WBGene00007926,47,144,191
WBGene00007927,542,10204,10746
WBGene00007928,34,562,596
WBGene00007929,29,422,451
WBGene00007930,0,0,0
WBGene00007931,58,885,943
WBGene00007932,695,2641,3336
WBGene00007933,44,737,781
WBGene00007934,150,3568,3718
WBGene00007935,80,127,207
WBGene00007937,22,203,225
WBGene00007938,32,1254,1286
WBGene00007939,41,410,451
WBGene00007941,51,377,428
WBGene00007942,181,3120,3301
WBGene00007943,63,1556,1619
WBGene00007944,160,1986,2146
WBGene00007945,66,629,695
WBGene00007946,118,1628,1746
WBGene00007947,162,1489,1651
WBGene00007948,119,195,314
WBGene00007949,17,86,103
WBGene00007950,350,2331,2681
WBGene00007951,178,775,953
WBGene00007952,103,4003,4106
WBGene00007953,148,705,853
WBGene00007954,7,17,24
WBGene00007955,143,6511,6654
WBGene00007956,74,886,960
WBGene00007957,31,259,290
WBGene00007958,273,1332,1605
WBGene00007959,245,1355,1600
WBGene00007960,0,2,2
WBGene00007961,0,5,5
WBGene00007963,4,75,79
WBGene00007964,89,2773,2862
WBGene00007965,33,1001,1034
WBGene00007966,18,444,462
WBGene00007967,21,559,580
WBGene00007969,114,8723,8837
WBGene00007970,32,223,255
WBGene00007971,216,4369,4585
WBGene00007972,156,1401,1557
WBGene00007973,44,615,659
WBGene00007974,113,2043,2156
WBGene00007975,130,1847,1977
WBGene00007976,53,1017,1070
WBGene00007977,5,20,25
WBGene00007978,80,861,941
WBGene00007979,59,1631,1690
WBGene00007980,208,8107,8315
WBGene00007981,138,2366,2504
WBGene00007982,233,1717,1950
WBGene00007983,143,774,917
WBGene00007984,204,4105,4309
WBGene00007985,183,325,508
WBGene00007986,1,2,3
WBGene00007987,1,10,11
WBGene00007988,35,142,177
WBGene00007989,6,218,224
WBGene00007990,3,107,110
WBGene00007991,50,568,618
WBGene00007992,3,181,184
WBGene00007993,157,7289,7446
WBGene00007994,57,433,490
WBGene00007995,9,6,15
WBGene00007996,2,22,24
WBGene00007997,8872,110,8982
WBGene00007998,4,6,10
WBGene00007999,21,485,506
WBGene00008000,131,4005,4136
WBGene00008001,3,0,3
WBGene00008002,126,738,864
WBGene00008003,18,424,442
WBGene00008005,34,507,541
WBGene00008006,266,2149,2415
WBGene00008007,10,71,81
WBGene00008008,125,569,694
WBGene00008009,7,14,21
WBGene00008010,17,20,37
WBGene00008012,0,6,6
WBGene00008014,3,18,21
WBGene00008015,3,0,3
WBGene00008016,2,2,4
WBGene00008017,5,19,24
WBGene00008018,275,1068,1343
WBGene00008019,64,1375,1439
WBGene00008020,12,261,273
WBGene00008021,20,254,274
WBGene00008022,51,430,481
WBGene00008023,4,179,183
WBGene00008024,2,8,10
WBGene00008025,20,525,545
WBGene00008027,35,544,579
WBGene00008028,98,1169,1267
WBGene00008029,1,5,6
WBGene00008030,1,9,10
WBGene00008031,28,176,204
WBGene00008032,250,7666,7916
WBGene00008033,308,1968,2276
WBGene00008034,345,5632,5977
WBGene00008035,41,2308,2349
WBGene00008036,1,2,3
WBGene00008037,9,61,70
WBGene00008038,58,193,251
WBGene00008039,33,648,681
WBGene00008040,227,3683,3910
WBGene00008041,286,5442,5728
WBGene00008042,39,576,615
WBGene00008043,682,5064,5746
WBGene00008044,9,61,70
WBGene00008045,39,368,407
WBGene00008047,16,71,87
WBGene00008049,8,8,16
WBGene00008050,15,525,540
WBGene00008051,79,395,474
WBGene00008052,75,1220,1295
WBGene00008053,107,4977,5084
WBGene00008054,27,20,47
WBGene00008056,3,1,4
WBGene00008057,2,16,18
WBGene00008058,0,4,4
WBGene00008059,0,0,0
WBGene00008060,0,0,0
WBGene00008061,11,148,159
WBGene00008062,17,264,281
WBGene00008063,4,14,18
WBGene00008064,1176,497,1673
WBGene00008065,85,320,405
WBGene00008066,5,66,71
WBGene00008067,1,5,6
WBGene00008068,0,2,2
WBGene00008069,1,0,1
WBGene00008070,0,56,56
WBGene00008071,8,21,29
WBGene00008072,2,34,36
WBGene00008073,3,492,495
WBGene00008074,1,40,41
WBGene00008075,42,118,160
WBGene00008076,45,726,771
WBGene00008077,3,37,40
WBGene00008078,53,604,657
WBGene00008079,5,15,20
WBGene00008080,2,60,62
WBGene00008081,255,1580,1835
WBGene00008082,80,425,505
WBGene00008084,7,40,47
WBGene00008085,39,786,825
WBGene00008086,8,61,69
WBGene00008087,2,1,3
WBGene00008088,1,4,5
WBGene00008089,863,4895,5758
WBGene00008090,1,5,6
WBGene00008091,46,481,527
WBGene00008092,4,31,35
WBGene00008093,32,96,128
WBGene00008094,421,960,1381
WBGene00008095,12,153,165
WBGene00008096,15,412,427
WBGene00008097,11,483,494
WBGene00008099,8,107,115
WBGene00008100,170,1487,1657
WBGene00008101,53,1244,1297
WBGene00008102,6,128,134
WBGene00008105,6,34,40
WBGene00008106,4,52,56
WBGene00008107,28,1851,1879
WBGene00008110,544,9409,9953
WBGene00008111,17,187,204
WBGene00008113,8,16,24
WBGene00008114,33,725,758
WBGene00008116,43,187,230
WBGene00008117,97,9709,9806
WBGene00008118,300,1928,2228
WBGene00008119,585,2753,3338
WBGene00008120,562,1951,2513
WBGene00008121,179,3654,3833
WBGene00008122,0,5,5
WBGene00008123,106,1519,1625
WBGene00008124,5,8,13
WBGene00008125,0,0,0
WBGene00008126,5,21,26
WBGene00008127,97,568,665
WBGene00008128,23,207,230
WBGene00008129,10,12,22
WBGene00008130,7,269,276
WBGene00008131,74,1815,1889
WBGene00008132,465,1891,2356
WBGene00008133,309,780,1089
WBGene00008134,131,1512,1643
WBGene00008136,82,1971,2053
WBGene00008137,2,63,65
WBGene00008138,2,30,32
WBGene00008139,14,132,146
WBGene00008140,478,753,1231
WBGene00008141,5,8,13
WBGene00008142,130,845,975
WBGene00008143,123,2121,2244
WBGene00008144,69,422,491
WBGene00008145,112,543,655
WBGene00008146,17,62,79
WBGene00008147,308,4872,5180
WBGene00008148,47,1232,1279
WBGene00008149,399,28524,28923
WBGene00008150,14,85,99
WBGene00008151,232,7331,7563
WBGene00008152,16,580,596
WBGene00008153,10,14,24
WBGene00008154,4,3,7
WBGene00008155,35,93,128
WBGene00008156,10,18,28
WBGene00008157,1,9,10
WBGene00008158,2,4,6
WBGene00008159,3,2,5
WBGene00008160,4,6,10
WBGene00008161,2,19,21
WBGene00008162,4,3,7
WBGene00008163,0,3,3
WBGene00008164,52,3348,3400
WBGene00008165,33,1669,1702
WBGene00008166,52,1645,1697
WBGene00008167,210,1481,1691
WBGene00008168,68,742,810
WBGene00008169,15,229,244
WBGene00008170,22,570,592
WBGene00008171,8,136,144
WBGene00008172,0,214,214
WBGene00008173,21,732,753
WBGene00008174,35,355,390
WBGene00008175,3,13,16
WBGene00008176,10,102,112
WBGene00008177,63,553,616
WBGene00008178,191,75,266
WBGene00008180,53,889,942
WBGene00008183,1853,2864,4717
WBGene00008184,5,115,120
WBGene00008185,19,27,46
WBGene00008186,15,14,29
WBGene00008187,52,14,66
WBGene00008188,5,1,6
WBGene00008190,33,26,59
WBGene00008191,196,9306,9502
WBGene00008194,332,3277,3609
WBGene00008195,103,967,1070
WBGene00008196,80,1243,1323
WBGene00008197,76,709,785
WBGene00008198,43,2216,2259
WBGene00008199,149,2106,2255
WBGene00008200,35,442,477
WBGene00008201,6,15,21
WBGene00008202,1,58,59
WBGene00008203,35,281,316
WBGene00008204,26,607,633
WBGene00008205,702,49411,50113
WBGene00008206,142,1280,1422
WBGene00008207,1,14,15
WBGene00008208,21,255,276
WBGene00008209,0,6,6
WBGene00008210,0,35,35
WBGene00008211,0,578,578
WBGene00008212,13,231,244
WBGene00008213,747,215,962
WBGene00008214,182,1044,1226
WBGene00008215,19,4009,4028
WBGene00008216,21,176,197
WBGene00008217,1,5,6
WBGene00008218,33,2683,2716
WBGene00008219,14,1248,1262
WBGene00008220,16,1289,1305
WBGene00008221,87,1516,1603
WBGene00008222,27,167,194
WBGene00008223,13,29,42
WBGene00008224,436,5776,6212
WBGene00008225,46,2017,2063
WBGene00008226,501,6090,6591
WBGene00008227,448,3220,3668
WBGene00008228,58,2063,2121
WBGene00008229,511,13801,14312
WBGene00008230,51,163,214
WBGene00008231,2,27,29
WBGene00008232,18,689,707
WBGene00008233,42,1372,1414
WBGene00008234,34,422,456
WBGene00008235,10,109,119
WBGene00008236,88,489,577
WBGene00008237,143,2736,2879
WBGene00008238,45,1527,1572
WBGene00008239,58,1101,1159
WBGene00008240,5,17,22
WBGene00008241,3,4,7
WBGene00008242,0,18,18
WBGene00008243,1,4,5
WBGene00008244,0,2,2
WBGene00008245,3,68,71
WBGene00008246,30,492,522
WBGene00008247,10,4,14
WBGene00008248,9,156,165
WBGene00008249,44,86,130
WBGene00008250,22,76,98
WBGene00008251,50,164,214
WBGene00008252,24,226,250
WBGene00008254,291,6372,6663
WBGene00008255,537,7069,7606
WBGene00008256,80,502,582
WBGene00008257,3,358,361
WBGene00008258,120,3455,3575
WBGene00008259,2,22,24
WBGene00008260,35,627,662
WBGene00008261,72,138,210
WBGene00008262,1210,87221,88431
WBGene00008263,288,195,483
WBGene00008265,406,830,1236
WBGene00008266,79,1055,1134
WBGene00008267,11,151,162
WBGene00008268,3,0,3
WBGene00008269,3,93,96
WBGene00008270,226,614,840
WBGene00008271,3,27,30
WBGene00008272,43,75,118
WBGene00008273,129,2591,2720
WBGene00008274,547,4680,5227
WBGene00008275,68,816,884
WBGene00008277,29,20,49
WBGene00008278,85,313,398
WBGene00008279,128,4,132
WBGene00008280,72,259,331
WBGene00008281,45,936,981
WBGene00008283,109,1428,1537
WBGene00008284,138,970,1108
WBGene00008285,31,23,54
WBGene00008286,18,24,42
WBGene00008287,132,768,900
WBGene00008288,88,1286,1374
WBGene00008289,0,0,0
WBGene00008290,7,63,70
WBGene00008291,1,1,2
WBGene00008292,17,288,305
WBGene00008293,2,1,3
WBGene00008294,0,15,15
WBGene00008295,0,0,0
WBGene00008296,447,4764,5211
WBGene00008297,3,6,9
WBGene00008298,2600,44298,46898
WBGene00008299,9,9,18
WBGene00008300,18,358,376
WBGene00008301,25,102,127
WBGene00008302,16,45,61
WBGene00008303,52,320,372
WBGene00008304,24,297,321
WBGene00008306,8,36,44
WBGene00008307,326,850,1176
WBGene00008308,9,7,16
WBGene00008309,33,253,286
WBGene00008310,92,881,973
WBGene00008311,178,3488,3666
WBGene00008312,10,4,14
WBGene00008313,4,14,18
WBGene00008314,64,215,279
WBGene00008315,225,1523,1748
WBGene00008316,88,777,865
WBGene00008317,128,1606,1734
WBGene00008318,11,702,713
WBGene00008319,0,7,7
WBGene00008320,54,342,396
WBGene00008321,1,0,1
WBGene00008322,1,1,2
WBGene00008323,8,464,472
WBGene00008324,2,47,49
WBGene00008325,2,52,54
WBGene00008326,0,0,0
WBGene00008327,3,6,9
WBGene00008328,2,3,5
WBGene00008329,3,0,3
WBGene00008330,24,1804,1828
WBGene00008331,254,3408,3662
WBGene00008332,40,678,718
WBGene00008333,53,1265,1318
WBGene00008334,161,1468,1629
WBGene00008335,111,1936,2047
WBGene00008336,32,702,734
WBGene00008338,282,4585,4867
WBGene00008339,76,1384,1460
WBGene00008340,4,26,30
WBGene00008341,70,1939,2009
WBGene00008342,115,595,710
WBGene00008343,24,2089,2113
WBGene00008344,225,2320,2545
WBGene00008345,132,2513,2645
WBGene00008346,15,128,143
WBGene00008348,225,644,869
WBGene00008352,32,873,905
WBGene00008353,7,689,696
WBGene00008354,106,2644,2750
WBGene00008355,21,88,109
WBGene00008356,22,16785,16807
WBGene00008357,8,2440,2448
WBGene00008358,16,4170,4186
WBGene00008359,43,8487,8530
WBGene00008360,5,3419,3424
WBGene00008361,56,870,926
WBGene00008362,114,816,930
WBGene00008363,22,587,609
WBGene00008364,28,982,1010
WBGene00008365,16,82,98
WBGene00008366,537,1855,2392
WBGene00008367,1,15,16
WBGene00008368,301,1613,1914
WBGene00008369,273,994,1267
WBGene00008370,224,2291,2515
WBGene00008371,143,1575,1718
WBGene00008372,39,366,405
WBGene00008375,49,6510,6559
WBGene00008376,471,3870,4341
WBGene00008377,0,4,4
WBGene00008378,0,2,2
WBGene00008379,28,482,510
WBGene00008380,90,2254,2344
WBGene00008381,11,1,12
WBGene00008382,50,457,507
WBGene00008383,0,23,23
WBGene00008384,25,306,331
WBGene00008385,30,684,714
WBGene00008386,380,6210,6590
WBGene00008387,34,270,304
WBGene00008388,32,226,258
WBGene00008389,44,1147,1191
WBGene00008390,123,917,1040
WBGene00008392,1338,12521,13859
WBGene00008393,1,5,6
WBGene00008394,2,3,5
WBGene00008395,513,6095,6608
WBGene00008396,0,28,28
WBGene00008397,0,0,0
WBGene00008398,431,5348,5779
WBGene00008399,90,620,710
WBGene00008400,207,2498,2705
WBGene00008401,56,340,396
WBGene00008402,56,1510,1566
WBGene00008403,47,290,337
WBGene00008404,42,2204,2246
WBGene00008405,28,3515,3543
WBGene00008407,677,2442,3119
WBGene00008408,125,6616,6741
WBGene00008409,122,4454,4576
WBGene00008410,89,2649,2738
WBGene00008411,139,2249,2388
WBGene00008412,220,2726,2946
WBGene00008413,67,2027,2094
WBGene00008414,494,21953,22447
WBGene00008415,226,9652,9878
WBGene00008417,55,740,795
WBGene00008418,50,511,561
WBGene00008419,1088,5793,6881
WBGene00008420,205,3027,3232
WBGene00008421,208,1385,1593
WBGene00008422,48,2362,2410
WBGene00008423,6,634,640
WBGene00008424,19,318,337
WBGene00008425,78,1196,1274
WBGene00008426,205,1066,1271
WBGene00008427,12,67,79
WBGene00008428,58,1732,1790
WBGene00008429,100,1752,1852
WBGene00008430,674,5267,5941
WBGene00008431,260,1157,1417
WBGene00008432,127,1204,1331
WBGene00008433,4,5,9
WBGene00008434,18,785,803
WBGene00008435,185,1175,1360
WBGene00008436,361,4109,4470
WBGene00008438,1567,4716,6283
WBGene00008439,238,1313,1551
WBGene00008440,9,316,325
WBGene00008441,250,982,1232
WBGene00008442,248,1107,1355
WBGene00008443,3508,1939,5447
WBGene00008444,1088,1780,2868
WBGene00008446,1230,17823,19053
WBGene00008447,37,838,875
WBGene00008448,0,37,37
WBGene00008449,18,297,315
WBGene00008450,42,2423,2465
WBGene00008451,38,499,537
WBGene00008452,182,6021,6203
WBGene00008453,353,3902,4255
WBGene00008454,34,2306,2340
WBGene00008455,190,3625,3815
WBGene00008456,20,886,906
WBGene00008457,105,677,782
WBGene00008458,148,2143,2291
WBGene00008459,173,2383,2556
WBGene00008460,74,86,160
WBGene00008462,31,532,563
WBGene00008463,24,69,93
WBGene00008464,0,1,1
WBGene00008468,22,42,64
WBGene00008470,0,0,0
WBGene00008471,2,1,3
WBGene00008472,8,4,12
WBGene00008473,2,2,4
WBGene00008474,1,0,1
WBGene00008475,11,53,64
WBGene00008476,103,301,404
WBGene00008477,1,2319,2320
WBGene00008478,2,7,9
WBGene00008479,1,0,1
WBGene00008480,169,8004,8173
WBGene00008481,42,254,296
WBGene00008482,9,148,157
WBGene00008483,49,503,552
WBGene00008484,34,3338,3372
WBGene00008485,10,36,46
WBGene00008486,152,12186,12338
WBGene00008488,53,590,643
WBGene00008489,34,63,97
WBGene00008490,44,589,633
WBGene00008491,139,166,305
WBGene00008492,94,2011,2105
WBGene00008493,7,117,124
WBGene00008494,77,1573,1650
WBGene00008495,210,4034,4244
WBGene00008496,28,302,330
WBGene00008497,3,4,7
WBGene00008498,46,407,453
WBGene00008499,153,1440,1593
WBGene00008500,176,301,477
WBGene00008502,206,2713,2919
WBGene00008503,16,451,467
WBGene00008504,28,1453,1481
WBGene00008505,1306,77535,78841
WBGene00008506,182,27438,27620
WBGene00008507,3,12,15
WBGene00008508,1,31,32
WBGene00008509,21,2089,2110
WBGene00008510,294,3460,3754
WBGene00008511,15,104,119
WBGene00008512,37,113,150
WBGene00008513,132,491,623
WBGene00008514,449,10992,11441
WBGene00008515,194,1420,1614
WBGene00008516,17,436,453
WBGene00008517,23,209,232
WBGene00008518,38,190,228
WBGene00008519,423,1734,2157
WBGene00008520,96,156,252
WBGene00008521,238,3770,4008
WBGene00008522,8,1181,1189
WBGene00008523,6,1,7
WBGene00008524,11,33,44
WBGene00008526,0,5,5
WBGene00008527,7,1,8
WBGene00008528,202,2329,2531
WBGene00008529,8,96,104
WBGene00008530,329,5833,6162
WBGene00008531,140,1697,1837
WBGene00008532,193,4592,4785
WBGene00008533,260,1314,1574
WBGene00008535,6,9,15
WBGene00008536,3,1,4
WBGene00008538,610,5353,5963
WBGene00008539,4,4,8
WBGene00008540,4,1,5
WBGene00008541,4,12,16
WBGene00008542,52,1380,1432
WBGene00008543,51,742,793
WBGene00008545,46,82,128
WBGene00008546,163,1458,1621
WBGene00008547,143,2151,2294
WBGene00008548,149,2200,2349
WBGene00008549,1015,14421,15436
WBGene00008550,12,48,60
WBGene00008551,2,39,41
WBGene00008552,0,2,2
WBGene00008553,9,307,316
WBGene00008554,150,3893,4043
WBGene00008555,2563,4799,7362
WBGene00008556,27,39,66
WBGene00008557,253,635,888
WBGene00008558,18,132,150
WBGene00008559,7,85,92
WBGene00008560,70,1155,1225
WBGene00008561,20,117,137
WBGene00008563,3,1695,1698
WBGene00008564,191,3084,3275
WBGene00008565,291,4336,4627
WBGene00008566,6,259,265
WBGene00008567,24,1630,1654
WBGene00008568,26,86,112
WBGene00008569,12,429,441
WBGene00008570,772,1730,2502
WBGene00008571,187,651,838
WBGene00008572,1267,32026,33293
WBGene00008574,3,4,7
WBGene00008575,22,459,481
WBGene00008576,0,2211,2211
WBGene00008577,0,20758,20758
WBGene00008578,84,737,821
WBGene00008579,879,1646,2525
WBGene00008580,18,166,184
WBGene00008581,1,2,3
WBGene00008582,252,5019,5271
WBGene00008583,214,1472,1686
WBGene00008584,596,10841,11437
WBGene00008585,76,1047,1123
WBGene00008586,225,5833,6058
WBGene00008587,17,353,370
WBGene00008588,25,534,559
WBGene00008589,250,1486,1736
WBGene00008590,0,39,39
WBGene00008591,22,738,760
WBGene00008592,7,557,564
WBGene00008593,28,220,248
WBGene00008594,80,2042,2122
WBGene00008595,132,1566,1698
WBGene00008596,43,612,655
WBGene00008597,16,133,149
WBGene00008598,19,349,368
WBGene00008599,31,376,407
WBGene00008600,506,116,622
WBGene00008601,2718,5383,8101
WBGene00008602,768,7510,8278
WBGene00008603,485,6150,6635
WBGene00008604,115,966,1081
WBGene00008605,120,736,856
WBGene00008606,91,1002,1093
WBGene00008607,1981,25033,27014
WBGene00008609,12,81,93
WBGene00008610,194,6410,6604
WBGene00008611,0,6,6
WBGene00008612,39,11,50
WBGene00008613,18,175,193
WBGene00008615,18,196,214
WBGene00008616,20,404,424
WBGene00008617,5,21,26
WBGene00008618,6,45,51
WBGene00008619,1,1,2
WBGene00008620,0,12,12
WBGene00008621,187,1592,1779
WBGene00008622,273,4365,4638
WBGene00008623,144,35,179
WBGene00008624,349,4640,4989
WBGene00008625,12,149,161
WBGene00008626,41,623,664
WBGene00008627,3,0,3
WBGene00008628,239,36423,36662
WBGene00008629,42,1020,1062
WBGene00008630,9,77,86
WBGene00008631,0,40,40
WBGene00008632,6,105,111
WBGene00008633,1,182,183
WBGene00008634,16,793,809
WBGene00008636,2,22,24
WBGene00008637,1,7,8
WBGene00008638,1,0,1
WBGene00008639,57,957,1014
WBGene00008640,2,73,75
WBGene00008641,23,572,595
WBGene00008642,9,2173,2182
WBGene00008643,3,112,115
WBGene00008644,35,478,513
WBGene00008645,40,1550,1590
WBGene00008646,53,1486,1539
WBGene00008647,10,94,104
WBGene00008648,162,1763,1925
WBGene00008649,20,38,58
WBGene00008650,7,9,16
WBGene00008651,4,11,15
WBGene00008652,26,517,543
WBGene00008654,168,416,584
WBGene00008655,58,683,741
WBGene00008656,29,434,463
WBGene00008659,2,17,19
WBGene00008660,6,19,25
WBGene00008661,4,8,12
WBGene00008662,46,290,336
WBGene00008663,29,671,700
WBGene00008664,14,3538,3552
WBGene00008665,11944,1424,13368
WBGene00008666,211,2387,2598
WBGene00008667,134,653,787
WBGene00008668,37,19,56
WBGene00008669,318,4339,4657
WBGene00008670,271,2067,2338
WBGene00008671,0,32,32
WBGene00008672,0,12,12
WBGene00008673,4,10,14
WBGene00008674,0,1,1
WBGene00008675,1,1,2
WBGene00008676,4,3,7
WBGene00008677,5,99,104
WBGene00008678,2,49,51
WBGene00008679,2,21,23
WBGene00008680,1,30,31
WBGene00008681,69,623,692
WBGene00008682,107,3673,3780
WBGene00008683,169,2093,2262
WBGene00008684,54,1100,1154
WBGene00008685,134,1593,1727
WBGene00008686,132,698,830
WBGene00008687,23,1657,1680
WBGene00008688,452,6637,7089
WBGene00008690,358,2683,3041
WBGene00008691,24,955,979
WBGene00008692,104,1736,1840
WBGene00008693,1,66,67
WBGene00008694,1130,9521,10651
WBGene00008695,54,149,203
WBGene00008696,1,1,2
WBGene00008698,3,3,6
WBGene00008699,5,1,6
WBGene00008700,1,3,4
WBGene00008701,4,2,6
WBGene00008702,0,0,0
WBGene00008703,0,0,0
WBGene00008706,1500,6308,7808
WBGene00008707,47,6033,6080
WBGene00008708,45,142,187
WBGene00008709,43,248,291
WBGene00008710,29,1975,2004
WBGene00008711,241,578,819
WBGene00008712,19,87,106
WBGene00008713,36,199,235
WBGene00008714,47,129,176
WBGene00008716,3,11,14
WBGene00008717,2,1,3
WBGene00008719,16,68,84
WBGene00008720,105,4372,4477
WBGene00008722,35,1553,1588
WBGene00008724,3,11,14
WBGene00008725,0,2,2
WBGene00008726,156,1867,2023
WBGene00008727,24,81,105
WBGene00008728,4,61,65
WBGene00008729,220,6046,6266
WBGene00008730,87,405,492
WBGene00008731,170,702,872
WBGene00008732,30,268,298
WBGene00008733,67,1052,1119
WBGene00008734,0,26,26
WBGene00008735,670,2000,2670
WBGene00008736,32,264,296
WBGene00008737,6,66,72
WBGene00008739,16,99,115
WBGene00008740,5,515,520
WBGene00008741,1660,33361,35021
WBGene00008742,47,900,947
WBGene00008743,7,249,256
WBGene00008744,215,3111,3326
WBGene00008745,198,8327,8525
WBGene00008746,282,586,868
WBGene00008747,15,201,216
WBGene00008748,69,1977,2046
WBGene00008749,99,2122,2221
WBGene00008750,535,1136,1671
WBGene00008751,0,2,2
WBGene00008752,0,0,0
WBGene00008753,0,1,1
WBGene00008754,1,27,28
WBGene00008755,6,207,213
WBGene00008757,0,205,205
WBGene00008758,2,32,34
WBGene00008759,0,3,3
WBGene00008760,27,1722,1749
WBGene00008761,77,1417,1494
WBGene00008762,9,1414,1423
WBGene00008763,36,304,340
WBGene00008764,40,2748,2788
WBGene00008765,129,6828,6957
WBGene00008766,134,1196,1330
WBGene00008767,40,2205,2245
WBGene00008768,811,7957,8768
WBGene00008769,45,3627,3672
WBGene00008770,50,1397,1447
WBGene00008772,2,2,4
WBGene00008773,69,929,998
WBGene00008774,33,1233,1266
WBGene00008775,190,2222,2412
WBGene00008776,73,644,717
WBGene00008777,300,5953,6253
WBGene00008778,4,12,16
WBGene00008779,285,614,899
WBGene00008780,468,3976,4444
WBGene00008781,264,4992,5256
WBGene00008782,1,15,16
WBGene00008783,351,3021,3372
WBGene00008784,0,27,27
WBGene00008785,8,43,51
WBGene00008786,2,3,5
WBGene00008787,52,609,661
WBGene00008788,0,2,2
WBGene00008789,7,26,33
WBGene00008790,7,8,15
WBGene00008792,3,9,12
WBGene00008793,72,695,767
WBGene00008794,0,13,13
WBGene00008795,15,161,176
WBGene00008796,2,10,12
WBGene00008797,1,12,13
WBGene00008798,20,1003,1023
WBGene00008799,11,120,131
WBGene00008800,206,5714,5920
WBGene00008801,12,18,30
WBGene00008802,28,100,128
WBGene00008803,1348,7556,8904
WBGene00008804,20,52,72
WBGene00008805,85,1406,1491
WBGene00008806,35,1002,1037
WBGene00008807,177,2080,2257
WBGene00008808,26,57,83
WBGene00008809,26,35,61
WBGene00008810,970,3715,4685
WBGene00008811,1,3,4
WBGene00008812,3,22,25
WBGene00008814,3,0,3
WBGene00008815,2,9,11
WBGene00008816,7,14,21
WBGene00008817,0,0,0
WBGene00008818,3,36,39
WBGene00008819,695,1679,2374
WBGene00008820,33,4323,4356
WBGene00008821,6,19,25
WBGene00008822,3,3,6
WBGene00008823,0,0,0
WBGene00008824,2,3,5
WBGene00008825,2,1,3
WBGene00008826,1,12,13
WBGene00008828,0,2,2
WBGene00008829,14,47,61
WBGene00008830,15,309,324
WBGene00008831,26,111,137
WBGene00008832,164,1592,1756
WBGene00008833,3,631,634
WBGene00008834,14,1076,1090
WBGene00008835,3,155,158
WBGene00008837,10,6,16
WBGene00008838,33,50,83
WBGene00008839,4,30,34
WBGene00008840,12,814,826
WBGene00008841,1122,17409,18531
WBGene00008843,1,3,4
WBGene00008844,0,16,16
WBGene00008847,0,9,9
WBGene00008848,15,550,565
WBGene00008849,134,334,468
WBGene00008850,13,150,163
WBGene00008851,76,610,686
WBGene00008852,1324,7003,8327
WBGene00008853,5,3,8
WBGene00008854,14,2,16
WBGene00008855,4,4,8
WBGene00008856,722,3230,3952
WBGene00008857,36,21230,21266
WBGene00008858,8,25,33
WBGene00008859,3,652,655
WBGene00008860,1170,13744,14914
WBGene00008861,23,902,925
WBGene00008862,32,121,153
WBGene00008863,3,14,17
WBGene00008865,57,2099,2156
WBGene00008866,35,58,93
WBGene00008868,433,607,1040
WBGene00008869,34,684,718
WBGene00008870,3,3,6
WBGene00008871,20,111,131
WBGene00008872,6,2,8
WBGene00008874,16,97,113
WBGene00008875,16,355,371
WBGene00008876,358,1795,2153
WBGene00008877,103,1052,1155
WBGene00008878,2410,4420,6830
WBGene00008879,63,132,195
WBGene00008880,120,934,1054
WBGene00008881,7,33,40
WBGene00008882,131,2179,2310
WBGene00008883,14,114,128
WBGene00008884,8,50,58
WBGene00008885,33,642,675
WBGene00008886,109,219,328
WBGene00008887,55,1335,1390
WBGene00008889,6,7,13
WBGene00008890,82,274,356
WBGene00008891,6,1413,1419
WBGene00008892,21,133,154
WBGene00008893,4,2,6
WBGene00008894,17,20,37
WBGene00008897,12,61,73
WBGene00008898,3,0,3
WBGene00008899,12,3,15
WBGene00008900,40,987,1027
WBGene00008901,2184,23,2207
WBGene00008902,8,4,12
WBGene00008903,2,14,16
WBGene00008904,0,18,18
WBGene00008905,9,74,83
WBGene00008906,4,5,9
WBGene00008907,0,0,0
WBGene00008908,5,7,12
WBGene00008909,1,3,4
WBGene00008910,118,2076,2194
WBGene00008911,0,3,3
WBGene00008912,5,86,91
WBGene00008914,102,6200,6302
WBGene00008915,325,18219,18544
WBGene00008916,187,675,862
WBGene00008917,131,595,726
WBGene00008918,14,1258,1272
WBGene00008919,352,5069,5421
WBGene00008920,24338,329124,353462
WBGene00008921,178,2280,2458
WBGene00008922,1259,40334,41593
WBGene00008923,344,1226,1570
WBGene00008924,110,792,902
WBGene00008925,243,5515,5758
WBGene00008926,164,1292,1456
WBGene00008927,363,2130,2493
WBGene00008928,3,1,4
WBGene00008929,60,1601,1661
WBGene00008930,717,7120,7837
WBGene00008932,458,1656,2114
WBGene00008934,408,3723,4131
WBGene00008935,16,30,46
WBGene00008936,158,2580,2738
WBGene00008937,5,23,28
WBGene00008939,213,1617,1830
WBGene00008940,258,2198,2456
WBGene00008944,1625,16124,17749
WBGene00008945,17,157,174
WBGene00008946,31,5,36
WBGene00008947,6,11,17
WBGene00008948,160,4159,4319
WBGene00008949,1,31,32
WBGene00008950,0,5,5
WBGene00008951,273,2033,2306
WBGene00008952,111,568,679
WBGene00008953,233,975,1208
WBGene00008954,22,315,337
WBGene00008955,10,35,45
WBGene00008956,83,406,489
WBGene00008957,68,1411,1479
WBGene00008958,3,5,8
WBGene00008959,0,5,5
WBGene00008960,4,1,5
WBGene00008961,15,560,575
WBGene00008963,97,2747,2844
WBGene00008964,502,980,1482
WBGene00008965,46,58,104
WBGene00008967,3,251,254
WBGene00008968,10,145,155
WBGene00008969,301,2188,2489
WBGene00008970,26,451,477
WBGene00008971,55,1566,1621
WBGene00008972,2,1,3
WBGene00008973,78,5017,5095
WBGene00008974,187,1691,1878
WBGene00008975,46,2925,2971
WBGene00008976,3,88,91
WBGene00008977,37,253,290
WBGene00008978,66,1004,1070
WBGene00008979,56,1911,1967
WBGene00008980,75,2630,2705
WBGene00008981,2,0,2
WBGene00008982,0,0,0
WBGene00008983,2,0,2
WBGene00008984,2,2,4
WBGene00008985,44,351,395
WBGene00008986,225,2911,3136
WBGene00008987,130,1625,1755
WBGene00008988,194,1643,1837
WBGene00008989,87,762,849
WBGene00008990,152,3444,3596
WBGene00008991,98,88,186
WBGene00008992,0,74,74
WBGene00008993,105,751,856
WBGene00008994,6,83,89
WBGene00008995,150,337,487
WBGene00008996,110,779,889
WBGene00008997,170,500,670
WBGene00008998,262,2139,2401
WBGene00008999,1425,7946,9371
WBGene00009000,44,267,311
WBGene00009001,2,4,6
WBGene00009002,173,3769,3942
WBGene00009004,601,24772,25373
WBGene00009005,24,15,39
WBGene00009006,23,738,761
WBGene00009007,69,2188,2257
WBGene00009008,440,5965,6405
WBGene00009009,15,377,392
WBGene00009010,73,1585,1658
WBGene00009011,39,1930,1969
WBGene00009012,147,6236,6383
WBGene00009013,144,4139,4283
WBGene00009014,21,151,172
WBGene00009015,13,57,70
WBGene00009016,10,4,14
WBGene00009017,0,0,0
WBGene00009018,32,219,251
WBGene00009021,0,0,0
WBGene00009022,27,105,132
WBGene00009023,81,833,914
WBGene00009024,13,40,53
WBGene00009025,83,681,764
WBGene00009026,20,256,276
WBGene00009027,131,950,1081
WBGene00009028,27,40,67
WBGene00009029,1,51,52
WBGene00009030,81,698,779
WBGene00009031,2,48,50
WBGene00009032,4,4,8
WBGene00009033,5,14,19
WBGene00009035,24,174,198
WBGene00009036,1,1,2
WBGene00009038,80,0,80
WBGene00009039,12,30,42
WBGene00009041,4,55,59
WBGene00009042,18,818,836
WBGene00009043,2,9,11
WBGene00009044,11,20,31
WBGene00009045,37,3441,3478
WBGene00009046,2,2,4
WBGene00009048,40,3481,3521
WBGene00009049,149,3499,3648
WBGene00009050,613,21960,22573
WBGene00009051,719,16279,16998
WBGene00009052,132,3291,3423
WBGene00009054,94,808,902
WBGene00009056,179,2707,2886
WBGene00009057,113,979,1092
WBGene00009058,90,3877,3967
WBGene00009059,49,569,618
WBGene00009060,206,921,1127
WBGene00009061,5,22,27
WBGene00009063,1,2,3
WBGene00009064,74,940,1014
WBGene00009065,474,2460,2934
WBGene00009067,0,10,10
WBGene00009068,51,393,444
WBGene00009069,0,8134,8134
WBGene00009070,3163,140,3303
WBGene00009073,22,40,62
WBGene00009075,5,13,18
WBGene00009077,1,34,35
WBGene00009078,977,4933,5910
WBGene00009079,0,2,2
WBGene00009081,100,1861,1961
WBGene00009082,233,16192,16425
WBGene00009084,194,8085,8279
WBGene00009085,7,48,55
WBGene00009086,8,16,24
WBGene00009087,9,923,932
WBGene00009088,1,1,2
WBGene00009089,30,374,404
WBGene00009090,45,1241,1286
WBGene00009091,118,3383,3501
WBGene00009092,226,17556,17782
WBGene00009093,287,2027,2314
WBGene00009094,190,1087,1277
WBGene00009095,104,466,570
WBGene00009096,606,72829,73435
WBGene00009097,258,57098,57356
WBGene00009098,728,3385,4113
WBGene00009099,12,25,37
WBGene00009100,161,1122,1283
WBGene00009101,24,241,265
WBGene00009102,12,541,553
WBGene00009103,153,5617,5770
WBGene00009106,71,1364,1435
WBGene00009107,93,180,273
WBGene00009108,11,64,75
WBGene00009109,203,897,1100
WBGene00009110,20,1837,1857
WBGene00009112,96,2732,2828
WBGene00009113,8,97,105
WBGene00009114,7,8,15
WBGene00009115,126,135,261
WBGene00009116,88,1674,1762
WBGene00009117,7,13,20
WBGene00009118,79,4035,4114
WBGene00009119,1797,572408,574205
WBGene00009120,315,4218,4533
WBGene00009121,12,636,648
WBGene00009122,261,101275,101536
WBGene00009123,96,629,725
WBGene00009124,134,865,999
WBGene00009125,84,318,402
WBGene00009126,508,17000,17508
WBGene00009127,126,2443,2569
WBGene00009128,0,2219,2219
WBGene00009129,11,35,46
WBGene00009130,6,1849,1855
WBGene00009131,138,1961,2099
WBGene00009132,34,3507,3541
WBGene00009133,87,1288,1375
WBGene00009134,17,73,90
WBGene00009135,30,333,363
WBGene00009136,24,118,142
WBGene00009137,42,1121,1163
WBGene00009138,21,1984,2005
WBGene00009139,157,2885,3042
WBGene00009140,149,1522,1671
WBGene00009141,1293,9779,11072
WBGene00009142,93,10729,10822
WBGene00009143,27,65,92
WBGene00009144,12,116,128
WBGene00009145,213,1340,1553
WBGene00009146,24,360,384
WBGene00009147,27,5,32
WBGene00009148,23,43,66
WBGene00009149,9,9,18
WBGene00009150,0,2,2
WBGene00009151,0,1,1
WBGene00009152,1,5,6
WBGene00009153,11,70,81
WBGene00009154,0,1,1
WBGene00009155,105,494,599
WBGene00009156,72,272,344
WBGene00009157,95,397,492
WBGene00009158,509,4276,4785
WBGene00009159,45,1948,1993
WBGene00009160,13,18,31
WBGene00009161,1444,65504,66948
WBGene00009162,358,1190,1548
WBGene00009163,101,634,735
WBGene00009164,75,3278,3353
WBGene00009165,28,4435,4463
WBGene00009166,14,59,73
WBGene00009167,0,0,0
WBGene00009168,4,41,45
WBGene00009169,6,22,28
WBGene00009170,0,46,46
WBGene00009171,9,1,10
WBGene00009172,276,776,1052
WBGene00009173,9,132,141
WBGene00009174,279,2878,3157
WBGene00009176,14,1031,1045
WBGene00009177,86,1635,1721
WBGene00009178,45,47,92
WBGene00009179,167,1559,1726
WBGene00009180,2156,44418,46574
WBGene00009182,37,103,140
WBGene00009183,14,163,177
WBGene00009184,4,40,44
WBGene00009185,1,11,12
WBGene00009186,2,47,49
WBGene00009187,1527,14468,15995
WBGene00009188,108,4003,4111
WBGene00009189,895,16382,17277
WBGene00009190,202,1330,1532
WBGene00009191,8,1309,1317
WBGene00009192,378,1566,1944
WBGene00009193,8,11,19
WBGene00009194,51,100,151
WBGene00009195,1,2,3
WBGene00009196,13,7,20
WBGene00009197,2,3,5
WBGene00009198,0,0,0
WBGene00009199,3,1,4
WBGene00009200,203,3215,3418
WBGene00009201,130,2231,2361
WBGene00009202,0,68,68
WBGene00009203,9,129,138
WBGene00009204,100,384,484
WBGene00009205,31,490,521
WBGene00009207,63,2371,2434
WBGene00009208,61,160,221
WBGene00009209,1,17,18
WBGene00009211,30,5460,5490
WBGene00009212,0,84,84
WBGene00009213,0,7,7
WBGene00009214,0,1,1
WBGene00009215,0,107,107
WBGene00009216,0,880,880
WBGene00009217,88,110,198
WBGene00009218,91,796,887
WBGene00009219,133,3350,3483
WBGene00009220,654,562,1216
WBGene00009221,136,6797,6933
WBGene00009222,0,252,252
WBGene00009223,53,769,822
WBGene00009224,166,385,551
WBGene00009225,29,123,152
WBGene00009226,2,48,50
WBGene00009227,5,34,39
WBGene00009228,31,55,86
WBGene00009229,15,62,77
WBGene00009231,58,426,484
WBGene00009232,2,39,41
WBGene00009233,126,821,947
WBGene00009234,122,737,859
WBGene00009235,3,10,13
WBGene00009236,10,277,287
WBGene00009237,38,24764,24802
WBGene00009238,2,10,12
WBGene00009239,19,152,171
WBGene00009240,32,121,153
WBGene00009241,22,982,1004
WBGene00009242,17,104,121
WBGene00009243,18,871,889
WBGene00009245,237,1483,1720
WBGene00009246,155,12874,13029
WBGene00009247,7,33,40
WBGene00009248,0,15,15
WBGene00009250,11,117,128
WBGene00009251,10,19,29
WBGene00009252,16,18,34
WBGene00009254,112,3288,3400
WBGene00009255,47,230,277
WBGene00009256,224,2904,3128
WBGene00009257,36,233,269
WBGene00009258,112,686,798
WBGene00009259,236,11929,12165
WBGene00009260,63,1363,1426
WBGene00009261,6,100,106
WBGene00009262,59,2067,2126
WBGene00009263,41,113,154
WBGene00009264,268,3267,3535
WBGene00009266,141,7751,7892
WBGene00009267,74,3372,3446
WBGene00009268,5,47,52
WBGene00009269,2,6,8
WBGene00009270,13,606,619
WBGene00009271,227,729,956
WBGene00009272,20,485,505
WBGene00009274,130,2805,2935
WBGene00009276,63,1832,1895
WBGene00009277,351,927,1278
WBGene00009278,28,206,234
WBGene00009279,6,0,6
WBGene00009280,1,101,102
WBGene00009281,2,6,8
WBGene00009283,17,345,362
WBGene00009284,217,1723,1940
WBGene00009285,105,2223,2328
WBGene00009286,69,535,604
WBGene00009287,85,897,982
WBGene00009288,122,644,766
WBGene00009289,61,2080,2141
WBGene00009290,122,3833,3955
WBGene00009291,144,604,748
WBGene00009292,66,401,467
WBGene00009293,18,620,638
WBGene00009294,839,13825,14664
WBGene00009296,4,154,158
WBGene00009297,0,2,2
WBGene00009298,2,15,17
WBGene00009299,20,180,200
WBGene00009300,0,1,1
WBGene00009301,0,2,2
WBGene00009302,0,0,0
WBGene00009303,9,2,11
WBGene00009304,598,1751,2349
WBGene00009305,188,2445,2633
WBGene00009306,20,2994,3014
WBGene00009307,94,8676,8770
WBGene00009308,2,15,17
WBGene00009311,16,7,23
WBGene00009312,900,49,949
WBGene00009313,7,17,24
WBGene00009314,424,1757,2181
WBGene00009315,533,2671,3204
WBGene00009316,1,17,18
WBGene00009318,10,13,23
WBGene00009319,232,8307,8539
WBGene00009320,208,1114,1322
WBGene00009321,0,0,0
WBGene00009322,147,3771,3918
WBGene00009323,43,1562,1605
WBGene00009324,15,23,38
WBGene00009325,173,815,988
WBGene00009326,25,155,180
WBGene00009327,5,15,20
WBGene00009328,1,35,36
WBGene00009329,87,983,1070
WBGene00009330,64,6347,6411
WBGene00009331,6,259,265
WBGene00009332,5,109,114
WBGene00009333,36,1034,1070
WBGene00009334,528,9107,9635
WBGene00009335,8,176,184
WBGene00009336,108,3609,3717
WBGene00009337,962,5939,6901
WBGene00009338,21,7,28
WBGene00009339,4,35,39
WBGene00009340,356,4455,4811
WBGene00009341,23,1031,1054
WBGene00009342,475,12979,13454
WBGene00009343,43,697,740
WBGene00009344,0,1,1
WBGene00009345,15,34,49
WBGene00009346,40,300,340
WBGene00009347,272,4327,4599
WBGene00009349,1,554,555
WBGene00009350,36,411,447
WBGene00009352,90,3185,3275
WBGene00009353,222,17448,17670
WBGene00009354,167,723,890
WBGene00009355,13,813,826
WBGene00009356,15,134,149
WBGene00009357,20,34,54
WBGene00009358,128,2024,2152
WBGene00009359,0,3,3
WBGene00009360,9,23,32
WBGene00009361,128,358,486
WBGene00009362,5,11,16
WBGene00009363,0,5,5
WBGene00009364,10,1238,1248
WBGene00009365,163,1880,2043
WBGene00009366,93,1337,1430
WBGene00009367,382,12450,12832
WBGene00009368,161,2015,2176
WBGene00009369,149,1845,1994
WBGene00009370,112,412,524
WBGene00009371,46,381,427
WBGene00009372,232,1598,1830
WBGene00009373,94,1040,1134
WBGene00009374,266,4897,5163
WBGene00009375,272,1408,1680
WBGene00009377,2,4,6
WBGene00009378,13,10,23
WBGene00009379,1,294,295
WBGene00009380,91,1469,1560
WBGene00009381,11,38,49
WBGene00009382,10,25,35
WBGene00009383,1902,35279,37181
WBGene00009384,3,203,206
WBGene00009385,50,2275,2325
WBGene00009386,10,548,558
WBGene00009387,34,201,235
WBGene00009388,447,9457,9904
WBGene00009389,354,2376,2730
WBGene00009390,19,69,88
WBGene00009391,2,0,2
WBGene00009392,3,4,7
WBGene00009393,36,1077,1113
WBGene00009394,1645,40815,42460
WBGene00009395,40,398,438
WBGene00009396,228,4308,4536
WBGene00009397,50,2043,2093
WBGene00009398,1,53,54
WBGene00009399,83,846,929
WBGene00009400,27,143,170
WBGene00009401,4,87,91
WBGene00009402,2,18,20
WBGene00009403,36,971,1007
WBGene00009404,4,571,575
WBGene00009405,36,973,1009
WBGene00009406,70,565,635
WBGene00009408,280,3633,3913
WBGene00009409,3,744,747
WBGene00009410,2,2,4
WBGene00009412,13,18,31
WBGene00009413,21,80,101
WBGene00009415,0,1,1
WBGene00009416,7,58,65
WBGene00009417,0,2,2
WBGene00009418,1,43,44
WBGene00009419,0,0,0
WBGene00009420,0,0,0
WBGene00009421,2,1,3
WBGene00009422,0,4,4
WBGene00009423,0,2818,2818
WBGene00009424,24,164,188
WBGene00009426,7,0,7
WBGene00009427,2,13,15
WBGene00009429,27,254,281
WBGene00009430,441,5495,5936
WBGene00009431,152,2522,2674
WBGene00009432,226,3320,3546
WBGene00009433,1049,4513,5562
WBGene00009434,348,2776,3124
WBGene00009435,290,2488,2778
WBGene00009436,22,4693,4715
WBGene00009437,36,195,231
WBGene00009438,11,120,131
WBGene00009439,267,2366,2633
WBGene00009440,329,12950,13279
WBGene00009441,68,930,998
WBGene00009442,29,248,277
WBGene00009443,96,3062,3158
WBGene00009444,63,1532,1595
WBGene00009445,48,2073,2121
WBGene00009446,1,2,3
WBGene00009447,8,172,180
WBGene00009448,37,1282,1319
WBGene00009449,10,31,41
WBGene00009450,60,2629,2689
WBGene00009451,219,4824,5043
WBGene00009452,232,1734,1966
WBGene00009453,266,1651,1917
WBGene00009454,3766,63780,67546
WBGene00009455,306,3621,3927
WBGene00009456,210,2469,2679
WBGene00009457,5,27,32
WBGene00009458,3,3,6
WBGene00009459,7,27,34
WBGene00009460,342,7040,7382
WBGene00009461,110,729,839
WBGene00009462,144,161,305
WBGene00009463,4,0,4
WBGene00009464,9,5,14
WBGene00009465,3,23,26
WBGene00009466,44,653,697
WBGene00009467,6,31,37
WBGene00009468,38,215,253
WBGene00009469,70,889,959
WBGene00009470,1,3,4
WBGene00009471,3,26,29
WBGene00009473,1,0,1
WBGene00009475,543,7614,8157
WBGene00009476,162,2536,2698
WBGene00009477,932,6081,7013
WBGene00009478,101,3207,3308
WBGene00009479,71,1732,1803
WBGene00009480,19,128,147
WBGene00009481,5,238,243
WBGene00009482,256,3037,3293
WBGene00009483,12,1798,1810
WBGene00009484,253,540,793
WBGene00009485,10,95,105
WBGene00009486,1,9,10
WBGene00009487,3,38,41
WBGene00009488,5,43,48
WBGene00009489,1,10,11
WBGene00009490,16,325,341
WBGene00009491,9,0,9
WBGene00009492,5,25,30
WBGene00009493,9,1486,1495
WBGene00009494,0,74,74
WBGene00009495,114,565,679
WBGene00009496,25,342,367
WBGene00009497,2,3,5
WBGene00009498,650,3488,4138
WBGene00009499,347,1727,2074
WBGene00009500,109,1074,1183
WBGene00009501,20,3,23
WBGene00009502,3,2,5
WBGene00009503,117,1890,2007
WBGene00009504,14,596,610
WBGene00009505,25,1475,1500
WBGene00009507,171,1355,1526
WBGene00009508,133,1763,1896
WBGene00009509,5,70,75
WBGene00009510,10,35,45
WBGene00009511,223,266,489
WBGene00009512,113,6863,6976
WBGene00009513,13,13,26
WBGene00009514,1519,19621,21140
WBGene00009515,107,598,705
WBGene00009517,9,51,60
WBGene00009518,132,1650,1782
WBGene00009519,1,40,41
WBGene00009520,5,1,6
WBGene00009521,636,4141,4777
WBGene00009522,69,797,866
WBGene00009523,50,104,154
WBGene00009524,2,3,5
WBGene00009525,3,0,3
WBGene00009526,78,676,754
WBGene00009528,72,360,432
WBGene00009529,8,1489,1497
WBGene00009530,204,174,378
WBGene00009531,1000,12400,13400
WBGene00009532,1345,3592,4937
WBGene00009533,25,529,554
WBGene00009534,336,4753,5089
WBGene00009535,21,29,50
WBGene00009536,123,273,396
WBGene00009537,0,21,21
WBGene00009538,0,0,0
WBGene00009539,0,1,1
WBGene00009540,5,11,16
WBGene00009541,177,222,399
WBGene00009542,71,4420,4491
WBGene00009543,54,426,480
WBGene00009544,322,753,1075
WBGene00009546,1,4,5
WBGene00009547,108,1251,1359
WBGene00009548,7,4,11
WBGene00009549,2,12,14
WBGene00009550,0,2,2
WBGene00009551,23,368,391
WBGene00009552,130,1237,1367
WBGene00009553,35,1102,1137
WBGene00009554,14,1575,1589
WBGene00009556,38,657,695
WBGene00009557,61,321,382
WBGene00009558,414,2328,2742
WBGene00009559,22,3957,3979
WBGene00009560,133,568,701
WBGene00009561,19,91,110
WBGene00009562,374,9457,9831
WBGene00009563,177,3275,3452
WBGene00009565,135,2189,2324
WBGene00009566,0,2,2
WBGene00009567,1,1,2
WBGene00009568,1,0,1
WBGene00009569,2,18,20
WBGene00009571,2,37,39
WBGene00009572,1,48,49
WBGene00009573,159,1991,2150
WBGene00009574,623,4003,4626
WBGene00009575,25,7052,7077
WBGene00009576,36,267,303
WBGene00009577,534,9766,10300
WBGene00009578,302,10125,10427
WBGene00009579,282,674,956
WBGene00009580,429,5458,5887
WBGene00009581,33,166,199
WBGene00009582,97,1203,1300
WBGene00009583,317,9700,10017
WBGene00009584,6577,18355,24932
WBGene00009585,88,65,153
WBGene00009586,91,2307,2398
WBGene00009587,375,4986,5361
WBGene00009588,15148,4182,19330
WBGene00009589,9850,3529,13379
WBGene00009592,6,3,9
WBGene00009593,12,12,24
WBGene00009594,989,3653,4642
WBGene00009595,102,1324,1426
WBGene00009596,2,5,7
WBGene00009597,25,205,230
WBGene00009599,0,2,2
WBGene00009600,5,35,40
WBGene00009601,22,289,311
WBGene00009602,0,5,5
WBGene00009603,11,4,15
WBGene00009604,0,25,25
WBGene00009605,9,13,22
WBGene00009606,1,2,3
WBGene00009607,1,0,1
WBGene00009608,6,47,53
WBGene00009609,2,5,7
WBGene00009610,0,0,0
WBGene00009611,57,86,143
WBGene00009612,0,5,5
WBGene00009613,1,0,1
WBGene00009614,8,31,39
WBGene00009615,0,0,0
WBGene00009616,6,5,11
WBGene00009617,66,769,835
WBGene00009618,26,209,235
WBGene00009619,69,703,772
WBGene00009620,978,3661,4639
WBGene00009621,0,14605,14605
WBGene00009622,32,85,117
WBGene00009623,565,308,873
WBGene00009624,2062,5053,7115
WBGene00009625,23,101,124
WBGene00009626,125,2189,2314
WBGene00009627,19,529,548
WBGene00009628,37,3969,4006
WBGene00009629,105,307,412
WBGene00009630,8,11,19
WBGene00009632,295,2930,3225
WBGene00009633,5,130,135
WBGene00009634,9,664,673
WBGene00009635,68,1226,1294
WBGene00009636,71,1008,1079
WBGene00009637,0,353,353
WBGene00009638,63,6521,6584
WBGene00009639,2,508,510
WBGene00009640,3,207,210
WBGene00009641,1,7,8
WBGene00009642,144,1297,1441
WBGene00009643,35,123,158
WBGene00009644,1,1,2
WBGene00009645,72,733,805
WBGene00009646,4,8,12
WBGene00009647,72,129,201
WBGene00009648,5,872,877
WBGene00009649,114,192,306
WBGene00009650,52,2570,2622
WBGene00009652,7,28,35
WBGene00009653,50,342,392
WBGene00009654,344,1594,1938
WBGene00009657,167,1427,1594
WBGene00009658,0,10,10
WBGene00009659,0,2,2
WBGene00009660,638,4535,5173
WBGene00009661,140,5625,5765
WBGene00009662,1,3,4
WBGene00009663,3,70,73
WBGene00009664,258,20026,20284
WBGene00009665,18,954,972
WBGene00009666,83,3393,3476
WBGene00009667,704,434,1138
WBGene00009668,76,2579,2655
WBGene00009670,3,5,8
WBGene00009671,167,5486,5653
WBGene00009672,220,2701,2921
WBGene00009673,72,622,694
WBGene00009674,253,4641,4894
WBGene00009675,8,46,54
WBGene00009676,169,1767,1936
WBGene00009677,16,787,803
WBGene00009678,304,1340,1644
WBGene00009679,87,719,806
WBGene00009680,0,0,0
WBGene00009681,0,77,77
WBGene00009682,0,0,0
WBGene00009683,5,37,42
WBGene00009684,0,0,0
WBGene00009685,3,4,7
WBGene00009686,41,309,350
WBGene00009687,0,1,1
WBGene00009688,2209,24454,26663
WBGene00009689,2,3,5
WBGene00009690,9,18,27
WBGene00009691,0,7604,7604
WBGene00009692,0,9056,9056
WBGene00009695,9,6,15
WBGene00009696,20,127,147
WBGene00009698,0,14,14
WBGene00009700,181,2114,2295
WBGene00009701,4,125,129
WBGene00009702,15,255,270
WBGene00009704,0,2,2
WBGene00009705,2,4,6
WBGene00009706,21,408,429
WBGene00009707,0,2,2
WBGene00009708,5,5,10
WBGene00009709,101,135,236
WBGene00009710,334,4816,5150
WBGene00009711,358,3917,4275
WBGene00009712,13,12361,12374
WBGene00009713,716,5109,5825
WBGene00009714,0,45,45
WBGene00009715,60,1553,1613
WBGene00009716,28,436,464
WBGene00009717,456,3829,4285
WBGene00009720,15,300,315
WBGene00009721,12,14,26
WBGene00009722,46,3638,3684
WBGene00009723,74,7401,7475
WBGene00009724,53,5732,5785
WBGene00009725,2,14,16
WBGene00009726,75,429,504
WBGene00009727,42,396,438
WBGene00009728,3,59,62
WBGene00009729,30,228,258
WBGene00009730,884,9932,10816
WBGene00009731,82,1156,1238
WBGene00009732,475,12322,12797
WBGene00009733,9,535,544
WBGene00009734,198,3175,3373
WBGene00009735,30,398,428
WBGene00009736,275,2288,2563
WBGene00009738,156,545,701
WBGene00009739,2898,10998,13896
WBGene00009740,591,22530,23121
WBGene00009741,166,1877,2043
WBGene00009742,164,319,483
WBGene00009743,100,278,378
WBGene00009744,78,1132,1210
WBGene00009745,51,1142,1193
WBGene00009746,0,0,0
WBGene00009747,0,4,4
WBGene00009748,0,5,5
WBGene00009749,3,1,4
WBGene00009750,0,79,79
WBGene00009751,3,19,22
WBGene00009753,7,4,11
WBGene00009754,2,51,53
WBGene00009755,1,4,5
WBGene00009756,4,4,8
WBGene00009758,2,0,2
WBGene00009759,0,0,0
WBGene00009760,2,4,6
WBGene00009761,2,1,3
WBGene00009762,1,2,3
WBGene00009763,2,4,6
WBGene00009765,3,0,3
WBGene00009766,6,0,6
WBGene00009767,0,1,1
WBGene00009768,24,86,110
WBGene00009769,26,814,840
WBGene00009770,159,1967,2126
WBGene00009771,181,3457,3638
WBGene00009772,269,29665,29934
WBGene00009773,34,3382,3416
WBGene00009774,12,975,987
WBGene00009775,1,0,1
WBGene00009776,60,1192,1252
WBGene00009777,72,166,238
WBGene00009778,3,60,63
WBGene00009779,108,1312,1420
WBGene00009780,60,494,554
WBGene00009781,346,2154,2500
WBGene00009782,38,469,507
WBGene00009783,127,5739,5866
WBGene00009784,63,2807,2870
WBGene00009785,106,1409,1515
WBGene00009787,754,135279,136033
WBGene00009788,3,4,7
WBGene00009789,309,433,742
WBGene00009790,50,489,539
WBGene00009791,17,79,96
WBGene00009793,63,3851,3914
WBGene00009796,559,14630,15189
WBGene00009797,424,3418,3842
WBGene00009798,46,357,403
WBGene00009799,257,1925,2182
WBGene00009800,113,1292,1405
WBGene00009801,106,1350,1456
WBGene00009802,1,5,6
WBGene00009803,123,2170,2293
WBGene00009804,295,5883,6178
WBGene00009805,1,4,5
WBGene00009806,17,215,232
WBGene00009807,14,100,114
WBGene00009808,2,235,237
WBGene00009809,39,611,650
WBGene00009810,7,119,126
WBGene00009811,4,34,38
WBGene00009812,130,15884,16014
WBGene00009813,338,7887,8225
WBGene00009814,4,128,132
WBGene00009815,0,9,9
WBGene00009816,3,25,28
WBGene00009817,4,35,39
WBGene00009818,411,3424,3835
WBGene00009819,216,542,758
WBGene00009820,31,293,324
WBGene00009822,74,67,141
WBGene00009823,30,443,473
WBGene00009824,42,2871,2913
WBGene00009825,132,976,1108
WBGene00009826,15,111,126
WBGene00009827,22,55,77
WBGene00009829,76,8418,8494
WBGene00009830,8,110,118
WBGene00009831,33,1531,1564
WBGene00009833,0,12,12
WBGene00009834,2,9,11
WBGene00009835,49,149,198
WBGene00009836,46,14,60
WBGene00009839,14,11,25
WBGene00009840,19,66,85
WBGene00009841,5,20,25
WBGene00009842,63,1426,1489
WBGene00009843,70,1400,1470
WBGene00009844,32,200,232
WBGene00009848,308,2502,2810
WBGene00009849,26,35,61
WBGene00009850,199,1342,1541
WBGene00009851,47,3050,3097
WBGene00009852,6,211,217
WBGene00009853,5,21,26
WBGene00009854,2,118,120
WBGene00009855,5,71,76
WBGene00009856,3,8,11
WBGene00009857,0,80,80
WBGene00009858,0,0,0
WBGene00009859,1,101,102
WBGene00009860,1,4,5
WBGene00009861,0,8,8
WBGene00009862,1,37,38
WBGene00009863,2,4,6
WBGene00009865,206,2654,2860
WBGene00009866,0,1,1
WBGene00009867,42,57,99
WBGene00009868,0,0,0
WBGene00009869,2,3,5
WBGene00009871,1,0,1
WBGene00009872,2,15,17
WBGene00009873,2,3,5
WBGene00009874,3,21,24
WBGene00009875,7,4,11
WBGene00009876,92,591,683
WBGene00009877,84,1370,1454
WBGene00009878,20,2290,2310
WBGene00009879,27,130,157
WBGene00009880,660,7475,8135
WBGene00009881,302,9335,9637
WBGene00009882,138,20626,20764
WBGene00009883,144,1369,1513
WBGene00009884,12,63,75
WBGene00009885,39,417,456
WBGene00009886,291,4874,5165
WBGene00009887,21,656,677
WBGene00009888,5371,56791,62162
WBGene00009889,108,2769,2877
WBGene00009890,13,54,67
WBGene00009891,16,54,70
WBGene00009892,0,1,1
WBGene00009893,2,1,3
WBGene00009894,1,1,2
WBGene00009895,345,6257,6602
WBGene00009896,447,12197,12644
WBGene00009897,11,35,46
WBGene00009898,1,13,14
WBGene00009899,122,1972,2094
WBGene00009900,2,176,178
WBGene00009901,54,563,617
WBGene00009902,35,427,462
WBGene00009903,13,143,156
WBGene00009904,21,126,147
WBGene00009905,2,1,3
WBGene00009906,4,1,5
WBGene00009907,11,54,65
WBGene00009908,18,15,33
WBGene00009909,0,0,0
WBGene00009912,10,27,37
WBGene00009913,1,0,1
WBGene00009914,2,34,36
WBGene00009915,45,8956,9001
WBGene00009916,128,916,1044
WBGene00009917,540,3359,3899
WBGene00009918,65,12233,12298
WBGene00009919,241,3916,4157
WBGene00009920,1494,11753,13247
WBGene00009921,14,440,454
WBGene00009922,75,1467,1542
WBGene00009923,37,452,489
WBGene00009924,156,1449,1605
WBGene00009925,10,4530,4540
WBGene00009926,80,1882,1962
WBGene00009927,162,836,998
WBGene00009929,45,212,257
WBGene00009930,27,999,1026
WBGene00009931,13,286,299
WBGene00009933,2,9,11
WBGene00009934,2,0,2
WBGene00009935,100,1079,1179
WBGene00009937,112,970,1082
WBGene00009938,1,6,7
WBGene00009939,57,1129,1186
WBGene00009940,232,5736,5968
WBGene00009941,0,1,1
WBGene00009942,8,11,19
WBGene00009943,150,752,902
WBGene00009944,66,1958,2024
WBGene00009945,289,5339,5628
WBGene00009946,12,161,173
WBGene00009947,225,3247,3472
WBGene00009948,3,114,117
WBGene00009949,55,1112,1167
WBGene00009950,6,8,14
WBGene00009951,55,382,437
WBGene00009952,653,17177,17830
WBGene00009953,79,598,677
WBGene00009954,1,1,2
WBGene00009955,3,717,720
WBGene00009956,10,11,21
WBGene00009957,497,8353,8850
WBGene00009958,260,3225,3485
WBGene00009959,2,14,16
WBGene00009960,0,4,4
WBGene00009961,2,7,9
WBGene00009962,47,20,67
WBGene00009963,7,10,17
WBGene00009964,22,144,166
WBGene00009965,53,497,550
WBGene00009966,42,3250,3292
WBGene00009967,12,91,103
WBGene00009968,172,2525,2697
WBGene00009969,89,968,1057
WBGene00009971,238,1196,1434
WBGene00009973,1121,26012,27133
WBGene00009974,257,6715,6972
WBGene00009975,1601,4565,6166
WBGene00009976,117,1864,1981
WBGene00009977,193,1424,1617
WBGene00009978,1634,2792,4426
WBGene00009979,88,24,112
WBGene00009980,128,4127,4255
WBGene00009981,93,1605,1698
WBGene00009982,88,52569,52657
WBGene00009983,2,13234,13236
WBGene00009984,305,608,913
WBGene00009985,38,504,542
WBGene00009986,60,801,861
WBGene00009987,109,2729,2838
WBGene00009988,51,66,117
WBGene00009990,2,5,7
WBGene00009992,695,26653,27348
WBGene00009993,17,14499,14516
WBGene00009994,27,1100,1127
WBGene00009995,8151,82811,90962
WBGene00009996,91,3059,3150
WBGene00009997,2,8,10
WBGene00009998,14,73,87
WBGene00009999,5,26,31
WBGene00010000,7,27,34
WBGene00010001,28,3113,3141
WBGene00010002,85,1121,1206
WBGene00010003,77,711,788
WBGene00010004,45,50,95
WBGene00010005,10,8,18
WBGene00010006,4783,2261,7044
WBGene00010007,4,7,11
WBGene00010008,18,141,159
WBGene00010009,34,378,412
WBGene00010010,82,704,786
WBGene00010011,16,57,73
WBGene00010012,2165,11708,13873
WBGene00010013,320,6976,7296
WBGene00010014,4,33,37
WBGene00010015,85,12048,12133
WBGene00010016,2,3,5
WBGene00010017,0,1,1
WBGene00010018,18,129,147
WBGene00010019,137,857,994
WBGene00010020,0,3,3
WBGene00010021,1,4,5
WBGene00010022,0,10,10
WBGene00010023,1,118,119
WBGene00010025,4,31,35
WBGene00010026,1,2,3
WBGene00010027,25,201,226
WBGene00010028,58,1603,1661
WBGene00010030,0,47,47
WBGene00010031,522,13,535
WBGene00010032,57,1849,1906
WBGene00010033,40,1022,1062
WBGene00010034,40,29,69
WBGene00010035,6,26,32
WBGene00010036,2,57,59
WBGene00010037,369,10743,11112
WBGene00010038,125,1945,2070
WBGene00010039,212,1063,1275
WBGene00010040,69,2275,2344
WBGene00010041,0,6029,6029
WBGene00010042,90,1974,2064
WBGene00010043,136,1042,1178
WBGene00010044,542,8005,8547
WBGene00010045,279,2145,2424
WBGene00010046,5,109,114
WBGene00010047,258,4212,4470
WBGene00010048,79,831,910
WBGene00010049,1488,14532,16020
WBGene00010050,601,4901,5502
WBGene00010051,87,1077,1164
WBGene00010052,166,6322,6488
WBGene00010053,2,727,729
WBGene00010054,272,4724,4996
WBGene00010055,455,14640,15095
WBGene00010056,10,2696,2706
WBGene00010057,191,1869,2060
WBGene00010058,16,110,126
WBGene00010059,122,5600,5722
WBGene00010060,34,193,227
WBGene00010061,56,1441,1497
WBGene00010062,151,1989,2140
WBGene00010063,226,1960,2186
WBGene00010064,5,243,248
WBGene00010065,1,24,25
WBGene00010066,2,10,12
WBGene00010067,1,0,1
WBGene00010068,10,245,255
WBGene00010069,73,116,189
WBGene00010070,2569,23000,25569
WBGene00010071,563,103,666
WBGene00010072,37,313,350
WBGene00010073,214,693,907
WBGene00010074,118,482,600
WBGene00010075,30,4562,4592
WBGene00010077,96,454,550
WBGene00010079,439,3842,4281
WBGene00010080,50,578,628
WBGene00010081,6,224,230
WBGene00010082,3,447,450
WBGene00010083,470,3585,4055
WBGene00010084,4,6,10
WBGene00010085,1,5,6
WBGene00010086,870,2340,3210
WBGene00010087,2,0,2
WBGene00010088,33,216,249
WBGene00010089,82,976,1058
WBGene00010091,0,1,1
WBGene00010093,12,1288,1300
WBGene00010094,116,9211,9327
WBGene00010096,237,2121,2358
WBGene00010097,132,5439,5571
WBGene00010098,0,17,17
WBGene00010099,0,0,0
WBGene00010100,1,22,23
WBGene00010101,0,4,4
WBGene00010102,0,13,13
WBGene00010103,44,0,44
WBGene00010104,0,1,1
WBGene00010105,0,4,4
WBGene00010106,0,35,35
WBGene00010107,0,0,0
WBGene00010108,1,6,7
WBGene00010109,54,2245,2299
WBGene00010110,60,1436,1496
WBGene00010111,246,1760,2006
WBGene00010113,376,2119,2495
WBGene00010114,3,0,3
WBGene00010115,120,1842,1962
WBGene00010116,112,1020,1132
WBGene00010117,491,11726,12217
WBGene00010118,34,127,161
WBGene00010119,4,28,32
WBGene00010120,1,11,12
WBGene00010121,7,10,17
WBGene00010122,2,21,23
WBGene00010123,146,3048,3194
WBGene00010124,26,603,629
WBGene00010125,20,424,444
WBGene00010126,0,0,0
WBGene00010127,1,2,3
WBGene00010128,57,943,1000
WBGene00010129,0,1,1
WBGene00010130,278,19790,20068
WBGene00010131,36,1086,1122
WBGene00010132,262,1103,1365
WBGene00010133,0,5822,5822
WBGene00010134,158,702,860
WBGene00010135,1,2149,2150
WBGene00010136,10,29,39
WBGene00010137,207,381,588
WBGene00010138,41,127,168
WBGene00010139,266,7017,7283
WBGene00010140,27,385,412
WBGene00010141,69,676,745
WBGene00010142,270,249,519
WBGene00010143,18,141,159
WBGene00010144,72,399,471
WBGene00010145,55,8,63
WBGene00010146,659,1834,2493
WBGene00010147,1,5,6
WBGene00010148,28,407,435
WBGene00010149,0,1,1
WBGene00010150,732,2853,3585
WBGene00010152,15,20,35
WBGene00010153,0,43,43
WBGene00010155,13,69,82
WBGene00010157,5,12,17
WBGene00010158,0,0,0
WBGene00010159,418,1733,2151
WBGene00010160,265,1168,1433
WBGene00010161,446,1114,1560
WBGene00010162,0,4,4
WBGene00010163,107,263,370
WBGene00010164,4,1,5
WBGene00010165,38,40,78
WBGene00010166,7,17,24
WBGene00010167,22,4,26
WBGene00010168,11,32,43
WBGene00010169,0,1,1
WBGene00010170,1,4,5
WBGene00010171,1,3,4
WBGene00010172,2,4,6
WBGene00010173,8,20,28
WBGene00010174,633,9660,10293
WBGene00010175,188,1173,1361
WBGene00010176,12,142,154
WBGene00010177,1205,6479,7684
WBGene00010178,167,2809,2976
WBGene00010179,95,664,759
WBGene00010180,2,11,13
WBGene00010181,3,1,4
WBGene00010182,0,16,16
WBGene00010183,4,82,86
WBGene00010184,0,21,21
WBGene00010185,8,40,48
WBGene00010186,5,156,161
WBGene00010187,15,61,76
WBGene00010188,18,564,582
WBGene00010189,17,219,236
WBGene00010191,76,2732,2808
WBGene00010192,32,1028,1060
WBGene00010193,6,288,294
WBGene00010194,1,77,78
WBGene00010195,9,191,200
WBGene00010196,2,10,12
WBGene00010197,74,2889,2963
WBGene00010198,82,653,735
WBGene00010199,178,5282,5460
WBGene00010200,139,434,573
WBGene00010202,13,503,516
WBGene00010203,1,11,12
WBGene00010204,100,61835,61935
WBGene00010205,16,291,307
WBGene00010206,0,0,0
WBGene00010212,407,52,459
WBGene00010214,43,310,353
WBGene00010215,20,95,115
WBGene00010216,1,1,2
WBGene00010217,6,40,46
WBGene00010218,4,40,44
WBGene00010219,0,0,0
WBGene00010220,14,22,36
WBGene00010221,129,8622,8751
WBGene00010222,61,178,239
WBGene00010223,49,72,121
WBGene00010224,86,427,513
WBGene00010225,145,2842,2987
WBGene00010226,4,29,33
WBGene00010227,23,623,646
WBGene00010228,22,10,32
WBGene00010229,118,1276,1394
WBGene00010230,129,5628,5757
WBGene00010231,336,8000,8336
WBGene00010232,141,5845,5986
WBGene00010233,59,879,938
WBGene00010234,0,955,955
WBGene00010235,25,407,432
WBGene00010236,171,4440,4611
WBGene00010237,10,128,138
WBGene00010238,265,5686,5951
WBGene00010239,44,1211,1255
WBGene00010241,3,41,44
WBGene00010242,173,1334,1507
WBGene00010243,20,111,131
WBGene00010244,607,11111,11718
WBGene00010245,3,3,6
WBGene00010246,7,31,38
WBGene00010247,2,1,3
WBGene00010248,58,1806,1864
WBGene00010249,45,16,61
WBGene00010250,45,88,133
WBGene00010251,472,1686,2158
WBGene00010253,43,361,404
WBGene00010254,0,9,9
WBGene00010255,0,7,7
WBGene00010256,289,3426,3715
WBGene00010257,2,86,88
WBGene00010258,85,1171,1256
WBGene00010259,1481,4063,5544
WBGene00010260,261,23583,23844
WBGene00010261,4,11,15
WBGene00010262,408,10439,10847
WBGene00010263,8,254,262
WBGene00010264,104,485,589
WBGene00010265,3,7,10
WBGene00010266,1523,32037,33560
WBGene00010267,22,180,202
WBGene00010268,55,771,826
WBGene00010269,95,2588,2683
WBGene00010270,0,0,0
WBGene00010272,366,3551,3917
WBGene00010273,12,48,60
WBGene00010274,159,1907,2066
WBGene00010275,212,782,994
WBGene00010277,34,1427,1461
WBGene00010278,9,370,379
WBGene00010279,181,7087,7268
WBGene00010280,144,3952,4096
WBGene00010281,13,403,416
WBGene00010282,28,62,90
WBGene00010283,45,664,709
WBGene00010284,248,6047,6295
WBGene00010285,14,252,266
WBGene00010286,62,1508,1570
WBGene00010288,107,1137,1244
WBGene00010289,1,49,50
WBGene00010290,57,4623,4680
WBGene00010291,122,1066,1188
WBGene00010292,0,1,1
WBGene00010293,17,225,242
WBGene00010296,16,3960,3976
WBGene00010297,25,104,129
WBGene00010298,5,16,21
WBGene00010299,1,7,8
WBGene00010300,2,0,2
WBGene00010301,3,1,4
WBGene00010302,433,1716,2149
WBGene00010303,399,45269,45668
WBGene00010304,151,1027,1178
WBGene00010305,126,2248,2374
WBGene00010306,781,4205,4986
WBGene00010307,5,1847,1852
WBGene00010308,195,1463,1658
WBGene00010309,32,340,372
WBGene00010310,36,363,399
WBGene00010311,6,174,180
WBGene00010314,3,10,13
WBGene00010315,117,654,771
WBGene00010316,343,976,1319
WBGene00010317,429,38309,38738
WBGene00010318,40,245,285
WBGene00010319,193,2270,2463
WBGene00010320,185,1005,1190
WBGene00010321,90,1845,1935
WBGene00010322,70,66,136
WBGene00010323,5,5,10
WBGene00010324,1,0,1
WBGene00010325,16,1745,1761
WBGene00010326,1468,15086,16554
WBGene00010327,397,524,921
WBGene00010328,128,2418,2546
WBGene00010329,96,1167,1263
WBGene00010330,538120,317,538437
WBGene00010331,69,255,324
WBGene00010332,11,624,635
WBGene00010333,303,7582,7885
WBGene00010334,228,1377,1605
WBGene00010335,667,3040,3707
WBGene00010336,58,667,725
WBGene00010337,1238,12974,14212
WBGene00010338,148,1215,1363
WBGene00010339,52,2807,2859
WBGene00010340,95,829,924
WBGene00010341,136,1264,1400
WBGene00010342,83,211,294
WBGene00010343,6,15,21
WBGene00010344,46,274,320
WBGene00010345,64,360,424
WBGene00010348,13,984,997
WBGene00010349,54,285,339
WBGene00010350,547,1479,2026
WBGene00010351,4,429,433
WBGene00010352,11,24,35
WBGene00010353,0,103,103
WBGene00010354,417,366,783
WBGene00010355,0,4,4
WBGene00010356,69,1496,1565
WBGene00010357,150,2062,2212
WBGene00010358,7,33,40
WBGene00010359,6,7,13
WBGene00010360,4,4,8
WBGene00010361,23,14,37
WBGene00010362,1,360,361
WBGene00010363,14,212,226
WBGene00010364,2,98,100
WBGene00010365,10,25,35
WBGene00010366,24,6,30
WBGene00010367,39,391,430
WBGene00010368,7,19,26
WBGene00010369,223,6296,6519
WBGene00010370,814,6689,7503
WBGene00010372,27,55,82
WBGene00010373,4,36,40
WBGene00010374,569,2424,2993
WBGene00010375,18,359,377
WBGene00010377,0,0,0
WBGene00010378,0,2,2
WBGene00010379,0,0,0
WBGene00010380,4,10,14
WBGene00010381,3,2,5
WBGene00010382,0,64,64
WBGene00010383,140,1583,1723
WBGene00010385,276,640,916
WBGene00010386,274,321,595
WBGene00010387,1,40,41
WBGene00010388,7,11,18
WBGene00010389,29,5,34
WBGene00010391,3,23,26
WBGene00010392,5,1,6
WBGene00010394,18,11,29
WBGene00010395,0,0,0
WBGene00010396,22,308,330
WBGene00010397,16,940,956
WBGene00010399,0,0,0
WBGene00010401,1,7,8
WBGene00010403,18,105,123
WBGene00010404,2,0,2
WBGene00010405,149,7510,7659
WBGene00010406,63,5310,5373
WBGene00010407,95,2528,2623
WBGene00010408,132,2985,3117
WBGene00010409,83,806,889
WBGene00010410,2,1,3
WBGene00010411,1,7,8
WBGene00010412,0,3,3
WBGene00010413,0,4,4
WBGene00010414,4,8,12
WBGene00010415,12,4,16
WBGene00010416,339,2824,3163
WBGene00010417,0,0,0
WBGene00010418,61,1338,1399
WBGene00010419,5044,202785,207829
WBGene00010420,126,1177,1303
WBGene00010421,171,1180,1351
WBGene00010422,79,1158,1237
WBGene00010423,80,118,198
WBGene00010424,11,190,201
WBGene00010425,294,13999,14293
WBGene00010426,17,42,59
WBGene00010427,850,1219,2069
WBGene00010428,218,3100,3318
WBGene00010429,19,19,38
WBGene00010432,11,1737,1748
WBGene00010433,103,1831,1934
WBGene00010434,197,230,427
WBGene00010435,377,7124,7501
WBGene00010436,0,386,386
WBGene00010437,100,1353,1453
WBGene00010439,62,1159,1221
WBGene00010440,814,12394,13208
WBGene00010442,77,791,868
WBGene00010444,906,2699,3605
WBGene00010446,3,58,61
WBGene00010447,5,18,23
WBGene00010448,83,294,377
WBGene00010449,73,644,717
WBGene00010450,172,2063,2235
WBGene00010451,39,10,49
WBGene00010453,98,562,660
WBGene00010454,38,327,365
WBGene00010455,25,316,341
WBGene00010456,103,2635,2738
WBGene00010457,8,203,211
WBGene00010458,33,2742,2775
WBGene00010459,6,1447,1453
WBGene00010460,8,18,26
WBGene00010461,0,12,12
WBGene00010464,25,206,231
WBGene00010465,183,2354,2537
WBGene00010466,4,18,22
WBGene00010467,0,13,13
WBGene00010468,5,143,148
WBGene00010469,2,40,42
WBGene00010470,379,2509,2888
WBGene00010471,593,8637,9230
WBGene00010472,9,1528,1537
WBGene00010473,72,499,571
WBGene00010474,1,0,1
WBGene00010475,673,1087,1760
WBGene00010476,41,1988,2029
WBGene00010477,4,244,248
WBGene00010478,171,35090,35261
WBGene00010479,207,1879,2086
WBGene00010480,1318,7283,8601
WBGene00010481,28,1112,1140
WBGene00010483,0,4,4
WBGene00010484,119,2165,2284
WBGene00010485,0,51,51
WBGene00010486,2,0,2
WBGene00010487,31,27,58
WBGene00010488,594,5337,5931
WBGene00010491,5,1077,1082
WBGene00010492,0,3,3
WBGene00010493,3,5,8
WBGene00010494,2,7,9
WBGene00010495,4,21,25
WBGene00010496,148,1735,1883
WBGene00010497,125,1030,1155
WBGene00010498,200,970,1170
WBGene00010499,4,35,39
WBGene00010500,370,3889,4259
WBGene00010501,30,483,513
WBGene00010502,90,1745,1835
WBGene00010503,63,1031,1094
WBGene00010504,56,608,664
WBGene00010505,73,616,689
WBGene00010506,50,133,183
WBGene00010507,575,5957,6532
WBGene00010508,31,8,39
WBGene00010509,1,3,4
WBGene00010510,4,5,9
WBGene00010511,4,5,9
WBGene00010512,120,2508,2628
WBGene00010513,190,1826,2016
WBGene00010514,216,3009,3225
WBGene00010515,138,2787,2925
WBGene00010516,76,1273,1349
WBGene00010518,26,184,210
WBGene00010519,11,18,29
WBGene00010520,33,501,534
WBGene00010521,39,198,237
WBGene00010522,63,1120,1183
WBGene00010523,4,4,8
WBGene00010524,25,4176,4201
WBGene00010525,29,441,470
WBGene00010526,0,6,6
WBGene00010527,2,4,6
WBGene00010528,0,7,7
WBGene00010530,2,9,11
WBGene00010531,0,3,3
WBGene00010534,16,0,16
WBGene00010535,7,1,8
WBGene00010536,6,1,7
WBGene00010537,319,688,1007
WBGene00010538,73,240,313
WBGene00010539,296,4291,4587
WBGene00010540,79,1385,1464
WBGene00010541,381,4658,5039
WBGene00010542,6,665,671
WBGene00010544,0,5,5
WBGene00010545,31,236,267
WBGene00010546,5,199,204
WBGene00010547,1,0,1
WBGene00010550,146,1841,1987
WBGene00010551,154,1561,1715
WBGene00010552,47,794,841
WBGene00010553,26,401,427
WBGene00010554,13,118,131
WBGene00010555,0,5,5
WBGene00010556,585,338992,339577
WBGene00010557,37,1968,2005
WBGene00010558,221,592,813
WBGene00010559,17,654,671
WBGene00010560,450,16950,17400
WBGene00010562,97,2067,2164
WBGene00010563,28,49,77
WBGene00010564,233,3560,3793
WBGene00010565,14,825,839
WBGene00010566,62,255,317
WBGene00010567,146,1792,1938
WBGene00010568,28,39,67
WBGene00010569,68,602,670
WBGene00010570,0,2,2
WBGene00010571,26,206,232
WBGene00010572,28,432,460
WBGene00010573,278,3346,3624
WBGene00010574,3,36,39
WBGene00010575,109,2961,3070
WBGene00010576,2,0,2
WBGene00010577,6,0,6
WBGene00010578,3,4,7
WBGene00010579,65,10327,10392
WBGene00010580,45,35,80
WBGene00010581,8,72,80
WBGene00010582,285,4026,4311
WBGene00010583,1,1681,1682
WBGene00010584,8,36,44
WBGene00010585,328,706,1034
WBGene00010586,4,12,16
WBGene00010587,85,352,437
WBGene00010588,1,38,39
WBGene00010589,3,41,44
WBGene00010590,0,1,1
WBGene00010591,2,9,11
WBGene00010592,52,366,418
WBGene00010593,588,10971,11559
WBGene00010594,94,410,504
WBGene00010595,163,1454,1617
WBGene00010596,3,13,16
WBGene00010597,847,1058,1905
WBGene00010598,8,8,16
WBGene00010599,12,24,36
WBGene00010600,2,13,15
WBGene00010601,1,7,8
WBGene00010602,2,21,23
WBGene00010603,15,170,185
WBGene00010604,2,103,105
WBGene00010605,1575,12511,14086
WBGene00010606,18,68,86
WBGene00010607,30,15,45
WBGene00010608,34,487,521
WBGene00010609,246,2732,2978
WBGene00010610,237,2474,2711
WBGene00010611,6,3,9
WBGene00010612,2,9,11
WBGene00010613,5,9,14
WBGene00010614,16,31,47
WBGene00010615,148,2231,2379
WBGene00010616,205,12411,12616
WBGene00010617,11,129,140
WBGene00010619,92,1742,1834
WBGene00010620,163,2916,3079
WBGene00010621,5,339,344
WBGene00010622,77,1274,1351
WBGene00010623,23,88,111
WBGene00010624,344,5409,5753
WBGene00010625,127,2108,2235
WBGene00010626,553,3809,4362
WBGene00010627,1938,37031,38969
WBGene00010628,89,1025,1114
WBGene00010629,157,4429,4586
WBGene00010630,66,349,415
WBGene00010631,340,4511,4851
WBGene00010632,285,1550,1835
WBGene00010633,0,4,4
WBGene00010634,0,2,2
WBGene00010635,0,3,3
WBGene00010636,17,135,152
WBGene00010637,39,337,376
WBGene00010638,433,3869,4302
WBGene00010639,547,7870,8417
WBGene00010640,103,651,754
WBGene00010641,136,3212,3348
WBGene00010642,82,600,682
WBGene00010643,163,963,1126
WBGene00010644,74,773,847
WBGene00010645,220,3596,3816
WBGene00010646,148,222,370
WBGene00010647,5,1384,1389
WBGene00010648,93,1547,1640
WBGene00010649,197,1745,1942
WBGene00010650,1,1,2
WBGene00010651,4,1,5
WBGene00010652,4,15,19
WBGene00010653,0,2,2
WBGene00010654,7,15,22
WBGene00010655,11,23,34
WBGene00010656,7,28,35
WBGene00010657,108,1857,1965
WBGene00010658,190,5789,5979
WBGene00010659,48,430,478
WBGene00010660,285,2336,2621
WBGene00010661,15,521,536
WBGene00010662,3,13,16
WBGene00010663,122,405,527
WBGene00010664,138,3438,3576
WBGene00010665,660,7827,8487
WBGene00010666,2,653,655
WBGene00010667,102,1018,1120
WBGene00010668,4,2,6
WBGene00010669,49,157,206
WBGene00010670,30,3968,3998
WBGene00010671,31,1499,1530
WBGene00010672,2,3,5
WBGene00010673,14,71,85
WBGene00010674,25,822,847
WBGene00010675,192,1967,2159
WBGene00010676,143,2431,2574
WBGene00010677,139,14548,14687
WBGene00010678,27,627,654
WBGene00010679,6,21,27
WBGene00010680,14,54,68
WBGene00010681,1063,25281,26344
WBGene00010682,23,102,125
WBGene00010683,48,686,734
WBGene00010684,24,67,91
WBGene00010685,126,2061,2187
WBGene00010686,33,657,690
WBGene00010687,85,2228,2313
WBGene00010688,2,14,16
WBGene00010689,1,11,12
WBGene00010690,0,3,3
WBGene00010691,4,39,43
WBGene00010692,1,10,11
WBGene00010693,108,138,246
WBGene00010694,18,29,47
WBGene00010697,148,2876,3024
WBGene00010698,7,19,26
WBGene00010699,359,3489,3848
WBGene00010700,311,4782,5093
WBGene00010701,95,4969,5064
WBGene00010702,88,635,723
WBGene00010703,1540,7840,9380
WBGene00010704,13,630,643
WBGene00010705,23,229,252
WBGene00010706,9,90,99
WBGene00010707,2,3,5
WBGene00010708,17,87,104
WBGene00010709,177,818,995
WBGene00010711,0,339,339
WBGene00010712,19,47,66
WBGene00010713,348,1639,1987
WBGene00010714,65,53,118
WBGene00010715,1,1,2
WBGene00010716,33,272,305
WBGene00010717,4,69,73
WBGene00010718,18,132,150
WBGene00010719,6,3,9
WBGene00010720,70,1930,2000
WBGene00010721,107,1808,1915
WBGene00010722,147,843,990
WBGene00010723,15,2565,2580
WBGene00010724,228,1306,1534
WBGene00010725,102,1469,1571
WBGene00010726,1018,973,1991
WBGene00010727,226,6346,6572
WBGene00010728,1,6,7
WBGene00010729,1,0,1
WBGene00010730,55,5677,5732
WBGene00010731,705,4980,5685
WBGene00010732,569,4000,4569
WBGene00010734,49,276,325
WBGene00010735,171,276,447
WBGene00010736,538,5379,5917
WBGene00010737,29,561,590
WBGene00010738,1336,7909,9245
WBGene00010740,0,1467,1467
WBGene00010741,6,317,323
WBGene00010742,258,5873,6131
WBGene00010743,4,20,24
WBGene00010744,353,2241,2594
WBGene00010745,78,1346,1424
WBGene00010746,24,7,31
WBGene00010747,54,226,280
WBGene00010748,2,0,2
WBGene00010749,55,1367,1422
WBGene00010750,16,309,325
WBGene00010752,14,223,237
WBGene00010754,1,3,4
WBGene00010755,7,276,283
WBGene00010756,107,1001,1108
WBGene00010757,17,485,502
WBGene00010758,137,1344,1481
WBGene00010759,139,2111,2250
WBGene00010760,0,24,24
WBGene00010761,8,1,9
WBGene00010762,2,27,29
WBGene00010763,0,1,1
WBGene00010764,3,4,7
WBGene00010765,21,164,185
WBGene00010766,65,4315,4380
WBGene00010767,17,523,540
WBGene00010768,89,101,190
WBGene00010769,639,16985,17624
WBGene00010770,232,450,682
WBGene00010771,40,864,904
WBGene00010772,1234,2537,3771
WBGene00010773,103,1667,1770
WBGene00010774,72,969,1041
WBGene00010775,29,54,83
WBGene00010776,113,1003,1116
WBGene00010778,522,9236,9758
WBGene00010779,11,11,22
WBGene00010780,316,5144,5460
WBGene00010781,12,116,128
WBGene00010782,22,332,354
WBGene00010783,278,3010,3288
WBGene00010784,157,677,834
WBGene00010785,148,6290,6438
WBGene00010786,18,35,53
WBGene00010787,6,162,168
WBGene00010788,47,227,274
WBGene00010789,39,67,106
WBGene00010790,417,50711,51128
WBGene00010791,9,245,254
WBGene00010792,30,228,258
WBGene00010793,1729,16341,18070
WBGene00010794,562,20314,20876
WBGene00010795,66,954,1020
WBGene00010796,638,5646,6284
WBGene00010797,0,1,1
WBGene00010798,0,1,1
WBGene00010799,20,112,132
WBGene00010800,1,18,19
WBGene00010801,0,3,3
WBGene00010802,8,1,9
WBGene00010803,28,800,828
WBGene00010804,0,13,13
WBGene00010805,29,545,574
WBGene00010806,299,3230,3529
WBGene00010807,15,1417,1432
WBGene00010808,1,3,4
WBGene00010809,34,5926,5960
WBGene00010810,243,2126,2369
WBGene00010811,149,2735,2884
WBGene00010812,325,8453,8778
WBGene00010813,490,1791,2281
WBGene00010814,95,399,494
WBGene00010815,161,627,788
WBGene00010817,0,2,2
WBGene00010819,0,5,5
WBGene00010820,9,2,11
WBGene00010821,2,4,6
WBGene00010822,47,921,968
WBGene00010823,0,0,0
WBGene00010825,8,13,21
WBGene00010827,96,1576,1672
WBGene00010828,1141,3633,4774
WBGene00010829,10,27,37
WBGene00010830,31,222,253
WBGene00010831,14,133,147
WBGene00010832,4,28,32
WBGene00010833,61,727,788
WBGene00010834,45,3431,3476
WBGene00010835,24,251,275
WBGene00010836,899,180,1079
WBGene00010837,32,1146,1178
WBGene00010838,206,1741,1947
WBGene00010839,50,565,615
WBGene00010840,660,2071,2731
WBGene00010842,576,3848,4424
WBGene00010843,34,161,195
WBGene00010844,171,3119,3290
WBGene00010845,266,5519,5785
WBGene00010846,56,354,410
WBGene00010847,139,1951,2090
WBGene00010848,28,1864,1892
WBGene00010849,631,653,1284
WBGene00010850,381,2113,2494
WBGene00010851,8,643,651
WBGene00010854,0,8,8
WBGene00010855,116,11,127
WBGene00010856,360,1740,2100
WBGene00010857,40,71,111
WBGene00010858,91,1459,1550
WBGene00010859,36,393,429
WBGene00010862,2,19,21
WBGene00010863,50,69,119
WBGene00010864,104,1320,1424
WBGene00010865,96,536,632
WBGene00010866,0,3,3
WBGene00010867,265,3260,3525
WBGene00010868,300,7227,7527
WBGene00010869,4,82,86
WBGene00010870,216,2206,2422
WBGene00010871,47,288,335
WBGene00010872,47,3599,3646
WBGene00010873,59,602,661
WBGene00010874,155,146,301
WBGene00010875,118,1863,1981
WBGene00010876,29,28,57
WBGene00010877,329,2070,2399
WBGene00010878,198,4101,4299
WBGene00010879,202,10314,10516
WBGene00010880,80,97,177
WBGene00010881,101,365,466
WBGene00010882,71,2258,2329
WBGene00010883,6,36,42
WBGene00010884,102,643,745
WBGene00010885,0,1,1
WBGene00010886,2,6,8
WBGene00010887,412,4448,4860
WBGene00010888,897,9608,10505
WBGene00010889,20,465,485
WBGene00010890,180,3406,3586
WBGene00010891,10,1182,1192
WBGene00010892,23,1049,1072
WBGene00010893,29,547,576
WBGene00010894,11,3,14
WBGene00010895,3,23,26
WBGene00010896,653,79108,79761
WBGene00010897,339,2906,3245
WBGene00010898,75,477,552
WBGene00010899,73,488,561
WBGene00010900,3,4,7
WBGene00010901,6,1329,1335
WBGene00010902,172,1676,1848
WBGene00010904,124,3830,3954
WBGene00010905,155,5550,5705
WBGene00010906,9,41,50
WBGene00010907,60,572,632
WBGene00010908,327,4920,5247
WBGene00010909,244,4255,4499
WBGene00010910,775,1031,1806
WBGene00010911,241,2981,3222
WBGene00010912,213,3915,4128
WBGene00010913,125,2125,2250
WBGene00010915,5,7,12
WBGene00010916,24,171,195
WBGene00010917,20,532,552
WBGene00010918,444,2261,2705
WBGene00010919,4,30,34
WBGene00010920,2,29,31
WBGene00010922,3,1427,1430
WBGene00010923,483,1597,2080
WBGene00010924,15,418,433
WBGene00010925,50,169,219
WBGene00010926,2,11,13
WBGene00010927,4,6,10
WBGene00010928,0,206,206
WBGene00010929,0,25,25
WBGene00010931,14,127,141
WBGene00010933,1,0,1
WBGene00010934,5,65,70
WBGene00010935,33,5857,5890
WBGene00010936,88,920,1008
WBGene00010937,4,78,82
WBGene00010938,3,4,7
WBGene00010939,21,16,37
WBGene00010940,6,1157,1163
WBGene00010941,211,2665,2876
WBGene00010942,703,12484,13187
WBGene00010943,20,860,880
WBGene00010944,110,2670,2780
WBGene00010945,4,198,202
WBGene00010946,37,9,46
WBGene00010947,1,675,676
WBGene00010948,17,161,178
WBGene00010949,2,3,5
WBGene00010950,7,8,15
WBGene00010951,100,654,754
WBGene00010953,4,2,6
WBGene00010954,5,1,6
WBGene00010955,2,8,10
WBGene00010956,0,25,25
WBGene00010957,0,759844,759844
WBGene00010958,0,321896,321896
WBGene00010959,0,173710,173710
WBGene00010960,0,780467,780467
WBGene00010961,0,43532,43532
WBGene00010962,0,575117,575117
WBGene00010963,0,55777,55777
WBGene00010964,0,301391,301391
WBGene00010965,0,563917,563917
WBGene00010966,0,18031,18031
WBGene00010967,0,48260,48260
WBGene00010968,151,2376,2527
WBGene00010969,1,20,21
WBGene00010970,151,975,1126
WBGene00010971,20,339,359
WBGene00010972,10,510,520
WBGene00010973,21,125,146
WBGene00010974,129,861,990
WBGene00010975,116,876,992
WBGene00010976,22,1339,1361
WBGene00010977,237,2254,2491
WBGene00010978,2,44,46
WBGene00010979,208,210,418
WBGene00010980,8,92,100
WBGene00010981,97,1590,1687
WBGene00010982,267,4011,4278
WBGene00010983,101,252,353
WBGene00010984,30,2581,2611
WBGene00010985,37,178,215
WBGene00010986,161,506,667
WBGene00010987,9,93,102
WBGene00010988,200,3694,3894
WBGene00010989,4,226,230
WBGene00010990,184,2674,2858
WBGene00010991,15,44,59
WBGene00010992,2,1,3
WBGene00010993,218,16195,16413
WBGene00010994,247,2723,2970
WBGene00010995,2,4,6
WBGene00010996,3,0,3
WBGene00010998,19,172,191
WBGene00010999,15,14,29
WBGene00011000,23,36,59
WBGene00011001,5,13,18
WBGene00011002,75,370,445
WBGene00011003,146,897,1043
WBGene00011004,272,1234,1506
WBGene00011005,5,34,39
WBGene00011006,26,904,930
WBGene00011008,3,5,8
WBGene00011009,4,63,67
WBGene00011010,1,3,4
WBGene00011011,0,2,2
WBGene00011012,1,2,3
WBGene00011013,8,149,157
WBGene00011014,28,261,289
WBGene00011015,5546,102411,107957
WBGene00011016,42,2091,2133
WBGene00011017,10,3377,3387
WBGene00011018,726,2866,3592
WBGene00011019,279,6144,6423
WBGene00011020,65,1623,1688
WBGene00011021,142,1938,2080
WBGene00011023,4,40,44
WBGene00011024,0,2,2
WBGene00011025,3,2,5
WBGene00011026,1023,3860,4883
WBGene00011027,43,96,139
WBGene00011028,1817,1547,3364
WBGene00011029,300,2852,3152
WBGene00011030,138,648,786
WBGene00011032,143,3845,3988
WBGene00011033,57,2367,2424
WBGene00011034,69,1741,1810
WBGene00011035,197,2623,2820
WBGene00011036,71,1311,1382
WBGene00011037,71,1040,1111
WBGene00011038,240,9924,10164
WBGene00011039,16,247,263
WBGene00011040,38,739,777
WBGene00011041,0,10,10
WBGene00011042,9,242,251
WBGene00011043,1128,3823,4951
WBGene00011044,172,363,535
WBGene00011045,433,2436,2869
WBGene00011046,6,17,23
WBGene00011047,21,878,899
WBGene00011049,3,22,25
WBGene00011050,243,2342,2585
WBGene00011051,808,2709,3517
WBGene00011052,9,3,12
WBGene00011053,9,3,12
WBGene00011054,47,967,1014
WBGene00011055,175,2418,2593
WBGene00011056,14,10,24
WBGene00011058,466,1680,2146
WBGene00011059,9295,191363,200658
WBGene00011060,228,2383,2611
WBGene00011061,72,1559,1631
WBGene00011062,3,93,96
WBGene00011063,13,161,174
WBGene00011064,166,3182,3348
WBGene00011065,12,233,245
WBGene00011066,51,415,466
WBGene00011067,124,1688,1812
WBGene00011068,34,1252,1286
WBGene00011069,53,228,281
WBGene00011070,204,8123,8327
WBGene00011071,128,1575,1703
WBGene00011072,954,12090,13044
WBGene00011073,26,544,570
WBGene00011074,24,172,196
WBGene00011075,57,232,289
WBGene00011076,45,983,1028
WBGene00011077,44,37,81
WBGene00011078,1,29,30
WBGene00011079,9,167,176
WBGene00011081,8,222,230
WBGene00011082,18,343,361
WBGene00011083,131,399,530
WBGene00011084,0,10,10
WBGene00011087,46,475,521
WBGene00011088,3,138,141
WBGene00011089,31,873,904
WBGene00011090,95,678,773
WBGene00011092,96,720,816
WBGene00011093,81,598,679
WBGene00011094,39,604,643
WBGene00011095,29,2349,2378
WBGene00011096,11,9,20
WBGene00011097,277,1809,2086
WBGene00011098,14,124,138
WBGene00011099,65,561,626
WBGene00011100,60,378,438
WBGene00011101,139,198,337
WBGene00011102,426,21239,21665
WBGene00011103,8,598,606
WBGene00011104,24,30,54
WBGene00011105,99,1618,1717
WBGene00011106,82,2321,2403
WBGene00011107,11,271,282
WBGene00011108,22,617,639
WBGene00011109,69,2277,2346
WBGene00011110,982,9059,10041
WBGene00011111,68,4104,4172
WBGene00011112,27,1086,1113
WBGene00011113,21,34,55
WBGene00011114,12,31,43
WBGene00011115,92,3512,3604
WBGene00011116,135,6848,6983
WBGene00011117,5,329,334
WBGene00011119,1747,23134,24881
WBGene00011120,0,28,28
WBGene00011121,16,360,376
WBGene00011122,593,5574,6167
WBGene00011123,252,1212,1464
WBGene00011124,6,250,256
WBGene00011127,0,10,10
WBGene00011128,133,15705,15838
WBGene00011129,5,34,39
WBGene00011130,4872,11,4883
WBGene00011131,202,484,686
WBGene00011132,0,5,5
WBGene00011133,2,21,23
WBGene00011134,0,0,0
WBGene00011135,0,1,1
WBGene00011136,13,161,174
WBGene00011137,22,1284,1306
WBGene00011139,121,1874,1995
WBGene00011140,49,357,406
WBGene00011141,258,3005,3263
WBGene00011142,110,2319,2429
WBGene00011143,74,1344,1418
WBGene00011144,488,3223,3711
WBGene00011145,59,1167,1226
WBGene00011146,660,3876,4536
WBGene00011147,39,297,336
WBGene00011150,6,6,12
WBGene00011151,1,2,3
WBGene00011152,2,1,3
WBGene00011153,12,6,18
WBGene00011154,104,2127,2231
WBGene00011155,972,16744,17716
WBGene00011156,13485,265878,279363
WBGene00011157,0,6,6
WBGene00011158,0,6,6
WBGene00011159,0,1,1
WBGene00011161,1,29,30
WBGene00011162,0,9,9
WBGene00011163,4,16,20
WBGene00011164,7,3,10
WBGene00011166,3,309,312
WBGene00011167,6,163,169
WBGene00011168,7,20,27
WBGene00011169,1,1,2
WBGene00011170,0,1,1
WBGene00011171,62,213,275
WBGene00011172,1,35,36
WBGene00011173,2,4,6
WBGene00011175,5,48,53
WBGene00011176,1,11,12
WBGene00011177,0,1,1
WBGene00011179,16,293,309
WBGene00011180,42,233,275
WBGene00011181,305,9377,9682
WBGene00011182,678,5692,6370
WBGene00011183,6,15,21
WBGene00011184,5,355,360
WBGene00011185,10,415,425
WBGene00011186,1,7,8
WBGene00011187,15,395,410
WBGene00011188,60,1128,1188
WBGene00011189,42,504,546
WBGene00011190,262,1210,1472
WBGene00011191,4,48,52
WBGene00011192,25,39,64
WBGene00011193,50,1645,1695
WBGene00011194,125,795,920
WBGene00011195,32,2552,2584
WBGene00011196,4,0,4
WBGene00011197,98,351,449
WBGene00011198,79,4252,4331
WBGene00011200,4,23,27
WBGene00011201,23,209,232
WBGene00011202,13,10,23
WBGene00011203,9,49,58
WBGene00011205,194,3872,4066
WBGene00011206,72,793,865
WBGene00011207,176,258,434
WBGene00011208,2,4,6
WBGene00011209,12,66,78
WBGene00011211,16,5,21
WBGene00011212,35,284,319
WBGene00011213,38,353,391
WBGene00011214,4,196,200
WBGene00011215,107,507,614
WBGene00011216,155,2064,2219
WBGene00011217,161,1466,1627
WBGene00011218,51,780,831
WBGene00011219,2,9,11
WBGene00011220,13,273,286
WBGene00011221,352,2758,3110
WBGene00011222,398,12537,12935
WBGene00011223,94,1035,1129
WBGene00011224,64,575,639
WBGene00011225,29,654,683
WBGene00011226,153,911,1064
WBGene00011227,13,1022,1035
WBGene00011228,3,34,37
WBGene00011229,0,2,2
WBGene00011230,150,7248,7398
WBGene00011231,38,3218,3256
WBGene00011232,5099,65881,70980
WBGene00011234,0,92,92
WBGene00011235,84,1006,1090
WBGene00011236,30,489,519
WBGene00011237,81,2680,2761
WBGene00011238,34,88,122
WBGene00011239,253,6348,6601
WBGene00011240,438,6549,6987
WBGene00011241,12,78,90
WBGene00011242,97,857,954
WBGene00011243,7,87,94
WBGene00011244,6,545,551
WBGene00011245,2,3,5
WBGene00011246,60,107,167
WBGene00011247,352,7004,7356
WBGene00011248,97,1542,1639
WBGene00011249,2,11,13
WBGene00011250,73,2318,2391
WBGene00011251,167,567,734
WBGene00011252,4,109,113
WBGene00011253,29,1781,1810
WBGene00011254,81,4252,4333
WBGene00011255,24,146,170
WBGene00011257,10,702,712
WBGene00011258,40,683,723
WBGene00011259,783,3760,4543
WBGene00011260,6,79,85
WBGene00011261,435,677,1112
WBGene00011262,118,790,908
WBGene00011263,14,2661,2675
WBGene00011264,16,26,42
WBGene00011265,15,651,666
WBGene00011266,2,134,136
WBGene00011267,5,82,87
WBGene00011268,235,1787,2022
WBGene00011269,67,197,264
WBGene00011270,435,6376,6811
WBGene00011271,95,1340,1435
WBGene00011272,76,2686,2762
WBGene00011273,1988,117817,119805
WBGene00011274,177,1363,1540
WBGene00011275,42,692,734
WBGene00011276,176,3363,3539
WBGene00011277,3,21,24
WBGene00011278,3,293,296
WBGene00011279,962,3724,4686
WBGene00011280,120,1710,1830
WBGene00011281,174,3026,3200
WBGene00011282,340,4301,4641
WBGene00011283,612,4819,5431
WBGene00011284,71,8624,8695
WBGene00011285,91,1167,1258
WBGene00011286,170,2735,2905
WBGene00011287,141,1055,1196
WBGene00011288,0,271,271
WBGene00011289,70,55647,55717
WBGene00011290,0,13,13
WBGene00011291,181,2585,2766
WBGene00011292,495,4861,5356
WBGene00011293,31,28,59
WBGene00011295,1,1,2
WBGene00011296,11,103,114
WBGene00011297,2,6,8
WBGene00011298,194,1163,1357
WBGene00011299,482,2323,2805
WBGene00011300,270,14926,15196
WBGene00011302,525,3099,3624
WBGene00011303,468,3259,3727
WBGene00011304,5600,12737,18337
WBGene00011305,33,1272,1305
WBGene00011306,82,1953,2035
WBGene00011307,144,666,810
WBGene00011308,233,5444,5677
WBGene00011309,710,3856,4566
WBGene00011310,47,462,509
WBGene00011311,544,5573,6117
WBGene00011312,13,1583,1596
WBGene00011313,4,182,186
WBGene00011314,83,563,646
WBGene00011315,27,309,336
WBGene00011317,91,1835,1926
WBGene00011318,16,835,851
WBGene00011319,87,913,1000
WBGene00011320,0,63,63
WBGene00011321,22,2679,2701
WBGene00011322,28,173,201
WBGene00011323,145,2481,2626
WBGene00011324,8,587,595
WBGene00011325,15,219,234
WBGene00011326,169,2320,2489
WBGene00011327,2,34,36
WBGene00011328,728,1902,2630
WBGene00011329,146,2093,2239
WBGene00011330,192,5746,5938
WBGene00011331,2566,1208,3774
WBGene00011333,176,4275,4451
WBGene00011334,179,4826,5005
WBGene00011335,142,820,962
WBGene00011336,2,5,7
WBGene00011337,113,4912,5025
WBGene00011338,186,2034,2220
WBGene00011339,36,154,190
WBGene00011340,13,124,137
WBGene00011341,0,16,16
WBGene00011342,0,8,8
WBGene00011344,633,2156,2789
WBGene00011345,7,673,680
WBGene00011348,167,1630,1797
WBGene00011349,143,2249,2392
WBGene00011350,3,54,57
WBGene00011351,27,216,243
WBGene00011352,395,4346,4741
WBGene00011353,169,1434,1603
WBGene00011354,23,131,154
WBGene00011355,8,131,139
WBGene00011356,4,15,19
WBGene00011358,9,14,23
WBGene00011359,61,50,111
WBGene00011360,14,50,64
WBGene00011361,54,475,529
WBGene00011362,16,100,116
WBGene00011363,0,22,22
WBGene00011364,99,830,929
WBGene00011365,4,42,46
WBGene00011366,11,209,220
WBGene00011367,68,1442,1510
WBGene00011368,101,1044,1145
WBGene00011371,43,273,316
WBGene00011372,647,671,1318
WBGene00011373,0,3,3
WBGene00011374,1297,12044,13341
WBGene00011375,173,1562,1735
WBGene00011376,20,564,584
WBGene00011378,19,23,42
WBGene00011379,3,17,20
WBGene00011380,46,584,630
WBGene00011381,49,338,387
WBGene00011382,143,1294,1437
WBGene00011383,194,7330,7524
WBGene00011384,43,93,136
WBGene00011385,150,656,806
WBGene00011386,1,6,7
WBGene00011387,0,1,1
WBGene00011388,3,13,16
WBGene00011389,1,0,1
WBGene00011390,1,1,2
WBGene00011391,539,4517,5056
WBGene00011392,376,54376,54752
WBGene00011393,95,1338,1433
WBGene00011394,27,252,279
WBGene00011395,4,1,5
WBGene00011396,12,111,123
WBGene00011397,21,291,312
WBGene00011398,607,8872,9479
WBGene00011399,3,822,825
WBGene00011400,161,829,990
WBGene00011401,0,57,57
WBGene00011402,19,34,53
WBGene00011403,3,38,41
WBGene00011404,80,807,887
WBGene00011407,95,997,1092
WBGene00011408,401,8077,8478
WBGene00011409,28,3129,3157
WBGene00011410,7,1684,1691
WBGene00011411,2,890,892
WBGene00011412,193,5834,6027
WBGene00011414,12,38,50
WBGene00011415,43,720,763
WBGene00011416,0,0,0
WBGene00011417,0,0,0
WBGene00011418,0,0,0
WBGene00011419,0,0,0
WBGene00011420,0,0,0
WBGene00011422,171,1492,1663
WBGene00011423,535,3531,4066
WBGene00011424,16,119,135
WBGene00011425,90,137,227
WBGene00011426,47,121,168
WBGene00011427,21,38,59
WBGene00011428,275,8158,8433
WBGene00011429,7,61,68
WBGene00011430,52,523,575
WBGene00011431,6,148,154
WBGene00011432,0,3,3
WBGene00011433,369,2042,2411
WBGene00011434,37,1438,1475
WBGene00011435,6,37,43
WBGene00011436,167,4034,4201
WBGene00011437,80,617,697
WBGene00011438,7,7,14
WBGene00011439,162,3522,3684
WBGene00011440,100,4314,4414
WBGene00011441,147,1240,1387
WBGene00011442,91,314,405
WBGene00011443,13,255,268
WBGene00011444,163,1339,1502
WBGene00011445,304,3209,3513
WBGene00011446,46,2910,2956
WBGene00011447,33,536,569
WBGene00011449,99,3150,3249
WBGene00011450,11,607,618
WBGene00011451,24,529,553
WBGene00011452,89,869,958
WBGene00011453,30,574,604
WBGene00011454,99,534,633
WBGene00011456,90,285,375
WBGene00011458,19,178,197
WBGene00011460,144,323,467
WBGene00011462,29,66,95
WBGene00011463,88,1076,1164
WBGene00011464,64,956,1020
WBGene00011465,30,326,356
WBGene00011466,2,34,36
WBGene00011467,3,5,8
WBGene00011468,15,51,66
WBGene00011469,0,4,4
WBGene00011471,44,548,592
WBGene00011472,5,2,7
WBGene00011473,42,709,751
WBGene00011474,73,49595,49668
WBGene00011475,10,182,192
WBGene00011476,37,351,388
WBGene00011478,7,10,17
WBGene00011479,66,1181,1247
WBGene00011480,2016,40151,42167
WBGene00011481,25,10007,10032
WBGene00011482,22,232,254
WBGene00011484,8,706,714
WBGene00011485,2,1,3
WBGene00011486,0,1,1
WBGene00011487,109,867,976
WBGene00011488,454,5715,6169
WBGene00011489,29,740,769
WBGene00011490,97,1703,1800
WBGene00011491,3,0,3
WBGene00011492,36,93,129
WBGene00011493,0,11,11
WBGene00011494,6,84,90
WBGene00011495,148,3624,3772
WBGene00011497,74,1210,1284
WBGene00011498,1047,11184,12231
WBGene00011499,6,18,24
WBGene00011500,100,2631,2731
WBGene00011501,3,320,323
WBGene00011502,38,1106,1144
WBGene00011503,379,2044,2423
WBGene00011505,1,3,4
WBGene00011506,0,0,0
WBGene00011507,140,6329,6469
WBGene00011508,4,36,40
WBGene00011509,2,220,222
WBGene00011510,491,14148,14639
WBGene00011511,760,5256,6016
WBGene00011512,45,333,378
WBGene00011513,1,193,194
WBGene00011515,8,10,18
WBGene00011516,8,237,245
WBGene00011517,208,2293,2501
WBGene00011518,10,12,22
WBGene00011519,8,152,160
WBGene00011520,233,1507,1740
WBGene00011521,0,72,72
WBGene00011522,211,5546,5757
WBGene00011523,65,194,259
WBGene00011524,118,654,772
WBGene00011526,189,4076,4265
WBGene00011527,73,7332,7405
WBGene00011528,67,1635,1702
WBGene00011529,77,3202,3279
WBGene00011530,25,307,332
WBGene00011531,694,9629,10323
WBGene00011532,347,3382,3729
WBGene00011533,2,54,56
WBGene00011534,20,216,236
WBGene00011535,11,144,155
WBGene00011536,5,79,84
WBGene00011537,0,380,380
WBGene00011538,71,4522,4593
WBGene00011539,4,88,92
WBGene00011540,11,45,56
WBGene00011541,3,5,8
WBGene00011542,6,5,11
WBGene00011543,149,2110,2259
WBGene00011544,16,5,21
WBGene00011545,58,1049,1107
WBGene00011546,36,374,410
WBGene00011547,3,11,14
WBGene00011548,36,702,738
WBGene00011551,50,447,497
WBGene00011552,13,3,16
WBGene00011553,0,0,0
WBGene00011554,118,264,382
WBGene00011556,20,68,88
WBGene00011557,8,56,64
WBGene00011558,138,4307,4445
WBGene00011559,106,1474,1580
WBGene00011560,30,1060,1090
WBGene00011561,569,19501,20070
WBGene00011562,180,1647,1827
WBGene00011563,16,43,59
WBGene00011564,1354,10056,11410
WBGene00011565,1,45,46
WBGene00011566,19,109,128
WBGene00011568,53,45,98
WBGene00011570,1,0,1
WBGene00011571,458,16317,16775
WBGene00011572,53,242,295
WBGene00011573,48,5509,5557
WBGene00011574,1,44,45
WBGene00011575,24,507,531
WBGene00011576,75,590,665
WBGene00011577,0,1,1
WBGene00011578,29,246,275
WBGene00011579,283,2714,2997
WBGene00011580,133,2400,2533
WBGene00011581,16,118,134
WBGene00011582,5,57,62
WBGene00011583,2,12,14
WBGene00011584,0,0,0
WBGene00011586,53,2157,2210
WBGene00011587,23,263,286
WBGene00011589,41,1510,1551
WBGene00011590,618,2629,3247
WBGene00011591,16,166,182
WBGene00011592,168,185,353
WBGene00011593,11,153,164
WBGene00011594,5,89,94
WBGene00011595,1,0,1
WBGene00011596,16,130,146
WBGene00011597,1134,169,1303
WBGene00011600,13,164,177
WBGene00011601,51,251,302
WBGene00011604,393,2699,3092
WBGene00011605,258,7553,7811
WBGene00011606,17,87,104
WBGene00011609,1,2,3
WBGene00011610,0,27,27
WBGene00011611,33,247,280
WBGene00011612,74,21,95
WBGene00011613,36,260,296
WBGene00011614,2,253,255
WBGene00011615,17,354,371
WBGene00011616,4,46,50
WBGene00011618,0,1,1
WBGene00011619,4,1,5
WBGene00011620,0,4,4
WBGene00011621,1,1,2
WBGene00011622,17,74,91
WBGene00011623,24,136,160
WBGene00011624,295,2180,2475
WBGene00011625,36,1470,1506
WBGene00011626,0,0,0
WBGene00011627,0,0,0
WBGene00011628,0,0,0
WBGene00011629,534,19281,19815
WBGene00011630,39,319,358
WBGene00011631,488,4657,5145
WBGene00011633,41,521,562
WBGene00011634,212,3391,3603
WBGene00011635,50,1660,1710
WBGene00011636,331,3212,3543
WBGene00011637,113,1786,1899
WBGene00011638,85,11331,11416
WBGene00011639,398,3210,3608
WBGene00011640,10,373,383
WBGene00011641,0,2757,2757
WBGene00011642,2,97,99
WBGene00011643,12,163,175
WBGene00011644,68,1144,1212
WBGene00011645,30,816,846
WBGene00011646,9,36,45
WBGene00011647,1143,9125,10268
WBGene00011648,175,2035,2210
WBGene00011649,11,27,38
WBGene00011650,0,0,0
WBGene00011651,8,1,9
WBGene00011652,1,0,1
WBGene00011653,0,1,1
WBGene00011654,1,1,2
WBGene00011655,6,10,16
WBGene00011656,5,0,5
WBGene00011657,3,37,40
WBGene00011658,2,0,2
WBGene00011659,0,1,1
WBGene00011661,165,3363,3528
WBGene00011662,188,3777,3965
WBGene00011663,230,739,969
WBGene00011664,45,726,771
WBGene00011665,12,175,187
WBGene00011666,1,0,1
WBGene00011668,3,42,45
WBGene00011669,11,6,17
WBGene00011670,13,445,458
WBGene00011671,30,51,81
WBGene00011672,279,4890,5169
WBGene00011673,23,799,822
WBGene00011674,14,75,89
WBGene00011675,35,263,298
WBGene00011676,215,4601,4816
WBGene00011677,119,234,353
WBGene00011678,60,976,1036
WBGene00011679,163,11530,11693
WBGene00011680,40,948,988
WBGene00011681,316,3885,4201
WBGene00011682,97,464,561
WBGene00011683,364,4729,5093
WBGene00011684,56,904,960
WBGene00011685,1,7,8
WBGene00011686,5,4,9
WBGene00011687,31,4684,4715
WBGene00011688,41,1597,1638
WBGene00011689,63,185,248
WBGene00011691,4,12,16
WBGene00011692,2339,12021,14360
WBGene00011693,4,66,70
WBGene00011694,433,2044,2477
WBGene00011695,49,118,167
WBGene00011696,557,4815,5372
WBGene00011697,2,8,10
WBGene00011698,9,120,129
WBGene00011699,16,112,128
WBGene00011701,11,75,86
WBGene00011702,9,48,57
WBGene00011704,0,2,2
WBGene00011705,55,300,355
WBGene00011706,26,373,399
WBGene00011707,31,752,783
WBGene00011708,475,5279,5754
WBGene00011709,19,168,187
WBGene00011710,0,5,5
WBGene00011712,1,45,46
WBGene00011713,22,1319,1341
WBGene00011714,1,0,1
WBGene00011715,0,9,9
WBGene00011717,55,1178,1233
WBGene00011718,39,539,578
WBGene00011719,65,1055,1120
WBGene00011720,473,3655,4128
WBGene00011722,188,4277,4465
WBGene00011723,351,3670,4021
WBGene00011724,2,1,3
WBGene00011725,172,1456,1628
WBGene00011726,196,887,1083
WBGene00011727,80,1309,1389
WBGene00011728,18,76,94
WBGene00011729,284,4469,4753
WBGene00011730,90,11329,11419
WBGene00011731,40,761,801
WBGene00011732,728,4971,5699
WBGene00011733,117,11301,11418
WBGene00011734,230,10780,11010
WBGene00011735,970,9459,10429
WBGene00011736,383,16587,16970
WBGene00011737,166,6777,6943
WBGene00011738,180,3146,3326
WBGene00011739,20,1041,1061
WBGene00011740,373,4891,5264
WBGene00011741,9,61,70
WBGene00011742,53,1915,1968
WBGene00011743,362,6985,7347
WBGene00011744,24,160,184
WBGene00011745,107,377,484
WBGene00011746,25,377,402
WBGene00011747,91,2372,2463
WBGene00011749,0,35,35
WBGene00011750,7,24,31
WBGene00011751,0,2,2
WBGene00011752,27,293,320
WBGene00011753,5,52,57
WBGene00011754,22,240,262
WBGene00011755,1903,6904,8807
WBGene00011756,258,3116,3374
WBGene00011757,38,473,511
WBGene00011758,130,4562,4692
WBGene00011759,29,6884,6913
WBGene00011760,66,1401,1467
WBGene00011761,36,1689,1725
WBGene00011762,36,339,375
WBGene00011763,228,10650,10878
WBGene00011765,127,625,752
WBGene00011767,879,4438,5317
WBGene00011768,34,1030,1064
WBGene00011770,5,57,62
WBGene00011771,820,13201,14021
WBGene00011772,138,158,296
WBGene00011773,10,876,886
WBGene00011774,102,1147,1249
WBGene00011775,431,6018,6449
WBGene00011776,30,1173,1203
WBGene00011777,2,226,228
WBGene00011778,0,0,0
WBGene00011779,2,0,2
WBGene00011780,5,0,5
WBGene00011781,4,0,4
WBGene00011782,1,1,2
WBGene00011783,1,1,2
WBGene00011784,5,3,8
WBGene00011785,2,4,6
WBGene00011786,3,14,17
WBGene00011788,25,269,294
WBGene00011789,11,97,108
WBGene00011790,1,15,16
WBGene00011791,0,15,15
WBGene00011793,61,158,219
WBGene00011794,114,1753,1867
WBGene00011795,13,94,107
WBGene00011796,13,161,174
WBGene00011797,10,44,54
WBGene00011798,968,2041,3009
WBGene00011799,58,801,859
WBGene00011800,264,3265,3529
WBGene00011801,321,5131,5452
WBGene00011802,80,1823,1903
WBGene00011803,93,1722,1815
WBGene00011804,265,114,379
WBGene00011805,10,93,103
WBGene00011806,68,1869,1937
WBGene00011807,189,1324,1513
WBGene00011808,0,5,5
WBGene00011809,7,10,17
WBGene00011810,31,0,31
WBGene00011811,18,70,88
WBGene00011812,4,59,63
WBGene00011813,61,896,957
WBGene00011814,65,580,645
WBGene00011815,424,2809,3233
WBGene00011816,5,8,13
WBGene00011817,243,1272,1515
WBGene00011819,23,537,560
WBGene00011820,29,1434,1463
WBGene00011821,76,1952,2028
WBGene00011822,171,3499,3670
WBGene00011823,3,359,362
WBGene00011824,341,1512,1853
WBGene00011826,156,327,483
WBGene00011827,1588,3406,4994
WBGene00011828,16,1380,1396
WBGene00011829,26,136,162
WBGene00011830,152,3732,3884
WBGene00011831,17,1172,1189
WBGene00011832,73,1946,2019
WBGene00011833,34,617,651
WBGene00011834,29,746,775
WBGene00011835,22,1004,1026
WBGene00011836,6,138,144
WBGene00011837,5,27,32
WBGene00011838,33,1872,1905
WBGene00011839,37,1098,1135
WBGene00011840,1,3,4
WBGene00011841,3,95,98
WBGene00011844,48,424,472
WBGene00011846,26,338,364
WBGene00011847,4,13,17
WBGene00011848,13,25,38
WBGene00011849,39,8836,8875
WBGene00011850,141,560,701
WBGene00011852,7,249,256
WBGene00011853,1,6,7
WBGene00011854,902,1157,2059
WBGene00011855,0,39,39
WBGene00011856,942,19724,20666
WBGene00011857,465,9208,9673
WBGene00011858,47,1910,1957
WBGene00011859,77,2002,2079
WBGene00011860,5,892,897
WBGene00011864,256,6864,7120
WBGene00011866,19,806,825
WBGene00011867,127,9710,9837
WBGene00011868,72,553,625
WBGene00011869,64,125695,125759
WBGene00011870,24,6268,6292
WBGene00011871,79,1263,1342
WBGene00011872,84,705,789
WBGene00011873,126,129,255
WBGene00011874,1,28,29
WBGene00011875,528,10413,10941
WBGene00011876,2,26,28
WBGene00011877,2,18,20
WBGene00011878,92,372,464
WBGene00011879,115,983,1098
WBGene00011880,1616,38496,40112
WBGene00011882,8,21,29
WBGene00011883,357,4801,5158
WBGene00011884,226,65022,65248
WBGene00011885,992,3143,4135
WBGene00011886,17,412,429
WBGene00011887,903,1023,1926
WBGene00011888,361,1080,1441
WBGene00011890,34,1263,1297
WBGene00011891,180,2774,2954
WBGene00011892,191,4400,4591
WBGene00011893,59,1263,1322
WBGene00011894,301,5433,5734
WBGene00011895,4,25,29
WBGene00011896,1,172,173
WBGene00011897,337,8312,8649
WBGene00011898,2,185,187
WBGene00011899,31,1230,1261
WBGene00011900,61,7,68
WBGene00011902,2,14,16
WBGene00011903,2,26,28
WBGene00011904,644,3850,4494
WBGene00011906,29,1036,1065
WBGene00011908,97,682,779
WBGene00011909,27,9,36
WBGene00011910,1,7,8
WBGene00011911,0,5,5
WBGene00011912,120,3118,3238
WBGene00011913,308,2250,2558
WBGene00011914,31,915,946
WBGene00011915,121,1957,2078
WBGene00011916,54,745,799
WBGene00011917,329,8192,8521
WBGene00011918,1,4,5
WBGene00011919,8,41,49
WBGene00011920,67,1147,1214
WBGene00011921,3,1,4
WBGene00011922,7,40,47
WBGene00011923,33,346,379
WBGene00011924,57,769,826
WBGene00011925,23,119,142
WBGene00011926,42,502,544
WBGene00011927,18,215,233
WBGene00011928,49,174,223
WBGene00011929,2,1,3
WBGene00011930,89,728,817
WBGene00011931,8,325,333
WBGene00011932,214,3371,3585
WBGene00011934,0,962,962
WBGene00011935,60,1681,1741
WBGene00011936,308,8295,8603
WBGene00011937,0,4,4
WBGene00011938,39,540,579
WBGene00011939,171,2132,2303
WBGene00011940,393,1614,2007
WBGene00011941,94,557,651
WBGene00011942,0,0,0
WBGene00011943,0,0,0
WBGene00011944,447,5995,6442
WBGene00011945,54,336,390
WBGene00011947,0,1,1
WBGene00011948,10,34,44
WBGene00011949,6,98,104
WBGene00011950,2,1,3
WBGene00011951,3,19,22
WBGene00011952,37,94,131
WBGene00011953,1224,8797,10021
WBGene00011954,1,25,26
WBGene00011955,164,2347,2511
WBGene00011956,16,855,871
WBGene00011957,368,1853,2221
WBGene00011958,18,76,94
WBGene00011959,2,291,293
WBGene00011960,20,175,195
WBGene00011961,3,1,4
WBGene00011962,207,2966,3173
WBGene00011963,87,570,657
WBGene00011964,81,1101,1182
WBGene00011965,85,1159,1244
WBGene00011966,507,9903,10410
WBGene00011967,134,3139,3273
WBGene00011968,1,296,297
WBGene00011969,11,1275,1286
WBGene00011970,422,1427,1849
WBGene00011971,421,4579,5000
WBGene00011972,162,2492,2654
WBGene00011973,11,28,39
WBGene00011974,49,240,289
WBGene00011975,244,3594,3838
WBGene00011976,231,1187,1418
WBGene00011977,434,44507,44941
WBGene00011978,387,5371,5758
WBGene00011979,30,277,307
WBGene00011980,353,3984,4337
WBGene00011981,0,11,11
WBGene00011982,0,13,13
WBGene00011983,1,34,35
WBGene00011984,47,928,975
WBGene00011985,83,1103,1186
WBGene00011986,1,52,53
WBGene00011988,30,181,211
WBGene00011989,2,0,2
WBGene00011990,13,510,523
WBGene00011991,4,1,5
WBGene00011992,0,0,0
WBGene00011993,0,3,3
WBGene00011994,18,1061,1079
WBGene00011995,330,1870,2200
WBGene00011996,31,457,488
WBGene00011997,77,3811,3888
WBGene00011999,33,1069,1102
WBGene00012000,58,2469,2527
WBGene00012002,157,1869,2026
WBGene00012003,36,11,47
WBGene00012004,154,2180,2334
WBGene00012005,5557,1946,7503
WBGene00012007,42,2336,2378
WBGene00012008,0,10,10
WBGene00012009,58,381,439
WBGene00012010,12,33,45
WBGene00012011,1,2,3
WBGene00012012,11,13,24
WBGene00012013,369,1437,1806
WBGene00012014,83,1285,1368
WBGene00012015,460,15837,16297
WBGene00012016,181,1499,1680
WBGene00012017,48,86,134
WBGene00012018,1042,13016,14058
WBGene00012019,4214,4743,8957
WBGene00012020,7,383,390
WBGene00012021,5,2,7
WBGene00012022,10,16,26
WBGene00012023,12,208,220
WBGene00012024,1,9,10
WBGene00012025,1,47,48
WBGene00012026,1,14,15
WBGene00012027,2,2,4
WBGene00012028,0,25,25
WBGene00012029,138,1334,1472
WBGene00012030,194,8941,9135
WBGene00012031,125,6031,6156
WBGene00012032,16,170,186
WBGene00012033,306,2911,3217
WBGene00012034,25,495,520
WBGene00012035,44,1159,1203
WBGene00012036,1,15,16
WBGene00012037,1010,11167,12177
WBGene00012038,0,3,3
WBGene00012039,0,0,0
WBGene00012040,0,14,14
WBGene00012041,3,8,11
WBGene00012042,9,212,221
WBGene00012043,4,22,26
WBGene00012044,4,59,63
WBGene00012045,16,138,154
WBGene00012046,4,4,8
WBGene00012049,0,1,1
WBGene00012050,2,1,3
WBGene00012051,13,2,15
WBGene00012052,0,2,2
WBGene00012054,7,0,7
WBGene00012055,1,17,18
WBGene00012056,2,48,50
WBGene00012057,0,0,0
WBGene00012059,256,5291,5547
WBGene00012060,0,0,0
WBGene00012061,0,1,1
WBGene00012062,41,403,444
WBGene00012063,0,0,0
WBGene00012064,0,0,0
WBGene00012065,0,1,1
WBGene00012066,7,0,7
WBGene00012067,2,1,3
WBGene00012068,22,236,258
WBGene00012069,1,7,8
WBGene00012070,44,72,116
WBGene00012072,3,19,22
WBGene00012073,106,975,1081
WBGene00012074,6,14,20
WBGene00012075,0,0,0
WBGene00012076,0,0,0
WBGene00012077,6,1,7
WBGene00012080,2,0,2
WBGene00012081,5,2,7
WBGene00012083,0,0,0
WBGene00012084,66,893,959
WBGene00012085,120,3240,3360
WBGene00012086,16,21,37
WBGene00012087,8,5,13
WBGene00012088,2,6,8
WBGene00012089,5,18,23
WBGene00012090,0,0,0
WBGene00012091,9,5,14
WBGene00012093,7,2,9
WBGene00012094,0,38515,38515
WBGene00012095,125,567,692
WBGene00012096,0,4,4
WBGene00012097,306,29155,29461
WBGene00012099,223,386,609
WBGene00012100,466,4188,4654
WBGene00012101,78,41396,41474
WBGene00012102,7,22,29
WBGene00012103,5,131,136
WBGene00012104,66,1436,1502
WBGene00012105,68,1056,1124
WBGene00012106,58,967,1025
WBGene00012107,17,302,319
WBGene00012108,6,3,9
WBGene00012109,27,228,255
WBGene00012110,29,248,277
WBGene00012111,29,314,343
WBGene00012112,51,446,497
WBGene00012113,32,16080,16112
WBGene00012114,66,398,464
WBGene00012115,24,66,90
WBGene00012116,59,331,390
WBGene00012117,680,7592,8272
WBGene00012118,290,2466,2756
WBGene00012119,0,23,23
WBGene00012120,3,179,182
WBGene00012121,513,9356,9869
WBGene00012122,5,1134,1139
WBGene00012123,403,7120,7523
WBGene00012124,40,1104,1144
WBGene00012125,253,2979,3232
WBGene00012126,1870,6052,7922
WBGene00012127,83,1402,1485
WBGene00012128,401,7066,7467
WBGene00012130,87,953,1040
WBGene00012131,31,453,484
WBGene00012132,71,717,788
WBGene00012134,192,2113,2305
WBGene00012135,38,175,213
WBGene00012136,1465,5428,6893
WBGene00012137,250,718,968
WBGene00012138,32,112,144
WBGene00012139,1131,1571,2702
WBGene00012140,535,48432,48967
WBGene00012142,81,439,520
WBGene00012143,68,713,781
WBGene00012144,84,2250,2334
WBGene00012145,24,897,921
WBGene00012146,0,0,0
WBGene00012147,8,25,33
WBGene00012148,134,35116,35250
WBGene00012149,439,2672,3111
WBGene00012150,87,684,771
WBGene00012151,302,213,515
WBGene00012152,147,2537,2684
WBGene00012155,42,543,585
WBGene00012156,7,1650,1657
WBGene00012157,170,1018,1188
WBGene00012158,3145,19054,22199
WBGene00012159,3,19,22
WBGene00012162,26,890,916
WBGene00012163,16,200,216
WBGene00012164,306,196,502
WBGene00012165,159,458,617
WBGene00012166,21,23685,23706
WBGene00012167,17,1043,1060
WBGene00012168,101,497,598
WBGene00012169,5,0,5
WBGene00012170,9,61,70
WBGene00012171,0,14,14
WBGene00012172,7,29,36
WBGene00012173,5,8,13
WBGene00012174,3,8,11
WBGene00012175,13,165,178
WBGene00012176,11,68,79
WBGene00012177,3,6,9
WBGene00012178,186,569,755
WBGene00012179,2318,165999,168317
WBGene00012180,353,100,453
WBGene00012181,9,6,15
WBGene00012182,133,4810,4943
WBGene00012183,0,382,382
WBGene00012184,51,553,604
WBGene00012185,46,405,451
WBGene00012186,51,2331,2382
WBGene00012187,87,3060,3147
WBGene00012188,175,1501,1676
WBGene00012190,89,305,394
WBGene00012191,82,80,162
WBGene00012192,196,1385,1581
WBGene00012193,1421,13405,14826
WBGene00012194,105,2868,2973
WBGene00012195,61,55,116
WBGene00012196,6,97,103
WBGene00012197,88,3083,3171
WBGene00012198,34,822,856
WBGene00012199,23,119,142
WBGene00012200,4,7,11
WBGene00012201,285,3228,3513
WBGene00012202,30,203,233
WBGene00012203,200,3167,3367
WBGene00012204,47,3284,3331
WBGene00012205,59,2968,3027
WBGene00012206,41,2002,2043
WBGene00012207,3,3,6
WBGene00012208,131,1898,2029
WBGene00012209,19,488,507
WBGene00012210,4,174,178
WBGene00012211,6,2,8
WBGene00012212,0,2,2
WBGene00012213,0,3,3
WBGene00012214,0,13,13
WBGene00012215,7,58,65
WBGene00012216,33,4133,4166
WBGene00012217,22,69,91
WBGene00012219,5,92,97
WBGene00012220,56,422,478
WBGene00012221,149,4012,4161
WBGene00012222,83,521,604
WBGene00012223,1,1,2
WBGene00012224,3,8,11
WBGene00012225,164,448,612
WBGene00012226,971,1890,2861
WBGene00012227,4,36,40
WBGene00012228,29,167,196
WBGene00012230,922,3630,4552
WBGene00012231,3,3,6
WBGene00012232,1,0,1
WBGene00012233,7,4,11
WBGene00012234,448,2654,3102
WBGene00012235,99,1211,1310
WBGene00012236,114,830,944
WBGene00012237,7,232,239
WBGene00012238,26,7,33
WBGene00012239,65,2779,2844
WBGene00012240,1,8,9
WBGene00012241,150,575,725
WBGene00012242,0,53,53
WBGene00012243,36,1390,1426
WBGene00012244,29,3807,3836
WBGene00012245,611,6997,7608
WBGene00012246,2,7,9
WBGene00012247,7,2,9
WBGene00012248,0,0,0
WBGene00012249,1,3,4
WBGene00012250,3,2,5
WBGene00012251,16,906,922
WBGene00012252,137,804,941
WBGene00012253,377,47704,48081
WBGene00012254,43,141,184
WBGene00012255,54,2111,2165
WBGene00012256,8,894,902
WBGene00012257,17,1245,1262
WBGene00012258,48,2978,3026
WBGene00012259,228,1001,1229
WBGene00012260,1,55,56
WBGene00012261,15,2055,2070
WBGene00012264,10,15,25
WBGene00012265,38,106,144
WBGene00012266,6,10,16
WBGene00012267,4,9,13
WBGene00012268,21,229,250
WBGene00012269,15,6,21
WBGene00012270,18,73,91
WBGene00012271,20,148,168
WBGene00012272,188,183,371
WBGene00012274,1250,7659,8909
WBGene00012275,193,389,582
WBGene00012276,84,2444,2528
WBGene00012277,63,833,896
WBGene00012278,0,0,0
WBGene00012279,10,837,847
WBGene00012280,16,264,280
WBGene00012281,203,872,1075
WBGene00012282,49,753,802
WBGene00012283,4,2,6
WBGene00012285,4,4,8
WBGene00012286,0,6,6
WBGene00012287,0,6,6
WBGene00012288,0,14,14
WBGene00012289,684,7848,8532
WBGene00012290,37,1081,1118
WBGene00012291,667,4341,5008
WBGene00012293,68,881,949
WBGene00012294,0,8,8
WBGene00012295,33,418,451
WBGene00012296,20,66,86
WBGene00012297,7,16,23
WBGene00012298,85,2520,2605
WBGene00012299,1,44,45
WBGene00012300,0,1,1
WBGene00012301,0,3,3
WBGene00012302,0,0,0
WBGene00012303,5,2,7
WBGene00012304,44,10,54
WBGene00012305,0,0,0
WBGene00012306,546,1704,2250
WBGene00012307,22,173,195
WBGene00012308,5,23,28
WBGene00012309,1,4,5
WBGene00012310,1,0,1
WBGene00012311,0,3,3
WBGene00012312,0,1,1
WBGene00012313,0,0,0
WBGene00012314,0,0,0
WBGene00012315,58,1049,1107
WBGene00012316,252,1796,2048
WBGene00012317,241,3758,3999
WBGene00012318,3,5,8
WBGene00012319,303,1464,1767
WBGene00012321,2,11,13
WBGene00012322,83,1451,1534
WBGene00012323,4,120,124
WBGene00012324,8,595,603
WBGene00012325,52,347,399
WBGene00012326,591,2495,3086
WBGene00012328,27,236,263
WBGene00012329,18,25,43
WBGene00012330,123,2861,2984
WBGene00012332,26,256,282
WBGene00012333,14,60,74
WBGene00012334,20,6,26
WBGene00012335,3,10,13
WBGene00012336,14,51,65
WBGene00012337,707,6366,7073
WBGene00012339,134,2600,2734
WBGene00012340,62,472,534
WBGene00012341,197,3051,3248
WBGene00012342,306,5009,5315
WBGene00012343,228,4380,4608
WBGene00012344,505,14475,14980
WBGene00012345,8,17,25
WBGene00012346,8,84,92
WBGene00012347,1680,818,2498
WBGene00012348,1687,7347,9034
WBGene00012349,5,8,13
WBGene00012351,1415,16503,17918
WBGene00012352,251,988,1239
WBGene00012353,202,3109,3311
WBGene00012354,540,67905,68445
WBGene00012356,26,224,250
WBGene00012357,1,5,6
WBGene00012358,400,5305,5705
WBGene00012359,132,2670,2802
WBGene00012360,318,2437,2755
WBGene00012361,142,14173,14315
WBGene00012362,1184,2766,3950
WBGene00012363,266,1429,1695
WBGene00012364,94,528,622
WBGene00012365,118,2514,2632
WBGene00012366,154,1891,2045
WBGene00012369,245,3285,3530
WBGene00012370,428,831,1259
WBGene00012371,966,1398,2364
WBGene00012372,43,307,350
WBGene00012373,7,2,9
WBGene00012374,3,33,36
WBGene00012375,83,6183,6266
WBGene00012376,511,22824,23335
WBGene00012378,2,12,14
WBGene00012379,2,5,7
WBGene00012380,1,1,2
WBGene00012381,141,1258,1399
WBGene00012382,6627,150506,157133
WBGene00012383,734,13891,14625
WBGene00012385,97,852,949
WBGene00012386,216412,3592,220004
WBGene00012387,69,179,248
WBGene00012388,52,7,59
WBGene00012389,666,1503,2169
WBGene00012390,200,887,1087
WBGene00012391,65,983,1048
WBGene00012393,233,1255,1488
WBGene00012394,12,12,24
WBGene00012395,3,954,957
WBGene00012396,74,1372,1446
WBGene00012397,0,5,5
WBGene00012398,14,79,93
WBGene00012399,38,113,151
WBGene00012400,3,23,26
WBGene00012401,0,6,6
WBGene00012402,1,0,1
WBGene00012404,19,473,492
WBGene00012405,0,1,1
WBGene00012406,2,9,11
WBGene00012407,102,2955,3057
WBGene00012408,77,585,662
WBGene00012409,5,4,9
WBGene00012411,1,0,1
WBGene00012412,38,30,68
WBGene00012413,6,92,98
WBGene00012414,2,13,15
WBGene00012415,13,9,22
WBGene00012416,56,502,558
WBGene00012420,15,3092,3107
WBGene00012421,192,3338,3530
WBGene00012422,2,15,17
WBGene00012423,478,4449,4927
WBGene00012424,424,2690,3114
WBGene00012425,105,628,733
WBGene00012428,15,84,99
WBGene00012429,11,154,165
WBGene00012431,13,283,296
WBGene00012432,36,209,245
WBGene00012433,11,273,284
WBGene00012434,566,7173,7739
WBGene00012435,9,435,444
WBGene00012436,2,155,157
WBGene00012437,537,6085,6622
WBGene00012439,42,900,942
WBGene00012440,10,1227,1237
WBGene00012441,46,423,469
WBGene00012442,36,120,156
WBGene00012443,396,4266,4662
WBGene00012444,16,9905,9921
WBGene00012445,220,5678,5898
WBGene00012446,84,435,519
WBGene00012448,38,17,55
WBGene00012449,49,315,364
WBGene00012450,112,518,630
WBGene00012451,17,33,50
WBGene00012452,275,9208,9483
WBGene00012454,1,2,3
WBGene00012455,49,68,117
WBGene00012456,23,589,612
WBGene00012457,60,166,226
WBGene00012458,455,2854,3309
WBGene00012459,61,1565,1626
WBGene00012460,91,784,875
WBGene00012461,501,723,1224
WBGene00012462,1118,985,2103
WBGene00012463,463,1539,2002
WBGene00012464,142,1013,1155
WBGene00012465,219,3262,3481
WBGene00012466,544,852,1396
WBGene00012467,76,745,821
WBGene00012468,458,3709,4167
WBGene00012469,52,1071,1123
WBGene00012470,5,3,8
WBGene00012471,217,10721,10938
WBGene00012472,512,2262,2774
WBGene00012473,127,202,329
WBGene00012474,457,3409,3866
WBGene00012475,18,171,189
WBGene00012476,124,139,263
WBGene00012477,62,103,165
WBGene00012478,855,9771,10626
WBGene00012479,148,1892,2040
WBGene00012480,15,28,43
WBGene00012481,13,346,359
WBGene00012482,1,12,13
WBGene00012483,41,6199,6240
WBGene00012484,24,6781,6805
WBGene00012486,6,3,9
WBGene00012487,6,82,88
WBGene00012488,5,0,5
WBGene00012489,0,0,0
WBGene00012490,2,27,29
WBGene00012491,78,128,206
WBGene00012492,2,59,61
WBGene00012494,443,2153,2596
WBGene00012496,113,1411,1524
WBGene00012497,89,4687,4776
WBGene00012500,3,17,20
WBGene00012501,1,4,5
WBGene00012502,1,1,2
WBGene00012503,9,25,34
WBGene00012504,1,1,2
WBGene00012505,2,2,4
WBGene00012509,0,0,0
WBGene00012510,0,8,8
WBGene00012512,9,228,237
WBGene00012513,9,435,444
WBGene00012514,28,369,397
WBGene00012515,2,1,3
WBGene00012516,0,13,13
WBGene00012518,3,75,78
WBGene00012519,4,7,11
WBGene00012520,0,0,0
WBGene00012521,0,3,3
WBGene00012522,593,2883,3476
WBGene00012523,0,2,2
WBGene00012524,86,788,874
WBGene00012525,29,246,275
WBGene00012526,3,66,69
WBGene00012527,49,275,324
WBGene00012528,691,4665,5356
WBGene00012529,254,3849,4103
WBGene00012530,823,8175,8998
WBGene00012531,132,2283,2415
WBGene00012532,221,1201,1422
WBGene00012533,5,181,186
WBGene00012535,15,27,42
WBGene00012536,60,421,481
WBGene00012537,2,326,328
WBGene00012538,49,485,534
WBGene00012540,15,178,193
WBGene00012541,16,25,41
WBGene00012542,8,7,15
WBGene00012543,380,3826,4206
WBGene00012544,1255,21635,22890
WBGene00012545,131,712,843
WBGene00012546,29,1513,1542
WBGene00012547,0,42,42
WBGene00012548,97,1762,1859
WBGene00012549,132,5,137
WBGene00012550,29,8435,8464
WBGene00012551,10,921,931
WBGene00012552,4,240,244
WBGene00012553,6201,92124,98325
WBGene00012554,278,7528,7806
WBGene00012555,34,885,919
WBGene00012556,253,4238,4491
WBGene00012557,7,5,12
WBGene00012558,204,2370,2574
WBGene00012559,642,1560,2202
WBGene00012560,468,1360,1828
WBGene00012561,6,64,70
WBGene00012562,265,1530,1795
WBGene00012564,24,254,278
WBGene00012565,14,326,340
WBGene00012566,6,103,109
WBGene00012567,12,22,34
WBGene00012570,6,10,16
WBGene00012571,0,0,0
WBGene00012573,44,560,604
WBGene00012574,1,5,6
WBGene00012575,0,4,4
WBGene00012576,165,634,799
WBGene00012577,5,3,8
WBGene00012578,435,1684,2119
WBGene00012579,1,0,1
WBGene00012580,6,19,25
WBGene00012581,0,0,0
WBGene00012582,1,253,254
WBGene00012583,18,546,564
WBGene00012584,1497,4715,6212
WBGene00012585,151,158,309
WBGene00012586,11,72,83
WBGene00012587,7,26,33
WBGene00012589,8,80,88
WBGene00012590,0,0,0
WBGene00012591,0,464,464
WBGene00012592,10,218,228
WBGene00012593,4,30,34
WBGene00012594,14,72,86
WBGene00012595,2,172,174
WBGene00012596,13,88,101
WBGene00012597,27,438,465
WBGene00012598,742,87,829
WBGene00012600,151,1296,1447
WBGene00012602,600,6822,7422
WBGene00012603,4,7,11
WBGene00012604,0,62,62
WBGene00012605,16,210,226
WBGene00012606,82,688,770
WBGene00012607,32,145,177
WBGene00012608,2791,44253,47044
WBGene00012609,1,3,4
WBGene00012610,33,543,576
WBGene00012612,2,5,7
WBGene00012614,17,29,46
WBGene00012615,2915,85106,88021
WBGene00012616,5,83,88
WBGene00012617,0,9,9
WBGene00012618,19,31,50
WBGene00012621,9,277,286
WBGene00012622,34,143,177
WBGene00012624,84,670,754
WBGene00012625,5,83,88
WBGene00012626,46,115,161
WBGene00012627,19,78,97
WBGene00012628,95,1677,1772
WBGene00012629,110,518,628
WBGene00012630,2,6,8
WBGene00012631,12,51,63
WBGene00012632,41,469,510
WBGene00012633,90,31,121
WBGene00012634,28,585,613
WBGene00012635,18,175,193
WBGene00012636,8,5,13
WBGene00012637,2,18,20
WBGene00012638,0,2,2
WBGene00012639,30,115,145
WBGene00012640,48,77,125
WBGene00012641,464,3137,3601
WBGene00012642,18,40,58
WBGene00012643,24,2259,2283
WBGene00012644,573,1789,2362
WBGene00012645,336,3464,3800
WBGene00012646,172,2124,2296
WBGene00012647,138,1242,1380
WBGene00012648,224,6474,6698
WBGene00012649,0,13,13
WBGene00012650,27,1360,1387
WBGene00012651,105,655,760
WBGene00012652,26,2944,2970
WBGene00012654,80,82,162
WBGene00012655,8,2,10
WBGene00012656,9,7,16
WBGene00012657,193,718,911
WBGene00012658,589,4071,4660
WBGene00012659,0,17,17
WBGene00012660,30,1987,2017
WBGene00012661,5,12,17
WBGene00012662,88,1301,1389
WBGene00012663,160,932,1092
WBGene00012664,14,4575,4589
WBGene00012665,195,2252,2447
WBGene00012666,340,4609,4949
WBGene00012668,2490,7877,10367
WBGene00012669,11,80,91
WBGene00012670,19,62,81
WBGene00012671,1,29,30
WBGene00012672,1,4,5
WBGene00012673,20,106,126
WBGene00012674,222,1033,1255
WBGene00012675,272,2112,2384
WBGene00012676,683,4549,5232
WBGene00012678,37,176,213
WBGene00012679,5,14,19
WBGene00012681,5,2,7
WBGene00012682,14,2,16
WBGene00012683,3,51,54
WBGene00012684,8,5,13
WBGene00012686,6,111,117
WBGene00012688,7,12,19
WBGene00012689,4,9,13
WBGene00012691,1,4,5
WBGene00012692,850,7434,8284
WBGene00012693,171,2036,2207
WBGene00012694,140,1954,2094
WBGene00012695,23,1293,1316
WBGene00012696,22,391,413
WBGene00012697,97,3844,3941
WBGene00012698,36,527,563
WBGene00012699,14,48,62
WBGene00012700,20,238,258
WBGene00012701,191,798,989
WBGene00012702,12,40,52
WBGene00012703,53,286,339
WBGene00012704,93,368,461
WBGene00012705,9,97,106
WBGene00012707,3,17,20
WBGene00012708,6,81,87
WBGene00012709,31,171,202
WBGene00012710,16,720,736
WBGene00012711,28,179,207
WBGene00012712,398,1593,1991
WBGene00012713,226,7780,8006
WBGene00012714,151,4718,4869
WBGene00012715,44,1216,1260
WBGene00012716,9,319,328
WBGene00012717,1087,16469,17556
WBGene00012718,619,580,1199
WBGene00012719,201,565,766
WBGene00012720,4,5,9
WBGene00012721,28,15,43
WBGene00012722,139,4858,4997
WBGene00012723,30,722,752
WBGene00012724,2,8,10
WBGene00012725,0,8,8
WBGene00012726,1,28,29
WBGene00012727,1,7,8
WBGene00012728,152,5721,5873
WBGene00012729,2,48,50
WBGene00012730,1195,2433,3628
WBGene00012731,3,69,72
WBGene00012732,362,797,1159
WBGene00012733,34,23,57
WBGene00012734,611,494,1105
WBGene00012735,1323,2260,3583
WBGene00012738,109,9579,9688
WBGene00012739,1404,7161,8565
WBGene00012740,112,1827,1939
WBGene00012741,11,11,22
WBGene00012742,0,0,0
WBGene00012743,23,8,31
WBGene00012744,286,375,661
WBGene00012746,2,1,3
WBGene00012747,29,194,223
WBGene00012748,2,33,35
WBGene00012750,265,403,668
WBGene00012753,56,1236,1292
WBGene00012754,32,156,188
WBGene00012755,54,1060,1114
WBGene00012756,299,1114,1413
WBGene00012757,159,2919,3078
WBGene00012758,88,1010,1098
WBGene00012759,227,6801,7028
WBGene00012760,24838,1844,26682
WBGene00012761,2,9,11
WBGene00012762,164,3384,3548
WBGene00012763,677,1854,2531
WBGene00012764,4,490,494
WBGene00012765,328,3556,3884
WBGene00012766,114,6402,6516
WBGene00012767,588,1447,2035
WBGene00012768,104,77161,77265
WBGene00012769,516,5487,6003
WBGene00012770,383,176,559
WBGene00012771,4,4,8
WBGene00012772,10,2,12
WBGene00012773,8,3,11
WBGene00012775,46,11,57
WBGene00012776,162,590,752
WBGene00012777,14,276,290
WBGene00012778,38,583,621
WBGene00012779,144,541,685
WBGene00012780,28,112,140
WBGene00012781,0,133,133
WBGene00012782,410,5166,5576
WBGene00012783,28,1994,2022
WBGene00012784,13,18,31
WBGene00012785,0,6,6
WBGene00012786,5,279,284
WBGene00012787,5,48,53
WBGene00012788,132,21,153
WBGene00012789,1,0,1
WBGene00012790,0,0,0
WBGene00012791,316,67,383
WBGene00012792,2,9,11
WBGene00012794,113,3960,4073
WBGene00012795,3,69,72
WBGene00012796,94,590,684
WBGene00012798,22,29,51
WBGene00012799,2,8,10
WBGene00012802,163,904,1067
WBGene00012803,74,7023,7097
WBGene00012804,190,1693,1883
WBGene00012806,43,998,1041
WBGene00012807,119,1890,2009
WBGene00012808,72,225,297
WBGene00012809,3,6,9
WBGene00012810,9,52,61
WBGene00012811,102,508,610
WBGene00012812,858,9393,10251
WBGene00012813,3771,26549,30320
WBGene00012814,117,387,504
WBGene00012815,24,156,180
WBGene00012816,2,73,75
WBGene00012818,2,1,3
WBGene00012819,83,510,593
WBGene00012820,71,3,74
WBGene00012821,39,828,867
WBGene00012822,3,36,39
WBGene00012823,11,284,295
WBGene00012824,44,150,194
WBGene00012825,263,1443,1706
WBGene00012826,68,446,514
WBGene00012827,5,10,15
WBGene00012828,631,405,1036
WBGene00012829,521,5147,5668
WBGene00012830,48,3579,3627
WBGene00012831,2,9,11
WBGene00012832,560,16,576
WBGene00012833,47,653,700
WBGene00012834,294,3233,3527
WBGene00012835,79,527,606
WBGene00012836,0,0,0
WBGene00012837,0,3,3
WBGene00012838,0,9,9
WBGene00012839,2,0,2
WBGene00012840,241,1510,1751
WBGene00012841,0,4,4
WBGene00012844,0,0,0
WBGene00012845,188,323,511
WBGene00012846,4,19,23
WBGene00012847,30,46,76
WBGene00012848,2,3,5
WBGene00012849,0,2,2
WBGene00012850,1487,10865,12352
WBGene00012851,1,44,45
WBGene00012852,39,32,71
WBGene00012853,595,44490,45085
WBGene00012854,265,3151,3416
WBGene00012855,9,23,32
WBGene00012856,43,135,178
WBGene00012857,297,1569,1866
WBGene00012858,86,2079,2165
WBGene00012859,48,218,266
WBGene00012860,93,1360,1453
WBGene00012861,57,2025,2082
WBGene00012862,3,12,15
WBGene00012863,18,144,162
WBGene00012864,41,186,227
WBGene00012866,47,212,259
WBGene00012867,49,1077,1126
WBGene00012868,1116,2744,3860
WBGene00012869,60,1014,1074
WBGene00012871,0,0,0
WBGene00012872,2,3,5
WBGene00012873,7,62,69
WBGene00012874,1,0,1
WBGene00012875,1131,15528,16659
WBGene00012877,36,72,108
WBGene00012878,0,0,0
WBGene00012879,10,271,281
WBGene00012880,3,3,6
WBGene00012883,67,2371,2438
WBGene00012885,339,5975,6314
WBGene00012886,18,119,137
WBGene00012887,340,4087,4427
WBGene00012888,70,1244,1314
WBGene00012889,364,1491,1855
WBGene00012890,110,681,791
WBGene00012891,794,5540,6334
WBGene00012892,28,36,64
WBGene00012893,17,58,75
WBGene00012894,1920,2415,4335
WBGene00012895,321,1053,1374
WBGene00012896,168,7558,7726
WBGene00012897,36,2133,2169
WBGene00012899,15,195,210
WBGene00012900,0,141,141
WBGene00012901,64,285,349
WBGene00012903,301,5189,5490
WBGene00012904,89,1400,1489
WBGene00012905,0,2,2
WBGene00012906,38,626,664
WBGene00012907,3464,8459,11923
WBGene00012908,298,1413,1711
WBGene00012909,749,3631,4380
WBGene00012910,59,448,507
WBGene00012911,311,2818,3129
WBGene00012912,2,18,20
WBGene00012913,0,1,1
WBGene00012914,3,67,70
WBGene00012915,56,138,194
WBGene00012916,0,6,6
WBGene00012917,22,24,46
WBGene00012919,25,43,68
WBGene00012920,139,486,625
WBGene00012921,0,558,558
WBGene00012922,9,175,184
WBGene00012923,24,312,336
WBGene00012925,7,4,11
WBGene00012926,0,3,3
WBGene00012927,54,587,641
WBGene00012928,41,1331,1372
WBGene00012929,767,4485,5252
WBGene00012930,621,2290,2911
WBGene00012931,135,1117,1252
WBGene00012932,161,3665,3826
WBGene00012933,0,196,196
WBGene00012934,299,1369,1668
WBGene00012935,379,830,1209
WBGene00012936,362,3699,4061
WBGene00012937,0,3,3
WBGene00012938,233,282,515
WBGene00012939,93,522,615
WBGene00012940,18,32,50
WBGene00012941,42,271,313
WBGene00012942,0,510,510
WBGene00012943,539,1704,2243
WBGene00012945,0,0,0
WBGene00012946,9,273,282
WBGene00012947,2,42,44
WBGene00012948,430,985,1415
WBGene00012950,68,1438,1506
WBGene00012951,312,2792,3104
WBGene00012952,2,33,35
WBGene00012953,20,389,409
WBGene00012955,1,2,3
WBGene00012958,10,12,22
WBGene00012959,12,73,85
WBGene00012960,457,2184,2641
WBGene00012961,43,672,715
WBGene00012962,48,196,244
WBGene00012964,275,24521,24796
WBGene00012965,0,7,7
WBGene00012966,18,1609,1627
WBGene00012967,224,376,600
WBGene00012968,423,4601,5024
WBGene00012969,16,194,210
WBGene00012970,97,667,764
WBGene00012972,182,1841,2023
WBGene00012973,1518,8264,9782
WBGene00012976,193,767,960
WBGene00012977,472,1267,1739
WBGene00012978,453,7003,7456
WBGene00012979,8,37,45
WBGene00012980,1533,3626,5159
WBGene00012981,8,18,26
WBGene00012982,355,1935,2290
WBGene00012983,438,6914,7352
WBGene00012984,182,1408,1590
WBGene00012985,20,2,22
WBGene00012987,295,2753,3048
WBGene00012988,884,2954,3838
WBGene00012989,3899,3335,7234
WBGene00012990,937,1906,2843
WBGene00012992,226,4147,4373
WBGene00012993,247,764,1011
WBGene00012994,332,994,1326
WBGene00012995,764,1547,2311
WBGene00012996,365,1931,2296
WBGene00012997,41,1203,1244
WBGene00012998,665,1164,1829
WBGene00012999,923,6370,7293
WBGene00013000,1140,556,1696
WBGene00013001,689,1987,2676
WBGene00013002,1154,1633,2787
WBGene00013004,725,6124,6849
WBGene00013006,371,710,1081
WBGene00013007,19,205,224
WBGene00013008,102,1239,1341
WBGene00013009,27,196,223
WBGene00013011,81,1068,1149
WBGene00013013,39,678,717
WBGene00013014,289,1424,1713
WBGene00013015,235,971,1206
WBGene00013017,82,3216,3298
WBGene00013018,37,3983,4020
WBGene00013019,260,808,1068
WBGene00013020,388,2853,3241
WBGene00013021,228,1378,1606
WBGene00013023,94,805,899
WBGene00013024,32,224,256
WBGene00013025,529,31516,32045
WBGene00013026,5,1144,1149
WBGene00013027,56,1541,1597
WBGene00013028,61,428,489
WBGene00013029,136,3045,3181
WBGene00013030,69,941,1010
WBGene00013033,37,445,482
WBGene00013034,1617,3092,4709
WBGene00013035,318,3484,3802
WBGene00013036,13,18,31
WBGene00013037,515,4147,4662
WBGene00013038,95,3463,3558
WBGene00013039,486,3428,3914
WBGene00013040,497,1168,1665
WBGene00013041,12,91,103
WBGene00013042,286,1950,2236
WBGene00013043,108,310,418
WBGene00013044,24,5,29
WBGene00013045,1,4,5
WBGene00013046,48,595,643
WBGene00013047,0,0,0
WBGene00013048,66,1310,1376
WBGene00013049,0,0,0
WBGene00013050,0,1,1
WBGene00013052,6,13,19
WBGene00013053,20,24,44
WBGene00013054,0,45,45
WBGene00013055,49,373,422
WBGene00013058,30,3,33
WBGene00013060,3,21,24
WBGene00013061,0,1,1
WBGene00013062,2,3,5
WBGene00013063,0,0,0
WBGene00013064,0,0,0
WBGene00013066,17,37,54
WBGene00013067,3,0,3
WBGene00013068,1,0,1
WBGene00013069,4,1,5
WBGene00013070,0,2,2
WBGene00013071,0,49,49
WBGene00013072,34,36,70
WBGene00013073,135,1244,1379
WBGene00013074,45,1542,1587
WBGene00013075,271,970,1241
WBGene00013076,89,195,284
WBGene00013077,2283,37326,39609
WBGene00013078,785,14830,15615
WBGene00013079,6254,46579,52833
WBGene00013080,1335,7418,8753
WBGene00013081,803,21555,22358
WBGene00013082,281,1477,1758
WBGene00013083,82,560,642
WBGene00013085,1,1,2
WBGene00013086,0,1,1
WBGene00013087,0,3,3
WBGene00013088,16,163,179
WBGene00013089,0,1,1
WBGene00013090,1,0,1
WBGene00013091,9,94,103
WBGene00013093,1450,1883,3333
WBGene00013094,1384,28222,29606
WBGene00013095,369,1304,1673
WBGene00013096,557,1581,2138
WBGene00013098,163,620,783
WBGene00013099,59,51,110
WBGene00013100,13,42,55
WBGene00013101,66,546,612
WBGene00013102,0,0,0
WBGene00013103,121,2491,2612
WBGene00013104,1026,18385,19411
WBGene00013105,3,2,5
WBGene00013106,116,2336,2452
WBGene00013107,3,32,35
WBGene00013109,23,5447,5470
WBGene00013111,274,2923,3197
WBGene00013115,3,1,4
WBGene00013116,12,16,28
WBGene00013117,0,0,0
WBGene00013118,121,951,1072
WBGene00013119,410,879,1289
WBGene00013120,0,3,3
WBGene00013121,6,4,10
WBGene00013122,42,618,660
WBGene00013123,414,1179,1593
WBGene00013124,2086,1037,3123
WBGene00013125,7,48,55
WBGene00013126,5,4,9
WBGene00013127,41,258,299
WBGene00013128,143,1740,1883
WBGene00013129,511,3507,4018
WBGene00013130,0,0,0
WBGene00013131,363,108,471
WBGene00013132,197,1101,1298
WBGene00013135,64,894,958
WBGene00013136,101,2455,2556
WBGene00013137,94,1143,1237
WBGene00013138,15,7,22
WBGene00013139,99,1489,1588
WBGene00013140,50,1694,1744
WBGene00013141,43,12,55
WBGene00013142,399,29,428
WBGene00013143,25,2497,2522
WBGene00013144,850,7139,7989
WBGene00013145,11,91,102
WBGene00013146,52,445,497
WBGene00013147,6,339,345
WBGene00013148,4,2,6
WBGene00013149,64,98,162
WBGene00013150,44,2412,2456
WBGene00013151,163,1954,2117
WBGene00013152,5,2,7
WBGene00013154,0,3,3
WBGene00013156,19,1160,1179
WBGene00013157,2,18,20
WBGene00013158,5,41,46
WBGene00013159,132,656,788
WBGene00013160,1035,1758,2793
WBGene00013161,706,2302,3008
WBGene00013162,3,11,14
WBGene00013163,5,6,11
WBGene00013164,221,645,866
WBGene00013165,15,86,101
WBGene00013166,23,309,332
WBGene00013167,758,623,1381
WBGene00013168,168,5061,5229
WBGene00013169,22,425,447
WBGene00013170,1,3,4
WBGene00013171,86,68,154
WBGene00013172,0,0,0
WBGene00013173,85,347,432
WBGene00013175,8,17,25
WBGene00013176,267,4098,4365
WBGene00013177,338,3566,3904
WBGene00013178,122,1337,1459
WBGene00013179,1,2,3
WBGene00013180,220,3530,3750
WBGene00013181,3394,26287,29681
WBGene00013182,5,5,10
WBGene00013184,0,0,0
WBGene00013186,5,3,8
WBGene00013187,56,639,695
WBGene00013188,79,425,504
WBGene00013189,595,2136,2731
WBGene00013190,11,38,49
WBGene00013192,3,28,31
WBGene00013193,105,1239,1344
WBGene00013194,2,9,11
WBGene00013195,46,278,324
WBGene00013196,36,328,364
WBGene00013197,151,1219,1370
WBGene00013198,25,156,181
WBGene00013200,490,10628,11118
WBGene00013201,74,1392,1466
WBGene00013202,139,2304,2443
WBGene00013203,119,1940,2059
WBGene00013204,52,1036,1088
WBGene00013207,41,361,402
WBGene00013208,37,235,272
WBGene00013209,104,2704,2808
WBGene00013210,0,10036,10036
WBGene00013211,88,892,980
WBGene00013212,145,288,433
WBGene00013213,181,3125,3306
WBGene00013214,68,696,764
WBGene00013215,84,1191,1275
WBGene00013216,117,4482,4599
WBGene00013217,261,2250,2511
WBGene00013218,78,1906,1984
WBGene00013219,60,4535,4595
WBGene00013220,1,0,1
WBGene00013221,19,48,67
WBGene00013222,374,1048,1422
WBGene00013223,318,2741,3059
WBGene00013224,109,1114,1223
WBGene00013225,362,2023,2385
WBGene00013226,21,1,22
WBGene00013227,67,841,908
WBGene00013228,2994,5273,8267
WBGene00013230,0,2,2
WBGene00013231,57,684,741
WBGene00013232,318,1030,1348
WBGene00013233,1,18,19
WBGene00013234,0,47,47
WBGene00013235,14,118,132
WBGene00013236,52,4586,4638
WBGene00013237,110,13994,14104
WBGene00013238,866,22981,23847
WBGene00013239,137,1932,2069
WBGene00013240,383,1008,1391
WBGene00013241,91,910,1001
WBGene00013242,91,431,522
WBGene00013243,226,641,867
WBGene00013244,95,249,344
WBGene00013246,69,225,294
WBGene00013247,147,123,270
WBGene00013248,44,147,191
WBGene00013249,40,77,117
WBGene00013250,5,129,134
WBGene00013252,75,149,224
WBGene00013253,126,383,509
WBGene00013254,3,5,8
WBGene00013255,473,2970,3443
WBGene00013256,146,2512,2658
WBGene00013257,163,2099,2262
WBGene00013258,1007,573,1580
WBGene00013259,194,1196,1390
WBGene00013260,40,1553,1593
WBGene00013261,232,418,650
WBGene00013263,155,3365,3520
WBGene00013264,13,37,50
WBGene00013265,260,1010,1270
WBGene00013266,77,3047,3124
WBGene00013267,354,2984,3338
WBGene00013268,49,638,687
WBGene00013269,14,3245,3259
WBGene00013270,260,669,929
WBGene00013272,64,94,158
WBGene00013273,260,1712,1972
WBGene00013274,158,16,174
WBGene00013275,66,2528,2594
WBGene00013276,16,125,141
WBGene00013277,1,32,33
WBGene00013278,12,105,117
WBGene00013279,1,3,4
WBGene00013280,1,1,2
WBGene00013281,4,34,38
WBGene00013282,2,1,3
WBGene00013284,36,5766,5802
WBGene00013285,17,32,49
WBGene00013286,11,60,71
WBGene00013287,56,248,304
WBGene00013288,2,6,8
WBGene00013289,949,3819,4768
WBGene00013290,1,1,2
WBGene00013292,224,1334,1558
WBGene00013293,48,517,565
WBGene00013294,10,25,35
WBGene00013295,29,1035,1064
WBGene00013296,0,2,2
WBGene00013297,31,14,45
WBGene00013298,24,127,151
WBGene00013299,0,1,1
WBGene00013300,12,30,42
WBGene00013301,38,4335,4373
WBGene00013302,26,900,926
WBGene00013303,137,349,486
WBGene00013304,24,73,97
WBGene00013305,0,5,5
WBGene00013306,1,78,79
WBGene00013307,193,6979,7172
WBGene00013308,2208,70837,73045
WBGene00013310,72,128,200
WBGene00013311,83,35782,35865
WBGene00013312,16,380,396
WBGene00013313,17,15,32
WBGene00013315,0,0,0
WBGene00013317,1011,3732,4743
WBGene00013318,8,1,9
WBGene00013319,0,12,12
WBGene00013321,99,1771,1870
WBGene00013322,42,149,191
WBGene00013323,18,1941,1959
WBGene00013324,314,6551,6865
WBGene00013325,87,673,760
WBGene00013326,412,917,1329
WBGene00013327,487,1493,1980
WBGene00013328,5,18,23
WBGene00013329,5,145,150
WBGene00013330,4,277,281
WBGene00013331,56,92,148
WBGene00013332,16,1508,1524
WBGene00013333,124,896,1020
WBGene00013334,115,1259,1374
WBGene00013335,45,276,321
WBGene00013336,109,623,732
WBGene00013337,3,0,3
WBGene00013338,5,21,26
WBGene00013339,274,1201,1475
WBGene00013340,491,7871,8362
WBGene00013343,1030,5934,6964
WBGene00013344,48,157,205
WBGene00013345,89,2478,2567
WBGene00013347,1183,4863,6046
WBGene00013348,21,231,252
WBGene00013349,3,153,156
WBGene00013350,421,986,1407
WBGene00013351,1,0,1
WBGene00013352,353,3185,3538
WBGene00013353,141,286,427
WBGene00013354,774,3544,4318
WBGene00013355,507,3006,3513
WBGene00013356,32,97,129
WBGene00013357,19,4,23
WBGene00013358,143,1233,1376
WBGene00013359,51,1004,1055
WBGene00013360,407,8628,9035
WBGene00013361,709,2450,3159
WBGene00013362,92,299,391
WBGene00013364,15,220,235
WBGene00013365,290,3261,3551
WBGene00013366,724,2919,3643
WBGene00013367,10,12,22
WBGene00013368,12,113,125
WBGene00013370,0,8,8
WBGene00013371,1,0,1
WBGene00013373,46,3945,3991
WBGene00013374,0,2,2
WBGene00013375,58,102,160
WBGene00013376,130,1210,1340
WBGene00013378,53,3782,3835
WBGene00013379,1285,5759,7044
WBGene00013380,0,204,204
WBGene00013381,363,118,481
WBGene00013382,45,794,839
WBGene00013383,15,180,195
WBGene00013385,82,716,798
WBGene00013387,218,1980,2198
WBGene00013388,5,35,40
WBGene00013389,20,24,44
WBGene00013390,0,0,0
WBGene00013391,0,1,1
WBGene00013392,6,18,24
WBGene00013393,1,1,2
WBGene00013394,0,0,0
WBGene00013395,3,5,8
WBGene00013396,3,0,3
WBGene00013397,8,8,16
WBGene00013398,5,24,29
WBGene00013399,19,61,80
WBGene00013400,1,6,7
WBGene00013401,101,275,376
WBGene00013402,13,51,64
WBGene00013403,13,51,64
WBGene00013404,3,245,248
WBGene00013405,44,409,453
WBGene00013406,585,12853,13438
WBGene00013407,66,597,663
WBGene00013408,3,12,15
WBGene00013409,8,61,69
WBGene00013411,6,4,10
WBGene00013412,2,11,13
WBGene00013415,402,2526,2928
WBGene00013416,377,1071,1448
WBGene00013417,110,123,233
WBGene00013418,190,2225,2415
WBGene00013419,29,76,105
WBGene00013421,3,39,42
WBGene00013422,241,1185,1426
WBGene00013424,8,32,40
WBGene00013425,158,475,633
WBGene00013426,54,818,872
WBGene00013427,0,69,69
WBGene00013429,7,8,15
WBGene00013431,166,333,499
WBGene00013432,5,101,106
WBGene00013433,6,529,535
WBGene00013434,210,1535,1745
WBGene00013435,312,5397,5709
WBGene00013436,253,2811,3064
WBGene00013437,13,35,48
WBGene00013438,2,844,846
WBGene00013439,29,527,556
WBGene00013440,27,118,145
WBGene00013441,228,1730,1958
WBGene00013442,24,229,253
WBGene00013443,156,440,596
WBGene00013445,33,418,451
WBGene00013446,416,1576,1992
WBGene00013447,389,1261,1650
WBGene00013448,343,3069,3412
WBGene00013449,0,14,14
WBGene00013450,6,13,19
WBGene00013451,6,6,12
WBGene00013452,10,6,16
WBGene00013453,92,1359,1451
WBGene00013454,3,10,13
WBGene00013455,282,1011,1293
WBGene00013456,104,697,801
WBGene00013457,60,173,233
WBGene00013458,122,1748,1870
WBGene00013459,333,3560,3893
WBGene00013460,598,1605,2203
WBGene00013461,451,2488,2939
WBGene00013462,261,3974,4235
WBGene00013463,0,22376,22376
WBGene00013464,191,1122,1313
WBGene00013465,119,1366,1485
WBGene00013466,1,6,7
WBGene00013468,4,6,10
WBGene00013469,7,3,10
WBGene00013470,2,2,4
WBGene00013471,4,5,9
WBGene00013472,1,0,1
WBGene00013473,0,1,1
WBGene00013474,1,9,10
WBGene00013475,2,1,3
WBGene00013476,0,6,6
WBGene00013477,97,5172,5269
WBGene00013478,3,32,35
WBGene00013479,61,163,224
WBGene00013480,39,26,65
WBGene00013481,509,5824,6333
WBGene00013482,116,1101,1217
WBGene00013483,1,12,13
WBGene00013484,50,135,185
WBGene00013485,196,378,574
WBGene00013486,77,264,341
WBGene00013487,6,11,17
WBGene00013489,39,18446,18485
WBGene00013490,16,74,90
WBGene00013491,0,0,0
WBGene00013492,2,9,11
WBGene00013493,1,37,38
WBGene00013494,15,14,29
WBGene00013496,72,128,200
WBGene00013497,39,334,373
WBGene00013498,4,5,9
WBGene00013499,207,801,1008
WBGene00013500,0,0,0
WBGene00013501,0,15,15
WBGene00013502,11,1,12
WBGene00013503,45,1,46
WBGene00013505,9,14,23
WBGene00013506,319,515,834
WBGene00013507,27,63,90
WBGene00013508,3,9,12
WBGene00013509,17,240,257
WBGene00013511,4,3,7
WBGene00013512,8,12,20
WBGene00013513,5,65,70
WBGene00013514,905,15965,16870
WBGene00013515,2832,52177,55009
WBGene00013516,423,6944,7367
WBGene00013517,160,190,350
WBGene00013518,309,1317,1626
WBGene00013519,0,1,1
WBGene00013520,23,18,41
WBGene00013521,0,4,4
WBGene00013522,406,1415,1821
WBGene00013523,0,0,0
WBGene00013524,0,0,0
WBGene00013525,3,21,24
WBGene00013526,4,5,9
WBGene00013527,5,1,6
WBGene00013528,5,1,6
WBGene00013529,342,1519,1861
WBGene00013530,513,2202,2715
WBGene00013531,245,1757,2002
WBGene00013532,16,2790,2806
WBGene00013534,201,237,438
WBGene00013536,207,60,267
WBGene00013538,317,1808,2125
WBGene00013539,19,120,139
WBGene00013540,139,1322,1461
WBGene00013541,151,958,1109
WBGene00013542,74,761,835
WBGene00013543,323,579,902
WBGene00013544,437,5876,6313
WBGene00013545,652,1945,2597
WBGene00013547,23,104,127
WBGene00013548,667,2402,3069
WBGene00013549,285,1283,1568
WBGene00013550,93,3086,3179
WBGene00013551,53,554,607
WBGene00013552,4,355,359
WBGene00013553,210,2359,2569
WBGene00013554,144,432,576
WBGene00013555,26,142,168
WBGene00013556,377,1514,1891
WBGene00013557,888,2900,3788
WBGene00013558,144,1452,1596
WBGene00013559,770,6220,6990
WBGene00013560,492,3587,4079
WBGene00013561,210,1545,1755
WBGene00013562,40,171,211
WBGene00013563,122,191,313
WBGene00013564,23,33,56
WBGene00013565,0,0,0
WBGene00013566,0,0,0
WBGene00013567,19,192,211
WBGene00013568,122,2241,2363
WBGene00013569,10,1015,1025
WBGene00013570,0,0,0
WBGene00013572,0,1,1
WBGene00013573,71,84,155
WBGene00013574,199,143,342
WBGene00013575,122,5279,5401
WBGene00013576,26,460,486
WBGene00013577,1455,15795,17250
WBGene00013578,97,375,472
WBGene00013579,52,10,62
WBGene00013580,1640,2453,4093
WBGene00013581,0,4,4
WBGene00013583,1,5,6
WBGene00013584,70,414,484
WBGene00013585,22,394,416
WBGene00013586,3,5,8
WBGene00013587,83,334,417
WBGene00013588,181,2984,3165
WBGene00013590,0,12,12
WBGene00013591,156,1525,1681
WBGene00013592,26,52,78
WBGene00013593,206,1586,1792
WBGene00013594,1038,2696,3734
WBGene00013595,184,1736,1920
WBGene00013596,41,1306,1347
WBGene00013597,815,10556,11371
WBGene00013598,387,4377,4764
WBGene00013599,546,872,1418
WBGene00013601,146,960,1106
WBGene00013602,30,260,290
WBGene00013603,117,2649,2766
WBGene00013604,101,1298,1399
WBGene00013605,189,2684,2873
WBGene00013606,517,2518,3035
WBGene00013607,0,50,50
WBGene00013608,1,126,127
WBGene00013609,30,962,992
WBGene00013610,4,272,276
WBGene00013611,8,133,141
WBGene00013613,3,9,12
WBGene00013616,0,2,2
WBGene00013619,0,5,5
WBGene00013620,6,8,14
WBGene00013621,2,1,3
WBGene00013622,3,2,5
WBGene00013623,61,917,978
WBGene00013626,2,0,2
WBGene00013628,1,1,2
WBGene00013629,6,4,10
WBGene00013631,8,1,9
WBGene00013632,58,669,727
WBGene00013633,145,578,723
WBGene00013634,23,56,79
WBGene00013635,1,0,1
WBGene00013636,0,195,195
WBGene00013637,67,98,165
WBGene00013639,3490,1463,4953
WBGene00013642,155,681,836
WBGene00013643,49,1138,1187
WBGene00013645,8,28,36
WBGene00013646,11,40,51
WBGene00013647,390,3794,4184
WBGene00013649,22,26,48
WBGene00013650,13,784,797
WBGene00013651,22,13,35
WBGene00013653,3,16,19
WBGene00013654,87,1085,1172
WBGene00013655,44,95,139
WBGene00013656,7,50,57
WBGene00013657,0,0,0
WBGene00013658,24,425,449
WBGene00013659,1,21,22
WBGene00013662,28,302,330
WBGene00013665,43,438,481
WBGene00013666,113,656,769
WBGene00013667,205,1600,1805
WBGene00013668,185,2663,2848
WBGene00013669,34,378,412
WBGene00013670,854,3799,4653
WBGene00013671,78,1994,2072
WBGene00013672,182,219,401
WBGene00013673,97,246,343
WBGene00013674,114,942,1056
WBGene00013676,240,2521,2761
WBGene00013677,677,3628,4305
WBGene00013678,495,2878,3373
WBGene00013679,255,2144,2399
WBGene00013680,598,2166,2764
WBGene00013682,2869,4705,7574
WBGene00013683,325,3513,3838
WBGene00013684,7,3,10
WBGene00013685,36,88,124
WBGene00013687,256,1725,1981
WBGene00013688,425,6369,6794
WBGene00013689,23,1361,1384
WBGene00013690,178,8391,8569
WBGene00013691,54,639,693
WBGene00013692,177,2860,3037
WBGene00013693,201,145,346
WBGene00013694,116,1642,1758
WBGene00013695,316,2460,2776
WBGene00013696,0,16,16
WBGene00013697,20,1129,1149
WBGene00013698,30,584,614
WBGene00013699,1,9,10
WBGene00013700,4,105,109
WBGene00013701,3,119,122
WBGene00013702,150,678,828
WBGene00013703,513,1898,2411
WBGene00013704,121,882,1003
WBGene00013705,2,7,9
WBGene00013708,10,669,679
WBGene00013709,268,5105,5373
WBGene00013710,1,43,44
WBGene00013711,112,1294,1406
WBGene00013712,3,3,6
WBGene00013713,6,156,162
WBGene00013715,5,251,256
WBGene00013716,121,2501,2622
WBGene00013717,11,521,532
WBGene00013718,50,2191,2241
WBGene00013719,31,810,841
WBGene00013720,11,1159,1170
WBGene00013721,5,23,28
WBGene00013723,0,79,79
WBGene00013724,75,684,759
WBGene00013725,95,1619,1714
WBGene00013726,100,949,1049
WBGene00013727,14,272,286
WBGene00013728,28,529,557
WBGene00013729,13,657,670
WBGene00013730,1201,4152,5353
WBGene00013732,3761,2525,6286
WBGene00013734,846,4797,5643
WBGene00013735,2648,4653,7301
WBGene00013736,47,1777,1824
WBGene00013737,787,1995,2782
WBGene00013738,369,2052,2421
WBGene00013739,224,100,324
WBGene00013740,40,2024,2064
WBGene00013741,28,72,100
WBGene00013742,135,192,327
WBGene00013744,6,7,13
WBGene00013746,385,778,1163
WBGene00013747,12,5,17
WBGene00013748,76,1168,1244
WBGene00013749,8,80,88
WBGene00013750,13,155,168
WBGene00013751,43,421,464
WBGene00013752,23,701,724
WBGene00013753,99,873,972
WBGene00013754,0,1,1
WBGene00013755,9,174,183
WBGene00013756,12,305,317
WBGene00013757,1,16,17
WBGene00013758,11,438,449
WBGene00013759,4,5,9
WBGene00013760,1,2,3
WBGene00013761,12,355,367
WBGene00013762,11,183,194
WBGene00013764,40,57,97
WBGene00013765,124,2261,2385
WBGene00013766,157,32633,32790
WBGene00013768,366,784,1150
WBGene00013771,5,16,21
WBGene00013773,1,11,12
WBGene00013774,99,149,248
WBGene00013775,2,39,41
WBGene00013776,1,100,101
WBGene00013777,2,5,7
WBGene00013778,20,233,253
WBGene00013779,3,79,82
WBGene00013781,194,865,1059
WBGene00013782,121,467,588
WBGene00013784,1035,9869,10904
WBGene00013785,4,5,9
WBGene00013786,1,9,10
WBGene00013789,155,826,981
WBGene00013790,129,1147,1276
WBGene00013791,0,0,0
WBGene00013792,244,421,665
WBGene00013794,0,9,9
WBGene00013795,1,0,1
WBGene00013796,0,1,1
WBGene00013797,0,1,1
WBGene00013798,2,1,3
WBGene00013799,9,49,58
WBGene00013800,8,7,15
WBGene00013801,3,19,22
WBGene00013802,107,246,353
WBGene00013803,541,3668,4209
WBGene00013804,513,4061,4574
WBGene00013805,472,4296,4768
WBGene00013806,214,1164,1378
WBGene00013807,492,1374,1866
WBGene00013808,496,2653,3149
WBGene00013809,25,17,42
WBGene00013810,2,5,7
WBGene00013811,2,3,5
WBGene00013812,84,178,262
WBGene00013814,40,43,83
WBGene00013815,0,10,10
WBGene00013816,5,4,9
WBGene00013817,13,53,66
WBGene00013819,64,1426,1490
WBGene00013820,5,30,35
WBGene00013822,12,71,83
WBGene00013823,42,7,49
WBGene00013824,1,11,12
WBGene00013825,47,49,96
WBGene00013827,0,0,0
WBGene00013828,39,4,43
WBGene00013829,0,13,13
WBGene00013830,3,16,19
WBGene00013831,10,6,16
WBGene00013832,4,55,59
WBGene00013833,16,153,169
WBGene00013834,8,9,17
WBGene00013835,20,162,182
WBGene00013836,51,302,353
WBGene00013837,1,76,77
WBGene00013838,39,769,808
WBGene00013839,22,158,180
WBGene00013840,2,46,48
WBGene00013844,9,16,25
WBGene00013845,51,830,881
WBGene00013846,11,238,249
WBGene00013847,265,2294,2559
WBGene00013848,301,742,1043
WBGene00013849,121,652,773
WBGene00013850,116,258,374
WBGene00013852,54,456,510
WBGene00013853,12,22356,22368
WBGene00013854,0,4,4
WBGene00013855,60,546,606
WBGene00013856,0,78,78
WBGene00013857,129,779,908
WBGene00013858,0,3,3
WBGene00013859,830,21526,22356
WBGene00013860,241,2807,3048
WBGene00013862,19,662,681
WBGene00013863,4,18,22
WBGene00013865,9,148,157
WBGene00013866,427,4887,5314
WBGene00013867,21,98,119
WBGene00013868,2,26,28
WBGene00013869,245,2190,2435
WBGene00013870,48,1106,1154
WBGene00013871,13,60,73
WBGene00013872,221,585,806
WBGene00013873,23,26,49
WBGene00013874,95,1251,1346
WBGene00013875,21,244,265
WBGene00013876,17,363,380
WBGene00013877,174,1619,1793
WBGene00013878,763,3861,4624
WBGene00013879,0,17,17
WBGene00013880,40,3031,3071
WBGene00013881,61,771,832
WBGene00013882,1757,18010,19767
WBGene00013883,28,100,128
WBGene00013884,2085,19792,21877
WBGene00013886,11,23,34
WBGene00013887,0,1,1
WBGene00013888,0,0,0
WBGene00013889,0,0,0
WBGene00013890,0,0,0
WBGene00013891,1,121,122
WBGene00013892,147,3383,3530
WBGene00013893,38,2094,2132
WBGene00013894,81,926,1007
WBGene00013895,70,696,766
WBGene00013896,111,867,978
WBGene00013897,38,898,936
WBGene00013898,271,3475,3746
WBGene00013899,116,1940,2056
WBGene00013900,9,231,240
WBGene00013901,143,10947,11090
WBGene00013902,212,1161,1373
WBGene00013903,3,57,60
WBGene00013904,14,259,273
WBGene00013905,9,471,480
WBGene00013906,174,2632,2806
WBGene00013907,13,95,108
WBGene00013908,30,39,69
WBGene00013909,4,40,44
WBGene00013910,1,1,2
WBGene00013911,5,33,38
WBGene00013912,7,17,24
WBGene00013913,10,7,17
WBGene00013914,74,172,246
WBGene00013915,5,5,10
WBGene00013916,6,30,36
WBGene00013917,50,901,951
WBGene00013919,403,2532,2935
WBGene00013920,66,3360,3426
WBGene00013921,237,1283,1520
WBGene00013922,0,1,1
WBGene00013923,24,454,478
WBGene00013924,179,4764,4943
WBGene00013925,111,1783,1894
WBGene00013926,12,902,914
WBGene00013927,0,2,2
WBGene00013928,1,2,3
WBGene00013929,7,14,21
WBGene00013930,0,0,0
WBGene00013931,15,1,16
WBGene00013932,0,0,0
WBGene00013933,11,25,36
WBGene00013934,1347,4138,5485
WBGene00013935,0,5,5
WBGene00013937,0,4,4
WBGene00013938,20,386,406
WBGene00013939,0,23,23
WBGene00013940,2,1,3
WBGene00013941,0,0,0
WBGene00013942,33,40,73
WBGene00013943,0,2,2
WBGene00013944,3,6,9
WBGene00013946,133,961,1094
WBGene00013947,161,1355,1516
WBGene00013949,154,1088,1242
WBGene00013950,191,1252,1443
WBGene00013951,1,1,2
WBGene00013953,5,1,6
WBGene00013954,0,7,7
WBGene00013955,258,220,478
WBGene00013956,0,11,11
WBGene00013957,430,783,1213
WBGene00013958,268,6646,6914
WBGene00013959,207,1465,1672
WBGene00013960,59,347,406
WBGene00013961,0,60,60
WBGene00013962,180,2342,2522
WBGene00013963,23,614,637
WBGene00013964,13,1387,1400
WBGene00013965,18,392,410
WBGene00013966,30,767,797
WBGene00013967,69,689,758
WBGene00013968,27,698,725
WBGene00013969,243,3511,3754
WBGene00013970,237,1076,1313
WBGene00013971,0,1,1
WBGene00013972,1,1,2
WBGene00013973,0,2,2
WBGene00013974,44,49,93
WBGene00013975,19,176,195
WBGene00013976,54,167,221
WBGene00013978,0,5,5
WBGene00013979,2,3,5
WBGene00013980,74,353,427
WBGene00013982,39,635,674
WBGene00013983,69,5488,5557
WBGene00013984,755,2773,3528
WBGene00013985,104,2540,2644
WBGene00013986,0,16,16
WBGene00013987,6,22,28
WBGene00013988,3,1,4
WBGene00013989,47,843,890
WBGene00013994,112,1276,1388
WBGene00013996,19,421,440
WBGene00013997,357,5351,5708
WBGene00013998,29,725,754
WBGene00013999,12,9,21
WBGene00014000,80,2075,2155
WBGene00014001,297,8441,8738
WBGene00014002,44,322,366
WBGene00014003,8,2893,2901
WBGene00014004,259,2286,2545
WBGene00014006,9,5330,5339
WBGene00014007,1,26,27
WBGene00014008,9,243,252
WBGene00014009,7,116,123
WBGene00014011,39,2619,2658
WBGene00014012,117,3633,3750
WBGene00014013,147,4609,4756
WBGene00014014,106,787,893
WBGene00014015,112,3042,3154
WBGene00014016,1809,29931,31740
WBGene00014017,323,3970,4293
WBGene00014018,258,1909,2167
WBGene00014019,159,1878,2037
WBGene00014020,51,1386,1437
WBGene00014021,385,1409,1794
WBGene00014022,657,8239,8896
WBGene00014023,261,2680,2941
WBGene00014024,108,405,513
WBGene00014025,149,3927,4076
WBGene00014027,17,256,273
WBGene00014028,67,518,585
WBGene00014029,29,19,48
WBGene00014030,85,7438,7523
WBGene00014031,83,4062,4145
WBGene00014032,1,0,1
WBGene00014033,157,778,935
WBGene00014034,1,781,782
WBGene00014035,216,1046,1262
WBGene00014036,805,3699,4504
WBGene00014037,4388,11,4399
WBGene00014038,6,1,7
WBGene00014039,162,1626,1788
WBGene00014040,0,5,5
WBGene00014041,0,1,1
WBGene00014042,0,0,0
WBGene00014043,0,1,1
WBGene00014044,0,3,3
WBGene00014045,0,0,0
WBGene00014046,0,3,3
WBGene00014047,19,54,73
WBGene00014048,2,6,8
WBGene00014049,2,0,2
WBGene00014050,0,209,209
WBGene00014051,924,2887,3811
WBGene00014052,3,112,115
WBGene00014053,10,46,56
WBGene00014054,149,8188,8337
WBGene00014055,97,979,1076
WBGene00014057,334,5452,5786
WBGene00014058,203,4823,5026
WBGene00014060,33,234,267
WBGene00014061,0,0,0
WBGene00014062,16,105,121
WBGene00014063,9,338,347
WBGene00014064,0,9,9
WBGene00014065,50,139,189
WBGene00014066,84,1160,1244
WBGene00014067,5,102,107
WBGene00014068,1,28,29
WBGene00014069,11,8,19
WBGene00014070,43,5,48
WBGene00014073,23,167,190
WBGene00014074,145,1217,1362
WBGene00014075,217,2443,2660
WBGene00014076,148,956,1104
WBGene00014077,93,1053,1146
WBGene00014078,361,5886,6247
WBGene00014079,80,780,860
WBGene00014080,57,634,691
WBGene00014081,130,676,806
WBGene00014082,11,12,23
WBGene00014083,189,4079,4268
WBGene00014084,0,13,13
WBGene00014085,8,76,84
WBGene00014086,1687,24378,26065
WBGene00014087,72,1850,1922
WBGene00014088,950,36808,37758
WBGene00014089,38,72,110
WBGene00014090,38,2493,2531
WBGene00014091,645,18406,19051
WBGene00014092,608,5692,6300
WBGene00014093,75,125,200
WBGene00014094,24,172,196
WBGene00014095,238,103304,103542
WBGene00014096,23,5282,5305
WBGene00014097,3,45,48
WBGene00014098,368,5085,5453
WBGene00014099,110,2476,2586
WBGene00014100,12,58,70
WBGene00014101,570,1359,1929
WBGene00014102,2,6,8
WBGene00014103,34,36,70
WBGene00014104,2,1,3
WBGene00014105,23,36,59
WBGene00014106,294,872,1166
WBGene00014107,42,656,698
WBGene00014108,293,14489,14782
WBGene00014109,86,4324,4410
WBGene00014111,30,1372,1402
WBGene00014112,124,2254,2378
WBGene00014113,11,435,446
WBGene00014114,69,1381,1450
WBGene00014115,252,2451,2703
WBGene00014116,6,362,368
WBGene00014117,3,77,80
WBGene00014118,85,836,921
WBGene00014119,377,1540,1917
WBGene00014120,0,637,637
WBGene00014121,25,53,78
WBGene00014122,66,168,234
WBGene00014123,39,2069,2108
WBGene00014124,45,1650,1695
WBGene00014125,71,8194,8265
WBGene00014127,2,9,11
WBGene00014128,4,1,5
WBGene00014129,0,32,32
WBGene00014130,0,2,2
WBGene00014131,0,92,92
WBGene00014132,21,74,95
WBGene00014135,58,195,253
WBGene00014136,431,1252,1683
WBGene00014137,62,2689,2751
WBGene00014138,270,3127,3397
WBGene00014139,287,566,853
WBGene00014140,929,1011,1940
WBGene00014141,105,1795,1900
WBGene00014142,2,53,55
WBGene00014143,0,2,2
WBGene00014144,0,4,4
WBGene00014145,28,268,296
WBGene00014148,269,4006,4275
WBGene00014149,2,29,31
WBGene00014150,51,543,594
WBGene00014151,157,1705,1862
WBGene00014152,25,123,148
WBGene00014153,224,1822,2046
WBGene00014154,1,29,30
WBGene00014155,13,72,85
WBGene00014156,99,1532,1631
WBGene00014157,1,0,1
WBGene00014158,0,7,7
WBGene00014159,8,1107,1115
WBGene00014160,10,70,80
WBGene00014161,13,82,95
WBGene00014162,3,4,7
WBGene00014163,0,195,195
WBGene00014164,104,1702,1806
WBGene00014165,642,19278,19920
WBGene00014166,14,125,139
WBGene00014168,0,1,1
WBGene00014169,1,31,32
WBGene00014170,3,13,16
WBGene00014171,1974,5105,7079
WBGene00014172,172,1518,1690
WBGene00014173,8,123,131
WBGene00014174,0,6,6
WBGene00014175,363,1353,1716
WBGene00014176,90,1459,1549
WBGene00014177,127,2251,2378
WBGene00014178,31,263,294
WBGene00014179,1,2,3
WBGene00014181,36,355,391
WBGene00014182,0,0,0
WBGene00014183,107,5440,5547
WBGene00014184,10,101,111
WBGene00014186,0,0,0
WBGene00014188,0,0,0
WBGene00014189,1,14,15
WBGene00014190,3,10,13
WBGene00014191,1,0,1
WBGene00014192,9,7,16
WBGene00014193,1,8,9
WBGene00014194,1,10,11
WBGene00014195,19,142,161
WBGene00014196,2,23,25
WBGene00014197,2,3,5
WBGene00014198,6,251,257
WBGene00014199,5,11,16
WBGene00014200,2,90,92
WBGene00014201,1,0,1
WBGene00014202,258,5829,6087
WBGene00014203,16,386,402
WBGene00014204,101,9304,9405
WBGene00014205,28,744,772
WBGene00014206,22,623,645
WBGene00014207,134,5539,5673
WBGene00014208,75,1833,1908
WBGene00014209,140,1934,2074
WBGene00014210,28,308,336
WBGene00014213,507,7011,7518
WBGene00014214,1397,2168,3565
WBGene00014215,425,1865,2290
WBGene00014216,3,3,6
WBGene00014217,2,5,7
WBGene00014218,211,6037,6248
WBGene00014219,59,1611,1670
WBGene00014220,58,648,706
WBGene00014221,75,2668,2743
WBGene00014222,157,1262,1419
WBGene00014223,100,101,201
WBGene00014224,214,6567,6781
WBGene00014225,11,42,53
WBGene00014226,22,788,810
WBGene00014227,194,2260,2454
WBGene00014228,7,646,653
WBGene00014229,2,22,24
WBGene00014230,18,887,905
WBGene00014232,320,2303,2623
WBGene00014233,147,3810,3957
WBGene00014234,5,1885,1890
WBGene00014235,4,28,32
WBGene00014236,3,4,7
WBGene00014238,1,1,2
WBGene00014239,1,1,2
WBGene00014240,0,1,1
WBGene00014241,0,49,49
WBGene00014242,0,0,0
WBGene00014243,197,3633,3830
WBGene00014244,162,10881,11043
WBGene00014245,6,40,46
WBGene00014246,5,4,9
WBGene00014247,2,1,3
WBGene00014248,330,1109,1439
WBGene00014249,132,7828,7960
WBGene00014250,21,1062,1083
WBGene00014251,277,4378,4655
WBGene00014252,573,10469,11042
WBGene00014253,504,7365,7869
WBGene00014254,28,327,355
WBGene00014255,9,199,208
WBGene00014256,17,484,501
WBGene00014258,294,5856,6150
WBGene00014259,179,3772,3951
WBGene00014260,53,95,148
WBGene00014261,960,2349,3309
WBGene00014262,2731,8738,11469
WBGene00014300,190,472,662
WBGene00014569,210,1480,1690
WBGene00014666,106,2305,2411
WBGene00014668,20,29,49
WBGene00014669,38,1322,1360
WBGene00014679,7,30,37
WBGene00014697,130,1767,1897
WBGene00014698,97,275,372
WBGene00014699,0,0,0
WBGene00014700,0,12,12
WBGene00014761,110,496,606
WBGene00014793,169,2735,2904
WBGene00014801,85,591,676
WBGene00014807,3,2,5
WBGene00014813,48,221,269
WBGene00014826,862,14682,15544
WBGene00014848,108,2478,2586
WBGene00014864,83,90,173
WBGene00014871,14,202,216
WBGene00014914,11,23,34
WBGene00014924,8,1,9
WBGene00014926,11,9,20
WBGene00014938,236,7478,7714
WBGene00014953,1,4,5
WBGene00014965,70,1291,1361
WBGene00014989,380,1927,2307
WBGene00014997,0,9,9
WBGene00014998,60,197,257
WBGene00014999,34,591,625
WBGene00015000,37,136,173
WBGene00015001,119,1064,1183
WBGene00015002,25,330,355
WBGene00015003,5,38,43
WBGene00015004,9,52,61
WBGene00015005,26,278,304
WBGene00015006,13,14,27
WBGene00015007,821,6634,7455
WBGene00015008,40,619,659
WBGene00015009,79,1532,1611
WBGene00015010,132,1324,1456
WBGene00015011,23,3249,3272
WBGene00015012,7,39,46
WBGene00015014,9,166,175
WBGene00015015,9,19,28
WBGene00015017,116,1045,1161
WBGene00015018,13,16,29
WBGene00015019,25,105,130
WBGene00015020,8,20,28
WBGene00015021,282,3812,4094
WBGene00015022,647,5202,5849
WBGene00015023,36,537,573
WBGene00015024,1,7,8
WBGene00015025,380,5573,5953
WBGene00015026,2,13,15
WBGene00015027,98,351,449
WBGene00015028,38,132,170
WBGene00015029,28,960,988
WBGene00015030,1,9,10
WBGene00015031,2,0,2
WBGene00015032,7,29,36
WBGene00015033,129,212,341
WBGene00015034,7,12,19
WBGene00015035,83,325,408
WBGene00015036,8,58,66
WBGene00015037,64,264,328
WBGene00015038,50,405,455
WBGene00015040,10,147,157
WBGene00015041,18,118,136
WBGene00015042,4,51,55
WBGene00015043,46,635,681
WBGene00015044,64,1949,2013
WBGene00015045,13,162,175
WBGene00015046,65,302,367
WBGene00015047,482,11578,12060
WBGene00015048,180,7778,7958
WBGene00015049,1,300,301
WBGene00015050,587,3380,3967
WBGene00015051,5,10,15
WBGene00015052,37,511,548
WBGene00015053,10,745,755
WBGene00015054,15,5,20
WBGene00015055,84,266,350
WBGene00015056,21,209,230
WBGene00015057,29,571,600
WBGene00015058,8,609,617
WBGene00015059,16,2757,2773
WBGene00015061,2565,30100,32665
WBGene00015062,38,390,428
WBGene00015063,18,1071,1089
WBGene00015064,437,6243,6680
WBGene00015065,6,14,20
WBGene00015066,10,66,76
WBGene00015067,65,699,764
WBGene00015068,0,6,6
WBGene00015069,0,4,4
WBGene00015070,2,20,22
WBGene00015071,2,1,3
WBGene00015072,19,56,75
WBGene00015073,4,304,308
WBGene00015074,78,4904,4982
WBGene00015075,224,5972,6196
WBGene00015076,11,1628,1639
WBGene00015079,357,185,542
WBGene00015080,45,179,224
WBGene00015081,18,92,110
WBGene00015082,8,55,63
WBGene00015083,9,143,152
WBGene00015084,3,8,11
WBGene00015085,33,261,294
WBGene00015086,8,95,103
WBGene00015087,61,494,555
WBGene00015088,78,809,887
WBGene00015089,102,271,373
WBGene00015091,149,2386,2535
WBGene00015092,226,6667,6893
WBGene00015093,3,7,10
WBGene00015094,32,30,62
WBGene00015095,50,747,797
WBGene00015096,219,1879,2098
WBGene00015097,5,41,46
WBGene00015098,16,167,183
WBGene00015099,346,3289,3635
WBGene00015100,2,28,30
WBGene00015101,28,3752,3780
WBGene00015102,1,110,111
WBGene00015103,19,969,988
WBGene00015104,27,3189,3216
WBGene00015105,234,962,1196
WBGene00015106,10,37,47
WBGene00015107,45,1015,1060
WBGene00015108,4,2,6
WBGene00015110,35,628,663
WBGene00015111,0,7,7
WBGene00015112,5,19,24
WBGene00015113,4,54,58
WBGene00015114,2,2,4
WBGene00015115,593,2122,2715
WBGene00015116,311,6357,6668
WBGene00015117,63,4234,4297
WBGene00015118,2,1,3
WBGene00015119,0,2,2
WBGene00015121,0,0,0
WBGene00015122,11,1747,1758
WBGene00015124,270,2295,2565
WBGene00015125,102,6517,6619
WBGene00015126,330,2776,3106
WBGene00015128,125,3578,3703
WBGene00015129,1,7,8
WBGene00015130,48,1256,1304
WBGene00015131,75,444,519
WBGene00015132,26,442,468
WBGene00015133,200,10416,10616
WBGene00015134,30,402,432
WBGene00015135,87,379,466
WBGene00015136,14,291,305
WBGene00015137,211,4937,5148
WBGene00015138,38,218,256
WBGene00015139,179,199,378
WBGene00015141,276,3587,3863
WBGene00015142,2,205,207
WBGene00015143,44,2710,2754
WBGene00015145,130,2113,2243
WBGene00015146,83,1810,1893
WBGene00015147,27,701,728
WBGene00015148,458,7270,7728
WBGene00015149,17,62,79
WBGene00015150,6,375,381
WBGene00015151,14,49,63
WBGene00015152,155,432,587
WBGene00015153,18,483,501
WBGene00015155,395,66,461
WBGene00015156,1044,3221,4265
WBGene00015157,70,2112,2182
WBGene00015158,155,1116,1271
WBGene00015159,652,3129,3781
WBGene00015160,42,2450,2492
WBGene00015161,28,797,825
WBGene00015162,265,2489,2754
WBGene00015163,18,4091,4109
WBGene00015164,101,1848,1949
WBGene00015165,13,20,33
WBGene00015167,5,242,247
WBGene00015168,254,44708,44962
WBGene00015169,29,250,279
WBGene00015170,9,8,17
WBGene00015171,27,568,595
WBGene00015172,7,1489,1496
WBGene00015173,752,1668,2420
WBGene00015175,5,36,41
WBGene00015176,204,2944,3148
WBGene00015177,202,1965,2167
WBGene00015178,1,3,4
WBGene00015179,33,246,279
WBGene00015180,1,17,18
WBGene00015181,49,5107,5156
WBGene00015182,25,90,115
WBGene00015183,10,45,55
WBGene00015184,87,1575,1662
WBGene00015185,426,3689,4115
WBGene00015186,241,3511,3752
WBGene00015188,60,423,483
WBGene00015189,146,76,222
WBGene00015190,1,232,233
WBGene00015191,43,534,577
WBGene00015192,2,13,15
WBGene00015193,0,1,1
WBGene00015194,57,582,639
WBGene00015196,18,74,92
WBGene00015197,26,320,346
WBGene00015198,6,7,13
WBGene00015199,14,8,22
WBGene00015200,40,666,706
WBGene00015202,38,932,970
WBGene00015203,181,4250,4431
WBGene00015204,23,1426,1449
WBGene00015205,217,2844,3061
WBGene00015206,153,4268,4421
WBGene00015207,514,2097,2611
WBGene00015208,334,6183,6517
WBGene00015210,23,180,203
WBGene00015211,10,144,154
WBGene00015214,11,97,108
WBGene00015215,5,35,40
WBGene00015216,84,1066,1150
WBGene00015217,47,1416,1463
WBGene00015218,38,527,565
WBGene00015219,200,2508,2708
WBGene00015220,10,567,577
WBGene00015221,0,1,1
WBGene00015222,2,6,8
WBGene00015223,9,24,33
WBGene00015224,4,4,8
WBGene00015225,4,7,11
WBGene00015226,8,18,26
WBGene00015227,2,41,43
WBGene00015228,153,969,1122
WBGene00015229,0,24,24
WBGene00015230,0,6,6
WBGene00015231,24,549,573
WBGene00015232,871,12346,13217
WBGene00015233,9,1308,1317
WBGene00015235,1,803,804
WBGene00015236,66,97,163
WBGene00015237,304,2744,3048
WBGene00015238,58,621,679
WBGene00015241,15,2,17
WBGene00015242,0,2,2
WBGene00015243,0,1,1
WBGene00015244,7,5,12
WBGene00015245,193,897,1090
WBGene00015246,89,34,123
WBGene00015247,748,107,855
WBGene00015248,5143,61942,67085
WBGene00015249,522,1364,1886
WBGene00015250,342,631,973
WBGene00015251,118,3142,3260
WBGene00015252,6,19,25
WBGene00015253,2,0,2
WBGene00015254,1,1,2
WBGene00015255,1,2,3
WBGene00015257,6,0,6
WBGene00015258,9,59,68
WBGene00015259,5,50,55
WBGene00015260,3,32,35
WBGene00015261,0,30,30
WBGene00015262,42,79,121
WBGene00015263,221,1105,1326
WBGene00015264,48,223,271
WBGene00015265,8,42,50
WBGene00015266,155,1150,1305
WBGene00015267,86,1147,1233
WBGene00015268,249,284,533
WBGene00015270,0,0,0
WBGene00015271,0,0,0
WBGene00015272,0,0,0
WBGene00015273,110,0,110
WBGene00015275,19,26,45
WBGene00015276,208,239,447
WBGene00015277,0,0,0
WBGene00015278,85,1072,1157
WBGene00015279,18,177,195
WBGene00015280,313,3656,3969
WBGene00015281,26,309,335
WBGene00015282,237,3559,3796
WBGene00015283,108,2055,2163
WBGene00015284,37,606,643
WBGene00015285,311,2498,2809
WBGene00015286,18,219,237
WBGene00015287,14,231,245
WBGene00015288,21,111,132
WBGene00015291,71,910,981
WBGene00015292,8,36,44
WBGene00015293,519,4303,4822
WBGene00015294,84,1579,1663
WBGene00015295,91,944,1035
WBGene00015296,247,4355,4602
WBGene00015297,145,3531,3676
WBGene00015298,39,1442,1481
WBGene00015299,35,181,216
WBGene00015300,15,109,124
WBGene00015301,412,1319,1731
WBGene00015303,475,1057,1532
WBGene00015305,3,2,5
WBGene00015306,2,5,7
WBGene00015307,82,704,786
WBGene00015308,85,1991,2076
WBGene00015309,10,100,110
WBGene00015310,54,1108,1162
WBGene00015311,9,85,94
WBGene00015312,6,242,248
WBGene00015313,23,785,808
WBGene00015315,1,0,1
WBGene00015316,14,0,14
WBGene00015317,1,2,3
WBGene00015318,2,5,7
WBGene00015320,12,58,70
WBGene00015321,0,5,5
WBGene00015322,13,1296,1309
WBGene00015323,27,124,151
WBGene00015324,20,596,616
WBGene00015325,0,0,0
WBGene00015326,99,16929,17028
WBGene00015327,44,908,952
WBGene00015328,828,3310,4138
WBGene00015329,117,4659,4776
WBGene00015330,112,2012,2124
WBGene00015331,0,0,0
WBGene00015332,53,761,814
WBGene00015333,22,500,522
WBGene00015334,61,351,412
WBGene00015335,16,136,152
WBGene00015336,34,1890,1924
WBGene00015337,0,34,34
WBGene00015338,5,7,12
WBGene00015339,121,2341,2462
WBGene00015340,64,630,694
WBGene00015341,1,3,4
WBGene00015342,68,54,122
WBGene00015344,142,5626,5768
WBGene00015345,4,6,10
WBGene00015346,99,4580,4679
WBGene00015347,103,1083,1186
WBGene00015348,5,34,39
WBGene00015349,198,850,1048
WBGene00015350,236,3322,3558
WBGene00015351,11,66,77
WBGene00015352,337,4351,4688
WBGene00015353,12,490,502
WBGene00015354,457,33129,33586
WBGene00015355,39,214,253
WBGene00015356,559,9182,9741
WBGene00015357,18,358,376
WBGene00015358,73,25,98
WBGene00015359,3,102,105
WBGene00015360,1,7,8
WBGene00015361,23,41,64
WBGene00015362,162,1884,2046
WBGene00015364,57,122,179
WBGene00015366,3,16,19
WBGene00015367,0,9,9
WBGene00015368,0,6,6
WBGene00015369,0,23,23
WBGene00015370,0,0,0
WBGene00015371,0,1,1
WBGene00015372,0,10,10
WBGene00015373,29,79,108
WBGene00015374,5,13,18
WBGene00015375,8,68,76
WBGene00015376,10,173,183
WBGene00015377,14,153,167
WBGene00015378,44,521,565
WBGene00015379,0,8,8
WBGene00015380,0,18,18
WBGene00015381,97,639,736
WBGene00015382,42,322,364
WBGene00015385,0,0,0
WBGene00015386,207,70,277
WBGene00015387,87,225,312
WBGene00015388,22,44,66
WBGene00015389,202,2633,2835
WBGene00015390,47,347,394
WBGene00015391,254,10210,10464
WBGene00015392,0,175,175
WBGene00015393,247,4537,4784
WBGene00015394,2,8,10
WBGene00015395,16,100,116
WBGene00015396,8,186,194
WBGene00015397,6,42,48
WBGene00015398,1,4660,4661
WBGene00015399,22,67,89
WBGene00015400,356,2323,2679
WBGene00015401,12,28,40
WBGene00015402,190,1378,1568
WBGene00015403,13,1948,1961
WBGene00015404,104,2690,2794
WBGene00015405,227,3972,4199
WBGene00015406,2,10,12
WBGene00015407,29,1215,1244
WBGene00015408,16,537,553
WBGene00015409,7,55,62
WBGene00015410,210,1783,1993
WBGene00015411,2,28,30
WBGene00015412,12,108,120
WBGene00015413,348,13431,13779
WBGene00015414,0,15,15
WBGene00015416,19,92,111
WBGene00015417,2,3,5
WBGene00015418,1621,8312,9933
WBGene00015419,5,53,58
WBGene00015420,1,1,2
WBGene00015421,3,3,6
WBGene00015422,5,23,28
WBGene00015423,31,892,923
WBGene00015424,50,845,895
WBGene00015425,252,2630,2882
WBGene00015426,5,47,52
WBGene00015427,114,1791,1905
WBGene00015428,10,4,14
WBGene00015429,93,1123,1216
WBGene00015430,78,1157,1235
WBGene00015431,108,449,557
WBGene00015433,6,164,170
WBGene00015434,159,816,975
WBGene00015435,3,3,6
WBGene00015437,5,53,58
WBGene00015438,8,10,18
WBGene00015442,36,454,490
WBGene00015444,53,62,115
WBGene00015446,6,8,14
WBGene00015447,1,13,14
WBGene00015448,10,37,47
WBGene00015449,7,128,135
WBGene00015450,19,1562,1581
WBGene00015451,151,943,1094
WBGene00015453,8,29,37
WBGene00015454,36,1010,1046
WBGene00015455,4036,4319,8355
WBGene00015456,27,329,356
WBGene00015457,100,27,127
WBGene00015458,0,73,73
WBGene00015459,0,0,0
WBGene00015460,18,824,842
WBGene00015461,220,5721,5941
WBGene00015462,15,601,616
WBGene00015463,3,852,855
WBGene00015464,83,2338,2421
WBGene00015465,14,30,44
WBGene00015466,91,1372,1463
WBGene00015467,2,9,11
WBGene00015468,185,1023,1208
WBGene00015469,224,3394,3618
WBGene00015470,25,1689,1714
WBGene00015471,288,2566,2854
WBGene00015472,115,1037,1152
WBGene00015473,179,148,327
WBGene00015474,52,1526,1578
WBGene00015476,122,519,641
WBGene00015477,294,5987,6281
WBGene00015478,131,912,1043
WBGene00015479,15,77,92
WBGene00015480,200,987,1187
WBGene00015481,91,7044,7135
WBGene00015483,140,1994,2134
WBGene00015484,761,4799,5560
WBGene00015485,429,468,897
WBGene00015486,142,1456,1598
WBGene00015487,41,7206,7247
WBGene00015488,158,1570,1728
WBGene00015489,5,22,27
WBGene00015491,2,8,10
WBGene00015492,18,1489,1507
WBGene00015493,12,17,29
WBGene00015494,160,1049,1209
WBGene00015495,3,344,347
WBGene00015496,17,237,254
WBGene00015497,42,80,122
WBGene00015499,180,1879,2059
WBGene00015500,23,79,102
WBGene00015501,317,4466,4783
WBGene00015504,147,832,979
WBGene00015505,30,242,272
WBGene00015507,363,2224,2587
WBGene00015508,141,2074,2215
WBGene00015509,410,2962,3372
WBGene00015510,91,3876,3967
WBGene00015511,14,213,227
WBGene00015512,841,6176,7017
WBGene00015513,70,1629,1699
WBGene00015514,2584,81672,84256
WBGene00015515,64,1623,1687
WBGene00015516,9,145,154
WBGene00015517,679,3684,4363
WBGene00015518,0,255,255
WBGene00015519,10,376,386
WBGene00015520,0,72,72
WBGene00015521,0,3,3
WBGene00015522,13,102,115
WBGene00015523,26,449,475
WBGene00015524,46,1054,1100
WBGene00015525,217,3488,3705
WBGene00015526,21,57,78
WBGene00015527,11,459,470
WBGene00015528,2,15,17
WBGene00015529,25,255,280
WBGene00015530,1,5,6
WBGene00015531,102,1281,1383
WBGene00015532,44,424,468
WBGene00015534,3,2,5
WBGene00015535,6,177,183
WBGene00015536,25,615,640
WBGene00015537,8,36,44
WBGene00015538,13,4143,4156
WBGene00015539,60,1546,1606
WBGene00015540,15,3117,3132
WBGene00015541,82,880,962
WBGene00015544,34,102,136
WBGene00015545,35,365,400
WBGene00015546,0,381,381
WBGene00015547,120,6689,6809
WBGene00015549,9,135,144
WBGene00015551,1168,11967,13135
WBGene00015552,33,2378,2411
WBGene00015553,491,6482,6973
WBGene00015554,52,664,716
WBGene00015555,408,3143,3551
WBGene00015557,39,752,791
WBGene00015558,15,185,200
WBGene00015559,108,411,519
WBGene00015560,18,771,789
WBGene00015561,289,2929,3218
WBGene00015564,0,61,61
WBGene00015565,520,9674,10194
WBGene00015566,43,477,520
WBGene00015567,123,1644,1767
WBGene00015568,31,164,195
WBGene00015569,20,662,682
WBGene00015570,13,117,130
WBGene00015572,2,0,2
WBGene00015573,7,7,14
WBGene00015574,9,96,105
WBGene00015576,27,238,265
WBGene00015577,83,981,1064
WBGene00015578,1,1761,1762
WBGene00015579,0,0,0
WBGene00015580,511,2216,2727
WBGene00015581,457,6230,6687
WBGene00015582,11,139,150
WBGene00015583,6,6,12
WBGene00015586,20,304,324
WBGene00015587,1,16,17
WBGene00015588,2,35,37
WBGene00015589,0,29,29
WBGene00015590,19,374,393
WBGene00015591,24,819,843
WBGene00015592,95,32,127
WBGene00015593,8,110,118
WBGene00015595,3,0,3
WBGene00015598,0,8,8
WBGene00015599,0,0,0
WBGene00015600,0,0,0
WBGene00015601,69,15,84
WBGene00015602,0,4,4
WBGene00015604,0,2,2
WBGene00015605,286,4701,4987
WBGene00015606,40,4,44
WBGene00015607,1,2,3
WBGene00015608,14,835,849
WBGene00015609,25,1367,1392
WBGene00015610,0,6,6
WBGene00015611,4,658,662
WBGene00015613,0,20,20
WBGene00015615,0,178,178
WBGene00015618,46,106,152
WBGene00015619,864,7662,8526
WBGene00015620,55,787,842
WBGene00015621,115,1438,1553
WBGene00015622,24,75,99
WBGene00015623,311,8819,9130
WBGene00015624,18,412,430
WBGene00015625,40,308,348
WBGene00015626,25,168,193
WBGene00015627,0,0,0
WBGene00015628,2,2,4
WBGene00015629,4,25,29
WBGene00015630,29,22,51
WBGene00015631,17,376,393
WBGene00015632,399,4493,4892
WBGene00015633,196,1556,1752
WBGene00015634,3,33,36
WBGene00015635,86,1146,1232
WBGene00015636,0,3,3
WBGene00015637,2,20,22
WBGene00015638,45,549,594
WBGene00015639,17,26,43
WBGene00015641,211,2438,2649
WBGene00015642,174,760,934
WBGene00015644,127,1615,1742
WBGene00015645,7,284,291
WBGene00015646,27,219,246
WBGene00015647,113,2013,2126
WBGene00015648,470,1959,2429
WBGene00015649,61,32,93
WBGene00015650,1095,4514,5609
WBGene00015651,338,463,801
WBGene00015652,3,1,4
WBGene00015653,1,4,5
WBGene00015655,0,1,1
WBGene00015656,10,3,13
WBGene00015658,498,1157,1655
WBGene00015659,0,2,2
WBGene00015660,13,325,338
WBGene00015661,0,0,0
WBGene00015662,8,11,19
WBGene00015663,4,2,6
WBGene00015664,6,159,165
WBGene00015665,6,96,102
WBGene00015666,18,99,117
WBGene00015667,5,7,12
WBGene00015668,4,19,23
WBGene00015670,99,142,241
WBGene00015671,17,1898,1915
WBGene00015672,5,69,74
WBGene00015673,61,689,750
WBGene00015674,28,517,545
WBGene00015675,45,30,75
WBGene00015676,53,5871,5924
WBGene00015677,38,300,338
WBGene00015678,749,2460,3209
WBGene00015679,21,113,134
WBGene00015680,563,4080,4643
WBGene00015681,6,8,14
WBGene00015682,18,14,32
WBGene00015683,1,22,23
WBGene00015684,277,5632,5909
WBGene00015685,3,1,4
WBGene00015686,156,225,381
WBGene00015687,213,11497,11710
WBGene00015688,0,0,0
WBGene00015689,0,11,11
WBGene00015690,4,7,11
WBGene00015691,199,1389,1588
WBGene00015692,83,429,512
WBGene00015693,57,481,538
WBGene00015694,18,18,36
WBGene00015695,145,2369,2514
WBGene00015696,1,19,20
WBGene00015697,41,371,412
WBGene00015698,0,247,247
WBGene00015700,9,69,78
WBGene00015701,28,178,206
WBGene00015702,19,2604,2623
WBGene00015703,8,3123,3131
WBGene00015704,237,731,968
WBGene00015705,7,91,98
WBGene00015706,8,590,598
WBGene00015707,3,97,100
WBGene00015708,15,144,159
WBGene00015709,54,1201,1255
WBGene00015710,23,1047,1070
WBGene00015711,5,160,165
WBGene00015712,7,18,25
WBGene00015713,132,3295,3427
WBGene00015714,16,113,129
WBGene00015715,11,1,12
WBGene00015716,46,679,725
WBGene00015718,3,0,3
WBGene00015719,0,0,0
WBGene00015720,4,38,42
WBGene00015721,0,0,0
WBGene00015722,6,4,10
WBGene00015723,6,1,7
WBGene00015724,5,0,5
WBGene00015725,5,0,5
WBGene00015726,1,0,1
WBGene00015727,0,0,0
WBGene00015728,31,437,468
WBGene00015729,19,996,1015
WBGene00015730,0,0,0
WBGene00015731,0,0,0
WBGene00015733,19,89,108
WBGene00015734,73,5263,5336
WBGene00015735,1293,3256,4549
WBGene00015736,2,39,41
WBGene00015737,0,2,2
WBGene00015738,1,4,5
WBGene00015739,89,251,340
WBGene00015740,120,1900,2020
WBGene00015741,410,3904,4314
WBGene00015742,83,742,825
WBGene00015743,148,2168,2316
WBGene00015744,154,563,717
WBGene00015745,26,455,481
WBGene00015746,47,2582,2629
WBGene00015747,117,411,528
WBGene00015748,19,411,430
WBGene00015750,31,265,296
WBGene00015751,65,183,248
WBGene00015752,139,10964,11103
WBGene00015753,56,388,444
WBGene00015754,191,2732,2923
WBGene00015755,1649,34285,35934
WBGene00015756,190,2659,2849
WBGene00015757,2,10,12
WBGene00015758,3,29,32
WBGene00015759,1882,34406,36288
WBGene00015760,2,4,6
WBGene00015762,4,3,7
WBGene00015764,27,3,30
WBGene00015765,2,10,12
WBGene00015766,11,162,173
WBGene00015767,210,2702,2912
WBGene00015768,83,570,653
WBGene00015769,16,884,900
WBGene00015770,2,12,14
WBGene00015772,1,0,1
WBGene00015773,6,9,15
WBGene00015774,5,32,37
WBGene00015775,0,23,23
WBGene00015776,158,3278,3436
WBGene00015777,71,2385,2456
WBGene00015778,27,20717,20744
WBGene00015779,303,2107,2410
WBGene00015780,21,135,156
WBGene00015781,363,3210,3573
WBGene00015782,12,288,300
WBGene00015783,71,1182,1253
WBGene00015784,10,47,57
WBGene00015785,0,1,1
WBGene00015786,127,1058,1185
WBGene00015787,64,662,726
WBGene00015788,14,190,204
WBGene00015789,11,421,432
WBGene00015790,8,1052,1060
WBGene00015791,105,12612,12717
WBGene00015792,15,62,77
WBGene00015793,57,1322,1379
WBGene00015794,35,159,194
WBGene00015795,75,607,682
WBGene00015796,760,1827,2587
WBGene00015797,16,180,196
WBGene00015798,23,185,208
WBGene00015799,11,158,169
WBGene00015800,359,1469,1828
WBGene00015801,183,1734,1917
WBGene00015802,196,1437,1633
WBGene00015803,3110,36987,40097
WBGene00015805,594,17514,18108
WBGene00015806,26,1053,1079
WBGene00015807,10,298,308
WBGene00015809,355,7545,7900
WBGene00015810,11,12345,12356
WBGene00015811,62,11124,11186
WBGene00015813,443,8069,8512
WBGene00015814,341,12299,12640
WBGene00015815,206,1025,1231
WBGene00015816,30,248,278
WBGene00015817,197,2438,2635
WBGene00015818,10,275,285
WBGene00015819,1,212,213
WBGene00015820,0,28,28
WBGene00015821,10,7,17
WBGene00015822,201,272,473
WBGene00015823,0,47309,47309
WBGene00015824,12,312,324
WBGene00015825,0,0,0
WBGene00015827,2,1,3
WBGene00015828,1,18,19
WBGene00015829,5,22,27
WBGene00015830,0,6,6
WBGene00015832,0,3,3
WBGene00015833,1,3,4
WBGene00015834,3,3,6
WBGene00015835,3,2,5
WBGene00015836,2,3,5
WBGene00015837,0,3,3
WBGene00015838,0,6,6
WBGene00015839,2,3,5
WBGene00015841,34,98,132
WBGene00015842,13,146,159
WBGene00015843,59,267,326
WBGene00015845,0,1,1
WBGene00015846,0,0,0
WBGene00015847,0,0,0
WBGene00015848,0,0,0
WBGene00015849,21,313,334
WBGene00015850,8,88,96
WBGene00015851,20,30,50
WBGene00015852,84,157,241
WBGene00015853,42,568,610
WBGene00015854,3,0,3
WBGene00015855,9,36,45
WBGene00015856,2,0,2
WBGene00015857,173,2600,2773
WBGene00015858,13,56,69
WBGene00015859,77,455,532
WBGene00015860,28,148,176
WBGene00015861,48,515,563
WBGene00015862,25,110,135
WBGene00015863,13,10,23
WBGene00015864,25,246,271
WBGene00015865,105,1851,1956
WBGene00015866,54,794,848
WBGene00015867,21,238,259
WBGene00015868,1079,3050,4129
WBGene00015869,2,2,4
WBGene00015870,4,0,4
WBGene00015871,1,1,2
WBGene00015872,0,0,0
WBGene00015873,2,1,3
WBGene00015875,4,0,4
WBGene00015877,1,4,5
WBGene00015878,1,11,12
WBGene00015879,8,10,18
WBGene00015882,4,5,9
WBGene00015883,4,3,7
WBGene00015884,2,29,31
WBGene00015885,8,901,909
WBGene00015886,1,62,63
WBGene00015887,89,5958,6047
WBGene00015888,0,0,0
WBGene00015889,24,206,230
WBGene00015890,1,127,128
WBGene00015891,11,16,27
WBGene00015892,0,0,0
WBGene00015893,1,0,1
WBGene00015894,305,8845,9150
WBGene00015895,0,0,0
WBGene00015896,0,209,209
WBGene00015897,87,592,679
WBGene00015898,7,10,17
WBGene00015899,0,0,0
WBGene00015900,45,424,469
WBGene00015901,62,534,596
WBGene00015902,19,73,92
WBGene00015903,1,4,5
WBGene00015904,2,3,5
WBGene00015905,4,5,9
WBGene00015906,6,131,137
WBGene00015907,1,2,3
WBGene00015908,10,58,68
WBGene00015909,0,1,1
WBGene00015910,4,37,41
WBGene00015911,13,19,32
WBGene00015912,1,42,43
WBGene00015913,4664,52835,57499
WBGene00015914,62,97,159
WBGene00015915,99,1667,1766
WBGene00015916,213,3647,3860
WBGene00015917,6,46,52
WBGene00015918,55,145,200
WBGene00015919,26,485,511
WBGene00015920,406,9762,10168
WBGene00015921,261,860,1121
WBGene00015922,47,775,822
WBGene00015924,8,1,9
WBGene00015925,107,225,332
WBGene00015926,700,2545,3245
WBGene00015927,234,3933,4167
WBGene00015928,106,1124,1230
WBGene00015929,8,25,33
WBGene00015930,91,2248,2339
WBGene00015931,11,65,76
WBGene00015932,19,176,195
WBGene00015933,447,7136,7583
WBGene00015934,67,964,1031
WBGene00015935,357,1455,1812
WBGene00015936,24,276,300
WBGene00015937,15,48,63
WBGene00015938,497,2765,3262
WBGene00015939,16,181,197
WBGene00015940,29,919,948
WBGene00015941,564,7406,7970
WBGene00015942,117,1692,1809
WBGene00015943,60,6805,6865
WBGene00015944,5,14,19
WBGene00015945,452,678,1130
WBGene00015946,59,691,750
WBGene00015947,427,5236,5663
WBGene00015948,177,1561,1738
WBGene00015949,90,1814,1904
WBGene00015950,20,44,64
WBGene00015951,0,1,1
WBGene00015952,19,144,163
WBGene00015953,73,287,360
WBGene00015954,1358,14677,16035
WBGene00015955,42,4384,4426
WBGene00015956,453,8142,8595
WBGene00015957,18,132,150
WBGene00015958,1,8,9
WBGene00015959,1,0,1
WBGene00015960,4,8,12
WBGene00015961,0,5,5
WBGene00015962,3,10,13
WBGene00015963,28,203,231
WBGene00015964,122,122,244
WBGene00015965,109,2358,2467
WBGene00015966,407,3637,4044
WBGene00015968,49,45,94
WBGene00015969,122,1159,1281
WBGene00015970,11,48,59
WBGene00015971,247,2235,2482
WBGene00015972,130,1115,1245
WBGene00015973,0,12,12
WBGene00015974,237,116,353
WBGene00015975,21,1182,1203
WBGene00015976,140,1493,1633
WBGene00015977,35,304,339
WBGene00015978,51,2296,2347
WBGene00015979,3,0,3
WBGene00015980,204,1560,1764
WBGene00015981,115,1326,1441
WBGene00015982,14,1,15
WBGene00015984,56,245,301
WBGene00015985,30,49,79
WBGene00015986,27,64,91
WBGene00015987,2,2,4
WBGene00015988,60,51,111
WBGene00015992,4,8,12
WBGene00015993,98,234,332
WBGene00015994,7,8,15
WBGene00015995,3,2,5
WBGene00015996,12,402,414
WBGene00015997,0,7,7
WBGene00015998,14,25,39
WBGene00015999,3,63,66
WBGene00016000,40,130,170
WBGene00016002,503,3232,3735
WBGene00016003,47,398,445
WBGene00016004,178,6365,6543
WBGene00016005,104,796,900
WBGene00016006,1169,10828,11997
WBGene00016008,36,55,91
WBGene00016009,59,3748,3807
WBGene00016010,86,47,133
WBGene00016011,1164,11171,12335
WBGene00016012,27,453,480
WBGene00016013,14,178,192
WBGene00016014,70,1943,2013
WBGene00016015,121,3854,3975
WBGene00016016,12,128,140
WBGene00016017,0,20,20
WBGene00016018,229,1699,1928
WBGene00016019,32,1220,1252
WBGene00016020,591,8066,8657
WBGene00016021,102,1490,1592
WBGene00016022,104,2679,2783
WBGene00016023,88,2213,2301
WBGene00016024,68,550,618
WBGene00016025,39,301,340
WBGene00016027,335,6970,7305
WBGene00016028,185,13850,14035
WBGene00016029,316,227,543
WBGene00016030,28,989,1017
WBGene00016032,201,210,411
WBGene00016033,75,31914,31989
WBGene00016034,22,408,430
WBGene00016037,321,60,381
WBGene00016038,0,348,348
WBGene00016039,1,120,121
WBGene00016040,4,623,627
WBGene00016041,586,263,849
WBGene00016042,45,20,65
WBGene00016043,16,10,26
WBGene00016044,479,903,1382
WBGene00016045,97,1713,1810
WBGene00016046,0,293,293
WBGene00016047,3,18,21
WBGene00016048,77,10340,10417
WBGene00016049,15,105,120
WBGene00016050,6,0,6
WBGene00016051,0,2,2
WBGene00016052,720,20992,21712
WBGene00016053,1,26,27
WBGene00016054,3,2,5
WBGene00016055,115,1735,1850
WBGene00016056,1,56,57
WBGene00016057,173,6125,6298
WBGene00016058,0,2,2
WBGene00016059,341,2173,2514
WBGene00016060,311,1904,2215
WBGene00016061,243,4730,4973
WBGene00016062,143,6807,6950
WBGene00016063,5,16,21
WBGene00016064,18,109,127
WBGene00016066,34,209,243
WBGene00016067,34,852,886
WBGene00016068,69,908,977
WBGene00016069,20,387,407
WBGene00016070,2,38,40
WBGene00016071,26,148,174
WBGene00016072,75,83,158
WBGene00016073,240,8045,8285
WBGene00016074,36,603,639
WBGene00016075,3,1,4
WBGene00016077,1,1,2
WBGene00016081,210,708,918
WBGene00016082,0,1,1
WBGene00016083,3,0,3
WBGene00016084,7,17,24
WBGene00016085,1,17,18
WBGene00016086,7,14,21
WBGene00016087,9,395,404
WBGene00016088,30,111,141
WBGene00016089,29,89,118
WBGene00016090,149,128,277
WBGene00016091,3,58,61
WBGene00016092,21,26,47
WBGene00016093,217,604,821
WBGene00016094,32,273,305
WBGene00016095,59,544,603
WBGene00016096,6,464,470
WBGene00016097,23,1655,1678
WBGene00016099,95,872,967
WBGene00016100,7,295,302
WBGene00016101,15,1098,1113
WBGene00016102,25,757,782
WBGene00016103,411,11449,11860
WBGene00016104,65,541,606
WBGene00016105,10,374,384
WBGene00016106,48,1773,1821
WBGene00016107,40,274,314
WBGene00016108,99,487,586
WBGene00016109,111,964,1075
WBGene00016110,16,168,184
WBGene00016111,25,389,414
WBGene00016112,68,455,523
WBGene00016113,54,2225,2279
WBGene00016114,141,4375,4516
WBGene00016115,2136,25005,27141
WBGene00016116,157,2645,2802
WBGene00016117,119,2952,3071
WBGene00016118,1145,24095,25240
WBGene00016119,186,3175,3361
WBGene00016120,164,1109,1273
WBGene00016121,129,1817,1946
WBGene00016123,79,917,996
WBGene00016124,71,1395,1466
WBGene00016125,3,66,69
WBGene00016126,78,711,789
WBGene00016128,22,1265,1287
WBGene00016129,167,6869,7036
WBGene00016130,2,83,85
WBGene00016131,90,690,780
WBGene00016132,3,17,20
WBGene00016133,26,882,908
WBGene00016134,423,4826,5249
WBGene00016135,29,261,290
WBGene00016136,1,8,9
WBGene00016137,0,12,12
WBGene00016138,100,1802,1902
WBGene00016139,99,938,1037
WBGene00016140,99,4315,4414
WBGene00016142,82,6005,6087
WBGene00016143,442,2356,2798
WBGene00016144,182,2699,2881
WBGene00016145,67,2699,2766
WBGene00016146,26,901,927
WBGene00016147,17,156,173
WBGene00016148,169,1639,1808
WBGene00016149,26,245,271
WBGene00016150,32,1811,1843
WBGene00016151,154,2137,2291
WBGene00016152,25,333,358
WBGene00016153,1,146,147
WBGene00016154,178,1801,1979
WBGene00016155,8,172,180
WBGene00016156,17,625,642
WBGene00016157,78,1804,1882
WBGene00016158,153,2075,2228
WBGene00016159,106,699,805
WBGene00016160,13,5,18
WBGene00016161,6,4,10
WBGene00016162,572,5620,6192
WBGene00016163,7,113,120
WBGene00016164,0,40,40
WBGene00016165,130,375,505
WBGene00016166,125,3234,3359
WBGene00016167,19,1766,1785
WBGene00016168,1,3,4
WBGene00016169,97,521,618
WBGene00016170,181,3392,3573
WBGene00016171,162,1644,1806
WBGene00016172,734,3305,4039
WBGene00016173,683,11428,12111
WBGene00016174,37,344,381
WBGene00016175,73,243,316
WBGene00016177,11,21,32
WBGene00016178,13,265,278
WBGene00016179,1,12,13
WBGene00016180,20,3294,3314
WBGene00016181,15,110,125
WBGene00016182,39,841,880
WBGene00016183,3,2,5
WBGene00016184,186,1246,1432
WBGene00016185,4,9,13
WBGene00016187,6,84,90
WBGene00016188,151,1943,2094
WBGene00016189,6,81,87
WBGene00016190,4,1956,1960
WBGene00016191,58,582,640
WBGene00016192,14,2179,2193
WBGene00016193,72,61,133
WBGene00016194,135,14087,14222
WBGene00016195,10,6508,6518
WBGene00016196,5,7,12
WBGene00016197,794,5660,6454
WBGene00016198,8,21,29
WBGene00016199,15,106,121
WBGene00016200,98,2154,2252
WBGene00016201,58,2740,2798
WBGene00016202,52,1916,1968
WBGene00016203,307,1533,1840
WBGene00016204,124,5062,5186
WBGene00016206,22,33,55
WBGene00016207,54,486,540
WBGene00016208,12,925,937
WBGene00016209,422,8602,9024
WBGene00016210,342,10335,10677
WBGene00016212,49,688,737
WBGene00016213,13,0,13
WBGene00016215,21,1271,1292
WBGene00016216,41,846,887
WBGene00016217,39,951,990
WBGene00016218,45,558,603
WBGene00016219,169,840,1009
WBGene00016220,0,7,7
WBGene00016221,67,1006,1073
WBGene00016222,26,1,27
WBGene00016223,0,0,0
WBGene00016226,7,35,42
WBGene00016227,0,56,56
WBGene00016231,3,21,24
WBGene00016232,4,38,42
WBGene00016233,7,19,26
WBGene00016234,70,533,603
WBGene00016235,6,5548,5554
WBGene00016236,19,258,277
WBGene00016237,68,1545,1613
WBGene00016238,20,2384,2404
WBGene00016239,6,158,164
WBGene00016242,22,244,266
WBGene00016244,271,4462,4733
WBGene00016245,44,1958,2002
WBGene00016246,62,424,486
WBGene00016247,16,89,105
WBGene00016248,36,717,753
WBGene00016249,333,4935,5268
WBGene00016250,167,19151,19318
WBGene00016251,13,67,80
WBGene00016252,1,7,8
WBGene00016253,10,1,11
WBGene00016254,0,76,76
WBGene00016257,15,11,26
WBGene00016258,228,20269,20497
WBGene00016259,29,126,155
WBGene00016260,130,1639,1769
WBGene00016261,84,1498,1582
WBGene00016262,29,208,237
WBGene00016263,5,102,107
WBGene00016264,867,5666,6533
WBGene00016265,82,1574,1656
WBGene00016266,945,6893,7838
WBGene00016268,9,35,44
WBGene00016269,1006,6467,7473
WBGene00016271,43285,5,43290
WBGene00016273,27,359,386
WBGene00016274,40,1656,1696
WBGene00016275,25,274,299
WBGene00016276,17,246,263
WBGene00016277,41,269,310
WBGene00016278,242,2361,2603
WBGene00016279,7,35,42
WBGene00016281,4,6,10
WBGene00016282,20,342,362
WBGene00016283,51,398,449
WBGene00016284,4,0,4
WBGene00016285,6,0,6
WBGene00016286,3,12,15
WBGene00016287,5,24,29
WBGene00016288,8,33,41
WBGene00016289,4849,17311,22160
WBGene00016291,16,119,135
WBGene00016292,349,2299,2648
WBGene00016293,187,1948,2135
WBGene00016294,118,463,581
WBGene00016295,50,353,403
WBGene00016297,0,5,5
WBGene00016298,2,12,14
WBGene00016299,8,0,8
WBGene00016300,13,2,15
WBGene00016302,6,12,18
WBGene00016303,1,62,63
WBGene00016306,2,1,3
WBGene00016307,0,1,1
WBGene00016308,2,22,24
WBGene00016309,3,3,6
WBGene00016310,89,1243,1332
WBGene00016311,93,2610,2703
WBGene00016312,19,88,107
WBGene00016313,31,1179,1210
WBGene00016314,41,887,928
WBGene00016315,113,1471,1584
WBGene00016316,357,10861,11218
WBGene00016317,36,1009,1045
WBGene00016318,161,1761,1922
WBGene00016319,26,551,577
WBGene00016320,2,8,10
WBGene00016321,596,5543,6139
WBGene00016322,3,9,12
WBGene00016323,207,2111,2318
WBGene00016324,41,207,248
WBGene00016325,173,2711,2884
WBGene00016326,259,3946,4205
WBGene00016327,3,1,4
WBGene00016328,36,213,249
WBGene00016329,9,53,62
WBGene00016330,244,1631,1875
WBGene00016331,242,3661,3903
WBGene00016332,101,2157,2258
WBGene00016333,851,12060,12911
WBGene00016334,14,3,17
WBGene00016335,111,917,1028
WBGene00016336,1,3,4
WBGene00016337,0,3,3
WBGene00016339,3,2,5
WBGene00016340,87,458,545
WBGene00016341,18,1166,1184
WBGene00016342,19,2185,2204
WBGene00016343,277,1498,1775
WBGene00016344,39,252,291
WBGene00016345,5,447,452
WBGene00016346,1,84,85
WBGene00016347,23,2,25
WBGene00016348,1,10,11
WBGene00016349,1,80,81
WBGene00016350,0,5,5
WBGene00016351,1,0,1
WBGene00016352,49,553,602
WBGene00016353,0,140,140
WBGene00016354,631,2582,3213
WBGene00016355,114,886,1000
WBGene00016356,1,19,20
WBGene00016357,1,0,1
WBGene00016358,2,0,2
WBGene00016359,2,454,456
WBGene00016360,22,299,321
WBGene00016361,5,32,37
WBGene00016362,91,14096,14187
WBGene00016363,45,203,248
WBGene00016364,80,471,551
WBGene00016365,16,201,217
WBGene00016366,17,203,220
WBGene00016367,27,324,351
WBGene00016368,32,162,194
WBGene00016369,0,6,6
WBGene00016370,1,3,4
WBGene00016371,8,4,12
WBGene00016373,16,203,219
WBGene00016374,122,2602,2724
WBGene00016375,5,1106,1111
WBGene00016376,21,1466,1487
WBGene00016378,265,2433,2698
WBGene00016379,414,15247,15661
WBGene00016380,60,1743,1803
WBGene00016381,28,648,676
WBGene00016382,0,4,4
WBGene00016383,55,1430,1485
WBGene00016384,311,4117,4428
WBGene00016386,103,102,205
WBGene00016387,39,1013,1052
WBGene00016388,2,0,2
WBGene00016389,0,10,10
WBGene00016390,42,1267,1309
WBGene00016391,289,5473,5762
WBGene00016392,24,1059,1083
WBGene00016393,498,27937,28435
WBGene00016394,146,207,353
WBGene00016395,1072,13104,14176
WBGene00016396,561,1235,1796
WBGene00016397,72,403,475
WBGene00016398,3,15,18
WBGene00016399,3,3,6
WBGene00016400,142,2417,2559
WBGene00016402,15,99,114
WBGene00016403,365,1171,1536
WBGene00016404,134,1191,1325
WBGene00016405,390,9096,9486
WBGene00016406,104,1400,1504
WBGene00016407,1483,2531,4014
WBGene00016408,117,2338,2455
WBGene00016409,140,1686,1826
WBGene00016410,14,47,61
WBGene00016411,83,3997,4080
WBGene00016412,72,3327,3399
WBGene00016413,1,0,1
WBGene00016414,1,1,2
WBGene00016415,815,10245,11060
WBGene00016416,19,249,268
WBGene00016417,135,1300,1435
WBGene00016418,228,1157,1385
WBGene00016419,69,1006,1075
WBGene00016420,7,12,19
WBGene00016421,19,257,276
WBGene00016422,16,2793,2809
WBGene00016423,96,741,837
WBGene00016424,101,673,774
WBGene00016425,5,561,566
WBGene00016427,799,519,1318
WBGene00016428,61,813,874
WBGene00016429,5,121,126
WBGene00016430,6,0,6
WBGene00016431,158,1353,1511
WBGene00016432,2131,3110,5241
WBGene00016433,0,2,2
WBGene00016434,0,8,8
WBGene00016435,495,12359,12854
WBGene00016436,19,519,538
WBGene00016437,47,14,61
WBGene00016438,116,1306,1422
WBGene00016439,117,2806,2923
WBGene00016440,0,80,80
WBGene00016441,6,34,40
WBGene00016442,29,2860,2889
WBGene00016443,107,1236,1343
WBGene00016444,134,976,1110
WBGene00016445,39,191,230
WBGene00016446,57,2875,2932
WBGene00016447,0,0,0
WBGene00016448,77,806,883
WBGene00016449,19,3358,3377
WBGene00016450,11,1233,1244
WBGene00016451,1,21,22
WBGene00016452,155,1860,2015
WBGene00016453,3,279,282
WBGene00016454,81,1103,1184
WBGene00016455,2,30,32
WBGene00016456,19,2614,2633
WBGene00016457,2,106,108
WBGene00016458,116,2308,2424
WBGene00016459,3,12,15
WBGene00016460,20,121,141
WBGene00016461,24,62,86
WBGene00016462,13,54,67
WBGene00016463,23,1898,1921
WBGene00016464,6,34,40
WBGene00016465,6,42,48
WBGene00016466,16,205,221
WBGene00016467,26,470,496
WBGene00016468,28,66,94
WBGene00016469,80,2190,2270
WBGene00016471,9,16,25
WBGene00016472,0,3,3
WBGene00016473,0,3,3
WBGene00016474,2,6,8
WBGene00016475,4,15,19
WBGene00016476,6,4,10
WBGene00016477,10,33,43
WBGene00016479,1,0,1
WBGene00016480,10,24,34
WBGene00016481,0,3,3
WBGene00016483,3,1,4
WBGene00016484,1,2,3
WBGene00016485,4,5,9
WBGene00016486,1,7,8
WBGene00016487,4,1,5
WBGene00016488,52,131,183
WBGene00016489,268,2855,3123
WBGene00016490,130,1209,1339
WBGene00016491,18,32,50
WBGene00016492,43,385,428
WBGene00016493,32350,241277,273627
WBGene00016494,337,5236,5573
WBGene00016495,10,1281,1291
WBGene00016496,620,15574,16194
WBGene00016497,8,105,113
WBGene00016499,72,332,404
WBGene00016500,74,1981,2055
WBGene00016501,32,1021,1053
WBGene00016502,15,1796,1811
WBGene00016503,14,302,316
WBGene00016504,24,3113,3137
WBGene00016505,23,2010,2033
WBGene00016506,90,1174,1264
WBGene00016507,256,2681,2937
WBGene00016508,500,6670,7170
WBGene00016509,282,15248,15530
WBGene00016511,433,6242,6675
WBGene00016512,15,17,32
WBGene00016513,36,2245,2281
WBGene00016514,69,228,297
WBGene00016517,2,113,115
WBGene00016518,89,43,132
WBGene00016519,4,12,16
WBGene00016520,1187,182,1369
WBGene00016521,3,25,28
WBGene00016522,37,487,524
WBGene00016523,5,19,24
WBGene00016524,153,833,986
WBGene00016525,7,54,61
WBGene00016527,5,12,17
WBGene00016528,3,0,3
WBGene00016529,0,4,4
WBGene00016530,140,2119,2259
WBGene00016531,215,2183,2398
WBGene00016532,51,742,793
WBGene00016533,155,2271,2426
WBGene00016534,9,51,60
WBGene00016535,9,1766,1775
WBGene00016537,0,10,10
WBGene00016538,89,795,884
WBGene00016539,489,1689,2178
WBGene00016540,130,427,557
WBGene00016541,1,10,11
WBGene00016542,244,2841,3085
WBGene00016543,10,33,43
WBGene00016544,23,285,308
WBGene00016545,14,49,63
WBGene00016546,14,90,104
WBGene00016547,5,135,140
WBGene00016548,1,2,3
WBGene00016549,5,137,142
WBGene00016550,4,4,8
WBGene00016551,0,16,16
WBGene00016554,1,8,9
WBGene00016555,11,615,626
WBGene00016556,2,22,24
WBGene00016557,0,5,5
WBGene00016558,24,184,208
WBGene00016559,40,399,439
WBGene00016561,850,2169,3019
WBGene00016562,2135,7793,9928
WBGene00016564,28,697,725
WBGene00016565,0,51,51
WBGene00016566,121,1061,1182
WBGene00016567,5,367,372
WBGene00016568,122,514,636
WBGene00016570,83,580,663
WBGene00016571,38,51,89
WBGene00016572,6,2,8
WBGene00016573,5,453,458
WBGene00016574,17,787,804
WBGene00016575,0,373,373
WBGene00016576,5,729,734
WBGene00016577,2,19,21
WBGene00016578,0,3,3
WBGene00016579,47,256,303
WBGene00016580,89,262,351
WBGene00016581,5,53,58
WBGene00016582,39,1076,1115
WBGene00016583,22,2542,2564
WBGene00016585,67,397,464
WBGene00016586,3,209,212
WBGene00016587,6,11,17
WBGene00016588,469,3540,4009
WBGene00016589,77,1220,1297
WBGene00016590,127,1220,1347
WBGene00016591,29,1877,1906
WBGene00016592,57,453,510
WBGene00016594,204,17842,18046
WBGene00016595,12,190,202
WBGene00016596,7,587,594
WBGene00016597,2,18,20
WBGene00016598,2,31,33
WBGene00016599,128,830,958
WBGene00016600,47,246,293
WBGene00016601,300,6742,7042
WBGene00016602,49,693,742
WBGene00016603,670,5933,6603
WBGene00016605,4,40,44
WBGene00016606,230,1975,2205
WBGene00016607,293,5818,6111
WBGene00016608,79,1195,1274
WBGene00016609,87,456,543
WBGene00016610,377,2649,3026
WBGene00016611,711,8191,8902
WBGene00016612,6,53,59
WBGene00016613,141,1334,1475
WBGene00016614,116,1143,1259
WBGene00016616,23,1337,1360
WBGene00016617,67,851,918
WBGene00016619,12,110,122
WBGene00016620,86,1273,1359
WBGene00016621,71,743,814
WBGene00016622,36,2157,2193
WBGene00016623,63,824,887
WBGene00016624,587,2656,3243
WBGene00016625,14,131,145
WBGene00016626,74,1650,1724
WBGene00016627,3,5,8
WBGene00016628,187,953,1140
WBGene00016629,221,3952,4173
WBGene00016630,494,42275,42769
WBGene00016631,137,1932,2069
WBGene00016632,59,426,485
WBGene00016633,18,198,216
WBGene00016634,187,1582,1769
WBGene00016635,42,7836,7878
WBGene00016636,2,5,7
WBGene00016637,26,102,128
WBGene00016638,1,8,9
WBGene00016639,80,98,178
WBGene00016641,53,1950,2003
WBGene00016642,52,888,940
WBGene00016643,130,2021,2151
WBGene00016644,31,2697,2728
WBGene00016645,80,2356,2436
WBGene00016646,0,0,0
WBGene00016647,0,0,0
WBGene00016648,0,0,0
WBGene00016649,0,0,0
WBGene00016650,900,13971,14871
WBGene00016652,76,567,643
WBGene00016653,113,21103,21216
WBGene00016654,314,772,1086
WBGene00016655,914,16257,17171
WBGene00016657,35,263,298
WBGene00016658,1,5,6
WBGene00016659,23,1056,1079
WBGene00016660,0,13,13
WBGene00016661,159,1637,1796
WBGene00016662,1,15,16
WBGene00016663,98,1333,1431
WBGene00016664,31,1292,1323
WBGene00016665,2,23,25
WBGene00016667,100,1947,2047
WBGene00016668,1,0,1
WBGene00016669,2,20,22
WBGene00016670,8,8,16
WBGene00016671,9,431,440
WBGene00016673,1,11,12
WBGene00016674,39,1470,1509
WBGene00016675,0,6,6
WBGene00016676,31,1859,1890
WBGene00016677,1088,28939,30027
WBGene00016678,195,1454,1649
WBGene00016679,7,183,190
WBGene00016680,0,0,0
WBGene00016681,4,2,6
WBGene00016682,171,596,767
WBGene00016683,70,121,191
WBGene00016684,54,4061,4115
WBGene00016685,2,2,4
WBGene00016686,3,6,9
WBGene00016687,3,5,8
WBGene00016689,0,1,1
WBGene00016690,0,1,1
WBGene00016691,4,0,4
WBGene00016692,1,3,4
WBGene00016693,6,1,7
WBGene00016694,0,3,3
WBGene00016695,1,9,10
WBGene00016696,9,42,51
WBGene00016697,4,18,22
WBGene00016698,8,14,22
WBGene00016699,1,42,43
WBGene00016700,26,30,56
WBGene00016701,7,147,154
WBGene00016702,78,1058,1136
WBGene00016703,30,813,843
WBGene00016704,98,1013,1111
WBGene00016705,115,747,862
WBGene00016706,103,5499,5602
WBGene00016707,2,13,15
WBGene00016708,0,0,0
WBGene00016709,0,2,2
WBGene00016710,32,944,976
WBGene00016711,4,138,142
WBGene00016712,1,2,3
WBGene00016713,2,0,2
WBGene00016714,35,593,628
WBGene00016716,1864,8234,10098
WBGene00016717,15,342,357
WBGene00016718,1,5,6
WBGene00016719,4,139,143
WBGene00016720,0,4,4
WBGene00016721,788,12228,13016
WBGene00016722,3055,10867,13922
WBGene00016724,18,121,139
WBGene00016725,301,783,1084
WBGene00016727,7,2,9
WBGene00016728,41,1075,1116
WBGene00016729,3,50,53
WBGene00016730,36,117,153
WBGene00016731,18,366,384
WBGene00016732,5,236,241
WBGene00016733,64,1544,1608
WBGene00016734,58,1715,1773
WBGene00016735,152,2550,2702
WBGene00016736,1,4,5
WBGene00016738,1,1370,1371
WBGene00016739,579,11008,11587
WBGene00016740,46,1756,1802
WBGene00016741,55,987,1042
WBGene00016742,24,20,44
WBGene00016743,14,6,20
WBGene00016744,96,472,568
WBGene00016745,8,179,187
WBGene00016746,536,11703,12239
WBGene00016747,32,234,266
WBGene00016748,71,284,355
WBGene00016749,223,3995,4218
WBGene00016750,78,1921,1999
WBGene00016751,247,1518,1765
WBGene00016752,0,18,18
WBGene00016753,2,2,4
WBGene00016754,324,4756,5080
WBGene00016755,13,87,100
WBGene00016756,50,254,304
WBGene00016757,228,1941,2169
WBGene00016758,143,1637,1780
WBGene00016759,44,1272,1316
WBGene00016760,51,1017,1068
WBGene00016761,39,338,377
WBGene00016762,55,1017,1072
WBGene00016763,257,9105,9362
WBGene00016764,104,891,995
WBGene00016765,11,22,33
WBGene00016766,10,677,687
WBGene00016767,7,317,324
WBGene00016768,114,907,1021
WBGene00016769,384,4227,4611
WBGene00016770,3,2,5
WBGene00016772,2,50,52
WBGene00016773,5,1,6
WBGene00016775,0,0,0
WBGene00016776,2,0,2
WBGene00016777,1,1,2
WBGene00016778,8,0,8
WBGene00016779,2,2,4
WBGene00016781,52,35915,35967
WBGene00016782,0,415,415
WBGene00016783,31,135,166
WBGene00016785,37,135,172
WBGene00016786,1,53,54
WBGene00016788,762,3941,4703
WBGene00016789,3,34,37
WBGene00016790,817,19122,19939
WBGene00016791,51,787,838
WBGene00016792,273,2344,2617
WBGene00016793,84,2246,2330
WBGene00016794,117,1563,1680
WBGene00016795,4,35,39
WBGene00016796,119,478,597
WBGene00016797,185,223,408
WBGene00016798,1,3,4
WBGene00016799,41,343,384
WBGene00016800,9,120,129
WBGene00016801,46,1997,2043
WBGene00016803,17,2375,2392
WBGene00016804,0,15,15
WBGene00016805,8,146,154
WBGene00016806,3,443,446
WBGene00016807,5,2,7
WBGene00016808,89,6259,6348
WBGene00016809,92,1085,1177
WBGene00016810,32,1275,1307
WBGene00016811,89,900,989
WBGene00016812,105,1194,1299
WBGene00016813,4,7,11
WBGene00016814,0,2,2
WBGene00016815,10,1,11
WBGene00016816,129,830,959
WBGene00016817,100,1040,1140
WBGene00016818,28,32,60
WBGene00016819,0,0,0
WBGene00016820,4,69,73
WBGene00016821,3,5,8
WBGene00016822,3,13,16
WBGene00016823,2,0,2
WBGene00016824,1,10,11
WBGene00016825,2,11,13
WBGene00016826,24,2,26
WBGene00016827,1,8,9
WBGene00016828,28,24,52
WBGene00016829,2,1,3
WBGene00016830,0,8,8
WBGene00016831,5,6,11
WBGene00016832,1,17,18
WBGene00016833,5,19,24
WBGene00016834,4,5,9
WBGene00016835,101,186,287
WBGene00016836,239,1906,2145
WBGene00016837,132,4017,4149
WBGene00016838,944,2846,3790
WBGene00016839,1,12,13
WBGene00016840,236,1978,2214
WBGene00016841,139,1591,1730
WBGene00016842,4,275,279
WBGene00016843,2,6,8
WBGene00016844,131,4273,4404
WBGene00016845,23,2188,2211
WBGene00016846,144,1355,1499
WBGene00016847,5,22,27
WBGene00016848,92,1545,1637
WBGene00016849,29,398,427
WBGene00016850,0,103,103
WBGene00016852,0,20,20
WBGene00016853,1,6,7
WBGene00016855,5,364,369
WBGene00016856,8,11,19
WBGene00016857,1,1,2
WBGene00016858,8,25,33
WBGene00016859,0,4,4
WBGene00016860,103,1019,1122
WBGene00016862,238,1845,2083
WBGene00016863,6,94,100
WBGene00016864,5,5,10
WBGene00016865,1217,2303,3520
WBGene00016866,221,952,1173
WBGene00016867,75,1994,2069
WBGene00016868,58,3226,3284
WBGene00016869,3,140,143
WBGene00016870,37,102,139
WBGene00016871,485,1793,2278
WBGene00016872,18,270,288
WBGene00016873,86,2,88
WBGene00016874,82,1009,1091
WBGene00016877,526,1109,1635
WBGene00016879,211,1879,2090
WBGene00016880,2,8,10
WBGene00016881,1,2,3
WBGene00016882,1,1,2
WBGene00016883,16,184,200
WBGene00016884,1,131,132
WBGene00016885,0,0,0
WBGene00016886,0,1,1
WBGene00016888,537,6758,7295
WBGene00016889,351,3797,4148
WBGene00016890,47,203,250
WBGene00016891,9,61,70
WBGene00016892,100,8228,8328
WBGene00016893,5,31,36
WBGene00016894,52,15957,16009
WBGene00016895,0,0,0
WBGene00016896,65,379,444
WBGene00016898,883,11459,12342
WBGene00016899,28,134,162
WBGene00016900,285,758,1043
WBGene00016901,0,4,4
WBGene00016902,613,1518,2131
WBGene00016903,73,1075,1148
WBGene00016904,4,4,8
WBGene00016905,192,1461,1653
WBGene00016906,169,1985,2154
WBGene00016907,14,8384,8398
WBGene00016909,72,285,357
WBGene00016910,3,0,3
WBGene00016911,75,1886,1961
WBGene00016912,2,365,367
WBGene00016913,139,6163,6302
WBGene00016914,12,263,275
WBGene00016915,10,31,41
WBGene00016916,29,1212,1241
WBGene00016917,14,142,156
WBGene00016918,1462,11161,12623
WBGene00016919,889,4674,5563
WBGene00016920,62,526,588
WBGene00016921,11,156,167
WBGene00016922,5,11,16
WBGene00016923,75,892,967
WBGene00016924,166,354,520
WBGene00016925,8,67,75
WBGene00016926,3,50,53
WBGene00016927,4,33,37
WBGene00016928,32,77,109
WBGene00016929,1,18,19
WBGene00016930,64,318,382
WBGene00016931,18,78,96
WBGene00016932,130,158,288
WBGene00016933,1,54,55
WBGene00016934,117,5736,5853
WBGene00016935,83,517,600
WBGene00016937,51,957,1008
WBGene00016938,48,145,193
WBGene00016939,53,536,589
WBGene00016940,5,0,5
WBGene00016941,9,7,16
WBGene00016942,153,1463,1616
WBGene00016943,4431,96111,100542
WBGene00016944,64,1530,1594
WBGene00016945,65,259,324
WBGene00016946,2,10,12
WBGene00016947,18,301,319
WBGene00016948,2,9,11
WBGene00016949,0,2,2
WBGene00016950,4,0,4
WBGene00016951,40,132,172
WBGene00016953,16,64,80
WBGene00016954,1,2,3
WBGene00016955,185,1064,1249
WBGene00016956,12,29,41
WBGene00016957,817,2386,3203
WBGene00016958,298,2491,2789
WBGene00016959,1,2,3
WBGene00016960,74,693,767
WBGene00016961,620,9965,10585
WBGene00016962,5,347,352
WBGene00016963,6,12,18
WBGene00016964,170,1688,1858
WBGene00016965,44,507,551
WBGene00016966,76,1058,1134
WBGene00016967,10,1479,1489
WBGene00016968,47,543,590
WBGene00016970,237,512,749
WBGene00016971,26,1094,1120
WBGene00016972,9,67,76
WBGene00016973,18,142,160
WBGene00016974,26,376,402
WBGene00016975,386,2768,3154
WBGene00016976,253,403,656
WBGene00016977,2323,18509,20832
WBGene00016978,91,1341,1432
WBGene00016979,42,894,936
WBGene00016980,5,17,22
WBGene00016981,84,4586,4670
WBGene00016982,41,458,499
WBGene00016983,28,754,782
WBGene00016984,342,390,732
WBGene00016985,4,5,9
WBGene00016987,53,4522,4575
WBGene00016988,248,3335,3583
WBGene00016989,152,2186,2338
WBGene00016990,56,2657,2713
WBGene00016991,43,19,62
WBGene00016992,29,788,817
WBGene00016993,54,439,493
WBGene00016995,63,2780,2843
WBGene00016996,104,929,1033
WBGene00016997,55,13020,13075
WBGene00016998,92,1446,1538
WBGene00016999,16,111,127
WBGene00017000,38,430,468
WBGene00017001,10,76,86
WBGene00017002,4,431,435
WBGene00017003,22,987,1009
WBGene00017004,85,2849,2934
WBGene00017005,2,319,321
WBGene00017006,8,3,11
WBGene00017007,119,627,746
WBGene00017009,18,186,204
WBGene00017010,59,757,816
WBGene00017011,14,1462,1476
WBGene00017012,376,3021,3397
WBGene00017013,48,508,556
WBGene00017014,22,308,330
WBGene00017015,213,170,383
WBGene00017016,2491,6433,8924
WBGene00017017,196,1613,1809
WBGene00017018,45,1536,1581
WBGene00017019,3,0,3
WBGene00017020,10,63,73
WBGene00017021,0,6,6
WBGene00017022,18,179,197
WBGene00017023,23,6042,6065
WBGene00017024,10,55,65
WBGene00017025,168,2293,2461
WBGene00017026,12,5,17
WBGene00017027,51,925,976
WBGene00017028,102,499,601
WBGene00017029,0,3,3
WBGene00017030,4,3,7
WBGene00017031,115,1222,1337
WBGene00017032,6,209,215
WBGene00017033,26,356,382
WBGene00017034,12,42,54
WBGene00017036,42,686,728
WBGene00017037,241,1989,2230
WBGene00017038,274,296,570
WBGene00017039,150,502,652
WBGene00017040,54,72,126
WBGene00017041,103,532,635
WBGene00017042,83,695,778
WBGene00017044,130,5354,5484
WBGene00017045,337,3500,3837
WBGene00017046,90,1099,1189
WBGene00017048,195,1318,1513
WBGene00017050,33,66,99
WBGene00017051,25,212,237
WBGene00017052,3,18,21
WBGene00017053,171,1403,1574
WBGene00017054,105,2078,2183
WBGene00017055,0,0,0
WBGene00017056,1,0,1
WBGene00017057,0,0,0
WBGene00017058,0,0,0
WBGene00017059,0,2,2
WBGene00017060,265,34051,34316
WBGene00017061,32,36,68
WBGene00017062,161,2131,2292
WBGene00017063,118,487,605
WBGene00017064,60,2384,2444
WBGene00017065,745,20320,21065
WBGene00017066,465,3089,3554
WBGene00017067,280,1172,1452
WBGene00017068,59,3032,3091
WBGene00017069,58,278,336
WBGene00017070,70,4048,4118
WBGene00017071,302,2161,2463
WBGene00017072,47,148,195
WBGene00017073,27,318,345
WBGene00017074,52,834,886
WBGene00017075,268,60877,61145
WBGene00017076,195,1507,1702
WBGene00017077,208,272,480
WBGene00017078,14,199,213
WBGene00017079,33,818,851
WBGene00017080,694,1837,2531
WBGene00017082,110,4486,4596
WBGene00017083,32,128,160
WBGene00017084,700,2343,3043
WBGene00017085,306,5330,5636
WBGene00017087,58,669,727
WBGene00017088,304,4563,4867
WBGene00017089,5,180,185
WBGene00017090,4,0,4
WBGene00017091,9,81,90
WBGene00017092,22,228,250
WBGene00017093,20,294,314
WBGene00017094,0,3,3
WBGene00017095,28,77,105
WBGene00017096,0,8,8
WBGene00017097,61,6,67
WBGene00017098,548,9411,9959
WBGene00017099,0,7,7
WBGene00017100,23,254,277
WBGene00017101,119,1593,1712
WBGene00017102,55,340,395
WBGene00017103,7,201,208
WBGene00017104,79,2,81
WBGene00017105,3,1,4
WBGene00017106,2,10,12
WBGene00017107,3,85,88
WBGene00017108,80,897,977
WBGene00017109,2,0,2
WBGene00017110,2,2,4
WBGene00017111,4,4,8
WBGene00017112,2,7,9
WBGene00017113,10,48,58
WBGene00017114,2,0,2
WBGene00017115,1,2,3
WBGene00017116,0,11,11
WBGene00017119,252,14103,14355
WBGene00017120,53,265,318
WBGene00017121,3533,171564,175097
WBGene00017122,36,110,146
WBGene00017123,239,5895,6134
WBGene00017124,65,464,529
WBGene00017125,172,3254,3426
WBGene00017126,65,1040,1105
WBGene00017127,538,5429,5967
WBGene00017128,173,2713,2886
WBGene00017129,25,202,227
WBGene00017130,2,0,2
WBGene00017131,1,178,179
WBGene00017132,257,2989,3246
WBGene00017133,23,198,221
WBGene00017134,4,169,173
WBGene00017135,0,34,34
WBGene00017136,31,482,513
WBGene00017137,16,1314,1330
WBGene00017138,183,3501,3684
WBGene00017139,6,7,13
WBGene00017140,0,12,12
WBGene00017141,1,36,37
WBGene00017142,18,579,597
WBGene00017143,2,63,65
WBGene00017144,80,1576,1656
WBGene00017146,76,170,246
WBGene00017147,50,652,702
WBGene00017148,2,46,48
WBGene00017149,555,27004,27559
WBGene00017150,11,625,636
WBGene00017151,75,468,543
WBGene00017152,0,1,1
WBGene00017153,0,101,101
WBGene00017154,109,4414,4523
WBGene00017156,196,252,448
WBGene00017157,296,779,1075
WBGene00017158,91,2297,2388
WBGene00017159,424,4852,5276
WBGene00017160,207,3186,3393
WBGene00017161,236,2797,3033
WBGene00017162,208,4016,4224
WBGene00017163,423,7255,7678
WBGene00017164,40,557,597
WBGene00017165,376,1587,1963
WBGene00017166,1229,45954,47183
WBGene00017168,1,44,45
WBGene00017169,44,3076,3120
WBGene00017170,72,151,223
WBGene00017172,1,0,1
WBGene00017173,9,7,16
WBGene00017174,4,96,100
WBGene00017175,4,4,8
WBGene00017176,25,253,278
WBGene00017177,2,3,5
WBGene00017178,45,791,836
WBGene00017179,1,11,12
WBGene00017180,132,770,902
WBGene00017181,7,0,7
WBGene00017182,1,0,1
WBGene00017183,1,2,3
WBGene00017184,475,8581,9056
WBGene00017185,0,0,0
WBGene00017186,0,0,0
WBGene00017188,0,0,0
WBGene00017189,13,9,22
WBGene00017190,0,133,133
WBGene00017191,0,0,0
WBGene00017192,22,8,30
WBGene00017193,232,4460,4692
WBGene00017194,39,258,297
WBGene00017195,92,1373,1465
WBGene00017197,57,1708,1765
WBGene00017198,382,426,808
WBGene00017199,16,255,271
WBGene00017200,1,19,20
WBGene00017201,190,5818,6008
WBGene00017203,0,1,1
WBGene00017204,0,10,10
WBGene00017205,1,8,9
WBGene00017207,1,2,3
WBGene00017208,0,10,10
WBGene00017209,99,1,100
WBGene00017210,547,7255,7802
WBGene00017211,12,23,35
WBGene00017212,0,0,0
WBGene00017213,2,0,2
WBGene00017214,12,4,16
WBGene00017215,4,5,9
WBGene00017216,16,163,179
WBGene00017217,189,3105,3294
WBGene00017218,4,15,19
WBGene00017219,36,558,594
WBGene00017220,176,3733,3909
WBGene00017221,11,0,11
WBGene00017222,1,0,1
WBGene00017223,0,1,1
WBGene00017224,0,0,0
WBGene00017225,0,26,26
WBGene00017226,23,335,358
WBGene00017227,0,2,2
WBGene00017228,21,77,98
WBGene00017229,1,17,18
WBGene00017230,2,4,6
WBGene00017231,23,4,27
WBGene00017233,6,28,34
WBGene00017236,16,289,305
WBGene00017237,80,1138,1218
WBGene00017238,117,5928,6045
WBGene00017239,176,1345,1521
WBGene00017240,100,1962,2062
WBGene00017241,431,6201,6632
WBGene00017243,9,90,99
WBGene00017244,576,6462,7038
WBGene00017245,345,3989,4334
WBGene00017246,765,8118,8883
WBGene00017247,584,4709,5293
WBGene00017248,2,0,2
WBGene00017249,17,8,25
WBGene00017250,23,261,284
WBGene00017251,2,1,3
WBGene00017252,1,3,4
WBGene00017253,0,2,2
WBGene00017254,0,21,21
WBGene00017255,34,195,229
WBGene00017257,8,576,584
WBGene00017258,12,50,62
WBGene00017259,4,28,32
WBGene00017260,101,706,807
WBGene00017261,91,1622,1713
WBGene00017262,331,3397,3728
WBGene00017263,5,16,21
WBGene00017264,4,1,5
WBGene00017265,10,175,185
WBGene00017266,150,1677,1827
WBGene00017267,0,0,0
WBGene00017268,119,2227,2346
WBGene00017269,227,840,1067
WBGene00017270,0,0,0
WBGene00017271,9,15,24
WBGene00017272,105,2884,2989
WBGene00017273,166,1247,1413
WBGene00017274,518,3901,4419
WBGene00017275,231,1725,1956
WBGene00017276,3,1,4
WBGene00017277,4,23,27
WBGene00017278,16,41,57
WBGene00017279,6,19,25
WBGene00017280,724,2294,3018
WBGene00017281,12,18,30
WBGene00017282,24,1151,1175
WBGene00017283,310,7880,8190
WBGene00017284,309,1875,2184
WBGene00017285,21,1778,1799
WBGene00017286,453,4027,4480
WBGene00017287,0,107,107
WBGene00017288,5,277,282
WBGene00017289,20,2798,2818
WBGene00017290,3,230,233
WBGene00017291,37,567,604
WBGene00017292,56,1788,1844
WBGene00017293,14,1246,1260
WBGene00017294,50,324,374
WBGene00017295,105,93,198
WBGene00017296,57,177,234
WBGene00017297,244,15928,16172
WBGene00017298,329,2291,2620
WBGene00017299,182,1136,1318
WBGene00017300,608,8217,8825
WBGene00017301,180,17567,17747
WBGene00017302,315,1268,1583
WBGene00017303,466,5847,6313
WBGene00017304,58,3368,3426
WBGene00017305,4,194,198
WBGene00017306,157,1948,2105
WBGene00017307,28,585,613
WBGene00017308,25,67,92
WBGene00017309,87,235,322
WBGene00017310,154,863,1017
WBGene00017311,43,4935,4978
WBGene00017312,14,784,798
WBGene00017313,237,2881,3118
WBGene00017314,138,1200,1338
WBGene00017315,2,19,21
WBGene00017316,173,1118,1291
WBGene00017317,1629,18497,20126
WBGene00017319,504,5923,6427
WBGene00017320,38,287,325
WBGene00017321,29,2706,2735
WBGene00017322,25,461,486
WBGene00017323,7,26,33
WBGene00017324,0,7,7
WBGene00017325,7,3,10
WBGene00017326,21,406,427
WBGene00017327,43,711,754
WBGene00017328,24,1543,1567
WBGene00017329,74,718,792
WBGene00017330,5,5,10
WBGene00017331,161,670,831
WBGene00017332,846,3335,4181
WBGene00017333,0,7,7
WBGene00017334,24,439,463
WBGene00017335,50,853,903
WBGene00017336,107,734,841
WBGene00017338,451,1247,1698
WBGene00017339,115,773,888
WBGene00017340,21,214,235
WBGene00017341,6,14,20
WBGene00017342,269,1625,1894
WBGene00017343,9,2,11
WBGene00017344,73,1601,1674
WBGene00017347,81,13215,13296
WBGene00017348,3,1940,1943
WBGene00017349,137,3733,3870
WBGene00017350,198,2726,2924
WBGene00017351,0,42,42
WBGene00017352,0,43,43
WBGene00017353,75,880,955
WBGene00017354,8,21,29
WBGene00017355,30,1191,1221
WBGene00017356,487,4616,5103
WBGene00017357,105,2009,2114
WBGene00017358,398,693,1091
WBGene00017359,0,52,52
WBGene00017360,0,215,215
WBGene00017361,5,418,423
WBGene00017362,167,4511,4678
WBGene00017363,60,1922,1982
WBGene00017364,7,379,386
WBGene00017365,0,3,3
WBGene00017366,165,75,240
WBGene00017367,11,265,276
WBGene00017369,54,2841,2895
WBGene00017371,8,55,63
WBGene00017372,130,3739,3869
WBGene00017373,270,2837,3107
WBGene00017374,543,8601,9144
WBGene00017375,52,317,369
WBGene00017376,505,11731,12236
WBGene00017378,8,147,155
WBGene00017379,281,7172,7453
WBGene00017380,512,2179,2691
WBGene00017381,101,694,795
WBGene00017382,0,3,3
WBGene00017383,4,2,6
WBGene00017384,5,5,10
WBGene00017385,61,2109,2170
WBGene00017386,0,311,311
WBGene00017387,0,3,3
WBGene00017388,4,23,27
WBGene00017389,783,814,1597
WBGene00017390,59,359,418
WBGene00017393,2,5,7
WBGene00017394,130,739,869
WBGene00017395,0,1,1
WBGene00017396,11,9,20
WBGene00017397,108,867,975
WBGene00017398,50,828,878
WBGene00017399,80,62,142
WBGene00017400,43,500,543
WBGene00017401,0,0,0
WBGene00017402,1,0,1
WBGene00017403,4,0,4
WBGene00017405,2,0,2
WBGene00017406,0,0,0
WBGene00017407,2,0,2
WBGene00017408,0,8,8
WBGene00017410,2,13,15
WBGene00017411,15,189,204
WBGene00017412,5,3,8
WBGene00017413,2,1,3
WBGene00017414,1,1,2
WBGene00017416,2,274,276
WBGene00017417,59,1270,1329
WBGene00017418,890,9724,10614
WBGene00017419,209,5263,5472
WBGene00017420,35,171,206
WBGene00017421,172,932,1104
WBGene00017422,194,351,545
WBGene00017423,306,9309,9615
WBGene00017424,27,141,168
WBGene00017426,530,14268,14798
WBGene00017427,136,1332,1468
WBGene00017428,323,4518,4841
WBGene00017429,487,1610,2097
WBGene00017430,495,6345,6840
WBGene00017431,548,4162,4710
WBGene00017433,38,304,342
WBGene00017434,111,4123,4234
WBGene00017435,231,4457,4688
WBGene00017436,29,532,561
WBGene00017437,116,1534,1650
WBGene00017438,12,239,251
WBGene00017439,34,302,336
WBGene00017440,840,23093,23933
WBGene00017441,23,85,108
WBGene00017442,16,375,391
WBGene00017443,54,655,709
WBGene00017444,15,14,29
WBGene00017445,161,2443,2604
WBGene00017446,8,108,116
WBGene00017447,144,2155,2299
WBGene00017448,257,4375,4632
WBGene00017449,141,891,1032
WBGene00017450,8,119,127
WBGene00017451,2,17,19
WBGene00017452,97,101,198
WBGene00017453,8,24,32
WBGene00017454,5,2,7
WBGene00017455,2,4,6
WBGene00017456,47,37,84
WBGene00017459,10,239,249
WBGene00017460,7,184,191
WBGene00017461,3,205,208
WBGene00017462,2,225,227
WBGene00017463,88,485,573
WBGene00017464,37,418,455
WBGene00017465,6,70,76
WBGene00017466,4,60,64
WBGene00017467,30,780,810
WBGene00017468,27,176,203
WBGene00017469,49,30,79
WBGene00017470,3,1,4
WBGene00017471,25,1330,1355
WBGene00017472,257,2385,2642
WBGene00017473,3,147,150
WBGene00017474,0,10,10
WBGene00017475,3,13,16
WBGene00017476,6,16,22
WBGene00017477,42,594,636
WBGene00017478,207,1499,1706
WBGene00017480,317,4759,5076
WBGene00017481,1,244,245
WBGene00017482,29,671,700
WBGene00017483,7,138,145
WBGene00017484,64,4099,4163
WBGene00017485,57,634,691
WBGene00017486,0,180,180
WBGene00017487,78,563,641
WBGene00017488,89,778,867
WBGene00017489,58,215,273
WBGene00017490,0,0,0
WBGene00017491,0,0,0
WBGene00017492,6,1,7
WBGene00017493,5,53,58
WBGene00017497,7,0,7
WBGene00017498,28,1346,1374
WBGene00017499,0,0,0
WBGene00017500,0,0,0
WBGene00017501,6,2146,2152
WBGene00017502,0,439,439
WBGene00017503,104,1048,1152
WBGene00017504,65,215,280
WBGene00017506,137,3929,4066
WBGene00017507,197,333,530
WBGene00017508,22,225,247
WBGene00017509,22,158,180
WBGene00017510,176,821,997
WBGene00017511,19,30,49
WBGene00017512,48,999,1047
WBGene00017513,334,1850,2184
WBGene00017514,84,1922,2006
WBGene00017515,39,1082,1121
WBGene00017516,2,1,3
WBGene00017517,2,0,2
WBGene00017518,6,0,6
WBGene00017519,0,1,1
WBGene00017520,0,0,0
WBGene00017521,0,0,0
WBGene00017522,1,0,1
WBGene00017523,5,1,6
WBGene00017524,2,5,7
WBGene00017525,0,0,0
WBGene00017526,11,0,11
WBGene00017527,1,0,1
WBGene00017528,1,1,2
WBGene00017530,80,474,554
WBGene00017532,11,44,55
WBGene00017534,183,1963,2146
WBGene00017535,52,557,609
WBGene00017536,78,3372,3450
WBGene00017537,102,933,1035
WBGene00017538,5,187,192
WBGene00017539,2,0,2
WBGene00017540,1,0,1
WBGene00017541,5,4,9
WBGene00017542,0,9,9
WBGene00017543,22,113,135
WBGene00017544,22,200,222
WBGene00017545,44,274,318
WBGene00017546,214,5499,5713
WBGene00017547,116,998,1114
WBGene00017548,49,313,362
WBGene00017549,112,698,810
WBGene00017550,14,49,63
WBGene00017551,0,0,0
WBGene00017552,1,1,2
WBGene00017553,6,6,12
WBGene00017554,5,2,7
WBGene00017555,4,3,7
WBGene00017556,14,8,22
WBGene00017557,53,1458,1511
WBGene00017559,6,7,13
WBGene00017560,5,45,50
WBGene00017562,1,2,3
WBGene00017563,154,1714,1868
WBGene00017564,3,4,7
WBGene00017565,3755,6447,10202
WBGene00017566,2,4,6
WBGene00017567,0,2797,2797
WBGene00017568,68,1063,1131
WBGene00017569,69,1593,1662
WBGene00017570,115,426,541
WBGene00017571,90,2792,2882
WBGene00017573,10,7,17
WBGene00017574,56,1565,1621
WBGene00017576,210,392,602
WBGene00017577,12,221,233
WBGene00017578,64,436,500
WBGene00017579,4,68,72
WBGene00017580,114,440,554
WBGene00017581,12,32,44
WBGene00017582,160,2550,2710
WBGene00017583,59,1677,1736
WBGene00017584,0,0,0
WBGene00017585,0,1,1
WBGene00017586,17,74,91
WBGene00017587,3,3,6
WBGene00017588,0,2,2
WBGene00017589,12,220,232
WBGene00017590,3,1,4
WBGene00017591,922,30803,31725
WBGene00017592,22,315,337
WBGene00017593,21,36,57
WBGene00017594,50,399,449
WBGene00017595,0,20,20
WBGene00017596,1,0,1
WBGene00017597,691,1581,2272
WBGene00017598,0,2,2
WBGene00017599,0,712,712
WBGene00017600,117,1889,2006
WBGene00017601,1,1,2
WBGene00017603,1,0,1
WBGene00017604,5,0,5
WBGene00017605,1050,14599,15649
WBGene00017606,23,1009,1032
WBGene00017607,107,1094,1201
WBGene00017608,270,1784,2054
WBGene00017609,0,7,7
WBGene00017610,8,4,12
WBGene00017611,41,43,84
WBGene00017612,0,65,65
WBGene00017613,824,44051,44875
WBGene00017614,13,43,56
WBGene00017615,11,55,66
WBGene00017616,41,307,348
WBGene00017618,622,623,1245
WBGene00017619,5,17,22
WBGene00017620,222,1491,1713
WBGene00017621,84,4574,4658
WBGene00017625,68,221,289
WBGene00017627,9,7,16
WBGene00017628,214,349,563
WBGene00017629,2,1,3
WBGene00017630,0,0,0
WBGene00017631,13,13,26
WBGene00017632,41,125,166
WBGene00017633,23,42,65
WBGene00017634,7,18,25
WBGene00017635,140,610,750
WBGene00017636,5,29,34
WBGene00017637,123,699,822
WBGene00017638,0,0,0
WBGene00017639,332,1399,1731
WBGene00017640,169,1890,2059
WBGene00017641,70,938,1008
WBGene00017642,294,4204,4498
WBGene00017643,154,2592,2746
WBGene00017644,570,4241,4811
WBGene00017645,1,65,66
WBGene00017646,120,951,1071
WBGene00017647,139,254,393
WBGene00017648,8,77,85
WBGene00017650,7,126,133
WBGene00017651,87,211,298
WBGene00017652,3,7,10
WBGene00017653,576,4063,4639
WBGene00017654,2,19,21
WBGene00017655,0,1,1
WBGene00017656,1,14,15
WBGene00017657,517,7952,8469
WBGene00017658,135,3037,3172
WBGene00017659,69,3209,3278
WBGene00017660,27,189,216
WBGene00017661,9,216,225
WBGene00017662,0,17,17
WBGene00017663,169,3957,4126
WBGene00017664,14,50,64
WBGene00017666,17,240,257
WBGene00017667,86,1080,1166
WBGene00017668,2,9,11
WBGene00017670,1,0,1
WBGene00017671,550,29983,30533
WBGene00017672,2,6,8
WBGene00017673,5,93,98
WBGene00017674,18,174,192
WBGene00017675,418,11380,11798
WBGene00017676,210,2134,2344
WBGene00017678,78,3753,3831
WBGene00017679,8,247,255
WBGene00017681,23,579,602
WBGene00017683,62,1436,1498
WBGene00017684,0,0,0
WBGene00017685,2,3,5
WBGene00017686,180,3223,3403
WBGene00017687,101,2419,2520
WBGene00017688,52,1115,1167
WBGene00017690,623,741,1364
WBGene00017691,5005,94302,99307
WBGene00017692,50,224,274
WBGene00017693,3,2,5
WBGene00017694,3,2,5
WBGene00017695,1,6,7
WBGene00017696,30,1263,1293
WBGene00017698,387,6151,6538
WBGene00017699,2003,6326,8329
WBGene00017700,72,101,173
WBGene00017701,61,164,225
WBGene00017702,138,1135,1273
WBGene00017703,105,328,433
WBGene00017704,0,0,0
WBGene00017705,1,8,9
WBGene00017706,3,56,59
WBGene00017707,35,57,92
WBGene00017708,28,302,330
WBGene00017709,200,4,204
WBGene00017710,3,5,8
WBGene00017711,16,273,289
WBGene00017712,0,152,152
WBGene00017713,0,3,3
WBGene00017714,5,192,197
WBGene00017715,25,606,631
WBGene00017716,12,149,161
WBGene00017717,17,430,447
WBGene00017718,1,26,27
WBGene00017719,1729,28232,29961
WBGene00017720,285,521,806
WBGene00017721,18,15,33
WBGene00017722,5,12,17
WBGene00017723,96,170,266
WBGene00017724,428,1792,2220
WBGene00017725,0,4,4
WBGene00017726,739,12136,12875
WBGene00017727,0,37540,37540
WBGene00017730,6,196,202
WBGene00017732,81,786,867
WBGene00017733,137,1457,1594
WBGene00017734,127,21270,21397
WBGene00017735,708,15400,16108
WBGene00017736,13,90,103
WBGene00017737,10,13,23
WBGene00017738,104,1244,1348
WBGene00017741,179,1060,1239
WBGene00017742,154,1830,1984
WBGene00017743,0,10,10
WBGene00017744,119,1364,1483
WBGene00017745,178,3025,3203
WBGene00017746,267,1069,1336
WBGene00017747,7,164,171
WBGene00017748,126,2037,2163
WBGene00017749,100,2490,2590
WBGene00017750,50,316,366
WBGene00017751,311,359,670
WBGene00017752,7,23,30
WBGene00017754,40,263,303
WBGene00017755,910,1330,2240
WBGene00017756,230,3353,3583
WBGene00017757,55,2906,2961
WBGene00017758,138,952,1090
WBGene00017759,12,4867,4879
WBGene00017760,223,3479,3702
WBGene00017761,409,516,925
WBGene00017762,474,798,1272
WBGene00017763,258,2674,2932
WBGene00017764,14,118,132
WBGene00017765,232,19867,20099
WBGene00017766,60,1329,1389
WBGene00017767,47,844,891
WBGene00017768,225,2450,2675
WBGene00017769,118,2659,2777
WBGene00017770,136,2368,2504
WBGene00017771,80,891,971
WBGene00017772,536,11606,12142
WBGene00017773,179,3139,3318
WBGene00017774,55,1005,1060
WBGene00017775,519,7440,7959
WBGene00017776,91,1852,1943
WBGene00017777,34,5274,5308
WBGene00017778,411,3036,3447
WBGene00017779,79,592,671
WBGene00017780,68,345,413
WBGene00017781,488,2076,2564
WBGene00017782,59,897,956
WBGene00017783,12,114,126
WBGene00017784,1,16,17
WBGene00017785,0,137,137
WBGene00017786,18,338,356
WBGene00017787,8,179,187
WBGene00017788,3,38,41
WBGene00017789,0,3557,3557
WBGene00017790,8,74,82
WBGene00017791,0,2,2
WBGene00017792,33,367,400
WBGene00017794,39,195,234
WBGene00017795,367,1212,1579
WBGene00017796,0,256,256
WBGene00017797,626,3447,4073
WBGene00017798,97,854,951
WBGene00017799,30,2205,2235
WBGene00017800,74,1681,1755
WBGene00017801,125,1398,1523
WBGene00017802,1,31,32
WBGene00017803,9,57,66
WBGene00017804,4,88,92
WBGene00017805,6,4,10
WBGene00017806,2,197,199
WBGene00017807,13,28,41
WBGene00017808,0,32,32
WBGene00017809,2,1,3
WBGene00017810,1,13,14
WBGene00017811,60,1127,1187
WBGene00017812,122,1159,1281
WBGene00017813,0,2078,2078
WBGene00017814,40,484,524
WBGene00017815,378,267,645
WBGene00017816,58,3463,3521
WBGene00017817,2,0,2
WBGene00017818,440,2060,2500
WBGene00017819,8,7,15
WBGene00017821,20,9,29
WBGene00017822,4,14,18
WBGene00017823,11,320,331
WBGene00017824,28,11,39
WBGene00017825,55,1844,1899
WBGene00017826,154,1623,1777
WBGene00017827,112,788,900
WBGene00017828,39,1385,1424
WBGene00017829,319,2047,2366
WBGene00017830,35,6805,6840
WBGene00017831,87,759,846
WBGene00017832,45,1028,1073
WBGene00017833,78,337,415
WBGene00017834,720,10787,11507
WBGene00017835,22,411,433
WBGene00017836,27,436,463
WBGene00017837,91,1253,1344
WBGene00017838,393,2347,2740
WBGene00017839,0,1,1
WBGene00017840,117,709,826
WBGene00017841,3,285,288
WBGene00017842,104,1014,1118
WBGene00017843,0,8,8
WBGene00017845,3,5,8
WBGene00017848,1,40,41
WBGene00017850,264,2167,2431
WBGene00017851,1,5,6
WBGene00017852,187,10210,10397
WBGene00017853,2,5,7
WBGene00017854,0,163,163
WBGene00017855,749,7118,7867
WBGene00017858,113,510,623
WBGene00017860,47,22,69
WBGene00017861,64,794,858
WBGene00017862,0,3,3
WBGene00017863,20,0,20
WBGene00017864,1482,15871,17353
WBGene00017865,0,32,32
WBGene00017866,0,2041,2041
WBGene00017867,11,50,61
WBGene00017868,13,51,64
WBGene00017869,3,0,3
WBGene00017871,2,5,7
WBGene00017872,0,1,1
WBGene00017873,0,13,13
WBGene00017874,430,9804,10234
WBGene00017875,1,28,29
WBGene00017876,0,0,0
WBGene00017879,42,210,252
WBGene00017880,86,2516,2602
WBGene00017881,112,1273,1385
WBGene00017885,741,3278,4019
WBGene00017886,52,681,733
WBGene00017887,46,2551,2597
WBGene00017888,176,1122,1298
WBGene00017889,87,3288,3375
WBGene00017890,2,17,19
WBGene00017891,361,1257,1618
WBGene00017892,614,10960,11574
WBGene00017893,37,659,696
WBGene00017894,21,1796,1817
WBGene00017895,42,1920,1962
WBGene00017896,1,3,4
WBGene00017898,165,599,764
WBGene00017899,4,4,8
WBGene00017900,632,4074,4706
WBGene00017901,489,4136,4625
WBGene00017902,11,35,46
WBGene00017904,732,2439,3171
WBGene00017905,253,5708,5961
WBGene00017906,76,131,207
WBGene00017907,492,787,1279
WBGene00017908,0,789,789
WBGene00017909,59,673,732
WBGene00017910,16,4,20
WBGene00017911,2,5,7
WBGene00017912,7,4,11
WBGene00017913,0,10,10
WBGene00017914,51,860,911
WBGene00017915,0,0,0
WBGene00017916,200,1461,1661
WBGene00017918,0,4,4
WBGene00017919,52,728,780
WBGene00017920,244,5426,5670
WBGene00017921,139,3447,3586
WBGene00017922,2,14,16
WBGene00017923,33,1845,1878
WBGene00017924,80,1984,2064
WBGene00017925,2173,44160,46333
WBGene00017926,1721,65241,66962
WBGene00017927,8,5,13
WBGene00017928,68,1917,1985
WBGene00017929,1211,1947,3158
WBGene00017930,0,128,128
WBGene00017931,180,1340,1520
WBGene00017933,6,7,13
WBGene00017934,213,1945,2158
WBGene00017935,0,2,2
WBGene00017936,52,1046,1098
WBGene00017937,36,2722,2758
WBGene00017938,7,387,394
WBGene00017939,69,452,521
WBGene00017942,0,2,2
WBGene00017944,7,8,15
WBGene00017945,21,256,277
WBGene00017947,241,661,902
WBGene00017948,67,975,1042
WBGene00017949,35,165,200
WBGene00017950,134,1558,1692
WBGene00017951,60,1377,1437
WBGene00017952,288,1092,1380
WBGene00017953,40,9,49
WBGene00017954,23,1046,1069
WBGene00017955,2,7,9
WBGene00017957,120,606,726
WBGene00017959,16,85,101
WBGene00017960,15,127,142
WBGene00017961,53,379,432
WBGene00017962,16,124,140
WBGene00017963,8,7,15
WBGene00017964,0,15515,15515
WBGene00017965,52,258,310
WBGene00017966,145,4,149
WBGene00017967,202,3839,4041
WBGene00017968,125,1824,1949
WBGene00017969,106,7470,7576
WBGene00017970,261,17020,17281
WBGene00017971,128,1340,1468
WBGene00017973,324,1110,1434
WBGene00017974,43,542,585
WBGene00017975,2,16,18
WBGene00017976,153,870,1023
WBGene00017977,9,226,235
WBGene00017978,0,78,78
WBGene00017979,205,5393,5598
WBGene00017980,446,3395,3841
WBGene00017981,60,1191,1251
WBGene00017982,2513,20882,23395
WBGene00017983,411,770,1181
WBGene00017984,48,30474,30522
WBGene00017985,5,394,399
WBGene00017986,12,137,149
WBGene00017987,7,11,18
WBGene00017988,28,5088,5116
WBGene00017989,103,3225,3328
WBGene00017990,60,1999,2059
WBGene00017991,66,560,626
WBGene00017992,71,604,675
WBGene00017993,179,12342,12521
WBGene00017995,351,3240,3591
WBGene00017996,103,2336,2439
WBGene00017997,523,5498,6021
WBGene00017998,17,430,447
WBGene00017999,177,6011,6188
WBGene00018000,2,4,6
WBGene00018001,6,1,7
WBGene00018002,48,138,186
WBGene00018003,1,9,10
WBGene00018004,8,23,31
WBGene00018005,146,1658,1804
WBGene00018006,61,1068,1129
WBGene00018007,28,2350,2378
WBGene00018008,115,5650,5765
WBGene00018009,70,1339,1409
WBGene00018010,24,153,177
WBGene00018011,54,706,760
WBGene00018013,137,1027,1164
WBGene00018014,101,562,663
WBGene00018015,43,720,763
WBGene00018016,33,375,408
WBGene00018017,89,4280,4369
WBGene00018018,95,3219,3314
WBGene00018019,0,0,0
WBGene00018020,0,0,0
WBGene00018021,0,8,8
WBGene00018022,10,59,69
WBGene00018023,116,268,384
WBGene00018024,245,9262,9507
WBGene00018025,102,3830,3932
WBGene00018026,16,117,133
WBGene00018027,12,7,19
WBGene00018028,10,5,15
WBGene00018030,0,0,0
WBGene00018031,3,279,282
WBGene00018033,1061,4350,5411
WBGene00018034,7,5,12
WBGene00018035,8,310,318
WBGene00018036,61,1369,1430
WBGene00018037,87,428,515
WBGene00018038,15,0,15
WBGene00018039,2,7,9
WBGene00018040,0,31,31
WBGene00018041,13,216,229
WBGene00018042,31,294,325
WBGene00018043,70,739,809
WBGene00018044,38,704,742
WBGene00018045,4,3923,3927
WBGene00018046,174,6526,6700
WBGene00018047,9,13,22
WBGene00018048,0,9,9
WBGene00018049,3,6,9
WBGene00018050,52,561,613
WBGene00018051,245,2938,3183
WBGene00018052,39,304,343
WBGene00018053,4,13,17
WBGene00018054,6,9,15
WBGene00018055,0,21,21
WBGene00018056,5,27,32
WBGene00018057,3,8,11
WBGene00018058,6,4,10
WBGene00018060,47,1050,1097
WBGene00018061,65,816,881
WBGene00018062,0,3,3
WBGene00018063,0,4,4
WBGene00018064,274,2950,3224
WBGene00018065,1,51,52
WBGene00018066,19,99,118
WBGene00018067,37,561,598
WBGene00018068,3,740,743
WBGene00018069,109,1058,1167
WBGene00018070,13,223,236
WBGene00018071,11,768,779
WBGene00018072,94,902,996
WBGene00018073,56,2579,2635
WBGene00018074,110,898,1008
WBGene00018075,342,1659,2001
WBGene00018076,63,556,619
WBGene00018077,9,365,374
WBGene00018078,197,812,1009
WBGene00018080,1,10,11
WBGene00018081,3,16,19
WBGene00018082,1,3,4
WBGene00018083,5,10,15
WBGene00018084,33,23,56
WBGene00018085,8,913,921
WBGene00018086,1,0,1
WBGene00018087,41,113,154
WBGene00018088,149,877,1026
WBGene00018089,52,383,435
WBGene00018090,287,2898,3185
WBGene00018091,3,10,13
WBGene00018092,2,11,13
WBGene00018093,4,5,9
WBGene00018094,36,4,40
WBGene00018096,1,2,3
WBGene00018097,1,0,1
WBGene00018098,1,0,1
WBGene00018099,10,128,138
WBGene00018100,0,237,237
WBGene00018101,70,222,292
WBGene00018102,2,6,8
WBGene00018103,0,3,3
WBGene00018104,1,16,17
WBGene00018105,0,1,1
WBGene00018106,0,5,5
WBGene00018107,1,3,4
WBGene00018108,1,32,33
WBGene00018110,12,22,34
WBGene00018111,20,69,89
WBGene00018112,48,513,561
WBGene00018113,16,175,191
WBGene00018114,82,110,192
WBGene00018115,38,653,691
WBGene00018117,93,3952,4045
WBGene00018118,8,118,126
WBGene00018119,4,12,16
WBGene00018120,2,1,3
WBGene00018121,3,67,70
WBGene00018122,0,3,3
WBGene00018123,0,0,0
WBGene00018124,0,0,0
WBGene00018130,15,1,16
WBGene00018131,189,2505,2694
WBGene00018132,113,3578,3691
WBGene00018133,23,363,386
WBGene00018134,7,25,32
WBGene00018135,1,12,13
WBGene00018136,10,549,559
WBGene00018137,13,597,610
WBGene00018138,432,10146,10578
WBGene00018139,7,4,11
WBGene00018140,64,850,914
WBGene00018141,4,2,6
WBGene00018142,7,101,108
WBGene00018143,7,22,29
WBGene00018144,124,1019,1143
WBGene00018145,1085,14007,15092
WBGene00018146,90,1670,1760
WBGene00018148,58,42,100
WBGene00018149,249,1991,2240
WBGene00018150,80,1097,1177
WBGene00018151,822,9016,9838
WBGene00018152,62,5678,5740
WBGene00018153,33,985,1018
WBGene00018154,2620,2410,5030
WBGene00018155,12,46,58
WBGene00018156,287,5702,5989
WBGene00018157,16,113,129
WBGene00018158,4,24,28
WBGene00018159,571,4437,5008
WBGene00018160,44,1996,2040
WBGene00018161,76,3294,3370
WBGene00018162,0,0,0
WBGene00018163,5,1,6
WBGene00018164,2,3771,3773
WBGene00018165,3,19,22
WBGene00018166,59,710,769
WBGene00018167,19,450,469
WBGene00018168,4,3,7
WBGene00018169,1,13,14
WBGene00018170,62,1138,1200
WBGene00018172,59,193,252
WBGene00018173,59,335,394
WBGene00018174,43,509,552
WBGene00018175,166,615,781
WBGene00018176,16,150,166
WBGene00018178,8,4,12
WBGene00018179,1,21,22
WBGene00018180,93,49,142
WBGene00018181,51,3501,3552
WBGene00018182,20,51,71
WBGene00018183,55,83,138
WBGene00018184,15,284,299
WBGene00018186,0,18,18
WBGene00018187,4023,12490,16513
WBGene00018188,112,1179,1291
WBGene00018189,8,31,39
WBGene00018190,5,18,23
WBGene00018191,34,291,325
WBGene00018192,0,120,120
WBGene00018193,168,6866,7034
WBGene00018195,8,462,470
WBGene00018196,12,5,17
WBGene00018198,9,58,67
WBGene00018200,12,450,462
WBGene00018201,2,128,130
WBGene00018202,0,4,4
WBGene00018203,1,24,25
WBGene00018204,164,442,606
WBGene00018205,0,0,0
WBGene00018206,83,1542,1625
WBGene00018207,13,94,107
WBGene00018208,72,2407,2479
WBGene00018209,10,21,31
WBGene00018210,84,2066,2150
WBGene00018211,18,12,30
WBGene00018212,60,506,566
WBGene00018213,57,418,475
WBGene00018214,325,4809,5134
WBGene00018215,100,935,1035
WBGene00018216,289,1735,2024
WBGene00018217,943,2348,3291
WBGene00018218,45,7904,7949
WBGene00018219,95,1422,1517
WBGene00018221,680,10048,10728
WBGene00018222,86,431,517
WBGene00018223,52,69,121
WBGene00018226,258,1499,1757
WBGene00018227,23,72,95
WBGene00018228,0,5,5
WBGene00018229,0,0,0
WBGene00018230,20,1852,1872
WBGene00018231,2,1,3
WBGene00018232,295,114,409
WBGene00018233,0,12,12
WBGene00018234,3,22,25
WBGene00018235,1,7,8
WBGene00018236,0,96,96
WBGene00018237,932,19180,20112
WBGene00018238,99,2597,2696
WBGene00018239,46,894,940
WBGene00018240,351,1927,2278
WBGene00018241,20,357,377
WBGene00018242,0,4,4
WBGene00018243,0,0,0
WBGene00018244,3,2,5
WBGene00018245,1,2,3
WBGene00018246,2,2,4
WBGene00018247,1,0,1
WBGene00018248,4,5,9
WBGene00018249,364,5983,6347
WBGene00018250,110,2494,2604
WBGene00018251,63,406,469
WBGene00018252,12,186,198
WBGene00018253,17,49,66
WBGene00018254,4,10,14
WBGene00018255,72,69,141
WBGene00018256,6,67,73
WBGene00018257,139,3636,3775
WBGene00018258,161,1974,2135
WBGene00018259,215,1744,1959
WBGene00018260,71,535,606
WBGene00018261,84,466,550
WBGene00018262,24,180,204
WBGene00018264,2,30,32
WBGene00018265,245,1719,1964
WBGene00018266,70,2204,2274
WBGene00018267,1,9,10
WBGene00018268,19,818,837
WBGene00018269,155,1551,1706
WBGene00018270,43,2295,2338
WBGene00018271,228,90391,90619
WBGene00018272,42,415,457
WBGene00018273,76,108,184
WBGene00018274,280,1399,1679
WBGene00018275,83,463,546
WBGene00018276,3,1,4
WBGene00018277,0,0,0
WBGene00018278,0,3,3
WBGene00018279,0,54,54
WBGene00018280,20,94,114
WBGene00018281,93,987,1080
WBGene00018282,60,1495,1555
WBGene00018283,20,193,213
WBGene00018284,2,5,7
WBGene00018285,1129,10893,12022
WBGene00018286,116,729,845
WBGene00018288,41,1287,1328
WBGene00018289,44,6,50
WBGene00018290,247,8672,8919
WBGene00018291,9,29,38
WBGene00018292,3,157,160
WBGene00018293,99,767,866
WBGene00018294,78,3543,3621
WBGene00018295,20,109,129
WBGene00018296,0,8,8
WBGene00018297,0,10295,10295
WBGene00018298,284,8128,8412
WBGene00018299,42,108,150
WBGene00018300,30,439,469
WBGene00018301,15,58,73
WBGene00018302,15,483,498
WBGene00018303,346,8268,8614
WBGene00018304,434,2853,3287
WBGene00018305,305,4981,5286
WBGene00018307,40,320,360
WBGene00018308,0,54,54
WBGene00018309,11,21,32
WBGene00018310,102,252,354
WBGene00018311,68,1361,1429
WBGene00018312,11,15,26
WBGene00018313,20,51,71
WBGene00018314,5,78,83
WBGene00018315,10,41,51
WBGene00018316,66,2169,2235
WBGene00018317,106,2609,2715
WBGene00018318,4,912,916
WBGene00018319,447,2495,2942
WBGene00018321,13,590,603
WBGene00018322,0,2,2
WBGene00018323,23,0,23
WBGene00018324,0,1,1
WBGene00018327,2,13,15
WBGene00018328,180,828,1008
WBGene00018330,100,1627,1727
WBGene00018332,6,4,10
WBGene00018333,3,213,216
WBGene00018334,122,1225,1347
WBGene00018335,167,1727,1894
WBGene00018336,0,0,0
WBGene00018337,69,747,816
WBGene00018338,5,164,169
WBGene00018339,74,7669,7743
WBGene00018340,156,5951,6107
WBGene00018341,78,8001,8079
WBGene00018342,737,9256,9993
WBGene00018343,61,4340,4401
WBGene00018344,114,719,833
WBGene00018345,37,64,101
WBGene00018346,65,572,637
WBGene00018347,20,60,80
WBGene00018348,48,314,362
WBGene00018349,160,7239,7399
WBGene00018350,157,5583,5740
WBGene00018351,144,613,757
WBGene00018352,3,62,65
WBGene00018353,8,32,40
WBGene00018354,8,45,53
WBGene00018355,17,127,144
WBGene00018356,250,2831,3081
WBGene00018357,60,1655,1715
WBGene00018358,22,15,37
WBGene00018359,8,2,10
WBGene00018360,7,28,35
WBGene00018361,2105,24774,26879
WBGene00018362,40,10025,10065
WBGene00018363,55,972,1027
WBGene00018364,123,421,544
WBGene00018365,14,330,344
WBGene00018366,52,1149,1201
WBGene00018367,215,1808,2023
WBGene00018369,181,1224,1405
WBGene00018370,520,6475,6995
WBGene00018371,34,1087,1121
WBGene00018373,555,2324,2879
WBGene00018374,323,2031,2354
WBGene00018375,103,1320,1423
WBGene00018376,429,8012,8441
WBGene00018377,11,45,56
WBGene00018378,1,0,1
WBGene00018379,1,0,1
WBGene00018380,1,200,201
WBGene00018381,34,1,35
WBGene00018383,3,242,245
WBGene00018384,26,295,321
WBGene00018385,8,43,51
WBGene00018386,22,488,510
WBGene00018387,6,10,16
WBGene00018388,1290,0,1290
WBGene00018389,4,0,4
WBGene00018390,37,758,795
WBGene00018391,56,4967,5023
WBGene00018392,141,1082,1223
WBGene00018393,25,6146,6171
WBGene00018394,16,103,119
WBGene00018395,137,20603,20740
WBGene00018397,48,9,57
WBGene00018398,599,5663,6262
WBGene00018399,44,768,812
WBGene00018400,231,2827,3058
WBGene00018402,37,815,852
WBGene00018403,53,326,379
WBGene00018404,5,34,39
WBGene00018405,547,4505,5052
WBGene00018406,11,16,27
WBGene00018407,590,5031,5621
WBGene00018408,253,1443,1696
WBGene00018409,49,2395,2444
WBGene00018410,10,21,31
WBGene00018411,36,137,173
WBGene00018412,12,37,49
WBGene00018413,24,362,386
WBGene00018414,16,31,47
WBGene00018415,11,636,647
WBGene00018417,357,2779,3136
WBGene00018418,10,843,853
WBGene00018419,164,1397,1561
WBGene00018420,206,2998,3204
WBGene00018421,24,2061,2085
WBGene00018422,36,3929,3965
WBGene00018423,91,624,715
WBGene00018424,29,4224,4253
WBGene00018425,10,45,55
WBGene00018426,158,9148,9306
WBGene00018427,17,3239,3256
WBGene00018428,5,16,21
WBGene00018429,11,92,103
WBGene00018430,76,589,665
WBGene00018431,23,4030,4053
WBGene00018432,10,19,29
WBGene00018433,2,3,5
WBGene00018434,1,7,8
WBGene00018435,2,283,285
WBGene00018436,0,2,2
WBGene00018437,1,3,4
WBGene00018438,0,4,4
WBGene00018439,0,0,0
WBGene00018440,4,0,4
WBGene00018441,0,1,1
WBGene00018442,11,1,12
WBGene00018443,0,0,0
WBGene00018444,0,1,1
WBGene00018445,0,11,11
WBGene00018446,9,63,72
WBGene00018447,9,14,23
WBGene00018452,0,2,2
WBGene00018455,1,9,10
WBGene00018456,10,23,33
WBGene00018457,0,2,2
WBGene00018458,0,2,2
WBGene00018459,0,54,54
WBGene00018460,0,0,0
WBGene00018461,0,0,0
WBGene00018462,47,1197,1244
WBGene00018463,0,5,5
WBGene00018465,95,592,687
WBGene00018466,65,560,625
WBGene00018467,280,2003,2283
WBGene00018468,879,12295,13174
WBGene00018470,234,1526,1760
WBGene00018471,8,36,44
WBGene00018472,149,713,862
WBGene00018473,42,387,429
WBGene00018474,76,1275,1351
WBGene00018475,382,12658,13040
WBGene00018476,20,281,301
WBGene00018477,3,69,72
WBGene00018478,16,133,149
WBGene00018479,6,51,57
WBGene00018480,5,86,91
WBGene00018481,158,2009,2167
WBGene00018482,484,3908,4392
WBGene00018483,32,449,481
WBGene00018484,35,132,167
WBGene00018485,767,2226,2993
WBGene00018486,17,250,267
WBGene00018487,38,260,298
WBGene00018488,198,4995,5193
WBGene00018489,0,3,3
WBGene00018490,2,8,10
WBGene00018491,38,43156,43194
WBGene00018492,253,3570,3823
WBGene00018493,1,0,1
WBGene00018496,0,3,3
WBGene00018497,0,2,2
WBGene00018498,2,2,4
WBGene00018499,0,72,72
WBGene00018500,0,0,0
WBGene00018501,0,2,2
WBGene00018502,5,1,6
WBGene00018504,1,1,2
WBGene00018505,1,0,1
WBGene00018506,0,1,1
WBGene00018507,0,0,0
WBGene00018508,1108,7010,8118
WBGene00018509,271,3741,4012
WBGene00018510,51,209,260
WBGene00018511,88,895,983
WBGene00018512,219,2472,2691
WBGene00018513,2,430,432
WBGene00018514,101,928,1029
WBGene00018515,8,116,124
WBGene00018516,30,1297,1327
WBGene00018517,205,1489,1694
WBGene00018518,51,2847,2898
WBGene00018519,4140,261381,265521
WBGene00018520,227,2296,2523
WBGene00018521,3,198,201
WBGene00018522,253,4864,5117
WBGene00018523,112,715,827
WBGene00018525,0,0,0
WBGene00018526,0,0,0
WBGene00018527,0,0,0
WBGene00018528,1,7,8
WBGene00018529,2,0,2
WBGene00018530,0,0,0
WBGene00018531,6,5,11
WBGene00018532,1836,30835,32671
WBGene00018533,931,2080,3011
WBGene00018534,9,25,34
WBGene00018535,4,23,27
WBGene00018536,3,13,16
WBGene00018537,1,17,18
WBGene00018538,1494,11307,12801
WBGene00018539,29,45,74
WBGene00018541,28,273,301
WBGene00018542,4,58,62
WBGene00018543,31,156,187
WBGene00018544,15,98,113
WBGene00018545,6,49,55
WBGene00018547,171,416,587
WBGene00018548,1,11,12
WBGene00018549,0,2,2
WBGene00018550,1,7,8
WBGene00018551,21,16,37
WBGene00018552,34,109,143
WBGene00018554,7,6,13
WBGene00018555,4,0,4
WBGene00018556,2,0,2
WBGene00018557,2,6,8
WBGene00018558,44,94,138
WBGene00018559,1,0,1
WBGene00018560,50,800,850
WBGene00018561,20,102,122
WBGene00018562,160,1665,1825
WBGene00018563,10,9,19
WBGene00018564,811,4363,5174
WBGene00018565,67,841,908
WBGene00018566,24,149,173
WBGene00018567,98,143,241
WBGene00018568,5,39,44
WBGene00018569,239,1003,1242
WBGene00018570,14,0,14
WBGene00018571,23,61,84
WBGene00018572,796,2035,2831
WBGene00018573,9,8,17
WBGene00018575,2,5,7
WBGene00018576,74,470,544
WBGene00018578,15,440,455
WBGene00018579,464,3271,3735
WBGene00018580,12,10,22
WBGene00018581,208,1660,1868
WBGene00018582,79,225,304
WBGene00018585,71,592,663
WBGene00018586,133,1311,1444
WBGene00018587,40,142,182
WBGene00018589,482,42,524
WBGene00018590,14,4372,4386
WBGene00018591,8,55,63
WBGene00018593,41,1122,1163
WBGene00018594,100,741,841
WBGene00018595,9,339,348
WBGene00018596,16,122,138
WBGene00018598,17,248,265
WBGene00018599,95,3688,3783
WBGene00018600,16,30,46
WBGene00018601,0,2,2
WBGene00018602,246,16852,17098
WBGene00018603,48,186,234
WBGene00018604,106,5030,5136
WBGene00018605,8,20,28
WBGene00018606,1,94,95
WBGene00018607,318,1126,1444
WBGene00018608,94,275,369
WBGene00018609,201,2928,3129
WBGene00018610,21,1934,1955
WBGene00018611,190,1131,1321
WBGene00018612,63,1650,1713
WBGene00018613,11,820,831
WBGene00018614,1,100,101
WBGene00018615,22,364,386
WBGene00018616,0,96,96
WBGene00018617,6,1,7
WBGene00018618,1,3,4
WBGene00018619,1,10,11
WBGene00018620,2,10,12
WBGene00018621,1,439,440
WBGene00018622,44,843,887
WBGene00018623,10,48,58
WBGene00018624,10,52,62
WBGene00018625,51,2392,2443
WBGene00018626,13,87,100
WBGene00018627,3,16,19
WBGene00018628,285,2,287
WBGene00018630,15,78,93
WBGene00018631,4,2,6
WBGene00018632,28,729,757
WBGene00018634,246,2407,2653
WBGene00018635,67,1174,1241
WBGene00018636,125,1212,1337
WBGene00018637,67,1365,1432
WBGene00018638,22,1678,1700
WBGene00018639,130,931,1061
WBGene00018640,26,922,948
WBGene00018641,27,535,562
WBGene00018643,11,88,99
WBGene00018645,269,1116,1385
WBGene00018646,116,854,970
WBGene00018647,5,45,50
WBGene00018648,19,43,62
WBGene00018649,0,3,3
WBGene00018650,1,12,13
WBGene00018651,0,0,0
WBGene00018652,2,0,2
WBGene00018653,2,63,65
WBGene00018654,33,560,593
WBGene00018655,50,470,520
WBGene00018656,288,5322,5610
WBGene00018657,313,3260,3573
WBGene00018659,3,277,280
WBGene00018660,1,58,59
WBGene00018661,0,34,34
WBGene00018663,0,276,276
WBGene00018665,13,134,147
WBGene00018667,18,277,295
WBGene00018668,5,166,171
WBGene00018669,15,141,156
WBGene00018670,3,3,6
WBGene00018671,14,10,24
WBGene00018672,173,1105,1278
WBGene00018674,271,2984,3255
WBGene00018675,66,232,298
WBGene00018678,120,953,1073
WBGene00018679,357,2675,3032
WBGene00018680,98,235,333
WBGene00018681,708,2273,2981
WBGene00018682,35,926,961
WBGene00018683,124,169,293
WBGene00018684,0,2,2
WBGene00018687,0,58,58
WBGene00018688,0,35,35
WBGene00018689,35,204,239
WBGene00018690,0,27,27
WBGene00018691,12,6,18
WBGene00018692,64,3132,3196
WBGene00018693,47,9,56
WBGene00018694,53,40,93
WBGene00018696,91,593,684
WBGene00018697,62,961,1023
WBGene00018698,17,302,319
WBGene00018700,2223,8432,10655
WBGene00018701,315,26866,27181
WBGene00018702,13,2328,2341
WBGene00018703,52,1085,1137
WBGene00018704,52,1171,1223
WBGene00018706,11,384,395
WBGene00018707,44,733,777
WBGene00018708,12,90,102
WBGene00018709,1,18,19
WBGene00018710,791,8352,9143
WBGene00018711,214,140,354
WBGene00018712,68,129,197
WBGene00018713,41,152,193
WBGene00018714,63,1000,1063
WBGene00018715,51,773,824
WBGene00018716,174,461,635
WBGene00018717,32,838,870
WBGene00018718,91,894,985
WBGene00018719,158,1401,1559
WBGene00018720,250,2616,2866
WBGene00018721,131,729,860
WBGene00018723,106,463,569
WBGene00018724,0,3802,3802
WBGene00018725,0,41883,41883
WBGene00018726,11,91,102
WBGene00018727,67,360,427
WBGene00018728,45,96,141
WBGene00018729,279,5572,5851
WBGene00018730,0,10984,10984
WBGene00018731,0,9675,9675
WBGene00018732,0,5513,5513
WBGene00018734,1596,2848,4444
WBGene00018735,17,472,489
WBGene00018736,4,312,316
WBGene00018737,5,321,326
WBGene00018738,65,218,283
WBGene00018739,224,1261,1485
WBGene00018740,276,1612,1888
WBGene00018741,111,286,397
WBGene00018742,54,482,536
WBGene00018743,155,1683,1838
WBGene00018744,1,1759,1760
WBGene00018745,14,32,46
WBGene00018746,8,48,56
WBGene00018747,54,385,439
WBGene00018748,1120,637,1757
WBGene00018749,44,299,343
WBGene00018750,364,737,1101
WBGene00018751,2,4,6
WBGene00018752,7,42,49
WBGene00018754,6,67,73
WBGene00018755,139,1343,1482
WBGene00018756,1048,4607,5655
WBGene00018757,169,1972,2141
WBGene00018758,133,2076,2209
WBGene00018760,611,1922,2533
WBGene00018761,537,108,645
WBGene00018762,224,4732,4956
WBGene00018763,63,3371,3434
WBGene00018764,109,13179,13288
WBGene00018765,1210,7475,8685
WBGene00018766,126,150,276
WBGene00018767,25,3,28
WBGene00018768,2,0,2
WBGene00018769,304,4861,5165
WBGene00018770,0,0,0
WBGene00018771,10,26,36
WBGene00018772,83,221,304
WBGene00018773,19,36,55
WBGene00018774,128,294,422
WBGene00018776,741,6291,7032
WBGene00018777,240,889,1129
WBGene00018778,835,9209,10044
WBGene00018779,67,1660,1727
WBGene00018781,280,1052,1332
WBGene00018782,915,9394,10309
WBGene00018783,8,126,134
WBGene00018784,365,10094,10459
WBGene00018785,336,1917,2253
WBGene00018786,9,437,446
WBGene00018787,158,2009,2167
WBGene00018788,320,834,1154
WBGene00018789,68,516,584
WBGene00018791,41,224,265
WBGene00018792,10,14,24
WBGene00018793,579,4030,4609
WBGene00018794,348,614,962
WBGene00018795,80,1263,1343
WBGene00018797,275,2301,2576
WBGene00018798,49,227,276
WBGene00018802,117,4269,4386
WBGene00018803,91,5248,5339
WBGene00018804,26,855,881
WBGene00018805,12,39,51
WBGene00018806,1,276,277
WBGene00018808,0,0,0
WBGene00018809,3,41,44
WBGene00018810,1,2,3
WBGene00018811,1716,25560,27276
WBGene00018812,642,2007,2649
WBGene00018813,2,16,18
WBGene00018814,59,1304,1363
WBGene00018815,3,15,18
WBGene00018816,4,9,13
WBGene00018817,81,0,81
WBGene00018819,339,2146,2485
WBGene00018820,14,0,14
WBGene00018821,4,8,12
WBGene00018822,1,1,2
WBGene00018823,63,6427,6490
WBGene00018824,2,27,29
WBGene00018825,9,65,74
WBGene00018826,2,3,5
WBGene00018827,44,1205,1249
WBGene00018828,1,139,140
WBGene00018829,8,19,27
WBGene00018830,65,1242,1307
WBGene00018831,58,1128,1186
WBGene00018833,299,946,1245
WBGene00018834,0,8,8
WBGene00018835,75,698,773
WBGene00018836,77,938,1015
WBGene00018837,2073,2699,4772
WBGene00018838,0,0,0
WBGene00018839,2,237,239
WBGene00018840,10,15,25
WBGene00018841,1,0,1
WBGene00018842,0,14,14
WBGene00018844,3,10,13
WBGene00018845,18,218,236
WBGene00018846,25462,367226,392688
WBGene00018847,203,2471,2674
WBGene00018848,81,949,1030
WBGene00018849,54,8041,8095
WBGene00018850,9,202,211
WBGene00018851,7,122,129
WBGene00018853,88,2181,2269
WBGene00018854,170,2880,3050
WBGene00018855,18,215,233
WBGene00018857,221,3120,3341
WBGene00018859,158,1568,1726
WBGene00018860,223,953,1176
WBGene00018861,71,299,370
WBGene00018863,6,875,881
WBGene00018864,233,1962,2195
WBGene00018865,31,83,114
WBGene00018866,268,4933,5201
WBGene00018867,16,227,243
WBGene00018868,55,213,268
WBGene00018869,582,10624,11206
WBGene00018870,4,61,65
WBGene00018871,12,1037,1049
WBGene00018872,482,3794,4276
WBGene00018873,8,41,49
WBGene00018874,1196,3450,4646
WBGene00018875,0,0,0
WBGene00018876,0,0,0
WBGene00018877,121,1315,1436
WBGene00018878,7,1008,1015
WBGene00018879,104,654,758
WBGene00018880,48,96,144
WBGene00018881,0,31,31
WBGene00018882,0,8,8
WBGene00018883,0,20,20
WBGene00018884,25,32,57
WBGene00018885,97,1871,1968
WBGene00018886,7,1169,1176
WBGene00018888,3,6,9
WBGene00018890,314,4716,5030
WBGene00018891,245,5144,5389
WBGene00018892,59,4366,4425
WBGene00018893,477,7018,7495
WBGene00018894,6,840,846
WBGene00018895,8,7,15
WBGene00018896,10,47,57
WBGene00018897,56,1071,1127
WBGene00018898,675,15513,16188
WBGene00018899,21,337,358
WBGene00018900,82,2454,2536
WBGene00018901,1,68,69
WBGene00018902,6,539,545
WBGene00018903,6,137,143
WBGene00018904,14,1893,1907
WBGene00018906,52,244,296
WBGene00018907,116,465,581
WBGene00018908,41,389,430
WBGene00018909,114,580,694
WBGene00018910,0,0,0
WBGene00018911,3,0,3
WBGene00018912,0,0,0
WBGene00018913,0,0,0
WBGene00018915,0,0,0
WBGene00018917,0,0,0
WBGene00018918,0,0,0
WBGene00018920,0,0,0
WBGene00018921,2,144,146
WBGene00018923,259,793,1052
WBGene00018924,82,239,321
WBGene00018925,17,1651,1668
WBGene00018926,2,1,3
WBGene00018927,0,0,0
WBGene00018928,59,416,475
WBGene00018930,2,14,16
WBGene00018931,25,117,142
WBGene00018932,162,4613,4775
WBGene00018933,6,3,9
WBGene00018934,35,5102,5137
WBGene00018935,15,1683,1698
WBGene00018937,106,1086,1192
WBGene00018938,3,0,3
WBGene00018939,4,352,356
WBGene00018940,1,2,3
WBGene00018941,3,20,23
WBGene00018942,0,2,2
WBGene00018943,0,7,7
WBGene00018944,3,3,6
WBGene00018945,16,263,279
WBGene00018946,19,98,117
WBGene00018948,13,220,233
WBGene00018949,3,11,14
WBGene00018950,54,585,639
WBGene00018951,197,8888,9085
WBGene00018952,251,1899,2150
WBGene00018953,805,7266,8071
WBGene00018954,114,683,797
WBGene00018955,36,1465,1501
WBGene00018957,62,1000,1062
WBGene00018958,144,1067,1211
WBGene00018959,41,1284,1325
WBGene00018960,33,1365,1398
WBGene00018961,475,4498,4973
WBGene00018963,1371,25667,27038
WBGene00018964,53,436,489
WBGene00018965,105,2323,2428
WBGene00018966,37,394,431
WBGene00018967,113,3504,3617
WBGene00018968,16,104,120
WBGene00018969,50,1609,1659
WBGene00018970,1,3,4
WBGene00018971,222,2135,2357
WBGene00018972,7,57,64
WBGene00018973,4,15,19
WBGene00018974,323,1820,2143
WBGene00018975,614,2532,3146
WBGene00018976,436,292,728
WBGene00018978,0,0,0
WBGene00018979,1,2,3
WBGene00018980,0,1,1
WBGene00018981,4,7,11
WBGene00018982,2,0,2
WBGene00018984,389,5210,5599
WBGene00018985,135,1775,1910
WBGene00018986,80,999,1079
WBGene00018987,178,1259,1437
WBGene00018988,14,298,312
WBGene00018989,30,625,655
WBGene00018990,108,735,843
WBGene00018991,54,339,393
WBGene00018994,9,3,12
WBGene00018995,117,1169,1286
WBGene00018996,54,2540,2594
WBGene00018997,9,74,83
WBGene00018998,121,2158,2279
WBGene00018999,4,24,28
WBGene00019001,562,19710,20272
WBGene00019002,74,517,591
WBGene00019003,93,5564,5657
WBGene00019004,61,1645,1706
WBGene00019005,234,2760,2994
WBGene00019006,154,2020,2174
WBGene00019007,3049,7631,10680
WBGene00019008,29,1279,1308
WBGene00019009,62,345,407
WBGene00019010,274,28,302
WBGene00019011,206,1793,1999
WBGene00019012,55,324,379
WBGene00019013,12,285,297
WBGene00019014,23,253,276
WBGene00019015,0,10,10
WBGene00019016,27,16,43
WBGene00019017,270,38154,38424
WBGene00019018,1276,2906,4182
WBGene00019019,15,107,122
WBGene00019020,55,448,503
WBGene00019021,4,161,165
WBGene00019022,519,1535,2054
WBGene00019023,44,429,473
WBGene00019024,2,12,14
WBGene00019025,59,460,519
WBGene00019026,0,2,2
WBGene00019027,1,10,11
WBGene00019028,4,20,24
WBGene00019029,45,103,148
WBGene00019030,100,522,622
WBGene00019032,21,153,174
WBGene00019034,2,1,3
WBGene00019035,0,6,6
WBGene00019036,10,4,14
WBGene00019037,0,2,2
WBGene00019038,15,10,25
WBGene00019039,0,0,0
WBGene00019040,0,0,0
WBGene00019041,0,3,3
WBGene00019042,0,1,1
WBGene00019043,1,2,3
WBGene00019044,1,0,1
WBGene00019045,0,0,0
WBGene00019046,4,10,14
WBGene00019047,3,209,212
WBGene00019048,25,459,484
WBGene00019049,10,44,54
WBGene00019051,1,9,10
WBGene00019052,14,1,15
WBGene00019053,0,2,2
WBGene00019054,3,6,9
WBGene00019055,100,948,1048
WBGene00019057,104,823,927
WBGene00019058,43,297,340
WBGene00019059,15,18,33
WBGene00019060,246,1831,2077
WBGene00019061,4038,72781,76819
WBGene00019062,3,1,4
WBGene00019063,1,9,10
WBGene00019064,431,18539,18970
WBGene00019065,0,1,1
WBGene00019066,0,1,1
WBGene00019067,68,175,243
WBGene00019068,23,1091,1114
WBGene00019069,248,568,816
WBGene00019070,0,48,48
WBGene00019072,138,246,384
WBGene00019073,0,0,0
WBGene00019074,332,2681,3013
WBGene00019075,29,745,774
WBGene00019076,103,2686,2789
WBGene00019077,43,1728,1771
WBGene00019079,211,3737,3948
WBGene00019080,22,52,74
WBGene00019081,24,7,31
WBGene00019082,16,242,258
WBGene00019083,5,7,12
WBGene00019084,7,30,37
WBGene00019085,1,4,5
WBGene00019086,3,5,8
WBGene00019087,18,1993,2011
WBGene00019089,41,102,143
WBGene00019090,325,4076,4401
WBGene00019091,12,32,44
WBGene00019092,648,6319,6967
WBGene00019094,5,5,10
WBGene00019096,1,7,8
WBGene00019097,454,16976,17430
WBGene00019098,4,17,21
WBGene00019099,5,3,8
WBGene00019100,150,970,1120
WBGene00019101,20,195,215
WBGene00019102,518,3720,4238
WBGene00019103,56,220,276
WBGene00019104,2,50,52
WBGene00019105,24,2409,2433
WBGene00019106,16,50,66
WBGene00019108,14,715,729
WBGene00019109,198,985,1183
WBGene00019111,98,604,702
WBGene00019112,18,27,45
WBGene00019113,203,832,1035
WBGene00019114,27,390,417
WBGene00019115,74,416,490
WBGene00019116,58,1334,1392
WBGene00019118,17,2009,2026
WBGene00019119,1,6,7
WBGene00019120,49,1735,1784
WBGene00019121,13,1949,1962
WBGene00019122,13,553,566
WBGene00019123,1,3,4
WBGene00019124,212,4369,4581
WBGene00019125,19,423,442
WBGene00019126,64,2220,2284
WBGene00019127,348,4374,4722
WBGene00019128,220,719,939
WBGene00019129,93,647,740
WBGene00019130,111,623,734
WBGene00019132,29,99,128
WBGene00019133,9,14,23
WBGene00019136,0,0,0
WBGene00019138,3,9,12
WBGene00019139,4,119,123
WBGene00019140,18,168,186
WBGene00019141,32,326,358
WBGene00019142,26,838,864
WBGene00019143,132,2151,2283
WBGene00019144,17,63,80
WBGene00019145,5,48,53
WBGene00019146,5,296,301
WBGene00019148,38,449,487
WBGene00019149,66,403,469
WBGene00019150,57,60,117
WBGene00019151,2,2,4
WBGene00019152,3,80,83
WBGene00019153,3,95,98
WBGene00019154,16,387,403
WBGene00019155,5,1,6
WBGene00019156,116,1983,2099
WBGene00019157,773,1982,2755
WBGene00019158,67,2132,2199
WBGene00019159,7,12,19
WBGene00019160,245,28995,29240
WBGene00019162,118,24431,24549
WBGene00019163,228,3071,3299
WBGene00019164,75,1756,1831
WBGene00019165,7,6,13
WBGene00019166,1065,1949,3014
WBGene00019167,289,1767,2056
WBGene00019168,2073,23080,25153
WBGene00019169,9,18,27
WBGene00019170,150,3380,3530
WBGene00019171,23,15,38
WBGene00019174,156,157,313
WBGene00019177,45,817,862
WBGene00019178,12,139,151
WBGene00019179,2,0,2
WBGene00019180,1031,1737,2768
WBGene00019182,162,1317,1479
WBGene00019183,764,173,937
WBGene00019184,63,840,903
WBGene00019185,48,1498,1546
WBGene00019186,3,3,6
WBGene00019187,62,250,312
WBGene00019188,238,2369,2607
WBGene00019189,3,38,41
WBGene00019190,17,5,22
WBGene00019192,4,4,8
WBGene00019194,20,28,48
WBGene00019196,34,4154,4188
WBGene00019197,12,164,176
WBGene00019198,176,887,1063
WBGene00019199,219,2083,2302
WBGene00019200,137,967,1104
WBGene00019201,22,12,34
WBGene00019202,25,23,48
WBGene00019203,293,5104,5397
WBGene00019204,595,1721,2316
WBGene00019205,3423,6465,9888
WBGene00019207,346,5868,6214
WBGene00019209,370,4573,4943
WBGene00019211,607,1369,1976
WBGene00019212,101,877,978
WBGene00019213,196,1739,1935
WBGene00019214,9,76,85
WBGene00019215,21,293,314
WBGene00019216,1,4,5
WBGene00019217,544,3171,3715
WBGene00019218,76,524,600
WBGene00019219,133,1850,1983
WBGene00019220,96,4397,4493
WBGene00019221,15,538,553
WBGene00019222,12,8,20
WBGene00019224,39,232,271
WBGene00019225,148,1436,1584
WBGene00019226,30,780,810
WBGene00019227,242,2833,3075
WBGene00019228,12,369,381
WBGene00019229,9,41,50
WBGene00019230,120,369,489
WBGene00019231,15,40,55
WBGene00019232,423,1251,1674
WBGene00019233,14,78,92
WBGene00019234,32,583,615
WBGene00019235,8,53,61
WBGene00019236,57,278,335
WBGene00019237,661,4428,5089
WBGene00019239,56,16,72
WBGene00019240,421,6646,7067
WBGene00019241,395,1705,2100
WBGene00019242,42,97,139
WBGene00019243,7,644,651
WBGene00019244,81,574,655
WBGene00019245,219,2081,2300
WBGene00019246,614,5800,6414
WBGene00019247,14,425,439
WBGene00019248,474,554,1028
WBGene00019249,544,14162,14706
WBGene00019250,1248,4889,6137
WBGene00019251,20,25,45
WBGene00019253,1,29,30
WBGene00019254,5,86,91
WBGene00019255,8,38,46
WBGene00019257,3,3,6
WBGene00019259,94,2807,2901
WBGene00019260,1,11,12
WBGene00019261,32,8320,8352
WBGene00019262,7,14,21
WBGene00019263,198,1721,1919
WBGene00019264,269,1710,1979
WBGene00019265,8,745,753
WBGene00019266,5,67,72
WBGene00019267,1,1,2
WBGene00019268,49,318,367
WBGene00019269,26,148,174
WBGene00019270,242,587,829
WBGene00019272,110,441,551
WBGene00019273,32,1112,1144
WBGene00019274,153,940,1093
WBGene00019275,364,2216,2580
WBGene00019276,213,2356,2569
WBGene00019277,120,2459,2579
WBGene00019279,2840,3537,6377
WBGene00019280,43,886,929
WBGene00019281,3,2,5
WBGene00019282,1096,50624,51720
WBGene00019283,0,0,0
WBGene00019284,73,1662,1735
WBGene00019285,99,732,831
WBGene00019286,291,386,677
WBGene00019287,34,251,285
WBGene00019288,2,16,18
WBGene00019289,139,1212,1351
WBGene00019290,9,305,314
WBGene00019292,0,16,16
WBGene00019293,18,1073,1091
WBGene00019294,595,6188,6783
WBGene00019295,245,2438,2683
WBGene00019296,30,2352,2382
WBGene00019297,10,26,36
WBGene00019298,352,11649,12001
WBGene00019299,69,717,786
WBGene00019300,74,748,822
WBGene00019301,578,7406,7984
WBGene00019302,1,12,13
WBGene00019303,99,85,184
WBGene00019304,47,628,675
WBGene00019305,68,3405,3473
WBGene00019306,2,62,64
WBGene00019309,4,13,17
WBGene00019312,0,24,24
WBGene00019313,0,1,1
WBGene00019314,2,21,23
WBGene00019315,89,1380,1469
WBGene00019316,4,107,111
WBGene00019317,164,1663,1827
WBGene00019318,101,126,227
WBGene00019319,30,529,559
WBGene00019320,115,944,1059
WBGene00019321,65,372,437
WBGene00019322,156,68026,68182
WBGene00019323,1082,5232,6314
WBGene00019324,940,25544,26484
WBGene00019326,169,1942,2111
WBGene00019327,599,33294,33893
WBGene00019328,209,2468,2677
WBGene00019329,338,1269,1607
WBGene00019331,47,545,592
WBGene00019332,893,12141,13034
WBGene00019333,370,5651,6021
WBGene00019334,38,2340,2378
WBGene00019335,0,39,39
WBGene00019337,8,1,9
WBGene00019338,2,3,5
WBGene00019339,0,129,129
WBGene00019340,1,0,1
WBGene00019341,11,4,15
WBGene00019342,0,60,60
WBGene00019343,65,98,163
WBGene00019344,78,823,901
WBGene00019345,168,1326,1494
WBGene00019346,30,401,431
WBGene00019347,780,572,1352
WBGene00019348,2,29,31
WBGene00019349,0,10,10
WBGene00019350,3,4,7
WBGene00019351,143,3486,3629
WBGene00019352,148,680,828
WBGene00019353,67,1679,1746
WBGene00019354,86,2186,2272
WBGene00019355,211,2400,2611
WBGene00019356,2,1,3
WBGene00019357,0,8347,8347
WBGene00019359,78,10,88
WBGene00019360,76,298,374
WBGene00019361,823,13495,14318
WBGene00019362,202,393,595
WBGene00019364,13,218,231
WBGene00019365,224,3138,3362
WBGene00019367,14,104,118
WBGene00019368,583,3897,4480
WBGene00019369,51,90,141
WBGene00019370,148,436,584
WBGene00019371,1,2,3
WBGene00019372,3,68,71
WBGene00019373,54,1400,1454
WBGene00019374,35,406,441
WBGene00019376,4,12,16
WBGene00019379,3,25,28
WBGene00019380,546,6353,6899
WBGene00019381,0,9852,9852
WBGene00019382,5,33,38
WBGene00019383,6,8,14
WBGene00019386,4,12,16
WBGene00019387,5,4,9
WBGene00019388,27,165,192
WBGene00019389,21,61,82
WBGene00019391,56,221,277
WBGene00019392,5,18,23
WBGene00019393,19,73,92
WBGene00019394,157,902,1059
WBGene00019395,35,258,293
WBGene00019396,82,1527,1609
WBGene00019399,55,3157,3212
WBGene00019400,177,1912,2089
WBGene00019401,162,13658,13820
WBGene00019402,107,4857,4964
WBGene00019403,177,1299,1476
WBGene00019404,41,301,342
WBGene00019405,9,101,110
WBGene00019406,6,32,38
WBGene00019407,158,995,1153
WBGene00019408,133,1658,1791
WBGene00019409,0,9,9
WBGene00019410,14,43,57
WBGene00019411,6,78,84
WBGene00019412,0,2,2
WBGene00019413,0,1,1
WBGene00019414,0,2,2
WBGene00019415,3,29,32
WBGene00019416,3,12,15
WBGene00019417,0,4,4
WBGene00019418,3,4,7
WBGene00019419,0,0,0
WBGene00019420,0,2,2
WBGene00019421,1,51,52
WBGene00019422,0,32,32
WBGene00019423,60,15,75
WBGene00019424,33,360,393
WBGene00019425,6,11,17
WBGene00019426,5,326,331
WBGene00019427,47,1687,1734
WBGene00019428,643,1816,2459
WBGene00019429,70,1291,1361
WBGene00019430,0,108,108
WBGene00019431,14,22,36
WBGene00019432,293,7300,7593
WBGene00019433,111,11330,11441
WBGene00019434,465,789,1254
WBGene00019435,243,1825,2068
WBGene00019436,149,836,985
WBGene00019437,165,1369,1534
WBGene00019438,1,4,5
WBGene00019442,0,0,0
WBGene00019443,19,6,25
WBGene00019444,37,139,176
WBGene00019445,57,191,248
WBGene00019448,37,447,484
WBGene00019449,4,2,6
WBGene00019450,3,1,4
WBGene00019451,7,0,7
WBGene00019452,1,1,2
WBGene00019453,5,0,5
WBGene00019455,16,109,125
WBGene00019456,93,725,818
WBGene00019457,355,3197,3552
WBGene00019458,58,699,757
WBGene00019459,5,9,14
WBGene00019460,58,1035,1093
WBGene00019461,25,28,53
WBGene00019462,496,283,779
WBGene00019464,16,516,532
WBGene00019465,811,6237,7048
WBGene00019466,2258,52168,54426
WBGene00019467,20,2877,2897
WBGene00019470,2,0,2
WBGene00019471,3,6,9
WBGene00019472,7,24,31
WBGene00019473,23,211,234
WBGene00019476,55,737,792
WBGene00019477,34,990,1024
WBGene00019478,500,4860,5360
WBGene00019479,497,5973,6470
WBGene00019480,183,2134,2317
WBGene00019481,138,5391,5529
WBGene00019482,52,884,936
WBGene00019483,24,13,37
WBGene00019484,13,697,710
WBGene00019485,176,636,812
WBGene00019486,6,33,39
WBGene00019487,67,804,871
WBGene00019488,224,4544,4768
WBGene00019489,64,2730,2794
WBGene00019490,104,2035,2139
WBGene00019491,43,1027,1070
WBGene00019492,982,10117,11099
WBGene00019493,108,991,1099
WBGene00019495,486,14212,14698
WBGene00019496,23,138,161
WBGene00019497,61,1420,1481
WBGene00019498,145,1144,1289
WBGene00019501,1,4,5
WBGene00019502,2,5,7
WBGene00019503,53,683,736
WBGene00019504,28,2024,2052
WBGene00019506,3,29,32
WBGene00019507,5,1,6
WBGene00019508,21,128,149
WBGene00019509,3,160,163
WBGene00019510,1122,64319,65441
WBGene00019511,153,2737,2890
WBGene00019512,16,44,60
WBGene00019513,71,1111,1182
WBGene00019514,1,2,3
WBGene00019515,131,713,844
WBGene00019516,38,209,247
WBGene00019518,34,85,119
WBGene00019519,174,837,1011
WBGene00019520,0,247,247
WBGene00019521,277,4936,5213
WBGene00019522,175,954,1129
WBGene00019524,1,1,2
WBGene00019525,185,1552,1737
WBGene00019527,6,14,20
WBGene00019529,0,1,1
WBGene00019530,2,15,17
WBGene00019531,2,5,7
WBGene00019533,30,27,57
WBGene00019534,7,2,9
WBGene00019535,29,300,329
WBGene00019536,161,192,353
WBGene00019537,0,68511,68511
WBGene00019538,45,605,650
WBGene00019540,263,17799,18062
WBGene00019541,0,85,85
WBGene00019543,601,8301,8902
WBGene00019544,120,2273,2393
WBGene00019545,38,302,340
WBGene00019546,85,761,846
WBGene00019547,18,123,141
WBGene00019548,1,0,1
WBGene00019549,26,11,37
WBGene00019550,180,984,1164
WBGene00019551,2,170,172
WBGene00019552,4,3,7
WBGene00019553,2,68,70
WBGene00019554,54,976,1030
WBGene00019556,9,39,48
WBGene00019557,23,9,32
WBGene00019558,1,0,1
WBGene00019559,0,0,0
WBGene00019560,1,1,2
WBGene00019561,6,10,16
WBGene00019562,1,4,5
WBGene00019563,6,70,76
WBGene00019564,1141,18505,19646
WBGene00019565,25,411,436
WBGene00019566,1,11,12
WBGene00019567,5,3,8
WBGene00019570,37,140,177
WBGene00019571,295,203,498
WBGene00019572,0,65,65
WBGene00019574,0,1,1
WBGene00019576,0,39,39
WBGene00019577,15,117,132
WBGene00019578,5,54,59
WBGene00019579,28,255,283
WBGene00019580,3,92,95
WBGene00019582,8,12,20
WBGene00019583,0,8,8
WBGene00019584,30,18,48
WBGene00019586,21,43,64
WBGene00019587,4,65,69
WBGene00019588,2,35,37
WBGene00019589,95,207,302
WBGene00019590,8,94,102
WBGene00019591,2,1,3
WBGene00019592,0,590,590
WBGene00019593,33,1044,1077
WBGene00019594,73,18,91
WBGene00019595,38,660,698
WBGene00019597,75,921,996
WBGene00019598,0,9,9
WBGene00019599,253,1756,2009
WBGene00019600,5,245,250
WBGene00019601,7,68,75
WBGene00019602,0,1,1
WBGene00019603,26,694,720
WBGene00019604,0,3,3
WBGene00019605,246,4888,5134
WBGene00019606,0,48,48
WBGene00019607,981,11313,12294
WBGene00019608,20,766,786
WBGene00019609,232,1442,1674
WBGene00019611,25,943,968
WBGene00019612,245,2068,2313
WBGene00019613,4,13,17
WBGene00019614,14,12,26
WBGene00019615,238,1012,1250
WBGene00019616,24,123,147
WBGene00019617,290,15612,15902
WBGene00019618,56,136,192
WBGene00019619,801,15608,16409
WBGene00019620,137,10622,10759
WBGene00019621,0,2,2
WBGene00019622,1,20,21
WBGene00019623,93,923,1016
WBGene00019624,280,2695,2975
WBGene00019625,24,13,37
WBGene00019626,5,12,17
WBGene00019627,111,1494,1605
WBGene00019628,46,2042,2088
WBGene00019629,63,1977,2040
WBGene00019630,38,342,380
WBGene00019631,123,2904,3027
WBGene00019633,104,707,811
WBGene00019636,20,222,242
WBGene00019638,1,1,2
WBGene00019639,0,23,23
WBGene00019640,33,61,94
WBGene00019641,60,306,366
WBGene00019642,18,115,133
WBGene00019643,29,1092,1121
WBGene00019644,285,2173,2458
WBGene00019645,166,2892,3058
WBGene00019646,3,6,9
WBGene00019647,50,1731,1781
WBGene00019648,4,63,67
WBGene00019649,58,659,717
WBGene00019650,148,1562,1710
WBGene00019651,189,1198,1387
WBGene00019652,46,1099,1145
WBGene00019653,14,133,147
WBGene00019654,38,319,357
WBGene00019655,5,166,171
WBGene00019656,46,3237,3283
WBGene00019657,123,1395,1518
WBGene00019658,142,2118,2260
WBGene00019659,33,222,255
WBGene00019660,21,1889,1910
WBGene00019661,10,344,354
WBGene00019662,13,15,28
WBGene00019663,43,2158,2201
WBGene00019664,462,5708,6170
WBGene00019665,61,618,679
WBGene00019666,28,756,784
WBGene00019667,103,137,240
WBGene00019668,10,124,134
WBGene00019669,109,1078,1187
WBGene00019670,0,0,0
WBGene00019673,145,4608,4753
WBGene00019674,100,708,808
WBGene00019675,0,4,4
WBGene00019677,72,507,579
WBGene00019678,454,4769,5223
WBGene00019679,244,4849,5093
WBGene00019680,0,23469,23469
WBGene00019681,0,2,2
WBGene00019682,1582,33415,34997
WBGene00019683,365,139,504
WBGene00019684,4,8,12
WBGene00019685,2,4,6
WBGene00019686,318,2613,2931
WBGene00019687,2,1,3
WBGene00019688,7,7,14
WBGene00019689,0,2,2
WBGene00019690,3,18,21
WBGene00019691,57,292,349
WBGene00019692,62,544,606
WBGene00019693,42,6678,6720
WBGene00019697,800,2004,2804
WBGene00019698,540,6943,7483
WBGene00019699,10,11,21
WBGene00019700,0,1,1
WBGene00019702,0,0,0
WBGene00019703,3,2,5
WBGene00019704,0,2,2
WBGene00019705,1,22,23
WBGene00019709,0,2,2
WBGene00019710,15,537,552
WBGene00019711,108,2963,3071
WBGene00019712,37,550,587
WBGene00019713,136,2331,2467
WBGene00019714,4,0,4
WBGene00019715,170,1504,1674
WBGene00019716,703,2214,2917
WBGene00019717,240,2669,2909
WBGene00019718,9,42,51
WBGene00019719,3845,19411,23256
WBGene00019720,231,1980,2211
WBGene00019721,31,13,44
WBGene00019722,6,63,69
WBGene00019723,2,161,163
WBGene00019724,129,723,852
WBGene00019725,25,628,653
WBGene00019726,770,1079,1849
WBGene00019727,417,20464,20881
WBGene00019728,6,9,15
WBGene00019729,53,901,954
WBGene00019730,320,7499,7819
WBGene00019731,111,250,361
WBGene00019732,1,3016,3017
WBGene00019733,647,2725,3372
WBGene00019734,509,6769,7278
WBGene00019735,45,74,119
WBGene00019736,15,28,43
WBGene00019738,298,4277,4575
WBGene00019740,1,7,8
WBGene00019741,34,1069,1103
WBGene00019742,106,532,638
WBGene00019743,134,1242,1376
WBGene00019744,1096,17342,18438
WBGene00019745,1,28,29
WBGene00019746,92,211,303
WBGene00019747,977,5747,6724
WBGene00019748,236,6993,7229
WBGene00019749,117,733,850
WBGene00019750,856,823,1679
WBGene00019751,201,2672,2873
WBGene00019753,95,640,735
WBGene00019754,13,623,636
WBGene00019755,2,18,20
WBGene00019756,29,225,254
WBGene00019757,161,941,1102
WBGene00019758,4,14,18
WBGene00019759,124,23570,23694
WBGene00019760,649,22839,23488
WBGene00019761,9,42,51
WBGene00019762,340,4804,5144
WBGene00019763,40,233,273
WBGene00019764,41,375,416
WBGene00019765,414,303,717
WBGene00019766,159,979,1138
WBGene00019767,81,13800,13881
WBGene00019768,208,978,1186
WBGene00019769,4,105,109
WBGene00019770,2711,5379,8090
WBGene00019771,739,2186,2925
WBGene00019772,324,5843,6167
WBGene00019773,3,16,19
WBGene00019774,262,663,925
WBGene00019776,23,227,250
WBGene00019777,45,327,372
WBGene00019778,70,1399,1469
WBGene00019779,654,6891,7545
WBGene00019780,339,17272,17611
WBGene00019781,404,2588,2992
WBGene00019782,6,78,84
WBGene00019783,11,0,11
WBGene00019784,4,17,21
WBGene00019785,7,54,61
WBGene00019786,269,910,1179
WBGene00019787,162,733,895
WBGene00019788,0,21,21
WBGene00019791,0,6,6
WBGene00019792,83,644,727
WBGene00019793,5,3,8
WBGene00019794,1,2,3
WBGene00019795,2,2,4
WBGene00019796,6,13,19
WBGene00019797,0,3,3
WBGene00019798,0,0,0
WBGene00019799,3,22,25
WBGene00019800,19,7347,7366
WBGene00019801,179,1190,1369
WBGene00019803,62,1711,1773
WBGene00019804,20,6,26
WBGene00019805,193,3895,4088
WBGene00019806,8,445,453
WBGene00019807,96,924,1020
WBGene00019808,94,3276,3370
WBGene00019809,0,0,0
WBGene00019810,5,22,27
WBGene00019811,1,117,118
WBGene00019812,154,230,384
WBGene00019813,47,2312,2359
WBGene00019814,11,125,136
WBGene00019815,7,2,9
WBGene00019816,96,623,719
WBGene00019817,15,183,198
WBGene00019818,362,7238,7600
WBGene00019819,164,4830,4994
WBGene00019820,84,2304,2388
WBGene00019821,140,2004,2144
WBGene00019822,130,1514,1644
WBGene00019823,146,2876,3022
WBGene00019824,94,976,1070
WBGene00019825,73,483,556
WBGene00019826,0,5,5
WBGene00019827,359,3232,3591
WBGene00019828,297,638,935
WBGene00019829,32,589,621
WBGene00019830,148,17845,17993
WBGene00019831,336,24805,25141
WBGene00019832,132,446,578
WBGene00019833,4,66,70
WBGene00019834,1,24,25
WBGene00019835,0,1,1
WBGene00019836,82,2281,2363
WBGene00019837,48,295,343
WBGene00019838,317,5633,5950
WBGene00019839,7,2757,2764
WBGene00019840,49,1254,1303
WBGene00019841,88,2214,2302
WBGene00019842,995,1132,2127
WBGene00019843,67,716,783
WBGene00019844,323,1531,1854
WBGene00019845,16,51,67
WBGene00019846,128,2282,2410
WBGene00019847,277,1972,2249
WBGene00019849,6,70,76
WBGene00019850,2,4,6
WBGene00019851,6,43,49
WBGene00019854,178,362,540
WBGene00019855,381,2057,2438
WBGene00019856,6,0,6
WBGene00019857,0,0,0
WBGene00019858,15,165,180
WBGene00019859,2,208,210
WBGene00019861,15,49,64
WBGene00019862,33,1202,1235
WBGene00019863,431,1130,1561
WBGene00019864,78,834,912
WBGene00019865,24,220,244
WBGene00019866,21,118,139
WBGene00019867,77,1073,1150
WBGene00019868,55,1046,1101
WBGene00019869,81,721,802
WBGene00019870,21,863,884
WBGene00019871,38,1973,2011
WBGene00019872,324,1045,1369
WBGene00019873,105,922,1027
WBGene00019874,10,48,58
WBGene00019875,205,3077,3282
WBGene00019877,34,2068,2102
WBGene00019878,19,152,171
WBGene00019879,0,1,1
WBGene00019880,0,0,0
WBGene00019881,115,1540,1655
WBGene00019882,369,2486,2855
WBGene00019883,125,2723,2848
WBGene00019884,119,1704,1823
WBGene00019885,54,459,513
WBGene00019886,7,176,183
WBGene00019887,37,28,65
WBGene00019888,281,3364,3645
WBGene00019890,32,8135,8167
WBGene00019891,22,69,91
WBGene00019892,43,1274,1317
WBGene00019893,112,16182,16294
WBGene00019894,22,221,243
WBGene00019895,294,7538,7832
WBGene00019896,48,238,286
WBGene00019898,123,1490,1613
WBGene00019899,225,692,917
WBGene00019900,691,71384,72075
WBGene00019901,10,301,311
WBGene00019902,657,2657,3314
WBGene00019903,1,11,12
WBGene00019904,198,3172,3370
WBGene00019905,0,5,5
WBGene00019906,13,49,62
WBGene00019907,28,401,429
WBGene00019908,551,3198,3749
WBGene00019909,113,140,253
WBGene00019911,136,1279,1415
WBGene00019913,18,9,27
WBGene00019914,518,6568,7086
WBGene00019915,194,1054,1248
WBGene00019916,0,1,1
WBGene00019917,1,247,248
WBGene00019918,37,334,371
WBGene00019919,1,2,3
WBGene00019920,3,3,6
WBGene00019921,4,18,22
WBGene00019922,3,10,13
WBGene00019923,0,8,8
WBGene00019924,25,370,395
WBGene00019925,1,7,8
WBGene00019926,1,5,6
WBGene00019927,4,13,17
WBGene00019928,4,9,13
WBGene00019929,1,5,6
WBGene00019931,23,19,42
WBGene00019933,134,8,142
WBGene00019935,111,569,680
WBGene00019937,0,10351,10351
WBGene00019938,71,787,858
WBGene00019939,15,83,98
WBGene00019940,358,8169,8527
WBGene00019941,158,6037,6195
WBGene00019943,108,983,1091
WBGene00019944,54,2357,2411
WBGene00019945,0,0,0
WBGene00019946,196,5853,6049
WBGene00019947,22,22782,22804
WBGene00019948,13,99,112
WBGene00019949,6,9,15
WBGene00019950,5,6,11
WBGene00019951,3,31,34
WBGene00019952,4,285,289
WBGene00019953,223,5394,5617
WBGene00019954,0,1,1
WBGene00019955,616,1974,2590
WBGene00019956,0,25,25
WBGene00019957,213,2884,3097
WBGene00019959,94,1282,1376
WBGene00019960,141,994,1135
WBGene00019961,3,58,61
WBGene00019962,152,3209,3361
WBGene00019963,46,1423,1469
WBGene00019964,21,14,35
WBGene00019965,62,319,381
WBGene00019966,17,32,49
WBGene00019967,81,2690,2771
WBGene00019968,59,2731,2790
WBGene00019970,3,123,126
WBGene00019971,128,2294,2422
WBGene00019972,11,44,55
WBGene00019973,45,314,359
WBGene00019975,203,1548,1751
WBGene00019977,15,168,183
WBGene00019978,203,3661,3864
WBGene00019979,15,189,204
WBGene00019980,9,28,37
WBGene00019981,19,2,21
WBGene00019982,35,42,77
WBGene00019983,103,8793,8896
WBGene00019986,276,5028,5304
WBGene00019987,20,554,574
WBGene00019988,23,1737,1760
WBGene00019989,2,37,39
WBGene00019991,5,0,5
WBGene00019992,1,1,2
WBGene00019993,36,2513,2549
WBGene00019994,379,522,901
WBGene00019995,75,870,945
WBGene00019996,5,22,27
WBGene00019997,13,69,82
WBGene00019998,389,4038,4427
WBGene00019999,78,343,421
WBGene00020003,89,149,238
WBGene00020004,20,72,92
WBGene00020006,85,993,1078
WBGene00020007,76,5700,5776
WBGene00020008,49,305,354
WBGene00020009,8,289,297
WBGene00020010,42,115,157
WBGene00020011,704,63,767
WBGene00020012,203,5065,5268
WBGene00020013,2,0,2
WBGene00020014,14,591,605
WBGene00020015,2,264,266
WBGene00020016,18,50,68
WBGene00020017,23,406,429
WBGene00020018,104,1278,1382
WBGene00020019,14,41,55
WBGene00020020,131,26,157
WBGene00020021,4,7,11
WBGene00020022,135,7319,7454
WBGene00020023,32,509,541
WBGene00020024,4,0,4
WBGene00020025,84,6276,6360
WBGene00020026,205,2675,2880
WBGene00020027,125,3386,3511
WBGene00020029,234,3961,4195
WBGene00020030,31,1064,1095
WBGene00020031,379,5010,5389
WBGene00020032,4,19,23
WBGene00020033,288,3527,3815
WBGene00020034,92,222,314
WBGene00020035,6,165,171
WBGene00020036,384,6167,6551
WBGene00020037,48,5908,5956
WBGene00020038,281,6957,7238
WBGene00020039,23,527,550
WBGene00020040,42,213,255
WBGene00020041,7,16,23
WBGene00020042,0,2,2
WBGene00020043,34,692,726
WBGene00020044,3,11,14
WBGene00020045,56,736,792
WBGene00020046,31,49,80
WBGene00020047,46,614,660
WBGene00020048,15,218,233
WBGene00020049,22,1422,1444
WBGene00020050,10,213,223
WBGene00020051,167,3441,3608
WBGene00020052,16,1010,1026
WBGene00020053,1,13,14
WBGene00020054,61,3608,3669
WBGene00020055,0,5,5
WBGene00020056,5,15,20
WBGene00020057,20,17,37
WBGene00020058,407,3110,3517
WBGene00020060,27,57,84
WBGene00020062,16,965,981
WBGene00020063,3,3,6
WBGene00020064,125,919,1044
WBGene00020066,37,189,226
WBGene00020067,1,7,8
WBGene00020068,461,8148,8609
WBGene00020069,330,1110,1440
WBGene00020070,2,19,21
WBGene00020071,0,0,0
WBGene00020072,0,0,0
WBGene00020073,0,4,4
WBGene00020076,1,0,1
WBGene00020077,2,0,2
WBGene00020078,4,4,8
WBGene00020080,13,25,38
WBGene00020082,442,3290,3732
WBGene00020083,32,310,342
WBGene00020084,1,7,8
WBGene00020086,74,187,261
WBGene00020088,58,218,276
WBGene00020089,685,2688,3373
WBGene00020090,206,724,930
WBGene00020091,16,305,321
WBGene00020092,462,3122,3584
WBGene00020093,71,496,567
WBGene00020094,86,1692,1778
WBGene00020095,44,1083,1127
WBGene00020096,16,993,1009
WBGene00020097,2038,21175,23213
WBGene00020098,26,441,467
WBGene00020099,150,1296,1446
WBGene00020100,110,404,514
WBGene00020101,139,1193,1332
WBGene00020102,252,2324,2576
WBGene00020103,4,281,285
WBGene00020104,32,704,736
WBGene00020105,59,148,207
WBGene00020106,277,1607,1884
WBGene00020107,155,9075,9230
WBGene00020109,0,50,50
WBGene00020110,0,1746,1746
WBGene00020111,0,238,238
WBGene00020112,0,4157,4157
WBGene00020113,0,3,3
WBGene00020114,4476,14323,18799
WBGene00020115,807,7948,8755
WBGene00020116,14,4,18
WBGene00020117,0,1,1
WBGene00020118,2,8,10
WBGene00020119,1,1,2
WBGene00020120,0,0,0
WBGene00020121,2,15,17
WBGene00020122,0,17,17
WBGene00020123,16,6,22
WBGene00020125,59,475,534
WBGene00020126,98,3052,3150
WBGene00020127,0,0,0
WBGene00020128,578,2869,3447
WBGene00020129,5,4,9
WBGene00020130,43,269,312
WBGene00020131,1988,7668,9656
WBGene00020134,1019,457,1476
WBGene00020135,109,1304,1413
WBGene00020136,1,21,22
WBGene00020137,41,453,494
WBGene00020138,25,184,209
WBGene00020139,98,3350,3448
WBGene00020140,0,9,9
WBGene00020141,71,976,1047
WBGene00020142,425,3240,3665
WBGene00020143,849,12117,12966
WBGene00020144,67,55,122
WBGene00020146,156,14572,14728
WBGene00020148,21,435,456
WBGene00020149,63,2146,2209
WBGene00020150,12,3,15
WBGene00020151,6,285,291
WBGene00020152,68,204,272
WBGene00020153,92,695,787
WBGene00020154,5,118,123
WBGene00020155,10,12663,12673
WBGene00020156,26,11756,11782
WBGene00020157,41,124,165
WBGene00020158,641,12059,12700
WBGene00020160,332,1798,2130
WBGene00020163,121,634,755
WBGene00020166,244,6112,6356
WBGene00020168,9,207,216
WBGene00020169,45,1528,1573
WBGene00020170,100,62,162
WBGene00020171,1029,3925,4954
WBGene00020172,112,850,962
WBGene00020173,3,4,7
WBGene00020174,0,0,0
WBGene00020175,8,36,44
WBGene00020176,0,0,0
WBGene00020177,0,0,0
WBGene00020178,0,0,0
WBGene00020179,2,25,27
WBGene00020180,3,0,3
WBGene00020181,4821,59248,64069
WBGene00020182,29,322,351
WBGene00020183,23,439,462
WBGene00020184,37,1810,1847
WBGene00020185,31,12303,12334
WBGene00020187,27,177,204
WBGene00020188,25,480,505
WBGene00020189,237,794,1031
WBGene00020190,910,9443,10353
WBGene00020191,307,3135,3442
WBGene00020192,402,62875,63277
WBGene00020193,44,652,696
WBGene00020194,141,1819,1960
WBGene00020195,65,5321,5386
WBGene00020196,242,516,758
WBGene00020197,97,1991,2088
WBGene00020199,17,1064,1081
WBGene00020200,235,4279,4514
WBGene00020201,1,9,10
WBGene00020202,2,0,2
WBGene00020203,21,4,25
WBGene00020205,0,16,16
WBGene00020207,390,1918,2308
WBGene00020208,826,2152,2978
WBGene00020209,1587,7164,8751
WBGene00020210,0,11,11
WBGene00020211,0,5,5
WBGene00020212,50,58,108
WBGene00020214,69,856,925
WBGene00020215,195,3589,3784
WBGene00020216,91,19434,19525
WBGene00020217,6,9,15
WBGene00020218,7,72,79
WBGene00020219,43,425,468
WBGene00020220,35,8,43
WBGene00020221,0,101,101
WBGene00020222,12,609,621
WBGene00020223,3,68,71
WBGene00020224,105,891,996
WBGene00020225,15,44,59
WBGene00020227,0,14,14
WBGene00020228,1,5,6
WBGene00020229,1152,11467,12619
WBGene00020230,471,2283,2754
WBGene00020231,73,251,324
WBGene00020232,2,0,2
WBGene00020233,3,55,58
WBGene00020234,506,3499,4005
WBGene00020235,224,1629,1853
WBGene00020236,117,216,333
WBGene00020237,3,4689,4692
WBGene00020239,0,5,5
WBGene00020240,0,5,5
WBGene00020241,0,7,7
WBGene00020242,0,873,873
WBGene00020243,5,27,32
WBGene00020244,0,35,35
WBGene00020245,19,1052,1071
WBGene00020246,189,9931,10120
WBGene00020247,3,70,73
WBGene00020248,20,493,513
WBGene00020249,201,766,967
WBGene00020250,10,187,197
WBGene00020251,1075,5173,6248
WBGene00020252,23,21,44
WBGene00020254,51,151,202
WBGene00020256,102,919,1021
WBGene00020258,227,2381,2608
WBGene00020259,101,1425,1526
WBGene00020260,172,1879,2051
WBGene00020261,0,32,32
WBGene00020262,3,22,25
WBGene00020263,332,1831,2163
WBGene00020264,62,797,859
WBGene00020265,3,8,11
WBGene00020266,22,93,115
WBGene00020267,12,152,164
WBGene00020268,569,6361,6930
WBGene00020269,143,14210,14353
WBGene00020270,11,207,218
WBGene00020273,471,2210,2681
WBGene00020274,120,2439,2559
WBGene00020275,4726,65299,70025
WBGene00020276,0,379,379
WBGene00020277,6,62,68
WBGene00020279,272,1544,1816
WBGene00020280,119,1534,1653
WBGene00020281,111,858,969
WBGene00020282,3,4,7
WBGene00020283,69,384,453
WBGene00020284,684,3481,4165
WBGene00020285,7,25,32
WBGene00020286,12,1633,1645
WBGene00020287,294,3536,3830
WBGene00020288,8,3,11
WBGene00020289,0,10,10
WBGene00020290,5,1,6
WBGene00020291,2,3,5
WBGene00020292,2,0,2
WBGene00020293,1,4,5
WBGene00020294,784,2434,3218
WBGene00020295,32,485,517
WBGene00020296,194,2768,2962
WBGene00020297,1254,29002,30256
WBGene00020298,240,3454,3694
WBGene00020299,318,1804,2122
WBGene00020300,27,751,778
WBGene00020301,414,1525,1939
WBGene00020302,0,465,465
WBGene00020305,4,1,5
WBGene00020307,526,3014,3540
WBGene00020311,14,1290,1304
WBGene00020313,11,33,44
WBGene00020314,33,851,884
WBGene00020315,112,5250,5362
WBGene00020316,316,1538,1854
WBGene00020317,1022,29166,30188
WBGene00020318,0,47,47
WBGene00020319,9,191,200
WBGene00020320,17,574,591
WBGene00020321,40,1494,1534
WBGene00020322,27,1766,1793
WBGene00020323,47,151,198
WBGene00020324,27,2372,2399
WBGene00020325,29,613,642
WBGene00020326,2,3,5
WBGene00020327,3,74,77
WBGene00020328,0,7,7
WBGene00020329,18,466,484
WBGene00020330,37,553,590
WBGene00020333,0,13,13
WBGene00020334,285,2886,3171
WBGene00020335,15,240,255
WBGene00020339,18,722,740
WBGene00020340,254,3371,3625
WBGene00020341,82,868,950
WBGene00020342,4,1,5
WBGene00020343,34,218,252
WBGene00020345,10,51,61
WBGene00020346,503,3667,4170
WBGene00020347,817,9316,10133
WBGene00020348,20,2973,2993
WBGene00020349,20,122,142
WBGene00020350,0,14,14
WBGene00020351,0,1,1
WBGene00020353,3,5,8
WBGene00020354,0,3,3
WBGene00020356,4,9,13
WBGene00020357,10,9,19
WBGene00020358,3,226,229
WBGene00020359,4,184,188
WBGene00020360,900,5027,5927
WBGene00020361,2,31,33
WBGene00020362,0,3,3
WBGene00020363,36,556,592
WBGene00020364,1,6,7
WBGene00020365,45,73,118
WBGene00020366,502,7585,8087
WBGene00020368,74,3036,3110
WBGene00020369,306,7519,7825
WBGene00020370,3,29,32
WBGene00020371,4,1,5
WBGene00020372,13,43,56
WBGene00020373,12,1469,1481
WBGene00020374,1223,1939,3162
WBGene00020375,14,504,518
WBGene00020376,46,708,754
WBGene00020377,43,257,300
WBGene00020378,91,1245,1336
WBGene00020379,68,3371,3439
WBGene00020380,25,278,303
WBGene00020381,15,81,96
WBGene00020382,829,18019,18848
WBGene00020383,934,5814,6748
WBGene00020384,4,8,12
WBGene00020385,134,344,478
WBGene00020386,1,27,28
WBGene00020389,293,6249,6542
WBGene00020390,257,6231,6488
WBGene00020391,78,22197,22275
WBGene00020392,44,1724,1768
WBGene00020393,30,4431,4461
WBGene00020394,39,604,643
WBGene00020396,62,463,525
WBGene00020397,478,8050,8528
WBGene00020398,205,2763,2968
WBGene00020399,202,2954,3156
WBGene00020400,3,4,7
WBGene00020401,18,274,292
WBGene00020402,138,2439,2577
WBGene00020403,275,2509,2784
WBGene00020404,64,1114,1178
WBGene00020406,7,0,7
WBGene00020407,28,805,833
WBGene00020408,146,1087,1233
WBGene00020409,1,1,2
WBGene00020410,0,1,1
WBGene00020411,18,608,626
WBGene00020412,64,977,1041
WBGene00020413,168,1771,1939
WBGene00020414,1,3,4
WBGene00020415,44,322,366
WBGene00020416,0,2,2
WBGene00020417,57,17956,18013
WBGene00020418,33,193,226
WBGene00020419,19,113,132
WBGene00020420,213,32,245
WBGene00020421,51,62,113
WBGene00020422,44,1246,1290
WBGene00020423,29,5735,5764
WBGene00020424,4,127,131
WBGene00020425,105,1444,1549
WBGene00020426,12,660,672
WBGene00020427,120,1263,1383
WBGene00020428,1,5,6
WBGene00020430,15,9,24
WBGene00020431,3,11,14
WBGene00020432,10,3,13
WBGene00020433,1,0,1
WBGene00020435,3,6,9
WBGene00020436,200,217,417
WBGene00020437,59,8279,8338
WBGene00020438,0,4,4
WBGene00020439,2,7,9
WBGene00020440,2,0,2
WBGene00020441,204,1973,2177
WBGene00020442,86,2522,2608
WBGene00020443,256,2183,2439
WBGene00020444,44,226,270
WBGene00020445,48,484,532
WBGene00020446,72,4246,4318
WBGene00020447,273,2819,3092
WBGene00020448,2,64,66
WBGene00020449,5,284,289
WBGene00020450,18,509,527
WBGene00020451,20,511,531
WBGene00020452,0,1,1
WBGene00020453,11,132,143
WBGene00020454,4,10,14
WBGene00020455,55,428,483
WBGene00020456,13,196,209
WBGene00020457,29,1342,1371
WBGene00020459,140,35,175
WBGene00020460,6,192,198
WBGene00020461,37,149,186
WBGene00020462,215,1291,1506
WBGene00020463,39,980,1019
WBGene00020464,11,778,789
WBGene00020465,70,310,380
WBGene00020466,12,686,698
WBGene00020467,6,77,83
WBGene00020468,6,82,88
WBGene00020469,0,306,306
WBGene00020471,212,1864,2076
WBGene00020472,6,42,48
WBGene00020473,3,2,5
WBGene00020474,14,24,38
WBGene00020475,149,2775,2924
WBGene00020476,17,12,29
WBGene00020478,114,288,402
WBGene00020479,199,2291,2490
WBGene00020480,90,1189,1279
WBGene00020481,284,6614,6898
WBGene00020482,55,267,322
WBGene00020483,4,87,91
WBGene00020484,1,29,30
WBGene00020485,16,66,82
WBGene00020486,97,1012,1109
WBGene00020487,1,76,77
WBGene00020488,4,69,73
WBGene00020489,234,911,1145
WBGene00020490,397,1975,2372
WBGene00020491,69,919,988
WBGene00020492,809,0,809
WBGene00020494,2,73,75
WBGene00020496,415,4932,5347
WBGene00020497,7,3394,3401
WBGene00020498,159,2486,2645
WBGene00020499,265,2072,2337
WBGene00020500,109,1401,1510
WBGene00020501,107,1504,1611
WBGene00020502,251,1398,1649
WBGene00020503,12,52,64
WBGene00020504,761,2746,3507
WBGene00020505,12,92,104
WBGene00020506,197,579,776
WBGene00020507,120,10754,10874
WBGene00020508,11,881,892
WBGene00020509,149,1536,1685
WBGene00020510,45,1365,1410
WBGene00020511,306,7095,7401
WBGene00020515,2,1,3
WBGene00020516,148,2972,3120
WBGene00020517,166,15969,16135
WBGene00020520,7,4,11
WBGene00020522,13,20,33
WBGene00020523,6,13,19
WBGene00020524,32,61,93
WBGene00020525,1,1,2
WBGene00020526,3,0,3
WBGene00020527,32,121,153
WBGene00020528,38,226,264
WBGene00020529,4,26,30
WBGene00020530,414,2818,3232
WBGene00020531,24,26,50
WBGene00020532,23,101,124
WBGene00020533,3,2,5
WBGene00020534,0,0,0
WBGene00020535,1,3,4
WBGene00020536,0,0,0
WBGene00020537,1,11,12
WBGene00020539,3,0,3
WBGene00020540,42,558,600
WBGene00020541,0,1,1
WBGene00020542,2,3,5
WBGene00020543,1,3,4
WBGene00020544,0,10,10
WBGene00020546,3,2,5
WBGene00020548,0,2,2
WBGene00020549,6,6380,6386
WBGene00020550,9,1085,1094
WBGene00020551,21,250,271
WBGene00020553,75,3433,3508
WBGene00020554,46,535,581
WBGene00020555,27,144,171
WBGene00020556,122,1256,1378
WBGene00020557,491,6622,7113
WBGene00020558,84,747,831
WBGene00020559,61,402,463
WBGene00020560,207,168,375
WBGene00020561,586,5390,5976
WBGene00020562,206,3593,3799
WBGene00020563,126,1681,1807
WBGene00020564,52,108,160
WBGene00020565,10,553,563
WBGene00020566,93,749,842
WBGene00020567,26,133,159
WBGene00020568,159,2190,2349
WBGene00020569,65,340,405
WBGene00020571,15,62,77
WBGene00020572,151,1075,1226
WBGene00020573,56,654,710
WBGene00020574,30,171,201
WBGene00020575,50,220,270
WBGene00020576,12,2116,2128
WBGene00020577,71,1171,1242
WBGene00020578,5,31,36
WBGene00020579,458,4691,5149
WBGene00020580,3,14,17
WBGene00020581,616,3835,4451
WBGene00020582,15,1182,1197
WBGene00020583,7,132,139
WBGene00020584,7,24,31
WBGene00020585,309,7397,7706
WBGene00020586,122,438,560
WBGene00020587,184,2314,2498
WBGene00020588,96,2352,2448
WBGene00020589,319,4496,4815
WBGene00020590,102,374,476
WBGene00020592,346,4788,5134
WBGene00020593,90,1628,1718
WBGene00020594,3,30,33
WBGene00020595,160,2613,2773
WBGene00020596,109,1709,1818
WBGene00020597,2,7,9
WBGene00020598,4,1,5
WBGene00020599,377,1017,1394
WBGene00020600,268,2845,3113
WBGene00020601,63,4345,4408
WBGene00020602,6,38,44
WBGene00020603,0,3,3
WBGene00020604,79,6295,6374
WBGene00020605,103,1162,1265
WBGene00020607,1,12,13
WBGene00020608,3,16,19
WBGene00020609,6,2,8
WBGene00020611,14,3,17
WBGene00020612,36,275,311
WBGene00020613,0,0,0
WBGene00020616,3,31,34
WBGene00020617,2,45,47
WBGene00020618,2,8,10
WBGene00020620,12,15,27
WBGene00020623,1,6,7
WBGene00020624,0,0,0
WBGene00020625,40,1603,1643
WBGene00020626,37,375,412
WBGene00020627,65,96,161
WBGene00020628,165,1733,1898
WBGene00020629,67,1372,1439
WBGene00020630,84,1273,1357
WBGene00020631,0,89,89
WBGene00020633,77,2053,2130
WBGene00020634,32,172,204
WBGene00020635,18,31,49
WBGene00020636,96,20045,20141
WBGene00020637,3,5,8
WBGene00020638,3,16,19
WBGene00020639,0,0,0
WBGene00020640,2,23,25
WBGene00020642,3,17,20
WBGene00020645,2,69,71
WBGene00020646,6,54,60
WBGene00020647,81,2301,2382
WBGene00020648,50,414,464
WBGene00020649,196,1173,1369
WBGene00020650,7,23,30
WBGene00020651,77,978,1055
WBGene00020652,10,133,143
WBGene00020653,4,15,19
WBGene00020655,24,20,44
WBGene00020656,2,4,6
WBGene00020657,140,255,395
WBGene00020658,44,1784,1828
WBGene00020659,5,415,420
WBGene00020660,2,271,273
WBGene00020661,0,15,15
WBGene00020662,2089,37144,39233
WBGene00020663,59,313,372
WBGene00020664,96,937,1033
WBGene00020665,1,13,14
WBGene00020666,4,2,6
WBGene00020667,8,16,24
WBGene00020669,21,2,23
WBGene00020670,1,7,8
WBGene00020672,534,102,636
WBGene00020673,54,933,987
WBGene00020674,10,23,33
WBGene00020675,10,669,679
WBGene00020678,334,7957,8291
WBGene00020679,410,19727,20137
WBGene00020680,4,13,17
WBGene00020681,1,13,14
WBGene00020682,329,4846,5175
WBGene00020683,121,13263,13384
WBGene00020684,6,134,140
WBGene00020685,0,0,0
WBGene00020686,14,18,32
WBGene00020687,178,5093,5271
WBGene00020688,8,88,96
WBGene00020689,219,984,1203
WBGene00020690,222,1025,1247
WBGene00020691,64,69,133
WBGene00020692,18,167,185
WBGene00020693,226,2194,2420
WBGene00020694,100,245,345
WBGene00020695,70,2147,2217
WBGene00020696,393,16162,16555
WBGene00020697,61,257,318
WBGene00020698,9,32,41
WBGene00020699,46,84,130
WBGene00020700,2,90,92
WBGene00020701,75,1789,1864
WBGene00020702,65,190,255
WBGene00020703,312,4909,5221
WBGene00020704,109,543,652
WBGene00020705,440,2829,3269
WBGene00020706,431,1093,1524
WBGene00020707,11,19,30
WBGene00020708,5,311,316
WBGene00020709,11,1819,1830
WBGene00020710,31,3849,3880
WBGene00020712,168,394,562
WBGene00020713,3,15,18
WBGene00020714,24,755,779
WBGene00020715,0,51,51
WBGene00020716,47,427,474
WBGene00020717,315,3282,3597
WBGene00020718,28,2350,2378
WBGene00020719,69,3125,3194
WBGene00020720,6,63,69
WBGene00020721,42,742,784
WBGene00020722,165,3349,3514
WBGene00020725,91,2820,2911
WBGene00020726,75,935,1010
WBGene00020727,46,332,378
WBGene00020728,33,46,79
WBGene00020730,11,10,21
WBGene00020732,561,10878,11439
WBGene00020735,468,2985,3453
WBGene00020736,1669,3665,5334
WBGene00020737,22,393,415
WBGene00020738,192,3240,3432
WBGene00020740,84,2818,2902
WBGene00020741,19,433,452
WBGene00020742,276,1898,2174
WBGene00020743,37,651,688
WBGene00020744,4,390,394
WBGene00020746,5,65,70
WBGene00020747,1,104,105
WBGene00020748,10,45,55
WBGene00020749,8,56,64
WBGene00020750,3,27,30
WBGene00020752,0,1,1
WBGene00020753,0,0,0
WBGene00020754,0,0,0
WBGene00020755,1,2,3
WBGene00020756,176,3092,3268
WBGene00020757,36,698,734
WBGene00020758,173,379,552
WBGene00020759,114,748,862
WBGene00020760,1279,12471,13750
WBGene00020761,93,771,864
WBGene00020762,257,4041,4298
WBGene00020763,257,2851,3108
WBGene00020764,14,44,58
WBGene00020765,90,1150,1240
WBGene00020766,1,182,183
WBGene00020767,83,1910,1993
WBGene00020769,11,16,27
WBGene00020770,621,1451,2072
WBGene00020771,1,11,12
WBGene00020772,0,6,6
WBGene00020773,9,7,16
WBGene00020774,86,895,981
WBGene00020775,5,50,55
WBGene00020777,57,290,347
WBGene00020778,9,60,69
WBGene00020779,418,3482,3900
WBGene00020781,436,7033,7469
WBGene00020782,70,1109,1179
WBGene00020783,62,358,420
WBGene00020784,299,2713,3012
WBGene00020785,2,27,29
WBGene00020786,101,442,543
WBGene00020787,0,15,15
WBGene00020788,253,7343,7596
WBGene00020789,1,57,58
WBGene00020790,52,489,541
WBGene00020791,5,9,14
WBGene00020792,5,40,45
WBGene00020793,25,30,55
WBGene00020794,1,11,12
WBGene00020795,10,6,16
WBGene00020796,42,4503,4545
WBGene00020797,12,39,51
WBGene00020798,59,520,579
WBGene00020799,97,4159,4256
WBGene00020800,30,350,380
WBGene00020801,20,766,786
WBGene00020802,1,20,21
WBGene00020803,22,264,286
WBGene00020804,4,48,52
WBGene00020805,0,15,15
WBGene00020806,49,523,572
WBGene00020807,52,253,305
WBGene00020808,13751,214989,228740
WBGene00020809,5,22,27
WBGene00020810,91,58,149
WBGene00020811,243,2111,2354
WBGene00020812,642,13161,13803
WBGene00020813,28,217,245
WBGene00020817,20,999,1019
WBGene00020819,31,426,457
WBGene00020820,28,940,968
WBGene00020821,179,4233,4412
WBGene00020822,124,1081,1205
WBGene00020823,107,770,877
WBGene00020824,260,2704,2964
WBGene00020825,107,379,486
WBGene00020826,83,62,145
WBGene00020827,77,4421,4498
WBGene00020828,0,10,10
WBGene00020829,27,4,31
WBGene00020830,142,763,905
WBGene00020831,119,4266,4385
WBGene00020832,15,41,56
WBGene00020833,16,185,201
WBGene00020834,43,51,94
WBGene00020835,108,8,116
WBGene00020836,110,4297,4407
WBGene00020837,16,2957,2973
WBGene00020838,787,10757,11544
WBGene00020839,113,2375,2488
WBGene00020840,0,106,106
WBGene00020841,1,12,13
WBGene00020842,58,999,1057
WBGene00020843,15,479,494
WBGene00020844,0,1266,1266
WBGene00020845,1,4,5
WBGene00020846,149,519,668
WBGene00020847,172,2245,2417
WBGene00020849,60,386,446
WBGene00020850,57,405,462
WBGene00020851,7,74,81
WBGene00020852,223,2295,2518
WBGene00020853,13,113,126
WBGene00020854,719,20585,21304
WBGene00020855,96,529,625
WBGene00020856,1,5,6
WBGene00020857,26,53,79
WBGene00020858,54,94,148
WBGene00020859,166,1066,1232
WBGene00020860,0,86,86
WBGene00020861,208,730,938
WBGene00020862,2799,44546,47345
WBGene00020863,51,158,209
WBGene00020864,141,127,268
WBGene00020865,325,4194,4519
WBGene00020866,427,3220,3647
WBGene00020867,431,2270,2701
WBGene00020868,1223,22442,23665
WBGene00020869,43,732,775
WBGene00020870,2,2,4
WBGene00020871,0,0,0
WBGene00020874,2,1,3
WBGene00020875,0,9,9
WBGene00020877,1,20,21
WBGene00020878,13,227,240
WBGene00020879,1,5,6
WBGene00020880,2,1,3
WBGene00020881,3,7,10
WBGene00020882,4,7,11
WBGene00020883,18,904,922
WBGene00020884,393,3330,3723
WBGene00020886,87,8128,8215
WBGene00020887,842,6491,7333
WBGene00020888,9,14,23
WBGene00020889,22,239,261
WBGene00020890,2,2,4
WBGene00020891,552,3815,4367
WBGene00020892,3,28,31
WBGene00020893,26,114,140
WBGene00020894,1358,48223,49581
WBGene00020895,1175,9375,10550
WBGene00020896,7,372,379
WBGene00020897,246,1807,2053
WBGene00020898,10,245,255
WBGene00020899,0,40,40
WBGene00020900,18,37,55
WBGene00020901,126,1446,1572
WBGene00020902,725,5643,6368
WBGene00020903,76,416,492
WBGene00020904,107,209,316
WBGene00020905,0,7,7
WBGene00020906,29,217,246
WBGene00020907,5,19,24
WBGene00020908,40,428,468
WBGene00020909,275,2374,2649
WBGene00020910,21,338,359
WBGene00020911,39,341,380
WBGene00020912,75,2414,2489
WBGene00020913,3,30,33
WBGene00020914,14,9,23
WBGene00020915,282,45813,46095
WBGene00020917,336,3731,4067
WBGene00020918,4,25,29
WBGene00020919,29,830,859
WBGene00020920,170,752,922
WBGene00020921,102,2779,2881
WBGene00020922,0,3,3
WBGene00020923,0,17,17
WBGene00020924,29,189,218
WBGene00020927,115,6,121
WBGene00020929,262,3653,3915
WBGene00020930,3662,14040,17702
WBGene00020931,32,7491,7523
WBGene00020932,339,4224,4563
WBGene00020933,54,2056,2110
WBGene00020935,226,2297,2523
WBGene00020936,65,2491,2556
WBGene00020937,20,770,790
WBGene00020938,73,1855,1928
WBGene00020939,30,892,922
WBGene00020940,1,2,3
WBGene00020941,11,50,61
WBGene00020942,397,4351,4748
WBGene00020943,28,275,303
WBGene00020944,1,5,6
WBGene00020945,83,2,85
WBGene00020946,35,121,156
WBGene00020947,194,552,746
WBGene00020948,4,61,65
WBGene00020949,48,812,860
WBGene00020950,342,22445,22787
WBGene00020951,266,4950,5216
WBGene00020952,280,626,906
WBGene00020953,0,22,22
WBGene00020954,138,2046,2184
WBGene00020955,394,400,794
WBGene00020957,165,944,1109
WBGene00020961,11,7,18
WBGene00020962,35,304,339
WBGene00020964,212,1143,1355
WBGene00020966,18,448,466
WBGene00020967,21,388,409
WBGene00020970,180,1565,1745
WBGene00020972,50,296,346
WBGene00020973,6,15,21
WBGene00020974,0,0,0
WBGene00020976,9,26,35
WBGene00020977,21,72,93
WBGene00020978,7,1,8
WBGene00020979,0,4,4
WBGene00020982,2,1,3
WBGene00020983,20,28,48
WBGene00020984,0,2,2
WBGene00020985,106,270,376
WBGene00020986,12,82,94
WBGene00020987,1,9,10
WBGene00020988,2,10,12
WBGene00020989,73,657,730
WBGene00020990,1,7,8
WBGene00020993,73,2369,2442
WBGene00020994,36,3455,3491
WBGene00020995,37,613,650
WBGene00020997,135,414,549
WBGene00020999,145,1677,1822
WBGene00021000,15,1164,1179
WBGene00021002,122,1573,1695
WBGene00021003,0,26,26
WBGene00021004,331,6310,6641
WBGene00021005,8,33,41
WBGene00021006,2,0,2
WBGene00021007,3,12,15
WBGene00021008,16,36,52
WBGene00021009,3126,5717,8843
WBGene00021010,5,8,13
WBGene00021011,0,888,888
WBGene00021012,158,1084,1242
WBGene00021013,10,4,14
WBGene00021014,10,319,329
WBGene00021015,3,212,215
WBGene00021016,10,20,30
WBGene00021017,57,374,431
WBGene00021019,206,1731,1937
WBGene00021020,1512,3436,4948
WBGene00021021,663,3518,4181
WBGene00021022,551,1332,1883
WBGene00021023,0,22,22
WBGene00021024,386,7165,7551
WBGene00021025,22,24,46
WBGene00021026,384,8815,9199
WBGene00021027,78,302,380
WBGene00021028,24,29,53
WBGene00021029,0,29,29
WBGene00021030,4,23,27
WBGene00021031,5,145,150
WBGene00021032,10,5,15
WBGene00021033,0,1,1
WBGene00021034,2,42,44
WBGene00021035,6,125,131
WBGene00021036,1325,6967,8292
WBGene00021038,91,486,577
WBGene00021039,52,704,756
WBGene00021040,26,65,91
WBGene00021041,10,13,23
WBGene00021042,5,64,69
WBGene00021043,87,31378,31465
WBGene00021044,244,2355,2599
WBGene00021045,18,60,78
WBGene00021046,136,1152,1288
WBGene00021047,334,3573,3907
WBGene00021048,1251,9088,10339
WBGene00021049,74,1320,1394
WBGene00021051,47,1005,1052
WBGene00021052,15,14,29
WBGene00021053,4,108,112
WBGene00021054,0,3,3
WBGene00021055,61,220,281
WBGene00021056,7,83,90
WBGene00021057,37,1166,1203
WBGene00021058,264,1170,1434
WBGene00021059,319,1510,1829
WBGene00021060,202,2857,3059
WBGene00021061,90,1102,1192
WBGene00021063,46,1448,1494
WBGene00021066,10,960,970
WBGene00021067,2,21,23
WBGene00021068,588,30675,31263
WBGene00021070,278,2676,2954
WBGene00021072,28,242,270
WBGene00021073,403,10463,10866
WBGene00021074,99,4860,4959
WBGene00021075,10260,591,10851
WBGene00021076,47,438,485
WBGene00021078,871,4460,5331
WBGene00021079,697,7869,8566
WBGene00021080,273,1710,1983
WBGene00021081,30,25,55
WBGene00021082,18,919,937
WBGene00021083,0,18,18
WBGene00021084,1,27,28
WBGene00021085,0,8,8
WBGene00021086,0,0,0
WBGene00021087,15,34,49
WBGene00021088,207,28347,28554
WBGene00021089,93,454,547
WBGene00021090,15,1,16
WBGene00021091,0,3,3
WBGene00021092,0,1,1
WBGene00021093,51,4115,4166
WBGene00021094,33,62,95
WBGene00021095,54,1819,1873
WBGene00021096,22,2,24
WBGene00021097,155,3970,4125
WBGene00021098,0,63,63
WBGene00021099,3,12,15
WBGene00021101,7,37,44
WBGene00021103,249,1377,1626
WBGene00021104,101,1472,1573
WBGene00021105,289,39,328
WBGene00021106,0,0,0
WBGene00021107,0,0,0
WBGene00021108,1,3,4
WBGene00021109,0,1,1
WBGene00021110,4,5,9
WBGene00021111,23,313,336
WBGene00021112,6,1723,1729
WBGene00021113,0,0,0
WBGene00021114,0,6,6
WBGene00021115,3,9,12
WBGene00021116,109,1164,1273
WBGene00021117,2,39,41
WBGene00021118,2,8,10
WBGene00021120,2,32,34
WBGene00021121,141,3462,3603
WBGene00021122,4,1,5
WBGene00021123,32,579,611
WBGene00021124,84,177,261
WBGene00021125,61,190,251
WBGene00021126,9,44,53
WBGene00021127,72,2523,2595
WBGene00021128,882,13543,14425
WBGene00021129,20,25,45
WBGene00021131,63,829,892
WBGene00021132,324,1547,1871
WBGene00021133,320,7115,7435
WBGene00021134,15,57,72
WBGene00021135,3,10,13
WBGene00021136,7,77,84
WBGene00021137,1,2,3
WBGene00021138,0,3,3
WBGene00021139,2,0,2
WBGene00021141,2,2,4
WBGene00021142,0,0,0
WBGene00021143,0,1,1
WBGene00021144,4,2,6
WBGene00021145,8,2,10
WBGene00021146,117,728,845
WBGene00021148,140,1499,1639
WBGene00021149,293,4069,4362
WBGene00021150,0,1,1
WBGene00021152,386,515,901
WBGene00021153,0,3,3
WBGene00021154,1,0,1
WBGene00021155,14,694,708
WBGene00021156,60,386,446
WBGene00021157,39,127,166
WBGene00021158,14,79,93
WBGene00021159,81,537,618
WBGene00021160,294,3688,3982
WBGene00021161,1316,13025,14341
WBGene00021162,0,4,4
WBGene00021163,27,409,436
WBGene00021164,19,13,32
WBGene00021165,0,5,5
WBGene00021166,0,2,2
WBGene00021167,87,975,1062
WBGene00021168,10,82,92
WBGene00021169,1,4,5
WBGene00021170,74,3701,3775
WBGene00021171,193,2033,2226
WBGene00021172,0,2,2
WBGene00021173,1,1,2
WBGene00021174,0,0,0
WBGene00021175,8,9,17
WBGene00021176,60,512,572
WBGene00021177,2,2,4
WBGene00021178,42,889,931
WBGene00021179,2,8,10
WBGene00021180,3,33,36
WBGene00021182,8,27,35
WBGene00021183,7,23,30
WBGene00021184,1,0,1
WBGene00021185,85,599,684
WBGene00021186,206,462,668
WBGene00021187,403,326,729
WBGene00021188,0,2,2
WBGene00021189,1,12,13
WBGene00021190,86,1068,1154
WBGene00021191,161,2214,2375
WBGene00021192,33,428,461
WBGene00021193,8,14,22
WBGene00021194,0,0,0
WBGene00021195,7,119,126
WBGene00021196,9,57,66
WBGene00021197,2,0,2
WBGene00021198,3,10,13
WBGene00021199,230,59,289
WBGene00021200,34,177,211
WBGene00021201,18,596,614
WBGene00021202,83,1875,1958
WBGene00021204,8,128,136
WBGene00021205,33,1855,1888
WBGene00021207,9,13,22
WBGene00021208,126,1748,1874
WBGene00021209,366,1889,2255
WBGene00021210,132,1613,1745
WBGene00021212,11,55,66
WBGene00021213,79,569,648
WBGene00021214,9,42,51
WBGene00021215,57,267,324
WBGene00021216,0,0,0
WBGene00021217,0,0,0
WBGene00021219,0,0,0
WBGene00021220,0,0,0
WBGene00021221,0,0,0
WBGene00021222,0,0,0
WBGene00021223,0,0,0
WBGene00021224,0,0,0
WBGene00021226,0,0,0
WBGene00021227,0,0,0
WBGene00021228,0,0,0
WBGene00021232,10,46,56
WBGene00021235,6,8,14
WBGene00021236,0,592,592
WBGene00021237,457,1827,2284
WBGene00021238,649,344,993
WBGene00021239,575,963,1538
WBGene00021241,4,0,4
WBGene00021243,0,3,3
WBGene00021244,130,52,182
WBGene00021245,112,1281,1393
WBGene00021246,95,511,606
WBGene00021247,149,408,557
WBGene00021248,2646,80613,83259
WBGene00021249,19,81,100
WBGene00021250,8,3,11
WBGene00021251,0,6,6
WBGene00021252,11,7,18
WBGene00021253,164,4453,4617
WBGene00021254,287,398,685
WBGene00021256,85,44,129
WBGene00021257,16,59,75
WBGene00021259,28,20,48
WBGene00021260,134,1004,1138
WBGene00021261,9,12,21
WBGene00021262,2,111,113
WBGene00021263,5,5,10
WBGene00021264,73,965,1038
WBGene00021266,22,3,25
WBGene00021267,19,163,182
WBGene00021268,12,1545,1557
WBGene00021269,117,617,734
WBGene00021270,15,3225,3240
WBGene00021271,68,289,357
WBGene00021272,78,1489,1567
WBGene00021274,49,633,682
WBGene00021275,276,621,897
WBGene00021276,737,2789,3526
WBGene00021277,142,4767,4909
WBGene00021279,1,12,13
WBGene00021280,0,2,2
WBGene00021281,2423,8756,11179
WBGene00021282,26,262,288
WBGene00021283,30,73,103
WBGene00021284,9,19,28
WBGene00021285,0,59,59
WBGene00021286,649,12724,13373
WBGene00021287,2,19,21
WBGene00021288,3,19,22
WBGene00021289,0,26,26
WBGene00021290,0,2,2
WBGene00021291,9,7,16
WBGene00021292,261,5628,5889
WBGene00021293,2,1,3
WBGene00021294,271,1479,1750
WBGene00021295,189,1354,1543
WBGene00021296,45,2210,2255
WBGene00021297,15,49,64
WBGene00021298,4,3,7
WBGene00021299,0,10,10
WBGene00021300,0,0,0
WBGene00021301,7,35,42
WBGene00021302,4,20,24
WBGene00021303,0,1,1
WBGene00021304,120,408,528
WBGene00021305,503,1928,2431
WBGene00021309,50,401,451
WBGene00021310,8,30,38
WBGene00021311,84,1726,1810
WBGene00021312,145,5459,5604
WBGene00021313,175,1747,1922
WBGene00021314,91,1017,1108
WBGene00021315,81,1666,1747
WBGene00021316,373,6040,6413
WBGene00021317,1,0,1
WBGene00021319,178,1148,1326
WBGene00021320,354,2623,2977
WBGene00021321,131,922,1053
WBGene00021322,2206,30162,32368
WBGene00021323,103,1827,1930
WBGene00021324,79,889,968
WBGene00021325,784,10115,10899
WBGene00021326,36,393,429
WBGene00021327,1460,6343,7803
WBGene00021328,65,514,579
WBGene00021329,228,1858,2086
WBGene00021331,153,8000,8153
WBGene00021332,348,354,702
WBGene00021333,262,537,799
WBGene00021334,932,1623,2555
WBGene00021335,0,3788,3788
WBGene00021336,11,127,138
WBGene00021337,10,43,53
WBGene00021338,1,52,53
WBGene00021339,0,12,12
WBGene00021340,258,2725,2983
WBGene00021343,136,361,497
WBGene00021344,894,223,1117
WBGene00021345,0,0,0
WBGene00021346,447,2923,3370
WBGene00021347,269,5155,5424
WBGene00021348,322,5470,5792
WBGene00021349,69,451,520
WBGene00021350,36733,482178,518911
WBGene00021351,1229,4932,6161
WBGene00021352,324,5199,5523
WBGene00021353,165,661,826
WBGene00021354,84,1225,1309
WBGene00021355,960,8855,9815
WBGene00021357,69,260,329
WBGene00021358,2,26,28
WBGene00021359,143,2036,2179
WBGene00021362,260,428,688
WBGene00021363,258,739,997
WBGene00021364,2,14,16
WBGene00021365,288,1830,2118
WBGene00021366,121,1219,1340
WBGene00021367,233,3135,3368
WBGene00021368,8,7,15
WBGene00021369,166,1533,1699
WBGene00021370,232,1861,2093
WBGene00021371,64,852,916
WBGene00021372,18,1573,1591
WBGene00021373,6,1,7
WBGene00021374,249,986,1235
WBGene00021375,22,666,688
WBGene00021376,104,577,681
WBGene00021377,52,1593,1645
WBGene00021378,141,2201,2342
WBGene00021379,17,267,284
WBGene00021381,9,6,15
WBGene00021382,1022,2803,3825
WBGene00021383,48,49,97
WBGene00021384,12,42,54
WBGene00021385,0,7,7
WBGene00021386,22,41,63
WBGene00021387,88,582,670
WBGene00021388,139,973,1112
WBGene00021389,38,207,245
WBGene00021390,2,9,11
WBGene00021391,17,683,700
WBGene00021392,50,1965,2015
WBGene00021394,308,1907,2215
WBGene00021395,336,3925,4261
WBGene00021396,78,356,434
WBGene00021397,7,268,275
WBGene00021398,0,6,6
WBGene00021400,123,1126,1249
WBGene00021401,44,1811,1855
WBGene00021402,85,1084,1169
WBGene00021403,0,0,0
WBGene00021404,2,0,2
WBGene00021405,0,0,0
WBGene00021406,7,3,10
WBGene00021407,0,29,29
WBGene00021408,2,0,2
WBGene00021409,0,0,0
WBGene00021410,34,31,65
WBGene00021412,42,115,157
WBGene00021413,30,3,33
WBGene00021414,3,1,4
WBGene00021415,231,2582,2813
WBGene00021416,86,529,615
WBGene00021417,63,481,544
WBGene00021419,45,312,357
WBGene00021420,53,23310,23363
WBGene00021421,153,2528,2681
WBGene00021423,1312,2461,3773
WBGene00021425,372,2490,2862
WBGene00021427,439,32181,32620
WBGene00021428,29,14,43
WBGene00021430,286,293,579
WBGene00021433,2,3,5
WBGene00021434,5,23,28
WBGene00021435,41,16,57
WBGene00021436,35,130,165
WBGene00021437,88,34,122
WBGene00021438,171,35,206
WBGene00021439,348,983,1331
WBGene00021440,169,821,990
WBGene00021441,228,1810,2038
WBGene00021442,105,1154,1259
WBGene00021443,424,1393,1817
WBGene00021444,514,830,1344
WBGene00021445,57,639,696
WBGene00021446,152,176,328
WBGene00021447,39,64,103
WBGene00021448,6,229,235
WBGene00021449,6,11,17
WBGene00021450,19,13,32
WBGene00021451,18,1,19
WBGene00021452,37,648,685
WBGene00021454,0,1,1
WBGene00021456,323,1309,1632
WBGene00021457,7,29,36
WBGene00021458,5,54,59
WBGene00021460,79,1462,1541
WBGene00021461,149,188,337
WBGene00021463,29,43,72
WBGene00021464,23,336,359
WBGene00021465,10,250,260
WBGene00021466,425,13459,13884
WBGene00021467,88,2441,2529
WBGene00021468,26,2727,2753
WBGene00021469,299,4253,4552
WBGene00021470,123,1186,1309
WBGene00021471,14,51,65
WBGene00021472,3,18,21
WBGene00021473,393,205,598
WBGene00021474,1345,4932,6277
WBGene00021475,312,3892,4204
WBGene00021476,63,1161,1224
WBGene00021477,9,25,34
WBGene00021478,23,274,297
WBGene00021479,82,9,91
WBGene00021482,494,1091,1585
WBGene00021484,0,2,2
WBGene00021485,11,125,136
WBGene00021486,372,15030,15402
WBGene00021487,255,2002,2257
WBGene00021488,1,2,3
WBGene00021490,55,105,160
WBGene00021491,6,158,164
WBGene00021492,44,480,524
WBGene00021493,53,451,504
WBGene00021494,6,40,46
WBGene00021495,14,1694,1708
WBGene00021496,13,32,45
WBGene00021497,299,683,982
WBGene00021498,2,14,16
WBGene00021499,0,150,150
WBGene00021500,2,29,31
WBGene00021501,8,17,25
WBGene00021502,64,484,548
WBGene00021503,81,4378,4459
WBGene00021504,17,83,100
WBGene00021505,26,62,88
WBGene00021506,201,4055,4256
WBGene00021507,1243,4194,5437
WBGene00021508,75,1366,1441
WBGene00021509,804,1239,2043
WBGene00021510,248,513,761
WBGene00021511,65,129,194
WBGene00021512,380,690,1070
WBGene00021513,130,23,153
WBGene00021514,99,3945,4044
WBGene00021515,56,526,582
WBGene00021516,22,75,97
WBGene00021517,23,887,910
WBGene00021518,6,1397,1403
WBGene00021519,5,516,521
WBGene00021521,20,193,213
WBGene00021522,1141,1876,3017
WBGene00021524,78,275,353
WBGene00021525,9,23,32
WBGene00021526,86,283,369
WBGene00021527,235,541,776
WBGene00021528,314,1074,1388
WBGene00021529,97,1833,1930
WBGene00021530,35,20,55
WBGene00021531,903,1424,2327
WBGene00021532,71,3554,3625
WBGene00021533,32,1541,1573
WBGene00021534,1539,12822,14361
WBGene00021535,593,622,1215
WBGene00021536,62,2553,2615
WBGene00021537,15,23,38
WBGene00021538,78,993,1071
WBGene00021539,239,3015,3254
WBGene00021540,38,245,283
WBGene00021541,5,248,253
WBGene00021542,38,6,44
WBGene00021543,51,2894,2945
WBGene00021544,109,1005,1114
WBGene00021545,760,2427,3187
WBGene00021546,140,1319,1459
WBGene00021547,35,541,576
WBGene00021548,29,2078,2107
WBGene00021549,836,950,1786
WBGene00021551,375,3646,4021
WBGene00021552,342,1912,2254
WBGene00021553,12,20,32
WBGene00021554,115,2894,3009
WBGene00021555,17,226,243
WBGene00021556,129,1096,1225
WBGene00021557,0,40,40
WBGene00021558,128,1044,1172
WBGene00021559,108,1881,1989
WBGene00021560,42,317,359
WBGene00021561,461,1727,2188
WBGene00021562,621,10425,11046
WBGene00021563,90,2189,2279
WBGene00021564,453,1378,1831
WBGene00021565,27,460,487
WBGene00021566,0,0,0
WBGene00021567,0,1,1
WBGene00021568,0,0,0
WBGene00021569,0,0,0
WBGene00021570,0,0,0
WBGene00021571,0,0,0
WBGene00021572,0,0,0
WBGene00021573,0,0,0
WBGene00021576,5,43,48
WBGene00021577,0,1,1
WBGene00021578,4,2,6
WBGene00021579,1,5,6
WBGene00021580,0,25,25
WBGene00021581,28,83,111
WBGene00021582,8,39,47
WBGene00021583,295,2531,2826
WBGene00021585,6,6,12
WBGene00021586,111,945,1056
WBGene00021587,102,866,968
WBGene00021589,14,1742,1756
WBGene00021590,100,1890,1990
WBGene00021591,5,11,16
WBGene00021592,1,2,3
WBGene00021593,11,2,13
WBGene00021594,23,39,62
WBGene00021595,286,5350,5636
WBGene00021596,89,435,524
WBGene00021597,4129,4707,8836
WBGene00021598,77,154,231
WBGene00021599,83,371,454
WBGene00021600,83,1535,1618
WBGene00021601,24,265,289
WBGene00021602,17,478,495
WBGene00021603,6,148,154
WBGene00021605,31,157,188
WBGene00021607,26,2247,2273
WBGene00021608,1,0,1
WBGene00021609,23,29,52
WBGene00021610,30,463,493
WBGene00021611,152,832,984
WBGene00021612,0,5,5
WBGene00021613,212,1678,1890
WBGene00021614,357,4697,5054
WBGene00021615,0,0,0
WBGene00021616,0,0,0
WBGene00021617,8,0,8
WBGene00021619,0,0,0
WBGene00021620,0,1,1
WBGene00021621,1,4,5
WBGene00021623,1,0,1
WBGene00021624,23,333,356
WBGene00021625,0,3048,3048
WBGene00021626,153,991,1144
WBGene00021627,0,8,8
WBGene00021628,194,2294,2488
WBGene00021629,618,4126,4744
WBGene00021630,1,39,40
WBGene00021631,0,0,0
WBGene00021632,1,0,1
WBGene00021633,9,27,36
WBGene00021634,313,1147,1460
WBGene00021635,152,1706,1858
WBGene00021636,144,1505,1649
WBGene00021637,147,1076,1223
WBGene00021638,259,3050,3309
WBGene00021639,21,147,168
WBGene00021640,173,375,548
WBGene00021641,51,1983,2034
WBGene00021643,121,814,935
WBGene00021644,104,2690,2794
WBGene00021645,220,1689,1909
WBGene00021646,401,1798,2199
WBGene00021647,357,5631,5988
WBGene00021648,8,1421,1429
WBGene00021649,15,466,481
WBGene00021650,0,18,18
WBGene00021653,0,15,15
WBGene00021654,2,135,137
WBGene00021655,40,1135,1175
WBGene00021656,4,3,7
WBGene00021657,86,690,776
WBGene00021658,9,297,306
WBGene00021660,679,4356,5035
WBGene00021661,87,342,429
WBGene00021662,1,29,30
WBGene00021666,69,656,725
WBGene00021667,4,135,139
WBGene00021671,379,608,987
WBGene00021672,24,22,46
WBGene00021675,61,181,242
WBGene00021676,29,656,685
WBGene00021677,28,767,795
WBGene00021678,18,7,25
WBGene00021679,30,482,512
WBGene00021681,997,2324,3321
WBGene00021682,440,1072,1512
WBGene00021683,228,605,833
WBGene00021685,1525,1328,2853
WBGene00021686,1389,3679,5068
WBGene00021687,101,752,853
WBGene00021689,299,765,1064
WBGene00021690,19,711,730
WBGene00021691,152,4571,4723
WBGene00021692,30,297,327
WBGene00021693,84,379,463
WBGene00021694,14,40,54
WBGene00021697,2176,9932,12108
WBGene00021698,820,2337,3157
WBGene00021700,3,12,15
WBGene00021701,9,18,27
WBGene00021702,585,2279,2864
WBGene00021703,12,8,20
WBGene00021704,74,133,207
WBGene00021705,8,12,20
WBGene00021706,9,19,28
WBGene00021707,1,20,21
WBGene00021708,2,14,16
WBGene00021709,9,719,728
WBGene00021710,7,68,75
WBGene00021711,3,8,11
WBGene00021713,1,4,5
WBGene00021714,109,655,764
WBGene00021715,316,4629,4945
WBGene00021716,16,3,19
WBGene00021717,1,2,3
WBGene00021718,0,0,0
WBGene00021719,0,2,2
WBGene00021720,13,6,19
WBGene00021721,26,303,329
WBGene00021722,10,21,31
WBGene00021724,6,5,11
WBGene00021725,31,187,218
WBGene00021726,5,45,50
WBGene00021727,0,5,5
WBGene00021728,150,9,159
WBGene00021729,1,1,2
WBGene00021730,1,8,9
WBGene00021731,6,66,72
WBGene00021732,249,631,880
WBGene00021733,634,1574,2208
WBGene00021734,111,135,246
WBGene00021735,347,1936,2283
WBGene00021736,923,1364,2287
WBGene00021738,325,839,1164
WBGene00021739,0,119,119
WBGene00021740,549,2487,3036
WBGene00021741,84,67,151
WBGene00021743,156,453,609
WBGene00021744,1,1,2
WBGene00021745,81,267,348
WBGene00021746,5,10,15
WBGene00021748,114,877,991
WBGene00021749,134,853,987
WBGene00021750,74,380,454
WBGene00021751,1408,355,1763
WBGene00021752,800,637,1437
WBGene00021753,518,1710,2228
WBGene00021754,1016,7326,8342
WBGene00021755,62,205,267
WBGene00021756,321,772,1093
WBGene00021757,498,2874,3372
WBGene00021758,193,1173,1366
WBGene00021759,33,130,163
WBGene00021763,111,554,665
WBGene00021764,79,632,711
WBGene00021765,441,1030,1471
WBGene00021766,103,713,816
WBGene00021768,912,34755,35667
WBGene00021771,511,2694,3205
WBGene00021772,28,64,92
WBGene00021773,1,3,4
WBGene00021774,0,2,2
WBGene00021776,173,713,886
WBGene00021778,23,51,74
WBGene00021779,1,9,10
WBGene00021780,1,0,1
WBGene00021781,52,563,615
WBGene00021783,452,2624,3076
WBGene00021784,134,2539,2673
WBGene00021785,95,2853,2948
WBGene00021786,5,54,59
WBGene00021787,3,10,13
WBGene00021788,185,52,237
WBGene00021789,447,2595,3042
WBGene00021790,10,7,17
WBGene00021791,1,5,6
WBGene00021793,1,1,2
WBGene00021794,2,23,25
WBGene00021795,8,135,143
WBGene00021796,116,3135,3251
WBGene00021797,3,3,6
WBGene00021798,30,4,34
WBGene00021799,34,236,270
WBGene00021800,559,17570,18129
WBGene00021801,5,1,6
WBGene00021803,0,2,2
WBGene00021804,3,94,97
WBGene00021805,24,311,335
WBGene00021806,9,1,10
WBGene00021807,12,48,60
WBGene00021808,540,1954,2494
WBGene00021809,2,10,12
WBGene00021810,731,1942,2673
WBGene00021811,802,5175,5977
WBGene00021812,35,620,655
WBGene00021813,139,2466,2605
WBGene00021814,106,798,904
WBGene00021815,86,2285,2371
WBGene00021816,158,2307,2465
WBGene00021817,74,690,764
WBGene00021818,659,4840,5499
WBGene00021820,1012,1832,2844
WBGene00021821,0,11,11
WBGene00021822,0,0,0
WBGene00021826,184,4452,4636
WBGene00021827,121,1099,1220
WBGene00021828,337,1585,1922
WBGene00021829,44,7052,7096
WBGene00021830,186,7051,7237
WBGene00021831,717,3320,4037
WBGene00021832,55,203,258
WBGene00021833,31,1,32
WBGene00021834,42,3008,3050
WBGene00021835,106,908,1014
WBGene00021837,0,8,8
WBGene00021838,618,3912,4530
WBGene00021839,452,7276,7728
WBGene00021840,262,775,1037
WBGene00021841,111,439,550
WBGene00021842,477,1798,2275
WBGene00021843,770,7736,8506
WBGene00021844,116,4604,4720
WBGene00021845,44,4568,4612
WBGene00021846,206,946,1152
WBGene00021847,213,2094,2307
WBGene00021848,187,695,882
WBGene00021849,751,20839,21590
WBGene00021850,53,138,191
WBGene00021852,1024,15890,16914
WBGene00021853,0,86,86
WBGene00021854,322,2339,2661
WBGene00021855,164,876,1040
WBGene00021856,439,1393,1832
WBGene00021857,1342,9859,11201
WBGene00021858,368,177,545
WBGene00021859,14,11,25
WBGene00021860,7,61,68
WBGene00021861,5,17,22
WBGene00021862,11,19,30
WBGene00021863,163,908,1071
WBGene00021864,36,341,377
WBGene00021865,18,34,52
WBGene00021866,41,615,656
WBGene00021867,134,1765,1899
WBGene00021868,239,3552,3791
WBGene00021869,11,108,119
WBGene00021870,112,1402,1514
WBGene00021871,31,131,162
WBGene00021872,7,4790,4797
WBGene00021873,17,109,126
WBGene00021875,190,2267,2457
WBGene00021876,682,2988,3670
WBGene00021877,200,114,314
WBGene00021878,11,4,15
WBGene00021879,25,1252,1277
WBGene00021880,3,1,4
WBGene00021881,175,289,464
WBGene00021882,1110,1549,2659
WBGene00021883,161,8259,8420
WBGene00021884,1,384,385
WBGene00021887,35,178,213
WBGene00021888,194,9072,9266
WBGene00021890,867,7014,7881
WBGene00021891,0,17,17
WBGene00021892,18,10,28
WBGene00021893,1730,4169,5899
WBGene00021894,336,3972,4308
WBGene00021895,41,323,364
WBGene00021897,242,666,908
WBGene00021898,43,423,466
WBGene00021899,485,11522,12007
WBGene00021900,150,4312,4462
WBGene00021901,17,2657,2674
WBGene00021902,143,820,963
WBGene00021903,87,2331,2418
WBGene00021904,48,823,871
WBGene00021905,279,840,1119
WBGene00021906,394,1691,2085
WBGene00021907,3,12,15
WBGene00021908,6,25,31
WBGene00021909,58,2870,2928
WBGene00021910,849,2458,3307
WBGene00021911,14,57,71
WBGene00021912,124,730,854
WBGene00021913,32,1078,1110
WBGene00021914,184,348,532
WBGene00021915,186,969,1155
WBGene00021916,9,50,59
WBGene00021917,17,180,197
WBGene00021918,42,1982,2024
WBGene00021919,16,141,157
WBGene00021920,514,5091,5605
WBGene00021921,1723,4455,6178
WBGene00021922,60,2690,2750
WBGene00021923,169,692,861
WBGene00021925,157,709,866
WBGene00021926,260,3718,3978
WBGene00021927,21,767,788
WBGene00021928,14,618,632
WBGene00021929,36,1889,1925
WBGene00021930,384,10369,10753
WBGene00021931,84,157,241
WBGene00021932,78,1119,1197
WBGene00021933,40,392,432
WBGene00021934,235,5583,5818
WBGene00021935,198,857,1055
WBGene00021936,889,2774,3663
WBGene00021938,152,3030,3182
WBGene00021939,202,1056,1258
WBGene00021941,52,303,355
WBGene00021942,20,325,345
WBGene00021943,199,2452,2651
WBGene00021945,127,607,734
WBGene00021947,6,43,49
WBGene00021948,519,1793,2312
WBGene00021949,2,8,10
WBGene00021950,100,986,1086
WBGene00021951,47,205,252
WBGene00021952,561,15475,16036
WBGene00021953,18,84,102
WBGene00021956,102,3547,3649
WBGene00021957,1,4,5
WBGene00021958,1,2,3
WBGene00021959,458,8148,8606
WBGene00021960,268,6818,7086
WBGene00021961,3,0,3
WBGene00021963,40,229,269
WBGene00021964,7,0,7
WBGene00021965,83,803,886
WBGene00021966,1,7,8
WBGene00021967,0,5,5
WBGene00021968,39,24,63
WBGene00021969,0,3,3
WBGene00021970,53,16,69
WBGene00021972,67,557,624
WBGene00021973,282,2746,3028
WBGene00021974,134,1874,2008
WBGene00021975,32,384,416
WBGene00021976,30,334,364
WBGene00021977,24,1108,1132
WBGene00021978,1,82,83
WBGene00021979,28,1411,1439
WBGene00021980,324,721,1045
WBGene00021981,40,2398,2438
WBGene00021983,97,1749,1846
WBGene00021984,87,1032,1119
WBGene00021985,76,172,248
WBGene00021986,164,1564,1728
WBGene00021987,6,1,7
WBGene00021988,0,0,0
WBGene00021992,2,3,5
WBGene00021993,0,11,11
WBGene00021994,24,82,106
WBGene00021996,1,5,6
WBGene00021997,0,0,0
WBGene00021998,3,7,10
WBGene00021999,1,2,3
WBGene00022000,0,0,0
WBGene00022002,0,2,2
WBGene00022003,0,0,0
WBGene00022004,58,1062,1120
WBGene00022005,0,8,8
WBGene00022006,0,0,0
WBGene00022007,0,0,0
WBGene00022008,4,3,7
WBGene00022010,298,3539,3837
WBGene00022011,1,89,90
WBGene00022012,4,33,37
WBGene00022013,156,116,272
WBGene00022014,335,739,1074
WBGene00022015,535,3128,3663
WBGene00022016,4,11,15
WBGene00022018,19,476,495
WBGene00022019,513,3339,3852
WBGene00022020,0,12,12
WBGene00022021,490,7361,7851
WBGene00022022,40,1523,1563
WBGene00022024,2,85,87
WBGene00022025,115,2464,2579
WBGene00022026,324,2223,2547
WBGene00022027,486,9123,9609
WBGene00022028,4,31,35
WBGene00022029,135,2489,2624
WBGene00022030,5,19,24
WBGene00022031,139,1381,1520
WBGene00022032,17,10,27
WBGene00022033,100,2135,2235
WBGene00022034,65,941,1006
WBGene00022035,62,75,137
WBGene00022036,51,194,245
WBGene00022037,328,4688,5016
WBGene00022038,91,1322,1413
WBGene00022039,9,59,68
WBGene00022040,16,1016,1032
WBGene00022042,4297,157785,162082
WBGene00022043,22,1111,1133
WBGene00022044,22,2099,2121
WBGene00022045,514,5393,5907
WBGene00022046,10,30696,30706
WBGene00022047,183,5542,5725
WBGene00022048,1727,17789,19516
WBGene00022051,257,1238,1495
WBGene00022052,122,1144,1266
WBGene00022053,968,19228,20196
WBGene00022054,115,909,1024
WBGene00022055,31,637,668
WBGene00022056,158,615,773
WBGene00022057,62,1966,2028
WBGene00022059,2430,2749,5179
WBGene00022060,26,1912,1938
WBGene00022061,170,238,408
WBGene00022062,40,110,150
WBGene00022063,155,1372,1527
WBGene00022064,1,2,3
WBGene00022066,0,13,13
WBGene00022067,437,1181,1618
WBGene00022069,429,12421,12850
WBGene00022070,3,17,20
WBGene00022071,10,51,61
WBGene00022072,951,17752,18703
WBGene00022073,159,962,1121
WBGene00022074,376,2082,2458
WBGene00022075,419,9090,9509
WBGene00022076,25,314,339
WBGene00022077,197,1944,2141
WBGene00022078,1550,3994,5544
WBGene00022083,2,17,19
WBGene00022086,54,121,175
WBGene00022087,1285,1758,3043
WBGene00022089,1475,75779,77254
WBGene00022090,7,66,73
WBGene00022092,236,3728,3964
WBGene00022093,437,9073,9510
WBGene00022094,4,2,6
WBGene00022095,0,0,0
WBGene00022096,1,5,6
WBGene00022097,5,1,6
WBGene00022099,291,5041,5332
WBGene00022100,669,1545,2214
WBGene00022101,41,360,401
WBGene00022102,28,43,71
WBGene00022103,160,342,502
WBGene00022104,531,495,1026
WBGene00022106,365,693,1058
WBGene00022107,79,2211,2290
WBGene00022108,10,37,47
WBGene00022110,15,208,223
WBGene00022111,0,141,141
WBGene00022112,27,40,67
WBGene00022113,38,239,277
WBGene00022114,166,20384,20550
WBGene00022115,199,2335,2534
WBGene00022116,167,568,735
WBGene00022117,424,491,915
WBGene00022118,182,1047,1229
WBGene00022119,24,5783,5807
WBGene00022121,403,1087,1490
WBGene00022122,87,21350,21437
WBGene00022123,82,426,508
WBGene00022124,325,714,1039
WBGene00022125,88,1057,1145
WBGene00022126,112,688,800
WBGene00022127,9,13129,13138
WBGene00022128,188,1619,1807
WBGene00022129,83,565,648
WBGene00022130,104,415,519
WBGene00022131,138,991,1129
WBGene00022133,4,2,6
WBGene00022134,814,4578,5392
WBGene00022138,1090,1243,2333
WBGene00022139,605,1850,2455
WBGene00022140,47,9,56
WBGene00022141,29,1981,2010
WBGene00022142,94,192,286
WBGene00022143,3,16,19
WBGene00022144,213,23480,23693
WBGene00022145,29,18,47
WBGene00022146,39,1706,1745
WBGene00022148,1994,5120,7114
WBGene00022149,375,16885,17260
WBGene00022150,39,3980,4019
WBGene00022152,497,1662,2159
WBGene00022153,336,1234,1570
WBGene00022154,36,508,544
WBGene00022155,58,865,923
WBGene00022156,4,44,48
WBGene00022157,13,4,17
WBGene00022158,52,761,813
WBGene00022159,379,4072,4451
WBGene00022160,35,471,506
WBGene00022161,26,413,439
WBGene00022162,0,1,1
WBGene00022165,133,592,725
WBGene00022166,330,2904,3234
WBGene00022167,336,918,1254
WBGene00022168,709,1625,2334
WBGene00022169,374,5154,5528
WBGene00022170,3759,75300,79059
WBGene00022171,41,1027,1068
WBGene00022172,51,194,245
WBGene00022173,192,2266,2458
WBGene00022174,261,799,1060
WBGene00022175,229,1176,1405
WBGene00022176,405,3933,4338
WBGene00022177,42,328,370
WBGene00022178,105,1413,1518
WBGene00022179,75,383,458
WBGene00022180,198,2986,3184
WBGene00022181,186,3266,3452
WBGene00022182,325,2721,3046
WBGene00022185,198,2016,2214
WBGene00022188,163,2845,3008
WBGene00022189,9,15,24
WBGene00022190,27,392,419
WBGene00022191,27,227,254
WBGene00022192,128,2234,2362
WBGene00022193,59,910,969
WBGene00022194,251,8531,8782
WBGene00022195,213,927,1140
WBGene00022196,115,6409,6524
WBGene00022197,38,113,151
WBGene00022198,93,461,554
WBGene00022199,95,8269,8364
WBGene00022200,552,2981,3533
WBGene00022201,173,4436,4609
WBGene00022202,223,2839,3062
WBGene00022203,16,569,585
WBGene00022206,99,183,282
WBGene00022207,913,18,931
WBGene00022209,23,5,28
WBGene00022210,0,0,0
WBGene00022213,110,91,201
WBGene00022215,0,8,8
WBGene00022216,6,14,20
WBGene00022217,1,0,1
WBGene00022218,1,9,10
WBGene00022219,447,1408,1855
WBGene00022221,14,155,169
WBGene00022223,4,2,6
WBGene00022224,0,14,14
WBGene00022225,3,9,12
WBGene00022228,86,118,204
WBGene00022230,329,5083,5412
WBGene00022231,178,713,891
WBGene00022232,129,1299,1428
WBGene00022233,262,4702,4964
WBGene00022235,1161,54833,55994
WBGene00022236,0,32,32
WBGene00022237,6,8,14
WBGene00022240,124,1480,1604
WBGene00022242,248,3217,3465
WBGene00022243,0,24,24
WBGene00022244,0,233,233
WBGene00022245,1295,20671,21966
WBGene00022246,63,891,954
WBGene00022247,195,331,526
WBGene00022248,240,5932,6172
WBGene00022250,45,929,974
WBGene00022251,115,2042,2157
WBGene00022252,105,1790,1895
WBGene00022253,97,3734,3831
WBGene00022254,175,7667,7842
WBGene00022255,72,484,556
WBGene00022256,3,7,10
WBGene00022257,1,100,101
WBGene00022258,102,1240,1342
WBGene00022259,75,998,1073
WBGene00022260,200,2890,3090
WBGene00022261,205,2613,2818
WBGene00022262,1,9,10
WBGene00022263,11,90,101
WBGene00022264,2,2,4
WBGene00022265,0,9,9
WBGene00022266,2,0,2
WBGene00022267,120,1131,1251
WBGene00022268,346,3300,3646
WBGene00022269,227,3415,3642
WBGene00022270,227,820,1047
WBGene00022271,78,6348,6426
WBGene00022273,62,935,997
WBGene00022274,30,131,161
WBGene00022275,7,66,73
WBGene00022276,429,23016,23445
WBGene00022277,243,2987,3230
WBGene00022278,833,1492,2325
WBGene00022279,223,3091,3314
WBGene00022280,165,2099,2264
WBGene00022281,454,2250,2704
WBGene00022282,0,15,15
WBGene00022283,99,1463,1562
WBGene00022284,226,1363,1589
WBGene00022285,980,445,1425
WBGene00022286,255,1386,1641
WBGene00022287,391,12254,12645
WBGene00022288,16,123,139
WBGene00022289,55,45,100
WBGene00022290,1,0,1
WBGene00022291,0,0,0
WBGene00022292,0,1,1
WBGene00022295,34,152,186
WBGene00022296,956,2916,3872
WBGene00022297,145,5227,5372
WBGene00022298,12,17,29
WBGene00022300,323,1197,1520
WBGene00022301,843,2801,3644
WBGene00022302,53,953,1006
WBGene00022303,0,227,227
WBGene00022306,1182,3564,4746
WBGene00022307,70,3532,3602
WBGene00022308,2,3,5
WBGene00022309,223,1073,1296
WBGene00022310,360,1697,2057
WBGene00022311,5,2,7
WBGene00022312,1,0,1
WBGene00022313,158,285,443
WBGene00022314,81,543,624
WBGene00022315,0,5,5
WBGene00022316,150,0,150
WBGene00022317,2,23,25
WBGene00022318,0,2,2
WBGene00022319,5,4,9
WBGene00022320,17,0,17
WBGene00022321,4,20,24
WBGene00022322,0,3,3
WBGene00022323,1,3,4
WBGene00022324,0,5,5
WBGene00022325,50,559,609
WBGene00022326,66,1174,1240
WBGene00022327,48,265,313
WBGene00022328,12,33,45
WBGene00022329,33,459,492
WBGene00022330,18,346,364
WBGene00022331,8,58,66
WBGene00022332,37,55,92
WBGene00022333,1,27,28
WBGene00022334,23,49,72
WBGene00022335,57,206,263
WBGene00022336,1913,417761,419674
WBGene00022337,5,319,324
WBGene00022338,38,206,244
WBGene00022339,1108,6521,7629
WBGene00022340,0,0,0
WBGene00022341,6,0,6
WBGene00022342,3,1,4
WBGene00022343,3,4,7
WBGene00022344,3,11,14
WBGene00022345,2,17,19
WBGene00022346,83,688,771
WBGene00022347,417,4581,4998
WBGene00022348,176,4177,4353
WBGene00022349,47,173,220
WBGene00022350,44,1182,1226
WBGene00022351,24,63,87
WBGene00022352,28,34,62
WBGene00022353,6,531,537
WBGene00022354,320,685,1005
WBGene00022356,10,707,717
WBGene00022357,75,760,835
WBGene00022358,393,1646,2039
WBGene00022360,609,1887,2496
WBGene00022361,530,1604,2134
WBGene00022363,374,794,1168
WBGene00022365,257,307,564
WBGene00022366,496,1098,1594
WBGene00022367,336,623,959
WBGene00022368,117,1974,2091
WBGene00022369,205,1372,1577
WBGene00022371,426,1254,1680
WBGene00022372,181,456,637
WBGene00022373,292,6844,7136
WBGene00022374,38,381,419
WBGene00022375,11,16,27
WBGene00022376,283,3547,3830
WBGene00022377,16,126,142
WBGene00022378,1205,7670,8875
WBGene00022379,41,113,154
WBGene00022380,786,8826,9612
WBGene00022381,184,2441,2625
WBGene00022382,0,17967,17967
WBGene00022383,80,745,825
WBGene00022385,26,20,46
WBGene00022386,346,1340,1686
WBGene00022388,599,1320,1919
WBGene00022389,538,2700,3238
WBGene00022390,74,359,433
WBGene00022391,659,1499,2158
WBGene00022392,47,240,287
WBGene00022393,119,3042,3161
WBGene00022394,52,4955,5007
WBGene00022395,28,59,87
WBGene00022396,68,1667,1735
WBGene00022397,160,1361,1521
WBGene00022398,45,964,1009
WBGene00022399,45,431,476
WBGene00022400,44,2969,3013
WBGene00022401,118,5337,5455
WBGene00022402,35,2143,2178
WBGene00022403,8,31,39
WBGene00022404,0,36,36
WBGene00022405,7,93,100
WBGene00022406,10,18,28
WBGene00022408,3,67,70
WBGene00022409,13,75,88
WBGene00022410,27,14869,14896
WBGene00022411,10,176,186
WBGene00022412,185,1132,1317
WBGene00022413,188,1994,2182
WBGene00022415,6,218,224
WBGene00022416,197,1907,2104
WBGene00022417,34,604,638
WBGene00022418,116,1055,1171
WBGene00022419,93,680,773
WBGene00022420,65,1721,1786
WBGene00022421,0,9,9
WBGene00022423,410,393,803
WBGene00022425,610,2699,3309
WBGene00022426,199,890,1089
WBGene00022427,319,1268,1587
WBGene00022428,93,541,634
WBGene00022429,1,0,1
WBGene00022431,58,3,61
WBGene00022433,34,7,41
WBGene00022434,771,1432,2203
WBGene00022435,227,545,772
WBGene00022438,3,2,5
WBGene00022439,25,86,111
WBGene00022440,81,420,501
WBGene00022441,173,2145,2318
WBGene00022442,0,0,0
WBGene00022443,0,4,4
WBGene00022444,0,1,1
WBGene00022445,47,339,386
WBGene00022446,1,5,6
WBGene00022447,343,165,508
WBGene00022448,180,451,631
WBGene00022450,57,268,325
WBGene00022452,0,221,221
WBGene00022453,516,4947,5463
WBGene00022454,109,65,174
WBGene00022455,12,2929,2941
WBGene00022456,248,4554,4802
WBGene00022457,91,1211,1302
WBGene00022458,7,3637,3644
WBGene00022459,54,1222,1276
WBGene00022460,100,1684,1784
WBGene00022462,17,413,430
WBGene00022463,296,3595,3891
WBGene00022465,71,1053,1124
WBGene00022466,85,1579,1664
WBGene00022467,0,10,10
WBGene00022469,16,399,415
WBGene00022470,503,5490,5993
WBGene00022471,108,746,854
WBGene00022472,129,1791,1920
WBGene00022473,2216,6288,8504
WBGene00022474,63,1131,1194
WBGene00022475,64,2316,2380
WBGene00022476,2,13,15
WBGene00022477,2,113,115
WBGene00022478,6,42,48
WBGene00022479,20,17,37
WBGene00022481,0,0,0
WBGene00022482,0,0,0
WBGene00022483,0,0,0
WBGene00022484,23,261,284
WBGene00022485,135,506,641
WBGene00022486,20,388,408
WBGene00022487,5,50,55
WBGene00022488,135,1166,1301
WBGene00022489,438,4716,5154
WBGene00022490,63,955,1018
WBGene00022491,173,230,403
WBGene00022492,128,4134,4262
WBGene00022493,214,1379,1593
WBGene00022494,566,1223,1789
WBGene00022495,4,80,84
WBGene00022496,0,0,0
WBGene00022497,0,48219,48219
WBGene00022498,19,93,112
WBGene00022499,231,6334,6565
WBGene00022500,945,15345,16290
WBGene00022501,1025,1481,2506
WBGene00022502,79,939,1018
WBGene00022503,22,313,335
WBGene00022504,116,212,328
WBGene00022505,4805,5131,9936
WBGene00022506,5,26,31
WBGene00022507,53,553,606
WBGene00022508,1,22,23
WBGene00022509,0,8,8
WBGene00022511,19,3,22
WBGene00022512,1,1,2
WBGene00022515,104,3178,3282
WBGene00022516,105,5087,5192
WBGene00022517,91,242,333
WBGene00022518,858,4383,5241
WBGene00022519,203,1735,1938
WBGene00022522,21,240,261
WBGene00022527,59,119,178
WBGene00022528,0,28,28
WBGene00022529,4,5,9
WBGene00022530,15,429,444
WBGene00022531,39,1463,1502
WBGene00022532,12,226,238
WBGene00022533,38,248,286
WBGene00022534,200,2766,2966
WBGene00022536,6,20,26
WBGene00022537,28,219,247
WBGene00022538,178,3871,4049
WBGene00022539,180,3560,3740
WBGene00022540,54,96,150
WBGene00022541,0,29,29
WBGene00022542,3,4,7
WBGene00022543,8,0,8
WBGene00022544,25,36,61
WBGene00022546,8,14,22
WBGene00022547,7,31,38
WBGene00022548,8,16,24
WBGene00022549,117,738,855
WBGene00022550,15,36,51
WBGene00022551,7,21,28
WBGene00022552,1,28,29
WBGene00022553,1,1,2
WBGene00022554,37,687,724
WBGene00022555,1,2,3
WBGene00022556,0,0,0
WBGene00022557,0,10,10
WBGene00022558,0,1,1
WBGene00022559,0,4,4
WBGene00022560,2,11,13
WBGene00022561,3,25,28
WBGene00022562,525,5518,6043
WBGene00022563,3,3,6
WBGene00022564,56,435,491
WBGene00022565,4,23,27
WBGene00022566,5,20,25
WBGene00022567,120,534,654
WBGene00022568,21,382,403
WBGene00022569,31,1464,1495
WBGene00022570,1,10,11
WBGene00022571,0,19,19
WBGene00022572,1,6,7
WBGene00022573,14,353,367
WBGene00022574,6,780,786
WBGene00022575,0,31,31
WBGene00022576,47,304,351
WBGene00022577,26,310,336
WBGene00022578,3,0,3
WBGene00022579,320,4414,4734
WBGene00022580,184,1652,1836
WBGene00022581,15,63,78
WBGene00022582,0,0,0
WBGene00022583,591,7839,8430
WBGene00022584,112,389,501
WBGene00022586,1,57,58
WBGene00022587,2,22,24
WBGene00022588,133,1193,1326
WBGene00022589,29,2,31
WBGene00022590,5,102,107
WBGene00022591,79,843,922
WBGene00022592,512,2014,2526
WBGene00022593,627,2853,3480
WBGene00022594,7,16,23
WBGene00022596,2,5,7
WBGene00022597,212,3676,3888
WBGene00022598,170,1873,2043
WBGene00022599,1365,42711,44076
WBGene00022600,4,2,6
WBGene00022601,42,136,178
WBGene00022602,11,3,14
WBGene00022603,112,2455,2567
WBGene00022604,2,10,12
WBGene00022605,1,29,30
WBGene00022606,29,88,117
WBGene00022607,0,0,0
WBGene00022608,205,993,1198
WBGene00022609,143,656,799
WBGene00022610,151,1296,1447
WBGene00022611,27,178,205
WBGene00022612,20,166,186
WBGene00022613,126,1012,1138
WBGene00022614,84,2523,2607
WBGene00022615,101,8154,8255
WBGene00022616,0,1,1
WBGene00022617,2,1,3
WBGene00022618,254,6759,7013
WBGene00022619,0,45,45
WBGene00022620,122,1813,1935
WBGene00022621,4,2,6
WBGene00022623,13,642,655
WBGene00022624,60,160,220
WBGene00022625,0,0,0
WBGene00022627,26,125,151
WBGene00022628,10,10,20
WBGene00022629,43,522,565
WBGene00022631,20,272,292
WBGene00022632,15,15,30
WBGene00022633,62,682,744
WBGene00022634,3,9,12
WBGene00022635,403,962,1365
WBGene00022637,5,6,11
WBGene00022638,1,0,1
WBGene00022639,7,24,31
WBGene00022640,11,21,32
WBGene00022641,9,110,119
WBGene00022642,783,10342,11125
WBGene00022643,9,53,62
WBGene00022644,324,9643,9967
WBGene00022645,528,9070,9598
WBGene00022646,9,1883,1892
WBGene00022647,151,1495,1646
WBGene00022648,556,767,1323
WBGene00022649,60,842,902
WBGene00022650,67,80,147
WBGene00022651,0,5,5
WBGene00022652,0,2,2
WBGene00022653,15,93,108
WBGene00022654,5,3,8
WBGene00022655,11,29,40
WBGene00022656,1,56,57
WBGene00022657,9,451,460
WBGene00022660,0,23,23
WBGene00022661,72,267,339
WBGene00022662,13,53,66
WBGene00022663,94,1475,1569
WBGene00022664,48,1167,1215
WBGene00022665,63,1091,1154
WBGene00022666,128,3088,3216
WBGene00022667,359,3026,3385
WBGene00022668,556,2214,2770
WBGene00022669,0,2,2
WBGene00022670,0,2,2
WBGene00022671,3,37,40
WBGene00022672,210,1545,1755
WBGene00022673,109,1474,1583
WBGene00022674,0,2,2
WBGene00022675,1106,2230,3336
WBGene00022677,60,702,762
WBGene00022678,147,7973,8120
WBGene00022679,3,2657,2660
WBGene00022680,24,181,205
WBGene00022681,78,237,315
WBGene00022682,52,276,328
WBGene00022683,220,1813,2033
WBGene00022685,0,3,3
WBGene00022689,0,4,4
WBGene00022690,7,34,41
WBGene00022691,8,24,32
WBGene00022692,0,0,0
WBGene00022694,81,1684,1765
WBGene00022695,99,1051,1150
WBGene00022696,49,346,395
WBGene00022697,200,2025,2225
WBGene00022698,36,239,275
WBGene00022699,2,9,11
WBGene00022700,24,281,305
WBGene00022702,4,727,731
WBGene00022703,208,2499,2707
WBGene00022704,79,1310,1389
WBGene00022705,22,68,90
WBGene00022706,19,172,191
WBGene00022707,1,11,12
WBGene00022708,0,13,13
WBGene00022709,14,59,73
WBGene00022710,3,0,3
WBGene00022711,9,9,18
WBGene00022712,85,873,958
WBGene00022713,2,6,8
WBGene00022714,3,7,10
WBGene00022715,7,53,60
WBGene00022716,0,2,2
WBGene00022717,208,2299,2507
WBGene00022718,379,4334,4713
WBGene00022719,218,3090,3308
WBGene00022720,15,597,612
WBGene00022721,39,1439,1478
WBGene00022722,252,6682,6934
WBGene00022723,23,16,39
WBGene00022724,5,1,6
WBGene00022725,9,91,100
WBGene00022726,2,3,5
WBGene00022727,127,1148,1275
WBGene00022728,100,9,109
WBGene00022729,0,1,1
WBGene00022730,371,764,1135
WBGene00022731,23,16,39
WBGene00022732,19,88,107
WBGene00022733,99,70,169
WBGene00022734,115,6153,6268
WBGene00022735,41,299,340
WBGene00022736,58,1227,1285
WBGene00022737,6,533,539
WBGene00022738,354,8955,9309
WBGene00022739,307,4451,4758
WBGene00022741,38,29,67
WBGene00022742,178,3581,3759
WBGene00022743,198,1131,1329
WBGene00022744,37,207,244
WBGene00022745,1877,13356,15233
WBGene00022746,0,15,15
WBGene00022747,10,365,375
WBGene00022748,293,44930,45223
WBGene00022749,81,3284,3365
WBGene00022750,1078,4963,6041
WBGene00022751,0,6,6
WBGene00022752,15,277,292
WBGene00022753,15,8,23
WBGene00022754,0,7,7
WBGene00022756,13,97,110
WBGene00022757,4,3,7
WBGene00022758,3,2,5
WBGene00022759,58,3269,3327
WBGene00022761,0,27,27
WBGene00022762,55,663,718
WBGene00022765,818,11268,12086
WBGene00022766,206,2227,2433
WBGene00022767,22,267,289
WBGene00022769,66,1278,1344
WBGene00022770,33,582,615
WBGene00022771,84,557,641
WBGene00022772,28,93,121
WBGene00022773,190,611,801
WBGene00022774,73,3282,3355
WBGene00022775,5,208,213
WBGene00022776,23,6142,6165
WBGene00022778,4,5,9
WBGene00022780,9,93,102
WBGene00022781,140,8445,8585
WBGene00022782,199,4720,4919
WBGene00022783,452,4761,5213
WBGene00022785,147,2320,2467
WBGene00022786,8,1037,1045
WBGene00022787,70,1454,1524
WBGene00022788,30,1218,1248
WBGene00022789,12,183,195
WBGene00022790,25,231,256
WBGene00022791,428,4078,4506
WBGene00022792,95,2558,2653
WBGene00022793,62,6520,6582
WBGene00022794,216,4731,4947
WBGene00022795,8,197,205
WBGene00022796,55,340,395
WBGene00022797,74,748,822
WBGene00022798,433,5445,5878
WBGene00022799,0,4,4
WBGene00022800,263,2809,3072
WBGene00022801,87,3522,3609
WBGene00022802,46,671,717
WBGene00022803,62,1089,1151
WBGene00022804,1,27,28
WBGene00022805,230,1592,1822
WBGene00022807,12,25,37
WBGene00022808,4,11,15
WBGene00022809,1,26,27
WBGene00022810,41,584,625
WBGene00022811,100,92,192
WBGene00022812,168,2415,2583
WBGene00022813,200,2337,2537
WBGene00022814,91,1309,1400
WBGene00022815,24,157,181
WBGene00022816,210,1534,1744
WBGene00022817,559,9612,10171
WBGene00022820,17,2,19
WBGene00022821,0,0,0
WBGene00022822,0,3,3
WBGene00022823,28,1859,1887
WBGene00022824,32,317,349
WBGene00022825,11,506,517
WBGene00022826,0,9,9
WBGene00022827,8,36,44
WBGene00022829,59,108,167
WBGene00022830,43,1202,1245
WBGene00022831,245,2789,3034
WBGene00022832,75,1960,2035
WBGene00022833,3,1,4
WBGene00022834,18,126,144
WBGene00022835,70,1168,1238
WBGene00022836,129,3356,3485
WBGene00022837,62,955,1017
WBGene00022838,47,254,301
WBGene00022840,5,12,17
WBGene00022842,44,538,582
WBGene00022843,52,126,178
WBGene00022845,0,90,90
WBGene00022846,98,102,200
WBGene00022847,209,1138,1347
WBGene00022848,151,3274,3425
WBGene00022849,25,59,84
WBGene00022850,354,1236,1590
WBGene00022851,130,4606,4736
WBGene00022852,16,2837,2853
WBGene00022853,61,4089,4150
WBGene00022854,19,204,223
WBGene00022855,80,6340,6420
WBGene00022856,36,12415,12451
WBGene00022857,31,414,445
WBGene00022858,96,600,696
WBGene00022861,7528,2346,9874
WBGene00022862,29,1273,1302
WBGene00022864,134,5321,5455
WBGene00022865,178,2873,3051
WBGene00022866,56,264,320
WBGene00022867,259,1735,1994
WBGene00022868,24,833,857
WBGene00022869,0,1,1
WBGene00022870,8,32,40
WBGene00022871,10,18,28
WBGene00022872,113,497,610
WBGene00022873,17,467,484
WBGene00022874,45,1511,1556
WBGene00022875,0,1,1
WBGene00022876,6,20,26
WBGene00022877,3,4,7
WBGene00022880,115,1320,1435
WBGene00022881,30,1004,1034
WBGene00022882,107,867,974
WBGene00022883,31,579,610
WBGene00022884,0,70,70
WBGene00022885,46,1194,1240
WBGene00022886,4,4,8
WBGene00022887,78,2030,2108
WBGene00022888,7,6,13
WBGene00022889,1,1,2
WBGene00022890,3,19,22
WBGene00022891,30,257,287
WBGene00022892,4,1,5
WBGene00022893,286,755,1041
WBGene00023067,7169,14560,21729
WBGene00023068,182473,315301,497774
WBGene00023172,8,36,44
WBGene00023186,2,6,8
WBGene00023284,0,337,337
WBGene00023404,88,558,646
WBGene00023405,291,4018,4309
WBGene00023407,17,1175,1192
WBGene00023408,445,10042,10487
WBGene00023409,95,1339,1434
WBGene00023410,1,1,2
WBGene00023411,12,23,35
WBGene00023413,13,32,45
WBGene00023414,332,1211,1543
WBGene00023415,38,249,287
WBGene00023416,79,1797,1876
WBGene00023417,23,1971,1994
WBGene00023418,8,919,927
WBGene00023419,104,1945,2049
WBGene00023420,1,54,55
WBGene00023421,26,767,793
WBGene00023422,208,2362,2570
WBGene00023423,46,103,149
WBGene00023424,3,12,15
WBGene00023425,2,7,9
WBGene00023427,17,71,88
WBGene00023431,329,413,742
WBGene00023432,311,5773,6084
WBGene00023450,99,495,594
WBGene00023451,46,68,114
WBGene00023458,170,1201,1371
WBGene00023459,7,2,9
WBGene00023460,42,419,461
WBGene00023462,4,72,76
WBGene00023463,3,18,21
WBGene00023474,5,4,9
WBGene00023475,3,9,12
WBGene00023477,1,134,135
WBGene00023478,3,4,7
WBGene00023479,2,3,5
WBGene00023483,3,10,13
WBGene00023484,3,3,6
WBGene00023485,2,1499,1501
WBGene00023486,19,521,540
WBGene00023487,176,7643,7819
WBGene00023489,1789,1119,2908
WBGene00023490,4,73,77
WBGene00023491,285,1134,1419
WBGene00023492,5,58,63
WBGene00023493,4,489,493
WBGene00023497,109,1929,2038
WBGene00023498,28,1078,1106
WBGene00023499,7,15,22
WBGene00023500,108,1218,1326
WBGene00023501,12,252,264
WBGene00023502,119,495,614
WBGene00023503,39,521,560
WBGene00023504,294,2499,2793
WBGene00023505,5,11,16
WBGene00023506,4,28,32
WBGene00023508,0,2,2
WBGene00023513,3,5,8
WBGene00023514,2,0,2
WBGene00023515,255,169,424
WBGene00023517,0,13,13
WBGene00023518,0,7,7
WBGene00023519,134,270,404
WBGene00023520,128,976,1104
WBGene00043049,18,123,141
WBGene00043050,205,1931,2136
WBGene00043051,126,885,1011
WBGene00043052,3,7,10
WBGene00043054,22,407,429
WBGene00043056,177,562,739
WBGene00043057,97,881,978
WBGene00043058,0,1,1
WBGene00043059,13,14,27
WBGene00043060,329,2792,3121
WBGene00043061,37,63,100
WBGene00043062,16,1001,1017
WBGene00043064,51,8285,8336
WBGene00043065,15,38,53
WBGene00043066,74,556,630
WBGene00043067,76,1651,1727
WBGene00043068,24,228,252
WBGene00043069,27,36,63
WBGene00043097,344,8080,8424
WBGene00043120,15,129,144
WBGene00043147,0,12,12
WBGene00043156,146,3509,3655
WBGene00043187,0,0,0
WBGene00043279,44,478,522
WBGene00043297,1027,2898,3925
WBGene00043302,333,3425,3758
WBGene00043308,6,198,204
WBGene00043327,0,0,0
WBGene00043328,0,0,0
WBGene00043466,0,1,1
WBGene00043469,0,0,0
WBGene00043534,45,35,80
WBGene00043666,0,6,6
WBGene00043702,0,521,521
WBGene00043705,51,87,138
WBGene00043743,0,0,0
WBGene00043948,0,0,0
WBGene00043952,35,44,79
WBGene00043980,6,5,11
WBGene00043981,27,58,85
WBGene00043982,124,1295,1419
WBGene00043983,40,863,903
WBGene00043984,0,2,2
WBGene00043985,36,471,507
WBGene00043986,2,13,15
WBGene00043988,0,0,0
WBGene00043989,0,0,0
WBGene00043990,0,0,0
WBGene00043992,53,379,432
WBGene00043994,28,928,956
WBGene00043995,79,311,390
WBGene00043996,0,25,25
WBGene00043997,36,136,172
WBGene00043998,2,86,88
WBGene00044001,42,2847,2889
WBGene00044002,2,1,3
WBGene00044003,9,1,10
WBGene00044004,0,95,95
WBGene00044005,0,3,3
WBGene00044006,104,1691,1795
WBGene00044007,266,1772,2038
WBGene00044008,156,1682,1838
WBGene00044009,248,1571,1819
WBGene00044011,0,111,111
WBGene00044012,4,13,17
WBGene00044013,4,1,5
WBGene00044014,3,0,3
WBGene00044016,62,1362,1424
WBGene00044018,9,4,13
WBGene00044019,110,673,783
WBGene00044020,3,99,102
WBGene00044021,29,376,405
WBGene00044024,20,113,133
WBGene00044025,100,1878,1978
WBGene00044026,127,10044,10171
WBGene00044027,6,59,65
WBGene00044028,25,528,553
WBGene00044029,213,2913,3126
WBGene00044030,10,3,13
WBGene00044031,2,5,7
WBGene00044032,11,98,109
WBGene00044034,19,41,60
WBGene00044035,12,182,194
WBGene00044043,0,14,14
WBGene00044044,9,10,19
WBGene00044045,861,230,1091
WBGene00044047,0,1,1
WBGene00044048,10,19,29
WBGene00044049,529,4866,5395
WBGene00044058,16,99,115
WBGene00044059,6,47,53
WBGene00044061,194,1425,1619
WBGene00044062,0,13,13
WBGene00044063,49,3401,3450
WBGene00044065,178,591,769
WBGene00044066,0,60,60
WBGene00044067,15,268,283
WBGene00044068,495,7700,8195
WBGene00044069,59,1516,1575
WBGene00044070,475,7417,7892
WBGene00044071,137,2336,2473
WBGene00044072,291,2013,2304
WBGene00044073,148,1645,1793
WBGene00044074,12,44,56
WBGene00044077,154,2713,2867
WBGene00044078,527,5020,5547
WBGene00044079,709,7500,8209
WBGene00044080,2,6,8
WBGene00044081,1,1,2
WBGene00044082,59,1928,1987
WBGene00044083,111,301,412
WBGene00044084,9,14,23
WBGene00044086,0,3,3
WBGene00044087,4,2,6
WBGene00044088,3,4,7
WBGene00044089,1,2,3
WBGene00044090,2,27,29
WBGene00044091,23,90,113
WBGene00044092,25,29,54
WBGene00044094,140,2440,2580
WBGene00044099,0,0,0
WBGene00044100,1,2,3
WBGene00044105,0,0,0
WBGene00044106,2,8,10
WBGene00044107,326,4336,4662
WBGene00044109,0,177,177
WBGene00044112,4,8,12
WBGene00044113,1,1,2
WBGene00044114,2,2,4
WBGene00044115,5,4,9
WBGene00044116,5,4,9
WBGene00044117,9,90,99
WBGene00044120,222,758,980
WBGene00044121,1,13,14
WBGene00044122,79,60,139
WBGene00044124,4,3,7
WBGene00044125,44,42,86
WBGene00044127,2,0,2
WBGene00044131,0,0,0
WBGene00044132,24,399,423
WBGene00044133,4,0,4
WBGene00044134,52,629,681
WBGene00044135,16,118,134
WBGene00044136,3,5,8
WBGene00044137,0,76,76
WBGene00044138,133,897,1030
WBGene00044139,13,107,120
WBGene00044140,1,2,3
WBGene00044141,9,78,87
WBGene00044142,8,50,58
WBGene00044143,255,1550,1805
WBGene00044144,25,1479,1504
WBGene00044145,1,7,8
WBGene00044146,4,3,7
WBGene00044147,3,35,38
WBGene00044148,3,3,6
WBGene00044149,0,6,6
WBGene00044150,18,125,143
WBGene00044151,79,696,775
WBGene00044152,7,103,110
WBGene00044153,28,42,70
WBGene00044154,7,33,40
WBGene00044156,15,226,241
WBGene00044157,2,0,2
WBGene00044158,8,9,17
WBGene00044159,0,0,0
WBGene00044160,8,9,17
WBGene00044162,3,3,6
WBGene00044163,39,150,189
WBGene00044164,0,2,2
WBGene00044166,20,331,351
WBGene00044167,51,683,734
WBGene00044169,12,52,64
WBGene00044174,36,1024,1060
WBGene00044175,61,1130,1191
WBGene00044176,144,3071,3215
WBGene00044177,6,5,11
WBGene00044178,0,1,1
WBGene00044179,1,1,2
WBGene00044180,72,140,212
WBGene00044181,13,117,130
WBGene00044182,3,38,41
WBGene00044183,1,5,6
WBGene00044184,0,5,5
WBGene00044185,1,0,1
WBGene00044187,2261,116,2377
WBGene00044188,53,612,665
WBGene00044189,4,26,30
WBGene00044191,320,4686,5006
WBGene00044192,0,3,3
WBGene00044193,0,26,26
WBGene00044194,0,1,1
WBGene00044195,0,6,6
WBGene00044197,0,36,36
WBGene00044198,1,56,57
WBGene00044199,2,0,2
WBGene00044200,61,207,268
WBGene00044201,0,1,1
WBGene00044202,2,9,11
WBGene00044203,2,14,16
WBGene00044204,33,837,870
WBGene00044205,6,82,88
WBGene00044206,22,195,217
WBGene00044207,1,9,10
WBGene00044208,2,2,4
WBGene00044210,79,784,863
WBGene00044211,8,89,97
WBGene00044212,22,72,94
WBGene00044213,7,50,57
WBGene00044215,0,1,1
WBGene00044218,3,153,156
WBGene00044221,76,3236,3312
WBGene00044222,1,11,12
WBGene00044225,0,4,4
WBGene00044227,13,82,95
WBGene00044228,19,102,121
WBGene00044230,3,6,9
WBGene00044232,34,21,55
WBGene00044233,117,486,603
WBGene00044235,0,2,2
WBGene00044236,4,778,782
WBGene00044237,2,4,6
WBGene00044238,51,172,223
WBGene00044239,41,260,301
WBGene00044240,31,46,77
WBGene00044241,28,440,468
WBGene00044242,0,1,1
WBGene00044243,1,6,7
WBGene00044244,1,15,16
WBGene00044245,0,65,65
WBGene00044246,0,0,0
WBGene00044247,5,3,8
WBGene00044249,11,4,15
WBGene00044250,1,12,13
WBGene00044251,22,182,204
WBGene00044253,9,401,410
WBGene00044254,0,2,2
WBGene00044256,14,1,15
WBGene00044257,1,17,18
WBGene00044258,47,276,323
WBGene00044259,0,11,11
WBGene00044260,387,40290,40677
WBGene00044261,13,32,45
WBGene00044263,0,0,0
WBGene00044264,2,23,25
WBGene00044265,6,66,72
WBGene00044266,7,0,7
WBGene00044271,0,1,1
WBGene00044272,0,6,6
WBGene00044273,0,0,0
WBGene00044274,0,0,0
WBGene00044275,0,1,1
WBGene00044278,1,7,8
WBGene00044280,3343,3117,6460
WBGene00044281,4,14,18
WBGene00044282,4,0,4
WBGene00044283,463,1981,2444
WBGene00044284,1,11,12
WBGene00044286,2,15,17
WBGene00044287,24,320,344
WBGene00044288,6,108,114
WBGene00044289,10,665,675
WBGene00044290,131,126,257
WBGene00044291,176,1507,1683
WBGene00044292,33,192,225
WBGene00044293,1,1,2
WBGene00044294,337,2079,2416
WBGene00044295,9,145,154
WBGene00044296,266,5336,5602
WBGene00044297,30,185,215
WBGene00044298,1,5,6
WBGene00044299,8,90,98
WBGene00044300,10,61,71
WBGene00044301,81,2157,2238
WBGene00044302,0,8,8
WBGene00044303,32,347,379
WBGene00044304,237,495,732
WBGene00044305,70,2471,2541
WBGene00044306,8,26,34
WBGene00044307,2,6,8
WBGene00044310,85,806,891
WBGene00044311,88,329,417
WBGene00044312,9,33,42
WBGene00044313,14,181,195
WBGene00044314,0,1,1
WBGene00044315,1,8,9
WBGene00044316,140,1339,1479
WBGene00044317,1,25,26
WBGene00044318,89,4393,4482
WBGene00044319,13,534,547
WBGene00044321,623,6240,6863
WBGene00044322,17,1151,1168
WBGene00044323,109,1618,1727
WBGene00044324,34,8473,8507
WBGene00044325,85,1544,1629
WBGene00044326,258,2200,2458
WBGene00044329,82,1530,1612
WBGene00044330,39,1165,1204
WBGene00044331,6,19,25
WBGene00044332,0,161,161
WBGene00044333,7,13,20
WBGene00044337,0,0,0
WBGene00044338,5,990,995
WBGene00044339,1,283,284
WBGene00044340,0,2,2
WBGene00044341,0,375,375
WBGene00044342,144,384,528
WBGene00044344,63,3419,3482
WBGene00044345,50,881,931
WBGene00044346,0,1,1
WBGene00044347,14,15,29
WBGene00044348,262,166,428
WBGene00044349,34,90,124
WBGene00044350,84,533,617
WBGene00044352,0,4,4
WBGene00044353,10,403,413
WBGene00044354,3,359,362
WBGene00044355,5,256,261
WBGene00044356,4,18,22
WBGene00044357,0,0,0
WBGene00044358,11,4,15
WBGene00044359,0,2,2
WBGene00044360,0,7,7
WBGene00044361,0,5,5
WBGene00044362,0,0,0
WBGene00044363,21,427,448
WBGene00044364,0,2,2
WBGene00044365,0,1,1
WBGene00044366,0,28,28
WBGene00044367,14,342,356
WBGene00044368,248,21,269
WBGene00044369,1,4,5
WBGene00044370,0,0,0
WBGene00044371,0,3,3
WBGene00044372,0,1,1
WBGene00044373,23,1958,1981
WBGene00044374,9,38,47
WBGene00044375,0,0,0
WBGene00044376,0,36,36
WBGene00044377,0,2,2
WBGene00044378,0,3,3
WBGene00044379,1,4,5
WBGene00044380,11,137,148
WBGene00044381,636,1414,2050
WBGene00044382,13,626,639
WBGene00044383,0,5,5
WBGene00044384,16,0,16
WBGene00044385,7,5,12
WBGene00044386,11,75,86
WBGene00044387,58,1473,1531
WBGene00044388,0,1,1
WBGene00044389,263,4136,4399
WBGene00044390,1,2,3
WBGene00044391,139,122,261
WBGene00044392,25,317,342
WBGene00044393,0,1,1
WBGene00044394,6,70,76
WBGene00044395,30,112,142
WBGene00044396,62,3833,3895
WBGene00044399,0,2,2
WBGene00044401,144,1843,1987
WBGene00044402,4,36,40
WBGene00044403,48,492,540
WBGene00044406,8,438,446
WBGene00044409,18,144,162
WBGene00044410,57,433,490
WBGene00044411,189,1369,1558
WBGene00044413,1240,467,1707
WBGene00044414,10,92,102
WBGene00044415,0,0,0
WBGene00044416,0,0,0
WBGene00044417,0,23,23
WBGene00044418,641,2756,3397
WBGene00044419,5,11,16
WBGene00044420,24,675,699
WBGene00044421,318,2117,2435
WBGene00044423,13,454,467
WBGene00044424,4,31,35
WBGene00044425,1,0,1
WBGene00044427,9,37,46
WBGene00044428,36,26,62
WBGene00044429,11,1,12
WBGene00044431,194,1992,2186
WBGene00044432,11,28,39
WBGene00044433,335,3506,3841
WBGene00044434,8,32,40
WBGene00044435,0,129,129
WBGene00044436,13,246,259
WBGene00044437,218,179,397
WBGene00044438,142,778,920
WBGene00044439,72,16,88
WBGene00044440,79,249,328
WBGene00044441,3,3,6
WBGene00044442,5,237,242
WBGene00044443,287,4944,5231
WBGene00044444,15,15,30
WBGene00044445,169,1164,1333
WBGene00044446,3,64,67
WBGene00044447,0,1,1
WBGene00044448,0,46,46
WBGene00044449,0,8,8
WBGene00044450,0,0,0
WBGene00044451,0,1,1
WBGene00044452,171,2193,2364
WBGene00044453,18,37,55
WBGene00044454,0,2,2
WBGene00044455,15,225,240
WBGene00044457,6,446,452
WBGene00044458,0,15,15
WBGene00044459,50,119,169
WBGene00044460,0,24,24
WBGene00044461,40,22,62
WBGene00044462,42,163,205
WBGene00044463,27,323,350
WBGene00044464,67,183,250
WBGene00044466,17,1158,1175
WBGene00044467,415,1970,2385
WBGene00044468,43,1360,1403
WBGene00044469,5,172,177
WBGene00044470,3,10,13
WBGene00044471,19,315,334
WBGene00044472,44,333,377
WBGene00044473,0,0,0
WBGene00044474,0,0,0
WBGene00044475,0,0,0
WBGene00044476,0,13,13
WBGene00044477,19,185,204
WBGene00044478,15,157,172
WBGene00044479,6,87,93
WBGene00044480,4,14,18
WBGene00044481,57,512,569
WBGene00044482,86,391,477
WBGene00044483,5,1084,1089
WBGene00044484,105,1279,1384
WBGene00044485,166,1430,1596
WBGene00044486,2,23,25
WBGene00044487,8,62,70
WBGene00044488,215,1492,1707
WBGene00044489,0,138,138
WBGene00044490,0,16,16
WBGene00044491,2,39,41
WBGene00044492,39,148,187
WBGene00044493,15,862,877
WBGene00044495,83,201,284
WBGene00044498,0,0,0
WBGene00044499,1,21,22
WBGene00044500,207,1636,1843
WBGene00044501,48,4,52
WBGene00044502,7,123,130
WBGene00044504,17,93,110
WBGene00044505,13,31,44
WBGene00044508,139,1195,1334
WBGene00044509,7,840,847
WBGene00044510,65,455,520
WBGene00044511,18,154,172
WBGene00044512,32,951,983
WBGene00044513,112,940,1052
WBGene00044514,207,8492,8699
WBGene00044516,2,1,3
WBGene00044518,1,0,1
WBGene00044519,1,0,1
WBGene00044520,0,17,17
WBGene00044521,0,6,6
WBGene00044524,1,9,10
WBGene00044525,51,299,350
WBGene00044526,0,24,24
WBGene00044527,13,185,198
WBGene00044528,43,173,216
WBGene00044529,24,37,61
WBGene00044530,1,27,28
WBGene00044531,23,0,23
WBGene00044533,4,25,29
WBGene00044534,195,1855,2050
WBGene00044535,0,29,29
WBGene00044536,96,2960,3056
WBGene00044537,0,1,1
WBGene00044538,1,6,7
WBGene00044539,5,49,54
WBGene00044541,3,12,15
WBGene00044542,34,17,51
WBGene00044543,0,0,0
WBGene00044544,477,821,1298
WBGene00044545,5,19,24
WBGene00044546,9,28,37
WBGene00044547,0,158,158
WBGene00044548,0,2,2
WBGene00044549,4,0,4
WBGene00044550,1,1,2
WBGene00044551,6,104,110
WBGene00044552,0,38,38
WBGene00044553,53,3225,3278
WBGene00044554,52,178,230
WBGene00044555,3,6,9
WBGene00044556,5,395,400
WBGene00044557,138,359,497
WBGene00044558,0,1,1
WBGene00044559,168,320,488
WBGene00044560,14,39,53
WBGene00044561,1,1,2
WBGene00044562,0,116,116
WBGene00044563,17,11,28
WBGene00044564,2,8,10
WBGene00044565,0,3,3
WBGene00044566,68,14,82
WBGene00044567,3,7,10
WBGene00044568,515,5227,5742
WBGene00044569,16,107,123
WBGene00044570,750,617,1367
WBGene00044571,52,250,302
WBGene00044572,18,3,21
WBGene00044573,0,9,9
WBGene00044574,39,19,58
WBGene00044575,1,10,11
WBGene00044577,1,0,1
WBGene00044578,0,152,152
WBGene00044579,7,6,13
WBGene00044580,3,0,3
WBGene00044581,0,0,0
WBGene00044582,30,468,498
WBGene00044583,28,1,29
WBGene00044584,97,869,966
WBGene00044586,0,54,54
WBGene00044587,1,14,15
WBGene00044588,61,293,354
WBGene00044589,1,23,24
WBGene00044602,1,13,14
WBGene00044603,111,378,489
WBGene00044604,35,603,638
WBGene00044605,274,2291,2565
WBGene00044607,80,2120,2200
WBGene00044608,37,1151,1188
WBGene00044609,339,577,916
WBGene00044610,0,19,19
WBGene00044611,48,141,189
WBGene00044612,33,519,552
WBGene00044614,52,602,654
WBGene00044615,114,1230,1344
WBGene00044616,0,13,13
WBGene00044617,14,274,288
WBGene00044618,15,216,231
WBGene00044620,29,536,565
WBGene00044623,45,1841,1886
WBGene00044630,106,1411,1517
WBGene00044631,32,298,330
WBGene00044633,6,52,58
WBGene00044634,1,1,2
WBGene00044636,95,2345,2440
WBGene00044637,64,403,467
WBGene00044638,0,934,934
WBGene00044640,210,2376,2586
WBGene00044641,353,110,463
WBGene00044643,16,1556,1572
WBGene00044644,274,2958,3232
WBGene00044645,12,62,74
WBGene00044646,24,28,52
WBGene00044648,49,613,662
WBGene00044649,52,15,67
WBGene00044650,1686,2198,3884
WBGene00044651,484,694,1178
WBGene00044653,19,10,29
WBGene00044654,8,218,226
WBGene00044655,0,3,3
WBGene00044658,26,521,547
WBGene00044659,2,24,26
WBGene00044661,5,73,78
WBGene00044662,5,17,22
WBGene00044663,0,362,362
WBGene00044664,1,2,3
WBGene00044665,3,5,8
WBGene00044666,102,2095,2197
WBGene00044667,11,113,124
WBGene00044668,0,2,2
WBGene00044669,5,5,10
WBGene00044672,12,261,273
WBGene00044673,2,9,11
WBGene00044674,4,6,10
WBGene00044675,26,422,448
WBGene00044676,2,129,131
WBGene00044677,1406,2197,3603
WBGene00044678,6,86,92
WBGene00044679,54,822,876
WBGene00044680,2,3,5
WBGene00044681,2907,3080,5987
WBGene00044683,3,6,9
WBGene00044684,9,34,43
WBGene00044686,74,5516,5590
WBGene00044687,2,3,5
WBGene00044689,354,1734,2088
WBGene00044690,55,435,490
WBGene00044692,1,0,1
WBGene00044693,1,0,1
WBGene00044694,0,1,1
WBGene00044696,438,6193,6631
WBGene00044697,7,67,74
WBGene00044698,102,2164,2266
WBGene00044699,22,375,397
WBGene00044701,293,2217,2510
WBGene00044705,27,173,200
WBGene00044707,5,2,7
WBGene00044708,8,2,10
WBGene00044709,0,0,0
WBGene00044711,1,1,2
WBGene00044719,4,337,341
WBGene00044720,0,22,22
WBGene00044723,16,165,181
WBGene00044724,78,1761,1839
WBGene00044725,15,234,249
WBGene00044726,22,13,35
WBGene00044732,3,245,248
WBGene00044733,3,2,5
WBGene00044734,0,0,0
WBGene00044735,0,0,0
WBGene00044736,104,479,583
WBGene00044737,670,6948,7618
WBGene00044738,84,88,172
WBGene00044741,2,6,8
WBGene00044742,25,228,253
WBGene00044743,66,1991,2057
WBGene00044744,5,17,22
WBGene00044745,108,469,577
WBGene00044746,607,2538,3145
WBGene00044753,16,11,27
WBGene00044754,14,4,18
WBGene00044755,10,11,21
WBGene00044756,42,239,281
WBGene00044757,102,1560,1662
WBGene00044758,6,88,94
WBGene00044759,5,89,94
WBGene00044760,19,85,104
WBGene00044761,34,397,431
WBGene00044762,74,1400,1474
WBGene00044763,5,16,21
WBGene00044767,6,459,465
WBGene00044770,114,741,855
WBGene00044771,30,257,287
WBGene00044772,21,922,943
WBGene00044773,1,8,9
WBGene00044774,231,1286,1517
WBGene00044775,0,0,0
WBGene00044776,123,1079,1202
WBGene00044777,0,1,1
WBGene00044778,0,3,3
WBGene00044779,25,196,221
WBGene00044780,41,8,49
WBGene00044783,0,8,8
WBGene00044784,91,9882,9973
WBGene00044786,1,0,1
WBGene00044788,24,81,105
WBGene00044789,47,2858,2905
WBGene00044790,23,594,617
WBGene00044791,0,61,61
WBGene00044792,176,1336,1512
WBGene00044794,0,0,0
WBGene00044795,18,294,312
WBGene00044796,1,11,12
WBGene00044797,1,300,301
WBGene00044798,8,3,11
WBGene00044799,0,117,117
WBGene00044801,0,0,0
WBGene00044802,0,0,0
WBGene00044803,278,437,715
WBGene00044805,1,7,8
WBGene00044807,2,73,75
WBGene00044810,1,3,4
WBGene00044811,116,2150,2266
WBGene00044889,0,0,0
WBGene00044891,81,1157,1238
WBGene00044892,0,2,2
WBGene00044894,37,626,663
WBGene00044895,31,13,44
WBGene00044896,13,3,16
WBGene00044897,6,44,50
WBGene00044898,60,36,96
WBGene00044900,8,150,158
WBGene00044901,0,365,365
WBGene00044903,110,478,588
WBGene00044906,1,133,134
WBGene00044908,6,12,18
WBGene00044911,6,8,14
WBGene00044912,5,0,5
WBGene00044916,153,2693,2846
WBGene00044917,4,26,30
WBGene00044921,221,5055,5276
WBGene00044922,34,1012,1046
WBGene00044924,161,643,804
WBGene00044949,52,865,917
WBGene00044953,3,3,6
WBGene00044977,60,2079,2139
WBGene00044978,2,8,10
WBGene00044979,9,34,43
WBGene00044987,76,296,372
WBGene00044988,0,860,860
WBGene00044989,595,3896,4491
WBGene00044990,105,1652,1757
WBGene00044991,25,342,367
WBGene00044998,0,0,0
WBGene00045013,34,1096,1130
WBGene00045024,7,273,280
WBGene00045036,3,39,42
WBGene00045038,0,0,0
WBGene00045048,0,871,871
WBGene00045050,33,661,694
WBGene00045052,31,384,415
WBGene00045053,39,137,176
WBGene00045056,57,923,980
WBGene00045058,8,57,65
WBGene00045060,17,10,27
WBGene00045061,0,0,0
WBGene00045063,319,714,1033
WBGene00045067,5,139,144
WBGene00045069,1,0,1
WBGene00045078,265,2425,2690
WBGene00045096,0,294,294
WBGene00045101,2,13,15
WBGene00045103,1,1,2
WBGene00045108,5,10,15
WBGene00045122,5,0,5
WBGene00045128,0,3,3
WBGene00045144,8,7,15
WBGene00045146,32,116,148
WBGene00045177,7,18,25
WBGene00045178,2,37,39
WBGene00045180,0,0,0
WBGene00045183,4,56,60
WBGene00045190,45,395,440
WBGene00045192,3,1455,1458
WBGene00045195,330,163,493
WBGene00045198,2,10,12
WBGene00045207,6,45,51
WBGene00045208,0,4325,4325
WBGene00045209,0,5,5
WBGene00045210,41,209,250
WBGene00045211,3,11,14
WBGene00045212,198,1852,2050
WBGene00045215,37,203,240
WBGene00045234,5,4,9
WBGene00045237,19,462,481
WBGene00045239,4,4,8
WBGene00045242,1,1,2
WBGene00045245,8,95,103
WBGene00045246,49,824,873
WBGene00045247,12,37,49
WBGene00045248,273,494,767
WBGene00045249,178,4836,5014
WBGene00045250,54,176,230
WBGene00045251,0,0,0
WBGene00045252,264,1538,1802
WBGene00045253,119,659,778
WBGene00045255,289,1102,1391
WBGene00045261,2,32,34
WBGene00045265,0,15,15
WBGene00045268,2,0,2
WBGene00045269,3,27,30
WBGene00045270,11,2,13
WBGene00045271,4,86,90
WBGene00045272,0,30110,30110
WBGene00045275,0,1100,1100
WBGene00045276,0,7171,7171
WBGene00045277,180,1327,1507
WBGene00045283,0,28,28
WBGene00045289,146,11,157
WBGene00045291,2,18,20
WBGene00045292,1,26,27
WBGene00045295,26,517,543
WBGene00045297,20,63,83
WBGene00045298,1,8,9
WBGene00045299,0,0,0
WBGene00045300,0,0,0
WBGene00045301,1,0,1
WBGene00045302,4,4,8
WBGene00045303,0,1,1
WBGene00045304,2,26,28
WBGene00045305,0,6051,6051
WBGene00045306,1,6,7
WBGene00045308,5,3,8
WBGene00045331,21,463,484
WBGene00045336,170,1867,2037
WBGene00045337,0,20,20
WBGene00045338,0,3,3
WBGene00045339,4,42,46
WBGene00045340,39,369,408
WBGene00045344,2,1,3
WBGene00045355,5,10,15
WBGene00045356,16,63,79
WBGene00045357,53,439,492
WBGene00045361,0,0,0
WBGene00045362,0,3,3
WBGene00045364,11,1,12
WBGene00045365,12,375,387
WBGene00045379,29,1771,1800
WBGene00045380,0,0,0
WBGene00045381,1,0,1
WBGene00045382,8,62,70
WBGene00045385,2,23,25
WBGene00045386,266,3525,3791
WBGene00045387,79,834,913
WBGene00045390,50,1164,1214
WBGene00045392,104,1339,1443
WBGene00045393,5,32,37
WBGene00045394,0,3,3
WBGene00045395,42,155,197
WBGene00045396,21,603,624
WBGene00045397,541,2971,3512
WBGene00045398,6,7,13
WBGene00045399,3,44,47
WBGene00045400,36,291,327
WBGene00045401,3,60,63
WBGene00045402,0,0,0
WBGene00045403,118,2122,2240
WBGene00045405,16,197,213
WBGene00045406,0,20,20
WBGene00045407,103,1271,1374
WBGene00045411,88,4382,4470
WBGene00045412,5,809,814
WBGene00045413,19,13,32
WBGene00045414,13,18,31
WBGene00045415,3,49,52
WBGene00045416,2,6,8
WBGene00045417,0,0,0
WBGene00045418,99,3551,3650
WBGene00045419,470,4269,4739
WBGene00045433,116,2206,2322
WBGene00045434,127,568,695
WBGene00045455,45,816,861
WBGene00045456,10,2,12
WBGene00045457,27,2222,2249
WBGene00045458,6,406,412
WBGene00045459,0,1,1
WBGene00045460,1,30,31
WBGene00045461,196,2180,2376
WBGene00045468,1,14,15
WBGene00045473,1,12,13
WBGene00045474,4,19,23
WBGene00045475,18,24,42
WBGene00045480,128,291,419
WBGene00045481,14,138,152
WBGene00045482,92,609,701
WBGene00045483,575,10786,11361
WBGene00045484,19,43,62
WBGene00045486,0,2,2
WBGene00045488,2,43,45
WBGene00045490,0,0,0
WBGene00045493,3,3,6
WBGene00045494,17,65,82
WBGene00045495,121,1767,1888
WBGene00045497,18,228,246
WBGene00045498,1,2,3
WBGene00045500,7,32,39
WBGene00045501,1,4,5
WBGene00045506,1,0,1
WBGene00045507,13,3020,3033
WBGene00045508,7,2,9
WBGene00045510,13,72,85
WBGene00045511,19,45,64
WBGene00045513,11,9,20
WBGene00045515,0,1,1
WBGene00045517,90,1025,1115
WBGene00050875,35,586,621
WBGene00050879,1,0,1
WBGene00050880,13,1,14
WBGene00050881,6,0,6
WBGene00050884,102,603,705
WBGene00050885,90,639,729
WBGene00050889,48,315,363
WBGene00050891,33,19,52
WBGene00050892,1,3,4
WBGene00050893,0,5,5
WBGene00050894,0,0,0
WBGene00050896,0,2,2
WBGene00050898,0,0,0
WBGene00050899,85,7956,8041
WBGene00050904,15,486,501
WBGene00050906,2,1,3
WBGene00050907,0,0,0
WBGene00050910,6,5,11
WBGene00050911,0,9,9
WBGene00050913,0,1,1
WBGene00050914,0,3,3
WBGene00050915,7,55,62
WBGene00050916,3,65,68
WBGene00050917,37,297,334
WBGene00050919,11,3,14
WBGene00050929,0,0,0
WBGene00050931,6,28,34
WBGene00050934,5,88,93
WBGene00050936,0,0,0
WBGene00050937,37,725,762
WBGene00050939,0,4925,4925
WBGene00050940,0,23,23
WBGene00050941,5,1209,1214
WBGene00050943,20,263,283
WBGene00050944,142,2352,2494
WBGene00050947,5,517,522
WBGene00050955,1,1,2
WBGene00050956,6,0,6
WBGene00050957,1,69,70
WBGene00050959,0,0,0
WBGene00050965,0,0,0
WBGene00050967,9,48,57
WBGene00050968,0,0,0
WBGene00050974,0,69,69
WBGene00050975,17,16,33
WBGene00077439,4,60,64
WBGene00077445,0,4,4
WBGene00077450,7,2,9
WBGene00077453,18,784,802
WBGene00077455,20,107,127
WBGene00077464,0,3,3
WBGene00077489,15,52,67
WBGene00077490,31,602,633
WBGene00077491,7,238,245
WBGene00077492,0,0,0
WBGene00077493,6,6,12
WBGene00077495,0,1,1
WBGene00077497,108,129,237
WBGene00077500,31,404,435
WBGene00077503,0,0,0
WBGene00077508,40,28,68
WBGene00077514,2,25,27
WBGene00077519,0,2,2
WBGene00077520,69,649,718
WBGene00077521,14,1325,1339
WBGene00077522,4,414,418
WBGene00077523,1,15,16
WBGene00077525,622,84,706
WBGene00077526,0,21090,21090
WBGene00077531,1,22,23
WBGene00077536,23,272,295
WBGene00077538,12,48,60
WBGene00077539,168,68,236
WBGene00077543,8,49,57
WBGene00077546,4,13,17
WBGene00077548,3,9,12
WBGene00077553,80,71,151
WBGene00077557,21,72,93
WBGene00077558,42,71,113
WBGene00077559,38,220,258
WBGene00077562,7,0,7
WBGene00077563,12,26,38
WBGene00077565,2,7,9
WBGene00077569,15,25,40
WBGene00077573,21,680,701
WBGene00077576,3,3,6
WBGene00077577,12,456,468
WBGene00077582,5,8,13
WBGene00077583,4,7,11
WBGene00077585,61,134,195
WBGene00077588,1,80,81
WBGene00077592,8,22,30
WBGene00077593,13,148,161
WBGene00077599,31,267,298
WBGene00077607,7,5,12
WBGene00077616,3,43,46
WBGene00077622,1,4,5
WBGene00077624,0,0,0
WBGene00077640,1,14,15
WBGene00077643,52,842,894
WBGene00077655,0,7,7
WBGene00077658,105,718,823
WBGene00077663,0,0,0
WBGene00077669,178,598,776
WBGene00077673,0,3,3
WBGene00077674,2,20,22
WBGene00077679,2,85,87
WBGene00077680,2,30,32
WBGene00077681,35,208,243
WBGene00077682,10,12,22
WBGene00077684,4,37,41
WBGene00077685,1,1,2
WBGene00077688,8,3,11
WBGene00077690,18,1129,1147
WBGene00077691,0,208,208
WBGene00077692,15,78,93
WBGene00077693,165,5505,5670
WBGene00077696,61,98,159
WBGene00077697,150,132,282
WBGene00077698,139,659,798
WBGene00077699,7,50,57
WBGene00077701,36,1046,1082
WBGene00077703,15,30,45
WBGene00077704,3,29,32
WBGene00077712,31,365,396
WBGene00077714,5,34,39
WBGene00077728,0,2278,2278
WBGene00077732,19,303,322
WBGene00077751,12,11,23
WBGene00077752,5,71,76
WBGene00077756,1,38,39
WBGene00077757,102,1000,1102
WBGene00077758,2,17,19
WBGene00077759,13,10,23
WBGene00077761,170,4014,4184
WBGene00077762,0,20,20
WBGene00077763,51,259,310
WBGene00077764,0,1718,1718
WBGene00077766,0,0,0
WBGene00077768,26,202,228
WBGene00077769,11,145,156
WBGene00077770,27,268,295
WBGene00077771,1101,20867,21968
WBGene00077773,0,196,196
WBGene00077775,271,2499,2770
WBGene00077782,8,10,18
WBGene00077783,201,1678,1879
WBGene00077786,205,286,491
WBGene00077788,33,38,71
WBGene00086546,74,504,578
WBGene00086551,9,312,321
WBGene00086552,1,1,2
WBGene00086553,172,1989,2161
WBGene00086554,0,16,16
WBGene00086555,11,1,12
WBGene00086556,25,74,99
WBGene00086557,98,1196,1294
WBGene00086558,35,598,633
WBGene00086559,13,203,216
WBGene00086560,7,29,36
WBGene00086561,0,0,0
WBGene00086562,11,2,13
WBGene00086563,0,1,1
WBGene00086564,1,1,2
WBGene00086565,0,0,0
WBGene00086566,55,756,811
WBGene00086567,0,1,1
WBGene00086568,9,28,37
WBGene00086569,81,687,768
WBGene00119201,4,0,4
WBGene00119203,22,551,573
WBGene00119204,2,130,132
WBGene00138711,14,93,107
WBGene00138714,0,2,2
WBGene00138715,0,0,0
WBGene00138716,0,1,1
WBGene00138717,399,1819,2218
WBGene00138718,44,83,127
WBGene00138719,4,7,11
WBGene00138720,34,566,600
WBGene00138721,22,62,84
WBGene00138724,0,287,287
WBGene00138725,21,50,71
WBGene00164968,39,310,349
WBGene00164969,4,50,54
WBGene00164971,1,0,1
WBGene00164972,0,3,3
WBGene00164973,13,249,262
WBGene00164974,0,2,2
WBGene00164985,29,261,290
WBGene00164986,10,21,31
WBGene00175027,251,265,516
WBGene00175028,1,1,2
WBGene00175030,14,1018,1032
WBGene00175031,22,93,115
WBGene00175034,39,419,458
WBGene00175035,62,535,597
WBGene00184956,9,14,23
WBGene00184990,3,168,171
WBGene00185001,133,1739,1872
WBGene00185002,81,199,280
WBGene00185005,42,1088,1130
WBGene00185006,8,5,13
WBGene00185014,101,2723,2824
WBGene00185048,86,1481,1567
WBGene00185055,4,8,12
WBGene00185067,134,8256,8390
WBGene00185075,0,109,109
WBGene00185077,0,27,27
WBGene00185078,648,203,851
WBGene00185079,141,1160,1301
WBGene00185086,9,187,196
WBGene00185088,15,453,468
WBGene00185089,9,68,77
WBGene00185092,14,247,261
WBGene00185095,3,41,44
WBGene00185096,0,0,0
WBGene00185097,0,0,0
WBGene00185098,53,435,488
WBGene00185100,4,2,6
WBGene00185101,4,4,8
WBGene00185102,48,664,712
WBGene00185116,1,2,3
WBGene00185117,16,114,130
WBGene00185118,782,2259,3041
WBGene00189930,0,2,2
WBGene00189931,0,0,0
WBGene00189932,0,1,1
WBGene00189933,22,47,69
WBGene00189937,2,3,5
WBGene00189943,5,2,7
WBGene00189947,1,0,1
WBGene00189948,18,30,48
WBGene00189949,27,23,50
WBGene00189950,102,100,202
WBGene00189952,11,126,137
WBGene00189953,0,0,0
WBGene00189954,3,2,5
WBGene00189955,1,0,1
WBGene00189956,44,31,75
WBGene00189957,6,7,13
WBGene00189961,8,6,14
WBGene00189987,16,35,51
WBGene00189993,2,14,16
WBGene00189995,2,0,2
WBGene00194641,182,1268,1450
WBGene00194642,116,670,786
WBGene00194643,73,62,135
WBGene00194645,1,1,2
WBGene00194646,0,1,1
WBGene00194647,9,0,9
WBGene00194649,9,76,85
WBGene00194651,148,1389,1537
WBGene00194653,4,4,8
WBGene00194654,42,36,78
WBGene00194656,0,5,5
WBGene00194658,69,1158,1227
WBGene00194660,0,52,52
WBGene00194661,6,27,33
WBGene00194663,0,24,24
WBGene00194664,5,146,151
WBGene00194670,0,3,3
WBGene00194672,0,8,8
WBGene00194674,3,28,31
WBGene00194677,13,18,31
WBGene00194679,18,300,318
WBGene00194680,31,1038,1069
WBGene00194682,16,41,57
WBGene00194684,8,8,16
WBGene00194687,27,21,48
WBGene00194689,151,1053,1204
WBGene00194691,8,7,15
WBGene00194692,244,3882,4126
WBGene00194695,1,3,4
WBGene00194696,1,1,2
WBGene00194697,12,94,106
WBGene00194698,0,14,14
WBGene00194699,0,14,14
WBGene00194700,4,12,16
WBGene00194701,3,3,6
WBGene00194702,16,5,21
WBGene00194703,0,12,12
WBGene00194704,0,0,0
WBGene00194706,45,517,562
WBGene00194707,34,1217,1251
WBGene00194708,0,119,119
WBGene00194710,62,381,443
WBGene00194711,7,7,14
WBGene00194712,32,47,79
WBGene00194713,0,450,450
WBGene00194714,1,0,1
WBGene00194715,0,5,5
WBGene00194717,3,8,11
WBGene00194725,0,24,24
WBGene00194726,5,52,57
WBGene00194727,12,12,24
WBGene00194729,13,54,67
WBGene00194730,9,0,9
WBGene00194731,34,170,204
WBGene00194733,4,2,6
WBGene00194734,2,1,3
WBGene00194735,2,4,6
WBGene00194737,20,5,25
WBGene00194738,7,6,13
WBGene00194742,42,543,585
WBGene00194744,0,17,17
WBGene00194746,3,14,17
WBGene00194747,193,2153,2346
WBGene00194780,0,9,9
WBGene00194783,1,1,2
WBGene00194784,0,8,8
WBGene00194785,6,9,15
WBGene00194787,1,1,2
WBGene00194788,0,9,9
WBGene00194793,5,7,12
WBGene00194795,5,59,64
WBGene00194799,0,2,2
WBGene00194801,1,1,2
WBGene00194803,12,184,196
WBGene00194813,5,24,29
WBGene00194815,15,41,56
WBGene00194816,4,13,17
WBGene00194821,11,23,34
WBGene00194832,74,132,206
WBGene00194833,1,1,2
WBGene00194835,3,64,67
WBGene00194839,0,26,26
WBGene00194848,10,25,35
WBGene00194849,9,12,21
WBGene00194850,0,6,6
WBGene00194852,10,90,100
WBGene00194855,74,399,473
WBGene00194861,3,22,25
WBGene00194864,0,1,1
WBGene00194866,77,98,175
WBGene00194867,0,1,1
WBGene00194868,71,6,77
WBGene00194869,0,668,668
WBGene00194870,28,57,85
WBGene00194871,1,0,1
WBGene00194883,22,503,525
WBGene00194886,1,34,35
WBGene00194888,1,3,4
WBGene00194890,488,0,488
WBGene00194892,23,171,194
WBGene00194894,1,0,1
WBGene00194895,2,92,94
WBGene00194896,216,5,221
WBGene00194898,0,0,0
WBGene00194902,4,4,8
WBGene00194905,179,906,1085
WBGene00194906,6,21,27
WBGene00194907,1,5,6
WBGene00194908,301,2082,2383
WBGene00194909,124,979,1103
WBGene00194910,109,146,255
WBGene00194912,4,7,11
WBGene00194913,205,262,467
WBGene00194914,0,0,0
WBGene00194915,32,206,238
WBGene00194916,1,21,22
WBGene00194917,17,71,88
WBGene00194918,5,9,14
WBGene00194919,10,16,26
WBGene00194920,3,10,13
WBGene00194921,295,1242,1537
WBGene00194922,0,8,8
WBGene00194924,0,2,2
WBGene00194925,87,196,283
WBGene00194926,83,934,1017
WBGene00194927,0,0,0
WBGene00194928,38,257,295
WBGene00194929,0,1,1
WBGene00194930,0,2,2
WBGene00194931,0,2,2
WBGene00194933,0,3,3
WBGene00194934,14,263,277
WBGene00194935,0,1,1
WBGene00194940,1,26,27
WBGene00194951,0,0,0
WBGene00194952,2,9,11
WBGene00194955,40,369,409
WBGene00194956,0,123,123
WBGene00194957,1,0,1
WBGene00194981,8,16,24
WBGene00194982,56,385,441
WBGene00194983,0,14,14
WBGene00194985,1,3,4
WBGene00194986,0,0,0
WBGene00194998,85,310,395
WBGene00195003,1,10,11
WBGene00195004,27,309,336
WBGene00195006,12,16,28
WBGene00195009,1,2,3
WBGene00195010,0,2,2
WBGene00195011,59,125,184
WBGene00195012,11,7,18
WBGene00195045,2,7,9
WBGene00195046,25,20,45
WBGene00195048,21,10,31
WBGene00195049,23,68,91
WBGene00195050,13,245,258
WBGene00195051,39,600,639
WBGene00195056,50,783,833
WBGene00195057,4,5,9
WBGene00195058,3,2,5
WBGene00195061,1,2,3
WBGene00195063,104,1578,1682
WBGene00195067,61,240,301
WBGene00195068,43,29,72
WBGene00195069,11,115,126
WBGene00195070,32,23,55
WBGene00195071,8,14,22
WBGene00195072,0,0,0
WBGene00195073,480,1385,1865
WBGene00195077,2,10,12
WBGene00195081,15,104,119
WBGene00195084,60,454,514
WBGene00195086,28,704,732
WBGene00195093,113,1935,2048
WBGene00195142,0,974,974
WBGene00195143,220,653,873
WBGene00195144,14,200,214
WBGene00195145,48,113,161
WBGene00195146,188,238,426
WBGene00195147,32,46,78
WBGene00195148,8,17,25
WBGene00195149,1,9,10
WBGene00195150,0,9,9
WBGene00195154,3,12,15
WBGene00195155,1,10,11
WBGene00195157,26,13,39
WBGene00195158,2,0,2
WBGene00195160,0,0,0
WBGene00195164,17,860,877
WBGene00195165,2,0,2
WBGene00195166,25,775,800
WBGene00195168,1,1,2
WBGene00195169,31,66,97
WBGene00195171,1,0,1
WBGene00195174,12,7,19
WBGene00195176,29,357,386
WBGene00195177,0,17,17
WBGene00195178,4,16,20
WBGene00195179,26,28,54
WBGene00195180,18,77,95
WBGene00195181,0,0,0
WBGene00195182,0,32,32
WBGene00195183,14,58,72
WBGene00195184,13,233,246
WBGene00195185,280,1257,1537
WBGene00195188,1,4,5
WBGene00195189,9,50,59
WBGene00195208,8,86,94
WBGene00195209,0,313,313
WBGene00195210,6,30,36
WBGene00195211,1,3,4
WBGene00195212,166,509,675
WBGene00195213,2,57,59
WBGene00195214,4,41,45
WBGene00195215,0,2,2
WBGene00195226,2,24,26
WBGene00195227,0,0,0
WBGene00195228,0,0,0
WBGene00195229,0,0,0
WBGene00195230,0,0,0
WBGene00195231,0,0,0
WBGene00195232,1,1,2
WBGene00195239,64,939,1003
WBGene00195240,0,17,17
WBGene00195241,6,18,24
WBGene00195242,0,2,2
WBGene00195243,4,16,20
WBGene00195244,1,12,13
WBGene00195246,17,168,185
WBGene00195248,26,60,86
WBGene00195249,10,25,35
WBGene00195250,2,10,12
WBGene00195256,8,6,14
WBGene00202495,0,0,0
WBGene00202496,4,41,45
WBGene00202497,7,5,12
WBGene00202498,3,26,29
WBGene00202499,6,5,11
WBGene00202500,17,1,18
WBGene00202501,2,32,34
WBGene00202502,0,15,15
WBGene00202504,0,1,1
WBGene00202511,2,53,55
WBGene00202512,47,125,172
WBGene00202513,1,73,74
WBGene00202514,3,16,19
WBGene00206354,67,1015,1082
WBGene00206355,0,54,54
WBGene00206356,43,643,686
WBGene00206357,7,10,17
WBGene00206358,0,0,0
WBGene00206359,10,14,24
WBGene00206360,7,1,8
WBGene00206361,7,108,115
WBGene00206362,19,470,489
WBGene00206363,0,1,1
WBGene00206364,7,99,106
WBGene00206365,0,28,28
WBGene00206366,1,35,36
WBGene00206368,1,0,1
WBGene00206370,0,59,59
WBGene00206371,12,299,311
WBGene00206372,2,1,3
WBGene00206373,39,392,431
WBGene00206374,113,126,239
WBGene00206377,6,95,101
WBGene00206378,16,15,31
WBGene00206379,0,5,5
WBGene00206380,140,2393,2533
WBGene00206381,16,113,129
WBGene00206382,63,389,452
WBGene00206383,1,2,3
WBGene00206384,34,18,52
WBGene00206385,0,0,0
WBGene00206386,5,53,58
WBGene00206388,2,2,4
WBGene00206389,0,4,4
WBGene00206390,2,5,7
WBGene00206392,42,95,137
WBGene00206393,3,7,10
WBGene00206395,0,0,0
WBGene00206412,4,28,32
WBGene00206413,15,64,79
WBGene00206414,10,44,54
WBGene00206415,12,14,26
WBGene00206416,11,64,75
WBGene00206417,43,1080,1123
WBGene00206418,147,1310,1457
WBGene00206421,0,0,0
WBGene00206422,0,195,195
WBGene00206460,6,61,67
WBGene00206461,16,164,180
WBGene00206462,1,97,98
WBGene00206464,0,2479,2479
WBGene00206466,2,75,77
WBGene00206468,0,0,0
WBGene00206469,52,86,138
WBGene00206471,11,8,19
WBGene00206473,5,37,42
WBGene00206474,46,172,218
WBGene00206475,5,9,14
WBGene00206477,0,0,0
WBGene00206478,0,11,11
WBGene00206479,32,360,392
WBGene00206481,6,1,7
WBGene00206482,4,37,41
WBGene00206483,2,1,3
WBGene00206484,10,52,62
WBGene00206485,1,1,2
WBGene00206486,9,7,16
WBGene00206487,43,1213,1256
WBGene00206488,117,116,233
WBGene00206490,0,1,1
WBGene00206492,0,0,0
WBGene00206493,5,7,12
WBGene00206495,2,1,3
WBGene00206496,1,1,2
WBGene00206497,6,15,21
WBGene00206498,2,1,3
WBGene00206499,0,0,0
WBGene00206500,0,11,11
WBGene00206501,1,0,1
WBGene00206502,9,22,31
WBGene00206503,0,0,0
WBGene00206504,0,0,0
WBGene00206505,13,177,190
WBGene00206506,2,1,3
WBGene00206507,0,1,1
WBGene00206508,3,1,4
WBGene00206510,1,2,3
WBGene00206511,9,1,10
WBGene00206512,2,12,14
WBGene00206513,5,12,17
WBGene00206514,2,10,12
WBGene00206515,6,20,26
WBGene00206516,340,1,341
WBGene00206517,3,145,148
WBGene00206518,2,1,3
WBGene00206519,0,8,8
WBGene00206520,1,4,5
WBGene00206521,2,35,37
WBGene00206522,188,14986,15174
WBGene00206523,1,1,2
WBGene00206524,1,19,20
WBGene00206525,214,3744,3958
WBGene00206527,2,13,15
WBGene00206528,17,116,133
WBGene00206529,107,1041,1148
WBGene00206530,60,26,86
WBGene00206532,491,284,775
WBGene00206533,178,61,239
WBGene00206534,0,0,0
WBGene00206535,2,1,3
WBGene00206537,16,8,24
WBGene00206538,54,618,672
WBGene00219205,3,19,22
WBGene00219206,9,308,317
WBGene00219207,0,1452,1452
WBGene00219208,32,585,617
WBGene00219209,65,193,258
WBGene00219210,8,84,92
WBGene00219212,0,0,0
WBGene00219214,3,2,5
WBGene00219216,94,74,168
WBGene00219217,0,4,4
WBGene00219218,3,46,49
WBGene00219234,4,5,9
WBGene00219235,0,33,33
WBGene00219236,10,377,387
WBGene00219238,1,0,1
WBGene00219239,1,0,1
WBGene00219241,0,8,8
WBGene00219243,67,56,123
WBGene00219244,0,4,4
WBGene00219271,0,36,36
WBGene00219272,10,2,12
WBGene00219274,247,1460,1707
WBGene00219275,239,2649,2888
WBGene00219278,0,1,1
WBGene00219280,5,62,67
WBGene00219281,40,10,50
WBGene00219282,2,3,5
WBGene00219283,391,64,455
WBGene00219284,2,10793,10795
WBGene00219285,7,19,26
WBGene00219286,0,54,54
WBGene00219287,30,709,739
WBGene00219288,71,168,239
WBGene00219289,1311,308,1619
WBGene00219290,1,0,1
WBGene00219291,0,2,2
WBGene00219293,9,12,21
WBGene00219294,17,210,227
WBGene00219295,87,79,166
WBGene00219296,1,1,2
WBGene00219297,6,16,22
WBGene00219298,4,14,18
WBGene00219299,4,28,32
WBGene00219300,30,156,186
WBGene00219301,0,0,0
WBGene00219302,0,16,16
WBGene00219308,0,10,10
WBGene00219309,1,15,16
WBGene00219310,2,7,9
WBGene00219313,69,2857,2926
WBGene00219314,1,0,1
WBGene00219315,0,0,0
WBGene00219316,16,175,191
WBGene00219317,4,30,34
WBGene00219318,1,1,2
WBGene00219319,21,49,70
WBGene00219321,3,1,4
WBGene00219322,0,0,0
WBGene00219324,0,4,4
WBGene00219325,13,33,46
WBGene00219326,0,3,3
WBGene00219327,0,3,3
WBGene00219329,252,268,520
WBGene00219330,2,1,3
WBGene00219332,23,2,25
WBGene00219337,179,73,252
WBGene00219342,0,2,2
WBGene00219351,8,8,16
WBGene00219362,78,128,206
WBGene00219368,0,7,7
WBGene00219369,0,3,3
WBGene00219370,0,1,1
WBGene00219371,3,43,46
WBGene00219372,25,409,434
WBGene00219373,14,1097,1111
WBGene00219374,1,97,98
WBGene00219375,141,1336,1477
WBGene00219376,15,329,344
WBGene00219378,0,4,4
WBGene00219381,2,7,9
WBGene00219383,0,4,4
WBGene00219394,38,437,475
WBGene00219395,3,0,3
WBGene00219399,20,19,39
WBGene00219410,33,19,52
WBGene00219411,13,18,31
WBGene00219412,0,186,186
WBGene00219413,4,48,52
WBGene00219414,3,5,8
WBGene00219418,0,2,2
WBGene00219420,0,278,278
WBGene00219421,8,63,71
WBGene00219422,22,37,59
WBGene00219423,9,10,19
WBGene00219424,13,45,58
WBGene00219425,190,343,533
WBGene00219434,2,37,39
WBGene00219436,18,128,146
WBGene00219437,3,2,5
WBGene00219443,0,0,0
WBGene00219445,0,0,0
WBGene00219446,0,0,0
WBGene00219447,0,0,0
WBGene00219449,10,20,30
WBGene00219450,30,144,174
WBGene00219451,2,165,167
WBGene00219452,4,6,10
WBGene00219454,0,0,0
WBGene00219455,0,5,5
WBGene00219456,0,7,7
WBGene00219458,3,3,6
WBGene00219460,15,4,19
WBGene00219476,10,27,37
WBGene00219478,0,2,2
WBGene00219489,0,3,3
WBGene00219491,0,2,2
WBGene00219493,0,25,25
WBGene00219498,3,5,8
WBGene00219544,5,8,13
WBGene00219547,0,12,12
WBGene00219750,2,26,28
WBGene00219796,0,29,29
WBGene00220249,0,6,6
WBGene00220250,25,3,28
WBGene00220253,0,24,24
WBGene00220254,0,0,0
WBGene00220257,3,80,83
WBGene00220258,0,160,160
WBGene00220259,15,121,136
WBGene00220261,7,21,28
WBGene00235081,0,0,0
WBGene00235092,1,2,3
WBGene00235093,0,0,0
WBGene00235094,0,0,0
WBGene00235095,6,12,18
WBGene00235102,22,5784,5806
WBGene00235110,3,3,6
WBGene00235112,0,0,0
WBGene00235113,0,26,26
WBGene00235114,18,352,370
WBGene00235115,0,0,0
WBGene00235116,9,11,20
WBGene00235117,4,3,7
WBGene00235118,1,9,10
WBGene00235120,0,1,1
WBGene00235129,4,44,48
WBGene00235132,43,34,77
WBGene00235133,2,38,40
WBGene00235134,4,1,5
WBGene00235158,65,866,931
WBGene00235164,103,2063,2166
WBGene00235165,0,1,1
WBGene00235254,0,5,5
WBGene00235256,0,59,59
WBGene00235257,3,48,51
WBGene00235258,0,1,1
WBGene00235260,46,18,64
WBGene00235261,0,12,12
WBGene00235262,0,1,1
WBGene00235263,48,12,60
WBGene00235264,2,0,2
WBGene00235267,0,0,0
WBGene00235268,46,620,666
WBGene00235269,129,1933,2062
WBGene00235271,2,16,18
WBGene00235273,188,655,843
WBGene00235274,21,432,453
WBGene00235275,64,19,83
WBGene00235277,280,249,529
WBGene00235279,206,248,454
WBGene00235280,7,27,34
WBGene00235282,0,0,0
WBGene00235283,43,165,208
WBGene00235284,0,12,12
WBGene00235285,2,0,2
WBGene00235288,0,0,0
WBGene00235289,0,4,4
WBGene00235290,2,0,2
WBGene00235291,335,2714,3049
WBGene00235293,0,1,1
WBGene00235294,1,4,5
WBGene00235295,0,2,2
WBGene00235296,0,207,207
WBGene00235297,0,1,1
WBGene00235298,0,3,3
WBGene00235300,0,33,33
WBGene00235301,0,58,58
WBGene00235302,0,0,0
WBGene00235303,0,83,83
WBGene00235304,0,1,1
WBGene00235305,1,0,1
WBGene00235308,82,199,281
WBGene00235309,1,4,5
WBGene00235310,73,261,334
WBGene00235311,0,0,0
WBGene00235312,13,318,331
WBGene00235313,38,153,191
WBGene00235315,51,748,799
WBGene00235316,18,43,61
WBGene00235317,0,0,0
WBGene00235320,27,239,266
WBGene00235321,80,21,101
WBGene00235322,0,0,0
WBGene00235324,4,1,5
WBGene00235325,45,389,434
WBGene00235326,0,1,1
WBGene00235327,3,0,3
WBGene00235328,0,17,17
WBGene00235329,6,10,16
WBGene00235330,161,2071,2232
WBGene00235332,0,11,11
WBGene00235333,3,5,8
WBGene00235335,0,25,25
WBGene00235336,0,7,7
WBGene00235339,0,0,0
WBGene00235340,0,10,10
WBGene00235342,0,0,0
WBGene00235343,2,0,2
WBGene00235350,69,11,80
WBGene00235351,0,4,4
WBGene00235352,12,170,182
WBGene00235354,1,1,2
WBGene00235358,0,1,1
WBGene00235359,0,0,0
WBGene00235361,0,1,1
WBGene00235363,0,2,2
WBGene00235364,0,0,0
WBGene00235365,0,6,6
WBGene00235367,0,5,5
WBGene00235368,0,1,1
WBGene00235369,0,0,0
WBGene00235371,0,2,2
WBGene00235374,4,5,9
WBGene00235380,0,163,163
WBGene00235383,4,13,17
WBGene00235388,3,6,9
WBGene00235390,3,4,7
WBGene00235391,0,9,9
WBGene00236786,3,60,63
WBGene00236789,14,71,85
WBGene00236806,102,0,102
WBGene00236808,4,0,4
WBGene00236809,15,77,92
WBGene00249815,1752,1335,3087
WBGene00249817,49,754,803
WBGene00255375,0,3,3
WBGene00255420,25,0,25
WBGene00255457,197,82,279
WBGene00255469,4,17,21
WBGene00255522,0,0,0
WBGene00255545,0,0,0
WBGene00255546,0,1,1
WBGene00255550,0,0,0
WBGene00255553,0,1,1
WBGene00255594,3,38,41
WBGene00255595,0,169,169
WBGene00255597,3,18,21
WBGene00255598,21,70,91
WBGene00255600,26,216,242
WBGene00255605,0,24,24
WBGene00255607,0,12,12
WBGene00255611,0,0,0
WBGene00255702,8,58,66
WBGene00255704,0,436,436
WBGene00255714,3,145,148
WBGene00255729,4,10,14
WBGene00255731,7,32,39
WBGene00255732,0,0,0
WBGene00255733,3,11,14
WBGene00268194,8,7,15
WBGene00268196,100,186,286
WBGene00268197,1,4,5
WBGene00268198,0,0,0
WBGene00268199,0,0,0
WBGene00268206,4,57,61
WBGene00268213,3,30,33
WBGene00268215,1,13,14
WBGene00268216,6,3,9
WBGene00269332,0,0,0
WBGene00269352,0,0,0
WBGene00269355,11,107,118
WBGene00269373,2,68,70
WBGene00269374,0,6,6
WBGene00269375,2,33,35
WBGene00269378,81,276,357
WBGene00269379,2,7,9
WBGene00269381,0,2,2
WBGene00269382,67,936,1003
WBGene00269385,0,1,1
WBGene00269387,2,135,137
WBGene00269388,0,0,0
WBGene00269389,0,10,10
WBGene00269391,162,506,668
WBGene00269392,2,11,13
WBGene00269394,1,0,1
WBGene00269421,971,5906,6877
WBGene00269422,0,20,20
WBGene00269424,6,35,41
WBGene00269425,14,8,22
WBGene00269429,0,228,228
WBGene00269431,2,59,61
WBGene00269432,42,416,458
WBGene00269433,6,236,242
WBGene00269434,2,559,561
WBGene00269435,1,8,9
WBGene00269437,0,2,2
WBGene00269438,6,25,31
WBGene00270290,1,1,2
WBGene00270293,0,7,7
WBGene00270303,1,29,30
WBGene00270309,53,225,278
WBGene00270318,18,38,56
WBGene00270319,117,1677,1794
WBGene00270320,0,101,101
WBGene00270321,35,167,202
WBGene00270322,33,961,994
WBGene00271414,28,448,476
WBGene00271415,5,16,21
WBGene00271437,24,87,111
WBGene00271444,6,14,20
WBGene00271567,10,60,70
WBGene00271577,10,65,75
WBGene00271605,19,83,102
WBGene00271606,50,987,1037
WBGene00271657,2,15,17
WBGene00271694,15,363,378
WBGene00271701,13,148,161
WBGene00271703,0,5,5
WBGene00271706,6,364,370
WBGene00271707,1,8,9
WBGene00271715,29,21,50
