gene_id,total_unsp,total_sp,total
WBGene00000001.,21,1099,1120
WBGene00000002.,54,1324,1378
WBGene00000003.,4,739,743
WBGene00000004.,159,1795,1954
WBGene00000005.,7,166,173
WBGene00000006.,344,3694,4038
WBGene00000007.,18,328,346
WBGene00000008.,20,39,59
WBGene00000009.,8,22,30
WBGene00000010.,35,529,564
WBGene00000012.,9,25,34
WBGene00000013.,0,92,92
WBGene00000014.,1,7,8
WBGene00000015.,6,652,658
WBGene00000016.,148,16020,16168
WBGene00000017.,13,11173,11186
WBGene00000018.,406,2383,2789
WBGene00000019.,12,13,25
WBGene00000020.,418,1473,1891
WBGene00000021.,6,2,8
WBGene00000022.,67,1940,2007
WBGene00000023.,12,30,42
WBGene00000024.,0,4,4
WBGene00000025.,0,1,1
WBGene00000026.,0,1,1
WBGene00000027.,0,1,1
WBGene00000028.,0,0,0
WBGene00000029.,0,4,4
WBGene00000030.,0,20,20
WBGene00000031.,3,273,276
WBGene00000032.,0,0,0
WBGene00000033.,2,28,30
WBGene00000034.,2,28,30
WBGene00000035.,1182,943,2125
WBGene00000036.,191,1098,1289
WBGene00000037.,58,2271,2329
WBGene00000038.,91,470,561
WBGene00000039.,23,813,836
WBGene00000040.,75,14592,14667
WBGene00000041.,682,24639,25321
WBGene00000042.,168,469,637
WBGene00000043.,55,233,288
WBGene00000044.,50,142,192
WBGene00000045.,10,42,52
WBGene00000046.,166,412,578
WBGene00000047.,95,835,930
WBGene00000048.,27,136,163
WBGene00000049.,17,102,119
WBGene00000050.,23,400,423
WBGene00000051.,63,575,638
WBGene00000053.,24,65,89
WBGene00000054.,58,492,550
WBGene00000055.,12,366,378
WBGene00000056.,48,282,330
WBGene00000057.,93,180,273
WBGene00000058.,341,571,912
WBGene00000059.,26,240,266
WBGene00000060.,77,172,249
WBGene00000061.,87,1071,1158
WBGene00000062.,87,135,222
WBGene00000063.,22,131800,131822
WBGene00000064.,383,22790,23173
WBGene00000065.,413,149558,149971
WBGene00000066.,1642,323246,324888
WBGene00000067.,1457,67717,69174
WBGene00000068.,2025,2235,4260
WBGene00000069.,42,267,309
WBGene00000070.,381,1829,2210
WBGene00000071.,72,729,801
WBGene00000072.,150,1737,1887
WBGene00000073.,135,1460,1595
WBGene00000074.,325,1505,1830
WBGene00000075.,21,408,429
WBGene00000079.,311,2333,2644
WBGene00000080.,36,1655,1691
WBGene00000081.,304,8067,8371
WBGene00000082.,157,173,330
WBGene00000083.,368,4512,4880
WBGene00000084.,76,553,629
WBGene00000085.,71,575,646
WBGene00000086.,164,1400,1564
WBGene00000088.,170,1695,1865
WBGene00000089.,137,3353,3490
WBGene00000090.,150,1686,1836
WBGene00000092.,398,3609,4007
WBGene00000093.,51,1214,1265
WBGene00000094.,112,1611,1723
WBGene00000095.,258,3018,3276
WBGene00000096.,182,572,754
WBGene00000097.,129,3000,3129
WBGene00000098.,60,1804,1864
WBGene00000099.,76,1422,1498
WBGene00000100.,924,14246,15170
WBGene00000101.,171,3010,3181
WBGene00000102.,571,6800,7371
WBGene00000103.,196,3048,3244
WBGene00000105.,71,4583,4654
WBGene00000106.,91,2113,2204
WBGene00000107.,1645,24610,26255
WBGene00000108.,8,3,11
WBGene00000109.,43,2046,2089
WBGene00000110.,138,4921,5059
WBGene00000111.,402,3166,3568
WBGene00000112.,280,5385,5665
WBGene00000113.,75,876,951
WBGene00000114.,308,61298,61606
WBGene00000115.,64,2642,2706
WBGene00000116.,235,1225,1460
WBGene00000117.,501,1240,1741
WBGene00000118.,11,11011,11022
WBGene00000120.,2,3433,3435
WBGene00000121.,58,3666,3724
WBGene00000122.,62,11329,11391
WBGene00000123.,323,8241,8564
WBGene00000133.,10,45,55
WBGene00000134.,100,315,415
WBGene00000135.,47,459,506
WBGene00000136.,18,1830,1848
WBGene00000137.,120,726,846
WBGene00000138.,103,1088,1191
WBGene00000139.,91,276,367
WBGene00000140.,1284,98079,99363
WBGene00000142.,49,1589,1638
WBGene00000143.,217,1257,1474
WBGene00000144.,70,906,976
WBGene00000145.,7,713,720
WBGene00000146.,505,3951,4456
WBGene00000147.,11,871,882
WBGene00000148.,143,1778,1921
WBGene00000149.,596,22814,23410
WBGene00000150.,235,3050,3285
WBGene00000151.,20,1484,1504
WBGene00000155.,30,2959,2989
WBGene00000156.,89,1299,1388
WBGene00000157.,81,3222,3303
WBGene00000158.,594,3966,4560
WBGene00000159.,56,5116,5172
WBGene00000160.,769,4844,5613
WBGene00000161.,35,3651,3686
WBGene00000162.,618,3547,4165
WBGene00000163.,162,3896,4058
WBGene00000164.,179,1911,2090
WBGene00000165.,44,1449,1493
WBGene00000166.,65,706,771
WBGene00000168.,435,249,684
WBGene00000169.,243,7270,7513
WBGene00000170.,806,26039,26845
WBGene00000171.,23,9,32
WBGene00000172.,589,7822,8411
WBGene00000173.,18,306,324
WBGene00000174.,42,300,342
WBGene00000175.,1753,35283,37036
WBGene00000176.,11,2145,2156
WBGene00000177.,327,2145,2472
WBGene00000178.,339,5034,5373
WBGene00000179.,531,4460,4991
WBGene00000180.,81,1400,1481
WBGene00000181.,1155,9126,10281
WBGene00000182.,230,18925,19155
WBGene00000183.,242,18868,19110
WBGene00000184.,181,1060,1241
WBGene00000185.,3,15,18
WBGene00000186.,519,4681,5200
WBGene00000187.,8,1889,1897
WBGene00000188.,0,227,227
WBGene00000189.,13,559,572
WBGene00000190.,8,93,101
WBGene00000191.,57,397,454
WBGene00000192.,32,3231,3263
WBGene00000193.,18,173,191
WBGene00000195.,121,1734,1855
WBGene00000196.,214,2635,2849
WBGene00000197.,39,6197,6236
WBGene00000198.,508,8918,9426
WBGene00000199.,417,5371,5788
WBGene00000200.,144,4294,4438
WBGene00000201.,764,6427,7191
WBGene00000202.,12,1375,1387
WBGene00000203.,27,3435,3462
WBGene00000204.,104,3753,3857
WBGene00000205.,21,3070,3091
WBGene00000206.,112,3305,3417
WBGene00000207.,1563,69041,70604
WBGene00000208.,755,1222,1977
WBGene00000209.,1422,22260,23682
WBGene00000210.,4970,69111,74081
WBGene00000211.,128,616,744
WBGene00000212.,140,1609,1749
WBGene00000213.,46,1551,1597
WBGene00000214.,0,238119,238119
WBGene00000215.,892,27516,28408
WBGene00000216.,232,119420,119652
WBGene00000217.,1514,21535,23049
WBGene00000218.,629,72517,73146
WBGene00000219.,37,79830,79867
WBGene00000220.,72,675,747
WBGene00000221.,0,2855,2855
WBGene00000222.,122,1838,1960
WBGene00000223.,1175,11329,12504
WBGene00000224.,365,5983,6348
WBGene00000225.,257,3201,3458
WBGene00000226.,219,2931,3150
WBGene00000227.,397,2396,2793
WBGene00000228.,526,14365,14891
WBGene00000229.,3660,185917,189577
WBGene00000230.,326,69874,70200
WBGene00000231.,335,4377,4712
WBGene00000232.,315,2354,2669
WBGene00000233.,417,2706,3123
WBGene00000235.,13,12324,12337
WBGene00000236.,277,2565,2842
WBGene00000237.,208,1479,1687
WBGene00000238.,68,679,747
WBGene00000239.,328,2107,2435
WBGene00000240.,865,7236,8101
WBGene00000241.,38,239,277
WBGene00000242.,40,474,514
WBGene00000244.,86,758,844
WBGene00000245.,259,6870,7129
WBGene00000246.,86,136,222
WBGene00000247.,101,2345,2446
WBGene00000248.,262,3904,4166
WBGene00000249.,36,2476,2512
WBGene00000250.,33,395,428
WBGene00000251.,0,6,6
WBGene00000252.,1,23,24
WBGene00000253.,111,998,1109
WBGene00000254.,605,3581,4186
WBGene00000255.,7,14,21
WBGene00000256.,0,25,25
WBGene00000257.,89,2845,2934
WBGene00000259.,150,2163,2313
WBGene00000262.,16,864,880
WBGene00000263.,5848,71888,77736
WBGene00000264.,277,816,1093
WBGene00000265.,162,808,970
WBGene00000266.,309,4965,5274
WBGene00000267.,143,473,616
WBGene00000268.,784,2270,3054
WBGene00000269.,194,1009,1203
WBGene00000270.,23,661,684
WBGene00000271.,51,1327,1378
WBGene00000272.,45,253,298
WBGene00000273.,204,6547,6751
WBGene00000274.,432,1615,2047
WBGene00000275.,37,2160,2197
WBGene00000276.,214,7677,7891
WBGene00000277.,3736,42596,46332
WBGene00000279.,45,250,295
WBGene00000280.,85,885,970
WBGene00000281.,94,9726,9820
WBGene00000282.,549,7072,7621
WBGene00000283.,203,3962,4165
WBGene00000284.,40,2334,2374
WBGene00000285.,246,5018,5264
WBGene00000286.,586,8038,8624
WBGene00000287.,429,3055,3484
WBGene00000288.,367,4090,4457
WBGene00000289.,381,2226,2607
WBGene00000292.,420,8047,8467
WBGene00000293.,387,11339,11726
WBGene00000294.,215,5922,6137
WBGene00000295.,89,661,750
WBGene00000296.,45,367,412
WBGene00000298.,42,2965,3007
WBGene00000301.,5,6055,6060
WBGene00000302.,85,1306,1391
WBGene00000308.,3,0,3
WBGene00000310.,0,0,0
WBGene00000311.,0,0,0
WBGene00000366.,269,8563,8832
WBGene00000367.,675,3456,4131
WBGene00000368.,331,4740,5071
WBGene00000369.,7,2951,2958
WBGene00000370.,4293,16781,21074
WBGene00000371.,4251,94280,98531
WBGene00000372.,3,223,226
WBGene00000373.,126,1014,1140
WBGene00000374.,665,1432,2097
WBGene00000375.,93,967,1060
WBGene00000376.,576,2037,2613
WBGene00000377.,146,18930,19076
WBGene00000378.,46,19838,19884
WBGene00000379.,1095,22076,23171
WBGene00000380.,1434,37623,39057
WBGene00000381.,117,17540,17657
WBGene00000382.,32,1338,1370
WBGene00000383.,118,4880,4998
WBGene00000386.,23,515,538
WBGene00000387.,826,740,1566
WBGene00000388.,2,14,16
WBGene00000389.,1,2,3
WBGene00000390.,162,7709,7871
WBGene00000391.,758,5043,5801
WBGene00000392.,0,61,61
WBGene00000393.,213,2845,3058
WBGene00000395.,80,721,801
WBGene00000396.,101,5424,5525
WBGene00000397.,23,372,395
WBGene00000399.,21,268,289
WBGene00000401.,84,433,517
WBGene00000402.,195,260,455
WBGene00000403.,1125,14887,16012
WBGene00000405.,82,5049,5131
WBGene00000406.,92,848,940
WBGene00000407.,311,1915,2226
WBGene00000408.,571,2262,2833
WBGene00000409.,150,2203,2353
WBGene00000410.,265,1895,2160
WBGene00000411.,22,3786,3808
WBGene00000412.,70,791,861
WBGene00000413.,118,1150,1268
WBGene00000414.,408,11115,11523
WBGene00000415.,1852,2069,3921
WBGene00000416.,53,1377,1430
WBGene00000417.,123,156,279
WBGene00000418.,30,695,725
WBGene00000419.,376,2704,3080
WBGene00000420.,95,1605,1700
WBGene00000421.,321,2820,3141
WBGene00000422.,5,128,133
WBGene00000423.,91,1101,1192
WBGene00000424.,126,2067,2193
WBGene00000425.,17,308,325
WBGene00000426.,396,1772,2168
WBGene00000427.,0,17,17
WBGene00000428.,2,133,135
WBGene00000429.,281,1367,1648
WBGene00000430.,17,221,238
WBGene00000431.,45,1224,1269
WBGene00000432.,23,14,37
WBGene00000433.,70,403,473
WBGene00000434.,29,390,419
WBGene00000435.,14,128,142
WBGene00000436.,10,62,72
WBGene00000437.,109,1688,1797
WBGene00000438.,32,95,127
WBGene00000439.,68,363,431
WBGene00000440.,6,364,370
WBGene00000441.,795,2202,2997
WBGene00000442.,49,839,888
WBGene00000443.,174,4678,4852
WBGene00000444.,21,390,411
WBGene00000445.,75,1054,1129
WBGene00000446.,43,1461,1504
WBGene00000447.,74,436,510
WBGene00000448.,122,1596,1718
WBGene00000449.,297,2287,2584
WBGene00000450.,10,110,120
WBGene00000451.,7,164,171
WBGene00000452.,19,1047,1066
WBGene00000453.,85,2357,2442
WBGene00000454.,61,1000,1061
WBGene00000455.,244,2445,2689
WBGene00000457.,26,235,261
WBGene00000458.,168,1653,1821
WBGene00000459.,138,2911,3049
WBGene00000460.,12,332,344
WBGene00000461.,7,19,26
WBGene00000462.,9,434,443
WBGene00000463.,76,969,1045
WBGene00000464.,0,102,102
WBGene00000465.,2,207,209
WBGene00000466.,473,3337,3810
WBGene00000467.,72,740,812
WBGene00000468.,33,252,285
WBGene00000469.,32,102,134
WBGene00000472.,109,38722,38831
WBGene00000473.,8,1130,1138
WBGene00000474.,7,1360,1367
WBGene00000475.,99,37847,37946
WBGene00000476.,253,1675,1928
WBGene00000477.,50,388,438
WBGene00000478.,84,975,1059
WBGene00000479.,42,4526,4568
WBGene00000480.,202,2100,2302
WBGene00000481.,116,1070,1186
WBGene00000482.,192,6487,6679
WBGene00000483.,23,16,39
WBGene00000484.,98,220,318
WBGene00000485.,128,1126,1254
WBGene00000487.,157,23,180
WBGene00000488.,180,481,661
WBGene00000490.,81,646,727
WBGene00000491.,282,1216,1498
WBGene00000492.,601,880,1481
WBGene00000493.,81,343,424
WBGene00000496.,49,290,339
WBGene00000497.,72,792,864
WBGene00000498.,9,1038,1047
WBGene00000499.,88,109,197
WBGene00000500.,87,2217,2304
WBGene00000501.,126,1674,1800
WBGene00000502.,100,4171,4271
WBGene00000503.,2,78,80
WBGene00000506.,416,1953,2369
WBGene00000507.,126,1017,1143
WBGene00000508.,51,2160,2211
WBGene00000509.,399,3184,3583
WBGene00000510.,290,3298,3588
WBGene00000511.,91,954,1045
WBGene00000512.,49,535,584
WBGene00000513.,10,265,275
WBGene00000514.,211,1718,1929
WBGene00000515.,36,2004,2040
WBGene00000516.,1,3253,3254
WBGene00000517.,146,771,917
WBGene00000518.,1644,1724,3368
WBGene00000519.,653,1173,1826
WBGene00000520.,166,1667,1833
WBGene00000521.,14,247,261
WBGene00000522.,429,1892,2321
WBGene00000523.,53,644,697
WBGene00000524.,42,1000,1042
WBGene00000525.,28,11,39
WBGene00000526.,14,790,804
WBGene00000527.,541,2072,2613
WBGene00000528.,270,974,1244
WBGene00000529.,413,642,1055
WBGene00000530.,120,558,678
WBGene00000531.,31,96,127
WBGene00000532.,70,2008,2078
WBGene00000533.,18,510,528
WBGene00000534.,110,27905,28015
WBGene00000535.,529,10713,11242
WBGene00000536.,84,844,928
WBGene00000537.,27,628,655
WBGene00000539.,37,413,450
WBGene00000540.,107,581,688
WBGene00000541.,329,1764,2093
WBGene00000542.,649,8400,9049
WBGene00000543.,139,1008,1147
WBGene00000544.,75,17,92
WBGene00000545.,910,2892,3802
WBGene00000546.,12,26,38
WBGene00000547.,306,1853,2159
WBGene00000548.,152,3227,3379
WBGene00000549.,31,3601,3632
WBGene00000550.,96,18491,18587
WBGene00000551.,0,1,1
WBGene00000552.,1993,49113,51106
WBGene00000553.,1411,1655,3066
WBGene00000554.,570,9802,10372
WBGene00000555.,1,0,1
WBGene00000556.,128,1221,1349
WBGene00000557.,165,5156,5321
WBGene00000558.,214,3946,4160
WBGene00000559.,2,0,2
WBGene00000560.,1,41,42
WBGene00000561.,6,510,516
WBGene00000562.,216,398,614
WBGene00000563.,31,49,80
WBGene00000564.,248,1455,1703
WBGene00000565.,759,604,1363
WBGene00000566.,776,3027,3803
WBGene00000567.,243,7709,7952
WBGene00000583.,186,1912,2098
WBGene00000584.,28,568,596
WBGene00000585.,174,2765,2939
WBGene00000591.,269,1710,1979
WBGene00000592.,28,491,519
WBGene00000593.,0,39,39
WBGene00000594.,0,5844,5844
WBGene00000596.,0,3,3
WBGene00000597.,6,31,37
WBGene00000598.,1,14,15
WBGene00000599.,51,4863,4914
WBGene00000601.,0,252,252
WBGene00000602.,0,161,161
WBGene00000603.,4,347,351
WBGene00000606.,145,1495,1640
WBGene00000608.,0,5,5
WBGene00000609.,0,2,2
WBGene00000610.,23,384,407
WBGene00000611.,299,4362,4661
WBGene00000612.,0,9,9
WBGene00000613.,0,36,36
WBGene00000614.,1,11,12
WBGene00000615.,0,37,37
WBGene00000616.,1,2083,2084
WBGene00000617.,1,2,3
WBGene00000618.,1,332,333
WBGene00000620.,1,4,5
WBGene00000621.,0,21,21
WBGene00000622.,3,59,62
WBGene00000623.,18,83,101
WBGene00000624.,27,44,71
WBGene00000625.,18,172,190
WBGene00000626.,0,3,3
WBGene00000627.,0,7,7
WBGene00000628.,0,15,15
WBGene00000629.,56,6,62
WBGene00000630.,45,415,460
WBGene00000631.,1,62,63
WBGene00000632.,1,191,192
WBGene00000633.,13,90,103
WBGene00000634.,0,38,38
WBGene00000636.,4,16,20
WBGene00000637.,7,286,293
WBGene00000638.,0,1,1
WBGene00000639.,0,260,260
WBGene00000640.,15,70,85
WBGene00000641.,31,3744,3775
WBGene00000642.,4,14,18
WBGene00000644.,1,76,77
WBGene00000645.,44,314,358
WBGene00000646.,0,3,3
WBGene00000647.,2,161,163
WBGene00000648.,68,17,85
WBGene00000649.,27,180,207
WBGene00000650.,0,52,52
WBGene00000651.,5,66,71
WBGene00000652.,46,657,703
WBGene00000653.,2,810,812
WBGene00000654.,4,13,17
WBGene00000655.,5,328,333
WBGene00000656.,29,4433,4462
WBGene00000657.,11,61,72
WBGene00000658.,7,14,21
WBGene00000659.,3,6,9
WBGene00000660.,2,14,16
WBGene00000661.,7,8,15
WBGene00000662.,27,56,83
WBGene00000663.,0,22,22
WBGene00000664.,5,1219,1224
WBGene00000665.,113,1678,1791
WBGene00000666.,2,651,653
WBGene00000667.,1,133,134
WBGene00000668.,1,1106,1107
WBGene00000669.,27,5090,5117
WBGene00000670.,2,95,97
WBGene00000671.,0,49,49
WBGene00000672.,1,173,174
WBGene00000673.,12,36096,36108
WBGene00000674.,67,390,457
WBGene00000675.,2,235,237
WBGene00000676.,0,4,4
WBGene00000677.,40,33583,33623
WBGene00000678.,2,44,46
WBGene00000679.,13,177,190
WBGene00000680.,0,20,20
WBGene00000681.,27,48918,48945
WBGene00000682.,0,42,42
WBGene00000683.,21,151,172
WBGene00000684.,18,89,107
WBGene00000685.,6,277,283
WBGene00000687.,19,220,239
WBGene00000688.,0,22,22
WBGene00000689.,26,66,92
WBGene00000690.,0,2,2
WBGene00000691.,0,5589,5589
WBGene00000692.,675,11441,12116
WBGene00000693.,0,3,3
WBGene00000694.,0,30,30
WBGene00000695.,1,4,5
WBGene00000696.,0,2,2
WBGene00000697.,2,11,13
WBGene00000698.,0,58,58
WBGene00000699.,3,3342,3345
WBGene00000700.,0,12,12
WBGene00000701.,0,12,12
WBGene00000702.,7,63,70
WBGene00000703.,2,335,337
WBGene00000704.,0,755,755
WBGene00000705.,34,600,634
WBGene00000706.,4,39,43
WBGene00000707.,0,9,9
WBGene00000708.,0,24,24
WBGene00000709.,5,0,5
WBGene00000710.,1,17,18
WBGene00000711.,0,2,2
WBGene00000712.,0,2,2
WBGene00000713.,0,71,71
WBGene00000714.,12,120,132
WBGene00000715.,12,148,160
WBGene00000716.,0,8,8
WBGene00000717.,21,1959,1980
WBGene00000718.,0,65,65
WBGene00000719.,0,58,58
WBGene00000720.,4,41651,41655
WBGene00000721.,0,46,46
WBGene00000722.,6,2020,2026
WBGene00000723.,0,364,364
WBGene00000724.,15,66,81
WBGene00000725.,0,19,19
WBGene00000726.,95,461,556
WBGene00000727.,0,1710,1710
WBGene00000728.,0,1844,1844
WBGene00000729.,2,32,34
WBGene00000730.,0,42,42
WBGene00000731.,3,121,124
WBGene00000732.,9,162,171
WBGene00000733.,3,49,52
WBGene00000734.,0,86,86
WBGene00000735.,4,18,22
WBGene00000736.,1,10,11
WBGene00000737.,1,77,78
WBGene00000738.,3,10,13
WBGene00000739.,0,7572,7572
WBGene00000740.,0,577,577
WBGene00000741.,0,6118,6118
WBGene00000742.,0,580,580
WBGene00000743.,0,21,21
WBGene00000744.,0,0,0
WBGene00000745.,6,414,420
WBGene00000746.,10,61,71
WBGene00000747.,1,250,251
WBGene00000748.,1,167,168
WBGene00000749.,1,536,537
WBGene00000750.,33,326,359
WBGene00000751.,1,12,13
WBGene00000752.,0,0,0
WBGene00000753.,0,135,135
WBGene00000754.,0,29,29
WBGene00000755.,0,59,59
WBGene00000756.,0,5,5
WBGene00000757.,0,10,10
WBGene00000758.,0,2,2
WBGene00000759.,50,294,344
WBGene00000760.,12,25,37
WBGene00000761.,125,2731,2856
WBGene00000762.,183,1375,1558
WBGene00000763.,256,2503,2759
WBGene00000764.,38,643,681
WBGene00000765.,16,4209,4225
WBGene00000766.,46,2086,2132
WBGene00000767.,305,5678,5983
WBGene00000768.,311,3973,4284
WBGene00000770.,6,74,80
WBGene00000771.,0,8,8
WBGene00000772.,5,282,287
WBGene00000773.,177,3098,3275
WBGene00000774.,97,2759,2856
WBGene00000775.,235,844,1079
WBGene00000776.,803,23216,24019
WBGene00000777.,70,5595,5665
WBGene00000778.,20,816,836
WBGene00000779.,5361,110244,115605
WBGene00000780.,832,8621,9453
WBGene00000781.,38,20695,20733
WBGene00000782.,0,1,1
WBGene00000783.,153,2830,2983
WBGene00000784.,33,32707,32740
WBGene00000785.,329,156283,156612
WBGene00000786.,892,20766,21658
WBGene00000787.,33,3264,3297
WBGene00000788.,86,8065,8151
WBGene00000789.,632,21093,21725
WBGene00000792.,93,315,408
WBGene00000793.,6240,4861,11101
WBGene00000794.,72,2401,2473
WBGene00000795.,15,1108,1123
WBGene00000796.,389,4689,5078
WBGene00000797.,9,103,112
WBGene00000798.,5,1965,1970
WBGene00000799.,132,1335,1467
WBGene00000800.,266,5425,5691
WBGene00000801.,93,1058,1151
WBGene00000802.,1322,127635,128957
WBGene00000803.,27,247,274
WBGene00000804.,7,1566,1573
WBGene00000812.,396,1622,2018
WBGene00000813.,185,2422,2607
WBGene00000814.,238,3426,3664
WBGene00000815.,379,2246,2625
WBGene00000816.,352,1935,2287
WBGene00000817.,52,1717,1769
WBGene00000818.,100,1882,1982
WBGene00000819.,44,18,62
WBGene00000820.,130,496,626
WBGene00000821.,3,2,5
WBGene00000822.,1800,32680,34480
WBGene00000829.,0,101006,101006
WBGene00000830.,0,6,6
WBGene00000831.,21,4059,4080
WBGene00000832.,610,3826,4436
WBGene00000833.,219,78605,78824
WBGene00000834.,1305,2862,4167
WBGene00000835.,393,9061,9454
WBGene00000836.,99,2007,2106
WBGene00000837.,242,2695,2937
WBGene00000838.,148,1320,1468
WBGene00000839.,100,2518,2618
WBGene00000840.,205,2853,3058
WBGene00000841.,106,322,428
WBGene00000843.,59,4350,4409
WBGene00000845.,360,5302,5662
WBGene00000846.,227,996,1223
WBGene00000851.,5,12,17
WBGene00000853.,15,13,28
WBGene00000854.,569,4229,4798
WBGene00000857.,64,2160,2224
WBGene00000858.,120,2199,2319
WBGene00000859.,3,19,22
WBGene00000860.,8,73,81
WBGene00000861.,5,3,8
WBGene00000862.,170,971,1141
WBGene00000863.,26,1272,1298
WBGene00000864.,0,1,1
WBGene00000865.,9,797,806
WBGene00000866.,0,51,51
WBGene00000867.,0,22,22
WBGene00000868.,29,2874,2903
WBGene00000869.,341,23872,24213
WBGene00000870.,109,1710,1819
WBGene00000871.,76,757,833
WBGene00000872.,64,2000,2064
WBGene00000874.,135,3278,3413
WBGene00000875.,34,2200,2234
WBGene00000876.,277,3687,3964
WBGene00000877.,59,25915,25974
WBGene00000878.,12,131,143
WBGene00000879.,1182,46282,47464
WBGene00000880.,98,2329,2427
WBGene00000881.,16,31189,31205
WBGene00000882.,0,2845,2845
WBGene00000883.,4771,166473,171244
WBGene00000884.,119,5114,5233
WBGene00000885.,201,359,560
WBGene00000886.,81,1740,1821
WBGene00000887.,307,2971,3278
WBGene00000888.,83,2306,2389
WBGene00000889.,173,2430,2603
WBGene00000890.,140,1123,1263
WBGene00000891.,274,2834,3108
WBGene00000892.,199,1529,1728
WBGene00000893.,42,1016,1058
WBGene00000894.,389,3177,3566
WBGene00000895.,83,394,477
WBGene00000896.,477,13405,13882
WBGene00000897.,180,1368,1548
WBGene00000898.,2791,2992,5783
WBGene00000899.,327,3400,3727
WBGene00000900.,388,2777,3165
WBGene00000901.,2693,7216,9909
WBGene00000902.,14,169,183
WBGene00000903.,20,4262,4282
WBGene00000904.,62,307,369
WBGene00000905.,28,285,313
WBGene00000906.,139,516,655
WBGene00000907.,51,547,598
WBGene00000908.,1381,2181,3562
WBGene00000910.,964,4647,5611
WBGene00000911.,480,5488,5968
WBGene00000912.,1963,5486,7449
WBGene00000913.,67,1672,1739
WBGene00000914.,860,1810,2670
WBGene00000915.,1273,140231,141504
WBGene00000917.,212,1889,2101
WBGene00000920.,21,3763,3784
WBGene00000923.,60,5033,5093
WBGene00000928.,8,1480,1488
WBGene00000929.,218,2231,2449
WBGene00000930.,0,32,32
WBGene00000931.,319,22415,22734
WBGene00000932.,8,202,210
WBGene00000933.,460,3989,4449
WBGene00000934.,33,729,762
WBGene00000935.,8,792,800
WBGene00000936.,34,1502,1536
WBGene00000937.,25,936,961
WBGene00000938.,706,10007,10713
WBGene00000939.,345,3986,4331
WBGene00000940.,280,2314,2594
WBGene00000941.,981,12715,13696
WBGene00000942.,552,13374,13926
WBGene00000950.,247,277,524
WBGene00000951.,10,204,214
WBGene00000952.,93,86,179
WBGene00000953.,76,386,462
WBGene00000955.,18,304,322
WBGene00000958.,268,1369,1637
WBGene00000959.,437,3360,3797
WBGene00000960.,67,211,278
WBGene00000961.,68,1904,1972
WBGene00000962.,342,16931,17273
WBGene00000963.,255,2096,2351
WBGene00000964.,84,3780,3864
WBGene00000965.,80,1997,2077
WBGene00000966.,380,2127,2507
WBGene00000967.,880,5456,6336
WBGene00000968.,73,662,735
WBGene00000969.,27,1442,1469
WBGene00000970.,95,3010,3105
WBGene00000971.,33,431,464
WBGene00000972.,88,695,783
WBGene00000973.,125,2977,3102
WBGene00000974.,9,191,200
WBGene00000975.,794,4057,4851
WBGene00000976.,281,1422,1703
WBGene00000977.,112,1813,1925
WBGene00000978.,19,2320,2339
WBGene00000979.,13,270,283
WBGene00000980.,512,2389,2901
WBGene00000981.,74,9244,9318
WBGene00000982.,482,6811,7293
WBGene00000983.,303,3921,4224
WBGene00000984.,1070,7993,9063
WBGene00000985.,59,3424,3483
WBGene00000986.,2,286,288
WBGene00000987.,301,1320,1621
WBGene00000988.,1315,43256,44571
WBGene00000989.,7,57,64
WBGene00000990.,135,1347,1482
WBGene00000991.,1087,11648,12735
WBGene00000992.,258,1718,1976
WBGene00000993.,326,2805,3131
WBGene00000994.,49,759,808
WBGene00000995.,33,1115,1148
WBGene00000996.,166,5074,5240
WBGene00000998.,1766,59200,60966
WBGene00001000.,1192,26829,28021
WBGene00001001.,395,4694,5089
WBGene00001002.,97,2434,2531
WBGene00001005.,83,34862,34945
WBGene00001006.,283,5435,5718
WBGene00001007.,496,10560,11056
WBGene00001008.,718,5205,5923
WBGene00001016.,22,697,719
WBGene00001017.,424,7013,7437
WBGene00001018.,328,4319,4647
WBGene00001019.,612,3230,3842
WBGene00001020.,93,2173,2266
WBGene00001021.,83,434,517
WBGene00001022.,55,540,595
WBGene00001023.,277,5787,6064
WBGene00001025.,204,3560,3764
WBGene00001026.,78,3347,3425
WBGene00001027.,438,2922,3360
WBGene00001028.,329,5487,5816
WBGene00001029.,604,9512,10116
WBGene00001030.,171,11505,11676
WBGene00001031.,142,6560,6702
WBGene00001032.,71,1983,2054
WBGene00001033.,134,1046,1180
WBGene00001034.,129,3659,3788
WBGene00001035.,122,2696,2818
WBGene00001036.,31,1121,1152
WBGene00001037.,111,14901,15012
WBGene00001038.,352,9486,9838
WBGene00001039.,304,1691,1995
WBGene00001040.,48,1314,1362
WBGene00001041.,43,3269,3312
WBGene00001042.,890,2836,3726
WBGene00001043.,718,1994,2712
WBGene00001044.,6,193,199
WBGene00001045.,172,3072,3244
WBGene00001046.,38,424,462
WBGene00001047.,457,7868,8325
WBGene00001048.,261,1754,2015
WBGene00001049.,82,1175,1257
WBGene00001050.,14,336,350
WBGene00001051.,15,4960,4975
WBGene00001052.,388,1298,1686
WBGene00001053.,137,726,863
WBGene00001054.,126,1029,1155
WBGene00001055.,128,807,935
WBGene00001056.,292,4184,4476
WBGene00001057.,23,2553,2576
WBGene00001058.,152,2292,2444
WBGene00001059.,18,953,971
WBGene00001060.,29,1386,1415
WBGene00001061.,91,2025,2116
WBGene00001062.,2,4,6
WBGene00001063.,17,17,34
WBGene00001064.,18,1013,1031
WBGene00001065.,0,1296,1296
WBGene00001066.,161,3252,3413
WBGene00001067.,0,1867,1867
WBGene00001068.,121,3725,3846
WBGene00001069.,17,944,961
WBGene00001070.,92,849,941
WBGene00001071.,40,771,811
WBGene00001072.,4,607,611
WBGene00001073.,202,5791,5993
WBGene00001074.,233,3631,3864
WBGene00001075.,54,175,229
WBGene00001076.,0,236,236
WBGene00001077.,97,2993,3090
WBGene00001078.,247,1145,1392
WBGene00001079.,22,226,248
WBGene00001080.,1251,5074,6325
WBGene00001081.,223,9792,10015
WBGene00001082.,320,3287,3607
WBGene00001085.,164,3871,4035
WBGene00001086.,169,4903,5072
WBGene00001087.,2082,1538,3620
WBGene00001088.,437,17024,17461
WBGene00001089.,510,3265,3775
WBGene00001090.,67,1253,1320
WBGene00001091.,234,1467,1701
WBGene00001092.,2,92,94
WBGene00001093.,65,3726,3791
WBGene00001094.,54,11282,11336
WBGene00001095.,104,960,1064
WBGene00001096.,15,387,402
WBGene00001099.,95,4867,4962
WBGene00001101.,671,5488,6159
WBGene00001102.,47,1261,1308
WBGene00001103.,0,7,7
WBGene00001104.,11,1,12
WBGene00001105.,13,34,47
WBGene00001106.,4,12,16
WBGene00001107.,45,313,358
WBGene00001108.,4,4,8
WBGene00001109.,2,177,179
WBGene00001110.,15,387,402
WBGene00001111.,143,11,154
WBGene00001112.,129,1513,1642
WBGene00001113.,1077,10162,11239
WBGene00001115.,478,1824,2302
WBGene00001116.,340,2836,3176
WBGene00001117.,43,545,588
WBGene00001118.,244,400,644
WBGene00001119.,72,490,562
WBGene00001121.,110,273,383
WBGene00001122.,95,1041,1136
WBGene00001123.,3,76,79
WBGene00001127.,59,385,444
WBGene00001129.,47,333,380
WBGene00001130.,182,1736,1918
WBGene00001131.,1292,11981,13273
WBGene00001132.,366,5601,5967
WBGene00001133.,58,230,288
WBGene00001134.,192,5938,6130
WBGene00001135.,133,1439,1572
WBGene00001136.,99,1094,1193
WBGene00001137.,622,54015,54637
WBGene00001145.,2236,16291,18527
WBGene00001147.,0,42,42
WBGene00001148.,1785,827,2612
WBGene00001149.,406,21179,21585
WBGene00001150.,9,68,77
WBGene00001151.,108,2248,2356
WBGene00001152.,10,1602,1612
WBGene00001153.,8,3151,3159
WBGene00001154.,80,3547,3627
WBGene00001155.,3617,43465,47082
WBGene00001156.,860,13357,14217
WBGene00001157.,142,1097,1239
WBGene00001158.,23,229,252
WBGene00001159.,30,577,607
WBGene00001160.,87,3352,3439
WBGene00001161.,312,1199,1511
WBGene00001162.,679,676,1355
WBGene00001163.,178,3723,3901
WBGene00001164.,3,6,9
WBGene00001165.,104,394,498
WBGene00001166.,71,10471,10542
WBGene00001167.,9591,336323,345914
WBGene00001168.,11668,700820,712488
WBGene00001169.,184,137250,137434
WBGene00001170.,23,280,303
WBGene00001171.,267,440,707
WBGene00001172.,478,13786,14264
WBGene00001173.,4125,9725,13850
WBGene00001174.,30,675,705
WBGene00001175.,18,224,242
WBGene00001177.,3332,7084,10416
WBGene00001178.,560,3067,3627
WBGene00001179.,589,2561,3150
WBGene00001182.,138,1581,1719
WBGene00001184.,166,2139,2305
WBGene00001185.,20,297,317
WBGene00001186.,606,2395,3001
WBGene00001187.,487,6179,6666
WBGene00001188.,262,1556,1818
WBGene00001189.,1412,26684,28096
WBGene00001190.,425,773,1198
WBGene00001193.,6,679,685
WBGene00001194.,733,10760,11493
WBGene00001196.,994,26398,27392
WBGene00001202.,151,324,475
WBGene00001204.,98,440,538
WBGene00001207.,80,373,453
WBGene00001208.,842,3812,4654
WBGene00001209.,163,19092,19255
WBGene00001210.,32,1980,2012
WBGene00001211.,101,362,463
WBGene00001214.,34,906,940
WBGene00001215.,446,3210,3656
WBGene00001223.,4,6,10
WBGene00001224.,33,3878,3911
WBGene00001225.,33,9913,9946
WBGene00001226.,451,24221,24672
WBGene00001227.,1538,17373,18911
WBGene00001228.,50,4762,4812
WBGene00001229.,61,6204,6265
WBGene00001230.,102,9127,9229
WBGene00001231.,75,5786,5861
WBGene00001232.,282,5167,5449
WBGene00001233.,686,8345,9031
WBGene00001234.,21,12015,12036
WBGene00001235.,125,3714,3839
WBGene00001236.,69,2002,2071
WBGene00001237.,62,544,606
WBGene00001239.,471,21395,21866
WBGene00001240.,564,23092,23656
WBGene00001241.,426,6140,6566
WBGene00001242.,11,123,134
WBGene00001243.,1434,38578,40012
WBGene00001244.,2274,29235,31509
WBGene00001245.,0,8,8
WBGene00001246.,2,55,57
WBGene00001247.,117,1441,1558
WBGene00001248.,219,728,947
WBGene00001249.,30,1313,1343
WBGene00001250.,98,1263,1361
WBGene00001251.,94,2172,2266
WBGene00001252.,8,420,428
WBGene00001253.,127,1493,1620
WBGene00001258.,1010,7598,8608
WBGene00001259.,129,7532,7661
WBGene00001262.,120,6264,6384
WBGene00001263.,776,35312,36088
WBGene00001281.,76,1586,1662
WBGene00001284.,239,2903,3142
WBGene00001303.,391,43989,44380
WBGene00001309.,173,5630,5803
WBGene00001310.,19,8,27
WBGene00001311.,4,5,9
WBGene00001320.,11,3707,3718
WBGene00001324.,84,1785,1869
WBGene00001325.,293,1943,2236
WBGene00001328.,186,15784,15970
WBGene00001329.,147,5860,6007
WBGene00001330.,1132,9597,10729
WBGene00001331.,108,8352,8460
WBGene00001332.,166,992,1158
WBGene00001333.,585,8501,9086
WBGene00001334.,417,3484,3901
WBGene00001335.,237,2842,3079
WBGene00001336.,488,9001,9489
WBGene00001337.,1273,15248,16521
WBGene00001338.,107,3234,3341
WBGene00001340.,557,4690,5247
WBGene00001345.,1941,2392,4333
WBGene00001352.,401,4812,5213
WBGene00001358.,43,492,535
WBGene00001362.,43,181,224
WBGene00001365.,304,2479,2783
WBGene00001366.,677,4335,5012
WBGene00001368.,372,2805,3177
WBGene00001371.,49,1113,1162
WBGene00001372.,112,708,820
WBGene00001373.,191,223,414
WBGene00001374.,781,2743,3524
WBGene00001377.,281,1178,1459
WBGene00001385.,36771,606553,643324
WBGene00001386.,1119,36996,38115
WBGene00001387.,53,289,342
WBGene00001388.,0,8,8
WBGene00001389.,45,1084,1129
WBGene00001390.,28,786,814
WBGene00001391.,118,1977,2095
WBGene00001392.,73,7128,7201
WBGene00001393.,152,20247,20399
WBGene00001394.,147,27776,27923
WBGene00001395.,1530,18185,19715
WBGene00001396.,223,11382,11605
WBGene00001397.,1,268,269
WBGene00001398.,373,18541,18914
WBGene00001399.,2,189,191
WBGene00001400.,13,240,253
WBGene00001401.,4,362,366
WBGene00001402.,5,471,476
WBGene00001403.,246,2274,2520
WBGene00001404.,1262,17540,18802
WBGene00001405.,40,2915,2955
WBGene00001406.,365,909,1274
WBGene00001410.,359,2022,2381
WBGene00001411.,55,1972,2027
WBGene00001412.,29,1392,1421
WBGene00001413.,25,352,377
WBGene00001414.,7,39,46
WBGene00001423.,572,75824,76396
WBGene00001424.,1,4,5
WBGene00001425.,297,2536,2833
WBGene00001426.,355,13908,14263
WBGene00001427.,1587,100720,102307
WBGene00001428.,4,2044,2048
WBGene00001429.,31,1511,1542
WBGene00001430.,173,4338,4511
WBGene00001431.,131,9395,9526
WBGene00001432.,91,725,816
WBGene00001433.,96,1437,1533
WBGene00001434.,4,350,354
WBGene00001435.,1,3,4
WBGene00001436.,0,0,0
WBGene00001437.,0,49,49
WBGene00001438.,11,77,88
WBGene00001439.,2819,3944,6763
WBGene00001440.,75,802,877
WBGene00001441.,364,8149,8513
WBGene00001442.,8,241,249
WBGene00001443.,556,3532,4088
WBGene00001444.,3775,35385,39160
WBGene00001445.,202,3250,3452
WBGene00001446.,33,1627,1660
WBGene00001447.,332,5616,5948
WBGene00001448.,861,20882,21743
WBGene00001449.,485,4518,5003
WBGene00001450.,24,1801,1825
WBGene00001451.,655,10495,11150
WBGene00001452.,247,22355,22602
WBGene00001453.,5,1070,1075
WBGene00001454.,4,10555,10559
WBGene00001455.,529,16507,17036
WBGene00001456.,36,4380,4416
WBGene00001457.,12698,16968,29666
WBGene00001458.,519,8010,8529
WBGene00001459.,262,4602,4864
WBGene00001460.,108,3286,3394
WBGene00001461.,1129,7468,8597
WBGene00001462.,147,17483,17630
WBGene00001463.,53,2089,2142
WBGene00001464.,159,4583,4742
WBGene00001465.,41,283,324
WBGene00001466.,35,1077,1112
WBGene00001468.,20,477,497
WBGene00001470.,139,3149,3288
WBGene00001475.,191,2667,2858
WBGene00001476.,288,2391,2679
WBGene00001477.,57,1245,1302
WBGene00001478.,61,324,385
WBGene00001479.,26,418,444
WBGene00001480.,2491,20397,22888
WBGene00001481.,41,519,560
WBGene00001482.,3,221,224
WBGene00001483.,6,176,182
WBGene00001484.,1065,2451,3516
WBGene00001485.,503,1145,1648
WBGene00001486.,73,846,919
WBGene00001487.,6,13,19
WBGene00001488.,1109,39259,40368
WBGene00001489.,372,2581,2953
WBGene00001490.,253,1923,2176
WBGene00001491.,905,5849,6754
WBGene00001492.,141,63,204
WBGene00001493.,191,3178,3369
WBGene00001494.,735,1633,2368
WBGene00001495.,0,0,0
WBGene00001496.,2363,10426,12789
WBGene00001497.,145,7500,7645
WBGene00001498.,576,7696,8272
WBGene00001499.,23,991,1014
WBGene00001500.,319,3777,4096
WBGene00001501.,11295,101444,112739
WBGene00001502.,818,65491,66309
WBGene00001503.,200,19051,19251
WBGene00001505.,91,1241,1332
WBGene00001506.,82,330,412
WBGene00001507.,16,81,97
WBGene00001508.,222,1285,1507
WBGene00001509.,142,3527,3669
WBGene00001510.,263,2133,2396
WBGene00001511.,39,1596,1635
WBGene00001512.,121,414,535
WBGene00001513.,11,1896,1907
WBGene00001514.,25,551,576
WBGene00001515.,77,271,348
WBGene00001516.,1239,3471,4710
WBGene00001517.,120,950,1070
WBGene00001518.,614,3458,4072
WBGene00001519.,437,2728,3165
WBGene00001520.,232,13478,13710
WBGene00001522.,101,814,915
WBGene00001523.,332,5018,5350
WBGene00001526.,263,2718,2981
WBGene00001527.,74,3406,3480
WBGene00001528.,3,4,7
WBGene00001529.,11,7,18
WBGene00001530.,17,114,131
WBGene00001531.,10,67,77
WBGene00001532.,21,82,103
WBGene00001533.,33,36,69
WBGene00001534.,72,172,244
WBGene00001535.,27,262,289
WBGene00001536.,55,281,336
WBGene00001537.,812,997,1809
WBGene00001538.,107,1543,1650
WBGene00001539.,194,141,335
WBGene00001540.,12,64,76
WBGene00001541.,4,113,117
WBGene00001542.,45,107,152
WBGene00001543.,42,419,461
WBGene00001544.,59,263,322
WBGene00001545.,4,35,39
WBGene00001546.,8,58,66
WBGene00001547.,79,435,514
WBGene00001548.,28,270,298
WBGene00001549.,33,113,146
WBGene00001550.,25,98,123
WBGene00001551.,122,190,312
WBGene00001552.,43,316,359
WBGene00001553.,172,1110,1282
WBGene00001554.,103,632,735
WBGene00001555.,189,618,807
WBGene00001556.,129,680,809
WBGene00001557.,115,601,716
WBGene00001558.,82,13145,13227
WBGene00001559.,570,1901,2471
WBGene00001560.,63,336,399
WBGene00001561.,1699,10375,12074
WBGene00001562.,104,3482,3586
WBGene00001563.,144,3712,3856
WBGene00001564.,1278,62095,63373
WBGene00001565.,219,2622,2841
WBGene00001566.,129,2994,3123
WBGene00001568.,77,1688,1765
WBGene00001569.,2,73,75
WBGene00001570.,149,3114,3263
WBGene00001571.,21,518,539
WBGene00001572.,561,4418,4979
WBGene00001574.,489,3589,4078
WBGene00001575.,15,123,138
WBGene00001577.,62,444,506
WBGene00001578.,116,1311,1427
WBGene00001579.,150,2093,2243
WBGene00001580.,94,1831,1925
WBGene00001581.,8,5041,5049
WBGene00001582.,502,4041,4543
WBGene00001583.,38,743,781
WBGene00001584.,359,1638,1997
WBGene00001585.,65,1909,1974
WBGene00001586.,171,412,583
WBGene00001587.,246,954,1200
WBGene00001588.,29,420,449
WBGene00001589.,543,1731,2274
WBGene00001590.,43,1559,1602
WBGene00001591.,2,292,294
WBGene00001592.,61,551,612
WBGene00001593.,88,446,534
WBGene00001594.,150,1512,1662
WBGene00001595.,10,329,339
WBGene00001596.,274,4099,4373
WBGene00001597.,25,385,410
WBGene00001598.,111,5389,5500
WBGene00001599.,10,522,532
WBGene00001600.,4,312,316
WBGene00001601.,17,1121,1138
WBGene00001602.,66,2064,2130
WBGene00001603.,0,22,22
WBGene00001604.,292,36217,36509
WBGene00001605.,5,77,82
WBGene00001606.,26,567,593
WBGene00001607.,17,261,278
WBGene00001608.,28,183,211
WBGene00001609.,41,564,605
WBGene00001612.,48,331,379
WBGene00001613.,287,903,1190
WBGene00001614.,38,197,235
WBGene00001615.,467,1609,2076
WBGene00001616.,118,1254,1372
WBGene00001617.,302,834,1136
WBGene00001618.,55,86,141
WBGene00001619.,48,172,220
WBGene00001620.,204,5849,6053
WBGene00001621.,78,472,550
WBGene00001622.,67,1236,1303
WBGene00001623.,13,219,232
WBGene00001624.,21,123,144
WBGene00001625.,20,101,121
WBGene00001626.,4,32,36
WBGene00001627.,72,607,679
WBGene00001628.,63,2015,2078
WBGene00001629.,500,1598,2098
WBGene00001630.,1592,2771,4363
WBGene00001631.,379,2212,2591
WBGene00001632.,73,2633,2706
WBGene00001633.,130,1026,1156
WBGene00001635.,86,2352,2438
WBGene00001636.,215,1040,1255
WBGene00001637.,137,1225,1362
WBGene00001638.,50,1112,1162
WBGene00001639.,53,98,151
WBGene00001640.,43,32,75
WBGene00001641.,1,1,2
WBGene00001642.,0,2,2
WBGene00001643.,32,190,222
WBGene00001644.,34,583,617
WBGene00001645.,90,1256,1346
WBGene00001646.,0,870,870
WBGene00001647.,2,399,401
WBGene00001648.,657,14640,15297
WBGene00001649.,180,3001,3181
WBGene00001650.,992,3610,4602
WBGene00001651.,786,2593,3379
WBGene00001653.,177,1944,2121
WBGene00001660.,58,842,900
WBGene00001661.,147,2291,2438
WBGene00001662.,97,4068,4165
WBGene00001663.,126,1142,1268
WBGene00001664.,54,649,703
WBGene00001665.,52,561,613
WBGene00001666.,28,620,648
WBGene00001667.,25,28,53
WBGene00001668.,21,180,201
WBGene00001669.,449,2194,2643
WBGene00001670.,48,246,294
WBGene00001671.,82,1512,1594
WBGene00001672.,16,153,169
WBGene00001673.,179,316,495
WBGene00001674.,107,704,811
WBGene00001675.,19,134,153
WBGene00001676.,161,408,569
WBGene00001677.,54,494,548
WBGene00001678.,262,665,927
WBGene00001679.,645,18656,19301
WBGene00001680.,97,3277,3374
WBGene00001681.,73,1553,1626
WBGene00001682.,522,25247,25769
WBGene00001683.,53,804,857
WBGene00001684.,56,45734,45790
WBGene00001685.,26,49537,49563
WBGene00001686.,71,809,880
WBGene00001687.,43,347,390
WBGene00001688.,19,942,961
WBGene00001689.,15,1006,1021
WBGene00001690.,26,118,144
WBGene00001691.,3,9,12
WBGene00001692.,416,21081,21497
WBGene00001693.,1,35,36
WBGene00001694.,22,4699,4721
WBGene00001695.,18,144,162
WBGene00001696.,10,74,84
WBGene00001697.,4,9,13
WBGene00001698.,12,35,47
WBGene00001699.,484,86349,86833
WBGene00001700.,26,4,30
WBGene00001701.,3,114,117
WBGene00001702.,2249,21563,23812
WBGene00001703.,39,1246,1285
WBGene00001704.,8,92,100
WBGene00001705.,8,143,151
WBGene00001706.,5,313,318
WBGene00001707.,235,673,908
WBGene00001708.,626,3334,3960
WBGene00001709.,111,1175,1286
WBGene00001710.,19,132,151
WBGene00001711.,0,45,45
WBGene00001712.,5,14,19
WBGene00001713.,18,3497,3515
WBGene00001714.,7,570,577
WBGene00001715.,3,12,15
WBGene00001716.,37,340,377
WBGene00001717.,12,220,232
WBGene00001718.,0,79,79
WBGene00001719.,19,609,628
WBGene00001720.,4,9,13
WBGene00001721.,23,248,271
WBGene00001722.,7,6,13
WBGene00001723.,30,62,92
WBGene00001724.,68,472,540
WBGene00001725.,13,2593,2606
WBGene00001726.,5,30,35
WBGene00001727.,17,81,98
WBGene00001728.,0,4,4
WBGene00001729.,5,42,47
WBGene00001730.,2,83,85
WBGene00001731.,2,56,58
WBGene00001732.,5,16,21
WBGene00001733.,0,17,17
WBGene00001734.,0,12,12
WBGene00001735.,6,14,20
WBGene00001736.,4,7,11
WBGene00001737.,1,1,2
WBGene00001738.,0,4,4
WBGene00001739.,4,0,4
WBGene00001740.,141,821,962
WBGene00001743.,78,1370,1448
WBGene00001744.,306,7057,7363
WBGene00001745.,1210,2480,3690
WBGene00001746.,442,4828,5270
WBGene00001747.,203,8975,9178
WBGene00001748.,477,9232,9709
WBGene00001749.,11,12003,12014
WBGene00001750.,113,993,1106
WBGene00001751.,94,2139,2233
WBGene00001752.,9,732,741
WBGene00001753.,1024,60051,61075
WBGene00001754.,4,7712,7716
WBGene00001755.,508,60088,60596
WBGene00001756.,2,589,591
WBGene00001757.,57,279,336
WBGene00001758.,26,20305,20331
WBGene00001759.,44,927,971
WBGene00001760.,13,1345,1358
WBGene00001761.,277,6306,6583
WBGene00001762.,3,163,166
WBGene00001763.,7,929,936
WBGene00001764.,2,647,649
WBGene00001765.,4,29,33
WBGene00001766.,1,1,2
WBGene00001767.,8,573,581
WBGene00001768.,136,28420,28556
WBGene00001769.,26,805,831
WBGene00001770.,21,2803,2824
WBGene00001771.,1,447,448
WBGene00001772.,24,12664,12688
WBGene00001773.,11,225,236
WBGene00001774.,10,6191,6201
WBGene00001775.,15,22013,22028
WBGene00001776.,49,2978,3027
WBGene00001777.,7,77,84
WBGene00001778.,1,230,231
WBGene00001779.,2,167,169
WBGene00001780.,6,153,159
WBGene00001781.,110,3294,3404
WBGene00001782.,57,305,362
WBGene00001783.,55,479,534
WBGene00001784.,472,5351,5823
WBGene00001785.,0,2,2
WBGene00001786.,0,1544,1544
WBGene00001787.,5,3675,3680
WBGene00001788.,94,1356,1450
WBGene00001789.,4,875,879
WBGene00001790.,161,4754,4915
WBGene00001791.,187,1678,1865
WBGene00001792.,56,889,945
WBGene00001793.,1421,4834,6255
WBGene00001794.,2897,28030,30927
WBGene00001795.,317,3071,3388
WBGene00001796.,100,493,593
WBGene00001803.,85,821,906
WBGene00001804.,88,188,276
WBGene00001805.,39,305,344
WBGene00001806.,20,97,117
WBGene00001808.,536,4452,4988
WBGene00001811.,35,475,510
WBGene00001812.,67,1686,1753
WBGene00001813.,257,2821,3078
WBGene00001814.,245,11382,11627
WBGene00001815.,204,1920,2124
WBGene00001816.,414,1722,2136
WBGene00001817.,54,1290,1344
WBGene00001818.,21,2,23
WBGene00001819.,229,8838,9067
WBGene00001820.,25,1173,1198
WBGene00001821.,93,723,816
WBGene00001823.,114,1788,1902
WBGene00001824.,41,2163,2204
WBGene00001827.,84,2494,2578
WBGene00001828.,0,6,6
WBGene00001829.,39,1824,1863
WBGene00001830.,24,1962,1986
WBGene00001831.,18,1730,1748
WBGene00001832.,148,2092,2240
WBGene00001833.,135,3253,3388
WBGene00001834.,17,3436,3453
WBGene00001835.,2,1071,1073
WBGene00001836.,171,1714,1885
WBGene00001837.,1266,2003,3269
WBGene00001838.,141,739,880
WBGene00001839.,61,87,148
WBGene00001840.,740,19510,20250
WBGene00001841.,19,442,461
WBGene00001842.,11,82,93
WBGene00001843.,768,6270,7038
WBGene00001844.,69,1836,1905
WBGene00001851.,556,13515,14071
WBGene00001852.,115,864,979
WBGene00001853.,260,60200,60460
WBGene00001854.,165,35318,35483
WBGene00001855.,30,10042,10072
WBGene00001856.,13,8256,8269
WBGene00001857.,1,122,123
WBGene00001858.,512,8565,9077
WBGene00001859.,24,16,40
WBGene00001860.,158,5494,5652
WBGene00001862.,4,278,282
WBGene00001863.,944,9761,10705
WBGene00001864.,138,1076,1214
WBGene00001865.,46,543,589
WBGene00001867.,56,670,726
WBGene00001869.,17,1526,1543
WBGene00001872.,61,184,245
WBGene00001874.,34,1685,1719
WBGene00001875.,0,2741,2741
WBGene00001876.,0,1031,1031
WBGene00001877.,0,3200,3200
WBGene00001878.,0,2563,2563
WBGene00001879.,0,2067,2067
WBGene00001880.,0,1328,1328
WBGene00001881.,0,1506,1506
WBGene00001882.,0,569,569
WBGene00001883.,0,0,0
WBGene00001884.,0,0,0
WBGene00001885.,0,0,0
WBGene00001886.,0,0,0
WBGene00001887.,0,0,0
WBGene00001888.,0,0,0
WBGene00001889.,0,0,0
WBGene00001890.,0,102,102
WBGene00001891.,0,190,190
WBGene00001892.,0,1367,1367
WBGene00001893.,0,0,0
WBGene00001894.,0,0,0
WBGene00001895.,0,0,0
WBGene00001896.,0,0,0
WBGene00001898.,70,124700,124770
WBGene00001899.,0,0,0
WBGene00001900.,0,0,0
WBGene00001901.,0,0,0
WBGene00001902.,0,0,0
WBGene00001903.,0,0,0
WBGene00001904.,0,0,0
WBGene00001905.,0,558,558
WBGene00001906.,0,5274,5274
WBGene00001907.,0,0,0
WBGene00001908.,0,0,0
WBGene00001909.,1258,46456,47714
WBGene00001910.,523,26462,26985
WBGene00001911.,1279,85319,86598
WBGene00001912.,0,231,231
WBGene00001913.,0,16,16
WBGene00001914.,0,155,155
WBGene00001915.,1251,73159,74410
WBGene00001916.,0,226,226
WBGene00001917.,0,0,0
WBGene00001918.,0,0,0
WBGene00001919.,0,0,0
WBGene00001920.,0,0,0
WBGene00001921.,0,0,0
WBGene00001922.,0,1190,1190
WBGene00001923.,0,0,0
WBGene00001924.,0,0,0
WBGene00001925.,0,0,0
WBGene00001926.,0,0,0
WBGene00001927.,0,0,0
WBGene00001928.,0,0,0
WBGene00001929.,0,0,0
WBGene00001930.,0,0,0
WBGene00001931.,3712,1703,5415
WBGene00001932.,0,0,0
WBGene00001933.,0,4786,4786
WBGene00001934.,0,8879,8879
WBGene00001935.,0,1839,1839
WBGene00001936.,0,4105,4105
WBGene00001937.,0,1181,1181
WBGene00001938.,0,3300,3300
WBGene00001939.,0,0,0
WBGene00001940.,0,0,0
WBGene00001941.,0,902,902
WBGene00001942.,0,3449,3449
WBGene00001943.,0,30,30
WBGene00001944.,0,59,59
WBGene00001945.,130,12803,12933
WBGene00001946.,801,48751,49552
WBGene00001947.,0,0,0
WBGene00001948.,357,1857,2214
WBGene00001949.,34,1781,1815
WBGene00001950.,9,585,594
WBGene00001951.,31,435,466
WBGene00001952.,30,705,735
WBGene00001953.,46,485,531
WBGene00001954.,8,161,169
WBGene00001955.,351,8006,8357
WBGene00001956.,2,21,23
WBGene00001957.,78,701,779
WBGene00001958.,2,423,425
WBGene00001959.,6,95,101
WBGene00001960.,23,326,349
WBGene00001961.,21,202,223
WBGene00001962.,2,9,11
WBGene00001963.,10,73,83
WBGene00001964.,0,1,1
WBGene00001965.,0,0,0
WBGene00001966.,0,22,22
WBGene00001967.,0,1,1
WBGene00001968.,0,0,0
WBGene00001971.,166,46363,46529
WBGene00001972.,710,16951,17661
WBGene00001973.,4,829,833
WBGene00001974.,70,7151,7221
WBGene00001975.,92,2832,2924
WBGene00001976.,0,18,18
WBGene00001977.,2,2482,2484
WBGene00001978.,316,4286,4602
WBGene00001979.,79,1768,1847
WBGene00001980.,2507,2891,5398
WBGene00001981.,0,27,27
WBGene00001983.,133,2133,2266
WBGene00001984.,104,672,776
WBGene00001985.,7,90,97
WBGene00001986.,237,1411,1648
WBGene00001987.,859,710,1569
WBGene00001988.,44,860,904
WBGene00001989.,124,889,1013
WBGene00001990.,168,3629,3797
WBGene00001991.,19,325,344
WBGene00001992.,62,882,944
WBGene00001993.,82,9273,9355
WBGene00001994.,314,7983,8297
WBGene00001995.,72,1565,1637
WBGene00001996.,415,1862,2277
WBGene00001997.,178,445,623
WBGene00001998.,35,293,328
WBGene00001999.,80,27872,27952
WBGene00002000.,328,13549,13877
WBGene00002001.,342,5027,5369
WBGene00002002.,97,3656,3753
WBGene00002003.,76,696,772
WBGene00002004.,513,1731,2244
WBGene00002005.,571,125100,125671
WBGene00002006.,1,0,1
WBGene00002007.,664,49135,49799
WBGene00002008.,201,2930,3131
WBGene00002010.,84,16825,16909
WBGene00002011.,2561,45602,48163
WBGene00002012.,9,802,811
WBGene00002013.,60,120,180
WBGene00002015.,0,0,0
WBGene00002016.,43,13806,13849
WBGene00002017.,0,2565,2565
WBGene00002018.,50,11730,11780
WBGene00002019.,0,0,0
WBGene00002020.,0,0,0
WBGene00002021.,641,7373,8014
WBGene00002023.,916,24252,25168
WBGene00002024.,126,4060,4186
WBGene00002025.,1121,45170,46291
WBGene00002026.,15,603,618
WBGene00002027.,203,9310,9513
WBGene00002028.,22,692,714
WBGene00002029.,30,446,476
WBGene00002030.,70,405,475
WBGene00002031.,51,614,665
WBGene00002032.,7,374,381
WBGene00002033.,12,126,138
WBGene00002034.,8,472,480
WBGene00002035.,428,3633,4061
WBGene00002036.,352,3198,3550
WBGene00002037.,343,2576,2919
WBGene00002038.,389,4502,4891
WBGene00002039.,145,1519,1664
WBGene00002040.,410,2360,2770
WBGene00002041.,349,3466,3815
WBGene00002042.,51,706,757
WBGene00002043.,556,3778,4334
WBGene00002044.,58,2467,2525
WBGene00002045.,8515,146834,155349
WBGene00002046.,213,3136,3349
WBGene00002047.,74,2776,2850
WBGene00002048.,1428,9352,10780
WBGene00002050.,1293,13903,15196
WBGene00002051.,0,36,36
WBGene00002052.,173,3061,3234
WBGene00002053.,582,20746,21328
WBGene00002054.,520,25347,25867
WBGene00002055.,37,12919,12956
WBGene00002056.,792,11152,11944
WBGene00002057.,140,2523,2663
WBGene00002058.,107,2986,3093
WBGene00002059.,159,6476,6635
WBGene00002060.,97,8521,8618
WBGene00002061.,25,2471,2496
WBGene00002062.,87,1282,1369
WBGene00002063.,155,468,623
WBGene00002064.,1051,10872,11923
WBGene00002065.,970,166341,167311
WBGene00002066.,533,18138,18671
WBGene00002067.,546,6343,6889
WBGene00002068.,9,1489,1498
WBGene00002069.,589,3945,4534
WBGene00002070.,122,3892,4014
WBGene00002071.,38,3641,3679
WBGene00002072.,43,1100,1143
WBGene00002073.,19,3861,3880
WBGene00002074.,126,8493,8619
WBGene00002075.,241,2258,2499
WBGene00002076.,704,1806,2510
WBGene00002077.,337,20876,21213
WBGene00002078.,471,6471,6942
WBGene00002079.,40,1476,1516
WBGene00002080.,226,2357,2583
WBGene00002081.,38,2254,2292
WBGene00002083.,118,33507,33625
WBGene00002084.,48,2138,2186
WBGene00002085.,1,25,26
WBGene00002086.,43,1672,1715
WBGene00002087.,4,105,109
WBGene00002088.,28,695,723
WBGene00002089.,40,706,746
WBGene00002090.,3,16,19
WBGene00002091.,5,3,8
WBGene00002092.,7,94,101
WBGene00002093.,47,641,688
WBGene00002094.,96,1094,1190
WBGene00002095.,47,250,297
WBGene00002096.,11,33,44
WBGene00002097.,53,770,823
WBGene00002098.,9,60,69
WBGene00002099.,5,25,30
WBGene00002100.,54,3505,3559
WBGene00002101.,418,2934,3352
WBGene00002102.,1,4,5
WBGene00002103.,0,6,6
WBGene00002104.,8,70,78
WBGene00002105.,59,914,973
WBGene00002106.,0,5,5
WBGene00002107.,34,394,428
WBGene00002108.,20,111,131
WBGene00002109.,402,6308,6710
WBGene00002110.,458,2169,2627
WBGene00002111.,75,1068,1143
WBGene00002112.,29,389,418
WBGene00002113.,111,4345,4456
WBGene00002114.,1,17,18
WBGene00002115.,6,14,20
WBGene00002116.,72,187,259
WBGene00002117.,6,17,23
WBGene00002118.,105,1497,1602
WBGene00002119.,35,54,89
WBGene00002120.,2,416,418
WBGene00002121.,0,0,0
WBGene00002123.,1044,3035,4079
WBGene00002124.,6,547,553
WBGene00002125.,11,1668,1679
WBGene00002127.,35,4196,4231
WBGene00002128.,208,2747,2955
WBGene00002129.,67,1690,1757
WBGene00002130.,3,56,59
WBGene00002131.,3,59,62
WBGene00002132.,40,1651,1691
WBGene00002133.,204,727,931
WBGene00002134.,335,10558,10893
WBGene00002135.,240,9221,9461
WBGene00002136.,53,439,492
WBGene00002137.,139,2755,2894
WBGene00002138.,42,756,798
WBGene00002139.,14,1121,1135
WBGene00002140.,268,1349,1617
WBGene00002141.,157,248,405
WBGene00002142.,71,720,791
WBGene00002143.,63,156,219
WBGene00002144.,10,63,73
WBGene00002146.,155,2086,2241
WBGene00002147.,428,1500,1928
WBGene00002148.,192,2561,2753
WBGene00002149.,230,349,579
WBGene00002150.,310,469,779
WBGene00002151.,388,1123,1511
WBGene00002152.,702,11866,12568
WBGene00002153.,58,2226,2284
WBGene00002162.,2920,50423,53343
WBGene00002163.,713,3149,3862
WBGene00002169.,403,4309,4712
WBGene00002173.,719,6489,7208
WBGene00002174.,166,2797,2963
WBGene00002175.,977,2022,2999
WBGene00002176.,821,1447,2268
WBGene00002177.,81,541,622
WBGene00002178.,188,2023,2211
WBGene00002179.,626,8301,8927
WBGene00002180.,11,847,858
WBGene00002181.,248,943,1191
WBGene00002182.,111,513,624
WBGene00002183.,906,19586,20492
WBGene00002184.,416,901,1317
WBGene00002185.,1056,2203,3259
WBGene00002186.,3,17,20
WBGene00002187.,547,4161,4708
WBGene00002188.,21,55,76
WBGene00002189.,4874,13970,18844
WBGene00002190.,876,13495,14371
WBGene00002191.,1209,14094,15303
WBGene00002192.,418,2316,2734
WBGene00002193.,3,4,7
WBGene00002194.,80,290,370
WBGene00002195.,114,1037,1151
WBGene00002196.,118,8425,8543
WBGene00002198.,260,384,644
WBGene00002199.,88,692,780
WBGene00002200.,70,587,657
WBGene00002201.,163,4578,4741
WBGene00002202.,323,19155,19478
WBGene00002203.,430,4070,4500
WBGene00002204.,1,1,2
WBGene00002205.,27,37,64
WBGene00002206.,0,8,8
WBGene00002207.,184,1755,1939
WBGene00002208.,3,9,12
WBGene00002210.,973,4044,5017
WBGene00002211.,3,62,65
WBGene00002212.,4,6,10
WBGene00002213.,127,1052,1179
WBGene00002214.,76,1779,1855
WBGene00002215.,947,6985,7932
WBGene00002216.,219,2942,3161
WBGene00002217.,203,3934,4137
WBGene00002218.,27,164,191
WBGene00002219.,115,1842,1957
WBGene00002220.,144,1630,1774
WBGene00002221.,23,294,317
WBGene00002222.,8,34,42
WBGene00002223.,1646,6046,7692
WBGene00002224.,221,323,544
WBGene00002225.,1,732,733
WBGene00002226.,4,1637,1641
WBGene00002227.,11,10,21
WBGene00002228.,19,1020,1039
WBGene00002229.,68,2922,2990
WBGene00002230.,295,654,949
WBGene00002231.,46,1353,1399
WBGene00002232.,273,3787,4060
WBGene00002233.,140,770,910
WBGene00002234.,38,497,535
WBGene00002235.,234,479,713
WBGene00002238.,31,16645,16676
WBGene00002239.,137,1202,1339
WBGene00002240.,501,864,1365
WBGene00002241.,931,2944,3875
WBGene00002242.,362,731,1093
WBGene00002243.,214,604,818
WBGene00002244.,341,8253,8594
WBGene00002245.,387,2125,2512
WBGene00002246.,3,427,430
WBGene00002247.,241,6256,6497
WBGene00002248.,24,227,251
WBGene00002249.,52,7137,7189
WBGene00002250.,48,8894,8942
WBGene00002251.,382,3133,3515
WBGene00002252.,164,606,770
WBGene00002253.,1612,9428,11040
WBGene00002254.,7186,87809,94995
WBGene00002255.,2159,21653,23812
WBGene00002256.,136,6622,6758
WBGene00002257.,535,9310,9845
WBGene00002258.,1665,57066,58731
WBGene00002259.,39,1491,1530
WBGene00002260.,49,2117,2166
WBGene00002261.,722,4318,5040
WBGene00002262.,1215,24418,25633
WBGene00002263.,601,5522,6123
WBGene00002264.,523,20279,20802
WBGene00002265.,894,16190,17084
WBGene00002266.,901,9629,10530
WBGene00002267.,1010,32617,33627
WBGene00002268.,966,13525,14491
WBGene00002269.,2687,48733,51420
WBGene00002270.,19,976,995
WBGene00002271.,382,36230,36612
WBGene00002272.,3382,93651,97033
WBGene00002273.,476,181506,181982
WBGene00002274.,239,6576,6815
WBGene00002275.,20,1029,1049
WBGene00002276.,73,4395,4468
WBGene00002278.,439,1636,2075
WBGene00002280.,2652,61365,64017
WBGene00002282.,34,543,577
WBGene00002285.,0,4560,4560
WBGene00002295.,347,12922,13269
WBGene00002297.,105,914,1019
WBGene00002299.,210,1639,1849
WBGene00002324.,28,1257,1285
WBGene00002335.,197,8442,8639
WBGene00002344.,492,35221,35713
WBGene00002348.,301,47098,47399
WBGene00002363.,45,9589,9634
WBGene00002368.,7,357,364
WBGene00002393.,29,950,979
WBGene00002497.,618,2139,2757
WBGene00002583.,506,6280,6786
WBGene00002601.,124,791,915
WBGene00002632.,145,1603,1748
WBGene00002637.,278,16827,17105
WBGene00002694.,71,2710,2781
WBGene00002696.,201,6302,6503
WBGene00002717.,1360,10140,11500
WBGene00002783.,1286,6405,7691
WBGene00002804.,26,5655,5681
WBGene00002827.,78,1355,1433
WBGene00002845.,222,4724,4946
WBGene00002850.,439,13876,14315
WBGene00002855.,134,9536,9670
WBGene00002879.,399,11005,11404
WBGene00002881.,383,3832,4215
WBGene00002889.,360,4006,4366
WBGene00002891.,177,17377,17554
WBGene00002915.,585,13947,14532
WBGene00002957.,189,5436,5625
WBGene00002974.,237,1205,1442
WBGene00002975.,34,298,332
WBGene00002976.,211,1019,1230
WBGene00002977.,145,29,174
WBGene00002978.,2447,216934,219381
WBGene00002979.,1028,5225,6253
WBGene00002980.,213,46714,46927
WBGene00002981.,498,13217,13715
WBGene00002982.,79,989,1068
WBGene00002983.,103,611,714
WBGene00002985.,88,2619,2707
WBGene00002986.,89,1353,1442
WBGene00002987.,143,538,681
WBGene00002988.,58,568,626
WBGene00002989.,536,2187,2723
WBGene00002990.,792,2401,3193
WBGene00002991.,462,2316,2778
WBGene00002992.,284,1233,1517
WBGene00002993.,0,0,0
WBGene00002994.,54,4502,4556
WBGene00002996.,94,801,895
WBGene00002997.,73,815,888
WBGene00002998.,111,2130,2241
WBGene00002999.,598,3588,4186
WBGene00003000.,89,736,825
WBGene00003001.,89,487,576
WBGene00003002.,448,7972,8420
WBGene00003003.,2114,6805,8919
WBGene00003006.,375,797,1172
WBGene00003007.,173,1267,1440
WBGene00003008.,27,101,128
WBGene00003009.,132,2442,2574
WBGene00003010.,765,4068,4833
WBGene00003011.,226,2836,3062
WBGene00003012.,50,2402,2452
WBGene00003014.,539,7448,7987
WBGene00003015.,128,205,333
WBGene00003017.,37,207,244
WBGene00003018.,37,1177,1214
WBGene00003019.,299,3991,4290
WBGene00003020.,312,2189,2501
WBGene00003021.,225,2949,3174
WBGene00003022.,136,1038,1174
WBGene00003024.,225,2318,2543
WBGene00003025.,342,7608,7950
WBGene00003026.,148,3811,3959
WBGene00003029.,47,1404,1451
WBGene00003030.,348,2417,2765
WBGene00003031.,24,548,572
WBGene00003033.,16,336,352
WBGene00003034.,267,2964,3231
WBGene00003035.,112,1264,1376
WBGene00003036.,13,7885,7898
WBGene00003037.,32,1145,1177
WBGene00003038.,23,989,1012
WBGene00003039.,0,0,0
WBGene00003040.,529,4113,4642
WBGene00003041.,213,2289,2502
WBGene00003043.,143,2131,2274
WBGene00003044.,361,2846,3207
WBGene00003045.,313,2305,2618
WBGene00003046.,39,394,433
WBGene00003047.,366,3067,3433
WBGene00003048.,3932,5351,9283
WBGene00003052.,172,19200,19372
WBGene00003053.,55,18095,18150
WBGene00003055.,94,3179,3273
WBGene00003056.,256,1186,1442
WBGene00003057.,71,1557,1628
WBGene00003058.,2,11,13
WBGene00003059.,152,2231,2383
WBGene00003060.,1420,5525,6945
WBGene00003061.,539,20516,21055
WBGene00003062.,59,8639,8698
WBGene00003063.,116,17404,17520
WBGene00003064.,11,1959,1970
WBGene00003065.,242,13623,13865
WBGene00003066.,59,3796,3855
WBGene00003067.,14,168,182
WBGene00003068.,225,2181,2406
WBGene00003071.,385,8352,8737
WBGene00003072.,331,5757,6088
WBGene00003073.,218,12109,12327
WBGene00003074.,124,2542,2666
WBGene00003075.,61,409,470
WBGene00003076.,148,3128,3276
WBGene00003077.,244,2240,2484
WBGene00003078.,62,5337,5399
WBGene00003079.,0,8425,8425
WBGene00003080.,171,3639,3810
WBGene00003081.,448,4558,5006
WBGene00003082.,176,2075,2251
WBGene00003083.,21,830,851
WBGene00003084.,184,3089,3273
WBGene00003085.,367,12835,13202
WBGene00003086.,860,2461,3321
WBGene00003087.,95,3007,3102
WBGene00003088.,0,3,3
WBGene00003089.,162,3305,3467
WBGene00003090.,20,24042,24062
WBGene00003091.,26,13814,13840
WBGene00003092.,1,441,442
WBGene00003093.,170,9949,10119
WBGene00003094.,4,426,430
WBGene00003095.,0,247,247
WBGene00003096.,4,2636,2640
WBGene00003097.,32,14732,14764
WBGene00003098.,0,6,6
WBGene00003099.,0,253,253
WBGene00003100.,33,36,69
WBGene00003102.,224,1242,1466
WBGene00003104.,28,150,178
WBGene00003106.,74,552,626
WBGene00003107.,58,86,144
WBGene00003111.,176,3132,3308
WBGene00003112.,140,1133,1273
WBGene00003114.,145,242,387
WBGene00003119.,423,2691,3114
WBGene00003123.,38,12709,12747
WBGene00003124.,376,2887,3263
WBGene00003129.,151,2178,2329
WBGene00003130.,465,5363,5828
WBGene00003132.,85,2248,2333
WBGene00003133.,339,2654,2993
WBGene00003134.,98,1336,1434
WBGene00003136.,112,961,1073
WBGene00003142.,138,1360,1498
WBGene00003143.,463,2442,2905
WBGene00003144.,738,3282,4020
WBGene00003148.,41,11699,11740
WBGene00003149.,495,2644,3139
WBGene00003150.,1163,8084,9247
WBGene00003151.,133,1807,1940
WBGene00003153.,6226,20218,26444
WBGene00003154.,99,3098,3197
WBGene00003155.,37,3065,3102
WBGene00003156.,21,3893,3914
WBGene00003157.,37,4402,4439
WBGene00003158.,64,4007,4071
WBGene00003159.,18,2997,3015
WBGene00003160.,151,4499,4650
WBGene00003161.,85,2476,2561
WBGene00003162.,115,39023,39138
WBGene00003163.,252,12280,12532
WBGene00003164.,26,625,651
WBGene00003165.,74,743,817
WBGene00003166.,1084,2582,3666
WBGene00003167.,64,573,637
WBGene00003168.,76,249,325
WBGene00003169.,520,7118,7638
WBGene00003170.,115,504,619
WBGene00003171.,404,9680,10084
WBGene00003172.,131,3818,3949
WBGene00003173.,134,687,821
WBGene00003174.,49,302,351
WBGene00003175.,372,10413,10785
WBGene00003176.,6,46,52
WBGene00003177.,117,1001,1118
WBGene00003178.,69,12282,12351
WBGene00003179.,85,724,809
WBGene00003180.,0,13,13
WBGene00003181.,0,92,92
WBGene00003182.,761,4134,4895
WBGene00003183.,6,1276,1282
WBGene00003184.,2,248,250
WBGene00003185.,7,3397,3404
WBGene00003186.,213,3008,3221
WBGene00003196.,495,3221,3716
WBGene00003209.,610,2743,3353
WBGene00003210.,251,4209,4460
WBGene00003214.,398,9152,9550
WBGene00003216.,1,249,250
WBGene00003218.,99,6385,6484
WBGene00003219.,4,34,38
WBGene00003220.,95,963,1058
WBGene00003221.,315,1835,2150
WBGene00003222.,103,1803,1906
WBGene00003224.,48,355,403
WBGene00003225.,906,21771,22677
WBGene00003228.,13,131,144
WBGene00003229.,246,2656,2902
WBGene00003230.,22,413,435
WBGene00003231.,2,84,86
WBGene00003232.,195,945,1140
WBGene00003233.,167,1032,1199
WBGene00003234.,348,3094,3442
WBGene00003235.,488,4145,4633
WBGene00003236.,0,641,641
WBGene00003237.,243,1332,1575
WBGene00003238.,219,2215,2434
WBGene00003239.,107,3463,3570
WBGene00003241.,141,1891,2032
WBGene00003242.,836,28053,28889
WBGene00003243.,984,4376,5360
WBGene00003245.,26,509,535
WBGene00003246.,463,1304,1767
WBGene00003247.,503,6087,6590
WBGene00003248.,144,729,873
WBGene00003249.,208,4457,4665
WBGene00003252.,6,182,188
WBGene00003253.,50,2666,2716
WBGene00003254.,48,1052,1100
WBGene00003258.,1636,754,2390
WBGene00003260.,0,10,10
WBGene00003261.,0,0,0
WBGene00003262.,0,5,5
WBGene00003263.,0,1,1
WBGene00003264.,0,0,0
WBGene00003265.,0,0,0
WBGene00003266.,0,1,1
WBGene00003267.,0,0,0
WBGene00003268.,0,0,0
WBGene00003269.,0,0,0
WBGene00003270.,0,0,0
WBGene00003271.,0,0,0
WBGene00003272.,0,0,0
WBGene00003273.,0,1,1
WBGene00003274.,0,3,3
WBGene00003275.,0,5,5
WBGene00003277.,0,0,0
WBGene00003278.,0,0,0
WBGene00003279.,0,4,4
WBGene00003280.,0,2,2
WBGene00003281.,0,30,30
WBGene00003282.,0,0,0
WBGene00003283.,0,0,0
WBGene00003284.,0,3,3
WBGene00003285.,0,0,0
WBGene00003286.,0,0,0
WBGene00003287.,0,1,1
WBGene00003288.,0,3,3
WBGene00003289.,0,1,1
WBGene00003290.,0,0,0
WBGene00003291.,0,13,13
WBGene00003292.,0,0,0
WBGene00003293.,0,0,0
WBGene00003294.,0,0,0
WBGene00003295.,0,0,0
WBGene00003296.,0,0,0
WBGene00003297.,0,0,0
WBGene00003298.,0,0,0
WBGene00003299.,0,0,0
WBGene00003300.,0,19,19
WBGene00003301.,0,0,0
WBGene00003302.,0,1,1
WBGene00003303.,0,5,5
WBGene00003304.,0,3,3
WBGene00003305.,0,1,1
WBGene00003306.,0,0,0
WBGene00003307.,0,6,6
WBGene00003308.,0,94,94
WBGene00003309.,0,0,0
WBGene00003310.,0,0,0
WBGene00003311.,0,2,2
WBGene00003312.,0,0,0
WBGene00003313.,0,0,0
WBGene00003314.,0,0,0
WBGene00003315.,0,0,0
WBGene00003316.,0,0,0
WBGene00003317.,0,0,0
WBGene00003318.,0,0,0
WBGene00003319.,0,0,0
WBGene00003321.,0,5,5
WBGene00003322.,0,0,0
WBGene00003323.,0,3,3
WBGene00003324.,0,30,30
WBGene00003325.,0,4,4
WBGene00003326.,0,0,0
WBGene00003327.,0,0,0
WBGene00003328.,0,4,4
WBGene00003329.,0,4,4
WBGene00003330.,0,3,3
WBGene00003331.,0,56,56
WBGene00003332.,0,7,7
WBGene00003333.,0,0,0
WBGene00003334.,0,0,0
WBGene00003335.,0,5,5
WBGene00003336.,0,15,15
WBGene00003337.,0,0,0
WBGene00003338.,0,1,1
WBGene00003339.,0,4,4
WBGene00003340.,0,1,1
WBGene00003341.,0,0,0
WBGene00003342.,0,1,1
WBGene00003343.,0,0,0
WBGene00003344.,0,1,1
WBGene00003345.,0,0,0
WBGene00003346.,0,0,0
WBGene00003347.,0,0,0
WBGene00003348.,0,0,0
WBGene00003349.,0,62,62
WBGene00003350.,0,0,0
WBGene00003351.,0,0,0
WBGene00003352.,0,0,0
WBGene00003353.,0,0,0
WBGene00003354.,0,0,0
WBGene00003355.,0,0,0
WBGene00003356.,0,0,0
WBGene00003357.,0,6,6
WBGene00003358.,0,0,0
WBGene00003359.,0,0,0
WBGene00003360.,0,0,0
WBGene00003361.,0,0,0
WBGene00003362.,0,0,0
WBGene00003363.,0,0,0
WBGene00003364.,0,2,2
WBGene00003365.,0,0,0
WBGene00003366.,0,0,0
WBGene00003367.,1185,13796,14981
WBGene00003368.,92,1391,1483
WBGene00003369.,340,70565,70905
WBGene00003370.,23032,186245,209277
WBGene00003371.,13044,462709,475753
WBGene00003372.,518,7930,8448
WBGene00003373.,66,600,666
WBGene00003374.,486,1662,2148
WBGene00003375.,240,11810,12050
WBGene00003376.,109,625,734
WBGene00003377.,38,711,749
WBGene00003378.,718,4236,4954
WBGene00003380.,33,344,377
WBGene00003384.,19,442,461
WBGene00003385.,118,1369,1487
WBGene00003386.,73,685,758
WBGene00003387.,223,312,535
WBGene00003388.,42,494,536
WBGene00003389.,76,4185,4261
WBGene00003390.,21,2400,2421
WBGene00003391.,825,5001,5826
WBGene00003392.,192,2801,2993
WBGene00003393.,204,4575,4779
WBGene00003394.,27,139,166
WBGene00003395.,5,246,251
WBGene00003396.,325,1636,1961
WBGene00003397.,79,947,1026
WBGene00003400.,522,1494,2016
WBGene00003401.,695,4357,5052
WBGene00003402.,149,1020,1169
WBGene00003403.,56,399,455
WBGene00003404.,1850,6816,8666
WBGene00003405.,59,1707,1766
WBGene00003406.,88,4518,4606
WBGene00003407.,1450,8816,10266
WBGene00003408.,729,3667,4396
WBGene00003409.,66,672,738
WBGene00003410.,6,1116,1122
WBGene00003411.,241,3301,3542
WBGene00003412.,141,937,1078
WBGene00003413.,658,1032,1690
WBGene00003414.,246,548,794
WBGene00003415.,175,13431,13606
WBGene00003417.,102,855,957
WBGene00003418.,58,1287,1345
WBGene00003420.,16,20,36
WBGene00003421.,117,710,827
WBGene00003422.,270,2976,3246
WBGene00003423.,1868,3189,5057
WBGene00003424.,0,1,1
WBGene00003425.,0,0,0
WBGene00003426.,0,0,0
WBGene00003429.,0,0,0
WBGene00003430.,0,0,0
WBGene00003431.,0,19,19
WBGene00003432.,0,0,0
WBGene00003433.,0,0,0
WBGene00003434.,0,1,1
WBGene00003435.,0,1,1
WBGene00003437.,0,0,0
WBGene00003438.,0,0,0
WBGene00003442.,0,47,47
WBGene00003443.,0,185,185
WBGene00003444.,0,1,1
WBGene00003445.,0,61,61
WBGene00003446.,0,0,0
WBGene00003448.,0,5,5
WBGene00003449.,0,0,0
WBGene00003450.,0,8,8
WBGene00003451.,0,1,1
WBGene00003452.,0,0,0
WBGene00003456.,0,1,1
WBGene00003457.,0,4,4
WBGene00003458.,0,1,1
WBGene00003460.,0,14,14
WBGene00003462.,0,1,1
WBGene00003463.,0,2,2
WBGene00003464.,0,0,0
WBGene00003465.,0,0,0
WBGene00003466.,0,0,0
WBGene00003467.,0,0,0
WBGene00003468.,0,0,0
WBGene00003469.,0,0,0
WBGene00003470.,0,5,5
WBGene00003471.,55,961,1016
WBGene00003472.,482,3777,4259
WBGene00003473.,11,1046,1057
WBGene00003474.,141,5939,6080
WBGene00003475.,362,1841,2203
WBGene00003476.,2317,7772,10089
WBGene00003477.,62,1102,1164
WBGene00003478.,520,1205,1725
WBGene00003479.,265,1380,1645
WBGene00003480.,158,1459,1617
WBGene00003482.,390,3871,4261
WBGene00003485.,368,4435,4803
WBGene00003495.,473,76535,77008
WBGene00003497.,172,4699,4871
WBGene00003499.,4,237,241
WBGene00003504.,13,1041,1054
WBGene00003507.,2,372,374
WBGene00003508.,126,1515,1641
WBGene00003509.,50,947,997
WBGene00003510.,321,2014,2335
WBGene00003511.,76,7720,7796
WBGene00003514.,810,64684,65494
WBGene00003515.,166,10803,10969
WBGene00003516.,176,2556,2732
WBGene00003517.,61,1014,1075
WBGene00003518.,38,138,176
WBGene00003519.,321,4827,5148
WBGene00003520.,28,65,93
WBGene00003521.,0,0,0
WBGene00003522.,34,625,659
WBGene00003523.,147,1190,1337
WBGene00003524.,18,217,235
WBGene00003525.,83,420,503
WBGene00003526.,31,266,297
WBGene00003527.,48,313,361
WBGene00003528.,27,396,423
WBGene00003529.,1,18,19
WBGene00003530.,95,709,804
WBGene00003531.,25,115,140
WBGene00003532.,21,172,193
WBGene00003533.,24,271,295
WBGene00003534.,14,837,851
WBGene00003535.,4,5,9
WBGene00003536.,1,2,3
WBGene00003537.,0,1,1
WBGene00003538.,3,15,18
WBGene00003539.,0,8,8
WBGene00003540.,1,4,5
WBGene00003541.,13,3,16
WBGene00003542.,7,55,62
WBGene00003543.,13,53,66
WBGene00003544.,127,1132,1259
WBGene00003545.,14,3,17
WBGene00003546.,8,93,101
WBGene00003547.,7,141,148
WBGene00003548.,133,864,997
WBGene00003549.,64,964,1028
WBGene00003550.,737,1735,2472
WBGene00003551.,15,100,115
WBGene00003552.,376,726,1102
WBGene00003553.,85,522,607
WBGene00003554.,31,105,136
WBGene00003555.,144,567,711
WBGene00003556.,32,1,33
WBGene00003558.,308,369,677
WBGene00003559.,2023,7593,9616
WBGene00003561.,624,1454,2078
WBGene00003562.,15,105,120
WBGene00003563.,54,445,499
WBGene00003564.,88,11196,11284
WBGene00003565.,286,1857,2143
WBGene00003566.,456,3269,3725
WBGene00003567.,1132,25738,26870
WBGene00003568.,239,4185,4424
WBGene00003569.,117,1842,1959
WBGene00003570.,5,58,63
WBGene00003571.,70,375,445
WBGene00003572.,76,904,980
WBGene00003573.,26,736,762
WBGene00003574.,7,21,28
WBGene00003575.,42,403,445
WBGene00003576.,204,2572,2776
WBGene00003577.,65,732,797
WBGene00003578.,248,2246,2494
WBGene00003579.,9,756,765
WBGene00003580.,56,729,785
WBGene00003581.,99,1710,1809
WBGene00003582.,587,2067,2654
WBGene00003583.,46,1104,1150
WBGene00003584.,149,1440,1589
WBGene00003585.,413,221,634
WBGene00003586.,35,999,1034
WBGene00003587.,206,8731,8937
WBGene00003588.,13,13563,13576
WBGene00003589.,404,3793,4197
WBGene00003590.,192,1398,1590
WBGene00003591.,185,2322,2507
WBGene00003592.,313,3001,3314
WBGene00003593.,238,2401,2639
WBGene00003594.,178,1313,1491
WBGene00003595.,2,17,19
WBGene00003596.,681,12826,13507
WBGene00003597.,838,2867,3705
WBGene00003598.,112,5262,5374
WBGene00003599.,355,1883,2238
WBGene00003600.,2576,6493,9069
WBGene00003601.,8,130,138
WBGene00003602.,83,2010,2093
WBGene00003603.,176,2148,2324
WBGene00003604.,189,722,911
WBGene00003605.,323,2587,2910
WBGene00003606.,875,4986,5861
WBGene00003607.,215,2190,2405
WBGene00003608.,3,67,70
WBGene00003609.,408,2701,3109
WBGene00003610.,103,528,631
WBGene00003611.,200,1363,1563
WBGene00003612.,129,661,790
WBGene00003613.,38,1283,1321
WBGene00003614.,976,1204,2180
WBGene00003615.,16,283,299
WBGene00003616.,397,1290,1687
WBGene00003617.,21,468,489
WBGene00003618.,1174,5951,7125
WBGene00003619.,239,2968,3207
WBGene00003620.,784,2896,3680
WBGene00003621.,145,1158,1303
WBGene00003622.,257,548,805
WBGene00003623.,77,1501,1578
WBGene00003624.,127,1454,1581
WBGene00003625.,308,4582,4890
WBGene00003626.,436,2103,2539
WBGene00003627.,1152,2894,4046
WBGene00003628.,415,2482,2897
WBGene00003629.,9,37,46
WBGene00003630.,1985,4330,6315
WBGene00003632.,237,3032,3269
WBGene00003633.,48,613,661
WBGene00003634.,176,1229,1405
WBGene00003635.,171,3427,3598
WBGene00003636.,1098,2833,3931
WBGene00003637.,397,3040,3437
WBGene00003638.,221,1926,2147
WBGene00003639.,314,5680,5994
WBGene00003640.,200,2200,2400
WBGene00003641.,2,99,101
WBGene00003642.,11,75,86
WBGene00003643.,24,151,175
WBGene00003644.,42,326,368
WBGene00003645.,218,1561,1779
WBGene00003646.,175,1934,2109
WBGene00003647.,182,892,1074
WBGene00003648.,28,958,986
WBGene00003649.,84,918,1002
WBGene00003650.,22,177,199
WBGene00003651.,187,1345,1532
WBGene00003652.,195,656,851
WBGene00003653.,91,1368,1459
WBGene00003654.,241,892,1133
WBGene00003655.,125,956,1081
WBGene00003656.,232,4065,4297
WBGene00003657.,26,954,980
WBGene00003658.,323,5566,5889
WBGene00003659.,50,1117,1167
WBGene00003660.,135,1483,1618
WBGene00003661.,198,1776,1974
WBGene00003662.,3,6,9
WBGene00003663.,2,102,104
WBGene00003664.,115,44,159
WBGene00003665.,0,1,1
WBGene00003667.,0,0,0
WBGene00003668.,422,1060,1482
WBGene00003669.,157,851,1008
WBGene00003670.,63,1332,1395
WBGene00003671.,4,5,9
WBGene00003672.,3,8,11
WBGene00003673.,18,287,305
WBGene00003674.,127,2568,2695
WBGene00003675.,332,879,1211
WBGene00003676.,346,1366,1712
WBGene00003677.,189,862,1051
WBGene00003678.,748,4046,4794
WBGene00003679.,2,7,9
WBGene00003680.,80,937,1017
WBGene00003681.,154,1194,1348
WBGene00003682.,27,33,60
WBGene00003683.,19,121,140
WBGene00003684.,33,384,417
WBGene00003685.,163,1468,1631
WBGene00003686.,8,353,361
WBGene00003687.,288,13420,13708
WBGene00003688.,168,771,939
WBGene00003689.,158,1613,1771
WBGene00003690.,220,2879,3099
WBGene00003691.,698,3360,4058
WBGene00003692.,87,741,828
WBGene00003693.,18,365,383
WBGene00003694.,188,1516,1704
WBGene00003695.,1027,6167,7194
WBGene00003696.,60,436,496
WBGene00003697.,130,1261,1391
WBGene00003698.,4,204,208
WBGene00003699.,12,736,748
WBGene00003700.,20,500,520
WBGene00003701.,3,2,5
WBGene00003702.,98,1120,1218
WBGene00003703.,30,321,351
WBGene00003704.,661,3465,4126
WBGene00003705.,67,564,631
WBGene00003706.,31,260,291
WBGene00003707.,215,2382,2597
WBGene00003708.,6,1,7
WBGene00003709.,114,448,562
WBGene00003710.,290,1880,2170
WBGene00003711.,61,403,464
WBGene00003712.,135,810,945
WBGene00003713.,65,405,470
WBGene00003714.,51,147,198
WBGene00003715.,416,850,1266
WBGene00003716.,13,182,195
WBGene00003717.,11,198,209
WBGene00003718.,24,295,319
WBGene00003719.,42,473,515
WBGene00003720.,175,903,1078
WBGene00003721.,108,1796,1904
WBGene00003722.,120,1097,1217
WBGene00003723.,24,1909,1933
WBGene00003724.,40,1102,1142
WBGene00003725.,284,1750,2034
WBGene00003726.,212,2281,2493
WBGene00003727.,547,974,1521
WBGene00003728.,537,3447,3984
WBGene00003729.,30,218,248
WBGene00003730.,60,2980,3040
WBGene00003731.,103,247,350
WBGene00003732.,141,815,956
WBGene00003733.,83,823,906
WBGene00003734.,1,24,25
WBGene00003735.,356,702,1058
WBGene00003736.,56,395,451
WBGene00003738.,121,3462,3583
WBGene00003739.,156,2548,2704
WBGene00003740.,9,689,698
WBGene00003741.,12,8017,8029
WBGene00003742.,2,103,105
WBGene00003743.,268,1553,1821
WBGene00003744.,181,3601,3782
WBGene00003745.,78,2408,2486
WBGene00003746.,35,3560,3595
WBGene00003747.,56,2237,2293
WBGene00003748.,147,3879,4026
WBGene00003749.,149,4624,4773
WBGene00003750.,379,4390,4769
WBGene00003751.,61,6047,6108
WBGene00003752.,60,3597,3657
WBGene00003753.,1188,8213,9401
WBGene00003754.,136,3248,3384
WBGene00003755.,219,19107,19326
WBGene00003756.,460,15186,15646
WBGene00003757.,25,763,788
WBGene00003758.,253,4460,4713
WBGene00003759.,1275,9354,10629
WBGene00003760.,9,4,13
WBGene00003761.,1,280,281
WBGene00003762.,880,8727,9607
WBGene00003763.,63,313,376
WBGene00003764.,124,1289,1413
WBGene00003765.,322,3875,4197
WBGene00003766.,99,1697,1796
WBGene00003767.,564,14427,14991
WBGene00003768.,146,1728,1874
WBGene00003769.,353,7069,7422
WBGene00003770.,33,172,205
WBGene00003771.,3267,22882,26149
WBGene00003772.,73,928,1001
WBGene00003773.,1394,15648,17042
WBGene00003774.,21,137,158
WBGene00003775.,109,300,409
WBGene00003776.,577,9895,10472
WBGene00003777.,284,10401,10685
WBGene00003778.,49,226,275
WBGene00003779.,64,1311,1375
WBGene00003783.,2,173,175
WBGene00003784.,0,26,26
WBGene00003785.,94,2702,2796
WBGene00003786.,1821,23568,25389
WBGene00003787.,24,1893,1917
WBGene00003788.,333,2828,3161
WBGene00003789.,242,2700,2942
WBGene00003790.,75,1718,1793
WBGene00003791.,18,2020,2038
WBGene00003792.,190,3725,3915
WBGene00003793.,103,3605,3708
WBGene00003794.,872,3360,4232
WBGene00003795.,54,5694,5748
WBGene00003796.,111,4985,5096
WBGene00003797.,139,2993,3132
WBGene00003798.,88,4974,5062
WBGene00003799.,723,3699,4422
WBGene00003800.,42,3700,3742
WBGene00003801.,47,2514,2561
WBGene00003802.,34,6318,6352
WBGene00003803.,107,3386,3493
WBGene00003804.,59,2484,2543
WBGene00003805.,51,1848,1899
WBGene00003806.,348,3995,4343
WBGene00003807.,47,227,274
WBGene00003808.,280,1206,1486
WBGene00003812.,88,1852,1940
WBGene00003813.,165,2269,2434
WBGene00003815.,342,8164,8506
WBGene00003816.,32,1484,1516
WBGene00003818.,307,4808,5115
WBGene00003821.,550,13446,13996
WBGene00003822.,147,3709,3856
WBGene00003825.,278,9624,9902
WBGene00003826.,1024,3393,4417
WBGene00003827.,334,3849,4183
WBGene00003828.,550,7062,7612
WBGene00003829.,14,3894,3908
WBGene00003830.,238,2150,2388
WBGene00003831.,2248,24493,26741
WBGene00003834.,283,5620,5903
WBGene00003835.,13,489,502
WBGene00003836.,662,6388,7050
WBGene00003837.,714,1527,2241
WBGene00003838.,39,183,222
WBGene00003839.,58,428,486
WBGene00003840.,63,132,195
WBGene00003841.,22,175,197
WBGene00003842.,55,250,305
WBGene00003843.,36,823,859
WBGene00003844.,16,9858,9874
WBGene00003845.,2,66,68
WBGene00003846.,1,2239,2240
WBGene00003847.,168,1765,1933
WBGene00003848.,49,132,181
WBGene00003849.,618,1785,2403
WBGene00003850.,67,961,1028
WBGene00003851.,159,3187,3346
WBGene00003854.,11,74,85
WBGene00003856.,59,297,356
WBGene00003858.,1021,7612,8633
WBGene00003859.,92,1275,1367
WBGene00003860.,219,2183,2402
WBGene00003861.,214,5829,6043
WBGene00003862.,13,179,192
WBGene00003863.,1,1,2
WBGene00003864.,1,127,128
WBGene00003865.,3,130,133
WBGene00003868.,106,1900,2006
WBGene00003870.,23,1826,1849
WBGene00003876.,44,358,402
WBGene00003877.,189,6002,6191
WBGene00003878.,47,670,717
WBGene00003879.,52,1949,2001
WBGene00003882.,62,814,876
WBGene00003883.,187,867,1054
WBGene00003884.,66,506,572
WBGene00003885.,184,731,915
WBGene00003886.,84,440,524
WBGene00003887.,109,730,839
WBGene00003888.,4,44,48
WBGene00003889.,34,102,136
WBGene00003890.,64,825,889
WBGene00003891.,35,8142,8177
WBGene00003892.,195,386,581
WBGene00003893.,13042,181033,194075
WBGene00003898.,200,1252,1452
WBGene00003901.,116,12726,12842
WBGene00003902.,1685,175762,177447
WBGene00003903.,180,16088,16268
WBGene00003904.,60,5977,6037
WBGene00003905.,1009,2847,3856
WBGene00003906.,4,22,26
WBGene00003907.,244,1543,1787
WBGene00003909.,55,566,621
WBGene00003911.,137,1974,2111
WBGene00003912.,52,585,637
WBGene00003914.,373,4582,4955
WBGene00003915.,821,9698,10519
WBGene00003916.,3164,7678,10842
WBGene00003917.,242,462,704
WBGene00003918.,308,2661,2969
WBGene00003919.,223,379,602
WBGene00003920.,398,64185,64583
WBGene00003921.,113,1343,1456
WBGene00003922.,28,4878,4906
WBGene00003923.,35,11114,11149
WBGene00003924.,13,13068,13081
WBGene00003925.,365,9446,9811
WBGene00003926.,346,15033,15379
WBGene00003927.,55,9385,9440
WBGene00003928.,61,6355,6416
WBGene00003929.,269,7091,7360
WBGene00003930.,209,6678,6887
WBGene00003931.,141,5194,5335
WBGene00003932.,308,5425,5733
WBGene00003933.,62,1948,2010
WBGene00003934.,12269,544382,556651
WBGene00003936.,1156,7790,8946
WBGene00003937.,5,25,30
WBGene00003938.,42,150,192
WBGene00003939.,85,562,647
WBGene00003941.,706,7095,7801
WBGene00003943.,104,1285,1389
WBGene00003947.,63,8336,8399
WBGene00003948.,9,9273,9282
WBGene00003949.,66,8696,8762
WBGene00003950.,272,11210,11482
WBGene00003951.,262,6986,7248
WBGene00003952.,436,6977,7413
WBGene00003953.,51,12144,12195
WBGene00003954.,445,3061,3506
WBGene00003955.,14,9363,9377
WBGene00003956.,125,10936,11061
WBGene00003957.,0,1385,1385
WBGene00003958.,17,6022,6039
WBGene00003959.,18,1423,1441
WBGene00003960.,252,2875,3127
WBGene00003961.,687,4590,5277
WBGene00003962.,400,16501,16901
WBGene00003963.,178,62148,62326
WBGene00003964.,1405,40411,41816
WBGene00003965.,151,1255,1406
WBGene00003966.,552,2074,2626
WBGene00003967.,144,1846,1990
WBGene00003968.,115,559,674
WBGene00003969.,357,930,1287
WBGene00003970.,159,2350,2509
WBGene00003975.,159,1818,1977
WBGene00003976.,6,177,183
WBGene00003977.,0,0,0
WBGene00003978.,794,2712,3506
WBGene00003979.,4,514,518
WBGene00003980.,296,2702,2998
WBGene00003981.,7,40,47
WBGene00003982.,38,13213,13251
WBGene00003983.,1,3,4
WBGene00003986.,140,2517,2657
WBGene00003987.,9,14,23
WBGene00003989.,57,9279,9336
WBGene00003990.,73,4938,5011
WBGene00003991.,342,5578,5920
WBGene00003992.,29,2612,2641
WBGene00003993.,55,476,531
WBGene00003994.,8,576,584
WBGene00003995.,568,4199,4767
WBGene00003996.,664,2858,3522
WBGene00003997.,31,1029,1060
WBGene00003998.,93,433,526
WBGene00003999.,23,168,191
WBGene00004000.,16,265,281
WBGene00004001.,1,5,6
WBGene00004002.,15,62,77
WBGene00004003.,288,1757,2045
WBGene00004004.,128,1006,1134
WBGene00004005.,92,276,368
WBGene00004006.,31,284,315
WBGene00004007.,2,37,39
WBGene00004008.,0,610,610
WBGene00004009.,0,4,4
WBGene00004010.,124,1050,1174
WBGene00004011.,52,507,559
WBGene00004013.,786,5179,5965
WBGene00004014.,81,38510,38591
WBGene00004015.,108,37367,37475
WBGene00004016.,176,660,836
WBGene00004017.,18,1514,1532
WBGene00004020.,784,8994,9778
WBGene00004023.,567,4990,5557
WBGene00004024.,46,898,944
WBGene00004025.,146,1662,1808
WBGene00004026.,76,35,111
WBGene00004027.,8,170,178
WBGene00004028.,280,498,778
WBGene00004029.,323,698,1021
WBGene00004030.,164,1069,1233
WBGene00004031.,91,1473,1564
WBGene00004032.,950,5647,6597
WBGene00004033.,986,4128,5114
WBGene00004034.,450,1991,2441
WBGene00004035.,68,1064,1132
WBGene00004036.,726,3779,4505
WBGene00004037.,120,1077,1197
WBGene00004038.,89,1787,1876
WBGene00004039.,227,4460,4687
WBGene00004040.,370,4533,4903
WBGene00004041.,0,1100,1100
WBGene00004042.,17,2789,2806
WBGene00004043.,14,363,377
WBGene00004044.,12,485,497
WBGene00004045.,600,1783,2383
WBGene00004046.,263,16769,17032
WBGene00004047.,957,1752,2709
WBGene00004048.,40,699,739
WBGene00004049.,372,1064,1436
WBGene00004050.,12,1528,1540
WBGene00004051.,261,2283,2544
WBGene00004052.,8,96,104
WBGene00004053.,520,10837,11357
WBGene00004054.,47,8,55
WBGene00004055.,258,1906,2164
WBGene00004056.,257,1522,1779
WBGene00004057.,192,1474,1666
WBGene00004058.,230,3014,3244
WBGene00004059.,337,2089,2426
WBGene00004060.,457,1979,2436
WBGene00004061.,45,1396,1441
WBGene00004062.,71,3271,3342
WBGene00004063.,202,1856,2058
WBGene00004064.,198,2078,2276
WBGene00004068.,335,4927,5262
WBGene00004075.,132,2746,2878
WBGene00004076.,939,12212,13151
WBGene00004077.,567,2965,3532
WBGene00004078.,0,69,69
WBGene00004083.,77,2844,2921
WBGene00004084.,0,5,5
WBGene00004085.,121,2802,2923
WBGene00004086.,107,514,621
WBGene00004087.,427,3538,3965
WBGene00004088.,445,3863,4308
WBGene00004089.,67,1246,1313
WBGene00004090.,288,1963,2251
WBGene00004091.,186,4161,4347
WBGene00004092.,19,501,520
WBGene00004093.,51,1218,1269
WBGene00004094.,34,2167,2201
WBGene00004095.,372,6940,7312
WBGene00004096.,341,11180,11521
WBGene00004098.,1,1,2
WBGene00004099.,0,65,65
WBGene00004100.,159,1422,1581
WBGene00004101.,383,2979,3362
WBGene00004102.,16,111,127
WBGene00004103.,8,8,16
WBGene00004104.,53,788,841
WBGene00004105.,154,2223,2377
WBGene00004106.,103,3725,3828
WBGene00004107.,0,9,9
WBGene00004108.,732,2748,3480
WBGene00004109.,482,2492,2974
WBGene00004110.,299,2703,3002
WBGene00004111.,231,2262,2493
WBGene00004112.,427,8109,8536
WBGene00004113.,334,10776,11110
WBGene00004114.,22,1360,1382
WBGene00004115.,34,506,540
WBGene00004116.,500,2718,3218
WBGene00004117.,466,5112,5578
WBGene00004118.,92,711,803
WBGene00004119.,782,5849,6631
WBGene00004120.,7,490,497
WBGene00004121.,262,2148,2410
WBGene00004122.,280,3673,3953
WBGene00004123.,203,1610,1813
WBGene00004124.,53,850,903
WBGene00004125.,140,1458,1598
WBGene00004126.,251,2689,2940
WBGene00004127.,35,298,333
WBGene00004128.,2059,10640,12699
WBGene00004129.,65,999,1064
WBGene00004130.,1085,20207,21292
WBGene00004131.,7475,29071,36546
WBGene00004132.,321,4604,4925
WBGene00004133.,30,774,804
WBGene00004134.,1432,7538,8970
WBGene00004135.,1147,14835,15982
WBGene00004136.,958,9323,10281
WBGene00004138.,507,5701,6208
WBGene00004139.,0,23,23
WBGene00004140.,73,2782,2855
WBGene00004141.,0,1,1
WBGene00004143.,425,21874,22299
WBGene00004144.,58,3792,3850
WBGene00004145.,287,2858,3145
WBGene00004146.,0,24,24
WBGene00004147.,737,4755,5492
WBGene00004148.,311,3198,3509
WBGene00004149.,8,12,20
WBGene00004150.,49,516,565
WBGene00004151.,319,1877,2196
WBGene00004152.,343,7547,7890
WBGene00004153.,0,65,65
WBGene00004154.,136,94,230
WBGene00004155.,33,124,157
WBGene00004156.,116,3273,3389
WBGene00004157.,77,7099,7176
WBGene00004158.,0,0,0
WBGene00004159.,0,0,0
WBGene00004160.,0,0,0
WBGene00004161.,748,3611,4359
WBGene00004163.,26,27,53
WBGene00004164.,550,4160,4710
WBGene00004165.,27,15,42
WBGene00004166.,540,4424,4964
WBGene00004167.,1806,13829,15635
WBGene00004168.,22,1442,1464
WBGene00004169.,387,3267,3654
WBGene00004170.,0,0,0
WBGene00004171.,0,0,0
WBGene00004172.,70,603,673
WBGene00004173.,732,11215,11947
WBGene00004174.,8,1806,1814
WBGene00004175.,4,411,415
WBGene00004176.,0,71,71
WBGene00004177.,5,116,121
WBGene00004178.,46,2584,2630
WBGene00004179.,35,1024,1059
WBGene00004180.,121,1393,1514
WBGene00004181.,169,1714,1883
WBGene00004182.,1403,3996,5399
WBGene00004183.,83,486,569
WBGene00004184.,182,4789,4971
WBGene00004185.,102,8218,8320
WBGene00004186.,825,4492,5317
WBGene00004187.,331,16121,16452
WBGene00004188.,155,3005,3160
WBGene00004189.,145,12302,12447
WBGene00004190.,49,664,713
WBGene00004191.,153,341,494
WBGene00004192.,970,1646,2616
WBGene00004193.,73,668,741
WBGene00004194.,75,996,1071
WBGene00004195.,68,478,546
WBGene00004196.,0,0,0
WBGene00004197.,44,592,636
WBGene00004198.,145,1994,2139
WBGene00004199.,8,1195,1203
WBGene00004201.,48,7977,8025
WBGene00004202.,291,2081,2372
WBGene00004203.,391,3597,3988
WBGene00004204.,660,16297,16957
WBGene00004205.,39,836,875
WBGene00004206.,255,1064,1319
WBGene00004207.,502,2942,3444
WBGene00004208.,709,11330,12039
WBGene00004209.,0,4,4
WBGene00004210.,158,1425,1583
WBGene00004211.,29,132,161
WBGene00004212.,148,4480,4628
WBGene00004213.,807,2503,3310
WBGene00004214.,72,2818,2890
WBGene00004215.,2023,4181,6204
WBGene00004216.,37,281,318
WBGene00004217.,35,302,337
WBGene00004218.,34,263,297
WBGene00004219.,53,673,726
WBGene00004220.,202,1493,1695
WBGene00004221.,26,430,456
WBGene00004222.,97,1610,1707
WBGene00004223.,11,50,61
WBGene00004224.,63,315,378
WBGene00004225.,101,375,476
WBGene00004226.,162,2248,2410
WBGene00004227.,100,517,617
WBGene00004228.,121,1123,1244
WBGene00004229.,24,171,195
WBGene00004230.,145,145,290
WBGene00004231.,86,220,306
WBGene00004232.,118,329,447
WBGene00004233.,50,62,112
WBGene00004234.,5,79,84
WBGene00004235.,85,678,763
WBGene00004236.,76,15,91
WBGene00004237.,124,1123,1247
WBGene00004238.,398,2074,2472
WBGene00004239.,0,129,129
WBGene00004240.,61,4,65
WBGene00004241.,0,68,68
WBGene00004242.,6,56,62
WBGene00004243.,4,145,149
WBGene00004244.,49,787,836
WBGene00004245.,392,6386,6778
WBGene00004246.,4,5,9
WBGene00004248.,29,2888,2917
WBGene00004249.,371,3398,3769
WBGene00004254.,342,2360,2702
WBGene00004255.,33,186,219
WBGene00004256.,179,1264,1443
WBGene00004257.,100,549,649
WBGene00004258.,561,17488,18049
WBGene00004259.,26,2126,2152
WBGene00004264.,19,796,815
WBGene00004265.,323,1009,1332
WBGene00004266.,174,16957,17131
WBGene00004267.,211,6793,7004
WBGene00004268.,198,7486,7684
WBGene00004269.,72,2116,2188
WBGene00004270.,68,4129,4197
WBGene00004271.,267,1036,1303
WBGene00004272.,46,3934,3980
WBGene00004273.,121,3469,3590
WBGene00004274.,118,21059,21177
WBGene00004275.,31,110,141
WBGene00004276.,225,3321,3546
WBGene00004277.,244,2628,2872
WBGene00004278.,462,5388,5850
WBGene00004279.,26,553,579
WBGene00004281.,64,492,556
WBGene00004282.,251,885,1136
WBGene00004283.,76,387,463
WBGene00004284.,103,1822,1925
WBGene00004285.,198,943,1141
WBGene00004286.,40,2256,2296
WBGene00004287.,2,1,3
WBGene00004296.,249,4591,4840
WBGene00004297.,77,913,990
WBGene00004298.,91,319,410
WBGene00004300.,9,66513,66522
WBGene00004301.,33,99,132
WBGene00004302.,978,46133,47111
WBGene00004303.,95,3004,3099
WBGene00004304.,266,5171,5437
WBGene00004305.,96,9506,9602
WBGene00004306.,206,2849,3055
WBGene00004307.,155,4287,4442
WBGene00004308.,100,2483,2583
WBGene00004309.,15,37,52
WBGene00004310.,507,4416,4923
WBGene00004311.,361,2135,2496
WBGene00004312.,284,2036,2320
WBGene00004313.,211,4512,4723
WBGene00004314.,971,1995,2966
WBGene00004315.,151,9122,9273
WBGene00004316.,1739,2565,4304
WBGene00004317.,168,1697,1865
WBGene00004318.,408,2882,3290
WBGene00004319.,160,5148,5308
WBGene00004320.,304,6484,6788
WBGene00004321.,39,4825,4864
WBGene00004322.,168,2064,2232
WBGene00004323.,313,3270,3583
WBGene00004324.,91,923,1014
WBGene00004326.,81,4718,4799
WBGene00004328.,23,204,227
WBGene00004332.,28,482,510
WBGene00004333.,73,632,705
WBGene00004334.,3,159,162
WBGene00004335.,100,757,857
WBGene00004336.,1704,19760,21464
WBGene00004337.,424,5141,5565
WBGene00004338.,173,1416,1589
WBGene00004339.,72,971,1043
WBGene00004340.,249,2869,3118
WBGene00004341.,101,1356,1457
WBGene00004342.,22,60,82
WBGene00004343.,314,3051,3365
WBGene00004344.,94,1429,1523
WBGene00004345.,1140,2562,3702
WBGene00004346.,128,1074,1202
WBGene00004347.,2110,1143,3253
WBGene00004348.,60,1446,1506
WBGene00004349.,706,2090,2796
WBGene00004350.,396,3002,3398
WBGene00004351.,0,0,0
WBGene00004352.,0,5,5
WBGene00004353.,2,14,16
WBGene00004354.,1,49,50
WBGene00004355.,92,2788,2880
WBGene00004356.,58,4281,4339
WBGene00004357.,1778,15475,17253
WBGene00004358.,614,9450,10064
WBGene00004359.,60,247,307
WBGene00004360.,124,864,988
WBGene00004361.,26,541,567
WBGene00004363.,123,4598,4721
WBGene00004364.,500,9299,9799
WBGene00004367.,332,1990,2322
WBGene00004368.,228,1592,1820
WBGene00004369.,146,1501,1647
WBGene00004370.,137,4489,4626
WBGene00004371.,217,3552,3769
WBGene00004372.,178,648,826
WBGene00004373.,686,7631,8317
WBGene00004374.,22,232,254
WBGene00004375.,313,1244,1557
WBGene00004377.,97,857,954
WBGene00004378.,339,3680,4019
WBGene00004380.,43,659,702
WBGene00004381.,132,1765,1897
WBGene00004382.,445,4153,4598
WBGene00004383.,46,1260,1306
WBGene00004384.,683,1611,2294
WBGene00004385.,138,3467,3605
WBGene00004386.,151,3052,3203
WBGene00004387.,162,12228,12390
WBGene00004388.,266,4468,4734
WBGene00004389.,317,4384,4701
WBGene00004390.,1015,7497,8512
WBGene00004391.,83,6140,6223
WBGene00004392.,89,6441,6530
WBGene00004393.,362,820,1182
WBGene00004394.,2,1,3
WBGene00004395.,58,904,962
WBGene00004397.,43,750,793
WBGene00004398.,173,4259,4432
WBGene00004400.,5,861,866
WBGene00004401.,142,427,569
WBGene00004402.,15,64,79
WBGene00004403.,560,1704,2264
WBGene00004404.,324,2622,2946
WBGene00004405.,45,6383,6428
WBGene00004408.,207,432321,432528
WBGene00004409.,11250,198517,209767
WBGene00004410.,29959,201707,231666
WBGene00004411.,197,4332,4529
WBGene00004412.,35021,402294,437315
WBGene00004413.,488,286379,286867
WBGene00004414.,11187,473129,484316
WBGene00004415.,291,227185,227476
WBGene00004416.,17368,449416,466784
WBGene00004417.,17682,382008,399690
WBGene00004418.,37658,449153,486811
WBGene00004419.,46093,664886,710979
WBGene00004420.,25419,374901,400320
WBGene00004421.,11605,508369,519974
WBGene00004422.,1077,25359,26436
WBGene00004423.,28895,440784,469679
WBGene00004424.,77212,1039883,1117095
WBGene00004425.,16571,440763,457334
WBGene00004426.,21761,347641,369402
WBGene00004427.,2052,432827,434879
WBGene00004428.,20593,416403,436996
WBGene00004429.,57934,378628,436562
WBGene00004430.,30082,412874,442956
WBGene00004431.,19107,475144,494251
WBGene00004432.,1243,361844,363087
WBGene00004433.,12651,430836,443487
WBGene00004434.,15406,328800,344206
WBGene00004435.,15082,386727,401809
WBGene00004436.,29410,455723,485133
WBGene00004437.,1037,24405,25442
WBGene00004438.,5989,66485,72474
WBGene00004439.,12227,144297,156524
WBGene00004440.,6115,335952,342067
WBGene00004441.,36268,194953,231221
WBGene00004442.,16063,251052,267115
WBGene00004443.,88694,54357,143051
WBGene00004444.,14978,198164,213142
WBGene00004445.,12574,320947,333521
WBGene00004446.,44149,489278,533427
WBGene00004447.,32473,326722,359195
WBGene00004448.,8872,240074,248946
WBGene00004449.,22913,393940,416853
WBGene00004450.,9960,303691,313651
WBGene00004451.,0,75,75
WBGene00004452.,10478,244349,254827
WBGene00004453.,5135,170545,175680
WBGene00004454.,18819,255107,273926
WBGene00004455.,10,33,43
WBGene00004456.,0,231272,231272
WBGene00004457.,25,1605,1630
WBGene00004458.,131,6391,6522
WBGene00004459.,34,5357,5391
WBGene00004460.,53,9515,9568
WBGene00004461.,77,6839,6916
WBGene00004462.,177,4807,4984
WBGene00004463.,153,8675,8828
WBGene00004464.,527,8810,9337
WBGene00004465.,260,5657,5917
WBGene00004466.,62,4486,4548
WBGene00004467.,45,7161,7206
WBGene00004468.,298,4516,4814
WBGene00004469.,2527,354175,356702
WBGene00004470.,10452,466064,476516
WBGene00004471.,101,312321,312422
WBGene00004472.,21592,423420,445012
WBGene00004473.,22051,415848,437899
WBGene00004474.,30166,474633,504799
WBGene00004475.,7536,228983,236519
WBGene00004476.,35970,411995,447965
WBGene00004477.,30412,509270,539682
WBGene00004478.,24304,564766,589070
WBGene00004479.,18623,393945,412568
WBGene00004480.,41472,434106,475578
WBGene00004481.,4713,359291,364004
WBGene00004482.,22070,358460,380530
WBGene00004483.,32363,520544,552907
WBGene00004484.,23178,401085,424263
WBGene00004485.,3479,155185,158664
WBGene00004486.,13776,273080,286856
WBGene00004487.,33397,436853,470250
WBGene00004488.,23668,398532,422200
WBGene00004489.,21967,351840,373807
WBGene00004490.,46309,119607,165916
WBGene00004491.,2117,263809,265926
WBGene00004492.,27847,521661,549508
WBGene00004493.,17062,369118,386180
WBGene00004494.,40218,535459,575677
WBGene00004495.,11998,378841,390839
WBGene00004496.,19449,223579,243028
WBGene00004497.,6095,152917,159012
WBGene00004498.,88043,97807,185850
WBGene00004499.,26822,336562,363384
WBGene00004501.,43,4235,4278
WBGene00004502.,62,7256,7318
WBGene00004503.,4,5380,5384
WBGene00004504.,850,8400,9250
WBGene00004505.,39,5314,5353
WBGene00004506.,63,7244,7307
WBGene00004507.,56,1887,1943
WBGene00004508.,129,2588,2717
WBGene00004509.,56,332,388
WBGene00004510.,48,1334,1382
WBGene00004512.,0,0,0
WBGene00004513.,0,0,0
WBGene00004567.,0,289878,289878
WBGene00004622.,0,12997692,12997692
WBGene00004677.,0,157968,157968
WBGene00004679.,474,7194,7668
WBGene00004680.,116,793,909
WBGene00004681.,802,2578,3380
WBGene00004682.,136,2390,2526
WBGene00004684.,130,2195,2325
WBGene00004698.,17,13454,13471
WBGene00004699.,199,8215,8414
WBGene00004700.,552,20425,20977
WBGene00004701.,17,5745,5762
WBGene00004702.,39,6654,6693
WBGene00004703.,354,19737,20091
WBGene00004704.,209,8338,8547
WBGene00004705.,336,7729,8065
WBGene00004706.,230,3572,3802
WBGene00004708.,0,0,0
WBGene00004716.,0,3,3
WBGene00004717.,0,0,0
WBGene00004719.,397,1461,1858
WBGene00004721.,87,966,1053
WBGene00004723.,87,2634,2721
WBGene00004726.,52,1340,1392
WBGene00004727.,183,1791,1974
WBGene00004728.,552,3781,4333
WBGene00004729.,277,2572,2849
WBGene00004732.,1257,8848,10105
WBGene00004735.,359,1280,1639
WBGene00004736.,2124,71499,73623
WBGene00004737.,3,1234,1237
WBGene00004738.,44,3902,3946
WBGene00004739.,2161,7669,9830
WBGene00004740.,167,1353,1520
WBGene00004742.,8,62,70
WBGene00004743.,662,2950,3612
WBGene00004744.,119,2456,2575
WBGene00004745.,85,1046,1131
WBGene00004746.,47,3237,3284
WBGene00004747.,86,1461,1547
WBGene00004748.,40,336,376
WBGene00004749.,126,4187,4313
WBGene00004750.,2,1,3
WBGene00004751.,1825,6330,8155
WBGene00004752.,90,1795,1885
WBGene00004753.,177,1476,1653
WBGene00004754.,833,4254,5087
WBGene00004755.,61,4779,4840
WBGene00004756.,41,2188,2229
WBGene00004758.,183,2095,2278
WBGene00004759.,86,3198,3284
WBGene00004760.,762,6267,7029
WBGene00004762.,268,2188,2456
WBGene00004764.,65,436,501
WBGene00004765.,458,648,1106
WBGene00004766.,289,10473,10762
WBGene00004767.,68,2005,2073
WBGene00004768.,25,2146,2171
WBGene00004769.,32,819,851
WBGene00004771.,129,1080,1209
WBGene00004773.,916,4729,5645
WBGene00004774.,61,2217,2278
WBGene00004775.,38,783,821
WBGene00004776.,268,212,480
WBGene00004777.,364,1075,1439
WBGene00004778.,52,928,980
WBGene00004779.,444,1719,2163
WBGene00004780.,330,816,1146
WBGene00004781.,46,2411,2457
WBGene00004782.,169,2587,2756
WBGene00004783.,931,6306,7237
WBGene00004786.,77,528,605
WBGene00004787.,190,862,1052
WBGene00004788.,100,6894,6994
WBGene00004789.,273,3033,3306
WBGene00004790.,419,3874,4293
WBGene00004793.,243,408,651
WBGene00004795.,110,706,816
WBGene00004796.,130,843,973
WBGene00004798.,267,6042,6309
WBGene00004800.,136,3526,3662
WBGene00004801.,275,4154,4429
WBGene00004802.,26,97,123
WBGene00004803.,77,408,485
WBGene00004804.,1108,7597,8705
WBGene00004806.,338,3268,3606
WBGene00004807.,83,24920,25003
WBGene00004808.,20,2300,2320
WBGene00004809.,583,8412,8995
WBGene00004810.,8,295,303
WBGene00004811.,15,306,321
WBGene00004812.,0,1,1
WBGene00004813.,0,0,0
WBGene00004814.,0,6,6
WBGene00004815.,0,0,0
WBGene00004816.,0,162,162
WBGene00004817.,0,36,36
WBGene00004818.,0,2,2
WBGene00004819.,0,4,4
WBGene00004820.,0,1,1
WBGene00004821.,0,9,9
WBGene00004822.,0,1455,1455
WBGene00004823.,4,523,527
WBGene00004824.,194,1426,1620
WBGene00004825.,0,179,179
WBGene00004826.,0,1421,1421
WBGene00004827.,0,53,53
WBGene00004829.,384,2242,2626
WBGene00004830.,351,2363,2714
WBGene00004831.,967,2618,3585
WBGene00004833.,0,174,174
WBGene00004834.,0,16,16
WBGene00004835.,0,9,9
WBGene00004836.,0,828,828
WBGene00004837.,0,0,0
WBGene00004838.,0,0,0
WBGene00004839.,0,47,47
WBGene00004840.,0,67,67
WBGene00004841.,0,37,37
WBGene00004842.,0,2,2
WBGene00004843.,0,0,0
WBGene00004844.,0,3,3
WBGene00004845.,0,3,3
WBGene00004846.,0,12,12
WBGene00004847.,0,0,0
WBGene00004848.,0,14,14
WBGene00004849.,0,47,47
WBGene00004850.,0,0,0
WBGene00004851.,0,6,6
WBGene00004854.,215,2201,2416
WBGene00004855.,765,13071,13836
WBGene00004856.,677,1828,2505
WBGene00004857.,161,1383,1544
WBGene00004858.,208,1072,1280
WBGene00004859.,385,3074,3459
WBGene00004860.,207,1762,1969
WBGene00004862.,1152,7314,8466
WBGene00004873.,789,6235,7024
WBGene00004874.,181,6138,6319
WBGene00004875.,15,2866,2881
WBGene00004876.,26,474,500
WBGene00004877.,15,65,80
WBGene00004878.,62,211,273
WBGene00004879.,347,3600,3947
WBGene00004880.,220,3773,3993
WBGene00004881.,351,2779,3130
WBGene00004882.,69,2318,2387
WBGene00004883.,6,755,761
WBGene00004884.,474,4574,5048
WBGene00004885.,35,841,876
WBGene00004886.,93,747,840
WBGene00004887.,150,4755,4905
WBGene00004888.,1199,28275,29474
WBGene00004889.,226,2108,2334
WBGene00004890.,124,643,767
WBGene00004891.,103,4184,4287
WBGene00004892.,687,2773,3460
WBGene00004893.,141,1295,1436
WBGene00004894.,1886,1744,3630
WBGene00004895.,3306,3132,6438
WBGene00004896.,1162,6245,7407
WBGene00004897.,38,17138,17176
WBGene00004898.,71,1616,1687
WBGene00004899.,19,9,28
WBGene00004900.,56,1845,1901
WBGene00004901.,7,11,18
WBGene00004902.,167,4571,4738
WBGene00004903.,2,7,9
WBGene00004904.,11,13,24
WBGene00004905.,274,342,616
WBGene00004906.,20,13,33
WBGene00004907.,45,155,200
WBGene00004908.,6,5,11
WBGene00004909.,7,7,14
WBGene00004910.,102,3448,3550
WBGene00004911.,15,276,291
WBGene00004912.,78,2218,2296
WBGene00004913.,193,1454,1647
WBGene00004914.,180,17793,17973
WBGene00004915.,23,16753,16776
WBGene00004916.,267,15524,15791
WBGene00004917.,191,14450,14641
WBGene00004918.,1192,10952,12144
WBGene00004919.,251,11586,11837
WBGene00004920.,1136,13329,14465
WBGene00004921.,511,6976,7487
WBGene00004922.,551,1279,1830
WBGene00004923.,1303,2442,3745
WBGene00004924.,599,10268,10867
WBGene00004925.,622,1291,1913
WBGene00004926.,52,1599,1651
WBGene00004927.,160,1926,2086
WBGene00004928.,85,667,752
WBGene00004929.,1363,4081,5444
WBGene00004930.,756,21780,22536
WBGene00004931.,590,8687,9277
WBGene00004932.,4,37,41
WBGene00004933.,191,1099,1290
WBGene00004944.,343,1377,1720
WBGene00004945.,116,2269,2385
WBGene00004946.,372,3159,3531
WBGene00004947.,1905,4182,6087
WBGene00004949.,379,1989,2368
WBGene00004950.,10,1360,1370
WBGene00004951.,312,19783,20095
WBGene00004952.,14,1387,1401
WBGene00004953.,75,2306,2381
WBGene00004954.,50,385,435
WBGene00004955.,311,5578,5889
WBGene00004958.,28,214,242
WBGene00004959.,11,266,277
WBGene00004960.,17,115,132
WBGene00004962.,5,1,6
WBGene00004963.,35,39,74
WBGene00004964.,4,38,42
WBGene00004965.,5,2,7
WBGene00004966.,6,12,18
WBGene00004969.,211,536,747
WBGene00004971.,2,12,14
WBGene00004972.,4,60,64
WBGene00004973.,2,0,2
WBGene00004974.,14,22,36
WBGene00004975.,14,916,930
WBGene00004976.,3,22,25
WBGene00004978.,965,9174,10139
WBGene00004979.,329,2859,3188
WBGene00004980.,461,13605,14066
WBGene00004981.,184,6159,6343
WBGene00004984.,8,436,444
WBGene00004985.,25,454,479
WBGene00004986.,738,13816,14554
WBGene00004987.,1447,24866,26313
WBGene00004988.,1131,18986,20117
WBGene00004989.,90,1726,1816
WBGene00004990.,3902,63320,67222
WBGene00004991.,6,90,96
WBGene00004992.,34,527,561
WBGene00004993.,668,8790,9458
WBGene00004994.,0,12,12
WBGene00004995.,1530,13292,14822
WBGene00004996.,3,11,14
WBGene00004997.,2,24,26
WBGene00004998.,34,258,292
WBGene00004999.,2958,72555,75513
WBGene00005000.,563,11624,12187
WBGene00005001.,541,7387,7928
WBGene00005002.,1952,53793,55745
WBGene00005003.,850,14780,15630
WBGene00005004.,64,689,753
WBGene00005005.,0,1,1
WBGene00005006.,102,1162,1264
WBGene00005007.,49,3881,3930
WBGene00005008.,9,361,370
WBGene00005009.,61,3229,3290
WBGene00005010.,552,2230,2782
WBGene00005011.,100,966,1066
WBGene00005012.,6,4,10
WBGene00005013.,2,22,24
WBGene00005014.,19,1534,1553
WBGene00005015.,131,4773,4904
WBGene00005016.,0,4539,4539
WBGene00005017.,107,1581,1688
WBGene00005018.,95,4660,4755
WBGene00005019.,61,1639,1700
WBGene00005020.,289,406,695
WBGene00005021.,26,536,562
WBGene00005022.,29,2763,2792
WBGene00005023.,165,1643,1808
WBGene00005024.,406,845,1251
WBGene00005025.,76,974,1050
WBGene00005026.,179,1372,1551
WBGene00005027.,0,11,11
WBGene00005028.,1,1,2
WBGene00005029.,1,16,17
WBGene00005030.,0,23,23
WBGene00005031.,5,9,14
WBGene00005032.,2,19,21
WBGene00005033.,3,62,65
WBGene00005034.,1,0,1
WBGene00005035.,0,15,15
WBGene00005036.,35,461,496
WBGene00005037.,3,24,27
WBGene00005038.,4,28,32
WBGene00005039.,4,25,29
WBGene00005040.,17,39,56
WBGene00005041.,0,3,3
WBGene00005042.,0,1,1
WBGene00005043.,5,31,36
WBGene00005044.,3,4,7
WBGene00005045.,0,3,3
WBGene00005046.,1,8,9
WBGene00005047.,3,45,48
WBGene00005048.,0,0,0
WBGene00005049.,1,1,2
WBGene00005050.,1,1,2
WBGene00005051.,5,15,20
WBGene00005052.,4,24,28
WBGene00005053.,5,24,29
WBGene00005054.,4,4,8
WBGene00005055.,3,1,4
WBGene00005056.,47,5,52
WBGene00005057.,10,32,42
WBGene00005058.,3,19,22
WBGene00005059.,16,42,58
WBGene00005060.,8,34,42
WBGene00005061.,16,3,19
WBGene00005062.,6,10,16
WBGene00005063.,7,161,168
WBGene00005064.,2,27,29
WBGene00005065.,21,14,35
WBGene00005066.,1,0,1
WBGene00005067.,1,12,13
WBGene00005068.,0,6,6
WBGene00005069.,1,1,2
WBGene00005070.,8,32,40
WBGene00005071.,1,3,4
WBGene00005072.,1,3,4
WBGene00005073.,0,0,0
WBGene00005074.,0,0,0
WBGene00005075.,1,1,2
WBGene00005076.,2,0,2
WBGene00005077.,240,1311,1551
WBGene00005078.,88,952,1040
WBGene00005079.,7,7,14
WBGene00005080.,2,1,3
WBGene00005081.,11,20,31
WBGene00005082.,1,8,9
WBGene00005083.,8,42,50
WBGene00005084.,11,4,15
WBGene00005085.,4,9,13
WBGene00005086.,6,7,13
WBGene00005087.,0,4,4
WBGene00005088.,4,32,36
WBGene00005089.,6,24,30
WBGene00005090.,4,30,34
WBGene00005091.,0,3,3
WBGene00005092.,63,104,167
WBGene00005093.,3,17,20
WBGene00005094.,3,9,12
WBGene00005095.,6,19,25
WBGene00005096.,2,44,46
WBGene00005097.,0,19,19
WBGene00005098.,2,11,13
WBGene00005099.,1,2,3
WBGene00005100.,0,0,0
WBGene00005101.,23,208,231
WBGene00005102.,0,0,0
WBGene00005103.,0,6,6
WBGene00005104.,1,10,11
WBGene00005105.,1,23,24
WBGene00005106.,0,0,0
WBGene00005107.,2,31,33
WBGene00005108.,1,18,19
WBGene00005109.,2,9,11
WBGene00005110.,158,302,460
WBGene00005111.,18,292,310
WBGene00005112.,0,4,4
WBGene00005113.,20,102,122
WBGene00005114.,1,13,14
WBGene00005115.,0,3,3
WBGene00005116.,7,3,10
WBGene00005117.,2,3,5
WBGene00005118.,2,37,39
WBGene00005119.,6,15,21
WBGene00005120.,15,45,60
WBGene00005121.,15,9,24
WBGene00005122.,3,8,11
WBGene00005123.,7,8,15
WBGene00005124.,1,12,13
WBGene00005125.,1,5,6
WBGene00005126.,4,24,28
WBGene00005127.,32,314,346
WBGene00005128.,52,17,69
WBGene00005129.,86,170,256
WBGene00005130.,2,13,15
WBGene00005131.,64,315,379
WBGene00005132.,17,48,65
WBGene00005133.,20,23,43
WBGene00005134.,0,4,4
WBGene00005135.,0,2,2
WBGene00005136.,1,3,4
WBGene00005137.,0,1,1
WBGene00005138.,0,0,0
WBGene00005139.,0,5,5
WBGene00005140.,3,13,16
WBGene00005141.,11,29,40
WBGene00005142.,4,2,6
WBGene00005143.,13,6,19
WBGene00005144.,5,31,36
WBGene00005145.,0,0,0
WBGene00005146.,5,3,8
WBGene00005147.,29,235,264
WBGene00005148.,0,0,0
WBGene00005149.,48,169,217
WBGene00005150.,38,100,138
WBGene00005153.,179,601,780
WBGene00005159.,4,7,11
WBGene00005160.,1,14,15
WBGene00005161.,2,4,6
WBGene00005162.,14,34,48
WBGene00005163.,10,103,113
WBGene00005164.,5,10,15
WBGene00005165.,14,8,22
WBGene00005166.,2,3,5
WBGene00005167.,4,16,20
WBGene00005168.,6,19,25
WBGene00005169.,7,50,57
WBGene00005170.,15,16,31
WBGene00005171.,12,27,39
WBGene00005172.,17,81,98
WBGene00005173.,2,17,19
WBGene00005174.,31,112,143
WBGene00005175.,14,42,56
WBGene00005176.,10,16,26
WBGene00005177.,19,20,39
WBGene00005178.,13,15,28
WBGene00005179.,1,1,2
WBGene00005180.,6,6,12
WBGene00005181.,11,0,11
WBGene00005182.,10,25,35
WBGene00005183.,7,24,31
WBGene00005184.,4,9,13
WBGene00005185.,5,3,8
WBGene00005186.,11,35,46
WBGene00005187.,2,30,32
WBGene00005188.,4,1,5
WBGene00005189.,29,105,134
WBGene00005190.,1,6,7
WBGene00005191.,23,19,42
WBGene00005192.,4,4,8
WBGene00005193.,64,1,65
WBGene00005194.,0,14,14
WBGene00005195.,10,48,58
WBGene00005196.,1,9,10
WBGene00005197.,13,12,25
WBGene00005198.,2,8,10
WBGene00005199.,5,12,17
WBGene00005200.,6,5,11
WBGene00005201.,0,3,3
WBGene00005202.,30,7,37
WBGene00005203.,0,8,8
WBGene00005204.,4,21,25
WBGene00005205.,4,43,47
WBGene00005206.,7,32,39
WBGene00005207.,2,58,60
WBGene00005208.,24,68,92
WBGene00005210.,3,55,58
WBGene00005211.,1,1,2
WBGene00005212.,11,13,24
WBGene00005213.,11,30,41
WBGene00005214.,11,4,15
WBGene00005215.,3,8,11
WBGene00005216.,4,2,6
WBGene00005217.,0,2,2
WBGene00005218.,2,29,31
WBGene00005219.,15,38,53
WBGene00005220.,1,0,1
WBGene00005221.,12,2,14
WBGene00005222.,3,10,13
WBGene00005223.,18,3,21
WBGene00005224.,0,0,0
WBGene00005225.,2,1,3
WBGene00005226.,13,94,107
WBGene00005227.,4,7,11
WBGene00005228.,983,147,1130
WBGene00005229.,9,56,65
WBGene00005230.,0,2,2
WBGene00005231.,5,68,73
WBGene00005232.,0,3,3
WBGene00005233.,1,6,7
WBGene00005234.,7,13,20
WBGene00005235.,2,42,44
WBGene00005236.,1,30,31
WBGene00005237.,6,24,30
WBGene00005238.,0,0,0
WBGene00005239.,2,4,6
WBGene00005240.,6,114,120
WBGene00005241.,5,49,54
WBGene00005242.,6,18,24
WBGene00005243.,9,89,98
WBGene00005244.,11,2,13
WBGene00005245.,2,50,52
WBGene00005246.,2,91,93
WBGene00005247.,5,10,15
WBGene00005248.,1,11,12
WBGene00005249.,21,8,29
WBGene00005250.,1,20,21
WBGene00005251.,22,156,178
WBGene00005252.,14,20,34
WBGene00005253.,41,229,270
WBGene00005254.,0,1,1
WBGene00005255.,1,9,10
WBGene00005256.,1,6,7
WBGene00005257.,3,25,28
WBGene00005258.,6,28,34
WBGene00005259.,0,0,0
WBGene00005260.,2,24,26
WBGene00005261.,21,34,55
WBGene00005262.,19,68,87
WBGene00005263.,3,20,23
WBGene00005264.,2,11,13
WBGene00005265.,1,5,6
WBGene00005266.,0,6,6
WBGene00005267.,18,44,62
WBGene00005268.,1,11,12
WBGene00005269.,5,42,47
WBGene00005270.,4,27,31
WBGene00005271.,50,52,102
WBGene00005272.,6,41,47
WBGene00005273.,7,17,24
WBGene00005274.,4,17,21
WBGene00005275.,0,2,2
WBGene00005276.,1,1,2
WBGene00005277.,1,4,5
WBGene00005278.,0,1,1
WBGene00005279.,2,9,11
WBGene00005280.,0,0,0
WBGene00005281.,1,9,10
WBGene00005282.,3,16,19
WBGene00005283.,1,29,30
WBGene00005284.,0,3,3
WBGene00005285.,0,0,0
WBGene00005286.,0,3,3
WBGene00005287.,1,10,11
WBGene00005288.,2,10,12
WBGene00005289.,5,77,82
WBGene00005290.,5,83,88
WBGene00005291.,0,9,9
WBGene00005292.,1,39,40
WBGene00005293.,4,134,138
WBGene00005294.,0,2,2
WBGene00005295.,4,9,13
WBGene00005296.,5,17,22
WBGene00005297.,6,33,39
WBGene00005298.,28,7,35
WBGene00005299.,22,64,86
WBGene00005300.,2,16,18
WBGene00005301.,5,2,7
WBGene00005302.,3,0,3
WBGene00005303.,3,7,10
WBGene00005304.,1,3,4
WBGene00005305.,8,75,83
WBGene00005306.,3,23,26
WBGene00005307.,8,8,16
WBGene00005308.,2,3,5
WBGene00005309.,0,2,2
WBGene00005310.,6,13,19
WBGene00005311.,26,19,45
WBGene00005312.,8,9,17
WBGene00005313.,3,4,7
WBGene00005314.,1,0,1
WBGene00005315.,1,11,12
WBGene00005316.,11,1,12
WBGene00005317.,0,12,12
WBGene00005318.,6,5,11
WBGene00005319.,2,11,13
WBGene00005320.,0,10,10
WBGene00005321.,1,3,4
WBGene00005322.,0,1,1
WBGene00005323.,4,4,8
WBGene00005324.,85,13,98
WBGene00005325.,0,9,9
WBGene00005326.,0,14,14
WBGene00005327.,0,20,20
WBGene00005328.,0,4,4
WBGene00005329.,0,5,5
WBGene00005330.,0,1,1
WBGene00005331.,1,2,3
WBGene00005332.,4,9,13
WBGene00005333.,3,9,12
WBGene00005334.,1,7,8
WBGene00005335.,3,2,5
WBGene00005336.,3,5,8
WBGene00005337.,6,7,13
WBGene00005338.,0,6,6
WBGene00005339.,2,5,7
WBGene00005340.,0,0,0
WBGene00005341.,1,7,8
WBGene00005342.,2,71,73
WBGene00005343.,14,51,65
WBGene00005344.,17,30,47
WBGene00005345.,15,47,62
WBGene00005346.,3,67,70
WBGene00005347.,5,94,99
WBGene00005348.,0,6,6
WBGene00005349.,0,2,2
WBGene00005350.,3,7,10
WBGene00005351.,10,10,20
WBGene00005352.,4,2,6
WBGene00005353.,2,26,28
WBGene00005354.,2,27,29
WBGene00005355.,2,2,4
WBGene00005356.,0,4,4
WBGene00005357.,3,6,9
WBGene00005358.,1,0,1
WBGene00005359.,3,20,23
WBGene00005360.,0,8,8
WBGene00005361.,1,1,2
WBGene00005362.,5,37,42
WBGene00005363.,5,20,25
WBGene00005364.,3,20,23
WBGene00005365.,0,9,9
WBGene00005366.,0,38,38
WBGene00005367.,0,3,3
WBGene00005368.,0,2,2
WBGene00005369.,0,1,1
WBGene00005370.,4,15,19
WBGene00005371.,12,26,38
WBGene00005372.,2,2,4
WBGene00005373.,0,2,2
WBGene00005374.,0,3,3
WBGene00005375.,0,13,13
WBGene00005376.,0,2,2
WBGene00005377.,0,5,5
WBGene00005378.,5,3,8
WBGene00005379.,0,8,8
WBGene00005380.,11,32,43
WBGene00005381.,1,5,6
WBGene00005382.,2,7,9
WBGene00005383.,10,65,75
WBGene00005384.,0,12,12
WBGene00005385.,4,4,8
WBGene00005386.,12,23,35
WBGene00005387.,19,13,32
WBGene00005388.,3,3,6
WBGene00005389.,3,16,19
WBGene00005390.,0,3,3
WBGene00005391.,0,0,0
WBGene00005392.,1,0,1
WBGene00005393.,1,40,41
WBGene00005394.,0,0,0
WBGene00005395.,1,3,4
WBGene00005396.,10,9,19
WBGene00005397.,1,11,12
WBGene00005398.,21,0,21
WBGene00005399.,4,13,17
WBGene00005400.,0,13,13
WBGene00005401.,1,16,17
WBGene00005402.,0,10,10
WBGene00005403.,4,38,42
WBGene00005404.,0,10,10
WBGene00005405.,17,19,36
WBGene00005406.,1,31,32
WBGene00005407.,3,13,16
WBGene00005408.,0,6,6
WBGene00005409.,0,16,16
WBGene00005410.,7,26,33
WBGene00005411.,0,12,12
WBGene00005412.,7,10,17
WBGene00005413.,5,17,22
WBGene00005414.,2,0,2
WBGene00005415.,4,23,27
WBGene00005416.,1,4,5
WBGene00005417.,0,62,62
WBGene00005418.,1,19,20
WBGene00005419.,1,17,18
WBGene00005420.,14,49,63
WBGene00005421.,15,13,28
WBGene00005422.,3,30,33
WBGene00005423.,7,8,15
WBGene00005424.,1,11,12
WBGene00005425.,1,6,7
WBGene00005426.,5,10,15
WBGene00005427.,2,39,41
WBGene00005428.,1,3,4
WBGene00005429.,10,1,11
WBGene00005430.,3,10,13
WBGene00005431.,12,27,39
WBGene00005432.,2,11,13
WBGene00005433.,3,7,10
WBGene00005434.,19,5,24
WBGene00005435.,0,0,0
WBGene00005436.,0,0,0
WBGene00005437.,1,17,18
WBGene00005438.,20,156,176
WBGene00005439.,0,1,1
WBGene00005440.,6,2,8
WBGene00005441.,0,7,7
WBGene00005442.,2,2,4
WBGene00005443.,2,1,3
WBGene00005444.,9,157,166
WBGene00005445.,33,5,38
WBGene00005446.,0,4,4
WBGene00005447.,4,17,21
WBGene00005448.,4,6,10
WBGene00005449.,5,5,10
WBGene00005450.,0,9,9
WBGene00005451.,1,1,2
WBGene00005452.,0,2,2
WBGene00005453.,0,3,3
WBGene00005454.,0,1,1
WBGene00005455.,0,1,1
WBGene00005456.,1,2,3
WBGene00005457.,0,0,0
WBGene00005458.,1,1,2
WBGene00005459.,0,1,1
WBGene00005460.,7,4,11
WBGene00005461.,3,2,5
WBGene00005462.,2,2,4
WBGene00005463.,40,3,43
WBGene00005464.,3,2,5
WBGene00005465.,1,0,1
WBGene00005466.,0,3,3
WBGene00005467.,6,1,7
WBGene00005468.,5,6,11
WBGene00005469.,2,9,11
WBGene00005470.,0,3,3
WBGene00005471.,2,2,4
WBGene00005472.,0,15,15
WBGene00005473.,5,26,31
WBGene00005474.,11,17,28
WBGene00005475.,19,4,23
WBGene00005476.,0,11,11
WBGene00005477.,2,59,61
WBGene00005478.,3,1,4
WBGene00005479.,0,0,0
WBGene00005480.,1,13,14
WBGene00005481.,5,31,36
WBGene00005482.,1,15,16
WBGene00005483.,0,5,5
WBGene00005484.,0,43,43
WBGene00005485.,28,33,61
WBGene00005486.,2,5,7
WBGene00005487.,1,6,7
WBGene00005488.,3,22,25
WBGene00005489.,12,2,14
WBGene00005490.,9,5,14
WBGene00005491.,0,4,4
WBGene00005492.,0,1,1
WBGene00005493.,2,0,2
WBGene00005494.,5,4,9
WBGene00005495.,3,0,3
WBGene00005496.,0,0,0
WBGene00005497.,1,1,2
WBGene00005498.,0,3,3
WBGene00005499.,2,0,2
WBGene00005500.,9,4,13
WBGene00005501.,4,2,6
WBGene00005502.,5,4,9
WBGene00005503.,0,1,1
WBGene00005504.,1,3,4
WBGene00005505.,22,0,22
WBGene00005506.,14,7,21
WBGene00005507.,4,3,7
WBGene00005508.,1,4,5
WBGene00005509.,0,0,0
WBGene00005510.,0,0,0
WBGene00005511.,4,35,39
WBGene00005512.,1,2,3
WBGene00005513.,1,31,32
WBGene00005514.,6,115,121
WBGene00005515.,3,14,17
WBGene00005516.,1,14,15
WBGene00005517.,9,30,39
WBGene00005518.,27,38,65
WBGene00005519.,5,16,21
WBGene00005520.,0,5,5
WBGene00005521.,2,1,3
WBGene00005522.,11,6,17
WBGene00005523.,15,982,997
WBGene00005524.,6,4,10
WBGene00005525.,0,0,0
WBGene00005526.,0,0,0
WBGene00005527.,14,5,19
WBGene00005528.,6,26,32
WBGene00005529.,31,18,49
WBGene00005530.,74,75,149
WBGene00005531.,56,84,140
WBGene00005532.,10,58,68
WBGene00005533.,5,46,51
WBGene00005534.,7,60,67
WBGene00005535.,7,14,21
WBGene00005536.,1,3,4
WBGene00005537.,3,8,11
WBGene00005538.,5,17,22
WBGene00005539.,5,5,10
WBGene00005540.,5,13,18
WBGene00005541.,2,7,9
WBGene00005542.,15,50,65
WBGene00005543.,9,19,28
WBGene00005544.,1,11,12
WBGene00005545.,2,2,4
WBGene00005546.,0,1,1
WBGene00005547.,2,18,20
WBGene00005548.,25,23,48
WBGene00005549.,3,2,5
WBGene00005550.,8,11,19
WBGene00005551.,8,15,23
WBGene00005552.,36,107,143
WBGene00005553.,4,3,7
WBGene00005554.,9,1,10
WBGene00005555.,0,6,6
WBGene00005556.,8,1,9
WBGene00005557.,18,70,88
WBGene00005558.,7,47,54
WBGene00005559.,7,47,54
WBGene00005560.,10,52,62
WBGene00005561.,4,4,8
WBGene00005562.,2,2,4
WBGene00005563.,1,3,4
WBGene00005564.,1,0,1
WBGene00005565.,5,4,9
WBGene00005566.,6,1,7
WBGene00005567.,0,0,0
WBGene00005568.,50,46,96
WBGene00005569.,11,26,37
WBGene00005570.,2,1,3
WBGene00005571.,0,0,0
WBGene00005572.,1,7,8
WBGene00005573.,3,4,7
WBGene00005574.,14,41,55
WBGene00005575.,4,8,12
WBGene00005576.,2,1,3
WBGene00005577.,11,23,34
WBGene00005578.,1,3,4
WBGene00005579.,16,1,17
WBGene00005580.,3,1,4
WBGene00005581.,0,0,0
WBGene00005582.,3,12,15
WBGene00005583.,0,0,0
WBGene00005584.,3,4,7
WBGene00005585.,10,26,36
WBGene00005586.,22,46,68
WBGene00005587.,6,1,7
WBGene00005588.,5,12,17
WBGene00005589.,31,4,35
WBGene00005590.,5,14,19
WBGene00005591.,18,25,43
WBGene00005592.,2,2,4
WBGene00005593.,2,2,4
WBGene00005594.,1,4,5
WBGene00005595.,10,1,11
WBGene00005596.,3,1,4
WBGene00005597.,1,10,11
WBGene00005598.,2,1,3
WBGene00005599.,1,5,6
WBGene00005600.,2,1,3
WBGene00005601.,0,1,1
WBGene00005602.,21,434,455
WBGene00005603.,3,10,13
WBGene00005604.,16,4,20
WBGene00005605.,7,8,15
WBGene00005606.,24,71,95
WBGene00005607.,39,36,75
WBGene00005608.,5,4,9
WBGene00005609.,6,37,43
WBGene00005610.,5,17,22
WBGene00005611.,23,42,65
WBGene00005612.,24,1,25
WBGene00005613.,46,5,51
WBGene00005614.,4,2,6
WBGene00005615.,0,6,6
WBGene00005616.,3,12,15
WBGene00005617.,3,2,5
WBGene00005618.,3,1,4
WBGene00005619.,0,7,7
WBGene00005620.,419,34,453
WBGene00005621.,4,0,4
WBGene00005622.,3,3,6
WBGene00005623.,3,0,3
WBGene00005624.,6,2,8
WBGene00005625.,2,1,3
WBGene00005626.,1,0,1
WBGene00005627.,0,1,1
WBGene00005628.,3,1,4
WBGene00005629.,3,0,3
WBGene00005630.,2,5,7
WBGene00005631.,1,0,1
WBGene00005632.,1,0,1
WBGene00005633.,0,0,0
WBGene00005634.,2,0,2
WBGene00005635.,2,1,3
WBGene00005638.,4,116,120
WBGene00005639.,0,1,1
WBGene00005640.,14,40,54
WBGene00005641.,78,215,293
WBGene00005642.,14,94,108
WBGene00005643.,4,109,113
WBGene00005644.,124,1032,1156
WBGene00005646.,4,20,24
WBGene00005647.,136,2262,2398
WBGene00005648.,495,4343,4838
WBGene00005649.,59,188,247
WBGene00005650.,0,5,5
WBGene00005651.,0,1,1
WBGene00005652.,86,728,814
WBGene00005653.,34,687,721
WBGene00005654.,57,955,1012
WBGene00005655.,448,4543,4991
WBGene00005656.,25,65,90
WBGene00005657.,58,2366,2424
WBGene00005658.,0,0,0
WBGene00005659.,2,30,32
WBGene00005660.,13,52,65
WBGene00005661.,6,81,87
WBGene00005662.,161,2152,2313
WBGene00005663.,1381,14633,16014
WBGene00005664.,6,100,106
WBGene00005665.,2,41,43
WBGene00005666.,3,11,14
WBGene00005667.,1,16,17
WBGene00005668.,4,73,77
WBGene00005669.,2,10,12
WBGene00005670.,14,61,75
WBGene00005671.,5,34,39
WBGene00005672.,3,0,3
WBGene00005673.,1,1,2
WBGene00005674.,4,2,6
WBGene00005675.,4,8,12
WBGene00005676.,4,38,42
WBGene00005677.,10,45,55
WBGene00005678.,3,8,11
WBGene00005679.,8,1,9
WBGene00005680.,3,2,5
WBGene00005681.,0,3,3
WBGene00005682.,7,10,17
WBGene00005683.,2,26,28
WBGene00005684.,12,6,18
WBGene00005685.,8,28,36
WBGene00005686.,6,37,43
WBGene00005687.,25,60,85
WBGene00005688.,2,9,11
WBGene00005689.,13,36,49
WBGene00005690.,3,31,34
WBGene00005691.,3,29,32
WBGene00005692.,2,42,44
WBGene00005693.,0,2,2
WBGene00005694.,4,2,6
WBGene00005695.,0,11,11
WBGene00005696.,5,32,37
WBGene00005697.,0,3,3
WBGene00005698.,5,0,5
WBGene00005699.,1,6,7
WBGene00005700.,0,9,9
WBGene00005701.,1,14,15
WBGene00005702.,5,97,102
WBGene00005703.,32,581,613
WBGene00005704.,7,12,19
WBGene00005705.,3,13,16
WBGene00005706.,0,3,3
WBGene00005707.,3,3,6
WBGene00005708.,0,1,1
WBGene00005709.,20,20,40
WBGene00005710.,21,52,73
WBGene00005711.,0,3,3
WBGene00005712.,254,1469,1723
WBGene00005713.,3,71,74
WBGene00005714.,8,8,16
WBGene00005715.,71,36,107
WBGene00005716.,14,55,69
WBGene00005717.,12,199,211
WBGene00005718.,68,293,361
WBGene00005719.,71,111,182
WBGene00005720.,11,13,24
WBGene00005721.,23,10,33
WBGene00005722.,14,4,18
WBGene00005723.,5,2,7
WBGene00005724.,31,37,68
WBGene00005725.,12,71,83
WBGene00005726.,47,81,128
WBGene00005727.,6,25,31
WBGene00005728.,4,0,4
WBGene00005729.,0,0,0
WBGene00005730.,5,1,6
WBGene00005731.,1,0,1
WBGene00005732.,0,2,2
WBGene00005733.,0,0,0
WBGene00005734.,8,1,9
WBGene00005735.,16,50,66
WBGene00005736.,10,15,25
WBGene00005737.,7,8,15
WBGene00005738.,7,23,30
WBGene00005739.,61,65,126
WBGene00005740.,0,1,1
WBGene00005741.,2,2,4
WBGene00005742.,11,11,22
WBGene00005743.,19,51,70
WBGene00005744.,1,8,9
WBGene00005745.,11,31,42
WBGene00005746.,0,2,2
WBGene00005747.,58,2,60
WBGene00005748.,12,25,37
WBGene00005749.,2,0,2
WBGene00005750.,3,2,5
WBGene00005751.,2,3,5
WBGene00005752.,14,73,87
WBGene00005753.,6,20,26
WBGene00005754.,4,36,40
WBGene00005755.,5,25,30
WBGene00005756.,6,14,20
WBGene00005757.,7,57,64
WBGene00005758.,2,42,44
WBGene00005759.,6,190,196
WBGene00005760.,1,1,2
WBGene00005761.,0,0,0
WBGene00005762.,0,3,3
WBGene00005763.,8,13,21
WBGene00005764.,2,44,46
WBGene00005765.,0,1,1
WBGene00005766.,5,19,24
WBGene00005767.,1,1,2
WBGene00005768.,2,1,3
WBGene00005769.,0,1,1
WBGene00005770.,0,1,1
WBGene00005771.,1,4,5
WBGene00005772.,52,61,113
WBGene00005773.,0,0,0
WBGene00005774.,0,1,1
WBGene00005775.,0,1,1
WBGene00005776.,0,1,1
WBGene00005777.,0,0,0
WBGene00005778.,3,1,4
WBGene00005779.,0,0,0
WBGene00005780.,3,4,7
WBGene00005781.,0,2,2
WBGene00005782.,2,5,7
WBGene00005783.,1,1,2
WBGene00005784.,4,2,6
WBGene00005785.,2,2,4
WBGene00005786.,9,2,11
WBGene00005787.,5,1,6
WBGene00005788.,5,2,7
WBGene00005789.,1,8,9
WBGene00005790.,0,1,1
WBGene00005791.,1,1,2
WBGene00005792.,128,0,128
WBGene00005793.,0,2,2
WBGene00005794.,0,4,4
WBGene00005795.,2,0,2
WBGene00005796.,2,1,3
WBGene00005797.,0,1,1
WBGene00005798.,0,1,1
WBGene00005799.,0,2,2
WBGene00005800.,1,1,2
WBGene00005801.,0,4,4
WBGene00005802.,1,6,7
WBGene00005803.,1,1,2
WBGene00005804.,0,0,0
WBGene00005805.,0,1,1
WBGene00005806.,2,0,2
WBGene00005807.,5,10,15
WBGene00005808.,1,8,9
WBGene00005809.,1,3,4
WBGene00005810.,5,14,19
WBGene00005811.,24,34,58
WBGene00005812.,2,2,4
WBGene00005813.,4,3,7
WBGene00005814.,3,3,6
WBGene00005815.,285,150,435
WBGene00005816.,237,249,486
WBGene00005817.,2,2,4
WBGene00005818.,184,879,1063
WBGene00005819.,1,1,2
WBGene00005820.,11,6,17
WBGene00005821.,0,1,1
WBGene00005822.,0,2,2
WBGene00005823.,3,0,3
WBGene00005824.,2,2,4
WBGene00005825.,20,47,67
WBGene00005826.,1,5,6
WBGene00005827.,2,46,48
WBGene00005828.,9,1,10
WBGene00005829.,7,7,14
WBGene00005830.,3,8,11
WBGene00005831.,6,6,12
WBGene00005832.,125,1824,1949
WBGene00005833.,19,683,702
WBGene00005834.,4,50,54
WBGene00005835.,1,5,6
WBGene00005836.,7,17,24
WBGene00005837.,1,21,22
WBGene00005838.,6,27,33
WBGene00005839.,1,5,6
WBGene00005840.,5,27,32
WBGene00005841.,10,18,28
WBGene00005842.,8,3,11
WBGene00005843.,9,7,16
WBGene00005844.,2,2,4
WBGene00005845.,10,14,24
WBGene00005846.,3,8,11
WBGene00005847.,3,3,6
WBGene00005848.,16,7,23
WBGene00005849.,5,18,23
WBGene00005850.,5,35,40
WBGene00005851.,7,1,8
WBGene00005852.,3,5,8
WBGene00005853.,5,5,10
WBGene00005854.,3,3,6
WBGene00005855.,1,8,9
WBGene00005856.,6,1,7
WBGene00005857.,2,0,2
WBGene00005858.,10,0,10
WBGene00005859.,3,7,10
WBGene00005860.,1,0,1
WBGene00005861.,0,0,0
WBGene00005862.,1,3,4
WBGene00005863.,1,1,2
WBGene00005864.,1,0,1
WBGene00005865.,2,0,2
WBGene00005866.,0,0,0
WBGene00005867.,0,1,1
WBGene00005868.,2,4,6
WBGene00005869.,2,1,3
WBGene00005870.,0,0,0
WBGene00005871.,2,1,3
WBGene00005872.,0,3,3
WBGene00005873.,1,1,2
WBGene00005874.,3,2,5
WBGene00005875.,0,1,1
WBGene00005876.,4,3,7
WBGene00005877.,2,2,4
WBGene00005878.,7,8,15
WBGene00005879.,5,4,9
WBGene00005880.,2,1,3
WBGene00005881.,2,2,4
WBGene00005882.,0,5,5
WBGene00005883.,3,12,15
WBGene00005884.,0,0,0
WBGene00005885.,0,1,1
WBGene00005886.,6,19,25
WBGene00005887.,2,1,3
WBGene00005888.,6,10,16
WBGene00005889.,1,0,1
WBGene00005890.,2,2,4
WBGene00005891.,3,2,5
WBGene00005892.,4,35,39
WBGene00005893.,41,274,315
WBGene00005894.,0,4,4
WBGene00005895.,4,5,9
WBGene00005896.,2,4,6
WBGene00005897.,2,2,4
WBGene00005898.,17,21,38
WBGene00005899.,0,0,0
WBGene00005900.,19,11,30
WBGene00005901.,1,4,5
WBGene00005902.,5,7,12
WBGene00005903.,25,64,89
WBGene00005904.,34,12,46
WBGene00005905.,1,6,7
WBGene00005906.,9,45,54
WBGene00005907.,2,7,9
WBGene00005908.,8,15,23
WBGene00005909.,22,20,42
WBGene00005910.,33,211,244
WBGene00005911.,0,2,2
WBGene00005912.,3,3,6
WBGene00005913.,5,5,10
WBGene00005914.,1,17,18
WBGene00005915.,4,1,5
WBGene00005916.,3,0,3
WBGene00005917.,1,1,2
WBGene00005918.,1,0,1
WBGene00005919.,2,0,2
WBGene00005920.,3,2,5
WBGene00005921.,6,0,6
WBGene00005922.,0,1,1
WBGene00005923.,0,0,0
WBGene00005924.,2,2,4
WBGene00005925.,2,21,23
WBGene00005926.,19,35,54
WBGene00005927.,18,10,28
WBGene00005928.,2,0,2
WBGene00005929.,23,107,130
WBGene00005930.,0,1,1
WBGene00005931.,24,74,98
WBGene00005932.,64,41,105
WBGene00005933.,1,3,4
WBGene00005934.,2,48,50
WBGene00005935.,13,28,41
WBGene00005936.,91,633,724
WBGene00005937.,8,57,65
WBGene00005938.,34,134,168
WBGene00005939.,2,3,5
WBGene00005940.,7,7,14
WBGene00005941.,7,20,27
WBGene00005942.,1,1,2
WBGene00005943.,0,0,0
WBGene00005944.,0,0,0
WBGene00005945.,8,1,9
WBGene00005946.,1,4,5
WBGene00005947.,24,239,263
WBGene00005948.,5,0,5
WBGene00005949.,9,88,97
WBGene00005950.,1,6,7
WBGene00005951.,0,2,2
WBGene00005952.,5,3,8
WBGene00005953.,5,6,11
WBGene00005954.,2,0,2
WBGene00005955.,2,28,30
WBGene00005956.,1,0,1
WBGene00005957.,1,1,2
WBGene00005958.,20,52,72
WBGene00005959.,22,383,405
WBGene00005960.,8,0,8
WBGene00005961.,1,1,2
WBGene00005962.,6,14,20
WBGene00005963.,7,12,19
WBGene00005964.,20,80,100
WBGene00005965.,100,14,114
WBGene00005966.,8,3,11
WBGene00005967.,53,134,187
WBGene00005968.,2,8,10
WBGene00005969.,14,9,23
WBGene00005970.,15,15,30
WBGene00005971.,4,56,60
WBGene00005972.,14,58,72
WBGene00005973.,40,15,55
WBGene00005974.,9,12,21
WBGene00005975.,78,176,254
WBGene00005976.,8,37,45
WBGene00005977.,16,82,98
WBGene00005978.,0,3,3
WBGene00005979.,13,8,21
WBGene00005980.,11,15,26
WBGene00005981.,4,7,11
WBGene00005982.,79,42,121
WBGene00005983.,3,2,5
WBGene00005984.,0,1,1
WBGene00005985.,3,1,4
WBGene00005986.,5,13,18
WBGene00005987.,11,15,26
WBGene00005988.,11,47,58
WBGene00005989.,3,4,7
WBGene00005990.,2,1,3
WBGene00005991.,2,1,3
WBGene00005992.,2,0,2
WBGene00005993.,2,1,3
WBGene00005994.,143,1,144
WBGene00005995.,4,9,13
WBGene00005996.,3,36,39
WBGene00005997.,1,1,2
WBGene00005998.,4,11,15
WBGene00005999.,3,30,33
WBGene00006000.,2,13,15
WBGene00006001.,4,8,12
WBGene00006002.,23,159,182
WBGene00006003.,2,14,16
WBGene00006004.,7,15,22
WBGene00006005.,8,54,62
WBGene00006006.,11,69,80
WBGene00006007.,4,6,10
WBGene00006008.,11,50,61
WBGene00006009.,10,11,21
WBGene00006010.,3,13,16
WBGene00006011.,2,3,5
WBGene00006012.,6,24,30
WBGene00006013.,2,1,3
WBGene00006014.,15,29,44
WBGene00006015.,35,9,44
WBGene00006016.,12,79,91
WBGene00006017.,0,9,9
WBGene00006018.,3,1,4
WBGene00006019.,9,67,76
WBGene00006020.,9,60,69
WBGene00006021.,1,11,12
WBGene00006022.,0,2,2
WBGene00006023.,0,10,10
WBGene00006024.,0,10,10
WBGene00006025.,4,25,29
WBGene00006026.,21,92,113
WBGene00006027.,4,25,29
WBGene00006028.,12,59,71
WBGene00006029.,2,0,2
WBGene00006038.,0,0,0
WBGene00006039.,0,7,7
WBGene00006040.,0,0,0
WBGene00006044.,0,12,12
WBGene00006047.,0,0,0
WBGene00006048.,0,0,0
WBGene00006049.,0,0,0
WBGene00006050.,25,404,429
WBGene00006051.,1,27,28
WBGene00006052.,2,2,4
WBGene00006053.,2,1,3
WBGene00006055.,232,1532,1764
WBGene00006056.,2,6,8
WBGene00006057.,0,0,0
WBGene00006058.,2,5,7
WBGene00006059.,224,2988,3212
WBGene00006060.,0,3,3
WBGene00006061.,69,4020,4089
WBGene00006062.,523,2788,3311
WBGene00006063.,28,904,932
WBGene00006064.,234,637,871
WBGene00006065.,12,59,71
WBGene00006066.,102,2965,3067
WBGene00006067.,457,2769,3226
WBGene00006068.,79,608,687
WBGene00006069.,4,23,27
WBGene00006070.,0,1,1
WBGene00006071.,15,10,25
WBGene00006072.,2,18,20
WBGene00006073.,0,1,1
WBGene00006074.,0,0,0
WBGene00006075.,10,173,183
WBGene00006076.,0,7,7
WBGene00006077.,6,28,34
WBGene00006078.,1,2,3
WBGene00006079.,1,1,2
WBGene00006080.,13,18,31
WBGene00006081.,0,1,1
WBGene00006082.,7,0,7
WBGene00006083.,7,4,11
WBGene00006084.,13,0,13
WBGene00006085.,3,26,29
WBGene00006086.,4,51,55
WBGene00006087.,0,2,2
WBGene00006088.,1,5,6
WBGene00006089.,2,0,2
WBGene00006090.,0,1,1
WBGene00006091.,0,1,1
WBGene00006092.,0,3,3
WBGene00006093.,1,15,16
WBGene00006094.,0,0,0
WBGene00006095.,4,28,32
WBGene00006096.,7,5,12
WBGene00006097.,1,14,15
WBGene00006098.,13,10,23
WBGene00006099.,6,1,7
WBGene00006100.,1,0,1
WBGene00006101.,1,2,3
WBGene00006102.,1,8,9
WBGene00006103.,6,27,33
WBGene00006104.,2,10,12
WBGene00006105.,0,1,1
WBGene00006106.,1,2,3
WBGene00006107.,0,1,1
WBGene00006108.,5,1,6
WBGene00006109.,3,24,27
WBGene00006110.,5,8,13
WBGene00006111.,0,2,2
WBGene00006112.,2,11,13
WBGene00006113.,9,91,100
WBGene00006114.,57,25,82
WBGene00006115.,208,2,210
WBGene00006116.,1,2,3
WBGene00006117.,2,1,3
WBGene00006118.,2,1,3
WBGene00006119.,1,1,2
WBGene00006120.,2,0,2
WBGene00006121.,3,6,9
WBGene00006122.,2,24,26
WBGene00006123.,1,4,5
WBGene00006124.,1,7,8
WBGene00006125.,4,2,6
WBGene00006126.,2,1,3
WBGene00006127.,1,4,5
WBGene00006128.,0,0,0
WBGene00006129.,11,1,12
WBGene00006130.,13,12,25
WBGene00006131.,0,1,1
WBGene00006132.,1,6,7
WBGene00006133.,2,1,3
WBGene00006134.,2,5,7
WBGene00006135.,6,19,25
WBGene00006136.,0,0,0
WBGene00006137.,1,2,3
WBGene00006138.,7,17,24
WBGene00006139.,8,27,35
WBGene00006140.,86,11,97
WBGene00006141.,2,3,5
WBGene00006142.,5,3,8
WBGene00006143.,9,85,94
WBGene00006144.,2,1,3
WBGene00006145.,1,1,2
WBGene00006146.,1,8,9
WBGene00006147.,2,6,8
WBGene00006148.,2,9,11
WBGene00006149.,5,21,26
WBGene00006150.,1,12,13
WBGene00006151.,2,9,11
WBGene00006152.,10,29,39
WBGene00006153.,2,12,14
WBGene00006154.,9,56,65
WBGene00006155.,0,1,1
WBGene00006156.,0,0,0
WBGene00006157.,5,18,23
WBGene00006158.,0,5,5
WBGene00006159.,3,0,3
WBGene00006160.,0,1,1
WBGene00006161.,2,9,11
WBGene00006162.,14,28,42
WBGene00006163.,90,150,240
WBGene00006164.,7,11,18
WBGene00006165.,4,25,29
WBGene00006166.,2,1,3
WBGene00006167.,7,55,62
WBGene00006168.,1,0,1
WBGene00006169.,39,13,52
WBGene00006170.,0,0,0
WBGene00006171.,0,0,0
WBGene00006172.,23,13,36
WBGene00006173.,2,1,3
WBGene00006174.,2,0,2
WBGene00006175.,2,2,4
WBGene00006176.,2,65,67
WBGene00006177.,1,5,6
WBGene00006178.,0,3,3
WBGene00006179.,0,45,45
WBGene00006180.,4,104,108
WBGene00006181.,3,4,7
WBGene00006182.,3,22,25
WBGene00006183.,2,20,22
WBGene00006184.,3,1,4
WBGene00006185.,3,1,4
WBGene00006186.,4,4,8
WBGene00006187.,4,9,13
WBGene00006188.,10,3,13
WBGene00006189.,12,18,30
WBGene00006190.,4,2,6
WBGene00006191.,45,161,206
WBGene00006192.,3,1,4
WBGene00006193.,11,19,30
WBGene00006194.,3,3,6
WBGene00006195.,12,102,114
WBGene00006196.,6,2,8
WBGene00006197.,2,0,2
WBGene00006198.,17,40,57
WBGene00006199.,14,22,36
WBGene00006200.,0,0,0
WBGene00006201.,21,56,77
WBGene00006202.,9,20,29
WBGene00006203.,10,5,15
WBGene00006204.,1,2,3
WBGene00006205.,14,21,35
WBGene00006206.,2,1,3
WBGene00006207.,27,55,82
WBGene00006208.,22,36,58
WBGene00006209.,11,21,32
WBGene00006210.,15,15,30
WBGene00006211.,20,44,64
WBGene00006212.,19,70,89
WBGene00006213.,5,35,40
WBGene00006214.,28,4,32
WBGene00006215.,1,6,7
WBGene00006216.,6,2,8
WBGene00006217.,5,14,19
WBGene00006218.,22,30,52
WBGene00006219.,2,6,8
WBGene00006220.,47,275,322
WBGene00006221.,3,4,7
WBGene00006222.,4,3,7
WBGene00006223.,3,3,6
WBGene00006224.,8,17,25
WBGene00006225.,9,3,12
WBGene00006226.,6,24,30
WBGene00006227.,3,1,4
WBGene00006228.,5,6,11
WBGene00006229.,1,16,17
WBGene00006230.,3,2,5
WBGene00006231.,4,4,8
WBGene00006232.,2,1,3
WBGene00006233.,8,20,28
WBGene00006234.,4,9,13
WBGene00006235.,0,3,3
WBGene00006236.,1,0,1
WBGene00006237.,10,97,107
WBGene00006238.,1,1,2
WBGene00006239.,10,21,31
WBGene00006240.,0,0,0
WBGene00006241.,3,2,5
WBGene00006242.,3,3,6
WBGene00006243.,18,4,22
WBGene00006244.,0,9,9
WBGene00006245.,0,0,0
WBGene00006246.,3,2,5
WBGene00006247.,1,5,6
WBGene00006248.,1,1,2
WBGene00006249.,2,3,5
WBGene00006250.,2,6,8
WBGene00006251.,4,9,13
WBGene00006252.,2,4,6
WBGene00006253.,9,2,11
WBGene00006254.,2,4,6
WBGene00006255.,21,7,28
WBGene00006256.,3,3,6
WBGene00006257.,0,0,0
WBGene00006258.,2,18,20
WBGene00006259.,3,3,6
WBGene00006260.,5,5,10
WBGene00006261.,3,5,8
WBGene00006262.,2,5,7
WBGene00006263.,2,10,12
WBGene00006264.,6,4,10
WBGene00006265.,1,0,1
WBGene00006266.,365,2,367
WBGene00006267.,2,1,3
WBGene00006268.,1,17,18
WBGene00006269.,0,4,4
WBGene00006270.,4,3,7
WBGene00006271.,4,9,13
WBGene00006272.,8,89,97
WBGene00006273.,3,5,8
WBGene00006274.,0,0,0
WBGene00006275.,3,3,6
WBGene00006276.,2,6,8
WBGene00006277.,3,1,4
WBGene00006278.,10,12,22
WBGene00006279.,13,42,55
WBGene00006280.,10,13,23
WBGene00006281.,14,2,16
WBGene00006282.,0,2,2
WBGene00006283.,0,0,0
WBGene00006284.,0,0,0
WBGene00006285.,7,40,47
WBGene00006286.,13,15,28
WBGene00006287.,15,45,60
WBGene00006288.,19,21,40
WBGene00006289.,1,2,3
WBGene00006306.,747,3338,4085
WBGene00006307.,132,4020,4152
WBGene00006308.,38,278,316
WBGene00006309.,61,1426,1487
WBGene00006310.,147,216,363
WBGene00006311.,21,293,314
WBGene00006314.,0,0,0
WBGene00006315.,0,0,0
WBGene00006316.,0,0,0
WBGene00006318.,160,1617,1777
WBGene00006319.,41,757,798
WBGene00006321.,202,5915,6117
WBGene00006324.,40,1655,1695
WBGene00006327.,0,0,0
WBGene00006330.,0,0,0
WBGene00006331.,341,15062,15403
WBGene00006333.,0,0,0
WBGene00006334.,0,0,0
WBGene00006338.,0,0,0
WBGene00006342.,512,6910,7422
WBGene00006344.,0,0,0
WBGene00006349.,342,1731,2073
WBGene00006351.,98,5162,5260
WBGene00006352.,165,4578,4743
WBGene00006353.,65,1638,1703
WBGene00006359.,91,3127,3218
WBGene00006363.,320,793,1113
WBGene00006364.,384,2279,2663
WBGene00006365.,97,1061,1158
WBGene00006366.,96,3661,3757
WBGene00006367.,0,0,0
WBGene00006368.,231,954,1185
WBGene00006369.,83,2258,2341
WBGene00006371.,111,238,349
WBGene00006372.,197,2609,2806
WBGene00006373.,157,3227,3384
WBGene00006374.,16,179,195
WBGene00006375.,10,495,505
WBGene00006376.,13,512,525
WBGene00006377.,99,1339,1438
WBGene00006379.,100,1338,1438
WBGene00006380.,58,956,1014
WBGene00006381.,90,4727,4817
WBGene00006382.,1001,4639,5640
WBGene00006383.,160,589,749
WBGene00006384.,365,2151,2516
WBGene00006385.,1162,2283,3445
WBGene00006386.,260,1646,1906
WBGene00006387.,34,554,588
WBGene00006388.,54,464,518
WBGene00006389.,29,723,752
WBGene00006390.,93,985,1078
WBGene00006391.,68,724,792
WBGene00006392.,220,2772,2992
WBGene00006393.,24,857,881
WBGene00006394.,28,256,284
WBGene00006395.,32,251,283
WBGene00006396.,546,2216,2762
WBGene00006397.,35,1120,1155
WBGene00006399.,41,10,51
WBGene00006402.,92,1165,1257
WBGene00006404.,1844,21301,23145
WBGene00006405.,532,4220,4752
WBGene00006406.,256,4119,4375
WBGene00006407.,1929,7493,9422
WBGene00006408.,1471,21573,23044
WBGene00006409.,4,12,16
WBGene00006410.,218,3043,3261
WBGene00006411.,8,167,175
WBGene00006412.,281,1939,2220
WBGene00006414.,16,2029,2045
WBGene00006415.,378,3413,3791
WBGene00006416.,1,15,16
WBGene00006418.,5,186,191
WBGene00006419.,19,5,24
WBGene00006423.,982,14987,15969
WBGene00006424.,341,1159,1500
WBGene00006428.,174,263,437
WBGene00006429.,49,685,734
WBGene00006430.,111,895,1006
WBGene00006431.,91,1290,1381
WBGene00006432.,161,2305,2466
WBGene00006433.,828,20143,20971
WBGene00006434.,686,61715,62401
WBGene00006435.,30,234,264
WBGene00006436.,4881,138509,143390
WBGene00006437.,274,6828,7102
WBGene00006438.,685,12407,13092
WBGene00006439.,1134,847548,848682
WBGene00006440.,177,744,921
WBGene00006441.,116,701,817
WBGene00006442.,331,3162,3493
WBGene00006443.,27,935,962
WBGene00006444.,66,2005,2071
WBGene00006445.,115,1101,1216
WBGene00006446.,23,588,611
WBGene00006447.,27,1862,1889
WBGene00006448.,39,1042,1081
WBGene00006449.,2,5,7
WBGene00006450.,791,3058,3849
WBGene00006452.,1233,13475,14708
WBGene00006454.,63,653,716
WBGene00006459.,49,902,951
WBGene00006460.,271,8735,9006
WBGene00006461.,24,299,323
WBGene00006462.,432,2547,2979
WBGene00006463.,75,829,904
WBGene00006464.,30,312,342
WBGene00006465.,58,3390,3448
WBGene00006466.,130,617,747
WBGene00006467.,329,2258,2587
WBGene00006468.,110,802,912
WBGene00006470.,103,7579,7682
WBGene00006471.,0,1,1
WBGene00006472.,66,2849,2915
WBGene00006473.,18,1445,1463
WBGene00006474.,43,2460,2503
WBGene00006475.,95,679,774
WBGene00006476.,511,1854,2365
WBGene00006477.,81,287,368
WBGene00006478.,184,2157,2341
WBGene00006479.,268,3516,3784
WBGene00006481.,506,3544,4050
WBGene00006483.,538,3411,3949
WBGene00006484.,5,2,7
WBGene00006486.,51,203,254
WBGene00006487.,28,89,117
WBGene00006488.,0,0,0
WBGene00006489.,85,3555,3640
WBGene00006490.,329,2537,2866
WBGene00006491.,11,1319,1330
WBGene00006492.,118,676,794
WBGene00006493.,253,2993,3246
WBGene00006494.,23,4663,4686
WBGene00006495.,960,4786,5746
WBGene00006496.,727,1876,2603
WBGene00006497.,223,5856,6079
WBGene00006498.,422,3149,3571
WBGene00006499.,141,2349,2490
WBGene00006503.,58,1700,1758
WBGene00006504.,118,2292,2410
WBGene00006505.,207,1279,1486
WBGene00006508.,1603,5897,7500
WBGene00006509.,1,3,4
WBGene00006510.,521,3406,3927
WBGene00006512.,230,10306,10536
WBGene00006513.,560,2429,2989
WBGene00006514.,23,1933,1956
WBGene00006515.,98,6140,6238
WBGene00006516.,59,1345,1404
WBGene00006517.,256,3187,3443
WBGene00006518.,27,6214,6241
WBGene00006519.,5122,61009,66131
WBGene00006520.,0,490,490
WBGene00006522.,69,233,302
WBGene00006523.,131,2465,2596
WBGene00006524.,179,2402,2581
WBGene00006525.,34,354,388
WBGene00006526.,15,134,149
WBGene00006527.,1313,10673,11986
WBGene00006528.,133,41594,41727
WBGene00006529.,2795,45510,48305
WBGene00006530.,79,714,793
WBGene00006531.,46,345,391
WBGene00006532.,59,208,267
WBGene00006533.,259,1687,1946
WBGene00006534.,415,3431,3846
WBGene00006535.,234,1783,2017
WBGene00006536.,19,27135,27154
WBGene00006537.,620,60040,60660
WBGene00006538.,54,1214,1268
WBGene00006539.,5,28,33
WBGene00006540.,25,1546,1571
WBGene00006541.,46,360,406
WBGene00006542.,41,993,1034
WBGene00006543.,265,3214,3479
WBGene00006544.,8,14,22
WBGene00006545.,6,21,27
WBGene00006546.,3,11,14
WBGene00006547.,0,15,15
WBGene00006549.,0,0,0
WBGene00006550.,2,3,5
WBGene00006551.,0,1,1
WBGene00006552.,6,5,11
WBGene00006553.,2,0,2
WBGene00006554.,1,1,2
WBGene00006555.,28,97,125
WBGene00006556.,3,5,8
WBGene00006557.,6,4,10
WBGene00006558.,0,4,4
WBGene00006559.,0,3,3
WBGene00006560.,2,1,3
WBGene00006561.,212,1959,2171
WBGene00006562.,141,1564,1705
WBGene00006563.,531,1569,2100
WBGene00006565.,89,6244,6333
WBGene00006566.,86,1884,1970
WBGene00006567.,28,1707,1735
WBGene00006568.,18,948,966
WBGene00006570.,122,2301,2423
WBGene00006571.,194,1874,2068
WBGene00006572.,503,8739,9242
WBGene00006573.,375,3880,4255
WBGene00006574.,264,17947,18211
WBGene00006575.,1490,4867,6357
WBGene00006576.,76,388,464
WBGene00006577.,271,2475,2746
WBGene00006578.,269,2422,2691
WBGene00006579.,579,6779,7358
WBGene00006580.,182,2243,2425
WBGene00006582.,446,2603,3049
WBGene00006583.,1571,75617,77188
WBGene00006584.,2294,33910,36204
WBGene00006585.,361,21430,21791
WBGene00006586.,896,32791,33687
WBGene00006587.,1250,30636,31886
WBGene00006588.,2865,40025,42890
WBGene00006589.,1540,29983,31523
WBGene00006590.,94,2055,2149
WBGene00006591.,239,508,747
WBGene00006592.,106,1119,1225
WBGene00006593.,796,2230,3026
WBGene00006594.,1297,5321,6618
WBGene00006595.,360,11545,11905
WBGene00006596.,210,438,648
WBGene00006597.,6,267,273
WBGene00006598.,3,68,71
WBGene00006599.,1822,3313,5135
WBGene00006600.,10,335,345
WBGene00006601.,148,20546,20694
WBGene00006602.,491,3327,3818
WBGene00006603.,1553,7959,9512
WBGene00006604.,582,2642,3224
WBGene00006605.,228,1602,1830
WBGene00006606.,114,939,1053
WBGene00006607.,407,4170,4577
WBGene00006608.,141,1924,2065
WBGene00006609.,100,1450,1550
WBGene00006610.,42,337,379
WBGene00006611.,6,157,163
WBGene00006612.,9,49,58
WBGene00006613.,204,6279,6483
WBGene00006614.,253,907,1160
WBGene00006615.,789,1185,1974
WBGene00006616.,73,137,210
WBGene00006617.,244,12054,12298
WBGene00006618.,259,577,836
WBGene00006619.,2,30,32
WBGene00006620.,257,640,897
WBGene00006621.,73,82,155
WBGene00006622.,11,38,49
WBGene00006623.,73,216,289
WBGene00006624.,249,542,791
WBGene00006625.,10,49,59
WBGene00006626.,50,11254,11304
WBGene00006627.,79,1422,1501
WBGene00006628.,40,722,762
WBGene00006629.,51,635,686
WBGene00006630.,4,45,49
WBGene00006631.,1,7,8
WBGene00006632.,291,176,467
WBGene00006633.,460,3640,4100
WBGene00006634.,1133,14515,15648
WBGene00006635.,13,1532,1545
WBGene00006636.,140,1886,2026
WBGene00006637.,43,603,646
WBGene00006638.,39,1151,1190
WBGene00006639.,67,146,213
WBGene00006640.,246,1329,1575
WBGene00006641.,90,2472,2562
WBGene00006642.,117,2905,3022
WBGene00006643.,52,833,885
WBGene00006644.,3,14,17
WBGene00006645.,38,67,105
WBGene00006646.,21,386,407
WBGene00006647.,241,1647,1888
WBGene00006648.,711,1803,2514
WBGene00006649.,176,3358,3534
WBGene00006650.,0,35080,35080
WBGene00006651.,24,4718,4742
WBGene00006652.,374,1234,1608
WBGene00006654.,24,258,282
WBGene00006655.,42,376,418
WBGene00006656.,40,262,302
WBGene00006657.,375,622,997
WBGene00006658.,36,207,243
WBGene00006659.,52,13,65
WBGene00006660.,34,774,808
WBGene00006661.,4,7,11
WBGene00006662.,209,926,1135
WBGene00006663.,599,5680,6279
WBGene00006664.,87,579,666
WBGene00006665.,29,98,127
WBGene00006666.,113,1431,1544
WBGene00006667.,127,932,1059
WBGene00006668.,829,1413,2242
WBGene00006669.,171,494,665
WBGene00006670.,10,46,56
WBGene00006671.,169,844,1013
WBGene00006672.,189,7702,7891
WBGene00006673.,18,93,111
WBGene00006674.,57,183,240
WBGene00006675.,25,434,459
WBGene00006676.,44,221,265
WBGene00006677.,55,791,846
WBGene00006678.,44,333,377
WBGene00006679.,40,290,330
WBGene00006680.,115,607,722
WBGene00006681.,112,1182,1294
WBGene00006682.,144,601,745
WBGene00006683.,587,1949,2536
WBGene00006684.,331,191,522
WBGene00006685.,32,249,281
WBGene00006686.,24,125,149
WBGene00006687.,29,159,188
WBGene00006688.,8,12,20
WBGene00006689.,3,1,4
WBGene00006690.,52,112,164
WBGene00006691.,170,290,460
WBGene00006692.,128,1147,1275
WBGene00006693.,1001,3312,4313
WBGene00006694.,14,60,74
WBGene00006695.,400,131,531
WBGene00006696.,147,899,1046
WBGene00006697.,843,5327,6170
WBGene00006698.,124,8101,8225
WBGene00006699.,149,9614,9763
WBGene00006700.,346,1723,2069
WBGene00006701.,543,1791,2334
WBGene00006702.,353,6559,6912
WBGene00006703.,86,4119,4205
WBGene00006704.,204,7552,7756
WBGene00006705.,99,395,494
WBGene00006706.,72,5052,5124
WBGene00006707.,2,4011,4013
WBGene00006708.,144,5828,5972
WBGene00006709.,384,4426,4810
WBGene00006710.,432,296,728
WBGene00006711.,45,1020,1065
WBGene00006712.,118,793,911
WBGene00006713.,91,4684,4775
WBGene00006714.,161,928,1089
WBGene00006715.,81,7000,7081
WBGene00006716.,37,14,51
WBGene00006717.,24,489,513
WBGene00006718.,11,89,100
WBGene00006719.,1,1,2
WBGene00006720.,63,4729,4792
WBGene00006721.,66,1096,1162
WBGene00006722.,63,644,707
WBGene00006723.,137,1961,2098
WBGene00006724.,211,7827,8038
WBGene00006725.,19217,332806,352023
WBGene00006726.,279,3583,3862
WBGene00006727.,310,28093,28403
WBGene00006728.,16888,284404,301292
WBGene00006729.,74,881,955
WBGene00006730.,26,9428,9454
WBGene00006731.,12,248,260
WBGene00006732.,185,1023,1208
WBGene00006733.,228,2664,2892
WBGene00006734.,56,3130,3186
WBGene00006735.,16,1483,1499
WBGene00006736.,132,1992,2124
WBGene00006737.,37,1391,1428
WBGene00006738.,12,1011,1023
WBGene00006739.,336,5699,6035
WBGene00006740.,18,240,258
WBGene00006741.,353,6490,6843
WBGene00006742.,1372,3454,4826
WBGene00006743.,106,589,695
WBGene00006744.,51,659,710
WBGene00006745.,749,1589,2338
WBGene00006746.,83,827,910
WBGene00006747.,1316,1917,3233
WBGene00006748.,49,259,308
WBGene00006749.,560,2450,3010
WBGene00006750.,291,2226,2517
WBGene00006751.,777,3082,3859
WBGene00006752.,1638,6519,8157
WBGene00006753.,1056,10515,11571
WBGene00006754.,4143,145683,149826
WBGene00006755.,709,7569,8278
WBGene00006756.,8,5,13
WBGene00006757.,225,4400,4625
WBGene00006759.,2755,43390,46145
WBGene00006760.,1038,9190,10228
WBGene00006761.,216,1125,1341
WBGene00006762.,1471,11610,13081
WBGene00006763.,298,2280,2578
WBGene00006764.,3098,55172,58270
WBGene00006765.,284,678,962
WBGene00006766.,70,953,1023
WBGene00006767.,669,1329,1998
WBGene00006768.,592,8931,9523
WBGene00006769.,1015,2724,3739
WBGene00006770.,1226,3871,5097
WBGene00006771.,753,10705,11458
WBGene00006772.,411,4248,4659
WBGene00006773.,151,2952,3103
WBGene00006774.,96,941,1037
WBGene00006775.,27,397,424
WBGene00006776.,598,4306,4904
WBGene00006777.,251,4075,4326
WBGene00006778.,112,1903,2015
WBGene00006779.,3696,18228,21924
WBGene00006780.,3380,58840,62220
WBGene00006781.,295,1926,2221
WBGene00006782.,23,618,641
WBGene00006783.,91,601,692
WBGene00006784.,1053,5122,6175
WBGene00006785.,23,806,829
WBGene00006786.,392,4558,4950
WBGene00006787.,1383,18870,20253
WBGene00006788.,521,1977,2498
WBGene00006789.,1274,109696,110970
WBGene00006790.,52,212,264
WBGene00006791.,387,3578,3965
WBGene00006792.,688,1271,1959
WBGene00006793.,83,2197,2280
WBGene00006794.,655,20256,20911
WBGene00006795.,59,1890,1949
WBGene00006796.,742,6853,7595
WBGene00006797.,384,411,795
WBGene00006798.,1317,6291,7608
WBGene00006801.,2410,31415,33825
WBGene00006802.,59,8588,8647
WBGene00006803.,691,15069,15760
WBGene00006804.,141,1132,1273
WBGene00006805.,3363,13046,16409
WBGene00006807.,469,812,1281
WBGene00006808.,643,5276,5919
WBGene00006809.,602,1330,1932
WBGene00006810.,196,3100,3296
WBGene00006811.,586,1892,2478
WBGene00006812.,862,8500,9362
WBGene00006814.,1435,6383,7818
WBGene00006815.,724,9379,10103
WBGene00006816.,91,2674,2765
WBGene00006817.,236,4099,4335
WBGene00006818.,175,3338,3513
WBGene00006819.,1511,53383,54894
WBGene00006820.,3772,44205,47977
WBGene00006822.,95,668,763
WBGene00006823.,1616,15097,16713
WBGene00006824.,172,7687,7859
WBGene00006825.,649,8571,9220
WBGene00006826.,377,10451,10828
WBGene00006827.,5682,6173,11855
WBGene00006829.,89,1326,1415
WBGene00006830.,2563,2630,5193
WBGene00006831.,1055,6801,7856
WBGene00006832.,195,1076,1271
WBGene00006833.,1223,22119,23342
WBGene00006836.,190,7219,7409
WBGene00006839.,895,9624,10519
WBGene00006840.,315,11273,11588
WBGene00006843.,291,2169,2460
WBGene00006844.,228,3302,3530
WBGene00006845.,398,3571,3969
WBGene00006852.,68,2927,2995
WBGene00006853.,18,625,643
WBGene00006856.,61,3109,3170
WBGene00006861.,969,11162,12131
WBGene00006862.,37,457,494
WBGene00006863.,188,13817,14005
WBGene00006864.,352,898,1250
WBGene00006865.,17,212,229
WBGene00006868.,707,1963,2670
WBGene00006869.,87,555,642
WBGene00006870.,547,1402,1949
WBGene00006873.,67,366,433
WBGene00006874.,360,6937,7297
WBGene00006875.,38,2242,2280
WBGene00006876.,5080,13306,18386
WBGene00006881.,22,303,325
WBGene00006882.,114,628,742
WBGene00006886.,420,6306,6726
WBGene00006887.,405,1362,1767
WBGene00006888.,60,4532,4592
WBGene00006889.,64,18566,18630
WBGene00006890.,390,9039,9429
WBGene00006893.,178,2320,2498
WBGene00006894.,19,8,27
WBGene00006895.,0,1,1
WBGene00006896.,91,1416,1507
WBGene00006897.,16,202,218
WBGene00006902.,0,5,5
WBGene00006910.,0,3058,3058
WBGene00006911.,213,38986,39199
WBGene00006912.,0,13677,13677
WBGene00006913.,87,17201,17288
WBGene00006914.,49,5825,5874
WBGene00006915.,148,14804,14952
WBGene00006916.,223,1095,1318
WBGene00006917.,253,33610,33863
WBGene00006918.,797,19309,20106
WBGene00006919.,417,37074,37491
WBGene00006920.,1019,20825,21844
WBGene00006921.,48,20851,20899
WBGene00006922.,16,752,768
WBGene00006923.,3775,9198,12973
WBGene00006924.,392,53558,53950
WBGene00006925.,4,61,65
WBGene00006926.,0,12,12
WBGene00006927.,0,25,25
WBGene00006928.,1,20,21
WBGene00006929.,0,2,2
WBGene00006930.,1,42,43
WBGene00006931.,110,2320,2430
WBGene00006932.,399,3403,3802
WBGene00006933.,99,2608,2707
WBGene00006934.,248,1850,2098
WBGene00006935.,75,3142,3217
WBGene00006936.,503,9116,9619
WBGene00006937.,634,10218,10852
WBGene00006938.,9,54,63
WBGene00006939.,2,13,15
WBGene00006940.,9,652,661
WBGene00006941.,630,6327,6957
WBGene00006942.,135,4199,4334
WBGene00006943.,73,957,1030
WBGene00006944.,43,872,915
WBGene00006945.,245,3119,3364
WBGene00006946.,101,1525,1626
WBGene00006947.,11,315,326
WBGene00006948.,10,567,577
WBGene00006949.,65,715,780
WBGene00006950.,23,67,90
WBGene00006951.,165,2129,2294
WBGene00006952.,15,531,546
WBGene00006953.,6,2,8
WBGene00006954.,2,16,18
WBGene00006955.,135,307,442
WBGene00006956.,71,2542,2613
WBGene00006957.,432,3620,4052
WBGene00006958.,73,492,565
WBGene00006959.,2117,92319,94436
WBGene00006960.,21,137,158
WBGene00006961.,638,10382,11020
WBGene00006962.,3,33,36
WBGene00006963.,57,1522,1579
WBGene00006964.,410,4486,4896
WBGene00006965.,2,1137,1139
WBGene00006966.,6,136,142
WBGene00006967.,0,90,90
WBGene00006968.,127,2569,2696
WBGene00006970.,30,1511,1541
WBGene00006971.,137,1516,1653
WBGene00006974.,29,1807,1836
WBGene00006975.,1250,11722,12972
WBGene00006976.,814,339,1153
WBGene00006977.,17,235,252
WBGene00006978.,151,5742,5893
WBGene00006979.,0,45,45
WBGene00006980.,4,592,596
WBGene00006981.,8,1260,1268
WBGene00006982.,131,2480,2611
WBGene00006983.,110,1004,1114
WBGene00006984.,1284,6718,8002
WBGene00006985.,531,2440,2971
WBGene00006986.,477,2046,2523
WBGene00006987.,174,368,542
WBGene00006988.,82,980,1062
WBGene00006993.,305,571,876
WBGene00006994.,237,3994,4231
WBGene00006996.,39,2318,2357
WBGene00006997.,11,1113,1124
WBGene00006999.,1921,26557,28478
WBGene00007000.,373,24241,24614
WBGene00007001.,35,5149,5184
WBGene00007006.,114,687,801
WBGene00007007.,175,3023,3198
WBGene00007008.,164,4610,4774
WBGene00007009.,236,4481,4717
WBGene00007010.,287,4324,4611
WBGene00007011.,34,562,596
WBGene00007012.,98,1045,1143
WBGene00007013.,295,1013,1308
WBGene00007014.,70,504,574
WBGene00007015.,9,881,890
WBGene00007016.,715,11027,11742
WBGene00007017.,936,1068,2004
WBGene00007018.,130,2133,2263
WBGene00007019.,132,4002,4134
WBGene00007020.,222,1035,1257
WBGene00007021.,78,2170,2248
WBGene00007022.,379,4544,4923
WBGene00007023.,98,1616,1714
WBGene00007024.,2462,11463,13925
WBGene00007025.,267,2752,3019
WBGene00007026.,44,838,882
WBGene00007027.,1940,7335,9275
WBGene00007028.,105,4573,4678
WBGene00007029.,194,1476,1670
WBGene00007030.,1902,18176,20078
WBGene00007036.,3,26,29
WBGene00007041.,211,1325,1536
WBGene00007042.,198,10980,11178
WBGene00007043.,8,705,713
WBGene00007044.,316,4511,4827
WBGene00007045.,7,612,619
WBGene00007047.,244,1083,1327
WBGene00007048.,131,5991,6122
WBGene00007049.,5,73,78
WBGene00007050.,928,12459,13387
WBGene00007053.,285,10079,10364
WBGene00007054.,1380,2556,3936
WBGene00007055.,131,4996,5127
WBGene00007056.,141,874,1015
WBGene00007057.,0,87,87
WBGene00007058.,504,8049,8553
WBGene00007059.,44,751,795
WBGene00007060.,9,5,14
WBGene00007062.,0,0,0
WBGene00007063.,96,413,509
WBGene00007064.,191,1019,1210
WBGene00007065.,24,386,410
WBGene00007066.,3,9,12
WBGene00007067.,78,571,649
WBGene00007068.,270,2545,2815
WBGene00007070.,35,1328,1363
WBGene00007071.,145,2151,2296
WBGene00007072.,45,500,545
WBGene00007073.,353,2083,2436
WBGene00007074.,4,0,4
WBGene00007075.,0,0,0
WBGene00007076.,0,0,0
WBGene00007077.,8,1,9
WBGene00007078.,0,0,0
WBGene00007079.,0,0,0
WBGene00007080.,1,4,5
WBGene00007081.,3,9,12
WBGene00007082.,1,21,22
WBGene00007083.,0,8,8
WBGene00007085.,0,215,215
WBGene00007087.,70,1583,1653
WBGene00007088.,120,2766,2886
WBGene00007089.,110,1809,1919
WBGene00007090.,38,1034,1072
WBGene00007091.,697,7206,7903
WBGene00007092.,33,383,416
WBGene00007093.,8,927,935
WBGene00007094.,197,785,982
WBGene00007096.,46,679,725
WBGene00007097.,25,246,271
WBGene00007099.,353,6516,6869
WBGene00007100.,21,1220,1241
WBGene00007101.,63,4537,4600
WBGene00007102.,47,491,538
WBGene00007103.,590,6562,7152
WBGene00007104.,48,520,568
WBGene00007105.,118,3878,3996
WBGene00007106.,134,3880,4014
WBGene00007107.,726,12696,13422
WBGene00007108.,336,6320,6656
WBGene00007109.,10,444,454
WBGene00007110.,138,3222,3360
WBGene00007111.,101,3830,3931
WBGene00007112.,1647,12879,14526
WBGene00007113.,139,3541,3680
WBGene00007114.,57,294,351
WBGene00007115.,147,559,706
WBGene00007116.,77,351,428
WBGene00007117.,4,38,42
WBGene00007118.,126,1482,1608
WBGene00007119.,208,1816,2024
WBGene00007120.,1,86,87
WBGene00007121.,92,517,609
WBGene00007122.,188,10321,10509
WBGene00007123.,3,3,6
WBGene00007124.,37,176,213
WBGene00007125.,0,2,2
WBGene00007126.,144,1015,1159
WBGene00007127.,2,4,6
WBGene00007128.,55,613,668
WBGene00007129.,38,7916,7954
WBGene00007130.,203,2070,2273
WBGene00007131.,19,66,85
WBGene00007132.,4,60,64
WBGene00007133.,15,285,300
WBGene00007134.,22,2,24
WBGene00007135.,410,2439,2849
WBGene00007136.,205,3002,3207
WBGene00007137.,143,2274,2417
WBGene00007138.,40,273,313
WBGene00007139.,313,3027,3340
WBGene00007140.,8,49,57
WBGene00007141.,5,20,25
WBGene00007142.,533,8662,9195
WBGene00007143.,184,8731,8915
WBGene00007144.,42,2106,2148
WBGene00007145.,19,1521,1540
WBGene00007146.,28,313,341
WBGene00007147.,0,5,5
WBGene00007148.,7,11,18
WBGene00007149.,10,178,188
WBGene00007150.,10,1336,1346
WBGene00007151.,16,5,21
WBGene00007152.,101,865,966
WBGene00007153.,72,4612,4684
WBGene00007154.,60,450,510
WBGene00007155.,568,11739,12307
WBGene00007156.,3,2,5
WBGene00007158.,0,21,21
WBGene00007159.,3,18,21
WBGene00007160.,4,1,5
WBGene00007161.,2,1,3
WBGene00007162.,105,369,474
WBGene00007163.,0,18,18
WBGene00007164.,1,53,54
WBGene00007165.,203,263,466
WBGene00007166.,24,1099,1123
WBGene00007167.,166,1563,1729
WBGene00007168.,15,1307,1322
WBGene00007169.,10,25,35
WBGene00007170.,56,370,426
WBGene00007171.,13,165,178
WBGene00007172.,10,227,237
WBGene00007173.,0,0,0
WBGene00007174.,24,309,333
WBGene00007175.,107,3083,3190
WBGene00007176.,1845,2006,3851
WBGene00007177.,22,176,198
WBGene00007178.,17,854,871
WBGene00007179.,6,25,31
WBGene00007180.,151,2489,2640
WBGene00007181.,9,8,17
WBGene00007182.,1,6,7
WBGene00007183.,3,112,115
WBGene00007184.,289,8641,8930
WBGene00007185.,1109,10411,11520
WBGene00007186.,51,2035,2086
WBGene00007187.,56,501,557
WBGene00007188.,131,1177,1308
WBGene00007189.,52,880,932
WBGene00007190.,7,44,51
WBGene00007191.,86,600,686
WBGene00007192.,669,16054,16723
WBGene00007193.,216,2398,2614
WBGene00007194.,25,1813,1838
WBGene00007195.,177,1970,2147
WBGene00007196.,204,424,628
WBGene00007197.,964,9853,10817
WBGene00007198.,6,4,10
WBGene00007199.,15,14,29
WBGene00007200.,1012,10137,11149
WBGene00007201.,0,149,149
WBGene00007202.,47,538,585
WBGene00007203.,2,552,554
WBGene00007204.,9,21,30
WBGene00007206.,0,0,0
WBGene00007207.,148,2289,2437
WBGene00007208.,0,0,0
WBGene00007209.,4,0,4
WBGene00007210.,66,311,377
WBGene00007211.,7,7,14
WBGene00007212.,24,135,159
WBGene00007213.,37,789,826
WBGene00007214.,172,1132,1304
WBGene00007215.,123,2729,2852
WBGene00007216.,524,2076,2600
WBGene00007217.,196,6284,6480
WBGene00007218.,81,16,97
WBGene00007219.,81,3861,3942
WBGene00007220.,34,635,669
WBGene00007221.,227,2105,2332
WBGene00007222.,3,125,128
WBGene00007223.,316,7104,7420
WBGene00007224.,21,55,76
WBGene00007225.,0,58,58
WBGene00007226.,135,1662,1797
WBGene00007227.,468,12477,12945
WBGene00007228.,124,1926,2050
WBGene00007229.,24,90,114
WBGene00007230.,9,52,61
WBGene00007231.,637,878,1515
WBGene00007232.,242,1662,1904
WBGene00007233.,572,21190,21762
WBGene00007234.,1,854,855
WBGene00007235.,568,16830,17398
WBGene00007236.,10,2524,2534
WBGene00007237.,97,730,827
WBGene00007238.,0,0,0
WBGene00007239.,0,0,0
WBGene00007240.,2803,26828,29631
WBGene00007241.,230,1477,1707
WBGene00007242.,101,2302,2403
WBGene00007243.,0,51,51
WBGene00007244.,0,6,6
WBGene00007245.,0,12,12
WBGene00007246.,0,33,33
WBGene00007247.,136,624,760
WBGene00007248.,3,8,11
WBGene00007249.,3,1,4
WBGene00007250.,2,19,21
WBGene00007251.,0,9,9
WBGene00007252.,64,366,430
WBGene00007253.,53,540,593
WBGene00007254.,75,1025,1100
WBGene00007255.,11,109,120
WBGene00007256.,1953,6164,8117
WBGene00007257.,715,3284,3999
WBGene00007258.,93,1023,1116
WBGene00007259.,6,3,9
WBGene00007260.,1091,1768,2859
WBGene00007261.,252,3985,4237
WBGene00007262.,33,190,223
WBGene00007264.,13,101,114
WBGene00007265.,0,12,12
WBGene00007266.,75,1036,1111
WBGene00007267.,64,1352,1416
WBGene00007268.,20,151,171
WBGene00007269.,15,13,28
WBGene00007270.,34,1121,1155
WBGene00007271.,58,97,155
WBGene00007273.,36,38,74
WBGene00007274.,16,75,91
WBGene00007275.,208,711,919
WBGene00007277.,16,99,115
WBGene00007278.,7,52,59
WBGene00007279.,0,4,4
WBGene00007281.,6,212,218
WBGene00007282.,8,16,24
WBGene00007283.,2,0,2
WBGene00007284.,296,1289,1585
WBGene00007285.,32,363,395
WBGene00007286.,30,288,318
WBGene00007287.,47,1133,1180
WBGene00007288.,4,48,52
WBGene00007289.,0,1,1
WBGene00007290.,1,2,3
WBGene00007291.,4,0,4
WBGene00007292.,1,19,20
WBGene00007293.,0,3,3
WBGene00007294.,0,0,0
WBGene00007295.,23,612,635
WBGene00007296.,124,2932,3056
WBGene00007297.,41,384,425
WBGene00007299.,23,855,878
WBGene00007300.,0,0,0
WBGene00007301.,1765486,109,1765595
WBGene00007302.,44,1127,1171
WBGene00007303.,15,135,150
WBGene00007304.,100,768,868
WBGene00007305.,4,11,15
WBGene00007306.,1,4,5
WBGene00007307.,0,16,16
WBGene00007308.,0,6,6
WBGene00007309.,7,17,24
WBGene00007310.,18,73,91
WBGene00007311.,22,3,25
WBGene00007312.,17,1746,1763
WBGene00007313.,4,16,20
WBGene00007314.,69,81,150
WBGene00007315.,2,2,4
WBGene00007316.,386,2270,2656
WBGene00007317.,39,3859,3898
WBGene00007319.,2,0,2
WBGene00007320.,0,14,14
WBGene00007321.,33,552,585
WBGene00007322.,6,95,101
WBGene00007323.,3,11,14
WBGene00007324.,424,3011,3435
WBGene00007325.,9,297,306
WBGene00007326.,36,88,124
WBGene00007327.,38,184,222
WBGene00007328.,7,12,19
WBGene00007329.,194,1843,2037
WBGene00007330.,526,33475,34001
WBGene00007331.,3932,34736,38668
WBGene00007332.,1,375,376
WBGene00007333.,143,2105,2248
WBGene00007334.,50,737,787
WBGene00007335.,13,7,20
WBGene00007336.,193,4040,4233
WBGene00007337.,13,67,80
WBGene00007338.,46,263,309
WBGene00007339.,18,137,155
WBGene00007340.,51,325,376
WBGene00007341.,0,0,0
WBGene00007342.,0,3,3
WBGene00007343.,40,461,501
WBGene00007344.,13,125,138
WBGene00007345.,66,1070,1136
WBGene00007346.,25,125,150
WBGene00007347.,88,658,746
WBGene00007348.,91,710,801
WBGene00007349.,102,756,858
WBGene00007350.,946,24421,25367
WBGene00007351.,60,201,261
WBGene00007352.,240,9698,9938
WBGene00007353.,288,3542,3830
WBGene00007354.,8,79,87
WBGene00007355.,0,8228,8228
WBGene00007356.,0,1,1
WBGene00007357.,171,1106,1277
WBGene00007358.,6,95,101
WBGene00007359.,5,1,6
WBGene00007360.,28,24,52
WBGene00007361.,75,46,121
WBGene00007362.,646,3842,4488
WBGene00007363.,82,2202,2284
WBGene00007364.,14,109,123
WBGene00007365.,972,26915,27887
WBGene00007366.,655,2593,3248
WBGene00007367.,15,458,473
WBGene00007368.,10,205,215
WBGene00007369.,0,1,1
WBGene00007370.,7,11,18
WBGene00007372.,66,438,504
WBGene00007373.,0,1,1
WBGene00007374.,13,141,154
WBGene00007375.,68,193,261
WBGene00007376.,1,9,10
WBGene00007377.,4,137,141
WBGene00007378.,35,95,130
WBGene00007379.,6,2,8
WBGene00007380.,2,2,4
WBGene00007381.,2,4,6
WBGene00007382.,2,64,66
WBGene00007383.,2,4,6
WBGene00007384.,9,515,524
WBGene00007385.,5260,91930,97190
WBGene00007386.,150,2994,3144
WBGene00007387.,278,1819,2097
WBGene00007388.,95,1179,1274
WBGene00007389.,93,768,861
WBGene00007390.,17,5123,5140
WBGene00007391.,3,51,54
WBGene00007392.,10,364,374
WBGene00007393.,13,145,158
WBGene00007394.,45,1397,1442
WBGene00007395.,130,722,852
WBGene00007396.,75,574,649
WBGene00007397.,17,189,206
WBGene00007398.,5,47,52
WBGene00007399.,19,24,43
WBGene00007400.,79,3020,3099
WBGene00007401.,32,53,85
WBGene00007402.,112,1159,1271
WBGene00007403.,68,980,1048
WBGene00007404.,475,723,1198
WBGene00007405.,436,6456,6892
WBGene00007406.,69,57,126
WBGene00007407.,1,34,35
WBGene00007408.,22,984,1006
WBGene00007409.,165,1171,1336
WBGene00007410.,47,75,122
WBGene00007411.,13,429,442
WBGene00007412.,38,1440,1478
WBGene00007413.,467,5601,6068
WBGene00007414.,140,1776,1916
WBGene00007415.,7,62,69
WBGene00007416.,92,412,504
WBGene00007417.,55,1007,1062
WBGene00007418.,4,21,25
WBGene00007419.,151,1399,1550
WBGene00007420.,1,135,136
WBGene00007421.,175,1891,2066
WBGene00007422.,110,2956,3066
WBGene00007423.,24,18,42
WBGene00007424.,15,406,421
WBGene00007425.,15,309,324
WBGene00007426.,19,127,146
WBGene00007427.,7,4,11
WBGene00007428.,201,3161,3362
WBGene00007429.,185,3518,3703
WBGene00007430.,30,681,711
WBGene00007431.,22,670,692
WBGene00007432.,4,10,14
WBGene00007433.,227,5821,6048
WBGene00007434.,9,787,796
WBGene00007435.,21,789,810
WBGene00007436.,6,1145,1151
WBGene00007437.,22,166,188
WBGene00007438.,6,7,13
WBGene00007439.,0,13,13
WBGene00007440.,49,405,454
WBGene00007441.,0,3,3
WBGene00007442.,0,17,17
WBGene00007443.,869,13715,14584
WBGene00007444.,107,1970,2077
WBGene00007445.,42,588,630
WBGene00007446.,5,10,15
WBGene00007447.,1,19,20
WBGene00007448.,2,37,39
WBGene00007449.,538,8098,8636
WBGene00007450.,400,4146,4546
WBGene00007451.,2,5,7
WBGene00007452.,18,82,100
WBGene00007453.,3,139,142
WBGene00007454.,8,33,41
WBGene00007455.,148,6357,6505
WBGene00007456.,12,19,31
WBGene00007457.,0,4,4
WBGene00007458.,0,0,0
WBGene00007459.,0,0,0
WBGene00007460.,101,8809,8910
WBGene00007461.,4,1,5
WBGene00007462.,32,210,242
WBGene00007463.,157,23423,23580
WBGene00007464.,27,473,500
WBGene00007465.,6,61,67
WBGene00007466.,1,14,15
WBGene00007467.,0,52,52
WBGene00007468.,5,1,6
WBGene00007469.,4,30,34
WBGene00007470.,0,30,30
WBGene00007471.,5,24,29
WBGene00007472.,1,1,2
WBGene00007473.,0,0,0
WBGene00007474.,49,781,830
WBGene00007475.,0,0,0
WBGene00007476.,16,2097,2113
WBGene00007478.,8,14,22
WBGene00007479.,24,893,917
WBGene00007480.,108,728,836
WBGene00007481.,0,0,0
WBGene00007482.,80,884,964
WBGene00007483.,12,228,240
WBGene00007484.,7,102,109
WBGene00007485.,31,13,44
WBGene00007486.,595,974,1569
WBGene00007487.,114,1578,1692
WBGene00007488.,115,1844,1959
WBGene00007489.,1,13,14
WBGene00007490.,91,539,630
WBGene00007492.,633,5884,6517
WBGene00007493.,28,1370,1398
WBGene00007494.,2,26,28
WBGene00007495.,146,780,926
WBGene00007496.,8,6,14
WBGene00007497.,1,0,1
WBGene00007499.,235,414,649
WBGene00007500.,185,3121,3306
WBGene00007502.,85,374,459
WBGene00007503.,3,24,27
WBGene00007504.,19,739,758
WBGene00007505.,700,4305,5005
WBGene00007506.,24,62,86
WBGene00007507.,20,105,125
WBGene00007508.,4,23,27
WBGene00007509.,9,105,114
WBGene00007511.,91,1404,1495
WBGene00007512.,2,6,8
WBGene00007513.,61,505,566
WBGene00007514.,157,5928,6085
WBGene00007515.,17,538,555
WBGene00007516.,89,3697,3786
WBGene00007517.,20,1001,1021
WBGene00007518.,28,107,135
WBGene00007520.,111,1592,1703
WBGene00007521.,8,16,24
WBGene00007522.,178,322,500
WBGene00007523.,1,1,2
WBGene00007525.,13,253,266
WBGene00007528.,40,418,458
WBGene00007529.,72,1102,1174
WBGene00007530.,20,82,102
WBGene00007531.,54,1094,1148
WBGene00007533.,204,2668,2872
WBGene00007534.,109,10618,10727
WBGene00007535.,0,21,21
WBGene00007536.,113,1738,1851
WBGene00007537.,67,5764,5831
WBGene00007538.,2,42,44
WBGene00007539.,0,0,0
WBGene00007540.,6,77,83
WBGene00007541.,7,1142,1149
WBGene00007542.,29,186,215
WBGene00007543.,4,216,220
WBGene00007544.,116,3920,4036
WBGene00007545.,186,864,1050
WBGene00007546.,156,1485,1641
WBGene00007547.,150,1550,1700
WBGene00007548.,81,593,674
WBGene00007549.,67,1237,1304
WBGene00007550.,32,225,257
WBGene00007551.,56,1243,1299
WBGene00007552.,16,236,252
WBGene00007553.,6,5940,5946
WBGene00007554.,263,4398,4661
WBGene00007555.,11,9258,9269
WBGene00007556.,90,1481,1571
WBGene00007557.,119,2535,2654
WBGene00007558.,91,1396,1487
WBGene00007559.,1,3,4
WBGene00007560.,12,159,171
WBGene00007561.,35,1898,1933
WBGene00007562.,225,829,1054
WBGene00007563.,6,99,105
WBGene00007564.,12,5865,5877
WBGene00007565.,16,436,452
WBGene00007567.,0,0,0
WBGene00007569.,2,0,2
WBGene00007570.,2,1,3
WBGene00007571.,0,0,0
WBGene00007572.,5,2,7
WBGene00007573.,27,1374,1401
WBGene00007574.,98,3070,3168
WBGene00007576.,100,1754,1854
WBGene00007577.,192,1235,1427
WBGene00007578.,1,386,387
WBGene00007579.,103,1874,1977
WBGene00007580.,19,228,247
WBGene00007581.,49,1020,1069
WBGene00007583.,403,1744,2147
WBGene00007584.,9,47,56
WBGene00007585.,38,514,552
WBGene00007586.,62,6603,6665
WBGene00007587.,124,5240,5364
WBGene00007588.,52,5624,5676
WBGene00007589.,3,414,417
WBGene00007590.,284,3148,3432
WBGene00007591.,113,1790,1903
WBGene00007592.,490,3652,4142
WBGene00007593.,508,2544,3052
WBGene00007594.,42,1046,1088
WBGene00007595.,35,250,285
WBGene00007597.,179,293,472
WBGene00007598.,1,6,7
WBGene00007599.,308,1431,1739
WBGene00007600.,9,586,595
WBGene00007601.,5,15,20
WBGene00007602.,654,2050,2704
WBGene00007603.,68,480,548
WBGene00007604.,13,1833,1846
WBGene00007605.,391,28389,28780
WBGene00007606.,67,1670,1737
WBGene00007607.,26,276,302
WBGene00007608.,17,180,197
WBGene00007609.,77,3384,3461
WBGene00007610.,0,4,4
WBGene00007611.,5,50,55
WBGene00007613.,0,6,6
WBGene00007614.,191,408,599
WBGene00007615.,125,1310,1435
WBGene00007616.,283,4770,5053
WBGene00007617.,440,14978,15418
WBGene00007618.,7,14,21
WBGene00007619.,200,881,1081
WBGene00007620.,2870,2753,5623
WBGene00007621.,444,3869,4313
WBGene00007622.,97,510,607
WBGene00007623.,273,3958,4231
WBGene00007624.,12,951,963
WBGene00007625.,153,4150,4303
WBGene00007626.,70,2511,2581
WBGene00007627.,31,1664,1695
WBGene00007628.,198,3043,3241
WBGene00007629.,22,235,257
WBGene00007630.,34,38327,38361
WBGene00007631.,45,35,80
WBGene00007632.,0,37,37
WBGene00007633.,87,58,145
WBGene00007635.,310,823,1133
WBGene00007637.,265,288,553
WBGene00007638.,0,0,0
WBGene00007639.,6,28,34
WBGene00007640.,248,901,1149
WBGene00007641.,0,1,1
WBGene00007642.,0,7,7
WBGene00007643.,13,75,88
WBGene00007644.,8,100,108
WBGene00007645.,776,3497,4273
WBGene00007646.,501,11701,12202
WBGene00007647.,795,5619,6414
WBGene00007648.,3,36,39
WBGene00007649.,3,1,4
WBGene00007650.,174,1771,1945
WBGene00007651.,130,1399,1529
WBGene00007652.,91,1276,1367
WBGene00007653.,193,5160,5353
WBGene00007654.,7,13,20
WBGene00007655.,127,3,130
WBGene00007656.,6,16,22
WBGene00007657.,8,3,11
WBGene00007658.,9,4,13
WBGene00007659.,1,9,10
WBGene00007660.,6,14,20
WBGene00007661.,3,3,6
WBGene00007662.,2,7,9
WBGene00007664.,138,1620,1758
WBGene00007666.,226,1987,2213
WBGene00007667.,33,348,381
WBGene00007668.,131,2204,2335
WBGene00007669.,14,52,66
WBGene00007670.,80,301,381
WBGene00007672.,53,954,1007
WBGene00007673.,0,0,0
WBGene00007674.,3,0,3
WBGene00007675.,45,459,504
WBGene00007676.,2,16,18
WBGene00007677.,1,36,37
WBGene00007678.,3,3,6
WBGene00007679.,84,3410,3494
WBGene00007680.,87,648,735
WBGene00007681.,1015,7098,8113
WBGene00007682.,5,41,46
WBGene00007683.,910,16522,17432
WBGene00007684.,1424,22184,23608
WBGene00007685.,301,6101,6402
WBGene00007686.,93,12808,12901
WBGene00007687.,42,537,579
WBGene00007688.,1,17,18
WBGene00007689.,146,6202,6348
WBGene00007690.,616,1003,1619
WBGene00007691.,11,25,36
WBGene00007692.,18,461,479
WBGene00007693.,5,10,15
WBGene00007694.,18,200,218
WBGene00007695.,35,676,711
WBGene00007696.,93,9174,9267
WBGene00007697.,116,838,954
WBGene00007698.,94,1514,1608
WBGene00007699.,0,0,0
WBGene00007700.,0,0,0
WBGene00007701.,3,13,16
WBGene00007702.,129,550,679
WBGene00007703.,1179,4677,5856
WBGene00007704.,25,280,305
WBGene00007705.,16,1414,1430
WBGene00007707.,33,2700,2733
WBGene00007708.,0,0,0
WBGene00007709.,3,649,652
WBGene00007710.,32,1371,1403
WBGene00007711.,24,1684,1708
WBGene00007712.,13,6451,6464
WBGene00007713.,0,23,23
WBGene00007714.,0,0,0
WBGene00007715.,0,0,0
WBGene00007716.,0,38,38
WBGene00007717.,5,81,86
WBGene00007718.,1,2843,2844
WBGene00007719.,0,4,4
WBGene00007720.,4,1402,1406
WBGene00007721.,1,2,3
WBGene00007722.,128,1571,1699
WBGene00007723.,24,39,63
WBGene00007724.,173,450,623
WBGene00007725.,43,506,549
WBGene00007726.,25,389,414
WBGene00007727.,3,5,8
WBGene00007728.,28,874,902
WBGene00007729.,14,246,260
WBGene00007730.,25,1718,1743
WBGene00007731.,4,1506,1510
WBGene00007732.,0,66,66
WBGene00007733.,0,5,5
WBGene00007734.,1,7,8
WBGene00007735.,3,0,3
WBGene00007736.,81,2384,2465
WBGene00007739.,93,52,145
WBGene00007740.,2,19,21
WBGene00007741.,70,528,598
WBGene00007742.,15,69,84
WBGene00007743.,306,3903,4209
WBGene00007744.,511,692,1203
WBGene00007745.,118,730,848
WBGene00007746.,85,1043,1128
WBGene00007747.,5,7,12
WBGene00007748.,52,278,330
WBGene00007749.,33,682,715
WBGene00007750.,76,1230,1306
WBGene00007751.,32,145,177
WBGene00007752.,510,3480,3990
WBGene00007753.,117,779,896
WBGene00007754.,16,40,56
WBGene00007755.,43,235,278
WBGene00007756.,252,1642,1894
WBGene00007757.,117,365,482
WBGene00007758.,124,1213,1337
WBGene00007759.,0,4,4
WBGene00007760.,45,941,986
WBGene00007761.,377,3433,3810
WBGene00007762.,12,813,825
WBGene00007763.,38,162,200
WBGene00007764.,281,1579,1860
WBGene00007765.,15,40,55
WBGene00007766.,1,300,301
WBGene00007767.,0,0,0
WBGene00007768.,9,4,13
WBGene00007769.,2,0,2
WBGene00007770.,0,0,0
WBGene00007771.,3,278,281
WBGene00007772.,180,2476,2656
WBGene00007773.,2,3,5
WBGene00007774.,90,1626,1716
WBGene00007775.,280,796,1076
WBGene00007776.,122,1559,1681
WBGene00007777.,3,15,18
WBGene00007778.,14,37,51
WBGene00007779.,57,719,776
WBGene00007780.,15,375,390
WBGene00007784.,156,8040,8196
WBGene00007785.,30,2100,2130
WBGene00007786.,253,13256,13509
WBGene00007787.,11,3591,3602
WBGene00007788.,19,177,196
WBGene00007789.,19,183,202
WBGene00007791.,16,61,77
WBGene00007792.,2,4,6
WBGene00007793.,0,6,6
WBGene00007794.,1,2,3
WBGene00007795.,0,2,2
WBGene00007796.,27,188,215
WBGene00007797.,25,306,331
WBGene00007798.,3,2,5
WBGene00007799.,513,1577,2090
WBGene00007800.,34,84,118
WBGene00007801.,399,2211,2610
WBGene00007802.,21,18,39
WBGene00007804.,1,96,97
WBGene00007805.,1,5,6
WBGene00007806.,6,30,36
WBGene00007807.,309,2807,3116
WBGene00007808.,53,440,493
WBGene00007809.,6,195,201
WBGene00007810.,220,2112,2332
WBGene00007811.,443,8702,9145
WBGene00007812.,422,5571,5993
WBGene00007813.,11,10,21
WBGene00007816.,600,535,1135
WBGene00007817.,759,2139,2898
WBGene00007818.,320,516,836
WBGene00007819.,7,514,521
WBGene00007820.,94,885,979
WBGene00007821.,21,120,141
WBGene00007822.,7,0,7
WBGene00007823.,43,194,237
WBGene00007824.,1796,7953,9749
WBGene00007825.,25,764,789
WBGene00007826.,22,2022,2044
WBGene00007827.,392,6277,6669
WBGene00007829.,8,4,12
WBGene00007831.,0,14,14
WBGene00007832.,0,16,16
WBGene00007833.,33,481,514
WBGene00007834.,1,7,8
WBGene00007835.,9,86,95
WBGene00007836.,43,5880,5923
WBGene00007837.,64,886,950
WBGene00007838.,0,48,48
WBGene00007840.,167,377,544
WBGene00007841.,180,5191,5371
WBGene00007842.,0,8,8
WBGene00007844.,19,55,74
WBGene00007846.,39,906,945
WBGene00007847.,35,601,636
WBGene00007848.,1071,23634,24705
WBGene00007849.,125,537,662
WBGene00007850.,1,6,7
WBGene00007851.,11,70,81
WBGene00007852.,0,2,2
WBGene00007853.,2,41,43
WBGene00007854.,81,272,353
WBGene00007855.,0,943,943
WBGene00007856.,31,643,674
WBGene00007857.,49,2026,2075
WBGene00007858.,8,92,100
WBGene00007859.,113,3436,3549
WBGene00007860.,793,3309,4102
WBGene00007861.,14,96,110
WBGene00007862.,259,1126,1385
WBGene00007863.,9,15,24
WBGene00007864.,18,187,205
WBGene00007865.,5,2,7
WBGene00007866.,6,89,95
WBGene00007867.,93,1904,1997
WBGene00007868.,3,1026,1029
WBGene00007869.,1,27,28
WBGene00007870.,4,0,4
WBGene00007871.,0,0,0
WBGene00007872.,0,0,0
WBGene00007873.,0,3,3
WBGene00007874.,0,32,32
WBGene00007875.,80,2492,2572
WBGene00007876.,3,3,6
WBGene00007877.,617,6424,7041
WBGene00007878.,353,620,973
WBGene00007880.,2135,19742,21877
WBGene00007881.,99,3717,3816
WBGene00007882.,190,7264,7454
WBGene00007883.,511,20131,20642
WBGene00007885.,364,4543,4907
WBGene00007886.,215,1168,1383
WBGene00007887.,2,2,4
WBGene00007888.,30,77,107
WBGene00007889.,12,0,12
WBGene00007890.,90,641,731
WBGene00007891.,14,93,107
WBGene00007892.,269,2704,2973
WBGene00007893.,8,5,13
WBGene00007894.,2,24,26
WBGene00007895.,3,5,8
WBGene00007896.,44,38,82
WBGene00007897.,4,29,33
WBGene00007898.,7,183,190
WBGene00007899.,161,589,750
WBGene00007900.,172,1457,1629
WBGene00007901.,13,481,494
WBGene00007902.,0,42,42
WBGene00007903.,17,255,272
WBGene00007904.,44,511,555
WBGene00007905.,1,3,4
WBGene00007906.,65,772,837
WBGene00007907.,1753,7779,9532
WBGene00007908.,456,1252,1708
WBGene00007909.,117,144,261
WBGene00007910.,5,42,47
WBGene00007911.,24,481,505
WBGene00007912.,96,1786,1882
WBGene00007913.,115,366,481
WBGene00007914.,131,1738,1869
WBGene00007916.,13,460,473
WBGene00007917.,156,1884,2040
WBGene00007918.,62,2118,2180
WBGene00007919.,224,1026,1250
WBGene00007920.,0,0,0
WBGene00007921.,245,2947,3192
WBGene00007922.,265,1800,2065
WBGene00007923.,321,2797,3118
WBGene00007924.,222,6965,7187
WBGene00007925.,70,1032,1102
WBGene00007926.,47,147,194
WBGene00007927.,541,10200,10741
WBGene00007928.,34,549,583
WBGene00007929.,133,420,553
WBGene00007931.,58,784,842
WBGene00007932.,818,2515,3333
WBGene00007933.,46,719,765
WBGene00007934.,149,3579,3728
WBGene00007935.,75,128,203
WBGene00007937.,22,204,226
WBGene00007938.,32,1252,1284
WBGene00007939.,43,396,439
WBGene00007941.,51,377,428
WBGene00007942.,70,3116,3186
WBGene00007943.,61,1577,1638
WBGene00007944.,220,1992,2212
WBGene00007945.,67,629,696
WBGene00007946.,118,1626,1744
WBGene00007947.,162,1482,1644
WBGene00007948.,121,215,336
WBGene00007949.,17,87,104
WBGene00007950.,350,2321,2671
WBGene00007951.,176,776,952
WBGene00007952.,103,3999,4102
WBGene00007953.,149,740,889
WBGene00007954.,7,18,25
WBGene00007955.,143,6536,6679
WBGene00007956.,74,888,962
WBGene00007957.,26,263,289
WBGene00007958.,214,1373,1587
WBGene00007959.,118,1359,1477
WBGene00007960.,0,2,2
WBGene00007961.,0,4,4
WBGene00007962.,3,8,11
WBGene00007963.,4,94,98
WBGene00007964.,89,2769,2858
WBGene00007965.,23,924,947
WBGene00007966.,17,448,465
WBGene00007967.,13,414,427
WBGene00007969.,57,8713,8770
WBGene00007970.,37,268,305
WBGene00007971.,216,4362,4578
WBGene00007972.,156,1399,1555
WBGene00007973.,44,614,658
WBGene00007974.,113,2042,2155
WBGene00007975.,130,1845,1975
WBGene00007976.,53,1066,1119
WBGene00007977.,5,20,25
WBGene00007978.,80,861,941
WBGene00007979.,59,1626,1685
WBGene00007980.,208,8059,8267
WBGene00007981.,119,2417,2536
WBGene00007982.,233,1714,1947
WBGene00007983.,143,782,925
WBGene00007984.,204,2240,2444
WBGene00007985.,183,325,508
WBGene00007986.,0,3,3
WBGene00007987.,1,10,11
WBGene00007988.,32,142,174
WBGene00007989.,6,217,223
WBGene00007990.,3,105,108
WBGene00007991.,48,566,614
WBGene00007992.,3,115,118
WBGene00007993.,157,7351,7508
WBGene00007994.,57,433,490
WBGene00007995.,1,5,6
WBGene00007996.,2,22,24
WBGene00007997.,43,104,147
WBGene00007998.,4,6,10
WBGene00007999.,21,486,507
WBGene00008000.,131,4000,4131
WBGene00008001.,3,0,3
WBGene00008002.,125,780,905
WBGene00008003.,15,394,409
WBGene00008005.,33,506,539
WBGene00008006.,265,2148,2413
WBGene00008007.,10,71,81
WBGene00008008.,125,569,694
WBGene00008009.,7,14,21
WBGene00008010.,9,26,35
WBGene00008012.,0,6,6
WBGene00008013.,3,7,10
WBGene00008014.,3,9,12
WBGene00008015.,3,0,3
WBGene00008016.,2,2,4
WBGene00008017.,5,17,22
WBGene00008018.,275,1067,1342
WBGene00008019.,64,1372,1436
WBGene00008020.,12,260,272
WBGene00008021.,19,278,297
WBGene00008022.,53,434,487
WBGene00008023.,4,183,187
WBGene00008024.,2,2,4
WBGene00008025.,20,525,545
WBGene00008026.,12,8,20
WBGene00008027.,35,543,578
WBGene00008028.,56,1188,1244
WBGene00008029.,1,5,6
WBGene00008030.,1,9,10
WBGene00008031.,28,176,204
WBGene00008032.,586,7404,7990
WBGene00008033.,306,1993,2299
WBGene00008034.,346,5501,5847
WBGene00008035.,41,2306,2347
WBGene00008036.,1,2,3
WBGene00008037.,22,55,77
WBGene00008038.,54,202,256
WBGene00008039.,33,427,460
WBGene00008040.,227,3683,3910
WBGene00008041.,286,5440,5726
WBGene00008042.,39,583,622
WBGene00008043.,505,5145,5650
WBGene00008044.,9,66,75
WBGene00008045.,258,385,643
WBGene00008047.,16,71,87
WBGene00008048.,0,0,0
WBGene00008050.,15,555,570
WBGene00008051.,79,395,474
WBGene00008052.,74,1217,1291
WBGene00008053.,92,4927,5019
WBGene00008054.,27,20,47
WBGene00008055.,7,14,21
WBGene00008056.,3,1,4
WBGene00008057.,2,16,18
WBGene00008058.,0,0,0
WBGene00008059.,0,0,0
WBGene00008060.,0,0,0
WBGene00008061.,11,148,159
WBGene00008062.,17,264,281
WBGene00008063.,4,11,15
WBGene00008064.,1031,678,1709
WBGene00008065.,91,315,406
WBGene00008066.,5,66,71
WBGene00008067.,1,2,3
WBGene00008068.,0,3,3
WBGene00008069.,1,0,1
WBGene00008070.,0,56,56
WBGene00008071.,5,3,8
WBGene00008072.,2,36,38
WBGene00008073.,3,495,498
WBGene00008074.,1,36,37
WBGene00008075.,29,146,175
WBGene00008076.,45,728,773
WBGene00008077.,3,36,39
WBGene00008078.,53,602,655
WBGene00008079.,6,15,21
WBGene00008080.,2,60,62
WBGene00008081.,264,1579,1843
WBGene00008082.,80,425,505
WBGene00008083.,9,18,27
WBGene00008084.,7,40,47
WBGene00008085.,39,786,825
WBGene00008086.,5,67,72
WBGene00008087.,2,1,3
WBGene00008088.,1,3,4
WBGene00008089.,762,4956,5718
WBGene00008090.,0,0,0
WBGene00008091.,46,481,527
WBGene00008092.,4,32,36
WBGene00008093.,31,114,145
WBGene00008094.,410,958,1368
WBGene00008095.,12,168,180
WBGene00008096.,15,433,448
WBGene00008097.,11,521,532
WBGene00008098.,4,16,20
WBGene00008099.,10,108,118
WBGene00008100.,162,1608,1770
WBGene00008101.,52,1245,1297
WBGene00008102.,6,135,141
WBGene00008104.,0,0,0
WBGene00008105.,7,41,48
WBGene00008106.,4,10,14
WBGene00008107.,28,1850,1878
WBGene00008110.,385,9500,9885
WBGene00008111.,37,79,116
WBGene00008112.,9,9,18
WBGene00008113.,8,16,24
WBGene00008114.,33,715,748
WBGene00008117.,101,9704,9805
WBGene00008118.,300,1928,2228
WBGene00008119.,591,2734,3325
WBGene00008120.,561,1947,2508
WBGene00008121.,179,3651,3830
WBGene00008122.,0,2,2
WBGene00008123.,106,1519,1625
WBGene00008124.,5,6,11
WBGene00008125.,0,0,0
WBGene00008126.,5,21,26
WBGene00008127.,97,563,660
WBGene00008128.,21,206,227
WBGene00008129.,10,12,22
WBGene00008130.,10,269,279
WBGene00008131.,74,1814,1888
WBGene00008132.,5047,1872,6919
WBGene00008133.,188,204,392
WBGene00008134.,163,1501,1664
WBGene00008135.,0,0,0
WBGene00008136.,82,1972,2054
WBGene00008137.,1,63,64
WBGene00008138.,2,31,33
WBGene00008139.,14,132,146
WBGene00008140.,478,751,1229
WBGene00008141.,5,8,13
WBGene00008142.,130,842,972
WBGene00008143.,123,2013,2136
WBGene00008144.,54,499,553
WBGene00008145.,112,542,654
WBGene00008146.,17,67,84
WBGene00008147.,306,4870,5176
WBGene00008148.,40,1230,1270
WBGene00008149.,423,28504,28927
WBGene00008150.,14,85,99
WBGene00008151.,232,7261,7493
WBGene00008152.,16,580,596
WBGene00008153.,10,14,24
WBGene00008154.,4,3,7
WBGene00008155.,23,107,130
WBGene00008156.,10,20,30
WBGene00008157.,1,9,10
WBGene00008158.,2,4,6
WBGene00008159.,3,2,5
WBGene00008160.,4,6,10
WBGene00008161.,2,19,21
WBGene00008162.,4,3,7
WBGene00008163.,0,3,3
WBGene00008164.,52,3346,3398
WBGene00008165.,33,1669,1702
WBGene00008166.,52,1642,1694
WBGene00008167.,210,1481,1691
WBGene00008168.,63,775,838
WBGene00008169.,15,228,243
WBGene00008170.,22,570,592
WBGene00008171.,8,137,145
WBGene00008172.,0,214,214
WBGene00008173.,21,732,753
WBGene00008174.,35,354,389
WBGene00008175.,3,13,16
WBGene00008176.,11,102,113
WBGene00008177.,63,552,615
WBGene00008178.,156,76,232
WBGene00008179.,0,0,0
WBGene00008180.,53,897,950
WBGene00008183.,1858,2855,4713
WBGene00008184.,5,116,121
WBGene00008185.,19,27,46
WBGene00008186.,13,14,27
WBGene00008187.,52,35,87
WBGene00008188.,5,1,6
WBGene00008190.,33,26,59
WBGene00008191.,196,9303,9499
WBGene00008192.,2,1,3
WBGene00008193.,2,60,62
WBGene00008194.,331,3270,3601
WBGene00008195.,103,998,1101
WBGene00008196.,0,59,59
WBGene00008197.,68,714,782
WBGene00008198.,43,2214,2257
WBGene00008199.,149,2102,2251
WBGene00008200.,35,441,476
WBGene00008201.,6,15,21
WBGene00008202.,1,58,59
WBGene00008203.,35,281,316
WBGene00008204.,26,596,622
WBGene00008205.,1252,49646,50898
WBGene00008206.,150,1283,1433
WBGene00008207.,1,19,20
WBGene00008208.,21,275,296
WBGene00008209.,3,19,22
WBGene00008210.,17,136,153
WBGene00008211.,156,5472,5628
WBGene00008212.,13,226,239
WBGene00008213.,66,698,764
WBGene00008214.,182,1099,1281
WBGene00008215.,19,4005,4024
WBGene00008216.,21,177,198
WBGene00008217.,1,0,1
WBGene00008218.,33,2682,2715
WBGene00008219.,14,1248,1262
WBGene00008220.,16,1286,1302
WBGene00008221.,91,1521,1612
WBGene00008222.,27,167,194
WBGene00008223.,13,4,17
WBGene00008224.,436,5733,6169
WBGene00008225.,46,2036,2082
WBGene00008226.,501,6083,6584
WBGene00008227.,448,3233,3681
WBGene00008228.,58,2059,2117
WBGene00008229.,510,13783,14293
WBGene00008230.,50,163,213
WBGene00008231.,2,27,29
WBGene00008232.,18,689,707
WBGene00008233.,42,1365,1407
WBGene00008234.,34,423,457
WBGene00008235.,10,64,74
WBGene00008236.,32,578,610
WBGene00008237.,143,2731,2874
WBGene00008238.,44,1522,1566
WBGene00008239.,58,1100,1158
WBGene00008240.,4,18,22
WBGene00008241.,3,4,7
WBGene00008242.,0,18,18
WBGene00008243.,2,4,6
WBGene00008244.,0,1,1
WBGene00008245.,3,68,71
WBGene00008246.,30,492,522
WBGene00008247.,113,52,165
WBGene00008248.,4,159,163
WBGene00008249.,45,89,134
WBGene00008250.,22,76,98
WBGene00008251.,50,161,211
WBGene00008252.,24,226,250
WBGene00008253.,0,49,49
WBGene00008254.,186,975,1161
WBGene00008255.,535,7375,7910
WBGene00008256.,80,513,593
WBGene00008257.,4,104,108
WBGene00008258.,71,3473,3544
WBGene00008259.,2,22,24
WBGene00008260.,35,625,660
WBGene00008261.,43,190,233
WBGene00008262.,1209,87155,88364
WBGene00008263.,236,316,552
WBGene00008265.,408,922,1330
WBGene00008266.,69,1348,1417
WBGene00008267.,10,158,168
WBGene00008268.,3,0,3
WBGene00008269.,0,32,32
WBGene00008270.,226,634,860
WBGene00008271.,3,21,24
WBGene00008272.,43,77,120
WBGene00008273.,231,2503,2734
WBGene00008274.,545,4661,5206
WBGene00008275.,67,815,882
WBGene00008277.,19,20,39
WBGene00008278.,246,321,567
WBGene00008279.,64,4,68
WBGene00008280.,40,293,333
WBGene00008281.,45,934,979
WBGene00008282.,10,9,19
WBGene00008283.,117,1431,1548
WBGene00008284.,138,969,1107
WBGene00008285.,30,26,56
WBGene00008286.,19,4,23
WBGene00008287.,132,765,897
WBGene00008288.,88,1286,1374
WBGene00008289.,0,0,0
WBGene00008290.,7,63,70
WBGene00008291.,1,1,2
WBGene00008292.,17,286,303
WBGene00008293.,2,1,3
WBGene00008294.,0,9,9
WBGene00008295.,0,0,0
WBGene00008296.,447,4727,5174
WBGene00008297.,3,6,9
WBGene00008298.,2599,44203,46802
WBGene00008299.,9,10,19
WBGene00008300.,20,355,375
WBGene00008301.,25,113,138
WBGene00008302.,16,45,61
WBGene00008303.,52,330,382
WBGene00008304.,24,297,321
WBGene00008306.,0,9,9
WBGene00008307.,332,856,1188
WBGene00008308.,2,4,6
WBGene00008309.,33,255,288
WBGene00008310.,92,911,1003
WBGene00008311.,166,3559,3725
WBGene00008312.,10,4,14
WBGene00008313.,4,14,18
WBGene00008314.,61,226,287
WBGene00008315.,226,1525,1751
WBGene00008316.,88,777,865
WBGene00008317.,124,1506,1630
WBGene00008318.,11,699,710
WBGene00008319.,0,7,7
WBGene00008320.,49,344,393
WBGene00008321.,1,0,1
WBGene00008322.,0,1,1
WBGene00008323.,8,464,472
WBGene00008324.,1,45,46
WBGene00008325.,23,27,50
WBGene00008326.,0,0,0
WBGene00008327.,3,6,9
WBGene00008328.,2,0,2
WBGene00008330.,24,1800,1824
WBGene00008331.,253,3407,3660
WBGene00008332.,45,675,720
WBGene00008333.,53,1265,1318
WBGene00008334.,161,1468,1629
WBGene00008335.,111,1927,2038
WBGene00008336.,32,701,733
WBGene00008337.,0,0,0
WBGene00008338.,283,4572,4855
WBGene00008339.,76,1383,1459
WBGene00008340.,4,25,29
WBGene00008341.,70,1945,2015
WBGene00008342.,115,635,750
WBGene00008343.,24,2085,2109
WBGene00008344.,224,2304,2528
WBGene00008345.,130,2511,2641
WBGene00008346.,15,128,143
WBGene00008348.,226,642,868
WBGene00008349.,11,45,56
WBGene00008350.,16,51,67
WBGene00008351.,0,8,8
WBGene00008352.,32,884,916
WBGene00008353.,7,688,695
WBGene00008354.,106,2644,2750
WBGene00008355.,21,88,109
WBGene00008356.,19,16550,16569
WBGene00008357.,8,2452,2460
WBGene00008358.,21,4339,4360
WBGene00008359.,43,8478,8521
WBGene00008360.,5,3922,3927
WBGene00008361.,56,845,901
WBGene00008362.,97,2904,3001
WBGene00008363.,23,583,606
WBGene00008364.,28,982,1010
WBGene00008365.,16,85,101
WBGene00008366.,472,1855,2327
WBGene00008367.,1,15,16
WBGene00008368.,332,1622,1954
WBGene00008369.,245,1021,1266
WBGene00008370.,224,2286,2510
WBGene00008371.,143,1569,1712
WBGene00008372.,39,369,408
WBGene00008373.,4,11,15
WBGene00008374.,11,11,22
WBGene00008375.,45,6505,6550
WBGene00008376.,471,3869,4340
WBGene00008377.,0,4,4
WBGene00008378.,0,2,2
WBGene00008379.,28,482,510
WBGene00008380.,90,2252,2342
WBGene00008381.,1,2,3
WBGene00008382.,50,474,524
WBGene00008383.,0,13,13
WBGene00008384.,5,191,196
WBGene00008385.,30,683,713
WBGene00008386.,379,6197,6576
WBGene00008387.,25,159,184
WBGene00008388.,32,257,289
WBGene00008389.,44,1227,1271
WBGene00008390.,123,916,1039
WBGene00008392.,1338,12513,13851
WBGene00008393.,1,5,6
WBGene00008394.,2,3,5
WBGene00008395.,513,6261,6774
WBGene00008396.,0,22,22
WBGene00008397.,0,1,1
WBGene00008398.,431,5346,5777
WBGene00008399.,85,625,710
WBGene00008400.,207,2493,2700
WBGene00008401.,55,345,400
WBGene00008402.,56,1508,1564
WBGene00008403.,47,291,338
WBGene00008404.,42,2209,2251
WBGene00008405.,28,3514,3542
WBGene00008407.,687,2456,3143
WBGene00008408.,125,6609,6734
WBGene00008409.,122,4451,4573
WBGene00008410.,88,2645,2733
WBGene00008411.,72,2239,2311
WBGene00008412.,223,2719,2942
WBGene00008413.,67,2004,2071
WBGene00008414.,494,21950,22444
WBGene00008415.,226,9643,9869
WBGene00008417.,25,690,715
WBGene00008418.,49,520,569
WBGene00008419.,1089,6210,7299
WBGene00008420.,352,2918,3270
WBGene00008421.,199,1385,1584
WBGene00008422.,48,2353,2401
WBGene00008423.,6,33,39
WBGene00008424.,22,319,341
WBGene00008425.,78,1193,1271
WBGene00008426.,72,440,512
WBGene00008427.,12,67,79
WBGene00008428.,58,1731,1789
WBGene00008429.,100,1750,1850
WBGene00008430.,640,5292,5932
WBGene00008431.,260,1157,1417
WBGene00008432.,126,1203,1329
WBGene00008433.,4,7,11
WBGene00008434.,18,793,811
WBGene00008435.,195,1165,1360
WBGene00008436.,361,4105,4466
WBGene00008438.,1568,4820,6388
WBGene00008439.,237,1312,1549
WBGene00008440.,9,315,324
WBGene00008441.,248,981,1229
WBGene00008442.,248,1086,1334
WBGene00008443.,3485,1992,5477
WBGene00008444.,1093,2000,3093
WBGene00008446.,947,17897,18844
WBGene00008447.,37,785,822
WBGene00008448.,0,37,37
WBGene00008449.,18,298,316
WBGene00008450.,42,2421,2463
WBGene00008451.,38,499,537
WBGene00008452.,182,6012,6194
WBGene00008453.,480,3944,4424
WBGene00008454.,34,2304,2338
WBGene00008455.,190,3616,3806
WBGene00008456.,20,884,904
WBGene00008457.,105,677,782
WBGene00008458.,148,2141,2289
WBGene00008459.,173,2380,2553
WBGene00008460.,110,115,225
WBGene00008462.,31,531,562
WBGene00008463.,0,41,41
WBGene00008464.,0,1,1
WBGene00008465.,78,1,79
WBGene00008468.,8,11,19
WBGene00008470.,0,0,0
WBGene00008471.,2,1,3
WBGene00008472.,8,4,12
WBGene00008473.,2,2,4
WBGene00008474.,1,0,1
WBGene00008475.,11,54,65
WBGene00008476.,103,288,391
WBGene00008477.,1,2317,2318
WBGene00008478.,2,8,10
WBGene00008479.,1,0,1
WBGene00008480.,159,7926,8085
WBGene00008481.,42,302,344
WBGene00008482.,8,148,156
WBGene00008483.,49,502,551
WBGene00008484.,34,3335,3369
WBGene00008485.,10,41,51
WBGene00008486.,152,12180,12332
WBGene00008487.,60,206,266
WBGene00008488.,53,591,644
WBGene00008489.,34,60,94
WBGene00008490.,44,622,666
WBGene00008491.,138,144,282
WBGene00008492.,94,2008,2102
WBGene00008493.,7,118,125
WBGene00008494.,77,1572,1649
WBGene00008495.,210,4031,4241
WBGene00008496.,29,309,338
WBGene00008497.,3,4,7
WBGene00008498.,46,407,453
WBGene00008499.,153,1439,1592
WBGene00008500.,164,302,466
WBGene00008501.,0,1,1
WBGene00008502.,206,2747,2953
WBGene00008503.,16,458,474
WBGene00008504.,39,1453,1492
WBGene00008505.,500,78103,78603
WBGene00008506.,183,27267,27450
WBGene00008507.,3,16,19
WBGene00008508.,1,31,32
WBGene00008509.,20,2086,2106
WBGene00008510.,295,3398,3693
WBGene00008511.,15,107,122
WBGene00008512.,37,113,150
WBGene00008513.,131,491,622
WBGene00008514.,66,4658,4724
WBGene00008515.,194,1419,1613
WBGene00008516.,17,461,478
WBGene00008517.,21,254,275
WBGene00008518.,37,83,120
WBGene00008519.,414,1732,2146
WBGene00008520.,98,143,241
WBGene00008521.,239,3766,4005
WBGene00008522.,8,1180,1188
WBGene00008523.,6,1,7
WBGene00008524.,12,22,34
WBGene00008526.,0,5,5
WBGene00008527.,4,1,5
WBGene00008528.,202,2334,2536
WBGene00008529.,8,59,67
WBGene00008530.,334,5827,6161
WBGene00008531.,268,1681,1949
WBGene00008532.,192,4592,4784
WBGene00008533.,260,1338,1598
WBGene00008534.,3,2,5
WBGene00008535.,6,9,15
WBGene00008536.,3,1,4
WBGene00008537.,26,12,38
WBGene00008538.,609,5353,5962
WBGene00008539.,4,6,10
WBGene00008540.,4,1,5
WBGene00008541.,4,12,16
WBGene00008542.,52,1378,1430
WBGene00008543.,50,771,821
WBGene00008545.,44,89,133
WBGene00008546.,143,1462,1605
WBGene00008547.,296,2142,2438
WBGene00008548.,149,2196,2345
WBGene00008549.,1023,13804,14827
WBGene00008550.,12,48,60
WBGene00008551.,2,39,41
WBGene00008552.,0,2,2
WBGene00008553.,8,303,311
WBGene00008554.,150,4024,4174
WBGene00008555.,2554,4805,7359
WBGene00008556.,27,16,43
WBGene00008557.,121,789,910
WBGene00008558.,18,133,151
WBGene00008559.,7,85,92
WBGene00008560.,70,1154,1224
WBGene00008561.,20,117,137
WBGene00008563.,3,1852,1855
WBGene00008564.,149,3121,3270
WBGene00008565.,292,4341,4633
WBGene00008566.,6,310,316
WBGene00008567.,24,1545,1569
WBGene00008568.,26,95,121
WBGene00008569.,13,425,438
WBGene00008570.,781,1730,2511
WBGene00008571.,181,640,821
WBGene00008572.,1269,32001,33270
WBGene00008574.,3,2,5
WBGene00008575.,22,464,486
WBGene00008576.,0,2057,2057
WBGene00008577.,0,4899,4899
WBGene00008578.,84,736,820
WBGene00008579.,406,1644,2050
WBGene00008580.,18,166,184
WBGene00008581.,1,2,3
WBGene00008582.,247,5022,5269
WBGene00008583.,265,1477,1742
WBGene00008584.,596,10831,11427
WBGene00008585.,76,1069,1145
WBGene00008586.,225,5827,6052
WBGene00008587.,17,381,398
WBGene00008588.,25,533,558
WBGene00008589.,249,1487,1736
WBGene00008590.,0,34,34
WBGene00008591.,22,753,775
WBGene00008592.,0,483,483
WBGene00008593.,28,217,245
WBGene00008594.,66,2038,2104
WBGene00008595.,132,1565,1697
WBGene00008596.,43,611,654
WBGene00008597.,16,135,151
WBGene00008598.,17,355,372
WBGene00008599.,31,377,408
WBGene00008600.,314,120,434
WBGene00008601.,2763,5329,8092
WBGene00008602.,768,7505,8273
WBGene00008603.,483,6153,6636
WBGene00008604.,115,1101,1216
WBGene00008605.,120,729,849
WBGene00008606.,91,1000,1091
WBGene00008607.,1981,25013,26994
WBGene00008609.,10,84,94
WBGene00008610.,207,6848,7055
WBGene00008611.,0,6,6
WBGene00008612.,36,12,48
WBGene00008613.,18,175,193
WBGene00008615.,18,171,189
WBGene00008616.,20,406,426
WBGene00008617.,5,19,24
WBGene00008618.,6,45,51
WBGene00008619.,1,1,2
WBGene00008620.,0,12,12
WBGene00008621.,185,1592,1777
WBGene00008622.,273,4363,4636
WBGene00008623.,140,35,175
WBGene00008624.,348,4641,4989
WBGene00008625.,12,149,161
WBGene00008626.,41,623,664
WBGene00008627.,3,0,3
WBGene00008628.,240,36382,36622
WBGene00008629.,40,987,1027
WBGene00008630.,9,78,87
WBGene00008631.,0,40,40
WBGene00008632.,5,105,110
WBGene00008633.,3,185,188
WBGene00008634.,16,792,808
WBGene00008635.,17,15,32
WBGene00008636.,3,20,23
WBGene00008637.,1,5,6
WBGene00008638.,0,1,1
WBGene00008639.,57,958,1015
WBGene00008640.,2,73,75
WBGene00008641.,23,572,595
WBGene00008642.,9,2177,2186
WBGene00008643.,3,114,117
WBGene00008644.,35,523,558
WBGene00008645.,40,1546,1586
WBGene00008646.,53,1485,1538
WBGene00008647.,10,94,104
WBGene00008648.,195,1729,1924
WBGene00008649.,1,44,45
WBGene00008650.,7,8,15
WBGene00008651.,4,11,15
WBGene00008652.,26,516,542
WBGene00008654.,162,418,580
WBGene00008655.,58,680,738
WBGene00008656.,29,449,478
WBGene00008657.,10,6,16
WBGene00008658.,1,8,9
WBGene00008659.,1,12,13
WBGene00008660.,4,15,19
WBGene00008661.,4,8,12
WBGene00008662.,46,290,336
WBGene00008663.,29,671,700
WBGene00008664.,14,3518,3532
WBGene00008665.,11837,1507,13344
WBGene00008666.,210,2383,2593
WBGene00008667.,134,652,786
WBGene00008669.,318,4246,4564
WBGene00008670.,271,2065,2336
WBGene00008671.,0,32,32
WBGene00008672.,0,12,12
WBGene00008673.,4,10,14
WBGene00008675.,1,1,2
WBGene00008676.,4,3,7
WBGene00008677.,5,97,102
WBGene00008678.,2,54,56
WBGene00008679.,2,12,14
WBGene00008680.,1,30,31
WBGene00008681.,69,637,706
WBGene00008682.,107,3663,3770
WBGene00008683.,169,2094,2263
WBGene00008684.,50,505,555
WBGene00008685.,133,1592,1725
WBGene00008686.,149,688,837
WBGene00008687.,36,1652,1688
WBGene00008688.,359,6694,7053
WBGene00008690.,339,2747,3086
WBGene00008691.,24,954,978
WBGene00008692.,104,1741,1845
WBGene00008693.,1,74,75
WBGene00008694.,1144,9500,10644
WBGene00008695.,54,131,185
WBGene00008696.,1,1,2
WBGene00008698.,4,3,7
WBGene00008699.,0,1,1
WBGene00008700.,1,3,4
WBGene00008701.,4,2,6
WBGene00008702.,0,0,0
WBGene00008703.,0,0,0
WBGene00008706.,1493,6298,7791
WBGene00008707.,47,6008,6055
WBGene00008708.,45,142,187
WBGene00008709.,43,248,291
WBGene00008710.,29,1973,2002
WBGene00008711.,240,597,837
WBGene00008712.,19,83,102
WBGene00008713.,36,199,235
WBGene00008714.,45,136,181
WBGene00008716.,3,11,14
WBGene00008717.,2,1,3
WBGene00008719.,16,69,85
WBGene00008720.,301,4325,4626
WBGene00008722.,50,1512,1562
WBGene00008723.,7,3,10
WBGene00008724.,3,11,14
WBGene00008725.,0,2,2
WBGene00008726.,186,1863,2049
WBGene00008727.,23,106,129
WBGene00008728.,4,61,65
WBGene00008729.,219,6043,6262
WBGene00008730.,87,404,491
WBGene00008731.,169,699,868
WBGene00008732.,30,267,297
WBGene00008733.,66,1050,1116
WBGene00008734.,1,26,27
WBGene00008735.,668,2175,2843
WBGene00008736.,32,265,297
WBGene00008737.,6,81,87
WBGene00008739.,16,100,116
WBGene00008740.,5,515,520
WBGene00008741.,1659,33338,34997
WBGene00008742.,47,899,946
WBGene00008743.,7,249,256
WBGene00008744.,214,3106,3320
WBGene00008745.,198,8315,8513
WBGene00008746.,205,698,903
WBGene00008747.,15,201,216
WBGene00008748.,69,2062,2131
WBGene00008749.,99,2119,2218
WBGene00008750.,534,1135,1669
WBGene00008751.,0,2,2
WBGene00008752.,0,0,0
WBGene00008753.,0,1,1
WBGene00008754.,1,28,29
WBGene00008755.,5,208,213
WBGene00008757.,0,218,218
WBGene00008758.,2,34,36
WBGene00008759.,0,3,3
WBGene00008760.,35,1710,1745
WBGene00008761.,77,1414,1491
WBGene00008762.,9,1011,1020
WBGene00008763.,36,302,338
WBGene00008764.,39,2746,2785
WBGene00008765.,135,6805,6940
WBGene00008766.,133,1197,1330
WBGene00008767.,40,2201,2241
WBGene00008768.,729,7978,8707
WBGene00008769.,45,3650,3695
WBGene00008770.,50,1385,1435
WBGene00008772.,2,2,4
WBGene00008773.,69,943,1012
WBGene00008774.,32,1237,1269
WBGene00008775.,188,2220,2408
WBGene00008776.,73,646,719
WBGene00008777.,1295,4959,6254
WBGene00008778.,4,12,16
WBGene00008779.,285,638,923
WBGene00008780.,467,3971,4438
WBGene00008781.,264,4994,5258
WBGene00008782.,1,15,16
WBGene00008783.,350,3021,3371
WBGene00008784.,0,26,26
WBGene00008785.,8,43,51
WBGene00008786.,2,3,5
WBGene00008787.,52,606,658
WBGene00008788.,0,1,1
WBGene00008789.,7,26,33
WBGene00008790.,3,2,5
WBGene00008791.,20,102,122
WBGene00008792.,2,10,12
WBGene00008793.,76,695,771
WBGene00008794.,0,12,12
WBGene00008795.,15,161,176
WBGene00008796.,2,10,12
WBGene00008797.,1,14,15
WBGene00008798.,20,1017,1037
WBGene00008799.,11,121,132
WBGene00008800.,205,5692,5897
WBGene00008801.,12,18,30
WBGene00008802.,28,100,128
WBGene00008803.,1347,7538,8885
WBGene00008804.,20,52,72
WBGene00008805.,86,1419,1505
WBGene00008806.,35,1001,1036
WBGene00008807.,176,2076,2252
WBGene00008808.,26,58,84
WBGene00008809.,26,45,71
WBGene00008810.,970,3537,4507
WBGene00008811.,1,3,4
WBGene00008812.,2,22,24
WBGene00008813.,1,15,16
WBGene00008814.,3,0,3
WBGene00008815.,2,6,8
WBGene00008816.,6,14,20
WBGene00008817.,0,0,0
WBGene00008818.,4,35,39
WBGene00008819.,686,1704,2390
WBGene00008820.,33,4321,4354
WBGene00008821.,6,25,31
WBGene00008822.,3,3,6
WBGene00008823.,0,0,0
WBGene00008824.,2,3,5
WBGene00008825.,2,1,3
WBGene00008826.,1,12,13
WBGene00008827.,3,9,12
WBGene00008828.,0,2,2
WBGene00008829.,14,47,61
WBGene00008830.,15,309,324
WBGene00008831.,26,111,137
WBGene00008832.,158,1591,1749
WBGene00008833.,3,631,634
WBGene00008834.,14,165,179
WBGene00008835.,3,134,137
WBGene00008837.,10,6,16
WBGene00008838.,32,49,81
WBGene00008839.,3,14,17
WBGene00008840.,12,812,824
WBGene00008841.,1122,17382,18504
WBGene00008842.,1,8,9
WBGene00008843.,1,3,4
WBGene00008844.,0,16,16
WBGene00008847.,0,9,9
WBGene00008848.,15,550,565
WBGene00008849.,144,326,470
WBGene00008850.,13,150,163
WBGene00008851.,77,609,686
WBGene00008852.,1313,7000,8313
WBGene00008853.,5,3,8
WBGene00008854.,13,2,15
WBGene00008855.,4,4,8
WBGene00008856.,723,3265,3988
WBGene00008857.,36,21212,21248
WBGene00008858.,8,25,33
WBGene00008859.,3,651,654
WBGene00008860.,1170,13734,14904
WBGene00008861.,23,900,923
WBGene00008862.,34,117,151
WBGene00008863.,2,13,15
WBGene00008865.,66,2124,2190
WBGene00008866.,35,50,85
WBGene00008868.,433,995,1428
WBGene00008869.,34,689,723
WBGene00008870.,3,2,5
WBGene00008871.,18,119,137
WBGene00008872.,5,4,9
WBGene00008873.,7,1,8
WBGene00008874.,16,97,113
WBGene00008875.,16,355,371
WBGene00008876.,358,1804,2162
WBGene00008877.,103,1051,1154
WBGene00008878.,2402,4414,6816
WBGene00008879.,74,139,213
WBGene00008880.,122,932,1054
WBGene00008881.,10,33,43
WBGene00008882.,125,2201,2326
WBGene00008883.,14,114,128
WBGene00008884.,8,27,35
WBGene00008885.,34,436,470
WBGene00008886.,109,218,327
WBGene00008887.,39,1345,1384
WBGene00008889.,6,5,11
WBGene00008890.,82,274,356
WBGene00008891.,6,1413,1419
WBGene00008892.,16,147,163
WBGene00008893.,4,2,6
WBGene00008894.,17,16,33
WBGene00008897.,12,61,73
WBGene00008898.,21,0,21
WBGene00008899.,12,3,15
WBGene00008900.,40,988,1028
WBGene00008901.,2027,26,2053
WBGene00008902.,4,1,5
WBGene00008903.,3,2,5
WBGene00008904.,0,18,18
WBGene00008905.,9,74,83
WBGene00008906.,4,5,9
WBGene00008907.,0,0,0
WBGene00008908.,5,7,12
WBGene00008909.,1,3,4
WBGene00008910.,118,2073,2191
WBGene00008911.,0,3,3
WBGene00008912.,5,95,100
WBGene00008914.,26,6231,6257
WBGene00008915.,326,18146,18472
WBGene00008916.,172,703,875
WBGene00008917.,77,618,695
WBGene00008918.,14,1239,1253
WBGene00008919.,351,5046,5397
WBGene00008920.,23797,329173,352970
WBGene00008921.,180,2269,2449
WBGene00008922.,1355,40139,41494
WBGene00008923.,344,1224,1568
WBGene00008924.,73,819,892
WBGene00008925.,251,5475,5726
WBGene00008926.,160,1293,1453
WBGene00008927.,362,2144,2506
WBGene00008928.,2,1,3
WBGene00008929.,48,1952,2000
WBGene00008930.,960,6699,7659
WBGene00008932.,788,1861,2649
WBGene00008933.,6,34,40
WBGene00008934.,407,3717,4124
WBGene00008935.,16,30,46
WBGene00008936.,145,2588,2733
WBGene00008937.,5,23,28
WBGene00008939.,212,1617,1829
WBGene00008940.,258,2112,2370
WBGene00008941.,92,1,93
WBGene00008942.,1,4,5
WBGene00008943.,0,7,7
WBGene00008944.,731,16828,17559
WBGene00008945.,17,145,162
WBGene00008946.,29,5,34
WBGene00008947.,6,11,17
WBGene00008948.,164,4181,4345
WBGene00008949.,1,31,32
WBGene00008950.,0,5,5
WBGene00008951.,274,1974,2248
WBGene00008952.,111,588,699
WBGene00008953.,233,980,1213
WBGene00008954.,18,315,333
WBGene00008955.,10,37,47
WBGene00008956.,83,404,487
WBGene00008957.,61,1411,1472
WBGene00008958.,3,5,8
WBGene00008959.,0,5,5
WBGene00008960.,4,1,5
WBGene00008961.,15,1487,1502
WBGene00008963.,100,2744,2844
WBGene00008964.,493,980,1473
WBGene00008965.,46,55,101
WBGene00008966.,1,0,1
WBGene00008967.,3,251,254
WBGene00008968.,10,145,155
WBGene00008969.,301,2186,2487
WBGene00008970.,0,297,297
WBGene00008971.,55,1565,1620
WBGene00008972.,2,1,3
WBGene00008973.,78,5009,5087
WBGene00008974.,186,1689,1875
WBGene00008975.,46,2921,2967
WBGene00008976.,3,44,47
WBGene00008977.,36,252,288
WBGene00008978.,64,1004,1068
WBGene00008979.,56,1911,1967
WBGene00008980.,75,2581,2656
WBGene00008981.,2,0,2
WBGene00008982.,0,0,0
WBGene00008983.,1,1,2
WBGene00008984.,2,2,4
WBGene00008985.,44,348,392
WBGene00008986.,225,2909,3134
WBGene00008987.,130,1619,1749
WBGene00008988.,194,1641,1835
WBGene00008989.,87,789,876
WBGene00008990.,172,3442,3614
WBGene00008991.,98,88,186
WBGene00008992.,0,74,74
WBGene00008993.,105,750,855
WBGene00008994.,6,91,97
WBGene00008995.,125,360,485
WBGene00008996.,110,894,1004
WBGene00008997.,172,500,672
WBGene00008998.,260,2186,2446
WBGene00008999.,1714,7651,9365
WBGene00009000.,44,273,317
WBGene00009001.,2,4,6
WBGene00009002.,179,3751,3930
WBGene00009004.,741,24595,25336
WBGene00009005.,24,15,39
WBGene00009006.,23,737,760
WBGene00009007.,68,2184,2252
WBGene00009008.,441,5784,6225
WBGene00009009.,15,376,391
WBGene00009010.,73,1584,1657
WBGene00009011.,39,1929,1968
WBGene00009012.,148,6153,6301
WBGene00009013.,144,4138,4282
WBGene00009014.,21,150,171
WBGene00009015.,14,58,72
WBGene00009016.,10,4,14
WBGene00009017.,0,0,0
WBGene00009018.,32,220,252
WBGene00009019.,0,7,7
WBGene00009020.,4,160,164
WBGene00009021.,0,0,0
WBGene00009023.,81,817,898
WBGene00009024.,13,40,53
WBGene00009025.,83,675,758
WBGene00009026.,20,282,302
WBGene00009027.,130,942,1072
WBGene00009028.,26,42,68
WBGene00009029.,24,55,79
WBGene00009030.,80,660,740
WBGene00009031.,3,48,51
WBGene00009032.,4,4,8
WBGene00009033.,5,14,19
WBGene00009035.,24,174,198
WBGene00009036.,1,1,2
WBGene00009038.,30,0,30
WBGene00009039.,8,26,34
WBGene00009041.,4,55,59
WBGene00009042.,17,819,836
WBGene00009043.,2,9,11
WBGene00009044.,11,20,31
WBGene00009045.,37,3435,3472
WBGene00009046.,2,2,4
WBGene00009047.,0,10,10
WBGene00009048.,40,3476,3516
WBGene00009049.,149,3497,3646
WBGene00009050.,712,22768,23480
WBGene00009051.,719,16047,16766
WBGene00009052.,131,2740,2871
WBGene00009054.,97,684,781
WBGene00009055.,128,409,537
WBGene00009056.,179,2695,2874
WBGene00009057.,114,956,1070
WBGene00009058.,90,3862,3952
WBGene00009059.,48,569,617
WBGene00009060.,204,920,1124
WBGene00009061.,3,22,25
WBGene00009063.,1,2,3
WBGene00009064.,71,940,1011
WBGene00009065.,479,2456,2935
WBGene00009067.,0,8,8
WBGene00009068.,50,392,442
WBGene00009069.,0,8358,8358
WBGene00009070.,3160,142,3302
WBGene00009071.,7,12,19
WBGene00009073.,22,27,49
WBGene00009075.,5,13,18
WBGene00009076.,0,3,3
WBGene00009077.,1,37,38
WBGene00009078.,977,4930,5907
WBGene00009079.,0,2,2
WBGene00009081.,112,1850,1962
WBGene00009082.,76,16299,16375
WBGene00009084.,194,8078,8272
WBGene00009085.,7,49,56
WBGene00009086.,8,16,24
WBGene00009087.,9,919,928
WBGene00009088.,1,1,2
WBGene00009089.,30,376,406
WBGene00009090.,45,1239,1284
WBGene00009091.,118,3380,3498
WBGene00009092.,226,17543,17769
WBGene00009093.,321,2016,2337
WBGene00009094.,190,1087,1277
WBGene00009095.,104,483,587
WBGene00009096.,590,72765,73355
WBGene00009097.,257,57077,57334
WBGene00009098.,671,3420,4091
WBGene00009099.,5,32,37
WBGene00009100.,160,1125,1285
WBGene00009101.,22,299,321
WBGene00009102.,12,547,559
WBGene00009103.,152,5612,5764
WBGene00009104.,1,7,8
WBGene00009106.,71,1182,1253
WBGene00009107.,93,181,274
WBGene00009108.,11,65,76
WBGene00009109.,203,897,1100
WBGene00009110.,21,1828,1849
WBGene00009112.,96,2726,2822
WBGene00009113.,8,94,102
WBGene00009114.,11,9,20
WBGene00009115.,126,135,261
WBGene00009116.,88,1670,1758
WBGene00009117.,7,13,20
WBGene00009118.,79,4035,4114
WBGene00009119.,1795,572025,573820
WBGene00009120.,314,4213,4527
WBGene00009121.,12,634,646
WBGene00009122.,3,119,122
WBGene00009123.,96,4760,4856
WBGene00009124.,133,864,997
WBGene00009125.,84,317,401
WBGene00009126.,389,17091,17480
WBGene00009127.,126,2447,2573
WBGene00009128.,0,2069,2069
WBGene00009129.,11,38,49
WBGene00009130.,6,6,12
WBGene00009131.,137,1941,2078
WBGene00009132.,34,3510,3544
WBGene00009133.,87,1282,1369
WBGene00009134.,17,73,90
WBGene00009135.,30,333,363
WBGene00009136.,24,125,149
WBGene00009137.,42,1120,1162
WBGene00009138.,21,1985,2006
WBGene00009139.,157,2882,3039
WBGene00009140.,149,1519,1668
WBGene00009141.,986,10376,11362
WBGene00009142.,93,10724,10817
WBGene00009143.,27,65,92
WBGene00009144.,12,121,133
WBGene00009145.,230,1367,1597
WBGene00009146.,33,355,388
WBGene00009147.,28,4,32
WBGene00009148.,28,38,66
WBGene00009149.,9,9,18
WBGene00009150.,0,2,2
WBGene00009151.,0,1,1
WBGene00009152.,1,5,6
WBGene00009153.,11,70,81
WBGene00009154.,0,1,1
WBGene00009155.,105,494,599
WBGene00009156.,72,271,343
WBGene00009157.,95,397,492
WBGene00009158.,507,4266,4773
WBGene00009159.,45,1944,1989
WBGene00009160.,13,18,31
WBGene00009161.,1442,65474,66916
WBGene00009162.,392,1186,1578
WBGene00009163.,101,639,740
WBGene00009164.,75,3277,3352
WBGene00009165.,30,4391,4421
WBGene00009166.,14,55,69
WBGene00009167.,0,0,0
WBGene00009168.,4,38,42
WBGene00009169.,6,20,26
WBGene00009170.,0,49,49
WBGene00009171.,9,1,10
WBGene00009172.,271,760,1031
WBGene00009173.,9,132,141
WBGene00009174.,509,2877,3386
WBGene00009176.,14,1031,1045
WBGene00009177.,106,1629,1735
WBGene00009178.,44,47,91
WBGene00009179.,169,1554,1723
WBGene00009180.,2282,44271,46553
WBGene00009182.,37,103,140
WBGene00009183.,10,174,184
WBGene00009184.,4,37,41
WBGene00009185.,1,11,12
WBGene00009186.,2,47,49
WBGene00009187.,1525,14145,15670
WBGene00009188.,883,3726,4609
WBGene00009189.,895,16370,17265
WBGene00009190.,202,1329,1531
WBGene00009191.,8,1309,1317
WBGene00009192.,378,1561,1939
WBGene00009193.,8,12,20
WBGene00009194.,33,104,137
WBGene00009195.,1,2,3
WBGene00009196.,13,7,20
WBGene00009197.,5,4,9
WBGene00009200.,203,3203,3406
WBGene00009201.,128,2231,2359
WBGene00009202.,0,59,59
WBGene00009203.,9,129,138
WBGene00009204.,100,385,485
WBGene00009205.,31,500,531
WBGene00009206.,0,0,0
WBGene00009207.,63,2371,2434
WBGene00009208.,30,190,220
WBGene00009209.,1,16,17
WBGene00009210.,0,6,6
WBGene00009211.,30,5446,5476
WBGene00009212.,0,84,84
WBGene00009213.,0,8,8
WBGene00009214.,0,1,1
WBGene00009215.,0,107,107
WBGene00009216.,0,859,859
WBGene00009217.,88,113,201
WBGene00009218.,78,796,874
WBGene00009219.,133,3347,3480
WBGene00009220.,425,761,1186
WBGene00009221.,135,6793,6928
WBGene00009222.,40,565,605
WBGene00009223.,53,765,818
WBGene00009224.,159,406,565
WBGene00009225.,14,128,142
WBGene00009226.,2,48,50
WBGene00009227.,5,35,40
WBGene00009228.,30,54,84
WBGene00009229.,15,68,83
WBGene00009230.,23,23,46
WBGene00009231.,50,426,476
WBGene00009232.,2,42,44
WBGene00009233.,126,821,947
WBGene00009234.,111,746,857
WBGene00009235.,3,10,13
WBGene00009236.,10,289,299
WBGene00009237.,38,24755,24793
WBGene00009238.,2,10,12
WBGene00009239.,19,179,198
WBGene00009240.,30,126,156
WBGene00009241.,22,973,995
WBGene00009242.,17,112,129
WBGene00009243.,41,836,877
WBGene00009245.,235,1483,1718
WBGene00009246.,153,12657,12810
WBGene00009247.,7,35,42
WBGene00009248.,0,13,13
WBGene00009249.,0,2,2
WBGene00009250.,11,209,220
WBGene00009251.,10,18,28
WBGene00009252.,17,10,27
WBGene00009254.,112,3282,3394
WBGene00009255.,47,230,277
WBGene00009256.,224,2833,3057
WBGene00009257.,36,233,269
WBGene00009258.,111,686,797
WBGene00009259.,211,11934,12145
WBGene00009260.,63,1363,1426
WBGene00009261.,6,99,105
WBGene00009262.,61,2065,2126
WBGene00009263.,38,111,149
WBGene00009264.,261,3264,3525
WBGene00009266.,141,7803,7944
WBGene00009267.,211,3296,3507
WBGene00009268.,8,47,55
WBGene00009269.,2,6,8
WBGene00009270.,13,607,620
WBGene00009271.,227,729,956
WBGene00009272.,20,485,505
WBGene00009274.,130,2804,2934
WBGene00009276.,63,1832,1895
WBGene00009277.,344,951,1295
WBGene00009278.,28,206,234
WBGene00009279.,1,5,6
WBGene00009280.,1,101,102
WBGene00009281.,2,6,8
WBGene00009283.,17,345,362
WBGene00009284.,232,1728,1960
WBGene00009285.,101,2207,2308
WBGene00009286.,69,535,604
WBGene00009287.,85,902,987
WBGene00009288.,122,646,768
WBGene00009289.,62,2079,2141
WBGene00009290.,122,3832,3954
WBGene00009291.,144,605,749
WBGene00009292.,64,403,467
WBGene00009293.,18,620,638
WBGene00009294.,839,13812,14651
WBGene00009295.,3,4,7
WBGene00009296.,4,95,99
WBGene00009297.,0,2,2
WBGene00009298.,2,11,13
WBGene00009299.,20,179,199
WBGene00009300.,0,1,1
WBGene00009301.,1,4,5
WBGene00009302.,0,0,0
WBGene00009303.,9,2,11
WBGene00009304.,442,1934,2376
WBGene00009305.,150,2463,2613
WBGene00009306.,20,3035,3055
WBGene00009307.,94,8662,8756
WBGene00009308.,2,15,17
WBGene00009309.,0,11,11
WBGene00009310.,1,0,1
WBGene00009311.,18,7,25
WBGene00009312.,919,49,968
WBGene00009313.,7,18,25
WBGene00009314.,431,1630,2061
WBGene00009315.,526,2662,3188
WBGene00009316.,1,2,3
WBGene00009318.,10,14,24
WBGene00009319.,233,8299,8532
WBGene00009320.,208,1121,1329
WBGene00009321.,0,0,0
WBGene00009322.,203,3702,3905
WBGene00009323.,43,1562,1605
WBGene00009324.,15,24,39
WBGene00009325.,172,817,989
WBGene00009326.,25,155,180
WBGene00009327.,5,15,20
WBGene00009328.,1,36,37
WBGene00009329.,87,914,1001
WBGene00009330.,64,6342,6406
WBGene00009331.,6,257,263
WBGene00009332.,5,107,112
WBGene00009333.,36,1030,1066
WBGene00009334.,426,6457,6883
WBGene00009335.,35,189,224
WBGene00009336.,108,3604,3712
WBGene00009337.,1020,5886,6906
WBGene00009338.,21,5,26
WBGene00009339.,4,37,41
WBGene00009340.,355,4440,4795
WBGene00009341.,23,1022,1045
WBGene00009342.,472,12864,13336
WBGene00009343.,62,698,760
WBGene00009344.,0,1,1
WBGene00009345.,15,34,49
WBGene00009346.,40,300,340
WBGene00009347.,272,4308,4580
WBGene00009349.,1,553,554
WBGene00009350.,52,409,461
WBGene00009352.,90,3172,3262
WBGene00009353.,222,17405,17627
WBGene00009354.,164,721,885
WBGene00009355.,13,812,825
WBGene00009356.,15,137,152
WBGene00009357.,17,143,160
WBGene00009358.,128,2025,2153
WBGene00009359.,0,1,1
WBGene00009360.,13,7,20
WBGene00009361.,31,360,391
WBGene00009362.,5,11,16
WBGene00009363.,0,5,5
WBGene00009364.,10,1235,1245
WBGene00009365.,166,1809,1975
WBGene00009366.,93,1320,1413
WBGene00009367.,382,12443,12825
WBGene00009368.,160,2009,2169
WBGene00009369.,149,1840,1989
WBGene00009370.,115,419,534
WBGene00009371.,46,382,428
WBGene00009372.,229,1590,1819
WBGene00009373.,94,1038,1132
WBGene00009374.,266,4889,5155
WBGene00009375.,282,1400,1682
WBGene00009377.,2,4,6
WBGene00009378.,0,1,1
WBGene00009380.,67,1466,1533
WBGene00009381.,5,42,47
WBGene00009382.,8,38,46
WBGene00009383.,1900,35242,37142
WBGene00009384.,3,203,206
WBGene00009385.,76,2183,2259
WBGene00009386.,10,547,557
WBGene00009387.,34,201,235
WBGene00009388.,446,9425,9871
WBGene00009389.,354,2418,2772
WBGene00009390.,19,69,88
WBGene00009391.,2,0,2
WBGene00009392.,2,2,4
WBGene00009393.,36,1076,1112
WBGene00009394.,1644,40777,42421
WBGene00009395.,40,398,438
WBGene00009396.,223,4305,4528
WBGene00009397.,50,2043,2093
WBGene00009398.,1,53,54
WBGene00009399.,83,837,920
WBGene00009400.,27,143,170
WBGene00009401.,4,217,221
WBGene00009402.,3,29,32
WBGene00009403.,36,1007,1043
WBGene00009404.,4,571,575
WBGene00009405.,36,969,1005
WBGene00009406.,70,564,634
WBGene00009408.,0,172,172
WBGene00009409.,3,1,4
WBGene00009410.,2,2,4
WBGene00009411.,2,4,6
WBGene00009412.,13,18,31
WBGene00009413.,20,56,76
WBGene00009414.,2,2,4
WBGene00009415.,0,1,1
WBGene00009416.,6,58,64
WBGene00009417.,0,2,2
WBGene00009418.,1,29,30
WBGene00009419.,0,0,0
WBGene00009420.,0,0,0
WBGene00009421.,2,1,3
WBGene00009422.,0,4,4
WBGene00009423.,0,1,1
WBGene00009424.,24,2,26
WBGene00009425.,6,10,16
WBGene00009426.,6,0,6
WBGene00009427.,2,13,15
WBGene00009428.,106,214,320
WBGene00009429.,27,254,281
WBGene00009430.,335,5556,5891
WBGene00009431.,152,2522,2674
WBGene00009432.,226,3315,3541
WBGene00009433.,1063,4494,5557
WBGene00009434.,348,2773,3121
WBGene00009435.,223,2521,2744
WBGene00009436.,22,4692,4714
WBGene00009437.,31,210,241
WBGene00009438.,10,121,131
WBGene00009439.,267,2368,2635
WBGene00009440.,287,12935,13222
WBGene00009441.,68,930,998
WBGene00009442.,38,251,289
WBGene00009443.,96,3110,3206
WBGene00009444.,63,1530,1593
WBGene00009445.,48,2073,2121
WBGene00009446.,1,2,3
WBGene00009447.,8,171,179
WBGene00009448.,37,1284,1321
WBGene00009449.,10,29,39
WBGene00009450.,60,2624,2684
WBGene00009451.,218,4823,5041
WBGene00009452.,233,1729,1962
WBGene00009453.,294,1637,1931
WBGene00009454.,3764,63733,67497
WBGene00009455.,305,3632,3937
WBGene00009456.,210,2466,2676
WBGene00009457.,5,27,32
WBGene00009458.,3,3,6
WBGene00009459.,7,27,34
WBGene00009460.,342,7037,7379
WBGene00009461.,110,728,838
WBGene00009462.,178,158,336
WBGene00009463.,4,0,4
WBGene00009464.,9,5,14
WBGene00009465.,3,23,26
WBGene00009466.,45,653,698
WBGene00009467.,6,32,38
WBGene00009468.,38,216,254
WBGene00009469.,71,880,951
WBGene00009470.,1,5,6
WBGene00009471.,3,3,6
WBGene00009472.,2,10,12
WBGene00009473.,0,0,0
WBGene00009474.,0,0,0
WBGene00009475.,715,7423,8138
WBGene00009476.,162,2536,2698
WBGene00009477.,932,6123,7055
WBGene00009478.,102,3203,3305
WBGene00009479.,71,1728,1799
WBGene00009480.,19,128,147
WBGene00009481.,5,258,263
WBGene00009482.,257,3054,3311
WBGene00009483.,12,1792,1804
WBGene00009484.,253,544,797
WBGene00009485.,10,95,105
WBGene00009486.,1,10,11
WBGene00009487.,3,34,37
WBGene00009488.,5,44,49
WBGene00009489.,1,10,11
WBGene00009490.,16,323,339
WBGene00009491.,9,1,10
WBGene00009492.,7,28,35
WBGene00009493.,9,1490,1499
WBGene00009494.,4,74,78
WBGene00009495.,77,567,644
WBGene00009496.,25,342,367
WBGene00009497.,1,5,6
WBGene00009498.,650,3484,4134
WBGene00009499.,347,1710,2057
WBGene00009500.,87,1090,1177
WBGene00009501.,20,3,23
WBGene00009502.,1,2,3
WBGene00009503.,117,1888,2005
WBGene00009504.,14,596,610
WBGene00009505.,25,1474,1499
WBGene00009507.,171,1349,1520
WBGene00009508.,133,1760,1893
WBGene00009509.,5,70,75
WBGene00009510.,10,35,45
WBGene00009511.,46,199,245
WBGene00009512.,113,6852,6965
WBGene00009513.,13,13,26
WBGene00009514.,1517,19610,21127
WBGene00009515.,89,600,689
WBGene00009517.,6,48,54
WBGene00009518.,198,1563,1761
WBGene00009519.,1,31,32
WBGene00009520.,5,1,6
WBGene00009521.,635,4156,4791
WBGene00009522.,66,648,714
WBGene00009523.,50,116,166
WBGene00009524.,2,2,4
WBGene00009525.,3,0,3
WBGene00009526.,78,676,754
WBGene00009527.,33,0,33
WBGene00009528.,72,360,432
WBGene00009529.,8,1489,1497
WBGene00009530.,154,210,364
WBGene00009531.,997,12364,13361
WBGene00009532.,1454,3484,4938
WBGene00009533.,25,526,551
WBGene00009534.,336,4756,5092
WBGene00009535.,41,4,45
WBGene00009536.,123,273,396
WBGene00009537.,0,21,21
WBGene00009538.,0,0,0
WBGene00009539.,0,0,0
WBGene00009540.,5,15,20
WBGene00009541.,175,230,405
WBGene00009542.,71,4555,4626
WBGene00009543.,53,425,478
WBGene00009544.,128,776,904
WBGene00009546.,1,4,5
WBGene00009547.,108,1254,1362
WBGene00009548.,7,4,11
WBGene00009549.,2,14,16
WBGene00009550.,0,2,2
WBGene00009551.,22,367,389
WBGene00009552.,123,1264,1387
WBGene00009553.,32,1040,1072
WBGene00009554.,14,1574,1588
WBGene00009555.,0,0,0
WBGene00009556.,38,656,694
WBGene00009557.,59,321,380
WBGene00009558.,410,2323,2733
WBGene00009559.,22,3946,3968
WBGene00009560.,131,567,698
WBGene00009561.,18,92,110
WBGene00009562.,374,9451,9825
WBGene00009563.,177,3231,3408
WBGene00009565.,135,2160,2295
WBGene00009566.,0,2,2
WBGene00009567.,1,0,1
WBGene00009568.,1,0,1
WBGene00009569.,2,10,12
WBGene00009570.,0,9,9
WBGene00009571.,2,37,39
WBGene00009572.,1,47,48
WBGene00009573.,159,1992,2151
WBGene00009574.,623,4017,4640
WBGene00009575.,24,7046,7070
WBGene00009576.,3,154,157
WBGene00009577.,534,9754,10288
WBGene00009578.,302,10131,10433
WBGene00009579.,275,691,966
WBGene00009580.,164,5627,5791
WBGene00009581.,33,166,199
WBGene00009582.,97,1200,1297
WBGene00009583.,317,9690,10007
WBGene00009584.,1976,22768,24744
WBGene00009585.,82,65,147
WBGene00009586.,91,2306,2397
WBGene00009587.,373,4982,5355
WBGene00009588.,15113,4241,19354
WBGene00009589.,9839,3160,12999
WBGene00009590.,0,0,0
WBGene00009592.,6,3,9
WBGene00009593.,7,11,18
WBGene00009594.,986,3650,4636
WBGene00009595.,296,1724,2020
WBGene00009596.,2,5,7
WBGene00009597.,25,204,229
WBGene00009598.,2,9,11
WBGene00009599.,0,2,2
WBGene00009600.,5,35,40
WBGene00009601.,22,291,313
WBGene00009602.,86,23,109
WBGene00009603.,12,2,14
WBGene00009604.,0,22,22
WBGene00009605.,9,12,21
WBGene00009606.,1,2,3
WBGene00009607.,1,0,1
WBGene00009608.,4,51,55
WBGene00009609.,2,5,7
WBGene00009610.,0,0,0
WBGene00009611.,47,101,148
WBGene00009612.,0,6,6
WBGene00009613.,1,0,1
WBGene00009614.,12,35,47
WBGene00009615.,0,0,0
WBGene00009616.,5,5,10
WBGene00009617.,66,768,834
WBGene00009618.,26,210,236
WBGene00009619.,69,701,770
WBGene00009620.,965,3639,4604
WBGene00009621.,0,14050,14050
WBGene00009622.,32,68,100
WBGene00009623.,570,315,885
WBGene00009624.,2062,5132,7194
WBGene00009625.,23,102,125
WBGene00009626.,125,2188,2313
WBGene00009627.,19,529,548
WBGene00009628.,36,3965,4001
WBGene00009629.,122,306,428
WBGene00009630.,9,12,21
WBGene00009631.,0,3,3
WBGene00009632.,295,2932,3227
WBGene00009633.,5,11,16
WBGene00009634.,9,665,674
WBGene00009635.,68,1226,1294
WBGene00009636.,71,1006,1077
WBGene00009637.,0,352,352
WBGene00009638.,56,6514,6570
WBGene00009639.,2,503,505
WBGene00009640.,3,207,210
WBGene00009641.,1,7,8
WBGene00009642.,144,1298,1442
WBGene00009643.,0,119,119
WBGene00009644.,0,10,10
WBGene00009645.,70,723,793
WBGene00009646.,4,0,4
WBGene00009647.,71,129,200
WBGene00009648.,5,871,876
WBGene00009649.,102,204,306
WBGene00009650.,52,2560,2612
WBGene00009651.,3,5,8
WBGene00009652.,7,28,35
WBGene00009653.,48,333,381
WBGene00009654.,359,1488,1847
WBGene00009656.,0,76,76
WBGene00009657.,167,1427,1594
WBGene00009658.,0,6,6
WBGene00009659.,0,2,2
WBGene00009660.,638,4516,5154
WBGene00009661.,139,5618,5757
WBGene00009662.,1,3,4
WBGene00009663.,3,70,73
WBGene00009664.,257,19940,20197
WBGene00009665.,18,955,973
WBGene00009666.,83,3393,3476
WBGene00009667.,704,434,1138
WBGene00009668.,76,2576,2652
WBGene00009670.,3,5,8
WBGene00009671.,166,5477,5643
WBGene00009672.,220,2699,2919
WBGene00009673.,72,593,665
WBGene00009674.,253,4633,4886
WBGene00009675.,8,46,54
WBGene00009676.,169,1767,1936
WBGene00009677.,22,783,805
WBGene00009678.,206,1443,1649
WBGene00009679.,87,726,813
WBGene00009680.,0,0,0
WBGene00009681.,0,77,77
WBGene00009682.,0,0,0
WBGene00009683.,5,38,43
WBGene00009684.,0,0,0
WBGene00009685.,3,4,7
WBGene00009686.,41,316,357
WBGene00009687.,0,1,1
WBGene00009688.,2204,24503,26707
WBGene00009689.,2,3,5
WBGene00009690.,15,17,32
WBGene00009691.,0,29532,29532
WBGene00009692.,0,9030,9030
WBGene00009693.,3,5,8
WBGene00009695.,6,4,10
WBGene00009696.,20,125,145
WBGene00009697.,0,59,59
WBGene00009698.,0,13,13
WBGene00009700.,180,2110,2290
WBGene00009701.,4,125,129
WBGene00009702.,15,255,270
WBGene00009704.,1,2,3
WBGene00009705.,2,4,6
WBGene00009706.,21,409,430
WBGene00009707.,0,2,2
WBGene00009708.,5,5,10
WBGene00009709.,81,101,182
WBGene00009710.,315,5022,5337
WBGene00009711.,358,3909,4267
WBGene00009712.,13,12336,12349
WBGene00009713.,716,5104,5820
WBGene00009714.,0,30,30
WBGene00009715.,60,1551,1611
WBGene00009716.,28,436,464
WBGene00009717.,456,3824,4280
WBGene00009720.,15,301,316
WBGene00009721.,12,18,30
WBGene00009722.,46,3636,3682
WBGene00009723.,74,7397,7471
WBGene00009724.,53,5465,5518
WBGene00009725.,2,5,7
WBGene00009726.,73,478,551
WBGene00009727.,41,398,439
WBGene00009728.,3,8,11
WBGene00009729.,30,226,256
WBGene00009730.,855,9971,10826
WBGene00009731.,81,1185,1266
WBGene00009732.,450,12394,12844
WBGene00009733.,9,534,543
WBGene00009734.,198,3173,3371
WBGene00009735.,30,398,428
WBGene00009736.,275,2276,2551
WBGene00009738.,156,544,700
WBGene00009739.,2899,10816,13715
WBGene00009740.,591,22516,23107
WBGene00009741.,166,1876,2042
WBGene00009742.,4,455,459
WBGene00009743.,39,321,360
WBGene00009744.,72,1138,1210
WBGene00009745.,51,1140,1191
WBGene00009746.,0,0,0
WBGene00009747.,0,4,4
WBGene00009748.,0,4,4
WBGene00009749.,3,1,4
WBGene00009750.,0,0,0
WBGene00009751.,3,23,26
WBGene00009752.,0,22,22
WBGene00009753.,7,4,11
WBGene00009754.,2,51,53
WBGene00009755.,1,4,5
WBGene00009756.,3,1,4
WBGene00009757.,8,27,35
WBGene00009758.,2,0,2
WBGene00009759.,0,0,0
WBGene00009760.,1,5,6
WBGene00009761.,2,1,3
WBGene00009762.,1,2,3
WBGene00009763.,2,3,5
WBGene00009764.,3,24,27
WBGene00009765.,3,1,4
WBGene00009766.,6,0,6
WBGene00009767.,0,1,1
WBGene00009768.,23,87,110
WBGene00009769.,26,811,837
WBGene00009770.,159,1958,2117
WBGene00009771.,181,3453,3634
WBGene00009772.,269,29548,29817
WBGene00009773.,34,3384,3418
WBGene00009774.,12,975,987
WBGene00009775.,1,5,6
WBGene00009776.,60,1190,1250
WBGene00009777.,71,165,236
WBGene00009778.,3,60,63
WBGene00009779.,109,1310,1419
WBGene00009780.,59,499,558
WBGene00009781.,346,2152,2498
WBGene00009782.,34,472,506
WBGene00009783.,127,5736,5863
WBGene00009784.,63,2804,2867
WBGene00009785.,106,1421,1527
WBGene00009786.,0,9,9
WBGene00009787.,755,135166,135921
WBGene00009788.,3,4,7
WBGene00009789.,309,432,741
WBGene00009790.,50,506,556
WBGene00009791.,21,76,97
WBGene00009793.,60,3888,3948
WBGene00009796.,559,14623,15182
WBGene00009797.,422,3401,3823
WBGene00009798.,46,358,404
WBGene00009799.,255,1924,2179
WBGene00009800.,112,1295,1407
WBGene00009801.,106,1350,1456
WBGene00009802.,1,7,8
WBGene00009803.,123,2168,2291
WBGene00009804.,295,5873,6168
WBGene00009805.,1,5,6
WBGene00009806.,17,215,232
WBGene00009807.,14,100,114
WBGene00009808.,2,234,236
WBGene00009809.,39,611,650
WBGene00009810.,7,121,128
WBGene00009811.,4,31,35
WBGene00009812.,130,15875,16005
WBGene00009813.,339,7879,8218
WBGene00009814.,4,108,112
WBGene00009815.,0,9,9
WBGene00009816.,3,25,28
WBGene00009817.,4,31,35
WBGene00009818.,411,3416,3827
WBGene00009819.,97,658,755
WBGene00009820.,31,292,323
WBGene00009822.,73,67,140
WBGene00009823.,30,441,471
WBGene00009824.,41,2789,2830
WBGene00009825.,132,974,1106
WBGene00009826.,15,113,128
WBGene00009827.,22,57,79
WBGene00009828.,23,1,24
WBGene00009829.,76,8413,8489
WBGene00009830.,8,124,132
WBGene00009831.,39,1531,1570
WBGene00009833.,0,11,11
WBGene00009834.,2,9,11
WBGene00009835.,43,149,192
WBGene00009836.,45,9,54
WBGene00009837.,5,25,30
WBGene00009838.,25,102,127
WBGene00009839.,4,32,36
WBGene00009840.,18,66,84
WBGene00009841.,5,20,25
WBGene00009842.,63,1492,1555
WBGene00009843.,70,1400,1470
WBGene00009844.,32,199,231
WBGene00009846.,119,130,249
WBGene00009848.,307,2504,2811
WBGene00009849.,26,35,61
WBGene00009850.,45,1464,1509
WBGene00009851.,47,3049,3096
WBGene00009852.,6,211,217
WBGene00009853.,0,1,1
WBGene00009854.,1,117,118
WBGene00009855.,4,73,77
WBGene00009856.,3,6,9
WBGene00009857.,0,80,80
WBGene00009858.,0,0,0
WBGene00009859.,1,101,102
WBGene00009860.,1,3,4
WBGene00009861.,0,8,8
WBGene00009862.,1,42,43
WBGene00009863.,2,2,4
WBGene00009864.,2,0,2
WBGene00009865.,206,2651,2857
WBGene00009866.,0,2,2
WBGene00009867.,37,44,81
WBGene00009868.,0,0,0
WBGene00009869.,2,3,5
WBGene00009871.,1,0,1
WBGene00009872.,2,15,17
WBGene00009873.,2,3,5
WBGene00009874.,3,21,24
WBGene00009875.,7,4,11
WBGene00009876.,91,576,667
WBGene00009877.,85,1370,1455
WBGene00009878.,20,2285,2305
WBGene00009879.,27,133,160
WBGene00009880.,508,7464,7972
WBGene00009881.,302,9326,9628
WBGene00009882.,137,20345,20482
WBGene00009883.,144,1368,1512
WBGene00009884.,10,63,73
WBGene00009885.,35,420,455
WBGene00009886.,235,4932,5167
WBGene00009887.,42,681,723
WBGene00009888.,5039,57052,62091
WBGene00009889.,108,639,747
WBGene00009890.,15,54,69
WBGene00009891.,16,54,70
WBGene00009892.,0,1,1
WBGene00009893.,6,3,9
WBGene00009894.,1,3,4
WBGene00009895.,368,6244,6612
WBGene00009896.,446,12186,12632
WBGene00009897.,11,35,46
WBGene00009898.,1,13,14
WBGene00009899.,122,1966,2088
WBGene00009900.,2,176,178
WBGene00009901.,54,568,622
WBGene00009902.,35,427,462
WBGene00009903.,13,144,157
WBGene00009904.,21,126,147
WBGene00009905.,2,1,3
WBGene00009906.,5,0,5
WBGene00009907.,11,54,65
WBGene00009908.,12,30,42
WBGene00009909.,0,0,0
WBGene00009910.,1,9,10
WBGene00009911.,1,4,5
WBGene00009912.,20,27,47
WBGene00009913.,1,0,1
WBGene00009914.,2,36,38
WBGene00009915.,45,8946,8991
WBGene00009916.,128,916,1044
WBGene00009917.,544,3414,3958
WBGene00009918.,65,12288,12353
WBGene00009919.,210,3957,4167
WBGene00009920.,1489,11740,13229
WBGene00009921.,14,440,454
WBGene00009922.,75,1466,1541
WBGene00009923.,37,454,491
WBGene00009924.,156,1857,2013
WBGene00009925.,11,4501,4512
WBGene00009926.,80,1882,1962
WBGene00009927.,162,856,1018
WBGene00009929.,45,203,248
WBGene00009930.,27,999,1026
WBGene00009931.,13,295,308
WBGene00009933.,1,13,14
WBGene00009935.,96,1079,1175
WBGene00009936.,0,0,0
WBGene00009937.,114,969,1083
WBGene00009938.,1,6,7
WBGene00009939.,58,792,850
WBGene00009940.,205,5717,5922
WBGene00009941.,0,1,1
WBGene00009942.,8,39,47
WBGene00009943.,150,752,902
WBGene00009944.,65,1968,2033
WBGene00009945.,289,5335,5624
WBGene00009946.,12,161,173
WBGene00009947.,225,3245,3470
WBGene00009948.,3,131,134
WBGene00009949.,55,268,323
WBGene00009950.,6,11,17
WBGene00009951.,54,385,439
WBGene00009952.,657,17164,17821
WBGene00009953.,78,696,774
WBGene00009954.,1,1,2
WBGene00009955.,3,774,777
WBGene00009956.,10,11,21
WBGene00009957.,497,8405,8902
WBGene00009958.,267,3220,3487
WBGene00009959.,2,14,16
WBGene00009960.,0,4,4
WBGene00009961.,2,5,7
WBGene00009962.,47,20,67
WBGene00009963.,7,10,17
WBGene00009964.,22,145,167
WBGene00009965.,53,497,550
WBGene00009966.,42,3242,3284
WBGene00009967.,12,89,101
WBGene00009968.,172,2528,2700
WBGene00009969.,89,974,1063
WBGene00009971.,238,1197,1435
WBGene00009972.,86,86,172
WBGene00009973.,1121,25971,27092
WBGene00009974.,397,6321,6718
WBGene00009975.,1665,4504,6169
WBGene00009976.,117,1887,2004
WBGene00009977.,193,1420,1613
WBGene00009978.,2048,2863,4911
WBGene00009979.,88,24,112
WBGene00009980.,128,4126,4254
WBGene00009981.,92,1605,1697
WBGene00009982.,88,52512,52600
WBGene00009983.,2,13239,13241
WBGene00009984.,304,567,871
WBGene00009985.,38,515,553
WBGene00009986.,60,824,884
WBGene00009987.,109,2728,2837
WBGene00009988.,51,68,119
WBGene00009990.,2,5,7
WBGene00009991.,5,55,60
WBGene00009992.,692,26449,27141
WBGene00009993.,17,14518,14535
WBGene00009994.,27,1094,1121
WBGene00009995.,8326,82633,90959
WBGene00009996.,91,3077,3168
WBGene00009997.,2,8,10
WBGene00009998.,13,79,92
WBGene00009999.,5,22,27
WBGene00010000.,7,27,34
WBGene00010001.,28,3105,3133
WBGene00010002.,85,1119,1204
WBGene00010003.,243,731,974
WBGene00010004.,45,50,95
WBGene00010005.,10,9,19
WBGene00010006.,2455,1345,3800
WBGene00010007.,4,7,11
WBGene00010008.,18,141,159
WBGene00010009.,34,379,413
WBGene00010010.,82,704,786
WBGene00010011.,16,198,214
WBGene00010012.,2165,11398,13563
WBGene00010013.,323,7016,7339
WBGene00010014.,4,33,37
WBGene00010015.,85,12039,12124
WBGene00010016.,2,3,5
WBGene00010017.,0,1,1
WBGene00010018.,13,152,165
WBGene00010019.,141,862,1003
WBGene00010020.,0,3,3
WBGene00010021.,1,4,5
WBGene00010022.,0,10,10
WBGene00010023.,1,77,78
WBGene00010024.,0,3,3
WBGene00010025.,4,31,35
WBGene00010026.,1,2,3
WBGene00010027.,41,134,175
WBGene00010028.,58,1602,1660
WBGene00010030.,0,3,3
WBGene00010031.,8,519,527
WBGene00010032.,58,1847,1905
WBGene00010033.,40,1021,1061
WBGene00010034.,8,56,64
WBGene00010035.,6,26,32
WBGene00010036.,2,58,60
WBGene00010037.,372,10735,11107
WBGene00010038.,125,1942,2067
WBGene00010039.,209,1070,1279
WBGene00010040.,36,2298,2334
WBGene00010041.,0,5438,5438
WBGene00010042.,90,1972,2062
WBGene00010043.,135,1055,1190
WBGene00010044.,542,7992,8534
WBGene00010045.,279,2143,2422
WBGene00010046.,5,109,114
WBGene00010047.,257,4053,4310
WBGene00010048.,79,831,910
WBGene00010049.,1488,14525,16013
WBGene00010050.,601,4896,5497
WBGene00010051.,87,1078,1165
WBGene00010052.,50,4767,4817
WBGene00010053.,0,11,11
WBGene00010054.,0,915,915
WBGene00010055.,1469,14630,16099
WBGene00010056.,10,2695,2705
WBGene00010057.,191,1869,2060
WBGene00010058.,16,11,27
WBGene00010059.,121,5611,5732
WBGene00010060.,34,194,228
WBGene00010061.,56,1440,1496
WBGene00010062.,151,1944,2095
WBGene00010063.,225,1959,2184
WBGene00010064.,5,243,248
WBGene00010065.,1,24,25
WBGene00010066.,2,10,12
WBGene00010067.,1,0,1
WBGene00010068.,10,237,247
WBGene00010069.,72,118,190
WBGene00010070.,2567,22981,25548
WBGene00010071.,544,119,663
WBGene00010072.,40,209,249
WBGene00010073.,214,729,943
WBGene00010074.,117,490,607
WBGene00010075.,30,4561,4591
WBGene00010077.,95,453,548
WBGene00010079.,433,1232,1665
WBGene00010080.,50,566,616
WBGene00010081.,5,223,228
WBGene00010082.,3,463,466
WBGene00010083.,470,3577,4047
WBGene00010084.,4,6,10
WBGene00010085.,1,2,3
WBGene00010086.,893,2342,3235
WBGene00010087.,2,0,2
WBGene00010088.,33,216,249
WBGene00010089.,82,976,1058
WBGene00010091.,0,1,1
WBGene00010092.,3,4,7
WBGene00010093.,12,1281,1293
WBGene00010094.,116,9198,9314
WBGene00010095.,43,221,264
WBGene00010096.,237,2120,2357
WBGene00010097.,131,5433,5564
WBGene00010098.,0,17,17
WBGene00010099.,0,0,0
WBGene00010100.,1,22,23
WBGene00010101.,0,4,4
WBGene00010102.,0,14,14
WBGene00010103.,5,0,5
WBGene00010104.,0,1,1
WBGene00010105.,0,5,5
WBGene00010106.,0,33,33
WBGene00010107.,0,4,4
WBGene00010108.,1,5,6
WBGene00010109.,54,2243,2297
WBGene00010110.,127,1421,1548
WBGene00010111.,220,1775,1995
WBGene00010112.,3,20,23
WBGene00010113.,375,2119,2494
WBGene00010114.,3,0,3
WBGene00010115.,202,1777,1979
WBGene00010116.,112,1019,1131
WBGene00010117.,491,11681,12172
WBGene00010118.,24,134,158
WBGene00010119.,4,31,35
WBGene00010120.,1,11,12
WBGene00010121.,7,10,17
WBGene00010122.,2,21,23
WBGene00010123.,146,3039,3185
WBGene00010124.,26,602,628
WBGene00010125.,20,424,444
WBGene00010126.,0,0,0
WBGene00010127.,1,2,3
WBGene00010128.,57,942,999
WBGene00010129.,0,0,0
WBGene00010130.,278,19724,20002
WBGene00010131.,36,1084,1120
WBGene00010132.,262,1103,1365
WBGene00010133.,4143,1656,5799
WBGene00010134.,158,723,881
WBGene00010135.,1,2144,2145
WBGene00010136.,5,30,35
WBGene00010137.,189,406,595
WBGene00010138.,42,132,174
WBGene00010139.,273,7001,7274
WBGene00010140.,27,384,411
WBGene00010141.,68,675,743
WBGene00010142.,43,454,497
WBGene00010143.,13,135,148
WBGene00010144.,72,402,474
WBGene00010145.,55,7,62
WBGene00010146.,593,1900,2493
WBGene00010147.,1,6,7
WBGene00010148.,28,410,438
WBGene00010149.,0,1,1
WBGene00010150.,676,2871,3547
WBGene00010152.,2,11,13
WBGene00010153.,0,18,18
WBGene00010155.,13,62,75
WBGene00010157.,5,12,17
WBGene00010158.,0,0,0
WBGene00010159.,418,1732,2150
WBGene00010160.,265,1166,1431
WBGene00010161.,445,1111,1556
WBGene00010162.,0,4,4
WBGene00010163.,97,379,476
WBGene00010165.,39,40,79
WBGene00010166.,4,18,22
WBGene00010167.,22,4,26
WBGene00010168.,11,31,42
WBGene00010169.,0,1,1
WBGene00010170.,1,4,5
WBGene00010171.,1,3,4
WBGene00010172.,2,4,6
WBGene00010173.,8,20,28
WBGene00010174.,633,9648,10281
WBGene00010175.,200,1172,1372
WBGene00010176.,12,37,49
WBGene00010177.,1204,6468,7672
WBGene00010178.,196,2789,2985
WBGene00010179.,95,678,773
WBGene00010180.,2,8,10
WBGene00010181.,3,1,4
WBGene00010182.,0,16,16
WBGene00010183.,4,82,86
WBGene00010184.,0,21,21
WBGene00010185.,8,40,48
WBGene00010186.,5,157,162
WBGene00010187.,15,60,75
WBGene00010188.,16,586,602
WBGene00010189.,17,219,236
WBGene00010191.,76,2738,2814
WBGene00010192.,32,1027,1059
WBGene00010193.,6,288,294
WBGene00010194.,1,77,78
WBGene00010195.,9,191,200
WBGene00010196.,2,6,8
WBGene00010197.,74,2897,2971
WBGene00010198.,82,653,735
WBGene00010199.,181,5266,5447
WBGene00010200.,143,439,582
WBGene00010202.,13,513,526
WBGene00010203.,1,11,12
WBGene00010204.,100,61785,61885
WBGene00010205.,16,291,307
WBGene00010206.,0,0,0
WBGene00010209.,3,7,10
WBGene00010212.,406,52,458
WBGene00010214.,41,310,351
WBGene00010215.,20,104,124
WBGene00010216.,1,1,2
WBGene00010217.,6,40,46
WBGene00010218.,4,40,44
WBGene00010219.,0,0,0
WBGene00010220.,14,22,36
WBGene00010221.,129,8607,8736
WBGene00010222.,61,191,252
WBGene00010223.,29,109,138
WBGene00010224.,86,431,517
WBGene00010225.,145,2840,2985
WBGene00010226.,5,29,34
WBGene00010227.,23,622,645
WBGene00010228.,53,10,63
WBGene00010229.,116,1277,1393
WBGene00010230.,129,5605,5734
WBGene00010231.,336,7992,8328
WBGene00010232.,141,5842,5983
WBGene00010233.,59,879,938
WBGene00010234.,0,949,949
WBGene00010235.,25,414,439
WBGene00010236.,171,4527,4698
WBGene00010237.,10,65,75
WBGene00010238.,265,5676,5941
WBGene00010239.,46,1261,1307
WBGene00010240.,6,5,11
WBGene00010241.,3,41,44
WBGene00010242.,156,1369,1525
WBGene00010243.,20,112,132
WBGene00010244.,607,11253,11860
WBGene00010245.,2,4,6
WBGene00010246.,7,31,38
WBGene00010247.,2,3,5
WBGene00010248.,58,225,283
WBGene00010249.,14,1,15
WBGene00010250.,44,88,132
WBGene00010251.,472,1686,2158
WBGene00010253.,43,356,399
WBGene00010254.,0,9,9
WBGene00010255.,0,6,6
WBGene00010256.,289,3427,3716
WBGene00010257.,2,91,93
WBGene00010258.,85,1210,1295
WBGene00010259.,1466,4058,5524
WBGene00010260.,261,23525,23786
WBGene00010261.,4,10,14
WBGene00010262.,408,10422,10830
WBGene00010263.,5,240,245
WBGene00010264.,102,485,587
WBGene00010265.,3,7,10
WBGene00010266.,1522,32017,33539
WBGene00010267.,22,180,202
WBGene00010268.,35,801,836
WBGene00010269.,42,2570,2612
WBGene00010270.,0,0,0
WBGene00010271.,1,0,1
WBGene00010272.,365,3508,3873
WBGene00010273.,7,57,64
WBGene00010274.,159,1941,2100
WBGene00010275.,210,811,1021
WBGene00010276.,0,0,0
WBGene00010277.,34,1426,1460
WBGene00010278.,9,384,393
WBGene00010279.,181,7078,7259
WBGene00010280.,144,3947,4091
WBGene00010281.,13,402,415
WBGene00010282.,28,72,100
WBGene00010283.,45,664,709
WBGene00010284.,248,6042,6290
WBGene00010285.,13,252,265
WBGene00010286.,70,1473,1543
WBGene00010288.,107,1135,1242
WBGene00010289.,1,49,50
WBGene00010290.,56,4620,4676
WBGene00010291.,125,322,447
WBGene00010292.,0,1,1
WBGene00010293.,22,226,248
WBGene00010294.,14,124,138
WBGene00010295.,28,263,291
WBGene00010296.,16,3952,3968
WBGene00010297.,21,102,123
WBGene00010298.,5,17,22
WBGene00010299.,1,7,8
WBGene00010300.,2,0,2
WBGene00010301.,3,1,4
WBGene00010303.,413,44974,45387
WBGene00010304.,151,1027,1178
WBGene00010305.,126,2244,2370
WBGene00010306.,1307,5952,7259
WBGene00010307.,10,1851,1861
WBGene00010308.,124,1489,1613
WBGene00010309.,32,342,374
WBGene00010310.,28,404,432
WBGene00010311.,6,174,180
WBGene00010313.,41,86,127
WBGene00010314.,3,10,13
WBGene00010315.,98,667,765
WBGene00010316.,306,1162,1468
WBGene00010317.,514,38199,38713
WBGene00010318.,40,245,285
WBGene00010319.,193,2266,2459
WBGene00010320.,173,1017,1190
WBGene00010321.,91,1857,1948
WBGene00010322.,69,60,129
WBGene00010323.,5,5,10
WBGene00010324.,1,0,1
WBGene00010325.,16,1745,1761
WBGene00010326.,1467,15077,16544
WBGene00010327.,397,524,921
WBGene00010328.,128,2415,2543
WBGene00010329.,96,1167,1263
WBGene00010330.,538762,328,539090
WBGene00010331.,69,278,347
WBGene00010332.,11,621,632
WBGene00010333.,303,7580,7883
WBGene00010334.,228,1378,1606
WBGene00010335.,668,3042,3710
WBGene00010336.,58,666,724
WBGene00010337.,1236,12979,14215
WBGene00010338.,148,1214,1362
WBGene00010339.,52,2881,2933
WBGene00010340.,95,820,915
WBGene00010341.,134,1264,1398
WBGene00010342.,83,212,295
WBGene00010343.,5,16,21
WBGene00010344.,44,274,318
WBGene00010345.,64,374,438
WBGene00010348.,13,1004,1017
WBGene00010349.,52,302,354
WBGene00010350.,513,1479,1992
WBGene00010351.,4,429,433
WBGene00010352.,8,15,23
WBGene00010353.,0,102,102
WBGene00010354.,27,173,200
WBGene00010355.,0,4,4
WBGene00010356.,69,1495,1564
WBGene00010357.,150,2056,2206
WBGene00010358.,2,4,6
WBGene00010359.,6,6,12
WBGene00010360.,4,7,11
WBGene00010361.,2,25,27
WBGene00010362.,1,369,370
WBGene00010363.,14,212,226
WBGene00010364.,2,21,23
WBGene00010365.,8,7,15
WBGene00010366.,24,6,30
WBGene00010367.,39,392,431
WBGene00010368.,6,19,25
WBGene00010369.,222,6333,6555
WBGene00010370.,816,6696,7512
WBGene00010371.,0,48,48
WBGene00010372.,27,55,82
WBGene00010373.,4,36,40
WBGene00010374.,560,2424,2984
WBGene00010375.,13,378,391
WBGene00010376.,0,0,0
WBGene00010377.,0,0,0
WBGene00010378.,5,68,73
WBGene00010379.,0,0,0
WBGene00010380.,4,10,14
WBGene00010381.,3,2,5
WBGene00010382.,0,61,61
WBGene00010383.,122,1596,1718
WBGene00010385.,276,641,917
WBGene00010386.,276,319,595
WBGene00010387.,1,41,42
WBGene00010388.,7,9,16
WBGene00010389.,13,5,18
WBGene00010390.,1,29,30
WBGene00010391.,3,5,8
WBGene00010392.,5,1,6
WBGene00010394.,18,11,29
WBGene00010395.,0,0,0
WBGene00010396.,22,308,330
WBGene00010397.,16,939,955
WBGene00010399.,0,0,0
WBGene00010400.,0,0,0
WBGene00010401.,1,7,8
WBGene00010402.,7,31,38
WBGene00010403.,18,103,121
WBGene00010404.,0,0,0
WBGene00010405.,149,7498,7647
WBGene00010406.,63,5369,5432
WBGene00010407.,99,2339,2438
WBGene00010408.,129,2977,3106
WBGene00010409.,83,804,887
WBGene00010410.,0,1,1
WBGene00010411.,1,9,10
WBGene00010412.,0,3,3
WBGene00010413.,0,4,4
WBGene00010414.,2,10,12
WBGene00010415.,5,4,9
WBGene00010416.,339,2818,3157
WBGene00010417.,0,0,0
WBGene00010418.,59,1333,1392
WBGene00010419.,5375,202446,207821
WBGene00010420.,126,1174,1300
WBGene00010421.,171,1147,1318
WBGene00010422.,79,1157,1236
WBGene00010423.,80,117,197
WBGene00010424.,11,190,201
WBGene00010425.,294,13979,14273
WBGene00010426.,17,35,52
WBGene00010427.,969,1374,2343
WBGene00010428.,213,3105,3318
WBGene00010430.,0,0,0
WBGene00010431.,0,0,0
WBGene00010432.,11,28,39
WBGene00010433.,103,1828,1931
WBGene00010434.,125,212,337
WBGene00010435.,378,7109,7487
WBGene00010436.,0,383,383
WBGene00010437.,100,1352,1452
WBGene00010439.,62,1157,1219
WBGene00010440.,814,12158,12972
WBGene00010442.,77,787,864
WBGene00010444.,817,2785,3602
WBGene00010446.,3,57,60
WBGene00010447.,4,17,21
WBGene00010448.,83,296,379
WBGene00010449.,64,694,758
WBGene00010450.,171,2056,2227
WBGene00010451.,38,11,49
WBGene00010453.,98,570,668
WBGene00010454.,38,326,364
WBGene00010455.,37,326,363
WBGene00010456.,103,2633,2736
WBGene00010457.,8,206,214
WBGene00010458.,33,2694,2727
WBGene00010459.,6,1469,1475
WBGene00010460.,8,18,26
WBGene00010461.,0,12,12
WBGene00010463.,14,3,17
WBGene00010464.,25,200,225
WBGene00010465.,181,2380,2561
WBGene00010466.,0,15,15
WBGene00010467.,0,13,13
WBGene00010468.,5,143,148
WBGene00010469.,2,36,38
WBGene00010470.,378,2657,3035
WBGene00010471.,594,8631,9225
WBGene00010472.,9,1527,1536
WBGene00010473.,72,474,546
WBGene00010474.,0,0,0
WBGene00010475.,668,1086,1754
WBGene00010476.,41,1986,2027
WBGene00010477.,4,244,248
WBGene00010478.,170,35059,35229
WBGene00010479.,206,1902,2108
WBGene00010480.,1316,7266,8582
WBGene00010481.,28,1111,1139
WBGene00010483.,0,4,4
WBGene00010484.,119,2165,2284
WBGene00010485.,0,51,51
WBGene00010486.,2,0,2
WBGene00010487.,31,27,58
WBGene00010488.,596,5255,5851
WBGene00010491.,5,1077,1082
WBGene00010492.,0,3,3
WBGene00010493.,3,6,9
WBGene00010494.,2,7,9
WBGene00010495.,4,21,25
WBGene00010496.,148,1725,1873
WBGene00010497.,122,1034,1156
WBGene00010498.,112,1047,1159
WBGene00010499.,4,32,36
WBGene00010500.,369,3885,4254
WBGene00010501.,30,482,512
WBGene00010502.,90,1764,1854
WBGene00010503.,98,1030,1128
WBGene00010504.,31,623,654
WBGene00010505.,73,616,689
WBGene00010506.,50,138,188
WBGene00010507.,190,6222,6412
WBGene00010508.,13,10,23
WBGene00010509.,1,3,4
WBGene00010510.,5,4,9
WBGene00010511.,4,5,9
WBGene00010512.,120,2438,2558
WBGene00010513.,149,1851,2000
WBGene00010514.,216,3020,3236
WBGene00010515.,138,2822,2960
WBGene00010516.,75,1272,1347
WBGene00010517.,2,1,3
WBGene00010518.,0,0,0
WBGene00010519.,11,24,35
WBGene00010520.,111,540,651
WBGene00010521.,39,175,214
WBGene00010522.,125,1145,1270
WBGene00010523.,3,0,3
WBGene00010524.,25,4171,4196
WBGene00010525.,29,441,470
WBGene00010526.,0,6,6
WBGene00010527.,2,4,6
WBGene00010528.,0,8,8
WBGene00010529.,2,6,8
WBGene00010530.,2,10,12
WBGene00010531.,0,3,3
WBGene00010534.,15,0,15
WBGene00010535.,1,1,2
WBGene00010536.,0,1,1
WBGene00010537.,317,689,1006
WBGene00010538.,32,76,108
WBGene00010539.,296,4281,4577
WBGene00010540.,78,1383,1461
WBGene00010541.,381,4656,5037
WBGene00010542.,6,665,671
WBGene00010543.,2,1,3
WBGene00010544.,0,0,0
WBGene00010545.,0,104,104
WBGene00010546.,5,197,202
WBGene00010547.,1,0,1
WBGene00010550.,137,1846,1983
WBGene00010551.,154,1562,1716
WBGene00010552.,45,791,836
WBGene00010553.,26,401,427
WBGene00010554.,13,110,123
WBGene00010555.,0,5,5
WBGene00010556.,2113,337904,340017
WBGene00010557.,37,1962,1999
WBGene00010558.,199,601,800
WBGene00010559.,17,652,669
WBGene00010560.,450,16942,17392
WBGene00010562.,97,2067,2164
WBGene00010563.,28,45,73
WBGene00010564.,216,3615,3831
WBGene00010565.,14,823,837
WBGene00010566.,62,255,317
WBGene00010567.,146,1792,1938
WBGene00010568.,0,32,32
WBGene00010569.,68,602,670
WBGene00010570.,0,1,1
WBGene00010571.,25,210,235
WBGene00010572.,28,438,466
WBGene00010573.,101,3490,3591
WBGene00010574.,3,45,48
WBGene00010575.,109,2959,3068
WBGene00010576.,2,0,2
WBGene00010577.,4,0,4
WBGene00010578.,3,4,7
WBGene00010579.,49,10318,10367
WBGene00010580.,23,49,72
WBGene00010581.,1,76,77
WBGene00010582.,284,4021,4305
WBGene00010583.,1,1679,1680
WBGene00010584.,3,35,38
WBGene00010585.,333,767,1100
WBGene00010586.,4,9,13
WBGene00010587.,253,349,602
WBGene00010588.,0,3,3
WBGene00010589.,3,41,44
WBGene00010590.,0,1,1
WBGene00010591.,1,11,12
WBGene00010592.,52,366,418
WBGene00010593.,588,10971,11559
WBGene00010594.,63,411,474
WBGene00010595.,194,1437,1631
WBGene00010596.,0,4,4
WBGene00010597.,865,912,1777
WBGene00010598.,3,10,13
WBGene00010599.,12,24,36
WBGene00010600.,2,15,17
WBGene00010601.,1,7,8
WBGene00010602.,2,21,23
WBGene00010603.,15,170,185
WBGene00010604.,2,103,105
WBGene00010605.,1574,12492,14066
WBGene00010606.,18,68,86
WBGene00010607.,21,11,32
WBGene00010608.,34,486,520
WBGene00010609.,246,2722,2968
WBGene00010610.,237,2470,2707
WBGene00010611.,2,2,4
WBGene00010612.,0,2,2
WBGene00010613.,5,7,12
WBGene00010614.,16,30,46
WBGene00010615.,160,2217,2377
WBGene00010616.,208,12089,12297
WBGene00010617.,11,126,137
WBGene00010618.,0,0,0
WBGene00010619.,194,1729,1923
WBGene00010620.,163,2910,3073
WBGene00010621.,5,339,344
WBGene00010622.,76,1272,1348
WBGene00010623.,24,121,145
WBGene00010624.,344,5410,5754
WBGene00010625.,127,2106,2233
WBGene00010626.,553,3805,4358
WBGene00010627.,1887,36996,38883
WBGene00010628.,88,1023,1111
WBGene00010629.,156,4423,4579
WBGene00010630.,66,350,416
WBGene00010631.,305,4525,4830
WBGene00010632.,285,1549,1834
WBGene00010633.,0,2,2
WBGene00010634.,0,2,2
WBGene00010635.,0,3,3
WBGene00010636.,17,135,152
WBGene00010637.,39,337,376
WBGene00010638.,432,3865,4297
WBGene00010639.,291,6236,6527
WBGene00010640.,2,751,753
WBGene00010641.,137,3208,3345
WBGene00010642.,85,602,687
WBGene00010643.,131,1038,1169
WBGene00010644.,74,773,847
WBGene00010645.,226,3580,3806
WBGene00010646.,36,222,258
WBGene00010647.,5,1385,1390
WBGene00010648.,120,1499,1619
WBGene00010649.,191,1744,1935
WBGene00010650.,1,1,2
WBGene00010651.,4,1,5
WBGene00010652.,3,17,20
WBGene00010653.,0,3,3
WBGene00010654.,6,16,22
WBGene00010655.,11,26,37
WBGene00010656.,7,33,40
WBGene00010657.,108,1855,1963
WBGene00010658.,215,5747,5962
WBGene00010659.,48,429,477
WBGene00010660.,284,2343,2627
WBGene00010661.,15,521,536
WBGene00010662.,3,13,16
WBGene00010663.,122,404,526
WBGene00010664.,138,3433,3571
WBGene00010665.,697,7774,8471
WBGene00010666.,1,648,649
WBGene00010667.,115,987,1102
WBGene00010669.,49,157,206
WBGene00010670.,30,3963,3993
WBGene00010671.,31,1462,1493
WBGene00010672.,2,3,5
WBGene00010673.,14,71,85
WBGene00010674.,25,827,852
WBGene00010675.,195,1936,2131
WBGene00010676.,134,2429,2563
WBGene00010677.,139,14538,14677
WBGene00010678.,27,627,654
WBGene00010679.,5,18,23
WBGene00010680.,14,51,65
WBGene00010681.,885,25221,26106
WBGene00010682.,24,333,357
WBGene00010683.,0,435,435
WBGene00010684.,91,66,157
WBGene00010685.,126,2058,2184
WBGene00010686.,32,672,704
WBGene00010687.,85,2210,2295
WBGene00010688.,2,11,13
WBGene00010689.,1,11,12
WBGene00010690.,0,2,2
WBGene00010691.,4,41,45
WBGene00010692.,1,13,14
WBGene00010693.,69,180,249
WBGene00010694.,18,30,48
WBGene00010697.,148,2874,3022
WBGene00010698.,7,19,26
WBGene00010699.,358,3478,3836
WBGene00010700.,311,4772,5083
WBGene00010701.,95,4941,5036
WBGene00010702.,88,635,723
WBGene00010703.,1558,8724,10282
WBGene00010704.,13,630,643
WBGene00010705.,23,230,253
WBGene00010706.,9,90,99
WBGene00010707.,2,4,6
WBGene00010708.,10,75,85
WBGene00010709.,177,818,995
WBGene00010711.,0,22,22
WBGene00010712.,5,9,14
WBGene00010713.,347,1609,1956
WBGene00010714.,63,59,122
WBGene00010715.,1,1,2
WBGene00010716.,33,271,304
WBGene00010717.,4,69,73
WBGene00010718.,19,136,155
WBGene00010719.,6,3,9
WBGene00010720.,70,1940,2010
WBGene00010721.,107,1803,1910
WBGene00010722.,147,841,988
WBGene00010723.,17,2556,2573
WBGene00010724.,222,1291,1513
WBGene00010725.,110,1459,1569
WBGene00010726.,25,1907,1932
WBGene00010727.,226,6345,6571
WBGene00010728.,1,6,7
WBGene00010730.,55,5673,5728
WBGene00010731.,694,4966,5660
WBGene00010732.,569,3996,4565
WBGene00010733.,0,0,0
WBGene00010734.,49,276,325
WBGene00010735.,170,276,446
WBGene00010736.,547,5327,5874
WBGene00010737.,29,475,504
WBGene00010738.,59,7758,7817
WBGene00010740.,0,360,360
WBGene00010741.,6,311,317
WBGene00010742.,106,5957,6063
WBGene00010743.,9,23,32
WBGene00010744.,326,2238,2564
WBGene00010745.,79,1343,1422
WBGene00010746.,23,8,31
WBGene00010747.,49,231,280
WBGene00010748.,2,0,2
WBGene00010749.,55,1366,1421
WBGene00010750.,16,309,325
WBGene00010752.,14,223,237
WBGene00010753.,4,34,38
WBGene00010754.,1,3,4
WBGene00010755.,7,277,284
WBGene00010756.,107,999,1106
WBGene00010757.,17,516,533
WBGene00010758.,137,1342,1479
WBGene00010759.,139,2047,2186
WBGene00010760.,1,23,24
WBGene00010761.,8,1,9
WBGene00010762.,2,25,27
WBGene00010763.,0,1,1
WBGene00010764.,3,4,7
WBGene00010765.,21,174,195
WBGene00010766.,101,4319,4420
WBGene00010767.,17,520,537
WBGene00010768.,88,100,188
WBGene00010769.,612,16984,17596
WBGene00010770.,231,451,682
WBGene00010771.,40,863,903
WBGene00010772.,1247,2515,3762
WBGene00010773.,101,1662,1763
WBGene00010774.,71,1016,1087
WBGene00010775.,29,58,87
WBGene00010776.,128,988,1116
WBGene00010777.,0,0,0
WBGene00010778.,548,9209,9757
WBGene00010779.,6,17,23
WBGene00010780.,224,5062,5286
WBGene00010781.,12,88,100
WBGene00010782.,22,393,415
WBGene00010783.,277,3006,3283
WBGene00010784.,149,677,826
WBGene00010785.,136,6280,6416
WBGene00010786.,18,35,53
WBGene00010787.,6,166,172
WBGene00010788.,47,227,274
WBGene00010789.,35,74,109
WBGene00010790.,416,50765,51181
WBGene00010791.,9,243,252
WBGene00010792.,30,223,253
WBGene00010793.,1746,16315,18061
WBGene00010794.,562,20302,20864
WBGene00010795.,60,978,1038
WBGene00010796.,638,5651,6289
WBGene00010797.,0,1,1
WBGene00010798.,0,1,1
WBGene00010799.,20,114,134
WBGene00010800.,1,12,13
WBGene00010801.,0,3,3
WBGene00010802.,8,1,9
WBGene00010803.,29,752,781
WBGene00010804.,1,13,14
WBGene00010805.,29,496,525
WBGene00010806.,299,3233,3532
WBGene00010807.,15,1415,1430
WBGene00010808.,1,3,4
WBGene00010809.,34,5886,5920
WBGene00010810.,242,2125,2367
WBGene00010811.,149,2806,2955
WBGene00010812.,325,8391,8716
WBGene00010813.,494,1776,2270
WBGene00010814.,95,398,493
WBGene00010815.,162,624,786
WBGene00010817.,0,2,2
WBGene00010818.,18,10,28
WBGene00010819.,0,5,5
WBGene00010820.,0,1,1
WBGene00010821.,2,3,5
WBGene00010822.,46,957,1003
WBGene00010823.,0,1,1
WBGene00010824.,0,0,0
WBGene00010825.,1,17,18
WBGene00010827.,96,1573,1669
WBGene00010828.,1140,3574,4714
WBGene00010829.,10,8,18
WBGene00010830.,31,222,253
WBGene00010831.,14,133,147
WBGene00010832.,4,33,37
WBGene00010833.,61,756,817
WBGene00010834.,45,3432,3477
WBGene00010835.,24,250,274
WBGene00010836.,16,171,187
WBGene00010837.,26,1172,1198
WBGene00010838.,206,1747,1953
WBGene00010839.,50,565,615
WBGene00010840.,613,2597,3210
WBGene00010842.,489,3889,4378
WBGene00010843.,34,161,195
WBGene00010844.,171,3115,3286
WBGene00010845.,265,5512,5777
WBGene00010846.,55,325,380
WBGene00010847.,139,1948,2087
WBGene00010848.,28,1860,1888
WBGene00010849.,630,698,1328
WBGene00010850.,374,2116,2490
WBGene00010851.,39,621,660
WBGene00010854.,0,8,8
WBGene00010855.,106,21,127
WBGene00010856.,356,1739,2095
WBGene00010857.,43,71,114
WBGene00010858.,92,1458,1550
WBGene00010859.,36,391,427
WBGene00010862.,2,35,37
WBGene00010863.,50,69,119
WBGene00010864.,104,1338,1442
WBGene00010865.,96,536,632
WBGene00010866.,0,3,3
WBGene00010867.,266,3258,3524
WBGene00010868.,168,7320,7488
WBGene00010869.,2,23,25
WBGene00010870.,221,2180,2401
WBGene00010871.,50,288,338
WBGene00010872.,47,3598,3645
WBGene00010873.,59,599,658
WBGene00010874.,32,141,173
WBGene00010875.,118,1861,1979
WBGene00010876.,29,28,57
WBGene00010877.,329,2180,2509
WBGene00010878.,197,4081,4278
WBGene00010879.,307,10211,10518
WBGene00010880.,80,98,178
WBGene00010881.,53,401,454
WBGene00010882.,70,2260,2330
WBGene00010883.,6,36,42
WBGene00010884.,102,642,744
WBGene00010885.,0,1,1
WBGene00010886.,2,8,10
WBGene00010887.,412,4450,4862
WBGene00010888.,897,9603,10500
WBGene00010889.,20,464,484
WBGene00010890.,180,3396,3576
WBGene00010891.,10,1172,1182
WBGene00010892.,23,1048,1071
WBGene00010893.,29,546,575
WBGene00010894.,11,3,14
WBGene00010895.,3,23,26
WBGene00010896.,653,79057,79710
WBGene00010897.,338,2883,3221
WBGene00010898.,78,481,559
WBGene00010899.,73,488,561
WBGene00010900.,3,3,6
WBGene00010901.,6,1328,1334
WBGene00010902.,172,1675,1847
WBGene00010904.,116,3818,3934
WBGene00010905.,154,5496,5650
WBGene00010906.,7,31,38
WBGene00010907.,60,586,646
WBGene00010908.,291,5167,5458
WBGene00010909.,232,4246,4478
WBGene00010910.,341,653,994
WBGene00010911.,240,2991,3231
WBGene00010912.,210,3912,4122
WBGene00010913.,125,2124,2249
WBGene00010915.,5,7,12
WBGene00010916.,24,171,195
WBGene00010917.,20,531,551
WBGene00010918.,440,2379,2819
WBGene00010919.,199,99,298
WBGene00010920.,2,29,31
WBGene00010921.,10,15,25
WBGene00010922.,3,1428,1431
WBGene00010923.,480,1592,2072
WBGene00010924.,346,151,497
WBGene00010925.,50,169,219
WBGene00010926.,2,11,13
WBGene00010927.,2,9,11
WBGene00010928.,0,220,220
WBGene00010929.,5,15,20
WBGene00010930.,1,2,3
WBGene00010931.,12,125,137
WBGene00010932.,1,0,1
WBGene00010933.,0,1,1
WBGene00010934.,2,44,46
WBGene00010935.,0,667,667
WBGene00010936.,88,915,1003
WBGene00010937.,7,74,81
WBGene00010938.,3,1,4
WBGene00010939.,4,7,11
WBGene00010940.,6,1158,1164
WBGene00010941.,211,2662,2873
WBGene00010942.,703,12476,13179
WBGene00010943.,31,864,895
WBGene00010944.,110,2670,2780
WBGene00010945.,4,200,204
WBGene00010946.,37,9,46
WBGene00010947.,1,674,675
WBGene00010948.,14,161,175
WBGene00010949.,2,3,5
WBGene00010950.,7,8,15
WBGene00010951.,100,654,754
WBGene00010952.,2,1,3
WBGene00010953.,4,2,6
WBGene00010954.,5,0,5
WBGene00010955.,2,3,5
WBGene00010956.,0,13,13
WBGene00010957.,0,759522,759522
WBGene00010958.,0,111339,111339
WBGene00010959.,0,173540,173540
WBGene00010960.,0,780088,780088
WBGene00010961.,0,43471,43471
WBGene00010962.,0,574746,574746
WBGene00010963.,0,55645,55645
WBGene00010964.,0,301172,301172
WBGene00010965.,0,563547,563547
WBGene00010966.,0,17973,17973
WBGene00010967.,0,48232,48232
WBGene00010968.,151,2379,2530
WBGene00010969.,0,20,20
WBGene00010970.,150,980,1130
WBGene00010971.,20,346,366
WBGene00010972.,10,509,519
WBGene00010973.,21,127,148
WBGene00010974.,127,863,990
WBGene00010975.,91,897,988
WBGene00010976.,22,1364,1386
WBGene00010977.,237,2184,2421
WBGene00010978.,2,56,58
WBGene00010979.,148,281,429
WBGene00010980.,8,94,102
WBGene00010981.,97,1591,1688
WBGene00010982.,267,4009,4276
WBGene00010983.,95,252,347
WBGene00010984.,30,2567,2597
WBGene00010985.,36,178,214
WBGene00010986.,62,551,613
WBGene00010987.,9,92,101
WBGene00010988.,200,3693,3893
WBGene00010989.,1,92,93
WBGene00010990.,595,2641,3236
WBGene00010991.,15,48,63
WBGene00010992.,2,1,3
WBGene00010993.,217,16181,16398
WBGene00010994.,247,2843,3090
WBGene00010995.,2,4,6
WBGene00010996.,3,0,3
WBGene00010998.,19,172,191
WBGene00010999.,15,13,28
WBGene00011000.,23,36,59
WBGene00011001.,5,13,18
WBGene00011002.,75,394,469
WBGene00011003.,146,928,1074
WBGene00011004.,272,1243,1515
WBGene00011005.,5,5,10
WBGene00011006.,26,901,927
WBGene00011007.,4,2,6
WBGene00011008.,3,3,6
WBGene00011009.,4,66,70
WBGene00011010.,1,3,4
WBGene00011011.,0,2,2
WBGene00011012.,1,2,3
WBGene00011013.,8,150,158
WBGene00011014.,28,260,288
WBGene00011015.,5546,102535,108081
WBGene00011016.,41,2088,2129
WBGene00011017.,10,3375,3385
WBGene00011018.,215,3138,3353
WBGene00011019.,279,6103,6382
WBGene00011020.,65,1628,1693
WBGene00011021.,142,1938,2080
WBGene00011022.,2,10,12
WBGene00011023.,4,39,43
WBGene00011024.,0,0,0
WBGene00011025.,3,3,6
WBGene00011026.,1023,3862,4885
WBGene00011027.,43,110,153
WBGene00011028.,1735,1726,3461
WBGene00011029.,300,2844,3144
WBGene00011030.,137,648,785
WBGene00011032.,143,3650,3793
WBGene00011033.,56,2363,2419
WBGene00011034.,69,1739,1808
WBGene00011035.,197,2622,2819
WBGene00011036.,71,1309,1380
WBGene00011037.,71,1040,1111
WBGene00011038.,240,9914,10154
WBGene00011039.,16,252,268
WBGene00011040.,38,683,721
WBGene00011041.,0,10,10
WBGene00011042.,10,234,244
WBGene00011043.,1128,3809,4937
WBGene00011044.,230,361,591
WBGene00011045.,432,2528,2960
WBGene00011046.,5,17,22
WBGene00011047.,21,876,897
WBGene00011049.,3,22,25
WBGene00011050.,242,2345,2587
WBGene00011051.,66,3245,3311
WBGene00011052.,9,1,10
WBGene00011053.,9,5,14
WBGene00011054.,47,965,1012
WBGene00011055.,175,2415,2590
WBGene00011056.,15,3,18
WBGene00011058.,466,1680,2146
WBGene00011059.,9346,190892,200238
WBGene00011060.,201,2383,2584
WBGene00011061.,53,1540,1593
WBGene00011062.,3,96,99
WBGene00011063.,14,161,175
WBGene00011064.,166,3171,3337
WBGene00011065.,12,232,244
WBGene00011066.,51,415,466
WBGene00011067.,124,1391,1515
WBGene00011068.,34,1252,1286
WBGene00011069.,46,248,294
WBGene00011070.,204,8113,8317
WBGene00011071.,128,1575,1703
WBGene00011072.,954,12081,13035
WBGene00011073.,26,543,569
WBGene00011074.,27,172,199
WBGene00011075.,57,232,289
WBGene00011076.,45,983,1028
WBGene00011077.,6,87,93
WBGene00011078.,6,29,35
WBGene00011079.,0,0,0
WBGene00011081.,8,223,231
WBGene00011082.,18,348,366
WBGene00011083.,131,431,562
WBGene00011084.,1,7,8
WBGene00011087.,43,477,520
WBGene00011088.,3,147,150
WBGene00011089.,31,873,904
WBGene00011090.,95,677,772
WBGene00011092.,96,719,815
WBGene00011093.,81,596,677
WBGene00011094.,39,662,701
WBGene00011095.,29,2348,2377
WBGene00011096.,11,12,23
WBGene00011097.,277,1807,2084
WBGene00011098.,14,132,146
WBGene00011099.,72,545,617
WBGene00011100.,59,410,469
WBGene00011101.,139,209,348
WBGene00011102.,426,21220,21646
WBGene00011103.,8,581,589
WBGene00011104.,23,30,53
WBGene00011105.,216,1612,1828
WBGene00011106.,82,2300,2382
WBGene00011107.,11,271,282
WBGene00011108.,142,600,742
WBGene00011109.,70,2298,2368
WBGene00011110.,982,9053,10035
WBGene00011111.,68,4100,4168
WBGene00011112.,27,1088,1115
WBGene00011113.,21,34,55
WBGene00011114.,12,31,43
WBGene00011115.,92,3510,3602
WBGene00011116.,118,4719,4837
WBGene00011117.,5,329,334
WBGene00011119.,1747,23119,24866
WBGene00011120.,0,28,28
WBGene00011121.,16,360,376
WBGene00011122.,610,5562,6172
WBGene00011123.,251,1219,1470
WBGene00011124.,11,245,256
WBGene00011127.,0,4,4
WBGene00011128.,134,15684,15818
WBGene00011129.,5,34,39
WBGene00011130.,4962,11,4973
WBGene00011131.,188,477,665
WBGene00011132.,0,5,5
WBGene00011133.,2,21,23
WBGene00011134.,0,0,0
WBGene00011135.,0,1,1
WBGene00011136.,13,168,181
WBGene00011137.,22,1281,1303
WBGene00011139.,121,1870,1991
WBGene00011140.,49,357,406
WBGene00011141.,258,3005,3263
WBGene00011142.,110,2315,2425
WBGene00011143.,73,1327,1400
WBGene00011144.,14,3625,3639
WBGene00011145.,59,1167,1226
WBGene00011146.,660,3876,4536
WBGene00011147.,51,318,369
WBGene00011149.,11,25,36
WBGene00011150.,6,3,9
WBGene00011151.,2,5,7
WBGene00011152.,2,1,3
WBGene00011153.,12,6,18
WBGene00011154.,104,2126,2230
WBGene00011155.,904,16719,17623
WBGene00011156.,13486,265687,279173
WBGene00011157.,0,6,6
WBGene00011158.,0,5,5
WBGene00011159.,0,1,1
WBGene00011160.,0,5,5
WBGene00011161.,1,29,30
WBGene00011162.,0,57,57
WBGene00011163.,4,15,19
WBGene00011164.,6,3,9
WBGene00011165.,3,34,37
WBGene00011166.,3,308,311
WBGene00011167.,5,173,178
WBGene00011168.,7,20,27
WBGene00011169.,1,1,2
WBGene00011170.,0,1,1
WBGene00011171.,38,288,326
WBGene00011172.,1,35,36
WBGene00011173.,1,4,5
WBGene00011174.,5,1,6
WBGene00011175.,5,61,66
WBGene00011176.,1,11,12
WBGene00011177.,0,1,1
WBGene00011178.,1,0,1
WBGene00011179.,16,292,308
WBGene00011180.,42,290,332
WBGene00011181.,210,9378,9588
WBGene00011182.,685,5621,6306
WBGene00011183.,7,16,23
WBGene00011184.,4,356,360
WBGene00011185.,10,415,425
WBGene00011186.,0,11,11
WBGene00011187.,15,196,211
WBGene00011188.,60,1185,1245
WBGene00011189.,42,504,546
WBGene00011190.,262,1171,1433
WBGene00011191.,4,49,53
WBGene00011192.,25,39,64
WBGene00011193.,50,1645,1695
WBGene00011194.,125,830,955
WBGene00011195.,32,2541,2573
WBGene00011196.,0,0,0
WBGene00011197.,78,623,701
WBGene00011198.,79,4252,4331
WBGene00011200.,4,24,28
WBGene00011201.,23,210,233
WBGene00011202.,3,10,13
WBGene00011203.,9,46,55
WBGene00011205.,194,3870,4064
WBGene00011206.,72,899,971
WBGene00011207.,175,255,430
WBGene00011208.,1,5,6
WBGene00011209.,12,66,78
WBGene00011210.,4,7,11
WBGene00011211.,17,5,22
WBGene00011212.,40,243,283
WBGene00011213.,51,346,397
WBGene00011214.,4,220,224
WBGene00011215.,107,508,615
WBGene00011216.,154,2051,2205
WBGene00011217.,164,1470,1634
WBGene00011218.,81,812,893
WBGene00011219.,2,9,11
WBGene00011220.,13,301,314
WBGene00011221.,347,2797,3144
WBGene00011222.,398,12527,12925
WBGene00011223.,94,1035,1129
WBGene00011224.,64,574,638
WBGene00011225.,29,652,681
WBGene00011226.,142,910,1052
WBGene00011227.,13,1021,1034
WBGene00011228.,1,34,35
WBGene00011229.,0,2,2
WBGene00011230.,150,7850,8000
WBGene00011231.,38,3227,3265
WBGene00011232.,4254,66535,70789
WBGene00011234.,0,50,50
WBGene00011235.,84,997,1081
WBGene00011236.,29,491,520
WBGene00011237.,81,2679,2760
WBGene00011238.,23,87,110
WBGene00011239.,253,6345,6598
WBGene00011240.,428,6547,6975
WBGene00011241.,12,78,90
WBGene00011242.,97,856,953
WBGene00011243.,7,87,94
WBGene00011244.,6,544,550
WBGene00011245.,2,3,5
WBGene00011246.,60,107,167
WBGene00011247.,352,7004,7356
WBGene00011248.,97,1526,1623
WBGene00011249.,2,11,13
WBGene00011250.,73,2311,2384
WBGene00011251.,167,567,734
WBGene00011252.,4,108,112
WBGene00011253.,29,1781,1810
WBGene00011254.,81,4251,4332
WBGene00011255.,24,117,141
WBGene00011257.,9,9,18
WBGene00011258.,40,681,721
WBGene00011259.,784,3781,4565
WBGene00011260.,6,79,85
WBGene00011261.,435,678,1113
WBGene00011262.,118,790,908
WBGene00011263.,14,2655,2669
WBGene00011264.,11,31,42
WBGene00011265.,15,650,665
WBGene00011266.,2,134,136
WBGene00011267.,1,90,91
WBGene00011268.,235,1787,2022
WBGene00011269.,70,148,218
WBGene00011270.,359,6422,6781
WBGene00011271.,95,1331,1426
WBGene00011272.,76,2632,2708
WBGene00011273.,1988,117745,119733
WBGene00011274.,135,1401,1536
WBGene00011275.,42,693,735
WBGene00011276.,176,3355,3531
WBGene00011277.,3,21,24
WBGene00011278.,3,293,296
WBGene00011279.,523,4122,4645
WBGene00011280.,120,1702,1822
WBGene00011281.,174,3022,3196
WBGene00011282.,307,4240,4547
WBGene00011283.,610,4814,5424
WBGene00011284.,71,8610,8681
WBGene00011285.,91,1170,1261
WBGene00011286.,170,2732,2902
WBGene00011287.,141,1152,1293
WBGene00011288.,6,567,573
WBGene00011289.,50,46752,46802
WBGene00011290.,0,14,14
WBGene00011291.,180,2584,2764
WBGene00011292.,495,4858,5353
WBGene00011293.,21,35,56
WBGene00011294.,6,6,12
WBGene00011295.,1,1,2
WBGene00011296.,11,104,115
WBGene00011297.,2,6,8
WBGene00011298.,194,1161,1355
WBGene00011299.,467,2338,2805
WBGene00011300.,269,14915,15184
WBGene00011302.,523,3096,3619
WBGene00011303.,467,3259,3726
WBGene00011304.,5407,12848,18255
WBGene00011305.,33,1272,1305
WBGene00011306.,82,1952,2034
WBGene00011307.,140,665,805
WBGene00011308.,233,5432,5665
WBGene00011309.,709,3855,4564
WBGene00011310.,47,480,527
WBGene00011311.,301,5762,6063
WBGene00011312.,13,1582,1595
WBGene00011313.,4,182,186
WBGene00011314.,53,569,622
WBGene00011315.,27,310,337
WBGene00011317.,91,1825,1916
WBGene00011318.,16,836,852
WBGene00011319.,87,912,999
WBGene00011320.,0,63,63
WBGene00011321.,22,2681,2703
WBGene00011322.,28,176,204
WBGene00011323.,145,2482,2627
WBGene00011324.,8,573,581
WBGene00011325.,12,77,89
WBGene00011326.,169,2319,2488
WBGene00011327.,3,35,38
WBGene00011328.,204,2447,2651
WBGene00011329.,75,2087,2162
WBGene00011330.,192,5741,5933
WBGene00011331.,61,3409,3470
WBGene00011333.,175,4272,4447
WBGene00011334.,176,4821,4997
WBGene00011335.,142,823,965
WBGene00011336.,2,5,7
WBGene00011337.,113,4919,5032
WBGene00011338.,182,2031,2213
WBGene00011339.,36,154,190
WBGene00011340.,13,125,138
WBGene00011341.,0,16,16
WBGene00011342.,0,8,8
WBGene00011344.,632,2084,2716
WBGene00011345.,7,691,698
WBGene00011346.,0,0,0
WBGene00011348.,210,1444,1654
WBGene00011349.,143,2246,2389
WBGene00011350.,3,54,57
WBGene00011351.,27,225,252
WBGene00011352.,384,4360,4744
WBGene00011353.,169,1433,1602
WBGene00011354.,27,111,138
WBGene00011355.,8,119,127
WBGene00011356.,4,15,19
WBGene00011357.,1,2,3
WBGene00011358.,9,14,23
WBGene00011359.,42,50,92
WBGene00011360.,14,50,64
WBGene00011361.,54,474,528
WBGene00011362.,16,100,116
WBGene00011363.,0,19,19
WBGene00011364.,99,830,929
WBGene00011365.,4,41,45
WBGene00011366.,11,209,220
WBGene00011367.,68,1441,1509
WBGene00011368.,101,1043,1144
WBGene00011369.,8,8,16
WBGene00011371.,43,274,317
WBGene00011372.,649,671,1320
WBGene00011373.,0,3,3
WBGene00011374.,1297,12027,13324
WBGene00011375.,224,1554,1778
WBGene00011376.,21,560,581
WBGene00011378.,21,23,44
WBGene00011379.,3,16,19
WBGene00011380.,46,597,643
WBGene00011381.,49,338,387
WBGene00011382.,128,1303,1431
WBGene00011383.,194,7308,7502
WBGene00011386.,1,6,7
WBGene00011387.,0,0,0
WBGene00011388.,3,13,16
WBGene00011389.,1,0,1
WBGene00011390.,0,2,2
WBGene00011391.,539,4512,5051
WBGene00011392.,376,54104,54480
WBGene00011393.,95,1209,1304
WBGene00011394.,27,251,278
WBGene00011395.,4,1,5
WBGene00011396.,12,76,88
WBGene00011397.,19,243,262
WBGene00011398.,604,8863,9467
WBGene00011399.,3,821,824
WBGene00011400.,162,831,993
WBGene00011401.,0,56,56
WBGene00011402.,19,37,56
WBGene00011403.,3,31,34
WBGene00011404.,80,812,892
WBGene00011405.,6,122,128
WBGene00011407.,94,1010,1104
WBGene00011408.,401,8069,8470
WBGene00011409.,27,3129,3156
WBGene00011410.,7,1684,1691
WBGene00011411.,2,897,899
WBGene00011412.,193,5830,6023
WBGene00011414.,10,39,49
WBGene00011415.,43,706,749
WBGene00011416.,0,269,269
WBGene00011417.,0,0,0
WBGene00011418.,0,0,0
WBGene00011419.,0,0,0
WBGene00011420.,0,0,0
WBGene00011421.,1,9,10
WBGene00011422.,170,1501,1671
WBGene00011423.,535,3531,4066
WBGene00011424.,16,119,135
WBGene00011425.,72,161,233
WBGene00011426.,47,120,167
WBGene00011427.,21,38,59
WBGene00011428.,340,8096,8436
WBGene00011429.,7,95,102
WBGene00011430.,52,526,578
WBGene00011431.,6,148,154
WBGene00011432.,0,3,3
WBGene00011433.,365,2057,2422
WBGene00011434.,37,1420,1457
WBGene00011435.,6,37,43
WBGene00011436.,167,4024,4191
WBGene00011437.,37,676,713
WBGene00011438.,7,7,14
WBGene00011439.,162,3513,3675
WBGene00011440.,100,4327,4427
WBGene00011441.,147,1233,1380
WBGene00011442.,47,415,462
WBGene00011443.,13,255,268
WBGene00011444.,163,1336,1499
WBGene00011445.,289,3224,3513
WBGene00011446.,46,2972,3018
WBGene00011447.,49,71,120
WBGene00011448.,24,141,165
WBGene00011449.,99,3152,3251
WBGene00011450.,11,527,538
WBGene00011451.,24,527,551
WBGene00011452.,67,838,905
WBGene00011453.,30,575,605
WBGene00011454.,100,559,659
WBGene00011456.,86,255,341
WBGene00011458.,19,33,52
WBGene00011459.,4,4,8
WBGene00011460.,144,323,467
WBGene00011462.,29,70,99
WBGene00011463.,88,1075,1163
WBGene00011464.,67,953,1020
WBGene00011465.,25,402,427
WBGene00011466.,2,34,36
WBGene00011467.,3,5,8
WBGene00011468.,9,61,70
WBGene00011469.,0,4,4
WBGene00011470.,0,0,0
WBGene00011471.,43,452,495
WBGene00011472.,4,2,6
WBGene00011473.,44,731,775
WBGene00011474.,73,49548,49621
WBGene00011475.,10,181,191
WBGene00011476.,37,350,387
WBGene00011478.,7,8,15
WBGene00011479.,66,1196,1262
WBGene00011480.,2065,40147,42212
WBGene00011481.,25,9998,10023
WBGene00011482.,22,233,255
WBGene00011483.,5,10,15
WBGene00011484.,8,706,714
WBGene00011485.,2,1,3
WBGene00011486.,0,1,1
WBGene00011487.,111,856,967
WBGene00011488.,455,5757,6212
WBGene00011489.,64,638,702
WBGene00011490.,97,1702,1799
WBGene00011491.,3,0,3
WBGene00011492.,37,95,132
WBGene00011493.,0,11,11
WBGene00011494.,6,84,90
WBGene00011495.,148,3615,3763
WBGene00011497.,74,1210,1284
WBGene00011498.,1045,11172,12217
WBGene00011499.,6,8,14
WBGene00011500.,106,2677,2783
WBGene00011501.,3,315,318
WBGene00011502.,38,1106,1144
WBGene00011503.,379,2043,2422
WBGene00011505.,1,3,4
WBGene00011506.,0,0,0
WBGene00011507.,140,6316,6456
WBGene00011508.,4,37,41
WBGene00011509.,2,220,222
WBGene00011510.,517,14101,14618
WBGene00011511.,760,5257,6017
WBGene00011512.,45,333,378
WBGene00011513.,1,193,194
WBGene00011514.,5,104,109
WBGene00011515.,11,5,16
WBGene00011516.,8,254,262
WBGene00011517.,208,2291,2499
WBGene00011518.,10,12,22
WBGene00011519.,8,151,159
WBGene00011520.,233,1507,1740
WBGene00011521.,0,71,71
WBGene00011522.,253,5500,5753
WBGene00011523.,62,193,255
WBGene00011524.,112,659,771
WBGene00011526.,189,4075,4264
WBGene00011527.,65,7323,7388
WBGene00011528.,67,1635,1702
WBGene00011529.,100,3195,3295
WBGene00011530.,25,306,331
WBGene00011531.,413,9920,10333
WBGene00011532.,348,3375,3723
WBGene00011533.,2,14,16
WBGene00011534.,20,215,235
WBGene00011535.,11,144,155
WBGene00011536.,5,79,84
WBGene00011537.,0,381,381
WBGene00011538.,71,4522,4593
WBGene00011539.,4,88,92
WBGene00011540.,11,45,56
WBGene00011541.,3,5,8
WBGene00011542.,6,4,10
WBGene00011543.,149,2109,2258
WBGene00011544.,16,5,21
WBGene00011545.,58,1048,1106
WBGene00011546.,36,374,410
WBGene00011547.,2,11,13
WBGene00011548.,36,701,737
WBGene00011549.,1,5,6
WBGene00011550.,0,4,4
WBGene00011551.,50,441,491
WBGene00011554.,118,264,382
WBGene00011556.,20,68,88
WBGene00011557.,8,53,61
WBGene00011558.,0,3873,3873
WBGene00011559.,107,1692,1799
WBGene00011560.,30,1059,1089
WBGene00011561.,570,19485,20055
WBGene00011562.,180,1647,1827
WBGene00011563.,15,32,47
WBGene00011564.,1401,9997,11398
WBGene00011565.,1,44,45
WBGene00011566.,19,108,127
WBGene00011567.,0,6,6
WBGene00011568.,12,86,98
WBGene00011570.,1,0,1
WBGene00011571.,458,16311,16769
WBGene00011572.,40,250,290
WBGene00011573.,48,5364,5412
WBGene00011574.,1,38,39
WBGene00011575.,24,507,531
WBGene00011576.,75,592,667
WBGene00011577.,0,1,1
WBGene00011578.,29,268,297
WBGene00011579.,285,2684,2969
WBGene00011580.,132,2400,2532
WBGene00011581.,16,119,135
WBGene00011582.,65,79,144
WBGene00011583.,2,12,14
WBGene00011584.,0,0,0
WBGene00011585.,0,0,0
WBGene00011586.,54,2142,2196
WBGene00011587.,23,259,282
WBGene00011589.,41,1499,1540
WBGene00011590.,611,2631,3242
WBGene00011591.,14,126,140
WBGene00011592.,159,203,362
WBGene00011593.,11,152,163
WBGene00011594.,5,90,95
WBGene00011595.,1,0,1
WBGene00011596.,16,135,151
WBGene00011597.,100,175,275
WBGene00011599.,0,511,511
WBGene00011600.,13,164,177
WBGene00011601.,42,277,319
WBGene00011604.,407,2691,3098
WBGene00011605.,258,7546,7804
WBGene00011606.,17,42,59
WBGene00011607.,60,70,130
WBGene00011608.,8,67,75
WBGene00011609.,0,2,2
WBGene00011610.,0,32,32
WBGene00011611.,9,30,39
WBGene00011612.,73,21,94
WBGene00011613.,36,224,260
WBGene00011614.,2,254,256
WBGene00011615.,17,354,371
WBGene00011616.,4,46,50
WBGene00011617.,3,3,6
WBGene00011618.,1,0,1
WBGene00011619.,7,1,8
WBGene00011620.,0,4,4
WBGene00011621.,1,1,2
WBGene00011622.,17,75,92
WBGene00011623.,24,373,397
WBGene00011624.,294,2172,2466
WBGene00011625.,36,1469,1505
WBGene00011626.,0,0,0
WBGene00011627.,0,0,0
WBGene00011628.,0,0,0
WBGene00011629.,533,19254,19787
WBGene00011630.,40,298,338
WBGene00011631.,489,4564,5053
WBGene00011633.,41,172,213
WBGene00011634.,212,3385,3597
WBGene00011635.,50,1657,1707
WBGene00011636.,331,3211,3542
WBGene00011637.,113,1786,1899
WBGene00011638.,67,11341,11408
WBGene00011639.,398,3208,3606
WBGene00011640.,10,398,408
WBGene00011641.,0,2639,2639
WBGene00011642.,2,97,99
WBGene00011643.,12,163,175
WBGene00011644.,65,1152,1217
WBGene00011645.,30,815,845
WBGene00011646.,9,34,43
WBGene00011647.,1320,8983,10303
WBGene00011648.,172,2031,2203
WBGene00011649.,10,27,37
WBGene00011650.,0,0,0
WBGene00011651.,3,1,4
WBGene00011652.,1,0,1
WBGene00011653.,0,1,1
WBGene00011654.,1,1,2
WBGene00011655.,8,6,14
WBGene00011656.,5,0,5
WBGene00011657.,3,37,40
WBGene00011658.,2,0,2
WBGene00011659.,0,1,1
WBGene00011660.,329,652,981
WBGene00011661.,165,3361,3526
WBGene00011662.,188,3766,3954
WBGene00011663.,229,742,971
WBGene00011664.,45,726,771
WBGene00011665.,12,175,187
WBGene00011666.,1,0,1
WBGene00011668.,3,42,45
WBGene00011669.,11,6,17
WBGene00011670.,13,442,455
WBGene00011671.,10,57,67
WBGene00011672.,269,4859,5128
WBGene00011673.,23,805,828
WBGene00011674.,14,81,95
WBGene00011675.,34,265,299
WBGene00011676.,215,4604,4819
WBGene00011677.,62,276,338
WBGene00011678.,60,981,1041
WBGene00011679.,162,11518,11680
WBGene00011680.,36,949,985
WBGene00011681.,315,3881,4196
WBGene00011682.,97,471,568
WBGene00011683.,364,4729,5093
WBGene00011684.,56,896,952
WBGene00011685.,1,7,8
WBGene00011686.,5,4,9
WBGene00011687.,31,4685,4716
WBGene00011688.,41,1594,1635
WBGene00011689.,54,62,116
WBGene00011690.,4,1,5
WBGene00011691.,9,14,23
WBGene00011692.,2240,11767,14007
WBGene00011693.,4,70,74
WBGene00011694.,329,2162,2491
WBGene00011695.,44,122,166
WBGene00011696.,557,4807,5364
WBGene00011697.,2,8,10
WBGene00011698.,8,124,132
WBGene00011699.,16,115,131
WBGene00011701.,13,13,26
WBGene00011702.,26,27,53
WBGene00011703.,10,12,22
WBGene00011704.,0,1,1
WBGene00011705.,31,324,355
WBGene00011706.,28,373,401
WBGene00011707.,44,761,805
WBGene00011708.,474,5278,5752
WBGene00011709.,37,158,195
WBGene00011710.,0,0,0
WBGene00011712.,1,45,46
WBGene00011713.,22,1316,1338
WBGene00011714.,0,0,0
WBGene00011715.,0,0,0
WBGene00011716.,4,24,28
WBGene00011717.,56,1174,1230
WBGene00011718.,40,533,573
WBGene00011719.,64,1048,1112
WBGene00011720.,332,3071,3403
WBGene00011721.,3,6,9
WBGene00011722.,187,4274,4461
WBGene00011723.,343,3681,4024
WBGene00011724.,2,1,3
WBGene00011725.,196,1433,1629
WBGene00011726.,186,895,1081
WBGene00011727.,80,1248,1328
WBGene00011728.,19,75,94
WBGene00011729.,284,4464,4748
WBGene00011730.,90,11323,11413
WBGene00011731.,40,760,800
WBGene00011732.,728,4948,5676
WBGene00011733.,117,10983,11100
WBGene00011734.,233,10767,11000
WBGene00011735.,968,9457,10425
WBGene00011736.,382,16722,17104
WBGene00011737.,166,6722,6888
WBGene00011738.,180,3144,3324
WBGene00011739.,17,998,1015
WBGene00011740.,373,4887,5260
WBGene00011741.,10,60,70
WBGene00011742.,53,1915,1968
WBGene00011743.,362,6966,7328
WBGene00011744.,24,164,188
WBGene00011745.,107,450,557
WBGene00011746.,25,375,400
WBGene00011747.,91,2368,2459
WBGene00011748.,4,37,41
WBGene00011749.,0,2,2
WBGene00011750.,5,13,18
WBGene00011751.,0,14,14
WBGene00011752.,27,325,352
WBGene00011753.,5,49,54
WBGene00011754.,22,243,265
WBGene00011755.,2048,6781,8829
WBGene00011756.,70,3143,3213
WBGene00011757.,38,472,510
WBGene00011758.,130,4559,4689
WBGene00011759.,29,6879,6908
WBGene00011760.,66,1401,1467
WBGene00011761.,36,1687,1723
WBGene00011762.,36,338,374
WBGene00011763.,228,10630,10858
WBGene00011765.,127,765,892
WBGene00011767.,877,4448,5325
WBGene00011768.,34,1027,1061
WBGene00011770.,5,69,74
WBGene00011771.,819,13191,14010
WBGene00011772.,19,176,195
WBGene00011773.,10,697,707
WBGene00011774.,102,1147,1249
WBGene00011775.,431,6015,6446
WBGene00011776.,30,1172,1202
WBGene00011777.,2,220,222
WBGene00011778.,0,0,0
WBGene00011779.,2,0,2
WBGene00011780.,5,0,5
WBGene00011781.,1,0,1
WBGene00011782.,1,1,2
WBGene00011783.,1,0,1
WBGene00011784.,5,3,8
WBGene00011785.,2,4,6
WBGene00011786.,3,14,17
WBGene00011788.,25,268,293
WBGene00011789.,11,92,103
WBGene00011790.,1,16,17
WBGene00011791.,0,9,9
WBGene00011793.,33,204,237
WBGene00011794.,300,1765,2065
WBGene00011795.,12,103,115
WBGene00011796.,13,168,181
WBGene00011797.,10,60,70
WBGene00011798.,318,2552,2870
WBGene00011799.,58,827,885
WBGene00011800.,263,3258,3521
WBGene00011801.,321,5129,5450
WBGene00011802.,80,1881,1961
WBGene00011803.,93,1722,1815
WBGene00011804.,11,96,107
WBGene00011805.,0,39,39
WBGene00011806.,83,1845,1928
WBGene00011807.,177,1359,1536
WBGene00011808.,0,5,5
WBGene00011809.,0,0,0
WBGene00011810.,4,1,5
WBGene00011811.,6,74,80
WBGene00011812.,4,58,62
WBGene00011813.,61,896,957
WBGene00011814.,61,437,498
WBGene00011815.,424,2807,3231
WBGene00011816.,5,8,13
WBGene00011817.,239,1352,1591
WBGene00011818.,80,3,83
WBGene00011819.,35,552,587
WBGene00011820.,29,1436,1465
WBGene00011821.,76,1952,2028
WBGene00011822.,171,3531,3702
WBGene00011823.,3,379,382
WBGene00011824.,343,1508,1851
WBGene00011826.,162,327,489
WBGene00011827.,1588,3497,5085
WBGene00011828.,16,1386,1402
WBGene00011829.,26,136,162
WBGene00011830.,152,3729,3881
WBGene00011831.,17,1172,1189
WBGene00011832.,73,1957,2030
WBGene00011833.,34,616,650
WBGene00011834.,29,745,774
WBGene00011835.,22,1002,1024
WBGene00011836.,6,141,147
WBGene00011837.,5,27,32
WBGene00011838.,33,1887,1920
WBGene00011839.,17,1270,1287
WBGene00011840.,1,3,4
WBGene00011841.,3,103,106
WBGene00011842.,0,0,0
WBGene00011844.,48,432,480
WBGene00011846.,26,338,364
WBGene00011847.,4,12,16
WBGene00011848.,13,26,39
WBGene00011849.,39,8809,8848
WBGene00011850.,142,562,704
WBGene00011851.,0,10,10
WBGene00011852.,7,252,259
WBGene00011853.,1,6,7
WBGene00011854.,902,1123,2025
WBGene00011855.,0,42,42
WBGene00011856.,942,19673,20615
WBGene00011857.,282,7661,7943
WBGene00011858.,47,1909,1956
WBGene00011859.,77,2001,2078
WBGene00011860.,5,889,894
WBGene00011864.,256,6859,7115
WBGene00011867.,127,9700,9827
WBGene00011868.,72,551,623
WBGene00011869.,64,125611,125675
WBGene00011870.,24,6262,6286
WBGene00011871.,79,1262,1341
WBGene00011872.,84,705,789
WBGene00011873.,127,152,279
WBGene00011874.,1,29,30
WBGene00011875.,35,228,263
WBGene00011876.,2,27,29
WBGene00011877.,2,21,23
WBGene00011878.,92,371,463
WBGene00011879.,114,981,1095
WBGene00011880.,1610,38442,40052
WBGene00011882.,9,6,15
WBGene00011883.,357,4801,5158
WBGene00011884.,228,64978,65206
WBGene00011885.,960,3199,4159
WBGene00011886.,17,412,429
WBGene00011887.,902,1022,1924
WBGene00011888.,360,1091,1451
WBGene00011890.,45,1263,1308
WBGene00011891.,56,2955,3011
WBGene00011892.,191,4397,4588
WBGene00011893.,59,1251,1310
WBGene00011894.,301,5430,5731
WBGene00011895.,4,25,29
WBGene00011896.,1,172,173
WBGene00011897.,301,8325,8626
WBGene00011898.,2,185,187
WBGene00011899.,31,1229,1260
WBGene00011900.,21,7,28
WBGene00011902.,2,14,16
WBGene00011903.,2,27,29
WBGene00011904.,627,3947,4574
WBGene00011906.,29,1037,1066
WBGene00011908.,97,681,778
WBGene00011909.,16,10,26
WBGene00011910.,1,7,8
WBGene00011911.,0,5,5
WBGene00011912.,123,3106,3229
WBGene00011913.,308,2367,2675
WBGene00011914.,31,675,706
WBGene00011915.,118,1961,2079
WBGene00011916.,53,745,798
WBGene00011917.,330,8181,8511
WBGene00011918.,1,4,5
WBGene00011919.,8,41,49
WBGene00011920.,67,1146,1213
WBGene00011921.,3,1,4
WBGene00011922.,7,34,41
WBGene00011923.,33,348,381
WBGene00011924.,43,685,728
WBGene00011925.,10,172,182
WBGene00011926.,42,503,545
WBGene00011927.,18,220,238
WBGene00011928.,49,175,224
WBGene00011929.,2,1,3
WBGene00011930.,71,728,799
WBGene00011931.,8,324,332
WBGene00011932.,214,3376,3590
WBGene00011933.,3,11,14
WBGene00011934.,0,0,0
WBGene00011935.,16,1717,1733
WBGene00011936.,306,8290,8596
WBGene00011937.,0,4,4
WBGene00011938.,46,551,597
WBGene00011939.,161,2128,2289
WBGene00011940.,394,754,1148
WBGene00011941.,94,571,665
WBGene00011942.,0,0,0
WBGene00011943.,0,0,0
WBGene00011944.,447,5992,6439
WBGene00011945.,54,325,379
WBGene00011947.,0,1,1
WBGene00011948.,10,34,44
WBGene00011949.,6,98,104
WBGene00011950.,2,1,3
WBGene00011951.,3,19,22
WBGene00011952.,37,96,133
WBGene00011953.,808,8989,9797
WBGene00011954.,1,25,26
WBGene00011955.,163,2334,2497
WBGene00011956.,16,856,872
WBGene00011957.,370,1855,2225
WBGene00011958.,4,109,113
WBGene00011959.,2,291,293
WBGene00011960.,20,179,199
WBGene00011961.,3,1,4
WBGene00011962.,176,2991,3167
WBGene00011963.,87,615,702
WBGene00011964.,81,1095,1176
WBGene00011965.,85,1154,1239
WBGene00011966.,505,9895,10400
WBGene00011967.,133,3228,3361
WBGene00011968.,1,306,307
WBGene00011969.,11,1275,1286
WBGene00011970.,421,1425,1846
WBGene00011971.,423,4368,4791
WBGene00011972.,149,2504,2653
WBGene00011973.,11,33,44
WBGene00011974.,49,513,562
WBGene00011975.,243,3590,3833
WBGene00011976.,231,1188,1419
WBGene00011977.,551,44417,44968
WBGene00011978.,391,3360,3751
WBGene00011979.,30,277,307
WBGene00011980.,348,4393,4741
WBGene00011981.,0,12,12
WBGene00011982.,0,13,13
WBGene00011983.,1,32,33
WBGene00011984.,63,923,986
WBGene00011985.,83,1103,1186
WBGene00011986.,1,52,53
WBGene00011988.,29,181,210
WBGene00011989.,1,0,1
WBGene00011990.,13,513,526
WBGene00011991.,4,1,5
WBGene00011992.,0,0,0
WBGene00011993.,0,3,3
WBGene00011994.,17,1046,1063
WBGene00011995.,329,1867,2196
WBGene00011996.,31,461,492
WBGene00011997.,77,3805,3882
WBGene00011999.,33,1047,1080
WBGene00012000.,57,2247,2304
WBGene00012002.,157,1868,2025
WBGene00012003.,34,6,40
WBGene00012004.,154,2178,2332
WBGene00012005.,5504,2198,7702
WBGene00012007.,42,2327,2369
WBGene00012008.,0,17,17
WBGene00012009.,58,382,440
WBGene00012010.,1,18,19
WBGene00012011.,1,2,3
WBGene00012012.,11,13,24
WBGene00012013.,368,1412,1780
WBGene00012014.,83,1262,1345
WBGene00012015.,460,15800,16260
WBGene00012016.,183,1534,1717
WBGene00012017.,44,74,118
WBGene00012018.,1041,13014,14055
WBGene00012019.,4148,4732,8880
WBGene00012020.,3,277,280
WBGene00012021.,5,2,7
WBGene00012022.,10,15,25
WBGene00012023.,12,213,225
WBGene00012024.,1,7,8
WBGene00012025.,1,48,49
WBGene00012026.,1,14,15
WBGene00012027.,2,2,4
WBGene00012028.,0,25,25
WBGene00012029.,125,1332,1457
WBGene00012030.,194,8936,9130
WBGene00012031.,125,6029,6154
WBGene00012032.,16,171,187
WBGene00012033.,306,2945,3251
WBGene00012034.,25,495,520
WBGene00012035.,44,1133,1177
WBGene00012036.,1,16,17
WBGene00012037.,1010,11159,12169
WBGene00012038.,0,4,4
WBGene00012039.,0,0,0
WBGene00012040.,4,17,21
WBGene00012041.,3,8,11
WBGene00012042.,8,223,231
WBGene00012043.,4,25,29
WBGene00012044.,4,58,62
WBGene00012045.,47,55,102
WBGene00012046.,4,4,8
WBGene00012047.,1,0,1
WBGene00012048.,2,2,4
WBGene00012049.,0,1,1
WBGene00012050.,3,0,3
WBGene00012051.,10,2,12
WBGene00012052.,0,1,1
WBGene00012053.,0,0,0
WBGene00012054.,7,0,7
WBGene00012055.,1,18,19
WBGene00012056.,2,48,50
WBGene00012057.,0,0,0
WBGene00012058.,24,57,81
WBGene00012059.,253,5284,5537
WBGene00012060.,0,0,0
WBGene00012061.,0,1,1
WBGene00012062.,36,418,454
WBGene00012063.,0,0,0
WBGene00012064.,0,0,0
WBGene00012065.,0,1,1
WBGene00012066.,5,1,6
WBGene00012067.,0,1,1
WBGene00012068.,22,236,258
WBGene00012069.,1,18,19
WBGene00012070.,40,77,117
WBGene00012072.,5,17,22
WBGene00012073.,105,979,1084
WBGene00012074.,6,14,20
WBGene00012075.,0,0,0
WBGene00012077.,8,2,10
WBGene00012078.,1,0,1
WBGene00012079.,0,1,1
WBGene00012080.,0,2,2
WBGene00012081.,5,2,7
WBGene00012083.,0,0,0
WBGene00012084.,374,737,1111
WBGene00012085.,119,3240,3359
WBGene00012086.,16,21,37
WBGene00012087.,8,4,12
WBGene00012088.,2,6,8
WBGene00012089.,5,18,23
WBGene00012090.,0,0,0
WBGene00012091.,9,5,14
WBGene00012093.,7,2,9
WBGene00012094.,0,32549,32549
WBGene00012095.,125,568,693
WBGene00012096.,0,5,5
WBGene00012097.,306,29161,29467
WBGene00012098.,0,0,0
WBGene00012099.,233,382,615
WBGene00012100.,465,4185,4650
WBGene00012101.,78,41370,41448
WBGene00012102.,7,20,27
WBGene00012103.,5,133,138
WBGene00012104.,66,361,427
WBGene00012105.,74,1057,1131
WBGene00012106.,58,965,1023
WBGene00012107.,17,297,314
WBGene00012108.,5,3,8
WBGene00012109.,27,229,256
WBGene00012110.,29,248,277
WBGene00012111.,29,314,343
WBGene00012112.,50,446,496
WBGene00012113.,32,16011,16043
WBGene00012114.,68,401,469
WBGene00012115.,24,71,95
WBGene00012116.,59,331,390
WBGene00012117.,734,7501,8235
WBGene00012118.,92,1283,1375
WBGene00012119.,2,23,25
WBGene00012120.,3,22,25
WBGene00012121.,512,9351,9863
WBGene00012122.,5,1133,1138
WBGene00012123.,403,7020,7423
WBGene00012124.,40,1099,1139
WBGene00012125.,223,3046,3269
WBGene00012126.,1869,6046,7915
WBGene00012127.,39,1429,1468
WBGene00012128.,401,7058,7459
WBGene00012130.,83,954,1037
WBGene00012131.,30,468,498
WBGene00012132.,71,715,786
WBGene00012133.,7,13,20
WBGene00012134.,191,2108,2299
WBGene00012135.,38,208,246
WBGene00012136.,1792,5095,6887
WBGene00012137.,250,772,1022
WBGene00012138.,32,117,149
WBGene00012139.,1090,1610,2700
WBGene00012140.,535,48373,48908
WBGene00012142.,72,444,516
WBGene00012143.,68,881,949
WBGene00012144.,84,2241,2325
WBGene00012145.,24,883,907
WBGene00012146.,0,0,0
WBGene00012147.,7,24,31
WBGene00012148.,134,35095,35229
WBGene00012149.,439,2664,3103
WBGene00012150.,87,684,771
WBGene00012151.,6,128,134
WBGene00012152.,146,2534,2680
WBGene00012155.,42,594,636
WBGene00012156.,7,1649,1656
WBGene00012157.,170,991,1161
WBGene00012158.,1568,19038,20606
WBGene00012159.,3,20,23
WBGene00012162.,23,883,906
WBGene00012163.,16,199,215
WBGene00012164.,98,185,283
WBGene00012165.,159,465,624
WBGene00012166.,21,23620,23641
WBGene00012167.,17,1038,1055
WBGene00012168.,99,497,596
WBGene00012169.,5,0,5
WBGene00012170.,9,68,77
WBGene00012171.,0,1,1
WBGene00012172.,10,31,41
WBGene00012173.,6,8,14
WBGene00012174.,3,8,11
WBGene00012175.,8,170,178
WBGene00012176.,12,64,76
WBGene00012177.,3,6,9
WBGene00012178.,185,572,757
WBGene00012179.,2366,166218,168584
WBGene00012180.,328,111,439
WBGene00012181.,9,6,15
WBGene00012182.,87,4803,4890
WBGene00012183.,0,373,373
WBGene00012184.,51,553,604
WBGene00012185.,46,406,452
WBGene00012186.,51,2350,2401
WBGene00012187.,89,3056,3145
WBGene00012188.,175,1497,1672
WBGene00012189.,10,26,36
WBGene00012190.,89,309,398
WBGene00012191.,82,80,162
WBGene00012192.,196,1381,1577
WBGene00012193.,1417,13391,14808
WBGene00012194.,105,2883,2988
WBGene00012195.,81,56,137
WBGene00012196.,6,100,106
WBGene00012197.,87,3129,3216
WBGene00012198.,32,823,855
WBGene00012199.,23,92,115
WBGene00012200.,4,7,11
WBGene00012201.,282,3220,3502
WBGene00012202.,27,153,180
WBGene00012203.,200,3166,3366
WBGene00012204.,36,3283,3319
WBGene00012205.,59,2965,3024
WBGene00012206.,41,2040,2081
WBGene00012207.,2,3,5
WBGene00012208.,132,1887,2019
WBGene00012209.,19,486,505
WBGene00012210.,4,174,178
WBGene00012211.,6,2,8
WBGene00012212.,0,2,2
WBGene00012213.,0,2,2
WBGene00012214.,0,0,0
WBGene00012215.,14,35,49
WBGene00012216.,33,4126,4159
WBGene00012217.,22,69,91
WBGene00012218.,0,13,13
WBGene00012219.,5,25,30
WBGene00012220.,61,409,470
WBGene00012221.,151,4043,4194
WBGene00012222.,63,515,578
WBGene00012223.,1,1,2
WBGene00012224.,3,8,11
WBGene00012225.,164,448,612
WBGene00012226.,233,2643,2876
WBGene00012227.,4,36,40
WBGene00012228.,27,167,194
WBGene00012230.,788,3240,4028
WBGene00012231.,2,4,6
WBGene00012232.,1,0,1
WBGene00012233.,7,4,11
WBGene00012234.,444,2652,3096
WBGene00012235.,99,1208,1307
WBGene00012236.,60,731,791
WBGene00012237.,3,233,236
WBGene00012238.,24,7,31
WBGene00012239.,66,2818,2884
WBGene00012240.,1,8,9
WBGene00012241.,152,468,620
WBGene00012242.,0,44,44
WBGene00012243.,36,1389,1425
WBGene00012244.,29,3805,3834
WBGene00012245.,611,6971,7582
WBGene00012246.,2,7,9
WBGene00012247.,7,2,9
WBGene00012248.,0,0,0
WBGene00012249.,1,3,4
WBGene00012250.,3,2,5
WBGene00012251.,16,904,920
WBGene00012252.,137,801,938
WBGene00012253.,375,47543,47918
WBGene00012254.,47,141,188
WBGene00012255.,54,2113,2167
WBGene00012256.,8,891,899
WBGene00012257.,17,1243,1260
WBGene00012258.,49,2959,3008
WBGene00012259.,228,1001,1229
WBGene00012260.,1,65,66
WBGene00012261.,15,2055,2070
WBGene00012264.,3,3,6
WBGene00012265.,7,95,102
WBGene00012266.,6,4,10
WBGene00012267.,4,10,14
WBGene00012268.,21,207,228
WBGene00012269.,5,7,12
WBGene00012270.,18,73,91
WBGene00012271.,20,155,175
WBGene00012272.,189,184,373
WBGene00012274.,1401,7495,8896
WBGene00012275.,192,405,597
WBGene00012276.,83,2443,2526
WBGene00012277.,58,836,894
WBGene00012278.,0,0,0
WBGene00012279.,10,837,847
WBGene00012280.,16,264,280
WBGene00012281.,203,884,1087
WBGene00012282.,49,782,831
WBGene00012283.,4,2,6
WBGene00012284.,2,4,6
WBGene00012285.,4,4,8
WBGene00012286.,0,6,6
WBGene00012287.,0,6,6
WBGene00012288.,0,14,14
WBGene00012289.,679,7835,8514
WBGene00012290.,17,106,123
WBGene00012291.,664,4338,5002
WBGene00012292.,0,0,0
WBGene00012293.,71,59,130
WBGene00012294.,0,0,0
WBGene00012295.,70,420,490
WBGene00012296.,20,66,86
WBGene00012297.,7,25,32
WBGene00012298.,85,2518,2603
WBGene00012299.,1,44,45
WBGene00012300.,0,1,1
WBGene00012301.,0,3,3
WBGene00012302.,0,0,0
WBGene00012303.,5,2,7
WBGene00012304.,39,10,49
WBGene00012305.,0,0,0
WBGene00012306.,545,1700,2245
WBGene00012307.,22,171,193
WBGene00012308.,5,23,28
WBGene00012309.,1,4,5
WBGene00012310.,12,1,13
WBGene00012311.,0,3,3
WBGene00012312.,0,1,1
WBGene00012313.,0,0,0
WBGene00012314.,0,0,0
WBGene00012315.,58,1049,1107
WBGene00012316.,238,2763,3001
WBGene00012317.,238,3843,4081
WBGene00012318.,3,5,8
WBGene00012319.,303,1463,1766
WBGene00012320.,0,3,3
WBGene00012321.,2,11,13
WBGene00012322.,116,1450,1566
WBGene00012323.,4,120,124
WBGene00012324.,8,594,602
WBGene00012325.,52,347,399
WBGene00012326.,523,2642,3165
WBGene00012328.,27,188,215
WBGene00012329.,17,27,44
WBGene00012330.,123,2854,2977
WBGene00012332.,26,256,282
WBGene00012333.,14,60,74
WBGene00012334.,20,6,26
WBGene00012335.,4,13,17
WBGene00012336.,14,48,62
WBGene00012337.,386,6917,7303
WBGene00012339.,134,2584,2718
WBGene00012340.,57,472,529
WBGene00012341.,189,3026,3215
WBGene00012342.,305,5005,5310
WBGene00012343.,228,4113,4341
WBGene00012344.,505,14458,14963
WBGene00012345.,8,17,25
WBGene00012346.,8,84,92
WBGene00012347.,739,820,1559
WBGene00012348.,1686,7344,9030
WBGene00012349.,5,3,8
WBGene00012350.,0,0,0
WBGene00012351.,1415,16496,17911
WBGene00012352.,250,986,1236
WBGene00012353.,197,3103,3300
WBGene00012354.,540,67872,68412
WBGene00012355.,77,0,77
WBGene00012356.,25,231,256
WBGene00012357.,1,5,6
WBGene00012358.,369,5297,5666
WBGene00012359.,131,2665,2796
WBGene00012360.,315,2428,2743
WBGene00012361.,142,14183,14325
WBGene00012362.,1185,2763,3948
WBGene00012363.,182,1549,1731
WBGene00012364.,79,542,621
WBGene00012365.,116,2511,2627
WBGene00012366.,154,1908,2062
WBGene00012368.,7,173,180
WBGene00012369.,241,3282,3523
WBGene00012370.,265,767,1032
WBGene00012371.,791,1518,2309
WBGene00012372.,43,307,350
WBGene00012373.,0,0,0
WBGene00012374.,346,134,480
WBGene00012375.,83,6175,6258
WBGene00012376.,511,22801,23312
WBGene00012377.,0,0,0
WBGene00012378.,1,0,1
WBGene00012379.,2,5,7
WBGene00012381.,142,1250,1392
WBGene00012382.,6620,147721,154341
WBGene00012383.,735,13846,14581
WBGene00012384.,37,129,166
WBGene00012385.,97,850,947
WBGene00012386.,204142,3584,207726
WBGene00012387.,64,173,237
WBGene00012388.,6,6,12
WBGene00012389.,444,1712,2156
WBGene00012390.,201,886,1087
WBGene00012391.,63,989,1052
WBGene00012393.,233,1255,1488
WBGene00012394.,12,12,24
WBGene00012395.,3,927,930
WBGene00012396.,73,1377,1450
WBGene00012397.,0,4,4
WBGene00012398.,16,85,101
WBGene00012399.,24,75,99
WBGene00012400.,3,23,26
WBGene00012401.,0,6,6
WBGene00012402.,1,0,1
WBGene00012403.,1,61,62
WBGene00012404.,19,475,494
WBGene00012405.,0,1,1
WBGene00012406.,2,9,11
WBGene00012407.,102,2956,3058
WBGene00012408.,77,585,662
WBGene00012409.,2,2,4
WBGene00012411.,1,0,1
WBGene00012412.,0,57,57
WBGene00012413.,6,41,47
WBGene00012414.,2,14,16
WBGene00012415.,5,4,9
WBGene00012416.,55,518,573
WBGene00012418.,198,259,457
WBGene00012419.,0,0,0
WBGene00012420.,15,3086,3101
WBGene00012421.,175,3348,3523
WBGene00012423.,477,4446,4923
WBGene00012424.,418,2703,3121
WBGene00012425.,101,650,751
WBGene00012426.,26,27,53
WBGene00012428.,12,84,96
WBGene00012429.,11,154,165
WBGene00012431.,13,277,290
WBGene00012432.,36,201,237
WBGene00012433.,11,276,287
WBGene00012434.,314,7310,7624
WBGene00012435.,9,433,442
WBGene00012436.,2,155,157
WBGene00012437.,536,5970,6506
WBGene00012439.,42,900,942
WBGene00012440.,10,1225,1235
WBGene00012441.,46,317,363
WBGene00012442.,36,119,155
WBGene00012443.,396,4261,4657
WBGene00012444.,542,9885,10427
WBGene00012445.,218,5682,5900
WBGene00012446.,84,434,518
WBGene00012448.,38,17,55
WBGene00012449.,48,317,365
WBGene00012450.,115,518,633
WBGene00012451.,17,33,50
WBGene00012452.,0,8925,8925
WBGene00012453.,2,4,6
WBGene00012454.,1,2,3
WBGene00012455.,25,68,93
WBGene00012456.,27,594,621
WBGene00012457.,57,157,214
WBGene00012458.,453,2853,3306
WBGene00012459.,60,1334,1394
WBGene00012460.,91,783,874
WBGene00012461.,501,721,1222
WBGene00012462.,1115,1008,2123
WBGene00012463.,467,1536,2003
WBGene00012464.,142,1012,1154
WBGene00012465.,219,3218,3437
WBGene00012466.,537,849,1386
WBGene00012467.,76,415,491
WBGene00012468.,458,3707,4165
WBGene00012469.,51,1068,1119
WBGene00012470.,5,3,8
WBGene00012471.,217,10688,10905
WBGene00012472.,362,2445,2807
WBGene00012473.,189,262,451
WBGene00012474.,457,3408,3865
WBGene00012475.,18,9,27
WBGene00012476.,0,308,308
WBGene00012477.,62,68,130
WBGene00012478.,853,9762,10615
WBGene00012479.,148,1893,2041
WBGene00012480.,15,36,51
WBGene00012481.,13,346,359
WBGene00012482.,1,12,13
WBGene00012483.,0,5799,5799
WBGene00012484.,24,5297,5321
WBGene00012485.,0,55,55
WBGene00012486.,6,3,9
WBGene00012487.,6,83,89
WBGene00012488.,3,0,3
WBGene00012489.,0,0,0
WBGene00012490.,0,4,4
WBGene00012491.,78,128,206
WBGene00012492.,2,59,61
WBGene00012493.,0,0,0
WBGene00012494.,432,2189,2621
WBGene00012496.,112,1451,1563
WBGene00012497.,89,4681,4770
WBGene00012498.,0,93,93
WBGene00012499.,0,8,8
WBGene00012500.,4,17,21
WBGene00012501.,1,4,5
WBGene00012502.,1,0,1
WBGene00012503.,9,25,34
WBGene00012504.,1,1,2
WBGene00012505.,1,2,3
WBGene00012509.,0,0,0
WBGene00012512.,9,228,237
WBGene00012513.,66,436,502
WBGene00012514.,28,369,397
WBGene00012515.,2,1,3
WBGene00012516.,0,9,9
WBGene00012517.,0,1,1
WBGene00012518.,4,75,79
WBGene00012519.,2,9,11
WBGene00012520.,0,0,0
WBGene00012521.,0,4,4
WBGene00012522.,590,2880,3470
WBGene00012523.,0,2,2
WBGene00012524.,87,789,876
WBGene00012525.,29,246,275
WBGene00012526.,3,52,55
WBGene00012527.,49,275,324
WBGene00012528.,149,5224,5373
WBGene00012529.,258,3843,4101
WBGene00012530.,1406,7913,9319
WBGene00012531.,132,2281,2413
WBGene00012532.,221,1200,1421
WBGene00012533.,5,186,191
WBGene00012535.,18,27,45
WBGene00012536.,60,421,481
WBGene00012537.,3,20,23
WBGene00012538.,49,471,520
WBGene00012540.,15,178,193
WBGene00012541.,16,21,37
WBGene00012542.,8,7,15
WBGene00012543.,674,3828,4502
WBGene00012544.,1252,21509,22761
WBGene00012545.,131,711,842
WBGene00012546.,29,1512,1541
WBGene00012547.,0,42,42
WBGene00012548.,445,1761,2206
WBGene00012549.,13,5,18
WBGene00012550.,29,8426,8455
WBGene00012551.,10,921,931
WBGene00012552.,4,243,247
WBGene00012553.,6200,92065,98265
WBGene00012554.,277,7519,7796
WBGene00012555.,34,1628,1662
WBGene00012556.,252,4233,4485
WBGene00012557.,7,5,12
WBGene00012558.,204,2367,2571
WBGene00012559.,342,2587,2929
WBGene00012560.,469,1360,1829
WBGene00012561.,6,11,17
WBGene00012562.,269,1529,1798
WBGene00012564.,24,254,278
WBGene00012565.,14,326,340
WBGene00012566.,6,103,109
WBGene00012567.,7,19,26
WBGene00012568.,2,36,38
WBGene00012569.,1,78,79
WBGene00012570.,6,7,13
WBGene00012571.,0,0,0
WBGene00012572.,11,0,11
WBGene00012573.,34,567,601
WBGene00012574.,1,5,6
WBGene00012575.,0,4,4
WBGene00012576.,165,634,799
WBGene00012577.,5,3,8
WBGene00012578.,434,1764,2198
WBGene00012579.,1,0,1
WBGene00012580.,0,2,2
WBGene00012581.,0,0,0
WBGene00012582.,1,253,254
WBGene00012583.,18,545,563
WBGene00012584.,1496,4707,6203
WBGene00012585.,151,479,630
WBGene00012586.,31,53,84
WBGene00012587.,7,26,33
WBGene00012588.,89,1044,1133
WBGene00012589.,8,89,97
WBGene00012590.,0,0,0
WBGene00012591.,0,340,340
WBGene00012592.,8,227,235
WBGene00012593.,4,30,34
WBGene00012594.,14,72,86
WBGene00012595.,2,156,158
WBGene00012596.,7,95,102
WBGene00012597.,27,426,453
WBGene00012600.,153,1286,1439
WBGene00012602.,599,10155,10754
WBGene00012603.,3,11,14
WBGene00012604.,0,55,55
WBGene00012605.,16,210,226
WBGene00012606.,83,688,771
WBGene00012607.,48,158,206
WBGene00012608.,2877,44150,47027
WBGene00012609.,1,3,4
WBGene00012610.,33,543,576
WBGene00012612.,2,5,7
WBGene00012614.,18,29,47
WBGene00012615.,3567,84611,88178
WBGene00012616.,5,85,90
WBGene00012617.,0,9,9
WBGene00012618.,15,33,48
WBGene00012620.,0,4,4
WBGene00012621.,9,349,358
WBGene00012622.,34,112,146
WBGene00012623.,26,166,192
WBGene00012624.,84,683,767
WBGene00012625.,6,27,33
WBGene00012626.,46,123,169
WBGene00012627.,25,79,104
WBGene00012628.,115,1675,1790
WBGene00012629.,109,520,629
WBGene00012630.,2,6,8
WBGene00012631.,12,50,62
WBGene00012632.,41,468,509
WBGene00012633.,81,31,112
WBGene00012634.,17,592,609
WBGene00012635.,18,187,205
WBGene00012636.,8,5,13
WBGene00012637.,2,18,20
WBGene00012638.,0,2,2
WBGene00012639.,30,115,145
WBGene00012640.,4,147,151
WBGene00012641.,464,3134,3598
WBGene00012642.,15,33,48
WBGene00012643.,24,2259,2283
WBGene00012644.,563,797,1360
WBGene00012645.,336,3453,3789
WBGene00012646.,172,2120,2292
WBGene00012647.,138,1254,1392
WBGene00012648.,224,6457,6681
WBGene00012649.,0,13,13
WBGene00012650.,27,1353,1380
WBGene00012651.,105,655,760
WBGene00012652.,26,2943,2969
WBGene00012653.,0,0,0
WBGene00012654.,80,93,173
WBGene00012655.,0,0,0
WBGene00012656.,9,10,19
WBGene00012657.,193,718,911
WBGene00012658.,437,4067,4504
WBGene00012659.,35,17,52
WBGene00012660.,0,81,81
WBGene00012661.,5,12,17
WBGene00012662.,88,1554,1642
WBGene00012663.,159,989,1148
WBGene00012664.,14,4574,4588
WBGene00012665.,195,2246,2441
WBGene00012666.,340,4606,4946
WBGene00012668.,2488,7788,10276
WBGene00012669.,11,77,88
WBGene00012670.,16,60,76
WBGene00012671.,1,30,31
WBGene00012672.,1,4,5
WBGene00012673.,18,112,130
WBGene00012674.,221,1033,1254
WBGene00012675.,272,2107,2379
WBGene00012676.,682,4554,5236
WBGene00012678.,37,303,340
WBGene00012679.,5,13,18
WBGene00012680.,17,3275,3292
WBGene00012681.,5,2,7
WBGene00012682.,14,2,16
WBGene00012683.,3,52,55
WBGene00012684.,2,5,7
WBGene00012686.,6,110,116
WBGene00012688.,6,12,18
WBGene00012689.,5,9,14
WBGene00012690.,2,3,5
WBGene00012692.,844,7442,8286
WBGene00012693.,171,2035,2206
WBGene00012694.,140,1952,2092
WBGene00012695.,23,1291,1314
WBGene00012696.,22,392,414
WBGene00012697.,95,3792,3887
WBGene00012698.,25,538,563
WBGene00012699.,14,48,62
WBGene00012700.,19,260,279
WBGene00012701.,190,795,985
WBGene00012702.,12,60,72
WBGene00012703.,53,286,339
WBGene00012704.,67,368,435
WBGene00012705.,9,97,106
WBGene00012706.,2,0,2
WBGene00012707.,3,17,20
WBGene00012708.,6,81,87
WBGene00012709.,29,175,204
WBGene00012710.,16,775,791
WBGene00012711.,28,190,218
WBGene00012712.,357,1596,1953
WBGene00012713.,226,7774,8000
WBGene00012714.,150,4714,4864
WBGene00012715.,44,1215,1259
WBGene00012716.,9,319,328
WBGene00012717.,1521,9363,10884
WBGene00012718.,560,347,907
WBGene00012719.,177,705,882
WBGene00012720.,4,5,9
WBGene00012721.,28,15,43
WBGene00012722.,233,4858,5091
WBGene00012723.,30,668,698
WBGene00012724.,2,8,10
WBGene00012725.,0,8,8
WBGene00012726.,1,30,31
WBGene00012727.,1,7,8
WBGene00012728.,152,5714,5866
WBGene00012729.,2,48,50
WBGene00012730.,1189,2996,4185
WBGene00012731.,6,82,88
WBGene00012732.,361,789,1150
WBGene00012734.,660,1208,1868
WBGene00012735.,1305,2673,3978
WBGene00012738.,108,9566,9674
WBGene00012739.,1404,7154,8558
WBGene00012740.,112,1505,1617
WBGene00012741.,11,7,18
WBGene00012742.,0,0,0
WBGene00012743.,18,13,31
WBGene00012744.,246,379,625
WBGene00012745.,1,8,9
WBGene00012746.,0,1,1
WBGene00012747.,23,178,201
WBGene00012748.,2,41,43
WBGene00012749.,75,43,118
WBGene00012750.,267,394,661
WBGene00012752.,0,0,0
WBGene00012753.,57,1247,1304
WBGene00012754.,32,171,203
WBGene00012755.,54,1060,1114
WBGene00012756.,260,1114,1374
WBGene00012757.,159,2912,3071
WBGene00012758.,88,1009,1097
WBGene00012759.,226,6791,7017
WBGene00012760.,24390,2458,26848
WBGene00012761.,2,9,11
WBGene00012762.,166,3322,3488
WBGene00012763.,605,1880,2485
WBGene00012764.,0,205,205
WBGene00012765.,332,3583,3915
WBGene00012766.,61,6375,6436
WBGene00012767.,588,1446,2034
WBGene00012768.,74,77194,77268
WBGene00012769.,515,5566,6081
WBGene00012770.,397,61,458
WBGene00012771.,4,4,8
WBGene00012772.,98,2,100
WBGene00012773.,9,3,12
WBGene00012775.,40,4,44
WBGene00012776.,162,594,756
WBGene00012777.,14,275,289
WBGene00012778.,38,583,621
WBGene00012779.,142,562,704
WBGene00012780.,28,112,140
WBGene00012781.,0,118,118
WBGene00012782.,411,5162,5573
WBGene00012783.,28,1993,2021
WBGene00012784.,10,18,28
WBGene00012785.,0,6,6
WBGene00012786.,5,297,302
WBGene00012787.,2,0,2
WBGene00012788.,131,21,152
WBGene00012789.,1,0,1
WBGene00012790.,0,0,0
WBGene00012791.,22,69,91
WBGene00012792.,2,9,11
WBGene00012793.,3,7,10
WBGene00012794.,113,3959,4072
WBGene00012795.,4,76,80
WBGene00012796.,93,589,682
WBGene00012798.,13,28,41
WBGene00012799.,2,8,10
WBGene00012802.,164,937,1101
WBGene00012803.,74,6961,7035
WBGene00012804.,189,1693,1882
WBGene00012806.,69,969,1038
WBGene00012807.,117,1873,1990
WBGene00012808.,30,368,398
WBGene00012809.,3,6,9
WBGene00012810.,9,52,61
WBGene00012811.,100,518,618
WBGene00012812.,554,9564,10118
WBGene00012813.,3795,26443,30238
WBGene00012814.,107,427,534
WBGene00012815.,18,159,177
WBGene00012816.,2,73,75
WBGene00012817.,7,26,33
WBGene00012818.,2,1,3
WBGene00012819.,50,534,584
WBGene00012820.,69,3,72
WBGene00012821.,39,828,867
WBGene00012822.,3,36,39
WBGene00012823.,10,291,301
WBGene00012824.,48,151,199
WBGene00012825.,263,1454,1717
WBGene00012826.,82,445,527
WBGene00012827.,5,10,15
WBGene00012828.,629,404,1033
WBGene00012829.,475,5136,5611
WBGene00012830.,48,3576,3624
WBGene00012831.,2,9,11
WBGene00012832.,249,16,265
WBGene00012833.,47,652,699
WBGene00012834.,294,3228,3522
WBGene00012835.,79,524,603
WBGene00012836.,0,0,0
WBGene00012837.,0,3,3
WBGene00012838.,0,9,9
WBGene00012839.,0,0,0
WBGene00012840.,240,1639,1879
WBGene00012841.,0,0,0
WBGene00012844.,0,0,0
WBGene00012845.,186,323,509
WBGene00012846.,4,19,23
WBGene00012847.,30,47,77
WBGene00012848.,1,2,3
WBGene00012849.,1,5,6
WBGene00012850.,1487,10856,12343
WBGene00012851.,1,50,51
WBGene00012852.,964,219,1183
WBGene00012853.,235,44394,44629
WBGene00012854.,265,3147,3412
WBGene00012855.,9,23,32
WBGene00012856.,43,135,178
WBGene00012857.,297,1565,1862
WBGene00012858.,86,2078,2164
WBGene00012859.,48,174,222
WBGene00012860.,94,1350,1444
WBGene00012861.,57,2049,2106
WBGene00012862.,3,12,15
WBGene00012863.,18,140,158
WBGene00012864.,40,184,224
WBGene00012866.,47,212,259
WBGene00012867.,83,1071,1154
WBGene00012868.,1113,2742,3855
WBGene00012869.,60,1039,1099
WBGene00012870.,1,2,3
WBGene00012871.,0,0,0
WBGene00012872.,2,3,5
WBGene00012873.,7,38,45
WBGene00012874.,1,0,1
WBGene00012875.,1128,15523,16651
WBGene00012876.,14,8,22
WBGene00012877.,12,5,17
WBGene00012878.,0,0,0
WBGene00012879.,10,270,280
WBGene00012880.,3,3,6
WBGene00012883.,67,2388,2455
WBGene00012885.,339,5975,6314
WBGene00012886.,18,104,122
WBGene00012887.,340,4125,4465
WBGene00012888.,70,1243,1313
WBGene00012889.,364,1491,1855
WBGene00012890.,113,677,790
WBGene00012891.,811,5521,6332
WBGene00012892.,28,37,65
WBGene00012893.,17,58,75
WBGene00012894.,1917,2417,4334
WBGene00012895.,321,1145,1466
WBGene00012896.,163,7494,7657
WBGene00012897.,14,2132,2146
WBGene00012898.,6,32,38
WBGene00012899.,14,195,209
WBGene00012900.,0,141,141
WBGene00012901.,64,282,346
WBGene00012903.,301,5182,5483
WBGene00012904.,89,1402,1491
WBGene00012905.,0,4,4
WBGene00012906.,38,626,664
WBGene00012907.,3464,8450,11914
WBGene00012908.,304,1414,1718
WBGene00012909.,644,3627,4271
WBGene00012910.,59,448,507
WBGene00012911.,310,2801,3111
WBGene00012912.,2,2,4
WBGene00012913.,0,1,1
WBGene00012914.,3,67,70
WBGene00012915.,41,158,199
WBGene00012916.,0,6,6
WBGene00012917.,20,24,44
WBGene00012919.,19,43,62
WBGene00012920.,138,486,624
WBGene00012921.,0,438,438
WBGene00012922.,9,177,186
WBGene00012923.,28,313,341
WBGene00012924.,7,28,35
WBGene00012925.,7,4,11
WBGene00012926.,0,3,3
WBGene00012927.,54,586,640
WBGene00012928.,41,2228,2269
WBGene00012929.,766,4479,5245
WBGene00012930.,618,2296,2914
WBGene00012931.,133,1115,1248
WBGene00012932.,161,3659,3820
WBGene00012933.,0,187,187
WBGene00012934.,276,1368,1644
WBGene00012935.,381,807,1188
WBGene00012936.,370,3686,4056
WBGene00012937.,0,1,1
WBGene00012938.,232,283,515
WBGene00012939.,92,522,614
WBGene00012940.,18,33,51
WBGene00012941.,42,273,315
WBGene00012942.,0,510,510
WBGene00012943.,218,1935,2153
WBGene00012945.,0,0,0
WBGene00012946.,9,0,9
WBGene00012947.,2,43,45
WBGene00012948.,423,984,1407
WBGene00012950.,68,1436,1504
WBGene00012951.,312,2780,3092
WBGene00012952.,2,33,35
WBGene00012953.,11,395,406
WBGene00012954.,14,93,107
WBGene00012955.,1,9,10
WBGene00012956.,102,61,163
WBGene00012958.,8,13,21
WBGene00012959.,10,74,84
WBGene00012960.,452,2187,2639
WBGene00012961.,43,672,715
WBGene00012962.,47,229,276
WBGene00012964.,275,24483,24758
WBGene00012965.,0,4,4
WBGene00012966.,18,1618,1636
WBGene00012967.,224,384,608
WBGene00012968.,423,4524,4947
WBGene00012969.,16,173,189
WBGene00012970.,97,666,763
WBGene00012972.,182,1839,2021
WBGene00012973.,1465,8299,9764
WBGene00012974.,97,20,117
WBGene00012975.,1528,235,1763
WBGene00012976.,72,419,491
WBGene00012977.,416,1173,1589
WBGene00012978.,452,6996,7448
WBGene00012979.,8,37,45
WBGene00012980.,1533,3610,5143
WBGene00012981.,8,18,26
WBGene00012982.,351,1933,2284
WBGene00012983.,440,6907,7347
WBGene00012984.,183,1406,1589
WBGene00012985.,19,2,21
WBGene00012987.,295,2752,3047
WBGene00012988.,839,3035,3874
WBGene00012989.,3948,3335,7283
WBGene00012990.,957,2865,3822
WBGene00012992.,226,4148,4374
WBGene00012993.,378,758,1136
WBGene00012994.,302,952,1254
WBGene00012995.,766,1550,2316
WBGene00012996.,365,1916,2281
WBGene00012997.,42,1202,1244
WBGene00012998.,337,1572,1909
WBGene00012999.,924,6362,7286
WBGene00013000.,1028,665,1693
WBGene00013001.,595,1621,2216
WBGene00013002.,1155,1631,2786
WBGene00013004.,724,6119,6843
WBGene00013006.,367,789,1156
WBGene00013007.,19,203,222
WBGene00013008.,104,1237,1341
WBGene00013009.,25,195,220
WBGene00013010.,0,0,0
WBGene00013011.,62,1044,1106
WBGene00013013.,35,718,753
WBGene00013014.,290,1421,1711
WBGene00013015.,235,970,1205
WBGene00013017.,81,3212,3293
WBGene00013018.,39,3614,3653
WBGene00013019.,258,806,1064
WBGene00013020.,375,3865,4240
WBGene00013021.,219,1329,1548
WBGene00013023.,94,804,898
WBGene00013024.,34,737,771
WBGene00013025.,37,31424,31461
WBGene00013026.,5,1140,1145
WBGene00013027.,63,1760,1823
WBGene00013028.,61,431,492
WBGene00013029.,136,3087,3223
WBGene00013030.,54,958,1012
WBGene00013031.,0,21,21
WBGene00013032.,12,4,16
WBGene00013033.,7,2,9
WBGene00013034.,1589,3108,4697
WBGene00013035.,325,3480,3805
WBGene00013036.,12,19,31
WBGene00013037.,514,4148,4662
WBGene00013038.,196,3376,3572
WBGene00013039.,486,3424,3910
WBGene00013040.,691,1033,1724
WBGene00013041.,12,91,103
WBGene00013042.,290,1948,2238
WBGene00013043.,109,303,412
WBGene00013044.,16,5,21
WBGene00013045.,4,4,8
WBGene00013046.,48,630,678
WBGene00013047.,0,0,0
WBGene00013048.,66,1313,1379
WBGene00013049.,0,0,0
WBGene00013050.,0,1,1
WBGene00013051.,0,5,5
WBGene00013052.,6,13,19
WBGene00013053.,19,25,44
WBGene00013054.,0,41,41
WBGene00013055.,50,382,432
WBGene00013056.,3,8,11
WBGene00013058.,13,3,16
WBGene00013059.,0,0,0
WBGene00013060.,3,21,24
WBGene00013061.,0,1,1
WBGene00013062.,0,0,0
WBGene00013063.,0,0,0
WBGene00013064.,0,0,0
WBGene00013066.,17,37,54
WBGene00013067.,3,0,3
WBGene00013068.,1,0,1
WBGene00013069.,3,1,4
WBGene00013070.,0,2,2
WBGene00013071.,0,30,30
WBGene00013072.,34,36,70
WBGene00013073.,135,1243,1378
WBGene00013074.,45,1538,1583
WBGene00013075.,268,957,1225
WBGene00013076.,89,192,281
WBGene00013077.,2285,37299,39584
WBGene00013078.,785,14818,15603
WBGene00013079.,6253,46488,52741
WBGene00013080.,1347,7391,8738
WBGene00013081.,802,21542,22344
WBGene00013082.,224,1528,1752
WBGene00013083.,82,562,644
WBGene00013085.,1,1,2
WBGene00013086.,0,1,1
WBGene00013087.,0,3,3
WBGene00013088.,16,169,185
WBGene00013089.,0,1,1
WBGene00013090.,1,0,1
WBGene00013091.,9,93,102
WBGene00013093.,1437,1862,3299
WBGene00013094.,650,28639,29289
WBGene00013095.,368,1303,1671
WBGene00013096.,557,1619,2176
WBGene00013098.,161,634,795
WBGene00013100.,13,43,56
WBGene00013101.,66,546,612
WBGene00013102.,0,0,0
WBGene00013103.,121,2487,2608
WBGene00013104.,1039,18374,19413
WBGene00013105.,4,4,8
WBGene00013106.,116,1692,1808
WBGene00013107.,3,36,39
WBGene00013109.,23,5445,5468
WBGene00013111.,325,2701,3026
WBGene00013112.,0,1,1
WBGene00013113.,0,0,0
WBGene00013114.,20,0,20
WBGene00013116.,12,16,28
WBGene00013117.,0,0,0
WBGene00013118.,223,900,1123
WBGene00013119.,391,893,1284
WBGene00013120.,0,3,3
WBGene00013121.,6,3,9
WBGene00013122.,42,633,675
WBGene00013123.,387,1191,1578
WBGene00013124.,1862,1270,3132
WBGene00013125.,7,49,56
WBGene00013126.,5,5,10
WBGene00013127.,41,258,299
WBGene00013128.,143,1736,1879
WBGene00013129.,511,3503,4014
WBGene00013130.,0,0,0
WBGene00013131.,314,160,474
WBGene00013132.,196,1049,1245
WBGene00013134.,7,23,30
WBGene00013135.,64,893,957
WBGene00013136.,101,2412,2513
WBGene00013137.,94,1152,1246
WBGene00013138.,4,0,4
WBGene00013139.,99,1487,1586
WBGene00013140.,52,1689,1741
WBGene00013141.,22,84,106
WBGene00013142.,4,16,20
WBGene00013143.,25,2495,2520
WBGene00013144.,849,7086,7935
WBGene00013145.,11,94,105
WBGene00013146.,54,274,328
WBGene00013147.,7,345,352
WBGene00013148.,4,2,6
WBGene00013149.,62,93,155
WBGene00013150.,44,2409,2453
WBGene00013151.,127,1955,2082
WBGene00013152.,5,5,10
WBGene00013153.,7,57,64
WBGene00013154.,0,3,3
WBGene00013155.,2,12,14
WBGene00013156.,19,1160,1179
WBGene00013157.,0,15,15
WBGene00013158.,5,40,45
WBGene00013159.,132,657,789
WBGene00013160.,1035,1780,2815
WBGene00013161.,707,2301,3008
WBGene00013162.,1,2,3
WBGene00013163.,79,15,94
WBGene00013164.,221,450,671
WBGene00013165.,15,76,91
WBGene00013166.,23,304,327
WBGene00013167.,752,605,1357
WBGene00013168.,167,5059,5226
WBGene00013169.,22,425,447
WBGene00013170.,1,1,2
WBGene00013171.,148,68,216
WBGene00013172.,0,0,0
WBGene00013173.,57,348,405
WBGene00013175.,8,21,29
WBGene00013176.,269,4126,4395
WBGene00013177.,339,3561,3900
WBGene00013178.,104,1263,1367
WBGene00013179.,1,2,3
WBGene00013180.,219,3580,3799
WBGene00013181.,3391,26273,29664
WBGene00013182.,1,0,1
WBGene00013184.,0,0,0
WBGene00013186.,7,3,10
WBGene00013187.,56,640,696
WBGene00013188.,72,436,508
WBGene00013189.,590,2136,2726
WBGene00013190.,7,39,46
WBGene00013192.,3,21,24
WBGene00013193.,105,1238,1343
WBGene00013194.,2,9,11
WBGene00013195.,45,292,337
WBGene00013196.,37,326,363
WBGene00013197.,179,1214,1393
WBGene00013198.,25,156,181
WBGene00013200.,490,10618,11108
WBGene00013201.,423,1390,1813
WBGene00013202.,138,2135,2273
WBGene00013203.,126,1892,2018
WBGene00013204.,52,1181,1233
WBGene00013207.,41,361,402
WBGene00013208.,37,238,275
WBGene00013209.,104,2702,2806
WBGene00013210.,0,9677,9677
WBGene00013211.,88,892,980
WBGene00013212.,141,245,386
WBGene00013213.,181,3123,3304
WBGene00013214.,68,695,763
WBGene00013215.,84,1254,1338
WBGene00013216.,117,4367,4484
WBGene00013217.,211,2221,2432
WBGene00013218.,47,1113,1160
WBGene00013219.,60,4576,4636
WBGene00013220.,3,351,354
WBGene00013221.,19,45,64
WBGene00013222.,374,1049,1423
WBGene00013223.,318,2738,3056
WBGene00013224.,76,1136,1212
WBGene00013225.,354,2024,2378
WBGene00013226.,23,1,24
WBGene00013227.,68,815,883
WBGene00013228.,2821,5271,8092
WBGene00013230.,0,2,2
WBGene00013231.,64,682,746
WBGene00013232.,314,1029,1343
WBGene00013233.,1,18,19
WBGene00013234.,0,50,50
WBGene00013235.,13,263,276
WBGene00013236.,52,4584,4636
WBGene00013237.,110,13972,14082
WBGene00013238.,865,22970,23835
WBGene00013239.,137,1930,2067
WBGene00013240.,381,1044,1425
WBGene00013241.,92,910,1002
WBGene00013242.,91,428,519
WBGene00013243.,224,668,892
WBGene00013244.,52,271,323
WBGene00013246.,64,206,270
WBGene00013247.,28,122,150
WBGene00013248.,40,151,191
WBGene00013249.,37,69,106
WBGene00013250.,5,128,133
WBGene00013251.,35,107,142
WBGene00013252.,11,80,91
WBGene00013253.,123,382,505
WBGene00013254.,3,5,8
WBGene00013255.,307,3122,3429
WBGene00013256.,146,2514,2660
WBGene00013257.,162,2152,2314
WBGene00013258.,994,572,1566
WBGene00013259.,193,1194,1387
WBGene00013260.,35,1790,1825
WBGene00013261.,232,427,659
WBGene00013263.,20,3452,3472
WBGene00013264.,12,37,49
WBGene00013265.,260,998,1258
WBGene00013266.,77,3035,3112
WBGene00013267.,354,2981,3335
WBGene00013268.,49,611,660
WBGene00013269.,14,3246,3260
WBGene00013270.,260,669,929
WBGene00013272.,68,92,160
WBGene00013273.,520,1804,2324
WBGene00013275.,66,2526,2592
WBGene00013276.,16,125,141
WBGene00013277.,1,29,30
WBGene00013278.,12,103,115
WBGene00013279.,1,3,4
WBGene00013280.,1,1,2
WBGene00013281.,4,34,38
WBGene00013282.,2,1,3
WBGene00013283.,5,18,23
WBGene00013284.,36,5722,5758
WBGene00013285.,15,39,54
WBGene00013286.,11,60,71
WBGene00013287.,280,219,499
WBGene00013288.,2,6,8
WBGene00013289.,941,3818,4759
WBGene00013290.,1,1,2
WBGene00013292.,224,1332,1556
WBGene00013293.,48,517,565
WBGene00013294.,10,25,35
WBGene00013295.,29,1036,1065
WBGene00013296.,0,2,2
WBGene00013297.,3,13,16
WBGene00013298.,24,138,162
WBGene00013299.,0,1,1
WBGene00013300.,9,32,41
WBGene00013301.,35,2177,2212
WBGene00013302.,26,896,922
WBGene00013303.,127,349,476
WBGene00013304.,24,74,98
WBGene00013305.,0,5,5
WBGene00013306.,1,47,48
WBGene00013307.,109,7144,7253
WBGene00013308.,0,1330,1330
WBGene00013310.,73,128,201
WBGene00013311.,84,35751,35835
WBGene00013312.,16,381,397
WBGene00013313.,18,17,35
WBGene00013315.,0,0,0
WBGene00013316.,0,0,0
WBGene00013317.,948,3497,4445
WBGene00013318.,8,1,9
WBGene00013319.,0,12,12
WBGene00013320.,2,0,2
WBGene00013321.,213,1761,1974
WBGene00013322.,42,150,192
WBGene00013323.,18,1938,1956
WBGene00013324.,314,6543,6857
WBGene00013325.,87,693,780
WBGene00013326.,411,918,1329
WBGene00013327.,267,1691,1958
WBGene00013328.,5,18,23
WBGene00013329.,5,145,150
WBGene00013330.,4,276,280
WBGene00013331.,52,92,144
WBGene00013332.,16,1506,1522
WBGene00013333.,124,900,1024
WBGene00013334.,121,1304,1425
WBGene00013335.,45,277,322
WBGene00013336.,101,633,734
WBGene00013337.,0,0,0
WBGene00013338.,5,14,19
WBGene00013339.,274,1201,1475
WBGene00013340.,491,7864,8355
WBGene00013341.,0,2,2
WBGene00013343.,1027,5926,6953
WBGene00013344.,55,3108,3163
WBGene00013345.,89,249,338
WBGene00013347.,1187,4860,6047
WBGene00013348.,13,239,252
WBGene00013349.,3,151,154
WBGene00013350.,444,959,1403
WBGene00013351.,0,0,0
WBGene00013352.,353,3186,3539
WBGene00013353.,140,232,372
WBGene00013354.,782,3607,4389
WBGene00013355.,497,2510,3007
WBGene00013356.,0,4,4
WBGene00013357.,17,4,21
WBGene00013358.,146,1223,1369
WBGene00013359.,43,942,985
WBGene00013360.,442,8606,9048
WBGene00013361.,563,2450,3013
WBGene00013362.,74,276,350
WBGene00013363.,2,15,17
WBGene00013364.,18,77,95
WBGene00013365.,261,3270,3531
WBGene00013366.,680,3213,3893
WBGene00013367.,10,8,18
WBGene00013368.,24,113,137
WBGene00013369.,0,1,1
WBGene00013370.,0,7,7
WBGene00013371.,0,1,1
WBGene00013372.,0,1,1
WBGene00013373.,8,20,28
WBGene00013374.,0,2,2
WBGene00013375.,58,102,160
WBGene00013376.,129,1208,1337
WBGene00013378.,53,3754,3807
WBGene00013379.,1283,5791,7074
WBGene00013380.,0,203,203
WBGene00013381.,19,130,149
WBGene00013382.,42,793,835
WBGene00013383.,16,182,198
WBGene00013385.,82,717,799
WBGene00013386.,0,0,0
WBGene00013387.,218,1978,2196
WBGene00013388.,5,35,40
WBGene00013389.,16,28,44
WBGene00013390.,0,0,0
WBGene00013391.,0,1,1
WBGene00013392.,5,18,23
WBGene00013393.,1,1,2
WBGene00013394.,0,0,0
WBGene00013395.,2,3,5
WBGene00013396.,3,0,3
WBGene00013397.,8,8,16
WBGene00013398.,5,28,33
WBGene00013399.,22,65,87
WBGene00013400.,1,6,7
WBGene00013401.,4,38,42
WBGene00013402.,11,54,65
WBGene00013403.,13,51,64
WBGene00013404.,3,245,248
WBGene00013405.,43,409,452
WBGene00013406.,584,12843,13427
WBGene00013407.,65,597,662
WBGene00013408.,1,14,15
WBGene00013409.,0,8,8
WBGene00013410.,0,12,12
WBGene00013411.,6,2,8
WBGene00013412.,2,9,11
WBGene00013415.,398,2520,2918
WBGene00013416.,379,1098,1477
WBGene00013417.,108,128,236
WBGene00013418.,190,2218,2408
WBGene00013419.,29,91,120
WBGene00013421.,3,40,43
WBGene00013422.,240,1175,1415
WBGene00013424.,8,32,40
WBGene00013425.,155,474,629
WBGene00013426.,36,817,853
WBGene00013427.,66,2,68
WBGene00013429.,6,8,14
WBGene00013431.,160,333,493
WBGene00013432.,5,101,106
WBGene00013433.,5,534,539
WBGene00013434.,223,1526,1749
WBGene00013435.,311,5397,5708
WBGene00013436.,253,2799,3052
WBGene00013437.,9,35,44
WBGene00013438.,2,842,844
WBGene00013439.,29,527,556
WBGene00013440.,29,119,148
WBGene00013441.,218,1722,1940
WBGene00013442.,20,328,348
WBGene00013443.,148,437,585
WBGene00013445.,33,488,521
WBGene00013446.,416,1577,1993
WBGene00013447.,386,1258,1644
WBGene00013448.,342,3068,3410
WBGene00013449.,0,21,21
WBGene00013450.,6,12,18
WBGene00013451.,6,6,12
WBGene00013452.,10,6,16
WBGene00013453.,93,1570,1663
WBGene00013454.,3,3,6
WBGene00013455.,246,1082,1328
WBGene00013456.,103,697,800
WBGene00013457.,64,170,234
WBGene00013458.,122,1735,1857
WBGene00013459.,332,3559,3891
WBGene00013460.,598,1613,2211
WBGene00013461.,368,2486,2854
WBGene00013462.,205,4008,4213
WBGene00013463.,0,20972,20972
WBGene00013464.,177,1135,1312
WBGene00013465.,129,1359,1488
WBGene00013466.,1,6,7
WBGene00013467.,0,3,3
WBGene00013468.,4,6,10
WBGene00013469.,6,3,9
WBGene00013470.,2,1,3
WBGene00013471.,4,3,7
WBGene00013472.,1,0,1
WBGene00013473.,0,1,1
WBGene00013474.,1,9,10
WBGene00013475.,2,1,3
WBGene00013476.,0,2,2
WBGene00013477.,98,5142,5240
WBGene00013478.,3,32,35
WBGene00013479.,59,158,217
WBGene00013480.,38,26,64
WBGene00013481.,505,5820,6325
WBGene00013482.,116,1099,1215
WBGene00013483.,1,6,7
WBGene00013484.,43,134,177
WBGene00013485.,189,378,567
WBGene00013486.,77,264,341
WBGene00013487.,6,7,13
WBGene00013489.,39,18415,18454
WBGene00013490.,16,55,71
WBGene00013491.,0,0,0
WBGene00013492.,2,9,11
WBGene00013493.,1,40,41
WBGene00013494.,15,16,31
WBGene00013495.,20,3,23
WBGene00013496.,41,157,198
WBGene00013497.,39,332,371
WBGene00013498.,4,5,9
WBGene00013499.,196,778,974
WBGene00013500.,0,0,0
WBGene00013501.,0,0,0
WBGene00013502.,11,1,12
WBGene00013503.,45,1,46
WBGene00013505.,5,13,18
WBGene00013506.,319,530,849
WBGene00013507.,26,63,89
WBGene00013508.,3,9,12
WBGene00013509.,8,240,248
WBGene00013510.,194,168,362
WBGene00013511.,4,3,7
WBGene00013512.,8,12,20
WBGene00013513.,5,65,70
WBGene00013514.,905,15924,16829
WBGene00013515.,2832,52116,54948
WBGene00013516.,423,6962,7385
WBGene00013517.,139,249,388
WBGene00013518.,309,1320,1629
WBGene00013519.,0,2,2
WBGene00013520.,22,18,40
WBGene00013521.,0,1,1
WBGene00013522.,199,1652,1851
WBGene00013523.,0,0,0
WBGene00013524.,0,0,0
WBGene00013525.,3,21,24
WBGene00013526.,4,5,9
WBGene00013527.,3,0,3
WBGene00013528.,5,0,5
WBGene00013529.,342,1516,1858
WBGene00013530.,492,2218,2710
WBGene00013531.,250,1760,2010
WBGene00013532.,16,2777,2793
WBGene00013534.,197,233,430
WBGene00013535.,11,105,116
WBGene00013536.,205,70,275
WBGene00013537.,7,13,20
WBGene00013538.,321,1759,2080
WBGene00013539.,19,118,137
WBGene00013540.,141,1380,1521
WBGene00013541.,151,956,1107
WBGene00013542.,69,768,837
WBGene00013543.,321,1607,1928
WBGene00013544.,437,5999,6436
WBGene00013545.,651,1942,2593
WBGene00013547.,22,105,127
WBGene00013548.,222,2727,2949
WBGene00013549.,282,1328,1610
WBGene00013550.,91,3082,3173
WBGene00013551.,53,553,606
WBGene00013552.,4,372,376
WBGene00013553.,210,2330,2540
WBGene00013554.,147,430,577
WBGene00013555.,26,142,168
WBGene00013556.,377,1491,1868
WBGene00013557.,877,2940,3817
WBGene00013558.,144,1451,1595
WBGene00013559.,769,6711,7480
WBGene00013560.,509,3535,4044
WBGene00013561.,210,1544,1754
WBGene00013562.,40,176,216
WBGene00013563.,122,192,314
WBGene00013564.,21,33,54
WBGene00013565.,0,0,0
WBGene00013566.,0,0,0
WBGene00013567.,2,197,199
WBGene00013568.,122,2233,2355
WBGene00013569.,10,1029,1039
WBGene00013570.,0,0,0
WBGene00013571.,0,0,0
WBGene00013572.,0,1,1
WBGene00013573.,70,84,154
WBGene00013574.,196,143,339
WBGene00013575.,122,5275,5397
WBGene00013576.,26,459,485
WBGene00013577.,1454,15783,17237
WBGene00013578.,97,401,498
WBGene00013579.,52,10,62
WBGene00013580.,1624,2449,4073
WBGene00013581.,0,4,4
WBGene00013583.,1,5,6
WBGene00013584.,70,417,487
WBGene00013585.,22,394,416
WBGene00013586.,3,5,8
WBGene00013587.,83,334,417
WBGene00013588.,181,2997,3178
WBGene00013589.,0,10,10
WBGene00013590.,0,20,20
WBGene00013591.,89,1520,1609
WBGene00013592.,26,57,83
WBGene00013593.,192,1583,1775
WBGene00013594.,996,2787,3783
WBGene00013595.,184,1679,1863
WBGene00013596.,41,1305,1346
WBGene00013597.,831,10542,11373
WBGene00013598.,387,4375,4762
WBGene00013599.,527,830,1357
WBGene00013601.,146,960,1106
WBGene00013602.,30,381,411
WBGene00013603.,377,2686,3063
WBGene00013604.,100,1294,1394
WBGene00013605.,189,2683,2872
WBGene00013606.,517,2627,3144
WBGene00013607.,0,50,50
WBGene00013608.,1,126,127
WBGene00013609.,30,963,993
WBGene00013610.,4,272,276
WBGene00013611.,8,133,141
WBGene00013612.,2,112,114
WBGene00013613.,3,8,11
WBGene00013614.,2,0,2
WBGene00013615.,10,1,11
WBGene00013616.,0,2,2
WBGene00013617.,0,0,0
WBGene00013618.,0,0,0
WBGene00013619.,0,2,2
WBGene00013620.,0,3,3
WBGene00013621.,2,1,3
WBGene00013622.,2,2,4
WBGene00013623.,61,917,978
WBGene00013624.,0,6,6
WBGene00013625.,0,1,1
WBGene00013626.,2,0,2
WBGene00013627.,2,0,2
WBGene00013628.,1,1,2
WBGene00013629.,6,3,9
WBGene00013631.,9,1,10
WBGene00013632.,451,670,1121
WBGene00013633.,148,576,724
WBGene00013634.,25,66,91
WBGene00013635.,1,0,1
WBGene00013636.,0,193,193
WBGene00013637.,88,33,121
WBGene00013638.,236,2647,2883
WBGene00013639.,2729,1571,4300
WBGene00013640.,213,23,236
WBGene00013642.,156,680,836
WBGene00013643.,49,1138,1187
WBGene00013644.,2,97,99
WBGene00013645.,8,28,36
WBGene00013646.,9,36,45
WBGene00013647.,390,3790,4180
WBGene00013648.,10,5,15
WBGene00013649.,22,26,48
WBGene00013650.,9,783,792
WBGene00013651.,22,13,35
WBGene00013652.,1,7,8
WBGene00013653.,3,16,19
WBGene00013654.,87,1084,1171
WBGene00013655.,45,88,133
WBGene00013656.,7,56,63
WBGene00013657.,0,0,0
WBGene00013658.,23,425,448
WBGene00013659.,1,21,22
WBGene00013661.,4,4,8
WBGene00013662.,28,266,294
WBGene00013665.,43,438,481
WBGene00013666.,113,683,796
WBGene00013667.,205,1584,1789
WBGene00013668.,185,2644,2829
WBGene00013669.,34,379,413
WBGene00013670.,854,3799,4653
WBGene00013671.,78,1991,2069
WBGene00013672.,155,219,374
WBGene00013673.,98,244,342
WBGene00013674.,114,940,1054
WBGene00013676.,240,2548,2788
WBGene00013677.,676,3556,4232
WBGene00013678.,495,2873,3368
WBGene00013679.,255,2136,2391
WBGene00013680.,591,2165,2756
WBGene00013682.,2866,4702,7568
WBGene00013683.,326,3521,3847
WBGene00013684.,7,3,10
WBGene00013685.,35,89,124
WBGene00013687.,257,1710,1967
WBGene00013688.,425,6365,6790
WBGene00013689.,23,923,946
WBGene00013690.,177,8412,8589
WBGene00013691.,54,612,666
WBGene00013692.,179,2857,3036
WBGene00013693.,74,145,219
WBGene00013694.,116,1636,1752
WBGene00013695.,316,2457,2773
WBGene00013696.,0,16,16
WBGene00013697.,20,1127,1147
WBGene00013698.,26,592,618
WBGene00013699.,1,8,9
WBGene00013700.,4,105,109
WBGene00013701.,4,306,310
WBGene00013702.,112,678,790
WBGene00013703.,513,1895,2408
WBGene00013704.,122,874,996
WBGene00013705.,2,7,9
WBGene00013706.,0,2,2
WBGene00013707.,0,2,2
WBGene00013708.,10,665,675
WBGene00013709.,458,5169,5627
WBGene00013710.,1,45,46
WBGene00013711.,584,2268,2852
WBGene00013712.,3,3,6
WBGene00013713.,0,10,10
WBGene00013716.,121,2502,2623
WBGene00013717.,11,524,535
WBGene00013718.,50,2188,2238
WBGene00013719.,32,782,814
WBGene00013720.,11,1158,1169
WBGene00013721.,0,8,8
WBGene00013722.,0,0,0
WBGene00013723.,0,79,79
WBGene00013724.,75,683,758
WBGene00013725.,97,1614,1711
WBGene00013726.,100,951,1051
WBGene00013727.,14,272,286
WBGene00013728.,28,529,557
WBGene00013729.,13,656,669
WBGene00013730.,1193,4305,5498
WBGene00013732.,3739,2523,6262
WBGene00013734.,13,7159,7172
WBGene00013735.,2644,4645,7289
WBGene00013736.,47,1780,1827
WBGene00013737.,787,1994,2781
WBGene00013738.,368,2004,2372
WBGene00013739.,213,131,344
WBGene00013740.,40,2020,2060
WBGene00013741.,15,89,104
WBGene00013742.,134,229,363
WBGene00013744.,1,7,8
WBGene00013746.,360,777,1137
WBGene00013747.,11,5,16
WBGene00013748.,76,1189,1265
WBGene00013749.,27,80,107
WBGene00013750.,13,158,171
WBGene00013751.,43,427,470
WBGene00013752.,211,613,824
WBGene00013753.,99,880,979
WBGene00013754.,0,1,1
WBGene00013755.,8,173,181
WBGene00013756.,12,305,317
WBGene00013757.,1,16,17
WBGene00013758.,11,438,449
WBGene00013759.,3,5,8
WBGene00013760.,1,2,3
WBGene00013761.,12,354,366
WBGene00013762.,19,185,204
WBGene00013763.,68,933,1001
WBGene00013764.,40,44,84
WBGene00013765.,123,2251,2374
WBGene00013766.,157,32606,32763
WBGene00013768.,386,757,1143
WBGene00013770.,3,7,10
WBGene00013771.,5,16,21
WBGene00013772.,0,0,0
WBGene00013773.,1,12,13
WBGene00013774.,99,137,236
WBGene00013775.,2,39,41
WBGene00013776.,1,145,146
WBGene00013777.,2,5,7
WBGene00013778.,19,235,254
WBGene00013779.,3,80,83
WBGene00013781.,193,868,1061
WBGene00013782.,115,476,591
WBGene00013783.,3,2,5
WBGene00013784.,1035,9889,10924
WBGene00013785.,4,5,9
WBGene00013786.,1,8,9
WBGene00013788.,1,1,2
WBGene00013789.,154,864,1018
WBGene00013790.,130,1142,1272
WBGene00013791.,0,0,0
WBGene00013792.,244,421,665
WBGene00013794.,0,8,8
WBGene00013795.,1,0,1
WBGene00013796.,0,1,1
WBGene00013797.,0,0,0
WBGene00013798.,2,1,3
WBGene00013799.,9,49,58
WBGene00013800.,8,7,15
WBGene00013801.,3,19,22
WBGene00013802.,95,242,337
WBGene00013803.,521,4153,4674
WBGene00013804.,515,4022,4537
WBGene00013805.,508,4280,4788
WBGene00013806.,214,1164,1378
WBGene00013807.,492,1360,1852
WBGene00013808.,495,2633,3128
WBGene00013809.,25,17,42
WBGene00013810.,2,9,11
WBGene00013811.,2,3,5
WBGene00013812.,83,182,265
WBGene00013814.,40,41,81
WBGene00013815.,0,10,10
WBGene00013816.,4,8,12
WBGene00013817.,13,55,68
WBGene00013819.,162,1404,1566
WBGene00013820.,5,30,35
WBGene00013821.,26,8,34
WBGene00013822.,12,71,83
WBGene00013823.,38,8,46
WBGene00013824.,1,11,12
WBGene00013825.,38,49,87
WBGene00013826.,5,32,37
WBGene00013827.,0,0,0
WBGene00013828.,39,3,42
WBGene00013829.,0,13,13
WBGene00013830.,3,16,19
WBGene00013831.,9,6,15
WBGene00013832.,4,71,75
WBGene00013833.,16,75,91
WBGene00013834.,5,10,15
WBGene00013835.,20,162,182
WBGene00013836.,17,351,368
WBGene00013837.,0,1,1
WBGene00013838.,30,702,732
WBGene00013839.,12,156,168
WBGene00013840.,2,46,48
WBGene00013841.,30,185,215
WBGene00013842.,34,233,267
WBGene00013843.,3,21,24
WBGene00013844.,9,16,25
WBGene00013845.,48,836,884
WBGene00013846.,11,103,114
WBGene00013847.,265,2262,2527
WBGene00013848.,301,756,1057
WBGene00013849.,69,660,729
WBGene00013850.,115,262,377
WBGene00013852.,54,460,514
WBGene00013853.,12,22334,22346
WBGene00013854.,0,4,4
WBGene00013855.,60,546,606
WBGene00013856.,0,84,84
WBGene00013857.,129,777,906
WBGene00013858.,0,3,3
WBGene00013859.,827,21499,22326
WBGene00013860.,237,2843,3080
WBGene00013862.,18,661,679
WBGene00013863.,4,13,17
WBGene00013865.,9,147,156
WBGene00013866.,428,4882,5310
WBGene00013867.,21,98,119
WBGene00013868.,2,26,28
WBGene00013869.,248,2189,2437
WBGene00013870.,48,1106,1154
WBGene00013871.,13,33,46
WBGene00013872.,194,606,800
WBGene00013873.,23,26,49
WBGene00013874.,95,1251,1346
WBGene00013875.,21,244,265
WBGene00013876.,17,363,380
WBGene00013877.,173,1617,1790
WBGene00013878.,763,3872,4635
WBGene00013879.,0,17,17
WBGene00013880.,40,3030,3070
WBGene00013881.,63,710,773
WBGene00013882.,1828,17953,19781
WBGene00013883.,28,102,130
WBGene00013884.,1999,19887,21886
WBGene00013886.,9,28,37
WBGene00013887.,0,0,0
WBGene00013888.,0,0,0
WBGene00013889.,0,0,0
WBGene00013890.,0,0,0
WBGene00013891.,1,121,122
WBGene00013892.,147,3373,3520
WBGene00013893.,31,2096,2127
WBGene00013894.,83,923,1006
WBGene00013895.,70,695,765
WBGene00013896.,111,869,980
WBGene00013897.,37,932,969
WBGene00013898.,271,3460,3731
WBGene00013899.,109,1949,2058
WBGene00013900.,9,236,245
WBGene00013901.,143,10937,11080
WBGene00013902.,207,1151,1358
WBGene00013903.,3,60,63
WBGene00013904.,36,236,272
WBGene00013905.,9,472,481
WBGene00013906.,125,2660,2785
WBGene00013907.,13,103,116
WBGene00013908.,30,37,67
WBGene00013909.,4,11,15
WBGene00013910.,1,1,2
WBGene00013911.,5,34,39
WBGene00013912.,8,17,25
WBGene00013913.,8,7,15
WBGene00013914.,72,173,245
WBGene00013915.,5,5,10
WBGene00013916.,6,31,37
WBGene00013917.,50,899,949
WBGene00013918.,0,0,0
WBGene00013919.,403,2527,2930
WBGene00013920.,66,3293,3359
WBGene00013921.,237,1283,1520
WBGene00013923.,24,453,477
WBGene00013924.,181,4752,4933
WBGene00013925.,110,1776,1886
WBGene00013926.,12,901,913
WBGene00013927.,0,2,2
WBGene00013928.,1,2,3
WBGene00013929.,4,14,18
WBGene00013930.,0,0,0
WBGene00013931.,3,1,4
WBGene00013932.,0,0,0
WBGene00013933.,6,25,31
WBGene00013934.,1348,4844,6192
WBGene00013935.,0,5,5
WBGene00013937.,0,4,4
WBGene00013938.,20,392,412
WBGene00013939.,0,26,26
WBGene00013940.,2,1,3
WBGene00013941.,0,0,0
WBGene00013942.,0,2,2
WBGene00013943.,0,1,1
WBGene00013944.,3,6,9
WBGene00013946.,131,966,1097
WBGene00013947.,161,1540,1701
WBGene00013948.,0,0,0
WBGene00013949.,153,1159,1312
WBGene00013950.,176,1473,1649
WBGene00013951.,1,1,2
WBGene00013953.,5,0,5
WBGene00013954.,0,7,7
WBGene00013955.,258,222,480
WBGene00013956.,0,10,10
WBGene00013957.,431,800,1231
WBGene00013958.,268,6642,6910
WBGene00013959.,207,1464,1671
WBGene00013960.,62,346,408
WBGene00013961.,0,60,60
WBGene00013962.,180,2341,2521
WBGene00013963.,23,614,637
WBGene00013964.,13,1387,1400
WBGene00013965.,18,407,425
WBGene00013966.,30,767,797
WBGene00013967.,56,699,755
WBGene00013968.,27,695,722
WBGene00013969.,186,3518,3704
WBGene00013970.,237,1077,1314
WBGene00013971.,0,1,1
WBGene00013972.,1,1,2
WBGene00013973.,0,2,2
WBGene00013974.,20,56,76
WBGene00013975.,19,185,204
WBGene00013976.,54,166,220
WBGene00013978.,0,5,5
WBGene00013979.,2,3,5
WBGene00013980.,74,353,427
WBGene00013982.,38,639,677
WBGene00013983.,69,5485,5554
WBGene00013984.,759,2763,3522
WBGene00013985.,105,2525,2630
WBGene00013986.,0,16,16
WBGene00013987.,6,22,28
WBGene00013988.,3,1,4
WBGene00013989.,47,845,892
WBGene00013993.,0,0,0
WBGene00013994.,112,1275,1387
WBGene00013995.,5,6,11
WBGene00013996.,19,391,410
WBGene00013997.,357,5347,5704
WBGene00013998.,29,725,754
WBGene00013999.,12,9,21
WBGene00014000.,80,2074,2154
WBGene00014001.,297,8436,8733
WBGene00014002.,42,326,368
WBGene00014003.,18,2883,2901
WBGene00014004.,259,2283,2542
WBGene00014005.,2,13,15
WBGene00014006.,9,5326,5335
WBGene00014007.,1,26,27
WBGene00014008.,9,243,252
WBGene00014009.,7,123,130
WBGene00014011.,39,2617,2656
WBGene00014012.,117,3602,3719
WBGene00014013.,147,4604,4751
WBGene00014014.,106,786,892
WBGene00014015.,125,3047,3172
WBGene00014016.,1807,29909,31716
WBGene00014017.,321,3955,4276
WBGene00014018.,258,1909,2167
WBGene00014019.,158,1873,2031
WBGene00014020.,51,1376,1427
WBGene00014021.,385,1406,1791
WBGene00014022.,658,8228,8886
WBGene00014023.,261,897,1158
WBGene00014024.,106,415,521
WBGene00014025.,149,3925,4074
WBGene00014026.,0,0,0
WBGene00014027.,17,256,273
WBGene00014028.,67,521,588
WBGene00014029.,1,9,10
WBGene00014030.,86,7455,7541
WBGene00014031.,83,4122,4205
WBGene00014032.,1,0,1
WBGene00014033.,150,810,960
WBGene00014034.,1,774,775
WBGene00014035.,216,1046,1262
WBGene00014036.,801,3696,4497
WBGene00014037.,4387,11,4398
WBGene00014039.,162,1624,1786
WBGene00014040.,0,6,6
WBGene00014041.,0,1,1
WBGene00014042.,0,0,0
WBGene00014043.,0,1,1
WBGene00014044.,0,1,1
WBGene00014045.,0,0,0
WBGene00014046.,0,4,4
WBGene00014047.,19,55,74
WBGene00014048.,2,6,8
WBGene00014049.,2,0,2
WBGene00014050.,0,1,1
WBGene00014051.,908,2899,3807
WBGene00014052.,2,113,115
WBGene00014053.,14,46,60
WBGene00014054.,149,8159,8308
WBGene00014055.,94,979,1073
WBGene00014057.,337,5667,6004
WBGene00014058.,202,2185,2387
WBGene00014060.,33,234,267
WBGene00014061.,0,0,0
WBGene00014062.,16,105,121
WBGene00014063.,9,247,256
WBGene00014064.,0,1,1
WBGene00014065.,141,146,287
WBGene00014066.,82,1174,1256
WBGene00014067.,5,101,106
WBGene00014068.,2,28,30
WBGene00014069.,1,14,15
WBGene00014070.,39,5,44
WBGene00014073.,23,162,185
WBGene00014074.,183,1221,1404
WBGene00014075.,227,2456,2683
WBGene00014076.,149,953,1102
WBGene00014077.,90,1066,1156
WBGene00014078.,360,5886,6246
WBGene00014079.,80,782,862
WBGene00014080.,57,632,689
WBGene00014081.,130,676,806
WBGene00014082.,11,12,23
WBGene00014083.,189,4068,4257
WBGene00014084.,0,5,5
WBGene00014085.,12,76,88
WBGene00014086.,1684,24345,26029
WBGene00014087.,72,1847,1919
WBGene00014088.,950,37232,38182
WBGene00014089.,38,75,113
WBGene00014090.,38,2491,2529
WBGene00014091.,645,18391,19036
WBGene00014092.,608,6158,6766
WBGene00014093.,75,128,203
WBGene00014094.,24,172,196
WBGene00014095.,237,103199,103436
WBGene00014096.,22,5247,5269
WBGene00014097.,3,45,48
WBGene00014098.,372,5073,5445
WBGene00014099.,110,2473,2583
WBGene00014100.,11,76,87
WBGene00014101.,557,1379,1936
WBGene00014102.,2,7,9
WBGene00014103.,30,35,65
WBGene00014104.,2,1,3
WBGene00014105.,21,42,63
WBGene00014106.,281,879,1160
WBGene00014107.,55,661,716
WBGene00014108.,293,14484,14777
WBGene00014109.,85,4322,4407
WBGene00014111.,30,1370,1400
WBGene00014112.,83,2279,2362
WBGene00014113.,11,435,446
WBGene00014114.,69,1374,1443
WBGene00014115.,251,4103,4354
WBGene00014116.,6,16,22
WBGene00014117.,3,77,80
WBGene00014118.,102,836,938
WBGene00014119.,300,1601,1901
WBGene00014120.,0,636,636
WBGene00014121.,25,53,78
WBGene00014122.,66,168,234
WBGene00014123.,39,2061,2100
WBGene00014124.,45,1654,1699
WBGene00014125.,71,8176,8247
WBGene00014126.,0,0,0
WBGene00014127.,2,9,11
WBGene00014128.,3,1,4
WBGene00014129.,0,1,1
WBGene00014130.,0,3,3
WBGene00014131.,0,92,92
WBGene00014132.,22,77,99
WBGene00014134.,17,85,102
WBGene00014135.,47,205,252
WBGene00014136.,346,1329,1675
WBGene00014137.,62,2681,2743
WBGene00014138.,271,3125,3396
WBGene00014139.,287,565,852
WBGene00014140.,961,958,1919
WBGene00014141.,105,1794,1899
WBGene00014142.,9,74,83
WBGene00014143.,0,2,2
WBGene00014144.,0,4,4
WBGene00014145.,30,291,321
WBGene00014147.,0,0,0
WBGene00014148.,269,4005,4274
WBGene00014149.,2,29,31
WBGene00014150.,51,543,594
WBGene00014151.,156,1699,1855
WBGene00014152.,25,123,148
WBGene00014153.,93,1887,1980
WBGene00014154.,1,29,30
WBGene00014155.,11,37,48
WBGene00014156.,100,1736,1836
WBGene00014157.,1,0,1
WBGene00014158.,0,7,7
WBGene00014159.,8,1119,1127
WBGene00014160.,8,79,87
WBGene00014161.,13,82,95
WBGene00014162.,1,4,5
WBGene00014163.,0,195,195
WBGene00014164.,104,1702,1806
WBGene00014165.,641,19299,19940
WBGene00014166.,14,126,140
WBGene00014168.,0,1,1
WBGene00014169.,1,31,32
WBGene00014170.,3,13,16
WBGene00014171.,1965,5106,7071
WBGene00014172.,172,1558,1730
WBGene00014173.,8,124,132
WBGene00014174.,0,6,6
WBGene00014175.,177,1580,1757
WBGene00014176.,90,1458,1548
WBGene00014177.,127,2249,2376
WBGene00014178.,31,263,294
WBGene00014179.,1,1,2
WBGene00014180.,4,2,6
WBGene00014181.,36,356,392
WBGene00014182.,0,0,0
WBGene00014183.,34,5492,5526
WBGene00014184.,13,63,76
WBGene00014185.,0,0,0
WBGene00014186.,0,0,0
WBGene00014188.,0,0,0
WBGene00014189.,1,14,15
WBGene00014190.,3,10,13
WBGene00014191.,1,0,1
WBGene00014192.,9,9,18
WBGene00014193.,1,13,14
WBGene00014194.,1,10,11
WBGene00014195.,19,147,166
WBGene00014196.,1,20,21
WBGene00014197.,2,3,5
WBGene00014198.,6,251,257
WBGene00014199.,4,11,15
WBGene00014200.,2,93,95
WBGene00014201.,1,0,1
WBGene00014202.,258,5774,6032
WBGene00014203.,16,385,401
WBGene00014204.,101,9287,9388
WBGene00014205.,28,735,763
WBGene00014206.,22,638,660
WBGene00014207.,198,5557,5755
WBGene00014208.,75,1847,1922
WBGene00014209.,140,1932,2072
WBGene00014210.,26,307,333
WBGene00014213.,507,7004,7511
WBGene00014214.,1279,1722,3001
WBGene00014215.,422,1891,2313
WBGene00014216.,2,3,5
WBGene00014217.,1,6,7
WBGene00014218.,211,6035,6246
WBGene00014219.,59,1611,1670
WBGene00014220.,59,650,709
WBGene00014221.,75,2669,2744
WBGene00014222.,156,1261,1417
WBGene00014223.,100,88,188
WBGene00014224.,214,6419,6633
WBGene00014225.,11,50,61
WBGene00014226.,0,58,58
WBGene00014227.,194,2236,2430
WBGene00014228.,7,651,658
WBGene00014229.,7,12,19
WBGene00014230.,18,886,904
WBGene00014232.,224,2393,2617
WBGene00014233.,147,3697,3844
WBGene00014234.,5,1887,1892
WBGene00014235.,5,31,36
WBGene00014236.,3,1,4
WBGene00014238.,1,1,2
WBGene00014239.,1,1,2
WBGene00014240.,0,1,1
WBGene00014241.,0,51,51
WBGene00014242.,0,0,0
WBGene00014243.,196,3630,3826
WBGene00014244.,162,10870,11032
WBGene00014245.,6,40,46
WBGene00014246.,5,4,9
WBGene00014247.,2,1,3
WBGene00014248.,330,1125,1455
WBGene00014249.,132,7821,7953
WBGene00014250.,21,1063,1084
WBGene00014251.,277,4377,4654
WBGene00014252.,573,10461,11034
WBGene00014253.,504,7364,7868
WBGene00014254.,28,321,349
WBGene00014255.,9,208,217
WBGene00014256.,17,483,500
WBGene00014258.,284,5828,6112
WBGene00014259.,179,3764,3943
WBGene00014260.,66,79,145
WBGene00014261.,1013,2307,3320
WBGene00014262.,641,10492,11133
WBGene00014263.,0,0,0
WBGene00014264.,0,0,0
WBGene00014265.,0,0,0
WBGene00014266.,0,0,0
WBGene00014267.,0,0,0
WBGene00014268.,0,0,0
WBGene00014269.,0,0,0
WBGene00014270.,0,0,0
WBGene00014271.,0,0,0
WBGene00014272.,0,0,0
WBGene00014273.,0,0,0
WBGene00014274.,0,0,0
WBGene00014275.,0,0,0
WBGene00014276.,0,0,0
WBGene00014277.,0,0,0
WBGene00014278.,0,0,0
WBGene00014279.,0,0,0
WBGene00014280.,0,0,0
WBGene00014281.,0,0,0
WBGene00014282.,0,0,0
WBGene00014283.,0,0,0
WBGene00014284.,0,0,0
WBGene00014285.,0,0,0
WBGene00014286.,0,0,0
WBGene00014287.,0,0,0
WBGene00014288.,0,0,0
WBGene00014289.,0,0,0
WBGene00014290.,0,0,0
WBGene00014291.,0,0,0
WBGene00014292.,0,0,0
WBGene00014293.,0,0,0
WBGene00014294.,2368,13804,16172
WBGene00014295.,0,0,0
WBGene00014296.,0,0,0
WBGene00014297.,0,0,0
WBGene00014298.,0,0,0
WBGene00014299.,0,0,0
WBGene00014300.,187,470,657
WBGene00014301.,0,0,0
WBGene00014302.,0,0,0
WBGene00014303.,0,0,0
WBGene00014304.,0,0,0
WBGene00014305.,0,0,0
WBGene00014306.,0,0,0
WBGene00014307.,5862,129258,135120
WBGene00014308.,51,15553,15604
WBGene00014309.,6445,102502,108947
WBGene00014310.,0,0,0
WBGene00014311.,0,0,0
WBGene00014312.,0,0,0
WBGene00014313.,0,0,0
WBGene00014314.,0,0,0
WBGene00014315.,0,0,0
WBGene00014316.,0,0,0
WBGene00014317.,0,4,4
WBGene00014318.,0,0,0
WBGene00014319.,0,0,0
WBGene00014320.,0,0,0
WBGene00014321.,0,0,0
WBGene00014322.,0,2,2
WBGene00014323.,0,0,0
WBGene00014324.,0,0,0
WBGene00014325.,0,0,0
WBGene00014326.,0,0,0
WBGene00014327.,0,0,0
WBGene00014328.,0,0,0
WBGene00014329.,0,0,0
WBGene00014330.,0,0,0
WBGene00014331.,0,0,0
WBGene00014332.,0,0,0
WBGene00014333.,0,0,0
WBGene00014334.,0,0,0
WBGene00014335.,0,0,0
WBGene00014336.,0,0,0
WBGene00014337.,0,0,0
WBGene00014338.,0,0,0
WBGene00014339.,0,0,0
WBGene00014340.,0,0,0
WBGene00014341.,0,0,0
WBGene00014342.,0,0,0
WBGene00014343.,0,0,0
WBGene00014344.,0,0,0
WBGene00014345.,0,0,0
WBGene00014346.,0,0,0
WBGene00014347.,0,0,0
WBGene00014348.,0,0,0
WBGene00014349.,0,11,11
WBGene00014350.,0,14,14
WBGene00014351.,0,0,0
WBGene00014352.,0,0,0
WBGene00014353.,0,0,0
WBGene00014354.,0,0,0
WBGene00014355.,0,0,0
WBGene00014356.,0,0,0
WBGene00014357.,0,0,0
WBGene00014358.,0,0,0
WBGene00014359.,0,0,0
WBGene00014360.,0,0,0
WBGene00014361.,0,0,0
WBGene00014362.,0,0,0
WBGene00014363.,0,0,0
WBGene00014364.,0,0,0
WBGene00014365.,0,0,0
WBGene00014366.,0,0,0
WBGene00014367.,0,0,0
WBGene00014368.,0,0,0
WBGene00014369.,0,0,0
WBGene00014370.,0,0,0
WBGene00014371.,0,4,4
WBGene00014372.,0,0,0
WBGene00014373.,1,0,1
WBGene00014374.,0,0,0
WBGene00014375.,2,20,22
WBGene00014376.,0,0,0
WBGene00014377.,0,0,0
WBGene00014378.,0,0,0
WBGene00014379.,0,0,0
WBGene00014380.,0,0,0
WBGene00014381.,0,0,0
WBGene00014382.,0,0,0
WBGene00014384.,0,0,0
WBGene00014385.,0,16,16
WBGene00014386.,0,0,0
WBGene00014387.,0,0,0
WBGene00014388.,0,0,0
WBGene00014389.,0,0,0
WBGene00014390.,0,0,0
WBGene00014391.,0,0,0
WBGene00014392.,0,0,0
WBGene00014393.,0,0,0
WBGene00014394.,0,47,47
WBGene00014395.,0,5,5
WBGene00014396.,0,0,0
WBGene00014397.,0,0,0
WBGene00014398.,0,0,0
WBGene00014399.,0,0,0
WBGene00014400.,0,1,1
WBGene00014401.,0,0,0
WBGene00014402.,0,0,0
WBGene00014403.,0,0,0
WBGene00014404.,0,2,2
WBGene00014405.,0,0,0
WBGene00014406.,1,0,1
WBGene00014407.,0,0,0
WBGene00014408.,0,0,0
WBGene00014409.,0,0,0
WBGene00014410.,0,0,0
WBGene00014411.,0,0,0
WBGene00014413.,0,0,0
WBGene00014414.,0,0,0
WBGene00014415.,0,0,0
WBGene00014416.,0,1,1
WBGene00014417.,0,17,17
WBGene00014418.,0,0,0
WBGene00014419.,0,0,0
WBGene00014420.,0,3,3
WBGene00014421.,0,2,2
WBGene00014422.,0,0,0
WBGene00014423.,0,0,0
WBGene00014424.,0,0,0
WBGene00014425.,0,0,0
WBGene00014426.,0,0,0
WBGene00014427.,0,0,0
WBGene00014428.,0,0,0
WBGene00014429.,0,0,0
WBGene00014430.,0,0,0
WBGene00014431.,0,0,0
WBGene00014432.,0,0,0
WBGene00014433.,0,0,0
WBGene00014434.,0,0,0
WBGene00014435.,0,0,0
WBGene00014436.,0,0,0
WBGene00014437.,0,0,0
WBGene00014438.,0,0,0
WBGene00014439.,0,18,18
WBGene00014440.,0,0,0
WBGene00014441.,0,0,0
WBGene00014442.,0,0,0
WBGene00014443.,0,0,0
WBGene00014444.,0,0,0
WBGene00014445.,0,0,0
WBGene00014446.,0,0,0
WBGene00014447.,0,0,0
WBGene00014448.,0,0,0
WBGene00014449.,0,0,0
WBGene00014450.,0,48,48
WBGene00014451.,0,47,47
WBGene00014452.,0,76,76
WBGene00014453.,0,45,45
WBGene00014454.,0,284204,284204
WBGene00014455.,0,34,34
WBGene00014456.,0,46,46
WBGene00014457.,0,831,831
WBGene00014458.,0,19,19
WBGene00014459.,0,133,133
WBGene00014460.,0,47,47
WBGene00014461.,0,23,23
WBGene00014462.,0,448,448
WBGene00014463.,0,20,20
WBGene00014464.,0,3,3
WBGene00014465.,0,29,29
WBGene00014466.,0,469,469
WBGene00014467.,0,133,133
WBGene00014468.,0,21,21
WBGene00014469.,0,28,28
WBGene00014470.,0,136,136
WBGene00014471.,0,49,49
WBGene00014472.,0,188909,188909
WBGene00014473.,0,766,766
WBGene00014474.,0,0,0
WBGene00014475.,0,0,0
WBGene00014476.,0,0,0
WBGene00014477.,0,0,0
WBGene00014478.,0,0,0
WBGene00014479.,0,0,0
WBGene00014480.,0,0,0
WBGene00014481.,0,0,0
WBGene00014482.,0,0,0
WBGene00014483.,0,0,0
WBGene00014484.,0,0,0
WBGene00014485.,0,0,0
WBGene00014486.,0,0,0
WBGene00014487.,0,0,0
WBGene00014488.,0,0,0
WBGene00014489.,0,0,0
WBGene00014490.,0,0,0
WBGene00014491.,0,0,0
WBGene00014493.,0,0,0
WBGene00014494.,0,0,0
WBGene00014495.,0,0,0
WBGene00014496.,0,0,0
WBGene00014497.,0,0,0
WBGene00014498.,0,0,0
WBGene00014499.,0,0,0
WBGene00014500.,0,10,10
WBGene00014501.,0,0,0
WBGene00014502.,0,0,0
WBGene00014503.,0,0,0
WBGene00014504.,0,0,0
WBGene00014505.,0,42382,42382
WBGene00014506.,0,0,0
WBGene00014507.,0,0,0
WBGene00014508.,0,0,0
WBGene00014509.,0,0,0
WBGene00014510.,0,4,4
WBGene00014511.,0,2,2
WBGene00014512.,0,0,0
WBGene00014513.,0,0,0
WBGene00014514.,0,0,0
WBGene00014515.,0,0,0
WBGene00014516.,0,0,0
WBGene00014517.,0,0,0
WBGene00014518.,0,0,0
WBGene00014519.,0,0,0
WBGene00014520.,0,0,0
WBGene00014521.,0,0,0
WBGene00014522.,0,0,0
WBGene00014523.,0,1,1
WBGene00014524.,0,0,0
WBGene00014525.,0,0,0
WBGene00014526.,0,0,0
WBGene00014527.,0,0,0
WBGene00014528.,0,0,0
WBGene00014529.,0,0,0
WBGene00014530.,0,0,0
WBGene00014531.,0,0,0
WBGene00014532.,0,0,0
WBGene00014533.,0,0,0
WBGene00014534.,0,1,1
WBGene00014535.,0,0,0
WBGene00014536.,0,0,0
WBGene00014537.,0,0,0
WBGene00014538.,0,0,0
WBGene00014539.,0,0,0
WBGene00014540.,0,0,0
WBGene00014541.,0,0,0
WBGene00014542.,0,54,54
WBGene00014543.,0,0,0
WBGene00014544.,0,0,0
WBGene00014545.,0,0,0
WBGene00014546.,0,0,0
WBGene00014547.,0,0,0
WBGene00014548.,0,0,0
WBGene00014549.,0,0,0
WBGene00014550.,0,0,0
WBGene00014551.,0,0,0
WBGene00014552.,0,0,0
WBGene00014553.,0,0,0
WBGene00014554.,0,0,0
WBGene00014555.,0,0,0
WBGene00014556.,0,0,0
WBGene00014557.,0,0,0
WBGene00014558.,0,0,0
WBGene00014559.,0,0,0
WBGene00014560.,0,0,0
WBGene00014561.,0,0,0
WBGene00014562.,30,386,416
WBGene00014563.,0,0,0
WBGene00014564.,0,0,0
WBGene00014565.,0,0,0
WBGene00014566.,0,0,0
WBGene00014567.,0,0,0
WBGene00014568.,0,0,0
WBGene00014569.,353,1354,1707
WBGene00014570.,0,0,0
WBGene00014571.,0,0,0
WBGene00014572.,0,0,0
WBGene00014573.,0,0,0
WBGene00014574.,0,0,0
WBGene00014575.,0,0,0
WBGene00014576.,78,136,214
WBGene00014577.,0,15,15
WBGene00014578.,0,0,0
WBGene00014579.,0,0,0
WBGene00014580.,0,0,0
WBGene00014581.,0,0,0
WBGene00014582.,0,0,0
WBGene00014583.,0,0,0
WBGene00014584.,0,0,0
WBGene00014585.,0,0,0
WBGene00014586.,0,0,0
WBGene00014587.,0,0,0
WBGene00014588.,0,0,0
WBGene00014589.,0,14,14
WBGene00014590.,0,0,0
WBGene00014591.,0,0,0
WBGene00014592.,0,0,0
WBGene00014593.,0,0,0
WBGene00014594.,0,0,0
WBGene00014595.,0,0,0
WBGene00014596.,0,0,0
WBGene00014597.,0,0,0
WBGene00014598.,0,0,0
WBGene00014599.,0,0,0
WBGene00014600.,0,0,0
WBGene00014601.,0,0,0
WBGene00014602.,0,0,0
WBGene00014603.,0,0,0
WBGene00014604.,0,0,0
WBGene00014605.,0,0,0
WBGene00014606.,0,0,0
WBGene00014607.,0,0,0
WBGene00014608.,0,0,0
WBGene00014609.,0,0,0
WBGene00014610.,0,0,0
WBGene00014611.,0,0,0
WBGene00014612.,0,0,0
WBGene00014613.,274,1424,1698
WBGene00014614.,0,1,1
WBGene00014615.,6,11,17
WBGene00014616.,0,0,0
WBGene00014617.,0,0,0
WBGene00014618.,0,0,0
WBGene00014619.,0,0,0
WBGene00014620.,0,0,0
WBGene00014621.,0,0,0
WBGene00014622.,0,0,0
WBGene00014623.,0,0,0
WBGene00014624.,0,0,0
WBGene00014625.,0,0,0
WBGene00014626.,0,0,0
WBGene00014627.,0,0,0
WBGene00014628.,0,0,0
WBGene00014629.,0,0,0
WBGene00014630.,0,0,0
WBGene00014631.,0,0,0
WBGene00014632.,0,0,0
WBGene00014633.,0,0,0
WBGene00014634.,0,0,0
WBGene00014635.,0,0,0
WBGene00014636.,0,0,0
WBGene00014637.,0,0,0
WBGene00014638.,0,0,0
WBGene00014639.,0,0,0
WBGene00014640.,0,0,0
WBGene00014641.,2,11,13
WBGene00014643.,0,143,143
WBGene00014644.,0,0,0
WBGene00014645.,0,0,0
WBGene00014646.,0,0,0
WBGene00014647.,0,0,0
WBGene00014648.,0,0,0
WBGene00014649.,0,0,0
WBGene00014650.,0,0,0
WBGene00014651.,0,0,0
WBGene00014652.,0,0,0
WBGene00014653.,0,0,0
WBGene00014654.,0,0,0
WBGene00014655.,0,0,0
WBGene00014656.,0,1,1
WBGene00014657.,0,2,2
WBGene00014658.,0,1,1
WBGene00014659.,0,0,0
WBGene00014660.,1,3,4
WBGene00014663.,0,143,143
WBGene00014664.,0,0,0
WBGene00014665.,0,5,5
WBGene00014666.,180,2224,2404
WBGene00014667.,8,28,36
WBGene00014668.,11,29,40
WBGene00014669.,38,1320,1358
WBGene00014670.,0,0,0
WBGene00014671.,0,1,1
WBGene00014672.,0,19,19
WBGene00014673.,0,0,0
WBGene00014674.,0,75,75
WBGene00014675.,0,0,0
WBGene00014676.,0,0,0
WBGene00014677.,0,0,0
WBGene00014678.,0,0,0
WBGene00014679.,2,27,29
WBGene00014681.,0,0,0
WBGene00014682.,0,0,0
WBGene00014683.,0,1,1
WBGene00014684.,0,0,0
WBGene00014685.,0,0,0
WBGene00014686.,0,5,5
WBGene00014689.,0,6,6
WBGene00014691.,0,0,0
WBGene00014692.,0,0,0
WBGene00014693.,0,7,7
WBGene00014694.,0,22,22
WBGene00014695.,0,0,0
WBGene00014696.,0,0,0
WBGene00014697.,215,1787,2002
WBGene00014698.,20,341,361
WBGene00014699.,0,0,0
WBGene00014700.,0,12,12
WBGene00014701.,0,46,46
WBGene00014702.,0,15,15
WBGene00014703.,1,2,3
WBGene00014704.,0,1,1
WBGene00014705.,0,0,0
WBGene00014706.,0,0,0
WBGene00014707.,0,1,1
WBGene00014708.,0,0,0
WBGene00014710.,5,5,10
WBGene00014711.,1,4,5
WBGene00014714.,4,25,29
WBGene00014715.,0,0,0
WBGene00014716.,0,0,0
WBGene00014717.,0,0,0
WBGene00014718.,0,0,0
WBGene00014719.,0,0,0
WBGene00014720.,0,0,0
WBGene00014721.,0,0,0
WBGene00014722.,2,4,6
WBGene00014723.,1,2,3
WBGene00014724.,0,0,0
WBGene00014727.,0,0,0
WBGene00014728.,0,13,13
WBGene00014729.,0,19,19
WBGene00014730.,3,109,112
WBGene00014731.,0,32,32
WBGene00014732.,9,113,122
WBGene00014733.,0,1,1
WBGene00014734.,7,28,35
WBGene00014735.,0,2,2
WBGene00014738.,0,0,0
WBGene00014740.,0,5,5
WBGene00014741.,0,31,31
WBGene00014744.,0,45,45
WBGene00014745.,0,12,12
WBGene00014746.,4,163,167
WBGene00014748.,0,0,0
WBGene00014751.,28,130,158
WBGene00014752.,0,0,0
WBGene00014753.,0,16,16
WBGene00014754.,1,5,6
WBGene00014755.,0,0,0
WBGene00014757.,0,3,3
WBGene00014758.,0,1,1
WBGene00014759.,107,129,236
WBGene00014760.,4,4,8
WBGene00014761.,93,497,590
WBGene00014763.,0,1,1
WBGene00014764.,1,43,44
WBGene00014766.,0,0,0
WBGene00014767.,0,0,0
WBGene00014768.,0,4,4
WBGene00014769.,4,9,13
WBGene00014770.,4,3,7
WBGene00014771.,0,13,13
WBGene00014772.,1153,5552,6705
WBGene00014773.,0,38,38
WBGene00014775.,0,0,0
WBGene00014776.,0,1,1
WBGene00014777.,0,0,0
WBGene00014778.,0,17,17
WBGene00014779.,3,0,3
WBGene00014781.,0,0,0
WBGene00014782.,0,1,1
WBGene00014783.,0,0,0
WBGene00014784.,0,0,0
WBGene00014785.,0,0,0
WBGene00014786.,0,0,0
WBGene00014787.,0,0,0
WBGene00014788.,0,0,0
WBGene00014789.,3,16,19
WBGene00014790.,12,11,23
WBGene00014793.,0,758,758
WBGene00014794.,23,46,69
WBGene00014796.,3,2,5
WBGene00014798.,3,15,18
WBGene00014799.,0,5,5
WBGene00014800.,2,7,9
WBGene00014801.,58,665,723
WBGene00014803.,0,3,3
WBGene00014805.,4,0,4
WBGene00014806.,0,2,2
WBGene00014807.,3,4,7
WBGene00014809.,2,9,11
WBGene00014811.,6,136,142
WBGene00014813.,48,217,265
WBGene00014814.,0,66,66
WBGene00014817.,0,3,3
WBGene00014818.,1,8,9
WBGene00014819.,0,0,0
WBGene00014820.,80,163,243
WBGene00014821.,569,497,1066
WBGene00014822.,28,2,30
WBGene00014824.,0,0,0
WBGene00014825.,2,7,9
WBGene00014826.,849,14654,15503
WBGene00014827.,0,12,12
WBGene00014828.,0,0,0
WBGene00014829.,0,0,0
WBGene00014832.,2,3,5
WBGene00014833.,3,1,4
WBGene00014834.,20,1,21
WBGene00014835.,2,34,36
WBGene00014836.,11,501,512
WBGene00014837.,1,24,25
WBGene00014838.,28,124,152
WBGene00014839.,1,1,2
WBGene00014841.,49,70,119
WBGene00014842.,0,7,7
WBGene00014843.,0,4,4
WBGene00014844.,3,1,4
WBGene00014845.,0,0,0
WBGene00014846.,2,4,6
WBGene00014848.,96,2596,2692
WBGene00014849.,0,0,0
WBGene00014850.,0,0,0
WBGene00014851.,2,2,4
WBGene00014852.,0,116,116
WBGene00014853.,0,0,0
WBGene00014854.,0,1,1
WBGene00014855.,0,0,0
WBGene00014856.,0,0,0
WBGene00014857.,0,0,0
WBGene00014858.,0,3,3
WBGene00014861.,0,6,6
WBGene00014862.,5,20,25
WBGene00014863.,0,3,3
WBGene00014864.,31,129,160
WBGene00014865.,0,1,1
WBGene00014866.,0,0,0
WBGene00014867.,0,0,0
WBGene00014868.,0,0,0
WBGene00014869.,0,0,0
WBGene00014870.,3,58,61
WBGene00014871.,0,48,48
WBGene00014872.,0,0,0
WBGene00014873.,0,0,0
WBGene00014874.,2,3,5
WBGene00014875.,0,1,1
WBGene00014876.,0,0,0
WBGene00014877.,0,3,3
WBGene00014878.,0,0,0
WBGene00014879.,0,1,1
WBGene00014880.,0,1,1
WBGene00014881.,0,4,4
WBGene00014882.,0,0,0
WBGene00014883.,0,11,11
WBGene00014884.,10,98,108
WBGene00014885.,0,0,0
WBGene00014886.,0,178,178
WBGene00014887.,0,2,2
WBGene00014888.,0,1,1
WBGene00014889.,0,0,0
WBGene00014890.,0,0,0
WBGene00014891.,0,0,0
WBGene00014892.,0,0,0
WBGene00014893.,0,0,0
WBGene00014894.,0,0,0
WBGene00014895.,0,0,0
WBGene00014896.,0,2,2
WBGene00014897.,0,1,1
WBGene00014898.,0,26,26
WBGene00014902.,0,0,0
WBGene00014903.,0,2,2
WBGene00014904.,9,58,67
WBGene00014905.,4,2,6
WBGene00014906.,0,7,7
WBGene00014907.,3,29,32
WBGene00014908.,0,1,1
WBGene00014909.,0,2,2
WBGene00014910.,0,0,0
WBGene00014911.,0,0,0
WBGene00014912.,0,0,0
WBGene00014914.,11,23,34
WBGene00014915.,73,133,206
WBGene00014916.,2,129,131
WBGene00014917.,6,97,103
WBGene00014918.,6,183,189
WBGene00014920.,6,24,30
WBGene00014921.,0,3,3
WBGene00014922.,0,2,2
WBGene00014923.,4,3,7
WBGene00014924.,8,1,9
WBGene00014925.,0,4,4
WBGene00014926.,10,2,12
WBGene00014927.,0,3,3
WBGene00014928.,0,0,0
WBGene00014929.,0,0,0
WBGene00014930.,0,0,0
WBGene00014931.,0,0,0
WBGene00014932.,0,0,0
WBGene00014933.,0,2,2
WBGene00014934.,0,11,11
WBGene00014935.,0,0,0
WBGene00014936.,0,0,0
WBGene00014937.,4,1,5
WBGene00014938.,221,6263,6484
WBGene00014939.,0,24,24
WBGene00014941.,51,596,647
WBGene00014943.,4,2,6
WBGene00014944.,0,11,11
WBGene00014945.,0,1,1
WBGene00014946.,0,22,22
WBGene00014947.,56,45,101
WBGene00014948.,4,1,5
WBGene00014949.,0,2,2
WBGene00014950.,0,0,0
WBGene00014951.,0,0,0
WBGene00014952.,0,0,0
WBGene00014953.,0,4,4
WBGene00014954.,1,4,5
WBGene00014955.,0,165,165
WBGene00014956.,0,18,18
WBGene00014957.,0,1,1
WBGene00014958.,0,5,5
WBGene00014961.,0,0,0
WBGene00014962.,0,0,0
WBGene00014963.,0,1,1
WBGene00014964.,0,3,3
WBGene00014965.,70,1696,1766
WBGene00014966.,0,0,0
WBGene00014967.,0,10,10
WBGene00014969.,0,0,0
WBGene00014970.,0,0,0
WBGene00014971.,0,0,0
WBGene00014972.,0,1,1
WBGene00014973.,0,1,1
WBGene00014974.,0,0,0
WBGene00014975.,27,469,496
WBGene00014976.,0,2,2
WBGene00014977.,1,67,68
WBGene00014978.,16,169,185
WBGene00014979.,1,64,65
WBGene00014980.,0,2,2
WBGene00014981.,0,3,3
WBGene00014983.,0,1,1
WBGene00014984.,0,11,11
WBGene00014987.,0,196,196
WBGene00014989.,379,1893,2272
WBGene00014990.,0,0,0
WBGene00014991.,0,60,60
WBGene00014992.,0,3,3
WBGene00014993.,0,3,3
WBGene00014994.,12,34,46
WBGene00014996.,1,4,5
WBGene00014997.,0,9,9
WBGene00014998.,60,204,264
WBGene00014999.,50,576,626
WBGene00015000.,37,135,172
WBGene00015001.,119,1063,1182
WBGene00015002.,40,328,368
WBGene00015003.,9,0,9
WBGene00015004.,8,56,64
WBGene00015005.,29,276,305
WBGene00015006.,13,14,27
WBGene00015007.,820,6625,7445
WBGene00015008.,28,641,669
WBGene00015009.,79,1533,1612
WBGene00015010.,132,1324,1456
WBGene00015011.,23,3113,3136
WBGene00015012.,12,52,64
WBGene00015013.,2,74,76
WBGene00015014.,9,166,175
WBGene00015015.,9,24,33
WBGene00015016.,8,99,107
WBGene00015017.,116,1044,1160
WBGene00015018.,1,24,25
WBGene00015019.,25,104,129
WBGene00015020.,0,13,13
WBGene00015021.,281,3808,4089
WBGene00015022.,646,5246,5892
WBGene00015023.,36,537,573
WBGene00015024.,1,7,8
WBGene00015025.,380,5573,5953
WBGene00015026.,5,13,18
WBGene00015027.,203,427,630
WBGene00015028.,38,132,170
WBGene00015029.,28,958,986
WBGene00015030.,1,9,10
WBGene00015032.,7,29,36
WBGene00015033.,130,212,342
WBGene00015034.,7,12,19
WBGene00015035.,83,328,411
WBGene00015036.,8,60,68
WBGene00015037.,63,264,327
WBGene00015038.,45,410,455
WBGene00015040.,10,149,159
WBGene00015041.,19,120,139
WBGene00015042.,4,55,59
WBGene00015043.,46,632,678
WBGene00015044.,64,1947,2011
WBGene00015045.,14,161,175
WBGene00015046.,65,309,374
WBGene00015047.,483,11499,11982
WBGene00015048.,180,7771,7951
WBGene00015049.,13,379,392
WBGene00015050.,587,3417,4004
WBGene00015051.,5,10,15
WBGene00015052.,37,510,547
WBGene00015053.,10,713,723
WBGene00015054.,15,4,19
WBGene00015055.,84,264,348
WBGene00015056.,21,209,230
WBGene00015057.,29,571,600
WBGene00015058.,0,21,21
WBGene00015059.,16,2764,2780
WBGene00015061.,2541,30332,32873
WBGene00015062.,38,390,428
WBGene00015063.,18,1070,1088
WBGene00015064.,457,6273,6730
WBGene00015065.,6,14,20
WBGene00015066.,10,66,76
WBGene00015067.,61,694,755
WBGene00015068.,0,5,5
WBGene00015069.,0,4,4
WBGene00015070.,2,20,22
WBGene00015071.,2,1,3
WBGene00015072.,19,50,69
WBGene00015073.,4,304,308
WBGene00015074.,78,4899,4977
WBGene00015075.,224,5962,6186
WBGene00015076.,11,1845,1856
WBGene00015077.,4,5,9
WBGene00015078.,0,3,3
WBGene00015079.,357,183,540
WBGene00015080.,45,179,224
WBGene00015081.,36,97,133
WBGene00015082.,8,56,64
WBGene00015083.,9,143,152
WBGene00015084.,3,6,9
WBGene00015085.,33,273,306
WBGene00015087.,61,496,557
WBGene00015088.,69,826,895
WBGene00015089.,22,288,310
WBGene00015091.,149,2385,2534
WBGene00015092.,226,6662,6888
WBGene00015093.,2,8,10
WBGene00015094.,31,30,61
WBGene00015095.,50,751,801
WBGene00015096.,218,1879,2097
WBGene00015097.,5,41,46
WBGene00015098.,8,136,144
WBGene00015099.,266,3382,3648
WBGene00015100.,2,28,30
WBGene00015101.,28,3746,3774
WBGene00015102.,1,111,112
WBGene00015103.,19,970,989
WBGene00015104.,27,3188,3215
WBGene00015105.,390,702,1092
WBGene00015106.,10,31,41
WBGene00015107.,45,998,1043
WBGene00015108.,1,1,2
WBGene00015110.,35,628,663
WBGene00015111.,0,7,7
WBGene00015112.,5,19,24
WBGene00015113.,4,55,59
WBGene00015114.,4,2,6
WBGene00015115.,351,2130,2481
WBGene00015116.,312,6341,6653
WBGene00015117.,63,4222,4285
WBGene00015118.,2,1,3
WBGene00015119.,0,2,2
WBGene00015121.,0,0,0
WBGene00015122.,11,1745,1756
WBGene00015124.,270,2277,2547
WBGene00015125.,102,5936,6038
WBGene00015126.,248,2818,3066
WBGene00015128.,125,3583,3708
WBGene00015129.,1,6,7
WBGene00015130.,49,1255,1304
WBGene00015131.,75,452,527
WBGene00015132.,26,442,468
WBGene00015133.,201,10403,10604
WBGene00015134.,30,403,433
WBGene00015135.,87,379,466
WBGene00015136.,14,297,311
WBGene00015137.,144,4997,5141
WBGene00015138.,37,218,255
WBGene00015139.,131,244,375
WBGene00015141.,240,3621,3861
WBGene00015142.,2,204,206
WBGene00015143.,42,2710,2752
WBGene00015145.,130,2113,2243
WBGene00015146.,83,1809,1892
WBGene00015147.,27,713,740
WBGene00015148.,142,7553,7695
WBGene00015149.,0,10,10
WBGene00015150.,6,375,381
WBGene00015151.,14,49,63
WBGene00015152.,181,407,588
WBGene00015153.,14,486,500
WBGene00015155.,611,2394,3005
WBGene00015156.,1041,3190,4231
WBGene00015157.,70,2079,2149
WBGene00015158.,116,1180,1296
WBGene00015159.,652,3112,3764
WBGene00015160.,42,2443,2485
WBGene00015161.,28,807,835
WBGene00015162.,265,2499,2764
WBGene00015163.,18,4084,4102
WBGene00015164.,101,1845,1946
WBGene00015165.,13,20,33
WBGene00015167.,4,250,254
WBGene00015168.,254,44681,44935
WBGene00015169.,29,247,276
WBGene00015170.,0,9,9
WBGene00015171.,27,568,595
WBGene00015172.,7,1506,1513
WBGene00015173.,740,1684,2424
WBGene00015175.,5,36,41
WBGene00015176.,204,2941,3145
WBGene00015177.,201,1964,2165
WBGene00015178.,1,3,4
WBGene00015179.,19,265,284
WBGene00015180.,1,16,17
WBGene00015181.,49,5081,5130
WBGene00015182.,25,90,115
WBGene00015183.,10,50,60
WBGene00015184.,87,1574,1661
WBGene00015185.,426,3661,4087
WBGene00015186.,140,3589,3729
WBGene00015188.,59,431,490
WBGene00015189.,23,186,209
WBGene00015190.,1,230,231
WBGene00015191.,57,520,577
WBGene00015192.,2,13,15
WBGene00015193.,0,1,1
WBGene00015194.,65,575,640
WBGene00015196.,18,74,92
WBGene00015197.,23,320,343
WBGene00015198.,6,7,13
WBGene00015199.,13,8,21
WBGene00015200.,40,651,691
WBGene00015202.,38,931,969
WBGene00015203.,172,4284,4456
WBGene00015204.,23,1425,1448
WBGene00015205.,216,2826,3042
WBGene00015206.,152,4199,4351
WBGene00015207.,434,2149,2583
WBGene00015208.,334,6171,6505
WBGene00015210.,30,135,165
WBGene00015211.,9,63,72
WBGene00015214.,4,69,73
WBGene00015215.,5,43,48
WBGene00015216.,89,1061,1150
WBGene00015217.,47,1419,1466
WBGene00015218.,38,527,565
WBGene00015219.,200,2507,2707
WBGene00015220.,10,567,577
WBGene00015221.,0,1,1
WBGene00015222.,2,6,8
WBGene00015223.,8,20,28
WBGene00015224.,4,4,8
WBGene00015225.,4,7,11
WBGene00015226.,8,15,23
WBGene00015227.,2,41,43
WBGene00015228.,2,15,17
WBGene00015229.,0,24,24
WBGene00015230.,0,6,6
WBGene00015231.,24,549,573
WBGene00015232.,870,12342,13212
WBGene00015233.,9,1307,1316
WBGene00015235.,1,800,801
WBGene00015236.,66,98,164
WBGene00015237.,293,2739,3032
WBGene00015238.,58,621,679
WBGene00015241.,16,2,18
WBGene00015242.,0,2,2
WBGene00015243.,56,25,81
WBGene00015244.,7,5,12
WBGene00015245.,102,1526,1628
WBGene00015246.,89,36,125
WBGene00015247.,0,67,67
WBGene00015248.,5140,61908,67048
WBGene00015249.,528,1363,1891
WBGene00015250.,343,647,990
WBGene00015251.,315,2963,3278
WBGene00015252.,6,19,25
WBGene00015253.,1,1,2
WBGene00015254.,1,2,3
WBGene00015255.,1,2,3
WBGene00015257.,6,0,6
WBGene00015258.,9,59,68
WBGene00015259.,4,63,67
WBGene00015260.,3,34,37
WBGene00015261.,0,30,30
WBGene00015262.,42,74,116
WBGene00015263.,342,1056,1398
WBGene00015264.,48,262,310
WBGene00015265.,8,42,50
WBGene00015266.,155,1160,1315
WBGene00015267.,86,1147,1233
WBGene00015268.,165,331,496
WBGene00015269.,0,0,0
WBGene00015270.,0,0,0
WBGene00015271.,0,0,0
WBGene00015272.,0,0,0
WBGene00015273.,290,0,290
WBGene00015277.,0,0,0
WBGene00015278.,85,1071,1156
WBGene00015279.,18,183,201
WBGene00015280.,313,3634,3947
WBGene00015281.,26,309,335
WBGene00015282.,260,3530,3790
WBGene00015283.,108,2052,2160
WBGene00015284.,37,591,628
WBGene00015285.,311,2493,2804
WBGene00015286.,18,219,237
WBGene00015287.,14,224,238
WBGene00015288.,25,110,135
WBGene00015291.,71,908,979
WBGene00015292.,7,53,60
WBGene00015293.,631,4753,5384
WBGene00015294.,84,1585,1669
WBGene00015295.,91,942,1033
WBGene00015296.,247,4355,4602
WBGene00015297.,145,3400,3545
WBGene00015298.,39,1412,1451
WBGene00015299.,35,181,216
WBGene00015300.,15,109,124
WBGene00015301.,410,1315,1725
WBGene00015303.,516,1038,1554
WBGene00015305.,4,1,5
WBGene00015306.,2,5,7
WBGene00015307.,82,704,786
WBGene00015308.,85,1991,2076
WBGene00015309.,35,96,131
WBGene00015310.,54,1113,1167
WBGene00015311.,9,85,94
WBGene00015312.,6,223,229
WBGene00015313.,23,784,807
WBGene00015315.,1,0,1
WBGene00015316.,14,0,14
WBGene00015317.,1,2,3
WBGene00015318.,2,5,7
WBGene00015320.,12,58,70
WBGene00015321.,0,7,7
WBGene00015322.,13,1292,1305
WBGene00015323.,27,9,36
WBGene00015324.,20,596,616
WBGene00015325.,0,0,0
WBGene00015326.,99,16788,16887
WBGene00015327.,44,908,952
WBGene00015328.,828,3313,4141
WBGene00015329.,117,4654,4771
WBGene00015330.,112,2043,2155
WBGene00015331.,0,0,0
WBGene00015332.,53,759,812
WBGene00015333.,22,499,521
WBGene00015334.,63,350,413
WBGene00015335.,16,136,152
WBGene00015336.,34,1888,1922
WBGene00015337.,0,34,34
WBGene00015338.,5,7,12
WBGene00015339.,121,2341,2462
WBGene00015340.,64,630,694
WBGene00015341.,1,3,4
WBGene00015342.,5,77,82
WBGene00015344.,143,5615,5758
WBGene00015345.,4,6,10
WBGene00015346.,99,4576,4675
WBGene00015347.,103,1083,1186
WBGene00015348.,5,31,36
WBGene00015349.,198,868,1066
WBGene00015350.,60,3202,3262
WBGene00015351.,11,66,77
WBGene00015352.,336,4348,4684
WBGene00015353.,12,490,502
WBGene00015354.,456,33106,33562
WBGene00015355.,39,214,253
WBGene00015356.,557,9173,9730
WBGene00015357.,18,358,376
WBGene00015359.,3,95,98
WBGene00015360.,1,9,10
WBGene00015361.,23,41,64
WBGene00015362.,168,1858,2026
WBGene00015364.,57,131,188
WBGene00015366.,3,13,16
WBGene00015367.,8,28,36
WBGene00015368.,58,63,121
WBGene00015369.,5,406,411
WBGene00015371.,20,10,30
WBGene00015372.,0,2,2
WBGene00015373.,21,80,101
WBGene00015374.,6,3,9
WBGene00015375.,8,41,49
WBGene00015376.,10,141,151
WBGene00015377.,12,150,162
WBGene00015378.,48,519,567
WBGene00015379.,0,8,8
WBGene00015380.,0,9,9
WBGene00015381.,97,638,735
WBGene00015382.,42,319,361
WBGene00015385.,0,47,47
WBGene00015386.,152,70,222
WBGene00015387.,86,221,307
WBGene00015388.,23,46,69
WBGene00015389.,202,2631,2833
WBGene00015390.,41,351,392
WBGene00015391.,254,10241,10495
WBGene00015392.,0,173,173
WBGene00015393.,247,4364,4611
WBGene00015394.,2,9,11
WBGene00015395.,16,101,117
WBGene00015396.,7,185,192
WBGene00015397.,6,39,45
WBGene00015398.,1,4658,4659
WBGene00015399.,18,76,94
WBGene00015400.,356,2320,2676
WBGene00015401.,12,28,40
WBGene00015402.,186,1385,1571
WBGene00015403.,13,1938,1951
WBGene00015404.,103,2688,2791
WBGene00015405.,227,3981,4208
WBGene00015406.,2,10,12
WBGene00015407.,29,1215,1244
WBGene00015408.,16,218,234
WBGene00015409.,7,56,63
WBGene00015410.,226,1751,1977
WBGene00015411.,3,2,5
WBGene00015412.,12,108,120
WBGene00015413.,348,13434,13782
WBGene00015414.,0,2,2
WBGene00015416.,19,92,111
WBGene00015417.,2,7,9
WBGene00015418.,1597,8390,9987
WBGene00015419.,5,21,26
WBGene00015421.,1,5,6
WBGene00015422.,5,23,28
WBGene00015423.,31,893,924
WBGene00015424.,50,842,892
WBGene00015425.,252,2635,2887
WBGene00015426.,5,47,52
WBGene00015427.,114,1823,1937
WBGene00015428.,10,4,14
WBGene00015429.,93,1122,1215
WBGene00015430.,307,1632,1939
WBGene00015432.,0,12,12
WBGene00015433.,10,169,179
WBGene00015434.,137,750,887
WBGene00015435.,3,3,6
WBGene00015436.,4,3,7
WBGene00015437.,5,54,59
WBGene00015438.,8,10,18
WBGene00015439.,7,2,9
WBGene00015440.,14,111,125
WBGene00015441.,0,21,21
WBGene00015442.,36,454,490
WBGene00015444.,61,76,137
WBGene00015446.,6,8,14
WBGene00015447.,1,13,14
WBGene00015448.,10,37,47
WBGene00015449.,7,128,135
WBGene00015450.,19,1562,1581
WBGene00015451.,151,944,1095
WBGene00015453.,8,26,34
WBGene00015454.,36,1011,1047
WBGene00015455.,4036,4432,8468
WBGene00015456.,0,54,54
WBGene00015457.,5,110,115
WBGene00015458.,0,73,73
WBGene00015459.,0,0,0
WBGene00015460.,18,824,842
WBGene00015461.,220,5684,5904
WBGene00015462.,15,591,606
WBGene00015463.,3,852,855
WBGene00015464.,83,2322,2405
WBGene00015465.,14,31,45
WBGene00015466.,15,1432,1447
WBGene00015467.,2,9,11
WBGene00015468.,105,990,1095
WBGene00015469.,224,3391,3615
WBGene00015470.,25,1663,1688
WBGene00015471.,282,2561,2843
WBGene00015472.,109,1106,1215
WBGene00015473.,104,201,305
WBGene00015474.,52,1527,1579
WBGene00015476.,122,514,636
WBGene00015477.,293,5982,6275
WBGene00015478.,131,916,1047
WBGene00015479.,15,93,108
WBGene00015480.,201,982,1183
WBGene00015481.,91,7036,7127
WBGene00015483.,140,1906,2046
WBGene00015484.,91,4812,4903
WBGene00015485.,68,1229,1297
WBGene00015486.,142,1456,1598
WBGene00015487.,41,7213,7254
WBGene00015488.,406,1634,2040
WBGene00015489.,5,12,17
WBGene00015491.,2,7,9
WBGene00015492.,12,1490,1502
WBGene00015493.,12,17,29
WBGene00015494.,160,1053,1213
WBGene00015495.,3,346,349
WBGene00015496.,17,240,257
WBGene00015497.,41,81,122
WBGene00015499.,180,1875,2055
WBGene00015500.,23,83,106
WBGene00015501.,317,4455,4772
WBGene00015504.,145,836,981
WBGene00015505.,30,241,271
WBGene00015507.,363,2231,2594
WBGene00015508.,140,2078,2218
WBGene00015509.,410,2962,3372
WBGene00015510.,91,3873,3964
WBGene00015511.,14,196,210
WBGene00015512.,799,6227,7026
WBGene00015513.,70,1626,1696
WBGene00015514.,2579,81499,84078
WBGene00015515.,64,1622,1686
WBGene00015516.,9,132,141
WBGene00015517.,653,3718,4371
WBGene00015518.,0,254,254
WBGene00015519.,10,372,382
WBGene00015520.,0,72,72
WBGene00015521.,0,3,3
WBGene00015522.,13,101,114
WBGene00015523.,26,454,480
WBGene00015524.,46,1074,1120
WBGene00015525.,217,3485,3702
WBGene00015526.,3,72,75
WBGene00015527.,11,457,468
WBGene00015528.,2,15,17
WBGene00015529.,26,255,281
WBGene00015530.,1,5,6
WBGene00015531.,100,1282,1382
WBGene00015532.,44,425,469
WBGene00015533.,6,72,78
WBGene00015534.,3,2,5
WBGene00015535.,6,177,183
WBGene00015536.,24,598,622
WBGene00015537.,8,36,44
WBGene00015538.,3,4100,4103
WBGene00015539.,60,1545,1605
WBGene00015540.,15,3052,3067
WBGene00015541.,82,879,961
WBGene00015544.,34,102,136
WBGene00015545.,36,365,401
WBGene00015546.,0,383,383
WBGene00015547.,122,4553,4675
WBGene00015549.,13,145,158
WBGene00015550.,5,66,71
WBGene00015551.,1165,11961,13126
WBGene00015552.,19,2382,2401
WBGene00015553.,490,6523,7013
WBGene00015554.,52,518,570
WBGene00015555.,409,3136,3545
WBGene00015557.,39,751,790
WBGene00015558.,15,52,67
WBGene00015559.,108,423,531
WBGene00015560.,18,774,792
WBGene00015561.,292,2962,3254
WBGene00015562.,4,52,56
WBGene00015564.,0,0,0
WBGene00015565.,517,9668,10185
WBGene00015566.,43,477,520
WBGene00015567.,130,1620,1750
WBGene00015568.,31,165,196
WBGene00015569.,20,663,683
WBGene00015570.,12,117,129
WBGene00015572.,2,0,2
WBGene00015573.,7,10,17
WBGene00015574.,9,96,105
WBGene00015575.,1,2,3
WBGene00015576.,27,259,286
WBGene00015577.,68,994,1062
WBGene00015578.,1,1838,1839
WBGene00015579.,0,2482,2482
WBGene00015580.,511,2215,2726
WBGene00015581.,440,6202,6642
WBGene00015582.,11,144,155
WBGene00015583.,4,6,10
WBGene00015586.,19,309,328
WBGene00015587.,1,16,17
WBGene00015588.,2,21,23
WBGene00015589.,0,27,27
WBGene00015590.,19,378,397
WBGene00015591.,24,817,841
WBGene00015592.,71,32,103
WBGene00015593.,8,404,412
WBGene00015594.,2,3,5
WBGene00015595.,3,0,3
WBGene00015596.,1,1,2
WBGene00015597.,1,17,18
WBGene00015598.,0,8,8
WBGene00015599.,0,0,0
WBGene00015600.,0,0,0
WBGene00015601.,11,16,27
WBGene00015602.,0,4,4
WBGene00015603.,0,1,1
WBGene00015604.,0,2,2
WBGene00015605.,192,3537,3729
WBGene00015606.,2,5,7
WBGene00015607.,1,7,8
WBGene00015608.,61,888,949
WBGene00015609.,39,1356,1395
WBGene00015610.,0,7,7
WBGene00015611.,4,657,661
WBGene00015613.,0,20,20
WBGene00015614.,2,8,10
WBGene00015615.,0,10,10
WBGene00015616.,12,4,16
WBGene00015618.,46,106,152
WBGene00015619.,864,7652,8516
WBGene00015620.,55,787,842
WBGene00015621.,115,1438,1553
WBGene00015622.,20,76,96
WBGene00015623.,311,8810,9121
WBGene00015624.,18,412,430
WBGene00015625.,40,308,348
WBGene00015626.,25,174,199
WBGene00015627.,0,0,0
WBGene00015628.,2,2,4
WBGene00015629.,4,25,29
WBGene00015630.,28,25,53
WBGene00015631.,17,381,398
WBGene00015632.,394,4493,4887
WBGene00015633.,196,1555,1751
WBGene00015634.,3,32,35
WBGene00015635.,83,1157,1240
WBGene00015636.,0,1,1
WBGene00015637.,2,17,19
WBGene00015638.,45,546,591
WBGene00015639.,22,19,41
WBGene00015640.,99,488,587
WBGene00015641.,109,1334,1443
WBGene00015642.,72,575,647
WBGene00015644.,127,1571,1698
WBGene00015645.,7,285,292
WBGene00015646.,26,183,209
WBGene00015647.,112,2039,2151
WBGene00015648.,450,1972,2422
WBGene00015649.,9,81,90
WBGene00015650.,1130,4470,5600
WBGene00015651.,331,466,797
WBGene00015652.,3,1,4
WBGene00015653.,1,4,5
WBGene00015654.,4,3,7
WBGene00015655.,0,1,1
WBGene00015656.,10,3,13
WBGene00015658.,475,1167,1642
WBGene00015660.,13,325,338
WBGene00015661.,0,0,0
WBGene00015662.,5,11,16
WBGene00015663.,4,2,6
WBGene00015664.,6,188,194
WBGene00015665.,7,96,103
WBGene00015666.,12,105,117
WBGene00015667.,1,9,10
WBGene00015668.,5,5,10
WBGene00015670.,16,139,155
WBGene00015671.,54,1895,1949
WBGene00015672.,5,75,80
WBGene00015673.,102,762,864
WBGene00015675.,130,562,692
WBGene00015676.,53,5866,5919
WBGene00015677.,38,295,333
WBGene00015678.,747,2456,3203
WBGene00015679.,21,114,135
WBGene00015680.,251,4178,4429
WBGene00015681.,6,8,14
WBGene00015682.,18,17,35
WBGene00015683.,1,22,23
WBGene00015684.,279,5627,5906
WBGene00015685.,3,1,4
WBGene00015686.,148,218,366
WBGene00015687.,147,11546,11693
WBGene00015688.,0,0,0
WBGene00015689.,0,12,12
WBGene00015690.,4,7,11
WBGene00015691.,197,1388,1585
WBGene00015692.,83,427,510
WBGene00015693.,57,482,539
WBGene00015694.,18,18,36
WBGene00015695.,144,2366,2510
WBGene00015696.,1,8,9
WBGene00015697.,43,372,415
WBGene00015698.,0,132,132
WBGene00015700.,9,69,78
WBGene00015701.,27,211,238
WBGene00015702.,19,2603,2622
WBGene00015703.,8,3122,3130
WBGene00015704.,236,736,972
WBGene00015705.,7,90,97
WBGene00015706.,8,588,596
WBGene00015707.,0,99,99
WBGene00015708.,15,144,159
WBGene00015709.,54,1188,1242
WBGene00015710.,23,1049,1072
WBGene00015711.,5,160,165
WBGene00015712.,7,18,25
WBGene00015713.,131,3293,3424
WBGene00015714.,16,118,134
WBGene00015716.,30,679,709
WBGene00015718.,1,2,3
WBGene00015719.,0,1,1
WBGene00015720.,4,41,45
WBGene00015721.,0,0,0
WBGene00015722.,6,4,10
WBGene00015723.,6,1,7
WBGene00015724.,5,0,5
WBGene00015725.,5,0,5
WBGene00015726.,1,0,1
WBGene00015727.,0,0,0
WBGene00015728.,18,447,465
WBGene00015729.,19,995,1014
WBGene00015730.,0,0,0
WBGene00015731.,0,0,0
WBGene00015733.,43,106,149
WBGene00015734.,72,5153,5225
WBGene00015735.,1289,3268,4557
WBGene00015736.,2,38,40
WBGene00015737.,0,2,2
WBGene00015738.,1,4,5
WBGene00015739.,89,258,347
WBGene00015740.,120,1901,2021
WBGene00015741.,460,3841,4301
WBGene00015742.,83,743,826
WBGene00015743.,149,2164,2313
WBGene00015744.,154,569,723
WBGene00015745.,26,447,473
WBGene00015746.,46,2499,2545
WBGene00015747.,68,410,478
WBGene00015748.,19,410,429
WBGene00015750.,31,279,310
WBGene00015751.,46,208,254
WBGene00015752.,139,10948,11087
WBGene00015753.,46,382,428
WBGene00015754.,183,2736,2919
WBGene00015755.,1647,34265,35912
WBGene00015756.,189,2658,2847
WBGene00015757.,2,10,12
WBGene00015758.,3,29,32
WBGene00015759.,1884,34374,36258
WBGene00015760.,2,4,6
WBGene00015761.,1,1,2
WBGene00015762.,4,3,7
WBGene00015763.,13,159,172
WBGene00015764.,27,3,30
WBGene00015765.,2,6,8
WBGene00015766.,6,163,169
WBGene00015767.,209,2699,2908
WBGene00015768.,83,569,652
WBGene00015769.,16,890,906
WBGene00015770.,2,0,2
WBGene00015771.,1,8,9
WBGene00015772.,1,0,1
WBGene00015773.,5,9,14
WBGene00015774.,5,34,39
WBGene00015775.,12,24,36
WBGene00015776.,158,3274,3432
WBGene00015777.,71,2359,2430
WBGene00015778.,27,20706,20733
WBGene00015779.,331,2113,2444
WBGene00015780.,21,134,155
WBGene00015781.,243,3269,3512
WBGene00015782.,12,287,299
WBGene00015783.,72,1180,1252
WBGene00015784.,10,47,57
WBGene00015785.,0,1,1
WBGene00015786.,127,1054,1181
WBGene00015787.,63,662,725
WBGene00015788.,14,190,204
WBGene00015789.,11,421,432
WBGene00015790.,335,943,1278
WBGene00015791.,104,12600,12704
WBGene00015792.,15,64,79
WBGene00015793.,57,1300,1357
WBGene00015794.,17,166,183
WBGene00015795.,74,607,681
WBGene00015796.,573,1827,2400
WBGene00015797.,32,192,224
WBGene00015798.,23,186,209
WBGene00015799.,11,160,171
WBGene00015800.,684,1549,2233
WBGene00015801.,189,1729,1918
WBGene00015802.,196,1438,1634
WBGene00015803.,3107,33472,36579
WBGene00015805.,593,16983,17576
WBGene00015806.,26,1052,1078
WBGene00015807.,10,298,308
WBGene00015809.,355,7534,7889
WBGene00015810.,11,12337,12348
WBGene00015811.,137,11079,11216
WBGene00015813.,441,8064,8505
WBGene00015814.,371,12262,12633
WBGene00015815.,204,1021,1225
WBGene00015816.,30,248,278
WBGene00015817.,197,2437,2634
WBGene00015818.,5,278,283
WBGene00015819.,1,212,213
WBGene00015820.,0,26,26
WBGene00015821.,10,7,17
WBGene00015822.,196,290,486
WBGene00015823.,0,44320,44320
WBGene00015824.,12,311,323
WBGene00015825.,0,0,0
WBGene00015826.,1,2,3
WBGene00015827.,2,1,3
WBGene00015828.,1,18,19
WBGene00015829.,4,22,26
WBGene00015830.,0,6,6
WBGene00015832.,0,3,3
WBGene00015833.,1,3,4
WBGene00015834.,3,3,6
WBGene00015835.,3,2,5
WBGene00015836.,2,3,5
WBGene00015837.,1,2,3
WBGene00015838.,0,5,5
WBGene00015839.,2,3,5
WBGene00015840.,1,1,2
WBGene00015841.,27,98,125
WBGene00015842.,13,146,159
WBGene00015843.,59,264,323
WBGene00015845.,0,1,1
WBGene00015846.,0,0,0
WBGene00015847.,0,0,0
WBGene00015848.,0,0,0
WBGene00015849.,21,313,334
WBGene00015850.,8,87,95
WBGene00015851.,44,47,91
WBGene00015852.,0,74,74
WBGene00015853.,42,569,611
WBGene00015854.,0,3,3
WBGene00015855.,3,25,28
WBGene00015856.,1,0,1
WBGene00015857.,174,2584,2758
WBGene00015858.,11,40,51
WBGene00015859.,77,455,532
WBGene00015860.,29,150,179
WBGene00015861.,48,513,561
WBGene00015862.,21,116,137
WBGene00015863.,13,10,23
WBGene00015864.,25,251,276
WBGene00015865.,104,1863,1967
WBGene00015866.,31,809,840
WBGene00015867.,59,243,302
WBGene00015868.,1082,3042,4124
WBGene00015869.,2,2,4
WBGene00015870.,4,0,4
WBGene00015871.,1,1,2
WBGene00015872.,0,0,0
WBGene00015873.,2,1,3
WBGene00015874.,0,0,0
WBGene00015875.,4,0,4
WBGene00015876.,2,75,77
WBGene00015877.,1,4,5
WBGene00015878.,1,11,12
WBGene00015879.,7,9,16
WBGene00015882.,3,5,8
WBGene00015883.,3,3,6
WBGene00015884.,2,29,31
WBGene00015885.,8,900,908
WBGene00015886.,1,62,63
WBGene00015887.,101,5883,5984
WBGene00015888.,0,0,0
WBGene00015889.,34,206,240
WBGene00015890.,1,57,58
WBGene00015891.,11,16,27
WBGene00015892.,0,0,0
WBGene00015893.,1,0,1
WBGene00015894.,349,8737,9086
WBGene00015895.,0,0,0
WBGene00015896.,0,209,209
WBGene00015897.,87,592,679
WBGene00015898.,5,10,15
WBGene00015899.,0,0,0
WBGene00015900.,45,320,365
WBGene00015901.,155,531,686
WBGene00015902.,19,69,88
WBGene00015903.,1,4,5
WBGene00015904.,2,3,5
WBGene00015905.,4,5,9
WBGene00015906.,6,129,135
WBGene00015907.,1,2,3
WBGene00015908.,10,64,74
WBGene00015909.,0,1,1
WBGene00015910.,4,36,40
WBGene00015911.,13,19,32
WBGene00015912.,1,42,43
WBGene00015913.,4664,52815,57479
WBGene00015914.,62,98,160
WBGene00015915.,99,1662,1761
WBGene00015916.,211,3645,3856
WBGene00015917.,5,46,51
WBGene00015918.,55,147,202
WBGene00015919.,26,485,511
WBGene00015920.,98,9227,9325
WBGene00015921.,261,878,1139
WBGene00015922.,47,774,821
WBGene00015924.,7,1,8
WBGene00015925.,107,224,331
WBGene00015926.,693,2553,3246
WBGene00015927.,545,3860,4405
WBGene00015928.,264,1033,1297
WBGene00015929.,8,25,33
WBGene00015930.,91,2248,2339
WBGene00015931.,11,65,76
WBGene00015932.,19,177,196
WBGene00015933.,449,7111,7560
WBGene00015934.,67,962,1029
WBGene00015935.,357,1453,1810
WBGene00015936.,152,269,421
WBGene00015937.,15,48,63
WBGene00015938.,505,2877,3382
WBGene00015939.,16,179,195
WBGene00015940.,30,916,946
WBGene00015941.,563,7395,7958
WBGene00015942.,116,1689,1805
WBGene00015943.,93,6763,6856
WBGene00015944.,5,14,19
WBGene00015945.,452,676,1128
WBGene00015946.,58,691,749
WBGene00015947.,427,5234,5661
WBGene00015948.,177,1560,1737
WBGene00015949.,90,1815,1905
WBGene00015950.,20,59,79
WBGene00015952.,19,144,163
WBGene00015953.,73,287,360
WBGene00015954.,1355,14525,15880
WBGene00015955.,42,4381,4423
WBGene00015956.,452,8135,8587
WBGene00015957.,18,116,134
WBGene00015958.,1,8,9
WBGene00015959.,1,0,1
WBGene00015960.,4,8,12
WBGene00015961.,0,5,5
WBGene00015962.,3,9,12
WBGene00015963.,28,204,232
WBGene00015964.,115,113,228
WBGene00015965.,109,2357,2466
WBGene00015968.,729,3702,4431
WBGene00015969.,122,1160,1282
WBGene00015970.,8,48,56
WBGene00015971.,263,2240,2503
WBGene00015972.,130,1113,1243
WBGene00015974.,391,292,683
WBGene00015975.,19,1182,1201
WBGene00015976.,140,1494,1634
WBGene00015977.,35,305,340
WBGene00015978.,51,2294,2345
WBGene00015979.,2,0,2
WBGene00015980.,204,1562,1766
WBGene00015981.,115,1326,1441
WBGene00015982.,12,1,13
WBGene00015984.,56,244,300
WBGene00015985.,31,49,80
WBGene00015986.,27,66,93
WBGene00015987.,2,2,4
WBGene00015988.,6,25,31
WBGene00015989.,13,438,451
WBGene00015990.,1,8,9
WBGene00015991.,5,18,23
WBGene00015992.,4,8,12
WBGene00015993.,94,234,328
WBGene00015994.,7,8,15
WBGene00015996.,12,401,413
WBGene00015997.,0,7,7
WBGene00015998.,14,25,39
WBGene00015999.,24,299,323
WBGene00016000.,40,85,125
WBGene00016002.,440,4419,4859
WBGene00016003.,47,79,126
WBGene00016004.,178,6355,6533
WBGene00016005.,89,809,898
WBGene00016006.,1084,10910,11994
WBGene00016008.,15,0,15
WBGene00016009.,59,3748,3807
WBGene00016010.,85,34,119
WBGene00016011.,1164,11186,12350
WBGene00016012.,28,312,340
WBGene00016013.,14,178,192
WBGene00016014.,70,1943,2013
WBGene00016015.,121,3849,3970
WBGene00016016.,12,130,142
WBGene00016017.,0,20,20
WBGene00016018.,236,1676,1912
WBGene00016019.,30,1219,1249
WBGene00016020.,456,8179,8635
WBGene00016021.,102,1434,1536
WBGene00016022.,120,2670,2790
WBGene00016023.,88,2212,2300
WBGene00016024.,76,550,626
WBGene00016025.,39,301,340
WBGene00016027.,335,6967,7302
WBGene00016028.,185,13834,14019
WBGene00016029.,247,225,472
WBGene00016030.,28,1029,1057
WBGene00016032.,205,127,332
WBGene00016033.,75,31584,31659
WBGene00016034.,22,408,430
WBGene00016037.,226,60,286
WBGene00016038.,6,359,365
WBGene00016039.,1,120,121
WBGene00016040.,4,75,79
WBGene00016044.,479,915,1394
WBGene00016045.,97,1711,1808
WBGene00016046.,0,294,294
WBGene00016047.,3,7,10
WBGene00016048.,77,10183,10260
WBGene00016049.,12,104,116
WBGene00016050.,2,0,2
WBGene00016051.,0,2,2
WBGene00016052.,719,20761,21480
WBGene00016053.,1,27,28
WBGene00016054.,3,2,5
WBGene00016055.,115,1735,1850
WBGene00016056.,1,56,57
WBGene00016057.,173,6120,6293
WBGene00016058.,0,1,1
WBGene00016059.,358,2195,2553
WBGene00016060.,311,1904,2215
WBGene00016061.,259,4713,4972
WBGene00016062.,19,6560,6579
WBGene00016063.,5,14,19
WBGene00016064.,18,111,129
WBGene00016066.,34,209,243
WBGene00016067.,87,850,937
WBGene00016068.,69,908,977
WBGene00016069.,20,387,407
WBGene00016070.,3,39,42
WBGene00016071.,8,123,131
WBGene00016072.,17,79,96
WBGene00016073.,240,8042,8282
WBGene00016074.,36,602,638
WBGene00016075.,3,1,4
WBGene00016076.,0,0,0
WBGene00016077.,2,3,5
WBGene00016078.,1,3,4
WBGene00016080.,3,11,14
WBGene00016081.,86,831,917
WBGene00016082.,0,1,1
WBGene00016083.,3,0,3
WBGene00016084.,7,17,24
WBGene00016085.,1,17,18
WBGene00016087.,14,394,408
WBGene00016088.,16,124,140
WBGene00016089.,30,59,89
WBGene00016090.,139,147,286
WBGene00016091.,3,58,61
WBGene00016092.,21,26,47
WBGene00016093.,95,724,819
WBGene00016094.,32,273,305
WBGene00016095.,59,546,605
WBGene00016096.,6,461,467
WBGene00016097.,21,1659,1680
WBGene00016099.,94,870,964
WBGene00016100.,8,293,301
WBGene00016101.,15,1098,1113
WBGene00016102.,25,757,782
WBGene00016103.,411,11440,11851
WBGene00016104.,69,407,476
WBGene00016105.,9,213,222
WBGene00016106.,48,1772,1820
WBGene00016107.,40,274,314
WBGene00016108.,99,427,526
WBGene00016109.,111,1005,1116
WBGene00016110.,16,167,183
WBGene00016111.,16,723,739
WBGene00016112.,15,431,446
WBGene00016113.,53,2222,2275
WBGene00016114.,141,4321,4462
WBGene00016115.,1820,25224,27044
WBGene00016116.,157,2643,2800
WBGene00016118.,1145,24082,25227
WBGene00016119.,186,3231,3417
WBGene00016120.,393,3866,4259
WBGene00016121.,129,1899,2028
WBGene00016123.,84,916,1000
WBGene00016124.,71,1383,1454
WBGene00016125.,3,66,69
WBGene00016126.,78,713,791
WBGene00016128.,22,1265,1287
WBGene00016129.,167,6773,6940
WBGene00016130.,2,83,85
WBGene00016131.,86,688,774
WBGene00016132.,3,17,20
WBGene00016133.,26,880,906
WBGene00016134.,423,4822,5245
WBGene00016135.,29,283,312
WBGene00016136.,1,8,9
WBGene00016137.,0,6,6
WBGene00016138.,100,1797,1897
WBGene00016139.,99,938,1037
WBGene00016140.,99,4314,4413
WBGene00016142.,82,6002,6084
WBGene00016143.,227,2541,2768
WBGene00016144.,215,2682,2897
WBGene00016145.,67,2699,2766
WBGene00016146.,36,893,929
WBGene00016147.,17,156,173
WBGene00016148.,169,1634,1803
WBGene00016149.,26,244,270
WBGene00016150.,178,1664,1842
WBGene00016151.,154,2135,2289
WBGene00016152.,25,335,360
WBGene00016153.,1,146,147
WBGene00016154.,178,1799,1977
WBGene00016155.,8,171,179
WBGene00016156.,17,624,641
WBGene00016157.,230,1645,1875
WBGene00016158.,158,2037,2195
WBGene00016159.,106,702,808
WBGene00016160.,13,5,18
WBGene00016161.,6,4,10
WBGene00016162.,640,5559,6199
WBGene00016163.,6,111,117
WBGene00016164.,0,40,40
WBGene00016165.,127,376,503
WBGene00016166.,125,3233,3358
WBGene00016167.,75,1768,1843
WBGene00016168.,1,3,4
WBGene00016169.,76,349,425
WBGene00016170.,181,3392,3573
WBGene00016171.,163,1640,1803
WBGene00016172.,646,3365,4011
WBGene00016173.,682,11418,12100
WBGene00016174.,36,338,374
WBGene00016175.,73,243,316
WBGene00016177.,7,20,27
WBGene00016178.,13,264,277
WBGene00016179.,1,12,13
WBGene00016180.,20,3291,3311
WBGene00016181.,15,110,125
WBGene00016182.,39,838,877
WBGene00016183.,3,3,6
WBGene00016184.,201,1251,1452
WBGene00016185.,2,7,9
WBGene00016187.,6,167,173
WBGene00016188.,151,1936,2087
WBGene00016189.,6,83,89
WBGene00016190.,16,1947,1963
WBGene00016191.,58,616,674
WBGene00016192.,14,2177,2191
WBGene00016193.,151,90,241
WBGene00016194.,135,14072,14207
WBGene00016195.,10,6501,6511
WBGene00016196.,5,7,12
WBGene00016197.,2006,4540,6546
WBGene00016198.,8,27,35
WBGene00016199.,15,105,120
WBGene00016200.,97,2159,2256
WBGene00016201.,58,2730,2788
WBGene00016202.,47,1914,1961
WBGene00016203.,299,1538,1837
WBGene00016204.,124,5086,5210
WBGene00016206.,22,44,66
WBGene00016207.,54,485,539
WBGene00016208.,12,921,933
WBGene00016209.,423,8499,8922
WBGene00016210.,342,10320,10662
WBGene00016211.,53,274,327
WBGene00016212.,35,672,707
WBGene00016213.,2,0,2
WBGene00016215.,21,1301,1322
WBGene00016216.,41,845,886
WBGene00016217.,39,948,987
WBGene00016218.,144,586,730
WBGene00016219.,202,855,1057
WBGene00016220.,0,8,8
WBGene00016221.,67,1006,1073
WBGene00016222.,0,1,1
WBGene00016223.,0,1,1
WBGene00016224.,3,74,77
WBGene00016225.,0,1,1
WBGene00016226.,1,22,23
WBGene00016227.,0,58,58
WBGene00016230.,6,7,13
WBGene00016231.,3,21,24
WBGene00016232.,4,38,42
WBGene00016233.,7,17,24
WBGene00016234.,70,532,602
WBGene00016235.,6,5546,5552
WBGene00016236.,19,258,277
WBGene00016237.,68,1539,1607
WBGene00016238.,20,2381,2401
WBGene00016239.,4,157,161
WBGene00016242.,22,238,260
WBGene00016244.,271,4458,4729
WBGene00016245.,44,1958,2002
WBGene00016246.,61,425,486
WBGene00016247.,16,89,105
WBGene00016248.,36,719,755
WBGene00016249.,332,4932,5264
WBGene00016250.,167,19146,19313
WBGene00016253.,22,78,100
WBGene00016254.,0,80,80
WBGene00016255.,9,131,140
WBGene00016257.,7,12,19
WBGene00016258.,231,20253,20484
WBGene00016259.,29,127,156
WBGene00016260.,130,1635,1765
WBGene00016261.,84,1483,1567
WBGene00016262.,29,209,238
WBGene00016263.,5,101,106
WBGene00016264.,724,5771,6495
WBGene00016265.,82,1574,1656
WBGene00016266.,739,7065,7804
WBGene00016268.,9,33,42
WBGene00016269.,1369,6051,7420
WBGene00016271.,39002,8,39010
WBGene00016273.,27,359,386
WBGene00016274.,40,667,707
WBGene00016276.,17,246,263
WBGene00016277.,40,272,312
WBGene00016278.,243,2351,2594
WBGene00016279.,7,33,40
WBGene00016280.,6,5,11
WBGene00016281.,4,6,10
WBGene00016282.,20,341,361
WBGene00016283.,50,396,446
WBGene00016284.,4,0,4
WBGene00016285.,7,0,7
WBGene00016286.,3,12,15
WBGene00016287.,6,7,13
WBGene00016288.,8,33,41
WBGene00016289.,4851,17304,22155
WBGene00016291.,16,118,134
WBGene00016292.,472,2261,2733
WBGene00016293.,187,1943,2130
WBGene00016294.,117,463,580
WBGene00016295.,41,383,424
WBGene00016296.,1,0,1
WBGene00016297.,0,5,5
WBGene00016298.,2,12,14
WBGene00016299.,8,0,8
WBGene00016300.,6,2,8
WBGene00016301.,14,133,147
WBGene00016302.,10,15,25
WBGene00016303.,1,62,63
WBGene00016304.,58,446,504
WBGene00016305.,25,234,259
WBGene00016306.,2,1,3
WBGene00016307.,0,1,1
WBGene00016308.,2,14,16
WBGene00016309.,3,3,6
WBGene00016310.,89,1244,1333
WBGene00016311.,93,2608,2701
WBGene00016312.,19,88,107
WBGene00016313.,31,1179,1210
WBGene00016314.,41,889,930
WBGene00016315.,116,1493,1609
WBGene00016316.,355,10856,11211
WBGene00016317.,36,1009,1045
WBGene00016318.,102,1779,1881
WBGene00016319.,25,551,576
WBGene00016320.,2,8,10
WBGene00016321.,596,5538,6134
WBGene00016322.,3,0,3
WBGene00016323.,207,2108,2315
WBGene00016324.,41,206,247
WBGene00016325.,171,2707,2878
WBGene00016326.,259,3942,4201
WBGene00016327.,3,1,4
WBGene00016328.,36,214,250
WBGene00016329.,9,53,62
WBGene00016330.,231,1626,1857
WBGene00016331.,243,3545,3788
WBGene00016332.,101,2157,2258
WBGene00016333.,853,12031,12884
WBGene00016334.,0,4,4
WBGene00016335.,146,960,1106
WBGene00016336.,1,3,4
WBGene00016337.,0,3,3
WBGene00016338.,17,9,26
WBGene00016339.,3,2,5
WBGene00016340.,82,456,538
WBGene00016341.,18,1167,1185
WBGene00016343.,268,1513,1781
WBGene00016344.,38,257,295
WBGene00016345.,1,294,295
WBGene00016346.,1,85,86
WBGene00016347.,25,2,27
WBGene00016349.,1,32,33
WBGene00016350.,0,5,5
WBGene00016351.,1,0,1
WBGene00016352.,43,555,598
WBGene00016353.,0,140,140
WBGene00016354.,897,2298,3195
WBGene00016355.,109,946,1055
WBGene00016356.,1,19,20
WBGene00016357.,1,0,1
WBGene00016358.,2,0,2
WBGene00016359.,2,464,466
WBGene00016360.,22,299,321
WBGene00016361.,5,31,36
WBGene00016362.,91,14082,14173
WBGene00016363.,45,219,264
WBGene00016364.,80,471,551
WBGene00016365.,16,200,216
WBGene00016366.,17,204,221
WBGene00016367.,27,324,351
WBGene00016368.,32,163,195
WBGene00016369.,0,6,6
WBGene00016370.,1,3,4
WBGene00016371.,8,4,12
WBGene00016373.,16,204,220
WBGene00016374.,121,2607,2728
WBGene00016375.,5,1104,1109
WBGene00016376.,21,1466,1487
WBGene00016378.,265,2432,2697
WBGene00016379.,414,15238,15652
WBGene00016380.,60,1740,1800
WBGene00016381.,42,635,677
WBGene00016382.,0,6,6
WBGene00016383.,55,1452,1507
WBGene00016384.,311,4038,4349
WBGene00016386.,103,102,205
WBGene00016387.,39,1013,1052
WBGene00016388.,2,0,2
WBGene00016389.,0,10,10
WBGene00016390.,42,1263,1305
WBGene00016391.,289,5469,5758
WBGene00016392.,25,1054,1079
WBGene00016393.,498,27911,28409
WBGene00016394.,146,217,363
WBGene00016395.,1073,13020,14093
WBGene00016396.,560,1233,1793
WBGene00016397.,72,413,485
WBGene00016398.,3,15,18
WBGene00016399.,3,3,6
WBGene00016400.,142,2419,2561
WBGene00016402.,15,99,114
WBGene00016403.,312,1234,1546
WBGene00016404.,134,1191,1325
WBGene00016405.,274,9187,9461
WBGene00016406.,104,1400,1504
WBGene00016407.,1389,2538,3927
WBGene00016408.,117,2336,2453
WBGene00016409.,140,1686,1826
WBGene00016410.,14,54,68
WBGene00016411.,83,3970,4053
WBGene00016412.,34,3355,3389
WBGene00016413.,1,0,1
WBGene00016414.,1,1,2
WBGene00016415.,763,10296,11059
WBGene00016416.,19,210,229
WBGene00016417.,135,1295,1430
WBGene00016418.,228,1137,1365
WBGene00016419.,69,987,1056
WBGene00016420.,7,12,19
WBGene00016421.,19,257,276
WBGene00016422.,16,2792,2808
WBGene00016423.,96,777,873
WBGene00016424.,102,731,833
WBGene00016425.,5,562,567
WBGene00016427.,349,519,868
WBGene00016428.,59,812,871
WBGene00016429.,5,119,124
WBGene00016430.,4,0,4
WBGene00016431.,158,1386,1544
WBGene00016432.,1908,3287,5195
WBGene00016433.,0,2,2
WBGene00016434.,0,8,8
WBGene00016435.,495,12353,12848
WBGene00016436.,19,518,537
WBGene00016437.,43,23,66
WBGene00016438.,125,1304,1429
WBGene00016439.,117,2804,2921
WBGene00016440.,0,83,83
WBGene00016441.,6,34,40
WBGene00016442.,28,2857,2885
WBGene00016443.,107,1236,1343
WBGene00016444.,133,975,1108
WBGene00016445.,39,195,234
WBGene00016446.,57,2848,2905
WBGene00016447.,0,0,0
WBGene00016448.,77,813,890
WBGene00016449.,19,3358,3377
WBGene00016450.,11,1232,1243
WBGene00016451.,1,21,22
WBGene00016452.,155,1858,2013
WBGene00016453.,3,279,282
WBGene00016454.,81,1102,1183
WBGene00016455.,2,31,33
WBGene00016456.,19,2614,2633
WBGene00016457.,4,104,108
WBGene00016458.,110,2709,2819
WBGene00016459.,3,12,15
WBGene00016460.,20,120,140
WBGene00016461.,24,62,86
WBGene00016462.,13,54,67
WBGene00016463.,23,1924,1947
WBGene00016464.,6,26,32
WBGene00016465.,6,44,50
WBGene00016466.,16,208,224
WBGene00016467.,26,470,496
WBGene00016468.,27,59,86
WBGene00016469.,80,2209,2289
WBGene00016470.,0,1,1
WBGene00016471.,9,16,25
WBGene00016472.,0,3,3
WBGene00016473.,0,3,3
WBGene00016474.,2,6,8
WBGene00016475.,4,15,19
WBGene00016476.,6,4,10
WBGene00016477.,10,23,33
WBGene00016478.,4,27,31
WBGene00016479.,1,0,1
WBGene00016480.,10,24,34
WBGene00016481.,0,3,3
WBGene00016483.,3,1,4
WBGene00016484.,1,2,3
WBGene00016485.,4,5,9
WBGene00016486.,1,7,8
WBGene00016487.,4,1,5
WBGene00016488.,47,160,207
WBGene00016489.,268,2849,3117
WBGene00016490.,128,1267,1395
WBGene00016491.,18,32,50
WBGene00016492.,43,385,428
WBGene00016493.,32336,241169,273505
WBGene00016494.,336,5159,5495
WBGene00016495.,10,1289,1299
WBGene00016496.,218,13894,14112
WBGene00016497.,3,7,10
WBGene00016499.,72,720,792
WBGene00016500.,25,2026,2051
WBGene00016501.,32,2549,2581
WBGene00016502.,15,1747,1762
WBGene00016503.,13,301,314
WBGene00016504.,24,3110,3134
WBGene00016505.,23,1932,1955
WBGene00016506.,90,1171,1261
WBGene00016507.,256,2686,2942
WBGene00016508.,499,6664,7163
WBGene00016509.,282,15222,15504
WBGene00016511.,433,6924,7357
WBGene00016512.,14,11,25
WBGene00016513.,36,2283,2319
WBGene00016514.,67,229,296
WBGene00016516.,8,9,17
WBGene00016517.,2,115,117
WBGene00016518.,87,49,136
WBGene00016519.,4,7,11
WBGene00016520.,13,93,106
WBGene00016521.,3,16,19
WBGene00016522.,35,487,522
WBGene00016523.,5,19,24
WBGene00016524.,154,825,979
WBGene00016525.,7,58,65
WBGene00016526.,1,10,11
WBGene00016527.,4,12,16
WBGene00016528.,0,0,0
WBGene00016529.,0,4,4
WBGene00016530.,140,2080,2220
WBGene00016531.,215,2175,2390
WBGene00016532.,51,812,863
WBGene00016533.,155,2269,2424
WBGene00016534.,9,50,59
WBGene00016535.,9,1764,1773
WBGene00016537.,0,1,1
WBGene00016538.,89,807,896
WBGene00016539.,494,1682,2176
WBGene00016540.,129,424,553
WBGene00016541.,1,10,11
WBGene00016542.,243,2773,3016
WBGene00016543.,10,24,34
WBGene00016544.,23,251,274
WBGene00016545.,10,51,61
WBGene00016546.,14,90,104
WBGene00016547.,5,136,141
WBGene00016548.,1,2,3
WBGene00016549.,5,137,142
WBGene00016550.,5,4,9
WBGene00016551.,0,11,11
WBGene00016553.,25,266,291
WBGene00016554.,1,0,1
WBGene00016555.,11,595,606
WBGene00016556.,2,22,24
WBGene00016557.,0,5,5
WBGene00016558.,24,184,208
WBGene00016559.,40,399,439
WBGene00016561.,847,1645,2492
WBGene00016562.,2136,7800,9936
WBGene00016564.,28,698,726
WBGene00016565.,0,22,22
WBGene00016566.,137,1060,1197
WBGene00016567.,5,366,371
WBGene00016568.,122,513,635
WBGene00016570.,84,577,661
WBGene00016572.,15,72,87
WBGene00016573.,5,453,458
WBGene00016574.,17,790,807
WBGene00016575.,12,371,383
WBGene00016576.,5,727,732
WBGene00016577.,2,19,21
WBGene00016578.,0,3,3
WBGene00016579.,47,256,303
WBGene00016580.,89,341,430
WBGene00016581.,5,8,13
WBGene00016582.,39,1074,1113
WBGene00016583.,30,2538,2568
WBGene00016585.,49,396,445
WBGene00016586.,3,209,212
WBGene00016587.,6,11,17
WBGene00016588.,0,154,154
WBGene00016589.,2,1261,1263
WBGene00016590.,127,1229,1356
WBGene00016591.,46,1859,1905
WBGene00016592.,57,453,510
WBGene00016594.,206,17824,18030
WBGene00016595.,12,188,200
WBGene00016596.,7,587,594
WBGene00016597.,2,18,20
WBGene00016598.,2,31,33
WBGene00016599.,128,832,960
WBGene00016600.,173,261,434
WBGene00016601.,299,6741,7040
WBGene00016602.,23,728,751
WBGene00016603.,614,6352,6966
WBGene00016605.,4,40,44
WBGene00016606.,230,1976,2206
WBGene00016607.,293,5816,6109
WBGene00016608.,80,1192,1272
WBGene00016609.,87,455,542
WBGene00016610.,231,2661,2892
WBGene00016611.,710,8189,8899
WBGene00016612.,5,53,58
WBGene00016613.,119,1348,1467
WBGene00016614.,117,1139,1256
WBGene00016616.,23,1337,1360
WBGene00016617.,67,849,916
WBGene00016619.,12,110,122
WBGene00016620.,82,1274,1356
WBGene00016621.,71,743,814
WBGene00016622.,48,2092,2140
WBGene00016623.,63,814,877
WBGene00016624.,588,2652,3240
WBGene00016625.,14,131,145
WBGene00016626.,74,1648,1722
WBGene00016627.,3,5,8
WBGene00016628.,187,929,1116
WBGene00016629.,221,3951,4172
WBGene00016630.,495,42231,42726
WBGene00016631.,137,1933,2070
WBGene00016632.,59,430,489
WBGene00016633.,17,46,63
WBGene00016634.,185,1581,1766
WBGene00016635.,0,6418,6418
WBGene00016636.,2,5,7
WBGene00016637.,27,105,132
WBGene00016638.,1,8,9
WBGene00016639.,82,94,176
WBGene00016641.,53,1948,2001
WBGene00016642.,51,887,938
WBGene00016643.,131,2031,2162
WBGene00016644.,31,2693,2724
WBGene00016645.,80,2354,2434
WBGene00016646.,0,0,0
WBGene00016647.,0,0,0
WBGene00016648.,0,0,0
WBGene00016649.,0,0,0
WBGene00016650.,924,13908,14832
WBGene00016652.,76,567,643
WBGene00016653.,113,21081,21194
WBGene00016654.,314,770,1084
WBGene00016655.,913,16192,17105
WBGene00016657.,35,261,296
WBGene00016658.,1,5,6
WBGene00016659.,23,1055,1078
WBGene00016660.,0,14,14
WBGene00016661.,177,1666,1843
WBGene00016662.,1,16,17
WBGene00016663.,95,1330,1425
WBGene00016664.,31,1273,1304
WBGene00016665.,2,20,22
WBGene00016666.,3,76,79
WBGene00016667.,100,1948,2048
WBGene00016668.,1,0,1
WBGene00016669.,2,22,24
WBGene00016670.,8,8,16
WBGene00016671.,9,431,440
WBGene00016673.,1,11,12
WBGene00016674.,39,1450,1489
WBGene00016675.,0,6,6
WBGene00016676.,31,1855,1886
WBGene00016677.,1084,28906,29990
WBGene00016678.,209,1453,1662
WBGene00016679.,6,189,195
WBGene00016680.,0,0,0
WBGene00016681.,4,2,6
WBGene00016682.,171,599,770
WBGene00016683.,69,138,207
WBGene00016684.,54,4053,4107
WBGene00016685.,2,2,4
WBGene00016686.,3,6,9
WBGene00016687.,3,5,8
WBGene00016688.,4,34,38
WBGene00016689.,0,1,1
WBGene00016690.,0,1,1
WBGene00016691.,4,0,4
WBGene00016692.,1,4,5
WBGene00016693.,6,1,7
WBGene00016694.,0,3,3
WBGene00016695.,1,9,10
WBGene00016696.,9,42,51
WBGene00016697.,7,18,25
WBGene00016698.,8,14,22
WBGene00016699.,1,42,43
WBGene00016700.,26,27,53
WBGene00016701.,7,147,154
WBGene00016702.,78,1059,1137
WBGene00016703.,88,773,861
WBGene00016704.,98,1015,1113
WBGene00016705.,125,739,864
WBGene00016706.,371,5434,5805
WBGene00016707.,2,13,15
WBGene00016708.,0,0,0
WBGene00016709.,0,2,2
WBGene00016710.,32,931,963
WBGene00016711.,4,139,143
WBGene00016712.,1,2,3
WBGene00016713.,3,0,3
WBGene00016714.,34,594,628
WBGene00016716.,1892,8190,10082
WBGene00016717.,15,365,380
WBGene00016718.,1,1,2
WBGene00016719.,4,153,157
WBGene00016720.,2,2,4
WBGene00016721.,788,12048,12836
WBGene00016722.,3054,10864,13918
WBGene00016724.,18,120,138
WBGene00016725.,301,782,1083
WBGene00016727.,7,2,9
WBGene00016728.,41,1068,1109
WBGene00016729.,3,52,55
WBGene00016730.,33,117,150
WBGene00016731.,17,366,383
WBGene00016732.,5,236,241
WBGene00016733.,64,1543,1607
WBGene00016734.,58,1723,1781
WBGene00016735.,152,2546,2698
WBGene00016737.,1,3,4
WBGene00016738.,1,1369,1370
WBGene00016739.,174,10937,11111
WBGene00016740.,46,1756,1802
WBGene00016741.,55,985,1040
WBGene00016742.,24,20,44
WBGene00016743.,14,6,20
WBGene00016744.,90,484,574
WBGene00016745.,19,185,204
WBGene00016746.,537,11697,12234
WBGene00016747.,32,234,266
WBGene00016748.,71,303,374
WBGene00016749.,223,3979,4202
WBGene00016750.,78,1856,1934
WBGene00016751.,227,1585,1812
WBGene00016752.,0,19,19
WBGene00016753.,2,2,4
WBGene00016754.,323,4323,4646
WBGene00016755.,13,87,100
WBGene00016756.,50,249,299
WBGene00016757.,299,2008,2307
WBGene00016758.,143,1616,1759
WBGene00016759.,46,1271,1317
WBGene00016760.,51,1016,1067
WBGene00016761.,39,338,377
WBGene00016762.,55,1184,1239
WBGene00016763.,257,9088,9345
WBGene00016764.,104,911,1015
WBGene00016765.,10,24,34
WBGene00016766.,10,723,733
WBGene00016767.,7,316,323
WBGene00016768.,115,907,1022
WBGene00016769.,383,4211,4594
WBGene00016770.,3,2,5
WBGene00016772.,2,50,52
WBGene00016773.,5,1,6
WBGene00016775.,0,0,0
WBGene00016776.,2,0,2
WBGene00016777.,1,1,2
WBGene00016778.,8,0,8
WBGene00016779.,2,2,4
WBGene00016781.,52,35870,35922
WBGene00016782.,0,414,414
WBGene00016783.,33,139,172
WBGene00016785.,37,137,174
WBGene00016786.,1,53,54
WBGene00016788.,762,3932,4694
WBGene00016789.,3,34,37
WBGene00016790.,815,19122,19937
WBGene00016791.,51,783,834
WBGene00016792.,273,2344,2617
WBGene00016793.,83,2227,2310
WBGene00016794.,144,1576,1720
WBGene00016795.,4,35,39
WBGene00016796.,127,469,596
WBGene00016797.,129,222,351
WBGene00016798.,1,3,4
WBGene00016799.,43,333,376
WBGene00016800.,9,120,129
WBGene00016801.,46,1997,2043
WBGene00016803.,17,2370,2387
WBGene00016804.,0,14,14
WBGene00016805.,8,146,154
WBGene00016806.,3,443,446
WBGene00016807.,5,2,7
WBGene00016808.,89,6249,6338
WBGene00016809.,114,1056,1170
WBGene00016810.,32,1276,1308
WBGene00016811.,89,925,1014
WBGene00016812.,105,1008,1113
WBGene00016813.,6,7,13
WBGene00016815.,14,3,17
WBGene00016816.,129,836,965
WBGene00016817.,100,1038,1138
WBGene00016818.,12,48,60
WBGene00016820.,4,63,67
WBGene00016821.,3,5,8
WBGene00016822.,3,13,16
WBGene00016823.,2,0,2
WBGene00016824.,1,10,11
WBGene00016825.,2,11,13
WBGene00016826.,13,2,15
WBGene00016827.,1,8,9
WBGene00016828.,28,24,52
WBGene00016829.,2,2,4
WBGene00016830.,0,8,8
WBGene00016831.,9,9,18
WBGene00016832.,1,17,18
WBGene00016833.,5,19,24
WBGene00016834.,4,7,11
WBGene00016835.,44,259,303
WBGene00016836.,239,1884,2123
WBGene00016837.,132,4009,4141
WBGene00016838.,366,3485,3851
WBGene00016839.,1,12,13
WBGene00016840.,236,1975,2211
WBGene00016841.,139,1593,1732
WBGene00016842.,4,279,283
WBGene00016843.,2,6,8
WBGene00016844.,128,4268,4396
WBGene00016845.,0,2126,2126
WBGene00016846.,145,1356,1501
WBGene00016847.,5,22,27
WBGene00016848.,90,1546,1636
WBGene00016849.,29,399,428
WBGene00016850.,0,1,1
WBGene00016851.,3,6,9
WBGene00016852.,0,20,20
WBGene00016853.,1,3,4
WBGene00016854.,0,12,12
WBGene00016855.,5,362,367
WBGene00016856.,8,11,19
WBGene00016857.,1,1,2
WBGene00016858.,8,25,33
WBGene00016859.,0,4,4
WBGene00016860.,103,1020,1123
WBGene00016861.,1,15,16
WBGene00016862.,236,1843,2079
WBGene00016863.,6,91,97
WBGene00016864.,5,6,11
WBGene00016865.,41,1085,1126
WBGene00016866.,220,955,1175
WBGene00016867.,75,1987,2062
WBGene00016868.,136,588,724
WBGene00016869.,3,155,158
WBGene00016870.,37,102,139
WBGene00016871.,485,1794,2279
WBGene00016872.,18,270,288
WBGene00016873.,13,73,86
WBGene00016874.,82,1007,1089
WBGene00016877.,525,1109,1634
WBGene00016879.,211,1877,2088
WBGene00016880.,2,8,10
WBGene00016881.,1,2,3
WBGene00016882.,1,1,2
WBGene00016883.,22,180,202
WBGene00016884.,1,30,31
WBGene00016885.,0,0,0
WBGene00016886.,0,1,1
WBGene00016888.,533,6751,7284
WBGene00016889.,345,3793,4138
WBGene00016890.,47,203,250
WBGene00016891.,8,12,20
WBGene00016892.,100,8220,8320
WBGene00016893.,5,31,36
WBGene00016894.,52,15935,15987
WBGene00016895.,0,0,0
WBGene00016896.,65,206,271
WBGene00016898.,2152,50277,52429
WBGene00016899.,12,133,145
WBGene00016900.,284,805,1089
WBGene00016901.,0,4,4
WBGene00016902.,613,1521,2134
WBGene00016903.,164,1039,1203
WBGene00016905.,192,1459,1651
WBGene00016906.,169,1835,2004
WBGene00016907.,14,8382,8396
WBGene00016909.,73,282,355
WBGene00016911.,75,1949,2024
WBGene00016912.,2,365,367
WBGene00016913.,139,6294,6433
WBGene00016914.,12,263,275
WBGene00016915.,9,34,43
WBGene00016916.,29,1212,1241
WBGene00016917.,14,142,156
WBGene00016918.,1475,11082,12557
WBGene00016919.,887,4678,5565
WBGene00016920.,62,525,587
WBGene00016921.,11,156,167
WBGene00016922.,6,11,17
WBGene00016923.,75,892,967
WBGene00016924.,0,1,1
WBGene00016925.,8,70,78
WBGene00016926.,3,51,54
WBGene00016927.,4,38,42
WBGene00016928.,32,77,109
WBGene00016929.,1,20,21
WBGene00016930.,64,318,382
WBGene00016931.,16,89,105
WBGene00016932.,124,183,307
WBGene00016933.,1,54,55
WBGene00016934.,117,5723,5840
WBGene00016935.,82,532,614
WBGene00016937.,51,954,1005
WBGene00016938.,35,155,190
WBGene00016939.,55,532,587
WBGene00016940.,0,0,0
WBGene00016941.,0,26,26
WBGene00016942.,168,1327,1495
WBGene00016943.,918,97918,98836
WBGene00016944.,44,1503,1547
WBGene00016945.,57,303,360
WBGene00016946.,2,10,12
WBGene00016947.,18,302,320
WBGene00016948.,2,9,11
WBGene00016949.,0,2,2
WBGene00016950.,4,0,4
WBGene00016951.,40,134,174
WBGene00016953.,16,64,80
WBGene00016954.,1,4,5
WBGene00016955.,185,1069,1254
WBGene00016956.,8,32,40
WBGene00016957.,812,2449,3261
WBGene00016958.,297,2527,2824
WBGene00016959.,1,2,3
WBGene00016960.,73,693,766
WBGene00016961.,620,10189,10809
WBGene00016962.,6,339,345
WBGene00016963.,6,12,18
WBGene00016964.,172,1688,1860
WBGene00016965.,44,506,550
WBGene00016966.,76,1057,1133
WBGene00016968.,312,2019,2331
WBGene00016970.,9,497,506
WBGene00016971.,96,1089,1185
WBGene00016972.,9,66,75
WBGene00016973.,18,142,160
WBGene00016974.,26,383,409
WBGene00016975.,420,2770,3190
WBGene00016976.,231,425,656
WBGene00016977.,2359,18582,20941
WBGene00016978.,91,1338,1429
WBGene00016979.,42,894,936
WBGene00016980.,5,17,22
WBGene00016981.,63,4889,4952
WBGene00016982.,56,493,549
WBGene00016983.,28,754,782
WBGene00016984.,342,390,732
WBGene00016985.,0,3,3
WBGene00016987.,54,4515,4569
WBGene00016988.,248,3333,3581
WBGene00016989.,151,2185,2336
WBGene00016990.,56,2654,2710
WBGene00016992.,29,787,816
WBGene00016993.,54,442,496
WBGene00016995.,64,840,904
WBGene00016996.,104,931,1035
WBGene00016997.,56,3491,3547
WBGene00016998.,92,1444,1536
WBGene00016999.,16,109,125
WBGene00017000.,38,405,443
WBGene00017001.,10,117,127
WBGene00017002.,4,428,432
WBGene00017003.,22,986,1008
WBGene00017004.,85,2839,2924
WBGene00017005.,2,317,319
WBGene00017007.,116,638,754
WBGene00017009.,15,192,207
WBGene00017010.,58,788,846
WBGene00017011.,14,1460,1474
WBGene00017012.,426,2971,3397
WBGene00017013.,105,529,634
WBGene00017014.,22,315,337
WBGene00017015.,1,135,136
WBGene00017016.,554,7670,8224
WBGene00017017.,482,1545,2027
WBGene00017018.,45,1549,1594
WBGene00017019.,3,0,3
WBGene00017020.,10,64,74
WBGene00017021.,0,6,6
WBGene00017022.,18,200,218
WBGene00017023.,75,5974,6049
WBGene00017024.,10,57,67
WBGene00017025.,168,2324,2492
WBGene00017026.,12,5,17
WBGene00017027.,48,928,976
WBGene00017028.,74,513,587
WBGene00017029.,0,3,3
WBGene00017031.,114,1218,1332
WBGene00017032.,7,209,216
WBGene00017033.,26,360,386
WBGene00017034.,11,42,53
WBGene00017035.,6,29,35
WBGene00017036.,42,680,722
WBGene00017037.,233,2486,2719
WBGene00017038.,275,319,594
WBGene00017039.,140,149,289
WBGene00017040.,80,731,811
WBGene00017041.,103,586,689
WBGene00017042.,83,695,778
WBGene00017044.,130,5348,5478
WBGene00017045.,338,3452,3790
WBGene00017046.,90,1099,1189
WBGene00017048.,200,1313,1513
WBGene00017050.,33,65,98
WBGene00017051.,25,204,229
WBGene00017052.,3,18,21
WBGene00017053.,46,1488,1534
WBGene00017054.,105,2077,2182
WBGene00017055.,0,0,0
WBGene00017056.,1,0,1
WBGene00017057.,0,0,0
WBGene00017058.,0,0,0
WBGene00017059.,0,2,2
WBGene00017060.,265,34377,34642
WBGene00017061.,36,35,71
WBGene00017062.,161,2101,2262
WBGene00017063.,111,497,608
WBGene00017064.,60,2384,2444
WBGene00017065.,745,20314,21059
WBGene00017066.,469,3081,3550
WBGene00017068.,59,3031,3090
WBGene00017069.,59,276,335
WBGene00017070.,70,4043,4113
WBGene00017071.,300,2160,2460
WBGene00017072.,53,148,201
WBGene00017073.,27,318,345
WBGene00017074.,53,826,879
WBGene00017075.,229,60814,61043
WBGene00017076.,191,1500,1691
WBGene00017077.,38,275,313
WBGene00017078.,19,233,252
WBGene00017079.,33,818,851
WBGene00017080.,684,1833,2517
WBGene00017082.,111,4483,4594
WBGene00017083.,31,161,192
WBGene00017084.,724,2342,3066
WBGene00017085.,211,5392,5603
WBGene00017087.,58,668,726
WBGene00017088.,95,4697,4792
WBGene00017089.,5,180,185
WBGene00017090.,4,0,4
WBGene00017091.,9,81,90
WBGene00017092.,22,232,254
WBGene00017093.,17,301,318
WBGene00017094.,2,4,6
WBGene00017095.,1,89,90
WBGene00017096.,0,8,8
WBGene00017097.,61,6,67
WBGene00017098.,238,8740,8978
WBGene00017099.,1,7,8
WBGene00017100.,8,267,275
WBGene00017101.,147,1585,1732
WBGene00017102.,0,1,1
WBGene00017103.,7,200,207
WBGene00017104.,0,0,0
WBGene00017105.,0,1,1
WBGene00017106.,2,0,2
WBGene00017107.,3,85,88
WBGene00017108.,80,866,946
WBGene00017109.,2,0,2
WBGene00017110.,2,2,4
WBGene00017111.,4,4,8
WBGene00017112.,2,4,6
WBGene00017113.,10,48,58
WBGene00017114.,2,0,2
WBGene00017115.,2,1,3
WBGene00017116.,0,12,12
WBGene00017117.,9,83,92
WBGene00017118.,3,3,6
WBGene00017119.,252,14093,14345
WBGene00017120.,53,264,317
WBGene00017121.,4258,170752,175010
WBGene00017122.,38,110,148
WBGene00017123.,239,5893,6132
WBGene00017124.,65,464,529
WBGene00017125.,252,3261,3513
WBGene00017126.,65,1062,1127
WBGene00017127.,538,5421,5959
WBGene00017128.,173,2713,2886
WBGene00017129.,22,224,246
WBGene00017131.,1,178,179
WBGene00017132.,257,2987,3244
WBGene00017133.,19,203,222
WBGene00017134.,3,169,172
WBGene00017135.,0,38,38
WBGene00017136.,31,227,258
WBGene00017137.,16,1312,1328
WBGene00017138.,183,3498,3681
WBGene00017139.,6,3,9
WBGene00017140.,0,12,12
WBGene00017141.,0,38,38
WBGene00017142.,18,578,596
WBGene00017143.,2,63,65
WBGene00017144.,80,1574,1654
WBGene00017146.,76,171,247
WBGene00017147.,50,658,708
WBGene00017148.,1,47,48
WBGene00017149.,555,26994,27549
WBGene00017150.,11,623,634
WBGene00017151.,75,466,541
WBGene00017152.,1,1,2
WBGene00017153.,0,104,104
WBGene00017154.,109,4409,4518
WBGene00017156.,382,608,990
WBGene00017157.,295,778,1073
WBGene00017158.,90,2354,2444
WBGene00017159.,424,4844,5268
WBGene00017160.,206,3287,3493
WBGene00017161.,242,2689,2931
WBGene00017162.,238,4003,4241
WBGene00017163.,448,7303,7751
WBGene00017164.,40,557,597
WBGene00017165.,352,1301,1653
WBGene00017166.,1228,45910,47138
WBGene00017168.,1,15,16
WBGene00017169.,55,3032,3087
WBGene00017170.,93,75,168
WBGene00017172.,1,1,2
WBGene00017173.,9,7,16
WBGene00017174.,4,97,101
WBGene00017175.,4,4,8
WBGene00017176.,25,253,278
WBGene00017177.,2,3,5
WBGene00017178.,45,780,825
WBGene00017179.,1,12,13
WBGene00017180.,131,777,908
WBGene00017181.,2,2,4
WBGene00017182.,1,3,4
WBGene00017183.,1,2,3
WBGene00017184.,431,8690,9121
WBGene00017185.,0,0,0
WBGene00017186.,0,0,0
WBGene00017188.,0,0,0
WBGene00017189.,0,0,0
WBGene00017190.,0,18,18
WBGene00017191.,0,0,0
WBGene00017192.,0,0,0
WBGene00017193.,232,4875,5107
WBGene00017194.,27,258,285
WBGene00017195.,92,1372,1464
WBGene00017197.,57,1709,1766
WBGene00017198.,58,655,713
WBGene00017199.,16,255,271
WBGene00017200.,1,19,20
WBGene00017201.,190,5809,5999
WBGene00017202.,0,4,4
WBGene00017203.,0,2,2
WBGene00017204.,0,10,10
WBGene00017205.,1,8,9
WBGene00017207.,1,2,3
WBGene00017208.,0,10,10
WBGene00017209.,109,0,109
WBGene00017210.,547,7247,7794
WBGene00017211.,1,21,22
WBGene00017212.,0,0,0
WBGene00017213.,2,0,2
WBGene00017214.,4,5,9
WBGene00017215.,4,5,9
WBGene00017216.,14,165,179
WBGene00017217.,169,817,986
WBGene00017218.,4,15,19
WBGene00017219.,36,557,593
WBGene00017220.,176,3755,3931
WBGene00017221.,16,1,17
WBGene00017222.,1,0,1
WBGene00017223.,0,1,1
WBGene00017224.,0,0,0
WBGene00017225.,29,21,50
WBGene00017226.,23,334,357
WBGene00017227.,0,2,2
WBGene00017228.,21,78,99
WBGene00017229.,0,11,11
WBGene00017230.,2,4,6
WBGene00017231.,8,9,17
WBGene00017232.,0,2,2
WBGene00017233.,7,28,35
WBGene00017235.,116,275,391
WBGene00017236.,16,289,305
WBGene00017237.,80,1136,1216
WBGene00017238.,117,5925,6042
WBGene00017239.,176,1344,1520
WBGene00017240.,100,1960,2060
WBGene00017241.,431,6184,6615
WBGene00017243.,9,113,122
WBGene00017244.,576,6454,7030
WBGene00017245.,345,4072,4417
WBGene00017246.,763,8110,8873
WBGene00017247.,583,4705,5288
WBGene00017248.,2,0,2
WBGene00017249.,1,8,9
WBGene00017250.,25,261,286
WBGene00017251.,2,1,3
WBGene00017252.,1,3,4
WBGene00017253.,0,2,2
WBGene00017254.,0,21,21
WBGene00017255.,34,197,231
WBGene00017257.,8,575,583
WBGene00017258.,10,48,58
WBGene00017259.,3,16,19
WBGene00017260.,101,717,818
WBGene00017261.,91,1622,1713
WBGene00017262.,331,3397,3728
WBGene00017263.,5,16,21
WBGene00017264.,1,6,7
WBGene00017265.,10,175,185
WBGene00017266.,150,1676,1826
WBGene00017267.,0,0,0
WBGene00017268.,119,2225,2344
WBGene00017269.,227,762,989
WBGene00017270.,0,0,0
WBGene00017271.,8,15,23
WBGene00017272.,105,2883,2988
WBGene00017273.,166,1245,1411
WBGene00017274.,490,3849,4339
WBGene00017275.,230,1720,1950
WBGene00017277.,4,23,27
WBGene00017278.,16,41,57
WBGene00017279.,6,19,25
WBGene00017280.,724,2289,3013
WBGene00017281.,17,11,28
WBGene00017282.,24,1149,1173
WBGene00017283.,310,7875,8185
WBGene00017284.,307,1953,2260
WBGene00017285.,21,1756,1777
WBGene00017286.,453,4024,4477
WBGene00017287.,5,142,147
WBGene00017288.,2,283,285
WBGene00017289.,20,2790,2810
WBGene00017290.,27,224,251
WBGene00017291.,37,566,603
WBGene00017292.,56,1795,1851
WBGene00017293.,14,1244,1258
WBGene00017294.,50,324,374
WBGene00017295.,105,94,199
WBGene00017296.,57,189,246
WBGene00017297.,243,15908,16151
WBGene00017298.,326,2287,2613
WBGene00017299.,182,273,455
WBGene00017300.,607,8210,8817
WBGene00017301.,221,17529,17750
WBGene00017302.,235,1340,1575
WBGene00017303.,464,5839,6303
WBGene00017304.,58,3364,3422
WBGene00017305.,4,194,198
WBGene00017306.,157,1939,2096
WBGene00017307.,28,581,609
WBGene00017308.,25,111,136
WBGene00017309.,87,59,146
WBGene00017310.,43,946,989
WBGene00017311.,43,4934,4977
WBGene00017312.,14,804,818
WBGene00017313.,237,2875,3112
WBGene00017314.,138,1198,1336
WBGene00017315.,2,19,21
WBGene00017316.,173,1063,1236
WBGene00017317.,1624,18469,20093
WBGene00017319.,504,5999,6503
WBGene00017320.,38,288,326
WBGene00017321.,29,2556,2585
WBGene00017322.,25,461,486
WBGene00017323.,33,84,117
WBGene00017324.,0,7,7
WBGene00017325.,1,2,3
WBGene00017326.,20,406,426
WBGene00017327.,36,711,747
WBGene00017328.,23,1543,1566
WBGene00017329.,74,726,800
WBGene00017330.,5,5,10
WBGene00017331.,160,660,820
WBGene00017332.,670,3428,4098
WBGene00017333.,0,7,7
WBGene00017334.,26,438,464
WBGene00017335.,50,853,903
WBGene00017336.,107,733,840
WBGene00017338.,53,286,339
WBGene00017339.,115,762,877
WBGene00017340.,21,211,232
WBGene00017341.,6,14,20
WBGene00017342.,188,1625,1813
WBGene00017343.,9,2,11
WBGene00017344.,50,2048,2098
WBGene00017345.,0,2,2
WBGene00017347.,81,13205,13286
WBGene00017348.,3,1939,1942
WBGene00017349.,149,3721,3870
WBGene00017350.,198,2758,2956
WBGene00017351.,0,42,42
WBGene00017352.,139,214,353
WBGene00017353.,77,885,962
WBGene00017354.,8,23,31
WBGene00017355.,30,1269,1299
WBGene00017356.,488,4660,5148
WBGene00017357.,105,2022,2127
WBGene00017358.,9,690,699
WBGene00017359.,10,118,128
WBGene00017360.,288,3103,3391
WBGene00017361.,5,421,426
WBGene00017362.,167,4510,4677
WBGene00017363.,60,1919,1979
WBGene00017364.,7,379,386
WBGene00017365.,0,2,2
WBGene00017366.,3,51,54
WBGene00017367.,8,280,288
WBGene00017369.,54,2840,2894
WBGene00017370.,0,12,12
WBGene00017371.,8,55,63
WBGene00017372.,551,3308,3859
WBGene00017373.,260,2843,3103
WBGene00017374.,543,8598,9141
WBGene00017375.,53,321,374
WBGene00017376.,505,11723,12228
WBGene00017378.,8,152,160
WBGene00017379.,281,7165,7446
WBGene00017380.,512,2176,2688
WBGene00017381.,78,715,793
WBGene00017382.,0,3,3
WBGene00017383.,4,2,6
WBGene00017384.,5,5,10
WBGene00017385.,14,2142,2156
WBGene00017386.,0,125,125
WBGene00017387.,0,2,2
WBGene00017388.,4,34,38
WBGene00017389.,770,815,1585
WBGene00017390.,59,359,418
WBGene00017391.,1,2,3
WBGene00017392.,0,2,2
WBGene00017393.,3,5,8
WBGene00017394.,129,740,869
WBGene00017395.,0,1,1
WBGene00017396.,11,10,21
WBGene00017397.,108,764,872
WBGene00017398.,50,827,877
WBGene00017399.,75,62,137
WBGene00017400.,47,506,553
WBGene00017401.,0,0,0
WBGene00017402.,1,0,1
WBGene00017403.,0,0,0
WBGene00017404.,2,1,3
WBGene00017405.,2,0,2
WBGene00017406.,0,0,0
WBGene00017407.,2,0,2
WBGene00017408.,0,8,8
WBGene00017410.,2,13,15
WBGene00017411.,3,155,158
WBGene00017412.,5,0,5
WBGene00017413.,2,1,3
WBGene00017414.,0,3,3
WBGene00017415.,0,2,2
WBGene00017416.,2,274,276
WBGene00017417.,59,1268,1327
WBGene00017418.,885,9718,10603
WBGene00017419.,180,5322,5502
WBGene00017420.,35,171,206
WBGene00017421.,149,932,1081
WBGene00017422.,10,554,564
WBGene00017423.,306,9316,9622
WBGene00017424.,32,115,147
WBGene00017426.,530,14238,14768
WBGene00017427.,136,1328,1464
WBGene00017428.,323,4514,4837
WBGene00017429.,485,1581,2066
WBGene00017430.,505,6241,6746
WBGene00017431.,542,4115,4657
WBGene00017432.,114,349,463
WBGene00017433.,38,304,342
WBGene00017434.,111,4123,4234
WBGene00017435.,231,4451,4682
WBGene00017436.,29,533,562
WBGene00017437.,116,1533,1649
WBGene00017438.,12,278,290
WBGene00017439.,34,302,336
WBGene00017440.,840,23081,23921
WBGene00017441.,23,85,108
WBGene00017442.,16,369,385
WBGene00017443.,54,655,709
WBGene00017444.,15,14,29
WBGene00017445.,161,2442,2603
WBGene00017446.,8,106,114
WBGene00017447.,144,2155,2299
WBGene00017448.,256,4374,4630
WBGene00017449.,141,890,1031
WBGene00017450.,8,129,137
WBGene00017451.,0,2,2
WBGene00017452.,118,85,203
WBGene00017453.,8,24,32
WBGene00017454.,5,3,8
WBGene00017455.,2,4,6
WBGene00017456.,47,33,80
WBGene00017459.,10,238,248
WBGene00017460.,7,184,191
WBGene00017461.,3,205,208
WBGene00017462.,2,226,228
WBGene00017463.,88,473,561
WBGene00017464.,37,418,455
WBGene00017465.,6,77,83
WBGene00017466.,4,61,65
WBGene00017467.,30,776,806
WBGene00017468.,27,175,202
WBGene00017469.,24,32,56
WBGene00017470.,3,1,4
WBGene00017471.,25,1330,1355
WBGene00017472.,170,2371,2541
WBGene00017473.,3,146,149
WBGene00017474.,1,10,11
WBGene00017475.,3,13,16
WBGene00017476.,6,16,22
WBGene00017478.,208,1553,1761
WBGene00017480.,316,4757,5073
WBGene00017481.,1,245,246
WBGene00017482.,27,669,696
WBGene00017483.,7,138,145
WBGene00017484.,64,4164,4228
WBGene00017485.,57,634,691
WBGene00017486.,0,84,84
WBGene00017487.,78,561,639
WBGene00017488.,89,775,864
WBGene00017489.,58,216,274
WBGene00017490.,0,0,0
WBGene00017491.,0,0,0
WBGene00017492.,5,1,6
WBGene00017493.,4,53,57
WBGene00017494.,9,25,34
WBGene00017496.,0,0,0
WBGene00017497.,3,0,3
WBGene00017498.,29,1347,1376
WBGene00017499.,0,0,0
WBGene00017500.,0,0,0
WBGene00017501.,0,1914,1914
WBGene00017502.,0,214,214
WBGene00017503.,106,1046,1152
WBGene00017504.,49,221,270
WBGene00017505.,0,3,3
WBGene00017506.,136,3930,4066
WBGene00017507.,84,473,557
WBGene00017508.,22,258,280
WBGene00017509.,22,150,172
WBGene00017510.,172,821,993
WBGene00017511.,19,30,49
WBGene00017512.,48,1004,1052
WBGene00017513.,177,1907,2084
WBGene00017514.,85,1920,2005
WBGene00017515.,39,1080,1119
WBGene00017516.,2,0,2
WBGene00017517.,2,0,2
WBGene00017518.,6,0,6
WBGene00017519.,0,1,1
WBGene00017520.,1,0,1
WBGene00017521.,0,0,0
WBGene00017522.,1,0,1
WBGene00017523.,4,0,4
WBGene00017524.,2,5,7
WBGene00017525.,0,0,0
WBGene00017526.,2,5,7
WBGene00017527.,1,0,1
WBGene00017528.,1,0,1
WBGene00017529.,3,29,32
WBGene00017530.,79,471,550
WBGene00017532.,11,44,55
WBGene00017533.,0,2,2
WBGene00017534.,183,1963,2146
WBGene00017535.,52,556,608
WBGene00017536.,78,3364,3442
WBGene00017537.,102,1033,1135
WBGene00017538.,5,187,192
WBGene00017539.,0,0,0
WBGene00017540.,1,0,1
WBGene00017541.,5,4,9
WBGene00017542.,0,9,9
WBGene00017543.,22,114,136
WBGene00017544.,22,200,222
WBGene00017545.,40,271,311
WBGene00017546.,214,5499,5713
WBGene00017547.,127,990,1117
WBGene00017548.,49,313,362
WBGene00017549.,112,697,809
WBGene00017550.,19,2,21
WBGene00017551.,0,0,0
WBGene00017552.,1,1,2
WBGene00017553.,6,6,12
WBGene00017554.,5,2,7
WBGene00017555.,4,3,7
WBGene00017556.,7,15,22
WBGene00017557.,54,1468,1522
WBGene00017559.,7,7,14
WBGene00017560.,2,45,47
WBGene00017562.,2,3,5
WBGene00017563.,154,186,340
WBGene00017564.,3,4,7
WBGene00017565.,3751,6479,10230
WBGene00017566.,1,1,2
WBGene00017567.,0,2454,2454
WBGene00017568.,67,1063,1130
WBGene00017569.,68,1592,1660
WBGene00017570.,113,430,543
WBGene00017571.,66,2809,2875
WBGene00017573.,10,7,17
WBGene00017574.,55,1565,1620
WBGene00017576.,163,454,617
WBGene00017577.,12,220,232
WBGene00017578.,64,437,501
WBGene00017579.,2,33,35
WBGene00017580.,114,438,552
WBGene00017581.,10,33,43
WBGene00017582.,160,2548,2708
WBGene00017583.,59,1478,1537
WBGene00017584.,0,2,2
WBGene00017585.,0,1,1
WBGene00017586.,18,74,92
WBGene00017587.,3,3,6
WBGene00017588.,0,2,2
WBGene00017589.,12,220,232
WBGene00017590.,3,0,3
WBGene00017591.,924,30783,31707
WBGene00017592.,22,314,336
WBGene00017593.,2,19,21
WBGene00017594.,50,399,449
WBGene00017597.,689,1578,2267
WBGene00017598.,0,2,2
WBGene00017599.,0,712,712
WBGene00017600.,115,1888,2003
WBGene00017601.,1,1,2
WBGene00017602.,3,0,3
WBGene00017603.,13,0,13
WBGene00017605.,1049,14541,15590
WBGene00017606.,23,1011,1034
WBGene00017607.,105,1090,1195
WBGene00017608.,263,1803,2066
WBGene00017609.,0,1,1
WBGene00017610.,6,3,9
WBGene00017611.,12,84,96
WBGene00017612.,0,0,0
WBGene00017613.,816,44001,44817
WBGene00017614.,13,43,56
WBGene00017615.,11,52,63
WBGene00017616.,42,322,364
WBGene00017618.,622,628,1250
WBGene00017619.,5,21,26
WBGene00017620.,170,1491,1661
WBGene00017621.,84,4570,4654
WBGene00017625.,68,220,288
WBGene00017627.,2,7,9
WBGene00017628.,302,346,648
WBGene00017629.,2,1,3
WBGene00017630.,0,0,0
WBGene00017631.,0,16,16
WBGene00017632.,55,95,150
WBGene00017633.,24,41,65
WBGene00017634.,7,18,25
WBGene00017635.,140,610,750
WBGene00017636.,5,29,34
WBGene00017637.,122,697,819
WBGene00017638.,0,0,0
WBGene00017639.,331,1400,1731
WBGene00017640.,169,1888,2057
WBGene00017641.,4,131,135
WBGene00017642.,295,4203,4498
WBGene00017643.,154,2591,2745
WBGene00017644.,570,4237,4807
WBGene00017645.,1,65,66
WBGene00017646.,120,952,1072
WBGene00017647.,139,254,393
WBGene00017648.,8,77,85
WBGene00017650.,10,204,214
WBGene00017651.,86,211,297
WBGene00017652.,3,9,12
WBGene00017653.,411,4162,4573
WBGene00017654.,2,18,20
WBGene00017655.,0,1,1
WBGene00017656.,2,24,26
WBGene00017657.,517,7951,8468
WBGene00017658.,61,3085,3146
WBGene00017659.,70,3200,3270
WBGene00017660.,24,113,137
WBGene00017661.,9,216,225
WBGene00017662.,7,8,15
WBGene00017663.,425,3947,4372
WBGene00017664.,14,50,64
WBGene00017666.,17,240,257
WBGene00017667.,127,1049,1176
WBGene00017668.,2,9,11
WBGene00017670.,26,0,26
WBGene00017671.,529,29951,30480
WBGene00017672.,2,6,8
WBGene00017673.,5,93,98
WBGene00017674.,14,197,211
WBGene00017675.,418,11363,11781
WBGene00017676.,210,2126,2336
WBGene00017677.,18,39,57
WBGene00017678.,78,3748,3826
WBGene00017679.,2,91,93
WBGene00017680.,9,22,31
WBGene00017681.,23,575,598
WBGene00017683.,62,1421,1483
WBGene00017684.,0,2,2
WBGene00017685.,0,5,5
WBGene00017686.,180,3232,3412
WBGene00017687.,97,2503,2600
WBGene00017688.,52,1113,1165
WBGene00017690.,622,742,1364
WBGene00017691.,5029,94240,99269
WBGene00017692.,35,225,260
WBGene00017693.,3,2,5
WBGene00017694.,2,3,5
WBGene00017695.,1,6,7
WBGene00017696.,34,1892,1926
WBGene00017698.,383,6145,6528
WBGene00017699.,2327,6150,8477
WBGene00017700.,70,215,285
WBGene00017701.,1,9,10
WBGene00017702.,137,1131,1268
WBGene00017703.,66,331,397
WBGene00017704.,0,0,0
WBGene00017705.,1,11,12
WBGene00017706.,3,56,59
WBGene00017707.,1,25,26
WBGene00017708.,23,306,329
WBGene00017709.,0,3,3
WBGene00017710.,4,106,110
WBGene00017711.,18,273,291
WBGene00017712.,0,154,154
WBGene00017713.,0,4,4
WBGene00017714.,5,192,197
WBGene00017715.,25,608,633
WBGene00017716.,12,150,162
WBGene00017717.,17,430,447
WBGene00017718.,1,24,25
WBGene00017719.,1728,28210,29938
WBGene00017720.,284,494,778
WBGene00017721.,18,15,33
WBGene00017722.,5,12,17
WBGene00017723.,93,175,268
WBGene00017724.,428,1788,2216
WBGene00017725.,0,4,4
WBGene00017726.,0,11522,11522
WBGene00017727.,0,32838,32838
WBGene00017729.,10,13,23
WBGene00017730.,5,204,209
WBGene00017731.,3,86,89
WBGene00017732.,81,786,867
WBGene00017733.,137,1455,1592
WBGene00017734.,140,20627,20767
WBGene00017735.,708,15356,16064
WBGene00017736.,13,93,106
WBGene00017737.,10,13,23
WBGene00017738.,97,1244,1341
WBGene00017739.,8,32,40
WBGene00017741.,179,1099,1278
WBGene00017742.,142,1751,1893
WBGene00017743.,0,10,10
WBGene00017744.,119,1361,1480
WBGene00017745.,178,3031,3209
WBGene00017746.,269,829,1098
WBGene00017747.,7,164,171
WBGene00017748.,126,2036,2162
WBGene00017749.,99,2490,2589
WBGene00017750.,50,315,365
WBGene00017751.,51,381,432
WBGene00017752.,7,29,36
WBGene00017754.,40,266,306
WBGene00017755.,41,1988,2029
WBGene00017756.,230,3349,3579
WBGene00017757.,55,2906,2961
WBGene00017758.,137,1085,1222
WBGene00017759.,12,4860,4872
WBGene00017760.,223,3425,3648
WBGene00017761.,409,529,938
WBGene00017762.,474,805,1279
WBGene00017763.,258,2671,2929
WBGene00017764.,14,122,136
WBGene00017765.,526,19425,19951
WBGene00017766.,227,1288,1515
WBGene00017767.,46,843,889
WBGene00017768.,225,2443,2668
WBGene00017769.,118,2660,2778
WBGene00017770.,138,2358,2496
WBGene00017771.,80,890,970
WBGene00017772.,536,11593,12129
WBGene00017773.,177,3137,3314
WBGene00017774.,54,1009,1063
WBGene00017775.,541,7420,7961
WBGene00017776.,90,1849,1939
WBGene00017777.,34,5272,5306
WBGene00017778.,410,3019,3429
WBGene00017779.,79,593,672
WBGene00017780.,68,345,413
WBGene00017781.,488,2074,2562
WBGene00017782.,59,898,957
WBGene00017783.,16,114,130
WBGene00017784.,1,16,17
WBGene00017785.,0,138,138
WBGene00017786.,76,281,357
WBGene00017787.,8,203,211
WBGene00017788.,3,37,40
WBGene00017789.,163,3427,3590
WBGene00017790.,8,62,70
WBGene00017791.,0,2,2
WBGene00017792.,33,383,416
WBGene00017794.,38,195,233
WBGene00017795.,366,1221,1587
WBGene00017796.,0,259,259
WBGene00017797.,548,3444,3992
WBGene00017798.,97,876,973
WBGene00017799.,30,2205,2235
WBGene00017800.,74,1623,1697
WBGene00017801.,125,1394,1519
WBGene00017802.,1,31,32
WBGene00017803.,9,57,66
WBGene00017805.,68,113,181
WBGene00017806.,2,197,199
WBGene00017807.,13,28,41
WBGene00017808.,0,27,27
WBGene00017809.,2,1,3
WBGene00017810.,1,13,14
WBGene00017811.,170,2326,2496
WBGene00017813.,30,2058,2088
WBGene00017814.,97,468,565
WBGene00017815.,163,608,771
WBGene00017816.,54,3439,3493
WBGene00017817.,2,0,2
WBGene00017818.,237,867,1104
WBGene00017819.,8,7,15
WBGene00017821.,13,18,31
WBGene00017822.,4,16,20
WBGene00017823.,11,320,331
WBGene00017824.,27,11,38
WBGene00017825.,34,1850,1884
WBGene00017826.,154,1551,1705
WBGene00017827.,112,788,900
WBGene00017828.,58,1382,1440
WBGene00017829.,430,1939,2369
WBGene00017830.,35,6782,6817
WBGene00017831.,87,747,834
WBGene00017832.,45,1024,1069
WBGene00017833.,77,337,414
WBGene00017834.,566,10924,11490
WBGene00017835.,26,409,435
WBGene00017836.,37,430,467
WBGene00017837.,91,1250,1341
WBGene00017838.,392,2343,2735
WBGene00017839.,0,1,1
WBGene00017840.,117,708,825
WBGene00017841.,3,285,288
WBGene00017842.,141,1048,1189
WBGene00017843.,0,8,8
WBGene00017845.,3,3,6
WBGene00017848.,1,40,41
WBGene00017849.,44,353,397
WBGene00017850.,260,2157,2417
WBGene00017851.,1,5,6
WBGene00017852.,190,10204,10394
WBGene00017853.,2,5,7
WBGene00017854.,0,118,118
WBGene00017855.,745,7106,7851
WBGene00017858.,115,507,622
WBGene00017860.,47,22,69
WBGene00017861.,64,792,856
WBGene00017864.,294,15855,16149
WBGene00017865.,76,545,621
WBGene00017866.,632,2899,3531
WBGene00017867.,6,58,64
WBGene00017868.,12,52,64
WBGene00017869.,3,0,3
WBGene00017870.,0,1,1
WBGene00017871.,2,5,7
WBGene00017872.,0,1,1
WBGene00017873.,0,13,13
WBGene00017874.,430,9797,10227
WBGene00017875.,1,31,32
WBGene00017876.,0,0,0
WBGene00017877.,3,1,4
WBGene00017878.,0,1,1
WBGene00017879.,42,219,261
WBGene00017880.,86,2444,2530
WBGene00017881.,112,1204,1316
WBGene00017885.,721,3277,3998
WBGene00017886.,46,450,496
WBGene00017887.,46,2550,2596
WBGene00017888.,176,1126,1302
WBGene00017889.,98,3268,3366
WBGene00017890.,2,1,3
WBGene00017891.,356,1253,1609
WBGene00017892.,613,10948,11561
WBGene00017893.,37,625,662
WBGene00017894.,355,1520,1875
WBGene00017895.,42,1916,1958
WBGene00017896.,1,3,4
WBGene00017898.,165,597,762
WBGene00017899.,4,2,6
WBGene00017900.,626,4069,4695
WBGene00017901.,340,4347,4687
WBGene00017902.,10,15,25
WBGene00017904.,766,2163,2929
WBGene00017905.,253,3942,4195
WBGene00017906.,76,131,207
WBGene00017907.,494,790,1284
WBGene00017908.,0,32,32
WBGene00017909.,60,499,559
WBGene00017910.,3,12,15
WBGene00017911.,2,5,7
WBGene00017912.,6,4,10
WBGene00017913.,0,0,0
WBGene00017914.,33,861,894
WBGene00017916.,199,1460,1659
WBGene00017917.,1,2,3
WBGene00017918.,0,4,4
WBGene00017919.,52,725,777
WBGene00017920.,244,5415,5659
WBGene00017921.,138,3451,3589
WBGene00017922.,2,14,16
WBGene00017923.,33,1841,1874
WBGene00017924.,80,1985,2065
WBGene00017925.,2174,43212,45386
WBGene00017926.,1721,65206,66927
WBGene00017927.,0,5,5
WBGene00017928.,68,1913,1981
WBGene00017929.,1224,1870,3094
WBGene00017930.,0,18,18
WBGene00017931.,180,1338,1518
WBGene00017933.,0,6,6
WBGene00017934.,218,1935,2153
WBGene00017935.,0,2,2
WBGene00017936.,80,1072,1152
WBGene00017937.,36,2720,2756
WBGene00017938.,7,389,396
WBGene00017939.,115,447,562
WBGene00017941.,22,98,120
WBGene00017942.,0,2,2
WBGene00017944.,3,13,16
WBGene00017945.,21,255,276
WBGene00017947.,172,758,930
WBGene00017948.,62,989,1051
WBGene00017949.,35,170,205
WBGene00017950.,114,1583,1697
WBGene00017951.,60,1376,1436
WBGene00017952.,321,1098,1419
WBGene00017954.,23,1064,1087
WBGene00017955.,2,7,9
WBGene00017956.,4,4,8
WBGene00017957.,118,669,787
WBGene00017959.,16,85,101
WBGene00017960.,15,127,142
WBGene00017961.,53,382,435
WBGene00017962.,16,124,140
WBGene00017963.,8,7,15
WBGene00017964.,49,15479,15528
WBGene00017965.,52,259,311
WBGene00017967.,202,3837,4039
WBGene00017968.,124,1840,1964
WBGene00017969.,106,7465,7571
WBGene00017970.,261,16965,17226
WBGene00017971.,128,129,257
WBGene00017973.,323,1107,1430
WBGene00017974.,43,541,584
WBGene00017975.,2,16,18
WBGene00017976.,153,904,1057
WBGene00017977.,9,31,40
WBGene00017978.,0,74,74
WBGene00017979.,205,5389,5594
WBGene00017980.,446,3394,3840
WBGene00017981.,58,1196,1254
WBGene00017982.,2511,20865,23376
WBGene00017983.,407,770,1177
WBGene00017984.,58,30448,30506
WBGene00017985.,5,395,400
WBGene00017986.,12,137,149
WBGene00017987.,6,4,10
WBGene00017988.,28,5126,5154
WBGene00017989.,103,3224,3327
WBGene00017990.,60,2001,2061
WBGene00017991.,67,561,628
WBGene00017992.,71,604,675
WBGene00017993.,178,12323,12501
WBGene00017995.,352,3238,3590
WBGene00017996.,103,2335,2438
WBGene00017997.,602,5507,6109
WBGene00017998.,17,429,446
WBGene00017999.,44,17,61
WBGene00018000.,2,4,6
WBGene00018001.,5,2,7
WBGene00018002.,48,138,186
WBGene00018003.,1,9,10
WBGene00018004.,8,24,32
WBGene00018005.,146,1672,1818
WBGene00018006.,52,1076,1128
WBGene00018007.,29,2345,2374
WBGene00018008.,115,5646,5761
WBGene00018009.,70,1338,1408
WBGene00018010.,24,153,177
WBGene00018011.,54,704,758
WBGene00018013.,134,1201,1335
WBGene00018014.,101,553,654
WBGene00018015.,42,713,755
WBGene00018016.,33,375,408
WBGene00018017.,73,4282,4355
WBGene00018018.,94,3214,3308
WBGene00018019.,0,0,0
WBGene00018021.,0,4,4
WBGene00018022.,10,59,69
WBGene00018023.,48,267,315
WBGene00018024.,245,9245,9490
WBGene00018025.,102,3825,3927
WBGene00018026.,16,117,133
WBGene00018027.,12,9,21
WBGene00018030.,12,4,16
WBGene00018031.,3,278,281
WBGene00018033.,1058,4411,5469
WBGene00018034.,7,5,12
WBGene00018035.,7,337,344
WBGene00018036.,62,1368,1430
WBGene00018037.,87,427,514
WBGene00018038.,15,0,15
WBGene00018039.,2,7,9
WBGene00018040.,0,31,31
WBGene00018041.,13,214,227
WBGene00018042.,30,312,342
WBGene00018043.,70,739,809
WBGene00018044.,26,713,739
WBGene00018045.,4,3918,3922
WBGene00018046.,174,6523,6697
WBGene00018047.,9,14,23
WBGene00018048.,0,9,9
WBGene00018049.,3,7,10
WBGene00018050.,52,563,615
WBGene00018051.,309,2867,3176
WBGene00018052.,38,299,337
WBGene00018053.,2,11,13
WBGene00018054.,16,36,52
WBGene00018055.,0,21,21
WBGene00018056.,5,27,32
WBGene00018057.,1,6,7
WBGene00018058.,6,3,9
WBGene00018059.,8,5,13
WBGene00018060.,35,1015,1050
WBGene00018061.,63,798,861
WBGene00018062.,0,3,3
WBGene00018063.,0,2,2
WBGene00018064.,274,2946,3220
WBGene00018065.,1,51,52
WBGene00018066.,0,109,109
WBGene00018067.,37,561,598
WBGene00018068.,3,739,742
WBGene00018069.,109,1057,1166
WBGene00018070.,13,223,236
WBGene00018071.,11,768,779
WBGene00018072.,94,889,983
WBGene00018073.,55,2566,2621
WBGene00018074.,109,899,1008
WBGene00018075.,340,1657,1997
WBGene00018076.,62,556,618
WBGene00018077.,11,364,375
WBGene00018078.,21,917,938
WBGene00018080.,1,9,10
WBGene00018081.,3,15,18
WBGene00018082.,1,3,4
WBGene00018083.,5,10,15
WBGene00018084.,43,10,53
WBGene00018085.,8,908,916
WBGene00018087.,42,113,155
WBGene00018088.,149,875,1024
WBGene00018089.,201,396,597
WBGene00018090.,204,2966,3170
WBGene00018091.,3,5,8
WBGene00018092.,2,11,13
WBGene00018093.,4,5,9
WBGene00018094.,45,2,47
WBGene00018096.,1,2,3
WBGene00018097.,1,0,1
WBGene00018098.,1,0,1
WBGene00018099.,10,128,138
WBGene00018100.,60,448,508
WBGene00018101.,50,179,229
WBGene00018102.,2,6,8
WBGene00018103.,0,3,3
WBGene00018104.,0,20,20
WBGene00018105.,0,1,1
WBGene00018106.,0,1,1
WBGene00018107.,1,0,1
WBGene00018108.,0,0,0
WBGene00018109.,0,0,0
WBGene00018110.,12,22,34
WBGene00018111.,20,70,90
WBGene00018112.,46,515,561
WBGene00018113.,20,175,195
WBGene00018114.,82,113,195
WBGene00018115.,37,663,700
WBGene00018117.,93,3898,3991
WBGene00018118.,8,118,126
WBGene00018119.,4,12,16
WBGene00018120.,2,1,3
WBGene00018121.,3,66,69
WBGene00018122.,0,0,0
WBGene00018123.,0,0,0
WBGene00018124.,0,0,0
WBGene00018125.,0,0,0
WBGene00018127.,3,0,3
WBGene00018130.,15,1,16
WBGene00018131.,189,2503,2692
WBGene00018132.,112,3576,3688
WBGene00018133.,23,366,389
WBGene00018134.,7,25,32
WBGene00018135.,1,12,13
WBGene00018136.,10,344,354
WBGene00018137.,13,596,609
WBGene00018138.,435,10131,10566
WBGene00018139.,7,3,10
WBGene00018140.,65,847,912
WBGene00018141.,4,1,5
WBGene00018142.,7,101,108
WBGene00018143.,9,22,31
WBGene00018144.,128,1013,1141
WBGene00018145.,657,14148,14805
WBGene00018146.,94,1664,1758
WBGene00018148.,58,42,100
WBGene00018149.,253,1989,2242
WBGene00018150.,78,1075,1153
WBGene00018151.,821,9013,9834
WBGene00018152.,62,5674,5736
WBGene00018153.,33,983,1016
WBGene00018154.,165,2410,2575
WBGene00018155.,12,38,50
WBGene00018156.,304,5426,5730
WBGene00018157.,16,104,120
WBGene00018158.,4,24,28
WBGene00018159.,571,4434,5005
WBGene00018160.,44,1993,2037
WBGene00018161.,76,3274,3350
WBGene00018162.,0,0,0
WBGene00018163.,5,1,6
WBGene00018164.,2,3770,3772
WBGene00018165.,5,20,25
WBGene00018166.,59,970,1029
WBGene00018167.,19,565,584
WBGene00018168.,35,2,37
WBGene00018169.,0,4,4
WBGene00018170.,2,646,648
WBGene00018172.,60,206,266
WBGene00018173.,62,346,408
WBGene00018174.,43,509,552
WBGene00018175.,163,615,778
WBGene00018176.,16,152,168
WBGene00018178.,8,4,12
WBGene00018179.,7,47,54
WBGene00018180.,93,49,142
WBGene00018181.,51,3501,3552
WBGene00018182.,20,53,73
WBGene00018184.,15,391,406
WBGene00018186.,0,18,18
WBGene00018187.,4019,12476,16495
WBGene00018188.,160,1218,1378
WBGene00018189.,8,31,39
WBGene00018190.,5,10,15
WBGene00018191.,232,290,522
WBGene00018192.,0,0,0
WBGene00018193.,155,6915,7070
WBGene00018194.,20,1770,1790
WBGene00018195.,8,479,487
WBGene00018196.,12,5,17
WBGene00018198.,95,92,187
WBGene00018199.,39,1053,1092
WBGene00018200.,12,450,462
WBGene00018201.,2,128,130
WBGene00018202.,0,5,5
WBGene00018203.,1,24,25
WBGene00018204.,47,487,534
WBGene00018205.,0,0,0
WBGene00018206.,83,1539,1622
WBGene00018207.,12,94,106
WBGene00018208.,72,2405,2477
WBGene00018209.,10,14,24
WBGene00018210.,24,2056,2080
WBGene00018211.,18,14,32
WBGene00018212.,58,522,580
WBGene00018213.,55,434,489
WBGene00018214.,325,4798,5123
WBGene00018215.,100,935,1035
WBGene00018216.,289,1741,2030
WBGene00018217.,943,2348,3291
WBGene00018218.,45,7904,7949
WBGene00018219.,95,1420,1515
WBGene00018221.,680,9901,10581
WBGene00018222.,86,408,494
WBGene00018223.,10,67,77
WBGene00018224.,23,19,42
WBGene00018225.,3,8,11
WBGene00018226.,273,1497,1770
WBGene00018227.,28,59,87
WBGene00018228.,0,5,5
WBGene00018229.,2,334,336
WBGene00018230.,15,1834,1849
WBGene00018231.,2,1,3
WBGene00018232.,278,114,392
WBGene00018233.,0,12,12
WBGene00018234.,3,13,16
WBGene00018235.,1,7,8
WBGene00018236.,0,25,25
WBGene00018237.,931,19156,20087
WBGene00018238.,124,2565,2689
WBGene00018239.,45,894,939
WBGene00018240.,351,1927,2278
WBGene00018241.,20,356,376
WBGene00018242.,0,4,4
WBGene00018243.,0,0,0
WBGene00018244.,3,2,5
WBGene00018245.,1,2,3
WBGene00018246.,2,2,4
WBGene00018247.,0,1,1
WBGene00018248.,4,5,9
WBGene00018249.,366,5979,6345
WBGene00018250.,111,1882,1993
WBGene00018251.,60,407,467
WBGene00018252.,13,207,220
WBGene00018253.,17,49,66
WBGene00018254.,4,10,14
WBGene00018255.,75,66,141
WBGene00018256.,6,67,73
WBGene00018257.,139,3634,3773
WBGene00018258.,161,1973,2134
WBGene00018259.,215,1742,1957
WBGene00018260.,72,539,611
WBGene00018261.,84,466,550
WBGene00018262.,24,180,204
WBGene00018264.,2,29,31
WBGene00018265.,224,1741,1965
WBGene00018266.,70,2201,2271
WBGene00018267.,0,12,12
WBGene00018268.,19,787,806
WBGene00018269.,155,1552,1707
WBGene00018270.,43,2278,2321
WBGene00018271.,228,89751,89979
WBGene00018273.,338,573,911
WBGene00018274.,280,1399,1679
WBGene00018275.,82,427,509
WBGene00018278.,0,3,3
WBGene00018279.,0,57,57
WBGene00018280.,18,103,121
WBGene00018281.,93,985,1078
WBGene00018282.,60,1493,1553
WBGene00018283.,20,192,212
WBGene00018284.,2,6,8
WBGene00018285.,1051,9806,10857
WBGene00018286.,116,729,845
WBGene00018288.,41,1317,1358
WBGene00018289.,6,11,17
WBGene00018290.,246,8652,8898
WBGene00018291.,9,8,17
WBGene00018292.,1,156,157
WBGene00018293.,99,765,864
WBGene00018294.,78,3543,3621
WBGene00018295.,20,110,130
WBGene00018296.,0,8,8
WBGene00018297.,0,9651,9651
WBGene00018298.,284,8179,8463
WBGene00018300.,42,681,723
WBGene00018301.,15,58,73
WBGene00018302.,15,496,511
WBGene00018303.,346,8266,8612
WBGene00018304.,433,2853,3286
WBGene00018305.,305,4977,5282
WBGene00018307.,40,322,362
WBGene00018309.,12,77,89
WBGene00018310.,8,208,216
WBGene00018311.,68,1359,1427
WBGene00018312.,11,16,27
WBGene00018313.,20,58,78
WBGene00018314.,5,78,83
WBGene00018315.,10,41,51
WBGene00018316.,66,2234,2300
WBGene00018317.,106,2606,2712
WBGene00018318.,4,908,912
WBGene00018319.,469,2474,2943
WBGene00018321.,13,589,602
WBGene00018322.,0,2,2
WBGene00018323.,23,0,23
WBGene00018324.,0,1,1
WBGene00018325.,18,0,18
WBGene00018326.,1,20,21
WBGene00018327.,2,16,18
WBGene00018328.,180,828,1008
WBGene00018329.,5,10,15
WBGene00018330.,99,1628,1727
WBGene00018332.,6,4,10
WBGene00018333.,2,214,216
WBGene00018334.,118,1225,1343
WBGene00018335.,167,1790,1957
WBGene00018336.,0,0,0
WBGene00018337.,69,748,817
WBGene00018338.,3,152,155
WBGene00018339.,54,7689,7743
WBGene00018340.,155,5947,6102
WBGene00018341.,410,7712,8122
WBGene00018342.,737,9148,9885
WBGene00018343.,62,4337,4399
WBGene00018344.,114,716,830
WBGene00018345.,37,67,104
WBGene00018346.,65,574,639
WBGene00018347.,20,60,80
WBGene00018348.,48,370,418
WBGene00018349.,160,7222,7382
WBGene00018350.,157,5582,5739
WBGene00018351.,19,682,701
WBGene00018352.,2,64,66
WBGene00018353.,8,27,35
WBGene00018354.,8,45,53
WBGene00018355.,21,127,148
WBGene00018356.,250,2776,3026
WBGene00018357.,60,1661,1721
WBGene00018358.,3,31,34
WBGene00018359.,8,2,10
WBGene00018360.,7,28,35
WBGene00018361.,2104,24689,26793
WBGene00018362.,40,10049,10089
WBGene00018363.,74,972,1046
WBGene00018364.,123,420,543
WBGene00018365.,14,339,353
WBGene00018366.,52,1148,1200
WBGene00018367.,213,1809,2022
WBGene00018369.,181,1206,1387
WBGene00018370.,512,6464,6976
WBGene00018371.,34,1086,1120
WBGene00018373.,552,2562,3114
WBGene00018374.,323,2038,2361
WBGene00018375.,103,1318,1421
WBGene00018376.,712,7914,8626
WBGene00018377.,11,45,56
WBGene00018378.,1,0,1
WBGene00018379.,1,0,1
WBGene00018380.,1,200,201
WBGene00018381.,33,1,34
WBGene00018382.,0,3,3
WBGene00018383.,3,243,246
WBGene00018384.,24,304,328
WBGene00018385.,7,43,50
WBGene00018386.,46,477,523
WBGene00018387.,6,16,22
WBGene00018388.,1278,0,1278
WBGene00018389.,4,0,4
WBGene00018390.,37,755,792
WBGene00018391.,56,4965,5021
WBGene00018392.,141,1102,1243
WBGene00018393.,25,6005,6030
WBGene00018394.,15,83,98
WBGene00018395.,137,20535,20672
WBGene00018397.,7,18,25
WBGene00018398.,600,5664,6264
WBGene00018399.,44,765,809
WBGene00018400.,231,2822,3053
WBGene00018402.,37,820,857
WBGene00018403.,53,325,378
WBGene00018404.,5,34,39
WBGene00018405.,570,4531,5101
WBGene00018406.,11,20,31
WBGene00018407.,590,5027,5617
WBGene00018408.,253,1443,1696
WBGene00018409.,49,2394,2443
WBGene00018410.,13,18,31
WBGene00018411.,26,137,163
WBGene00018412.,12,37,49
WBGene00018413.,24,369,393
WBGene00018414.,16,32,48
WBGene00018415.,11,641,652
WBGene00018417.,357,2785,3142
WBGene00018418.,10,843,853
WBGene00018419.,164,1397,1561
WBGene00018420.,322,2853,3175
WBGene00018421.,24,2059,2083
WBGene00018422.,36,3928,3964
WBGene00018423.,91,624,715
WBGene00018424.,107,4195,4302
WBGene00018425.,10,45,55
WBGene00018426.,139,9137,9276
WBGene00018427.,17,3239,3256
WBGene00018428.,5,16,21
WBGene00018429.,11,93,104
WBGene00018430.,75,612,687
WBGene00018431.,23,4465,4488
WBGene00018432.,10,20,30
WBGene00018433.,2,3,5
WBGene00018434.,1,7,8
WBGene00018435.,2,283,285
WBGene00018436.,0,2,2
WBGene00018437.,1,3,4
WBGene00018438.,0,3,3
WBGene00018439.,0,0,0
WBGene00018440.,4,0,4
WBGene00018441.,0,1,1
WBGene00018442.,11,1,12
WBGene00018443.,0,0,0
WBGene00018444.,0,1,1
WBGene00018445.,0,11,11
WBGene00018446.,10,62,72
WBGene00018447.,9,15,24
WBGene00018448.,52,3081,3133
WBGene00018449.,0,0,0
WBGene00018450.,0,0,0
WBGene00018451.,0,0,0
WBGene00018452.,0,1,1
WBGene00018454.,0,3,3
WBGene00018455.,1,8,9
WBGene00018456.,9,29,38
WBGene00018457.,0,0,0
WBGene00018458.,0,1,1
WBGene00018459.,0,51,51
WBGene00018460.,0,0,0
WBGene00018461.,0,0,0
WBGene00018462.,48,1199,1247
WBGene00018463.,0,0,0
WBGene00018465.,95,589,684
WBGene00018466.,65,565,630
WBGene00018467.,278,2000,2278
WBGene00018468.,1414,11789,13203
WBGene00018470.,231,1541,1772
WBGene00018471.,8,36,44
WBGene00018472.,148,717,865
WBGene00018473.,42,385,427
WBGene00018474.,76,1296,1372
WBGene00018475.,382,12663,13045
WBGene00018476.,20,279,299
WBGene00018477.,3,15,18
WBGene00018478.,16,132,148
WBGene00018479.,5,49,54
WBGene00018480.,5,86,91
WBGene00018481.,199,1971,2170
WBGene00018482.,283,4101,4384
WBGene00018483.,26,453,479
WBGene00018484.,35,140,175
WBGene00018485.,767,2225,2992
WBGene00018486.,17,249,266
WBGene00018487.,38,256,294
WBGene00018488.,205,4982,5187
WBGene00018489.,0,3,3
WBGene00018490.,2,1,3
WBGene00018491.,348,42925,43273
WBGene00018492.,253,3566,3819
WBGene00018493.,1,1,2
WBGene00018494.,0,3,3
WBGene00018495.,0,0,0
WBGene00018496.,0,2,2
WBGene00018497.,0,2,2
WBGene00018498.,2,2,4
WBGene00018499.,0,37,37
WBGene00018500.,0,0,0
WBGene00018501.,0,2,2
WBGene00018502.,5,1,6
WBGene00018503.,0,1,1
WBGene00018504.,1,1,2
WBGene00018505.,1,0,1
WBGene00018506.,0,1,1
WBGene00018507.,0,1,1
WBGene00018508.,1106,7004,8110
WBGene00018509.,271,3736,4007
WBGene00018510.,52,208,260
WBGene00018511.,88,890,978
WBGene00018512.,208,2471,2679
WBGene00018513.,2,430,432
WBGene00018514.,89,945,1034
WBGene00018515.,8,115,123
WBGene00018516.,30,1311,1341
WBGene00018517.,205,1464,1669
WBGene00018518.,42,2864,2906
WBGene00018519.,1518,263029,264547
WBGene00018520.,222,2294,2516
WBGene00018521.,3,197,200
WBGene00018522.,290,4833,5123
WBGene00018523.,112,715,827
WBGene00018525.,0,0,0
WBGene00018526.,0,0,0
WBGene00018527.,0,0,0
WBGene00018528.,1,5,6
WBGene00018529.,2,0,2
WBGene00018530.,0,0,0
WBGene00018531.,3,5,8
WBGene00018532.,1836,30793,32629
WBGene00018533.,231,2624,2855
WBGene00018534.,9,25,34
WBGene00018535.,4,22,26
WBGene00018536.,3,4,7
WBGene00018537.,1,14,15
WBGene00018538.,702,11974,12676
WBGene00018539.,29,52,81
WBGene00018540.,28,149,177
WBGene00018541.,28,272,300
WBGene00018542.,4,59,63
WBGene00018543.,31,160,191
WBGene00018544.,15,99,114
WBGene00018545.,6,49,55
WBGene00018547.,168,415,583
WBGene00018548.,1,11,12
WBGene00018549.,0,5,5
WBGene00018550.,1,7,8
WBGene00018551.,21,22,43
WBGene00018552.,34,91,125
WBGene00018553.,3,3,6
WBGene00018554.,7,6,13
WBGene00018555.,4,0,4
WBGene00018556.,2,0,2
WBGene00018557.,2,3,5
WBGene00018558.,25,103,128
WBGene00018559.,1,0,1
WBGene00018560.,50,823,873
WBGene00018561.,19,105,124
WBGene00018562.,160,1664,1824
WBGene00018563.,10,9,19
WBGene00018564.,821,4344,5165
WBGene00018565.,39,843,882
WBGene00018566.,21,148,169
WBGene00018567.,2,0,2
WBGene00018568.,5,39,44
WBGene00018569.,245,999,1244
WBGene00018571.,23,81,104
WBGene00018572.,785,2041,2826
WBGene00018573.,9,8,17
WBGene00018575.,2,5,7
WBGene00018576.,70,470,540
WBGene00018577.,17,144,161
WBGene00018578.,15,438,453
WBGene00018579.,449,3276,3725
WBGene00018580.,8,10,18
WBGene00018582.,1389,2460,3849
WBGene00018585.,72,591,663
WBGene00018586.,130,923,1053
WBGene00018587.,40,142,182
WBGene00018589.,472,39,511
WBGene00018590.,14,4366,4380
WBGene00018591.,8,68,76
WBGene00018593.,41,1122,1163
WBGene00018594.,50,774,824
WBGene00018595.,9,344,353
WBGene00018596.,16,11,27
WBGene00018598.,17,248,265
WBGene00018599.,96,3684,3780
WBGene00018600.,16,30,46
WBGene00018601.,0,2,2
WBGene00018602.,246,16835,17081
WBGene00018603.,48,192,240
WBGene00018604.,106,5028,5134
WBGene00018605.,8,20,28
WBGene00018606.,1,94,95
WBGene00018607.,261,1217,1478
WBGene00018608.,94,275,369
WBGene00018609.,201,2923,3124
WBGene00018610.,21,1934,1955
WBGene00018611.,191,1170,1361
WBGene00018612.,63,1648,1711
WBGene00018613.,11,820,831
WBGene00018614.,1,101,102
WBGene00018615.,22,364,386
WBGene00018616.,0,96,96
WBGene00018617.,6,1,7
WBGene00018618.,1,3,4
WBGene00018619.,1,11,12
WBGene00018620.,2,11,13
WBGene00018621.,1,438,439
WBGene00018622.,45,691,736
WBGene00018623.,10,52,62
WBGene00018624.,18,108,126
WBGene00018625.,51,2389,2440
WBGene00018626.,12,92,104
WBGene00018627.,3,2,5
WBGene00018628.,32,3,35
WBGene00018630.,20,81,101
WBGene00018631.,2,2,4
WBGene00018632.,16,734,750
WBGene00018634.,246,2404,2650
WBGene00018635.,60,1119,1179
WBGene00018636.,125,1212,1337
WBGene00018637.,67,1504,1571
WBGene00018638.,23,1269,1292
WBGene00018639.,130,931,1061
WBGene00018640.,26,920,946
WBGene00018641.,28,532,560
WBGene00018643.,11,88,99
WBGene00018644.,0,0,0
WBGene00018645.,67,1255,1322
WBGene00018646.,116,855,971
WBGene00018647.,5,45,50
WBGene00018648.,18,41,59
WBGene00018649.,0,3,3
WBGene00018650.,1,12,13
WBGene00018651.,0,0,0
WBGene00018652.,2,3,5
WBGene00018653.,10,39,49
WBGene00018654.,33,560,593
WBGene00018655.,50,470,520
WBGene00018656.,288,5314,5602
WBGene00018657.,311,3257,3568
WBGene00018658.,12,19,31
WBGene00018659.,3,277,280
WBGene00018660.,1,57,58
WBGene00018661.,0,34,34
WBGene00018662.,0,0,0
WBGene00018663.,0,2,2
WBGene00018664.,8,43,51
WBGene00018665.,13,134,147
WBGene00018666.,6,61,67
WBGene00018667.,18,282,300
WBGene00018668.,5,175,180
WBGene00018669.,15,141,156
WBGene00018670.,0,5,5
WBGene00018671.,14,10,24
WBGene00018672.,172,1104,1276
WBGene00018674.,271,2983,3254
WBGene00018675.,57,239,296
WBGene00018678.,120,971,1091
WBGene00018679.,357,2675,3032
WBGene00018680.,97,235,332
WBGene00018681.,716,2283,2999
WBGene00018682.,35,926,961
WBGene00018683.,31,263,294
WBGene00018684.,0,0,0
WBGene00018687.,3,57,60
WBGene00018688.,0,32,32
WBGene00018689.,35,204,239
WBGene00018690.,15,27,42
WBGene00018691.,3,12,15
WBGene00018692.,64,3129,3193
WBGene00018693.,37,11,48
WBGene00018694.,21,40,61
WBGene00018696.,107,752,859
WBGene00018697.,64,962,1026
WBGene00018698.,17,300,317
WBGene00018699.,0,0,0
WBGene00018700.,2218,8423,10641
WBGene00018701.,394,26337,26731
WBGene00018702.,12,2323,2335
WBGene00018703.,52,1086,1138
WBGene00018704.,52,1168,1220
WBGene00018706.,11,383,394
WBGene00018707.,44,735,779
WBGene00018708.,12,92,104
WBGene00018709.,1,18,19
WBGene00018710.,790,8345,9135
WBGene00018711.,110,239,349
WBGene00018712.,68,129,197
WBGene00018713.,41,152,193
WBGene00018714.,49,1022,1071
WBGene00018715.,51,772,823
WBGene00018716.,164,505,669
WBGene00018717.,31,843,874
WBGene00018718.,49,504,553
WBGene00018719.,161,1399,1560
WBGene00018720.,249,2610,2859
WBGene00018721.,130,727,857
WBGene00018723.,106,462,568
WBGene00018724.,0,3199,3199
WBGene00018725.,0,31674,31674
WBGene00018726.,11,93,104
WBGene00018727.,67,363,430
WBGene00018728.,45,53,98
WBGene00018729.,0,5291,5291
WBGene00018730.,0,8193,8193
WBGene00018731.,0,8881,8881
WBGene00018732.,0,5292,5292
WBGene00018734.,1552,2872,4424
WBGene00018735.,17,473,490
WBGene00018736.,4,324,328
WBGene00018738.,53,229,282
WBGene00018739.,222,1260,1482
WBGene00018740.,281,1601,1882
WBGene00018741.,111,267,378
WBGene00018742.,53,486,539
WBGene00018743.,155,1679,1834
WBGene00018744.,1,1757,1758
WBGene00018745.,13,32,45
WBGene00018746.,8,49,57
WBGene00018747.,54,384,438
WBGene00018748.,38,625,663
WBGene00018749.,0,0,0
WBGene00018750.,364,1577,1941
WBGene00018751.,1,5,6
WBGene00018752.,8,40,48
WBGene00018754.,6,64,70
WBGene00018755.,139,1342,1481
WBGene00018756.,709,4962,5671
WBGene00018757.,166,1970,2136
WBGene00018758.,152,2073,2225
WBGene00018759.,0,0,0
WBGene00018760.,606,1909,2515
WBGene00018761.,609,48,657
WBGene00018762.,224,4725,4949
WBGene00018763.,63,3368,3431
WBGene00018764.,16,14131,14147
WBGene00018765.,1208,7440,8648
WBGene00018766.,127,163,290
WBGene00018767.,2,14,16
WBGene00018768.,2,0,2
WBGene00018769.,87,4035,4122
WBGene00018771.,10,21,31
WBGene00018772.,86,221,307
WBGene00018773.,19,36,55
WBGene00018774.,128,295,423
WBGene00018776.,531,5567,6098
WBGene00018777.,241,888,1129
WBGene00018778.,818,9106,9924
WBGene00018779.,68,1659,1727
WBGene00018781.,277,1078,1355
WBGene00018782.,910,9386,10296
WBGene00018783.,8,60,68
WBGene00018784.,364,10085,10449
WBGene00018785.,255,1965,2220
WBGene00018786.,9,437,446
WBGene00018787.,87,2011,2098
WBGene00018788.,320,822,1142
WBGene00018789.,68,510,578
WBGene00018791.,42,224,266
WBGene00018792.,10,14,24
WBGene00018793.,579,4027,4606
WBGene00018794.,345,662,1007
WBGene00018795.,80,1263,1343
WBGene00018797.,275,2297,2572
WBGene00018798.,49,234,283
WBGene00018802.,115,4275,4390
WBGene00018803.,91,5272,5363
WBGene00018804.,26,852,878
WBGene00018805.,10,40,50
WBGene00018806.,2,269,271
WBGene00018807.,17,159,176
WBGene00018808.,0,0,0
WBGene00018809.,2,42,44
WBGene00018810.,3,1,4
WBGene00018811.,1715,25547,27262
WBGene00018812.,284,2284,2568
WBGene00018813.,2,15,17
WBGene00018814.,36,1070,1106
WBGene00018815.,3,8,11
WBGene00018816.,4,7,11
WBGene00018819.,338,2810,3148
WBGene00018820.,11,0,11
WBGene00018821.,4,7,11
WBGene00018822.,1,1,2
WBGene00018823.,63,6423,6486
WBGene00018824.,2,28,30
WBGene00018825.,9,65,74
WBGene00018826.,2,3,5
WBGene00018827.,44,1204,1248
WBGene00018828.,1,139,140
WBGene00018829.,8,22,30
WBGene00018830.,65,1240,1305
WBGene00018831.,58,1127,1185
WBGene00018833.,296,964,1260
WBGene00018834.,0,8,8
WBGene00018835.,75,696,771
WBGene00018836.,76,949,1025
WBGene00018837.,2004,2738,4742
WBGene00018838.,0,0,0
WBGene00018839.,2,236,238
WBGene00018840.,10,16,26
WBGene00018841.,1,0,1
WBGene00018842.,0,14,14
WBGene00018844.,0,11,11
WBGene00018845.,18,218,236
WBGene00018846.,25458,366999,392457
WBGene00018847.,203,2478,2681
WBGene00018848.,81,944,1025
WBGene00018849.,53,7877,7930
WBGene00018850.,59,151,210
WBGene00018851.,7,7,14
WBGene00018852.,12,124,136
WBGene00018853.,88,2205,2293
WBGene00018854.,140,2920,3060
WBGene00018855.,18,324,342
WBGene00018856.,41,44,85
WBGene00018857.,212,3121,3333
WBGene00018859.,158,1563,1721
WBGene00018860.,225,950,1175
WBGene00018861.,71,299,370
WBGene00018862.,30,594,624
WBGene00018863.,6,875,881
WBGene00018864.,233,1960,2193
WBGene00018865.,5,3,8
WBGene00018866.,268,4930,5198
WBGene00018867.,30,219,249
WBGene00018868.,55,50,105
WBGene00018869.,552,7174,7726
WBGene00018870.,4,59,63
WBGene00018871.,11,1036,1047
WBGene00018872.,491,3791,4282
WBGene00018873.,8,43,51
WBGene00018874.,665,1076,1741
WBGene00018875.,0,0,0
WBGene00018877.,122,1304,1426
WBGene00018878.,7,1007,1014
WBGene00018879.,104,654,758
WBGene00018880.,48,96,144
WBGene00018881.,0,31,31
WBGene00018882.,0,8,8
WBGene00018883.,0,20,20
WBGene00018884.,28,19,47
WBGene00018885.,97,1867,1964
WBGene00018886.,7,1170,1177
WBGene00018888.,1,4,5
WBGene00018890.,311,4706,5017
WBGene00018891.,245,5141,5386
WBGene00018892.,59,4363,4422
WBGene00018893.,477,6823,7300
WBGene00018894.,6,1426,1432
WBGene00018895.,8,7,15
WBGene00018896.,10,52,62
WBGene00018897.,56,1070,1126
WBGene00018898.,636,14218,14854
WBGene00018899.,21,346,367
WBGene00018900.,62,1850,1912
WBGene00018901.,1,62,63
WBGene00018902.,9,537,546
WBGene00018903.,6,137,143
WBGene00018904.,14,1904,1918
WBGene00018906.,52,254,306
WBGene00018907.,94,501,595
WBGene00018908.,41,388,429
WBGene00018909.,114,578,692
WBGene00018910.,0,0,0
WBGene00018911.,0,1,1
WBGene00018912.,0,0,0
WBGene00018913.,0,0,0
WBGene00018914.,0,0,0
WBGene00018915.,0,0,0
WBGene00018917.,0,0,0
WBGene00018918.,0,0,0
WBGene00018919.,0,0,0
WBGene00018920.,0,0,0
WBGene00018921.,1,144,145
WBGene00018923.,250,791,1041
WBGene00018924.,79,247,326
WBGene00018925.,17,1647,1664
WBGene00018926.,2,1,3
WBGene00018928.,59,415,474
WBGene00018929.,4,13,17
WBGene00018930.,2,14,16
WBGene00018931.,25,117,142
WBGene00018932.,160,4608,4768
WBGene00018933.,2,7,9
WBGene00018934.,35,5100,5135
WBGene00018935.,4,1681,1685
WBGene00018937.,106,1083,1189
WBGene00018938.,0,0,0
WBGene00018939.,4,367,371
WBGene00018940.,0,2,2
WBGene00018941.,0,20,20
WBGene00018942.,0,2,2
WBGene00018943.,0,3,3
WBGene00018944.,3,3,6
WBGene00018945.,16,263,279
WBGene00018946.,19,98,117
WBGene00018948.,13,222,235
WBGene00018949.,3,13,16
WBGene00018950.,54,555,609
WBGene00018951.,197,8885,9082
WBGene00018952.,252,1894,2146
WBGene00018953.,799,7259,8058
WBGene00018954.,114,681,795
WBGene00018955.,36,1491,1527
WBGene00018957.,61,1001,1062
WBGene00018958.,145,1076,1221
WBGene00018959.,41,1277,1318
WBGene00018960.,33,1443,1476
WBGene00018961.,280,3753,4033
WBGene00018963.,1357,25592,26949
WBGene00018964.,33,476,509
WBGene00018965.,105,2322,2427
WBGene00018966.,37,398,435
WBGene00018967.,113,3496,3609
WBGene00018968.,16,108,124
WBGene00018969.,34,1599,1633
WBGene00018970.,1,4,5
WBGene00018971.,212,2125,2337
WBGene00018972.,7,15,22
WBGene00018973.,4,15,19
WBGene00018974.,323,1818,2141
WBGene00018975.,614,2532,3146
WBGene00018976.,402,324,726
WBGene00018978.,0,0,0
WBGene00018979.,1,2,3
WBGene00018980.,2,1,3
WBGene00018981.,0,8,8
WBGene00018982.,1,0,1
WBGene00018984.,387,5185,5572
WBGene00018985.,160,1898,2058
WBGene00018986.,80,1045,1125
WBGene00018987.,173,1303,1476
WBGene00018988.,14,297,311
WBGene00018989.,30,638,668
WBGene00018990.,106,732,838
WBGene00018991.,54,338,392
WBGene00018992.,137,396,533
WBGene00018993.,3,6,9
WBGene00018994.,7,1,8
WBGene00018995.,116,1169,1285
WBGene00018996.,67,2530,2597
WBGene00018997.,9,70,79
WBGene00018998.,121,2159,2280
WBGene00018999.,4,24,28
WBGene00019001.,562,19675,20237
WBGene00019002.,72,526,598
WBGene00019003.,93,5559,5652
WBGene00019004.,61,1641,1702
WBGene00019005.,234,2754,2988
WBGene00019006.,154,1853,2007
WBGene00019007.,3047,7622,10669
WBGene00019008.,30,1271,1301
WBGene00019009.,62,431,493
WBGene00019010.,271,27,298
WBGene00019011.,218,1784,2002
WBGene00019012.,55,325,380
WBGene00019013.,12,284,296
WBGene00019014.,23,252,275
WBGene00019015.,0,10,10
WBGene00019016.,0,19,19
WBGene00019017.,270,38087,38357
WBGene00019018.,1098,3172,4270
WBGene00019019.,280,116,396
WBGene00019020.,0,224,224
WBGene00019021.,4,160,164
WBGene00019022.,493,1540,2033
WBGene00019023.,44,428,472
WBGene00019024.,2,12,14
WBGene00019025.,57,464,521
WBGene00019026.,0,2,2
WBGene00019027.,0,11,11
WBGene00019028.,5,20,25
WBGene00019029.,37,106,143
WBGene00019030.,100,528,628
WBGene00019032.,22,137,159
WBGene00019034.,2,1,3
WBGene00019035.,0,5,5
WBGene00019036.,8,4,12
WBGene00019037.,0,2,2
WBGene00019038.,5,17,22
WBGene00019039.,0,1,1
WBGene00019040.,0,0,0
WBGene00019041.,0,3,3
WBGene00019042.,0,1,1
WBGene00019043.,1,2,3
WBGene00019044.,1,0,1
WBGene00019045.,0,0,0
WBGene00019046.,4,10,14
WBGene00019047.,3,208,211
WBGene00019048.,25,466,491
WBGene00019049.,10,44,54
WBGene00019050.,0,0,0
WBGene00019051.,1,9,10
WBGene00019053.,0,2,2
WBGene00019054.,3,2,5
WBGene00019055.,99,1308,1407
WBGene00019057.,102,820,922
WBGene00019058.,43,296,339
WBGene00019059.,15,63,78
WBGene00019060.,247,1829,2076
WBGene00019061.,4033,72728,76761
WBGene00019062.,3,1,4
WBGene00019063.,1,9,10
WBGene00019064.,430,18512,18942
WBGene00019065.,0,1,1
WBGene00019066.,0,1,1
WBGene00019067.,38,253,291
WBGene00019068.,23,1091,1114
WBGene00019069.,243,617,860
WBGene00019070.,0,26,26
WBGene00019072.,0,0,0
WBGene00019073.,0,0,0
WBGene00019074.,332,2679,3011
WBGene00019075.,29,744,773
WBGene00019076.,103,2633,2736
WBGene00019077.,38,1735,1773
WBGene00019079.,213,3731,3944
WBGene00019080.,22,52,74
WBGene00019081.,24,7,31
WBGene00019082.,33,246,279
WBGene00019084.,7,30,37
WBGene00019085.,1,4,5
WBGene00019086.,3,5,8
WBGene00019087.,18,1991,2009
WBGene00019089.,41,102,143
WBGene00019090.,326,4072,4398
WBGene00019091.,12,32,44
WBGene00019092.,451,6438,6889
WBGene00019094.,5,10,15
WBGene00019095.,18,286,304
WBGene00019096.,1,5,6
WBGene00019097.,454,16508,16962
WBGene00019098.,4,23,27
WBGene00019099.,5,3,8
WBGene00019100.,150,970,1120
WBGene00019101.,20,196,216
WBGene00019102.,514,3716,4230
WBGene00019103.,52,222,274
WBGene00019104.,2,51,53
WBGene00019105.,22,2409,2431
WBGene00019106.,16,50,66
WBGene00019107.,6,40,46
WBGene00019108.,14,713,727
WBGene00019109.,198,1028,1226
WBGene00019111.,59,639,698
WBGene00019112.,18,27,45
WBGene00019113.,32,960,992
WBGene00019114.,33,411,444
WBGene00019115.,66,427,493
WBGene00019116.,57,1333,1390
WBGene00019117.,146,650,796
WBGene00019118.,17,2004,2021
WBGene00019119.,1,7,8
WBGene00019120.,49,1732,1781
WBGene00019121.,13,1980,1993
WBGene00019122.,160,19,179
WBGene00019123.,2,2,4
WBGene00019124.,212,4362,4574
WBGene00019125.,26,422,448
WBGene00019126.,12,63,75
WBGene00019127.,353,4371,4724
WBGene00019128.,220,726,946
WBGene00019129.,93,647,740
WBGene00019130.,109,625,734
WBGene00019131.,17,77,94
WBGene00019132.,29,99,128
WBGene00019133.,7,14,21
WBGene00019134.,2,73,75
WBGene00019135.,1,4,5
WBGene00019137.,2,0,2
WBGene00019138.,89,13,102
WBGene00019139.,4,116,120
WBGene00019140.,18,168,186
WBGene00019141.,32,326,358
WBGene00019142.,26,805,831
WBGene00019143.,132,2148,2280
WBGene00019144.,17,67,84
WBGene00019145.,5,48,53
WBGene00019146.,5,46,51
WBGene00019148.,38,453,491
WBGene00019149.,114,404,518
WBGene00019150.,0,7,7
WBGene00019151.,2,2,4
WBGene00019152.,3,81,84
WBGene00019153.,3,94,97
WBGene00019154.,16,387,403
WBGene00019155.,6,1,7
WBGene00019156.,122,1973,2095
WBGene00019157.,733,2835,3568
WBGene00019158.,59,2131,2190
WBGene00019159.,2,4,6
WBGene00019160.,244,28949,29193
WBGene00019162.,117,24409,24526
WBGene00019163.,8,2336,2344
WBGene00019164.,75,1754,1829
WBGene00019165.,7,6,13
WBGene00019166.,1241,1738,2979
WBGene00019167.,277,1764,2041
WBGene00019168.,2059,23071,25130
WBGene00019169.,6,21,27
WBGene00019170.,254,3616,3870
WBGene00019171.,23,16,39
WBGene00019174.,10,182,192
WBGene00019176.,185,200,385
WBGene00019177.,45,837,882
WBGene00019178.,11,148,159
WBGene00019179.,2,0,2
WBGene00019180.,1031,1737,2768
WBGene00019181.,17,69,86
WBGene00019182.,114,1347,1461
WBGene00019183.,798,108,906
WBGene00019184.,63,840,903
WBGene00019185.,48,1493,1541
WBGene00019186.,3,3,6
WBGene00019187.,72,252,324
WBGene00019188.,229,2396,2625
WBGene00019189.,3,45,48
WBGene00019190.,58,5,63
WBGene00019192.,0,7,7
WBGene00019193.,0,1,1
WBGene00019194.,20,28,48
WBGene00019196.,34,4149,4183
WBGene00019197.,13,164,177
WBGene00019198.,175,886,1061
WBGene00019199.,219,2081,2300
WBGene00019200.,136,966,1102
WBGene00019202.,24,27,51
WBGene00019203.,293,5026,5319
WBGene00019204.,262,2088,2350
WBGene00019205.,3344,6528,9872
WBGene00019207.,346,5865,6211
WBGene00019208.,4,7,11
WBGene00019209.,369,4564,4933
WBGene00019211.,624,1411,2035
WBGene00019212.,92,891,983
WBGene00019213.,196,1739,1935
WBGene00019214.,9,76,85
WBGene00019215.,22,316,338
WBGene00019216.,1,4,5
WBGene00019217.,545,3168,3713
WBGene00019218.,154,561,715
WBGene00019219.,165,1770,1935
WBGene00019220.,96,4399,4495
WBGene00019221.,15,558,573
WBGene00019222.,12,8,20
WBGene00019224.,39,232,271
WBGene00019225.,148,1455,1603
WBGene00019226.,29,815,844
WBGene00019227.,227,2835,3062
WBGene00019228.,12,368,380
WBGene00019229.,8,41,49
WBGene00019230.,120,367,487
WBGene00019231.,15,40,55
WBGene00019232.,423,1245,1668
WBGene00019233.,14,79,93
WBGene00019234.,32,587,619
WBGene00019235.,24,39,63
WBGene00019236.,57,277,334
WBGene00019237.,672,4445,5117
WBGene00019239.,49,16,65
WBGene00019240.,419,6627,7046
WBGene00019241.,393,1699,2092
WBGene00019242.,38,90,128
WBGene00019243.,4,702,706
WBGene00019244.,80,574,654
WBGene00019245.,219,2084,2303
WBGene00019246.,614,5765,6379
WBGene00019247.,14,424,438
WBGene00019248.,487,544,1031
WBGene00019249.,543,14145,14688
WBGene00019250.,822,5272,6094
WBGene00019251.,31,15,46
WBGene00019253.,1,29,30
WBGene00019254.,4,86,90
WBGene00019255.,8,43,51
WBGene00019257.,3,4,7
WBGene00019259.,94,2800,2894
WBGene00019260.,1,11,12
WBGene00019261.,32,8314,8346
WBGene00019262.,7,14,21
WBGene00019263.,198,1718,1916
WBGene00019264.,134,1707,1841
WBGene00019265.,8,758,766
WBGene00019266.,5,99,104
WBGene00019267.,0,9,9
WBGene00019268.,49,324,373
WBGene00019269.,26,155,181
WBGene00019270.,242,587,829
WBGene00019272.,110,439,549
WBGene00019273.,32,1111,1143
WBGene00019274.,264,828,1092
WBGene00019275.,362,2215,2577
WBGene00019276.,213,2354,2567
WBGene00019277.,120,2456,2576
WBGene00019278.,119,668,787
WBGene00019279.,1298,2699,3997
WBGene00019280.,75,886,961
WBGene00019281.,3,5,8
WBGene00019282.,634,10298,10932
WBGene00019283.,0,0,0
WBGene00019284.,73,1661,1734
WBGene00019285.,91,736,827
WBGene00019286.,420,388,808
WBGene00019287.,29,56,85
WBGene00019288.,2,2,4
WBGene00019289.,139,1212,1351
WBGene00019290.,9,346,355
WBGene00019292.,0,12,12
WBGene00019293.,18,1142,1160
WBGene00019294.,959,5902,6861
WBGene00019295.,245,2436,2681
WBGene00019296.,30,2348,2378
WBGene00019297.,9,25,34
WBGene00019298.,352,11644,11996
WBGene00019299.,69,723,792
WBGene00019300.,74,748,822
WBGene00019301.,484,7489,7973
WBGene00019302.,1,12,13
WBGene00019303.,99,85,184
WBGene00019304.,47,627,674
WBGene00019305.,68,3398,3466
WBGene00019306.,2,64,66
WBGene00019309.,3,2,5
WBGene00019310.,8,142,150
WBGene00019311.,321,12357,12678
WBGene00019312.,0,6,6
WBGene00019313.,0,1,1
WBGene00019314.,2,21,23
WBGene00019315.,89,1384,1473
WBGene00019316.,0,60,60
WBGene00019317.,164,1660,1824
WBGene00019318.,101,126,227
WBGene00019319.,30,534,564
WBGene00019320.,115,942,1057
WBGene00019321.,70,370,440
WBGene00019322.,156,67948,68104
WBGene00019323.,1081,5232,6313
WBGene00019324.,938,25514,26452
WBGene00019326.,167,2642,2809
WBGene00019327.,1814,32757,34571
WBGene00019328.,206,2467,2673
WBGene00019329.,338,1268,1606
WBGene00019331.,47,106,153
WBGene00019332.,893,12131,13024
WBGene00019333.,368,5642,6010
WBGene00019334.,38,2338,2376
WBGene00019335.,0,33,33
WBGene00019337.,7,1,8
WBGene00019338.,2,3,5
WBGene00019339.,0,76,76
WBGene00019340.,1,0,1
WBGene00019341.,26,4,30
WBGene00019342.,1,41,42
WBGene00019343.,72,111,183
WBGene00019344.,79,822,901
WBGene00019345.,168,1336,1504
WBGene00019346.,21,408,429
WBGene00019347.,826,1971,2797
WBGene00019348.,2,22,24
WBGene00019349.,0,10,10
WBGene00019350.,3,4,7
WBGene00019351.,106,3518,3624
WBGene00019352.,155,719,874
WBGene00019353.,67,1679,1746
WBGene00019354.,86,2194,2280
WBGene00019355.,211,2395,2606
WBGene00019356.,2,1,3
WBGene00019357.,104,8292,8396
WBGene00019360.,77,301,378
WBGene00019361.,830,13478,14308
WBGene00019362.,202,574,776
WBGene00019364.,12,220,232
WBGene00019365.,225,3137,3362
WBGene00019367.,14,106,120
WBGene00019368.,572,3933,4505
WBGene00019369.,48,90,138
WBGene00019370.,147,444,591
WBGene00019371.,3,5,8
WBGene00019372.,3,68,71
WBGene00019373.,89,1396,1485
WBGene00019374.,18,82,100
WBGene00019376.,4,13,17
WBGene00019379.,3,24,27
WBGene00019380.,545,6351,6896
WBGene00019381.,44,9810,9854
WBGene00019382.,5,30,35
WBGene00019383.,6,6,12
WBGene00019384.,0,0,0
WBGene00019385.,9,34,43
WBGene00019386.,4,12,16
WBGene00019387.,5,4,9
WBGene00019388.,23,164,187
WBGene00019389.,21,64,85
WBGene00019390.,8,18,26
WBGene00019391.,39,256,295
WBGene00019392.,5,18,23
WBGene00019393.,19,73,92
WBGene00019394.,157,892,1049
WBGene00019395.,44,249,293
WBGene00019396.,82,1526,1608
WBGene00019399.,55,3151,3206
WBGene00019400.,177,1876,2053
WBGene00019401.,165,13646,13811
WBGene00019402.,107,4850,4957
WBGene00019403.,211,1308,1519
WBGene00019404.,41,302,343
WBGene00019405.,9,102,111
WBGene00019406.,6,32,38
WBGene00019407.,158,993,1151
WBGene00019408.,69,1718,1787
WBGene00019409.,0,9,9
WBGene00019410.,14,33,47
WBGene00019411.,60,1265,1325
WBGene00019412.,0,2,2
WBGene00019413.,0,1,1
WBGene00019414.,0,2,2
WBGene00019415.,3,29,32
WBGene00019416.,3,12,15
WBGene00019417.,0,1,1
WBGene00019418.,3,4,7
WBGene00019419.,0,0,0
WBGene00019420.,0,2,2
WBGene00019421.,1,52,53
WBGene00019422.,0,25,25
WBGene00019423.,59,15,74
WBGene00019424.,33,357,390
WBGene00019425.,6,12,18
WBGene00019426.,5,328,333
WBGene00019427.,47,1686,1733
WBGene00019428.,501,2037,2538
WBGene00019429.,50,1308,1358
WBGene00019430.,0,14,14
WBGene00019431.,14,27,41
WBGene00019432.,191,7316,7507
WBGene00019433.,111,11414,11525
WBGene00019434.,432,822,1254
WBGene00019435.,176,1889,2065
WBGene00019436.,149,838,987
WBGene00019437.,122,1402,1524
WBGene00019438.,1,4,5
WBGene00019439.,394,10,404
WBGene00019441.,74,187,261
WBGene00019442.,0,0,0
WBGene00019444.,39,140,179
WBGene00019445.,71,198,269
WBGene00019448.,37,472,509
WBGene00019449.,4,2,6
WBGene00019450.,3,6,9
WBGene00019451.,7,0,7
WBGene00019452.,1,1,2
WBGene00019453.,2,0,2
WBGene00019454.,2,5,7
WBGene00019455.,16,120,136
WBGene00019456.,93,725,818
WBGene00019457.,255,3270,3525
WBGene00019458.,50,698,748
WBGene00019459.,4,10,14
WBGene00019460.,58,1035,1093
WBGene00019461.,25,28,53
WBGene00019462.,495,330,825
WBGene00019464.,16,516,532
WBGene00019465.,829,6232,7061
WBGene00019466.,1521,52632,54153
WBGene00019467.,20,2886,2906
WBGene00019469.,1,10,11
WBGene00019470.,2,0,2
WBGene00019471.,3,10,13
WBGene00019472.,7,24,31
WBGene00019473.,23,211,234
WBGene00019476.,55,715,770
WBGene00019477.,34,989,1023
WBGene00019478.,499,4854,5353
WBGene00019479.,469,6018,6487
WBGene00019480.,183,2130,2313
WBGene00019481.,138,5388,5526
WBGene00019482.,52,875,927
WBGene00019483.,3,9,12
WBGene00019484.,13,697,710
WBGene00019485.,175,635,810
WBGene00019486.,6,33,39
WBGene00019487.,67,804,871
WBGene00019488.,224,4541,4765
WBGene00019489.,64,2722,2786
WBGene00019490.,62,2114,2176
WBGene00019491.,33,1036,1069
WBGene00019492.,983,10113,11096
WBGene00019493.,108,990,1098
WBGene00019494.,4,35,39
WBGene00019495.,486,14201,14687
WBGene00019496.,19,145,164
WBGene00019497.,58,1428,1486
WBGene00019498.,144,1144,1288
WBGene00019501.,1,4,5
WBGene00019502.,2,5,7
WBGene00019503.,53,702,755
WBGene00019504.,19,2028,2047
WBGene00019506.,15,29,44
WBGene00019507.,5,2,7
WBGene00019508.,23,113,136
WBGene00019509.,3,156,159
WBGene00019510.,1119,64267,65386
WBGene00019511.,153,2736,2889
WBGene00019512.,16,44,60
WBGene00019513.,71,1157,1228
WBGene00019514.,1,4,5
WBGene00019515.,132,713,845
WBGene00019516.,38,212,250
WBGene00019517.,7,24,31
WBGene00019518.,31,86,117
WBGene00019519.,170,835,1005
WBGene00019520.,0,250,250
WBGene00019521.,277,4987,5264
WBGene00019522.,146,940,1086
WBGene00019524.,1,1,2
WBGene00019525.,146,1586,1732
WBGene00019526.,5,3,8
WBGene00019527.,6,14,20
WBGene00019529.,0,1,1
WBGene00019530.,2,3,5
WBGene00019531.,1,5,6
WBGene00019532.,89,62,151
WBGene00019533.,21,8,29
WBGene00019534.,5,2,7
WBGene00019535.,29,298,327
WBGene00019536.,160,224,384
WBGene00019537.,16,68439,68455
WBGene00019538.,45,604,649
WBGene00019540.,263,17776,18039
WBGene00019541.,0,59,59
WBGene00019543.,599,8244,8843
WBGene00019544.,82,2038,2120
WBGene00019545.,39,303,342
WBGene00019546.,85,764,849
WBGene00019547.,18,123,141
WBGene00019548.,1,0,1
WBGene00019549.,24,13,37
WBGene00019550.,180,984,1164
WBGene00019552.,9,75,84
WBGene00019553.,2,20,22
WBGene00019554.,54,978,1032
WBGene00019556.,9,39,48
WBGene00019557.,21,16,37
WBGene00019558.,1,0,1
WBGene00019559.,0,0,0
WBGene00019560.,0,0,0
WBGene00019561.,3,1,4
WBGene00019562.,1,0,1
WBGene00019563.,6,70,76
WBGene00019564.,1140,18484,19624
WBGene00019565.,25,411,436
WBGene00019566.,1,8,9
WBGene00019567.,5,3,8
WBGene00019568.,8,5,13
WBGene00019569.,2,14,16
WBGene00019570.,37,136,173
WBGene00019571.,119,204,323
WBGene00019572.,0,66,66
WBGene00019574.,0,1,1
WBGene00019575.,23,15,38
WBGene00019576.,0,39,39
WBGene00019577.,15,118,133
WBGene00019578.,5,53,58
WBGene00019579.,28,223,251
WBGene00019580.,6,76,82
WBGene00019582.,4,14,18
WBGene00019583.,0,0,0
WBGene00019584.,30,18,48
WBGene00019586.,22,46,68
WBGene00019587.,0,59,59
WBGene00019588.,0,29,29
WBGene00019589.,47,90,137
WBGene00019590.,13,85,98
WBGene00019591.,2,1,3
WBGene00019592.,0,430,430
WBGene00019593.,8,1029,1037
WBGene00019594.,8,1,9
WBGene00019595.,38,659,697
WBGene00019597.,75,920,995
WBGene00019598.,186,142,328
WBGene00019599.,253,1745,1998
WBGene00019600.,5,245,250
WBGene00019601.,8,69,77
WBGene00019603.,26,698,724
WBGene00019604.,0,3,3
WBGene00019605.,243,4875,5118
WBGene00019606.,0,48,48
WBGene00019607.,981,11306,12287
WBGene00019608.,20,764,784
WBGene00019609.,190,1477,1667
WBGene00019611.,24,962,986
WBGene00019612.,299,2019,2318
WBGene00019613.,4,13,17
WBGene00019614.,6,7,13
WBGene00019615.,238,1011,1249
WBGene00019616.,24,122,146
WBGene00019617.,291,15593,15884
WBGene00019618.,54,135,189
WBGene00019619.,800,15597,16397
WBGene00019620.,137,10596,10733
WBGene00019621.,0,0,0
WBGene00019622.,9,13,22
WBGene00019623.,93,916,1009
WBGene00019624.,280,2694,2974
WBGene00019625.,24,9,33
WBGene00019626.,5,7,12
WBGene00019627.,107,1493,1600
WBGene00019628.,46,2018,2064
WBGene00019629.,51,1975,2026
WBGene00019630.,38,341,379
WBGene00019631.,123,2901,3024
WBGene00019633.,103,719,822
WBGene00019636.,21,204,225
WBGene00019638.,2,1,3
WBGene00019639.,0,5,5
WBGene00019640.,24,74,98
WBGene00019641.,61,326,387
WBGene00019642.,18,115,133
WBGene00019643.,29,1090,1119
WBGene00019644.,284,2170,2454
WBGene00019645.,166,2893,3059
WBGene00019646.,3,6,9
WBGene00019647.,50,1728,1778
WBGene00019648.,4,53,57
WBGene00019649.,58,661,719
WBGene00019650.,159,1556,1715
WBGene00019651.,188,1195,1383
WBGene00019652.,50,979,1029
WBGene00019653.,14,133,147
WBGene00019654.,38,319,357
WBGene00019655.,5,166,171
WBGene00019656.,46,3178,3224
WBGene00019657.,123,1410,1533
WBGene00019658.,142,2117,2259
WBGene00019659.,34,232,266
WBGene00019660.,21,1889,1910
WBGene00019661.,19,337,356
WBGene00019662.,13,15,28
WBGene00019663.,43,2155,2198
WBGene00019664.,447,5702,6149
WBGene00019665.,60,611,671
WBGene00019666.,28,755,783
WBGene00019667.,92,146,238
WBGene00019668.,10,124,134
WBGene00019669.,77,1158,1235
WBGene00019672.,2,0,2
WBGene00019673.,145,4596,4741
WBGene00019674.,100,707,807
WBGene00019675.,0,4,4
WBGene00019676.,17,35,52
WBGene00019677.,72,509,581
WBGene00019678.,454,4765,5219
WBGene00019679.,244,4846,5090
WBGene00019680.,0,19274,19274
WBGene00019681.,0,2,2
WBGene00019682.,1581,33392,34973
WBGene00019683.,370,137,507
WBGene00019684.,4,8,12
WBGene00019685.,1,5,6
WBGene00019686.,306,2756,3062
WBGene00019687.,2,1,3
WBGene00019688.,7,4,11
WBGene00019689.,0,2,2
WBGene00019690.,3,19,22
WBGene00019691.,57,278,335
WBGene00019692.,62,544,606
WBGene00019693.,42,6541,6583
WBGene00019697.,779,2016,2795
WBGene00019698.,538,6937,7475
WBGene00019699.,9,10,19
WBGene00019700.,0,1,1
WBGene00019702.,0,0,0
WBGene00019703.,3,2,5
WBGene00019704.,0,2,2
WBGene00019705.,0,23,23
WBGene00019706.,12,1,13
WBGene00019709.,0,2,2
WBGene00019710.,15,537,552
WBGene00019711.,107,2963,3070
WBGene00019712.,37,550,587
WBGene00019713.,139,2328,2467
WBGene00019714.,4,0,4
WBGene00019715.,185,1493,1678
WBGene00019716.,298,2270,2568
WBGene00019717.,239,2645,2884
WBGene00019718.,9,58,67
WBGene00019719.,3204,20027,23231
WBGene00019720.,159,1917,2076
WBGene00019721.,31,13,44
WBGene00019722.,6,63,69
WBGene00019723.,2,154,156
WBGene00019724.,129,721,850
WBGene00019725.,25,669,694
WBGene00019726.,771,533,1304
WBGene00019727.,417,20453,20870
WBGene00019728.,3,4,7
WBGene00019729.,52,898,950
WBGene00019730.,326,7484,7810
WBGene00019731.,111,252,363
WBGene00019732.,1,3016,3017
WBGene00019733.,590,2766,3356
WBGene00019734.,508,6759,7267
WBGene00019735.,2,22,24
WBGene00019736.,15,20,35
WBGene00019738.,298,4186,4484
WBGene00019739.,6,91,97
WBGene00019740.,1,7,8
WBGene00019741.,51,1111,1162
WBGene00019742.,106,524,630
WBGene00019743.,134,1217,1351
WBGene00019744.,1106,17308,18414
WBGene00019745.,1,24,25
WBGene00019746.,92,214,306
WBGene00019747.,964,5751,6715
WBGene00019748.,396,6959,7355
WBGene00019749.,135,719,854
WBGene00019750.,856,633,1489
WBGene00019751.,201,2670,2871
WBGene00019753.,95,694,789
WBGene00019754.,13,638,651
WBGene00019755.,2,0,2
WBGene00019756.,27,229,256
WBGene00019757.,161,943,1104
WBGene00019758.,0,2,2
WBGene00019759.,127,720,847
WBGene00019760.,99,23330,23429
WBGene00019761.,8,44,52
WBGene00019762.,340,4800,5140
WBGene00019763.,38,234,272
WBGene00019764.,41,368,409
WBGene00019765.,28,613,641
WBGene00019766.,159,698,857
WBGene00019767.,21,13803,13824
WBGene00019768.,37,794,831
WBGene00019769.,4,103,107
WBGene00019770.,886,6869,7755
WBGene00019771.,739,2183,2922
WBGene00019772.,324,5838,6162
WBGene00019773.,3,14,17
WBGene00019774.,261,670,931
WBGene00019776.,23,227,250
WBGene00019777.,44,378,422
WBGene00019778.,69,1393,1462
WBGene00019779.,648,6884,7532
WBGene00019780.,340,17262,17602
WBGene00019781.,404,2666,3070
WBGene00019782.,4,79,83
WBGene00019783.,11,0,11
WBGene00019784.,4,17,21
WBGene00019785.,7,54,61
WBGene00019786.,188,786,974
WBGene00019787.,162,732,894
WBGene00019788.,0,0,0
WBGene00019789.,1,661,662
WBGene00019791.,0,0,0
WBGene00019792.,39,379,418
WBGene00019793.,6,2,8
WBGene00019794.,3,5,8
WBGene00019795.,2,2,4
WBGene00019796.,1,17,18
WBGene00019797.,0,3,3
WBGene00019798.,0,0,0
WBGene00019799.,3,22,25
WBGene00019800.,19,7346,7365
WBGene00019801.,152,1211,1363
WBGene00019803.,61,1711,1772
WBGene00019804.,5,6,11
WBGene00019805.,193,3904,4097
WBGene00019806.,8,444,452
WBGene00019807.,96,923,1019
WBGene00019808.,94,3268,3362
WBGene00019809.,0,0,0
WBGene00019810.,5,22,27
WBGene00019811.,1,117,118
WBGene00019812.,93,278,371
WBGene00019813.,48,2311,2359
WBGene00019814.,11,131,142
WBGene00019815.,9,3,12
WBGene00019816.,96,663,759
WBGene00019817.,16,187,203
WBGene00019818.,362,7228,7590
WBGene00019819.,164,4860,5024
WBGene00019820.,84,2301,2385
WBGene00019821.,140,2002,2142
WBGene00019822.,129,1511,1640
WBGene00019823.,146,2874,3020
WBGene00019824.,93,975,1068
WBGene00019825.,73,483,556
WBGene00019826.,2,19,21
WBGene00019827.,359,3325,3684
WBGene00019828.,47,625,672
WBGene00019829.,32,589,621
WBGene00019830.,148,17838,17986
WBGene00019831.,342,24769,25111
WBGene00019832.,132,447,579
WBGene00019833.,4,66,70
WBGene00019834.,1,25,26
WBGene00019835.,0,1,1
WBGene00019836.,82,2272,2354
WBGene00019837.,47,294,341
WBGene00019838.,317,5629,5946
WBGene00019839.,7,2816,2823
WBGene00019840.,49,1290,1339
WBGene00019841.,87,2200,2287
WBGene00019842.,995,1132,2127
WBGene00019843.,66,712,778
WBGene00019844.,323,1531,1854
WBGene00019845.,22,42,64
WBGene00019846.,128,2283,2411
WBGene00019847.,1251,2005,3256
WBGene00019849.,6,76,82
WBGene00019850.,2,4,6
WBGene00019851.,6,42,48
WBGene00019853.,3,98,101
WBGene00019854.,51,434,485
WBGene00019855.,381,2057,2438
WBGene00019856.,6,0,6
WBGene00019857.,0,0,0
WBGene00019858.,15,163,178
WBGene00019859.,2,208,210
WBGene00019861.,15,49,64
WBGene00019862.,33,1201,1234
WBGene00019863.,431,1112,1543
WBGene00019864.,78,833,911
WBGene00019865.,24,226,250
WBGene00019866.,21,119,140
WBGene00019867.,77,1073,1150
WBGene00019868.,55,1046,1101
WBGene00019869.,76,730,806
WBGene00019870.,21,167,188
WBGene00019871.,38,1978,2016
WBGene00019872.,325,462,787
WBGene00019873.,104,943,1047
WBGene00019874.,10,71,81
WBGene00019875.,205,2979,3184
WBGene00019877.,34,2059,2093
WBGene00019878.,10,165,175
WBGene00019879.,0,7,7
WBGene00019880.,0,0,0
WBGene00019881.,115,1521,1636
WBGene00019882.,369,2481,2850
WBGene00019883.,125,2736,2861
WBGene00019884.,120,1694,1814
WBGene00019885.,54,459,513
WBGene00019886.,7,175,182
WBGene00019887.,37,33,70
WBGene00019888.,279,3360,3639
WBGene00019890.,32,8083,8115
WBGene00019891.,22,69,91
WBGene00019892.,43,1274,1317
WBGene00019893.,112,16168,16280
WBGene00019894.,22,215,237
WBGene00019895.,311,7534,7845
WBGene00019896.,153,270,423
WBGene00019898.,123,1442,1565
WBGene00019899.,229,775,1004
WBGene00019900.,690,71292,71982
WBGene00019901.,10,301,311
WBGene00019902.,655,2654,3309
WBGene00019903.,0,13,13
WBGene00019904.,201,3372,3573
WBGene00019905.,0,5,5
WBGene00019906.,14,48,62
WBGene00019907.,28,400,428
WBGene00019908.,492,3247,3739
WBGene00019909.,211,179,390
WBGene00019911.,127,1310,1437
WBGene00019912.,11,12,23
WBGene00019913.,17,9,26
WBGene00019914.,519,6568,7087
WBGene00019915.,128,1088,1216
WBGene00019916.,0,0,0
WBGene00019917.,1,247,248
WBGene00019918.,37,334,371
WBGene00019919.,1,2,3
WBGene00019920.,3,3,6
WBGene00019921.,4,18,22
WBGene00019922.,3,10,13
WBGene00019923.,0,8,8
WBGene00019924.,26,370,396
WBGene00019925.,1,7,8
WBGene00019926.,1,6,7
WBGene00019927.,3,13,16
WBGene00019928.,3,12,15
WBGene00019929.,1,5,6
WBGene00019930.,1,3,4
WBGene00019931.,0,15,15
WBGene00019932.,123,494,617
WBGene00019933.,4,4,8
WBGene00019934.,14,54,68
WBGene00019935.,108,600,708
WBGene00019937.,0,9955,9955
WBGene00019938.,71,784,855
WBGene00019939.,15,83,98
WBGene00019940.,381,8146,8527
WBGene00019941.,158,6031,6189
WBGene00019943.,96,997,1093
WBGene00019944.,54,2353,2407
WBGene00019945.,0,0,0
WBGene00019946.,198,4933,5131
WBGene00019947.,22,22753,22775
WBGene00019948.,25,101,126
WBGene00019949.,6,9,15
WBGene00019950.,5,6,11
WBGene00019951.,3,31,34
WBGene00019952.,4,285,289
WBGene00019953.,229,5258,5487
WBGene00019954.,0,1,1
WBGene00019955.,577,2162,2739
WBGene00019956.,0,24,24
WBGene00019957.,123,2941,3064
WBGene00019959.,94,1283,1377
WBGene00019960.,147,988,1135
WBGene00019961.,2,59,61
WBGene00019962.,152,3207,3359
WBGene00019963.,46,1408,1454
WBGene00019964.,17,17,34
WBGene00019965.,63,329,392
WBGene00019966.,13,47,60
WBGene00019967.,81,2685,2766
WBGene00019968.,58,2730,2788
WBGene00019969.,2,3,5
WBGene00019970.,3,124,127
WBGene00019971.,127,2291,2418
WBGene00019972.,11,51,62
WBGene00019973.,45,314,359
WBGene00019975.,205,1551,1756
WBGene00019976.,1,4,5
WBGene00019977.,15,172,187
WBGene00019978.,203,3660,3863
WBGene00019979.,26,177,203
WBGene00019980.,9,28,37
WBGene00019981.,19,2,21
WBGene00019982.,35,15,50
WBGene00019983.,103,8654,8757
WBGene00019986.,276,5034,5310
WBGene00019987.,20,558,578
WBGene00019988.,23,1738,1761
WBGene00019989.,2,36,38
WBGene00019991.,5,1,6
WBGene00019992.,0,2,2
WBGene00019993.,40,2490,2530
WBGene00019994.,263,621,884
WBGene00019995.,121,1011,1132
WBGene00019996.,5,22,27
WBGene00019997.,13,71,84
WBGene00019998.,388,4038,4426
WBGene00019999.,66,356,422
WBGene00020003.,89,97,186
WBGene00020004.,20,59,79
WBGene00020006.,178,1033,1211
WBGene00020007.,76,5689,5765
WBGene00020008.,49,316,365
WBGene00020010.,30,131,161
WBGene00020011.,104,746,850
WBGene00020012.,201,5072,5273
WBGene00020013.,2,0,2
WBGene00020014.,14,591,605
WBGene00020015.,2,270,272
WBGene00020016.,17,52,69
WBGene00020017.,23,407,430
WBGene00020018.,104,1283,1387
WBGene00020019.,13,41,54
WBGene00020020.,0,31,31
WBGene00020021.,4,7,11
WBGene00020022.,135,7305,7440
WBGene00020023.,32,517,549
WBGene00020025.,84,6262,6346
WBGene00020026.,206,2673,2879
WBGene00020027.,125,3379,3504
WBGene00020028.,30,689,719
WBGene00020029.,234,3951,4185
WBGene00020030.,31,1064,1095
WBGene00020031.,380,5004,5384
WBGene00020032.,4,19,23
WBGene00020033.,144,3610,3754
WBGene00020034.,91,222,313
WBGene00020035.,6,165,171
WBGene00020036.,384,6160,6544
WBGene00020037.,48,5879,5927
WBGene00020038.,281,6949,7230
WBGene00020039.,23,526,549
WBGene00020040.,42,213,255
WBGene00020041.,5,19,24
WBGene00020042.,0,2,2
WBGene00020043.,34,693,727
WBGene00020045.,56,737,793
WBGene00020046.,8,84,92
WBGene00020047.,46,615,661
WBGene00020048.,14,225,239
WBGene00020049.,22,1422,1444
WBGene00020050.,10,212,222
WBGene00020051.,167,3424,3591
WBGene00020052.,16,1008,1024
WBGene00020053.,1,13,14
WBGene00020054.,61,3604,3665
WBGene00020055.,0,5,5
WBGene00020056.,5,15,20
WBGene00020057.,20,17,37
WBGene00020058.,415,3094,3509
WBGene00020059.,8,2,10
WBGene00020060.,27,57,84
WBGene00020062.,16,963,979
WBGene00020063.,3,3,6
WBGene00020064.,125,936,1061
WBGene00020065.,1,3,4
WBGene00020066.,37,83,120
WBGene00020067.,1,7,8
WBGene00020068.,461,8142,8603
WBGene00020069.,293,1203,1496
WBGene00020070.,0,4,4
WBGene00020071.,0,0,0
WBGene00020072.,0,0,0
WBGene00020073.,0,4,4
WBGene00020075.,15,553,568
WBGene00020076.,1,0,1
WBGene00020077.,2,0,2
WBGene00020078.,4,4,8
WBGene00020080.,7,25,32
WBGene00020081.,9,1,10
WBGene00020082.,442,3287,3729
WBGene00020083.,32,310,342
WBGene00020084.,1,7,8
WBGene00020086.,74,187,261
WBGene00020087.,84,166,250
WBGene00020088.,57,246,303
WBGene00020089.,684,2686,3370
WBGene00020090.,211,724,935
WBGene00020091.,10,318,328
WBGene00020092.,342,3215,3557
WBGene00020093.,71,494,565
WBGene00020094.,86,1689,1775
WBGene00020095.,44,1097,1141
WBGene00020096.,16,992,1008
WBGene00020097.,1130,20991,22121
WBGene00020098.,26,439,465
WBGene00020099.,150,1299,1449
WBGene00020100.,43,325,368
WBGene00020101.,139,1192,1331
WBGene00020102.,241,2493,2734
WBGene00020103.,3,283,286
WBGene00020104.,45,697,742
WBGene00020105.,56,148,204
WBGene00020106.,277,1618,1895
WBGene00020107.,155,9187,9342
WBGene00020109.,30,1443,1473
WBGene00020110.,372,5441,5813
WBGene00020111.,67,1238,1305
WBGene00020112.,736,10386,11122
WBGene00020113.,2,1358,1360
WBGene00020114.,4571,14215,18786
WBGene00020115.,806,7937,8743
WBGene00020116.,14,4,18
WBGene00020117.,0,1,1
WBGene00020118.,2,8,10
WBGene00020119.,0,1,1
WBGene00020120.,0,0,0
WBGene00020121.,4,10,14
WBGene00020122.,6,3,9
WBGene00020123.,0,8,8
WBGene00020125.,48,470,518
WBGene00020126.,98,3049,3147
WBGene00020127.,0,0,0
WBGene00020128.,574,2866,3440
WBGene00020129.,0,2,2
WBGene00020130.,84,297,381
WBGene00020131.,2079,7588,9667
WBGene00020134.,1019,459,1478
WBGene00020135.,107,1305,1412
WBGene00020136.,1,23,24
WBGene00020137.,43,482,525
WBGene00020138.,25,190,215
WBGene00020139.,98,3349,3447
WBGene00020140.,0,9,9
WBGene00020141.,71,990,1061
WBGene00020142.,424,3241,3665
WBGene00020143.,849,12104,12953
WBGene00020144.,111,586,697
WBGene00020145.,14,4,18
WBGene00020146.,156,14560,14716
WBGene00020148.,22,437,459
WBGene00020149.,63,2144,2207
WBGene00020150.,10,16,26
WBGene00020151.,6,304,310
WBGene00020152.,67,209,276
WBGene00020153.,92,696,788
WBGene00020154.,5,118,123
WBGene00020155.,10,12653,12663
WBGene00020156.,26,11753,11779
WBGene00020157.,41,124,165
WBGene00020158.,633,12044,12677
WBGene00020160.,330,1796,2126
WBGene00020163.,121,642,763
WBGene00020164.,14,53,67
WBGene00020166.,244,6106,6350
WBGene00020167.,1,2,3
WBGene00020168.,9,207,216
WBGene00020169.,45,1528,1573
WBGene00020170.,100,62,162
WBGene00020171.,945,3926,4871
WBGene00020172.,112,849,961
WBGene00020173.,3,4,7
WBGene00020174.,1,0,1
WBGene00020175.,8,39,47
WBGene00020176.,0,0,0
WBGene00020177.,0,0,0
WBGene00020178.,0,0,0
WBGene00020179.,2,25,27
WBGene00020180.,3,0,3
WBGene00020181.,4820,59221,64041
WBGene00020182.,28,322,350
WBGene00020183.,23,439,462
WBGene00020184.,45,1814,1859
WBGene00020185.,31,12292,12323
WBGene00020187.,27,174,201
WBGene00020188.,25,495,520
WBGene00020189.,237,806,1043
WBGene00020190.,872,9480,10352
WBGene00020191.,307,3132,3439
WBGene00020192.,397,62748,63145
WBGene00020193.,44,652,696
WBGene00020194.,141,1787,1928
WBGene00020195.,67,5315,5382
WBGene00020196.,242,514,756
WBGene00020197.,97,2005,2102
WBGene00020199.,17,1060,1077
WBGene00020200.,258,4261,4519
WBGene00020201.,1,9,10
WBGene00020202.,2,0,2
WBGene00020203.,21,4,25
WBGene00020204.,2,21,23
WBGene00020205.,0,16,16
WBGene00020207.,390,1915,2305
WBGene00020208.,966,3443,4409
WBGene00020209.,1585,7167,8752
WBGene00020210.,0,7,7
WBGene00020211.,0,2,2
WBGene00020212.,49,66,115
WBGene00020214.,69,856,925
WBGene00020215.,189,3578,3767
WBGene00020216.,91,19419,19510
WBGene00020217.,4,3,7
WBGene00020218.,7,72,79
WBGene00020219.,37,430,467
WBGene00020220.,35,278,313
WBGene00020221.,0,0,0
WBGene00020222.,12,616,628
WBGene00020223.,3,68,71
WBGene00020224.,105,900,1005
WBGene00020225.,15,45,60
WBGene00020227.,0,14,14
WBGene00020228.,1,5,6
WBGene00020229.,117,11305,11422
WBGene00020230.,472,2414,2886
WBGene00020231.,56,260,316
WBGene00020232.,2,0,2
WBGene00020233.,6,58,64
WBGene00020234.,528,3469,3997
WBGene00020235.,224,1629,1853
WBGene00020236.,97,216,313
WBGene00020237.,3,4688,4691
WBGene00020238.,1,7,8
WBGene00020239.,0,5,5
WBGene00020240.,0,5,5
WBGene00020241.,0,3,3
WBGene00020242.,0,871,871
WBGene00020243.,5,27,32
WBGene00020244.,0,31,31
WBGene00020245.,113,1046,1159
WBGene00020246.,189,9847,10036
WBGene00020247.,3,80,83
WBGene00020248.,20,509,529
WBGene00020249.,193,762,955
WBGene00020250.,10,187,197
WBGene00020251.,1076,5168,6244
WBGene00020252.,10,29,39
WBGene00020254.,52,149,201
WBGene00020256.,103,913,1016
WBGene00020258.,227,2380,2607
WBGene00020259.,100,1421,1521
WBGene00020260.,172,1878,2050
WBGene00020261.,0,32,32
WBGene00020262.,56,163,219
WBGene00020263.,332,1827,2159
WBGene00020264.,81,1047,1128
WBGene00020265.,3,8,11
WBGene00020266.,22,93,115
WBGene00020267.,12,161,173
WBGene00020268.,569,6349,6918
WBGene00020269.,821,13729,14550
WBGene00020270.,11,207,218
WBGene00020271.,9,5,14
WBGene00020273.,471,2207,2678
WBGene00020274.,110,2549,2659
WBGene00020275.,4725,64789,69514
WBGene00020276.,0,379,379
WBGene00020277.,6,62,68
WBGene00020279.,574,1510,2084
WBGene00020280.,124,1533,1657
WBGene00020281.,106,857,963
WBGene00020282.,3,4,7
WBGene00020283.,65,390,455
WBGene00020284.,677,3512,4189
WBGene00020285.,2,24,26
WBGene00020286.,12,1632,1644
WBGene00020287.,99,3702,3801
WBGene00020288.,8,4,12
WBGene00020289.,0,9,9
WBGene00020290.,5,2,7
WBGene00020291.,2,3,5
WBGene00020292.,2,0,2
WBGene00020293.,1,4,5
WBGene00020294.,1033,2464,3497
WBGene00020295.,31,289,320
WBGene00020296.,193,2767,2960
WBGene00020297.,1834,28599,30433
WBGene00020298.,250,3418,3668
WBGene00020299.,295,1826,2121
WBGene00020300.,27,748,775
WBGene00020301.,374,1453,1827
WBGene00020302.,0,218,218
WBGene00020304.,6,1,7
WBGene00020305.,4,1,5
WBGene00020306.,10,2,12
WBGene00020307.,378,3021,3399
WBGene00020308.,24,61,85
WBGene00020309.,12,32,44
WBGene00020311.,14,1286,1300
WBGene00020313.,11,48,59
WBGene00020314.,64,851,915
WBGene00020315.,112,5250,5362
WBGene00020316.,316,1537,1853
WBGene00020317.,538,29155,29693
WBGene00020318.,3,35,38
WBGene00020319.,9,192,201
WBGene00020320.,17,314,331
WBGene00020321.,39,1495,1534
WBGene00020322.,27,1767,1794
WBGene00020323.,41,157,198
WBGene00020324.,306,2343,2649
WBGene00020325.,29,616,645
WBGene00020326.,2,4,6
WBGene00020327.,3,73,76
WBGene00020328.,0,7,7
WBGene00020329.,18,471,489
WBGene00020330.,44,561,605
WBGene00020333.,0,11,11
WBGene00020334.,284,2885,3169
WBGene00020335.,32,230,262
WBGene00020338.,5,6,11
WBGene00020339.,18,722,740
WBGene00020340.,254,3367,3621
WBGene00020341.,82,893,975
WBGene00020342.,4,1,5
WBGene00020343.,34,218,252
WBGene00020345.,10,61,71
WBGene00020346.,556,3568,4124
WBGene00020347.,817,9312,10129
WBGene00020348.,20,2975,2995
WBGene00020349.,20,122,142
WBGene00020350.,0,10,10
WBGene00020351.,0,0,0
WBGene00020352.,20,36,56
WBGene00020353.,3,5,8
WBGene00020354.,0,3,3
WBGene00020356.,4,9,13
WBGene00020357.,9,9,18
WBGene00020358.,3,226,229
WBGene00020359.,4,184,188
WBGene00020360.,771,5021,5792
WBGene00020361.,23,21,44
WBGene00020362.,0,3,3
WBGene00020363.,36,593,629
WBGene00020364.,0,7,7
WBGene00020365.,45,42,87
WBGene00020366.,502,7576,8078
WBGene00020368.,73,3035,3108
WBGene00020369.,306,7515,7821
WBGene00020370.,3,29,32
WBGene00020371.,3,0,3
WBGene00020372.,13,42,55
WBGene00020373.,12,1469,1481
WBGene00020374.,1224,1915,3139
WBGene00020375.,14,506,520
WBGene00020376.,46,708,754
WBGene00020377.,44,446,490
WBGene00020378.,91,1244,1335
WBGene00020379.,68,3395,3463
WBGene00020380.,25,32,57
WBGene00020381.,15,81,96
WBGene00020382.,829,18011,18840
WBGene00020383.,934,5829,6763
WBGene00020384.,5,6,11
WBGene00020385.,363,317,680
WBGene00020386.,1,27,28
WBGene00020388.,24,59,83
WBGene00020389.,293,6255,6548
WBGene00020390.,257,6275,6532
WBGene00020391.,83,22177,22260
WBGene00020392.,44,1717,1761
WBGene00020393.,30,4424,4454
WBGene00020394.,35,601,636
WBGene00020396.,61,469,530
WBGene00020397.,478,8045,8523
WBGene00020398.,196,2763,2959
WBGene00020399.,200,2950,3150
WBGene00020400.,3,4,7
WBGene00020401.,38,278,316
WBGene00020402.,138,2436,2574
WBGene00020403.,275,2504,2779
WBGene00020404.,64,1128,1192
WBGene00020406.,0,0,0
WBGene00020407.,28,804,832
WBGene00020408.,146,1085,1231
WBGene00020409.,1,2,3
WBGene00020410.,0,1,1
WBGene00020411.,18,608,626
WBGene00020412.,64,969,1033
WBGene00020413.,167,1771,1938
WBGene00020414.,1,3,4
WBGene00020415.,30,338,368
WBGene00020416.,0,2,2
WBGene00020417.,57,17942,17999
WBGene00020418.,33,193,226
WBGene00020419.,19,114,133
WBGene00020420.,10,233,243
WBGene00020421.,22,72,94
WBGene00020422.,44,1261,1305
WBGene00020423.,29,5732,5761
WBGene00020424.,4,127,131
WBGene00020425.,105,1444,1549
WBGene00020426.,12,659,671
WBGene00020427.,120,1262,1382
WBGene00020428.,1,5,6
WBGene00020430.,15,9,24
WBGene00020431.,3,11,14
WBGene00020432.,10,4,14
WBGene00020433.,1,0,1
WBGene00020434.,1,3,4
WBGene00020435.,3,6,9
WBGene00020436.,197,217,414
WBGene00020437.,58,8268,8326
WBGene00020438.,0,4,4
WBGene00020439.,0,6,6
WBGene00020440.,0,2,2
WBGene00020441.,204,1932,2136
WBGene00020442.,86,2599,2685
WBGene00020443.,259,2295,2554
WBGene00020444.,44,235,279
WBGene00020445.,48,484,532
WBGene00020446.,72,4245,4317
WBGene00020447.,282,2830,3112
WBGene00020448.,2,65,67
WBGene00020449.,5,282,287
WBGene00020450.,18,509,527
WBGene00020451.,20,511,531
WBGene00020452.,0,1,1
WBGene00020453.,11,134,145
WBGene00020454.,0,1,1
WBGene00020455.,28,561,589
WBGene00020456.,13,155,168
WBGene00020457.,29,1381,1410
WBGene00020458.,1,9,10
WBGene00020459.,0,1,1
WBGene00020460.,6,188,194
WBGene00020461.,36,156,192
WBGene00020462.,215,1289,1504
WBGene00020463.,39,978,1017
WBGene00020464.,11,776,787
WBGene00020465.,53,310,363
WBGene00020466.,12,686,698
WBGene00020467.,5,67,72
WBGene00020468.,6,93,99
WBGene00020469.,0,0,0
WBGene00020471.,210,1860,2070
WBGene00020472.,6,45,51
WBGene00020473.,3,2,5
WBGene00020474.,13,25,38
WBGene00020475.,149,2773,2922
WBGene00020476.,17,12,29
WBGene00020478.,114,298,412
WBGene00020479.,183,2301,2484
WBGene00020480.,93,1188,1281
WBGene00020481.,284,6620,6904
WBGene00020482.,55,273,328
WBGene00020483.,4,87,91
WBGene00020484.,4,42,46
WBGene00020485.,18,67,85
WBGene00020486.,123,1137,1260
WBGene00020487.,1,76,77
WBGene00020488.,4,69,73
WBGene00020489.,234,918,1152
WBGene00020490.,412,1975,2387
WBGene00020491.,69,939,1008
WBGene00020492.,5,0,5
WBGene00020494.,33,76,109
WBGene00020496.,415,4926,5341
WBGene00020497.,7,3395,3402
WBGene00020498.,159,2482,2641
WBGene00020499.,265,2068,2333
WBGene00020500.,106,1400,1506
WBGene00020501.,107,1501,1608
WBGene00020502.,253,1431,1684
WBGene00020503.,11,58,69
WBGene00020504.,785,2719,3504
WBGene00020505.,12,56,68
WBGene00020506.,197,578,775
WBGene00020507.,120,10746,10866
WBGene00020508.,11,881,892
WBGene00020509.,160,1525,1685
WBGene00020510.,45,1363,1408
WBGene00020511.,305,7090,7395
WBGene00020515.,2,1,3
WBGene00020516.,146,2972,3118
WBGene00020517.,166,16103,16269
WBGene00020520.,7,3,10
WBGene00020522.,17,41,58
WBGene00020523.,6,13,19
WBGene00020524.,32,61,93
WBGene00020525.,1,1,2
WBGene00020526.,3,0,3
WBGene00020527.,32,121,153
WBGene00020528.,109,227,336
WBGene00020530.,441,2881,3322
WBGene00020531.,21,28,49
WBGene00020532.,5,104,109
WBGene00020533.,2,2,4
WBGene00020534.,0,1,1
WBGene00020535.,1,3,4
WBGene00020536.,0,0,0
WBGene00020537.,1,11,12
WBGene00020539.,3,0,3
WBGene00020540.,45,558,603
WBGene00020541.,0,1,1
WBGene00020542.,2,3,5
WBGene00020543.,1,3,4
WBGene00020544.,0,10,10
WBGene00020545.,6,1,7
WBGene00020546.,3,2,5
WBGene00020547.,2,10,12
WBGene00020548.,0,0,0
WBGene00020549.,6,6372,6378
WBGene00020550.,9,1011,1020
WBGene00020551.,17,255,272
WBGene00020553.,75,3415,3490
WBGene00020554.,46,533,579
WBGene00020555.,18,143,161
WBGene00020556.,121,508,629
WBGene00020557.,527,6616,7143
WBGene00020558.,84,745,829
WBGene00020559.,90,441,531
WBGene00020560.,76,274,350
WBGene00020561.,585,5387,5972
WBGene00020562.,206,3590,3796
WBGene00020563.,112,1311,1423
WBGene00020564.,25,164,189
WBGene00020565.,10,552,562
WBGene00020566.,93,746,839
WBGene00020567.,26,133,159
WBGene00020568.,161,2260,2421
WBGene00020569.,68,338,406
WBGene00020571.,15,62,77
WBGene00020572.,151,1074,1225
WBGene00020573.,56,652,708
WBGene00020574.,30,171,201
WBGene00020575.,50,233,283
WBGene00020576.,12,2116,2128
WBGene00020577.,39,1200,1239
WBGene00020578.,6,31,37
WBGene00020579.,458,4680,5138
WBGene00020580.,3,19,22
WBGene00020581.,616,3835,4451
WBGene00020582.,14,1183,1197
WBGene00020583.,7,132,139
WBGene00020584.,7,24,31
WBGene00020585.,309,7321,7630
WBGene00020586.,116,442,558
WBGene00020587.,184,2309,2493
WBGene00020588.,96,2351,2447
WBGene00020589.,319,4493,4812
WBGene00020590.,18,151,169
WBGene00020591.,55,210,265
WBGene00020592.,346,4809,5155
WBGene00020593.,90,1625,1715
WBGene00020594.,3,33,36
WBGene00020595.,160,2603,2763
WBGene00020596.,109,1709,1818
WBGene00020598.,5,9,14
WBGene00020599.,153,1257,1410
WBGene00020600.,259,2841,3100
WBGene00020601.,63,4343,4406
WBGene00020602.,6,16,22
WBGene00020603.,0,3,3
WBGene00020604.,79,6289,6368
WBGene00020605.,103,1152,1255
WBGene00020607.,1,13,14
WBGene00020608.,3,15,18
WBGene00020609.,6,2,8
WBGene00020611.,14,3,17
WBGene00020612.,16,275,291
WBGene00020613.,0,0,0
WBGene00020614.,9,4,13
WBGene00020615.,4,3,7
WBGene00020616.,3,31,34
WBGene00020617.,2,45,47
WBGene00020618.,2,8,10
WBGene00020619.,2,4,6
WBGene00020620.,1,24,25
WBGene00020622.,3,13,16
WBGene00020623.,1,6,7
WBGene00020624.,1,0,1
WBGene00020625.,40,1604,1644
WBGene00020626.,37,374,411
WBGene00020627.,64,108,172
WBGene00020628.,165,1711,1876
WBGene00020629.,67,1370,1437
WBGene00020630.,82,1277,1359
WBGene00020631.,0,104,104
WBGene00020632.,117,416,533
WBGene00020633.,77,2056,2133
WBGene00020634.,26,181,207
WBGene00020635.,18,31,49
WBGene00020636.,97,20029,20126
WBGene00020637.,3,5,8
WBGene00020638.,1,18,19
WBGene00020639.,0,2,2
WBGene00020640.,2,23,25
WBGene00020641.,0,10,10
WBGene00020642.,2,11,13
WBGene00020645.,4,5,9
WBGene00020646.,6,52,58
WBGene00020647.,81,2297,2378
WBGene00020648.,61,449,510
WBGene00020649.,231,1148,1379
WBGene00020650.,7,20,27
WBGene00020651.,77,978,1055
WBGene00020652.,10,133,143
WBGene00020653.,4,15,19
WBGene00020655.,25,25,50
WBGene00020656.,2,9,11
WBGene00020657.,143,252,395
WBGene00020658.,47,1783,1830
WBGene00020659.,6,4,10
WBGene00020660.,0,5,5
WBGene00020661.,0,15,15
WBGene00020662.,2088,37101,39189
WBGene00020663.,56,315,371
WBGene00020664.,96,34,130
WBGene00020665.,1,13,14
WBGene00020666.,6,2,8
WBGene00020667.,7,4,11
WBGene00020669.,7,2,9
WBGene00020670.,1,7,8
WBGene00020672.,535,99,634
WBGene00020673.,53,981,1034
WBGene00020674.,8,24,32
WBGene00020675.,10,19,29
WBGene00020678.,1074,7665,8739
WBGene00020679.,410,19995,20405
WBGene00020680.,4,13,17
WBGene00020682.,329,4840,5169
WBGene00020683.,121,13260,13381
WBGene00020684.,6,132,138
WBGene00020686.,57,23,80
WBGene00020687.,160,5080,5240
WBGene00020688.,8,88,96
WBGene00020689.,213,988,1201
WBGene00020690.,242,1006,1248
WBGene00020691.,41,68,109
WBGene00020692.,18,166,184
WBGene00020693.,226,2194,2420
WBGene00020694.,100,247,347
WBGene00020695.,70,2143,2213
WBGene00020696.,392,16143,16535
WBGene00020697.,55,245,300
WBGene00020698.,7,32,39
WBGene00020699.,29,162,191
WBGene00020700.,2,89,91
WBGene00020701.,74,1788,1862
WBGene00020702.,194,728,922
WBGene00020703.,312,4892,5204
WBGene00020705.,441,2821,3262
WBGene00020706.,428,1232,1660
WBGene00020707.,13,20,33
WBGene00020708.,5,311,316
WBGene00020709.,11,1815,1826
WBGene00020710.,31,3782,3813
WBGene00020711.,0,0,0
WBGene00020712.,168,392,560
WBGene00020713.,3,15,18
WBGene00020714.,24,752,776
WBGene00020715.,0,10,10
WBGene00020716.,47,426,473
WBGene00020717.,312,3282,3594
WBGene00020718.,27,2344,2371
WBGene00020719.,69,3110,3179
WBGene00020720.,6,63,69
WBGene00020721.,42,738,780
WBGene00020722.,165,3348,3513
WBGene00020725.,91,2818,2909
WBGene00020726.,74,935,1009
WBGene00020727.,45,333,378
WBGene00020728.,28,56,84
WBGene00020729.,138,182,320
WBGene00020730.,12,97,109
WBGene00020732.,545,10872,11417
WBGene00020735.,480,3241,3721
WBGene00020736.,1668,3664,5332
WBGene00020737.,22,94,116
WBGene00020738.,138,3267,3405
WBGene00020739.,8,15,23
WBGene00020740.,84,2812,2896
WBGene00020741.,11,424,435
WBGene00020742.,276,1888,2164
WBGene00020743.,37,652,689
WBGene00020744.,2,79,81
WBGene00020746.,5,65,70
WBGene00020747.,1,107,108
WBGene00020748.,10,45,55
WBGene00020749.,8,88,96
WBGene00020750.,3,27,30
WBGene00020751.,1,3,4
WBGene00020752.,0,0,0
WBGene00020753.,0,0,0
WBGene00020754.,0,0,0
WBGene00020755.,1,2,3
WBGene00020756.,176,3089,3265
WBGene00020757.,36,690,726
WBGene00020758.,167,660,827
WBGene00020759.,114,840,954
WBGene00020760.,1279,12371,13650
WBGene00020761.,93,771,864
WBGene00020762.,248,4061,4309
WBGene00020763.,71,1287,1358
WBGene00020764.,5,18,23
WBGene00020765.,90,1148,1238
WBGene00020766.,1,182,183
WBGene00020767.,80,1885,1965
WBGene00020769.,10,22,32
WBGene00020770.,595,736,1331
WBGene00020771.,1,11,12
WBGene00020772.,0,6,6
WBGene00020773.,9,2,11
WBGene00020774.,86,893,979
WBGene00020775.,6,48,54
WBGene00020777.,61,305,366
WBGene00020778.,9,60,69
WBGene00020779.,416,3651,4067
WBGene00020781.,261,7017,7278
WBGene00020782.,70,1108,1178
WBGene00020783.,62,363,425
WBGene00020784.,80,405,485
WBGene00020785.,2,29,31
WBGene00020786.,92,435,527
WBGene00020787.,12,10,22
WBGene00020788.,252,7336,7588
WBGene00020789.,1,28,29
WBGene00020790.,52,490,542
WBGene00020791.,5,9,14
WBGene00020792.,5,42,47
WBGene00020793.,12,7,19
WBGene00020794.,1,11,12
WBGene00020795.,58,26,84
WBGene00020796.,43,4429,4472
WBGene00020797.,12,39,51
WBGene00020798.,59,531,590
WBGene00020799.,97,4156,4253
WBGene00020800.,29,360,389
WBGene00020801.,20,766,786
WBGene00020802.,1,20,21
WBGene00020803.,22,269,291
WBGene00020804.,4,38,42
WBGene00020805.,0,13,13
WBGene00020806.,49,519,568
WBGene00020807.,51,252,303
WBGene00020808.,13620,215061,228681
WBGene00020809.,91,99,190
WBGene00020811.,246,2109,2355
WBGene00020812.,642,13152,13794
WBGene00020813.,28,217,245
WBGene00020817.,0,23,23
WBGene00020819.,32,428,460
WBGene00020820.,28,940,968
WBGene00020821.,179,4225,4404
WBGene00020822.,112,1099,1211
WBGene00020823.,107,770,877
WBGene00020824.,259,2699,2958
WBGene00020825.,86,377,463
WBGene00020826.,90,115,205
WBGene00020827.,665,4493,5158
WBGene00020829.,24,0,24
WBGene00020830.,140,763,903
WBGene00020831.,131,4262,4393
WBGene00020832.,15,47,62
WBGene00020833.,16,186,202
WBGene00020834.,39,31,70
WBGene00020835.,108,8,116
WBGene00020836.,110,4300,4410
WBGene00020837.,16,2954,2970
WBGene00020838.,373,11139,11512
WBGene00020839.,111,2374,2485
WBGene00020840.,0,105,105
WBGene00020841.,1,12,13
WBGene00020842.,58,998,1056
WBGene00020843.,15,478,493
WBGene00020844.,0,183,183
WBGene00020845.,1,4,5
WBGene00020846.,58,601,659
WBGene00020847.,172,2243,2415
WBGene00020849.,60,401,461
WBGene00020850.,56,404,460
WBGene00020851.,7,71,78
WBGene00020852.,223,2299,2522
WBGene00020853.,12,113,125
WBGene00020854.,719,20564,21283
WBGene00020855.,83,531,614
WBGene00020856.,13,53,66
WBGene00020857.,25,54,79
WBGene00020858.,54,95,149
WBGene00020859.,166,1081,1247
WBGene00020860.,0,82,82
WBGene00020861.,209,731,940
WBGene00020862.,2799,44512,47311
WBGene00020863.,51,164,215
WBGene00020864.,139,126,265
WBGene00020865.,325,4191,4516
WBGene00020866.,376,1032,1408
WBGene00020867.,426,2319,2745
WBGene00020868.,1677,22409,24086
WBGene00020869.,23,680,703
WBGene00020870.,2,2,4
WBGene00020871.,0,0,0
WBGene00020872.,0,0,0
WBGene00020873.,3,8,11
WBGene00020874.,2,1,3
WBGene00020875.,0,11,11
WBGene00020877.,1,13,14
WBGene00020878.,13,214,227
WBGene00020879.,0,5,5
WBGene00020880.,2,1,3
WBGene00020881.,3,6,9
WBGene00020882.,4,7,11
WBGene00020883.,18,904,922
WBGene00020884.,379,3318,3697
WBGene00020885.,24,7,31
WBGene00020886.,87,8123,8210
WBGene00020887.,872,6450,7322
WBGene00020888.,9,14,23
WBGene00020889.,22,240,262
WBGene00020890.,2,2,4
WBGene00020891.,532,3809,4341
WBGene00020892.,2,29,31
WBGene00020893.,26,113,139
WBGene00020894.,1359,48165,49524
WBGene00020895.,1263,9350,10613
WBGene00020896.,6,372,378
WBGene00020897.,246,1805,2051
WBGene00020898.,10,245,255
WBGene00020899.,0,4,4
WBGene00020900.,18,37,55
WBGene00020901.,127,1446,1573
WBGene00020902.,694,5655,6349
WBGene00020903.,80,416,496
WBGene00020904.,41,214,255
WBGene00020905.,0,11,11
WBGene00020906.,29,217,246
WBGene00020908.,40,428,468
WBGene00020909.,275,2371,2646
WBGene00020910.,21,338,359
WBGene00020911.,38,340,378
WBGene00020912.,75,2404,2479
WBGene00020913.,3,30,33
WBGene00020914.,12,11,23
WBGene00020915.,281,45782,46063
WBGene00020917.,335,3704,4039
WBGene00020918.,5,3,8
WBGene00020919.,29,853,882
WBGene00020920.,159,1006,1165
WBGene00020921.,101,2807,2908
WBGene00020922.,0,3,3
WBGene00020923.,0,17,17
WBGene00020924.,29,189,218
WBGene00020927.,111,6,117
WBGene00020929.,262,3666,3928
WBGene00020930.,4183,14084,18267
WBGene00020931.,32,7485,7517
WBGene00020932.,338,4224,4562
WBGene00020933.,53,2055,2108
WBGene00020935.,225,2294,2519
WBGene00020936.,65,2488,2553
WBGene00020937.,20,791,811
WBGene00020938.,73,1852,1925
WBGene00020939.,30,931,961
WBGene00020940.,1,2,3
WBGene00020941.,11,50,61
WBGene00020942.,396,4351,4747
WBGene00020943.,28,274,302
WBGene00020944.,6,8,14
WBGene00020945.,84,2,86
WBGene00020946.,33,136,169
WBGene00020947.,194,239,433
WBGene00020948.,4,61,65
WBGene00020949.,30,826,856
WBGene00020950.,341,22429,22770
WBGene00020951.,264,4952,5216
WBGene00020952.,271,631,902
WBGene00020953.,0,22,22
WBGene00020954.,138,2046,2184
WBGene00020955.,401,273,674
WBGene00020957.,164,509,673
WBGene00020961.,7,2,9
WBGene00020962.,33,303,336
WBGene00020964.,186,1177,1363
WBGene00020966.,18,23,41
WBGene00020967.,21,600,621
WBGene00020970.,197,1560,1757
WBGene00020971.,0,2,2
WBGene00020972.,50,302,352
WBGene00020973.,1,31,32
WBGene00020974.,0,0,0
WBGene00020976.,9,26,35
WBGene00020977.,21,79,100
WBGene00020978.,8,17,25
WBGene00020979.,0,2,2
WBGene00020981.,21,163,184
WBGene00020982.,2,2,4
WBGene00020983.,24,28,52
WBGene00020984.,0,2,2
WBGene00020985.,5,371,376
WBGene00020986.,11,13,24
WBGene00020987.,1,9,10
WBGene00020988.,2,17,19
WBGene00020989.,28,656,684
WBGene00020990.,0,4,4
WBGene00020991.,2,0,2
WBGene00020992.,2,11,13
WBGene00020993.,33,2340,2373
WBGene00020994.,36,3453,3489
WBGene00020995.,37,606,643
WBGene00020997.,134,424,558
WBGene00020999.,170,1649,1819
WBGene00021000.,15,1185,1200
WBGene00021001.,18,40,58
WBGene00021002.,122,1541,1663
WBGene00021003.,0,28,28
WBGene00021004.,331,6254,6585
WBGene00021005.,8,33,41
WBGene00021006.,2,0,2
WBGene00021007.,3,12,15
WBGene00021008.,15,36,51
WBGene00021009.,3109,5716,8825
WBGene00021010.,4,8,12
WBGene00021011.,0,884,884
WBGene00021012.,96,1147,1243
WBGene00021013.,0,94,94
WBGene00021014.,4,321,325
WBGene00021015.,3,226,229
WBGene00021016.,11,20,31
WBGene00021017.,57,388,445
WBGene00021018.,0,12,12
WBGene00021019.,26,57,83
WBGene00021020.,1508,3428,4936
WBGene00021021.,662,3506,4168
WBGene00021022.,385,1328,1713
WBGene00021023.,1,1584,1585
WBGene00021024.,386,7161,7547
WBGene00021025.,22,32,54
WBGene00021026.,384,8753,9137
WBGene00021027.,84,302,386
WBGene00021028.,24,37,61
WBGene00021029.,0,29,29
WBGene00021030.,2,13,15
WBGene00021031.,5,152,157
WBGene00021032.,10,4,14
WBGene00021033.,0,1,1
WBGene00021034.,2,8,10
WBGene00021035.,6,125,131
WBGene00021036.,1032,6976,8008
WBGene00021037.,24,168,192
WBGene00021038.,79,444,523
WBGene00021039.,52,703,755
WBGene00021040.,16,73,89
WBGene00021041.,4,12,16
WBGene00021042.,11,56,67
WBGene00021043.,557,31121,31678
WBGene00021044.,244,2363,2607
WBGene00021045.,2,6,8
WBGene00021046.,136,1149,1285
WBGene00021047.,588,3324,3912
WBGene00021048.,1249,9083,10332
WBGene00021049.,73,1320,1393
WBGene00021050.,0,98893,98893
WBGene00021051.,47,1005,1052
WBGene00021052.,19,310,329
WBGene00021053.,4,111,115
WBGene00021054.,0,4,4
WBGene00021055.,42,208,250
WBGene00021056.,7,83,90
WBGene00021057.,37,1168,1205
WBGene00021058.,264,1170,1434
WBGene00021059.,319,1509,1828
WBGene00021060.,202,2854,3056
WBGene00021061.,88,1117,1205
WBGene00021063.,46,1448,1494
WBGene00021066.,10,961,971
WBGene00021067.,5,16,21
WBGene00021068.,588,2014,2602
WBGene00021070.,266,2668,2934
WBGene00021072.,28,240,268
WBGene00021073.,400,10275,10675
WBGene00021074.,99,4846,4945
WBGene00021075.,9422,645,10067
WBGene00021076.,32,653,685
WBGene00021078.,860,4485,5345
WBGene00021079.,697,7998,8695
WBGene00021080.,273,1708,1981
WBGene00021081.,30,25,55
WBGene00021082.,18,918,936
WBGene00021083.,0,18,18
WBGene00021084.,1,27,28
WBGene00021085.,0,1,1
WBGene00021086.,0,0,0
WBGene00021087.,15,35,50
WBGene00021088.,206,28305,28511
WBGene00021089.,29,454,483
WBGene00021090.,13,1,14
WBGene00021091.,0,3,3
WBGene00021092.,0,1,1
WBGene00021093.,51,4125,4176
WBGene00021094.,33,62,95
WBGene00021095.,54,1821,1875
WBGene00021096.,19,2,21
WBGene00021097.,155,3964,4119
WBGene00021098.,0,0,0
WBGene00021099.,3,12,15
WBGene00021100.,4,45,49
WBGene00021101.,7,13,20
WBGene00021103.,247,1376,1623
WBGene00021104.,388,1574,1962
WBGene00021106.,0,0,0
WBGene00021107.,0,0,0
WBGene00021108.,0,0,0
WBGene00021109.,0,0,0
WBGene00021110.,4,5,9
WBGene00021111.,23,320,343
WBGene00021112.,6,1723,1729
WBGene00021113.,0,0,0
WBGene00021114.,0,5,5
WBGene00021115.,0,5,5
WBGene00021116.,109,1166,1275
WBGene00021117.,2,39,41
WBGene00021118.,2,8,10
WBGene00021120.,2,12,14
WBGene00021121.,141,3459,3600
WBGene00021122.,4,1,5
WBGene00021123.,32,578,610
WBGene00021124.,84,173,257
WBGene00021125.,60,210,270
WBGene00021127.,77,2516,2593
WBGene00021128.,882,13545,14427
WBGene00021129.,13,24,37
WBGene00021130.,25,39,64
WBGene00021131.,91,814,905
WBGene00021132.,324,1545,1869
WBGene00021133.,320,7112,7432
WBGene00021134.,15,57,72
WBGene00021135.,3,13,16
WBGene00021136.,7,76,83
WBGene00021137.,0,2,2
WBGene00021138.,0,3,3
WBGene00021139.,2,0,2
WBGene00021140.,0,0,0
WBGene00021141.,2,2,4
WBGene00021142.,0,0,0
WBGene00021143.,0,1,1
WBGene00021144.,4,2,6
WBGene00021145.,8,2,10
WBGene00021146.,117,760,877
WBGene00021148.,140,1498,1638
WBGene00021149.,293,4064,4357
WBGene00021150.,0,1,1
WBGene00021151.,6,0,6
WBGene00021152.,146,521,667
WBGene00021153.,9,3,12
WBGene00021154.,0,2,2
WBGene00021155.,14,694,708
WBGene00021156.,67,403,470
WBGene00021157.,39,136,175
WBGene00021158.,2,94,96
WBGene00021159.,81,538,619
WBGene00021160.,295,3663,3958
WBGene00021161.,912,13588,14500
WBGene00021162.,0,4,4
WBGene00021163.,25,409,434
WBGene00021164.,19,13,32
WBGene00021165.,0,4,4
WBGene00021166.,0,2,2
WBGene00021167.,87,980,1067
WBGene00021168.,2,87,89
WBGene00021169.,1,4,5
WBGene00021170.,74,3697,3771
WBGene00021171.,191,2037,2228
WBGene00021173.,2,3,5
WBGene00021174.,0,0,0
WBGene00021175.,6,7,13
WBGene00021176.,60,511,571
WBGene00021177.,2,0,2
WBGene00021178.,42,910,952
WBGene00021179.,2,8,10
WBGene00021180.,3,19,22
WBGene00021181.,17,10,27
WBGene00021182.,4,28,32
WBGene00021183.,5,26,31
WBGene00021184.,1,0,1
WBGene00021185.,84,537,621
WBGene00021186.,442,747,1189
WBGene00021187.,10,3210,3220
WBGene00021188.,0,0,0
WBGene00021190.,86,1072,1158
WBGene00021191.,161,2259,2420
WBGene00021192.,33,428,461
WBGene00021193.,3,7,10
WBGene00021195.,7,119,126
WBGene00021196.,8,57,65
WBGene00021197.,2,1,3
WBGene00021198.,3,11,14
WBGene00021199.,29,64,93
WBGene00021200.,31,159,190
WBGene00021201.,18,610,628
WBGene00021202.,83,1876,1959
WBGene00021204.,9,138,147
WBGene00021205.,29,1857,1886
WBGene00021207.,6,10,16
WBGene00021208.,118,1746,1864
WBGene00021209.,356,1884,2240
WBGene00021210.,132,1610,1742
WBGene00021212.,22,59,81
WBGene00021213.,79,573,652
WBGene00021214.,9,33,42
WBGene00021215.,106,275,381
WBGene00021216.,0,0,0
WBGene00021217.,0,0,0
WBGene00021218.,0,0,0
WBGene00021219.,0,0,0
WBGene00021220.,0,0,0
WBGene00021221.,0,0,0
WBGene00021222.,0,0,0
WBGene00021223.,0,0,0
WBGene00021224.,0,0,0
WBGene00021225.,0,0,0
WBGene00021226.,0,0,0
WBGene00021227.,0,0,0
WBGene00021228.,0,0,0
WBGene00021230.,0,0,0
WBGene00021232.,10,39,49
WBGene00021233.,9,1,10
WBGene00021234.,8,2,10
WBGene00021235.,3,9,12
WBGene00021236.,0,591,591
WBGene00021237.,457,1054,1511
WBGene00021238.,617,343,960
WBGene00021239.,3115,976,4091
WBGene00021241.,0,0,0
WBGene00021243.,0,3,3
WBGene00021244.,128,52,180
WBGene00021245.,112,1278,1390
WBGene00021246.,91,510,601
WBGene00021247.,148,407,555
WBGene00021248.,2644,80569,83213
WBGene00021249.,19,81,100
WBGene00021252.,10,7,17
WBGene00021253.,164,4449,4613
WBGene00021254.,287,407,694
WBGene00021256.,82,43,125
WBGene00021257.,16,56,72
WBGene00021259.,25,20,45
WBGene00021260.,134,1035,1169
WBGene00021261.,9,12,21
WBGene00021262.,2,138,140
WBGene00021263.,5,5,10
WBGene00021264.,73,966,1039
WBGene00021265.,53,388,441
WBGene00021266.,5,3,8
WBGene00021267.,19,163,182
WBGene00021268.,34,1524,1558
WBGene00021269.,116,616,732
WBGene00021270.,15,3224,3239
WBGene00021271.,64,291,355
WBGene00021272.,72,1486,1558
WBGene00021273.,0,2,2
WBGene00021274.,49,635,684
WBGene00021275.,274,621,895
WBGene00021276.,737,2783,3520
WBGene00021277.,140,4774,4914
WBGene00021278.,62,6,68
WBGene00021279.,0,13,13
WBGene00021280.,0,2,2
WBGene00021281.,2041,8865,10906
WBGene00021282.,26,262,288
WBGene00021284.,9,18,27
WBGene00021285.,0,10,10
WBGene00021286.,632,11902,12534
WBGene00021287.,2,18,20
WBGene00021288.,3,19,22
WBGene00021289.,0,26,26
WBGene00021290.,0,2,2
WBGene00021291.,9,7,16
WBGene00021292.,261,5622,5883
WBGene00021293.,2,1,3
WBGene00021294.,416,1317,1733
WBGene00021295.,186,1633,1819
WBGene00021296.,45,2211,2256
WBGene00021297.,19,51,70
WBGene00021298.,7,3,10
WBGene00021299.,0,10,10
WBGene00021300.,0,0,0
WBGene00021301.,10,36,46
WBGene00021302.,2,10,12
WBGene00021303.,0,1,1
WBGene00021304.,118,424,542
WBGene00021305.,881,1872,2753
WBGene00021309.,25,409,434
WBGene00021310.,8,29,37
WBGene00021311.,84,1724,1808
WBGene00021312.,145,5447,5592
WBGene00021313.,175,1746,1921
WBGene00021314.,90,1017,1107
WBGene00021315.,79,1666,1745
WBGene00021316.,352,6249,6601
WBGene00021317.,1,0,1
WBGene00021319.,177,1142,1319
WBGene00021320.,373,2595,2968
WBGene00021321.,131,922,1053
WBGene00021322.,2205,30144,32349
WBGene00021323.,103,1823,1926
WBGene00021324.,132,927,1059
WBGene00021325.,783,10109,10892
WBGene00021326.,36,393,429
WBGene00021327.,1453,6339,7792
WBGene00021328.,65,525,590
WBGene00021329.,226,1865,2091
WBGene00021331.,153,7839,7992
WBGene00021332.,348,641,989
WBGene00021333.,257,621,878
WBGene00021334.,932,1623,2555
WBGene00021335.,0,3662,3662
WBGene00021336.,11,127,138
WBGene00021337.,10,47,57
WBGene00021338.,15,57,72
WBGene00021339.,4,31,35
WBGene00021340.,269,2736,3005
WBGene00021342.,91,47,138
WBGene00021343.,135,361,496
WBGene00021344.,131,223,354
WBGene00021345.,0,5,5
WBGene00021346.,447,2850,3297
WBGene00021347.,269,5153,5422
WBGene00021348.,321,5457,5778
WBGene00021349.,57,480,537
WBGene00021350.,43352,478721,522073
WBGene00021351.,171,5706,5877
WBGene00021352.,304,5214,5518
WBGene00021353.,166,686,852
WBGene00021354.,72,1207,1279
WBGene00021355.,936,8844,9780
WBGene00021357.,69,260,329
WBGene00021358.,2,26,28
WBGene00021359.,157,2014,2171
WBGene00021360.,3,6,9
WBGene00021362.,259,428,687
WBGene00021363.,261,685,946
WBGene00021364.,2,14,16
WBGene00021365.,303,1798,2101
WBGene00021366.,121,1221,1342
WBGene00021367.,45,3062,3107
WBGene00021368.,8,7,15
WBGene00021369.,167,795,962
WBGene00021370.,236,1875,2111
WBGene00021371.,64,852,916
WBGene00021372.,18,1569,1587
WBGene00021373.,6,2,8
WBGene00021374.,214,1009,1223
WBGene00021375.,64,1811,1875
WBGene00021376.,103,597,700
WBGene00021377.,52,1588,1640
WBGene00021378.,141,2196,2337
WBGene00021379.,17,267,284
WBGene00021380.,0,0,0
WBGene00021381.,9,6,15
WBGene00021382.,5177,8865,14042
WBGene00021383.,31,35,66
WBGene00021384.,12,43,55
WBGene00021385.,0,8,8
WBGene00021386.,22,41,63
WBGene00021387.,91,593,684
WBGene00021388.,139,972,1111
WBGene00021389.,38,207,245
WBGene00021390.,2,9,11
WBGene00021391.,17,682,699
WBGene00021392.,44,1969,2013
WBGene00021394.,296,1912,2208
WBGene00021395.,318,3936,4254
WBGene00021396.,78,356,434
WBGene00021397.,7,268,275
WBGene00021398.,0,6,6
WBGene00021400.,123,1124,1247
WBGene00021401.,44,1810,1854
WBGene00021402.,85,1084,1169
WBGene00021403.,0,0,0
WBGene00021404.,2,0,2
WBGene00021405.,0,0,0
WBGene00021406.,0,1,1
WBGene00021407.,0,0,0
WBGene00021408.,2,0,2
WBGene00021409.,0,0,0
WBGene00021410.,34,29,63
WBGene00021412.,42,116,158
WBGene00021413.,29,3,32
WBGene00021414.,0,2,2
WBGene00021415.,244,2574,2818
WBGene00021416.,83,530,613
WBGene00021417.,63,481,544
WBGene00021418.,16,189,205
WBGene00021419.,43,310,353
WBGene00021420.,53,23200,23253
WBGene00021421.,153,2523,2676
WBGene00021423.,1199,2373,3572
WBGene00021425.,337,2425,2762
WBGene00021427.,439,32157,32596
WBGene00021428.,29,14,43
WBGene00021430.,109,300,409
WBGene00021433.,2,3,5
WBGene00021434.,5,24,29
WBGene00021435.,39,19,58
WBGene00021436.,34,131,165
WBGene00021437.,83,38,121
WBGene00021438.,107,95,202
WBGene00021439.,352,977,1329
WBGene00021440.,170,821,991
WBGene00021441.,227,1805,2032
WBGene00021442.,106,1164,1270
WBGene00021443.,419,1476,1895
WBGene00021444.,514,871,1385
WBGene00021446.,297,779,1076
WBGene00021448.,6,233,239
WBGene00021449.,6,11,17
WBGene00021450.,19,13,32
WBGene00021451.,32,1,33
WBGene00021452.,37,647,684
WBGene00021453.,2,0,2
WBGene00021454.,0,1,1
WBGene00021456.,322,1303,1625
WBGene00021457.,7,29,36
WBGene00021458.,5,11,16
WBGene00021460.,77,1461,1538
WBGene00021461.,152,188,340
WBGene00021463.,26,45,71
WBGene00021464.,23,336,359
WBGene00021465.,10,250,260
WBGene00021466.,426,13440,13866
WBGene00021467.,69,2428,2497
WBGene00021468.,26,2687,2713
WBGene00021469.,41,4509,4550
WBGene00021470.,123,1160,1283
WBGene00021471.,13,18,31
WBGene00021472.,2,4,6
WBGene00021473.,393,205,598
WBGene00021474.,1266,5004,6270
WBGene00021475.,312,3864,4176
WBGene00021476.,63,1158,1221
WBGene00021477.,18,25,43
WBGene00021478.,23,283,306
WBGene00021479.,82,9,91
WBGene00021482.,184,1455,1639
WBGene00021483.,4,17,21
WBGene00021484.,0,1,1
WBGene00021485.,7,4,11
WBGene00021486.,372,15004,15376
WBGene00021487.,249,1969,2218
WBGene00021488.,1,1,2
WBGene00021489.,19,1,20
WBGene00021490.,32,152,184
WBGene00021491.,6,158,164
WBGene00021492.,46,479,525
WBGene00021493.,53,464,517
WBGene00021494.,6,40,46
WBGene00021495.,15,1398,1413
WBGene00021496.,11,19,30
WBGene00021497.,237,725,962
WBGene00021500.,2,25,27
WBGene00021502.,63,483,546
WBGene00021503.,81,4373,4454
WBGene00021504.,17,83,100
WBGene00021505.,25,65,90
WBGene00021506.,172,1718,1890
WBGene00021507.,1355,4239,5594
WBGene00021508.,73,1517,1590
WBGene00021509.,776,1312,2088
WBGene00021510.,182,619,801
WBGene00021511.,65,127,192
WBGene00021512.,380,822,1202
WBGene00021513.,129,29,158
WBGene00021514.,107,3939,4046
WBGene00021515.,56,545,601
WBGene00021516.,12,76,88
WBGene00021517.,23,39,62
WBGene00021518.,7,1397,1404
WBGene00021519.,5,517,522
WBGene00021520.,2,564,566
WBGene00021521.,21,182,203
WBGene00021522.,1142,1873,3015
WBGene00021524.,76,307,383
WBGene00021525.,9,22,31
WBGene00021526.,86,283,369
WBGene00021527.,200,578,778
WBGene00021528.,308,1088,1396
WBGene00021529.,97,1832,1929
WBGene00021530.,22,14,36
WBGene00021531.,365,1427,1792
WBGene00021532.,71,3531,3602
WBGene00021533.,32,1497,1529
WBGene00021534.,1437,13146,14583
WBGene00021535.,577,629,1206
WBGene00021536.,62,2554,2616
WBGene00021537.,16,26,42
WBGene00021538.,78,994,1072
WBGene00021539.,240,3013,3253
WBGene00021540.,37,245,282
WBGene00021541.,5,247,252
WBGene00021542.,38,6,44
WBGene00021543.,51,2890,2941
WBGene00021544.,109,1006,1115
WBGene00021545.,756,2431,3187
WBGene00021546.,142,1034,1176
WBGene00021547.,38,539,577
WBGene00021548.,29,2077,2106
WBGene00021549.,836,1281,2117
WBGene00021551.,373,3658,4031
WBGene00021552.,341,1922,2263
WBGene00021553.,12,23,35
WBGene00021554.,115,2890,3005
WBGene00021555.,17,227,244
WBGene00021556.,128,1091,1219
WBGene00021557.,0,40,40
WBGene00021558.,127,1038,1165
WBGene00021559.,113,1895,2008
WBGene00021560.,41,92,133
WBGene00021561.,668,1652,2320
WBGene00021562.,652,10058,10710
WBGene00021563.,89,2188,2277
WBGene00021564.,492,1362,1854
WBGene00021565.,28,460,488
WBGene00021566.,0,0,0
WBGene00021567.,0,0,0
WBGene00021568.,0,0,0
WBGene00021569.,0,0,0
WBGene00021570.,0,0,0
WBGene00021571.,0,0,0
WBGene00021572.,0,0,0
WBGene00021573.,0,0,0
WBGene00021574.,0,0,0
WBGene00021576.,5,43,48
WBGene00021578.,4,2,6
WBGene00021579.,1,5,6
WBGene00021580.,0,25,25
WBGene00021581.,22,87,109
WBGene00021582.,9,39,48
WBGene00021583.,293,2530,2823
WBGene00021585.,7,6,13
WBGene00021586.,9,3,12
WBGene00021587.,102,886,988
WBGene00021589.,12,1318,1330
WBGene00021590.,27,93,120
WBGene00021591.,5,11,16
WBGene00021592.,0,0,0
WBGene00021593.,11,2,13
WBGene00021594.,23,39,62
WBGene00021595.,298,5404,5702
WBGene00021596.,89,434,523
WBGene00021597.,5714,3882,9596
WBGene00021599.,82,344,426
WBGene00021600.,83,1542,1625
WBGene00021601.,29,283,312
WBGene00021602.,16,172,188
WBGene00021603.,6,149,155
WBGene00021604.,0,0,0
WBGene00021605.,30,146,176
WBGene00021606.,12,33,45
WBGene00021607.,1,233,234
WBGene00021608.,1,0,1
WBGene00021609.,26,21,47
WBGene00021610.,30,469,499
WBGene00021611.,152,831,983
WBGene00021612.,0,5,5
WBGene00021613.,213,1676,1889
WBGene00021614.,353,5362,5715
WBGene00021615.,3,0,3
WBGene00021616.,0,0,0
WBGene00021617.,8,0,8
WBGene00021619.,0,0,0
WBGene00021620.,0,1,1
WBGene00021621.,1,4,5
WBGene00021622.,0,0,0
WBGene00021623.,1,0,1
WBGene00021624.,23,333,356
WBGene00021625.,0,2726,2726
WBGene00021626.,153,958,1111
WBGene00021627.,0,8,8
WBGene00021628.,226,2258,2484
WBGene00021629.,657,4125,4782
WBGene00021630.,0,3,3
WBGene00021631.,0,0,0
WBGene00021632.,1,0,1
WBGene00021633.,9,27,36
WBGene00021634.,313,1147,1460
WBGene00021635.,152,1704,1856
WBGene00021636.,144,1513,1657
WBGene00021637.,148,1074,1222
WBGene00021638.,259,3070,3329
WBGene00021639.,21,149,170
WBGene00021640.,173,374,547
WBGene00021641.,51,65,116
WBGene00021643.,119,814,933
WBGene00021644.,104,2682,2786
WBGene00021645.,219,1692,1911
WBGene00021646.,342,1798,2140
WBGene00021647.,358,5605,5963
WBGene00021648.,8,1420,1428
WBGene00021649.,15,466,481
WBGene00021650.,0,18,18
WBGene00021651.,10,15,25
WBGene00021653.,0,14,14
WBGene00021654.,2,141,143
WBGene00021655.,40,1134,1174
WBGene00021656.,7,19,26
WBGene00021657.,85,691,776
WBGene00021658.,9,297,306
WBGene00021660.,558,4430,4988
WBGene00021661.,87,341,428
WBGene00021662.,1,29,30
WBGene00021664.,6,4,10
WBGene00021666.,68,590,658
WBGene00021667.,7,114,121
WBGene00021668.,13,25,38
WBGene00021671.,4,72,76
WBGene00021672.,27,19,46
WBGene00021673.,27,6,33
WBGene00021675.,60,147,207
WBGene00021676.,29,656,685
WBGene00021677.,28,767,795
WBGene00021678.,18,7,25
WBGene00021679.,30,494,524
WBGene00021681.,997,2364,3361
WBGene00021682.,440,1070,1510
WBGene00021683.,228,619,847
WBGene00021685.,1523,1335,2858
WBGene00021686.,1392,3575,4967
WBGene00021687.,101,739,840
WBGene00021689.,302,765,1067
WBGene00021690.,19,637,656
WBGene00021691.,158,4697,4855
WBGene00021692.,29,284,313
WBGene00021693.,84,379,463
WBGene00021694.,14,40,54
WBGene00021697.,2107,9977,12084
WBGene00021698.,820,2336,3156
WBGene00021700.,3,9,12
WBGene00021701.,63,17,80
WBGene00021702.,583,2204,2787
WBGene00021703.,13,8,21
WBGene00021704.,65,132,197
WBGene00021706.,9,19,28
WBGene00021707.,1,20,21
WBGene00021708.,2,14,16
WBGene00021709.,11,717,728
WBGene00021710.,7,68,75
WBGene00021711.,2,7,9
WBGene00021713.,1,4,5
WBGene00021714.,105,670,775
WBGene00021715.,315,4628,4943
WBGene00021716.,9,9,18
WBGene00021717.,1,2,3
WBGene00021718.,0,0,0
WBGene00021719.,0,2,2
WBGene00021720.,14,5,19
WBGene00021721.,26,303,329
WBGene00021722.,10,8,18
WBGene00021723.,0,2,2
WBGene00021724.,0,5,5
WBGene00021725.,18,188,206
WBGene00021726.,5,45,50
WBGene00021727.,0,5,5
WBGene00021728.,30,114,144
WBGene00021729.,0,0,0
WBGene00021730.,1,8,9
WBGene00021731.,6,66,72
WBGene00021732.,243,636,879
WBGene00021733.,630,1564,2194
WBGene00021734.,112,136,248
WBGene00021735.,348,1911,2259
WBGene00021736.,97,1787,1884
WBGene00021737.,3,5,8
WBGene00021738.,309,811,1120
WBGene00021739.,10,1376,1386
WBGene00021740.,522,2479,3001
WBGene00021741.,28,206,234
WBGene00021743.,156,453,609
WBGene00021744.,1,1,2
WBGene00021745.,79,288,367
WBGene00021746.,5,4,9
WBGene00021747.,14,16,30
WBGene00021748.,114,877,991
WBGene00021749.,133,1029,1162
WBGene00021750.,73,381,454
WBGene00021751.,1391,360,1751
WBGene00021752.,963,756,1719
WBGene00021753.,522,1705,2227
WBGene00021754.,1013,8092,9105
WBGene00021755.,62,204,266
WBGene00021756.,480,826,1306
WBGene00021757.,495,2873,3368
WBGene00021758.,193,1162,1355
WBGene00021763.,96,562,658
WBGene00021764.,78,264,342
WBGene00021765.,450,1028,1478
WBGene00021766.,103,712,815
WBGene00021768.,911,34726,35637
WBGene00021771.,510,2693,3203
WBGene00021772.,25,64,89
WBGene00021773.,1,3,4
WBGene00021774.,0,2,2
WBGene00021776.,173,711,884
WBGene00021778.,32,1132,1164
WBGene00021779.,1,9,10
WBGene00021780.,1,0,1
WBGene00021781.,52,559,611
WBGene00021783.,458,2728,3186
WBGene00021784.,121,2385,2506
WBGene00021785.,95,2849,2944
WBGene00021786.,9,56,65
WBGene00021787.,3,5,8
WBGene00021788.,181,55,236
WBGene00021789.,440,2614,3054
WBGene00021790.,10,7,17
WBGene00021791.,1,5,6
WBGene00021792.,2,0,2
WBGene00021793.,1,1,2
WBGene00021794.,4,19,23
WBGene00021795.,8,135,143
WBGene00021796.,116,3136,3252
WBGene00021797.,3,3,6
WBGene00021798.,20,4,24
WBGene00021799.,33,244,277
WBGene00021800.,559,17551,18110
WBGene00021801.,4,1,5
WBGene00021804.,3,95,98
WBGene00021805.,10,316,326
WBGene00021806.,0,0,0
WBGene00021807.,33,144,177
WBGene00021808.,456,2022,2478
WBGene00021809.,2,2,4
WBGene00021810.,730,1974,2704
WBGene00021811.,801,5165,5966
WBGene00021812.,35,622,657
WBGene00021813.,138,2462,2600
WBGene00021814.,104,782,886
WBGene00021815.,83,2273,2356
WBGene00021816.,158,2331,2489
WBGene00021817.,74,740,814
WBGene00021818.,657,4856,5513
WBGene00021819.,29,39,68
WBGene00021820.,1011,1831,2842
WBGene00021821.,0,10,10
WBGene00021826.,184,4449,4633
WBGene00021827.,110,867,977
WBGene00021828.,336,2027,2363
WBGene00021829.,44,7028,7072
WBGene00021830.,186,7045,7231
WBGene00021831.,714,3319,4033
WBGene00021832.,55,227,282
WBGene00021833.,15,1,16
WBGene00021834.,42,3004,3046
WBGene00021835.,138,1372,1510
WBGene00021838.,473,4054,4527
WBGene00021839.,452,7209,7661
WBGene00021840.,272,793,1065
WBGene00021841.,31,496,527
WBGene00021842.,477,1797,2274
WBGene00021843.,768,7731,8499
WBGene00021844.,116,4574,4690
WBGene00021845.,45,4107,4152
WBGene00021846.,206,943,1149
WBGene00021847.,206,2098,2304
WBGene00021848.,186,694,880
WBGene00021849.,750,20826,21576
WBGene00021850.,53,147,200
WBGene00021852.,1024,15884,16908
WBGene00021853.,0,95,95
WBGene00021854.,292,2297,2589
WBGene00021855.,164,875,1039
WBGene00021856.,438,1582,2020
WBGene00021857.,1343,9847,11190
WBGene00021858.,27,21,48
WBGene00021859.,13,18,31
WBGene00021860.,7,65,72
WBGene00021861.,4,13,17
WBGene00021862.,11,19,30
WBGene00021863.,160,907,1067
WBGene00021864.,30,356,386
WBGene00021865.,15,36,51
WBGene00021866.,41,629,670
WBGene00021867.,134,1714,1848
WBGene00021868.,264,3545,3809
WBGene00021869.,11,108,119
WBGene00021870.,112,1401,1513
WBGene00021871.,32,168,200
WBGene00021872.,41,4787,4828
WBGene00021873.,17,112,129
WBGene00021875.,173,2277,2450
WBGene00021876.,531,3134,3665
WBGene00021877.,82,114,196
WBGene00021878.,10,4,14
WBGene00021879.,26,1254,1280
WBGene00021880.,3,1,4
WBGene00021881.,170,288,458
WBGene00021882.,1110,1572,2682
WBGene00021883.,161,8253,8414
WBGene00021884.,1,384,385
WBGene00021885.,7,6,13
WBGene00021886.,872,324,1196
WBGene00021887.,35,178,213
WBGene00021888.,194,9057,9251
WBGene00021889.,0,6,6
WBGene00021890.,874,7086,7960
WBGene00021892.,18,10,28
WBGene00021893.,1728,4166,5894
WBGene00021894.,430,3887,4317
WBGene00021895.,41,323,364
WBGene00021897.,241,690,931
WBGene00021898.,8,237,245
WBGene00021899.,370,11585,11955
WBGene00021900.,150,4270,4420
WBGene00021901.,17,2657,2674
WBGene00021902.,141,819,960
WBGene00021904.,47,820,867
WBGene00021905.,160,950,1110
WBGene00021906.,467,1658,2125
WBGene00021907.,3,12,15
WBGene00021908.,6,25,31
WBGene00021909.,66,2879,2945
WBGene00021910.,667,2588,3255
WBGene00021911.,14,66,80
WBGene00021912.,124,729,853
WBGene00021913.,32,1077,1109
WBGene00021914.,184,558,742
WBGene00021915.,189,967,1156
WBGene00021917.,17,180,197
WBGene00021918.,42,1983,2025
WBGene00021919.,16,141,157
WBGene00021920.,514,5088,5602
WBGene00021921.,625,5587,6212
WBGene00021922.,60,2641,2701
WBGene00021923.,169,666,835
WBGene00021925.,159,712,871
WBGene00021926.,260,3712,3972
WBGene00021927.,21,766,787
WBGene00021928.,71,618,689
WBGene00021929.,35,1886,1921
WBGene00021930.,384,10354,10738
WBGene00021931.,84,177,261
WBGene00021932.,78,1144,1222
WBGene00021933.,40,513,553
WBGene00021934.,234,5575,5809
WBGene00021935.,198,846,1044
WBGene00021936.,846,2789,3635
WBGene00021938.,152,3023,3175
WBGene00021939.,192,1036,1228
WBGene00021941.,54,311,365
WBGene00021942.,20,325,345
WBGene00021943.,209,2435,2644
WBGene00021945.,126,607,733
WBGene00021947.,6,11,17
WBGene00021948.,645,1640,2285
WBGene00021949.,0,6,6
WBGene00021950.,107,1028,1135
WBGene00021951.,47,183,230
WBGene00021952.,560,15484,16044
WBGene00021953.,18,96,114
WBGene00021956.,118,3548,3666
WBGene00021957.,1,4,5
WBGene00021958.,2,33,35
WBGene00021959.,458,8147,8605
WBGene00021960.,268,6811,7079
WBGene00021961.,2,2,4
WBGene00021963.,40,244,284
WBGene00021964.,1,0,1
WBGene00021965.,83,803,886
WBGene00021966.,1,7,8
WBGene00021967.,0,5,5
WBGene00021968.,39,24,63
WBGene00021969.,0,3,3
WBGene00021970.,53,16,69
WBGene00021971.,0,3,3
WBGene00021972.,69,557,626
WBGene00021973.,282,2745,3027
WBGene00021974.,134,1916,2050
WBGene00021975.,32,384,416
WBGene00021976.,30,334,364
WBGene00021977.,24,1107,1131
WBGene00021978.,1,84,85
WBGene00021979.,1,1424,1425
WBGene00021980.,317,785,1102
WBGene00021981.,43,2380,2423
WBGene00021983.,97,1749,1846
WBGene00021984.,86,1024,1110
WBGene00021985.,532,2341,2873
WBGene00021986.,165,1555,1720
WBGene00021987.,0,0,0
WBGene00021988.,0,0,0
WBGene00021990.,30,61,91
WBGene00021992.,2,3,5
WBGene00021993.,0,11,11
WBGene00021994.,24,84,108
WBGene00021995.,0,4,4
WBGene00021996.,1,4,5
WBGene00021997.,0,0,0
WBGene00021998.,0,0,0
WBGene00021999.,0,3,3
WBGene00022000.,0,0,0
WBGene00022001.,9,0,9
WBGene00022002.,0,0,0
WBGene00022003.,0,0,0
WBGene00022004.,58,1062,1120
WBGene00022005.,0,8,8
WBGene00022006.,0,0,0
WBGene00022007.,0,0,0
WBGene00022008.,4,3,7
WBGene00022010.,290,3566,3856
WBGene00022011.,2,1,3
WBGene00022012.,4,37,41
WBGene00022013.,2,189,191
WBGene00022014.,335,738,1073
WBGene00022015.,638,3032,3670
WBGene00022016.,5,17,22
WBGene00022017.,8,3,11
WBGene00022018.,21,485,506
WBGene00022019.,513,3336,3849
WBGene00022020.,0,5,5
WBGene00022021.,489,7358,7847
WBGene00022022.,40,1523,1563
WBGene00022023.,1,0,1
WBGene00022024.,2,85,87
WBGene00022025.,115,2848,2963
WBGene00022026.,318,2222,2540
WBGene00022027.,486,9117,9603
WBGene00022028.,52,79,131
WBGene00022029.,135,2471,2606
WBGene00022030.,5,19,24
WBGene00022031.,139,1372,1511
WBGene00022032.,16,9,25
WBGene00022033.,50,212,262
WBGene00022034.,67,940,1007
WBGene00022035.,66,75,141
WBGene00022036.,60,194,254
WBGene00022037.,329,3634,3963
WBGene00022038.,119,1300,1419
WBGene00022039.,6,58,64
WBGene00022040.,16,1017,1033
WBGene00022042.,12672,154147,166819
WBGene00022043.,22,1111,1133
WBGene00022044.,25,2098,2123
WBGene00022045.,514,5390,5904
WBGene00022046.,10,30671,30681
WBGene00022047.,183,5537,5720
WBGene00022048.,1750,17722,19472
WBGene00022051.,273,1226,1499
WBGene00022052.,118,1142,1260
WBGene00022053.,967,19224,20191
WBGene00022054.,82,934,1016
WBGene00022055.,31,637,668
WBGene00022056.,128,385,513
WBGene00022057.,62,1964,2026
WBGene00022059.,2713,2489,5202
WBGene00022060.,26,1911,1937
WBGene00022061.,56,229,285
WBGene00022062.,40,112,152
WBGene00022063.,157,1373,1530
WBGene00022064.,1,2,3
WBGene00022066.,0,13,13
WBGene00022067.,252,981,1233
WBGene00022069.,386,12409,12795
WBGene00022070.,3,17,20
WBGene00022071.,10,51,61
WBGene00022072.,951,17765,18716
WBGene00022073.,153,959,1112
WBGene00022074.,369,2082,2451
WBGene00022075.,419,9086,9505
WBGene00022076.,25,319,344
WBGene00022077.,197,1942,2139
WBGene00022078.,1550,3942,5492
WBGene00022079.,12,8,20
WBGene00022082.,3,82,85
WBGene00022083.,1,10,11
WBGene00022085.,26,19,45
WBGene00022086.,88,150,238
WBGene00022087.,1271,1756,3027
WBGene00022089.,1479,75604,77083
WBGene00022090.,7,67,74
WBGene00022092.,235,3727,3962
WBGene00022093.,443,9112,9555
WBGene00022094.,4,2,6
WBGene00022095.,0,0,0
WBGene00022096.,1,5,6
WBGene00022097.,5,1,6
WBGene00022099.,291,5034,5325
WBGene00022100.,657,1545,2202
WBGene00022101.,42,357,399
WBGene00022102.,5,45,50
WBGene00022103.,156,341,497
WBGene00022104.,487,492,979
WBGene00022106.,364,706,1070
WBGene00022107.,79,2142,2221
WBGene00022108.,8,44,52
WBGene00022110.,19,208,227
WBGene00022111.,0,141,141
WBGene00022112.,0,26,26
WBGene00022113.,38,238,276
WBGene00022114.,166,20368,20534
WBGene00022115.,195,2335,2530
WBGene00022117.,359,697,1056
WBGene00022118.,181,1107,1288
WBGene00022119.,24,5777,5801
WBGene00022121.,342,1075,1417
WBGene00022122.,87,21266,21353
WBGene00022123.,83,428,511
WBGene00022124.,325,715,1040
WBGene00022125.,88,1052,1140
WBGene00022126.,112,688,800
WBGene00022127.,5,13122,13127
WBGene00022128.,189,1616,1805
WBGene00022129.,83,559,642
WBGene00022130.,103,412,515
WBGene00022131.,138,991,1129
WBGene00022133.,4,2,6
WBGene00022134.,758,4666,5424
WBGene00022138.,987,1271,2258
WBGene00022139.,606,2000,2606
WBGene00022140.,47,9,56
WBGene00022141.,29,1815,1844
WBGene00022142.,93,212,305
WBGene00022143.,3,16,19
WBGene00022144.,242,23455,23697
WBGene00022145.,29,18,47
WBGene00022146.,39,1703,1742
WBGene00022148.,1991,5116,7107
WBGene00022149.,380,2201,2581
WBGene00022150.,39,3979,4018
WBGene00022152.,496,1659,2155
WBGene00022153.,334,1267,1601
WBGene00022154.,36,514,550
WBGene00022155.,58,864,922
WBGene00022156.,4,45,49
WBGene00022157.,13,4,17
WBGene00022158.,52,760,812
WBGene00022159.,369,4079,4448
WBGene00022160.,36,502,538
WBGene00022161.,26,419,445
WBGene00022162.,0,1,1
WBGene00022163.,21,1,22
WBGene00022165.,152,638,790
WBGene00022166.,245,589,834
WBGene00022167.,132,1116,1248
WBGene00022168.,708,1939,2647
WBGene00022169.,374,5152,5526
WBGene00022170.,5684,75162,80846
WBGene00022171.,0,187,187
WBGene00022172.,0,117,117
WBGene00022173.,0,498,498
WBGene00022174.,262,798,1060
WBGene00022175.,226,1183,1409
WBGene00022176.,382,3742,4124
WBGene00022177.,42,331,373
WBGene00022178.,105,1366,1471
WBGene00022179.,75,375,450
WBGene00022180.,198,2955,3153
WBGene00022181.,186,3230,3416
WBGene00022182.,325,2721,3046
WBGene00022185.,192,2022,2214
WBGene00022188.,163,2845,3008
WBGene00022189.,4,18,22
WBGene00022190.,27,391,418
WBGene00022191.,27,226,253
WBGene00022192.,128,2233,2361
WBGene00022193.,59,831,890
WBGene00022194.,251,8522,8773
WBGene00022195.,210,931,1141
WBGene00022196.,115,6266,6381
WBGene00022197.,77,448,525
WBGene00022198.,104,524,628
WBGene00022199.,95,8264,8359
WBGene00022200.,162,3340,3502
WBGene00022201.,180,4426,4606
WBGene00022202.,222,2839,3061
WBGene00022203.,16,841,857
WBGene00022204.,13,39,52
WBGene00022205.,56,176,232
WBGene00022206.,99,191,290
WBGene00022207.,4,1,5
WBGene00022209.,0,0,0
WBGene00022210.,0,1,1
WBGene00022211.,139,966,1105
WBGene00022213.,7,127,134
WBGene00022214.,1,2,3
WBGene00022215.,0,4,4
WBGene00022216.,8,19,27
WBGene00022217.,1,0,1
WBGene00022218.,1,1,2
WBGene00022219.,121,789,910
WBGene00022221.,228,812,1040
WBGene00022222.,22,24,46
WBGene00022223.,4,2,6
WBGene00022224.,0,17,17
WBGene00022225.,3,16,19
WBGene00022227.,56,294,350
WBGene00022228.,71,124,195
WBGene00022229.,21,30,51
WBGene00022230.,329,5068,5397
WBGene00022231.,176,712,888
WBGene00022232.,129,1298,1427
WBGene00022233.,262,4694,4956
WBGene00022235.,1161,54743,55904
WBGene00022236.,0,21,21
WBGene00022237.,6,7,13
WBGene00022240.,123,1481,1604
WBGene00022242.,248,3207,3455
WBGene00022243.,0,24,24
WBGene00022244.,0,233,233
WBGene00022245.,1288,20650,21938
WBGene00022246.,63,887,950
WBGene00022247.,195,337,532
WBGene00022248.,240,5935,6175
WBGene00022249.,0,0,0
WBGene00022250.,43,929,972
WBGene00022251.,114,2041,2155
WBGene00022252.,114,1790,1904
WBGene00022253.,99,3739,3838
WBGene00022254.,175,7653,7828
WBGene00022255.,72,482,554
WBGene00022256.,3,7,10
WBGene00022257.,1,102,103
WBGene00022258.,102,1240,1342
WBGene00022259.,75,995,1070
WBGene00022260.,200,2888,3088
WBGene00022261.,205,2612,2817
WBGene00022262.,1,9,10
WBGene00022263.,7,65,72
WBGene00022264.,2,2,4
WBGene00022265.,0,10,10
WBGene00022266.,2,0,2
WBGene00022267.,120,1257,1377
WBGene00022268.,345,3295,3640
WBGene00022269.,227,3532,3759
WBGene00022270.,234,820,1054
WBGene00022271.,78,6621,6699
WBGene00022272.,4,46,50
WBGene00022273.,62,919,981
WBGene00022274.,30,130,160
WBGene00022275.,7,37,44
WBGene00022276.,424,22998,23422
WBGene00022277.,241,2986,3227
WBGene00022278.,409,1491,1900
WBGene00022279.,245,3079,3324
WBGene00022280.,163,2091,2254
WBGene00022281.,456,2247,2703
WBGene00022282.,0,12,12
WBGene00022283.,99,1461,1560
WBGene00022284.,226,1381,1607
WBGene00022285.,977,444,1421
WBGene00022286.,255,925,1180
WBGene00022287.,388,12251,12639
WBGene00022288.,16,123,139
WBGene00022289.,57,384,441
WBGene00022290.,2,0,2
WBGene00022291.,0,0,0
WBGene00022292.,0,1,1
WBGene00022295.,33,157,190
WBGene00022296.,955,2918,3873
WBGene00022297.,145,5223,5368
WBGene00022298.,6,18,24
WBGene00022300.,323,1181,1504
WBGene00022301.,840,2797,3637
WBGene00022302.,53,952,1005
WBGene00022303.,0,245,245
WBGene00022306.,1106,3566,4672
WBGene00022307.,70,3532,3602
WBGene00022308.,1,4,5
WBGene00022309.,178,1104,1282
WBGene00022310.,361,813,1174
WBGene00022311.,5,2,7
WBGene00022312.,1,0,1
WBGene00022313.,157,285,442
WBGene00022314.,101,541,642
WBGene00022315.,0,5,5
WBGene00022316.,0,0,0
WBGene00022317.,2,21,23
WBGene00022318.,0,2,2
WBGene00022319.,1,4,5
WBGene00022320.,12,0,12
WBGene00022321.,3,2,5
WBGene00022322.,0,5,5
WBGene00022323.,1,3,4
WBGene00022324.,0,5,5
WBGene00022325.,49,559,608
WBGene00022326.,66,1164,1230
WBGene00022327.,48,312,360
WBGene00022328.,13,33,46
WBGene00022329.,33,459,492
WBGene00022330.,18,346,364
WBGene00022331.,25,208,233
WBGene00022332.,27,61,88
WBGene00022333.,1,30,31
WBGene00022334.,25,2,27
WBGene00022335.,32,86,118
WBGene00022336.,504,418417,418921
WBGene00022337.,5,360,365
WBGene00022338.,36,223,259
WBGene00022339.,531,7189,7720
WBGene00022340.,0,0,0
WBGene00022341.,0,0,0
WBGene00022342.,3,1,4
WBGene00022343.,3,4,7
WBGene00022344.,3,11,14
WBGene00022345.,4,17,21
WBGene00022346.,83,687,770
WBGene00022347.,440,4529,4969
WBGene00022348.,160,4177,4337
WBGene00022349.,42,179,221
WBGene00022350.,364,1902,2266
WBGene00022351.,221,391,612
WBGene00022352.,0,0,0
WBGene00022353.,6,555,561
WBGene00022354.,321,687,1008
WBGene00022356.,11,733,744
WBGene00022357.,75,760,835
WBGene00022358.,392,1646,2038
WBGene00022360.,421,2068,2489
WBGene00022361.,531,1650,2181
WBGene00022363.,286,900,1186
WBGene00022365.,18,113,131
WBGene00022366.,497,1097,1594
WBGene00022367.,227,164,391
WBGene00022368.,117,1973,2090
WBGene00022369.,205,1373,1578
WBGene00022370.,242,311,553
WBGene00022371.,412,1252,1664
WBGene00022372.,178,489,667
WBGene00022373.,292,6845,7137
WBGene00022374.,36,381,417
WBGene00022375.,11,16,27
WBGene00022376.,283,3546,3829
WBGene00022377.,16,126,142
WBGene00022378.,1208,7708,8916
WBGene00022379.,41,176,217
WBGene00022380.,785,8722,9507
WBGene00022381.,177,2438,2615
WBGene00022382.,0,13056,13056
WBGene00022385.,25,20,45
WBGene00022386.,364,1337,1701
WBGene00022388.,597,1503,2100
WBGene00022389.,707,2510,3217
WBGene00022390.,74,360,434
WBGene00022391.,649,1573,2222
WBGene00022392.,47,245,292
WBGene00022393.,124,3031,3155
WBGene00022394.,52,4946,4998
WBGene00022395.,17,72,89
WBGene00022396.,68,1673,1741
WBGene00022397.,160,1357,1517
WBGene00022398.,45,964,1009
WBGene00022399.,37,429,466
WBGene00022400.,44,2962,3006
WBGene00022401.,118,5322,5440
WBGene00022402.,35,2136,2171
WBGene00022403.,8,16,24
WBGene00022404.,0,65,65
WBGene00022405.,7,93,100
WBGene00022406.,10,16,26
WBGene00022407.,16,68,84
WBGene00022408.,3,67,70
WBGene00022409.,13,75,88
WBGene00022410.,27,14843,14870
WBGene00022411.,29,177,206
WBGene00022412.,185,1131,1316
WBGene00022413.,188,1979,2167
WBGene00022415.,6,214,220
WBGene00022416.,194,1918,2112
WBGene00022417.,34,636,670
WBGene00022418.,115,1051,1166
WBGene00022419.,93,681,774
WBGene00022420.,65,1746,1811
WBGene00022421.,0,3,3
WBGene00022423.,407,379,786
WBGene00022425.,611,2696,3307
WBGene00022426.,196,900,1096
WBGene00022427.,319,1342,1661
WBGene00022428.,93,514,607
WBGene00022429.,1,0,1
WBGene00022431.,46,5,51
WBGene00022432.,0,1,1
WBGene00022433.,2,0,2
WBGene00022434.,524,1549,2073
WBGene00022435.,227,544,771
WBGene00022438.,3,2,5
WBGene00022439.,25,94,119
WBGene00022440.,81,420,501
WBGene00022441.,166,2139,2305
WBGene00022442.,0,0,0
WBGene00022443.,0,4,4
WBGene00022444.,0,1,1
WBGene00022445.,47,339,386
WBGene00022446.,1,5,6
WBGene00022447.,350,388,738
WBGene00022448.,177,738,915
WBGene00022450.,72,729,801
WBGene00022452.,0,221,221
WBGene00022453.,239,5111,5350
WBGene00022454.,108,66,174
WBGene00022455.,12,2906,2918
WBGene00022456.,251,4535,4786
WBGene00022457.,91,1208,1299
WBGene00022458.,7,3634,3641
WBGene00022459.,52,1224,1276
WBGene00022460.,100,1683,1783
WBGene00022462.,17,393,410
WBGene00022463.,251,3608,3859
WBGene00022465.,71,1069,1140
WBGene00022466.,85,1578,1663
WBGene00022467.,2,10,12
WBGene00022469.,16,401,417
WBGene00022470.,503,5479,5982
WBGene00022471.,100,748,848
WBGene00022472.,128,1791,1919
WBGene00022473.,2611,5883,8494
WBGene00022474.,63,1132,1195
WBGene00022475.,64,2317,2381
WBGene00022476.,4,13,17
WBGene00022477.,0,2,2
WBGene00022478.,1,19,20
WBGene00022479.,2,22,24
WBGene00022481.,0,0,0
WBGene00022482.,0,16,16
WBGene00022483.,0,0,0
WBGene00022484.,14,71,85
WBGene00022485.,135,520,655
WBGene00022486.,21,390,411
WBGene00022487.,4,30,34
WBGene00022488.,135,1162,1297
WBGene00022489.,418,4718,5136
WBGene00022490.,63,955,1018
WBGene00022491.,173,230,403
WBGene00022492.,128,4118,4246
WBGene00022493.,214,1372,1586
WBGene00022494.,370,1035,1405
WBGene00022495.,4,64,68
WBGene00022496.,0,465,465
WBGene00022497.,0,41097,41097
WBGene00022498.,19,95,114
WBGene00022499.,231,6326,6557
WBGene00022500.,1030,15322,16352
WBGene00022501.,1022,1486,2508
WBGene00022502.,79,938,1017
WBGene00022503.,22,322,344
WBGene00022504.,40,279,319
WBGene00022505.,251,9291,9542
WBGene00022506.,8,28,36
WBGene00022507.,53,35,88
WBGene00022508.,1,22,23
WBGene00022509.,0,8,8
WBGene00022511.,4,3,7
WBGene00022512.,1,1,2
WBGene00022515.,104,3178,3282
WBGene00022516.,105,5084,5189
WBGene00022517.,97,242,339
WBGene00022518.,836,1381,2217
WBGene00022519.,200,1739,1939
WBGene00022521.,39,30,69
WBGene00022522.,20,206,226
WBGene00022526.,17,8,25
WBGene00022527.,59,121,180
WBGene00022528.,0,28,28
WBGene00022529.,4,5,9
WBGene00022530.,15,479,494
WBGene00022531.,39,1464,1503
WBGene00022532.,12,226,238
WBGene00022533.,38,248,286
WBGene00022534.,204,2744,2948
WBGene00022536.,6,20,26
WBGene00022537.,28,147,175
WBGene00022538.,178,3902,4080
WBGene00022539.,21,54,75
WBGene00022540.,53,97,150
WBGene00022541.,0,5,5
WBGene00022542.,0,4,4
WBGene00022544.,54,18,72
WBGene00022545.,4,14,18
WBGene00022546.,6,16,22
WBGene00022547.,7,31,38
WBGene00022548.,8,16,24
WBGene00022549.,117,740,857
WBGene00022550.,14,37,51
WBGene00022551.,7,21,28
WBGene00022552.,2,35,37
WBGene00022553.,1,1,2
WBGene00022554.,37,683,720
WBGene00022555.,1,2,3
WBGene00022556.,0,0,0
WBGene00022557.,0,10,10
WBGene00022558.,0,1,1
WBGene00022559.,0,4,4
WBGene00022560.,2,12,14
WBGene00022561.,2,24,26
WBGene00022562.,525,5519,6044
WBGene00022563.,3,3,6
WBGene00022564.,57,447,504
WBGene00022565.,3,23,26
WBGene00022566.,8,168,176
WBGene00022567.,120,537,657
WBGene00022568.,21,444,465
WBGene00022569.,31,794,825
WBGene00022570.,1,11,12
WBGene00022571.,3,16,19
WBGene00022572.,1,6,7
WBGene00022573.,14,369,383
WBGene00022574.,7,791,798
WBGene00022575.,0,30,30
WBGene00022576.,47,304,351
WBGene00022577.,26,310,336
WBGene00022578.,2,1,3
WBGene00022579.,328,4469,4797
WBGene00022580.,199,3154,3353
WBGene00022581.,16,50,66
WBGene00022582.,0,0,0
WBGene00022583.,228,5218,5446
WBGene00022584.,112,389,501
WBGene00022586.,1,57,58
WBGene00022587.,1,6,7
WBGene00022588.,133,1193,1326
WBGene00022589.,16,2,18
WBGene00022590.,5,105,110
WBGene00022591.,79,858,937
WBGene00022592.,557,1993,2550
WBGene00022593.,640,2829,3469
WBGene00022594.,7,16,23
WBGene00022596.,4,5,9
WBGene00022597.,212,3665,3877
WBGene00022598.,170,1823,1993
WBGene00022599.,1364,42660,44024
WBGene00022600.,4,2,6
WBGene00022601.,30,314,344
WBGene00022603.,112,2455,2567
WBGene00022604.,2,2,4
WBGene00022605.,1,19,20
WBGene00022606.,29,88,117
WBGene00022608.,203,993,1196
WBGene00022609.,143,655,798
WBGene00022610.,151,1295,1446
WBGene00022611.,27,178,205
WBGene00022612.,20,167,187
WBGene00022613.,126,1016,1142
WBGene00022614.,280,2594,2874
WBGene00022615.,101,8145,8246
WBGene00022616.,0,0,0
WBGene00022617.,2,2,4
WBGene00022618.,254,6756,7010
WBGene00022619.,0,14,14
WBGene00022620.,122,1813,1935
WBGene00022621.,4,2,6
WBGene00022622.,9,5,14
WBGene00022623.,17,637,654
WBGene00022624.,57,178,235
WBGene00022627.,25,129,154
WBGene00022628.,11,10,21
WBGene00022629.,43,761,804
WBGene00022630.,2,0,2
WBGene00022631.,20,258,278
WBGene00022632.,15,15,30
WBGene00022633.,62,683,745
WBGene00022634.,3,9,12
WBGene00022635.,210,1149,1359
WBGene00022636.,2,5,7
WBGene00022637.,4,5,9
WBGene00022638.,1,0,1
WBGene00022639.,7,27,34
WBGene00022640.,11,22,33
WBGene00022641.,9,110,119
WBGene00022642.,783,10290,11073
WBGene00022643.,9,53,62
WBGene00022644.,323,9640,9963
WBGene00022645.,528,9034,9562
WBGene00022646.,9,1878,1887
WBGene00022647.,162,1481,1643
WBGene00022648.,344,999,1343
WBGene00022649.,60,841,901
WBGene00022650.,67,81,148
WBGene00022651.,0,6,6
WBGene00022652.,0,2,2
WBGene00022653.,14,93,107
WBGene00022654.,5,5,10
WBGene00022655.,10,14,24
WBGene00022656.,1,56,57
WBGene00022657.,9,451,460
WBGene00022658.,2,60,62
WBGene00022660.,0,23,23
WBGene00022661.,72,291,363
WBGene00022662.,13,51,64
WBGene00022663.,81,1473,1554
WBGene00022664.,51,384,435
WBGene00022665.,63,1106,1169
WBGene00022666.,128,3037,3165
WBGene00022667.,359,3021,3380
WBGene00022668.,556,2214,2770
WBGene00022669.,0,2,2
WBGene00022670.,0,1,1
WBGene00022671.,3,42,45
WBGene00022672.,223,1544,1767
WBGene00022673.,120,1473,1593
WBGene00022674.,0,2,2
WBGene00022675.,1066,2404,3470
WBGene00022677.,59,702,761
WBGene00022678.,147,7968,8115
WBGene00022679.,3,2657,2660
WBGene00022680.,24,181,205
WBGene00022681.,78,241,319
WBGene00022682.,52,275,327
WBGene00022683.,162,1865,2027
WBGene00022685.,0,3,3
WBGene00022688.,0,0,0
WBGene00022689.,0,6,6
WBGene00022690.,7,36,43
WBGene00022691.,6,24,30
WBGene00022694.,81,1681,1762
WBGene00022695.,98,1052,1150
WBGene00022696.,49,350,399
WBGene00022697.,200,2013,2213
WBGene00022698.,36,242,278
WBGene00022699.,2,9,11
WBGene00022700.,24,269,293
WBGene00022702.,4,727,731
WBGene00022703.,208,2497,2705
WBGene00022704.,79,1309,1388
WBGene00022705.,22,68,90
WBGene00022706.,19,170,189
WBGene00022707.,1,12,13
WBGene00022708.,0,14,14
WBGene00022709.,2,53,55
WBGene00022710.,3,0,3
WBGene00022711.,7,10,17
WBGene00022712.,87,871,958
WBGene00022713.,2,6,8
WBGene00022714.,3,7,10
WBGene00022715.,7,53,60
WBGene00022716.,0,2,2
WBGene00022717.,191,2300,2491
WBGene00022718.,364,4414,4778
WBGene00022719.,218,3086,3304
WBGene00022720.,62,642,704
WBGene00022721.,69,1441,1510
WBGene00022722.,252,6618,6870
WBGene00022723.,17,19,36
WBGene00022724.,0,2,2
WBGene00022725.,13,89,102
WBGene00022726.,2,0,2
WBGene00022727.,116,1156,1272
WBGene00022728.,9,12,21
WBGene00022729.,0,1,1
WBGene00022730.,51,587,638
WBGene00022731.,20,22,42
WBGene00022732.,20,86,106
WBGene00022733.,99,77,176
WBGene00022734.,115,6152,6267
WBGene00022735.,41,294,335
WBGene00022736.,58,1227,1285
WBGene00022737.,6,529,535
WBGene00022738.,354,8951,9305
WBGene00022739.,308,4446,4754
WBGene00022741.,31,29,60
WBGene00022742.,178,3401,3579
WBGene00022743.,201,1115,1316
WBGene00022744.,39,216,255
WBGene00022745.,2387,12803,15190
WBGene00022746.,0,15,15
WBGene00022747.,10,365,375
WBGene00022748.,326,44884,45210
WBGene00022749.,80,3280,3360
WBGene00022750.,1093,4944,6037
WBGene00022751.,0,6,6
WBGene00022752.,15,405,420
WBGene00022753.,15,8,23
WBGene00022754.,0,7,7
WBGene00022755.,5,98,103
WBGene00022756.,12,98,110
WBGene00022757.,4,3,7
WBGene00022758.,3,2,5
WBGene00022759.,48,3278,3326
WBGene00022760.,0,102,102
WBGene00022761.,0,27,27
WBGene00022762.,49,663,712
WBGene00022763.,0,21,21
WBGene00022765.,818,11238,12056
WBGene00022766.,206,2225,2431
WBGene00022767.,27,282,309
WBGene00022769.,64,1281,1345
WBGene00022770.,33,581,614
WBGene00022771.,131,570,701
WBGene00022772.,28,93,121
WBGene00022773.,111,687,798
WBGene00022774.,71,3240,3311
WBGene00022775.,5,208,213
WBGene00022776.,23,6125,6148
WBGene00022778.,4,4,8
WBGene00022780.,8,93,101
WBGene00022781.,154,8435,8589
WBGene00022782.,198,4717,4915
WBGene00022783.,451,3587,4038
WBGene00022785.,147,2305,2452
WBGene00022786.,8,1055,1063
WBGene00022787.,69,1451,1520
WBGene00022788.,30,1217,1247
WBGene00022789.,11,183,194
WBGene00022790.,23,231,254
WBGene00022791.,420,4079,4499
WBGene00022792.,102,2562,2664
WBGene00022793.,62,6512,6574
WBGene00022794.,215,4717,4932
WBGene00022795.,8,19,27
WBGene00022796.,54,308,362
WBGene00022797.,74,748,822
WBGene00022798.,433,5442,5875
WBGene00022799.,0,4,4
WBGene00022800.,194,2864,3058
WBGene00022801.,90,3508,3598
WBGene00022802.,46,671,717
WBGene00022803.,62,1088,1150
WBGene00022804.,1,19,20
WBGene00022805.,230,1594,1824
WBGene00022806.,1,0,1
WBGene00022807.,12,26,38
WBGene00022808.,4,11,15
WBGene00022809.,1,21,22
WBGene00022810.,41,584,625
WBGene00022811.,100,92,192
WBGene00022812.,166,2840,3006
WBGene00022813.,200,2297,2497
WBGene00022814.,91,1308,1399
WBGene00022815.,24,156,180
WBGene00022816.,209,1549,1758
WBGene00022817.,544,9542,10086
WBGene00022818.,2,9,11
WBGene00022820.,1,2,3
WBGene00022821.,0,0,0
WBGene00022822.,0,3,3
WBGene00022823.,28,1873,1901
WBGene00022824.,32,316,348
WBGene00022825.,161,548,709
WBGene00022826.,0,5,5
WBGene00022827.,21,28,49
WBGene00022829.,78,210,288
WBGene00022830.,43,1198,1241
WBGene00022831.,244,2794,3038
WBGene00022832.,75,1907,1982
WBGene00022833.,5,1,6
WBGene00022834.,18,344,362
WBGene00022835.,70,1168,1238
WBGene00022836.,130,3335,3465
WBGene00022837.,63,957,1020
WBGene00022838.,47,259,306
WBGene00022840.,4,12,16
WBGene00022842.,61,548,609
WBGene00022843.,52,145,197
WBGene00022845.,0,132,132
WBGene00022846.,49,3,52
WBGene00022847.,140,1200,1340
WBGene00022848.,151,3272,3423
WBGene00022849.,25,61,86
WBGene00022850.,353,1232,1585
WBGene00022851.,130,4599,4729
WBGene00022852.,16,2831,2847
WBGene00022853.,0,44,44
WBGene00022854.,19,203,222
WBGene00022855.,138,8145,8283
WBGene00022856.,36,12398,12434
WBGene00022857.,32,516,548
WBGene00022858.,95,600,695
WBGene00022861.,7456,2375,9831
WBGene00022862.,29,1376,1405
WBGene00022864.,134,5293,5427
WBGene00022865.,174,2866,3040
WBGene00022866.,56,231,287
WBGene00022867.,259,1734,1993
WBGene00022868.,73,798,871
WBGene00022869.,2,2,4
WBGene00022870.,8,34,42
WBGene00022871.,11,12,23
WBGene00022872.,90,516,606
WBGene00022873.,17,467,484
WBGene00022874.,45,109,154
WBGene00022875.,0,1,1
WBGene00022876.,6,20,26
WBGene00022877.,0,3,3
WBGene00022880.,115,1304,1419
WBGene00022881.,30,1003,1033
WBGene00022882.,107,866,973
WBGene00022883.,31,578,609
WBGene00022884.,0,54,54
WBGene00022885.,46,1193,1239
WBGene00022886.,4,4,8
WBGene00022887.,78,2025,2103
WBGene00022888.,7,6,13
WBGene00022889.,1,1,2
WBGene00022890.,3,19,22
WBGene00022891.,30,257,287
WBGene00022892.,4,1,5
WBGene00022893.,285,756,1041
WBGene00022894.,0,0,0
WBGene00022895.,0,0,0
WBGene00022896.,0,0,0
WBGene00022897.,0,0,0
WBGene00022898.,0,1,1
WBGene00022899.,0,0,0
WBGene00022900.,0,0,0
WBGene00022901.,0,0,0
WBGene00022902.,0,0,0
WBGene00022903.,0,0,0
WBGene00022904.,0,0,0
WBGene00022905.,0,0,0
WBGene00022906.,0,0,0
WBGene00022907.,0,0,0
WBGene00022908.,0,0,0
WBGene00022909.,0,0,0
WBGene00022910.,0,0,0
WBGene00022911.,0,0,0
WBGene00022912.,0,0,0
WBGene00022913.,0,0,0
WBGene00022914.,0,0,0
WBGene00022915.,0,0,0
WBGene00022916.,0,0,0
WBGene00022917.,0,0,0
WBGene00022918.,0,5,5
WBGene00022919.,0,9,9
WBGene00022920.,0,0,0
WBGene00022921.,0,0,0
WBGene00022922.,0,9,9
WBGene00022923.,0,0,0
WBGene00022924.,0,0,0
WBGene00022925.,0,0,0
WBGene00022926.,0,13,13
WBGene00022927.,0,0,0
WBGene00022928.,0,1,1
WBGene00022929.,0,3,3
WBGene00022930.,0,0,0
WBGene00022931.,0,0,0
WBGene00022932.,0,23,23
WBGene00022933.,0,0,0
WBGene00022934.,0,0,0
WBGene00022935.,0,0,0
WBGene00022936.,0,1,1
WBGene00022937.,0,0,0
WBGene00022938.,0,3,3
WBGene00022939.,0,0,0
WBGene00022940.,0,0,0
WBGene00022941.,0,0,0
WBGene00022942.,0,0,0
WBGene00022943.,0,0,0
WBGene00022944.,0,0,0
WBGene00022945.,0,0,0
WBGene00022946.,0,0,0
WBGene00022947.,0,0,0
WBGene00022948.,0,1,1
WBGene00022949.,0,0,0
WBGene00022950.,0,0,0
WBGene00022951.,0,283934,283934
WBGene00022952.,0,0,0
WBGene00022953.,0,0,0
WBGene00022954.,0,0,0
WBGene00022955.,0,0,0
WBGene00022956.,0,136,136
WBGene00022957.,0,0,0
WBGene00022958.,0,0,0
WBGene00022959.,0,0,0
WBGene00022960.,0,0,0
WBGene00022961.,0,0,0
WBGene00022962.,0,0,0
WBGene00022963.,0,0,0
WBGene00022964.,0,0,0
WBGene00022965.,0,0,0
WBGene00022966.,0,0,0
WBGene00022967.,0,0,0
WBGene00022968.,0,0,0
WBGene00022969.,0,0,0
WBGene00022970.,0,333,333
WBGene00022971.,0,0,0
WBGene00022972.,0,0,0
WBGene00022973.,0,0,0
WBGene00022974.,0,0,0
WBGene00022975.,0,0,0
WBGene00022976.,0,0,0
WBGene00022977.,0,0,0
WBGene00022978.,0,0,0
WBGene00022979.,0,0,0
WBGene00022980.,0,0,0
WBGene00022981.,0,0,0
WBGene00022982.,0,30,30
WBGene00022983.,0,57,57
WBGene00022984.,0,0,0
WBGene00022985.,0,0,0
WBGene00022986.,0,0,0
WBGene00022987.,0,0,0
WBGene00022988.,0,0,0
WBGene00022989.,0,0,0
WBGene00022990.,0,0,0
WBGene00022991.,0,0,0
WBGene00022992.,0,0,0
WBGene00022993.,0,0,0
WBGene00022994.,0,0,0
WBGene00022995.,0,0,0
WBGene00022996.,0,0,0
WBGene00022997.,0,0,0
WBGene00022998.,1,0,1
WBGene00022999.,0,0,0
WBGene00023000.,0,0,0
WBGene00023001.,0,0,0
WBGene00023002.,0,0,0
WBGene00023003.,0,0,0
WBGene00023004.,0,0,0
WBGene00023005.,0,0,0
WBGene00023006.,0,0,0
WBGene00023007.,0,0,0
WBGene00023008.,0,0,0
WBGene00023009.,0,0,0
WBGene00023010.,0,0,0
WBGene00023011.,0,0,0
WBGene00023012.,0,0,0
WBGene00023013.,0,0,0
WBGene00023014.,0,0,0
WBGene00023015.,0,1,1
WBGene00023016.,0,0,0
WBGene00023017.,0,0,0
WBGene00023018.,0,0,0
WBGene00023019.,0,0,0
WBGene00023020.,0,268,268
WBGene00023021.,0,3039,3039
WBGene00023022.,0,0,0
WBGene00023023.,0,0,0
WBGene00023024.,0,0,0
WBGene00023025.,0,0,0
WBGene00023026.,0,0,0
WBGene00023027.,0,0,0
WBGene00023028.,0,0,0
WBGene00023029.,0,0,0
WBGene00023030.,0,0,0
WBGene00023031.,0,0,0
WBGene00023032.,0,0,0
WBGene00023033.,0,0,0
WBGene00023034.,0,0,0
WBGene00023035.,0,0,0
WBGene00023036.,372,3664,4036
WBGene00023037.,0,0,0
WBGene00023038.,0,0,0
WBGene00023039.,5,14,19
WBGene00023040.,0,0,0
WBGene00023041.,0,0,0
WBGene00023042.,0,0,0
WBGene00023043.,0,0,0
WBGene00023044.,0,0,0
WBGene00023045.,0,4,4
WBGene00023046.,0,0,0
WBGene00023047.,0,0,0
WBGene00023048.,0,0,0
WBGene00023049.,0,5,5
WBGene00023050.,0,0,0
WBGene00023051.,0,0,0
WBGene00023052.,0,0,0
WBGene00023053.,0,0,0
WBGene00023054.,0,0,0
WBGene00023055.,0,0,0
WBGene00023056.,0,0,0
WBGene00023057.,0,0,0
WBGene00023058.,0,0,0
WBGene00023059.,0,0,0
WBGene00023060.,0,0,0
WBGene00023061.,0,0,0
WBGene00023062.,0,0,0
WBGene00023063.,0,0,0
WBGene00023064.,0,0,0
WBGene00023065.,0,0,0
WBGene00023066.,0,212,212
WBGene00023067.,7168,14547,21715
WBGene00023068.,182455,315083,497538
WBGene00023069.,2,451,453
WBGene00023070.,0,0,0
WBGene00023071.,0,0,0
WBGene00023072.,0,0,0
WBGene00023073.,0,0,0
WBGene00023074.,0,0,0
WBGene00023075.,0,0,0
WBGene00023076.,0,0,0
WBGene00023077.,0,0,0
WBGene00023078.,0,0,0
WBGene00023079.,0,0,0
WBGene00023080.,0,0,0
WBGene00023081.,0,0,0
WBGene00023082.,0,0,0
WBGene00023083.,0,60,60
WBGene00023084.,0,5,5
WBGene00023085.,0,0,0
WBGene00023086.,0,0,0
WBGene00023087.,0,0,0
WBGene00023088.,0,0,0
WBGene00023089.,0,0,0
WBGene00023090.,0,0,0
WBGene00023091.,0,0,0
WBGene00023092.,0,0,0
WBGene00023093.,0,0,0
WBGene00023094.,0,0,0
WBGene00023095.,0,0,0
WBGene00023096.,0,0,0
WBGene00023097.,0,0,0
WBGene00023098.,0,0,0
WBGene00023099.,0,0,0
WBGene00023100.,0,0,0
WBGene00023101.,0,0,0
WBGene00023102.,0,0,0
WBGene00023103.,0,0,0
WBGene00023104.,9,11,20
WBGene00023105.,0,0,0
WBGene00023106.,0,0,0
WBGene00023107.,0,0,0
WBGene00023108.,0,0,0
WBGene00023109.,0,0,0
WBGene00023110.,0,0,0
WBGene00023111.,0,0,0
WBGene00023112.,0,0,0
WBGene00023113.,0,0,0
WBGene00023115.,0,0,0
WBGene00023116.,0,4,4
WBGene00023117.,0,0,0
WBGene00023118.,0,3,3
WBGene00023119.,0,0,0
WBGene00023120.,0,0,0
WBGene00023121.,0,0,0
WBGene00023122.,0,0,0
WBGene00023123.,0,0,0
WBGene00023124.,0,0,0
WBGene00023125.,0,0,0
WBGene00023126.,0,0,0
WBGene00023127.,0,0,0
WBGene00023128.,0,0,0
WBGene00023129.,0,0,0
WBGene00023130.,0,0,0
WBGene00023131.,0,0,0
WBGene00023132.,0,0,0
WBGene00023133.,0,0,0
WBGene00023134.,0,0,0
WBGene00023135.,0,0,0
WBGene00023136.,0,0,0
WBGene00023137.,0,0,0
WBGene00023138.,0,0,0
WBGene00023139.,0,0,0
WBGene00023140.,0,0,0
WBGene00023141.,0,0,0
WBGene00023142.,0,3,3
WBGene00023143.,0,0,0
WBGene00023144.,0,0,0
WBGene00023145.,0,0,0
WBGene00023146.,0,0,0
WBGene00023147.,0,0,0
WBGene00023148.,0,0,0
WBGene00023149.,0,0,0
WBGene00023150.,0,0,0
WBGene00023151.,0,0,0
WBGene00023152.,0,0,0
WBGene00023153.,0,0,0
WBGene00023154.,0,0,0
WBGene00023155.,0,0,0
WBGene00023156.,0,0,0
WBGene00023157.,0,0,0
WBGene00023158.,0,0,0
WBGene00023159.,0,0,0
WBGene00023160.,0,0,0
WBGene00023161.,0,0,0
WBGene00023162.,0,2,2
WBGene00023163.,1,1,2
WBGene00023164.,0,0,0
WBGene00023165.,0,0,0
WBGene00023166.,0,0,0
WBGene00023167.,0,0,0
WBGene00023168.,0,0,0
WBGene00023169.,0,0,0
WBGene00023170.,0,0,0
WBGene00023171.,0,0,0
WBGene00023172.,8,36,44
WBGene00023173.,0,0,0
WBGene00023174.,0,0,0
WBGene00023175.,0,0,0
WBGene00023176.,0,0,0
WBGene00023177.,0,0,0
WBGene00023178.,0,0,0
WBGene00023179.,0,0,0
WBGene00023180.,0,0,0
WBGene00023181.,0,0,0
WBGene00023182.,0,0,0
WBGene00023183.,0,29,29
WBGene00023184.,0,0,0
WBGene00023185.,0,0,0
WBGene00023186.,0,0,0
WBGene00023187.,0,0,0
WBGene00023188.,0,0,0
WBGene00023189.,0,0,0
WBGene00023190.,0,0,0
WBGene00023191.,9,24,33
WBGene00023192.,0,0,0
WBGene00023193.,0,69,69
WBGene00023194.,0,1,1
WBGene00023195.,0,0,0
WBGene00023196.,0,0,0
WBGene00023197.,0,0,0
WBGene00023198.,0,0,0
WBGene00023199.,0,0,0
WBGene00023200.,0,0,0
WBGene00023201.,0,0,0
WBGene00023202.,0,0,0
WBGene00023203.,0,0,0
WBGene00023204.,0,0,0
WBGene00023205.,0,66,66
WBGene00023206.,0,0,0
WBGene00023207.,0,0,0
WBGene00023208.,0,0,0
WBGene00023209.,193,26297,26490
WBGene00023210.,0,0,0
WBGene00023211.,0,0,0
WBGene00023212.,0,0,0
WBGene00023213.,0,0,0
WBGene00023214.,0,0,0
WBGene00023215.,0,0,0
WBGene00023216.,0,0,0
WBGene00023217.,0,0,0
WBGene00023218.,0,0,0
WBGene00023219.,0,0,0
WBGene00023220.,0,0,0
WBGene00023221.,0,0,0
WBGene00023222.,0,0,0
WBGene00023223.,52,27,79
WBGene00023224.,0,0,0
WBGene00023225.,1,0,1
WBGene00023226.,0,2,2
WBGene00023227.,0,0,0
WBGene00023228.,0,0,0
WBGene00023229.,0,0,0
WBGene00023230.,0,0,0
WBGene00023231.,0,0,0
WBGene00023232.,0,0,0
WBGene00023233.,0,0,0
WBGene00023234.,0,0,0
WBGene00023235.,0,1,1
WBGene00023236.,1,0,1
WBGene00023237.,0,3,3
WBGene00023238.,0,1,1
WBGene00023239.,0,12,12
WBGene00023240.,0,0,0
WBGene00023241.,0,4,4
WBGene00023242.,0,0,0
WBGene00023243.,1,0,1
WBGene00023244.,3,1,4
WBGene00023245.,8,206,214
WBGene00023246.,0,36,36
WBGene00023247.,0,2,2
WBGene00023248.,1,2,3
WBGene00023249.,0,2,2
WBGene00023250.,0,0,0
WBGene00023251.,0,0,0
WBGene00023252.,0,59,59
WBGene00023253.,0,0,0
WBGene00023254.,0,0,0
WBGene00023255.,0,0,0
WBGene00023256.,0,0,0
WBGene00023257.,0,0,0
WBGene00023259.,19,70,89
WBGene00023260.,0,0,0
WBGene00023262.,0,3,3
WBGene00023263.,0,16505,16505
WBGene00023264.,57,32,89
WBGene00023265.,0,0,0
WBGene00023266.,0,0,0
WBGene00023267.,0,0,0
WBGene00023268.,0,5,5
WBGene00023269.,0,0,0
WBGene00023270.,10,18,28
WBGene00023271.,0,51,51
WBGene00023272.,3,1,4
WBGene00023273.,4,12,16
WBGene00023274.,1,1,2
WBGene00023275.,0,0,0
WBGene00023276.,0,22,22
WBGene00023277.,0,50,50
WBGene00023278.,0,2,2
WBGene00023279.,0,11,11
WBGene00023281.,3,46,49
WBGene00023282.,0,42,42
WBGene00023283.,0,0,0
WBGene00023284.,0,214,214
WBGene00023285.,0,7,7
WBGene00023287.,0,4,4
WBGene00023288.,0,3,3
WBGene00023289.,0,0,0
WBGene00023290.,0,0,0
WBGene00023291.,0,0,0
WBGene00023293.,0,7,7
WBGene00023294.,0,1,1
WBGene00023295.,0,0,0
WBGene00023296.,0,0,0
WBGene00023297.,0,1,1
WBGene00023298.,0,0,0
WBGene00023299.,0,0,0
WBGene00023300.,0,0,0
WBGene00023301.,2,3,5
WBGene00023302.,1,47,48
WBGene00023303.,1,5,6
WBGene00023304.,0,0,0
WBGene00023305.,0,1,1
WBGene00023306.,1,0,1
WBGene00023307.,0,0,0
WBGene00023308.,145,0,145
WBGene00023309.,0,1,1
WBGene00023310.,0,0,0
WBGene00023311.,0,3,3
WBGene00023312.,0,0,0
WBGene00023313.,0,1,1
WBGene00023314.,1,31,32
WBGene00023315.,1,0,1
WBGene00023316.,0,1,1
WBGene00023317.,2,0,2
WBGene00023318.,8,107,115
WBGene00023319.,0,17,17
WBGene00023320.,0,3,3
WBGene00023321.,0,0,0
WBGene00023322.,0,0,0
WBGene00023323.,16,223,239
WBGene00023324.,0,0,0
WBGene00023325.,0,0,0
WBGene00023326.,0,13,13
WBGene00023327.,2,0,2
WBGene00023328.,0,0,0
WBGene00023329.,0,0,0
WBGene00023330.,6,5,11
WBGene00023331.,0,0,0
WBGene00023332.,0,0,0
WBGene00023333.,0,0,0
WBGene00023334.,0,0,0
WBGene00023335.,2,0,2
WBGene00023336.,1,2,3
WBGene00023337.,1,0,1
WBGene00023338.,1,0,1
WBGene00023339.,1,4,5
WBGene00023340.,6,1,7
WBGene00023341.,0,0,0
WBGene00023342.,0,0,0
WBGene00023343.,0,0,0
WBGene00023344.,0,0,0
WBGene00023345.,0,0,0
WBGene00023346.,0,0,0
WBGene00023348.,0,9,9
WBGene00023349.,0,2,2
WBGene00023351.,1,17,18
WBGene00023352.,0,0,0
WBGene00023353.,0,5,5
WBGene00023354.,0,0,0
WBGene00023355.,116,33,149
WBGene00023356.,0,1,1
WBGene00023357.,0,1,1
WBGene00023358.,0,4,4
WBGene00023359.,0,0,0
WBGene00023360.,0,0,0
WBGene00023361.,0,0,0
WBGene00023362.,0,0,0
WBGene00023363.,0,0,0
WBGene00023364.,0,75,75
WBGene00023365.,0,0,0
WBGene00023366.,0,0,0
WBGene00023367.,0,0,0
WBGene00023368.,0,0,0
WBGene00023369.,0,0,0
WBGene00023370.,0,0,0
WBGene00023371.,0,0,0
WBGene00023372.,0,0,0
WBGene00023373.,0,13,13
WBGene00023375.,0,0,0
WBGene00023376.,0,4,4
WBGene00023377.,0,1,1
WBGene00023378.,0,0,0
WBGene00023379.,0,0,0
WBGene00023380.,0,0,0
WBGene00023381.,0,0,0
WBGene00023382.,0,0,0
WBGene00023383.,0,0,0
WBGene00023384.,0,0,0
WBGene00023385.,0,0,0
WBGene00023386.,0,0,0
WBGene00023387.,0,0,0
WBGene00023388.,0,1,1
WBGene00023389.,0,0,0
WBGene00023390.,0,1,1
WBGene00023391.,0,0,0
WBGene00023392.,0,0,0
WBGene00023393.,0,0,0
WBGene00023394.,0,0,0
WBGene00023395.,11,79,90
WBGene00023396.,0,14,14
WBGene00023397.,0,1,1
WBGene00023398.,0,0,0
WBGene00023399.,0,8,8
WBGene00023400.,0,0,0
WBGene00023401.,0,6615,6615
WBGene00023402.,0,3,3
WBGene00023404.,88,557,645
WBGene00023405.,281,4014,4295
WBGene00023407.,17,1174,1191
WBGene00023408.,181,10273,10454
WBGene00023409.,95,1339,1434
WBGene00023410.,1,1,2
WBGene00023411.,11,26,37
WBGene00023413.,6,42,48
WBGene00023414.,332,1210,1542
WBGene00023415.,38,253,291
WBGene00023416.,79,1854,1933
WBGene00023417.,24,2013,2037
WBGene00023418.,8,899,907
WBGene00023419.,104,1921,2025
WBGene00023420.,1,66,67
WBGene00023421.,76,718,794
WBGene00023422.,208,2361,2569
WBGene00023423.,46,100,146
WBGene00023424.,3,13,16
WBGene00023425.,2,10,12
WBGene00023427.,25,71,96
WBGene00023428.,0,0,0
WBGene00023429.,0,0,0
WBGene00023430.,0,0,0
WBGene00023431.,258,488,746
WBGene00023432.,311,5769,6080
WBGene00023450.,99,495,594
WBGene00023451.,13,73,86
WBGene00023452.,0,0,0
WBGene00023453.,0,2,2
WBGene00023454.,0,0,0
WBGene00023455.,0,0,0
WBGene00023456.,0,0,0
WBGene00023457.,0,1,1
WBGene00023458.,23,1076,1099
WBGene00023459.,1,0,1
WBGene00023460.,42,419,461
WBGene00023461.,0,0,0
WBGene00023462.,4,8,12
WBGene00023463.,2,18,20
WBGene00023464.,8,14,22
WBGene00023465.,11,26,37
WBGene00023466.,0,0,0
WBGene00023467.,0,0,0
WBGene00023468.,0,0,0
WBGene00023469.,0,0,0
WBGene00023470.,3,11,14
WBGene00023471.,11,9,20
WBGene00023472.,22,373,395
WBGene00023474.,5,4,9
WBGene00023475.,3,9,12
WBGene00023476.,0,18,18
WBGene00023477.,1,131,132
WBGene00023478.,3,4,7
WBGene00023479.,2,3,5
WBGene00023480.,17,89,106
WBGene00023481.,2,8,10
WBGene00023482.,0,0,0
WBGene00023483.,3,9,12
WBGene00023484.,3,3,6
WBGene00023485.,2,1498,1500
WBGene00023486.,19,532,551
WBGene00023487.,176,7646,7822
WBGene00023488.,22,4,26
WBGene00023489.,1789,391,2180
WBGene00023490.,4,73,77
WBGene00023491.,285,1131,1416
WBGene00023492.,5,58,63
WBGene00023493.,4,10,14
WBGene00023497.,109,1925,2034
WBGene00023498.,28,1076,1104
WBGene00023499.,7,15,22
WBGene00023500.,108,1156,1264
WBGene00023501.,12,105,117
WBGene00023502.,119,492,611
WBGene00023503.,39,530,569
WBGene00023504.,294,2495,2789
WBGene00023505.,5,11,16
WBGene00023506.,4,15,19
WBGene00023507.,1,10,11
WBGene00023508.,0,2,2
WBGene00023509.,3,3,6
WBGene00023510.,0,3,3
WBGene00023511.,0,4,4
WBGene00023512.,0,0,0
WBGene00023513.,3,5,8
WBGene00023514.,2,0,2
WBGene00023515.,266,310,576
WBGene00023516.,1,1,2
WBGene00023517.,0,21,21
WBGene00023518.,0,0,0
WBGene00023519.,33,359,392
WBGene00023520.,128,975,1103
WBGene00043049.,18,124,142
WBGene00043050.,205,1929,2134
WBGene00043051.,124,886,1010
WBGene00043052.,3,7,10
WBGene00043053.,251,15,266
WBGene00043054.,22,407,429
WBGene00043055.,0,0,0
WBGene00043056.,164,562,726
WBGene00043057.,97,883,980
WBGene00043058.,0,1,1
WBGene00043059.,13,7,20
WBGene00043060.,329,2789,3118
WBGene00043061.,49,20,69
WBGene00043062.,16,1000,1016
WBGene00043064.,51,8283,8334
WBGene00043065.,15,38,53
WBGene00043066.,72,565,637
WBGene00043067.,76,1650,1726
WBGene00043068.,16,237,253
WBGene00043069.,17,19,36
WBGene00043097.,259,8233,8492
WBGene00043120.,15,129,144
WBGene00043147.,0,12,12
WBGene00043156.,71,338,409
WBGene00043187.,0,0,0
WBGene00043239.,22,0,22
WBGene00043279.,152,481,633
WBGene00043283.,3,0,3
WBGene00043297.,442,5983,6425
WBGene00043302.,224,3314,3538
WBGene00043308.,6,217,223
WBGene00043327.,0,0,0
WBGene00043328.,0,0,0
WBGene00043466.,1,1,2
WBGene00043469.,0,0,0
WBGene00043534.,41,36,77
WBGene00043666.,0,6,6
WBGene00043702.,0,481,481
WBGene00043705.,50,87,137
WBGene00043743.,0,0,0
WBGene00043948.,0,0,0
WBGene00043952.,35,44,79
WBGene00043980.,4,5,9
WBGene00043981.,29,58,87
WBGene00043982.,123,1300,1423
WBGene00043983.,31,884,915
WBGene00043984.,0,4,4
WBGene00043985.,41,466,507
WBGene00043986.,2,13,15
WBGene00043987.,0,0,0
WBGene00043988.,48,52,100
WBGene00043989.,0,0,0
WBGene00043990.,0,0,0
WBGene00043991.,0,0,0
WBGene00043992.,53,384,437
WBGene00043993.,5,1,6
WBGene00043994.,29,927,956
WBGene00043995.,79,401,480
WBGene00043996.,89,33,122
WBGene00043997.,42,122,164
WBGene00043998.,2,86,88
WBGene00044000.,6,8,14
WBGene00044001.,43,2849,2892
WBGene00044002.,2,1,3
WBGene00044003.,9,1,10
WBGene00044004.,0,254,254
WBGene00044005.,0,3,3
WBGene00044006.,103,1685,1788
WBGene00044007.,266,1769,2035
WBGene00044008.,156,1681,1837
WBGene00044009.,188,1609,1797
WBGene00044011.,0,115,115
WBGene00044012.,4,7,11
WBGene00044013.,4,2,6
WBGene00044014.,3,0,3
WBGene00044015.,0,58,58
WBGene00044016.,62,1362,1424
WBGene00044018.,9,3,12
WBGene00044019.,59,726,785
WBGene00044020.,3,100,103
WBGene00044021.,29,402,431
WBGene00044022.,0,2,2
WBGene00044024.,20,114,134
WBGene00044025.,100,1878,1978
WBGene00044026.,127,9925,10052
WBGene00044027.,6,59,65
WBGene00044028.,25,527,552
WBGene00044029.,213,2916,3129
WBGene00044030.,6,6,12
WBGene00044031.,2,4,6
WBGene00044032.,8,98,106
WBGene00044034.,0,46,46
WBGene00044035.,12,182,194
WBGene00044036.,0,0,0
WBGene00044037.,0,4,4
WBGene00044038.,21,12,33
WBGene00044040.,0,0,0
WBGene00044041.,16,16,32
WBGene00044042.,0,0,0
WBGene00044043.,0,10,10
WBGene00044044.,9,10,19
WBGene00044045.,41,284,325
WBGene00044046.,0,1,1
WBGene00044047.,0,1,1
WBGene00044048.,10,19,29
WBGene00044049.,615,4788,5403
WBGene00044051.,0,2,2
WBGene00044052.,0,2,2
WBGene00044053.,4,190,194
WBGene00044054.,49,29,78
WBGene00044056.,1,0,1
WBGene00044057.,0,6,6
WBGene00044058.,16,99,115
WBGene00044059.,6,47,53
WBGene00044061.,192,1425,1617
WBGene00044062.,0,13,13
WBGene00044063.,49,3397,3446
WBGene00044065.,178,590,768
WBGene00044066.,0,60,60
WBGene00044067.,13,271,284
WBGene00044068.,628,7595,8223
WBGene00044069.,59,1513,1572
WBGene00044070.,474,7395,7869
WBGene00044071.,150,2304,2454
WBGene00044072.,291,2008,2299
WBGene00044073.,149,1685,1834
WBGene00044074.,11,49,60
WBGene00044077.,164,2705,2869
WBGene00044078.,530,5064,5594
WBGene00044079.,836,7564,8400
WBGene00044080.,2,6,8
WBGene00044081.,1,1,2
WBGene00044082.,59,1926,1985
WBGene00044083.,0,0,0
WBGene00044084.,9,14,23
WBGene00044085.,0,13,13
WBGene00044086.,0,3,3
WBGene00044087.,4,2,6
WBGene00044088.,3,4,7
WBGene00044089.,1,1,2
WBGene00044090.,2,26,28
WBGene00044091.,23,90,113
WBGene00044092.,9,29,38
WBGene00044093.,3,59,62
WBGene00044094.,137,2435,2572
WBGene00044095.,7,9,16
WBGene00044096.,0,0,0
WBGene00044097.,0,2,2
WBGene00044099.,0,0,0
WBGene00044100.,1,2,3
WBGene00044101.,3,2,5
WBGene00044102.,2,2,4
WBGene00044103.,0,26,26
WBGene00044104.,33,37,70
WBGene00044105.,0,0,0
WBGene00044106.,2,8,10
WBGene00044107.,12,4517,4529
WBGene00044109.,0,137,137
WBGene00044112.,4,8,12
WBGene00044113.,1,1,2
WBGene00044114.,2,2,4
WBGene00044115.,5,4,9
WBGene00044116.,5,4,9
WBGene00044117.,9,96,105
WBGene00044119.,2,1,3
WBGene00044120.,218,758,976
WBGene00044121.,1,7,8
WBGene00044122.,77,64,141
WBGene00044124.,4,3,7
WBGene00044125.,44,45,89
WBGene00044126.,6,3,9
WBGene00044127.,2,0,2
WBGene00044128.,0,2,2
WBGene00044129.,0,5,5
WBGene00044130.,1,8,9
WBGene00044131.,0,0,0
WBGene00044132.,24,399,423
WBGene00044133.,4,0,4
WBGene00044134.,52,625,677
WBGene00044135.,13,21,34
WBGene00044136.,3,5,8
WBGene00044137.,0,82,82
WBGene00044138.,131,903,1034
WBGene00044139.,13,106,119
WBGene00044140.,1,2,3
WBGene00044141.,0,60,60
WBGene00044142.,8,52,60
WBGene00044143.,255,772,1027
WBGene00044144.,33,1487,1520
WBGene00044145.,1,7,8
WBGene00044146.,4,1,5
WBGene00044147.,3,35,38
WBGene00044148.,3,3,6
WBGene00044149.,0,0,0
WBGene00044150.,17,189,206
WBGene00044151.,79,623,702
WBGene00044152.,7,77,84
WBGene00044153.,28,43,71
WBGene00044154.,7,34,41
WBGene00044155.,32,31,63
WBGene00044156.,15,226,241
WBGene00044157.,2,0,2
WBGene00044158.,8,9,17
WBGene00044159.,0,0,0
WBGene00044160.,8,4,12
WBGene00044161.,5,7,12
WBGene00044162.,2,1,3
WBGene00044163.,39,150,189
WBGene00044164.,0,2,2
WBGene00044166.,20,330,350
WBGene00044167.,51,670,721
WBGene00044168.,42,1103,1145
WBGene00044169.,11,50,61
WBGene00044170.,4,29,33
WBGene00044171.,0,0,0
WBGene00044174.,36,1023,1059
WBGene00044175.,61,1254,1315
WBGene00044176.,144,3066,3210
WBGene00044177.,4,5,9
WBGene00044178.,0,0,0
WBGene00044179.,1,1,2
WBGene00044180.,72,140,212
WBGene00044181.,13,117,130
WBGene00044182.,3,38,41
WBGene00044183.,1,6,7
WBGene00044184.,0,5,5
WBGene00044185.,1,0,1
WBGene00044187.,2290,116,2406
WBGene00044188.,57,625,682
WBGene00044189.,4,14,18
WBGene00044191.,319,4681,5000
WBGene00044192.,0,3,3
WBGene00044193.,0,22,22
WBGene00044194.,0,1,1
WBGene00044195.,0,3,3
WBGene00044196.,1,0,1
WBGene00044197.,0,35,35
WBGene00044198.,1,58,59
WBGene00044199.,2,0,2
WBGene00044200.,60,392,452
WBGene00044201.,0,1,1
WBGene00044202.,3,4,7
WBGene00044203.,2,14,16
WBGene00044204.,33,835,868
WBGene00044205.,6,134,140
WBGene00044206.,22,193,215
WBGene00044207.,1,9,10
WBGene00044208.,2,1,3
WBGene00044209.,3,89,92
WBGene00044210.,79,782,861
WBGene00044211.,8,89,97
WBGene00044212.,21,91,112
WBGene00044213.,7,50,57
WBGene00044215.,0,1,1
WBGene00044216.,2,17,19
WBGene00044217.,0,35,35
WBGene00044218.,2,63,65
WBGene00044219.,0,0,0
WBGene00044220.,1,14,15
WBGene00044221.,76,2063,2139
WBGene00044222.,1,11,12
WBGene00044224.,19,7,26
WBGene00044225.,0,3,3
WBGene00044226.,0,4,4
WBGene00044227.,13,86,99
WBGene00044228.,19,71,90
WBGene00044229.,11,12,23
WBGene00044230.,3,6,9
WBGene00044232.,34,21,55
WBGene00044233.,101,511,612
WBGene00044235.,0,2,2
WBGene00044236.,4,778,782
WBGene00044237.,2,1,3
WBGene00044238.,51,180,231
WBGene00044239.,18,289,307
WBGene00044240.,31,46,77
WBGene00044241.,28,438,466
WBGene00044242.,0,0,0
WBGene00044243.,1,6,7
WBGene00044244.,1,15,16
WBGene00044245.,0,54,54
WBGene00044246.,0,0,0
WBGene00044247.,5,3,8
WBGene00044249.,12,14,26
WBGene00044250.,1,12,13
WBGene00044251.,22,183,205
WBGene00044253.,8,398,406
WBGene00044256.,4,4,8
WBGene00044257.,1,17,18
WBGene00044258.,55,168,223
WBGene00044259.,0,11,11
WBGene00044260.,387,40229,40616
WBGene00044261.,13,32,45
WBGene00044262.,16,14,30
WBGene00044263.,0,0,0
WBGene00044264.,2,23,25
WBGene00044265.,6,66,72
WBGene00044266.,0,10,10
WBGene00044267.,0,1,1
WBGene00044268.,19,35,54
WBGene00044270.,1,3,4
WBGene00044271.,0,1,1
WBGene00044272.,0,0,0
WBGene00044273.,0,0,0
WBGene00044274.,0,0,0
WBGene00044275.,0,1,1
WBGene00044276.,0,2,2
WBGene00044277.,0,0,0
WBGene00044278.,3,7,10
WBGene00044279.,0,4,4
WBGene00044280.,3342,3113,6455
WBGene00044281.,3,17,20
WBGene00044282.,4,0,4
WBGene00044283.,463,1980,2443
WBGene00044284.,1,11,12
WBGene00044285.,0,6,6
WBGene00044286.,2,14,16
WBGene00044287.,24,320,344
WBGene00044288.,5,111,116
WBGene00044289.,10,662,672
WBGene00044290.,131,126,257
WBGene00044291.,203,1481,1684
WBGene00044292.,33,192,225
WBGene00044293.,1,1,2
WBGene00044294.,336,2075,2411
WBGene00044295.,9,144,153
WBGene00044296.,266,5328,5594
WBGene00044297.,29,188,217
WBGene00044298.,1,3,4
WBGene00044299.,8,90,98
WBGene00044300.,17,59,76
WBGene00044301.,81,2158,2239
WBGene00044302.,1,30,31
WBGene00044303.,30,357,387
WBGene00044304.,236,504,740
WBGene00044305.,70,2468,2538
WBGene00044306.,8,26,34
WBGene00044307.,2,5,7
WBGene00044308.,1,2,3
WBGene00044309.,3,9,12
WBGene00044310.,84,804,888
WBGene00044311.,27,381,408
WBGene00044312.,9,23,32
WBGene00044313.,15,181,196
WBGene00044314.,0,1,1
WBGene00044315.,1,8,9
WBGene00044316.,140,1336,1476
WBGene00044317.,1,25,26
WBGene00044318.,89,4389,4478
WBGene00044319.,13,534,547
WBGene00044321.,622,6236,6858
WBGene00044322.,17,1151,1168
WBGene00044323.,82,1643,1725
WBGene00044324.,34,8466,8500
WBGene00044325.,85,1544,1629
WBGene00044326.,258,2199,2457
WBGene00044329.,82,1529,1611
WBGene00044330.,38,1183,1221
WBGene00044331.,5,15,20
WBGene00044332.,0,161,161
WBGene00044333.,7,20,27
WBGene00044337.,0,0,0
WBGene00044338.,5,1088,1093
WBGene00044339.,1,215,216
WBGene00044340.,0,21,21
WBGene00044341.,136,1161,1297
WBGene00044342.,168,403,571
WBGene00044343.,6,33,39
WBGene00044344.,63,3418,3481
WBGene00044345.,50,881,931
WBGene00044346.,0,1,1
WBGene00044347.,14,15,29
WBGene00044348.,262,165,427
WBGene00044349.,34,89,123
WBGene00044350.,83,544,627
WBGene00044352.,0,5,5
WBGene00044353.,29,414,443
WBGene00044354.,13,373,386
WBGene00044355.,5,257,262
WBGene00044356.,4,20,24
WBGene00044357.,0,0,0
WBGene00044358.,11,4,15
WBGene00044359.,0,2,2
WBGene00044360.,0,7,7
WBGene00044361.,0,1,1
WBGene00044362.,0,6,6
WBGene00044363.,22,426,448
WBGene00044364.,0,2,2
WBGene00044365.,0,1,1
WBGene00044366.,0,26,26
WBGene00044367.,14,340,354
WBGene00044368.,247,25,272
WBGene00044369.,1,4,5
WBGene00044370.,0,0,0
WBGene00044371.,0,3,3
WBGene00044372.,0,1,1
WBGene00044373.,23,1954,1977
WBGene00044374.,9,38,47
WBGene00044375.,0,0,0
WBGene00044376.,0,36,36
WBGene00044377.,0,0,0
WBGene00044378.,0,3,3
WBGene00044379.,1,4,5
WBGene00044380.,13,176,189
WBGene00044381.,636,1413,2049
WBGene00044382.,13,202,215
WBGene00044383.,0,5,5
WBGene00044384.,15,1,16
WBGene00044385.,7,5,12
WBGene00044386.,11,73,84
WBGene00044387.,58,1501,1559
WBGene00044388.,0,1,1
WBGene00044389.,263,4090,4353
WBGene00044390.,1,2,3
WBGene00044391.,139,132,271
WBGene00044392.,25,174,199
WBGene00044393.,0,1,1
WBGene00044394.,6,77,83
WBGene00044395.,30,112,142
WBGene00044396.,71,3828,3899
WBGene00044397.,0,2,2
WBGene00044398.,0,3,3
WBGene00044399.,0,1,1
WBGene00044401.,145,1846,1991
WBGene00044402.,15,38,53
WBGene00044403.,48,509,557
WBGene00044405.,13,5,18
WBGene00044406.,8,437,445
WBGene00044409.,18,121,139
WBGene00044410.,67,407,474
WBGene00044411.,180,1383,1563
WBGene00044412.,8,332,340
WBGene00044413.,1240,388,1628
WBGene00044414.,10,90,100
WBGene00044415.,0,0,0
WBGene00044416.,0,0,0
WBGene00044417.,0,25,25
WBGene00044418.,640,2755,3395
WBGene00044419.,5,11,16
WBGene00044420.,19,712,731
WBGene00044421.,317,2117,2434
WBGene00044423.,13,50,63
WBGene00044424.,4,13,17
WBGene00044425.,1,0,1
WBGene00044427.,9,54,63
WBGene00044428.,36,32,68
WBGene00044429.,11,1,12
WBGene00044430.,6,2,8
WBGene00044431.,194,1992,2186
WBGene00044432.,10,28,38
WBGene00044433.,334,3505,3839
WBGene00044434.,8,31,39
WBGene00044435.,0,55,55
WBGene00044436.,13,246,259
WBGene00044437.,212,183,395
WBGene00044438.,140,624,764
WBGene00044439.,0,9,9
WBGene00044440.,76,296,372
WBGene00044441.,0,5,5
WBGene00044442.,5,235,240
WBGene00044443.,288,4948,5236
WBGene00044444.,15,14,29
WBGene00044445.,170,1163,1333
WBGene00044446.,3,62,65
WBGene00044447.,0,1,1
WBGene00044448.,0,46,46
WBGene00044449.,0,3,3
WBGene00044450.,0,0,0
WBGene00044451.,0,0,0
WBGene00044452.,143,2182,2325
WBGene00044453.,7,54,61
WBGene00044454.,0,2,2
WBGene00044455.,15,225,240
WBGene00044457.,6,446,452
WBGene00044458.,0,14,14
WBGene00044459.,70,129,199
WBGene00044460.,0,24,24
WBGene00044461.,38,24,62
WBGene00044462.,40,163,203
WBGene00044463.,27,323,350
WBGene00044464.,69,198,267
WBGene00044466.,18,1154,1172
WBGene00044467.,377,2004,2381
WBGene00044468.,43,1359,1402
WBGene00044469.,5,157,162
WBGene00044470.,3,10,13
WBGene00044471.,19,335,354
WBGene00044472.,44,334,378
WBGene00044473.,0,0,0
WBGene00044474.,0,0,0
WBGene00044475.,0,0,0
WBGene00044476.,0,13,13
WBGene00044477.,19,193,212
WBGene00044478.,10,175,185
WBGene00044479.,6,78,84
WBGene00044480.,4,15,19
WBGene00044481.,54,518,572
WBGene00044482.,86,389,475
WBGene00044483.,5,1083,1088
WBGene00044484.,105,1284,1389
WBGene00044485.,166,1427,1593
WBGene00044486.,2,23,25
WBGene00044487.,8,64,72
WBGene00044488.,184,1507,1691
WBGene00044489.,0,131,131
WBGene00044490.,0,15,15
WBGene00044491.,2,39,41
WBGene00044492.,27,131,158
WBGene00044493.,23,855,878
WBGene00044495.,76,176,252
WBGene00044498.,0,0,0
WBGene00044499.,1,20,21
WBGene00044500.,205,1626,1831
WBGene00044501.,39,4,43
WBGene00044502.,8,121,129
WBGene00044503.,0,12,12
WBGene00044504.,17,98,115
WBGene00044505.,69,6,75
WBGene00044508.,140,1195,1335
WBGene00044509.,7,843,850
WBGene00044510.,65,492,557
WBGene00044511.,18,200,218
WBGene00044512.,31,972,1003
WBGene00044513.,112,951,1063
WBGene00044514.,201,8484,8685
WBGene00044515.,10,65,75
WBGene00044516.,2,1,3
WBGene00044517.,134,105,239
WBGene00044518.,1,0,1
WBGene00044519.,1,0,1
WBGene00044520.,0,17,17
WBGene00044521.,0,2,2
WBGene00044523.,1,3,4
WBGene00044524.,1,9,10
WBGene00044525.,51,240,291
WBGene00044526.,0,24,24
WBGene00044527.,13,191,204
WBGene00044528.,43,150,193
WBGene00044529.,24,37,61
WBGene00044530.,1,27,28
WBGene00044531.,23,0,23
WBGene00044533.,4,51,55
WBGene00044534.,180,1851,2031
WBGene00044535.,0,29,29
WBGene00044536.,96,2961,3057
WBGene00044537.,0,0,0
WBGene00044538.,1,6,7
WBGene00044539.,5,57,62
WBGene00044541.,0,13,13
WBGene00044542.,86,30,116
WBGene00044543.,0,0,0
WBGene00044544.,546,872,1418
WBGene00044545.,5,1,6
WBGene00044546.,9,28,37
WBGene00044547.,0,95,95
WBGene00044548.,0,2,2
WBGene00044549.,4,0,4
WBGene00044550.,1,1,2
WBGene00044551.,6,59,65
WBGene00044552.,1,38,39
WBGene00044553.,50,3225,3275
WBGene00044554.,53,178,231
WBGene00044556.,4,399,403
WBGene00044557.,108,419,527
WBGene00044558.,0,1,1
WBGene00044559.,9,148,157
WBGene00044560.,6,9,15
WBGene00044561.,1,0,1
WBGene00044562.,0,116,116
WBGene00044563.,13,12,25
WBGene00044564.,2,8,10
WBGene00044565.,0,0,0
WBGene00044567.,3,7,10
WBGene00044568.,515,5220,5735
WBGene00044569.,16,117,133
WBGene00044570.,766,616,1382
WBGene00044571.,56,275,331
WBGene00044573.,0,9,9
WBGene00044574.,39,19,58
WBGene00044575.,1,10,11
WBGene00044577.,0,0,0
WBGene00044578.,0,83,83
WBGene00044579.,7,6,13
WBGene00044580.,3,0,3
WBGene00044581.,0,0,0
WBGene00044582.,30,474,504
WBGene00044583.,0,0,0
WBGene00044584.,95,904,999
WBGene00044585.,0,1,1
WBGene00044586.,0,29,29
WBGene00044587.,1,17,18
WBGene00044588.,61,291,352
WBGene00044589.,1,4,5
WBGene00044602.,7,7,14
WBGene00044603.,110,440,550
WBGene00044604.,34,603,637
WBGene00044605.,274,2290,2564
WBGene00044606.,0,0,0
WBGene00044607.,80,2116,2196
WBGene00044608.,37,1150,1187
WBGene00044609.,335,575,910
WBGene00044610.,0,19,19
WBGene00044611.,48,140,188
WBGene00044612.,33,519,552
WBGene00044614.,52,602,654
WBGene00044615.,114,1215,1329
WBGene00044616.,0,13,13
WBGene00044617.,14,275,289
WBGene00044618.,15,217,232
WBGene00044620.,29,533,562
WBGene00044621.,5,321,326
WBGene00044623.,32,1695,1727
WBGene00044630.,104,1428,1532
WBGene00044631.,32,296,328
WBGene00044632.,3,20,23
WBGene00044633.,6,52,58
WBGene00044634.,1,1,2
WBGene00044636.,102,2338,2440
WBGene00044637.,64,415,479
WBGene00044638.,0,1232,1232
WBGene00044639.,2,0,2
WBGene00044640.,210,2368,2578
WBGene00044641.,148,109,257
WBGene00044642.,1,10,11
WBGene00044643.,16,1557,1573
WBGene00044644.,274,2955,3229
WBGene00044645.,11,64,75
WBGene00044646.,19,44,63
WBGene00044648.,49,613,662
WBGene00044649.,45,15,60
WBGene00044650.,1684,2644,4328
WBGene00044651.,493,660,1153
WBGene00044653.,2,10,12
WBGene00044654.,8,219,227
WBGene00044655.,0,3,3
WBGene00044657.,0,0,0
WBGene00044658.,26,519,545
WBGene00044659.,2,25,27
WBGene00044660.,13,82,95
WBGene00044661.,5,73,78
WBGene00044662.,5,17,22
WBGene00044663.,0,133,133
WBGene00044664.,1,2,3
WBGene00044665.,3,5,8
WBGene00044666.,102,2095,2197
WBGene00044667.,11,113,124
WBGene00044668.,0,2,2
WBGene00044670.,96,0,96
WBGene00044672.,12,261,273
WBGene00044673.,0,0,0
WBGene00044674.,4,6,10
WBGene00044675.,26,422,448
WBGene00044676.,2,142,144
WBGene00044677.,1399,2194,3593
WBGene00044678.,6,98,104
WBGene00044679.,65,886,951
WBGene00044680.,2,3,5
WBGene00044681.,436,4730,5166
WBGene00044683.,3,6,9
WBGene00044684.,10,31,41
WBGene00044686.,74,5525,5599
WBGene00044687.,2,4,6
WBGene00044689.,343,1734,2077
WBGene00044690.,55,457,512
WBGene00044691.,0,0,0
WBGene00044692.,1,0,1
WBGene00044693.,1,0,1
WBGene00044694.,0,1,1
WBGene00044695.,0,3,3
WBGene00044696.,438,6201,6639
WBGene00044697.,31,77,108
WBGene00044698.,75,2197,2272
WBGene00044699.,22,376,398
WBGene00044700.,15,62,77
WBGene00044701.,276,2367,2643
WBGene00044702.,6,6,12
WBGene00044703.,1,0,1
WBGene00044704.,0,8,8
WBGene00044705.,28,174,202
WBGene00044706.,6,3,9
WBGene00044707.,5,2,7
WBGene00044708.,8,2,10
WBGene00044709.,0,0,0
WBGene00044710.,0,0,0
WBGene00044711.,1,1,2
WBGene00044712.,6,164,170
WBGene00044713.,0,2,2
WBGene00044714.,6,2,8
WBGene00044716.,0,0,0
WBGene00044718.,1,11,12
WBGene00044719.,4,343,347
WBGene00044720.,0,22,22
WBGene00044722.,3,2,5
WBGene00044723.,16,168,184
WBGene00044724.,78,1760,1838
WBGene00044725.,15,235,250
WBGene00044726.,22,12,34
WBGene00044727.,0,1,1
WBGene00044728.,0,25297,25297
WBGene00044729.,0,22,22
WBGene00044732.,3,252,255
WBGene00044733.,3,2,5
WBGene00044734.,0,0,0
WBGene00044735.,0,0,0
WBGene00044736.,65,476,541
WBGene00044737.,670,6944,7614
WBGene00044738.,84,87,171
WBGene00044739.,0,3,3
WBGene00044741.,2,6,8
WBGene00044742.,0,20,20
WBGene00044743.,168,1991,2159
WBGene00044744.,5,17,22
WBGene00044745.,103,459,562
WBGene00044746.,0,2951,2951
WBGene00044747.,0,0,0
WBGene00044748.,0,0,0
WBGene00044749.,0,0,0
WBGene00044750.,0,0,0
WBGene00044751.,0,0,0
WBGene00044752.,0,5,5
WBGene00044753.,16,21,37
WBGene00044754.,5,4,9
WBGene00044755.,0,5,5
WBGene00044756.,42,243,285
WBGene00044757.,102,1590,1692
WBGene00044758.,6,88,94
WBGene00044759.,5,88,93
WBGene00044760.,19,85,104
WBGene00044761.,34,398,432
WBGene00044762.,74,1399,1473
WBGene00044763.,5,16,21
WBGene00044764.,58,208,266
WBGene00044767.,6,460,466
WBGene00044768.,10,3,13
WBGene00044769.,0,1,1
WBGene00044770.,90,749,839
WBGene00044771.,35,303,338
WBGene00044772.,75,226,301
WBGene00044773.,1,8,9
WBGene00044774.,231,1303,1534
WBGene00044775.,0,0,0
WBGene00044776.,123,1079,1202
WBGene00044777.,0,1,1
WBGene00044778.,0,3,3
WBGene00044779.,25,193,218
WBGene00044780.,35,59,94
WBGene00044781.,0,1,1
WBGene00044782.,0,0,0
WBGene00044783.,0,8,8
WBGene00044784.,91,9818,9909
WBGene00044786.,1,0,1
WBGene00044787.,2,4,6
WBGene00044788.,24,85,109
WBGene00044789.,45,2851,2896
WBGene00044790.,23,593,616
WBGene00044791.,0,62,62
WBGene00044792.,158,1331,1489
WBGene00044794.,0,0,0
WBGene00044795.,18,310,328
WBGene00044796.,1,11,12
WBGene00044797.,1,301,302
WBGene00044798.,8,3,11
WBGene00044799.,0,120,120
WBGene00044800.,0,0,0
WBGene00044801.,0,0,0
WBGene00044802.,0,0,0
WBGene00044803.,300,490,790
WBGene00044804.,1,2,3
WBGene00044805.,1,5,6
WBGene00044806.,4,10,14
WBGene00044807.,2,81,83
WBGene00044808.,0,0,0
WBGene00044809.,0,0,0
WBGene00044810.,1,3,4
WBGene00044811.,116,2188,2304
WBGene00044889.,0,0,0
WBGene00044891.,104,1192,1296
WBGene00044892.,0,0,0
WBGene00044894.,37,622,659
WBGene00044895.,21,13,34
WBGene00044896.,13,3,16
WBGene00044897.,6,180,186
WBGene00044898.,55,97,152
WBGene00044900.,8,157,165
WBGene00044901.,1,364,365
WBGene00044902.,0,0,0
WBGene00044903.,110,499,609
WBGene00044905.,0,5,5
WBGene00044906.,1,134,135
WBGene00044907.,31,17,48
WBGene00044908.,6,12,18
WBGene00044909.,9,59,68
WBGene00044911.,8,1,9
WBGene00044912.,6,0,6
WBGene00044914.,0,3,3
WBGene00044916.,154,2684,2838
WBGene00044917.,4,42,46
WBGene00044920.,24,233,257
WBGene00044921.,221,5053,5274
WBGene00044922.,34,1036,1070
WBGene00044923.,0,0,0
WBGene00044924.,161,642,803
WBGene00044925.,0,0,0
WBGene00044926.,0,2,2
WBGene00044927.,0,90,90
WBGene00044928.,0,0,0
WBGene00044929.,0,0,0
WBGene00044930.,0,7,7
WBGene00044931.,0,0,0
WBGene00044932.,0,0,0
WBGene00044933.,0,44,44
WBGene00044934.,0,84,84
WBGene00044935.,0,0,0
WBGene00044936.,0,0,0
WBGene00044937.,0,0,0
WBGene00044938.,0,14,14
WBGene00044939.,0,0,0
WBGene00044940.,0,0,0
WBGene00044941.,0,0,0
WBGene00044942.,0,0,0
WBGene00044943.,0,0,0
WBGene00044944.,0,0,0
WBGene00044945.,0,0,0
WBGene00044946.,0,0,0
WBGene00044947.,0,3,3
WBGene00044948.,0,0,0
WBGene00044949.,51,866,917
WBGene00044951.,0,0,0
WBGene00044952.,0,0,0
WBGene00044953.,3,3,6
WBGene00044954.,0,0,0
WBGene00044955.,0,0,0
WBGene00044956.,0,0,0
WBGene00044957.,0,0,0
WBGene00044958.,0,0,0
WBGene00044960.,0,3,3
WBGene00044961.,0,4,4
WBGene00044962.,0,0,0
WBGene00044963.,0,0,0
WBGene00044964.,0,0,0
WBGene00044965.,0,0,0
WBGene00044966.,0,0,0
WBGene00044967.,0,10,10
WBGene00044968.,0,0,0
WBGene00044969.,0,0,0
WBGene00044970.,0,0,0
WBGene00044971.,0,1,1
WBGene00044972.,0,0,0
WBGene00044973.,0,20,20
WBGene00044974.,0,0,0
WBGene00044975.,0,25,25
WBGene00044976.,2,25,27
WBGene00044977.,60,1174,1234
WBGene00044978.,2,3,5
WBGene00044979.,5,37,42
WBGene00044980.,0,0,0
WBGene00044981.,0,0,0
WBGene00044982.,0,0,0
WBGene00044983.,0,0,0
WBGene00044984.,0,0,0
WBGene00044985.,0,0,0
WBGene00044986.,0,0,0
WBGene00044987.,76,296,372
WBGene00044988.,0,21,21
WBGene00044989.,592,3895,4487
WBGene00044990.,105,1643,1748
WBGene00044991.,29,350,379
WBGene00044995.,0,0,0
WBGene00044997.,0,22,22
WBGene00044998.,0,0,0
WBGene00045000.,0,14,14
WBGene00045002.,0,1,1
WBGene00045003.,0,0,0
WBGene00045006.,0,0,0
WBGene00045007.,0,0,0
WBGene00045009.,0,0,0
WBGene00045011.,0,1,1
WBGene00045012.,0,2,2
WBGene00045013.,5,1127,1132
WBGene00045016.,0,1,1
WBGene00045017.,0,0,0
WBGene00045018.,0,1,1
WBGene00045019.,0,0,0
WBGene00045022.,0,1,1
WBGene00045024.,7,272,279
WBGene00045025.,11,2,13
WBGene00045026.,2,0,2
WBGene00045027.,0,1,1
WBGene00045028.,4,2,6
WBGene00045029.,0,4,4
WBGene00045036.,3,37,40
WBGene00045037.,3,0,3
WBGene00045038.,0,0,0
WBGene00045040.,0,1,1
WBGene00045043.,155,13,168
WBGene00045045.,18,51,69
WBGene00045046.,0,0,0
WBGene00045048.,0,318,318
WBGene00045050.,25,658,683
WBGene00045051.,0,0,0
WBGene00045052.,31,384,415
WBGene00045053.,39,137,176
WBGene00045055.,0,0,0
WBGene00045056.,57,926,983
WBGene00045057.,0,0,0
WBGene00045058.,9,75,84
WBGene00045059.,17,27,44
WBGene00045060.,17,11,28
WBGene00045061.,0,0,0
WBGene00045062.,0,47,47
WBGene00045063.,320,714,1034
WBGene00045065.,0,0,0
WBGene00045066.,15,0,15
WBGene00045067.,5,139,144
WBGene00045068.,0,0,0
WBGene00045069.,1,0,1
WBGene00045071.,0,0,0
WBGene00045072.,0,0,0
WBGene00045074.,0,0,0
WBGene00045075.,0,0,0
WBGene00045076.,1,13,14
WBGene00045077.,24,311,335
WBGene00045078.,185,2017,2202
WBGene00045082.,0,0,0
WBGene00045083.,0,11,11
WBGene00045084.,0,0,0
WBGene00045085.,0,0,0
WBGene00045086.,0,0,0
WBGene00045087.,0,0,0
WBGene00045088.,0,0,0
WBGene00045089.,0,22,22
WBGene00045090.,0,0,0
WBGene00045091.,0,2,2
WBGene00045092.,0,0,0
WBGene00045093.,0,177,177
WBGene00045094.,0,0,0
WBGene00045095.,0,149,149
WBGene00045096.,0,294,294
WBGene00045097.,1,2,3
WBGene00045098.,0,0,0
WBGene00045099.,0,1,1
WBGene00045100.,0,11,11
WBGene00045101.,2,13,15
WBGene00045102.,0,0,0
WBGene00045103.,1,1,2
WBGene00045104.,0,11,11
WBGene00045105.,0,1,1
WBGene00045106.,0,0,0
WBGene00045107.,0,1,1
WBGene00045108.,5,11,16
WBGene00045109.,0,0,0
WBGene00045110.,0,0,0
WBGene00045111.,0,0,0
WBGene00045112.,0,0,0
WBGene00045113.,0,0,0
WBGene00045114.,0,23,23
WBGene00045115.,0,9,9
WBGene00045116.,0,0,0
WBGene00045117.,0,20,20
WBGene00045118.,0,84,84
WBGene00045119.,0,20,20
WBGene00045120.,0,0,0
WBGene00045121.,0,79,79
WBGene00045122.,5,0,5
WBGene00045123.,0,12,12
WBGene00045124.,0,61,61
WBGene00045125.,0,0,0
WBGene00045126.,0,0,0
WBGene00045127.,0,5,5
WBGene00045128.,0,3,3
WBGene00045129.,0,318,318
WBGene00045130.,0,0,0
WBGene00045131.,0,0,0
WBGene00045132.,0,1580,1580
WBGene00045133.,0,7,7
WBGene00045134.,0,0,0
WBGene00045136.,0,0,0
WBGene00045137.,0,0,0
WBGene00045138.,0,0,0
WBGene00045139.,0,0,0
WBGene00045140.,0,28,28
WBGene00045141.,0,31,31
WBGene00045142.,0,178,178
WBGene00045143.,5,1,6
WBGene00045144.,8,7,15
WBGene00045145.,0,0,0
WBGene00045146.,32,114,146
WBGene00045147.,0,172,172
WBGene00045148.,0,0,0
WBGene00045149.,0,3,3
WBGene00045150.,0,14,14
WBGene00045151.,0,0,0
WBGene00045152.,0,0,0
WBGene00045153.,0,0,0
WBGene00045154.,0,0,0
WBGene00045155.,0,0,0
WBGene00045156.,0,25,25
WBGene00045157.,0,127,127
WBGene00045158.,0,1,1
WBGene00045159.,0,34,34
WBGene00045160.,0,1,1
WBGene00045161.,0,0,0
WBGene00045162.,0,21,21
WBGene00045163.,0,36,36
WBGene00045164.,0,26,26
WBGene00045165.,0,0,0
WBGene00045167.,0,10,10
WBGene00045168.,0,0,0
WBGene00045169.,0,0,0
WBGene00045170.,0,0,0
WBGene00045171.,0,372,372
WBGene00045172.,0,0,0
WBGene00045174.,0,0,0
WBGene00045175.,0,333,333
WBGene00045176.,0,28,28
WBGene00045177.,7,18,25
WBGene00045178.,2,41,43
WBGene00045179.,0,0,0
WBGene00045180.,0,0,0
WBGene00045182.,0,0,0
WBGene00045183.,4,149,153
WBGene00045184.,0,1,1
WBGene00045185.,0,0,0
WBGene00045188.,4,6,10
WBGene00045189.,0,41,41
WBGene00045190.,45,396,441
WBGene00045192.,3,1456,1459
WBGene00045193.,7,19,26
WBGene00045194.,0,0,0
WBGene00045195.,329,153,482
WBGene00045197.,0,30,30
WBGene00045198.,2,10,12
WBGene00045199.,0,0,0
WBGene00045200.,0,1,1
WBGene00045201.,0,7,7
WBGene00045202.,0,3,3
WBGene00045203.,0,3,3
WBGene00045204.,0,0,0
WBGene00045205.,0,0,0
WBGene00045207.,6,45,51
WBGene00045208.,0,4165,4165
WBGene00045209.,0,5,5
WBGene00045210.,41,214,255
WBGene00045211.,3,11,14
WBGene00045212.,184,1888,2072
WBGene00045215.,37,227,264
WBGene00045218.,21,96,117
WBGene00045234.,0,0,0
WBGene00045235.,1,1,2
WBGene00045236.,4,1,5
WBGene00045237.,19,454,473
WBGene00045238.,0,969,969
WBGene00045239.,4,4,8
WBGene00045242.,1,1,2
WBGene00045245.,8,95,103
WBGene00045246.,47,831,878
WBGene00045247.,12,37,49
WBGene00045248.,273,607,880
WBGene00045249.,178,4834,5012
WBGene00045250.,103,320,423
WBGene00045251.,0,0,0
WBGene00045252.,263,1535,1798
WBGene00045253.,119,658,777
WBGene00045254.,2,0,2
WBGene00045255.,289,1130,1419
WBGene00045261.,2,32,34
WBGene00045265.,0,15,15
WBGene00045268.,2,0,2
WBGene00045269.,3,27,30
WBGene00045270.,11,2,13
WBGene00045271.,4,85,89
WBGene00045272.,0,14240,14240
WBGene00045273.,2,2,4
WBGene00045275.,0,924,924
WBGene00045276.,0,6036,6036
WBGene00045277.,178,804,982
WBGene00045278.,0,1,1
WBGene00045279.,1,0,1
WBGene00045280.,3,2,5
WBGene00045281.,0,1,1
WBGene00045282.,7,3,10
WBGene00045283.,0,28,28
WBGene00045285.,0,1,1
WBGene00045286.,0,0,0
WBGene00045287.,0,1,1
WBGene00045289.,19,114,133
WBGene00045290.,0,0,0
WBGene00045291.,2,18,20
WBGene00045292.,1,23,24
WBGene00045293.,193,292,485
WBGene00045294.,0,0,0
WBGene00045295.,75,514,589
WBGene00045297.,4,77,81
WBGene00045298.,1,8,9
WBGene00045299.,0,0,0
WBGene00045300.,0,0,0
WBGene00045301.,1,0,1
WBGene00045302.,4,4,8
WBGene00045303.,0,1,1
WBGene00045304.,0,1,1
WBGene00045305.,0,6044,6044
WBGene00045306.,1,6,7
WBGene00045308.,5,3,8
WBGene00045309.,2,4,6
WBGene00045311.,0,0,0
WBGene00045313.,0,0,0
WBGene00045314.,0,41,41
WBGene00045315.,0,3,3
WBGene00045316.,59,33,92
WBGene00045319.,0,8,8
WBGene00045321.,0,18,18
WBGene00045322.,0,19,19
WBGene00045323.,0,1,1
WBGene00045324.,0,2,2
WBGene00045325.,0,0,0
WBGene00045326.,0,0,0
WBGene00045327.,0,2,2
WBGene00045328.,0,0,0
WBGene00045329.,0,4,4
WBGene00045330.,0,0,0
WBGene00045331.,21,461,482
WBGene00045332.,0,0,0
WBGene00045336.,173,1865,2038
WBGene00045337.,0,20,20
WBGene00045338.,1,4,5
WBGene00045339.,4,72,76
WBGene00045340.,58,381,439
WBGene00045341.,0,0,0
WBGene00045342.,0,0,0
WBGene00045343.,0,0,0
WBGene00045344.,1,1,2
WBGene00045345.,2,0,2
WBGene00045346.,0,0,0
WBGene00045347.,0,0,0
WBGene00045348.,0,8,8
WBGene00045350.,0,2,2
WBGene00045351.,0,3,3
WBGene00045352.,0,1,1
WBGene00045353.,0,2,2
WBGene00045354.,0,0,0
WBGene00045355.,5,10,15
WBGene00045356.,16,111,127
WBGene00045357.,48,72,120
WBGene00045358.,0,1,1
WBGene00045359.,0,2,2
WBGene00045360.,0,1,1
WBGene00045361.,0,0,0
WBGene00045362.,0,3,3
WBGene00045363.,0,7,7
WBGene00045364.,12,1,13
WBGene00045365.,13,411,424
WBGene00045366.,1064,4385,5449
WBGene00045367.,0,0,0
WBGene00045368.,0,0,0
WBGene00045369.,0,0,0
WBGene00045370.,0,0,0
WBGene00045371.,0,4,4
WBGene00045372.,0,0,0
WBGene00045373.,0,0,0
WBGene00045374.,0,0,0
WBGene00045375.,0,122,122
WBGene00045376.,0,0,0
WBGene00045377.,0,0,0
WBGene00045378.,0,2,2
WBGene00045379.,29,1789,1818
WBGene00045380.,0,0,0
WBGene00045381.,1,0,1
WBGene00045382.,3,70,73
WBGene00045383.,103,3094,3197
WBGene00045385.,2,23,25
WBGene00045386.,265,3533,3798
WBGene00045387.,78,833,911
WBGene00045388.,0,0,0
WBGene00045389.,0,0,0
WBGene00045390.,50,1162,1212
WBGene00045391.,0,15,15
WBGene00045392.,121,1322,1443
WBGene00045393.,5,32,37
WBGene00045394.,0,3,3
WBGene00045395.,42,154,196
WBGene00045396.,492,368,860
WBGene00045397.,541,2970,3511
WBGene00045398.,6,7,13
WBGene00045399.,3,43,46
WBGene00045400.,36,310,346
WBGene00045401.,3,59,62
WBGene00045402.,0,0,0
WBGene00045403.,118,2123,2241
WBGene00045404.,24,328,352
WBGene00045405.,16,197,213
WBGene00045406.,0,20,20
WBGene00045407.,103,1254,1357
WBGene00045408.,0,4,4
WBGene00045410.,148,1598,1746
WBGene00045411.,88,4377,4465
WBGene00045412.,5,819,824
WBGene00045413.,36,25,61
WBGene00045414.,13,16,29
WBGene00045415.,10,44,54
WBGene00045416.,2,6,8
WBGene00045417.,0,0,0
WBGene00045418.,99,3554,3653
WBGene00045419.,442,4325,4767
WBGene00045433.,116,2207,2323
WBGene00045434.,127,567,694
WBGene00045455.,44,817,861
WBGene00045456.,9,3,12
WBGene00045457.,27,2222,2249
WBGene00045458.,3,414,417
WBGene00045459.,0,2,2
WBGene00045460.,1,30,31
WBGene00045461.,196,2179,2375
WBGene00045468.,1,14,15
WBGene00045473.,1,12,13
WBGene00045474.,4,19,23
WBGene00045475.,18,38,56
WBGene00045480.,128,281,409
WBGene00045481.,14,142,156
WBGene00045482.,92,609,701
WBGene00045483.,574,10780,11354
WBGene00045484.,21,43,64
WBGene00045486.,0,2,2
WBGene00045487.,0,1,1
WBGene00045488.,4,41,45
WBGene00045490.,0,0,0
WBGene00045491.,0,1,1
WBGene00045492.,2,1,3
WBGene00045493.,3,3,6
WBGene00045494.,17,65,82
WBGene00045495.,120,1768,1888
WBGene00045496.,4,2,6
WBGene00045497.,18,61,79
WBGene00045498.,1,2,3
WBGene00045500.,7,32,39
WBGene00045501.,1,4,5
WBGene00045502.,0,1,1
WBGene00045506.,1,0,1
WBGene00045507.,13,3016,3029
WBGene00045508.,7,2,9
WBGene00045509.,18,71,89
WBGene00045510.,13,76,89
WBGene00045511.,19,43,62
WBGene00045513.,11,0,11
WBGene00045514.,0,1,1
WBGene00045515.,0,1,1
WBGene00045516.,4,119,123
WBGene00045517.,90,810,900
WBGene00045518.,0,0,0
WBGene00045519.,0,0,0
WBGene00045520.,0,0,0
WBGene00045521.,0,0,0
WBGene00045522.,0,0,0
WBGene00045523.,0,0,0
WBGene00045524.,0,0,0
WBGene00045525.,0,0,0
WBGene00045526.,0,0,0
WBGene00045527.,0,0,0
WBGene00045528.,0,0,0
WBGene00045529.,0,0,0
WBGene00045530.,0,0,0
WBGene00045531.,0,0,0
WBGene00045532.,0,0,0
WBGene00045533.,0,0,0
WBGene00045534.,0,0,0
WBGene00045535.,0,0,0
WBGene00045536.,0,0,0
WBGene00045537.,0,0,0
WBGene00045538.,0,0,0
WBGene00045539.,0,0,0
WBGene00045540.,0,0,0
WBGene00045541.,0,0,0
WBGene00045542.,0,0,0
WBGene00045543.,0,0,0
WBGene00045544.,0,0,0
WBGene00045545.,0,0,0
WBGene00045546.,0,0,0
WBGene00045547.,0,0,0
WBGene00045548.,0,0,0
WBGene00045549.,0,0,0
WBGene00045550.,0,0,0
WBGene00045551.,0,0,0
WBGene00045552.,0,0,0
WBGene00045553.,0,0,0
WBGene00045554.,0,0,0
WBGene00045555.,0,0,0
WBGene00045556.,0,0,0
WBGene00045557.,0,0,0
WBGene00045558.,0,0,0
WBGene00045559.,0,0,0
WBGene00045560.,0,0,0
WBGene00045561.,0,0,0
WBGene00045562.,0,0,0
WBGene00045563.,0,0,0
WBGene00045564.,0,0,0
WBGene00045565.,0,0,0
WBGene00045566.,0,0,0
WBGene00045567.,0,0,0
WBGene00045568.,0,0,0
WBGene00045569.,0,0,0
WBGene00045570.,0,0,0
WBGene00045571.,0,0,0
WBGene00045572.,0,0,0
WBGene00045573.,0,0,0
WBGene00045574.,0,0,0
WBGene00045575.,0,0,0
WBGene00045576.,0,0,0
WBGene00045577.,0,0,0
WBGene00045578.,0,0,0
WBGene00045579.,0,0,0
WBGene00045580.,0,0,0
WBGene00045581.,0,0,0
WBGene00045582.,0,0,0
WBGene00045583.,0,0,0
WBGene00045584.,0,0,0
WBGene00045585.,0,0,0
WBGene00045586.,0,0,0
WBGene00045587.,0,0,0
WBGene00045588.,0,0,0
WBGene00045589.,0,0,0
WBGene00045590.,0,0,0
WBGene00045591.,0,0,0
WBGene00045592.,0,0,0
WBGene00045593.,0,0,0
WBGene00045594.,0,0,0
WBGene00045595.,0,0,0
WBGene00045596.,0,0,0
WBGene00045597.,0,0,0
WBGene00045598.,0,0,0
WBGene00045599.,0,0,0
WBGene00045600.,0,0,0
WBGene00045601.,0,0,0
WBGene00045602.,0,0,0
WBGene00045603.,0,0,0
WBGene00045604.,0,0,0
WBGene00045605.,0,0,0
WBGene00045606.,0,0,0
WBGene00045607.,0,0,0
WBGene00045608.,0,0,0
WBGene00045609.,0,0,0
WBGene00045610.,0,0,0
WBGene00045611.,0,0,0
WBGene00045612.,0,0,0
WBGene00045613.,0,0,0
WBGene00045614.,0,0,0
WBGene00045615.,0,0,0
WBGene00045616.,0,0,0
WBGene00045617.,0,0,0
WBGene00045618.,0,0,0
WBGene00045619.,0,0,0
WBGene00045620.,0,0,0
WBGene00045621.,0,0,0
WBGene00045622.,0,0,0
WBGene00045623.,0,0,0
WBGene00045624.,0,0,0
WBGene00045625.,0,0,0
WBGene00045626.,0,0,0
WBGene00045627.,0,0,0
WBGene00045628.,0,0,0
WBGene00045629.,0,0,0
WBGene00045630.,0,0,0
WBGene00045631.,0,0,0
WBGene00045632.,0,0,0
WBGene00045633.,0,0,0
WBGene00045634.,0,0,0
WBGene00045635.,0,0,0
WBGene00045636.,0,0,0
WBGene00045637.,0,0,0
WBGene00045638.,0,0,0
WBGene00045639.,0,0,0
WBGene00045640.,0,0,0
WBGene00045641.,0,0,0
WBGene00045642.,0,0,0
WBGene00045643.,0,0,0
WBGene00045644.,0,0,0
WBGene00045645.,0,0,0
WBGene00045646.,0,0,0
WBGene00045647.,0,0,0
WBGene00045648.,0,0,0
WBGene00045649.,0,0,0
WBGene00045650.,0,0,0
WBGene00045651.,0,0,0
WBGene00045652.,0,0,0
WBGene00045653.,0,0,0
WBGene00045654.,0,0,0
WBGene00045655.,0,0,0
WBGene00045656.,0,0,0
WBGene00045657.,0,0,0
WBGene00045658.,0,0,0
WBGene00045659.,0,0,0
WBGene00045660.,0,0,0
WBGene00045661.,0,0,0
WBGene00045662.,0,0,0
WBGene00045663.,0,0,0
WBGene00045664.,0,0,0
WBGene00045665.,0,0,0
WBGene00045666.,0,0,0
WBGene00045667.,0,0,0
WBGene00045668.,0,0,0
WBGene00045669.,0,0,0
WBGene00045670.,0,0,0
WBGene00045671.,0,0,0
WBGene00045672.,0,0,0
WBGene00045673.,0,0,0
WBGene00045674.,0,0,0
WBGene00045675.,0,0,0
WBGene00045676.,0,0,0
WBGene00045677.,0,0,0
WBGene00045678.,0,0,0
WBGene00045679.,0,0,0
WBGene00045680.,0,0,0
WBGene00045681.,0,0,0
WBGene00045682.,0,0,0
WBGene00045683.,0,0,0
WBGene00045684.,0,0,0
WBGene00045685.,0,0,0
WBGene00045686.,0,0,0
WBGene00045687.,0,0,0
WBGene00045688.,0,0,0
WBGene00045689.,0,0,0
WBGene00045690.,0,0,0
WBGene00045691.,0,0,0
WBGene00045692.,0,0,0
WBGene00045693.,0,0,0
WBGene00045694.,0,0,0
WBGene00045695.,0,0,0
WBGene00045696.,0,0,0
WBGene00045697.,0,0,0
WBGene00045698.,0,0,0
WBGene00045699.,0,0,0
WBGene00045700.,0,0,0
WBGene00045701.,0,0,0
WBGene00045702.,0,0,0
WBGene00045703.,0,0,0
WBGene00045704.,0,0,0
WBGene00045705.,0,0,0
WBGene00045706.,0,0,0
WBGene00045707.,0,0,0
WBGene00045708.,0,0,0
WBGene00045709.,0,0,0
WBGene00045710.,0,0,0
WBGene00045711.,0,0,0
WBGene00045712.,0,0,0
WBGene00045713.,0,0,0
WBGene00045714.,0,0,0
WBGene00045715.,0,0,0
WBGene00045716.,0,0,0
WBGene00045717.,0,0,0
WBGene00045718.,0,0,0
WBGene00045719.,0,0,0
WBGene00045720.,0,0,0
WBGene00045721.,0,0,0
WBGene00045722.,0,0,0
WBGene00045723.,0,0,0
WBGene00045724.,0,0,0
WBGene00045725.,0,0,0
WBGene00045726.,0,0,0
WBGene00045727.,0,0,0
WBGene00045728.,0,0,0
WBGene00045729.,0,0,0
WBGene00045730.,0,0,0
WBGene00045731.,0,0,0
WBGene00045732.,0,0,0
WBGene00045733.,0,0,0
WBGene00045734.,0,0,0
WBGene00045735.,0,0,0
WBGene00045736.,0,0,0
WBGene00045737.,0,0,0
WBGene00045738.,0,0,0
WBGene00045739.,0,0,0
WBGene00045740.,0,0,0
WBGene00045741.,0,0,0
WBGene00045743.,0,0,0
WBGene00045744.,0,0,0
WBGene00045745.,0,0,0
WBGene00045746.,0,0,0
WBGene00045747.,0,0,0
WBGene00045748.,0,0,0
WBGene00045749.,0,0,0
WBGene00045750.,0,0,0
WBGene00045751.,0,0,0
WBGene00045752.,0,0,0
WBGene00045753.,0,0,0
WBGene00045754.,0,0,0
WBGene00045755.,0,0,0
WBGene00045756.,0,0,0
WBGene00045757.,0,0,0
WBGene00045758.,0,0,0
WBGene00045759.,0,0,0
WBGene00045760.,0,0,0
WBGene00045761.,0,0,0
WBGene00045762.,0,0,0
WBGene00045763.,0,0,0
WBGene00045764.,0,0,0
WBGene00045765.,0,0,0
WBGene00045766.,0,0,0
WBGene00045767.,0,0,0
WBGene00045768.,0,0,0
WBGene00045769.,0,0,0
WBGene00045770.,0,0,0
WBGene00045771.,0,0,0
WBGene00045772.,0,0,0
WBGene00045773.,0,0,0
WBGene00045774.,0,0,0
WBGene00045775.,0,0,0
WBGene00045776.,0,0,0
WBGene00045777.,0,0,0
WBGene00045778.,0,0,0
WBGene00045779.,0,0,0
WBGene00045780.,0,0,0
WBGene00045781.,0,0,0
WBGene00045782.,0,0,0
WBGene00045783.,0,0,0
WBGene00045784.,0,0,0
WBGene00045785.,0,0,0
WBGene00045786.,0,0,0
WBGene00045787.,0,0,0
WBGene00045788.,0,0,0
WBGene00045789.,0,0,0
WBGene00045790.,0,0,0
WBGene00045791.,0,0,0
WBGene00045792.,0,0,0
WBGene00045793.,0,0,0
WBGene00045794.,0,0,0
WBGene00045795.,0,0,0
WBGene00045796.,0,0,0
WBGene00045797.,0,0,0
WBGene00045798.,0,0,0
WBGene00045799.,0,0,0
WBGene00045800.,0,0,0
WBGene00045801.,0,0,0
WBGene00045802.,0,0,0
WBGene00045803.,0,0,0
WBGene00045804.,0,0,0
WBGene00045805.,0,0,0
WBGene00045806.,0,0,0
WBGene00045807.,0,0,0
WBGene00045808.,0,0,0
WBGene00045809.,0,0,0
WBGene00045810.,0,0,0
WBGene00045811.,0,0,0
WBGene00045812.,0,0,0
WBGene00045813.,0,0,0
WBGene00045814.,0,0,0
WBGene00045815.,0,0,0
WBGene00045816.,0,0,0
WBGene00045817.,0,0,0
WBGene00045818.,0,0,0
WBGene00045819.,0,0,0
WBGene00045820.,0,0,0
WBGene00045821.,0,0,0
WBGene00045822.,0,0,0
WBGene00045823.,0,0,0
WBGene00045824.,0,0,0
WBGene00045825.,0,0,0
WBGene00045826.,0,0,0
WBGene00045827.,0,0,0
WBGene00045828.,0,0,0
WBGene00045829.,0,0,0
WBGene00045830.,0,0,0
WBGene00045831.,0,0,0
WBGene00045832.,0,0,0
WBGene00045833.,0,0,0
WBGene00045834.,0,0,0
WBGene00045835.,0,0,0
WBGene00045836.,0,0,0
WBGene00045837.,0,0,0
WBGene00045838.,0,0,0
WBGene00045839.,0,0,0
WBGene00045840.,0,0,0
WBGene00045841.,0,0,0
WBGene00045842.,0,0,0
WBGene00045843.,0,0,0
WBGene00045844.,0,0,0
WBGene00045845.,0,0,0
WBGene00045846.,0,0,0
WBGene00045847.,0,0,0
WBGene00045848.,0,0,0
WBGene00045849.,0,0,0
WBGene00045850.,0,0,0
WBGene00045851.,0,0,0
WBGene00045852.,0,0,0
WBGene00045853.,0,0,0
WBGene00045854.,0,0,0
WBGene00045855.,0,0,0
WBGene00045856.,0,0,0
WBGene00045857.,0,0,0
WBGene00045858.,0,0,0
WBGene00045859.,0,0,0
WBGene00045860.,0,0,0
WBGene00045861.,0,0,0
WBGene00045862.,0,0,0
WBGene00045863.,0,0,0
WBGene00045864.,0,0,0
WBGene00045865.,0,0,0
WBGene00045866.,0,0,0
WBGene00045867.,0,0,0
WBGene00045868.,0,0,0
WBGene00045869.,0,0,0
WBGene00045870.,0,0,0
WBGene00045871.,0,0,0
WBGene00045872.,0,0,0
WBGene00045873.,0,0,0
WBGene00045874.,0,0,0
WBGene00045875.,0,0,0
WBGene00045876.,0,0,0
WBGene00045877.,0,0,0
WBGene00045878.,0,0,0
WBGene00045879.,0,0,0
WBGene00045880.,0,0,0
WBGene00045881.,0,0,0
WBGene00045882.,0,0,0
WBGene00045883.,0,0,0
WBGene00045884.,0,0,0
WBGene00045885.,0,0,0
WBGene00045886.,0,0,0
WBGene00045887.,0,0,0
WBGene00045888.,0,0,0
WBGene00045889.,0,0,0
WBGene00045890.,0,0,0
WBGene00045891.,0,0,0
WBGene00045892.,0,0,0
WBGene00045893.,0,0,0
WBGene00045894.,0,0,0
WBGene00045895.,0,0,0
WBGene00045896.,0,0,0
WBGene00045897.,0,0,0
WBGene00045898.,0,0,0
WBGene00045899.,0,0,0
WBGene00045900.,0,0,0
WBGene00045901.,0,0,0
WBGene00045902.,0,0,0
WBGene00045903.,0,0,0
WBGene00045904.,0,0,0
WBGene00045905.,0,0,0
WBGene00045906.,0,0,0
WBGene00045907.,0,0,0
WBGene00045908.,0,0,0
WBGene00045909.,0,0,0
WBGene00045910.,0,0,0
WBGene00045911.,0,0,0
WBGene00045912.,0,0,0
WBGene00045913.,0,0,0
WBGene00045914.,0,0,0
WBGene00045915.,0,0,0
WBGene00045916.,0,0,0
WBGene00045917.,0,0,0
WBGene00045918.,0,0,0
WBGene00045919.,0,0,0
WBGene00045920.,0,0,0
WBGene00045921.,0,0,0
WBGene00045922.,0,0,0
WBGene00045923.,0,0,0
WBGene00045924.,0,0,0
WBGene00045925.,0,0,0
WBGene00045926.,0,0,0
WBGene00045927.,0,0,0
WBGene00045928.,0,0,0
WBGene00045929.,0,0,0
WBGene00045930.,0,0,0
WBGene00045931.,0,0,0
WBGene00045932.,0,0,0
WBGene00045933.,0,0,0
WBGene00045934.,0,0,0
WBGene00045935.,0,0,0
WBGene00045936.,0,0,0
WBGene00045937.,0,0,0
WBGene00045938.,0,0,0
WBGene00045939.,0,0,0
WBGene00045940.,0,0,0
WBGene00045941.,0,0,0
WBGene00045942.,0,0,0
WBGene00045943.,0,0,0
WBGene00045944.,0,0,0
WBGene00045945.,0,0,0
WBGene00045946.,0,0,0
WBGene00045947.,0,0,0
WBGene00045948.,0,0,0
WBGene00045949.,0,0,0
WBGene00045950.,0,0,0
WBGene00045951.,0,0,0
WBGene00045952.,0,0,0
WBGene00045953.,0,0,0
WBGene00045954.,0,0,0
WBGene00045955.,0,0,0
WBGene00045956.,0,0,0
WBGene00045957.,0,0,0
WBGene00045958.,0,0,0
WBGene00045959.,0,0,0
WBGene00045960.,0,0,0
WBGene00045961.,0,0,0
WBGene00045962.,0,0,0
WBGene00045963.,0,0,0
WBGene00045964.,0,0,0
WBGene00045965.,0,0,0
WBGene00045966.,0,0,0
WBGene00045967.,0,0,0
WBGene00045968.,0,0,0
WBGene00045969.,0,0,0
WBGene00045970.,0,0,0
WBGene00045971.,0,0,0
WBGene00045972.,0,0,0
WBGene00045973.,0,0,0
WBGene00045974.,0,0,0
WBGene00045975.,0,0,0
WBGene00045976.,0,0,0
WBGene00045977.,0,0,0
WBGene00045978.,0,0,0
WBGene00045979.,0,0,0
WBGene00045980.,0,0,0
WBGene00045981.,0,0,0
WBGene00045982.,0,0,0
WBGene00045983.,0,0,0
WBGene00045984.,0,0,0
WBGene00045985.,0,0,0
WBGene00045986.,0,0,0
WBGene00045987.,0,0,0
WBGene00045988.,0,0,0
WBGene00045989.,0,0,0
WBGene00045990.,0,0,0
WBGene00045991.,0,0,0
WBGene00045992.,0,0,0
WBGene00045993.,0,0,0
WBGene00045994.,0,0,0
WBGene00045995.,0,0,0
WBGene00045996.,0,0,0
WBGene00045997.,0,0,0
WBGene00045998.,0,0,0
WBGene00045999.,0,0,0
WBGene00046000.,0,0,0
WBGene00046001.,0,0,0
WBGene00046002.,0,0,0
WBGene00046003.,0,0,0
WBGene00046004.,0,0,0
WBGene00046005.,0,0,0
WBGene00046006.,0,0,0
WBGene00046007.,0,0,0
WBGene00046008.,0,0,0
WBGene00046009.,0,0,0
WBGene00046010.,0,0,0
WBGene00046011.,0,0,0
WBGene00046012.,0,0,0
WBGene00046013.,0,0,0
WBGene00046014.,0,0,0
WBGene00046015.,0,0,0
WBGene00046016.,0,0,0
WBGene00046017.,0,0,0
WBGene00046018.,0,0,0
WBGene00046019.,0,0,0
WBGene00046020.,0,0,0
WBGene00046021.,0,0,0
WBGene00046022.,0,0,0
WBGene00046023.,0,0,0
WBGene00046024.,0,0,0
WBGene00046025.,0,0,0
WBGene00046026.,0,0,0
WBGene00046027.,0,0,0
WBGene00046028.,0,0,0
WBGene00046029.,0,0,0
WBGene00046030.,0,0,0
WBGene00046031.,0,0,0
WBGene00046032.,0,0,0
WBGene00046033.,0,0,0
WBGene00046034.,0,0,0
WBGene00046035.,0,0,0
WBGene00046036.,0,0,0
WBGene00046037.,0,0,0
WBGene00046038.,0,0,0
WBGene00046039.,0,0,0
WBGene00046040.,0,0,0
WBGene00046041.,0,0,0
WBGene00046042.,0,0,0
WBGene00046043.,0,0,0
WBGene00046044.,0,0,0
WBGene00046045.,0,0,0
WBGene00046046.,0,0,0
WBGene00046047.,0,0,0
WBGene00046048.,0,0,0
WBGene00046049.,0,0,0
WBGene00046050.,0,0,0
WBGene00046051.,0,0,0
WBGene00046052.,0,0,0
WBGene00046053.,0,0,0
WBGene00046054.,0,0,0
WBGene00046055.,0,0,0
WBGene00046056.,0,0,0
WBGene00046057.,0,0,0
WBGene00046058.,0,0,0
WBGene00046059.,0,0,0
WBGene00046060.,0,0,0
WBGene00046061.,0,0,0
WBGene00046062.,0,0,0
WBGene00046063.,0,0,0
WBGene00046064.,0,0,0
WBGene00046065.,0,0,0
WBGene00046066.,0,0,0
WBGene00046067.,0,0,0
WBGene00046068.,0,0,0
WBGene00046069.,0,0,0
WBGene00046070.,0,0,0
WBGene00046071.,0,0,0
WBGene00046072.,0,0,0
WBGene00046073.,0,0,0
WBGene00046074.,0,0,0
WBGene00046075.,0,0,0
WBGene00046076.,0,0,0
WBGene00046077.,0,0,0
WBGene00046078.,0,0,0
WBGene00046079.,0,0,0
WBGene00046080.,0,0,0
WBGene00046081.,0,0,0
WBGene00046082.,0,0,0
WBGene00046083.,0,0,0
WBGene00046084.,0,0,0
WBGene00046085.,0,0,0
WBGene00046086.,0,0,0
WBGene00046087.,0,0,0
WBGene00046088.,0,0,0
WBGene00046089.,0,0,0
WBGene00046090.,0,0,0
WBGene00046091.,0,0,0
WBGene00046092.,0,0,0
WBGene00046093.,0,0,0
WBGene00046094.,0,0,0
WBGene00046095.,0,0,0
WBGene00046096.,0,0,0
WBGene00046097.,0,0,0
WBGene00046098.,0,0,0
WBGene00046099.,0,0,0
WBGene00046100.,0,0,0
WBGene00046101.,0,0,0
WBGene00046102.,0,0,0
WBGene00046103.,0,0,0
WBGene00046104.,0,0,0
WBGene00046105.,0,0,0
WBGene00046106.,0,0,0
WBGene00046107.,0,0,0
WBGene00046108.,0,0,0
WBGene00046109.,0,0,0
WBGene00046110.,0,0,0
WBGene00046111.,0,0,0
WBGene00046112.,0,0,0
WBGene00046113.,0,0,0
WBGene00046114.,0,0,0
WBGene00046115.,0,0,0
WBGene00046116.,0,0,0
WBGene00046117.,0,0,0
WBGene00046118.,0,0,0
WBGene00046119.,0,0,0
WBGene00046120.,0,0,0
WBGene00046121.,0,0,0
WBGene00046122.,0,0,0
WBGene00046123.,0,0,0
WBGene00046124.,0,0,0
WBGene00046125.,0,0,0
WBGene00046126.,0,0,0
WBGene00046127.,0,0,0
WBGene00046128.,0,0,0
WBGene00046129.,0,0,0
WBGene00046130.,0,0,0
WBGene00046131.,0,0,0
WBGene00046132.,0,0,0
WBGene00046133.,0,0,0
WBGene00046134.,0,0,0
WBGene00046135.,0,0,0
WBGene00046136.,0,0,0
WBGene00046137.,0,0,0
WBGene00046138.,0,0,0
WBGene00046139.,0,0,0
WBGene00046140.,0,0,0
WBGene00046141.,0,0,0
WBGene00046142.,0,0,0
WBGene00046143.,0,0,0
WBGene00046144.,0,0,0
WBGene00046145.,0,0,0
WBGene00046146.,0,0,0
WBGene00046147.,0,0,0
WBGene00046148.,0,0,0
WBGene00046149.,0,0,0
WBGene00046150.,0,0,0
WBGene00046151.,0,0,0
WBGene00046152.,0,0,0
WBGene00046153.,0,0,0
WBGene00046154.,0,0,0
WBGene00046155.,0,0,0
WBGene00046156.,0,0,0
WBGene00046157.,0,0,0
WBGene00046158.,0,0,0
WBGene00046159.,0,0,0
WBGene00046160.,0,0,0
WBGene00046161.,0,0,0
WBGene00046162.,0,0,0
WBGene00046163.,0,0,0
WBGene00046164.,0,0,0
WBGene00046165.,0,0,0
WBGene00046166.,0,0,0
WBGene00046167.,0,0,0
WBGene00046168.,0,0,0
WBGene00046169.,0,0,0
WBGene00046170.,0,0,0
WBGene00046171.,0,0,0
WBGene00046172.,0,0,0
WBGene00046173.,0,0,0
WBGene00046174.,0,0,0
WBGene00046175.,0,0,0
WBGene00046176.,0,0,0
WBGene00046177.,0,0,0
WBGene00046178.,0,0,0
WBGene00046179.,0,0,0
WBGene00046180.,0,0,0
WBGene00046181.,0,0,0
WBGene00046182.,0,0,0
WBGene00046183.,0,0,0
WBGene00046184.,0,0,0
WBGene00046185.,0,0,0
WBGene00046186.,0,0,0
WBGene00046187.,0,0,0
WBGene00046188.,0,0,0
WBGene00046189.,0,0,0
WBGene00046190.,0,0,0
WBGene00046191.,0,0,0
WBGene00046192.,0,0,0
WBGene00046193.,0,0,0
WBGene00046194.,0,0,0
WBGene00046195.,0,0,0
WBGene00046196.,0,0,0
WBGene00046197.,0,0,0
WBGene00046198.,0,0,0
WBGene00046199.,0,0,0
WBGene00046200.,0,0,0
WBGene00046201.,0,0,0
WBGene00046202.,0,0,0
WBGene00046203.,0,0,0
WBGene00046204.,0,0,0
WBGene00046205.,0,0,0
WBGene00046206.,0,0,0
WBGene00046207.,0,0,0
WBGene00046208.,0,0,0
WBGene00046209.,0,0,0
WBGene00046210.,0,0,0
WBGene00046211.,0,0,0
WBGene00046212.,0,0,0
WBGene00046213.,0,0,0
WBGene00046214.,0,0,0
WBGene00046215.,0,0,0
WBGene00046216.,0,0,0
WBGene00046217.,0,0,0
WBGene00046218.,0,0,0
WBGene00046219.,0,0,0
WBGene00046220.,0,0,0
WBGene00046221.,0,0,0
WBGene00046222.,0,0,0
WBGene00046223.,0,0,0
WBGene00046224.,0,0,0
WBGene00046225.,0,0,0
WBGene00046226.,0,0,0
WBGene00046227.,0,0,0
WBGene00046228.,0,0,0
WBGene00046229.,0,0,0
WBGene00046230.,0,0,0
WBGene00046231.,0,0,0
WBGene00046232.,0,0,0
WBGene00046233.,0,0,0
WBGene00046234.,0,0,0
WBGene00046235.,0,0,0
WBGene00046236.,0,0,0
WBGene00046237.,0,0,0
WBGene00046238.,0,0,0
WBGene00046239.,0,0,0
WBGene00046240.,0,0,0
WBGene00046241.,0,0,0
WBGene00046242.,0,0,0
WBGene00046243.,0,0,0
WBGene00046244.,0,0,0
WBGene00046245.,0,0,0
WBGene00046246.,0,0,0
WBGene00046247.,0,0,0
WBGene00046248.,0,0,0
WBGene00046249.,0,0,0
WBGene00046250.,0,0,0
WBGene00046251.,0,0,0
WBGene00046252.,0,0,0
WBGene00046253.,0,0,0
WBGene00046254.,0,0,0
WBGene00046255.,0,0,0
WBGene00046256.,0,0,0
WBGene00046257.,0,0,0
WBGene00046258.,0,0,0
WBGene00046259.,0,0,0
WBGene00046260.,0,0,0
WBGene00046261.,0,0,0
WBGene00046262.,0,0,0
WBGene00046263.,0,0,0
WBGene00046264.,0,0,0
WBGene00046265.,0,0,0
WBGene00046266.,0,0,0
WBGene00046267.,0,0,0
WBGene00046268.,0,0,0
WBGene00046269.,0,0,0
WBGene00046270.,0,0,0
WBGene00046271.,0,0,0
WBGene00046272.,0,0,0
WBGene00046273.,0,0,0
WBGene00046274.,0,0,0
WBGene00046275.,0,0,0
WBGene00046276.,0,0,0
WBGene00046277.,0,0,0
WBGene00046278.,0,0,0
WBGene00046279.,0,0,0
WBGene00046280.,0,0,0
WBGene00046281.,0,0,0
WBGene00046282.,0,0,0
WBGene00046283.,0,0,0
WBGene00046284.,0,0,0
WBGene00046285.,0,0,0
WBGene00046286.,0,0,0
WBGene00046287.,0,0,0
WBGene00046288.,0,0,0
WBGene00046289.,0,0,0
WBGene00046290.,0,0,0
WBGene00046291.,0,0,0
WBGene00046292.,0,0,0
WBGene00046293.,0,0,0
WBGene00046294.,0,0,0
WBGene00046295.,0,0,0
WBGene00046296.,0,0,0
WBGene00046297.,0,0,0
WBGene00046298.,0,0,0
WBGene00046299.,0,0,0
WBGene00046300.,0,0,0
WBGene00046301.,0,0,0
WBGene00046302.,0,0,0
WBGene00046303.,0,0,0
WBGene00046304.,0,0,0
WBGene00046305.,0,0,0
WBGene00046306.,0,0,0
WBGene00046307.,0,0,0
WBGene00046308.,0,0,0
WBGene00046309.,0,0,0
WBGene00046310.,0,0,0
WBGene00046311.,0,0,0
WBGene00046312.,0,0,0
WBGene00046313.,0,0,0
WBGene00046314.,0,0,0
WBGene00046315.,0,0,0
WBGene00046316.,0,0,0
WBGene00046317.,0,0,0
WBGene00046318.,0,0,0
WBGene00046319.,0,0,0
WBGene00046320.,0,0,0
WBGene00046321.,0,0,0
WBGene00046322.,0,0,0
WBGene00046323.,0,0,0
WBGene00046324.,0,0,0
WBGene00046325.,0,0,0
WBGene00046326.,0,0,0
WBGene00046327.,0,0,0
WBGene00046328.,0,0,0
WBGene00046329.,0,0,0
WBGene00046330.,0,0,0
WBGene00046331.,0,0,0
WBGene00046332.,0,0,0
WBGene00046333.,0,0,0
WBGene00046334.,0,0,0
WBGene00046335.,0,0,0
WBGene00046336.,0,0,0
WBGene00046337.,0,0,0
WBGene00046338.,0,0,0
WBGene00046339.,0,0,0
WBGene00046340.,0,0,0
WBGene00046341.,0,0,0
WBGene00046342.,0,0,0
WBGene00046343.,0,0,0
WBGene00046344.,0,0,0
WBGene00046345.,0,0,0
WBGene00046346.,0,0,0
WBGene00046347.,0,0,0
WBGene00046348.,0,0,0
WBGene00046349.,0,0,0
WBGene00046350.,0,0,0
WBGene00046351.,0,0,0
WBGene00046352.,0,0,0
WBGene00046353.,0,0,0
WBGene00046354.,0,0,0
WBGene00046355.,0,0,0
WBGene00046356.,0,0,0
WBGene00046357.,0,0,0
WBGene00046358.,0,0,0
WBGene00046359.,0,0,0
WBGene00046360.,0,0,0
WBGene00046361.,0,0,0
WBGene00046362.,0,0,0
WBGene00046363.,0,0,0
WBGene00046364.,0,0,0
WBGene00046365.,0,0,0
WBGene00046366.,0,0,0
WBGene00046367.,0,0,0
WBGene00046368.,0,0,0
WBGene00046369.,0,0,0
WBGene00046370.,0,0,0
WBGene00046371.,0,0,0
WBGene00046372.,0,0,0
WBGene00046373.,0,0,0
WBGene00046374.,0,0,0
WBGene00046375.,0,0,0
WBGene00046376.,0,0,0
WBGene00046377.,0,0,0
WBGene00046378.,0,0,0
WBGene00046379.,0,0,0
WBGene00046380.,0,0,0
WBGene00046381.,0,0,0
WBGene00046382.,0,0,0
WBGene00046383.,0,0,0
WBGene00046384.,0,0,0
WBGene00046385.,0,0,0
WBGene00046386.,0,0,0
WBGene00046387.,0,0,0
WBGene00046388.,0,0,0
WBGene00046389.,0,0,0
WBGene00046390.,0,0,0
WBGene00046391.,0,0,0
WBGene00046392.,0,0,0
WBGene00046393.,0,0,0
WBGene00046394.,0,0,0
WBGene00046395.,0,0,0
WBGene00046396.,0,0,0
WBGene00046397.,0,0,0
WBGene00046398.,0,0,0
WBGene00046399.,0,0,0
WBGene00046400.,0,0,0
WBGene00046401.,0,0,0
WBGene00046402.,0,0,0
WBGene00046403.,0,0,0
WBGene00046404.,0,0,0
WBGene00046405.,0,0,0
WBGene00046406.,0,0,0
WBGene00046407.,0,0,0
WBGene00046408.,0,0,0
WBGene00046409.,0,0,0
WBGene00046410.,0,0,0
WBGene00046411.,0,0,0
WBGene00046412.,0,0,0
WBGene00046413.,0,0,0
WBGene00046414.,0,0,0
WBGene00046415.,0,0,0
WBGene00046416.,0,0,0
WBGene00046417.,0,0,0
WBGene00046418.,0,0,0
WBGene00046419.,0,0,0
WBGene00046420.,0,0,0
WBGene00046421.,0,0,0
WBGene00046422.,0,0,0
WBGene00046423.,0,0,0
WBGene00046424.,0,0,0
WBGene00046425.,0,0,0
WBGene00046426.,0,0,0
WBGene00046427.,0,0,0
WBGene00046428.,0,0,0
WBGene00046429.,0,0,0
WBGene00046430.,0,0,0
WBGene00046431.,0,0,0
WBGene00046432.,0,0,0
WBGene00046433.,0,0,0
WBGene00046434.,0,0,0
WBGene00046435.,0,0,0
WBGene00046436.,0,0,0
WBGene00046437.,0,0,0
WBGene00046438.,0,0,0
WBGene00046439.,0,0,0
WBGene00046440.,0,0,0
WBGene00046441.,0,0,0
WBGene00046442.,0,0,0
WBGene00046443.,0,0,0
WBGene00046444.,0,0,0
WBGene00046445.,0,0,0
WBGene00046446.,0,0,0
WBGene00046447.,0,0,0
WBGene00046448.,0,0,0
WBGene00046449.,0,0,0
WBGene00046450.,0,0,0
WBGene00046451.,0,0,0
WBGene00046452.,0,0,0
WBGene00046453.,0,0,0
WBGene00046454.,0,0,0
WBGene00046455.,0,0,0
WBGene00046456.,0,0,0
WBGene00046457.,0,0,0
WBGene00046458.,0,0,0
WBGene00046459.,0,0,0
WBGene00046460.,0,0,0
WBGene00046461.,0,0,0
WBGene00046462.,0,0,0
WBGene00046463.,0,0,0
WBGene00046464.,0,0,0
WBGene00046465.,0,0,0
WBGene00046466.,0,0,0
WBGene00046467.,0,0,0
WBGene00046468.,0,0,0
WBGene00046469.,0,0,0
WBGene00046470.,0,0,0
WBGene00046471.,0,0,0
WBGene00046472.,0,0,0
WBGene00046473.,0,0,0
WBGene00046474.,0,0,0
WBGene00046475.,0,0,0
WBGene00046476.,0,0,0
WBGene00046477.,0,0,0
WBGene00046478.,0,0,0
WBGene00046479.,0,0,0
WBGene00046480.,0,0,0
WBGene00046481.,0,0,0
WBGene00046482.,0,0,0
WBGene00046483.,0,0,0
WBGene00046484.,0,0,0
WBGene00046485.,0,0,0
WBGene00046486.,0,0,0
WBGene00046487.,0,0,0
WBGene00046488.,0,0,0
WBGene00046489.,0,0,0
WBGene00046490.,0,0,0
WBGene00046491.,0,0,0
WBGene00046492.,0,0,0
WBGene00046493.,0,0,0
WBGene00046494.,0,0,0
WBGene00046495.,0,0,0
WBGene00046496.,0,0,0
WBGene00046497.,0,0,0
WBGene00046498.,0,0,0
WBGene00046499.,0,0,0
WBGene00046500.,0,0,0
WBGene00046501.,0,0,0
WBGene00046502.,0,0,0
WBGene00046503.,0,0,0
WBGene00046504.,0,0,0
WBGene00046505.,0,0,0
WBGene00046506.,0,0,0
WBGene00046507.,0,0,0
WBGene00046508.,0,0,0
WBGene00046509.,0,0,0
WBGene00046510.,0,0,0
WBGene00046511.,0,0,0
WBGene00046512.,0,0,0
WBGene00046513.,0,0,0
WBGene00046514.,0,0,0
WBGene00046515.,0,0,0
WBGene00046516.,0,0,0
WBGene00046517.,0,0,0
WBGene00046518.,0,0,0
WBGene00046519.,0,0,0
WBGene00046520.,0,0,0
WBGene00046521.,0,0,0
WBGene00046522.,0,0,0
WBGene00046523.,0,0,0
WBGene00046524.,0,0,0
WBGene00046525.,0,0,0
WBGene00046526.,0,0,0
WBGene00046527.,0,0,0
WBGene00046528.,0,0,0
WBGene00046529.,0,0,0
WBGene00046530.,0,0,0
WBGene00046531.,0,0,0
WBGene00046532.,0,0,0
WBGene00046533.,0,0,0
WBGene00046534.,0,0,0
WBGene00046535.,0,0,0
WBGene00046536.,0,0,0
WBGene00046537.,0,0,0
WBGene00046538.,0,0,0
WBGene00046539.,0,0,0
WBGene00046540.,0,0,0
WBGene00046541.,0,0,0
WBGene00046542.,0,0,0
WBGene00046543.,0,0,0
WBGene00046544.,0,0,0
WBGene00046545.,0,0,0
WBGene00046546.,0,0,0
WBGene00046547.,0,0,0
WBGene00046548.,0,0,0
WBGene00046549.,0,0,0
WBGene00046550.,0,0,0
WBGene00046551.,0,0,0
WBGene00046552.,0,0,0
WBGene00046553.,0,0,0
WBGene00046554.,0,0,0
WBGene00046555.,0,0,0
WBGene00046556.,0,0,0
WBGene00046557.,0,0,0
WBGene00046558.,0,0,0
WBGene00046559.,0,0,0
WBGene00046560.,0,0,0
WBGene00046561.,0,0,0
WBGene00046562.,0,0,0
WBGene00046563.,0,0,0
WBGene00046564.,0,0,0
WBGene00046565.,0,0,0
WBGene00046566.,0,0,0
WBGene00046567.,0,0,0
WBGene00046568.,0,0,0
WBGene00046569.,0,0,0
WBGene00046570.,0,0,0
WBGene00046571.,0,0,0
WBGene00046572.,0,0,0
WBGene00046573.,0,0,0
WBGene00046574.,0,0,0
WBGene00046575.,0,0,0
WBGene00046576.,0,0,0
WBGene00046577.,0,0,0
WBGene00046578.,0,0,0
WBGene00046579.,0,0,0
WBGene00046580.,0,0,0
WBGene00046581.,0,0,0
WBGene00046582.,0,0,0
WBGene00046583.,0,0,0
WBGene00046584.,0,0,0
WBGene00046585.,0,0,0
WBGene00046586.,0,0,0
WBGene00046587.,0,0,0
WBGene00046588.,0,0,0
WBGene00046589.,0,0,0
WBGene00046590.,0,0,0
WBGene00046591.,0,0,0
WBGene00046592.,0,0,0
WBGene00046593.,0,0,0
WBGene00046594.,0,0,0
WBGene00046595.,0,0,0
WBGene00046596.,0,0,0
WBGene00046597.,0,0,0
WBGene00046598.,0,0,0
WBGene00046599.,0,0,0
WBGene00046600.,0,0,0
WBGene00046601.,0,0,0
WBGene00046602.,0,0,0
WBGene00046603.,0,0,0
WBGene00046604.,0,0,0
WBGene00046605.,0,0,0
WBGene00046606.,0,0,0
WBGene00046607.,0,0,0
WBGene00046608.,0,0,0
WBGene00046609.,0,0,0
WBGene00046610.,0,0,0
WBGene00046611.,0,0,0
WBGene00046612.,0,0,0
WBGene00046613.,0,0,0
WBGene00046614.,0,0,0
WBGene00046615.,0,0,0
WBGene00046616.,0,0,0
WBGene00046617.,0,0,0
WBGene00046618.,0,0,0
WBGene00046619.,0,0,0
WBGene00046620.,0,0,0
WBGene00046621.,0,0,0
WBGene00046622.,0,0,0
WBGene00046623.,0,0,0
WBGene00046624.,0,0,0
WBGene00046625.,0,0,0
WBGene00046626.,0,0,0
WBGene00046627.,0,0,0
WBGene00046628.,0,0,0
WBGene00046629.,0,0,0
WBGene00046630.,0,0,0
WBGene00046631.,0,0,0
WBGene00046632.,0,0,0
WBGene00046633.,0,0,0
WBGene00046634.,0,0,0
WBGene00046635.,0,0,0
WBGene00046636.,0,0,0
WBGene00046637.,0,0,0
WBGene00046638.,0,0,0
WBGene00046639.,0,0,0
WBGene00046640.,0,0,0
WBGene00046641.,0,0,0
WBGene00046642.,0,0,0
WBGene00046643.,0,0,0
WBGene00046644.,0,0,0
WBGene00046645.,0,0,0
WBGene00046646.,0,0,0
WBGene00046647.,0,0,0
WBGene00046648.,0,0,0
WBGene00046649.,0,0,0
WBGene00046650.,0,0,0
WBGene00046651.,0,0,0
WBGene00046652.,0,0,0
WBGene00046653.,0,0,0
WBGene00046654.,0,0,0
WBGene00046655.,0,0,0
WBGene00046656.,0,0,0
WBGene00046657.,0,0,0
WBGene00046658.,0,0,0
WBGene00046659.,0,0,0
WBGene00046660.,0,0,0
WBGene00046661.,0,0,0
WBGene00046662.,0,0,0
WBGene00046663.,0,0,0
WBGene00046664.,0,0,0
WBGene00046665.,0,0,0
WBGene00046666.,0,0,0
WBGene00046667.,0,0,0
WBGene00046668.,0,0,0
WBGene00046669.,0,0,0
WBGene00046670.,0,0,0
WBGene00046671.,0,0,0
WBGene00046672.,0,0,0
WBGene00046673.,0,0,0
WBGene00046674.,0,0,0
WBGene00046675.,0,0,0
WBGene00046676.,0,0,0
WBGene00046677.,0,0,0
WBGene00046678.,0,0,0
WBGene00046679.,0,0,0
WBGene00046680.,0,0,0
WBGene00046681.,0,0,0
WBGene00046682.,0,0,0
WBGene00046683.,0,0,0
WBGene00046684.,0,0,0
WBGene00046685.,0,0,0
WBGene00046686.,0,0,0
WBGene00046687.,0,0,0
WBGene00046688.,0,0,0
WBGene00046689.,0,0,0
WBGene00046690.,0,0,0
WBGene00046691.,0,0,0
WBGene00046692.,0,0,0
WBGene00046693.,0,0,0
WBGene00046694.,0,0,0
WBGene00046695.,0,0,0
WBGene00046696.,0,0,0
WBGene00046697.,0,0,0
WBGene00046698.,0,0,0
WBGene00046699.,0,0,0
WBGene00046700.,0,0,0
WBGene00046701.,0,0,0
WBGene00046702.,0,0,0
WBGene00046703.,0,0,0
WBGene00046704.,0,0,0
WBGene00046705.,0,0,0
WBGene00046706.,0,0,0
WBGene00046707.,0,0,0
WBGene00046708.,0,0,0
WBGene00046709.,0,0,0
WBGene00046710.,0,0,0
WBGene00046711.,0,0,0
WBGene00046712.,0,0,0
WBGene00046713.,0,0,0
WBGene00046714.,0,0,0
WBGene00046715.,0,0,0
WBGene00046716.,0,0,0
WBGene00046717.,0,0,0
WBGene00046718.,0,0,0
WBGene00046719.,0,0,0
WBGene00046720.,0,0,0
WBGene00046721.,0,0,0
WBGene00046722.,0,0,0
WBGene00046723.,0,0,0
WBGene00046724.,0,0,0
WBGene00046725.,0,0,0
WBGene00046726.,0,0,0
WBGene00046727.,0,0,0
WBGene00046728.,0,0,0
WBGene00046729.,0,0,0
WBGene00046730.,0,0,0
WBGene00046731.,0,0,0
WBGene00046732.,0,0,0
WBGene00046733.,0,0,0
WBGene00046734.,0,0,0
WBGene00046735.,0,0,0
WBGene00046736.,0,0,0
WBGene00046737.,0,0,0
WBGene00046738.,0,0,0
WBGene00046739.,0,0,0
WBGene00046740.,0,0,0
WBGene00046741.,0,0,0
WBGene00046742.,0,0,0
WBGene00046743.,0,0,0
WBGene00046744.,0,0,0
WBGene00046745.,0,0,0
WBGene00046746.,0,0,0
WBGene00046747.,0,0,0
WBGene00046748.,0,0,0
WBGene00046749.,0,0,0
WBGene00046750.,0,0,0
WBGene00046751.,0,0,0
WBGene00046752.,0,0,0
WBGene00046753.,0,0,0
WBGene00046754.,0,0,0
WBGene00046755.,0,0,0
WBGene00046756.,0,0,0
WBGene00046757.,0,0,0
WBGene00046758.,0,0,0
WBGene00046759.,0,0,0
WBGene00046760.,0,0,0
WBGene00046761.,0,0,0
WBGene00046762.,0,0,0
WBGene00046763.,0,0,0
WBGene00046764.,0,0,0
WBGene00046765.,0,0,0
WBGene00046766.,0,0,0
WBGene00046767.,0,0,0
WBGene00046768.,0,0,0
WBGene00046769.,0,0,0
WBGene00046770.,0,0,0
WBGene00046771.,0,0,0
WBGene00046772.,0,0,0
WBGene00046773.,0,0,0
WBGene00046774.,0,0,0
WBGene00046775.,0,0,0
WBGene00046776.,0,0,0
WBGene00046777.,0,0,0
WBGene00046778.,0,0,0
WBGene00046779.,0,0,0
WBGene00046780.,0,0,0
WBGene00046781.,0,0,0
WBGene00046782.,0,0,0
WBGene00046783.,0,0,0
WBGene00046784.,0,0,0
WBGene00046785.,0,0,0
WBGene00046786.,0,0,0
WBGene00046787.,0,0,0
WBGene00046788.,0,0,0
WBGene00046789.,0,0,0
WBGene00046790.,0,0,0
WBGene00046791.,0,0,0
WBGene00046792.,0,0,0
WBGene00046793.,0,0,0
WBGene00046794.,0,0,0
WBGene00046795.,0,0,0
WBGene00046796.,0,0,0
WBGene00046797.,0,0,0
WBGene00046798.,0,0,0
WBGene00046799.,0,0,0
WBGene00046800.,0,0,0
WBGene00046801.,0,0,0
WBGene00046802.,0,0,0
WBGene00046803.,0,0,0
WBGene00046804.,0,0,0
WBGene00046805.,0,0,0
WBGene00046806.,0,0,0
WBGene00046807.,0,0,0
WBGene00046808.,0,0,0
WBGene00046809.,0,0,0
WBGene00046810.,0,0,0
WBGene00046811.,0,0,0
WBGene00046812.,0,0,0
WBGene00046813.,0,0,0
WBGene00046814.,0,0,0
WBGene00046815.,0,0,0
WBGene00046816.,0,0,0
WBGene00046817.,0,0,0
WBGene00046818.,0,0,0
WBGene00046819.,0,0,0
WBGene00046820.,0,0,0
WBGene00046821.,0,0,0
WBGene00046822.,0,0,0
WBGene00046823.,0,0,0
WBGene00046824.,0,0,0
WBGene00046825.,0,0,0
WBGene00046826.,0,0,0
WBGene00046827.,0,0,0
WBGene00046828.,0,0,0
WBGene00046829.,0,0,0
WBGene00046830.,0,0,0
WBGene00046831.,0,0,0
WBGene00046832.,0,0,0
WBGene00046833.,0,0,0
WBGene00046834.,0,0,0
WBGene00046835.,0,0,0
WBGene00046836.,0,0,0
WBGene00046837.,0,0,0
WBGene00046838.,0,0,0
WBGene00046839.,0,0,0
WBGene00046840.,0,0,0
WBGene00046841.,0,0,0
WBGene00046842.,0,0,0
WBGene00046843.,0,0,0
WBGene00046844.,0,0,0
WBGene00046845.,0,0,0
WBGene00046846.,0,0,0
WBGene00046847.,0,0,0
WBGene00046848.,0,0,0
WBGene00046849.,0,0,0
WBGene00046850.,0,0,0
WBGene00046851.,0,0,0
WBGene00046852.,0,0,0
WBGene00046853.,0,0,0
WBGene00046854.,0,0,0
WBGene00046855.,0,0,0
WBGene00046856.,0,0,0
WBGene00046857.,0,0,0
WBGene00046858.,0,0,0
WBGene00046859.,0,0,0
WBGene00046860.,0,0,0
WBGene00046861.,0,0,0
WBGene00046862.,0,0,0
WBGene00046863.,0,0,0
WBGene00046864.,0,0,0
WBGene00046865.,0,0,0
WBGene00046866.,0,0,0
WBGene00046867.,0,0,0
WBGene00046868.,0,0,0
WBGene00046869.,0,0,0
WBGene00046870.,0,0,0
WBGene00046871.,0,0,0
WBGene00046872.,0,0,0
WBGene00046873.,0,0,0
WBGene00046874.,0,0,0
WBGene00046875.,0,0,0
WBGene00046876.,0,0,0
WBGene00046877.,0,0,0
WBGene00046878.,0,0,0
WBGene00046879.,0,0,0
WBGene00046880.,0,0,0
WBGene00046881.,0,0,0
WBGene00046882.,0,0,0
WBGene00046883.,0,0,0
WBGene00046884.,0,0,0
WBGene00046885.,0,0,0
WBGene00046886.,0,0,0
WBGene00046887.,0,0,0
WBGene00046888.,0,0,0
WBGene00046889.,0,0,0
WBGene00046890.,0,0,0
WBGene00046891.,0,0,0
WBGene00046892.,0,0,0
WBGene00046893.,0,0,0
WBGene00046894.,0,0,0
WBGene00046895.,0,0,0
WBGene00046896.,0,0,0
WBGene00046897.,0,0,0
WBGene00046898.,0,0,0
WBGene00046899.,0,0,0
WBGene00046900.,0,0,0
WBGene00046901.,0,0,0
WBGene00046902.,0,0,0
WBGene00046903.,0,0,0
WBGene00046904.,0,0,0
WBGene00046905.,0,0,0
WBGene00046906.,0,0,0
WBGene00046907.,0,0,0
WBGene00046908.,0,0,0
WBGene00046909.,0,0,0
WBGene00046910.,0,0,0
WBGene00046911.,0,0,0
WBGene00046912.,0,0,0
WBGene00046913.,0,0,0
WBGene00046914.,0,0,0
WBGene00046915.,0,0,0
WBGene00046916.,0,0,0
WBGene00046917.,0,0,0
WBGene00046918.,0,0,0
WBGene00046919.,0,0,0
WBGene00046920.,0,0,0
WBGene00046921.,0,0,0
WBGene00046922.,0,0,0
WBGene00046923.,0,0,0
WBGene00046924.,0,0,0
WBGene00046925.,0,0,0
WBGene00046926.,0,0,0
WBGene00046927.,0,0,0
WBGene00046928.,0,0,0
WBGene00046929.,0,0,0
WBGene00046930.,0,0,0
WBGene00046931.,0,0,0
WBGene00046932.,0,0,0
WBGene00046933.,0,0,0
WBGene00046934.,0,0,0
WBGene00046935.,0,0,0
WBGene00046936.,0,0,0
WBGene00046937.,0,0,0
WBGene00046938.,0,0,0
WBGene00046939.,0,0,0
WBGene00046940.,0,0,0
WBGene00046941.,0,0,0
WBGene00046942.,0,0,0
WBGene00046943.,0,0,0
WBGene00046944.,0,0,0
WBGene00046945.,0,0,0
WBGene00046946.,0,0,0
WBGene00046947.,0,0,0
WBGene00046948.,0,0,0
WBGene00046949.,0,0,0
WBGene00046950.,0,0,0
WBGene00046951.,0,0,0
WBGene00046952.,0,0,0
WBGene00046953.,0,0,0
WBGene00046954.,0,0,0
WBGene00046955.,0,0,0
WBGene00046956.,0,0,0
WBGene00046957.,0,0,0
WBGene00046958.,0,0,0
WBGene00046959.,0,0,0
WBGene00046960.,0,0,0
WBGene00046961.,0,0,0
WBGene00046962.,0,0,0
WBGene00046963.,0,0,0
WBGene00046964.,0,0,0
WBGene00046965.,0,0,0
WBGene00046966.,0,0,0
WBGene00046967.,0,0,0
WBGene00046968.,0,0,0
WBGene00046969.,0,0,0
WBGene00046970.,0,0,0
WBGene00046971.,0,0,0
WBGene00046972.,0,0,0
WBGene00046973.,0,0,0
WBGene00046974.,0,0,0
WBGene00046975.,0,0,0
WBGene00046976.,0,0,0
WBGene00046977.,0,0,0
WBGene00046978.,0,0,0
WBGene00046979.,0,0,0
WBGene00046980.,0,0,0
WBGene00046981.,0,0,0
WBGene00046982.,0,0,0
WBGene00046983.,0,0,0
WBGene00046984.,0,0,0
WBGene00046985.,0,0,0
WBGene00046986.,0,0,0
WBGene00046987.,0,0,0
WBGene00046988.,0,0,0
WBGene00046989.,0,0,0
WBGene00046990.,0,0,0
WBGene00046991.,0,0,0
WBGene00046992.,0,0,0
WBGene00046993.,0,0,0
WBGene00046994.,0,0,0
WBGene00046995.,0,0,0
WBGene00046996.,0,0,0
WBGene00046997.,0,0,0
WBGene00046998.,0,0,0
WBGene00046999.,0,0,0
WBGene00047000.,0,0,0
WBGene00047001.,0,0,0
WBGene00047002.,0,0,0
WBGene00047003.,0,0,0
WBGene00047004.,0,0,0
WBGene00047005.,0,0,0
WBGene00047006.,0,0,0
WBGene00047007.,0,0,0
WBGene00047008.,0,0,0
WBGene00047009.,0,0,0
WBGene00047010.,0,0,0
WBGene00047011.,0,0,0
WBGene00047012.,0,0,0
WBGene00047013.,0,0,0
WBGene00047014.,0,0,0
WBGene00047015.,0,0,0
WBGene00047016.,0,0,0
WBGene00047017.,0,0,0
WBGene00047018.,0,0,0
WBGene00047019.,0,0,0
WBGene00047020.,0,0,0
WBGene00047021.,0,0,0
WBGene00047022.,0,0,0
WBGene00047023.,0,0,0
WBGene00047024.,0,0,0
WBGene00047025.,0,0,0
WBGene00047026.,0,0,0
WBGene00047027.,0,0,0
WBGene00047028.,0,0,0
WBGene00047029.,0,0,0
WBGene00047030.,0,0,0
WBGene00047031.,0,0,0
WBGene00047032.,0,0,0
WBGene00047033.,0,0,0
WBGene00047034.,0,0,0
WBGene00047035.,0,0,0
WBGene00047036.,0,0,0
WBGene00047037.,0,0,0
WBGene00047038.,0,0,0
WBGene00047039.,0,0,0
WBGene00047040.,0,0,0
WBGene00047041.,0,0,0
WBGene00047042.,0,0,0
WBGene00047043.,0,0,0
WBGene00047044.,0,0,0
WBGene00047045.,0,0,0
WBGene00047046.,0,0,0
WBGene00047047.,0,0,0
WBGene00047048.,0,0,0
WBGene00047049.,0,0,0
WBGene00047050.,0,0,0
WBGene00047051.,0,0,0
WBGene00047052.,0,0,0
WBGene00047053.,0,0,0
WBGene00047054.,0,0,0
WBGene00047055.,0,0,0
WBGene00047056.,0,0,0
WBGene00047057.,0,0,0
WBGene00047058.,0,0,0
WBGene00047059.,0,0,0
WBGene00047060.,0,0,0
WBGene00047061.,0,0,0
WBGene00047062.,0,0,0
WBGene00047063.,0,0,0
WBGene00047064.,0,0,0
WBGene00047065.,0,0,0
WBGene00047066.,0,0,0
WBGene00047067.,0,0,0
WBGene00047068.,0,0,0
WBGene00047069.,0,0,0
WBGene00047070.,0,0,0
WBGene00047071.,0,0,0
WBGene00047072.,0,0,0
WBGene00047073.,0,0,0
WBGene00047074.,0,0,0
WBGene00047075.,0,0,0
WBGene00047076.,0,0,0
WBGene00047077.,0,0,0
WBGene00047078.,0,0,0
WBGene00047079.,0,0,0
WBGene00047080.,0,0,0
WBGene00047081.,0,0,0
WBGene00047082.,0,0,0
WBGene00047083.,0,0,0
WBGene00047084.,0,0,0
WBGene00047085.,0,0,0
WBGene00047086.,0,0,0
WBGene00047087.,0,0,0
WBGene00047088.,0,0,0
WBGene00047089.,0,0,0
WBGene00047090.,0,0,0
WBGene00047091.,0,0,0
WBGene00047092.,0,0,0
WBGene00047093.,0,0,0
WBGene00047094.,0,0,0
WBGene00047095.,0,0,0
WBGene00047096.,0,0,0
WBGene00047097.,0,0,0
WBGene00047098.,0,0,0
WBGene00047099.,0,0,0
WBGene00047100.,0,0,0
WBGene00047101.,0,0,0
WBGene00047102.,0,0,0
WBGene00047103.,0,0,0
WBGene00047104.,0,0,0
WBGene00047105.,0,0,0
WBGene00047106.,0,0,0
WBGene00047107.,0,0,0
WBGene00047108.,0,0,0
WBGene00047109.,0,0,0
WBGene00047110.,0,0,0
WBGene00047111.,0,0,0
WBGene00047112.,0,0,0
WBGene00047113.,0,0,0
WBGene00047114.,0,0,0
WBGene00047115.,0,0,0
WBGene00047116.,0,0,0
WBGene00047117.,0,0,0
WBGene00047118.,0,0,0
WBGene00047119.,0,0,0
WBGene00047120.,0,0,0
WBGene00047121.,0,0,0
WBGene00047122.,0,0,0
WBGene00047123.,0,0,0
WBGene00047124.,0,0,0
WBGene00047125.,0,0,0
WBGene00047126.,0,0,0
WBGene00047127.,0,0,0
WBGene00047128.,0,0,0
WBGene00047129.,0,0,0
WBGene00047130.,0,0,0
WBGene00047131.,0,0,0
WBGene00047132.,0,0,0
WBGene00047133.,0,0,0
WBGene00047134.,0,0,0
WBGene00047135.,0,0,0
WBGene00047136.,0,0,0
WBGene00047137.,0,0,0
WBGene00047138.,0,0,0
WBGene00047139.,0,0,0
WBGene00047140.,0,0,0
WBGene00047141.,0,0,0
WBGene00047142.,0,0,0
WBGene00047143.,0,0,0
WBGene00047144.,0,0,0
WBGene00047145.,0,0,0
WBGene00047146.,0,0,0
WBGene00047147.,0,0,0
WBGene00047148.,0,0,0
WBGene00047149.,0,0,0
WBGene00047150.,0,0,0
WBGene00047151.,0,0,0
WBGene00047152.,0,0,0
WBGene00047153.,0,0,0
WBGene00047154.,0,0,0
WBGene00047155.,0,0,0
WBGene00047156.,0,0,0
WBGene00047157.,0,0,0
WBGene00047158.,0,0,0
WBGene00047159.,0,0,0
WBGene00047160.,0,0,0
WBGene00047161.,0,0,0
WBGene00047162.,0,0,0
WBGene00047163.,0,0,0
WBGene00047164.,0,0,0
WBGene00047165.,0,0,0
WBGene00047166.,0,0,0
WBGene00047167.,0,0,0
WBGene00047168.,0,0,0
WBGene00047169.,0,0,0
WBGene00047170.,0,0,0
WBGene00047171.,0,0,0
WBGene00047172.,0,0,0
WBGene00047173.,0,0,0
WBGene00047174.,0,0,0
WBGene00047175.,0,0,0
WBGene00047176.,0,0,0
WBGene00047177.,0,0,0
WBGene00047178.,0,0,0
WBGene00047179.,0,0,0
WBGene00047180.,0,0,0
WBGene00047181.,0,0,0
WBGene00047182.,0,0,0
WBGene00047183.,0,0,0
WBGene00047184.,0,0,0
WBGene00047185.,0,0,0
WBGene00047186.,0,0,0
WBGene00047187.,0,0,0
WBGene00047188.,0,0,0
WBGene00047189.,0,0,0
WBGene00047190.,0,0,0
WBGene00047191.,0,0,0
WBGene00047192.,0,0,0
WBGene00047193.,0,0,0
WBGene00047194.,0,0,0
WBGene00047195.,0,0,0
WBGene00047196.,0,0,0
WBGene00047197.,0,0,0
WBGene00047198.,0,0,0
WBGene00047199.,0,0,0
WBGene00047200.,0,0,0
WBGene00047201.,0,0,0
WBGene00047202.,0,0,0
WBGene00047203.,0,0,0
WBGene00047204.,0,0,0
WBGene00047205.,0,0,0
WBGene00047206.,0,0,0
WBGene00047207.,0,0,0
WBGene00047208.,0,0,0
WBGene00047209.,0,0,0
WBGene00047210.,0,0,0
WBGene00047211.,0,0,0
WBGene00047212.,0,0,0
WBGene00047213.,0,0,0
WBGene00047214.,0,0,0
WBGene00047215.,0,0,0
WBGene00047216.,0,0,0
WBGene00047217.,0,0,0
WBGene00047218.,0,0,0
WBGene00047219.,0,0,0
WBGene00047220.,0,0,0
WBGene00047221.,0,0,0
WBGene00047222.,0,0,0
WBGene00047223.,0,0,0
WBGene00047224.,0,0,0
WBGene00047225.,0,0,0
WBGene00047226.,0,0,0
WBGene00047227.,0,0,0
WBGene00047228.,0,0,0
WBGene00047229.,0,0,0
WBGene00047230.,0,0,0
WBGene00047231.,0,0,0
WBGene00047232.,0,0,0
WBGene00047233.,0,0,0
WBGene00047234.,0,0,0
WBGene00047235.,0,0,0
WBGene00047236.,0,0,0
WBGene00047237.,0,0,0
WBGene00047238.,0,0,0
WBGene00047239.,0,0,0
WBGene00047240.,0,0,0
WBGene00047241.,0,0,0
WBGene00047242.,0,0,0
WBGene00047243.,0,0,0
WBGene00047244.,0,0,0
WBGene00047245.,0,0,0
WBGene00047246.,0,0,0
WBGene00047247.,0,0,0
WBGene00047248.,0,0,0
WBGene00047249.,0,0,0
WBGene00047250.,0,0,0
WBGene00047251.,0,0,0
WBGene00047252.,0,0,0
WBGene00047253.,0,0,0
WBGene00047254.,0,0,0
WBGene00047255.,0,0,0
WBGene00047256.,0,0,0
WBGene00047257.,0,0,0
WBGene00047258.,0,0,0
WBGene00047259.,0,0,0
WBGene00047260.,0,0,0
WBGene00047261.,0,0,0
WBGene00047262.,0,0,0
WBGene00047263.,0,0,0
WBGene00047264.,0,0,0
WBGene00047265.,0,0,0
WBGene00047266.,0,0,0
WBGene00047267.,0,0,0
WBGene00047268.,0,0,0
WBGene00047269.,0,0,0
WBGene00047270.,0,0,0
WBGene00047271.,0,0,0
WBGene00047272.,0,0,0
WBGene00047273.,0,0,0
WBGene00047274.,0,0,0
WBGene00047275.,0,0,0
WBGene00047276.,0,0,0
WBGene00047277.,0,0,0
WBGene00047278.,0,0,0
WBGene00047279.,0,0,0
WBGene00047280.,0,0,0
WBGene00047281.,0,0,0
WBGene00047282.,0,0,0
WBGene00047283.,0,0,0
WBGene00047284.,0,0,0
WBGene00047285.,0,0,0
WBGene00047286.,0,0,0
WBGene00047287.,0,0,0
WBGene00047288.,0,0,0
WBGene00047289.,0,0,0
WBGene00047290.,0,0,0
WBGene00047291.,0,0,0
WBGene00047292.,0,0,0
WBGene00047293.,0,0,0
WBGene00047294.,0,0,0
WBGene00047295.,0,0,0
WBGene00047296.,0,0,0
WBGene00047297.,0,0,0
WBGene00047298.,0,0,0
WBGene00047299.,0,0,0
WBGene00047300.,0,0,0
WBGene00047301.,0,0,0
WBGene00047302.,0,0,0
WBGene00047303.,0,0,0
WBGene00047304.,0,0,0
WBGene00047305.,0,0,0
WBGene00047306.,0,0,0
WBGene00047307.,0,0,0
WBGene00047308.,0,0,0
WBGene00047309.,0,0,0
WBGene00047310.,0,0,0
WBGene00047311.,0,0,0
WBGene00047312.,0,0,0
WBGene00047313.,0,0,0
WBGene00047314.,0,0,0
WBGene00047315.,0,0,0
WBGene00047316.,0,0,0
WBGene00047317.,0,0,0
WBGene00047318.,0,0,0
WBGene00047319.,0,0,0
WBGene00047320.,0,0,0
WBGene00047321.,0,0,0
WBGene00047322.,0,0,0
WBGene00047323.,0,0,0
WBGene00047324.,0,0,0
WBGene00047325.,0,0,0
WBGene00047326.,0,0,0
WBGene00047327.,0,0,0
WBGene00047328.,0,0,0
WBGene00047329.,0,0,0
WBGene00047330.,0,0,0
WBGene00047331.,0,0,0
WBGene00047332.,0,0,0
WBGene00047333.,0,0,0
WBGene00047334.,0,0,0
WBGene00047335.,0,0,0
WBGene00047336.,0,0,0
WBGene00047337.,0,0,0
WBGene00047338.,0,0,0
WBGene00047339.,0,0,0
WBGene00047340.,0,0,0
WBGene00047341.,0,0,0
WBGene00047342.,0,0,0
WBGene00047343.,0,0,0
WBGene00047344.,0,0,0
WBGene00047345.,0,0,0
WBGene00047346.,0,0,0
WBGene00047347.,0,0,0
WBGene00047348.,0,0,0
WBGene00047349.,0,0,0
WBGene00047350.,0,0,0
WBGene00047351.,0,0,0
WBGene00047352.,0,0,0
WBGene00047353.,0,0,0
WBGene00047354.,0,0,0
WBGene00047355.,0,0,0
WBGene00047356.,0,0,0
WBGene00047357.,0,0,0
WBGene00047358.,0,0,0
WBGene00047359.,0,0,0
WBGene00047360.,0,0,0
WBGene00047361.,0,0,0
WBGene00047362.,0,0,0
WBGene00047363.,0,0,0
WBGene00047364.,0,0,0
WBGene00047365.,0,0,0
WBGene00047366.,0,0,0
WBGene00047367.,0,0,0
WBGene00047368.,0,0,0
WBGene00047369.,0,0,0
WBGene00047370.,0,0,0
WBGene00047371.,0,0,0
WBGene00047372.,0,0,0
WBGene00047373.,0,0,0
WBGene00047374.,0,0,0
WBGene00047375.,0,0,0
WBGene00047376.,0,0,0
WBGene00047377.,0,0,0
WBGene00047378.,0,0,0
WBGene00047379.,0,0,0
WBGene00047380.,0,0,0
WBGene00047381.,0,0,0
WBGene00047382.,0,0,0
WBGene00047383.,0,0,0
WBGene00047384.,0,0,0
WBGene00047385.,0,0,0
WBGene00047386.,0,0,0
WBGene00047387.,0,0,0
WBGene00047388.,0,0,0
WBGene00047389.,0,0,0
WBGene00047390.,0,0,0
WBGene00047391.,0,0,0
WBGene00047392.,0,0,0
WBGene00047393.,0,0,0
WBGene00047394.,0,0,0
WBGene00047395.,0,0,0
WBGene00047396.,0,0,0
WBGene00047397.,0,0,0
WBGene00047398.,0,0,0
WBGene00047399.,0,0,0
WBGene00047400.,0,0,0
WBGene00047401.,0,0,0
WBGene00047402.,0,0,0
WBGene00047403.,0,0,0
WBGene00047404.,0,0,0
WBGene00047405.,0,0,0
WBGene00047406.,0,0,0
WBGene00047407.,0,0,0
WBGene00047408.,0,0,0
WBGene00047409.,0,0,0
WBGene00047410.,0,0,0
WBGene00047411.,0,0,0
WBGene00047412.,0,0,0
WBGene00047413.,0,0,0
WBGene00047414.,0,0,0
WBGene00047415.,0,0,0
WBGene00047416.,0,0,0
WBGene00047417.,0,0,0
WBGene00047418.,0,0,0
WBGene00047419.,0,0,0
WBGene00047420.,0,0,0
WBGene00047421.,0,0,0
WBGene00047422.,0,0,0
WBGene00047423.,0,0,0
WBGene00047424.,0,0,0
WBGene00047425.,0,0,0
WBGene00047426.,0,0,0
WBGene00047427.,0,0,0
WBGene00047428.,0,0,0
WBGene00047429.,0,0,0
WBGene00047430.,0,0,0
WBGene00047431.,0,0,0
WBGene00047432.,0,0,0
WBGene00047433.,0,0,0
WBGene00047434.,0,0,0
WBGene00047435.,0,0,0
WBGene00047436.,0,0,0
WBGene00047437.,0,0,0
WBGene00047438.,0,0,0
WBGene00047439.,0,0,0
WBGene00047440.,0,0,0
WBGene00047441.,0,0,0
WBGene00047442.,0,0,0
WBGene00047443.,0,0,0
WBGene00047444.,0,0,0
WBGene00047445.,0,0,0
WBGene00047446.,0,0,0
WBGene00047447.,0,0,0
WBGene00047448.,0,0,0
WBGene00047449.,0,0,0
WBGene00047450.,0,0,0
WBGene00047451.,0,0,0
WBGene00047452.,0,0,0
WBGene00047453.,0,0,0
WBGene00047454.,0,0,0
WBGene00047455.,0,0,0
WBGene00047456.,0,0,0
WBGene00047457.,0,0,0
WBGene00047458.,0,0,0
WBGene00047459.,0,0,0
WBGene00047460.,0,0,0
WBGene00047461.,0,0,0
WBGene00047462.,0,0,0
WBGene00047463.,0,0,0
WBGene00047464.,0,0,0
WBGene00047465.,0,0,0
WBGene00047466.,0,0,0
WBGene00047467.,0,0,0
WBGene00047468.,0,0,0
WBGene00047469.,0,0,0
WBGene00047470.,0,0,0
WBGene00047471.,0,0,0
WBGene00047472.,0,0,0
WBGene00047473.,0,0,0
WBGene00047474.,0,0,0
WBGene00047475.,0,0,0
WBGene00047476.,0,0,0
WBGene00047477.,0,0,0
WBGene00047478.,0,0,0
WBGene00047479.,0,0,0
WBGene00047480.,0,0,0
WBGene00047481.,0,0,0
WBGene00047482.,0,0,0
WBGene00047483.,0,0,0
WBGene00047484.,0,0,0
WBGene00047485.,0,0,0
WBGene00047486.,0,0,0
WBGene00047487.,0,0,0
WBGene00047488.,0,0,0
WBGene00047489.,0,0,0
WBGene00047490.,0,0,0
WBGene00047491.,0,0,0
WBGene00047492.,0,0,0
WBGene00047493.,0,0,0
WBGene00047494.,0,0,0
WBGene00047495.,0,0,0
WBGene00047496.,0,0,0
WBGene00047497.,0,0,0
WBGene00047498.,0,0,0
WBGene00047499.,0,0,0
WBGene00047500.,0,0,0
WBGene00047501.,0,0,0
WBGene00047502.,0,0,0
WBGene00047503.,0,0,0
WBGene00047504.,0,0,0
WBGene00047505.,0,0,0
WBGene00047506.,0,0,0
WBGene00047507.,0,0,0
WBGene00047508.,0,0,0
WBGene00047509.,0,0,0
WBGene00047510.,0,0,0
WBGene00047511.,0,0,0
WBGene00047512.,0,0,0
WBGene00047513.,0,0,0
WBGene00047514.,0,0,0
WBGene00047515.,0,0,0
WBGene00047516.,0,0,0
WBGene00047517.,0,0,0
WBGene00047518.,0,0,0
WBGene00047519.,0,0,0
WBGene00047520.,0,0,0
WBGene00047521.,0,0,0
WBGene00047522.,0,0,0
WBGene00047523.,0,0,0
WBGene00047524.,0,0,0
WBGene00047525.,0,0,0
WBGene00047526.,0,0,0
WBGene00047527.,0,0,0
WBGene00047528.,0,0,0
WBGene00047529.,0,0,0
WBGene00047530.,0,0,0
WBGene00047531.,0,0,0
WBGene00047532.,0,0,0
WBGene00047533.,0,0,0
WBGene00047534.,0,0,0
WBGene00047535.,0,0,0
WBGene00047536.,0,0,0
WBGene00047537.,0,0,0
WBGene00047538.,0,0,0
WBGene00047539.,0,0,0
WBGene00047540.,0,0,0
WBGene00047541.,0,0,0
WBGene00047542.,0,0,0
WBGene00047543.,0,0,0
WBGene00047544.,0,0,0
WBGene00047545.,0,0,0
WBGene00047546.,0,0,0
WBGene00047547.,0,0,0
WBGene00047548.,0,0,0
WBGene00047549.,0,0,0
WBGene00047550.,0,0,0
WBGene00047551.,0,0,0
WBGene00047552.,0,0,0
WBGene00047553.,0,0,0
WBGene00047554.,0,0,0
WBGene00047555.,0,0,0
WBGene00047556.,0,0,0
WBGene00047557.,0,0,0
WBGene00047558.,0,0,0
WBGene00047559.,0,0,0
WBGene00047560.,0,0,0
WBGene00047561.,0,0,0
WBGene00047562.,0,0,0
WBGene00047563.,0,0,0
WBGene00047564.,0,0,0
WBGene00047565.,0,0,0
WBGene00047566.,0,0,0
WBGene00047567.,0,0,0
WBGene00047568.,0,0,0
WBGene00047569.,0,0,0
WBGene00047570.,0,0,0
WBGene00047571.,0,0,0
WBGene00047572.,0,0,0
WBGene00047573.,0,0,0
WBGene00047574.,0,0,0
WBGene00047575.,0,0,0
WBGene00047576.,0,0,0
WBGene00047577.,0,0,0
WBGene00047578.,0,0,0
WBGene00047579.,0,0,0
WBGene00047580.,0,0,0
WBGene00047581.,0,0,0
WBGene00047582.,0,0,0
WBGene00047583.,0,0,0
WBGene00047584.,0,0,0
WBGene00047585.,0,0,0
WBGene00047586.,0,0,0
WBGene00047587.,0,0,0
WBGene00047588.,0,0,0
WBGene00047589.,0,0,0
WBGene00047590.,0,0,0
WBGene00047591.,0,0,0
WBGene00047592.,0,0,0
WBGene00047593.,0,0,0
WBGene00047594.,0,0,0
WBGene00047595.,0,0,0
WBGene00047596.,0,0,0
WBGene00047597.,0,0,0
WBGene00047598.,0,0,0
WBGene00047599.,0,0,0
WBGene00047600.,0,0,0
WBGene00047601.,0,0,0
WBGene00047602.,0,0,0
WBGene00047603.,0,0,0
WBGene00047604.,0,0,0
WBGene00047605.,0,0,0
WBGene00047606.,0,0,0
WBGene00047607.,0,0,0
WBGene00047608.,0,0,0
WBGene00047609.,0,0,0
WBGene00047610.,0,0,0
WBGene00047611.,0,0,0
WBGene00047612.,0,0,0
WBGene00047613.,0,0,0
WBGene00047614.,0,0,0
WBGene00047615.,0,0,0
WBGene00047616.,0,0,0
WBGene00047617.,0,0,0
WBGene00047618.,0,0,0
WBGene00047619.,0,0,0
WBGene00047620.,0,0,0
WBGene00047621.,0,0,0
WBGene00047622.,0,0,0
WBGene00047623.,0,0,0
WBGene00047624.,0,0,0
WBGene00047625.,0,0,0
WBGene00047626.,0,0,0
WBGene00047627.,0,0,0
WBGene00047628.,0,0,0
WBGene00047629.,0,0,0
WBGene00047630.,0,0,0
WBGene00047631.,0,0,0
WBGene00047632.,0,0,0
WBGene00047633.,0,0,0
WBGene00047634.,0,0,0
WBGene00047635.,0,0,0
WBGene00047636.,0,0,0
WBGene00047637.,0,0,0
WBGene00047638.,0,0,0
WBGene00047639.,0,0,0
WBGene00047640.,0,0,0
WBGene00047641.,0,0,0
WBGene00047642.,0,0,0
WBGene00047643.,0,0,0
WBGene00047644.,0,0,0
WBGene00047645.,0,0,0
WBGene00047646.,0,0,0
WBGene00047647.,0,0,0
WBGene00047648.,0,0,0
WBGene00047649.,0,0,0
WBGene00047650.,0,0,0
WBGene00047651.,0,0,0
WBGene00047652.,0,0,0
WBGene00047653.,0,0,0
WBGene00047654.,0,0,0
WBGene00047655.,0,0,0
WBGene00047656.,0,0,0
WBGene00047657.,0,0,0
WBGene00047658.,0,0,0
WBGene00047659.,0,0,0
WBGene00047660.,0,0,0
WBGene00047661.,0,0,0
WBGene00047662.,0,0,0
WBGene00047663.,0,0,0
WBGene00047664.,0,0,0
WBGene00047665.,0,0,0
WBGene00047666.,0,0,0
WBGene00047667.,0,0,0
WBGene00047668.,0,0,0
WBGene00047669.,0,0,0
WBGene00047670.,0,0,0
WBGene00047671.,0,0,0
WBGene00047672.,0,0,0
WBGene00047673.,0,0,0
WBGene00047674.,0,0,0
WBGene00047675.,0,0,0
WBGene00047676.,0,0,0
WBGene00047677.,0,0,0
WBGene00047678.,0,0,0
WBGene00047679.,0,0,0
WBGene00047680.,0,0,0
WBGene00047681.,0,0,0
WBGene00047682.,0,0,0
WBGene00047683.,0,0,0
WBGene00047684.,0,0,0
WBGene00047685.,0,0,0
WBGene00047686.,0,0,0
WBGene00047687.,0,0,0
WBGene00047688.,0,0,0
WBGene00047689.,0,0,0
WBGene00047690.,0,0,0
WBGene00047691.,0,0,0
WBGene00047692.,0,0,0
WBGene00047693.,0,0,0
WBGene00047694.,0,0,0
WBGene00047695.,0,0,0
WBGene00047696.,0,0,0
WBGene00047697.,0,0,0
WBGene00047698.,0,0,0
WBGene00047699.,0,0,0
WBGene00047700.,0,0,0
WBGene00047701.,0,0,0
WBGene00047702.,0,0,0
WBGene00047703.,0,0,0
WBGene00047704.,0,0,0
WBGene00047705.,0,0,0
WBGene00047706.,0,0,0
WBGene00047707.,0,0,0
WBGene00047708.,0,0,0
WBGene00047709.,0,0,0
WBGene00047710.,0,0,0
WBGene00047711.,0,0,0
WBGene00047712.,0,0,0
WBGene00047713.,0,0,0
WBGene00047714.,0,0,0
WBGene00047715.,0,0,0
WBGene00047716.,0,0,0
WBGene00047717.,0,0,0
WBGene00047718.,0,0,0
WBGene00047719.,0,0,0
WBGene00047720.,0,0,0
WBGene00047721.,0,0,0
WBGene00047722.,0,0,0
WBGene00047723.,0,0,0
WBGene00047724.,0,0,0
WBGene00047725.,0,0,0
WBGene00047726.,0,0,0
WBGene00047727.,0,0,0
WBGene00047728.,0,0,0
WBGene00047729.,0,0,0
WBGene00047730.,0,0,0
WBGene00047731.,0,0,0
WBGene00047732.,0,0,0
WBGene00047733.,0,0,0
WBGene00047734.,0,0,0
WBGene00047735.,0,0,0
WBGene00047736.,0,0,0
WBGene00047737.,0,0,0
WBGene00047738.,0,0,0
WBGene00047739.,0,0,0
WBGene00047740.,0,0,0
WBGene00047741.,0,0,0
WBGene00047742.,0,0,0
WBGene00047743.,0,0,0
WBGene00047744.,0,0,0
WBGene00047745.,0,0,0
WBGene00047746.,0,0,0
WBGene00047747.,0,0,0
WBGene00047748.,0,0,0
WBGene00047749.,0,0,0
WBGene00047750.,0,0,0
WBGene00047751.,0,0,0
WBGene00047752.,0,0,0
WBGene00047753.,0,0,0
WBGene00047754.,0,0,0
WBGene00047755.,0,0,0
WBGene00047756.,0,0,0
WBGene00047757.,0,0,0
WBGene00047758.,0,0,0
WBGene00047759.,0,0,0
WBGene00047760.,0,0,0
WBGene00047761.,0,0,0
WBGene00047762.,0,0,0
WBGene00047763.,0,0,0
WBGene00047764.,0,0,0
WBGene00047765.,0,0,0
WBGene00047766.,0,0,0
WBGene00047767.,0,0,0
WBGene00047768.,0,0,0
WBGene00047769.,0,0,0
WBGene00047770.,0,0,0
WBGene00047771.,0,0,0
WBGene00047772.,0,0,0
WBGene00047773.,0,0,0
WBGene00047774.,0,0,0
WBGene00047775.,0,0,0
WBGene00047776.,0,0,0
WBGene00047777.,0,0,0
WBGene00047778.,0,0,0
WBGene00047779.,0,0,0
WBGene00047780.,0,0,0
WBGene00047781.,0,0,0
WBGene00047782.,0,0,0
WBGene00047783.,0,0,0
WBGene00047784.,0,0,0
WBGene00047785.,0,0,0
WBGene00047786.,0,0,0
WBGene00047787.,0,0,0
WBGene00047788.,0,0,0
WBGene00047789.,0,0,0
WBGene00047790.,0,0,0
WBGene00047791.,0,0,0
WBGene00047792.,0,0,0
WBGene00047793.,0,0,0
WBGene00047794.,0,0,0
WBGene00047795.,0,0,0
WBGene00047796.,0,0,0
WBGene00047797.,0,0,0
WBGene00047798.,0,0,0
WBGene00047799.,0,0,0
WBGene00047800.,0,0,0
WBGene00047801.,0,0,0
WBGene00047802.,0,0,0
WBGene00047803.,0,0,0
WBGene00047804.,0,0,0
WBGene00047805.,0,0,0
WBGene00047806.,0,0,0
WBGene00047807.,0,0,0
WBGene00047808.,0,0,0
WBGene00047809.,0,0,0
WBGene00047810.,0,0,0
WBGene00047811.,0,0,0
WBGene00047812.,0,0,0
WBGene00047813.,0,0,0
WBGene00047814.,0,0,0
WBGene00047815.,0,0,0
WBGene00047816.,0,0,0
WBGene00047817.,0,0,0
WBGene00047818.,0,0,0
WBGene00047819.,0,0,0
WBGene00047820.,0,0,0
WBGene00047821.,0,0,0
WBGene00047822.,0,0,0
WBGene00047823.,0,0,0
WBGene00047824.,0,0,0
WBGene00047825.,0,0,0
WBGene00047826.,0,0,0
WBGene00047827.,0,0,0
WBGene00047828.,0,0,0
WBGene00047829.,0,0,0
WBGene00047830.,0,0,0
WBGene00047831.,0,0,0
WBGene00047832.,0,0,0
WBGene00047833.,0,0,0
WBGene00047834.,0,0,0
WBGene00047835.,0,0,0
WBGene00047836.,0,0,0
WBGene00047837.,0,0,0
WBGene00047838.,0,0,0
WBGene00047839.,0,0,0
WBGene00047840.,0,0,0
WBGene00047841.,0,0,0
WBGene00047842.,0,0,0
WBGene00047843.,0,0,0
WBGene00047844.,0,0,0
WBGene00047845.,0,0,0
WBGene00047846.,0,0,0
WBGene00047847.,0,0,0
WBGene00047848.,0,0,0
WBGene00047849.,0,0,0
WBGene00047850.,0,0,0
WBGene00047851.,0,0,0
WBGene00047852.,0,0,0
WBGene00047853.,0,0,0
WBGene00047854.,0,0,0
WBGene00047855.,0,0,0
WBGene00047856.,0,0,0
WBGene00047857.,0,0,0
WBGene00047858.,0,0,0
WBGene00047859.,0,0,0
WBGene00047860.,0,0,0
WBGene00047861.,0,0,0
WBGene00047862.,0,0,0
WBGene00047863.,0,0,0
WBGene00047864.,0,0,0
WBGene00047865.,0,0,0
WBGene00047866.,0,0,0
WBGene00047867.,0,0,0
WBGene00047868.,0,0,0
WBGene00047869.,0,0,0
WBGene00047870.,0,0,0
WBGene00047871.,0,0,0
WBGene00047872.,0,0,0
WBGene00047873.,0,0,0
WBGene00047874.,0,0,0
WBGene00047875.,0,0,0
WBGene00047876.,0,0,0
WBGene00047877.,0,0,0
WBGene00047878.,0,0,0
WBGene00047879.,0,0,0
WBGene00047880.,0,0,0
WBGene00047881.,0,0,0
WBGene00047882.,0,0,0
WBGene00047883.,0,0,0
WBGene00047884.,0,0,0
WBGene00047885.,0,0,0
WBGene00047886.,0,0,0
WBGene00047887.,0,0,0
WBGene00047888.,0,0,0
WBGene00047889.,0,0,0
WBGene00047890.,0,0,0
WBGene00047891.,0,0,0
WBGene00047892.,0,0,0
WBGene00047893.,0,0,0
WBGene00047894.,0,0,0
WBGene00047895.,0,0,0
WBGene00047896.,0,0,0
WBGene00047897.,0,0,0
WBGene00047898.,0,0,0
WBGene00047899.,0,0,0
WBGene00047900.,0,0,0
WBGene00047901.,0,0,0
WBGene00047902.,0,0,0
WBGene00047903.,0,0,0
WBGene00047905.,0,0,0
WBGene00047906.,0,0,0
WBGene00047907.,0,0,0
WBGene00047908.,0,0,0
WBGene00047909.,0,0,0
WBGene00047910.,0,0,0
WBGene00047911.,0,0,0
WBGene00047912.,0,0,0
WBGene00047913.,0,0,0
WBGene00047914.,0,0,0
WBGene00047915.,0,0,0
WBGene00047916.,0,0,0
WBGene00047917.,0,0,0
WBGene00047918.,0,0,0
WBGene00047919.,0,0,0
WBGene00047920.,0,0,0
WBGene00047921.,0,0,0
WBGene00047922.,0,0,0
WBGene00047923.,0,0,0
WBGene00047924.,0,0,0
WBGene00047925.,0,0,0
WBGene00047926.,0,0,0
WBGene00047927.,0,0,0
WBGene00047928.,0,0,0
WBGene00047929.,0,0,0
WBGene00047930.,0,0,0
WBGene00047931.,0,0,0
WBGene00047932.,0,0,0
WBGene00047933.,0,0,0
WBGene00047934.,0,0,0
WBGene00047935.,0,0,0
WBGene00047936.,0,0,0
WBGene00047937.,0,0,0
WBGene00047938.,0,0,0
WBGene00047939.,0,0,0
WBGene00047940.,0,0,0
WBGene00047941.,0,0,0
WBGene00047942.,0,0,0
WBGene00047943.,0,0,0
WBGene00047944.,0,0,0
WBGene00047945.,0,0,0
WBGene00047946.,0,0,0
WBGene00047947.,0,0,0
WBGene00047948.,0,0,0
WBGene00047949.,0,0,0
WBGene00047950.,0,0,0
WBGene00047951.,0,0,0
WBGene00047952.,0,0,0
WBGene00047953.,0,0,0
WBGene00047954.,0,0,0
WBGene00047955.,0,0,0
WBGene00047956.,0,0,0
WBGene00047957.,0,0,0
WBGene00047958.,0,0,0
WBGene00047959.,0,0,0
WBGene00047960.,0,0,0
WBGene00047961.,0,0,0
WBGene00047962.,0,0,0
WBGene00047963.,0,0,0
WBGene00047964.,0,0,0
WBGene00047965.,0,0,0
WBGene00047966.,0,0,0
WBGene00047967.,0,0,0
WBGene00047968.,0,0,0
WBGene00047969.,0,0,0
WBGene00047970.,0,0,0
WBGene00047971.,0,0,0
WBGene00047972.,0,0,0
WBGene00047973.,0,0,0
WBGene00047974.,0,0,0
WBGene00047975.,0,0,0
WBGene00047976.,0,0,0
WBGene00047977.,0,0,0
WBGene00047978.,0,0,0
WBGene00047979.,0,0,0
WBGene00047980.,0,0,0
WBGene00047981.,0,0,0
WBGene00047982.,0,0,0
WBGene00047983.,0,0,0
WBGene00047984.,0,0,0
WBGene00047985.,0,0,0
WBGene00047986.,0,0,0
WBGene00047987.,0,0,0
WBGene00047988.,0,0,0
WBGene00047989.,0,0,0
WBGene00047990.,0,0,0
WBGene00047991.,0,0,0
WBGene00047992.,0,0,0
WBGene00047993.,0,0,0
WBGene00047994.,0,0,0
WBGene00047995.,0,0,0
WBGene00047996.,0,0,0
WBGene00047997.,0,0,0
WBGene00047998.,0,0,0
WBGene00047999.,0,0,0
WBGene00048000.,0,0,0
WBGene00048001.,0,0,0
WBGene00048002.,0,0,0
WBGene00048003.,0,0,0
WBGene00048004.,0,0,0
WBGene00048005.,0,0,0
WBGene00048006.,0,0,0
WBGene00048007.,0,0,0
WBGene00048008.,0,0,0
WBGene00048009.,0,0,0
WBGene00048010.,0,0,0
WBGene00048011.,0,0,0
WBGene00048012.,0,0,0
WBGene00048013.,0,0,0
WBGene00048014.,0,0,0
WBGene00048015.,0,0,0
WBGene00048016.,0,0,0
WBGene00048017.,0,0,0
WBGene00048018.,0,0,0
WBGene00048019.,0,0,0
WBGene00048020.,0,0,0
WBGene00048021.,0,0,0
WBGene00048022.,0,0,0
WBGene00048023.,0,0,0
WBGene00048024.,0,0,0
WBGene00048025.,0,0,0
WBGene00048026.,0,0,0
WBGene00048027.,0,0,0
WBGene00048028.,0,0,0
WBGene00048029.,0,0,0
WBGene00048030.,0,0,0
WBGene00048031.,0,0,0
WBGene00048032.,0,0,0
WBGene00048033.,0,0,0
WBGene00048034.,0,0,0
WBGene00048035.,0,0,0
WBGene00048036.,0,0,0
WBGene00048037.,0,0,0
WBGene00048038.,0,0,0
WBGene00048039.,0,0,0
WBGene00048040.,0,0,0
WBGene00048041.,0,0,0
WBGene00048042.,0,0,0
WBGene00048043.,0,0,0
WBGene00048044.,0,0,0
WBGene00048045.,0,0,0
WBGene00048046.,0,0,0
WBGene00048047.,0,0,0
WBGene00048048.,0,0,0
WBGene00048049.,0,0,0
WBGene00048050.,0,0,0
WBGene00048051.,0,0,0
WBGene00048052.,0,0,0
WBGene00048053.,0,0,0
WBGene00048054.,0,0,0
WBGene00048055.,0,0,0
WBGene00048056.,0,0,0
WBGene00048057.,0,0,0
WBGene00048058.,0,0,0
WBGene00048059.,0,0,0
WBGene00048060.,0,0,0
WBGene00048061.,0,0,0
WBGene00048062.,0,0,0
WBGene00048063.,0,0,0
WBGene00048064.,0,0,0
WBGene00048065.,0,0,0
WBGene00048066.,0,0,0
WBGene00048067.,0,0,0
WBGene00048068.,0,0,0
WBGene00048069.,0,0,0
WBGene00048070.,0,0,0
WBGene00048071.,0,0,0
WBGene00048072.,0,0,0
WBGene00048073.,0,0,0
WBGene00048074.,0,0,0
WBGene00048075.,0,0,0
WBGene00048076.,0,0,0
WBGene00048077.,0,0,0
WBGene00048078.,0,0,0
WBGene00048079.,0,0,0
WBGene00048080.,0,0,0
WBGene00048081.,0,0,0
WBGene00048082.,0,0,0
WBGene00048083.,0,0,0
WBGene00048084.,0,0,0
WBGene00048085.,0,0,0
WBGene00048086.,0,0,0
WBGene00048087.,0,0,0
WBGene00048088.,0,0,0
WBGene00048089.,0,0,0
WBGene00048090.,0,0,0
WBGene00048091.,0,0,0
WBGene00048092.,0,0,0
WBGene00048093.,0,0,0
WBGene00048094.,0,0,0
WBGene00048095.,0,0,0
WBGene00048096.,0,0,0
WBGene00048097.,0,0,0
WBGene00048098.,0,0,0
WBGene00048099.,0,0,0
WBGene00048100.,0,0,0
WBGene00048101.,0,0,0
WBGene00048102.,0,0,0
WBGene00048103.,0,0,0
WBGene00048104.,0,0,0
WBGene00048105.,0,0,0
WBGene00048106.,0,0,0
WBGene00048107.,0,0,0
WBGene00048108.,0,0,0
WBGene00048109.,0,0,0
WBGene00048110.,0,0,0
WBGene00048111.,0,0,0
WBGene00048112.,0,0,0
WBGene00048113.,0,0,0
WBGene00048114.,0,0,0
WBGene00048115.,0,0,0
WBGene00048116.,0,0,0
WBGene00048117.,0,0,0
WBGene00048118.,0,0,0
WBGene00048119.,0,0,0
WBGene00048120.,0,0,0
WBGene00048121.,0,0,0
WBGene00048122.,0,0,0
WBGene00048123.,0,0,0
WBGene00048124.,0,0,0
WBGene00048125.,0,0,0
WBGene00048126.,0,0,0
WBGene00048127.,0,0,0
WBGene00048128.,0,0,0
WBGene00048129.,0,0,0
WBGene00048130.,0,0,0
WBGene00048131.,0,0,0
WBGene00048132.,0,0,0
WBGene00048133.,0,0,0
WBGene00048134.,0,0,0
WBGene00048135.,0,0,0
WBGene00048136.,0,0,0
WBGene00048137.,0,0,0
WBGene00048138.,0,0,0
WBGene00048139.,0,0,0
WBGene00048140.,0,0,0
WBGene00048141.,0,0,0
WBGene00048142.,0,0,0
WBGene00048143.,0,0,0
WBGene00048144.,0,0,0
WBGene00048145.,0,0,0
WBGene00048146.,0,0,0
WBGene00048147.,0,0,0
WBGene00048148.,0,0,0
WBGene00048149.,0,0,0
WBGene00048150.,0,0,0
WBGene00048151.,0,0,0
WBGene00048152.,0,0,0
WBGene00048153.,0,0,0
WBGene00048154.,0,0,0
WBGene00048155.,0,0,0
WBGene00048156.,0,0,0
WBGene00048157.,0,0,0
WBGene00048158.,0,0,0
WBGene00048159.,0,0,0
WBGene00048160.,0,0,0
WBGene00048161.,0,0,0
WBGene00048162.,0,0,0
WBGene00048163.,0,0,0
WBGene00048164.,0,0,0
WBGene00048165.,0,0,0
WBGene00048166.,0,0,0
WBGene00048167.,0,0,0
WBGene00048168.,0,0,0
WBGene00048169.,0,0,0
WBGene00048170.,0,0,0
WBGene00048171.,0,0,0
WBGene00048172.,0,0,0
WBGene00048173.,0,0,0
WBGene00048174.,0,0,0
WBGene00048175.,0,0,0
WBGene00048176.,0,0,0
WBGene00048177.,0,0,0
WBGene00048178.,0,0,0
WBGene00048179.,0,0,0
WBGene00048180.,0,0,0
WBGene00048181.,0,0,0
WBGene00048182.,0,0,0
WBGene00048183.,0,0,0
WBGene00048184.,0,0,0
WBGene00048185.,0,0,0
WBGene00048186.,0,0,0
WBGene00048187.,0,0,0
WBGene00048188.,0,0,0
WBGene00048189.,0,0,0
WBGene00048190.,0,0,0
WBGene00048191.,0,0,0
WBGene00048192.,0,0,0
WBGene00048193.,0,0,0
WBGene00048194.,0,0,0
WBGene00048195.,0,0,0
WBGene00048196.,0,0,0
WBGene00048197.,0,0,0
WBGene00048198.,0,0,0
WBGene00048199.,0,0,0
WBGene00048200.,0,0,0
WBGene00048201.,0,0,0
WBGene00048202.,0,0,0
WBGene00048203.,0,0,0
WBGene00048204.,0,0,0
WBGene00048205.,0,0,0
WBGene00048206.,0,0,0
WBGene00048207.,0,0,0
WBGene00048208.,0,0,0
WBGene00048209.,0,0,0
WBGene00048210.,0,0,0
WBGene00048211.,0,0,0
WBGene00048212.,0,0,0
WBGene00048213.,0,0,0
WBGene00048214.,0,0,0
WBGene00048215.,0,0,0
WBGene00048216.,0,0,0
WBGene00048217.,0,0,0
WBGene00048218.,0,0,0
WBGene00048219.,0,0,0
WBGene00048220.,0,0,0
WBGene00048221.,0,0,0
WBGene00048222.,0,0,0
WBGene00048223.,0,0,0
WBGene00048224.,0,0,0
WBGene00048225.,0,0,0
WBGene00048226.,0,0,0
WBGene00048227.,0,0,0
WBGene00048228.,0,0,0
WBGene00048229.,0,0,0
WBGene00048230.,0,0,0
WBGene00048231.,0,0,0
WBGene00048232.,0,0,0
WBGene00048233.,0,0,0
WBGene00048234.,0,0,0
WBGene00048235.,0,0,0
WBGene00048236.,0,0,0
WBGene00048237.,0,0,0
WBGene00048238.,0,0,0
WBGene00048239.,0,0,0
WBGene00048240.,0,0,0
WBGene00048241.,0,0,0
WBGene00048242.,0,0,0
WBGene00048243.,0,0,0
WBGene00048244.,0,0,0
WBGene00048245.,0,0,0
WBGene00048246.,0,0,0
WBGene00048247.,0,0,0
WBGene00048248.,0,0,0
WBGene00048249.,0,0,0
WBGene00048250.,0,0,0
WBGene00048251.,0,0,0
WBGene00048252.,0,0,0
WBGene00048253.,0,0,0
WBGene00048254.,0,0,0
WBGene00048255.,0,0,0
WBGene00048256.,0,0,0
WBGene00048257.,0,0,0
WBGene00048258.,0,0,0
WBGene00048259.,0,0,0
WBGene00048260.,0,0,0
WBGene00048261.,0,0,0
WBGene00048262.,0,0,0
WBGene00048263.,0,0,0
WBGene00048264.,0,0,0
WBGene00048265.,0,0,0
WBGene00048266.,0,0,0
WBGene00048267.,0,0,0
WBGene00048268.,0,0,0
WBGene00048269.,0,0,0
WBGene00048270.,0,0,0
WBGene00048271.,0,0,0
WBGene00048272.,0,0,0
WBGene00048273.,0,0,0
WBGene00048274.,0,0,0
WBGene00048275.,0,0,0
WBGene00048276.,0,0,0
WBGene00048277.,0,0,0
WBGene00048278.,0,0,0
WBGene00048279.,0,0,0
WBGene00048280.,0,0,0
WBGene00048281.,0,0,0
WBGene00048282.,0,0,0
WBGene00048283.,0,0,0
WBGene00048284.,0,0,0
WBGene00048285.,0,0,0
WBGene00048286.,0,0,0
WBGene00048287.,0,0,0
WBGene00048288.,0,0,0
WBGene00048289.,0,0,0
WBGene00048290.,0,0,0
WBGene00048291.,0,0,0
WBGene00048292.,0,0,0
WBGene00048293.,0,0,0
WBGene00048294.,0,0,0
WBGene00048295.,0,0,0
WBGene00048296.,0,0,0
WBGene00048297.,0,0,0
WBGene00048298.,0,0,0
WBGene00048299.,0,0,0
WBGene00048300.,0,0,0
WBGene00048301.,0,0,0
WBGene00048302.,0,0,0
WBGene00048303.,0,0,0
WBGene00048304.,0,0,0
WBGene00048305.,0,0,0
WBGene00048306.,0,0,0
WBGene00048307.,0,0,0
WBGene00048308.,0,0,0
WBGene00048309.,0,0,0
WBGene00048310.,0,0,0
WBGene00048311.,0,0,0
WBGene00048312.,0,0,0
WBGene00048313.,0,0,0
WBGene00048314.,0,0,0
WBGene00048315.,0,0,0
WBGene00048316.,0,0,0
WBGene00048317.,0,0,0
WBGene00048318.,0,0,0
WBGene00048319.,0,0,0
WBGene00048320.,0,0,0
WBGene00048321.,0,0,0
WBGene00048322.,0,0,0
WBGene00048323.,0,0,0
WBGene00048324.,0,0,0
WBGene00048325.,0,0,0
WBGene00048326.,0,0,0
WBGene00048327.,0,0,0
WBGene00048328.,0,0,0
WBGene00048329.,0,0,0
WBGene00048330.,0,0,0
WBGene00048331.,0,0,0
WBGene00048332.,0,0,0
WBGene00048333.,0,0,0
WBGene00048334.,0,0,0
WBGene00048335.,0,0,0
WBGene00048336.,0,0,0
WBGene00048337.,0,0,0
WBGene00048338.,0,0,0
WBGene00048339.,0,0,0
WBGene00048340.,0,0,0
WBGene00048341.,0,0,0
WBGene00048342.,0,0,0
WBGene00048343.,0,0,0
WBGene00048344.,0,0,0
WBGene00048345.,0,0,0
WBGene00048346.,0,0,0
WBGene00048347.,0,0,0
WBGene00048348.,0,0,0
WBGene00048349.,0,0,0
WBGene00048350.,0,0,0
WBGene00048351.,0,0,0
WBGene00048352.,0,0,0
WBGene00048353.,0,0,0
WBGene00048354.,0,0,0
WBGene00048355.,0,0,0
WBGene00048356.,0,0,0
WBGene00048357.,0,0,0
WBGene00048358.,0,0,0
WBGene00048359.,0,0,0
WBGene00048360.,0,0,0
WBGene00048361.,0,0,0
WBGene00048362.,0,0,0
WBGene00048363.,0,0,0
WBGene00048364.,0,0,0
WBGene00048365.,0,0,0
WBGene00048366.,0,0,0
WBGene00048367.,0,0,0
WBGene00048368.,0,0,0
WBGene00048369.,0,0,0
WBGene00048370.,0,0,0
WBGene00048371.,0,0,0
WBGene00048372.,0,0,0
WBGene00048373.,0,0,0
WBGene00048374.,0,0,0
WBGene00048375.,0,0,0
WBGene00048376.,0,0,0
WBGene00048377.,0,0,0
WBGene00048378.,0,0,0
WBGene00048379.,0,0,0
WBGene00048380.,0,0,0
WBGene00048381.,0,0,0
WBGene00048382.,0,0,0
WBGene00048383.,0,0,0
WBGene00048384.,0,0,0
WBGene00048385.,0,0,0
WBGene00048386.,0,0,0
WBGene00048387.,0,0,0
WBGene00048388.,0,0,0
WBGene00048389.,0,0,0
WBGene00048390.,0,0,0
WBGene00048391.,0,0,0
WBGene00048392.,0,0,0
WBGene00048393.,0,0,0
WBGene00048394.,0,0,0
WBGene00048395.,0,0,0
WBGene00048396.,0,0,0
WBGene00048397.,0,0,0
WBGene00048398.,0,0,0
WBGene00048399.,0,0,0
WBGene00048400.,0,0,0
WBGene00048401.,0,0,0
WBGene00048402.,0,0,0
WBGene00048403.,0,0,0
WBGene00048404.,0,0,0
WBGene00048405.,0,0,0
WBGene00048406.,0,0,0
WBGene00048407.,0,0,0
WBGene00048408.,0,0,0
WBGene00048409.,0,0,0
WBGene00048410.,0,0,0
WBGene00048411.,0,0,0
WBGene00048412.,0,0,0
WBGene00048413.,0,0,0
WBGene00048414.,0,0,0
WBGene00048415.,0,0,0
WBGene00048416.,0,0,0
WBGene00048417.,0,0,0
WBGene00048418.,0,0,0
WBGene00048419.,0,0,0
WBGene00048420.,0,0,0
WBGene00048421.,0,0,0
WBGene00048422.,0,0,0
WBGene00048423.,0,0,0
WBGene00048424.,0,0,0
WBGene00048425.,0,0,0
WBGene00048426.,0,0,0
WBGene00048427.,0,0,0
WBGene00048428.,0,0,0
WBGene00048429.,0,0,0
WBGene00048430.,0,0,0
WBGene00048431.,0,0,0
WBGene00048432.,0,0,0
WBGene00048433.,0,0,0
WBGene00048434.,0,0,0
WBGene00048435.,0,0,0
WBGene00048436.,0,0,0
WBGene00048437.,0,0,0
WBGene00048438.,0,0,0
WBGene00048439.,0,0,0
WBGene00048440.,0,0,0
WBGene00048441.,0,0,0
WBGene00048442.,0,0,0
WBGene00048443.,0,0,0
WBGene00048444.,0,0,0
WBGene00048445.,0,0,0
WBGene00048446.,0,0,0
WBGene00048447.,0,0,0
WBGene00048448.,0,0,0
WBGene00048449.,0,0,0
WBGene00048450.,0,0,0
WBGene00048451.,0,0,0
WBGene00048452.,0,0,0
WBGene00048453.,0,0,0
WBGene00048454.,0,0,0
WBGene00048455.,0,0,0
WBGene00048456.,0,0,0
WBGene00048457.,0,0,0
WBGene00048458.,0,0,0
WBGene00048459.,0,0,0
WBGene00048460.,0,0,0
WBGene00048461.,0,0,0
WBGene00048462.,0,0,0
WBGene00048463.,0,0,0
WBGene00048464.,0,0,0
WBGene00048465.,0,0,0
WBGene00048466.,0,0,0
WBGene00048467.,0,0,0
WBGene00048468.,0,0,0
WBGene00048469.,0,0,0
WBGene00048470.,0,0,0
WBGene00048471.,0,0,0
WBGene00048472.,0,0,0
WBGene00048473.,0,0,0
WBGene00048474.,0,0,0
WBGene00048475.,0,0,0
WBGene00048476.,0,0,0
WBGene00048477.,0,0,0
WBGene00048478.,0,0,0
WBGene00048479.,0,0,0
WBGene00048480.,0,0,0
WBGene00048481.,0,0,0
WBGene00048482.,0,0,0
WBGene00048483.,0,0,0
WBGene00048484.,0,0,0
WBGene00048485.,0,0,0
WBGene00048486.,0,0,0
WBGene00048487.,0,0,0
WBGene00048488.,0,0,0
WBGene00048489.,0,0,0
WBGene00048490.,0,0,0
WBGene00048491.,0,0,0
WBGene00048492.,0,0,0
WBGene00048493.,0,0,0
WBGene00048494.,0,0,0
WBGene00048495.,0,0,0
WBGene00048496.,0,0,0
WBGene00048497.,0,0,0
WBGene00048498.,0,0,0
WBGene00048499.,0,0,0
WBGene00048500.,0,0,0
WBGene00048501.,0,0,0
WBGene00048502.,0,0,0
WBGene00048503.,0,0,0
WBGene00048504.,0,0,0
WBGene00048505.,0,0,0
WBGene00048506.,0,0,0
WBGene00048507.,0,0,0
WBGene00048508.,0,0,0
WBGene00048509.,0,0,0
WBGene00048510.,0,0,0
WBGene00048511.,0,0,0
WBGene00048512.,0,0,0
WBGene00048513.,0,0,0
WBGene00048514.,0,0,0
WBGene00048515.,0,0,0
WBGene00048516.,0,0,0
WBGene00048517.,0,0,0
WBGene00048518.,0,0,0
WBGene00048519.,0,0,0
WBGene00048520.,0,0,0
WBGene00048521.,0,0,0
WBGene00048522.,0,0,0
WBGene00048523.,0,0,0
WBGene00048524.,0,0,0
WBGene00048525.,0,0,0
WBGene00048526.,0,0,0
WBGene00048527.,0,0,0
WBGene00048528.,0,0,0
WBGene00048529.,0,0,0
WBGene00048530.,0,0,0
WBGene00048531.,0,0,0
WBGene00048532.,0,0,0
WBGene00048533.,0,0,0
WBGene00048534.,0,0,0
WBGene00048535.,0,0,0
WBGene00048536.,0,0,0
WBGene00048537.,0,0,0
WBGene00048538.,0,0,0
WBGene00048539.,0,0,0
WBGene00048540.,0,0,0
WBGene00048541.,0,0,0
WBGene00048542.,0,0,0
WBGene00048543.,0,0,0
WBGene00048544.,0,0,0
WBGene00048545.,0,0,0
WBGene00048546.,0,0,0
WBGene00048547.,0,0,0
WBGene00048548.,0,0,0
WBGene00048549.,0,0,0
WBGene00048550.,0,0,0
WBGene00048551.,0,0,0
WBGene00048552.,0,0,0
WBGene00048553.,0,0,0
WBGene00048554.,0,0,0
WBGene00048555.,0,0,0
WBGene00048556.,0,0,0
WBGene00048557.,0,0,0
WBGene00048558.,0,0,0
WBGene00048559.,0,0,0
WBGene00048560.,0,0,0
WBGene00048561.,0,0,0
WBGene00048562.,0,0,0
WBGene00048563.,0,0,0
WBGene00048564.,0,0,0
WBGene00048565.,0,0,0
WBGene00048566.,0,0,0
WBGene00048567.,0,0,0
WBGene00048568.,0,0,0
WBGene00048569.,0,0,0
WBGene00048570.,0,0,0
WBGene00048571.,0,0,0
WBGene00048572.,0,0,0
WBGene00048573.,0,0,0
WBGene00048574.,0,0,0
WBGene00048575.,0,0,0
WBGene00048576.,0,0,0
WBGene00048577.,0,0,0
WBGene00048578.,0,0,0
WBGene00048579.,0,0,0
WBGene00048580.,0,0,0
WBGene00048581.,0,0,0
WBGene00048582.,0,0,0
WBGene00048583.,0,0,0
WBGene00048584.,0,0,0
WBGene00048585.,0,0,0
WBGene00048586.,0,0,0
WBGene00048587.,0,0,0
WBGene00048588.,0,0,0
WBGene00048589.,0,0,0
WBGene00048590.,0,0,0
WBGene00048591.,0,0,0
WBGene00048592.,0,0,0
WBGene00048593.,0,0,0
WBGene00048594.,0,0,0
WBGene00048595.,0,0,0
WBGene00048596.,0,0,0
WBGene00048597.,0,0,0
WBGene00048598.,0,0,0
WBGene00048599.,0,0,0
WBGene00048600.,0,0,0
WBGene00048601.,0,0,0
WBGene00048602.,0,0,0
WBGene00048603.,0,0,0
WBGene00048604.,0,0,0
WBGene00048605.,0,0,0
WBGene00048606.,0,0,0
WBGene00048607.,0,0,0
WBGene00048608.,0,0,0
WBGene00048609.,0,0,0
WBGene00048610.,0,0,0
WBGene00048611.,0,0,0
WBGene00048612.,0,0,0
WBGene00048613.,0,0,0
WBGene00048614.,0,0,0
WBGene00048615.,0,0,0
WBGene00048616.,0,0,0
WBGene00048617.,0,0,0
WBGene00048618.,0,0,0
WBGene00048619.,0,0,0
WBGene00048620.,0,0,0
WBGene00048621.,0,0,0
WBGene00048622.,0,0,0
WBGene00048623.,0,0,0
WBGene00048624.,0,0,0
WBGene00048625.,0,0,0
WBGene00048626.,0,0,0
WBGene00048627.,0,0,0
WBGene00048628.,0,0,0
WBGene00048629.,0,0,0
WBGene00048630.,0,0,0
WBGene00048631.,0,0,0
WBGene00048632.,0,0,0
WBGene00048633.,0,0,0
WBGene00048634.,0,0,0
WBGene00048635.,0,0,0
WBGene00048636.,0,0,0
WBGene00048637.,0,0,0
WBGene00048638.,0,0,0
WBGene00048639.,0,0,0
WBGene00048640.,0,0,0
WBGene00048641.,0,0,0
WBGene00048642.,0,0,0
WBGene00048643.,0,0,0
WBGene00048644.,0,0,0
WBGene00048645.,0,0,0
WBGene00048646.,0,0,0
WBGene00048647.,0,0,0
WBGene00048648.,0,0,0
WBGene00048649.,0,0,0
WBGene00048650.,0,0,0
WBGene00048651.,0,0,0
WBGene00048652.,0,0,0
WBGene00048653.,0,0,0
WBGene00048654.,0,0,0
WBGene00048655.,0,0,0
WBGene00048656.,0,0,0
WBGene00048657.,0,0,0
WBGene00048658.,0,0,0
WBGene00048659.,0,0,0
WBGene00048660.,0,0,0
WBGene00048661.,0,0,0
WBGene00048662.,0,0,0
WBGene00048663.,0,0,0
WBGene00048664.,0,0,0
WBGene00048665.,0,0,0
WBGene00048666.,0,0,0
WBGene00048667.,0,0,0
WBGene00048668.,0,0,0
WBGene00048669.,0,0,0
WBGene00048670.,0,0,0
WBGene00048671.,0,0,0
WBGene00048672.,0,0,0
WBGene00048673.,0,0,0
WBGene00048674.,0,0,0
WBGene00048675.,0,0,0
WBGene00048676.,0,0,0
WBGene00048677.,0,0,0
WBGene00048678.,0,0,0
WBGene00048679.,0,0,0
WBGene00048680.,0,0,0
WBGene00048681.,0,0,0
WBGene00048682.,0,0,0
WBGene00048683.,0,0,0
WBGene00048684.,0,0,0
WBGene00048685.,0,0,0
WBGene00048686.,0,0,0
WBGene00048687.,0,0,0
WBGene00048688.,0,0,0
WBGene00048689.,0,0,0
WBGene00048690.,0,0,0
WBGene00048691.,0,0,0
WBGene00048692.,0,0,0
WBGene00048693.,0,0,0
WBGene00048694.,0,0,0
WBGene00048695.,0,0,0
WBGene00048696.,0,0,0
WBGene00048697.,0,0,0
WBGene00048698.,0,0,0
WBGene00048699.,0,0,0
WBGene00048700.,0,0,0
WBGene00048701.,0,0,0
WBGene00048702.,0,0,0
WBGene00048703.,0,0,0
WBGene00048704.,0,0,0
WBGene00048705.,0,0,0
WBGene00048706.,0,0,0
WBGene00048707.,0,0,0
WBGene00048708.,0,0,0
WBGene00048709.,0,0,0
WBGene00048710.,0,0,0
WBGene00048711.,0,0,0
WBGene00048712.,0,0,0
WBGene00048713.,0,0,0
WBGene00048714.,0,0,0
WBGene00048715.,0,0,0
WBGene00048716.,0,0,0
WBGene00048717.,0,0,0
WBGene00048718.,0,0,0
WBGene00048719.,0,0,0
WBGene00048720.,0,0,0
WBGene00048721.,0,0,0
WBGene00048722.,0,0,0
WBGene00048723.,0,0,0
WBGene00048724.,0,0,0
WBGene00048725.,0,0,0
WBGene00048726.,0,0,0
WBGene00048727.,0,0,0
WBGene00048728.,0,0,0
WBGene00048729.,0,0,0
WBGene00048730.,0,0,0
WBGene00048731.,0,0,0
WBGene00048732.,0,0,0
WBGene00048733.,0,0,0
WBGene00048734.,0,0,0
WBGene00048735.,0,0,0
WBGene00048736.,0,0,0
WBGene00048737.,0,0,0
WBGene00048738.,0,0,0
WBGene00048739.,0,0,0
WBGene00048740.,0,0,0
WBGene00048741.,0,0,0
WBGene00048742.,0,0,0
WBGene00048743.,0,0,0
WBGene00048744.,0,0,0
WBGene00048745.,0,0,0
WBGene00048746.,0,0,0
WBGene00048747.,0,0,0
WBGene00048748.,0,0,0
WBGene00048749.,0,0,0
WBGene00048750.,0,0,0
WBGene00048751.,0,0,0
WBGene00048752.,0,0,0
WBGene00048753.,0,0,0
WBGene00048754.,0,0,0
WBGene00048755.,0,0,0
WBGene00048756.,0,0,0
WBGene00048757.,0,0,0
WBGene00048758.,0,0,0
WBGene00048759.,0,0,0
WBGene00048760.,0,0,0
WBGene00048761.,0,0,0
WBGene00048762.,0,0,0
WBGene00048763.,0,0,0
WBGene00048764.,0,0,0
WBGene00048765.,0,0,0
WBGene00048766.,0,0,0
WBGene00048767.,0,0,0
WBGene00048768.,0,0,0
WBGene00048769.,0,0,0
WBGene00048770.,0,0,0
WBGene00048771.,0,0,0
WBGene00048772.,0,0,0
WBGene00048773.,0,0,0
WBGene00048774.,0,0,0
WBGene00048775.,0,0,0
WBGene00048776.,0,0,0
WBGene00048777.,0,0,0
WBGene00048778.,0,0,0
WBGene00048779.,0,0,0
WBGene00048780.,0,0,0
WBGene00048781.,0,0,0
WBGene00048782.,0,0,0
WBGene00048783.,0,0,0
WBGene00048784.,0,0,0
WBGene00048785.,0,0,0
WBGene00048786.,0,0,0
WBGene00048787.,0,0,0
WBGene00048788.,0,0,0
WBGene00048789.,0,0,0
WBGene00048790.,0,0,0
WBGene00048791.,0,0,0
WBGene00048792.,0,0,0
WBGene00048793.,0,0,0
WBGene00048794.,0,0,0
WBGene00048795.,0,0,0
WBGene00048796.,0,0,0
WBGene00048797.,0,0,0
WBGene00048798.,0,0,0
WBGene00048799.,0,0,0
WBGene00048800.,0,0,0
WBGene00048801.,0,0,0
WBGene00048802.,0,0,0
WBGene00048803.,0,0,0
WBGene00048804.,0,0,0
WBGene00048805.,0,0,0
WBGene00048806.,0,0,0
WBGene00048807.,0,0,0
WBGene00048808.,0,0,0
WBGene00048809.,0,0,0
WBGene00048810.,0,0,0
WBGene00048811.,0,0,0
WBGene00048812.,0,0,0
WBGene00048813.,0,0,0
WBGene00048814.,0,0,0
WBGene00048815.,0,0,0
WBGene00048816.,0,0,0
WBGene00048817.,0,0,0
WBGene00048819.,0,0,0
WBGene00048820.,0,0,0
WBGene00048821.,0,0,0
WBGene00048822.,0,0,0
WBGene00048823.,0,0,0
WBGene00048824.,0,0,0
WBGene00048825.,0,0,0
WBGene00048826.,0,0,0
WBGene00048827.,0,0,0
WBGene00048828.,0,0,0
WBGene00048829.,0,0,0
WBGene00048830.,0,0,0
WBGene00048831.,0,0,0
WBGene00048832.,0,0,0
WBGene00048833.,0,0,0
WBGene00048834.,0,0,0
WBGene00048835.,0,0,0
WBGene00048836.,0,0,0
WBGene00048837.,0,0,0
WBGene00048838.,0,0,0
WBGene00048839.,0,0,0
WBGene00048840.,0,0,0
WBGene00048841.,0,0,0
WBGene00048842.,0,0,0
WBGene00048843.,0,0,0
WBGene00048844.,0,0,0
WBGene00048845.,0,0,0
WBGene00048846.,0,0,0
WBGene00048847.,0,0,0
WBGene00048848.,0,0,0
WBGene00048849.,0,0,0
WBGene00048850.,0,0,0
WBGene00048851.,0,0,0
WBGene00048852.,0,0,0
WBGene00048853.,0,0,0
WBGene00048854.,0,0,0
WBGene00048855.,0,0,0
WBGene00048856.,0,0,0
WBGene00048857.,0,0,0
WBGene00048858.,0,0,0
WBGene00048859.,0,0,0
WBGene00048860.,0,0,0
WBGene00048861.,0,0,0
WBGene00048862.,0,0,0
WBGene00048863.,0,0,0
WBGene00048864.,0,0,0
WBGene00048865.,0,0,0
WBGene00048866.,0,0,0
WBGene00048867.,0,0,0
WBGene00048868.,0,0,0
WBGene00048869.,0,0,0
WBGene00048870.,0,0,0
WBGene00048871.,0,0,0
WBGene00048872.,0,0,0
WBGene00048873.,0,0,0
WBGene00048874.,0,0,0
WBGene00048875.,0,0,0
WBGene00048876.,0,0,0
WBGene00048877.,0,0,0
WBGene00048878.,0,0,0
WBGene00048879.,0,0,0
WBGene00048880.,0,0,0
WBGene00048881.,0,0,0
WBGene00048882.,0,0,0
WBGene00048883.,0,0,0
WBGene00048884.,0,0,0
WBGene00048885.,0,0,0
WBGene00048886.,0,0,0
WBGene00048887.,0,0,0
WBGene00048888.,0,0,0
WBGene00048889.,0,0,0
WBGene00048890.,0,0,0
WBGene00048891.,0,0,0
WBGene00048892.,0,0,0
WBGene00048893.,0,0,0
WBGene00048894.,0,0,0
WBGene00048895.,0,0,0
WBGene00048896.,0,0,0
WBGene00048897.,0,0,0
WBGene00048898.,0,0,0
WBGene00048899.,0,0,0
WBGene00048900.,0,0,0
WBGene00048901.,0,0,0
WBGene00048902.,0,0,0
WBGene00048903.,0,0,0
WBGene00048904.,0,0,0
WBGene00048905.,0,0,0
WBGene00048906.,0,0,0
WBGene00048907.,0,0,0
WBGene00048908.,0,0,0
WBGene00048909.,0,0,0
WBGene00048910.,0,0,0
WBGene00048911.,0,0,0
WBGene00048912.,0,0,0
WBGene00048913.,0,0,0
WBGene00048914.,0,0,0
WBGene00048915.,0,0,0
WBGene00048916.,0,0,0
WBGene00048917.,0,0,0
WBGene00048918.,0,0,0
WBGene00048919.,0,0,0
WBGene00048920.,0,0,0
WBGene00048921.,0,0,0
WBGene00048922.,0,0,0
WBGene00048923.,0,0,0
WBGene00048924.,0,0,0
WBGene00048925.,0,0,0
WBGene00048926.,0,0,0
WBGene00048927.,0,0,0
WBGene00048928.,0,0,0
WBGene00048929.,0,0,0
WBGene00048930.,0,0,0
WBGene00048931.,0,0,0
WBGene00048932.,0,0,0
WBGene00048933.,0,0,0
WBGene00048934.,0,0,0
WBGene00048935.,0,0,0
WBGene00048936.,0,0,0
WBGene00048937.,0,0,0
WBGene00048938.,0,0,0
WBGene00048939.,0,0,0
WBGene00048940.,0,0,0
WBGene00048941.,0,0,0
WBGene00048942.,0,0,0
WBGene00048943.,0,0,0
WBGene00048944.,0,0,0
WBGene00048945.,0,0,0
WBGene00048946.,0,0,0
WBGene00048947.,0,0,0
WBGene00048948.,0,0,0
WBGene00048949.,0,0,0
WBGene00048950.,0,0,0
WBGene00048951.,0,0,0
WBGene00048952.,0,0,0
WBGene00048953.,0,0,0
WBGene00048954.,0,0,0
WBGene00048955.,0,0,0
WBGene00048956.,0,0,0
WBGene00048957.,0,0,0
WBGene00048958.,0,0,0
WBGene00048959.,0,0,0
WBGene00048960.,0,0,0
WBGene00048961.,0,0,0
WBGene00048962.,0,0,0
WBGene00048963.,0,0,0
WBGene00048964.,0,0,0
WBGene00048965.,0,0,0
WBGene00048966.,0,0,0
WBGene00048967.,0,0,0
WBGene00048968.,0,0,0
WBGene00048969.,0,0,0
WBGene00048970.,0,0,0
WBGene00048971.,0,0,0
WBGene00048972.,0,0,0
WBGene00048973.,0,0,0
WBGene00048974.,0,0,0
WBGene00048975.,0,0,0
WBGene00048976.,0,0,0
WBGene00048977.,0,0,0
WBGene00048978.,0,0,0
WBGene00048979.,0,0,0
WBGene00048980.,0,0,0
WBGene00048981.,0,0,0
WBGene00048982.,0,0,0
WBGene00048983.,0,0,0
WBGene00048984.,0,0,0
WBGene00048985.,0,0,0
WBGene00048986.,0,0,0
WBGene00048987.,0,0,0
WBGene00048988.,0,0,0
WBGene00048989.,0,0,0
WBGene00048990.,0,0,0
WBGene00048991.,0,0,0
WBGene00048992.,0,0,0
WBGene00048993.,0,0,0
WBGene00048994.,0,0,0
WBGene00048995.,0,0,0
WBGene00048996.,0,0,0
WBGene00048997.,0,0,0
WBGene00048998.,0,0,0
WBGene00048999.,0,0,0
WBGene00049000.,0,0,0
WBGene00049001.,0,0,0
WBGene00049002.,0,0,0
WBGene00049003.,0,0,0
WBGene00049004.,0,0,0
WBGene00049005.,0,0,0
WBGene00049006.,0,0,0
WBGene00049007.,0,0,0
WBGene00049008.,0,0,0
WBGene00049009.,0,0,0
WBGene00049010.,0,0,0
WBGene00049011.,0,0,0
WBGene00049012.,0,0,0
WBGene00049013.,0,0,0
WBGene00049014.,0,0,0
WBGene00049015.,0,0,0
WBGene00049016.,0,0,0
WBGene00049017.,0,0,0
WBGene00049018.,0,0,0
WBGene00049019.,0,0,0
WBGene00049020.,0,0,0
WBGene00049021.,0,0,0
WBGene00049022.,0,0,0
WBGene00049023.,0,0,0
WBGene00049024.,0,0,0
WBGene00049025.,0,0,0
WBGene00049026.,0,0,0
WBGene00049027.,0,0,0
WBGene00049028.,0,0,0
WBGene00049029.,0,0,0
WBGene00049030.,0,0,0
WBGene00049031.,0,0,0
WBGene00049032.,0,0,0
WBGene00049033.,0,0,0
WBGene00049034.,0,0,0
WBGene00049035.,0,0,0
WBGene00049036.,0,0,0
WBGene00049037.,0,0,0
WBGene00049038.,0,0,0
WBGene00049039.,0,0,0
WBGene00049040.,0,0,0
WBGene00049041.,0,0,0
WBGene00049042.,0,0,0
WBGene00049043.,0,0,0
WBGene00049044.,0,0,0
WBGene00049045.,0,0,0
WBGene00049046.,0,0,0
WBGene00049047.,0,0,0
WBGene00049048.,0,0,0
WBGene00049049.,0,0,0
WBGene00049050.,0,0,0
WBGene00049051.,0,0,0
WBGene00049052.,0,0,0
WBGene00049053.,0,0,0
WBGene00049054.,0,0,0
WBGene00049055.,0,0,0
WBGene00049056.,0,0,0
WBGene00049057.,0,0,0
WBGene00049058.,0,0,0
WBGene00049059.,0,0,0
WBGene00049060.,0,0,0
WBGene00049061.,0,0,0
WBGene00049062.,0,0,0
WBGene00049063.,0,0,0
WBGene00049064.,0,0,0
WBGene00049065.,0,0,0
WBGene00049066.,0,0,0
WBGene00049067.,0,0,0
WBGene00049068.,0,0,0
WBGene00049069.,0,0,0
WBGene00049070.,0,0,0
WBGene00049071.,0,0,0
WBGene00049072.,0,0,0
WBGene00049073.,0,0,0
WBGene00049074.,0,0,0
WBGene00049075.,0,0,0
WBGene00049076.,0,0,0
WBGene00049077.,0,0,0
WBGene00049078.,0,0,0
WBGene00049079.,0,0,0
WBGene00049080.,0,0,0
WBGene00049081.,0,0,0
WBGene00049082.,0,0,0
WBGene00049083.,0,0,0
WBGene00049084.,0,0,0
WBGene00049085.,0,0,0
WBGene00049086.,0,0,0
WBGene00049087.,0,0,0
WBGene00049088.,0,0,0
WBGene00049089.,0,0,0
WBGene00049090.,0,0,0
WBGene00049091.,0,0,0
WBGene00049092.,0,0,0
WBGene00049093.,0,0,0
WBGene00049094.,0,0,0
WBGene00049095.,0,0,0
WBGene00049096.,0,0,0
WBGene00049097.,0,0,0
WBGene00049098.,0,0,0
WBGene00049099.,0,0,0
WBGene00049100.,0,0,0
WBGene00049101.,0,0,0
WBGene00049102.,0,0,0
WBGene00049103.,0,0,0
WBGene00049104.,0,0,0
WBGene00049105.,0,0,0
WBGene00049106.,0,0,0
WBGene00049107.,0,0,0
WBGene00049108.,0,0,0
WBGene00049109.,0,0,0
WBGene00049110.,0,0,0
WBGene00049111.,0,0,0
WBGene00049112.,0,0,0
WBGene00049113.,0,0,0
WBGene00049114.,0,0,0
WBGene00049115.,0,0,0
WBGene00049116.,0,0,0
WBGene00049117.,0,0,0
WBGene00049118.,0,0,0
WBGene00049119.,0,0,0
WBGene00049120.,0,0,0
WBGene00049121.,0,0,0
WBGene00049122.,0,0,0
WBGene00049123.,0,0,0
WBGene00049124.,0,0,0
WBGene00049125.,0,0,0
WBGene00049126.,0,0,0
WBGene00049127.,0,0,0
WBGene00049128.,0,0,0
WBGene00049129.,0,0,0
WBGene00049130.,0,0,0
WBGene00049131.,0,0,0
WBGene00049132.,0,0,0
WBGene00049133.,0,0,0
WBGene00049134.,0,0,0
WBGene00049135.,0,0,0
WBGene00049136.,0,0,0
WBGene00049137.,0,0,0
WBGene00049138.,0,0,0
WBGene00049139.,0,0,0
WBGene00049140.,0,0,0
WBGene00049141.,0,0,0
WBGene00049142.,0,0,0
WBGene00049143.,0,0,0
WBGene00049144.,0,0,0
WBGene00049145.,0,0,0
WBGene00049146.,0,0,0
WBGene00049147.,0,0,0
WBGene00049148.,0,0,0
WBGene00049149.,0,0,0
WBGene00049150.,0,0,0
WBGene00049151.,0,0,0
WBGene00049152.,0,0,0
WBGene00049153.,0,0,0
WBGene00049154.,0,0,0
WBGene00049155.,0,0,0
WBGene00049156.,0,0,0
WBGene00049157.,0,0,0
WBGene00049158.,0,0,0
WBGene00049159.,0,0,0
WBGene00049160.,0,0,0
WBGene00049161.,0,0,0
WBGene00049162.,0,0,0
WBGene00049163.,0,0,0
WBGene00049164.,0,0,0
WBGene00049165.,0,0,0
WBGene00049166.,0,0,0
WBGene00049167.,0,0,0
WBGene00049168.,0,0,0
WBGene00049169.,0,0,0
WBGene00049170.,0,0,0
WBGene00049171.,0,0,0
WBGene00049172.,0,0,0
WBGene00049173.,0,0,0
WBGene00049174.,0,0,0
WBGene00049175.,0,0,0
WBGene00049176.,0,0,0
WBGene00049177.,0,0,0
WBGene00049178.,0,0,0
WBGene00049179.,0,0,0
WBGene00049180.,0,0,0
WBGene00049181.,0,0,0
WBGene00049182.,0,0,0
WBGene00049183.,0,0,0
WBGene00049184.,0,0,0
WBGene00049185.,0,0,0
WBGene00049186.,0,0,0
WBGene00049187.,0,0,0
WBGene00049188.,0,0,0
WBGene00049189.,0,0,0
WBGene00049190.,0,0,0
WBGene00049191.,0,0,0
WBGene00049192.,0,0,0
WBGene00049193.,0,0,0
WBGene00049194.,0,0,0
WBGene00049195.,0,0,0
WBGene00049196.,0,0,0
WBGene00049197.,0,0,0
WBGene00049198.,0,0,0
WBGene00049199.,0,0,0
WBGene00049200.,0,0,0
WBGene00049201.,0,0,0
WBGene00049202.,0,0,0
WBGene00049203.,0,0,0
WBGene00049204.,0,0,0
WBGene00049205.,0,0,0
WBGene00049206.,0,0,0
WBGene00049207.,0,0,0
WBGene00049208.,0,0,0
WBGene00049209.,0,0,0
WBGene00049210.,0,0,0
WBGene00049211.,0,0,0
WBGene00049212.,0,0,0
WBGene00049213.,0,0,0
WBGene00049214.,0,0,0
WBGene00049215.,0,0,0
WBGene00049216.,0,0,0
WBGene00049217.,0,0,0
WBGene00049218.,0,0,0
WBGene00049219.,0,0,0
WBGene00049220.,0,0,0
WBGene00049221.,0,0,0
WBGene00049222.,0,0,0
WBGene00049223.,0,0,0
WBGene00049224.,0,0,0
WBGene00049225.,0,0,0
WBGene00049226.,0,0,0
WBGene00049227.,0,0,0
WBGene00049228.,0,0,0
WBGene00049229.,0,0,0
WBGene00049230.,0,0,0
WBGene00049231.,0,0,0
WBGene00049232.,0,0,0
WBGene00049233.,0,0,0
WBGene00049234.,0,0,0
WBGene00049235.,0,0,0
WBGene00049236.,0,0,0
WBGene00049237.,0,0,0
WBGene00049238.,0,0,0
WBGene00049239.,0,0,0
WBGene00049240.,0,0,0
WBGene00049241.,0,0,0
WBGene00049242.,0,0,0
WBGene00049243.,0,0,0
WBGene00049244.,0,0,0
WBGene00049245.,0,0,0
WBGene00049246.,0,0,0
WBGene00049247.,0,0,0
WBGene00049248.,0,0,0
WBGene00049249.,0,0,0
WBGene00049250.,0,0,0
WBGene00049251.,0,0,0
WBGene00049252.,0,0,0
WBGene00049253.,0,0,0
WBGene00049254.,0,0,0
WBGene00049255.,0,0,0
WBGene00049256.,0,0,0
WBGene00049257.,0,0,0
WBGene00049258.,0,0,0
WBGene00049259.,0,0,0
WBGene00049260.,0,0,0
WBGene00049261.,0,0,0
WBGene00049262.,0,0,0
WBGene00049263.,0,0,0
WBGene00049264.,0,0,0
WBGene00049265.,0,0,0
WBGene00049266.,0,0,0
WBGene00049267.,0,0,0
WBGene00049268.,0,0,0
WBGene00049269.,0,0,0
WBGene00049270.,0,0,0
WBGene00049271.,0,0,0
WBGene00049272.,0,0,0
WBGene00049273.,0,0,0
WBGene00049274.,0,0,0
WBGene00049275.,0,0,0
WBGene00049276.,0,0,0
WBGene00049277.,0,0,0
WBGene00049278.,0,0,0
WBGene00049279.,0,0,0
WBGene00049280.,0,0,0
WBGene00049281.,0,0,0
WBGene00049282.,0,0,0
WBGene00049283.,0,0,0
WBGene00049284.,0,0,0
WBGene00049285.,0,0,0
WBGene00049286.,0,0,0
WBGene00049287.,0,0,0
WBGene00049288.,0,0,0
WBGene00049289.,0,0,0
WBGene00049290.,0,0,0
WBGene00049291.,0,0,0
WBGene00049292.,0,0,0
WBGene00049293.,0,0,0
WBGene00049294.,0,0,0
WBGene00049295.,0,0,0
WBGene00049296.,0,0,0
WBGene00049297.,0,0,0
WBGene00049298.,0,0,0
WBGene00049299.,0,0,0
WBGene00049300.,0,0,0
WBGene00049301.,0,0,0
WBGene00049302.,0,0,0
WBGene00049303.,0,0,0
WBGene00049304.,0,0,0
WBGene00049305.,0,0,0
WBGene00049306.,0,0,0
WBGene00049307.,0,0,0
WBGene00049308.,0,0,0
WBGene00049309.,0,0,0
WBGene00049310.,0,0,0
WBGene00049311.,0,0,0
WBGene00049312.,0,0,0
WBGene00049313.,0,0,0
WBGene00049314.,0,0,0
WBGene00049315.,0,0,0
WBGene00049316.,0,0,0
WBGene00049317.,0,0,0
WBGene00049318.,0,0,0
WBGene00049319.,0,0,0
WBGene00049320.,0,0,0
WBGene00049321.,0,0,0
WBGene00049322.,0,0,0
WBGene00049323.,0,0,0
WBGene00049324.,0,0,0
WBGene00049325.,0,0,0
WBGene00049326.,0,0,0
WBGene00049327.,0,0,0
WBGene00049328.,0,0,0
WBGene00049329.,0,0,0
WBGene00049330.,0,0,0
WBGene00049331.,0,0,0
WBGene00049332.,0,0,0
WBGene00049333.,0,0,0
WBGene00049334.,0,0,0
WBGene00049335.,0,0,0
WBGene00049336.,0,0,0
WBGene00049337.,0,0,0
WBGene00049338.,0,0,0
WBGene00049339.,0,0,0
WBGene00049340.,0,0,0
WBGene00049341.,0,0,0
WBGene00049342.,0,0,0
WBGene00049343.,0,0,0
WBGene00049344.,0,0,0
WBGene00049345.,0,0,0
WBGene00049346.,0,0,0
WBGene00049347.,0,0,0
WBGene00049348.,0,0,0
WBGene00049349.,0,0,0
WBGene00049350.,0,0,0
WBGene00049351.,0,0,0
WBGene00049352.,0,0,0
WBGene00049353.,0,0,0
WBGene00049354.,0,0,0
WBGene00049355.,0,0,0
WBGene00049356.,0,0,0
WBGene00049357.,0,0,0
WBGene00049358.,0,0,0
WBGene00049359.,0,0,0
WBGene00049360.,0,0,0
WBGene00049361.,0,0,0
WBGene00049362.,0,0,0
WBGene00049363.,0,0,0
WBGene00049364.,0,0,0
WBGene00049365.,0,0,0
WBGene00049366.,0,0,0
WBGene00049367.,0,0,0
WBGene00049368.,0,0,0
WBGene00049369.,0,0,0
WBGene00049370.,0,0,0
WBGene00049371.,0,0,0
WBGene00049372.,0,0,0
WBGene00049373.,0,0,0
WBGene00049374.,0,0,0
WBGene00049375.,0,0,0
WBGene00049376.,0,0,0
WBGene00049377.,0,0,0
WBGene00049378.,0,0,0
WBGene00049379.,0,0,0
WBGene00049380.,0,0,0
WBGene00049381.,0,0,0
WBGene00049382.,0,0,0
WBGene00049383.,0,0,0
WBGene00049384.,0,0,0
WBGene00049385.,0,0,0
WBGene00049386.,0,0,0
WBGene00049387.,0,0,0
WBGene00049388.,0,0,0
WBGene00049389.,0,0,0
WBGene00049390.,0,0,0
WBGene00049391.,0,0,0
WBGene00049392.,0,0,0
WBGene00049393.,0,0,0
WBGene00049394.,0,0,0
WBGene00049395.,0,0,0
WBGene00049396.,0,0,0
WBGene00049397.,0,0,0
WBGene00049398.,0,0,0
WBGene00049399.,0,0,0
WBGene00049400.,0,0,0
WBGene00049401.,0,0,0
WBGene00049402.,0,0,0
WBGene00049403.,0,0,0
WBGene00049404.,0,0,0
WBGene00049405.,0,0,0
WBGene00049406.,0,0,0
WBGene00049407.,0,0,0
WBGene00049408.,0,0,0
WBGene00049409.,0,0,0
WBGene00049410.,0,0,0
WBGene00049411.,0,0,0
WBGene00049412.,0,0,0
WBGene00049413.,0,0,0
WBGene00049414.,0,0,0
WBGene00049415.,0,0,0
WBGene00049416.,0,0,0
WBGene00049417.,0,0,0
WBGene00049418.,0,0,0
WBGene00049419.,0,0,0
WBGene00049420.,0,0,0
WBGene00049421.,0,0,0
WBGene00049422.,0,0,0
WBGene00049423.,0,0,0
WBGene00049424.,0,0,0
WBGene00049425.,0,0,0
WBGene00049426.,0,0,0
WBGene00049427.,0,0,0
WBGene00049428.,0,0,0
WBGene00049429.,0,0,0
WBGene00049430.,0,0,0
WBGene00049431.,0,0,0
WBGene00049432.,0,0,0
WBGene00049433.,0,0,0
WBGene00049434.,0,0,0
WBGene00049435.,0,0,0
WBGene00049436.,0,0,0
WBGene00049437.,0,0,0
WBGene00049438.,0,0,0
WBGene00049439.,0,0,0
WBGene00049440.,0,0,0
WBGene00049441.,0,0,0
WBGene00049443.,0,0,0
WBGene00049444.,0,0,0
WBGene00049445.,0,0,0
WBGene00049446.,0,0,0
WBGene00049447.,0,0,0
WBGene00049448.,0,0,0
WBGene00049449.,0,0,0
WBGene00049450.,0,0,0
WBGene00049451.,0,0,0
WBGene00049452.,0,0,0
WBGene00049453.,0,0,0
WBGene00049454.,0,0,0
WBGene00049455.,0,0,0
WBGene00049456.,0,0,0
WBGene00049457.,0,0,0
WBGene00049458.,0,0,0
WBGene00049459.,0,0,0
WBGene00049460.,0,0,0
WBGene00049461.,0,0,0
WBGene00049462.,0,0,0
WBGene00049463.,0,0,0
WBGene00049464.,0,0,0
WBGene00049465.,0,0,0
WBGene00049466.,0,0,0
WBGene00049467.,0,0,0
WBGene00049468.,0,0,0
WBGene00049469.,0,0,0
WBGene00049470.,0,0,0
WBGene00049471.,0,0,0
WBGene00049472.,0,0,0
WBGene00049473.,0,0,0
WBGene00049474.,0,0,0
WBGene00049475.,0,0,0
WBGene00049476.,0,0,0
WBGene00049477.,0,0,0
WBGene00049478.,0,0,0
WBGene00049479.,0,0,0
WBGene00049480.,0,0,0
WBGene00049481.,0,0,0
WBGene00049482.,0,0,0
WBGene00049483.,0,0,0
WBGene00049484.,0,0,0
WBGene00049485.,0,0,0
WBGene00049486.,0,0,0
WBGene00049487.,0,0,0
WBGene00049488.,0,0,0
WBGene00049489.,0,0,0
WBGene00049490.,0,0,0
WBGene00049491.,0,0,0
WBGene00049492.,0,0,0
WBGene00049493.,0,0,0
WBGene00049494.,0,0,0
WBGene00049495.,0,0,0
WBGene00049496.,0,0,0
WBGene00049497.,0,0,0
WBGene00049498.,0,0,0
WBGene00049499.,0,0,0
WBGene00049500.,0,0,0
WBGene00049501.,0,0,0
WBGene00049502.,0,0,0
WBGene00049503.,0,0,0
WBGene00049504.,0,0,0
WBGene00049505.,0,0,0
WBGene00049506.,0,0,0
WBGene00049507.,0,0,0
WBGene00049508.,0,0,0
WBGene00049509.,0,0,0
WBGene00049510.,0,0,0
WBGene00049511.,0,0,0
WBGene00049512.,0,0,0
WBGene00049513.,0,0,0
WBGene00049514.,0,0,0
WBGene00049515.,0,0,0
WBGene00049516.,0,0,0
WBGene00049517.,0,0,0
WBGene00049518.,0,0,0
WBGene00049519.,0,0,0
WBGene00049520.,0,0,0
WBGene00049521.,0,0,0
WBGene00049522.,0,0,0
WBGene00049523.,0,0,0
WBGene00049524.,0,0,0
WBGene00049525.,0,0,0
WBGene00049526.,0,0,0
WBGene00049527.,0,0,0
WBGene00049528.,0,0,0
WBGene00049529.,0,0,0
WBGene00049530.,0,0,0
WBGene00049531.,0,0,0
WBGene00049532.,0,0,0
WBGene00049533.,0,0,0
WBGene00049534.,0,0,0
WBGene00049535.,0,0,0
WBGene00049536.,0,0,0
WBGene00049537.,0,0,0
WBGene00049538.,0,0,0
WBGene00049539.,0,0,0
WBGene00049540.,0,0,0
WBGene00049541.,0,0,0
WBGene00049542.,0,0,0
WBGene00049543.,0,0,0
WBGene00049544.,0,0,0
WBGene00049545.,0,0,0
WBGene00049546.,0,0,0
WBGene00049547.,0,0,0
WBGene00049548.,0,0,0
WBGene00049549.,0,0,0
WBGene00049550.,0,0,0
WBGene00049551.,0,0,0
WBGene00049552.,0,0,0
WBGene00049553.,0,0,0
WBGene00049554.,0,0,0
WBGene00049555.,0,0,0
WBGene00049556.,0,0,0
WBGene00049557.,0,0,0
WBGene00049558.,0,0,0
WBGene00049559.,0,0,0
WBGene00049560.,0,0,0
WBGene00049561.,0,0,0
WBGene00049562.,0,0,0
WBGene00049563.,0,0,0
WBGene00049564.,0,0,0
WBGene00049565.,0,0,0
WBGene00049566.,0,0,0
WBGene00049567.,0,0,0
WBGene00049568.,0,0,0
WBGene00049569.,0,0,0
WBGene00049570.,0,0,0
WBGene00049571.,0,0,0
WBGene00049572.,0,0,0
WBGene00049573.,0,0,0
WBGene00049574.,0,0,0
WBGene00049575.,0,0,0
WBGene00049576.,0,0,0
WBGene00049577.,0,0,0
WBGene00049578.,0,0,0
WBGene00049579.,0,0,0
WBGene00049580.,0,0,0
WBGene00049581.,0,0,0
WBGene00049582.,0,0,0
WBGene00049583.,0,0,0
WBGene00049584.,0,0,0
WBGene00049585.,0,0,0
WBGene00049586.,0,0,0
WBGene00049587.,0,0,0
WBGene00049588.,0,0,0
WBGene00049589.,0,0,0
WBGene00049590.,0,0,0
WBGene00049591.,0,0,0
WBGene00049592.,0,0,0
WBGene00049593.,0,0,0
WBGene00049594.,0,0,0
WBGene00049595.,0,0,0
WBGene00049596.,0,0,0
WBGene00049597.,0,0,0
WBGene00049598.,0,0,0
WBGene00049599.,0,0,0
WBGene00049600.,0,0,0
WBGene00049601.,0,0,0
WBGene00049602.,0,0,0
WBGene00049603.,0,0,0
WBGene00049604.,0,0,0
WBGene00049605.,0,0,0
WBGene00049606.,0,0,0
WBGene00049607.,0,0,0
WBGene00049608.,0,0,0
WBGene00049609.,0,0,0
WBGene00049610.,0,0,0
WBGene00049611.,0,0,0
WBGene00049612.,0,0,0
WBGene00049613.,0,0,0
WBGene00049614.,0,0,0
WBGene00049615.,0,0,0
WBGene00049616.,0,0,0
WBGene00049617.,0,0,0
WBGene00049618.,0,0,0
WBGene00049619.,0,0,0
WBGene00049620.,0,0,0
WBGene00049621.,0,0,0
WBGene00049622.,0,0,0
WBGene00049623.,0,0,0
WBGene00049624.,0,0,0
WBGene00049625.,0,0,0
WBGene00049626.,0,0,0
WBGene00049627.,0,0,0
WBGene00049628.,0,0,0
WBGene00049629.,0,0,0
WBGene00049630.,0,0,0
WBGene00049631.,0,0,0
WBGene00049632.,0,0,0
WBGene00049633.,0,0,0
WBGene00049634.,0,0,0
WBGene00049635.,0,0,0
WBGene00049636.,0,0,0
WBGene00049637.,0,0,0
WBGene00049638.,0,0,0
WBGene00049639.,0,0,0
WBGene00049640.,0,0,0
WBGene00049641.,0,0,0
WBGene00049642.,0,0,0
WBGene00049643.,0,0,0
WBGene00049644.,0,0,0
WBGene00049645.,0,0,0
WBGene00049646.,0,0,0
WBGene00049647.,0,0,0
WBGene00049648.,0,0,0
WBGene00049649.,0,0,0
WBGene00049650.,0,0,0
WBGene00049651.,0,0,0
WBGene00049652.,0,0,0
WBGene00049653.,0,0,0
WBGene00049654.,0,0,0
WBGene00049655.,0,0,0
WBGene00049656.,0,0,0
WBGene00049657.,0,0,0
WBGene00049658.,0,0,0
WBGene00049659.,0,0,0
WBGene00049660.,0,0,0
WBGene00049661.,0,0,0
WBGene00049662.,0,0,0
WBGene00049663.,0,0,0
WBGene00049664.,0,0,0
WBGene00049665.,0,0,0
WBGene00049666.,0,0,0
WBGene00049667.,0,0,0
WBGene00049668.,0,0,0
WBGene00049669.,0,0,0
WBGene00049670.,0,0,0
WBGene00049671.,0,0,0
WBGene00049672.,0,0,0
WBGene00049673.,0,0,0
WBGene00049674.,0,0,0
WBGene00049675.,0,0,0
WBGene00049676.,0,0,0
WBGene00049677.,0,0,0
WBGene00049678.,0,0,0
WBGene00049679.,0,0,0
WBGene00049680.,0,0,0
WBGene00049681.,0,0,0
WBGene00049682.,0,0,0
WBGene00049683.,0,0,0
WBGene00049684.,0,0,0
WBGene00049685.,0,0,0
WBGene00049686.,0,0,0
WBGene00049687.,0,0,0
WBGene00049688.,0,0,0
WBGene00049689.,0,0,0
WBGene00049690.,0,0,0
WBGene00049691.,0,0,0
WBGene00049692.,0,0,0
WBGene00049693.,0,0,0
WBGene00049694.,0,0,0
WBGene00049695.,0,0,0
WBGene00049696.,0,0,0
WBGene00049697.,0,0,0
WBGene00049698.,0,0,0
WBGene00049699.,0,0,0
WBGene00049700.,0,0,0
WBGene00049701.,0,0,0
WBGene00049702.,0,0,0
WBGene00049703.,0,0,0
WBGene00049704.,0,0,0
WBGene00049705.,0,0,0
WBGene00049706.,0,0,0
WBGene00049707.,0,0,0
WBGene00049708.,0,0,0
WBGene00049709.,0,0,0
WBGene00049710.,0,0,0
WBGene00049711.,0,0,0
WBGene00049712.,0,0,0
WBGene00049713.,0,0,0
WBGene00049714.,0,0,0
WBGene00049715.,0,0,0
WBGene00049716.,0,0,0
WBGene00049717.,0,0,0
WBGene00049718.,0,0,0
WBGene00049719.,0,0,0
WBGene00049720.,0,0,0
WBGene00049721.,0,0,0
WBGene00049722.,0,0,0
WBGene00049723.,0,0,0
WBGene00049724.,0,0,0
WBGene00049725.,0,0,0
WBGene00049726.,0,0,0
WBGene00049727.,0,0,0
WBGene00049728.,0,0,0
WBGene00049729.,0,0,0
WBGene00049730.,0,0,0
WBGene00049731.,0,0,0
WBGene00049732.,0,0,0
WBGene00049733.,0,0,0
WBGene00049734.,0,0,0
WBGene00049735.,0,0,0
WBGene00049736.,0,0,0
WBGene00049737.,0,0,0
WBGene00049738.,0,0,0
WBGene00049739.,0,0,0
WBGene00049740.,0,0,0
WBGene00049741.,0,0,0
WBGene00049742.,0,0,0
WBGene00049743.,0,0,0
WBGene00049744.,0,0,0
WBGene00049745.,0,0,0
WBGene00049746.,0,0,0
WBGene00049747.,0,0,0
WBGene00049748.,0,0,0
WBGene00049749.,0,0,0
WBGene00049750.,0,0,0
WBGene00049751.,0,0,0
WBGene00049752.,0,0,0
WBGene00049753.,0,0,0
WBGene00049754.,0,0,0
WBGene00049755.,0,0,0
WBGene00049756.,0,0,0
WBGene00049757.,0,0,0
WBGene00049758.,0,0,0
WBGene00049759.,0,0,0
WBGene00049760.,0,0,0
WBGene00049761.,0,0,0
WBGene00049762.,0,0,0
WBGene00049763.,0,0,0
WBGene00049764.,0,0,0
WBGene00049765.,0,0,0
WBGene00049766.,0,0,0
WBGene00049767.,0,0,0
WBGene00049768.,0,0,0
WBGene00049769.,0,0,0
WBGene00049770.,0,0,0
WBGene00049771.,0,0,0
WBGene00049772.,0,0,0
WBGene00049773.,0,0,0
WBGene00049774.,0,0,0
WBGene00049775.,0,0,0
WBGene00049776.,0,0,0
WBGene00049777.,0,0,0
WBGene00049778.,0,0,0
WBGene00049779.,0,0,0
WBGene00049780.,0,0,0
WBGene00049781.,0,0,0
WBGene00049782.,0,0,0
WBGene00049783.,0,0,0
WBGene00049784.,0,0,0
WBGene00049785.,0,0,0
WBGene00049786.,0,0,0
WBGene00049787.,0,0,0
WBGene00049788.,0,0,0
WBGene00049789.,0,0,0
WBGene00049790.,0,0,0
WBGene00049791.,0,0,0
WBGene00049792.,0,0,0
WBGene00049793.,0,0,0
WBGene00049794.,0,0,0
WBGene00049795.,0,0,0
WBGene00049796.,0,0,0
WBGene00049797.,0,0,0
WBGene00049798.,0,0,0
WBGene00049799.,0,0,0
WBGene00049800.,0,0,0
WBGene00049801.,0,0,0
WBGene00049802.,0,0,0
WBGene00049803.,0,0,0
WBGene00049804.,0,0,0
WBGene00049805.,0,0,0
WBGene00049806.,0,0,0
WBGene00049807.,0,0,0
WBGene00049808.,0,0,0
WBGene00049809.,0,0,0
WBGene00049810.,0,0,0
WBGene00049811.,0,0,0
WBGene00049812.,0,0,0
WBGene00049813.,0,0,0
WBGene00049814.,0,0,0
WBGene00049815.,0,0,0
WBGene00049816.,0,0,0
WBGene00049817.,0,0,0
WBGene00049818.,0,0,0
WBGene00049819.,0,0,0
WBGene00049820.,0,0,0
WBGene00049821.,0,0,0
WBGene00049822.,0,0,0
WBGene00049823.,0,0,0
WBGene00049824.,0,0,0
WBGene00049825.,0,0,0
WBGene00049826.,0,0,0
WBGene00049827.,0,0,0
WBGene00049828.,0,0,0
WBGene00049829.,0,0,0
WBGene00049830.,0,0,0
WBGene00049831.,0,0,0
WBGene00049832.,0,0,0
WBGene00049833.,0,0,0
WBGene00049834.,0,0,0
WBGene00049835.,0,0,0
WBGene00049836.,0,0,0
WBGene00049837.,0,0,0
WBGene00049838.,0,0,0
WBGene00049839.,0,0,0
WBGene00049840.,0,0,0
WBGene00049841.,0,0,0
WBGene00049842.,0,0,0
WBGene00049843.,0,0,0
WBGene00049844.,0,0,0
WBGene00049845.,0,0,0
WBGene00049846.,0,0,0
WBGene00049847.,0,0,0
WBGene00049848.,0,0,0
WBGene00049849.,0,0,0
WBGene00049850.,0,0,0
WBGene00049851.,0,0,0
WBGene00049852.,0,0,0
WBGene00049853.,0,0,0
WBGene00049854.,0,0,0
WBGene00049855.,0,0,0
WBGene00049856.,0,0,0
WBGene00049857.,0,0,0
WBGene00049858.,0,0,0
WBGene00049859.,0,0,0
WBGene00049860.,0,0,0
WBGene00049861.,0,0,0
WBGene00049862.,0,0,0
WBGene00049863.,0,0,0
WBGene00049864.,0,0,0
WBGene00049865.,0,0,0
WBGene00049866.,0,0,0
WBGene00049867.,0,0,0
WBGene00049868.,0,0,0
WBGene00049869.,0,0,0
WBGene00049870.,0,0,0
WBGene00049871.,0,0,0
WBGene00049872.,0,0,0
WBGene00049873.,0,0,0
WBGene00049874.,0,0,0
WBGene00049875.,0,0,0
WBGene00049876.,0,0,0
WBGene00049877.,0,0,0
WBGene00049878.,0,0,0
WBGene00049879.,0,0,0
WBGene00049880.,0,0,0
WBGene00049881.,0,0,0
WBGene00049882.,0,0,0
WBGene00049883.,0,0,0
WBGene00049884.,0,0,0
WBGene00049885.,0,0,0
WBGene00049886.,0,0,0
WBGene00049887.,0,0,0
WBGene00049888.,0,0,0
WBGene00049889.,0,0,0
WBGene00049890.,0,0,0
WBGene00049891.,0,0,0
WBGene00049892.,0,0,0
WBGene00049893.,0,0,0
WBGene00049894.,0,0,0
WBGene00049895.,0,0,0
WBGene00049896.,0,0,0
WBGene00049897.,0,0,0
WBGene00049898.,0,0,0
WBGene00049899.,0,0,0
WBGene00049900.,0,0,0
WBGene00049901.,0,0,0
WBGene00049902.,0,0,0
WBGene00049903.,0,0,0
WBGene00049904.,0,0,0
WBGene00049905.,0,0,0
WBGene00049906.,0,0,0
WBGene00049907.,0,0,0
WBGene00049908.,0,0,0
WBGene00049909.,0,0,0
WBGene00049910.,0,0,0
WBGene00049911.,0,0,0
WBGene00049912.,0,0,0
WBGene00049913.,0,0,0
WBGene00049914.,0,0,0
WBGene00049915.,0,0,0
WBGene00049916.,0,0,0
WBGene00049917.,0,0,0
WBGene00049918.,0,0,0
WBGene00049919.,0,0,0
WBGene00049920.,0,0,0
WBGene00049921.,0,0,0
WBGene00049922.,0,0,0
WBGene00049923.,0,0,0
WBGene00049924.,0,0,0
WBGene00049925.,0,0,0
WBGene00049926.,0,0,0
WBGene00049927.,0,0,0
WBGene00049928.,0,0,0
WBGene00049929.,0,0,0
WBGene00049930.,0,0,0
WBGene00049931.,0,0,0
WBGene00049932.,0,0,0
WBGene00049933.,0,0,0
WBGene00049934.,0,0,0
WBGene00049935.,0,0,0
WBGene00049936.,0,0,0
WBGene00049937.,0,0,0
WBGene00049938.,0,0,0
WBGene00049939.,0,0,0
WBGene00049940.,0,0,0
WBGene00049941.,0,0,0
WBGene00049942.,0,0,0
WBGene00049943.,0,0,0
WBGene00049944.,0,0,0
WBGene00049945.,0,0,0
WBGene00049946.,0,0,0
WBGene00049947.,0,0,0
WBGene00049948.,0,0,0
WBGene00049949.,0,0,0
WBGene00049950.,0,0,0
WBGene00049951.,0,0,0
WBGene00049952.,0,0,0
WBGene00049953.,0,0,0
WBGene00049954.,0,0,0
WBGene00049955.,0,0,0
WBGene00049956.,0,0,0
WBGene00049957.,0,0,0
WBGene00049958.,0,0,0
WBGene00049959.,0,0,0
WBGene00049960.,0,0,0
WBGene00049961.,0,0,0
WBGene00049962.,0,0,0
WBGene00049963.,0,0,0
WBGene00049964.,0,0,0
WBGene00049965.,0,0,0
WBGene00049966.,0,0,0
WBGene00049967.,0,0,0
WBGene00049968.,0,0,0
WBGene00049969.,0,0,0
WBGene00049970.,0,0,0
WBGene00049971.,0,0,0
WBGene00049972.,0,0,0
WBGene00049973.,0,0,0
WBGene00049974.,0,0,0
WBGene00049975.,0,0,0
WBGene00049976.,0,0,0
WBGene00049977.,0,0,0
WBGene00049978.,0,0,0
WBGene00049979.,0,0,0
WBGene00049980.,0,0,0
WBGene00049981.,0,0,0
WBGene00049982.,0,0,0
WBGene00049983.,0,0,0
WBGene00049984.,0,0,0
WBGene00049985.,0,0,0
WBGene00049986.,0,0,0
WBGene00049987.,0,0,0
WBGene00049988.,0,0,0
WBGene00049989.,0,0,0
WBGene00049990.,0,0,0
WBGene00049991.,0,0,0
WBGene00049992.,0,0,0
WBGene00049993.,0,0,0
WBGene00049994.,0,0,0
WBGene00049995.,0,0,0
WBGene00049996.,0,0,0
WBGene00049997.,0,0,0
WBGene00049998.,0,0,0
WBGene00049999.,0,0,0
WBGene00050000.,0,0,0
WBGene00050001.,0,0,0
WBGene00050002.,0,0,0
WBGene00050003.,0,0,0
WBGene00050004.,0,0,0
WBGene00050005.,0,0,0
WBGene00050006.,0,0,0
WBGene00050007.,0,0,0
WBGene00050008.,0,0,0
WBGene00050009.,0,0,0
WBGene00050010.,0,0,0
WBGene00050011.,0,0,0
WBGene00050012.,0,0,0
WBGene00050013.,0,0,0
WBGene00050014.,0,0,0
WBGene00050015.,0,0,0
WBGene00050016.,0,0,0
WBGene00050017.,0,0,0
WBGene00050018.,0,0,0
WBGene00050019.,0,0,0
WBGene00050020.,0,0,0
WBGene00050021.,0,0,0
WBGene00050022.,0,0,0
WBGene00050023.,0,0,0
WBGene00050024.,0,0,0
WBGene00050025.,0,0,0
WBGene00050026.,0,0,0
WBGene00050027.,0,0,0
WBGene00050028.,0,0,0
WBGene00050029.,0,0,0
WBGene00050030.,0,0,0
WBGene00050031.,0,0,0
WBGene00050032.,0,0,0
WBGene00050033.,0,0,0
WBGene00050034.,0,0,0
WBGene00050035.,0,0,0
WBGene00050036.,0,0,0
WBGene00050037.,0,0,0
WBGene00050038.,0,0,0
WBGene00050039.,0,0,0
WBGene00050040.,0,0,0
WBGene00050041.,0,0,0
WBGene00050042.,0,0,0
WBGene00050043.,0,0,0
WBGene00050044.,0,0,0
WBGene00050045.,0,0,0
WBGene00050046.,0,0,0
WBGene00050047.,0,0,0
WBGene00050048.,0,0,0
WBGene00050049.,0,0,0
WBGene00050050.,0,0,0
WBGene00050051.,0,0,0
WBGene00050052.,0,0,0
WBGene00050053.,0,0,0
WBGene00050054.,0,0,0
WBGene00050055.,0,0,0
WBGene00050056.,0,0,0
WBGene00050057.,0,0,0
WBGene00050058.,0,0,0
WBGene00050059.,0,0,0
WBGene00050060.,0,0,0
WBGene00050061.,0,0,0
WBGene00050062.,0,0,0
WBGene00050063.,0,0,0
WBGene00050064.,0,0,0
WBGene00050065.,0,0,0
WBGene00050066.,0,0,0
WBGene00050067.,0,0,0
WBGene00050068.,0,0,0
WBGene00050069.,0,0,0
WBGene00050070.,0,0,0
WBGene00050071.,0,0,0
WBGene00050072.,0,0,0
WBGene00050073.,0,0,0
WBGene00050074.,0,0,0
WBGene00050075.,0,0,0
WBGene00050076.,0,0,0
WBGene00050077.,0,0,0
WBGene00050078.,0,0,0
WBGene00050079.,0,0,0
WBGene00050080.,0,0,0
WBGene00050081.,0,0,0
WBGene00050082.,0,0,0
WBGene00050083.,0,0,0
WBGene00050084.,0,0,0
WBGene00050085.,0,0,0
WBGene00050086.,0,0,0
WBGene00050087.,0,0,0
WBGene00050088.,0,0,0
WBGene00050089.,0,0,0
WBGene00050090.,0,0,0
WBGene00050091.,0,0,0
WBGene00050092.,0,0,0
WBGene00050093.,0,0,0
WBGene00050094.,0,0,0
WBGene00050095.,0,0,0
WBGene00050096.,0,0,0
WBGene00050097.,0,0,0
WBGene00050098.,0,0,0
WBGene00050099.,0,0,0
WBGene00050100.,0,0,0
WBGene00050101.,0,0,0
WBGene00050102.,0,0,0
WBGene00050103.,0,0,0
WBGene00050104.,0,0,0
WBGene00050105.,0,0,0
WBGene00050106.,0,0,0
WBGene00050107.,0,0,0
WBGene00050108.,0,0,0
WBGene00050109.,0,0,0
WBGene00050110.,0,0,0
WBGene00050111.,0,0,0
WBGene00050112.,0,0,0
WBGene00050113.,0,0,0
WBGene00050114.,0,0,0
WBGene00050115.,0,0,0
WBGene00050116.,0,0,0
WBGene00050117.,0,0,0
WBGene00050118.,0,0,0
WBGene00050119.,0,0,0
WBGene00050120.,0,0,0
WBGene00050121.,0,0,0
WBGene00050122.,0,0,0
WBGene00050123.,0,0,0
WBGene00050124.,0,0,0
WBGene00050125.,0,0,0
WBGene00050126.,0,0,0
WBGene00050127.,0,0,0
WBGene00050128.,0,0,0
WBGene00050129.,0,0,0
WBGene00050130.,0,0,0
WBGene00050131.,0,0,0
WBGene00050132.,0,0,0
WBGene00050133.,0,0,0
WBGene00050134.,0,0,0
WBGene00050135.,0,0,0
WBGene00050136.,0,0,0
WBGene00050137.,0,0,0
WBGene00050138.,0,0,0
WBGene00050139.,0,0,0
WBGene00050140.,0,0,0
WBGene00050141.,0,0,0
WBGene00050142.,0,0,0
WBGene00050143.,0,0,0
WBGene00050144.,0,0,0
WBGene00050145.,0,0,0
WBGene00050146.,0,0,0
WBGene00050147.,0,0,0
WBGene00050148.,0,0,0
WBGene00050149.,0,0,0
WBGene00050150.,0,0,0
WBGene00050151.,0,0,0
WBGene00050152.,0,0,0
WBGene00050153.,0,0,0
WBGene00050154.,0,0,0
WBGene00050155.,0,0,0
WBGene00050156.,0,0,0
WBGene00050157.,0,0,0
WBGene00050158.,0,0,0
WBGene00050159.,0,0,0
WBGene00050160.,0,0,0
WBGene00050161.,0,0,0
WBGene00050162.,0,0,0
WBGene00050163.,0,0,0
WBGene00050164.,0,0,0
WBGene00050165.,0,0,0
WBGene00050166.,0,0,0
WBGene00050167.,0,0,0
WBGene00050168.,0,0,0
WBGene00050169.,0,0,0
WBGene00050170.,0,0,0
WBGene00050171.,0,0,0
WBGene00050172.,0,0,0
WBGene00050173.,0,0,0
WBGene00050174.,0,0,0
WBGene00050175.,0,0,0
WBGene00050176.,0,0,0
WBGene00050177.,0,0,0
WBGene00050178.,0,0,0
WBGene00050179.,0,0,0
WBGene00050180.,0,0,0
WBGene00050181.,0,0,0
WBGene00050182.,0,0,0
WBGene00050183.,0,0,0
WBGene00050184.,0,0,0
WBGene00050185.,0,0,0
WBGene00050186.,0,0,0
WBGene00050187.,0,0,0
WBGene00050188.,0,0,0
WBGene00050189.,0,0,0
WBGene00050190.,0,0,0
WBGene00050191.,0,0,0
WBGene00050192.,0,0,0
WBGene00050193.,0,0,0
WBGene00050194.,0,0,0
WBGene00050195.,0,0,0
WBGene00050196.,0,0,0
WBGene00050197.,0,0,0
WBGene00050198.,0,0,0
WBGene00050199.,0,0,0
WBGene00050200.,0,0,0
WBGene00050201.,0,0,0
WBGene00050202.,0,0,0
WBGene00050203.,0,0,0
WBGene00050204.,0,0,0
WBGene00050205.,0,0,0
WBGene00050206.,0,0,0
WBGene00050207.,0,0,0
WBGene00050208.,0,0,0
WBGene00050209.,0,0,0
WBGene00050210.,0,0,0
WBGene00050211.,0,0,0
WBGene00050212.,0,0,0
WBGene00050213.,0,0,0
WBGene00050214.,0,0,0
WBGene00050215.,0,0,0
WBGene00050216.,0,0,0
WBGene00050217.,0,0,0
WBGene00050218.,0,0,0
WBGene00050219.,0,0,0
WBGene00050220.,0,0,0
WBGene00050221.,0,0,0
WBGene00050222.,0,0,0
WBGene00050223.,0,0,0
WBGene00050224.,0,0,0
WBGene00050225.,0,0,0
WBGene00050226.,0,0,0
WBGene00050227.,0,0,0
WBGene00050228.,0,0,0
WBGene00050229.,0,0,0
WBGene00050230.,0,0,0
WBGene00050231.,0,0,0
WBGene00050232.,0,0,0
WBGene00050233.,0,0,0
WBGene00050234.,0,0,0
WBGene00050235.,0,0,0
WBGene00050236.,0,0,0
WBGene00050237.,0,0,0
WBGene00050238.,0,0,0
WBGene00050239.,0,0,0
WBGene00050240.,0,0,0
WBGene00050241.,0,0,0
WBGene00050242.,0,0,0
WBGene00050243.,0,0,0
WBGene00050244.,0,0,0
WBGene00050245.,0,0,0
WBGene00050246.,0,0,0
WBGene00050247.,0,0,0
WBGene00050248.,0,0,0
WBGene00050249.,0,0,0
WBGene00050250.,0,0,0
WBGene00050251.,0,0,0
WBGene00050252.,0,0,0
WBGene00050253.,0,0,0
WBGene00050254.,0,0,0
WBGene00050255.,0,0,0
WBGene00050256.,0,0,0
WBGene00050257.,0,0,0
WBGene00050258.,0,0,0
WBGene00050259.,0,0,0
WBGene00050260.,0,0,0
WBGene00050261.,0,0,0
WBGene00050262.,0,0,0
WBGene00050263.,0,0,0
WBGene00050264.,0,0,0
WBGene00050265.,0,0,0
WBGene00050266.,0,0,0
WBGene00050267.,0,0,0
WBGene00050268.,0,0,0
WBGene00050269.,0,0,0
WBGene00050270.,0,0,0
WBGene00050271.,0,0,0
WBGene00050272.,0,0,0
WBGene00050273.,0,0,0
WBGene00050274.,0,0,0
WBGene00050275.,0,0,0
WBGene00050276.,0,0,0
WBGene00050277.,0,0,0
WBGene00050278.,0,0,0
WBGene00050279.,0,0,0
WBGene00050280.,0,0,0
WBGene00050281.,0,0,0
WBGene00050282.,0,0,0
WBGene00050283.,0,0,0
WBGene00050284.,0,0,0
WBGene00050285.,0,0,0
WBGene00050286.,0,0,0
WBGene00050287.,0,0,0
WBGene00050288.,0,0,0
WBGene00050289.,0,0,0
WBGene00050290.,0,0,0
WBGene00050291.,0,0,0
WBGene00050292.,0,0,0
WBGene00050293.,0,0,0
WBGene00050294.,0,0,0
WBGene00050295.,0,0,0
WBGene00050296.,0,0,0
WBGene00050297.,0,0,0
WBGene00050298.,0,0,0
WBGene00050299.,0,0,0
WBGene00050300.,0,0,0
WBGene00050301.,0,0,0
WBGene00050302.,0,0,0
WBGene00050303.,0,0,0
WBGene00050304.,0,0,0
WBGene00050305.,0,0,0
WBGene00050306.,0,0,0
WBGene00050307.,0,0,0
WBGene00050308.,0,0,0
WBGene00050309.,0,0,0
WBGene00050310.,0,0,0
WBGene00050311.,0,0,0
WBGene00050312.,0,0,0
WBGene00050313.,0,0,0
WBGene00050314.,0,0,0
WBGene00050315.,0,0,0
WBGene00050316.,0,0,0
WBGene00050317.,0,0,0
WBGene00050318.,0,0,0
WBGene00050319.,0,0,0
WBGene00050320.,0,0,0
WBGene00050321.,0,0,0
WBGene00050322.,0,0,0
WBGene00050323.,0,0,0
WBGene00050324.,0,0,0
WBGene00050325.,0,0,0
WBGene00050326.,0,0,0
WBGene00050327.,0,0,0
WBGene00050328.,0,0,0
WBGene00050329.,0,0,0
WBGene00050330.,0,0,0
WBGene00050331.,0,0,0
WBGene00050332.,0,0,0
WBGene00050333.,0,0,0
WBGene00050334.,0,0,0
WBGene00050335.,0,0,0
WBGene00050336.,0,0,0
WBGene00050337.,0,0,0
WBGene00050338.,0,0,0
WBGene00050339.,0,0,0
WBGene00050340.,0,0,0
WBGene00050341.,0,0,0
WBGene00050342.,0,0,0
WBGene00050343.,0,0,0
WBGene00050344.,0,0,0
WBGene00050345.,0,0,0
WBGene00050346.,0,0,0
WBGene00050347.,0,0,0
WBGene00050348.,0,0,0
WBGene00050349.,0,0,0
WBGene00050350.,0,0,0
WBGene00050351.,0,0,0
WBGene00050352.,0,0,0
WBGene00050353.,0,0,0
WBGene00050354.,0,0,0
WBGene00050355.,0,0,0
WBGene00050356.,0,0,0
WBGene00050357.,0,0,0
WBGene00050358.,0,0,0
WBGene00050359.,0,0,0
WBGene00050360.,0,0,0
WBGene00050361.,0,0,0
WBGene00050362.,0,0,0
WBGene00050363.,0,0,0
WBGene00050364.,0,0,0
WBGene00050365.,0,0,0
WBGene00050366.,0,0,0
WBGene00050367.,0,0,0
WBGene00050368.,0,0,0
WBGene00050369.,0,0,0
WBGene00050370.,0,0,0
WBGene00050371.,0,0,0
WBGene00050372.,0,0,0
WBGene00050373.,0,0,0
WBGene00050374.,0,0,0
WBGene00050375.,0,0,0
WBGene00050376.,0,0,0
WBGene00050377.,0,0,0
WBGene00050378.,0,0,0
WBGene00050379.,0,0,0
WBGene00050380.,0,0,0
WBGene00050381.,0,0,0
WBGene00050382.,0,0,0
WBGene00050383.,0,0,0
WBGene00050384.,0,0,0
WBGene00050385.,0,0,0
WBGene00050386.,0,0,0
WBGene00050387.,0,0,0
WBGene00050388.,0,0,0
WBGene00050389.,0,0,0
WBGene00050390.,0,0,0
WBGene00050391.,0,0,0
WBGene00050392.,0,0,0
WBGene00050393.,0,0,0
WBGene00050394.,0,0,0
WBGene00050395.,0,0,0
WBGene00050396.,0,0,0
WBGene00050397.,0,0,0
WBGene00050398.,0,0,0
WBGene00050399.,0,0,0
WBGene00050400.,0,0,0
WBGene00050401.,0,0,0
WBGene00050402.,0,0,0
WBGene00050403.,0,0,0
WBGene00050404.,0,0,0
WBGene00050405.,0,0,0
WBGene00050406.,0,0,0
WBGene00050407.,0,0,0
WBGene00050408.,0,0,0
WBGene00050409.,0,0,0
WBGene00050410.,0,0,0
WBGene00050411.,0,0,0
WBGene00050412.,0,0,0
WBGene00050413.,0,0,0
WBGene00050414.,0,0,0
WBGene00050415.,0,0,0
WBGene00050416.,0,0,0
WBGene00050417.,0,0,0
WBGene00050418.,0,0,0
WBGene00050419.,0,0,0
WBGene00050420.,0,0,0
WBGene00050421.,0,0,0
WBGene00050422.,0,0,0
WBGene00050423.,0,0,0
WBGene00050424.,0,0,0
WBGene00050425.,0,0,0
WBGene00050426.,0,0,0
WBGene00050427.,0,0,0
WBGene00050428.,0,0,0
WBGene00050429.,0,0,0
WBGene00050430.,0,0,0
WBGene00050431.,0,0,0
WBGene00050432.,0,0,0
WBGene00050433.,0,0,0
WBGene00050434.,0,0,0
WBGene00050435.,0,0,0
WBGene00050436.,0,0,0
WBGene00050437.,0,0,0
WBGene00050438.,0,0,0
WBGene00050439.,0,0,0
WBGene00050440.,0,0,0
WBGene00050441.,0,0,0
WBGene00050442.,0,0,0
WBGene00050443.,0,0,0
WBGene00050444.,0,0,0
WBGene00050445.,0,0,0
WBGene00050446.,0,0,0
WBGene00050447.,0,0,0
WBGene00050448.,0,0,0
WBGene00050449.,0,0,0
WBGene00050450.,0,0,0
WBGene00050451.,0,0,0
WBGene00050452.,0,0,0
WBGene00050453.,0,0,0
WBGene00050454.,0,0,0
WBGene00050455.,0,0,0
WBGene00050456.,0,0,0
WBGene00050457.,0,0,0
WBGene00050458.,0,0,0
WBGene00050459.,0,0,0
WBGene00050460.,0,0,0
WBGene00050461.,0,0,0
WBGene00050462.,0,0,0
WBGene00050463.,0,0,0
WBGene00050464.,0,0,0
WBGene00050465.,0,0,0
WBGene00050466.,0,0,0
WBGene00050467.,0,0,0
WBGene00050468.,0,0,0
WBGene00050469.,0,0,0
WBGene00050470.,0,0,0
WBGene00050471.,0,0,0
WBGene00050472.,0,0,0
WBGene00050473.,0,0,0
WBGene00050474.,0,0,0
WBGene00050475.,0,0,0
WBGene00050476.,0,0,0
WBGene00050477.,0,0,0
WBGene00050478.,0,0,0
WBGene00050479.,0,0,0
WBGene00050480.,0,0,0
WBGene00050481.,0,0,0
WBGene00050482.,0,0,0
WBGene00050483.,0,0,0
WBGene00050484.,0,0,0
WBGene00050485.,0,0,0
WBGene00050486.,0,0,0
WBGene00050487.,0,0,0
WBGene00050488.,0,0,0
WBGene00050489.,0,0,0
WBGene00050490.,0,0,0
WBGene00050491.,0,0,0
WBGene00050492.,0,0,0
WBGene00050493.,0,0,0
WBGene00050494.,0,0,0
WBGene00050495.,0,0,0
WBGene00050496.,0,0,0
WBGene00050497.,0,0,0
WBGene00050498.,0,0,0
WBGene00050499.,0,0,0
WBGene00050500.,0,0,0
WBGene00050501.,0,0,0
WBGene00050502.,0,0,0
WBGene00050503.,0,0,0
WBGene00050504.,0,0,0
WBGene00050505.,0,0,0
WBGene00050506.,0,0,0
WBGene00050507.,0,0,0
WBGene00050508.,0,0,0
WBGene00050509.,0,0,0
WBGene00050510.,0,0,0
WBGene00050511.,0,0,0
WBGene00050512.,0,0,0
WBGene00050513.,0,0,0
WBGene00050514.,0,0,0
WBGene00050515.,0,0,0
WBGene00050516.,0,0,0
WBGene00050517.,0,0,0
WBGene00050518.,0,0,0
WBGene00050519.,0,0,0
WBGene00050520.,0,0,0
WBGene00050521.,0,0,0
WBGene00050522.,0,0,0
WBGene00050523.,0,0,0
WBGene00050524.,0,0,0
WBGene00050525.,0,0,0
WBGene00050526.,0,0,0
WBGene00050527.,0,0,0
WBGene00050528.,0,0,0
WBGene00050529.,0,0,0
WBGene00050530.,0,0,0
WBGene00050531.,0,0,0
WBGene00050532.,0,0,0
WBGene00050533.,0,0,0
WBGene00050534.,0,0,0
WBGene00050535.,0,0,0
WBGene00050536.,0,0,0
WBGene00050537.,0,0,0
WBGene00050538.,0,0,0
WBGene00050539.,0,0,0
WBGene00050540.,0,0,0
WBGene00050541.,0,0,0
WBGene00050542.,0,0,0
WBGene00050543.,0,0,0
WBGene00050544.,0,0,0
WBGene00050545.,0,0,0
WBGene00050546.,0,0,0
WBGene00050547.,0,0,0
WBGene00050548.,0,0,0
WBGene00050549.,0,0,0
WBGene00050550.,0,0,0
WBGene00050551.,0,0,0
WBGene00050552.,0,0,0
WBGene00050553.,0,0,0
WBGene00050554.,0,0,0
WBGene00050555.,0,0,0
WBGene00050556.,0,0,0
WBGene00050557.,0,0,0
WBGene00050558.,0,0,0
WBGene00050559.,0,0,0
WBGene00050560.,0,0,0
WBGene00050561.,0,0,0
WBGene00050562.,0,0,0
WBGene00050563.,0,0,0
WBGene00050564.,0,0,0
WBGene00050565.,0,0,0
WBGene00050566.,0,0,0
WBGene00050567.,0,0,0
WBGene00050568.,0,0,0
WBGene00050569.,0,0,0
WBGene00050570.,0,0,0
WBGene00050571.,0,0,0
WBGene00050572.,0,0,0
WBGene00050573.,0,0,0
WBGene00050574.,0,0,0
WBGene00050575.,0,0,0
WBGene00050576.,0,0,0
WBGene00050577.,0,0,0
WBGene00050578.,0,0,0
WBGene00050579.,0,0,0
WBGene00050580.,0,0,0
WBGene00050581.,0,0,0
WBGene00050582.,0,0,0
WBGene00050583.,0,0,0
WBGene00050584.,0,0,0
WBGene00050585.,0,0,0
WBGene00050586.,0,0,0
WBGene00050587.,0,0,0
WBGene00050588.,0,0,0
WBGene00050589.,0,0,0
WBGene00050590.,0,0,0
WBGene00050591.,0,0,0
WBGene00050592.,0,0,0
WBGene00050593.,0,0,0
WBGene00050594.,0,0,0
WBGene00050595.,0,0,0
WBGene00050596.,0,0,0
WBGene00050597.,0,0,0
WBGene00050598.,0,0,0
WBGene00050599.,0,0,0
WBGene00050600.,0,0,0
WBGene00050601.,0,0,0
WBGene00050602.,0,0,0
WBGene00050603.,0,0,0
WBGene00050604.,0,0,0
WBGene00050605.,0,0,0
WBGene00050606.,0,0,0
WBGene00050607.,0,0,0
WBGene00050608.,0,0,0
WBGene00050609.,0,0,0
WBGene00050610.,0,0,0
WBGene00050611.,0,0,0
WBGene00050612.,0,0,0
WBGene00050613.,0,0,0
WBGene00050614.,0,0,0
WBGene00050615.,0,0,0
WBGene00050616.,0,0,0
WBGene00050617.,0,0,0
WBGene00050618.,0,0,0
WBGene00050619.,0,0,0
WBGene00050620.,0,0,0
WBGene00050621.,0,0,0
WBGene00050622.,0,0,0
WBGene00050623.,0,0,0
WBGene00050624.,0,0,0
WBGene00050625.,0,0,0
WBGene00050626.,0,0,0
WBGene00050627.,0,0,0
WBGene00050628.,0,0,0
WBGene00050629.,0,0,0
WBGene00050630.,0,0,0
WBGene00050631.,0,0,0
WBGene00050632.,0,0,0
WBGene00050633.,0,0,0
WBGene00050634.,0,0,0
WBGene00050635.,0,0,0
WBGene00050636.,0,0,0
WBGene00050637.,0,0,0
WBGene00050638.,0,0,0
WBGene00050639.,0,0,0
WBGene00050640.,0,0,0
WBGene00050641.,0,0,0
WBGene00050642.,0,0,0
WBGene00050643.,0,0,0
WBGene00050644.,0,0,0
WBGene00050645.,0,0,0
WBGene00050646.,0,0,0
WBGene00050647.,0,0,0
WBGene00050648.,0,0,0
WBGene00050649.,0,0,0
WBGene00050650.,0,0,0
WBGene00050651.,0,0,0
WBGene00050652.,0,0,0
WBGene00050653.,0,0,0
WBGene00050654.,0,0,0
WBGene00050655.,0,0,0
WBGene00050656.,0,0,0
WBGene00050657.,0,0,0
WBGene00050658.,0,0,0
WBGene00050659.,0,0,0
WBGene00050660.,0,0,0
WBGene00050661.,0,0,0
WBGene00050662.,0,0,0
WBGene00050663.,0,0,0
WBGene00050664.,0,0,0
WBGene00050665.,0,0,0
WBGene00050666.,0,0,0
WBGene00050667.,0,0,0
WBGene00050668.,0,0,0
WBGene00050669.,0,0,0
WBGene00050670.,0,0,0
WBGene00050671.,0,0,0
WBGene00050672.,0,0,0
WBGene00050673.,0,0,0
WBGene00050674.,0,0,0
WBGene00050675.,0,0,0
WBGene00050676.,0,0,0
WBGene00050677.,0,0,0
WBGene00050678.,0,0,0
WBGene00050679.,0,0,0
WBGene00050680.,0,0,0
WBGene00050681.,0,0,0
WBGene00050682.,0,0,0
WBGene00050683.,0,0,0
WBGene00050684.,0,0,0
WBGene00050685.,0,0,0
WBGene00050686.,0,0,0
WBGene00050687.,0,0,0
WBGene00050688.,0,0,0
WBGene00050689.,0,0,0
WBGene00050690.,0,0,0
WBGene00050691.,0,0,0
WBGene00050692.,0,0,0
WBGene00050693.,0,0,0
WBGene00050694.,0,0,0
WBGene00050695.,0,0,0
WBGene00050696.,0,0,0
WBGene00050697.,0,0,0
WBGene00050698.,0,0,0
WBGene00050699.,0,0,0
WBGene00050700.,0,0,0
WBGene00050701.,0,0,0
WBGene00050702.,0,0,0
WBGene00050703.,0,0,0
WBGene00050704.,0,0,0
WBGene00050705.,0,0,0
WBGene00050706.,0,0,0
WBGene00050707.,0,0,0
WBGene00050708.,0,0,0
WBGene00050709.,0,0,0
WBGene00050710.,0,0,0
WBGene00050711.,0,0,0
WBGene00050712.,0,0,0
WBGene00050713.,0,0,0
WBGene00050714.,0,0,0
WBGene00050715.,0,0,0
WBGene00050716.,0,0,0
WBGene00050717.,0,0,0
WBGene00050718.,0,0,0
WBGene00050719.,0,0,0
WBGene00050720.,0,0,0
WBGene00050721.,0,0,0
WBGene00050722.,0,0,0
WBGene00050723.,0,0,0
WBGene00050724.,0,0,0
WBGene00050725.,0,0,0
WBGene00050726.,0,0,0
WBGene00050727.,0,0,0
WBGene00050728.,0,0,0
WBGene00050729.,0,0,0
WBGene00050730.,0,0,0
WBGene00050731.,0,0,0
WBGene00050732.,0,0,0
WBGene00050733.,0,0,0
WBGene00050734.,0,0,0
WBGene00050735.,0,0,0
WBGene00050736.,0,0,0
WBGene00050737.,0,0,0
WBGene00050738.,0,0,0
WBGene00050739.,0,0,0
WBGene00050740.,0,0,0
WBGene00050741.,0,0,0
WBGene00050742.,0,0,0
WBGene00050743.,0,0,0
WBGene00050744.,0,0,0
WBGene00050745.,0,0,0
WBGene00050746.,0,0,0
WBGene00050747.,0,0,0
WBGene00050748.,0,0,0
WBGene00050749.,0,0,0
WBGene00050750.,0,0,0
WBGene00050751.,0,0,0
WBGene00050752.,0,0,0
WBGene00050753.,0,0,0
WBGene00050754.,0,0,0
WBGene00050755.,0,0,0
WBGene00050756.,0,0,0
WBGene00050757.,0,0,0
WBGene00050758.,0,0,0
WBGene00050759.,0,0,0
WBGene00050760.,0,0,0
WBGene00050761.,0,0,0
WBGene00050762.,0,0,0
WBGene00050763.,0,0,0
WBGene00050764.,0,0,0
WBGene00050765.,0,0,0
WBGene00050766.,0,0,0
WBGene00050767.,0,0,0
WBGene00050768.,0,0,0
WBGene00050769.,0,0,0
WBGene00050770.,0,0,0
WBGene00050771.,0,0,0
WBGene00050772.,0,0,0
WBGene00050773.,0,0,0
WBGene00050774.,0,0,0
WBGene00050775.,0,0,0
WBGene00050776.,0,0,0
WBGene00050777.,0,0,0
WBGene00050778.,0,0,0
WBGene00050779.,0,0,0
WBGene00050780.,0,0,0
WBGene00050781.,0,0,0
WBGene00050782.,0,0,0
WBGene00050783.,0,0,0
WBGene00050784.,0,0,0
WBGene00050785.,0,0,0
WBGene00050786.,0,0,0
WBGene00050787.,0,0,0
WBGene00050788.,0,0,0
WBGene00050789.,0,0,0
WBGene00050790.,0,0,0
WBGene00050791.,0,0,0
WBGene00050792.,0,0,0
WBGene00050793.,0,0,0
WBGene00050794.,0,0,0
WBGene00050795.,0,0,0
WBGene00050796.,0,0,0
WBGene00050797.,0,0,0
WBGene00050798.,0,0,0
WBGene00050799.,0,0,0
WBGene00050800.,0,0,0
WBGene00050801.,0,0,0
WBGene00050802.,0,0,0
WBGene00050803.,0,0,0
WBGene00050804.,0,0,0
WBGene00050805.,0,0,0
WBGene00050806.,0,0,0
WBGene00050807.,0,0,0
WBGene00050808.,0,0,0
WBGene00050809.,0,0,0
WBGene00050810.,0,0,0
WBGene00050811.,0,0,0
WBGene00050812.,0,0,0
WBGene00050813.,0,0,0
WBGene00050814.,0,0,0
WBGene00050815.,0,0,0
WBGene00050816.,0,0,0
WBGene00050817.,0,0,0
WBGene00050818.,0,0,0
WBGene00050819.,0,0,0
WBGene00050820.,0,0,0
WBGene00050821.,0,0,0
WBGene00050822.,0,0,0
WBGene00050823.,0,0,0
WBGene00050824.,0,0,0
WBGene00050825.,0,0,0
WBGene00050826.,0,0,0
WBGene00050827.,0,0,0
WBGene00050828.,0,0,0
WBGene00050829.,0,0,0
WBGene00050830.,0,0,0
WBGene00050831.,0,0,0
WBGene00050832.,0,0,0
WBGene00050833.,0,0,0
WBGene00050834.,0,0,0
WBGene00050835.,0,0,0
WBGene00050836.,0,0,0
WBGene00050837.,0,0,0
WBGene00050838.,0,0,0
WBGene00050839.,0,0,0
WBGene00050840.,0,0,0
WBGene00050841.,0,0,0
WBGene00050842.,0,0,0
WBGene00050843.,0,0,0
WBGene00050844.,0,0,0
WBGene00050845.,0,0,0
WBGene00050846.,0,0,0
WBGene00050847.,0,0,0
WBGene00050848.,0,0,0
WBGene00050849.,0,0,0
WBGene00050850.,0,0,0
WBGene00050851.,0,0,0
WBGene00050852.,0,0,0
WBGene00050853.,0,0,0
WBGene00050854.,0,0,0
WBGene00050855.,0,0,0
WBGene00050856.,0,0,0
WBGene00050857.,0,0,0
WBGene00050858.,0,0,0
WBGene00050859.,0,0,0
WBGene00050860.,0,0,0
WBGene00050861.,0,0,0
WBGene00050862.,0,0,0
WBGene00050863.,0,0,0
WBGene00050864.,0,0,0
WBGene00050865.,0,0,0
WBGene00050866.,0,0,0
WBGene00050867.,0,0,0
WBGene00050868.,0,0,0
WBGene00050869.,0,0,0
WBGene00050870.,0,0,0
WBGene00050871.,0,0,0
WBGene00050873.,0,0,0
WBGene00050874.,0,0,0
WBGene00050875.,10,246,256
WBGene00050878.,7,0,7
WBGene00050879.,1,1,2
WBGene00050880.,12,1,13
WBGene00050881.,6,1,7
WBGene00050883.,0,2,2
WBGene00050884.,95,665,760
WBGene00050885.,90,639,729
WBGene00050889.,46,346,392
WBGene00050890.,0,104,104
WBGene00050891.,0,19,19
WBGene00050892.,1,3,4
WBGene00050893.,0,5,5
WBGene00050894.,0,0,0
WBGene00050896.,0,3,3
WBGene00050897.,0,0,0
WBGene00050898.,0,0,0
WBGene00050899.,366,7803,8169
WBGene00050900.,0,4,4
WBGene00050902.,0,0,0
WBGene00050903.,164,1643,1807
WBGene00050904.,15,489,504
WBGene00050906.,2,1,3
WBGene00050907.,0,0,0
WBGene00050910.,7,3,10
WBGene00050911.,0,8,8
WBGene00050912.,0,0,0
WBGene00050913.,0,1,1
WBGene00050914.,0,3,3
WBGene00050915.,7,55,62
WBGene00050916.,3,50,53
WBGene00050917.,35,303,338
WBGene00050919.,10,4,14
WBGene00050920.,10,182,192
WBGene00050921.,0,0,0
WBGene00050922.,0,0,0
WBGene00050923.,0,2,2
WBGene00050924.,0,0,0
WBGene00050926.,1,12,13
WBGene00050927.,153,262,415
WBGene00050928.,0,0,0
WBGene00050929.,0,0,0
WBGene00050930.,11,3,14
WBGene00050931.,6,4,10
WBGene00050932.,1,2,3
WBGene00050933.,0,0,0
WBGene00050934.,8,88,96
WBGene00050935.,531,16,547
WBGene00050936.,0,525,525
WBGene00050937.,37,725,762
WBGene00050938.,0,5,5
WBGene00050939.,0,0,0
WBGene00050940.,0,4,4
WBGene00050941.,5,1200,1205
WBGene00050943.,20,263,283
WBGene00050944.,142,1821,1963
WBGene00050945.,11,417,428
WBGene00050946.,10,72,82
WBGene00050947.,5,517,522
WBGene00050948.,16,67,83
WBGene00050949.,0,0,0
WBGene00050950.,0,0,0
WBGene00050951.,0,0,0
WBGene00050954.,0,0,0
WBGene00050955.,1,1,2
WBGene00050956.,6,0,6
WBGene00050957.,1,74,75
WBGene00050958.,0,13,13
WBGene00050959.,0,0,0
WBGene00050960.,0,0,0
WBGene00050961.,0,2,2
WBGene00050962.,0,0,0
WBGene00050963.,0,0,0
WBGene00050964.,0,44,44
WBGene00050965.,0,0,0
WBGene00050967.,13,49,62
WBGene00050968.,0,0,0
WBGene00050970.,0,1,1
WBGene00050971.,0,0,0
WBGene00050972.,0,0,0
WBGene00050973.,0,3,3
WBGene00050974.,0,69,69
WBGene00050976.,0,0,0
WBGene00050977.,0,32,32
WBGene00077434.,92,4,96
WBGene00077436.,10,7,17
WBGene00077437.,914,8704,9618
WBGene00077438.,5,7,12
WBGene00077439.,4,60,64
WBGene00077440.,0,3,3
WBGene00077441.,0,0,0
WBGene00077442.,6,1,7
WBGene00077443.,0,43,43
WBGene00077444.,0,7,7
WBGene00077445.,0,4,4
WBGene00077446.,0,1,1
WBGene00077447.,0,3,3
WBGene00077448.,16,0,16
WBGene00077449.,0,25,25
WBGene00077450.,7,2,9
WBGene00077451.,0,11,11
WBGene00077452.,0,0,0
WBGene00077453.,18,784,802
WBGene00077454.,0,2,2
WBGene00077455.,22,118,140
WBGene00077456.,0,0,0
WBGene00077457.,7,193,200
WBGene00077459.,3,0,3
WBGene00077460.,0,0,0
WBGene00077461.,0,22,22
WBGene00077462.,0,0,0
WBGene00077463.,0,0,0
WBGene00077464.,0,2,2
WBGene00077465.,0,12,12
WBGene00077466.,0,0,0
WBGene00077467.,0,0,0
WBGene00077468.,0,0,0
WBGene00077469.,0,0,0
WBGene00077470.,0,0,0
WBGene00077471.,0,0,0
WBGene00077472.,0,0,0
WBGene00077473.,0,0,0
WBGene00077474.,0,0,0
WBGene00077475.,0,0,0
WBGene00077476.,0,0,0
WBGene00077477.,0,0,0
WBGene00077478.,0,0,0
WBGene00077479.,0,0,0
WBGene00077480.,0,0,0
WBGene00077481.,0,0,0
WBGene00077482.,0,0,0
WBGene00077483.,0,0,0
WBGene00077484.,0,0,0
WBGene00077485.,0,0,0
WBGene00077486.,0,0,0
WBGene00077487.,0,0,0
WBGene00077488.,0,0,0
WBGene00077489.,15,58,73
WBGene00077490.,31,610,641
WBGene00077491.,5,242,247
WBGene00077492.,0,0,0
WBGene00077493.,6,6,12
WBGene00077494.,0,0,0
WBGene00077495.,0,1,1
WBGene00077496.,0,2,2
WBGene00077497.,108,139,247
WBGene00077498.,0,0,0
WBGene00077499.,0,1,1
WBGene00077500.,31,404,435
WBGene00077501.,0,4,4
WBGene00077502.,0,0,0
WBGene00077503.,0,1,1
WBGene00077504.,0,0,0
WBGene00077506.,0,1,1
WBGene00077508.,40,28,68
WBGene00077510.,0,0,0
WBGene00077514.,7,15,22
WBGene00077515.,0,0,0
WBGene00077516.,0,0,0
WBGene00077517.,0,0,0
WBGene00077519.,0,2,2
WBGene00077520.,109,687,796
WBGene00077521.,0,1216,1216
WBGene00077522.,49,449,498
WBGene00077523.,1,15,16
WBGene00077524.,0,4,4
WBGene00077525.,24,661,685
WBGene00077526.,2204,29894,32098
WBGene00077527.,0,13,13
WBGene00077531.,0,19,19
WBGene00077534.,0,0,0
WBGene00077535.,4,5,9
WBGene00077536.,23,278,301
WBGene00077537.,3,108,111
WBGene00077538.,12,36,48
WBGene00077539.,163,70,233
WBGene00077543.,8,49,57
WBGene00077546.,4,13,17
WBGene00077548.,3,9,12
WBGene00077549.,0,7,7
WBGene00077551.,0,22,22
WBGene00077552.,176,38,214
WBGene00077553.,79,83,162
WBGene00077555.,0,0,0
WBGene00077556.,0,28,28
WBGene00077557.,21,72,93
WBGene00077558.,43,71,114
WBGene00077559.,34,225,259
WBGene00077561.,0,2,2
WBGene00077562.,7,0,7
WBGene00077563.,12,26,38
WBGene00077564.,14,27,41
WBGene00077565.,2,5,7
WBGene00077566.,1,1,2
WBGene00077567.,0,1,1
WBGene00077568.,0,75,75
WBGene00077569.,13,25,38
WBGene00077570.,8,73,81
WBGene00077571.,0,0,0
WBGene00077572.,163,219,382
WBGene00077573.,21,675,696
WBGene00077574.,2,35,37
WBGene00077575.,0,0,0
WBGene00077576.,1,6,7
WBGene00077577.,16,9,25
WBGene00077579.,6,2,8
WBGene00077580.,0,0,0
WBGene00077581.,0,2,2
WBGene00077582.,5,8,13
WBGene00077583.,4,6,10
WBGene00077584.,0,1,1
WBGene00077585.,26,16,42
WBGene00077586.,0,4,4
WBGene00077588.,1,14,15
WBGene00077589.,0,0,0
WBGene00077590.,0,0,0
WBGene00077592.,8,23,31
WBGene00077593.,13,149,162
WBGene00077594.,442,474,916
WBGene00077595.,0,0,0
WBGene00077596.,1,4,5
WBGene00077597.,0,0,0
WBGene00077598.,0,0,0
WBGene00077599.,31,270,301
WBGene00077600.,2,1,3
WBGene00077601.,0,5,5
WBGene00077602.,0,0,0
WBGene00077603.,2,9,11
WBGene00077604.,0,1,1
WBGene00077605.,0,3,3
WBGene00077606.,0,3,3
WBGene00077607.,2,4,6
WBGene00077608.,0,7,7
WBGene00077609.,0,0,0
WBGene00077610.,0,1,1
WBGene00077611.,0,8,8
WBGene00077612.,0,1,1
WBGene00077613.,0,14,14
WBGene00077614.,0,0,0
WBGene00077615.,9,11,20
WBGene00077616.,3,44,47
WBGene00077617.,0,0,0
WBGene00077618.,0,0,0
WBGene00077619.,0,0,0
WBGene00077620.,0,0,0
WBGene00077621.,1,7,8
WBGene00077622.,1,6,7
WBGene00077624.,0,0,0
WBGene00077625.,1,0,1
WBGene00077626.,0,0,0
WBGene00077627.,0,0,0
WBGene00077629.,3,1,4
WBGene00077630.,0,1,1
WBGene00077631.,0,5,5
WBGene00077632.,0,0,0
WBGene00077633.,0,0,0
WBGene00077634.,0,0,0
WBGene00077635.,1,1,2
WBGene00077636.,71,72,143
WBGene00077637.,0,0,0
WBGene00077638.,0,0,0
WBGene00077640.,1,14,15
WBGene00077641.,0,0,0
WBGene00077642.,0,1,1
WBGene00077643.,52,841,893
WBGene00077644.,0,4,4
WBGene00077646.,0,3,3
WBGene00077647.,0,0,0
WBGene00077648.,0,2,2
WBGene00077649.,3,0,3
WBGene00077650.,0,0,0
WBGene00077651.,0,1,1
WBGene00077652.,4,2,6
WBGene00077653.,0,0,0
WBGene00077654.,0,0,0
WBGene00077655.,0,2,2
WBGene00077656.,0,0,0
WBGene00077657.,0,6,6
WBGene00077658.,105,721,826
WBGene00077659.,2,4,6
WBGene00077660.,0,0,0
WBGene00077662.,0,0,0
WBGene00077663.,0,0,0
WBGene00077664.,0,2,2
WBGene00077666.,0,0,0
WBGene00077667.,0,1,1
WBGene00077669.,160,611,771
WBGene00077670.,0,1,1
WBGene00077671.,0,0,0
WBGene00077673.,0,3,3
WBGene00077674.,2,18,20
WBGene00077679.,2,79,81
WBGene00077680.,2,34,36
WBGene00077681.,35,208,243
WBGene00077682.,10,12,22
WBGene00077684.,4,39,43
WBGene00077685.,0,1,1
WBGene00077686.,0,0,0
WBGene00077687.,0,6,6
WBGene00077688.,8,5,13
WBGene00077689.,0,9,9
WBGene00077690.,14,1100,1114
WBGene00077691.,0,208,208
WBGene00077692.,15,78,93
WBGene00077693.,165,5501,5666
WBGene00077694.,0,0,0
WBGene00077695.,0,0,0
WBGene00077696.,61,98,159
WBGene00077697.,150,131,281
WBGene00077698.,139,667,806
WBGene00077699.,8,55,63
WBGene00077701.,36,945,981
WBGene00077703.,15,30,45
WBGene00077704.,3,34,37
WBGene00077705.,0,0,0
WBGene00077706.,0,0,0
WBGene00077707.,0,0,0
WBGene00077708.,0,0,0
WBGene00077709.,0,0,0
WBGene00077712.,31,364,395
WBGene00077714.,7,34,41
WBGene00077715.,0,0,0
WBGene00077716.,0,0,0
WBGene00077717.,0,0,0
WBGene00077718.,0,0,0
WBGene00077719.,0,0,0
WBGene00077720.,0,0,0
WBGene00077721.,0,0,0
WBGene00077722.,0,1,1
WBGene00077723.,0,0,0
WBGene00077724.,0,0,0
WBGene00077725.,0,0,0
WBGene00077726.,0,1,1
WBGene00077727.,0,0,0
WBGene00077728.,0,269,269
WBGene00077732.,19,304,323
WBGene00077750.,0,0,0
WBGene00077751.,10,11,21
WBGene00077752.,5,71,76
WBGene00077753.,17,20,37
WBGene00077754.,1,7,8
WBGene00077755.,0,0,0
WBGene00077756.,1,34,35
WBGene00077757.,102,1000,1102
WBGene00077758.,2,17,19
WBGene00077759.,6,15,21
WBGene00077761.,83,3649,3732
WBGene00077762.,0,20,20
WBGene00077763.,53,256,309
WBGene00077764.,0,459,459
WBGene00077765.,0,39,39
WBGene00077766.,0,0,0
WBGene00077767.,2,0,2
WBGene00077768.,17,222,239
WBGene00077769.,11,146,157
WBGene00077770.,27,268,295
WBGene00077771.,1101,20852,21953
WBGene00077772.,1,33,34
WBGene00077773.,0,191,191
WBGene00077775.,206,2525,2731
WBGene00077781.,0,37,37
WBGene00077782.,11,10,21
WBGene00077783.,202,1014,1216
WBGene00077784.,2,29,31
WBGene00077785.,8,8,16
WBGene00077786.,266,797,1063
WBGene00077787.,0,52,52
WBGene00077788.,15,85,100
WBGene00077789.,0,1,1
WBGene00086546.,74,398,472
WBGene00086551.,9,312,321
WBGene00086552.,1,1,2
WBGene00086553.,172,2247,2419
WBGene00086554.,0,16,16
WBGene00086555.,11,1,12
WBGene00086556.,25,114,139
WBGene00086557.,98,1202,1300
WBGene00086558.,32,601,633
WBGene00086559.,13,203,216
WBGene00086560.,7,29,36
WBGene00086561.,0,0,0
WBGene00086562.,5,2,7
WBGene00086563.,0,1,1
WBGene00086564.,1,1,2
WBGene00086565.,0,5,5
WBGene00086566.,54,755,809
WBGene00086567.,0,1,1
WBGene00086568.,9,28,37
WBGene00086569.,81,694,775
WBGene00119201.,4,0,4
WBGene00119203.,20,570,590
WBGene00119204.,2,130,132
WBGene00138711.,5,96,101
WBGene00138714.,0,2,2
WBGene00138715.,0,0,0
WBGene00138716.,0,1,1
WBGene00138717.,369,1837,2206
WBGene00138719.,4,7,11
WBGene00138720.,34,566,600
WBGene00138721.,12,45,57
WBGene00138724.,0,170,170
WBGene00164968.,41,307,348
WBGene00164969.,4,50,54
WBGene00164971.,1,0,1
WBGene00164972.,0,3,3
WBGene00164973.,13,249,262
WBGene00164974.,0,0,0
WBGene00164983.,6,23,29
WBGene00164985.,30,263,293
WBGene00164986.,10,13,23
WBGene00164991.,0,0,0
WBGene00164992.,0,0,0
WBGene00164993.,0,0,0
WBGene00164994.,0,0,0
WBGene00164995.,0,0,0
WBGene00164996.,0,0,0
WBGene00164997.,0,0,0
WBGene00164998.,0,0,0
WBGene00164999.,0,0,0
WBGene00165000.,0,0,0
WBGene00165001.,0,0,0
WBGene00165002.,0,0,0
WBGene00165003.,0,0,0
WBGene00165004.,0,0,0
WBGene00165005.,0,0,0
WBGene00165006.,0,0,0
WBGene00165007.,0,0,0
WBGene00165009.,0,0,0
WBGene00165010.,0,0,0
WBGene00165011.,0,0,0
WBGene00165012.,0,0,0
WBGene00165013.,0,0,0
WBGene00165014.,0,0,0
WBGene00165015.,0,0,0
WBGene00165016.,0,0,0
WBGene00165017.,0,0,0
WBGene00165018.,0,0,0
WBGene00165019.,0,0,0
WBGene00165020.,0,0,0
WBGene00165021.,0,0,0
WBGene00165022.,0,0,0
WBGene00165023.,0,0,0
WBGene00165024.,0,0,0
WBGene00165025.,0,0,0
WBGene00165026.,0,0,0
WBGene00165027.,0,0,0
WBGene00165028.,0,0,0
WBGene00165029.,0,0,0
WBGene00165030.,0,0,0
WBGene00165031.,0,0,0
WBGene00165032.,0,0,0
WBGene00165033.,0,0,0
WBGene00165034.,0,0,0
WBGene00165035.,0,0,0
WBGene00165036.,0,0,0
WBGene00165037.,0,0,0
WBGene00165038.,0,0,0
WBGene00165039.,0,0,0
WBGene00165040.,0,0,0
WBGene00165041.,0,0,0
WBGene00165042.,0,0,0
WBGene00165043.,0,0,0
WBGene00165044.,0,0,0
WBGene00165045.,0,0,0
WBGene00165046.,0,0,0
WBGene00165047.,0,0,0
WBGene00165048.,0,0,0
WBGene00165049.,0,0,0
WBGene00165050.,0,0,0
WBGene00165051.,0,0,0
WBGene00165052.,0,0,0
WBGene00165053.,0,0,0
WBGene00165054.,0,0,0
WBGene00165055.,0,0,0
WBGene00165056.,0,0,0
WBGene00165057.,0,0,0
WBGene00165058.,0,0,0
WBGene00165059.,0,0,0
WBGene00165060.,0,0,0
WBGene00165061.,0,0,0
WBGene00165062.,0,0,0
WBGene00165063.,0,0,0
WBGene00165064.,0,0,0
WBGene00165065.,0,0,0
WBGene00165066.,0,0,0
WBGene00165067.,0,0,0
WBGene00165068.,0,0,0
WBGene00165069.,0,0,0
WBGene00165070.,0,0,0
WBGene00165071.,0,0,0
WBGene00165072.,0,0,0
WBGene00165073.,0,0,0
WBGene00165074.,0,0,0
WBGene00165075.,0,0,0
WBGene00165076.,0,0,0
WBGene00165077.,0,0,0
WBGene00165078.,0,0,0
WBGene00165079.,0,0,0
WBGene00165080.,0,0,0
WBGene00165081.,0,0,0
WBGene00165082.,0,0,0
WBGene00165083.,0,0,0
WBGene00165084.,0,0,0
WBGene00165085.,0,0,0
WBGene00165086.,0,0,0
WBGene00165087.,0,0,0
WBGene00165088.,0,0,0
WBGene00165089.,0,0,0
WBGene00165090.,0,0,0
WBGene00165091.,0,0,0
WBGene00165092.,0,0,0
WBGene00165093.,0,0,0
WBGene00165094.,0,0,0
WBGene00165095.,0,0,0
WBGene00165096.,0,0,0
WBGene00165097.,0,0,0
WBGene00165098.,0,0,0
WBGene00165099.,0,0,0
WBGene00165100.,0,0,0
WBGene00165101.,0,0,0
WBGene00165102.,0,0,0
WBGene00165103.,0,0,0
WBGene00165104.,0,0,0
WBGene00165105.,0,0,0
WBGene00165106.,0,0,0
WBGene00165107.,0,0,0
WBGene00165108.,0,0,0
WBGene00165109.,0,0,0
WBGene00165110.,0,0,0
WBGene00165111.,0,0,0
WBGene00165112.,0,0,0
WBGene00165113.,0,0,0
WBGene00165114.,0,0,0
WBGene00165115.,0,0,0
WBGene00165116.,0,0,0
WBGene00165117.,0,0,0
WBGene00165118.,0,0,0
WBGene00165119.,0,0,0
WBGene00165120.,0,0,0
WBGene00165121.,0,0,0
WBGene00165122.,0,0,0
WBGene00165123.,0,0,0
WBGene00165124.,0,0,0
WBGene00165125.,0,0,0
WBGene00165126.,0,0,0
WBGene00165127.,0,0,0
WBGene00165128.,0,0,0
WBGene00165129.,0,0,0
WBGene00165130.,0,0,0
WBGene00165131.,0,0,0
WBGene00165132.,0,0,0
WBGene00165133.,0,0,0
WBGene00165134.,0,0,0
WBGene00165135.,0,0,0
WBGene00165136.,0,0,0
WBGene00165137.,0,0,0
WBGene00165138.,0,0,0
WBGene00165139.,0,0,0
WBGene00165140.,0,0,0
WBGene00165141.,0,0,0
WBGene00165142.,0,0,0
WBGene00165143.,0,0,0
WBGene00165144.,0,0,0
WBGene00165146.,0,0,0
WBGene00165147.,0,0,0
WBGene00165148.,0,0,0
WBGene00165149.,0,0,0
WBGene00165150.,0,0,0
WBGene00165151.,0,0,0
WBGene00165152.,0,0,0
WBGene00165153.,0,0,0
WBGene00165154.,0,0,0
WBGene00165155.,0,0,0
WBGene00165156.,0,0,0
WBGene00165157.,0,0,0
WBGene00165158.,0,0,0
WBGene00165159.,0,0,0
WBGene00165160.,0,0,0
WBGene00165161.,0,0,0
WBGene00165162.,0,0,0
WBGene00165163.,0,0,0
WBGene00165164.,0,0,0
WBGene00165165.,0,0,0
WBGene00165166.,0,0,0
WBGene00165167.,0,0,0
WBGene00165168.,0,0,0
WBGene00165169.,0,0,0
WBGene00165170.,0,0,0
WBGene00165171.,0,0,0
WBGene00165172.,0,0,0
WBGene00165173.,0,0,0
WBGene00165174.,0,0,0
WBGene00165175.,0,0,0
WBGene00165176.,0,0,0
WBGene00165177.,0,0,0
WBGene00165178.,0,0,0
WBGene00165179.,0,0,0
WBGene00165180.,0,0,0
WBGene00165181.,0,0,0
WBGene00165182.,0,0,0
WBGene00165183.,0,0,0
WBGene00165184.,0,0,0
WBGene00165185.,0,0,0
WBGene00165186.,0,0,0
WBGene00165187.,0,0,0
WBGene00165188.,0,0,0
WBGene00165189.,0,0,0
WBGene00165190.,0,0,0
WBGene00165191.,0,0,0
WBGene00165192.,0,0,0
WBGene00165193.,0,0,0
WBGene00165194.,0,0,0
WBGene00165195.,0,0,0
WBGene00165196.,0,0,0
WBGene00165197.,0,0,0
WBGene00165198.,0,0,0
WBGene00165199.,0,0,0
WBGene00165200.,0,0,0
WBGene00165201.,0,0,0
WBGene00165202.,0,0,0
WBGene00165203.,0,0,0
WBGene00165204.,0,0,0
WBGene00165205.,0,0,0
WBGene00165206.,0,0,0
WBGene00165207.,0,0,0
WBGene00165208.,0,0,0
WBGene00165209.,0,0,0
WBGene00165210.,0,0,0
WBGene00165211.,0,0,0
WBGene00165212.,0,0,0
WBGene00165213.,0,0,0
WBGene00165214.,0,0,0
WBGene00165215.,0,0,0
WBGene00165217.,0,0,0
WBGene00165218.,0,0,0
WBGene00165219.,0,0,0
WBGene00165220.,0,0,0
WBGene00165221.,0,0,0
WBGene00165222.,0,0,0
WBGene00165223.,0,0,0
WBGene00165224.,0,0,0
WBGene00165225.,0,0,0
WBGene00165226.,0,0,0
WBGene00165227.,0,0,0
WBGene00165228.,0,0,0
WBGene00165229.,0,0,0
WBGene00165230.,0,0,0
WBGene00165231.,0,0,0
WBGene00165232.,0,0,0
WBGene00165233.,0,0,0
WBGene00165234.,0,0,0
WBGene00165235.,0,0,0
WBGene00165236.,0,0,0
WBGene00165237.,0,0,0
WBGene00165238.,0,0,0
WBGene00165239.,0,0,0
WBGene00165240.,0,0,0
WBGene00165241.,0,0,0
WBGene00165242.,0,0,0
WBGene00165243.,0,0,0
WBGene00165244.,0,0,0
WBGene00165245.,0,0,0
WBGene00165246.,0,0,0
WBGene00165247.,0,0,0
WBGene00165248.,0,0,0
WBGene00165249.,0,0,0
WBGene00165250.,0,0,0
WBGene00165251.,0,0,0
WBGene00165252.,0,0,0
WBGene00165253.,0,0,0
WBGene00165254.,0,0,0
WBGene00165255.,0,0,0
WBGene00165256.,0,0,0
WBGene00165257.,0,0,0
WBGene00165258.,0,0,0
WBGene00165259.,0,0,0
WBGene00165260.,0,0,0
WBGene00165261.,0,0,0
WBGene00165262.,0,0,0
WBGene00165263.,0,0,0
WBGene00165264.,0,0,0
WBGene00165265.,0,0,0
WBGene00165266.,0,0,0
WBGene00165267.,0,0,0
WBGene00165268.,0,0,0
WBGene00165269.,0,0,0
WBGene00165270.,0,0,0
WBGene00165271.,0,0,0
WBGene00165272.,0,0,0
WBGene00165273.,0,0,0
WBGene00165274.,0,0,0
WBGene00165275.,0,0,0
WBGene00165276.,0,0,0
WBGene00165277.,0,0,0
WBGene00165278.,0,0,0
WBGene00165279.,0,0,0
WBGene00165280.,0,0,0
WBGene00165281.,0,0,0
WBGene00165282.,0,0,0
WBGene00165283.,0,0,0
WBGene00165284.,0,0,0
WBGene00165285.,0,0,0
WBGene00165286.,0,0,0
WBGene00165287.,0,0,0
WBGene00165288.,0,0,0
WBGene00165289.,0,0,0
WBGene00165290.,0,0,0
WBGene00165291.,0,0,0
WBGene00165292.,0,0,0
WBGene00165293.,0,0,0
WBGene00165294.,0,0,0
WBGene00165295.,0,0,0
WBGene00165296.,0,0,0
WBGene00165297.,0,0,0
WBGene00165298.,0,0,0
WBGene00165299.,0,0,0
WBGene00165300.,0,0,0
WBGene00165301.,0,0,0
WBGene00165302.,0,0,0
WBGene00165303.,0,0,0
WBGene00165304.,0,0,0
WBGene00165305.,0,0,0
WBGene00165306.,0,0,0
WBGene00165307.,0,0,0
WBGene00165308.,0,0,0
WBGene00165309.,0,0,0
WBGene00165310.,0,0,0
WBGene00165311.,0,0,0
WBGene00165312.,0,0,0
WBGene00165313.,0,0,0
WBGene00165314.,0,0,0
WBGene00165315.,0,0,0
WBGene00165316.,0,0,0
WBGene00165317.,0,0,0
WBGene00165318.,0,0,0
WBGene00165319.,0,0,0
WBGene00165320.,0,0,0
WBGene00165321.,0,0,0
WBGene00165322.,0,0,0
WBGene00165323.,0,0,0
WBGene00165324.,0,0,0
WBGene00165325.,0,0,0
WBGene00165326.,0,0,0
WBGene00165327.,0,0,0
WBGene00165328.,0,0,0
WBGene00165329.,0,0,0
WBGene00165330.,0,0,0
WBGene00165331.,0,0,0
WBGene00165332.,0,0,0
WBGene00165333.,0,0,0
WBGene00165334.,0,0,0
WBGene00165335.,0,0,0
WBGene00165336.,0,0,0
WBGene00165337.,0,0,0
WBGene00165338.,0,0,0
WBGene00165339.,0,0,0
WBGene00165340.,0,0,0
WBGene00165341.,0,0,0
WBGene00165342.,0,0,0
WBGene00165343.,0,0,0
WBGene00165344.,0,0,0
WBGene00165345.,0,0,0
WBGene00165346.,0,0,0
WBGene00165347.,0,0,0
WBGene00165348.,0,0,0
WBGene00165349.,0,0,0
WBGene00165350.,0,0,0
WBGene00165351.,0,0,0
WBGene00165352.,0,0,0
WBGene00165353.,0,0,0
WBGene00165354.,0,0,0
WBGene00165355.,0,0,0
WBGene00165356.,0,0,0
WBGene00165357.,0,0,0
WBGene00165358.,0,0,0
WBGene00165359.,0,0,0
WBGene00165360.,0,0,0
WBGene00165361.,0,0,0
WBGene00165362.,0,0,0
WBGene00165363.,0,0,0
WBGene00165364.,0,0,0
WBGene00165365.,0,0,0
WBGene00165366.,0,0,0
WBGene00165367.,0,0,0
WBGene00165368.,0,0,0
WBGene00165369.,0,0,0
WBGene00165370.,0,0,0
WBGene00165371.,0,0,0
WBGene00165372.,0,0,0
WBGene00165373.,0,0,0
WBGene00165374.,0,0,0
WBGene00165375.,0,0,0
WBGene00165376.,0,0,0
WBGene00165377.,0,0,0
WBGene00165378.,0,0,0
WBGene00165379.,0,0,0
WBGene00165380.,0,0,0
WBGene00165381.,0,0,0
WBGene00165382.,0,0,0
WBGene00165383.,0,0,0
WBGene00165384.,0,0,0
WBGene00165385.,0,0,0
WBGene00165386.,0,0,0
WBGene00165387.,0,0,0
WBGene00165388.,0,0,0
WBGene00165389.,0,0,0
WBGene00165390.,0,0,0
WBGene00165391.,0,0,0
WBGene00165392.,0,0,0
WBGene00165393.,0,0,0
WBGene00165394.,0,0,0
WBGene00165395.,0,0,0
WBGene00165396.,0,0,0
WBGene00165397.,0,0,0
WBGene00165398.,0,0,0
WBGene00165399.,0,0,0
WBGene00165400.,0,0,0
WBGene00165401.,0,0,0
WBGene00165402.,0,0,0
WBGene00165403.,0,0,0
WBGene00165404.,0,0,0
WBGene00165405.,0,0,0
WBGene00165406.,0,0,0
WBGene00165407.,0,0,0
WBGene00165408.,0,0,0
WBGene00165409.,0,0,0
WBGene00165410.,0,0,0
WBGene00165411.,0,0,0
WBGene00165412.,0,0,0
WBGene00165413.,0,0,0
WBGene00165414.,0,0,0
WBGene00165415.,0,0,0
WBGene00165416.,0,0,0
WBGene00165417.,0,0,0
WBGene00165418.,0,0,0
WBGene00165419.,0,0,0
WBGene00165420.,0,0,0
WBGene00165421.,0,0,0
WBGene00165422.,0,0,0
WBGene00165423.,0,0,0
WBGene00165424.,0,0,0
WBGene00165425.,0,0,0
WBGene00165426.,0,0,0
WBGene00165427.,0,0,0
WBGene00165428.,0,0,0
WBGene00165429.,0,0,0
WBGene00165430.,0,0,0
WBGene00165431.,0,0,0
WBGene00165432.,0,0,0
WBGene00165433.,0,0,0
WBGene00165434.,0,0,0
WBGene00165435.,0,0,0
WBGene00165436.,0,0,0
WBGene00165438.,0,0,0
WBGene00165439.,0,0,0
WBGene00165440.,0,0,0
WBGene00165441.,0,0,0
WBGene00165442.,0,0,0
WBGene00165443.,0,0,0
WBGene00165444.,0,0,0
WBGene00165445.,0,0,0
WBGene00165446.,0,0,0
WBGene00165447.,0,0,0
WBGene00165448.,0,0,0
WBGene00165449.,0,0,0
WBGene00165450.,0,0,0
WBGene00165451.,0,0,0
WBGene00165452.,0,0,0
WBGene00165453.,0,0,0
WBGene00165454.,0,0,0
WBGene00165455.,0,0,0
WBGene00165456.,0,0,0
WBGene00165457.,0,0,0
WBGene00165458.,0,0,0
WBGene00165459.,0,0,0
WBGene00165460.,0,0,0
WBGene00165461.,0,0,0
WBGene00165462.,0,0,0
WBGene00165463.,0,0,0
WBGene00165464.,0,0,0
WBGene00165465.,0,0,0
WBGene00165466.,0,0,0
WBGene00165467.,0,0,0
WBGene00165468.,0,0,0
WBGene00165469.,0,0,0
WBGene00165470.,0,0,0
WBGene00165471.,0,0,0
WBGene00165472.,0,0,0
WBGene00165473.,0,0,0
WBGene00165474.,0,0,0
WBGene00165475.,0,0,0
WBGene00165476.,0,0,0
WBGene00165477.,0,0,0
WBGene00165478.,0,0,0
WBGene00165479.,0,0,0
WBGene00165480.,0,0,0
WBGene00165481.,0,0,0
WBGene00165482.,0,0,0
WBGene00165483.,0,0,0
WBGene00165484.,0,0,0
WBGene00165485.,0,0,0
WBGene00165486.,0,0,0
WBGene00165487.,0,0,0
WBGene00165488.,0,0,0
WBGene00165489.,0,0,0
WBGene00165490.,0,0,0
WBGene00165491.,0,0,0
WBGene00165492.,0,0,0
WBGene00165493.,0,0,0
WBGene00165494.,0,0,0
WBGene00165495.,0,0,0
WBGene00165496.,0,0,0
WBGene00165497.,0,0,0
WBGene00165498.,0,0,0
WBGene00165499.,0,0,0
WBGene00165500.,0,0,0
WBGene00165501.,0,0,0
WBGene00165502.,0,0,0
WBGene00165503.,0,0,0
WBGene00165504.,0,0,0
WBGene00165505.,0,0,0
WBGene00165506.,0,0,0
WBGene00165507.,0,0,0
WBGene00165508.,0,0,0
WBGene00165509.,0,0,0
WBGene00165510.,0,0,0
WBGene00165511.,0,0,0
WBGene00165512.,0,0,0
WBGene00165513.,0,0,0
WBGene00165514.,0,0,0
WBGene00165515.,0,0,0
WBGene00165516.,0,0,0
WBGene00165517.,0,0,0
WBGene00165518.,0,0,0
WBGene00165519.,0,0,0
WBGene00165520.,0,0,0
WBGene00165521.,0,0,0
WBGene00165522.,0,0,0
WBGene00165523.,0,0,0
WBGene00165524.,0,0,0
WBGene00165525.,0,0,0
WBGene00165526.,0,0,0
WBGene00165527.,0,0,0
WBGene00165528.,0,0,0
WBGene00165529.,0,0,0
WBGene00165530.,0,0,0
WBGene00165531.,0,0,0
WBGene00165532.,0,0,0
WBGene00165533.,0,0,0
WBGene00165534.,0,0,0
WBGene00165535.,0,0,0
WBGene00165536.,0,0,0
WBGene00165537.,0,0,0
WBGene00165538.,0,0,0
WBGene00165539.,0,0,0
WBGene00165540.,0,0,0
WBGene00165541.,0,0,0
WBGene00165542.,0,0,0
WBGene00165543.,0,0,0
WBGene00165544.,0,0,0
WBGene00165545.,0,0,0
WBGene00165546.,0,0,0
WBGene00165547.,0,0,0
WBGene00165548.,0,0,0
WBGene00165549.,0,0,0
WBGene00165550.,0,0,0
WBGene00165551.,0,0,0
WBGene00165552.,0,0,0
WBGene00165553.,0,0,0
WBGene00165554.,0,0,0
WBGene00165555.,0,0,0
WBGene00165556.,0,0,0
WBGene00165557.,0,0,0
WBGene00165558.,0,0,0
WBGene00165559.,0,0,0
WBGene00165560.,0,0,0
WBGene00165561.,0,0,0
WBGene00165562.,0,0,0
WBGene00165563.,0,0,0
WBGene00165564.,0,0,0
WBGene00165565.,0,0,0
WBGene00165566.,0,0,0
WBGene00165567.,0,0,0
WBGene00165568.,0,0,0
WBGene00165569.,0,0,0
WBGene00165570.,0,0,0
WBGene00165571.,0,0,0
WBGene00165572.,0,0,0
WBGene00165573.,0,0,0
WBGene00165574.,0,0,0
WBGene00165575.,0,0,0
WBGene00165576.,0,0,0
WBGene00165577.,0,0,0
WBGene00165578.,0,0,0
WBGene00165579.,0,0,0
WBGene00165580.,0,0,0
WBGene00165581.,0,0,0
WBGene00165582.,0,0,0
WBGene00165583.,0,0,0
WBGene00165584.,0,0,0
WBGene00165585.,0,0,0
WBGene00165586.,0,0,0
WBGene00165587.,0,0,0
WBGene00165588.,0,0,0
WBGene00165589.,0,0,0
WBGene00165590.,0,0,0
WBGene00165591.,0,0,0
WBGene00165592.,0,0,0
WBGene00165593.,0,0,0
WBGene00165594.,0,0,0
WBGene00165595.,0,0,0
WBGene00165596.,0,0,0
WBGene00165597.,0,0,0
WBGene00165598.,0,0,0
WBGene00165599.,0,0,0
WBGene00165600.,0,0,0
WBGene00165601.,0,0,0
WBGene00165602.,0,0,0
WBGene00165603.,0,0,0
WBGene00165604.,0,0,0
WBGene00165605.,0,0,0
WBGene00165606.,0,0,0
WBGene00165607.,0,0,0
WBGene00165608.,0,0,0
WBGene00165609.,0,0,0
WBGene00165610.,0,0,0
WBGene00165611.,0,0,0
WBGene00165612.,0,0,0
WBGene00165613.,0,0,0
WBGene00165614.,0,0,0
WBGene00165615.,0,0,0
WBGene00165616.,0,0,0
WBGene00165617.,0,0,0
WBGene00165618.,0,0,0
WBGene00165619.,0,0,0
WBGene00165620.,0,0,0
WBGene00165621.,0,0,0
WBGene00165622.,0,0,0
WBGene00165623.,0,0,0
WBGene00165624.,0,0,0
WBGene00165625.,0,0,0
WBGene00165626.,0,0,0
WBGene00165627.,0,0,0
WBGene00165628.,0,0,0
WBGene00165629.,0,0,0
WBGene00165630.,0,0,0
WBGene00165631.,0,0,0
WBGene00165632.,0,0,0
WBGene00165633.,0,0,0
WBGene00165634.,0,0,0
WBGene00165635.,0,0,0
WBGene00165636.,0,0,0
WBGene00165637.,0,0,0
WBGene00165638.,0,0,0
WBGene00165639.,0,0,0
WBGene00165640.,0,0,0
WBGene00165641.,0,0,0
WBGene00165642.,0,0,0
WBGene00165643.,0,0,0
WBGene00165644.,0,0,0
WBGene00165645.,0,0,0
WBGene00165646.,0,0,0
WBGene00165647.,0,0,0
WBGene00165648.,0,0,0
WBGene00165649.,0,0,0
WBGene00165650.,0,0,0
WBGene00165651.,0,0,0
WBGene00165652.,0,0,0
WBGene00165653.,0,0,0
WBGene00165654.,0,0,0
WBGene00165655.,0,0,0
WBGene00165656.,0,0,0
WBGene00165657.,0,0,0
WBGene00165658.,0,0,0
WBGene00165659.,0,0,0
WBGene00165660.,0,0,0
WBGene00165661.,0,0,0
WBGene00165662.,0,0,0
WBGene00165663.,0,0,0
WBGene00165664.,0,0,0
WBGene00165665.,0,0,0
WBGene00165666.,0,0,0
WBGene00165667.,0,0,0
WBGene00165668.,0,0,0
WBGene00165669.,0,0,0
WBGene00165670.,0,0,0
WBGene00165671.,0,0,0
WBGene00165672.,0,0,0
WBGene00165673.,0,0,0
WBGene00165674.,0,0,0
WBGene00165675.,0,0,0
WBGene00165676.,0,0,0
WBGene00165677.,0,0,0
WBGene00165678.,0,0,0
WBGene00165679.,0,0,0
WBGene00165680.,0,0,0
WBGene00165681.,0,0,0
WBGene00165682.,0,0,0
WBGene00165683.,0,0,0
WBGene00165684.,0,0,0
WBGene00165685.,0,0,0
WBGene00165686.,0,0,0
WBGene00165687.,0,0,0
WBGene00165688.,0,0,0
WBGene00165689.,0,0,0
WBGene00165690.,0,0,0
WBGene00165691.,0,0,0
WBGene00165692.,0,0,0
WBGene00165693.,0,0,0
WBGene00165694.,0,0,0
WBGene00165695.,0,0,0
WBGene00165696.,0,0,0
WBGene00165697.,0,0,0
WBGene00165698.,0,0,0
WBGene00165699.,0,0,0
WBGene00165700.,0,0,0
WBGene00165701.,0,0,0
WBGene00165702.,0,0,0
WBGene00165703.,0,0,0
WBGene00165704.,0,0,0
WBGene00165705.,0,0,0
WBGene00165706.,0,0,0
WBGene00165707.,0,0,0
WBGene00165708.,0,0,0
WBGene00165709.,0,0,0
WBGene00165710.,0,0,0
WBGene00165711.,0,0,0
WBGene00165712.,0,0,0
WBGene00165713.,0,0,0
WBGene00165714.,0,0,0
WBGene00165715.,0,0,0
WBGene00165716.,0,0,0
WBGene00165717.,0,0,0
WBGene00165718.,0,0,0
WBGene00165719.,0,0,0
WBGene00165720.,0,0,0
WBGene00165721.,0,0,0
WBGene00165722.,0,0,0
WBGene00165723.,0,0,0
WBGene00165724.,0,0,0
WBGene00165725.,0,0,0
WBGene00165726.,0,0,0
WBGene00165727.,0,0,0
WBGene00165728.,0,0,0
WBGene00165729.,0,0,0
WBGene00165730.,0,0,0
WBGene00165731.,0,0,0
WBGene00165732.,0,0,0
WBGene00165733.,0,0,0
WBGene00165734.,0,0,0
WBGene00165735.,0,0,0
WBGene00165736.,0,0,0
WBGene00165737.,0,0,0
WBGene00165738.,0,0,0
WBGene00165739.,0,0,0
WBGene00165740.,0,0,0
WBGene00165741.,0,0,0
WBGene00165742.,0,0,0
WBGene00165743.,0,0,0
WBGene00165744.,0,0,0
WBGene00165745.,0,0,0
WBGene00165746.,0,0,0
WBGene00165747.,0,0,0
WBGene00165748.,0,0,0
WBGene00165749.,0,0,0
WBGene00165750.,0,0,0
WBGene00165751.,0,0,0
WBGene00165752.,0,0,0
WBGene00165753.,0,0,0
WBGene00165754.,0,0,0
WBGene00165755.,0,0,0
WBGene00165756.,0,0,0
WBGene00165757.,0,0,0
WBGene00165758.,0,0,0
WBGene00165759.,0,0,0
WBGene00165760.,0,0,0
WBGene00165761.,0,0,0
WBGene00165762.,0,0,0
WBGene00165763.,0,0,0
WBGene00165764.,0,0,0
WBGene00165765.,0,0,0
WBGene00165766.,0,0,0
WBGene00165767.,0,0,0
WBGene00165768.,0,0,0
WBGene00165769.,0,0,0
WBGene00165770.,0,0,0
WBGene00165771.,0,0,0
WBGene00165772.,0,0,0
WBGene00165773.,0,0,0
WBGene00165774.,0,0,0
WBGene00165775.,0,0,0
WBGene00165776.,0,0,0
WBGene00165777.,0,0,0
WBGene00165778.,0,0,0
WBGene00165779.,0,0,0
WBGene00165780.,0,0,0
WBGene00165781.,0,0,0
WBGene00165782.,0,0,0
WBGene00165783.,0,0,0
WBGene00165784.,0,0,0
WBGene00165785.,0,0,0
WBGene00165786.,0,0,0
WBGene00165787.,0,0,0
WBGene00165788.,0,0,0
WBGene00165789.,0,0,0
WBGene00165790.,0,0,0
WBGene00165791.,0,0,0
WBGene00165792.,0,0,0
WBGene00165793.,0,0,0
WBGene00165794.,0,0,0
WBGene00165795.,0,0,0
WBGene00165796.,0,0,0
WBGene00165797.,0,0,0
WBGene00165798.,0,0,0
WBGene00165799.,0,0,0
WBGene00165800.,0,0,0
WBGene00165801.,0,0,0
WBGene00165802.,0,0,0
WBGene00165803.,0,0,0
WBGene00165804.,0,0,0
WBGene00165805.,0,0,0
WBGene00165806.,0,0,0
WBGene00165807.,0,0,0
WBGene00165808.,0,0,0
WBGene00165809.,0,0,0
WBGene00165810.,0,0,0
WBGene00165811.,0,0,0
WBGene00165812.,0,0,0
WBGene00165813.,0,0,0
WBGene00165814.,0,0,0
WBGene00165815.,0,0,0
WBGene00165816.,0,0,0
WBGene00165817.,0,0,0
WBGene00165818.,0,0,0
WBGene00165819.,0,0,0
WBGene00165820.,0,0,0
WBGene00165821.,0,0,0
WBGene00165822.,0,0,0
WBGene00165823.,0,0,0
WBGene00165824.,0,0,0
WBGene00165825.,0,0,0
WBGene00165826.,0,0,0
WBGene00165827.,0,0,0
WBGene00165828.,0,0,0
WBGene00165829.,0,0,0
WBGene00165830.,0,0,0
WBGene00165831.,0,0,0
WBGene00165832.,0,0,0
WBGene00165833.,0,0,0
WBGene00165834.,0,0,0
WBGene00165835.,0,0,0
WBGene00165836.,0,0,0
WBGene00165837.,0,0,0
WBGene00165838.,0,0,0
WBGene00165839.,0,0,0
WBGene00165840.,0,0,0
WBGene00165841.,0,0,0
WBGene00165842.,0,0,0
WBGene00165843.,0,0,0
WBGene00165844.,0,0,0
WBGene00165845.,0,0,0
WBGene00165846.,0,0,0
WBGene00165847.,0,0,0
WBGene00165848.,0,0,0
WBGene00165849.,0,0,0
WBGene00165850.,0,0,0
WBGene00165851.,0,0,0
WBGene00165852.,0,0,0
WBGene00165853.,0,0,0
WBGene00165854.,0,0,0
WBGene00165855.,0,0,0
WBGene00165856.,0,0,0
WBGene00165857.,0,0,0
WBGene00165858.,0,0,0
WBGene00165859.,0,0,0
WBGene00165860.,0,0,0
WBGene00165861.,0,0,0
WBGene00165862.,0,0,0
WBGene00165863.,0,0,0
WBGene00165864.,0,0,0
WBGene00165865.,0,0,0
WBGene00165866.,0,0,0
WBGene00165867.,0,0,0
WBGene00165868.,0,0,0
WBGene00165869.,0,0,0
WBGene00165870.,0,0,0
WBGene00165871.,0,0,0
WBGene00165872.,0,0,0
WBGene00165873.,0,0,0
WBGene00165874.,0,0,0
WBGene00165875.,0,0,0
WBGene00165876.,0,0,0
WBGene00165877.,0,0,0
WBGene00165878.,0,0,0
WBGene00165879.,0,0,0
WBGene00165880.,0,0,0
WBGene00165881.,0,0,0
WBGene00165882.,0,0,0
WBGene00165883.,0,0,0
WBGene00165884.,0,0,0
WBGene00165885.,0,0,0
WBGene00165886.,0,0,0
WBGene00165887.,0,0,0
WBGene00165888.,0,0,0
WBGene00165889.,0,0,0
WBGene00165890.,0,0,0
WBGene00165891.,0,0,0
WBGene00165892.,0,0,0
WBGene00165893.,0,0,0
WBGene00165894.,0,0,0
WBGene00165895.,0,0,0
WBGene00165896.,0,0,0
WBGene00165897.,0,0,0
WBGene00165898.,0,0,0
WBGene00165899.,0,0,0
WBGene00165900.,0,0,0
WBGene00165901.,0,0,0
WBGene00165902.,0,0,0
WBGene00165903.,0,0,0
WBGene00165904.,0,0,0
WBGene00165905.,0,0,0
WBGene00165906.,0,0,0
WBGene00165907.,0,0,0
WBGene00165908.,0,0,0
WBGene00165909.,0,0,0
WBGene00165910.,0,0,0
WBGene00165911.,0,0,0
WBGene00165912.,0,0,0
WBGene00165913.,0,0,0
WBGene00165914.,0,0,0
WBGene00165915.,0,0,0
WBGene00165916.,0,0,0
WBGene00165917.,0,0,0
WBGene00165918.,0,0,0
WBGene00165919.,0,0,0
WBGene00165920.,0,0,0
WBGene00165921.,0,0,0
WBGene00165922.,0,0,0
WBGene00165923.,0,0,0
WBGene00165924.,0,0,0
WBGene00165925.,0,0,0
WBGene00165926.,0,0,0
WBGene00165927.,0,0,0
WBGene00165928.,0,0,0
WBGene00165929.,0,0,0
WBGene00165930.,0,0,0
WBGene00165931.,0,0,0
WBGene00165932.,0,0,0
WBGene00165933.,0,0,0
WBGene00165934.,0,0,0
WBGene00165935.,0,0,0
WBGene00165936.,0,0,0
WBGene00165937.,0,0,0
WBGene00165938.,0,0,0
WBGene00165939.,0,0,0
WBGene00165940.,0,0,0
WBGene00165941.,0,0,0
WBGene00165942.,0,0,0
WBGene00165943.,0,0,0
WBGene00165944.,0,0,0
WBGene00165945.,0,0,0
WBGene00165946.,0,0,0
WBGene00165947.,0,0,0
WBGene00165948.,0,0,0
WBGene00165949.,0,0,0
WBGene00165950.,0,0,0
WBGene00165951.,0,0,0
WBGene00165952.,0,0,0
WBGene00165953.,0,0,0
WBGene00165954.,0,0,0
WBGene00165955.,0,0,0
WBGene00165956.,0,0,0
WBGene00165957.,0,0,0
WBGene00165958.,0,0,0
WBGene00165959.,0,0,0
WBGene00165960.,0,0,0
WBGene00165961.,0,0,0
WBGene00165962.,0,0,0
WBGene00165963.,0,0,0
WBGene00165964.,0,0,0
WBGene00165965.,0,0,0
WBGene00165966.,0,0,0
WBGene00165967.,0,0,0
WBGene00165968.,0,0,0
WBGene00165969.,0,0,0
WBGene00165970.,0,0,0
WBGene00165971.,0,0,0
WBGene00165972.,0,0,0
WBGene00165973.,0,0,0
WBGene00165974.,0,0,0
WBGene00165975.,0,0,0
WBGene00165976.,0,0,0
WBGene00165977.,0,0,0
WBGene00165978.,0,0,0
WBGene00165979.,0,0,0
WBGene00165980.,0,0,0
WBGene00165981.,0,0,0
WBGene00165982.,0,0,0
WBGene00165983.,0,0,0
WBGene00165984.,0,0,0
WBGene00165985.,0,0,0
WBGene00165986.,0,0,0
WBGene00165987.,0,0,0
WBGene00165988.,0,0,0
WBGene00165989.,0,0,0
WBGene00165990.,0,0,0
WBGene00165991.,0,0,0
WBGene00165992.,0,0,0
WBGene00165993.,0,0,0
WBGene00165994.,0,0,0
WBGene00165995.,0,0,0
WBGene00165996.,0,0,0
WBGene00165997.,0,0,0
WBGene00165998.,0,0,0
WBGene00165999.,0,0,0
WBGene00166000.,0,0,0
WBGene00166001.,0,0,0
WBGene00166002.,0,0,0
WBGene00166003.,0,0,0
WBGene00166004.,0,0,0
WBGene00166005.,0,0,0
WBGene00166006.,0,0,0
WBGene00166007.,0,0,0
WBGene00166008.,0,0,0
WBGene00166009.,0,0,0
WBGene00166010.,0,0,0
WBGene00166011.,0,0,0
WBGene00166012.,0,0,0
WBGene00166013.,0,0,0
WBGene00166014.,0,0,0
WBGene00166015.,0,0,0
WBGene00166016.,0,0,0
WBGene00166017.,0,0,0
WBGene00166018.,0,0,0
WBGene00166019.,0,0,0
WBGene00166020.,0,0,0
WBGene00166021.,0,0,0
WBGene00166022.,0,0,0
WBGene00166023.,0,0,0
WBGene00166024.,0,0,0
WBGene00166025.,0,0,0
WBGene00166026.,0,0,0
WBGene00166027.,0,0,0
WBGene00166028.,0,0,0
WBGene00166029.,0,0,0
WBGene00166030.,0,0,0
WBGene00166031.,0,0,0
WBGene00166032.,0,0,0
WBGene00166033.,0,0,0
WBGene00166034.,0,0,0
WBGene00166035.,0,0,0
WBGene00166036.,0,0,0
WBGene00166037.,0,0,0
WBGene00166038.,0,0,0
WBGene00166039.,0,0,0
WBGene00166040.,0,0,0
WBGene00166041.,0,0,0
WBGene00166042.,0,0,0
WBGene00166043.,0,0,0
WBGene00166044.,0,0,0
WBGene00166045.,0,0,0
WBGene00166046.,0,0,0
WBGene00166047.,0,0,0
WBGene00166048.,0,0,0
WBGene00166049.,0,0,0
WBGene00166050.,0,0,0
WBGene00166051.,0,0,0
WBGene00166052.,0,0,0
WBGene00166053.,0,0,0
WBGene00166054.,0,0,0
WBGene00166055.,0,0,0
WBGene00166057.,0,0,0
WBGene00166058.,0,0,0
WBGene00166059.,0,0,0
WBGene00166060.,0,0,0
WBGene00166062.,0,0,0
WBGene00166063.,0,0,0
WBGene00166064.,0,0,0
WBGene00166065.,0,0,0
WBGene00166066.,0,0,0
WBGene00166067.,0,0,0
WBGene00166068.,0,0,0
WBGene00166069.,0,0,0
WBGene00166070.,0,0,0
WBGene00166071.,0,0,0
WBGene00166072.,0,0,0
WBGene00166073.,0,0,0
WBGene00166074.,0,0,0
WBGene00166075.,0,0,0
WBGene00166076.,0,0,0
WBGene00166077.,0,0,0
WBGene00166078.,0,0,0
WBGene00166079.,0,0,0
WBGene00166080.,0,0,0
WBGene00166081.,0,0,0
WBGene00166082.,0,0,0
WBGene00166083.,0,0,0
WBGene00166084.,0,0,0
WBGene00166085.,0,0,0
WBGene00166086.,0,0,0
WBGene00166087.,0,0,0
WBGene00166088.,0,0,0
WBGene00166089.,0,0,0
WBGene00166090.,0,0,0
WBGene00166091.,0,0,0
WBGene00166092.,0,0,0
WBGene00166093.,0,0,0
WBGene00166094.,0,0,0
WBGene00166095.,0,0,0
WBGene00166096.,0,0,0
WBGene00166097.,0,0,0
WBGene00166098.,0,0,0
WBGene00166099.,0,0,0
WBGene00166100.,0,0,0
WBGene00166101.,0,0,0
WBGene00166102.,0,0,0
WBGene00166103.,0,0,0
WBGene00166104.,0,0,0
WBGene00166105.,0,0,0
WBGene00166106.,0,0,0
WBGene00166107.,0,0,0
WBGene00166108.,0,0,0
WBGene00166109.,0,0,0
WBGene00166110.,0,0,0
WBGene00166111.,0,0,0
WBGene00166112.,0,0,0
WBGene00166113.,0,0,0
WBGene00166114.,0,0,0
WBGene00166115.,0,0,0
WBGene00166116.,0,0,0
WBGene00166117.,0,0,0
WBGene00166118.,0,0,0
WBGene00166119.,0,0,0
WBGene00166120.,0,0,0
WBGene00166121.,0,0,0
WBGene00166122.,0,0,0
WBGene00166123.,0,0,0
WBGene00166124.,0,0,0
WBGene00166125.,0,0,0
WBGene00166126.,0,0,0
WBGene00166127.,0,0,0
WBGene00166128.,0,0,0
WBGene00166129.,0,0,0
WBGene00166130.,0,0,0
WBGene00166131.,0,0,0
WBGene00166132.,0,0,0
WBGene00166133.,0,0,0
WBGene00166134.,0,0,0
WBGene00166135.,0,0,0
WBGene00166136.,0,0,0
WBGene00166137.,0,0,0
WBGene00166138.,0,0,0
WBGene00166139.,0,0,0
WBGene00166140.,0,0,0
WBGene00166141.,0,0,0
WBGene00166142.,0,0,0
WBGene00166143.,0,0,0
WBGene00166144.,0,0,0
WBGene00166145.,0,0,0
WBGene00166146.,0,0,0
WBGene00166147.,0,0,0
WBGene00166148.,0,0,0
WBGene00166149.,0,0,0
WBGene00166150.,0,0,0
WBGene00166151.,0,0,0
WBGene00166152.,0,0,0
WBGene00166153.,0,0,0
WBGene00166154.,0,0,0
WBGene00166155.,0,0,0
WBGene00166156.,0,0,0
WBGene00166157.,0,0,0
WBGene00166158.,0,0,0
WBGene00166159.,0,0,0
WBGene00166160.,0,0,0
WBGene00166161.,0,0,0
WBGene00166162.,0,0,0
WBGene00166163.,0,0,0
WBGene00166164.,0,0,0
WBGene00166165.,0,0,0
WBGene00166166.,0,0,0
WBGene00166167.,0,0,0
WBGene00166168.,0,0,0
WBGene00166169.,0,0,0
WBGene00166170.,0,0,0
WBGene00166171.,0,0,0
WBGene00166172.,0,0,0
WBGene00166173.,0,0,0
WBGene00166174.,0,0,0
WBGene00166175.,0,0,0
WBGene00166176.,0,0,0
WBGene00166177.,0,0,0
WBGene00166178.,0,0,0
WBGene00166179.,0,0,0
WBGene00166180.,0,0,0
WBGene00166181.,0,0,0
WBGene00166182.,0,0,0
WBGene00166183.,0,0,0
WBGene00166184.,0,0,0
WBGene00166185.,0,0,0
WBGene00166186.,0,0,0
WBGene00166187.,0,0,0
WBGene00166188.,0,0,0
WBGene00166189.,0,0,0
WBGene00166190.,0,0,0
WBGene00166191.,0,0,0
WBGene00166192.,0,0,0
WBGene00166193.,0,0,0
WBGene00166194.,0,0,0
WBGene00166195.,0,0,0
WBGene00166196.,0,0,0
WBGene00166197.,0,0,0
WBGene00166198.,0,0,0
WBGene00166199.,0,0,0
WBGene00166200.,0,0,0
WBGene00166201.,0,0,0
WBGene00166202.,0,0,0
WBGene00166203.,0,0,0
WBGene00166204.,0,0,0
WBGene00166205.,0,0,0
WBGene00166206.,0,0,0
WBGene00166207.,0,0,0
WBGene00166208.,0,0,0
WBGene00166209.,0,0,0
WBGene00166210.,0,0,0
WBGene00166211.,0,0,0
WBGene00166212.,0,0,0
WBGene00166213.,0,0,0
WBGene00166214.,0,0,0
WBGene00166215.,0,0,0
WBGene00166216.,0,0,0
WBGene00166217.,0,0,0
WBGene00166218.,0,0,0
WBGene00166219.,0,0,0
WBGene00166220.,0,0,0
WBGene00166221.,0,0,0
WBGene00166222.,0,0,0
WBGene00166223.,0,0,0
WBGene00166224.,0,0,0
WBGene00166225.,0,0,0
WBGene00166226.,0,0,0
WBGene00166227.,0,0,0
WBGene00166228.,0,0,0
WBGene00166229.,0,0,0
WBGene00166230.,0,0,0
WBGene00166231.,0,0,0
WBGene00166232.,0,0,0
WBGene00166233.,0,0,0
WBGene00166234.,0,0,0
WBGene00166235.,0,0,0
WBGene00166236.,0,0,0
WBGene00166237.,0,0,0
WBGene00166238.,0,0,0
WBGene00166239.,0,0,0
WBGene00166240.,0,0,0
WBGene00166241.,0,0,0
WBGene00166242.,0,0,0
WBGene00166243.,0,0,0
WBGene00166244.,0,0,0
WBGene00166245.,0,0,0
WBGene00166246.,0,0,0
WBGene00166247.,0,0,0
WBGene00166248.,0,0,0
WBGene00166249.,0,0,0
WBGene00166250.,0,0,0
WBGene00166251.,0,0,0
WBGene00166252.,0,0,0
WBGene00166253.,0,0,0
WBGene00166254.,0,0,0
WBGene00166255.,0,0,0
WBGene00166256.,0,0,0
WBGene00166257.,0,0,0
WBGene00166258.,0,0,0
WBGene00166259.,0,0,0
WBGene00166260.,0,0,0
WBGene00166261.,0,0,0
WBGene00166262.,0,0,0
WBGene00166263.,0,0,0
WBGene00166264.,0,0,0
WBGene00166265.,0,0,0
WBGene00166266.,0,0,0
WBGene00166267.,0,0,0
WBGene00166268.,0,0,0
WBGene00166269.,0,0,0
WBGene00166270.,0,0,0
WBGene00166271.,0,0,0
WBGene00166272.,0,0,0
WBGene00166273.,0,0,0
WBGene00166274.,0,0,0
WBGene00166275.,0,0,0
WBGene00166276.,0,0,0
WBGene00166277.,0,0,0
WBGene00166278.,0,0,0
WBGene00166279.,0,0,0
WBGene00166280.,0,0,0
WBGene00166281.,0,0,0
WBGene00166282.,0,0,0
WBGene00166283.,0,0,0
WBGene00166284.,0,0,0
WBGene00166285.,0,0,0
WBGene00166286.,0,0,0
WBGene00166287.,0,0,0
WBGene00166288.,0,0,0
WBGene00166289.,0,0,0
WBGene00166290.,0,0,0
WBGene00166291.,0,0,0
WBGene00166292.,0,0,0
WBGene00166293.,0,0,0
WBGene00166294.,0,0,0
WBGene00166295.,0,0,0
WBGene00166296.,0,0,0
WBGene00166297.,0,0,0
WBGene00166298.,0,0,0
WBGene00166299.,0,0,0
WBGene00166300.,0,0,0
WBGene00166301.,0,0,0
WBGene00166302.,0,0,0
WBGene00166303.,0,0,0
WBGene00166304.,0,0,0
WBGene00166305.,0,0,0
WBGene00166306.,0,0,0
WBGene00166307.,0,0,0
WBGene00166308.,0,0,0
WBGene00166309.,0,0,0
WBGene00166310.,0,0,0
WBGene00166311.,0,0,0
WBGene00166312.,0,0,0
WBGene00166313.,0,0,0
WBGene00166314.,0,0,0
WBGene00166315.,0,0,0
WBGene00166316.,0,0,0
WBGene00166317.,0,0,0
WBGene00166318.,0,0,0
WBGene00166319.,0,0,0
WBGene00166320.,0,0,0
WBGene00166321.,0,0,0
WBGene00166322.,0,0,0
WBGene00166323.,0,0,0
WBGene00166324.,0,0,0
WBGene00166325.,0,0,0
WBGene00166326.,0,0,0
WBGene00166327.,0,0,0
WBGene00166328.,0,0,0
WBGene00166329.,0,0,0
WBGene00166330.,0,0,0
WBGene00166331.,0,0,0
WBGene00166332.,0,0,0
WBGene00166333.,0,0,0
WBGene00166334.,0,0,0
WBGene00166335.,0,0,0
WBGene00166336.,0,0,0
WBGene00166337.,0,0,0
WBGene00166338.,0,0,0
WBGene00166339.,0,0,0
WBGene00166340.,0,0,0
WBGene00166341.,0,0,0
WBGene00166342.,0,0,0
WBGene00166343.,0,0,0
WBGene00166344.,0,0,0
WBGene00166345.,0,0,0
WBGene00166346.,0,0,0
WBGene00166347.,0,0,0
WBGene00166348.,0,0,0
WBGene00166349.,0,0,0
WBGene00166350.,0,0,0
WBGene00166351.,0,0,0
WBGene00166352.,0,0,0
WBGene00166353.,0,0,0
WBGene00166354.,0,0,0
WBGene00166355.,0,0,0
WBGene00166356.,0,0,0
WBGene00166357.,0,0,0
WBGene00166358.,0,0,0
WBGene00166359.,0,0,0
WBGene00166360.,0,0,0
WBGene00166361.,0,0,0
WBGene00166362.,0,0,0
WBGene00166363.,0,0,0
WBGene00166364.,0,0,0
WBGene00166365.,0,0,0
WBGene00166366.,0,0,0
WBGene00166367.,0,0,0
WBGene00166368.,0,0,0
WBGene00166369.,0,0,0
WBGene00166370.,0,0,0
WBGene00166371.,0,0,0
WBGene00166372.,0,0,0
WBGene00166373.,0,0,0
WBGene00166374.,0,0,0
WBGene00166375.,0,0,0
WBGene00166376.,0,0,0
WBGene00166377.,0,0,0
WBGene00166378.,0,0,0
WBGene00166379.,0,0,0
WBGene00166380.,0,0,0
WBGene00166381.,0,0,0
WBGene00166382.,0,0,0
WBGene00166383.,0,0,0
WBGene00166384.,0,0,0
WBGene00166385.,0,0,0
WBGene00166386.,0,0,0
WBGene00166387.,0,0,0
WBGene00166388.,0,0,0
WBGene00166389.,0,0,0
WBGene00166390.,0,0,0
WBGene00166391.,0,0,0
WBGene00166392.,0,0,0
WBGene00166393.,0,0,0
WBGene00166394.,0,0,0
WBGene00166395.,0,0,0
WBGene00166396.,0,0,0
WBGene00166397.,0,0,0
WBGene00166398.,0,0,0
WBGene00166399.,0,0,0
WBGene00166400.,0,0,0
WBGene00166401.,0,0,0
WBGene00166402.,0,0,0
WBGene00166403.,0,0,0
WBGene00166404.,0,0,0
WBGene00166405.,0,0,0
WBGene00166406.,0,0,0
WBGene00166407.,0,0,0
WBGene00166408.,0,0,0
WBGene00166409.,0,0,0
WBGene00166410.,0,0,0
WBGene00166411.,0,0,0
WBGene00166412.,0,0,0
WBGene00166413.,0,0,0
WBGene00166414.,0,0,0
WBGene00166415.,0,0,0
WBGene00166416.,0,0,0
WBGene00166417.,0,0,0
WBGene00166418.,0,0,0
WBGene00166419.,0,0,0
WBGene00166420.,0,0,0
WBGene00166421.,0,0,0
WBGene00166422.,0,0,0
WBGene00166423.,0,0,0
WBGene00166424.,0,0,0
WBGene00166425.,0,0,0
WBGene00166426.,0,0,0
WBGene00166427.,0,0,0
WBGene00166428.,0,0,0
WBGene00166429.,0,0,0
WBGene00166430.,0,0,0
WBGene00166431.,0,0,0
WBGene00166432.,0,0,0
WBGene00166433.,0,0,0
WBGene00166434.,0,0,0
WBGene00166435.,0,0,0
WBGene00166436.,0,0,0
WBGene00166437.,0,0,0
WBGene00166438.,0,0,0
WBGene00166439.,0,0,0
WBGene00166440.,0,0,0
WBGene00166441.,0,0,0
WBGene00166442.,0,0,0
WBGene00166443.,0,0,0
WBGene00166444.,0,0,0
WBGene00166445.,0,0,0
WBGene00166446.,0,0,0
WBGene00166447.,0,0,0
WBGene00166448.,0,0,0
WBGene00166449.,0,0,0
WBGene00166450.,0,0,0
WBGene00166451.,0,0,0
WBGene00166452.,0,0,0
WBGene00166453.,0,0,0
WBGene00166454.,0,0,0
WBGene00166455.,0,0,0
WBGene00166456.,0,0,0
WBGene00166457.,0,0,0
WBGene00166458.,0,0,0
WBGene00166459.,0,0,0
WBGene00166460.,0,0,0
WBGene00166461.,0,0,0
WBGene00166462.,0,0,0
WBGene00166463.,0,0,0
WBGene00166464.,0,0,0
WBGene00166465.,0,0,0
WBGene00166466.,0,0,0
WBGene00166467.,0,0,0
WBGene00166468.,0,0,0
WBGene00166469.,0,0,0
WBGene00166470.,0,0,0
WBGene00166471.,0,0,0
WBGene00166472.,0,0,0
WBGene00166473.,0,0,0
WBGene00166474.,0,0,0
WBGene00166475.,0,0,0
WBGene00166476.,0,0,0
WBGene00166477.,0,0,0
WBGene00166478.,0,0,0
WBGene00166479.,0,0,0
WBGene00166480.,0,0,0
WBGene00166481.,0,0,0
WBGene00166482.,0,0,0
WBGene00166483.,0,0,0
WBGene00166484.,0,0,0
WBGene00166485.,0,0,0
WBGene00166486.,0,0,0
WBGene00166487.,0,0,0
WBGene00166488.,0,0,0
WBGene00166489.,0,0,0
WBGene00166490.,0,0,0
WBGene00166491.,0,0,0
WBGene00166492.,0,0,0
WBGene00166493.,0,0,0
WBGene00166494.,0,0,0
WBGene00166495.,0,0,0
WBGene00166496.,0,0,0
WBGene00166497.,0,0,0
WBGene00166498.,0,0,0
WBGene00166499.,0,0,0
WBGene00166500.,0,0,0
WBGene00166501.,0,0,0
WBGene00166502.,0,0,0
WBGene00166503.,0,0,0
WBGene00166504.,0,0,0
WBGene00166505.,0,0,0
WBGene00166506.,0,0,0
WBGene00166507.,0,0,0
WBGene00166508.,0,0,0
WBGene00166509.,0,0,0
WBGene00166510.,0,0,0
WBGene00166511.,0,0,0
WBGene00166512.,0,0,0
WBGene00166513.,0,0,0
WBGene00166514.,0,0,0
WBGene00166515.,0,0,0
WBGene00166516.,0,0,0
WBGene00166517.,0,0,0
WBGene00166518.,0,0,0
WBGene00166519.,0,0,0
WBGene00166520.,0,0,0
WBGene00166521.,0,0,0
WBGene00166522.,0,0,0
WBGene00166523.,0,0,0
WBGene00166524.,0,0,0
WBGene00166525.,0,0,0
WBGene00166526.,0,0,0
WBGene00166527.,0,0,0
WBGene00166528.,0,0,0
WBGene00166529.,0,0,0
WBGene00166530.,0,0,0
WBGene00166531.,0,0,0
WBGene00166532.,0,0,0
WBGene00166533.,0,0,0
WBGene00166534.,0,0,0
WBGene00166535.,0,0,0
WBGene00166536.,0,0,0
WBGene00166537.,0,0,0
WBGene00166538.,0,0,0
WBGene00166539.,0,0,0
WBGene00166540.,0,0,0
WBGene00166541.,0,0,0
WBGene00166542.,0,0,0
WBGene00166543.,0,0,0
WBGene00166544.,0,0,0
WBGene00166545.,0,0,0
WBGene00166546.,0,0,0
WBGene00166547.,0,0,0
WBGene00166548.,0,0,0
WBGene00166549.,0,0,0
WBGene00166550.,0,0,0
WBGene00166551.,0,0,0
WBGene00166552.,0,0,0
WBGene00166553.,0,0,0
WBGene00166554.,0,0,0
WBGene00166555.,0,0,0
WBGene00166556.,0,0,0
WBGene00166557.,0,0,0
WBGene00166558.,0,0,0
WBGene00166559.,0,0,0
WBGene00166560.,0,0,0
WBGene00166561.,0,0,0
WBGene00166562.,0,0,0
WBGene00166563.,0,0,0
WBGene00166564.,0,0,0
WBGene00166565.,0,0,0
WBGene00166566.,0,0,0
WBGene00166567.,0,0,0
WBGene00166568.,0,0,0
WBGene00166569.,0,0,0
WBGene00166570.,0,0,0
WBGene00166571.,0,0,0
WBGene00166572.,0,0,0
WBGene00166573.,0,0,0
WBGene00166574.,0,0,0
WBGene00166575.,0,0,0
WBGene00166576.,0,0,0
WBGene00166577.,0,0,0
WBGene00166578.,0,0,0
WBGene00166579.,0,0,0
WBGene00166580.,0,0,0
WBGene00166581.,0,0,0
WBGene00166582.,0,0,0
WBGene00166583.,0,0,0
WBGene00166584.,0,0,0
WBGene00166585.,0,0,0
WBGene00166586.,0,0,0
WBGene00166587.,0,0,0
WBGene00166588.,0,0,0
WBGene00166589.,0,0,0
WBGene00166590.,0,0,0
WBGene00166591.,0,0,0
WBGene00166592.,0,0,0
WBGene00166593.,0,0,0
WBGene00166594.,0,0,0
WBGene00166595.,0,0,0
WBGene00166596.,0,0,0
WBGene00166597.,0,0,0
WBGene00166598.,0,0,0
WBGene00166599.,0,0,0
WBGene00166600.,0,0,0
WBGene00166601.,0,0,0
WBGene00166602.,0,0,0
WBGene00166603.,0,0,0
WBGene00166604.,0,0,0
WBGene00166605.,0,0,0
WBGene00166606.,0,0,0
WBGene00166607.,0,0,0
WBGene00166608.,0,0,0
WBGene00166609.,0,0,0
WBGene00166610.,0,0,0
WBGene00166611.,0,0,0
WBGene00166612.,0,0,0
WBGene00166613.,0,0,0
WBGene00166614.,0,0,0
WBGene00166615.,0,0,0
WBGene00166616.,0,0,0
WBGene00166617.,0,0,0
WBGene00166618.,0,0,0
WBGene00166619.,0,0,0
WBGene00166620.,0,0,0
WBGene00166621.,0,0,0
WBGene00166622.,0,0,0
WBGene00166623.,0,0,0
WBGene00166624.,0,0,0
WBGene00166625.,0,0,0
WBGene00166626.,0,0,0
WBGene00166627.,0,0,0
WBGene00166628.,0,0,0
WBGene00166629.,0,0,0
WBGene00166630.,0,0,0
WBGene00166631.,0,0,0
WBGene00166632.,0,0,0
WBGene00166633.,0,0,0
WBGene00166634.,0,0,0
WBGene00166635.,0,0,0
WBGene00166636.,0,0,0
WBGene00166637.,0,0,0
WBGene00166638.,0,0,0
WBGene00166639.,0,0,0
WBGene00166640.,0,0,0
WBGene00166641.,0,0,0
WBGene00166642.,0,0,0
WBGene00166643.,0,0,0
WBGene00166644.,0,0,0
WBGene00166645.,0,0,0
WBGene00166646.,0,0,0
WBGene00166647.,0,0,0
WBGene00166648.,0,0,0
WBGene00166649.,0,0,0
WBGene00166650.,0,0,0
WBGene00166651.,0,0,0
WBGene00166652.,0,0,0
WBGene00166653.,0,0,0
WBGene00166654.,0,0,0
WBGene00166655.,0,0,0
WBGene00166656.,0,0,0
WBGene00166657.,0,0,0
WBGene00166658.,0,0,0
WBGene00166659.,0,0,0
WBGene00166660.,0,0,0
WBGene00166661.,0,0,0
WBGene00166662.,0,0,0
WBGene00166663.,0,0,0
WBGene00166664.,0,0,0
WBGene00166665.,0,0,0
WBGene00166666.,0,0,0
WBGene00166667.,0,0,0
WBGene00166668.,0,0,0
WBGene00166669.,0,0,0
WBGene00166670.,0,0,0
WBGene00166671.,0,0,0
WBGene00166672.,0,0,0
WBGene00166673.,0,0,0
WBGene00166674.,0,0,0
WBGene00166675.,0,0,0
WBGene00166676.,0,0,0
WBGene00166677.,0,0,0
WBGene00166678.,0,0,0
WBGene00166679.,0,0,0
WBGene00166680.,0,0,0
WBGene00166681.,0,0,0
WBGene00166682.,0,0,0
WBGene00166683.,0,0,0
WBGene00166684.,0,0,0
WBGene00166685.,0,0,0
WBGene00166686.,0,0,0
WBGene00166687.,0,0,0
WBGene00166688.,0,0,0
WBGene00166689.,0,0,0
WBGene00166690.,0,0,0
WBGene00166691.,0,0,0
WBGene00166692.,0,0,0
WBGene00166693.,0,0,0
WBGene00166694.,0,0,0
WBGene00166695.,0,0,0
WBGene00166696.,0,0,0
WBGene00166697.,0,0,0
WBGene00166698.,0,0,0
WBGene00166699.,0,0,0
WBGene00166700.,0,0,0
WBGene00166701.,0,0,0
WBGene00166702.,0,0,0
WBGene00166703.,0,0,0
WBGene00166704.,0,0,0
WBGene00166705.,0,0,0
WBGene00166706.,0,0,0
WBGene00166707.,0,0,0
WBGene00166708.,0,0,0
WBGene00166709.,0,0,0
WBGene00166710.,0,0,0
WBGene00166711.,0,0,0
WBGene00166712.,0,0,0
WBGene00166713.,0,0,0
WBGene00166714.,0,0,0
WBGene00166715.,0,0,0
WBGene00166716.,0,0,0
WBGene00166717.,0,0,0
WBGene00166718.,0,0,0
WBGene00166719.,0,0,0
WBGene00166720.,0,0,0
WBGene00166721.,0,0,0
WBGene00166722.,0,0,0
WBGene00166723.,0,0,0
WBGene00166724.,0,0,0
WBGene00166725.,0,0,0
WBGene00166726.,0,0,0
WBGene00166727.,0,0,0
WBGene00166728.,0,0,0
WBGene00166729.,0,0,0
WBGene00166730.,0,0,0
WBGene00166731.,0,0,0
WBGene00166732.,0,0,0
WBGene00166733.,0,0,0
WBGene00166734.,0,0,0
WBGene00166735.,0,0,0
WBGene00166736.,0,0,0
WBGene00166737.,0,0,0
WBGene00166738.,0,0,0
WBGene00166739.,0,0,0
WBGene00166740.,0,0,0
WBGene00166741.,0,0,0
WBGene00166742.,0,0,0
WBGene00166743.,0,0,0
WBGene00166744.,0,0,0
WBGene00166745.,0,0,0
WBGene00166746.,0,0,0
WBGene00166747.,0,0,0
WBGene00166748.,0,0,0
WBGene00166749.,0,0,0
WBGene00166750.,0,0,0
WBGene00166751.,0,0,0
WBGene00166752.,0,0,0
WBGene00166753.,0,0,0
WBGene00166754.,0,0,0
WBGene00166755.,0,0,0
WBGene00166756.,0,0,0
WBGene00166757.,0,0,0
WBGene00166758.,0,0,0
WBGene00166759.,0,0,0
WBGene00166760.,0,0,0
WBGene00166761.,0,0,0
WBGene00166762.,0,0,0
WBGene00166763.,0,0,0
WBGene00166764.,0,0,0
WBGene00166765.,0,0,0
WBGene00166766.,0,0,0
WBGene00166767.,0,0,0
WBGene00166768.,0,0,0
WBGene00166769.,0,0,0
WBGene00166770.,0,0,0
WBGene00166771.,0,0,0
WBGene00166772.,0,0,0
WBGene00166773.,0,0,0
WBGene00166774.,0,0,0
WBGene00166775.,0,0,0
WBGene00166776.,0,0,0
WBGene00166777.,0,0,0
WBGene00166778.,0,0,0
WBGene00166779.,0,0,0
WBGene00166780.,0,0,0
WBGene00166781.,0,0,0
WBGene00166782.,0,0,0
WBGene00166783.,0,0,0
WBGene00166784.,0,0,0
WBGene00166785.,0,0,0
WBGene00166786.,0,0,0
WBGene00166787.,0,0,0
WBGene00166788.,0,0,0
WBGene00166789.,0,0,0
WBGene00166790.,0,0,0
WBGene00166791.,0,0,0
WBGene00166792.,0,0,0
WBGene00166793.,0,0,0
WBGene00166794.,0,0,0
WBGene00166795.,0,0,0
WBGene00166796.,0,0,0
WBGene00166797.,0,0,0
WBGene00166798.,0,0,0
WBGene00166799.,0,0,0
WBGene00166800.,0,0,0
WBGene00166801.,0,0,0
WBGene00166802.,0,0,0
WBGene00166803.,0,0,0
WBGene00166804.,0,0,0
WBGene00166805.,0,0,0
WBGene00166806.,0,0,0
WBGene00166807.,0,0,0
WBGene00166808.,0,0,0
WBGene00166809.,0,0,0
WBGene00166810.,0,0,0
WBGene00166811.,0,0,0
WBGene00166812.,0,0,0
WBGene00166813.,0,0,0
WBGene00166814.,0,0,0
WBGene00166815.,0,0,0
WBGene00166816.,0,0,0
WBGene00166817.,0,0,0
WBGene00166819.,0,0,0
WBGene00166820.,0,0,0
WBGene00166821.,0,0,0
WBGene00166822.,0,0,0
WBGene00166823.,0,0,0
WBGene00166824.,0,0,0
WBGene00166825.,0,0,0
WBGene00166826.,0,0,0
WBGene00166827.,0,0,0
WBGene00166828.,0,0,0
WBGene00166829.,0,0,0
WBGene00166830.,0,0,0
WBGene00166831.,0,0,0
WBGene00166832.,0,0,0
WBGene00166833.,0,0,0
WBGene00166834.,0,0,0
WBGene00166835.,0,0,0
WBGene00166836.,0,0,0
WBGene00166837.,0,0,0
WBGene00166838.,0,0,0
WBGene00166839.,0,0,0
WBGene00166840.,0,0,0
WBGene00166841.,0,0,0
WBGene00166842.,0,0,0
WBGene00166843.,0,0,0
WBGene00166844.,0,0,0
WBGene00166845.,0,0,0
WBGene00166846.,0,0,0
WBGene00166847.,0,0,0
WBGene00166848.,0,0,0
WBGene00166849.,0,0,0
WBGene00166850.,0,0,0
WBGene00166851.,0,0,0
WBGene00166852.,0,0,0
WBGene00166853.,0,0,0
WBGene00166854.,0,0,0
WBGene00166855.,0,0,0
WBGene00166856.,0,0,0
WBGene00166857.,0,0,0
WBGene00166858.,0,0,0
WBGene00166859.,0,0,0
WBGene00166860.,0,0,0
WBGene00166861.,0,0,0
WBGene00166862.,0,0,0
WBGene00166863.,0,0,0
WBGene00166864.,0,0,0
WBGene00166865.,0,0,0
WBGene00166866.,0,0,0
WBGene00166867.,0,0,0
WBGene00166868.,0,0,0
WBGene00166869.,0,0,0
WBGene00166870.,0,0,0
WBGene00166871.,0,0,0
WBGene00166872.,0,0,0
WBGene00166873.,0,0,0
WBGene00166874.,0,0,0
WBGene00166875.,0,0,0
WBGene00166876.,0,0,0
WBGene00166877.,0,0,0
WBGene00166878.,0,0,0
WBGene00166879.,0,0,0
WBGene00166880.,0,0,0
WBGene00166881.,0,0,0
WBGene00166882.,0,0,0
WBGene00166883.,0,0,0
WBGene00166884.,0,0,0
WBGene00166885.,0,0,0
WBGene00166886.,0,0,0
WBGene00166887.,0,0,0
WBGene00166888.,0,0,0
WBGene00166889.,0,0,0
WBGene00166890.,0,0,0
WBGene00166891.,0,0,0
WBGene00166892.,0,0,0
WBGene00166893.,0,0,0
WBGene00166894.,0,0,0
WBGene00166895.,0,0,0
WBGene00166896.,0,0,0
WBGene00166897.,0,0,0
WBGene00166898.,0,0,0
WBGene00166899.,0,0,0
WBGene00166900.,0,0,0
WBGene00166901.,0,0,0
WBGene00166902.,0,0,0
WBGene00166903.,0,0,0
WBGene00166904.,0,0,0
WBGene00166905.,0,0,0
WBGene00166906.,0,0,0
WBGene00166907.,0,0,0
WBGene00166908.,0,0,0
WBGene00166909.,0,0,0
WBGene00166910.,0,0,0
WBGene00166911.,0,0,0
WBGene00166912.,0,0,0
WBGene00166913.,0,0,0
WBGene00166914.,0,0,0
WBGene00166915.,0,0,0
WBGene00166916.,0,0,0
WBGene00166917.,0,0,0
WBGene00166918.,0,0,0
WBGene00166919.,0,0,0
WBGene00166920.,0,0,0
WBGene00166921.,0,0,0
WBGene00166922.,0,0,0
WBGene00166923.,0,0,0
WBGene00166924.,0,0,0
WBGene00166925.,0,0,0
WBGene00166926.,0,0,0
WBGene00166927.,0,0,0
WBGene00166928.,0,0,0
WBGene00166929.,0,0,0
WBGene00166930.,0,0,0
WBGene00166931.,0,0,0
WBGene00166932.,0,0,0
WBGene00166933.,0,0,0
WBGene00166934.,0,0,0
WBGene00166935.,0,0,0
WBGene00166936.,0,0,0
WBGene00166937.,0,0,0
WBGene00166938.,0,0,0
WBGene00166939.,0,0,0
WBGene00166940.,0,0,0
WBGene00166941.,0,0,0
WBGene00166942.,0,0,0
WBGene00166943.,0,0,0
WBGene00166944.,0,0,0
WBGene00166945.,0,0,0
WBGene00166946.,0,0,0
WBGene00166947.,0,0,0
WBGene00166948.,0,0,0
WBGene00166949.,0,0,0
WBGene00166950.,0,0,0
WBGene00166951.,0,0,0
WBGene00166952.,0,0,0
WBGene00166953.,0,0,0
WBGene00166954.,0,0,0
WBGene00166955.,0,0,0
WBGene00166956.,0,0,0
WBGene00166957.,0,0,0
WBGene00166958.,0,0,0
WBGene00166959.,0,0,0
WBGene00166960.,0,0,0
WBGene00166961.,0,0,0
WBGene00166962.,0,0,0
WBGene00166963.,0,0,0
WBGene00166964.,0,0,0
WBGene00166965.,0,0,0
WBGene00166966.,0,0,0
WBGene00166967.,0,0,0
WBGene00166968.,0,0,0
WBGene00166969.,0,0,0
WBGene00166970.,0,0,0
WBGene00166971.,0,0,0
WBGene00166972.,0,0,0
WBGene00166973.,0,0,0
WBGene00166974.,0,0,0
WBGene00166975.,0,0,0
WBGene00166976.,0,0,0
WBGene00166977.,0,0,0
WBGene00166978.,0,0,0
WBGene00166979.,0,0,0
WBGene00166980.,0,0,0
WBGene00166981.,0,0,0
WBGene00166982.,0,0,0
WBGene00166983.,0,0,0
WBGene00166984.,0,0,0
WBGene00166985.,0,0,0
WBGene00166986.,0,0,0
WBGene00166987.,0,0,0
WBGene00166988.,0,0,0
WBGene00166989.,0,0,0
WBGene00166990.,0,0,0
WBGene00166991.,0,0,0
WBGene00166992.,0,0,0
WBGene00166993.,0,0,0
WBGene00166994.,0,0,0
WBGene00166995.,0,0,0
WBGene00166996.,0,0,0
WBGene00166997.,0,0,0
WBGene00166998.,0,0,0
WBGene00166999.,0,0,0
WBGene00167000.,0,0,0
WBGene00167001.,0,0,0
WBGene00167002.,0,0,0
WBGene00167003.,0,0,0
WBGene00167004.,0,0,0
WBGene00167005.,0,0,0
WBGene00167006.,0,0,0
WBGene00167007.,0,0,0
WBGene00167008.,0,0,0
WBGene00167009.,0,0,0
WBGene00167010.,0,0,0
WBGene00167011.,0,0,0
WBGene00167012.,0,0,0
WBGene00167013.,0,0,0
WBGene00167014.,0,0,0
WBGene00167015.,0,0,0
WBGene00167016.,0,0,0
WBGene00167017.,0,0,0
WBGene00167018.,0,0,0
WBGene00167019.,0,0,0
WBGene00167020.,0,0,0
WBGene00167021.,0,0,0
WBGene00167022.,0,0,0
WBGene00167023.,0,0,0
WBGene00167024.,0,0,0
WBGene00167025.,0,0,0
WBGene00167026.,0,0,0
WBGene00167027.,0,0,0
WBGene00167028.,0,0,0
WBGene00167029.,0,0,0
WBGene00167030.,0,0,0
WBGene00167031.,0,0,0
WBGene00167032.,0,0,0
WBGene00167033.,0,0,0
WBGene00167034.,0,0,0
WBGene00167035.,0,0,0
WBGene00167036.,0,0,0
WBGene00167037.,0,0,0
WBGene00167038.,0,0,0
WBGene00167039.,0,0,0
WBGene00167040.,0,0,0
WBGene00167041.,0,0,0
WBGene00167042.,0,0,0
WBGene00167043.,0,0,0
WBGene00167044.,0,0,0
WBGene00167045.,0,0,0
WBGene00167046.,0,0,0
WBGene00167047.,0,0,0
WBGene00167048.,0,0,0
WBGene00167049.,0,0,0
WBGene00167050.,0,0,0
WBGene00167051.,0,0,0
WBGene00167052.,0,0,0
WBGene00167053.,0,0,0
WBGene00167054.,0,0,0
WBGene00167055.,0,0,0
WBGene00167056.,0,0,0
WBGene00167057.,0,0,0
WBGene00167058.,0,0,0
WBGene00167059.,0,0,0
WBGene00167060.,0,0,0
WBGene00167061.,0,0,0
WBGene00167062.,0,0,0
WBGene00167063.,0,0,0
WBGene00167064.,0,0,0
WBGene00167065.,0,0,0
WBGene00167066.,0,0,0
WBGene00167067.,0,0,0
WBGene00167068.,0,0,0
WBGene00167069.,0,0,0
WBGene00167070.,0,0,0
WBGene00167071.,0,0,0
WBGene00167072.,0,0,0
WBGene00167073.,0,0,0
WBGene00167074.,0,0,0
WBGene00167075.,0,0,0
WBGene00167076.,0,0,0
WBGene00167077.,0,0,0
WBGene00167078.,0,0,0
WBGene00167079.,0,0,0
WBGene00167080.,0,0,0
WBGene00167081.,0,0,0
WBGene00167082.,0,0,0
WBGene00167083.,0,0,0
WBGene00167084.,0,0,0
WBGene00167085.,0,0,0
WBGene00167086.,0,0,0
WBGene00167087.,0,0,0
WBGene00167088.,0,0,0
WBGene00167089.,0,0,0
WBGene00167090.,0,0,0
WBGene00167091.,0,0,0
WBGene00167092.,0,0,0
WBGene00167093.,0,0,0
WBGene00167094.,0,0,0
WBGene00167095.,0,0,0
WBGene00167096.,0,0,0
WBGene00167097.,0,0,0
WBGene00167098.,0,0,0
WBGene00167099.,0,0,0
WBGene00167100.,0,0,0
WBGene00167101.,0,0,0
WBGene00167102.,0,0,0
WBGene00167103.,0,0,0
WBGene00167104.,0,0,0
WBGene00167105.,0,0,0
WBGene00167106.,0,0,0
WBGene00167107.,0,0,0
WBGene00167108.,0,0,0
WBGene00167109.,0,0,0
WBGene00167110.,0,0,0
WBGene00167111.,0,0,0
WBGene00167112.,0,0,0
WBGene00167113.,0,0,0
WBGene00167114.,0,0,0
WBGene00167115.,0,0,0
WBGene00167116.,0,0,0
WBGene00167117.,0,0,0
WBGene00167118.,0,0,0
WBGene00167119.,0,0,0
WBGene00167120.,0,0,0
WBGene00167121.,0,0,0
WBGene00167122.,0,0,0
WBGene00167123.,0,0,0
WBGene00167124.,0,0,0
WBGene00167125.,0,0,0
WBGene00167126.,0,0,0
WBGene00167127.,0,0,0
WBGene00167128.,0,0,0
WBGene00167129.,0,0,0
WBGene00167130.,0,0,0
WBGene00167131.,0,0,0
WBGene00167132.,0,0,0
WBGene00167133.,0,0,0
WBGene00167134.,0,0,0
WBGene00167135.,0,0,0
WBGene00167136.,0,0,0
WBGene00167137.,0,0,0
WBGene00167138.,0,0,0
WBGene00167139.,0,0,0
WBGene00167140.,0,0,0
WBGene00167141.,0,0,0
WBGene00167142.,0,0,0
WBGene00167143.,0,0,0
WBGene00167144.,0,0,0
WBGene00167145.,0,0,0
WBGene00167146.,0,0,0
WBGene00167147.,0,0,0
WBGene00167148.,0,0,0
WBGene00167149.,0,0,0
WBGene00167150.,0,0,0
WBGene00167151.,0,0,0
WBGene00167152.,0,0,0
WBGene00167153.,0,0,0
WBGene00167154.,0,0,0
WBGene00167155.,0,0,0
WBGene00167156.,0,0,0
WBGene00167157.,0,0,0
WBGene00167158.,0,0,0
WBGene00167159.,0,0,0
WBGene00167160.,0,0,0
WBGene00167161.,0,0,0
WBGene00167162.,0,0,0
WBGene00167163.,0,0,0
WBGene00167164.,0,0,0
WBGene00167165.,0,0,0
WBGene00167166.,0,0,0
WBGene00167167.,0,0,0
WBGene00167168.,0,0,0
WBGene00167169.,0,0,0
WBGene00167170.,0,0,0
WBGene00167171.,0,0,0
WBGene00167172.,0,0,0
WBGene00167173.,0,0,0
WBGene00167174.,0,0,0
WBGene00167175.,0,0,0
WBGene00167176.,0,0,0
WBGene00167177.,0,0,0
WBGene00167178.,0,0,0
WBGene00167179.,0,0,0
WBGene00167180.,0,0,0
WBGene00167181.,0,0,0
WBGene00167182.,0,0,0
WBGene00167183.,0,0,0
WBGene00167184.,0,0,0
WBGene00167185.,0,0,0
WBGene00167186.,0,0,0
WBGene00167187.,0,0,0
WBGene00167188.,0,0,0
WBGene00167189.,0,0,0
WBGene00167190.,0,0,0
WBGene00167191.,0,0,0
WBGene00167192.,0,0,0
WBGene00167193.,0,0,0
WBGene00167194.,0,0,0
WBGene00167195.,0,0,0
WBGene00167196.,0,0,0
WBGene00167197.,0,0,0
WBGene00167198.,0,0,0
WBGene00167199.,0,0,0
WBGene00167200.,0,0,0
WBGene00167201.,0,0,0
WBGene00167202.,0,0,0
WBGene00167203.,0,0,0
WBGene00167204.,0,0,0
WBGene00167205.,0,0,0
WBGene00167206.,0,0,0
WBGene00167207.,0,0,0
WBGene00167208.,0,0,0
WBGene00167209.,0,0,0
WBGene00167210.,0,0,0
WBGene00167211.,0,0,0
WBGene00167212.,0,0,0
WBGene00167213.,0,0,0
WBGene00167214.,0,0,0
WBGene00167215.,0,0,0
WBGene00167216.,0,0,0
WBGene00167217.,0,0,0
WBGene00167218.,0,0,0
WBGene00167219.,0,0,0
WBGene00167220.,0,0,0
WBGene00167221.,0,0,0
WBGene00167222.,0,0,0
WBGene00167223.,0,0,0
WBGene00167224.,0,0,0
WBGene00167225.,0,0,0
WBGene00167226.,0,0,0
WBGene00167227.,0,0,0
WBGene00167228.,0,0,0
WBGene00167229.,0,0,0
WBGene00167230.,0,0,0
WBGene00167231.,0,0,0
WBGene00167232.,0,0,0
WBGene00167233.,0,0,0
WBGene00167234.,0,0,0
WBGene00167235.,0,0,0
WBGene00167236.,0,0,0
WBGene00167237.,0,0,0
WBGene00167238.,0,0,0
WBGene00167239.,0,0,0
WBGene00167240.,0,0,0
WBGene00167241.,0,0,0
WBGene00167242.,0,0,0
WBGene00167243.,0,0,0
WBGene00167244.,0,0,0
WBGene00167245.,0,0,0
WBGene00167246.,0,0,0
WBGene00167247.,0,0,0
WBGene00167248.,0,0,0
WBGene00167249.,0,0,0
WBGene00167250.,0,0,0
WBGene00167251.,0,0,0
WBGene00167252.,0,0,0
WBGene00167253.,0,0,0
WBGene00167254.,0,0,0
WBGene00167255.,0,0,0
WBGene00167256.,0,0,0
WBGene00167257.,0,0,0
WBGene00167258.,0,0,0
WBGene00167259.,0,0,0
WBGene00167260.,0,0,0
WBGene00167261.,0,0,0
WBGene00167262.,0,0,0
WBGene00167263.,0,0,0
WBGene00167264.,0,0,0
WBGene00167265.,0,0,0
WBGene00167266.,0,0,0
WBGene00167267.,0,0,0
WBGene00167268.,0,0,0
WBGene00167269.,0,0,0
WBGene00167270.,0,0,0
WBGene00167271.,0,0,0
WBGene00167272.,0,0,0
WBGene00167273.,0,0,0
WBGene00167274.,0,0,0
WBGene00167275.,0,0,0
WBGene00167276.,0,0,0
WBGene00167277.,0,0,0
WBGene00167278.,0,0,0
WBGene00167279.,0,0,0
WBGene00167280.,0,0,0
WBGene00167281.,0,0,0
WBGene00167282.,0,0,0
WBGene00167283.,0,0,0
WBGene00167284.,0,0,0
WBGene00167285.,0,0,0
WBGene00167286.,0,0,0
WBGene00167287.,0,0,0
WBGene00167288.,0,0,0
WBGene00167289.,0,0,0
WBGene00167290.,0,0,0
WBGene00167291.,0,0,0
WBGene00167292.,0,0,0
WBGene00167293.,0,0,0
WBGene00167294.,0,0,0
WBGene00167295.,0,0,0
WBGene00167296.,0,0,0
WBGene00167297.,0,0,0
WBGene00167298.,0,0,0
WBGene00167299.,0,0,0
WBGene00167300.,0,0,0
WBGene00167301.,0,0,0
WBGene00167302.,0,0,0
WBGene00167303.,0,0,0
WBGene00167304.,0,0,0
WBGene00167305.,0,0,0
WBGene00167306.,0,0,0
WBGene00167307.,0,0,0
WBGene00167308.,0,0,0
WBGene00167309.,0,0,0
WBGene00167310.,0,0,0
WBGene00167311.,0,0,0
WBGene00167312.,0,0,0
WBGene00167313.,0,0,0
WBGene00167314.,0,0,0
WBGene00167315.,0,0,0
WBGene00167316.,0,0,0
WBGene00167317.,0,0,0
WBGene00167318.,0,0,0
WBGene00167319.,0,0,0
WBGene00167320.,0,0,0
WBGene00167321.,0,0,0
WBGene00167322.,0,0,0
WBGene00167323.,0,0,0
WBGene00167324.,0,0,0
WBGene00167325.,0,0,0
WBGene00167326.,0,0,0
WBGene00167327.,0,0,0
WBGene00167328.,0,0,0
WBGene00167329.,0,0,0
WBGene00167330.,0,0,0
WBGene00167331.,0,0,0
WBGene00167332.,0,0,0
WBGene00167333.,0,0,0
WBGene00167334.,0,0,0
WBGene00167335.,0,0,0
WBGene00167336.,0,0,0
WBGene00167337.,0,0,0
WBGene00167338.,0,0,0
WBGene00167339.,0,0,0
WBGene00167340.,0,0,0
WBGene00167341.,0,0,0
WBGene00167342.,0,0,0
WBGene00167343.,0,0,0
WBGene00167344.,0,0,0
WBGene00167345.,0,0,0
WBGene00167346.,0,0,0
WBGene00167347.,0,0,0
WBGene00167348.,0,0,0
WBGene00167349.,0,0,0
WBGene00167350.,0,0,0
WBGene00167351.,0,0,0
WBGene00167352.,0,0,0
WBGene00167353.,0,0,0
WBGene00167354.,0,0,0
WBGene00167355.,0,0,0
WBGene00167356.,0,0,0
WBGene00167357.,0,0,0
WBGene00167358.,0,0,0
WBGene00167359.,0,0,0
WBGene00167360.,0,0,0
WBGene00167361.,0,0,0
WBGene00167362.,0,0,0
WBGene00167363.,0,0,0
WBGene00167364.,0,0,0
WBGene00167365.,0,0,0
WBGene00167366.,0,0,0
WBGene00167367.,0,0,0
WBGene00167368.,0,0,0
WBGene00167369.,0,0,0
WBGene00167370.,0,0,0
WBGene00167371.,0,0,0
WBGene00167372.,0,0,0
WBGene00167373.,0,0,0
WBGene00167374.,0,0,0
WBGene00167375.,0,0,0
WBGene00167376.,0,0,0
WBGene00167377.,0,0,0
WBGene00167378.,0,0,0
WBGene00167379.,0,0,0
WBGene00167380.,0,0,0
WBGene00167381.,0,0,0
WBGene00167382.,0,0,0
WBGene00167383.,0,0,0
WBGene00167384.,0,0,0
WBGene00167385.,0,0,0
WBGene00167386.,0,0,0
WBGene00167387.,0,0,0
WBGene00167388.,0,0,0
WBGene00167389.,0,0,0
WBGene00167390.,0,0,0
WBGene00167391.,0,0,0
WBGene00167392.,0,0,0
WBGene00167393.,0,0,0
WBGene00167394.,0,0,0
WBGene00167395.,0,0,0
WBGene00167396.,0,0,0
WBGene00167397.,0,0,0
WBGene00167398.,0,0,0
WBGene00167399.,0,0,0
WBGene00167400.,0,0,0
WBGene00167401.,0,0,0
WBGene00167402.,0,0,0
WBGene00167403.,0,0,0
WBGene00167404.,0,0,0
WBGene00167405.,0,0,0
WBGene00167406.,0,0,0
WBGene00167407.,0,0,0
WBGene00167408.,0,0,0
WBGene00167409.,0,0,0
WBGene00167410.,0,0,0
WBGene00167411.,0,0,0
WBGene00167412.,0,0,0
WBGene00167413.,0,0,0
WBGene00167414.,0,0,0
WBGene00167415.,0,0,0
WBGene00167416.,0,0,0
WBGene00167417.,0,0,0
WBGene00167418.,0,0,0
WBGene00167419.,0,0,0
WBGene00167420.,0,0,0
WBGene00167421.,0,0,0
WBGene00167422.,0,0,0
WBGene00167423.,0,0,0
WBGene00167424.,0,0,0
WBGene00167425.,0,0,0
WBGene00167426.,0,0,0
WBGene00167427.,0,0,0
WBGene00167428.,0,0,0
WBGene00167429.,0,0,0
WBGene00167430.,0,0,0
WBGene00167431.,0,0,0
WBGene00167432.,0,0,0
WBGene00167433.,0,0,0
WBGene00167434.,0,0,0
WBGene00167435.,0,0,0
WBGene00167436.,0,0,0
WBGene00167437.,0,0,0
WBGene00167438.,0,0,0
WBGene00167439.,0,0,0
WBGene00167440.,0,0,0
WBGene00167441.,0,0,0
WBGene00167442.,0,0,0
WBGene00167443.,0,0,0
WBGene00167444.,0,0,0
WBGene00167445.,0,0,0
WBGene00167446.,0,0,0
WBGene00167447.,0,0,0
WBGene00167448.,0,0,0
WBGene00167449.,0,0,0
WBGene00167450.,0,0,0
WBGene00167451.,0,0,0
WBGene00167452.,0,0,0
WBGene00167453.,0,0,0
WBGene00167454.,0,0,0
WBGene00167455.,0,0,0
WBGene00167456.,0,0,0
WBGene00167457.,0,0,0
WBGene00167458.,0,0,0
WBGene00167459.,0,0,0
WBGene00167460.,0,0,0
WBGene00167461.,0,0,0
WBGene00167462.,0,0,0
WBGene00167463.,0,0,0
WBGene00167464.,0,0,0
WBGene00167465.,0,0,0
WBGene00167466.,0,0,0
WBGene00167467.,0,0,0
WBGene00167468.,0,0,0
WBGene00167469.,0,0,0
WBGene00167470.,0,0,0
WBGene00167471.,0,0,0
WBGene00167472.,0,0,0
WBGene00167473.,0,0,0
WBGene00167474.,0,0,0
WBGene00167475.,0,0,0
WBGene00167476.,0,0,0
WBGene00167477.,0,0,0
WBGene00167478.,0,0,0
WBGene00167479.,0,0,0
WBGene00167480.,0,0,0
WBGene00167481.,0,0,0
WBGene00167482.,0,0,0
WBGene00167483.,0,0,0
WBGene00167484.,0,0,0
WBGene00167485.,0,0,0
WBGene00167487.,0,0,0
WBGene00167488.,0,0,0
WBGene00167489.,0,0,0
WBGene00167490.,0,0,0
WBGene00167491.,0,0,0
WBGene00167492.,0,0,0
WBGene00167493.,0,0,0
WBGene00167494.,0,0,0
WBGene00167495.,0,0,0
WBGene00167496.,0,0,0
WBGene00167497.,0,0,0
WBGene00167498.,0,0,0
WBGene00167499.,0,0,0
WBGene00167500.,0,0,0
WBGene00167501.,0,0,0
WBGene00167502.,0,0,0
WBGene00167503.,0,0,0
WBGene00167504.,0,0,0
WBGene00167505.,0,0,0
WBGene00167506.,0,0,0
WBGene00167507.,0,0,0
WBGene00167508.,0,0,0
WBGene00167509.,0,0,0
WBGene00167510.,0,0,0
WBGene00167511.,0,0,0
WBGene00167512.,0,0,0
WBGene00167513.,0,0,0
WBGene00167514.,0,0,0
WBGene00167515.,0,0,0
WBGene00167516.,0,0,0
WBGene00167517.,0,0,0
WBGene00167518.,0,0,0
WBGene00167519.,0,0,0
WBGene00167520.,0,0,0
WBGene00167521.,0,0,0
WBGene00167522.,0,0,0
WBGene00167523.,0,0,0
WBGene00167524.,0,0,0
WBGene00167525.,0,0,0
WBGene00167526.,0,0,0
WBGene00167527.,0,0,0
WBGene00167528.,0,0,0
WBGene00167529.,0,0,0
WBGene00167530.,0,0,0
WBGene00167531.,0,0,0
WBGene00167532.,0,0,0
WBGene00167533.,0,0,0
WBGene00167534.,0,0,0
WBGene00167535.,0,0,0
WBGene00167536.,0,0,0
WBGene00167537.,0,0,0
WBGene00167538.,0,0,0
WBGene00167539.,0,0,0
WBGene00167540.,0,0,0
WBGene00167541.,0,0,0
WBGene00167542.,0,0,0
WBGene00167543.,0,0,0
WBGene00167544.,0,0,0
WBGene00167545.,0,0,0
WBGene00167546.,0,0,0
WBGene00167547.,0,0,0
WBGene00167548.,0,0,0
WBGene00167549.,0,0,0
WBGene00167550.,0,0,0
WBGene00167551.,0,0,0
WBGene00167552.,0,0,0
WBGene00167553.,0,0,0
WBGene00167554.,0,0,0
WBGene00167555.,0,0,0
WBGene00167556.,0,0,0
WBGene00167557.,0,0,0
WBGene00167558.,0,0,0
WBGene00167559.,0,0,0
WBGene00167560.,0,0,0
WBGene00167561.,0,0,0
WBGene00167562.,0,0,0
WBGene00167563.,0,0,0
WBGene00167564.,0,0,0
WBGene00167565.,0,0,0
WBGene00167566.,0,0,0
WBGene00167567.,0,0,0
WBGene00167568.,0,0,0
WBGene00167569.,0,0,0
WBGene00167570.,0,0,0
WBGene00167571.,0,0,0
WBGene00167572.,0,0,0
WBGene00167573.,0,0,0
WBGene00167574.,0,0,0
WBGene00167575.,0,0,0
WBGene00167576.,0,0,0
WBGene00167577.,0,0,0
WBGene00167578.,0,0,0
WBGene00167579.,0,0,0
WBGene00167580.,0,0,0
WBGene00167581.,0,0,0
WBGene00167582.,0,0,0
WBGene00167583.,0,0,0
WBGene00167584.,0,0,0
WBGene00167585.,0,0,0
WBGene00167586.,0,0,0
WBGene00167587.,0,0,0
WBGene00167588.,0,0,0
WBGene00167589.,0,0,0
WBGene00167590.,0,0,0
WBGene00167591.,0,0,0
WBGene00167592.,0,0,0
WBGene00167593.,0,0,0
WBGene00167594.,0,0,0
WBGene00167595.,0,0,0
WBGene00167596.,0,0,0
WBGene00167597.,0,0,0
WBGene00167598.,0,0,0
WBGene00167599.,0,0,0
WBGene00167600.,0,0,0
WBGene00167601.,0,0,0
WBGene00167602.,0,0,0
WBGene00167603.,0,0,0
WBGene00167604.,0,0,0
WBGene00167605.,0,0,0
WBGene00167606.,0,0,0
WBGene00167607.,0,0,0
WBGene00167608.,0,0,0
WBGene00167609.,0,0,0
WBGene00167610.,0,0,0
WBGene00167611.,0,0,0
WBGene00167612.,0,0,0
WBGene00167613.,0,0,0
WBGene00167614.,0,0,0
WBGene00167615.,0,0,0
WBGene00167616.,0,0,0
WBGene00167617.,0,0,0
WBGene00167618.,0,0,0
WBGene00167619.,0,0,0
WBGene00167620.,0,0,0
WBGene00167621.,0,0,0
WBGene00167622.,0,0,0
WBGene00167623.,0,0,0
WBGene00167624.,0,0,0
WBGene00167625.,0,0,0
WBGene00167626.,0,0,0
WBGene00167627.,0,0,0
WBGene00167628.,0,0,0
WBGene00167629.,0,0,0
WBGene00167630.,0,0,0
WBGene00167631.,0,0,0
WBGene00167632.,0,0,0
WBGene00167633.,0,0,0
WBGene00167634.,0,0,0
WBGene00167635.,0,0,0
WBGene00167636.,0,0,0
WBGene00167637.,0,0,0
WBGene00167638.,0,0,0
WBGene00167639.,0,0,0
WBGene00167640.,0,0,0
WBGene00167641.,0,0,0
WBGene00167642.,0,0,0
WBGene00167643.,0,0,0
WBGene00167644.,0,0,0
WBGene00167645.,0,0,0
WBGene00167646.,0,0,0
WBGene00167647.,0,0,0
WBGene00167648.,0,0,0
WBGene00167649.,0,0,0
WBGene00167650.,0,0,0
WBGene00167651.,0,0,0
WBGene00167652.,0,0,0
WBGene00167653.,0,0,0
WBGene00167654.,0,0,0
WBGene00167655.,0,0,0
WBGene00167656.,0,0,0
WBGene00167657.,0,0,0
WBGene00167658.,0,0,0
WBGene00167659.,0,0,0
WBGene00167660.,0,0,0
WBGene00167661.,0,0,0
WBGene00167662.,0,0,0
WBGene00167663.,0,0,0
WBGene00167664.,0,0,0
WBGene00167665.,0,0,0
WBGene00167666.,0,0,0
WBGene00167667.,0,0,0
WBGene00167668.,0,0,0
WBGene00167669.,0,0,0
WBGene00167670.,0,0,0
WBGene00167671.,0,0,0
WBGene00167672.,0,0,0
WBGene00167673.,0,0,0
WBGene00167674.,0,0,0
WBGene00167675.,0,0,0
WBGene00167676.,0,0,0
WBGene00167677.,0,0,0
WBGene00167678.,0,0,0
WBGene00167679.,0,0,0
WBGene00167680.,0,0,0
WBGene00167681.,0,0,0
WBGene00167682.,0,0,0
WBGene00167683.,0,0,0
WBGene00167684.,0,0,0
WBGene00167685.,0,0,0
WBGene00167686.,0,0,0
WBGene00167687.,0,0,0
WBGene00167688.,0,0,0
WBGene00167689.,0,0,0
WBGene00167690.,0,0,0
WBGene00167691.,0,0,0
WBGene00167692.,0,0,0
WBGene00167693.,0,0,0
WBGene00167694.,0,0,0
WBGene00167695.,0,0,0
WBGene00167696.,0,0,0
WBGene00167697.,0,0,0
WBGene00167698.,0,0,0
WBGene00167699.,0,0,0
WBGene00167700.,0,0,0
WBGene00167701.,0,0,0
WBGene00167702.,0,0,0
WBGene00167703.,0,0,0
WBGene00167704.,0,0,0
WBGene00167705.,0,0,0
WBGene00167706.,0,0,0
WBGene00167707.,0,0,0
WBGene00167708.,0,0,0
WBGene00167709.,0,0,0
WBGene00167710.,0,0,0
WBGene00167711.,0,0,0
WBGene00167712.,0,0,0
WBGene00167713.,0,0,0
WBGene00167714.,0,0,0
WBGene00167715.,0,0,0
WBGene00167716.,0,0,0
WBGene00167717.,0,0,0
WBGene00167718.,0,0,0
WBGene00167719.,0,0,0
WBGene00167720.,0,0,0
WBGene00167721.,0,0,0
WBGene00167722.,0,0,0
WBGene00167723.,0,0,0
WBGene00167724.,0,0,0
WBGene00167725.,0,0,0
WBGene00167726.,0,0,0
WBGene00167727.,0,0,0
WBGene00167728.,0,0,0
WBGene00167729.,0,0,0
WBGene00167730.,0,0,0
WBGene00167731.,0,0,0
WBGene00167732.,0,0,0
WBGene00167733.,0,0,0
WBGene00167734.,0,0,0
WBGene00167735.,0,0,0
WBGene00167736.,0,0,0
WBGene00167737.,0,0,0
WBGene00167738.,0,0,0
WBGene00167739.,0,0,0
WBGene00167740.,0,0,0
WBGene00167741.,0,0,0
WBGene00167742.,0,0,0
WBGene00167743.,0,0,0
WBGene00167744.,0,0,0
WBGene00167745.,0,0,0
WBGene00167746.,0,0,0
WBGene00167747.,0,0,0
WBGene00167748.,0,0,0
WBGene00167749.,0,0,0
WBGene00167750.,0,0,0
WBGene00167751.,0,0,0
WBGene00167752.,0,0,0
WBGene00167753.,0,0,0
WBGene00167754.,0,0,0
WBGene00167755.,0,0,0
WBGene00167756.,0,0,0
WBGene00167757.,0,0,0
WBGene00167758.,0,0,0
WBGene00167759.,0,0,0
WBGene00167760.,0,0,0
WBGene00167761.,0,0,0
WBGene00167762.,0,0,0
WBGene00167763.,0,0,0
WBGene00167764.,0,0,0
WBGene00167765.,0,0,0
WBGene00167766.,0,0,0
WBGene00167767.,0,0,0
WBGene00167768.,0,0,0
WBGene00167769.,0,0,0
WBGene00167770.,0,0,0
WBGene00167771.,0,0,0
WBGene00167772.,0,0,0
WBGene00167773.,0,0,0
WBGene00167774.,0,0,0
WBGene00167775.,0,0,0
WBGene00167776.,0,0,0
WBGene00167777.,0,0,0
WBGene00167778.,0,0,0
WBGene00167779.,0,0,0
WBGene00167780.,0,0,0
WBGene00167781.,0,0,0
WBGene00167782.,0,0,0
WBGene00167783.,0,0,0
WBGene00167784.,0,0,0
WBGene00167785.,0,0,0
WBGene00167786.,0,0,0
WBGene00167787.,0,0,0
WBGene00167788.,0,0,0
WBGene00167789.,0,0,0
WBGene00167790.,0,0,0
WBGene00167791.,0,0,0
WBGene00167792.,0,0,0
WBGene00167793.,0,0,0
WBGene00167794.,0,0,0
WBGene00167795.,0,0,0
WBGene00167796.,0,0,0
WBGene00167797.,0,0,0
WBGene00167799.,0,0,0
WBGene00167800.,0,0,0
WBGene00167801.,0,0,0
WBGene00167802.,0,0,0
WBGene00167803.,0,0,0
WBGene00167804.,0,0,0
WBGene00167805.,0,0,0
WBGene00167806.,0,0,0
WBGene00167807.,0,0,0
WBGene00167808.,0,0,0
WBGene00167809.,0,0,0
WBGene00167810.,0,0,0
WBGene00167811.,0,0,0
WBGene00167812.,0,0,0
WBGene00167813.,0,0,0
WBGene00167814.,0,0,0
WBGene00167815.,0,0,0
WBGene00167816.,0,0,0
WBGene00167817.,0,0,0
WBGene00167818.,0,0,0
WBGene00167819.,0,0,0
WBGene00167820.,0,0,0
WBGene00167821.,0,0,0
WBGene00167822.,0,0,0
WBGene00167823.,0,0,0
WBGene00167824.,0,0,0
WBGene00167825.,0,0,0
WBGene00167826.,0,0,0
WBGene00167827.,0,0,0
WBGene00167828.,0,0,0
WBGene00167829.,0,0,0
WBGene00167830.,0,0,0
WBGene00167831.,0,0,0
WBGene00167832.,0,0,0
WBGene00167833.,0,0,0
WBGene00167834.,0,0,0
WBGene00167835.,0,0,0
WBGene00167836.,0,0,0
WBGene00167837.,0,0,0
WBGene00167838.,0,0,0
WBGene00167839.,0,0,0
WBGene00167840.,0,0,0
WBGene00167841.,0,0,0
WBGene00167842.,0,0,0
WBGene00167843.,0,0,0
WBGene00167845.,0,0,0
WBGene00167846.,0,0,0
WBGene00167847.,0,0,0
WBGene00167848.,0,0,0
WBGene00167849.,0,0,0
WBGene00167850.,0,0,0
WBGene00167851.,0,0,0
WBGene00167852.,0,0,0
WBGene00167853.,0,0,0
WBGene00167854.,0,0,0
WBGene00167855.,0,0,0
WBGene00167856.,0,0,0
WBGene00167857.,0,0,0
WBGene00167858.,0,0,0
WBGene00167859.,0,0,0
WBGene00167860.,0,0,0
WBGene00167861.,0,0,0
WBGene00167862.,0,0,0
WBGene00167863.,0,0,0
WBGene00167864.,0,0,0
WBGene00167865.,0,0,0
WBGene00167866.,0,0,0
WBGene00167867.,0,0,0
WBGene00167868.,0,0,0
WBGene00167869.,0,0,0
WBGene00167870.,0,0,0
WBGene00167871.,0,0,0
WBGene00167872.,0,0,0
WBGene00167873.,0,0,0
WBGene00167874.,0,0,0
WBGene00167875.,0,0,0
WBGene00167876.,0,0,0
WBGene00167877.,0,0,0
WBGene00167878.,0,0,0
WBGene00167879.,0,0,0
WBGene00167880.,0,0,0
WBGene00167881.,0,0,0
WBGene00167882.,0,0,0
WBGene00167883.,0,0,0
WBGene00167884.,0,0,0
WBGene00167885.,0,0,0
WBGene00167886.,0,0,0
WBGene00167887.,0,0,0
WBGene00167888.,0,0,0
WBGene00167889.,0,0,0
WBGene00167890.,0,0,0
WBGene00167891.,0,0,0
WBGene00167892.,0,0,0
WBGene00167893.,0,0,0
WBGene00167894.,0,0,0
WBGene00167895.,0,0,0
WBGene00167896.,0,0,0
WBGene00167897.,0,0,0
WBGene00167898.,0,0,0
WBGene00167899.,0,0,0
WBGene00167900.,0,0,0
WBGene00167901.,0,0,0
WBGene00167902.,0,0,0
WBGene00167903.,0,0,0
WBGene00167904.,0,0,0
WBGene00167905.,0,0,0
WBGene00167906.,0,0,0
WBGene00167907.,0,0,0
WBGene00167908.,0,0,0
WBGene00167909.,0,0,0
WBGene00167910.,0,0,0
WBGene00167911.,0,0,0
WBGene00167912.,0,0,0
WBGene00167913.,0,0,0
WBGene00167914.,0,0,0
WBGene00167915.,0,0,0
WBGene00167916.,0,0,0
WBGene00167917.,0,0,0
WBGene00167918.,0,0,0
WBGene00167919.,0,0,0
WBGene00167920.,0,0,0
WBGene00167921.,0,0,0
WBGene00167922.,0,0,0
WBGene00167923.,0,0,0
WBGene00167924.,0,0,0
WBGene00167925.,0,0,0
WBGene00167926.,0,0,0
WBGene00167927.,0,0,0
WBGene00167928.,0,0,0
WBGene00167929.,0,0,0
WBGene00167930.,0,0,0
WBGene00167931.,0,0,0
WBGene00167932.,0,0,0
WBGene00167933.,0,0,0
WBGene00167934.,0,0,0
WBGene00167935.,0,0,0
WBGene00167936.,0,0,0
WBGene00167937.,0,0,0
WBGene00167938.,0,0,0
WBGene00167939.,0,0,0
WBGene00167940.,0,0,0
WBGene00167941.,0,0,0
WBGene00167942.,0,0,0
WBGene00167943.,0,0,0
WBGene00167944.,0,0,0
WBGene00167945.,0,0,0
WBGene00167946.,0,0,0
WBGene00167947.,0,0,0
WBGene00167948.,0,0,0
WBGene00167949.,0,0,0
WBGene00167950.,0,0,0
WBGene00167951.,0,0,0
WBGene00167952.,0,0,0
WBGene00167953.,0,0,0
WBGene00167954.,0,0,0
WBGene00167955.,0,0,0
WBGene00167956.,0,0,0
WBGene00167957.,0,0,0
WBGene00167958.,0,0,0
WBGene00167959.,0,0,0
WBGene00167960.,0,0,0
WBGene00167961.,0,0,0
WBGene00167962.,0,0,0
WBGene00167963.,0,0,0
WBGene00167964.,0,0,0
WBGene00167965.,0,0,0
WBGene00167966.,0,0,0
WBGene00167967.,0,0,0
WBGene00167968.,0,0,0
WBGene00167969.,0,0,0
WBGene00167970.,0,0,0
WBGene00167971.,0,0,0
WBGene00167972.,0,0,0
WBGene00167973.,0,0,0
WBGene00167974.,0,0,0
WBGene00167975.,0,0,0
WBGene00167976.,0,0,0
WBGene00167977.,0,0,0
WBGene00167978.,0,0,0
WBGene00167979.,0,0,0
WBGene00167980.,0,0,0
WBGene00167981.,0,0,0
WBGene00167982.,0,0,0
WBGene00167983.,0,0,0
WBGene00167984.,0,0,0
WBGene00167985.,0,0,0
WBGene00167986.,0,0,0
WBGene00167987.,0,0,0
WBGene00167988.,0,0,0
WBGene00167989.,0,0,0
WBGene00167990.,0,0,0
WBGene00167991.,0,0,0
WBGene00167992.,0,0,0
WBGene00167993.,0,0,0
WBGene00167994.,0,0,0
WBGene00167995.,0,0,0
WBGene00167996.,0,0,0
WBGene00167997.,0,0,0
WBGene00167998.,0,0,0
WBGene00167999.,0,0,0
WBGene00168000.,0,0,0
WBGene00168001.,0,0,0
WBGene00168002.,0,0,0
WBGene00168003.,0,0,0
WBGene00168004.,0,0,0
WBGene00168005.,0,0,0
WBGene00168006.,0,0,0
WBGene00168007.,0,0,0
WBGene00168008.,0,0,0
WBGene00168009.,0,0,0
WBGene00168010.,0,0,0
WBGene00168011.,0,0,0
WBGene00168012.,0,0,0
WBGene00168013.,0,0,0
WBGene00168014.,0,0,0
WBGene00168015.,0,0,0
WBGene00168016.,0,0,0
WBGene00168017.,0,0,0
WBGene00168018.,0,0,0
WBGene00168019.,0,0,0
WBGene00168020.,0,0,0
WBGene00168021.,0,0,0
WBGene00168022.,0,0,0
WBGene00168023.,0,0,0
WBGene00168024.,0,0,0
WBGene00168025.,0,0,0
WBGene00168026.,0,0,0
WBGene00168027.,0,0,0
WBGene00168028.,0,0,0
WBGene00168029.,0,0,0
WBGene00168030.,0,0,0
WBGene00168031.,0,0,0
WBGene00168032.,0,0,0
WBGene00168033.,0,0,0
WBGene00168034.,0,0,0
WBGene00168035.,0,0,0
WBGene00168036.,0,0,0
WBGene00168037.,0,0,0
WBGene00168038.,0,0,0
WBGene00168039.,0,0,0
WBGene00168040.,0,0,0
WBGene00168041.,0,0,0
WBGene00168042.,0,0,0
WBGene00168043.,0,0,0
WBGene00168044.,0,0,0
WBGene00168045.,0,0,0
WBGene00168046.,0,0,0
WBGene00168047.,0,0,0
WBGene00168048.,0,0,0
WBGene00168049.,0,0,0
WBGene00168050.,0,0,0
WBGene00168051.,0,0,0
WBGene00168052.,0,0,0
WBGene00168053.,0,0,0
WBGene00168054.,0,0,0
WBGene00168055.,0,0,0
WBGene00168056.,0,0,0
WBGene00168057.,0,0,0
WBGene00168058.,0,0,0
WBGene00168059.,0,0,0
WBGene00168060.,0,0,0
WBGene00168061.,0,0,0
WBGene00168062.,0,0,0
WBGene00168063.,0,0,0
WBGene00168064.,0,0,0
WBGene00168065.,0,0,0
WBGene00168066.,0,0,0
WBGene00168067.,0,0,0
WBGene00168068.,0,0,0
WBGene00168069.,0,0,0
WBGene00168070.,0,0,0
WBGene00168071.,0,0,0
WBGene00168072.,0,0,0
WBGene00168073.,0,0,0
WBGene00168074.,0,0,0
WBGene00168075.,0,0,0
WBGene00168076.,0,0,0
WBGene00168077.,0,0,0
WBGene00168078.,0,0,0
WBGene00168079.,0,0,0
WBGene00168080.,0,0,0
WBGene00168081.,0,0,0
WBGene00168082.,0,0,0
WBGene00168083.,0,0,0
WBGene00168084.,0,0,0
WBGene00168085.,0,0,0
WBGene00168086.,0,0,0
WBGene00168087.,0,0,0
WBGene00168088.,0,0,0
WBGene00168089.,0,0,0
WBGene00168090.,0,0,0
WBGene00168091.,0,0,0
WBGene00168092.,0,0,0
WBGene00168093.,0,0,0
WBGene00168094.,0,0,0
WBGene00168095.,0,0,0
WBGene00168096.,0,0,0
WBGene00168097.,0,0,0
WBGene00168098.,0,0,0
WBGene00168099.,0,0,0
WBGene00168100.,0,0,0
WBGene00168101.,0,0,0
WBGene00168102.,0,0,0
WBGene00168103.,0,0,0
WBGene00168104.,0,0,0
WBGene00168105.,0,0,0
WBGene00168106.,0,0,0
WBGene00168107.,0,0,0
WBGene00168108.,0,0,0
WBGene00168109.,0,0,0
WBGene00168110.,0,0,0
WBGene00168111.,0,0,0
WBGene00168112.,0,0,0
WBGene00168113.,0,0,0
WBGene00168114.,0,0,0
WBGene00168115.,0,0,0
WBGene00168116.,0,0,0
WBGene00168117.,0,0,0
WBGene00168118.,0,0,0
WBGene00168119.,0,0,0
WBGene00168120.,0,0,0
WBGene00168121.,0,0,0
WBGene00168122.,0,0,0
WBGene00168123.,0,0,0
WBGene00168124.,0,0,0
WBGene00168125.,0,0,0
WBGene00168126.,0,0,0
WBGene00168127.,0,0,0
WBGene00168128.,0,0,0
WBGene00168129.,0,0,0
WBGene00168130.,0,0,0
WBGene00168131.,0,0,0
WBGene00168132.,0,0,0
WBGene00168133.,0,0,0
WBGene00168134.,0,0,0
WBGene00168135.,0,0,0
WBGene00168136.,0,0,0
WBGene00168137.,0,0,0
WBGene00168138.,0,0,0
WBGene00168139.,0,0,0
WBGene00168140.,0,0,0
WBGene00168141.,0,0,0
WBGene00168142.,0,0,0
WBGene00168143.,0,0,0
WBGene00168144.,0,0,0
WBGene00168145.,0,0,0
WBGene00168146.,0,0,0
WBGene00168147.,0,0,0
WBGene00168148.,0,0,0
WBGene00168149.,0,0,0
WBGene00168150.,0,0,0
WBGene00168151.,0,0,0
WBGene00168152.,0,0,0
WBGene00168153.,0,0,0
WBGene00168154.,0,0,0
WBGene00168155.,0,0,0
WBGene00168156.,0,0,0
WBGene00168157.,0,0,0
WBGene00168158.,0,0,0
WBGene00168159.,0,0,0
WBGene00168160.,0,0,0
WBGene00168161.,0,0,0
WBGene00168162.,0,0,0
WBGene00168163.,0,0,0
WBGene00168164.,0,0,0
WBGene00168165.,0,0,0
WBGene00168166.,0,0,0
WBGene00168167.,0,0,0
WBGene00168168.,0,0,0
WBGene00168169.,0,0,0
WBGene00168170.,0,0,0
WBGene00168171.,0,0,0
WBGene00168172.,0,0,0
WBGene00168173.,0,0,0
WBGene00168174.,0,0,0
WBGene00168175.,0,0,0
WBGene00168176.,0,0,0
WBGene00168177.,0,0,0
WBGene00168178.,0,0,0
WBGene00168179.,0,0,0
WBGene00168180.,0,0,0
WBGene00168181.,0,0,0
WBGene00168182.,0,0,0
WBGene00168183.,0,0,0
WBGene00168184.,0,0,0
WBGene00168185.,0,0,0
WBGene00168186.,0,0,0
WBGene00168187.,0,0,0
WBGene00168188.,0,0,0
WBGene00168189.,0,0,0
WBGene00168190.,0,0,0
WBGene00168191.,0,0,0
WBGene00168192.,0,0,0
WBGene00168193.,0,0,0
WBGene00168194.,0,0,0
WBGene00168195.,0,0,0
WBGene00168196.,0,0,0
WBGene00168197.,0,0,0
WBGene00168198.,0,0,0
WBGene00168199.,0,0,0
WBGene00168200.,0,0,0
WBGene00168201.,0,0,0
WBGene00168202.,0,0,0
WBGene00168203.,0,0,0
WBGene00168204.,0,0,0
WBGene00168205.,0,0,0
WBGene00168206.,0,0,0
WBGene00168207.,0,0,0
WBGene00168208.,0,0,0
WBGene00168209.,0,0,0
WBGene00168210.,0,0,0
WBGene00168211.,0,0,0
WBGene00168212.,0,0,0
WBGene00168213.,0,0,0
WBGene00168214.,0,0,0
WBGene00168215.,0,0,0
WBGene00168216.,0,0,0
WBGene00168217.,0,0,0
WBGene00168218.,0,0,0
WBGene00168219.,0,0,0
WBGene00168220.,0,0,0
WBGene00168221.,0,0,0
WBGene00168222.,0,0,0
WBGene00168223.,0,0,0
WBGene00168224.,0,0,0
WBGene00168225.,0,0,0
WBGene00168226.,0,0,0
WBGene00168227.,0,0,0
WBGene00168228.,0,0,0
WBGene00168229.,0,0,0
WBGene00168230.,0,0,0
WBGene00168231.,0,0,0
WBGene00168232.,0,0,0
WBGene00168233.,0,0,0
WBGene00168234.,0,0,0
WBGene00168235.,0,0,0
WBGene00168236.,0,0,0
WBGene00168237.,0,0,0
WBGene00168238.,0,0,0
WBGene00168239.,0,0,0
WBGene00168240.,0,0,0
WBGene00168241.,0,0,0
WBGene00168242.,0,0,0
WBGene00168243.,0,0,0
WBGene00168244.,0,0,0
WBGene00168245.,0,0,0
WBGene00168246.,0,0,0
WBGene00168247.,0,0,0
WBGene00168248.,0,0,0
WBGene00168249.,0,0,0
WBGene00168250.,0,0,0
WBGene00168251.,0,0,0
WBGene00168252.,0,0,0
WBGene00168253.,0,0,0
WBGene00168254.,0,0,0
WBGene00168255.,0,0,0
WBGene00168256.,0,0,0
WBGene00168257.,0,0,0
WBGene00168258.,0,0,0
WBGene00168259.,0,0,0
WBGene00168260.,0,0,0
WBGene00168261.,0,0,0
WBGene00168262.,0,0,0
WBGene00168263.,0,0,0
WBGene00168264.,0,0,0
WBGene00168265.,0,0,0
WBGene00168266.,0,0,0
WBGene00168267.,0,0,0
WBGene00168268.,0,0,0
WBGene00168269.,0,0,0
WBGene00168270.,0,0,0
WBGene00168271.,0,0,0
WBGene00168272.,0,0,0
WBGene00168273.,0,0,0
WBGene00168274.,0,0,0
WBGene00168275.,0,0,0
WBGene00168276.,0,0,0
WBGene00168277.,0,0,0
WBGene00168278.,0,0,0
WBGene00168279.,0,0,0
WBGene00168280.,0,0,0
WBGene00168281.,0,0,0
WBGene00168282.,0,0,0
WBGene00168283.,0,0,0
WBGene00168284.,0,0,0
WBGene00168285.,0,0,0
WBGene00168286.,0,0,0
WBGene00168287.,0,0,0
WBGene00168288.,0,0,0
WBGene00168289.,0,0,0
WBGene00168290.,0,0,0
WBGene00168291.,0,0,0
WBGene00168292.,0,0,0
WBGene00168293.,0,0,0
WBGene00168294.,0,0,0
WBGene00168295.,0,0,0
WBGene00168296.,0,0,0
WBGene00168297.,0,0,0
WBGene00168298.,0,0,0
WBGene00168299.,0,0,0
WBGene00168300.,0,0,0
WBGene00168301.,0,0,0
WBGene00168302.,0,0,0
WBGene00168303.,0,0,0
WBGene00168304.,0,0,0
WBGene00168305.,0,0,0
WBGene00168306.,0,0,0
WBGene00168307.,0,0,0
WBGene00168308.,0,0,0
WBGene00168309.,0,0,0
WBGene00168310.,0,0,0
WBGene00168311.,0,0,0
WBGene00168312.,0,0,0
WBGene00168313.,0,0,0
WBGene00168314.,0,0,0
WBGene00168315.,0,0,0
WBGene00168316.,0,0,0
WBGene00168317.,0,0,0
WBGene00168318.,0,0,0
WBGene00168319.,0,0,0
WBGene00168320.,0,0,0
WBGene00168321.,0,0,0
WBGene00168322.,0,0,0
WBGene00168323.,0,0,0
WBGene00168324.,0,0,0
WBGene00168325.,0,0,0
WBGene00168326.,0,0,0
WBGene00168327.,0,0,0
WBGene00168328.,0,0,0
WBGene00168329.,0,0,0
WBGene00168330.,0,0,0
WBGene00168331.,0,0,0
WBGene00168332.,0,0,0
WBGene00168333.,0,0,0
WBGene00168334.,0,0,0
WBGene00168335.,0,0,0
WBGene00168336.,0,0,0
WBGene00168337.,0,0,0
WBGene00168338.,0,0,0
WBGene00168339.,0,0,0
WBGene00168340.,0,0,0
WBGene00168341.,0,0,0
WBGene00168342.,0,0,0
WBGene00168343.,0,0,0
WBGene00168344.,0,0,0
WBGene00168345.,0,0,0
WBGene00168346.,0,0,0
WBGene00168347.,0,0,0
WBGene00168348.,0,0,0
WBGene00168349.,0,0,0
WBGene00168350.,0,0,0
WBGene00168351.,0,0,0
WBGene00168352.,0,0,0
WBGene00168353.,0,0,0
WBGene00168354.,0,0,0
WBGene00168355.,0,0,0
WBGene00168356.,0,0,0
WBGene00168357.,0,0,0
WBGene00168358.,0,0,0
WBGene00168359.,0,0,0
WBGene00168360.,0,0,0
WBGene00168361.,0,0,0
WBGene00168362.,0,0,0
WBGene00168363.,0,0,0
WBGene00168364.,0,0,0
WBGene00168365.,0,0,0
WBGene00168366.,0,0,0
WBGene00168367.,0,0,0
WBGene00168368.,0,0,0
WBGene00168369.,0,0,0
WBGene00168370.,0,0,0
WBGene00168371.,0,0,0
WBGene00168372.,0,0,0
WBGene00168373.,0,0,0
WBGene00168374.,0,0,0
WBGene00168375.,0,0,0
WBGene00168376.,0,0,0
WBGene00168377.,0,0,0
WBGene00168378.,0,0,0
WBGene00168379.,0,0,0
WBGene00168380.,0,0,0
WBGene00168381.,0,0,0
WBGene00168382.,0,0,0
WBGene00168383.,0,0,0
WBGene00168384.,0,0,0
WBGene00168385.,0,0,0
WBGene00168386.,0,0,0
WBGene00168387.,0,0,0
WBGene00168388.,0,0,0
WBGene00168389.,0,0,0
WBGene00168390.,0,0,0
WBGene00168391.,0,0,0
WBGene00168392.,0,0,0
WBGene00168393.,0,0,0
WBGene00168394.,0,0,0
WBGene00168395.,0,0,0
WBGene00168396.,0,0,0
WBGene00168397.,0,0,0
WBGene00168398.,0,0,0
WBGene00168399.,0,0,0
WBGene00168400.,0,0,0
WBGene00168401.,0,0,0
WBGene00168402.,0,0,0
WBGene00168403.,0,0,0
WBGene00168404.,0,0,0
WBGene00168405.,0,0,0
WBGene00168406.,0,0,0
WBGene00168407.,0,0,0
WBGene00168408.,0,0,0
WBGene00168409.,0,0,0
WBGene00168410.,0,0,0
WBGene00168411.,0,0,0
WBGene00168412.,0,0,0
WBGene00168413.,0,0,0
WBGene00168414.,0,0,0
WBGene00168415.,0,0,0
WBGene00168416.,0,0,0
WBGene00168417.,0,0,0
WBGene00168418.,0,0,0
WBGene00168419.,0,0,0
WBGene00168420.,0,0,0
WBGene00168421.,0,0,0
WBGene00168422.,0,0,0
WBGene00168423.,0,0,0
WBGene00168424.,0,0,0
WBGene00168425.,0,0,0
WBGene00168426.,0,0,0
WBGene00168427.,0,0,0
WBGene00168428.,0,0,0
WBGene00168429.,0,0,0
WBGene00168430.,0,0,0
WBGene00168431.,0,0,0
WBGene00168432.,0,0,0
WBGene00168433.,0,0,0
WBGene00168434.,0,0,0
WBGene00168435.,0,0,0
WBGene00168436.,0,0,0
WBGene00168437.,0,0,0
WBGene00168438.,0,0,0
WBGene00168439.,0,0,0
WBGene00168440.,0,0,0
WBGene00168441.,0,0,0
WBGene00168442.,0,0,0
WBGene00168443.,0,0,0
WBGene00168444.,0,0,0
WBGene00168445.,0,0,0
WBGene00168446.,0,0,0
WBGene00168447.,0,0,0
WBGene00168448.,0,0,0
WBGene00168449.,0,0,0
WBGene00168450.,0,0,0
WBGene00168451.,0,0,0
WBGene00168452.,0,0,0
WBGene00168453.,0,0,0
WBGene00168454.,0,0,0
WBGene00168455.,0,0,0
WBGene00168456.,0,0,0
WBGene00168457.,0,0,0
WBGene00168458.,0,0,0
WBGene00168459.,0,0,0
WBGene00168460.,0,0,0
WBGene00168461.,0,0,0
WBGene00168462.,0,0,0
WBGene00168463.,0,0,0
WBGene00168464.,0,0,0
WBGene00168465.,0,0,0
WBGene00168466.,0,0,0
WBGene00168467.,0,0,0
WBGene00168468.,0,0,0
WBGene00168469.,0,0,0
WBGene00168470.,0,0,0
WBGene00168472.,0,0,0
WBGene00168473.,0,0,0
WBGene00168474.,0,0,0
WBGene00168475.,0,0,0
WBGene00168476.,0,0,0
WBGene00168477.,0,0,0
WBGene00168478.,0,0,0
WBGene00168479.,0,0,0
WBGene00168480.,0,0,0
WBGene00168481.,0,0,0
WBGene00168482.,0,0,0
WBGene00168483.,0,0,0
WBGene00168484.,0,0,0
WBGene00168485.,0,0,0
WBGene00168486.,0,0,0
WBGene00168487.,0,0,0
WBGene00168488.,0,0,0
WBGene00168489.,0,0,0
WBGene00168490.,0,0,0
WBGene00168491.,0,0,0
WBGene00168492.,0,0,0
WBGene00168493.,0,0,0
WBGene00168494.,0,0,0
WBGene00168495.,0,0,0
WBGene00168496.,0,0,0
WBGene00168497.,0,0,0
WBGene00168498.,0,0,0
WBGene00168499.,0,0,0
WBGene00168500.,0,0,0
WBGene00168501.,0,0,0
WBGene00168502.,0,0,0
WBGene00168503.,0,0,0
WBGene00168504.,0,0,0
WBGene00168505.,0,0,0
WBGene00168506.,0,0,0
WBGene00168507.,0,0,0
WBGene00168508.,0,0,0
WBGene00168509.,0,0,0
WBGene00168510.,0,0,0
WBGene00168511.,0,0,0
WBGene00168512.,0,0,0
WBGene00168513.,0,0,0
WBGene00168514.,0,0,0
WBGene00168515.,0,0,0
WBGene00168516.,0,0,0
WBGene00168517.,0,0,0
WBGene00168518.,0,0,0
WBGene00168519.,0,0,0
WBGene00168520.,0,0,0
WBGene00168521.,0,0,0
WBGene00168522.,0,0,0
WBGene00168523.,0,0,0
WBGene00168524.,0,0,0
WBGene00168525.,0,0,0
WBGene00168526.,0,0,0
WBGene00168527.,0,0,0
WBGene00168528.,0,0,0
WBGene00168529.,0,0,0
WBGene00168530.,0,0,0
WBGene00168531.,0,0,0
WBGene00168532.,0,0,0
WBGene00168533.,0,0,0
WBGene00168534.,0,0,0
WBGene00168535.,0,0,0
WBGene00168536.,0,0,0
WBGene00168537.,0,0,0
WBGene00168538.,0,0,0
WBGene00168539.,0,0,0
WBGene00168540.,0,0,0
WBGene00168541.,0,0,0
WBGene00168542.,0,0,0
WBGene00168543.,0,0,0
WBGene00168544.,0,0,0
WBGene00168545.,0,0,0
WBGene00168546.,0,0,0
WBGene00168547.,0,0,0
WBGene00168548.,0,0,0
WBGene00168549.,0,0,0
WBGene00168550.,0,0,0
WBGene00168551.,0,0,0
WBGene00168552.,0,0,0
WBGene00168553.,0,0,0
WBGene00168554.,0,0,0
WBGene00168555.,0,0,0
WBGene00168556.,0,0,0
WBGene00168557.,0,0,0
WBGene00168558.,0,0,0
WBGene00168559.,0,0,0
WBGene00168560.,0,0,0
WBGene00168561.,0,0,0
WBGene00168562.,0,0,0
WBGene00168563.,0,0,0
WBGene00168564.,0,0,0
WBGene00168565.,0,0,0
WBGene00168566.,0,0,0
WBGene00168567.,0,0,0
WBGene00168568.,0,0,0
WBGene00168569.,0,0,0
WBGene00168570.,0,0,0
WBGene00168571.,0,0,0
WBGene00168572.,0,0,0
WBGene00168573.,0,0,0
WBGene00168574.,0,0,0
WBGene00168575.,0,0,0
WBGene00168576.,0,0,0
WBGene00168577.,0,0,0
WBGene00168578.,0,0,0
WBGene00168579.,0,0,0
WBGene00168580.,0,0,0
WBGene00168581.,0,0,0
WBGene00168582.,0,0,0
WBGene00168583.,0,0,0
WBGene00168584.,0,0,0
WBGene00168585.,0,0,0
WBGene00168586.,0,0,0
WBGene00168587.,0,0,0
WBGene00168588.,0,0,0
WBGene00168589.,0,0,0
WBGene00168590.,0,0,0
WBGene00168591.,0,0,0
WBGene00168592.,0,0,0
WBGene00168593.,0,0,0
WBGene00168594.,0,0,0
WBGene00168595.,0,0,0
WBGene00168596.,0,0,0
WBGene00168597.,0,0,0
WBGene00168598.,0,0,0
WBGene00168599.,0,0,0
WBGene00168600.,0,0,0
WBGene00168601.,0,0,0
WBGene00168602.,0,0,0
WBGene00168603.,0,0,0
WBGene00168604.,0,0,0
WBGene00168605.,0,0,0
WBGene00168606.,0,0,0
WBGene00168607.,0,0,0
WBGene00168608.,0,0,0
WBGene00168609.,0,0,0
WBGene00168610.,0,0,0
WBGene00168611.,0,0,0
WBGene00168612.,0,0,0
WBGene00168613.,0,0,0
WBGene00168614.,0,0,0
WBGene00168615.,0,0,0
WBGene00168616.,0,0,0
WBGene00168617.,0,0,0
WBGene00168618.,0,0,0
WBGene00168619.,0,0,0
WBGene00168620.,0,0,0
WBGene00168621.,0,0,0
WBGene00168622.,0,0,0
WBGene00168623.,0,0,0
WBGene00168624.,0,0,0
WBGene00168625.,0,0,0
WBGene00168626.,0,0,0
WBGene00168627.,0,0,0
WBGene00168628.,0,0,0
WBGene00168629.,0,0,0
WBGene00168630.,0,0,0
WBGene00168631.,0,0,0
WBGene00168632.,0,0,0
WBGene00168633.,0,0,0
WBGene00168634.,0,0,0
WBGene00168635.,0,0,0
WBGene00168636.,0,0,0
WBGene00168637.,0,0,0
WBGene00168638.,0,0,0
WBGene00168639.,0,0,0
WBGene00168640.,0,0,0
WBGene00168641.,0,0,0
WBGene00168642.,0,0,0
WBGene00168643.,0,0,0
WBGene00168644.,0,0,0
WBGene00168645.,0,0,0
WBGene00168646.,0,0,0
WBGene00168647.,0,0,0
WBGene00168648.,0,0,0
WBGene00168649.,0,0,0
WBGene00168650.,0,0,0
WBGene00168651.,0,0,0
WBGene00168652.,0,0,0
WBGene00168653.,0,0,0
WBGene00168654.,0,0,0
WBGene00168655.,0,0,0
WBGene00168656.,0,0,0
WBGene00168657.,0,0,0
WBGene00168658.,0,0,0
WBGene00168659.,0,0,0
WBGene00168660.,0,0,0
WBGene00168661.,0,0,0
WBGene00168662.,0,0,0
WBGene00168663.,0,0,0
WBGene00168664.,0,0,0
WBGene00168665.,0,0,0
WBGene00168666.,0,0,0
WBGene00168667.,0,0,0
WBGene00168668.,0,0,0
WBGene00168669.,0,0,0
WBGene00168670.,0,0,0
WBGene00168671.,0,0,0
WBGene00168672.,0,0,0
WBGene00168673.,0,0,0
WBGene00168674.,0,0,0
WBGene00168675.,0,0,0
WBGene00168676.,0,0,0
WBGene00168677.,0,0,0
WBGene00168678.,0,0,0
WBGene00168679.,0,0,0
WBGene00168680.,0,0,0
WBGene00168681.,0,0,0
WBGene00168682.,0,0,0
WBGene00168683.,0,0,0
WBGene00168684.,0,0,0
WBGene00168685.,0,0,0
WBGene00168686.,0,0,0
WBGene00168687.,0,0,0
WBGene00168688.,0,0,0
WBGene00168689.,0,0,0
WBGene00168690.,0,0,0
WBGene00168691.,0,0,0
WBGene00168692.,0,0,0
WBGene00168693.,0,0,0
WBGene00168694.,0,0,0
WBGene00168695.,0,0,0
WBGene00168696.,0,0,0
WBGene00168697.,0,0,0
WBGene00168698.,0,0,0
WBGene00168699.,0,0,0
WBGene00168700.,0,0,0
WBGene00168701.,0,0,0
WBGene00168702.,0,0,0
WBGene00168703.,0,0,0
WBGene00168704.,0,0,0
WBGene00168705.,0,0,0
WBGene00168706.,0,0,0
WBGene00168707.,0,0,0
WBGene00168708.,0,0,0
WBGene00168709.,0,0,0
WBGene00168710.,0,0,0
WBGene00168711.,0,0,0
WBGene00168712.,0,0,0
WBGene00168713.,0,0,0
WBGene00168714.,0,0,0
WBGene00168715.,0,0,0
WBGene00168716.,0,0,0
WBGene00168717.,0,0,0
WBGene00168718.,0,0,0
WBGene00168719.,0,0,0
WBGene00168720.,0,0,0
WBGene00168721.,0,0,0
WBGene00168722.,0,0,0
WBGene00168723.,0,0,0
WBGene00168724.,0,0,0
WBGene00168725.,0,0,0
WBGene00168726.,0,0,0
WBGene00168727.,0,0,0
WBGene00168728.,0,0,0
WBGene00168729.,0,0,0
WBGene00168730.,0,0,0
WBGene00168731.,0,0,0
WBGene00168732.,0,0,0
WBGene00168733.,0,0,0
WBGene00168734.,0,0,0
WBGene00168735.,0,0,0
WBGene00168736.,0,0,0
WBGene00168737.,0,0,0
WBGene00168738.,0,0,0
WBGene00168739.,0,0,0
WBGene00168740.,0,0,0
WBGene00168741.,0,0,0
WBGene00168742.,0,0,0
WBGene00168743.,0,0,0
WBGene00168744.,0,0,0
WBGene00168745.,0,0,0
WBGene00168746.,0,0,0
WBGene00168747.,0,0,0
WBGene00168748.,0,0,0
WBGene00168749.,0,0,0
WBGene00168750.,0,0,0
WBGene00168751.,0,0,0
WBGene00168752.,0,0,0
WBGene00168753.,0,0,0
WBGene00168754.,0,0,0
WBGene00168755.,0,0,0
WBGene00168756.,0,0,0
WBGene00168757.,0,0,0
WBGene00168758.,0,0,0
WBGene00168759.,0,0,0
WBGene00168760.,0,0,0
WBGene00168761.,0,0,0
WBGene00168762.,0,0,0
WBGene00168763.,0,0,0
WBGene00168764.,0,0,0
WBGene00168765.,0,0,0
WBGene00168766.,0,0,0
WBGene00168767.,0,0,0
WBGene00168768.,0,0,0
WBGene00168769.,0,0,0
WBGene00168770.,0,0,0
WBGene00168771.,0,0,0
WBGene00168772.,0,0,0
WBGene00168773.,0,0,0
WBGene00168774.,0,0,0
WBGene00168775.,0,0,0
WBGene00168776.,0,0,0
WBGene00168777.,0,0,0
WBGene00168778.,0,0,0
WBGene00168779.,0,0,0
WBGene00168780.,0,0,0
WBGene00168781.,0,0,0
WBGene00168782.,0,0,0
WBGene00168783.,0,0,0
WBGene00168784.,0,0,0
WBGene00168785.,0,0,0
WBGene00168786.,0,0,0
WBGene00168787.,0,0,0
WBGene00168788.,0,0,0
WBGene00168789.,0,0,0
WBGene00168790.,0,0,0
WBGene00168791.,0,0,0
WBGene00168792.,0,0,0
WBGene00168793.,0,0,0
WBGene00168794.,0,0,0
WBGene00168795.,0,0,0
WBGene00168796.,0,0,0
WBGene00168797.,0,0,0
WBGene00168798.,0,0,0
WBGene00168799.,0,0,0
WBGene00168800.,0,0,0
WBGene00168801.,0,0,0
WBGene00168802.,0,0,0
WBGene00168803.,0,0,0
WBGene00168804.,0,0,0
WBGene00168805.,0,0,0
WBGene00168806.,0,0,0
WBGene00168807.,0,0,0
WBGene00168808.,0,0,0
WBGene00168809.,0,0,0
WBGene00168810.,0,0,0
WBGene00168811.,0,0,0
WBGene00168812.,0,0,0
WBGene00168813.,0,0,0
WBGene00168814.,0,0,0
WBGene00168815.,0,0,0
WBGene00168816.,0,0,0
WBGene00168817.,0,0,0
WBGene00168818.,0,0,0
WBGene00168819.,0,0,0
WBGene00168820.,0,0,0
WBGene00168821.,0,0,0
WBGene00168822.,0,0,0
WBGene00168823.,0,0,0
WBGene00168824.,0,0,0
WBGene00168825.,0,0,0
WBGene00168826.,0,0,0
WBGene00168827.,0,0,0
WBGene00168828.,0,0,0
WBGene00168829.,0,0,0
WBGene00168830.,0,0,0
WBGene00168831.,0,0,0
WBGene00168832.,0,0,0
WBGene00168833.,0,0,0
WBGene00168834.,0,0,0
WBGene00168835.,0,0,0
WBGene00168836.,0,0,0
WBGene00168837.,0,0,0
WBGene00168838.,0,0,0
WBGene00168839.,0,0,0
WBGene00168840.,0,0,0
WBGene00168841.,0,0,0
WBGene00168842.,0,0,0
WBGene00168843.,0,0,0
WBGene00168844.,0,0,0
WBGene00168845.,0,0,0
WBGene00168846.,0,0,0
WBGene00168847.,0,0,0
WBGene00168848.,0,0,0
WBGene00168849.,0,0,0
WBGene00168850.,0,0,0
WBGene00168851.,0,0,0
WBGene00168852.,0,0,0
WBGene00168853.,0,0,0
WBGene00168854.,0,0,0
WBGene00168855.,0,0,0
WBGene00168856.,0,0,0
WBGene00168857.,0,0,0
WBGene00168858.,0,0,0
WBGene00168859.,0,0,0
WBGene00168860.,0,0,0
WBGene00168861.,0,0,0
WBGene00168862.,0,0,0
WBGene00168863.,0,0,0
WBGene00168864.,0,0,0
WBGene00168865.,0,0,0
WBGene00168866.,0,0,0
WBGene00168867.,0,0,0
WBGene00168868.,0,0,0
WBGene00168869.,0,0,0
WBGene00168870.,0,0,0
WBGene00168871.,0,0,0
WBGene00168872.,0,0,0
WBGene00168873.,0,0,0
WBGene00168874.,0,0,0
WBGene00168875.,0,0,0
WBGene00168876.,0,0,0
WBGene00168877.,0,0,0
WBGene00168878.,0,0,0
WBGene00168879.,0,0,0
WBGene00168880.,0,0,0
WBGene00168881.,0,0,0
WBGene00168882.,0,0,0
WBGene00168883.,0,0,0
WBGene00168884.,0,0,0
WBGene00168885.,0,0,0
WBGene00168886.,0,0,0
WBGene00168887.,0,0,0
WBGene00168888.,0,0,0
WBGene00168889.,0,0,0
WBGene00168890.,0,0,0
WBGene00168891.,0,0,0
WBGene00168892.,0,0,0
WBGene00168893.,0,0,0
WBGene00168894.,0,0,0
WBGene00168895.,0,0,0
WBGene00168896.,0,0,0
WBGene00168897.,0,0,0
WBGene00168898.,0,0,0
WBGene00168899.,0,0,0
WBGene00168900.,0,0,0
WBGene00168901.,0,0,0
WBGene00168902.,0,0,0
WBGene00168903.,0,0,0
WBGene00168904.,0,0,0
WBGene00168905.,0,0,0
WBGene00168906.,0,0,0
WBGene00168907.,0,0,0
WBGene00168908.,0,0,0
WBGene00168909.,0,0,0
WBGene00168910.,0,0,0
WBGene00168911.,0,0,0
WBGene00168912.,0,0,0
WBGene00168913.,0,0,0
WBGene00168914.,0,0,0
WBGene00168915.,0,0,0
WBGene00168916.,0,0,0
WBGene00168917.,0,0,0
WBGene00168918.,0,0,0
WBGene00168919.,0,0,0
WBGene00168920.,0,0,0
WBGene00168921.,0,0,0
WBGene00168922.,0,0,0
WBGene00168923.,0,0,0
WBGene00168924.,0,0,0
WBGene00168925.,0,0,0
WBGene00168926.,0,0,0
WBGene00168927.,0,0,0
WBGene00168928.,0,0,0
WBGene00168929.,0,0,0
WBGene00168930.,0,0,0
WBGene00168931.,0,0,0
WBGene00168932.,0,0,0
WBGene00168933.,0,0,0
WBGene00168934.,0,0,0
WBGene00168935.,0,0,0
WBGene00168936.,0,0,0
WBGene00168937.,0,0,0
WBGene00168938.,0,0,0
WBGene00168939.,0,0,0
WBGene00168940.,0,0,0
WBGene00168941.,0,0,0
WBGene00168942.,0,0,0
WBGene00168943.,0,0,0
WBGene00168944.,0,0,0
WBGene00168945.,0,0,0
WBGene00168946.,0,0,0
WBGene00168947.,0,0,0
WBGene00168948.,0,0,0
WBGene00168949.,0,0,0
WBGene00168950.,0,0,0
WBGene00168951.,0,0,0
WBGene00168952.,0,0,0
WBGene00168953.,0,0,0
WBGene00168954.,0,0,0
WBGene00168955.,0,0,0
WBGene00168956.,0,0,0
WBGene00168957.,0,0,0
WBGene00168958.,0,0,0
WBGene00168959.,0,0,0
WBGene00168960.,0,0,0
WBGene00168961.,0,0,0
WBGene00168962.,0,0,0
WBGene00168963.,0,0,0
WBGene00168964.,0,0,0
WBGene00168965.,0,0,0
WBGene00168966.,0,0,0
WBGene00168967.,0,0,0
WBGene00168968.,0,0,0
WBGene00168969.,0,0,0
WBGene00168970.,0,0,0
WBGene00168971.,0,0,0
WBGene00168972.,0,0,0
WBGene00168973.,0,0,0
WBGene00168974.,0,0,0
WBGene00168975.,0,0,0
WBGene00168976.,0,0,0
WBGene00168977.,0,0,0
WBGene00168978.,0,0,0
WBGene00168979.,0,0,0
WBGene00168980.,0,0,0
WBGene00168981.,0,0,0
WBGene00168982.,0,0,0
WBGene00168983.,0,0,0
WBGene00168984.,0,0,0
WBGene00168985.,0,0,0
WBGene00168986.,0,0,0
WBGene00168987.,0,0,0
WBGene00168988.,0,0,0
WBGene00168989.,0,0,0
WBGene00168990.,0,0,0
WBGene00168991.,0,0,0
WBGene00168992.,0,0,0
WBGene00168993.,0,0,0
WBGene00168994.,0,0,0
WBGene00168995.,0,0,0
WBGene00168996.,0,0,0
WBGene00168997.,0,0,0
WBGene00168998.,0,0,0
WBGene00168999.,0,0,0
WBGene00169000.,0,0,0
WBGene00169001.,0,0,0
WBGene00169002.,0,0,0
WBGene00169003.,0,0,0
WBGene00169004.,0,0,0
WBGene00169005.,0,0,0
WBGene00169006.,0,0,0
WBGene00169007.,0,0,0
WBGene00169008.,0,0,0
WBGene00169009.,0,0,0
WBGene00169010.,0,0,0
WBGene00169011.,0,0,0
WBGene00169012.,0,0,0
WBGene00169013.,0,0,0
WBGene00169014.,0,0,0
WBGene00169015.,0,0,0
WBGene00169016.,0,0,0
WBGene00169017.,0,0,0
WBGene00169018.,0,0,0
WBGene00169019.,0,0,0
WBGene00169020.,0,0,0
WBGene00169021.,0,0,0
WBGene00169022.,0,0,0
WBGene00169023.,0,0,0
WBGene00169024.,0,0,0
WBGene00169025.,0,0,0
WBGene00169026.,0,0,0
WBGene00169027.,0,0,0
WBGene00169028.,0,0,0
WBGene00169029.,0,0,0
WBGene00169030.,0,0,0
WBGene00169031.,0,0,0
WBGene00169032.,0,0,0
WBGene00169033.,0,0,0
WBGene00169034.,0,0,0
WBGene00169035.,0,0,0
WBGene00169036.,0,0,0
WBGene00169037.,0,0,0
WBGene00169038.,0,0,0
WBGene00169039.,0,0,0
WBGene00169040.,0,0,0
WBGene00169041.,0,0,0
WBGene00169042.,0,0,0
WBGene00169043.,0,0,0
WBGene00169044.,0,0,0
WBGene00169045.,0,0,0
WBGene00169046.,0,0,0
WBGene00169047.,0,0,0
WBGene00169048.,0,0,0
WBGene00169049.,0,0,0
WBGene00169050.,0,0,0
WBGene00169051.,0,0,0
WBGene00169052.,0,0,0
WBGene00169053.,0,0,0
WBGene00169054.,0,0,0
WBGene00169055.,0,0,0
WBGene00169056.,0,0,0
WBGene00169057.,0,0,0
WBGene00169058.,0,0,0
WBGene00169059.,0,0,0
WBGene00169060.,0,0,0
WBGene00169061.,0,0,0
WBGene00169062.,0,0,0
WBGene00169063.,0,0,0
WBGene00169064.,0,0,0
WBGene00169065.,0,0,0
WBGene00169066.,0,0,0
WBGene00169067.,0,0,0
WBGene00169068.,0,0,0
WBGene00169069.,0,0,0
WBGene00169070.,0,0,0
WBGene00169071.,0,0,0
WBGene00169072.,0,0,0
WBGene00169073.,0,0,0
WBGene00169074.,0,0,0
WBGene00169075.,0,0,0
WBGene00169076.,0,0,0
WBGene00169077.,0,0,0
WBGene00169078.,0,0,0
WBGene00169079.,0,0,0
WBGene00169080.,0,0,0
WBGene00169081.,0,0,0
WBGene00169082.,0,0,0
WBGene00169083.,0,0,0
WBGene00169084.,0,0,0
WBGene00169085.,0,0,0
WBGene00169086.,0,0,0
WBGene00169087.,0,0,0
WBGene00169088.,0,0,0
WBGene00169089.,0,0,0
WBGene00169090.,0,0,0
WBGene00169091.,0,0,0
WBGene00169092.,0,0,0
WBGene00169093.,0,0,0
WBGene00169094.,0,0,0
WBGene00169095.,0,0,0
WBGene00169096.,0,0,0
WBGene00169097.,0,0,0
WBGene00169098.,0,0,0
WBGene00169099.,0,0,0
WBGene00169100.,0,0,0
WBGene00169101.,0,0,0
WBGene00169102.,0,0,0
WBGene00169103.,0,0,0
WBGene00169104.,0,0,0
WBGene00169105.,0,0,0
WBGene00169106.,0,0,0
WBGene00169107.,0,0,0
WBGene00169108.,0,0,0
WBGene00169109.,0,0,0
WBGene00169110.,0,0,0
WBGene00169111.,0,0,0
WBGene00169112.,0,0,0
WBGene00169113.,0,0,0
WBGene00169114.,0,0,0
WBGene00169115.,0,0,0
WBGene00169116.,0,0,0
WBGene00169117.,0,0,0
WBGene00169118.,0,0,0
WBGene00169119.,0,0,0
WBGene00169120.,0,0,0
WBGene00169121.,0,0,0
WBGene00169122.,0,0,0
WBGene00169123.,0,0,0
WBGene00169124.,0,0,0
WBGene00169125.,0,0,0
WBGene00169126.,0,0,0
WBGene00169127.,0,0,0
WBGene00169128.,0,0,0
WBGene00169129.,0,0,0
WBGene00169130.,0,0,0
WBGene00169131.,0,0,0
WBGene00169132.,0,0,0
WBGene00169133.,0,0,0
WBGene00169134.,0,0,0
WBGene00169135.,0,0,0
WBGene00169136.,0,0,0
WBGene00169137.,0,0,0
WBGene00169138.,0,0,0
WBGene00169139.,0,0,0
WBGene00169140.,0,0,0
WBGene00169141.,0,0,0
WBGene00169142.,0,0,0
WBGene00169143.,0,0,0
WBGene00169144.,0,0,0
WBGene00169145.,0,0,0
WBGene00169146.,0,0,0
WBGene00169147.,0,0,0
WBGene00169148.,0,0,0
WBGene00169149.,0,0,0
WBGene00169150.,0,0,0
WBGene00169151.,0,0,0
WBGene00169152.,0,0,0
WBGene00169153.,0,0,0
WBGene00169154.,0,0,0
WBGene00169155.,0,0,0
WBGene00169156.,0,0,0
WBGene00169157.,0,0,0
WBGene00169158.,0,0,0
WBGene00169159.,0,0,0
WBGene00169160.,0,0,0
WBGene00169161.,0,0,0
WBGene00169162.,0,0,0
WBGene00169163.,0,0,0
WBGene00169164.,0,0,0
WBGene00169165.,0,0,0
WBGene00169166.,0,0,0
WBGene00169167.,0,0,0
WBGene00169168.,0,0,0
WBGene00169169.,0,0,0
WBGene00169170.,0,0,0
WBGene00169171.,0,0,0
WBGene00169172.,0,0,0
WBGene00169173.,0,0,0
WBGene00169174.,0,0,0
WBGene00169175.,0,0,0
WBGene00169176.,0,0,0
WBGene00169177.,0,0,0
WBGene00169178.,0,0,0
WBGene00169179.,0,0,0
WBGene00169180.,0,0,0
WBGene00169181.,0,0,0
WBGene00169182.,0,0,0
WBGene00169183.,0,0,0
WBGene00169184.,0,0,0
WBGene00169185.,0,0,0
WBGene00169186.,0,0,0
WBGene00169187.,0,0,0
WBGene00169188.,0,0,0
WBGene00169189.,0,0,0
WBGene00169190.,0,0,0
WBGene00169191.,0,0,0
WBGene00169192.,0,0,0
WBGene00169193.,0,0,0
WBGene00169194.,0,0,0
WBGene00169195.,0,0,0
WBGene00169196.,0,0,0
WBGene00169197.,0,0,0
WBGene00169198.,0,0,0
WBGene00169199.,0,0,0
WBGene00169200.,0,0,0
WBGene00169201.,0,0,0
WBGene00169202.,0,0,0
WBGene00169203.,0,0,0
WBGene00169204.,0,0,0
WBGene00169205.,0,0,0
WBGene00169206.,0,0,0
WBGene00169207.,0,0,0
WBGene00169208.,0,0,0
WBGene00169209.,0,0,0
WBGene00169210.,0,0,0
WBGene00169211.,0,0,0
WBGene00169212.,0,0,0
WBGene00169213.,0,0,0
WBGene00169214.,0,0,0
WBGene00169215.,0,0,0
WBGene00169216.,0,0,0
WBGene00169217.,0,0,0
WBGene00169218.,0,0,0
WBGene00169219.,0,0,0
WBGene00169220.,0,0,0
WBGene00169221.,0,0,0
WBGene00169222.,0,0,0
WBGene00169223.,0,0,0
WBGene00169224.,0,0,0
WBGene00169225.,0,0,0
WBGene00169226.,0,0,0
WBGene00169227.,0,0,0
WBGene00169228.,0,0,0
WBGene00169229.,0,0,0
WBGene00169230.,0,0,0
WBGene00169231.,0,0,0
WBGene00169232.,0,0,0
WBGene00169233.,0,0,0
WBGene00169234.,0,0,0
WBGene00169235.,0,0,0
WBGene00169236.,0,0,0
WBGene00169237.,0,0,0
WBGene00169238.,0,0,0
WBGene00169239.,0,0,0
WBGene00169240.,0,0,0
WBGene00169242.,0,0,0
WBGene00169243.,0,0,0
WBGene00169244.,0,0,0
WBGene00169245.,0,0,0
WBGene00169246.,0,0,0
WBGene00169247.,0,0,0
WBGene00169248.,0,0,0
WBGene00169249.,0,0,0
WBGene00169250.,0,0,0
WBGene00169251.,0,0,0
WBGene00169252.,0,0,0
WBGene00169253.,0,0,0
WBGene00169254.,0,0,0
WBGene00169255.,0,0,0
WBGene00169256.,0,0,0
WBGene00169257.,0,0,0
WBGene00169258.,0,0,0
WBGene00169259.,0,0,0
WBGene00169260.,0,0,0
WBGene00169261.,0,0,0
WBGene00169262.,0,0,0
WBGene00169263.,0,0,0
WBGene00169264.,0,0,0
WBGene00169265.,0,0,0
WBGene00169266.,0,0,0
WBGene00169267.,0,0,0
WBGene00169268.,0,0,0
WBGene00169269.,0,0,0
WBGene00169270.,0,0,0
WBGene00169271.,0,0,0
WBGene00169272.,0,0,0
WBGene00169273.,0,0,0
WBGene00169274.,0,0,0
WBGene00169275.,0,0,0
WBGene00169276.,0,0,0
WBGene00169277.,0,0,0
WBGene00169278.,0,0,0
WBGene00169279.,0,0,0
WBGene00169280.,0,0,0
WBGene00169281.,0,0,0
WBGene00169282.,0,0,0
WBGene00169283.,0,0,0
WBGene00169284.,0,0,0
WBGene00169285.,0,0,0
WBGene00169286.,0,0,0
WBGene00169287.,0,0,0
WBGene00169288.,0,0,0
WBGene00169289.,0,0,0
WBGene00169290.,0,0,0
WBGene00169291.,0,0,0
WBGene00169292.,0,0,0
WBGene00169293.,0,0,0
WBGene00169294.,0,0,0
WBGene00169295.,0,0,0
WBGene00169296.,0,0,0
WBGene00169297.,0,0,0
WBGene00169298.,0,0,0
WBGene00169299.,0,0,0
WBGene00169300.,0,0,0
WBGene00169301.,0,0,0
WBGene00169302.,0,0,0
WBGene00169303.,0,0,0
WBGene00169304.,0,0,0
WBGene00169305.,0,0,0
WBGene00169306.,0,0,0
WBGene00169307.,0,0,0
WBGene00169308.,0,0,0
WBGene00169309.,0,0,0
WBGene00169310.,0,0,0
WBGene00169311.,0,0,0
WBGene00169312.,0,0,0
WBGene00169313.,0,0,0
WBGene00169314.,0,0,0
WBGene00169315.,0,0,0
WBGene00169316.,0,0,0
WBGene00169317.,0,0,0
WBGene00169318.,0,0,0
WBGene00169319.,0,0,0
WBGene00169320.,0,0,0
WBGene00169321.,0,0,0
WBGene00169322.,0,0,0
WBGene00169323.,0,0,0
WBGene00169324.,0,0,0
WBGene00169325.,0,0,0
WBGene00169326.,0,0,0
WBGene00169327.,0,0,0
WBGene00169328.,0,0,0
WBGene00169329.,0,0,0
WBGene00169330.,0,0,0
WBGene00169331.,0,0,0
WBGene00169332.,0,0,0
WBGene00169333.,0,0,0
WBGene00169334.,0,0,0
WBGene00169335.,0,0,0
WBGene00169336.,0,0,0
WBGene00169337.,0,0,0
WBGene00169338.,0,0,0
WBGene00169339.,0,0,0
WBGene00169340.,0,0,0
WBGene00169341.,0,0,0
WBGene00169342.,0,0,0
WBGene00169343.,0,0,0
WBGene00169344.,0,0,0
WBGene00169345.,0,0,0
WBGene00169346.,0,0,0
WBGene00169347.,0,0,0
WBGene00169348.,0,0,0
WBGene00169349.,0,0,0
WBGene00169350.,0,0,0
WBGene00169351.,0,0,0
WBGene00169352.,0,0,0
WBGene00169353.,0,0,0
WBGene00169354.,0,0,0
WBGene00169355.,0,0,0
WBGene00169356.,0,0,0
WBGene00169357.,0,0,0
WBGene00169358.,0,0,0
WBGene00169359.,0,0,0
WBGene00169360.,0,0,0
WBGene00169361.,0,0,0
WBGene00169362.,0,0,0
WBGene00169363.,0,0,0
WBGene00169364.,0,0,0
WBGene00169365.,0,0,0
WBGene00169366.,0,0,0
WBGene00169367.,0,0,0
WBGene00169368.,0,0,0
WBGene00169369.,0,0,0
WBGene00169370.,0,0,0
WBGene00169371.,0,0,0
WBGene00169372.,0,0,0
WBGene00169373.,0,0,0
WBGene00169374.,0,0,0
WBGene00169375.,0,0,0
WBGene00169376.,0,0,0
WBGene00169377.,0,0,0
WBGene00169378.,0,0,0
WBGene00169379.,0,0,0
WBGene00169380.,0,0,0
WBGene00169381.,0,0,0
WBGene00169382.,0,0,0
WBGene00169383.,0,0,0
WBGene00169384.,0,0,0
WBGene00169385.,0,0,0
WBGene00169386.,0,0,0
WBGene00169387.,0,0,0
WBGene00169388.,0,0,0
WBGene00169389.,0,0,0
WBGene00169390.,0,0,0
WBGene00169391.,0,0,0
WBGene00169392.,0,0,0
WBGene00169393.,0,0,0
WBGene00169394.,0,0,0
WBGene00169395.,0,0,0
WBGene00169396.,0,0,0
WBGene00169397.,0,0,0
WBGene00169398.,0,0,0
WBGene00169399.,0,0,0
WBGene00169401.,0,0,0
WBGene00169402.,0,0,0
WBGene00169403.,0,0,0
WBGene00169404.,0,0,0
WBGene00169405.,0,0,0
WBGene00169406.,0,0,0
WBGene00169407.,0,0,0
WBGene00169408.,0,0,0
WBGene00169409.,0,0,0
WBGene00169410.,0,0,0
WBGene00169411.,0,0,0
WBGene00169412.,0,0,0
WBGene00169413.,0,0,0
WBGene00169414.,0,0,0
WBGene00169415.,0,0,0
WBGene00169416.,0,0,0
WBGene00169417.,0,0,0
WBGene00169418.,0,0,0
WBGene00169419.,0,0,0
WBGene00169420.,0,0,0
WBGene00169421.,0,0,0
WBGene00169422.,0,0,0
WBGene00169423.,0,0,0
WBGene00169424.,0,0,0
WBGene00169425.,0,0,0
WBGene00169426.,0,0,0
WBGene00169427.,0,0,0
WBGene00169428.,0,0,0
WBGene00169429.,0,0,0
WBGene00169430.,0,0,0
WBGene00169431.,0,0,0
WBGene00169432.,0,0,0
WBGene00169433.,0,0,0
WBGene00169434.,0,0,0
WBGene00169435.,0,0,0
WBGene00169436.,0,0,0
WBGene00169437.,0,0,0
WBGene00169438.,0,0,0
WBGene00169439.,0,0,0
WBGene00169440.,0,0,0
WBGene00169441.,0,0,0
WBGene00169442.,0,0,0
WBGene00169443.,0,0,0
WBGene00169444.,0,0,0
WBGene00169445.,0,0,0
WBGene00169446.,0,0,0
WBGene00169447.,0,0,0
WBGene00169448.,0,0,0
WBGene00169449.,0,0,0
WBGene00169450.,0,0,0
WBGene00169451.,0,0,0
WBGene00169452.,0,0,0
WBGene00169453.,0,0,0
WBGene00169454.,0,0,0
WBGene00169455.,0,0,0
WBGene00169456.,0,0,0
WBGene00169457.,0,0,0
WBGene00169458.,0,0,0
WBGene00169459.,0,0,0
WBGene00169460.,0,0,0
WBGene00169461.,0,0,0
WBGene00169462.,0,0,0
WBGene00169463.,0,0,0
WBGene00169464.,0,0,0
WBGene00169465.,0,0,0
WBGene00169466.,0,0,0
WBGene00169467.,0,0,0
WBGene00169468.,0,0,0
WBGene00169469.,0,0,0
WBGene00169470.,0,0,0
WBGene00169471.,0,0,0
WBGene00169472.,0,0,0
WBGene00169473.,0,0,0
WBGene00169474.,0,0,0
WBGene00169475.,0,0,0
WBGene00169476.,0,0,0
WBGene00169477.,0,0,0
WBGene00169478.,0,0,0
WBGene00169479.,0,0,0
WBGene00169480.,0,0,0
WBGene00169481.,0,0,0
WBGene00169482.,0,0,0
WBGene00169483.,0,0,0
WBGene00169484.,0,0,0
WBGene00169485.,0,0,0
WBGene00169486.,0,0,0
WBGene00169487.,0,0,0
WBGene00169488.,0,0,0
WBGene00169489.,0,0,0
WBGene00169490.,0,0,0
WBGene00169491.,0,0,0
WBGene00169492.,0,0,0
WBGene00169493.,0,0,0
WBGene00169494.,0,0,0
WBGene00169495.,0,0,0
WBGene00169496.,0,0,0
WBGene00169497.,0,0,0
WBGene00169498.,0,0,0
WBGene00169499.,0,0,0
WBGene00169500.,0,0,0
WBGene00169501.,0,0,0
WBGene00169502.,0,0,0
WBGene00169503.,0,0,0
WBGene00169504.,0,0,0
WBGene00169505.,0,0,0
WBGene00169506.,0,0,0
WBGene00169507.,0,0,0
WBGene00169508.,0,0,0
WBGene00169509.,0,0,0
WBGene00169510.,0,0,0
WBGene00169511.,0,0,0
WBGene00169512.,0,0,0
WBGene00169513.,0,0,0
WBGene00169514.,0,0,0
WBGene00169515.,0,0,0
WBGene00169516.,0,0,0
WBGene00169517.,0,0,0
WBGene00169518.,0,0,0
WBGene00169519.,0,0,0
WBGene00169520.,0,0,0
WBGene00169521.,0,0,0
WBGene00169522.,0,0,0
WBGene00169523.,0,0,0
WBGene00169524.,0,0,0
WBGene00169525.,0,0,0
WBGene00169526.,0,0,0
WBGene00169527.,0,0,0
WBGene00169528.,0,0,0
WBGene00169529.,0,0,0
WBGene00169530.,0,0,0
WBGene00169531.,0,0,0
WBGene00169532.,0,0,0
WBGene00169533.,0,0,0
WBGene00169534.,0,0,0
WBGene00169535.,0,0,0
WBGene00169536.,0,0,0
WBGene00169537.,0,0,0
WBGene00169538.,0,0,0
WBGene00169539.,0,0,0
WBGene00169540.,0,0,0
WBGene00169541.,0,0,0
WBGene00169542.,0,0,0
WBGene00169543.,0,0,0
WBGene00169544.,0,0,0
WBGene00169545.,0,0,0
WBGene00169546.,0,0,0
WBGene00169547.,0,0,0
WBGene00169548.,0,0,0
WBGene00169549.,0,0,0
WBGene00169550.,0,0,0
WBGene00169551.,0,0,0
WBGene00169552.,0,0,0
WBGene00169553.,0,0,0
WBGene00169554.,0,0,0
WBGene00169555.,0,0,0
WBGene00169556.,0,0,0
WBGene00169557.,0,0,0
WBGene00169558.,0,0,0
WBGene00169559.,0,0,0
WBGene00169560.,0,0,0
WBGene00169561.,0,0,0
WBGene00169562.,0,0,0
WBGene00169563.,0,0,0
WBGene00169564.,0,0,0
WBGene00169565.,0,0,0
WBGene00169566.,0,0,0
WBGene00169567.,0,0,0
WBGene00169568.,0,0,0
WBGene00169569.,0,0,0
WBGene00169570.,0,0,0
WBGene00169571.,0,0,0
WBGene00169572.,0,0,0
WBGene00169573.,0,0,0
WBGene00169574.,0,0,0
WBGene00169575.,0,0,0
WBGene00169576.,0,0,0
WBGene00169577.,0,0,0
WBGene00169578.,0,0,0
WBGene00169579.,0,0,0
WBGene00169580.,0,0,0
WBGene00169581.,0,0,0
WBGene00169582.,0,0,0
WBGene00169583.,0,0,0
WBGene00169584.,0,0,0
WBGene00169585.,0,0,0
WBGene00169586.,0,0,0
WBGene00169587.,0,0,0
WBGene00169588.,0,0,0
WBGene00169589.,0,0,0
WBGene00169590.,0,0,0
WBGene00169591.,0,0,0
WBGene00169592.,0,0,0
WBGene00169593.,0,0,0
WBGene00169594.,0,0,0
WBGene00169595.,0,0,0
WBGene00169596.,0,0,0
WBGene00169597.,0,0,0
WBGene00169598.,0,0,0
WBGene00169599.,0,0,0
WBGene00169600.,0,0,0
WBGene00169601.,0,0,0
WBGene00169602.,0,0,0
WBGene00169603.,0,0,0
WBGene00169604.,0,0,0
WBGene00169605.,0,0,0
WBGene00169606.,0,0,0
WBGene00169607.,0,0,0
WBGene00169608.,0,0,0
WBGene00169609.,0,0,0
WBGene00169610.,0,0,0
WBGene00169611.,0,0,0
WBGene00169612.,0,0,0
WBGene00169613.,0,0,0
WBGene00169614.,0,0,0
WBGene00169615.,0,0,0
WBGene00169617.,0,0,0
WBGene00169618.,0,0,0
WBGene00169619.,0,0,0
WBGene00169620.,0,0,0
WBGene00169621.,0,0,0
WBGene00169622.,0,0,0
WBGene00169623.,0,0,0
WBGene00169624.,0,0,0
WBGene00169625.,0,0,0
WBGene00169626.,0,0,0
WBGene00169627.,0,0,0
WBGene00169628.,0,0,0
WBGene00169629.,0,0,0
WBGene00169630.,0,0,0
WBGene00169631.,0,0,0
WBGene00169632.,0,0,0
WBGene00169633.,0,0,0
WBGene00169634.,0,0,0
WBGene00169635.,0,0,0
WBGene00169636.,0,0,0
WBGene00169637.,0,0,0
WBGene00169638.,0,0,0
WBGene00169639.,0,0,0
WBGene00169640.,0,0,0
WBGene00169641.,0,0,0
WBGene00169642.,0,0,0
WBGene00169643.,0,0,0
WBGene00169644.,0,0,0
WBGene00169645.,0,0,0
WBGene00169646.,0,0,0
WBGene00169647.,0,0,0
WBGene00169648.,0,0,0
WBGene00169649.,0,0,0
WBGene00169650.,0,0,0
WBGene00169651.,0,0,0
WBGene00169652.,0,0,0
WBGene00169653.,0,0,0
WBGene00169654.,0,0,0
WBGene00169655.,0,0,0
WBGene00169656.,0,0,0
WBGene00169657.,0,0,0
WBGene00169658.,0,0,0
WBGene00169659.,0,0,0
WBGene00169660.,0,0,0
WBGene00169661.,0,0,0
WBGene00169662.,0,0,0
WBGene00169663.,0,0,0
WBGene00169664.,0,0,0
WBGene00169665.,0,0,0
WBGene00169666.,0,0,0
WBGene00169667.,0,0,0
WBGene00169668.,0,0,0
WBGene00169669.,0,0,0
WBGene00169670.,0,0,0
WBGene00169671.,0,0,0
WBGene00169672.,0,0,0
WBGene00169673.,0,0,0
WBGene00169674.,0,0,0
WBGene00169675.,0,0,0
WBGene00169676.,0,0,0
WBGene00169677.,0,0,0
WBGene00169678.,0,0,0
WBGene00169679.,0,0,0
WBGene00169680.,0,0,0
WBGene00169681.,0,0,0
WBGene00169682.,0,0,0
WBGene00169683.,0,0,0
WBGene00169684.,0,0,0
WBGene00169685.,0,0,0
WBGene00169686.,0,0,0
WBGene00169687.,0,0,0
WBGene00169688.,0,0,0
WBGene00169689.,0,0,0
WBGene00169690.,0,0,0
WBGene00169691.,0,0,0
WBGene00169692.,0,0,0
WBGene00169693.,0,0,0
WBGene00169694.,0,0,0
WBGene00169695.,0,0,0
WBGene00169696.,0,0,0
WBGene00169697.,0,0,0
WBGene00169698.,0,0,0
WBGene00169699.,0,0,0
WBGene00169700.,0,0,0
WBGene00169701.,0,0,0
WBGene00169702.,0,0,0
WBGene00169703.,0,0,0
WBGene00169704.,0,0,0
WBGene00169705.,0,0,0
WBGene00169706.,0,0,0
WBGene00169707.,0,0,0
WBGene00169708.,0,0,0
WBGene00169709.,0,0,0
WBGene00169710.,0,0,0
WBGene00169711.,0,0,0
WBGene00169712.,0,0,0
WBGene00169713.,0,0,0
WBGene00169714.,0,0,0
WBGene00169715.,0,0,0
WBGene00169716.,0,0,0
WBGene00169717.,0,0,0
WBGene00169718.,0,0,0
WBGene00169719.,0,0,0
WBGene00169720.,0,0,0
WBGene00169721.,0,0,0
WBGene00169722.,0,0,0
WBGene00169723.,0,0,0
WBGene00169724.,0,0,0
WBGene00169725.,0,0,0
WBGene00169726.,0,0,0
WBGene00169727.,0,0,0
WBGene00169728.,0,0,0
WBGene00169729.,0,0,0
WBGene00169730.,0,0,0
WBGene00169731.,0,0,0
WBGene00169732.,0,0,0
WBGene00169733.,0,0,0
WBGene00169734.,0,0,0
WBGene00169735.,0,0,0
WBGene00169736.,0,0,0
WBGene00169737.,0,0,0
WBGene00169738.,0,0,0
WBGene00169739.,0,0,0
WBGene00169740.,0,0,0
WBGene00169741.,0,0,0
WBGene00169742.,0,0,0
WBGene00169743.,0,0,0
WBGene00169744.,0,0,0
WBGene00169745.,0,0,0
WBGene00169746.,0,0,0
WBGene00169747.,0,0,0
WBGene00169748.,0,0,0
WBGene00169749.,0,0,0
WBGene00169750.,0,0,0
WBGene00169751.,0,0,0
WBGene00169752.,0,0,0
WBGene00169753.,0,0,0
WBGene00169754.,0,0,0
WBGene00169755.,0,0,0
WBGene00169756.,0,0,0
WBGene00169757.,0,0,0
WBGene00169758.,0,0,0
WBGene00169759.,0,0,0
WBGene00169760.,0,0,0
WBGene00169761.,0,0,0
WBGene00169762.,0,0,0
WBGene00169763.,0,0,0
WBGene00169764.,0,0,0
WBGene00169765.,0,0,0
WBGene00169766.,0,0,0
WBGene00169767.,0,0,0
WBGene00169768.,0,0,0
WBGene00169769.,0,0,0
WBGene00169770.,0,0,0
WBGene00169771.,0,0,0
WBGene00169772.,0,0,0
WBGene00169773.,0,0,0
WBGene00169774.,0,0,0
WBGene00169775.,0,0,0
WBGene00169776.,0,0,0
WBGene00169777.,0,0,0
WBGene00169778.,0,0,0
WBGene00169779.,0,0,0
WBGene00169780.,0,0,0
WBGene00169781.,0,0,0
WBGene00169782.,0,0,0
WBGene00169783.,0,0,0
WBGene00169784.,0,0,0
WBGene00169785.,0,0,0
WBGene00169786.,0,0,0
WBGene00169787.,0,0,0
WBGene00169788.,0,0,0
WBGene00169789.,0,0,0
WBGene00169790.,0,0,0
WBGene00169791.,0,0,0
WBGene00169792.,0,0,0
WBGene00169793.,0,0,0
WBGene00169794.,0,0,0
WBGene00169795.,0,0,0
WBGene00169796.,0,0,0
WBGene00169797.,0,0,0
WBGene00169798.,0,0,0
WBGene00169799.,0,0,0
WBGene00169800.,0,0,0
WBGene00169801.,0,0,0
WBGene00169802.,0,0,0
WBGene00169803.,0,0,0
WBGene00169804.,0,0,0
WBGene00169805.,0,0,0
WBGene00169806.,0,0,0
WBGene00169807.,0,0,0
WBGene00169808.,0,0,0
WBGene00169809.,0,0,0
WBGene00169810.,0,0,0
WBGene00169811.,0,0,0
WBGene00169812.,0,0,0
WBGene00169813.,0,0,0
WBGene00169814.,0,0,0
WBGene00169815.,0,0,0
WBGene00169816.,0,0,0
WBGene00169817.,0,0,0
WBGene00169818.,0,0,0
WBGene00169819.,0,0,0
WBGene00169820.,0,0,0
WBGene00169821.,0,0,0
WBGene00169822.,0,0,0
WBGene00169823.,0,0,0
WBGene00169824.,0,0,0
WBGene00169825.,0,0,0
WBGene00169826.,0,0,0
WBGene00169827.,0,0,0
WBGene00169828.,0,0,0
WBGene00169829.,0,0,0
WBGene00169830.,0,0,0
WBGene00169831.,0,0,0
WBGene00169832.,0,0,0
WBGene00169833.,0,0,0
WBGene00169834.,0,0,0
WBGene00169835.,0,0,0
WBGene00169836.,0,0,0
WBGene00169837.,0,0,0
WBGene00169838.,0,0,0
WBGene00169839.,0,0,0
WBGene00169840.,0,0,0
WBGene00169841.,0,0,0
WBGene00169842.,0,0,0
WBGene00169843.,0,0,0
WBGene00169844.,0,0,0
WBGene00169845.,0,0,0
WBGene00169846.,0,0,0
WBGene00169847.,0,0,0
WBGene00169848.,0,0,0
WBGene00169849.,0,0,0
WBGene00169850.,0,0,0
WBGene00169851.,0,0,0
WBGene00169852.,0,0,0
WBGene00169853.,0,0,0
WBGene00169854.,0,0,0
WBGene00169855.,0,0,0
WBGene00169856.,0,0,0
WBGene00169857.,0,0,0
WBGene00169858.,0,0,0
WBGene00169859.,0,0,0
WBGene00169860.,0,0,0
WBGene00169861.,0,0,0
WBGene00169862.,0,0,0
WBGene00169863.,0,0,0
WBGene00169864.,0,0,0
WBGene00169865.,0,0,0
WBGene00169866.,0,0,0
WBGene00169867.,0,0,0
WBGene00169868.,0,0,0
WBGene00169869.,0,0,0
WBGene00169870.,0,0,0
WBGene00169871.,0,0,0
WBGene00169872.,0,0,0
WBGene00169873.,0,0,0
WBGene00169874.,0,0,0
WBGene00169875.,0,0,0
WBGene00169876.,0,0,0
WBGene00169877.,0,0,0
WBGene00169878.,0,0,0
WBGene00169879.,0,0,0
WBGene00169880.,0,0,0
WBGene00169881.,0,0,0
WBGene00169882.,0,0,0
WBGene00169883.,0,0,0
WBGene00169884.,0,0,0
WBGene00169885.,0,0,0
WBGene00169886.,0,0,0
WBGene00169887.,0,0,0
WBGene00169888.,0,0,0
WBGene00169889.,0,0,0
WBGene00169890.,0,0,0
WBGene00169891.,0,0,0
WBGene00169892.,0,0,0
WBGene00169893.,0,0,0
WBGene00169894.,0,0,0
WBGene00169895.,0,0,0
WBGene00169896.,0,0,0
WBGene00169897.,0,0,0
WBGene00169898.,0,0,0
WBGene00169899.,0,0,0
WBGene00169900.,0,0,0
WBGene00169901.,0,0,0
WBGene00169902.,0,0,0
WBGene00169903.,0,0,0
WBGene00169904.,0,0,0
WBGene00169905.,0,0,0
WBGene00169906.,0,0,0
WBGene00169907.,0,0,0
WBGene00169908.,0,0,0
WBGene00169909.,0,0,0
WBGene00169910.,0,0,0
WBGene00169911.,0,0,0
WBGene00169912.,0,0,0
WBGene00169913.,0,0,0
WBGene00169914.,0,0,0
WBGene00169915.,0,0,0
WBGene00169916.,0,0,0
WBGene00169917.,0,0,0
WBGene00169918.,0,0,0
WBGene00169919.,0,0,0
WBGene00169920.,0,0,0
WBGene00169921.,0,0,0
WBGene00169922.,0,0,0
WBGene00169923.,0,0,0
WBGene00169924.,0,0,0
WBGene00169925.,0,0,0
WBGene00169926.,0,0,0
WBGene00169927.,0,0,0
WBGene00169928.,0,0,0
WBGene00169929.,0,0,0
WBGene00169930.,0,0,0
WBGene00169931.,0,0,0
WBGene00169932.,0,0,0
WBGene00169933.,0,0,0
WBGene00169934.,0,0,0
WBGene00169935.,0,0,0
WBGene00169936.,0,0,0
WBGene00169937.,0,0,0
WBGene00169938.,0,0,0
WBGene00169939.,0,0,0
WBGene00169940.,0,0,0
WBGene00169941.,0,0,0
WBGene00169942.,0,0,0
WBGene00169943.,0,0,0
WBGene00169944.,0,0,0
WBGene00169946.,0,0,0
WBGene00169947.,0,0,0
WBGene00169948.,0,0,0
WBGene00169949.,0,0,0
WBGene00169950.,0,0,0
WBGene00169951.,0,0,0
WBGene00169952.,0,0,0
WBGene00169953.,0,0,0
WBGene00169954.,0,0,0
WBGene00169955.,0,0,0
WBGene00169956.,0,0,0
WBGene00169957.,0,0,0
WBGene00169958.,0,0,0
WBGene00169959.,0,0,0
WBGene00169960.,0,0,0
WBGene00169961.,0,0,0
WBGene00169962.,0,0,0
WBGene00169963.,0,0,0
WBGene00169964.,0,0,0
WBGene00169965.,0,0,0
WBGene00169966.,0,0,0
WBGene00169967.,0,0,0
WBGene00169968.,0,0,0
WBGene00169969.,0,0,0
WBGene00169970.,0,0,0
WBGene00169971.,0,0,0
WBGene00169972.,0,0,0
WBGene00169973.,0,0,0
WBGene00169974.,0,0,0
WBGene00169975.,0,0,0
WBGene00169976.,0,0,0
WBGene00169977.,0,0,0
WBGene00169978.,0,0,0
WBGene00169979.,0,0,0
WBGene00169980.,0,0,0
WBGene00169981.,0,0,0
WBGene00169982.,0,0,0
WBGene00169983.,0,0,0
WBGene00169984.,0,0,0
WBGene00169985.,0,0,0
WBGene00169986.,0,0,0
WBGene00169987.,0,0,0
WBGene00169988.,0,0,0
WBGene00169989.,0,0,0
WBGene00169990.,0,0,0
WBGene00169991.,0,0,0
WBGene00169992.,0,0,0
WBGene00169993.,0,0,0
WBGene00169994.,0,0,0
WBGene00169995.,0,0,0
WBGene00169996.,0,0,0
WBGene00169997.,0,0,0
WBGene00169998.,0,0,0
WBGene00169999.,0,0,0
WBGene00170000.,0,0,0
WBGene00170001.,0,0,0
WBGene00170002.,0,0,0
WBGene00170003.,0,0,0
WBGene00170004.,0,0,0
WBGene00170005.,0,0,0
WBGene00170006.,0,0,0
WBGene00170007.,0,0,0
WBGene00170008.,0,0,0
WBGene00170009.,0,0,0
WBGene00170010.,0,0,0
WBGene00170011.,0,0,0
WBGene00170012.,0,0,0
WBGene00170013.,0,0,0
WBGene00170014.,0,0,0
WBGene00170015.,0,0,0
WBGene00170016.,0,0,0
WBGene00170017.,0,0,0
WBGene00170018.,0,0,0
WBGene00170019.,0,0,0
WBGene00170020.,0,0,0
WBGene00170021.,0,0,0
WBGene00170022.,0,0,0
WBGene00170023.,0,0,0
WBGene00170024.,0,0,0
WBGene00170025.,0,0,0
WBGene00170026.,0,0,0
WBGene00170027.,0,0,0
WBGene00170028.,0,0,0
WBGene00170029.,0,0,0
WBGene00170030.,0,0,0
WBGene00170031.,0,0,0
WBGene00170032.,0,0,0
WBGene00170033.,0,0,0
WBGene00170034.,0,0,0
WBGene00170035.,0,0,0
WBGene00170036.,0,0,0
WBGene00170037.,0,0,0
WBGene00170038.,0,0,0
WBGene00170039.,0,0,0
WBGene00170040.,0,0,0
WBGene00170041.,0,0,0
WBGene00170042.,0,0,0
WBGene00170043.,0,0,0
WBGene00170044.,0,0,0
WBGene00170045.,0,0,0
WBGene00170046.,0,0,0
WBGene00170047.,0,0,0
WBGene00170048.,0,0,0
WBGene00170049.,0,0,0
WBGene00170050.,0,0,0
WBGene00170051.,0,0,0
WBGene00170052.,0,0,0
WBGene00170053.,0,0,0
WBGene00170054.,0,0,0
WBGene00170055.,0,0,0
WBGene00170056.,0,0,0
WBGene00170057.,0,0,0
WBGene00170058.,0,0,0
WBGene00170059.,0,0,0
WBGene00170060.,0,0,0
WBGene00170061.,0,0,0
WBGene00170062.,0,0,0
WBGene00170063.,0,0,0
WBGene00170064.,0,0,0
WBGene00170065.,0,0,0
WBGene00170066.,0,0,0
WBGene00170067.,0,0,0
WBGene00170068.,0,0,0
WBGene00170069.,0,0,0
WBGene00170070.,0,0,0
WBGene00170071.,0,0,0
WBGene00170072.,0,0,0
WBGene00170073.,0,0,0
WBGene00170074.,0,0,0
WBGene00170075.,0,0,0
WBGene00170076.,0,0,0
WBGene00170077.,0,0,0
WBGene00170078.,0,0,0
WBGene00170079.,0,0,0
WBGene00170080.,0,0,0
WBGene00170081.,0,0,0
WBGene00170082.,0,0,0
WBGene00170083.,0,0,0
WBGene00170084.,0,0,0
WBGene00170085.,0,0,0
WBGene00170086.,0,0,0
WBGene00170087.,0,0,0
WBGene00170088.,0,0,0
WBGene00170089.,0,0,0
WBGene00170090.,0,0,0
WBGene00170091.,0,0,0
WBGene00170092.,0,0,0
WBGene00170093.,0,0,0
WBGene00170094.,0,0,0
WBGene00170095.,0,0,0
WBGene00170096.,0,0,0
WBGene00170097.,0,0,0
WBGene00170098.,0,0,0
WBGene00170099.,0,0,0
WBGene00170100.,0,0,0
WBGene00170101.,0,0,0
WBGene00170102.,0,0,0
WBGene00170103.,0,0,0
WBGene00170104.,0,0,0
WBGene00170105.,0,0,0
WBGene00170106.,0,0,0
WBGene00170107.,0,0,0
WBGene00170108.,0,0,0
WBGene00170109.,0,0,0
WBGene00170110.,0,0,0
WBGene00170111.,0,0,0
WBGene00170112.,0,0,0
WBGene00170113.,0,0,0
WBGene00170114.,0,0,0
WBGene00170115.,0,0,0
WBGene00170116.,0,0,0
WBGene00170117.,0,0,0
WBGene00170118.,0,0,0
WBGene00170119.,0,0,0
WBGene00170120.,0,0,0
WBGene00170121.,0,0,0
WBGene00170122.,0,0,0
WBGene00170123.,0,0,0
WBGene00170124.,0,0,0
WBGene00170125.,0,0,0
WBGene00170126.,0,0,0
WBGene00170127.,0,0,0
WBGene00170128.,0,0,0
WBGene00170129.,0,0,0
WBGene00170130.,0,0,0
WBGene00170131.,0,0,0
WBGene00170132.,0,0,0
WBGene00170133.,0,0,0
WBGene00170134.,0,0,0
WBGene00170135.,0,0,0
WBGene00170136.,0,0,0
WBGene00170137.,0,0,0
WBGene00170138.,0,0,0
WBGene00170139.,0,0,0
WBGene00170140.,0,0,0
WBGene00170141.,0,0,0
WBGene00170142.,0,0,0
WBGene00170143.,0,0,0
WBGene00170144.,0,0,0
WBGene00170145.,0,0,0
WBGene00170146.,0,0,0
WBGene00170147.,0,0,0
WBGene00170148.,0,0,0
WBGene00170149.,0,0,0
WBGene00170150.,0,0,0
WBGene00170151.,0,0,0
WBGene00170152.,0,0,0
WBGene00170153.,0,0,0
WBGene00170154.,0,0,0
WBGene00170155.,0,0,0
WBGene00170156.,0,0,0
WBGene00170157.,0,0,0
WBGene00170158.,0,0,0
WBGene00170159.,0,0,0
WBGene00170160.,0,0,0
WBGene00170161.,0,0,0
WBGene00170162.,0,0,0
WBGene00170163.,0,0,0
WBGene00170164.,0,0,0
WBGene00170165.,0,0,0
WBGene00170166.,0,0,0
WBGene00170167.,0,0,0
WBGene00170168.,0,0,0
WBGene00170169.,0,0,0
WBGene00170170.,0,0,0
WBGene00170171.,0,0,0
WBGene00170172.,0,0,0
WBGene00170173.,0,0,0
WBGene00170174.,0,0,0
WBGene00170175.,0,0,0
WBGene00170176.,0,0,0
WBGene00170177.,0,0,0
WBGene00170178.,0,0,0
WBGene00170179.,0,0,0
WBGene00170180.,0,0,0
WBGene00170181.,0,0,0
WBGene00170182.,0,0,0
WBGene00170183.,0,0,0
WBGene00170184.,0,0,0
WBGene00170185.,0,0,0
WBGene00170186.,0,0,0
WBGene00170187.,0,0,0
WBGene00170188.,0,0,0
WBGene00170189.,0,0,0
WBGene00170190.,0,0,0
WBGene00170191.,0,0,0
WBGene00170192.,0,0,0
WBGene00170193.,0,0,0
WBGene00170194.,0,0,0
WBGene00170195.,0,0,0
WBGene00170196.,0,0,0
WBGene00170197.,0,0,0
WBGene00170198.,0,0,0
WBGene00170199.,0,0,0
WBGene00170200.,0,0,0
WBGene00170201.,0,0,0
WBGene00170202.,0,0,0
WBGene00170203.,0,0,0
WBGene00170204.,0,0,0
WBGene00170205.,0,0,0
WBGene00170206.,0,0,0
WBGene00170207.,0,0,0
WBGene00170208.,0,0,0
WBGene00170209.,0,0,0
WBGene00170210.,0,0,0
WBGene00170211.,0,0,0
WBGene00170212.,0,0,0
WBGene00170213.,0,0,0
WBGene00170214.,0,0,0
WBGene00170215.,0,0,0
WBGene00170216.,0,0,0
WBGene00170217.,0,0,0
WBGene00170218.,0,0,0
WBGene00170219.,0,0,0
WBGene00170220.,0,0,0
WBGene00170221.,0,0,0
WBGene00170222.,0,0,0
WBGene00170223.,0,0,0
WBGene00170224.,0,0,0
WBGene00170225.,0,0,0
WBGene00170226.,0,0,0
WBGene00170227.,0,0,0
WBGene00170228.,0,0,0
WBGene00170229.,0,0,0
WBGene00170230.,0,0,0
WBGene00170231.,0,0,0
WBGene00170232.,0,0,0
WBGene00170233.,0,0,0
WBGene00170234.,0,0,0
WBGene00170235.,0,0,0
WBGene00170236.,0,0,0
WBGene00170237.,0,0,0
WBGene00170238.,0,0,0
WBGene00170239.,0,0,0
WBGene00170240.,0,0,0
WBGene00170241.,0,0,0
WBGene00170242.,0,0,0
WBGene00170243.,0,0,0
WBGene00170244.,0,0,0
WBGene00170245.,0,0,0
WBGene00170246.,0,0,0
WBGene00170247.,0,0,0
WBGene00170248.,0,0,0
WBGene00170249.,0,0,0
WBGene00170250.,0,0,0
WBGene00170251.,0,0,0
WBGene00170252.,0,0,0
WBGene00170253.,0,0,0
WBGene00170254.,0,0,0
WBGene00170255.,0,0,0
WBGene00170256.,0,0,0
WBGene00170257.,0,0,0
WBGene00170258.,0,0,0
WBGene00170259.,0,0,0
WBGene00170260.,0,0,0
WBGene00170261.,0,0,0
WBGene00170262.,0,0,0
WBGene00170263.,0,0,0
WBGene00170264.,0,0,0
WBGene00170265.,0,0,0
WBGene00170266.,0,0,0
WBGene00170267.,0,0,0
WBGene00170268.,0,0,0
WBGene00170269.,0,0,0
WBGene00170270.,0,0,0
WBGene00170271.,0,0,0
WBGene00170272.,0,0,0
WBGene00170273.,0,0,0
WBGene00170274.,0,0,0
WBGene00170275.,0,0,0
WBGene00170276.,0,0,0
WBGene00170277.,0,0,0
WBGene00170278.,0,0,0
WBGene00170279.,0,0,0
WBGene00170280.,0,0,0
WBGene00170281.,0,0,0
WBGene00170282.,0,0,0
WBGene00170283.,0,0,0
WBGene00170284.,0,0,0
WBGene00170285.,0,0,0
WBGene00170286.,0,0,0
WBGene00170287.,0,0,0
WBGene00170288.,0,0,0
WBGene00170289.,0,0,0
WBGene00170290.,0,0,0
WBGene00170291.,0,0,0
WBGene00170292.,0,0,0
WBGene00170293.,0,0,0
WBGene00170294.,0,0,0
WBGene00170295.,0,0,0
WBGene00170296.,0,0,0
WBGene00170297.,0,0,0
WBGene00170298.,0,0,0
WBGene00170299.,0,0,0
WBGene00170300.,0,0,0
WBGene00170301.,0,0,0
WBGene00170302.,0,0,0
WBGene00170303.,0,0,0
WBGene00170304.,0,0,0
WBGene00170305.,0,0,0
WBGene00170306.,0,0,0
WBGene00170307.,0,0,0
WBGene00170308.,0,0,0
WBGene00170309.,0,0,0
WBGene00170310.,0,0,0
WBGene00170311.,0,0,0
WBGene00170312.,0,0,0
WBGene00170313.,0,0,0
WBGene00170314.,0,0,0
WBGene00170315.,0,0,0
WBGene00170316.,0,0,0
WBGene00170317.,0,0,0
WBGene00170318.,0,0,0
WBGene00170319.,0,0,0
WBGene00170320.,0,0,0
WBGene00170321.,0,0,0
WBGene00170322.,0,0,0
WBGene00170323.,0,0,0
WBGene00170324.,0,0,0
WBGene00170325.,0,0,0
WBGene00170326.,0,0,0
WBGene00170327.,0,0,0
WBGene00170328.,0,0,0
WBGene00170329.,0,0,0
WBGene00170330.,0,0,0
WBGene00170331.,0,0,0
WBGene00170332.,0,0,0
WBGene00170333.,0,0,0
WBGene00170334.,0,0,0
WBGene00170335.,0,0,0
WBGene00170336.,0,0,0
WBGene00170337.,0,0,0
WBGene00170338.,0,0,0
WBGene00170339.,0,0,0
WBGene00170340.,0,0,0
WBGene00170341.,0,0,0
WBGene00170342.,0,0,0
WBGene00170343.,0,0,0
WBGene00170344.,0,0,0
WBGene00170345.,0,0,0
WBGene00170346.,0,0,0
WBGene00170347.,0,0,0
WBGene00170348.,0,0,0
WBGene00170349.,0,0,0
WBGene00170350.,0,0,0
WBGene00170351.,0,0,0
WBGene00170352.,0,0,0
WBGene00170353.,0,0,0
WBGene00170354.,0,0,0
WBGene00170355.,0,0,0
WBGene00170356.,0,0,0
WBGene00170357.,0,0,0
WBGene00170358.,0,0,0
WBGene00170359.,0,0,0
WBGene00170360.,0,0,0
WBGene00170361.,0,0,0
WBGene00170362.,0,0,0
WBGene00170363.,0,0,0
WBGene00170364.,0,0,0
WBGene00170365.,0,0,0
WBGene00170366.,0,0,0
WBGene00170367.,0,0,0
WBGene00170368.,0,0,0
WBGene00170369.,0,0,0
WBGene00170370.,0,0,0
WBGene00170371.,0,0,0
WBGene00170372.,0,0,0
WBGene00170373.,0,0,0
WBGene00170374.,0,0,0
WBGene00170375.,0,0,0
WBGene00170376.,0,0,0
WBGene00170377.,0,0,0
WBGene00170378.,0,0,0
WBGene00170379.,0,0,0
WBGene00170380.,0,0,0
WBGene00170381.,0,0,0
WBGene00170382.,0,0,0
WBGene00170383.,0,0,0
WBGene00170384.,0,0,0
WBGene00170385.,0,0,0
WBGene00170386.,0,0,0
WBGene00170387.,0,0,0
WBGene00170388.,0,0,0
WBGene00170389.,0,0,0
WBGene00170390.,0,0,0
WBGene00170391.,0,0,0
WBGene00170392.,0,0,0
WBGene00170393.,0,0,0
WBGene00170394.,0,0,0
WBGene00170395.,0,0,0
WBGene00170396.,0,0,0
WBGene00170397.,0,0,0
WBGene00170398.,0,0,0
WBGene00170399.,0,0,0
WBGene00170400.,0,0,0
WBGene00170401.,0,0,0
WBGene00170402.,0,0,0
WBGene00170403.,0,0,0
WBGene00170404.,0,0,0
WBGene00170405.,0,0,0
WBGene00170406.,0,0,0
WBGene00170407.,0,0,0
WBGene00170408.,0,0,0
WBGene00170409.,0,0,0
WBGene00170410.,0,0,0
WBGene00170411.,0,0,0
WBGene00170412.,0,0,0
WBGene00170413.,0,0,0
WBGene00170414.,0,0,0
WBGene00170415.,0,0,0
WBGene00170416.,0,0,0
WBGene00170417.,0,0,0
WBGene00170418.,0,0,0
WBGene00170419.,0,0,0
WBGene00170420.,0,0,0
WBGene00170421.,0,0,0
WBGene00170422.,0,0,0
WBGene00170423.,0,0,0
WBGene00170424.,0,0,0
WBGene00170425.,0,0,0
WBGene00170426.,0,0,0
WBGene00170427.,0,0,0
WBGene00170428.,0,0,0
WBGene00170429.,0,0,0
WBGene00170430.,0,0,0
WBGene00170431.,0,0,0
WBGene00170432.,0,0,0
WBGene00170433.,0,0,0
WBGene00170434.,0,0,0
WBGene00170435.,0,0,0
WBGene00170436.,0,0,0
WBGene00170437.,0,0,0
WBGene00170438.,0,0,0
WBGene00170439.,0,0,0
WBGene00170440.,0,0,0
WBGene00170441.,0,0,0
WBGene00170442.,0,0,0
WBGene00170443.,0,0,0
WBGene00170444.,0,0,0
WBGene00170445.,0,0,0
WBGene00170446.,0,0,0
WBGene00170447.,0,0,0
WBGene00170448.,0,0,0
WBGene00170449.,0,0,0
WBGene00170450.,0,0,0
WBGene00170451.,0,0,0
WBGene00170452.,0,0,0
WBGene00170453.,0,0,0
WBGene00170454.,0,0,0
WBGene00170455.,0,0,0
WBGene00170456.,0,0,0
WBGene00170457.,0,0,0
WBGene00170458.,0,0,0
WBGene00170459.,0,0,0
WBGene00170460.,0,0,0
WBGene00170461.,0,0,0
WBGene00170462.,0,0,0
WBGene00170463.,0,0,0
WBGene00170464.,0,0,0
WBGene00170465.,0,0,0
WBGene00170466.,0,0,0
WBGene00170467.,0,0,0
WBGene00170468.,0,0,0
WBGene00170469.,0,0,0
WBGene00170470.,0,0,0
WBGene00170471.,0,0,0
WBGene00170472.,0,0,0
WBGene00170473.,0,0,0
WBGene00170474.,0,0,0
WBGene00170475.,0,0,0
WBGene00170476.,0,0,0
WBGene00170477.,0,0,0
WBGene00170478.,0,0,0
WBGene00170479.,0,0,0
WBGene00170480.,0,0,0
WBGene00170481.,0,0,0
WBGene00170482.,0,0,0
WBGene00170483.,0,0,0
WBGene00170484.,0,0,0
WBGene00170485.,0,0,0
WBGene00170486.,0,0,0
WBGene00170487.,0,0,0
WBGene00170488.,0,0,0
WBGene00170489.,0,0,0
WBGene00170490.,0,0,0
WBGene00170491.,0,0,0
WBGene00170492.,0,0,0
WBGene00170493.,0,0,0
WBGene00170494.,0,0,0
WBGene00170495.,0,0,0
WBGene00170496.,0,0,0
WBGene00170497.,0,0,0
WBGene00170498.,0,0,0
WBGene00170499.,0,0,0
WBGene00170500.,0,0,0
WBGene00170501.,0,0,0
WBGene00170502.,0,0,0
WBGene00170503.,0,0,0
WBGene00170504.,0,0,0
WBGene00170505.,0,0,0
WBGene00170506.,0,0,0
WBGene00170507.,0,0,0
WBGene00170508.,0,0,0
WBGene00170509.,0,0,0
WBGene00170510.,0,0,0
WBGene00170511.,0,0,0
WBGene00170512.,0,0,0
WBGene00170513.,0,0,0
WBGene00170514.,0,0,0
WBGene00170515.,0,0,0
WBGene00170516.,0,0,0
WBGene00170517.,0,0,0
WBGene00170518.,0,0,0
WBGene00170519.,0,0,0
WBGene00170520.,0,0,0
WBGene00170521.,0,0,0
WBGene00170522.,0,0,0
WBGene00170523.,0,0,0
WBGene00170524.,0,0,0
WBGene00170525.,0,0,0
WBGene00170526.,0,0,0
WBGene00170527.,0,0,0
WBGene00170528.,0,0,0
WBGene00170529.,0,0,0
WBGene00170530.,0,0,0
WBGene00170531.,0,0,0
WBGene00170532.,0,0,0
WBGene00170533.,0,0,0
WBGene00170534.,0,0,0
WBGene00170535.,0,0,0
WBGene00170536.,0,0,0
WBGene00170537.,0,0,0
WBGene00170538.,0,0,0
WBGene00170539.,0,0,0
WBGene00170540.,0,0,0
WBGene00170541.,0,0,0
WBGene00170542.,0,0,0
WBGene00170543.,0,0,0
WBGene00170544.,0,0,0
WBGene00170545.,0,0,0
WBGene00170546.,0,0,0
WBGene00170547.,0,0,0
WBGene00170548.,0,0,0
WBGene00170549.,0,0,0
WBGene00170550.,0,0,0
WBGene00170551.,0,0,0
WBGene00170552.,0,0,0
WBGene00170553.,0,0,0
WBGene00170554.,0,0,0
WBGene00170555.,0,0,0
WBGene00170556.,0,0,0
WBGene00170557.,0,0,0
WBGene00170558.,0,0,0
WBGene00170559.,0,0,0
WBGene00170560.,0,0,0
WBGene00170561.,0,0,0
WBGene00170562.,0,0,0
WBGene00170563.,0,0,0
WBGene00170564.,0,0,0
WBGene00170565.,0,0,0
WBGene00170566.,0,0,0
WBGene00170567.,0,0,0
WBGene00170568.,0,0,0
WBGene00170569.,0,0,0
WBGene00170570.,0,0,0
WBGene00170571.,0,0,0
WBGene00170572.,0,0,0
WBGene00170573.,0,0,0
WBGene00170574.,0,0,0
WBGene00170575.,0,0,0
WBGene00170576.,0,0,0
WBGene00170577.,0,0,0
WBGene00170578.,0,0,0
WBGene00170579.,0,0,0
WBGene00170580.,0,0,0
WBGene00170581.,0,0,0
WBGene00170582.,0,0,0
WBGene00170583.,0,0,0
WBGene00170584.,0,0,0
WBGene00170585.,0,0,0
WBGene00170586.,0,0,0
WBGene00170587.,0,0,0
WBGene00170588.,0,0,0
WBGene00170589.,0,0,0
WBGene00170590.,0,0,0
WBGene00170591.,0,0,0
WBGene00170592.,0,0,0
WBGene00170593.,0,0,0
WBGene00170594.,0,0,0
WBGene00170595.,0,0,0
WBGene00170596.,0,0,0
WBGene00170597.,0,0,0
WBGene00170598.,0,0,0
WBGene00170599.,0,0,0
WBGene00170600.,0,0,0
WBGene00170601.,0,0,0
WBGene00170602.,0,0,0
WBGene00170603.,0,0,0
WBGene00170604.,0,0,0
WBGene00170605.,0,0,0
WBGene00170606.,0,0,0
WBGene00170607.,0,0,0
WBGene00170608.,0,0,0
WBGene00170609.,0,0,0
WBGene00170610.,0,0,0
WBGene00170611.,0,0,0
WBGene00170612.,0,0,0
WBGene00170613.,0,0,0
WBGene00170614.,0,0,0
WBGene00170615.,0,0,0
WBGene00170616.,0,0,0
WBGene00170617.,0,0,0
WBGene00170618.,0,0,0
WBGene00170619.,0,0,0
WBGene00170620.,0,0,0
WBGene00170621.,0,0,0
WBGene00170622.,0,0,0
WBGene00170623.,0,0,0
WBGene00170624.,0,0,0
WBGene00170625.,0,0,0
WBGene00170626.,0,0,0
WBGene00170627.,0,0,0
WBGene00170628.,0,0,0
WBGene00170629.,0,0,0
WBGene00170630.,0,0,0
WBGene00170631.,0,0,0
WBGene00170632.,0,0,0
WBGene00170633.,0,0,0
WBGene00170634.,0,0,0
WBGene00170635.,0,0,0
WBGene00170636.,0,0,0
WBGene00170637.,0,0,0
WBGene00170638.,0,0,0
WBGene00170639.,0,0,0
WBGene00170640.,0,0,0
WBGene00170641.,0,0,0
WBGene00170642.,0,0,0
WBGene00170643.,0,0,0
WBGene00170644.,0,0,0
WBGene00170645.,0,0,0
WBGene00170646.,0,0,0
WBGene00170647.,0,0,0
WBGene00170648.,0,0,0
WBGene00170649.,0,0,0
WBGene00170650.,0,0,0
WBGene00170651.,0,0,0
WBGene00170652.,0,0,0
WBGene00170653.,0,0,0
WBGene00170654.,0,0,0
WBGene00170655.,0,0,0
WBGene00170656.,0,0,0
WBGene00170657.,0,0,0
WBGene00170658.,0,0,0
WBGene00170659.,0,0,0
WBGene00170660.,0,0,0
WBGene00170661.,0,0,0
WBGene00170662.,0,0,0
WBGene00170663.,0,0,0
WBGene00170664.,0,0,0
WBGene00170665.,0,0,0
WBGene00170666.,0,0,0
WBGene00170667.,0,0,0
WBGene00170668.,0,0,0
WBGene00170669.,0,0,0
WBGene00170670.,0,0,0
WBGene00170671.,0,0,0
WBGene00170672.,0,0,0
WBGene00170673.,0,0,0
WBGene00170674.,0,0,0
WBGene00170675.,0,0,0
WBGene00170676.,0,0,0
WBGene00170677.,0,0,0
WBGene00170678.,0,0,0
WBGene00170679.,0,0,0
WBGene00170680.,0,0,0
WBGene00170681.,0,0,0
WBGene00170682.,0,0,0
WBGene00170683.,0,0,0
WBGene00170684.,0,0,0
WBGene00170685.,0,0,0
WBGene00170686.,0,0,0
WBGene00170687.,0,0,0
WBGene00170688.,0,0,0
WBGene00170689.,0,0,0
WBGene00170690.,0,0,0
WBGene00170691.,0,0,0
WBGene00170692.,0,0,0
WBGene00170693.,0,0,0
WBGene00170694.,0,0,0
WBGene00170695.,0,0,0
WBGene00170697.,0,0,0
WBGene00170698.,0,0,0
WBGene00170699.,0,0,0
WBGene00170700.,0,0,0
WBGene00170701.,0,0,0
WBGene00170702.,0,0,0
WBGene00170703.,0,0,0
WBGene00170704.,0,0,0
WBGene00170705.,0,0,0
WBGene00170706.,0,0,0
WBGene00170707.,0,0,0
WBGene00170708.,0,0,0
WBGene00170709.,0,0,0
WBGene00170710.,0,0,0
WBGene00170711.,0,0,0
WBGene00170712.,0,0,0
WBGene00170713.,0,0,0
WBGene00170714.,0,0,0
WBGene00170715.,0,0,0
WBGene00170716.,0,0,0
WBGene00170717.,0,0,0
WBGene00170718.,0,0,0
WBGene00170719.,0,0,0
WBGene00170720.,0,0,0
WBGene00170721.,0,0,0
WBGene00170722.,0,0,0
WBGene00170723.,0,0,0
WBGene00170724.,0,0,0
WBGene00170725.,0,0,0
WBGene00170726.,0,0,0
WBGene00170727.,0,0,0
WBGene00170728.,0,0,0
WBGene00170729.,0,0,0
WBGene00170730.,0,0,0
WBGene00170731.,0,0,0
WBGene00170732.,0,0,0
WBGene00170733.,0,0,0
WBGene00170734.,0,0,0
WBGene00170735.,0,0,0
WBGene00170736.,0,0,0
WBGene00170737.,0,0,0
WBGene00170738.,0,0,0
WBGene00170739.,0,0,0
WBGene00170740.,0,0,0
WBGene00170741.,0,0,0
WBGene00170742.,0,0,0
WBGene00170743.,0,0,0
WBGene00170744.,0,0,0
WBGene00170745.,0,0,0
WBGene00170746.,0,0,0
WBGene00170747.,0,0,0
WBGene00170748.,0,0,0
WBGene00170749.,0,0,0
WBGene00170750.,0,0,0
WBGene00170751.,0,0,0
WBGene00170752.,0,0,0
WBGene00170753.,0,0,0
WBGene00170754.,0,0,0
WBGene00170755.,0,0,0
WBGene00170756.,0,0,0
WBGene00170757.,0,0,0
WBGene00170758.,0,0,0
WBGene00170759.,0,0,0
WBGene00170760.,0,0,0
WBGene00170761.,0,0,0
WBGene00170762.,0,0,0
WBGene00170763.,0,0,0
WBGene00170764.,0,0,0
WBGene00170765.,0,0,0
WBGene00170766.,0,0,0
WBGene00170767.,0,0,0
WBGene00170768.,0,0,0
WBGene00170769.,0,0,0
WBGene00170770.,0,0,0
WBGene00170771.,0,0,0
WBGene00170772.,0,0,0
WBGene00170773.,0,0,0
WBGene00170774.,0,0,0
WBGene00170775.,0,0,0
WBGene00170776.,0,0,0
WBGene00170777.,0,0,0
WBGene00170778.,0,0,0
WBGene00170779.,0,0,0
WBGene00170780.,0,0,0
WBGene00170781.,0,0,0
WBGene00170782.,0,0,0
WBGene00170783.,0,0,0
WBGene00170784.,0,0,0
WBGene00170785.,0,0,0
WBGene00170786.,0,0,0
WBGene00170787.,0,0,0
WBGene00170788.,0,0,0
WBGene00170789.,0,0,0
WBGene00170790.,0,0,0
WBGene00170791.,0,0,0
WBGene00170792.,0,0,0
WBGene00170793.,0,0,0
WBGene00170794.,0,0,0
WBGene00170795.,0,0,0
WBGene00170796.,0,0,0
WBGene00170797.,0,0,0
WBGene00170798.,0,0,0
WBGene00170799.,0,0,0
WBGene00170800.,0,0,0
WBGene00170801.,0,0,0
WBGene00170802.,0,0,0
WBGene00170803.,0,0,0
WBGene00170804.,0,0,0
WBGene00170805.,0,0,0
WBGene00170806.,0,0,0
WBGene00170807.,0,0,0
WBGene00170808.,0,0,0
WBGene00170809.,0,0,0
WBGene00170810.,0,0,0
WBGene00170811.,0,0,0
WBGene00170812.,0,0,0
WBGene00170813.,0,0,0
WBGene00170814.,0,0,0
WBGene00170815.,0,0,0
WBGene00170816.,0,0,0
WBGene00170817.,0,0,0
WBGene00170818.,0,0,0
WBGene00170819.,0,0,0
WBGene00170820.,0,0,0
WBGene00170821.,0,0,0
WBGene00170822.,0,0,0
WBGene00170823.,0,0,0
WBGene00170824.,0,0,0
WBGene00170825.,0,0,0
WBGene00170826.,0,0,0
WBGene00170827.,0,0,0
WBGene00170828.,0,0,0
WBGene00170829.,0,0,0
WBGene00170830.,0,0,0
WBGene00170831.,0,0,0
WBGene00170832.,0,0,0
WBGene00170833.,0,0,0
WBGene00170834.,0,0,0
WBGene00170835.,0,0,0
WBGene00170836.,0,0,0
WBGene00170837.,0,0,0
WBGene00170838.,0,0,0
WBGene00170839.,0,0,0
WBGene00170840.,0,0,0
WBGene00170841.,0,0,0
WBGene00170842.,0,0,0
WBGene00170843.,0,0,0
WBGene00170844.,0,0,0
WBGene00170845.,0,0,0
WBGene00170846.,0,0,0
WBGene00170847.,0,0,0
WBGene00170848.,0,0,0
WBGene00170849.,0,0,0
WBGene00170850.,0,0,0
WBGene00170851.,0,0,0
WBGene00170852.,0,0,0
WBGene00170853.,0,0,0
WBGene00170854.,0,0,0
WBGene00170855.,0,0,0
WBGene00170856.,0,0,0
WBGene00170857.,0,0,0
WBGene00170858.,0,0,0
WBGene00170859.,0,0,0
WBGene00170860.,0,0,0
WBGene00170861.,0,0,0
WBGene00170862.,0,0,0
WBGene00170863.,0,0,0
WBGene00170864.,0,0,0
WBGene00170865.,0,0,0
WBGene00170866.,0,0,0
WBGene00170867.,0,0,0
WBGene00170868.,0,0,0
WBGene00170869.,0,0,0
WBGene00170870.,0,0,0
WBGene00170871.,0,0,0
WBGene00170872.,0,0,0
WBGene00170873.,0,0,0
WBGene00170874.,0,0,0
WBGene00170875.,0,0,0
WBGene00170876.,0,0,0
WBGene00170877.,0,0,0
WBGene00170878.,0,0,0
WBGene00170879.,0,0,0
WBGene00170880.,0,0,0
WBGene00170881.,0,0,0
WBGene00170882.,0,0,0
WBGene00170883.,0,0,0
WBGene00170884.,0,0,0
WBGene00170885.,0,0,0
WBGene00170886.,0,0,0
WBGene00170887.,0,0,0
WBGene00170888.,0,0,0
WBGene00170889.,0,0,0
WBGene00170890.,0,0,0
WBGene00170891.,0,0,0
WBGene00170892.,0,0,0
WBGene00170893.,0,0,0
WBGene00170894.,0,0,0
WBGene00170895.,0,0,0
WBGene00170896.,0,0,0
WBGene00170897.,0,0,0
WBGene00170898.,0,0,0
WBGene00170899.,0,0,0
WBGene00170900.,0,0,0
WBGene00170901.,0,0,0
WBGene00170902.,0,0,0
WBGene00170903.,0,0,0
WBGene00170904.,0,0,0
WBGene00170905.,0,0,0
WBGene00170906.,0,0,0
WBGene00170907.,0,0,0
WBGene00170908.,0,0,0
WBGene00170909.,0,0,0
WBGene00170910.,0,0,0
WBGene00170911.,0,0,0
WBGene00170912.,0,0,0
WBGene00170913.,0,0,0
WBGene00170914.,0,0,0
WBGene00170915.,0,0,0
WBGene00170916.,0,0,0
WBGene00170917.,0,0,0
WBGene00170918.,0,0,0
WBGene00170919.,0,0,0
WBGene00170920.,0,0,0
WBGene00170921.,0,0,0
WBGene00170922.,0,0,0
WBGene00170923.,0,0,0
WBGene00170924.,0,0,0
WBGene00170925.,0,0,0
WBGene00170926.,0,0,0
WBGene00170927.,0,0,0
WBGene00170928.,0,0,0
WBGene00170929.,0,0,0
WBGene00170930.,0,0,0
WBGene00170931.,0,0,0
WBGene00170932.,0,0,0
WBGene00170933.,0,0,0
WBGene00170934.,0,0,0
WBGene00170935.,0,0,0
WBGene00170936.,0,0,0
WBGene00170937.,0,0,0
WBGene00170938.,0,0,0
WBGene00170939.,0,0,0
WBGene00170940.,0,0,0
WBGene00170941.,0,0,0
WBGene00170942.,0,0,0
WBGene00170943.,0,0,0
WBGene00170944.,0,0,0
WBGene00170945.,0,0,0
WBGene00170946.,0,0,0
WBGene00170947.,0,0,0
WBGene00170948.,0,0,0
WBGene00170949.,0,0,0
WBGene00170950.,0,0,0
WBGene00170951.,0,0,0
WBGene00170952.,0,0,0
WBGene00170953.,0,0,0
WBGene00170954.,0,0,0
WBGene00170955.,0,0,0
WBGene00170956.,0,0,0
WBGene00170957.,0,0,0
WBGene00170958.,0,0,0
WBGene00170959.,0,0,0
WBGene00170960.,0,0,0
WBGene00170961.,0,0,0
WBGene00170962.,0,0,0
WBGene00170963.,0,0,0
WBGene00170964.,0,0,0
WBGene00170965.,0,0,0
WBGene00170966.,0,0,0
WBGene00170967.,0,0,0
WBGene00170968.,0,0,0
WBGene00170969.,0,0,0
WBGene00170970.,0,0,0
WBGene00170971.,0,0,0
WBGene00170972.,0,0,0
WBGene00170973.,0,0,0
WBGene00170974.,0,0,0
WBGene00170975.,0,0,0
WBGene00170976.,0,0,0
WBGene00170977.,0,0,0
WBGene00170978.,0,0,0
WBGene00170979.,0,0,0
WBGene00170980.,0,0,0
WBGene00170981.,0,0,0
WBGene00170982.,0,0,0
WBGene00170983.,0,0,0
WBGene00170984.,0,0,0
WBGene00170985.,0,0,0
WBGene00170986.,0,0,0
WBGene00170987.,0,0,0
WBGene00170988.,0,0,0
WBGene00170989.,0,0,0
WBGene00170990.,0,0,0
WBGene00170991.,0,0,0
WBGene00170992.,0,0,0
WBGene00170993.,0,0,0
WBGene00170994.,0,0,0
WBGene00170995.,0,0,0
WBGene00170996.,0,0,0
WBGene00170997.,0,0,0
WBGene00170998.,0,0,0
WBGene00170999.,0,0,0
WBGene00171000.,0,0,0
WBGene00171001.,0,0,0
WBGene00171002.,0,0,0
WBGene00171003.,0,0,0
WBGene00171004.,0,0,0
WBGene00171005.,0,0,0
WBGene00171006.,0,0,0
WBGene00171007.,0,0,0
WBGene00171008.,0,0,0
WBGene00171009.,0,0,0
WBGene00171010.,0,0,0
WBGene00171011.,0,0,0
WBGene00171012.,0,0,0
WBGene00171013.,0,0,0
WBGene00171014.,0,0,0
WBGene00171015.,0,0,0
WBGene00171016.,0,0,0
WBGene00171017.,0,0,0
WBGene00171018.,0,0,0
WBGene00171019.,0,0,0
WBGene00171020.,0,0,0
WBGene00171021.,0,0,0
WBGene00171022.,0,0,0
WBGene00171023.,0,0,0
WBGene00171024.,0,0,0
WBGene00171025.,0,0,0
WBGene00171026.,0,0,0
WBGene00171027.,0,0,0
WBGene00171028.,0,0,0
WBGene00171029.,0,0,0
WBGene00171030.,0,0,0
WBGene00171031.,0,0,0
WBGene00171032.,0,0,0
WBGene00171033.,0,0,0
WBGene00171034.,0,0,0
WBGene00171035.,0,0,0
WBGene00171036.,0,0,0
WBGene00171037.,0,0,0
WBGene00171038.,0,0,0
WBGene00171039.,0,0,0
WBGene00171040.,0,0,0
WBGene00171041.,0,0,0
WBGene00171042.,0,0,0
WBGene00171043.,0,0,0
WBGene00171044.,0,0,0
WBGene00171045.,0,0,0
WBGene00171046.,0,0,0
WBGene00171047.,0,0,0
WBGene00171048.,0,0,0
WBGene00171049.,0,0,0
WBGene00171050.,0,0,0
WBGene00171051.,0,0,0
WBGene00171052.,0,0,0
WBGene00171053.,0,0,0
WBGene00171054.,0,0,0
WBGene00171055.,0,0,0
WBGene00171056.,0,0,0
WBGene00171057.,0,0,0
WBGene00171058.,0,0,0
WBGene00171059.,0,0,0
WBGene00171060.,0,0,0
WBGene00171061.,0,0,0
WBGene00171062.,0,0,0
WBGene00171063.,0,0,0
WBGene00171064.,0,0,0
WBGene00171065.,0,0,0
WBGene00171066.,0,0,0
WBGene00171067.,0,0,0
WBGene00171068.,0,0,0
WBGene00171069.,0,0,0
WBGene00171070.,0,0,0
WBGene00171071.,0,0,0
WBGene00171072.,0,0,0
WBGene00171073.,0,0,0
WBGene00171074.,0,0,0
WBGene00171075.,0,0,0
WBGene00171076.,0,0,0
WBGene00171077.,0,0,0
WBGene00171078.,0,0,0
WBGene00171079.,0,0,0
WBGene00171080.,0,0,0
WBGene00171081.,0,0,0
WBGene00171082.,0,0,0
WBGene00171083.,0,0,0
WBGene00171084.,0,0,0
WBGene00171085.,0,0,0
WBGene00171086.,0,0,0
WBGene00171087.,0,0,0
WBGene00171088.,0,0,0
WBGene00171089.,0,0,0
WBGene00171090.,0,0,0
WBGene00171091.,0,0,0
WBGene00171092.,0,0,0
WBGene00171093.,0,0,0
WBGene00171094.,0,0,0
WBGene00171095.,0,0,0
WBGene00171096.,0,0,0
WBGene00171097.,0,0,0
WBGene00171098.,0,0,0
WBGene00171099.,0,0,0
WBGene00171100.,0,0,0
WBGene00171101.,0,0,0
WBGene00171102.,0,0,0
WBGene00171103.,0,0,0
WBGene00171104.,0,0,0
WBGene00171105.,0,0,0
WBGene00171106.,0,0,0
WBGene00171107.,0,0,0
WBGene00171108.,0,0,0
WBGene00171109.,0,0,0
WBGene00171110.,0,0,0
WBGene00171111.,0,0,0
WBGene00171112.,0,0,0
WBGene00171113.,0,0,0
WBGene00171114.,0,0,0
WBGene00171115.,0,0,0
WBGene00171116.,0,0,0
WBGene00171117.,0,0,0
WBGene00171118.,0,0,0
WBGene00171119.,0,0,0
WBGene00171120.,0,0,0
WBGene00171121.,0,0,0
WBGene00171122.,0,0,0
WBGene00171123.,0,0,0
WBGene00171124.,0,0,0
WBGene00171125.,0,0,0
WBGene00171126.,0,0,0
WBGene00171127.,0,0,0
WBGene00171128.,0,0,0
WBGene00171129.,0,0,0
WBGene00171130.,0,0,0
WBGene00171131.,0,0,0
WBGene00171132.,0,0,0
WBGene00171133.,0,0,0
WBGene00171134.,0,0,0
WBGene00171135.,0,0,0
WBGene00171136.,0,0,0
WBGene00171137.,0,0,0
WBGene00171138.,0,0,0
WBGene00171139.,0,0,0
WBGene00171140.,0,0,0
WBGene00171141.,0,0,0
WBGene00171142.,0,0,0
WBGene00171143.,0,0,0
WBGene00171144.,0,0,0
WBGene00171145.,0,0,0
WBGene00171146.,0,0,0
WBGene00171147.,0,0,0
WBGene00171148.,0,0,0
WBGene00171149.,0,0,0
WBGene00171150.,0,0,0
WBGene00171151.,0,0,0
WBGene00171152.,0,0,0
WBGene00171153.,0,0,0
WBGene00171154.,0,0,0
WBGene00171155.,0,0,0
WBGene00171156.,0,0,0
WBGene00171157.,0,0,0
WBGene00171158.,0,0,0
WBGene00171159.,0,0,0
WBGene00171160.,0,0,0
WBGene00171161.,0,0,0
WBGene00171162.,0,0,0
WBGene00171163.,0,0,0
WBGene00171164.,0,0,0
WBGene00171165.,0,0,0
WBGene00171166.,0,0,0
WBGene00171167.,0,0,0
WBGene00171168.,0,0,0
WBGene00171169.,0,0,0
WBGene00171170.,0,0,0
WBGene00171171.,0,0,0
WBGene00171172.,0,0,0
WBGene00171173.,0,0,0
WBGene00171174.,0,0,0
WBGene00171175.,0,0,0
WBGene00171176.,0,0,0
WBGene00171177.,0,0,0
WBGene00171178.,0,0,0
WBGene00171179.,0,0,0
WBGene00171180.,0,0,0
WBGene00171181.,0,0,0
WBGene00171182.,0,0,0
WBGene00171183.,0,0,0
WBGene00171184.,0,0,0
WBGene00171185.,0,0,0
WBGene00171186.,0,0,0
WBGene00171187.,0,0,0
WBGene00171188.,0,0,0
WBGene00171189.,0,0,0
WBGene00171190.,0,0,0
WBGene00171191.,0,0,0
WBGene00171192.,0,0,0
WBGene00171193.,0,0,0
WBGene00171194.,0,0,0
WBGene00171195.,0,0,0
WBGene00171196.,0,0,0
WBGene00171197.,0,0,0
WBGene00171198.,0,0,0
WBGene00171199.,0,0,0
WBGene00171200.,0,0,0
WBGene00171201.,0,0,0
WBGene00171202.,0,0,0
WBGene00171203.,0,0,0
WBGene00171204.,0,0,0
WBGene00171205.,0,0,0
WBGene00171206.,0,0,0
WBGene00171207.,0,0,0
WBGene00171208.,0,0,0
WBGene00171209.,0,0,0
WBGene00171210.,0,0,0
WBGene00171211.,0,0,0
WBGene00171212.,0,0,0
WBGene00171213.,0,0,0
WBGene00171214.,0,0,0
WBGene00171215.,0,0,0
WBGene00171216.,0,0,0
WBGene00171217.,0,0,0
WBGene00171218.,0,0,0
WBGene00171219.,0,0,0
WBGene00171220.,0,0,0
WBGene00171221.,0,0,0
WBGene00171222.,0,0,0
WBGene00171223.,0,0,0
WBGene00171224.,0,0,0
WBGene00171225.,0,0,0
WBGene00171226.,0,0,0
WBGene00171227.,0,0,0
WBGene00171228.,0,0,0
WBGene00171229.,0,0,0
WBGene00171230.,0,0,0
WBGene00171231.,0,0,0
WBGene00171232.,0,0,0
WBGene00171233.,0,0,0
WBGene00171234.,0,0,0
WBGene00171235.,0,0,0
WBGene00171236.,0,0,0
WBGene00171237.,0,0,0
WBGene00171238.,0,0,0
WBGene00171239.,0,0,0
WBGene00171240.,0,0,0
WBGene00171241.,0,0,0
WBGene00171242.,0,0,0
WBGene00171243.,0,0,0
WBGene00171244.,0,0,0
WBGene00171245.,0,0,0
WBGene00171246.,0,0,0
WBGene00171247.,0,0,0
WBGene00171248.,0,0,0
WBGene00171249.,0,0,0
WBGene00171250.,0,0,0
WBGene00171251.,0,0,0
WBGene00171252.,0,0,0
WBGene00171253.,0,0,0
WBGene00171254.,0,0,0
WBGene00171255.,0,0,0
WBGene00171256.,0,0,0
WBGene00171257.,0,0,0
WBGene00171258.,0,0,0
WBGene00171259.,0,0,0
WBGene00171260.,0,0,0
WBGene00171261.,0,0,0
WBGene00171262.,0,0,0
WBGene00171263.,0,0,0
WBGene00171264.,0,0,0
WBGene00171265.,0,0,0
WBGene00171266.,0,0,0
WBGene00171267.,0,0,0
WBGene00171268.,0,0,0
WBGene00171269.,0,0,0
WBGene00171270.,0,0,0
WBGene00171271.,0,0,0
WBGene00171272.,0,0,0
WBGene00171273.,0,0,0
WBGene00171274.,0,0,0
WBGene00171275.,0,0,0
WBGene00171276.,0,0,0
WBGene00171277.,0,0,0
WBGene00171278.,0,0,0
WBGene00171279.,0,0,0
WBGene00171280.,0,0,0
WBGene00171281.,0,0,0
WBGene00171282.,0,0,0
WBGene00171283.,0,0,0
WBGene00171284.,0,0,0
WBGene00171285.,0,0,0
WBGene00171286.,0,0,0
WBGene00171287.,0,0,0
WBGene00171288.,0,0,0
WBGene00171289.,0,0,0
WBGene00171290.,0,0,0
WBGene00171291.,0,0,0
WBGene00171292.,0,0,0
WBGene00171293.,0,0,0
WBGene00171294.,0,0,0
WBGene00171295.,0,0,0
WBGene00171296.,0,0,0
WBGene00171297.,0,0,0
WBGene00171298.,0,0,0
WBGene00171299.,0,0,0
WBGene00171300.,0,0,0
WBGene00171301.,0,0,0
WBGene00171302.,0,0,0
WBGene00171303.,0,0,0
WBGene00171304.,0,0,0
WBGene00171305.,0,0,0
WBGene00171306.,0,0,0
WBGene00171307.,0,0,0
WBGene00171308.,0,0,0
WBGene00171309.,0,0,0
WBGene00171310.,0,0,0
WBGene00171311.,0,0,0
WBGene00171312.,0,0,0
WBGene00171313.,0,0,0
WBGene00171314.,0,0,0
WBGene00171315.,0,0,0
WBGene00171316.,0,0,0
WBGene00171317.,0,0,0
WBGene00171318.,0,0,0
WBGene00171319.,0,0,0
WBGene00171320.,0,0,0
WBGene00171321.,0,0,0
WBGene00171322.,0,0,0
WBGene00171323.,0,0,0
WBGene00171324.,0,0,0
WBGene00171325.,0,0,0
WBGene00171326.,0,0,0
WBGene00171327.,0,0,0
WBGene00171328.,0,0,0
WBGene00171329.,0,0,0
WBGene00171330.,0,0,0
WBGene00171331.,0,0,0
WBGene00171332.,0,0,0
WBGene00171333.,0,0,0
WBGene00171334.,0,0,0
WBGene00171335.,0,0,0
WBGene00171336.,0,0,0
WBGene00171337.,0,0,0
WBGene00171338.,0,0,0
WBGene00171339.,0,0,0
WBGene00171340.,0,0,0
WBGene00171341.,0,0,0
WBGene00171342.,0,0,0
WBGene00171343.,0,0,0
WBGene00171344.,0,0,0
WBGene00171345.,0,0,0
WBGene00171346.,0,0,0
WBGene00171347.,0,0,0
WBGene00171348.,0,0,0
WBGene00171349.,0,0,0
WBGene00171350.,0,0,0
WBGene00171351.,0,0,0
WBGene00171352.,0,0,0
WBGene00171353.,0,0,0
WBGene00171354.,0,0,0
WBGene00171355.,0,0,0
WBGene00171356.,0,0,0
WBGene00171357.,0,0,0
WBGene00171358.,0,0,0
WBGene00171359.,0,0,0
WBGene00171360.,0,0,0
WBGene00171361.,0,0,0
WBGene00171362.,0,0,0
WBGene00171363.,0,0,0
WBGene00171364.,0,0,0
WBGene00171365.,0,0,0
WBGene00171366.,0,0,0
WBGene00171367.,0,0,0
WBGene00171368.,0,0,0
WBGene00171369.,0,0,0
WBGene00171370.,0,0,0
WBGene00171371.,0,0,0
WBGene00171372.,0,0,0
WBGene00171373.,0,0,0
WBGene00171374.,0,0,0
WBGene00171375.,0,0,0
WBGene00171376.,0,0,0
WBGene00171377.,0,0,0
WBGene00171378.,0,0,0
WBGene00171379.,0,0,0
WBGene00171380.,0,0,0
WBGene00171381.,0,0,0
WBGene00171382.,0,0,0
WBGene00171383.,0,0,0
WBGene00171384.,0,0,0
WBGene00171385.,0,0,0
WBGene00171386.,0,0,0
WBGene00171387.,0,0,0
WBGene00171388.,0,0,0
WBGene00171389.,0,0,0
WBGene00171390.,0,0,0
WBGene00171391.,0,0,0
WBGene00171392.,0,0,0
WBGene00171393.,0,0,0
WBGene00171394.,0,0,0
WBGene00171395.,0,0,0
WBGene00171396.,0,0,0
WBGene00171397.,0,0,0
WBGene00171398.,0,0,0
WBGene00171399.,0,0,0
WBGene00171400.,0,0,0
WBGene00171401.,0,0,0
WBGene00171402.,0,0,0
WBGene00171403.,0,0,0
WBGene00171404.,0,0,0
WBGene00171405.,0,0,0
WBGene00171406.,0,0,0
WBGene00171407.,0,0,0
WBGene00171408.,0,0,0
WBGene00171409.,0,0,0
WBGene00171410.,0,0,0
WBGene00171411.,0,0,0
WBGene00171412.,0,0,0
WBGene00171413.,0,0,0
WBGene00171414.,0,0,0
WBGene00171415.,0,0,0
WBGene00171416.,0,0,0
WBGene00171417.,0,0,0
WBGene00171418.,0,0,0
WBGene00171419.,0,0,0
WBGene00171420.,0,0,0
WBGene00171421.,0,0,0
WBGene00171422.,0,0,0
WBGene00171423.,0,0,0
WBGene00171424.,0,0,0
WBGene00171425.,0,0,0
WBGene00171426.,0,0,0
WBGene00171427.,0,0,0
WBGene00171428.,0,0,0
WBGene00171429.,0,0,0
WBGene00171430.,0,0,0
WBGene00171431.,0,0,0
WBGene00171432.,0,0,0
WBGene00171433.,0,0,0
WBGene00171434.,0,0,0
WBGene00171435.,0,0,0
WBGene00171436.,0,0,0
WBGene00171437.,0,0,0
WBGene00171438.,0,0,0
WBGene00171439.,0,0,0
WBGene00171440.,0,0,0
WBGene00171441.,0,0,0
WBGene00171442.,0,0,0
WBGene00171443.,0,0,0
WBGene00171444.,0,0,0
WBGene00171445.,0,0,0
WBGene00171446.,0,0,0
WBGene00171447.,0,0,0
WBGene00171448.,0,0,0
WBGene00171449.,0,0,0
WBGene00171450.,0,0,0
WBGene00171451.,0,0,0
WBGene00171452.,0,0,0
WBGene00171453.,0,0,0
WBGene00171454.,0,0,0
WBGene00171455.,0,0,0
WBGene00171456.,0,0,0
WBGene00171457.,0,0,0
WBGene00171458.,0,0,0
WBGene00171459.,0,0,0
WBGene00171460.,0,0,0
WBGene00171461.,0,0,0
WBGene00171462.,0,0,0
WBGene00171463.,0,0,0
WBGene00171464.,0,0,0
WBGene00171465.,0,0,0
WBGene00171466.,0,0,0
WBGene00171467.,0,0,0
WBGene00171468.,0,0,0
WBGene00171469.,0,0,0
WBGene00171470.,0,0,0
WBGene00171471.,0,0,0
WBGene00171472.,0,0,0
WBGene00171473.,0,0,0
WBGene00171474.,0,0,0
WBGene00171475.,0,0,0
WBGene00171476.,0,0,0
WBGene00171477.,0,0,0
WBGene00171478.,0,0,0
WBGene00171479.,0,0,0
WBGene00171480.,0,0,0
WBGene00171481.,0,0,0
WBGene00171482.,0,0,0
WBGene00171483.,0,0,0
WBGene00171484.,0,0,0
WBGene00171485.,0,0,0
WBGene00171486.,0,0,0
WBGene00171487.,0,0,0
WBGene00171488.,0,0,0
WBGene00171489.,0,0,0
WBGene00171490.,0,0,0
WBGene00171491.,0,0,0
WBGene00171492.,0,0,0
WBGene00171493.,0,0,0
WBGene00171494.,0,0,0
WBGene00171495.,0,0,0
WBGene00171496.,0,0,0
WBGene00171497.,0,0,0
WBGene00171498.,0,0,0
WBGene00171499.,0,0,0
WBGene00171500.,0,0,0
WBGene00171501.,0,0,0
WBGene00171502.,0,0,0
WBGene00171503.,0,0,0
WBGene00171504.,0,0,0
WBGene00171505.,0,0,0
WBGene00171506.,0,0,0
WBGene00171507.,0,0,0
WBGene00171508.,0,0,0
WBGene00171509.,0,0,0
WBGene00171510.,0,0,0
WBGene00171511.,0,0,0
WBGene00171512.,0,0,0
WBGene00171513.,0,0,0
WBGene00171514.,0,0,0
WBGene00171515.,0,0,0
WBGene00171516.,0,0,0
WBGene00171517.,0,0,0
WBGene00171518.,0,0,0
WBGene00171519.,0,0,0
WBGene00171520.,0,0,0
WBGene00171521.,0,0,0
WBGene00171522.,0,0,0
WBGene00171523.,0,0,0
WBGene00171524.,0,0,0
WBGene00171525.,0,0,0
WBGene00171526.,0,0,0
WBGene00171527.,0,0,0
WBGene00171528.,0,0,0
WBGene00171529.,0,0,0
WBGene00171530.,0,0,0
WBGene00171531.,0,0,0
WBGene00171532.,0,0,0
WBGene00171533.,0,0,0
WBGene00171534.,0,0,0
WBGene00171535.,0,0,0
WBGene00171536.,0,0,0
WBGene00171537.,0,0,0
WBGene00171538.,0,0,0
WBGene00171539.,0,0,0
WBGene00171540.,0,0,0
WBGene00171541.,0,0,0
WBGene00171542.,0,0,0
WBGene00171543.,0,0,0
WBGene00171544.,0,0,0
WBGene00171545.,0,0,0
WBGene00171546.,0,0,0
WBGene00171547.,0,0,0
WBGene00171548.,0,0,0
WBGene00171549.,0,0,0
WBGene00171550.,0,0,0
WBGene00171551.,0,0,0
WBGene00171552.,0,0,0
WBGene00171553.,0,0,0
WBGene00171554.,0,0,0
WBGene00171555.,0,0,0
WBGene00171556.,0,0,0
WBGene00171557.,0,0,0
WBGene00171558.,0,0,0
WBGene00171559.,0,0,0
WBGene00171560.,0,0,0
WBGene00171561.,0,0,0
WBGene00171562.,0,0,0
WBGene00171563.,0,0,0
WBGene00171564.,0,0,0
WBGene00171565.,0,0,0
WBGene00171566.,0,0,0
WBGene00171567.,0,0,0
WBGene00171568.,0,0,0
WBGene00171569.,0,0,0
WBGene00171570.,0,0,0
WBGene00171571.,0,0,0
WBGene00171572.,0,0,0
WBGene00171573.,0,0,0
WBGene00171574.,0,0,0
WBGene00171575.,0,0,0
WBGene00171576.,0,0,0
WBGene00171577.,0,0,0
WBGene00171578.,0,0,0
WBGene00171579.,0,0,0
WBGene00171580.,0,0,0
WBGene00171581.,0,0,0
WBGene00171582.,0,0,0
WBGene00171583.,0,0,0
WBGene00171584.,0,0,0
WBGene00171585.,0,0,0
WBGene00171586.,0,0,0
WBGene00171587.,0,0,0
WBGene00171588.,0,0,0
WBGene00171589.,0,0,0
WBGene00171590.,0,0,0
WBGene00171591.,0,0,0
WBGene00171592.,0,0,0
WBGene00171593.,0,0,0
WBGene00171594.,0,0,0
WBGene00171595.,0,0,0
WBGene00171596.,0,0,0
WBGene00171597.,0,0,0
WBGene00171598.,0,0,0
WBGene00171599.,0,0,0
WBGene00171600.,0,0,0
WBGene00171601.,0,0,0
WBGene00171602.,0,0,0
WBGene00171603.,0,0,0
WBGene00171604.,0,0,0
WBGene00171605.,0,0,0
WBGene00171606.,0,0,0
WBGene00171607.,0,0,0
WBGene00171608.,0,0,0
WBGene00171609.,0,0,0
WBGene00171610.,0,0,0
WBGene00171611.,0,0,0
WBGene00171612.,0,0,0
WBGene00171613.,0,0,0
WBGene00171614.,0,0,0
WBGene00171615.,0,0,0
WBGene00171616.,0,0,0
WBGene00171617.,0,0,0
WBGene00171618.,0,0,0
WBGene00171619.,0,0,0
WBGene00171620.,0,0,0
WBGene00171621.,0,0,0
WBGene00171622.,0,0,0
WBGene00171623.,0,0,0
WBGene00171624.,0,0,0
WBGene00171625.,0,0,0
WBGene00171626.,0,0,0
WBGene00171627.,0,0,0
WBGene00171628.,0,0,0
WBGene00171629.,0,0,0
WBGene00171630.,0,0,0
WBGene00171631.,0,0,0
WBGene00171632.,0,0,0
WBGene00171633.,0,0,0
WBGene00171634.,0,0,0
WBGene00171635.,0,0,0
WBGene00171636.,0,0,0
WBGene00171637.,0,0,0
WBGene00171638.,0,0,0
WBGene00171639.,0,0,0
WBGene00171640.,0,0,0
WBGene00171641.,0,0,0
WBGene00171642.,0,0,0
WBGene00171643.,0,0,0
WBGene00171644.,0,0,0
WBGene00171645.,0,0,0
WBGene00171646.,0,0,0
WBGene00171647.,0,0,0
WBGene00171648.,0,0,0
WBGene00171649.,0,0,0
WBGene00171650.,0,0,0
WBGene00171651.,0,0,0
WBGene00171652.,0,0,0
WBGene00171653.,0,0,0
WBGene00171654.,0,0,0
WBGene00171655.,0,0,0
WBGene00171656.,0,0,0
WBGene00171657.,0,0,0
WBGene00171658.,0,0,0
WBGene00171659.,0,0,0
WBGene00171660.,0,0,0
WBGene00171661.,0,0,0
WBGene00171662.,0,0,0
WBGene00171663.,0,0,0
WBGene00171664.,0,0,0
WBGene00171665.,0,0,0
WBGene00171666.,0,0,0
WBGene00171667.,0,0,0
WBGene00171668.,0,0,0
WBGene00171669.,0,0,0
WBGene00171670.,0,0,0
WBGene00171671.,0,0,0
WBGene00171672.,0,0,0
WBGene00171673.,0,0,0
WBGene00171674.,0,0,0
WBGene00171675.,0,0,0
WBGene00171676.,0,0,0
WBGene00171677.,0,0,0
WBGene00171678.,0,0,0
WBGene00171679.,0,0,0
WBGene00171680.,0,0,0
WBGene00171681.,0,0,0
WBGene00171682.,0,0,0
WBGene00171683.,0,0,0
WBGene00171684.,0,0,0
WBGene00171685.,0,0,0
WBGene00171686.,0,0,0
WBGene00171687.,0,0,0
WBGene00171688.,0,0,0
WBGene00171689.,0,0,0
WBGene00171690.,0,0,0
WBGene00171691.,0,0,0
WBGene00171692.,0,0,0
WBGene00171693.,0,0,0
WBGene00171694.,0,0,0
WBGene00171695.,0,0,0
WBGene00171696.,0,0,0
WBGene00171697.,0,0,0
WBGene00171698.,0,0,0
WBGene00171699.,0,0,0
WBGene00171700.,0,0,0
WBGene00171701.,0,0,0
WBGene00171702.,0,0,0
WBGene00171703.,0,0,0
WBGene00171704.,0,0,0
WBGene00171705.,0,0,0
WBGene00171706.,0,0,0
WBGene00171707.,0,0,0
WBGene00171708.,0,0,0
WBGene00171709.,0,0,0
WBGene00171710.,0,0,0
WBGene00171712.,0,0,0
WBGene00171713.,0,0,0
WBGene00171714.,0,0,0
WBGene00171715.,0,0,0
WBGene00171716.,0,0,0
WBGene00171717.,0,0,0
WBGene00171718.,0,0,0
WBGene00171719.,0,0,0
WBGene00171720.,0,0,0
WBGene00171721.,0,0,0
WBGene00171722.,0,0,0
WBGene00171723.,0,0,0
WBGene00171724.,0,0,0
WBGene00171725.,0,0,0
WBGene00171726.,0,0,0
WBGene00171727.,0,0,0
WBGene00171728.,0,0,0
WBGene00171729.,0,0,0
WBGene00171730.,0,0,0
WBGene00171731.,0,0,0
WBGene00171732.,0,0,0
WBGene00171733.,0,0,0
WBGene00171734.,0,0,0
WBGene00171735.,0,0,0
WBGene00171736.,0,0,0
WBGene00171737.,0,0,0
WBGene00171738.,0,0,0
WBGene00171739.,0,0,0
WBGene00171740.,0,0,0
WBGene00171741.,0,0,0
WBGene00171742.,0,0,0
WBGene00171743.,0,0,0
WBGene00171744.,0,0,0
WBGene00171745.,0,0,0
WBGene00171746.,0,0,0
WBGene00171747.,0,0,0
WBGene00171748.,0,0,0
WBGene00171749.,0,0,0
WBGene00171750.,0,0,0
WBGene00171751.,0,0,0
WBGene00171752.,0,0,0
WBGene00171753.,0,0,0
WBGene00171754.,0,0,0
WBGene00171755.,0,0,0
WBGene00171756.,0,0,0
WBGene00171757.,0,0,0
WBGene00171758.,0,0,0
WBGene00171759.,0,0,0
WBGene00171760.,0,0,0
WBGene00171761.,0,0,0
WBGene00171762.,0,0,0
WBGene00171763.,0,0,0
WBGene00171764.,0,0,0
WBGene00171765.,0,0,0
WBGene00171766.,0,0,0
WBGene00171767.,0,0,0
WBGene00171768.,0,0,0
WBGene00171769.,0,0,0
WBGene00171770.,0,0,0
WBGene00171771.,0,0,0
WBGene00171772.,0,0,0
WBGene00171773.,0,0,0
WBGene00171774.,0,0,0
WBGene00171775.,0,0,0
WBGene00171776.,0,0,0
WBGene00171777.,0,0,0
WBGene00171778.,0,0,0
WBGene00171779.,0,0,0
WBGene00171780.,0,0,0
WBGene00171781.,0,0,0
WBGene00171782.,0,0,0
WBGene00171783.,0,0,0
WBGene00171784.,0,0,0
WBGene00171785.,0,0,0
WBGene00171786.,0,0,0
WBGene00171787.,0,0,0
WBGene00171788.,0,0,0
WBGene00171789.,0,0,0
WBGene00171790.,0,0,0
WBGene00171791.,0,0,0
WBGene00171792.,0,0,0
WBGene00171793.,0,0,0
WBGene00171794.,0,0,0
WBGene00171795.,0,0,0
WBGene00171796.,0,0,0
WBGene00171797.,0,0,0
WBGene00171798.,0,0,0
WBGene00171799.,0,0,0
WBGene00171800.,0,0,0
WBGene00171801.,0,0,0
WBGene00171802.,0,0,0
WBGene00171803.,0,0,0
WBGene00171804.,0,0,0
WBGene00171805.,0,0,0
WBGene00171806.,0,0,0
WBGene00171807.,0,0,0
WBGene00171809.,0,0,0
WBGene00171810.,0,0,0
WBGene00171811.,0,0,0
WBGene00171812.,0,0,0
WBGene00171813.,0,0,0
WBGene00171814.,0,0,0
WBGene00171815.,0,0,0
WBGene00171816.,0,0,0
WBGene00171817.,0,0,0
WBGene00171818.,0,0,0
WBGene00171819.,0,0,0
WBGene00171820.,0,0,0
WBGene00171821.,0,0,0
WBGene00171822.,0,0,0
WBGene00171823.,0,0,0
WBGene00171824.,0,0,0
WBGene00171825.,0,0,0
WBGene00171826.,0,0,0
WBGene00171827.,0,0,0
WBGene00171828.,0,0,0
WBGene00171829.,0,0,0
WBGene00171830.,0,0,0
WBGene00171831.,0,0,0
WBGene00171832.,0,0,0
WBGene00171833.,0,0,0
WBGene00171834.,0,0,0
WBGene00171835.,0,0,0
WBGene00171836.,0,0,0
WBGene00171837.,0,0,0
WBGene00171838.,0,0,0
WBGene00171839.,0,0,0
WBGene00171840.,0,0,0
WBGene00171841.,0,0,0
WBGene00171842.,0,0,0
WBGene00171843.,0,0,0
WBGene00171844.,0,0,0
WBGene00171845.,0,0,0
WBGene00171846.,0,0,0
WBGene00171847.,0,0,0
WBGene00171848.,0,0,0
WBGene00171849.,0,0,0
WBGene00171850.,0,0,0
WBGene00171851.,0,0,0
WBGene00171852.,0,0,0
WBGene00171853.,0,0,0
WBGene00171854.,0,0,0
WBGene00171855.,0,0,0
WBGene00171856.,0,0,0
WBGene00171857.,0,0,0
WBGene00171858.,0,0,0
WBGene00171859.,0,0,0
WBGene00171860.,0,0,0
WBGene00171861.,0,0,0
WBGene00171862.,0,0,0
WBGene00171863.,0,0,0
WBGene00171864.,0,0,0
WBGene00171865.,0,0,0
WBGene00171866.,0,0,0
WBGene00171867.,0,0,0
WBGene00171868.,0,0,0
WBGene00171869.,0,0,0
WBGene00171870.,0,0,0
WBGene00171871.,0,0,0
WBGene00171872.,0,0,0
WBGene00171873.,0,0,0
WBGene00171875.,0,0,0
WBGene00171876.,0,0,0
WBGene00171877.,0,0,0
WBGene00171878.,0,0,0
WBGene00171879.,0,0,0
WBGene00171880.,0,0,0
WBGene00171881.,0,0,0
WBGene00171882.,0,0,0
WBGene00171883.,0,0,0
WBGene00171884.,0,0,0
WBGene00171885.,0,0,0
WBGene00171886.,0,0,0
WBGene00171887.,0,0,0
WBGene00171888.,0,0,0
WBGene00171889.,0,0,0
WBGene00171890.,0,0,0
WBGene00171891.,0,0,0
WBGene00171892.,0,0,0
WBGene00171893.,0,0,0
WBGene00171894.,0,0,0
WBGene00171895.,0,0,0
WBGene00171896.,0,0,0
WBGene00171897.,0,0,0
WBGene00171898.,0,0,0
WBGene00171899.,0,0,0
WBGene00171900.,0,0,0
WBGene00171901.,0,0,0
WBGene00171902.,0,0,0
WBGene00171903.,0,0,0
WBGene00171904.,0,0,0
WBGene00171905.,0,0,0
WBGene00171906.,0,0,0
WBGene00171907.,0,0,0
WBGene00171908.,0,0,0
WBGene00171909.,0,0,0
WBGene00171910.,0,0,0
WBGene00171911.,0,0,0
WBGene00171912.,0,0,0
WBGene00171913.,0,0,0
WBGene00171914.,0,0,0
WBGene00171915.,0,0,0
WBGene00171916.,0,0,0
WBGene00171917.,0,0,0
WBGene00171918.,0,0,0
WBGene00171919.,0,0,0
WBGene00171920.,0,0,0
WBGene00171921.,0,0,0
WBGene00171922.,0,0,0
WBGene00171923.,0,0,0
WBGene00171924.,0,0,0
WBGene00171925.,0,0,0
WBGene00171926.,0,0,0
WBGene00171927.,0,0,0
WBGene00171928.,0,0,0
WBGene00171929.,0,0,0
WBGene00171930.,0,0,0
WBGene00171931.,0,0,0
WBGene00171932.,0,0,0
WBGene00171933.,0,0,0
WBGene00171934.,0,0,0
WBGene00171935.,0,0,0
WBGene00171936.,0,0,0
WBGene00171937.,0,0,0
WBGene00171938.,0,0,0
WBGene00171939.,0,0,0
WBGene00171940.,0,0,0
WBGene00171941.,0,0,0
WBGene00171942.,0,0,0
WBGene00171943.,0,0,0
WBGene00171944.,0,0,0
WBGene00171945.,0,0,0
WBGene00171946.,0,0,0
WBGene00171947.,0,0,0
WBGene00171948.,0,0,0
WBGene00171949.,0,0,0
WBGene00171950.,0,0,0
WBGene00171951.,0,0,0
WBGene00171952.,0,0,0
WBGene00171953.,0,0,0
WBGene00171954.,0,0,0
WBGene00171955.,0,0,0
WBGene00171956.,0,0,0
WBGene00171957.,0,0,0
WBGene00171958.,0,0,0
WBGene00171959.,0,0,0
WBGene00171960.,0,0,0
WBGene00171961.,0,0,0
WBGene00171962.,0,0,0
WBGene00171963.,0,0,0
WBGene00171964.,0,0,0
WBGene00171965.,0,0,0
WBGene00171966.,0,0,0
WBGene00171967.,0,0,0
WBGene00171968.,0,0,0
WBGene00171969.,0,0,0
WBGene00171970.,0,0,0
WBGene00171971.,0,0,0
WBGene00171972.,0,0,0
WBGene00171973.,0,0,0
WBGene00171974.,0,0,0
WBGene00171975.,0,0,0
WBGene00171976.,0,0,0
WBGene00171977.,0,0,0
WBGene00171978.,0,0,0
WBGene00171979.,0,0,0
WBGene00171980.,0,0,0
WBGene00171981.,0,0,0
WBGene00171982.,0,0,0
WBGene00171983.,0,0,0
WBGene00171984.,0,0,0
WBGene00171985.,0,0,0
WBGene00171986.,0,0,0
WBGene00171987.,0,0,0
WBGene00171988.,0,0,0
WBGene00171989.,0,0,0
WBGene00171990.,0,0,0
WBGene00171991.,0,0,0
WBGene00171992.,0,0,0
WBGene00171993.,0,0,0
WBGene00171994.,0,0,0
WBGene00171995.,0,0,0
WBGene00171996.,0,0,0
WBGene00171997.,0,0,0
WBGene00171998.,0,0,0
WBGene00171999.,0,0,0
WBGene00172000.,0,0,0
WBGene00172001.,0,0,0
WBGene00172002.,0,0,0
WBGene00172003.,0,0,0
WBGene00172004.,0,0,0
WBGene00172006.,0,0,0
WBGene00172007.,0,0,0
WBGene00172008.,0,0,0
WBGene00172009.,0,0,0
WBGene00172010.,0,0,0
WBGene00172011.,0,0,0
WBGene00172012.,0,0,0
WBGene00172013.,0,0,0
WBGene00172014.,0,0,0
WBGene00172015.,0,0,0
WBGene00172016.,0,0,0
WBGene00172017.,0,0,0
WBGene00172018.,0,0,0
WBGene00172019.,0,0,0
WBGene00172020.,0,0,0
WBGene00172021.,0,0,0
WBGene00172022.,0,0,0
WBGene00172023.,0,0,0
WBGene00172024.,0,0,0
WBGene00172025.,0,0,0
WBGene00172026.,0,0,0
WBGene00172027.,0,0,0
WBGene00172028.,0,0,0
WBGene00172029.,0,0,0
WBGene00172030.,0,0,0
WBGene00172031.,0,0,0
WBGene00172032.,0,0,0
WBGene00172033.,0,0,0
WBGene00172034.,0,0,0
WBGene00172035.,0,0,0
WBGene00172036.,0,0,0
WBGene00172037.,0,0,0
WBGene00172038.,0,0,0
WBGene00172039.,0,0,0
WBGene00172040.,0,0,0
WBGene00172041.,0,0,0
WBGene00172042.,0,0,0
WBGene00172043.,0,0,0
WBGene00172044.,0,0,0
WBGene00172045.,0,0,0
WBGene00172046.,0,0,0
WBGene00172047.,0,0,0
WBGene00172048.,0,0,0
WBGene00172049.,0,0,0
WBGene00172050.,0,0,0
WBGene00172051.,0,0,0
WBGene00172052.,0,0,0
WBGene00172053.,0,0,0
WBGene00172054.,0,0,0
WBGene00172055.,0,0,0
WBGene00172056.,0,0,0
WBGene00172057.,0,0,0
WBGene00172058.,0,0,0
WBGene00172059.,0,0,0
WBGene00172060.,0,0,0
WBGene00172061.,0,0,0
WBGene00172062.,0,0,0
WBGene00172063.,0,0,0
WBGene00172064.,0,0,0
WBGene00172065.,0,0,0
WBGene00172066.,0,0,0
WBGene00172067.,0,0,0
WBGene00172068.,0,0,0
WBGene00172069.,0,0,0
WBGene00172070.,0,0,0
WBGene00172071.,0,0,0
WBGene00172072.,0,0,0
WBGene00172073.,0,0,0
WBGene00172074.,0,0,0
WBGene00172075.,0,0,0
WBGene00172076.,0,0,0
WBGene00172077.,0,0,0
WBGene00172078.,0,0,0
WBGene00172079.,0,0,0
WBGene00172080.,0,0,0
WBGene00172081.,0,0,0
WBGene00172082.,0,0,0
WBGene00172083.,0,0,0
WBGene00172084.,0,0,0
WBGene00172085.,0,0,0
WBGene00172086.,0,0,0
WBGene00172087.,0,0,0
WBGene00172088.,0,0,0
WBGene00172089.,0,0,0
WBGene00172090.,0,0,0
WBGene00172091.,0,0,0
WBGene00172092.,0,0,0
WBGene00172093.,0,0,0
WBGene00172094.,0,0,0
WBGene00172095.,0,0,0
WBGene00172096.,0,0,0
WBGene00172097.,0,0,0
WBGene00172098.,0,0,0
WBGene00172099.,0,0,0
WBGene00172100.,0,0,0
WBGene00172101.,0,0,0
WBGene00172102.,0,0,0
WBGene00172103.,0,0,0
WBGene00172104.,0,0,0
WBGene00172105.,0,0,0
WBGene00172106.,0,0,0
WBGene00172107.,0,0,0
WBGene00172108.,0,0,0
WBGene00172109.,0,0,0
WBGene00172110.,0,0,0
WBGene00172111.,0,0,0
WBGene00172112.,0,0,0
WBGene00172113.,0,0,0
WBGene00172114.,0,0,0
WBGene00172115.,0,0,0
WBGene00172116.,0,0,0
WBGene00172117.,0,0,0
WBGene00172118.,0,0,0
WBGene00172119.,0,0,0
WBGene00172120.,0,0,0
WBGene00172121.,0,0,0
WBGene00172122.,0,0,0
WBGene00172123.,0,0,0
WBGene00172124.,0,0,0
WBGene00172125.,0,0,0
WBGene00172126.,0,0,0
WBGene00172127.,0,0,0
WBGene00172128.,0,0,0
WBGene00172129.,0,0,0
WBGene00172130.,0,0,0
WBGene00172131.,0,0,0
WBGene00172132.,0,0,0
WBGene00172133.,0,0,0
WBGene00172134.,0,0,0
WBGene00172135.,0,0,0
WBGene00172136.,0,0,0
WBGene00172137.,0,0,0
WBGene00172138.,0,0,0
WBGene00172139.,0,0,0
WBGene00172140.,0,0,0
WBGene00172141.,0,0,0
WBGene00172142.,0,0,0
WBGene00172143.,0,0,0
WBGene00172144.,0,0,0
WBGene00172145.,0,0,0
WBGene00172146.,0,0,0
WBGene00172147.,0,0,0
WBGene00172148.,0,0,0
WBGene00172149.,0,0,0
WBGene00172150.,0,0,0
WBGene00172151.,0,0,0
WBGene00172152.,0,0,0
WBGene00172153.,0,0,0
WBGene00172154.,0,0,0
WBGene00172155.,0,0,0
WBGene00172156.,0,0,0
WBGene00172157.,0,0,0
WBGene00172158.,0,0,0
WBGene00172159.,0,0,0
WBGene00172160.,0,0,0
WBGene00172161.,0,0,0
WBGene00172162.,0,0,0
WBGene00172163.,0,0,0
WBGene00172164.,0,0,0
WBGene00172165.,0,0,0
WBGene00172166.,0,0,0
WBGene00172167.,0,0,0
WBGene00172168.,0,0,0
WBGene00172169.,0,0,0
WBGene00172170.,0,0,0
WBGene00172171.,0,0,0
WBGene00172172.,0,0,0
WBGene00172173.,0,0,0
WBGene00172174.,0,0,0
WBGene00172175.,0,0,0
WBGene00172176.,0,0,0
WBGene00172177.,0,0,0
WBGene00172178.,0,0,0
WBGene00172179.,0,0,0
WBGene00172180.,0,0,0
WBGene00172181.,0,0,0
WBGene00172182.,0,0,0
WBGene00172183.,0,0,0
WBGene00172184.,0,0,0
WBGene00172185.,0,0,0
WBGene00172186.,0,0,0
WBGene00172187.,0,0,0
WBGene00172188.,0,0,0
WBGene00172189.,0,0,0
WBGene00172190.,0,0,0
WBGene00172191.,0,0,0
WBGene00172192.,0,0,0
WBGene00172193.,0,0,0
WBGene00172194.,0,0,0
WBGene00172195.,0,0,0
WBGene00172196.,0,0,0
WBGene00172197.,0,0,0
WBGene00172198.,0,0,0
WBGene00172199.,0,0,0
WBGene00172200.,0,0,0
WBGene00172201.,0,0,0
WBGene00172202.,0,0,0
WBGene00172203.,0,0,0
WBGene00172204.,0,0,0
WBGene00172205.,0,0,0
WBGene00172206.,0,0,0
WBGene00172207.,0,0,0
WBGene00172208.,0,0,0
WBGene00172209.,0,0,0
WBGene00172210.,0,0,0
WBGene00172211.,0,0,0
WBGene00172212.,0,0,0
WBGene00172213.,0,0,0
WBGene00172214.,0,0,0
WBGene00172215.,0,0,0
WBGene00172216.,0,0,0
WBGene00172217.,0,0,0
WBGene00172218.,0,0,0
WBGene00172219.,0,0,0
WBGene00172220.,0,0,0
WBGene00172221.,0,0,0
WBGene00172222.,0,0,0
WBGene00172223.,0,0,0
WBGene00172224.,0,0,0
WBGene00172225.,0,0,0
WBGene00172226.,0,0,0
WBGene00172227.,0,0,0
WBGene00172228.,0,0,0
WBGene00172229.,0,0,0
WBGene00172230.,0,0,0
WBGene00172231.,0,0,0
WBGene00172232.,0,0,0
WBGene00172233.,0,0,0
WBGene00172234.,0,0,0
WBGene00172235.,0,0,0
WBGene00172236.,0,0,0
WBGene00172237.,0,0,0
WBGene00172238.,0,0,0
WBGene00172239.,0,0,0
WBGene00172240.,0,0,0
WBGene00172241.,0,0,0
WBGene00172242.,0,0,0
WBGene00172243.,0,0,0
WBGene00172244.,0,0,0
WBGene00172245.,0,0,0
WBGene00172246.,0,0,0
WBGene00172247.,0,0,0
WBGene00172248.,0,0,0
WBGene00172249.,0,0,0
WBGene00172250.,0,0,0
WBGene00172251.,0,0,0
WBGene00172252.,0,0,0
WBGene00172253.,0,0,0
WBGene00172254.,0,0,0
WBGene00172255.,0,0,0
WBGene00172256.,0,0,0
WBGene00172257.,0,0,0
WBGene00172258.,0,0,0
WBGene00172259.,0,0,0
WBGene00172260.,0,0,0
WBGene00172261.,0,0,0
WBGene00172262.,0,0,0
WBGene00172263.,0,0,0
WBGene00172264.,0,0,0
WBGene00172265.,0,0,0
WBGene00172266.,0,0,0
WBGene00172267.,0,0,0
WBGene00172268.,0,0,0
WBGene00172269.,0,0,0
WBGene00172270.,0,0,0
WBGene00172271.,0,0,0
WBGene00172272.,0,0,0
WBGene00172273.,0,0,0
WBGene00172274.,0,0,0
WBGene00172275.,0,0,0
WBGene00172276.,0,0,0
WBGene00172277.,0,0,0
WBGene00172278.,0,0,0
WBGene00172279.,0,0,0
WBGene00172280.,0,0,0
WBGene00172281.,0,0,0
WBGene00172282.,0,0,0
WBGene00172283.,0,0,0
WBGene00172284.,0,0,0
WBGene00172285.,0,0,0
WBGene00172286.,0,0,0
WBGene00172287.,0,0,0
WBGene00172288.,0,0,0
WBGene00172289.,0,0,0
WBGene00172290.,0,0,0
WBGene00172291.,0,0,0
WBGene00172292.,0,0,0
WBGene00172293.,0,0,0
WBGene00172294.,0,0,0
WBGene00172295.,0,0,0
WBGene00172296.,0,0,0
WBGene00172297.,0,0,0
WBGene00172298.,0,0,0
WBGene00172299.,0,0,0
WBGene00172300.,0,0,0
WBGene00172301.,0,0,0
WBGene00172302.,0,0,0
WBGene00172303.,0,0,0
WBGene00172304.,0,0,0
WBGene00172305.,0,0,0
WBGene00172306.,0,0,0
WBGene00172307.,0,0,0
WBGene00172308.,0,0,0
WBGene00172309.,0,0,0
WBGene00172310.,0,0,0
WBGene00172311.,0,0,0
WBGene00172312.,0,0,0
WBGene00172313.,0,0,0
WBGene00172314.,0,0,0
WBGene00172315.,0,0,0
WBGene00172316.,0,0,0
WBGene00172317.,0,0,0
WBGene00172318.,0,0,0
WBGene00172319.,0,0,0
WBGene00172320.,0,0,0
WBGene00172321.,0,0,0
WBGene00172322.,0,0,0
WBGene00172323.,0,0,0
WBGene00172324.,0,0,0
WBGene00172325.,0,0,0
WBGene00172326.,0,0,0
WBGene00172327.,0,0,0
WBGene00172328.,0,0,0
WBGene00172329.,0,0,0
WBGene00172330.,0,0,0
WBGene00172331.,0,0,0
WBGene00172332.,0,0,0
WBGene00172333.,0,0,0
WBGene00172334.,0,0,0
WBGene00172335.,0,0,0
WBGene00172336.,0,0,0
WBGene00172337.,0,0,0
WBGene00172338.,0,0,0
WBGene00172339.,0,0,0
WBGene00172340.,0,0,0
WBGene00172341.,0,0,0
WBGene00172342.,0,0,0
WBGene00172343.,0,0,0
WBGene00172344.,0,0,0
WBGene00172345.,0,0,0
WBGene00172346.,0,0,0
WBGene00172347.,0,0,0
WBGene00172348.,0,0,0
WBGene00172349.,0,0,0
WBGene00172350.,0,0,0
WBGene00172351.,0,0,0
WBGene00172352.,0,0,0
WBGene00172353.,0,0,0
WBGene00172354.,0,0,0
WBGene00172355.,0,0,0
WBGene00172356.,0,0,0
WBGene00172357.,0,0,0
WBGene00172358.,0,0,0
WBGene00172359.,0,0,0
WBGene00172360.,0,0,0
WBGene00172361.,0,0,0
WBGene00172362.,0,0,0
WBGene00172363.,0,0,0
WBGene00172364.,0,0,0
WBGene00172365.,0,0,0
WBGene00172366.,0,0,0
WBGene00172367.,0,0,0
WBGene00172368.,0,0,0
WBGene00172369.,0,0,0
WBGene00172370.,0,0,0
WBGene00172371.,0,0,0
WBGene00172372.,0,0,0
WBGene00172373.,0,0,0
WBGene00172374.,0,0,0
WBGene00172375.,0,0,0
WBGene00172376.,0,0,0
WBGene00172377.,0,0,0
WBGene00172378.,0,0,0
WBGene00172379.,0,0,0
WBGene00172380.,0,0,0
WBGene00172381.,0,0,0
WBGene00172382.,0,0,0
WBGene00172383.,0,0,0
WBGene00172384.,0,0,0
WBGene00172385.,0,0,0
WBGene00172386.,0,0,0
WBGene00172387.,0,0,0
WBGene00172388.,0,0,0
WBGene00172389.,0,0,0
WBGene00172390.,0,0,0
WBGene00172391.,0,0,0
WBGene00172392.,0,0,0
WBGene00172393.,0,0,0
WBGene00172394.,0,0,0
WBGene00172395.,0,0,0
WBGene00172396.,0,0,0
WBGene00172397.,0,0,0
WBGene00172398.,0,0,0
WBGene00172399.,0,0,0
WBGene00172400.,0,0,0
WBGene00172401.,0,0,0
WBGene00172402.,0,0,0
WBGene00172403.,0,0,0
WBGene00172404.,0,0,0
WBGene00172405.,0,0,0
WBGene00172406.,0,0,0
WBGene00172407.,0,0,0
WBGene00172408.,0,0,0
WBGene00172409.,0,0,0
WBGene00172410.,0,0,0
WBGene00172411.,0,0,0
WBGene00172412.,0,0,0
WBGene00172413.,0,0,0
WBGene00172414.,0,0,0
WBGene00172415.,0,0,0
WBGene00172416.,0,0,0
WBGene00172417.,0,0,0
WBGene00172418.,0,0,0
WBGene00172419.,0,0,0
WBGene00172420.,0,0,0
WBGene00172421.,0,0,0
WBGene00172422.,0,0,0
WBGene00172423.,0,0,0
WBGene00172424.,0,0,0
WBGene00172425.,0,0,0
WBGene00172426.,0,0,0
WBGene00172427.,0,0,0
WBGene00172428.,0,0,0
WBGene00172429.,0,0,0
WBGene00172430.,0,0,0
WBGene00172431.,0,0,0
WBGene00172432.,0,0,0
WBGene00172433.,0,0,0
WBGene00172434.,0,0,0
WBGene00172435.,0,0,0
WBGene00172436.,0,0,0
WBGene00172437.,0,0,0
WBGene00172438.,0,0,0
WBGene00172439.,0,0,0
WBGene00172440.,0,0,0
WBGene00172441.,0,0,0
WBGene00172442.,0,0,0
WBGene00172443.,0,0,0
WBGene00172444.,0,0,0
WBGene00172445.,0,0,0
WBGene00172446.,0,0,0
WBGene00172447.,0,0,0
WBGene00172448.,0,0,0
WBGene00172449.,0,0,0
WBGene00172450.,0,0,0
WBGene00172451.,0,0,0
WBGene00172452.,0,0,0
WBGene00172453.,0,0,0
WBGene00172454.,0,0,0
WBGene00172455.,0,0,0
WBGene00172456.,0,0,0
WBGene00172457.,0,0,0
WBGene00172458.,0,0,0
WBGene00172459.,0,0,0
WBGene00172460.,0,0,0
WBGene00172462.,0,0,0
WBGene00172463.,0,0,0
WBGene00172464.,0,0,0
WBGene00172465.,0,0,0
WBGene00172466.,0,0,0
WBGene00172467.,0,0,0
WBGene00172468.,0,0,0
WBGene00172469.,0,0,0
WBGene00172470.,0,0,0
WBGene00172471.,0,0,0
WBGene00172472.,0,0,0
WBGene00172473.,0,0,0
WBGene00172474.,0,0,0
WBGene00172475.,0,0,0
WBGene00172476.,0,0,0
WBGene00172477.,0,0,0
WBGene00172478.,0,0,0
WBGene00172479.,0,0,0
WBGene00172480.,0,0,0
WBGene00172481.,0,0,0
WBGene00172482.,0,0,0
WBGene00172483.,0,0,0
WBGene00172484.,0,0,0
WBGene00172485.,0,0,0
WBGene00172486.,0,0,0
WBGene00172487.,0,0,0
WBGene00172488.,0,0,0
WBGene00172489.,0,0,0
WBGene00172490.,0,0,0
WBGene00172491.,0,0,0
WBGene00172492.,0,0,0
WBGene00172493.,0,0,0
WBGene00172494.,0,0,0
WBGene00172495.,0,0,0
WBGene00172496.,0,0,0
WBGene00172497.,0,0,0
WBGene00172498.,0,0,0
WBGene00172499.,0,0,0
WBGene00172500.,0,0,0
WBGene00172501.,0,0,0
WBGene00172502.,0,0,0
WBGene00172503.,0,0,0
WBGene00172504.,0,0,0
WBGene00172505.,0,0,0
WBGene00172506.,0,0,0
WBGene00172507.,0,0,0
WBGene00172508.,0,0,0
WBGene00172509.,0,0,0
WBGene00172510.,0,0,0
WBGene00172511.,0,0,0
WBGene00172512.,0,0,0
WBGene00172513.,0,0,0
WBGene00172514.,0,0,0
WBGene00172515.,0,0,0
WBGene00172516.,0,0,0
WBGene00172517.,0,0,0
WBGene00172518.,0,0,0
WBGene00172519.,0,0,0
WBGene00172520.,0,0,0
WBGene00172521.,0,0,0
WBGene00172522.,0,0,0
WBGene00172523.,0,0,0
WBGene00172524.,0,0,0
WBGene00172525.,0,0,0
WBGene00172526.,0,0,0
WBGene00172527.,0,0,0
WBGene00172528.,0,0,0
WBGene00172529.,0,0,0
WBGene00172530.,0,0,0
WBGene00172531.,0,0,0
WBGene00172532.,0,0,0
WBGene00172533.,0,0,0
WBGene00172534.,0,0,0
WBGene00172535.,0,0,0
WBGene00172536.,0,0,0
WBGene00172537.,0,0,0
WBGene00172538.,0,0,0
WBGene00172539.,0,0,0
WBGene00172540.,0,0,0
WBGene00172541.,0,0,0
WBGene00172542.,0,0,0
WBGene00172543.,0,0,0
WBGene00172544.,0,0,0
WBGene00172545.,0,0,0
WBGene00172546.,0,0,0
WBGene00172547.,0,0,0
WBGene00172548.,0,0,0
WBGene00172549.,0,0,0
WBGene00172550.,0,0,0
WBGene00172551.,0,0,0
WBGene00172552.,0,0,0
WBGene00172553.,0,0,0
WBGene00172554.,0,0,0
WBGene00172555.,0,0,0
WBGene00172556.,0,0,0
WBGene00172557.,0,0,0
WBGene00172558.,0,0,0
WBGene00172559.,0,0,0
WBGene00172560.,0,0,0
WBGene00172561.,0,0,0
WBGene00172562.,0,0,0
WBGene00172563.,0,0,0
WBGene00172564.,0,0,0
WBGene00172565.,0,0,0
WBGene00172566.,0,0,0
WBGene00172567.,0,0,0
WBGene00172568.,0,0,0
WBGene00172569.,0,0,0
WBGene00172570.,0,0,0
WBGene00172571.,0,0,0
WBGene00172572.,0,0,0
WBGene00172573.,0,0,0
WBGene00172574.,0,0,0
WBGene00172575.,0,0,0
WBGene00172576.,0,0,0
WBGene00172577.,0,0,0
WBGene00172578.,0,0,0
WBGene00172579.,0,0,0
WBGene00172580.,0,0,0
WBGene00172581.,0,0,0
WBGene00172582.,0,0,0
WBGene00172583.,0,0,0
WBGene00172584.,0,0,0
WBGene00172585.,0,0,0
WBGene00172586.,0,0,0
WBGene00172587.,0,0,0
WBGene00172588.,0,0,0
WBGene00172589.,0,0,0
WBGene00172590.,0,0,0
WBGene00172591.,0,0,0
WBGene00172592.,0,0,0
WBGene00172593.,0,0,0
WBGene00172594.,0,0,0
WBGene00172595.,0,0,0
WBGene00172596.,0,0,0
WBGene00172597.,0,0,0
WBGene00172598.,0,0,0
WBGene00172599.,0,0,0
WBGene00172600.,0,0,0
WBGene00172601.,0,0,0
WBGene00172602.,0,0,0
WBGene00172603.,0,0,0
WBGene00172604.,0,0,0
WBGene00172605.,0,0,0
WBGene00172606.,0,0,0
WBGene00172607.,0,0,0
WBGene00172608.,0,0,0
WBGene00172609.,0,0,0
WBGene00172610.,0,0,0
WBGene00172611.,0,0,0
WBGene00172612.,0,0,0
WBGene00172613.,0,0,0
WBGene00172614.,0,0,0
WBGene00172615.,0,0,0
WBGene00172616.,0,0,0
WBGene00172617.,0,0,0
WBGene00172618.,0,0,0
WBGene00172619.,0,0,0
WBGene00172620.,0,0,0
WBGene00172621.,0,0,0
WBGene00172622.,0,0,0
WBGene00172623.,0,0,0
WBGene00172624.,0,0,0
WBGene00172625.,0,0,0
WBGene00172626.,0,0,0
WBGene00172627.,0,0,0
WBGene00172628.,0,0,0
WBGene00172629.,0,0,0
WBGene00172630.,0,0,0
WBGene00172631.,0,0,0
WBGene00172632.,0,0,0
WBGene00172633.,0,0,0
WBGene00172634.,0,0,0
WBGene00172635.,0,0,0
WBGene00172636.,0,0,0
WBGene00172637.,0,0,0
WBGene00172638.,0,0,0
WBGene00172639.,0,0,0
WBGene00172640.,0,0,0
WBGene00172641.,0,0,0
WBGene00172642.,0,0,0
WBGene00172643.,0,0,0
WBGene00172644.,0,0,0
WBGene00172645.,0,0,0
WBGene00172646.,0,0,0
WBGene00172647.,0,0,0
WBGene00172648.,0,0,0
WBGene00172649.,0,0,0
WBGene00172650.,0,0,0
WBGene00172651.,0,0,0
WBGene00172652.,0,0,0
WBGene00172653.,0,0,0
WBGene00172654.,0,0,0
WBGene00172655.,0,0,0
WBGene00172656.,0,0,0
WBGene00172657.,0,0,0
WBGene00172658.,0,0,0
WBGene00172659.,0,0,0
WBGene00172660.,0,0,0
WBGene00172661.,0,0,0
WBGene00172662.,0,0,0
WBGene00172663.,0,0,0
WBGene00172664.,0,0,0
WBGene00172665.,0,0,0
WBGene00172666.,0,0,0
WBGene00172667.,0,0,0
WBGene00172668.,0,0,0
WBGene00172669.,0,0,0
WBGene00172670.,0,0,0
WBGene00172671.,0,0,0
WBGene00172672.,0,0,0
WBGene00172673.,0,0,0
WBGene00172674.,0,0,0
WBGene00172675.,0,0,0
WBGene00172676.,0,0,0
WBGene00172677.,0,0,0
WBGene00172678.,0,0,0
WBGene00172679.,0,0,0
WBGene00172680.,0,0,0
WBGene00172681.,0,0,0
WBGene00172682.,0,0,0
WBGene00172683.,0,0,0
WBGene00172684.,0,0,0
WBGene00172685.,0,0,0
WBGene00172686.,0,0,0
WBGene00172687.,0,0,0
WBGene00172688.,0,0,0
WBGene00172689.,0,0,0
WBGene00172690.,0,0,0
WBGene00172691.,0,0,0
WBGene00172692.,0,0,0
WBGene00172693.,0,0,0
WBGene00172694.,0,0,0
WBGene00172695.,0,0,0
WBGene00172696.,0,0,0
WBGene00172697.,0,0,0
WBGene00172698.,0,0,0
WBGene00172699.,0,0,0
WBGene00172700.,0,0,0
WBGene00172701.,0,0,0
WBGene00172702.,0,0,0
WBGene00172703.,0,0,0
WBGene00172704.,0,0,0
WBGene00172705.,0,0,0
WBGene00172706.,0,0,0
WBGene00172707.,0,0,0
WBGene00172708.,0,0,0
WBGene00172709.,0,0,0
WBGene00172710.,0,0,0
WBGene00172711.,0,0,0
WBGene00172712.,0,0,0
WBGene00172713.,0,0,0
WBGene00172714.,0,0,0
WBGene00172715.,0,0,0
WBGene00172716.,0,0,0
WBGene00172717.,0,0,0
WBGene00172718.,0,0,0
WBGene00172719.,0,0,0
WBGene00172720.,0,0,0
WBGene00172721.,0,0,0
WBGene00172722.,0,0,0
WBGene00172723.,0,0,0
WBGene00172724.,0,0,0
WBGene00172725.,0,0,0
WBGene00172726.,0,0,0
WBGene00172727.,0,0,0
WBGene00172728.,0,0,0
WBGene00172729.,0,0,0
WBGene00172730.,0,0,0
WBGene00172731.,0,0,0
WBGene00172732.,0,0,0
WBGene00172733.,0,0,0
WBGene00172734.,0,0,0
WBGene00172735.,0,0,0
WBGene00172736.,0,0,0
WBGene00172737.,0,0,0
WBGene00172738.,0,0,0
WBGene00172739.,0,0,0
WBGene00172740.,0,0,0
WBGene00172741.,0,0,0
WBGene00172742.,0,0,0
WBGene00172743.,0,0,0
WBGene00172744.,0,0,0
WBGene00172745.,0,0,0
WBGene00172746.,0,0,0
WBGene00172747.,0,0,0
WBGene00172748.,0,0,0
WBGene00172749.,0,0,0
WBGene00172750.,0,0,0
WBGene00172751.,0,0,0
WBGene00172752.,0,0,0
WBGene00172753.,0,0,0
WBGene00172754.,0,0,0
WBGene00172755.,0,0,0
WBGene00172756.,0,0,0
WBGene00172757.,0,0,0
WBGene00172758.,0,0,0
WBGene00172759.,0,0,0
WBGene00172760.,0,0,0
WBGene00172761.,0,0,0
WBGene00172762.,0,0,0
WBGene00172763.,0,0,0
WBGene00172764.,0,0,0
WBGene00172765.,0,0,0
WBGene00172766.,0,0,0
WBGene00172767.,0,0,0
WBGene00172768.,0,0,0
WBGene00172769.,0,0,0
WBGene00172770.,0,0,0
WBGene00172771.,0,0,0
WBGene00172772.,0,0,0
WBGene00172773.,0,0,0
WBGene00172774.,0,0,0
WBGene00172775.,0,0,0
WBGene00172776.,0,0,0
WBGene00172777.,0,0,0
WBGene00172778.,0,0,0
WBGene00172779.,0,0,0
WBGene00172780.,0,0,0
WBGene00172781.,0,0,0
WBGene00172782.,0,0,0
WBGene00172783.,0,0,0
WBGene00172784.,0,0,0
WBGene00172785.,0,0,0
WBGene00172786.,0,0,0
WBGene00172787.,0,0,0
WBGene00172788.,0,0,0
WBGene00172789.,0,0,0
WBGene00172790.,0,0,0
WBGene00172791.,0,0,0
WBGene00172792.,0,0,0
WBGene00172793.,0,0,0
WBGene00172794.,0,0,0
WBGene00172795.,0,0,0
WBGene00172796.,0,0,0
WBGene00172797.,0,0,0
WBGene00172798.,0,0,0
WBGene00172799.,0,0,0
WBGene00172800.,0,0,0
WBGene00172801.,0,0,0
WBGene00172802.,0,0,0
WBGene00172803.,0,0,0
WBGene00172804.,0,0,0
WBGene00172805.,0,0,0
WBGene00172806.,0,0,0
WBGene00172807.,0,0,0
WBGene00172808.,0,0,0
WBGene00172809.,0,0,0
WBGene00172810.,0,0,0
WBGene00172811.,0,0,0
WBGene00172812.,0,0,0
WBGene00172813.,0,0,0
WBGene00172814.,0,0,0
WBGene00172815.,0,0,0
WBGene00172816.,0,0,0
WBGene00172817.,0,0,0
WBGene00172818.,0,0,0
WBGene00172819.,0,0,0
WBGene00172820.,0,0,0
WBGene00172821.,0,0,0
WBGene00172822.,0,0,0
WBGene00172823.,0,0,0
WBGene00172824.,0,0,0
WBGene00172825.,0,0,0
WBGene00172826.,0,0,0
WBGene00172827.,0,0,0
WBGene00172828.,0,0,0
WBGene00172829.,0,0,0
WBGene00172830.,0,0,0
WBGene00172831.,0,0,0
WBGene00172832.,0,0,0
WBGene00172833.,0,0,0
WBGene00172834.,0,0,0
WBGene00172835.,0,0,0
WBGene00172836.,0,0,0
WBGene00172837.,0,0,0
WBGene00172838.,0,0,0
WBGene00172839.,0,0,0
WBGene00172840.,0,0,0
WBGene00172841.,0,0,0
WBGene00172842.,0,0,0
WBGene00172843.,0,0,0
WBGene00172844.,0,0,0
WBGene00172845.,0,0,0
WBGene00172846.,0,0,0
WBGene00172847.,0,0,0
WBGene00172848.,0,0,0
WBGene00172849.,0,0,0
WBGene00172850.,0,0,0
WBGene00172851.,0,0,0
WBGene00172852.,0,0,0
WBGene00172853.,0,0,0
WBGene00172854.,0,0,0
WBGene00172855.,0,0,0
WBGene00172856.,0,0,0
WBGene00172857.,0,0,0
WBGene00172858.,0,0,0
WBGene00172859.,0,0,0
WBGene00172860.,0,0,0
WBGene00172861.,0,0,0
WBGene00172862.,0,0,0
WBGene00172863.,0,0,0
WBGene00172864.,0,0,0
WBGene00172865.,0,0,0
WBGene00172866.,0,0,0
WBGene00172867.,0,0,0
WBGene00172868.,0,0,0
WBGene00172869.,0,0,0
WBGene00172870.,0,0,0
WBGene00172871.,0,0,0
WBGene00172872.,0,0,0
WBGene00172873.,0,0,0
WBGene00172874.,0,0,0
WBGene00172875.,0,0,0
WBGene00172876.,0,0,0
WBGene00172877.,0,0,0
WBGene00172878.,0,0,0
WBGene00172879.,0,0,0
WBGene00172880.,0,0,0
WBGene00172881.,0,0,0
WBGene00172882.,0,0,0
WBGene00172883.,0,0,0
WBGene00172884.,0,0,0
WBGene00172885.,0,0,0
WBGene00172886.,0,0,0
WBGene00172887.,0,0,0
WBGene00172888.,0,0,0
WBGene00172889.,0,0,0
WBGene00172890.,0,0,0
WBGene00172891.,0,0,0
WBGene00172892.,0,0,0
WBGene00172893.,0,0,0
WBGene00172894.,0,0,0
WBGene00172895.,0,0,0
WBGene00172896.,0,0,0
WBGene00172897.,0,0,0
WBGene00172898.,0,0,0
WBGene00172899.,0,0,0
WBGene00172900.,0,0,0
WBGene00172901.,0,0,0
WBGene00172902.,0,0,0
WBGene00172903.,0,0,0
WBGene00172904.,0,0,0
WBGene00172905.,0,0,0
WBGene00172906.,0,0,0
WBGene00172907.,0,0,0
WBGene00172908.,0,0,0
WBGene00172909.,0,0,0
WBGene00172910.,0,0,0
WBGene00172911.,0,0,0
WBGene00172912.,0,0,0
WBGene00172913.,0,0,0
WBGene00172914.,0,0,0
WBGene00172915.,0,0,0
WBGene00172916.,0,0,0
WBGene00172917.,0,0,0
WBGene00172918.,0,0,0
WBGene00172919.,0,0,0
WBGene00172920.,0,0,0
WBGene00172921.,0,0,0
WBGene00172922.,0,0,0
WBGene00172923.,0,0,0
WBGene00172924.,0,0,0
WBGene00172925.,0,0,0
WBGene00172926.,0,0,0
WBGene00172927.,0,0,0
WBGene00172928.,0,0,0
WBGene00172929.,0,0,0
WBGene00172930.,0,0,0
WBGene00172931.,0,0,0
WBGene00172932.,0,0,0
WBGene00172933.,0,0,0
WBGene00172934.,0,0,0
WBGene00172935.,0,0,0
WBGene00172936.,0,0,0
WBGene00172937.,0,0,0
WBGene00172938.,0,0,0
WBGene00172939.,0,0,0
WBGene00172940.,0,0,0
WBGene00172941.,0,0,0
WBGene00172942.,0,0,0
WBGene00172943.,0,0,0
WBGene00172944.,0,0,0
WBGene00172945.,0,0,0
WBGene00172946.,0,0,0
WBGene00172947.,0,0,0
WBGene00172948.,0,0,0
WBGene00172949.,0,0,0
WBGene00172950.,0,0,0
WBGene00172951.,0,0,0
WBGene00172952.,0,0,0
WBGene00172953.,0,0,0
WBGene00172954.,0,0,0
WBGene00172955.,0,0,0
WBGene00172956.,0,0,0
WBGene00172957.,0,0,0
WBGene00172958.,0,0,0
WBGene00172959.,0,0,0
WBGene00172960.,0,0,0
WBGene00172961.,0,0,0
WBGene00172962.,0,0,0
WBGene00172963.,0,0,0
WBGene00172964.,0,0,0
WBGene00172965.,0,0,0
WBGene00172966.,0,0,0
WBGene00172967.,0,0,0
WBGene00172968.,0,0,0
WBGene00172969.,0,0,0
WBGene00172970.,0,0,0
WBGene00172971.,0,0,0
WBGene00172972.,0,0,0
WBGene00172973.,0,0,0
WBGene00172974.,0,0,0
WBGene00172975.,0,0,0
WBGene00172976.,0,0,0
WBGene00172977.,0,0,0
WBGene00172978.,0,0,0
WBGene00172979.,0,0,0
WBGene00172980.,0,0,0
WBGene00172981.,0,0,0
WBGene00172982.,0,0,0
WBGene00172983.,0,0,0
WBGene00172984.,0,0,0
WBGene00172985.,0,0,0
WBGene00172986.,0,0,0
WBGene00172987.,0,0,0
WBGene00172988.,0,0,0
WBGene00172989.,0,0,0
WBGene00172990.,0,0,0
WBGene00172991.,0,0,0
WBGene00172992.,0,0,0
WBGene00172993.,0,0,0
WBGene00172994.,0,0,0
WBGene00172995.,0,0,0
WBGene00172996.,0,0,0
WBGene00172997.,0,0,0
WBGene00172998.,0,0,0
WBGene00172999.,0,0,0
WBGene00173000.,0,0,0
WBGene00173001.,0,0,0
WBGene00173002.,0,0,0
WBGene00173003.,0,0,0
WBGene00173004.,0,0,0
WBGene00173005.,0,0,0
WBGene00173006.,0,0,0
WBGene00173007.,0,0,0
WBGene00173008.,0,0,0
WBGene00173009.,0,0,0
WBGene00173010.,0,0,0
WBGene00173011.,0,0,0
WBGene00173012.,0,0,0
WBGene00173013.,0,0,0
WBGene00173014.,0,0,0
WBGene00173015.,0,0,0
WBGene00173016.,0,0,0
WBGene00173017.,0,0,0
WBGene00173018.,0,0,0
WBGene00173019.,0,0,0
WBGene00173020.,0,0,0
WBGene00173021.,0,0,0
WBGene00173022.,0,0,0
WBGene00173023.,0,0,0
WBGene00173024.,0,0,0
WBGene00173025.,0,0,0
WBGene00173026.,0,0,0
WBGene00173027.,0,0,0
WBGene00173028.,0,0,0
WBGene00173029.,0,0,0
WBGene00173030.,0,0,0
WBGene00173031.,0,0,0
WBGene00173032.,0,0,0
WBGene00173033.,0,0,0
WBGene00173034.,0,0,0
WBGene00173035.,0,0,0
WBGene00173036.,0,0,0
WBGene00173037.,0,0,0
WBGene00173038.,0,0,0
WBGene00173039.,0,0,0
WBGene00173040.,0,0,0
WBGene00173041.,0,0,0
WBGene00173042.,0,0,0
WBGene00173043.,0,0,0
WBGene00173044.,0,0,0
WBGene00173045.,0,0,0
WBGene00173046.,0,0,0
WBGene00173047.,0,0,0
WBGene00173048.,0,0,0
WBGene00173049.,0,0,0
WBGene00173050.,0,0,0
WBGene00173051.,0,0,0
WBGene00173052.,0,0,0
WBGene00173053.,0,0,0
WBGene00173054.,0,0,0
WBGene00173055.,0,0,0
WBGene00173056.,0,0,0
WBGene00173057.,0,0,0
WBGene00173058.,0,0,0
WBGene00173059.,0,0,0
WBGene00173060.,0,0,0
WBGene00173061.,0,0,0
WBGene00173062.,0,0,0
WBGene00173063.,0,0,0
WBGene00173064.,0,0,0
WBGene00173065.,0,0,0
WBGene00173066.,0,0,0
WBGene00173067.,0,0,0
WBGene00173068.,0,0,0
WBGene00173069.,0,0,0
WBGene00173070.,0,0,0
WBGene00173071.,0,0,0
WBGene00173072.,0,0,0
WBGene00173073.,0,0,0
WBGene00173074.,0,0,0
WBGene00173075.,0,0,0
WBGene00173076.,0,0,0
WBGene00173077.,0,0,0
WBGene00173078.,0,0,0
WBGene00173079.,0,0,0
WBGene00173080.,0,0,0
WBGene00173081.,0,0,0
WBGene00173082.,0,0,0
WBGene00173083.,0,0,0
WBGene00173084.,0,0,0
WBGene00173085.,0,0,0
WBGene00173086.,0,0,0
WBGene00173087.,0,0,0
WBGene00173088.,0,0,0
WBGene00173089.,0,0,0
WBGene00173090.,0,0,0
WBGene00173091.,0,0,0
WBGene00173092.,0,0,0
WBGene00173093.,0,0,0
WBGene00173094.,0,0,0
WBGene00173095.,0,0,0
WBGene00173096.,0,0,0
WBGene00173097.,0,0,0
WBGene00173098.,0,0,0
WBGene00173099.,0,0,0
WBGene00173100.,0,0,0
WBGene00173101.,0,0,0
WBGene00173102.,0,0,0
WBGene00173103.,0,0,0
WBGene00173104.,0,0,0
WBGene00173105.,0,0,0
WBGene00173106.,0,0,0
WBGene00173107.,0,0,0
WBGene00173108.,0,0,0
WBGene00173109.,0,0,0
WBGene00173110.,0,0,0
WBGene00173111.,0,0,0
WBGene00173112.,0,0,0
WBGene00173113.,0,0,0
WBGene00173114.,0,0,0
WBGene00173115.,0,0,0
WBGene00173116.,0,0,0
WBGene00173117.,0,0,0
WBGene00173118.,0,0,0
WBGene00173119.,0,0,0
WBGene00173120.,0,0,0
WBGene00173121.,0,0,0
WBGene00173122.,0,0,0
WBGene00173123.,0,0,0
WBGene00173124.,0,0,0
WBGene00173125.,0,0,0
WBGene00173126.,0,0,0
WBGene00173127.,0,0,0
WBGene00173128.,0,0,0
WBGene00173129.,0,0,0
WBGene00173130.,0,0,0
WBGene00173131.,0,0,0
WBGene00173132.,0,0,0
WBGene00173133.,0,0,0
WBGene00173134.,0,0,0
WBGene00173135.,0,0,0
WBGene00173136.,0,0,0
WBGene00173137.,0,0,0
WBGene00173138.,0,0,0
WBGene00173139.,0,0,0
WBGene00173140.,0,0,0
WBGene00173141.,0,0,0
WBGene00173142.,0,0,0
WBGene00173143.,0,0,0
WBGene00173144.,0,0,0
WBGene00173145.,0,0,0
WBGene00173146.,0,0,0
WBGene00173147.,0,0,0
WBGene00173148.,0,0,0
WBGene00173149.,0,0,0
WBGene00173150.,0,0,0
WBGene00173151.,0,0,0
WBGene00173152.,0,0,0
WBGene00173153.,0,0,0
WBGene00173154.,0,0,0
WBGene00173155.,0,0,0
WBGene00173156.,0,0,0
WBGene00173157.,0,0,0
WBGene00173158.,0,0,0
WBGene00173159.,0,0,0
WBGene00173160.,0,0,0
WBGene00173161.,0,0,0
WBGene00173162.,0,0,0
WBGene00173163.,0,0,0
WBGene00173164.,0,0,0
WBGene00173165.,0,0,0
WBGene00173166.,0,0,0
WBGene00173167.,0,0,0
WBGene00173168.,0,0,0
WBGene00173169.,0,0,0
WBGene00173170.,0,0,0
WBGene00173171.,0,0,0
WBGene00173172.,0,0,0
WBGene00173173.,0,0,0
WBGene00173174.,0,0,0
WBGene00173175.,0,0,0
WBGene00173176.,0,0,0
WBGene00173177.,0,0,0
WBGene00173178.,0,0,0
WBGene00173179.,0,0,0
WBGene00173180.,0,0,0
WBGene00173181.,0,0,0
WBGene00173182.,0,0,0
WBGene00173183.,0,0,0
WBGene00173184.,0,0,0
WBGene00173185.,0,0,0
WBGene00173186.,0,0,0
WBGene00173187.,0,0,0
WBGene00173188.,0,0,0
WBGene00173189.,0,0,0
WBGene00173190.,0,0,0
WBGene00173191.,0,0,0
WBGene00173192.,0,0,0
WBGene00173193.,0,0,0
WBGene00173194.,0,0,0
WBGene00173195.,0,0,0
WBGene00173196.,0,0,0
WBGene00173197.,0,0,0
WBGene00173198.,0,0,0
WBGene00173199.,0,0,0
WBGene00173200.,0,0,0
WBGene00173201.,0,0,0
WBGene00173202.,0,0,0
WBGene00173203.,0,0,0
WBGene00173204.,0,0,0
WBGene00173205.,0,0,0
WBGene00173206.,0,0,0
WBGene00173207.,0,0,0
WBGene00173208.,0,0,0
WBGene00173209.,0,0,0
WBGene00173210.,0,0,0
WBGene00173211.,0,0,0
WBGene00173212.,0,0,0
WBGene00173213.,0,0,0
WBGene00173214.,0,0,0
WBGene00173215.,0,0,0
WBGene00173216.,0,0,0
WBGene00173217.,0,0,0
WBGene00173218.,0,0,0
WBGene00173219.,0,0,0
WBGene00173220.,0,0,0
WBGene00173221.,0,0,0
WBGene00173222.,0,0,0
WBGene00173223.,0,0,0
WBGene00173224.,0,0,0
WBGene00173225.,0,0,0
WBGene00173226.,0,0,0
WBGene00173227.,0,0,0
WBGene00173228.,0,0,0
WBGene00173229.,0,0,0
WBGene00173230.,0,0,0
WBGene00173231.,0,0,0
WBGene00173232.,0,0,0
WBGene00173233.,0,0,0
WBGene00173234.,0,0,0
WBGene00173235.,0,0,0
WBGene00173236.,0,0,0
WBGene00173237.,0,0,0
WBGene00173238.,0,0,0
WBGene00173239.,0,0,0
WBGene00173240.,0,0,0
WBGene00173241.,0,0,0
WBGene00173242.,0,0,0
WBGene00173243.,0,0,0
WBGene00173244.,0,0,0
WBGene00173245.,0,0,0
WBGene00173246.,0,0,0
WBGene00173247.,0,0,0
WBGene00173248.,0,0,0
WBGene00173249.,0,0,0
WBGene00173250.,0,0,0
WBGene00173251.,0,0,0
WBGene00173252.,0,0,0
WBGene00173253.,0,0,0
WBGene00173254.,0,0,0
WBGene00173255.,0,0,0
WBGene00173256.,0,0,0
WBGene00173257.,0,0,0
WBGene00173258.,0,0,0
WBGene00173259.,0,0,0
WBGene00173260.,0,0,0
WBGene00173261.,0,0,0
WBGene00173262.,0,0,0
WBGene00173263.,0,0,0
WBGene00173264.,0,0,0
WBGene00173265.,0,0,0
WBGene00173266.,0,0,0
WBGene00173267.,0,0,0
WBGene00173268.,0,0,0
WBGene00173269.,0,0,0
WBGene00173270.,0,0,0
WBGene00173271.,0,0,0
WBGene00173272.,0,0,0
WBGene00173273.,0,0,0
WBGene00173274.,0,0,0
WBGene00173275.,0,0,0
WBGene00173276.,0,0,0
WBGene00173277.,0,0,0
WBGene00173278.,0,0,0
WBGene00173279.,0,0,0
WBGene00173280.,0,0,0
WBGene00173281.,0,0,0
WBGene00173282.,0,0,0
WBGene00173283.,0,0,0
WBGene00173284.,0,0,0
WBGene00173285.,0,0,0
WBGene00173286.,0,0,0
WBGene00173287.,0,0,0
WBGene00173288.,0,0,0
WBGene00173289.,0,0,0
WBGene00173290.,0,0,0
WBGene00173291.,0,0,0
WBGene00173292.,0,0,0
WBGene00173293.,0,0,0
WBGene00173294.,0,0,0
WBGene00173295.,0,0,0
WBGene00173296.,0,0,0
WBGene00173297.,0,0,0
WBGene00173298.,0,0,0
WBGene00173299.,0,0,0
WBGene00173300.,0,0,0
WBGene00173301.,0,0,0
WBGene00173302.,0,0,0
WBGene00173303.,0,0,0
WBGene00173304.,0,0,0
WBGene00173305.,0,0,0
WBGene00173306.,0,0,0
WBGene00173307.,0,0,0
WBGene00173308.,0,0,0
WBGene00173309.,0,0,0
WBGene00173310.,0,0,0
WBGene00173311.,0,0,0
WBGene00173312.,0,0,0
WBGene00173313.,0,0,0
WBGene00173314.,0,0,0
WBGene00173315.,0,0,0
WBGene00173316.,0,0,0
WBGene00173317.,0,0,0
WBGene00173318.,0,0,0
WBGene00173319.,0,0,0
WBGene00173320.,0,0,0
WBGene00173321.,0,0,0
WBGene00173322.,0,0,0
WBGene00173323.,0,0,0
WBGene00173324.,0,0,0
WBGene00173325.,0,0,0
WBGene00173326.,0,0,0
WBGene00173327.,0,0,0
WBGene00173328.,0,0,0
WBGene00173329.,0,0,0
WBGene00173330.,0,0,0
WBGene00173331.,0,0,0
WBGene00173332.,0,0,0
WBGene00173333.,0,0,0
WBGene00173334.,0,0,0
WBGene00173335.,0,0,0
WBGene00173336.,0,0,0
WBGene00173337.,0,0,0
WBGene00173338.,0,0,0
WBGene00173339.,0,0,0
WBGene00173340.,0,0,0
WBGene00173341.,0,0,0
WBGene00173342.,0,0,0
WBGene00173343.,0,0,0
WBGene00173344.,0,0,0
WBGene00173345.,0,0,0
WBGene00173346.,0,0,0
WBGene00173347.,0,0,0
WBGene00173348.,0,0,0
WBGene00173349.,0,0,0
WBGene00173350.,0,0,0
WBGene00173351.,0,0,0
WBGene00173352.,0,0,0
WBGene00173353.,0,0,0
WBGene00173354.,0,0,0
WBGene00173355.,0,0,0
WBGene00173356.,0,0,0
WBGene00173357.,0,0,0
WBGene00173358.,0,0,0
WBGene00173359.,0,0,0
WBGene00173360.,0,0,0
WBGene00173361.,0,0,0
WBGene00173362.,0,0,0
WBGene00173363.,0,0,0
WBGene00173364.,0,0,0
WBGene00173365.,0,0,0
WBGene00173366.,0,0,0
WBGene00173367.,0,0,0
WBGene00173368.,0,0,0
WBGene00173369.,0,0,0
WBGene00173370.,0,0,0
WBGene00173371.,0,0,0
WBGene00173372.,0,0,0
WBGene00173373.,0,0,0
WBGene00173374.,0,0,0
WBGene00173375.,0,0,0
WBGene00173376.,0,0,0
WBGene00173377.,0,0,0
WBGene00173378.,0,0,0
WBGene00173379.,0,0,0
WBGene00173380.,0,0,0
WBGene00173381.,0,0,0
WBGene00173382.,0,0,0
WBGene00173383.,0,0,0
WBGene00173384.,0,0,0
WBGene00173385.,0,0,0
WBGene00173386.,0,0,0
WBGene00173387.,0,0,0
WBGene00173388.,0,0,0
WBGene00173389.,0,0,0
WBGene00173390.,0,0,0
WBGene00173391.,0,0,0
WBGene00173392.,0,0,0
WBGene00173393.,0,0,0
WBGene00173394.,0,0,0
WBGene00173395.,0,0,0
WBGene00173396.,0,0,0
WBGene00173397.,0,0,0
WBGene00173398.,0,0,0
WBGene00173399.,0,0,0
WBGene00173400.,0,0,0
WBGene00173401.,0,0,0
WBGene00173402.,0,0,0
WBGene00173403.,0,0,0
WBGene00173404.,0,0,0
WBGene00173405.,0,0,0
WBGene00173406.,0,0,0
WBGene00173407.,0,0,0
WBGene00173408.,0,0,0
WBGene00173409.,0,0,0
WBGene00173410.,0,0,0
WBGene00173411.,0,0,0
WBGene00173412.,0,0,0
WBGene00173413.,0,0,0
WBGene00173414.,0,0,0
WBGene00173415.,0,0,0
WBGene00173416.,0,0,0
WBGene00173417.,0,0,0
WBGene00173418.,0,0,0
WBGene00173419.,0,0,0
WBGene00173420.,0,0,0
WBGene00173421.,0,0,0
WBGene00173422.,0,0,0
WBGene00173423.,0,0,0
WBGene00173424.,0,0,0
WBGene00173425.,0,0,0
WBGene00173426.,0,0,0
WBGene00173427.,0,0,0
WBGene00173428.,0,0,0
WBGene00173429.,0,0,0
WBGene00173430.,0,0,0
WBGene00173431.,0,0,0
WBGene00173432.,0,0,0
WBGene00173433.,0,0,0
WBGene00173434.,0,0,0
WBGene00173435.,0,0,0
WBGene00173436.,0,0,0
WBGene00173437.,0,0,0
WBGene00173438.,0,0,0
WBGene00173439.,0,0,0
WBGene00173440.,0,0,0
WBGene00173441.,0,0,0
WBGene00173442.,0,0,0
WBGene00173443.,0,0,0
WBGene00173444.,0,0,0
WBGene00173445.,0,0,0
WBGene00173446.,0,0,0
WBGene00173447.,0,0,0
WBGene00173448.,0,0,0
WBGene00173449.,0,0,0
WBGene00173450.,0,0,0
WBGene00173451.,0,0,0
WBGene00173452.,0,0,0
WBGene00173453.,0,0,0
WBGene00173454.,0,0,0
WBGene00173455.,0,0,0
WBGene00173456.,0,0,0
WBGene00173457.,0,0,0
WBGene00173458.,0,0,0
WBGene00173459.,0,0,0
WBGene00173460.,0,0,0
WBGene00173461.,0,0,0
WBGene00173462.,0,0,0
WBGene00173463.,0,0,0
WBGene00173464.,0,0,0
WBGene00173465.,0,0,0
WBGene00173466.,0,0,0
WBGene00173467.,0,0,0
WBGene00173468.,0,0,0
WBGene00173469.,0,0,0
WBGene00173470.,0,0,0
WBGene00173471.,0,0,0
WBGene00173472.,0,0,0
WBGene00173473.,0,0,0
WBGene00173474.,0,0,0
WBGene00173475.,0,0,0
WBGene00173476.,0,0,0
WBGene00173477.,0,0,0
WBGene00173478.,0,0,0
WBGene00173480.,0,0,0
WBGene00173481.,0,0,0
WBGene00173482.,0,0,0
WBGene00173483.,0,0,0
WBGene00173484.,0,0,0
WBGene00173485.,0,0,0
WBGene00173486.,0,0,0
WBGene00173487.,0,0,0
WBGene00173488.,0,0,0
WBGene00173489.,0,0,0
WBGene00173490.,0,0,0
WBGene00173491.,0,0,0
WBGene00173492.,0,0,0
WBGene00173493.,0,0,0
WBGene00173494.,0,0,0
WBGene00173495.,0,0,0
WBGene00173496.,0,0,0
WBGene00173497.,0,0,0
WBGene00173498.,0,0,0
WBGene00173499.,0,0,0
WBGene00173500.,0,0,0
WBGene00173501.,0,0,0
WBGene00173502.,0,0,0
WBGene00173503.,0,0,0
WBGene00173504.,0,0,0
WBGene00173505.,0,0,0
WBGene00173506.,0,0,0
WBGene00173507.,0,0,0
WBGene00173508.,0,0,0
WBGene00173509.,0,0,0
WBGene00173510.,0,0,0
WBGene00173511.,0,0,0
WBGene00173512.,0,0,0
WBGene00173513.,0,0,0
WBGene00173514.,0,0,0
WBGene00173515.,0,0,0
WBGene00173516.,0,0,0
WBGene00173517.,0,0,0
WBGene00173518.,0,0,0
WBGene00173519.,0,0,0
WBGene00173520.,0,0,0
WBGene00173521.,0,0,0
WBGene00173522.,0,0,0
WBGene00173523.,0,0,0
WBGene00173524.,0,0,0
WBGene00173525.,0,0,0
WBGene00173526.,0,0,0
WBGene00173527.,0,0,0
WBGene00173528.,0,0,0
WBGene00173529.,0,0,0
WBGene00173530.,0,0,0
WBGene00173531.,0,0,0
WBGene00173532.,0,0,0
WBGene00173533.,0,0,0
WBGene00173534.,0,0,0
WBGene00173535.,0,0,0
WBGene00173536.,0,0,0
WBGene00173537.,0,0,0
WBGene00173538.,0,0,0
WBGene00173539.,0,0,0
WBGene00173540.,0,0,0
WBGene00173541.,0,0,0
WBGene00173542.,0,0,0
WBGene00173543.,0,0,0
WBGene00173544.,0,0,0
WBGene00173545.,0,0,0
WBGene00173546.,0,0,0
WBGene00173547.,0,0,0
WBGene00173548.,0,0,0
WBGene00173550.,0,0,0
WBGene00173551.,0,0,0
WBGene00173552.,0,0,0
WBGene00173553.,0,0,0
WBGene00173554.,0,0,0
WBGene00173555.,0,0,0
WBGene00173556.,0,0,0
WBGene00173557.,0,0,0
WBGene00173558.,0,0,0
WBGene00173559.,0,0,0
WBGene00173560.,0,0,0
WBGene00173561.,0,0,0
WBGene00173562.,0,0,0
WBGene00173563.,0,0,0
WBGene00173564.,0,0,0
WBGene00173565.,0,0,0
WBGene00173566.,0,0,0
WBGene00173567.,0,0,0
WBGene00173568.,0,0,0
WBGene00173569.,0,0,0
WBGene00173570.,0,0,0
WBGene00173571.,0,0,0
WBGene00173572.,0,0,0
WBGene00173573.,0,0,0
WBGene00173574.,0,0,0
WBGene00173575.,0,0,0
WBGene00173576.,0,0,0
WBGene00173577.,0,0,0
WBGene00173578.,0,0,0
WBGene00173579.,0,0,0
WBGene00173580.,0,0,0
WBGene00173581.,0,0,0
WBGene00173582.,0,0,0
WBGene00173583.,0,0,0
WBGene00173584.,0,0,0
WBGene00173585.,0,0,0
WBGene00173586.,0,0,0
WBGene00173587.,0,0,0
WBGene00173588.,0,0,0
WBGene00173589.,0,0,0
WBGene00173590.,0,0,0
WBGene00173591.,0,0,0
WBGene00173592.,0,0,0
WBGene00173593.,0,0,0
WBGene00173594.,0,0,0
WBGene00173595.,0,0,0
WBGene00173596.,0,0,0
WBGene00173597.,0,0,0
WBGene00173598.,0,0,0
WBGene00173599.,0,0,0
WBGene00173600.,0,0,0
WBGene00173601.,0,0,0
WBGene00173602.,0,0,0
WBGene00173603.,0,0,0
WBGene00173604.,0,0,0
WBGene00173605.,0,0,0
WBGene00173606.,0,0,0
WBGene00173607.,0,0,0
WBGene00173608.,0,0,0
WBGene00173609.,0,0,0
WBGene00173610.,0,0,0
WBGene00173611.,0,0,0
WBGene00173612.,0,0,0
WBGene00173613.,0,0,0
WBGene00173614.,0,0,0
WBGene00173615.,0,0,0
WBGene00173616.,0,0,0
WBGene00173617.,0,0,0
WBGene00173618.,0,0,0
WBGene00173619.,0,0,0
WBGene00173620.,0,0,0
WBGene00173621.,0,0,0
WBGene00173622.,0,0,0
WBGene00173623.,0,0,0
WBGene00173624.,0,0,0
WBGene00173625.,0,0,0
WBGene00173626.,0,0,0
WBGene00173627.,0,0,0
WBGene00173628.,0,0,0
WBGene00173629.,0,0,0
WBGene00173630.,0,0,0
WBGene00173631.,0,0,0
WBGene00173632.,0,0,0
WBGene00173633.,0,0,0
WBGene00173634.,0,0,0
WBGene00173635.,0,0,0
WBGene00173636.,0,0,0
WBGene00173637.,0,0,0
WBGene00173638.,0,0,0
WBGene00173639.,0,0,0
WBGene00173640.,0,0,0
WBGene00173641.,0,0,0
WBGene00173642.,0,0,0
WBGene00173643.,0,0,0
WBGene00173644.,0,0,0
WBGene00173645.,0,0,0
WBGene00173646.,0,0,0
WBGene00173647.,0,0,0
WBGene00173648.,0,0,0
WBGene00173649.,0,0,0
WBGene00173650.,0,0,0
WBGene00173651.,0,0,0
WBGene00173652.,0,0,0
WBGene00173653.,0,0,0
WBGene00173654.,0,0,0
WBGene00173655.,0,0,0
WBGene00173656.,0,0,0
WBGene00173657.,0,0,0
WBGene00173658.,0,0,0
WBGene00173659.,0,0,0
WBGene00173660.,0,0,0
WBGene00173661.,0,0,0
WBGene00173662.,0,0,0
WBGene00173663.,0,0,0
WBGene00173664.,0,0,0
WBGene00173665.,0,0,0
WBGene00173666.,0,0,0
WBGene00173667.,0,0,0
WBGene00173668.,0,0,0
WBGene00173669.,0,0,0
WBGene00173670.,0,0,0
WBGene00173671.,0,0,0
WBGene00173672.,0,0,0
WBGene00173673.,0,0,0
WBGene00173674.,0,0,0
WBGene00173675.,0,0,0
WBGene00173676.,0,0,0
WBGene00173677.,0,0,0
WBGene00173678.,0,0,0
WBGene00173679.,0,0,0
WBGene00173680.,0,0,0
WBGene00173681.,0,0,0
WBGene00173682.,0,0,0
WBGene00173683.,0,0,0
WBGene00173684.,0,0,0
WBGene00173685.,0,0,0
WBGene00173686.,0,0,0
WBGene00173687.,0,0,0
WBGene00173688.,0,0,0
WBGene00173689.,0,0,0
WBGene00173690.,0,0,0
WBGene00173691.,0,0,0
WBGene00173692.,0,0,0
WBGene00173693.,0,0,0
WBGene00173694.,0,0,0
WBGene00173695.,0,0,0
WBGene00173696.,0,0,0
WBGene00173697.,0,0,0
WBGene00173698.,0,0,0
WBGene00173699.,0,0,0
WBGene00173700.,0,0,0
WBGene00173701.,0,0,0
WBGene00173702.,0,0,0
WBGene00173703.,0,0,0
WBGene00173704.,0,0,0
WBGene00173705.,0,0,0
WBGene00173706.,0,0,0
WBGene00173707.,0,0,0
WBGene00173708.,0,0,0
WBGene00173709.,0,0,0
WBGene00173710.,0,0,0
WBGene00173711.,0,0,0
WBGene00173712.,0,0,0
WBGene00173713.,0,0,0
WBGene00173714.,0,0,0
WBGene00173715.,0,0,0
WBGene00173716.,0,0,0
WBGene00173717.,0,0,0
WBGene00173718.,0,0,0
WBGene00173719.,0,0,0
WBGene00173720.,0,0,0
WBGene00173721.,0,0,0
WBGene00173722.,0,0,0
WBGene00173723.,0,0,0
WBGene00173724.,0,0,0
WBGene00173725.,0,0,0
WBGene00173726.,0,0,0
WBGene00173727.,0,0,0
WBGene00173728.,0,0,0
WBGene00173729.,0,0,0
WBGene00173730.,0,0,0
WBGene00173731.,0,0,0
WBGene00173732.,0,0,0
WBGene00173733.,0,0,0
WBGene00173734.,0,0,0
WBGene00173735.,0,0,0
WBGene00173736.,0,0,0
WBGene00173737.,0,0,0
WBGene00173738.,0,0,0
WBGene00173739.,0,0,0
WBGene00173740.,0,0,0
WBGene00173741.,0,0,0
WBGene00173742.,0,0,0
WBGene00173743.,0,0,0
WBGene00173744.,0,0,0
WBGene00173745.,0,0,0
WBGene00173746.,0,0,0
WBGene00173747.,0,0,0
WBGene00173748.,0,0,0
WBGene00173749.,0,0,0
WBGene00173750.,0,0,0
WBGene00173751.,0,0,0
WBGene00173752.,0,0,0
WBGene00173753.,0,0,0
WBGene00173754.,0,0,0
WBGene00173755.,0,0,0
WBGene00173756.,0,0,0
WBGene00173757.,0,0,0
WBGene00173758.,0,0,0
WBGene00173759.,0,0,0
WBGene00173760.,0,0,0
WBGene00173761.,0,0,0
WBGene00173762.,0,0,0
WBGene00173763.,0,0,0
WBGene00173764.,0,0,0
WBGene00173765.,0,0,0
WBGene00173766.,0,0,0
WBGene00173767.,0,0,0
WBGene00173768.,0,0,0
WBGene00173769.,0,0,0
WBGene00173770.,0,0,0
WBGene00173771.,0,0,0
WBGene00173772.,0,0,0
WBGene00173773.,0,0,0
WBGene00173774.,0,0,0
WBGene00173775.,0,0,0
WBGene00173776.,0,0,0
WBGene00173777.,0,0,0
WBGene00173778.,0,0,0
WBGene00173779.,0,0,0
WBGene00173780.,0,0,0
WBGene00173781.,0,0,0
WBGene00173782.,0,0,0
WBGene00173783.,0,0,0
WBGene00173784.,0,0,0
WBGene00173785.,0,0,0
WBGene00173786.,0,0,0
WBGene00173787.,0,0,0
WBGene00173788.,0,0,0
WBGene00173789.,0,0,0
WBGene00173790.,0,0,0
WBGene00173791.,0,0,0
WBGene00173792.,0,0,0
WBGene00173793.,0,0,0
WBGene00173794.,0,0,0
WBGene00173795.,0,0,0
WBGene00173796.,0,0,0
WBGene00173797.,0,0,0
WBGene00173798.,0,0,0
WBGene00173799.,0,0,0
WBGene00173800.,0,0,0
WBGene00173801.,0,0,0
WBGene00173802.,0,0,0
WBGene00173803.,0,0,0
WBGene00173804.,0,0,0
WBGene00173805.,0,0,0
WBGene00173806.,0,0,0
WBGene00173807.,0,0,0
WBGene00173808.,0,0,0
WBGene00173809.,0,0,0
WBGene00173810.,0,0,0
WBGene00173811.,0,0,0
WBGene00173812.,0,0,0
WBGene00173813.,0,0,0
WBGene00173814.,0,0,0
WBGene00173815.,0,0,0
WBGene00173816.,0,0,0
WBGene00173817.,0,0,0
WBGene00173818.,0,0,0
WBGene00173819.,0,0,0
WBGene00173820.,0,0,0
WBGene00173821.,0,0,0
WBGene00173822.,0,0,0
WBGene00173823.,0,0,0
WBGene00173824.,0,0,0
WBGene00173825.,0,0,0
WBGene00173826.,0,0,0
WBGene00173827.,0,0,0
WBGene00173828.,0,0,0
WBGene00173829.,0,0,0
WBGene00173830.,0,0,0
WBGene00173831.,0,0,0
WBGene00173832.,0,0,0
WBGene00173833.,0,0,0
WBGene00173834.,0,0,0
WBGene00173835.,0,0,0
WBGene00173836.,0,0,0
WBGene00173837.,0,0,0
WBGene00173838.,0,0,0
WBGene00173839.,0,0,0
WBGene00173840.,0,0,0
WBGene00173841.,0,0,0
WBGene00173842.,0,0,0
WBGene00173843.,0,0,0
WBGene00173844.,0,0,0
WBGene00173845.,0,0,0
WBGene00173846.,0,0,0
WBGene00173847.,0,0,0
WBGene00173848.,0,0,0
WBGene00173849.,0,0,0
WBGene00173850.,0,0,0
WBGene00173851.,0,0,0
WBGene00173852.,0,0,0
WBGene00173853.,0,0,0
WBGene00173854.,0,0,0
WBGene00173855.,0,0,0
WBGene00173856.,0,0,0
WBGene00173857.,0,0,0
WBGene00173858.,0,0,0
WBGene00173859.,0,0,0
WBGene00173860.,0,0,0
WBGene00173861.,0,0,0
WBGene00173862.,0,0,0
WBGene00173863.,0,0,0
WBGene00173864.,0,0,0
WBGene00173865.,0,0,0
WBGene00173866.,0,0,0
WBGene00173867.,0,0,0
WBGene00173868.,0,0,0
WBGene00173869.,0,0,0
WBGene00173870.,0,0,0
WBGene00173871.,0,0,0
WBGene00173872.,0,0,0
WBGene00173873.,0,0,0
WBGene00173874.,0,0,0
WBGene00173875.,0,0,0
WBGene00173876.,0,0,0
WBGene00173877.,0,0,0
WBGene00173878.,0,0,0
WBGene00173879.,0,0,0
WBGene00173880.,0,0,0
WBGene00173881.,0,0,0
WBGene00173882.,0,0,0
WBGene00173883.,0,0,0
WBGene00173884.,0,0,0
WBGene00173885.,0,0,0
WBGene00173886.,0,0,0
WBGene00173887.,0,0,0
WBGene00173888.,0,0,0
WBGene00173889.,0,0,0
WBGene00173890.,0,0,0
WBGene00173891.,0,0,0
WBGene00173892.,0,0,0
WBGene00173893.,0,0,0
WBGene00173894.,0,0,0
WBGene00173895.,0,0,0
WBGene00173896.,0,0,0
WBGene00173897.,0,0,0
WBGene00173898.,0,0,0
WBGene00173899.,0,0,0
WBGene00173900.,0,0,0
WBGene00173901.,0,0,0
WBGene00173902.,0,0,0
WBGene00173903.,0,0,0
WBGene00173904.,0,0,0
WBGene00173905.,0,0,0
WBGene00173906.,0,0,0
WBGene00173907.,0,0,0
WBGene00173908.,0,0,0
WBGene00173909.,0,0,0
WBGene00173910.,0,0,0
WBGene00173911.,0,0,0
WBGene00173912.,0,0,0
WBGene00173913.,0,0,0
WBGene00173914.,0,0,0
WBGene00173915.,0,0,0
WBGene00173916.,0,0,0
WBGene00173917.,0,0,0
WBGene00173918.,0,0,0
WBGene00173919.,0,0,0
WBGene00173920.,0,0,0
WBGene00173921.,0,0,0
WBGene00173922.,0,0,0
WBGene00173923.,0,0,0
WBGene00173924.,0,0,0
WBGene00173925.,0,0,0
WBGene00173926.,0,0,0
WBGene00173927.,0,0,0
WBGene00173928.,0,0,0
WBGene00173929.,0,0,0
WBGene00173930.,0,0,0
WBGene00173931.,0,0,0
WBGene00173932.,0,0,0
WBGene00173933.,0,0,0
WBGene00173934.,0,0,0
WBGene00173935.,0,0,0
WBGene00173936.,0,0,0
WBGene00173937.,0,0,0
WBGene00173938.,0,0,0
WBGene00173939.,0,0,0
WBGene00173940.,0,0,0
WBGene00173941.,0,0,0
WBGene00173942.,0,0,0
WBGene00173943.,0,0,0
WBGene00173944.,0,0,0
WBGene00173945.,0,0,0
WBGene00173946.,0,0,0
WBGene00173947.,0,0,0
WBGene00173948.,0,0,0
WBGene00173949.,0,0,0
WBGene00173950.,0,0,0
WBGene00173951.,0,0,0
WBGene00173952.,0,0,0
WBGene00173953.,0,0,0
WBGene00173954.,0,0,0
WBGene00173955.,0,0,0
WBGene00173956.,0,0,0
WBGene00173957.,0,0,0
WBGene00173958.,0,0,0
WBGene00173959.,0,0,0
WBGene00173960.,0,0,0
WBGene00173961.,0,0,0
WBGene00173962.,0,0,0
WBGene00173963.,0,0,0
WBGene00173964.,0,0,0
WBGene00173965.,0,0,0
WBGene00173966.,0,0,0
WBGene00173967.,0,0,0
WBGene00173968.,0,0,0
WBGene00173969.,0,0,0
WBGene00173970.,0,0,0
WBGene00173971.,0,0,0
WBGene00173972.,0,0,0
WBGene00173973.,0,0,0
WBGene00173974.,0,0,0
WBGene00173975.,0,0,0
WBGene00173976.,0,0,0
WBGene00173977.,0,0,0
WBGene00173978.,0,0,0
WBGene00173979.,0,0,0
WBGene00173980.,0,0,0
WBGene00173981.,0,0,0
WBGene00173982.,0,0,0
WBGene00173983.,0,0,0
WBGene00173984.,0,0,0
WBGene00173985.,0,0,0
WBGene00173986.,0,0,0
WBGene00173987.,0,0,0
WBGene00173988.,0,0,0
WBGene00173989.,0,0,0
WBGene00173990.,0,0,0
WBGene00173991.,0,0,0
WBGene00173992.,0,0,0
WBGene00173993.,0,0,0
WBGene00173994.,0,0,0
WBGene00173995.,0,0,0
WBGene00173996.,0,0,0
WBGene00173997.,0,0,0
WBGene00173998.,0,0,0
WBGene00173999.,0,0,0
WBGene00174000.,0,0,0
WBGene00174001.,0,0,0
WBGene00174002.,0,0,0
WBGene00174003.,0,0,0
WBGene00174004.,0,0,0
WBGene00174005.,0,0,0
WBGene00174006.,0,0,0
WBGene00174007.,0,0,0
WBGene00174008.,0,0,0
WBGene00174009.,0,0,0
WBGene00174010.,0,0,0
WBGene00174011.,0,0,0
WBGene00174012.,0,0,0
WBGene00174013.,0,0,0
WBGene00174014.,0,0,0
WBGene00174015.,0,0,0
WBGene00174016.,0,0,0
WBGene00174017.,0,0,0
WBGene00174018.,0,0,0
WBGene00174019.,0,0,0
WBGene00174020.,0,0,0
WBGene00174021.,0,0,0
WBGene00174022.,0,0,0
WBGene00174023.,0,0,0
WBGene00174024.,0,0,0
WBGene00174025.,0,0,0
WBGene00174026.,0,0,0
WBGene00174027.,0,0,0
WBGene00174028.,0,0,0
WBGene00174029.,0,0,0
WBGene00174030.,0,0,0
WBGene00174031.,0,0,0
WBGene00174032.,0,0,0
WBGene00174033.,0,0,0
WBGene00174034.,0,0,0
WBGene00174035.,0,0,0
WBGene00174036.,0,0,0
WBGene00174037.,0,0,0
WBGene00174038.,0,0,0
WBGene00174039.,0,0,0
WBGene00174040.,0,0,0
WBGene00174041.,0,0,0
WBGene00174042.,0,0,0
WBGene00174043.,0,0,0
WBGene00174044.,0,0,0
WBGene00174045.,0,0,0
WBGene00174046.,0,0,0
WBGene00174047.,0,0,0
WBGene00174048.,0,0,0
WBGene00174049.,0,0,0
WBGene00174050.,0,0,0
WBGene00174051.,0,0,0
WBGene00174052.,0,0,0
WBGene00174053.,0,0,0
WBGene00174054.,0,0,0
WBGene00174055.,0,0,0
WBGene00174056.,0,0,0
WBGene00174057.,0,0,0
WBGene00174058.,0,0,0
WBGene00174059.,0,0,0
WBGene00174060.,0,0,0
WBGene00174061.,0,0,0
WBGene00174062.,0,0,0
WBGene00174063.,0,0,0
WBGene00174064.,0,0,0
WBGene00174065.,0,0,0
WBGene00174066.,0,0,0
WBGene00174067.,0,0,0
WBGene00174068.,0,0,0
WBGene00174069.,0,0,0
WBGene00174070.,0,0,0
WBGene00174071.,0,0,0
WBGene00174072.,0,0,0
WBGene00174073.,0,0,0
WBGene00174074.,0,0,0
WBGene00174075.,0,0,0
WBGene00174076.,0,0,0
WBGene00174077.,0,0,0
WBGene00174078.,0,0,0
WBGene00174079.,0,0,0
WBGene00174080.,0,0,0
WBGene00174081.,0,0,0
WBGene00174082.,0,0,0
WBGene00174083.,0,0,0
WBGene00174084.,0,0,0
WBGene00174085.,0,0,0
WBGene00174086.,0,0,0
WBGene00174087.,0,0,0
WBGene00174088.,0,0,0
WBGene00174089.,0,0,0
WBGene00174090.,0,0,0
WBGene00174091.,0,0,0
WBGene00174092.,0,0,0
WBGene00174093.,0,0,0
WBGene00174094.,0,0,0
WBGene00174095.,0,0,0
WBGene00174096.,0,0,0
WBGene00174097.,0,0,0
WBGene00174098.,0,0,0
WBGene00174099.,0,0,0
WBGene00174100.,0,0,0
WBGene00174101.,0,0,0
WBGene00174102.,0,0,0
WBGene00174103.,0,0,0
WBGene00174104.,0,0,0
WBGene00174105.,0,0,0
WBGene00174106.,0,0,0
WBGene00174107.,0,0,0
WBGene00174108.,0,0,0
WBGene00174109.,0,0,0
WBGene00174110.,0,0,0
WBGene00174111.,0,0,0
WBGene00174112.,0,0,0
WBGene00174113.,0,0,0
WBGene00174114.,0,0,0
WBGene00174115.,0,0,0
WBGene00174116.,0,0,0
WBGene00174117.,0,0,0
WBGene00174118.,0,0,0
WBGene00174119.,0,0,0
WBGene00174120.,0,0,0
WBGene00174121.,0,0,0
WBGene00174122.,0,0,0
WBGene00174123.,0,0,0
WBGene00174124.,0,0,0
WBGene00174125.,0,0,0
WBGene00174126.,0,0,0
WBGene00174127.,0,0,0
WBGene00174128.,0,0,0
WBGene00174129.,0,0,0
WBGene00174130.,0,0,0
WBGene00174131.,0,0,0
WBGene00174132.,0,0,0
WBGene00174133.,0,0,0
WBGene00174134.,0,0,0
WBGene00174135.,0,0,0
WBGene00174136.,0,0,0
WBGene00174137.,0,0,0
WBGene00174138.,0,0,0
WBGene00174139.,0,0,0
WBGene00174140.,0,0,0
WBGene00174141.,0,0,0
WBGene00174142.,0,0,0
WBGene00174143.,0,0,0
WBGene00174144.,0,0,0
WBGene00174145.,0,0,0
WBGene00174146.,0,0,0
WBGene00174147.,0,0,0
WBGene00174148.,0,0,0
WBGene00174149.,0,0,0
WBGene00174150.,0,0,0
WBGene00174151.,0,0,0
WBGene00174152.,0,0,0
WBGene00174153.,0,0,0
WBGene00174154.,0,0,0
WBGene00174155.,0,0,0
WBGene00174156.,0,0,0
WBGene00174157.,0,0,0
WBGene00174158.,0,0,0
WBGene00174159.,0,0,0
WBGene00174160.,0,0,0
WBGene00174161.,0,0,0
WBGene00174162.,0,0,0
WBGene00174163.,0,0,0
WBGene00174164.,0,0,0
WBGene00174165.,0,0,0
WBGene00174166.,0,0,0
WBGene00174167.,0,0,0
WBGene00174168.,0,0,0
WBGene00174169.,0,0,0
WBGene00174170.,0,0,0
WBGene00174171.,0,0,0
WBGene00174172.,0,0,0
WBGene00174173.,0,0,0
WBGene00174174.,0,0,0
WBGene00174175.,0,0,0
WBGene00174176.,0,0,0
WBGene00174177.,0,0,0
WBGene00174178.,0,0,0
WBGene00174179.,0,0,0
WBGene00174180.,0,0,0
WBGene00174181.,0,0,0
WBGene00174182.,0,0,0
WBGene00174183.,0,0,0
WBGene00174184.,0,0,0
WBGene00174185.,0,0,0
WBGene00174186.,0,0,0
WBGene00174187.,0,0,0
WBGene00174188.,0,0,0
WBGene00174189.,0,0,0
WBGene00174190.,0,0,0
WBGene00174191.,0,0,0
WBGene00174192.,0,0,0
WBGene00174193.,0,0,0
WBGene00174194.,0,0,0
WBGene00174195.,0,0,0
WBGene00174196.,0,0,0
WBGene00174197.,0,0,0
WBGene00174198.,0,0,0
WBGene00174199.,0,0,0
WBGene00174200.,0,0,0
WBGene00174201.,0,0,0
WBGene00174202.,0,0,0
WBGene00174203.,0,0,0
WBGene00174204.,0,0,0
WBGene00174205.,0,0,0
WBGene00174206.,0,0,0
WBGene00174207.,0,0,0
WBGene00174208.,0,0,0
WBGene00174209.,0,0,0
WBGene00174210.,0,0,0
WBGene00174211.,0,0,0
WBGene00174212.,0,0,0
WBGene00174213.,0,0,0
WBGene00174214.,0,0,0
WBGene00174215.,0,0,0
WBGene00174216.,0,0,0
WBGene00174217.,0,0,0
WBGene00174218.,0,0,0
WBGene00174219.,0,0,0
WBGene00174220.,0,0,0
WBGene00174221.,0,0,0
WBGene00174222.,0,0,0
WBGene00174223.,0,0,0
WBGene00174224.,0,0,0
WBGene00174225.,0,0,0
WBGene00174226.,0,0,0
WBGene00174227.,0,0,0
WBGene00174228.,0,0,0
WBGene00174229.,0,0,0
WBGene00174230.,0,0,0
WBGene00174231.,0,0,0
WBGene00174232.,0,0,0
WBGene00174233.,0,0,0
WBGene00174234.,0,0,0
WBGene00174235.,0,0,0
WBGene00174236.,0,0,0
WBGene00174237.,0,0,0
WBGene00174238.,0,0,0
WBGene00174239.,0,0,0
WBGene00174240.,0,0,0
WBGene00174241.,0,0,0
WBGene00174242.,0,0,0
WBGene00174243.,0,0,0
WBGene00174244.,0,0,0
WBGene00174245.,0,0,0
WBGene00174246.,0,0,0
WBGene00174247.,0,0,0
WBGene00174248.,0,0,0
WBGene00174249.,0,0,0
WBGene00174250.,0,0,0
WBGene00174251.,0,0,0
WBGene00174252.,0,0,0
WBGene00174253.,0,0,0
WBGene00174254.,0,0,0
WBGene00174255.,0,0,0
WBGene00174256.,0,0,0
WBGene00174257.,0,0,0
WBGene00174258.,0,0,0
WBGene00174259.,0,0,0
WBGene00174260.,0,0,0
WBGene00174261.,0,0,0
WBGene00174262.,0,0,0
WBGene00174263.,0,0,0
WBGene00174264.,0,0,0
WBGene00174265.,0,0,0
WBGene00174266.,0,0,0
WBGene00174267.,0,0,0
WBGene00174268.,0,0,0
WBGene00174269.,0,0,0
WBGene00174270.,0,0,0
WBGene00174271.,0,0,0
WBGene00174272.,0,0,0
WBGene00174273.,0,0,0
WBGene00174274.,0,0,0
WBGene00174275.,0,0,0
WBGene00174276.,0,0,0
WBGene00174277.,0,0,0
WBGene00174278.,0,0,0
WBGene00174279.,0,0,0
WBGene00174280.,0,0,0
WBGene00174281.,0,0,0
WBGene00174282.,0,0,0
WBGene00174283.,0,0,0
WBGene00174284.,0,0,0
WBGene00174285.,0,0,0
WBGene00174286.,0,0,0
WBGene00174287.,0,0,0
WBGene00174288.,0,0,0
WBGene00174289.,0,0,0
WBGene00174290.,0,0,0
WBGene00174291.,0,0,0
WBGene00174292.,0,0,0
WBGene00174293.,0,0,0
WBGene00174294.,0,0,0
WBGene00174295.,0,0,0
WBGene00174296.,0,0,0
WBGene00174297.,0,0,0
WBGene00174298.,0,0,0
WBGene00174299.,0,0,0
WBGene00174300.,0,0,0
WBGene00174301.,0,0,0
WBGene00174302.,0,0,0
WBGene00174303.,0,0,0
WBGene00174304.,0,0,0
WBGene00174305.,0,0,0
WBGene00174306.,0,0,0
WBGene00174307.,0,0,0
WBGene00174308.,0,0,0
WBGene00174309.,0,0,0
WBGene00174310.,0,0,0
WBGene00174311.,0,0,0
WBGene00174312.,0,0,0
WBGene00174313.,0,0,0
WBGene00174314.,0,0,0
WBGene00174315.,0,0,0
WBGene00174316.,0,0,0
WBGene00174317.,0,0,0
WBGene00174318.,0,0,0
WBGene00174319.,0,0,0
WBGene00174320.,0,0,0
WBGene00174321.,0,0,0
WBGene00174322.,0,0,0
WBGene00174323.,0,0,0
WBGene00174324.,0,0,0
WBGene00174325.,0,0,0
WBGene00174326.,0,0,0
WBGene00174327.,0,0,0
WBGene00174328.,0,0,0
WBGene00174329.,0,0,0
WBGene00174330.,0,0,0
WBGene00174331.,0,0,0
WBGene00174332.,0,0,0
WBGene00174333.,0,0,0
WBGene00174334.,0,0,0
WBGene00174335.,0,0,0
WBGene00174336.,0,0,0
WBGene00174337.,0,0,0
WBGene00174338.,0,0,0
WBGene00174339.,0,0,0
WBGene00174340.,0,0,0
WBGene00174341.,0,0,0
WBGene00174342.,0,0,0
WBGene00174343.,0,0,0
WBGene00174344.,0,0,0
WBGene00174345.,0,0,0
WBGene00174346.,0,0,0
WBGene00174347.,0,0,0
WBGene00174348.,0,0,0
WBGene00174349.,0,0,0
WBGene00174350.,0,0,0
WBGene00174351.,0,0,0
WBGene00174352.,0,0,0
WBGene00174353.,0,0,0
WBGene00174354.,0,0,0
WBGene00174355.,0,0,0
WBGene00174356.,0,0,0
WBGene00174357.,0,0,0
WBGene00174358.,0,0,0
WBGene00174359.,0,0,0
WBGene00174360.,0,0,0
WBGene00174361.,0,0,0
WBGene00174362.,0,0,0
WBGene00174363.,0,0,0
WBGene00174364.,0,0,0
WBGene00174365.,0,0,0
WBGene00174366.,0,0,0
WBGene00174367.,0,0,0
WBGene00174368.,0,0,0
WBGene00174369.,0,0,0
WBGene00174370.,0,0,0
WBGene00174371.,0,0,0
WBGene00174372.,0,0,0
WBGene00174373.,0,0,0
WBGene00174374.,0,0,0
WBGene00174375.,0,0,0
WBGene00174376.,0,0,0
WBGene00174377.,0,0,0
WBGene00174378.,0,0,0
WBGene00174379.,0,0,0
WBGene00174380.,0,0,0
WBGene00174381.,0,0,0
WBGene00174382.,0,0,0
WBGene00174383.,0,0,0
WBGene00174384.,0,0,0
WBGene00174385.,0,0,0
WBGene00174386.,0,0,0
WBGene00174387.,0,0,0
WBGene00174388.,0,0,0
WBGene00174389.,0,0,0
WBGene00174390.,0,0,0
WBGene00174391.,0,0,0
WBGene00174392.,0,0,0
WBGene00174393.,0,0,0
WBGene00174394.,0,0,0
WBGene00174395.,0,0,0
WBGene00174396.,0,0,0
WBGene00174397.,0,0,0
WBGene00174398.,0,0,0
WBGene00174399.,0,0,0
WBGene00174400.,0,0,0
WBGene00174401.,0,0,0
WBGene00174402.,0,0,0
WBGene00174403.,0,0,0
WBGene00174404.,0,0,0
WBGene00174405.,0,0,0
WBGene00174406.,0,0,0
WBGene00174407.,0,0,0
WBGene00174408.,0,0,0
WBGene00174409.,0,0,0
WBGene00174410.,0,0,0
WBGene00174411.,0,0,0
WBGene00174412.,0,0,0
WBGene00174413.,0,0,0
WBGene00174414.,0,0,0
WBGene00174415.,0,0,0
WBGene00174416.,0,0,0
WBGene00174417.,0,0,0
WBGene00174418.,0,0,0
WBGene00174419.,0,0,0
WBGene00174420.,0,0,0
WBGene00174421.,0,0,0
WBGene00174422.,0,0,0
WBGene00174423.,0,0,0
WBGene00174424.,0,0,0
WBGene00174425.,0,0,0
WBGene00174426.,0,0,0
WBGene00174427.,0,0,0
WBGene00174428.,0,0,0
WBGene00174429.,0,0,0
WBGene00174430.,0,0,0
WBGene00174431.,0,0,0
WBGene00174432.,0,0,0
WBGene00174433.,0,0,0
WBGene00174434.,0,0,0
WBGene00174435.,0,0,0
WBGene00174436.,0,0,0
WBGene00174437.,0,0,0
WBGene00174438.,0,0,0
WBGene00174439.,0,0,0
WBGene00174440.,0,0,0
WBGene00174441.,0,0,0
WBGene00174442.,0,0,0
WBGene00174443.,0,0,0
WBGene00174444.,0,0,0
WBGene00174445.,0,0,0
WBGene00174446.,0,0,0
WBGene00174447.,0,0,0
WBGene00174448.,0,0,0
WBGene00174449.,0,0,0
WBGene00174450.,0,0,0
WBGene00174451.,0,0,0
WBGene00174452.,0,0,0
WBGene00174453.,0,0,0
WBGene00174454.,0,0,0
WBGene00174455.,0,0,0
WBGene00174456.,0,0,0
WBGene00174457.,0,0,0
WBGene00174458.,0,0,0
WBGene00174459.,0,0,0
WBGene00174460.,0,0,0
WBGene00174461.,0,0,0
WBGene00174462.,0,0,0
WBGene00174463.,0,0,0
WBGene00174464.,0,0,0
WBGene00174465.,0,0,0
WBGene00174466.,0,0,0
WBGene00174467.,0,0,0
WBGene00174468.,0,0,0
WBGene00174469.,0,0,0
WBGene00174470.,0,0,0
WBGene00174471.,0,0,0
WBGene00174472.,0,0,0
WBGene00174473.,0,0,0
WBGene00174474.,0,0,0
WBGene00174475.,0,0,0
WBGene00174476.,0,0,0
WBGene00174477.,0,0,0
WBGene00174478.,0,0,0
WBGene00174479.,0,0,0
WBGene00174480.,0,0,0
WBGene00174481.,0,0,0
WBGene00174482.,0,0,0
WBGene00174483.,0,0,0
WBGene00174484.,0,0,0
WBGene00174485.,0,0,0
WBGene00174486.,0,0,0
WBGene00174487.,0,0,0
WBGene00174488.,0,0,0
WBGene00174489.,0,0,0
WBGene00174490.,0,0,0
WBGene00174491.,0,0,0
WBGene00174492.,0,0,0
WBGene00174493.,0,0,0
WBGene00174494.,0,0,0
WBGene00174495.,0,0,0
WBGene00174496.,0,0,0
WBGene00174497.,0,0,0
WBGene00174498.,0,0,0
WBGene00174499.,0,0,0
WBGene00174500.,0,0,0
WBGene00174501.,0,0,0
WBGene00174502.,0,0,0
WBGene00174503.,0,0,0
WBGene00174504.,0,0,0
WBGene00174505.,0,0,0
WBGene00174506.,0,0,0
WBGene00174507.,0,0,0
WBGene00174508.,0,0,0
WBGene00174509.,0,0,0
WBGene00174510.,0,0,0
WBGene00174511.,0,0,0
WBGene00174512.,0,0,0
WBGene00174513.,0,0,0
WBGene00174514.,0,0,0
WBGene00174515.,0,0,0
WBGene00174516.,0,0,0
WBGene00174517.,0,0,0
WBGene00174518.,0,0,0
WBGene00174519.,0,0,0
WBGene00174520.,0,0,0
WBGene00174521.,0,0,0
WBGene00174522.,0,0,0
WBGene00174523.,0,0,0
WBGene00174524.,0,0,0
WBGene00174525.,0,0,0
WBGene00174526.,0,0,0
WBGene00174527.,0,0,0
WBGene00174528.,0,0,0
WBGene00174529.,0,0,0
WBGene00174530.,0,0,0
WBGene00174531.,0,0,0
WBGene00174532.,0,0,0
WBGene00174533.,0,0,0
WBGene00174534.,0,0,0
WBGene00174535.,0,0,0
WBGene00174536.,0,0,0
WBGene00174537.,0,0,0
WBGene00174538.,0,0,0
WBGene00174539.,0,0,0
WBGene00174540.,0,0,0
WBGene00174541.,0,0,0
WBGene00174542.,0,0,0
WBGene00174543.,0,0,0
WBGene00174544.,0,0,0
WBGene00174545.,0,0,0
WBGene00174546.,0,0,0
WBGene00174547.,0,0,0
WBGene00174548.,0,0,0
WBGene00174549.,0,0,0
WBGene00174550.,0,0,0
WBGene00174551.,0,0,0
WBGene00174552.,0,0,0
WBGene00174553.,0,0,0
WBGene00174554.,0,0,0
WBGene00174555.,0,0,0
WBGene00174556.,0,0,0
WBGene00174557.,0,0,0
WBGene00174558.,0,0,0
WBGene00174559.,0,0,0
WBGene00174560.,0,0,0
WBGene00174561.,0,0,0
WBGene00174562.,0,0,0
WBGene00174563.,0,0,0
WBGene00174564.,0,0,0
WBGene00174565.,0,0,0
WBGene00174566.,0,0,0
WBGene00174567.,0,0,0
WBGene00174568.,0,0,0
WBGene00174569.,0,0,0
WBGene00174570.,0,0,0
WBGene00174571.,0,0,0
WBGene00174572.,0,0,0
WBGene00174573.,0,0,0
WBGene00174574.,0,0,0
WBGene00174575.,0,0,0
WBGene00174576.,0,0,0
WBGene00174577.,0,0,0
WBGene00174578.,0,0,0
WBGene00174579.,0,0,0
WBGene00174580.,0,0,0
WBGene00174581.,0,0,0
WBGene00174582.,0,0,0
WBGene00174583.,0,0,0
WBGene00174584.,0,0,0
WBGene00174585.,0,0,0
WBGene00174586.,0,0,0
WBGene00174587.,0,0,0
WBGene00174588.,0,0,0
WBGene00174589.,0,0,0
WBGene00174590.,0,0,0
WBGene00174591.,0,0,0
WBGene00174592.,0,0,0
WBGene00174593.,0,0,0
WBGene00174594.,0,0,0
WBGene00174595.,0,0,0
WBGene00174596.,0,0,0
WBGene00174597.,0,0,0
WBGene00174598.,0,0,0
WBGene00174599.,0,0,0
WBGene00174600.,0,0,0
WBGene00174601.,0,0,0
WBGene00174602.,0,0,0
WBGene00174603.,0,0,0
WBGene00174604.,0,0,0
WBGene00174605.,0,0,0
WBGene00174606.,0,0,0
WBGene00174607.,0,0,0
WBGene00174608.,0,0,0
WBGene00174609.,0,0,0
WBGene00174610.,0,0,0
WBGene00174611.,0,0,0
WBGene00174612.,0,0,0
WBGene00174613.,0,0,0
WBGene00174614.,0,0,0
WBGene00174615.,0,0,0
WBGene00174616.,0,0,0
WBGene00174617.,0,0,0
WBGene00174618.,0,0,0
WBGene00174619.,0,0,0
WBGene00174620.,0,0,0
WBGene00174621.,0,0,0
WBGene00174622.,0,0,0
WBGene00174623.,0,0,0
WBGene00174624.,0,0,0
WBGene00174625.,0,0,0
WBGene00174626.,0,0,0
WBGene00174627.,0,0,0
WBGene00174628.,0,0,0
WBGene00174629.,0,0,0
WBGene00174630.,0,0,0
WBGene00174631.,0,0,0
WBGene00174632.,0,0,0
WBGene00174633.,0,0,0
WBGene00174634.,0,0,0
WBGene00174635.,0,0,0
WBGene00174636.,0,0,0
WBGene00174637.,0,0,0
WBGene00174638.,0,0,0
WBGene00174639.,0,0,0
WBGene00174640.,0,0,0
WBGene00174641.,0,0,0
WBGene00174642.,0,0,0
WBGene00174643.,0,0,0
WBGene00174644.,0,0,0
WBGene00174645.,0,0,0
WBGene00174646.,0,0,0
WBGene00174647.,0,0,0
WBGene00174648.,0,0,0
WBGene00174649.,0,0,0
WBGene00174650.,0,0,0
WBGene00174651.,0,0,0
WBGene00174652.,0,0,0
WBGene00174653.,0,0,0
WBGene00174654.,0,0,0
WBGene00174655.,0,0,0
WBGene00174656.,0,0,0
WBGene00174657.,0,0,0
WBGene00174658.,0,0,0
WBGene00174659.,0,0,0
WBGene00174660.,0,0,0
WBGene00174661.,0,0,0
WBGene00174662.,0,0,0
WBGene00174663.,0,0,0
WBGene00174664.,0,0,0
WBGene00174665.,0,0,0
WBGene00174666.,0,0,0
WBGene00174667.,0,0,0
WBGene00174668.,0,0,0
WBGene00174669.,0,0,0
WBGene00174670.,0,0,0
WBGene00174671.,0,0,0
WBGene00174672.,0,0,0
WBGene00174673.,0,0,0
WBGene00174674.,0,0,0
WBGene00174675.,0,0,0
WBGene00174676.,0,0,0
WBGene00174677.,0,0,0
WBGene00174678.,0,0,0
WBGene00174679.,0,0,0
WBGene00174680.,0,0,0
WBGene00174681.,0,0,0
WBGene00174682.,0,0,0
WBGene00174683.,0,0,0
WBGene00174684.,0,0,0
WBGene00174685.,0,0,0
WBGene00174686.,0,0,0
WBGene00174687.,0,0,0
WBGene00174688.,0,0,0
WBGene00174689.,0,0,0
WBGene00174690.,0,0,0
WBGene00174691.,0,0,0
WBGene00174692.,0,0,0
WBGene00174693.,0,0,0
WBGene00174694.,0,0,0
WBGene00174695.,0,0,0
WBGene00174696.,0,0,0
WBGene00174697.,0,0,0
WBGene00174698.,0,0,0
WBGene00174699.,0,0,0
WBGene00174700.,0,0,0
WBGene00174701.,0,0,0
WBGene00174702.,0,0,0
WBGene00174703.,0,0,0
WBGene00174704.,0,0,0
WBGene00174705.,0,0,0
WBGene00174706.,0,0,0
WBGene00174707.,0,0,0
WBGene00174708.,0,0,0
WBGene00174709.,0,0,0
WBGene00174710.,0,0,0
WBGene00174711.,0,0,0
WBGene00174712.,0,0,0
WBGene00174713.,0,0,0
WBGene00174714.,0,0,0
WBGene00174715.,0,0,0
WBGene00174716.,0,0,0
WBGene00174717.,0,0,0
WBGene00174718.,0,0,0
WBGene00174719.,0,0,0
WBGene00174720.,0,0,0
WBGene00174721.,0,0,0
WBGene00174722.,0,0,0
WBGene00174723.,0,0,0
WBGene00174724.,0,0,0
WBGene00174725.,0,0,0
WBGene00174726.,0,0,0
WBGene00174727.,0,0,0
WBGene00174728.,0,0,0
WBGene00174729.,0,0,0
WBGene00174730.,0,0,0
WBGene00174731.,0,0,0
WBGene00174732.,0,0,0
WBGene00174733.,0,0,0
WBGene00174734.,0,0,0
WBGene00174735.,0,0,0
WBGene00174736.,0,0,0
WBGene00174737.,0,0,0
WBGene00174738.,0,0,0
WBGene00174739.,0,0,0
WBGene00174740.,0,0,0
WBGene00174741.,0,0,0
WBGene00174742.,0,0,0
WBGene00174743.,0,0,0
WBGene00174744.,0,0,0
WBGene00174745.,0,0,0
WBGene00174746.,0,0,0
WBGene00174747.,0,0,0
WBGene00174748.,0,0,0
WBGene00174749.,0,0,0
WBGene00174750.,0,0,0
WBGene00174751.,0,0,0
WBGene00174752.,0,0,0
WBGene00174753.,0,0,0
WBGene00174754.,0,0,0
WBGene00174755.,0,0,0
WBGene00174756.,0,0,0
WBGene00174757.,0,0,0
WBGene00174758.,0,0,0
WBGene00174759.,0,0,0
WBGene00174760.,0,0,0
WBGene00174761.,0,0,0
WBGene00174762.,0,0,0
WBGene00174763.,0,0,0
WBGene00174764.,0,0,0
WBGene00174765.,0,0,0
WBGene00174766.,0,0,0
WBGene00174767.,0,0,0
WBGene00174768.,0,0,0
WBGene00174769.,0,0,0
WBGene00174770.,0,0,0
WBGene00174771.,0,0,0
WBGene00174772.,0,0,0
WBGene00174773.,0,0,0
WBGene00174774.,0,0,0
WBGene00174775.,0,0,0
WBGene00174776.,0,0,0
WBGene00174777.,0,0,0
WBGene00174778.,0,0,0
WBGene00174779.,0,0,0
WBGene00174780.,0,0,0
WBGene00174781.,0,0,0
WBGene00174782.,0,0,0
WBGene00174783.,0,0,0
WBGene00174784.,0,0,0
WBGene00174785.,0,0,0
WBGene00174786.,0,0,0
WBGene00174787.,0,0,0
WBGene00174788.,0,0,0
WBGene00174789.,0,0,0
WBGene00174790.,0,0,0
WBGene00174791.,0,0,0
WBGene00174792.,0,0,0
WBGene00174793.,0,0,0
WBGene00174794.,0,0,0
WBGene00174795.,0,0,0
WBGene00174796.,0,0,0
WBGene00174797.,0,0,0
WBGene00174798.,0,0,0
WBGene00174799.,0,0,0
WBGene00174800.,0,0,0
WBGene00174801.,0,0,0
WBGene00174802.,0,0,0
WBGene00174803.,0,0,0
WBGene00174804.,0,0,0
WBGene00174805.,0,0,0
WBGene00174806.,0,0,0
WBGene00174807.,0,0,0
WBGene00174808.,0,0,0
WBGene00174809.,0,0,0
WBGene00174810.,0,0,0
WBGene00174811.,0,0,0
WBGene00174812.,0,0,0
WBGene00174813.,0,0,0
WBGene00174814.,0,0,0
WBGene00174815.,0,0,0
WBGene00174816.,0,0,0
WBGene00174817.,0,0,0
WBGene00174818.,0,0,0
WBGene00174819.,0,0,0
WBGene00174820.,0,0,0
WBGene00174821.,0,0,0
WBGene00174822.,0,0,0
WBGene00174823.,0,0,0
WBGene00174824.,0,0,0
WBGene00174825.,0,0,0
WBGene00174826.,0,0,0
WBGene00174827.,0,0,0
WBGene00174828.,0,0,0
WBGene00174829.,0,0,0
WBGene00174830.,0,0,0
WBGene00174831.,0,0,0
WBGene00174832.,0,0,0
WBGene00174833.,0,0,0
WBGene00174834.,0,0,0
WBGene00174835.,0,0,0
WBGene00174836.,0,0,0
WBGene00174837.,0,0,0
WBGene00174838.,0,0,0
WBGene00174839.,0,0,0
WBGene00174840.,0,0,0
WBGene00174841.,0,0,0
WBGene00174842.,0,0,0
WBGene00174843.,0,0,0
WBGene00174844.,0,0,0
WBGene00174845.,0,0,0
WBGene00174846.,0,0,0
WBGene00174847.,0,0,0
WBGene00174848.,0,0,0
WBGene00174849.,0,0,0
WBGene00174850.,0,0,0
WBGene00174851.,0,0,0
WBGene00174852.,0,0,0
WBGene00174853.,0,0,0
WBGene00174854.,0,0,0
WBGene00174855.,0,0,0
WBGene00174856.,0,0,0
WBGene00174857.,0,0,0
WBGene00174858.,0,0,0
WBGene00174859.,0,0,0
WBGene00174860.,0,0,0
WBGene00174861.,0,0,0
WBGene00174862.,0,0,0
WBGene00174863.,0,0,0
WBGene00174864.,0,0,0
WBGene00174865.,0,0,0
WBGene00174866.,0,0,0
WBGene00174867.,0,0,0
WBGene00174868.,0,0,0
WBGene00174869.,0,0,0
WBGene00174870.,0,0,0
WBGene00174871.,0,0,0
WBGene00174872.,0,0,0
WBGene00174873.,0,0,0
WBGene00174874.,0,0,0
WBGene00174875.,0,0,0
WBGene00174876.,0,0,0
WBGene00174877.,0,0,0
WBGene00174878.,0,0,0
WBGene00174879.,0,0,0
WBGene00174880.,0,0,0
WBGene00174881.,0,0,0
WBGene00174882.,0,0,0
WBGene00174883.,0,0,0
WBGene00174884.,0,0,0
WBGene00174885.,0,0,0
WBGene00174886.,0,0,0
WBGene00174887.,0,0,0
WBGene00174888.,0,0,0
WBGene00174889.,0,0,0
WBGene00174890.,0,0,0
WBGene00174891.,0,0,0
WBGene00174892.,0,0,0
WBGene00174893.,0,0,0
WBGene00174894.,0,0,0
WBGene00174895.,0,0,0
WBGene00174896.,0,0,0
WBGene00174897.,0,0,0
WBGene00174898.,0,0,0
WBGene00174899.,0,0,0
WBGene00174900.,0,0,0
WBGene00174901.,0,0,0
WBGene00174902.,0,0,0
WBGene00174903.,0,0,0
WBGene00174904.,0,0,0
WBGene00174905.,0,0,0
WBGene00174906.,0,0,0
WBGene00174907.,0,0,0
WBGene00174908.,0,0,0
WBGene00174909.,0,0,0
WBGene00174910.,0,0,0
WBGene00174911.,0,0,0
WBGene00174912.,0,0,0
WBGene00174913.,0,0,0
WBGene00174914.,0,0,0
WBGene00174915.,0,0,0
WBGene00174916.,0,0,0
WBGene00174917.,0,0,0
WBGene00174918.,0,0,0
WBGene00174919.,0,0,0
WBGene00174920.,0,0,0
WBGene00174921.,0,0,0
WBGene00174922.,0,0,0
WBGene00174923.,0,0,0
WBGene00174924.,0,0,0
WBGene00174925.,0,0,0
WBGene00174926.,0,0,0
WBGene00174927.,0,0,0
WBGene00174928.,0,0,0
WBGene00174929.,0,0,0
WBGene00174930.,0,0,0
WBGene00174931.,0,0,0
WBGene00174932.,0,0,0
WBGene00174933.,0,0,0
WBGene00174934.,0,0,0
WBGene00174935.,0,0,0
WBGene00174936.,0,0,0
WBGene00174937.,0,0,0
WBGene00174938.,0,0,0
WBGene00174939.,0,0,0
WBGene00174940.,0,0,0
WBGene00174941.,0,0,0
WBGene00174942.,0,0,0
WBGene00174943.,0,0,0
WBGene00174944.,0,0,0
WBGene00174945.,0,0,0
WBGene00174946.,0,0,0
WBGene00174947.,0,0,0
WBGene00174948.,0,0,0
WBGene00174949.,0,0,0
WBGene00174950.,0,0,0
WBGene00174951.,0,0,0
WBGene00174952.,0,0,0
WBGene00174953.,0,0,0
WBGene00174954.,0,0,0
WBGene00174955.,0,0,0
WBGene00174956.,0,0,0
WBGene00174957.,0,0,0
WBGene00174958.,0,0,0
WBGene00174959.,0,0,0
WBGene00174960.,0,0,0
WBGene00174961.,0,0,0
WBGene00174962.,0,0,0
WBGene00174963.,0,0,0
WBGene00174964.,0,0,0
WBGene00174965.,0,0,0
WBGene00174966.,0,0,0
WBGene00174967.,0,0,0
WBGene00174968.,0,0,0
WBGene00174969.,0,0,0
WBGene00174970.,0,0,0
WBGene00174971.,0,0,0
WBGene00174972.,0,0,0
WBGene00174973.,0,0,0
WBGene00174974.,0,0,0
WBGene00174975.,0,0,0
WBGene00174976.,0,0,0
WBGene00174977.,0,0,0
WBGene00174978.,0,0,0
WBGene00174979.,0,0,0
WBGene00174980.,0,0,0
WBGene00174981.,0,0,0
WBGene00174982.,0,0,0
WBGene00174983.,0,0,0
WBGene00174984.,0,0,0
WBGene00174985.,0,0,0
WBGene00174986.,0,0,0
WBGene00174987.,0,0,0
WBGene00174988.,0,0,0
WBGene00174989.,0,0,0
WBGene00174990.,0,0,0
WBGene00174991.,0,0,0
WBGene00174992.,0,0,0
WBGene00174993.,0,0,0
WBGene00174994.,0,0,0
WBGene00174995.,0,0,0
WBGene00174996.,0,0,0
WBGene00174997.,0,0,0
WBGene00174998.,0,0,0
WBGene00174999.,0,0,0
WBGene00175000.,0,0,0
WBGene00175001.,0,0,0
WBGene00175002.,0,0,0
WBGene00175003.,0,0,0
WBGene00175004.,0,0,0
WBGene00175005.,0,0,0
WBGene00175006.,0,0,0
WBGene00175007.,0,0,0
WBGene00175008.,0,0,0
WBGene00175009.,0,0,0
WBGene00175010.,0,0,0
WBGene00175011.,0,0,0
WBGene00175012.,0,0,0
WBGene00175013.,0,0,0
WBGene00175014.,0,0,0
WBGene00175015.,0,0,0
WBGene00175016.,0,0,0
WBGene00175017.,0,0,0
WBGene00175018.,0,0,0
WBGene00175019.,0,0,0
WBGene00175020.,0,0,0
WBGene00175021.,0,0,0
WBGene00175022.,0,0,0
WBGene00175023.,0,0,0
WBGene00175024.,0,0,0
WBGene00175025.,0,0,0
WBGene00175027.,251,265,516
WBGene00175028.,1,1,2
WBGene00175029.,103,431,534
WBGene00175030.,14,1019,1033
WBGene00175031.,21,19,40
WBGene00175034.,39,420,459
WBGene00175035.,62,535,597
WBGene00175036.,0,21,21
WBGene00184956.,9,14,23
WBGene00184990.,3,168,171
WBGene00185001.,133,1737,1870
WBGene00185002.,70,201,271
WBGene00185005.,23,1098,1121
WBGene00185006.,8,5,13
WBGene00185014.,101,585,686
WBGene00185048.,86,1481,1567
WBGene00185055.,4,8,12
WBGene00185067.,0,5,5
WBGene00185076.,244,1518,1762
WBGene00185077.,0,27,27
WBGene00185078.,565,268,833
WBGene00185079.,137,1161,1298
WBGene00185086.,9,187,196
WBGene00185088.,15,453,468
WBGene00185089.,9,76,85
WBGene00185092.,14,246,260
WBGene00185093.,0,4,4
WBGene00185095.,3,44,47
WBGene00185096.,0,0,0
WBGene00185097.,0,0,0
WBGene00185098.,53,434,487
WBGene00185100.,4,3,7
WBGene00185101.,4,0,4
WBGene00185102.,46,695,741
WBGene00185116.,1,2,3
WBGene00185117.,16,113,129
WBGene00185118.,759,2289,3048
WBGene00185119.,4,3,7
WBGene00189930.,0,2,2
WBGene00189931.,0,0,0
WBGene00189932.,0,1,1
WBGene00189933.,22,47,69
WBGene00189937.,2,3,5
WBGene00189943.,5,1,6
WBGene00189944.,34,61,95
WBGene00189946.,0,0,0
WBGene00189947.,1,0,1
WBGene00189948.,3,41,44
WBGene00189949.,27,22,49
WBGene00189950.,102,101,203
WBGene00189951.,59,269,328
WBGene00189952.,11,126,137
WBGene00189953.,0,0,0
WBGene00189954.,3,2,5
WBGene00189955.,1,0,1
WBGene00189956.,42,32,74
WBGene00189957.,6,7,13
WBGene00189958.,28,1783,1811
WBGene00189961.,7,8,15
WBGene00189964.,0,0,0
WBGene00189966.,0,0,0
WBGene00189967.,0,0,0
WBGene00189968.,0,1,1
WBGene00189969.,0,0,0
WBGene00189970.,0,0,0
WBGene00189971.,0,0,0
WBGene00189972.,0,0,0
WBGene00189973.,0,0,0
WBGene00189974.,0,0,0
WBGene00189975.,0,0,0
WBGene00189976.,0,0,0
WBGene00189977.,0,0,0
WBGene00189978.,0,0,0
WBGene00189979.,0,0,0
WBGene00189980.,0,0,0
WBGene00189981.,0,0,0
WBGene00189982.,0,0,0
WBGene00189983.,0,0,0
WBGene00189984.,0,0,0
WBGene00189985.,0,0,0
WBGene00189986.,0,0,0
WBGene00189987.,12,35,47
WBGene00189993.,2,23,25
WBGene00189995.,2,0,2
WBGene00194641.,182,1267,1449
WBGene00194642.,116,670,786
WBGene00194643.,75,66,141
WBGene00194644.,104,584,688
WBGene00194645.,1,0,1
WBGene00194646.,0,1,1
WBGene00194647.,7,0,7
WBGene00194649.,9,69,78
WBGene00194650.,8,18,26
WBGene00194651.,136,1395,1531
WBGene00194652.,4,10,14
WBGene00194653.,4,4,8
WBGene00194654.,42,7,49
WBGene00194656.,0,5,5
WBGene00194657.,43,265,308
WBGene00194658.,70,1153,1223
WBGene00194659.,6,53,59
WBGene00194660.,0,52,52
WBGene00194661.,6,27,33
WBGene00194663.,0,24,24
WBGene00194664.,5,146,151
WBGene00194665.,53,23,76
WBGene00194666.,0,2,2
WBGene00194667.,151,98,249
WBGene00194668.,0,0,0
WBGene00194669.,29,24,53
WBGene00194670.,0,1,1
WBGene00194672.,0,2,2
WBGene00194673.,15,8,23
WBGene00194674.,3,28,31
WBGene00194675.,5,2,7
WBGene00194676.,2,13,15
WBGene00194677.,13,17,30
WBGene00194678.,0,5,5
WBGene00194679.,18,301,319
WBGene00194680.,29,1037,1066
WBGene00194681.,164,2009,2173
WBGene00194682.,14,44,58
WBGene00194683.,64,645,709
WBGene00194684.,9,8,17
WBGene00194686.,3,2,5
WBGene00194687.,8,19,27
WBGene00194689.,151,1054,1205
WBGene00194690.,16,10,26
WBGene00194691.,8,7,15
WBGene00194692.,244,4030,4274
WBGene00194695.,1,3,4
WBGene00194696.,0,0,0
WBGene00194697.,12,93,105
WBGene00194698.,0,0,0
WBGene00194699.,0,13,13
WBGene00194700.,4,10,14
WBGene00194701.,3,3,6
WBGene00194702.,16,3,19
WBGene00194703.,0,12,12
WBGene00194704.,0,0,0
WBGene00194706.,45,517,562
WBGene00194707.,34,1215,1249
WBGene00194708.,0,120,120
WBGene00194710.,73,381,454
WBGene00194711.,7,8,15
WBGene00194712.,32,47,79
WBGene00194713.,0,54,54
WBGene00194714.,1,0,1
WBGene00194715.,1,5,6
WBGene00194716.,0,10,10
WBGene00194717.,3,8,11
WBGene00194725.,0,24,24
WBGene00194726.,5,59,64
WBGene00194727.,11,12,23
WBGene00194729.,13,54,67
WBGene00194730.,9,0,9
WBGene00194731.,35,176,211
WBGene00194733.,4,4,8
WBGene00194734.,2,1,3
WBGene00194735.,2,3,5
WBGene00194737.,20,5,25
WBGene00194738.,7,7,14
WBGene00194742.,42,476,518
WBGene00194744.,0,17,17
WBGene00194746.,3,12,15
WBGene00194747.,122,2202,2324
WBGene00194748.,0,321,321
WBGene00194759.,0,0,0
WBGene00194768.,0,0,0
WBGene00194769.,217,208,425
WBGene00194771.,5,18,23
WBGene00194780.,0,9,9
WBGene00194783.,0,2,2
WBGene00194784.,0,8,8
WBGene00194785.,6,14,20
WBGene00194786.,35,6,41
WBGene00194787.,1,0,1
WBGene00194788.,0,8,8
WBGene00194792.,18,26,44
WBGene00194793.,5,9,14
WBGene00194794.,0,26,26
WBGene00194795.,4,62,66
WBGene00194799.,0,0,0
WBGene00194800.,15,219,234
WBGene00194801.,1,2,3
WBGene00194802.,0,0,0
WBGene00194803.,12,184,196
WBGene00194804.,0,1,1
WBGene00194805.,0,0,0
WBGene00194806.,0,1,1
WBGene00194807.,0,5,5
WBGene00194808.,0,0,0
WBGene00194809.,0,0,0
WBGene00194810.,0,3,3
WBGene00194811.,0,1,1
WBGene00194812.,0,136,136
WBGene00194814.,46,450,496
WBGene00194815.,36,41,77
WBGene00194816.,4,14,18
WBGene00194821.,14,13,27
WBGene00194822.,0,0,0
WBGene00194823.,0,0,0
WBGene00194824.,0,0,0
WBGene00194825.,0,0,0
WBGene00194826.,0,1,1
WBGene00194827.,0,5,5
WBGene00194828.,0,0,0
WBGene00194829.,0,0,0
WBGene00194830.,0,1,1
WBGene00194831.,0,0,0
WBGene00194832.,1,116,117
WBGene00194833.,1,2,3
WBGene00194834.,1,0,1
WBGene00194835.,10,2,12
WBGene00194836.,703,162,865
WBGene00194839.,0,26,26
WBGene00194840.,0,0,0
WBGene00194841.,0,4,4
WBGene00194842.,48,4,52
WBGene00194843.,8,7,15
WBGene00194844.,3,6,9
WBGene00194847.,61,87,148
WBGene00194848.,10,26,36
WBGene00194849.,9,20,29
WBGene00194850.,0,6,6
WBGene00194851.,0,0,0
WBGene00194852.,10,90,100
WBGene00194853.,4,1,5
WBGene00194854.,4,1,5
WBGene00194855.,69,425,494
WBGene00194856.,441,138,579
WBGene00194861.,4,17,21
WBGene00194864.,0,1,1
WBGene00194865.,3,1,4
WBGene00194866.,65,114,179
WBGene00194867.,0,1,1
WBGene00194868.,71,6,77
WBGene00194869.,0,591,591
WBGene00194870.,29,81,110
WBGene00194871.,1,0,1
WBGene00194883.,22,503,525
WBGene00194884.,0,0,0
WBGene00194885.,1,0,1
WBGene00194886.,1,17,18
WBGene00194888.,1,3,4
WBGene00194890.,481,0,481
WBGene00194891.,1,8,9
WBGene00194892.,23,170,193
WBGene00194894.,1,0,1
WBGene00194895.,2,92,94
WBGene00194896.,216,3,219
WBGene00194898.,0,0,0
WBGene00194902.,6,3,9
WBGene00194905.,179,906,1085
WBGene00194906.,5,20,25
WBGene00194907.,1,4,5
WBGene00194908.,301,2082,2383
WBGene00194909.,133,1014,1147
WBGene00194910.,109,155,264
WBGene00194912.,4,7,11
WBGene00194913.,202,253,455
WBGene00194914.,0,3,3
WBGene00194915.,27,213,240
WBGene00194916.,1,21,22
WBGene00194917.,17,70,87
WBGene00194918.,2,15,17
WBGene00194919.,10,17,27
WBGene00194920.,3,0,3
WBGene00194921.,154,1378,1532
WBGene00194922.,0,8,8
WBGene00194923.,0,5,5
WBGene00194924.,0,2,2
WBGene00194925.,0,0,0
WBGene00194926.,121,1307,1428
WBGene00194927.,0,0,0
WBGene00194928.,38,254,292
WBGene00194929.,0,1,1
WBGene00194930.,0,1,1
WBGene00194931.,0,2,2
WBGene00194932.,1,1,2
WBGene00194933.,0,3,3
WBGene00194934.,14,262,276
WBGene00194935.,0,0,0
WBGene00194939.,4,30,34
WBGene00194940.,1,9,10
WBGene00194945.,1,0,1
WBGene00194951.,0,0,0
WBGene00194952.,2,9,11
WBGene00194955.,86,63,149
WBGene00194957.,1,29,30
WBGene00194981.,7,0,7
WBGene00194982.,55,393,448
WBGene00194983.,0,0,0
WBGene00194984.,0,0,0
WBGene00194985.,1,7,8
WBGene00194986.,0,0,0
WBGene00194987.,0,0,0
WBGene00194988.,0,0,0
WBGene00194989.,0,0,0
WBGene00194990.,0,0,0
WBGene00194991.,0,0,0
WBGene00194992.,0,34,34
WBGene00194993.,0,15,15
WBGene00194994.,0,0,0
WBGene00194995.,0,0,0
WBGene00194996.,0,0,0
WBGene00194997.,0,1,1
WBGene00194998.,4,135,139
WBGene00194999.,0,0,0
WBGene00195000.,0,0,0
WBGene00195001.,0,0,0
WBGene00195002.,0,0,0
WBGene00195003.,1,10,11
WBGene00195004.,27,307,334
WBGene00195005.,0,169,169
WBGene00195006.,12,16,28
WBGene00195007.,0,0,0
WBGene00195008.,0,0,0
WBGene00195009.,1,2,3
WBGene00195010.,0,2,2
WBGene00195011.,59,122,181
WBGene00195012.,12,1,13
WBGene00195016.,0,14,14
WBGene00195017.,0,18,18
WBGene00195018.,0,0,0
WBGene00195019.,0,0,0
WBGene00195020.,0,0,0
WBGene00195021.,0,0,0
WBGene00195022.,0,0,0
WBGene00195023.,0,0,0
WBGene00195024.,0,0,0
WBGene00195025.,0,0,0
WBGene00195026.,0,0,0
WBGene00195027.,0,0,0
WBGene00195028.,0,0,0
WBGene00195029.,0,0,0
WBGene00195030.,0,0,0
WBGene00195031.,0,0,0
WBGene00195032.,0,0,0
WBGene00195033.,0,0,0
WBGene00195034.,0,0,0
WBGene00195035.,0,0,0
WBGene00195036.,0,0,0
WBGene00195037.,0,0,0
WBGene00195038.,0,0,0
WBGene00195039.,0,0,0
WBGene00195040.,0,0,0
WBGene00195043.,0,543,543
WBGene00195045.,2,10,12
WBGene00195046.,24,22,46
WBGene00195048.,17,9,26
WBGene00195049.,23,67,90
WBGene00195050.,13,216,229
WBGene00195051.,0,334,334
WBGene00195056.,64,781,845
WBGene00195057.,4,1,5
WBGene00195058.,46,2,48
WBGene00195060.,73,1248,1321
WBGene00195061.,1,2,3
WBGene00195063.,100,1595,1695
WBGene00195064.,27,1,28
WBGene00195065.,6,64,70
WBGene00195067.,61,240,301
WBGene00195068.,25,139,164
WBGene00195069.,8,114,122
WBGene00195070.,0,13,13
WBGene00195071.,0,4,4
WBGene00195072.,0,0,0
WBGene00195073.,362,1515,1877
WBGene00195077.,2,10,12
WBGene00195081.,11,105,116
WBGene00195084.,75,453,528
WBGene00195086.,29,771,800
WBGene00195093.,113,1939,2052
WBGene00195117.,3,24,27
WBGene00195142.,0,823,823
WBGene00195143.,169,775,944
WBGene00195144.,14,199,213
WBGene00195145.,48,113,161
WBGene00195146.,0,193,193
WBGene00195147.,27,54,81
WBGene00195148.,8,7,15
WBGene00195149.,1,1,2
WBGene00195150.,0,9,9
WBGene00195151.,0,0,0
WBGene00195154.,4,0,4
WBGene00195155.,1,13,14
WBGene00195157.,26,13,39
WBGene00195158.,2,0,2
WBGene00195159.,0,22,22
WBGene00195160.,0,0,0
WBGene00195164.,17,916,933
WBGene00195165.,2,0,2
WBGene00195166.,25,885,910
WBGene00195168.,1,1,2
WBGene00195169.,27,66,93
WBGene00195170.,88,1057,1145
WBGene00195171.,1,0,1
WBGene00195172.,4,1,5
WBGene00195174.,10,7,17
WBGene00195175.,0,971,971
WBGene00195176.,28,359,387
WBGene00195177.,0,18,18
WBGene00195178.,4,14,18
WBGene00195179.,26,28,54
WBGene00195180.,18,63,81
WBGene00195181.,0,0,0
WBGene00195182.,0,33,33
WBGene00195183.,14,58,72
WBGene00195184.,16,300,316
WBGene00195185.,604,956,1560
WBGene00195186.,93,346,439
WBGene00195188.,1,3,4
WBGene00195189.,9,50,59
WBGene00195192.,36,36,72
WBGene00195208.,8,86,94
WBGene00195209.,0,103,103
WBGene00195210.,7,22,29
WBGene00195211.,5,18,23
WBGene00195212.,166,509,675
WBGene00195213.,2,11,13
WBGene00195214.,0,0,0
WBGene00195215.,0,2,2
WBGene00195226.,2,29,31
WBGene00195227.,0,0,0
WBGene00195228.,0,0,0
WBGene00195229.,0,0,0
WBGene00195230.,0,0,0
WBGene00195231.,0,0,0
WBGene00195232.,1,1,2
WBGene00195233.,164,2662,2826
WBGene00195234.,6,4,10
WBGene00195235.,1,1,2
WBGene00195236.,0,0,0
WBGene00195237.,0,0,0
WBGene00195238.,0,1,1
WBGene00195239.,64,914,978
WBGene00195240.,0,15,15
WBGene00195241.,0,0,0
WBGene00195242.,0,1,1
WBGene00195243.,4,15,19
WBGene00195244.,1,15,16
WBGene00195245.,0,158,158
WBGene00195246.,17,107,124
WBGene00195247.,3,0,3
WBGene00195248.,26,60,86
WBGene00195250.,2,7,9
WBGene00195252.,42,6,48
WBGene00195253.,12,93,105
WBGene00195254.,3,1,4
WBGene00195255.,9,24,33
WBGene00195256.,8,2,10
WBGene00195257.,93,136,229
WBGene00195258.,0,1,1
WBGene00195259.,0,1,1
WBGene00195260.,0,0,0
WBGene00195261.,0,3,3
WBGene00195262.,0,1,1
WBGene00195263.,0,2,2
WBGene00195264.,0,2,2
WBGene00195265.,0,2,2
WBGene00195266.,0,3,3
WBGene00195267.,0,3,3
WBGene00195268.,0,0,0
WBGene00195269.,0,0,0
WBGene00195270.,0,2,2
WBGene00195271.,0,0,0
WBGene00195272.,0,0,0
WBGene00195273.,0,0,0
WBGene00195274.,0,0,0
WBGene00195275.,0,3,3
WBGene00195276.,0,2,2
WBGene00195277.,0,0,0
WBGene00195278.,0,0,0
WBGene00195279.,0,1,1
WBGene00195280.,0,0,0
WBGene00195281.,0,0,0
WBGene00195282.,0,0,0
WBGene00195283.,0,1,1
WBGene00195284.,0,0,0
WBGene00195285.,0,0,0
WBGene00195286.,0,3,3
WBGene00195287.,0,3,3
WBGene00195288.,0,0,0
WBGene00195289.,0,1,1
WBGene00195290.,0,0,0
WBGene00195291.,0,1,1
WBGene00195292.,0,0,0
WBGene00195293.,0,0,0
WBGene00195294.,0,4,4
WBGene00195295.,0,7,7
WBGene00195296.,0,0,0
WBGene00195297.,0,0,0
WBGene00195298.,0,0,0
WBGene00195299.,0,3,3
WBGene00195300.,0,4,4
WBGene00195301.,0,0,0
WBGene00195302.,0,1,1
WBGene00195303.,0,0,0
WBGene00195304.,0,0,0
WBGene00195305.,0,0,0
WBGene00195306.,0,2,2
WBGene00195307.,0,0,0
WBGene00195308.,0,6,6
WBGene00195309.,0,2,2
WBGene00195310.,0,1,1
WBGene00195311.,0,0,0
WBGene00195312.,0,0,0
WBGene00195313.,0,0,0
WBGene00195314.,0,0,0
WBGene00195315.,0,0,0
WBGene00195316.,0,0,0
WBGene00195317.,0,1,1
WBGene00195318.,0,0,0
WBGene00195319.,0,0,0
WBGene00195320.,0,0,0
WBGene00195321.,0,0,0
WBGene00195322.,0,0,0
WBGene00195323.,0,0,0
WBGene00195324.,0,0,0
WBGene00195325.,0,11,11
WBGene00195326.,0,1,1
WBGene00195327.,0,1,1
WBGene00195328.,0,4,4
WBGene00195329.,0,0,0
WBGene00195330.,0,36,36
WBGene00195331.,0,4,4
WBGene00195332.,0,1,1
WBGene00195333.,0,6,6
WBGene00195334.,0,0,0
WBGene00195335.,0,0,0
WBGene00195336.,0,3,3
WBGene00195337.,0,1,1
WBGene00195338.,0,0,0
WBGene00195339.,0,0,0
WBGene00195340.,0,4,4
WBGene00195341.,0,0,0
WBGene00195342.,0,2,2
WBGene00195343.,0,0,0
WBGene00195344.,0,1,1
WBGene00195345.,0,0,0
WBGene00195346.,0,0,0
WBGene00195347.,0,9,9
WBGene00195348.,0,0,0
WBGene00195349.,0,0,0
WBGene00195350.,0,0,0
WBGene00195351.,0,16,16
WBGene00195352.,0,1,1
WBGene00195353.,0,0,0
WBGene00195354.,0,3,3
WBGene00195355.,0,0,0
WBGene00195356.,0,53,53
WBGene00195357.,0,1,1
WBGene00195358.,0,0,0
WBGene00195359.,0,14,14
WBGene00195360.,0,1,1
WBGene00195361.,0,0,0
WBGene00195362.,0,0,0
WBGene00195363.,0,71,71
WBGene00195364.,0,0,0
WBGene00195365.,0,0,0
WBGene00195366.,0,24,24
WBGene00195367.,0,0,0
WBGene00195368.,0,0,0
WBGene00195369.,0,0,0
WBGene00195370.,0,5,5
WBGene00195371.,0,2,2
WBGene00195372.,0,0,0
WBGene00195373.,0,0,0
WBGene00195374.,0,3,3
WBGene00195375.,0,0,0
WBGene00195376.,0,1,1
WBGene00195377.,0,0,0
WBGene00195378.,0,2,2
WBGene00195379.,0,0,0
WBGene00195380.,0,0,0
WBGene00195381.,0,0,0
WBGene00195382.,0,6,6
WBGene00195383.,0,0,0
WBGene00195384.,0,1,1
WBGene00195385.,0,1,1
WBGene00195386.,0,7,7
WBGene00195387.,0,0,0
WBGene00195388.,0,0,0
WBGene00195389.,0,2,2
WBGene00195390.,0,3,3
WBGene00195391.,0,1,1
WBGene00195392.,0,0,0
WBGene00195393.,0,0,0
WBGene00195394.,0,1,1
WBGene00195395.,0,0,0
WBGene00195396.,0,0,0
WBGene00195397.,0,0,0
WBGene00195398.,0,1,1
WBGene00195399.,0,12,12
WBGene00195400.,0,5,5
WBGene00195401.,0,1,1
WBGene00195402.,0,7,7
WBGene00195403.,0,1,1
WBGene00195404.,0,0,0
WBGene00195405.,0,24,24
WBGene00195406.,0,2,2
WBGene00195407.,0,0,0
WBGene00195408.,0,0,0
WBGene00195409.,0,0,0
WBGene00195410.,0,0,0
WBGene00195411.,0,0,0
WBGene00195412.,0,0,0
WBGene00195413.,0,0,0
WBGene00195414.,0,7,7
WBGene00195415.,0,0,0
WBGene00195416.,0,10,10
WBGene00195417.,0,1,1
WBGene00195418.,0,2,2
WBGene00195419.,0,0,0
WBGene00195420.,0,0,0
WBGene00195421.,0,2,2
WBGene00195422.,0,0,0
WBGene00195423.,0,1,1
WBGene00195424.,0,1,1
WBGene00195425.,0,0,0
WBGene00195426.,0,4,4
WBGene00195427.,0,5,5
WBGene00195428.,0,0,0
WBGene00195429.,0,0,0
WBGene00195430.,0,0,0
WBGene00195431.,0,0,0
WBGene00195432.,0,0,0
WBGene00195433.,0,0,0
WBGene00195434.,0,0,0
WBGene00195435.,0,0,0
WBGene00195436.,0,39,39
WBGene00195437.,0,0,0
WBGene00195438.,0,0,0
WBGene00195439.,0,0,0
WBGene00195440.,0,1,1
WBGene00195441.,0,3,3
WBGene00195442.,0,2,2
WBGene00195443.,0,0,0
WBGene00195444.,0,1,1
WBGene00195445.,0,0,0
WBGene00195446.,0,0,0
WBGene00195447.,0,0,0
WBGene00195448.,0,2,2
WBGene00195449.,0,0,0
WBGene00195450.,0,0,0
WBGene00195451.,0,0,0
WBGene00195452.,0,2,2
WBGene00195453.,0,10,10
WBGene00195454.,0,10,10
WBGene00195455.,0,0,0
WBGene00195456.,0,11,11
WBGene00195457.,0,0,0
WBGene00195458.,0,4,4
WBGene00195459.,0,0,0
WBGene00195460.,0,0,0
WBGene00195461.,0,0,0
WBGene00195462.,0,1,1
WBGene00195463.,0,0,0
WBGene00195464.,0,0,0
WBGene00195465.,0,0,0
WBGene00195466.,0,0,0
WBGene00195467.,0,4,4
WBGene00195468.,0,2,2
WBGene00195469.,0,0,0
WBGene00195470.,0,0,0
WBGene00195471.,0,1,1
WBGene00195472.,0,0,0
WBGene00195473.,0,2,2
WBGene00195474.,0,6,6
WBGene00195475.,0,0,0
WBGene00195476.,0,1,1
WBGene00195477.,0,0,0
WBGene00195478.,0,0,0
WBGene00195479.,0,0,0
WBGene00195480.,0,2,2
WBGene00195481.,0,0,0
WBGene00195482.,0,0,0
WBGene00195483.,0,3,3
WBGene00195484.,0,8,8
WBGene00195485.,0,7,7
WBGene00195486.,0,4,4
WBGene00195487.,0,4,4
WBGene00195488.,0,0,0
WBGene00195489.,0,0,0
WBGene00195490.,0,1,1
WBGene00195491.,0,0,0
WBGene00195492.,0,0,0
WBGene00195493.,0,4,4
WBGene00195494.,0,2,2
WBGene00195495.,0,2,2
WBGene00195496.,0,0,0
WBGene00195497.,0,4,4
WBGene00195498.,0,0,0
WBGene00195499.,0,0,0
WBGene00195500.,0,0,0
WBGene00195501.,0,2,2
WBGene00195502.,0,1,1
WBGene00195503.,0,0,0
WBGene00195504.,0,6,6
WBGene00195505.,0,0,0
WBGene00195506.,0,0,0
WBGene00195507.,0,1,1
WBGene00195508.,0,1,1
WBGene00195509.,0,1,1
WBGene00195510.,0,0,0
WBGene00195511.,0,5,5
WBGene00195512.,0,2,2
WBGene00195513.,0,1,1
WBGene00195514.,0,0,0
WBGene00195515.,0,1,1
WBGene00195516.,0,0,0
WBGene00195517.,0,2,2
WBGene00195518.,0,1,1
WBGene00195519.,0,0,0
WBGene00195520.,0,0,0
WBGene00195521.,0,6,6
WBGene00195522.,0,1,1
WBGene00195523.,0,0,0
WBGene00195524.,0,1,1
WBGene00195525.,0,2,2
WBGene00195526.,0,1,1
WBGene00195527.,0,1,1
WBGene00195528.,0,2,2
WBGene00195529.,0,0,0
WBGene00195530.,0,1,1
WBGene00195531.,0,2,2
WBGene00195532.,0,0,0
WBGene00195533.,0,0,0
WBGene00195534.,0,0,0
WBGene00195535.,0,0,0
WBGene00195536.,0,6,6
WBGene00195537.,0,0,0
WBGene00195538.,0,0,0
WBGene00195539.,0,0,0
WBGene00195540.,0,1,1
WBGene00195541.,0,0,0
WBGene00195542.,0,107,107
WBGene00195543.,0,0,0
WBGene00195544.,0,0,0
WBGene00195545.,0,0,0
WBGene00195546.,0,0,0
WBGene00195547.,0,2,2
WBGene00195548.,0,1,1
WBGene00195549.,0,0,0
WBGene00195550.,0,2,2
WBGene00195551.,0,3,3
WBGene00195552.,0,10,10
WBGene00195553.,0,0,0
WBGene00195554.,0,0,0
WBGene00195555.,0,0,0
WBGene00195556.,0,1,1
WBGene00195557.,0,0,0
WBGene00195558.,0,1,1
WBGene00195559.,0,1,1
WBGene00195560.,0,2,2
WBGene00195561.,0,0,0
WBGene00195562.,0,8,8
WBGene00195563.,0,4,4
WBGene00195564.,0,12,12
WBGene00195565.,0,0,0
WBGene00195566.,0,1,1
WBGene00195567.,0,0,0
WBGene00195568.,0,9,9
WBGene00195569.,0,0,0
WBGene00195570.,0,1,1
WBGene00195571.,0,0,0
WBGene00195572.,0,3,3
WBGene00195573.,0,0,0
WBGene00195574.,0,3,3
WBGene00195575.,0,1,1
WBGene00195576.,0,3,3
WBGene00195577.,0,0,0
WBGene00195578.,0,0,0
WBGene00195579.,0,0,0
WBGene00195580.,0,1,1
WBGene00195581.,0,1,1
WBGene00195582.,0,0,0
WBGene00195583.,0,0,0
WBGene00195584.,0,0,0
WBGene00195585.,0,1,1
WBGene00195586.,0,9,9
WBGene00195587.,0,0,0
WBGene00195588.,0,4,4
WBGene00195589.,0,0,0
WBGene00195590.,0,20,20
WBGene00195591.,0,3,3
WBGene00195592.,0,0,0
WBGene00195593.,0,1,1
WBGene00195594.,0,3,3
WBGene00195595.,0,1,1
WBGene00195596.,0,0,0
WBGene00195597.,0,0,0
WBGene00195598.,0,0,0
WBGene00195599.,0,0,0
WBGene00195600.,0,0,0
WBGene00195601.,0,16,16
WBGene00195602.,0,0,0
WBGene00195603.,0,0,0
WBGene00195604.,0,0,0
WBGene00195605.,0,0,0
WBGene00195606.,0,2,2
WBGene00195607.,0,3,3
WBGene00195608.,0,0,0
WBGene00195609.,0,0,0
WBGene00195610.,0,0,0
WBGene00195611.,0,0,0
WBGene00195612.,0,0,0
WBGene00195613.,0,1,1
WBGene00195614.,0,2,2
WBGene00195615.,0,10,10
WBGene00195616.,0,16,16
WBGene00195617.,0,0,0
WBGene00195618.,0,0,0
WBGene00195619.,0,1,1
WBGene00195620.,0,0,0
WBGene00195621.,0,4,4
WBGene00195622.,0,0,0
WBGene00195623.,0,5,5
WBGene00195624.,0,0,0
WBGene00195625.,0,0,0
WBGene00195626.,0,0,0
WBGene00195627.,0,0,0
WBGene00195628.,0,1,1
WBGene00195629.,0,2,2
WBGene00195630.,0,2,2
WBGene00195631.,0,0,0
WBGene00195632.,0,0,0
WBGene00195633.,0,0,0
WBGene00195634.,0,0,0
WBGene00195635.,0,1,1
WBGene00195636.,0,8,8
WBGene00195637.,0,2,2
WBGene00195638.,0,0,0
WBGene00195639.,0,8,8
WBGene00195640.,0,0,0
WBGene00195641.,0,0,0
WBGene00195642.,0,2,2
WBGene00195643.,0,0,0
WBGene00195644.,0,0,0
WBGene00195645.,0,0,0
WBGene00195646.,0,0,0
WBGene00195647.,0,1,1
WBGene00195648.,0,3,3
WBGene00195649.,0,0,0
WBGene00195650.,0,2,2
WBGene00195651.,0,2,2
WBGene00195652.,0,0,0
WBGene00195653.,0,0,0
WBGene00195654.,0,1,1
WBGene00195655.,0,0,0
WBGene00195656.,0,33,33
WBGene00195657.,0,3,3
WBGene00195658.,0,0,0
WBGene00195659.,0,4,4
WBGene00195660.,0,0,0
WBGene00195661.,0,5,5
WBGene00195662.,0,4,4
WBGene00195663.,0,0,0
WBGene00195664.,0,0,0
WBGene00195665.,0,2,2
WBGene00195666.,0,8,8
WBGene00195667.,0,0,0
WBGene00195668.,0,0,0
WBGene00195669.,0,0,0
WBGene00195670.,0,2,2
WBGene00195671.,0,1,1
WBGene00195672.,0,0,0
WBGene00195673.,0,0,0
WBGene00195674.,0,1,1
WBGene00195675.,0,0,0
WBGene00195676.,0,0,0
WBGene00195677.,0,2,2
WBGene00195678.,0,0,0
WBGene00195679.,0,0,0
WBGene00195680.,0,0,0
WBGene00195681.,0,0,0
WBGene00195682.,0,0,0
WBGene00195683.,0,0,0
WBGene00195684.,0,0,0
WBGene00195685.,0,11,11
WBGene00195686.,0,0,0
WBGene00195687.,0,7,7
WBGene00195688.,0,0,0
WBGene00195689.,0,2,2
WBGene00195690.,0,0,0
WBGene00195691.,0,4,4
WBGene00195692.,0,1,1
WBGene00195693.,0,21,21
WBGene00195694.,0,2,2
WBGene00195695.,0,0,0
WBGene00195696.,0,0,0
WBGene00195697.,0,1,1
WBGene00195698.,0,0,0
WBGene00195699.,0,0,0
WBGene00195700.,0,2,2
WBGene00195701.,0,2,2
WBGene00195702.,0,0,0
WBGene00195703.,0,1,1
WBGene00195704.,0,2,2
WBGene00195705.,0,10,10
WBGene00195706.,0,0,0
WBGene00195707.,0,0,0
WBGene00195708.,0,7,7
WBGene00195709.,0,1,1
WBGene00195710.,0,1,1
WBGene00195711.,0,0,0
WBGene00195712.,0,2,2
WBGene00195713.,0,7,7
WBGene00195714.,0,2,2
WBGene00195715.,0,3,3
WBGene00195716.,0,9,9
WBGene00195717.,0,0,0
WBGene00195718.,0,1,1
WBGene00195719.,0,0,0
WBGene00195720.,0,3,3
WBGene00195721.,0,2,2
WBGene00195722.,0,13,13
WBGene00195723.,0,8,8
WBGene00195724.,0,1,1
WBGene00195725.,0,4,4
WBGene00195726.,0,0,0
WBGene00195727.,0,0,0
WBGene00195728.,0,213,213
WBGene00195729.,0,0,0
WBGene00195730.,0,0,0
WBGene00195731.,0,3,3
WBGene00195732.,0,2,2
WBGene00195733.,0,0,0
WBGene00195734.,0,0,0
WBGene00195735.,0,8,8
WBGene00195736.,0,0,0
WBGene00195737.,0,6,6
WBGene00195738.,0,0,0
WBGene00195739.,0,3,3
WBGene00195740.,0,4,4
WBGene00195741.,0,0,0
WBGene00195742.,0,0,0
WBGene00195743.,0,0,0
WBGene00195744.,0,10,10
WBGene00195745.,0,2,2
WBGene00195746.,0,1,1
WBGene00195747.,0,1,1
WBGene00195748.,0,0,0
WBGene00195749.,0,0,0
WBGene00195750.,0,0,0
WBGene00195751.,0,0,0
WBGene00195752.,0,5,5
WBGene00195753.,0,0,0
WBGene00195754.,0,1,1
WBGene00195755.,0,0,0
WBGene00195756.,0,0,0
WBGene00195757.,0,0,0
WBGene00195758.,0,0,0
WBGene00195759.,0,1,1
WBGene00195760.,0,0,0
WBGene00195761.,0,5,5
WBGene00195762.,0,7,7
WBGene00195763.,0,0,0
WBGene00195764.,0,2,2
WBGene00195765.,0,1,1
WBGene00195766.,0,2,2
WBGene00195767.,0,0,0
WBGene00195768.,0,0,0
WBGene00195769.,0,0,0
WBGene00195770.,0,0,0
WBGene00195771.,0,0,0
WBGene00195772.,0,1,1
WBGene00195773.,0,0,0
WBGene00195774.,0,0,0
WBGene00195775.,0,6,6
WBGene00195776.,0,1,1
WBGene00195777.,0,1,1
WBGene00195778.,0,0,0
WBGene00195779.,0,0,0
WBGene00195780.,0,6,6
WBGene00195781.,0,0,0
WBGene00195782.,0,4,4
WBGene00195783.,0,1,1
WBGene00195784.,0,44,44
WBGene00195785.,0,37,37
WBGene00195786.,0,7,7
WBGene00195787.,0,3,3
WBGene00195788.,0,0,0
WBGene00195789.,0,2,2
WBGene00195790.,0,1,1
WBGene00195791.,0,16,16
WBGene00195792.,0,1,1
WBGene00195793.,0,2,2
WBGene00195794.,0,0,0
WBGene00195795.,0,8,8
WBGene00195796.,0,0,0
WBGene00195797.,0,0,0
WBGene00195798.,0,0,0
WBGene00195799.,0,0,0
WBGene00195800.,0,0,0
WBGene00195801.,0,0,0
WBGene00195802.,0,2,2
WBGene00195803.,0,3,3
WBGene00195804.,0,0,0
WBGene00195805.,0,3,3
WBGene00195806.,0,1,1
WBGene00195807.,0,4,4
WBGene00195808.,0,2,2
WBGene00195809.,0,0,0
WBGene00195810.,0,1,1
WBGene00195811.,0,3,3
WBGene00195812.,0,0,0
WBGene00195813.,0,0,0
WBGene00195814.,0,11,11
WBGene00195815.,0,0,0
WBGene00195816.,0,0,0
WBGene00195817.,0,0,0
WBGene00195818.,0,0,0
WBGene00195819.,0,12,12
WBGene00195820.,0,0,0
WBGene00195821.,0,0,0
WBGene00195822.,0,0,0
WBGene00195823.,0,1,1
WBGene00195824.,0,2,2
WBGene00195825.,0,2,2
WBGene00195826.,0,40,40
WBGene00195827.,0,0,0
WBGene00195828.,0,0,0
WBGene00195829.,0,0,0
WBGene00195830.,0,0,0
WBGene00195831.,0,0,0
WBGene00195832.,0,0,0
WBGene00195833.,0,11,11
WBGene00195834.,0,0,0
WBGene00195835.,0,0,0
WBGene00195836.,0,1,1
WBGene00195837.,0,2,2
WBGene00195838.,0,1,1
WBGene00195839.,0,0,0
WBGene00195840.,0,7,7
WBGene00195841.,0,1,1
WBGene00195842.,0,0,0
WBGene00195843.,0,7,7
WBGene00195844.,0,2,2
WBGene00195845.,0,0,0
WBGene00195846.,0,2,2
WBGene00195847.,0,0,0
WBGene00195848.,0,1,1
WBGene00195849.,0,0,0
WBGene00195850.,0,5,5
WBGene00195851.,0,0,0
WBGene00195852.,0,0,0
WBGene00195853.,0,12,12
WBGene00195854.,0,0,0
WBGene00195855.,0,1,1
WBGene00195856.,0,0,0
WBGene00195857.,0,0,0
WBGene00195858.,0,0,0
WBGene00195859.,0,4,4
WBGene00195860.,0,0,0
WBGene00195861.,0,1,1
WBGene00195862.,0,0,0
WBGene00195863.,0,0,0
WBGene00195864.,0,1,1
WBGene00195865.,0,0,0
WBGene00195866.,0,2,2
WBGene00195867.,0,0,0
WBGene00195868.,0,6,6
WBGene00195869.,0,0,0
WBGene00195870.,0,0,0
WBGene00195871.,0,5,5
WBGene00195872.,0,0,0
WBGene00195873.,0,4,4
WBGene00195874.,0,0,0
WBGene00195875.,0,1,1
WBGene00195876.,0,3,3
WBGene00195877.,0,2,2
WBGene00195878.,0,2,2
WBGene00195879.,0,4,4
WBGene00195880.,0,3,3
WBGene00195881.,0,1,1
WBGene00195882.,0,33,33
WBGene00195883.,0,0,0
WBGene00195884.,0,0,0
WBGene00195885.,0,0,0
WBGene00195886.,0,0,0
WBGene00195887.,0,12,12
WBGene00195888.,0,0,0
WBGene00195889.,0,12,12
WBGene00195890.,0,1,1
WBGene00195891.,0,0,0
WBGene00195892.,0,0,0
WBGene00195893.,0,0,0
WBGene00195894.,0,0,0
WBGene00195895.,0,0,0
WBGene00195896.,0,1,1
WBGene00195897.,0,4,4
WBGene00195898.,0,1,1
WBGene00195899.,0,2,2
WBGene00195900.,0,4,4
WBGene00195901.,0,0,0
WBGene00195902.,0,0,0
WBGene00195903.,0,0,0
WBGene00195904.,0,0,0
WBGene00195905.,0,0,0
WBGene00195906.,0,0,0
WBGene00195907.,0,19,19
WBGene00195908.,0,0,0
WBGene00195909.,0,0,0
WBGene00195910.,0,26,26
WBGene00195911.,0,1,1
WBGene00195912.,0,1,1
WBGene00195913.,0,2,2
WBGene00195914.,0,0,0
WBGene00195915.,0,0,0
WBGene00195916.,0,0,0
WBGene00195917.,0,0,0
WBGene00195918.,0,0,0
WBGene00195919.,0,4,4
WBGene00195920.,0,0,0
WBGene00195921.,0,1,1
WBGene00195922.,0,0,0
WBGene00195923.,0,2,2
WBGene00195924.,0,0,0
WBGene00195925.,0,0,0
WBGene00195926.,0,0,0
WBGene00195927.,0,12,12
WBGene00195928.,0,0,0
WBGene00195929.,0,0,0
WBGene00195930.,0,2,2
WBGene00195931.,0,0,0
WBGene00195932.,0,0,0
WBGene00195933.,0,0,0
WBGene00195934.,0,2,2
WBGene00195935.,0,42,42
WBGene00195936.,0,0,0
WBGene00195937.,0,0,0
WBGene00195938.,0,0,0
WBGene00195939.,0,4,4
WBGene00195940.,0,1,1
WBGene00195941.,0,1,1
WBGene00195942.,0,2,2
WBGene00195943.,0,0,0
WBGene00195944.,0,2,2
WBGene00195945.,0,0,0
WBGene00195946.,0,0,0
WBGene00195947.,0,72,72
WBGene00195948.,0,1,1
WBGene00195949.,0,1,1
WBGene00195950.,0,0,0
WBGene00195951.,0,0,0
WBGene00195952.,0,0,0
WBGene00195953.,0,0,0
WBGene00195954.,0,1,1
WBGene00195955.,0,0,0
WBGene00195956.,0,0,0
WBGene00195957.,0,0,0
WBGene00195958.,0,0,0
WBGene00195959.,0,2,2
WBGene00195960.,0,0,0
WBGene00195961.,0,9,9
WBGene00195962.,0,0,0
WBGene00195963.,0,1,1
WBGene00195964.,0,0,0
WBGene00195965.,0,1,1
WBGene00195966.,0,0,0
WBGene00195967.,0,0,0
WBGene00195968.,0,0,0
WBGene00195969.,0,0,0
WBGene00195970.,0,6,6
WBGene00195971.,0,3,3
WBGene00195972.,0,0,0
WBGene00195973.,0,1,1
WBGene00195974.,0,4,4
WBGene00195975.,0,1,1
WBGene00195976.,0,0,0
WBGene00195977.,0,0,0
WBGene00195978.,0,2,2
WBGene00195979.,0,53,53
WBGene00195980.,0,0,0
WBGene00195981.,0,1,1
WBGene00195982.,0,0,0
WBGene00195983.,0,4,4
WBGene00195984.,0,5,5
WBGene00195985.,0,0,0
WBGene00195986.,0,0,0
WBGene00195987.,0,0,0
WBGene00195988.,0,2,2
WBGene00195989.,0,15,15
WBGene00195990.,0,22,22
WBGene00195991.,0,0,0
WBGene00195992.,0,9,9
WBGene00195993.,0,4,4
WBGene00195994.,0,2,2
WBGene00195995.,0,1,1
WBGene00195996.,0,0,0
WBGene00195997.,0,0,0
WBGene00195998.,0,0,0
WBGene00195999.,0,0,0
WBGene00196000.,0,0,0
WBGene00196001.,0,0,0
WBGene00196002.,0,1,1
WBGene00196003.,0,3,3
WBGene00196004.,0,2,2
WBGene00196005.,0,7,7
WBGene00196006.,0,0,0
WBGene00196007.,0,0,0
WBGene00196008.,0,1,1
WBGene00196009.,0,1,1
WBGene00196010.,0,0,0
WBGene00196011.,0,2,2
WBGene00196012.,0,0,0
WBGene00196013.,0,12,12
WBGene00196014.,0,0,0
WBGene00196015.,0,0,0
WBGene00196016.,0,0,0
WBGene00196017.,0,0,0
WBGene00196018.,0,0,0
WBGene00196019.,0,0,0
WBGene00196020.,0,1,1
WBGene00196021.,0,7,7
WBGene00196022.,0,0,0
WBGene00196023.,0,0,0
WBGene00196024.,0,4,4
WBGene00196025.,0,0,0
WBGene00196026.,0,0,0
WBGene00196027.,0,0,0
WBGene00196028.,0,0,0
WBGene00196029.,0,0,0
WBGene00196030.,0,0,0
WBGene00196031.,0,1,1
WBGene00196032.,0,0,0
WBGene00196033.,0,0,0
WBGene00196034.,0,6,6
WBGene00196035.,0,0,0
WBGene00196036.,0,1,1
WBGene00196037.,0,0,0
WBGene00196038.,0,0,0
WBGene00196039.,0,0,0
WBGene00196040.,0,0,0
WBGene00196041.,0,1,1
WBGene00196042.,0,0,0
WBGene00196043.,0,0,0
WBGene00196044.,0,1,1
WBGene00196045.,0,6,6
WBGene00196046.,0,5,5
WBGene00196047.,0,0,0
WBGene00196048.,0,2,2
WBGene00196049.,0,3,3
WBGene00196050.,0,0,0
WBGene00196051.,0,3,3
WBGene00196052.,0,4,4
WBGene00196053.,0,2,2
WBGene00196054.,0,0,0
WBGene00196055.,0,1,1
WBGene00196056.,0,1,1
WBGene00196057.,0,9,9
WBGene00196058.,0,0,0
WBGene00196059.,0,0,0
WBGene00196060.,0,0,0
WBGene00196061.,0,0,0
WBGene00196062.,0,0,0
WBGene00196063.,0,2,2
WBGene00196064.,0,0,0
WBGene00196065.,0,1,1
WBGene00196066.,0,0,0
WBGene00196067.,0,3,3
WBGene00196068.,0,0,0
WBGene00196069.,0,17,17
WBGene00196070.,0,4,4
WBGene00196071.,0,5,5
WBGene00196072.,0,49,49
WBGene00196073.,0,0,0
WBGene00196074.,0,0,0
WBGene00196075.,0,0,0
WBGene00196076.,0,0,0
WBGene00196077.,0,7,7
WBGene00196078.,0,3,3
WBGene00196079.,0,1,1
WBGene00196080.,0,5,5
WBGene00196081.,0,1,1
WBGene00196082.,0,0,0
WBGene00196083.,0,3,3
WBGene00196084.,0,0,0
WBGene00196085.,0,0,0
WBGene00196086.,0,0,0
WBGene00196087.,0,0,0
WBGene00196088.,0,2,2
WBGene00196089.,0,1,1
WBGene00196090.,0,13,13
WBGene00196091.,0,13,13
WBGene00196092.,0,3,3
WBGene00196093.,0,4,4
WBGene00196094.,0,1,1
WBGene00196095.,0,1,1
WBGene00196096.,0,0,0
WBGene00196097.,0,1,1
WBGene00196098.,0,0,0
WBGene00196099.,0,2,2
WBGene00196100.,0,2,2
WBGene00196101.,0,0,0
WBGene00196102.,0,1,1
WBGene00196103.,0,4,4
WBGene00196104.,0,0,0
WBGene00196105.,0,1,1
WBGene00196106.,0,1,1
WBGene00196107.,0,0,0
WBGene00196108.,0,1,1
WBGene00196109.,0,2,2
WBGene00196110.,0,3,3
WBGene00196111.,0,1,1
WBGene00196112.,0,0,0
WBGene00196113.,0,12,12
WBGene00196114.,0,7,7
WBGene00196115.,0,0,0
WBGene00196116.,0,0,0
WBGene00196117.,0,10,10
WBGene00196118.,0,2,2
WBGene00196119.,0,4,4
WBGene00196120.,0,0,0
WBGene00196121.,0,2,2
WBGene00196122.,0,0,0
WBGene00196123.,0,10,10
WBGene00196124.,0,2,2
WBGene00196125.,0,0,0
WBGene00196126.,0,0,0
WBGene00196127.,0,0,0
WBGene00196128.,0,0,0
WBGene00196129.,0,0,0
WBGene00196130.,0,0,0
WBGene00196131.,0,0,0
WBGene00196132.,0,1,1
WBGene00196133.,0,0,0
WBGene00196134.,0,1,1
WBGene00196135.,0,0,0
WBGene00196136.,0,0,0
WBGene00196137.,0,1,1
WBGene00196138.,0,1,1
WBGene00196139.,0,0,0
WBGene00196140.,0,0,0
WBGene00196141.,0,4,4
WBGene00196142.,0,1,1
WBGene00196143.,0,0,0
WBGene00196144.,0,0,0
WBGene00196145.,0,1,1
WBGene00196146.,0,2,2
WBGene00196147.,0,7,7
WBGene00196148.,0,2,2
WBGene00196149.,0,2,2
WBGene00196150.,0,3,3
WBGene00196151.,0,0,0
WBGene00196152.,0,0,0
WBGene00196153.,0,0,0
WBGene00196154.,0,0,0
WBGene00196155.,0,1,1
WBGene00196156.,0,2,2
WBGene00196157.,0,0,0
WBGene00196158.,0,0,0
WBGene00196159.,0,2,2
WBGene00196160.,0,0,0
WBGene00196161.,0,0,0
WBGene00196162.,0,0,0
WBGene00196163.,0,0,0
WBGene00196164.,0,1,1
WBGene00196165.,0,0,0
WBGene00196166.,0,0,0
WBGene00196167.,0,0,0
WBGene00196168.,0,0,0
WBGene00196169.,0,0,0
WBGene00196170.,0,0,0
WBGene00196171.,0,1,1
WBGene00196172.,0,0,0
WBGene00196173.,0,0,0
WBGene00196174.,0,1,1
WBGene00196175.,0,0,0
WBGene00196176.,0,0,0
WBGene00196177.,0,0,0
WBGene00196178.,0,6,6
WBGene00196179.,0,0,0
WBGene00196180.,0,3,3
WBGene00196181.,0,2,2
WBGene00196182.,0,2,2
WBGene00196183.,0,0,0
WBGene00196184.,0,6,6
WBGene00196185.,0,2,2
WBGene00196186.,0,0,0
WBGene00196187.,0,0,0
WBGene00196188.,0,1,1
WBGene00196189.,0,4,4
WBGene00196190.,0,0,0
WBGene00196191.,0,0,0
WBGene00196192.,0,2,2
WBGene00196193.,0,2,2
WBGene00196194.,0,0,0
WBGene00196195.,0,1,1
WBGene00196196.,0,0,0
WBGene00196197.,0,0,0
WBGene00196198.,0,12,12
WBGene00196199.,0,0,0
WBGene00196200.,0,0,0
WBGene00196201.,0,4,4
WBGene00196202.,0,1,1
WBGene00196203.,0,0,0
WBGene00196204.,0,12,12
WBGene00196205.,0,0,0
WBGene00196206.,0,1,1
WBGene00196207.,0,0,0
WBGene00196208.,0,1,1
WBGene00196209.,0,0,0
WBGene00196210.,0,0,0
WBGene00196211.,0,1,1
WBGene00196212.,0,0,0
WBGene00196213.,0,0,0
WBGene00196214.,0,0,0
WBGene00196215.,0,0,0
WBGene00196216.,0,3,3
WBGene00196217.,0,0,0
WBGene00196218.,0,0,0
WBGene00196219.,0,10,10
WBGene00196220.,0,3,3
WBGene00196221.,0,0,0
WBGene00196222.,0,0,0
WBGene00196223.,0,7,7
WBGene00196224.,0,0,0
WBGene00196225.,0,2,2
WBGene00196226.,0,7,7
WBGene00196227.,0,0,0
WBGene00196228.,0,0,0
WBGene00196229.,0,1,1
WBGene00196230.,0,1,1
WBGene00196231.,0,1,1
WBGene00196232.,0,1,1
WBGene00196233.,0,0,0
WBGene00196234.,0,0,0
WBGene00196235.,0,11,11
WBGene00196236.,0,0,0
WBGene00196237.,0,2,2
WBGene00196238.,0,0,0
WBGene00196239.,0,1,1
WBGene00196240.,0,20,20
WBGene00196241.,0,1,1
WBGene00196242.,0,0,0
WBGene00196243.,0,0,0
WBGene00196244.,0,1,1
WBGene00196245.,0,0,0
WBGene00196246.,0,2,2
WBGene00196247.,0,0,0
WBGene00196248.,0,1,1
WBGene00196249.,0,0,0
WBGene00196250.,0,0,0
WBGene00196251.,0,0,0
WBGene00196252.,0,4,4
WBGene00196253.,0,0,0
WBGene00196254.,0,3,3
WBGene00196255.,0,1,1
WBGene00196256.,0,0,0
WBGene00196257.,0,60,60
WBGene00196258.,0,1,1
WBGene00196259.,0,1,1
WBGene00196260.,0,1,1
WBGene00196261.,0,0,0
WBGene00196262.,0,0,0
WBGene00196263.,0,1,1
WBGene00196264.,0,12,12
WBGene00196265.,0,4,4
WBGene00196266.,0,3,3
WBGene00196267.,0,0,0
WBGene00196268.,0,0,0
WBGene00196269.,0,0,0
WBGene00196270.,0,1,1
WBGene00196271.,0,0,0
WBGene00196272.,0,0,0
WBGene00196273.,0,1,1
WBGene00196274.,0,0,0
WBGene00196275.,0,2,2
WBGene00196276.,0,0,0
WBGene00196277.,0,4,4
WBGene00196278.,0,0,0
WBGene00196279.,0,1,1
WBGene00196280.,0,4,4
WBGene00196281.,0,0,0
WBGene00196282.,0,10,10
WBGene00196283.,0,0,0
WBGene00196284.,0,0,0
WBGene00196285.,0,19,19
WBGene00196286.,0,0,0
WBGene00196287.,0,0,0
WBGene00196288.,0,8,8
WBGene00196289.,0,3,3
WBGene00196290.,0,6,6
WBGene00196291.,0,0,0
WBGene00196292.,0,0,0
WBGene00196293.,0,0,0
WBGene00196294.,0,0,0
WBGene00196295.,0,1,1
WBGene00196296.,0,0,0
WBGene00196297.,0,0,0
WBGene00196298.,0,0,0
WBGene00196299.,0,0,0
WBGene00196300.,0,23,23
WBGene00196301.,0,1,1
WBGene00196302.,0,1,1
WBGene00196303.,0,11,11
WBGene00196304.,0,0,0
WBGene00196305.,0,0,0
WBGene00196306.,0,3,3
WBGene00196307.,0,4,4
WBGene00196308.,0,1,1
WBGene00196309.,0,2,2
WBGene00196310.,0,0,0
WBGene00196311.,0,0,0
WBGene00196312.,0,0,0
WBGene00196313.,0,0,0
WBGene00196314.,0,0,0
WBGene00196315.,0,9,9
WBGene00196316.,0,1,1
WBGene00196317.,0,0,0
WBGene00196318.,0,2,2
WBGene00196319.,0,2,2
WBGene00196320.,0,0,0
WBGene00196321.,0,0,0
WBGene00196322.,0,11,11
WBGene00196323.,0,0,0
WBGene00196324.,0,0,0
WBGene00196325.,0,2,2
WBGene00196326.,0,0,0
WBGene00196327.,0,1,1
WBGene00196328.,0,0,0
WBGene00196329.,0,0,0
WBGene00196330.,0,1,1
WBGene00196331.,0,3,3
WBGene00196332.,0,0,0
WBGene00196333.,0,0,0
WBGene00196334.,0,15,15
WBGene00196335.,0,0,0
WBGene00196336.,0,7,7
WBGene00196337.,0,1,1
WBGene00196338.,0,1,1
WBGene00196339.,0,0,0
WBGene00196340.,0,6,6
WBGene00196341.,0,0,0
WBGene00196342.,0,0,0
WBGene00196343.,0,0,0
WBGene00196344.,0,13,13
WBGene00196345.,0,0,0
WBGene00196346.,0,7,7
WBGene00196347.,0,1,1
WBGene00196348.,0,0,0
WBGene00196349.,0,0,0
WBGene00196350.,0,0,0
WBGene00196351.,0,6,6
WBGene00196352.,0,1,1
WBGene00196353.,0,1,1
WBGene00196354.,0,1,1
WBGene00196355.,0,7,7
WBGene00196356.,0,0,0
WBGene00196357.,0,0,0
WBGene00196358.,0,1,1
WBGene00196359.,0,0,0
WBGene00196360.,0,0,0
WBGene00196361.,0,0,0
WBGene00196362.,0,0,0
WBGene00196363.,0,0,0
WBGene00196364.,0,0,0
WBGene00196365.,0,0,0
WBGene00196366.,0,2,2
WBGene00196367.,0,0,0
WBGene00196368.,0,1,1
WBGene00196369.,0,2,2
WBGene00196370.,0,1,1
WBGene00196371.,0,0,0
WBGene00196372.,0,0,0
WBGene00196373.,0,1,1
WBGene00196374.,0,9,9
WBGene00196375.,0,0,0
WBGene00196376.,0,2,2
WBGene00196377.,0,0,0
WBGene00196378.,0,0,0
WBGene00196379.,0,0,0
WBGene00196380.,0,2,2
WBGene00196381.,0,0,0
WBGene00196382.,0,1,1
WBGene00196383.,0,1,1
WBGene00196384.,0,1,1
WBGene00196385.,0,0,0
WBGene00196386.,0,0,0
WBGene00196387.,0,0,0
WBGene00196388.,0,1,1
WBGene00196389.,0,0,0
WBGene00196390.,0,2,2
WBGene00196391.,0,0,0
WBGene00196392.,0,1,1
WBGene00196393.,0,1,1
WBGene00196394.,0,0,0
WBGene00196395.,0,0,0
WBGene00196396.,0,21485,21485
WBGene00196397.,0,0,0
WBGene00196398.,0,2,2
WBGene00196399.,0,0,0
WBGene00196400.,0,0,0
WBGene00196401.,0,1,1
WBGene00196402.,0,3,3
WBGene00196403.,0,0,0
WBGene00196404.,0,0,0
WBGene00196405.,0,0,0
WBGene00196406.,0,5,5
WBGene00196407.,0,0,0
WBGene00196408.,0,1,1
WBGene00196409.,0,4,4
WBGene00196410.,0,0,0
WBGene00196411.,0,0,0
WBGene00196412.,0,0,0
WBGene00196413.,0,0,0
WBGene00196414.,0,0,0
WBGene00196415.,0,0,0
WBGene00196416.,0,0,0
WBGene00196417.,0,2,2
WBGene00196418.,0,8,8
WBGene00196419.,0,1,1
WBGene00196420.,0,0,0
WBGene00196421.,0,0,0
WBGene00196422.,0,5,5
WBGene00196423.,0,1,1
WBGene00196424.,0,0,0
WBGene00196425.,0,0,0
WBGene00196426.,0,0,0
WBGene00196427.,0,0,0
WBGene00196428.,0,3,3
WBGene00196429.,0,1,1
WBGene00196430.,0,3,3
WBGene00196431.,0,2,2
WBGene00196432.,0,4,4
WBGene00196433.,0,0,0
WBGene00196434.,0,0,0
WBGene00196435.,0,0,0
WBGene00196436.,0,3,3
WBGene00196437.,0,0,0
WBGene00196438.,0,0,0
WBGene00196439.,0,0,0
WBGene00196440.,0,0,0
WBGene00196441.,0,0,0
WBGene00196442.,0,1,1
WBGene00196443.,0,6,6
WBGene00196444.,0,1,1
WBGene00196445.,0,0,0
WBGene00196446.,0,0,0
WBGene00196447.,0,0,0
WBGene00196448.,0,0,0
WBGene00196449.,0,1,1
WBGene00196450.,0,0,0
WBGene00196451.,0,0,0
WBGene00196452.,0,1,1
WBGene00196453.,0,1,1
WBGene00196454.,0,2,2
WBGene00196455.,0,0,0
WBGene00196456.,0,0,0
WBGene00196457.,0,0,0
WBGene00196458.,0,0,0
WBGene00196459.,0,0,0
WBGene00196460.,0,0,0
WBGene00196461.,0,2,2
WBGene00196462.,0,0,0
WBGene00196463.,0,0,0
WBGene00196464.,0,0,0
WBGene00196465.,0,6,6
WBGene00196466.,0,0,0
WBGene00196467.,0,0,0
WBGene00196468.,0,0,0
WBGene00196469.,0,0,0
WBGene00196470.,0,0,0
WBGene00196471.,0,0,0
WBGene00196472.,0,5,5
WBGene00196473.,0,0,0
WBGene00196474.,0,0,0
WBGene00196475.,0,0,0
WBGene00196476.,0,0,0
WBGene00196477.,0,0,0
WBGene00196478.,0,1,1
WBGene00196479.,0,0,0
WBGene00196480.,0,0,0
WBGene00196481.,0,0,0
WBGene00196482.,0,0,0
WBGene00196483.,0,0,0
WBGene00196484.,0,0,0
WBGene00196485.,0,0,0
WBGene00196486.,0,1,1
WBGene00196487.,0,1,1
WBGene00196488.,0,0,0
WBGene00196489.,0,6,6
WBGene00196490.,0,5,5
WBGene00196491.,0,3,3
WBGene00196492.,0,1,1
WBGene00196493.,0,0,0
WBGene00196494.,0,1,1
WBGene00196495.,0,0,0
WBGene00196496.,0,0,0
WBGene00196497.,0,0,0
WBGene00196498.,0,0,0
WBGene00196499.,0,7,7
WBGene00196500.,0,0,0
WBGene00196501.,0,0,0
WBGene00196502.,0,0,0
WBGene00196503.,0,0,0
WBGene00196504.,0,1,1
WBGene00196505.,0,3,3
WBGene00196506.,0,5,5
WBGene00196507.,0,2,2
WBGene00196508.,0,0,0
WBGene00196509.,0,4,4
WBGene00196510.,0,0,0
WBGene00196511.,0,0,0
WBGene00196512.,0,0,0
WBGene00196513.,0,1,1
WBGene00196514.,0,0,0
WBGene00196515.,0,0,0
WBGene00196516.,0,2,2
WBGene00196517.,0,2,2
WBGene00196518.,0,0,0
WBGene00196519.,0,0,0
WBGene00196520.,0,0,0
WBGene00196521.,0,0,0
WBGene00196522.,0,0,0
WBGene00196523.,0,4,4
WBGene00196524.,0,0,0
WBGene00196525.,0,0,0
WBGene00196526.,0,0,0
WBGene00196527.,0,0,0
WBGene00196528.,0,0,0
WBGene00196529.,0,0,0
WBGene00196530.,0,0,0
WBGene00196531.,0,0,0
WBGene00196532.,0,0,0
WBGene00196533.,0,0,0
WBGene00196534.,0,7,7
WBGene00196535.,0,1,1
WBGene00196536.,0,20,20
WBGene00196537.,0,6,6
WBGene00196538.,0,0,0
WBGene00196539.,0,0,0
WBGene00196540.,0,0,0
WBGene00196541.,0,0,0
WBGene00196542.,0,3,3
WBGene00196543.,0,0,0
WBGene00196544.,0,0,0
WBGene00196545.,0,1,1
WBGene00196546.,0,17,17
WBGene00196547.,0,3,3
WBGene00196548.,0,0,0
WBGene00196549.,0,0,0
WBGene00196550.,0,3,3
WBGene00196551.,0,0,0
WBGene00196552.,0,1,1
WBGene00196553.,0,0,0
WBGene00196554.,0,1,1
WBGene00196555.,0,0,0
WBGene00196556.,0,0,0
WBGene00196557.,0,0,0
WBGene00196558.,0,1,1
WBGene00196559.,0,0,0
WBGene00196560.,0,0,0
WBGene00196561.,0,0,0
WBGene00196562.,0,0,0
WBGene00196563.,0,10,10
WBGene00196564.,0,0,0
WBGene00196565.,0,0,0
WBGene00196566.,0,0,0
WBGene00196567.,0,1,1
WBGene00196568.,0,0,0
WBGene00196569.,0,0,0
WBGene00196570.,0,0,0
WBGene00196571.,0,0,0
WBGene00196572.,0,0,0
WBGene00196573.,0,1,1
WBGene00196574.,0,1,1
WBGene00196575.,0,1,1
WBGene00196576.,0,2,2
WBGene00196577.,0,0,0
WBGene00196578.,0,4,4
WBGene00196579.,0,0,0
WBGene00196580.,0,2,2
WBGene00196581.,0,0,0
WBGene00196582.,0,4,4
WBGene00196583.,0,1,1
WBGene00196584.,0,3,3
WBGene00196585.,0,1,1
WBGene00196586.,0,3,3
WBGene00196587.,0,0,0
WBGene00196588.,0,5,5
WBGene00196589.,0,0,0
WBGene00196590.,0,14,14
WBGene00196591.,0,8,8
WBGene00196592.,0,15,15
WBGene00196593.,0,3,3
WBGene00196594.,0,0,0
WBGene00196595.,0,0,0
WBGene00196596.,0,1,1
WBGene00196597.,0,1,1
WBGene00196598.,0,2,2
WBGene00196599.,0,14,14
WBGene00196600.,0,0,0
WBGene00196601.,0,0,0
WBGene00196602.,0,0,0
WBGene00196603.,0,0,0
WBGene00196604.,0,23,23
WBGene00196605.,0,0,0
WBGene00196606.,0,10,10
WBGene00196607.,0,15,15
WBGene00196608.,0,0,0
WBGene00196609.,0,0,0
WBGene00196610.,0,2,2
WBGene00196611.,0,0,0
WBGene00196612.,0,2,2
WBGene00196613.,0,0,0
WBGene00196614.,0,2,2
WBGene00196615.,0,1,1
WBGene00196616.,0,3,3
WBGene00196617.,0,0,0
WBGene00196618.,0,0,0
WBGene00196619.,0,2,2
WBGene00196620.,0,0,0
WBGene00196621.,0,0,0
WBGene00196622.,0,0,0
WBGene00196623.,0,0,0
WBGene00196624.,0,0,0
WBGene00196625.,0,5,5
WBGene00196626.,0,2,2
WBGene00196627.,0,0,0
WBGene00196628.,0,0,0
WBGene00196629.,0,3,3
WBGene00196630.,0,3,3
WBGene00196631.,0,6,6
WBGene00196632.,0,0,0
WBGene00196633.,0,0,0
WBGene00196634.,0,9,9
WBGene00196635.,0,65,65
WBGene00196636.,0,0,0
WBGene00196637.,0,0,0
WBGene00196638.,0,1,1
WBGene00196639.,0,2,2
WBGene00196640.,0,0,0
WBGene00196641.,0,1,1
WBGene00196642.,0,0,0
WBGene00196643.,0,15,15
WBGene00196644.,0,0,0
WBGene00196645.,0,0,0
WBGene00196646.,0,5,5
WBGene00196647.,0,0,0
WBGene00196648.,0,0,0
WBGene00196649.,0,2,2
WBGene00196650.,0,0,0
WBGene00196651.,0,1,1
WBGene00196652.,0,0,0
WBGene00196653.,0,11,11
WBGene00196654.,0,0,0
WBGene00196655.,0,0,0
WBGene00196656.,0,1,1
WBGene00196657.,0,0,0
WBGene00196658.,0,0,0
WBGene00196659.,0,1,1
WBGene00196660.,0,0,0
WBGene00196661.,0,0,0
WBGene00196662.,0,0,0
WBGene00196663.,0,0,0
WBGene00196664.,0,0,0
WBGene00196665.,0,0,0
WBGene00196666.,0,0,0
WBGene00196667.,0,0,0
WBGene00196668.,0,0,0
WBGene00196669.,0,0,0
WBGene00196670.,0,0,0
WBGene00196671.,0,0,0
WBGene00196672.,0,4,4
WBGene00196673.,0,0,0
WBGene00196674.,0,0,0
WBGene00196675.,0,0,0
WBGene00196676.,0,6,6
WBGene00196677.,0,0,0
WBGene00196678.,0,0,0
WBGene00196679.,0,2,2
WBGene00196680.,0,1,1
WBGene00196681.,0,0,0
WBGene00196682.,0,1,1
WBGene00196683.,0,0,0
WBGene00196684.,0,0,0
WBGene00196685.,0,3,3
WBGene00196686.,0,0,0
WBGene00196687.,0,2,2
WBGene00196688.,0,1,1
WBGene00196689.,0,1,1
WBGene00196690.,0,0,0
WBGene00196691.,0,0,0
WBGene00196692.,0,1,1
WBGene00196693.,0,1,1
WBGene00196694.,0,2,2
WBGene00196695.,0,3,3
WBGene00196696.,0,0,0
WBGene00196697.,0,0,0
WBGene00196698.,0,12,12
WBGene00196699.,0,0,0
WBGene00196700.,0,2,2
WBGene00196701.,0,0,0
WBGene00196702.,0,6,6
WBGene00196703.,0,0,0
WBGene00196704.,0,0,0
WBGene00196705.,0,1,1
WBGene00196706.,0,0,0
WBGene00196707.,0,2,2
WBGene00196708.,0,0,0
WBGene00196709.,0,6,6
WBGene00196710.,0,1,1
WBGene00196711.,0,4,4
WBGene00196712.,0,0,0
WBGene00196713.,0,0,0
WBGene00196714.,0,3,3
WBGene00196715.,0,0,0
WBGene00196716.,0,1,1
WBGene00196717.,0,0,0
WBGene00196718.,0,0,0
WBGene00196719.,0,0,0
WBGene00196720.,0,1,1
WBGene00196721.,0,10,10
WBGene00196722.,0,1,1
WBGene00196723.,0,0,0
WBGene00196724.,0,19,19
WBGene00196725.,0,5,5
WBGene00196726.,0,0,0
WBGene00196727.,0,3,3
WBGene00196728.,0,7,7
WBGene00196729.,0,13,13
WBGene00196730.,0,0,0
WBGene00196731.,0,3,3
WBGene00196732.,0,0,0
WBGene00196733.,0,1,1
WBGene00196734.,0,0,0
WBGene00196735.,0,8,8
WBGene00196736.,0,0,0
WBGene00196737.,0,0,0
WBGene00196738.,0,0,0
WBGene00196739.,0,2,2
WBGene00196740.,0,0,0
WBGene00196741.,0,0,0
WBGene00196742.,0,3,3
WBGene00196743.,0,0,0
WBGene00196744.,0,0,0
WBGene00196745.,0,0,0
WBGene00196746.,0,0,0
WBGene00196747.,0,2,2
WBGene00196748.,0,5,5
WBGene00196749.,0,0,0
WBGene00196750.,0,0,0
WBGene00196751.,0,0,0
WBGene00196752.,0,4,4
WBGene00196753.,0,24,24
WBGene00196754.,0,0,0
WBGene00196755.,0,0,0
WBGene00196756.,0,1,1
WBGene00196757.,0,0,0
WBGene00196758.,0,0,0
WBGene00196759.,0,4,4
WBGene00196760.,0,0,0
WBGene00196761.,0,1,1
WBGene00196762.,0,0,0
WBGene00196763.,0,7,7
WBGene00196764.,0,1,1
WBGene00196765.,0,0,0
WBGene00196766.,0,0,0
WBGene00196767.,0,0,0
WBGene00196768.,0,0,0
WBGene00196769.,0,0,0
WBGene00196770.,0,0,0
WBGene00196771.,0,0,0
WBGene00196772.,0,0,0
WBGene00196773.,0,0,0
WBGene00196774.,0,0,0
WBGene00196775.,0,28,28
WBGene00196776.,0,0,0
WBGene00196777.,0,12,12
WBGene00196778.,0,0,0
WBGene00196779.,0,0,0
WBGene00196780.,0,5,5
WBGene00196781.,0,0,0
WBGene00196782.,0,7,7
WBGene00196783.,0,0,0
WBGene00196784.,0,0,0
WBGene00196785.,0,37,37
WBGene00196786.,0,0,0
WBGene00196787.,0,0,0
WBGene00196788.,0,2,2
WBGene00196789.,0,2,2
WBGene00196790.,0,0,0
WBGene00196791.,0,1,1
WBGene00196792.,0,2,2
WBGene00196793.,0,10,10
WBGene00196794.,0,0,0
WBGene00196795.,0,0,0
WBGene00196796.,0,3,3
WBGene00196797.,0,13,13
WBGene00196798.,0,0,0
WBGene00196799.,0,4,4
WBGene00196800.,0,0,0
WBGene00196801.,0,3,3
WBGene00196802.,0,7,7
WBGene00196803.,0,0,0
WBGene00196804.,0,1,1
WBGene00196805.,0,5,5
WBGene00196806.,0,0,0
WBGene00196807.,0,5,5
WBGene00196808.,0,0,0
WBGene00196809.,0,1,1
WBGene00196810.,0,15,15
WBGene00196811.,0,4,4
WBGene00196812.,0,0,0
WBGene00196813.,0,0,0
WBGene00196814.,0,0,0
WBGene00196815.,0,11,11
WBGene00196816.,0,7,7
WBGene00196817.,0,6,6
WBGene00196818.,0,1,1
WBGene00196819.,0,8,8
WBGene00196820.,0,5,5
WBGene00196821.,0,7,7
WBGene00196822.,0,1,1
WBGene00196823.,0,4,4
WBGene00196824.,0,0,0
WBGene00196825.,0,0,0
WBGene00196826.,0,0,0
WBGene00196827.,0,5,5
WBGene00196828.,0,2,2
WBGene00196829.,0,0,0
WBGene00196830.,0,2,2
WBGene00196831.,0,25,25
WBGene00196832.,0,3,3
WBGene00196833.,0,0,0
WBGene00196834.,0,1,1
WBGene00196835.,0,1,1
WBGene00196836.,0,0,0
WBGene00196837.,0,0,0
WBGene00196838.,0,6,6
WBGene00196839.,0,1,1
WBGene00196840.,0,0,0
WBGene00196841.,0,7,7
WBGene00196842.,0,0,0
WBGene00196843.,0,0,0
WBGene00196844.,0,6,6
WBGene00196845.,0,1,1
WBGene00196846.,0,3,3
WBGene00196847.,0,0,0
WBGene00196848.,0,0,0
WBGene00196849.,0,0,0
WBGene00196850.,0,0,0
WBGene00196851.,0,0,0
WBGene00196852.,0,37,37
WBGene00196853.,0,0,0
WBGene00196854.,0,7,7
WBGene00196855.,0,0,0
WBGene00196856.,0,29,29
WBGene00196857.,0,0,0
WBGene00196858.,0,1,1
WBGene00196859.,0,2,2
WBGene00196860.,0,0,0
WBGene00196861.,0,6,6
WBGene00196862.,0,9,9
WBGene00196863.,0,0,0
WBGene00196864.,0,0,0
WBGene00196865.,0,0,0
WBGene00196866.,0,0,0
WBGene00196867.,0,10,10
WBGene00196868.,0,9,9
WBGene00196869.,0,0,0
WBGene00196870.,0,0,0
WBGene00196871.,0,242,242
WBGene00196872.,0,25,25
WBGene00196873.,0,0,0
WBGene00196874.,0,1,1
WBGene00196875.,0,0,0
WBGene00196876.,0,1,1
WBGene00196877.,0,2,2
WBGene00196878.,0,0,0
WBGene00196879.,0,2,2
WBGene00196880.,0,0,0
WBGene00196881.,0,0,0
WBGene00196882.,0,0,0
WBGene00196883.,0,1,1
WBGene00196884.,0,3,3
WBGene00196885.,0,1,1
WBGene00196886.,0,0,0
WBGene00196887.,0,2,2
WBGene00196888.,0,0,0
WBGene00196889.,0,0,0
WBGene00196890.,0,0,0
WBGene00196891.,0,0,0
WBGene00196892.,0,1,1
WBGene00196893.,0,4,4
WBGene00196894.,0,0,0
WBGene00196895.,0,0,0
WBGene00196896.,0,0,0
WBGene00196897.,0,0,0
WBGene00196898.,0,0,0
WBGene00196899.,0,0,0
WBGene00196900.,0,1,1
WBGene00196901.,0,1,1
WBGene00196902.,0,0,0
WBGene00196903.,0,0,0
WBGene00196904.,0,8,8
WBGene00196905.,0,0,0
WBGene00196906.,0,2,2
WBGene00196907.,0,0,0
WBGene00196908.,0,1,1
WBGene00196909.,0,0,0
WBGene00196910.,0,0,0
WBGene00196911.,0,3,3
WBGene00196912.,0,2,2
WBGene00196913.,0,6,6
WBGene00196914.,0,0,0
WBGene00196915.,0,2,2
WBGene00196916.,0,1,1
WBGene00196917.,0,1,1
WBGene00196918.,0,2,2
WBGene00196919.,0,1,1
WBGene00196920.,0,2,2
WBGene00196921.,0,8,8
WBGene00196922.,0,20,20
WBGene00196923.,0,1,1
WBGene00196924.,0,3,3
WBGene00196925.,0,1,1
WBGene00196926.,0,0,0
WBGene00196927.,0,0,0
WBGene00196928.,0,2,2
WBGene00196929.,0,1,1
WBGene00196930.,0,13,13
WBGene00196931.,0,6,6
WBGene00196932.,0,0,0
WBGene00196933.,0,4,4
WBGene00196934.,0,0,0
WBGene00196935.,0,9,9
WBGene00196936.,0,0,0
WBGene00196937.,0,0,0
WBGene00196938.,0,0,0
WBGene00196939.,0,0,0
WBGene00196940.,0,0,0
WBGene00196941.,0,2,2
WBGene00196942.,0,9,9
WBGene00196943.,0,4,4
WBGene00196944.,0,0,0
WBGene00196945.,0,0,0
WBGene00196946.,0,0,0
WBGene00196947.,0,2,2
WBGene00196948.,0,1,1
WBGene00196949.,0,0,0
WBGene00196950.,0,4,4
WBGene00196951.,0,0,0
WBGene00196952.,0,0,0
WBGene00196953.,0,0,0
WBGene00196954.,0,0,0
WBGene00196955.,0,0,0
WBGene00196956.,0,0,0
WBGene00196957.,0,0,0
WBGene00196958.,0,0,0
WBGene00196959.,0,3,3
WBGene00196960.,0,0,0
WBGene00196961.,0,4,4
WBGene00196962.,0,1,1
WBGene00196963.,0,0,0
WBGene00196964.,0,4,4
WBGene00196965.,0,1,1
WBGene00196966.,0,0,0
WBGene00196967.,0,0,0
WBGene00196968.,0,0,0
WBGene00196969.,0,7,7
WBGene00196970.,0,3,3
WBGene00196971.,0,5,5
WBGene00196972.,0,0,0
WBGene00196973.,0,2,2
WBGene00196974.,0,0,0
WBGene00196975.,0,0,0
WBGene00196976.,0,0,0
WBGene00196977.,0,1,1
WBGene00196978.,0,0,0
WBGene00196979.,0,5,5
WBGene00196980.,0,0,0
WBGene00196981.,0,6,6
WBGene00196982.,0,3,3
WBGene00196983.,0,0,0
WBGene00196984.,0,0,0
WBGene00196985.,0,3,3
WBGene00196986.,0,16,16
WBGene00196987.,0,6,6
WBGene00196988.,0,0,0
WBGene00196989.,0,5,5
WBGene00196990.,0,0,0
WBGene00196991.,0,0,0
WBGene00196992.,0,2,2
WBGene00196993.,0,3,3
WBGene00196994.,0,6,6
WBGene00196995.,0,0,0
WBGene00196996.,0,1,1
WBGene00196997.,0,0,0
WBGene00196998.,0,0,0
WBGene00196999.,0,0,0
WBGene00197000.,0,0,0
WBGene00197001.,0,3,3
WBGene00197002.,0,1,1
WBGene00197003.,0,0,0
WBGene00197004.,0,0,0
WBGene00197005.,0,0,0
WBGene00197006.,0,0,0
WBGene00197007.,0,2,2
WBGene00197008.,0,0,0
WBGene00197009.,0,1,1
WBGene00197010.,0,0,0
WBGene00197011.,0,0,0
WBGene00197012.,0,0,0
WBGene00197013.,0,0,0
WBGene00197014.,0,0,0
WBGene00197015.,0,2,2
WBGene00197016.,0,0,0
WBGene00197017.,0,0,0
WBGene00197018.,0,0,0
WBGene00197019.,0,1,1
WBGene00197020.,0,0,0
WBGene00197021.,0,0,0
WBGene00197022.,0,0,0
WBGene00197023.,0,0,0
WBGene00197024.,0,0,0
WBGene00197025.,0,3,3
WBGene00197026.,0,1,1
WBGene00197027.,0,0,0
WBGene00197028.,0,5,5
WBGene00197029.,0,0,0
WBGene00197030.,0,2,2
WBGene00197031.,0,2,2
WBGene00197032.,0,0,0
WBGene00197033.,0,49,49
WBGene00197034.,0,0,0
WBGene00197035.,0,1,1
WBGene00197036.,0,0,0
WBGene00197037.,0,1,1
WBGene00197038.,0,0,0
WBGene00197039.,0,3,3
WBGene00197040.,0,3,3
WBGene00197041.,0,0,0
WBGene00197042.,0,0,0
WBGene00197043.,0,0,0
WBGene00197044.,0,0,0
WBGene00197045.,0,3,3
WBGene00197046.,0,1,1
WBGene00197047.,0,7,7
WBGene00197048.,0,11,11
WBGene00197049.,0,1,1
WBGene00197050.,0,0,0
WBGene00197051.,0,0,0
WBGene00197052.,0,0,0
WBGene00197053.,0,7,7
WBGene00197054.,0,0,0
WBGene00197055.,0,1,1
WBGene00197056.,0,0,0
WBGene00197057.,0,0,0
WBGene00197058.,0,0,0
WBGene00197059.,0,0,0
WBGene00197060.,0,1,1
WBGene00197061.,0,2,2
WBGene00197062.,0,0,0
WBGene00197063.,0,1,1
WBGene00197064.,0,0,0
WBGene00197065.,0,3,3
WBGene00197066.,0,16,16
WBGene00197067.,0,0,0
WBGene00197068.,0,1,1
WBGene00197069.,0,15,15
WBGene00197070.,0,0,0
WBGene00197071.,0,0,0
WBGene00197072.,0,1,1
WBGene00197073.,0,0,0
WBGene00197074.,0,3,3
WBGene00197075.,0,0,0
WBGene00197076.,0,4,4
WBGene00197077.,0,0,0
WBGene00197078.,0,1,1
WBGene00197079.,0,0,0
WBGene00197080.,0,37,37
WBGene00197081.,0,2,2
WBGene00197082.,0,2,2
WBGene00197083.,0,4,4
WBGene00197084.,0,0,0
WBGene00197085.,0,0,0
WBGene00197086.,0,3,3
WBGene00197087.,0,0,0
WBGene00197088.,0,0,0
WBGene00197089.,0,0,0
WBGene00197090.,0,33,33
WBGene00197091.,0,2,2
WBGene00197092.,0,1,1
WBGene00197093.,0,0,0
WBGene00197094.,0,8,8
WBGene00197095.,0,2,2
WBGene00197096.,0,1,1
WBGene00197097.,0,21,21
WBGene00197098.,0,0,0
WBGene00197099.,0,0,0
WBGene00197100.,0,9,9
WBGene00197101.,0,0,0
WBGene00197102.,0,2,2
WBGene00197103.,0,0,0
WBGene00197104.,0,4,4
WBGene00197105.,0,0,0
WBGene00197106.,0,0,0
WBGene00197107.,0,0,0
WBGene00197108.,0,0,0
WBGene00197109.,0,0,0
WBGene00197110.,0,1,1
WBGene00197111.,0,1,1
WBGene00197112.,0,0,0
WBGene00197113.,0,0,0
WBGene00197114.,0,6,6
WBGene00197115.,0,2,2
WBGene00197116.,0,0,0
WBGene00197117.,0,0,0
WBGene00197118.,0,0,0
WBGene00197119.,0,4,4
WBGene00197120.,0,0,0
WBGene00197121.,0,10,10
WBGene00197122.,0,0,0
WBGene00197123.,0,0,0
WBGene00197124.,0,0,0
WBGene00197125.,0,0,0
WBGene00197126.,0,9,9
WBGene00197127.,0,38,38
WBGene00197128.,0,0,0
WBGene00197129.,0,1,1
WBGene00197130.,0,3,3
WBGene00197131.,0,0,0
WBGene00197132.,0,0,0
WBGene00197133.,0,0,0
WBGene00197134.,0,0,0
WBGene00197135.,0,2,2
WBGene00197136.,0,0,0
WBGene00197137.,0,0,0
WBGene00197138.,0,0,0
WBGene00197139.,0,0,0
WBGene00197140.,0,28,28
WBGene00197141.,0,4,4
WBGene00197142.,0,0,0
WBGene00197143.,0,0,0
WBGene00197144.,0,0,0
WBGene00197145.,0,0,0
WBGene00197146.,0,0,0
WBGene00197147.,0,1,1
WBGene00197148.,0,2,2
WBGene00197149.,0,0,0
WBGene00197150.,0,0,0
WBGene00197151.,0,0,0
WBGene00197152.,0,1,1
WBGene00197153.,0,0,0
WBGene00197154.,0,0,0
WBGene00197155.,0,5,5
WBGene00197156.,0,0,0
WBGene00197157.,0,3,3
WBGene00197158.,0,0,0
WBGene00197159.,0,0,0
WBGene00197160.,0,0,0
WBGene00197161.,0,1,1
WBGene00197162.,0,0,0
WBGene00197163.,0,0,0
WBGene00197164.,0,0,0
WBGene00197165.,0,1,1
WBGene00197166.,0,0,0
WBGene00197167.,0,0,0
WBGene00197168.,0,7,7
WBGene00197169.,0,1,1
WBGene00197170.,0,0,0
WBGene00197171.,0,653,653
WBGene00197172.,0,0,0
WBGene00197173.,0,0,0
WBGene00197174.,0,1,1
WBGene00197175.,0,2,2
WBGene00197176.,0,0,0
WBGene00197177.,0,0,0
WBGene00197178.,0,1,1
WBGene00197179.,0,0,0
WBGene00197180.,0,3,3
WBGene00197181.,0,1,1
WBGene00197182.,0,0,0
WBGene00197183.,0,4,4
WBGene00197184.,0,0,0
WBGene00197185.,0,6,6
WBGene00197186.,0,0,0
WBGene00197187.,0,0,0
WBGene00197188.,0,14,14
WBGene00197189.,0,1,1
WBGene00197190.,0,0,0
WBGene00197191.,0,0,0
WBGene00197192.,0,0,0
WBGene00197193.,0,0,0
WBGene00197194.,0,0,0
WBGene00197195.,0,2,2
WBGene00197196.,0,8,8
WBGene00197197.,0,0,0
WBGene00197198.,0,1,1
WBGene00197199.,0,0,0
WBGene00197200.,0,0,0
WBGene00197201.,0,0,0
WBGene00197202.,0,0,0
WBGene00197203.,0,0,0
WBGene00197204.,0,16,16
WBGene00197205.,0,10,10
WBGene00197206.,0,1,1
WBGene00197207.,0,1,1
WBGene00197208.,0,4,4
WBGene00197209.,0,27,27
WBGene00197210.,0,0,0
WBGene00197211.,0,0,0
WBGene00197212.,0,0,0
WBGene00197213.,0,0,0
WBGene00197214.,0,11,11
WBGene00197215.,0,1256,1256
WBGene00197216.,0,1,1
WBGene00197217.,0,3,3
WBGene00197218.,0,7,7
WBGene00197219.,0,0,0
WBGene00197220.,0,0,0
WBGene00197221.,0,0,0
WBGene00197222.,0,10,10
WBGene00197223.,0,1,1
WBGene00197224.,0,0,0
WBGene00197225.,0,1,1
WBGene00197226.,0,2,2
WBGene00197227.,0,8,8
WBGene00197228.,0,9,9
WBGene00197229.,0,1,1
WBGene00197230.,0,0,0
WBGene00197231.,0,15,15
WBGene00197232.,0,1,1
WBGene00197233.,0,0,0
WBGene00197234.,0,12,12
WBGene00197235.,0,0,0
WBGene00197236.,0,1,1
WBGene00197237.,0,0,0
WBGene00197238.,0,1,1
WBGene00197239.,0,1,1
WBGene00197240.,0,0,0
WBGene00197241.,0,0,0
WBGene00197242.,0,1,1
WBGene00197243.,0,1,1
WBGene00197244.,0,3,3
WBGene00197245.,0,1,1
WBGene00197246.,0,0,0
WBGene00197247.,0,0,0
WBGene00197248.,0,1,1
WBGene00197249.,0,0,0
WBGene00197250.,0,0,0
WBGene00197251.,0,0,0
WBGene00197252.,0,2,2
WBGene00197253.,0,1,1
WBGene00197254.,0,8,8
WBGene00197255.,0,3,3
WBGene00197256.,0,0,0
WBGene00197257.,0,12,12
WBGene00197258.,0,10,10
WBGene00197259.,0,26,26
WBGene00197260.,0,0,0
WBGene00197261.,0,2,2
WBGene00197262.,0,2,2
WBGene00197263.,0,0,0
WBGene00197264.,0,0,0
WBGene00197265.,0,6,6
WBGene00197266.,0,0,0
WBGene00197267.,0,0,0
WBGene00197268.,0,0,0
WBGene00197269.,0,13,13
WBGene00197270.,0,0,0
WBGene00197271.,0,0,0
WBGene00197272.,0,0,0
WBGene00197273.,0,0,0
WBGene00197274.,0,1,1
WBGene00197275.,0,0,0
WBGene00197276.,0,1,1
WBGene00197277.,0,0,0
WBGene00197278.,0,9,9
WBGene00197279.,0,38,38
WBGene00197280.,0,0,0
WBGene00197281.,0,1,1
WBGene00197282.,0,0,0
WBGene00197283.,0,5,5
WBGene00197284.,0,0,0
WBGene00197285.,0,1,1
WBGene00197286.,0,3,3
WBGene00197287.,0,0,0
WBGene00197288.,0,2,2
WBGene00197289.,0,0,0
WBGene00197290.,0,0,0
WBGene00197291.,0,0,0
WBGene00197292.,0,0,0
WBGene00197293.,0,3,3
WBGene00197294.,0,0,0
WBGene00197295.,0,0,0
WBGene00197296.,0,0,0
WBGene00197297.,0,5,5
WBGene00197298.,0,3,3
WBGene00197299.,0,0,0
WBGene00197300.,0,0,0
WBGene00197301.,0,0,0
WBGene00197302.,0,0,0
WBGene00197303.,0,0,0
WBGene00197304.,0,0,0
WBGene00197305.,0,0,0
WBGene00197306.,0,0,0
WBGene00197307.,0,8,8
WBGene00197308.,0,17,17
WBGene00197309.,0,0,0
WBGene00197310.,0,0,0
WBGene00197311.,0,0,0
WBGene00197312.,0,0,0
WBGene00197313.,0,1,1
WBGene00197314.,0,2,2
WBGene00197315.,0,0,0
WBGene00197316.,0,0,0
WBGene00197317.,0,0,0
WBGene00197318.,0,1,1
WBGene00197319.,0,1,1
WBGene00197320.,0,0,0
WBGene00197321.,0,0,0
WBGene00197322.,0,2,2
WBGene00197323.,0,0,0
WBGene00197324.,0,0,0
WBGene00197325.,0,0,0
WBGene00197326.,0,26,26
WBGene00197327.,0,0,0
WBGene00197328.,0,0,0
WBGene00197329.,0,0,0
WBGene00197330.,0,0,0
WBGene00197331.,0,0,0
WBGene00197332.,0,0,0
WBGene00197333.,0,1,1
WBGene00197334.,0,0,0
WBGene00197335.,0,8,8
WBGene00197336.,0,0,0
WBGene00197337.,0,0,0
WBGene00197338.,0,2,2
WBGene00197339.,0,440,440
WBGene00197340.,0,2,2
WBGene00197341.,0,0,0
WBGene00197342.,0,3,3
WBGene00197343.,0,0,0
WBGene00197344.,0,1,1
WBGene00197345.,0,0,0
WBGene00197346.,0,0,0
WBGene00197347.,0,0,0
WBGene00197348.,0,0,0
WBGene00197349.,0,7,7
WBGene00197350.,0,3,3
WBGene00197351.,0,2,2
WBGene00197352.,0,0,0
WBGene00197353.,0,0,0
WBGene00197354.,0,5,5
WBGene00197355.,0,0,0
WBGene00197356.,0,2,2
WBGene00197357.,0,0,0
WBGene00197358.,0,0,0
WBGene00197359.,0,1,1
WBGene00197360.,0,2,2
WBGene00197361.,0,0,0
WBGene00197362.,0,9,9
WBGene00197363.,0,0,0
WBGene00197364.,0,0,0
WBGene00197365.,0,0,0
WBGene00197366.,0,3,3
WBGene00197367.,0,0,0
WBGene00197368.,0,0,0
WBGene00197369.,0,0,0
WBGene00197370.,0,3,3
WBGene00197371.,0,3,3
WBGene00197372.,0,0,0
WBGene00197373.,0,4,4
WBGene00197374.,0,0,0
WBGene00197375.,0,4,4
WBGene00197376.,0,2,2
WBGene00197377.,0,4,4
WBGene00197378.,0,0,0
WBGene00197379.,0,0,0
WBGene00197380.,0,0,0
WBGene00197381.,0,1,1
WBGene00197382.,0,8,8
WBGene00197383.,0,1,1
WBGene00197384.,0,0,0
WBGene00197385.,0,0,0
WBGene00197386.,0,1,1
WBGene00197387.,0,0,0
WBGene00197388.,0,7,7
WBGene00197389.,0,0,0
WBGene00197390.,0,0,0
WBGene00197391.,0,0,0
WBGene00197392.,0,0,0
WBGene00197393.,0,0,0
WBGene00197394.,0,0,0
WBGene00197395.,0,0,0
WBGene00197396.,0,4,4
WBGene00197397.,0,0,0
WBGene00197398.,0,3,3
WBGene00197399.,0,5,5
WBGene00197400.,0,3,3
WBGene00197401.,0,0,0
WBGene00197402.,0,0,0
WBGene00197403.,0,0,0
WBGene00197404.,0,5,5
WBGene00197405.,0,0,0
WBGene00197406.,0,111,111
WBGene00197407.,0,0,0
WBGene00197408.,0,0,0
WBGene00197409.,0,0,0
WBGene00197410.,0,4,4
WBGene00197411.,0,11,11
WBGene00197412.,0,0,0
WBGene00197413.,0,0,0
WBGene00197414.,0,2,2
WBGene00197415.,0,0,0
WBGene00197416.,0,11,11
WBGene00197417.,0,0,0
WBGene00197418.,0,0,0
WBGene00197419.,0,0,0
WBGene00197420.,0,2,2
WBGene00197421.,0,0,0
WBGene00197422.,0,0,0
WBGene00197423.,0,0,0
WBGene00197424.,0,6,6
WBGene00197425.,0,1,1
WBGene00197426.,0,0,0
WBGene00197427.,0,0,0
WBGene00197428.,0,0,0
WBGene00197429.,0,2,2
WBGene00197430.,0,0,0
WBGene00197431.,0,2,2
WBGene00197432.,0,0,0
WBGene00197433.,0,1,1
WBGene00197434.,0,0,0
WBGene00197435.,0,0,0
WBGene00197436.,0,0,0
WBGene00197437.,0,3,3
WBGene00197438.,0,0,0
WBGene00197439.,0,0,0
WBGene00197440.,0,0,0
WBGene00197441.,0,0,0
WBGene00197442.,0,0,0
WBGene00197443.,0,0,0
WBGene00197444.,0,7,7
WBGene00197445.,0,3,3
WBGene00197446.,0,2,2
WBGene00197447.,0,0,0
WBGene00197448.,0,1,1
WBGene00197449.,0,2,2
WBGene00197450.,0,3,3
WBGene00197451.,0,0,0
WBGene00197452.,0,130,130
WBGene00197453.,0,0,0
WBGene00197454.,0,12,12
WBGene00197455.,0,6,6
WBGene00197456.,0,0,0
WBGene00197457.,0,0,0
WBGene00197458.,0,4,4
WBGene00197459.,0,0,0
WBGene00197460.,0,0,0
WBGene00197461.,0,4,4
WBGene00197462.,0,0,0
WBGene00197463.,0,2,2
WBGene00197464.,0,14,14
WBGene00197465.,0,0,0
WBGene00197466.,0,0,0
WBGene00197467.,0,5,5
WBGene00197468.,0,1,1
WBGene00197469.,0,0,0
WBGene00197470.,0,0,0
WBGene00197471.,0,4,4
WBGene00197472.,0,0,0
WBGene00197473.,0,6,6
WBGene00197474.,0,0,0
WBGene00197475.,0,1,1
WBGene00197476.,0,0,0
WBGene00197477.,0,12,12
WBGene00197478.,0,0,0
WBGene00197479.,0,4,4
WBGene00197480.,0,0,0
WBGene00197481.,0,1,1
WBGene00197482.,0,0,0
WBGene00197483.,0,9,9
WBGene00197484.,0,0,0
WBGene00197485.,0,8,8
WBGene00197486.,0,1,1
WBGene00197487.,0,4,4
WBGene00197488.,0,0,0
WBGene00197489.,0,0,0
WBGene00197490.,0,0,0
WBGene00197491.,0,1,1
WBGene00197492.,0,0,0
WBGene00197493.,0,0,0
WBGene00197494.,0,0,0
WBGene00197495.,0,1,1
WBGene00197496.,0,0,0
WBGene00197497.,0,0,0
WBGene00197498.,0,1,1
WBGene00197499.,0,0,0
WBGene00197500.,0,0,0
WBGene00197501.,0,0,0
WBGene00197502.,0,1,1
WBGene00197503.,0,2,2
WBGene00197504.,0,0,0
WBGene00197505.,0,0,0
WBGene00197506.,0,0,0
WBGene00197507.,0,0,0
WBGene00197508.,0,0,0
WBGene00197509.,0,2,2
WBGene00197510.,0,0,0
WBGene00197511.,0,0,0
WBGene00197512.,0,0,0
WBGene00197513.,0,0,0
WBGene00197514.,0,0,0
WBGene00197515.,0,18,18
WBGene00197516.,0,33,33
WBGene00197517.,0,0,0
WBGene00197518.,0,1,1
WBGene00197519.,0,0,0
WBGene00197520.,0,1,1
WBGene00197521.,0,2,2
WBGene00197522.,0,0,0
WBGene00197523.,0,0,0
WBGene00197524.,0,0,0
WBGene00197525.,0,3,3
WBGene00197526.,0,0,0
WBGene00197527.,0,1,1
WBGene00197528.,0,0,0
WBGene00197529.,0,1,1
WBGene00197530.,0,0,0
WBGene00197531.,0,0,0
WBGene00197532.,0,3,3
WBGene00197533.,0,1,1
WBGene00197534.,0,16,16
WBGene00197535.,0,0,0
WBGene00197536.,0,1,1
WBGene00197537.,0,0,0
WBGene00197538.,0,0,0
WBGene00197539.,0,0,0
WBGene00197540.,0,0,0
WBGene00197541.,0,3,3
WBGene00197542.,0,0,0
WBGene00197543.,0,0,0
WBGene00197544.,0,0,0
WBGene00197545.,0,0,0
WBGene00197546.,0,3,3
WBGene00197547.,0,0,0
WBGene00197548.,0,2,2
WBGene00197549.,0,0,0
WBGene00197550.,0,3,3
WBGene00197551.,0,0,0
WBGene00197552.,0,0,0
WBGene00197553.,0,0,0
WBGene00197554.,0,0,0
WBGene00197555.,0,0,0
WBGene00197556.,0,1,1
WBGene00197557.,0,0,0
WBGene00197558.,0,0,0
WBGene00197559.,0,1,1
WBGene00197560.,0,2,2
WBGene00197561.,0,0,0
WBGene00197562.,0,0,0
WBGene00197563.,0,1,1
WBGene00197564.,0,1,1
WBGene00197565.,0,0,0
WBGene00197566.,0,2,2
WBGene00197567.,0,0,0
WBGene00197568.,0,0,0
WBGene00197569.,0,0,0
WBGene00197570.,0,0,0
WBGene00197571.,0,1,1
WBGene00197572.,0,2,2
WBGene00197573.,0,0,0
WBGene00197574.,0,2,2
WBGene00197575.,0,0,0
WBGene00197576.,0,0,0
WBGene00197577.,0,9,9
WBGene00197578.,0,17,17
WBGene00197579.,0,12,12
WBGene00197580.,0,0,0
WBGene00197581.,0,0,0
WBGene00197582.,0,1,1
WBGene00197583.,0,25,25
WBGene00197584.,0,0,0
WBGene00197585.,0,2,2
WBGene00197586.,0,0,0
WBGene00197587.,0,4,4
WBGene00197588.,0,0,0
WBGene00197589.,0,0,0
WBGene00197590.,0,0,0
WBGene00197591.,0,21,21
WBGene00197592.,0,1,1
WBGene00197593.,0,0,0
WBGene00197594.,0,0,0
WBGene00197595.,0,1,1
WBGene00197596.,0,0,0
WBGene00197597.,0,9,9
WBGene00197598.,0,2,2
WBGene00197599.,0,6,6
WBGene00197600.,0,4,4
WBGene00197601.,0,6,6
WBGene00197602.,0,0,0
WBGene00197603.,0,2,2
WBGene00197604.,0,19,19
WBGene00197605.,0,0,0
WBGene00197606.,0,2,2
WBGene00197607.,0,0,0
WBGene00197608.,0,0,0
WBGene00197609.,0,12,12
WBGene00197610.,0,0,0
WBGene00197611.,0,18,18
WBGene00197612.,0,1,1
WBGene00197613.,0,0,0
WBGene00197614.,0,1,1
WBGene00197615.,0,8,8
WBGene00197616.,0,0,0
WBGene00197617.,0,0,0
WBGene00197618.,0,0,0
WBGene00197619.,0,0,0
WBGene00197620.,0,3,3
WBGene00197621.,0,1,1
WBGene00197622.,0,0,0
WBGene00197623.,0,0,0
WBGene00197624.,0,0,0
WBGene00197625.,0,6,6
WBGene00197626.,0,1,1
WBGene00197627.,0,2,2
WBGene00197628.,0,1,1
WBGene00197629.,0,0,0
WBGene00197630.,0,0,0
WBGene00197631.,0,1,1
WBGene00197632.,0,6,6
WBGene00197633.,0,22,22
WBGene00197634.,0,14,14
WBGene00197635.,0,0,0
WBGene00197636.,0,6,6
WBGene00197637.,0,0,0
WBGene00197638.,0,0,0
WBGene00197639.,0,0,0
WBGene00197640.,0,0,0
WBGene00197641.,0,2,2
WBGene00197642.,0,4,4
WBGene00197643.,0,0,0
WBGene00197644.,0,1,1
WBGene00197645.,0,0,0
WBGene00197646.,0,1,1
WBGene00197647.,0,14,14
WBGene00197648.,0,2,2
WBGene00197649.,0,4,4
WBGene00197650.,0,2,2
WBGene00197651.,0,0,0
WBGene00197652.,0,2,2
WBGene00197653.,0,0,0
WBGene00197654.,0,0,0
WBGene00197655.,0,0,0
WBGene00197656.,0,1,1
WBGene00197657.,0,6,6
WBGene00197658.,0,0,0
WBGene00197659.,0,0,0
WBGene00197660.,0,1,1
WBGene00197661.,0,4,4
WBGene00197662.,0,0,0
WBGene00197663.,0,0,0
WBGene00197664.,0,0,0
WBGene00197665.,0,1,1
WBGene00197666.,0,0,0
WBGene00197667.,0,3,3
WBGene00197668.,0,0,0
WBGene00197669.,0,3,3
WBGene00197670.,0,17,17
WBGene00197671.,0,5,5
WBGene00197672.,0,0,0
WBGene00197673.,0,0,0
WBGene00197674.,0,0,0
WBGene00197675.,0,1,1
WBGene00197676.,0,0,0
WBGene00197677.,0,0,0
WBGene00197678.,0,1,1
WBGene00197679.,0,9,9
WBGene00197680.,0,0,0
WBGene00197681.,0,0,0
WBGene00197682.,0,0,0
WBGene00197683.,0,0,0
WBGene00197684.,0,1,1
WBGene00197685.,0,0,0
WBGene00197686.,0,29,29
WBGene00197687.,0,4,4
WBGene00197688.,0,0,0
WBGene00197689.,0,0,0
WBGene00197690.,0,0,0
WBGene00197691.,0,21,21
WBGene00197692.,0,0,0
WBGene00197693.,0,0,0
WBGene00197694.,0,5,5
WBGene00197695.,0,1,1
WBGene00197696.,0,0,0
WBGene00197697.,0,0,0
WBGene00197698.,0,15,15
WBGene00197699.,0,1,1
WBGene00197700.,0,0,0
WBGene00197701.,0,4,4
WBGene00197702.,0,1,1
WBGene00197703.,0,0,0
WBGene00197704.,0,0,0
WBGene00197705.,0,1,1
WBGene00197706.,0,3,3
WBGene00197707.,0,0,0
WBGene00197708.,0,0,0
WBGene00197709.,0,9,9
WBGene00197710.,0,13,13
WBGene00197711.,0,0,0
WBGene00197712.,0,5,5
WBGene00197713.,0,2,2
WBGene00197714.,0,0,0
WBGene00197715.,0,2,2
WBGene00197716.,0,3,3
WBGene00197717.,0,3,3
WBGene00197718.,0,0,0
WBGene00197719.,0,0,0
WBGene00197720.,0,0,0
WBGene00197721.,0,1,1
WBGene00197722.,0,0,0
WBGene00197723.,0,0,0
WBGene00197724.,0,8,8
WBGene00197725.,0,1,1
WBGene00197726.,0,7,7
WBGene00197727.,0,0,0
WBGene00197728.,0,3,3
WBGene00197729.,0,0,0
WBGene00197730.,0,0,0
WBGene00197731.,0,0,0
WBGene00197732.,0,3,3
WBGene00197733.,0,0,0
WBGene00197734.,0,0,0
WBGene00197735.,0,0,0
WBGene00197736.,0,0,0
WBGene00197737.,0,0,0
WBGene00197738.,0,0,0
WBGene00197739.,0,2,2
WBGene00197740.,0,0,0
WBGene00197741.,0,0,0
WBGene00197742.,0,1,1
WBGene00197743.,0,0,0
WBGene00197744.,0,0,0
WBGene00197745.,0,0,0
WBGene00197746.,0,1,1
WBGene00197747.,0,0,0
WBGene00197748.,0,0,0
WBGene00197749.,0,0,0
WBGene00197750.,0,3,3
WBGene00197751.,0,0,0
WBGene00197752.,0,3,3
WBGene00197753.,0,3,3
WBGene00197754.,0,0,0
WBGene00197755.,0,5,5
WBGene00197756.,0,1,1
WBGene00197757.,0,2,2
WBGene00197758.,0,2,2
WBGene00197759.,0,1,1
WBGene00197760.,0,2,2
WBGene00197761.,0,1,1
WBGene00197762.,0,0,0
WBGene00197763.,0,1,1
WBGene00197764.,0,0,0
WBGene00197765.,0,0,0
WBGene00197766.,0,5,5
WBGene00197767.,0,0,0
WBGene00197768.,0,0,0
WBGene00197769.,0,10,10
WBGene00197770.,0,2,2
WBGene00197771.,0,0,0
WBGene00197772.,0,0,0
WBGene00197773.,0,1,1
WBGene00197774.,0,0,0
WBGene00197775.,0,9,9
WBGene00197776.,0,0,0
WBGene00197777.,0,0,0
WBGene00197778.,0,0,0
WBGene00197779.,0,2,2
WBGene00197780.,0,0,0
WBGene00197781.,0,0,0
WBGene00197782.,0,2,2
WBGene00197783.,0,1,1
WBGene00197784.,0,0,0
WBGene00197785.,0,1,1
WBGene00197786.,0,0,0
WBGene00197787.,0,1,1
WBGene00197788.,0,0,0
WBGene00197789.,0,0,0
WBGene00197790.,0,0,0
WBGene00197791.,0,2,2
WBGene00197792.,0,0,0
WBGene00197793.,0,10,10
WBGene00197794.,0,0,0
WBGene00197795.,0,0,0
WBGene00197796.,0,1,1
WBGene00197797.,0,0,0
WBGene00197798.,0,0,0
WBGene00197799.,0,0,0
WBGene00197800.,0,8,8
WBGene00197801.,0,0,0
WBGene00197802.,0,0,0
WBGene00197803.,0,110,110
WBGene00197804.,0,0,0
WBGene00197805.,0,1,1
WBGene00197806.,0,0,0
WBGene00197807.,0,0,0
WBGene00197808.,0,0,0
WBGene00197809.,0,0,0
WBGene00197810.,0,0,0
WBGene00197811.,0,2,2
WBGene00197812.,0,2,2
WBGene00197813.,0,1,1
WBGene00197814.,0,0,0
WBGene00197815.,0,0,0
WBGene00197816.,0,0,0
WBGene00197817.,0,0,0
WBGene00197818.,0,4,4
WBGene00197819.,0,0,0
WBGene00197820.,0,0,0
WBGene00197821.,0,1,1
WBGene00197822.,0,0,0
WBGene00197823.,0,0,0
WBGene00197824.,0,0,0
WBGene00197825.,0,1,1
WBGene00197826.,0,0,0
WBGene00197827.,0,0,0
WBGene00197828.,0,0,0
WBGene00197829.,0,1,1
WBGene00197830.,0,0,0
WBGene00197831.,0,0,0
WBGene00197832.,0,0,0
WBGene00197833.,0,0,0
WBGene00197834.,0,3,3
WBGene00197835.,0,0,0
WBGene00197836.,0,8,8
WBGene00197837.,0,0,0
WBGene00197838.,0,0,0
WBGene00197839.,0,0,0
WBGene00197840.,0,2,2
WBGene00197841.,0,0,0
WBGene00197842.,0,0,0
WBGene00197843.,0,0,0
WBGene00197844.,0,0,0
WBGene00197845.,0,7,7
WBGene00197846.,0,1,1
WBGene00197847.,0,0,0
WBGene00197848.,0,1,1
WBGene00197849.,0,0,0
WBGene00197850.,0,6,6
WBGene00197851.,0,0,0
WBGene00197852.,0,1,1
WBGene00197853.,0,3,3
WBGene00197854.,0,12,12
WBGene00197855.,0,1,1
WBGene00197856.,0,1,1
WBGene00197857.,0,14,14
WBGene00197858.,0,0,0
WBGene00197859.,0,2,2
WBGene00197860.,0,1,1
WBGene00197861.,0,0,0
WBGene00197862.,0,0,0
WBGene00197863.,0,0,0
WBGene00197864.,0,1,1
WBGene00197865.,0,1,1
WBGene00197866.,0,0,0
WBGene00197867.,0,0,0
WBGene00197868.,0,4,4
WBGene00197869.,0,0,0
WBGene00197870.,0,0,0
WBGene00197871.,0,0,0
WBGene00197872.,0,1,1
WBGene00197873.,0,55,55
WBGene00197874.,0,3,3
WBGene00197875.,0,3,3
WBGene00197876.,0,1,1
WBGene00197877.,0,0,0
WBGene00197878.,0,0,0
WBGene00197879.,0,10,10
WBGene00197880.,0,3,3
WBGene00197881.,0,0,0
WBGene00197882.,0,0,0
WBGene00197883.,0,26,26
WBGene00197884.,0,8,8
WBGene00197885.,0,2,2
WBGene00197886.,0,0,0
WBGene00197887.,0,3,3
WBGene00197888.,0,0,0
WBGene00197889.,0,4,4
WBGene00197890.,0,1,1
WBGene00197891.,0,0,0
WBGene00197892.,0,2,2
WBGene00197893.,0,0,0
WBGene00197894.,0,0,0
WBGene00197895.,0,0,0
WBGene00197896.,0,6,6
WBGene00197897.,0,0,0
WBGene00197898.,0,2,2
WBGene00197899.,0,10,10
WBGene00197900.,0,0,0
WBGene00197901.,0,0,0
WBGene00197902.,0,0,0
WBGene00197903.,0,1,1
WBGene00197904.,0,0,0
WBGene00197905.,0,2,2
WBGene00197906.,0,72,72
WBGene00197907.,0,0,0
WBGene00197908.,0,0,0
WBGene00197909.,0,4,4
WBGene00197910.,0,0,0
WBGene00197911.,0,0,0
WBGene00197912.,0,4,4
WBGene00197913.,0,0,0
WBGene00197914.,0,5,5
WBGene00197915.,0,0,0
WBGene00197916.,0,0,0
WBGene00197917.,0,0,0
WBGene00197918.,0,0,0
WBGene00197919.,0,0,0
WBGene00197920.,0,6,6
WBGene00197921.,0,69,69
WBGene00197922.,0,0,0
WBGene00197923.,0,6,6
WBGene00197924.,0,1,1
WBGene00197925.,0,1,1
WBGene00197926.,0,0,0
WBGene00197927.,0,2,2
WBGene00197928.,0,1,1
WBGene00197929.,0,0,0
WBGene00197930.,0,0,0
WBGene00197931.,0,0,0
WBGene00197932.,0,0,0
WBGene00197933.,0,0,0
WBGene00197934.,0,57,57
WBGene00197935.,0,2,2
WBGene00197936.,0,0,0
WBGene00197937.,0,0,0
WBGene00197938.,0,2,2
WBGene00197939.,0,0,0
WBGene00197940.,0,0,0
WBGene00197941.,0,1,1
WBGene00197942.,0,1,1
WBGene00197943.,0,0,0
WBGene00197944.,0,24,24
WBGene00197945.,0,0,0
WBGene00197946.,0,0,0
WBGene00197947.,0,0,0
WBGene00197948.,0,0,0
WBGene00197949.,0,1,1
WBGene00197950.,0,0,0
WBGene00197951.,0,0,0
WBGene00197952.,0,1,1
WBGene00197953.,0,1,1
WBGene00197954.,0,0,0
WBGene00197955.,0,1,1
WBGene00197956.,0,1,1
WBGene00197957.,0,7,7
WBGene00197958.,0,2,2
WBGene00197959.,0,6,6
WBGene00197960.,0,1,1
WBGene00197961.,0,0,0
WBGene00197962.,0,0,0
WBGene00197963.,0,0,0
WBGene00197964.,0,0,0
WBGene00197965.,0,2,2
WBGene00197966.,0,0,0
WBGene00197967.,0,1,1
WBGene00197968.,0,0,0
WBGene00197969.,0,4,4
WBGene00197970.,0,4,4
WBGene00197971.,0,22,22
WBGene00197972.,0,0,0
WBGene00197973.,0,7,7
WBGene00197974.,0,0,0
WBGene00197975.,0,1,1
WBGene00197976.,0,9,9
WBGene00197977.,0,0,0
WBGene00197978.,0,1,1
WBGene00197979.,0,1,1
WBGene00197980.,0,0,0
WBGene00197981.,0,0,0
WBGene00197982.,0,0,0
WBGene00197983.,0,8,8
WBGene00197984.,0,3,3
WBGene00197985.,0,0,0
WBGene00197986.,0,0,0
WBGene00197987.,0,5,5
WBGene00197988.,0,0,0
WBGene00197989.,0,2,2
WBGene00197990.,0,0,0
WBGene00197991.,0,7,7
WBGene00197992.,0,0,0
WBGene00197993.,0,0,0
WBGene00197994.,0,0,0
WBGene00197995.,0,4,4
WBGene00197996.,0,0,0
WBGene00197997.,0,1,1
WBGene00197998.,0,0,0
WBGene00197999.,0,0,0
WBGene00198000.,0,5,5
WBGene00198001.,0,0,0
WBGene00198002.,0,0,0
WBGene00198003.,0,1,1
WBGene00198004.,0,1,1
WBGene00198005.,0,0,0
WBGene00198006.,0,0,0
WBGene00198007.,0,0,0
WBGene00198008.,0,1,1
WBGene00198009.,0,0,0
WBGene00198010.,0,0,0
WBGene00198011.,0,0,0
WBGene00198012.,0,0,0
WBGene00198013.,0,0,0
WBGene00198014.,0,14,14
WBGene00198015.,0,0,0
WBGene00198016.,0,0,0
WBGene00198017.,0,2,2
WBGene00198018.,0,0,0
WBGene00198019.,0,1,1
WBGene00198020.,0,2,2
WBGene00198021.,0,2,2
WBGene00198022.,0,0,0
WBGene00198023.,0,1,1
WBGene00198024.,0,0,0
WBGene00198025.,0,6,6
WBGene00198026.,0,0,0
WBGene00198027.,0,0,0
WBGene00198028.,0,0,0
WBGene00198029.,0,1,1
WBGene00198030.,0,0,0
WBGene00198031.,0,0,0
WBGene00198032.,0,0,0
WBGene00198033.,0,0,0
WBGene00198034.,0,0,0
WBGene00198035.,0,0,0
WBGene00198036.,0,0,0
WBGene00198037.,0,0,0
WBGene00198038.,0,0,0
WBGene00198039.,0,0,0
WBGene00198040.,0,2,2
WBGene00198041.,0,0,0
WBGene00198042.,0,4,4
WBGene00198043.,0,0,0
WBGene00198044.,0,0,0
WBGene00198045.,0,0,0
WBGene00198046.,0,0,0
WBGene00198047.,0,11,11
WBGene00198048.,0,1,1
WBGene00198049.,0,0,0
WBGene00198050.,0,0,0
WBGene00198051.,0,0,0
WBGene00198052.,0,0,0
WBGene00198053.,0,3,3
WBGene00198054.,0,0,0
WBGene00198055.,0,0,0
WBGene00198056.,0,4,4
WBGene00198057.,0,4,4
WBGene00198058.,0,1,1
WBGene00198059.,0,0,0
WBGene00198060.,0,0,0
WBGene00198061.,0,2,2
WBGene00198062.,0,1,1
WBGene00198063.,0,0,0
WBGene00198064.,0,1,1
WBGene00198065.,0,0,0
WBGene00198066.,0,0,0
WBGene00198067.,0,0,0
WBGene00198068.,0,2,2
WBGene00198069.,0,3,3
WBGene00198070.,0,0,0
WBGene00198071.,0,0,0
WBGene00198072.,0,0,0
WBGene00198073.,0,0,0
WBGene00198074.,0,0,0
WBGene00198075.,0,58,58
WBGene00198076.,0,2,2
WBGene00198077.,0,0,0
WBGene00198078.,0,0,0
WBGene00198079.,0,0,0
WBGene00198080.,0,0,0
WBGene00198081.,0,5,5
WBGene00198082.,0,0,0
WBGene00198083.,0,0,0
WBGene00198084.,0,0,0
WBGene00198085.,0,0,0
WBGene00198086.,0,0,0
WBGene00198087.,0,0,0
WBGene00198088.,0,2,2
WBGene00198089.,0,0,0
WBGene00198090.,0,2,2
WBGene00198091.,0,6,6
WBGene00198092.,0,3,3
WBGene00198093.,0,2,2
WBGene00198094.,0,4,4
WBGene00198095.,0,0,0
WBGene00198096.,0,1,1
WBGene00198097.,0,0,0
WBGene00198098.,0,0,0
WBGene00198099.,0,0,0
WBGene00198100.,0,0,0
WBGene00198101.,0,1,1
WBGene00198102.,0,0,0
WBGene00198103.,0,0,0
WBGene00198104.,0,9,9
WBGene00198105.,0,1,1
WBGene00198106.,0,0,0
WBGene00198107.,0,0,0
WBGene00198108.,0,0,0
WBGene00198109.,0,0,0
WBGene00198110.,0,1,1
WBGene00198111.,0,3,3
WBGene00198112.,0,2,2
WBGene00198113.,0,0,0
WBGene00198114.,0,0,0
WBGene00198115.,0,0,0
WBGene00198116.,0,0,0
WBGene00198117.,0,2,2
WBGene00198118.,0,2,2
WBGene00198119.,0,0,0
WBGene00198120.,0,0,0
WBGene00198121.,0,0,0
WBGene00198122.,0,21,21
WBGene00198123.,0,0,0
WBGene00198124.,0,6,6
WBGene00198125.,0,0,0
WBGene00198126.,0,2,2
WBGene00198127.,0,1,1
WBGene00198128.,0,0,0
WBGene00198129.,0,0,0
WBGene00198130.,0,1,1
WBGene00198131.,0,10,10
WBGene00198132.,0,4,4
WBGene00198133.,0,1,1
WBGene00198134.,0,4,4
WBGene00198135.,0,8,8
WBGene00198136.,0,3,3
WBGene00198137.,0,0,0
WBGene00198138.,0,8,8
WBGene00198139.,0,0,0
WBGene00198140.,0,0,0
WBGene00198141.,0,6,6
WBGene00198142.,0,12,12
WBGene00198143.,0,2,2
WBGene00198144.,0,0,0
WBGene00198145.,0,0,0
WBGene00198146.,0,0,0
WBGene00198147.,0,0,0
WBGene00198148.,0,0,0
WBGene00198149.,0,5,5
WBGene00198150.,0,2,2
WBGene00198151.,0,0,0
WBGene00198152.,0,1,1
WBGene00198153.,0,2,2
WBGene00198154.,0,1,1
WBGene00198155.,0,0,0
WBGene00198156.,0,0,0
WBGene00198157.,0,1,1
WBGene00198158.,0,1,1
WBGene00198159.,0,2,2
WBGene00198160.,0,2,2
WBGene00198161.,0,0,0
WBGene00198162.,0,3,3
WBGene00198163.,0,0,0
WBGene00198164.,0,0,0
WBGene00198165.,0,0,0
WBGene00198166.,0,1,1
WBGene00198167.,0,0,0
WBGene00198168.,0,0,0
WBGene00198169.,0,3,3
WBGene00198170.,0,0,0
WBGene00198171.,0,7,7
WBGene00198172.,0,0,0
WBGene00198173.,0,5,5
WBGene00198174.,0,37,37
WBGene00198175.,0,1,1
WBGene00198176.,0,0,0
WBGene00198177.,0,0,0
WBGene00198178.,0,0,0
WBGene00198179.,0,0,0
WBGene00198180.,0,0,0
WBGene00198181.,0,1,1
WBGene00198182.,0,6,6
WBGene00198183.,0,1,1
WBGene00198184.,0,6,6
WBGene00198185.,0,0,0
WBGene00198186.,0,0,0
WBGene00198187.,0,0,0
WBGene00198188.,0,0,0
WBGene00198189.,0,0,0
WBGene00198190.,0,3,3
WBGene00198191.,0,0,0
WBGene00198192.,0,0,0
WBGene00198193.,0,0,0
WBGene00198194.,0,1,1
WBGene00198195.,0,1,1
WBGene00198196.,0,1,1
WBGene00198197.,0,0,0
WBGene00198198.,0,1,1
WBGene00198199.,0,0,0
WBGene00198200.,0,0,0
WBGene00198201.,0,0,0
WBGene00198202.,0,0,0
WBGene00198203.,0,0,0
WBGene00198204.,0,0,0
WBGene00198205.,0,0,0
WBGene00198206.,0,1,1
WBGene00198207.,0,0,0
WBGene00198208.,0,0,0
WBGene00198209.,0,8,8
WBGene00198210.,0,3,3
WBGene00198211.,0,1,1
WBGene00198212.,0,0,0
WBGene00198213.,0,23,23
WBGene00198214.,0,2,2
WBGene00198215.,0,4,4
WBGene00198216.,0,3,3
WBGene00198217.,0,1,1
WBGene00198218.,0,1,1
WBGene00198219.,0,0,0
WBGene00198220.,0,0,0
WBGene00198221.,0,0,0
WBGene00198222.,0,0,0
WBGene00198223.,0,1,1
WBGene00198224.,0,0,0
WBGene00198225.,0,39,39
WBGene00198226.,0,6,6
WBGene00198227.,0,0,0
WBGene00198228.,0,8,8
WBGene00198229.,0,0,0
WBGene00198230.,0,0,0
WBGene00198231.,0,0,0
WBGene00198232.,0,2,2
WBGene00198233.,0,0,0
WBGene00198234.,0,5,5
WBGene00198235.,0,1,1
WBGene00198236.,0,6,6
WBGene00198237.,0,0,0
WBGene00198238.,0,0,0
WBGene00198239.,0,0,0
WBGene00198240.,0,0,0
WBGene00198241.,0,6,6
WBGene00198242.,0,21,21
WBGene00198243.,0,0,0
WBGene00198244.,0,13,13
WBGene00198245.,0,0,0
WBGene00198246.,0,7,7
WBGene00198247.,0,4,4
WBGene00198248.,0,1,1
WBGene00198249.,0,0,0
WBGene00198250.,0,0,0
WBGene00198251.,0,0,0
WBGene00198252.,0,0,0
WBGene00198253.,0,0,0
WBGene00198254.,0,0,0
WBGene00198255.,0,0,0
WBGene00198256.,0,1,1
WBGene00198257.,0,7,7
WBGene00198258.,0,15,15
WBGene00198259.,0,0,0
WBGene00198260.,0,0,0
WBGene00198261.,0,0,0
WBGene00198262.,0,14,14
WBGene00198263.,0,1,1
WBGene00198264.,0,2,2
WBGene00198265.,0,0,0
WBGene00198266.,0,0,0
WBGene00198267.,0,0,0
WBGene00198268.,0,4,4
WBGene00198269.,0,2,2
WBGene00198270.,0,3,3
WBGene00198271.,0,0,0
WBGene00198272.,0,0,0
WBGene00198273.,0,0,0
WBGene00198274.,0,0,0
WBGene00198275.,0,0,0
WBGene00198276.,0,0,0
WBGene00198277.,0,29,29
WBGene00198278.,0,7,7
WBGene00198279.,0,0,0
WBGene00198280.,0,2,2
WBGene00198281.,0,0,0
WBGene00198282.,0,0,0
WBGene00198283.,0,2,2
WBGene00198284.,0,0,0
WBGene00198285.,0,0,0
WBGene00198286.,0,1,1
WBGene00198287.,0,13,13
WBGene00198288.,0,0,0
WBGene00198289.,0,1,1
WBGene00198290.,0,6,6
WBGene00198291.,0,0,0
WBGene00198292.,0,5,5
WBGene00198293.,0,0,0
WBGene00198294.,0,0,0
WBGene00198295.,0,0,0
WBGene00198296.,0,0,0
WBGene00198297.,0,0,0
WBGene00198298.,0,1,1
WBGene00198299.,0,0,0
WBGene00198300.,0,104,104
WBGene00198301.,0,1,1
WBGene00198302.,0,0,0
WBGene00198303.,0,6,6
WBGene00198304.,0,1,1
WBGene00198305.,0,0,0
WBGene00198306.,0,1,1
WBGene00198307.,0,46,46
WBGene00198308.,0,3,3
WBGene00198309.,0,1,1
WBGene00198310.,0,2,2
WBGene00198311.,0,6,6
WBGene00198312.,0,7,7
WBGene00198313.,0,0,0
WBGene00198314.,0,0,0
WBGene00198315.,0,15,15
WBGene00198316.,0,1,1
WBGene00198317.,0,0,0
WBGene00198318.,0,0,0
WBGene00198319.,0,2,2
WBGene00198320.,0,11,11
WBGene00198321.,0,2,2
WBGene00198322.,0,0,0
WBGene00198323.,0,0,0
WBGene00198324.,0,0,0
WBGene00198325.,0,0,0
WBGene00198326.,0,11,11
WBGene00198327.,0,0,0
WBGene00198328.,0,0,0
WBGene00198329.,0,0,0
WBGene00198330.,0,0,0
WBGene00198331.,0,2,2
WBGene00198332.,0,1,1
WBGene00198333.,0,0,0
WBGene00198334.,0,0,0
WBGene00198335.,0,0,0
WBGene00198336.,0,0,0
WBGene00198337.,0,0,0
WBGene00198338.,0,1,1
WBGene00198339.,0,0,0
WBGene00198340.,0,1,1
WBGene00198341.,0,12,12
WBGene00198342.,0,0,0
WBGene00198343.,0,0,0
WBGene00198344.,0,2,2
WBGene00198345.,0,0,0
WBGene00198346.,0,2,2
WBGene00198347.,0,0,0
WBGene00198348.,0,12,12
WBGene00198349.,0,1,1
WBGene00198350.,0,2,2
WBGene00198351.,0,0,0
WBGene00198352.,0,0,0
WBGene00198353.,0,0,0
WBGene00198354.,0,1,1
WBGene00198355.,0,4,4
WBGene00198356.,0,2,2
WBGene00198357.,0,0,0
WBGene00198358.,0,0,0
WBGene00198359.,0,0,0
WBGene00198360.,0,0,0
WBGene00198361.,0,2,2
WBGene00198362.,0,1,1
WBGene00198363.,0,0,0
WBGene00198364.,0,0,0
WBGene00198365.,0,1,1
WBGene00198366.,0,0,0
WBGene00198367.,0,2,2
WBGene00198368.,0,41,41
WBGene00198369.,0,0,0
WBGene00198370.,0,3,3
WBGene00198371.,0,0,0
WBGene00198372.,0,1,1
WBGene00198373.,0,1,1
WBGene00198374.,0,0,0
WBGene00198375.,0,0,0
WBGene00198376.,0,0,0
WBGene00198377.,0,0,0
WBGene00198378.,0,0,0
WBGene00198379.,0,5,5
WBGene00198380.,0,1,1
WBGene00198381.,0,3,3
WBGene00198382.,0,0,0
WBGene00198383.,0,0,0
WBGene00198384.,0,0,0
WBGene00198385.,0,7,7
WBGene00198386.,0,10,10
WBGene00198387.,0,8,8
WBGene00198388.,0,0,0
WBGene00198389.,0,0,0
WBGene00198390.,0,0,0
WBGene00198391.,0,2,2
WBGene00198392.,0,0,0
WBGene00198393.,0,1,1
WBGene00198394.,0,3,3
WBGene00198395.,0,1,1
WBGene00198396.,0,1,1
WBGene00198397.,0,0,0
WBGene00198398.,0,2,2
WBGene00198399.,0,7,7
WBGene00198400.,0,0,0
WBGene00198401.,0,1,1
WBGene00198402.,0,5,5
WBGene00198403.,0,3,3
WBGene00198404.,0,4,4
WBGene00198405.,0,0,0
WBGene00198406.,0,2,2
WBGene00198407.,0,0,0
WBGene00198408.,0,0,0
WBGene00198409.,0,0,0
WBGene00198410.,0,0,0
WBGene00198411.,0,0,0
WBGene00198412.,0,0,0
WBGene00198413.,0,1,1
WBGene00198414.,0,6,6
WBGene00198415.,0,0,0
WBGene00198416.,0,0,0
WBGene00198417.,0,0,0
WBGene00198418.,0,0,0
WBGene00198419.,0,4,4
WBGene00198420.,0,0,0
WBGene00198421.,0,0,0
WBGene00198422.,0,0,0
WBGene00198423.,0,2,2
WBGene00198424.,0,0,0
WBGene00198425.,0,0,0
WBGene00198426.,0,29,29
WBGene00198427.,0,0,0
WBGene00198428.,0,3,3
WBGene00198429.,0,3,3
WBGene00198430.,0,1,1
WBGene00198431.,0,4,4
WBGene00198432.,0,0,0
WBGene00198433.,0,6,6
WBGene00198434.,0,0,0
WBGene00198435.,0,2,2
WBGene00198436.,0,3,3
WBGene00198437.,0,3,3
WBGene00198438.,0,2,2
WBGene00198439.,0,0,0
WBGene00198440.,0,1,1
WBGene00198441.,0,10,10
WBGene00198442.,0,0,0
WBGene00198443.,0,0,0
WBGene00198444.,0,0,0
WBGene00198445.,0,0,0
WBGene00198446.,0,0,0
WBGene00198447.,0,0,0
WBGene00198448.,0,0,0
WBGene00198449.,0,0,0
WBGene00198450.,0,4,4
WBGene00198451.,0,0,0
WBGene00198452.,0,0,0
WBGene00198453.,0,2,2
WBGene00198454.,0,0,0
WBGene00198455.,0,0,0
WBGene00198456.,0,3,3
WBGene00198457.,0,4,4
WBGene00198458.,0,0,0
WBGene00198459.,0,0,0
WBGene00198460.,0,1,1
WBGene00198461.,0,0,0
WBGene00198462.,0,0,0
WBGene00198463.,0,0,0
WBGene00198464.,0,0,0
WBGene00198465.,0,1,1
WBGene00198466.,0,28,28
WBGene00198467.,0,5,5
WBGene00198468.,0,0,0
WBGene00198469.,0,0,0
WBGene00198470.,0,0,0
WBGene00198471.,0,0,0
WBGene00198472.,0,13,13
WBGene00198473.,0,0,0
WBGene00198474.,0,1,1
WBGene00198475.,0,3,3
WBGene00198476.,0,2,2
WBGene00198477.,0,0,0
WBGene00198478.,0,0,0
WBGene00198479.,0,0,0
WBGene00198480.,0,0,0
WBGene00198481.,0,0,0
WBGene00198482.,0,0,0
WBGene00198483.,0,0,0
WBGene00198484.,0,0,0
WBGene00198485.,0,14,14
WBGene00198486.,0,1,1
WBGene00198487.,0,1,1
WBGene00198488.,0,0,0
WBGene00198489.,0,1,1
WBGene00198490.,0,3,3
WBGene00198491.,0,6,6
WBGene00198492.,0,2,2
WBGene00198493.,0,0,0
WBGene00198494.,0,0,0
WBGene00198495.,0,3,3
WBGene00198496.,0,1,1
WBGene00198497.,0,1,1
WBGene00198498.,0,0,0
WBGene00198499.,0,2,2
WBGene00198500.,0,3,3
WBGene00198501.,0,0,0
WBGene00198502.,0,0,0
WBGene00198503.,0,0,0
WBGene00198504.,0,1,1
WBGene00198505.,0,0,0
WBGene00198506.,0,0,0
WBGene00198507.,0,0,0
WBGene00198508.,0,0,0
WBGene00198509.,0,0,0
WBGene00198510.,0,0,0
WBGene00198511.,0,0,0
WBGene00198512.,0,8,8
WBGene00198513.,0,0,0
WBGene00198514.,0,0,0
WBGene00198515.,0,1,1
WBGene00198516.,0,1,1
WBGene00198517.,0,0,0
WBGene00198518.,0,0,0
WBGene00198519.,0,2,2
WBGene00198520.,0,1,1
WBGene00198521.,0,0,0
WBGene00198522.,0,1,1
WBGene00198523.,0,0,0
WBGene00198524.,0,1,1
WBGene00198525.,0,2,2
WBGene00198526.,0,3,3
WBGene00198527.,0,0,0
WBGene00198528.,0,1,1
WBGene00198529.,0,4,4
WBGene00198530.,0,12,12
WBGene00198531.,0,0,0
WBGene00198532.,0,0,0
WBGene00198533.,0,0,0
WBGene00198534.,0,5,5
WBGene00198535.,0,1,1
WBGene00198536.,0,1,1
WBGene00198537.,0,0,0
WBGene00198538.,0,0,0
WBGene00198539.,0,1,1
WBGene00198540.,0,5,5
WBGene00198541.,0,5,5
WBGene00198542.,0,1,1
WBGene00198543.,0,1,1
WBGene00198544.,0,0,0
WBGene00198545.,0,0,0
WBGene00198546.,0,1,1
WBGene00198547.,0,0,0
WBGene00198548.,0,0,0
WBGene00198549.,0,2,2
WBGene00198550.,0,2,2
WBGene00198551.,0,0,0
WBGene00198552.,0,0,0
WBGene00198553.,0,0,0
WBGene00198554.,0,2,2
WBGene00198555.,0,0,0
WBGene00198556.,0,0,0
WBGene00198557.,0,2,2
WBGene00198558.,0,3,3
WBGene00198559.,0,0,0
WBGene00198560.,0,0,0
WBGene00198561.,0,0,0
WBGene00198562.,0,0,0
WBGene00198563.,0,9,9
WBGene00198564.,0,1,1
WBGene00198565.,0,3,3
WBGene00198566.,0,0,0
WBGene00198567.,0,0,0
WBGene00198568.,0,3,3
WBGene00198569.,0,0,0
WBGene00198570.,0,0,0
WBGene00198571.,0,0,0
WBGene00198572.,0,0,0
WBGene00198573.,0,0,0
WBGene00198574.,0,0,0
WBGene00198575.,0,14,14
WBGene00198576.,0,5,5
WBGene00198577.,0,0,0
WBGene00198578.,0,0,0
WBGene00198579.,0,0,0
WBGene00198580.,0,1,1
WBGene00198581.,0,0,0
WBGene00198582.,0,1,1
WBGene00198583.,0,1,1
WBGene00198584.,0,1,1
WBGene00198585.,0,2,2
WBGene00198586.,0,1,1
WBGene00198587.,0,0,0
WBGene00198588.,0,0,0
WBGene00198589.,0,3,3
WBGene00198590.,0,0,0
WBGene00198591.,0,2,2
WBGene00198592.,0,0,0
WBGene00198593.,0,0,0
WBGene00198594.,0,0,0
WBGene00198595.,0,0,0
WBGene00198596.,0,6,6
WBGene00198597.,0,0,0
WBGene00198598.,0,7,7
WBGene00198599.,0,13,13
WBGene00198600.,0,1,1
WBGene00198601.,0,0,0
WBGene00198602.,0,1,1
WBGene00198603.,0,0,0
WBGene00198604.,0,1,1
WBGene00198605.,0,0,0
WBGene00198606.,0,0,0
WBGene00198607.,0,1,1
WBGene00198608.,0,14,14
WBGene00198609.,0,0,0
WBGene00198610.,0,0,0
WBGene00198611.,0,0,0
WBGene00198612.,0,0,0
WBGene00198613.,0,0,0
WBGene00198614.,0,0,0
WBGene00198615.,0,1,1
WBGene00198616.,0,0,0
WBGene00198617.,0,0,0
WBGene00198618.,0,0,0
WBGene00198619.,0,0,0
WBGene00198620.,0,0,0
WBGene00198621.,0,7,7
WBGene00198622.,0,0,0
WBGene00198623.,0,0,0
WBGene00198624.,0,0,0
WBGene00198625.,0,0,0
WBGene00198626.,0,0,0
WBGene00198627.,0,0,0
WBGene00198628.,0,0,0
WBGene00198629.,0,5,5
WBGene00198630.,0,0,0
WBGene00198631.,0,1,1
WBGene00198632.,0,1,1
WBGene00198633.,0,7,7
WBGene00198634.,0,39,39
WBGene00198635.,0,0,0
WBGene00198636.,0,0,0
WBGene00198637.,0,0,0
WBGene00198638.,0,0,0
WBGene00198639.,0,4,4
WBGene00198640.,0,2,2
WBGene00198641.,0,17,17
WBGene00198642.,0,110,110
WBGene00198643.,0,3,3
WBGene00198644.,0,1,1
WBGene00198645.,0,1,1
WBGene00198646.,0,1,1
WBGene00198647.,0,0,0
WBGene00198648.,0,1,1
WBGene00198649.,0,4,4
WBGene00198650.,0,0,0
WBGene00198651.,0,1,1
WBGene00198652.,0,0,0
WBGene00198653.,0,1,1
WBGene00198654.,0,0,0
WBGene00198655.,0,0,0
WBGene00198656.,0,0,0
WBGene00198657.,0,0,0
WBGene00198658.,0,1,1
WBGene00198659.,0,0,0
WBGene00198660.,0,0,0
WBGene00198661.,0,1,1
WBGene00198662.,0,6,6
WBGene00198663.,0,3,3
WBGene00198664.,0,7,7
WBGene00198665.,0,0,0
WBGene00198666.,0,0,0
WBGene00198667.,0,0,0
WBGene00198668.,0,4,4
WBGene00198669.,0,2,2
WBGene00198670.,0,0,0
WBGene00198671.,0,3,3
WBGene00198672.,0,1,1
WBGene00198673.,0,0,0
WBGene00198674.,0,7,7
WBGene00198675.,0,0,0
WBGene00198676.,0,0,0
WBGene00198677.,0,1,1
WBGene00198678.,0,1,1
WBGene00198679.,0,10,10
WBGene00198680.,0,1,1
WBGene00198681.,0,1,1
WBGene00198682.,0,0,0
WBGene00198683.,0,1,1
WBGene00198684.,0,1,1
WBGene00198685.,0,1,1
WBGene00198686.,0,11,11
WBGene00198687.,0,0,0
WBGene00198688.,0,2,2
WBGene00198689.,0,1,1
WBGene00198690.,0,0,0
WBGene00198691.,0,1,1
WBGene00198692.,0,6,6
WBGene00198693.,0,0,0
WBGene00198694.,0,0,0
WBGene00198695.,0,0,0
WBGene00198696.,0,4,4
WBGene00198697.,0,7,7
WBGene00198698.,0,0,0
WBGene00198699.,0,0,0
WBGene00198700.,0,0,0
WBGene00198701.,0,0,0
WBGene00198702.,0,0,0
WBGene00198703.,0,4,4
WBGene00198704.,0,1,1
WBGene00198705.,0,0,0
WBGene00198706.,0,0,0
WBGene00198707.,0,0,0
WBGene00198708.,0,0,0
WBGene00198709.,0,17,17
WBGene00198710.,0,0,0
WBGene00198711.,0,0,0
WBGene00198712.,0,1,1
WBGene00198713.,0,6,6
WBGene00198714.,0,0,0
WBGene00198715.,0,0,0
WBGene00198716.,0,0,0
WBGene00198717.,0,0,0
WBGene00198718.,0,1,1
WBGene00198719.,0,0,0
WBGene00198720.,0,0,0
WBGene00198721.,0,2,2
WBGene00198722.,0,0,0
WBGene00198723.,0,0,0
WBGene00198724.,0,2,2
WBGene00198725.,0,0,0
WBGene00198726.,0,0,0
WBGene00198727.,0,0,0
WBGene00198728.,0,2,2
WBGene00198729.,0,0,0
WBGene00198730.,0,0,0
WBGene00198731.,0,9,9
WBGene00198732.,0,2,2
WBGene00198733.,0,1,1
WBGene00198734.,0,1,1
WBGene00198735.,0,0,0
WBGene00198736.,0,0,0
WBGene00198737.,0,1,1
WBGene00198738.,0,0,0
WBGene00198739.,0,2,2
WBGene00198740.,0,0,0
WBGene00198741.,0,0,0
WBGene00198742.,0,0,0
WBGene00198743.,0,0,0
WBGene00198744.,0,0,0
WBGene00198745.,0,0,0
WBGene00198746.,0,10,10
WBGene00198747.,0,2,2
WBGene00198748.,0,1,1
WBGene00198749.,0,0,0
WBGene00198750.,0,0,0
WBGene00198751.,0,1,1
WBGene00198752.,0,0,0
WBGene00198753.,0,0,0
WBGene00198754.,0,0,0
WBGene00198755.,0,0,0
WBGene00198756.,0,3,3
WBGene00198757.,0,0,0
WBGene00198758.,0,1,1
WBGene00198759.,0,2,2
WBGene00198760.,0,0,0
WBGene00198761.,0,0,0
WBGene00198762.,0,0,0
WBGene00198763.,0,0,0
WBGene00198764.,0,0,0
WBGene00198765.,0,0,0
WBGene00198766.,0,0,0
WBGene00198767.,0,3,3
WBGene00198768.,0,1,1
WBGene00198769.,0,0,0
WBGene00198770.,0,0,0
WBGene00198771.,0,3,3
WBGene00198772.,0,0,0
WBGene00198773.,0,0,0
WBGene00198774.,0,7,7
WBGene00198775.,0,1,1
WBGene00198776.,0,0,0
WBGene00198777.,0,2,2
WBGene00198778.,0,0,0
WBGene00198779.,0,1,1
WBGene00198780.,0,0,0
WBGene00198781.,0,0,0
WBGene00198782.,0,1,1
WBGene00198783.,0,0,0
WBGene00198784.,0,0,0
WBGene00198785.,0,0,0
WBGene00198786.,0,6,6
WBGene00198787.,0,1,1
WBGene00198788.,0,0,0
WBGene00198789.,0,0,0
WBGene00198790.,0,0,0
WBGene00198791.,0,0,0
WBGene00198792.,0,0,0
WBGene00198793.,0,0,0
WBGene00198794.,0,0,0
WBGene00198795.,0,0,0
WBGene00198796.,0,0,0
WBGene00198797.,0,2,2
WBGene00198798.,0,4,4
WBGene00198799.,0,0,0
WBGene00198800.,0,0,0
WBGene00198801.,0,4,4
WBGene00198802.,0,0,0
WBGene00198803.,0,1,1
WBGene00198804.,0,26,26
WBGene00198805.,0,0,0
WBGene00198806.,0,1,1
WBGene00198807.,0,0,0
WBGene00198808.,0,0,0
WBGene00198809.,0,0,0
WBGene00198810.,0,11,11
WBGene00198811.,0,3,3
WBGene00198812.,0,0,0
WBGene00198813.,0,2,2
WBGene00198814.,0,40730,40730
WBGene00198815.,0,0,0
WBGene00198816.,0,0,0
WBGene00198817.,0,0,0
WBGene00198818.,0,1,1
WBGene00198819.,0,0,0
WBGene00198820.,0,1,1
WBGene00198821.,0,0,0
WBGene00198822.,0,0,0
WBGene00198823.,0,0,0
WBGene00198824.,0,0,0
WBGene00198825.,0,0,0
WBGene00198826.,0,4,4
WBGene00198827.,0,12,12
WBGene00198828.,0,1,1
WBGene00198829.,0,0,0
WBGene00198830.,0,3,3
WBGene00198831.,0,5,5
WBGene00198832.,0,2,2
WBGene00198833.,0,0,0
WBGene00198834.,0,1,1
WBGene00198835.,0,0,0
WBGene00198836.,0,0,0
WBGene00198837.,0,0,0
WBGene00198838.,0,0,0
WBGene00198839.,0,0,0
WBGene00198840.,0,1,1
WBGene00198841.,0,4,4
WBGene00198842.,0,0,0
WBGene00198843.,0,0,0
WBGene00198844.,0,0,0
WBGene00198845.,0,0,0
WBGene00198846.,0,0,0
WBGene00198847.,0,1,1
WBGene00198848.,0,0,0
WBGene00198849.,0,4,4
WBGene00198850.,0,0,0
WBGene00198851.,0,0,0
WBGene00198852.,0,20,20
WBGene00198853.,0,2,2
WBGene00198854.,0,3,3
WBGene00198855.,0,8,8
WBGene00198856.,0,12,12
WBGene00198857.,0,0,0
WBGene00198858.,0,2,2
WBGene00198859.,0,0,0
WBGene00198860.,0,0,0
WBGene00198861.,0,0,0
WBGene00198862.,0,0,0
WBGene00198863.,0,1,1
WBGene00198864.,0,4,4
WBGene00198865.,0,0,0
WBGene00198866.,0,0,0
WBGene00198867.,0,0,0
WBGene00198868.,0,0,0
WBGene00198869.,0,0,0
WBGene00198870.,0,1,1
WBGene00198871.,0,0,0
WBGene00198872.,0,0,0
WBGene00198873.,0,4,4
WBGene00198874.,0,0,0
WBGene00198875.,0,0,0
WBGene00198876.,0,0,0
WBGene00198877.,0,0,0
WBGene00198878.,0,1,1
WBGene00198879.,0,1,1
WBGene00198880.,0,2,2
WBGene00198881.,0,0,0
WBGene00198882.,0,10,10
WBGene00198883.,0,0,0
WBGene00198884.,0,0,0
WBGene00198885.,0,6,6
WBGene00198886.,0,0,0
WBGene00198887.,0,14,14
WBGene00198888.,0,3,3
WBGene00198889.,0,0,0
WBGene00198890.,0,13,13
WBGene00198891.,0,0,0
WBGene00198892.,0,0,0
WBGene00198893.,0,0,0
WBGene00198894.,0,0,0
WBGene00198895.,0,0,0
WBGene00198896.,0,4,4
WBGene00198897.,0,0,0
WBGene00198898.,0,6,6
WBGene00198899.,0,0,0
WBGene00198900.,0,1,1
WBGene00198901.,0,0,0
WBGene00198902.,0,0,0
WBGene00198903.,0,0,0
WBGene00198904.,0,0,0
WBGene00198905.,0,5,5
WBGene00198906.,0,0,0
WBGene00198907.,0,0,0
WBGene00198908.,0,1,1
WBGene00198909.,0,0,0
WBGene00198910.,0,0,0
WBGene00198911.,0,0,0
WBGene00198912.,0,0,0
WBGene00198913.,0,0,0
WBGene00198914.,0,3,3
WBGene00198915.,0,1,1
WBGene00198916.,0,1,1
WBGene00198917.,0,0,0
WBGene00198918.,0,0,0
WBGene00198919.,0,0,0
WBGene00198920.,0,0,0
WBGene00198921.,0,0,0
WBGene00198922.,0,0,0
WBGene00198923.,0,0,0
WBGene00198924.,0,0,0
WBGene00198925.,0,0,0
WBGene00198926.,0,0,0
WBGene00198927.,0,1,1
WBGene00198928.,0,0,0
WBGene00198929.,0,7,7
WBGene00198930.,0,1,1
WBGene00198931.,0,0,0
WBGene00198932.,0,0,0
WBGene00198933.,0,1,1
WBGene00198934.,0,2,2
WBGene00198935.,0,2,2
WBGene00198936.,0,0,0
WBGene00198937.,0,0,0
WBGene00198938.,0,0,0
WBGene00198939.,0,0,0
WBGene00198940.,0,3,3
WBGene00198941.,0,1,1
WBGene00198942.,0,0,0
WBGene00198943.,0,0,0
WBGene00198944.,0,1,1
WBGene00198945.,0,1,1
WBGene00198946.,0,1,1
WBGene00198947.,0,0,0
WBGene00198948.,0,0,0
WBGene00198949.,0,0,0
WBGene00198950.,0,2,2
WBGene00198951.,0,0,0
WBGene00198952.,0,0,0
WBGene00198953.,0,3,3
WBGene00198954.,0,2,2
WBGene00198955.,0,9,9
WBGene00198956.,0,0,0
WBGene00198957.,0,0,0
WBGene00198958.,0,0,0
WBGene00198959.,0,21,21
WBGene00198960.,0,0,0
WBGene00198961.,0,0,0
WBGene00198962.,0,3,3
WBGene00198963.,0,2,2
WBGene00198964.,0,24,24
WBGene00198965.,0,2,2
WBGene00198966.,0,0,0
WBGene00198967.,0,0,0
WBGene00198968.,0,0,0
WBGene00198969.,0,0,0
WBGene00198970.,0,1,1
WBGene00198971.,0,1,1
WBGene00198972.,0,0,0
WBGene00198973.,0,0,0
WBGene00198974.,0,0,0
WBGene00198975.,0,20,20
WBGene00198976.,0,0,0
WBGene00198977.,0,1,1
WBGene00198978.,0,0,0
WBGene00198979.,0,0,0
WBGene00198980.,0,1,1
WBGene00198981.,0,0,0
WBGene00198982.,0,1,1
WBGene00198983.,0,0,0
WBGene00198984.,0,1,1
WBGene00198985.,0,0,0
WBGene00198986.,0,5,5
WBGene00198987.,0,4,4
WBGene00198988.,0,0,0
WBGene00198989.,0,14,14
WBGene00198990.,0,0,0
WBGene00198991.,0,9,9
WBGene00198992.,0,0,0
WBGene00198993.,0,0,0
WBGene00198994.,0,0,0
WBGene00198995.,0,0,0
WBGene00198996.,0,1,1
WBGene00198997.,0,0,0
WBGene00198998.,0,0,0
WBGene00198999.,0,0,0
WBGene00199000.,0,0,0
WBGene00199001.,0,0,0
WBGene00199002.,0,0,0
WBGene00199003.,0,1,1
WBGene00199004.,0,0,0
WBGene00199005.,0,6,6
WBGene00199006.,0,0,0
WBGene00199007.,0,5,5
WBGene00199008.,0,0,0
WBGene00199009.,0,1,1
WBGene00199010.,0,0,0
WBGene00199011.,0,0,0
WBGene00199012.,0,1,1
WBGene00199013.,0,0,0
WBGene00199014.,0,0,0
WBGene00199015.,0,13,13
WBGene00199016.,0,30,30
WBGene00199017.,0,0,0
WBGene00199018.,0,0,0
WBGene00199019.,0,2,2
WBGene00199020.,0,1,1
WBGene00199021.,0,1,1
WBGene00199022.,0,1,1
WBGene00199023.,0,0,0
WBGene00199024.,0,10,10
WBGene00199025.,0,1,1
WBGene00199026.,0,0,0
WBGene00199027.,0,0,0
WBGene00199028.,0,0,0
WBGene00199029.,0,0,0
WBGene00199030.,0,0,0
WBGene00199031.,0,5,5
WBGene00199032.,0,0,0
WBGene00199033.,0,2,2
WBGene00199034.,0,4,4
WBGene00199035.,0,3,3
WBGene00199036.,0,4,4
WBGene00199037.,0,1,1
WBGene00199038.,0,0,0
WBGene00199039.,0,2,2
WBGene00199040.,0,5,5
WBGene00199041.,0,4,4
WBGene00199042.,0,0,0
WBGene00199043.,0,8,8
WBGene00199044.,0,0,0
WBGene00199045.,0,0,0
WBGene00199046.,0,0,0
WBGene00199047.,0,0,0
WBGene00199048.,0,1,1
WBGene00199049.,0,0,0
WBGene00199050.,0,0,0
WBGene00199051.,0,81,81
WBGene00199052.,0,0,0
WBGene00199053.,0,7,7
WBGene00199054.,0,1,1
WBGene00199055.,0,0,0
WBGene00199056.,0,0,0
WBGene00199057.,0,0,0
WBGene00199058.,0,2,2
WBGene00199059.,0,2,2
WBGene00199060.,0,0,0
WBGene00199061.,0,0,0
WBGene00199062.,0,0,0
WBGene00199063.,0,3,3
WBGene00199064.,0,0,0
WBGene00199065.,0,0,0
WBGene00199066.,0,1,1
WBGene00199067.,0,0,0
WBGene00199068.,0,1,1
WBGene00199069.,0,0,0
WBGene00199070.,0,0,0
WBGene00199071.,0,0,0
WBGene00199072.,0,0,0
WBGene00199073.,0,0,0
WBGene00199074.,0,0,0
WBGene00199075.,0,0,0
WBGene00199076.,0,0,0
WBGene00199077.,0,17,17
WBGene00199078.,0,0,0
WBGene00199079.,0,1,1
WBGene00199080.,0,0,0
WBGene00199081.,0,0,0
WBGene00199082.,0,1,1
WBGene00199083.,0,0,0
WBGene00199084.,0,0,0
WBGene00199085.,0,0,0
WBGene00199086.,0,2,2
WBGene00199087.,0,4,4
WBGene00199088.,0,4,4
WBGene00199089.,0,2,2
WBGene00199090.,0,0,0
WBGene00199091.,0,2,2
WBGene00199092.,0,1,1
WBGene00199093.,0,17,17
WBGene00199094.,0,0,0
WBGene00199095.,0,2,2
WBGene00199096.,0,1,1
WBGene00199097.,0,0,0
WBGene00199098.,0,0,0
WBGene00199099.,0,0,0
WBGene00199100.,0,1,1
WBGene00199101.,0,6,6
WBGene00199102.,0,7,7
WBGene00199103.,0,0,0
WBGene00199104.,0,1,1
WBGene00199105.,0,0,0
WBGene00199106.,0,2,2
WBGene00199107.,0,0,0
WBGene00199108.,0,2,2
WBGene00199109.,0,0,0
WBGene00199110.,0,5,5
WBGene00199111.,0,0,0
WBGene00199112.,0,8,8
WBGene00199113.,0,0,0
WBGene00199114.,0,17,17
WBGene00199115.,0,17,17
WBGene00199116.,0,0,0
WBGene00199117.,0,2,2
WBGene00199118.,0,0,0
WBGene00199119.,0,1,1
WBGene00199120.,0,0,0
WBGene00199121.,0,3,3
WBGene00199122.,0,0,0
WBGene00199123.,0,0,0
WBGene00199124.,0,0,0
WBGene00199125.,0,1,1
WBGene00199126.,0,6,6
WBGene00199127.,0,1,1
WBGene00199128.,0,5,5
WBGene00199129.,0,1,1
WBGene00199130.,0,0,0
WBGene00199131.,0,0,0
WBGene00199132.,0,17,17
WBGene00199133.,0,0,0
WBGene00199134.,0,0,0
WBGene00199135.,0,3,3
WBGene00199136.,0,1,1
WBGene00199137.,0,1,1
WBGene00199138.,0,1,1
WBGene00199139.,0,0,0
WBGene00199140.,0,0,0
WBGene00199141.,0,0,0
WBGene00199142.,0,0,0
WBGene00199143.,0,2,2
WBGene00199144.,0,0,0
WBGene00199145.,0,0,0
WBGene00199146.,0,0,0
WBGene00199147.,0,0,0
WBGene00199148.,0,0,0
WBGene00199149.,0,1,1
WBGene00199150.,0,4,4
WBGene00199151.,0,0,0
WBGene00199152.,0,0,0
WBGene00199153.,0,0,0
WBGene00199154.,0,0,0
WBGene00199155.,0,1,1
WBGene00199156.,0,3,3
WBGene00199157.,0,6,6
WBGene00199158.,0,1,1
WBGene00199159.,0,0,0
WBGene00199160.,0,0,0
WBGene00199161.,0,2,2
WBGene00199162.,0,0,0
WBGene00199163.,0,0,0
WBGene00199164.,0,0,0
WBGene00199165.,0,0,0
WBGene00199166.,0,22,22
WBGene00199167.,0,0,0
WBGene00199168.,0,1,1
WBGene00199169.,0,1,1
WBGene00199170.,0,0,0
WBGene00199171.,0,0,0
WBGene00199172.,0,0,0
WBGene00199173.,0,1,1
WBGene00199174.,0,1,1
WBGene00199175.,0,0,0
WBGene00199176.,0,0,0
WBGene00199177.,0,93,93
WBGene00199178.,0,0,0
WBGene00199179.,0,0,0
WBGene00199180.,0,5,5
WBGene00199181.,0,2,2
WBGene00199182.,0,0,0
WBGene00199183.,0,0,0
WBGene00199184.,0,5,5
WBGene00199185.,0,1,1
WBGene00199186.,0,0,0
WBGene00199187.,0,0,0
WBGene00199188.,0,0,0
WBGene00199189.,0,0,0
WBGene00199190.,0,0,0
WBGene00199191.,0,1,1
WBGene00199192.,0,0,0
WBGene00199193.,0,0,0
WBGene00199194.,0,2,2
WBGene00199195.,0,0,0
WBGene00199196.,0,0,0
WBGene00199197.,0,1,1
WBGene00199198.,0,3,3
WBGene00199199.,0,0,0
WBGene00199200.,0,0,0
WBGene00199201.,0,1,1
WBGene00199202.,0,0,0
WBGene00199203.,0,0,0
WBGene00199204.,0,0,0
WBGene00199205.,0,6,6
WBGene00199206.,0,20,20
WBGene00199207.,0,0,0
WBGene00199208.,0,0,0
WBGene00199209.,0,4,4
WBGene00199210.,0,0,0
WBGene00199211.,0,5,5
WBGene00199212.,0,1,1
WBGene00199213.,0,2,2
WBGene00199214.,0,0,0
WBGene00199215.,0,0,0
WBGene00199216.,0,1,1
WBGene00199217.,0,2,2
WBGene00199218.,0,8,8
WBGene00199219.,0,3,3
WBGene00199220.,0,0,0
WBGene00199221.,0,0,0
WBGene00199222.,0,8,8
WBGene00199223.,0,1,1
WBGene00199224.,0,0,0
WBGene00199225.,0,12,12
WBGene00199226.,0,0,0
WBGene00199227.,0,1,1
WBGene00199228.,0,0,0
WBGene00199229.,0,8,8
WBGene00199230.,0,0,0
WBGene00199231.,0,2,2
WBGene00199232.,0,0,0
WBGene00199233.,0,2,2
WBGene00199234.,0,0,0
WBGene00199235.,0,0,0
WBGene00199236.,0,1,1
WBGene00199237.,0,1,1
WBGene00199238.,0,1,1
WBGene00199239.,0,1,1
WBGene00199240.,0,1,1
WBGene00199241.,0,3,3
WBGene00199242.,0,8,8
WBGene00199243.,0,0,0
WBGene00199244.,0,0,0
WBGene00199245.,0,1,1
WBGene00199246.,0,5,5
WBGene00199247.,0,23,23
WBGene00199248.,0,0,0
WBGene00199249.,0,0,0
WBGene00199250.,0,1,1
WBGene00199251.,0,1,1
WBGene00199252.,0,3,3
WBGene00199253.,0,0,0
WBGene00199254.,0,0,0
WBGene00199255.,0,3,3
WBGene00199256.,0,1,1
WBGene00199257.,0,0,0
WBGene00199258.,0,6,6
WBGene00199259.,0,1,1
WBGene00199260.,0,1,1
WBGene00199261.,0,0,0
WBGene00199262.,0,0,0
WBGene00199263.,0,0,0
WBGene00199264.,0,0,0
WBGene00199265.,0,4,4
WBGene00199266.,0,0,0
WBGene00199267.,0,0,0
WBGene00199268.,0,0,0
WBGene00199269.,0,2,2
WBGene00199270.,0,1,1
WBGene00199271.,0,0,0
WBGene00199272.,0,1,1
WBGene00199273.,0,1,1
WBGene00199274.,0,16,16
WBGene00199275.,0,1,1
WBGene00199276.,0,2,2
WBGene00199277.,0,3,3
WBGene00199278.,0,13,13
WBGene00199279.,0,0,0
WBGene00199280.,0,1,1
WBGene00199281.,0,0,0
WBGene00199282.,0,0,0
WBGene00199283.,0,0,0
WBGene00199284.,0,0,0
WBGene00199285.,0,7,7
WBGene00199286.,0,1,1
WBGene00199287.,0,0,0
WBGene00199288.,0,0,0
WBGene00199289.,0,0,0
WBGene00199290.,0,0,0
WBGene00199291.,0,3,3
WBGene00199292.,0,1,1
WBGene00199293.,0,0,0
WBGene00199294.,0,1,1
WBGene00199295.,0,3,3
WBGene00199296.,0,0,0
WBGene00199297.,0,0,0
WBGene00199298.,0,2,2
WBGene00199299.,0,3,3
WBGene00199300.,0,0,0
WBGene00199301.,0,1,1
WBGene00199302.,0,0,0
WBGene00199303.,0,0,0
WBGene00199304.,0,7,7
WBGene00199305.,5,0,5
WBGene00199306.,0,6,6
WBGene00199307.,0,0,0
WBGene00199308.,0,2,2
WBGene00199309.,0,0,0
WBGene00199310.,0,2,2
WBGene00199311.,0,1,1
WBGene00199312.,0,9,9
WBGene00199313.,0,8,8
WBGene00199314.,0,2,2
WBGene00199315.,0,11,11
WBGene00199316.,0,1,1
WBGene00199317.,0,0,0
WBGene00199318.,0,5,5
WBGene00199319.,0,0,0
WBGene00199320.,0,1,1
WBGene00199321.,0,10,10
WBGene00199322.,0,0,0
WBGene00199323.,0,1,1
WBGene00199324.,0,2,2
WBGene00199325.,0,0,0
WBGene00199326.,0,0,0
WBGene00199327.,0,8,8
WBGene00199328.,0,0,0
WBGene00199329.,0,0,0
WBGene00199330.,0,0,0
WBGene00199331.,0,0,0
WBGene00199332.,0,0,0
WBGene00199333.,0,0,0
WBGene00199334.,0,0,0
WBGene00199335.,0,0,0
WBGene00199336.,0,13,13
WBGene00199337.,0,4,4
WBGene00199338.,0,0,0
WBGene00199339.,0,325,325
WBGene00199340.,0,0,0
WBGene00199341.,0,0,0
WBGene00199342.,0,1,1
WBGene00199343.,0,0,0
WBGene00199344.,0,0,0
WBGene00199345.,0,2,2
WBGene00199346.,0,0,0
WBGene00199347.,0,0,0
WBGene00199348.,0,0,0
WBGene00199349.,0,0,0
WBGene00199350.,0,7,7
WBGene00199351.,0,0,0
WBGene00199352.,0,0,0
WBGene00199353.,0,16,16
WBGene00199354.,0,3,3
WBGene00199355.,0,1,1
WBGene00199356.,0,2,2
WBGene00199357.,0,0,0
WBGene00199358.,0,0,0
WBGene00199359.,0,4,4
WBGene00199360.,0,6,6
WBGene00199361.,0,8,8
WBGene00199362.,0,4,4
WBGene00199363.,0,30,30
WBGene00199364.,0,0,0
WBGene00199365.,0,1,1
WBGene00199366.,0,0,0
WBGene00199367.,0,0,0
WBGene00199368.,0,6,6
WBGene00199369.,0,0,0
WBGene00199370.,0,5,5
WBGene00199371.,0,0,0
WBGene00199372.,0,11,11
WBGene00199373.,0,0,0
WBGene00199374.,0,0,0
WBGene00199375.,0,0,0
WBGene00199376.,0,2,2
WBGene00199377.,0,0,0
WBGene00199378.,0,0,0
WBGene00199379.,0,0,0
WBGene00199380.,0,1,1
WBGene00199381.,0,0,0
WBGene00199382.,0,7,7
WBGene00199383.,0,0,0
WBGene00199384.,0,0,0
WBGene00199385.,0,0,0
WBGene00199386.,0,2,2
WBGene00199387.,0,0,0
WBGene00199388.,0,0,0
WBGene00199389.,0,1,1
WBGene00199390.,0,0,0
WBGene00199391.,0,0,0
WBGene00199392.,0,1,1
WBGene00199393.,0,1,1
WBGene00199394.,0,0,0
WBGene00199395.,0,3,3
WBGene00199396.,0,4,4
WBGene00199397.,0,1,1
WBGene00199398.,0,2,2
WBGene00199399.,0,0,0
WBGene00199400.,0,0,0
WBGene00199401.,0,19,19
WBGene00199402.,0,0,0
WBGene00199403.,0,0,0
WBGene00199404.,0,30,30
WBGene00199405.,0,2,2
WBGene00199406.,0,0,0
WBGene00199407.,0,0,0
WBGene00199408.,0,1,1
WBGene00199409.,0,0,0
WBGene00199410.,0,36,36
WBGene00199411.,0,2,2
WBGene00199412.,0,0,0
WBGene00199413.,0,1,1
WBGene00199414.,0,0,0
WBGene00199415.,0,2,2
WBGene00199416.,0,0,0
WBGene00199417.,0,1,1
WBGene00199418.,0,0,0
WBGene00199419.,0,0,0
WBGene00199420.,0,0,0
WBGene00199421.,0,19,19
WBGene00199422.,0,0,0
WBGene00199423.,0,0,0
WBGene00199424.,0,0,0
WBGene00199425.,0,0,0
WBGene00199426.,0,0,0
WBGene00199427.,0,0,0
WBGene00199428.,0,0,0
WBGene00199429.,0,0,0
WBGene00199430.,0,0,0
WBGene00199431.,0,0,0
WBGene00199432.,0,0,0
WBGene00199433.,0,0,0
WBGene00199434.,0,18,18
WBGene00199435.,0,0,0
WBGene00199436.,0,0,0
WBGene00199437.,0,0,0
WBGene00199438.,0,0,0
WBGene00199439.,0,0,0
WBGene00199440.,0,8,8
WBGene00199441.,0,9,9
WBGene00199442.,0,1,1
WBGene00199443.,0,0,0
WBGene00199444.,0,1,1
WBGene00199445.,0,7,7
WBGene00199446.,0,0,0
WBGene00199447.,0,0,0
WBGene00199448.,0,0,0
WBGene00199449.,0,0,0
WBGene00199450.,0,6,6
WBGene00199451.,0,21,21
WBGene00199452.,0,0,0
WBGene00199453.,0,0,0
WBGene00199454.,0,0,0
WBGene00199455.,0,0,0
WBGene00199456.,0,7,7
WBGene00199457.,0,0,0
WBGene00199458.,0,8,8
WBGene00199459.,0,0,0
WBGene00199460.,0,2,2
WBGene00199461.,0,1,1
WBGene00199462.,0,7,7
WBGene00199463.,0,7,7
WBGene00199464.,0,2,2
WBGene00199465.,0,4,4
WBGene00199466.,0,4,4
WBGene00199467.,0,0,0
WBGene00199468.,0,1,1
WBGene00199469.,0,0,0
WBGene00199470.,0,0,0
WBGene00199471.,0,0,0
WBGene00199472.,0,3,3
WBGene00199473.,0,2,2
WBGene00199474.,0,1,1
WBGene00199475.,0,13,13
WBGene00199476.,0,1,1
WBGene00199477.,0,9,9
WBGene00199478.,0,3,3
WBGene00199479.,0,2,2
WBGene00199480.,0,1,1
WBGene00199481.,0,0,0
WBGene00199482.,0,2,2
WBGene00199483.,0,0,0
WBGene00199484.,0,0,0
WBGene00199485.,0,46,46
WBGene00199486.,0,3,3
WBGene00199487.,0,1,1
WBGene00199488.,0,5,5
WBGene00199489.,0,2,2
WBGene00199490.,0,0,0
WBGene00199491.,0,1,1
WBGene00199492.,0,0,0
WBGene00199493.,0,1,1
WBGene00199494.,0,2,2
WBGene00199495.,0,0,0
WBGene00199496.,0,0,0
WBGene00199497.,0,0,0
WBGene00199498.,0,2,2
WBGene00199499.,0,1,1
WBGene00199500.,0,2,2
WBGene00199501.,0,0,0
WBGene00199502.,0,1,1
WBGene00199503.,0,0,0
WBGene00199504.,0,3,3
WBGene00199505.,0,0,0
WBGene00199506.,0,13,13
WBGene00199507.,0,2,2
WBGene00199508.,0,2,2
WBGene00199509.,0,0,0
WBGene00199510.,0,0,0
WBGene00199511.,0,0,0
WBGene00199512.,0,3,3
WBGene00199513.,0,35,35
WBGene00199514.,0,4,4
WBGene00199515.,0,4,4
WBGene00199516.,0,1,1
WBGene00199517.,0,1,1
WBGene00199518.,0,0,0
WBGene00199519.,0,0,0
WBGene00199520.,0,0,0
WBGene00199521.,0,0,0
WBGene00199522.,0,0,0
WBGene00199523.,0,42,42
WBGene00199524.,0,4,4
WBGene00199525.,0,3,3
WBGene00199526.,0,0,0
WBGene00199527.,0,0,0
WBGene00199528.,0,1,1
WBGene00199529.,0,0,0
WBGene00199530.,0,1,1
WBGene00199531.,0,0,0
WBGene00199532.,0,2,2
WBGene00199533.,0,2,2
WBGene00199534.,0,0,0
WBGene00199535.,0,0,0
WBGene00199536.,0,1,1
WBGene00199537.,0,0,0
WBGene00199538.,0,0,0
WBGene00199539.,0,0,0
WBGene00199540.,0,1,1
WBGene00199541.,0,7,7
WBGene00199542.,0,0,0
WBGene00199543.,0,0,0
WBGene00199544.,0,0,0
WBGene00199545.,0,0,0
WBGene00199546.,0,0,0
WBGene00199547.,0,0,0
WBGene00199548.,0,0,0
WBGene00199549.,0,4,4
WBGene00199550.,0,0,0
WBGene00199551.,0,0,0
WBGene00199552.,0,0,0
WBGene00199553.,0,0,0
WBGene00199554.,0,0,0
WBGene00199555.,0,1,1
WBGene00199556.,0,1,1
WBGene00199557.,0,2,2
WBGene00199558.,0,5,5
WBGene00199559.,0,0,0
WBGene00199560.,0,0,0
WBGene00199561.,0,0,0
WBGene00199562.,0,2,2
WBGene00199563.,0,7,7
WBGene00199564.,0,0,0
WBGene00199565.,0,0,0
WBGene00199566.,0,2,2
WBGene00199567.,0,2,2
WBGene00199568.,0,0,0
WBGene00199569.,0,0,0
WBGene00199570.,0,7,7
WBGene00199571.,0,0,0
WBGene00199572.,0,0,0
WBGene00199573.,0,0,0
WBGene00199574.,0,0,0
WBGene00199575.,0,1,1
WBGene00199576.,0,0,0
WBGene00199577.,0,0,0
WBGene00199578.,0,0,0
WBGene00199579.,0,0,0
WBGene00199580.,0,1,1
WBGene00199581.,0,0,0
WBGene00199582.,0,0,0
WBGene00199583.,0,0,0
WBGene00199584.,0,5,5
WBGene00199585.,0,4,4
WBGene00199586.,0,1,1
WBGene00199587.,0,2,2
WBGene00199588.,0,1,1
WBGene00199589.,0,2,2
WBGene00199590.,0,0,0
WBGene00199591.,0,0,0
WBGene00199592.,0,0,0
WBGene00199593.,0,0,0
WBGene00199594.,0,0,0
WBGene00199595.,0,1,1
WBGene00199596.,0,0,0
WBGene00199597.,0,0,0
WBGene00199598.,0,0,0
WBGene00199599.,0,0,0
WBGene00199600.,0,3,3
WBGene00199601.,0,43,43
WBGene00199602.,0,0,0
WBGene00199603.,0,0,0
WBGene00199604.,0,0,0
WBGene00199605.,0,5,5
WBGene00199606.,0,1,1
WBGene00199607.,0,0,0
WBGene00199608.,0,6,6
WBGene00199609.,0,0,0
WBGene00199610.,0,0,0
WBGene00199611.,0,0,0
WBGene00199612.,0,0,0
WBGene00199613.,0,0,0
WBGene00199614.,0,0,0
WBGene00199615.,0,0,0
WBGene00199616.,0,0,0
WBGene00199617.,0,1,1
WBGene00199618.,0,0,0
WBGene00199619.,0,0,0
WBGene00199620.,0,4,4
WBGene00199621.,0,0,0
WBGene00199622.,0,4,4
WBGene00199623.,0,0,0
WBGene00199624.,0,4,4
WBGene00199625.,0,2,2
WBGene00199626.,0,6,6
WBGene00199627.,0,7,7
WBGene00199628.,0,0,0
WBGene00199629.,0,0,0
WBGene00199630.,0,0,0
WBGene00199631.,0,0,0
WBGene00199632.,0,7,7
WBGene00199633.,0,5,5
WBGene00199634.,0,3,3
WBGene00199635.,0,0,0
WBGene00199636.,0,3,3
WBGene00199637.,0,0,0
WBGene00199638.,0,3,3
WBGene00199639.,0,0,0
WBGene00199640.,0,2,2
WBGene00199641.,0,1,1
WBGene00199642.,0,0,0
WBGene00199643.,0,0,0
WBGene00199644.,0,8,8
WBGene00199645.,0,0,0
WBGene00199646.,0,0,0
WBGene00199647.,0,0,0
WBGene00199648.,0,0,0
WBGene00199649.,0,0,0
WBGene00199650.,0,0,0
WBGene00199651.,0,1,1
WBGene00199652.,0,4,4
WBGene00199653.,0,0,0
WBGene00199654.,0,0,0
WBGene00199655.,0,0,0
WBGene00199656.,0,0,0
WBGene00199657.,0,3,3
WBGene00199658.,0,2,2
WBGene00199659.,0,0,0
WBGene00199660.,0,0,0
WBGene00199661.,0,0,0
WBGene00199662.,0,0,0
WBGene00199663.,0,8,8
WBGene00199664.,0,0,0
WBGene00199665.,0,1,1
WBGene00199666.,0,2,2
WBGene00199667.,0,10,10
WBGene00199668.,0,0,0
WBGene00199669.,0,0,0
WBGene00199670.,0,2,2
WBGene00199671.,0,0,0
WBGene00199672.,0,11,11
WBGene00199673.,0,2,2
WBGene00199674.,0,15,15
WBGene00199675.,0,0,0
WBGene00199676.,0,0,0
WBGene00199677.,0,2,2
WBGene00199678.,0,1,1
WBGene00199679.,0,0,0
WBGene00199680.,0,0,0
WBGene00199681.,0,2,2
WBGene00199682.,0,2,2
WBGene00199683.,0,0,0
WBGene00199684.,0,2,2
WBGene00199685.,0,0,0
WBGene00199686.,0,9,9
WBGene00199687.,0,0,0
WBGene00199688.,0,0,0
WBGene00199689.,0,1,1
WBGene00199690.,0,0,0
WBGene00199691.,0,1,1
WBGene00199692.,0,3,3
WBGene00199693.,0,2,2
WBGene00199694.,0,0,0
WBGene00199695.,0,0,0
WBGene00199696.,0,0,0
WBGene00199697.,0,3,3
WBGene00199698.,0,0,0
WBGene00199699.,0,8,8
WBGene00199700.,0,4,4
WBGene00199701.,0,0,0
WBGene00199702.,0,3,3
WBGene00199703.,0,1,1
WBGene00199704.,0,2,2
WBGene00199705.,0,0,0
WBGene00199706.,0,1,1
WBGene00199707.,0,0,0
WBGene00199708.,0,18,18
WBGene00199709.,0,1,1
WBGene00199710.,0,13,13
WBGene00199711.,0,6,6
WBGene00199712.,0,0,0
WBGene00199713.,0,12,12
WBGene00199714.,0,0,0
WBGene00199715.,0,1,1
WBGene00199716.,0,6,6
WBGene00199717.,0,0,0
WBGene00199718.,0,0,0
WBGene00199719.,0,0,0
WBGene00199720.,0,3,3
WBGene00199721.,0,0,0
WBGene00199722.,0,0,0
WBGene00199723.,0,0,0
WBGene00199724.,0,6,6
WBGene00199725.,0,1,1
WBGene00199726.,0,0,0
WBGene00199727.,0,4,4
WBGene00199728.,0,0,0
WBGene00199729.,0,1,1
WBGene00199730.,0,0,0
WBGene00199731.,0,0,0
WBGene00199732.,0,0,0
WBGene00199733.,0,0,0
WBGene00199734.,0,0,0
WBGene00199735.,0,0,0
WBGene00199736.,0,0,0
WBGene00199737.,0,1,1
WBGene00199738.,0,2,2
WBGene00199739.,0,0,0
WBGene00199740.,0,9,9
WBGene00199741.,0,6,6
WBGene00199742.,0,12,12
WBGene00199743.,0,2,2
WBGene00199744.,0,0,0
WBGene00199745.,0,0,0
WBGene00199746.,0,3,3
WBGene00199747.,0,0,0
WBGene00199748.,0,2,2
WBGene00199749.,0,0,0
WBGene00199750.,0,0,0
WBGene00199751.,0,13,13
WBGene00199752.,0,1,1
WBGene00199753.,0,1307,1307
WBGene00199754.,0,0,0
WBGene00199755.,0,0,0
WBGene00199756.,0,0,0
WBGene00199757.,0,0,0
WBGene00199758.,0,0,0
WBGene00199759.,0,2,2
WBGene00199760.,0,0,0
WBGene00199761.,0,6,6
WBGene00199762.,0,1,1
WBGene00199763.,0,0,0
WBGene00199764.,0,3,3
WBGene00199765.,0,1,1
WBGene00199766.,0,0,0
WBGene00199767.,0,10,10
WBGene00199768.,0,0,0
WBGene00199769.,0,0,0
WBGene00199770.,0,0,0
WBGene00199771.,0,0,0
WBGene00199772.,0,1,1
WBGene00199773.,0,11,11
WBGene00199774.,0,0,0
WBGene00199775.,0,0,0
WBGene00199776.,0,2,2
WBGene00199777.,0,3,3
WBGene00199778.,0,2,2
WBGene00199779.,0,4,4
WBGene00199780.,0,2,2
WBGene00199781.,0,2,2
WBGene00199782.,0,9,9
WBGene00199783.,0,17,17
WBGene00199784.,0,1,1
WBGene00199785.,0,1,1
WBGene00199786.,0,8,8
WBGene00199787.,0,0,0
WBGene00199788.,0,3,3
WBGene00199789.,0,1,1
WBGene00199790.,0,2,2
WBGene00199791.,0,1,1
WBGene00199792.,0,1,1
WBGene00199793.,0,0,0
WBGene00199794.,0,6,6
WBGene00199795.,0,0,0
WBGene00199796.,0,0,0
WBGene00199797.,0,0,0
WBGene00199798.,0,0,0
WBGene00199799.,0,0,0
WBGene00199800.,0,0,0
WBGene00199801.,0,0,0
WBGene00199802.,0,0,0
WBGene00199803.,0,2,2
WBGene00199804.,0,0,0
WBGene00199805.,0,0,0
WBGene00199806.,0,2,2
WBGene00199807.,0,1,1
WBGene00199808.,0,0,0
WBGene00199809.,0,1,1
WBGene00199810.,0,1,1
WBGene00199811.,0,0,0
WBGene00199812.,0,2,2
WBGene00199813.,0,0,0
WBGene00199814.,0,1,1
WBGene00199815.,0,1,1
WBGene00199816.,0,0,0
WBGene00199817.,0,0,0
WBGene00199818.,0,0,0
WBGene00199819.,0,29,29
WBGene00199820.,0,7,7
WBGene00199821.,0,0,0
WBGene00199822.,0,0,0
WBGene00199823.,0,1,1
WBGene00199824.,0,19,19
WBGene00199825.,0,5,5
WBGene00199826.,0,0,0
WBGene00199827.,0,0,0
WBGene00199828.,0,0,0
WBGene00199829.,0,0,0
WBGene00199830.,0,1,1
WBGene00199831.,0,2,2
WBGene00199832.,0,0,0
WBGene00199833.,0,0,0
WBGene00199834.,0,0,0
WBGene00199835.,0,0,0
WBGene00199836.,0,0,0
WBGene00199837.,0,0,0
WBGene00199838.,0,0,0
WBGene00199839.,0,0,0
WBGene00199840.,0,5,5
WBGene00199841.,0,0,0
WBGene00199842.,0,0,0
WBGene00199843.,0,2,2
WBGene00199844.,0,0,0
WBGene00199845.,0,0,0
WBGene00199846.,0,0,0
WBGene00199847.,0,0,0
WBGene00199848.,0,0,0
WBGene00199849.,0,0,0
WBGene00199850.,0,14,14
WBGene00199851.,0,4,4
WBGene00199852.,0,0,0
WBGene00199853.,0,6,6
WBGene00199854.,0,0,0
WBGene00199855.,0,3,3
WBGene00199856.,0,0,0
WBGene00199857.,0,3,3
WBGene00199858.,0,2,2
WBGene00199859.,0,0,0
WBGene00199860.,0,0,0
WBGene00199861.,0,5,5
WBGene00199862.,0,0,0
WBGene00199863.,0,0,0
WBGene00199864.,0,0,0
WBGene00199865.,0,0,0
WBGene00199866.,0,8,8
WBGene00199867.,0,2,2
WBGene00199868.,0,0,0
WBGene00199869.,0,0,0
WBGene00199870.,0,0,0
WBGene00199871.,0,21,21
WBGene00199872.,0,1,1
WBGene00199873.,0,0,0
WBGene00199874.,0,4,4
WBGene00199875.,0,0,0
WBGene00199876.,0,0,0
WBGene00199877.,0,1,1
WBGene00199878.,0,0,0
WBGene00199879.,0,2,2
WBGene00199880.,0,0,0
WBGene00199881.,0,2,2
WBGene00199882.,0,0,0
WBGene00199883.,0,1,1
WBGene00199884.,0,0,0
WBGene00199885.,0,0,0
WBGene00199886.,0,0,0
WBGene00199887.,0,0,0
WBGene00199888.,0,0,0
WBGene00199889.,0,1,1
WBGene00199890.,0,0,0
WBGene00199891.,0,0,0
WBGene00199892.,0,0,0
WBGene00199893.,0,12,12
WBGene00199894.,0,5,5
WBGene00199895.,0,1,1
WBGene00199896.,0,0,0
WBGene00199897.,0,143,143
WBGene00199898.,0,20,20
WBGene00199899.,0,18,18
WBGene00199900.,0,9,9
WBGene00199901.,0,0,0
WBGene00199902.,0,0,0
WBGene00199903.,0,0,0
WBGene00199904.,0,1,1
WBGene00199905.,0,0,0
WBGene00199906.,0,0,0
WBGene00199907.,0,0,0
WBGene00199908.,0,5,5
WBGene00199909.,0,2,2
WBGene00199910.,0,0,0
WBGene00199911.,0,2,2
WBGene00199912.,0,0,0
WBGene00199913.,0,0,0
WBGene00199914.,0,1,1
WBGene00199915.,0,0,0
WBGene00199916.,0,0,0
WBGene00199917.,0,6,6
WBGene00199918.,0,0,0
WBGene00199919.,0,0,0
WBGene00199920.,0,0,0
WBGene00199921.,0,0,0
WBGene00199922.,0,1,1
WBGene00199923.,0,3,3
WBGene00199924.,0,3,3
WBGene00199925.,0,0,0
WBGene00199926.,0,2,2
WBGene00199927.,0,0,0
WBGene00199928.,0,0,0
WBGene00199929.,0,2,2
WBGene00199930.,0,0,0
WBGene00199931.,0,1,1
WBGene00199932.,0,0,0
WBGene00199933.,0,2,2
WBGene00199934.,0,0,0
WBGene00199935.,0,6,6
WBGene00199936.,0,0,0
WBGene00199937.,0,0,0
WBGene00199938.,0,1,1
WBGene00199939.,0,0,0
WBGene00199940.,0,10,10
WBGene00199941.,0,0,0
WBGene00199942.,0,2,2
WBGene00199943.,0,0,0
WBGene00199944.,0,7,7
WBGene00199945.,0,0,0
WBGene00199946.,0,122,122
WBGene00199947.,0,9,9
WBGene00199948.,0,1,1
WBGene00199949.,0,0,0
WBGene00199950.,0,1,1
WBGene00199951.,0,0,0
WBGene00199952.,0,0,0
WBGene00199953.,0,3,3
WBGene00199954.,0,0,0
WBGene00199955.,0,1,1
WBGene00199956.,0,1,1
WBGene00199957.,0,1,1
WBGene00199958.,0,0,0
WBGene00199959.,0,0,0
WBGene00199960.,0,0,0
WBGene00199961.,0,0,0
WBGene00199962.,0,0,0
WBGene00199963.,0,0,0
WBGene00199964.,0,0,0
WBGene00199965.,0,0,0
WBGene00199966.,0,0,0
WBGene00199967.,0,0,0
WBGene00199968.,0,0,0
WBGene00199969.,0,0,0
WBGene00199970.,0,2,2
WBGene00199971.,0,0,0
WBGene00199972.,0,3,3
WBGene00199973.,0,0,0
WBGene00199974.,0,0,0
WBGene00199975.,0,0,0
WBGene00199976.,0,1,1
WBGene00199977.,0,4,4
WBGene00199978.,0,24,24
WBGene00199979.,0,0,0
WBGene00199980.,0,0,0
WBGene00199981.,0,2,2
WBGene00199982.,0,1,1
WBGene00199983.,0,0,0
WBGene00199984.,0,0,0
WBGene00199985.,0,1,1
WBGene00199986.,0,4,4
WBGene00199987.,0,0,0
WBGene00199988.,0,1,1
WBGene00199989.,0,2,2
WBGene00199990.,0,0,0
WBGene00199991.,0,0,0
WBGene00199992.,0,0,0
WBGene00199993.,0,0,0
WBGene00199994.,0,0,0
WBGene00199995.,0,1,1
WBGene00199996.,0,0,0
WBGene00199997.,0,6,6
WBGene00199998.,0,1,1
WBGene00199999.,0,0,0
WBGene00200000.,0,2,2
WBGene00200001.,0,0,0
WBGene00200002.,0,0,0
WBGene00200003.,0,18,18
WBGene00200004.,0,0,0
WBGene00200005.,0,1,1
WBGene00200006.,0,0,0
WBGene00200007.,0,0,0
WBGene00200008.,0,8,8
WBGene00200009.,0,18,18
WBGene00200010.,0,0,0
WBGene00200011.,0,0,0
WBGene00200012.,0,0,0
WBGene00200013.,0,0,0
WBGene00200014.,0,4,4
WBGene00200015.,0,0,0
WBGene00200016.,0,0,0
WBGene00200017.,0,0,0
WBGene00200018.,0,1,1
WBGene00200019.,0,4,4
WBGene00200020.,0,0,0
WBGene00200021.,0,0,0
WBGene00200022.,0,0,0
WBGene00200023.,0,0,0
WBGene00200024.,0,0,0
WBGene00200025.,0,94,94
WBGene00200026.,0,2,2
WBGene00200027.,0,0,0
WBGene00200028.,0,4,4
WBGene00200029.,0,4,4
WBGene00200030.,0,0,0
WBGene00200031.,0,2,2
WBGene00200032.,0,14,14
WBGene00200033.,0,0,0
WBGene00200034.,0,4,4
WBGene00200035.,0,0,0
WBGene00200036.,0,1,1
WBGene00200037.,0,0,0
WBGene00200038.,0,0,0
WBGene00200039.,0,5,5
WBGene00200040.,0,0,0
WBGene00200041.,0,0,0
WBGene00200042.,0,5,5
WBGene00200043.,0,0,0
WBGene00200044.,0,3,3
WBGene00200045.,0,0,0
WBGene00200046.,0,0,0
WBGene00200047.,0,14,14
WBGene00200048.,0,0,0
WBGene00200049.,0,1,1
WBGene00200050.,0,2,2
WBGene00200051.,0,5,5
WBGene00200052.,0,0,0
WBGene00200053.,0,11,11
WBGene00200054.,0,1,1
WBGene00200055.,0,0,0
WBGene00200056.,0,20,20
WBGene00200057.,0,14,14
WBGene00200058.,0,2,2
WBGene00200059.,0,2,2
WBGene00200060.,0,0,0
WBGene00200061.,0,3,3
WBGene00200062.,0,2,2
WBGene00200063.,0,0,0
WBGene00200064.,0,0,0
WBGene00200065.,0,0,0
WBGene00200066.,0,0,0
WBGene00200067.,0,0,0
WBGene00200068.,0,2,2
WBGene00200069.,0,0,0
WBGene00200070.,0,4,4
WBGene00200071.,0,1,1
WBGene00200072.,0,0,0
WBGene00200073.,0,0,0
WBGene00200074.,0,2,2
WBGene00200075.,0,7,7
WBGene00200076.,0,0,0
WBGene00200077.,0,0,0
WBGene00200078.,0,0,0
WBGene00200079.,0,3,3
WBGene00200080.,0,18,18
WBGene00200081.,0,0,0
WBGene00200082.,0,2,2
WBGene00200083.,0,0,0
WBGene00200084.,0,0,0
WBGene00200085.,0,0,0
WBGene00200086.,0,0,0
WBGene00200087.,0,0,0
WBGene00200088.,0,3,3
WBGene00200089.,0,0,0
WBGene00200090.,0,0,0
WBGene00200091.,0,0,0
WBGene00200092.,0,0,0
WBGene00200093.,0,1,1
WBGene00200094.,0,0,0
WBGene00200095.,0,0,0
WBGene00200096.,0,0,0
WBGene00200097.,0,0,0
WBGene00200098.,0,8,8
WBGene00200099.,0,1,1
WBGene00200100.,0,8,8
WBGene00200101.,0,0,0
WBGene00200102.,0,0,0
WBGene00200103.,0,3,3
WBGene00200104.,0,0,0
WBGene00200105.,0,3,3
WBGene00200106.,0,0,0
WBGene00200107.,0,5,5
WBGene00200108.,0,0,0
WBGene00200109.,0,2,2
WBGene00200110.,0,0,0
WBGene00200111.,0,1,1
WBGene00200112.,0,0,0
WBGene00200113.,0,0,0
WBGene00200114.,0,0,0
WBGene00200115.,0,1,1
WBGene00200116.,0,4,4
WBGene00200117.,0,0,0
WBGene00200118.,0,2,2
WBGene00200119.,0,0,0
WBGene00200120.,0,0,0
WBGene00200121.,0,2,2
WBGene00200122.,0,0,0
WBGene00200123.,0,0,0
WBGene00200124.,0,0,0
WBGene00200125.,0,1,1
WBGene00200126.,0,5,5
WBGene00200127.,0,4,4
WBGene00200128.,0,3,3
WBGene00200129.,0,0,0
WBGene00200130.,0,1,1
WBGene00200131.,0,1,1
WBGene00200132.,0,0,0
WBGene00200133.,0,51,51
WBGene00200134.,0,1,1
WBGene00200135.,0,0,0
WBGene00200136.,0,0,0
WBGene00200137.,0,3,3
WBGene00200138.,0,0,0
WBGene00200139.,0,0,0
WBGene00200140.,0,0,0
WBGene00200141.,0,0,0
WBGene00200142.,0,2,2
WBGene00200143.,0,0,0
WBGene00200144.,0,0,0
WBGene00200145.,0,0,0
WBGene00200146.,0,0,0
WBGene00200147.,0,6,6
WBGene00200148.,0,4,4
WBGene00200149.,0,0,0
WBGene00200150.,0,8,8
WBGene00200151.,0,0,0
WBGene00200152.,0,0,0
WBGene00200153.,0,2,2
WBGene00200154.,0,5,5
WBGene00200155.,0,2,2
WBGene00200156.,0,1,1
WBGene00200157.,0,0,0
WBGene00200158.,0,0,0
WBGene00200159.,0,1,1
WBGene00200160.,0,0,0
WBGene00200161.,0,0,0
WBGene00200162.,0,0,0
WBGene00200163.,0,3,3
WBGene00200164.,0,11,11
WBGene00200165.,0,0,0
WBGene00200166.,0,1,1
WBGene00200167.,0,4,4
WBGene00200168.,0,1,1
WBGene00200169.,0,2,2
WBGene00200170.,0,1,1
WBGene00200171.,0,0,0
WBGene00200172.,0,0,0
WBGene00200173.,0,0,0
WBGene00200174.,0,0,0
WBGene00200175.,0,1,1
WBGene00200176.,0,0,0
WBGene00200177.,0,4,4
WBGene00200178.,0,2,2
WBGene00200179.,0,1,1
WBGene00200180.,0,0,0
WBGene00200181.,0,1,1
WBGene00200182.,0,2,2
WBGene00200183.,0,0,0
WBGene00200184.,0,1,1
WBGene00200185.,0,2,2
WBGene00200186.,0,0,0
WBGene00200187.,0,16,16
WBGene00200188.,0,2,2
WBGene00200189.,0,1,1
WBGene00200190.,0,1,1
WBGene00200191.,0,0,0
WBGene00200192.,0,9,9
WBGene00200193.,0,1,1
WBGene00200194.,0,5,5
WBGene00200195.,0,0,0
WBGene00200196.,0,1,1
WBGene00200197.,0,0,0
WBGene00200198.,0,0,0
WBGene00200199.,0,1,1
WBGene00200200.,0,0,0
WBGene00200201.,0,0,0
WBGene00200202.,0,0,0
WBGene00200203.,0,46,46
WBGene00200204.,0,0,0
WBGene00200205.,0,0,0
WBGene00200206.,0,0,0
WBGene00200207.,0,1,1
WBGene00200208.,0,0,0
WBGene00200209.,0,0,0
WBGene00200210.,0,2,2
WBGene00200211.,0,1,1
WBGene00200212.,0,1,1
WBGene00200213.,0,0,0
WBGene00200214.,0,2,2
WBGene00200215.,0,18,18
WBGene00200216.,0,0,0
WBGene00200217.,0,0,0
WBGene00200218.,0,0,0
WBGene00200219.,0,0,0
WBGene00200220.,0,1,1
WBGene00200221.,0,0,0
WBGene00200222.,0,0,0
WBGene00200223.,0,0,0
WBGene00200224.,0,0,0
WBGene00200225.,0,0,0
WBGene00200226.,0,0,0
WBGene00200227.,0,8,8
WBGene00200228.,0,1,1
WBGene00200229.,0,0,0
WBGene00200230.,0,0,0
WBGene00200231.,0,1,1
WBGene00200232.,0,0,0
WBGene00200233.,0,0,0
WBGene00200234.,0,0,0
WBGene00200235.,0,0,0
WBGene00200236.,0,0,0
WBGene00200237.,0,1,1
WBGene00200238.,0,0,0
WBGene00200239.,0,1,1
WBGene00200240.,0,0,0
WBGene00200241.,0,0,0
WBGene00200242.,0,0,0
WBGene00200243.,0,4,4
WBGene00200244.,0,17,17
WBGene00200245.,0,0,0
WBGene00200246.,0,0,0
WBGene00200247.,0,3,3
WBGene00200248.,0,2,2
WBGene00200249.,0,0,0
WBGene00200250.,0,15,15
WBGene00200251.,0,3,3
WBGene00200252.,0,0,0
WBGene00200253.,0,0,0
WBGene00200254.,0,0,0
WBGene00200255.,0,4,4
WBGene00200256.,0,1,1
WBGene00200257.,0,1,1
WBGene00200258.,0,0,0
WBGene00200259.,0,6,6
WBGene00200260.,0,0,0
WBGene00200261.,0,117,117
WBGene00200262.,0,1,1
WBGene00200263.,0,5,5
WBGene00200264.,0,1,1
WBGene00200265.,0,0,0
WBGene00200266.,0,14,14
WBGene00200267.,0,0,0
WBGene00200268.,0,0,0
WBGene00200269.,0,0,0
WBGene00200270.,0,1,1
WBGene00200271.,0,1,1
WBGene00200272.,0,0,0
WBGene00200273.,0,4,4
WBGene00200274.,0,0,0
WBGene00200275.,0,0,0
WBGene00200276.,0,0,0
WBGene00200277.,0,2,2
WBGene00200278.,0,7,7
WBGene00200279.,0,0,0
WBGene00200280.,0,3,3
WBGene00200281.,0,0,0
WBGene00200282.,0,11,11
WBGene00200283.,0,0,0
WBGene00200284.,0,0,0
WBGene00200285.,0,0,0
WBGene00200286.,0,0,0
WBGene00200287.,0,4,4
WBGene00200288.,0,0,0
WBGene00200289.,0,5,5
WBGene00200290.,0,1,1
WBGene00200291.,0,0,0
WBGene00200292.,0,0,0
WBGene00200293.,0,4,4
WBGene00200294.,0,0,0
WBGene00200295.,0,0,0
WBGene00200296.,0,0,0
WBGene00200297.,0,0,0
WBGene00200298.,0,0,0
WBGene00200299.,0,2,2
WBGene00200300.,0,1,1
WBGene00200301.,0,3,3
WBGene00200302.,0,10,10
WBGene00200303.,0,1,1
WBGene00200304.,0,0,0
WBGene00200305.,0,0,0
WBGene00200306.,0,0,0
WBGene00200307.,0,0,0
WBGene00200308.,0,29,29
WBGene00200309.,0,0,0
WBGene00200310.,0,2,2
WBGene00200311.,0,1,1
WBGene00200312.,0,0,0
WBGene00200313.,0,3,3
WBGene00200314.,0,1,1
WBGene00200315.,0,0,0
WBGene00200316.,0,0,0
WBGene00200317.,0,1,1
WBGene00200318.,0,4,4
WBGene00200319.,0,0,0
WBGene00200320.,0,0,0
WBGene00200321.,0,0,0
WBGene00200322.,0,0,0
WBGene00200323.,0,1,1
WBGene00200324.,0,0,0
WBGene00200325.,0,8,8
WBGene00200326.,0,0,0
WBGene00200327.,0,1,1
WBGene00200328.,0,1,1
WBGene00200329.,0,1,1
WBGene00200330.,0,8,8
WBGene00200331.,0,0,0
WBGene00200332.,0,0,0
WBGene00200333.,0,0,0
WBGene00200334.,0,0,0
WBGene00200335.,0,0,0
WBGene00200336.,0,0,0
WBGene00200337.,0,6,6
WBGene00200338.,0,0,0
WBGene00200339.,0,0,0
WBGene00200340.,0,2,2
WBGene00200341.,0,0,0
WBGene00200342.,0,0,0
WBGene00200343.,0,0,0
WBGene00200344.,0,10,10
WBGene00200345.,0,0,0
WBGene00200346.,0,3,3
WBGene00200347.,0,84,84
WBGene00200348.,0,0,0
WBGene00200349.,0,0,0
WBGene00200350.,0,2,2
WBGene00200351.,0,2,2
WBGene00200352.,0,0,0
WBGene00200353.,0,0,0
WBGene00200354.,0,0,0
WBGene00200355.,0,0,0
WBGene00200356.,0,0,0
WBGene00200357.,0,0,0
WBGene00200358.,0,4,4
WBGene00200359.,0,0,0
WBGene00200360.,0,1,1
WBGene00200361.,0,0,0
WBGene00200362.,0,0,0
WBGene00200363.,0,0,0
WBGene00200364.,0,0,0
WBGene00200365.,0,4,4
WBGene00200366.,0,2,2
WBGene00200367.,0,0,0
WBGene00200368.,0,0,0
WBGene00200369.,0,0,0
WBGene00200370.,0,13,13
WBGene00200371.,0,0,0
WBGene00200372.,0,0,0
WBGene00200373.,0,1,1
WBGene00200374.,0,0,0
WBGene00200375.,0,15,15
WBGene00200376.,0,0,0
WBGene00200377.,0,3,3
WBGene00200378.,0,0,0
WBGene00200379.,0,5,5
WBGene00200380.,0,0,0
WBGene00200381.,0,1,1
WBGene00200382.,0,0,0
WBGene00200383.,0,0,0
WBGene00200384.,0,2,2
WBGene00200385.,0,3,3
WBGene00200386.,0,2,2
WBGene00200387.,0,0,0
WBGene00200388.,0,5,5
WBGene00200389.,0,0,0
WBGene00200390.,0,3,3
WBGene00200391.,0,2,2
WBGene00200392.,0,0,0
WBGene00200393.,0,2,2
WBGene00200394.,0,0,0
WBGene00200395.,0,0,0
WBGene00200396.,0,0,0
WBGene00200397.,0,0,0
WBGene00200398.,0,0,0
WBGene00200399.,0,0,0
WBGene00200400.,0,10,10
WBGene00200401.,0,0,0
WBGene00200402.,0,0,0
WBGene00200403.,0,7,7
WBGene00200404.,0,0,0
WBGene00200405.,0,0,0
WBGene00200406.,0,0,0
WBGene00200407.,0,16,16
WBGene00200408.,0,7,7
WBGene00200409.,0,1,1
WBGene00200410.,0,4,4
WBGene00200411.,0,0,0
WBGene00200412.,0,0,0
WBGene00200413.,0,0,0
WBGene00200414.,0,0,0
WBGene00200415.,0,0,0
WBGene00200416.,0,1,1
WBGene00200417.,0,0,0
WBGene00200418.,0,0,0
WBGene00200419.,0,0,0
WBGene00200420.,0,2,2
WBGene00200421.,0,0,0
WBGene00200422.,0,0,0
WBGene00200423.,0,12,12
WBGene00200424.,0,1,1
WBGene00200425.,0,4,4
WBGene00200426.,0,1,1
WBGene00200427.,0,0,0
WBGene00200428.,0,8,8
WBGene00200429.,0,0,0
WBGene00200430.,0,0,0
WBGene00200431.,0,6,6
WBGene00200432.,0,4,4
WBGene00200433.,0,0,0
WBGene00200434.,0,0,0
WBGene00200435.,0,1,1
WBGene00200436.,0,3,3
WBGene00200437.,0,3,3
WBGene00200438.,0,0,0
WBGene00200439.,0,0,0
WBGene00200440.,0,2,2
WBGene00200441.,0,1,1
WBGene00200442.,0,11,11
WBGene00200443.,0,1,1
WBGene00200444.,0,1,1
WBGene00200445.,0,0,0
WBGene00200446.,0,0,0
WBGene00200447.,0,1,1
WBGene00200448.,0,0,0
WBGene00200449.,0,0,0
WBGene00200450.,0,0,0
WBGene00200451.,0,0,0
WBGene00200452.,0,6,6
WBGene00200453.,0,6,6
WBGene00200454.,0,0,0
WBGene00200455.,0,4,4
WBGene00200456.,0,52,52
WBGene00200457.,0,2,2
WBGene00200458.,0,1,1
WBGene00200459.,0,219,219
WBGene00200460.,0,1,1
WBGene00200461.,0,0,0
WBGene00200462.,0,5,5
WBGene00200463.,0,1,1
WBGene00200464.,0,2,2
WBGene00200465.,0,0,0
WBGene00200466.,0,0,0
WBGene00200467.,0,0,0
WBGene00200468.,0,1,1
WBGene00200469.,0,0,0
WBGene00200470.,0,4,4
WBGene00200471.,0,0,0
WBGene00200472.,0,2,2
WBGene00200473.,0,7,7
WBGene00200474.,0,3,3
WBGene00200475.,0,2,2
WBGene00200476.,0,2,2
WBGene00200477.,0,0,0
WBGene00200478.,0,8,8
WBGene00200479.,0,2,2
WBGene00200480.,0,0,0
WBGene00200481.,0,0,0
WBGene00200482.,0,2,2
WBGene00200483.,0,2,2
WBGene00200484.,0,0,0
WBGene00200485.,0,23,23
WBGene00200486.,0,1,1
WBGene00200487.,0,16,16
WBGene00200488.,0,7,7
WBGene00200489.,0,2,2
WBGene00200490.,0,1,1
WBGene00200491.,0,0,0
WBGene00200492.,0,3,3
WBGene00200493.,0,1,1
WBGene00200494.,0,0,0
WBGene00200495.,0,4,4
WBGene00200496.,0,3,3
WBGene00200497.,0,0,0
WBGene00200498.,0,2,2
WBGene00200499.,0,0,0
WBGene00200500.,0,22,22
WBGene00200501.,0,0,0
WBGene00200502.,0,11,11
WBGene00200503.,0,0,0
WBGene00200504.,0,0,0
WBGene00200505.,0,4,4
WBGene00200506.,0,0,0
WBGene00200507.,0,0,0
WBGene00200508.,0,0,0
WBGene00200509.,0,4,4
WBGene00200510.,0,0,0
WBGene00200511.,0,0,0
WBGene00200512.,0,0,0
WBGene00200513.,0,1,1
WBGene00200514.,0,1,1
WBGene00200515.,0,0,0
WBGene00200516.,0,0,0
WBGene00200517.,0,0,0
WBGene00200518.,0,0,0
WBGene00200519.,0,1,1
WBGene00200520.,0,0,0
WBGene00200521.,0,0,0
WBGene00200522.,0,0,0
WBGene00200523.,0,0,0
WBGene00200524.,0,0,0
WBGene00200525.,0,1,1
WBGene00200526.,0,2,2
WBGene00200527.,0,0,0
WBGene00200528.,0,3,3
WBGene00200529.,0,0,0
WBGene00200530.,0,1,1
WBGene00200531.,0,0,0
WBGene00200532.,0,0,0
WBGene00200533.,0,0,0
WBGene00200534.,0,1,1
WBGene00200535.,0,0,0
WBGene00200536.,0,0,0
WBGene00200537.,0,0,0
WBGene00200538.,0,24,24
WBGene00200539.,0,0,0
WBGene00200540.,0,0,0
WBGene00200541.,0,0,0
WBGene00200542.,0,2,2
WBGene00200543.,0,0,0
WBGene00200544.,0,0,0
WBGene00200545.,0,1,1
WBGene00200546.,0,2,2
WBGene00200547.,0,0,0
WBGene00200548.,0,2,2
WBGene00200549.,0,0,0
WBGene00200550.,0,0,0
WBGene00200551.,0,0,0
WBGene00200552.,0,5,5
WBGene00200553.,0,0,0
WBGene00200554.,0,0,0
WBGene00200555.,0,2,2
WBGene00200556.,0,0,0
WBGene00200557.,0,1,1
WBGene00200558.,0,1,1
WBGene00200559.,0,0,0
WBGene00200560.,0,0,0
WBGene00200561.,0,0,0
WBGene00200562.,0,0,0
WBGene00200563.,0,3,3
WBGene00200564.,0,0,0
WBGene00200565.,0,1,1
WBGene00200566.,0,9,9
WBGene00200567.,0,1,1
WBGene00200568.,0,0,0
WBGene00200569.,0,0,0
WBGene00200570.,0,1,1
WBGene00200571.,0,0,0
WBGene00200572.,0,11,11
WBGene00200573.,0,0,0
WBGene00200574.,0,1,1
WBGene00200575.,0,1,1
WBGene00200576.,0,0,0
WBGene00200577.,0,0,0
WBGene00200578.,0,0,0
WBGene00200579.,0,22,22
WBGene00200580.,0,0,0
WBGene00200581.,0,0,0
WBGene00200582.,0,1,1
WBGene00200583.,0,1,1
WBGene00200584.,0,0,0
WBGene00200585.,0,3,3
WBGene00200586.,0,2,2
WBGene00200587.,0,0,0
WBGene00200588.,0,1,1
WBGene00200589.,0,0,0
WBGene00200590.,0,1,1
WBGene00200591.,0,0,0
WBGene00200592.,0,0,0
WBGene00200593.,0,0,0
WBGene00200594.,0,7,7
WBGene00200595.,0,0,0
WBGene00200596.,0,23,23
WBGene00200597.,0,3,3
WBGene00200598.,0,8,8
WBGene00200599.,0,0,0
WBGene00200600.,0,2,2
WBGene00200601.,0,12,12
WBGene00200602.,0,0,0
WBGene00200603.,0,0,0
WBGene00200604.,0,1,1
WBGene00200605.,0,0,0
WBGene00200606.,0,0,0
WBGene00200607.,0,1,1
WBGene00200608.,0,0,0
WBGene00200609.,0,1,1
WBGene00200610.,0,0,0
WBGene00200611.,0,2,2
WBGene00200612.,0,0,0
WBGene00200613.,0,1,1
WBGene00200614.,0,0,0
WBGene00200615.,0,0,0
WBGene00200616.,0,0,0
WBGene00200617.,0,6,6
WBGene00200618.,0,1,1
WBGene00200619.,0,0,0
WBGene00200620.,0,2,2
WBGene00200621.,0,2,2
WBGene00200622.,0,0,0
WBGene00200623.,0,0,0
WBGene00200624.,0,2,2
WBGene00200625.,0,2,2
WBGene00200626.,0,3,3
WBGene00200627.,0,4,4
WBGene00200628.,0,2,2
WBGene00200629.,0,0,0
WBGene00200630.,0,0,0
WBGene00200631.,0,0,0
WBGene00200632.,0,5,5
WBGene00200633.,0,0,0
WBGene00200634.,0,0,0
WBGene00200635.,0,0,0
WBGene00200636.,0,0,0
WBGene00200637.,0,0,0
WBGene00200638.,0,0,0
WBGene00200639.,0,0,0
WBGene00200640.,0,0,0
WBGene00200641.,0,2,2
WBGene00200642.,0,0,0
WBGene00200643.,0,0,0
WBGene00200644.,0,0,0
WBGene00200645.,0,273,273
WBGene00200646.,0,4,4
WBGene00200647.,0,0,0
WBGene00200648.,0,0,0
WBGene00200649.,0,0,0
WBGene00200650.,0,0,0
WBGene00200651.,0,0,0
WBGene00200652.,0,1,1
WBGene00200653.,0,0,0
WBGene00200654.,0,1,1
WBGene00200655.,0,0,0
WBGene00200656.,0,0,0
WBGene00200657.,0,0,0
WBGene00200658.,0,1,1
WBGene00200659.,0,6,6
WBGene00200660.,0,0,0
WBGene00200661.,0,0,0
WBGene00200662.,0,0,0
WBGene00200663.,0,0,0
WBGene00200664.,0,5,5
WBGene00200665.,0,1,1
WBGene00200666.,0,1,1
WBGene00200667.,0,0,0
WBGene00200668.,0,0,0
WBGene00200669.,0,0,0
WBGene00200670.,0,1,1
WBGene00200671.,0,1,1
WBGene00200672.,0,0,0
WBGene00200673.,0,0,0
WBGene00200674.,0,2,2
WBGene00200675.,0,3,3
WBGene00200676.,0,0,0
WBGene00200677.,0,8,8
WBGene00200678.,0,1,1
WBGene00200679.,0,0,0
WBGene00200680.,0,0,0
WBGene00200681.,0,0,0
WBGene00200682.,0,0,0
WBGene00200683.,0,0,0
WBGene00200684.,0,1,1
WBGene00200685.,0,0,0
WBGene00200686.,0,1,1
WBGene00200687.,0,0,0
WBGene00200688.,0,1,1
WBGene00200689.,0,2,2
WBGene00200690.,0,0,0
WBGene00200691.,0,0,0
WBGene00200692.,0,2,2
WBGene00200693.,0,0,0
WBGene00200694.,0,0,0
WBGene00200695.,0,0,0
WBGene00200696.,0,0,0
WBGene00200697.,0,4,4
WBGene00200698.,0,0,0
WBGene00200699.,0,0,0
WBGene00200700.,0,0,0
WBGene00200701.,0,0,0
WBGene00200702.,0,223,223
WBGene00200703.,0,0,0
WBGene00200704.,0,0,0
WBGene00200705.,0,0,0
WBGene00200706.,0,1,1
WBGene00200707.,0,8,8
WBGene00200708.,0,0,0
WBGene00200709.,0,0,0
WBGene00200710.,0,6,6
WBGene00200711.,0,3,3
WBGene00200712.,0,0,0
WBGene00200713.,0,2,2
WBGene00200714.,0,1,1
WBGene00200715.,0,1,1
WBGene00200716.,0,4,4
WBGene00200717.,0,0,0
WBGene00200718.,0,0,0
WBGene00200719.,0,7,7
WBGene00200720.,0,0,0
WBGene00200721.,0,0,0
WBGene00200722.,0,2,2
WBGene00200723.,0,5,5
WBGene00200724.,0,1,1
WBGene00200725.,0,0,0
WBGene00200726.,0,1,1
WBGene00200727.,0,1,1
WBGene00200728.,0,0,0
WBGene00200729.,0,0,0
WBGene00200730.,0,0,0
WBGene00200731.,0,1,1
WBGene00200732.,0,0,0
WBGene00200733.,0,3,3
WBGene00200734.,0,0,0
WBGene00200735.,0,0,0
WBGene00200736.,0,0,0
WBGene00200737.,0,7,7
WBGene00200738.,0,0,0
WBGene00200739.,0,1,1
WBGene00200740.,0,0,0
WBGene00200741.,0,4,4
WBGene00200742.,0,2,2
WBGene00200743.,0,16,16
WBGene00200744.,0,18,18
WBGene00200745.,0,0,0
WBGene00200746.,0,13,13
WBGene00200747.,0,0,0
WBGene00200748.,0,0,0
WBGene00200749.,0,4,4
WBGene00200750.,0,3,3
WBGene00200751.,0,7,7
WBGene00200752.,0,42,42
WBGene00200753.,0,2,2
WBGene00200754.,0,2,2
WBGene00200755.,0,0,0
WBGene00200756.,0,27,27
WBGene00200757.,0,1,1
WBGene00200758.,0,2,2
WBGene00200759.,0,0,0
WBGene00200760.,0,0,0
WBGene00200761.,0,0,0
WBGene00200762.,0,70,70
WBGene00200763.,0,1,1
WBGene00200764.,0,1,1
WBGene00200765.,0,0,0
WBGene00200766.,0,0,0
WBGene00200767.,0,7,7
WBGene00200768.,0,5,5
WBGene00200769.,0,7,7
WBGene00200770.,0,5,5
WBGene00200771.,0,0,0
WBGene00200772.,0,8,8
WBGene00200773.,0,0,0
WBGene00200774.,0,0,0
WBGene00200775.,0,0,0
WBGene00200776.,0,2,2
WBGene00200777.,0,0,0
WBGene00200778.,0,1,1
WBGene00200779.,0,1,1
WBGene00200780.,0,1,1
WBGene00200781.,0,0,0
WBGene00200782.,0,0,0
WBGene00200783.,0,0,0
WBGene00200784.,0,0,0
WBGene00200785.,0,0,0
WBGene00200786.,0,10,10
WBGene00200787.,0,1,1
WBGene00200788.,0,0,0
WBGene00200789.,0,2,2
WBGene00200790.,0,0,0
WBGene00200791.,0,1,1
WBGene00200792.,0,0,0
WBGene00200793.,0,0,0
WBGene00200794.,0,0,0
WBGene00200795.,0,4,4
WBGene00200796.,0,2,2
WBGene00200797.,0,0,0
WBGene00200798.,0,0,0
WBGene00200799.,0,2,2
WBGene00200800.,0,2,2
WBGene00200801.,0,5,5
WBGene00200802.,0,9,9
WBGene00200803.,0,0,0
WBGene00200804.,0,0,0
WBGene00200805.,0,0,0
WBGene00200806.,0,0,0
WBGene00200807.,0,1,1
WBGene00200808.,0,1,1
WBGene00200809.,0,94,94
WBGene00200810.,0,0,0
WBGene00200811.,0,0,0
WBGene00200812.,0,0,0
WBGene00200813.,0,1,1
WBGene00200814.,0,0,0
WBGene00200815.,0,0,0
WBGene00200816.,0,0,0
WBGene00200817.,0,0,0
WBGene00200818.,0,5,5
WBGene00200819.,0,5,5
WBGene00200820.,0,0,0
WBGene00200821.,0,3,3
WBGene00200822.,0,0,0
WBGene00200823.,0,1,1
WBGene00200824.,0,0,0
WBGene00200825.,0,0,0
WBGene00200826.,0,31,31
WBGene00200827.,0,1,1
WBGene00200828.,0,17,17
WBGene00200829.,0,0,0
WBGene00200830.,0,0,0
WBGene00200831.,0,0,0
WBGene00200832.,0,0,0
WBGene00200833.,0,0,0
WBGene00200834.,0,0,0
WBGene00200835.,0,0,0
WBGene00200836.,0,0,0
WBGene00200837.,0,3,3
WBGene00200838.,0,0,0
WBGene00200839.,0,0,0
WBGene00200840.,0,0,0
WBGene00200841.,0,3,3
WBGene00200842.,0,9,9
WBGene00200843.,0,1,1
WBGene00200844.,0,1,1
WBGene00200845.,0,3,3
WBGene00200846.,0,3,3
WBGene00200847.,0,3,3
WBGene00200848.,0,0,0
WBGene00200849.,0,0,0
WBGene00200850.,0,0,0
WBGene00200851.,0,0,0
WBGene00200852.,0,1,1
WBGene00200853.,0,0,0
WBGene00200854.,0,3,3
WBGene00200855.,0,0,0
WBGene00200856.,0,23,23
WBGene00200857.,0,0,0
WBGene00200858.,0,1,1
WBGene00200859.,0,1,1
WBGene00200860.,0,1,1
WBGene00200861.,0,2,2
WBGene00200862.,0,0,0
WBGene00200863.,0,16,16
WBGene00200864.,0,0,0
WBGene00200865.,0,0,0
WBGene00200866.,0,0,0
WBGene00200867.,0,1,1
WBGene00200868.,0,9,9
WBGene00200869.,0,0,0
WBGene00200870.,0,5,5
WBGene00200871.,0,1,1
WBGene00200872.,0,1,1
WBGene00200873.,0,0,0
WBGene00200874.,0,6,6
WBGene00200875.,0,0,0
WBGene00200876.,0,0,0
WBGene00200877.,0,0,0
WBGene00200878.,0,0,0
WBGene00200879.,0,3,3
WBGene00200880.,0,1,1
WBGene00200881.,0,0,0
WBGene00200882.,0,3,3
WBGene00200883.,0,1,1
WBGene00200884.,0,0,0
WBGene00200885.,0,0,0
WBGene00200886.,0,0,0
WBGene00200887.,0,0,0
WBGene00200888.,0,1,1
WBGene00200889.,0,6,6
WBGene00200890.,0,0,0
WBGene00200891.,0,0,0
WBGene00200892.,0,3,3
WBGene00200893.,0,27,27
WBGene00200894.,0,0,0
WBGene00200895.,0,6,6
WBGene00200896.,0,2,2
WBGene00200897.,0,0,0
WBGene00200898.,0,0,0
WBGene00200899.,0,0,0
WBGene00200900.,0,0,0
WBGene00200901.,0,0,0
WBGene00200902.,0,0,0
WBGene00200903.,0,0,0
WBGene00200904.,0,5,5
WBGene00200905.,0,6,6
WBGene00200906.,0,0,0
WBGene00200907.,0,1,1
WBGene00200908.,0,17,17
WBGene00200909.,0,1,1
WBGene00200910.,0,0,0
WBGene00200911.,0,1,1
WBGene00200912.,0,2,2
WBGene00200913.,0,0,0
WBGene00200914.,0,0,0
WBGene00200915.,0,11,11
WBGene00200916.,0,15,15
WBGene00200917.,0,0,0
WBGene00200918.,0,0,0
WBGene00200919.,0,4,4
WBGene00200920.,0,6,6
WBGene00200921.,0,0,0
WBGene00200922.,0,0,0
WBGene00200923.,0,5,5
WBGene00200924.,0,0,0
WBGene00200925.,0,1,1
WBGene00200926.,0,0,0
WBGene00200927.,0,0,0
WBGene00200928.,0,0,0
WBGene00200929.,0,3,3
WBGene00200930.,0,0,0
WBGene00200931.,0,2,2
WBGene00200932.,0,4,4
WBGene00200933.,0,0,0
WBGene00200934.,0,17,17
WBGene00200935.,0,1,1
WBGene00200936.,0,0,0
WBGene00200937.,0,0,0
WBGene00200938.,0,0,0
WBGene00200939.,0,0,0
WBGene00200940.,0,24,24
WBGene00200941.,0,3,3
WBGene00200942.,0,0,0
WBGene00200943.,0,1,1
WBGene00200944.,0,0,0
WBGene00200945.,0,0,0
WBGene00200946.,0,4,4
WBGene00200947.,0,4,4
WBGene00200948.,0,1,1
WBGene00200949.,0,0,0
WBGene00200950.,0,0,0
WBGene00200951.,0,1,1
WBGene00200952.,0,8,8
WBGene00200953.,0,36,36
WBGene00200954.,0,0,0
WBGene00200955.,0,1,1
WBGene00200956.,0,1,1
WBGene00200957.,0,4,4
WBGene00200958.,0,1,1
WBGene00200959.,0,0,0
WBGene00200960.,0,13,13
WBGene00200961.,0,0,0
WBGene00200962.,0,0,0
WBGene00200963.,0,0,0
WBGene00200964.,0,1,1
WBGene00200965.,0,1,1
WBGene00200966.,0,0,0
WBGene00200967.,0,1,1
WBGene00200968.,0,8,8
WBGene00200969.,0,0,0
WBGene00200970.,0,0,0
WBGene00200971.,0,12,12
WBGene00200972.,0,1,1
WBGene00200973.,0,0,0
WBGene00200974.,0,1,1
WBGene00200975.,0,2,2
WBGene00200976.,0,1,1
WBGene00200977.,0,0,0
WBGene00200978.,0,0,0
WBGene00200979.,0,2,2
WBGene00200980.,0,0,0
WBGene00200981.,0,3,3
WBGene00200982.,0,1,1
WBGene00200983.,0,0,0
WBGene00200984.,0,0,0
WBGene00200985.,0,0,0
WBGene00200986.,0,1,1
WBGene00200987.,0,3,3
WBGene00200988.,0,0,0
WBGene00200989.,0,0,0
WBGene00200990.,0,3,3
WBGene00200991.,0,0,0
WBGene00200992.,0,0,0
WBGene00200993.,0,2,2
WBGene00200994.,0,3,3
WBGene00200995.,0,27,27
WBGene00200996.,0,76,76
WBGene00200997.,0,3,3
WBGene00200998.,0,0,0
WBGene00200999.,0,0,0
WBGene00201000.,0,1,1
WBGene00201001.,0,1,1
WBGene00201002.,0,9,9
WBGene00201003.,0,0,0
WBGene00201004.,0,1,1
WBGene00201005.,0,38,38
WBGene00201006.,0,2,2
WBGene00201007.,0,0,0
WBGene00201008.,0,1,1
WBGene00201009.,0,0,0
WBGene00201010.,0,0,0
WBGene00201011.,0,0,0
WBGene00201012.,0,0,0
WBGene00201013.,0,0,0
WBGene00201014.,0,1,1
WBGene00201015.,0,3,3
WBGene00201016.,0,0,0
WBGene00201017.,0,0,0
WBGene00201018.,0,1,1
WBGene00201019.,0,1,1
WBGene00201020.,0,0,0
WBGene00201021.,0,3,3
WBGene00201022.,0,0,0
WBGene00201023.,0,0,0
WBGene00201024.,0,0,0
WBGene00201025.,0,0,0
WBGene00201026.,0,0,0
WBGene00201027.,0,1,1
WBGene00201028.,0,0,0
WBGene00201029.,0,0,0
WBGene00201030.,0,3,3
WBGene00201031.,0,10,10
WBGene00201032.,0,0,0
WBGene00201033.,0,0,0
WBGene00201034.,0,10,10
WBGene00201035.,0,0,0
WBGene00201036.,0,0,0
WBGene00201037.,0,3,3
WBGene00201038.,0,0,0
WBGene00201039.,0,0,0
WBGene00201040.,0,0,0
WBGene00201041.,0,2,2
WBGene00201042.,0,2,2
WBGene00201043.,0,3,3
WBGene00201044.,0,1,1
WBGene00201045.,0,29,29
WBGene00201046.,0,0,0
WBGene00201047.,0,0,0
WBGene00201048.,0,0,0
WBGene00201049.,0,0,0
WBGene00201050.,0,1,1
WBGene00201051.,0,1,1
WBGene00201052.,0,0,0
WBGene00201053.,0,0,0
WBGene00201054.,0,4,4
WBGene00201055.,0,0,0
WBGene00201056.,0,1,1
WBGene00201057.,0,7,7
WBGene00201058.,0,3,3
WBGene00201059.,0,0,0
WBGene00201060.,0,0,0
WBGene00201061.,0,0,0
WBGene00201062.,0,0,0
WBGene00201063.,0,0,0
WBGene00201064.,0,3,3
WBGene00201065.,0,0,0
WBGene00201066.,0,0,0
WBGene00201067.,0,0,0
WBGene00201068.,0,0,0
WBGene00201069.,0,6,6
WBGene00201070.,0,0,0
WBGene00201071.,0,3,3
WBGene00201072.,0,3,3
WBGene00201073.,0,0,0
WBGene00201074.,0,0,0
WBGene00201075.,0,131,131
WBGene00201076.,0,13,13
WBGene00201077.,0,0,0
WBGene00201078.,0,8,8
WBGene00201079.,0,1,1
WBGene00201080.,0,6,6
WBGene00201081.,0,1,1
WBGene00201082.,0,5,5
WBGene00201083.,0,0,0
WBGene00201084.,0,3,3
WBGene00201085.,0,0,0
WBGene00201086.,0,0,0
WBGene00201087.,0,1,1
WBGene00201088.,0,0,0
WBGene00201089.,0,0,0
WBGene00201090.,0,0,0
WBGene00201091.,0,0,0
WBGene00201092.,0,0,0
WBGene00201093.,0,1,1
WBGene00201094.,0,2,2
WBGene00201095.,0,1,1
WBGene00201096.,0,0,0
WBGene00201097.,0,0,0
WBGene00201098.,0,6,6
WBGene00201099.,0,0,0
WBGene00201100.,0,17,17
WBGene00201101.,0,0,0
WBGene00201102.,0,0,0
WBGene00201103.,0,0,0
WBGene00201104.,0,0,0
WBGene00201105.,0,0,0
WBGene00201106.,0,1,1
WBGene00201107.,0,0,0
WBGene00201108.,0,2,2
WBGene00201109.,0,1,1
WBGene00201110.,0,0,0
WBGene00201111.,0,8,8
WBGene00201112.,0,7,7
WBGene00201113.,0,0,0
WBGene00201114.,0,1,1
WBGene00201115.,0,1,1
WBGene00201116.,0,6,6
WBGene00201117.,0,1,1
WBGene00201118.,0,4,4
WBGene00201119.,0,1,1
WBGene00201120.,0,3,3
WBGene00201121.,0,4,4
WBGene00201122.,0,0,0
WBGene00201123.,0,0,0
WBGene00201124.,0,2,2
WBGene00201125.,0,1,1
WBGene00201126.,0,1,1
WBGene00201127.,0,0,0
WBGene00201128.,0,0,0
WBGene00201129.,0,35,35
WBGene00201130.,0,1,1
WBGene00201131.,0,2,2
WBGene00201132.,0,5,5
WBGene00201133.,0,0,0
WBGene00201134.,0,0,0
WBGene00201135.,0,0,0
WBGene00201136.,0,1,1
WBGene00201137.,0,0,0
WBGene00201138.,0,0,0
WBGene00201139.,0,1,1
WBGene00201140.,0,0,0
WBGene00201141.,0,3,3
WBGene00201142.,0,0,0
WBGene00201143.,0,0,0
WBGene00201145.,0,0,0
WBGene00201146.,0,3,3
WBGene00201147.,0,0,0
WBGene00201148.,0,0,0
WBGene00201149.,0,4,4
WBGene00201150.,0,1,1
WBGene00201151.,0,1,1
WBGene00201152.,0,0,0
WBGene00201153.,0,8,8
WBGene00201154.,0,0,0
WBGene00201155.,0,0,0
WBGene00201156.,0,0,0
WBGene00201157.,0,0,0
WBGene00201158.,0,1,1
WBGene00201159.,0,4,4
WBGene00201160.,0,0,0
WBGene00201161.,0,6,6
WBGene00201162.,0,0,0
WBGene00201163.,0,0,0
WBGene00201164.,0,0,0
WBGene00201165.,0,1,1
WBGene00201166.,0,0,0
WBGene00201167.,0,0,0
WBGene00201168.,0,2,2
WBGene00201169.,0,1,1
WBGene00201170.,0,1,1
WBGene00201171.,0,0,0
WBGene00201172.,0,0,0
WBGene00201173.,0,1,1
WBGene00201174.,0,0,0
WBGene00201175.,0,0,0
WBGene00201176.,0,0,0
WBGene00201177.,0,0,0
WBGene00201178.,0,0,0
WBGene00201179.,0,2,2
WBGene00201180.,0,0,0
WBGene00201181.,0,29,29
WBGene00201182.,0,2,2
WBGene00201183.,0,0,0
WBGene00201184.,0,0,0
WBGene00201185.,0,9,9
WBGene00201186.,0,2,2
WBGene00201187.,0,0,0
WBGene00201188.,0,18,18
WBGene00201189.,0,0,0
WBGene00201190.,0,0,0
WBGene00201191.,0,0,0
WBGene00201192.,0,0,0
WBGene00201193.,0,0,0
WBGene00201194.,0,1,1
WBGene00201195.,0,0,0
WBGene00201196.,0,0,0
WBGene00201197.,0,0,0
WBGene00201198.,0,14,14
WBGene00201199.,0,0,0
WBGene00201200.,0,0,0
WBGene00201201.,0,3,3
WBGene00201202.,0,0,0
WBGene00201203.,0,1,1
WBGene00201204.,0,5,5
WBGene00201205.,0,2,2
WBGene00201206.,0,0,0
WBGene00201207.,0,9,9
WBGene00201208.,0,1,1
WBGene00201209.,0,0,0
WBGene00201210.,0,6,6
WBGene00201211.,0,0,0
WBGene00201212.,0,3,3
WBGene00201213.,0,0,0
WBGene00201214.,0,0,0
WBGene00201215.,0,0,0
WBGene00201216.,0,0,0
WBGene00201217.,0,0,0
WBGene00201218.,0,20,20
WBGene00201219.,0,24,24
WBGene00201220.,0,0,0
WBGene00201221.,0,5,5
WBGene00201222.,0,0,0
WBGene00201223.,0,0,0
WBGene00201224.,0,0,0
WBGene00201225.,0,0,0
WBGene00201226.,0,0,0
WBGene00201227.,0,0,0
WBGene00201228.,0,3,3
WBGene00201229.,0,3,3
WBGene00201230.,0,0,0
WBGene00201231.,0,2,2
WBGene00201232.,0,0,0
WBGene00201233.,0,0,0
WBGene00201234.,0,0,0
WBGene00201235.,0,0,0
WBGene00201236.,0,2,2
WBGene00201237.,0,2,2
WBGene00201238.,0,0,0
WBGene00201239.,0,1,1
WBGene00201240.,0,0,0
WBGene00201241.,0,0,0
WBGene00201242.,0,1,1
WBGene00201243.,0,1,1
WBGene00201244.,0,0,0
WBGene00201245.,0,1,1
WBGene00201246.,0,0,0
WBGene00201247.,0,1,1
WBGene00201248.,0,0,0
WBGene00201249.,0,0,0
WBGene00201250.,0,2,2
WBGene00201251.,0,0,0
WBGene00201252.,0,1,1
WBGene00201253.,0,1,1
WBGene00201254.,0,1,1
WBGene00201255.,0,0,0
WBGene00201256.,0,2,2
WBGene00201257.,0,1,1
WBGene00201258.,0,5,5
WBGene00201259.,0,2,2
WBGene00201260.,0,1,1
WBGene00201261.,0,1,1
WBGene00201262.,0,2,2
WBGene00201263.,0,1,1
WBGene00201264.,0,0,0
WBGene00201265.,0,0,0
WBGene00201266.,0,2,2
WBGene00201267.,0,2,2
WBGene00201268.,0,0,0
WBGene00201269.,0,1,1
WBGene00201270.,0,3,3
WBGene00201271.,0,0,0
WBGene00201272.,0,5,5
WBGene00201273.,0,34,34
WBGene00201274.,0,1,1
WBGene00201275.,0,2,2
WBGene00201276.,0,0,0
WBGene00201277.,0,0,0
WBGene00201278.,0,0,0
WBGene00201279.,0,0,0
WBGene00201280.,0,2,2
WBGene00201281.,0,1,1
WBGene00201282.,0,0,0
WBGene00201283.,0,0,0
WBGene00201284.,0,0,0
WBGene00201285.,0,2,2
WBGene00201286.,0,18,18
WBGene00201287.,0,1,1
WBGene00201288.,0,1,1
WBGene00201289.,0,1,1
WBGene00201290.,0,2,2
WBGene00201291.,0,7,7
WBGene00201292.,0,0,0
WBGene00201293.,0,0,0
WBGene00201294.,0,0,0
WBGene00201295.,0,1,1
WBGene00201296.,0,4,4
WBGene00201297.,0,0,0
WBGene00201298.,0,0,0
WBGene00201299.,0,8,8
WBGene00201300.,0,0,0
WBGene00201301.,0,13,13
WBGene00201302.,0,1,1
WBGene00201303.,0,3,3
WBGene00201304.,0,4,4
WBGene00201305.,0,1,1
WBGene00201306.,0,0,0
WBGene00201307.,0,0,0
WBGene00201308.,0,1,1
WBGene00201309.,0,0,0
WBGene00201310.,0,2,2
WBGene00201311.,0,0,0
WBGene00201312.,0,0,0
WBGene00201313.,0,1,1
WBGene00201314.,0,1,1
WBGene00201315.,0,4,4
WBGene00201316.,0,0,0
WBGene00201317.,0,0,0
WBGene00201318.,0,4,4
WBGene00201319.,0,2,2
WBGene00201320.,0,0,0
WBGene00201321.,0,0,0
WBGene00201322.,0,25,25
WBGene00201323.,0,3,3
WBGene00201324.,0,0,0
WBGene00201325.,0,2,2
WBGene00201326.,0,0,0
WBGene00201327.,0,5,5
WBGene00201328.,0,0,0
WBGene00201329.,0,1,1
WBGene00201330.,0,1,1
WBGene00201331.,0,1,1
WBGene00201332.,0,0,0
WBGene00201333.,0,2,2
WBGene00201334.,0,0,0
WBGene00201335.,0,0,0
WBGene00201336.,0,0,0
WBGene00201337.,0,0,0
WBGene00201338.,0,1,1
WBGene00201339.,0,0,0
WBGene00201340.,0,0,0
WBGene00201341.,0,0,0
WBGene00201342.,0,0,0
WBGene00201343.,0,3,3
WBGene00201344.,0,1,1
WBGene00201345.,0,1,1
WBGene00201346.,0,4,4
WBGene00201347.,0,0,0
WBGene00201348.,0,0,0
WBGene00201349.,0,2,2
WBGene00201350.,0,0,0
WBGene00201351.,0,0,0
WBGene00201352.,0,2,2
WBGene00201353.,0,0,0
WBGene00201354.,0,4,4
WBGene00201355.,0,0,0
WBGene00201356.,0,1,1
WBGene00201357.,0,0,0
WBGene00201358.,0,2,2
WBGene00201359.,0,1,1
WBGene00201360.,0,1,1
WBGene00201361.,0,1,1
WBGene00201362.,0,0,0
WBGene00201363.,0,0,0
WBGene00201364.,0,0,0
WBGene00201365.,0,0,0
WBGene00201366.,0,0,0
WBGene00201367.,0,0,0
WBGene00201368.,0,0,0
WBGene00201369.,0,2,2
WBGene00201370.,0,6,6
WBGene00201371.,0,0,0
WBGene00201372.,0,44,44
WBGene00201373.,0,0,0
WBGene00201374.,0,10,10
WBGene00201375.,0,0,0
WBGene00201376.,0,0,0
WBGene00201377.,0,2,2
WBGene00201378.,0,8,8
WBGene00201379.,0,0,0
WBGene00201380.,0,1,1
WBGene00201381.,0,0,0
WBGene00201382.,0,0,0
WBGene00201383.,0,7,7
WBGene00201384.,0,0,0
WBGene00201385.,0,0,0
WBGene00201386.,0,1,1
WBGene00201387.,0,0,0
WBGene00201388.,0,0,0
WBGene00201389.,0,0,0
WBGene00201390.,0,26,26
WBGene00201391.,0,0,0
WBGene00201392.,0,0,0
WBGene00201393.,0,2,2
WBGene00201394.,0,0,0
WBGene00201395.,0,0,0
WBGene00201396.,0,0,0
WBGene00201397.,0,0,0
WBGene00201398.,0,0,0
WBGene00201399.,0,1,1
WBGene00201400.,0,0,0
WBGene00201401.,0,0,0
WBGene00201402.,0,0,0
WBGene00201403.,0,0,0
WBGene00201404.,0,1,1
WBGene00201405.,0,0,0
WBGene00201406.,0,0,0
WBGene00201407.,0,1,1
WBGene00201408.,0,0,0
WBGene00201409.,0,2,2
WBGene00201410.,0,0,0
WBGene00201411.,0,2,2
WBGene00201412.,0,0,0
WBGene00201413.,0,0,0
WBGene00201414.,0,0,0
WBGene00201415.,0,3,3
WBGene00201416.,0,0,0
WBGene00201417.,0,0,0
WBGene00201418.,0,0,0
WBGene00201419.,0,7,7
WBGene00201420.,0,2,2
WBGene00201421.,0,2,2
WBGene00201422.,0,0,0
WBGene00201423.,0,9,9
WBGene00201424.,0,1,1
WBGene00201425.,0,0,0
WBGene00201426.,0,0,0
WBGene00201427.,0,0,0
WBGene00201428.,0,0,0
WBGene00201429.,0,0,0
WBGene00201430.,0,0,0
WBGene00201431.,0,0,0
WBGene00201432.,0,0,0
WBGene00201433.,0,1,1
WBGene00201434.,0,0,0
WBGene00201435.,0,3,3
WBGene00201436.,0,0,0
WBGene00201437.,0,4,4
WBGene00201438.,0,3,3
WBGene00201439.,0,0,0
WBGene00201440.,0,0,0
WBGene00201441.,0,0,0
WBGene00201442.,0,2,2
WBGene00201443.,0,0,0
WBGene00201444.,0,0,0
WBGene00201445.,0,0,0
WBGene00201446.,0,0,0
WBGene00201447.,0,23,23
WBGene00201448.,0,0,0
WBGene00201449.,0,0,0
WBGene00201450.,0,0,0
WBGene00201451.,0,2,2
WBGene00201452.,0,3,3
WBGene00201453.,0,0,0
WBGene00201454.,0,0,0
WBGene00201455.,0,0,0
WBGene00201456.,0,9,9
WBGene00201457.,0,0,0
WBGene00201458.,0,1096,1096
WBGene00201459.,0,0,0
WBGene00201460.,0,0,0
WBGene00201461.,0,1,1
WBGene00201462.,0,0,0
WBGene00201463.,0,0,0
WBGene00201464.,0,0,0
WBGene00201465.,0,0,0
WBGene00201466.,0,4,4
WBGene00201467.,0,0,0
WBGene00201468.,0,0,0
WBGene00201469.,0,0,0
WBGene00201470.,0,0,0
WBGene00201471.,0,0,0
WBGene00201472.,0,0,0
WBGene00201473.,0,2,2
WBGene00201474.,0,5,5
WBGene00201475.,0,2,2
WBGene00201476.,0,0,0
WBGene00201477.,0,3,3
WBGene00201478.,0,0,0
WBGene00201479.,0,5,5
WBGene00201480.,0,0,0
WBGene00201481.,0,0,0
WBGene00201482.,0,0,0
WBGene00201483.,0,0,0
WBGene00201484.,0,0,0
WBGene00201485.,0,1,1
WBGene00201486.,0,0,0
WBGene00201487.,0,3,3
WBGene00201488.,0,0,0
WBGene00201489.,0,2,2
WBGene00201490.,0,1,1
WBGene00201491.,0,0,0
WBGene00201492.,0,7,7
WBGene00201493.,0,0,0
WBGene00201494.,0,1,1
WBGene00201495.,0,0,0
WBGene00201496.,0,1,1
WBGene00201497.,0,4,4
WBGene00201498.,0,1,1
WBGene00201499.,0,7,7
WBGene00201500.,0,1,1
WBGene00201501.,0,31,31
WBGene00201502.,0,0,0
WBGene00201503.,0,2,2
WBGene00201504.,0,0,0
WBGene00201505.,0,0,0
WBGene00201506.,0,3,3
WBGene00201507.,0,0,0
WBGene00201508.,0,0,0
WBGene00201509.,0,2,2
WBGene00201510.,0,1,1
WBGene00201511.,0,0,0
WBGene00201512.,0,0,0
WBGene00201513.,0,13,13
WBGene00201514.,0,0,0
WBGene00201515.,0,0,0
WBGene00201516.,0,0,0
WBGene00201517.,0,0,0
WBGene00201518.,0,0,0
WBGene00201519.,0,0,0
WBGene00201520.,0,0,0
WBGene00201521.,0,7,7
WBGene00201522.,0,1,1
WBGene00201523.,0,1,1
WBGene00201524.,0,0,0
WBGene00201525.,0,0,0
WBGene00201526.,0,0,0
WBGene00201527.,0,2,2
WBGene00201528.,0,0,0
WBGene00201529.,0,0,0
WBGene00201530.,0,13,13
WBGene00201531.,0,0,0
WBGene00201532.,0,5,5
WBGene00201533.,0,0,0
WBGene00201534.,0,0,0
WBGene00201535.,0,0,0
WBGene00201536.,0,0,0
WBGene00201537.,0,1,1
WBGene00201538.,0,7,7
WBGene00201539.,0,0,0
WBGene00201540.,0,9,9
WBGene00201541.,0,3,3
WBGene00201542.,0,0,0
WBGene00201543.,0,1,1
WBGene00201544.,0,1,1
WBGene00201545.,0,1,1
WBGene00201546.,0,0,0
WBGene00201547.,0,2,2
WBGene00201548.,0,0,0
WBGene00201549.,0,0,0
WBGene00201550.,0,2,2
WBGene00201551.,0,1,1
WBGene00201552.,0,0,0
WBGene00201553.,0,1,1
WBGene00201554.,0,0,0
WBGene00201555.,0,0,0
WBGene00201556.,0,1,1
WBGene00201557.,0,1,1
WBGene00201558.,0,1,1
WBGene00201559.,0,0,0
WBGene00201560.,0,2,2
WBGene00201561.,0,20,20
WBGene00201562.,0,0,0
WBGene00201563.,0,0,0
WBGene00201564.,0,3,3
WBGene00201565.,0,7,7
WBGene00201566.,0,1,1
WBGene00201567.,0,1,1
WBGene00201568.,0,0,0
WBGene00201569.,0,0,0
WBGene00201570.,0,1,1
WBGene00201571.,0,0,0
WBGene00201572.,0,0,0
WBGene00201573.,0,1,1
WBGene00201574.,0,0,0
WBGene00201575.,0,0,0
WBGene00201576.,0,7,7
WBGene00201577.,0,0,0
WBGene00201578.,0,11,11
WBGene00201579.,0,6,6
WBGene00201580.,0,1,1
WBGene00201581.,0,2,2
WBGene00201582.,0,3,3
WBGene00201583.,0,0,0
WBGene00201584.,0,2,2
WBGene00201585.,0,0,0
WBGene00201586.,0,63,63
WBGene00201587.,0,0,0
WBGene00201588.,0,0,0
WBGene00201589.,0,0,0
WBGene00201590.,0,1,1
WBGene00201591.,0,1,1
WBGene00201592.,0,0,0
WBGene00201593.,0,1,1
WBGene00201594.,0,1,1
WBGene00201595.,0,0,0
WBGene00201596.,0,3,3
WBGene00201597.,0,0,0
WBGene00201598.,0,7,7
WBGene00201599.,0,7,7
WBGene00201600.,0,0,0
WBGene00201601.,0,1,1
WBGene00201602.,0,43,43
WBGene00201603.,0,5,5
WBGene00201604.,0,1,1
WBGene00201605.,0,0,0
WBGene00201606.,0,1,1
WBGene00201607.,0,0,0
WBGene00201608.,0,0,0
WBGene00201609.,0,9,9
WBGene00201610.,0,5,5
WBGene00201611.,0,0,0
WBGene00201612.,0,1,1
WBGene00201613.,0,0,0
WBGene00201614.,0,0,0
WBGene00201615.,0,0,0
WBGene00201616.,0,0,0
WBGene00201617.,0,0,0
WBGene00201618.,0,0,0
WBGene00201619.,0,2,2
WBGene00201620.,0,1,1
WBGene00201621.,0,1,1
WBGene00201622.,0,3,3
WBGene00201623.,0,4,4
WBGene00201624.,0,2,2
WBGene00201625.,0,8,8
WBGene00201626.,0,49,49
WBGene00201627.,0,0,0
WBGene00201628.,0,0,0
WBGene00201629.,0,0,0
WBGene00201630.,0,1,1
WBGene00201631.,0,0,0
WBGene00201632.,0,6,6
WBGene00201633.,0,21,21
WBGene00201634.,0,3,3
WBGene00201636.,0,4,4
WBGene00201637.,0,0,0
WBGene00201638.,0,1,1
WBGene00201639.,0,0,0
WBGene00201640.,0,0,0
WBGene00201641.,0,0,0
WBGene00201642.,0,22,22
WBGene00201643.,0,1,1
WBGene00201644.,0,12,12
WBGene00201645.,0,5,5
WBGene00201646.,0,22,22
WBGene00201647.,0,0,0
WBGene00201648.,0,0,0
WBGene00201649.,0,1,1
WBGene00201650.,0,36,36
WBGene00201651.,0,17,17
WBGene00201652.,0,3,3
WBGene00201653.,0,0,0
WBGene00201654.,0,12,12
WBGene00201655.,0,0,0
WBGene00201656.,0,0,0
WBGene00201657.,0,1,1
WBGene00201658.,0,3,3
WBGene00201659.,0,0,0
WBGene00201660.,0,10,10
WBGene00201661.,0,0,0
WBGene00201662.,0,1,1
WBGene00201663.,0,0,0
WBGene00201664.,0,2,2
WBGene00201665.,0,0,0
WBGene00201666.,0,2,2
WBGene00201667.,0,4,4
WBGene00201668.,0,0,0
WBGene00201669.,0,0,0
WBGene00201670.,0,1,1
WBGene00201671.,0,0,0
WBGene00201672.,0,5,5
WBGene00201673.,0,5,5
WBGene00201674.,0,0,0
WBGene00201675.,0,3,3
WBGene00201676.,0,0,0
WBGene00201677.,0,9,9
WBGene00201678.,0,2,2
WBGene00201679.,0,0,0
WBGene00201680.,0,0,0
WBGene00201681.,0,0,0
WBGene00201682.,0,0,0
WBGene00201683.,0,1,1
WBGene00201684.,0,2,2
WBGene00201685.,0,3,3
WBGene00201686.,0,0,0
WBGene00201687.,0,0,0
WBGene00201688.,0,1,1
WBGene00201689.,0,7,7
WBGene00201690.,0,0,0
WBGene00201691.,0,0,0
WBGene00201692.,0,4,4
WBGene00201693.,0,0,0
WBGene00201694.,0,4,4
WBGene00201695.,0,0,0
WBGene00201696.,0,1,1
WBGene00201697.,0,0,0
WBGene00201698.,0,3,3
WBGene00201699.,0,0,0
WBGene00201700.,0,1,1
WBGene00201701.,0,0,0
WBGene00201702.,0,6,6
WBGene00201703.,0,0,0
WBGene00201704.,0,0,0
WBGene00201705.,0,3,3
WBGene00201706.,0,2,2
WBGene00201707.,0,0,0
WBGene00201708.,0,0,0
WBGene00201709.,0,0,0
WBGene00201710.,0,0,0
WBGene00201711.,0,0,0
WBGene00201712.,0,0,0
WBGene00201713.,0,0,0
WBGene00201714.,0,2,2
WBGene00201715.,0,5,5
WBGene00201716.,0,0,0
WBGene00201717.,0,0,0
WBGene00201718.,0,6,6
WBGene00201719.,0,0,0
WBGene00201720.,0,0,0
WBGene00201721.,0,5,5
WBGene00201722.,0,0,0
WBGene00201723.,0,0,0
WBGene00201724.,0,0,0
WBGene00201725.,0,3,3
WBGene00201726.,0,1,1
WBGene00201727.,0,2,2
WBGene00201728.,0,0,0
WBGene00201729.,0,3,3
WBGene00201730.,0,40,40
WBGene00201731.,0,1,1
WBGene00201732.,0,1,1
WBGene00201733.,0,2,2
WBGene00201734.,0,3,3
WBGene00201735.,0,7,7
WBGene00201736.,0,0,0
WBGene00201737.,0,0,0
WBGene00201738.,0,1,1
WBGene00201739.,0,2,2
WBGene00201740.,0,4,4
WBGene00201741.,0,5,5
WBGene00201742.,0,0,0
WBGene00201743.,0,0,0
WBGene00201744.,0,5,5
WBGene00201745.,0,32,32
WBGene00201746.,0,0,0
WBGene00201747.,0,0,0
WBGene00201748.,0,0,0
WBGene00201749.,0,2,2
WBGene00201750.,0,0,0
WBGene00201751.,0,0,0
WBGene00201752.,0,1,1
WBGene00201753.,0,4,4
WBGene00201754.,0,5,5
WBGene00201755.,0,13,13
WBGene00201756.,0,1,1
WBGene00201757.,0,3,3
WBGene00201758.,0,0,0
WBGene00201759.,0,0,0
WBGene00201760.,0,0,0
WBGene00201761.,0,0,0
WBGene00201762.,0,4,4
WBGene00201763.,0,2,2
WBGene00201764.,0,1,1
WBGene00201765.,0,0,0
WBGene00201766.,0,1,1
WBGene00201767.,0,1,1
WBGene00201768.,0,4,4
WBGene00201769.,0,0,0
WBGene00201770.,0,22,22
WBGene00201771.,0,1,1
WBGene00201772.,0,0,0
WBGene00201773.,0,1,1
WBGene00201774.,0,0,0
WBGene00201775.,0,0,0
WBGene00201776.,0,0,0
WBGene00201777.,0,0,0
WBGene00201778.,0,6,6
WBGene00201779.,0,2,2
WBGene00201780.,0,0,0
WBGene00201781.,0,0,0
WBGene00201782.,0,0,0
WBGene00201783.,0,21,21
WBGene00201784.,0,0,0
WBGene00201785.,0,0,0
WBGene00201786.,0,0,0
WBGene00201787.,0,0,0
WBGene00201788.,0,0,0
WBGene00201789.,0,0,0
WBGene00201790.,0,1,1
WBGene00201791.,0,2,2
WBGene00201792.,0,0,0
WBGene00201793.,0,0,0
WBGene00201794.,0,0,0
WBGene00201795.,0,0,0
WBGene00201796.,0,0,0
WBGene00201797.,0,26,26
WBGene00201798.,0,0,0
WBGene00201799.,0,0,0
WBGene00201800.,0,0,0
WBGene00201801.,0,2,2
WBGene00201802.,0,0,0
WBGene00201803.,0,0,0
WBGene00201804.,0,0,0
WBGene00201805.,0,0,0
WBGene00201806.,0,9,9
WBGene00201807.,0,9,9
WBGene00201808.,0,2,2
WBGene00201809.,0,1,1
WBGene00201810.,0,0,0
WBGene00201811.,0,4,4
WBGene00201812.,0,0,0
WBGene00201813.,0,0,0
WBGene00201814.,0,0,0
WBGene00201815.,0,2,2
WBGene00201816.,0,0,0
WBGene00201817.,0,1,1
WBGene00201818.,0,0,0
WBGene00201819.,0,0,0
WBGene00201820.,0,0,0
WBGene00201821.,0,3,3
WBGene00201822.,0,0,0
WBGene00201823.,0,0,0
WBGene00201824.,0,2,2
WBGene00201825.,0,45,45
WBGene00201826.,0,0,0
WBGene00201827.,0,3,3
WBGene00201828.,0,1,1
WBGene00201829.,0,0,0
WBGene00201830.,0,0,0
WBGene00201831.,0,0,0
WBGene00201832.,0,0,0
WBGene00201833.,0,0,0
WBGene00201834.,0,0,0
WBGene00201835.,0,0,0
WBGene00201836.,0,18,18
WBGene00201837.,0,0,0
WBGene00201838.,0,12,12
WBGene00201839.,0,0,0
WBGene00201840.,0,0,0
WBGene00201841.,0,0,0
WBGene00201842.,0,0,0
WBGene00201843.,0,1,1
WBGene00201844.,0,1,1
WBGene00201845.,0,0,0
WBGene00201846.,0,2,2
WBGene00201847.,0,0,0
WBGene00201848.,0,3,3
WBGene00201849.,0,1,1
WBGene00201850.,0,0,0
WBGene00201851.,0,0,0
WBGene00201852.,0,0,0
WBGene00201853.,0,3,3
WBGene00201854.,0,3,3
WBGene00201855.,0,26,26
WBGene00201856.,0,0,0
WBGene00201857.,0,1,1
WBGene00201858.,0,1,1
WBGene00201859.,0,0,0
WBGene00201860.,0,0,0
WBGene00201861.,0,1,1
WBGene00201862.,0,0,0
WBGene00201863.,0,0,0
WBGene00201864.,0,2,2
WBGene00201865.,0,0,0
WBGene00201866.,0,0,0
WBGene00201867.,0,1,1
WBGene00201868.,0,4,4
WBGene00201869.,0,1,1
WBGene00201870.,0,0,0
WBGene00201871.,0,95,95
WBGene00201872.,0,0,0
WBGene00201873.,0,0,0
WBGene00201874.,0,0,0
WBGene00201875.,0,0,0
WBGene00201876.,0,0,0
WBGene00201877.,0,0,0
WBGene00201878.,0,0,0
WBGene00201879.,0,5,5
WBGene00201880.,0,0,0
WBGene00201881.,0,1,1
WBGene00201882.,0,1,1
WBGene00201883.,0,0,0
WBGene00201884.,0,1,1
WBGene00201885.,0,1,1
WBGene00201886.,0,0,0
WBGene00201887.,0,0,0
WBGene00201888.,0,1,1
WBGene00201889.,0,12,12
WBGene00201890.,0,0,0
WBGene00201891.,0,2,2
WBGene00201892.,0,0,0
WBGene00201893.,0,3,3
WBGene00201894.,0,4,4
WBGene00201895.,0,1,1
WBGene00201896.,0,0,0
WBGene00201897.,0,0,0
WBGene00201898.,0,0,0
WBGene00201899.,0,0,0
WBGene00201900.,0,10,10
WBGene00201901.,0,2,2
WBGene00201902.,0,0,0
WBGene00201903.,0,21,21
WBGene00201904.,0,0,0
WBGene00201905.,0,2,2
WBGene00201906.,0,0,0
WBGene00201907.,0,5,5
WBGene00201908.,0,4,4
WBGene00201909.,0,1,1
WBGene00201910.,0,0,0
WBGene00201911.,0,0,0
WBGene00201912.,0,0,0
WBGene00201913.,0,0,0
WBGene00201914.,0,0,0
WBGene00201915.,0,12,12
WBGene00201916.,0,2,2
WBGene00201917.,0,17,17
WBGene00201918.,0,0,0
WBGene00201919.,0,17,17
WBGene00201920.,0,0,0
WBGene00201921.,0,3,3
WBGene00201922.,0,1,1
WBGene00201923.,0,4,4
WBGene00201924.,0,0,0
WBGene00201925.,0,0,0
WBGene00201926.,0,1,1
WBGene00201927.,0,0,0
WBGene00201928.,0,3,3
WBGene00201929.,0,0,0
WBGene00201930.,0,1,1
WBGene00201931.,0,0,0
WBGene00201932.,0,0,0
WBGene00201933.,0,15,15
WBGene00201934.,0,0,0
WBGene00201935.,0,0,0
WBGene00201936.,0,0,0
WBGene00201937.,0,0,0
WBGene00201938.,0,1,1
WBGene00201939.,0,1,1
WBGene00201940.,0,0,0
WBGene00201941.,0,0,0
WBGene00201942.,0,20,20
WBGene00201943.,0,2,2
WBGene00201944.,0,7,7
WBGene00201945.,0,3,3
WBGene00201946.,0,0,0
WBGene00201947.,0,0,0
WBGene00201948.,0,0,0
WBGene00201949.,0,15,15
WBGene00201950.,0,0,0
WBGene00201951.,0,0,0
WBGene00201952.,0,11,11
WBGene00201953.,0,48,48
WBGene00201954.,0,6,6
WBGene00201955.,0,0,0
WBGene00201956.,0,2,2
WBGene00201957.,0,0,0
WBGene00201958.,0,0,0
WBGene00201959.,0,0,0
WBGene00201960.,0,0,0
WBGene00201961.,0,0,0
WBGene00201962.,0,1,1
WBGene00201963.,0,1,1
WBGene00201964.,0,92,92
WBGene00201965.,0,1,1
WBGene00201966.,0,46,46
WBGene00201967.,0,0,0
WBGene00201968.,0,0,0
WBGene00201969.,0,1,1
WBGene00201970.,0,0,0
WBGene00201971.,0,1,1
WBGene00201972.,0,0,0
WBGene00201973.,0,0,0
WBGene00201974.,0,0,0
WBGene00201975.,0,0,0
WBGene00201976.,0,0,0
WBGene00201977.,0,0,0
WBGene00201978.,0,1,1
WBGene00201979.,0,0,0
WBGene00201980.,0,2,2
WBGene00201981.,0,0,0
WBGene00201982.,0,17,17
WBGene00201983.,0,0,0
WBGene00201984.,0,2,2
WBGene00201985.,0,0,0
WBGene00201986.,0,17,17
WBGene00201987.,0,0,0
WBGene00201988.,0,0,0
WBGene00201989.,0,6,6
WBGene00201990.,0,0,0
WBGene00201991.,0,2,2
WBGene00201992.,0,1,1
WBGene00201993.,0,1,1
WBGene00201994.,0,7,7
WBGene00201995.,0,1,1
WBGene00201996.,0,0,0
WBGene00201997.,0,3,3
WBGene00201998.,0,53,53
WBGene00201999.,0,0,0
WBGene00202000.,0,0,0
WBGene00202001.,0,2,2
WBGene00202002.,0,0,0
WBGene00202003.,0,0,0
WBGene00202004.,0,0,0
WBGene00202005.,0,6,6
WBGene00202006.,0,0,0
WBGene00202007.,0,0,0
WBGene00202008.,0,5,5
WBGene00202009.,0,0,0
WBGene00202010.,0,1,1
WBGene00202011.,0,2,2
WBGene00202012.,0,1,1
WBGene00202013.,0,3,3
WBGene00202014.,0,0,0
WBGene00202015.,0,0,0
WBGene00202016.,0,51,51
WBGene00202017.,0,1,1
WBGene00202018.,0,0,0
WBGene00202019.,0,0,0
WBGene00202020.,0,0,0
WBGene00202021.,0,1,1
WBGene00202022.,0,0,0
WBGene00202023.,0,0,0
WBGene00202024.,0,0,0
WBGene00202025.,0,0,0
WBGene00202026.,0,0,0
WBGene00202027.,0,0,0
WBGene00202028.,0,9,9
WBGene00202029.,0,47,47
WBGene00202030.,0,13,13
WBGene00202031.,0,0,0
WBGene00202032.,0,3,3
WBGene00202033.,0,4,4
WBGene00202034.,0,2,2
WBGene00202035.,0,1,1
WBGene00202036.,0,17,17
WBGene00202037.,0,0,0
WBGene00202038.,0,0,0
WBGene00202039.,0,0,0
WBGene00202040.,0,0,0
WBGene00202041.,0,0,0
WBGene00202042.,0,2,2
WBGene00202043.,0,0,0
WBGene00202044.,0,2,2
WBGene00202045.,0,1,1
WBGene00202046.,0,0,0
WBGene00202047.,0,0,0
WBGene00202048.,0,3,3
WBGene00202049.,0,0,0
WBGene00202050.,0,0,0
WBGene00202051.,0,2,2
WBGene00202052.,0,3,3
WBGene00202053.,0,1,1
WBGene00202054.,0,0,0
WBGene00202055.,0,0,0
WBGene00202056.,0,2,2
WBGene00202057.,0,0,0
WBGene00202058.,0,0,0
WBGene00202059.,0,1,1
WBGene00202060.,0,2,2
WBGene00202061.,0,3,3
WBGene00202062.,0,3,3
WBGene00202063.,0,2,2
WBGene00202064.,0,0,0
WBGene00202065.,0,4,4
WBGene00202066.,0,2,2
WBGene00202067.,0,0,0
WBGene00202068.,0,0,0
WBGene00202069.,0,0,0
WBGene00202070.,0,0,0
WBGene00202071.,0,0,0
WBGene00202072.,0,0,0
WBGene00202073.,0,0,0
WBGene00202074.,0,19,19
WBGene00202075.,0,0,0
WBGene00202076.,0,0,0
WBGene00202077.,0,1,1
WBGene00202078.,0,0,0
WBGene00202079.,0,6,6
WBGene00202080.,0,4,4
WBGene00202081.,0,2,2
WBGene00202082.,0,2,2
WBGene00202083.,0,1,1
WBGene00202084.,0,2,2
WBGene00202085.,0,0,0
WBGene00202086.,0,10,10
WBGene00202087.,0,1,1
WBGene00202088.,0,0,0
WBGene00202089.,0,1,1
WBGene00202090.,0,0,0
WBGene00202091.,0,10,10
WBGene00202092.,0,0,0
WBGene00202093.,0,0,0
WBGene00202094.,0,5,5
WBGene00202095.,0,1,1
WBGene00202096.,0,2,2
WBGene00202097.,0,7,7
WBGene00202098.,0,0,0
WBGene00202099.,0,0,0
WBGene00202100.,0,1,1
WBGene00202101.,0,1,1
WBGene00202102.,0,0,0
WBGene00202103.,0,0,0
WBGene00202104.,0,2,2
WBGene00202105.,0,6,6
WBGene00202106.,0,0,0
WBGene00202107.,0,11,11
WBGene00202108.,0,0,0
WBGene00202109.,0,1,1
WBGene00202110.,0,0,0
WBGene00202111.,0,0,0
WBGene00202112.,0,0,0
WBGene00202113.,0,1,1
WBGene00202114.,0,0,0
WBGene00202115.,0,0,0
WBGene00202116.,0,0,0
WBGene00202117.,0,0,0
WBGene00202118.,0,0,0
WBGene00202119.,0,4,4
WBGene00202120.,0,1,1
WBGene00202121.,0,3,3
WBGene00202122.,0,2,2
WBGene00202123.,0,0,0
WBGene00202124.,0,0,0
WBGene00202125.,0,1,1
WBGene00202126.,0,1,1
WBGene00202127.,0,2,2
WBGene00202128.,0,0,0
WBGene00202129.,0,1,1
WBGene00202130.,0,2,2
WBGene00202131.,0,0,0
WBGene00202132.,0,0,0
WBGene00202133.,0,22,22
WBGene00202134.,0,1,1
WBGene00202135.,0,0,0
WBGene00202136.,0,65,65
WBGene00202137.,0,1,1
WBGene00202138.,0,0,0
WBGene00202139.,0,0,0
WBGene00202140.,0,0,0
WBGene00202141.,0,0,0
WBGene00202142.,0,1,1
WBGene00202143.,0,2,2
WBGene00202144.,0,2,2
WBGene00202145.,0,1,1
WBGene00202146.,0,0,0
WBGene00202147.,0,0,0
WBGene00202148.,0,0,0
WBGene00202149.,0,0,0
WBGene00202150.,0,18,18
WBGene00202151.,0,2,2
WBGene00202152.,0,1,1
WBGene00202153.,0,0,0
WBGene00202154.,0,0,0
WBGene00202155.,0,0,0
WBGene00202156.,0,2,2
WBGene00202157.,0,0,0
WBGene00202158.,0,0,0
WBGene00202159.,0,0,0
WBGene00202160.,0,3,3
WBGene00202161.,0,0,0
WBGene00202162.,0,0,0
WBGene00202163.,0,3,3
WBGene00202164.,0,0,0
WBGene00202165.,0,0,0
WBGene00202166.,0,12,12
WBGene00202167.,0,3,3
WBGene00202168.,0,0,0
WBGene00202169.,0,0,0
WBGene00202170.,0,1,1
WBGene00202171.,0,0,0
WBGene00202172.,0,0,0
WBGene00202173.,0,0,0
WBGene00202174.,0,0,0
WBGene00202175.,0,7,7
WBGene00202176.,0,0,0
WBGene00202177.,0,3,3
WBGene00202178.,0,2,2
WBGene00202179.,0,0,0
WBGene00202180.,0,1,1
WBGene00202181.,0,0,0
WBGene00202182.,0,0,0
WBGene00202183.,0,5,5
WBGene00202184.,0,0,0
WBGene00202185.,0,0,0
WBGene00202186.,0,3,3
WBGene00202187.,0,0,0
WBGene00202188.,0,0,0
WBGene00202189.,0,0,0
WBGene00202190.,0,0,0
WBGene00202191.,0,4,4
WBGene00202192.,0,0,0
WBGene00202193.,0,0,0
WBGene00202194.,0,4,4
WBGene00202195.,0,1,1
WBGene00202196.,0,10,10
WBGene00202197.,0,1,1
WBGene00202198.,0,1,1
WBGene00202199.,0,0,0
WBGene00202200.,0,0,0
WBGene00202201.,0,0,0
WBGene00202202.,0,2,2
WBGene00202203.,0,0,0
WBGene00202204.,0,1,1
WBGene00202205.,0,1,1
WBGene00202206.,0,0,0
WBGene00202207.,0,0,0
WBGene00202208.,0,0,0
WBGene00202209.,0,0,0
WBGene00202210.,0,0,0
WBGene00202211.,0,1,1
WBGene00202212.,0,5,5
WBGene00202213.,0,0,0
WBGene00202214.,0,0,0
WBGene00202215.,0,2,2
WBGene00202216.,0,2,2
WBGene00202217.,0,0,0
WBGene00202218.,0,0,0
WBGene00202219.,0,1,1
WBGene00202220.,0,0,0
WBGene00202221.,0,1,1
WBGene00202222.,0,0,0
WBGene00202223.,0,0,0
WBGene00202224.,0,0,0
WBGene00202225.,0,0,0
WBGene00202226.,0,0,0
WBGene00202227.,0,0,0
WBGene00202228.,0,0,0
WBGene00202229.,0,0,0
WBGene00202230.,0,0,0
WBGene00202231.,0,4,4
WBGene00202232.,0,6,6
WBGene00202233.,0,0,0
WBGene00202234.,0,1,1
WBGene00202235.,0,5,5
WBGene00202236.,0,0,0
WBGene00202237.,0,1,1
WBGene00202238.,0,0,0
WBGene00202239.,0,1,1
WBGene00202240.,0,3,3
WBGene00202241.,0,0,0
WBGene00202242.,0,2,2
WBGene00202243.,0,0,0
WBGene00202244.,0,0,0
WBGene00202245.,0,4,4
WBGene00202246.,0,0,0
WBGene00202247.,0,1,1
WBGene00202248.,0,0,0
WBGene00202249.,0,0,0
WBGene00202250.,0,0,0
WBGene00202251.,0,0,0
WBGene00202252.,0,0,0
WBGene00202253.,0,0,0
WBGene00202254.,0,1,1
WBGene00202255.,0,0,0
WBGene00202256.,0,4,4
WBGene00202257.,0,1,1
WBGene00202258.,0,1,1
WBGene00202259.,0,0,0
WBGene00202260.,0,1,1
WBGene00202261.,0,2,2
WBGene00202262.,0,2,2
WBGene00202263.,0,3,3
WBGene00202264.,0,2,2
WBGene00202265.,0,5,5
WBGene00202266.,0,0,0
WBGene00202267.,0,2,2
WBGene00202268.,0,7,7
WBGene00202269.,0,1,1
WBGene00202270.,0,0,0
WBGene00202271.,0,0,0
WBGene00202272.,0,0,0
WBGene00202273.,0,1,1
WBGene00202274.,0,0,0
WBGene00202275.,0,1,1
WBGene00202276.,0,0,0
WBGene00202277.,0,0,0
WBGene00202278.,0,2,2
WBGene00202279.,0,0,0
WBGene00202280.,0,0,0
WBGene00202281.,0,0,0
WBGene00202282.,0,2,2
WBGene00202283.,0,1,1
WBGene00202284.,0,0,0
WBGene00202285.,0,0,0
WBGene00202286.,0,0,0
WBGene00202287.,0,0,0
WBGene00202288.,0,0,0
WBGene00202289.,0,4,4
WBGene00202290.,0,2,2
WBGene00202291.,0,0,0
WBGene00202292.,0,0,0
WBGene00202293.,0,0,0
WBGene00202294.,0,4,4
WBGene00202295.,0,3,3
WBGene00202296.,0,0,0
WBGene00202297.,0,7,7
WBGene00202298.,0,0,0
WBGene00202299.,0,0,0
WBGene00202300.,0,1,1
WBGene00202301.,0,22,22
WBGene00202302.,0,0,0
WBGene00202303.,0,0,0
WBGene00202304.,0,1,1
WBGene00202305.,0,4,4
WBGene00202306.,0,1,1
WBGene00202307.,0,0,0
WBGene00202308.,0,0,0
WBGene00202309.,0,0,0
WBGene00202310.,0,0,0
WBGene00202311.,0,9,9
WBGene00202312.,0,0,0
WBGene00202313.,0,8,8
WBGene00202314.,0,3,3
WBGene00202315.,0,6,6
WBGene00202316.,0,3,3
WBGene00202317.,0,11,11
WBGene00202318.,0,0,0
WBGene00202319.,0,0,0
WBGene00202320.,0,0,0
WBGene00202321.,0,10,10
WBGene00202322.,0,0,0
WBGene00202323.,0,1,1
WBGene00202324.,0,0,0
WBGene00202325.,0,0,0
WBGene00202326.,0,0,0
WBGene00202327.,0,0,0
WBGene00202328.,0,0,0
WBGene00202329.,0,1,1
WBGene00202330.,0,5,5
WBGene00202331.,0,0,0
WBGene00202332.,0,0,0
WBGene00202333.,0,1,1
WBGene00202334.,0,0,0
WBGene00202335.,0,0,0
WBGene00202336.,0,1,1
WBGene00202337.,0,0,0
WBGene00202338.,0,0,0
WBGene00202339.,0,0,0
WBGene00202340.,0,13,13
WBGene00202341.,0,0,0
WBGene00202342.,0,0,0
WBGene00202343.,0,0,0
WBGene00202344.,0,1,1
WBGene00202345.,0,0,0
WBGene00202346.,0,0,0
WBGene00202347.,0,0,0
WBGene00202348.,0,0,0
WBGene00202349.,0,3,3
WBGene00202350.,0,4,4
WBGene00202351.,0,0,0
WBGene00202352.,0,0,0
WBGene00202353.,0,6,6
WBGene00202354.,0,0,0
WBGene00202355.,0,5,5
WBGene00202356.,0,0,0
WBGene00202357.,0,0,0
WBGene00202358.,0,0,0
WBGene00202359.,0,0,0
WBGene00202360.,0,0,0
WBGene00202361.,0,0,0
WBGene00202362.,0,0,0
WBGene00202363.,0,0,0
WBGene00202364.,0,0,0
WBGene00202365.,0,1,1
WBGene00202366.,0,0,0
WBGene00202367.,0,0,0
WBGene00202368.,0,0,0
WBGene00202369.,0,0,0
WBGene00202370.,0,3,3
WBGene00202371.,0,1,1
WBGene00202372.,0,1,1
WBGene00202373.,0,1,1
WBGene00202374.,0,0,0
WBGene00202375.,0,0,0
WBGene00202376.,0,1,1
WBGene00202377.,0,1,1
WBGene00202378.,0,0,0
WBGene00202379.,0,0,0
WBGene00202380.,0,1,1
WBGene00202381.,0,0,0
WBGene00202382.,0,1,1
WBGene00202383.,0,1,1
WBGene00202384.,0,1,1
WBGene00202385.,0,0,0
WBGene00202386.,0,0,0
WBGene00202387.,0,0,0
WBGene00202388.,0,1,1
WBGene00202389.,0,6,6
WBGene00202390.,0,0,0
WBGene00202391.,0,0,0
WBGene00202392.,0,0,0
WBGene00202393.,0,0,0
WBGene00202394.,0,5,5
WBGene00202395.,0,5,5
WBGene00202396.,0,0,0
WBGene00202397.,0,4,4
WBGene00202398.,0,0,0
WBGene00202399.,0,0,0
WBGene00202400.,0,51,51
WBGene00202401.,0,0,0
WBGene00202402.,0,0,0
WBGene00202403.,0,0,0
WBGene00202404.,0,0,0
WBGene00202405.,0,0,0
WBGene00202406.,0,0,0
WBGene00202407.,0,4,4
WBGene00202408.,0,0,0
WBGene00202409.,0,0,0
WBGene00202410.,0,244,244
WBGene00202411.,0,0,0
WBGene00202412.,0,2,2
WBGene00202413.,0,2,2
WBGene00202414.,0,0,0
WBGene00202415.,0,1,1
WBGene00202416.,0,3,3
WBGene00202417.,0,0,0
WBGene00202418.,0,0,0
WBGene00202419.,0,0,0
WBGene00202420.,0,0,0
WBGene00202421.,0,0,0
WBGene00202422.,0,0,0
WBGene00202423.,0,1,1
WBGene00202424.,0,4,4
WBGene00202425.,0,2,2
WBGene00202426.,0,0,0
WBGene00202427.,0,0,0
WBGene00202428.,0,0,0
WBGene00202429.,0,16,16
WBGene00202430.,0,0,0
WBGene00202431.,0,0,0
WBGene00202432.,0,2,2
WBGene00202433.,0,0,0
WBGene00202434.,0,2,2
WBGene00202435.,0,0,0
WBGene00202436.,0,12,12
WBGene00202437.,0,0,0
WBGene00202438.,0,1,1
WBGene00202439.,0,0,0
WBGene00202440.,0,0,0
WBGene00202441.,0,3,3
WBGene00202442.,0,0,0
WBGene00202443.,0,1,1
WBGene00202444.,0,0,0
WBGene00202445.,0,0,0
WBGene00202446.,0,1,1
WBGene00202447.,0,1,1
WBGene00202448.,0,9,9
WBGene00202449.,0,17,17
WBGene00202450.,0,0,0
WBGene00202451.,0,2,2
WBGene00202452.,0,1,1
WBGene00202453.,0,4,4
WBGene00202454.,0,0,0
WBGene00202455.,0,0,0
WBGene00202456.,0,0,0
WBGene00202457.,0,0,0
WBGene00202458.,0,1,1
WBGene00202459.,0,0,0
WBGene00202460.,0,2,2
WBGene00202461.,0,0,0
WBGene00202462.,0,0,0
WBGene00202463.,0,11,11
WBGene00202464.,0,0,0
WBGene00202465.,0,0,0
WBGene00202466.,0,0,0
WBGene00202467.,0,2,2
WBGene00202468.,0,1,1
WBGene00202469.,0,2,2
WBGene00202470.,0,3,3
WBGene00202471.,0,0,0
WBGene00202472.,0,5,5
WBGene00202473.,0,0,0
WBGene00202474.,0,0,0
WBGene00202475.,0,1,1
WBGene00202476.,0,3,3
WBGene00202477.,0,2,2
WBGene00202478.,0,0,0
WBGene00202479.,0,0,0
WBGene00202480.,0,3,3
WBGene00202481.,0,0,0
WBGene00202482.,0,0,0
WBGene00202483.,0,0,0
WBGene00202484.,0,2,2
WBGene00202485.,0,0,0
WBGene00202486.,0,0,0
WBGene00202487.,0,0,0
WBGene00202488.,0,0,0
WBGene00202489.,0,0,0
WBGene00202490.,0,1,1
WBGene00202491.,0,0,0
WBGene00202492.,0,5,5
WBGene00202493.,0,3,3
WBGene00202494.,0,0,0
WBGene00202495.,0,0,0
WBGene00202496.,4,42,46
WBGene00202497.,3,3,6
WBGene00202498.,3,34,37
WBGene00202499.,3,5,8
WBGene00202500.,16,1,17
WBGene00202501.,1,34,35
WBGene00202502.,0,15,15
WBGene00202504.,0,1,1
WBGene00202511.,5,8,13
WBGene00202512.,41,104,145
WBGene00202513.,1,73,74
WBGene00202514.,3,19,22
WBGene00206354.,67,1015,1082
WBGene00206355.,0,54,54
WBGene00206356.,42,657,699
WBGene00206357.,7,10,17
WBGene00206358.,3,1,4
WBGene00206359.,11,16,27
WBGene00206360.,7,1,8
WBGene00206361.,7,108,115
WBGene00206362.,72,428,500
WBGene00206363.,0,1,1
WBGene00206364.,6,100,106
WBGene00206365.,0,17,17
WBGene00206366.,1,35,36
WBGene00206368.,1,0,1
WBGene00206369.,1,0,1
WBGene00206370.,0,61,61
WBGene00206371.,12,298,310
WBGene00206372.,2,1,3
WBGene00206373.,39,205,244
WBGene00206374.,113,125,238
WBGene00206375.,0,8,8
WBGene00206377.,4,64,68
WBGene00206378.,16,15,31
WBGene00206379.,0,5,5
WBGene00206380.,139,2388,2527
WBGene00206381.,16,124,140
WBGene00206382.,61,487,548
WBGene00206383.,1,6,7
WBGene00206384.,34,18,52
WBGene00206385.,0,0,0
WBGene00206386.,5,53,58
WBGene00206388.,2,2,4
WBGene00206389.,1,2,3
WBGene00206390.,2,6,8
WBGene00206391.,0,1,1
WBGene00206392.,42,79,121
WBGene00206393.,6,8,14
WBGene00206394.,0,0,0
WBGene00206395.,0,0,0
WBGene00206411.,17,11,28
WBGene00206412.,4,29,33
WBGene00206413.,13,71,84
WBGene00206414.,8,47,55
WBGene00206415.,11,13,24
WBGene00206416.,13,61,74
WBGene00206417.,74,1089,1163
WBGene00206418.,3,1461,1464
WBGene00206420.,4,108,112
WBGene00206421.,0,0,0
WBGene00206422.,0,0,0
WBGene00206423.,0,2424,2424
WBGene00206459.,65,498,563
WBGene00206460.,7,71,78
WBGene00206461.,16,163,179
WBGene00206462.,0,98,98
WBGene00206464.,0,2154,2154
WBGene00206466.,2,75,77
WBGene00206468.,0,0,0
WBGene00206469.,52,90,142
WBGene00206470.,3,3,6
WBGene00206471.,11,8,19
WBGene00206473.,1,18,19
WBGene00206474.,46,176,222
WBGene00206475.,5,9,14
WBGene00206477.,2,1,3
WBGene00206478.,0,11,11
WBGene00206479.,32,6,38
WBGene00206481.,6,1,7
WBGene00206482.,6,39,45
WBGene00206483.,2,1,3
WBGene00206484.,9,55,64
WBGene00206485.,9,13,22
WBGene00206486.,9,7,16
WBGene00206487.,39,1212,1251
WBGene00206488.,117,120,237
WBGene00206489.,257,387,644
WBGene00206490.,0,1,1
WBGene00206491.,17,15,32
WBGene00206492.,0,0,0
WBGene00206493.,0,4,4
WBGene00206494.,1,1,2
WBGene00206495.,2,1,3
WBGene00206496.,1,1,2
WBGene00206497.,4,6,10
WBGene00206498.,2,0,2
WBGene00206499.,0,0,0
WBGene00206500.,0,0,0
WBGene00206501.,1,0,1
WBGene00206502.,9,22,31
WBGene00206503.,0,0,0
WBGene00206504.,0,0,0
WBGene00206505.,15,421,436
WBGene00206506.,2,1,3
WBGene00206507.,1,3,4
WBGene00206508.,3,1,4
WBGene00206509.,0,5,5
WBGene00206510.,1,2,3
WBGene00206511.,9,1,10
WBGene00206512.,2,20,22
WBGene00206513.,5,12,17
WBGene00206514.,2,10,12
WBGene00206515.,6,11,17
WBGene00206516.,340,0,340
WBGene00206517.,3,145,148
WBGene00206518.,2,1,3
WBGene00206519.,0,5,5
WBGene00206520.,1,4,5
WBGene00206521.,0,0,0
WBGene00206522.,188,10567,10755
WBGene00206523.,0,2,2
WBGene00206524.,1,20,21
WBGene00206525.,214,3775,3989
WBGene00206526.,5,33,38
WBGene00206527.,1,13,14
WBGene00206528.,0,51,51
WBGene00206529.,107,1062,1169
WBGene00206530.,60,36,96
WBGene00206531.,0,1,1
WBGene00206532.,492,285,777
WBGene00206533.,178,61,239
WBGene00206534.,0,2,2
WBGene00206535.,0,5,5
WBGene00206536.,11,7,18
WBGene00206537.,16,8,24
WBGene00206538.,54,625,679
WBGene00215616.,58,179,237
WBGene00219205.,3,17,20
WBGene00219206.,5,285,290
WBGene00219207.,0,1305,1305
WBGene00219208.,32,585,617
WBGene00219209.,65,31,96
WBGene00219210.,9,79,88
WBGene00219212.,0,0,0
WBGene00219214.,3,2,5
WBGene00219215.,2,1,3
WBGene00219216.,29,68,97
WBGene00219217.,0,1,1
WBGene00219218.,3,47,50
WBGene00219219.,0,0,0
WBGene00219220.,0,3,3
WBGene00219221.,0,40,40
WBGene00219222.,0,0,0
WBGene00219223.,0,0,0
WBGene00219224.,0,0,0
WBGene00219225.,0,0,0
WBGene00219226.,0,0,0
WBGene00219227.,0,1,1
WBGene00219228.,0,0,0
WBGene00219229.,0,4,4
WBGene00219230.,0,0,0
WBGene00219231.,0,0,0
WBGene00219232.,0,0,0
WBGene00219233.,0,0,0
WBGene00219234.,4,3,7
WBGene00219235.,0,33,33
WBGene00219236.,10,377,387
WBGene00219238.,1,0,1
WBGene00219239.,1,0,1
WBGene00219241.,3,8,11
WBGene00219242.,0,0,0
WBGene00219243.,59,67,126
WBGene00219244.,2,1,3
WBGene00219245.,0,2,2
WBGene00219246.,0,0,0
WBGene00219247.,0,0,0
WBGene00219248.,0,0,0
WBGene00219249.,0,0,0
WBGene00219250.,0,0,0
WBGene00219251.,0,0,0
WBGene00219252.,0,0,0
WBGene00219253.,0,0,0
WBGene00219254.,0,0,0
WBGene00219255.,0,0,0
WBGene00219256.,0,0,0
WBGene00219257.,0,0,0
WBGene00219258.,0,0,0
WBGene00219259.,0,0,0
WBGene00219260.,0,0,0
WBGene00219261.,0,0,0
WBGene00219262.,0,1,1
WBGene00219263.,0,1,1
WBGene00219264.,0,0,0
WBGene00219265.,0,5,5
WBGene00219266.,0,3,3
WBGene00219267.,0,18,18
WBGene00219269.,0,3,3
WBGene00219270.,0,1,1
WBGene00219271.,0,36,36
WBGene00219272.,10,2,12
WBGene00219274.,247,1523,1770
WBGene00219275.,239,2648,2887
WBGene00219278.,0,9,9
WBGene00219279.,2,0,2
WBGene00219280.,5,62,67
WBGene00219281.,40,7,47
WBGene00219282.,2,13,15
WBGene00219283.,390,76,466
WBGene00219284.,2,3,5
WBGene00219285.,7,19,26
WBGene00219286.,0,61,61
WBGene00219287.,30,708,738
WBGene00219288.,71,168,239
WBGene00219289.,404,289,693
WBGene00219290.,1,0,1
WBGene00219291.,0,2,2
WBGene00219292.,8,13,21
WBGene00219293.,9,7,16
WBGene00219294.,17,224,241
WBGene00219295.,14,15,29
WBGene00219296.,1,1,2
WBGene00219297.,6,16,22
WBGene00219298.,4,7,11
WBGene00219299.,4,26,30
WBGene00219300.,30,169,199
WBGene00219301.,0,0,0
WBGene00219302.,0,16,16
WBGene00219303.,28,58,86
WBGene00219304.,132,4308,4440
WBGene00219306.,13,268,281
WBGene00219307.,803,5636,6439
WBGene00219308.,0,8,8
WBGene00219309.,1,21,22
WBGene00219310.,2,7,9
WBGene00219311.,0,0,0
WBGene00219312.,0,0,0
WBGene00219313.,68,2651,2719
WBGene00219314.,1,0,1
WBGene00219315.,0,3,3
WBGene00219316.,16,174,190
WBGene00219317.,3,36,39
WBGene00219318.,1,1,2
WBGene00219319.,20,5,25
WBGene00219321.,3,2,5
WBGene00219322.,0,0,0
WBGene00219323.,0,0,0
WBGene00219324.,0,4,4
WBGene00219325.,12,21,33
WBGene00219326.,0,5,5
WBGene00219327.,0,1,1
WBGene00219329.,252,266,518
WBGene00219330.,6,1,7
WBGene00219331.,0,0,0
WBGene00219332.,38,2,40
WBGene00219337.,179,80,259
WBGene00219342.,0,2,2
WBGene00219343.,0,123,123
WBGene00219351.,2,13,15
WBGene00219352.,1,0,1
WBGene00219362.,78,129,207
WBGene00219368.,0,7,7
WBGene00219369.,0,4,4
WBGene00219370.,0,1,1
WBGene00219371.,3,12,15
WBGene00219373.,14,1075,1089
WBGene00219374.,37,11,48
WBGene00219375.,139,1346,1485
WBGene00219376.,15,328,343
WBGene00219377.,3,72,75
WBGene00219378.,0,4,4
WBGene00219381.,5,1,6
WBGene00219383.,1,1,2
WBGene00219394.,0,0,0
WBGene00219395.,3,0,3
WBGene00219399.,20,22,42
WBGene00219410.,33,19,52
WBGene00219411.,16,18,34
WBGene00219412.,0,149,149
WBGene00219413.,4,104,108
WBGene00219414.,5,5,10
WBGene00219415.,24,31,55
WBGene00219416.,1,1,2
WBGene00219417.,2,18,20
WBGene00219418.,0,2,2
WBGene00219420.,0,53,53
WBGene00219421.,0,50,50
WBGene00219422.,13,34,47
WBGene00219423.,9,10,19
WBGene00219424.,13,45,58
WBGene00219425.,192,342,534
WBGene00219434.,2,37,39
WBGene00219436.,18,124,142
WBGene00219437.,3,2,5
WBGene00219442.,0,4,4
WBGene00219443.,0,1,1
WBGene00219444.,84,24,108
WBGene00219445.,0,0,0
WBGene00219446.,0,0,0
WBGene00219447.,0,0,0
WBGene00219448.,7,19,26
WBGene00219449.,10,20,30
WBGene00219450.,13,141,154
WBGene00219451.,2,165,167
WBGene00219452.,4,7,11
WBGene00219453.,0,2,2
WBGene00219454.,0,0,0
WBGene00219455.,0,1,1
WBGene00219456.,0,5,5
WBGene00219458.,3,3,6
WBGene00219460.,21,4,25
WBGene00219476.,10,17,27
WBGene00219477.,0,0,0
WBGene00219478.,0,1,1
WBGene00219483.,9,1,10
WBGene00219489.,0,2,2
WBGene00219490.,2,62,64
WBGene00219491.,0,2,2
WBGene00219492.,2,1,3
WBGene00219493.,0,0,0
WBGene00219497.,1,4,5
WBGene00219498.,4,6,10
WBGene00219544.,0,0,0
WBGene00219545.,0,11,11
WBGene00219546.,6,11,17
WBGene00219547.,0,12,12
WBGene00219548.,0,136,136
WBGene00219549.,0,0,0
WBGene00219550.,0,0,0
WBGene00219551.,0,19,19
WBGene00219552.,50,0,50
WBGene00219553.,2,1,3
WBGene00219554.,3,1,4
WBGene00219555.,0,2,2
WBGene00219556.,0,0,0
WBGene00219557.,12,49,61
WBGene00219558.,0,0,0
WBGene00219559.,0,305,305
WBGene00219560.,0,0,0
WBGene00219561.,0,0,0
WBGene00219562.,15,9,24
WBGene00219563.,84,15,99
WBGene00219564.,0,0,0
WBGene00219565.,8,33,41
WBGene00219566.,0,21,21
WBGene00219567.,11,69,80
WBGene00219568.,0,5,5
WBGene00219569.,0,85,85
WBGene00219570.,31,63,94
WBGene00219571.,43,511,554
WBGene00219572.,416,17,433
WBGene00219573.,0,4,4
WBGene00219574.,0,10,10
WBGene00219575.,60,420,480
WBGene00219576.,0,0,0
WBGene00219577.,0,2,2
WBGene00219578.,0,14,14
WBGene00219579.,0,0,0
WBGene00219580.,3,0,3
WBGene00219581.,0,805,805
WBGene00219582.,0,26,26
WBGene00219583.,4,38,42
WBGene00219584.,0,12,12
WBGene00219585.,0,0,0
WBGene00219586.,83,16,99
WBGene00219587.,5,17,22
WBGene00219588.,2,3,5
WBGene00219589.,55,437,492
WBGene00219590.,0,396,396
WBGene00219591.,0,78,78
WBGene00219592.,0,524,524
WBGene00219593.,0,0,0
WBGene00219594.,0,0,0
WBGene00219596.,2,11,13
WBGene00219597.,0,7,7
WBGene00219598.,2,81,83
WBGene00219599.,6,0,6
WBGene00219600.,360,88,448
WBGene00219601.,158,223,381
WBGene00219602.,0,236,236
WBGene00219603.,7,13,20
WBGene00219604.,0,1,1
WBGene00219605.,151,194,345
WBGene00219606.,7,86,93
WBGene00219607.,0,41,41
WBGene00219608.,0,125,125
WBGene00219609.,0,14885,14885
WBGene00219610.,0,27,27
WBGene00219611.,0,1,1
WBGene00219612.,6,27,33
WBGene00219613.,142,4,146
WBGene00219614.,48,29,77
WBGene00219615.,56,266,322
WBGene00219616.,0,0,0
WBGene00219617.,48,385,433
WBGene00219618.,0,44,44
WBGene00219619.,16,101,117
WBGene00219620.,83,8,91
WBGene00219621.,0,0,0
WBGene00219622.,0,0,0
WBGene00219623.,1,3,4
WBGene00219624.,0,3,3
WBGene00219625.,29,83,112
WBGene00219626.,8,14,22
WBGene00219627.,61,38,99
WBGene00219628.,0,6,6
WBGene00219629.,46,64,110
WBGene00219630.,78,3,81
WBGene00219631.,0,2,2
WBGene00219632.,1,3,4
WBGene00219633.,0,44,44
WBGene00219634.,0,0,0
WBGene00219635.,0,0,0
WBGene00219636.,83,224,307
WBGene00219637.,0,15,15
WBGene00219638.,0,22,22
WBGene00219639.,8,85,93
WBGene00219640.,5,4,9
WBGene00219641.,17,191,208
WBGene00219642.,41,12,53
WBGene00219643.,0,0,0
WBGene00219644.,6,9,15
WBGene00219645.,35,26,61
WBGene00219646.,0,1,1
WBGene00219647.,252,361,613
WBGene00219648.,0,17,17
WBGene00219649.,0,118,118
WBGene00219650.,0,320,320
WBGene00219651.,0,20,20
WBGene00219652.,1,0,1
WBGene00219653.,0,10,10
WBGene00219654.,22,52,74
WBGene00219655.,0,63,63
WBGene00219656.,33,7,40
WBGene00219657.,0,23,23
WBGene00219658.,2,5,7
WBGene00219659.,0,48,48
WBGene00219660.,4,20,24
WBGene00219661.,14,59,73
WBGene00219662.,0,6,6
WBGene00219663.,0,0,0
WBGene00219664.,0,119,119
WBGene00219665.,16,78,94
WBGene00219666.,74,13,87
WBGene00219667.,3,12,15
WBGene00219668.,0,5,5
WBGene00219669.,0,10,10
WBGene00219670.,0,1,1
WBGene00219671.,0,2,2
WBGene00219672.,193,286,479
WBGene00219673.,25,75,100
WBGene00219674.,0,14,14
WBGene00219675.,0,797,797
WBGene00219676.,0,19,19
WBGene00219677.,0,18,18
WBGene00219678.,65,471,536
WBGene00219679.,28,0,28
WBGene00219680.,0,314,314
WBGene00219681.,1,55,56
WBGene00219682.,0,84,84
WBGene00219683.,56,52,108
WBGene00219684.,0,2,2
WBGene00219685.,2,8,10
WBGene00219686.,6,104,110
WBGene00219687.,26,119,145
WBGene00219688.,28,148,176
WBGene00219689.,1,51,52
WBGene00219690.,0,0,0
WBGene00219691.,4,25,29
WBGene00219692.,1,0,1
WBGene00219693.,0,0,0
WBGene00219694.,3,28,31
WBGene00219695.,143,168,311
WBGene00219696.,0,32,32
WBGene00219697.,0,131,131
WBGene00219698.,0,0,0
WBGene00219699.,137,1353,1490
WBGene00219700.,0,115,115
WBGene00219701.,17,125,142
WBGene00219702.,0,51,51
WBGene00219703.,0,3,3
WBGene00219704.,1,3,4
WBGene00219705.,0,0,0
WBGene00219706.,1,4,5
WBGene00219707.,370,3036,3406
WBGene00219708.,17,311,328
WBGene00219709.,0,7,7
WBGene00219710.,0,52,52
WBGene00219711.,70,116,186
WBGene00219712.,30,14,44
WBGene00219713.,0,20,20
WBGene00219714.,1,0,1
WBGene00219715.,1,56,57
WBGene00219716.,0,5,5
WBGene00219717.,0,1,1
WBGene00219718.,51,124,175
WBGene00219719.,106,128,234
WBGene00219720.,0,1092,1092
WBGene00219721.,6,173,179
WBGene00219722.,0,128,128
WBGene00219723.,14,53,67
WBGene00219724.,0,0,0
WBGene00219725.,10,217,227
WBGene00219726.,3,7,10
WBGene00219727.,7,26,33
WBGene00219728.,1,30,31
WBGene00219729.,0,71,71
WBGene00219730.,0,31,31
WBGene00219731.,0,137,137
WBGene00219732.,13,4,17
WBGene00219733.,33,11,44
WBGene00219734.,0,246,246
WBGene00219735.,0,19,19
WBGene00219736.,26,173,199
WBGene00219737.,9,2,11
WBGene00219738.,0,57,57
WBGene00219739.,115,104,219
WBGene00219740.,2,1,3
WBGene00219741.,0,2,2
WBGene00219742.,0,29,29
WBGene00219743.,51,188,239
WBGene00219744.,0,0,0
WBGene00219745.,36,21,57
WBGene00219746.,0,783,783
WBGene00219747.,0,0,0
WBGene00219748.,52,350,402
WBGene00219749.,0,90,90
WBGene00219750.,1,25,26
WBGene00219751.,0,16,16
WBGene00219752.,0,9,9
WBGene00219753.,1,149,150
WBGene00219754.,10,11,21
WBGene00219755.,24,514,538
WBGene00219756.,16,167,183
WBGene00219757.,0,0,0
WBGene00219758.,11,1942,1953
WBGene00219759.,0,1,1
WBGene00219760.,0,0,0
WBGene00219761.,0,0,0
WBGene00219762.,10,7,17
WBGene00219763.,10,81,91
WBGene00219764.,0,3,3
WBGene00219765.,225,43,268
WBGene00219766.,0,36,36
WBGene00219767.,32,0,32
WBGene00219768.,0,7,7
WBGene00219769.,2,25,27
WBGene00219770.,6,8,14
WBGene00219771.,91,1111,1202
WBGene00219772.,1,4,5
WBGene00219773.,5,4,9
WBGene00219774.,1,0,1
WBGene00219775.,7,6,13
WBGene00219776.,0,0,0
WBGene00219777.,0,0,0
WBGene00219778.,0,0,0
WBGene00219779.,0,0,0
WBGene00219780.,0,0,0
WBGene00219781.,0,2,2
WBGene00219782.,0,0,0
WBGene00219783.,0,0,0
WBGene00219784.,0,0,0
WBGene00219785.,0,0,0
WBGene00219786.,0,2,2
WBGene00219787.,0,0,0
WBGene00219788.,0,3,3
WBGene00219789.,0,0,0
WBGene00219790.,0,0,0
WBGene00219791.,0,6,6
WBGene00219792.,0,3,3
WBGene00219793.,0,5,5
WBGene00219794.,0,0,0
WBGene00219795.,0,0,0
WBGene00219796.,0,23,23
WBGene00219797.,0,0,0
WBGene00219798.,0,6,6
WBGene00219799.,0,8,8
WBGene00219800.,0,615,615
WBGene00219801.,0,77,77
WBGene00219803.,0,21,21
WBGene00219804.,0,7,7
WBGene00219805.,0,2,2
WBGene00219806.,0,0,0
WBGene00219807.,0,0,0
WBGene00219808.,0,0,0
WBGene00219809.,0,1,1
WBGene00219810.,0,5,5
WBGene00219811.,0,12,12
WBGene00219812.,0,2,2
WBGene00219813.,0,0,0
WBGene00219814.,0,0,0
WBGene00219815.,0,3,3
WBGene00219816.,0,1543,1543
WBGene00219817.,0,0,0
WBGene00219818.,0,0,0
WBGene00219819.,0,0,0
WBGene00219820.,0,0,0
WBGene00219821.,0,7,7
WBGene00219822.,0,106,106
WBGene00219823.,0,5,5
WBGene00219824.,0,68,68
WBGene00219825.,0,5,5
WBGene00219826.,0,0,0
WBGene00219827.,0,6,6
WBGene00219828.,0,0,0
WBGene00219829.,0,2,2
WBGene00219830.,0,0,0
WBGene00219831.,0,0,0
WBGene00219832.,0,4,4
WBGene00219833.,0,11,11
WBGene00219834.,0,21,21
WBGene00219835.,0,23,23
WBGene00219836.,0,2,2
WBGene00219837.,0,0,0
WBGene00219838.,204,119,323
WBGene00219839.,0,1,1
WBGene00219840.,0,0,0
WBGene00219841.,0,7,7
WBGene00219842.,0,0,0
WBGene00219843.,0,0,0
WBGene00219844.,0,0,0
WBGene00219845.,0,1,1
WBGene00219846.,0,17,17
WBGene00219847.,0,7,7
WBGene00219848.,0,0,0
WBGene00219849.,0,75406,75406
WBGene00219850.,0,13,13
WBGene00219851.,0,27,27
WBGene00219852.,0,0,0
WBGene00219853.,0,0,0
WBGene00219854.,0,0,0
WBGene00219855.,0,0,0
WBGene00219856.,0,0,0
WBGene00219857.,0,0,0
WBGene00219858.,0,0,0
WBGene00219859.,0,13,13
WBGene00219860.,0,0,0
WBGene00219861.,0,0,0
WBGene00219862.,0,0,0
WBGene00219863.,0,8,8
WBGene00219864.,0,0,0
WBGene00219865.,0,0,0
WBGene00219866.,0,0,0
WBGene00219867.,0,0,0
WBGene00219868.,0,41,41
WBGene00219869.,0,4,4
WBGene00219870.,0,0,0
WBGene00219871.,0,0,0
WBGene00219872.,0,0,0
WBGene00219873.,0,0,0
WBGene00219874.,0,3,3
WBGene00219875.,0,0,0
WBGene00219876.,0,0,0
WBGene00219877.,0,5,5
WBGene00219878.,0,0,0
WBGene00219879.,0,2,2
WBGene00219880.,0,0,0
WBGene00219881.,0,0,0
WBGene00219882.,0,6,6
WBGene00219883.,0,3,3
WBGene00219884.,0,0,0
WBGene00219885.,0,57,57
WBGene00219886.,0,23541,23541
WBGene00219887.,0,0,0
WBGene00219888.,0,17,17
WBGene00219889.,0,0,0
WBGene00219890.,0,0,0
WBGene00219891.,0,0,0
WBGene00219892.,0,1,1
WBGene00219893.,0,0,0
WBGene00219894.,0,0,0
WBGene00219895.,0,42,42
WBGene00219896.,0,0,0
WBGene00219897.,0,0,0
WBGene00219898.,0,0,0
WBGene00219899.,0,66,66
WBGene00219900.,0,0,0
WBGene00219901.,0,0,0
WBGene00219902.,0,0,0
WBGene00219903.,0,0,0
WBGene00219904.,0,0,0
WBGene00219905.,0,1,1
WBGene00219906.,0,9,9
WBGene00219907.,0,0,0
WBGene00219908.,0,0,0
WBGene00219909.,0,39,39
WBGene00219910.,0,1,1
WBGene00219911.,0,6,6
WBGene00219912.,0,124,124
WBGene00219913.,0,0,0
WBGene00219914.,0,0,0
WBGene00219915.,0,0,0
WBGene00219916.,0,2,2
WBGene00219917.,0,0,0
WBGene00219918.,0,0,0
WBGene00219919.,0,2,2
WBGene00219920.,0,0,0
WBGene00219921.,0,4,4
WBGene00219922.,0,1,1
WBGene00219923.,0,3,3
WBGene00219924.,0,0,0
WBGene00219925.,0,0,0
WBGene00219926.,0,36,36
WBGene00219927.,0,0,0
WBGene00219928.,0,0,0
WBGene00219929.,0,0,0
WBGene00219930.,0,0,0
WBGene00219931.,0,0,0
WBGene00219932.,0,0,0
WBGene00219933.,0,0,0
WBGene00219934.,0,0,0
WBGene00219935.,0,56,56
WBGene00219936.,0,1,1
WBGene00219937.,0,4,4
WBGene00219938.,0,0,0
WBGene00219939.,0,0,0
WBGene00219940.,0,0,0
WBGene00219941.,0,0,0
WBGene00219942.,0,4,4
WBGene00219943.,0,19,19
WBGene00219944.,0,0,0
WBGene00219945.,0,0,0
WBGene00219946.,0,0,0
WBGene00219947.,0,0,0
WBGene00219948.,0,0,0
WBGene00219949.,0,1,1
WBGene00219950.,0,1450,1450
WBGene00219951.,0,0,0
WBGene00219952.,0,2,2
WBGene00219953.,0,4,4
WBGene00219954.,0,0,0
WBGene00219955.,0,0,0
WBGene00219956.,0,0,0
WBGene00219957.,0,26,26
WBGene00219958.,0,22,22
WBGene00219959.,0,587,587
WBGene00219960.,0,0,0
WBGene00219961.,0,0,0
WBGene00219962.,0,0,0
WBGene00219963.,0,3,3
WBGene00219964.,0,0,0
WBGene00219965.,0,0,0
WBGene00219966.,0,0,0
WBGene00219967.,0,1,1
WBGene00219968.,0,14,14
WBGene00219969.,0,0,0
WBGene00219970.,0,9,9
WBGene00219971.,0,0,0
WBGene00219972.,0,20,20
WBGene00219973.,0,0,0
WBGene00219974.,0,0,0
WBGene00219975.,0,0,0
WBGene00219976.,0,21,21
WBGene00219977.,0,2,2
WBGene00219978.,0,0,0
WBGene00219979.,0,13,13
WBGene00219980.,0,0,0
WBGene00219981.,0,0,0
WBGene00219982.,0,1,1
WBGene00219983.,0,0,0
WBGene00219984.,0,0,0
WBGene00219985.,0,0,0
WBGene00219986.,0,0,0
WBGene00219987.,0,55,55
WBGene00219988.,0,0,0
WBGene00219989.,0,0,0
WBGene00219990.,0,0,0
WBGene00219991.,0,0,0
WBGene00219992.,0,0,0
WBGene00219994.,0,0,0
WBGene00219995.,0,62,62
WBGene00219996.,0,5,5
WBGene00219997.,0,0,0
WBGene00219998.,0,0,0
WBGene00219999.,0,0,0
WBGene00220000.,0,81,81
WBGene00220001.,0,0,0
WBGene00220002.,0,1,1
WBGene00220003.,0,0,0
WBGene00220004.,0,0,0
WBGene00220005.,0,3,3
WBGene00220006.,0,0,0
WBGene00220007.,0,0,0
WBGene00220008.,0,0,0
WBGene00220009.,0,2,2
WBGene00220010.,0,0,0
WBGene00220011.,0,9,9
WBGene00220012.,0,10,10
WBGene00220013.,0,0,0
WBGene00220014.,0,0,0
WBGene00220015.,0,0,0
WBGene00220016.,0,0,0
WBGene00220017.,0,34,34
WBGene00220018.,0,1,1
WBGene00220019.,0,0,0
WBGene00220020.,0,0,0
WBGene00220021.,0,0,0
WBGene00220022.,0,0,0
WBGene00220023.,0,0,0
WBGene00220024.,0,2,2
WBGene00220025.,0,0,0
WBGene00220026.,0,0,0
WBGene00220027.,0,0,0
WBGene00220028.,0,0,0
WBGene00220029.,0,35,35
WBGene00220030.,0,11,11
WBGene00220031.,0,0,0
WBGene00220032.,0,94,94
WBGene00220033.,0,3,3
WBGene00220034.,0,0,0
WBGene00220035.,0,0,0
WBGene00220036.,0,0,0
WBGene00220037.,0,5,5
WBGene00220038.,0,0,0
WBGene00220039.,0,5,5
WBGene00220040.,0,0,0
WBGene00220041.,0,17,17
WBGene00220042.,0,3,3
WBGene00220043.,0,5,5
WBGene00220044.,0,56,56
WBGene00220045.,0,15,15
WBGene00220046.,0,0,0
WBGene00220047.,0,12,12
WBGene00220048.,0,0,0
WBGene00220049.,0,0,0
WBGene00220050.,0,0,0
WBGene00220051.,0,11,11
WBGene00220052.,0,11,11
WBGene00220053.,0,6,6
WBGene00220054.,0,1,1
WBGene00220055.,0,12,12
WBGene00220056.,0,0,0
WBGene00220057.,0,0,0
WBGene00220058.,0,1,1
WBGene00220059.,0,1,1
WBGene00220060.,0,0,0
WBGene00220061.,0,12,12
WBGene00220062.,0,0,0
WBGene00220063.,0,0,0
WBGene00220064.,0,12,12
WBGene00220065.,0,0,0
WBGene00220066.,0,2,2
WBGene00220067.,0,0,0
WBGene00220068.,0,3,3
WBGene00220069.,0,0,0
WBGene00220070.,0,0,0
WBGene00220071.,0,0,0
WBGene00220072.,0,277,277
WBGene00220073.,0,3,3
WBGene00220074.,0,0,0
WBGene00220075.,0,0,0
WBGene00220076.,0,1,1
WBGene00220077.,0,0,0
WBGene00220078.,0,15,15
WBGene00220079.,0,0,0
WBGene00220080.,0,8,8
WBGene00220081.,0,5,5
WBGene00220082.,0,4,4
WBGene00220083.,0,0,0
WBGene00220084.,0,1,1
WBGene00220085.,0,0,0
WBGene00220086.,0,0,0
WBGene00220087.,0,0,0
WBGene00220088.,0,8,8
WBGene00220089.,0,932,932
WBGene00220090.,0,0,0
WBGene00220091.,0,9,9
WBGene00220092.,0,21,21
WBGene00220093.,0,0,0
WBGene00220094.,0,0,0
WBGene00220095.,0,2,2
WBGene00220096.,0,2,2
WBGene00220097.,0,11,11
WBGene00220098.,0,1,1
WBGene00220099.,0,2,2
WBGene00220100.,0,9,9
WBGene00220101.,0,18,18
WBGene00220102.,0,0,0
WBGene00220104.,0,0,0
WBGene00220105.,0,0,0
WBGene00220106.,0,97,97
WBGene00220107.,0,0,0
WBGene00220108.,0,31,31
WBGene00220109.,0,0,0
WBGene00220110.,0,0,0
WBGene00220111.,0,291,291
WBGene00220112.,0,0,0
WBGene00220113.,0,1,1
WBGene00220114.,0,0,0
WBGene00220115.,0,0,0
WBGene00220116.,0,0,0
WBGene00220117.,0,51,51
WBGene00220118.,0,0,0
WBGene00220119.,0,2,2
WBGene00220120.,0,0,0
WBGene00220121.,0,0,0
WBGene00220122.,0,5,5
WBGene00220123.,0,0,0
WBGene00220124.,0,0,0
WBGene00220125.,0,0,0
WBGene00220126.,0,0,0
WBGene00220127.,0,0,0
WBGene00220128.,0,0,0
WBGene00220129.,0,0,0
WBGene00220130.,0,0,0
WBGene00220131.,0,0,0
WBGene00220132.,0,0,0
WBGene00220133.,128,499,627
WBGene00220134.,0,47,47
WBGene00220135.,0,0,0
WBGene00220136.,0,0,0
WBGene00220137.,0,0,0
WBGene00220138.,0,0,0
WBGene00220139.,0,0,0
WBGene00220140.,0,0,0
WBGene00220141.,0,357,357
WBGene00220142.,0,3,3
WBGene00220143.,0,0,0
WBGene00220144.,0,0,0
WBGene00220145.,0,0,0
WBGene00220146.,0,29,29
WBGene00220147.,0,14,14
WBGene00220148.,0,0,0
WBGene00220149.,0,1,1
WBGene00220150.,0,0,0
WBGene00220151.,0,0,0
WBGene00220152.,0,0,0
WBGene00220153.,0,0,0
WBGene00220154.,0,1,1
WBGene00220155.,0,0,0
WBGene00220156.,0,3,3
WBGene00220157.,0,2,2
WBGene00220158.,0,0,0
WBGene00220159.,0,74,74
WBGene00220160.,0,114,114
WBGene00220161.,0,0,0
WBGene00220162.,0,0,0
WBGene00220163.,0,0,0
WBGene00220164.,0,2,2
WBGene00220165.,0,243,243
WBGene00220166.,0,0,0
WBGene00220167.,0,0,0
WBGene00220168.,0,1,1
WBGene00220169.,0,0,0
WBGene00220170.,0,1,1
WBGene00220171.,0,0,0
WBGene00220172.,0,0,0
WBGene00220173.,0,0,0
WBGene00220174.,0,0,0
WBGene00220175.,0,10,10
WBGene00220176.,0,7,7
WBGene00220177.,0,0,0
WBGene00220178.,0,0,0
WBGene00220179.,0,0,0
WBGene00220180.,0,0,0
WBGene00220181.,0,0,0
WBGene00220182.,0,0,0
WBGene00220183.,0,12,12
WBGene00220184.,0,0,0
WBGene00220185.,0,0,0
WBGene00220186.,0,6,6
WBGene00220187.,0,0,0
WBGene00220188.,0,0,0
WBGene00220189.,0,0,0
WBGene00220190.,0,0,0
WBGene00220191.,0,0,0
WBGene00220192.,0,0,0
WBGene00220193.,0,0,0
WBGene00220194.,0,3,3
WBGene00220195.,0,0,0
WBGene00220196.,0,0,0
WBGene00220197.,0,0,0
WBGene00220198.,0,85,85
WBGene00220199.,0,0,0
WBGene00220200.,0,0,0
WBGene00220201.,0,2,2
WBGene00220202.,0,0,0
WBGene00220203.,0,0,0
WBGene00220204.,0,6,6
WBGene00220205.,0,0,0
WBGene00220206.,0,3,3
WBGene00220207.,0,0,0
WBGene00220208.,0,0,0
WBGene00220209.,0,1,1
WBGene00220210.,0,0,0
WBGene00220211.,0,0,0
WBGene00220212.,0,1,1
WBGene00220213.,0,0,0
WBGene00220214.,0,45,45
WBGene00220215.,0,0,0
WBGene00220216.,0,0,0
WBGene00220217.,0,0,0
WBGene00220218.,0,0,0
WBGene00220219.,0,4,4
WBGene00220220.,0,15,15
WBGene00220221.,0,4,4
WBGene00220222.,0,6,6
WBGene00220223.,0,6,6
WBGene00220224.,0,0,0
WBGene00220225.,0,0,0
WBGene00220226.,0,0,0
WBGene00220227.,0,0,0
WBGene00220228.,0,16,16
WBGene00220229.,0,0,0
WBGene00220230.,0,0,0
WBGene00220231.,0,1,1
WBGene00220232.,0,1,1
WBGene00220233.,0,58,58
WBGene00220234.,0,13,13
WBGene00220235.,0,8,8
WBGene00220236.,0,243,243
WBGene00220237.,0,33,33
WBGene00220238.,0,206,206
WBGene00220239.,0,2816,2816
WBGene00220240.,0,0,0
WBGene00220241.,0,0,0
WBGene00220242.,0,0,0
WBGene00220243.,0,17,17
WBGene00220244.,0,0,0
WBGene00220245.,0,2,2
WBGene00220246.,0,0,0
WBGene00220247.,0,0,0
WBGene00220248.,0,16,16
WBGene00220249.,0,6,6
WBGene00220250.,25,3,28
WBGene00220251.,57,88,145
WBGene00220252.,81,54,135
WBGene00220253.,0,3,3
WBGene00220254.,1,4,5
WBGene00220255.,0,0,0
WBGene00220256.,4,0,4
WBGene00220257.,3,80,83
WBGene00220258.,0,160,160
WBGene00220259.,15,122,137
WBGene00220260.,114,9,123
WBGene00220261.,7,21,28
WBGene00235003.,13,1,14
WBGene00235080.,0,0,0
WBGene00235081.,0,0,0
WBGene00235084.,0,0,0
WBGene00235085.,0,0,0
WBGene00235086.,0,2,2
WBGene00235087.,0,0,0
WBGene00235088.,0,0,0
WBGene00235089.,1,0,1
WBGene00235090.,0,3,3
WBGene00235091.,1,0,1
WBGene00235092.,1,2,3
WBGene00235093.,0,5,5
WBGene00235094.,0,0,0
WBGene00235095.,4,24,28
WBGene00235102.,22,5777,5799
WBGene00235106.,0,18,18
WBGene00235107.,0,3,3
WBGene00235108.,1,0,1
WBGene00235109.,12,9,21
WBGene00235110.,3,5,8
WBGene00235111.,0,1,1
WBGene00235112.,0,13,13
WBGene00235113.,0,25,25
WBGene00235114.,18,354,372
WBGene00235115.,0,1,1
WBGene00235116.,9,11,20
WBGene00235117.,4,0,4
WBGene00235118.,1,7,8
WBGene00235119.,2,1,3
WBGene00235120.,0,1,1
WBGene00235121.,1,3,4
WBGene00235128.,0,7,7
WBGene00235129.,4,4,8
WBGene00235132.,54,6,60
WBGene00235133.,2,38,40
WBGene00235134.,4,1,5
WBGene00235152.,1,13,14
WBGene00235153.,6,2,8
WBGene00235157.,0,6,6
WBGene00235158.,27,885,912
WBGene00235159.,0,0,0
WBGene00235160.,0,0,0
WBGene00235161.,0,1,1
WBGene00235162.,0,4,4
WBGene00235163.,0,0,0
WBGene00235164.,103,2073,2176
WBGene00235165.,0,1,1
WBGene00235166.,0,1,1
WBGene00235167.,0,4,4
WBGene00235175.,0,0,0
WBGene00235179.,0,0,0
WBGene00235180.,0,0,0
WBGene00235181.,0,7,7
WBGene00235183.,0,1,1
WBGene00235188.,0,0,0
WBGene00235190.,0,1,1
WBGene00235197.,0,2,2
WBGene00235198.,0,0,0
WBGene00235200.,0,0,0
WBGene00235201.,0,0,0
WBGene00235206.,0,0,0
WBGene00235209.,0,0,0
WBGene00235235.,0,7,7
WBGene00235237.,0,0,0
WBGene00235247.,0,0,0
WBGene00235250.,0,0,0
WBGene00235251.,0,3,3
WBGene00235252.,0,0,0
WBGene00235254.,0,7,7
WBGene00235255.,1,0,1
WBGene00235256.,0,48,48
WBGene00235257.,22,63,85
WBGene00235258.,4,2,6
WBGene00235259.,1,13,14
WBGene00235260.,45,17,62
WBGene00235261.,0,7,7
WBGene00235262.,0,1,1
WBGene00235263.,35,3,38
WBGene00235264.,2,0,2
WBGene00235265.,2,1,3
WBGene00235266.,1,0,1
WBGene00235267.,0,0,0
WBGene00235268.,47,623,670
WBGene00235269.,0,1298,1298
WBGene00235270.,0,1,1
WBGene00235271.,2,14,16
WBGene00235272.,1,2,3
WBGene00235273.,188,740,928
WBGene00235274.,25,429,454
WBGene00235275.,63,0,63
WBGene00235276.,0,0,0
WBGene00235277.,296,240,536
WBGene00235278.,4,16,20
WBGene00235279.,206,210,416
WBGene00235280.,7,13,20
WBGene00235281.,0,8,8
WBGene00235282.,0,0,0
WBGene00235283.,51,151,202
WBGene00235284.,0,1,1
WBGene00235285.,2,0,2
WBGene00235286.,2,5,7
WBGene00235287.,12,200,212
WBGene00235288.,0,0,0
WBGene00235289.,0,0,0
WBGene00235290.,2,0,2
WBGene00235291.,335,2719,3054
WBGene00235292.,13,15,28
WBGene00235293.,0,1,1
WBGene00235294.,0,5,5
WBGene00235295.,0,2,2
WBGene00235296.,0,190,190
WBGene00235297.,0,1,1
WBGene00235298.,0,3,3
WBGene00235299.,3,7,10
WBGene00235300.,0,32,32
WBGene00235301.,0,64,64
WBGene00235302.,0,0,0
WBGene00235303.,0,58,58
WBGene00235304.,0,2,2
WBGene00235305.,0,0,0
WBGene00235307.,3,0,3
WBGene00235308.,82,210,292
WBGene00235309.,0,0,0
WBGene00235310.,73,287,360
WBGene00235311.,0,0,0
WBGene00235312.,13,315,328
WBGene00235313.,38,153,191
WBGene00235314.,21,17,38
WBGene00235315.,51,745,796
WBGene00235316.,17,47,64
WBGene00235317.,0,0,0
WBGene00235318.,6,4,10
WBGene00235319.,0,16,16
WBGene00235320.,27,253,280
WBGene00235321.,79,0,79
WBGene00235322.,0,0,0
WBGene00235323.,0,1,1
WBGene00235324.,4,1,5
WBGene00235325.,45,442,487
WBGene00235326.,0,0,0
WBGene00235327.,3,0,3
WBGene00235328.,0,11,11
WBGene00235329.,6,10,16
WBGene00235330.,414,2089,2503
WBGene00235331.,0,33,33
WBGene00235332.,0,6,6
WBGene00235333.,2,2,4
WBGene00235334.,6,7,13
WBGene00235335.,0,1,1
WBGene00235336.,0,3,3
WBGene00235338.,8,12,20
WBGene00235339.,0,0,0
WBGene00235340.,0,10,10
WBGene00235341.,0,1,1
WBGene00235342.,0,0,0
WBGene00235343.,2,0,2
WBGene00235346.,0,330,330
WBGene00235348.,0,5,5
WBGene00235350.,69,11,80
WBGene00235351.,7,4,11
WBGene00235352.,12,167,179
WBGene00235353.,7,9,16
WBGene00235354.,1,1,2
WBGene00235355.,0,2,2
WBGene00235356.,0,0,0
WBGene00235357.,22,6,28
WBGene00235358.,0,1,1
WBGene00235359.,0,0,0
WBGene00235361.,0,1,1
WBGene00235362.,1,0,1
WBGene00235363.,0,0,0
WBGene00235364.,0,0,0
WBGene00235365.,0,4,4
WBGene00235366.,0,1,1
WBGene00235367.,0,5,5
WBGene00235368.,0,1,1
WBGene00235369.,0,0,0
WBGene00235370.,0,2,2
WBGene00235371.,0,2,2
WBGene00235372.,4,6,10
WBGene00235373.,0,0,0
WBGene00235374.,4,5,9
WBGene00235375.,4,3,7
WBGene00235376.,22,6,28
WBGene00235377.,0,0,0
WBGene00235378.,0,0,0
WBGene00235379.,0,0,0
WBGene00235380.,0,163,163
WBGene00235381.,0,0,0
WBGene00235382.,0,1,1
WBGene00235383.,4,13,17
WBGene00235385.,18,158,176
WBGene00235386.,3,0,3
WBGene00235387.,175,1391,1566
WBGene00235388.,3,5,8
WBGene00235389.,0,3,3
WBGene00235390.,3,2,5
WBGene00235391.,0,8,8
WBGene00236785.,0,101,101
WBGene00236786.,3,137,140
WBGene00236787.,0,47,47
WBGene00236788.,0,0,0
WBGene00236789.,13,71,84
WBGene00236797.,0,28,28
WBGene00236798.,0,35,35
WBGene00236799.,0,5,5
WBGene00236800.,0,117,117
WBGene00236806.,100,0,100
WBGene00236807.,0,1,1
WBGene00236808.,4,0,4
WBGene00236809.,15,79,94
WBGene00249808.,0,173,173
WBGene00249812.,0,0,0
WBGene00249813.,0,0,0
WBGene00249814.,0,0,0
WBGene00249815.,1636,504,2140
WBGene00249816.,0,5,5
WBGene00249817.,47,803,850
WBGene00249825.,0,4,4
WBGene00249826.,0,358,358
WBGene00255375.,0,3,3
WBGene00255420.,21,0,21
WBGene00255426.,0,28,28
WBGene00255435.,5,0,5
WBGene00255441.,0,3,3
WBGene00255457.,197,82,279
WBGene00255469.,4,11,15
WBGene00255522.,0,0,0
WBGene00255543.,0,3,3
WBGene00255545.,0,0,0
WBGene00255546.,0,1,1
WBGene00255549.,2,6,8
WBGene00255550.,0,0,0
WBGene00255553.,0,1,1
WBGene00255560.,0,0,0
WBGene00255561.,0,0,0
WBGene00255562.,0,0,0
WBGene00255563.,0,0,0
WBGene00255564.,0,0,0
WBGene00255565.,0,0,0
WBGene00255566.,0,1,1
WBGene00255567.,0,0,0
WBGene00255568.,0,0,0
WBGene00255569.,0,0,0
WBGene00255570.,0,0,0
WBGene00255571.,0,0,0
WBGene00255572.,0,0,0
WBGene00255573.,0,0,0
WBGene00255574.,0,0,0
WBGene00255575.,0,0,0
WBGene00255576.,0,1,1
WBGene00255577.,0,0,0
WBGene00255578.,0,0,0
WBGene00255579.,0,33,33
WBGene00255580.,0,0,0
WBGene00255581.,0,0,0
WBGene00255582.,0,0,0
WBGene00255583.,0,0,0
WBGene00255584.,0,0,0
WBGene00255586.,0,0,0
WBGene00255587.,0,0,0
WBGene00255588.,0,0,0
WBGene00255594.,3,38,41
WBGene00255595.,0,0,0
WBGene00255596.,0,7,7
WBGene00255597.,3,18,21
WBGene00255598.,21,70,91
WBGene00255600.,26,216,242
WBGene00255605.,0,53,53
WBGene00255606.,1,41,42
WBGene00255607.,0,0,0
WBGene00255611.,0,0,0
WBGene00255702.,10,57,67
WBGene00255703.,0,6,6
WBGene00255704.,0,153,153
WBGene00255709.,0,6,6
WBGene00255714.,3,145,148
WBGene00255728.,1,20,21
WBGene00255729.,4,10,14
WBGene00255730.,4,8,12
WBGene00255731.,7,32,39
WBGene00255732.,0,0,0
WBGene00255733.,3,11,14
WBGene00255736.,0,74,74
WBGene00268189.,0,8,8
WBGene00268190.,7,2,9
WBGene00268191.,0,2,2
WBGene00268192.,6,49,55
WBGene00268193.,3,5,8
WBGene00268194.,8,7,15
WBGene00268196.,100,187,287
WBGene00268197.,1,4,5
WBGene00268198.,0,0,0
WBGene00268199.,0,0,0
WBGene00268202.,2,5,7
WBGene00268203.,1,1,2
WBGene00268204.,0,11,11
WBGene00268205.,0,0,0
WBGene00268206.,4,46,50
WBGene00268207.,0,2,2
WBGene00268208.,261,12,273
WBGene00268209.,0,10,10
WBGene00268210.,3,6,9
WBGene00268211.,0,1,1
WBGene00268212.,35,4,39
WBGene00268213.,3,30,33
WBGene00268214.,10,14,24
WBGene00268215.,2,18,20
WBGene00268216.,6,2,8
WBGene00269331.,0,3,3
WBGene00269332.,0,0,0
WBGene00269333.,0,2,2
WBGene00269336.,0,2,2
WBGene00269337.,0,4,4
WBGene00269338.,0,19,19
WBGene00269346.,0,2,2
WBGene00269352.,0,0,0
WBGene00269355.,11,95,106
WBGene00269373.,0,16,16
WBGene00269376.,0,51,51
WBGene00269378.,81,275,356
WBGene00269379.,2,7,9
WBGene00269381.,0,2,2
WBGene00269382.,65,940,1005
WBGene00269383.,357,1249,1606
WBGene00269384.,2,40,42
WBGene00269385.,0,1,1
WBGene00269386.,0,122,122
WBGene00269387.,2,139,141
WBGene00269388.,0,0,0
WBGene00269389.,0,1,1
WBGene00269390.,4,16,20
WBGene00269391.,0,30,30
WBGene00269392.,2,12,14
WBGene00269393.,0,0,0
WBGene00269394.,1,0,1
WBGene00269419.,0,1,1
WBGene00269420.,0,0,0
WBGene00269421.,966,5900,6866
WBGene00269422.,0,20,20
WBGene00269423.,1,0,1
WBGene00269424.,6,37,43
WBGene00269425.,7,13,20
WBGene00269426.,0,3,3
WBGene00269427.,0,105,105
WBGene00269428.,5,14,19
WBGene00269429.,0,63,63
WBGene00269430.,0,0,0
WBGene00269431.,1,59,60
WBGene00269432.,43,420,463
WBGene00269433.,53,239,292
WBGene00269434.,2,560,562
WBGene00269435.,1,8,9
WBGene00269436.,7,17,24
WBGene00269437.,0,3,3
WBGene00269438.,5,25,30
WBGene00270290.,1,1,2
WBGene00270291.,0,1,1
WBGene00270292.,0,1,1
WBGene00270293.,0,4,4
WBGene00270303.,1,31,32
WBGene00270309.,51,236,287
WBGene00270318.,18,38,56
WBGene00270319.,0,254,254
WBGene00270320.,26,178,204
WBGene00270321.,35,167,202
WBGene00270322.,14,964,978
WBGene00271414.,28,432,460
WBGene00271415.,5,4,9
WBGene00271437.,24,92,116
WBGene00271444.,6,16,22
WBGene00271567.,10,17,27
WBGene00271577.,8,62,70
WBGene00271598.,4,34,38
WBGene00271605.,15,83,98
WBGene00271606.,50,989,1039
WBGene00271632.,0,121,121
WBGene00271633.,0,100,100
WBGene00271634.,0,14,14
WBGene00271635.,0,11,11
WBGene00271636.,39,742,781
WBGene00271637.,61,63,124
WBGene00271638.,0,38,38
WBGene00271639.,0,8,8
WBGene00271640.,7,21,28
WBGene00271641.,0,5,5
WBGene00271642.,97,8967,9064
WBGene00271643.,0,20,20
WBGene00271644.,0,36,36
WBGene00271645.,0,5,5
WBGene00271646.,0,32,32
WBGene00271647.,12,122,134
WBGene00271648.,0,4,4
WBGene00271649.,16,38,54
WBGene00271650.,0,85,85
WBGene00271651.,0,31,31
WBGene00271652.,23,11,34
WBGene00271653.,0,0,0
WBGene00271654.,0,14,14
WBGene00271655.,0,47,47
WBGene00271656.,0,11,11
WBGene00271657.,0,2,2
WBGene00271694.,5,370,375
WBGene00271701.,13,149,162
WBGene00271703.,0,0,0
WBGene00271706.,6,364,370
WBGene00271707.,1,8,9
WBGene00271715.,29,20,49
WBGene00271716.,238,812,1050
WBGene00271744.,41,147,188
WBGene00271774.,1,21,22
WBGene00271775.,139,3413,3552
WBGene00271776.,22,1,23
WBGene00271777.,180,15,195
WBGene00271778.,0,54,54
WBGene00271779.,0,3,3
WBGene00271780.,0,6,6
WBGene00271781.,0,13,13
WBGene00271786.,45,60,105
WBGene00271788.,2,129,131
WBGene00271789.,1,1,2
WBGene00271790.,0,0,0
WBGene00271791.,0,28,28
WBGene00271792.,0,0,0
WBGene00271795.,2,853,855
WBGene00271796.,40,454,494
WBGene00271797.,1,2,3
WBGene00271798.,56,17,73
WBGene00271799.,0,0,0
WBGene00271800.,0,0,0
WBGene00271801.,11,11,22
WBGene00271802.,7,161,168
WBGene00271803.,0,0,0
WBGene00271804.,3,0,3
WBGene00271805.,0,58,58
WBGene00271806.,0,0,0
WBGene00271807.,2,6,8
WBGene00271808.,88,85,173
WBGene00271809.,12,22,34
WBGene00271810.,0,1,1
WBGene00271811.,0,1,1
WBGene00271813.,0,0,0
WBGene00271815.,2,13,15
WBGene00271816.,0,3,3
WBGene00271817.,0,2035,2035
WBGene00271818.,88,892,980
WBGene00271819.,0,0,0
WBGene00271820.,44,21,65
WBGene00271821.,51,10,61
WBGene00271822.,0,7,7
WBGene00271823.,0,0,0
WBGene00271824.,5,24,29
WBGene00271827.,45,303,348
WBGene00271830.,350,2579,2929
WBGene00271831.,0,0,0
WBGene00271832.,8,31,39
WBGene00271837.,0,1,1
WBGene00284844.,0,926,926
WBGene00284845.,0,9,9
WBGene00284846.,233,2935,3168
WBGene00284847.,0,35,35
WBGene00284848.,18,29,47
WBGene00284849.,0,29,29
WBGene00284850.,0,0,0
WBGene00284851.,117,102,219
WBGene00284852.,31,694,725
WBGene00284853.,3,3,6
WBGene00284854.,11,12,23
WBGene00284855.,0,17,17
WBGene00284856.,0,764,764
WBGene00284857.,0,28,28
WBGene00284858.,0,0,0
WBGene00284859.,0,4866,4866
WBGene00284861.,0,867,867
WBGene00284867.,0,37,37
WBGene00302964.,0,67,67
WBGene00302968.,0,442,442
WBGene00302971.,26,163,189
WBGene00302974.,1,60,61
WBGene00302976.,0,17,17
WBGene00302978.,326,910,1236
WBGene00302980.,0,228,228
WBGene00302982.,1,194,195
WBGene00302984.,13,37,50
WBGene00302986.,151,35,186
WBGene00302988.,22,17,39
WBGene00302991.,50,130,180
WBGene00302993.,23,1,24
WBGene00302995.,197,533,730
WBGene00302998.,169,621,790
WBGene00303000.,561,1524,2085
WBGene00303002.,0,123,123
WBGene00303005.,0,0,0
WBGene00303007.,0,75,75
WBGene00303009.,58,819,877
WBGene00303011.,77,123,200
WBGene00303013.,17,18,35
WBGene00303015.,30,2939,2969
WBGene00303019.,0,2815,2815
WBGene00303021.,0,883,883
WBGene00303023.,0,0,0
WBGene00303024.,0,0,0
WBGene00303026.,98,1028,1126
WBGene00303028.,0,0,0
WBGene00303030.,12,109,121
WBGene00303031.,0,0,0
WBGene00303032.,0,0,0
WBGene00303033.,0,0,0
WBGene00303034.,0,0,0
WBGene00303035.,0,0,0
WBGene00303036.,0,0,0
WBGene00303037.,0,0,0
WBGene00303038.,0,0,0
WBGene00303039.,0,0,0
WBGene00303040.,0,0,0
WBGene00303041.,0,0,0
WBGene00303042.,0,0,0
WBGene00303043.,0,0,0
WBGene00303044.,0,0,0
WBGene00303045.,0,1,1
WBGene00303046.,0,0,0
WBGene00303047.,0,0,0
WBGene00303048.,0,0,0
WBGene00303049.,0,0,0
WBGene00303050.,0,0,0
WBGene00303051.,0,0,0
WBGene00303052.,0,0,0
WBGene00303053.,0,2,2
WBGene00303054.,0,0,0
WBGene00303055.,0,0,0
WBGene00303056.,0,0,0
WBGene00303057.,0,0,0
WBGene00303058.,0,0,0
WBGene00303059.,0,0,0
WBGene00303060.,0,0,0
WBGene00303061.,0,0,0
WBGene00303062.,0,0,0
WBGene00303063.,0,0,0
WBGene00303064.,0,0,0
WBGene00303065.,0,0,0
WBGene00303066.,0,0,0
WBGene00303067.,0,0,0
WBGene00303068.,0,0,0
WBGene00303069.,0,0,0
WBGene00303070.,0,0,0
WBGene00303071.,0,0,0
WBGene00303072.,0,0,0
WBGene00303073.,0,0,0
WBGene00303074.,0,0,0
WBGene00303075.,0,851,851
WBGene00303076.,0,0,0
WBGene00303077.,0,0,0
WBGene00303078.,0,0,0
WBGene00303079.,0,0,0
WBGene00303080.,0,0,0
WBGene00303081.,1,136,137
WBGene00303082.,0,0,0
WBGene00303083.,0,0,0
WBGene00303085.,0,0,0
WBGene00303086.,0,0,0
WBGene00303087.,0,0,0
WBGene00303088.,0,0,0
WBGene00303089.,0,0,0
WBGene00303090.,0,0,0
WBGene00303091.,0,21,21
WBGene00303092.,0,0,0
WBGene00303093.,0,0,0
WBGene00303094.,0,0,0
WBGene00303095.,0,0,0
WBGene00303096.,0,0,0
WBGene00303097.,0,0,0
WBGene00303098.,0,0,0
WBGene00303099.,0,0,0
WBGene00303100.,0,0,0
WBGene00303101.,0,0,0
WBGene00303102.,0,0,0
WBGene00303103.,0,0,0
WBGene00303104.,0,0,0
WBGene00303105.,0,1,1
WBGene00303113.,0,0,0
WBGene00303114.,0,1,1
WBGene00303115.,0,0,0
WBGene00303208.,78,2137,2215
WBGene00303231.,0,49,49
WBGene00303233.,67,197,264
WBGene00303359.,0,0,0
WBGene00303360.,0,0,0
WBGene00303362.,0,0,0
WBGene00303363.,0,1,1
WBGene00303364.,207,367,574
WBGene00303365.,1,1,2
WBGene00303366.,0,2,2
WBGene00303367.,0,2,2
WBGene00303368.,34,10,44
WBGene00303369.,0,2,2
WBGene00303370.,0,0,0
WBGene00303371.,4,3,7
WBGene00303378.,0,2,2
WBGene00303398.,25,22,47
WBGene00303421.,6,6,12
WBGene00303423.,132,1086,1218
WBGene00303425.,27,286,313
WBGene00304173.,0,7,7
WBGene00304175.,3,0,3
WBGene00304181.,16,0,16
WBGene00304182.,0,4,4
WBGene00304183.,0,9,9
WBGene00304189.,41,745,786
WBGene00304194.,8,7,15
WBGene00304195.,0,2,2
WBGene00304201.,5,71,76
WBGene00304202.,1,10,11
WBGene00304203.,26,31,57
WBGene00304215.,1,4,5
WBGene00304219.,0,178,178
WBGene00304220.,8,3,11
WBGene00304237.,21,233,254
WBGene00304238.,0,10,10
WBGene00304775.,0,7,7
WBGene00304776.,3,53,56
WBGene00304782.,3,65,68
WBGene00304783.,0,604,604
WBGene00304785.,1,11,12
WBGene00304786.,0,22,22
WBGene00304787.,13,159,172
WBGene00304788.,292,2183,2475
WBGene00304789.,0,0,0
WBGene00304790.,13,2905,2918
WBGene00304791.,27,135,162
WBGene00304792.,0,30,30
WBGene00304793.,5,13,18
WBGene00304794.,65,26,91
WBGene00304797.,1,1,2
WBGene00304798.,0,70,70
WBGene00304806.,0,14,14
WBGene00304808.,46,191,237
WBGene00304811.,133,791,924
WBGene00304812.,0,72,72
WBGene00304813.,0,1859,1859
WBGene00304814.,0,0,0
WBGene00304815.,0,24123,24123
WBGene00304816.,0,11,11
WBGene00304817.,3,5,8
WBGene00304818.,1,2,3
WBGene00304819.,3,5,8
WBGene00304820.,167,111,278
WBGene00304822.,6,133,139
WBGene00304823.,1,1,2
WBGene00304824.,3,0,3
WBGene00304825.,40,1,41
WBGene00304826.,1,3,4
WBGene00304827.,0,0,0
WBGene00304828.,1,7,8
WBGene00304895.,3,19,22
WBGene00304901.,3,0,3
WBGene00304906.,0,97,97
WBGene00304907.,4,1,5
WBGene00304908.,2,2,4
WBGene00304930.,0,1,1
WBGene00304981.,7,2,9
WBGene00304985.,15,126,141
WBGene00304992.,127,3411,3538
WBGene00304996.,23,86,109
WBGene00305018.,1,3,4
WBGene00305047.,1,5,6
WBGene00305048.,0,0,0
WBGene00305049.,0,7,7
WBGene00305050.,137,125,262
WBGene00305065.,33,59,92
WBGene00305066.,0,83,83
WBGene00305067.,74,1764,1838
WBGene00305069.,0,0,0
WBGene00305086.,30,55,85
WBGene00305090.,32,42,74
WBGene00305091.,1,4,5
WBGene00305092.,0,7,7
WBGene00305093.,0,0,0
WBGene00305095.,0,9,9
WBGene00305102.,0,0,0
WBGene00305103.,103,1362,1465
WBGene00305104.,0,25,25
WBGene00305109.,0,10,10
WBGene00305110.,0,0,0
WBGene00305111.,0,0,0
WBGene00305112.,2,53,55
WBGene00305113.,0,7,7
WBGene00305114.,2,1,3
WBGene00305130.,1,0,1
WBGene00305131.,0,797,797
WBGene00305132.,2,1,3
WBGene00305157.,0,66,66
WBGene00305158.,5,6,11
WBGene00305159.,4,14,18
WBGene00305173.,249,1369,1618
WBGene00305970.,0,14,14
WBGene00305979.,0,0,0
WBGene00305980.,7,12,19
WBGene00305981.,448,2690,3138
WBGene00305991.,38,391,429
WBGene00305992.,11,42,53
WBGene00305993.,2,18,20
WBGene00305994.,11,58,69
WBGene00305995.,11,63,74
WBGene00305996.,5,4,9
WBGene00305997.,0,48,48
WBGene00305998.,24,100,124
WBGene00305999.,1,4,5
WBGene00306000.,1,6,7
WBGene00306001.,0,4,4
WBGene00306002.,34,1940,1974
WBGene00306003.,72,1825,1897
WBGene00306004.,3,1,4
WBGene00306005.,34,28,62
WBGene00306012.,32,51,83
WBGene00306013.,47,348,395
WBGene00306014.,0,3,3
WBGene00306062.,0,1,1
WBGene00306066.,9,12,21
WBGene00306069.,0,128,128
WBGene00306070.,3,0,3
WBGene00306076.,0,0,0
WBGene00306078.,0,19,19
WBGene00306080.,1,0,1
WBGene00306081.,4,35,39
WBGene00306121.,22,21,43
WBGene00306122.,0,2,2
WBGene00306123.,24,53,77
WBGene00306124.,71,2,73
WBGene00306125.,0,0,0
WBGene00306126.,40,1112,1152
WBGene00306131.,0,1245,1245
WBGene00306132.,0,7,7
