gene_id,total_unsp,total_sp,total
WBGene00000001.,16,1122,1138
WBGene00000002.,43,810,853
WBGene00000003.,10,744,754
WBGene00000004.,176,2061,2237
WBGene00000005.,1,8,9
WBGene00000006.,491,4211,4702
WBGene00000007.,2,60,62
WBGene00000008.,43,12,55
WBGene00000009.,10,27,37
WBGene00000010.,43,471,514
WBGene00000012.,29,51,80
WBGene00000013.,0,129,129
WBGene00000014.,1,10,11
WBGene00000015.,0,78,78
WBGene00000016.,12,1242,1254
WBGene00000017.,5,2482,2487
WBGene00000018.,469,1889,2358
WBGene00000019.,7,7,14
WBGene00000020.,150,449,599
WBGene00000021.,2,2,4
WBGene00000022.,11,90,101
WBGene00000023.,3,19,22
WBGene00000024.,0,4,4
WBGene00000025.,0,7,7
WBGene00000026.,0,1,1
WBGene00000027.,1,1,2
WBGene00000028.,0,0,0
WBGene00000029.,0,0,0
WBGene00000030.,0,1,1
WBGene00000031.,1,15,16
WBGene00000032.,0,0,0
WBGene00000033.,0,8,8
WBGene00000034.,1,8,9
WBGene00000035.,306,1633,1939
WBGene00000036.,136,810,946
WBGene00000037.,44,1730,1774
WBGene00000038.,52,113,165
WBGene00000039.,32,2400,2432
WBGene00000040.,64,8053,8117
WBGene00000041.,1071,29635,30706
WBGene00000042.,44,171,215
WBGene00000043.,33,100,133
WBGene00000044.,24,79,103
WBGene00000045.,18,23,41
WBGene00000046.,83,104,187
WBGene00000047.,202,1727,1929
WBGene00000048.,19,66,85
WBGene00000049.,7,11,18
WBGene00000050.,10,49,59
WBGene00000051.,37,218,255
WBGene00000053.,9,23,32
WBGene00000054.,80,692,772
WBGene00000055.,21,474,495
WBGene00000056.,27,106,133
WBGene00000057.,89,160,249
WBGene00000058.,106,178,284
WBGene00000059.,18,77,95
WBGene00000060.,57,118,175
WBGene00000061.,27,71,98
WBGene00000062.,74,144,218
WBGene00000063.,7,259016,259023
WBGene00000064.,431,24514,24945
WBGene00000065.,1059,269685,270744
WBGene00000066.,2236,398041,400277
WBGene00000067.,39,1693,1732
WBGene00000068.,1514,2353,3867
WBGene00000069.,22,141,163
WBGene00000070.,441,2851,3292
WBGene00000071.,30,187,217
WBGene00000072.,88,956,1044
WBGene00000073.,63,679,742
WBGene00000074.,183,1018,1201
WBGene00000075.,39,225,264
WBGene00000079.,305,2441,2746
WBGene00000080.,42,1512,1554
WBGene00000081.,33,327,360
WBGene00000082.,70,68,138
WBGene00000083.,314,4105,4419
WBGene00000084.,42,38,80
WBGene00000085.,38,337,375
WBGene00000086.,97,763,860
WBGene00000088.,94,252,346
WBGene00000089.,103,1905,2008
WBGene00000090.,129,1168,1297
WBGene00000092.,267,2732,2999
WBGene00000093.,75,1156,1231
WBGene00000094.,114,1307,1421
WBGene00000095.,258,3094,3352
WBGene00000096.,313,831,1144
WBGene00000097.,140,2656,2796
WBGene00000098.,73,1744,1817
WBGene00000099.,107,1697,1804
WBGene00000100.,504,5952,6456
WBGene00000101.,180,2683,2863
WBGene00000102.,555,6193,6748
WBGene00000103.,127,1937,2064
WBGene00000105.,57,5014,5071
WBGene00000106.,117,2517,2634
WBGene00000107.,794,9025,9819
WBGene00000108.,6,1,7
WBGene00000109.,38,1072,1110
WBGene00000110.,123,3084,3207
WBGene00000111.,91,427,518
WBGene00000112.,523,7799,8322
WBGene00000113.,74,949,1023
WBGene00000114.,623,90826,91449
WBGene00000115.,62,2133,2195
WBGene00000116.,134,1032,1166
WBGene00000117.,351,719,1070
WBGene00000118.,32,16994,17026
WBGene00000120.,5,4990,4995
WBGene00000121.,59,4318,4377
WBGene00000122.,65,13681,13746
WBGene00000123.,326,7246,7572
WBGene00000133.,2,12,14
WBGene00000134.,100,219,319
WBGene00000135.,18,140,158
WBGene00000136.,3,57,60
WBGene00000137.,150,739,889
WBGene00000138.,40,494,534
WBGene00000139.,84,83,167
WBGene00000140.,1006,55429,56435
WBGene00000142.,55,1557,1612
WBGene00000143.,213,1070,1283
WBGene00000144.,35,498,533
WBGene00000145.,8,801,809
WBGene00000146.,553,4187,4740
WBGene00000147.,8,846,854
WBGene00000148.,136,1808,1944
WBGene00000149.,373,12522,12895
WBGene00000150.,129,1305,1434
WBGene00000151.,28,1283,1311
WBGene00000155.,18,1518,1536
WBGene00000156.,82,1178,1260
WBGene00000157.,98,3543,3641
WBGene00000158.,1069,3420,4489
WBGene00000159.,73,4734,4807
WBGene00000160.,786,3708,4494
WBGene00000161.,51,3468,3519
WBGene00000162.,579,2794,3373
WBGene00000163.,84,3011,3095
WBGene00000164.,160,1616,1776
WBGene00000165.,45,1873,1918
WBGene00000166.,34,280,314
WBGene00000168.,833,550,1383
WBGene00000169.,18,163,181
WBGene00000170.,981,33971,34952
WBGene00000171.,6,0,6
WBGene00000172.,85,224,309
WBGene00000173.,10,108,118
WBGene00000174.,17,120,137
WBGene00000175.,4129,64496,68625
WBGene00000176.,8,1440,1448
WBGene00000177.,560,3243,3803
WBGene00000178.,273,3069,3342
WBGene00000179.,462,3270,3732
WBGene00000180.,81,1327,1408
WBGene00000181.,1579,10238,11817
WBGene00000182.,284,24777,25061
WBGene00000183.,434,24726,25160
WBGene00000184.,281,1442,1723
WBGene00000185.,0,3,3
WBGene00000186.,768,7440,8208
WBGene00000187.,10,2114,2124
WBGene00000188.,0,182,182
WBGene00000189.,24,989,1013
WBGene00000190.,9,72,81
WBGene00000191.,13,100,113
WBGene00000192.,24,3656,3680
WBGene00000193.,12,152,164
WBGene00000195.,84,1497,1581
WBGene00000196.,252,2532,2784
WBGene00000197.,62,6690,6752
WBGene00000198.,204,2827,3031
WBGene00000199.,311,5511,5822
WBGene00000200.,188,3561,3749
WBGene00000201.,768,6048,6816
WBGene00000202.,12,1179,1191
WBGene00000203.,35,3812,3847
WBGene00000204.,91,4160,4251
WBGene00000205.,24,3097,3121
WBGene00000206.,204,3549,3753
WBGene00000207.,1619,71569,73188
WBGene00000208.,680,1154,1834
WBGene00000209.,1701,27681,29382
WBGene00000210.,6179,77186,83365
WBGene00000211.,344,1106,1450
WBGene00000212.,8,43,51
WBGene00000213.,3,39,42
WBGene00000214.,0,4511,4511
WBGene00000215.,22,462,484
WBGene00000216.,8,1408,1416
WBGene00000217.,3034,43255,46289
WBGene00000218.,18,1572,1590
WBGene00000219.,1,1242,1243
WBGene00000220.,112,1526,1638
WBGene00000221.,0,1929,1929
WBGene00000222.,140,1997,2137
WBGene00000223.,855,7074,7929
WBGene00000224.,448,6316,6764
WBGene00000225.,372,3762,4134
WBGene00000226.,203,2026,2229
WBGene00000227.,285,1685,1970
WBGene00000228.,1116,32981,34097
WBGene00000229.,3580,176587,180167
WBGene00000230.,442,71060,71502
WBGene00000231.,320,3940,4260
WBGene00000232.,259,1899,2158
WBGene00000233.,146,589,735
WBGene00000235.,16,13841,13857
WBGene00000236.,280,2860,3140
WBGene00000237.,106,706,812
WBGene00000238.,136,1136,1272
WBGene00000239.,98,456,554
WBGene00000240.,586,2582,3168
WBGene00000241.,32,139,171
WBGene00000242.,37,335,372
WBGene00000244.,53,413,466
WBGene00000245.,405,10407,10812
WBGene00000246.,44,102,146
WBGene00000247.,96,2104,2200
WBGene00000248.,279,4020,4299
WBGene00000249.,46,3217,3263
WBGene00000250.,19,290,309
WBGene00000251.,0,3,3
WBGene00000252.,1,7,8
WBGene00000253.,95,684,779
WBGene00000254.,544,3108,3652
WBGene00000255.,6,11,17
WBGene00000256.,0,20,20
WBGene00000257.,108,2229,2337
WBGene00000259.,99,1246,1345
WBGene00000262.,18,807,825
WBGene00000263.,8501,91542,100043
WBGene00000264.,325,778,1103
WBGene00000265.,148,701,849
WBGene00000266.,350,5285,5635
WBGene00000267.,32,201,233
WBGene00000268.,724,1600,2324
WBGene00000269.,207,1236,1443
WBGene00000270.,29,480,509
WBGene00000271.,44,1128,1172
WBGene00000272.,68,722,790
WBGene00000273.,129,4026,4155
WBGene00000274.,330,1296,1626
WBGene00000275.,55,1864,1919
WBGene00000276.,314,7428,7742
WBGene00000277.,1638,14204,15842
WBGene00000279.,24,149,173
WBGene00000280.,50,389,439
WBGene00000281.,62,5219,5281
WBGene00000282.,372,5188,5560
WBGene00000283.,219,4962,5181
WBGene00000284.,13,882,895
WBGene00000285.,473,8129,8602
WBGene00000286.,990,15174,16164
WBGene00000287.,63,262,325
WBGene00000288.,223,2063,2286
WBGene00000289.,537,3697,4234
WBGene00000292.,591,9527,10118
WBGene00000293.,490,13244,13734
WBGene00000294.,351,8685,9036
WBGene00000295.,43,478,521
WBGene00000296.,23,176,199
WBGene00000298.,10,539,549
WBGene00000301.,16,13574,13590
WBGene00000302.,11,80,91
WBGene00000308.,5,0,5
WBGene00000310.,0,0,0
WBGene00000311.,0,0,0
WBGene00000366.,251,6803,7054
WBGene00000367.,517,1927,2444
WBGene00000368.,293,4415,4708
WBGene00000369.,12,3757,3769
WBGene00000370.,6858,25322,32180
WBGene00000371.,4740,98914,103654
WBGene00000372.,0,9,9
WBGene00000373.,67,560,627
WBGene00000374.,152,1430,1582
WBGene00000375.,40,285,325
WBGene00000376.,760,2231,2991
WBGene00000377.,220,26178,26398
WBGene00000378.,72,21419,21491
WBGene00000379.,1525,27603,29128
WBGene00000380.,1115,45053,46168
WBGene00000381.,157,20319,20476
WBGene00000382.,49,1184,1233
WBGene00000383.,158,4388,4546
WBGene00000386.,8,400,408
WBGene00000387.,1140,1107,2247
WBGene00000388.,2,26,28
WBGene00000389.,0,1,1
WBGene00000390.,225,10102,10327
WBGene00000391.,84,672,756
WBGene00000392.,0,44,44
WBGene00000393.,85,1034,1119
WBGene00000395.,78,606,684
WBGene00000396.,92,2922,3014
WBGene00000397.,6,75,81
WBGene00000399.,56,1343,1399
WBGene00000401.,29,104,133
WBGene00000402.,356,949,1305
WBGene00000403.,541,7688,8229
WBGene00000405.,113,6212,6325
WBGene00000406.,53,734,787
WBGene00000407.,313,1463,1776
WBGene00000408.,580,2044,2624
WBGene00000409.,174,1821,1995
WBGene00000410.,294,1968,2262
WBGene00000411.,41,4570,4611
WBGene00000412.,11,190,201
WBGene00000413.,103,1083,1186
WBGene00000414.,476,9878,10354
WBGene00000415.,2374,2659,5033
WBGene00000416.,62,1671,1733
WBGene00000417.,156,148,304
WBGene00000418.,31,611,642
WBGene00000419.,346,2001,2347
WBGene00000420.,121,1456,1577
WBGene00000421.,343,2369,2712
WBGene00000422.,11,104,115
WBGene00000423.,95,1201,1296
WBGene00000424.,155,2468,2623
WBGene00000425.,4,207,211
WBGene00000426.,295,1388,1683
WBGene00000427.,3,16,19
WBGene00000428.,3,67,70
WBGene00000429.,83,272,355
WBGene00000430.,15,187,202
WBGene00000431.,51,1318,1369
WBGene00000432.,4,1,5
WBGene00000433.,72,379,451
WBGene00000434.,6,109,115
WBGene00000435.,16,101,117
WBGene00000436.,22,145,167
WBGene00000437.,184,4272,4456
WBGene00000438.,20,45,65
WBGene00000439.,144,789,933
WBGene00000440.,0,124,124
WBGene00000441.,649,2431,3080
WBGene00000442.,8,184,192
WBGene00000443.,230,7166,7396
WBGene00000444.,18,332,350
WBGene00000445.,19,200,219
WBGene00000446.,13,381,394
WBGene00000447.,55,294,349
WBGene00000448.,147,2213,2360
WBGene00000449.,187,903,1090
WBGene00000450.,1,15,16
WBGene00000451.,2,196,198
WBGene00000452.,8,599,607
WBGene00000453.,55,998,1053
WBGene00000454.,59,829,888
WBGene00000455.,129,2492,2621
WBGene00000457.,7,96,103
WBGene00000458.,141,1660,1801
WBGene00000459.,142,2091,2233
WBGene00000460.,11,309,320
WBGene00000461.,6,26,32
WBGene00000462.,8,580,588
WBGene00000463.,61,1038,1099
WBGene00000464.,0,38,38
WBGene00000465.,2,99,101
WBGene00000466.,417,2835,3252
WBGene00000467.,55,506,561
WBGene00000468.,26,234,260
WBGene00000469.,22,54,76
WBGene00000472.,142,67872,68014
WBGene00000473.,4,836,840
WBGene00000474.,5,1000,1005
WBGene00000475.,144,47024,47168
WBGene00000476.,162,1699,1861
WBGene00000477.,38,214,252
WBGene00000478.,70,751,821
WBGene00000479.,46,4917,4963
WBGene00000480.,158,1706,1864
WBGene00000481.,64,431,495
WBGene00000482.,223,6405,6628
WBGene00000483.,13,6,19
WBGene00000484.,59,164,223
WBGene00000485.,111,840,951
WBGene00000487.,154,20,174
WBGene00000488.,112,223,335
WBGene00000490.,32,329,361
WBGene00000491.,151,709,860
WBGene00000492.,515,915,1430
WBGene00000493.,55,404,459
WBGene00000496.,93,144,237
WBGene00000497.,52,225,277
WBGene00000498.,11,1093,1104
WBGene00000499.,65,82,147
WBGene00000500.,79,1622,1701
WBGene00000501.,53,600,653
WBGene00000502.,169,4154,4323
WBGene00000503.,2,23,25
WBGene00000506.,332,1430,1762
WBGene00000507.,142,1263,1405
WBGene00000508.,45,2208,2253
WBGene00000509.,333,2514,2847
WBGene00000510.,324,3127,3451
WBGene00000511.,155,636,791
WBGene00000512.,100,605,705
WBGene00000513.,12,276,288
WBGene00000514.,120,1029,1149
WBGene00000515.,10,276,286
WBGene00000516.,5,5148,5153
WBGene00000517.,105,725,830
WBGene00000518.,1756,1604,3360
WBGene00000519.,562,711,1273
WBGene00000520.,88,932,1020
WBGene00000521.,13,136,149
WBGene00000522.,51,138,189
WBGene00000523.,53,797,850
WBGene00000524.,36,656,692
WBGene00000525.,22,18,40
WBGene00000526.,23,657,680
WBGene00000527.,245,1159,1404
WBGene00000528.,204,879,1083
WBGene00000529.,270,475,745
WBGene00000530.,28,86,114
WBGene00000531.,18,50,68
WBGene00000532.,64,1992,2056
WBGene00000533.,23,372,395
WBGene00000534.,66,17500,17566
WBGene00000535.,384,9106,9490
WBGene00000536.,112,1042,1154
WBGene00000537.,19,537,556
WBGene00000539.,6,50,56
WBGene00000540.,85,408,493
WBGene00000541.,113,59,172
WBGene00000542.,569,6561,7130
WBGene00000543.,173,817,990
WBGene00000544.,61,11,72
WBGene00000545.,1022,2620,3642
WBGene00000546.,6,23,29
WBGene00000547.,249,1634,1883
WBGene00000548.,212,4627,4839
WBGene00000549.,30,3383,3413
WBGene00000550.,135,21471,21606
WBGene00000551.,0,0,0
WBGene00000552.,2193,51722,53915
WBGene00000553.,1182,1927,3109
WBGene00000554.,852,10885,11737
WBGene00000555.,0,0,0
WBGene00000556.,38,386,424
WBGene00000557.,173,5749,5922
WBGene00000558.,329,5651,5980
WBGene00000559.,2,0,2
WBGene00000560.,0,1,1
WBGene00000561.,9,1180,1189
WBGene00000562.,116,411,527
WBGene00000563.,26,18,44
WBGene00000564.,261,1399,1660
WBGene00000565.,647,464,1111
WBGene00000566.,637,1968,2605
WBGene00000567.,267,7092,7359
WBGene00000583.,276,3267,3543
WBGene00000584.,19,200,219
WBGene00000585.,207,2733,2940
WBGene00000591.,228,1679,1907
WBGene00000592.,16,259,275
WBGene00000593.,0,30,30
WBGene00000594.,0,5283,5283
WBGene00000596.,0,1,1
WBGene00000597.,8,55,63
WBGene00000598.,0,11,11
WBGene00000599.,39,4239,4278
WBGene00000601.,0,104,104
WBGene00000602.,0,100,100
WBGene00000603.,4,361,365
WBGene00000606.,151,1135,1286
WBGene00000608.,0,1,1
WBGene00000609.,0,1,1
WBGene00000610.,23,103,126
WBGene00000611.,110,1422,1532
WBGene00000612.,0,5,5
WBGene00000613.,0,35,35
WBGene00000614.,2,4,6
WBGene00000615.,0,29,29
WBGene00000616.,1,453,454
WBGene00000617.,0,1,1
WBGene00000618.,1,192,193
WBGene00000620.,1,0,1
WBGene00000621.,0,14,14
WBGene00000622.,4,72,76
WBGene00000623.,45,338,383
WBGene00000624.,28,109,137
WBGene00000625.,32,141,173
WBGene00000626.,0,0,0
WBGene00000627.,0,8,8
WBGene00000628.,0,13,13
WBGene00000629.,34,1,35
WBGene00000630.,23,169,192
WBGene00000631.,2,50,52
WBGene00000632.,1,370,371
WBGene00000633.,15,71,86
WBGene00000634.,0,22,22
WBGene00000636.,7,14,21
WBGene00000637.,9,325,334
WBGene00000638.,0,1,1
WBGene00000639.,1,204,205
WBGene00000640.,13,50,63
WBGene00000641.,10,1825,1835
WBGene00000642.,2,16,18
WBGene00000644.,0,21,21
WBGene00000645.,65,557,622
WBGene00000646.,0,2,2
WBGene00000647.,1,161,162
WBGene00000648.,71,8,79
WBGene00000649.,19,168,187
WBGene00000650.,0,14,14
WBGene00000651.,2,93,95
WBGene00000652.,15,114,129
WBGene00000653.,0,157,157
WBGene00000654.,6,9,15
WBGene00000655.,1,158,159
WBGene00000656.,9,1569,1578
WBGene00000657.,13,34,47
WBGene00000658.,8,9,17
WBGene00000659.,1,3,4
WBGene00000660.,1,12,13
WBGene00000661.,2,6,8
WBGene00000662.,17,37,54
WBGene00000663.,0,17,17
WBGene00000664.,1,355,356
WBGene00000665.,58,769,827
WBGene00000666.,1,82,83
WBGene00000667.,1,67,68
WBGene00000668.,0,431,431
WBGene00000669.,19,1308,1327
WBGene00000670.,0,44,44
WBGene00000671.,0,2,2
WBGene00000672.,3,185,188
WBGene00000673.,16,27968,27984
WBGene00000674.,80,760,840
WBGene00000675.,0,97,97
WBGene00000676.,0,11,11
WBGene00000677.,57,26688,26745
WBGene00000678.,2,49,51
WBGene00000679.,3,45,48
WBGene00000680.,0,6,6
WBGene00000681.,15,11725,11740
WBGene00000682.,0,48,48
WBGene00000683.,17,193,210
WBGene00000684.,11,60,71
WBGene00000685.,11,282,293
WBGene00000687.,10,162,172
WBGene00000688.,4,267,271
WBGene00000689.,31,77,108
WBGene00000690.,0,2,2
WBGene00000691.,0,4574,4574
WBGene00000692.,192,2777,2969
WBGene00000693.,0,7,7
WBGene00000694.,0,10,10
WBGene00000695.,2,3,5
WBGene00000696.,0,0,0
WBGene00000697.,3,6,9
WBGene00000698.,0,28,28
WBGene00000699.,5,1207,1212
WBGene00000700.,0,2,2
WBGene00000701.,0,0,0
WBGene00000702.,32,289,321
WBGene00000703.,6,489,495
WBGene00000704.,0,417,417
WBGene00000705.,41,629,670
WBGene00000706.,0,28,28
WBGene00000707.,0,8,8
WBGene00000708.,0,5,5
WBGene00000709.,1,1,2
WBGene00000710.,0,9,9
WBGene00000711.,0,2,2
WBGene00000712.,0,4,4
WBGene00000713.,1,39,40
WBGene00000714.,5,53,58
WBGene00000715.,4,52,56
WBGene00000716.,0,6,6
WBGene00000717.,16,1654,1670
WBGene00000718.,0,47,47
WBGene00000719.,0,49,49
WBGene00000720.,6,12931,12937
WBGene00000721.,0,22,22
WBGene00000722.,68,8982,9050
WBGene00000723.,0,114,114
WBGene00000724.,5,81,86
WBGene00000725.,0,12,12
WBGene00000726.,62,214,276
WBGene00000727.,0,1836,1836
WBGene00000728.,1,1089,1090
WBGene00000729.,0,30,30
WBGene00000730.,0,65,65
WBGene00000731.,8,231,239
WBGene00000732.,5,61,66
WBGene00000733.,2,21,23
WBGene00000734.,1,18,19
WBGene00000735.,5,41,46
WBGene00000736.,0,11,11
WBGene00000737.,1,49,50
WBGene00000738.,0,4,4
WBGene00000739.,0,14818,14818
WBGene00000740.,0,4800,4800
WBGene00000741.,0,5416,5416
WBGene00000742.,0,1280,1280
WBGene00000743.,0,206,206
WBGene00000744.,0,0,0
WBGene00000745.,5,546,551
WBGene00000746.,9,117,126
WBGene00000747.,0,71,71
WBGene00000748.,2,74,76
WBGene00000749.,0,576,576
WBGene00000750.,12,63,75
WBGene00000751.,0,26,26
WBGene00000752.,0,0,0
WBGene00000753.,0,74,74
WBGene00000754.,0,21,21
WBGene00000755.,0,23,23
WBGene00000756.,0,2,2
WBGene00000757.,0,0,0
WBGene00000758.,0,1,1
WBGene00000759.,24,199,223
WBGene00000760.,1,15,16
WBGene00000761.,113,2590,2703
WBGene00000762.,166,1155,1321
WBGene00000763.,334,2670,3004
WBGene00000764.,37,575,612
WBGene00000765.,15,5169,5184
WBGene00000766.,76,2501,2577
WBGene00000767.,373,6058,6431
WBGene00000768.,721,7802,8523
WBGene00000770.,2,38,40
WBGene00000771.,0,2,2
WBGene00000772.,3,237,240
WBGene00000773.,178,2638,2816
WBGene00000774.,128,2972,3100
WBGene00000775.,219,537,756
WBGene00000776.,683,23969,24652
WBGene00000777.,67,5148,5215
WBGene00000778.,25,576,601
WBGene00000779.,10351,191529,201880
WBGene00000780.,117,1459,1576
WBGene00000781.,1,268,269
WBGene00000782.,0,2,2
WBGene00000783.,10,110,120
WBGene00000784.,1,251,252
WBGene00000785.,4,926,930
WBGene00000786.,23,279,302
WBGene00000787.,40,2487,2527
WBGene00000788.,126,8245,8371
WBGene00000789.,26,447,473
WBGene00000792.,72,254,326
WBGene00000793.,4314,2716,7030
WBGene00000794.,89,2620,2709
WBGene00000795.,27,1137,1164
WBGene00000796.,385,3651,4036
WBGene00000797.,7,94,101
WBGene00000798.,9,2055,2064
WBGene00000799.,5,13,18
WBGene00000800.,300,5591,5891
WBGene00000801.,140,1454,1594
WBGene00000802.,1908,161000,162908
WBGene00000803.,23,235,258
WBGene00000804.,24,1903,1927
WBGene00000812.,394,1658,2052
WBGene00000813.,221,2367,2588
WBGene00000814.,298,3240,3538
WBGene00000815.,371,2231,2602
WBGene00000816.,360,1819,2179
WBGene00000817.,79,1838,1917
WBGene00000818.,91,1661,1752
WBGene00000819.,4,5,9
WBGene00000820.,94,459,553
WBGene00000821.,1,1,2
WBGene00000822.,3641,62039,65680
WBGene00000829.,0,110527,110527
WBGene00000830.,0,0,0
WBGene00000831.,1,171,172
WBGene00000832.,819,4729,5548
WBGene00000833.,238,67711,67949
WBGene00000834.,992,2060,3052
WBGene00000835.,258,4773,5031
WBGene00000836.,123,2044,2167
WBGene00000837.,314,2398,2712
WBGene00000838.,191,1350,1541
WBGene00000839.,105,2404,2509
WBGene00000840.,236,2817,3053
WBGene00000841.,29,112,141
WBGene00000843.,69,6138,6207
WBGene00000845.,669,9042,9711
WBGene00000846.,152,852,1004
WBGene00000851.,1,13,14
WBGene00000853.,10,7,17
WBGene00000854.,394,2985,3379
WBGene00000857.,36,1607,1643
WBGene00000858.,208,3860,4068
WBGene00000859.,12,115,127
WBGene00000860.,15,262,277
WBGene00000861.,5,27,32
WBGene00000862.,205,207,412
WBGene00000863.,36,2003,2039
WBGene00000864.,0,2,2
WBGene00000865.,14,982,996
WBGene00000866.,0,23,23
WBGene00000867.,0,26,26
WBGene00000868.,47,4190,4237
WBGene00000869.,345,25094,25439
WBGene00000870.,157,2350,2507
WBGene00000871.,68,673,741
WBGene00000872.,69,1494,1563
WBGene00000874.,101,2370,2471
WBGene00000875.,32,2169,2201
WBGene00000876.,336,4077,4413
WBGene00000877.,53,28373,28426
WBGene00000878.,15,115,130
WBGene00000879.,2025,72580,74605
WBGene00000880.,123,2579,2702
WBGene00000881.,13,39284,39297
WBGene00000882.,6,4783,4789
WBGene00000883.,6296,208812,215108
WBGene00000884.,93,4320,4413
WBGene00000885.,861,1006,1867
WBGene00000886.,114,2040,2154
WBGene00000887.,330,3129,3459
WBGene00000888.,102,2688,2790
WBGene00000889.,200,2564,2764
WBGene00000890.,99,1059,1158
WBGene00000891.,311,2972,3283
WBGene00000892.,186,1428,1614
WBGene00000893.,13,236,249
WBGene00000894.,440,2963,3403
WBGene00000895.,45,98,143
WBGene00000896.,568,16481,17049
WBGene00000897.,185,1168,1353
WBGene00000898.,2133,2303,4436
WBGene00000899.,214,2145,2359
WBGene00000900.,534,2900,3434
WBGene00000901.,1601,5639,7240
WBGene00000902.,10,158,168
WBGene00000903.,9,1216,1225
WBGene00000904.,62,293,355
WBGene00000905.,21,415,436
WBGene00000906.,248,354,602
WBGene00000907.,30,157,187
WBGene00000908.,1033,2502,3535
WBGene00000910.,780,3927,4707
WBGene00000911.,456,3853,4309
WBGene00000912.,1059,4060,5119
WBGene00000913.,83,1362,1445
WBGene00000914.,734,1584,2318
WBGene00000915.,1746,143140,144886
WBGene00000917.,382,5620,6002
WBGene00000920.,13,2170,2183
WBGene00000923.,82,7262,7344
WBGene00000928.,62,5707,5769
WBGene00000929.,242,2757,2999
WBGene00000930.,1,49,50
WBGene00000931.,393,18368,18761
WBGene00000932.,12,96,108
WBGene00000933.,554,4637,5191
WBGene00000934.,21,247,268
WBGene00000935.,12,525,537
WBGene00000936.,25,1600,1625
WBGene00000937.,23,762,785
WBGene00000938.,636,10318,10954
WBGene00000939.,287,2889,3176
WBGene00000940.,421,3276,3697
WBGene00000941.,1938,21801,23739
WBGene00000942.,472,20758,21230
WBGene00000950.,133,129,262
WBGene00000951.,6,159,165
WBGene00000952.,95,53,148
WBGene00000953.,72,224,296
WBGene00000955.,19,191,210
WBGene00000958.,171,1183,1354
WBGene00000959.,383,3427,3810
WBGene00000960.,40,144,184
WBGene00000961.,60,2248,2308
WBGene00000962.,378,13498,13876
WBGene00000963.,198,1383,1581
WBGene00000964.,243,9985,10228
WBGene00000965.,121,1911,2032
WBGene00000966.,63,387,450
WBGene00000967.,147,204,351
WBGene00000968.,45,368,413
WBGene00000969.,30,2255,2285
WBGene00000970.,130,3384,3514
WBGene00000971.,2,21,23
WBGene00000972.,95,931,1026
WBGene00000973.,57,1169,1226
WBGene00000974.,11,161,172
WBGene00000975.,644,4609,5253
WBGene00000976.,263,2172,2435
WBGene00000977.,0,9,9
WBGene00000978.,87,6620,6707
WBGene00000979.,6,238,244
WBGene00000980.,244,1061,1305
WBGene00000981.,4,155,159
WBGene00000982.,1053,9919,10972
WBGene00000983.,12,131,143
WBGene00000984.,66,1400,1466
WBGene00000985.,48,2153,2201
WBGene00000986.,0,168,168
WBGene00000987.,298,1768,2066
WBGene00000988.,1689,27141,28830
WBGene00000989.,9,49,58
WBGene00000990.,248,2339,2587
WBGene00000991.,120,959,1079
WBGene00000992.,390,2966,3356
WBGene00000993.,467,2197,2664
WBGene00000994.,57,802,859
WBGene00000995.,32,1199,1231
WBGene00000996.,172,5426,5598
WBGene00000998.,2279,65666,67945
WBGene00001000.,5603,60722,66325
WBGene00001001.,372,4168,4540
WBGene00001002.,81,2289,2370
WBGene00001005.,94,56143,56237
WBGene00001006.,268,3434,3702
WBGene00001007.,553,9714,10267
WBGene00001008.,542,3248,3790
WBGene00001016.,24,494,518
WBGene00001017.,432,5260,5692
WBGene00001018.,444,5435,5879
WBGene00001019.,691,3983,4674
WBGene00001020.,128,2357,2485
WBGene00001021.,109,590,699
WBGene00001022.,45,419,464
WBGene00001023.,289,6330,6619
WBGene00001025.,252,4177,4429
WBGene00001026.,114,3417,3531
WBGene00001027.,385,3506,3891
WBGene00001028.,342,6145,6487
WBGene00001029.,1011,10802,11813
WBGene00001030.,251,12608,12859
WBGene00001031.,65,8172,8237
WBGene00001032.,50,1765,1815
WBGene00001033.,137,1163,1300
WBGene00001034.,134,2626,2760
WBGene00001035.,169,3050,3219
WBGene00001036.,35,1357,1392
WBGene00001037.,102,14626,14728
WBGene00001038.,531,13671,14202
WBGene00001039.,380,2108,2488
WBGene00001040.,45,1542,1587
WBGene00001041.,51,3488,3539
WBGene00001042.,1329,5113,6442
WBGene00001043.,375,1344,1719
WBGene00001044.,2,136,138
WBGene00001045.,230,2215,2445
WBGene00001046.,32,365,397
WBGene00001047.,544,8588,9132
WBGene00001048.,299,1936,2235
WBGene00001049.,66,870,936
WBGene00001050.,13,212,225
WBGene00001051.,7,5407,5414
WBGene00001052.,211,737,948
WBGene00001053.,102,335,437
WBGene00001054.,171,1346,1517
WBGene00001055.,209,1551,1760
WBGene00001056.,332,3835,4167
WBGene00001057.,25,2397,2422
WBGene00001058.,138,1879,2017
WBGene00001059.,25,590,615
WBGene00001060.,36,1455,1491
WBGene00001061.,86,1840,1926
WBGene00001062.,1,1,2
WBGene00001063.,9,9,18
WBGene00001064.,67,3585,3652
WBGene00001065.,2,5550,5552
WBGene00001066.,125,1761,1886
WBGene00001067.,0,1479,1479
WBGene00001068.,289,6646,6935
WBGene00001069.,37,3530,3567
WBGene00001070.,258,1905,2163
WBGene00001071.,152,3657,3809
WBGene00001072.,12,2493,2505
WBGene00001073.,325,8623,8948
WBGene00001074.,133,1856,1989
WBGene00001075.,47,147,194
WBGene00001076.,1,308,309
WBGene00001077.,209,6518,6727
WBGene00001078.,225,1436,1661
WBGene00001079.,46,570,616
WBGene00001080.,1043,4816,5859
WBGene00001081.,228,6675,6903
WBGene00001082.,318,3892,4210
WBGene00001085.,205,3295,3500
WBGene00001086.,162,4096,4258
WBGene00001087.,1963,1241,3204
WBGene00001088.,776,19295,20071
WBGene00001089.,427,2898,3325
WBGene00001090.,46,942,988
WBGene00001091.,292,1345,1637
WBGene00001092.,2,121,123
WBGene00001093.,66,3909,3975
WBGene00001094.,90,13268,13358
WBGene00001095.,119,726,845
WBGene00001096.,9,141,150
WBGene00001099.,5,75,80
WBGene00001101.,808,5371,6179
WBGene00001102.,33,1292,1325
WBGene00001103.,0,8,8
WBGene00001104.,5,5,10
WBGene00001105.,4,25,29
WBGene00001106.,5,15,20
WBGene00001107.,56,420,476
WBGene00001108.,3,11,14
WBGene00001109.,0,72,72
WBGene00001110.,14,290,304
WBGene00001111.,50,9,59
WBGene00001112.,123,1297,1420
WBGene00001113.,2757,27291,30048
WBGene00001115.,590,2446,3036
WBGene00001116.,416,3607,4023
WBGene00001117.,33,540,573
WBGene00001118.,85,186,271
WBGene00001119.,57,313,370
WBGene00001121.,108,318,426
WBGene00001122.,54,1326,1380
WBGene00001123.,10,423,433
WBGene00001127.,55,387,442
WBGene00001129.,29,135,164
WBGene00001130.,129,1215,1344
WBGene00001131.,1895,17137,19032
WBGene00001132.,732,10178,10910
WBGene00001133.,2,7,9
WBGene00001134.,262,6617,6879
WBGene00001135.,80,704,784
WBGene00001136.,41,70,111
WBGene00001137.,359,29283,29642
WBGene00001145.,2337,13208,15545
WBGene00001147.,0,2,2
WBGene00001148.,1403,714,2117
WBGene00001149.,291,26525,26816
WBGene00001150.,3,19,22
WBGene00001151.,128,2407,2535
WBGene00001152.,1,862,863
WBGene00001153.,15,2753,2768
WBGene00001154.,73,3944,4017
WBGene00001155.,6348,68591,74939
WBGene00001156.,82,399,481
WBGene00001157.,26,115,141
WBGene00001158.,2,3,5
WBGene00001159.,29,595,624
WBGene00001160.,107,4738,4845
WBGene00001161.,266,1319,1585
WBGene00001162.,692,651,1343
WBGene00001163.,198,4279,4477
WBGene00001164.,3,18,21
WBGene00001165.,66,329,395
WBGene00001166.,96,9610,9706
WBGene00001167.,12529,268710,281239
WBGene00001168.,11428,737283,748711
WBGene00001169.,202,149087,149289
WBGene00001170.,31,495,526
WBGene00001171.,168,269,437
WBGene00001172.,304,6728,7032
WBGene00001173.,2929,9633,12562
WBGene00001174.,16,304,320
WBGene00001175.,24,120,144
WBGene00001177.,1917,4612,6529
WBGene00001178.,452,2543,2995
WBGene00001179.,414,2527,2941
WBGene00001182.,207,2399,2606
WBGene00001184.,90,1205,1295
WBGene00001185.,14,441,455
WBGene00001186.,464,3090,3554
WBGene00001187.,428,6841,7269
WBGene00001188.,97,689,786
WBGene00001189.,572,10819,11391
WBGene00001190.,213,329,542
WBGene00001193.,3,458,461
WBGene00001194.,640,8390,9030
WBGene00001196.,850,33285,34135
WBGene00001202.,81,172,253
WBGene00001204.,80,280,360
WBGene00001207.,26,195,221
WBGene00001208.,749,3279,4028
WBGene00001209.,203,18392,18595
WBGene00001210.,40,3731,3771
WBGene00001211.,41,138,179
WBGene00001214.,29,570,599
WBGene00001215.,458,2774,3232
WBGene00001223.,3,1,4
WBGene00001224.,41,2719,2760
WBGene00001225.,45,12345,12390
WBGene00001226.,637,27199,27836
WBGene00001227.,1457,18691,20148
WBGene00001228.,82,5690,5772
WBGene00001229.,90,7406,7496
WBGene00001230.,118,12403,12521
WBGene00001231.,112,6972,7084
WBGene00001232.,415,6674,7089
WBGene00001233.,964,10620,11584
WBGene00001234.,24,11745,11769
WBGene00001235.,147,5149,5296
WBGene00001236.,80,2301,2381
WBGene00001237.,19,82,101
WBGene00001239.,373,12735,13108
WBGene00001240.,90,2860,2950
WBGene00001241.,531,8350,8881
WBGene00001242.,14,244,258
WBGene00001243.,17,523,540
WBGene00001244.,303,3499,3802
WBGene00001245.,2,9,11
WBGene00001246.,3,25,28
WBGene00001247.,39,338,377
WBGene00001248.,344,1140,1484
WBGene00001249.,35,2316,2351
WBGene00001250.,2,33,35
WBGene00001251.,70,1357,1427
WBGene00001252.,0,22,22
WBGene00001253.,118,1525,1643
WBGene00001258.,943,6644,7587
WBGene00001259.,138,6864,7002
WBGene00001262.,83,2508,2591
WBGene00001263.,1670,65645,67315
WBGene00001281.,89,1451,1540
WBGene00001284.,201,2367,2568
WBGene00001303.,552,63206,63758
WBGene00001309.,202,6001,6203
WBGene00001310.,17,2,19
WBGene00001311.,0,3,3
WBGene00001320.,17,2554,2571
WBGene00001324.,91,1293,1384
WBGene00001325.,286,1422,1708
WBGene00001328.,333,24730,25063
WBGene00001329.,97,4965,5062
WBGene00001330.,536,2196,2732
WBGene00001331.,149,10473,10622
WBGene00001332.,159,833,992
WBGene00001333.,374,5177,5551
WBGene00001334.,530,3358,3888
WBGene00001335.,263,2362,2625
WBGene00001336.,484,8301,8785
WBGene00001337.,1532,14458,15990
WBGene00001338.,89,2328,2417
WBGene00001340.,615,6641,7256
WBGene00001345.,1369,1449,2818
WBGene00001352.,446,4016,4462
WBGene00001358.,60,589,649
WBGene00001362.,28,163,191
WBGene00001365.,302,3143,3445
WBGene00001366.,693,3139,3832
WBGene00001368.,257,2260,2517
WBGene00001371.,76,1286,1362
WBGene00001372.,137,615,752
WBGene00001373.,172,151,323
WBGene00001374.,660,1065,1725
WBGene00001377.,180,586,766
WBGene00001385.,124850,1428548,1553398
WBGene00001386.,3751,104704,108455
WBGene00001387.,12,74,86
WBGene00001388.,0,7,7
WBGene00001389.,40,886,926
WBGene00001390.,71,1758,1829
WBGene00001391.,82,1870,1952
WBGene00001392.,367,34158,34525
WBGene00001393.,161,14650,14811
WBGene00001394.,103,10771,10874
WBGene00001395.,1145,9579,10724
WBGene00001396.,114,4750,4864
WBGene00001397.,1,68,69
WBGene00001398.,169,2047,2216
WBGene00001399.,1,7,8
WBGene00001400.,13,212,225
WBGene00001401.,3,177,180
WBGene00001402.,2,308,310
WBGene00001403.,294,2325,2619
WBGene00001404.,1832,26338,28170
WBGene00001405.,33,2809,2842
WBGene00001406.,397,1192,1589
WBGene00001410.,154,453,607
WBGene00001411.,59,2035,2094
WBGene00001412.,32,1403,1435
WBGene00001413.,33,247,280
WBGene00001414.,3,35,38
WBGene00001423.,588,69788,70376
WBGene00001424.,1,5,6
WBGene00001425.,424,3329,3753
WBGene00001426.,429,15641,16070
WBGene00001427.,1883,137493,139376
WBGene00001428.,9,3264,3273
WBGene00001429.,39,1291,1330
WBGene00001430.,410,12045,12455
WBGene00001431.,165,10836,11001
WBGene00001432.,91,730,821
WBGene00001433.,126,1687,1813
WBGene00001434.,3,395,398
WBGene00001435.,0,0,0
WBGene00001436.,0,0,0
WBGene00001437.,2,124,126
WBGene00001438.,6,68,74
WBGene00001439.,2247,4104,6351
WBGene00001440.,23,375,398
WBGene00001441.,194,3109,3303
WBGene00001442.,4,88,92
WBGene00001443.,833,4675,5508
WBGene00001444.,12050,85641,97691
WBGene00001445.,49,989,1038
WBGene00001446.,4,217,221
WBGene00001447.,80,1227,1307
WBGene00001448.,608,11825,12433
WBGene00001449.,365,2632,2997
WBGene00001450.,17,1053,1070
WBGene00001451.,191,1984,2175
WBGene00001452.,78,8384,8462
WBGene00001453.,4,1214,1218
WBGene00001454.,3,3587,3590
WBGene00001455.,157,4381,4538
WBGene00001456.,3,559,562
WBGene00001457.,2821,17841,20662
WBGene00001458.,209,3010,3219
WBGene00001459.,93,3741,3834
WBGene00001460.,30,903,933
WBGene00001461.,1147,6685,7832
WBGene00001462.,56,6311,6367
WBGene00001463.,37,921,958
WBGene00001464.,217,4799,5016
WBGene00001465.,2,21,23
WBGene00001466.,5,396,401
WBGene00001468.,7,43,50
WBGene00001470.,138,3658,3796
WBGene00001475.,244,2881,3125
WBGene00001476.,12,47,59
WBGene00001477.,37,384,421
WBGene00001478.,42,201,243
WBGene00001479.,40,879,919
WBGene00001480.,1869,11309,13178
WBGene00001481.,41,322,363
WBGene00001482.,1,185,186
WBGene00001483.,7,167,174
WBGene00001484.,578,1593,2171
WBGene00001485.,710,1207,1917
WBGene00001486.,57,979,1036
WBGene00001487.,3,7,10
WBGene00001488.,1273,40444,41717
WBGene00001489.,296,1677,1973
WBGene00001490.,283,2669,2952
WBGene00001491.,899,5660,6559
WBGene00001492.,102,43,145
WBGene00001493.,148,2143,2291
WBGene00001494.,444,1211,1655
WBGene00001495.,0,0,0
WBGene00001496.,1128,3298,4426
WBGene00001497.,187,9240,9427
WBGene00001498.,771,8321,9092
WBGene00001499.,35,757,792
WBGene00001500.,12,38,50
WBGene00001501.,385,3792,4177
WBGene00001502.,1276,68417,69693
WBGene00001503.,302,17699,18001
WBGene00001505.,57,348,405
WBGene00001506.,6,10,16
WBGene00001507.,27,168,195
WBGene00001508.,417,1568,1985
WBGene00001509.,224,3877,4101
WBGene00001510.,286,2430,2716
WBGene00001511.,45,1707,1752
WBGene00001512.,71,170,241
WBGene00001513.,8,1844,1852
WBGene00001514.,13,276,289
WBGene00001515.,45,220,265
WBGene00001516.,776,3612,4388
WBGene00001517.,59,527,586
WBGene00001518.,294,1173,1467
WBGene00001519.,403,2273,2676
WBGene00001520.,226,14929,15155
WBGene00001522.,60,266,326
WBGene00001523.,130,2042,2172
WBGene00001526.,85,1312,1397
WBGene00001527.,45,1667,1712
WBGene00001528.,2,3,5
WBGene00001529.,0,2,2
WBGene00001530.,3,41,44
WBGene00001531.,5,40,45
WBGene00001532.,7,47,54
WBGene00001533.,18,30,48
WBGene00001534.,29,95,124
WBGene00001535.,15,71,86
WBGene00001536.,28,90,118
WBGene00001537.,484,635,1119
WBGene00001538.,116,1618,1734
WBGene00001539.,34,28,62
WBGene00001540.,3,42,45
WBGene00001541.,7,110,117
WBGene00001542.,29,86,115
WBGene00001543.,21,116,137
WBGene00001544.,26,101,127
WBGene00001545.,3,43,46
WBGene00001546.,8,47,55
WBGene00001547.,58,233,291
WBGene00001548.,14,76,90
WBGene00001549.,92,283,375
WBGene00001550.,13,22,35
WBGene00001551.,65,113,178
WBGene00001552.,185,1277,1462
WBGene00001553.,268,1817,2085
WBGene00001554.,139,882,1021
WBGene00001555.,445,1618,2063
WBGene00001556.,348,2069,2417
WBGene00001557.,246,1665,1911
WBGene00001558.,89,12701,12790
WBGene00001559.,255,1228,1483
WBGene00001560.,46,171,217
WBGene00001561.,1224,10513,11737
WBGene00001562.,89,3149,3238
WBGene00001563.,124,2770,2894
WBGene00001564.,1961,76051,78012
WBGene00001565.,226,2250,2476
WBGene00001566.,149,3282,3431
WBGene00001568.,72,1215,1287
WBGene00001569.,2,82,84
WBGene00001570.,299,5389,5688
WBGene00001571.,9,295,304
WBGene00001572.,949,9082,10031
WBGene00001574.,332,2883,3215
WBGene00001575.,69,404,473
WBGene00001577.,45,322,367
WBGene00001578.,22,116,138
WBGene00001579.,129,2033,2162
WBGene00001580.,108,1873,1981
WBGene00001581.,0,200,200
WBGene00001582.,489,2556,3045
WBGene00001583.,40,775,815
WBGene00001584.,424,1275,1699
WBGene00001585.,107,2000,2107
WBGene00001586.,87,189,276
WBGene00001587.,100,302,402
WBGene00001588.,43,414,457
WBGene00001589.,454,1470,1924
WBGene00001590.,43,1356,1399
WBGene00001591.,1,21,22
WBGene00001592.,63,444,507
WBGene00001593.,47,169,216
WBGene00001594.,185,2075,2260
WBGene00001595.,5,251,256
WBGene00001596.,234,4056,4290
WBGene00001597.,16,198,214
WBGene00001598.,81,2881,2962
WBGene00001599.,5,224,229
WBGene00001600.,0,205,205
WBGene00001601.,16,567,583
WBGene00001602.,63,1624,1687
WBGene00001603.,1,19,20
WBGene00001604.,189,20389,20578
WBGene00001605.,0,2,2
WBGene00001606.,29,580,609
WBGene00001607.,8,152,160
WBGene00001608.,2,21,23
WBGene00001609.,29,503,532
WBGene00001612.,24,125,149
WBGene00001613.,235,586,821
WBGene00001614.,47,159,206
WBGene00001615.,288,526,814
WBGene00001616.,47,500,547
WBGene00001617.,394,820,1214
WBGene00001618.,24,29,53
WBGene00001619.,38,103,141
WBGene00001620.,218,5209,5427
WBGene00001621.,22,158,180
WBGene00001622.,30,675,705
WBGene00001623.,11,267,278
WBGene00001624.,22,67,89
WBGene00001625.,6,52,58
WBGene00001626.,1,14,15
WBGene00001627.,74,460,534
WBGene00001628.,60,1588,1648
WBGene00001629.,459,1770,2229
WBGene00001630.,1131,2274,3405
WBGene00001631.,399,2555,2954
WBGene00001632.,86,2744,2830
WBGene00001633.,170,1531,1701
WBGene00001635.,116,2484,2600
WBGene00001636.,208,1021,1229
WBGene00001637.,135,1373,1508
WBGene00001638.,45,755,800
WBGene00001639.,74,65,139
WBGene00001640.,26,13,39
WBGene00001641.,1,1,2
WBGene00001642.,0,0,0
WBGene00001643.,64,355,419
WBGene00001644.,12,38,50
WBGene00001645.,122,1582,1704
WBGene00001646.,0,1457,1457
WBGene00001647.,1,366,367
WBGene00001648.,598,17102,17700
WBGene00001649.,257,3529,3786
WBGene00001650.,742,4600,5342
WBGene00001651.,420,2150,2570
WBGene00001653.,205,1670,1875
WBGene00001660.,62,935,997
WBGene00001661.,160,2274,2434
WBGene00001662.,128,4871,4999
WBGene00001663.,73,864,937
WBGene00001664.,27,228,255
WBGene00001665.,11,166,177
WBGene00001666.,19,370,389
WBGene00001667.,13,17,30
WBGene00001668.,6,29,35
WBGene00001669.,341,1766,2107
WBGene00001670.,27,129,156
WBGene00001671.,91,1795,1886
WBGene00001672.,3,56,59
WBGene00001673.,40,59,99
WBGene00001674.,63,342,405
WBGene00001675.,7,35,42
WBGene00001676.,84,187,271
WBGene00001677.,36,272,308
WBGene00001678.,256,725,981
WBGene00001679.,802,22547,23349
WBGene00001680.,102,3365,3467
WBGene00001681.,38,618,656
WBGene00001682.,863,39161,40024
WBGene00001683.,50,623,673
WBGene00001684.,55,56625,56680
WBGene00001685.,50,77633,77683
WBGene00001686.,57,816,873
WBGene00001687.,4,35,39
WBGene00001688.,19,1062,1081
WBGene00001689.,20,953,973
WBGene00001690.,19,122,141
WBGene00001691.,0,3,3
WBGene00001692.,494,19194,19688
WBGene00001693.,0,23,23
WBGene00001694.,19,4018,4037
WBGene00001695.,20,131,151
WBGene00001696.,7,29,36
WBGene00001697.,2,7,9
WBGene00001698.,18,50,68
WBGene00001699.,400,59206,59606
WBGene00001700.,4,0,4
WBGene00001701.,4,91,95
WBGene00001702.,2526,23869,26395
WBGene00001703.,61,590,651
WBGene00001704.,10,131,141
WBGene00001705.,12,124,136
WBGene00001706.,11,374,385
WBGene00001707.,171,717,888
WBGene00001708.,531,3795,4326
WBGene00001709.,107,1006,1113
WBGene00001710.,29,193,222
WBGene00001711.,1,94,95
WBGene00001712.,2,12,14
WBGene00001713.,16,3142,3158
WBGene00001714.,4,352,356
WBGene00001715.,0,8,8
WBGene00001716.,35,270,305
WBGene00001717.,2,148,150
WBGene00001718.,1,51,52
WBGene00001719.,18,525,543
WBGene00001720.,2,7,9
WBGene00001721.,17,301,318
WBGene00001722.,11,8,19
WBGene00001723.,26,41,67
WBGene00001724.,34,451,485
WBGene00001725.,8,999,1007
WBGene00001726.,1,7,8
WBGene00001727.,8,61,69
WBGene00001728.,0,3,3
WBGene00001729.,5,52,57
WBGene00001730.,2,69,71
WBGene00001731.,7,34,41
WBGene00001732.,2,9,11
WBGene00001733.,2,8,10
WBGene00001734.,0,4,4
WBGene00001735.,2,5,7
WBGene00001736.,5,18,23
WBGene00001737.,0,0,0
WBGene00001738.,0,1,1
WBGene00001739.,2,0,2
WBGene00001740.,146,633,779
WBGene00001743.,100,1186,1286
WBGene00001744.,412,8219,8631
WBGene00001745.,831,3145,3976
WBGene00001746.,412,5838,6250
WBGene00001747.,179,11093,11272
WBGene00001748.,735,12421,13156
WBGene00001749.,11,4739,4750
WBGene00001750.,94,689,783
WBGene00001751.,127,2634,2761
WBGene00001752.,5,407,412
WBGene00001753.,476,21037,21513
WBGene00001754.,1,160,161
WBGene00001755.,158,17220,17378
WBGene00001756.,0,108,108
WBGene00001757.,45,163,208
WBGene00001758.,4,2512,2516
WBGene00001759.,32,593,625
WBGene00001760.,8,1337,1345
WBGene00001761.,23,299,322
WBGene00001762.,1,84,85
WBGene00001763.,9,152,161
WBGene00001764.,6,632,638
WBGene00001765.,0,1,1
WBGene00001766.,0,0,0
WBGene00001767.,3,160,163
WBGene00001768.,54,9040,9094
WBGene00001769.,26,665,691
WBGene00001770.,0,199,199
WBGene00001771.,2,213,215
WBGene00001772.,8,4541,4549
WBGene00001773.,2,253,255
WBGene00001774.,0,287,287
WBGene00001775.,2,955,957
WBGene00001776.,22,722,744
WBGene00001777.,1,17,18
WBGene00001778.,1,147,148
WBGene00001779.,0,108,108
WBGene00001780.,3,191,194
WBGene00001781.,60,1498,1558
WBGene00001782.,31,83,114
WBGene00001783.,37,337,374
WBGene00001784.,185,1886,2071
WBGene00001785.,1,2,3
WBGene00001786.,0,28,28
WBGene00001787.,1,2392,2393
WBGene00001788.,59,610,669
WBGene00001789.,3,430,433
WBGene00001790.,72,1630,1702
WBGene00001791.,289,1971,2260
WBGene00001792.,9,66,75
WBGene00001793.,1420,6508,7928
WBGene00001794.,4677,49335,54012
WBGene00001795.,8,61,69
WBGene00001796.,43,196,239
WBGene00001803.,25,303,328
WBGene00001804.,29,52,81
WBGene00001805.,81,689,770
WBGene00001806.,34,143,177
WBGene00001808.,622,4796,5418
WBGene00001811.,29,266,295
WBGene00001812.,88,1529,1617
WBGene00001813.,341,2280,2621
WBGene00001814.,25,219,244
WBGene00001815.,104,806,910
WBGene00001816.,344,1238,1582
WBGene00001817.,33,1034,1067
WBGene00001818.,7,2,9
WBGene00001819.,30,205,235
WBGene00001820.,35,1482,1517
WBGene00001821.,85,868,953
WBGene00001823.,142,2112,2254
WBGene00001824.,115,3996,4111
WBGene00001827.,131,2540,2671
WBGene00001828.,1,3,4
WBGene00001829.,40,1444,1484
WBGene00001830.,23,1292,1315
WBGene00001831.,14,1820,1834
WBGene00001832.,186,1722,1908
WBGene00001833.,200,2965,3165
WBGene00001834.,19,4211,4230
WBGene00001835.,7,938,945
WBGene00001836.,141,1636,1777
WBGene00001837.,1130,1778,2908
WBGene00001838.,117,493,610
WBGene00001839.,64,132,196
WBGene00001840.,987,24283,25270
WBGene00001841.,13,411,424
WBGene00001842.,5,93,98
WBGene00001843.,393,2456,2849
WBGene00001844.,83,1654,1737
WBGene00001851.,577,13290,13867
WBGene00001852.,64,126,190
WBGene00001853.,231,49362,49593
WBGene00001854.,101,25634,25735
WBGene00001855.,18,6714,6732
WBGene00001856.,6,7144,7150
WBGene00001857.,0,140,140
WBGene00001858.,695,12516,13211
WBGene00001859.,15,6,21
WBGene00001860.,146,4475,4621
WBGene00001862.,3,233,236
WBGene00001863.,1468,17050,18518
WBGene00001864.,175,1148,1323
WBGene00001865.,29,393,422
WBGene00001867.,39,572,611
WBGene00001869.,17,1463,1480
WBGene00001872.,36,93,129
WBGene00001874.,39,1368,1407
WBGene00001875.,0,2737,2737
WBGene00001876.,0,1606,1606
WBGene00001877.,0,2694,2694
WBGene00001878.,0,1776,1776
WBGene00001879.,0,2109,2109
WBGene00001880.,0,2138,2138
WBGene00001881.,0,1643,1643
WBGene00001882.,0,425,425
WBGene00001883.,0,0,0
WBGene00001884.,0,0,0
WBGene00001885.,0,0,0
WBGene00001886.,0,0,0
WBGene00001887.,0,0,0
WBGene00001888.,0,0,0
WBGene00001889.,0,0,0
WBGene00001890.,0,122,122
WBGene00001891.,0,168,168
WBGene00001892.,0,1772,1772
WBGene00001893.,0,0,0
WBGene00001894.,0,0,0
WBGene00001895.,0,0,0
WBGene00001896.,0,0,0
WBGene00001898.,66,92889,92955
WBGene00001899.,0,0,0
WBGene00001900.,0,312,312
WBGene00001901.,0,0,0
WBGene00001902.,0,0,0
WBGene00001903.,0,0,0
WBGene00001904.,0,0,0
WBGene00001905.,0,596,596
WBGene00001906.,0,5925,5925
WBGene00001907.,0,0,0
WBGene00001908.,0,0,0
WBGene00001909.,1907,49681,51588
WBGene00001910.,443,24821,25264
WBGene00001911.,1214,75645,76859
WBGene00001912.,0,164,164
WBGene00001913.,0,14,14
WBGene00001914.,0,187,187
WBGene00001915.,1045,56023,57068
WBGene00001916.,0,159,159
WBGene00001917.,0,0,0
WBGene00001918.,0,0,0
WBGene00001919.,0,0,0
WBGene00001920.,0,0,0
WBGene00001921.,0,0,0
WBGene00001922.,0,1430,1430
WBGene00001923.,0,0,0
WBGene00001924.,0,0,0
WBGene00001925.,0,0,0
WBGene00001926.,0,0,0
WBGene00001927.,0,0,0
WBGene00001928.,0,0,0
WBGene00001929.,0,0,0
WBGene00001930.,0,0,0
WBGene00001931.,273,3378,3651
WBGene00001932.,0,0,0
WBGene00001933.,0,4169,4169
WBGene00001934.,0,9252,9252
WBGene00001935.,0,1842,1842
WBGene00001936.,0,3650,3650
WBGene00001937.,0,915,915
WBGene00001938.,0,4193,4193
WBGene00001939.,0,0,0
WBGene00001940.,0,0,0
WBGene00001941.,0,749,749
WBGene00001942.,0,3215,3215
WBGene00001943.,0,20,20
WBGene00001944.,0,22,22
WBGene00001945.,128,10532,10660
WBGene00001946.,892,63230,64122
WBGene00001947.,0,0,0
WBGene00001948.,640,3995,4635
WBGene00001949.,31,2395,2426
WBGene00001950.,14,2205,2219
WBGene00001951.,50,716,766
WBGene00001952.,32,708,740
WBGene00001953.,40,233,273
WBGene00001954.,6,107,113
WBGene00001955.,234,8608,8842
WBGene00001956.,0,7,7
WBGene00001957.,50,485,535
WBGene00001958.,13,1300,1313
WBGene00001959.,9,169,178
WBGene00001960.,14,274,288
WBGene00001961.,22,212,234
WBGene00001962.,2,11,13
WBGene00001963.,6,57,63
WBGene00001964.,0,0,0
WBGene00001965.,0,3,3
WBGene00001966.,0,29,29
WBGene00001967.,0,0,0
WBGene00001968.,0,1,1
WBGene00001971.,210,57727,57937
WBGene00001972.,642,15395,16037
WBGene00001973.,4,590,594
WBGene00001974.,82,6635,6717
WBGene00001975.,84,2399,2483
WBGene00001976.,0,34,34
WBGene00001977.,2,2394,2396
WBGene00001978.,240,3916,4156
WBGene00001979.,79,1704,1783
WBGene00001980.,2300,3736,6036
WBGene00001981.,0,29,29
WBGene00001983.,116,1398,1514
WBGene00001984.,185,836,1021
WBGene00001985.,7,62,69
WBGene00001986.,178,1588,1766
WBGene00001987.,662,585,1247
WBGene00001988.,54,1028,1082
WBGene00001989.,111,663,774
WBGene00001990.,101,2346,2447
WBGene00001991.,27,339,366
WBGene00001992.,16,323,339
WBGene00001993.,30,2853,2883
WBGene00001994.,264,7305,7569
WBGene00001995.,79,1830,1909
WBGene00001996.,578,1924,2502
WBGene00001997.,200,382,582
WBGene00001998.,24,264,288
WBGene00001999.,164,28294,28458
WBGene00002000.,429,18443,18872
WBGene00002001.,446,5926,6372
WBGene00002002.,85,5188,5273
WBGene00002003.,84,636,720
WBGene00002004.,582,1683,2265
WBGene00002005.,520,111670,112190
WBGene00002006.,0,0,0
WBGene00002007.,1048,51783,52831
WBGene00002008.,314,3422,3736
WBGene00002010.,82,19310,19392
WBGene00002011.,307,5532,5839
WBGene00002012.,4,392,396
WBGene00002013.,46,111,157
WBGene00002015.,0,0,0
WBGene00002016.,36,8682,8718
WBGene00002017.,0,2710,2710
WBGene00002018.,36,7560,7596
WBGene00002019.,0,0,0
WBGene00002020.,0,0,0
WBGene00002021.,61,716,777
WBGene00002023.,793,25819,26612
WBGene00002024.,52,763,815
WBGene00002025.,1328,68754,70082
WBGene00002026.,12,533,545
WBGene00002027.,288,8860,9148
WBGene00002028.,19,633,652
WBGene00002029.,26,333,359
WBGene00002030.,68,386,454
WBGene00002031.,65,704,769
WBGene00002032.,12,337,349
WBGene00002033.,5,73,78
WBGene00002034.,7,287,294
WBGene00002035.,294,1805,2099
WBGene00002036.,287,1945,2232
WBGene00002037.,103,750,853
WBGene00002038.,273,1515,1788
WBGene00002039.,123,1296,1419
WBGene00002040.,407,3142,3549
WBGene00002041.,19,107,126
WBGene00002042.,49,460,509
WBGene00002043.,126,458,584
WBGene00002044.,55,2090,2145
WBGene00002045.,9770,160708,170478
WBGene00002046.,268,3232,3500
WBGene00002047.,76,2502,2578
WBGene00002048.,639,3632,4271
WBGene00002050.,172,1270,1442
WBGene00002051.,0,40,40
WBGene00002052.,40,640,680
WBGene00002053.,261,7852,8113
WBGene00002054.,12,472,484
WBGene00002055.,2,161,163
WBGene00002056.,168,669,837
WBGene00002057.,13,81,94
WBGene00002058.,9,119,128
WBGene00002059.,118,5351,5469
WBGene00002060.,121,10902,11023
WBGene00002061.,26,2992,3018
WBGene00002062.,69,1938,2007
WBGene00002063.,100,366,466
WBGene00002064.,1197,10572,11769
WBGene00002065.,1159,205668,206827
WBGene00002066.,773,17788,18561
WBGene00002067.,22,201,223
WBGene00002068.,13,1166,1179
WBGene00002069.,528,3759,4287
WBGene00002070.,140,3851,3991
WBGene00002071.,65,4971,5036
WBGene00002072.,33,820,853
WBGene00002073.,11,2804,2815
WBGene00002074.,170,9098,9268
WBGene00002075.,314,2374,2688
WBGene00002076.,512,1796,2308
WBGene00002077.,414,20313,20727
WBGene00002078.,420,6602,7022
WBGene00002079.,39,1600,1639
WBGene00002080.,295,2726,3021
WBGene00002081.,45,1386,1431
WBGene00002083.,181,36059,36240
WBGene00002084.,20,957,977
WBGene00002085.,0,13,13
WBGene00002086.,16,448,464
WBGene00002087.,4,51,55
WBGene00002088.,11,242,253
WBGene00002089.,19,388,407
WBGene00002090.,0,1,1
WBGene00002091.,1,2,3
WBGene00002092.,9,76,85
WBGene00002093.,13,161,174
WBGene00002094.,5,19,24
WBGene00002095.,15,37,52
WBGene00002096.,17,35,52
WBGene00002097.,17,331,348
WBGene00002098.,6,25,31
WBGene00002099.,1,18,19
WBGene00002100.,49,3164,3213
WBGene00002101.,177,1112,1289
WBGene00002102.,5,20,25
WBGene00002103.,2,5,7
WBGene00002104.,3,27,30
WBGene00002105.,26,508,534
WBGene00002106.,0,1,1
WBGene00002107.,17,127,144
WBGene00002108.,23,77,100
WBGene00002109.,105,1441,1546
WBGene00002110.,2213,14375,16588
WBGene00002111.,75,822,897
WBGene00002112.,35,267,302
WBGene00002113.,40,1517,1557
WBGene00002114.,4,73,77
WBGene00002115.,0,7,7
WBGene00002116.,110,339,449
WBGene00002117.,2,25,27
WBGene00002118.,7,114,121
WBGene00002119.,37,50,87
WBGene00002120.,1,368,369
WBGene00002121.,0,2,2
WBGene00002123.,879,3511,4390
WBGene00002124.,3,92,95
WBGene00002125.,2,604,606
WBGene00002127.,43,5484,5527
WBGene00002128.,31,270,301
WBGene00002129.,61,1602,1663
WBGene00002130.,3,52,55
WBGene00002131.,6,59,65
WBGene00002132.,27,1019,1046
WBGene00002133.,147,486,633
WBGene00002134.,294,11063,11357
WBGene00002135.,230,9747,9977
WBGene00002136.,33,220,253
WBGene00002137.,7,65,72
WBGene00002138.,2,23,25
WBGene00002139.,0,23,23
WBGene00002140.,333,1514,1847
WBGene00002141.,107,79,186
WBGene00002142.,15,69,84
WBGene00002143.,36,156,192
WBGene00002144.,5,59,64
WBGene00002146.,116,1299,1415
WBGene00002147.,427,1155,1582
WBGene00002148.,145,2035,2180
WBGene00002149.,99,188,287
WBGene00002150.,192,192,384
WBGene00002151.,182,573,755
WBGene00002152.,837,9901,10738
WBGene00002153.,52,1673,1725
WBGene00002162.,3249,56299,59548
WBGene00002163.,276,838,1114
WBGene00002169.,515,3879,4394
WBGene00002173.,222,1195,1417
WBGene00002174.,27,220,247
WBGene00002175.,719,2007,2726
WBGene00002176.,771,1160,1931
WBGene00002177.,46,256,302
WBGene00002178.,139,1416,1555
WBGene00002179.,594,8379,8973
WBGene00002180.,10,1008,1018
WBGene00002181.,139,399,538
WBGene00002182.,157,441,598
WBGene00002183.,1413,28568,29981
WBGene00002184.,487,995,1482
WBGene00002185.,1553,2278,3831
WBGene00002186.,0,4,4
WBGene00002187.,445,3067,3512
WBGene00002188.,6,2,8
WBGene00002189.,3832,11564,15396
WBGene00002190.,1005,17903,18908
WBGene00002191.,2199,19122,21321
WBGene00002192.,354,1700,2054
WBGene00002193.,3,7,10
WBGene00002194.,103,423,526
WBGene00002195.,46,337,383
WBGene00002196.,172,8424,8596
WBGene00002198.,234,361,595
WBGene00002199.,40,435,475
WBGene00002200.,52,349,401
WBGene00002201.,96,2286,2382
WBGene00002202.,431,22394,22825
WBGene00002203.,335,4071,4406
WBGene00002204.,0,0,0
WBGene00002205.,21,60,81
WBGene00002206.,2,4,6
WBGene00002207.,129,758,887
WBGene00002208.,4,6,10
WBGene00002210.,629,2855,3484
WBGene00002211.,15,154,169
WBGene00002212.,11,4,15
WBGene00002213.,126,1200,1326
WBGene00002214.,35,1202,1237
WBGene00002215.,811,7848,8659
WBGene00002216.,296,3815,4111
WBGene00002217.,166,2331,2497
WBGene00002218.,22,113,135
WBGene00002219.,143,1554,1697
WBGene00002220.,139,1401,1540
WBGene00002221.,10,170,180
WBGene00002222.,3,20,23
WBGene00002223.,2097,4401,6498
WBGene00002224.,178,176,354
WBGene00002225.,3,582,585
WBGene00002226.,2,1453,1455
WBGene00002227.,13,12,25
WBGene00002228.,19,818,837
WBGene00002229.,71,1911,1982
WBGene00002230.,307,612,919
WBGene00002231.,41,1111,1152
WBGene00002232.,226,2796,3022
WBGene00002233.,49,292,341
WBGene00002234.,2,14,16
WBGene00002235.,81,78,159
WBGene00002238.,37,18465,18502
WBGene00002239.,114,762,876
WBGene00002240.,399,606,1005
WBGene00002241.,707,2853,3560
WBGene00002242.,201,325,526
WBGene00002243.,137,310,447
WBGene00002244.,371,9246,9617
WBGene00002245.,349,1467,1816
WBGene00002246.,3,918,921
WBGene00002247.,448,14526,14974
WBGene00002248.,9,92,101
WBGene00002249.,56,2798,2854
WBGene00002250.,30,4473,4503
WBGene00002251.,205,1279,1484
WBGene00002252.,115,190,305
WBGene00002253.,1626,9312,10938
WBGene00002254.,13738,164098,177836
WBGene00002255.,2918,31114,34032
WBGene00002256.,96,5361,5457
WBGene00002257.,390,7764,8154
WBGene00002258.,263,8859,9122
WBGene00002259.,9,498,507
WBGene00002260.,3,49,52
WBGene00002261.,654,4205,4859
WBGene00002262.,2162,43081,45243
WBGene00002263.,601,7553,8154
WBGene00002264.,398,15111,15509
WBGene00002265.,1147,17420,18567
WBGene00002266.,640,12290,12930
WBGene00002267.,534,13600,14134
WBGene00002268.,2067,25322,27389
WBGene00002269.,330,6672,7002
WBGene00002270.,1,78,79
WBGene00002271.,40,2501,2541
WBGene00002272.,92,2346,2438
WBGene00002273.,19,4141,4160
WBGene00002274.,9,219,228
WBGene00002275.,19,956,975
WBGene00002276.,29,911,940
WBGene00002278.,431,1594,2025
WBGene00002280.,4839,109448,114287
WBGene00002282.,113,1650,1763
WBGene00002285.,0,13783,13783
WBGene00002295.,364,10069,10433
WBGene00002297.,154,771,925
WBGene00002299.,104,1012,1116
WBGene00002324.,26,1207,1233
WBGene00002335.,208,9597,9805
WBGene00002344.,479,39272,39751
WBGene00002348.,24,2445,2469
WBGene00002363.,53,11163,11216
WBGene00002368.,5,261,266
WBGene00002393.,39,2009,2048
WBGene00002497.,968,5238,6206
WBGene00002583.,513,4534,5047
WBGene00002601.,259,1235,1494
WBGene00002632.,92,1366,1458
WBGene00002637.,283,14705,14988
WBGene00002694.,43,2146,2189
WBGene00002696.,156,5015,5171
WBGene00002717.,978,9168,10146
WBGene00002783.,1809,8728,10537
WBGene00002804.,50,6962,7012
WBGene00002827.,191,3349,3540
WBGene00002845.,264,4918,5182
WBGene00002850.,491,10749,11240
WBGene00002855.,157,11221,11378
WBGene00002879.,441,13057,13498
WBGene00002881.,769,7734,8503
WBGene00002889.,415,3292,3707
WBGene00002891.,113,3890,4003
WBGene00002915.,204,4925,5129
WBGene00002957.,225,5218,5443
WBGene00002974.,389,1916,2305
WBGene00002975.,62,489,551
WBGene00002976.,357,2010,2367
WBGene00002977.,155,60,215
WBGene00002978.,2681,284643,287324
WBGene00002979.,293,1132,1425
WBGene00002980.,195,42254,42449
WBGene00002981.,278,9597,9875
WBGene00002982.,109,1206,1315
WBGene00002983.,44,282,326
WBGene00002985.,131,2283,2414
WBGene00002986.,127,1157,1284
WBGene00002987.,35,151,186
WBGene00002988.,42,631,673
WBGene00002989.,326,1037,1363
WBGene00002990.,910,2771,3681
WBGene00002991.,436,2320,2756
WBGene00002992.,68,423,491
WBGene00002993.,0,0,0
WBGene00002994.,56,4308,4364
WBGene00002996.,114,887,1001
WBGene00002997.,68,847,915
WBGene00002998.,123,1847,1970
WBGene00002999.,735,3838,4573
WBGene00003000.,54,371,425
WBGene00003001.,142,604,746
WBGene00003002.,495,6686,7181
WBGene00003003.,1334,7000,8334
WBGene00003006.,286,556,842
WBGene00003007.,228,1411,1639
WBGene00003008.,74,312,386
WBGene00003009.,121,2568,2689
WBGene00003010.,604,3998,4602
WBGene00003011.,209,2064,2273
WBGene00003012.,64,2774,2838
WBGene00003014.,450,8085,8535
WBGene00003015.,84,125,209
WBGene00003017.,39,314,353
WBGene00003018.,28,801,829
WBGene00003019.,312,5240,5552
WBGene00003020.,393,2096,2489
WBGene00003021.,210,2799,3009
WBGene00003022.,112,818,930
WBGene00003024.,437,4757,5194
WBGene00003025.,426,9365,9791
WBGene00003026.,164,3779,3943
WBGene00003029.,13,329,342
WBGene00003030.,345,2112,2457
WBGene00003031.,36,392,428
WBGene00003033.,14,142,156
WBGene00003034.,224,2108,2332
WBGene00003035.,100,1167,1267
WBGene00003036.,14,9225,9239
WBGene00003037.,40,1226,1266
WBGene00003038.,14,967,981
WBGene00003039.,0,0,0
WBGene00003040.,353,2999,3352
WBGene00003041.,223,2155,2378
WBGene00003043.,126,1616,1742
WBGene00003044.,346,2804,3150
WBGene00003045.,306,1763,2069
WBGene00003046.,40,374,414
WBGene00003047.,459,3375,3834
WBGene00003048.,3783,6185,9968
WBGene00003052.,202,19373,19575
WBGene00003053.,30,6293,6323
WBGene00003055.,121,4013,4134
WBGene00003056.,142,719,861
WBGene00003057.,108,2217,2325
WBGene00003058.,1,2,3
WBGene00003059.,175,1929,2104
WBGene00003060.,1171,3860,5031
WBGene00003061.,829,24359,25188
WBGene00003062.,73,7788,7861
WBGene00003063.,188,15493,15681
WBGene00003064.,13,1981,1994
WBGene00003065.,319,15089,15408
WBGene00003066.,86,3458,3544
WBGene00003067.,10,166,176
WBGene00003068.,254,1926,2180
WBGene00003071.,305,6605,6910
WBGene00003072.,387,6413,6800
WBGene00003073.,279,11746,12025
WBGene00003074.,150,2246,2396
WBGene00003075.,17,31,48
WBGene00003076.,205,4243,4448
WBGene00003077.,261,2511,2772
WBGene00003078.,54,6304,6358
WBGene00003079.,0,9723,9723
WBGene00003080.,299,5453,5752
WBGene00003081.,627,5818,6445
WBGene00003082.,191,2938,3129
WBGene00003083.,15,704,719
WBGene00003084.,132,2090,2222
WBGene00003085.,383,11817,12200
WBGene00003086.,610,1960,2570
WBGene00003087.,108,3417,3525
WBGene00003088.,0,1,1
WBGene00003089.,154,2481,2635
WBGene00003090.,1,698,699
WBGene00003091.,0,328,328
WBGene00003092.,0,123,123
WBGene00003093.,5,123,128
WBGene00003094.,3,12,15
WBGene00003095.,1,4,5
WBGene00003096.,2,63,65
WBGene00003097.,8,1610,1618
WBGene00003098.,0,2,2
WBGene00003099.,0,3,3
WBGene00003100.,24,23,47
WBGene00003102.,190,968,1158
WBGene00003104.,24,80,104
WBGene00003106.,30,201,231
WBGene00003107.,73,134,207
WBGene00003111.,213,2770,2983
WBGene00003112.,182,1664,1846
WBGene00003114.,209,329,538
WBGene00003119.,403,2486,2889
WBGene00003123.,93,16353,16446
WBGene00003124.,359,3746,4105
WBGene00003129.,215,2406,2621
WBGene00003130.,458,5080,5538
WBGene00003132.,94,2301,2395
WBGene00003133.,244,1999,2243
WBGene00003134.,79,1087,1166
WBGene00003136.,108,969,1077
WBGene00003142.,185,1725,1910
WBGene00003143.,494,3731,4225
WBGene00003144.,683,3830,4513
WBGene00003148.,54,14792,14846
WBGene00003149.,419,2874,3293
WBGene00003150.,904,9087,9991
WBGene00003151.,65,984,1049
WBGene00003153.,5375,24994,30369
WBGene00003154.,56,2272,2328
WBGene00003155.,35,2657,2692
WBGene00003156.,36,3481,3517
WBGene00003157.,37,3426,3463
WBGene00003158.,47,2880,2927
WBGene00003159.,17,3176,3193
WBGene00003160.,236,4694,4930
WBGene00003161.,104,2495,2599
WBGene00003162.,140,43579,43719
WBGene00003163.,140,7250,7390
WBGene00003164.,26,585,611
WBGene00003165.,61,464,525
WBGene00003166.,507,1514,2021
WBGene00003167.,61,536,597
WBGene00003168.,90,267,357
WBGene00003169.,792,10126,10918
WBGene00003170.,150,865,1015
WBGene00003171.,299,8082,8381
WBGene00003172.,113,3591,3704
WBGene00003173.,71,367,438
WBGene00003174.,21,94,115
WBGene00003175.,245,5640,5885
WBGene00003176.,5,42,47
WBGene00003177.,135,950,1085
WBGene00003178.,47,4667,4714
WBGene00003179.,88,598,686
WBGene00003180.,0,6,6
WBGene00003181.,0,48,48
WBGene00003182.,537,3928,4465
WBGene00003183.,10,1424,1434
WBGene00003184.,7,327,334
WBGene00003185.,6,2106,2112
WBGene00003186.,170,3370,3540
WBGene00003196.,409,2210,2619
WBGene00003209.,517,2084,2601
WBGene00003210.,217,3030,3247
WBGene00003214.,175,3770,3945
WBGene00003216.,2,179,181
WBGene00003218.,99,5577,5676
WBGene00003219.,0,23,23
WBGene00003220.,118,854,972
WBGene00003221.,421,1654,2075
WBGene00003222.,88,1430,1518
WBGene00003224.,29,246,275
WBGene00003225.,971,25751,26722
WBGene00003228.,16,70,86
WBGene00003229.,243,2546,2789
WBGene00003230.,4,144,148
WBGene00003231.,1,53,54
WBGene00003232.,63,204,267
WBGene00003233.,71,321,392
WBGene00003234.,469,4275,4744
WBGene00003235.,754,5774,6528
WBGene00003236.,4,548,552
WBGene00003237.,241,1636,1877
WBGene00003238.,281,2300,2581
WBGene00003239.,114,4829,4943
WBGene00003241.,184,2169,2353
WBGene00003242.,1173,43406,44579
WBGene00003243.,693,4196,4889
WBGene00003245.,15,784,799
WBGene00003246.,276,946,1222
WBGene00003247.,629,8050,8679
WBGene00003248.,142,788,930
WBGene00003249.,406,9226,9632
WBGene00003252.,4,82,86
WBGene00003253.,52,2714,2766
WBGene00003254.,74,1049,1123
WBGene00003258.,1059,634,1693
WBGene00003260.,0,12,12
WBGene00003261.,0,0,0
WBGene00003262.,0,4,4
WBGene00003263.,0,2,2
WBGene00003264.,0,1,1
WBGene00003265.,0,0,0
WBGene00003266.,0,0,0
WBGene00003267.,0,0,0
WBGene00003268.,0,1,1
WBGene00003269.,0,4,4
WBGene00003270.,0,1,1
WBGene00003271.,0,0,0
WBGene00003272.,0,2,2
WBGene00003273.,0,3,3
WBGene00003274.,0,4,4
WBGene00003275.,0,14,14
WBGene00003277.,0,0,0
WBGene00003278.,0,0,0
WBGene00003279.,0,25,25
WBGene00003280.,0,12,12
WBGene00003281.,0,33,33
WBGene00003282.,0,0,0
WBGene00003283.,0,0,0
WBGene00003284.,0,1,1
WBGene00003285.,0,0,0
WBGene00003286.,0,0,0
WBGene00003287.,0,1,1
WBGene00003288.,0,0,0
WBGene00003289.,0,1,1
WBGene00003290.,0,0,0
WBGene00003291.,0,8,8
WBGene00003292.,0,0,0
WBGene00003293.,0,0,0
WBGene00003294.,0,0,0
WBGene00003295.,0,0,0
WBGene00003296.,0,0,0
WBGene00003297.,0,2,2
WBGene00003298.,0,0,0
WBGene00003299.,0,0,0
WBGene00003300.,0,11,11
WBGene00003301.,0,1,1
WBGene00003302.,0,1,1
WBGene00003303.,0,1,1
WBGene00003304.,0,5,5
WBGene00003305.,0,0,0
WBGene00003306.,0,0,0
WBGene00003307.,0,8,8
WBGene00003308.,0,96,96
WBGene00003309.,0,0,0
WBGene00003310.,0,0,0
WBGene00003311.,0,4,4
WBGene00003312.,0,0,0
WBGene00003313.,0,0,0
WBGene00003314.,0,0,0
WBGene00003315.,0,0,0
WBGene00003316.,0,0,0
WBGene00003317.,0,0,0
WBGene00003318.,0,0,0
WBGene00003319.,0,0,0
WBGene00003321.,0,6,6
WBGene00003322.,0,0,0
WBGene00003323.,0,5,5
WBGene00003324.,0,49,49
WBGene00003325.,0,1,1
WBGene00003326.,0,0,0
WBGene00003327.,0,0,0
WBGene00003328.,0,9,9
WBGene00003329.,0,0,0
WBGene00003330.,0,1,1
WBGene00003331.,0,11,11
WBGene00003332.,0,2,2
WBGene00003333.,0,5,5
WBGene00003334.,0,0,0
WBGene00003335.,0,3,3
WBGene00003336.,0,3,3
WBGene00003337.,0,0,0
WBGene00003338.,0,20,20
WBGene00003339.,0,1,1
WBGene00003340.,0,0,0
WBGene00003341.,0,0,0
WBGene00003342.,0,0,0
WBGene00003343.,0,1,1
WBGene00003344.,0,0,0
WBGene00003345.,0,0,0
WBGene00003346.,0,1,1
WBGene00003347.,0,0,0
WBGene00003348.,0,0,0
WBGene00003349.,0,289,289
WBGene00003350.,0,0,0
WBGene00003351.,0,0,0
WBGene00003352.,0,0,0
WBGene00003353.,0,1,1
WBGene00003354.,0,0,0
WBGene00003355.,0,0,0
WBGene00003356.,0,0,0
WBGene00003357.,0,4,4
WBGene00003358.,0,0,0
WBGene00003359.,0,6,6
WBGene00003360.,0,0,0
WBGene00003361.,0,0,0
WBGene00003362.,0,0,0
WBGene00003363.,0,0,0
WBGene00003364.,0,1,1
WBGene00003365.,0,0,0
WBGene00003366.,0,0,0
WBGene00003367.,908,10315,11223
WBGene00003368.,77,1406,1483
WBGene00003369.,515,102489,103004
WBGene00003370.,40424,289213,329637
WBGene00003371.,14775,533487,548262
WBGene00003372.,661,10680,11341
WBGene00003373.,48,363,411
WBGene00003374.,369,1146,1515
WBGene00003375.,471,21735,22206
WBGene00003376.,45,223,268
WBGene00003377.,11,214,225
WBGene00003378.,670,3911,4581
WBGene00003380.,46,564,610
WBGene00003384.,19,573,592
WBGene00003385.,169,1662,1831
WBGene00003386.,118,723,841
WBGene00003387.,254,125,379
WBGene00003388.,30,423,453
WBGene00003389.,113,3836,3949
WBGene00003390.,25,2673,2698
WBGene00003391.,1338,9354,10692
WBGene00003392.,164,2974,3138
WBGene00003393.,259,5391,5650
WBGene00003394.,14,144,158
WBGene00003395.,4,147,151
WBGene00003396.,266,1220,1486
WBGene00003397.,135,1344,1479
WBGene00003400.,440,1333,1773
WBGene00003401.,529,4105,4634
WBGene00003402.,62,347,409
WBGene00003403.,39,99,138
WBGene00003404.,1819,6887,8706
WBGene00003405.,60,1383,1443
WBGene00003406.,91,4450,4541
WBGene00003407.,953,5209,6162
WBGene00003408.,231,1365,1596
WBGene00003409.,24,195,219
WBGene00003410.,0,29,29
WBGene00003411.,142,977,1119
WBGene00003412.,156,1029,1185
WBGene00003413.,725,576,1301
WBGene00003414.,232,245,477
WBGene00003415.,313,17156,17469
WBGene00003417.,105,838,943
WBGene00003418.,69,865,934
WBGene00003420.,13,18,31
WBGene00003421.,73,352,425
WBGene00003422.,122,1675,1797
WBGene00003423.,1680,3074,4754
WBGene00003424.,0,3,3
WBGene00003425.,0,0,0
WBGene00003426.,0,0,0
WBGene00003429.,0,0,0
WBGene00003430.,0,0,0
WBGene00003431.,0,15,15
WBGene00003432.,0,11,11
WBGene00003433.,0,0,0
WBGene00003434.,0,1,1
WBGene00003435.,0,10,10
WBGene00003437.,0,0,0
WBGene00003438.,0,0,0
WBGene00003442.,0,133,133
WBGene00003443.,0,543,543
WBGene00003444.,0,2,2
WBGene00003445.,0,103,103
WBGene00003446.,0,0,0
WBGene00003448.,0,6,6
WBGene00003449.,0,2,2
WBGene00003450.,0,23,23
WBGene00003451.,0,1,1
WBGene00003452.,0,1,1
WBGene00003456.,0,1,1
WBGene00003457.,0,2,2
WBGene00003458.,0,21,21
WBGene00003460.,0,22,22
WBGene00003462.,0,16,16
WBGene00003463.,0,5,5
WBGene00003464.,0,0,0
WBGene00003465.,0,3,3
WBGene00003466.,0,0,0
WBGene00003467.,0,1,1
WBGene00003468.,0,0,0
WBGene00003469.,0,0,0
WBGene00003470.,0,2,2
WBGene00003471.,48,530,578
WBGene00003472.,360,2323,2683
WBGene00003473.,0,58,58
WBGene00003474.,12,171,183
WBGene00003475.,320,1372,1692
WBGene00003476.,1681,5494,7175
WBGene00003477.,84,1112,1196
WBGene00003478.,468,1115,1583
WBGene00003479.,305,1352,1657
WBGene00003480.,32,315,347
WBGene00003482.,522,5592,6114
WBGene00003485.,505,5315,5820
WBGene00003495.,1403,177411,178814
WBGene00003497.,111,2384,2495
WBGene00003499.,10,184,194
WBGene00003504.,10,876,886
WBGene00003507.,2,248,250
WBGene00003508.,147,1300,1447
WBGene00003509.,36,856,892
WBGene00003510.,275,2048,2323
WBGene00003511.,89,10994,11083
WBGene00003514.,77,4142,4219
WBGene00003515.,344,23317,23661
WBGene00003516.,186,2987,3173
WBGene00003517.,40,571,611
WBGene00003518.,23,76,99
WBGene00003519.,334,7756,8090
WBGene00003520.,29,37,66
WBGene00003521.,0,0,0
WBGene00003522.,79,1527,1606
WBGene00003523.,150,829,979
WBGene00003524.,13,147,160
WBGene00003525.,32,119,151
WBGene00003526.,22,124,146
WBGene00003527.,37,272,309
WBGene00003528.,8,112,120
WBGene00003529.,5,7,12
WBGene00003530.,67,508,575
WBGene00003531.,13,175,188
WBGene00003532.,8,83,91
WBGene00003533.,10,48,58
WBGene00003534.,4,86,90
WBGene00003535.,0,1,1
WBGene00003536.,0,2,2
WBGene00003537.,0,0,0
WBGene00003538.,0,0,0
WBGene00003539.,2,1,3
WBGene00003540.,1,6,7
WBGene00003541.,11,0,11
WBGene00003542.,5,52,57
WBGene00003543.,9,13,22
WBGene00003544.,35,150,185
WBGene00003545.,21,7,28
WBGene00003546.,22,180,202
WBGene00003547.,8,31,39
WBGene00003548.,121,414,535
WBGene00003549.,82,1579,1661
WBGene00003550.,720,2953,3673
WBGene00003551.,10,56,66
WBGene00003552.,257,534,791
WBGene00003553.,197,861,1058
WBGene00003554.,25,80,105
WBGene00003555.,188,701,889
WBGene00003556.,24,0,24
WBGene00003558.,177,242,419
WBGene00003559.,2010,12090,14100
WBGene00003561.,322,509,831
WBGene00003562.,11,105,116
WBGene00003563.,29,239,268
WBGene00003564.,76,8503,8579
WBGene00003565.,387,3938,4325
WBGene00003566.,367,3196,3563
WBGene00003567.,801,13985,14786
WBGene00003568.,160,2302,2462
WBGene00003569.,115,1740,1855
WBGene00003570.,8,55,63
WBGene00003571.,13,8,21
WBGene00003572.,13,68,81
WBGene00003573.,8,114,122
WBGene00003574.,3,5,8
WBGene00003575.,2,27,29
WBGene00003576.,206,2268,2474
WBGene00003577.,46,235,281
WBGene00003578.,433,3803,4236
WBGene00003579.,7,647,654
WBGene00003580.,53,765,818
WBGene00003581.,99,2089,2188
WBGene00003582.,533,1643,2176
WBGene00003583.,48,910,958
WBGene00003584.,159,1269,1428
WBGene00003585.,347,100,447
WBGene00003586.,33,662,695
WBGene00003587.,279,11786,12065
WBGene00003588.,14,8909,8923
WBGene00003589.,301,2381,2682
WBGene00003590.,77,490,567
WBGene00003591.,121,1690,1811
WBGene00003592.,349,3562,3911
WBGene00003593.,221,2061,2282
WBGene00003594.,308,1425,1733
WBGene00003595.,1,24,25
WBGene00003596.,651,12174,12825
WBGene00003597.,1048,3896,4944
WBGene00003598.,99,5161,5260
WBGene00003599.,321,1657,1978
WBGene00003600.,2285,6238,8523
WBGene00003601.,10,126,136
WBGene00003602.,47,1264,1311
WBGene00003603.,128,1513,1641
WBGene00003604.,67,422,489
WBGene00003605.,136,939,1075
WBGene00003606.,288,1278,1566
WBGene00003607.,21,76,97
WBGene00003608.,1,16,17
WBGene00003609.,399,2557,2956
WBGene00003610.,125,469,594
WBGene00003611.,170,1411,1581
WBGene00003612.,109,387,496
WBGene00003613.,35,729,764
WBGene00003614.,605,771,1376
WBGene00003615.,4,73,77
WBGene00003616.,337,1047,1384
WBGene00003617.,3,213,216
WBGene00003618.,812,5162,5974
WBGene00003619.,240,2743,2983
WBGene00003620.,429,1625,2054
WBGene00003621.,99,525,624
WBGene00003622.,424,1181,1605
WBGene00003623.,71,1239,1310
WBGene00003624.,111,1391,1502
WBGene00003625.,246,2467,2713
WBGene00003626.,343,1577,1920
WBGene00003627.,1055,2549,3604
WBGene00003628.,346,1467,1813
WBGene00003629.,3,3,6
WBGene00003630.,1778,4452,6230
WBGene00003632.,145,1388,1533
WBGene00003633.,52,1010,1062
WBGene00003634.,98,685,783
WBGene00003635.,46,929,975
WBGene00003636.,744,2682,3426
WBGene00003637.,313,2282,2595
WBGene00003638.,134,1534,1668
WBGene00003639.,319,4633,4952
WBGene00003640.,84,1080,1164
WBGene00003641.,0,15,15
WBGene00003642.,6,17,23
WBGene00003643.,6,27,33
WBGene00003644.,9,140,149
WBGene00003645.,13,161,174
WBGene00003646.,74,668,742
WBGene00003647.,118,491,609
WBGene00003648.,28,751,779
WBGene00003649.,50,393,443
WBGene00003650.,32,159,191
WBGene00003651.,129,1159,1288
WBGene00003652.,130,591,721
WBGene00003653.,51,647,698
WBGene00003654.,257,589,846
WBGene00003655.,69,525,594
WBGene00003656.,138,2215,2353
WBGene00003657.,42,638,680
WBGene00003658.,325,4383,4708
WBGene00003659.,28,559,587
WBGene00003660.,114,1207,1321
WBGene00003661.,149,1234,1383
WBGene00003662.,3,4,7
WBGene00003663.,1,475,476
WBGene00003664.,641,137,778
WBGene00003665.,1,0,1
WBGene00003667.,1,10,11
WBGene00003668.,474,911,1385
WBGene00003669.,17,65,82
WBGene00003670.,14,213,227
WBGene00003671.,0,0,0
WBGene00003672.,1,8,9
WBGene00003673.,11,101,112
WBGene00003674.,90,1082,1172
WBGene00003675.,459,1363,1822
WBGene00003676.,363,1106,1469
WBGene00003677.,228,1711,1939
WBGene00003678.,411,3330,3741
WBGene00003679.,0,1,1
WBGene00003680.,18,202,220
WBGene00003681.,314,3237,3551
WBGene00003682.,16,11,27
WBGene00003683.,11,90,101
WBGene00003684.,30,292,322
WBGene00003685.,134,1009,1143
WBGene00003686.,7,150,157
WBGene00003687.,175,9246,9421
WBGene00003688.,101,621,722
WBGene00003689.,6,24,30
WBGene00003690.,200,2070,2270
WBGene00003691.,776,2885,3661
WBGene00003692.,37,279,316
WBGene00003693.,3,158,161
WBGene00003694.,111,855,966
WBGene00003695.,764,5272,6036
WBGene00003696.,4,9,13
WBGene00003697.,53,420,473
WBGene00003698.,1,35,36
WBGene00003699.,6,190,196
WBGene00003700.,4,39,43
WBGene00003701.,1,3,4
WBGene00003702.,23,399,422
WBGene00003703.,91,660,751
WBGene00003704.,656,3367,4023
WBGene00003705.,18,101,119
WBGene00003706.,20,155,175
WBGene00003707.,39,358,397
WBGene00003708.,3,1,4
WBGene00003709.,67,346,413
WBGene00003710.,100,510,610
WBGene00003711.,13,13,26
WBGene00003712.,72,395,467
WBGene00003713.,13,117,130
WBGene00003714.,18,30,48
WBGene00003715.,267,370,637
WBGene00003716.,10,84,94
WBGene00003717.,14,221,235
WBGene00003718.,8,185,193
WBGene00003719.,52,443,495
WBGene00003720.,29,133,162
WBGene00003721.,30,309,339
WBGene00003722.,64,597,661
WBGene00003723.,10,561,571
WBGene00003724.,29,537,566
WBGene00003725.,138,448,586
WBGene00003726.,102,1262,1364
WBGene00003727.,352,580,932
WBGene00003728.,476,2395,2871
WBGene00003729.,27,172,199
WBGene00003730.,9,47,56
WBGene00003731.,45,120,165
WBGene00003732.,69,664,733
WBGene00003733.,49,494,543
WBGene00003734.,0,1,1
WBGene00003735.,341,783,1124
WBGene00003736.,64,209,273
WBGene00003738.,44,1141,1185
WBGene00003739.,66,976,1042
WBGene00003740.,7,380,387
WBGene00003741.,11,2676,2687
WBGene00003742.,1,96,97
WBGene00003743.,181,716,897
WBGene00003744.,177,2930,3107
WBGene00003745.,51,1612,1663
WBGene00003746.,20,1798,1818
WBGene00003747.,25,1308,1333
WBGene00003748.,166,4056,4222
WBGene00003749.,160,4027,4187
WBGene00003750.,331,3449,3780
WBGene00003751.,26,3057,3083
WBGene00003752.,26,1707,1733
WBGene00003753.,566,4025,4591
WBGene00003754.,76,1922,1998
WBGene00003755.,58,4378,4436
WBGene00003756.,328,12476,12804
WBGene00003757.,23,753,776
WBGene00003758.,106,1311,1417
WBGene00003759.,531,3922,4453
WBGene00003760.,18,2,20
WBGene00003761.,0,86,86
WBGene00003762.,861,9201,10062
WBGene00003763.,37,126,163
WBGene00003764.,122,1431,1553
WBGene00003765.,298,4448,4746
WBGene00003766.,33,611,644
WBGene00003767.,280,6432,6712
WBGene00003768.,59,777,836
WBGene00003769.,211,3452,3663
WBGene00003770.,4,32,36
WBGene00003771.,2496,15286,17782
WBGene00003772.,48,553,601
WBGene00003773.,79,652,731
WBGene00003774.,12,79,91
WBGene00003775.,57,150,207
WBGene00003776.,562,8575,9137
WBGene00003777.,264,8303,8567
WBGene00003778.,22,37,59
WBGene00003779.,12,316,328
WBGene00003783.,2,116,118
WBGene00003784.,0,11,11
WBGene00003785.,105,2310,2415
WBGene00003786.,91,803,894
WBGene00003787.,22,2020,2042
WBGene00003788.,342,3162,3504
WBGene00003789.,228,2244,2472
WBGene00003790.,55,1659,1714
WBGene00003791.,34,2280,2314
WBGene00003792.,244,2996,3240
WBGene00003793.,95,3730,3825
WBGene00003794.,689,3189,3878
WBGene00003795.,42,5362,5404
WBGene00003796.,130,4316,4446
WBGene00003797.,134,2680,2814
WBGene00003798.,76,3722,3798
WBGene00003799.,666,3663,4329
WBGene00003800.,41,3425,3466
WBGene00003801.,45,1927,1972
WBGene00003802.,33,5137,5170
WBGene00003803.,109,3228,3337
WBGene00003804.,103,2823,2926
WBGene00003805.,65,2110,2175
WBGene00003806.,425,4978,5403
WBGene00003807.,37,199,236
WBGene00003808.,123,677,800
WBGene00003812.,96,4022,4118
WBGene00003813.,50,235,285
WBGene00003815.,540,9306,9846
WBGene00003816.,4,241,245
WBGene00003818.,340,3908,4248
WBGene00003821.,969,11562,12531
WBGene00003822.,133,2589,2722
WBGene00003825.,300,10284,10584
WBGene00003826.,1079,3387,4466
WBGene00003827.,461,4097,4558
WBGene00003828.,26,321,347
WBGene00003829.,24,4501,4525
WBGene00003830.,213,1725,1938
WBGene00003831.,2571,27308,29879
WBGene00003834.,109,3209,3318
WBGene00003835.,12,434,446
WBGene00003836.,764,6765,7529
WBGene00003837.,659,2761,3420
WBGene00003838.,23,80,103
WBGene00003839.,19,93,112
WBGene00003840.,11,15,26
WBGene00003841.,9,22,31
WBGene00003842.,71,276,347
WBGene00003843.,66,1026,1092
WBGene00003844.,4,1154,1158
WBGene00003845.,0,1,1
WBGene00003846.,1,120,121
WBGene00003847.,292,2861,3153
WBGene00003848.,14,47,61
WBGene00003849.,264,879,1143
WBGene00003850.,19,330,349
WBGene00003851.,186,2824,3010
WBGene00003854.,1,11,12
WBGene00003856.,21,129,150
WBGene00003858.,848,6771,7619
WBGene00003859.,61,642,703
WBGene00003860.,736,8094,8830
WBGene00003861.,27,548,575
WBGene00003862.,36,348,384
WBGene00003863.,1,0,1
WBGene00003864.,1,74,75
WBGene00003865.,1,79,80
WBGene00003868.,140,1757,1897
WBGene00003870.,22,1586,1608
WBGene00003876.,32,328,360
WBGene00003877.,7,126,133
WBGene00003878.,27,534,561
WBGene00003879.,13,458,471
WBGene00003882.,93,849,942
WBGene00003883.,101,520,621
WBGene00003884.,65,286,351
WBGene00003885.,150,643,793
WBGene00003886.,104,429,533
WBGene00003887.,85,488,573
WBGene00003888.,3,29,32
WBGene00003889.,9,24,33
WBGene00003890.,23,131,154
WBGene00003891.,28,4620,4648
WBGene00003892.,108,313,421
WBGene00003893.,27852,375827,403679
WBGene00003898.,153,1116,1269
WBGene00003901.,155,11779,11934
WBGene00003902.,1798,169384,171182
WBGene00003903.,176,20458,20634
WBGene00003904.,69,8662,8731
WBGene00003905.,844,2422,3266
WBGene00003906.,3,14,17
WBGene00003907.,452,2114,2566
WBGene00003909.,51,655,706
WBGene00003911.,174,2589,2763
WBGene00003912.,10,136,146
WBGene00003914.,464,5047,5511
WBGene00003915.,1020,13711,14731
WBGene00003916.,2461,7314,9775
WBGene00003917.,264,460,724
WBGene00003918.,221,1586,1807
WBGene00003919.,224,418,642
WBGene00003920.,500,74916,75416
WBGene00003921.,122,1064,1186
WBGene00003922.,47,5579,5626
WBGene00003923.,98,14782,14880
WBGene00003924.,16,16932,16948
WBGene00003925.,552,12626,13178
WBGene00003926.,420,20007,20427
WBGene00003927.,89,13208,13297
WBGene00003928.,149,9152,9301
WBGene00003929.,507,13344,13851
WBGene00003930.,411,12178,12589
WBGene00003931.,275,9985,10260
WBGene00003932.,759,10608,11367
WBGene00003933.,109,3612,3721
WBGene00003934.,33529,785131,818660
WBGene00003936.,568,4385,4953
WBGene00003937.,2,17,19
WBGene00003938.,24,28,52
WBGene00003939.,64,617,681
WBGene00003941.,110,658,768
WBGene00003943.,13,53,66
WBGene00003947.,118,11077,11195
WBGene00003948.,12,12283,12295
WBGene00003949.,75,10802,10877
WBGene00003950.,416,15537,15953
WBGene00003951.,321,7271,7592
WBGene00003952.,632,9398,10030
WBGene00003953.,95,15261,15356
WBGene00003954.,404,2677,3081
WBGene00003955.,17,9358,9375
WBGene00003956.,10,222,232
WBGene00003957.,0,37,37
WBGene00003958.,2,155,157
WBGene00003959.,15,76,91
WBGene00003960.,190,2051,2241
WBGene00003961.,645,4315,4960
WBGene00003962.,599,21312,21911
WBGene00003963.,309,72818,73127
WBGene00003964.,1595,48616,50211
WBGene00003965.,80,613,693
WBGene00003966.,1026,5010,6036
WBGene00003967.,166,1763,1929
WBGene00003968.,199,1437,1636
WBGene00003969.,464,1213,1677
WBGene00003970.,134,1299,1433
WBGene00003975.,204,1677,1881
WBGene00003976.,1,170,171
WBGene00003977.,0,0,0
WBGene00003978.,588,1834,2422
WBGene00003979.,4,558,562
WBGene00003980.,65,636,701
WBGene00003981.,3,32,35
WBGene00003982.,8,3028,3036
WBGene00003983.,0,3,3
WBGene00003986.,72,1292,1364
WBGene00003987.,6,11,17
WBGene00003989.,106,13480,13586
WBGene00003990.,78,5583,5661
WBGene00003991.,1206,14473,15679
WBGene00003992.,15,1820,1835
WBGene00003993.,79,472,551
WBGene00003994.,6,320,326
WBGene00003995.,41,145,186
WBGene00003996.,218,593,811
WBGene00003997.,20,208,228
WBGene00003998.,122,385,507
WBGene00003999.,8,14,22
WBGene00004000.,23,107,130
WBGene00004001.,2,2,4
WBGene00004002.,6,33,39
WBGene00004003.,42,130,172
WBGene00004004.,159,1025,1184
WBGene00004005.,38,77,115
WBGene00004006.,21,101,122
WBGene00004007.,0,1,1
WBGene00004008.,0,91,91
WBGene00004009.,0,3,3
WBGene00004010.,129,1103,1232
WBGene00004011.,6,87,93
WBGene00004013.,231,929,1160
WBGene00004014.,120,46591,46711
WBGene00004015.,161,40309,40470
WBGene00004016.,491,1099,1590
WBGene00004017.,6,383,389
WBGene00004020.,16,134,150
WBGene00004023.,61,536,597
WBGene00004024.,25,231,256
WBGene00004025.,303,3682,3985
WBGene00004026.,146,40,186
WBGene00004027.,7,129,136
WBGene00004028.,205,401,606
WBGene00004029.,253,588,841
WBGene00004030.,82,290,372
WBGene00004031.,76,1351,1427
WBGene00004032.,884,5766,6650
WBGene00004033.,400,1421,1821
WBGene00004034.,366,1575,1941
WBGene00004035.,104,1343,1447
WBGene00004036.,379,1314,1693
WBGene00004037.,50,381,431
WBGene00004038.,35,702,737
WBGene00004039.,236,4921,5157
WBGene00004040.,270,3925,4195
WBGene00004041.,0,997,997
WBGene00004042.,8,2343,2351
WBGene00004043.,14,344,358
WBGene00004044.,6,279,285
WBGene00004045.,388,914,1302
WBGene00004046.,422,23700,24122
WBGene00004047.,746,1668,2414
WBGene00004048.,36,557,593
WBGene00004049.,471,925,1396
WBGene00004050.,18,1224,1242
WBGene00004051.,217,1664,1881
WBGene00004052.,3,9,12
WBGene00004053.,153,3308,3461
WBGene00004054.,23,2,25
WBGene00004055.,142,1555,1697
WBGene00004056.,174,935,1109
WBGene00004057.,190,1426,1616
WBGene00004058.,15,59,74
WBGene00004059.,123,545,668
WBGene00004060.,458,2093,2551
WBGene00004061.,4,41,45
WBGene00004062.,18,401,419
WBGene00004063.,114,1493,1607
WBGene00004064.,222,1561,1783
WBGene00004068.,92,1140,1232
WBGene00004075.,65,1677,1742
WBGene00004076.,718,5024,5742
WBGene00004077.,627,4205,4832
WBGene00004078.,0,42,42
WBGene00004083.,60,1608,1668
WBGene00004084.,0,3,3
WBGene00004085.,154,3786,3940
WBGene00004086.,119,511,630
WBGene00004087.,551,3152,3703
WBGene00004088.,318,3034,3352
WBGene00004089.,49,783,832
WBGene00004090.,346,2169,2515
WBGene00004091.,169,2858,3027
WBGene00004092.,62,1289,1351
WBGene00004093.,28,671,699
WBGene00004094.,28,1555,1583
WBGene00004095.,523,6429,6952
WBGene00004096.,9,189,198
WBGene00004098.,0,4,4
WBGene00004099.,0,3,3
WBGene00004100.,92,790,882
WBGene00004101.,459,2902,3361
WBGene00004102.,5,18,23
WBGene00004103.,0,4,4
WBGene00004104.,19,155,174
WBGene00004105.,204,2028,2232
WBGene00004106.,73,2469,2542
WBGene00004107.,2,9,11
WBGene00004108.,528,1974,2502
WBGene00004109.,499,2392,2891
WBGene00004110.,302,2701,3003
WBGene00004111.,221,2442,2663
WBGene00004112.,916,19723,20639
WBGene00004113.,655,20217,20872
WBGene00004114.,12,804,816
WBGene00004115.,27,94,121
WBGene00004116.,460,2726,3186
WBGene00004117.,479,3882,4361
WBGene00004118.,51,341,392
WBGene00004119.,78,419,497
WBGene00004120.,3,334,337
WBGene00004121.,324,2185,2509
WBGene00004122.,229,2670,2899
WBGene00004123.,15,136,151
WBGene00004124.,50,689,739
WBGene00004125.,148,1195,1343
WBGene00004126.,356,2392,2748
WBGene00004127.,22,126,148
WBGene00004128.,1874,7602,9476
WBGene00004129.,48,1247,1295
WBGene00004130.,1173,25866,27039
WBGene00004131.,5569,20414,25983
WBGene00004132.,365,4662,5027
WBGene00004133.,51,771,822
WBGene00004134.,2029,14972,17001
WBGene00004135.,1805,23175,24980
WBGene00004136.,1077,7730,8807
WBGene00004138.,458,5291,5749
WBGene00004139.,0,11,11
WBGene00004140.,81,3348,3429
WBGene00004141.,0,0,0
WBGene00004143.,536,24511,25047
WBGene00004144.,24,1516,1540
WBGene00004145.,428,4264,4692
WBGene00004146.,0,16,16
WBGene00004147.,584,3669,4253
WBGene00004148.,309,2363,2672
WBGene00004149.,5,2,7
WBGene00004150.,17,130,147
WBGene00004151.,451,2153,2604
WBGene00004152.,360,7467,7827
WBGene00004153.,0,9,9
WBGene00004154.,54,49,103
WBGene00004155.,6,26,32
WBGene00004156.,9,139,148
WBGene00004157.,108,6413,6521
WBGene00004158.,0,2,2
WBGene00004159.,0,0,0
WBGene00004160.,0,0,0
WBGene00004161.,586,2996,3582
WBGene00004163.,16,29,45
WBGene00004164.,442,3441,3883
WBGene00004165.,11,18,29
WBGene00004166.,410,3525,3935
WBGene00004167.,2166,10821,12987
WBGene00004168.,18,1403,1421
WBGene00004169.,105,313,418
WBGene00004170.,0,0,0
WBGene00004171.,0,0,0
WBGene00004172.,82,930,1012
WBGene00004173.,75,1134,1209
WBGene00004174.,5,253,258
WBGene00004175.,14,470,484
WBGene00004176.,0,2,2
WBGene00004177.,0,8,8
WBGene00004178.,88,3451,3539
WBGene00004179.,16,619,635
WBGene00004180.,97,1295,1392
WBGene00004181.,160,1498,1658
WBGene00004182.,692,3272,3964
WBGene00004183.,45,101,146
WBGene00004184.,197,5242,5439
WBGene00004185.,138,7468,7606
WBGene00004186.,1198,3728,4926
WBGene00004187.,263,14359,14622
WBGene00004188.,188,3165,3353
WBGene00004189.,272,17339,17611
WBGene00004190.,51,544,595
WBGene00004191.,99,152,251
WBGene00004192.,5163,3397,8560
WBGene00004193.,29,114,143
WBGene00004194.,28,290,318
WBGene00004195.,43,105,148
WBGene00004196.,0,0,0
WBGene00004197.,24,249,273
WBGene00004198.,35,255,290
WBGene00004199.,12,479,491
WBGene00004201.,55,9286,9341
WBGene00004202.,351,2614,2965
WBGene00004203.,360,4645,5005
WBGene00004204.,720,14093,14813
WBGene00004205.,29,782,811
WBGene00004206.,258,1319,1577
WBGene00004207.,386,2410,2796
WBGene00004208.,490,9136,9626
WBGene00004209.,0,1,1
WBGene00004210.,175,1629,1804
WBGene00004211.,7,28,35
WBGene00004212.,93,2395,2488
WBGene00004213.,725,2766,3491
WBGene00004214.,138,2917,3055
WBGene00004215.,1367,2841,4208
WBGene00004216.,71,464,535
WBGene00004217.,40,287,327
WBGene00004218.,21,108,129
WBGene00004219.,143,2093,2236
WBGene00004220.,104,779,883
WBGene00004221.,25,311,336
WBGene00004222.,56,1256,1312
WBGene00004223.,18,123,141
WBGene00004224.,190,916,1106
WBGene00004225.,100,353,453
WBGene00004226.,185,2558,2743
WBGene00004227.,89,371,460
WBGene00004228.,98,1040,1138
WBGene00004229.,22,294,316
WBGene00004230.,142,110,252
WBGene00004231.,42,56,98
WBGene00004232.,60,286,346
WBGene00004233.,28,22,50
WBGene00004234.,5,100,105
WBGene00004235.,73,794,867
WBGene00004236.,59,11,70
WBGene00004237.,60,805,865
WBGene00004238.,455,1313,1768
WBGene00004239.,1,80,81
WBGene00004240.,27,1,28
WBGene00004241.,3,32,35
WBGene00004242.,2,57,59
WBGene00004243.,3,80,83
WBGene00004244.,25,460,485
WBGene00004245.,376,6406,6782
WBGene00004246.,4,1,5
WBGene00004248.,38,3057,3095
WBGene00004249.,704,6436,7140
WBGene00004254.,353,2194,2547
WBGene00004255.,16,93,109
WBGene00004256.,148,1122,1270
WBGene00004257.,70,379,449
WBGene00004258.,712,19053,19765
WBGene00004259.,31,1807,1838
WBGene00004264.,30,1312,1342
WBGene00004265.,239,600,839
WBGene00004266.,188,19758,19946
WBGene00004267.,155,3976,4131
WBGene00004268.,228,8214,8442
WBGene00004269.,145,2473,2618
WBGene00004270.,106,5929,6035
WBGene00004271.,260,1216,1476
WBGene00004272.,69,5596,5665
WBGene00004273.,111,5523,5634
WBGene00004274.,169,25762,25931
WBGene00004275.,46,92,138
WBGene00004276.,158,3760,3918
WBGene00004277.,297,2595,2892
WBGene00004278.,414,6322,6736
WBGene00004279.,27,520,547
WBGene00004281.,74,542,616
WBGene00004282.,385,1531,1916
WBGene00004283.,91,575,666
WBGene00004284.,97,1802,1899
WBGene00004285.,75,414,489
WBGene00004286.,50,2416,2466
WBGene00004287.,0,2,2
WBGene00004296.,240,3313,3553
WBGene00004297.,116,1155,1271
WBGene00004298.,63,199,262
WBGene00004300.,2,10141,10143
WBGene00004301.,25,40,65
WBGene00004302.,1154,56020,57174
WBGene00004303.,99,2549,2648
WBGene00004304.,470,5470,5940
WBGene00004305.,96,11565,11661
WBGene00004306.,283,3064,3347
WBGene00004307.,166,5297,5463
WBGene00004308.,86,2624,2710
WBGene00004309.,12,67,79
WBGene00004310.,567,4979,5546
WBGene00004311.,601,3020,3621
WBGene00004312.,337,1871,2208
WBGene00004313.,195,3217,3412
WBGene00004314.,1059,1941,3000
WBGene00004315.,155,7240,7395
WBGene00004316.,894,1255,2149
WBGene00004317.,156,1200,1356
WBGene00004318.,329,2417,2746
WBGene00004319.,234,5180,5414
WBGene00004320.,384,8305,8689
WBGene00004321.,45,3475,3520
WBGene00004322.,164,1605,1769
WBGene00004323.,345,2458,2803
WBGene00004324.,99,809,908
WBGene00004326.,85,5079,5164
WBGene00004328.,25,182,207
WBGene00004332.,14,279,293
WBGene00004333.,55,403,458
WBGene00004334.,3,259,262
WBGene00004335.,205,1534,1739
WBGene00004336.,1565,23881,25446
WBGene00004337.,580,4265,4845
WBGene00004338.,186,1373,1559
WBGene00004339.,84,878,962
WBGene00004340.,271,2975,3246
WBGene00004341.,153,1022,1175
WBGene00004342.,27,66,93
WBGene00004343.,249,2544,2793
WBGene00004344.,45,786,831
WBGene00004345.,473,995,1468
WBGene00004346.,53,382,435
WBGene00004347.,1606,879,2485
WBGene00004348.,61,1384,1445
WBGene00004349.,393,1385,1778
WBGene00004350.,262,1485,1747
WBGene00004351.,0,0,0
WBGene00004352.,0,3,3
WBGene00004353.,0,9,9
WBGene00004354.,2,51,53
WBGene00004355.,89,2371,2460
WBGene00004356.,29,2255,2284
WBGene00004357.,2147,17904,20051
WBGene00004358.,264,3060,3324
WBGene00004359.,42,218,260
WBGene00004360.,130,803,933
WBGene00004361.,39,543,582
WBGene00004363.,114,5159,5273
WBGene00004364.,420,7229,7649
WBGene00004367.,366,1908,2274
WBGene00004368.,194,1147,1341
WBGene00004369.,113,1586,1699
WBGene00004370.,49,1239,1288
WBGene00004371.,209,2788,2997
WBGene00004372.,69,170,239
WBGene00004373.,598,5650,6248
WBGene00004374.,18,92,110
WBGene00004375.,234,1199,1433
WBGene00004377.,97,919,1016
WBGene00004378.,275,3349,3624
WBGene00004380.,24,349,373
WBGene00004381.,131,1632,1763
WBGene00004382.,618,5608,6226
WBGene00004383.,37,1269,1306
WBGene00004384.,634,1632,2266
WBGene00004385.,231,4036,4267
WBGene00004386.,196,3244,3440
WBGene00004387.,191,15840,16031
WBGene00004388.,347,5582,5929
WBGene00004389.,381,4908,5289
WBGene00004390.,1136,8780,9916
WBGene00004391.,142,7076,7218
WBGene00004392.,136,7033,7169
WBGene00004393.,675,1120,1795
WBGene00004394.,1,1,2
WBGene00004395.,63,791,854
WBGene00004397.,46,675,721
WBGene00004398.,217,4654,4871
WBGene00004400.,7,470,477
WBGene00004401.,174,814,988
WBGene00004402.,7,3,10
WBGene00004403.,446,1230,1676
WBGene00004404.,157,828,985
WBGene00004405.,30,2500,2530
WBGene00004408.,346,583156,583502
WBGene00004409.,19111,251408,270519
WBGene00004410.,53863,310573,364436
WBGene00004411.,191,3265,3456
WBGene00004412.,39870,452364,492234
WBGene00004413.,579,281760,282339
WBGene00004414.,11045,493018,504063
WBGene00004415.,417,243752,244169
WBGene00004416.,22233,520400,542633
WBGene00004417.,22762,455647,478409
WBGene00004418.,48139,503185,551324
WBGene00004419.,53966,569995,623961
WBGene00004420.,33357,432333,465690
WBGene00004421.,15893,583669,599562
WBGene00004422.,881,23100,23981
WBGene00004423.,36365,508746,545111
WBGene00004424.,62602,781440,844042
WBGene00004425.,20502,528375,548877
WBGene00004426.,31846,438477,470323
WBGene00004427.,2547,502306,504853
WBGene00004428.,27228,493900,521128
WBGene00004429.,102372,466469,568841
WBGene00004430.,36764,483749,520513
WBGene00004431.,25028,540191,565219
WBGene00004432.,1532,449605,451137
WBGene00004433.,14766,516544,531310
WBGene00004434.,22778,420525,443303
WBGene00004435.,19423,452817,472240
WBGene00004436.,38237,554154,592391
WBGene00004437.,1221,27165,28386
WBGene00004438.,8676,81842,90518
WBGene00004439.,15915,172432,188347
WBGene00004440.,7378,396126,403504
WBGene00004441.,59233,240741,299974
WBGene00004442.,22793,311811,334604
WBGene00004443.,210382,150166,360548
WBGene00004444.,24119,285077,309196
WBGene00004445.,13080,384806,397886
WBGene00004446.,61045,605528,666573
WBGene00004447.,47455,432425,479880
WBGene00004448.,16223,374195,390418
WBGene00004449.,32499,503644,536143
WBGene00004450.,18941,527153,546094
WBGene00004451.,0,185,185
WBGene00004452.,24904,532845,557749
WBGene00004453.,11662,415883,427545
WBGene00004454.,36189,415315,451504
WBGene00004455.,5,26,31
WBGene00004456.,0,429118,429118
WBGene00004457.,15,963,978
WBGene00004458.,183,6750,6933
WBGene00004459.,42,5598,5640
WBGene00004460.,73,11241,11314
WBGene00004461.,117,8080,8197
WBGene00004462.,318,5754,6072
WBGene00004463.,294,9928,10222
WBGene00004464.,777,10557,11334
WBGene00004465.,310,7344,7654
WBGene00004466.,80,5469,5549
WBGene00004467.,59,8338,8397
WBGene00004468.,394,6526,6920
WBGene00004469.,2980,399518,402498
WBGene00004470.,11575,542060,553635
WBGene00004471.,143,364169,364312
WBGene00004472.,25868,484347,510215
WBGene00004473.,26731,450500,477231
WBGene00004474.,40441,562989,603430
WBGene00004475.,8710,251212,259922
WBGene00004476.,45403,504818,550221
WBGene00004477.,47069,588716,635785
WBGene00004478.,31667,670255,701922
WBGene00004479.,25866,494556,520422
WBGene00004480.,57427,541761,599188
WBGene00004481.,6488,452251,458739
WBGene00004482.,28570,403166,431736
WBGene00004483.,39993,625594,665587
WBGene00004484.,31670,484047,515717
WBGene00004485.,4289,185660,189949
WBGene00004486.,20008,328153,348161
WBGene00004487.,39274,511023,550297
WBGene00004488.,33257,480601,513858
WBGene00004489.,27076,424712,451788
WBGene00004490.,98955,256775,355730
WBGene00004491.,3320,320182,323502
WBGene00004492.,36739,621062,657801
WBGene00004493.,26183,456087,482270
WBGene00004494.,62651,774675,837326
WBGene00004495.,18306,523047,541353
WBGene00004496.,41205,408310,449515
WBGene00004497.,14084,362488,376572
WBGene00004498.,201599,239159,440758
WBGene00004499.,40636,433901,474537
WBGene00004501.,97,4642,4739
WBGene00004502.,73,8837,8910
WBGene00004503.,8,5724,5732
WBGene00004504.,1056,10227,11283
WBGene00004505.,53,5939,5992
WBGene00004506.,87,9208,9295
WBGene00004507.,77,2374,2451
WBGene00004508.,122,1916,2038
WBGene00004509.,58,247,305
WBGene00004510.,35,951,986
WBGene00004512.,0,0,0
WBGene00004513.,0,0,0
WBGene00004567.,0,236741,236741
WBGene00004622.,0,12578119,12578119
WBGene00004677.,0,179743,179743
WBGene00004679.,563,6565,7128
WBGene00004680.,139,753,892
WBGene00004681.,998,2302,3300
WBGene00004682.,117,1972,2089
WBGene00004684.,108,2318,2426
WBGene00004698.,30,15303,15333
WBGene00004699.,170,8243,8413
WBGene00004700.,775,23774,24549
WBGene00004701.,9,7724,7733
WBGene00004702.,36,9375,9411
WBGene00004703.,418,24044,24462
WBGene00004704.,190,9100,9290
WBGene00004705.,522,8355,8877
WBGene00004706.,212,3766,3978
WBGene00004708.,0,0,0
WBGene00004716.,0,5,5
WBGene00004717.,0,0,0
WBGene00004719.,252,1175,1427
WBGene00004721.,64,808,872
WBGene00004723.,106,2842,2948
WBGene00004726.,45,1133,1178
WBGene00004727.,156,1355,1511
WBGene00004728.,481,2851,3332
WBGene00004729.,328,2587,2915
WBGene00004732.,1020,7219,8239
WBGene00004735.,201,536,737
WBGene00004736.,3777,109469,113246
WBGene00004737.,2,1280,1282
WBGene00004738.,65,3983,4048
WBGene00004739.,1786,9515,11301
WBGene00004740.,127,664,791
WBGene00004742.,20,91,111
WBGene00004743.,684,2895,3579
WBGene00004744.,97,1545,1642
WBGene00004745.,71,741,812
WBGene00004746.,52,2244,2296
WBGene00004747.,71,862,933
WBGene00004748.,37,463,500
WBGene00004749.,174,6994,7168
WBGene00004750.,0,1,1
WBGene00004751.,1503,4194,5697
WBGene00004752.,106,1651,1757
WBGene00004753.,212,1300,1512
WBGene00004754.,1130,4855,5985
WBGene00004755.,119,6364,6483
WBGene00004756.,57,2582,2639
WBGene00004758.,129,2304,2433
WBGene00004759.,150,3199,3349
WBGene00004760.,799,4523,5322
WBGene00004762.,316,1931,2247
WBGene00004764.,49,361,410
WBGene00004765.,456,569,1025
WBGene00004766.,402,13778,14180
WBGene00004767.,90,2483,2573
WBGene00004768.,17,1925,1942
WBGene00004769.,37,839,876
WBGene00004771.,95,851,946
WBGene00004773.,881,4689,5570
WBGene00004774.,72,3349,3421
WBGene00004775.,17,507,524
WBGene00004776.,160,104,264
WBGene00004777.,225,773,998
WBGene00004778.,53,713,766
WBGene00004779.,422,1940,2362
WBGene00004780.,69,201,270
WBGene00004781.,43,2517,2560
WBGene00004782.,162,2371,2533
WBGene00004783.,1675,6150,7825
WBGene00004786.,49,321,370
WBGene00004787.,220,946,1166
WBGene00004788.,113,9502,9615
WBGene00004789.,16,103,119
WBGene00004790.,661,6165,6826
WBGene00004793.,140,237,377
WBGene00004795.,45,421,466
WBGene00004796.,6,57,63
WBGene00004798.,124,2739,2863
WBGene00004800.,123,2906,3029
WBGene00004801.,182,2959,3141
WBGene00004802.,39,64,103
WBGene00004803.,66,366,432
WBGene00004804.,764,4890,5654
WBGene00004806.,351,2883,3234
WBGene00004807.,101,23532,23633
WBGene00004808.,20,2170,2190
WBGene00004809.,456,3952,4408
WBGene00004810.,2,35,37
WBGene00004811.,0,1,1
WBGene00004812.,0,0,0
WBGene00004813.,0,3,3
WBGene00004814.,0,3,3
WBGene00004815.,0,0,0
WBGene00004816.,0,969,969
WBGene00004817.,0,7,7
WBGene00004818.,0,2,2
WBGene00004819.,0,5,5
WBGene00004820.,0,1,1
WBGene00004821.,0,2,2
WBGene00004822.,0,1377,1377
WBGene00004823.,0,691,691
WBGene00004824.,176,1294,1470
WBGene00004825.,0,182,182
WBGene00004826.,0,1111,1111
WBGene00004827.,0,68,68
WBGene00004829.,463,2492,2955
WBGene00004830.,363,3827,4190
WBGene00004831.,490,1439,1929
WBGene00004833.,0,685,685
WBGene00004834.,0,25,25
WBGene00004835.,0,25,25
WBGene00004836.,0,2330,2330
WBGene00004837.,0,0,0
WBGene00004838.,0,0,0
WBGene00004839.,0,56,56
WBGene00004840.,0,83,83
WBGene00004841.,0,73,73
WBGene00004842.,0,6,6
WBGene00004843.,0,0,0
WBGene00004844.,0,2,2
WBGene00004845.,0,4,4
WBGene00004846.,0,12,12
WBGene00004847.,0,0,0
WBGene00004848.,0,9,9
WBGene00004849.,0,77,77
WBGene00004850.,0,0,0
WBGene00004851.,0,13,13
WBGene00004854.,344,3118,3462
WBGene00004855.,570,9474,10044
WBGene00004856.,425,913,1338
WBGene00004857.,149,1070,1219
WBGene00004858.,108,483,591
WBGene00004859.,93,538,631
WBGene00004860.,97,910,1007
WBGene00004862.,1001,5049,6050
WBGene00004873.,786,5531,6317
WBGene00004874.,170,4809,4979
WBGene00004875.,5,180,185
WBGene00004876.,18,215,233
WBGene00004877.,1,4,5
WBGene00004878.,11,7,18
WBGene00004879.,388,2852,3240
WBGene00004880.,191,3377,3568
WBGene00004881.,302,2004,2306
WBGene00004882.,86,2372,2458
WBGene00004883.,8,646,654
WBGene00004884.,421,3570,3991
WBGene00004885.,21,657,678
WBGene00004886.,97,913,1010
WBGene00004887.,170,4398,4568
WBGene00004888.,1751,39521,41272
WBGene00004889.,306,2790,3096
WBGene00004890.,87,651,738
WBGene00004891.,131,5095,5226
WBGene00004892.,860,4037,4897
WBGene00004893.,119,1439,1558
WBGene00004894.,1022,1141,2163
WBGene00004895.,3352,2597,5949
WBGene00004896.,1268,5357,6625
WBGene00004897.,33,15681,15714
WBGene00004898.,13,249,262
WBGene00004899.,8,1,9
WBGene00004900.,93,2325,2418
WBGene00004901.,1,0,1
WBGene00004902.,180,3770,3950
WBGene00004903.,1,5,6
WBGene00004904.,15,3,18
WBGene00004905.,276,432,708
WBGene00004906.,19,7,26
WBGene00004907.,120,243,363
WBGene00004908.,1,1,2
WBGene00004909.,5,11,16
WBGene00004910.,105,5016,5121
WBGene00004911.,8,241,249
WBGene00004912.,64,1275,1339
WBGene00004913.,166,955,1121
WBGene00004914.,358,20338,20696
WBGene00004915.,26,21536,21562
WBGene00004916.,367,18660,19027
WBGene00004917.,254,18088,18342
WBGene00004918.,1989,18607,20596
WBGene00004919.,383,15230,15613
WBGene00004920.,1769,23870,25639
WBGene00004921.,348,3950,4298
WBGene00004922.,276,762,1038
WBGene00004923.,676,1589,2265
WBGene00004924.,282,4852,5134
WBGene00004925.,277,484,761
WBGene00004926.,24,678,702
WBGene00004927.,125,2411,2536
WBGene00004928.,81,392,473
WBGene00004929.,1169,4194,5363
WBGene00004930.,631,17773,18404
WBGene00004931.,723,9713,10436
WBGene00004932.,1,2,3
WBGene00004933.,145,686,831
WBGene00004944.,164,559,723
WBGene00004945.,100,1869,1969
WBGene00004946.,366,2596,2962
WBGene00004947.,2480,5021,7501
WBGene00004949.,248,1001,1249
WBGene00004950.,2,447,449
WBGene00004951.,266,16017,16283
WBGene00004952.,6,1273,1279
WBGene00004953.,56,1515,1571
WBGene00004954.,44,348,392
WBGene00004955.,391,4590,4981
WBGene00004958.,13,94,107
WBGene00004959.,13,203,216
WBGene00004960.,14,85,99
WBGene00004962.,3,2,5
WBGene00004963.,16,19,35
WBGene00004964.,2,14,16
WBGene00004965.,0,0,0
WBGene00004966.,3,1,4
WBGene00004969.,120,324,444
WBGene00004971.,1,15,16
WBGene00004972.,5,39,44
WBGene00004973.,1,0,1
WBGene00004974.,35,196,231
WBGene00004975.,16,780,796
WBGene00004976.,5,17,22
WBGene00004978.,919,9634,10553
WBGene00004979.,182,1290,1472
WBGene00004980.,473,16145,16618
WBGene00004981.,77,1347,1424
WBGene00004984.,8,316,324
WBGene00004985.,21,235,256
WBGene00004986.,23,308,331
WBGene00004987.,15,205,220
WBGene00004988.,38,635,673
WBGene00004989.,5,34,39
WBGene00004990.,172,2550,2722
WBGene00004991.,0,0,0
WBGene00004992.,5,42,47
WBGene00004993.,21,121,142
WBGene00004994.,0,9,9
WBGene00004995.,3809,25240,29049
WBGene00004996.,1,1,2
WBGene00004997.,1,24,25
WBGene00004998.,34,242,276
WBGene00004999.,281,2778,3059
WBGene00005000.,1478,26801,28279
WBGene00005001.,19,172,191
WBGene00005002.,73,1847,1920
WBGene00005003.,18,222,240
WBGene00005004.,146,1853,1999
WBGene00005005.,0,1,1
WBGene00005006.,129,1162,1291
WBGene00005007.,89,4888,4977
WBGene00005008.,10,289,299
WBGene00005009.,61,3091,3152
WBGene00005010.,536,1703,2239
WBGene00005011.,90,724,814
WBGene00005012.,14,0,14
WBGene00005013.,0,15,15
WBGene00005014.,49,1883,1932
WBGene00005015.,260,4438,4698
WBGene00005016.,3,5142,5145
WBGene00005017.,133,2078,2211
WBGene00005018.,93,4588,4681
WBGene00005019.,84,1507,1591
WBGene00005020.,286,453,739
WBGene00005021.,29,506,535
WBGene00005022.,35,3404,3439
WBGene00005023.,145,2306,2451
WBGene00005024.,295,960,1255
WBGene00005025.,57,740,797
WBGene00005026.,218,1605,1823
WBGene00005027.,2,3,5
WBGene00005028.,0,0,0
WBGene00005029.,2,9,11
WBGene00005030.,1,13,14
WBGene00005031.,4,7,11
WBGene00005032.,1,11,12
WBGene00005033.,1,13,14
WBGene00005034.,0,0,0
WBGene00005035.,0,2,2
WBGene00005036.,9,79,88
WBGene00005037.,3,18,21
WBGene00005038.,2,8,10
WBGene00005039.,3,9,12
WBGene00005040.,8,10,18
WBGene00005041.,1,1,2
WBGene00005042.,2,1,3
WBGene00005043.,2,3,5
WBGene00005044.,0,0,0
WBGene00005045.,0,0,0
WBGene00005046.,0,1,1
WBGene00005047.,4,13,17
WBGene00005048.,1,0,1
WBGene00005049.,0,1,1
WBGene00005050.,0,1,1
WBGene00005051.,4,7,11
WBGene00005052.,2,3,5
WBGene00005053.,0,4,4
WBGene00005054.,0,2,2
WBGene00005055.,0,0,0
WBGene00005056.,14,2,16
WBGene00005057.,4,6,10
WBGene00005058.,2,10,12
WBGene00005059.,6,7,13
WBGene00005060.,1,0,1
WBGene00005061.,14,0,14
WBGene00005062.,0,5,5
WBGene00005063.,3,71,74
WBGene00005064.,0,8,8
WBGene00005065.,5,5,10
WBGene00005066.,1,2,3
WBGene00005067.,1,9,10
WBGene00005068.,0,4,4
WBGene00005069.,0,2,2
WBGene00005070.,1,10,11
WBGene00005071.,0,2,2
WBGene00005072.,7,2,9
WBGene00005073.,0,0,0
WBGene00005074.,0,0,0
WBGene00005075.,2,3,5
WBGene00005076.,3,4,7
WBGene00005077.,251,1772,2023
WBGene00005078.,61,698,759
WBGene00005079.,3,3,6
WBGene00005080.,0,0,0
WBGene00005081.,5,8,13
WBGene00005082.,0,4,4
WBGene00005083.,2,4,6
WBGene00005084.,12,14,26
WBGene00005085.,0,3,3
WBGene00005086.,2,9,11
WBGene00005087.,0,1,1
WBGene00005088.,8,2,10
WBGene00005089.,4,12,16
WBGene00005090.,4,7,11
WBGene00005091.,0,2,2
WBGene00005092.,15,45,60
WBGene00005093.,2,20,22
WBGene00005094.,5,9,14
WBGene00005095.,0,4,4
WBGene00005096.,0,9,9
WBGene00005097.,0,3,3
WBGene00005098.,0,8,8
WBGene00005099.,0,0,0
WBGene00005100.,1,1,2
WBGene00005101.,8,108,116
WBGene00005102.,0,0,0
WBGene00005103.,0,1,1
WBGene00005104.,0,1,1
WBGene00005105.,0,4,4
WBGene00005106.,0,1,1
WBGene00005107.,0,29,29
WBGene00005108.,0,37,37
WBGene00005109.,0,3,3
WBGene00005110.,95,158,253
WBGene00005111.,9,136,145
WBGene00005112.,1,2,3
WBGene00005113.,47,126,173
WBGene00005114.,0,2,2
WBGene00005115.,0,0,0
WBGene00005116.,15,2,17
WBGene00005117.,0,4,4
WBGene00005118.,0,4,4
WBGene00005119.,1,4,5
WBGene00005120.,4,18,22
WBGene00005121.,0,5,5
WBGene00005122.,2,4,6
WBGene00005123.,1,2,3
WBGene00005124.,1,2,3
WBGene00005125.,1,1,2
WBGene00005126.,3,4,7
WBGene00005127.,14,129,143
WBGene00005128.,32,11,43
WBGene00005129.,49,125,174
WBGene00005130.,5,4,9
WBGene00005131.,32,145,177
WBGene00005132.,11,17,28
WBGene00005133.,26,13,39
WBGene00005134.,0,1,1
WBGene00005135.,1,1,2
WBGene00005136.,0,0,0
WBGene00005137.,0,0,0
WBGene00005138.,0,0,0
WBGene00005139.,0,0,0
WBGene00005140.,0,2,2
WBGene00005141.,2,0,2
WBGene00005142.,4,7,11
WBGene00005143.,14,8,22
WBGene00005144.,3,12,15
WBGene00005145.,1,1,2
WBGene00005146.,11,5,16
WBGene00005147.,19,161,180
WBGene00005148.,0,0,0
WBGene00005149.,15,51,66
WBGene00005150.,70,154,224
WBGene00005153.,216,721,937
WBGene00005159.,2,6,8
WBGene00005160.,2,4,6
WBGene00005161.,2,3,5
WBGene00005162.,14,45,59
WBGene00005163.,3,25,28
WBGene00005164.,2,3,5
WBGene00005165.,7,11,18
WBGene00005166.,2,0,2
WBGene00005167.,1,5,6
WBGene00005168.,2,12,14
WBGene00005169.,10,15,25
WBGene00005170.,5,8,13
WBGene00005171.,4,15,19
WBGene00005172.,3,19,22
WBGene00005173.,1,1,2
WBGene00005174.,59,164,223
WBGene00005175.,5,9,14
WBGene00005176.,4,3,7
WBGene00005177.,2,6,8
WBGene00005178.,7,5,12
WBGene00005179.,2,2,4
WBGene00005180.,2,0,2
WBGene00005181.,5,2,7
WBGene00005182.,5,55,60
WBGene00005183.,6,26,32
WBGene00005184.,0,2,2
WBGene00005185.,5,5,10
WBGene00005186.,4,10,14
WBGene00005187.,1,24,25
WBGene00005188.,0,1,1
WBGene00005189.,1,5,6
WBGene00005190.,4,4,8
WBGene00005191.,12,8,20
WBGene00005192.,0,4,4
WBGene00005193.,32,2,34
WBGene00005194.,1,4,5
WBGene00005195.,3,12,15
WBGene00005196.,0,2,2
WBGene00005197.,0,22,22
WBGene00005198.,2,2,4
WBGene00005199.,0,2,2
WBGene00005200.,2,1,3
WBGene00005201.,0,0,0
WBGene00005202.,13,17,30
WBGene00005203.,2,7,9
WBGene00005204.,2,4,6
WBGene00005205.,1,6,7
WBGene00005206.,0,20,20
WBGene00005207.,1,14,15
WBGene00005208.,28,57,85
WBGene00005210.,0,11,11
WBGene00005211.,6,0,6
WBGene00005212.,4,9,13
WBGene00005213.,1,10,11
WBGene00005214.,2,1,3
WBGene00005215.,2,0,2
WBGene00005216.,0,0,0
WBGene00005217.,0,0,0
WBGene00005218.,1,3,4
WBGene00005219.,2,13,15
WBGene00005220.,0,0,0
WBGene00005221.,6,0,6
WBGene00005222.,2,3,5
WBGene00005223.,11,2,13
WBGene00005224.,0,2,2
WBGene00005225.,0,0,0
WBGene00005226.,14,49,63
WBGene00005227.,1,2,3
WBGene00005228.,1216,175,1391
WBGene00005229.,0,3,3
WBGene00005230.,0,1,1
WBGene00005231.,0,0,0
WBGene00005232.,0,0,0
WBGene00005233.,3,4,7
WBGene00005234.,0,1,1
WBGene00005235.,0,4,4
WBGene00005236.,0,15,15
WBGene00005237.,1,4,5
WBGene00005238.,0,0,0
WBGene00005239.,2,2,4
WBGene00005240.,1,10,11
WBGene00005241.,5,23,28
WBGene00005242.,5,12,17
WBGene00005243.,2,18,20
WBGene00005244.,6,1,7
WBGene00005245.,0,10,10
WBGene00005246.,1,11,12
WBGene00005247.,1,0,1
WBGene00005248.,1,0,1
WBGene00005249.,2,1,3
WBGene00005250.,0,4,4
WBGene00005251.,27,46,73
WBGene00005252.,7,5,12
WBGene00005253.,18,91,109
WBGene00005254.,1,4,5
WBGene00005255.,1,1,2
WBGene00005256.,1,1,2
WBGene00005257.,2,16,18
WBGene00005258.,1,17,18
WBGene00005259.,1,1,2
WBGene00005260.,0,7,7
WBGene00005261.,9,1,10
WBGene00005262.,7,13,20
WBGene00005263.,2,8,10
WBGene00005264.,0,0,0
WBGene00005265.,0,2,2
WBGene00005266.,0,2,2
WBGene00005267.,6,10,16
WBGene00005268.,2,7,9
WBGene00005269.,5,36,41
WBGene00005270.,1,5,6
WBGene00005271.,20,7,27
WBGene00005272.,5,9,14
WBGene00005273.,0,5,5
WBGene00005274.,0,0,0
WBGene00005275.,1,1,2
WBGene00005276.,0,0,0
WBGene00005277.,0,2,2
WBGene00005278.,0,0,0
WBGene00005279.,4,23,27
WBGene00005280.,0,0,0
WBGene00005281.,1,1,2
WBGene00005282.,0,1,1
WBGene00005283.,2,27,29
WBGene00005284.,4,2,6
WBGene00005285.,1,1,2
WBGene00005286.,0,0,0
WBGene00005287.,0,0,0
WBGene00005288.,0,5,5
WBGene00005289.,1,32,33
WBGene00005290.,0,18,18
WBGene00005291.,0,4,4
WBGene00005292.,3,14,17
WBGene00005293.,0,7,7
WBGene00005294.,0,1,1
WBGene00005295.,2,5,7
WBGene00005296.,5,17,22
WBGene00005297.,1,8,9
WBGene00005298.,6,5,11
WBGene00005299.,29,71,100
WBGene00005300.,0,5,5
WBGene00005301.,0,3,3
WBGene00005302.,4,0,4
WBGene00005303.,3,3,6
WBGene00005304.,1,1,2
WBGene00005305.,0,5,5
WBGene00005306.,0,0,0
WBGene00005307.,6,2,8
WBGene00005308.,0,1,1
WBGene00005309.,0,3,3
WBGene00005310.,1,3,4
WBGene00005311.,12,12,24
WBGene00005312.,5,0,5
WBGene00005313.,1,1,2
WBGene00005314.,0,1,1
WBGene00005315.,0,2,2
WBGene00005316.,6,0,6
WBGene00005317.,1,6,7
WBGene00005318.,4,3,7
WBGene00005319.,0,4,4
WBGene00005320.,5,3,8
WBGene00005321.,3,3,6
WBGene00005322.,0,3,3
WBGene00005323.,0,3,3
WBGene00005324.,110,17,127
WBGene00005325.,0,4,4
WBGene00005326.,0,1,1
WBGene00005327.,0,1,1
WBGene00005328.,0,0,0
WBGene00005329.,0,0,0
WBGene00005330.,0,1,1
WBGene00005331.,0,0,0
WBGene00005332.,0,4,4
WBGene00005333.,1,3,4
WBGene00005334.,0,3,3
WBGene00005335.,0,2,2
WBGene00005336.,0,2,2
WBGene00005337.,2,1,3
WBGene00005338.,0,0,0
WBGene00005339.,2,6,8
WBGene00005340.,0,0,0
WBGene00005341.,1,5,6
WBGene00005342.,0,20,20
WBGene00005343.,28,60,88
WBGene00005344.,20,25,45
WBGene00005345.,9,9,18
WBGene00005346.,0,17,17
WBGene00005347.,1,16,17
WBGene00005348.,0,0,0
WBGene00005349.,0,0,0
WBGene00005350.,0,6,6
WBGene00005351.,4,4,8
WBGene00005352.,0,1,1
WBGene00005353.,5,39,44
WBGene00005354.,0,5,5
WBGene00005355.,0,0,0
WBGene00005356.,0,0,0
WBGene00005357.,0,0,0
WBGene00005358.,0,0,0
WBGene00005359.,0,5,5
WBGene00005360.,0,1,1
WBGene00005361.,0,0,0
WBGene00005362.,0,7,7
WBGene00005363.,3,9,12
WBGene00005364.,3,4,7
WBGene00005365.,0,0,0
WBGene00005366.,0,6,6
WBGene00005367.,0,0,0
WBGene00005368.,0,0,0
WBGene00005369.,0,2,2
WBGene00005370.,0,1,1
WBGene00005371.,2,1,3
WBGene00005372.,0,0,0
WBGene00005373.,0,1,1
WBGene00005374.,0,2,2
WBGene00005375.,0,4,4
WBGene00005376.,0,1,1
WBGene00005377.,0,0,0
WBGene00005378.,0,4,4
WBGene00005379.,0,1,1
WBGene00005380.,4,5,9
WBGene00005381.,2,9,11
WBGene00005382.,0,0,0
WBGene00005383.,1,10,11
WBGene00005384.,0,1,1
WBGene00005385.,3,10,13
WBGene00005386.,5,7,12
WBGene00005387.,20,14,34
WBGene00005388.,2,2,4
WBGene00005389.,0,3,3
WBGene00005390.,0,2,2
WBGene00005391.,1,0,1
WBGene00005392.,0,0,0
WBGene00005393.,3,1,4
WBGene00005394.,0,2,2
WBGene00005395.,1,4,5
WBGene00005396.,6,2,8
WBGene00005397.,1,1,2
WBGene00005398.,9,1,10
WBGene00005399.,2,5,7
WBGene00005400.,0,6,6
WBGene00005401.,0,3,3
WBGene00005402.,0,4,4
WBGene00005403.,9,121,130
WBGene00005404.,0,1,1
WBGene00005405.,22,13,35
WBGene00005406.,1,4,5
WBGene00005407.,2,1,3
WBGene00005408.,0,6,6
WBGene00005409.,0,3,3
WBGene00005410.,4,7,11
WBGene00005411.,1,16,17
WBGene00005412.,0,1,1
WBGene00005413.,1,4,5
WBGene00005414.,1,0,1
WBGene00005415.,0,3,3
WBGene00005416.,1,0,1
WBGene00005417.,0,12,12
WBGene00005418.,1,0,1
WBGene00005419.,1,6,7
WBGene00005420.,3,30,33
WBGene00005421.,3,3,6
WBGene00005422.,0,28,28
WBGene00005423.,0,3,3
WBGene00005424.,3,3,6
WBGene00005425.,1,5,6
WBGene00005426.,4,4,8
WBGene00005427.,0,18,18
WBGene00005428.,2,2,4
WBGene00005429.,1,4,5
WBGene00005430.,1,0,1
WBGene00005431.,1,2,3
WBGene00005432.,0,4,4
WBGene00005433.,0,0,0
WBGene00005434.,4,3,7
WBGene00005435.,0,0,0
WBGene00005436.,0,1,1
WBGene00005437.,1,3,4
WBGene00005438.,6,26,32
WBGene00005439.,0,1,1
WBGene00005440.,2,1,3
WBGene00005441.,1,7,8
WBGene00005442.,0,0,0
WBGene00005443.,0,2,2
WBGene00005444.,0,4,4
WBGene00005445.,13,3,16
WBGene00005446.,0,0,0
WBGene00005447.,1,7,8
WBGene00005448.,1,2,3
WBGene00005449.,0,0,0
WBGene00005450.,0,3,3
WBGene00005451.,0,0,0
WBGene00005452.,0,4,4
WBGene00005453.,0,0,0
WBGene00005454.,1,0,1
WBGene00005455.,0,0,0
WBGene00005456.,0,0,0
WBGene00005457.,0,0,0
WBGene00005458.,0,1,1
WBGene00005459.,0,0,0
WBGene00005460.,0,1,1
WBGene00005461.,0,2,2
WBGene00005462.,0,1,1
WBGene00005463.,21,0,21
WBGene00005464.,0,1,1
WBGene00005465.,0,1,1
WBGene00005466.,0,0,0
WBGene00005467.,0,0,0
WBGene00005468.,3,0,3
WBGene00005469.,2,1,3
WBGene00005470.,1,3,4
WBGene00005471.,0,0,0
WBGene00005472.,0,14,14
WBGene00005473.,3,3,6
WBGene00005474.,3,2,5
WBGene00005475.,17,3,20
WBGene00005476.,0,2,2
WBGene00005477.,2,24,26
WBGene00005478.,0,1,1
WBGene00005479.,0,0,0
WBGene00005480.,0,1,1
WBGene00005481.,4,24,28
WBGene00005482.,1,19,20
WBGene00005483.,1,0,1
WBGene00005484.,0,6,6
WBGene00005485.,5,6,11
WBGene00005486.,1,4,5
WBGene00005487.,0,3,3
WBGene00005488.,0,2,2
WBGene00005489.,6,2,8
WBGene00005490.,3,1,4
WBGene00005491.,0,2,2
WBGene00005492.,0,1,1
WBGene00005493.,2,2,4
WBGene00005494.,5,3,8
WBGene00005495.,1,0,1
WBGene00005496.,0,1,1
WBGene00005497.,1,0,1
WBGene00005498.,0,1,1
WBGene00005499.,0,0,0
WBGene00005500.,1,8,9
WBGene00005501.,0,0,0
WBGene00005502.,1,0,1
WBGene00005503.,1,2,3
WBGene00005504.,1,1,2
WBGene00005505.,9,0,9
WBGene00005506.,3,3,6
WBGene00005507.,0,1,1
WBGene00005508.,0,1,1
WBGene00005509.,0,0,0
WBGene00005510.,0,0,0
WBGene00005511.,2,9,11
WBGene00005512.,0,1,1
WBGene00005513.,0,7,7
WBGene00005514.,1,23,24
WBGene00005515.,0,3,3
WBGene00005516.,3,6,9
WBGene00005517.,6,33,39
WBGene00005518.,15,34,49
WBGene00005519.,0,3,3
WBGene00005520.,0,1,1
WBGene00005521.,1,0,1
WBGene00005522.,3,5,8
WBGene00005523.,19,2202,2221
WBGene00005524.,1,1,2
WBGene00005525.,0,0,0
WBGene00005526.,0,1,1
WBGene00005527.,12,5,17
WBGene00005528.,3,21,24
WBGene00005529.,24,11,35
WBGene00005530.,43,34,77
WBGene00005531.,87,144,231
WBGene00005532.,4,21,25
WBGene00005533.,1,2,3
WBGene00005534.,0,18,18
WBGene00005535.,1,5,6
WBGene00005536.,1,0,1
WBGene00005537.,3,4,7
WBGene00005538.,2,4,6
WBGene00005539.,3,1,4
WBGene00005540.,0,2,2
WBGene00005541.,0,1,1
WBGene00005542.,3,1,4
WBGene00005543.,0,2,2
WBGene00005544.,1,3,4
WBGene00005545.,2,0,2
WBGene00005546.,1,0,1
WBGene00005547.,0,7,7
WBGene00005548.,0,0,0
WBGene00005549.,1,0,1
WBGene00005550.,0,4,4
WBGene00005551.,0,2,2
WBGene00005552.,43,89,132
WBGene00005553.,2,0,2
WBGene00005554.,3,0,3
WBGene00005555.,1,1,2
WBGene00005556.,4,3,7
WBGene00005557.,5,9,14
WBGene00005558.,0,9,9
WBGene00005559.,12,80,92
WBGene00005560.,54,215,269
WBGene00005561.,2,1,3
WBGene00005562.,0,1,1
WBGene00005563.,2,9,11
WBGene00005564.,0,0,0
WBGene00005565.,0,0,0
WBGene00005566.,1,2,3
WBGene00005567.,0,0,0
WBGene00005568.,12,12,24
WBGene00005569.,2,5,7
WBGene00005570.,1,5,6
WBGene00005571.,0,0,0
WBGene00005572.,2,0,2
WBGene00005573.,0,3,3
WBGene00005574.,3,9,12
WBGene00005575.,2,3,5
WBGene00005576.,0,0,0
WBGene00005577.,0,2,2
WBGene00005578.,1,1,2
WBGene00005579.,23,1,24
WBGene00005580.,1,3,4
WBGene00005581.,0,2,2
WBGene00005582.,0,0,0
WBGene00005583.,1,0,1
WBGene00005584.,3,3,6
WBGene00005585.,0,5,5
WBGene00005586.,0,3,3
WBGene00005587.,1,1,2
WBGene00005588.,0,3,3
WBGene00005589.,3,5,8
WBGene00005590.,1,1,2
WBGene00005591.,36,23,59
WBGene00005592.,1,7,8
WBGene00005593.,1,1,2
WBGene00005594.,0,3,3
WBGene00005595.,5,1,6
WBGene00005596.,0,0,0
WBGene00005597.,0,0,0
WBGene00005598.,0,1,1
WBGene00005599.,0,1,1
WBGene00005600.,4,3,7
WBGene00005601.,0,0,0
WBGene00005602.,39,660,699
WBGene00005603.,9,34,43
WBGene00005604.,4,1,5
WBGene00005605.,1,3,4
WBGene00005606.,5,12,17
WBGene00005607.,5,6,11
WBGene00005608.,2,3,5
WBGene00005609.,2,18,20
WBGene00005610.,0,4,4
WBGene00005611.,23,81,104
WBGene00005612.,33,6,39
WBGene00005613.,42,7,49
WBGene00005614.,1,3,4
WBGene00005615.,1,0,1
WBGene00005616.,0,3,3
WBGene00005617.,0,0,0
WBGene00005618.,3,2,5
WBGene00005619.,0,8,8
WBGene00005620.,281,17,298
WBGene00005621.,2,0,2
WBGene00005622.,8,6,14
WBGene00005623.,0,0,0
WBGene00005624.,2,2,4
WBGene00005625.,0,1,1
WBGene00005626.,0,0,0
WBGene00005627.,1,0,1
WBGene00005628.,0,1,1
WBGene00005629.,1,0,1
WBGene00005630.,3,1,4
WBGene00005631.,1,0,1
WBGene00005632.,1,0,1
WBGene00005633.,0,1,1
WBGene00005634.,2,0,2
WBGene00005635.,0,0,0
WBGene00005638.,2,39,41
WBGene00005639.,1,1,2
WBGene00005640.,1,4,5
WBGene00005641.,31,90,121
WBGene00005642.,13,124,137
WBGene00005643.,4,65,69
WBGene00005644.,696,2949,3645
WBGene00005646.,3,14,17
WBGene00005647.,50,806,856
WBGene00005648.,515,3508,4023
WBGene00005649.,37,17,54
WBGene00005650.,0,2,2
WBGene00005651.,0,0,0
WBGene00005652.,77,780,857
WBGene00005653.,2,15,17
WBGene00005654.,13,305,318
WBGene00005655.,116,1658,1774
WBGene00005656.,18,99,117
WBGene00005657.,8,152,160
WBGene00005658.,1,0,1
WBGene00005659.,1,4,5
WBGene00005660.,2,36,38
WBGene00005661.,6,80,86
WBGene00005662.,226,2652,2878
WBGene00005663.,2408,15457,17865
WBGene00005664.,0,10,10
WBGene00005665.,0,11,11
WBGene00005666.,0,11,11
WBGene00005667.,2,1,3
WBGene00005668.,2,11,13
WBGene00005669.,0,3,3
WBGene00005670.,3,8,11
WBGene00005671.,4,19,23
WBGene00005672.,0,0,0
WBGene00005673.,2,1,3
WBGene00005674.,1,3,4
WBGene00005675.,2,14,16
WBGene00005676.,2,13,15
WBGene00005677.,2,17,19
WBGene00005678.,1,3,4
WBGene00005679.,7,4,11
WBGene00005680.,0,0,0
WBGene00005681.,0,2,2
WBGene00005682.,3,5,8
WBGene00005683.,1,10,11
WBGene00005684.,13,1,14
WBGene00005685.,2,7,9
WBGene00005686.,1,14,15
WBGene00005687.,6,9,15
WBGene00005688.,0,3,3
WBGene00005689.,3,13,16
WBGene00005690.,2,11,13
WBGene00005691.,2,15,17
WBGene00005692.,0,12,12
WBGene00005693.,0,0,0
WBGene00005694.,1,1,2
WBGene00005695.,1,3,4
WBGene00005696.,0,4,4
WBGene00005697.,0,4,4
WBGene00005698.,5,1,6
WBGene00005699.,2,6,8
WBGene00005700.,0,12,12
WBGene00005701.,0,6,6
WBGene00005702.,1,41,42
WBGene00005703.,1,7,8
WBGene00005704.,12,6,18
WBGene00005705.,3,4,7
WBGene00005706.,0,4,4
WBGene00005707.,1,0,1
WBGene00005708.,1,1,2
WBGene00005709.,5,3,8
WBGene00005710.,46,76,122
WBGene00005711.,0,8,8
WBGene00005712.,23,84,107
WBGene00005713.,1,20,21
WBGene00005714.,0,0,0
WBGene00005715.,24,5,29
WBGene00005716.,7,23,30
WBGene00005717.,8,67,75
WBGene00005718.,12,83,95
WBGene00005719.,27,35,62
WBGene00005720.,6,3,9
WBGene00005721.,13,34,47
WBGene00005722.,6,1,7
WBGene00005723.,11,3,14
WBGene00005724.,38,25,63
WBGene00005725.,2,26,28
WBGene00005726.,10,17,27
WBGene00005727.,8,16,24
WBGene00005728.,1,0,1
WBGene00005729.,0,0,0
WBGene00005730.,1,0,1
WBGene00005731.,1,1,2
WBGene00005732.,0,0,0
WBGene00005733.,0,1,1
WBGene00005734.,0,0,0
WBGene00005735.,8,20,28
WBGene00005736.,1,7,8
WBGene00005737.,4,4,8
WBGene00005738.,3,41,44
WBGene00005739.,27,24,51
WBGene00005740.,1,0,1
WBGene00005741.,1,0,1
WBGene00005742.,1,1,2
WBGene00005743.,5,7,12
WBGene00005744.,1,1,2
WBGene00005745.,3,6,9
WBGene00005746.,0,2,2
WBGene00005747.,26,2,28
WBGene00005748.,14,15,29
WBGene00005749.,0,0,0
WBGene00005750.,4,0,4
WBGene00005751.,1,6,7
WBGene00005752.,15,79,94
WBGene00005753.,4,7,11
WBGene00005754.,3,13,16
WBGene00005755.,3,13,16
WBGene00005756.,4,4,8
WBGene00005757.,2,17,19
WBGene00005758.,1,18,19
WBGene00005759.,0,251,251
WBGene00005760.,0,1,1
WBGene00005761.,0,1,1
WBGene00005762.,0,1,1
WBGene00005763.,0,2,2
WBGene00005764.,2,13,15
WBGene00005765.,2,0,2
WBGene00005766.,1,4,5
WBGene00005767.,1,0,1
WBGene00005768.,1,0,1
WBGene00005769.,0,0,0
WBGene00005770.,1,0,1
WBGene00005771.,0,1,1
WBGene00005772.,10,6,16
WBGene00005773.,1,0,1
WBGene00005774.,0,0,0
WBGene00005775.,0,2,2
WBGene00005776.,0,0,0
WBGene00005777.,0,0,0
WBGene00005778.,0,0,0
WBGene00005779.,0,0,0
WBGene00005780.,0,0,0
WBGene00005781.,0,0,0
WBGene00005782.,0,3,3
WBGene00005783.,0,0,0
WBGene00005784.,0,1,1
WBGene00005785.,0,1,1
WBGene00005786.,5,1,6
WBGene00005787.,1,0,1
WBGene00005788.,1,0,1
WBGene00005789.,1,1,2
WBGene00005790.,0,0,0
WBGene00005791.,0,1,1
WBGene00005792.,134,0,134
WBGene00005793.,1,0,1
WBGene00005794.,0,0,0
WBGene00005795.,0,0,0
WBGene00005796.,0,0,0
WBGene00005797.,1,2,3
WBGene00005798.,0,0,0
WBGene00005799.,0,0,0
WBGene00005800.,0,0,0
WBGene00005801.,0,0,0
WBGene00005802.,1,1,2
WBGene00005803.,1,1,2
WBGene00005804.,0,0,0
WBGene00005805.,0,0,0
WBGene00005806.,1,2,3
WBGene00005807.,0,2,2
WBGene00005808.,1,2,3
WBGene00005809.,1,3,4
WBGene00005810.,4,6,10
WBGene00005811.,3,16,19
WBGene00005812.,0,1,1
WBGene00005813.,5,2,7
WBGene00005814.,4,2,6
WBGene00005815.,396,296,692
WBGene00005816.,268,339,607
WBGene00005817.,0,0,0
WBGene00005818.,282,1159,1441
WBGene00005819.,0,0,0
WBGene00005820.,15,6,21
WBGene00005821.,0,0,0
WBGene00005822.,1,0,1
WBGene00005823.,0,0,0
WBGene00005824.,2,0,2
WBGene00005825.,11,32,43
WBGene00005826.,0,4,4
WBGene00005827.,2,37,39
WBGene00005828.,5,5,10
WBGene00005829.,1,5,6
WBGene00005830.,4,0,4
WBGene00005831.,1,1,2
WBGene00005832.,149,2084,2233
WBGene00005833.,1,25,26
WBGene00005834.,2,24,26
WBGene00005835.,2,5,7
WBGene00005836.,1,4,5
WBGene00005837.,0,0,0
WBGene00005838.,8,17,25
WBGene00005839.,1,0,1
WBGene00005840.,3,17,20
WBGene00005841.,4,8,12
WBGene00005842.,5,8,13
WBGene00005843.,0,1,1
WBGene00005844.,0,2,2
WBGene00005845.,5,2,7
WBGene00005846.,1,2,3
WBGene00005847.,7,1,8
WBGene00005848.,2,0,2
WBGene00005849.,0,0,0
WBGene00005850.,3,6,9
WBGene00005851.,0,1,1
WBGene00005852.,3,0,3
WBGene00005853.,1,1,2
WBGene00005854.,4,1,5
WBGene00005855.,0,1,1
WBGene00005856.,0,0,0
WBGene00005857.,0,0,0
WBGene00005858.,6,0,6
WBGene00005859.,1,1,2
WBGene00005860.,1,1,2
WBGene00005861.,0,0,0
WBGene00005862.,0,1,1
WBGene00005863.,0,0,0
WBGene00005864.,0,0,0
WBGene00005865.,0,1,1
WBGene00005866.,0,0,0
WBGene00005867.,0,0,0
WBGene00005868.,0,0,0
WBGene00005869.,2,0,2
WBGene00005870.,1,0,1
WBGene00005871.,1,0,1
WBGene00005872.,0,0,0
WBGene00005873.,2,0,2
WBGene00005874.,2,0,2
WBGene00005875.,0,0,0
WBGene00005876.,3,1,4
WBGene00005877.,1,0,1
WBGene00005878.,0,0,0
WBGene00005879.,0,0,0
WBGene00005880.,0,2,2
WBGene00005881.,0,0,0
WBGene00005882.,1,4,5
WBGene00005883.,0,2,2
WBGene00005884.,0,0,0
WBGene00005885.,2,0,2
WBGene00005886.,0,6,6
WBGene00005887.,2,16,18
WBGene00005888.,0,2,2
WBGene00005889.,0,0,0
WBGene00005890.,1,1,2
WBGene00005891.,1,1,2
WBGene00005892.,1,4,5
WBGene00005893.,16,161,177
WBGene00005894.,0,2,2
WBGene00005895.,3,2,5
WBGene00005896.,2,1,3
WBGene00005897.,1,0,1
WBGene00005898.,7,32,39
WBGene00005899.,1,1,2
WBGene00005900.,5,3,8
WBGene00005901.,0,4,4
WBGene00005902.,1,5,6
WBGene00005903.,12,11,23
WBGene00005904.,22,6,28
WBGene00005905.,15,9,24
WBGene00005906.,4,29,33
WBGene00005907.,4,8,12
WBGene00005908.,2,6,8
WBGene00005909.,6,16,22
WBGene00005910.,11,47,58
WBGene00005911.,1,0,1
WBGene00005912.,1,2,3
WBGene00005913.,0,0,0
WBGene00005914.,0,0,0
WBGene00005915.,2,0,2
WBGene00005916.,1,0,1
WBGene00005917.,1,0,1
WBGene00005918.,0,1,1
WBGene00005919.,2,0,2
WBGene00005920.,2,1,3
WBGene00005921.,1,1,2
WBGene00005922.,1,1,2
WBGene00005923.,0,0,0
WBGene00005924.,0,0,0
WBGene00005925.,1,14,15
WBGene00005926.,7,24,31
WBGene00005927.,6,6,12
WBGene00005928.,0,2,2
WBGene00005929.,4,17,21
WBGene00005930.,0,1,1
WBGene00005931.,1,3,4
WBGene00005932.,17,12,29
WBGene00005933.,1,1,2
WBGene00005934.,0,15,15
WBGene00005935.,6,4,10
WBGene00005936.,32,282,314
WBGene00005937.,10,55,65
WBGene00005938.,48,155,203
WBGene00005939.,0,1,1
WBGene00005940.,3,6,9
WBGene00005941.,19,14,33
WBGene00005942.,1,0,1
WBGene00005943.,0,0,0
WBGene00005944.,0,1,1
WBGene00005945.,1,0,1
WBGene00005946.,0,0,0
WBGene00005947.,12,74,86
WBGene00005948.,0,1,1
WBGene00005949.,7,72,79
WBGene00005950.,0,2,2
WBGene00005951.,0,0,0
WBGene00005952.,1,3,4
WBGene00005953.,0,2,2
WBGene00005954.,1,0,1
WBGene00005955.,0,8,8
WBGene00005956.,0,0,0
WBGene00005957.,0,0,0
WBGene00005958.,3,13,16
WBGene00005959.,6,76,82
WBGene00005960.,2,0,2
WBGene00005961.,0,1,1
WBGene00005962.,22,29,51
WBGene00005963.,9,18,27
WBGene00005964.,5,7,12
WBGene00005965.,134,10,144
WBGene00005966.,6,0,6
WBGene00005967.,78,231,309
WBGene00005968.,2,7,9
WBGene00005969.,5,5,10
WBGene00005970.,0,7,7
WBGene00005971.,2,17,19
WBGene00005972.,2,8,10
WBGene00005973.,4,0,4
WBGene00005974.,4,5,9
WBGene00005975.,8,45,53
WBGene00005976.,6,17,23
WBGene00005977.,6,23,29
WBGene00005978.,1,1,2
WBGene00005979.,6,4,10
WBGene00005980.,2,0,2
WBGene00005981.,5,4,9
WBGene00005982.,86,62,148
WBGene00005983.,2,0,2
WBGene00005984.,0,0,0
WBGene00005985.,0,1,1
WBGene00005986.,2,7,9
WBGene00005987.,7,5,12
WBGene00005988.,2,2,4
WBGene00005989.,0,3,3
WBGene00005990.,0,0,0
WBGene00005991.,2,0,2
WBGene00005992.,1,1,2
WBGene00005993.,1,1,2
WBGene00005994.,177,1,178
WBGene00005995.,3,0,3
WBGene00005996.,0,0,0
WBGene00005997.,1,2,3
WBGene00005998.,1,2,3
WBGene00005999.,0,2,2
WBGene00006000.,2,4,6
WBGene00006001.,1,1,2
WBGene00006002.,0,6,6
WBGene00006003.,0,2,2
WBGene00006004.,4,4,8
WBGene00006005.,1,8,9
WBGene00006006.,2,15,17
WBGene00006007.,1,3,4
WBGene00006008.,3,11,14
WBGene00006009.,1,11,12
WBGene00006010.,1,5,6
WBGene00006011.,2,1,3
WBGene00006012.,1,10,11
WBGene00006013.,1,0,1
WBGene00006014.,5,7,12
WBGene00006015.,13,11,24
WBGene00006016.,2,16,18
WBGene00006017.,0,3,3
WBGene00006018.,0,0,0
WBGene00006019.,2,5,7
WBGene00006020.,1,11,12
WBGene00006021.,0,1,1
WBGene00006022.,1,0,1
WBGene00006023.,0,0,0
WBGene00006024.,1,0,1
WBGene00006025.,0,6,6
WBGene00006026.,2,18,20
WBGene00006027.,1,2,3
WBGene00006028.,2,11,13
WBGene00006029.,0,1,1
WBGene00006038.,0,0,0
WBGene00006039.,0,2,2
WBGene00006040.,0,0,0
WBGene00006044.,0,12,12
WBGene00006047.,0,0,0
WBGene00006048.,0,0,0
WBGene00006049.,0,1,1
WBGene00006050.,76,878,954
WBGene00006051.,5,30,35
WBGene00006052.,0,1,1
WBGene00006053.,0,1,1
WBGene00006055.,99,508,607
WBGene00006056.,0,2,2
WBGene00006057.,1,0,1
WBGene00006058.,2,7,9
WBGene00006059.,363,3693,4056
WBGene00006060.,1,0,1
WBGene00006061.,113,4341,4454
WBGene00006062.,699,3763,4462
WBGene00006063.,13,536,549
WBGene00006064.,234,600,834
WBGene00006065.,5,22,27
WBGene00006066.,142,3607,3749
WBGene00006067.,754,4613,5367
WBGene00006068.,53,363,416
WBGene00006069.,2,0,2
WBGene00006070.,0,0,0
WBGene00006071.,9,9,18
WBGene00006072.,2,5,7
WBGene00006073.,0,0,0
WBGene00006074.,0,0,0
WBGene00006075.,27,267,294
WBGene00006076.,1,2,3
WBGene00006077.,5,10,15
WBGene00006078.,0,1,1
WBGene00006079.,0,1,1
WBGene00006080.,4,4,8
WBGene00006081.,0,0,0
WBGene00006082.,5,1,6
WBGene00006083.,0,1,1
WBGene00006084.,2,1,3
WBGene00006085.,1,12,13
WBGene00006086.,0,8,8
WBGene00006087.,0,6,6
WBGene00006088.,0,0,0
WBGene00006089.,0,0,0
WBGene00006090.,2,6,8
WBGene00006091.,0,0,0
WBGene00006092.,1,1,2
WBGene00006093.,0,4,4
WBGene00006094.,0,0,0
WBGene00006095.,2,4,6
WBGene00006096.,4,5,9
WBGene00006097.,0,2,2
WBGene00006098.,0,1,1
WBGene00006099.,1,0,1
WBGene00006100.,0,0,0
WBGene00006101.,0,0,0
WBGene00006102.,1,8,9
WBGene00006103.,1,3,4
WBGene00006104.,2,3,5
WBGene00006105.,0,2,2
WBGene00006106.,0,4,4
WBGene00006107.,0,0,0
WBGene00006108.,0,0,0
WBGene00006109.,3,14,17
WBGene00006110.,2,10,12
WBGene00006111.,2,2,4
WBGene00006112.,2,5,7
WBGene00006113.,4,20,24
WBGene00006114.,93,191,284
WBGene00006115.,59,1,60
WBGene00006116.,1,3,4
WBGene00006117.,0,1,1
WBGene00006118.,1,0,1
WBGene00006119.,1,1,2
WBGene00006120.,3,0,3
WBGene00006121.,1,2,3
WBGene00006122.,0,4,4
WBGene00006123.,0,1,1
WBGene00006124.,0,2,2
WBGene00006125.,1,0,1
WBGene00006126.,0,3,3
WBGene00006127.,1,6,7
WBGene00006128.,1,3,4
WBGene00006129.,5,2,7
WBGene00006130.,4,26,30
WBGene00006131.,1,0,1
WBGene00006132.,2,1,3
WBGene00006133.,0,0,0
WBGene00006134.,3,4,7
WBGene00006135.,10,39,49
WBGene00006136.,1,0,1
WBGene00006137.,0,1,1
WBGene00006138.,0,9,9
WBGene00006139.,5,16,21
WBGene00006140.,83,4,87
WBGene00006141.,0,1,1
WBGene00006142.,1,0,1
WBGene00006143.,0,12,12
WBGene00006144.,1,0,1
WBGene00006145.,1,0,1
WBGene00006146.,0,6,6
WBGene00006147.,1,1,2
WBGene00006148.,3,3,6
WBGene00006149.,1,7,8
WBGene00006150.,0,2,2
WBGene00006151.,2,5,7
WBGene00006152.,4,10,14
WBGene00006153.,1,6,7
WBGene00006154.,3,20,23
WBGene00006155.,0,1,1
WBGene00006156.,0,1,1
WBGene00006157.,1,4,5
WBGene00006158.,0,1,1
WBGene00006159.,1,3,4
WBGene00006160.,0,0,0
WBGene00006161.,0,6,6
WBGene00006162.,1,8,9
WBGene00006163.,27,31,58
WBGene00006164.,6,22,28
WBGene00006165.,1,0,1
WBGene00006166.,2,0,2
WBGene00006167.,1,7,8
WBGene00006168.,0,0,0
WBGene00006169.,29,11,40
WBGene00006170.,0,0,0
WBGene00006171.,0,0,0
WBGene00006172.,29,14,43
WBGene00006173.,3,1,4
WBGene00006174.,0,0,0
WBGene00006175.,1,0,1
WBGene00006176.,1,6,7
WBGene00006177.,1,7,8
WBGene00006178.,0,1,1
WBGene00006179.,1,13,14
WBGene00006180.,0,20,20
WBGene00006181.,2,4,6
WBGene00006182.,12,15,27
WBGene00006183.,0,0,0
WBGene00006184.,1,0,1
WBGene00006185.,0,0,0
WBGene00006186.,1,2,3
WBGene00006187.,1,1,2
WBGene00006188.,8,10,18
WBGene00006189.,5,9,14
WBGene00006190.,2,0,2
WBGene00006191.,6,11,17
WBGene00006192.,1,1,2
WBGene00006193.,3,10,13
WBGene00006194.,3,5,8
WBGene00006195.,2,27,29
WBGene00006196.,1,0,1
WBGene00006197.,4,2,6
WBGene00006198.,12,90,102
WBGene00006199.,2,9,11
WBGene00006200.,0,0,0
WBGene00006201.,3,14,17
WBGene00006202.,0,1,1
WBGene00006203.,1,3,4
WBGene00006204.,0,1,1
WBGene00006205.,9,8,17
WBGene00006206.,2,1,3
WBGene00006207.,6,22,28
WBGene00006208.,4,6,10
WBGene00006209.,1,10,11
WBGene00006210.,33,21,54
WBGene00006211.,12,62,74
WBGene00006212.,7,32,39
WBGene00006213.,3,3,6
WBGene00006214.,20,13,33
WBGene00006215.,0,6,6
WBGene00006216.,2,1,3
WBGene00006217.,1,3,4
WBGene00006218.,20,37,57
WBGene00006219.,0,2,2
WBGene00006220.,37,201,238
WBGene00006221.,0,2,2
WBGene00006222.,3,6,9
WBGene00006223.,2,2,4
WBGene00006224.,2,4,6
WBGene00006225.,0,0,0
WBGene00006226.,3,6,9
WBGene00006227.,0,3,3
WBGene00006228.,4,3,7
WBGene00006229.,0,1,1
WBGene00006230.,2,0,2
WBGene00006231.,1,3,4
WBGene00006232.,0,0,0
WBGene00006233.,2,0,2
WBGene00006234.,0,2,2
WBGene00006235.,0,1,1
WBGene00006236.,1,0,1
WBGene00006237.,2,17,19
WBGene00006238.,1,0,1
WBGene00006239.,3,11,14
WBGene00006240.,0,0,0
WBGene00006241.,2,3,5
WBGene00006242.,1,2,3
WBGene00006243.,7,2,9
WBGene00006244.,0,4,4
WBGene00006245.,0,0,0
WBGene00006246.,0,1,1
WBGene00006247.,2,1,3
WBGene00006248.,1,0,1
WBGene00006249.,0,2,2
WBGene00006250.,0,4,4
WBGene00006251.,3,9,12
WBGene00006252.,2,0,2
WBGene00006253.,10,1,11
WBGene00006254.,0,2,2
WBGene00006255.,13,13,26
WBGene00006256.,2,8,10
WBGene00006257.,1,0,1
WBGene00006258.,1,6,7
WBGene00006259.,2,0,2
WBGene00006260.,3,2,5
WBGene00006261.,3,3,6
WBGene00006262.,0,2,2
WBGene00006263.,1,1,2
WBGene00006264.,0,2,2
WBGene00006265.,0,0,0
WBGene00006266.,105,0,105
WBGene00006267.,0,0,0
WBGene00006268.,2,4,6
WBGene00006269.,0,1,1
WBGene00006270.,0,1,1
WBGene00006271.,0,3,3
WBGene00006272.,8,25,33
WBGene00006273.,1,3,4
WBGene00006274.,0,1,1
WBGene00006275.,2,0,2
WBGene00006276.,2,0,2
WBGene00006277.,1,3,4
WBGene00006278.,2,11,13
WBGene00006279.,9,16,25
WBGene00006280.,1,2,3
WBGene00006281.,5,2,7
WBGene00006282.,0,0,0
WBGene00006283.,0,0,0
WBGene00006284.,0,0,0
WBGene00006285.,19,63,82
WBGene00006286.,4,5,9
WBGene00006287.,10,20,30
WBGene00006288.,21,19,40
WBGene00006289.,0,0,0
WBGene00006306.,396,1590,1986
WBGene00006307.,155,3618,3773
WBGene00006308.,58,430,488
WBGene00006309.,61,1927,1988
WBGene00006310.,86,172,258
WBGene00006311.,4,196,200
WBGene00006314.,0,0,0
WBGene00006315.,0,0,0
WBGene00006316.,0,0,0
WBGene00006318.,228,2171,2399
WBGene00006319.,69,1581,1650
WBGene00006321.,296,9878,10174
WBGene00006324.,50,2130,2180
WBGene00006327.,0,0,0
WBGene00006330.,0,0,0
WBGene00006331.,343,14245,14588
WBGene00006333.,0,0,0
WBGene00006334.,0,0,0
WBGene00006338.,0,0,0
WBGene00006342.,389,6143,6532
WBGene00006344.,0,0,0
WBGene00006349.,320,1726,2046
WBGene00006351.,85,2322,2407
WBGene00006352.,164,4236,4400
WBGene00006353.,36,656,692
WBGene00006359.,101,3022,3123
WBGene00006363.,156,405,561
WBGene00006364.,515,2714,3229
WBGene00006365.,145,1558,1703
WBGene00006366.,385,13177,13562
WBGene00006367.,0,0,0
WBGene00006368.,170,924,1094
WBGene00006369.,49,1561,1610
WBGene00006371.,103,246,349
WBGene00006372.,65,978,1043
WBGene00006373.,223,3622,3845
WBGene00006374.,29,131,160
WBGene00006375.,3,287,290
WBGene00006376.,6,306,312
WBGene00006377.,104,1290,1394
WBGene00006379.,130,1347,1477
WBGene00006380.,22,392,414
WBGene00006381.,104,5269,5373
WBGene00006382.,792,3500,4292
WBGene00006383.,94,576,670
WBGene00006384.,254,1223,1477
WBGene00006385.,1075,2127,3202
WBGene00006386.,224,1236,1460
WBGene00006387.,56,427,483
WBGene00006388.,23,143,166
WBGene00006389.,32,807,839
WBGene00006390.,97,758,855
WBGene00006391.,68,714,782
WBGene00006392.,183,2388,2571
WBGene00006393.,23,992,1015
WBGene00006394.,40,440,480
WBGene00006395.,32,341,373
WBGene00006396.,591,2132,2723
WBGene00006397.,31,1146,1177
WBGene00006399.,27,5,32
WBGene00006402.,76,963,1039
WBGene00006404.,56,379,435
WBGene00006405.,475,3071,3546
WBGene00006406.,393,4871,5264
WBGene00006407.,1534,8788,10322
WBGene00006408.,3084,42093,45177
WBGene00006409.,0,8,8
WBGene00006410.,178,3043,3221
WBGene00006411.,11,94,105
WBGene00006412.,390,2902,3292
WBGene00006414.,9,1933,1942
WBGene00006415.,376,2581,2957
WBGene00006416.,0,15,15
WBGene00006418.,3,65,68
WBGene00006419.,16,10,26
WBGene00006423.,1200,18765,19965
WBGene00006424.,386,1578,1964
WBGene00006428.,105,144,249
WBGene00006429.,0,2,2
WBGene00006430.,69,549,618
WBGene00006431.,43,752,795
WBGene00006432.,148,1985,2133
WBGene00006433.,1161,21960,23121
WBGene00006434.,601,44464,45065
WBGene00006435.,11,13,24
WBGene00006436.,5390,157750,163140
WBGene00006437.,320,7669,7989
WBGene00006438.,372,3221,3593
WBGene00006439.,1098,650500,651598
WBGene00006440.,112,437,549
WBGene00006441.,45,302,347
WBGene00006442.,355,2616,2971
WBGene00006443.,24,906,930
WBGene00006444.,56,1663,1719
WBGene00006445.,72,755,827
WBGene00006446.,23,527,550
WBGene00006447.,24,2150,2174
WBGene00006448.,43,807,850
WBGene00006449.,0,7,7
WBGene00006450.,560,2027,2587
WBGene00006452.,3771,41196,44967
WBGene00006454.,9,21,30
WBGene00006459.,70,1019,1089
WBGene00006460.,269,7790,8059
WBGene00006461.,22,387,409
WBGene00006462.,339,1901,2240
WBGene00006463.,43,555,598
WBGene00006464.,0,9,9
WBGene00006465.,77,3521,3598
WBGene00006466.,164,638,802
WBGene00006467.,235,1664,1899
WBGene00006468.,80,584,664
WBGene00006470.,25,1193,1218
WBGene00006471.,0,0,0
WBGene00006472.,87,3855,3942
WBGene00006473.,21,1248,1269
WBGene00006474.,52,2492,2544
WBGene00006475.,48,272,320
WBGene00006476.,430,1308,1738
WBGene00006477.,115,365,480
WBGene00006478.,281,2976,3257
WBGene00006479.,266,2880,3146
WBGene00006481.,773,3717,4490
WBGene00006483.,436,2978,3414
WBGene00006484.,1,0,1
WBGene00006486.,58,269,327
WBGene00006487.,15,53,68
WBGene00006488.,0,1,1
WBGene00006489.,64,3013,3077
WBGene00006490.,293,1312,1605
WBGene00006491.,21,1199,1220
WBGene00006492.,155,573,728
WBGene00006493.,190,1954,2144
WBGene00006494.,16,4602,4618
WBGene00006495.,876,7196,8072
WBGene00006496.,498,1302,1800
WBGene00006497.,322,5944,6266
WBGene00006498.,421,2716,3137
WBGene00006499.,104,1259,1363
WBGene00006503.,83,2377,2460
WBGene00006504.,140,1625,1765
WBGene00006505.,128,295,423
WBGene00006508.,2024,7616,9640
WBGene00006509.,1,8,9
WBGene00006510.,655,3988,4643
WBGene00006512.,342,10086,10428
WBGene00006513.,395,1670,2065
WBGene00006514.,44,2374,2418
WBGene00006515.,116,7269,7385
WBGene00006516.,55,961,1016
WBGene00006517.,296,5314,5610
WBGene00006518.,28,7061,7089
WBGene00006519.,6111,65131,71242
WBGene00006520.,0,590,590
WBGene00006522.,115,269,384
WBGene00006523.,135,2513,2648
WBGene00006524.,124,1746,1870
WBGene00006525.,24,301,325
WBGene00006526.,12,204,216
WBGene00006527.,991,13195,14186
WBGene00006528.,260,54913,55173
WBGene00006529.,3275,50774,54049
WBGene00006530.,27,283,310
WBGene00006531.,12,154,166
WBGene00006532.,19,41,60
WBGene00006533.,18,60,78
WBGene00006534.,1656,12152,13808
WBGene00006535.,426,2336,2762
WBGene00006536.,25,30720,30745
WBGene00006537.,815,75787,76602
WBGene00006538.,26,550,576
WBGene00006539.,3,28,31
WBGene00006540.,26,1238,1264
WBGene00006541.,39,341,380
WBGene00006542.,51,1103,1154
WBGene00006543.,121,2023,2144
WBGene00006544.,15,5,20
WBGene00006545.,9,19,28
WBGene00006546.,4,1,5
WBGene00006547.,0,5,5
WBGene00006549.,0,0,0
WBGene00006550.,1,1,2
WBGene00006551.,0,0,0
WBGene00006552.,10,4,14
WBGene00006553.,1,0,1
WBGene00006554.,0,2,2
WBGene00006555.,28,169,197
WBGene00006556.,3,1,4
WBGene00006557.,5,3,8
WBGene00006558.,0,0,0
WBGene00006559.,0,0,0
WBGene00006560.,0,2,2
WBGene00006561.,196,2138,2334
WBGene00006562.,116,700,816
WBGene00006563.,534,1426,1960
WBGene00006565.,95,8716,8811
WBGene00006566.,135,1747,1882
WBGene00006567.,35,1337,1372
WBGene00006568.,27,1173,1200
WBGene00006570.,94,2156,2250
WBGene00006571.,156,1501,1657
WBGene00006572.,925,14037,14962
WBGene00006573.,360,4384,4744
WBGene00006574.,338,21942,22280
WBGene00006575.,660,2034,2694
WBGene00006576.,29,222,251
WBGene00006577.,291,3110,3401
WBGene00006578.,158,1620,1778
WBGene00006579.,433,4359,4792
WBGene00006580.,207,2200,2407
WBGene00006582.,507,3579,4086
WBGene00006583.,120,4773,4893
WBGene00006584.,5995,70813,76808
WBGene00006585.,481,28113,28594
WBGene00006586.,137,2892,3029
WBGene00006587.,2443,53035,55478
WBGene00006588.,1258,17187,18445
WBGene00006589.,203,2142,2345
WBGene00006590.,162,2137,2299
WBGene00006591.,182,462,644
WBGene00006592.,95,860,955
WBGene00006593.,1236,3040,4276
WBGene00006594.,713,2768,3481
WBGene00006595.,394,16767,17161
WBGene00006596.,212,400,612
WBGene00006597.,23,744,767
WBGene00006598.,3,138,141
WBGene00006599.,795,1939,2734
WBGene00006600.,7,105,112
WBGene00006601.,231,35854,36085
WBGene00006602.,358,3664,4022
WBGene00006603.,2573,10200,12773
WBGene00006604.,435,2271,2706
WBGene00006605.,201,1134,1335
WBGene00006606.,76,720,796
WBGene00006607.,386,3439,3825
WBGene00006608.,120,1095,1215
WBGene00006609.,54,527,581
WBGene00006610.,38,71,109
WBGene00006611.,6,331,337
WBGene00006612.,2,16,18
WBGene00006613.,233,6459,6692
WBGene00006614.,142,423,565
WBGene00006615.,403,654,1057
WBGene00006616.,47,94,141
WBGene00006617.,302,11325,11627
WBGene00006618.,266,485,751
WBGene00006619.,2,13,15
WBGene00006620.,91,227,318
WBGene00006621.,41,26,67
WBGene00006622.,4,11,15
WBGene00006623.,79,208,287
WBGene00006624.,361,1086,1447
WBGene00006625.,2,10,12
WBGene00006626.,79,15113,15192
WBGene00006627.,15,31,46
WBGene00006628.,3,25,28
WBGene00006629.,7,196,203
WBGene00006630.,2,11,13
WBGene00006631.,1,2,3
WBGene00006632.,85,81,166
WBGene00006633.,230,1583,1813
WBGene00006634.,2103,25425,27528
WBGene00006635.,13,569,582
WBGene00006636.,6,58,64
WBGene00006637.,56,1116,1172
WBGene00006638.,36,1141,1177
WBGene00006639.,24,34,58
WBGene00006640.,223,1428,1651
WBGene00006641.,30,565,595
WBGene00006642.,14,246,260
WBGene00006643.,81,1775,1856
WBGene00006644.,1,16,17
WBGene00006645.,75,120,195
WBGene00006646.,13,261,274
WBGene00006647.,205,1484,1689
WBGene00006648.,684,1790,2474
WBGene00006649.,221,4907,5128
WBGene00006650.,0,23615,23615
WBGene00006651.,20,4281,4301
WBGene00006652.,180,711,891
WBGene00006654.,12,119,131
WBGene00006655.,32,305,337
WBGene00006656.,13,110,123
WBGene00006657.,241,246,487
WBGene00006658.,15,125,140
WBGene00006659.,23,7,30
WBGene00006660.,15,206,221
WBGene00006661.,2,8,10
WBGene00006662.,169,968,1137
WBGene00006663.,1295,10066,11361
WBGene00006664.,31,236,267
WBGene00006665.,54,81,135
WBGene00006666.,22,187,209
WBGene00006667.,255,1621,1876
WBGene00006668.,734,1159,1893
WBGene00006669.,51,118,169
WBGene00006670.,17,64,81
WBGene00006671.,135,1111,1246
WBGene00006672.,426,17736,18162
WBGene00006673.,11,146,157
WBGene00006674.,16,41,57
WBGene00006675.,12,78,90
WBGene00006676.,19,92,111
WBGene00006677.,81,1332,1413
WBGene00006678.,30,226,256
WBGene00006679.,21,46,67
WBGene00006680.,119,783,902
WBGene00006681.,56,475,531
WBGene00006682.,113,295,408
WBGene00006683.,905,2764,3669
WBGene00006684.,298,128,426
WBGene00006685.,34,313,347
WBGene00006686.,23,117,140
WBGene00006687.,13,63,76
WBGene00006688.,5,2,7
WBGene00006689.,2,1,3
WBGene00006690.,15,62,77
WBGene00006691.,91,225,316
WBGene00006692.,259,2188,2447
WBGene00006693.,988,4005,4993
WBGene00006694.,12,38,50
WBGene00006695.,407,247,654
WBGene00006696.,50,203,253
WBGene00006697.,677,5520,6197
WBGene00006698.,183,9582,9765
WBGene00006699.,143,9528,9671
WBGene00006700.,422,1969,2391
WBGene00006701.,711,2646,3357
WBGene00006702.,288,6892,7180
WBGene00006703.,75,3139,3214
WBGene00006704.,248,8929,9177
WBGene00006705.,66,245,311
WBGene00006706.,116,5639,5755
WBGene00006707.,1,4874,4875
WBGene00006708.,269,7739,8008
WBGene00006709.,451,4417,4868
WBGene00006710.,339,249,588
WBGene00006711.,50,1077,1127
WBGene00006712.,69,628,697
WBGene00006713.,123,5734,5857
WBGene00006714.,216,1142,1358
WBGene00006715.,100,7913,8013
WBGene00006716.,17,5,22
WBGene00006717.,14,372,386
WBGene00006718.,8,46,54
WBGene00006719.,2,3,5
WBGene00006720.,57,4660,4717
WBGene00006721.,94,1019,1113
WBGene00006722.,63,644,707
WBGene00006723.,206,1542,1748
WBGene00006724.,357,9199,9556
WBGene00006725.,24706,398595,423301
WBGene00006726.,422,6165,6587
WBGene00006727.,389,21014,21403
WBGene00006728.,24174,372051,396225
WBGene00006729.,149,1357,1506
WBGene00006730.,32,12400,12432
WBGene00006731.,14,122,136
WBGene00006732.,239,1003,1242
WBGene00006733.,288,2777,3065
WBGene00006734.,86,2570,2656
WBGene00006735.,19,1111,1130
WBGene00006736.,141,1976,2117
WBGene00006737.,41,1163,1204
WBGene00006738.,14,1055,1069
WBGene00006739.,351,7343,7694
WBGene00006740.,21,186,207
WBGene00006741.,363,7762,8125
WBGene00006742.,728,1809,2537
WBGene00006743.,74,341,415
WBGene00006744.,22,224,246
WBGene00006745.,607,1555,2162
WBGene00006746.,68,906,974
WBGene00006747.,1104,1507,2611
WBGene00006748.,16,90,106
WBGene00006749.,410,2829,3239
WBGene00006750.,159,1082,1241
WBGene00006751.,593,2139,2732
WBGene00006752.,1258,6002,7260
WBGene00006753.,858,11303,12161
WBGene00006754.,6166,228866,235032
WBGene00006755.,521,5575,6096
WBGene00006756.,4,4,8
WBGene00006757.,188,2077,2265
WBGene00006759.,3507,48412,51919
WBGene00006760.,678,9384,10062
WBGene00006761.,185,1393,1578
WBGene00006762.,584,3612,4196
WBGene00006763.,292,1981,2273
WBGene00006764.,8172,143569,151741
WBGene00006765.,536,1289,1825
WBGene00006766.,50,467,517
WBGene00006767.,422,813,1235
WBGene00006768.,463,7555,8018
WBGene00006769.,728,2092,2820
WBGene00006770.,887,4770,5657
WBGene00006771.,1319,18347,19666
WBGene00006772.,422,3588,4010
WBGene00006773.,192,2840,3032
WBGene00006774.,135,823,958
WBGene00006775.,11,101,112
WBGene00006776.,605,4461,5066
WBGene00006777.,141,1982,2123
WBGene00006778.,59,747,806
WBGene00006779.,3102,17903,21005
WBGene00006780.,4520,62596,67116
WBGene00006781.,385,3399,3784
WBGene00006782.,9,219,228
WBGene00006783.,32,319,351
WBGene00006784.,981,5455,6436
WBGene00006785.,45,1242,1287
WBGene00006786.,298,3997,4295
WBGene00006787.,1210,10138,11348
WBGene00006788.,523,2511,3034
WBGene00006789.,2412,184991,187403
WBGene00006790.,48,198,246
WBGene00006791.,382,2918,3300
WBGene00006792.,484,1276,1760
WBGene00006793.,126,2754,2880
WBGene00006794.,840,46274,47114
WBGene00006795.,83,2084,2167
WBGene00006796.,963,11691,12654
WBGene00006797.,445,663,1108
WBGene00006798.,1356,5424,6780
WBGene00006801.,3183,37861,41044
WBGene00006802.,56,7609,7665
WBGene00006803.,927,13123,14050
WBGene00006804.,106,832,938
WBGene00006805.,3125,12957,16082
WBGene00006807.,238,610,848
WBGene00006808.,511,4548,5059
WBGene00006809.,456,879,1335
WBGene00006810.,392,5027,5419
WBGene00006811.,323,918,1241
WBGene00006812.,399,3573,3972
WBGene00006814.,2897,9344,12241
WBGene00006815.,959,16520,17479
WBGene00006816.,74,2002,2076
WBGene00006817.,289,4937,5226
WBGene00006818.,151,2631,2782
WBGene00006819.,2983,102900,105883
WBGene00006820.,6093,56793,62886
WBGene00006822.,218,1446,1664
WBGene00006823.,1532,12993,14525
WBGene00006824.,284,17466,17750
WBGene00006825.,753,8725,9478
WBGene00006826.,757,20053,20810
WBGene00006827.,4682,8271,12953
WBGene00006829.,82,1806,1888
WBGene00006830.,2804,3308,6112
WBGene00006831.,691,3792,4483
WBGene00006832.,211,1677,1888
WBGene00006833.,724,16549,17273
WBGene00006836.,240,13442,13682
WBGene00006839.,791,10980,11771
WBGene00006840.,322,11075,11397
WBGene00006843.,287,2050,2337
WBGene00006844.,312,6153,6465
WBGene00006845.,574,4887,5461
WBGene00006852.,112,4633,4745
WBGene00006853.,21,980,1001
WBGene00006856.,61,3449,3510
WBGene00006861.,778,8634,9412
WBGene00006862.,33,374,407
WBGene00006863.,274,33107,33381
WBGene00006864.,239,821,1060
WBGene00006865.,22,362,384
WBGene00006868.,760,2805,3565
WBGene00006869.,103,759,862
WBGene00006870.,436,1594,2030
WBGene00006873.,27,148,175
WBGene00006874.,539,8516,9055
WBGene00006875.,37,2544,2581
WBGene00006876.,4470,8214,12684
WBGene00006881.,21,281,302
WBGene00006882.,93,486,579
WBGene00006886.,2727,25139,27866
WBGene00006887.,385,1388,1773
WBGene00006888.,87,5664,5751
WBGene00006889.,74,16109,16183
WBGene00006890.,424,6364,6788
WBGene00006893.,230,2750,2980
WBGene00006894.,4,2,6
WBGene00006895.,1,1,2
WBGene00006896.,68,564,632
WBGene00006897.,3,11,14
WBGene00006902.,0,3,3
WBGene00006910.,0,3281,3281
WBGene00006911.,122,16094,16216
WBGene00006912.,0,4676,4676
WBGene00006913.,66,7694,7760
WBGene00006914.,48,4414,4462
WBGene00006915.,3,275,278
WBGene00006916.,115,779,894
WBGene00006917.,113,14342,14455
WBGene00006918.,401,10310,10711
WBGene00006919.,236,15800,16036
WBGene00006920.,606,8201,8807
WBGene00006921.,29,7830,7859
WBGene00006922.,21,872,893
WBGene00006923.,2685,5433,8118
WBGene00006924.,433,65708,66141
WBGene00006925.,1,2,3
WBGene00006926.,1,8,9
WBGene00006927.,0,9,9
WBGene00006928.,2,16,18
WBGene00006929.,0,0,0
WBGene00006930.,0,18,18
WBGene00006931.,184,2588,2772
WBGene00006932.,354,3112,3466
WBGene00006933.,104,2522,2626
WBGene00006934.,264,1598,1862
WBGene00006935.,73,3375,3448
WBGene00006936.,446,8817,9263
WBGene00006937.,546,10879,11425
WBGene00006938.,3,29,32
WBGene00006939.,2,6,8
WBGene00006940.,6,484,490
WBGene00006941.,379,4367,4746
WBGene00006942.,156,6170,6326
WBGene00006943.,72,1035,1107
WBGene00006944.,29,587,616
WBGene00006945.,170,4236,4406
WBGene00006946.,95,982,1077
WBGene00006947.,8,220,228
WBGene00006948.,9,709,718
WBGene00006949.,65,821,886
WBGene00006950.,16,57,73
WBGene00006951.,149,1990,2139
WBGene00006952.,13,649,662
WBGene00006953.,7,4,11
WBGene00006954.,5,52,57
WBGene00006955.,141,249,390
WBGene00006956.,273,9241,9514
WBGene00006957.,238,2035,2273
WBGene00006958.,114,642,756
WBGene00006959.,2001,98946,100947
WBGene00006960.,37,93,130
WBGene00006961.,915,10362,11277
WBGene00006962.,2,20,22
WBGene00006963.,67,1752,1819
WBGene00006964.,520,4474,4994
WBGene00006965.,1,45,46
WBGene00006966.,4,97,101
WBGene00006967.,0,103,103
WBGene00006968.,134,2521,2655
WBGene00006970.,46,2139,2185
WBGene00006971.,91,1099,1190
WBGene00006974.,26,1530,1556
WBGene00006975.,992,8662,9654
WBGene00006976.,1594,426,2020
WBGene00006977.,10,163,173
WBGene00006978.,236,10254,10490
WBGene00006979.,0,145,145
WBGene00006980.,3,131,134
WBGene00006981.,2,504,506
WBGene00006982.,75,1032,1107
WBGene00006983.,118,830,948
WBGene00006984.,2023,9603,11626
WBGene00006985.,220,678,898
WBGene00006986.,326,1573,1899
WBGene00006987.,186,399,585
WBGene00006988.,99,774,873
WBGene00006993.,300,712,1012
WBGene00006994.,194,3792,3986
WBGene00006996.,29,1272,1301
WBGene00006997.,16,950,966
WBGene00006999.,3003,36639,39642
WBGene00007000.,662,27716,28378
WBGene00007001.,55,6263,6318
WBGene00007006.,118,495,613
WBGene00007007.,245,2574,2819
WBGene00007008.,134,4671,4805
WBGene00007009.,256,4144,4400
WBGene00007010.,229,3818,4047
WBGene00007011.,34,459,493
WBGene00007012.,92,859,951
WBGene00007013.,293,989,1282
WBGene00007014.,74,467,541
WBGene00007015.,9,969,978
WBGene00007016.,579,9116,9695
WBGene00007017.,1024,1103,2127
WBGene00007018.,125,1941,2066
WBGene00007019.,176,4861,5037
WBGene00007020.,199,1136,1335
WBGene00007021.,134,2764,2898
WBGene00007022.,331,3995,4326
WBGene00007023.,124,2015,2139
WBGene00007024.,5366,21027,26393
WBGene00007025.,292,2791,3083
WBGene00007026.,79,931,1010
WBGene00007027.,1653,6987,8640
WBGene00007028.,110,3991,4101
WBGene00007029.,281,1807,2088
WBGene00007030.,1498,14795,16293
WBGene00007036.,5,13,18
WBGene00007041.,74,334,408
WBGene00007042.,220,8921,9141
WBGene00007043.,16,750,766
WBGene00007044.,277,4263,4540
WBGene00007045.,8,716,724
WBGene00007047.,163,901,1064
WBGene00007048.,122,5023,5145
WBGene00007049.,10,36,46
WBGene00007050.,816,8704,9520
WBGene00007053.,276,8143,8419
WBGene00007054.,1152,2991,4143
WBGene00007055.,142,4397,4539
WBGene00007056.,112,845,957
WBGene00007057.,0,42,42
WBGene00007058.,306,5089,5395
WBGene00007059.,46,762,808
WBGene00007060.,1,1,2
WBGene00007062.,0,0,0
WBGene00007063.,159,559,718
WBGene00007064.,157,964,1121
WBGene00007065.,36,353,389
WBGene00007066.,1,6,7
WBGene00007067.,107,828,935
WBGene00007068.,197,1366,1563
WBGene00007070.,20,565,585
WBGene00007071.,128,1752,1880
WBGene00007072.,2,33,35
WBGene00007073.,27,288,315
WBGene00007074.,0,4,4
WBGene00007075.,0,0,0
WBGene00007076.,0,0,0
WBGene00007077.,7,1,8
WBGene00007078.,0,0,0
WBGene00007079.,0,0,0
WBGene00007080.,1,3,4
WBGene00007081.,1,3,4
WBGene00007082.,1,31,32
WBGene00007083.,0,2,2
WBGene00007085.,0,297,297
WBGene00007087.,58,1107,1165
WBGene00007088.,128,2499,2627
WBGene00007089.,134,1736,1870
WBGene00007090.,29,749,778
WBGene00007091.,643,6571,7214
WBGene00007092.,34,259,293
WBGene00007093.,7,760,767
WBGene00007094.,204,651,855
WBGene00007096.,80,956,1036
WBGene00007097.,7,22,29
WBGene00007099.,388,7852,8240
WBGene00007100.,20,999,1019
WBGene00007101.,63,4393,4456
WBGene00007102.,25,262,287
WBGene00007103.,150,1070,1220
WBGene00007104.,133,1413,1546
WBGene00007105.,195,4518,4713
WBGene00007106.,159,3131,3290
WBGene00007107.,1113,16153,17266
WBGene00007108.,184,3172,3356
WBGene00007109.,6,209,215
WBGene00007110.,151,3023,3174
WBGene00007111.,119,3056,3175
WBGene00007112.,39,242,281
WBGene00007113.,145,4126,4271
WBGene00007114.,52,293,345
WBGene00007115.,91,220,311
WBGene00007116.,52,236,288
WBGene00007117.,11,74,85
WBGene00007118.,97,1200,1297
WBGene00007119.,164,1234,1398
WBGene00007120.,2,83,85
WBGene00007121.,77,241,318
WBGene00007122.,308,19062,19370
WBGene00007123.,0,0,0
WBGene00007124.,41,128,169
WBGene00007125.,0,1,1
WBGene00007126.,230,1723,1953
WBGene00007127.,5,4,9
WBGene00007128.,92,833,925
WBGene00007129.,61,10037,10098
WBGene00007130.,47,194,241
WBGene00007131.,20,53,73
WBGene00007132.,6,42,48
WBGene00007133.,30,590,620
WBGene00007134.,10,5,15
WBGene00007135.,374,1915,2289
WBGene00007136.,232,2354,2586
WBGene00007137.,151,2688,2839
WBGene00007138.,69,536,605
WBGene00007139.,493,6394,6887
WBGene00007140.,6,37,43
WBGene00007141.,0,47,47
WBGene00007142.,337,5961,6298
WBGene00007143.,52,1440,1492
WBGene00007144.,46,1637,1683
WBGene00007145.,25,1241,1266
WBGene00007146.,13,171,184
WBGene00007147.,1,5,6
WBGene00007148.,7,7,14
WBGene00007149.,0,49,49
WBGene00007150.,16,2154,2170
WBGene00007151.,9,4,13
WBGene00007152.,1,13,14
WBGene00007153.,0,55,55
WBGene00007154.,41,326,367
WBGene00007155.,938,18557,19495
WBGene00007156.,1,4,5
WBGene00007158.,0,10,10
WBGene00007159.,2,21,23
WBGene00007160.,1,1,2
WBGene00007161.,0,0,0
WBGene00007162.,105,252,357
WBGene00007163.,1,3,4
WBGene00007164.,3,34,37
WBGene00007165.,134,161,295
WBGene00007166.,9,383,392
WBGene00007167.,273,1696,1969
WBGene00007168.,13,1113,1126
WBGene00007169.,14,32,46
WBGene00007170.,27,357,384
WBGene00007171.,9,112,121
WBGene00007172.,11,152,163
WBGene00007173.,0,0,0
WBGene00007174.,36,641,677
WBGene00007175.,93,2127,2220
WBGene00007176.,1046,1040,2086
WBGene00007177.,9,75,84
WBGene00007178.,6,576,582
WBGene00007179.,0,4,4
WBGene00007180.,79,1166,1245
WBGene00007181.,5,2,7
WBGene00007182.,0,1,1
WBGene00007183.,3,153,156
WBGene00007184.,323,7726,8049
WBGene00007185.,120,920,1040
WBGene00007186.,42,1734,1776
WBGene00007187.,59,446,505
WBGene00007188.,137,1338,1475
WBGene00007189.,46,741,787
WBGene00007190.,4,39,43
WBGene00007191.,38,178,216
WBGene00007192.,1219,18146,19365
WBGene00007193.,162,1636,1798
WBGene00007194.,22,1892,1914
WBGene00007195.,235,2050,2285
WBGene00007196.,287,817,1104
WBGene00007197.,1425,13370,14795
WBGene00007198.,15,31,46
WBGene00007199.,4,6,10
WBGene00007200.,219,1277,1496
WBGene00007201.,0,263,263
WBGene00007202.,24,508,532
WBGene00007203.,6,311,317
WBGene00007204.,2,12,14
WBGene00007206.,0,0,0
WBGene00007207.,208,2472,2680
WBGene00007208.,0,0,0
WBGene00007209.,1,0,1
WBGene00007210.,41,173,214
WBGene00007211.,4,1,5
WBGene00007212.,19,66,85
WBGene00007213.,29,667,696
WBGene00007214.,368,2213,2581
WBGene00007215.,161,3018,3179
WBGene00007216.,495,1632,2127
WBGene00007217.,266,5662,5928
WBGene00007218.,51,3,54
WBGene00007219.,40,1797,1837
WBGene00007220.,2,14,16
WBGene00007221.,123,860,983
WBGene00007222.,5,67,72
WBGene00007223.,494,11515,12009
WBGene00007224.,14,82,96
WBGene00007225.,0,55,55
WBGene00007226.,167,1472,1639
WBGene00007227.,438,10898,11336
WBGene00007228.,32,185,217
WBGene00007229.,36,94,130
WBGene00007230.,6,15,21
WBGene00007231.,54,84,138
WBGene00007232.,29,193,222
WBGene00007233.,48,1389,1437
WBGene00007234.,0,1103,1103
WBGene00007235.,684,19468,20152
WBGene00007236.,4,632,636
WBGene00007237.,133,675,808
WBGene00007238.,0,0,0
WBGene00007239.,0,0,0
WBGene00007240.,228,2074,2302
WBGene00007241.,41,239,280
WBGene00007242.,49,667,716
WBGene00007243.,0,16,16
WBGene00007244.,0,4,4
WBGene00007245.,0,0,0
WBGene00007246.,0,16,16
WBGene00007247.,22,111,133
WBGene00007248.,2,15,17
WBGene00007249.,0,2,2
WBGene00007250.,1,2,3
WBGene00007251.,0,1,1
WBGene00007252.,53,280,333
WBGene00007253.,37,344,381
WBGene00007254.,34,81,115
WBGene00007255.,20,138,158
WBGene00007256.,2868,6514,9382
WBGene00007257.,976,3624,4600
WBGene00007258.,107,952,1059
WBGene00007259.,6,7,13
WBGene00007260.,559,978,1537
WBGene00007261.,244,5432,5676
WBGene00007262.,22,98,120
WBGene00007264.,10,67,77
WBGene00007265.,0,9,9
WBGene00007266.,82,1708,1790
WBGene00007267.,54,608,662
WBGene00007268.,14,108,122
WBGene00007269.,9,9,18
WBGene00007270.,43,1273,1316
WBGene00007271.,76,353,429
WBGene00007273.,49,21,70
WBGene00007274.,5,48,53
WBGene00007275.,133,222,355
WBGene00007277.,16,79,95
WBGene00007278.,2,35,37
WBGene00007279.,3,1,4
WBGene00007281.,3,96,99
WBGene00007282.,7,37,44
WBGene00007283.,1,1,2
WBGene00007284.,268,1012,1280
WBGene00007285.,16,197,213
WBGene00007286.,22,265,287
WBGene00007287.,38,616,654
WBGene00007288.,3,30,33
WBGene00007289.,0,0,0
WBGene00007290.,0,0,0
WBGene00007291.,0,0,0
WBGene00007292.,1,18,19
WBGene00007293.,0,1,1
WBGene00007294.,0,0,0
WBGene00007295.,19,234,253
WBGene00007296.,85,3539,3624
WBGene00007297.,73,466,539
WBGene00007299.,11,485,496
WBGene00007300.,0,0,0
WBGene00007301.,1021805,102,1021907
WBGene00007302.,71,1808,1879
WBGene00007303.,21,190,211
WBGene00007304.,83,413,496
WBGene00007305.,1,11,12
WBGene00007306.,2,2,4
WBGene00007307.,0,9,9
WBGene00007308.,0,1,1
WBGene00007309.,2,13,15
WBGene00007310.,9,12,21
WBGene00007311.,6,6,12
WBGene00007312.,14,1723,1737
WBGene00007313.,1,2,3
WBGene00007314.,23,31,54
WBGene00007315.,1,1,2
WBGene00007316.,267,1709,1976
WBGene00007317.,65,5245,5310
WBGene00007319.,6,2,8
WBGene00007320.,0,1,1
WBGene00007321.,55,958,1013
WBGene00007322.,11,22,33
WBGene00007323.,10,23,33
WBGene00007324.,576,5258,5834
WBGene00007325.,4,53,57
WBGene00007326.,13,46,59
WBGene00007327.,13,70,83
WBGene00007328.,6,9,15
WBGene00007329.,131,1266,1397
WBGene00007330.,693,38036,38729
WBGene00007331.,206,1231,1437
WBGene00007332.,6,547,553
WBGene00007333.,266,2034,2300
WBGene00007334.,57,426,483
WBGene00007335.,1,1,2
WBGene00007336.,13,103,116
WBGene00007337.,0,17,17
WBGene00007338.,26,152,178
WBGene00007339.,12,131,143
WBGene00007340.,12,27,39
WBGene00007341.,0,0,0
WBGene00007342.,0,0,0
WBGene00007343.,19,321,340
WBGene00007344.,11,101,112
WBGene00007345.,37,248,285
WBGene00007346.,9,78,87
WBGene00007347.,36,106,142
WBGene00007348.,98,532,630
WBGene00007349.,126,1083,1209
WBGene00007350.,1159,29657,30816
WBGene00007351.,43,65,108
WBGene00007352.,439,9952,10391
WBGene00007353.,728,8255,8983
WBGene00007354.,13,70,83
WBGene00007355.,0,12562,12562
WBGene00007356.,0,2,2
WBGene00007357.,269,1673,1942
WBGene00007358.,5,29,34
WBGene00007359.,2,3,5
WBGene00007360.,7,13,20
WBGene00007361.,11,7,18
WBGene00007362.,35,143,178
WBGene00007363.,59,2320,2379
WBGene00007364.,2,19,21
WBGene00007365.,482,12841,13323
WBGene00007366.,251,556,807
WBGene00007367.,43,740,783
WBGene00007368.,4,14,18
WBGene00007369.,0,3,3
WBGene00007370.,2,0,2
WBGene00007372.,12,68,80
WBGene00007373.,0,0,0
WBGene00007374.,7,41,48
WBGene00007375.,77,314,391
WBGene00007376.,2,3,5
WBGene00007377.,1,47,48
WBGene00007378.,14,33,47
WBGene00007379.,2,0,2
WBGene00007380.,0,5,5
WBGene00007381.,1,3,4
WBGene00007382.,1,35,36
WBGene00007383.,1,2,3
WBGene00007384.,4,219,223
WBGene00007385.,5280,99584,104864
WBGene00007386.,210,2694,2904
WBGene00007387.,177,851,1028
WBGene00007388.,86,910,996
WBGene00007389.,46,531,577
WBGene00007390.,25,4732,4757
WBGene00007391.,0,27,27
WBGene00007392.,0,17,17
WBGene00007393.,1,6,7
WBGene00007394.,16,46,62
WBGene00007395.,67,593,660
WBGene00007396.,100,929,1029
WBGene00007397.,10,100,110
WBGene00007398.,1,15,16
WBGene00007399.,12,24,36
WBGene00007400.,121,4103,4224
WBGene00007401.,0,0,0
WBGene00007402.,95,1004,1099
WBGene00007403.,96,909,1005
WBGene00007404.,8,3,11
WBGene00007405.,260,4848,5108
WBGene00007406.,4,4,8
WBGene00007407.,6,12,18
WBGene00007408.,11,206,217
WBGene00007409.,59,268,327
WBGene00007410.,36,37,73
WBGene00007411.,14,390,404
WBGene00007412.,66,1651,1717
WBGene00007413.,456,4394,4850
WBGene00007414.,39,346,385
WBGene00007415.,8,41,49
WBGene00007416.,50,149,199
WBGene00007417.,54,1076,1130
WBGene00007418.,13,33,46
WBGene00007419.,446,3509,3955
WBGene00007420.,2,155,157
WBGene00007421.,94,1091,1185
WBGene00007422.,5,58,63
WBGene00007423.,0,2,2
WBGene00007424.,2,31,33
WBGene00007425.,4,110,114
WBGene00007426.,4,11,15
WBGene00007427.,6,1,7
WBGene00007428.,306,2993,3299
WBGene00007429.,213,4518,4731
WBGene00007430.,16,436,452
WBGene00007431.,3,20,23
WBGene00007432.,1,2,3
WBGene00007433.,245,4827,5072
WBGene00007434.,9,733,742
WBGene00007435.,15,700,715
WBGene00007436.,7,1028,1035
WBGene00007437.,2,24,26
WBGene00007438.,2,1,3
WBGene00007439.,3,39,42
WBGene00007440.,5,42,47
WBGene00007441.,0,0,0
WBGene00007442.,0,10,10
WBGene00007443.,1192,18367,19559
WBGene00007444.,113,1852,1965
WBGene00007445.,18,306,324
WBGene00007446.,1,2,3
WBGene00007447.,0,2,2
WBGene00007448.,2,18,20
WBGene00007449.,1085,17478,18563
WBGene00007450.,1132,10361,11493
WBGene00007451.,0,0,0
WBGene00007452.,1,5,6
WBGene00007453.,0,7,7
WBGene00007454.,0,12,12
WBGene00007455.,27,228,255
WBGene00007456.,0,1,1
WBGene00007457.,0,1,1
WBGene00007458.,0,0,0
WBGene00007459.,0,0,0
WBGene00007460.,5,270,275
WBGene00007461.,0,1,1
WBGene00007462.,14,216,230
WBGene00007463.,185,27694,27879
WBGene00007464.,28,457,485
WBGene00007465.,10,73,83
WBGene00007466.,3,26,29
WBGene00007467.,1,65,66
WBGene00007468.,4,3,7
WBGene00007469.,6,30,36
WBGene00007470.,3,54,57
WBGene00007471.,3,41,44
WBGene00007472.,1,2,3
WBGene00007473.,0,0,0
WBGene00007474.,40,1109,1149
WBGene00007475.,0,0,0
WBGene00007476.,8,1921,1929
WBGene00007478.,20,13,33
WBGene00007479.,76,3605,3681
WBGene00007480.,37,155,192
WBGene00007481.,0,0,0
WBGene00007482.,6,103,109
WBGene00007483.,2,68,70
WBGene00007484.,1,34,35
WBGene00007485.,9,10,19
WBGene00007486.,370,636,1006
WBGene00007487.,58,1168,1226
WBGene00007488.,92,1780,1872
WBGene00007489.,0,3,3
WBGene00007490.,91,722,813
WBGene00007492.,671,6406,7077
WBGene00007493.,31,1603,1634
WBGene00007494.,7,19,26
WBGene00007495.,76,481,557
WBGene00007496.,3,5,8
WBGene00007497.,1,2,3
WBGene00007499.,238,476,714
WBGene00007500.,192,2928,3120
WBGene00007502.,55,215,270
WBGene00007503.,7,29,36
WBGene00007504.,18,738,756
WBGene00007505.,532,3575,4107
WBGene00007506.,11,60,71
WBGene00007507.,5,54,59
WBGene00007508.,0,5,5
WBGene00007509.,12,33,45
WBGene00007511.,84,1201,1285
WBGene00007512.,2,1,3
WBGene00007513.,27,130,157
WBGene00007514.,152,4887,5039
WBGene00007515.,8,105,113
WBGene00007516.,32,811,843
WBGene00007517.,1,66,67
WBGene00007518.,10,112,122
WBGene00007520.,154,1936,2090
WBGene00007521.,9,20,29
WBGene00007522.,156,198,354
WBGene00007523.,0,1,1
WBGene00007525.,10,170,180
WBGene00007528.,38,432,470
WBGene00007529.,69,1075,1144
WBGene00007530.,15,85,100
WBGene00007531.,75,1319,1394
WBGene00007533.,79,421,500
WBGene00007534.,91,9480,9571
WBGene00007535.,0,2,2
WBGene00007536.,9,86,95
WBGene00007537.,5,576,581
WBGene00007538.,2,21,23
WBGene00007539.,0,0,0
WBGene00007540.,0,11,11
WBGene00007541.,8,699,707
WBGene00007542.,0,18,18
WBGene00007543.,0,48,48
WBGene00007544.,6,246,252
WBGene00007545.,109,369,478
WBGene00007546.,100,694,794
WBGene00007547.,162,1245,1407
WBGene00007548.,58,448,506
WBGene00007549.,33,369,402
WBGene00007550.,31,179,210
WBGene00007551.,115,2604,2719
WBGene00007552.,21,337,358
WBGene00007553.,2,754,756
WBGene00007554.,351,5096,5447
WBGene00007555.,12,9358,9370
WBGene00007556.,87,1298,1385
WBGene00007557.,6,75,81
WBGene00007558.,4,53,57
WBGene00007559.,0,4,4
WBGene00007560.,7,65,72
WBGene00007561.,35,1306,1341
WBGene00007562.,167,692,859
WBGene00007563.,4,94,98
WBGene00007564.,17,6718,6735
WBGene00007565.,2,3,5
WBGene00007567.,0,0,0
WBGene00007569.,0,0,0
WBGene00007570.,4,0,4
WBGene00007571.,0,0,0
WBGene00007572.,1,1,2
WBGene00007573.,33,1565,1598
WBGene00007574.,102,2445,2547
WBGene00007576.,105,1643,1748
WBGene00007577.,158,948,1106
WBGene00007578.,3,239,242
WBGene00007579.,106,1796,1902
WBGene00007580.,16,214,230
WBGene00007581.,39,1020,1059
WBGene00007583.,506,2374,2880
WBGene00007584.,7,27,34
WBGene00007585.,54,409,463
WBGene00007586.,60,6198,6258
WBGene00007587.,143,4535,4678
WBGene00007588.,75,6080,6155
WBGene00007589.,6,378,384
WBGene00007590.,290,3821,4111
WBGene00007591.,191,2742,2933
WBGene00007592.,572,4451,5023
WBGene00007593.,318,2213,2531
WBGene00007594.,51,1736,1787
WBGene00007595.,14,159,173
WBGene00007597.,301,435,736
WBGene00007598.,2,6,8
WBGene00007599.,138,686,824
WBGene00007600.,9,636,645
WBGene00007601.,3,6,9
WBGene00007602.,758,1972,2730
WBGene00007603.,55,464,519
WBGene00007604.,4,249,253
WBGene00007605.,13,421,434
WBGene00007606.,46,1304,1350
WBGene00007607.,9,137,146
WBGene00007608.,14,146,160
WBGene00007609.,17,1195,1212
WBGene00007610.,0,0,0
WBGene00007611.,4,17,21
WBGene00007613.,2,7,9
WBGene00007614.,405,853,1258
WBGene00007615.,155,1772,1927
WBGene00007616.,321,4599,4920
WBGene00007617.,465,16127,16592
WBGene00007618.,1,11,12
WBGene00007619.,93,272,365
WBGene00007620.,2970,2673,5643
WBGene00007621.,399,3689,4088
WBGene00007622.,159,444,603
WBGene00007623.,288,3415,3703
WBGene00007624.,6,610,616
WBGene00007625.,189,5197,5386
WBGene00007626.,106,3217,3323
WBGene00007627.,70,1823,1893
WBGene00007628.,264,2902,3166
WBGene00007629.,36,391,427
WBGene00007630.,61,43132,43193
WBGene00007631.,36,20,56
WBGene00007632.,2,28,30
WBGene00007633.,55,25,80
WBGene00007635.,187,415,602
WBGene00007637.,273,312,585
WBGene00007638.,0,0,0
WBGene00007639.,5,17,22
WBGene00007640.,188,1072,1260
WBGene00007641.,1,0,1
WBGene00007642.,0,0,0
WBGene00007643.,12,42,54
WBGene00007644.,4,69,73
WBGene00007645.,559,3724,4283
WBGene00007646.,513,9837,10350
WBGene00007647.,642,3947,4589
WBGene00007648.,0,13,13
WBGene00007649.,0,0,0
WBGene00007650.,14,99,113
WBGene00007651.,113,1136,1249
WBGene00007652.,113,1817,1930
WBGene00007653.,226,6000,6226
WBGene00007654.,7,4,11
WBGene00007655.,63,1,64
WBGene00007656.,2,2,4
WBGene00007657.,3,0,3
WBGene00007658.,5,5,10
WBGene00007659.,0,1,1
WBGene00007660.,1,0,1
WBGene00007661.,2,1,3
WBGene00007662.,1,4,5
WBGene00007664.,160,1992,2152
WBGene00007666.,252,1747,1999
WBGene00007667.,57,388,445
WBGene00007668.,117,2023,2140
WBGene00007669.,8,44,52
WBGene00007670.,44,146,190
WBGene00007672.,2,10,12
WBGene00007673.,0,0,0
WBGene00007674.,0,0,0
WBGene00007675.,61,385,446
WBGene00007676.,1,3,4
WBGene00007677.,0,2,2
WBGene00007678.,2,1,3
WBGene00007679.,81,2918,2999
WBGene00007680.,37,91,128
WBGene00007681.,937,7704,8641
WBGene00007682.,3,21,24
WBGene00007683.,1253,17238,18491
WBGene00007684.,1917,31026,32943
WBGene00007685.,35,108,143
WBGene00007686.,120,14663,14783
WBGene00007687.,13,145,158
WBGene00007688.,2,3,5
WBGene00007689.,21,1231,1252
WBGene00007690.,811,1034,1845
WBGene00007691.,5,23,28
WBGene00007692.,2,14,16
WBGene00007693.,0,4,4
WBGene00007694.,7,71,78
WBGene00007695.,1,28,29
WBGene00007696.,161,12083,12244
WBGene00007697.,168,1065,1233
WBGene00007698.,110,1613,1723
WBGene00007699.,0,0,0
WBGene00007700.,0,0,0
WBGene00007701.,3,9,12
WBGene00007702.,258,943,1201
WBGene00007703.,1139,4150,5289
WBGene00007704.,23,369,392
WBGene00007705.,19,1619,1638
WBGene00007707.,15,1242,1257
WBGene00007708.,0,0,0
WBGene00007709.,0,200,200
WBGene00007710.,30,1161,1191
WBGene00007711.,16,1548,1564
WBGene00007712.,24,8325,8349
WBGene00007713.,0,42,42
WBGene00007714.,0,0,0
WBGene00007715.,0,0,0
WBGene00007716.,0,0,0
WBGene00007717.,4,25,29
WBGene00007718.,5,3045,3050
WBGene00007719.,0,7,7
WBGene00007720.,5,1322,1327
WBGene00007721.,0,2,2
WBGene00007722.,26,342,368
WBGene00007723.,14,19,33
WBGene00007724.,17,11,28
WBGene00007725.,2,11,13
WBGene00007726.,4,14,18
WBGene00007727.,1,5,6
WBGene00007728.,1,20,21
WBGene00007729.,47,845,892
WBGene00007730.,52,1922,1974
WBGene00007731.,5,1638,1643
WBGene00007732.,1,43,44
WBGene00007733.,0,20,20
WBGene00007734.,3,23,26
WBGene00007735.,1,1,2
WBGene00007736.,84,2390,2474
WBGene00007739.,113,60,173
WBGene00007740.,7,3,10
WBGene00007741.,122,844,966
WBGene00007742.,32,32,64
WBGene00007743.,16,105,121
WBGene00007744.,569,883,1452
WBGene00007745.,132,637,769
WBGene00007746.,39,576,615
WBGene00007747.,1,16,17
WBGene00007748.,25,50,75
WBGene00007749.,54,1021,1075
WBGene00007750.,78,1624,1702
WBGene00007751.,31,43,74
WBGene00007752.,429,2593,3022
WBGene00007753.,86,761,847
WBGene00007754.,19,50,69
WBGene00007755.,90,384,474
WBGene00007756.,210,1483,1693
WBGene00007757.,52,84,136
WBGene00007758.,409,2185,2594
WBGene00007759.,3,8,11
WBGene00007760.,55,1027,1082
WBGene00007761.,297,2532,2829
WBGene00007762.,11,598,609
WBGene00007763.,50,234,284
WBGene00007764.,434,2451,2885
WBGene00007765.,9,29,38
WBGene00007766.,6,284,290
WBGene00007767.,0,0,0
WBGene00007768.,4,18,22
WBGene00007769.,1,1,2
WBGene00007770.,0,0,0
WBGene00007771.,3,283,286
WBGene00007772.,94,1623,1717
WBGene00007773.,1,6,7
WBGene00007774.,119,1376,1495
WBGene00007775.,100,188,288
WBGene00007776.,41,289,330
WBGene00007777.,4,2,6
WBGene00007778.,3,21,24
WBGene00007779.,15,231,246
WBGene00007780.,18,298,316
WBGene00007784.,135,7134,7269
WBGene00007785.,19,1285,1304
WBGene00007786.,394,11872,12266
WBGene00007787.,27,3709,3736
WBGene00007788.,8,100,108
WBGene00007789.,14,99,113
WBGene00007791.,6,17,23
WBGene00007792.,0,1,1
WBGene00007793.,0,0,0
WBGene00007794.,0,0,0
WBGene00007795.,0,0,0
WBGene00007796.,32,260,292
WBGene00007797.,23,154,177
WBGene00007798.,3,1,4
WBGene00007799.,297,796,1093
WBGene00007800.,33,68,101
WBGene00007801.,284,1088,1372
WBGene00007802.,65,106,171
WBGene00007804.,1,29,30
WBGene00007805.,0,1,1
WBGene00007806.,9,94,103
WBGene00007807.,7,107,114
WBGene00007808.,7,33,40
WBGene00007809.,2,29,31
WBGene00007810.,14,58,72
WBGene00007811.,19,175,194
WBGene00007812.,311,4378,4689
WBGene00007813.,1,1,2
WBGene00007816.,164,153,317
WBGene00007817.,121,290,411
WBGene00007818.,180,279,459
WBGene00007819.,19,533,552
WBGene00007820.,291,2750,3041
WBGene00007821.,70,228,298
WBGene00007822.,14,16,30
WBGene00007823.,16,68,84
WBGene00007824.,3127,8506,11633
WBGene00007825.,40,816,856
WBGene00007826.,25,2490,2515
WBGene00007827.,132,2039,2171
WBGene00007829.,1,0,1
WBGene00007831.,0,7,7
WBGene00007832.,0,9,9
WBGene00007833.,2,4,6
WBGene00007834.,2,0,2
WBGene00007835.,10,53,63
WBGene00007836.,16,2612,2628
WBGene00007837.,56,492,548
WBGene00007838.,0,16,16
WBGene00007840.,114,14,128
WBGene00007841.,44,1168,1212
WBGene00007842.,0,8,8
WBGene00007844.,10,14,24
WBGene00007846.,57,808,865
WBGene00007847.,54,630,684
WBGene00007848.,611,11142,11753
WBGene00007849.,113,414,527
WBGene00007850.,1,4,5
WBGene00007851.,2,55,57
WBGene00007852.,0,1,1
WBGene00007853.,0,6,6
WBGene00007854.,131,294,425
WBGene00007855.,0,1750,1750
WBGene00007856.,16,483,499
WBGene00007857.,2,41,43
WBGene00007858.,7,54,61
WBGene00007859.,138,4635,4773
WBGene00007860.,704,3325,4029
WBGene00007861.,5,51,56
WBGene00007862.,100,330,430
WBGene00007863.,9,3,12
WBGene00007864.,0,5,5
WBGene00007865.,0,2,2
WBGene00007866.,0,0,0
WBGene00007867.,5,25,30
WBGene00007868.,3,919,922
WBGene00007869.,1,63,64
WBGene00007870.,3,13,16
WBGene00007871.,0,0,0
WBGene00007872.,0,0,0
WBGene00007873.,0,0,0
WBGene00007874.,0,24,24
WBGene00007875.,2,81,83
WBGene00007876.,0,1,1
WBGene00007877.,588,5663,6251
WBGene00007878.,253,527,780
WBGene00007880.,2836,23632,26468
WBGene00007881.,68,2543,2611
WBGene00007882.,182,6767,6949
WBGene00007883.,143,4401,4544
WBGene00007885.,87,475,562
WBGene00007886.,175,669,844
WBGene00007887.,0,0,0
WBGene00007888.,20,60,80
WBGene00007889.,9,0,9
WBGene00007890.,27,220,247
WBGene00007891.,6,92,98
WBGene00007892.,166,2568,2734
WBGene00007893.,9,4,13
WBGene00007894.,2,26,28
WBGene00007895.,0,3,3
WBGene00007896.,9,8,17
WBGene00007897.,5,34,39
WBGene00007898.,18,295,313
WBGene00007899.,110,474,584
WBGene00007900.,164,1059,1223
WBGene00007901.,14,1037,1051
WBGene00007902.,0,33,33
WBGene00007903.,17,177,194
WBGene00007904.,17,24,41
WBGene00007905.,4,7,11
WBGene00007906.,65,809,874
WBGene00007907.,1639,9509,11148
WBGene00007908.,192,597,789
WBGene00007909.,134,171,305
WBGene00007910.,5,12,17
WBGene00007911.,7,105,112
WBGene00007912.,96,1325,1421
WBGene00007913.,129,580,709
WBGene00007914.,160,1720,1880
WBGene00007916.,16,796,812
WBGene00007917.,185,1657,1842
WBGene00007918.,65,1144,1209
WBGene00007919.,186,1164,1350
WBGene00007920.,0,0,0
WBGene00007921.,236,2240,2476
WBGene00007922.,261,1517,1778
WBGene00007923.,408,3353,3761
WBGene00007924.,397,15096,15493
WBGene00007925.,133,2027,2160
WBGene00007926.,49,148,197
WBGene00007927.,566,9970,10536
WBGene00007928.,6,46,52
WBGene00007929.,74,454,528
WBGene00007931.,42,486,528
WBGene00007932.,50,254,304
WBGene00007933.,25,337,362
WBGene00007934.,72,2333,2405
WBGene00007935.,74,103,177
WBGene00007937.,3,8,11
WBGene00007938.,25,797,822
WBGene00007939.,24,205,229
WBGene00007941.,78,373,451
WBGene00007942.,83,3541,3624
WBGene00007943.,42,1404,1446
WBGene00007944.,186,1690,1876
WBGene00007945.,9,72,81
WBGene00007946.,1,36,37
WBGene00007947.,86,858,944
WBGene00007948.,3,0,3
WBGene00007949.,7,162,169
WBGene00007950.,592,3240,3832
WBGene00007951.,181,562,743
WBGene00007952.,142,3845,3987
WBGene00007953.,142,416,558
WBGene00007954.,2,9,11
WBGene00007955.,205,7640,7845
WBGene00007956.,80,830,910
WBGene00007957.,12,127,139
WBGene00007958.,233,1185,1418
WBGene00007959.,76,720,796
WBGene00007960.,1,2,3
WBGene00007961.,0,3,3
WBGene00007962.,2,0,2
WBGene00007963.,2,9,11
WBGene00007964.,21,65,86
WBGene00007965.,28,654,682
WBGene00007966.,8,297,305
WBGene00007967.,35,348,383
WBGene00007969.,44,4321,4365
WBGene00007970.,29,289,318
WBGene00007971.,264,5367,5631
WBGene00007972.,168,1539,1707
WBGene00007973.,2,8,10
WBGene00007974.,124,2399,2523
WBGene00007975.,139,1698,1837
WBGene00007976.,50,930,980
WBGene00007977.,1,15,16
WBGene00007978.,40,679,719
WBGene00007979.,54,1082,1136
WBGene00007980.,243,7686,7929
WBGene00007981.,155,3631,3786
WBGene00007982.,204,1761,1965
WBGene00007983.,159,976,1135
WBGene00007984.,151,1717,1868
WBGene00007985.,120,185,305
WBGene00007986.,1,3,4
WBGene00007987.,0,0,0
WBGene00007988.,29,138,167
WBGene00007989.,3,38,41
WBGene00007990.,0,20,20
WBGene00007991.,43,467,510
WBGene00007992.,0,27,27
WBGene00007993.,162,10094,10256
WBGene00007994.,100,699,799
WBGene00007995.,1,1,2
WBGene00007996.,7,13,20
WBGene00007997.,50,52,102
WBGene00007998.,6,6,12
WBGene00007999.,48,587,635
WBGene00008000.,109,2059,2168
WBGene00008001.,2,2,4
WBGene00008002.,49,338,387
WBGene00008003.,14,284,298
WBGene00008005.,24,351,375
WBGene00008006.,268,1370,1638
WBGene00008007.,7,52,59
WBGene00008008.,165,561,726
WBGene00008009.,0,3,3
WBGene00008010.,6,23,29
WBGene00008012.,0,1,1
WBGene00008013.,0,1,1
WBGene00008014.,1,0,1
WBGene00008015.,3,0,3
WBGene00008016.,0,1,1
WBGene00008017.,1,0,1
WBGene00008018.,141,513,654
WBGene00008019.,62,1933,1995
WBGene00008020.,5,116,121
WBGene00008021.,16,204,220
WBGene00008022.,103,793,896
WBGene00008023.,5,320,325
WBGene00008024.,2,9,11
WBGene00008025.,9,275,284
WBGene00008026.,8,3,11
WBGene00008027.,10,273,283
WBGene00008028.,23,435,458
WBGene00008029.,0,2,2
WBGene00008030.,1,4,5
WBGene00008031.,18,61,79
WBGene00008032.,303,2599,2902
WBGene00008033.,48,357,405
WBGene00008034.,289,6076,6365
WBGene00008035.,37,2119,2156
WBGene00008036.,2,4,6
WBGene00008037.,11,26,37
WBGene00008038.,4,7,11
WBGene00008039.,43,667,710
WBGene00008040.,575,9329,9904
WBGene00008041.,486,9157,9643
WBGene00008042.,5,21,26
WBGene00008043.,21,133,154
WBGene00008044.,3,3,6
WBGene00008045.,136,235,371
WBGene00008047.,26,80,106
WBGene00008048.,0,1,1
WBGene00008050.,47,1617,1664
WBGene00008051.,54,277,331
WBGene00008052.,57,985,1042
WBGene00008053.,188,4913,5101
WBGene00008054.,30,23,53
WBGene00008055.,1,3,4
WBGene00008056.,0,1,1
WBGene00008057.,0,2,2
WBGene00008058.,0,0,0
WBGene00008059.,0,0,0
WBGene00008060.,0,0,0
WBGene00008061.,14,162,176
WBGene00008062.,26,160,186
WBGene00008063.,13,50,63
WBGene00008064.,6472,200,6672
WBGene00008065.,37,283,320
WBGene00008066.,2,112,114
WBGene00008067.,1,2,3
WBGene00008068.,0,1,1
WBGene00008069.,0,3,3
WBGene00008070.,0,35,35
WBGene00008071.,2,1,3
WBGene00008072.,4,50,54
WBGene00008073.,1,271,272
WBGene00008074.,3,13,16
WBGene00008075.,19,308,327
WBGene00008076.,72,857,929
WBGene00008077.,2,57,59
WBGene00008078.,44,668,712
WBGene00008079.,7,14,21
WBGene00008080.,1,56,57
WBGene00008081.,195,1115,1310
WBGene00008082.,81,299,380
WBGene00008083.,12,14,26
WBGene00008084.,0,21,21
WBGene00008085.,29,619,648
WBGene00008086.,3,51,54
WBGene00008087.,0,0,0
WBGene00008088.,0,1,1
WBGene00008089.,85,1213,1298
WBGene00008090.,0,0,0
WBGene00008091.,7,32,39
WBGene00008092.,2,1,3
WBGene00008093.,31,38,69
WBGene00008094.,567,761,1328
WBGene00008095.,1,63,64
WBGene00008096.,9,273,282
WBGene00008097.,0,8,8
WBGene00008098.,12,46,58
WBGene00008099.,15,72,87
WBGene00008100.,174,1030,1204
WBGene00008101.,3,28,31
WBGene00008102.,1,21,22
WBGene00008104.,0,0,0
WBGene00008105.,2,7,9
WBGene00008106.,4,10,14
WBGene00008107.,39,1623,1662
WBGene00008110.,405,8214,8619
WBGene00008111.,10,25,35
WBGene00008112.,3,10,13
WBGene00008113.,11,26,37
WBGene00008114.,9,181,190
WBGene00008117.,55,5017,5072
WBGene00008118.,256,1182,1438
WBGene00008119.,597,2457,3054
WBGene00008120.,810,2767,3577
WBGene00008121.,135,2911,3046
WBGene00008122.,0,0,0
WBGene00008123.,6,52,58
WBGene00008124.,3,13,16
WBGene00008125.,0,0,0
WBGene00008126.,0,0,0
WBGene00008127.,19,27,46
WBGene00008128.,11,121,132
WBGene00008129.,3,6,9
WBGene00008130.,9,222,231
WBGene00008131.,105,1969,2074
WBGene00008132.,3750,2183,5933
WBGene00008133.,136,137,273
WBGene00008134.,206,2166,2372
WBGene00008135.,0,0,0
WBGene00008136.,117,2238,2355
WBGene00008137.,1,28,29
WBGene00008138.,0,15,15
WBGene00008139.,16,146,162
WBGene00008140.,905,556,1461
WBGene00008141.,4,10,14
WBGene00008142.,53,556,609
WBGene00008143.,157,2272,2429
WBGene00008144.,45,775,820
WBGene00008145.,99,363,462
WBGene00008146.,11,24,35
WBGene00008147.,253,3903,4156
WBGene00008148.,28,685,713
WBGene00008149.,412,31065,31477
WBGene00008150.,20,58,78
WBGene00008151.,241,7744,7985
WBGene00008152.,54,1148,1202
WBGene00008153.,15,9,24
WBGene00008154.,2,4,6
WBGene00008155.,7,30,37
WBGene00008156.,4,5,9
WBGene00008157.,0,0,0
WBGene00008158.,3,0,3
WBGene00008159.,1,0,1
WBGene00008160.,0,0,0
WBGene00008161.,2,8,10
WBGene00008162.,1,1,2
WBGene00008163.,0,0,0
WBGene00008164.,47,4038,4085
WBGene00008165.,43,1462,1505
WBGene00008166.,59,1546,1605
WBGene00008167.,20,93,113
WBGene00008168.,55,923,978
WBGene00008169.,11,178,189
WBGene00008170.,24,384,408
WBGene00008171.,8,99,107
WBGene00008172.,8,185,193
WBGene00008173.,13,556,569
WBGene00008174.,19,172,191
WBGene00008175.,0,8,8
WBGene00008176.,7,29,36
WBGene00008177.,60,458,518
WBGene00008178.,129,49,178
WBGene00008179.,0,0,0
WBGene00008180.,20,308,328
WBGene00008183.,1547,2255,3802
WBGene00008184.,1,26,27
WBGene00008185.,10,3,13
WBGene00008186.,6,8,14
WBGene00008187.,59,24,83
WBGene00008188.,3,4,7
WBGene00008190.,53,39,92
WBGene00008191.,438,21020,21458
WBGene00008192.,0,1,1
WBGene00008193.,2,56,58
WBGene00008194.,24,96,120
WBGene00008195.,113,937,1050
WBGene00008196.,0,90,90
WBGene00008197.,45,539,584
WBGene00008198.,60,2153,2213
WBGene00008199.,3,40,43
WBGene00008200.,1,16,17
WBGene00008201.,1,8,9
WBGene00008202.,0,43,43
WBGene00008203.,152,1076,1228
WBGene00008204.,30,751,781
WBGene00008205.,1673,50379,52052
WBGene00008206.,168,1103,1271
WBGene00008207.,7,33,40
WBGene00008208.,11,68,79
WBGene00008209.,11,30,41
WBGene00008210.,22,211,233
WBGene00008211.,30,887,917
WBGene00008212.,17,237,254
WBGene00008213.,32,324,356
WBGene00008214.,143,1124,1267
WBGene00008215.,20,4053,4073
WBGene00008216.,24,78,102
WBGene00008217.,2,1,3
WBGene00008218.,22,3418,3440
WBGene00008219.,29,1282,1311
WBGene00008220.,0,71,71
WBGene00008221.,73,1161,1234
WBGene00008222.,21,207,228
WBGene00008223.,5,1,6
WBGene00008224.,310,3944,4254
WBGene00008225.,58,2014,2072
WBGene00008226.,37,279,316
WBGene00008227.,59,263,322
WBGene00008228.,4,134,138
WBGene00008229.,7,345,352
WBGene00008230.,69,151,220
WBGene00008231.,3,18,21
WBGene00008232.,27,673,700
WBGene00008233.,14,839,853
WBGene00008234.,7,36,43
WBGene00008235.,15,34,49
WBGene00008236.,62,527,589
WBGene00008237.,138,2433,2571
WBGene00008238.,84,1287,1371
WBGene00008239.,2,25,27
WBGene00008240.,0,7,7
WBGene00008241.,1,2,3
WBGene00008242.,1,29,30
WBGene00008243.,4,12,16
WBGene00008244.,0,4,4
WBGene00008245.,1,21,22
WBGene00008246.,0,7,7
WBGene00008247.,293,116,409
WBGene00008248.,4,52,56
WBGene00008249.,11,32,43
WBGene00008250.,10,18,28
WBGene00008251.,13,37,50
WBGene00008252.,17,168,185
WBGene00008253.,1,65,66
WBGene00008254.,368,1658,2026
WBGene00008255.,31,336,367
WBGene00008256.,42,239,281
WBGene00008257.,3,28,31
WBGene00008258.,38,1315,1353
WBGene00008259.,3,13,16
WBGene00008260.,29,450,479
WBGene00008261.,6,51,57
WBGene00008262.,1827,100194,102021
WBGene00008263.,295,419,714
WBGene00008265.,165,303,468
WBGene00008266.,70,1300,1370
WBGene00008267.,6,118,124
WBGene00008268.,1,0,1
WBGene00008269.,2,96,98
WBGene00008270.,185,466,651
WBGene00008271.,13,9,22
WBGene00008272.,47,41,88
WBGene00008273.,171,789,960
WBGene00008274.,680,4712,5392
WBGene00008275.,85,850,935
WBGene00008277.,17,23,40
WBGene00008278.,166,202,368
WBGene00008279.,23,3,26
WBGene00008280.,26,159,185
WBGene00008281.,49,970,1019
WBGene00008282.,3,1,4
WBGene00008283.,130,1061,1191
WBGene00008284.,156,1123,1279
WBGene00008285.,36,10,46
WBGene00008286.,6,5,11
WBGene00008287.,79,736,815
WBGene00008288.,119,1507,1626
WBGene00008289.,0,3,3
WBGene00008290.,6,23,29
WBGene00008291.,0,10,10
WBGene00008292.,55,934,989
WBGene00008293.,3,0,3
WBGene00008294.,0,3,3
WBGene00008295.,0,0,0
WBGene00008296.,18,225,243
WBGene00008297.,5,8,13
WBGene00008298.,308,5849,6157
WBGene00008299.,5,6,11
WBGene00008300.,23,474,497
WBGene00008301.,8,11,19
WBGene00008302.,4,29,33
WBGene00008303.,11,69,80
WBGene00008304.,10,83,93
WBGene00008306.,0,2,2
WBGene00008307.,211,463,674
WBGene00008308.,1,0,1
WBGene00008309.,12,43,55
WBGene00008310.,162,2006,2168
WBGene00008311.,157,2541,2698
WBGene00008312.,6,2,8
WBGene00008313.,2,8,10
WBGene00008314.,26,77,103
WBGene00008315.,162,1253,1415
WBGene00008316.,88,740,828
WBGene00008317.,84,1028,1112
WBGene00008318.,13,692,705
WBGene00008319.,0,0,0
WBGene00008320.,27,187,214
WBGene00008321.,4,0,4
WBGene00008322.,0,20,20
WBGene00008323.,14,597,611
WBGene00008324.,0,40,40
WBGene00008325.,4,9,13
WBGene00008326.,0,0,0
WBGene00008327.,0,5,5
WBGene00008328.,1,0,1
WBGene00008330.,45,1881,1926
WBGene00008331.,307,3418,3725
WBGene00008332.,72,771,843
WBGene00008333.,20,505,525
WBGene00008334.,140,1048,1188
WBGene00008335.,36,652,688
WBGene00008336.,6,152,158
WBGene00008337.,0,0,0
WBGene00008338.,322,4189,4511
WBGene00008339.,69,1338,1407
WBGene00008340.,1,5,6
WBGene00008341.,7,213,220
WBGene00008342.,64,224,288
WBGene00008343.,22,969,991
WBGene00008344.,184,2018,2202
WBGene00008345.,127,2524,2651
WBGene00008346.,12,70,82
WBGene00008348.,241,606,847
WBGene00008349.,8,26,34
WBGene00008350.,7,23,30
WBGene00008351.,0,3,3
WBGene00008352.,2,13,15
WBGene00008353.,13,796,809
WBGene00008354.,34,629,663
WBGene00008355.,12,100,112
WBGene00008356.,25,47037,47062
WBGene00008357.,21,6602,6623
WBGene00008358.,36,9134,9170
WBGene00008359.,76,18132,18208
WBGene00008360.,6,8873,8879
WBGene00008361.,54,609,663
WBGene00008362.,125,3073,3198
WBGene00008363.,35,572,607
WBGene00008364.,23,1202,1225
WBGene00008365.,10,67,77
WBGene00008366.,319,1616,1935
WBGene00008367.,0,1,1
WBGene00008368.,88,408,496
WBGene00008369.,121,468,589
WBGene00008370.,280,2482,2762
WBGene00008371.,230,1973,2203
WBGene00008372.,1,11,12
WBGene00008373.,5,23,28
WBGene00008374.,1,3,4
WBGene00008375.,19,1753,1772
WBGene00008376.,80,700,780
WBGene00008377.,0,2,2
WBGene00008378.,0,2,2
WBGene00008379.,20,358,378
WBGene00008380.,107,2179,2286
WBGene00008381.,0,1,1
WBGene00008382.,30,339,369
WBGene00008383.,5,30,35
WBGene00008384.,3,172,175
WBGene00008385.,27,506,533
WBGene00008386.,490,6435,6925
WBGene00008387.,14,111,125
WBGene00008388.,91,366,457
WBGene00008389.,104,2575,2679
WBGene00008390.,144,1163,1307
WBGene00008392.,1894,14871,16765
WBGene00008393.,1,4,5
WBGene00008394.,3,1,4
WBGene00008395.,842,11965,12807
WBGene00008396.,0,38,38
WBGene00008397.,1,2,3
WBGene00008398.,593,7255,7848
WBGene00008399.,50,363,413
WBGene00008400.,162,1951,2113
WBGene00008401.,34,139,173
WBGene00008402.,80,1440,1520
WBGene00008403.,42,275,317
WBGene00008404.,29,2496,2525
WBGene00008405.,69,2893,2962
WBGene00008407.,384,1173,1557
WBGene00008408.,67,1841,1908
WBGene00008409.,138,5992,6130
WBGene00008410.,61,1642,1703
WBGene00008411.,94,1940,2034
WBGene00008412.,166,1533,1699
WBGene00008413.,62,1635,1697
WBGene00008414.,603,25298,25901
WBGene00008415.,440,16479,16919
WBGene00008417.,21,475,496
WBGene00008418.,64,400,464
WBGene00008419.,827,4664,5491
WBGene00008420.,416,2865,3281
WBGene00008421.,80,420,500
WBGene00008422.,52,2068,2120
WBGene00008423.,5,48,53
WBGene00008424.,24,326,350
WBGene00008425.,7,37,44
WBGene00008426.,140,827,967
WBGene00008427.,12,78,90
WBGene00008428.,60,2114,2174
WBGene00008429.,111,1287,1398
WBGene00008430.,344,2605,2949
WBGene00008431.,268,966,1234
WBGene00008432.,172,1814,1986
WBGene00008433.,7,2,9
WBGene00008434.,27,1078,1105
WBGene00008435.,57,238,295
WBGene00008436.,356,4177,4533
WBGene00008438.,668,2153,2821
WBGene00008439.,135,765,900
WBGene00008440.,13,346,359
WBGene00008441.,291,1006,1297
WBGene00008442.,266,1415,1681
WBGene00008443.,3213,1767,4980
WBGene00008444.,978,1896,2874
WBGene00008446.,927,10681,11608
WBGene00008447.,42,699,741
WBGene00008448.,1,35,36
WBGene00008449.,17,109,126
WBGene00008450.,31,2414,2445
WBGene00008451.,19,123,142
WBGene00008452.,265,6312,6577
WBGene00008453.,239,1953,2192
WBGene00008454.,15,659,674
WBGene00008455.,191,3375,3566
WBGene00008456.,30,976,1006
WBGene00008457.,100,552,652
WBGene00008458.,186,2148,2334
WBGene00008459.,236,2832,3068
WBGene00008460.,131,139,270
WBGene00008462.,1,12,13
WBGene00008463.,0,19,19
WBGene00008464.,2,2,4
WBGene00008465.,60,1,61
WBGene00008468.,2,2,4
WBGene00008470.,0,0,0
WBGene00008471.,0,1,1
WBGene00008472.,3,0,3
WBGene00008473.,0,1,1
WBGene00008474.,0,0,0
WBGene00008475.,3,42,45
WBGene00008476.,36,201,237
WBGene00008477.,0,24,24
WBGene00008478.,0,1,1
WBGene00008479.,1,0,1
WBGene00008480.,255,8503,8758
WBGene00008481.,38,270,308
WBGene00008482.,2,36,38
WBGene00008483.,3,18,21
WBGene00008484.,26,2525,2551
WBGene00008485.,0,7,7
WBGene00008486.,7,116,123
WBGene00008487.,48,135,183
WBGene00008488.,64,682,746
WBGene00008489.,14,18,32
WBGene00008490.,32,431,463
WBGene00008491.,219,242,461
WBGene00008492.,9,73,82
WBGene00008493.,0,8,8
WBGene00008494.,4,34,38
WBGene00008495.,5,118,123
WBGene00008496.,22,295,317
WBGene00008497.,2,4,6
WBGene00008498.,12,45,57
WBGene00008499.,54,106,160
WBGene00008500.,119,242,361
WBGene00008501.,2,1,3
WBGene00008502.,250,2437,2687
WBGene00008503.,16,437,453
WBGene00008504.,49,1690,1739
WBGene00008505.,506,78026,78532
WBGene00008506.,78,7558,7636
WBGene00008507.,0,2,2
WBGene00008508.,2,5,7
WBGene00008509.,2,266,268
WBGene00008510.,560,5878,6438
WBGene00008511.,19,174,193
WBGene00008512.,14,113,127
WBGene00008513.,222,469,691
WBGene00008514.,58,5145,5203
WBGene00008515.,74,482,556
WBGene00008516.,5,137,142
WBGene00008517.,31,255,286
WBGene00008518.,21,16,37
WBGene00008519.,219,558,777
WBGene00008520.,44,52,96
WBGene00008521.,207,3156,3363
WBGene00008522.,6,969,975
WBGene00008523.,0,0,0
WBGene00008524.,5,3,8
WBGene00008526.,0,12,12
WBGene00008527.,0,0,0
WBGene00008528.,224,2646,2870
WBGene00008529.,12,75,87
WBGene00008530.,251,6043,6294
WBGene00008531.,215,1143,1358
WBGene00008532.,271,4798,5069
WBGene00008533.,365,1341,1706
WBGene00008534.,1,2,3
WBGene00008535.,0,7,7
WBGene00008536.,0,4,4
WBGene00008537.,26,4,30
WBGene00008538.,821,8065,8886
WBGene00008539.,1,5,6
WBGene00008540.,9,4,13
WBGene00008541.,1,5,6
WBGene00008542.,27,52,79
WBGene00008543.,42,471,513
WBGene00008545.,30,46,76
WBGene00008546.,205,2427,2632
WBGene00008547.,307,1632,1939
WBGene00008548.,61,204,265
WBGene00008549.,785,10541,11326
WBGene00008550.,5,5,10
WBGene00008551.,1,16,17
WBGene00008552.,0,1,1
WBGene00008553.,5,136,141
WBGene00008554.,537,14380,14917
WBGene00008555.,1644,3390,5034
WBGene00008556.,10,14,24
WBGene00008557.,83,366,449
WBGene00008558.,8,149,157
WBGene00008559.,4,61,65
WBGene00008560.,1,23,24
WBGene00008561.,10,105,115
WBGene00008563.,2,2871,2873
WBGene00008564.,44,426,470
WBGene00008565.,29,361,390
WBGene00008566.,3,6,9
WBGene00008567.,4,37,41
WBGene00008568.,17,64,81
WBGene00008569.,11,288,299
WBGene00008570.,624,1354,1978
WBGene00008571.,181,622,803
WBGene00008572.,571,12671,13242
WBGene00008574.,3,1,4
WBGene00008575.,27,362,389
WBGene00008576.,0,2048,2048
WBGene00008577.,0,596,596
WBGene00008578.,101,828,929
WBGene00008579.,231,1266,1497
WBGene00008580.,7,104,111
WBGene00008581.,2,1,3
WBGene00008582.,224,7253,7477
WBGene00008583.,145,356,501
WBGene00008584.,28,219,247
WBGene00008585.,81,988,1069
WBGene00008586.,218,4818,5036
WBGene00008587.,35,363,398
WBGene00008588.,22,250,272
WBGene00008589.,168,1036,1204
WBGene00008590.,0,25,25
WBGene00008591.,6,321,327
WBGene00008592.,2,428,430
WBGene00008593.,1,3,4
WBGene00008594.,13,44,57
WBGene00008595.,2,23,25
WBGene00008596.,0,6,6
WBGene00008597.,3,3,6
WBGene00008598.,2,10,12
WBGene00008599.,12,61,73
WBGene00008600.,248,73,321
WBGene00008601.,2584,4498,7082
WBGene00008602.,12,87,99
WBGene00008603.,1445,17445,18890
WBGene00008604.,158,1549,1707
WBGene00008605.,111,955,1066
WBGene00008606.,79,1131,1210
WBGene00008607.,43,471,514
WBGene00008609.,5,18,23
WBGene00008610.,85,2317,2402
WBGene00008611.,0,3,3
WBGene00008612.,23,4,27
WBGene00008613.,7,78,85
WBGene00008615.,0,9,9
WBGene00008616.,3,24,27
WBGene00008617.,0,0,0
WBGene00008618.,1,1,2
WBGene00008619.,1,3,4
WBGene00008620.,0,2,2
WBGene00008621.,12,59,71
WBGene00008622.,296,4311,4607
WBGene00008623.,126,20,146
WBGene00008624.,351,3233,3584
WBGene00008625.,11,53,64
WBGene00008626.,15,274,289
WBGene00008627.,2,2,4
WBGene00008628.,28,4120,4148
WBGene00008629.,17,268,285
WBGene00008630.,3,43,46
WBGene00008631.,0,1,1
WBGene00008632.,0,10,10
WBGene00008633.,0,9,9
WBGene00008634.,1,28,29
WBGene00008635.,8,4,12
WBGene00008636.,3,15,18
WBGene00008637.,0,3,3
WBGene00008638.,0,0,0
WBGene00008639.,62,834,896
WBGene00008640.,3,46,49
WBGene00008641.,27,469,496
WBGene00008642.,13,1525,1538
WBGene00008643.,3,147,150
WBGene00008644.,33,49,82
WBGene00008645.,41,1365,1406
WBGene00008646.,35,817,852
WBGene00008647.,16,217,233
WBGene00008648.,188,1307,1495
WBGene00008649.,1,7,8
WBGene00008650.,1,25,26
WBGene00008651.,0,5,5
WBGene00008652.,10,414,424
WBGene00008654.,32,26,58
WBGene00008655.,33,301,334
WBGene00008656.,15,196,211
WBGene00008657.,0,2,2
WBGene00008658.,1,5,6
WBGene00008659.,0,0,0
WBGene00008660.,0,1,1
WBGene00008661.,2,3,5
WBGene00008662.,33,205,238
WBGene00008663.,18,523,541
WBGene00008664.,23,3213,3236
WBGene00008665.,8823,1049,9872
WBGene00008666.,119,983,1102
WBGene00008667.,143,646,789
WBGene00008669.,83,609,692
WBGene00008670.,384,2223,2607
WBGene00008671.,0,4,4
WBGene00008672.,0,5,5
WBGene00008673.,2,5,7
WBGene00008675.,1,0,1
WBGene00008676.,1,2,3
WBGene00008677.,4,11,15
WBGene00008678.,1,5,6
WBGene00008679.,1,0,1
WBGene00008680.,10,19,29
WBGene00008681.,52,451,503
WBGene00008682.,119,3644,3763
WBGene00008683.,256,2560,2816
WBGene00008684.,49,588,637
WBGene00008685.,148,1236,1384
WBGene00008686.,185,839,1024
WBGene00008687.,53,1479,1532
WBGene00008688.,377,5866,6243
WBGene00008690.,457,3118,3575
WBGene00008691.,56,1188,1244
WBGene00008692.,34,59,93
WBGene00008693.,1,79,80
WBGene00008694.,1777,10254,12031
WBGene00008695.,58,124,182
WBGene00008696.,1,4,5
WBGene00008698.,2,1,3
WBGene00008699.,1,1,2
WBGene00008700.,2,3,5
WBGene00008701.,0,0,0
WBGene00008702.,0,0,0
WBGene00008703.,0,0,0
WBGene00008706.,4928,14064,18992
WBGene00008707.,30,2747,2777
WBGene00008708.,38,71,109
WBGene00008709.,12,24,36
WBGene00008710.,23,1711,1734
WBGene00008711.,51,200,251
WBGene00008712.,18,192,210
WBGene00008713.,81,521,602
WBGene00008714.,19,81,100
WBGene00008716.,0,0,0
WBGene00008717.,2,0,2
WBGene00008719.,25,71,96
WBGene00008720.,357,3913,4270
WBGene00008722.,96,1501,1597
WBGene00008723.,4,7,11
WBGene00008724.,0,1,1
WBGene00008725.,0,2,2
WBGene00008726.,46,191,237
WBGene00008727.,9,45,54
WBGene00008728.,4,30,34
WBGene00008729.,234,6440,6674
WBGene00008730.,5,20,25
WBGene00008731.,16,34,50
WBGene00008732.,21,94,115
WBGene00008733.,66,974,1040
WBGene00008734.,1,6,7
WBGene00008735.,586,2507,3093
WBGene00008736.,34,135,169
WBGene00008737.,5,45,50
WBGene00008739.,9,53,62
WBGene00008740.,5,506,511
WBGene00008741.,56,504,560
WBGene00008742.,40,597,637
WBGene00008743.,14,180,194
WBGene00008744.,220,4496,4716
WBGene00008745.,114,9992,10106
WBGene00008746.,103,337,440
WBGene00008747.,17,147,164
WBGene00008748.,49,2219,2268
WBGene00008749.,57,1167,1224
WBGene00008750.,326,920,1246
WBGene00008751.,0,1,1
WBGene00008752.,0,0,0
WBGene00008753.,0,0,0
WBGene00008754.,12,84,96
WBGene00008755.,8,41,49
WBGene00008757.,1,108,109
WBGene00008758.,2,18,20
WBGene00008759.,0,1,1
WBGene00008760.,27,619,646
WBGene00008761.,54,823,877
WBGene00008762.,5,550,555
WBGene00008763.,96,601,697
WBGene00008764.,54,4098,4152
WBGene00008765.,173,9562,9735
WBGene00008766.,144,1240,1384
WBGene00008767.,53,2282,2335
WBGene00008768.,1424,15049,16473
WBGene00008769.,54,3913,3967
WBGene00008770.,111,2983,3094
WBGene00008772.,1,2,3
WBGene00008773.,16,277,293
WBGene00008774.,34,580,614
WBGene00008775.,155,1554,1709
WBGene00008776.,26,270,296
WBGene00008777.,825,3695,4520
WBGene00008778.,1,44,45
WBGene00008779.,71,249,320
WBGene00008780.,303,1925,2228
WBGene00008781.,222,3572,3794
WBGene00008782.,0,4,4
WBGene00008783.,126,855,981
WBGene00008784.,0,9,9
WBGene00008785.,3,4,7
WBGene00008786.,0,0,0
WBGene00008787.,3,23,26
WBGene00008788.,0,0,0
WBGene00008789.,6,10,16
WBGene00008790.,0,0,0
WBGene00008791.,18,126,144
WBGene00008792.,0,16,16
WBGene00008793.,13,39,52
WBGene00008794.,5,36,41
WBGene00008795.,8,78,86
WBGene00008796.,1,5,6
WBGene00008797.,4,51,55
WBGene00008798.,7,92,99
WBGene00008799.,14,62,76
WBGene00008800.,215,4502,4717
WBGene00008801.,5,28,33
WBGene00008802.,17,60,77
WBGene00008803.,942,5560,6502
WBGene00008804.,35,127,162
WBGene00008805.,128,1805,1933
WBGene00008806.,25,663,688
WBGene00008807.,112,1095,1207
WBGene00008808.,19,20,39
WBGene00008809.,11,5,16
WBGene00008810.,53,122,175
WBGene00008811.,0,1,1
WBGene00008812.,4,1,5
WBGene00008813.,0,4,4
WBGene00008814.,1,0,1
WBGene00008815.,0,1,1
WBGene00008816.,1,0,1
WBGene00008817.,0,0,0
WBGene00008818.,0,5,5
WBGene00008819.,736,1788,2524
WBGene00008820.,38,2725,2763
WBGene00008821.,1,3,4
WBGene00008822.,1,1,2
WBGene00008823.,0,0,0
WBGene00008824.,0,0,0
WBGene00008825.,0,0,0
WBGene00008826.,1,8,9
WBGene00008827.,0,17,17
WBGene00008828.,0,1,1
WBGene00008829.,2,2,4
WBGene00008830.,2,19,21
WBGene00008831.,0,3,3
WBGene00008832.,134,1354,1488
WBGene00008833.,12,895,907
WBGene00008834.,8,313,321
WBGene00008835.,7,183,190
WBGene00008837.,1,2,3
WBGene00008838.,7,42,49
WBGene00008839.,0,1,1
WBGene00008840.,0,164,164
WBGene00008841.,1320,17151,18471
WBGene00008842.,4,4,8
WBGene00008843.,0,0,0
WBGene00008844.,0,6,6
WBGene00008847.,1,4,5
WBGene00008848.,18,386,404
WBGene00008849.,31,5,36
WBGene00008850.,3,3,6
WBGene00008851.,81,750,831
WBGene00008852.,902,7168,8070
WBGene00008853.,3,1,4
WBGene00008854.,16,2,18
WBGene00008855.,3,5,8
WBGene00008856.,884,3015,3899
WBGene00008857.,33,22692,22725
WBGene00008858.,1,25,26
WBGene00008859.,4,634,638
WBGene00008860.,1982,21776,23758
WBGene00008861.,29,939,968
WBGene00008862.,33,113,146
WBGene00008863.,0,14,14
WBGene00008865.,109,5176,5285
WBGene00008866.,20,14,34
WBGene00008868.,317,894,1211
WBGene00008869.,11,87,98
WBGene00008870.,1,7,8
WBGene00008871.,5,6,11
WBGene00008872.,2,1,3
WBGene00008873.,1,0,1
WBGene00008874.,6,30,36
WBGene00008875.,9,256,265
WBGene00008876.,210,841,1051
WBGene00008877.,143,1123,1266
WBGene00008878.,1752,4779,6531
WBGene00008879.,83,196,279
WBGene00008880.,95,664,759
WBGene00008881.,6,19,25
WBGene00008882.,167,1862,2029
WBGene00008883.,13,99,112
WBGene00008884.,0,8,8
WBGene00008885.,72,629,701
WBGene00008886.,35,48,83
WBGene00008887.,42,1074,1116
WBGene00008889.,3,10,13
WBGene00008890.,57,139,196
WBGene00008891.,0,32,32
WBGene00008892.,7,93,100
WBGene00008893.,4,0,4
WBGene00008894.,18,17,35
WBGene00008897.,12,74,86
WBGene00008898.,13,1,14
WBGene00008899.,5,0,5
WBGene00008900.,3,27,30
WBGene00008901.,991,11,1002
WBGene00008902.,1,1,2
WBGene00008903.,0,0,0
WBGene00008904.,0,22,22
WBGene00008905.,3,30,33
WBGene00008906.,1,1,2
WBGene00008907.,1,2,3
WBGene00008908.,1,6,7
WBGene00008909.,0,10,10
WBGene00008910.,172,3606,3778
WBGene00008911.,0,0,0
WBGene00008912.,0,85,85
WBGene00008914.,26,5483,5509
WBGene00008915.,178,10809,10987
WBGene00008916.,144,90,234
WBGene00008917.,18,33,51
WBGene00008918.,13,883,896
WBGene00008919.,343,4952,5295
WBGene00008920.,21866,294086,315952
WBGene00008921.,135,1574,1709
WBGene00008922.,283,5045,5328
WBGene00008923.,112,188,300
WBGene00008924.,82,1075,1157
WBGene00008925.,262,6827,7089
WBGene00008926.,122,939,1061
WBGene00008927.,353,1736,2089
WBGene00008928.,3,7,10
WBGene00008929.,73,3121,3194
WBGene00008930.,994,5294,6288
WBGene00008932.,525,953,1478
WBGene00008933.,9,57,66
WBGene00008934.,407,2880,3287
WBGene00008935.,12,26,38
WBGene00008936.,10,30,40
WBGene00008937.,1,8,9
WBGene00008939.,296,2062,2358
WBGene00008940.,164,1335,1499
WBGene00008941.,63,1,64
WBGene00008942.,0,0,0
WBGene00008943.,0,1,1
WBGene00008944.,21,315,336
WBGene00008945.,0,20,20
WBGene00008946.,3,0,3
WBGene00008947.,2,4,6
WBGene00008948.,204,5333,5537
WBGene00008949.,4,40,44
WBGene00008950.,0,4,4
WBGene00008951.,223,2114,2337
WBGene00008952.,89,399,488
WBGene00008953.,226,816,1042
WBGene00008954.,9,16,25
WBGene00008955.,18,71,89
WBGene00008956.,83,402,485
WBGene00008957.,79,1807,1886
WBGene00008958.,0,4,4
WBGene00008959.,0,2,2
WBGene00008960.,0,1,1
WBGene00008961.,24,1917,1941
WBGene00008963.,229,6411,6640
WBGene00008964.,718,2092,2810
WBGene00008965.,116,110,226
WBGene00008966.,0,0,0
WBGene00008967.,1,23,24
WBGene00008968.,8,148,156
WBGene00008969.,69,327,396
WBGene00008970.,0,177,177
WBGene00008971.,55,1354,1409
WBGene00008972.,4,5,9
WBGene00008973.,62,4015,4077
WBGene00008974.,210,1467,1677
WBGene00008975.,46,2596,2642
WBGene00008976.,2,53,55
WBGene00008977.,34,160,194
WBGene00008978.,38,422,460
WBGene00008979.,67,1732,1799
WBGene00008980.,126,3260,3386
WBGene00008981.,0,1,1
WBGene00008982.,1,1,2
WBGene00008983.,0,1,1
WBGene00008984.,0,1,1
WBGene00008985.,7,45,52
WBGene00008986.,207,2020,2227
WBGene00008987.,247,2346,2593
WBGene00008988.,30,81,111
WBGene00008989.,31,267,298
WBGene00008990.,173,3152,3325
WBGene00008991.,36,83,119
WBGene00008992.,0,89,89
WBGene00008993.,65,326,391
WBGene00008994.,1,68,69
WBGene00008995.,74,273,347
WBGene00008996.,23,243,266
WBGene00008997.,115,220,335
WBGene00008998.,500,4531,5031
WBGene00008999.,1612,6429,8041
WBGene00009000.,30,72,102
WBGene00009001.,1,1,2
WBGene00009002.,224,4733,4957
WBGene00009004.,705,21323,22028
WBGene00009005.,11,3,14
WBGene00009006.,17,671,688
WBGene00009007.,67,2322,2389
WBGene00009008.,35,192,227
WBGene00009009.,14,402,416
WBGene00009010.,78,1278,1356
WBGene00009011.,58,2163,2221
WBGene00009012.,187,6660,6847
WBGene00009013.,219,5846,6065
WBGene00009014.,7,186,193
WBGene00009015.,8,37,45
WBGene00009016.,1,1,2
WBGene00009017.,0,0,0
WBGene00009018.,60,391,451
WBGene00009019.,0,7,7
WBGene00009020.,4,134,138
WBGene00009021.,0,0,0
WBGene00009023.,22,242,264
WBGene00009024.,9,87,96
WBGene00009025.,92,713,805
WBGene00009026.,34,484,518
WBGene00009027.,106,774,880
WBGene00009028.,9,4,13
WBGene00009029.,21,61,82
WBGene00009030.,16,122,138
WBGene00009031.,3,15,18
WBGene00009032.,1,18,19
WBGene00009033.,2,4,6
WBGene00009035.,10,96,106
WBGene00009036.,1,0,1
WBGene00009038.,11,1,12
WBGene00009039.,7,7,14
WBGene00009041.,2,57,59
WBGene00009042.,8,472,480
WBGene00009043.,6,25,31
WBGene00009044.,10,20,30
WBGene00009045.,40,3462,3502
WBGene00009046.,0,0,0
WBGene00009047.,0,3,3
WBGene00009048.,88,4758,4846
WBGene00009049.,264,6532,6796
WBGene00009050.,552,18801,19353
WBGene00009051.,867,20001,20868
WBGene00009052.,158,2762,2920
WBGene00009054.,74,474,548
WBGene00009055.,208,801,1009
WBGene00009056.,802,10059,10861
WBGene00009057.,115,649,764
WBGene00009058.,177,7119,7296
WBGene00009059.,32,748,780
WBGene00009060.,199,644,843
WBGene00009061.,0,7,7
WBGene00009063.,1,2,3
WBGene00009064.,80,896,976
WBGene00009065.,398,2087,2485
WBGene00009067.,0,6,6
WBGene00009068.,27,275,302
WBGene00009069.,0,5524,5524
WBGene00009070.,2368,41,2409
WBGene00009071.,1,3,4
WBGene00009073.,24,52,76
WBGene00009075.,7,9,16
WBGene00009076.,0,5,5
WBGene00009077.,0,3,3
WBGene00009078.,1451,6806,8257
WBGene00009079.,0,3,3
WBGene00009081.,90,1272,1362
WBGene00009082.,66,14749,14815
WBGene00009084.,172,5814,5986
WBGene00009085.,4,24,28
WBGene00009086.,3,3,6
WBGene00009087.,3,186,189
WBGene00009088.,0,1,1
WBGene00009089.,53,566,619
WBGene00009090.,10,326,336
WBGene00009091.,477,11971,12448
WBGene00009092.,275,19969,20244
WBGene00009093.,85,430,515
WBGene00009094.,71,2067,2138
WBGene00009095.,56,381,437
WBGene00009096.,108,9201,9309
WBGene00009097.,32,4817,4849
WBGene00009098.,819,3616,4435
WBGene00009099.,5,19,24
WBGene00009100.,135,918,1053
WBGene00009101.,9,170,179
WBGene00009102.,7,252,259
WBGene00009103.,209,6179,6388
WBGene00009104.,0,3,3
WBGene00009106.,50,1011,1061
WBGene00009107.,110,154,264
WBGene00009108.,17,174,191
WBGene00009109.,89,228,317
WBGene00009110.,20,1787,1807
WBGene00009112.,102,2542,2644
WBGene00009113.,6,73,79
WBGene00009114.,7,7,14
WBGene00009115.,27,6,33
WBGene00009116.,100,1511,1611
WBGene00009117.,4,15,19
WBGene00009118.,91,4636,4727
WBGene00009119.,1433,473242,474675
WBGene00009120.,199,1803,2002
WBGene00009121.,24,667,691
WBGene00009122.,9,208,217
WBGene00009123.,113,6884,6997
WBGene00009124.,165,670,835
WBGene00009125.,56,172,228
WBGene00009126.,466,17107,17573
WBGene00009127.,131,1814,1945
WBGene00009128.,0,2803,2803
WBGene00009129.,7,17,24
WBGene00009130.,12,7,19
WBGene00009131.,173,1785,1958
WBGene00009132.,58,3424,3482
WBGene00009133.,112,1873,1985
WBGene00009134.,6,5,11
WBGene00009135.,33,287,320
WBGene00009136.,8,11,19
WBGene00009137.,37,736,773
WBGene00009138.,31,1930,1961
WBGene00009139.,140,2714,2854
WBGene00009140.,117,1115,1232
WBGene00009141.,953,9052,10005
WBGene00009142.,74,7443,7517
WBGene00009143.,6,38,44
WBGene00009144.,7,42,49
WBGene00009145.,348,1671,2019
WBGene00009146.,41,377,418
WBGene00009147.,18,5,23
WBGene00009148.,27,110,137
WBGene00009149.,0,7,7
WBGene00009150.,0,1,1
WBGene00009151.,0,0,0
WBGene00009152.,0,0,0
WBGene00009153.,11,107,118
WBGene00009154.,0,0,0
WBGene00009155.,101,440,541
WBGene00009156.,121,285,406
WBGene00009157.,155,830,985
WBGene00009158.,361,2511,2872
WBGene00009159.,99,1864,1963
WBGene00009160.,5,15,20
WBGene00009161.,2305,89095,91400
WBGene00009162.,68,141,209
WBGene00009163.,133,564,697
WBGene00009164.,71,2288,2359
WBGene00009165.,22,1236,1258
WBGene00009166.,17,91,108
WBGene00009167.,0,0,0
WBGene00009168.,3,38,41
WBGene00009169.,8,38,46
WBGene00009170.,0,12,12
WBGene00009171.,7,3,10
WBGene00009172.,265,730,995
WBGene00009173.,15,53,68
WBGene00009174.,489,2435,2924
WBGene00009176.,16,973,989
WBGene00009177.,79,850,929
WBGene00009178.,35,34,69
WBGene00009179.,214,2011,2225
WBGene00009180.,2575,43750,46325
WBGene00009182.,33,66,99
WBGene00009183.,6,104,110
WBGene00009184.,1,34,35
WBGene00009185.,0,3,3
WBGene00009186.,2,15,17
WBGene00009187.,1659,13282,14941
WBGene00009188.,961,4097,5058
WBGene00009189.,1120,18612,19732
WBGene00009190.,169,964,1133
WBGene00009191.,4,1395,1399
WBGene00009192.,15,54,69
WBGene00009193.,5,13,18
WBGene00009194.,10,27,37
WBGene00009195.,0,0,0
WBGene00009196.,3,1,4
WBGene00009197.,2,0,2
WBGene00009200.,169,2877,3046
WBGene00009201.,92,1908,2000
WBGene00009202.,1,33,34
WBGene00009203.,2,97,99
WBGene00009204.,69,292,361
WBGene00009205.,36,383,419
WBGene00009206.,0,0,0
WBGene00009207.,67,3083,3150
WBGene00009208.,9,21,30
WBGene00009209.,0,5,5
WBGene00009210.,0,5,5
WBGene00009211.,40,5555,5595
WBGene00009212.,3,134,137
WBGene00009213.,0,89,89
WBGene00009214.,0,9,9
WBGene00009215.,0,41,41
WBGene00009216.,0,522,522
WBGene00009217.,149,150,299
WBGene00009218.,48,670,718
WBGene00009219.,224,4462,4686
WBGene00009220.,382,749,1131
WBGene00009221.,199,10852,11051
WBGene00009222.,35,305,340
WBGene00009223.,54,813,867
WBGene00009224.,118,233,351
WBGene00009225.,11,51,62
WBGene00009226.,0,0,0
WBGene00009227.,0,53,53
WBGene00009228.,4,7,11
WBGene00009229.,9,34,43
WBGene00009230.,1,1,2
WBGene00009231.,31,326,357
WBGene00009232.,2,26,28
WBGene00009233.,123,710,833
WBGene00009234.,103,692,795
WBGene00009235.,2,3,5
WBGene00009236.,1,28,29
WBGene00009237.,1,393,394
WBGene00009238.,0,5,5
WBGene00009239.,5,41,46
WBGene00009240.,16,84,100
WBGene00009241.,17,485,502
WBGene00009242.,7,28,35
WBGene00009243.,44,893,937
WBGene00009245.,134,899,1033
WBGene00009246.,202,13596,13798
WBGene00009247.,4,28,32
WBGene00009248.,0,16,16
WBGene00009249.,0,10,10
WBGene00009250.,8,181,189
WBGene00009251.,17,19,36
WBGene00009252.,12,7,19
WBGene00009254.,121,2825,2946
WBGene00009255.,14,33,47
WBGene00009256.,189,2517,2706
WBGene00009257.,18,76,94
WBGene00009258.,58,301,359
WBGene00009259.,11,255,266
WBGene00009260.,130,2485,2615
WBGene00009261.,2,45,47
WBGene00009262.,76,2061,2137
WBGene00009263.,75,210,285
WBGene00009264.,298,3101,3399
WBGene00009266.,214,7359,7573
WBGene00009267.,206,2785,2991
WBGene00009268.,8,63,71
WBGene00009269.,2,1,3
WBGene00009270.,7,291,298
WBGene00009271.,95,464,559
WBGene00009272.,13,399,412
WBGene00009274.,66,1083,1149
WBGene00009276.,66,1675,1741
WBGene00009277.,277,840,1117
WBGene00009278.,24,173,197
WBGene00009279.,1,0,1
WBGene00009280.,0,105,105
WBGene00009281.,1,1,2
WBGene00009283.,10,189,199
WBGene00009284.,239,1538,1777
WBGene00009285.,99,1765,1864
WBGene00009286.,65,448,513
WBGene00009287.,75,898,973
WBGene00009288.,87,651,738
WBGene00009289.,68,2094,2162
WBGene00009290.,150,4520,4670
WBGene00009291.,179,904,1083
WBGene00009292.,55,245,300
WBGene00009293.,10,300,310
WBGene00009294.,1426,21353,22779
WBGene00009295.,0,3,3
WBGene00009296.,0,8,8
WBGene00009297.,0,1,1
WBGene00009298.,0,1,1
WBGene00009299.,13,105,118
WBGene00009300.,0,0,0
WBGene00009301.,2,1,3
WBGene00009302.,0,0,0
WBGene00009303.,1,4,5
WBGene00009304.,603,2334,2937
WBGene00009305.,150,2083,2233
WBGene00009306.,25,2950,2975
WBGene00009307.,85,9109,9194
WBGene00009308.,2,15,17
WBGene00009309.,0,5,5
WBGene00009310.,1,0,1
WBGene00009311.,24,37,61
WBGene00009312.,1220,29,1249
WBGene00009313.,3,7,10
WBGene00009314.,547,1710,2257
WBGene00009315.,228,1154,1382
WBGene00009316.,2,1,3
WBGene00009318.,10,49,59
WBGene00009319.,195,6446,6641
WBGene00009320.,205,1142,1347
WBGene00009321.,1,0,1
WBGene00009322.,229,3173,3402
WBGene00009323.,56,1400,1456
WBGene00009324.,21,18,39
WBGene00009325.,122,679,801
WBGene00009326.,11,102,113
WBGene00009327.,3,3,6
WBGene00009328.,0,41,41
WBGene00009329.,124,950,1074
WBGene00009330.,63,5063,5126
WBGene00009331.,6,171,177
WBGene00009332.,5,65,70
WBGene00009333.,66,2242,2308
WBGene00009334.,418,5343,5761
WBGene00009335.,61,291,352
WBGene00009336.,207,4390,4597
WBGene00009337.,1080,6223,7303
WBGene00009338.,6,1,7
WBGene00009339.,0,7,7
WBGene00009340.,507,5596,6103
WBGene00009341.,21,971,992
WBGene00009342.,1034,26826,27860
WBGene00009343.,132,1358,1490
WBGene00009344.,1,1,2
WBGene00009345.,21,11,32
WBGene00009346.,41,303,344
WBGene00009347.,27,72,99
WBGene00009349.,0,277,277
WBGene00009350.,75,357,432
WBGene00009352.,80,2613,2693
WBGene00009353.,231,21420,21651
WBGene00009354.,208,811,1019
WBGene00009355.,20,572,592
WBGene00009356.,31,118,149
WBGene00009357.,21,97,118
WBGene00009358.,231,5156,5387
WBGene00009359.,4,4,8
WBGene00009360.,12,9,21
WBGene00009361.,60,747,807
WBGene00009362.,4,2,6
WBGene00009363.,0,0,0
WBGene00009364.,18,1289,1307
WBGene00009365.,156,1335,1491
WBGene00009366.,72,995,1067
WBGene00009367.,540,16406,16946
WBGene00009368.,147,1501,1648
WBGene00009369.,157,1818,1975
WBGene00009370.,265,519,784
WBGene00009371.,148,1218,1366
WBGene00009372.,253,1632,1885
WBGene00009373.,96,938,1034
WBGene00009374.,361,6804,7165
WBGene00009375.,313,1689,2002
WBGene00009377.,1,2,3
WBGene00009378.,0,0,0
WBGene00009380.,40,1278,1318
WBGene00009381.,3,18,21
WBGene00009382.,4,10,14
WBGene00009383.,244,2638,2882
WBGene00009384.,1,41,42
WBGene00009385.,41,1600,1641
WBGene00009386.,4,356,360
WBGene00009387.,21,81,102
WBGene00009388.,1119,22746,23865
WBGene00009389.,159,953,1112
WBGene00009390.,23,78,101
WBGene00009391.,1,0,1
WBGene00009392.,0,0,0
WBGene00009393.,1,13,14
WBGene00009394.,34,547,581
WBGene00009395.,1,1,2
WBGene00009396.,6,74,80
WBGene00009397.,12,36,48
WBGene00009398.,1,11,12
WBGene00009399.,23,97,120
WBGene00009400.,29,192,221
WBGene00009401.,0,93,93
WBGene00009402.,1,11,12
WBGene00009403.,13,182,195
WBGene00009404.,23,608,631
WBGene00009405.,38,770,808
WBGene00009406.,239,2423,2662
WBGene00009408.,2,380,382
WBGene00009409.,1,0,1
WBGene00009410.,1,0,1
WBGene00009411.,0,5,5
WBGene00009412.,7,24,31
WBGene00009413.,3,14,17
WBGene00009414.,2,0,2
WBGene00009415.,0,1,1
WBGene00009416.,1,45,46
WBGene00009417.,0,0,0
WBGene00009418.,0,1,1
WBGene00009419.,0,0,0
WBGene00009420.,0,0,0
WBGene00009421.,0,0,0
WBGene00009422.,0,2,2
WBGene00009423.,0,0,0
WBGene00009424.,20,9,29
WBGene00009425.,1,8,9
WBGene00009426.,2,0,2
WBGene00009427.,2,12,14
WBGene00009428.,3,6,9
WBGene00009429.,2,28,30
WBGene00009430.,59,671,730
WBGene00009431.,10,129,139
WBGene00009432.,10,153,163
WBGene00009433.,18,76,94
WBGene00009434.,51,367,418
WBGene00009435.,49,547,596
WBGene00009436.,23,4766,4789
WBGene00009437.,7,22,29
WBGene00009438.,23,187,210
WBGene00009439.,429,3542,3971
WBGene00009440.,255,10367,10622
WBGene00009441.,57,835,892
WBGene00009442.,30,157,187
WBGene00009443.,122,2953,3075
WBGene00009444.,88,1981,2069
WBGene00009445.,54,2382,2436
WBGene00009446.,0,0,0
WBGene00009447.,11,177,188
WBGene00009448.,15,932,947
WBGene00009449.,6,13,19
WBGene00009450.,38,1881,1919
WBGene00009451.,186,3669,3855
WBGene00009452.,247,1461,1708
WBGene00009453.,259,1251,1510
WBGene00009454.,5354,67881,73235
WBGene00009455.,324,4461,4785
WBGene00009456.,178,1336,1514
WBGene00009457.,1,7,8
WBGene00009458.,1,2,3
WBGene00009459.,4,29,33
WBGene00009460.,342,4997,5339
WBGene00009461.,171,829,1000
WBGene00009462.,289,140,429
WBGene00009463.,0,0,0
WBGene00009464.,7,2,9
WBGene00009465.,9,26,35
WBGene00009466.,66,814,880
WBGene00009467.,4,10,14
WBGene00009468.,44,248,292
WBGene00009469.,74,667,741
WBGene00009470.,0,3,3
WBGene00009471.,2,8,10
WBGene00009472.,3,4,7
WBGene00009473.,0,0,0
WBGene00009474.,0,0,0
WBGene00009475.,548,5453,6001
WBGene00009476.,47,556,603
WBGene00009477.,920,4935,5855
WBGene00009478.,96,2717,2813
WBGene00009479.,88,1439,1527
WBGene00009480.,11,55,66
WBGene00009481.,0,158,158
WBGene00009482.,587,4375,4962
WBGene00009483.,10,634,644
WBGene00009484.,55,205,260
WBGene00009485.,7,59,66
WBGene00009486.,1,1,2
WBGene00009487.,3,15,18
WBGene00009488.,0,1,1
WBGene00009489.,0,1,1
WBGene00009490.,0,6,6
WBGene00009491.,2,1,3
WBGene00009492.,5,20,25
WBGene00009493.,2,176,178
WBGene00009494.,13,47,60
WBGene00009495.,19,61,80
WBGene00009496.,25,359,384
WBGene00009497.,2,1,3
WBGene00009498.,583,2567,3150
WBGene00009499.,341,1557,1898
WBGene00009500.,69,2107,2176
WBGene00009501.,8,6,14
WBGene00009502.,3,5,8
WBGene00009503.,145,2382,2527
WBGene00009504.,15,611,626
WBGene00009505.,29,1224,1253
WBGene00009507.,150,933,1083
WBGene00009508.,168,1646,1814
WBGene00009509.,7,66,73
WBGene00009510.,5,83,88
WBGene00009511.,56,126,182
WBGene00009512.,35,2535,2570
WBGene00009513.,14,14,28
WBGene00009514.,3519,48363,51882
WBGene00009515.,4,21,25
WBGene00009517.,0,1,1
WBGene00009518.,0,16,16
WBGene00009519.,1,0,1
WBGene00009520.,0,0,0
WBGene00009521.,849,5020,5869
WBGene00009522.,1,11,12
WBGene00009523.,1,1,2
WBGene00009524.,1,0,1
WBGene00009525.,0,0,0
WBGene00009526.,4,9,13
WBGene00009527.,63,0,63
WBGene00009528.,81,185,266
WBGene00009529.,3,437,440
WBGene00009530.,232,387,619
WBGene00009531.,2383,28887,31270
WBGene00009532.,808,4128,4936
WBGene00009533.,9,251,260
WBGene00009534.,247,2496,2743
WBGene00009535.,34,8,42
WBGene00009536.,235,684,919
WBGene00009537.,1,37,38
WBGene00009538.,0,1,1
WBGene00009539.,0,0,0
WBGene00009540.,5,19,24
WBGene00009541.,186,183,369
WBGene00009542.,104,7290,7394
WBGene00009543.,41,296,337
WBGene00009544.,126,716,842
WBGene00009546.,0,9,9
WBGene00009547.,19,235,254
WBGene00009548.,2,5,7
WBGene00009549.,2,18,20
WBGene00009550.,4,1,5
WBGene00009551.,25,290,315
WBGene00009552.,180,1350,1530
WBGene00009553.,32,1434,1466
WBGene00009554.,15,1994,2009
WBGene00009555.,0,0,0
WBGene00009556.,64,896,960
WBGene00009557.,68,273,341
WBGene00009558.,263,1276,1539
WBGene00009559.,35,4302,4337
WBGene00009560.,15,58,73
WBGene00009561.,5,27,32
WBGene00009562.,291,7579,7870
WBGene00009563.,208,5392,5600
WBGene00009565.,177,2752,2929
WBGene00009566.,0,1,1
WBGene00009567.,2,1,3
WBGene00009568.,0,1,1
WBGene00009569.,0,3,3
WBGene00009570.,1,0,1
WBGene00009571.,0,1,1
WBGene00009572.,0,18,18
WBGene00009573.,39,445,484
WBGene00009574.,604,3422,4026
WBGene00009575.,38,8757,8795
WBGene00009576.,12,176,188
WBGene00009577.,1476,25389,26865
WBGene00009578.,777,24113,24890
WBGene00009579.,98,352,450
WBGene00009580.,194,6521,6715
WBGene00009581.,42,162,204
WBGene00009582.,61,347,408
WBGene00009583.,350,8160,8510
WBGene00009584.,1993,17118,19111
WBGene00009585.,70,38,108
WBGene00009586.,115,3344,3459
WBGene00009587.,355,3961,4316
WBGene00009588.,10945,3551,14496
WBGene00009589.,7429,2940,10369
WBGene00009590.,0,0,0
WBGene00009592.,1,0,1
WBGene00009593.,10,19,29
WBGene00009594.,873,2498,3371
WBGene00009595.,30,49,79
WBGene00009596.,2,5,7
WBGene00009597.,4,24,28
WBGene00009598.,1,2,3
WBGene00009599.,0,3,3
WBGene00009600.,1,59,60
WBGene00009601.,27,521,548
WBGene00009602.,126,21,147
WBGene00009603.,2,2,4
WBGene00009604.,0,17,17
WBGene00009605.,5,11,16
WBGene00009606.,1,6,7
WBGene00009607.,0,0,0
WBGene00009608.,43,411,454
WBGene00009609.,0,1,1
WBGene00009610.,1,0,1
WBGene00009611.,33,98,131
WBGene00009612.,1,10,11
WBGene00009613.,0,0,0
WBGene00009614.,8,37,45
WBGene00009615.,0,0,0
WBGene00009616.,1,9,10
WBGene00009617.,35,324,359
WBGene00009618.,10,79,89
WBGene00009619.,22,270,292
WBGene00009620.,1113,4435,5548
WBGene00009621.,0,13648,13648
WBGene00009622.,19,20,39
WBGene00009623.,755,369,1124
WBGene00009624.,1937,5036,6973
WBGene00009625.,6,33,39
WBGene00009626.,120,1831,1951
WBGene00009627.,20,552,572
WBGene00009628.,31,1543,1574
WBGene00009629.,86,300,386
WBGene00009630.,4,12,16
WBGene00009631.,0,4,4
WBGene00009632.,221,2514,2735
WBGene00009633.,4,13,17
WBGene00009634.,24,2369,2393
WBGene00009635.,27,586,613
WBGene00009636.,38,469,507
WBGene00009637.,3,890,893
WBGene00009638.,143,18574,18717
WBGene00009639.,9,1830,1839
WBGene00009640.,6,637,643
WBGene00009641.,4,3,7
WBGene00009642.,28,64,92
WBGene00009643.,0,0,0
WBGene00009644.,1,17,18
WBGene00009645.,131,1325,1456
WBGene00009646.,2,0,2
WBGene00009647.,86,151,237
WBGene00009648.,4,990,994
WBGene00009649.,94,88,182
WBGene00009650.,63,2542,2605
WBGene00009651.,3,2,5
WBGene00009652.,9,22,31
WBGene00009653.,101,571,672
WBGene00009654.,412,1615,2027
WBGene00009656.,3,72,75
WBGene00009657.,110,1071,1181
WBGene00009658.,0,7,7
WBGene00009659.,0,1,1
WBGene00009660.,449,3573,4022
WBGene00009661.,151,5818,5969
WBGene00009662.,0,5,5
WBGene00009663.,0,18,18
WBGene00009664.,349,23687,24036
WBGene00009665.,21,1303,1324
WBGene00009666.,83,3540,3623
WBGene00009667.,615,376,991
WBGene00009668.,97,3250,3347
WBGene00009670.,1,5,6
WBGene00009671.,161,6164,6325
WBGene00009672.,274,2899,3173
WBGene00009673.,92,574,666
WBGene00009674.,318,5575,5893
WBGene00009675.,10,97,107
WBGene00009676.,154,1435,1589
WBGene00009677.,12,183,195
WBGene00009678.,174,1256,1430
WBGene00009679.,52,327,379
WBGene00009680.,0,0,0
WBGene00009681.,0,20,20
WBGene00009682.,0,0,0
WBGene00009683.,3,24,27
WBGene00009684.,0,0,0
WBGene00009685.,2,1,3
WBGene00009686.,11,60,71
WBGene00009687.,1,0,1
WBGene00009688.,3813,37441,41254
WBGene00009689.,2,5,7
WBGene00009690.,10,10,20
WBGene00009691.,0,39247,39247
WBGene00009692.,0,12971,12971
WBGene00009693.,0,2,2
WBGene00009695.,1,0,1
WBGene00009696.,12,79,91
WBGene00009697.,0,47,47
WBGene00009698.,0,6,6
WBGene00009700.,116,954,1070
WBGene00009701.,1,68,69
WBGene00009702.,9,106,115
WBGene00009704.,1,4,5
WBGene00009705.,0,2,2
WBGene00009706.,13,120,133
WBGene00009707.,0,5,5
WBGene00009708.,4,0,4
WBGene00009709.,7,16,23
WBGene00009710.,2,41,43
WBGene00009711.,293,3242,3535
WBGene00009712.,16,13651,13667
WBGene00009713.,728,5074,5802
WBGene00009714.,0,54,54
WBGene00009715.,107,3329,3436
WBGene00009716.,12,98,110
WBGene00009717.,266,2614,2880
WBGene00009720.,10,214,224
WBGene00009721.,34,36,70
WBGene00009722.,71,3862,3933
WBGene00009723.,72,5754,5826
WBGene00009724.,26,3126,3152
WBGene00009725.,1,11,12
WBGene00009726.,74,543,617
WBGene00009727.,30,171,201
WBGene00009728.,10,12,22
WBGene00009729.,15,109,124
WBGene00009730.,542,5883,6425
WBGene00009731.,54,852,906
WBGene00009732.,511,12483,12994
WBGene00009733.,9,505,514
WBGene00009734.,255,3822,4077
WBGene00009735.,47,363,410
WBGene00009736.,258,1795,2053
WBGene00009738.,108,223,331
WBGene00009739.,4665,15316,19981
WBGene00009740.,797,24946,25743
WBGene00009741.,17,103,120
WBGene00009742.,7,530,537
WBGene00009743.,20,174,194
WBGene00009744.,77,1135,1212
WBGene00009745.,47,1246,1293
WBGene00009746.,0,0,0
WBGene00009747.,1,3,4
WBGene00009748.,1,4,5
WBGene00009749.,1,0,1
WBGene00009750.,0,1,1
WBGene00009751.,0,6,6
WBGene00009752.,2,9,11
WBGene00009753.,6,4,10
WBGene00009754.,1,4,5
WBGene00009755.,0,2,2
WBGene00009756.,0,1,1
WBGene00009757.,0,19,19
WBGene00009758.,1,1,2
WBGene00009759.,0,0,0
WBGene00009760.,1,8,9
WBGene00009761.,0,0,0
WBGene00009762.,0,0,0
WBGene00009763.,2,1,3
WBGene00009764.,2,4,6
WBGene00009765.,0,0,0
WBGene00009766.,1,0,1
WBGene00009767.,0,0,0
WBGene00009768.,14,50,64
WBGene00009769.,25,778,803
WBGene00009770.,161,1554,1715
WBGene00009771.,182,3166,3348
WBGene00009772.,307,27878,28185
WBGene00009773.,6,251,257
WBGene00009774.,3,385,388
WBGene00009775.,0,2,2
WBGene00009776.,60,1215,1275
WBGene00009777.,4,15,19
WBGene00009778.,2,46,48
WBGene00009779.,225,2383,2608
WBGene00009780.,38,171,209
WBGene00009781.,479,3460,3939
WBGene00009782.,14,237,251
WBGene00009783.,188,6568,6756
WBGene00009784.,89,3873,3962
WBGene00009785.,32,309,341
WBGene00009786.,1,9,10
WBGene00009787.,562,84481,85043
WBGene00009788.,1,5,6
WBGene00009789.,169,287,456
WBGene00009790.,42,440,482
WBGene00009791.,8,36,44
WBGene00009793.,50,4394,4444
WBGene00009796.,20,458,478
WBGene00009797.,458,4546,5004
WBGene00009798.,23,13,36
WBGene00009799.,85,557,642
WBGene00009800.,217,2951,3168
WBGene00009801.,135,938,1073
WBGene00009802.,1,6,7
WBGene00009803.,89,1879,1968
WBGene00009804.,242,4270,4512
WBGene00009805.,0,4,4
WBGene00009806.,10,146,156
WBGene00009807.,5,29,34
WBGene00009808.,0,14,14
WBGene00009809.,18,418,436
WBGene00009810.,1,35,36
WBGene00009811.,0,9,9
WBGene00009812.,120,16474,16594
WBGene00009813.,91,1256,1347
WBGene00009814.,2,20,22
WBGene00009815.,0,10,10
WBGene00009816.,5,54,59
WBGene00009817.,1,12,13
WBGene00009818.,306,2472,2778
WBGene00009819.,75,663,738
WBGene00009820.,7,30,37
WBGene00009822.,49,58,107
WBGene00009823.,31,385,416
WBGene00009824.,6,100,106
WBGene00009825.,84,593,677
WBGene00009826.,9,72,81
WBGene00009827.,2,27,29
WBGene00009828.,14,2,16
WBGene00009829.,124,11691,11815
WBGene00009830.,2,66,68
WBGene00009831.,49,1500,1549
WBGene00009833.,0,2,2
WBGene00009834.,0,1,1
WBGene00009835.,8,4,12
WBGene00009836.,9,1,10
WBGene00009837.,0,0,0
WBGene00009838.,3,0,3
WBGene00009839.,3,34,37
WBGene00009840.,14,16,30
WBGene00009841.,3,1,4
WBGene00009842.,17,198,215
WBGene00009843.,51,1018,1069
WBGene00009844.,17,25,42
WBGene00009846.,61,123,184
WBGene00009848.,577,4112,4689
WBGene00009849.,21,41,62
WBGene00009850.,54,1291,1345
WBGene00009851.,47,3221,3268
WBGene00009852.,2,5,7
WBGene00009853.,0,0,0
WBGene00009854.,0,1,1
WBGene00009855.,0,1,1
WBGene00009856.,3,0,3
WBGene00009857.,1,2,3
WBGene00009858.,0,0,0
WBGene00009859.,1,2,3
WBGene00009860.,1,0,1
WBGene00009861.,0,2,2
WBGene00009862.,0,21,21
WBGene00009863.,2,5,7
WBGene00009864.,6,1,7
WBGene00009865.,47,189,236
WBGene00009866.,0,0,0
WBGene00009867.,15,15,30
WBGene00009868.,0,0,0
WBGene00009869.,1,2,3
WBGene00009871.,0,4,4
WBGene00009872.,1,10,11
WBGene00009873.,4,1,5
WBGene00009874.,1,2,3
WBGene00009875.,2,4,6
WBGene00009876.,22,109,131
WBGene00009877.,29,131,160
WBGene00009878.,13,2017,2030
WBGene00009879.,34,82,116
WBGene00009880.,734,10735,11469
WBGene00009881.,395,9329,9724
WBGene00009882.,85,10144,10229
WBGene00009883.,6,33,39
WBGene00009884.,2,13,15
WBGene00009885.,31,281,312
WBGene00009886.,35,213,248
WBGene00009887.,18,310,328
WBGene00009888.,4861,57746,62607
WBGene00009889.,96,430,526
WBGene00009890.,6,45,51
WBGene00009891.,25,110,135
WBGene00009892.,1,3,4
WBGene00009893.,0,0,0
WBGene00009894.,0,1,1
WBGene00009895.,16,108,124
WBGene00009896.,458,11695,12153
WBGene00009897.,19,54,73
WBGene00009898.,1,2,3
WBGene00009899.,144,1912,2056
WBGene00009900.,0,98,98
WBGene00009901.,76,1015,1091
WBGene00009902.,4,34,38
WBGene00009903.,16,173,189
WBGene00009904.,7,84,91
WBGene00009905.,0,0,0
WBGene00009906.,5,0,5
WBGene00009907.,3,0,3
WBGene00009908.,4,28,32
WBGene00009909.,0,1,1
WBGene00009910.,1,1,2
WBGene00009911.,1,3,4
WBGene00009912.,7,0,7
WBGene00009913.,0,0,0
WBGene00009914.,1,1,2
WBGene00009915.,70,12008,12078
WBGene00009916.,44,134,178
WBGene00009917.,184,1336,1520
WBGene00009918.,66,5914,5980
WBGene00009919.,192,3617,3809
WBGene00009920.,1438,11604,13042
WBGene00009921.,17,330,347
WBGene00009922.,66,1248,1314
WBGene00009923.,51,465,516
WBGene00009924.,134,2358,2492
WBGene00009925.,27,5137,5164
WBGene00009926.,367,8750,9117
WBGene00009927.,133,533,666
WBGene00009929.,30,77,107
WBGene00009930.,26,792,818
WBGene00009931.,10,128,138
WBGene00009933.,1,14,15
WBGene00009935.,47,644,691
WBGene00009936.,0,0,0
WBGene00009937.,122,910,1032
WBGene00009938.,2,8,10
WBGene00009939.,102,1558,1660
WBGene00009940.,281,8384,8665
WBGene00009941.,0,1,1
WBGene00009942.,6,145,151
WBGene00009943.,163,330,493
WBGene00009944.,68,2228,2296
WBGene00009945.,236,4622,4858
WBGene00009946.,8,165,173
WBGene00009947.,95,1144,1239
WBGene00009948.,3,95,98
WBGene00009949.,35,147,182
WBGene00009950.,9,5,14
WBGene00009951.,76,582,658
WBGene00009952.,1080,24590,25670
WBGene00009953.,94,756,850
WBGene00009954.,0,1,1
WBGene00009955.,1,666,667
WBGene00009956.,1,2,3
WBGene00009957.,83,1049,1132
WBGene00009958.,160,1365,1525
WBGene00009959.,1,9,10
WBGene00009960.,0,0,0
WBGene00009961.,0,4,4
WBGene00009962.,23,2,25
WBGene00009963.,3,2,5
WBGene00009964.,17,64,81
WBGene00009965.,46,364,410
WBGene00009966.,53,4197,4250
WBGene00009967.,7,53,60
WBGene00009968.,586,6822,7408
WBGene00009969.,78,796,874
WBGene00009971.,15,63,78
WBGene00009972.,116,81,197
WBGene00009973.,774,16597,17371
WBGene00009974.,400,6718,7118
WBGene00009975.,1713,3224,4937
WBGene00009976.,168,2298,2466
WBGene00009977.,161,1461,1622
WBGene00009978.,2655,3223,5878
WBGene00009979.,73,11,84
WBGene00009980.,143,4809,4952
WBGene00009981.,33,490,523
WBGene00009982.,114,44561,44675
WBGene00009983.,2,6162,6164
WBGene00009984.,207,379,586
WBGene00009985.,21,420,441
WBGene00009986.,52,678,730
WBGene00009987.,173,3301,3474
WBGene00009988.,78,70,148
WBGene00009990.,0,9,9
WBGene00009991.,7,54,61
WBGene00009992.,841,31005,31846
WBGene00009993.,20,13323,13343
WBGene00009994.,16,1043,1059
WBGene00009995.,26646,219412,246058
WBGene00009996.,61,2281,2342
WBGene00009997.,1,9,10
WBGene00009998.,5,27,32
WBGene00009999.,12,21,33
WBGene00010000.,2,27,29
WBGene00010001.,25,1966,1991
WBGene00010002.,105,1302,1407
WBGene00010003.,153,314,467
WBGene00010004.,45,40,85
WBGene00010005.,13,17,30
WBGene00010006.,1647,1761,3408
WBGene00010007.,0,2,2
WBGene00010008.,23,248,271
WBGene00010009.,28,269,297
WBGene00010010.,64,504,568
WBGene00010011.,24,264,288
WBGene00010012.,1586,9596,11182
WBGene00010013.,230,4499,4729
WBGene00010014.,2,16,18
WBGene00010015.,106,12712,12818
WBGene00010016.,1,0,1
WBGene00010017.,0,0,0
WBGene00010018.,3,29,32
WBGene00010019.,40,306,346
WBGene00010020.,0,0,0
WBGene00010021.,0,3,3
WBGene00010022.,0,0,0
WBGene00010023.,0,6,6
WBGene00010024.,0,0,0
WBGene00010025.,0,8,8
WBGene00010026.,1,1,2
WBGene00010027.,29,157,186
WBGene00010028.,59,1324,1383
WBGene00010030.,2,4,6
WBGene00010031.,7,514,521
WBGene00010032.,170,3265,3435
WBGene00010033.,141,2612,2753
WBGene00010034.,3,4,7
WBGene00010035.,8,39,47
WBGene00010036.,1,41,42
WBGene00010037.,405,9774,10179
WBGene00010038.,142,2358,2500
WBGene00010039.,97,354,451
WBGene00010040.,58,2148,2206
WBGene00010041.,0,119,119
WBGene00010042.,114,2291,2405
WBGene00010043.,67,428,495
WBGene00010044.,578,7119,7697
WBGene00010045.,353,2502,2855
WBGene00010046.,2,34,36
WBGene00010047.,40,319,359
WBGene00010048.,30,459,489
WBGene00010049.,38,308,346
WBGene00010050.,17,137,154
WBGene00010051.,161,1697,1858
WBGene00010052.,45,4150,4195
WBGene00010053.,0,12,12
WBGene00010054.,0,631,631
WBGene00010055.,2113,20542,22655
WBGene00010056.,18,2058,2076
WBGene00010057.,24,144,168
WBGene00010058.,17,5,22
WBGene00010059.,73,2765,2838
WBGene00010060.,26,127,153
WBGene00010061.,51,1127,1178
WBGene00010062.,6,22,28
WBGene00010063.,24,162,186
WBGene00010064.,9,438,447
WBGene00010065.,0,4,4
WBGene00010066.,1,4,5
WBGene00010067.,1,0,1
WBGene00010068.,3,68,71
WBGene00010069.,26,78,104
WBGene00010070.,64,425,489
WBGene00010071.,746,103,849
WBGene00010072.,47,126,173
WBGene00010073.,173,315,488
WBGene00010074.,86,241,327
WBGene00010075.,41,6770,6811
WBGene00010077.,86,305,391
WBGene00010079.,507,1138,1645
WBGene00010080.,61,828,889
WBGene00010081.,7,175,182
WBGene00010082.,4,399,403
WBGene00010083.,84,321,405
WBGene00010084.,0,1,1
WBGene00010085.,0,0,0
WBGene00010086.,576,82,658
WBGene00010087.,0,0,0
WBGene00010088.,14,119,133
WBGene00010089.,87,1000,1087
WBGene00010091.,0,2,2
WBGene00010092.,2,9,11
WBGene00010093.,23,1174,1197
WBGene00010094.,119,9684,9803
WBGene00010095.,17,35,52
WBGene00010096.,228,1676,1904
WBGene00010097.,220,6178,6398
WBGene00010098.,0,11,11
WBGene00010099.,0,0,0
WBGene00010100.,3,53,56
WBGene00010101.,0,0,0
WBGene00010102.,3,16,19
WBGene00010103.,1,0,1
WBGene00010104.,0,0,0
WBGene00010105.,0,3,3
WBGene00010106.,1,49,50
WBGene00010107.,0,5,5
WBGene00010108.,1,4,5
WBGene00010109.,59,2185,2244
WBGene00010110.,113,1252,1365
WBGene00010111.,151,869,1020
WBGene00010112.,2,13,15
WBGene00010113.,117,584,701
WBGene00010114.,6,1,7
WBGene00010115.,169,1341,1510
WBGene00010116.,68,135,203
WBGene00010117.,265,3752,4017
WBGene00010118.,6,48,54
WBGene00010119.,8,64,72
WBGene00010120.,6,31,37
WBGene00010121.,8,1,9
WBGene00010122.,0,16,16
WBGene00010123.,9,52,61
WBGene00010124.,2,10,12
WBGene00010125.,3,7,10
WBGene00010126.,0,0,0
WBGene00010127.,0,0,0
WBGene00010128.,0,14,14
WBGene00010129.,0,0,0
WBGene00010130.,173,9111,9284
WBGene00010131.,34,1152,1186
WBGene00010132.,277,1020,1297
WBGene00010133.,1222,549,1771
WBGene00010134.,10,35,45
WBGene00010135.,5,2136,2141
WBGene00010136.,7,1,8
WBGene00010137.,174,308,482
WBGene00010138.,19,87,106
WBGene00010139.,372,9659,10031
WBGene00010140.,55,468,523
WBGene00010141.,105,835,940
WBGene00010142.,27,296,323
WBGene00010143.,16,110,126
WBGene00010144.,14,106,120
WBGene00010145.,8,7,15
WBGene00010146.,325,1205,1530
WBGene00010147.,1,1,2
WBGene00010148.,26,153,179
WBGene00010149.,0,0,0
WBGene00010150.,280,64,344
WBGene00010152.,0,6,6
WBGene00010153.,0,2,2
WBGene00010155.,8,45,53
WBGene00010157.,0,3,3
WBGene00010158.,1,0,1
WBGene00010159.,501,1626,2127
WBGene00010160.,248,1050,1298
WBGene00010161.,388,1140,1528
WBGene00010162.,0,1,1
WBGene00010163.,95,445,540
WBGene00010165.,30,49,79
WBGene00010166.,4,30,34
WBGene00010167.,25,7,32
WBGene00010168.,25,59,84
WBGene00010169.,2,3,5
WBGene00010170.,0,4,4
WBGene00010171.,2,1,3
WBGene00010172.,2,4,6
WBGene00010173.,4,6,10
WBGene00010174.,1083,17025,18108
WBGene00010175.,202,1003,1205
WBGene00010176.,13,26,39
WBGene00010177.,784,5260,6044
WBGene00010178.,183,3567,3750
WBGene00010179.,131,1138,1269
WBGene00010180.,3,9,12
WBGene00010181.,3,2,5
WBGene00010182.,1,12,13
WBGene00010183.,1,42,43
WBGene00010184.,0,18,18
WBGene00010185.,6,37,43
WBGene00010186.,0,26,26
WBGene00010187.,3,12,15
WBGene00010188.,10,317,327
WBGene00010189.,0,28,28
WBGene00010191.,67,2851,2918
WBGene00010192.,24,780,804
WBGene00010193.,6,248,254
WBGene00010194.,0,53,53
WBGene00010195.,7,125,132
WBGene00010196.,8,15,23
WBGene00010197.,67,2096,2163
WBGene00010198.,83,597,680
WBGene00010199.,153,4759,4912
WBGene00010200.,124,154,278
WBGene00010202.,20,806,826
WBGene00010203.,3,74,77
WBGene00010204.,5,852,857
WBGene00010205.,15,247,262
WBGene00010206.,0,1,1
WBGene00010209.,1,12,13
WBGene00010212.,327,44,371
WBGene00010214.,48,286,334
WBGene00010215.,6,8,14
WBGene00010216.,0,0,0
WBGene00010217.,0,2,2
WBGene00010218.,1,7,8
WBGene00010219.,0,1,1
WBGene00010220.,2,4,6
WBGene00010221.,101,8148,8249
WBGene00010222.,53,204,257
WBGene00010223.,19,93,112
WBGene00010224.,109,556,665
WBGene00010225.,100,2228,2328
WBGene00010226.,1,12,13
WBGene00010227.,31,525,556
WBGene00010228.,27,14,41
WBGene00010229.,98,887,985
WBGene00010230.,151,5811,5962
WBGene00010231.,437,6751,7188
WBGene00010232.,165,6910,7075
WBGene00010233.,76,811,887
WBGene00010234.,2,1455,1457
WBGene00010235.,83,1631,1714
WBGene00010236.,47,1700,1747
WBGene00010237.,2,8,10
WBGene00010238.,11,144,155
WBGene00010239.,25,688,713
WBGene00010240.,2,8,10
WBGene00010241.,2,24,26
WBGene00010242.,80,479,559
WBGene00010243.,22,96,118
WBGene00010244.,488,11478,11966
WBGene00010245.,0,6,6
WBGene00010246.,3,32,35
WBGene00010247.,4,0,4
WBGene00010248.,66,152,218
WBGene00010249.,4,1,5
WBGene00010250.,35,68,103
WBGene00010251.,289,823,1112
WBGene00010253.,5,37,42
WBGene00010254.,0,4,4
WBGene00010255.,0,2,2
WBGene00010256.,2,20,22
WBGene00010257.,0,22,22
WBGene00010258.,35,457,492
WBGene00010259.,1174,3431,4605
WBGene00010260.,284,23496,23780
WBGene00010261.,4,5,9
WBGene00010262.,72,1987,2059
WBGene00010263.,5,151,156
WBGene00010264.,141,367,508
WBGene00010265.,2,6,8
WBGene00010266.,113,1966,2079
WBGene00010267.,19,248,267
WBGene00010268.,56,816,872
WBGene00010269.,53,2902,2955
WBGene00010270.,0,3,3
WBGene00010271.,1,1,2
WBGene00010272.,351,3199,3550
WBGene00010273.,10,27,37
WBGene00010274.,1,46,47
WBGene00010275.,97,273,370
WBGene00010276.,0,0,0
WBGene00010277.,0,34,34
WBGene00010278.,0,29,29
WBGene00010279.,148,4690,4838
WBGene00010280.,133,3438,3571
WBGene00010281.,5,238,243
WBGene00010282.,36,56,92
WBGene00010283.,56,667,723
WBGene00010284.,283,5935,6218
WBGene00010285.,14,215,229
WBGene00010286.,45,940,985
WBGene00010288.,129,1246,1375
WBGene00010289.,0,5,5
WBGene00010290.,40,3315,3355
WBGene00010291.,62,317,379
WBGene00010292.,0,6,6
WBGene00010293.,6,116,122
WBGene00010294.,10,63,73
WBGene00010295.,26,168,194
WBGene00010296.,0,37,37
WBGene00010297.,9,13,22
WBGene00010298.,3,2,5
WBGene00010299.,2,0,2
WBGene00010300.,0,1,1
WBGene00010301.,0,0,0
WBGene00010303.,499,56525,57024
WBGene00010304.,175,1106,1281
WBGene00010305.,222,3362,3584
WBGene00010306.,1359,5140,6499
WBGene00010307.,11,579,590
WBGene00010308.,61,506,567
WBGene00010309.,32,236,268
WBGene00010310.,21,439,460
WBGene00010311.,9,222,231
WBGene00010313.,37,104,141
WBGene00010314.,1,7,8
WBGene00010315.,36,207,243
WBGene00010316.,188,671,859
WBGene00010317.,454,32767,33221
WBGene00010318.,43,280,323
WBGene00010319.,73,693,766
WBGene00010320.,120,1106,1226
WBGene00010321.,56,1402,1458
WBGene00010322.,33,22,55
WBGene00010323.,2,10,12
WBGene00010324.,2,0,2
WBGene00010325.,25,2028,2053
WBGene00010326.,1624,15110,16734
WBGene00010327.,405,907,1312
WBGene00010328.,11,59,70
WBGene00010329.,57,772,829
WBGene00010330.,519800,197,519997
WBGene00010331.,110,752,862
WBGene00010332.,23,466,489
WBGene00010333.,420,8384,8804
WBGene00010334.,27,73,100
WBGene00010335.,317,1070,1387
WBGene00010336.,25,134,159
WBGene00010337.,1590,18538,20128
WBGene00010338.,116,1498,1614
WBGene00010339.,33,1254,1287
WBGene00010340.,21,54,75
WBGene00010341.,5,25,30
WBGene00010342.,40,50,90
WBGene00010343.,2,2,4
WBGene00010344.,31,272,303
WBGene00010345.,48,275,323
WBGene00010348.,7,586,593
WBGene00010349.,68,301,369
WBGene00010350.,372,1026,1398
WBGene00010351.,6,222,228
WBGene00010352.,6,28,34
WBGene00010353.,1,67,68
WBGene00010354.,29,129,158
WBGene00010355.,3,9,12
WBGene00010356.,60,1225,1285
WBGene00010357.,94,688,782
WBGene00010358.,0,1,1
WBGene00010359.,4,8,12
WBGene00010360.,1,9,10
WBGene00010361.,1,18,19
WBGene00010362.,0,376,376
WBGene00010363.,15,158,173
WBGene00010364.,2,22,24
WBGene00010365.,10,7,17
WBGene00010366.,5,1,6
WBGene00010367.,17,209,226
WBGene00010368.,7,7,14
WBGene00010369.,255,4986,5241
WBGene00010370.,919,7268,8187
WBGene00010371.,0,42,42
WBGene00010372.,22,30,52
WBGene00010373.,7,28,35
WBGene00010374.,635,2334,2969
WBGene00010375.,14,312,326
WBGene00010376.,0,0,0
WBGene00010377.,0,0,0
WBGene00010378.,5,51,56
WBGene00010379.,0,0,0
WBGene00010380.,1,0,1
WBGene00010381.,1,0,1
WBGene00010382.,0,49,49
WBGene00010383.,55,590,645
WBGene00010385.,355,705,1060
WBGene00010386.,233,251,484
WBGene00010387.,1,9,10
WBGene00010388.,2,4,6
WBGene00010389.,18,2,20
WBGene00010390.,1,6,7
WBGene00010391.,0,2,2
WBGene00010392.,1,1,2
WBGene00010394.,8,6,14
WBGene00010395.,0,0,0
WBGene00010396.,30,235,265
WBGene00010397.,22,834,856
WBGene00010399.,0,0,0
WBGene00010400.,0,0,0
WBGene00010401.,0,2,2
WBGene00010402.,15,72,87
WBGene00010403.,10,36,46
WBGene00010404.,0,0,0
WBGene00010405.,197,8557,8754
WBGene00010406.,81,5500,5581
WBGene00010407.,105,2348,2453
WBGene00010408.,152,2479,2631
WBGene00010409.,131,822,953
WBGene00010410.,0,5,5
WBGene00010411.,1,2,3
WBGene00010412.,0,1,1
WBGene00010413.,0,0,0
WBGene00010414.,0,3,3
WBGene00010415.,2,3,5
WBGene00010416.,436,3812,4248
WBGene00010417.,0,0,0
WBGene00010418.,38,1113,1151
WBGene00010419.,6644,162034,168678
WBGene00010420.,151,1311,1462
WBGene00010421.,36,171,207
WBGene00010422.,34,532,566
WBGene00010423.,49,71,120
WBGene00010424.,11,144,155
WBGene00010425.,273,14426,14699
WBGene00010426.,6,19,25
WBGene00010427.,895,1617,2512
WBGene00010428.,208,3174,3382
WBGene00010430.,0,0,0
WBGene00010431.,0,0,0
WBGene00010432.,7,53,60
WBGene00010433.,131,1716,1847
WBGene00010434.,71,126,197
WBGene00010435.,480,6722,7202
WBGene00010436.,0,449,449
WBGene00010437.,143,1432,1575
WBGene00010439.,63,932,995
WBGene00010440.,1803,27158,28961
WBGene00010442.,115,1192,1307
WBGene00010444.,476,2004,2480
WBGene00010446.,0,55,55
WBGene00010447.,4,6,10
WBGene00010448.,58,281,339
WBGene00010449.,51,572,623
WBGene00010450.,210,2552,2762
WBGene00010451.,42,7,49
WBGene00010453.,61,358,419
WBGene00010454.,45,398,443
WBGene00010455.,34,283,317
WBGene00010456.,81,1080,1161
WBGene00010457.,7,112,119
WBGene00010458.,63,3180,3243
WBGene00010459.,10,1084,1094
WBGene00010460.,14,31,45
WBGene00010461.,1,22,23
WBGene00010463.,10,2,12
WBGene00010464.,35,164,199
WBGene00010465.,168,1401,1569
WBGene00010466.,0,7,7
WBGene00010467.,0,9,9
WBGene00010468.,0,149,149
WBGene00010469.,2,19,21
WBGene00010470.,135,812,947
WBGene00010471.,377,5098,5475
WBGene00010472.,12,1675,1687
WBGene00010473.,30,161,191
WBGene00010474.,0,0,0
WBGene00010475.,653,1194,1847
WBGene00010476.,68,2233,2301
WBGene00010477.,0,194,194
WBGene00010478.,280,32935,33215
WBGene00010479.,295,2477,2772
WBGene00010480.,1092,5773,6865
WBGene00010481.,25,1293,1318
WBGene00010483.,0,5,5
WBGene00010484.,167,2896,3063
WBGene00010485.,0,47,47
WBGene00010486.,0,0,0
WBGene00010487.,25,19,44
WBGene00010488.,945,6799,7744
WBGene00010491.,10,2699,2709
WBGene00010492.,0,1,1
WBGene00010493.,2,2,4
WBGene00010494.,1,2,3
WBGene00010495.,0,15,15
WBGene00010496.,162,1936,2098
WBGene00010497.,70,459,529
WBGene00010498.,84,645,729
WBGene00010499.,0,15,15
WBGene00010500.,545,4592,5137
WBGene00010501.,51,687,738
WBGene00010502.,108,1733,1841
WBGene00010503.,108,615,723
WBGene00010504.,14,450,464
WBGene00010505.,49,315,364
WBGene00010506.,16,72,88
WBGene00010507.,186,4823,5009
WBGene00010508.,11,6,17
WBGene00010509.,1,9,10
WBGene00010510.,0,1,1
WBGene00010511.,2,2,4
WBGene00010512.,503,8121,8624
WBGene00010513.,700,7389,8089
WBGene00010514.,835,9523,10358
WBGene00010515.,463,9240,9703
WBGene00010516.,37,569,606
WBGene00010517.,0,0,0
WBGene00010518.,0,0,0
WBGene00010519.,3,11,14
WBGene00010520.,91,426,517
WBGene00010521.,52,183,235
WBGene00010522.,26,280,306
WBGene00010523.,1,0,1
WBGene00010524.,3,195,198
WBGene00010525.,45,597,642
WBGene00010526.,0,8,8
WBGene00010527.,1,0,1
WBGene00010528.,0,1,1
WBGene00010529.,0,2,2
WBGene00010530.,1,2,3
WBGene00010531.,0,0,0
WBGene00010534.,8,0,8
WBGene00010535.,1,0,1
WBGene00010536.,0,0,0
WBGene00010537.,296,766,1062
WBGene00010538.,12,39,51
WBGene00010539.,252,3630,3882
WBGene00010540.,26,177,203
WBGene00010541.,542,6909,7451
WBGene00010542.,6,913,919
WBGene00010543.,0,4,4
WBGene00010544.,0,10,10
WBGene00010545.,0,28,28
WBGene00010546.,7,178,185
WBGene00010547.,0,1,1
WBGene00010550.,96,1721,1817
WBGene00010551.,189,1416,1605
WBGene00010552.,48,646,694
WBGene00010553.,22,485,507
WBGene00010554.,10,88,98
WBGene00010555.,0,2,2
WBGene00010556.,3457,402357,405814
WBGene00010557.,36,1753,1789
WBGene00010558.,95,384,479
WBGene00010559.,2,67,69
WBGene00010560.,579,21809,22388
WBGene00010562.,124,1769,1893
WBGene00010563.,70,70,140
WBGene00010564.,241,3700,3941
WBGene00010565.,11,564,575
WBGene00010566.,65,249,314
WBGene00010567.,116,1288,1404
WBGene00010568.,0,42,42
WBGene00010569.,58,505,563
WBGene00010570.,0,0,0
WBGene00010571.,4,17,21
WBGene00010572.,43,415,458
WBGene00010573.,24,859,883
WBGene00010574.,1,13,14
WBGene00010575.,21,578,599
WBGene00010576.,3,3,6
WBGene00010577.,1,1,2
WBGene00010578.,1,0,1
WBGene00010579.,47,9922,9969
WBGene00010580.,32,49,81
WBGene00010581.,3,31,34
WBGene00010582.,264,3434,3698
WBGene00010583.,3,2187,2190
WBGene00010584.,0,24,24
WBGene00010585.,221,612,833
WBGene00010586.,8,9,17
WBGene00010587.,201,233,434
WBGene00010588.,0,0,0
WBGene00010589.,2,65,67
WBGene00010590.,0,0,0
WBGene00010591.,1,1,2
WBGene00010592.,21,170,191
WBGene00010593.,1151,15838,16989
WBGene00010594.,34,243,277
WBGene00010595.,303,1712,2015
WBGene00010596.,0,6,6
WBGene00010597.,316,388,704
WBGene00010598.,1,2,3
WBGene00010599.,14,32,46
WBGene00010600.,0,5,5
WBGene00010601.,0,2,2
WBGene00010602.,2,3,5
WBGene00010603.,6,33,39
WBGene00010604.,4,116,120
WBGene00010605.,62,299,361
WBGene00010606.,4,43,47
WBGene00010607.,17,18,35
WBGene00010608.,32,393,425
WBGene00010609.,220,2432,2652
WBGene00010610.,278,2692,2970
WBGene00010611.,0,4,4
WBGene00010612.,1,1,2
WBGene00010613.,5,6,11
WBGene00010614.,4,22,26
WBGene00010615.,200,1995,2195
WBGene00010616.,260,11717,11977
WBGene00010617.,15,100,115
WBGene00010618.,0,0,0
WBGene00010619.,235,1323,1558
WBGene00010620.,219,2636,2855
WBGene00010621.,13,645,658
WBGene00010622.,88,1236,1324
WBGene00010623.,31,178,209
WBGene00010624.,499,6164,6663
WBGene00010625.,163,2192,2355
WBGene00010626.,662,3729,4391
WBGene00010627.,2160,40141,42301
WBGene00010628.,10,145,155
WBGene00010629.,154,4168,4322
WBGene00010630.,19,221,240
WBGene00010631.,318,5033,5351
WBGene00010632.,220,1798,2018
WBGene00010633.,0,1,1
WBGene00010634.,0,0,0
WBGene00010635.,0,6,6
WBGene00010636.,9,74,83
WBGene00010637.,6,131,137
WBGene00010638.,384,3292,3676
WBGene00010639.,393,7558,7951
WBGene00010640.,5,683,688
WBGene00010641.,93,2349,2442
WBGene00010642.,90,773,863
WBGene00010643.,13,91,104
WBGene00010644.,1,15,16
WBGene00010645.,274,3581,3855
WBGene00010646.,18,115,133
WBGene00010647.,8,949,957
WBGene00010648.,308,2632,2940
WBGene00010649.,285,2336,2621
WBGene00010650.,3,2,5
WBGene00010651.,1,3,4
WBGene00010652.,3,49,52
WBGene00010653.,0,0,0
WBGene00010654.,8,31,39
WBGene00010655.,5,3,8
WBGene00010656.,2,1,3
WBGene00010657.,3,48,51
WBGene00010658.,2,63,65
WBGene00010659.,7,32,39
WBGene00010660.,26,287,313
WBGene00010661.,14,347,361
WBGene00010662.,6,20,26
WBGene00010663.,76,210,286
WBGene00010664.,72,2052,2124
WBGene00010665.,450,7916,8366
WBGene00010666.,4,560,564
WBGene00010667.,165,1242,1407
WBGene00010669.,27,66,93
WBGene00010670.,53,6720,6773
WBGene00010671.,28,1592,1620
WBGene00010672.,1,5,6
WBGene00010673.,5,24,29
WBGene00010674.,28,786,814
WBGene00010675.,341,2976,3317
WBGene00010676.,125,1653,1778
WBGene00010677.,187,14965,15152
WBGene00010678.,25,458,483
WBGene00010679.,6,24,30
WBGene00010680.,8,59,67
WBGene00010681.,629,22614,23243
WBGene00010682.,9,93,102
WBGene00010683.,0,179,179
WBGene00010684.,18,4,22
WBGene00010685.,184,2503,2687
WBGene00010686.,2,21,23
WBGene00010687.,77,1901,1978
WBGene00010688.,1,2,3
WBGene00010689.,0,4,4
WBGene00010690.,0,3,3
WBGene00010691.,2,28,30
WBGene00010692.,1,4,5
WBGene00010693.,42,122,164
WBGene00010694.,19,12,31
WBGene00010697.,138,2242,2380
WBGene00010698.,7,9,16
WBGene00010699.,451,3316,3767
WBGene00010700.,235,3096,3331
WBGene00010701.,176,5774,5950
WBGene00010702.,96,600,696
WBGene00010703.,1626,13605,15231
WBGene00010704.,14,573,587
WBGene00010705.,26,189,215
WBGene00010706.,1,12,13
WBGene00010707.,1,6,7
WBGene00010708.,8,81,89
WBGene00010709.,128,654,782
WBGene00010711.,0,69,69
WBGene00010712.,5,4,9
WBGene00010713.,533,2003,2536
WBGene00010714.,55,67,122
WBGene00010715.,0,1,1
WBGene00010716.,36,298,334
WBGene00010717.,6,78,84
WBGene00010718.,6,20,26
WBGene00010719.,3,1,4
WBGene00010720.,70,1518,1588
WBGene00010721.,91,2012,2103
WBGene00010722.,55,313,368
WBGene00010723.,12,1101,1113
WBGene00010724.,174,703,877
WBGene00010725.,143,1427,1570
WBGene00010726.,18,1637,1655
WBGene00010727.,270,8293,8563
WBGene00010728.,2,6,8
WBGene00010730.,28,4003,4031
WBGene00010731.,461,4023,4484
WBGene00010732.,446,2688,3134
WBGene00010733.,0,0,0
WBGene00010734.,33,220,253
WBGene00010735.,93,141,234
WBGene00010736.,420,4037,4457
WBGene00010737.,32,251,283
WBGene00010738.,75,2325,2400
WBGene00010740.,0,294,294
WBGene00010741.,5,197,202
WBGene00010742.,114,6311,6425
WBGene00010743.,2,11,13
WBGene00010744.,200,1494,1694
WBGene00010745.,3,20,23
WBGene00010746.,29,4,33
WBGene00010747.,2,5,7
WBGene00010748.,1,0,1
WBGene00010749.,0,21,21
WBGene00010750.,0,2,2
WBGene00010752.,1,5,6
WBGene00010753.,0,1,1
WBGene00010754.,0,3,3
WBGene00010755.,6,154,160
WBGene00010756.,94,1063,1157
WBGene00010757.,17,537,554
WBGene00010758.,139,1205,1344
WBGene00010759.,167,2106,2273
WBGene00010760.,1,32,33
WBGene00010761.,7,6,13
WBGene00010762.,3,8,11
WBGene00010763.,0,2,2
WBGene00010764.,2,5,7
WBGene00010765.,10,31,41
WBGene00010766.,113,4235,4348
WBGene00010767.,14,525,539
WBGene00010768.,51,104,155
WBGene00010769.,9,141,150
WBGene00010770.,172,380,552
WBGene00010771.,66,1001,1067
WBGene00010772.,2065,3638,5703
WBGene00010773.,227,4349,4576
WBGene00010774.,2,43,45
WBGene00010775.,13,33,46
WBGene00010776.,274,1247,1521
WBGene00010777.,0,0,0
WBGene00010778.,481,8286,8767
WBGene00010779.,3,6,9
WBGene00010780.,160,2989,3149
WBGene00010781.,11,67,78
WBGene00010782.,7,62,69
WBGene00010783.,559,6445,7004
WBGene00010784.,91,299,390
WBGene00010785.,90,4697,4787
WBGene00010786.,18,10,28
WBGene00010787.,7,88,95
WBGene00010788.,43,148,191
WBGene00010789.,63,55,118
WBGene00010790.,263,34947,35210
WBGene00010791.,7,157,164
WBGene00010792.,27,186,213
WBGene00010793.,86,557,643
WBGene00010794.,587,19466,20053
WBGene00010795.,20,359,379
WBGene00010796.,506,3897,4403
WBGene00010797.,0,0,0
WBGene00010798.,0,0,0
WBGene00010799.,26,195,221
WBGene00010800.,0,5,5
WBGene00010801.,1,1,2
WBGene00010802.,0,1,1
WBGene00010803.,24,672,696
WBGene00010804.,0,1,1
WBGene00010805.,31,498,529
WBGene00010806.,306,3919,4225
WBGene00010807.,18,1465,1483
WBGene00010808.,0,3,3
WBGene00010809.,57,7238,7295
WBGene00010810.,257,1922,2179
WBGene00010811.,83,1115,1198
WBGene00010812.,523,11038,11561
WBGene00010813.,358,832,1190
WBGene00010814.,92,367,459
WBGene00010815.,165,671,836
WBGene00010817.,0,1,1
WBGene00010818.,12,3,15
WBGene00010819.,0,2,2
WBGene00010820.,0,0,0
WBGene00010821.,2,1,3
WBGene00010822.,3,33,36
WBGene00010823.,0,1,1
WBGene00010824.,0,0,0
WBGene00010825.,0,14,14
WBGene00010827.,82,1347,1429
WBGene00010828.,1296,4187,5483
WBGene00010829.,6,3,9
WBGene00010830.,13,87,100
WBGene00010831.,9,34,43
WBGene00010832.,2,12,14
WBGene00010833.,85,922,1007
WBGene00010834.,47,3592,3639
WBGene00010835.,65,437,502
WBGene00010836.,19,205,224
WBGene00010837.,73,2384,2457
WBGene00010838.,142,1067,1209
WBGene00010839.,85,374,459
WBGene00010840.,756,2247,3003
WBGene00010842.,438,3647,4085
WBGene00010843.,51,166,217
WBGene00010844.,173,2844,3017
WBGene00010845.,266,5858,6124
WBGene00010846.,46,224,270
WBGene00010847.,134,2181,2315
WBGene00010848.,4,208,212
WBGene00010849.,350,312,662
WBGene00010850.,25,32,57
WBGene00010851.,0,13,13
WBGene00010854.,0,9,9
WBGene00010855.,70,17,87
WBGene00010856.,666,2625,3291
WBGene00010857.,49,111,160
WBGene00010858.,61,558,619
WBGene00010859.,17,61,78
WBGene00010862.,2,9,11
WBGene00010863.,10,13,23
WBGene00010864.,35,268,303
WBGene00010865.,31,122,153
WBGene00010866.,0,1,1
WBGene00010867.,160,2174,2334
WBGene00010868.,224,9727,9951
WBGene00010869.,0,10,10
WBGene00010870.,12,175,187
WBGene00010871.,26,138,164
WBGene00010872.,79,5452,5531
WBGene00010873.,43,430,473
WBGene00010874.,37,214,251
WBGene00010875.,139,1583,1722
WBGene00010876.,33,34,67
WBGene00010877.,276,2741,3017
WBGene00010878.,176,4439,4615
WBGene00010879.,344,11812,12156
WBGene00010880.,134,130,264
WBGene00010881.,48,399,447
WBGene00010882.,64,2081,2145
WBGene00010883.,0,14,14
WBGene00010884.,59,415,474
WBGene00010885.,1,3,4
WBGene00010886.,1,7,8
WBGene00010887.,412,4194,4606
WBGene00010888.,2226,20026,22252
WBGene00010889.,23,386,409
WBGene00010890.,205,3090,3295
WBGene00010891.,12,1023,1035
WBGene00010892.,18,786,804
WBGene00010893.,85,861,946
WBGene00010894.,4,1,5
WBGene00010895.,3,4,7
WBGene00010896.,595,74278,74873
WBGene00010897.,294,907,1201
WBGene00010898.,165,792,957
WBGene00010899.,18,94,112
WBGene00010900.,2,2,4
WBGene00010901.,1,41,42
WBGene00010902.,183,1366,1549
WBGene00010904.,7,82,89
WBGene00010905.,212,7035,7247
WBGene00010906.,3,15,18
WBGene00010907.,20,208,228
WBGene00010908.,274,4607,4881
WBGene00010909.,266,5266,5532
WBGene00010910.,314,694,1008
WBGene00010911.,177,1928,2105
WBGene00010912.,300,5147,5447
WBGene00010913.,109,2015,2124
WBGene00010915.,5,5,10
WBGene00010916.,6,54,60
WBGene00010917.,15,216,231
WBGene00010918.,327,1797,2124
WBGene00010919.,171,74,245
WBGene00010920.,6,8,14
WBGene00010921.,7,24,31
WBGene00010922.,4,1804,1808
WBGene00010923.,318,1921,2239
WBGene00010924.,74,23,97
WBGene00010925.,3,10,13
WBGene00010926.,2,49,51
WBGene00010927.,0,1,1
WBGene00010928.,0,28,28
WBGene00010929.,1,1,2
WBGene00010930.,0,0,0
WBGene00010931.,7,132,139
WBGene00010932.,1,2,3
WBGene00010933.,0,1,1
WBGene00010934.,1,15,16
WBGene00010935.,0,683,683
WBGene00010936.,72,734,806
WBGene00010937.,2,22,24
WBGene00010938.,13,2,15
WBGene00010939.,2,15,17
WBGene00010940.,6,1039,1045
WBGene00010941.,139,1554,1693
WBGene00010942.,861,14608,15469
WBGene00010943.,20,669,689
WBGene00010944.,80,1703,1783
WBGene00010945.,2,110,112
WBGene00010946.,17,9,26
WBGene00010947.,0,537,537
WBGene00010948.,5,22,27
WBGene00010949.,3,2,5
WBGene00010950.,0,1,1
WBGene00010951.,68,595,663
WBGene00010952.,2,0,2
WBGene00010953.,0,0,0
WBGene00010954.,0,0,0
WBGene00010955.,0,0,0
WBGene00010956.,0,1,1
WBGene00010957.,0,969370,969370
WBGene00010958.,0,225344,225344
WBGene00010959.,0,164336,164336
WBGene00010960.,0,802289,802289
WBGene00010961.,0,62059,62059
WBGene00010962.,0,559709,559709
WBGene00010963.,0,68211,68211
WBGene00010964.,0,322495,322495
WBGene00010965.,0,489978,489978
WBGene00010966.,0,34174,34174
WBGene00010967.,0,70064,70064
WBGene00010968.,7,83,90
WBGene00010969.,0,15,15
WBGene00010970.,221,1643,1864
WBGene00010971.,9,171,180
WBGene00010972.,3,218,221
WBGene00010973.,17,92,109
WBGene00010974.,135,553,688
WBGene00010975.,105,845,950
WBGene00010976.,8,1041,1049
WBGene00010977.,8,124,132
WBGene00010978.,0,26,26
WBGene00010979.,27,47,74
WBGene00010980.,2,3,5
WBGene00010981.,77,1243,1320
WBGene00010982.,182,2586,2768
WBGene00010983.,40,74,114
WBGene00010984.,37,3006,3043
WBGene00010985.,41,117,158
WBGene00010986.,35,329,364
WBGene00010987.,6,28,34
WBGene00010988.,162,2755,2917
WBGene00010989.,2,90,92
WBGene00010990.,626,3206,3832
WBGene00010991.,7,39,46
WBGene00010992.,3,3,6
WBGene00010993.,100,7965,8065
WBGene00010994.,716,5236,5952
WBGene00010995.,3,1,4
WBGene00010996.,3,1,4
WBGene00010998.,3,6,9
WBGene00010999.,12,6,18
WBGene00011000.,13,25,38
WBGene00011001.,12,15,27
WBGene00011002.,76,289,365
WBGene00011003.,151,1352,1503
WBGene00011004.,368,1489,1857
WBGene00011005.,1,7,8
WBGene00011006.,2,38,40
WBGene00011007.,1,1,2
WBGene00011008.,2,0,2
WBGene00011009.,2,31,33
WBGene00011010.,0,3,3
WBGene00011011.,0,0,0
WBGene00011012.,0,1,1
WBGene00011013.,1,38,39
WBGene00011014.,44,251,295
WBGene00011015.,6422,115599,122021
WBGene00011016.,41,2138,2179
WBGene00011017.,20,4368,4388
WBGene00011018.,154,3078,3232
WBGene00011019.,987,20370,21357
WBGene00011020.,184,4229,4413
WBGene00011021.,268,3041,3309
WBGene00011022.,5,6,11
WBGene00011023.,7,50,57
WBGene00011024.,0,0,0
WBGene00011025.,2,2,4
WBGene00011026.,3306,11007,14313
WBGene00011027.,48,165,213
WBGene00011028.,1270,1882,3152
WBGene00011029.,327,2608,2935
WBGene00011030.,85,339,424
WBGene00011032.,165,3226,3391
WBGene00011033.,49,2283,2332
WBGene00011034.,94,1550,1644
WBGene00011035.,213,3224,3437
WBGene00011036.,97,1158,1255
WBGene00011037.,79,1225,1304
WBGene00011038.,355,13564,13919
WBGene00011039.,6,186,192
WBGene00011040.,30,577,607
WBGene00011041.,0,7,7
WBGene00011042.,3,83,86
WBGene00011043.,680,3987,4667
WBGene00011044.,140,257,397
WBGene00011045.,301,2404,2705
WBGene00011046.,1,9,10
WBGene00011047.,22,934,956
WBGene00011049.,2,19,21
WBGene00011050.,411,2782,3193
WBGene00011051.,57,3202,3259
WBGene00011052.,8,2,10
WBGene00011053.,3,6,9
WBGene00011054.,66,1355,1421
WBGene00011055.,168,2367,2535
WBGene00011056.,11,6,17
WBGene00011058.,505,1694,2199
WBGene00011059.,9021,159281,168302
WBGene00011060.,88,1268,1356
WBGene00011061.,31,958,989
WBGene00011062.,0,59,59
WBGene00011063.,5,137,142
WBGene00011064.,185,3069,3254
WBGene00011065.,15,212,227
WBGene00011066.,19,220,239
WBGene00011067.,83,1180,1263
WBGene00011068.,41,1210,1251
WBGene00011069.,31,218,249
WBGene00011070.,291,9136,9427
WBGene00011071.,224,1653,1877
WBGene00011072.,4456,47481,51937
WBGene00011073.,18,216,234
WBGene00011074.,27,200,227
WBGene00011075.,52,255,307
WBGene00011076.,5,29,34
WBGene00011077.,5,65,70
WBGene00011078.,5,38,43
WBGene00011079.,0,0,0
WBGene00011081.,5,55,60
WBGene00011082.,10,113,123
WBGene00011083.,28,25,53
WBGene00011084.,0,1,1
WBGene00011087.,21,330,351
WBGene00011088.,2,103,105
WBGene00011089.,22,913,935
WBGene00011090.,64,357,421
WBGene00011092.,94,490,584
WBGene00011093.,86,487,573
WBGene00011094.,18,215,233
WBGene00011095.,58,4059,4117
WBGene00011096.,7,10,17
WBGene00011097.,97,468,565
WBGene00011098.,10,93,103
WBGene00011099.,12,147,159
WBGene00011100.,59,332,391
WBGene00011101.,108,159,267
WBGene00011102.,17,404,421
WBGene00011103.,4,449,453
WBGene00011104.,24,17,41
WBGene00011105.,224,1396,1620
WBGene00011106.,148,2590,2738
WBGene00011107.,15,514,529
WBGene00011108.,158,896,1054
WBGene00011109.,89,1900,1989
WBGene00011110.,1117,9869,10986
WBGene00011111.,63,5168,5231
WBGene00011112.,20,854,874
WBGene00011113.,6,12,18
WBGene00011114.,2,10,12
WBGene00011115.,67,2465,2532
WBGene00011116.,158,4387,4545
WBGene00011117.,7,301,308
WBGene00011119.,1311,16810,18121
WBGene00011120.,0,10,10
WBGene00011121.,18,453,471
WBGene00011122.,672,4771,5443
WBGene00011123.,360,1430,1790
WBGene00011124.,14,174,188
WBGene00011127.,0,10,10
WBGene00011128.,112,11093,11205
WBGene00011129.,8,25,33
WBGene00011130.,1608,0,1608
WBGene00011131.,182,393,575
WBGene00011132.,0,2,2
WBGene00011133.,2,20,22
WBGene00011134.,0,0,0
WBGene00011135.,0,0,0
WBGene00011136.,5,49,54
WBGene00011137.,8,386,394
WBGene00011139.,118,1800,1918
WBGene00011140.,13,72,85
WBGene00011141.,24,297,321
WBGene00011142.,129,2298,2427
WBGene00011143.,94,1263,1357
WBGene00011144.,23,3926,3949
WBGene00011145.,49,1010,1059
WBGene00011146.,443,2516,2959
WBGene00011147.,41,249,290
WBGene00011149.,0,1,1
WBGene00011150.,3,3,6
WBGene00011151.,2,0,2
WBGene00011152.,1,1,2
WBGene00011153.,14,3,17
WBGene00011154.,56,1258,1314
WBGene00011155.,950,16090,17040
WBGene00011156.,15368,255316,270684
WBGene00011157.,0,4,4
WBGene00011158.,0,0,0
WBGene00011159.,0,0,0
WBGene00011160.,0,2,2
WBGene00011161.,1,4,5
WBGene00011162.,0,0,0
WBGene00011163.,0,0,0
WBGene00011164.,0,0,0
WBGene00011165.,0,1,1
WBGene00011166.,1,6,7
WBGene00011167.,0,0,0
WBGene00011168.,1,7,8
WBGene00011169.,0,0,0
WBGene00011170.,0,1,1
WBGene00011171.,37,242,279
WBGene00011172.,5,29,34
WBGene00011173.,5,2,7
WBGene00011174.,3,0,3
WBGene00011175.,2,15,17
WBGene00011176.,0,5,5
WBGene00011177.,0,0,0
WBGene00011178.,5,0,5
WBGene00011179.,47,644,691
WBGene00011180.,26,117,143
WBGene00011181.,10,321,331
WBGene00011182.,68,226,294
WBGene00011183.,7,1,8
WBGene00011184.,2,52,54
WBGene00011185.,4,214,218
WBGene00011186.,0,2,2
WBGene00011187.,0,3,3
WBGene00011188.,2,93,95
WBGene00011189.,47,205,252
WBGene00011190.,5,94,99
WBGene00011191.,1,29,30
WBGene00011192.,6,15,21
WBGene00011193.,55,1835,1890
WBGene00011194.,138,857,995
WBGene00011195.,43,3181,3224
WBGene00011196.,0,0,0
WBGene00011197.,4,101,105
WBGene00011198.,100,3362,3462
WBGene00011200.,3,6,9
WBGene00011201.,18,184,202
WBGene00011202.,2,13,15
WBGene00011203.,10,76,86
WBGene00011205.,225,4087,4312
WBGene00011206.,79,1080,1159
WBGene00011207.,9,11,20
WBGene00011208.,0,0,0
WBGene00011209.,1,2,3
WBGene00011210.,0,0,0
WBGene00011211.,7,1,8
WBGene00011212.,0,7,7
WBGene00011213.,3,3,6
WBGene00011214.,6,117,123
WBGene00011215.,49,129,178
WBGene00011216.,180,1741,1921
WBGene00011217.,65,394,459
WBGene00011218.,61,622,683
WBGene00011219.,3,14,17
WBGene00011220.,16,107,123
WBGene00011221.,314,2531,2845
WBGene00011222.,17,202,219
WBGene00011223.,65,492,557
WBGene00011224.,78,558,636
WBGene00011225.,30,446,476
WBGene00011226.,121,721,842
WBGene00011227.,4,250,254
WBGene00011228.,0,14,14
WBGene00011229.,0,4,4
WBGene00011230.,113,5251,5364
WBGene00011231.,36,3949,3985
WBGene00011232.,2535,61712,64247
WBGene00011234.,0,75,75
WBGene00011235.,97,484,581
WBGene00011236.,22,353,375
WBGene00011237.,96,2572,2668
WBGene00011238.,35,142,177
WBGene00011239.,293,6299,6592
WBGene00011240.,421,5687,6108
WBGene00011241.,24,99,123
WBGene00011242.,75,660,735
WBGene00011243.,7,37,44
WBGene00011244.,19,1832,1851
WBGene00011245.,0,0,0
WBGene00011246.,8,18,26
WBGene00011247.,429,8562,8991
WBGene00011248.,100,1219,1319
WBGene00011249.,1,3,4
WBGene00011250.,110,1986,2096
WBGene00011251.,77,215,292
WBGene00011252.,0,28,28
WBGene00011253.,55,2415,2470
WBGene00011254.,31,1729,1760
WBGene00011255.,17,63,80
WBGene00011257.,6,11,17
WBGene00011258.,13,107,120
WBGene00011259.,506,3046,3552
WBGene00011260.,6,38,44
WBGene00011261.,540,487,1027
WBGene00011262.,10,117,127
WBGene00011263.,11,1493,1504
WBGene00011264.,5,55,60
WBGene00011265.,10,273,283
WBGene00011266.,1,120,121
WBGene00011267.,2,109,111
WBGene00011268.,221,1292,1513
WBGene00011269.,60,103,163
WBGene00011270.,534,8391,8925
WBGene00011271.,119,983,1102
WBGene00011272.,108,2854,2962
WBGene00011273.,2513,134884,137397
WBGene00011274.,125,1284,1409
WBGene00011275.,32,653,685
WBGene00011276.,102,2275,2377
WBGene00011277.,2,9,11
WBGene00011278.,1,124,125
WBGene00011279.,566,4908,5474
WBGene00011280.,125,1571,1696
WBGene00011281.,222,3019,3241
WBGene00011282.,446,3861,4307
WBGene00011283.,1159,7001,8160
WBGene00011284.,18,2163,2181
WBGene00011285.,82,905,987
WBGene00011286.,14,332,346
WBGene00011287.,53,617,670
WBGene00011288.,5,198,203
WBGene00011289.,15,7233,7248
WBGene00011290.,0,2,2
WBGene00011291.,40,286,326
WBGene00011292.,333,3033,3366
WBGene00011293.,15,32,47
WBGene00011294.,3,2,5
WBGene00011295.,0,1,1
WBGene00011296.,3,34,37
WBGene00011297.,0,0,0
WBGene00011298.,237,1074,1311
WBGene00011299.,359,1990,2349
WBGene00011300.,354,12689,13043
WBGene00011302.,568,2407,2975
WBGene00011303.,602,3640,4242
WBGene00011304.,4383,10692,15075
WBGene00011305.,23,824,847
WBGene00011306.,125,2081,2206
WBGene00011307.,230,1659,1889
WBGene00011308.,350,5920,6270
WBGene00011309.,1579,7556,9135
WBGene00011310.,30,290,320
WBGene00011311.,362,5220,5582
WBGene00011312.,14,1612,1626
WBGene00011313.,1,73,74
WBGene00011314.,70,627,697
WBGene00011315.,5,176,181
WBGene00011317.,39,876,915
WBGene00011318.,19,596,615
WBGene00011319.,120,1281,1401
WBGene00011320.,0,25,25
WBGene00011321.,0,24,24
WBGene00011322.,2,2,4
WBGene00011323.,99,1950,2049
WBGene00011324.,6,454,460
WBGene00011325.,12,117,129
WBGene00011326.,154,1831,1985
WBGene00011327.,1,18,19
WBGene00011328.,107,832,939
WBGene00011329.,82,1633,1715
WBGene00011330.,4,118,122
WBGene00011331.,94,4691,4785
WBGene00011333.,201,3389,3590
WBGene00011334.,193,4886,5079
WBGene00011335.,19,50,69
WBGene00011336.,1,0,1
WBGene00011337.,182,9490,9672
WBGene00011338.,239,2342,2581
WBGene00011339.,50,216,266
WBGene00011340.,2,42,44
WBGene00011341.,0,9,9
WBGene00011342.,0,4,4
WBGene00011344.,546,1952,2498
WBGene00011345.,4,865,869
WBGene00011346.,0,0,0
WBGene00011348.,162,914,1076
WBGene00011349.,186,2396,2582
WBGene00011350.,1,34,35
WBGene00011351.,29,192,221
WBGene00011352.,250,2755,3005
WBGene00011353.,109,893,1002
WBGene00011354.,4,22,26
WBGene00011355.,8,107,115
WBGene00011356.,0,3,3
WBGene00011357.,1,0,1
WBGene00011358.,1,10,11
WBGene00011359.,15,6,21
WBGene00011360.,2,7,9
WBGene00011361.,7,104,111
WBGene00011362.,0,7,7
WBGene00011363.,0,23,23
WBGene00011364.,1,20,21
WBGene00011365.,7,53,60
WBGene00011366.,25,377,402
WBGene00011367.,39,1280,1319
WBGene00011368.,81,968,1049
WBGene00011369.,5,21,26
WBGene00011371.,23,133,156
WBGene00011372.,301,302,603
WBGene00011373.,0,0,0
WBGene00011374.,3158,22056,25214
WBGene00011375.,303,1526,1829
WBGene00011376.,24,307,331
WBGene00011378.,6,6,12
WBGene00011379.,3,4,7
WBGene00011380.,36,493,529
WBGene00011381.,29,221,250
WBGene00011382.,51,567,618
WBGene00011383.,180,6404,6584
WBGene00011386.,1,5,6
WBGene00011387.,2,0,2
WBGene00011388.,1,4,5
WBGene00011389.,1,0,1
WBGene00011390.,0,0,0
WBGene00011391.,775,6148,6923
WBGene00011392.,164,19343,19507
WBGene00011393.,65,931,996
WBGene00011394.,9,50,59
WBGene00011395.,1,1,2
WBGene00011396.,3,6,9
WBGene00011397.,2,9,11
WBGene00011398.,464,7537,8001
WBGene00011399.,3,429,432
WBGene00011400.,62,321,383
WBGene00011401.,2,27,29
WBGene00011402.,12,34,46
WBGene00011403.,2,1,3
WBGene00011404.,26,158,184
WBGene00011405.,7,194,201
WBGene00011407.,86,698,784
WBGene00011408.,416,7328,7744
WBGene00011409.,51,5086,5137
WBGene00011410.,5,1616,1621
WBGene00011411.,5,800,805
WBGene00011412.,241,7775,8016
WBGene00011414.,8,12,20
WBGene00011415.,38,523,561
WBGene00011416.,0,32,32
WBGene00011417.,0,0,0
WBGene00011418.,0,0,0
WBGene00011419.,0,0,0
WBGene00011420.,0,0,0
WBGene00011421.,0,5,5
WBGene00011422.,215,2397,2612
WBGene00011423.,327,1783,2110
WBGene00011424.,3,48,51
WBGene00011425.,51,67,118
WBGene00011426.,59,68,127
WBGene00011427.,4,33,37
WBGene00011428.,483,9257,9740
WBGene00011429.,5,40,45
WBGene00011430.,33,182,215
WBGene00011431.,4,85,89
WBGene00011432.,0,2,2
WBGene00011433.,381,2280,2661
WBGene00011434.,25,956,981
WBGene00011435.,3,34,37
WBGene00011436.,173,3213,3386
WBGene00011437.,16,190,206
WBGene00011438.,0,4,4
WBGene00011439.,19,65,84
WBGene00011440.,39,1174,1213
WBGene00011441.,190,1433,1623
WBGene00011442.,40,454,494
WBGene00011443.,36,589,625
WBGene00011444.,121,1026,1147
WBGene00011445.,12,76,88
WBGene00011446.,53,2839,2892
WBGene00011447.,61,141,202
WBGene00011448.,17,102,119
WBGene00011449.,110,3242,3352
WBGene00011450.,7,307,314
WBGene00011451.,32,431,463
WBGene00011452.,30,227,257
WBGene00011453.,15,140,155
WBGene00011454.,47,220,267
WBGene00011456.,149,683,832
WBGene00011458.,39,24,63
WBGene00011459.,4,2,6
WBGene00011460.,85,185,270
WBGene00011462.,18,48,66
WBGene00011463.,59,762,821
WBGene00011464.,43,694,737
WBGene00011465.,8,247,255
WBGene00011466.,8,26,34
WBGene00011467.,0,2,2
WBGene00011468.,7,38,45
WBGene00011469.,1,3,4
WBGene00011470.,0,0,0
WBGene00011471.,35,155,190
WBGene00011472.,1,9,10
WBGene00011473.,22,406,428
WBGene00011474.,122,85511,85633
WBGene00011475.,10,195,205
WBGene00011476.,41,288,329
WBGene00011478.,2,6,8
WBGene00011479.,114,1845,1959
WBGene00011480.,1802,29048,30850
WBGene00011481.,41,18303,18344
WBGene00011482.,23,331,354
WBGene00011483.,5,9,14
WBGene00011484.,26,2362,2388
WBGene00011485.,1,0,1
WBGene00011486.,0,0,0
WBGene00011487.,14,39,53
WBGene00011488.,435,3512,3947
WBGene00011489.,57,361,418
WBGene00011490.,129,2291,2420
WBGene00011491.,2,0,2
WBGene00011492.,6,14,20
WBGene00011493.,0,4,4
WBGene00011494.,2,12,14
WBGene00011495.,19,214,233
WBGene00011497.,71,896,967
WBGene00011498.,2044,21425,23469
WBGene00011499.,12,13,25
WBGene00011500.,60,1454,1514
WBGene00011501.,2,223,225
WBGene00011502.,52,1227,1279
WBGene00011503.,462,1956,2418
WBGene00011505.,0,2,2
WBGene00011506.,1,0,1
WBGene00011507.,124,5166,5290
WBGene00011508.,4,22,26
WBGene00011509.,3,248,251
WBGene00011510.,595,11963,12558
WBGene00011511.,651,2349,3000
WBGene00011512.,17,120,137
WBGene00011513.,0,118,118
WBGene00011514.,5,39,44
WBGene00011515.,1,0,1
WBGene00011516.,0,1,1
WBGene00011517.,15,104,119
WBGene00011518.,1,1,2
WBGene00011519.,1,6,7
WBGene00011520.,36,303,339
WBGene00011521.,0,13,13
WBGene00011522.,177,4346,4523
WBGene00011523.,15,23,38
WBGene00011524.,75,270,345
WBGene00011526.,234,4006,4240
WBGene00011527.,96,6621,6717
WBGene00011528.,114,2249,2363
WBGene00011529.,206,3667,3873
WBGene00011530.,33,163,196
WBGene00011531.,299,13752,14051
WBGene00011532.,401,2942,3343
WBGene00011533.,0,6,6
WBGene00011534.,3,27,30
WBGene00011535.,3,38,41
WBGene00011536.,4,30,34
WBGene00011537.,0,20,20
WBGene00011538.,94,4286,4380
WBGene00011539.,0,4,4
WBGene00011540.,14,45,59
WBGene00011541.,1,0,1
WBGene00011542.,0,0,0
WBGene00011543.,131,1067,1198
WBGene00011544.,6,7,13
WBGene00011545.,28,386,414
WBGene00011546.,22,248,270
WBGene00011547.,0,8,8
WBGene00011548.,57,1046,1103
WBGene00011549.,0,3,3
WBGene00011550.,1,3,4
WBGene00011551.,33,372,405
WBGene00011554.,109,235,344
WBGene00011556.,25,48,73
WBGene00011557.,14,34,48
WBGene00011558.,0,8624,8624
WBGene00011559.,142,1642,1784
WBGene00011560.,20,572,592
WBGene00011561.,359,8483,8842
WBGene00011562.,150,1223,1373
WBGene00011563.,25,23,48
WBGene00011564.,1099,8014,9113
WBGene00011565.,1,7,8
WBGene00011566.,6,30,36
WBGene00011567.,0,1,1
WBGene00011568.,7,45,52
WBGene00011570.,1,1,2
WBGene00011571.,159,5397,5556
WBGene00011572.,43,238,281
WBGene00011573.,83,6934,7017
WBGene00011574.,1,12,13
WBGene00011575.,16,280,296
WBGene00011576.,37,302,339
WBGene00011577.,0,1,1
WBGene00011578.,13,38,51
WBGene00011579.,352,3091,3443
WBGene00011580.,156,1962,2118
WBGene00011581.,8,57,65
WBGene00011582.,53,51,104
WBGene00011583.,2,10,12
WBGene00011584.,0,0,0
WBGene00011585.,0,0,0
WBGene00011586.,53,2050,2103
WBGene00011587.,19,160,179
WBGene00011589.,37,1390,1427
WBGene00011590.,166,511,677
WBGene00011591.,12,106,118
WBGene00011592.,115,168,283
WBGene00011593.,27,493,520
WBGene00011594.,9,77,86
WBGene00011595.,0,1,1
WBGene00011596.,18,216,234
WBGene00011597.,59,80,139
WBGene00011599.,0,582,582
WBGene00011600.,5,114,119
WBGene00011601.,30,146,176
WBGene00011604.,382,2164,2546
WBGene00011605.,270,6958,7228
WBGene00011606.,22,68,90
WBGene00011607.,47,53,100
WBGene00011608.,2,30,32
WBGene00011609.,0,0,0
WBGene00011610.,0,19,19
WBGene00011611.,12,36,48
WBGene00011612.,23,17,40
WBGene00011613.,30,169,199
WBGene00011614.,3,292,295
WBGene00011615.,18,353,371
WBGene00011616.,2,6,8
WBGene00011617.,0,1,1
WBGene00011618.,2,1,3
WBGene00011619.,2,2,4
WBGene00011620.,0,2,2
WBGene00011621.,0,0,0
WBGene00011622.,22,9,31
WBGene00011623.,23,360,383
WBGene00011624.,316,2238,2554
WBGene00011625.,45,1014,1059
WBGene00011626.,0,0,0
WBGene00011627.,0,0,0
WBGene00011628.,0,0,0
WBGene00011629.,612,17137,17749
WBGene00011630.,26,49,75
WBGene00011631.,614,4588,5202
WBGene00011633.,41,135,176
WBGene00011634.,241,3755,3996
WBGene00011635.,78,1731,1809
WBGene00011636.,405,3040,3445
WBGene00011637.,138,1816,1954
WBGene00011638.,87,12065,12152
WBGene00011639.,672,3809,4481
WBGene00011640.,3,214,217
WBGene00011641.,0,4458,4458
WBGene00011642.,6,97,103
WBGene00011643.,1,75,76
WBGene00011644.,12,203,215
WBGene00011645.,46,780,826
WBGene00011646.,21,19,40
WBGene00011647.,1098,7369,8467
WBGene00011648.,175,1936,2111
WBGene00011649.,7,8,15
WBGene00011650.,0,0,0
WBGene00011651.,0,0,0
WBGene00011652.,0,0,0
WBGene00011653.,0,1,1
WBGene00011654.,0,1,1
WBGene00011655.,0,1,1
WBGene00011656.,2,1,3
WBGene00011657.,1,1,2
WBGene00011658.,0,0,0
WBGene00011659.,2,1,3
WBGene00011660.,3,7,10
WBGene00011661.,129,3681,3810
WBGene00011662.,110,2797,2907
WBGene00011663.,342,756,1098
WBGene00011664.,40,689,729
WBGene00011665.,10,159,169
WBGene00011666.,1,0,1
WBGene00011668.,0,1,1
WBGene00011669.,2,4,6
WBGene00011670.,0,18,18
WBGene00011671.,3,5,8
WBGene00011672.,57,430,487
WBGene00011673.,1,65,66
WBGene00011674.,1,8,9
WBGene00011675.,15,10,25
WBGene00011676.,82,1164,1246
WBGene00011677.,30,55,85
WBGene00011678.,25,336,361
WBGene00011679.,153,11354,11507
WBGene00011680.,24,863,887
WBGene00011681.,203,5048,5251
WBGene00011682.,89,479,568
WBGene00011683.,558,5642,6200
WBGene00011684.,18,89,107
WBGene00011685.,0,4,4
WBGene00011686.,0,1,1
WBGene00011687.,42,5466,5508
WBGene00011688.,21,841,862
WBGene00011689.,3,17,20
WBGene00011690.,1,1,2
WBGene00011691.,3,11,14
WBGene00011692.,3601,15490,19091
WBGene00011693.,6,49,55
WBGene00011694.,428,2865,3293
WBGene00011695.,28,31,59
WBGene00011696.,558,4129,4687
WBGene00011697.,2,16,18
WBGene00011698.,8,52,60
WBGene00011699.,4,19,23
WBGene00011701.,0,2,2
WBGene00011702.,1,5,6
WBGene00011703.,7,3,10
WBGene00011704.,0,0,0
WBGene00011705.,32,223,255
WBGene00011706.,22,335,357
WBGene00011707.,4,153,157
WBGene00011708.,2234,25672,27906
WBGene00011709.,23,87,110
WBGene00011710.,0,0,0
WBGene00011712.,1,23,24
WBGene00011713.,13,689,702
WBGene00011714.,0,0,0
WBGene00011715.,0,1,1
WBGene00011716.,0,14,14
WBGene00011717.,72,922,994
WBGene00011718.,30,252,282
WBGene00011719.,62,886,948
WBGene00011720.,266,2076,2342
WBGene00011721.,0,7,7
WBGene00011722.,196,4039,4235
WBGene00011723.,347,4309,4656
WBGene00011724.,1,1,2
WBGene00011725.,66,250,316
WBGene00011726.,288,1461,1749
WBGene00011727.,97,1369,1466
WBGene00011728.,23,84,107
WBGene00011729.,249,3528,3777
WBGene00011730.,136,13065,13201
WBGene00011731.,35,784,819
WBGene00011732.,759,5358,6117
WBGene00011733.,1,326,327
WBGene00011734.,304,12630,12934
WBGene00011735.,1282,9615,10897
WBGene00011736.,504,21635,22139
WBGene00011737.,119,4808,4927
WBGene00011738.,77,756,833
WBGene00011739.,9,441,450
WBGene00011740.,408,5602,6010
WBGene00011741.,14,45,59
WBGene00011742.,64,2076,2140
WBGene00011743.,515,7841,8356
WBGene00011744.,19,205,224
WBGene00011745.,51,226,277
WBGene00011746.,14,247,261
WBGene00011747.,98,1957,2055
WBGene00011748.,1,5,6
WBGene00011749.,0,0,0
WBGene00011750.,0,16,16
WBGene00011751.,0,6,6
WBGene00011752.,11,97,108
WBGene00011753.,3,22,25
WBGene00011754.,7,42,49
WBGene00011755.,1367,6779,8146
WBGene00011756.,18,605,623
WBGene00011757.,21,151,172
WBGene00011758.,164,5633,5797
WBGene00011759.,27,8216,8243
WBGene00011760.,61,1537,1598
WBGene00011761.,39,1357,1396
WBGene00011762.,22,499,521
WBGene00011763.,283,13371,13654
WBGene00011765.,107,907,1014
WBGene00011767.,1185,5648,6833
WBGene00011768.,53,1583,1636
WBGene00011770.,2,67,69
WBGene00011771.,1010,10245,11255
WBGene00011772.,23,111,134
WBGene00011773.,19,1006,1025
WBGene00011774.,136,1506,1642
WBGene00011775.,516,7188,7704
WBGene00011776.,20,796,816
WBGene00011777.,2,183,185
WBGene00011778.,0,0,0
WBGene00011779.,0,0,0
WBGene00011780.,2,1,3
WBGene00011781.,0,1,1
WBGene00011782.,0,0,0
WBGene00011783.,0,0,0
WBGene00011784.,0,2,2
WBGene00011785.,0,0,0
WBGene00011786.,0,8,8
WBGene00011788.,15,276,291
WBGene00011789.,17,159,176
WBGene00011790.,2,11,13
WBGene00011791.,0,10,10
WBGene00011793.,52,324,376
WBGene00011794.,161,1260,1421
WBGene00011795.,15,153,168
WBGene00011796.,16,317,333
WBGene00011797.,4,15,19
WBGene00011798.,10,42,52
WBGene00011799.,1,12,13
WBGene00011800.,3,51,54
WBGene00011801.,6,98,104
WBGene00011802.,75,2197,2272
WBGene00011803.,6,89,95
WBGene00011804.,18,45,63
WBGene00011805.,0,19,19
WBGene00011806.,107,1421,1528
WBGene00011807.,169,1362,1531
WBGene00011808.,0,0,0
WBGene00011809.,0,0,0
WBGene00011810.,2,3,5
WBGene00011811.,2,42,44
WBGene00011812.,2,24,26
WBGene00011813.,49,770,819
WBGene00011814.,72,376,448
WBGene00011815.,314,3567,3881
WBGene00011816.,0,0,0
WBGene00011817.,62,320,382
WBGene00011818.,42,0,42
WBGene00011819.,25,422,447
WBGene00011820.,33,1641,1674
WBGene00011821.,0,29,29
WBGene00011822.,12,324,336
WBGene00011823.,4,418,422
WBGene00011824.,149,747,896
WBGene00011826.,169,286,455
WBGene00011827.,1141,2684,3825
WBGene00011828.,9,1376,1385
WBGene00011829.,32,91,123
WBGene00011830.,210,2677,2887
WBGene00011831.,30,2263,2293
WBGene00011832.,133,2522,2655
WBGene00011833.,64,1669,1733
WBGene00011834.,26,536,562
WBGene00011835.,15,708,723
WBGene00011836.,6,124,130
WBGene00011837.,3,5,8
WBGene00011838.,34,766,800
WBGene00011839.,12,701,713
WBGene00011840.,0,0,0
WBGene00011841.,3,58,61
WBGene00011842.,0,0,0
WBGene00011844.,3,26,29
WBGene00011846.,1,7,8
WBGene00011847.,0,4,4
WBGene00011848.,2,13,15
WBGene00011849.,7,2257,2264
WBGene00011850.,95,293,388
WBGene00011851.,0,2,2
WBGene00011852.,1,5,6
WBGene00011853.,2,1,3
WBGene00011854.,899,1275,2174
WBGene00011855.,0,28,28
WBGene00011856.,64,760,824
WBGene00011857.,248,6122,6370
WBGene00011858.,40,1970,2010
WBGene00011859.,99,2282,2381
WBGene00011860.,7,540,547
WBGene00011864.,288,7749,8037
WBGene00011867.,181,9113,9294
WBGene00011868.,64,400,464
WBGene00011869.,114,146843,146957
WBGene00011870.,33,9951,9984
WBGene00011871.,143,1427,1570
WBGene00011872.,103,810,913
WBGene00011873.,125,205,330
WBGene00011874.,1,19,20
WBGene00011875.,26,317,343
WBGene00011876.,0,5,5
WBGene00011877.,7,54,61
WBGene00011878.,51,226,277
WBGene00011879.,239,2304,2543
WBGene00011880.,3696,75028,78724
WBGene00011882.,10,11,21
WBGene00011883.,367,5353,5720
WBGene00011884.,361,89567,89928
WBGene00011885.,977,2486,3463
WBGene00011886.,14,342,356
WBGene00011887.,843,1009,1852
WBGene00011888.,233,666,899
WBGene00011890.,41,1384,1425
WBGene00011891.,68,3250,3318
WBGene00011892.,193,3396,3589
WBGene00011893.,2,31,33
WBGene00011894.,26,410,436
WBGene00011895.,5,10,15
WBGene00011896.,3,212,215
WBGene00011897.,510,8565,9075
WBGene00011898.,2,27,29
WBGene00011899.,14,392,406
WBGene00011900.,14,2,16
WBGene00011902.,0,41,41
WBGene00011903.,1,2,3
WBGene00011904.,632,4540,5172
WBGene00011906.,65,3030,3095
WBGene00011908.,89,551,640
WBGene00011909.,6,9,15
WBGene00011910.,0,12,12
WBGene00011911.,0,8,8
WBGene00011912.,175,2968,3143
WBGene00011913.,245,1258,1503
WBGene00011914.,25,545,570
WBGene00011915.,158,1787,1945
WBGene00011916.,68,687,755
WBGene00011917.,673,11397,12070
WBGene00011918.,5,3,8
WBGene00011919.,4,28,32
WBGene00011920.,43,544,587
WBGene00011921.,3,1,4
WBGene00011922.,3,11,14
WBGene00011923.,5,49,54
WBGene00011924.,45,704,749
WBGene00011925.,6,103,109
WBGene00011926.,11,187,198
WBGene00011927.,8,104,112
WBGene00011928.,37,182,219
WBGene00011929.,1,4,5
WBGene00011930.,62,717,779
WBGene00011931.,9,245,254
WBGene00011932.,155,2076,2231
WBGene00011933.,0,3,3
WBGene00011934.,0,0,0
WBGene00011935.,18,1293,1311
WBGene00011936.,7,107,114
WBGene00011937.,0,6,6
WBGene00011938.,6,146,152
WBGene00011939.,144,2357,2501
WBGene00011940.,261,461,722
WBGene00011941.,111,632,743
WBGene00011942.,0,0,0
WBGene00011943.,0,0,0
WBGene00011944.,415,5127,5542
WBGene00011945.,59,282,341
WBGene00011947.,0,0,0
WBGene00011948.,0,5,5
WBGene00011949.,6,43,49
WBGene00011950.,1,1,2
WBGene00011951.,3,3,6
WBGene00011952.,25,100,125
WBGene00011953.,554,7256,7810
WBGene00011954.,0,6,6
WBGene00011955.,122,1604,1726
WBGene00011956.,29,1006,1035
WBGene00011957.,105,582,687
WBGene00011958.,10,147,157
WBGene00011959.,0,242,242
WBGene00011960.,13,159,172
WBGene00011961.,1,1,2
WBGene00011962.,197,2514,2711
WBGene00011963.,87,550,637
WBGene00011964.,116,1060,1176
WBGene00011965.,124,1053,1177
WBGene00011966.,476,8986,9462
WBGene00011967.,165,3154,3319
WBGene00011968.,1,137,138
WBGene00011969.,11,1242,1253
WBGene00011970.,331,941,1272
WBGene00011971.,511,4854,5365
WBGene00011972.,72,2165,2237
WBGene00011973.,5,6,11
WBGene00011974.,18,188,206
WBGene00011975.,265,3470,3735
WBGene00011976.,370,1397,1767
WBGene00011977.,723,63846,64569
WBGene00011978.,548,4564,5112
WBGene00011979.,4,20,24
WBGene00011980.,352,3637,3989
WBGene00011981.,0,6,6
WBGene00011982.,0,0,0
WBGene00011983.,0,6,6
WBGene00011984.,13,57,70
WBGene00011985.,79,1152,1231
WBGene00011986.,0,36,36
WBGene00011988.,20,123,143
WBGene00011989.,0,0,0
WBGene00011990.,8,275,283
WBGene00011991.,3,6,9
WBGene00011992.,0,0,0
WBGene00011993.,1,2,3
WBGene00011994.,16,802,818
WBGene00011995.,360,2007,2367
WBGene00011996.,15,368,383
WBGene00011997.,20,1039,1059
WBGene00011999.,14,227,241
WBGene00012000.,90,3111,3201
WBGene00012002.,105,1506,1611
WBGene00012003.,25,6,31
WBGene00012004.,220,2668,2888
WBGene00012005.,2551,1363,3914
WBGene00012007.,39,2109,2148
WBGene00012008.,0,5,5
WBGene00012009.,24,156,180
WBGene00012010.,0,3,3
WBGene00012011.,0,1,1
WBGene00012012.,0,3,3
WBGene00012013.,6,12,18
WBGene00012014.,115,942,1057
WBGene00012015.,239,8865,9104
WBGene00012016.,116,697,813
WBGene00012017.,18,19,37
WBGene00012018.,47,396,443
WBGene00012019.,2418,2660,5078
WBGene00012020.,0,92,92
WBGene00012021.,1,0,1
WBGene00012022.,3,1,4
WBGene00012023.,1,6,7
WBGene00012024.,0,2,2
WBGene00012025.,0,4,4
WBGene00012026.,0,0,0
WBGene00012027.,1,0,1
WBGene00012028.,0,2,2
WBGene00012029.,194,1545,1739
WBGene00012030.,238,7828,8066
WBGene00012031.,139,6338,6477
WBGene00012032.,22,194,216
WBGene00012033.,305,2523,2828
WBGene00012034.,10,138,148
WBGene00012035.,28,1000,1028
WBGene00012036.,0,19,19
WBGene00012037.,1145,11523,12668
WBGene00012038.,0,3,3
WBGene00012039.,0,2,2
WBGene00012040.,2,9,11
WBGene00012041.,3,6,9
WBGene00012042.,20,400,420
WBGene00012043.,0,4,4
WBGene00012044.,1,26,27
WBGene00012045.,13,83,96
WBGene00012046.,3,45,48
WBGene00012047.,0,1,1
WBGene00012048.,0,0,0
WBGene00012049.,0,0,0
WBGene00012050.,3,3,6
WBGene00012051.,4,5,9
WBGene00012052.,0,1,1
WBGene00012053.,0,0,0
WBGene00012054.,5,0,5
WBGene00012055.,1,1,2
WBGene00012056.,1,11,12
WBGene00012057.,0,0,0
WBGene00012058.,12,24,36
WBGene00012059.,318,4798,5116
WBGene00012060.,0,0,0
WBGene00012061.,0,0,0
WBGene00012062.,23,194,217
WBGene00012063.,0,1,1
WBGene00012064.,0,0,0
WBGene00012065.,0,0,0
WBGene00012066.,1,0,1
WBGene00012067.,0,0,0
WBGene00012068.,5,49,54
WBGene00012069.,0,2,2
WBGene00012070.,9,3,12
WBGene00012072.,4,5,9
WBGene00012073.,148,1199,1347
WBGene00012074.,3,8,11
WBGene00012075.,0,0,0
WBGene00012077.,2,0,2
WBGene00012078.,0,2,2
WBGene00012079.,0,0,0
WBGene00012080.,0,0,0
WBGene00012081.,1,3,4
WBGene00012083.,0,0,0
WBGene00012084.,231,375,606
WBGene00012085.,66,1553,1619
WBGene00012086.,46,46,92
WBGene00012087.,0,1,1
WBGene00012088.,0,9,9
WBGene00012089.,0,4,4
WBGene00012090.,0,0,0
WBGene00012091.,1,0,1
WBGene00012093.,0,1,1
WBGene00012094.,0,55907,55907
WBGene00012095.,265,442,707
WBGene00012096.,1,6,7
WBGene00012097.,326,26445,26771
WBGene00012098.,0,2,2
WBGene00012099.,133,181,314
WBGene00012100.,380,3920,4300
WBGene00012101.,3,199,202
WBGene00012102.,2,1,3
WBGene00012103.,0,72,72
WBGene00012104.,24,420,444
WBGene00012105.,57,771,828
WBGene00012106.,52,1148,1200
WBGene00012107.,11,197,208
WBGene00012108.,0,0,0
WBGene00012109.,18,148,166
WBGene00012110.,32,191,223
WBGene00012111.,23,294,317
WBGene00012112.,37,384,421
WBGene00012113.,31,18576,18607
WBGene00012114.,13,82,95
WBGene00012115.,12,34,46
WBGene00012116.,25,73,98
WBGene00012117.,470,5229,5699
WBGene00012118.,63,1073,1136
WBGene00012119.,4,59,63
WBGene00012120.,3,25,28
WBGene00012121.,622,7988,8610
WBGene00012122.,9,797,806
WBGene00012123.,473,7354,7827
WBGene00012124.,41,1094,1135
WBGene00012125.,136,1779,1915
WBGene00012126.,2074,6632,8706
WBGene00012127.,14,348,362
WBGene00012128.,354,4507,4861
WBGene00012130.,34,326,360
WBGene00012131.,27,438,465
WBGene00012132.,92,751,843
WBGene00012133.,0,0,0
WBGene00012134.,10,107,117
WBGene00012135.,49,279,328
WBGene00012136.,1369,4861,6230
WBGene00012137.,104,193,297
WBGene00012138.,13,58,71
WBGene00012139.,770,788,1558
WBGene00012140.,263,24009,24272
WBGene00012142.,53,392,445
WBGene00012143.,89,855,944
WBGene00012144.,42,134,176
WBGene00012145.,30,1286,1316
WBGene00012146.,0,0,0
WBGene00012147.,6,15,21
WBGene00012148.,258,57504,57762
WBGene00012149.,307,1460,1767
WBGene00012150.,80,581,661
WBGene00012151.,3,48,51
WBGene00012152.,136,2232,2368
WBGene00012155.,52,535,587
WBGene00012156.,8,1677,1685
WBGene00012157.,202,1187,1389
WBGene00012158.,1917,20259,22176
WBGene00012159.,1,8,9
WBGene00012162.,6,69,75
WBGene00012163.,14,111,125
WBGene00012164.,127,279,406
WBGene00012165.,457,873,1330
WBGene00012166.,45,26465,26510
WBGene00012167.,31,1168,1199
WBGene00012168.,89,122,211
WBGene00012169.,0,0,0
WBGene00012170.,8,30,38
WBGene00012171.,0,0,0
WBGene00012172.,9,37,46
WBGene00012173.,3,5,8
WBGene00012174.,0,0,0
WBGene00012175.,3,92,95
WBGene00012176.,6,62,68
WBGene00012177.,1,4,5
WBGene00012178.,73,275,348
WBGene00012179.,5392,359447,364839
WBGene00012180.,288,92,380
WBGene00012181.,7,6,13
WBGene00012182.,16,897,913
WBGene00012183.,0,56,56
WBGene00012184.,27,257,284
WBGene00012185.,5,51,56
WBGene00012186.,159,8003,8162
WBGene00012187.,117,3605,3722
WBGene00012188.,195,1409,1604
WBGene00012189.,13,34,47
WBGene00012190.,88,53,141
WBGene00012191.,18,27,45
WBGene00012192.,195,1382,1577
WBGene00012193.,1152,12205,13357
WBGene00012194.,81,2457,2538
WBGene00012195.,86,65,151
WBGene00012196.,1,60,61
WBGene00012197.,158,6435,6593
WBGene00012198.,38,876,914
WBGene00012199.,12,47,59
WBGene00012200.,4,7,11
WBGene00012201.,17,77,94
WBGene00012202.,5,7,12
WBGene00012203.,139,3094,3233
WBGene00012204.,41,3046,3087
WBGene00012205.,67,2782,2849
WBGene00012206.,47,2128,2175
WBGene00012207.,0,2,2
WBGene00012208.,154,2041,2195
WBGene00012209.,12,464,476
WBGene00012210.,0,112,112
WBGene00012211.,1,9,10
WBGene00012212.,0,4,4
WBGene00012213.,0,2,2
WBGene00012214.,0,0,0
WBGene00012215.,3,17,20
WBGene00012216.,21,1562,1583
WBGene00012217.,12,25,37
WBGene00012218.,1,2,3
WBGene00012219.,11,16,27
WBGene00012220.,60,389,449
WBGene00012221.,226,4414,4640
WBGene00012222.,104,762,866
WBGene00012223.,0,0,0
WBGene00012224.,4,31,35
WBGene00012225.,334,986,1320
WBGene00012226.,190,1957,2147
WBGene00012227.,1,16,17
WBGene00012228.,20,145,165
WBGene00012230.,826,2664,3490
WBGene00012231.,1,3,4
WBGene00012232.,0,0,0
WBGene00012233.,6,0,6
WBGene00012234.,539,2325,2864
WBGene00012235.,97,1359,1456
WBGene00012236.,75,657,732
WBGene00012237.,3,213,216
WBGene00012238.,14,5,19
WBGene00012239.,148,5239,5387
WBGene00012240.,2,12,14
WBGene00012241.,176,433,609
WBGene00012242.,4,57,61
WBGene00012243.,55,1302,1357
WBGene00012244.,41,3870,3911
WBGene00012245.,626,5597,6223
WBGene00012246.,0,1,1
WBGene00012247.,0,1,1
WBGene00012248.,0,1,1
WBGene00012249.,0,1,1
WBGene00012250.,0,1,1
WBGene00012251.,1,15,16
WBGene00012252.,473,1749,2222
WBGene00012253.,6,758,764
WBGene00012254.,8,18,26
WBGene00012255.,180,6781,6961
WBGene00012256.,38,3194,3232
WBGene00012257.,55,3722,3777
WBGene00012258.,54,2517,2571
WBGene00012259.,210,760,970
WBGene00012260.,3,36,39
WBGene00012261.,103,7942,8045
WBGene00012264.,1,1,2
WBGene00012265.,13,141,154
WBGene00012266.,1,7,8
WBGene00012267.,3,8,11
WBGene00012268.,15,205,220
WBGene00012269.,7,6,13
WBGene00012270.,39,69,108
WBGene00012271.,8,102,110
WBGene00012272.,92,60,152
WBGene00012274.,1386,8763,10149
WBGene00012275.,315,255,570
WBGene00012276.,101,3054,3155
WBGene00012277.,88,839,927
WBGene00012278.,0,0,0
WBGene00012279.,14,1147,1161
WBGene00012280.,11,139,150
WBGene00012281.,80,260,340
WBGene00012282.,59,413,472
WBGene00012283.,1,0,1
WBGene00012284.,0,0,0
WBGene00012285.,1,1,2
WBGene00012286.,0,4,4
WBGene00012287.,0,4,4
WBGene00012288.,1,1,2
WBGene00012289.,414,3793,4207
WBGene00012290.,30,107,137
WBGene00012291.,1855,10837,12692
WBGene00012292.,0,0,0
WBGene00012293.,107,77,184
WBGene00012294.,0,0,0
WBGene00012295.,65,108,173
WBGene00012296.,5,21,26
WBGene00012297.,2,16,18
WBGene00012298.,82,2155,2237
WBGene00012299.,0,44,44
WBGene00012300.,0,0,0
WBGene00012301.,0,1,1
WBGene00012302.,1,1,2
WBGene00012303.,0,0,0
WBGene00012304.,36,1,37
WBGene00012305.,0,0,0
WBGene00012306.,107,244,351
WBGene00012307.,3,34,37
WBGene00012308.,1,3,4
WBGene00012309.,1,3,4
WBGene00012310.,0,0,0
WBGene00012311.,0,1,1
WBGene00012312.,0,0,0
WBGene00012313.,0,0,0
WBGene00012314.,0,0,0
WBGene00012315.,62,657,719
WBGene00012316.,271,3466,3737
WBGene00012317.,269,5540,5809
WBGene00012318.,2,8,10
WBGene00012319.,253,931,1184
WBGene00012320.,2,0,2
WBGene00012321.,2,5,7
WBGene00012322.,315,3411,3726
WBGene00012323.,1,50,51
WBGene00012324.,10,167,177
WBGene00012325.,32,222,254
WBGene00012326.,374,2710,3084
WBGene00012328.,28,188,216
WBGene00012329.,4,14,18
WBGene00012330.,66,880,946
WBGene00012332.,10,174,184
WBGene00012333.,7,28,35
WBGene00012334.,18,12,30
WBGene00012335.,8,34,42
WBGene00012336.,21,106,127
WBGene00012337.,420,6885,7305
WBGene00012339.,25,523,548
WBGene00012340.,26,185,211
WBGene00012341.,208,2622,2830
WBGene00012342.,377,4559,4936
WBGene00012343.,356,5313,5669
WBGene00012344.,623,15460,16083
WBGene00012345.,7,19,26
WBGene00012346.,12,102,114
WBGene00012347.,883,651,1534
WBGene00012348.,1555,7998,9553
WBGene00012349.,9,2,11
WBGene00012350.,0,0,0
WBGene00012351.,1438,16853,18291
WBGene00012352.,235,883,1118
WBGene00012353.,164,2359,2523
WBGene00012354.,685,75531,76216
WBGene00012355.,111,0,111
WBGene00012356.,15,123,138
WBGene00012357.,0,5,5
WBGene00012358.,408,4735,5143
WBGene00012359.,93,2040,2133
WBGene00012360.,133,655,788
WBGene00012361.,292,16905,17197
WBGene00012362.,1434,3381,4815
WBGene00012363.,177,889,1066
WBGene00012364.,151,655,806
WBGene00012365.,191,3755,3946
WBGene00012366.,156,1942,2098
WBGene00012368.,11,77,88
WBGene00012369.,230,1835,2065
WBGene00012370.,250,877,1127
WBGene00012371.,1288,2877,4165
WBGene00012372.,21,113,134
WBGene00012373.,0,0,0
WBGene00012374.,59,116,175
WBGene00012375.,69,5115,5184
WBGene00012376.,533,25489,26022
WBGene00012377.,0,0,0
WBGene00012378.,0,0,0
WBGene00012379.,0,6,6
WBGene00012381.,101,858,959
WBGene00012382.,12518,272262,284780
WBGene00012383.,1848,30614,32462
WBGene00012384.,55,253,308
WBGene00012385.,109,634,743
WBGene00012386.,119700,3108,122808
WBGene00012387.,47,207,254
WBGene00012388.,2,4,6
WBGene00012389.,338,1249,1587
WBGene00012390.,253,1068,1321
WBGene00012391.,25,331,356
WBGene00012393.,167,1191,1358
WBGene00012394.,5,19,24
WBGene00012395.,2,741,743
WBGene00012396.,132,2391,2523
WBGene00012397.,0,0,0
WBGene00012398.,7,54,61
WBGene00012399.,48,102,150
WBGene00012400.,1,14,15
WBGene00012401.,0,0,0
WBGene00012402.,0,0,0
WBGene00012403.,3,5,8
WBGene00012404.,0,3,3
WBGene00012405.,0,0,0
WBGene00012406.,2,3,5
WBGene00012407.,33,384,417
WBGene00012408.,67,610,677
WBGene00012409.,1,0,1
WBGene00012411.,5,1,6
WBGene00012412.,0,21,21
WBGene00012413.,3,11,14
WBGene00012414.,5,12,17
WBGene00012415.,5,10,15
WBGene00012416.,32,209,241
WBGene00012418.,14,15,29
WBGene00012419.,0,0,0
WBGene00012420.,16,4414,4430
WBGene00012421.,81,1793,1874
WBGene00012423.,357,3967,4324
WBGene00012424.,734,3813,4547
WBGene00012425.,77,407,484
WBGene00012426.,20,24,44
WBGene00012428.,13,160,173
WBGene00012429.,9,83,92
WBGene00012431.,4,257,261
WBGene00012432.,7,18,25
WBGene00012433.,15,424,439
WBGene00012434.,494,10547,11041
WBGene00012435.,3,186,189
WBGene00012436.,3,208,211
WBGene00012437.,1276,11622,12898
WBGene00012439.,48,1539,1587
WBGene00012440.,9,818,827
WBGene00012441.,39,288,327
WBGene00012442.,21,52,73
WBGene00012443.,416,4266,4682
WBGene00012444.,330,4212,4542
WBGene00012445.,19,180,199
WBGene00012446.,38,219,257
WBGene00012448.,25,14,39
WBGene00012449.,11,50,61
WBGene00012450.,26,31,57
WBGene00012451.,30,9,39
WBGene00012452.,0,11643,11643
WBGene00012453.,2,6,8
WBGene00012454.,1,2,3
WBGene00012455.,12,82,94
WBGene00012456.,30,116,146
WBGene00012457.,54,163,217
WBGene00012458.,490,2904,3394
WBGene00012459.,60,1376,1436
WBGene00012460.,68,759,827
WBGene00012461.,237,387,624
WBGene00012462.,191,237,428
WBGene00012463.,259,982,1241
WBGene00012464.,8,40,48
WBGene00012465.,218,3436,3654
WBGene00012466.,263,475,738
WBGene00012467.,2,6,8
WBGene00012468.,417,4065,4482
WBGene00012469.,71,1231,1302
WBGene00012470.,4,4,8
WBGene00012471.,134,12216,12350
WBGene00012472.,285,2338,2623
WBGene00012473.,48,74,122
WBGene00012474.,335,2321,2656
WBGene00012475.,11,5,16
WBGene00012476.,2,396,398
WBGene00012477.,48,79,127
WBGene00012478.,1559,11612,13171
WBGene00012479.,195,1726,1921
WBGene00012480.,18,35,53
WBGene00012481.,10,234,244
WBGene00012482.,0,5,5
WBGene00012483.,0,5711,5711
WBGene00012484.,36,6073,6109
WBGene00012485.,1,35,36
WBGene00012486.,1,2,3
WBGene00012487.,1,44,45
WBGene00012488.,5,0,5
WBGene00012489.,0,1,1
WBGene00012490.,0,4,4
WBGene00012491.,73,1,74
WBGene00012492.,0,4,4
WBGene00012493.,0,0,0
WBGene00012494.,56,82,138
WBGene00012496.,131,1567,1698
WBGene00012497.,90,4800,4890
WBGene00012498.,0,53,53
WBGene00012499.,0,10,10
WBGene00012500.,17,24,41
WBGene00012501.,0,1,1
WBGene00012502.,1,0,1
WBGene00012503.,26,156,182
WBGene00012504.,1,0,1
WBGene00012505.,0,1,1
WBGene00012509.,0,0,0
WBGene00012512.,2,179,181
WBGene00012513.,33,357,390
WBGene00012514.,26,316,342
WBGene00012515.,3,1,4
WBGene00012516.,0,5,5
WBGene00012517.,0,0,0
WBGene00012518.,0,2,2
WBGene00012519.,7,11,18
WBGene00012520.,0,0,0
WBGene00012521.,3,0,3
WBGene00012522.,542,2387,2929
WBGene00012523.,0,0,0
WBGene00012524.,56,552,608
WBGene00012525.,3,25,28
WBGene00012526.,0,1,1
WBGene00012527.,24,165,189
WBGene00012528.,139,5208,5347
WBGene00012529.,14,67,81
WBGene00012530.,543,1277,1820
WBGene00012531.,55,113,168
WBGene00012532.,159,609,768
WBGene00012533.,0,11,11
WBGene00012535.,15,33,48
WBGene00012536.,64,490,554
WBGene00012537.,2,20,22
WBGene00012538.,30,284,314
WBGene00012540.,22,234,256
WBGene00012541.,10,5,15
WBGene00012542.,16,9,25
WBGene00012543.,407,1852,2259
WBGene00012544.,2435,36469,38904
WBGene00012545.,232,1599,1831
WBGene00012546.,18,637,655
WBGene00012547.,1,21,22
WBGene00012548.,284,1246,1530
WBGene00012549.,3,0,3
WBGene00012550.,69,11070,11139
WBGene00012551.,11,798,809
WBGene00012552.,1,196,197
WBGene00012553.,5461,94234,99695
WBGene00012554.,55,1241,1296
WBGene00012555.,39,2090,2129
WBGene00012556.,342,5729,6071
WBGene00012557.,2,5,7
WBGene00012558.,252,3248,3500
WBGene00012559.,190,1543,1733
WBGene00012560.,1323,2304,3627
WBGene00012561.,1,10,11
WBGene00012562.,215,1450,1665
WBGene00012564.,6,194,200
WBGene00012565.,12,191,203
WBGene00012566.,2,74,76
WBGene00012567.,2,27,29
WBGene00012568.,9,20,29
WBGene00012569.,3,46,49
WBGene00012570.,2,5,7
WBGene00012571.,0,0,0
WBGene00012572.,2,2,4
WBGene00012573.,5,31,36
WBGene00012574.,0,2,2
WBGene00012575.,1,0,1
WBGene00012576.,121,565,686
WBGene00012577.,2,3,5
WBGene00012578.,404,1472,1876
WBGene00012579.,0,0,0
WBGene00012580.,0,1,1
WBGene00012581.,0,0,0
WBGene00012582.,0,7,7
WBGene00012583.,3,12,15
WBGene00012584.,1358,3515,4873
WBGene00012585.,41,302,343
WBGene00012586.,1,14,15
WBGene00012587.,1,8,9
WBGene00012588.,30,154,184
WBGene00012589.,6,10,16
WBGene00012590.,0,0,0
WBGene00012591.,0,762,762
WBGene00012592.,6,313,319
WBGene00012593.,6,40,46
WBGene00012594.,5,30,35
WBGene00012595.,0,161,161
WBGene00012596.,8,70,78
WBGene00012597.,45,843,888
WBGene00012600.,136,1068,1204
WBGene00012602.,1255,21169,22424
WBGene00012603.,0,11,11
WBGene00012604.,0,196,196
WBGene00012605.,25,214,239
WBGene00012606.,127,793,920
WBGene00012607.,20,64,84
WBGene00012608.,2910,35093,38003
WBGene00012609.,3,3,6
WBGene00012610.,28,317,345
WBGene00012612.,0,3,3
WBGene00012614.,6,19,25
WBGene00012615.,103,2381,2484
WBGene00012616.,6,91,97
WBGene00012617.,0,7,7
WBGene00012618.,3,13,16
WBGene00012620.,0,14,14
WBGene00012621.,4,130,134
WBGene00012622.,25,32,57
WBGene00012623.,21,116,137
WBGene00012624.,55,431,486
WBGene00012625.,6,7,13
WBGene00012626.,76,175,251
WBGene00012627.,37,80,117
WBGene00012628.,215,2962,3177
WBGene00012629.,15,80,95
WBGene00012630.,0,0,0
WBGene00012631.,2,9,11
WBGene00012632.,10,98,108
WBGene00012633.,11,3,14
WBGene00012634.,1,22,23
WBGene00012635.,30,408,438
WBGene00012636.,1,5,6
WBGene00012637.,1,28,29
WBGene00012638.,0,3,3
WBGene00012639.,54,205,259
WBGene00012640.,3,139,142
WBGene00012641.,392,2329,2721
WBGene00012642.,14,19,33
WBGene00012643.,23,2700,2723
WBGene00012644.,483,582,1065
WBGene00012645.,357,4097,4454
WBGene00012646.,194,2980,3174
WBGene00012647.,117,1021,1138
WBGene00012648.,311,10344,10655
WBGene00012649.,0,12,12
WBGene00012650.,12,1030,1042
WBGene00012651.,82,610,692
WBGene00012652.,17,2939,2956
WBGene00012653.,0,1,1
WBGene00012654.,52,81,133
WBGene00012655.,0,1,1
WBGene00012656.,3,5,8
WBGene00012657.,234,973,1207
WBGene00012658.,525,3733,4258
WBGene00012659.,47,13,60
WBGene00012660.,0,66,66
WBGene00012661.,5,7,12
WBGene00012662.,168,2603,2771
WBGene00012663.,154,1040,1194
WBGene00012664.,0,117,117
WBGene00012665.,180,2163,2343
WBGene00012666.,315,4194,4509
WBGene00012668.,729,4924,5653
WBGene00012669.,4,22,26
WBGene00012670.,27,54,81
WBGene00012671.,2,26,28
WBGene00012672.,0,5,5
WBGene00012673.,12,79,91
WBGene00012674.,258,1255,1513
WBGene00012675.,312,1973,2285
WBGene00012676.,739,3584,4323
WBGene00012678.,45,350,395
WBGene00012679.,0,4,4
WBGene00012680.,1,32,33
WBGene00012681.,7,0,7
WBGene00012682.,22,0,22
WBGene00012683.,0,0,0
WBGene00012684.,0,0,0
WBGene00012686.,2,37,39
WBGene00012688.,1,9,10
WBGene00012689.,1,8,9
WBGene00012690.,3,5,8
WBGene00012692.,767,6829,7596
WBGene00012693.,320,2544,2864
WBGene00012694.,109,1972,2081
WBGene00012695.,20,1322,1342
WBGene00012696.,16,314,330
WBGene00012697.,138,4978,5116
WBGene00012698.,19,422,441
WBGene00012699.,6,4,10
WBGene00012700.,12,149,161
WBGene00012701.,192,689,881
WBGene00012702.,4,48,52
WBGene00012703.,76,429,505
WBGene00012704.,58,295,353
WBGene00012705.,17,167,184
WBGene00012706.,1,1,2
WBGene00012707.,1,2,3
WBGene00012708.,1,19,20
WBGene00012709.,17,77,94
WBGene00012710.,33,1031,1064
WBGene00012711.,14,54,68
WBGene00012712.,128,421,549
WBGene00012713.,361,9296,9657
WBGene00012714.,151,5575,5726
WBGene00012715.,37,1310,1347
WBGene00012716.,7,234,241
WBGene00012717.,683,5194,5877
WBGene00012718.,543,293,836
WBGene00012719.,193,603,796
WBGene00012720.,0,10,10
WBGene00012721.,25,25,50
WBGene00012722.,221,3515,3736
WBGene00012723.,28,724,752
WBGene00012724.,5,8,13
WBGene00012725.,0,2,2
WBGene00012726.,5,0,5
WBGene00012727.,0,0,0
WBGene00012728.,7,169,176
WBGene00012729.,0,7,7
WBGene00012730.,907,2479,3386
WBGene00012731.,6,22,28
WBGene00012732.,440,995,1435
WBGene00012734.,575,1269,1844
WBGene00012735.,901,2236,3137
WBGene00012738.,155,12999,13154
WBGene00012739.,1961,7938,9899
WBGene00012740.,147,2350,2497
WBGene00012741.,12,17,29
WBGene00012742.,0,0,0
WBGene00012743.,7,4,11
WBGene00012744.,160,307,467
WBGene00012745.,1,14,15
WBGene00012746.,0,0,0
WBGene00012747.,9,9,18
WBGene00012748.,0,13,13
WBGene00012749.,24,26,50
WBGene00012750.,161,299,460
WBGene00012752.,0,0,0
WBGene00012753.,58,525,583
WBGene00012754.,17,128,145
WBGene00012755.,61,637,698
WBGene00012756.,250,970,1220
WBGene00012757.,37,639,676
WBGene00012758.,50,200,250
WBGene00012759.,282,6840,7122
WBGene00012760.,10965,1766,12731
WBGene00012761.,0,1,1
WBGene00012762.,191,4884,5075
WBGene00012763.,212,600,812
WBGene00012764.,0,349,349
WBGene00012765.,287,3522,3809
WBGene00012766.,80,5703,5783
WBGene00012767.,510,1325,1835
WBGene00012768.,71,91073,91144
WBGene00012769.,552,4680,5232
WBGene00012770.,417,12,429
WBGene00012771.,4,10,14
WBGene00012772.,71,2,73
WBGene00012773.,9,3,12
WBGene00012775.,21,0,21
WBGene00012776.,109,264,373
WBGene00012777.,9,149,158
WBGene00012778.,19,167,186
WBGene00012779.,108,557,665
WBGene00012780.,19,109,128
WBGene00012781.,0,11,11
WBGene00012782.,21,162,183
WBGene00012783.,13,577,590
WBGene00012784.,4,16,20
WBGene00012785.,0,1,1
WBGene00012786.,2,18,20
WBGene00012787.,2,0,2
WBGene00012788.,35,2,37
WBGene00012789.,0,0,0
WBGene00012790.,0,0,0
WBGene00012791.,25,73,98
WBGene00012792.,0,3,3
WBGene00012793.,4,1,5
WBGene00012794.,85,2807,2892
WBGene00012795.,3,53,56
WBGene00012796.,73,528,601
WBGene00012798.,2,20,22
WBGene00012799.,2,27,29
WBGene00012802.,170,1039,1209
WBGene00012803.,80,6524,6604
WBGene00012804.,196,1709,1905
WBGene00012806.,75,804,879
WBGene00012807.,196,2554,2750
WBGene00012808.,10,59,69
WBGene00012809.,4,5,9
WBGene00012810.,0,4,4
WBGene00012811.,58,848,906
WBGene00012812.,638,18116,18754
WBGene00012813.,2384,17133,19517
WBGene00012814.,75,257,332
WBGene00012815.,15,210,225
WBGene00012816.,0,2,2
WBGene00012817.,12,49,61
WBGene00012818.,4,4,8
WBGene00012819.,31,427,458
WBGene00012820.,130,7,137
WBGene00012821.,118,1780,1898
WBGene00012822.,4,11,15
WBGene00012823.,0,6,6
WBGene00012824.,3,6,9
WBGene00012825.,108,792,900
WBGene00012826.,110,533,643
WBGene00012827.,1,2,3
WBGene00012828.,736,311,1047
WBGene00012829.,488,4626,5114
WBGene00012830.,84,4266,4350
WBGene00012831.,0,4,4
WBGene00012832.,230,5,235
WBGene00012833.,30,520,550
WBGene00012834.,17,81,98
WBGene00012835.,31,245,276
WBGene00012836.,0,0,0
WBGene00012837.,0,3,3
WBGene00012838.,0,5,5
WBGene00012839.,0,0,0
WBGene00012840.,175,1043,1218
WBGene00012841.,0,0,0
WBGene00012844.,0,0,0
WBGene00012845.,119,158,277
WBGene00012846.,0,4,4
WBGene00012847.,6,4,10
WBGene00012848.,2,0,2
WBGene00012849.,0,0,0
WBGene00012850.,2399,12284,14683
WBGene00012851.,4,55,59
WBGene00012852.,897,182,1079
WBGene00012853.,122,19925,20047
WBGene00012854.,502,4739,5241
WBGene00012855.,1,6,7
WBGene00012856.,21,58,79
WBGene00012857.,178,1146,1324
WBGene00012858.,111,1584,1695
WBGene00012859.,36,215,251
WBGene00012860.,139,926,1065
WBGene00012861.,36,1444,1480
WBGene00012862.,0,0,0
WBGene00012863.,6,20,26
WBGene00012864.,44,130,174
WBGene00012866.,24,99,123
WBGene00012867.,83,698,781
WBGene00012868.,882,1871,2753
WBGene00012869.,71,1207,1278
WBGene00012870.,0,0,0
WBGene00012871.,0,0,0
WBGene00012872.,0,0,0
WBGene00012873.,1,10,11
WBGene00012874.,1,1,2
WBGene00012875.,2263,27545,29808
WBGene00012876.,9,5,14
WBGene00012877.,2,2,4
WBGene00012878.,0,0,0
WBGene00012879.,6,158,164
WBGene00012880.,3,9,12
WBGene00012883.,9,248,257
WBGene00012885.,451,6834,7285
WBGene00012886.,3,28,31
WBGene00012887.,414,3590,4004
WBGene00012888.,81,1263,1344
WBGene00012889.,186,702,888
WBGene00012890.,133,523,656
WBGene00012891.,1029,8042,9071
WBGene00012892.,22,63,85
WBGene00012893.,6,21,27
WBGene00012894.,1674,1728,3402
WBGene00012895.,308,1617,1925
WBGene00012896.,125,7197,7322
WBGene00012897.,16,1989,2005
WBGene00012898.,4,41,45
WBGene00012899.,6,87,93
WBGene00012900.,2,59,61
WBGene00012901.,37,68,105
WBGene00012903.,353,5075,5428
WBGene00012904.,78,1537,1615
WBGene00012905.,0,10,10
WBGene00012906.,67,602,669
WBGene00012907.,5185,11061,16246
WBGene00012908.,351,1633,1984
WBGene00012909.,421,551,972
WBGene00012910.,15,14,29
WBGene00012911.,45,269,314
WBGene00012912.,0,3,3
WBGene00012913.,0,0,0
WBGene00012914.,0,5,5
WBGene00012915.,20,96,116
WBGene00012916.,0,0,0
WBGene00012917.,32,21,53
WBGene00012919.,17,21,38
WBGene00012920.,292,689,981
WBGene00012921.,0,409,409
WBGene00012922.,6,210,216
WBGene00012923.,31,276,307
WBGene00012924.,12,10,22
WBGene00012925.,0,3,3
WBGene00012926.,0,1,1
WBGene00012927.,68,612,680
WBGene00012928.,15,2206,2221
WBGene00012929.,770,6083,6853
WBGene00012930.,212,668,880
WBGene00012931.,188,1597,1785
WBGene00012932.,235,5021,5256
WBGene00012933.,0,116,116
WBGene00012934.,354,1468,1822
WBGene00012935.,309,660,969
WBGene00012936.,348,2830,3178
WBGene00012937.,0,1,1
WBGene00012938.,239,286,525
WBGene00012939.,195,1442,1637
WBGene00012940.,15,14,29
WBGene00012941.,43,397,440
WBGene00012942.,1,240,241
WBGene00012943.,193,1570,1763
WBGene00012945.,0,0,0
WBGene00012946.,7,3,10
WBGene00012947.,1,3,4
WBGene00012948.,339,420,759
WBGene00012950.,131,1913,2044
WBGene00012951.,332,2407,2739
WBGene00012952.,5,18,23
WBGene00012953.,17,334,351
WBGene00012954.,20,86,106
WBGene00012955.,3,11,14
WBGene00012956.,126,98,224
WBGene00012958.,9,12,21
WBGene00012959.,4,22,26
WBGene00012960.,594,4039,4633
WBGene00012961.,21,399,420
WBGene00012962.,32,142,174
WBGene00012964.,318,27213,27531
WBGene00012965.,0,10,10
WBGene00012966.,30,1909,1939
WBGene00012967.,54,120,174
WBGene00012968.,23,175,198
WBGene00012969.,3,15,18
WBGene00012970.,14,48,62
WBGene00012972.,193,1562,1755
WBGene00012973.,1277,6954,8231
WBGene00012974.,137,13,150
WBGene00012975.,2911,388,3299
WBGene00012976.,172,531,703
WBGene00012977.,366,1211,1577
WBGene00012978.,432,6521,6953
WBGene00012979.,12,74,86
WBGene00012980.,3480,4113,7593
WBGene00012981.,6,6,12
WBGene00012982.,338,1732,2070
WBGene00012983.,462,6303,6765
WBGene00012984.,141,1374,1515
WBGene00012985.,22,11,33
WBGene00012987.,290,1973,2263
WBGene00012988.,524,2683,3207
WBGene00012989.,1473,796,2269
WBGene00012990.,853,2972,3825
WBGene00012992.,327,5353,5680
WBGene00012993.,154,376,530
WBGene00012994.,204,893,1097
WBGene00012995.,687,1355,2042
WBGene00012996.,402,2356,2758
WBGene00012997.,45,1110,1155
WBGene00012998.,270,1382,1652
WBGene00012999.,645,4080,4725
WBGene00013000.,972,580,1552
WBGene00013001.,577,1374,1951
WBGene00013002.,1057,1483,2540
WBGene00013004.,746,6729,7475
WBGene00013006.,377,804,1181
WBGene00013007.,44,609,653
WBGene00013008.,76,1100,1176
WBGene00013009.,12,114,126
WBGene00013010.,0,0,0
WBGene00013011.,52,596,648
WBGene00013013.,61,748,809
WBGene00013014.,284,1205,1489
WBGene00013015.,227,934,1161
WBGene00013017.,137,3461,3598
WBGene00013018.,36,2314,2350
WBGene00013019.,248,722,970
WBGene00013020.,264,3018,3282
WBGene00013021.,196,1201,1397
WBGene00013023.,60,219,279
WBGene00013024.,47,839,886
WBGene00013025.,16,11462,11478
WBGene00013026.,8,1068,1076
WBGene00013027.,41,1307,1348
WBGene00013028.,7,73,80
WBGene00013029.,166,4036,4202
WBGene00013030.,37,454,491
WBGene00013031.,0,10,10
WBGene00013032.,7,4,11
WBGene00013033.,13,4,17
WBGene00013034.,1093,2381,3474
WBGene00013035.,29,120,149
WBGene00013036.,3,11,14
WBGene00013037.,26,128,154
WBGene00013038.,320,3018,3338
WBGene00013039.,387,2129,2516
WBGene00013040.,988,1174,2162
WBGene00013041.,10,98,108
WBGene00013042.,156,752,908
WBGene00013043.,35,86,121
WBGene00013044.,19,2,21
WBGene00013045.,1,0,1
WBGene00013046.,33,511,544
WBGene00013047.,0,2,2
WBGene00013048.,18,444,462
WBGene00013049.,0,1,1
WBGene00013050.,1,3,4
WBGene00013051.,0,0,0
WBGene00013052.,4,5,9
WBGene00013053.,14,19,33
WBGene00013054.,0,23,23
WBGene00013055.,44,375,419
WBGene00013056.,4,2,6
WBGene00013058.,6,0,6
WBGene00013059.,0,0,0
WBGene00013060.,2,17,19
WBGene00013061.,0,2,2
WBGene00013062.,0,1,1
WBGene00013063.,0,0,0
WBGene00013064.,0,0,0
WBGene00013066.,7,9,16
WBGene00013067.,3,0,3
WBGene00013068.,2,0,2
WBGene00013069.,1,1,2
WBGene00013070.,0,0,0
WBGene00013071.,0,20,20
WBGene00013072.,17,24,41
WBGene00013073.,35,97,132
WBGene00013074.,49,985,1034
WBGene00013075.,248,931,1179
WBGene00013076.,15,28,43
WBGene00013077.,3164,46813,49977
WBGene00013078.,1157,19090,20247
WBGene00013079.,1114,7926,9040
WBGene00013080.,227,596,823
WBGene00013081.,3532,95323,98855
WBGene00013082.,231,1228,1459
WBGene00013083.,92,704,796
WBGene00013085.,2,0,2
WBGene00013086.,0,0,0
WBGene00013087.,0,1,1
WBGene00013088.,9,23,32
WBGene00013089.,0,0,0
WBGene00013090.,1,0,1
WBGene00013091.,1,3,4
WBGene00013093.,1172,798,1970
WBGene00013094.,791,32408,33199
WBGene00013095.,371,1190,1561
WBGene00013096.,712,1608,2320
WBGene00013098.,143,772,915
WBGene00013100.,5,33,38
WBGene00013101.,4,11,15
WBGene00013102.,0,0,0
WBGene00013103.,25,536,561
WBGene00013104.,96,2480,2576
WBGene00013105.,0,2,2
WBGene00013106.,110,1173,1283
WBGene00013107.,8,20,28
WBGene00013109.,43,5845,5888
WBGene00013111.,180,1905,2085
WBGene00013112.,0,0,0
WBGene00013113.,0,0,0
WBGene00013114.,15,0,15
WBGene00013116.,14,19,33
WBGene00013117.,0,0,0
WBGene00013118.,30,50,80
WBGene00013119.,57,52,109
WBGene00013120.,2,2,4
WBGene00013121.,3,4,7
WBGene00013122.,59,740,799
WBGene00013123.,449,971,1420
WBGene00013124.,1381,1309,2690
WBGene00013125.,3,43,46
WBGene00013126.,3,3,6
WBGene00013127.,18,121,139
WBGene00013128.,191,1904,2095
WBGene00013129.,482,3037,3519
WBGene00013130.,2,9,11
WBGene00013131.,247,223,470
WBGene00013132.,173,1028,1201
WBGene00013134.,3,12,15
WBGene00013135.,46,820,866
WBGene00013136.,99,1990,2089
WBGene00013137.,92,1080,1172
WBGene00013138.,1,0,1
WBGene00013139.,120,1571,1691
WBGene00013140.,73,1974,2047
WBGene00013141.,15,45,60
WBGene00013142.,3,21,24
WBGene00013143.,30,2232,2262
WBGene00013144.,991,6495,7486
WBGene00013145.,4,227,231
WBGene00013146.,57,226,283
WBGene00013147.,0,55,55
WBGene00013148.,1,3,4
WBGene00013149.,34,24,58
WBGene00013150.,40,2477,2517
WBGene00013151.,94,1862,1956
WBGene00013152.,2,10,12
WBGene00013153.,3,56,59
WBGene00013154.,0,1,1
WBGene00013155.,1,6,7
WBGene00013156.,24,916,940
WBGene00013157.,0,6,6
WBGene00013158.,6,31,37
WBGene00013159.,75,186,261
WBGene00013160.,917,1798,2715
WBGene00013161.,1035,2883,3918
WBGene00013162.,1,2,3
WBGene00013163.,86,25,111
WBGene00013164.,116,271,387
WBGene00013165.,3,12,15
WBGene00013166.,26,246,272
WBGene00013167.,612,470,1082
WBGene00013168.,216,5664,5880
WBGene00013169.,12,213,225
WBGene00013170.,0,0,0
WBGene00013171.,80,33,113
WBGene00013172.,0,0,0
WBGene00013173.,28,181,209
WBGene00013175.,5,20,25
WBGene00013176.,107,2541,2648
WBGene00013177.,291,3309,3600
WBGene00013178.,102,1368,1470
WBGene00013179.,2,1,3
WBGene00013180.,69,1079,1148
WBGene00013181.,6464,32103,38567
WBGene00013182.,2,1,3
WBGene00013184.,0,0,0
WBGene00013186.,2,1,3
WBGene00013187.,28,247,275
WBGene00013188.,64,393,457
WBGene00013189.,420,1632,2052
WBGene00013190.,1,25,26
WBGene00013192.,1,9,10
WBGene00013193.,76,694,770
WBGene00013194.,2,7,9
WBGene00013195.,41,175,216
WBGene00013196.,32,362,394
WBGene00013197.,25,247,272
WBGene00013198.,25,112,137
WBGene00013200.,593,10880,11473
WBGene00013201.,490,1578,2068
WBGene00013202.,95,1429,1524
WBGene00013203.,111,1143,1254
WBGene00013204.,41,1160,1201
WBGene00013207.,2,7,9
WBGene00013208.,23,167,190
WBGene00013209.,95,3103,3198
WBGene00013210.,0,12082,12082
WBGene00013211.,107,1154,1261
WBGene00013212.,84,113,197
WBGene00013213.,252,3356,3608
WBGene00013214.,59,476,535
WBGene00013215.,9,215,224
WBGene00013216.,37,666,703
WBGene00013217.,201,1999,2200
WBGene00013218.,55,893,948
WBGene00013219.,99,5983,6082
WBGene00013220.,1,2,3
WBGene00013221.,30,47,77
WBGene00013222.,213,553,766
WBGene00013223.,520,4073,4593
WBGene00013224.,107,1148,1255
WBGene00013225.,309,1848,2157
WBGene00013226.,17,0,17
WBGene00013227.,8,66,74
WBGene00013228.,3556,6635,10191
WBGene00013230.,0,1,1
WBGene00013231.,60,630,690
WBGene00013232.,267,858,1125
WBGene00013233.,0,9,9
WBGene00013234.,0,12,12
WBGene00013235.,16,359,375
WBGene00013236.,45,5026,5071
WBGene00013237.,222,18188,18410
WBGene00013238.,1321,30261,31582
WBGene00013239.,204,2694,2898
WBGene00013240.,283,1143,1426
WBGene00013241.,117,1278,1395
WBGene00013242.,102,300,402
WBGene00013243.,156,615,771
WBGene00013244.,81,448,529
WBGene00013246.,40,123,163
WBGene00013247.,17,72,89
WBGene00013248.,25,114,139
WBGene00013249.,25,45,70
WBGene00013250.,1,61,62
WBGene00013251.,4,57,61
WBGene00013252.,13,55,68
WBGene00013253.,81,264,345
WBGene00013254.,4,4,8
WBGene00013255.,400,6168,6568
WBGene00013256.,126,2194,2320
WBGene00013257.,8,31,39
WBGene00013258.,1405,459,1864
WBGene00013259.,185,1284,1469
WBGene00013260.,53,2050,2103
WBGene00013261.,258,310,568
WBGene00013263.,35,7593,7628
WBGene00013264.,16,21,37
WBGene00013265.,232,950,1182
WBGene00013266.,90,2832,2922
WBGene00013267.,282,2703,2985
WBGene00013268.,49,1010,1059
WBGene00013269.,12,4069,4081
WBGene00013270.,180,524,704
WBGene00013272.,88,161,249
WBGene00013273.,414,1868,2282
WBGene00013275.,63,3757,3820
WBGene00013276.,5,3,8
WBGene00013277.,1,3,4
WBGene00013278.,1,14,15
WBGene00013279.,0,0,0
WBGene00013280.,1,0,1
WBGene00013281.,5,31,36
WBGene00013282.,0,1,1
WBGene00013283.,2,2,4
WBGene00013284.,18,786,804
WBGene00013285.,14,34,48
WBGene00013286.,7,58,65
WBGene00013287.,168,202,370
WBGene00013288.,1,1,2
WBGene00013289.,2081,6667,8748
WBGene00013290.,0,3,3
WBGene00013292.,220,1284,1504
WBGene00013293.,55,553,608
WBGene00013294.,6,11,17
WBGene00013295.,5,179,184
WBGene00013296.,0,0,0
WBGene00013297.,2,0,2
WBGene00013298.,3,63,66
WBGene00013299.,0,0,0
WBGene00013300.,10,12,22
WBGene00013301.,42,3531,3573
WBGene00013302.,41,981,1022
WBGene00013303.,98,285,383
WBGene00013304.,18,45,63
WBGene00013305.,0,2,2
WBGene00013306.,5,27,32
WBGene00013307.,95,6189,6284
WBGene00013308.,0,1651,1651
WBGene00013310.,127,161,288
WBGene00013311.,165,41744,41909
WBGene00013312.,9,330,339
WBGene00013313.,20,7,27
WBGene00013315.,0,0,0
WBGene00013316.,0,0,0
WBGene00013317.,842,3124,3966
WBGene00013318.,12,5,17
WBGene00013319.,1,2,3
WBGene00013320.,0,0,0
WBGene00013321.,377,3711,4088
WBGene00013322.,36,253,289
WBGene00013323.,13,2399,2412
WBGene00013324.,414,8120,8534
WBGene00013325.,87,761,848
WBGene00013326.,420,1143,1563
WBGene00013327.,698,5018,5716
WBGene00013328.,3,3,6
WBGene00013329.,8,113,121
WBGene00013330.,6,177,183
WBGene00013331.,24,100,124
WBGene00013332.,21,1655,1676
WBGene00013333.,29,130,159
WBGene00013334.,221,1935,2156
WBGene00013335.,50,228,278
WBGene00013336.,21,48,69
WBGene00013337.,2,0,2
WBGene00013338.,4,3,7
WBGene00013339.,325,1324,1649
WBGene00013340.,558,8831,9389
WBGene00013341.,0,0,0
WBGene00013343.,1158,5970,7128
WBGene00013344.,79,4444,4523
WBGene00013345.,98,300,398
WBGene00013347.,1237,6808,8045
WBGene00013348.,9,153,162
WBGene00013349.,2,139,141
WBGene00013350.,383,772,1155
WBGene00013351.,0,0,0
WBGene00013352.,276,3241,3517
WBGene00013353.,100,181,281
WBGene00013354.,801,4303,5104
WBGene00013355.,443,2123,2566
WBGene00013356.,0,0,0
WBGene00013357.,9,0,9
WBGene00013358.,94,732,826
WBGene00013359.,50,609,659
WBGene00013360.,578,10836,11414
WBGene00013361.,560,2198,2758
WBGene00013362.,95,290,385
WBGene00013363.,5,23,28
WBGene00013364.,11,17,28
WBGene00013365.,223,3340,3563
WBGene00013366.,1165,5028,6193
WBGene00013367.,4,4,8
WBGene00013368.,13,46,59
WBGene00013369.,0,5,5
WBGene00013370.,0,10,10
WBGene00013371.,0,0,0
WBGene00013372.,0,0,0
WBGene00013373.,8,50,58
WBGene00013374.,0,0,0
WBGene00013375.,51,136,187
WBGene00013376.,143,1161,1304
WBGene00013378.,46,3611,3657
WBGene00013379.,579,2961,3540
WBGene00013380.,2,99,101
WBGene00013381.,17,64,81
WBGene00013382.,54,674,728
WBGene00013383.,13,107,120
WBGene00013385.,55,546,601
WBGene00013386.,0,5,5
WBGene00013387.,330,1925,2255
WBGene00013388.,3,9,12
WBGene00013389.,5,5,10
WBGene00013390.,1,2,3
WBGene00013391.,0,0,0
WBGene00013392.,0,3,3
WBGene00013393.,0,0,0
WBGene00013394.,0,1,1
WBGene00013395.,0,1,1
WBGene00013396.,1,0,1
WBGene00013397.,2,4,6
WBGene00013398.,1,5,6
WBGene00013399.,4,0,4
WBGene00013400.,0,1,1
WBGene00013401.,2,19,21
WBGene00013402.,7,121,128
WBGene00013403.,15,120,135
WBGene00013404.,13,383,396
WBGene00013405.,71,353,424
WBGene00013406.,1254,21400,22654
WBGene00013407.,57,763,820
WBGene00013408.,2,22,24
WBGene00013409.,0,0,0
WBGene00013410.,12,31,43
WBGene00013411.,3,2,5
WBGene00013412.,1,7,8
WBGene00013415.,269,1538,1807
WBGene00013416.,191,509,700
WBGene00013417.,39,27,66
WBGene00013418.,298,3393,3691
WBGene00013419.,28,88,116
WBGene00013421.,3,20,23
WBGene00013422.,234,1527,1761
WBGene00013424.,3,15,18
WBGene00013425.,115,353,468
WBGene00013426.,38,800,838
WBGene00013427.,65,2,67
WBGene00013429.,4,5,9
WBGene00013431.,137,201,338
WBGene00013432.,10,130,140
WBGene00013433.,10,626,636
WBGene00013434.,239,1512,1751
WBGene00013435.,246,5311,5557
WBGene00013436.,213,2401,2614
WBGene00013437.,7,32,39
WBGene00013438.,0,904,904
WBGene00013439.,2,12,14
WBGene00013440.,18,88,106
WBGene00013441.,183,1472,1655
WBGene00013442.,12,246,258
WBGene00013443.,107,375,482
WBGene00013445.,16,317,333
WBGene00013446.,440,1479,1919
WBGene00013447.,258,1394,1652
WBGene00013448.,119,903,1022
WBGene00013449.,6,25,31
WBGene00013450.,6,17,23
WBGene00013451.,2,8,10
WBGene00013452.,2,2,4
WBGene00013453.,98,1507,1605
WBGene00013454.,9,1,10
WBGene00013455.,277,1283,1560
WBGene00013456.,83,467,550
WBGene00013457.,59,193,252
WBGene00013458.,178,1781,1959
WBGene00013459.,1150,11237,12387
WBGene00013460.,672,1536,2208
WBGene00013461.,370,2478,2848
WBGene00013462.,264,3671,3935
WBGene00013463.,0,24984,24984
WBGene00013464.,181,944,1125
WBGene00013465.,123,1043,1166
WBGene00013466.,0,1,1
WBGene00013467.,1,0,1
WBGene00013468.,0,2,2
WBGene00013469.,0,3,3
WBGene00013470.,1,1,2
WBGene00013471.,1,0,1
WBGene00013472.,0,0,0
WBGene00013473.,0,1,1
WBGene00013474.,0,9,9
WBGene00013475.,1,0,1
WBGene00013476.,1,1,2
WBGene00013477.,130,7961,8091
WBGene00013478.,0,2,2
WBGene00013479.,120,535,655
WBGene00013480.,51,15,66
WBGene00013481.,1098,14445,15543
WBGene00013482.,114,1334,1448
WBGene00013483.,0,0,0
WBGene00013484.,10,6,16
WBGene00013485.,108,270,378
WBGene00013486.,63,51,114
WBGene00013487.,19,10,29
WBGene00013489.,52,17603,17655
WBGene00013490.,3,38,41
WBGene00013491.,0,0,0
WBGene00013492.,0,5,5
WBGene00013493.,0,6,6
WBGene00013494.,2,4,6
WBGene00013495.,7,1,8
WBGene00013496.,24,132,156
WBGene00013497.,36,291,327
WBGene00013498.,2,8,10
WBGene00013499.,109,451,560
WBGene00013500.,0,0,0
WBGene00013501.,0,0,0
WBGene00013502.,7,1,8
WBGene00013503.,21,1,22
WBGene00013505.,9,40,49
WBGene00013506.,291,560,851
WBGene00013507.,20,58,78
WBGene00013508.,1,5,6
WBGene00013509.,8,270,278
WBGene00013510.,182,66,248
WBGene00013511.,1,1,2
WBGene00013512.,45,75,120
WBGene00013513.,3,8,11
WBGene00013514.,1603,30362,31965
WBGene00013515.,330,4558,4888
WBGene00013516.,74,915,989
WBGene00013517.,44,47,91
WBGene00013518.,248,1020,1268
WBGene00013519.,0,0,0
WBGene00013520.,15,11,26
WBGene00013521.,0,1,1
WBGene00013522.,203,1242,1445
WBGene00013523.,0,1,1
WBGene00013524.,0,2,2
WBGene00013525.,1,1,2
WBGene00013526.,1,2,3
WBGene00013527.,1,0,1
WBGene00013528.,0,0,0
WBGene00013529.,366,1583,1949
WBGene00013530.,507,2581,3088
WBGene00013531.,401,3639,4040
WBGene00013532.,20,3092,3112
WBGene00013534.,101,107,208
WBGene00013535.,10,138,148
WBGene00013536.,259,59,318
WBGene00013537.,16,11,27
WBGene00013538.,251,1286,1537
WBGene00013539.,26,138,164
WBGene00013540.,22,114,136
WBGene00013541.,33,73,106
WBGene00013542.,83,1148,1231
WBGene00013543.,250,1549,1799
WBGene00013544.,462,5553,6015
WBGene00013545.,500,1739,2239
WBGene00013547.,15,155,170
WBGene00013548.,140,1140,1280
WBGene00013549.,215,1063,1278
WBGene00013550.,104,3339,3443
WBGene00013551.,51,464,515
WBGene00013552.,13,464,477
WBGene00013553.,226,2749,2975
WBGene00013554.,152,524,676
WBGene00013555.,3,5,8
WBGene00013556.,242,1641,1883
WBGene00013557.,763,2428,3191
WBGene00013558.,153,1537,1690
WBGene00013559.,13,28,41
WBGene00013560.,61,339,400
WBGene00013561.,186,1601,1787
WBGene00013562.,7,15,22
WBGene00013563.,110,62,172
WBGene00013564.,20,14,34
WBGene00013565.,0,1,1
WBGene00013566.,0,1,1
WBGene00013567.,0,100,100
WBGene00013568.,70,752,822
WBGene00013569.,4,510,514
WBGene00013570.,0,0,0
WBGene00013571.,0,0,0
WBGene00013572.,0,0,0
WBGene00013573.,117,70,187
WBGene00013574.,88,34,122
WBGene00013575.,40,849,889
WBGene00013576.,34,472,506
WBGene00013577.,2457,25754,28211
WBGene00013578.,80,343,423
WBGene00013579.,16,8,24
WBGene00013580.,1392,1922,3314
WBGene00013581.,1,3,4
WBGene00013583.,2,1,3
WBGene00013584.,40,312,352
WBGene00013585.,24,596,620
WBGene00013586.,1,2,3
WBGene00013587.,43,153,196
WBGene00013588.,486,8796,9282
WBGene00013589.,0,19,19
WBGene00013590.,0,3,3
WBGene00013591.,52,1648,1700
WBGene00013592.,42,49,91
WBGene00013593.,193,1404,1597
WBGene00013594.,138,231,369
WBGene00013595.,156,1156,1312
WBGene00013596.,50,1370,1420
WBGene00013597.,961,10693,11654
WBGene00013598.,149,2894,3043
WBGene00013599.,507,889,1396
WBGene00013601.,133,1409,1542
WBGene00013602.,31,714,745
WBGene00013603.,456,4241,4697
WBGene00013604.,117,1843,1960
WBGene00013605.,247,3217,3464
WBGene00013606.,416,2899,3315
WBGene00013607.,4,2,6
WBGene00013608.,0,6,6
WBGene00013609.,1,12,13
WBGene00013610.,5,185,190
WBGene00013611.,1,74,75
WBGene00013612.,2,73,75
WBGene00013613.,0,5,5
WBGene00013614.,0,0,0
WBGene00013615.,4,0,4
WBGene00013616.,0,1,1
WBGene00013617.,0,0,0
WBGene00013618.,0,0,0
WBGene00013619.,0,0,0
WBGene00013620.,0,0,0
WBGene00013621.,1,1,2
WBGene00013622.,0,4,4
WBGene00013623.,37,434,471
WBGene00013624.,0,6,6
WBGene00013625.,0,2,2
WBGene00013626.,0,1,1
WBGene00013627.,0,0,0
WBGene00013628.,0,0,0
WBGene00013629.,7,2,9
WBGene00013631.,5,3,8
WBGene00013632.,274,511,785
WBGene00013633.,35,203,238
WBGene00013634.,7,25,32
WBGene00013635.,0,0,0
WBGene00013636.,0,0,0
WBGene00013637.,7,54,61
WBGene00013638.,379,3555,3934
WBGene00013639.,1624,1144,2768
WBGene00013640.,148,38,186
WBGene00013642.,113,470,583
WBGene00013643.,8,16,24
WBGene00013644.,2,34,36
WBGene00013645.,1,3,4
WBGene00013646.,3,3,6
WBGene00013647.,695,6351,7046
WBGene00013648.,5,2,7
WBGene00013649.,4,4,8
WBGene00013650.,4,147,151
WBGene00013651.,9,10,19
WBGene00013652.,1,29,30
WBGene00013653.,10,35,45
WBGene00013654.,6,26,32
WBGene00013655.,12,22,34
WBGene00013656.,0,3,3
WBGene00013657.,0,0,0
WBGene00013658.,21,372,393
WBGene00013659.,1,34,35
WBGene00013661.,10,7,17
WBGene00013662.,17,123,140
WBGene00013665.,67,470,537
WBGene00013666.,116,853,969
WBGene00013667.,252,1494,1746
WBGene00013668.,180,2129,2309
WBGene00013669.,43,341,384
WBGene00013670.,491,2647,3138
WBGene00013671.,138,2690,2828
WBGene00013672.,53,133,186
WBGene00013673.,170,601,771
WBGene00013674.,148,1031,1179
WBGene00013676.,250,2678,2928
WBGene00013677.,600,3579,4179
WBGene00013678.,494,2325,2819
WBGene00013679.,242,1796,2038
WBGene00013680.,462,1476,1938
WBGene00013682.,2393,3128,5521
WBGene00013683.,347,5106,5453
WBGene00013684.,6,6,12
WBGene00013685.,36,105,141
WBGene00013687.,260,1601,1861
WBGene00013688.,355,6414,6769
WBGene00013689.,29,983,1012
WBGene00013690.,81,1228,1309
WBGene00013691.,68,928,996
WBGene00013692.,181,1854,2035
WBGene00013693.,78,161,239
WBGene00013694.,54,1189,1243
WBGene00013695.,309,2148,2457
WBGene00013696.,1,13,14
WBGene00013697.,15,817,832
WBGene00013698.,32,826,858
WBGene00013699.,1,9,10
WBGene00013700.,1,22,23
WBGene00013701.,3,89,92
WBGene00013702.,69,461,530
WBGene00013703.,423,1839,2262
WBGene00013704.,44,282,326
WBGene00013705.,2,1,3
WBGene00013706.,0,2,2
WBGene00013707.,0,0,0
WBGene00013708.,10,450,460
WBGene00013709.,430,5036,5466
WBGene00013710.,0,20,20
WBGene00013711.,387,956,1343
WBGene00013712.,0,0,0
WBGene00013713.,0,6,6
WBGene00013716.,8,64,72
WBGene00013717.,21,418,439
WBGene00013718.,90,1972,2062
WBGene00013719.,29,913,942
WBGene00013720.,8,1111,1119
WBGene00013721.,0,5,5
WBGene00013722.,0,0,0
WBGene00013723.,0,101,101
WBGene00013724.,91,706,797
WBGene00013725.,143,1773,1916
WBGene00013726.,103,1029,1132
WBGene00013727.,18,296,314
WBGene00013728.,77,983,1060
WBGene00013729.,14,441,455
WBGene00013730.,1124,4223,5347
WBGene00013732.,2692,1873,4565
WBGene00013734.,15,6238,6253
WBGene00013735.,2162,5300,7462
WBGene00013736.,81,1992,2073
WBGene00013737.,607,1841,2448
WBGene00013738.,281,1806,2087
WBGene00013739.,174,114,288
WBGene00013740.,35,2551,2586
WBGene00013741.,9,58,67
WBGene00013742.,111,185,296
WBGene00013744.,3,10,13
WBGene00013746.,307,773,1080
WBGene00013747.,12,3,15
WBGene00013748.,28,414,442
WBGene00013749.,29,84,113
WBGene00013750.,1,13,14
WBGene00013751.,34,611,645
WBGene00013752.,339,532,871
WBGene00013753.,67,554,621
WBGene00013754.,0,1,1
WBGene00013755.,3,38,41
WBGene00013756.,17,254,271
WBGene00013757.,0,6,6
WBGene00013758.,8,283,291
WBGene00013759.,0,2,2
WBGene00013760.,0,2,2
WBGene00013761.,7,106,113
WBGene00013762.,2,12,14
WBGene00013763.,3,28,31
WBGene00013764.,39,43,82
WBGene00013765.,277,3484,3761
WBGene00013766.,200,39194,39394
WBGene00013768.,295,981,1276
WBGene00013770.,1,0,1
WBGene00013771.,0,6,6
WBGene00013772.,3,0,3
WBGene00013773.,1,7,8
WBGene00013774.,96,92,188
WBGene00013775.,1,10,11
WBGene00013776.,3,123,126
WBGene00013777.,1,2,3
WBGene00013778.,11,38,49
WBGene00013779.,2,36,38
WBGene00013781.,55,222,277
WBGene00013782.,53,199,252
WBGene00013783.,1,0,1
WBGene00013784.,1966,16750,18716
WBGene00013785.,3,3,6
WBGene00013786.,2,7,9
WBGene00013788.,0,0,0
WBGene00013789.,152,854,1006
WBGene00013790.,127,1105,1232
WBGene00013791.,0,0,0
WBGene00013792.,231,309,540
WBGene00013794.,0,4,4
WBGene00013795.,0,2,2
WBGene00013796.,0,0,0
WBGene00013797.,0,0,0
WBGene00013798.,0,0,0
WBGene00013799.,0,11,11
WBGene00013800.,4,1,5
WBGene00013801.,14,29,43
WBGene00013802.,113,236,349
WBGene00013803.,470,3362,3832
WBGene00013804.,608,5716,6324
WBGene00013805.,871,7233,8104
WBGene00013806.,78,398,476
WBGene00013807.,642,1467,2109
WBGene00013808.,421,2528,2949
WBGene00013809.,36,23,59
WBGene00013810.,2,3,5
WBGene00013811.,2,3,5
WBGene00013812.,41,70,111
WBGene00013814.,60,42,102
WBGene00013815.,0,4,4
WBGene00013816.,2,7,9
WBGene00013817.,12,56,68
WBGene00013819.,245,2071,2316
WBGene00013820.,4,33,37
WBGene00013821.,10,2,12
WBGene00013822.,2,6,8
WBGene00013823.,24,10,34
WBGene00013824.,0,4,4
WBGene00013825.,43,67,110
WBGene00013826.,3,25,28
WBGene00013827.,0,0,0
WBGene00013828.,39,4,43
WBGene00013829.,0,18,18
WBGene00013830.,0,12,12
WBGene00013831.,9,4,13
WBGene00013832.,0,32,32
WBGene00013833.,8,21,29
WBGene00013834.,7,8,15
WBGene00013835.,21,157,178
WBGene00013836.,1,27,28
WBGene00013837.,0,2,2
WBGene00013838.,1,1405,1406
WBGene00013839.,0,10,10
WBGene00013840.,1,2,3
WBGene00013841.,6,33,39
WBGene00013842.,21,98,119
WBGene00013843.,2,26,28
WBGene00013844.,5,19,24
WBGene00013845.,22,285,307
WBGene00013846.,6,11,17
WBGene00013847.,207,1487,1694
WBGene00013848.,173,433,606
WBGene00013849.,34,155,189
WBGene00013850.,95,147,242
WBGene00013852.,72,699,771
WBGene00013853.,3,2422,2425
WBGene00013854.,1,1,2
WBGene00013855.,71,672,743
WBGene00013856.,0,50,50
WBGene00013857.,113,679,792
WBGene00013858.,0,5,5
WBGene00013859.,953,14662,15615
WBGene00013860.,342,4750,5092
WBGene00013862.,17,514,531
WBGene00013863.,2,7,9
WBGene00013865.,4,54,58
WBGene00013866.,436,4316,4752
WBGene00013867.,72,239,311
WBGene00013868.,1,37,38
WBGene00013869.,336,2345,2681
WBGene00013870.,36,408,444
WBGene00013871.,7,16,23
WBGene00013872.,299,1850,2149
WBGene00013873.,22,15,37
WBGene00013874.,3,21,24
WBGene00013875.,1,7,8
WBGene00013876.,18,336,354
WBGene00013877.,131,1239,1370
WBGene00013878.,588,3343,3931
WBGene00013879.,7,27,34
WBGene00013880.,49,2763,2812
WBGene00013881.,71,758,829
WBGene00013882.,1481,9953,11434
WBGene00013883.,27,62,89
WBGene00013884.,3767,38010,41777
WBGene00013886.,6,35,41
WBGene00013887.,0,3,3
WBGene00013888.,0,0,0
WBGene00013889.,0,0,0
WBGene00013890.,0,0,0
WBGene00013891.,0,36,36
WBGene00013892.,170,3549,3719
WBGene00013893.,29,2168,2197
WBGene00013894.,89,784,873
WBGene00013895.,23,363,386
WBGene00013896.,70,489,559
WBGene00013897.,35,1056,1091
WBGene00013898.,172,2269,2441
WBGene00013899.,39,639,678
WBGene00013900.,2,16,18
WBGene00013901.,6,118,124
WBGene00013902.,30,89,119
WBGene00013903.,0,28,28
WBGene00013904.,1,10,11
WBGene00013905.,3,3,6
WBGene00013906.,4,48,52
WBGene00013907.,5,22,27
WBGene00013908.,0,4,4
WBGene00013909.,1,2,3
WBGene00013910.,0,0,0
WBGene00013911.,2,12,14
WBGene00013912.,4,5,9
WBGene00013913.,4,1,5
WBGene00013914.,48,95,143
WBGene00013915.,0,2,2
WBGene00013916.,2,14,16
WBGene00013917.,57,728,785
WBGene00013918.,0,0,0
WBGene00013919.,359,2413,2772
WBGene00013920.,77,3349,3426
WBGene00013921.,177,1004,1181
WBGene00013923.,9,168,177
WBGene00013924.,294,6988,7282
WBGene00013925.,96,1695,1791
WBGene00013926.,0,245,245
WBGene00013927.,0,1,1
WBGene00013928.,1,1,2
WBGene00013929.,5,15,20
WBGene00013930.,0,0,0
WBGene00013931.,7,0,7
WBGene00013932.,0,0,0
WBGene00013933.,8,22,30
WBGene00013934.,843,2969,3812
WBGene00013935.,0,0,0
WBGene00013937.,0,4,4
WBGene00013938.,73,1029,1102
WBGene00013939.,2,51,53
WBGene00013940.,0,0,0
WBGene00013941.,1,1,2
WBGene00013942.,0,0,0
WBGene00013943.,0,1,1
WBGene00013944.,0,1,1
WBGene00013946.,122,476,598
WBGene00013947.,63,752,815
WBGene00013948.,0,0,0
WBGene00013949.,29,296,325
WBGene00013950.,44,347,391
WBGene00013951.,0,1,1
WBGene00013953.,2,0,2
WBGene00013954.,1,2,3
WBGene00013955.,125,51,176
WBGene00013956.,0,3,3
WBGene00013957.,77,154,231
WBGene00013958.,412,6902,7314
WBGene00013959.,124,983,1107
WBGene00013960.,41,223,264
WBGene00013961.,0,4,4
WBGene00013962.,187,2356,2543
WBGene00013963.,7,245,252
WBGene00013964.,12,515,527
WBGene00013965.,7,49,56
WBGene00013966.,24,962,986
WBGene00013967.,76,702,778
WBGene00013968.,2,16,18
WBGene00013969.,241,3418,3659
WBGene00013970.,173,939,1112
WBGene00013971.,0,0,0
WBGene00013972.,0,0,0
WBGene00013973.,0,1,1
WBGene00013974.,11,24,35
WBGene00013975.,9,119,128
WBGene00013976.,14,19,33
WBGene00013978.,3,1,4
WBGene00013979.,0,2,2
WBGene00013980.,68,290,358
WBGene00013982.,20,310,330
WBGene00013983.,83,4707,4790
WBGene00013984.,1656,6423,8079
WBGene00013985.,136,2093,2229
WBGene00013986.,0,7,7
WBGene00013987.,5,23,28
WBGene00013988.,3,3,6
WBGene00013989.,54,802,856
WBGene00013993.,0,0,0
WBGene00013994.,122,1132,1254
WBGene00013995.,1,4,5
WBGene00013996.,1,9,10
WBGene00013997.,521,4905,5426
WBGene00013998.,25,764,789
WBGene00013999.,5,5,10
WBGene00014000.,14,302,316
WBGene00014001.,148,2831,2979
WBGene00014002.,46,306,352
WBGene00014003.,40,9501,9541
WBGene00014004.,224,1760,1984
WBGene00014005.,4,16,20
WBGene00014006.,12,4442,4454
WBGene00014007.,1,22,23
WBGene00014008.,26,493,519
WBGene00014009.,11,262,273
WBGene00014011.,47,2500,2547
WBGene00014012.,79,3258,3337
WBGene00014013.,111,4288,4399
WBGene00014014.,130,587,717
WBGene00014015.,129,2552,2681
WBGene00014016.,1266,21836,23102
WBGene00014017.,164,3349,3513
WBGene00014018.,312,1812,2124
WBGene00014019.,141,1701,1842
WBGene00014020.,53,1512,1565
WBGene00014021.,304,1035,1339
WBGene00014022.,598,10453,11051
WBGene00014023.,232,738,970
WBGene00014024.,100,421,521
WBGene00014025.,192,3864,4056
WBGene00014026.,0,0,0
WBGene00014027.,25,208,233
WBGene00014028.,90,513,603
WBGene00014029.,0,6,6
WBGene00014030.,56,8105,8161
WBGene00014031.,76,2868,2944
WBGene00014032.,0,0,0
WBGene00014033.,156,835,991
WBGene00014034.,1,578,579
WBGene00014035.,137,1213,1350
WBGene00014036.,1103,4141,5244
WBGene00014037.,2584,1,2585
WBGene00014039.,70,447,517
WBGene00014040.,1,3,4
WBGene00014041.,0,2,2
WBGene00014042.,0,0,0
WBGene00014043.,0,0,0
WBGene00014044.,0,0,0
WBGene00014045.,0,0,0
WBGene00014046.,0,0,0
WBGene00014047.,1,2,3
WBGene00014048.,3,3,6
WBGene00014049.,0,0,0
WBGene00014050.,0,6,6
WBGene00014051.,501,2104,2605
WBGene00014052.,5,127,132
WBGene00014053.,11,19,30
WBGene00014054.,279,11984,12263
WBGene00014055.,272,2237,2509
WBGene00014057.,29,325,354
WBGene00014058.,145,2002,2147
WBGene00014060.,35,212,247
WBGene00014061.,0,0,0
WBGene00014062.,0,2,2
WBGene00014063.,0,17,17
WBGene00014064.,0,8,8
WBGene00014065.,99,75,174
WBGene00014066.,82,880,962
WBGene00014067.,14,225,239
WBGene00014068.,6,11,17
WBGene00014069.,1,14,15
WBGene00014070.,34,0,34
WBGene00014073.,16,81,97
WBGene00014074.,87,686,773
WBGene00014075.,254,2626,2880
WBGene00014076.,163,894,1057
WBGene00014077.,27,197,224
WBGene00014078.,382,4738,5120
WBGene00014079.,68,591,659
WBGene00014080.,60,680,740
WBGene00014081.,99,781,880
WBGene00014082.,18,6,24
WBGene00014083.,208,4545,4753
WBGene00014084.,0,1,1
WBGene00014085.,29,155,184
WBGene00014086.,1972,28068,30040
WBGene00014087.,86,1802,1888
WBGene00014088.,1910,60951,62861
WBGene00014089.,33,102,135
WBGene00014090.,45,2648,2693
WBGene00014091.,1984,54803,56787
WBGene00014092.,1022,10732,11754
WBGene00014093.,106,218,324
WBGene00014094.,32,176,208
WBGene00014095.,179,61091,61270
WBGene00014096.,39,5970,6009
WBGene00014097.,8,125,133
WBGene00014098.,309,3855,4164
WBGene00014099.,24,271,295
WBGene00014100.,3,41,44
WBGene00014101.,209,609,818
WBGene00014102.,2,7,9
WBGene00014103.,27,33,60
WBGene00014104.,1,4,5
WBGene00014105.,9,36,45
WBGene00014106.,138,668,806
WBGene00014107.,21,387,408
WBGene00014108.,646,32690,33336
WBGene00014109.,98,5103,5201
WBGene00014111.,29,1287,1316
WBGene00014112.,105,2856,2961
WBGene00014113.,8,248,256
WBGene00014114.,85,985,1070
WBGene00014115.,200,3251,3451
WBGene00014116.,8,26,34
WBGene00014117.,1,41,42
WBGene00014118.,164,789,953
WBGene00014119.,385,1967,2352
WBGene00014120.,0,480,480
WBGene00014121.,44,48,92
WBGene00014122.,43,101,144
WBGene00014123.,37,1712,1749
WBGene00014124.,35,1316,1351
WBGene00014125.,12,1048,1060
WBGene00014126.,0,0,0
WBGene00014127.,2,3,5
WBGene00014128.,3,3,6
WBGene00014129.,3,2,5
WBGene00014130.,1,4,5
WBGene00014131.,2,29,31
WBGene00014132.,1,1,2
WBGene00014134.,2,19,21
WBGene00014135.,0,4,4
WBGene00014136.,9,16,25
WBGene00014137.,7,280,287
WBGene00014138.,7,55,62
WBGene00014139.,347,636,983
WBGene00014140.,574,769,1343
WBGene00014141.,8,130,138
WBGene00014142.,14,49,63
WBGene00014143.,1,0,1
WBGene00014144.,0,4,4
WBGene00014145.,28,99,127
WBGene00014147.,0,0,0
WBGene00014148.,243,4061,4304
WBGene00014149.,5,13,18
WBGene00014150.,63,500,563
WBGene00014151.,123,1367,1490
WBGene00014152.,14,52,66
WBGene00014153.,83,1822,1905
WBGene00014154.,1,13,14
WBGene00014155.,21,16,37
WBGene00014156.,132,1743,1875
WBGene00014157.,0,3,3
WBGene00014158.,1,3,4
WBGene00014159.,6,579,585
WBGene00014160.,2,49,51
WBGene00014161.,9,21,30
WBGene00014162.,3,6,9
WBGene00014163.,0,123,123
WBGene00014164.,26,262,288
WBGene00014165.,630,16703,17333
WBGene00014166.,17,106,123
WBGene00014168.,0,0,0
WBGene00014169.,1,25,26
WBGene00014170.,1,17,18
WBGene00014171.,2449,6097,8546
WBGene00014172.,231,1627,1858
WBGene00014173.,2,46,48
WBGene00014174.,0,11,11
WBGene00014175.,93,911,1004
WBGene00014176.,149,1809,1958
WBGene00014177.,124,2735,2859
WBGene00014178.,11,52,63
WBGene00014179.,0,0,0
WBGene00014180.,3,2,5
WBGene00014181.,19,97,116
WBGene00014182.,0,0,0
WBGene00014183.,24,4190,4214
WBGene00014184.,12,75,87
WBGene00014185.,0,5,5
WBGene00014186.,0,1,1
WBGene00014188.,0,0,0
WBGene00014189.,2,93,95
WBGene00014190.,1,0,1
WBGene00014191.,1,1,2
WBGene00014192.,0,0,0
WBGene00014193.,3,2,5
WBGene00014194.,1,1,2
WBGene00014195.,7,33,40
WBGene00014196.,1,10,11
WBGene00014197.,0,2,2
WBGene00014198.,1,180,181
WBGene00014199.,1,4,5
WBGene00014200.,5,70,75
WBGene00014201.,1,1,2
WBGene00014202.,364,8205,8569
WBGene00014203.,19,371,390
WBGene00014204.,98,9240,9338
WBGene00014205.,39,880,919
WBGene00014206.,21,387,408
WBGene00014207.,487,10186,10673
WBGene00014208.,72,1428,1500
WBGene00014209.,126,1592,1718
WBGene00014210.,21,158,179
WBGene00014213.,349,6348,6697
WBGene00014214.,1090,2601,3691
WBGene00014215.,220,1135,1355
WBGene00014216.,1,1,2
WBGene00014217.,0,2,2
WBGene00014218.,256,6034,6290
WBGene00014219.,74,1482,1556
WBGene00014220.,33,480,513
WBGene00014221.,90,2617,2707
WBGene00014222.,175,1397,1572
WBGene00014223.,181,142,323
WBGene00014224.,260,7002,7262
WBGene00014225.,16,53,69
WBGene00014226.,0,113,113
WBGene00014227.,171,1790,1961
WBGene00014228.,8,694,702
WBGene00014229.,3,7,10
WBGene00014230.,28,909,937
WBGene00014232.,256,3715,3971
WBGene00014233.,52,960,1012
WBGene00014234.,9,1921,1930
WBGene00014235.,16,99,115
WBGene00014236.,1,9,10
WBGene00014238.,0,0,0
WBGene00014239.,1,2,3
WBGene00014240.,1,0,1
WBGene00014241.,0,8,8
WBGene00014242.,0,1,1
WBGene00014243.,228,3184,3412
WBGene00014244.,20,784,804
WBGene00014245.,1,6,7
WBGene00014246.,1,1,2
WBGene00014247.,1,2,3
WBGene00014248.,186,725,911
WBGene00014249.,138,5853,5991
WBGene00014250.,28,1077,1105
WBGene00014251.,106,1452,1558
WBGene00014252.,10,195,205
WBGene00014253.,18,174,192
WBGene00014254.,22,268,290
WBGene00014255.,7,166,173
WBGene00014256.,22,394,416
WBGene00014258.,410,7967,8377
WBGene00014259.,213,3542,3755
WBGene00014260.,67,73,140
WBGene00014261.,1025,2393,3418
WBGene00014262.,1605,21101,22706
WBGene00014263.,0,1,1
WBGene00014264.,0,0,0
WBGene00014265.,0,0,0
WBGene00014266.,0,0,0
WBGene00014267.,0,0,0
WBGene00014268.,0,0,0
WBGene00014269.,0,0,0
WBGene00014270.,0,0,0
WBGene00014271.,0,0,0
WBGene00014272.,0,0,0
WBGene00014273.,0,0,0
WBGene00014274.,0,0,0
WBGene00014275.,0,0,0
WBGene00014276.,0,0,0
WBGene00014277.,0,0,0
WBGene00014278.,0,0,0
WBGene00014279.,0,1,1
WBGene00014280.,0,0,0
WBGene00014281.,0,0,0
WBGene00014282.,0,0,0
WBGene00014283.,0,0,0
WBGene00014284.,0,0,0
WBGene00014285.,0,0,0
WBGene00014286.,0,0,0
WBGene00014287.,0,0,0
WBGene00014288.,0,0,0
WBGene00014289.,0,0,0
WBGene00014290.,0,0,0
WBGene00014291.,0,32,32
WBGene00014292.,0,0,0
WBGene00014293.,0,0,0
WBGene00014294.,1457,6087,7544
WBGene00014295.,0,0,0
WBGene00014296.,0,0,0
WBGene00014297.,0,1,1
WBGene00014298.,0,0,0
WBGene00014299.,0,0,0
WBGene00014300.,51,284,335
WBGene00014301.,0,0,0
WBGene00014302.,0,0,0
WBGene00014303.,0,0,0
WBGene00014304.,0,0,0
WBGene00014305.,0,0,0
WBGene00014306.,0,0,0
WBGene00014307.,3973,77974,81947
WBGene00014308.,103,15909,16012
WBGene00014309.,7581,100658,108239
WBGene00014310.,0,0,0
WBGene00014311.,0,0,0
WBGene00014312.,0,0,0
WBGene00014313.,0,0,0
WBGene00014314.,0,0,0
WBGene00014315.,0,0,0
WBGene00014316.,0,0,0
WBGene00014317.,0,19,19
WBGene00014318.,0,0,0
WBGene00014319.,0,0,0
WBGene00014320.,0,3,3
WBGene00014321.,0,0,0
WBGene00014322.,0,13,13
WBGene00014323.,0,0,0
WBGene00014324.,0,0,0
WBGene00014325.,0,0,0
WBGene00014326.,0,0,0
WBGene00014327.,0,0,0
WBGene00014328.,0,0,0
WBGene00014329.,0,2,2
WBGene00014330.,0,0,0
WBGene00014331.,0,0,0
WBGene00014332.,0,1,1
WBGene00014333.,0,0,0
WBGene00014334.,0,0,0
WBGene00014335.,0,0,0
WBGene00014336.,0,0,0
WBGene00014337.,0,0,0
WBGene00014338.,0,0,0
WBGene00014339.,0,0,0
WBGene00014340.,0,0,0
WBGene00014341.,0,0,0
WBGene00014342.,0,0,0
WBGene00014343.,0,0,0
WBGene00014344.,0,0,0
WBGene00014345.,0,0,0
WBGene00014346.,0,0,0
WBGene00014347.,0,0,0
WBGene00014348.,0,2,2
WBGene00014349.,0,7,7
WBGene00014350.,0,5,5
WBGene00014351.,0,0,0
WBGene00014352.,0,0,0
WBGene00014353.,0,0,0
WBGene00014354.,0,0,0
WBGene00014355.,0,0,0
WBGene00014356.,0,0,0
WBGene00014357.,0,0,0
WBGene00014358.,0,0,0
WBGene00014359.,0,0,0
WBGene00014360.,0,0,0
WBGene00014361.,0,0,0
WBGene00014362.,1,0,1
WBGene00014363.,0,0,0
WBGene00014364.,0,0,0
WBGene00014365.,0,0,0
WBGene00014366.,0,0,0
WBGene00014367.,0,0,0
WBGene00014368.,0,0,0
WBGene00014369.,0,0,0
WBGene00014370.,0,2,2
WBGene00014371.,0,18,18
WBGene00014372.,0,0,0
WBGene00014373.,1,0,1
WBGene00014374.,0,0,0
WBGene00014375.,0,1,1
WBGene00014376.,0,0,0
WBGene00014377.,0,0,0
WBGene00014378.,0,0,0
WBGene00014379.,0,0,0
WBGene00014380.,0,0,0
WBGene00014381.,0,0,0
WBGene00014382.,0,2,2
WBGene00014384.,0,0,0
WBGene00014385.,0,4,4
WBGene00014386.,0,0,0
WBGene00014387.,0,0,0
WBGene00014388.,0,0,0
WBGene00014389.,0,0,0
WBGene00014390.,0,0,0
WBGene00014391.,0,0,0
WBGene00014392.,0,0,0
WBGene00014393.,0,0,0
WBGene00014394.,0,30,30
WBGene00014395.,0,0,0
WBGene00014396.,0,0,0
WBGene00014397.,0,0,0
WBGene00014398.,0,0,0
WBGene00014399.,0,0,0
WBGene00014400.,0,0,0
WBGene00014401.,0,0,0
WBGene00014402.,0,0,0
WBGene00014403.,0,0,0
WBGene00014404.,0,2,2
WBGene00014405.,0,13,13
WBGene00014406.,0,0,0
WBGene00014407.,0,0,0
WBGene00014408.,0,0,0
WBGene00014409.,0,0,0
WBGene00014410.,0,0,0
WBGene00014411.,0,0,0
WBGene00014413.,0,0,0
WBGene00014414.,0,0,0
WBGene00014415.,0,0,0
WBGene00014416.,0,0,0
WBGene00014417.,0,24,24
WBGene00014418.,0,0,0
WBGene00014419.,0,0,0
WBGene00014420.,0,5,5
WBGene00014421.,0,3,3
WBGene00014422.,0,0,0
WBGene00014423.,0,0,0
WBGene00014424.,0,0,0
WBGene00014425.,0,0,0
WBGene00014426.,0,0,0
WBGene00014427.,0,0,0
WBGene00014428.,0,0,0
WBGene00014429.,0,0,0
WBGene00014430.,0,0,0
WBGene00014431.,0,0,0
WBGene00014432.,0,0,0
WBGene00014433.,0,0,0
WBGene00014434.,0,0,0
WBGene00014435.,0,0,0
WBGene00014436.,0,0,0
WBGene00014437.,0,0,0
WBGene00014438.,0,0,0
WBGene00014439.,0,27,27
WBGene00014440.,0,1,1
WBGene00014441.,0,0,0
WBGene00014442.,0,0,0
WBGene00014443.,0,0,0
WBGene00014444.,0,0,0
WBGene00014445.,0,0,0
WBGene00014446.,0,0,0
WBGene00014447.,0,0,0
WBGene00014448.,0,0,0
WBGene00014449.,0,0,0
WBGene00014450.,0,77,77
WBGene00014451.,0,65,65
WBGene00014452.,0,171,171
WBGene00014453.,0,53,53
WBGene00014454.,0,472133,472133
WBGene00014455.,0,35,35
WBGene00014456.,0,54,54
WBGene00014457.,0,1358,1358
WBGene00014458.,0,19,19
WBGene00014459.,0,214,214
WBGene00014460.,0,83,83
WBGene00014461.,0,34,34
WBGene00014462.,0,652,652
WBGene00014463.,0,20,20
WBGene00014464.,0,7,7
WBGene00014465.,0,44,44
WBGene00014466.,0,943,943
WBGene00014467.,0,158,158
WBGene00014468.,0,38,38
WBGene00014469.,0,18,18
WBGene00014470.,0,336,336
WBGene00014471.,0,58,58
WBGene00014472.,0,239093,239093
WBGene00014473.,0,1587,1587
WBGene00014474.,0,0,0
WBGene00014475.,0,0,0
WBGene00014476.,0,5,5
WBGene00014477.,0,0,0
WBGene00014478.,0,2,2
WBGene00014479.,0,0,0
WBGene00014480.,0,0,0
WBGene00014481.,0,0,0
WBGene00014482.,0,0,0
WBGene00014483.,0,0,0
WBGene00014484.,0,0,0
WBGene00014485.,0,0,0
WBGene00014486.,1,1,2
WBGene00014487.,0,0,0
WBGene00014488.,0,0,0
WBGene00014489.,0,0,0
WBGene00014490.,0,0,0
WBGene00014491.,0,0,0
WBGene00014493.,0,0,0
WBGene00014494.,0,0,0
WBGene00014495.,0,0,0
WBGene00014496.,0,0,0
WBGene00014497.,0,0,0
WBGene00014498.,0,0,0
WBGene00014499.,0,0,0
WBGene00014500.,0,10,10
WBGene00014501.,0,0,0
WBGene00014502.,0,0,0
WBGene00014503.,0,0,0
WBGene00014504.,0,0,0
WBGene00014505.,0,79761,79761
WBGene00014506.,0,0,0
WBGene00014507.,0,0,0
WBGene00014508.,0,0,0
WBGene00014509.,0,0,0
WBGene00014510.,0,2,2
WBGene00014511.,0,1,1
WBGene00014512.,0,0,0
WBGene00014513.,0,0,0
WBGene00014514.,0,0,0
WBGene00014515.,0,0,0
WBGene00014516.,0,0,0
WBGene00014517.,0,0,0
WBGene00014518.,0,0,0
WBGene00014519.,0,2,2
WBGene00014520.,0,1,1
WBGene00014521.,0,0,0
WBGene00014522.,0,0,0
WBGene00014523.,0,2,2
WBGene00014524.,0,0,0
WBGene00014525.,0,0,0
WBGene00014526.,0,0,0
WBGene00014527.,0,0,0
WBGene00014528.,0,0,0
WBGene00014529.,0,0,0
WBGene00014530.,0,0,0
WBGene00014531.,0,0,0
WBGene00014532.,0,0,0
WBGene00014533.,0,0,0
WBGene00014534.,0,1,1
WBGene00014535.,0,1,1
WBGene00014536.,0,0,0
WBGene00014537.,0,0,0
WBGene00014538.,0,0,0
WBGene00014539.,0,0,0
WBGene00014540.,0,0,0
WBGene00014541.,0,0,0
WBGene00014542.,0,192,192
WBGene00014543.,0,0,0
WBGene00014544.,0,0,0
WBGene00014545.,0,0,0
WBGene00014546.,0,0,0
WBGene00014547.,0,0,0
WBGene00014548.,0,0,0
WBGene00014549.,0,0,0
WBGene00014550.,0,0,0
WBGene00014551.,0,0,0
WBGene00014552.,0,0,0
WBGene00014553.,0,0,0
WBGene00014554.,0,1,1
WBGene00014555.,0,0,0
WBGene00014556.,0,0,0
WBGene00014557.,0,0,0
WBGene00014558.,0,0,0
WBGene00014559.,0,0,0
WBGene00014560.,0,0,0
WBGene00014561.,0,0,0
WBGene00014562.,69,758,827
WBGene00014563.,0,0,0
WBGene00014564.,0,0,0
WBGene00014565.,0,0,0
WBGene00014566.,0,0,0
WBGene00014567.,0,0,0
WBGene00014568.,0,0,0
WBGene00014569.,482,1667,2149
WBGene00014570.,0,0,0
WBGene00014571.,0,0,0
WBGene00014572.,0,3,3
WBGene00014573.,0,0,0
WBGene00014574.,0,0,0
WBGene00014575.,0,0,0
WBGene00014576.,5,101,106
WBGene00014577.,0,38,38
WBGene00014578.,0,0,0
WBGene00014579.,0,0,0
WBGene00014580.,0,0,0
WBGene00014581.,0,0,0
WBGene00014582.,0,0,0
WBGene00014583.,0,0,0
WBGene00014584.,0,0,0
WBGene00014585.,0,0,0
WBGene00014586.,0,0,0
WBGene00014587.,0,0,0
WBGene00014588.,0,0,0
WBGene00014589.,0,4,4
WBGene00014590.,0,0,0
WBGene00014591.,0,0,0
WBGene00014592.,0,0,0
WBGene00014593.,0,0,0
WBGene00014594.,0,0,0
WBGene00014595.,0,0,0
WBGene00014596.,0,5,5
WBGene00014597.,0,0,0
WBGene00014598.,0,0,0
WBGene00014599.,0,0,0
WBGene00014600.,0,0,0
WBGene00014601.,0,0,0
WBGene00014602.,0,0,0
WBGene00014603.,0,0,0
WBGene00014604.,0,0,0
WBGene00014605.,0,0,0
WBGene00014606.,0,0,0
WBGene00014607.,0,0,0
WBGene00014608.,0,0,0
WBGene00014609.,0,0,0
WBGene00014610.,0,0,0
WBGene00014611.,0,0,0
WBGene00014612.,0,0,0
WBGene00014613.,222,1047,1269
WBGene00014614.,0,0,0
WBGene00014615.,10,13,23
WBGene00014616.,0,0,0
WBGene00014617.,0,0,0
WBGene00014618.,0,0,0
WBGene00014619.,0,0,0
WBGene00014620.,0,1,1
WBGene00014621.,0,0,0
WBGene00014622.,0,0,0
WBGene00014623.,0,0,0
WBGene00014624.,0,0,0
WBGene00014625.,0,0,0
WBGene00014626.,0,0,0
WBGene00014627.,0,0,0
WBGene00014628.,0,0,0
WBGene00014629.,0,0,0
WBGene00014630.,1,0,1
WBGene00014631.,0,0,0
WBGene00014632.,0,0,0
WBGene00014633.,0,0,0
WBGene00014634.,0,0,0
WBGene00014635.,0,0,0
WBGene00014636.,0,0,0
WBGene00014637.,0,0,0
WBGene00014638.,0,0,0
WBGene00014639.,0,0,0
WBGene00014640.,0,0,0
WBGene00014641.,14,40,54
WBGene00014643.,0,88,88
WBGene00014644.,0,0,0
WBGene00014645.,0,0,0
WBGene00014646.,0,0,0
WBGene00014647.,0,0,0
WBGene00014648.,0,0,0
WBGene00014649.,0,0,0
WBGene00014650.,0,0,0
WBGene00014651.,0,0,0
WBGene00014652.,0,0,0
WBGene00014653.,0,0,0
WBGene00014654.,0,0,0
WBGene00014655.,0,0,0
WBGene00014656.,0,0,0
WBGene00014657.,0,1,1
WBGene00014658.,0,0,0
WBGene00014659.,0,0,0
WBGene00014660.,2,3,5
WBGene00014663.,0,142,142
WBGene00014664.,0,0,0
WBGene00014665.,0,2,2
WBGene00014666.,13,48,61
WBGene00014667.,5,23,28
WBGene00014668.,8,13,21
WBGene00014669.,9,119,128
WBGene00014670.,0,0,0
WBGene00014671.,0,0,0
WBGene00014672.,0,30,30
WBGene00014673.,0,0,0
WBGene00014674.,0,10,10
WBGene00014675.,0,1,1
WBGene00014676.,0,0,0
WBGene00014677.,0,0,0
WBGene00014678.,1,2,3
WBGene00014679.,0,2,2
WBGene00014681.,0,0,0
WBGene00014682.,0,0,0
WBGene00014683.,0,0,0
WBGene00014684.,0,0,0
WBGene00014685.,0,0,0
WBGene00014686.,0,0,0
WBGene00014689.,0,1,1
WBGene00014691.,0,0,0
WBGene00014692.,0,0,0
WBGene00014693.,0,3,3
WBGene00014694.,0,8,8
WBGene00014695.,0,0,0
WBGene00014696.,0,0,0
WBGene00014697.,263,1969,2232
WBGene00014698.,15,138,153
WBGene00014699.,0,0,0
WBGene00014700.,0,4,4
WBGene00014701.,0,52,52
WBGene00014702.,0,14,14
WBGene00014703.,0,0,0
WBGene00014704.,0,0,0
WBGene00014705.,0,0,0
WBGene00014706.,0,0,0
WBGene00014707.,0,0,0
WBGene00014708.,0,0,0
WBGene00014710.,1,9,10
WBGene00014711.,1,3,4
WBGene00014714.,1,12,13
WBGene00014715.,0,0,0
WBGene00014716.,0,0,0
WBGene00014717.,0,0,0
WBGene00014718.,0,0,0
WBGene00014719.,0,0,0
WBGene00014720.,0,0,0
WBGene00014721.,0,0,0
WBGene00014722.,1,0,1
WBGene00014723.,0,1,1
WBGene00014724.,0,0,0
WBGene00014727.,0,0,0
WBGene00014728.,0,7,7
WBGene00014729.,0,16,16
WBGene00014730.,1,14,15
WBGene00014731.,0,10,10
WBGene00014732.,12,117,129
WBGene00014733.,0,0,0
WBGene00014734.,2,4,6
WBGene00014735.,0,0,0
WBGene00014738.,0,0,0
WBGene00014740.,0,1,1
WBGene00014741.,0,11,11
WBGene00014744.,0,8,8
WBGene00014745.,0,3,3
WBGene00014746.,5,169,174
WBGene00014748.,0,0,0
WBGene00014751.,32,104,136
WBGene00014752.,0,0,0
WBGene00014753.,0,2,2
WBGene00014754.,0,1,1
WBGene00014755.,0,0,0
WBGene00014757.,0,1,1
WBGene00014758.,0,0,0
WBGene00014759.,8,6,14
WBGene00014760.,3,8,11
WBGene00014761.,13,35,48
WBGene00014763.,0,0,0
WBGene00014764.,1,0,1
WBGene00014766.,0,0,0
WBGene00014767.,0,0,0
WBGene00014768.,0,3,3
WBGene00014769.,5,6,11
WBGene00014770.,4,5,9
WBGene00014771.,0,2,2
WBGene00014772.,1623,4922,6545
WBGene00014773.,0,2,2
WBGene00014775.,0,0,0
WBGene00014776.,0,1,1
WBGene00014777.,1,0,1
WBGene00014778.,0,4,4
WBGene00014779.,0,1,1
WBGene00014781.,0,0,0
WBGene00014782.,0,0,0
WBGene00014783.,0,0,0
WBGene00014784.,0,0,0
WBGene00014785.,0,0,0
WBGene00014786.,0,0,0
WBGene00014787.,0,0,0
WBGene00014788.,0,0,0
WBGene00014789.,1,0,1
WBGene00014790.,1,10,11
WBGene00014793.,0,472,472
WBGene00014794.,3,5,8
WBGene00014796.,1,3,4
WBGene00014798.,5,20,25
WBGene00014799.,0,24,24
WBGene00014800.,1,3,4
WBGene00014801.,65,982,1047
WBGene00014803.,0,0,0
WBGene00014805.,0,0,0
WBGene00014806.,0,0,0
WBGene00014807.,3,4,7
WBGene00014809.,1,4,5
WBGene00014811.,3,71,74
WBGene00014813.,2,3,5
WBGene00014814.,0,48,48
WBGene00014817.,0,0,0
WBGene00014818.,0,3,3
WBGene00014819.,0,1,1
WBGene00014820.,49,115,164
WBGene00014821.,20,7,27
WBGene00014822.,22,2,24
WBGene00014824.,0,0,0
WBGene00014825.,2,4,6
WBGene00014826.,1304,21747,23051
WBGene00014827.,1,2,3
WBGene00014828.,0,0,0
WBGene00014829.,0,1,1
WBGene00014832.,0,0,0
WBGene00014833.,3,0,3
WBGene00014834.,10,1,11
WBGene00014835.,4,38,42
WBGene00014836.,4,91,95
WBGene00014837.,1,2,3
WBGene00014838.,3,4,7
WBGene00014839.,1,0,1
WBGene00014841.,27,18,45
WBGene00014842.,0,0,0
WBGene00014843.,0,4,4
WBGene00014844.,1,0,1
WBGene00014845.,0,0,0
WBGene00014846.,2,3,5
WBGene00014848.,77,1510,1587
WBGene00014849.,0,0,0
WBGene00014850.,0,0,0
WBGene00014851.,0,3,3
WBGene00014852.,0,118,118
WBGene00014853.,0,0,0
WBGene00014854.,0,0,0
WBGene00014855.,0,0,0
WBGene00014856.,0,0,0
WBGene00014857.,0,1,1
WBGene00014858.,0,2,2
WBGene00014861.,0,5,5
WBGene00014862.,2,2,4
WBGene00014863.,4,4,8
WBGene00014864.,7,7,14
WBGene00014865.,0,0,0
WBGene00014866.,0,0,0
WBGene00014867.,0,0,0
WBGene00014868.,0,0,0
WBGene00014869.,0,0,0
WBGene00014870.,3,21,24
WBGene00014871.,0,33,33
WBGene00014872.,0,0,0
WBGene00014873.,0,0,0
WBGene00014874.,3,0,3
WBGene00014875.,0,0,0
WBGene00014876.,0,0,0
WBGene00014877.,0,0,0
WBGene00014878.,0,0,0
WBGene00014879.,0,0,0
WBGene00014880.,0,0,0
WBGene00014881.,0,1,1
WBGene00014882.,0,1,1
WBGene00014883.,0,3,3
WBGene00014884.,11,81,92
WBGene00014885.,0,0,0
WBGene00014886.,0,62,62
WBGene00014887.,0,0,0
WBGene00014888.,0,3,3
WBGene00014889.,0,0,0
WBGene00014890.,0,0,0
WBGene00014891.,0,0,0
WBGene00014892.,0,0,0
WBGene00014893.,0,0,0
WBGene00014894.,0,0,0
WBGene00014895.,0,0,0
WBGene00014896.,0,2,2
WBGene00014897.,0,0,0
WBGene00014898.,0,6,6
WBGene00014902.,0,0,0
WBGene00014903.,0,0,0
WBGene00014904.,7,31,38
WBGene00014905.,0,0,0
WBGene00014906.,1,3,4
WBGene00014907.,0,15,15
WBGene00014908.,0,0,0
WBGene00014909.,0,1,1
WBGene00014910.,0,0,0
WBGene00014911.,0,0,0
WBGene00014912.,0,0,0
WBGene00014914.,13,17,30
WBGene00014915.,9,148,157
WBGene00014916.,5,140,145
WBGene00014917.,4,43,47
WBGene00014918.,4,93,97
WBGene00014920.,1,24,25
WBGene00014921.,0,1,1
WBGene00014922.,0,3,3
WBGene00014923.,1,1,2
WBGene00014924.,2,2,4
WBGene00014925.,0,10,10
WBGene00014926.,4,1,5
WBGene00014927.,1,0,1
WBGene00014928.,0,0,0
WBGene00014929.,0,0,0
WBGene00014930.,0,0,0
WBGene00014931.,0,0,0
WBGene00014932.,0,0,0
WBGene00014933.,0,0,0
WBGene00014934.,0,3,3
WBGene00014935.,0,0,0
WBGene00014936.,0,0,0
WBGene00014937.,0,0,0
WBGene00014938.,263,5571,5834
WBGene00014939.,0,16,16
WBGene00014941.,16,138,154
WBGene00014943.,0,0,0
WBGene00014944.,0,27,27
WBGene00014945.,0,2,2
WBGene00014946.,0,28,28
WBGene00014947.,11,65,76
WBGene00014948.,2,1,3
WBGene00014949.,0,0,0
WBGene00014950.,0,0,0
WBGene00014951.,0,0,0
WBGene00014952.,0,0,0
WBGene00014953.,0,0,0
WBGene00014954.,0,3,3
WBGene00014955.,0,96,96
WBGene00014956.,0,16,16
WBGene00014957.,0,1,1
WBGene00014958.,0,2,2
WBGene00014961.,0,0,0
WBGene00014962.,0,0,0
WBGene00014963.,0,0,0
WBGene00014964.,0,1,1
WBGene00014965.,49,1415,1464
WBGene00014966.,0,0,0
WBGene00014967.,0,5,5
WBGene00014969.,0,1,1
WBGene00014970.,0,1,1
WBGene00014971.,0,0,0
WBGene00014972.,0,0,0
WBGene00014973.,0,2,2
WBGene00014974.,0,0,0
WBGene00014975.,32,457,489
WBGene00014976.,0,1,1
WBGene00014977.,0,13,13
WBGene00014978.,8,23,31
WBGene00014979.,0,5,5
WBGene00014980.,0,0,0
WBGene00014981.,0,8,8
WBGene00014983.,0,0,0
WBGene00014984.,0,4,4
WBGene00014987.,0,158,158
WBGene00014989.,565,3162,3727
WBGene00014990.,0,0,0
WBGene00014991.,0,58,58
WBGene00014992.,0,8,8
WBGene00014993.,0,2,2
WBGene00014994.,14,25,39
WBGene00014996.,1,3,4
WBGene00014997.,4,6,10
WBGene00014998.,37,98,135
WBGene00014999.,70,701,771
WBGene00015000.,11,55,66
WBGene00015001.,136,1133,1269
WBGene00015002.,13,138,151
WBGene00015003.,4,1,5
WBGene00015004.,2,7,9
WBGene00015005.,24,280,304
WBGene00015006.,13,31,44
WBGene00015007.,837,7356,8193
WBGene00015008.,42,797,839
WBGene00015009.,83,1211,1294
WBGene00015010.,107,1099,1206
WBGene00015011.,28,2549,2577
WBGene00015012.,9,29,38
WBGene00015013.,1,57,58
WBGene00015014.,18,147,165
WBGene00015015.,3,46,49
WBGene00015016.,11,64,75
WBGene00015017.,106,919,1025
WBGene00015018.,3,10,13
WBGene00015019.,33,141,174
WBGene00015020.,0,26,26
WBGene00015021.,420,4240,4660
WBGene00015022.,968,5824,6792
WBGene00015023.,55,562,617
WBGene00015024.,3,3,6
WBGene00015025.,504,6710,7214
WBGene00015026.,6,5,11
WBGene00015027.,92,203,295
WBGene00015028.,9,40,49
WBGene00015029.,32,958,990
WBGene00015030.,2,4,6
WBGene00015032.,2,17,19
WBGene00015033.,134,211,345
WBGene00015034.,4,5,9
WBGene00015035.,40,72,112
WBGene00015036.,1,20,21
WBGene00015037.,44,158,202
WBGene00015038.,24,249,273
WBGene00015040.,0,26,26
WBGene00015041.,15,39,54
WBGene00015042.,1,6,7
WBGene00015043.,20,272,292
WBGene00015044.,11,81,92
WBGene00015045.,9,14,23
WBGene00015046.,42,283,325
WBGene00015047.,65,1120,1185
WBGene00015048.,15,394,409
WBGene00015049.,1,43,44
WBGene00015050.,7,49,56
WBGene00015051.,1,6,7
WBGene00015052.,0,10,10
WBGene00015053.,6,226,232
WBGene00015054.,5,6,11
WBGene00015055.,65,193,258
WBGene00015056.,22,235,257
WBGene00015057.,11,400,411
WBGene00015058.,0,12,12
WBGene00015059.,31,3032,3063
WBGene00015061.,4697,40345,45042
WBGene00015062.,11,174,185
WBGene00015063.,9,520,529
WBGene00015064.,230,2524,2754
WBGene00015065.,3,4,7
WBGene00015066.,2,22,24
WBGene00015067.,27,597,624
WBGene00015068.,1,2,3
WBGene00015069.,1,1,2
WBGene00015070.,3,7,10
WBGene00015071.,3,0,3
WBGene00015072.,17,19,36
WBGene00015073.,8,157,165
WBGene00015074.,70,4735,4805
WBGene00015075.,247,6760,7007
WBGene00015076.,15,1099,1114
WBGene00015077.,1,5,6
WBGene00015078.,0,0,0
WBGene00015079.,191,57,248
WBGene00015080.,0,2,2
WBGene00015081.,9,6,15
WBGene00015082.,5,10,15
WBGene00015083.,5,107,112
WBGene00015084.,0,1,1
WBGene00015085.,8,17,25
WBGene00015087.,6,15,21
WBGene00015088.,121,1000,1121
WBGene00015089.,5,5,10
WBGene00015091.,144,1882,2026
WBGene00015092.,330,8671,9001
WBGene00015093.,1,6,7
WBGene00015094.,9,24,33
WBGene00015095.,54,651,705
WBGene00015096.,580,3696,4276
WBGene00015097.,13,91,104
WBGene00015098.,10,89,99
WBGene00015099.,334,2945,3279
WBGene00015100.,1,3,4
WBGene00015101.,19,1367,1386
WBGene00015102.,1,68,69
WBGene00015103.,10,328,338
WBGene00015104.,30,3015,3045
WBGene00015105.,376,691,1067
WBGene00015106.,10,13,23
WBGene00015107.,3,33,36
WBGene00015108.,0,2,2
WBGene00015110.,6,15,21
WBGene00015111.,0,1,1
WBGene00015112.,1,14,15
WBGene00015113.,0,15,15
WBGene00015114.,0,0,0
WBGene00015115.,502,3387,3889
WBGene00015116.,54,448,502
WBGene00015117.,16,1086,1102
WBGene00015118.,2,4,6
WBGene00015119.,0,2,2
WBGene00015121.,2,0,2
WBGene00015122.,5,360,365
WBGene00015124.,446,4009,4455
WBGene00015125.,205,7258,7463
WBGene00015126.,331,2509,2840
WBGene00015128.,112,1699,1811
WBGene00015129.,0,14,14
WBGene00015130.,63,966,1029
WBGene00015131.,35,199,234
WBGene00015132.,32,399,431
WBGene00015133.,277,12107,12384
WBGene00015134.,15,302,317
WBGene00015135.,123,631,754
WBGene00015136.,8,135,143
WBGene00015137.,221,8852,9073
WBGene00015138.,42,453,495
WBGene00015139.,139,237,376
WBGene00015141.,40,546,586
WBGene00015142.,5,84,89
WBGene00015143.,36,2655,2691
WBGene00015145.,145,1762,1907
WBGene00015146.,81,1552,1633
WBGene00015147.,34,638,672
WBGene00015148.,186,13893,14079
WBGene00015149.,0,15,15
WBGene00015150.,12,418,430
WBGene00015151.,4,23,27
WBGene00015152.,163,243,406
WBGene00015153.,5,104,109
WBGene00015155.,445,1639,2084
WBGene00015156.,1054,3261,4315
WBGene00015157.,74,2264,2338
WBGene00015158.,54,597,651
WBGene00015159.,407,1903,2310
WBGene00015160.,55,2515,2570
WBGene00015161.,30,551,581
WBGene00015162.,275,2307,2582
WBGene00015163.,21,4048,4069
WBGene00015164.,113,2136,2249
WBGene00015165.,3,27,30
WBGene00015167.,1,130,131
WBGene00015168.,323,33721,34044
WBGene00015169.,12,177,189
WBGene00015170.,0,0,0
WBGene00015171.,47,620,667
WBGene00015172.,7,983,990
WBGene00015173.,879,1547,2426
WBGene00015175.,1,11,12
WBGene00015176.,160,2360,2520
WBGene00015177.,403,4263,4666
WBGene00015178.,0,0,0
WBGene00015179.,8,145,153
WBGene00015180.,2,19,21
WBGene00015181.,43,4502,4545
WBGene00015182.,16,56,72
WBGene00015183.,7,22,29
WBGene00015184.,112,1886,1998
WBGene00015185.,559,4506,5065
WBGene00015186.,222,4441,4663
WBGene00015188.,46,300,346
WBGene00015189.,37,159,196
WBGene00015190.,0,248,248
WBGene00015191.,86,436,522
WBGene00015192.,4,7,11
WBGene00015193.,0,1,1
WBGene00015194.,75,442,517
WBGene00015196.,23,109,132
WBGene00015197.,17,232,249
WBGene00015198.,0,6,6
WBGene00015199.,2,6,8
WBGene00015200.,40,546,586
WBGene00015202.,141,2363,2504
WBGene00015203.,240,3863,4103
WBGene00015204.,31,1087,1118
WBGene00015205.,460,5465,5925
WBGene00015206.,116,3145,3261
WBGene00015207.,514,2188,2702
WBGene00015208.,405,6218,6623
WBGene00015210.,52,198,250
WBGene00015211.,20,86,106
WBGene00015214.,9,12,21
WBGene00015215.,4,29,33
WBGene00015216.,87,556,643
WBGene00015217.,29,1134,1163
WBGene00015218.,35,288,323
WBGene00015219.,199,2217,2416
WBGene00015220.,2,87,89
WBGene00015221.,0,3,3
WBGene00015222.,1,1,2
WBGene00015223.,3,4,7
WBGene00015224.,0,3,3
WBGene00015225.,10,10,20
WBGene00015226.,1,3,4
WBGene00015227.,1,32,33
WBGene00015228.,5,5,10
WBGene00015229.,2,6,8
WBGene00015230.,0,1,1
WBGene00015231.,10,229,239
WBGene00015232.,768,10928,11696
WBGene00015233.,16,1600,1616
WBGene00015235.,0,757,757
WBGene00015236.,95,100,195
WBGene00015237.,324,2063,2387
WBGene00015238.,43,528,571
WBGene00015241.,7,0,7
WBGene00015242.,0,2,2
WBGene00015243.,33,12,45
WBGene00015244.,6,4,10
WBGene00015245.,121,1987,2108
WBGene00015246.,23,5,28
WBGene00015247.,0,18,18
WBGene00015248.,5644,68036,73680
WBGene00015249.,456,1103,1559
WBGene00015250.,286,701,987
WBGene00015251.,259,2334,2593
WBGene00015252.,3,6,9
WBGene00015253.,0,0,0
WBGene00015254.,0,0,0
WBGene00015255.,0,1,1
WBGene00015257.,6,1,7
WBGene00015258.,2,25,27
WBGene00015259.,0,3,3
WBGene00015260.,5,8,13
WBGene00015261.,0,32,32
WBGene00015262.,44,66,110
WBGene00015263.,174,527,701
WBGene00015264.,81,259,340
WBGene00015265.,1,31,32
WBGene00015266.,117,1249,1366
WBGene00015267.,80,1226,1306
WBGene00015268.,311,853,1164
WBGene00015269.,0,0,0
WBGene00015270.,0,0,0
WBGene00015271.,0,0,0
WBGene00015272.,0,0,0
WBGene00015273.,203,1,204
WBGene00015277.,0,0,0
WBGene00015278.,50,394,444
WBGene00015279.,0,7,7
WBGene00015280.,15,99,114
WBGene00015281.,79,1174,1253
WBGene00015282.,300,3098,3398
WBGene00015283.,91,1502,1593
WBGene00015284.,2,19,21
WBGene00015285.,306,2673,2979
WBGene00015286.,15,83,98
WBGene00015287.,12,51,63
WBGene00015288.,14,22,36
WBGene00015291.,79,862,941
WBGene00015292.,10,24,34
WBGene00015293.,357,3681,4038
WBGene00015294.,27,438,465
WBGene00015295.,116,1093,1209
WBGene00015296.,272,3899,4171
WBGene00015297.,213,4071,4284
WBGene00015298.,71,4301,4372
WBGene00015299.,18,149,167
WBGene00015300.,6,112,118
WBGene00015301.,1367,1189,2556
WBGene00015303.,297,595,892
WBGene00015305.,1,3,4
WBGene00015306.,3,2,5
WBGene00015307.,33,235,268
WBGene00015308.,81,1936,2017
WBGene00015309.,36,96,132
WBGene00015310.,37,632,669
WBGene00015311.,4,30,34
WBGene00015312.,5,82,87
WBGene00015313.,12,661,673
WBGene00015315.,0,0,0
WBGene00015316.,6,0,6
WBGene00015317.,0,0,0
WBGene00015318.,3,4,7
WBGene00015320.,3,63,66
WBGene00015321.,0,4,4
WBGene00015322.,9,722,731
WBGene00015323.,10,13,23
WBGene00015324.,18,563,581
WBGene00015325.,0,0,0
WBGene00015326.,75,8034,8109
WBGene00015327.,41,921,962
WBGene00015328.,532,2520,3052
WBGene00015329.,155,6299,6454
WBGene00015330.,170,2400,2570
WBGene00015331.,0,0,0
WBGene00015332.,31,595,626
WBGene00015333.,9,26,35
WBGene00015334.,137,612,749
WBGene00015335.,34,195,229
WBGene00015336.,42,2377,2419
WBGene00015337.,1,21,22
WBGene00015338.,2,1,3
WBGene00015339.,149,2304,2453
WBGene00015340.,76,679,755
WBGene00015341.,0,0,0
WBGene00015342.,0,1,1
WBGene00015344.,144,5041,5185
WBGene00015345.,4,5,9
WBGene00015346.,104,5091,5195
WBGene00015347.,102,1076,1178
WBGene00015348.,0,6,6
WBGene00015349.,211,735,946
WBGene00015350.,60,2350,2410
WBGene00015351.,6,75,81
WBGene00015352.,223,2641,2864
WBGene00015353.,22,372,394
WBGene00015354.,216,13085,13301
WBGene00015355.,26,149,175
WBGene00015356.,956,14223,15179
WBGene00015357.,11,220,231
WBGene00015359.,8,198,206
WBGene00015360.,2,5,7
WBGene00015361.,12,5,17
WBGene00015362.,22,89,111
WBGene00015364.,27,90,117
WBGene00015366.,2,0,2
WBGene00015367.,1,3,4
WBGene00015368.,16,13,29
WBGene00015369.,0,7,7
WBGene00015371.,5,3,8
WBGene00015372.,0,1,1
WBGene00015373.,6,60,66
WBGene00015374.,0,7,7
WBGene00015375.,2,27,29
WBGene00015376.,3,29,32
WBGene00015377.,2,74,76
WBGene00015378.,20,218,238
WBGene00015379.,0,4,4
WBGene00015380.,0,3,3
WBGene00015381.,3,12,15
WBGene00015382.,2,38,40
WBGene00015385.,0,39,39
WBGene00015386.,195,68,263
WBGene00015387.,33,73,106
WBGene00015388.,1,2,3
WBGene00015389.,11,62,73
WBGene00015390.,32,397,429
WBGene00015391.,346,12029,12375
WBGene00015392.,0,392,392
WBGene00015393.,664,11928,12592
WBGene00015394.,0,2,2
WBGene00015395.,7,53,60
WBGene00015396.,25,243,268
WBGene00015397.,2,36,38
WBGene00015398.,3,3049,3052
WBGene00015399.,1,0,1
WBGene00015400.,19,102,121
WBGene00015401.,10,26,36
WBGene00015402.,193,1501,1694
WBGene00015403.,1,59,60
WBGene00015404.,132,3001,3133
WBGene00015405.,232,3426,3658
WBGene00015406.,1,3,4
WBGene00015407.,55,2272,2327
WBGene00015408.,14,148,162
WBGene00015409.,5,27,32
WBGene00015410.,177,954,1131
WBGene00015411.,8,2,10
WBGene00015412.,3,38,41
WBGene00015413.,366,12768,13134
WBGene00015414.,0,9,9
WBGene00015416.,6,37,43
WBGene00015417.,1,5,6
WBGene00015418.,1384,6566,7950
WBGene00015419.,3,5,8
WBGene00015421.,0,1,1
WBGene00015422.,3,12,15
WBGene00015423.,18,908,926
WBGene00015424.,17,366,383
WBGene00015425.,241,2537,2778
WBGene00015426.,0,16,16
WBGene00015427.,45,631,676
WBGene00015428.,7,7,14
WBGene00015429.,122,1145,1267
WBGene00015430.,240,1225,1465
WBGene00015432.,0,1,1
WBGene00015433.,10,184,194
WBGene00015434.,88,657,745
WBGene00015435.,3,2,5
WBGene00015436.,0,13,13
WBGene00015437.,1,28,29
WBGene00015438.,8,0,8
WBGene00015439.,4,2,6
WBGene00015440.,18,138,156
WBGene00015441.,0,25,25
WBGene00015442.,24,115,139
WBGene00015444.,27,18,45
WBGene00015446.,0,5,5
WBGene00015447.,1,7,8
WBGene00015448.,2,9,11
WBGene00015449.,11,144,155
WBGene00015450.,22,1466,1488
WBGene00015451.,90,606,696
WBGene00015453.,7,13,20
WBGene00015454.,27,1034,1061
WBGene00015455.,523,546,1069
WBGene00015456.,0,42,42
WBGene00015457.,1,39,40
WBGene00015458.,0,26,26
WBGene00015459.,0,1,1
WBGene00015460.,15,906,921
WBGene00015461.,233,5849,6082
WBGene00015462.,12,460,472
WBGene00015463.,7,720,727
WBGene00015464.,150,5728,5878
WBGene00015465.,11,45,56
WBGene00015466.,12,1167,1179
WBGene00015467.,6,6,12
WBGene00015468.,127,805,932
WBGene00015469.,21,101,122
WBGene00015470.,24,1558,1582
WBGene00015471.,39,105,144
WBGene00015472.,159,3114,3273
WBGene00015473.,250,230,480
WBGene00015474.,80,2828,2908
WBGene00015476.,74,378,452
WBGene00015477.,329,7104,7433
WBGene00015478.,108,582,690
WBGene00015479.,16,188,204
WBGene00015480.,126,530,656
WBGene00015481.,122,5944,6066
WBGene00015483.,118,1663,1781
WBGene00015484.,66,3143,3209
WBGene00015485.,60,1064,1124
WBGene00015486.,130,1080,1210
WBGene00015487.,51,9005,9056
WBGene00015488.,497,1509,2006
WBGene00015489.,11,47,58
WBGene00015491.,1,1,2
WBGene00015492.,13,1294,1307
WBGene00015493.,3,7,10
WBGene00015494.,90,607,697
WBGene00015495.,0,146,146
WBGene00015496.,12,86,98
WBGene00015497.,21,47,68
WBGene00015499.,180,1611,1791
WBGene00015500.,20,149,169
WBGene00015501.,292,3571,3863
WBGene00015504.,144,738,882
WBGene00015505.,15,120,135
WBGene00015507.,310,2026,2336
WBGene00015508.,117,1786,1903
WBGene00015509.,204,1027,1231
WBGene00015510.,95,4074,4169
WBGene00015511.,9,66,75
WBGene00015512.,523,4691,5214
WBGene00015513.,78,1350,1428
WBGene00015514.,1775,45808,47583
WBGene00015515.,74,1507,1581
WBGene00015516.,7,36,43
WBGene00015517.,249,2139,2388
WBGene00015518.,0,134,134
WBGene00015519.,6,431,437
WBGene00015520.,0,7,7
WBGene00015521.,0,0,0
WBGene00015522.,5,40,45
WBGene00015523.,38,872,910
WBGene00015524.,57,836,893
WBGene00015525.,224,2905,3129
WBGene00015526.,4,104,108
WBGene00015527.,13,499,512
WBGene00015528.,3,7,10
WBGene00015529.,19,311,330
WBGene00015530.,0,1,1
WBGene00015531.,64,743,807
WBGene00015532.,3,41,44
WBGene00015533.,0,5,5
WBGene00015534.,2,5,7
WBGene00015535.,3,27,30
WBGene00015536.,15,263,278
WBGene00015537.,14,50,64
WBGene00015538.,4,6132,6136
WBGene00015539.,34,607,641
WBGene00015540.,12,3502,3514
WBGene00015541.,96,930,1026
WBGene00015544.,46,59,105
WBGene00015545.,21,470,491
WBGene00015546.,1,140,141
WBGene00015547.,124,4744,4868
WBGene00015549.,17,136,153
WBGene00015550.,8,76,84
WBGene00015551.,907,7158,8065
WBGene00015552.,35,2673,2708
WBGene00015553.,506,5577,6083
WBGene00015554.,35,753,788
WBGene00015555.,574,3107,3681
WBGene00015557.,51,461,512
WBGene00015558.,11,25,36
WBGene00015559.,122,444,566
WBGene00015560.,6,523,529
WBGene00015561.,249,2183,2432
WBGene00015562.,3,17,20
WBGene00015564.,0,1,1
WBGene00015565.,367,6159,6526
WBGene00015566.,56,698,754
WBGene00015567.,103,1338,1441
WBGene00015568.,15,102,117
WBGene00015569.,13,601,614
WBGene00015570.,9,80,89
WBGene00015572.,1,0,1
WBGene00015573.,3,2,5
WBGene00015574.,1,13,14
WBGene00015575.,1,6,7
WBGene00015576.,23,587,610
WBGene00015577.,69,485,554
WBGene00015578.,2,2141,2143
WBGene00015579.,0,4054,4054
WBGene00015580.,568,2227,2795
WBGene00015581.,583,5254,5837
WBGene00015582.,6,130,136
WBGene00015583.,4,4,8
WBGene00015586.,5,229,234
WBGene00015587.,0,7,7
WBGene00015588.,1,4,5
WBGene00015589.,0,13,13
WBGene00015590.,18,291,309
WBGene00015591.,27,611,638
WBGene00015592.,66,49,115
WBGene00015593.,3,68,71
WBGene00015594.,0,1,1
WBGene00015595.,0,0,0
WBGene00015596.,0,1,1
WBGene00015597.,1,0,1
WBGene00015598.,2,0,2
WBGene00015599.,0,0,0
WBGene00015600.,1,2,3
WBGene00015601.,4,0,4
WBGene00015602.,0,1,1
WBGene00015603.,0,0,0
WBGene00015604.,0,0,0
WBGene00015605.,21,374,395
WBGene00015606.,1,0,1
WBGene00015607.,0,3,3
WBGene00015608.,5,23,28
WBGene00015609.,1,56,57
WBGene00015610.,0,3,3
WBGene00015611.,0,203,203
WBGene00015613.,0,15,15
WBGene00015614.,1,10,11
WBGene00015615.,1,7,8
WBGene00015616.,2,12,14
WBGene00015618.,52,65,117
WBGene00015619.,702,6515,7217
WBGene00015620.,15,188,203
WBGene00015621.,77,1106,1183
WBGene00015622.,10,47,57
WBGene00015623.,562,15437,15999
WBGene00015624.,14,229,243
WBGene00015625.,12,99,111
WBGene00015626.,9,65,74
WBGene00015627.,0,0,0
WBGene00015628.,0,0,0
WBGene00015629.,1,10,11
WBGene00015630.,12,18,30
WBGene00015631.,8,59,67
WBGene00015632.,256,3036,3292
WBGene00015633.,342,2900,3242
WBGene00015634.,3,34,37
WBGene00015635.,70,1095,1165
WBGene00015636.,0,1,1
WBGene00015637.,0,3,3
WBGene00015638.,33,540,573
WBGene00015639.,13,31,44
WBGene00015640.,76,341,417
WBGene00015641.,108,1038,1146
WBGene00015642.,63,411,474
WBGene00015644.,90,859,949
WBGene00015645.,9,234,243
WBGene00015646.,29,231,260
WBGene00015647.,98,1344,1442
WBGene00015648.,502,1382,1884
WBGene00015649.,10,76,86
WBGene00015650.,571,2271,2842
WBGene00015651.,437,312,749
WBGene00015652.,0,0,0
WBGene00015653.,0,0,0
WBGene00015654.,0,0,0
WBGene00015655.,0,0,0
WBGene00015656.,3,0,3
WBGene00015658.,621,1390,2011
WBGene00015660.,5,98,103
WBGene00015661.,0,1,1
WBGene00015662.,0,15,15
WBGene00015663.,7,3,10
WBGene00015664.,6,245,251
WBGene00015665.,3,15,18
WBGene00015666.,26,109,135
WBGene00015667.,0,9,9
WBGene00015668.,2,4,6
WBGene00015670.,20,153,173
WBGene00015671.,20,298,318
WBGene00015672.,6,26,32
WBGene00015673.,131,893,1024
WBGene00015675.,74,203,277
WBGene00015676.,23,2018,2041
WBGene00015677.,40,184,224
WBGene00015678.,628,1918,2546
WBGene00015679.,30,182,212
WBGene00015680.,213,4494,4707
WBGene00015681.,6,5,11
WBGene00015682.,19,10,29
WBGene00015683.,2,16,18
WBGene00015684.,333,5992,6325
WBGene00015685.,1,0,1
WBGene00015686.,178,232,410
WBGene00015687.,187,19916,20103
WBGene00015688.,0,5,5
WBGene00015689.,0,9,9
WBGene00015690.,1,3,4
WBGene00015691.,137,1021,1158
WBGene00015692.,72,374,446
WBGene00015693.,38,323,361
WBGene00015694.,10,10,20
WBGene00015695.,71,939,1010
WBGene00015696.,1,15,16
WBGene00015697.,36,353,389
WBGene00015698.,0,78,78
WBGene00015700.,6,33,39
WBGene00015701.,19,83,102
WBGene00015702.,10,724,734
WBGene00015703.,10,3525,3535
WBGene00015704.,145,252,397
WBGene00015705.,3,81,84
WBGene00015706.,6,242,248
WBGene00015707.,0,40,40
WBGene00015708.,36,320,356
WBGene00015709.,39,455,494
WBGene00015710.,67,3432,3499
WBGene00015711.,10,505,515
WBGene00015712.,2,5,7
WBGene00015713.,14,126,140
WBGene00015714.,6,218,224
WBGene00015716.,10,149,159
WBGene00015718.,0,2,2
WBGene00015719.,1,0,1
WBGene00015720.,6,26,32
WBGene00015721.,0,0,0
WBGene00015722.,1,0,1
WBGene00015723.,0,0,0
WBGene00015724.,2,1,3
WBGene00015725.,1,0,1
WBGene00015726.,1,0,1
WBGene00015727.,0,0,0
WBGene00015728.,11,28,39
WBGene00015729.,11,927,938
WBGene00015730.,0,0,0
WBGene00015731.,0,0,0
WBGene00015733.,70,94,164
WBGene00015734.,103,6277,6380
WBGene00015735.,1086,3629,4715
WBGene00015736.,0,16,16
WBGene00015737.,0,1,1
WBGene00015738.,3,1,4
WBGene00015739.,16,38,54
WBGene00015740.,171,2224,2395
WBGene00015741.,700,6882,7582
WBGene00015742.,91,680,771
WBGene00015743.,120,1730,1850
WBGene00015744.,138,506,644
WBGene00015745.,15,307,322
WBGene00015746.,47,2181,2228
WBGene00015747.,66,354,420
WBGene00015748.,22,194,216
WBGene00015750.,12,132,144
WBGene00015751.,38,135,173
WBGene00015752.,71,3767,3838
WBGene00015753.,38,250,288
WBGene00015754.,195,2955,3150
WBGene00015755.,2918,56354,59272
WBGene00015756.,7,63,70
WBGene00015757.,1,8,9
WBGene00015758.,5,48,53
WBGene00015759.,36,596,632
WBGene00015760.,0,1,1
WBGene00015761.,1,0,1
WBGene00015762.,0,0,0
WBGene00015763.,34,101,135
WBGene00015764.,7,2,9
WBGene00015765.,0,3,3
WBGene00015766.,1,78,79
WBGene00015767.,134,1059,1193
WBGene00015768.,6,38,44
WBGene00015769.,13,1465,1478
WBGene00015770.,1,0,1
WBGene00015771.,0,2,2
WBGene00015772.,0,1,1
WBGene00015773.,0,0,0
WBGene00015774.,3,4,7
WBGene00015775.,3,5,8
WBGene00015776.,90,2474,2564
WBGene00015777.,108,2839,2947
WBGene00015778.,32,31985,32017
WBGene00015779.,342,1934,2276
WBGene00015780.,3,23,26
WBGene00015781.,391,5058,5449
WBGene00015782.,10,231,241
WBGene00015783.,9,63,72
WBGene00015784.,5,13,18
WBGene00015785.,0,0,0
WBGene00015786.,444,3709,4153
WBGene00015787.,47,421,468
WBGene00015788.,17,301,318
WBGene00015789.,15,477,492
WBGene00015790.,285,572,857
WBGene00015791.,42,4120,4162
WBGene00015792.,8,47,55
WBGene00015793.,17,246,263
WBGene00015794.,16,99,115
WBGene00015795.,148,1793,1941
WBGene00015796.,658,2711,3369
WBGene00015797.,55,142,197
WBGene00015798.,11,111,122
WBGene00015799.,19,51,70
WBGene00015800.,847,2035,2882
WBGene00015801.,254,2062,2316
WBGene00015802.,200,1207,1407
WBGene00015803.,2714,25678,28392
WBGene00015805.,32,908,940
WBGene00015806.,39,1240,1279
WBGene00015807.,19,417,436
WBGene00015809.,420,6883,7303
WBGene00015810.,17,13248,13265
WBGene00015811.,161,10209,10370
WBGene00015813.,478,6303,6781
WBGene00015814.,229,5723,5952
WBGene00015815.,147,835,982
WBGene00015816.,18,148,166
WBGene00015817.,217,2067,2284
WBGene00015818.,1,125,126
WBGene00015819.,0,193,193
WBGene00015820.,1,11,12
WBGene00015821.,2,1,3
WBGene00015822.,52,72,124
WBGene00015823.,0,2398,2398
WBGene00015824.,11,275,286
WBGene00015825.,0,0,0
WBGene00015826.,0,1,1
WBGene00015827.,0,0,0
WBGene00015828.,0,0,0
WBGene00015829.,0,1,1
WBGene00015830.,0,3,3
WBGene00015832.,0,1,1
WBGene00015833.,0,0,0
WBGene00015834.,0,1,1
WBGene00015835.,0,1,1
WBGene00015836.,0,0,0
WBGene00015837.,0,0,0
WBGene00015838.,0,2,2
WBGene00015839.,1,4,5
WBGene00015840.,1,0,1
WBGene00015841.,34,75,109
WBGene00015842.,3,65,68
WBGene00015843.,60,209,269
WBGene00015845.,0,3,3
WBGene00015846.,1,1,2
WBGene00015847.,0,0,0
WBGene00015848.,0,0,0
WBGene00015849.,12,203,215
WBGene00015850.,3,50,53
WBGene00015851.,29,19,48
WBGene00015852.,0,61,61
WBGene00015853.,38,469,507
WBGene00015854.,0,1,1
WBGene00015855.,1,12,13
WBGene00015856.,0,2,2
WBGene00015857.,105,985,1090
WBGene00015858.,6,12,18
WBGene00015859.,7,17,24
WBGene00015860.,19,82,101
WBGene00015861.,57,325,382
WBGene00015862.,9,45,54
WBGene00015863.,6,5,11
WBGene00015864.,27,242,269
WBGene00015865.,126,2411,2537
WBGene00015866.,28,552,580
WBGene00015867.,47,133,180
WBGene00015868.,1272,3438,4710
WBGene00015869.,0,2,2
WBGene00015870.,0,1,1
WBGene00015871.,0,0,0
WBGene00015872.,0,0,0
WBGene00015873.,0,1,1
WBGene00015874.,0,0,0
WBGene00015875.,0,1,1
WBGene00015876.,8,41,49
WBGene00015877.,1,3,4
WBGene00015878.,1,5,6
WBGene00015879.,2,4,6
WBGene00015882.,1,5,6
WBGene00015883.,1,1,2
WBGene00015884.,1,12,13
WBGene00015885.,17,932,949
WBGene00015886.,0,48,48
WBGene00015887.,60,3573,3633
WBGene00015888.,0,0,0
WBGene00015889.,5,7,12
WBGene00015890.,5,77,82
WBGene00015891.,5,22,27
WBGene00015892.,1,0,1
WBGene00015893.,0,9,9
WBGene00015894.,688,20114,20802
WBGene00015895.,0,0,0
WBGene00015896.,0,93,93
WBGene00015897.,97,518,615
WBGene00015898.,2,0,2
WBGene00015899.,1,1,2
WBGene00015900.,14,71,85
WBGene00015901.,66,247,313
WBGene00015902.,4,17,21
WBGene00015903.,0,0,0
WBGene00015904.,0,2,2
WBGene00015905.,0,5,5
WBGene00015906.,3,8,11
WBGene00015907.,0,1,1
WBGene00015908.,3,17,20
WBGene00015909.,0,0,0
WBGene00015910.,2,16,18
WBGene00015911.,1,2,3
WBGene00015912.,1,50,51
WBGene00015913.,216,1468,1684
WBGene00015914.,39,79,118
WBGene00015915.,84,1274,1358
WBGene00015916.,255,3350,3605
WBGene00015917.,3,13,16
WBGene00015918.,67,186,253
WBGene00015919.,19,346,365
WBGene00015920.,143,10711,10854
WBGene00015921.,85,203,288
WBGene00015922.,62,673,735
WBGene00015924.,1,0,1
WBGene00015925.,106,148,254
WBGene00015926.,449,2013,2462
WBGene00015927.,521,4532,5053
WBGene00015928.,382,1076,1458
WBGene00015929.,11,15,26
WBGene00015930.,7,81,88
WBGene00015931.,1,10,11
WBGene00015932.,0,5,5
WBGene00015933.,17,110,127
WBGene00015934.,71,1000,1071
WBGene00015935.,258,1008,1266
WBGene00015936.,120,221,341
WBGene00015937.,11,22,33
WBGene00015938.,343,2129,2472
WBGene00015939.,10,158,168
WBGene00015940.,42,824,866
WBGene00015941.,543,5421,5964
WBGene00015942.,159,1645,1804
WBGene00015943.,139,8812,8951
WBGene00015944.,28,63,91
WBGene00015945.,750,1243,1993
WBGene00015946.,14,135,149
WBGene00015947.,161,1875,2036
WBGene00015948.,109,1114,1223
WBGene00015949.,5,51,56
WBGene00015950.,13,88,101
WBGene00015952.,44,298,342
WBGene00015953.,54,376,430
WBGene00015954.,3248,35030,38278
WBGene00015955.,58,2992,3050
WBGene00015956.,26,247,273
WBGene00015957.,29,168,197
WBGene00015958.,1,1,2
WBGene00015959.,0,0,0
WBGene00015960.,1,1,2
WBGene00015961.,2,0,2
WBGene00015962.,1,2,3
WBGene00015963.,37,275,312
WBGene00015964.,95,58,153
WBGene00015965.,19,118,137
WBGene00015968.,349,1481,1830
WBGene00015969.,59,342,401
WBGene00015970.,4,43,47
WBGene00015971.,324,2213,2537
WBGene00015972.,222,1233,1455
WBGene00015974.,454,259,713
WBGene00015975.,16,1165,1181
WBGene00015976.,91,972,1063
WBGene00015977.,11,48,59
WBGene00015978.,33,1894,1927
WBGene00015979.,0,0,0
WBGene00015980.,388,3023,3411
WBGene00015981.,65,20,85
WBGene00015982.,8,0,8
WBGene00015984.,13,32,45
WBGene00015985.,7,12,19
WBGene00015986.,10,15,25
WBGene00015987.,3,4,7
WBGene00015988.,8,37,45
WBGene00015989.,13,234,247
WBGene00015990.,3,1,4
WBGene00015991.,1,12,13
WBGene00015992.,10,15,25
WBGene00015993.,73,93,166
WBGene00015994.,4,2,6
WBGene00015996.,5,57,62
WBGene00015997.,0,0,0
WBGene00015998.,10,50,60
WBGene00015999.,24,343,367
WBGene00016000.,14,22,36
WBGene00016002.,403,3923,4326
WBGene00016003.,29,17,46
WBGene00016004.,3,103,106
WBGene00016005.,37,658,695
WBGene00016006.,913,8873,9786
WBGene00016008.,8,15,23
WBGene00016009.,78,2903,2981
WBGene00016010.,99,35,134
WBGene00016011.,1154,8802,9956
WBGene00016012.,38,640,678
WBGene00016013.,9,125,134
WBGene00016014.,84,2095,2179
WBGene00016015.,143,3663,3806
WBGene00016016.,0,17,17
WBGene00016017.,0,8,8
WBGene00016018.,246,1572,1818
WBGene00016019.,26,1143,1169
WBGene00016020.,197,1810,2007
WBGene00016021.,94,1323,1417
WBGene00016022.,22,669,691
WBGene00016023.,3,54,57
WBGene00016024.,56,410,466
WBGene00016025.,30,282,312
WBGene00016027.,36,194,230
WBGene00016028.,56,2551,2607
WBGene00016029.,203,160,363
WBGene00016030.,30,755,785
WBGene00016032.,264,38,302
WBGene00016033.,56,25904,25960
WBGene00016034.,14,135,149
WBGene00016037.,150,41,191
WBGene00016038.,14,401,415
WBGene00016039.,2,156,158
WBGene00016040.,5,36,41
WBGene00016044.,285,617,902
WBGene00016045.,131,1615,1746
WBGene00016046.,0,78,78
WBGene00016047.,3,3,6
WBGene00016048.,17,148,165
WBGene00016049.,12,15,27
WBGene00016050.,2,2,4
WBGene00016051.,0,0,0
WBGene00016052.,6,94,100
WBGene00016053.,19,90,109
WBGene00016054.,1,3,4
WBGene00016055.,144,2077,2221
WBGene00016056.,1,39,40
WBGene00016057.,217,7864,8081
WBGene00016058.,0,4,4
WBGene00016059.,285,1678,1963
WBGene00016060.,254,1518,1772
WBGene00016061.,20,117,137
WBGene00016062.,18,7437,7455
WBGene00016063.,4,10,14
WBGene00016064.,22,70,92
WBGene00016066.,50,108,158
WBGene00016067.,98,1188,1286
WBGene00016068.,114,848,962
WBGene00016069.,17,665,682
WBGene00016070.,7,42,49
WBGene00016071.,8,69,77
WBGene00016072.,13,86,99
WBGene00016073.,270,7596,7866
WBGene00016074.,38,648,686
WBGene00016075.,3,2,5
WBGene00016076.,0,0,0
WBGene00016077.,1,6,7
WBGene00016078.,2,0,2
WBGene00016080.,1,4,5
WBGene00016081.,163,1211,1374
WBGene00016082.,0,2,2
WBGene00016083.,0,0,0
WBGene00016084.,6,7,13
WBGene00016085.,3,11,14
WBGene00016087.,12,329,341
WBGene00016088.,6,38,44
WBGene00016089.,13,53,66
WBGene00016090.,105,144,249
WBGene00016091.,1,26,27
WBGene00016092.,6,12,18
WBGene00016093.,95,681,776
WBGene00016094.,56,391,447
WBGene00016095.,101,964,1065
WBGene00016096.,3,219,222
WBGene00016097.,27,1624,1651
WBGene00016099.,63,611,674
WBGene00016100.,17,484,501
WBGene00016101.,20,814,834
WBGene00016102.,14,784,798
WBGene00016103.,276,5735,6011
WBGene00016104.,139,788,927
WBGene00016105.,1,11,12
WBGene00016106.,25,610,635
WBGene00016107.,16,73,89
WBGene00016108.,28,53,81
WBGene00016109.,29,271,300
WBGene00016110.,14,104,118
WBGene00016111.,18,1307,1325
WBGene00016112.,15,517,532
WBGene00016113.,72,2507,2579
WBGene00016114.,72,1786,1858
WBGene00016115.,1470,23373,24843
WBGene00016116.,180,2777,2957
WBGene00016118.,1337,28572,29909
WBGene00016119.,251,3732,3983
WBGene00016120.,342,2802,3144
WBGene00016121.,126,1619,1745
WBGene00016123.,99,793,892
WBGene00016124.,102,1662,1764
WBGene00016125.,2,54,56
WBGene00016126.,5,115,120
WBGene00016128.,14,1287,1301
WBGene00016129.,151,5581,5732
WBGene00016130.,4,95,99
WBGene00016131.,94,559,653
WBGene00016132.,1,6,7
WBGene00016133.,45,1320,1365
WBGene00016134.,20,123,143
WBGene00016135.,26,272,298
WBGene00016136.,3,13,16
WBGene00016137.,1,4,5
WBGene00016138.,157,2424,2581
WBGene00016139.,80,979,1059
WBGene00016140.,97,4039,4136
WBGene00016142.,110,6695,6805
WBGene00016143.,220,2308,2528
WBGene00016144.,278,2641,2919
WBGene00016145.,81,2931,3012
WBGene00016146.,4,73,77
WBGene00016147.,9,69,78
WBGene00016148.,194,1843,2037
WBGene00016149.,27,242,269
WBGene00016150.,172,1466,1638
WBGene00016151.,148,1905,2053
WBGene00016152.,64,748,812
WBGene00016153.,0,65,65
WBGene00016154.,133,1479,1612
WBGene00016155.,3,40,43
WBGene00016156.,16,450,466
WBGene00016157.,293,1380,1673
WBGene00016158.,145,2247,2392
WBGene00016159.,94,573,667
WBGene00016160.,7,32,39
WBGene00016161.,5,5,10
WBGene00016162.,497,4785,5282
WBGene00016163.,2,81,83
WBGene00016164.,0,0,0
WBGene00016165.,136,318,454
WBGene00016166.,125,3789,3914
WBGene00016167.,66,1833,1899
WBGene00016168.,1,0,1
WBGene00016169.,43,185,228
WBGene00016170.,235,2993,3228
WBGene00016171.,159,1580,1739
WBGene00016172.,483,1664,2147
WBGene00016173.,761,11681,12442
WBGene00016174.,54,322,376
WBGene00016175.,25,103,128
WBGene00016177.,10,35,45
WBGene00016178.,14,173,187
WBGene00016179.,0,25,25
WBGene00016180.,5,1150,1155
WBGene00016181.,24,152,176
WBGene00016182.,39,622,661
WBGene00016183.,3,0,3
WBGene00016184.,91,413,504
WBGene00016185.,0,5,5
WBGene00016187.,12,306,318
WBGene00016188.,232,2169,2401
WBGene00016189.,3,37,40
WBGene00016190.,3,210,213
WBGene00016191.,11,30,41
WBGene00016192.,19,2542,2561
WBGene00016193.,52,33,85
WBGene00016194.,140,12599,12739
WBGene00016195.,23,7256,7279
WBGene00016196.,15,51,66
WBGene00016197.,1562,7375,8937
WBGene00016198.,15,33,48
WBGene00016199.,8,40,48
WBGene00016200.,125,2250,2375
WBGene00016201.,47,1778,1825
WBGene00016202.,32,1567,1599
WBGene00016203.,289,1429,1718
WBGene00016204.,9,94,103
WBGene00016206.,43,43,86
WBGene00016207.,90,634,724
WBGene00016208.,8,1280,1288
WBGene00016209.,450,10075,10525
WBGene00016210.,841,20581,21422
WBGene00016211.,193,1067,1260
WBGene00016212.,30,470,500
WBGene00016213.,0,0,0
WBGene00016215.,10,808,818
WBGene00016216.,71,1093,1164
WBGene00016217.,1,15,16
WBGene00016218.,3,7,10
WBGene00016219.,6,14,20
WBGene00016220.,1,4,5
WBGene00016221.,51,675,726
WBGene00016222.,0,0,0
WBGene00016223.,1,2,3
WBGene00016224.,1,3,4
WBGene00016225.,0,0,0
WBGene00016226.,0,4,4
WBGene00016227.,0,2,2
WBGene00016230.,1,4,5
WBGene00016231.,0,5,5
WBGene00016232.,1,6,7
WBGene00016233.,1,36,37
WBGene00016234.,61,379,440
WBGene00016235.,6,4022,4028
WBGene00016236.,15,150,165
WBGene00016237.,64,1159,1223
WBGene00016238.,23,2830,2853
WBGene00016239.,1,123,124
WBGene00016242.,17,94,111
WBGene00016244.,294,4049,4343
WBGene00016245.,62,2236,2298
WBGene00016246.,39,271,310
WBGene00016247.,3,30,33
WBGene00016248.,22,222,244
WBGene00016249.,485,6837,7322
WBGene00016250.,140,17249,17389
WBGene00016253.,15,135,150
WBGene00016254.,0,32,32
WBGene00016255.,10,28,38
WBGene00016257.,1,5,6
WBGene00016258.,198,9139,9337
WBGene00016259.,23,88,111
WBGene00016260.,29,249,278
WBGene00016261.,82,1230,1312
WBGene00016262.,15,166,181
WBGene00016263.,2,93,95
WBGene00016264.,724,7528,8252
WBGene00016265.,10,109,119
WBGene00016266.,1457,12663,14120
WBGene00016268.,16,28,44
WBGene00016269.,895,4475,5370
WBGene00016271.,40698,4,40702
WBGene00016273.,7,25,32
WBGene00016274.,1,28,29
WBGene00016276.,18,380,398
WBGene00016277.,12,145,157
WBGene00016278.,278,2674,2952
WBGene00016279.,1,6,7
WBGene00016280.,1,4,5
WBGene00016281.,10,7,17
WBGene00016282.,28,304,332
WBGene00016283.,10,166,176
WBGene00016284.,6,0,6
WBGene00016285.,2,0,2
WBGene00016286.,17,14,31
WBGene00016287.,4,0,4
WBGene00016288.,10,29,39
WBGene00016289.,6745,17229,23974
WBGene00016291.,12,97,109
WBGene00016292.,425,1777,2202
WBGene00016293.,38,360,398
WBGene00016294.,38,117,155
WBGene00016295.,30,263,293
WBGene00016296.,0,0,0
WBGene00016297.,1,0,1
WBGene00016298.,0,5,5
WBGene00016299.,1,0,1
WBGene00016300.,1,5,6
WBGene00016301.,2,37,39
WBGene00016302.,2,2,4
WBGene00016303.,1,18,19
WBGene00016304.,10,87,97
WBGene00016305.,12,89,101
WBGene00016306.,0,2,2
WBGene00016307.,0,1,1
WBGene00016308.,2,17,19
WBGene00016309.,0,3,3
WBGene00016310.,94,906,1000
WBGene00016311.,72,1912,1984
WBGene00016312.,2,8,10
WBGene00016313.,40,1309,1349
WBGene00016314.,9,183,192
WBGene00016315.,59,738,797
WBGene00016316.,339,12506,12845
WBGene00016317.,31,942,973
WBGene00016318.,125,1776,1901
WBGene00016319.,61,1402,1463
WBGene00016320.,4,8,12
WBGene00016321.,642,6248,6890
WBGene00016322.,1,0,1
WBGene00016323.,326,2478,2804
WBGene00016324.,59,109,168
WBGene00016325.,269,5043,5312
WBGene00016326.,284,3673,3957
WBGene00016327.,0,3,3
WBGene00016328.,51,164,215
WBGene00016329.,4,22,26
WBGene00016330.,395,2868,3263
WBGene00016331.,183,2400,2583
WBGene00016332.,10,234,244
WBGene00016333.,714,8511,9225
WBGene00016334.,0,5,5
WBGene00016335.,12,20,32
WBGene00016336.,0,1,1
WBGene00016337.,0,2,2
WBGene00016338.,7,4,11
WBGene00016339.,0,1,1
WBGene00016340.,17,22,39
WBGene00016341.,17,1223,1240
WBGene00016343.,174,881,1055
WBGene00016344.,33,319,352
WBGene00016345.,1,111,112
WBGene00016346.,0,49,49
WBGene00016347.,7,0,7
WBGene00016349.,0,23,23
WBGene00016350.,0,5,5
WBGene00016351.,0,0,0
WBGene00016352.,47,470,517
WBGene00016353.,2,95,97
WBGene00016354.,1121,1637,2758
WBGene00016355.,107,1410,1517
WBGene00016356.,4,11,15
WBGene00016357.,0,0,0
WBGene00016358.,0,0,0
WBGene00016359.,4,676,680
WBGene00016360.,25,258,283
WBGene00016361.,2,12,14
WBGene00016362.,339,47332,47671
WBGene00016363.,12,64,76
WBGene00016364.,70,521,591
WBGene00016365.,16,175,191
WBGene00016366.,12,188,200
WBGene00016367.,10,118,128
WBGene00016368.,26,232,258
WBGene00016369.,0,5,5
WBGene00016370.,2,1,3
WBGene00016371.,1,3,4
WBGene00016373.,25,152,177
WBGene00016374.,137,2257,2394
WBGene00016375.,6,904,910
WBGene00016376.,16,1044,1060
WBGene00016378.,170,1858,2028
WBGene00016379.,14,392,406
WBGene00016380.,51,1226,1277
WBGene00016381.,60,627,687
WBGene00016382.,0,3,3
WBGene00016383.,51,1116,1167
WBGene00016384.,218,2727,2945
WBGene00016386.,46,53,99
WBGene00016387.,76,1157,1233
WBGene00016388.,1,1,2
WBGene00016389.,0,9,9
WBGene00016390.,33,1153,1186
WBGene00016391.,298,4431,4729
WBGene00016392.,16,618,634
WBGene00016393.,581,32547,33128
WBGene00016394.,87,116,203
WBGene00016395.,1332,13467,14799
WBGene00016396.,352,926,1278
WBGene00016397.,59,294,353
WBGene00016398.,3,22,25
WBGene00016399.,0,1,1
WBGene00016400.,184,2290,2474
WBGene00016402.,7,64,71
WBGene00016403.,308,1053,1361
WBGene00016404.,107,937,1044
WBGene00016405.,279,7752,8031
WBGene00016406.,65,967,1032
WBGene00016407.,844,1958,2802
WBGene00016408.,189,2478,2667
WBGene00016409.,124,1449,1573
WBGene00016410.,8,49,57
WBGene00016411.,83,4284,4367
WBGene00016412.,35,3919,3954
WBGene00016413.,4,0,4
WBGene00016414.,1,6,7
WBGene00016415.,597,6057,6654
WBGene00016416.,12,110,122
WBGene00016417.,94,733,827
WBGene00016418.,249,687,936
WBGene00016419.,46,789,835
WBGene00016420.,0,5,5
WBGene00016421.,20,297,317
WBGene00016422.,85,9636,9721
WBGene00016423.,189,1411,1600
WBGene00016424.,12,73,85
WBGene00016425.,1,13,14
WBGene00016427.,137,325,462
WBGene00016428.,65,851,916
WBGene00016429.,18,248,266
WBGene00016430.,4,1,5
WBGene00016431.,21,58,79
WBGene00016432.,2172,3352,5524
WBGene00016433.,0,1,1
WBGene00016434.,0,7,7
WBGene00016435.,335,7284,7619
WBGene00016436.,16,176,192
WBGene00016437.,12,2,14
WBGene00016438.,65,833,898
WBGene00016439.,132,2518,2650
WBGene00016440.,0,33,33
WBGene00016441.,7,34,41
WBGene00016442.,49,3041,3090
WBGene00016443.,100,1064,1164
WBGene00016444.,157,764,921
WBGene00016445.,50,171,221
WBGene00016446.,59,2477,2536
WBGene00016447.,0,1,1
WBGene00016448.,54,490,544
WBGene00016449.,21,4586,4607
WBGene00016450.,2,25,27
WBGene00016451.,0,5,5
WBGene00016452.,229,2420,2649
WBGene00016453.,8,163,171
WBGene00016454.,44,597,641
WBGene00016455.,2,16,18
WBGene00016456.,6,2008,2014
WBGene00016457.,1,87,88
WBGene00016458.,102,2496,2598
WBGene00016459.,4,15,19
WBGene00016460.,7,100,107
WBGene00016461.,15,34,49
WBGene00016462.,4,40,44
WBGene00016463.,14,1018,1032
WBGene00016464.,3,14,17
WBGene00016465.,0,11,11
WBGene00016466.,6,97,103
WBGene00016467.,17,316,333
WBGene00016468.,15,35,50
WBGene00016469.,82,1975,2057
WBGene00016470.,2,4,6
WBGene00016471.,4,9,13
WBGene00016472.,0,1,1
WBGene00016473.,0,1,1
WBGene00016474.,0,0,0
WBGene00016475.,1,2,3
WBGene00016476.,5,2,7
WBGene00016477.,3,5,8
WBGene00016478.,6,18,24
WBGene00016479.,1,0,1
WBGene00016480.,0,2,2
WBGene00016481.,0,3,3
WBGene00016483.,1,6,7
WBGene00016484.,1,0,1
WBGene00016485.,1,0,1
WBGene00016486.,0,4,4
WBGene00016487.,2,1,3
WBGene00016488.,15,52,67
WBGene00016489.,360,2822,3182
WBGene00016490.,113,1516,1629
WBGene00016491.,17,26,43
WBGene00016492.,54,541,595
WBGene00016493.,57965,405326,463291
WBGene00016494.,380,5667,6047
WBGene00016495.,20,986,1006
WBGene00016496.,296,16815,17111
WBGene00016497.,4,4,8
WBGene00016499.,99,449,548
WBGene00016500.,11,1228,1239
WBGene00016501.,32,2073,2105
WBGene00016502.,0,22,22
WBGene00016503.,8,270,278
WBGene00016504.,13,927,940
WBGene00016505.,6,777,783
WBGene00016506.,44,270,314
WBGene00016507.,117,1131,1248
WBGene00016508.,543,6129,6672
WBGene00016509.,383,16744,17127
WBGene00016511.,498,8618,9116
WBGene00016512.,23,17,40
WBGene00016513.,35,2173,2208
WBGene00016514.,43,130,173
WBGene00016516.,5,6,11
WBGene00016517.,2,51,53
WBGene00016518.,20,23,43
WBGene00016519.,3,0,3
WBGene00016520.,13,142,155
WBGene00016521.,5,17,22
WBGene00016522.,24,261,285
WBGene00016523.,11,20,31
WBGene00016524.,149,770,919
WBGene00016525.,4,6,10
WBGene00016526.,0,2,2
WBGene00016527.,4,5,9
WBGene00016528.,0,2,2
WBGene00016529.,0,4,4
WBGene00016530.,47,676,723
WBGene00016531.,304,2755,3059
WBGene00016532.,24,447,471
WBGene00016533.,90,1795,1885
WBGene00016534.,6,63,69
WBGene00016535.,14,1144,1158
WBGene00016537.,0,0,0
WBGene00016538.,83,366,449
WBGene00016539.,541,2350,2891
WBGene00016540.,138,458,596
WBGene00016541.,0,1,1
WBGene00016542.,35,105,140
WBGene00016543.,10,31,41
WBGene00016544.,0,8,8
WBGene00016545.,7,101,108
WBGene00016546.,23,125,148
WBGene00016547.,9,383,392
WBGene00016548.,6,3,9
WBGene00016549.,8,177,185
WBGene00016550.,5,4,9
WBGene00016551.,0,4,4
WBGene00016553.,43,636,679
WBGene00016554.,0,0,0
WBGene00016555.,1,11,12
WBGene00016556.,0,2,2
WBGene00016557.,0,1,1
WBGene00016558.,19,195,214
WBGene00016559.,43,453,496
WBGene00016561.,564,1461,2025
WBGene00016562.,2378,7105,9483
WBGene00016564.,30,803,833
WBGene00016565.,0,24,24
WBGene00016566.,120,1036,1156
WBGene00016567.,8,366,374
WBGene00016568.,144,858,1002
WBGene00016570.,65,698,763
WBGene00016572.,15,5,20
WBGene00016573.,6,348,354
WBGene00016574.,10,891,901
WBGene00016575.,11,359,370
WBGene00016576.,5,745,750
WBGene00016577.,0,1,1
WBGene00016578.,0,4,4
WBGene00016579.,38,223,261
WBGene00016580.,72,233,305
WBGene00016581.,0,6,6
WBGene00016582.,61,988,1049
WBGene00016583.,42,3017,3059
WBGene00016585.,31,103,134
WBGene00016586.,1,141,142
WBGene00016587.,12,26,38
WBGene00016588.,0,100,100
WBGene00016589.,3,1346,1349
WBGene00016590.,152,1304,1456
WBGene00016591.,49,1446,1495
WBGene00016592.,52,385,437
WBGene00016594.,46,1949,1995
WBGene00016595.,4,27,31
WBGene00016596.,7,617,624
WBGene00016597.,1,2,3
WBGene00016598.,1,8,9
WBGene00016599.,23,31,54
WBGene00016600.,179,93,272
WBGene00016601.,363,5964,6327
WBGene00016602.,24,645,669
WBGene00016603.,483,4849,5332
WBGene00016605.,7,55,62
WBGene00016606.,220,1711,1931
WBGene00016607.,302,5764,6066
WBGene00016608.,96,1021,1117
WBGene00016609.,242,436,678
WBGene00016610.,141,1486,1627
WBGene00016611.,729,8891,9620
WBGene00016612.,13,66,79
WBGene00016613.,38,239,277
WBGene00016614.,111,1006,1117
WBGene00016616.,37,1312,1349
WBGene00016617.,79,822,901
WBGene00016619.,39,391,430
WBGene00016620.,113,1254,1367
WBGene00016621.,96,854,950
WBGene00016622.,76,1955,2031
WBGene00016623.,89,964,1053
WBGene00016624.,728,4399,5127
WBGene00016625.,16,120,136
WBGene00016626.,133,2559,2692
WBGene00016627.,5,18,23
WBGene00016628.,149,664,813
WBGene00016629.,70,1341,1411
WBGene00016630.,640,47772,48412
WBGene00016631.,85,477,562
WBGene00016632.,65,189,254
WBGene00016633.,25,177,202
WBGene00016634.,84,674,758
WBGene00016635.,0,7766,7766
WBGene00016636.,0,7,7
WBGene00016637.,41,260,301
WBGene00016638.,1,3,4
WBGene00016639.,33,26,59
WBGene00016641.,78,4612,4690
WBGene00016642.,58,808,866
WBGene00016643.,138,1736,1874
WBGene00016644.,8,451,459
WBGene00016645.,69,2300,2369
WBGene00016646.,0,0,0
WBGene00016647.,0,0,0
WBGene00016648.,0,0,0
WBGene00016649.,0,0,0
WBGene00016650.,947,11705,12652
WBGene00016652.,91,620,711
WBGene00016653.,125,21466,21591
WBGene00016654.,280,743,1023
WBGene00016655.,363,5854,6217
WBGene00016657.,43,312,355
WBGene00016658.,0,2,2
WBGene00016659.,25,1291,1316
WBGene00016660.,0,6,6
WBGene00016661.,227,1190,1417
WBGene00016662.,0,33,33
WBGene00016663.,43,664,707
WBGene00016664.,19,270,289
WBGene00016665.,1,3,4
WBGene00016666.,2,12,14
WBGene00016667.,32,535,567
WBGene00016668.,2,0,2
WBGene00016669.,0,1,1
WBGene00016670.,11,18,29
WBGene00016671.,6,406,412
WBGene00016673.,8,8,16
WBGene00016674.,25,1007,1032
WBGene00016675.,0,3,3
WBGene00016676.,24,1204,1228
WBGene00016677.,84,1876,1960
WBGene00016678.,266,1542,1808
WBGene00016679.,2,113,115
WBGene00016680.,1,0,1
WBGene00016681.,0,1,1
WBGene00016682.,21,63,84
WBGene00016683.,72,163,235
WBGene00016684.,43,2576,2619
WBGene00016685.,1,0,1
WBGene00016686.,1,3,4
WBGene00016687.,1,0,1
WBGene00016688.,1,7,8
WBGene00016689.,0,2,2
WBGene00016690.,0,0,0
WBGene00016691.,2,0,2
WBGene00016692.,3,6,9
WBGene00016693.,3,1,4
WBGene00016694.,0,1,1
WBGene00016695.,1,6,7
WBGene00016696.,4,19,23
WBGene00016697.,8,36,44
WBGene00016698.,7,3,10
WBGene00016699.,0,8,8
WBGene00016700.,9,28,37
WBGene00016701.,5,95,100
WBGene00016702.,77,802,879
WBGene00016703.,88,679,767
WBGene00016704.,93,914,1007
WBGene00016705.,36,106,142
WBGene00016706.,428,6704,7132
WBGene00016707.,0,4,4
WBGene00016708.,0,0,0
WBGene00016709.,0,1,1
WBGene00016710.,34,988,1022
WBGene00016711.,3,52,55
WBGene00016712.,0,1,1
WBGene00016713.,0,0,0
WBGene00016714.,12,43,55
WBGene00016716.,2825,12957,15782
WBGene00016717.,1,7,8
WBGene00016718.,1,0,1
WBGene00016719.,1,8,9
WBGene00016720.,0,0,0
WBGene00016721.,30,263,293
WBGene00016722.,8017,25603,33620
WBGene00016724.,7,30,37
WBGene00016725.,125,386,511
WBGene00016727.,15,3,18
WBGene00016728.,5,75,80
WBGene00016729.,0,15,15
WBGene00016730.,35,203,238
WBGene00016731.,2,27,29
WBGene00016732.,3,50,53
WBGene00016733.,47,1298,1345
WBGene00016734.,73,1800,1873
WBGene00016735.,110,1697,1807
WBGene00016737.,0,0,0
WBGene00016738.,0,359,359
WBGene00016739.,168,10821,10989
WBGene00016740.,42,1583,1625
WBGene00016741.,69,1192,1261
WBGene00016742.,27,24,51
WBGene00016743.,12,13,25
WBGene00016744.,72,503,575
WBGene00016745.,19,191,210
WBGene00016746.,858,17777,18635
WBGene00016747.,32,122,154
WBGene00016748.,33,169,202
WBGene00016749.,274,5492,5766
WBGene00016750.,78,1622,1700
WBGene00016751.,332,2353,2685
WBGene00016752.,0,43,43
WBGene00016753.,3,1,4
WBGene00016754.,319,3893,4212
WBGene00016755.,0,9,9
WBGene00016756.,5,7,12
WBGene00016757.,10,32,42
WBGene00016758.,4,57,61
WBGene00016759.,7,59,66
WBGene00016760.,3,56,59
WBGene00016761.,11,75,86
WBGene00016762.,14,266,280
WBGene00016763.,19,666,685
WBGene00016764.,161,1429,1590
WBGene00016765.,3,7,10
WBGene00016766.,2,765,767
WBGene00016767.,5,265,270
WBGene00016768.,67,413,480
WBGene00016769.,37,123,160
WBGene00016770.,1,3,4
WBGene00016772.,3,15,18
WBGene00016773.,1,0,1
WBGene00016775.,0,0,0
WBGene00016776.,0,0,0
WBGene00016777.,0,0,0
WBGene00016778.,8,1,9
WBGene00016779.,0,2,2
WBGene00016781.,80,40758,40838
WBGene00016782.,2,376,378
WBGene00016783.,23,137,160
WBGene00016785.,4,2,6
WBGene00016786.,2,4,6
WBGene00016788.,353,1568,1921
WBGene00016789.,1,32,33
WBGene00016790.,964,19850,20814
WBGene00016791.,62,751,813
WBGene00016792.,284,2803,3087
WBGene00016793.,107,2661,2768
WBGene00016794.,164,1748,1912
WBGene00016795.,0,18,18
WBGene00016796.,64,178,242
WBGene00016797.,121,122,243
WBGene00016798.,0,1,1
WBGene00016799.,19,142,161
WBGene00016800.,8,60,68
WBGene00016801.,23,1117,1140
WBGene00016803.,26,2111,2137
WBGene00016804.,0,10,10
WBGene00016805.,3,42,45
WBGene00016806.,3,287,290
WBGene00016807.,0,1,1
WBGene00016808.,137,8185,8322
WBGene00016809.,67,552,619
WBGene00016810.,37,871,908
WBGene00016811.,131,1097,1228
WBGene00016812.,120,1033,1153
WBGene00016813.,3,3,6
WBGene00016815.,1,2,3
WBGene00016816.,115,738,853
WBGene00016817.,35,358,393
WBGene00016818.,2,6,8
WBGene00016820.,0,12,12
WBGene00016821.,0,1,1
WBGene00016822.,1,0,1
WBGene00016823.,1,0,1
WBGene00016824.,0,5,5
WBGene00016825.,3,9,12
WBGene00016826.,4,2,6
WBGene00016827.,1,1,2
WBGene00016828.,27,18,45
WBGene00016829.,2,0,2
WBGene00016830.,5,7,12
WBGene00016831.,5,4,9
WBGene00016832.,1,6,7
WBGene00016833.,2,7,9
WBGene00016834.,4,6,10
WBGene00016835.,73,409,482
WBGene00016836.,205,1251,1456
WBGene00016837.,179,4068,4247
WBGene00016838.,575,5466,6041
WBGene00016839.,2,8,10
WBGene00016840.,201,1543,1744
WBGene00016841.,132,1339,1471
WBGene00016842.,10,223,233
WBGene00016843.,2,7,9
WBGene00016844.,159,5482,5641
WBGene00016845.,0,47,47
WBGene00016846.,316,3051,3367
WBGene00016847.,3,30,33
WBGene00016848.,52,309,361
WBGene00016849.,29,319,348
WBGene00016850.,0,5,5
WBGene00016851.,1,7,8
WBGene00016852.,0,21,21
WBGene00016853.,1,1,2
WBGene00016854.,1,2,3
WBGene00016855.,1,96,97
WBGene00016856.,0,4,4
WBGene00016857.,0,3,3
WBGene00016858.,10,14,24
WBGene00016859.,0,3,3
WBGene00016860.,58,576,634
WBGene00016861.,1,25,26
WBGene00016862.,150,850,1000
WBGene00016863.,4,11,15
WBGene00016864.,0,4,4
WBGene00016865.,3,43,46
WBGene00016866.,78,298,376
WBGene00016867.,68,1851,1919
WBGene00016868.,88,452,540
WBGene00016869.,7,143,150
WBGene00016870.,0,1,1
WBGene00016871.,379,2397,2776
WBGene00016872.,7,110,117
WBGene00016873.,9,60,69
WBGene00016874.,4,19,23
WBGene00016877.,18,41,59
WBGene00016879.,191,1465,1656
WBGene00016880.,0,4,4
WBGene00016881.,0,0,0
WBGene00016882.,0,0,0
WBGene00016883.,0,5,5
WBGene00016884.,0,1,1
WBGene00016885.,0,0,0
WBGene00016886.,0,0,0
WBGene00016888.,805,6502,7307
WBGene00016889.,303,4111,4414
WBGene00016890.,38,262,300
WBGene00016891.,5,9,14
WBGene00016892.,30,2008,2038
WBGene00016893.,2,2,4
WBGene00016894.,4,530,534
WBGene00016895.,0,0,0
WBGene00016896.,24,118,142
WBGene00016898.,216,3097,3313
WBGene00016899.,17,85,102
WBGene00016900.,50,92,142
WBGene00016901.,0,0,0
WBGene00016902.,751,2208,2959
WBGene00016903.,142,1330,1472
WBGene00016905.,183,1230,1413
WBGene00016906.,65,304,369
WBGene00016907.,33,8635,8668
WBGene00016909.,38,129,167
WBGene00016911.,43,945,988
WBGene00016912.,3,90,93
WBGene00016913.,275,12424,12699
WBGene00016914.,17,204,221
WBGene00016915.,3,10,13
WBGene00016916.,25,836,861
WBGene00016917.,7,67,74
WBGene00016918.,3580,23528,27108
WBGene00016919.,176,529,705
WBGene00016920.,84,688,772
WBGene00016921.,9,47,56
WBGene00016922.,9,23,32
WBGene00016923.,179,2984,3163
WBGene00016924.,0,1,1
WBGene00016925.,4,9,13
WBGene00016926.,1,29,30
WBGene00016927.,0,14,14
WBGene00016928.,7,18,25
WBGene00016929.,1,7,8
WBGene00016930.,49,189,238
WBGene00016931.,11,39,50
WBGene00016932.,64,113,177
WBGene00016933.,9,52,61
WBGene00016934.,136,5058,5194
WBGene00016935.,50,386,436
WBGene00016937.,54,1240,1294
WBGene00016938.,28,96,124
WBGene00016939.,5,34,39
WBGene00016940.,0,0,0
WBGene00016941.,7,45,52
WBGene00016942.,20,125,145
WBGene00016943.,375,19179,19554
WBGene00016944.,44,1273,1317
WBGene00016945.,22,148,170
WBGene00016946.,1,3,4
WBGene00016947.,21,191,212
WBGene00016948.,1,5,6
WBGene00016949.,3,0,3
WBGene00016950.,1,0,1
WBGene00016951.,31,106,137
WBGene00016953.,10,9,19
WBGene00016954.,2,3,5
WBGene00016955.,210,1128,1338
WBGene00016956.,5,7,12
WBGene00016957.,177,404,581
WBGene00016958.,66,572,638
WBGene00016959.,1,1,2
WBGene00016960.,54,587,641
WBGene00016961.,400,9997,10397
WBGene00016962.,9,244,253
WBGene00016963.,3,37,40
WBGene00016964.,154,1426,1580
WBGene00016965.,71,596,667
WBGene00016966.,79,994,1073
WBGene00016968.,224,1073,1297
WBGene00016970.,5,150,155
WBGene00016971.,78,1001,1079
WBGene00016972.,11,36,47
WBGene00016973.,17,188,205
WBGene00016974.,25,563,588
WBGene00016975.,176,1074,1250
WBGene00016976.,128,254,382
WBGene00016977.,1823,16852,18675
WBGene00016978.,99,1543,1642
WBGene00016979.,25,453,478
WBGene00016980.,2,18,20
WBGene00016981.,46,5683,5729
WBGene00016982.,34,172,206
WBGene00016983.,43,748,791
WBGene00016984.,191,277,468
WBGene00016985.,0,5,5
WBGene00016987.,70,7683,7753
WBGene00016988.,346,5119,5465
WBGene00016989.,195,2421,2616
WBGene00016990.,85,3218,3303
WBGene00016992.,36,681,717
WBGene00016993.,35,326,361
WBGene00016995.,71,734,805
WBGene00016996.,148,1436,1584
WBGene00016997.,75,2884,2959
WBGene00016998.,34,383,417
WBGene00016999.,22,226,248
WBGene00017000.,15,153,168
WBGene00017001.,8,32,40
WBGene00017002.,3,654,657
WBGene00017003.,35,1004,1039
WBGene00017004.,105,2838,2943
WBGene00017005.,3,233,236
WBGene00017007.,111,555,666
WBGene00017009.,15,247,262
WBGene00017010.,71,573,644
WBGene00017011.,18,1862,1880
WBGene00017012.,49,109,158
WBGene00017013.,85,322,407
WBGene00017014.,34,578,612
WBGene00017015.,1,97,98
WBGene00017016.,649,6031,6680
WBGene00017017.,416,645,1061
WBGene00017018.,50,1115,1165
WBGene00017019.,1,0,1
WBGene00017020.,3,9,12
WBGene00017021.,1,1,2
WBGene00017022.,9,158,167
WBGene00017023.,39,1667,1706
WBGene00017024.,7,15,22
WBGene00017025.,143,1895,2038
WBGene00017026.,8,7,15
WBGene00017027.,8,55,63
WBGene00017028.,108,605,713
WBGene00017029.,0,3,3
WBGene00017031.,112,908,1020
WBGene00017032.,16,273,289
WBGene00017033.,7,98,105
WBGene00017034.,5,4,9
WBGene00017035.,7,12,19
WBGene00017036.,19,472,491
WBGene00017037.,230,2204,2434
WBGene00017038.,258,404,662
WBGene00017039.,65,84,149
WBGene00017040.,27,337,364
WBGene00017041.,102,401,503
WBGene00017042.,80,998,1078
WBGene00017044.,155,6518,6673
WBGene00017045.,253,2408,2661
WBGene00017046.,79,901,980
WBGene00017048.,30,133,163
WBGene00017050.,69,120,189
WBGene00017051.,17,121,138
WBGene00017052.,4,10,14
WBGene00017053.,48,1566,1614
WBGene00017054.,238,4565,4803
WBGene00017055.,0,0,0
WBGene00017056.,0,1,1
WBGene00017057.,1,0,1
WBGene00017058.,0,0,0
WBGene00017059.,0,0,0
WBGene00017060.,457,46869,47326
WBGene00017061.,58,28,86
WBGene00017062.,155,2038,2193
WBGene00017063.,44,228,272
WBGene00017064.,72,2435,2507
WBGene00017065.,1314,34839,36153
WBGene00017066.,510,2886,3396
WBGene00017068.,50,1729,1779
WBGene00017069.,70,540,610
WBGene00017070.,66,4674,4740
WBGene00017071.,13,45,58
WBGene00017072.,56,118,174
WBGene00017073.,11,139,150
WBGene00017074.,57,837,894
WBGene00017075.,256,62869,63125
WBGene00017076.,144,1173,1317
WBGene00017077.,18,157,175
WBGene00017078.,4,105,109
WBGene00017079.,18,512,530
WBGene00017080.,536,796,1332
WBGene00017082.,184,4965,5149
WBGene00017083.,32,59,91
WBGene00017084.,862,1996,2858
WBGene00017085.,344,5927,6271
WBGene00017087.,76,752,828
WBGene00017088.,99,6113,6212
WBGene00017089.,2,79,81
WBGene00017090.,3,3,6
WBGene00017091.,2,2,4
WBGene00017092.,1,3,4
WBGene00017093.,0,5,5
WBGene00017094.,1,1,2
WBGene00017095.,0,0,0
WBGene00017096.,1,15,16
WBGene00017097.,21,1,22
WBGene00017098.,337,10873,11210
WBGene00017099.,0,0,0
WBGene00017100.,2,14,16
WBGene00017101.,42,225,267
WBGene00017102.,1,0,1
WBGene00017103.,0,6,6
WBGene00017104.,0,0,0
WBGene00017105.,0,0,0
WBGene00017106.,1,3,4
WBGene00017107.,1,32,33
WBGene00017108.,12,84,96
WBGene00017109.,2,0,2
WBGene00017110.,3,0,3
WBGene00017111.,3,0,3
WBGene00017112.,0,12,12
WBGene00017113.,9,17,26
WBGene00017114.,0,1,1
WBGene00017115.,0,1,1
WBGene00017116.,0,3,3
WBGene00017117.,5,45,50
WBGene00017118.,3,3,6
WBGene00017119.,319,14733,15052
WBGene00017120.,77,452,529
WBGene00017121.,4689,176717,181406
WBGene00017122.,12,47,59
WBGene00017123.,24,382,406
WBGene00017124.,32,251,283
WBGene00017125.,232,2237,2469
WBGene00017126.,52,771,823
WBGene00017127.,896,8594,9490
WBGene00017128.,487,6959,7446
WBGene00017129.,20,358,378
WBGene00017131.,2,20,22
WBGene00017132.,321,3603,3924
WBGene00017133.,8,147,155
WBGene00017134.,3,71,74
WBGene00017135.,0,95,95
WBGene00017136.,10,28,38
WBGene00017137.,13,1094,1107
WBGene00017138.,192,2852,3044
WBGene00017139.,3,8,11
WBGene00017140.,0,49,49
WBGene00017141.,0,17,17
WBGene00017142.,7,349,356
WBGene00017143.,4,86,90
WBGene00017144.,77,1121,1198
WBGene00017146.,45,67,112
WBGene00017147.,56,750,806
WBGene00017148.,0,40,40
WBGene00017149.,1345,57958,59303
WBGene00017150.,5,458,463
WBGene00017151.,12,51,63
WBGene00017152.,0,0,0
WBGene00017153.,0,66,66
WBGene00017154.,42,1379,1421
WBGene00017156.,273,452,725
WBGene00017157.,203,541,744
WBGene00017158.,85,1901,1986
WBGene00017159.,496,5420,5916
WBGene00017160.,226,3005,3231
WBGene00017161.,271,2096,2367
WBGene00017162.,259,3710,3969
WBGene00017163.,234,3184,3418
WBGene00017164.,42,418,460
WBGene00017165.,457,1089,1546
WBGene00017166.,613,18650,19263
WBGene00017168.,0,25,25
WBGene00017169.,29,1293,1322
WBGene00017170.,193,196,389
WBGene00017172.,0,1,1
WBGene00017173.,6,1,7
WBGene00017174.,3,30,33
WBGene00017175.,2,1,3
WBGene00017176.,18,164,182
WBGene00017177.,0,2,2
WBGene00017178.,59,825,884
WBGene00017179.,4,5,9
WBGene00017180.,71,381,452
WBGene00017181.,1,1,2
WBGene00017182.,0,1,1
WBGene00017183.,0,0,0
WBGene00017184.,95,1090,1185
WBGene00017185.,0,0,0
WBGene00017186.,0,0,0
WBGene00017188.,0,0,0
WBGene00017189.,0,0,0
WBGene00017190.,0,30,30
WBGene00017191.,0,0,0
WBGene00017192.,0,0,0
WBGene00017193.,201,3516,3717
WBGene00017194.,31,245,276
WBGene00017195.,85,1105,1190
WBGene00017197.,25,472,497
WBGene00017198.,14,125,139
WBGene00017199.,1,10,11
WBGene00017200.,0,16,16
WBGene00017201.,265,7732,7997
WBGene00017202.,0,6,6
WBGene00017203.,0,0,0
WBGene00017204.,0,4,4
WBGene00017205.,0,6,6
WBGene00017207.,0,1,1
WBGene00017208.,0,5,5
WBGene00017209.,112,0,112
WBGene00017210.,563,7885,8448
WBGene00017211.,2,8,10
WBGene00017212.,0,0,0
WBGene00017213.,0,0,0
WBGene00017214.,2,5,7
WBGene00017215.,1,4,5
WBGene00017216.,12,145,157
WBGene00017217.,234,1084,1318
WBGene00017218.,7,30,37
WBGene00017219.,31,516,547
WBGene00017220.,163,4442,4605
WBGene00017221.,6,0,6
WBGene00017222.,1,0,1
WBGene00017223.,0,0,0
WBGene00017224.,0,0,0
WBGene00017225.,45,35,80
WBGene00017226.,6,9,15
WBGene00017227.,0,0,0
WBGene00017228.,2,16,18
WBGene00017229.,0,4,4
WBGene00017230.,1,4,5
WBGene00017231.,1,8,9
WBGene00017232.,3,2,5
WBGene00017233.,0,4,4
WBGene00017235.,149,264,413
WBGene00017236.,15,168,183
WBGene00017237.,128,976,1104
WBGene00017238.,160,7973,8133
WBGene00017239.,176,1354,1530
WBGene00017240.,123,1931,2054
WBGene00017241.,374,2603,2977
WBGene00017243.,9,67,76
WBGene00017244.,279,2569,2848
WBGene00017245.,334,4524,4858
WBGene00017246.,92,676,768
WBGene00017247.,54,469,523
WBGene00017248.,1,0,1
WBGene00017249.,0,3,3
WBGene00017250.,29,627,656
WBGene00017251.,0,0,0
WBGene00017252.,0,1,1
WBGene00017253.,1,0,1
WBGene00017254.,0,2,2
WBGene00017255.,19,78,97
WBGene00017257.,2,43,45
WBGene00017258.,6,43,49
WBGene00017259.,1,20,21
WBGene00017260.,32,242,274
WBGene00017261.,95,1505,1600
WBGene00017262.,421,4307,4728
WBGene00017263.,0,8,8
WBGene00017264.,0,1,1
WBGene00017265.,8,102,110
WBGene00017266.,295,2547,2842
WBGene00017267.,0,0,0
WBGene00017268.,139,2530,2669
WBGene00017269.,226,670,896
WBGene00017270.,0,0,0
WBGene00017271.,10,22,32
WBGene00017272.,69,1250,1319
WBGene00017273.,143,1209,1352
WBGene00017274.,634,3680,4314
WBGene00017275.,243,1950,2193
WBGene00017277.,0,6,6
WBGene00017278.,7,28,35
WBGene00017279.,0,7,7
WBGene00017280.,826,2345,3171
WBGene00017281.,1,11,12
WBGene00017282.,27,837,864
WBGene00017283.,182,3558,3740
WBGene00017284.,278,1764,2042
WBGene00017285.,50,1956,2006
WBGene00017286.,527,4211,4738
WBGene00017287.,4,150,154
WBGene00017288.,1,234,235
WBGene00017289.,6,1971,1977
WBGene00017290.,33,171,204
WBGene00017291.,24,261,285
WBGene00017292.,45,1279,1324
WBGene00017293.,14,1052,1066
WBGene00017294.,99,551,650
WBGene00017295.,132,29,161
WBGene00017296.,34,66,100
WBGene00017297.,133,3750,3883
WBGene00017298.,371,3499,3870
WBGene00017299.,278,769,1047
WBGene00017300.,819,8083,8902
WBGene00017301.,398,29164,29562
WBGene00017302.,100,293,393
WBGene00017303.,556,7727,8283
WBGene00017304.,80,3638,3718
WBGene00017305.,1,74,75
WBGene00017306.,35,268,303
WBGene00017307.,28,451,479
WBGene00017308.,34,93,127
WBGene00017309.,93,105,198
WBGene00017310.,38,569,607
WBGene00017311.,51,5264,5315
WBGene00017312.,0,12,12
WBGene00017313.,188,2483,2671
WBGene00017314.,236,1955,2191
WBGene00017315.,4,1,5
WBGene00017316.,91,541,632
WBGene00017317.,2695,22565,25260
WBGene00017319.,601,6948,7549
WBGene00017320.,21,162,183
WBGene00017321.,37,2661,2698
WBGene00017322.,7,16,23
WBGene00017323.,34,97,131
WBGene00017324.,0,0,0
WBGene00017325.,0,1,1
WBGene00017326.,16,234,250
WBGene00017327.,2,33,35
WBGene00017328.,21,1221,1242
WBGene00017329.,27,193,220
WBGene00017330.,1,4,5
WBGene00017331.,101,583,684
WBGene00017332.,462,689,1151
WBGene00017333.,0,9,9
WBGene00017334.,3,14,17
WBGene00017335.,37,439,476
WBGene00017336.,117,539,656
WBGene00017338.,20,142,162
WBGene00017339.,118,756,874
WBGene00017340.,16,246,262
WBGene00017341.,5,9,14
WBGene00017342.,160,1436,1596
WBGene00017343.,2,8,10
WBGene00017344.,64,2266,2330
WBGene00017345.,4,4,8
WBGene00017347.,119,13421,13540
WBGene00017348.,6,2034,2040
WBGene00017349.,186,4518,4704
WBGene00017350.,162,1503,1665
WBGene00017351.,1,20,21
WBGene00017352.,203,225,428
WBGene00017353.,25,298,323
WBGene00017354.,8,18,26
WBGene00017355.,33,1219,1252
WBGene00017356.,458,3922,4380
WBGene00017357.,133,1895,2028
WBGene00017358.,12,602,614
WBGene00017359.,13,66,79
WBGene00017360.,457,3981,4438
WBGene00017361.,5,100,105
WBGene00017362.,736,13202,13938
WBGene00017363.,266,5757,6023
WBGene00017364.,0,5,5
WBGene00017365.,0,0,0
WBGene00017366.,3,29,32
WBGene00017367.,9,250,259
WBGene00017369.,38,1150,1188
WBGene00017370.,0,1,1
WBGene00017371.,11,60,71
WBGene00017372.,850,2671,3521
WBGene00017373.,250,2585,2835
WBGene00017374.,883,14099,14982
WBGene00017375.,35,248,283
WBGene00017376.,2346,48177,50523
WBGene00017378.,4,46,50
WBGene00017379.,592,14143,14735
WBGene00017380.,342,1731,2073
WBGene00017381.,64,1028,1092
WBGene00017382.,2,0,2
WBGene00017383.,3,1,4
WBGene00017384.,2,14,16
WBGene00017385.,6,1893,1899
WBGene00017386.,0,648,648
WBGene00017387.,0,0,0
WBGene00017388.,0,4,4
WBGene00017389.,453,501,954
WBGene00017390.,47,265,312
WBGene00017391.,0,1,1
WBGene00017392.,1,1,2
WBGene00017393.,2,1,3
WBGene00017394.,106,449,555
WBGene00017395.,0,0,0
WBGene00017396.,9,4,13
WBGene00017397.,74,628,702
WBGene00017398.,2,13,15
WBGene00017399.,17,12,29
WBGene00017400.,20,325,345
WBGene00017401.,0,1,1
WBGene00017402.,0,1,1
WBGene00017403.,0,0,0
WBGene00017404.,1,0,1
WBGene00017405.,0,0,0
WBGene00017406.,0,5,5
WBGene00017407.,0,0,0
WBGene00017408.,0,0,0
WBGene00017410.,4,10,14
WBGene00017411.,3,126,129
WBGene00017412.,1,0,1
WBGene00017413.,1,4,5
WBGene00017414.,0,0,0
WBGene00017415.,1,0,1
WBGene00017416.,3,230,233
WBGene00017417.,6,108,114
WBGene00017418.,119,1676,1795
WBGene00017419.,203,5522,5725
WBGene00017420.,72,452,524
WBGene00017421.,112,638,750
WBGene00017422.,8,210,218
WBGene00017423.,402,10213,10615
WBGene00017424.,15,46,61
WBGene00017426.,89,1277,1366
WBGene00017427.,23,46,69
WBGene00017428.,519,7721,8240
WBGene00017429.,193,960,1153
WBGene00017430.,234,2703,2937
WBGene00017431.,243,1660,1903
WBGene00017432.,52,142,194
WBGene00017433.,22,160,182
WBGene00017434.,8,115,123
WBGene00017435.,252,3574,3826
WBGene00017436.,3,48,51
WBGene00017437.,17,179,196
WBGene00017438.,8,155,163
WBGene00017439.,23,209,232
WBGene00017440.,1909,50590,52499
WBGene00017441.,15,74,89
WBGene00017442.,37,435,472
WBGene00017443.,6,23,29
WBGene00017444.,0,2,2
WBGene00017445.,179,2179,2358
WBGene00017446.,2,45,47
WBGene00017447.,35,163,198
WBGene00017448.,80,480,560
WBGene00017449.,39,115,154
WBGene00017450.,8,74,82
WBGene00017451.,0,0,0
WBGene00017452.,62,53,115
WBGene00017453.,7,22,29
WBGene00017454.,0,0,0
WBGene00017455.,0,0,0
WBGene00017456.,20,26,46
WBGene00017459.,6,137,143
WBGene00017460.,0,104,104
WBGene00017461.,3,114,117
WBGene00017462.,1,148,149
WBGene00017463.,80,455,535
WBGene00017464.,30,177,207
WBGene00017465.,0,1,1
WBGene00017466.,1,16,17
WBGene00017467.,18,257,275
WBGene00017468.,18,62,80
WBGene00017469.,39,77,116
WBGene00017470.,1,0,1
WBGene00017471.,8,185,193
WBGene00017472.,180,2707,2887
WBGene00017473.,1,88,89
WBGene00017474.,0,9,9
WBGene00017475.,0,6,6
WBGene00017476.,4,3,7
WBGene00017478.,91,884,975
WBGene00017480.,290,2086,2376
WBGene00017481.,3,165,168
WBGene00017482.,14,385,399
WBGene00017483.,5,99,104
WBGene00017484.,26,741,767
WBGene00017485.,20,285,305
WBGene00017486.,0,105,105
WBGene00017487.,57,203,260
WBGene00017488.,21,163,184
WBGene00017489.,11,49,60
WBGene00017490.,0,0,0
WBGene00017491.,0,0,0
WBGene00017492.,5,0,5
WBGene00017493.,1,4,5
WBGene00017494.,3,3,6
WBGene00017496.,0,0,0
WBGene00017497.,2,0,2
WBGene00017498.,3,73,76
WBGene00017499.,0,0,0
WBGene00017500.,0,0,0
WBGene00017501.,0,117,117
WBGene00017502.,0,162,162
WBGene00017503.,43,370,413
WBGene00017504.,34,85,119
WBGene00017505.,0,1,1
WBGene00017506.,92,2373,2465
WBGene00017507.,91,415,506
WBGene00017508.,7,185,192
WBGene00017509.,23,176,199
WBGene00017510.,22,60,82
WBGene00017511.,3,14,17
WBGene00017512.,10,95,105
WBGene00017513.,82,936,1018
WBGene00017514.,196,5317,5513
WBGene00017515.,21,217,238
WBGene00017516.,0,5,5
WBGene00017517.,1,0,1
WBGene00017518.,5,1,6
WBGene00017519.,0,0,0
WBGene00017520.,0,0,0
WBGene00017521.,0,0,0
WBGene00017522.,0,0,0
WBGene00017523.,2,0,2
WBGene00017524.,0,3,3
WBGene00017525.,1,0,1
WBGene00017526.,0,3,3
WBGene00017527.,0,1,1
WBGene00017528.,1,0,1
WBGene00017529.,0,3,3
WBGene00017530.,95,502,597
WBGene00017532.,1,9,10
WBGene00017533.,0,1,1
WBGene00017534.,175,2388,2563
WBGene00017535.,73,1278,1351
WBGene00017536.,26,911,937
WBGene00017537.,43,468,511
WBGene00017538.,11,254,265
WBGene00017539.,0,0,0
WBGene00017540.,1,1,2
WBGene00017541.,1,3,4
WBGene00017542.,0,100,100
WBGene00017543.,4,23,27
WBGene00017544.,3,41,44
WBGene00017545.,40,186,226
WBGene00017546.,216,4894,5110
WBGene00017547.,120,703,823
WBGene00017548.,34,269,303
WBGene00017549.,100,542,642
WBGene00017550.,11,0,11
WBGene00017551.,0,0,0
WBGene00017552.,0,0,0
WBGene00017553.,3,4,7
WBGene00017554.,4,2,6
WBGene00017555.,0,0,0
WBGene00017556.,2,6,8
WBGene00017557.,35,1208,1243
WBGene00017559.,2,3,5
WBGene00017560.,2,22,24
WBGene00017562.,3,6,9
WBGene00017563.,184,253,437
WBGene00017564.,2,6,8
WBGene00017565.,4553,6551,11104
WBGene00017566.,8,4,12
WBGene00017567.,0,920,920
WBGene00017568.,31,801,832
WBGene00017569.,57,1112,1169
WBGene00017570.,83,291,374
WBGene00017571.,54,2357,2411
WBGene00017573.,2,1,3
WBGene00017574.,11,228,239
WBGene00017576.,109,184,293
WBGene00017577.,10,233,243
WBGene00017578.,11,25,36
WBGene00017579.,1,30,31
WBGene00017580.,59,241,300
WBGene00017581.,2,27,29
WBGene00017582.,27,754,781
WBGene00017583.,41,1065,1106
WBGene00017584.,0,6,6
WBGene00017585.,0,0,0
WBGene00017586.,14,64,78
WBGene00017587.,1,0,1
WBGene00017588.,0,1,1
WBGene00017589.,2,132,134
WBGene00017590.,2,0,2
WBGene00017591.,40,716,756
WBGene00017592.,0,8,8
WBGene00017593.,1,7,8
WBGene00017594.,2,9,11
WBGene00017597.,288,543,831
WBGene00017598.,0,3,3
WBGene00017599.,1,649,650
WBGene00017600.,71,1006,1077
WBGene00017601.,0,1,1
WBGene00017602.,1,0,1
WBGene00017603.,6,1,7
WBGene00017605.,1180,13806,14986
WBGene00017606.,38,819,857
WBGene00017607.,89,872,961
WBGene00017608.,216,1404,1620
WBGene00017609.,0,0,0
WBGene00017610.,1,0,1
WBGene00017611.,5,38,43
WBGene00017612.,0,0,0
WBGene00017613.,2724,115223,117947
WBGene00017614.,3,37,40
WBGene00017615.,6,16,22
WBGene00017616.,36,134,170
WBGene00017618.,798,885,1683
WBGene00017619.,5,29,34
WBGene00017620.,155,1224,1379
WBGene00017621.,245,8620,8865
WBGene00017625.,25,10,35
WBGene00017627.,2,1,3
WBGene00017628.,121,155,276
WBGene00017629.,1,1,2
WBGene00017630.,0,0,0
WBGene00017631.,0,8,8
WBGene00017632.,33,69,102
WBGene00017633.,34,65,99
WBGene00017634.,7,3,10
WBGene00017635.,85,92,177
WBGene00017636.,1,5,6
WBGene00017637.,53,407,460
WBGene00017638.,0,3,3
WBGene00017639.,608,2389,2997
WBGene00017640.,195,1567,1762
WBGene00017641.,1,58,59
WBGene00017642.,317,3422,3739
WBGene00017643.,148,2389,2537
WBGene00017644.,513,3681,4194
WBGene00017645.,4,32,36
WBGene00017646.,152,738,890
WBGene00017647.,99,208,307
WBGene00017648.,5,56,61
WBGene00017650.,10,144,154
WBGene00017651.,58,133,191
WBGene00017652.,2,5,7
WBGene00017653.,361,3021,3382
WBGene00017654.,4,23,27
WBGene00017655.,1,1,2
WBGene00017656.,6,47,53
WBGene00017657.,1097,13540,14637
WBGene00017658.,24,433,457
WBGene00017659.,78,2667,2745
WBGene00017660.,24,67,91
WBGene00017661.,8,150,158
WBGene00017662.,10,0,10
WBGene00017663.,441,4416,4857
WBGene00017664.,12,26,38
WBGene00017666.,4,144,148
WBGene00017667.,2,14,16
WBGene00017668.,0,4,4
WBGene00017670.,12,0,12
WBGene00017671.,249,13377,13626
WBGene00017672.,3,1,4
WBGene00017673.,5,51,56
WBGene00017674.,4,108,112
WBGene00017675.,236,5891,6127
WBGene00017676.,162,1802,1964
WBGene00017677.,0,0,0
WBGene00017678.,3,33,36
WBGene00017679.,0,1,1
WBGene00017680.,0,0,0
WBGene00017681.,7,109,116
WBGene00017683.,75,1312,1387
WBGene00017684.,0,3,3
WBGene00017685.,0,1,1
WBGene00017686.,248,2491,2739
WBGene00017687.,11,450,461
WBGene00017688.,124,2500,2624
WBGene00017690.,93,175,268
WBGene00017691.,120,1834,1954
WBGene00017692.,36,175,211
WBGene00017693.,1,2,3
WBGene00017694.,0,1,1
WBGene00017695.,1,4,5
WBGene00017696.,27,1336,1363
WBGene00017698.,76,1203,1279
WBGene00017699.,1833,4437,6270
WBGene00017700.,44,198,242
WBGene00017701.,3,6,9
WBGene00017702.,118,1116,1234
WBGene00017703.,15,35,50
WBGene00017704.,0,0,0
WBGene00017705.,1,15,16
WBGene00017706.,5,35,40
WBGene00017707.,0,1,1
WBGene00017708.,29,353,382
WBGene00017709.,1,6,7
WBGene00017710.,7,215,222
WBGene00017711.,17,519,536
WBGene00017712.,0,9,9
WBGene00017713.,0,12,12
WBGene00017714.,3,76,79
WBGene00017715.,18,327,345
WBGene00017716.,15,136,151
WBGene00017717.,13,376,389
WBGene00017718.,0,10,10
WBGene00017719.,456,4292,4748
WBGene00017720.,101,175,276
WBGene00017721.,16,143,159
WBGene00017722.,2,9,11
WBGene00017723.,24,33,57
WBGene00017724.,278,1940,2218
WBGene00017725.,1,0,1
WBGene00017726.,0,488,488
WBGene00017727.,0,3092,3092
WBGene00017729.,2,10,12
WBGene00017730.,2,159,161
WBGene00017731.,4,78,82
WBGene00017732.,118,1049,1167
WBGene00017733.,173,1799,1972
WBGene00017734.,177,28654,28831
WBGene00017735.,572,8393,8965
WBGene00017736.,15,70,85
WBGene00017737.,4,7,11
WBGene00017738.,137,1430,1567
WBGene00017739.,4,17,21
WBGene00017741.,121,679,800
WBGene00017742.,159,1409,1568
WBGene00017743.,1,11,12
WBGene00017744.,122,1045,1167
WBGene00017745.,186,2272,2458
WBGene00017746.,577,1535,2112
WBGene00017747.,14,242,256
WBGene00017748.,151,1981,2132
WBGene00017749.,122,2315,2437
WBGene00017750.,61,461,522
WBGene00017751.,6,24,30
WBGene00017752.,1,1,2
WBGene00017754.,16,98,114
WBGene00017755.,81,4448,4529
WBGene00017756.,72,1164,1236
WBGene00017757.,67,3467,3534
WBGene00017758.,122,876,998
WBGene00017759.,12,4229,4241
WBGene00017760.,199,2631,2830
WBGene00017761.,342,382,724
WBGene00017762.,488,658,1146
WBGene00017763.,291,2419,2710
WBGene00017764.,5,8,13
WBGene00017765.,192,3803,3995
WBGene00017766.,203,1096,1299
WBGene00017767.,81,1112,1193
WBGene00017768.,247,2225,2472
WBGene00017769.,108,2551,2659
WBGene00017770.,177,2400,2577
WBGene00017771.,30,297,327
WBGene00017772.,380,7544,7924
WBGene00017773.,268,4097,4365
WBGene00017774.,39,754,793
WBGene00017775.,340,4686,5026
WBGene00017776.,94,1691,1785
WBGene00017777.,35,4157,4192
WBGene00017778.,465,3426,3891
WBGene00017779.,47,267,314
WBGene00017780.,82,376,458
WBGene00017781.,480,2309,2789
WBGene00017782.,74,866,940
WBGene00017783.,9,126,135
WBGene00017784.,0,7,7
WBGene00017785.,3,89,92
WBGene00017786.,41,172,213
WBGene00017787.,11,198,209
WBGene00017788.,0,18,18
WBGene00017789.,102,2231,2333
WBGene00017790.,2,20,22
WBGene00017791.,0,1,1
WBGene00017792.,16,239,255
WBGene00017794.,58,734,792
WBGene00017795.,262,1052,1314
WBGene00017796.,0,139,139
WBGene00017797.,420,2850,3270
WBGene00017798.,31,228,259
WBGene00017799.,40,2989,3029
WBGene00017800.,81,1611,1692
WBGene00017801.,110,1503,1613
WBGene00017802.,1,12,13
WBGene00017803.,4,30,34
WBGene00017805.,58,150,208
WBGene00017806.,7,240,247
WBGene00017807.,8,15,23
WBGene00017808.,0,7,7
WBGene00017809.,1,1,2
WBGene00017810.,0,7,7
WBGene00017811.,145,1943,2088
WBGene00017813.,6,672,678
WBGene00017814.,75,404,479
WBGene00017815.,260,968,1228
WBGene00017816.,55,3606,3661
WBGene00017817.,0,0,0
WBGene00017818.,315,679,994
WBGene00017819.,9,12,21
WBGene00017821.,8,27,35
WBGene00017822.,1,5,6
WBGene00017823.,12,189,201
WBGene00017824.,11,9,20
WBGene00017825.,47,1945,1992
WBGene00017826.,97,1172,1269
WBGene00017827.,76,428,504
WBGene00017828.,52,1096,1148
WBGene00017829.,453,1711,2164
WBGene00017830.,79,7655,7734
WBGene00017831.,137,838,975
WBGene00017832.,58,1079,1137
WBGene00017833.,56,287,343
WBGene00017834.,402,7142,7544
WBGene00017835.,9,158,167
WBGene00017836.,25,384,409
WBGene00017837.,67,1072,1139
WBGene00017838.,192,1337,1529
WBGene00017839.,0,0,0
WBGene00017840.,63,347,410
WBGene00017841.,1,316,317
WBGene00017842.,82,842,924
WBGene00017843.,0,0,0
WBGene00017845.,0,7,7
WBGene00017848.,0,20,20
WBGene00017849.,44,234,278
WBGene00017850.,129,1092,1221
WBGene00017851.,1,0,1
WBGene00017852.,199,7205,7404
WBGene00017853.,4,3,7
WBGene00017854.,0,139,139
WBGene00017855.,666,5425,6091
WBGene00017858.,39,112,151
WBGene00017860.,23,13,36
WBGene00017861.,23,213,236
WBGene00017864.,555,28680,29235
WBGene00017865.,20,55,75
WBGene00017866.,892,4189,5081
WBGene00017867.,2,6,8
WBGene00017868.,14,82,96
WBGene00017869.,0,1,1
WBGene00017870.,2,0,2
WBGene00017871.,2,4,6
WBGene00017872.,2,2,4
WBGene00017873.,0,33,33
WBGene00017874.,638,13927,14565
WBGene00017875.,1,44,45
WBGene00017876.,0,1,1
WBGene00017877.,0,1,1
WBGene00017878.,0,0,0
WBGene00017879.,6,20,26
WBGene00017880.,18,189,207
WBGene00017881.,6,55,61
WBGene00017885.,724,4371,5095
WBGene00017886.,36,242,278
WBGene00017887.,80,3071,3151
WBGene00017888.,123,935,1058
WBGene00017889.,164,4782,4946
WBGene00017890.,1,5,6
WBGene00017891.,348,1287,1635
WBGene00017892.,22,238,260
WBGene00017893.,17,84,101
WBGene00017894.,312,1274,1586
WBGene00017895.,34,1872,1906
WBGene00017896.,0,1,1
WBGene00017898.,165,618,783
WBGene00017899.,3,2,5
WBGene00017900.,362,2423,2785
WBGene00017901.,39,416,455
WBGene00017902.,0,2,2
WBGene00017904.,712,1296,2008
WBGene00017905.,5,107,112
WBGene00017906.,64,226,290
WBGene00017907.,167,535,702
WBGene00017908.,0,24,24
WBGene00017909.,106,318,424
WBGene00017910.,3,19,22
WBGene00017911.,0,2,2
WBGene00017912.,9,2,11
WBGene00017913.,1,0,1
WBGene00017914.,50,909,959
WBGene00017916.,245,1935,2180
WBGene00017917.,1,2,3
WBGene00017918.,0,3,3
WBGene00017919.,60,642,702
WBGene00017920.,257,4713,4970
WBGene00017921.,88,1948,2036
WBGene00017922.,12,20,32
WBGene00017923.,74,2969,3043
WBGene00017924.,137,2717,2854
WBGene00017925.,3975,67955,71930
WBGene00017926.,2476,82868,85344
WBGene00017927.,0,2,2
WBGene00017928.,83,1646,1729
WBGene00017929.,1398,2155,3553
WBGene00017930.,0,9,9
WBGene00017931.,188,720,908
WBGene00017933.,1,18,19
WBGene00017934.,124,1196,1320
WBGene00017935.,0,0,0
WBGene00017936.,37,597,634
WBGene00017937.,8,492,500
WBGene00017938.,18,713,731
WBGene00017939.,75,274,349
WBGene00017941.,11,82,93
WBGene00017942.,0,0,0
WBGene00017944.,4,7,11
WBGene00017945.,76,933,1009
WBGene00017947.,25,43,68
WBGene00017948.,44,67,111
WBGene00017949.,14,61,75
WBGene00017950.,41,239,280
WBGene00017951.,77,942,1019
WBGene00017952.,591,1792,2383
WBGene00017954.,34,1301,1335
WBGene00017955.,0,2,2
WBGene00017956.,4,9,13
WBGene00017957.,4,19,23
WBGene00017959.,8,106,114
WBGene00017960.,38,330,368
WBGene00017961.,33,157,190
WBGene00017962.,14,160,174
WBGene00017963.,3,5,8
WBGene00017964.,7,518,525
WBGene00017965.,5,51,56
WBGene00017967.,168,2799,2967
WBGene00017968.,149,1734,1883
WBGene00017969.,11,261,272
WBGene00017970.,100,4934,5034
WBGene00017971.,84,96,180
WBGene00017973.,298,972,1270
WBGene00017974.,23,405,428
WBGene00017975.,6,23,29
WBGene00017976.,153,825,978
WBGene00017977.,15,33,48
WBGene00017978.,0,136,136
WBGene00017979.,298,8843,9141
WBGene00017980.,430,4567,4997
WBGene00017981.,69,1160,1229
WBGene00017982.,2934,26608,29542
WBGene00017983.,303,487,790
WBGene00017984.,64,36834,36898
WBGene00017985.,9,772,781
WBGene00017986.,2,81,83
WBGene00017987.,4,6,10
WBGene00017988.,22,4233,4255
WBGene00017989.,129,2482,2611
WBGene00017990.,108,2627,2735
WBGene00017991.,67,662,729
WBGene00017992.,97,478,575
WBGene00017993.,243,14883,15126
WBGene00017995.,677,6323,7000
WBGene00017996.,67,1991,2058
WBGene00017997.,716,6097,6813
WBGene00017998.,21,317,338
WBGene00017999.,68,19,87
WBGene00018000.,0,1,1
WBGene00018001.,0,0,0
WBGene00018002.,72,252,324
WBGene00018003.,2,1,3
WBGene00018004.,2,5,7
WBGene00018005.,66,543,609
WBGene00018006.,60,854,914
WBGene00018007.,28,2513,2541
WBGene00018008.,102,5070,5172
WBGene00018009.,88,1425,1513
WBGene00018010.,14,98,112
WBGene00018011.,37,715,752
WBGene00018013.,206,1324,1530
WBGene00018014.,100,570,670
WBGene00018015.,57,639,696
WBGene00018016.,49,282,331
WBGene00018017.,78,3347,3425
WBGene00018018.,105,2750,2855
WBGene00018019.,1,0,1
WBGene00018021.,0,8,8
WBGene00018022.,26,74,100
WBGene00018023.,25,157,182
WBGene00018024.,486,16446,16932
WBGene00018025.,130,3292,3422
WBGene00018026.,13,52,65
WBGene00018027.,3,4,7
WBGene00018030.,14,6,20
WBGene00018031.,2,211,213
WBGene00018033.,2209,6866,9075
WBGene00018034.,4,3,7
WBGene00018035.,1,21,22
WBGene00018036.,8,46,54
WBGene00018037.,44,225,269
WBGene00018038.,7,0,7
WBGene00018039.,3,6,9
WBGene00018040.,1,19,20
WBGene00018041.,11,160,171
WBGene00018042.,22,273,295
WBGene00018043.,12,175,187
WBGene00018044.,13,255,268
WBGene00018045.,3,2264,2267
WBGene00018046.,213,8135,8348
WBGene00018047.,6,15,21
WBGene00018048.,0,6,6
WBGene00018049.,3,1,4
WBGene00018050.,29,175,204
WBGene00018051.,180,1090,1270
WBGene00018052.,29,266,295
WBGene00018053.,1,4,5
WBGene00018054.,10,27,37
WBGene00018055.,0,38,38
WBGene00018056.,1,17,18
WBGene00018057.,0,11,11
WBGene00018058.,4,0,4
WBGene00018059.,6,1,7
WBGene00018060.,55,1179,1234
WBGene00018061.,106,800,906
WBGene00018062.,0,0,0
WBGene00018063.,0,3,3
WBGene00018064.,379,3208,3587
WBGene00018065.,4,29,33
WBGene00018066.,0,62,62
WBGene00018067.,30,567,597
WBGene00018068.,0,602,602
WBGene00018069.,166,1466,1632
WBGene00018070.,33,402,435
WBGene00018071.,25,876,901
WBGene00018072.,97,725,822
WBGene00018073.,65,2081,2146
WBGene00018074.,128,999,1127
WBGene00018075.,482,1917,2399
WBGene00018076.,68,474,542
WBGene00018077.,13,352,365
WBGene00018078.,6,584,590
WBGene00018080.,1,3,4
WBGene00018081.,1,3,4
WBGene00018082.,0,2,2
WBGene00018083.,7,9,16
WBGene00018084.,57,37,94
WBGene00018085.,2,170,172
WBGene00018087.,14,54,68
WBGene00018088.,216,1004,1220
WBGene00018089.,154,229,383
WBGene00018090.,161,2926,3087
WBGene00018091.,3,3,6
WBGene00018092.,3,37,40
WBGene00018093.,3,1,4
WBGene00018094.,9,4,13
WBGene00018096.,1,0,1
WBGene00018097.,0,0,0
WBGene00018098.,0,0,0
WBGene00018099.,13,146,159
WBGene00018100.,0,9,9
WBGene00018101.,3,6,9
WBGene00018102.,0,0,0
WBGene00018103.,0,0,0
WBGene00018104.,0,3,3
WBGene00018105.,0,1,1
WBGene00018106.,0,0,0
WBGene00018107.,0,0,0
WBGene00018108.,0,0,0
WBGene00018109.,0,0,0
WBGene00018110.,0,4,4
WBGene00018111.,7,17,24
WBGene00018112.,34,353,387
WBGene00018113.,13,93,106
WBGene00018114.,11,13,24
WBGene00018115.,32,344,376
WBGene00018117.,47,2101,2148
WBGene00018118.,5,65,70
WBGene00018119.,1,4,5
WBGene00018120.,1,0,1
WBGene00018121.,3,99,102
WBGene00018122.,0,0,0
WBGene00018123.,0,0,0
WBGene00018124.,0,0,0
WBGene00018125.,0,0,0
WBGene00018127.,1,0,1
WBGene00018130.,9,4,13
WBGene00018131.,218,2049,2267
WBGene00018132.,177,3806,3983
WBGene00018133.,26,518,544
WBGene00018134.,3,13,16
WBGene00018135.,0,14,14
WBGene00018136.,8,37,45
WBGene00018137.,17,538,555
WBGene00018138.,15,247,262
WBGene00018139.,3,0,3
WBGene00018140.,71,648,719
WBGene00018141.,1,1,2
WBGene00018142.,6,83,89
WBGene00018143.,8,34,42
WBGene00018144.,202,2003,2205
WBGene00018145.,408,7760,8168
WBGene00018146.,6,76,82
WBGene00018148.,18,4,22
WBGene00018149.,262,1731,1993
WBGene00018150.,56,881,937
WBGene00018151.,1089,10936,12025
WBGene00018152.,81,4954,5035
WBGene00018153.,1,44,45
WBGene00018154.,143,2125,2268
WBGene00018155.,3,29,32
WBGene00018156.,272,3883,4155
WBGene00018157.,6,46,52
WBGene00018158.,2,15,17
WBGene00018159.,1043,7039,8082
WBGene00018160.,51,1758,1809
WBGene00018161.,107,3943,4050
WBGene00018162.,0,1,1
WBGene00018163.,4,1,5
WBGene00018164.,4,3920,3924
WBGene00018165.,1,4,5
WBGene00018166.,5,120,125
WBGene00018167.,3,88,91
WBGene00018168.,11,0,11
WBGene00018169.,0,0,0
WBGene00018170.,0,89,89
WBGene00018172.,18,49,67
WBGene00018173.,65,294,359
WBGene00018174.,6,36,42
WBGene00018175.,161,661,822
WBGene00018176.,4,43,47
WBGene00018178.,2,2,4
WBGene00018179.,10,22,32
WBGene00018180.,124,84,208
WBGene00018181.,71,2867,2938
WBGene00018182.,0,4,4
WBGene00018184.,14,387,401
WBGene00018186.,0,8,8
WBGene00018187.,3185,9137,12322
WBGene00018188.,119,1096,1215
WBGene00018189.,8,26,34
WBGene00018190.,1,1,2
WBGene00018191.,201,313,514
WBGene00018192.,0,0,0
WBGene00018193.,130,4029,4159
WBGene00018194.,1,92,93
WBGene00018195.,0,21,21
WBGene00018196.,5,1,6
WBGene00018198.,199,89,288
WBGene00018199.,26,884,910
WBGene00018200.,1,11,12
WBGene00018201.,11,426,437
WBGene00018202.,0,0,0
WBGene00018203.,0,31,31
WBGene00018204.,56,605,661
WBGene00018205.,0,0,0
WBGene00018206.,40,493,533
WBGene00018207.,13,74,87
WBGene00018208.,52,2359,2411
WBGene00018209.,6,2,8
WBGene00018210.,3,57,60
WBGene00018211.,17,12,29
WBGene00018212.,85,851,936
WBGene00018213.,21,91,112
WBGene00018214.,280,6074,6354
WBGene00018215.,79,588,667
WBGene00018216.,457,761,1218
WBGene00018217.,1086,2942,4028
WBGene00018218.,48,8315,8363
WBGene00018219.,67,769,836
WBGene00018221.,1375,20070,21445
WBGene00018222.,27,147,174
WBGene00018223.,9,55,64
WBGene00018224.,4,13,17
WBGene00018225.,6,1,7
WBGene00018226.,84,580,664
WBGene00018227.,9,17,26
WBGene00018228.,0,4,4
WBGene00018229.,2,253,255
WBGene00018230.,19,2137,2156
WBGene00018231.,1,2,3
WBGene00018232.,304,84,388
WBGene00018233.,0,22,22
WBGene00018234.,0,9,9
WBGene00018235.,1,0,1
WBGene00018236.,1,19,20
WBGene00018237.,46,760,806
WBGene00018238.,149,3360,3509
WBGene00018239.,50,866,916
WBGene00018240.,435,3148,3583
WBGene00018241.,6,38,44
WBGene00018242.,5,21,26
WBGene00018243.,0,0,0
WBGene00018244.,0,0,0
WBGene00018245.,0,1,1
WBGene00018246.,1,0,1
WBGene00018247.,0,1,1
WBGene00018248.,3,11,14
WBGene00018249.,294,4073,4367
WBGene00018250.,58,573,631
WBGene00018251.,55,348,403
WBGene00018252.,10,211,221
WBGene00018253.,2,17,19
WBGene00018254.,3,2,5
WBGene00018255.,30,27,57
WBGene00018256.,8,152,160
WBGene00018257.,301,7367,7668
WBGene00018258.,78,767,845
WBGene00018259.,363,3307,3670
WBGene00018260.,30,174,204
WBGene00018261.,28,142,170
WBGene00018262.,6,60,66
WBGene00018264.,1,7,8
WBGene00018265.,173,858,1031
WBGene00018266.,32,644,676
WBGene00018267.,0,3,3
WBGene00018268.,6,216,222
WBGene00018269.,96,889,985
WBGene00018270.,69,2869,2938
WBGene00018271.,789,260336,261125
WBGene00018273.,363,631,994
WBGene00018274.,92,350,442
WBGene00018275.,123,650,773
WBGene00018278.,0,0,0
WBGene00018279.,0,3,3
WBGene00018280.,3,10,13
WBGene00018281.,48,475,523
WBGene00018282.,47,1071,1118
WBGene00018283.,8,74,82
WBGene00018284.,4,4,8
WBGene00018285.,1477,8858,10335
WBGene00018286.,34,139,173
WBGene00018288.,11,232,243
WBGene00018289.,21,30,51
WBGene00018290.,298,9057,9355
WBGene00018291.,8,9,17
WBGene00018292.,2,22,24
WBGene00018293.,95,702,797
WBGene00018294.,69,3200,3269
WBGene00018295.,8,27,35
WBGene00018296.,0,3,3
WBGene00018297.,0,6540,6540
WBGene00018298.,269,6469,6738
WBGene00018300.,10,147,157
WBGene00018301.,6,22,28
WBGene00018302.,23,544,567
WBGene00018303.,465,10454,10919
WBGene00018304.,135,639,774
WBGene00018305.,263,3462,3725
WBGene00018307.,59,473,532
WBGene00018309.,12,151,163
WBGene00018310.,19,402,421
WBGene00018311.,62,1652,1714
WBGene00018312.,5,3,8
WBGene00018313.,6,17,23
WBGene00018314.,1,30,31
WBGene00018315.,5,19,24
WBGene00018316.,59,1615,1674
WBGene00018317.,93,2601,2694
WBGene00018318.,1,311,312
WBGene00018319.,479,2166,2645
WBGene00018321.,8,514,522
WBGene00018322.,0,0,0
WBGene00018323.,14,2,16
WBGene00018324.,0,5,5
WBGene00018325.,10,2,12
WBGene00018326.,3,34,37
WBGene00018327.,5,11,16
WBGene00018328.,218,943,1161
WBGene00018329.,1,0,1
WBGene00018330.,62,939,1001
WBGene00018332.,2,5,7
WBGene00018333.,1,25,26
WBGene00018334.,50,233,283
WBGene00018335.,153,1639,1792
WBGene00018336.,1,3,4
WBGene00018337.,88,822,910
WBGene00018338.,2,190,192
WBGene00018339.,74,7938,8012
WBGene00018340.,127,5000,5127
WBGene00018341.,752,10079,10831
WBGene00018342.,30,303,333
WBGene00018343.,1,81,82
WBGene00018344.,51,270,321
WBGene00018345.,31,78,109
WBGene00018346.,47,342,389
WBGene00018347.,8,42,50
WBGene00018348.,87,448,535
WBGene00018349.,150,7219,7369
WBGene00018350.,24,214,238
WBGene00018351.,3,19,22
WBGene00018352.,1,32,33
WBGene00018353.,3,5,8
WBGene00018354.,3,0,3
WBGene00018355.,6,57,63
WBGene00018356.,308,3515,3823
WBGene00018357.,74,1634,1708
WBGene00018358.,0,20,20
WBGene00018359.,4,10,14
WBGene00018360.,9,4,13
WBGene00018361.,2223,25773,27996
WBGene00018362.,33,10737,10770
WBGene00018363.,59,731,790
WBGene00018364.,118,319,437
WBGene00018365.,5,121,126
WBGene00018366.,81,1248,1329
WBGene00018367.,350,3755,4105
WBGene00018369.,165,1062,1227
WBGene00018370.,267,3184,3451
WBGene00018371.,37,902,939
WBGene00018373.,488,3807,4295
WBGene00018374.,25,108,133
WBGene00018375.,9,21,30
WBGene00018376.,870,10640,11510
WBGene00018377.,8,31,39
WBGene00018378.,2,2,4
WBGene00018379.,2,0,2
WBGene00018380.,0,34,34
WBGene00018381.,9,0,9
WBGene00018382.,1,2,3
WBGene00018383.,4,176,180
WBGene00018384.,5,10,15
WBGene00018385.,1,1,2
WBGene00018386.,52,509,561
WBGene00018387.,6,1,7
WBGene00018388.,581,0,581
WBGene00018389.,0,1,1
WBGene00018390.,26,718,744
WBGene00018391.,71,5102,5173
WBGene00018392.,276,1659,1935
WBGene00018393.,11,4570,4581
WBGene00018394.,13,65,78
WBGene00018395.,194,20294,20488
WBGene00018397.,5,16,21
WBGene00018398.,34,221,255
WBGene00018399.,33,712,745
WBGene00018400.,137,1366,1503
WBGene00018402.,29,354,383
WBGene00018403.,53,308,361
WBGene00018404.,5,9,14
WBGene00018405.,801,4415,5216
WBGene00018406.,7,8,15
WBGene00018407.,1376,11104,12480
WBGene00018408.,264,1369,1633
WBGene00018409.,55,2382,2437
WBGene00018410.,12,37,49
WBGene00018411.,34,159,193
WBGene00018412.,3,14,17
WBGene00018413.,15,255,270
WBGene00018414.,5,67,72
WBGene00018415.,2,280,282
WBGene00018417.,309,2675,2984
WBGene00018418.,35,2778,2813
WBGene00018419.,214,1567,1781
WBGene00018420.,384,2482,2866
WBGene00018421.,18,1871,1889
WBGene00018422.,46,4376,4422
WBGene00018423.,87,567,654
WBGene00018424.,79,1369,1448
WBGene00018425.,5,15,20
WBGene00018426.,116,6985,7101
WBGene00018427.,9,1907,1916
WBGene00018428.,4,7,11
WBGene00018429.,6,31,37
WBGene00018430.,53,279,332
WBGene00018431.,25,4521,4546
WBGene00018432.,1,9,10
WBGene00018433.,3,4,7
WBGene00018434.,1,2,3
WBGene00018435.,0,6,6
WBGene00018436.,0,0,0
WBGene00018437.,0,0,0
WBGene00018438.,0,1,1
WBGene00018439.,0,0,0
WBGene00018440.,0,3,3
WBGene00018441.,1,1,2
WBGene00018442.,8,1,9
WBGene00018443.,0,1,1
WBGene00018444.,0,2,2
WBGene00018445.,1,7,8
WBGene00018446.,10,20,30
WBGene00018447.,0,2,2
WBGene00018448.,3,62,65
WBGene00018449.,0,0,0
WBGene00018450.,0,0,0
WBGene00018451.,0,0,0
WBGene00018452.,0,1,1
WBGene00018454.,0,5,5
WBGene00018455.,1,6,7
WBGene00018456.,7,31,38
WBGene00018457.,0,1,1
WBGene00018458.,0,0,0
WBGene00018459.,0,2,2
WBGene00018460.,0,0,0
WBGene00018461.,0,0,0
WBGene00018462.,23,752,775
WBGene00018463.,0,0,0
WBGene00018465.,22,124,146
WBGene00018466.,15,172,187
WBGene00018467.,130,825,955
WBGene00018468.,817,5555,6372
WBGene00018470.,232,1052,1284
WBGene00018471.,6,46,52
WBGene00018472.,74,235,309
WBGene00018473.,28,291,319
WBGene00018474.,105,1338,1443
WBGene00018475.,556,15199,15755
WBGene00018476.,26,194,220
WBGene00018477.,2,15,17
WBGene00018478.,18,144,162
WBGene00018479.,0,9,9
WBGene00018480.,4,136,140
WBGene00018481.,218,2120,2338
WBGene00018482.,260,4891,5151
WBGene00018483.,15,380,395
WBGene00018484.,22,48,70
WBGene00018485.,1406,4917,6323
WBGene00018486.,6,95,101
WBGene00018487.,28,301,329
WBGene00018488.,98,1113,1211
WBGene00018489.,0,1,1
WBGene00018490.,1,3,4
WBGene00018491.,410,56509,56919
WBGene00018492.,43,561,604
WBGene00018493.,0,0,0
WBGene00018494.,0,0,0
WBGene00018495.,0,0,0
WBGene00018496.,0,1,1
WBGene00018497.,0,0,0
WBGene00018498.,0,1,1
WBGene00018499.,0,1,1
WBGene00018500.,0,0,0
WBGene00018501.,0,0,0
WBGene00018502.,0,0,0
WBGene00018503.,0,0,0
WBGene00018504.,2,2,4
WBGene00018505.,2,0,2
WBGene00018506.,0,0,0
WBGene00018507.,0,2,2
WBGene00018508.,768,4811,5579
WBGene00018509.,299,2835,3134
WBGene00018510.,44,243,287
WBGene00018511.,59,468,527
WBGene00018512.,252,1899,2151
WBGene00018513.,2,417,419
WBGene00018514.,34,264,298
WBGene00018515.,13,180,193
WBGene00018516.,44,1091,1135
WBGene00018517.,461,3355,3816
WBGene00018518.,36,1541,1577
WBGene00018519.,2507,333706,336213
WBGene00018520.,241,2016,2257
WBGene00018521.,5,186,191
WBGene00018522.,325,5864,6189
WBGene00018523.,79,400,479
WBGene00018525.,0,0,0
WBGene00018526.,0,0,0
WBGene00018527.,0,0,0
WBGene00018528.,1,3,4
WBGene00018529.,1,0,1
WBGene00018530.,0,0,0
WBGene00018531.,1,0,1
WBGene00018532.,3865,50443,54308
WBGene00018533.,384,2930,3314
WBGene00018534.,2,7,9
WBGene00018535.,4,3,7
WBGene00018536.,0,3,3
WBGene00018537.,2,8,10
WBGene00018538.,66,562,628
WBGene00018539.,27,8,35
WBGene00018540.,3,6,9
WBGene00018541.,7,51,58
WBGene00018542.,3,161,164
WBGene00018543.,7,37,44
WBGene00018544.,0,22,22
WBGene00018545.,2,6,8
WBGene00018547.,151,175,326
WBGene00018548.,1,10,11
WBGene00018549.,1,4,5
WBGene00018550.,2,11,13
WBGene00018551.,11,27,38
WBGene00018552.,5,29,34
WBGene00018553.,2,0,2
WBGene00018554.,0,0,0
WBGene00018555.,3,1,4
WBGene00018556.,0,0,0
WBGene00018557.,0,0,0
WBGene00018558.,5,20,25
WBGene00018559.,1,0,1
WBGene00018560.,49,714,763
WBGene00018561.,10,169,179
WBGene00018562.,169,1647,1816
WBGene00018563.,10,13,23
WBGene00018564.,880,2744,3624
WBGene00018565.,23,299,322
WBGene00018566.,12,114,126
WBGene00018567.,2,2,4
WBGene00018568.,1,39,40
WBGene00018569.,158,541,699
WBGene00018571.,29,59,88
WBGene00018572.,1209,5586,6795
WBGene00018573.,5,3,8
WBGene00018575.,1,8,9
WBGene00018576.,45,283,328
WBGene00018577.,29,194,223
WBGene00018578.,17,343,360
WBGene00018579.,736,5281,6017
WBGene00018580.,7,3,10
WBGene00018582.,577,523,1100
WBGene00018585.,102,667,769
WBGene00018586.,150,967,1117
WBGene00018587.,28,123,151
WBGene00018589.,532,73,605
WBGene00018590.,24,2590,2614
WBGene00018591.,2,34,36
WBGene00018593.,43,1229,1272
WBGene00018594.,49,564,613
WBGene00018595.,8,187,195
WBGene00018596.,8,5,13
WBGene00018598.,22,233,255
WBGene00018599.,126,3940,4066
WBGene00018600.,7,21,28
WBGene00018601.,0,1,1
WBGene00018602.,41,1691,1732
WBGene00018603.,24,82,106
WBGene00018604.,147,4847,4994
WBGene00018605.,3,25,28
WBGene00018606.,6,102,108
WBGene00018607.,549,2078,2627
WBGene00018608.,398,772,1170
WBGene00018609.,194,2976,3170
WBGene00018610.,34,1598,1632
WBGene00018611.,196,872,1068
WBGene00018612.,94,1506,1600
WBGene00018613.,11,539,550
WBGene00018614.,1,55,56
WBGene00018615.,17,321,338
WBGene00018616.,0,3,3
WBGene00018617.,3,0,3
WBGene00018618.,0,1,1
WBGene00018619.,0,11,11
WBGene00018620.,3,13,16
WBGene00018621.,0,141,141
WBGene00018622.,52,326,378
WBGene00018623.,3,12,15
WBGene00018624.,4,12,16
WBGene00018625.,60,2715,2775
WBGene00018626.,7,30,37
WBGene00018627.,1,1,2
WBGene00018628.,36,2,38
WBGene00018630.,29,39,68
WBGene00018631.,1,0,1
WBGene00018632.,22,983,1005
WBGene00018634.,230,1672,1902
WBGene00018635.,46,897,943
WBGene00018636.,99,764,863
WBGene00018637.,27,973,1000
WBGene00018638.,23,1088,1111
WBGene00018639.,72,499,571
WBGene00018640.,13,181,194
WBGene00018641.,24,269,293
WBGene00018643.,0,0,0
WBGene00018644.,0,2,2
WBGene00018645.,0,9,9
WBGene00018646.,2,7,9
WBGene00018647.,1,16,17
WBGene00018648.,17,33,50
WBGene00018649.,0,1,1
WBGene00018650.,1,8,9
WBGene00018651.,0,0,0
WBGene00018652.,0,0,0
WBGene00018653.,8,36,44
WBGene00018654.,54,955,1009
WBGene00018655.,63,986,1049
WBGene00018656.,589,9044,9633
WBGene00018657.,249,2371,2620
WBGene00018658.,9,16,25
WBGene00018659.,3,223,226
WBGene00018660.,0,33,33
WBGene00018661.,0,20,20
WBGene00018662.,0,1,1
WBGene00018663.,0,1,1
WBGene00018664.,5,45,50
WBGene00018665.,7,117,124
WBGene00018666.,1,20,21
WBGene00018667.,6,163,169
WBGene00018668.,9,141,150
WBGene00018669.,14,82,96
WBGene00018670.,0,15,15
WBGene00018671.,0,6,6
WBGene00018672.,199,943,1142
WBGene00018674.,419,3269,3688
WBGene00018675.,48,209,257
WBGene00018678.,80,904,984
WBGene00018679.,512,2799,3311
WBGene00018680.,88,248,336
WBGene00018681.,521,1708,2229
WBGene00018682.,84,1856,1940
WBGene00018683.,28,113,141
WBGene00018684.,0,0,0
WBGene00018687.,3,30,33
WBGene00018688.,1,47,48
WBGene00018689.,26,178,204
WBGene00018690.,14,12,26
WBGene00018691.,2,5,7
WBGene00018692.,220,9664,9884
WBGene00018693.,11,6,17
WBGene00018694.,12,15,27
WBGene00018696.,100,832,932
WBGene00018697.,61,732,793
WBGene00018698.,8,148,156
WBGene00018699.,0,0,0
WBGene00018700.,1081,4287,5368
WBGene00018701.,607,43288,43895
WBGene00018702.,19,1590,1609
WBGene00018703.,43,1041,1084
WBGene00018704.,25,865,890
WBGene00018706.,7,205,212
WBGene00018707.,5,20,25
WBGene00018708.,0,3,3
WBGene00018709.,1,12,13
WBGene00018710.,824,8389,9213
WBGene00018711.,133,246,379
WBGene00018712.,75,172,247
WBGene00018713.,8,14,22
WBGene00018714.,48,1418,1466
WBGene00018715.,17,298,315
WBGene00018716.,138,450,588
WBGene00018717.,34,645,679
WBGene00018718.,26,130,156
WBGene00018719.,255,1915,2170
WBGene00018720.,451,4447,4898
WBGene00018721.,114,556,670
WBGene00018723.,147,645,792
WBGene00018724.,0,260,260
WBGene00018725.,0,160,160
WBGene00018726.,1,23,24
WBGene00018727.,112,663,775
WBGene00018728.,64,152,216
WBGene00018729.,0,563,563
WBGene00018730.,0,1095,1095
WBGene00018731.,0,989,989
WBGene00018732.,0,903,903
WBGene00018734.,1661,3690,5351
WBGene00018735.,24,410,434
WBGene00018736.,5,212,217
WBGene00018738.,61,322,383
WBGene00018739.,156,1925,2081
WBGene00018740.,292,1477,1769
WBGene00018741.,46,133,179
WBGene00018742.,32,95,127
WBGene00018743.,179,3236,3415
WBGene00018744.,2,2521,2523
WBGene00018745.,9,32,41
WBGene00018746.,9,76,85
WBGene00018747.,59,335,394
WBGene00018748.,42,535,577
WBGene00018749.,0,0,0
WBGene00018750.,260,1220,1480
WBGene00018751.,2,3,5
WBGene00018752.,16,38,54
WBGene00018754.,13,37,50
WBGene00018755.,20,126,146
WBGene00018756.,875,5218,6093
WBGene00018757.,166,1802,1968
WBGene00018758.,160,1421,1581
WBGene00018759.,0,0,0
WBGene00018760.,25,93,118
WBGene00018761.,341,53,394
WBGene00018762.,352,5611,5963
WBGene00018763.,131,4841,4972
WBGene00018764.,10,10852,10862
WBGene00018765.,1606,8402,10008
WBGene00018766.,93,170,263
WBGene00018767.,0,10,10
WBGene00018768.,0,2,2
WBGene00018769.,109,5592,5701
WBGene00018771.,13,28,41
WBGene00018772.,107,307,414
WBGene00018773.,9,42,51
WBGene00018774.,42,123,165
WBGene00018776.,433,5935,6368
WBGene00018777.,229,815,1044
WBGene00018778.,788,7952,8740
WBGene00018779.,13,63,76
WBGene00018781.,274,1238,1512
WBGene00018782.,998,11432,12430
WBGene00018783.,7,77,84
WBGene00018784.,463,11819,12282
WBGene00018785.,227,1285,1512
WBGene00018786.,4,766,770
WBGene00018787.,57,712,769
WBGene00018788.,225,660,885
WBGene00018789.,54,352,406
WBGene00018791.,89,383,472
WBGene00018792.,9,5,14
WBGene00018793.,724,5090,5814
WBGene00018794.,279,606,885
WBGene00018795.,74,1043,1117
WBGene00018797.,397,2114,2511
WBGene00018798.,92,318,410
WBGene00018802.,105,4667,4772
WBGene00018803.,27,1463,1490
WBGene00018804.,16,607,623
WBGene00018805.,2,12,14
WBGene00018806.,3,219,222
WBGene00018807.,9,100,109
WBGene00018808.,0,2,2
WBGene00018809.,2,39,41
WBGene00018810.,2,2,4
WBGene00018811.,1320,16641,17961
WBGene00018812.,238,1938,2176
WBGene00018813.,0,25,25
WBGene00018814.,52,1242,1294
WBGene00018815.,0,4,4
WBGene00018816.,0,3,3
WBGene00018819.,567,5650,6217
WBGene00018820.,10,16,26
WBGene00018821.,5,2,7
WBGene00018822.,1,1,2
WBGene00018823.,7,368,375
WBGene00018824.,0,0,0
WBGene00018825.,2,10,12
WBGene00018826.,0,1,1
WBGene00018827.,54,1344,1398
WBGene00018828.,0,467,467
WBGene00018829.,11,17,28
WBGene00018830.,58,1312,1370
WBGene00018831.,74,1271,1345
WBGene00018833.,253,861,1114
WBGene00018834.,0,1,1
WBGene00018835.,81,730,811
WBGene00018836.,94,1014,1108
WBGene00018837.,1223,1412,2635
WBGene00018838.,0,0,0
WBGene00018839.,2,162,164
WBGene00018840.,1,4,5
WBGene00018841.,0,1,1
WBGene00018842.,0,20,20
WBGene00018844.,0,9,9
WBGene00018845.,29,292,321
WBGene00018846.,21609,311829,333438
WBGene00018847.,206,2292,2498
WBGene00018848.,93,716,809
WBGene00018849.,56,6825,6881
WBGene00018850.,33,66,99
WBGene00018851.,4,13,17
WBGene00018852.,4,70,74
WBGene00018853.,163,3119,3282
WBGene00018854.,82,3154,3236
WBGene00018855.,10,145,155
WBGene00018856.,17,19,36
WBGene00018857.,203,3226,3429
WBGene00018859.,27,150,177
WBGene00018860.,177,608,785
WBGene00018861.,42,234,276
WBGene00018862.,29,350,379
WBGene00018863.,16,854,870
WBGene00018864.,174,1617,1791
WBGene00018865.,0,1,1
WBGene00018866.,250,3649,3899
WBGene00018867.,42,202,244
WBGene00018868.,55,33,88
WBGene00018869.,305,4285,4590
WBGene00018870.,1,42,43
WBGene00018871.,13,757,770
WBGene00018872.,373,3336,3709
WBGene00018873.,7,72,79
WBGene00018874.,9,16,25
WBGene00018875.,0,0,0
WBGene00018877.,262,3642,3904
WBGene00018878.,7,842,849
WBGene00018879.,55,323,378
WBGene00018880.,21,42,63
WBGene00018881.,0,6,6
WBGene00018882.,0,3,3
WBGene00018883.,0,8,8
WBGene00018884.,5,0,5
WBGene00018885.,1,38,39
WBGene00018886.,0,423,423
WBGene00018888.,4,3,7
WBGene00018890.,263,3571,3834
WBGene00018891.,320,4215,4535
WBGene00018892.,96,4220,4316
WBGene00018893.,435,5717,6152
WBGene00018894.,7,1581,1588
WBGene00018895.,1,1,2
WBGene00018896.,10,44,54
WBGene00018897.,51,837,888
WBGene00018898.,497,8380,8877
WBGene00018899.,7,74,81
WBGene00018900.,64,1669,1733
WBGene00018901.,2,47,49
WBGene00018902.,7,211,218
WBGene00018903.,7,141,148
WBGene00018904.,19,1816,1835
WBGene00018906.,26,37,63
WBGene00018907.,73,152,225
WBGene00018908.,47,322,369
WBGene00018909.,110,456,566
WBGene00018910.,0,0,0
WBGene00018911.,0,0,0
WBGene00018912.,0,0,0
WBGene00018913.,0,0,0
WBGene00018914.,0,0,0
WBGene00018915.,0,0,0
WBGene00018917.,0,0,0
WBGene00018918.,0,1,1
WBGene00018919.,0,0,0
WBGene00018920.,0,0,0
WBGene00018921.,0,11,11
WBGene00018923.,174,673,847
WBGene00018924.,30,87,117
WBGene00018925.,11,991,1002
WBGene00018926.,0,0,0
WBGene00018928.,105,720,825
WBGene00018929.,2,13,15
WBGene00018930.,1,5,6
WBGene00018931.,11,2,13
WBGene00018932.,169,5893,6062
WBGene00018933.,1,3,4
WBGene00018934.,68,6313,6381
WBGene00018935.,15,2036,2051
WBGene00018937.,47,495,542
WBGene00018938.,0,1,1
WBGene00018939.,0,27,27
WBGene00018940.,0,4,4
WBGene00018941.,0,14,14
WBGene00018942.,0,1,1
WBGene00018943.,1,1,2
WBGene00018944.,1,0,1
WBGene00018945.,8,146,154
WBGene00018946.,5,23,28
WBGene00018948.,8,149,157
WBGene00018949.,3,4,7
WBGene00018950.,23,412,435
WBGene00018951.,15,390,405
WBGene00018952.,19,134,153
WBGene00018953.,714,7743,8457
WBGene00018954.,91,597,688
WBGene00018955.,49,1249,1298
WBGene00018957.,104,1458,1562
WBGene00018958.,228,994,1222
WBGene00018959.,32,891,923
WBGene00018960.,42,1404,1446
WBGene00018961.,309,4058,4367
WBGene00018963.,1288,26815,28103
WBGene00018964.,34,442,476
WBGene00018965.,86,889,975
WBGene00018966.,34,220,254
WBGene00018967.,142,3087,3229
WBGene00018968.,5,21,26
WBGene00018969.,71,3037,3108
WBGene00018970.,1,0,1
WBGene00018971.,10,53,63
WBGene00018972.,0,0,0
WBGene00018973.,0,2,2
WBGene00018974.,274,1595,1869
WBGene00018975.,597,1993,2590
WBGene00018976.,278,341,619
WBGene00018978.,0,1,1
WBGene00018979.,2,0,2
WBGene00018980.,1,1,2
WBGene00018981.,1,0,1
WBGene00018982.,0,2,2
WBGene00018984.,12,95,107
WBGene00018985.,161,1604,1765
WBGene00018986.,60,1065,1125
WBGene00018987.,123,1056,1179
WBGene00018988.,11,160,171
WBGene00018989.,59,1157,1216
WBGene00018990.,56,324,380
WBGene00018991.,34,223,257
WBGene00018992.,4,5,9
WBGene00018993.,1,1,2
WBGene00018994.,0,0,0
WBGene00018995.,148,892,1040
WBGene00018996.,86,2392,2478
WBGene00018997.,11,47,58
WBGene00018998.,235,3198,3433
WBGene00018999.,4,22,26
WBGene00019001.,849,22017,22866
WBGene00019002.,44,361,405
WBGene00019003.,121,7810,7931
WBGene00019004.,54,1188,1242
WBGene00019005.,315,2859,3174
WBGene00019006.,272,2447,2719
WBGene00019007.,5583,15320,20903
WBGene00019008.,37,894,931
WBGene00019009.,60,391,451
WBGene00019010.,193,34,227
WBGene00019011.,206,1650,1856
WBGene00019012.,30,194,224
WBGene00019013.,6,280,286
WBGene00019014.,40,413,453
WBGene00019015.,1,5,6
WBGene00019016.,0,6,6
WBGene00019017.,9,715,724
WBGene00019018.,1094,3473,4567
WBGene00019019.,142,34,176
WBGene00019020.,0,108,108
WBGene00019021.,12,280,292
WBGene00019022.,24,99,123
WBGene00019023.,11,112,123
WBGene00019024.,0,4,4
WBGene00019025.,8,83,91
WBGene00019026.,0,0,0
WBGene00019027.,0,1,1
WBGene00019028.,7,4,11
WBGene00019029.,21,26,47
WBGene00019030.,117,566,683
WBGene00019032.,10,44,54
WBGene00019034.,0,1,1
WBGene00019035.,0,2,2
WBGene00019036.,5,3,8
WBGene00019037.,0,2,2
WBGene00019038.,1,1,2
WBGene00019039.,0,0,0
WBGene00019040.,0,1,1
WBGene00019041.,1,0,1
WBGene00019042.,0,0,0
WBGene00019043.,0,1,1
WBGene00019044.,0,1,1
WBGene00019045.,0,0,0
WBGene00019046.,2,17,19
WBGene00019047.,8,236,244
WBGene00019048.,38,412,450
WBGene00019049.,8,46,54
WBGene00019050.,0,0,0
WBGene00019051.,0,0,0
WBGene00019053.,0,4,4
WBGene00019054.,0,2,2
WBGene00019055.,36,591,627
WBGene00019057.,2,32,34
WBGene00019058.,3,8,11
WBGene00019059.,1,2,3
WBGene00019060.,30,180,210
WBGene00019061.,4803,85648,90451
WBGene00019062.,1,1,2
WBGene00019063.,0,6,6
WBGene00019064.,35,743,778
WBGene00019065.,0,0,0
WBGene00019066.,0,1,1
WBGene00019067.,22,78,100
WBGene00019068.,4,29,33
WBGene00019069.,156,504,660
WBGene00019070.,0,32,32
WBGene00019072.,0,0,0
WBGene00019073.,0,0,0
WBGene00019074.,263,2087,2350
WBGene00019075.,30,604,634
WBGene00019076.,149,3223,3372
WBGene00019077.,42,2158,2200
WBGene00019079.,152,2267,2419
WBGene00019080.,15,50,65
WBGene00019081.,12,6,18
WBGene00019082.,17,174,191
WBGene00019084.,2,20,22
WBGene00019085.,1,0,1
WBGene00019086.,3,1,4
WBGene00019087.,17,1693,1710
WBGene00019089.,7,1,8
WBGene00019090.,691,7677,8368
WBGene00019091.,4,8,12
WBGene00019092.,1185,18659,19844
WBGene00019094.,1,9,10
WBGene00019095.,7,175,182
WBGene00019096.,1,3,4
WBGene00019097.,8,236,244
WBGene00019098.,0,5,5
WBGene00019099.,1,1,2
WBGene00019100.,68,313,381
WBGene00019101.,3,34,37
WBGene00019102.,585,4248,4833
WBGene00019103.,33,74,107
WBGene00019104.,0,1,1
WBGene00019105.,2,104,106
WBGene00019106.,11,15,26
WBGene00019107.,5,5,10
WBGene00019108.,13,373,386
WBGene00019109.,244,726,970
WBGene00019111.,69,749,818
WBGene00019112.,8,6,14
WBGene00019113.,17,529,546
WBGene00019114.,20,291,311
WBGene00019115.,25,85,110
WBGene00019116.,27,494,521
WBGene00019117.,23,264,287
WBGene00019118.,25,1603,1628
WBGene00019119.,2,3,5
WBGene00019120.,70,2123,2193
WBGene00019121.,40,2487,2527
WBGene00019122.,286,18,304
WBGene00019123.,1,1,2
WBGene00019124.,249,3373,3622
WBGene00019125.,48,427,475
WBGene00019126.,13,73,86
WBGene00019127.,105,1113,1218
WBGene00019128.,171,326,497
WBGene00019129.,57,464,521
WBGene00019130.,84,536,620
WBGene00019131.,10,67,77
WBGene00019132.,21,45,66
WBGene00019133.,1,5,6
WBGene00019134.,7,62,69
WBGene00019135.,0,2,2
WBGene00019137.,1,0,1
WBGene00019138.,76,15,91
WBGene00019139.,5,75,80
WBGene00019140.,10,105,115
WBGene00019141.,16,282,298
WBGene00019142.,15,437,452
WBGene00019143.,61,907,968
WBGene00019144.,15,28,43
WBGene00019145.,1,2,3
WBGene00019146.,1,0,1
WBGene00019148.,47,808,855
WBGene00019149.,78,140,218
WBGene00019150.,0,1,1
WBGene00019151.,1,4,5
WBGene00019152.,7,85,92
WBGene00019153.,1,155,156
WBGene00019154.,27,970,997
WBGene00019155.,3,1,4
WBGene00019156.,51,927,978
WBGene00019157.,572,3160,3732
WBGene00019158.,83,2793,2876
WBGene00019159.,1,9,10
WBGene00019160.,682,68290,68972
WBGene00019162.,165,30458,30623
WBGene00019163.,12,2053,2065
WBGene00019164.,24,188,212
WBGene00019165.,1,1,2
WBGene00019166.,366,586,952
WBGene00019167.,279,1568,1847
WBGene00019168.,1897,18786,20683
WBGene00019169.,4,6,10
WBGene00019170.,417,4695,5112
WBGene00019171.,10,7,17
WBGene00019174.,11,166,177
WBGene00019176.,53,61,114
WBGene00019177.,14,245,259
WBGene00019178.,1,1,2
WBGene00019179.,0,0,0
WBGene00019180.,399,847,1246
WBGene00019181.,12,26,38
WBGene00019182.,15,139,154
WBGene00019183.,909,32,941
WBGene00019184.,44,450,494
WBGene00019185.,40,828,868
WBGene00019186.,1,2,3
WBGene00019187.,72,350,422
WBGene00019188.,155,1731,1886
WBGene00019189.,1,13,14
WBGene00019190.,72,0,72
WBGene00019192.,1,0,1
WBGene00019193.,1,0,1
WBGene00019194.,12,35,47
WBGene00019196.,28,2365,2393
WBGene00019197.,8,30,38
WBGene00019198.,115,564,679
WBGene00019199.,218,1591,1809
WBGene00019200.,67,534,601
WBGene00019202.,21,11,32
WBGene00019203.,780,12070,12850
WBGene00019204.,299,1697,1996
WBGene00019205.,2151,6430,8581
WBGene00019207.,588,8412,9000
WBGene00019208.,2,9,11
WBGene00019209.,344,4137,4481
WBGene00019211.,570,2315,2885
WBGene00019212.,121,2492,2613
WBGene00019213.,22,105,127
WBGene00019214.,3,5,8
WBGene00019215.,5,5,10
WBGene00019216.,2,7,9
WBGene00019217.,503,2595,3098
WBGene00019218.,163,674,837
WBGene00019219.,130,1628,1758
WBGene00019220.,114,5497,5611
WBGene00019221.,19,598,617
WBGene00019222.,8,9,17
WBGene00019224.,27,168,195
WBGene00019225.,7,27,34
WBGene00019226.,1,136,137
WBGene00019227.,269,3860,4129
WBGene00019228.,2,188,190
WBGene00019229.,2,8,10
WBGene00019230.,51,107,158
WBGene00019231.,30,119,149
WBGene00019232.,553,1150,1703
WBGene00019233.,13,28,41
WBGene00019234.,43,713,756
WBGene00019235.,17,39,56
WBGene00019236.,24,110,134
WBGene00019237.,382,2713,3095
WBGene00019239.,42,12,54
WBGene00019240.,249,4180,4429
WBGene00019241.,395,1842,2237
WBGene00019242.,80,14,94
WBGene00019243.,6,1299,1305
WBGene00019244.,56,377,433
WBGene00019245.,213,1864,2077
WBGene00019246.,674,6413,7087
WBGene00019247.,12,201,213
WBGene00019248.,426,622,1048
WBGene00019249.,809,16340,17149
WBGene00019250.,946,5804,6750
WBGene00019251.,28,5,33
WBGene00019253.,1,9,10
WBGene00019254.,4,49,53
WBGene00019255.,13,25,38
WBGene00019257.,1,2,3
WBGene00019259.,89,3065,3154
WBGene00019260.,1,2,3
WBGene00019261.,1,88,89
WBGene00019262.,2,1,3
WBGene00019263.,125,1013,1138
WBGene00019264.,163,1587,1750
WBGene00019265.,5,445,450
WBGene00019266.,8,66,74
WBGene00019267.,1,2,3
WBGene00019268.,72,656,728
WBGene00019269.,16,24,40
WBGene00019270.,189,399,588
WBGene00019272.,131,724,855
WBGene00019273.,3,25,28
WBGene00019274.,371,891,1262
WBGene00019275.,324,2052,2376
WBGene00019276.,174,2116,2290
WBGene00019277.,262,4221,4483
WBGene00019278.,212,1015,1227
WBGene00019279.,2622,1960,4582
WBGene00019280.,104,1381,1485
WBGene00019281.,0,9,9
WBGene00019282.,1120,16141,17261
WBGene00019283.,0,0,0
WBGene00019284.,97,2166,2263
WBGene00019285.,66,445,511
WBGene00019286.,150,135,285
WBGene00019287.,17,34,51
WBGene00019288.,0,0,0
WBGene00019289.,197,1893,2090
WBGene00019290.,5,202,207
WBGene00019292.,1,1,2
WBGene00019293.,2,277,279
WBGene00019294.,593,3595,4188
WBGene00019295.,329,3470,3799
WBGene00019296.,49,3376,3425
WBGene00019297.,2,13,15
WBGene00019298.,73,858,931
WBGene00019299.,74,1120,1194
WBGene00019300.,51,804,855
WBGene00019301.,668,9956,10624
WBGene00019302.,2,2,4
WBGene00019303.,104,29,133
WBGene00019304.,30,440,470
WBGene00019305.,115,3311,3426
WBGene00019306.,8,117,125
WBGene00019309.,4,1,5
WBGene00019310.,2,98,100
WBGene00019311.,74,1539,1613
WBGene00019312.,0,5,5
WBGene00019313.,0,7,7
WBGene00019314.,2,26,28
WBGene00019315.,156,2438,2594
WBGene00019316.,0,115,115
WBGene00019317.,67,658,725
WBGene00019318.,216,253,469
WBGene00019319.,40,317,357
WBGene00019320.,19,88,107
WBGene00019321.,67,539,606
WBGene00019322.,238,73557,73795
WBGene00019323.,1045,5102,6147
WBGene00019324.,447,11791,12238
WBGene00019326.,238,5024,5262
WBGene00019327.,1527,16122,17649
WBGene00019328.,404,5866,6270
WBGene00019329.,231,871,1102
WBGene00019331.,98,167,265
WBGene00019332.,1897,22591,24488
WBGene00019333.,506,5676,6182
WBGene00019334.,23,1834,1857
WBGene00019335.,0,56,56
WBGene00019337.,3,2,5
WBGene00019338.,3,1,4
WBGene00019339.,0,37,37
WBGene00019340.,0,1,1
WBGene00019341.,15,1,16
WBGene00019342.,0,30,30
WBGene00019343.,42,65,107
WBGene00019344.,58,617,675
WBGene00019345.,48,287,335
WBGene00019346.,22,355,377
WBGene00019347.,631,1839,2470
WBGene00019348.,1,18,19
WBGene00019349.,0,2,2
WBGene00019350.,2,5,7
WBGene00019351.,39,1182,1221
WBGene00019352.,62,476,538
WBGene00019353.,63,1687,1750
WBGene00019354.,60,1719,1779
WBGene00019355.,167,1826,1993
WBGene00019356.,1,2,3
WBGene00019357.,191,12659,12850
WBGene00019360.,51,121,172
WBGene00019361.,170,2645,2815
WBGene00019362.,139,503,642
WBGene00019364.,23,472,495
WBGene00019365.,230,2813,3043
WBGene00019367.,4,31,35
WBGene00019368.,23,102,125
WBGene00019369.,13,11,24
WBGene00019370.,81,264,345
WBGene00019371.,1,0,1
WBGene00019372.,3,46,49
WBGene00019373.,59,564,623
WBGene00019374.,21,176,197
WBGene00019376.,0,8,8
WBGene00019379.,2,28,30
WBGene00019380.,600,5769,6369
WBGene00019381.,76,14640,14716
WBGene00019382.,11,55,66
WBGene00019383.,2,1,3
WBGene00019384.,0,0,0
WBGene00019385.,4,7,11
WBGene00019386.,1,5,6
WBGene00019387.,0,3,3
WBGene00019388.,7,80,87
WBGene00019389.,6,13,19
WBGene00019390.,0,1,1
WBGene00019391.,5,16,21
WBGene00019392.,2,2,4
WBGene00019393.,15,18,33
WBGene00019394.,181,487,668
WBGene00019395.,36,171,207
WBGene00019396.,81,1402,1483
WBGene00019399.,57,2759,2816
WBGene00019400.,210,2070,2280
WBGene00019401.,183,13747,13930
WBGene00019402.,159,5650,5809
WBGene00019403.,160,1160,1320
WBGene00019404.,2,21,23
WBGene00019405.,5,30,35
WBGene00019406.,6,36,42
WBGene00019407.,325,1782,2107
WBGene00019408.,66,1274,1340
WBGene00019409.,0,0,0
WBGene00019410.,0,3,3
WBGene00019411.,7,417,424
WBGene00019412.,0,0,0
WBGene00019413.,0,2,2
WBGene00019414.,0,0,0
WBGene00019415.,3,4,7
WBGene00019416.,0,6,6
WBGene00019417.,0,1,1
WBGene00019418.,0,1,1
WBGene00019419.,0,0,0
WBGene00019420.,0,0,0
WBGene00019421.,0,4,4
WBGene00019422.,0,3,3
WBGene00019423.,43,2,45
WBGene00019424.,6,151,157
WBGene00019425.,3,10,13
WBGene00019426.,4,322,326
WBGene00019427.,56,1426,1482
WBGene00019428.,380,941,1321
WBGene00019429.,54,995,1049
WBGene00019430.,0,9,9
WBGene00019431.,12,27,39
WBGene00019432.,146,4794,4940
WBGene00019433.,181,12480,12661
WBGene00019434.,430,786,1216
WBGene00019435.,12,98,110
WBGene00019436.,108,830,938
WBGene00019437.,296,3404,3700
WBGene00019438.,0,0,0
WBGene00019439.,283,2,285
WBGene00019441.,44,94,138
WBGene00019442.,0,0,0
WBGene00019444.,23,63,86
WBGene00019445.,37,104,141
WBGene00019448.,41,354,395
WBGene00019449.,0,1,1
WBGene00019450.,2,0,2
WBGene00019451.,0,1,1
WBGene00019452.,1,0,1
WBGene00019453.,4,0,4
WBGene00019454.,0,0,0
WBGene00019455.,15,100,115
WBGene00019456.,83,592,675
WBGene00019457.,247,2332,2579
WBGene00019458.,53,679,732
WBGene00019459.,2,7,9
WBGene00019460.,76,1241,1317
WBGene00019461.,39,29,68
WBGene00019462.,403,197,600
WBGene00019464.,12,744,756
WBGene00019465.,833,5149,5982
WBGene00019466.,1046,41257,42303
WBGene00019467.,20,2211,2231
WBGene00019469.,4,8,12
WBGene00019470.,0,0,0
WBGene00019471.,1,0,1
WBGene00019472.,2,8,10
WBGene00019473.,6,7,13
WBGene00019476.,34,616,650
WBGene00019477.,17,139,156
WBGene00019478.,1215,11041,12256
WBGene00019479.,248,2255,2503
WBGene00019480.,113,1405,1518
WBGene00019481.,164,5046,5210
WBGene00019482.,76,1099,1175
WBGene00019483.,2,13,15
WBGene00019484.,3,413,416
WBGene00019485.,118,410,528
WBGene00019486.,5,23,28
WBGene00019487.,59,563,622
WBGene00019488.,151,3363,3514
WBGene00019489.,27,905,932
WBGene00019490.,40,2071,2111
WBGene00019491.,40,970,1010
WBGene00019492.,1244,5343,6587
WBGene00019493.,26,192,218
WBGene00019494.,0,40,40
WBGene00019495.,37,652,689
WBGene00019496.,15,102,117
WBGene00019497.,88,1643,1731
WBGene00019498.,130,1168,1298
WBGene00019501.,1,2,3
WBGene00019502.,0,1,1
WBGene00019503.,64,657,721
WBGene00019504.,27,2333,2360
WBGene00019506.,8,28,36
WBGene00019507.,3,0,3
WBGene00019508.,15,62,77
WBGene00019509.,7,162,169
WBGene00019510.,1010,56795,57805
WBGene00019511.,192,3271,3463
WBGene00019512.,10,26,36
WBGene00019513.,38,1054,1092
WBGene00019514.,2,6,8
WBGene00019515.,8,99,107
WBGene00019516.,17,97,114
WBGene00019517.,6,14,20
WBGene00019518.,29,117,146
WBGene00019519.,158,753,911
WBGene00019520.,3,391,394
WBGene00019521.,194,3737,3931
WBGene00019522.,124,880,1004
WBGene00019524.,2,3,5
WBGene00019525.,191,1801,1992
WBGene00019526.,10,2,12
WBGene00019527.,1,7,8
WBGene00019529.,0,0,0
WBGene00019530.,0,1,1
WBGene00019531.,3,0,3
WBGene00019532.,7,3,10
WBGene00019533.,2,2,4
WBGene00019534.,2,0,2
WBGene00019535.,23,267,290
WBGene00019536.,148,185,333
WBGene00019537.,36,73495,73531
WBGene00019538.,45,494,539
WBGene00019540.,180,7416,7596
WBGene00019541.,7,133,140
WBGene00019543.,679,7876,8555
WBGene00019544.,80,2234,2314
WBGene00019545.,65,495,560
WBGene00019546.,103,896,999
WBGene00019547.,2,5,7
WBGene00019548.,3,0,3
WBGene00019549.,2,0,2
WBGene00019550.,3,16,19
WBGene00019552.,4,118,122
WBGene00019553.,4,34,38
WBGene00019554.,50,614,664
WBGene00019556.,1,11,12
WBGene00019557.,2,4,6
WBGene00019558.,2,0,2
WBGene00019559.,0,0,0
WBGene00019560.,0,0,0
WBGene00019561.,1,4,5
WBGene00019562.,1,1,2
WBGene00019563.,7,58,65
WBGene00019564.,60,519,579
WBGene00019565.,1,7,8
WBGene00019566.,0,0,0
WBGene00019567.,0,2,2
WBGene00019568.,3,2,5
WBGene00019569.,1,8,9
WBGene00019570.,28,97,125
WBGene00019571.,79,51,130
WBGene00019572.,0,63,63
WBGene00019574.,0,2,2
WBGene00019575.,8,13,21
WBGene00019576.,0,32,32
WBGene00019577.,4,84,88
WBGene00019578.,0,1,1
WBGene00019579.,5,20,25
WBGene00019580.,1,9,10
WBGene00019582.,1,15,16
WBGene00019583.,0,0,0
WBGene00019584.,4,10,14
WBGene00019586.,19,26,45
WBGene00019587.,0,5,5
WBGene00019588.,0,11,11
WBGene00019589.,24,23,47
WBGene00019590.,0,1,1
WBGene00019591.,0,1,1
WBGene00019592.,0,136,136
WBGene00019593.,2,406,408
WBGene00019594.,12,3,15
WBGene00019595.,30,639,669
WBGene00019597.,47,556,603
WBGene00019598.,229,118,347
WBGene00019599.,41,243,284
WBGene00019600.,11,143,154
WBGene00019601.,4,25,29
WBGene00019603.,26,407,433
WBGene00019604.,0,0,0
WBGene00019605.,24,101,125
WBGene00019606.,0,35,35
WBGene00019607.,1056,9208,10264
WBGene00019608.,12,434,446
WBGene00019609.,452,2665,3117
WBGene00019611.,26,877,903
WBGene00019612.,244,1638,1882
WBGene00019613.,7,5,12
WBGene00019614.,1,3,4
WBGene00019615.,106,641,747
WBGene00019616.,17,141,158
WBGene00019617.,29,400,429
WBGene00019618.,15,33,48
WBGene00019619.,25,254,279
WBGene00019620.,74,4868,4942
WBGene00019621.,0,0,0
WBGene00019622.,1,1,2
WBGene00019623.,78,716,794
WBGene00019624.,555,4934,5489
WBGene00019625.,15,8,23
WBGene00019626.,3,2,5
WBGene00019627.,158,1360,1518
WBGene00019628.,60,2426,2486
WBGene00019629.,49,1544,1593
WBGene00019630.,69,631,700
WBGene00019631.,95,2056,2151
WBGene00019633.,195,946,1141
WBGene00019636.,20,171,191
WBGene00019638.,3,2,5
WBGene00019639.,0,12,12
WBGene00019640.,24,34,58
WBGene00019641.,64,361,425
WBGene00019642.,26,98,124
WBGene00019643.,19,573,592
WBGene00019644.,25,74,99
WBGene00019645.,163,2533,2696
WBGene00019646.,1,6,7
WBGene00019647.,85,2198,2283
WBGene00019648.,2,35,37
WBGene00019649.,16,165,181
WBGene00019650.,251,1461,1712
WBGene00019651.,176,1218,1394
WBGene00019652.,33,646,679
WBGene00019653.,2,6,8
WBGene00019654.,4,28,32
WBGene00019655.,15,190,205
WBGene00019656.,53,2762,2815
WBGene00019657.,85,1180,1265
WBGene00019658.,250,3411,3661
WBGene00019659.,4,5,9
WBGene00019660.,0,57,57
WBGene00019661.,3,61,64
WBGene00019662.,7,14,21
WBGene00019663.,68,2390,2458
WBGene00019664.,432,4785,5217
WBGene00019665.,21,210,231
WBGene00019666.,21,883,904
WBGene00019667.,5,10,15
WBGene00019668.,5,4,9
WBGene00019669.,15,103,118
WBGene00019672.,0,1,1
WBGene00019673.,68,1100,1168
WBGene00019674.,6,24,30
WBGene00019675.,0,1,1
WBGene00019676.,2,4,6
WBGene00019677.,125,612,737
WBGene00019678.,603,4387,4990
WBGene00019679.,363,5670,6033
WBGene00019680.,0,28654,28654
WBGene00019681.,0,5,5
WBGene00019682.,36,393,429
WBGene00019683.,444,93,537
WBGene00019684.,3,7,10
WBGene00019685.,2,4,6
WBGene00019686.,304,2716,3020
WBGene00019687.,1,2,3
WBGene00019688.,12,4,16
WBGene00019689.,8,26,34
WBGene00019690.,2,11,13
WBGene00019691.,34,86,120
WBGene00019692.,33,241,274
WBGene00019693.,61,6610,6671
WBGene00019697.,683,1994,2677
WBGene00019698.,538,7658,8196
WBGene00019699.,1,7,8
WBGene00019700.,1,0,1
WBGene00019702.,0,0,0
WBGene00019703.,1,2,3
WBGene00019704.,0,4,4
WBGene00019705.,0,20,20
WBGene00019706.,7,1,8
WBGene00019709.,0,0,0
WBGene00019710.,5,641,646
WBGene00019711.,196,3251,3447
WBGene00019712.,13,242,255
WBGene00019713.,65,464,529
WBGene00019714.,0,0,0
WBGene00019715.,178,1170,1348
WBGene00019716.,419,2657,3076
WBGene00019717.,39,107,146
WBGene00019718.,4,23,27
WBGene00019719.,3461,15055,18516
WBGene00019720.,108,886,994
WBGene00019721.,10,6,16
WBGene00019722.,2,14,16
WBGene00019723.,1,109,110
WBGene00019724.,165,809,974
WBGene00019725.,27,491,518
WBGene00019726.,508,515,1023
WBGene00019727.,836,41947,42783
WBGene00019728.,0,5,5
WBGene00019729.,50,689,739
WBGene00019730.,48,972,1020
WBGene00019731.,44,43,87
WBGene00019732.,1,1142,1143
WBGene00019733.,499,2160,2659
WBGene00019734.,223,2730,2953
WBGene00019735.,4,10,14
WBGene00019736.,9,14,23
WBGene00019738.,7,87,94
WBGene00019739.,8,21,29
WBGene00019740.,1,0,1
WBGene00019741.,25,733,758
WBGene00019742.,55,195,250
WBGene00019743.,51,401,452
WBGene00019744.,58,656,714
WBGene00019745.,1,9,10
WBGene00019746.,99,205,304
WBGene00019747.,483,2241,2724
WBGene00019748.,249,3279,3528
WBGene00019749.,102,701,803
WBGene00019750.,1349,1173,2522
WBGene00019751.,125,2167,2292
WBGene00019753.,50,407,457
WBGene00019754.,8,571,579
WBGene00019755.,0,0,0
WBGene00019756.,11,49,60
WBGene00019757.,204,935,1139
WBGene00019758.,0,0,0
WBGene00019759.,305,1441,1746
WBGene00019760.,217,49969,50186
WBGene00019761.,8,34,42
WBGene00019762.,595,4791,5386
WBGene00019763.,17,117,134
WBGene00019764.,63,749,812
WBGene00019765.,9,439,448
WBGene00019766.,150,634,784
WBGene00019767.,27,13974,14001
WBGene00019768.,45,799,844
WBGene00019769.,9,116,125
WBGene00019770.,997,8454,9451
WBGene00019771.,989,2716,3705
WBGene00019772.,427,5745,6172
WBGene00019773.,4,12,16
WBGene00019774.,287,530,817
WBGene00019776.,14,112,126
WBGene00019777.,42,229,271
WBGene00019778.,53,1031,1084
WBGene00019779.,25,113,138
WBGene00019780.,292,23239,23531
WBGene00019781.,180,1131,1311
WBGene00019782.,2,24,26
WBGene00019783.,5,3,8
WBGene00019784.,3,14,17
WBGene00019785.,5,21,26
WBGene00019786.,166,757,923
WBGene00019787.,149,816,965
WBGene00019788.,0,0,0
WBGene00019789.,0,777,777
WBGene00019791.,0,0,0
WBGene00019792.,43,218,261
WBGene00019793.,0,0,0
WBGene00019794.,1,0,1
WBGene00019795.,0,0,0
WBGene00019796.,2,5,7
WBGene00019797.,0,0,0
WBGene00019798.,0,0,0
WBGene00019799.,0,7,7
WBGene00019800.,26,8532,8558
WBGene00019801.,149,1286,1435
WBGene00019803.,4,39,43
WBGene00019804.,1,3,4
WBGene00019805.,36,298,334
WBGene00019806.,13,326,339
WBGene00019807.,111,877,988
WBGene00019808.,81,3157,3238
WBGene00019809.,0,0,0
WBGene00019810.,1,14,15
WBGene00019811.,3,56,59
WBGene00019812.,116,254,370
WBGene00019813.,55,2751,2806
WBGene00019814.,34,216,250
WBGene00019815.,0,2,2
WBGene00019816.,98,675,773
WBGene00019817.,40,311,351
WBGene00019818.,305,2160,2465
WBGene00019819.,137,4349,4486
WBGene00019820.,59,2066,2125
WBGene00019821.,132,1826,1958
WBGene00019822.,96,1197,1293
WBGene00019823.,161,3422,3583
WBGene00019824.,79,914,993
WBGene00019825.,68,558,626
WBGene00019826.,3,33,36
WBGene00019827.,160,1596,1756
WBGene00019828.,10,74,84
WBGene00019829.,21,824,845
WBGene00019830.,37,659,696
WBGene00019831.,299,20868,21167
WBGene00019832.,178,747,925
WBGene00019833.,3,34,37
WBGene00019834.,0,16,16
WBGene00019835.,0,0,0
WBGene00019836.,114,2031,2145
WBGene00019837.,30,204,234
WBGene00019838.,411,6193,6604
WBGene00019839.,1,894,895
WBGene00019840.,7,221,228
WBGene00019841.,115,2775,2890
WBGene00019842.,1371,986,2357
WBGene00019843.,94,1327,1421
WBGene00019844.,278,786,1064
WBGene00019845.,23,50,73
WBGene00019846.,7,57,64
WBGene00019847.,805,1334,2139
WBGene00019849.,7,59,66
WBGene00019850.,1,1,2
WBGene00019851.,2,11,13
WBGene00019853.,3,47,50
WBGene00019854.,28,267,295
WBGene00019855.,493,3244,3737
WBGene00019856.,4,0,4
WBGene00019857.,4,0,4
WBGene00019858.,20,251,271
WBGene00019859.,2,76,78
WBGene00019861.,11,37,48
WBGene00019862.,29,1221,1250
WBGene00019863.,333,886,1219
WBGene00019864.,69,737,806
WBGene00019865.,12,135,147
WBGene00019866.,17,101,118
WBGene00019867.,106,1180,1286
WBGene00019868.,61,915,976
WBGene00019869.,7,19,26
WBGene00019870.,17,118,135
WBGene00019871.,27,1314,1341
WBGene00019872.,310,408,718
WBGene00019873.,84,718,802
WBGene00019874.,8,63,71
WBGene00019875.,109,2320,2429
WBGene00019877.,40,2199,2239
WBGene00019878.,22,214,236
WBGene00019879.,0,1,1
WBGene00019880.,0,0,0
WBGene00019881.,108,1285,1393
WBGene00019882.,362,2835,3197
WBGene00019883.,116,2518,2634
WBGene00019884.,118,1126,1244
WBGene00019885.,84,768,852
WBGene00019886.,0,1,1
WBGene00019887.,34,24,58
WBGene00019888.,339,4486,4825
WBGene00019890.,54,9439,9493
WBGene00019891.,10,13,23
WBGene00019892.,53,1214,1267
WBGene00019893.,154,16706,16860
WBGene00019894.,27,120,147
WBGene00019895.,209,2024,2233
WBGene00019896.,54,175,229
WBGene00019898.,191,1818,2009
WBGene00019899.,261,740,1001
WBGene00019900.,845,94618,95463
WBGene00019901.,11,241,252
WBGene00019902.,329,894,1223
WBGene00019903.,0,4,4
WBGene00019904.,187,2732,2919
WBGene00019905.,1,13,14
WBGene00019906.,7,36,43
WBGene00019907.,34,425,459
WBGene00019908.,669,4160,4829
WBGene00019909.,125,100,225
WBGene00019911.,112,1681,1793
WBGene00019912.,2,5,7
WBGene00019913.,13,9,22
WBGene00019914.,34,94,128
WBGene00019915.,109,1033,1142
WBGene00019916.,0,0,0
WBGene00019917.,1,20,21
WBGene00019918.,22,255,277
WBGene00019919.,0,1,1
WBGene00019920.,2,0,2
WBGene00019921.,0,9,9
WBGene00019922.,4,27,31
WBGene00019923.,0,8,8
WBGene00019924.,43,464,507
WBGene00019925.,2,4,6
WBGene00019926.,1,8,9
WBGene00019927.,2,20,22
WBGene00019928.,4,10,14
WBGene00019929.,5,6,11
WBGene00019930.,0,1,1
WBGene00019931.,0,0,0
WBGene00019932.,3,9,12
WBGene00019933.,0,3,3
WBGene00019934.,0,2,2
WBGene00019935.,55,159,214
WBGene00019937.,0,13578,13578
WBGene00019938.,103,802,905
WBGene00019939.,14,40,54
WBGene00019940.,335,6911,7246
WBGene00019941.,184,7009,7193
WBGene00019943.,133,1266,1399
WBGene00019944.,82,2925,3007
WBGene00019945.,0,0,0
WBGene00019946.,133,3219,3352
WBGene00019947.,27,30184,30211
WBGene00019948.,26,133,159
WBGene00019949.,1,5,6
WBGene00019950.,7,9,16
WBGene00019951.,4,36,40
WBGene00019952.,1,632,633
WBGene00019953.,224,4615,4839
WBGene00019954.,0,2,2
WBGene00019955.,439,1351,1790
WBGene00019956.,0,28,28
WBGene00019957.,8,103,111
WBGene00019959.,98,779,877
WBGene00019960.,106,827,933
WBGene00019961.,2,25,27
WBGene00019962.,50,615,665
WBGene00019963.,33,1021,1054
WBGene00019964.,12,65,77
WBGene00019965.,27,118,145
WBGene00019966.,7,26,33
WBGene00019967.,51,999,1050
WBGene00019968.,28,968,996
WBGene00019969.,1,1,2
WBGene00019970.,3,107,110
WBGene00019971.,90,2224,2314
WBGene00019972.,5,32,37
WBGene00019973.,8,39,47
WBGene00019975.,130,986,1116
WBGene00019976.,0,5,5
WBGene00019977.,9,33,42
WBGene00019978.,4,70,74
WBGene00019979.,21,178,199
WBGene00019980.,6,5,11
WBGene00019981.,16,3,19
WBGene00019982.,18,10,28
WBGene00019983.,125,8120,8245
WBGene00019986.,7,78,85
WBGene00019987.,19,650,669
WBGene00019988.,15,2092,2107
WBGene00019989.,2,29,31
WBGene00019991.,0,0,0
WBGene00019992.,0,0,0
WBGene00019993.,40,2260,2300
WBGene00019994.,252,665,917
WBGene00019995.,32,213,245
WBGene00019996.,5,7,12
WBGene00019997.,18,37,55
WBGene00019998.,645,5948,6593
WBGene00019999.,41,157,198
WBGene00020003.,25,27,52
WBGene00020004.,1,6,7
WBGene00020006.,302,1057,1359
WBGene00020007.,97,5308,5405
WBGene00020008.,37,279,316
WBGene00020010.,11,62,73
WBGene00020011.,90,709,799
WBGene00020012.,338,7128,7466
WBGene00020013.,0,2,2
WBGene00020014.,4,60,64
WBGene00020015.,1,13,14
WBGene00020016.,6,3,9
WBGene00020017.,19,211,230
WBGene00020018.,83,910,993
WBGene00020019.,9,6,15
WBGene00020020.,0,29,29
WBGene00020021.,1,13,14
WBGene00020022.,30,749,779
WBGene00020023.,57,520,577
WBGene00020025.,97,8175,8272
WBGene00020026.,262,2827,3089
WBGene00020027.,189,3934,4123
WBGene00020028.,37,568,605
WBGene00020029.,190,2653,2843
WBGene00020030.,38,677,715
WBGene00020031.,195,2108,2303
WBGene00020032.,2,9,11
WBGene00020033.,178,3515,3693
WBGene00020034.,20,135,155
WBGene00020035.,4,65,69
WBGene00020036.,302,4421,4723
WBGene00020037.,75,5782,5857
WBGene00020038.,253,5898,6151
WBGene00020039.,92,1528,1620
WBGene00020040.,111,684,795
WBGene00020041.,3,6,9
WBGene00020042.,1,0,1
WBGene00020043.,47,582,629
WBGene00020045.,48,489,537
WBGene00020046.,8,24,32
WBGene00020047.,37,269,306
WBGene00020048.,21,291,312
WBGene00020049.,7,969,976
WBGene00020050.,31,199,230
WBGene00020051.,83,1513,1596
WBGene00020052.,16,1031,1047
WBGene00020053.,0,18,18
WBGene00020054.,184,12986,13170
WBGene00020055.,1,7,8
WBGene00020056.,1,7,8
WBGene00020057.,4,4,8
WBGene00020058.,279,2270,2549
WBGene00020059.,10,2,12
WBGene00020060.,18,18,36
WBGene00020062.,24,1227,1251
WBGene00020063.,4,3,7
WBGene00020064.,186,1240,1426
WBGene00020065.,0,1,1
WBGene00020066.,2,2,4
WBGene00020067.,0,1,1
WBGene00020068.,583,8610,9193
WBGene00020069.,223,619,842
WBGene00020070.,0,0,0
WBGene00020071.,0,0,0
WBGene00020072.,0,0,0
WBGene00020073.,0,1,1
WBGene00020075.,0,14,14
WBGene00020076.,0,0,0
WBGene00020077.,1,0,1
WBGene00020078.,1,7,8
WBGene00020080.,10,1,11
WBGene00020081.,0,0,0
WBGene00020082.,501,2644,3145
WBGene00020083.,88,1054,1142
WBGene00020084.,1,8,9
WBGene00020086.,44,100,144
WBGene00020087.,40,110,150
WBGene00020088.,45,214,259
WBGene00020089.,861,3339,4200
WBGene00020090.,180,614,794
WBGene00020091.,11,222,233
WBGene00020092.,397,3252,3649
WBGene00020093.,85,488,573
WBGene00020094.,46,1135,1181
WBGene00020095.,38,869,907
WBGene00020096.,7,962,969
WBGene00020097.,1044,19350,20394
WBGene00020098.,29,378,407
WBGene00020099.,190,1246,1436
WBGene00020100.,88,451,539
WBGene00020101.,171,1452,1623
WBGene00020102.,432,2843,3275
WBGene00020103.,3,145,148
WBGene00020104.,78,1345,1423
WBGene00020105.,157,406,563
WBGene00020106.,464,3571,4035
WBGene00020107.,136,5473,5609
WBGene00020109.,36,1470,1506
WBGene00020110.,412,5610,6022
WBGene00020111.,87,1073,1160
WBGene00020112.,1011,14280,15291
WBGene00020113.,2,1155,1157
WBGene00020114.,4490,16140,20630
WBGene00020115.,896,7787,8683
WBGene00020116.,4,6,10
WBGene00020117.,1,5,6
WBGene00020118.,0,2,2
WBGene00020119.,2,3,5
WBGene00020120.,2,2,4
WBGene00020121.,1,2,3
WBGene00020122.,8,5,13
WBGene00020123.,0,3,3
WBGene00020125.,26,311,337
WBGene00020126.,70,2532,2602
WBGene00020127.,1,0,1
WBGene00020128.,206,58,264
WBGene00020129.,0,3,3
WBGene00020130.,61,115,176
WBGene00020131.,1277,5864,7141
WBGene00020134.,1395,1042,2437
WBGene00020135.,123,1827,1950
WBGene00020136.,3,11,14
WBGene00020137.,50,585,635
WBGene00020138.,6,52,58
WBGene00020139.,73,1355,1428
WBGene00020140.,0,3,3
WBGene00020141.,45,515,560
WBGene00020142.,311,2675,2986
WBGene00020143.,1132,15858,16990
WBGene00020144.,20,79,99
WBGene00020145.,19,6,25
WBGene00020146.,179,16354,16533
WBGene00020148.,24,257,281
WBGene00020149.,53,2196,2249
WBGene00020150.,11,12,23
WBGene00020151.,0,46,46
WBGene00020152.,13,37,50
WBGene00020153.,9,96,105
WBGene00020154.,2,21,23
WBGene00020155.,44,74423,74467
WBGene00020156.,116,39475,39591
WBGene00020157.,63,66,129
WBGene00020158.,33,301,334
WBGene00020160.,259,2674,2933
WBGene00020163.,119,668,787
WBGene00020164.,20,69,89
WBGene00020166.,159,3536,3695
WBGene00020167.,1,4,5
WBGene00020168.,13,164,177
WBGene00020169.,87,2757,2844
WBGene00020170.,76,80,156
WBGene00020171.,582,2889,3471
WBGene00020172.,100,741,841
WBGene00020173.,1,5,6
WBGene00020174.,3,0,3
WBGene00020175.,5,34,39
WBGene00020176.,4,1,5
WBGene00020177.,0,0,0
WBGene00020178.,0,0,0
WBGene00020179.,1,6,7
WBGene00020180.,1,0,1
WBGene00020181.,5664,71636,77300
WBGene00020182.,3,7,10
WBGene00020183.,27,409,436
WBGene00020184.,63,2238,2301
WBGene00020185.,56,17520,17576
WBGene00020187.,51,404,455
WBGene00020188.,4,84,88
WBGene00020189.,198,650,848
WBGene00020190.,821,6116,6937
WBGene00020191.,11,38,49
WBGene00020192.,42,6190,6232
WBGene00020193.,56,946,1002
WBGene00020194.,262,4724,4986
WBGene00020195.,132,10987,11119
WBGene00020196.,120,309,429
WBGene00020197.,76,1886,1962
WBGene00020199.,13,837,850
WBGene00020200.,484,6993,7477
WBGene00020201.,1,10,11
WBGene00020202.,0,1,1
WBGene00020203.,12,6,18
WBGene00020204.,0,6,6
WBGene00020205.,0,20,20
WBGene00020207.,247,1641,1888
WBGene00020208.,565,2532,3097
WBGene00020209.,1112,5373,6485
WBGene00020210.,0,2,2
WBGene00020211.,0,1,1
WBGene00020212.,43,69,112
WBGene00020214.,76,673,749
WBGene00020215.,224,4237,4461
WBGene00020216.,125,22168,22293
WBGene00020217.,1,0,1
WBGene00020218.,15,108,123
WBGene00020219.,52,553,605
WBGene00020220.,36,603,639
WBGene00020221.,0,0,0
WBGene00020222.,22,677,699
WBGene00020223.,2,37,39
WBGene00020224.,32,236,268
WBGene00020225.,7,15,22
WBGene00020227.,4,16,20
WBGene00020228.,1,7,8
WBGene00020229.,174,5473,5647
WBGene00020230.,639,3162,3801
WBGene00020231.,29,187,216
WBGene00020232.,2,2,4
WBGene00020233.,7,90,97
WBGene00020234.,613,3020,3633
WBGene00020235.,253,1563,1816
WBGene00020236.,69,55,124
WBGene00020237.,2,4475,4477
WBGene00020238.,3,1,4
WBGene00020239.,1,9,10
WBGene00020240.,0,49,49
WBGene00020241.,0,10,10
WBGene00020242.,0,122,122
WBGene00020243.,1,29,30
WBGene00020244.,1,35,36
WBGene00020245.,60,603,663
WBGene00020246.,223,11129,11352
WBGene00020247.,13,17,30
WBGene00020248.,18,841,859
WBGene00020249.,205,917,1122
WBGene00020250.,27,634,661
WBGene00020251.,1224,5547,6771
WBGene00020252.,12,29,41
WBGene00020254.,7,15,22
WBGene00020256.,12,22,34
WBGene00020258.,38,164,202
WBGene00020259.,106,954,1060
WBGene00020260.,383,3609,3992
WBGene00020261.,1,19,20
WBGene00020262.,49,151,200
WBGene00020263.,321,1490,1811
WBGene00020264.,57,687,744
WBGene00020265.,0,1,1
WBGene00020266.,4,17,21
WBGene00020267.,12,127,139
WBGene00020268.,314,2798,3112
WBGene00020269.,1143,16304,17447
WBGene00020270.,8,67,75
WBGene00020271.,4,2,6
WBGene00020273.,503,2047,2550
WBGene00020274.,126,2823,2949
WBGene00020275.,5953,77184,83137
WBGene00020276.,1,205,206
WBGene00020277.,8,64,72
WBGene00020279.,268,643,911
WBGene00020280.,2,25,27
WBGene00020281.,31,135,166
WBGene00020282.,3,3,6
WBGene00020283.,33,214,247
WBGene00020284.,623,2915,3538
WBGene00020285.,3,16,19
WBGene00020286.,33,2098,2131
WBGene00020287.,107,3985,4092
WBGene00020288.,5,5,10
WBGene00020289.,2,4,6
WBGene00020290.,0,1,1
WBGene00020291.,1,2,3
WBGene00020292.,0,1,1
WBGene00020293.,1,2,3
WBGene00020294.,720,2162,2882
WBGene00020295.,50,349,399
WBGene00020296.,225,2607,2832
WBGene00020297.,2499,24037,26536
WBGene00020298.,250,2540,2790
WBGene00020299.,278,1855,2133
WBGene00020300.,32,714,746
WBGene00020301.,321,1320,1641
WBGene00020302.,0,138,138
WBGene00020304.,26,5,31
WBGene00020305.,1,0,1
WBGene00020306.,7,0,7
WBGene00020307.,39,169,208
WBGene00020308.,6,11,17
WBGene00020309.,12,4,16
WBGene00020311.,20,744,764
WBGene00020313.,15,46,61
WBGene00020314.,67,842,909
WBGene00020315.,131,7923,8054
WBGene00020316.,363,1502,1865
WBGene00020317.,330,15275,15605
WBGene00020318.,7,44,51
WBGene00020319.,3,49,52
WBGene00020320.,12,362,374
WBGene00020321.,32,902,934
WBGene00020322.,21,1233,1254
WBGene00020323.,10,42,52
WBGene00020324.,224,2163,2387
WBGene00020325.,1,19,20
WBGene00020326.,1,1,2
WBGene00020327.,0,50,50
WBGene00020328.,0,9,9
WBGene00020329.,0,9,9
WBGene00020330.,102,1146,1248
WBGene00020333.,0,13,13
WBGene00020334.,344,2616,2960
WBGene00020335.,26,253,279
WBGene00020338.,0,11,11
WBGene00020339.,6,331,337
WBGene00020340.,2,57,59
WBGene00020341.,69,824,893
WBGene00020342.,0,6,6
WBGene00020343.,56,561,617
WBGene00020345.,17,55,72
WBGene00020346.,617,2740,3357
WBGene00020347.,1489,9521,11010
WBGene00020348.,27,3248,3275
WBGene00020349.,17,77,94
WBGene00020350.,0,18,18
WBGene00020351.,0,1,1
WBGene00020352.,3,2,5
WBGene00020353.,2,1,3
WBGene00020354.,1,3,4
WBGene00020356.,2,4,6
WBGene00020357.,5,1,6
WBGene00020358.,1,11,12
WBGene00020359.,0,6,6
WBGene00020360.,33,118,151
WBGene00020361.,22,8,30
WBGene00020362.,0,1,1
WBGene00020363.,40,405,445
WBGene00020364.,0,2,2
WBGene00020365.,61,49,110
WBGene00020366.,609,10661,11270
WBGene00020368.,49,1318,1367
WBGene00020369.,65,737,802
WBGene00020370.,2,29,31
WBGene00020371.,1,0,1
WBGene00020372.,4,16,20
WBGene00020373.,15,1472,1487
WBGene00020374.,2068,3330,5398
WBGene00020375.,13,369,382
WBGene00020376.,50,660,710
WBGene00020377.,49,566,615
WBGene00020378.,62,566,628
WBGene00020379.,74,4029,4103
WBGene00020380.,11,12,23
WBGene00020381.,18,93,111
WBGene00020382.,1844,42274,44118
WBGene00020383.,1276,4909,6185
WBGene00020384.,1,4,5
WBGene00020385.,101,73,174
WBGene00020386.,2,7,9
WBGene00020388.,7,19,26
WBGene00020389.,305,6110,6415
WBGene00020390.,125,2536,2661
WBGene00020391.,98,27309,27407
WBGene00020392.,74,1874,1948
WBGene00020393.,14,66,80
WBGene00020394.,47,389,436
WBGene00020396.,39,376,415
WBGene00020397.,537,7722,8259
WBGene00020398.,221,2292,2513
WBGene00020399.,254,3422,3676
WBGene00020400.,1,2,3
WBGene00020401.,47,104,151
WBGene00020402.,139,2392,2531
WBGene00020403.,305,2489,2794
WBGene00020404.,40,619,659
WBGene00020406.,0,0,0
WBGene00020407.,39,554,593
WBGene00020408.,147,740,887
WBGene00020409.,1,0,1
WBGene00020410.,0,0,0
WBGene00020411.,21,508,529
WBGene00020412.,78,771,849
WBGene00020413.,163,2264,2427
WBGene00020414.,8,8,16
WBGene00020415.,39,486,525
WBGene00020416.,3,1,4
WBGene00020417.,68,18658,18726
WBGene00020418.,31,211,242
WBGene00020419.,32,115,147
WBGene00020420.,7,55,62
WBGene00020421.,5,25,30
WBGene00020422.,29,929,958
WBGene00020423.,38,6429,6467
WBGene00020424.,7,129,136
WBGene00020425.,93,1066,1159
WBGene00020426.,13,721,734
WBGene00020427.,96,1436,1532
WBGene00020428.,1,1,2
WBGene00020430.,4,0,4
WBGene00020431.,0,3,3
WBGene00020432.,4,3,7
WBGene00020433.,0,4,4
WBGene00020434.,0,1,1
WBGene00020435.,2,0,2
WBGene00020436.,85,87,172
WBGene00020437.,66,7871,7937
WBGene00020438.,0,1,1
WBGene00020439.,2,2,4
WBGene00020440.,0,5,5
WBGene00020441.,309,2051,2360
WBGene00020442.,83,2105,2188
WBGene00020443.,435,2038,2473
WBGene00020444.,24,101,125
WBGene00020445.,61,481,542
WBGene00020446.,44,1939,1983
WBGene00020447.,311,3565,3876
WBGene00020448.,0,9,9
WBGene00020449.,1,12,13
WBGene00020450.,18,365,383
WBGene00020451.,40,521,561
WBGene00020452.,0,0,0
WBGene00020453.,1,33,34
WBGene00020454.,0,3,3
WBGene00020455.,0,39,39
WBGene00020456.,3,34,37
WBGene00020457.,36,1172,1208
WBGene00020458.,0,6,6
WBGene00020459.,0,0,0
WBGene00020460.,1,17,18
WBGene00020461.,21,85,106
WBGene00020462.,168,996,1164
WBGene00020463.,46,686,732
WBGene00020464.,14,647,661
WBGene00020465.,35,209,244
WBGene00020466.,19,715,734
WBGene00020467.,6,27,33
WBGene00020468.,3,5,8
WBGene00020469.,0,0,0
WBGene00020471.,582,5020,5602
WBGene00020472.,2,30,32
WBGene00020473.,3,3,6
WBGene00020474.,9,9,18
WBGene00020475.,216,3146,3362
WBGene00020476.,3,3,6
WBGene00020478.,166,555,721
WBGene00020479.,666,5797,6463
WBGene00020480.,100,1355,1455
WBGene00020481.,172,2852,3024
WBGene00020482.,33,118,151
WBGene00020483.,3,73,76
WBGene00020484.,4,114,118
WBGene00020485.,7,45,52
WBGene00020486.,149,1051,1200
WBGene00020487.,8,330,338
WBGene00020488.,3,73,76
WBGene00020489.,195,1109,1304
WBGene00020490.,528,2929,3457
WBGene00020491.,57,648,705
WBGene00020492.,4,2,6
WBGene00020494.,16,18,34
WBGene00020496.,577,3932,4509
WBGene00020497.,7,2334,2341
WBGene00020498.,164,1829,1993
WBGene00020499.,343,2762,3105
WBGene00020500.,91,1267,1358
WBGene00020501.,176,2703,2879
WBGene00020502.,212,1035,1247
WBGene00020503.,10,56,66
WBGene00020504.,675,1863,2538
WBGene00020505.,13,31,44
WBGene00020506.,114,346,460
WBGene00020507.,65,4220,4285
WBGene00020508.,16,755,771
WBGene00020509.,228,2231,2459
WBGene00020510.,42,1119,1161
WBGene00020511.,365,7420,7785
WBGene00020515.,1,5,6
WBGene00020516.,9,57,66
WBGene00020517.,65,3891,3956
WBGene00020520.,5,3,8
WBGene00020522.,10,4,14
WBGene00020523.,4,6,10
WBGene00020524.,12,17,29
WBGene00020525.,2,0,2
WBGene00020526.,0,7,7
WBGene00020527.,61,118,179
WBGene00020528.,15,61,76
WBGene00020530.,389,4786,5175
WBGene00020531.,26,58,84
WBGene00020532.,3,3,6
WBGene00020533.,2,0,2
WBGene00020534.,0,0,0
WBGene00020535.,0,0,0
WBGene00020536.,0,0,0
WBGene00020537.,0,14,14
WBGene00020539.,0,0,0
WBGene00020540.,48,708,756
WBGene00020541.,1,0,1
WBGene00020542.,0,2,2
WBGene00020543.,0,1,1
WBGene00020544.,0,1,1
WBGene00020545.,1,0,1
WBGene00020546.,0,1,1
WBGene00020547.,0,4,4
WBGene00020548.,0,0,0
WBGene00020549.,4,6590,6594
WBGene00020550.,4,414,418
WBGene00020551.,20,148,168
WBGene00020553.,82,3305,3387
WBGene00020554.,74,853,927
WBGene00020555.,10,78,88
WBGene00020556.,86,427,513
WBGene00020557.,262,2481,2743
WBGene00020558.,84,769,853
WBGene00020559.,66,361,427
WBGene00020560.,54,197,251
WBGene00020561.,1055,11873,12928
WBGene00020562.,311,4094,4405
WBGene00020563.,224,2336,2560
WBGene00020564.,27,192,219
WBGene00020565.,8,656,664
WBGene00020566.,33,432,465
WBGene00020567.,16,55,71
WBGene00020568.,361,3877,4238
WBGene00020569.,97,466,563
WBGene00020571.,13,65,78
WBGene00020572.,86,570,656
WBGene00020573.,18,394,412
WBGene00020574.,5,14,19
WBGene00020575.,30,127,157
WBGene00020576.,0,69,69
WBGene00020577.,6,88,94
WBGene00020578.,0,2,2
WBGene00020579.,40,280,320
WBGene00020580.,2,9,11
WBGene00020581.,669,2835,3504
WBGene00020582.,1,206,207
WBGene00020583.,1,53,54
WBGene00020584.,6,6,12
WBGene00020585.,450,11493,11943
WBGene00020586.,65,296,361
WBGene00020587.,175,1216,1391
WBGene00020588.,107,3224,3331
WBGene00020589.,1173,16896,18069
WBGene00020590.,4,32,36
WBGene00020591.,7,38,45
WBGene00020592.,103,1051,1154
WBGene00020593.,18,327,345
WBGene00020594.,7,16,23
WBGene00020595.,24,376,400
WBGene00020596.,81,1053,1134
WBGene00020598.,3,6,9
WBGene00020599.,40,261,301
WBGene00020600.,328,2303,2631
WBGene00020601.,113,4198,4311
WBGene00020602.,2,13,15
WBGene00020603.,0,1,1
WBGene00020604.,75,5418,5493
WBGene00020605.,131,1641,1772
WBGene00020607.,0,2,2
WBGene00020608.,1,5,6
WBGene00020609.,1,0,1
WBGene00020611.,6,2,8
WBGene00020612.,14,266,280
WBGene00020613.,0,1,1
WBGene00020614.,1,0,1
WBGene00020615.,3,1,4
WBGene00020616.,1,15,16
WBGene00020617.,0,24,24
WBGene00020618.,0,5,5
WBGene00020619.,2,3,5
WBGene00020620.,2,14,16
WBGene00020622.,0,2,2
WBGene00020623.,0,1,1
WBGene00020624.,0,2,2
WBGene00020625.,64,2211,2275
WBGene00020626.,30,234,264
WBGene00020627.,70,111,181
WBGene00020628.,196,1621,1817
WBGene00020629.,80,1552,1632
WBGene00020630.,87,1123,1210
WBGene00020631.,0,1,1
WBGene00020632.,97,454,551
WBGene00020633.,72,1625,1697
WBGene00020634.,29,64,93
WBGene00020635.,11,21,32
WBGene00020636.,158,24129,24287
WBGene00020637.,0,1,1
WBGene00020638.,2,6,8
WBGene00020639.,0,1,1
WBGene00020640.,0,1,1
WBGene00020641.,0,1,1
WBGene00020642.,7,11,18
WBGene00020645.,2,4,6
WBGene00020646.,4,23,27
WBGene00020647.,88,2235,2323
WBGene00020648.,4,47,51
WBGene00020649.,78,302,380
WBGene00020650.,0,4,4
WBGene00020651.,50,468,518
WBGene00020652.,4,46,50
WBGene00020653.,3,16,19
WBGene00020655.,11,14,25
WBGene00020656.,0,5,5
WBGene00020657.,49,155,204
WBGene00020658.,29,790,819
WBGene00020659.,0,8,8
WBGene00020660.,0,4,4
WBGene00020661.,0,9,9
WBGene00020662.,94,999,1093
WBGene00020663.,49,136,185
WBGene00020664.,82,28,110
WBGene00020665.,1,13,14
WBGene00020666.,3,2,5
WBGene00020667.,4,6,10
WBGene00020669.,10,0,10
WBGene00020670.,0,3,3
WBGene00020672.,237,28,265
WBGene00020673.,79,1246,1325
WBGene00020674.,5,29,34
WBGene00020675.,15,30,45
WBGene00020678.,157,782,939
WBGene00020679.,542,17997,18539
WBGene00020680.,1,14,15
WBGene00020682.,379,4985,5364
WBGene00020683.,146,14069,14215
WBGene00020684.,6,91,97
WBGene00020686.,80,16,96
WBGene00020687.,190,4335,4525
WBGene00020688.,7,34,41
WBGene00020689.,298,1278,1576
WBGene00020690.,308,923,1231
WBGene00020691.,95,201,296
WBGene00020692.,18,336,354
WBGene00020693.,219,1998,2217
WBGene00020694.,36,153,189
WBGene00020695.,80,1955,2035
WBGene00020696.,467,22322,22789
WBGene00020697.,53,283,336
WBGene00020698.,8,14,22
WBGene00020699.,29,128,157
WBGene00020700.,1,44,45
WBGene00020701.,40,347,387
WBGene00020702.,47,146,193
WBGene00020703.,179,4771,4950
WBGene00020705.,411,1945,2356
WBGene00020706.,381,854,1235
WBGene00020707.,3,12,15
WBGene00020708.,4,126,130
WBGene00020709.,21,1617,1638
WBGene00020710.,64,5496,5560
WBGene00020711.,0,0,0
WBGene00020712.,56,217,273
WBGene00020713.,1,9,10
WBGene00020714.,16,233,249
WBGene00020715.,0,34,34
WBGene00020716.,52,507,559
WBGene00020717.,416,3450,3866
WBGene00020718.,69,2560,2629
WBGene00020719.,93,3066,3159
WBGene00020720.,4,41,45
WBGene00020721.,47,577,624
WBGene00020722.,98,1504,1602
WBGene00020725.,7,123,130
WBGene00020726.,44,721,765
WBGene00020727.,18,174,192
WBGene00020728.,11,12,23
WBGene00020729.,98,93,191
WBGene00020730.,8,77,85
WBGene00020732.,854,14925,15779
WBGene00020735.,556,4062,4618
WBGene00020736.,1376,3098,4474
WBGene00020737.,35,106,141
WBGene00020738.,236,5378,5614
WBGene00020739.,1,5,6
WBGene00020740.,14,350,364
WBGene00020741.,4,294,298
WBGene00020742.,221,1543,1764
WBGene00020743.,26,348,374
WBGene00020744.,1,66,67
WBGene00020746.,2,15,17
WBGene00020747.,3,29,32
WBGene00020748.,1,15,16
WBGene00020749.,2,14,16
WBGene00020750.,2,14,16
WBGene00020751.,0,1,1
WBGene00020752.,0,0,0
WBGene00020753.,0,0,0
WBGene00020754.,0,0,0
WBGene00020755.,0,1,1
WBGene00020756.,175,2463,2638
WBGene00020757.,31,523,554
WBGene00020758.,132,370,502
WBGene00020759.,12,61,73
WBGene00020760.,16,73,89
WBGene00020761.,80,616,696
WBGene00020762.,207,3572,3779
WBGene00020763.,76,966,1042
WBGene00020764.,1,6,7
WBGene00020765.,33,305,338
WBGene00020766.,0,30,30
WBGene00020767.,101,2490,2591
WBGene00020769.,7,7,14
WBGene00020770.,466,500,966
WBGene00020771.,0,2,2
WBGene00020772.,1,4,5
WBGene00020773.,3,3,6
WBGene00020774.,2,9,11
WBGene00020775.,2,20,22
WBGene00020777.,33,138,171
WBGene00020778.,5,31,36
WBGene00020779.,967,4902,5869
WBGene00020781.,251,5290,5541
WBGene00020782.,134,1373,1507
WBGene00020783.,77,362,439
WBGene00020784.,8,97,105
WBGene00020785.,0,26,26
WBGene00020786.,26,171,197
WBGene00020787.,6,12,18
WBGene00020788.,8,145,153
WBGene00020789.,2,3,5
WBGene00020790.,40,359,399
WBGene00020791.,0,8,8
WBGene00020792.,2,23,25
WBGene00020793.,31,12,43
WBGene00020794.,2,13,15
WBGene00020795.,53,18,71
WBGene00020796.,67,5795,5862
WBGene00020797.,14,45,59
WBGene00020798.,73,644,717
WBGene00020799.,2,107,109
WBGene00020800.,28,340,368
WBGene00020801.,15,630,645
WBGene00020802.,0,25,25
WBGene00020803.,10,88,98
WBGene00020804.,3,15,18
WBGene00020805.,0,23,23
WBGene00020806.,17,321,338
WBGene00020807.,27,56,83
WBGene00020808.,21563,356449,378012
WBGene00020809.,2,3,5
WBGene00020811.,211,1637,1848
WBGene00020812.,938,17574,18512
WBGene00020813.,26,12,38
WBGene00020817.,0,11,11
WBGene00020819.,20,257,277
WBGene00020820.,43,768,811
WBGene00020821.,181,3617,3798
WBGene00020822.,119,875,994
WBGene00020823.,116,763,879
WBGene00020824.,323,2797,3120
WBGene00020825.,138,752,890
WBGene00020826.,80,105,185
WBGene00020827.,527,5074,5601
WBGene00020829.,7,0,7
WBGene00020830.,147,593,740
WBGene00020831.,102,2362,2464
WBGene00020832.,10,8,18
WBGene00020833.,26,385,411
WBGene00020834.,25,46,71
WBGene00020835.,109,6,115
WBGene00020836.,234,8687,8921
WBGene00020837.,6,142,148
WBGene00020838.,317,9795,10112
WBGene00020839.,118,2615,2733
WBGene00020840.,0,57,57
WBGene00020841.,0,3,3
WBGene00020842.,41,406,447
WBGene00020843.,15,477,492
WBGene00020844.,0,127,127
WBGene00020845.,0,3,3
WBGene00020846.,66,680,746
WBGene00020847.,42,169,211
WBGene00020849.,3,53,56
WBGene00020850.,4,26,30
WBGene00020851.,5,23,28
WBGene00020852.,188,1282,1470
WBGene00020853.,17,192,209
WBGene00020854.,372,13587,13959
WBGene00020855.,129,894,1023
WBGene00020856.,6,29,35
WBGene00020857.,9,14,23
WBGene00020858.,50,53,103
WBGene00020859.,1,3,4
WBGene00020860.,0,97,97
WBGene00020861.,257,814,1071
WBGene00020862.,484,6363,6847
WBGene00020863.,19,34,53
WBGene00020864.,46,30,76
WBGene00020865.,83,965,1048
WBGene00020866.,466,838,1304
WBGene00020867.,623,3553,4176
WBGene00020868.,1820,25174,26994
WBGene00020869.,39,853,892
WBGene00020870.,1,4,5
WBGene00020871.,0,1,1
WBGene00020872.,0,1,1
WBGene00020873.,0,9,9
WBGene00020874.,1,2,3
WBGene00020875.,0,3,3
WBGene00020877.,5,35,40
WBGene00020878.,17,357,374
WBGene00020879.,1,0,1
WBGene00020880.,0,2,2
WBGene00020881.,0,4,4
WBGene00020882.,0,2,2
WBGene00020883.,17,980,997
WBGene00020884.,479,5465,5944
WBGene00020885.,32,11,43
WBGene00020886.,118,11032,11150
WBGene00020887.,103,652,755
WBGene00020888.,2,3,5
WBGene00020889.,24,191,215
WBGene00020890.,2,1,3
WBGene00020891.,301,2032,2333
WBGene00020892.,2,12,14
WBGene00020893.,16,81,97
WBGene00020894.,1703,71524,73227
WBGene00020895.,1057,8473,9530
WBGene00020896.,3,296,299
WBGene00020897.,500,3597,4097
WBGene00020898.,13,350,363
WBGene00020899.,0,5,5
WBGene00020900.,5,2,7
WBGene00020901.,131,1171,1302
WBGene00020902.,984,6121,7105
WBGene00020903.,26,46,72
WBGene00020904.,47,187,234
WBGene00020905.,0,3,3
WBGene00020906.,7,87,94
WBGene00020908.,68,710,778
WBGene00020909.,134,671,805
WBGene00020910.,24,325,349
WBGene00020911.,26,264,290
WBGene00020912.,90,2864,2954
WBGene00020913.,3,19,22
WBGene00020914.,5,5,10
WBGene00020915.,287,37757,38044
WBGene00020917.,306,3748,4054
WBGene00020918.,7,4,11
WBGene00020919.,38,1258,1296
WBGene00020920.,231,1648,1879
WBGene00020921.,96,2986,3082
WBGene00020922.,0,3,3
WBGene00020923.,0,7,7
WBGene00020924.,38,257,295
WBGene00020927.,80,7,87
WBGene00020929.,201,1825,2026
WBGene00020930.,3259,12890,16149
WBGene00020931.,36,5475,5511
WBGene00020932.,361,3918,4279
WBGene00020933.,46,1871,1917
WBGene00020935.,238,1546,1784
WBGene00020936.,96,2673,2769
WBGene00020937.,33,1241,1274
WBGene00020938.,2,18,20
WBGene00020939.,64,1670,1734
WBGene00020940.,1,5,6
WBGene00020941.,19,54,73
WBGene00020942.,314,3113,3427
WBGene00020943.,3,5,8
WBGene00020944.,17,34,51
WBGene00020945.,55,0,55
WBGene00020946.,9,7,16
WBGene00020947.,41,36,77
WBGene00020948.,2,49,51
WBGene00020949.,24,623,647
WBGene00020950.,477,24152,24629
WBGene00020951.,253,3657,3910
WBGene00020952.,140,232,372
WBGene00020953.,0,25,25
WBGene00020954.,30,502,532
WBGene00020955.,338,225,563
WBGene00020957.,142,466,608
WBGene00020961.,10,5,15
WBGene00020962.,23,119,142
WBGene00020964.,170,692,862
WBGene00020966.,10,4,14
WBGene00020967.,4,28,32
WBGene00020970.,245,2063,2308
WBGene00020971.,0,0,0
WBGene00020972.,5,12,17
WBGene00020973.,1,16,17
WBGene00020974.,0,0,0
WBGene00020976.,3,12,15
WBGene00020977.,14,45,59
WBGene00020978.,13,18,31
WBGene00020979.,1,1,2
WBGene00020981.,2,3,5
WBGene00020982.,1,0,1
WBGene00020983.,2,7,9
WBGene00020984.,0,11,11
WBGene00020985.,4,63,67
WBGene00020986.,15,30,45
WBGene00020987.,1,3,4
WBGene00020988.,1,7,8
WBGene00020989.,0,7,7
WBGene00020990.,0,3,3
WBGene00020991.,0,5,5
WBGene00020992.,3,4,7
WBGene00020993.,50,3309,3359
WBGene00020994.,46,4196,4242
WBGene00020995.,12,54,66
WBGene00020997.,54,156,210
WBGene00020999.,99,1449,1548
WBGene00021000.,14,817,831
WBGene00021001.,6,5,11
WBGene00021002.,171,1822,1993
WBGene00021003.,0,25,25
WBGene00021004.,390,6808,7198
WBGene00021005.,5,35,40
WBGene00021006.,4,2,6
WBGene00021007.,1,1,2
WBGene00021008.,23,75,98
WBGene00021009.,2668,5803,8471
WBGene00021010.,1,2,3
WBGene00021011.,0,91,91
WBGene00021012.,63,990,1053
WBGene00021013.,0,97,97
WBGene00021014.,2,165,167
WBGene00021015.,3,179,182
WBGene00021016.,11,14,25
WBGene00021017.,8,85,93
WBGene00021018.,0,17,17
WBGene00021019.,10,17,27
WBGene00021020.,136,223,359
WBGene00021021.,947,4241,5188
WBGene00021022.,266,1449,1715
WBGene00021023.,0,78,78
WBGene00021024.,461,8462,8923
WBGene00021025.,11,34,45
WBGene00021026.,419,9598,10017
WBGene00021027.,56,193,249
WBGene00021028.,13,12,25
WBGene00021029.,0,22,22
WBGene00021030.,0,8,8
WBGene00021031.,7,80,87
WBGene00021032.,5,3,8
WBGene00021033.,0,0,0
WBGene00021034.,2,15,17
WBGene00021035.,5,129,134
WBGene00021036.,1511,12660,14171
WBGene00021037.,21,136,157
WBGene00021038.,75,333,408
WBGene00021039.,49,812,861
WBGene00021040.,10,40,50
WBGene00021041.,3,19,22
WBGene00021042.,6,53,59
WBGene00021043.,748,45489,46237
WBGene00021044.,217,2731,2948
WBGene00021045.,1,7,8
WBGene00021046.,194,1449,1643
WBGene00021047.,623,3434,4057
WBGene00021048.,87,301,388
WBGene00021049.,78,1236,1314
WBGene00021050.,0,92212,92212
WBGene00021051.,53,960,1013
WBGene00021052.,25,407,432
WBGene00021053.,2,50,52
WBGene00021054.,0,7,7
WBGene00021055.,30,139,169
WBGene00021056.,11,44,55
WBGene00021057.,35,1163,1198
WBGene00021058.,253,1048,1301
WBGene00021059.,321,1134,1455
WBGene00021060.,20,80,100
WBGene00021061.,97,1159,1256
WBGene00021063.,66,1335,1401
WBGene00021066.,3,344,347
WBGene00021067.,4,17,21
WBGene00021068.,429,1432,1861
WBGene00021070.,16,24,40
WBGene00021072.,3,3,6
WBGene00021073.,442,8679,9121
WBGene00021074.,73,4568,4641
WBGene00021075.,6962,167,7129
WBGene00021076.,28,402,430
WBGene00021078.,1185,5152,6337
WBGene00021079.,1088,13015,14103
WBGene00021080.,620,3721,4341
WBGene00021081.,47,36,83
WBGene00021082.,17,814,831
WBGene00021083.,0,5,5
WBGene00021084.,0,2,2
WBGene00021085.,0,1,1
WBGene00021086.,0,0,0
WBGene00021087.,3,11,14
WBGene00021088.,169,27513,27682
WBGene00021089.,13,203,216
WBGene00021090.,17,2,19
WBGene00021091.,0,0,0
WBGene00021092.,0,1,1
WBGene00021093.,47,5220,5267
WBGene00021094.,11,50,61
WBGene00021095.,74,4689,4763
WBGene00021096.,20,2,22
WBGene00021097.,208,3940,4148
WBGene00021098.,0,0,0
WBGene00021099.,1,9,10
WBGene00021100.,6,78,84
WBGene00021101.,3,14,17
WBGene00021103.,228,1200,1428
WBGene00021104.,258,1397,1655
WBGene00021106.,0,0,0
WBGene00021107.,0,0,0
WBGene00021108.,0,0,0
WBGene00021109.,1,1,2
WBGene00021110.,2,3,5
WBGene00021111.,27,368,395
WBGene00021112.,8,1780,1788
WBGene00021113.,0,0,0
WBGene00021114.,0,3,3
WBGene00021115.,0,12,12
WBGene00021116.,56,632,688
WBGene00021117.,2,20,22
WBGene00021118.,4,1,5
WBGene00021120.,3,14,17
WBGene00021121.,13,170,183
WBGene00021122.,5,2,7
WBGene00021123.,14,238,252
WBGene00021124.,42,184,226
WBGene00021125.,21,75,96
WBGene00021127.,13,239,252
WBGene00021128.,586,8893,9479
WBGene00021129.,13,26,39
WBGene00021130.,27,18,45
WBGene00021131.,140,841,981
WBGene00021132.,224,1413,1637
WBGene00021133.,352,8376,8728
WBGene00021134.,1,16,17
WBGene00021135.,0,0,0
WBGene00021136.,2,24,26
WBGene00021137.,0,1,1
WBGene00021138.,0,0,0
WBGene00021139.,0,0,0
WBGene00021140.,0,0,0
WBGene00021141.,0,0,0
WBGene00021142.,0,1,1
WBGene00021143.,0,2,2
WBGene00021144.,1,1,2
WBGene00021145.,0,0,0
WBGene00021146.,101,758,859
WBGene00021148.,4,41,45
WBGene00021149.,356,3913,4269
WBGene00021150.,0,4,4
WBGene00021151.,1,0,1
WBGene00021152.,45,230,275
WBGene00021153.,4,1,5
WBGene00021154.,1,1,2
WBGene00021155.,13,698,711
WBGene00021156.,26,147,173
WBGene00021157.,11,82,93
WBGene00021158.,2,44,46
WBGene00021159.,53,256,309
WBGene00021160.,54,147,201
WBGene00021161.,1571,19765,21336
WBGene00021162.,0,1,1
WBGene00021163.,13,146,159
WBGene00021164.,2,2,4
WBGene00021165.,0,0,0
WBGene00021166.,0,0,0
WBGene00021167.,4,21,25
WBGene00021168.,5,22,27
WBGene00021169.,0,0,0
WBGene00021170.,55,3323,3378
WBGene00021171.,207,1916,2123
WBGene00021173.,1,5,6
WBGene00021174.,0,0,0
WBGene00021175.,2,0,2
WBGene00021176.,100,899,999
WBGene00021177.,2,0,2
WBGene00021178.,3,54,57
WBGene00021179.,0,0,0
WBGene00021180.,4,9,13
WBGene00021181.,7,2,9
WBGene00021182.,5,9,14
WBGene00021183.,4,12,16
WBGene00021184.,0,1,1
WBGene00021185.,72,404,476
WBGene00021186.,26,172,198
WBGene00021187.,5,1786,1791
WBGene00021188.,0,0,0
WBGene00021190.,3,34,37
WBGene00021191.,234,2653,2887
WBGene00021192.,20,328,348
WBGene00021193.,0,2,2
WBGene00021195.,9,134,143
WBGene00021196.,7,86,93
WBGene00021197.,0,1,1
WBGene00021198.,4,3,7
WBGene00021199.,15,60,75
WBGene00021200.,37,145,182
WBGene00021201.,6,312,318
WBGene00021202.,133,2247,2380
WBGene00021204.,20,158,178
WBGene00021205.,40,1384,1424
WBGene00021207.,4,2,6
WBGene00021208.,123,1654,1777
WBGene00021209.,362,1580,1942
WBGene00021210.,122,1748,1870
WBGene00021212.,20,41,61
WBGene00021213.,43,196,239
WBGene00021214.,9,22,31
WBGene00021215.,37,41,78
WBGene00021216.,0,0,0
WBGene00021217.,0,0,0
WBGene00021218.,0,0,0
WBGene00021219.,0,0,0
WBGene00021220.,0,16,16
WBGene00021221.,0,0,0
WBGene00021222.,0,1,1
WBGene00021223.,0,0,0
WBGene00021224.,0,0,0
WBGene00021225.,0,0,0
WBGene00021226.,0,0,0
WBGene00021227.,0,0,0
WBGene00021228.,0,0,0
WBGene00021230.,0,0,0
WBGene00021232.,1,1,2
WBGene00021233.,2,1,3
WBGene00021234.,1,0,1
WBGene00021235.,1,4,5
WBGene00021236.,0,32,32
WBGene00021237.,268,523,791
WBGene00021238.,468,267,735
WBGene00021239.,1205,847,2052
WBGene00021241.,0,2,2
WBGene00021243.,0,2,2
WBGene00021244.,138,89,227
WBGene00021245.,67,778,845
WBGene00021246.,85,466,551
WBGene00021247.,220,551,771
WBGene00021248.,3532,123440,126972
WBGene00021249.,14,65,79
WBGene00021252.,11,2,13
WBGene00021253.,7,128,135
WBGene00021254.,64,91,155
WBGene00021256.,10,9,19
WBGene00021257.,2,5,7
WBGene00021259.,9,12,21
WBGene00021260.,202,1121,1323
WBGene00021261.,4,2,6
WBGene00021262.,0,6,6
WBGene00021263.,13,8,21
WBGene00021264.,41,559,600
WBGene00021265.,45,255,300
WBGene00021266.,1,0,1
WBGene00021267.,8,58,66
WBGene00021268.,16,654,670
WBGene00021269.,122,569,691
WBGene00021270.,12,4004,4016
WBGene00021271.,52,350,402
WBGene00021272.,35,802,837
WBGene00021273.,0,0,0
WBGene00021274.,138,1805,1943
WBGene00021275.,148,269,417
WBGene00021276.,686,2624,3310
WBGene00021277.,135,4392,4527
WBGene00021278.,30,7,37
WBGene00021279.,1,52,53
WBGene00021280.,0,2,2
WBGene00021281.,1454,6956,8410
WBGene00021282.,18,210,228
WBGene00021284.,2,6,8
WBGene00021285.,0,11,11
WBGene00021286.,259,3305,3564
WBGene00021287.,1,20,21
WBGene00021288.,1,9,10
WBGene00021289.,1,14,15
WBGene00021290.,0,0,0
WBGene00021291.,0,2,2
WBGene00021292.,417,6388,6805
WBGene00021293.,0,2,2
WBGene00021294.,581,1135,1716
WBGene00021295.,243,1839,2082
WBGene00021296.,30,1515,1545
WBGene00021297.,5,5,10
WBGene00021298.,0,0,0
WBGene00021299.,0,16,16
WBGene00021300.,0,1,1
WBGene00021301.,11,59,70
WBGene00021302.,8,17,25
WBGene00021303.,0,4,4
WBGene00021304.,111,457,568
WBGene00021305.,565,1360,1925
WBGene00021309.,29,328,357
WBGene00021310.,9,27,36
WBGene00021311.,114,1703,1817
WBGene00021312.,71,4279,4350
WBGene00021313.,139,1414,1553
WBGene00021314.,103,1138,1241
WBGene00021315.,61,1457,1518
WBGene00021316.,353,4010,4363
WBGene00021317.,0,0,0
WBGene00021319.,179,1113,1292
WBGene00021320.,152,675,827
WBGene00021321.,5,6,11
WBGene00021322.,88,651,739
WBGene00021323.,223,2498,2721
WBGene00021324.,124,726,850
WBGene00021325.,51,316,367
WBGene00021326.,14,88,102
WBGene00021327.,1488,7663,9151
WBGene00021328.,43,532,575
WBGene00021329.,223,1600,1823
WBGene00021331.,178,9319,9497
WBGene00021332.,352,728,1080
WBGene00021333.,155,328,483
WBGene00021334.,1002,1900,2902
WBGene00021335.,0,88,88
WBGene00021336.,0,2,2
WBGene00021337.,6,24,30
WBGene00021338.,9,38,47
WBGene00021339.,2,5,7
WBGene00021340.,62,565,627
WBGene00021342.,55,32,87
WBGene00021343.,86,220,306
WBGene00021344.,131,162,293
WBGene00021345.,0,7,7
WBGene00021346.,416,2527,2943
WBGene00021347.,424,8554,8978
WBGene00021348.,473,7031,7504
WBGene00021349.,50,532,582
WBGene00021350.,59043,623799,682842
WBGene00021351.,212,6429,6641
WBGene00021352.,229,3233,3462
WBGene00021353.,88,237,325
WBGene00021354.,24,62,86
WBGene00021355.,689,5420,6109
WBGene00021357.,36,110,146
WBGene00021358.,8,34,42
WBGene00021359.,190,1955,2145
WBGene00021360.,6,12,18
WBGene00021362.,119,358,477
WBGene00021363.,236,588,824
WBGene00021364.,1,17,18
WBGene00021365.,197,1218,1415
WBGene00021366.,157,1279,1436
WBGene00021367.,23,1391,1414
WBGene00021368.,6,5,11
WBGene00021369.,120,684,804
WBGene00021370.,287,2596,2883
WBGene00021371.,44,496,540
WBGene00021372.,13,1251,1264
WBGene00021373.,2,3,5
WBGene00021374.,295,953,1248
WBGene00021375.,77,2090,2167
WBGene00021376.,108,647,755
WBGene00021377.,42,1874,1916
WBGene00021378.,137,1780,1917
WBGene00021379.,17,143,160
WBGene00021380.,2,1,3
WBGene00021381.,4,2,6
WBGene00021382.,2706,2753,5459
WBGene00021383.,25,33,58
WBGene00021384.,27,77,104
WBGene00021385.,0,4,4
WBGene00021386.,17,44,61
WBGene00021387.,92,495,587
WBGene00021388.,166,1362,1528
WBGene00021389.,38,230,268
WBGene00021390.,0,6,6
WBGene00021391.,16,608,624
WBGene00021392.,61,2631,2692
WBGene00021394.,218,1355,1573
WBGene00021395.,145,1598,1743
WBGene00021396.,83,390,473
WBGene00021397.,2,17,19
WBGene00021398.,0,3,3
WBGene00021400.,81,659,740
WBGene00021401.,43,1555,1598
WBGene00021402.,72,758,830
WBGene00021403.,0,0,0
WBGene00021404.,0,0,0
WBGene00021405.,0,0,0
WBGene00021406.,0,0,0
WBGene00021407.,0,0,0
WBGene00021408.,0,0,0
WBGene00021409.,0,0,0
WBGene00021410.,40,30,70
WBGene00021412.,19,47,66
WBGene00021413.,22,5,27
WBGene00021414.,0,0,0
WBGene00021415.,303,3003,3306
WBGene00021416.,122,1065,1187
WBGene00021417.,12,76,88
WBGene00021418.,6,91,97
WBGene00021419.,34,322,356
WBGene00021420.,77,30698,30775
WBGene00021421.,178,2637,2815
WBGene00021423.,965,1791,2756
WBGene00021425.,327,2688,3015
WBGene00021427.,768,46509,47277
WBGene00021428.,17,6,23
WBGene00021430.,92,213,305
WBGene00021433.,0,1,1
WBGene00021434.,2,3,5
WBGene00021435.,8,5,13
WBGene00021436.,36,92,128
WBGene00021437.,85,48,133
WBGene00021438.,82,41,123
WBGene00021439.,436,1476,1912
WBGene00021440.,148,727,875
WBGene00021441.,508,4654,5162
WBGene00021442.,77,709,786
WBGene00021443.,434,1673,2107
WBGene00021444.,443,903,1346
WBGene00021446.,108,299,407
WBGene00021448.,4,10,14
WBGene00021449.,0,16,16
WBGene00021450.,5,7,12
WBGene00021451.,13,0,13
WBGene00021452.,54,1027,1081
WBGene00021453.,0,0,0
WBGene00021454.,1,0,1
WBGene00021456.,221,815,1036
WBGene00021457.,4,32,36
WBGene00021458.,1,6,7
WBGene00021460.,105,1542,1647
WBGene00021461.,120,81,201
WBGene00021463.,12,10,22
WBGene00021464.,3,96,99
WBGene00021465.,6,167,173
WBGene00021466.,690,14473,15163
WBGene00021467.,68,1936,2004
WBGene00021468.,37,3063,3100
WBGene00021469.,24,3681,3705
WBGene00021470.,118,814,932
WBGene00021471.,8,4,12
WBGene00021472.,1,2,3
WBGene00021473.,299,124,423
WBGene00021474.,1236,4771,6007
WBGene00021475.,607,7437,8044
WBGene00021476.,71,1152,1223
WBGene00021477.,21,12,33
WBGene00021478.,53,572,625
WBGene00021479.,31,11,42
WBGene00021482.,107,1082,1189
WBGene00021483.,3,7,10
WBGene00021484.,1,0,1
WBGene00021485.,4,1,5
WBGene00021486.,684,26536,27220
WBGene00021487.,98,558,656
WBGene00021488.,0,0,0
WBGene00021489.,11,2,13
WBGene00021490.,13,21,34
WBGene00021491.,1,8,9
WBGene00021492.,37,263,300
WBGene00021493.,53,457,510
WBGene00021494.,8,38,46
WBGene00021495.,3,40,43
WBGene00021496.,13,7,20
WBGene00021497.,164,405,569
WBGene00021500.,0,0,0
WBGene00021502.,41,480,521
WBGene00021503.,10,98,108
WBGene00021504.,20,83,103
WBGene00021505.,16,36,52
WBGene00021506.,232,2768,3000
WBGene00021507.,1307,3516,4823
WBGene00021508.,64,1590,1654
WBGene00021509.,1057,3065,4122
WBGene00021510.,124,736,860
WBGene00021511.,38,69,107
WBGene00021512.,362,852,1214
WBGene00021513.,122,9,131
WBGene00021514.,109,3940,4049
WBGene00021515.,59,426,485
WBGene00021516.,12,34,46
WBGene00021517.,6,3,9
WBGene00021518.,3,74,77
WBGene00021519.,2,15,17
WBGene00021520.,0,22,22
WBGene00021521.,10,50,60
WBGene00021522.,1036,1939,2975
WBGene00021524.,31,96,127
WBGene00021525.,11,24,35
WBGene00021526.,66,156,222
WBGene00021527.,182,573,755
WBGene00021528.,259,861,1120
WBGene00021529.,57,1904,1961
WBGene00021530.,7,1,8
WBGene00021531.,132,37,169
WBGene00021532.,315,14701,15016
WBGene00021533.,17,918,935
WBGene00021534.,1295,17223,18518
WBGene00021535.,2650,235,2885
WBGene00021536.,136,3569,3705
WBGene00021537.,16,14,30
WBGene00021538.,73,706,779
WBGene00021539.,266,3146,3412
WBGene00021540.,27,179,206
WBGene00021541.,3,214,217
WBGene00021542.,21,3,24
WBGene00021543.,90,3362,3452
WBGene00021544.,137,1050,1187
WBGene00021545.,674,1921,2595
WBGene00021546.,142,697,839
WBGene00021547.,90,924,1014
WBGene00021548.,69,3120,3189
WBGene00021549.,829,1323,2152
WBGene00021551.,430,3455,3885
WBGene00021552.,323,2085,2408
WBGene00021553.,8,26,34
WBGene00021554.,123,2452,2575
WBGene00021555.,7,129,136
WBGene00021556.,92,624,716
WBGene00021557.,0,125,125
WBGene00021558.,224,2475,2699
WBGene00021559.,113,1529,1642
WBGene00021560.,31,51,82
WBGene00021561.,598,1137,1735
WBGene00021562.,617,8450,9067
WBGene00021563.,134,2503,2637
WBGene00021564.,549,1557,2106
WBGene00021565.,6,6,12
WBGene00021566.,0,0,0
WBGene00021567.,0,0,0
WBGene00021568.,0,0,0
WBGene00021569.,0,0,0
WBGene00021570.,0,0,0
WBGene00021571.,0,0,0
WBGene00021572.,0,0,0
WBGene00021573.,0,0,0
WBGene00021574.,0,0,0
WBGene00021576.,3,25,28
WBGene00021578.,1,0,1
WBGene00021579.,0,2,2
WBGene00021580.,0,1,1
WBGene00021581.,7,2,9
WBGene00021582.,0,3,3
WBGene00021583.,12,41,53
WBGene00021585.,0,0,0
WBGene00021586.,4,1,5
WBGene00021587.,8,21,29
WBGene00021589.,8,1604,1612
WBGene00021590.,4,10,14
WBGene00021591.,0,0,0
WBGene00021592.,0,0,0
WBGene00021593.,10,1,11
WBGene00021594.,18,38,56
WBGene00021595.,246,3850,4096
WBGene00021596.,86,258,344
WBGene00021597.,3205,2587,5792
WBGene00021599.,42,165,207
WBGene00021600.,21,317,338
WBGene00021601.,9,6,15
WBGene00021602.,7,14,21
WBGene00021603.,1,5,6
WBGene00021604.,1,1,2
WBGene00021605.,16,82,98
WBGene00021606.,9,19,28
WBGene00021607.,1,229,230
WBGene00021608.,1,0,1
WBGene00021609.,15,14,29
WBGene00021610.,28,354,382
WBGene00021611.,67,368,435
WBGene00021612.,0,10,10
WBGene00021613.,273,1792,2065
WBGene00021614.,495,6631,7126
WBGene00021615.,2,0,2
WBGene00021616.,0,0,0
WBGene00021617.,2,1,3
WBGene00021619.,0,0,0
WBGene00021620.,0,0,0
WBGene00021621.,0,4,4
WBGene00021622.,1,0,1
WBGene00021623.,0,1,1
WBGene00021624.,4,40,44
WBGene00021625.,0,1488,1488
WBGene00021626.,188,729,917
WBGene00021627.,2,9,11
WBGene00021628.,367,2354,2721
WBGene00021629.,432,3202,3634
WBGene00021630.,1,3,4
WBGene00021631.,1,0,1
WBGene00021632.,1,1,2
WBGene00021633.,11,27,38
WBGene00021634.,302,964,1266
WBGene00021635.,4,29,33
WBGene00021636.,121,1139,1260
WBGene00021637.,128,854,982
WBGene00021638.,273,2779,3052
WBGene00021639.,8,62,70
WBGene00021640.,139,226,365
WBGene00021641.,44,33,77
WBGene00021643.,129,975,1104
WBGene00021644.,125,3386,3511
WBGene00021645.,147,823,970
WBGene00021646.,294,1642,1936
WBGene00021647.,393,5728,6121
WBGene00021648.,10,1596,1606
WBGene00021649.,4,240,244
WBGene00021650.,1,7,8
WBGene00021651.,3,11,14
WBGene00021653.,0,4,4
WBGene00021654.,2,158,160
WBGene00021655.,35,950,985
WBGene00021656.,6,20,26
WBGene00021657.,93,620,713
WBGene00021658.,3,175,178
WBGene00021660.,714,3992,4706
WBGene00021661.,58,195,253
WBGene00021662.,2,21,23
WBGene00021664.,2,4,6
WBGene00021666.,106,1263,1369
WBGene00021667.,4,59,63
WBGene00021668.,18,36,54
WBGene00021671.,6,48,54
WBGene00021672.,36,17,53
WBGene00021673.,30,12,42
WBGene00021675.,82,226,308
WBGene00021676.,22,512,534
WBGene00021677.,37,781,818
WBGene00021678.,12,3,15
WBGene00021679.,32,477,509
WBGene00021681.,1190,2264,3454
WBGene00021682.,717,1490,2207
WBGene00021683.,195,497,692
WBGene00021685.,1277,1234,2511
WBGene00021686.,1198,3435,4633
WBGene00021687.,122,917,1039
WBGene00021689.,254,647,901
WBGene00021690.,94,1417,1511
WBGene00021691.,141,3411,3552
WBGene00021692.,35,366,401
WBGene00021693.,60,172,232
WBGene00021694.,10,60,70
WBGene00021697.,2131,7932,10063
WBGene00021698.,657,1928,2585
WBGene00021700.,0,11,11
WBGene00021701.,40,25,65
WBGene00021702.,180,1377,1557
WBGene00021703.,3,2,5
WBGene00021704.,60,116,176
WBGene00021706.,9,44,53
WBGene00021707.,2,36,38
WBGene00021708.,1,20,21
WBGene00021709.,9,135,144
WBGene00021710.,2,24,26
WBGene00021711.,1,2,3
WBGene00021713.,0,1,1
WBGene00021714.,99,664,763
WBGene00021715.,341,5247,5588
WBGene00021716.,1,5,6
WBGene00021717.,0,1,1
WBGene00021718.,0,0,0
WBGene00021719.,0,0,0
WBGene00021720.,5,3,8
WBGene00021721.,17,118,135
WBGene00021722.,1,2,3
WBGene00021723.,0,0,0
WBGene00021724.,2,2,4
WBGene00021725.,23,200,223
WBGene00021726.,4,22,26
WBGene00021727.,0,1,1
WBGene00021728.,8,40,48
WBGene00021729.,0,2,2
WBGene00021730.,0,10,10
WBGene00021731.,3,38,41
WBGene00021732.,126,343,469
WBGene00021733.,663,1602,2265
WBGene00021734.,72,109,181
WBGene00021735.,365,1521,1886
WBGene00021736.,103,2074,2177
WBGene00021737.,0,4,4
WBGene00021738.,283,875,1158
WBGene00021739.,25,1796,1821
WBGene00021740.,157,480,637
WBGene00021741.,41,223,264
WBGene00021743.,102,326,428
WBGene00021744.,1,1,2
WBGene00021745.,55,203,258
WBGene00021746.,1,3,4
WBGene00021747.,11,15,26
WBGene00021748.,118,815,933
WBGene00021749.,130,1256,1386
WBGene00021750.,50,429,479
WBGene00021751.,1260,312,1572
WBGene00021752.,865,663,1528
WBGene00021753.,468,1973,2441
WBGene00021754.,1136,9528,10664
WBGene00021755.,77,164,241
WBGene00021756.,425,638,1063
WBGene00021757.,432,2998,3430
WBGene00021758.,246,1441,1687
WBGene00021763.,99,574,673
WBGene00021764.,59,234,293
WBGene00021765.,456,930,1386
WBGene00021766.,91,743,834
WBGene00021768.,17,599,616
WBGene00021771.,445,1643,2088
WBGene00021772.,4,0,4
WBGene00021773.,0,0,0
WBGene00021774.,1,10,11
WBGene00021776.,201,623,824
WBGene00021778.,6,187,193
WBGene00021779.,0,1,1
WBGene00021780.,0,0,0
WBGene00021781.,59,593,652
WBGene00021783.,440,3599,4039
WBGene00021784.,103,2191,2294
WBGene00021785.,105,3397,3502
WBGene00021786.,3,11,14
WBGene00021787.,4,5,9
WBGene00021788.,261,52,313
WBGene00021789.,402,2013,2415
WBGene00021790.,4,3,7
WBGene00021791.,1,1,2
WBGene00021792.,0,2,2
WBGene00021793.,1,0,1
WBGene00021794.,6,13,19
WBGene00021795.,3,87,90
WBGene00021796.,81,1817,1898
WBGene00021797.,5,7,12
WBGene00021798.,7,0,7
WBGene00021799.,28,150,178
WBGene00021800.,577,18701,19278
WBGene00021801.,0,0,0
WBGene00021804.,0,23,23
WBGene00021805.,0,2,2
WBGene00021806.,0,0,0
WBGene00021807.,19,46,65
WBGene00021808.,512,1828,2340
WBGene00021809.,0,1,1
WBGene00021810.,942,1922,2864
WBGene00021811.,620,6473,7093
WBGene00021812.,36,613,649
WBGene00021813.,142,3351,3493
WBGene00021814.,27,47,74
WBGene00021815.,108,2623,2731
WBGene00021816.,135,3185,3320
WBGene00021817.,53,415,468
WBGene00021818.,1372,10231,11603
WBGene00021819.,11,24,35
WBGene00021820.,553,865,1418
WBGene00021821.,0,4,4
WBGene00021826.,298,5819,6117
WBGene00021827.,108,843,951
WBGene00021828.,396,1953,2349
WBGene00021829.,49,8079,8128
WBGene00021830.,157,7350,7507
WBGene00021831.,616,2446,3062
WBGene00021832.,77,209,286
WBGene00021833.,11,0,11
WBGene00021834.,22,1038,1060
WBGene00021835.,74,876,950
WBGene00021838.,745,2530,3275
WBGene00021839.,602,8981,9583
WBGene00021840.,376,812,1188
WBGene00021841.,29,502,531
WBGene00021842.,391,1446,1837
WBGene00021843.,851,7718,8569
WBGene00021844.,203,4567,4770
WBGene00021845.,57,5800,5857
WBGene00021846.,208,764,972
WBGene00021847.,229,2211,2440
WBGene00021848.,44,115,159
WBGene00021849.,923,25070,25993
WBGene00021850.,52,264,316
WBGene00021852.,37,370,407
WBGene00021853.,0,151,151
WBGene00021854.,310,3035,3345
WBGene00021855.,157,897,1054
WBGene00021856.,553,1540,2093
WBGene00021857.,1831,10612,12443
WBGene00021858.,10,14,24
WBGene00021859.,1,8,9
WBGene00021860.,3,2,5
WBGene00021861.,1,9,10
WBGene00021862.,5,5,10
WBGene00021863.,118,675,793
WBGene00021864.,79,687,766
WBGene00021865.,17,17,34
WBGene00021866.,65,901,966
WBGene00021867.,193,2133,2326
WBGene00021868.,282,3794,4076
WBGene00021869.,8,70,78
WBGene00021870.,125,1424,1549
WBGene00021871.,68,281,349
WBGene00021872.,18,77,95
WBGene00021873.,1,1,2
WBGene00021875.,729,10447,11176
WBGene00021876.,409,1889,2298
WBGene00021877.,68,135,203
WBGene00021878.,9,1,10
WBGene00021879.,2,42,44
WBGene00021880.,0,1,1
WBGene00021881.,95,145,240
WBGene00021882.,1186,1735,2921
WBGene00021883.,158,10188,10346
WBGene00021884.,1,509,510
WBGene00021885.,8,5,13
WBGene00021886.,607,211,818
WBGene00021887.,18,142,160
WBGene00021888.,290,10283,10573
WBGene00021889.,2,12,14
WBGene00021890.,704,6365,7069
WBGene00021892.,13,9,22
WBGene00021893.,3115,7641,10756
WBGene00021894.,1896,15135,17031
WBGene00021895.,4,8,12
WBGene00021897.,153,594,747
WBGene00021898.,4,233,237
WBGene00021899.,577,10671,11248
WBGene00021900.,142,4175,4317
WBGene00021901.,30,3062,3092
WBGene00021902.,128,697,825
WBGene00021904.,70,1142,1212
WBGene00021905.,97,788,885
WBGene00021906.,428,1172,1600
WBGene00021907.,2,2,4
WBGene00021908.,1,6,7
WBGene00021909.,38,1494,1532
WBGene00021910.,275,1434,1709
WBGene00021911.,1,11,12
WBGene00021912.,117,804,921
WBGene00021913.,54,1570,1624
WBGene00021914.,225,770,995
WBGene00021915.,327,1659,1986
WBGene00021917.,22,462,484
WBGene00021918.,84,3718,3802
WBGene00021919.,28,252,280
WBGene00021920.,712,6610,7322
WBGene00021921.,602,5540,6142
WBGene00021922.,67,2370,2437
WBGene00021923.,199,607,806
WBGene00021925.,210,884,1094
WBGene00021926.,341,2911,3252
WBGene00021927.,20,526,546
WBGene00021928.,51,393,444
WBGene00021929.,43,2338,2381
WBGene00021930.,447,12979,13426
WBGene00021931.,189,542,731
WBGene00021932.,127,1438,1565
WBGene00021933.,39,642,681
WBGene00021934.,281,8229,8510
WBGene00021935.,180,967,1147
WBGene00021936.,968,3323,4291
WBGene00021938.,138,2687,2825
WBGene00021939.,75,129,204
WBGene00021941.,45,156,201
WBGene00021942.,33,376,409
WBGene00021943.,354,4782,5136
WBGene00021945.,165,552,717
WBGene00021947.,7,12,19
WBGene00021948.,693,2709,3402
WBGene00021949.,1,9,10
WBGene00021950.,72,603,675
WBGene00021951.,10,12,22
WBGene00021952.,389,7134,7523
WBGene00021953.,6,26,32
WBGene00021956.,91,2700,2791
WBGene00021957.,2,1,3
WBGene00021958.,7,26,33
WBGene00021959.,664,11715,12379
WBGene00021960.,241,7704,7945
WBGene00021961.,0,0,0
WBGene00021963.,64,395,459
WBGene00021964.,1,0,1
WBGene00021965.,68,706,774
WBGene00021966.,0,8,8
WBGene00021967.,0,1,1
WBGene00021968.,60,27,87
WBGene00021969.,1,0,1
WBGene00021970.,34,12,46
WBGene00021971.,0,2,2
WBGene00021972.,62,519,581
WBGene00021973.,335,2695,3030
WBGene00021974.,213,2871,3084
WBGene00021975.,46,420,466
WBGene00021976.,36,584,620
WBGene00021977.,9,153,162
WBGene00021978.,0,68,68
WBGene00021979.,2,1410,1412
WBGene00021980.,162,442,604
WBGene00021981.,63,4228,4291
WBGene00021983.,109,2665,2774
WBGene00021984.,67,508,575
WBGene00021985.,276,1810,2086
WBGene00021986.,250,1573,1823
WBGene00021987.,0,0,0
WBGene00021988.,0,0,0
WBGene00021990.,22,36,58
WBGene00021992.,1,0,1
WBGene00021993.,0,9,9
WBGene00021994.,13,106,119
WBGene00021995.,0,1,1
WBGene00021996.,0,1,1
WBGene00021997.,0,0,0
WBGene00021998.,0,0,0
WBGene00021999.,0,1,1
WBGene00022000.,0,0,0
WBGene00022001.,12,0,12
WBGene00022002.,0,0,0
WBGene00022003.,0,0,0
WBGene00022004.,23,420,443
WBGene00022005.,0,5,5
WBGene00022006.,0,0,0
WBGene00022007.,0,0,0
WBGene00022008.,3,3,6
WBGene00022010.,218,2122,2340
WBGene00022011.,4,3,7
WBGene00022012.,1,23,24
WBGene00022013.,1,157,158
WBGene00022014.,350,556,906
WBGene00022015.,599,2505,3104
WBGene00022016.,7,14,21
WBGene00022017.,2,8,10
WBGene00022018.,22,395,417
WBGene00022019.,684,3982,4666
WBGene00022020.,0,4,4
WBGene00022021.,547,5675,6222
WBGene00022022.,62,1615,1677
WBGene00022023.,1,0,1
WBGene00022024.,4,147,151
WBGene00022025.,208,2839,3047
WBGene00022026.,475,3592,4067
WBGene00022027.,521,7560,8081
WBGene00022028.,14,10,24
WBGene00022029.,145,3378,3523
WBGene00022030.,9,13,22
WBGene00022031.,158,1072,1230
WBGene00022032.,12,9,21
WBGene00022033.,52,442,494
WBGene00022034.,42,689,731
WBGene00022035.,43,50,93
WBGene00022036.,38,163,201
WBGene00022037.,119,1222,1341
WBGene00022038.,135,1446,1581
WBGene00022039.,7,63,70
WBGene00022040.,13,51,64
WBGene00022042.,14260,180505,194765
WBGene00022043.,30,1279,1309
WBGene00022044.,36,2315,2351
WBGene00022045.,648,6543,7191
WBGene00022046.,8,32280,32288
WBGene00022047.,4,104,108
WBGene00022048.,2377,29037,31414
WBGene00022051.,219,970,1189
WBGene00022052.,104,820,924
WBGene00022053.,1212,21952,23164
WBGene00022054.,67,764,831
WBGene00022055.,21,604,625
WBGene00022056.,126,341,467
WBGene00022057.,87,2149,2236
WBGene00022059.,2984,2946,5930
WBGene00022060.,14,610,624
WBGene00022061.,33,55,88
WBGene00022062.,28,54,82
WBGene00022063.,134,1279,1413
WBGene00022064.,2,0,2
WBGene00022066.,0,18,18
WBGene00022067.,219,696,915
WBGene00022069.,402,11608,12010
WBGene00022070.,0,10,10
WBGene00022071.,16,144,160
WBGene00022072.,3911,60108,64019
WBGene00022073.,151,1057,1208
WBGene00022074.,324,1718,2042
WBGene00022075.,778,14843,15621
WBGene00022076.,12,9,21
WBGene00022077.,152,1637,1789
WBGene00022078.,1448,3082,4530
WBGene00022079.,7,5,12
WBGene00022082.,3,10,13
WBGene00022083.,0,6,6
WBGene00022085.,8,11,19
WBGene00022086.,50,52,102
WBGene00022087.,1317,1707,3024
WBGene00022089.,1754,86739,88493
WBGene00022090.,7,9,16
WBGene00022092.,250,4615,4865
WBGene00022093.,1528,25837,27365
WBGene00022094.,2,1,3
WBGene00022095.,0,0,0
WBGene00022096.,0,0,0
WBGene00022097.,1,1,2
WBGene00022099.,399,7518,7917
WBGene00022100.,947,2430,3377
WBGene00022101.,40,244,284
WBGene00022102.,10,58,68
WBGene00022103.,343,738,1081
WBGene00022104.,276,400,676
WBGene00022106.,141,310,451
WBGene00022107.,79,1983,2062
WBGene00022108.,13,17,30
WBGene00022110.,15,175,190
WBGene00022111.,0,121,121
WBGene00022112.,0,7,7
WBGene00022113.,46,218,264
WBGene00022114.,188,24796,24984
WBGene00022115.,241,2254,2495
WBGene00022117.,517,879,1396
WBGene00022118.,157,1194,1351
WBGene00022119.,39,6431,6470
WBGene00022121.,335,1063,1398
WBGene00022122.,219,29450,29669
WBGene00022123.,108,631,739
WBGene00022124.,279,573,852
WBGene00022125.,68,804,872
WBGene00022126.,165,776,941
WBGene00022127.,15,20980,20995
WBGene00022128.,161,1675,1836
WBGene00022129.,101,838,939
WBGene00022130.,8,80,88
WBGene00022131.,134,683,817
WBGene00022133.,0,1,1
WBGene00022134.,1007,4714,5721
WBGene00022138.,461,1076,1537
WBGene00022139.,405,1640,2045
WBGene00022140.,29,8,37
WBGene00022141.,29,1557,1586
WBGene00022142.,6,12,18
WBGene00022143.,2,6,8
WBGene00022144.,150,9451,9601
WBGene00022145.,7,14,21
WBGene00022146.,111,5852,5963
WBGene00022148.,1410,4053,5463
WBGene00022149.,389,1921,2310
WBGene00022150.,33,4325,4358
WBGene00022152.,426,1547,1973
WBGene00022153.,415,1434,1849
WBGene00022154.,45,306,351
WBGene00022155.,93,1155,1248
WBGene00022156.,2,33,35
WBGene00022157.,10,4,14
WBGene00022158.,58,934,992
WBGene00022159.,434,5365,5799
WBGene00022160.,21,756,777
WBGene00022161.,19,562,581
WBGene00022162.,0,0,0
WBGene00022163.,14,20,34
WBGene00022165.,160,921,1081
WBGene00022166.,214,653,867
WBGene00022167.,157,1095,1252
WBGene00022168.,503,1944,2447
WBGene00022169.,548,6728,7276
WBGene00022170.,7033,90353,97386
WBGene00022171.,0,143,143
WBGene00022172.,0,87,87
WBGene00022173.,0,1094,1094
WBGene00022174.,262,909,1171
WBGene00022175.,145,619,764
WBGene00022176.,400,2108,2508
WBGene00022177.,3,17,20
WBGene00022178.,8,104,112
WBGene00022179.,9,40,49
WBGene00022180.,308,5211,5519
WBGene00022181.,19,66,85
WBGene00022182.,533,3002,3535
WBGene00022185.,199,2025,2224
WBGene00022188.,169,1925,2094
WBGene00022189.,0,4,4
WBGene00022190.,23,528,551
WBGene00022191.,48,254,302
WBGene00022192.,152,2352,2504
WBGene00022193.,65,879,944
WBGene00022194.,800,21677,22477
WBGene00022195.,166,807,973
WBGene00022196.,16,395,411
WBGene00022197.,80,445,525
WBGene00022198.,94,352,446
WBGene00022199.,124,12561,12685
WBGene00022200.,16,100,116
WBGene00022201.,90,2122,2212
WBGene00022202.,233,4173,4406
WBGene00022203.,26,836,862
WBGene00022204.,1,24,25
WBGene00022205.,42,147,189
WBGene00022206.,65,158,223
WBGene00022207.,2,0,2
WBGene00022209.,0,0,0
WBGene00022210.,1,2,3
WBGene00022211.,110,686,796
WBGene00022213.,15,53,68
WBGene00022214.,3,5,8
WBGene00022215.,1,10,11
WBGene00022216.,3,21,24
WBGene00022217.,0,0,0
WBGene00022218.,1,0,1
WBGene00022219.,145,784,929
WBGene00022221.,235,647,882
WBGene00022222.,11,26,37
WBGene00022223.,7,2,9
WBGene00022224.,0,12,12
WBGene00022225.,3,13,16
WBGene00022227.,38,276,314
WBGene00022228.,65,163,228
WBGene00022229.,44,44,88
WBGene00022230.,1611,20341,21952
WBGene00022231.,133,564,697
WBGene00022232.,119,1240,1359
WBGene00022233.,246,4303,4549
WBGene00022235.,1258,67184,68442
WBGene00022236.,0,50,50
WBGene00022237.,2,4,6
WBGene00022240.,158,1769,1927
WBGene00022242.,362,5434,5796
WBGene00022243.,0,32,32
WBGene00022244.,0,145,145
WBGene00022245.,978,10010,10988
WBGene00022246.,23,197,220
WBGene00022247.,74,155,229
WBGene00022248.,277,5200,5477
WBGene00022249.,0,0,0
WBGene00022250.,50,730,780
WBGene00022251.,116,1868,1984
WBGene00022252.,42,339,381
WBGene00022253.,142,4406,4548
WBGene00022254.,40,1675,1715
WBGene00022255.,34,397,431
WBGene00022256.,3,8,11
WBGene00022257.,0,68,68
WBGene00022258.,144,1150,1294
WBGene00022259.,109,1123,1232
WBGene00022260.,140,1497,1637
WBGene00022261.,8,75,83
WBGene00022262.,1,0,1
WBGene00022263.,6,179,185
WBGene00022264.,0,2,2
WBGene00022265.,0,3,3
WBGene00022266.,0,0,0
WBGene00022267.,47,108,155
WBGene00022268.,405,4320,4725
WBGene00022269.,438,4310,4748
WBGene00022270.,227,737,964
WBGene00022271.,34,3162,3196
WBGene00022272.,1,31,32
WBGene00022273.,71,802,873
WBGene00022274.,54,329,383
WBGene00022275.,3,50,53
WBGene00022276.,238,1595,1833
WBGene00022277.,294,3239,3533
WBGene00022278.,376,1465,1841
WBGene00022279.,205,3322,3527
WBGene00022280.,151,1915,2066
WBGene00022281.,500,2175,2675
WBGene00022282.,0,4,4
WBGene00022283.,55,521,576
WBGene00022284.,95,582,677
WBGene00022285.,758,594,1352
WBGene00022286.,165,583,748
WBGene00022287.,232,4514,4746
WBGene00022288.,22,134,156
WBGene00022289.,3,479,482
WBGene00022290.,1,0,1
WBGene00022291.,0,0,0
WBGene00022292.,0,0,0
WBGene00022295.,17,50,67
WBGene00022296.,873,2008,2881
WBGene00022297.,215,6304,6519
WBGene00022298.,4,21,25
WBGene00022300.,280,1190,1470
WBGene00022301.,814,2668,3482
WBGene00022302.,71,1247,1318
WBGene00022303.,0,150,150
WBGene00022306.,1392,3807,5199
WBGene00022307.,32,1093,1125
WBGene00022308.,1,3,4
WBGene00022309.,199,1339,1538
WBGene00022310.,367,738,1105
WBGene00022311.,1,2,3
WBGene00022312.,0,2,2
WBGene00022313.,140,186,326
WBGene00022314.,100,698,798
WBGene00022315.,0,1,1
WBGene00022316.,0,0,0
WBGene00022317.,6,47,53
WBGene00022318.,0,0,0
WBGene00022319.,1,0,1
WBGene00022320.,6,0,6
WBGene00022321.,3,1,4
WBGene00022322.,1,0,1
WBGene00022323.,0,0,0
WBGene00022324.,0,9,9
WBGene00022325.,11,132,143
WBGene00022326.,1,28,29
WBGene00022327.,6,17,23
WBGene00022328.,3,1,4
WBGene00022329.,11,42,53
WBGene00022330.,1,11,12
WBGene00022331.,8,11,19
WBGene00022332.,3,3,6
WBGene00022333.,4,30,34
WBGene00022334.,24,15,39
WBGene00022335.,23,70,93
WBGene00022336.,792,460994,461786
WBGene00022337.,0,7,7
WBGene00022338.,24,17,41
WBGene00022339.,801,9673,10474
WBGene00022340.,0,0,0
WBGene00022341.,0,0,0
WBGene00022342.,1,0,1
WBGene00022343.,1,2,3
WBGene00022344.,2,4,6
WBGene00022345.,3,8,11
WBGene00022346.,3,20,23
WBGene00022347.,259,3052,3311
WBGene00022348.,129,3877,4006
WBGene00022349.,19,145,164
WBGene00022350.,317,1611,1928
WBGene00022351.,142,300,442
WBGene00022352.,0,1,1
WBGene00022353.,2,40,42
WBGene00022354.,463,1182,1645
WBGene00022356.,5,635,640
WBGene00022357.,135,1354,1489
WBGene00022358.,317,1199,1516
WBGene00022360.,331,2359,2690
WBGene00022361.,548,1540,2088
WBGene00022363.,217,921,1138
WBGene00022365.,16,145,161
WBGene00022366.,401,1021,1422
WBGene00022367.,196,181,377
WBGene00022368.,151,2111,2262
WBGene00022369.,228,1644,1872
WBGene00022370.,199,286,485
WBGene00022371.,326,1386,1712
WBGene00022372.,165,399,564
WBGene00022373.,446,8945,9391
WBGene00022374.,12,145,157
WBGene00022375.,4,10,14
WBGene00022376.,240,3277,3517
WBGene00022377.,10,98,108
WBGene00022378.,1062,6026,7088
WBGene00022379.,39,297,336
WBGene00022380.,967,10110,11077
WBGene00022381.,183,2703,2886
WBGene00022382.,0,1044,1044
WBGene00022385.,13,14,27
WBGene00022386.,358,1429,1787
WBGene00022388.,526,1477,2003
WBGene00022389.,316,2100,2416
WBGene00022390.,51,259,310
WBGene00022391.,344,856,1200
WBGene00022392.,22,53,75
WBGene00022393.,125,1916,2041
WBGene00022394.,58,6117,6175
WBGene00022395.,22,98,120
WBGene00022396.,60,1118,1178
WBGene00022397.,395,2456,2851
WBGene00022398.,49,755,804
WBGene00022399.,33,288,321
WBGene00022400.,52,2752,2804
WBGene00022401.,104,4850,4954
WBGene00022402.,37,2159,2196
WBGene00022403.,2,7,9
WBGene00022404.,1,9,10
WBGene00022405.,2,34,36
WBGene00022406.,1,4,5
WBGene00022407.,2,3,5
WBGene00022408.,0,24,24
WBGene00022409.,7,41,48
WBGene00022410.,24,12665,12689
WBGene00022411.,12,15,27
WBGene00022412.,29,174,203
WBGene00022413.,10,42,52
WBGene00022415.,26,907,933
WBGene00022416.,93,480,573
WBGene00022417.,36,559,595
WBGene00022418.,97,1057,1154
WBGene00022419.,78,518,596
WBGene00022420.,59,1650,1709
WBGene00022421.,1,3,4
WBGene00022423.,162,193,355
WBGene00022425.,281,1469,1750
WBGene00022426.,136,924,1060
WBGene00022427.,274,1443,1717
WBGene00022428.,94,615,709
WBGene00022429.,0,0,0
WBGene00022431.,38,3,41
WBGene00022432.,1,16,17
WBGene00022433.,0,1,1
WBGene00022434.,718,1482,2200
WBGene00022435.,319,352,671
WBGene00022438.,1,1,2
WBGene00022439.,4,4,8
WBGene00022440.,9,39,48
WBGene00022441.,113,1163,1276
WBGene00022442.,1,0,1
WBGene00022443.,0,3,3
WBGene00022444.,0,2,2
WBGene00022445.,6,49,55
WBGene00022446.,0,6,6
WBGene00022447.,367,647,1014
WBGene00022448.,173,1264,1437
WBGene00022450.,76,948,1024
WBGene00022452.,0,173,173
WBGene00022453.,204,3731,3935
WBGene00022454.,89,45,134
WBGene00022455.,31,3276,3307
WBGene00022456.,212,3551,3763
WBGene00022457.,111,887,998
WBGene00022458.,15,3816,3831
WBGene00022459.,45,804,849
WBGene00022460.,120,1567,1687
WBGene00022462.,17,344,361
WBGene00022463.,280,2948,3228
WBGene00022465.,70,790,860
WBGene00022466.,89,1619,1708
WBGene00022467.,0,8,8
WBGene00022469.,13,157,170
WBGene00022470.,688,6236,6924
WBGene00022471.,81,461,542
WBGene00022472.,372,5297,5669
WBGene00022473.,2779,5495,8274
WBGene00022474.,11,26,37
WBGene00022475.,73,1928,2001
WBGene00022476.,1,0,1
WBGene00022477.,2,0,2
WBGene00022478.,2,8,10
WBGene00022479.,1,6,7
WBGene00022481.,0,0,0
WBGene00022482.,0,3,3
WBGene00022483.,0,0,0
WBGene00022484.,6,38,44
WBGene00022485.,110,379,489
WBGene00022486.,12,31,43
WBGene00022487.,2,14,16
WBGene00022488.,119,1050,1169
WBGene00022489.,509,4852,5361
WBGene00022490.,12,28,40
WBGene00022491.,141,203,344
WBGene00022492.,159,5459,5618
WBGene00022493.,206,2039,2245
WBGene00022494.,0,74,74
WBGene00022495.,0,1,1
WBGene00022496.,0,41,41
WBGene00022497.,0,1363,1363
WBGene00022498.,8,39,47
WBGene00022499.,427,11662,12089
WBGene00022500.,485,5839,6324
WBGene00022501.,873,1437,2310
WBGene00022502.,69,784,853
WBGene00022503.,13,164,177
WBGene00022504.,35,101,136
WBGene00022505.,36,655,691
WBGene00022506.,10,25,35
WBGene00022507.,29,9,38
WBGene00022508.,0,3,3
WBGene00022509.,0,0,0
WBGene00022511.,1,1,2
WBGene00022512.,1,2,3
WBGene00022515.,57,1137,1194
WBGene00022516.,93,3512,3605
WBGene00022517.,103,236,339
WBGene00022518.,428,546,974
WBGene00022519.,343,2879,3222
WBGene00022521.,55,95,150
WBGene00022522.,18,162,180
WBGene00022526.,19,10,29
WBGene00022527.,67,63,130
WBGene00022528.,2,20,22
WBGene00022529.,3,2,5
WBGene00022530.,5,153,158
WBGene00022531.,43,1173,1216
WBGene00022532.,4,117,121
WBGene00022533.,13,141,154
WBGene00022534.,161,2273,2434
WBGene00022536.,1,4,5
WBGene00022537.,36,88,124
WBGene00022538.,172,5015,5187
WBGene00022539.,22,52,74
WBGene00022540.,45,39,84
WBGene00022541.,0,1,1
WBGene00022542.,1,2,3
WBGene00022544.,32,6,38
WBGene00022545.,0,2,2
WBGene00022546.,6,11,17
WBGene00022547.,5,38,43
WBGene00022548.,2,3,5
WBGene00022549.,11,15,26
WBGene00022550.,4,7,11
WBGene00022551.,0,1,1
WBGene00022552.,0,25,25
WBGene00022553.,0,0,0
WBGene00022554.,28,585,613
WBGene00022555.,0,0,0
WBGene00022556.,1,1,2
WBGene00022557.,0,3,3
WBGene00022558.,0,0,0
WBGene00022559.,1,1,2
WBGene00022560.,0,6,6
WBGene00022561.,0,0,0
WBGene00022562.,17,115,132
WBGene00022563.,0,1,1
WBGene00022564.,72,487,559
WBGene00022565.,3,20,23
WBGene00022566.,4,102,106
WBGene00022567.,25,86,111
WBGene00022568.,26,594,620
WBGene00022569.,33,990,1023
WBGene00022570.,3,18,21
WBGene00022571.,0,1,1
WBGene00022572.,0,1,1
WBGene00022573.,1,12,13
WBGene00022574.,2,19,21
WBGene00022575.,0,1,1
WBGene00022576.,32,247,279
WBGene00022577.,39,475,514
WBGene00022578.,0,0,0
WBGene00022579.,409,4683,5092
WBGene00022580.,203,2635,2838
WBGene00022581.,1,7,8
WBGene00022582.,0,0,0
WBGene00022583.,258,5943,6201
WBGene00022584.,50,216,266
WBGene00022586.,8,39,47
WBGene00022587.,0,4,4
WBGene00022588.,18,255,273
WBGene00022589.,12,2,14
WBGene00022590.,1,25,26
WBGene00022591.,260,2672,2932
WBGene00022592.,287,896,1183
WBGene00022593.,110,254,364
WBGene00022594.,2,10,12
WBGene00022596.,3,4,7
WBGene00022597.,66,404,470
WBGene00022598.,133,1718,1851
WBGene00022599.,1849,53772,55621
WBGene00022600.,2,0,2
WBGene00022601.,22,192,214
WBGene00022603.,97,1941,2038
WBGene00022604.,0,0,0
WBGene00022605.,2,3,5
WBGene00022606.,8,41,49
WBGene00022608.,172,1255,1427
WBGene00022609.,72,479,551
WBGene00022610.,27,105,132
WBGene00022611.,34,164,198
WBGene00022612.,21,212,233
WBGene00022613.,134,859,993
WBGene00022614.,208,1837,2045
WBGene00022615.,21,1319,1340
WBGene00022616.,1,1,2
WBGene00022617.,1,2,3
WBGene00022618.,241,5603,5844
WBGene00022619.,0,9,9
WBGene00022620.,108,1533,1641
WBGene00022621.,2,1,3
WBGene00022622.,10,3,13
WBGene00022623.,18,373,391
WBGene00022624.,27,66,93
WBGene00022627.,4,31,35
WBGene00022628.,9,24,33
WBGene00022629.,32,1131,1163
WBGene00022630.,0,4,4
WBGene00022631.,24,214,238
WBGene00022632.,9,12,21
WBGene00022633.,45,449,494
WBGene00022634.,2,1,3
WBGene00022635.,73,422,495
WBGene00022636.,1,1,2
WBGene00022637.,1,1,2
WBGene00022638.,2,1,3
WBGene00022639.,1,8,9
WBGene00022640.,8,9,17
WBGene00022641.,3,52,55
WBGene00022642.,20,143,163
WBGene00022643.,1,12,13
WBGene00022644.,8,149,157
WBGene00022645.,15,184,199
WBGene00022646.,11,1431,1442
WBGene00022647.,87,663,750
WBGene00022648.,125,358,483
WBGene00022649.,20,165,185
WBGene00022650.,250,254,504
WBGene00022651.,0,3,3
WBGene00022652.,0,2,2
WBGene00022653.,17,87,104
WBGene00022654.,3,2,5
WBGene00022655.,12,29,41
WBGene00022656.,9,173,182
WBGene00022657.,22,1552,1574
WBGene00022658.,1,15,16
WBGene00022660.,0,34,34
WBGene00022661.,60,177,237
WBGene00022662.,15,55,70
WBGene00022663.,92,1828,1920
WBGene00022664.,54,472,526
WBGene00022665.,43,703,746
WBGene00022666.,104,1819,1923
WBGene00022667.,320,2520,2840
WBGene00022668.,349,1975,2324
WBGene00022669.,0,0,0
WBGene00022670.,1,0,1
WBGene00022671.,8,27,35
WBGene00022672.,214,1197,1411
WBGene00022673.,65,740,805
WBGene00022674.,0,4,4
WBGene00022675.,836,2518,3354
WBGene00022677.,54,736,790
WBGene00022678.,236,10545,10781
WBGene00022679.,4,1449,1453
WBGene00022680.,21,152,173
WBGene00022681.,58,216,274
WBGene00022682.,27,128,155
WBGene00022683.,54,578,632
WBGene00022685.,0,4,4
WBGene00022688.,1,2,3
WBGene00022689.,0,0,0
WBGene00022690.,1,4,5
WBGene00022691.,2,3,5
WBGene00022694.,91,1340,1431
WBGene00022695.,115,890,1005
WBGene00022696.,34,190,224
WBGene00022697.,290,2871,3161
WBGene00022698.,32,256,288
WBGene00022699.,1,2,3
WBGene00022700.,17,147,164
WBGene00022702.,11,732,743
WBGene00022703.,322,2900,3222
WBGene00022704.,87,1041,1128
WBGene00022705.,15,77,92
WBGene00022706.,11,178,189
WBGene00022707.,2,2,4
WBGene00022708.,0,16,16
WBGene00022709.,8,94,102
WBGene00022710.,1,3,4
WBGene00022711.,10,6,16
WBGene00022712.,23,261,284
WBGene00022713.,0,4,4
WBGene00022714.,1,2,3
WBGene00022715.,12,44,56
WBGene00022716.,0,0,0
WBGene00022717.,94,1469,1563
WBGene00022718.,252,2929,3181
WBGene00022719.,290,3413,3703
WBGene00022720.,22,317,339
WBGene00022721.,58,899,957
WBGene00022722.,253,4308,4561
WBGene00022723.,7,9,16
WBGene00022724.,0,0,0
WBGene00022725.,8,142,150
WBGene00022726.,1,0,1
WBGene00022727.,85,1165,1250
WBGene00022728.,1,4,5
WBGene00022729.,0,1,1
WBGene00022730.,27,470,497
WBGene00022731.,20,27,47
WBGene00022732.,12,49,61
WBGene00022733.,197,161,358
WBGene00022734.,158,5713,5871
WBGene00022735.,12,88,100
WBGene00022736.,20,353,373
WBGene00022737.,4,327,331
WBGene00022738.,414,8358,8772
WBGene00022739.,297,3787,4084
WBGene00022741.,14,10,24
WBGene00022742.,190,3469,3659
WBGene00022743.,113,932,1045
WBGene00022744.,54,162,216
WBGene00022745.,2193,12864,15057
WBGene00022746.,0,3,3
WBGene00022747.,3,12,15
WBGene00022748.,260,34369,34629
WBGene00022749.,76,3254,3330
WBGene00022750.,1024,4055,5079
WBGene00022751.,0,1,1
WBGene00022752.,10,245,255
WBGene00022753.,4,3,7
WBGene00022754.,0,3,3
WBGene00022755.,2,17,19
WBGene00022756.,11,109,120
WBGene00022757.,3,2,5
WBGene00022758.,0,0,0
WBGene00022759.,56,3108,3164
WBGene00022760.,0,268,268
WBGene00022761.,1,17,18
WBGene00022762.,69,500,569
WBGene00022763.,0,22,22
WBGene00022765.,1061,11888,12949
WBGene00022766.,192,3913,4105
WBGene00022767.,30,763,793
WBGene00022769.,61,1069,1130
WBGene00022770.,67,1262,1329
WBGene00022771.,147,1145,1292
WBGene00022772.,39,121,160
WBGene00022773.,213,891,1104
WBGene00022774.,97,3696,3793
WBGene00022775.,2,143,145
WBGene00022776.,25,5404,5429
WBGene00022778.,2,0,2
WBGene00022780.,0,13,13
WBGene00022781.,75,4393,4468
WBGene00022782.,32,657,689
WBGene00022783.,908,6595,7503
WBGene00022785.,154,2478,2632
WBGene00022786.,18,1181,1199
WBGene00022787.,106,1328,1434
WBGene00022788.,22,1144,1166
WBGene00022789.,10,86,96
WBGene00022790.,37,529,566
WBGene00022791.,707,5484,6191
WBGene00022792.,107,1967,2074
WBGene00022793.,63,7080,7143
WBGene00022794.,383,6415,6798
WBGene00022795.,6,20,26
WBGene00022796.,110,631,741
WBGene00022797.,37,529,566
WBGene00022798.,440,3770,4210
WBGene00022799.,1,11,12
WBGene00022800.,186,2408,2594
WBGene00022801.,182,7287,7469
WBGene00022802.,51,695,746
WBGene00022803.,68,1061,1129
WBGene00022804.,4,18,22
WBGene00022805.,274,1628,1902
WBGene00022806.,1,1,2
WBGene00022807.,19,17,36
WBGene00022808.,3,30,33
WBGene00022809.,1,2,3
WBGene00022810.,36,308,344
WBGene00022811.,62,48,110
WBGene00022812.,141,2355,2496
WBGene00022813.,47,667,714
WBGene00022814.,33,462,495
WBGene00022815.,16,78,94
WBGene00022816.,669,5221,5890
WBGene00022817.,266,4373,4639
WBGene00022818.,3,18,21
WBGene00022820.,2,0,2
WBGene00022821.,0,1,1
WBGene00022822.,0,3,3
WBGene00022823.,38,2517,2555
WBGene00022824.,32,281,313
WBGene00022825.,75,297,372
WBGene00022826.,1,7,8
WBGene00022827.,11,13,24
WBGene00022829.,60,239,299
WBGene00022830.,25,855,880
WBGene00022831.,202,2279,2481
WBGene00022832.,112,2548,2660
WBGene00022833.,4,0,4
WBGene00022834.,7,253,260
WBGene00022835.,66,981,1047
WBGene00022836.,126,2857,2983
WBGene00022837.,38,435,473
WBGene00022838.,18,42,60
WBGene00022840.,4,11,15
WBGene00022842.,24,289,313
WBGene00022843.,27,70,97
WBGene00022845.,4,104,108
WBGene00022846.,44,0,44
WBGene00022847.,43,200,243
WBGene00022848.,38,558,596
WBGene00022849.,38,133,171
WBGene00022850.,365,1451,1816
WBGene00022851.,98,3551,3649
WBGene00022852.,5,2536,2541
WBGene00022853.,0,28,28
WBGene00022854.,13,170,183
WBGene00022855.,74,6736,6810
WBGene00022856.,55,13122,13177
WBGene00022857.,24,481,505
WBGene00022858.,34,39,73
WBGene00022861.,42564,579,43143
WBGene00022862.,31,1145,1176
WBGene00022864.,197,6969,7166
WBGene00022865.,195,3226,3421
WBGene00022866.,3,7,10
WBGene00022867.,6,19,25
WBGene00022868.,10,98,108
WBGene00022869.,0,1,1
WBGene00022870.,1,2,3
WBGene00022871.,2,4,6
WBGene00022872.,2,2,4
WBGene00022873.,1,14,15
WBGene00022874.,50,173,223
WBGene00022875.,0,0,0
WBGene00022876.,0,3,3
WBGene00022877.,1,3,4
WBGene00022880.,97,905,1002
WBGene00022881.,47,807,854
WBGene00022882.,66,619,685
WBGene00022883.,33,536,569
WBGene00022884.,0,36,36
WBGene00022885.,56,1023,1079
WBGene00022886.,1,0,1
WBGene00022887.,26,940,966
WBGene00022888.,5,2,7
WBGene00022889.,0,1,1
WBGene00022890.,0,6,6
WBGene00022891.,6,32,38
WBGene00022892.,0,0,0
WBGene00022893.,20,99,119
WBGene00022894.,0,0,0
WBGene00022895.,0,0,0
WBGene00022896.,0,0,0
WBGene00022897.,0,0,0
WBGene00022898.,0,2,2
WBGene00022899.,0,0,0
WBGene00022900.,0,0,0
WBGene00022901.,0,0,0
WBGene00022902.,0,0,0
WBGene00022903.,0,0,0
WBGene00022904.,0,0,0
WBGene00022905.,0,0,0
WBGene00022906.,0,0,0
WBGene00022907.,0,0,0
WBGene00022908.,0,0,0
WBGene00022909.,0,0,0
WBGene00022910.,0,0,0
WBGene00022911.,0,0,0
WBGene00022912.,0,0,0
WBGene00022913.,0,0,0
WBGene00022914.,0,0,0
WBGene00022915.,0,0,0
WBGene00022916.,0,3,3
WBGene00022917.,0,4,4
WBGene00022918.,0,3,3
WBGene00022919.,0,1,1
WBGene00022920.,0,0,0
WBGene00022921.,0,0,0
WBGene00022922.,0,16,16
WBGene00022923.,0,0,0
WBGene00022924.,0,0,0
WBGene00022925.,0,0,0
WBGene00022926.,0,12,12
WBGene00022927.,0,0,0
WBGene00022928.,0,0,0
WBGene00022929.,0,0,0
WBGene00022930.,0,0,0
WBGene00022931.,0,0,0
WBGene00022932.,0,32,32
WBGene00022933.,0,0,0
WBGene00022934.,0,0,0
WBGene00022935.,0,0,0
WBGene00022936.,0,4,4
WBGene00022937.,0,0,0
WBGene00022938.,0,0,0
WBGene00022939.,0,0,0
WBGene00022940.,0,0,0
WBGene00022941.,0,1,1
WBGene00022942.,0,0,0
WBGene00022943.,0,0,0
WBGene00022944.,0,0,0
WBGene00022945.,0,0,0
WBGene00022946.,0,0,0
WBGene00022947.,0,0,0
WBGene00022948.,0,0,0
WBGene00022949.,0,0,0
WBGene00022950.,0,12,12
WBGene00022951.,0,183059,183059
WBGene00022952.,0,1,1
WBGene00022953.,0,0,0
WBGene00022954.,0,0,0
WBGene00022955.,0,0,0
WBGene00022956.,0,31,31
WBGene00022957.,0,0,0
WBGene00022958.,0,0,0
WBGene00022959.,0,0,0
WBGene00022960.,0,0,0
WBGene00022961.,0,0,0
WBGene00022962.,0,7,7
WBGene00022963.,0,0,0
WBGene00022964.,0,0,0
WBGene00022965.,0,0,0
WBGene00022966.,0,0,0
WBGene00022967.,0,0,0
WBGene00022968.,0,0,0
WBGene00022969.,0,0,0
WBGene00022970.,0,222,222
WBGene00022971.,0,0,0
WBGene00022972.,0,0,0
WBGene00022973.,0,0,0
WBGene00022974.,0,0,0
WBGene00022975.,0,0,0
WBGene00022976.,0,0,0
WBGene00022977.,0,0,0
WBGene00022978.,0,0,0
WBGene00022979.,0,0,0
WBGene00022980.,0,0,0
WBGene00022981.,0,1,1
WBGene00022982.,0,17,17
WBGene00022983.,0,53,53
WBGene00022984.,0,0,0
WBGene00022985.,0,1,1
WBGene00022986.,0,0,0
WBGene00022987.,0,0,0
WBGene00022988.,0,0,0
WBGene00022989.,0,0,0
WBGene00022990.,0,0,0
WBGene00022991.,0,0,0
WBGene00022992.,0,0,0
WBGene00022993.,0,0,0
WBGene00022994.,0,0,0
WBGene00022995.,0,0,0
WBGene00022996.,0,0,0
WBGene00022997.,0,0,0
WBGene00022998.,0,0,0
WBGene00022999.,0,0,0
WBGene00023000.,0,0,0
WBGene00023001.,0,0,0
WBGene00023002.,0,0,0
WBGene00023003.,0,1,1
WBGene00023004.,0,1,1
WBGene00023005.,0,0,0
WBGene00023006.,0,0,0
WBGene00023007.,0,0,0
WBGene00023008.,0,0,0
WBGene00023009.,0,0,0
WBGene00023010.,0,0,0
WBGene00023011.,0,0,0
WBGene00023012.,0,0,0
WBGene00023013.,0,0,0
WBGene00023014.,0,0,0
WBGene00023015.,0,0,0
WBGene00023016.,0,0,0
WBGene00023017.,0,1,1
WBGene00023018.,0,0,0
WBGene00023019.,0,0,0
WBGene00023020.,0,545,545
WBGene00023021.,0,1328,1328
WBGene00023022.,0,0,0
WBGene00023023.,0,0,0
WBGene00023024.,0,0,0
WBGene00023025.,0,0,0
WBGene00023026.,0,0,0
WBGene00023027.,0,1,1
WBGene00023028.,0,0,0
WBGene00023029.,0,0,0
WBGene00023030.,0,1,1
WBGene00023031.,0,2,2
WBGene00023032.,0,0,0
WBGene00023033.,0,0,0
WBGene00023034.,0,0,0
WBGene00023035.,0,0,0
WBGene00023036.,268,2350,2618
WBGene00023037.,0,0,0
WBGene00023038.,0,0,0
WBGene00023039.,7,14,21
WBGene00023040.,0,0,0
WBGene00023041.,0,0,0
WBGene00023042.,0,0,0
WBGene00023043.,0,0,0
WBGene00023044.,0,0,0
WBGene00023045.,0,3,3
WBGene00023046.,0,0,0
WBGene00023047.,0,0,0
WBGene00023048.,0,0,0
WBGene00023049.,0,4,4
WBGene00023050.,0,0,0
WBGene00023051.,0,0,0
WBGene00023052.,0,0,0
WBGene00023053.,0,0,0
WBGene00023054.,0,0,0
WBGene00023055.,0,0,0
WBGene00023056.,0,0,0
WBGene00023057.,0,0,0
WBGene00023058.,0,0,0
WBGene00023059.,0,0,0
WBGene00023060.,0,6,6
WBGene00023061.,0,0,0
WBGene00023062.,0,0,0
WBGene00023063.,0,0,0
WBGene00023064.,0,0,0
WBGene00023065.,0,0,0
WBGene00023066.,0,150,150
WBGene00023067.,17466,37365,54831
WBGene00023068.,397273,705897,1103170
WBGene00023069.,0,185,185
WBGene00023070.,0,0,0
WBGene00023071.,0,0,0
WBGene00023072.,0,0,0
WBGene00023073.,0,0,0
WBGene00023074.,0,0,0
WBGene00023075.,0,0,0
WBGene00023076.,0,0,0
WBGene00023077.,0,0,0
WBGene00023078.,0,0,0
WBGene00023079.,0,0,0
WBGene00023080.,0,0,0
WBGene00023081.,0,0,0
WBGene00023082.,0,0,0
WBGene00023083.,0,40,40
WBGene00023084.,0,5,5
WBGene00023085.,0,0,0
WBGene00023086.,0,0,0
WBGene00023087.,0,0,0
WBGene00023088.,0,0,0
WBGene00023089.,0,0,0
WBGene00023090.,0,0,0
WBGene00023091.,0,0,0
WBGene00023092.,0,0,0
WBGene00023093.,0,0,0
WBGene00023094.,0,0,0
WBGene00023095.,0,0,0
WBGene00023096.,0,0,0
WBGene00023097.,0,0,0
WBGene00023098.,0,0,0
WBGene00023099.,0,0,0
WBGene00023100.,0,0,0
WBGene00023101.,0,0,0
WBGene00023102.,0,0,0
WBGene00023103.,0,0,0
WBGene00023104.,5,5,10
WBGene00023105.,0,0,0
WBGene00023106.,0,0,0
WBGene00023107.,0,0,0
WBGene00023108.,0,0,0
WBGene00023109.,0,0,0
WBGene00023110.,0,0,0
WBGene00023111.,0,0,0
WBGene00023112.,0,0,0
WBGene00023113.,0,0,0
WBGene00023115.,0,0,0
WBGene00023116.,0,1,1
WBGene00023117.,0,0,0
WBGene00023118.,0,1,1
WBGene00023119.,0,2,2
WBGene00023120.,0,0,0
WBGene00023121.,0,0,0
WBGene00023122.,0,0,0
WBGene00023123.,0,0,0
WBGene00023124.,0,0,0
WBGene00023125.,0,2,2
WBGene00023126.,0,0,0
WBGene00023127.,0,0,0
WBGene00023128.,0,0,0
WBGene00023129.,0,0,0
WBGene00023130.,0,0,0
WBGene00023131.,0,2,2
WBGene00023132.,0,0,0
WBGene00023133.,0,1,1
WBGene00023134.,0,0,0
WBGene00023135.,0,1,1
WBGene00023136.,0,0,0
WBGene00023137.,0,0,0
WBGene00023138.,0,0,0
WBGene00023139.,0,0,0
WBGene00023140.,0,0,0
WBGene00023141.,0,0,0
WBGene00023142.,0,7,7
WBGene00023143.,0,0,0
WBGene00023144.,0,0,0
WBGene00023145.,0,0,0
WBGene00023146.,0,0,0
WBGene00023147.,1,0,1
WBGene00023148.,0,0,0
WBGene00023149.,0,0,0
WBGene00023150.,0,1,1
WBGene00023151.,0,0,0
WBGene00023152.,0,0,0
WBGene00023153.,0,0,0
WBGene00023154.,0,0,0
WBGene00023155.,0,0,0
WBGene00023156.,0,0,0
WBGene00023157.,0,0,0
WBGene00023158.,0,0,0
WBGene00023159.,0,0,0
WBGene00023160.,0,0,0
WBGene00023161.,0,0,0
WBGene00023162.,0,9,9
WBGene00023163.,0,0,0
WBGene00023164.,0,0,0
WBGene00023165.,0,0,0
WBGene00023166.,0,0,0
WBGene00023167.,0,0,0
WBGene00023168.,0,0,0
WBGene00023169.,0,0,0
WBGene00023170.,0,0,0
WBGene00023171.,0,0,0
WBGene00023172.,24,100,124
WBGene00023173.,0,0,0
WBGene00023174.,0,0,0
WBGene00023175.,0,0,0
WBGene00023176.,0,0,0
WBGene00023177.,0,0,0
WBGene00023178.,0,0,0
WBGene00023179.,0,0,0
WBGene00023180.,0,2,2
WBGene00023181.,0,0,0
WBGene00023182.,0,0,0
WBGene00023183.,0,32,32
WBGene00023184.,0,0,0
WBGene00023185.,0,0,0
WBGene00023186.,0,0,0
WBGene00023187.,0,0,0
WBGene00023188.,0,0,0
WBGene00023189.,0,0,0
WBGene00023190.,0,0,0
WBGene00023191.,6,14,20
WBGene00023192.,0,0,0
WBGene00023193.,0,127,127
WBGene00023194.,0,0,0
WBGene00023195.,0,0,0
WBGene00023196.,0,0,0
WBGene00023197.,0,0,0
WBGene00023198.,0,0,0
WBGene00023199.,0,0,0
WBGene00023200.,0,0,0
WBGene00023201.,0,0,0
WBGene00023202.,0,0,0
WBGene00023203.,0,2,2
WBGene00023204.,0,0,0
WBGene00023205.,0,76,76
WBGene00023206.,0,0,0
WBGene00023207.,0,0,0
WBGene00023208.,0,0,0
WBGene00023209.,323,55733,56056
WBGene00023210.,0,0,0
WBGene00023211.,0,0,0
WBGene00023212.,0,1,1
WBGene00023213.,0,0,0
WBGene00023214.,0,0,0
WBGene00023215.,0,0,0
WBGene00023216.,0,0,0
WBGene00023217.,0,0,0
WBGene00023218.,0,0,0
WBGene00023219.,0,0,0
WBGene00023220.,0,0,0
WBGene00023221.,0,0,0
WBGene00023222.,0,0,0
WBGene00023223.,36,42,78
WBGene00023224.,0,0,0
WBGene00023225.,0,2,2
WBGene00023226.,1,4,5
WBGene00023227.,0,0,0
WBGene00023228.,0,0,0
WBGene00023229.,0,0,0
WBGene00023230.,0,0,0
WBGene00023231.,0,0,0
WBGene00023232.,0,0,0
WBGene00023233.,0,0,0
WBGene00023234.,0,0,0
WBGene00023235.,2,1,3
WBGene00023236.,1,0,1
WBGene00023237.,0,4,4
WBGene00023238.,0,0,0
WBGene00023239.,2,12,14
WBGene00023240.,0,0,0
WBGene00023241.,0,4,4
WBGene00023242.,0,0,0
WBGene00023243.,2,0,2
WBGene00023244.,1,0,1
WBGene00023245.,5,139,144
WBGene00023246.,0,21,21
WBGene00023247.,1,0,1
WBGene00023248.,0,0,0
WBGene00023249.,0,7,7
WBGene00023250.,0,0,0
WBGene00023251.,0,0,0
WBGene00023252.,0,42,42
WBGene00023253.,0,0,0
WBGene00023254.,0,0,0
WBGene00023255.,0,0,0
WBGene00023256.,0,0,0
WBGene00023257.,0,0,0
WBGene00023259.,0,2,2
WBGene00023260.,0,0,0
WBGene00023262.,0,1,1
WBGene00023263.,0,33816,33816
WBGene00023264.,31,0,31
WBGene00023265.,1,0,1
WBGene00023266.,0,0,0
WBGene00023267.,0,1,1
WBGene00023268.,0,3,3
WBGene00023269.,0,0,0
WBGene00023270.,1,9,10
WBGene00023271.,0,37,37
WBGene00023272.,4,2,6
WBGene00023273.,5,3,8
WBGene00023274.,0,0,0
WBGene00023275.,0,0,0
WBGene00023276.,0,21,21
WBGene00023277.,0,21,21
WBGene00023278.,0,0,0
WBGene00023279.,0,8,8
WBGene00023281.,1,8,9
WBGene00023282.,0,7,7
WBGene00023283.,0,0,0
WBGene00023284.,1,256,257
WBGene00023285.,0,3,3
WBGene00023287.,0,1,1
WBGene00023288.,0,3,3
WBGene00023289.,0,0,0
WBGene00023290.,0,0,0
WBGene00023291.,0,0,0
WBGene00023293.,0,4,4
WBGene00023294.,0,3,3
WBGene00023295.,0,0,0
WBGene00023296.,0,0,0
WBGene00023297.,0,0,0
WBGene00023298.,0,0,0
WBGene00023299.,0,0,0
WBGene00023300.,0,0,0
WBGene00023301.,1,0,1
WBGene00023302.,0,104,104
WBGene00023303.,4,2,6
WBGene00023304.,0,1,1
WBGene00023305.,0,0,0
WBGene00023306.,0,1,1
WBGene00023307.,0,0,0
WBGene00023308.,96,0,96
WBGene00023309.,0,2,2
WBGene00023310.,0,0,0
WBGene00023311.,0,0,0
WBGene00023312.,0,0,0
WBGene00023313.,0,0,0
WBGene00023314.,0,19,19
WBGene00023315.,0,0,0
WBGene00023316.,0,1,1
WBGene00023317.,1,1,2
WBGene00023318.,4,120,124
WBGene00023319.,0,5,5
WBGene00023320.,0,2,2
WBGene00023321.,0,0,0
WBGene00023322.,0,0,0
WBGene00023323.,29,220,249
WBGene00023324.,0,0,0
WBGene00023325.,2,0,2
WBGene00023326.,0,12,12
WBGene00023327.,0,0,0
WBGene00023328.,0,0,0
WBGene00023329.,0,0,0
WBGene00023330.,9,1,10
WBGene00023331.,0,1,1
WBGene00023332.,0,0,0
WBGene00023333.,0,0,0
WBGene00023334.,0,0,0
WBGene00023335.,0,0,0
WBGene00023336.,0,4,4
WBGene00023337.,0,0,0
WBGene00023338.,1,0,1
WBGene00023339.,1,0,1
WBGene00023340.,7,2,9
WBGene00023341.,0,0,0
WBGene00023342.,0,0,0
WBGene00023343.,0,0,0
WBGene00023344.,0,0,0
WBGene00023345.,0,0,0
WBGene00023346.,0,0,0
WBGene00023348.,0,4,4
WBGene00023349.,0,4,4
WBGene00023351.,1,9,10
WBGene00023352.,0,0,0
WBGene00023353.,0,0,0
WBGene00023354.,0,0,0
WBGene00023355.,135,37,172
WBGene00023356.,0,1,1
WBGene00023357.,0,0,0
WBGene00023358.,0,1,1
WBGene00023359.,0,0,0
WBGene00023360.,0,0,0
WBGene00023361.,0,0,0
WBGene00023362.,0,0,0
WBGene00023363.,0,0,0
WBGene00023364.,0,46,46
WBGene00023365.,0,0,0
WBGene00023366.,0,0,0
WBGene00023367.,0,0,0
WBGene00023368.,0,0,0
WBGene00023369.,0,0,0
WBGene00023370.,0,0,0
WBGene00023371.,0,0,0
WBGene00023372.,0,0,0
WBGene00023373.,0,18,18
WBGene00023375.,0,0,0
WBGene00023376.,0,20,20
WBGene00023377.,0,4,4
WBGene00023378.,0,0,0
WBGene00023379.,0,0,0
WBGene00023380.,0,0,0
WBGene00023381.,0,0,0
WBGene00023382.,0,0,0
WBGene00023383.,0,1,1
WBGene00023384.,0,0,0
WBGene00023385.,0,0,0
WBGene00023386.,0,0,0
WBGene00023387.,0,0,0
WBGene00023388.,0,0,0
WBGene00023389.,0,0,0
WBGene00023390.,0,2,2
WBGene00023391.,0,0,0
WBGene00023392.,0,0,0
WBGene00023393.,0,0,0
WBGene00023394.,0,0,0
WBGene00023395.,3,15,18
WBGene00023396.,0,9,9
WBGene00023397.,0,0,0
WBGene00023398.,0,0,0
WBGene00023399.,0,1,1
WBGene00023400.,0,0,0
WBGene00023401.,0,7481,7481
WBGene00023402.,1,0,1
WBGene00023404.,39,281,320
WBGene00023405.,261,3541,3802
WBGene00023407.,18,1013,1031
WBGene00023408.,416,16793,17209
WBGene00023409.,130,1897,2027
WBGene00023410.,2,1,3
WBGene00023411.,2,8,10
WBGene00023413.,2,16,18
WBGene00023414.,190,599,789
WBGene00023415.,18,130,148
WBGene00023416.,69,1138,1207
WBGene00023417.,12,1041,1053
WBGene00023418.,11,867,878
WBGene00023419.,172,3057,3229
WBGene00023420.,0,7,7
WBGene00023421.,80,759,839
WBGene00023422.,272,2919,3191
WBGene00023423.,56,91,147
WBGene00023424.,0,6,6
WBGene00023425.,4,8,12
WBGene00023427.,12,33,45
WBGene00023428.,0,0,0
WBGene00023429.,0,0,0
WBGene00023430.,0,0,0
WBGene00023431.,997,2057,3054
WBGene00023432.,5,69,74
WBGene00023450.,208,974,1182
WBGene00023451.,10,47,57
WBGene00023452.,0,0,0
WBGene00023453.,0,7,7
WBGene00023454.,0,0,0
WBGene00023455.,0,0,0
WBGene00023456.,0,0,0
WBGene00023457.,0,0,0
WBGene00023458.,41,2304,2345
WBGene00023459.,0,3,3
WBGene00023460.,35,305,340
WBGene00023461.,0,0,0
WBGene00023462.,1,8,9
WBGene00023463.,0,1,1
WBGene00023464.,4,5,9
WBGene00023465.,5,4,9
WBGene00023466.,0,0,0
WBGene00023467.,0,0,0
WBGene00023468.,0,0,0
WBGene00023469.,0,0,0
WBGene00023470.,0,2,2
WBGene00023471.,4,0,4
WBGene00023472.,22,506,528
WBGene00023474.,0,1,1
WBGene00023475.,2,0,2
WBGene00023476.,0,3,3
WBGene00023477.,1,305,306
WBGene00023478.,3,6,9
WBGene00023479.,2,1,3
WBGene00023480.,5,11,16
WBGene00023481.,4,1,5
WBGene00023482.,0,0,0
WBGene00023483.,1,1,2
WBGene00023484.,10,1,11
WBGene00023485.,0,22,22
WBGene00023486.,27,376,403
WBGene00023487.,189,7837,8026
WBGene00023488.,25,3,28
WBGene00023489.,972,83,1055
WBGene00023490.,5,64,69
WBGene00023491.,196,1130,1326
WBGene00023492.,2,20,22
WBGene00023493.,2,23,25
WBGene00023497.,110,1518,1628
WBGene00023498.,24,858,882
WBGene00023499.,2,2,4
WBGene00023500.,181,2140,2321
WBGene00023501.,3,33,36
WBGene00023502.,363,1428,1791
WBGene00023503.,11,37,48
WBGene00023504.,102,670,772
WBGene00023505.,1,3,4
WBGene00023506.,0,8,8
WBGene00023507.,1,5,6
WBGene00023508.,0,0,0
WBGene00023509.,0,0,0
WBGene00023510.,2,1,3
WBGene00023511.,1,0,1
WBGene00023512.,1,0,1
WBGene00023513.,0,0,0
WBGene00023514.,2,1,3
WBGene00023515.,238,221,459
WBGene00023516.,0,0,0
WBGene00023517.,2,7,9
WBGene00023518.,0,0,0
WBGene00023519.,3,19,22
WBGene00023520.,53,361,414
WBGene00043049.,21,143,164
WBGene00043050.,349,3980,4329
WBGene00043051.,110,732,842
WBGene00043052.,0,2,2
WBGene00043053.,1432,6,1438
WBGene00043054.,14,170,184
WBGene00043055.,0,0,0
WBGene00043056.,143,324,467
WBGene00043057.,116,894,1010
WBGene00043058.,0,0,0
WBGene00043059.,2,4,6
WBGene00043060.,458,2792,3250
WBGene00043061.,19,4,23
WBGene00043062.,2,19,21
WBGene00043064.,66,6406,6472
WBGene00043065.,9,59,68
WBGene00043066.,17,51,68
WBGene00043067.,13,182,195
WBGene00043068.,16,175,191
WBGene00043069.,32,33,65
WBGene00043097.,104,3420,3524
WBGene00043120.,25,177,202
WBGene00043147.,0,43,43
WBGene00043156.,76,203,279
WBGene00043187.,0,1,1
WBGene00043239.,14,0,14
WBGene00043279.,155,533,688
WBGene00043283.,3,0,3
WBGene00043297.,118,1421,1539
WBGene00043302.,240,3791,4031
WBGene00043308.,5,320,325
WBGene00043327.,0,0,0
WBGene00043328.,0,0,0
WBGene00043466.,4,11,15
WBGene00043469.,0,0,0
WBGene00043534.,54,46,100
WBGene00043666.,0,17,17
WBGene00043702.,0,6,6
WBGene00043705.,31,89,120
WBGene00043743.,0,1,1
WBGene00043948.,0,0,0
WBGene00043952.,50,37,87
WBGene00043980.,2,2,4
WBGene00043981.,19,22,41
WBGene00043982.,166,2553,2719
WBGene00043983.,13,252,265
WBGene00043984.,0,4,4
WBGene00043985.,55,672,727
WBGene00043986.,5,1,6
WBGene00043987.,0,0,0
WBGene00043988.,87,47,134
WBGene00043989.,0,0,0
WBGene00043990.,0,0,0
WBGene00043991.,0,0,0
WBGene00043992.,61,353,414
WBGene00043993.,5,30,35
WBGene00043994.,34,1296,1330
WBGene00043995.,37,232,269
WBGene00043996.,147,57,204
WBGene00043997.,81,274,355
WBGene00043998.,8,75,83
WBGene00044000.,3,2,5
WBGene00044001.,62,2964,3026
WBGene00044002.,1,0,1
WBGene00044003.,3,2,5
WBGene00044004.,0,57,57
WBGene00044005.,1,6,7
WBGene00044006.,82,962,1044
WBGene00044007.,136,1168,1304
WBGene00044008.,143,1534,1677
WBGene00044009.,44,333,377
WBGene00044011.,0,49,49
WBGene00044012.,3,4,7
WBGene00044013.,0,1,1
WBGene00044014.,0,1,1
WBGene00044015.,0,102,102
WBGene00044016.,4,65,69
WBGene00044018.,2,4,6
WBGene00044019.,34,453,487
WBGene00044020.,1,62,63
WBGene00044021.,53,522,575
WBGene00044022.,1,0,1
WBGene00044024.,3,44,47
WBGene00044025.,143,1610,1753
WBGene00044026.,98,6987,7085
WBGene00044027.,0,3,3
WBGene00044028.,16,278,294
WBGene00044029.,57,955,1012
WBGene00044030.,6,3,9
WBGene00044031.,0,2,2
WBGene00044032.,9,150,159
WBGene00044034.,0,23,23
WBGene00044035.,8,95,103
WBGene00044036.,0,0,0
WBGene00044037.,0,1,1
WBGene00044038.,50,34,84
WBGene00044040.,0,0,0
WBGene00044041.,9,3,12
WBGene00044042.,0,0,0
WBGene00044043.,0,49,49
WBGene00044044.,0,1,1
WBGene00044045.,16,99,115
WBGene00044046.,0,0,0
WBGene00044047.,0,2,2
WBGene00044048.,12,13,25
WBGene00044049.,1241,8201,9442
WBGene00044051.,0,9,9
WBGene00044052.,0,1,1
WBGene00044053.,8,170,178
WBGene00044054.,8,1,9
WBGene00044056.,2,2,4
WBGene00044057.,0,3,3
WBGene00044058.,35,315,350
WBGene00044059.,1,14,15
WBGene00044061.,152,1402,1554
WBGene00044062.,0,1,1
WBGene00044063.,49,3477,3526
WBGene00044065.,153,355,508
WBGene00044066.,0,18,18
WBGene00044067.,15,119,134
WBGene00044068.,729,10519,11248
WBGene00044069.,98,1660,1758
WBGene00044070.,652,10202,10854
WBGene00044071.,83,953,1036
WBGene00044072.,388,2336,2724
WBGene00044073.,7,54,61
WBGene00044074.,4,17,21
WBGene00044077.,169,2580,2749
WBGene00044078.,949,7007,7956
WBGene00044079.,1098,9115,10213
WBGene00044080.,0,0,0
WBGene00044081.,2,4,6
WBGene00044082.,114,2971,3085
WBGene00044083.,1,0,1
WBGene00044084.,3,7,10
WBGene00044085.,1,3,4
WBGene00044086.,0,1,1
WBGene00044087.,3,3,6
WBGene00044088.,0,0,0
WBGene00044089.,0,0,0
WBGene00044090.,2,5,7
WBGene00044091.,11,6,17
WBGene00044092.,8,1,9
WBGene00044093.,1,8,9
WBGene00044094.,109,2168,2277
WBGene00044095.,1,3,4
WBGene00044096.,1,2,3
WBGene00044097.,1,3,4
WBGene00044099.,0,0,0
WBGene00044100.,0,0,0
WBGene00044101.,0,0,0
WBGene00044102.,0,0,0
WBGene00044103.,0,2,2
WBGene00044104.,3,2,5
WBGene00044105.,0,0,0
WBGene00044106.,0,3,3
WBGene00044107.,1,190,191
WBGene00044109.,0,35,35
WBGene00044112.,3,1,4
WBGene00044113.,1,5,6
WBGene00044114.,1,0,1
WBGene00044115.,1,12,13
WBGene00044116.,1,3,4
WBGene00044117.,1,24,25
WBGene00044119.,0,1,1
WBGene00044120.,5,15,20
WBGene00044121.,4,6,10
WBGene00044122.,32,42,74
WBGene00044124.,3,1,4
WBGene00044125.,28,24,52
WBGene00044126.,10,15,25
WBGene00044127.,0,2,2
WBGene00044128.,0,5,5
WBGene00044129.,0,0,0
WBGene00044130.,3,21,24
WBGene00044131.,0,0,0
WBGene00044132.,31,311,342
WBGene00044133.,0,0,0
WBGene00044134.,89,943,1032
WBGene00044135.,16,46,62
WBGene00044136.,3,2,5
WBGene00044137.,0,62,62
WBGene00044138.,58,284,342
WBGene00044139.,13,193,206
WBGene00044140.,3,6,9
WBGene00044141.,0,27,27
WBGene00044142.,8,26,34
WBGene00044143.,296,893,1189
WBGene00044144.,14,330,344
WBGene00044145.,0,13,13
WBGene00044146.,0,0,0
WBGene00044147.,4,32,36
WBGene00044148.,0,1,1
WBGene00044149.,0,0,0
WBGene00044150.,8,19,27
WBGene00044151.,113,1100,1213
WBGene00044152.,26,287,313
WBGene00044153.,18,40,58
WBGene00044154.,6,15,21
WBGene00044155.,30,35,65
WBGene00044156.,17,165,182
WBGene00044157.,1,1,2
WBGene00044158.,6,4,10
WBGene00044159.,2,0,2
WBGene00044160.,14,0,14
WBGene00044161.,1,21,22
WBGene00044162.,0,0,0
WBGene00044163.,53,198,251
WBGene00044164.,2,0,2
WBGene00044166.,4,34,38
WBGene00044167.,65,575,640
WBGene00044168.,72,1431,1503
WBGene00044169.,3,75,78
WBGene00044170.,0,22,22
WBGene00044171.,0,0,0
WBGene00044174.,5,122,127
WBGene00044175.,7,150,157
WBGene00044176.,112,2494,2606
WBGene00044177.,2,0,2
WBGene00044178.,0,1,1
WBGene00044179.,1,2,3
WBGene00044180.,65,194,259
WBGene00044181.,3,13,16
WBGene00044182.,1,16,17
WBGene00044183.,0,2,2
WBGene00044184.,1,25,26
WBGene00044185.,0,0,0
WBGene00044187.,2640,22,2662
WBGene00044188.,71,673,744
WBGene00044189.,0,1,1
WBGene00044191.,43,382,425
WBGene00044192.,0,2,2
WBGene00044193.,0,24,24
WBGene00044194.,0,16,16
WBGene00044195.,1,6,7
WBGene00044196.,0,0,0
WBGene00044197.,2,28,30
WBGene00044198.,0,24,24
WBGene00044199.,0,1,1
WBGene00044200.,123,661,784
WBGene00044201.,0,4,4
WBGene00044202.,0,3,3
WBGene00044203.,1,12,13
WBGene00044204.,36,875,911
WBGene00044205.,0,81,81
WBGene00044206.,0,9,9
WBGene00044207.,0,4,4
WBGene00044208.,0,0,0
WBGene00044209.,1,55,56
WBGene00044210.,79,777,856
WBGene00044211.,4,10,14
WBGene00044212.,1,3,4
WBGene00044213.,2,28,30
WBGene00044215.,1,0,1
WBGene00044216.,1,8,9
WBGene00044217.,0,31,31
WBGene00044218.,2,78,80
WBGene00044219.,0,0,0
WBGene00044220.,0,8,8
WBGene00044221.,0,43,43
WBGene00044222.,0,6,6
WBGene00044224.,42,8,50
WBGene00044225.,0,7,7
WBGene00044226.,0,2,2
WBGene00044227.,3,4,7
WBGene00044228.,14,24,38
WBGene00044229.,39,20,59
WBGene00044230.,4,3,7
WBGene00044232.,22,5,27
WBGene00044233.,199,772,971
WBGene00044235.,1,3,4
WBGene00044236.,6,1007,1013
WBGene00044237.,2,2,4
WBGene00044238.,19,45,64
WBGene00044239.,19,368,387
WBGene00044240.,37,85,122
WBGene00044241.,10,116,126
WBGene00044242.,0,1,1
WBGene00044243.,4,4,8
WBGene00044244.,0,0,0
WBGene00044245.,0,26,26
WBGene00044246.,0,0,0
WBGene00044247.,3,5,8
WBGene00044249.,7,14,21
WBGene00044250.,3,14,17
WBGene00044251.,25,178,203
WBGene00044253.,15,428,443
WBGene00044256.,1,16,17
WBGene00044257.,0,11,11
WBGene00044258.,45,135,180
WBGene00044259.,0,1,1
WBGene00044260.,55,3211,3266
WBGene00044261.,6,2,8
WBGene00044262.,12,28,40
WBGene00044263.,0,1,1
WBGene00044264.,3,6,9
WBGene00044265.,16,85,101
WBGene00044266.,0,3,3
WBGene00044267.,2,1,3
WBGene00044268.,6,57,63
WBGene00044270.,1,2,3
WBGene00044271.,0,0,0
WBGene00044272.,0,0,0
WBGene00044273.,0,0,0
WBGene00044274.,0,0,0
WBGene00044275.,0,1,1
WBGene00044276.,0,1,1
WBGene00044277.,0,0,0
WBGene00044278.,1,2,3
WBGene00044279.,0,1,1
WBGene00044280.,251,234,485
WBGene00044281.,4,9,13
WBGene00044282.,0,3,3
WBGene00044283.,1027,3076,4103
WBGene00044284.,0,3,3
WBGene00044285.,1,6,7
WBGene00044286.,3,8,11
WBGene00044287.,0,7,7
WBGene00044288.,2,50,52
WBGene00044289.,12,721,733
WBGene00044290.,79,175,254
WBGene00044291.,6,24,30
WBGene00044292.,8,22,30
WBGene00044293.,0,3,3
WBGene00044294.,470,2257,2727
WBGene00044295.,4,92,96
WBGene00044296.,8,97,105
WBGene00044297.,13,164,177
WBGene00044298.,0,1,1
WBGene00044299.,10,67,77
WBGene00044300.,10,30,40
WBGene00044301.,170,3600,3770
WBGene00044302.,2,4,6
WBGene00044303.,21,185,206
WBGene00044304.,216,627,843
WBGene00044305.,82,3078,3160
WBGene00044306.,0,0,0
WBGene00044307.,0,1,1
WBGene00044308.,4,78,82
WBGene00044309.,3,7,10
WBGene00044310.,93,851,944
WBGene00044311.,12,166,178
WBGene00044312.,13,30,43
WBGene00044313.,2,65,67
WBGene00044314.,0,1,1
WBGene00044315.,1,4,5
WBGene00044316.,77,820,897
WBGene00044317.,1,27,28
WBGene00044318.,120,4854,4974
WBGene00044319.,11,689,700
WBGene00044321.,743,5590,6333
WBGene00044322.,31,1445,1476
WBGene00044323.,120,2357,2477
WBGene00044324.,34,12860,12894
WBGene00044325.,69,1362,1431
WBGene00044326.,249,2446,2695
WBGene00044329.,83,1724,1807
WBGene00044330.,21,678,699
WBGene00044331.,2,3,5
WBGene00044332.,1,5,6
WBGene00044333.,7,6,13
WBGene00044337.,0,0,0
WBGene00044338.,26,3002,3028
WBGene00044339.,4,384,388
WBGene00044340.,0,36,36
WBGene00044341.,116,1152,1268
WBGene00044342.,149,369,518
WBGene00044343.,6,32,38
WBGene00044344.,89,4483,4572
WBGene00044345.,65,1150,1215
WBGene00044346.,0,0,0
WBGene00044347.,6,16,22
WBGene00044348.,260,169,429
WBGene00044349.,5,1,6
WBGene00044350.,173,1385,1558
WBGene00044352.,3,5,8
WBGene00044353.,15,103,118
WBGene00044354.,2,94,96
WBGene00044355.,14,262,276
WBGene00044356.,2,4,6
WBGene00044357.,0,0,0
WBGene00044358.,8,2,10
WBGene00044359.,0,2,2
WBGene00044360.,0,0,0
WBGene00044361.,0,0,0
WBGene00044362.,0,1,1
WBGene00044363.,8,76,84
WBGene00044364.,0,1,1
WBGene00044365.,0,2,2
WBGene00044366.,0,11,11
WBGene00044367.,14,278,292
WBGene00044368.,1546,208,1754
WBGene00044369.,0,0,0
WBGene00044370.,0,0,0
WBGene00044371.,0,1,1
WBGene00044372.,0,2,2
WBGene00044373.,2,243,245
WBGene00044374.,0,0,0
WBGene00044375.,0,2,2
WBGene00044376.,0,46,46
WBGene00044377.,0,1,1
WBGene00044378.,0,0,0
WBGene00044379.,0,0,0
WBGene00044380.,2,15,17
WBGene00044381.,3,12,15
WBGene00044382.,0,2,2
WBGene00044383.,0,0,0
WBGene00044384.,9,2,11
WBGene00044385.,9,12,21
WBGene00044386.,3,20,23
WBGene00044387.,143,4662,4805
WBGene00044388.,0,0,0
WBGene00044389.,1492,23189,24681
WBGene00044390.,4,31,35
WBGene00044391.,217,175,392
WBGene00044392.,28,212,240
WBGene00044393.,0,0,0
WBGene00044394.,7,110,117
WBGene00044395.,86,273,359
WBGene00044396.,13,472,485
WBGene00044397.,0,13,13
WBGene00044398.,0,0,0
WBGene00044399.,0,1,1
WBGene00044401.,197,3014,3211
WBGene00044402.,6,5,11
WBGene00044403.,12,5,17
WBGene00044405.,9,3,12
WBGene00044406.,29,676,705
WBGene00044409.,15,67,82
WBGene00044410.,69,484,553
WBGene00044411.,145,1450,1595
WBGene00044412.,14,405,419
WBGene00044413.,2706,1088,3794
WBGene00044414.,17,83,100
WBGene00044415.,1,0,1
WBGene00044416.,0,0,0
WBGene00044417.,0,12,12
WBGene00044418.,341,2017,2358
WBGene00044419.,9,6,15
WBGene00044420.,16,607,623
WBGene00044421.,43,294,337
WBGene00044423.,12,45,57
WBGene00044424.,1,12,13
WBGene00044425.,0,0,0
WBGene00044427.,20,51,71
WBGene00044428.,49,9,58
WBGene00044429.,1,0,1
WBGene00044430.,0,0,0
WBGene00044431.,253,2132,2385
WBGene00044432.,1,6,7
WBGene00044433.,107,733,840
WBGene00044434.,8,7,15
WBGene00044435.,0,43,43
WBGene00044436.,17,622,639
WBGene00044437.,98,99,197
WBGene00044438.,159,615,774
WBGene00044439.,0,4,4
WBGene00044440.,70,248,318
WBGene00044441.,0,1,1
WBGene00044442.,8,247,255
WBGene00044443.,430,10262,10692
WBGene00044444.,5,11,16
WBGene00044445.,46,385,431
WBGene00044446.,1,33,34
WBGene00044447.,0,0,0
WBGene00044448.,4,29,33
WBGene00044449.,0,2,2
WBGene00044450.,0,2,2
WBGene00044451.,0,0,0
WBGene00044452.,219,3834,4053
WBGene00044453.,9,59,68
WBGene00044454.,0,0,0
WBGene00044455.,2,9,11
WBGene00044457.,3,54,57
WBGene00044458.,0,4,4
WBGene00044459.,55,158,213
WBGene00044460.,3,11,14
WBGene00044461.,34,33,67
WBGene00044462.,72,360,432
WBGene00044463.,34,388,422
WBGene00044464.,19,146,165
WBGene00044466.,39,1431,1470
WBGene00044467.,340,2099,2439
WBGene00044468.,7,96,103
WBGene00044469.,2,3,5
WBGene00044470.,2,9,11
WBGene00044471.,5,41,46
WBGene00044472.,12,54,66
WBGene00044473.,0,0,0
WBGene00044474.,0,0,0
WBGene00044475.,0,0,0
WBGene00044476.,0,3,3
WBGene00044477.,14,70,84
WBGene00044478.,19,163,182
WBGene00044479.,2,10,12
WBGene00044480.,1,2,3
WBGene00044481.,6,15,21
WBGene00044482.,81,337,418
WBGene00044483.,14,1312,1326
WBGene00044484.,149,1338,1487
WBGene00044485.,50,256,306
WBGene00044486.,0,10,10
WBGene00044487.,31,195,226
WBGene00044488.,18,51,69
WBGene00044489.,0,2,2
WBGene00044490.,0,1,1
WBGene00044491.,0,1,1
WBGene00044492.,6,3,9
WBGene00044493.,30,667,697
WBGene00044495.,40,74,114
WBGene00044498.,0,0,0
WBGene00044499.,0,9,9
WBGene00044500.,158,1455,1613
WBGene00044501.,41,10,51
WBGene00044502.,7,125,132
WBGene00044503.,0,6,6
WBGene00044504.,10,72,82
WBGene00044505.,124,16,140
WBGene00044508.,230,1965,2195
WBGene00044509.,16,1205,1221
WBGene00044510.,9,55,64
WBGene00044511.,17,107,124
WBGene00044512.,11,106,117
WBGene00044513.,100,720,820
WBGene00044514.,325,12512,12837
WBGene00044515.,9,165,174
WBGene00044516.,2,0,2
WBGene00044517.,116,111,227
WBGene00044518.,0,0,0
WBGene00044519.,2,2,4
WBGene00044520.,0,10,10
WBGene00044521.,0,4,4
WBGene00044523.,0,3,3
WBGene00044524.,0,0,0
WBGene00044525.,59,183,242
WBGene00044526.,4,58,62
WBGene00044527.,7,150,157
WBGene00044528.,13,25,38
WBGene00044529.,19,15,34
WBGene00044530.,1,45,46
WBGene00044531.,8,4,12
WBGene00044533.,0,40,40
WBGene00044534.,18,56,74
WBGene00044535.,2,10,12
WBGene00044536.,37,531,568
WBGene00044537.,0,1,1
WBGene00044538.,0,0,0
WBGene00044539.,4,34,38
WBGene00044541.,0,7,7
WBGene00044542.,100,42,142
WBGene00044543.,1,1,2
WBGene00044544.,374,754,1128
WBGene00044545.,3,12,15
WBGene00044546.,2,3,5
WBGene00044547.,0,65,65
WBGene00044548.,0,8,8
WBGene00044549.,3,1,4
WBGene00044550.,4,0,4
WBGene00044551.,6,32,38
WBGene00044552.,2,19,21
WBGene00044553.,33,2149,2182
WBGene00044554.,35,53,88
WBGene00044556.,3,289,292
WBGene00044557.,68,218,286
WBGene00044558.,0,0,0
WBGene00044559.,3,40,43
WBGene00044560.,1,6,7
WBGene00044561.,1,0,1
WBGene00044562.,0,51,51
WBGene00044563.,5,1,6
WBGene00044564.,11,5,16
WBGene00044565.,0,0,0
WBGene00044567.,10,32,42
WBGene00044568.,76,584,660
WBGene00044569.,4,29,33
WBGene00044570.,1295,22,1317
WBGene00044571.,101,41,142
WBGene00044573.,1,1,2
WBGene00044574.,17,7,24
WBGene00044575.,2,4,6
WBGene00044577.,0,0,0
WBGene00044578.,1,33,34
WBGene00044579.,6,1,7
WBGene00044580.,0,1,1
WBGene00044581.,2,0,2
WBGene00044582.,65,1197,1262
WBGene00044583.,0,2,2
WBGene00044584.,226,1656,1882
WBGene00044585.,0,0,0
WBGene00044586.,1,16,17
WBGene00044587.,0,3,3
WBGene00044588.,54,189,243
WBGene00044589.,3,5,8
WBGene00044602.,0,1,1
WBGene00044603.,45,242,287
WBGene00044604.,40,684,724
WBGene00044605.,645,5124,5769
WBGene00044606.,0,0,0
WBGene00044607.,20,30,50
WBGene00044608.,35,1354,1389
WBGene00044609.,402,669,1071
WBGene00044610.,0,9,9
WBGene00044611.,16,21,37
WBGene00044612.,26,477,503
WBGene00044614.,71,678,749
WBGene00044615.,77,753,830
WBGene00044616.,0,9,9
WBGene00044617.,3,79,82
WBGene00044618.,11,414,425
WBGene00044620.,24,666,690
WBGene00044621.,3,180,183
WBGene00044623.,44,2431,2475
WBGene00044630.,127,2083,2210
WBGene00044631.,56,539,595
WBGene00044632.,3,18,21
WBGene00044633.,5,60,65
WBGene00044634.,3,3,6
WBGene00044636.,99,2285,2384
WBGene00044637.,54,158,212
WBGene00044638.,0,1344,1344
WBGene00044639.,3,0,3
WBGene00044640.,116,835,951
WBGene00044641.,162,212,374
WBGene00044642.,2,0,2
WBGene00044643.,6,470,476
WBGene00044644.,150,969,1119
WBGene00044645.,3,18,21
WBGene00044646.,45,131,176
WBGene00044648.,73,871,944
WBGene00044649.,33,26,59
WBGene00044650.,1287,2609,3896
WBGene00044651.,418,602,1020
WBGene00044653.,0,3,3
WBGene00044654.,1,14,15
WBGene00044655.,0,1,1
WBGene00044657.,0,0,0
WBGene00044658.,3,57,60
WBGene00044659.,0,1,1
WBGene00044660.,1,3,4
WBGene00044661.,2,40,42
WBGene00044662.,0,8,8
WBGene00044663.,0,4,4
WBGene00044664.,0,13,13
WBGene00044665.,1,1,2
WBGene00044666.,178,3319,3497
WBGene00044667.,2,25,27
WBGene00044668.,0,4,4
WBGene00044670.,89,2,91
WBGene00044672.,2,60,62
WBGene00044673.,0,0,0
WBGene00044674.,3,4,7
WBGene00044675.,11,219,230
WBGene00044676.,2,87,89
WBGene00044677.,626,1415,2041
WBGene00044678.,7,30,37
WBGene00044679.,58,1209,1267
WBGene00044680.,0,1,1
WBGene00044681.,41,567,608
WBGene00044683.,1,7,8
WBGene00044684.,3,13,16
WBGene00044686.,66,4871,4937
WBGene00044687.,6,8,14
WBGene00044689.,304,1461,1765
WBGene00044690.,38,594,632
WBGene00044691.,0,0,0
WBGene00044692.,3,0,3
WBGene00044693.,0,0,0
WBGene00044694.,0,0,0
WBGene00044695.,0,0,0
WBGene00044696.,11,105,116
WBGene00044697.,14,44,58
WBGene00044698.,71,4297,4368
WBGene00044699.,7,89,96
WBGene00044700.,22,76,98
WBGene00044701.,111,662,773
WBGene00044702.,0,1,1
WBGene00044703.,0,0,0
WBGene00044704.,0,9,9
WBGene00044705.,23,99,122
WBGene00044706.,2,4,6
WBGene00044707.,2,0,2
WBGene00044708.,5,0,5
WBGene00044709.,0,0,0
WBGene00044710.,0,0,0
WBGene00044711.,0,0,0
WBGene00044712.,1,3,4
WBGene00044713.,0,3,3
WBGene00044714.,0,0,0
WBGene00044716.,0,2,2
WBGene00044718.,1,10,11
WBGene00044719.,0,8,8
WBGene00044720.,0,20,20
WBGene00044722.,0,0,0
WBGene00044723.,0,5,5
WBGene00044724.,103,1490,1593
WBGene00044725.,13,373,386
WBGene00044726.,7,11,18
WBGene00044727.,0,0,0
WBGene00044728.,0,9878,9878
WBGene00044729.,0,16,16
WBGene00044732.,7,107,114
WBGene00044733.,1,5,6
WBGene00044734.,0,0,0
WBGene00044735.,0,0,0
WBGene00044736.,32,350,382
WBGene00044737.,1563,15344,16907
WBGene00044738.,6,7,13
WBGene00044739.,0,5,5
WBGene00044741.,5,23,28
WBGene00044742.,0,13,13
WBGene00044743.,93,1133,1226
WBGene00044744.,4,9,13
WBGene00044745.,106,493,599
WBGene00044746.,0,6354,6354
WBGene00044747.,0,0,0
WBGene00044748.,0,0,0
WBGene00044749.,0,0,0
WBGene00044750.,0,0,0
WBGene00044751.,0,0,0
WBGene00044752.,0,2,2
WBGene00044753.,22,17,39
WBGene00044754.,3,2,5
WBGene00044755.,0,3,3
WBGene00044756.,38,207,245
WBGene00044757.,8,77,85
WBGene00044758.,8,80,88
WBGene00044759.,0,8,8
WBGene00044760.,20,113,133
WBGene00044761.,1,6,7
WBGene00044762.,82,1507,1589
WBGene00044763.,6,16,22
WBGene00044764.,31,76,107
WBGene00044767.,8,381,389
WBGene00044768.,17,5,22
WBGene00044769.,1,0,1
WBGene00044770.,36,266,302
WBGene00044771.,36,388,424
WBGene00044772.,133,715,848
WBGene00044773.,2,2,4
WBGene00044774.,271,1680,1951
WBGene00044775.,0,1,1
WBGene00044776.,7,28,35
WBGene00044777.,0,1,1
WBGene00044778.,0,0,0
WBGene00044779.,14,61,75
WBGene00044780.,16,28,44
WBGene00044781.,0,0,0
WBGene00044782.,0,0,0
WBGene00044783.,0,2,2
WBGene00044784.,35,3750,3785
WBGene00044786.,1,2,3
WBGene00044787.,2,3,5
WBGene00044788.,13,39,52
WBGene00044789.,62,3511,3573
WBGene00044790.,54,1237,1291
WBGene00044791.,2,60,62
WBGene00044792.,11,28,39
WBGene00044794.,0,0,0
WBGene00044795.,6,401,407
WBGene00044796.,4,7,11
WBGene00044797.,1,167,168
WBGene00044798.,1,0,1
WBGene00044799.,0,96,96
WBGene00044800.,0,0,0
WBGene00044801.,0,0,0
WBGene00044802.,0,0,0
WBGene00044803.,83,146,229
WBGene00044804.,2,5,7
WBGene00044805.,0,2,2
WBGene00044806.,0,4,4
WBGene00044807.,0,2,2
WBGene00044808.,0,2,2
WBGene00044809.,0,1,1
WBGene00044810.,0,1,1
WBGene00044811.,16,458,474
WBGene00044889.,0,0,0
WBGene00044891.,131,1427,1558
WBGene00044892.,1,4,5
WBGene00044894.,65,522,587
WBGene00044895.,28,25,53
WBGene00044896.,13,2,15
WBGene00044897.,2,119,121
WBGene00044898.,13,23,36
WBGene00044900.,3,21,24
WBGene00044901.,1,139,140
WBGene00044902.,0,0,0
WBGene00044903.,133,547,680
WBGene00044905.,0,4,4
WBGene00044906.,5,481,486
WBGene00044907.,26,36,62
WBGene00044908.,2,3,5
WBGene00044909.,2,14,16
WBGene00044911.,7,2,9
WBGene00044912.,3,1,4
WBGene00044914.,0,5,5
WBGene00044916.,191,2540,2731
WBGene00044917.,1,41,42
WBGene00044920.,13,204,217
WBGene00044921.,707,17048,17755
WBGene00044922.,29,972,1001
WBGene00044923.,0,5,5
WBGene00044924.,169,617,786
WBGene00044925.,0,0,0
WBGene00044926.,0,1,1
WBGene00044927.,0,192,192
WBGene00044928.,0,0,0
WBGene00044929.,0,0,0
WBGene00044930.,0,4,4
WBGene00044931.,0,0,0
WBGene00044932.,0,0,0
WBGene00044933.,0,32,32
WBGene00044934.,0,62,62
WBGene00044935.,0,0,0
WBGene00044936.,0,0,0
WBGene00044937.,0,0,0
WBGene00044938.,0,3,3
WBGene00044939.,0,0,0
WBGene00044940.,0,0,0
WBGene00044941.,0,0,0
WBGene00044942.,0,0,0
WBGene00044943.,0,0,0
WBGene00044944.,0,0,0
WBGene00044945.,0,0,0
WBGene00044946.,0,0,0
WBGene00044947.,0,4,4
WBGene00044948.,0,0,0
WBGene00044949.,95,1310,1405
WBGene00044951.,0,0,0
WBGene00044952.,0,0,0
WBGene00044953.,4,3,7
WBGene00044954.,0,0,0
WBGene00044955.,0,0,0
WBGene00044956.,0,0,0
WBGene00044957.,0,0,0
WBGene00044958.,0,0,0
WBGene00044960.,0,1,1
WBGene00044961.,0,7,7
WBGene00044962.,0,0,0
WBGene00044963.,0,0,0
WBGene00044964.,0,0,0
WBGene00044965.,0,0,0
WBGene00044966.,0,0,0
WBGene00044967.,0,13,13
WBGene00044968.,0,0,0
WBGene00044969.,0,0,0
WBGene00044970.,0,0,0
WBGene00044971.,0,0,0
WBGene00044972.,0,1,1
WBGene00044973.,0,15,15
WBGene00044974.,0,0,0
WBGene00044975.,0,25,25
WBGene00044976.,1,4,5
WBGene00044977.,109,1728,1837
WBGene00044978.,0,1,1
WBGene00044979.,13,39,52
WBGene00044980.,0,0,0
WBGene00044981.,0,0,0
WBGene00044982.,0,1,1
WBGene00044983.,0,0,0
WBGene00044984.,0,0,0
WBGene00044985.,0,0,0
WBGene00044986.,0,0,0
WBGene00044987.,96,344,440
WBGene00044988.,0,7,7
WBGene00044989.,485,3921,4406
WBGene00044990.,232,3440,3672
WBGene00044991.,34,734,768
WBGene00044995.,0,0,0
WBGene00044997.,0,30,30
WBGene00044998.,0,0,0
WBGene00045000.,0,2,2
WBGene00045002.,0,4,4
WBGene00045003.,0,0,0
WBGene00045006.,0,0,0
WBGene00045007.,0,0,0
WBGene00045009.,0,2,2
WBGene00045011.,0,0,0
WBGene00045012.,0,4,4
WBGene00045013.,0,48,48
WBGene00045016.,0,0,0
WBGene00045017.,0,2,2
WBGene00045018.,0,5,5
WBGene00045019.,0,0,0
WBGene00045022.,0,0,0
WBGene00045024.,7,100,107
WBGene00045025.,4,0,4
WBGene00045026.,0,0,0
WBGene00045027.,0,0,0
WBGene00045028.,1,0,1
WBGene00045029.,0,5,5
WBGene00045036.,6,16,22
WBGene00045037.,1,1,2
WBGene00045038.,0,0,0
WBGene00045040.,0,0,0
WBGene00045043.,80,15,95
WBGene00045045.,5,7,12
WBGene00045046.,0,0,0
WBGene00045048.,0,67,67
WBGene00045050.,10,161,171
WBGene00045051.,0,0,0
WBGene00045052.,16,30,46
WBGene00045053.,10,31,41
WBGene00045055.,0,0,0
WBGene00045056.,75,1291,1366
WBGene00045057.,0,0,0
WBGene00045058.,10,65,75
WBGene00045059.,5,1,6
WBGene00045060.,1,2,3
WBGene00045061.,0,0,0
WBGene00045062.,0,49,49
WBGene00045063.,229,543,772
WBGene00045065.,0,0,0
WBGene00045066.,7,1,8
WBGene00045067.,4,39,43
WBGene00045068.,0,0,0
WBGene00045069.,0,0,0
WBGene00045071.,0,1,1
WBGene00045072.,0,0,0
WBGene00045074.,0,0,0
WBGene00045075.,0,6,6
WBGene00045076.,2,6,8
WBGene00045077.,16,203,219
WBGene00045078.,270,2487,2757
WBGene00045082.,0,0,0
WBGene00045083.,0,5,5
WBGene00045084.,0,0,0
WBGene00045085.,0,0,0
WBGene00045086.,0,0,0
WBGene00045087.,0,0,0
WBGene00045088.,0,0,0
WBGene00045089.,0,15,15
WBGene00045090.,0,0,0
WBGene00045091.,0,1,1
WBGene00045092.,0,0,0
WBGene00045093.,0,199,199
WBGene00045094.,0,0,0
WBGene00045095.,0,249,249
WBGene00045096.,0,393,393
WBGene00045097.,1,0,1
WBGene00045098.,0,1,1
WBGene00045099.,0,0,0
WBGene00045100.,0,2,2
WBGene00045101.,0,3,3
WBGene00045102.,0,0,0
WBGene00045103.,0,0,0
WBGene00045104.,0,5,5
WBGene00045105.,0,2,2
WBGene00045106.,0,2,2
WBGene00045107.,0,0,0
WBGene00045108.,9,2,11
WBGene00045109.,0,0,0
WBGene00045110.,0,0,0
WBGene00045111.,0,0,0
WBGene00045112.,0,0,0
WBGene00045113.,0,0,0
WBGene00045114.,0,16,16
WBGene00045115.,0,13,13
WBGene00045116.,0,0,0
WBGene00045117.,0,3,3
WBGene00045118.,0,197,197
WBGene00045119.,0,29,29
WBGene00045120.,0,0,0
WBGene00045121.,0,32,32
WBGene00045122.,0,0,0
WBGene00045123.,0,18,18
WBGene00045124.,0,28,28
WBGene00045125.,0,0,0
WBGene00045126.,0,0,0
WBGene00045127.,0,0,0
WBGene00045128.,0,0,0
WBGene00045129.,0,107,107
WBGene00045130.,0,0,0
WBGene00045131.,0,0,0
WBGene00045132.,0,3991,3991
WBGene00045133.,0,6,6
WBGene00045134.,0,0,0
WBGene00045136.,0,0,0
WBGene00045137.,0,0,0
WBGene00045138.,0,0,0
WBGene00045139.,0,0,0
WBGene00045140.,0,17,17
WBGene00045141.,0,23,23
WBGene00045142.,0,102,102
WBGene00045143.,1,0,1
WBGene00045144.,6,11,17
WBGene00045145.,0,0,0
WBGene00045146.,41,151,192
WBGene00045147.,0,109,109
WBGene00045148.,0,0,0
WBGene00045149.,0,2,2
WBGene00045150.,0,7,7
WBGene00045151.,0,0,0
WBGene00045152.,0,0,0
WBGene00045153.,0,0,0
WBGene00045154.,0,0,0
WBGene00045155.,0,0,0
WBGene00045156.,0,10,10
WBGene00045157.,0,137,137
WBGene00045158.,0,1,1
WBGene00045159.,0,76,76
WBGene00045160.,0,5,5
WBGene00045161.,0,0,0
WBGene00045162.,0,43,43
WBGene00045163.,0,66,66
WBGene00045164.,0,40,40
WBGene00045165.,0,0,0
WBGene00045167.,0,9,9
WBGene00045168.,0,0,0
WBGene00045169.,0,0,0
WBGene00045170.,0,0,0
WBGene00045171.,0,597,597
WBGene00045172.,0,0,0
WBGene00045174.,0,0,0
WBGene00045175.,0,379,379
WBGene00045176.,0,11,11
WBGene00045177.,3,4,7
WBGene00045178.,6,105,111
WBGene00045179.,0,0,0
WBGene00045180.,0,1,1
WBGene00045182.,0,1,1
WBGene00045183.,4,146,150
WBGene00045184.,0,0,0
WBGene00045185.,0,0,0
WBGene00045188.,5,13,18
WBGene00045189.,0,65,65
WBGene00045190.,53,594,647
WBGene00045192.,3,1350,1353
WBGene00045193.,16,114,130
WBGene00045194.,0,0,0
WBGene00045195.,230,178,408
WBGene00045197.,0,12,12
WBGene00045198.,1,8,9
WBGene00045199.,0,0,0
WBGene00045200.,0,0,0
WBGene00045201.,0,5,5
WBGene00045202.,0,1,1
WBGene00045203.,0,1,1
WBGene00045204.,0,0,0
WBGene00045205.,0,0,0
WBGene00045207.,1,10,11
WBGene00045208.,0,12157,12157
WBGene00045209.,0,9,9
WBGene00045210.,36,140,176
WBGene00045211.,2,7,9
WBGene00045212.,9,61,70
WBGene00045215.,19,73,92
WBGene00045218.,6,68,74
WBGene00045234.,0,9,9
WBGene00045235.,0,4,4
WBGene00045236.,3,10,13
WBGene00045237.,15,265,280
WBGene00045238.,0,818,818
WBGene00045239.,3,3,6
WBGene00045242.,0,8,8
WBGene00045245.,2,10,12
WBGene00045246.,114,1689,1803
WBGene00045247.,12,34,46
WBGene00045248.,83,209,292
WBGene00045249.,302,6872,7174
WBGene00045250.,60,174,234
WBGene00045251.,0,1,1
WBGene00045252.,19,85,104
WBGene00045253.,71,619,690
WBGene00045254.,0,0,0
WBGene00045255.,294,1291,1585
WBGene00045261.,1,19,20
WBGene00045265.,2,5,7
WBGene00045268.,0,2,2
WBGene00045269.,1,13,14
WBGene00045270.,10,0,10
WBGene00045271.,4,26,30
WBGene00045272.,0,51588,51588
WBGene00045273.,0,2,2
WBGene00045275.,0,260,260
WBGene00045276.,0,2003,2003
WBGene00045277.,290,1332,1622
WBGene00045278.,0,0,0
WBGene00045279.,0,0,0
WBGene00045280.,3,0,3
WBGene00045281.,0,0,0
WBGene00045282.,3,9,12
WBGene00045283.,0,4,4
WBGene00045285.,0,0,0
WBGene00045286.,0,0,0
WBGene00045287.,0,1,1
WBGene00045289.,9,47,56
WBGene00045290.,0,0,0
WBGene00045291.,2,11,13
WBGene00045292.,2,7,9
WBGene00045293.,9,14,23
WBGene00045294.,0,0,0
WBGene00045295.,15,190,205
WBGene00045297.,2,84,86
WBGene00045298.,0,0,0
WBGene00045299.,0,0,0
WBGene00045300.,0,0,0
WBGene00045301.,0,0,0
WBGene00045302.,1,1,2
WBGene00045303.,0,1,1
WBGene00045304.,0,1,1
WBGene00045305.,1,242,243
WBGene00045306.,0,2,2
WBGene00045308.,9,7,16
WBGene00045309.,3,6,9
WBGene00045311.,0,0,0
WBGene00045313.,0,1,1
WBGene00045314.,3,128,131
WBGene00045315.,0,2,2
WBGene00045316.,80,46,126
WBGene00045319.,0,12,12
WBGene00045321.,0,23,23
WBGene00045322.,0,5,5
WBGene00045323.,0,1,1
WBGene00045324.,0,3,3
WBGene00045325.,0,0,0
WBGene00045326.,0,0,0
WBGene00045327.,0,0,0
WBGene00045328.,0,0,0
WBGene00045329.,0,2,2
WBGene00045330.,0,0,0
WBGene00045331.,6,119,125
WBGene00045332.,0,0,0
WBGene00045336.,88,744,832
WBGene00045337.,0,7,7
WBGene00045338.,0,0,0
WBGene00045339.,4,70,74
WBGene00045340.,107,308,415
WBGene00045341.,0,0,0
WBGene00045342.,0,0,0
WBGene00045343.,0,0,0
WBGene00045344.,0,0,0
WBGene00045345.,2,0,2
WBGene00045346.,0,0,0
WBGene00045347.,0,0,0
WBGene00045348.,0,0,0
WBGene00045350.,0,7,7
WBGene00045351.,0,3,3
WBGene00045352.,0,0,0
WBGene00045353.,0,1,1
WBGene00045354.,0,0,0
WBGene00045355.,4,8,12
WBGene00045356.,0,10,10
WBGene00045357.,48,71,119
WBGene00045358.,0,0,0
WBGene00045359.,0,2,2
WBGene00045360.,0,1,1
WBGene00045361.,0,0,0
WBGene00045362.,0,1,1
WBGene00045363.,1,1,2
WBGene00045364.,7,0,7
WBGene00045365.,2,13,15
WBGene00045366.,933,3730,4663
WBGene00045367.,0,0,0
WBGene00045368.,0,0,0
WBGene00045369.,0,0,0
WBGene00045370.,0,0,0
WBGene00045371.,0,2,2
WBGene00045372.,0,0,0
WBGene00045373.,0,0,0
WBGene00045374.,0,0,0
WBGene00045375.,0,74,74
WBGene00045376.,0,0,0
WBGene00045377.,0,0,0
WBGene00045378.,0,3,3
WBGene00045379.,5,415,420
WBGene00045380.,0,1,1
WBGene00045381.,0,0,0
WBGene00045382.,1,26,27
WBGene00045383.,103,3488,3591
WBGene00045385.,2,42,44
WBGene00045386.,97,645,742
WBGene00045387.,51,464,515
WBGene00045388.,0,0,0
WBGene00045389.,0,0,0
WBGene00045390.,212,4078,4290
WBGene00045391.,0,7,7
WBGene00045392.,94,1128,1222
WBGene00045393.,4,29,33
WBGene00045394.,0,3,3
WBGene00045395.,14,75,89
WBGene00045396.,302,215,517
WBGene00045397.,28,115,143
WBGene00045398.,6,3,9
WBGene00045399.,4,38,42
WBGene00045400.,9,32,41
WBGene00045401.,2,10,12
WBGene00045402.,0,0,0
WBGene00045403.,13,176,189
WBGene00045404.,1,17,18
WBGene00045405.,2,11,13
WBGene00045406.,0,1,1
WBGene00045407.,109,1246,1355
WBGene00045408.,0,0,0
WBGene00045410.,160,1481,1641
WBGene00045411.,0,147,147
WBGene00045412.,0,32,32
WBGene00045413.,2,2,4
WBGene00045414.,0,2,2
WBGene00045415.,1,23,24
WBGene00045416.,2,4,6
WBGene00045417.,0,0,0
WBGene00045418.,121,3840,3961
WBGene00045419.,464,3482,3946
WBGene00045433.,139,2060,2199
WBGene00045434.,124,604,728
WBGene00045455.,2,42,44
WBGene00045456.,5,2,7
WBGene00045457.,0,18,18
WBGene00045458.,0,9,9
WBGene00045459.,0,2,2
WBGene00045460.,0,21,21
WBGene00045461.,4,52,56
WBGene00045468.,1,6,7
WBGene00045473.,3,10,13
WBGene00045474.,1,26,27
WBGene00045475.,10,36,46
WBGene00045480.,64,10,74
WBGene00045481.,8,9,17
WBGene00045482.,98,247,345
WBGene00045483.,736,11209,11945
WBGene00045484.,23,57,80
WBGene00045486.,0,2,2
WBGene00045487.,1,3,4
WBGene00045488.,3,38,41
WBGene00045490.,0,0,0
WBGene00045491.,0,0,0
WBGene00045492.,0,0,0
WBGene00045493.,2,2,4
WBGene00045494.,11,64,75
WBGene00045495.,126,1024,1150
WBGene00045496.,0,0,0
WBGene00045497.,7,12,19
WBGene00045498.,0,5,5
WBGene00045500.,3,11,14
WBGene00045501.,1,1,2
WBGene00045502.,0,0,0
WBGene00045506.,1,0,1
WBGene00045507.,4,1246,1250
WBGene00045508.,2,0,2
WBGene00045509.,8,40,48
WBGene00045510.,19,183,202
WBGene00045511.,15,22,37
WBGene00045513.,7,4,11
WBGene00045514.,0,0,0
WBGene00045515.,1,0,1
WBGene00045516.,2,33,35
WBGene00045517.,434,3320,3754
WBGene00045518.,0,0,0
WBGene00045519.,0,0,0
WBGene00045520.,0,0,0
WBGene00045521.,0,0,0
WBGene00045522.,0,0,0
WBGene00045523.,0,0,0
WBGene00045524.,0,0,0
WBGene00045525.,0,0,0
WBGene00045526.,0,0,0
WBGene00045527.,0,0,0
WBGene00045528.,0,0,0
WBGene00045529.,0,0,0
WBGene00045530.,0,1,1
WBGene00045531.,0,0,0
WBGene00045532.,0,0,0
WBGene00045533.,0,0,0
WBGene00045534.,0,0,0
WBGene00045535.,0,0,0
WBGene00045536.,0,1,1
WBGene00045537.,0,6,6
WBGene00045538.,0,0,0
WBGene00045539.,0,0,0
WBGene00045540.,0,65,65
WBGene00045541.,0,0,0
WBGene00045542.,0,0,0
WBGene00045543.,0,0,0
WBGene00045544.,0,0,0
WBGene00045545.,0,0,0
WBGene00045546.,0,1,1
WBGene00045547.,0,2,2
WBGene00045548.,0,0,0
WBGene00045549.,0,0,0
WBGene00045550.,0,0,0
WBGene00045551.,0,0,0
WBGene00045552.,0,0,0
WBGene00045553.,0,0,0
WBGene00045554.,0,0,0
WBGene00045555.,0,0,0
WBGene00045556.,0,0,0
WBGene00045557.,0,0,0
WBGene00045558.,0,0,0
WBGene00045559.,0,0,0
WBGene00045560.,0,1,1
WBGene00045561.,0,0,0
WBGene00045562.,0,0,0
WBGene00045563.,0,0,0
WBGene00045564.,0,0,0
WBGene00045565.,0,1,1
WBGene00045566.,0,0,0
WBGene00045567.,0,0,0
WBGene00045568.,0,0,0
WBGene00045569.,0,0,0
WBGene00045570.,0,0,0
WBGene00045571.,0,0,0
WBGene00045572.,0,0,0
WBGene00045573.,0,0,0
WBGene00045574.,0,0,0
WBGene00045575.,0,0,0
WBGene00045576.,0,0,0
WBGene00045577.,0,0,0
WBGene00045578.,0,0,0
WBGene00045579.,0,0,0
WBGene00045580.,0,1,1
WBGene00045581.,0,1,1
WBGene00045582.,0,0,0
WBGene00045583.,0,2,2
WBGene00045584.,0,0,0
WBGene00045585.,0,0,0
WBGene00045586.,0,0,0
WBGene00045587.,0,0,0
WBGene00045588.,0,0,0
WBGene00045589.,0,0,0
WBGene00045590.,0,0,0
WBGene00045591.,0,1,1
WBGene00045592.,0,0,0
WBGene00045593.,0,0,0
WBGene00045594.,0,0,0
WBGene00045595.,0,0,0
WBGene00045596.,0,0,0
WBGene00045597.,0,0,0
WBGene00045598.,0,0,0
WBGene00045599.,0,0,0
WBGene00045600.,0,0,0
WBGene00045601.,0,0,0
WBGene00045602.,0,2,2
WBGene00045603.,0,0,0
WBGene00045604.,0,0,0
WBGene00045605.,0,0,0
WBGene00045606.,0,0,0
WBGene00045607.,0,0,0
WBGene00045608.,0,0,0
WBGene00045609.,0,0,0
WBGene00045610.,0,0,0
WBGene00045611.,0,0,0
WBGene00045612.,0,0,0
WBGene00045613.,0,0,0
WBGene00045614.,0,1,1
WBGene00045615.,0,0,0
WBGene00045616.,0,1,1
WBGene00045617.,0,0,0
WBGene00045618.,0,0,0
WBGene00045619.,0,0,0
WBGene00045620.,0,0,0
WBGene00045621.,0,0,0
WBGene00045622.,0,0,0
WBGene00045623.,0,0,0
WBGene00045624.,0,0,0
WBGene00045625.,0,0,0
WBGene00045626.,0,0,0
WBGene00045627.,0,0,0
WBGene00045628.,0,0,0
WBGene00045629.,0,0,0
WBGene00045630.,0,0,0
WBGene00045631.,0,0,0
WBGene00045632.,0,0,0
WBGene00045633.,0,0,0
WBGene00045634.,0,0,0
WBGene00045635.,0,0,0
WBGene00045636.,0,0,0
WBGene00045637.,0,5,5
WBGene00045638.,0,0,0
WBGene00045639.,0,0,0
WBGene00045640.,0,0,0
WBGene00045641.,0,0,0
WBGene00045642.,0,0,0
WBGene00045643.,0,0,0
WBGene00045644.,0,0,0
WBGene00045645.,0,0,0
WBGene00045646.,0,0,0
WBGene00045647.,0,0,0
WBGene00045648.,0,0,0
WBGene00045649.,0,0,0
WBGene00045650.,0,0,0
WBGene00045651.,0,1,1
WBGene00045652.,0,0,0
WBGene00045653.,0,3,3
WBGene00045654.,0,0,0
WBGene00045655.,0,0,0
WBGene00045656.,0,0,0
WBGene00045657.,0,0,0
WBGene00045658.,0,0,0
WBGene00045659.,0,0,0
WBGene00045660.,0,0,0
WBGene00045661.,0,0,0
WBGene00045662.,0,0,0
WBGene00045663.,0,0,0
WBGene00045664.,0,0,0
WBGene00045665.,0,0,0
WBGene00045666.,0,0,0
WBGene00045667.,0,0,0
WBGene00045668.,0,96,96
WBGene00045669.,0,0,0
WBGene00045670.,0,0,0
WBGene00045671.,0,0,0
WBGene00045672.,0,0,0
WBGene00045673.,0,0,0
WBGene00045674.,0,0,0
WBGene00045675.,0,0,0
WBGene00045676.,0,0,0
WBGene00045677.,0,0,0
WBGene00045678.,0,0,0
WBGene00045679.,0,0,0
WBGene00045680.,0,0,0
WBGene00045681.,0,0,0
WBGene00045682.,0,0,0
WBGene00045683.,0,1,1
WBGene00045684.,0,0,0
WBGene00045685.,0,0,0
WBGene00045686.,0,0,0
WBGene00045687.,0,0,0
WBGene00045688.,0,0,0
WBGene00045689.,0,0,0
WBGene00045690.,0,0,0
WBGene00045691.,0,0,0
WBGene00045692.,0,0,0
WBGene00045693.,0,0,0
WBGene00045694.,0,18,18
WBGene00045695.,0,0,0
WBGene00045696.,0,1,1
WBGene00045697.,0,0,0
WBGene00045698.,0,0,0
WBGene00045699.,0,0,0
WBGene00045700.,0,0,0
WBGene00045701.,0,0,0
WBGene00045702.,0,1,1
WBGene00045703.,0,0,0
WBGene00045704.,0,0,0
WBGene00045705.,0,0,0
WBGene00045706.,0,0,0
WBGene00045707.,0,0,0
WBGene00045708.,0,0,0
WBGene00045709.,0,0,0
WBGene00045710.,0,0,0
WBGene00045711.,0,0,0
WBGene00045712.,0,0,0
WBGene00045713.,0,0,0
WBGene00045714.,0,0,0
WBGene00045715.,0,0,0
WBGene00045716.,0,0,0
WBGene00045717.,0,0,0
WBGene00045718.,0,0,0
WBGene00045719.,0,0,0
WBGene00045720.,0,1,1
WBGene00045721.,0,0,0
WBGene00045722.,0,0,0
WBGene00045723.,0,0,0
WBGene00045724.,0,2,2
WBGene00045725.,0,0,0
WBGene00045726.,0,0,0
WBGene00045727.,0,0,0
WBGene00045728.,0,6,6
WBGene00045729.,0,0,0
WBGene00045730.,0,0,0
WBGene00045731.,0,0,0
WBGene00045732.,0,0,0
WBGene00045733.,0,0,0
WBGene00045734.,0,0,0
WBGene00045735.,0,0,0
WBGene00045736.,0,0,0
WBGene00045737.,0,0,0
WBGene00045738.,0,0,0
WBGene00045739.,0,0,0
WBGene00045740.,0,0,0
WBGene00045741.,0,0,0
WBGene00045743.,0,0,0
WBGene00045744.,0,0,0
WBGene00045745.,0,0,0
WBGene00045746.,0,0,0
WBGene00045747.,0,0,0
WBGene00045748.,0,0,0
WBGene00045749.,0,0,0
WBGene00045750.,0,0,0
WBGene00045751.,0,0,0
WBGene00045752.,0,0,0
WBGene00045753.,0,0,0
WBGene00045754.,0,0,0
WBGene00045755.,0,0,0
WBGene00045756.,0,0,0
WBGene00045757.,0,0,0
WBGene00045758.,0,0,0
WBGene00045759.,0,0,0
WBGene00045760.,0,0,0
WBGene00045761.,0,0,0
WBGene00045762.,0,0,0
WBGene00045763.,0,0,0
WBGene00045764.,0,0,0
WBGene00045765.,0,0,0
WBGene00045766.,0,0,0
WBGene00045767.,0,0,0
WBGene00045768.,0,0,0
WBGene00045769.,0,0,0
WBGene00045770.,0,0,0
WBGene00045771.,0,0,0
WBGene00045772.,0,0,0
WBGene00045773.,0,0,0
WBGene00045774.,0,0,0
WBGene00045775.,0,0,0
WBGene00045776.,0,0,0
WBGene00045777.,0,0,0
WBGene00045778.,0,0,0
WBGene00045779.,0,0,0
WBGene00045780.,0,0,0
WBGene00045781.,0,0,0
WBGene00045782.,0,0,0
WBGene00045783.,0,0,0
WBGene00045784.,0,0,0
WBGene00045785.,0,0,0
WBGene00045786.,0,1,1
WBGene00045787.,0,1,1
WBGene00045788.,0,0,0
WBGene00045789.,0,0,0
WBGene00045790.,0,3,3
WBGene00045791.,0,0,0
WBGene00045792.,0,0,0
WBGene00045793.,0,0,0
WBGene00045794.,0,0,0
WBGene00045795.,0,0,0
WBGene00045796.,0,0,0
WBGene00045797.,0,0,0
WBGene00045798.,0,0,0
WBGene00045799.,0,0,0
WBGene00045800.,0,0,0
WBGene00045801.,0,0,0
WBGene00045802.,0,0,0
WBGene00045803.,0,0,0
WBGene00045804.,0,0,0
WBGene00045805.,0,0,0
WBGene00045806.,0,0,0
WBGene00045807.,0,0,0
WBGene00045808.,0,0,0
WBGene00045809.,0,0,0
WBGene00045810.,0,0,0
WBGene00045811.,0,0,0
WBGene00045812.,0,0,0
WBGene00045813.,0,0,0
WBGene00045814.,0,0,0
WBGene00045815.,0,0,0
WBGene00045816.,0,0,0
WBGene00045817.,0,0,0
WBGene00045818.,0,0,0
WBGene00045819.,0,0,0
WBGene00045820.,0,0,0
WBGene00045821.,0,0,0
WBGene00045822.,0,4,4
WBGene00045823.,0,0,0
WBGene00045824.,0,0,0
WBGene00045825.,0,0,0
WBGene00045826.,0,0,0
WBGene00045827.,0,0,0
WBGene00045828.,0,0,0
WBGene00045829.,0,0,0
WBGene00045830.,0,0,0
WBGene00045831.,0,0,0
WBGene00045832.,0,0,0
WBGene00045833.,0,0,0
WBGene00045834.,0,0,0
WBGene00045835.,0,0,0
WBGene00045836.,0,0,0
WBGene00045837.,0,0,0
WBGene00045838.,0,0,0
WBGene00045839.,0,5,5
WBGene00045840.,0,0,0
WBGene00045841.,0,4,4
WBGene00045842.,0,0,0
WBGene00045843.,0,3,3
WBGene00045844.,0,0,0
WBGene00045845.,0,0,0
WBGene00045846.,0,0,0
WBGene00045847.,0,0,0
WBGene00045848.,0,1,1
WBGene00045849.,0,0,0
WBGene00045850.,0,0,0
WBGene00045851.,0,0,0
WBGene00045852.,0,0,0
WBGene00045853.,0,0,0
WBGene00045854.,0,0,0
WBGene00045855.,0,0,0
WBGene00045856.,0,0,0
WBGene00045857.,0,0,0
WBGene00045858.,0,0,0
WBGene00045859.,0,0,0
WBGene00045860.,0,0,0
WBGene00045861.,0,0,0
WBGene00045862.,0,0,0
WBGene00045863.,0,0,0
WBGene00045864.,0,0,0
WBGene00045865.,0,0,0
WBGene00045866.,0,0,0
WBGene00045867.,0,0,0
WBGene00045868.,0,0,0
WBGene00045869.,0,0,0
WBGene00045870.,0,0,0
WBGene00045871.,0,0,0
WBGene00045872.,0,0,0
WBGene00045873.,0,0,0
WBGene00045874.,0,0,0
WBGene00045875.,0,0,0
WBGene00045876.,0,0,0
WBGene00045877.,0,0,0
WBGene00045878.,0,0,0
WBGene00045879.,0,0,0
WBGene00045880.,0,0,0
WBGene00045881.,0,1,1
WBGene00045882.,0,0,0
WBGene00045883.,0,0,0
WBGene00045884.,0,0,0
WBGene00045885.,0,0,0
WBGene00045886.,0,1,1
WBGene00045887.,0,0,0
WBGene00045888.,0,0,0
WBGene00045889.,0,0,0
WBGene00045890.,0,0,0
WBGene00045891.,0,0,0
WBGene00045892.,0,0,0
WBGene00045893.,0,0,0
WBGene00045894.,0,0,0
WBGene00045895.,0,0,0
WBGene00045896.,0,1,1
WBGene00045897.,0,0,0
WBGene00045898.,0,0,0
WBGene00045899.,0,0,0
WBGene00045900.,0,0,0
WBGene00045901.,0,0,0
WBGene00045902.,0,0,0
WBGene00045903.,0,0,0
WBGene00045904.,0,0,0
WBGene00045905.,0,0,0
WBGene00045906.,0,0,0
WBGene00045907.,0,0,0
WBGene00045908.,0,0,0
WBGene00045909.,0,0,0
WBGene00045910.,0,0,0
WBGene00045911.,0,0,0
WBGene00045912.,0,0,0
WBGene00045913.,0,0,0
WBGene00045914.,0,0,0
WBGene00045915.,0,0,0
WBGene00045916.,0,0,0
WBGene00045917.,0,0,0
WBGene00045918.,0,0,0
WBGene00045919.,0,0,0
WBGene00045920.,0,0,0
WBGene00045921.,0,0,0
WBGene00045922.,0,0,0
WBGene00045923.,0,0,0
WBGene00045924.,0,0,0
WBGene00045925.,0,0,0
WBGene00045926.,0,0,0
WBGene00045927.,0,0,0
WBGene00045928.,0,8,8
WBGene00045929.,0,0,0
WBGene00045930.,0,0,0
WBGene00045931.,0,0,0
WBGene00045932.,0,0,0
WBGene00045933.,0,0,0
WBGene00045934.,0,0,0
WBGene00045935.,0,0,0
WBGene00045936.,0,0,0
WBGene00045937.,0,0,0
WBGene00045938.,0,0,0
WBGene00045939.,0,0,0
WBGene00045940.,0,0,0
WBGene00045941.,0,0,0
WBGene00045942.,0,0,0
WBGene00045943.,0,0,0
WBGene00045944.,0,0,0
WBGene00045945.,0,0,0
WBGene00045946.,0,0,0
WBGene00045947.,0,0,0
WBGene00045948.,0,0,0
WBGene00045949.,0,0,0
WBGene00045950.,0,0,0
WBGene00045951.,0,0,0
WBGene00045952.,0,0,0
WBGene00045953.,0,0,0
WBGene00045954.,0,1,1
WBGene00045955.,0,0,0
WBGene00045956.,0,2,2
WBGene00045957.,0,0,0
WBGene00045958.,0,0,0
WBGene00045959.,0,0,0
WBGene00045960.,0,0,0
WBGene00045961.,0,1,1
WBGene00045962.,0,0,0
WBGene00045963.,0,0,0
WBGene00045964.,0,0,0
WBGene00045965.,0,0,0
WBGene00045966.,0,1,1
WBGene00045967.,0,0,0
WBGene00045968.,0,0,0
WBGene00045969.,0,0,0
WBGene00045970.,0,0,0
WBGene00045971.,0,0,0
WBGene00045972.,0,0,0
WBGene00045973.,0,0,0
WBGene00045974.,0,0,0
WBGene00045975.,0,0,0
WBGene00045976.,0,0,0
WBGene00045977.,0,0,0
WBGene00045978.,0,0,0
WBGene00045979.,0,3,3
WBGene00045980.,0,0,0
WBGene00045981.,0,1,1
WBGene00045982.,0,1,1
WBGene00045983.,0,0,0
WBGene00045984.,0,0,0
WBGene00045985.,0,0,0
WBGene00045986.,0,0,0
WBGene00045987.,0,0,0
WBGene00045988.,0,0,0
WBGene00045989.,0,0,0
WBGene00045990.,0,0,0
WBGene00045991.,0,0,0
WBGene00045992.,0,0,0
WBGene00045993.,0,0,0
WBGene00045994.,0,0,0
WBGene00045995.,0,0,0
WBGene00045996.,0,0,0
WBGene00045997.,0,0,0
WBGene00045998.,0,0,0
WBGene00045999.,0,0,0
WBGene00046000.,0,0,0
WBGene00046001.,0,0,0
WBGene00046002.,0,0,0
WBGene00046003.,0,0,0
WBGene00046004.,0,0,0
WBGene00046005.,0,0,0
WBGene00046006.,0,2,2
WBGene00046007.,0,0,0
WBGene00046008.,0,0,0
WBGene00046009.,0,0,0
WBGene00046010.,0,0,0
WBGene00046011.,0,2,2
WBGene00046012.,0,0,0
WBGene00046013.,0,0,0
WBGene00046014.,0,0,0
WBGene00046015.,0,0,0
WBGene00046016.,0,0,0
WBGene00046017.,0,0,0
WBGene00046018.,0,0,0
WBGene00046019.,0,0,0
WBGene00046020.,0,0,0
WBGene00046021.,0,0,0
WBGene00046022.,0,0,0
WBGene00046023.,0,0,0
WBGene00046024.,0,0,0
WBGene00046025.,0,0,0
WBGene00046026.,0,0,0
WBGene00046027.,0,4,4
WBGene00046028.,0,0,0
WBGene00046029.,0,0,0
WBGene00046030.,0,0,0
WBGene00046031.,0,0,0
WBGene00046032.,0,0,0
WBGene00046033.,0,0,0
WBGene00046034.,0,0,0
WBGene00046035.,0,0,0
WBGene00046036.,0,0,0
WBGene00046037.,0,1,1
WBGene00046038.,0,0,0
WBGene00046039.,0,0,0
WBGene00046040.,0,0,0
WBGene00046041.,0,2,2
WBGene00046042.,0,0,0
WBGene00046043.,0,0,0
WBGene00046044.,0,0,0
WBGene00046045.,0,0,0
WBGene00046046.,0,0,0
WBGene00046047.,0,0,0
WBGene00046048.,0,0,0
WBGene00046049.,0,0,0
WBGene00046050.,0,1,1
WBGene00046051.,0,0,0
WBGene00046052.,0,0,0
WBGene00046053.,0,0,0
WBGene00046054.,0,0,0
WBGene00046055.,0,0,0
WBGene00046056.,0,0,0
WBGene00046057.,0,0,0
WBGene00046058.,0,0,0
WBGene00046059.,0,1,1
WBGene00046060.,0,0,0
WBGene00046061.,0,0,0
WBGene00046062.,0,0,0
WBGene00046063.,0,0,0
WBGene00046064.,0,0,0
WBGene00046065.,0,0,0
WBGene00046066.,0,0,0
WBGene00046067.,0,0,0
WBGene00046068.,0,0,0
WBGene00046069.,0,0,0
WBGene00046070.,0,0,0
WBGene00046071.,0,0,0
WBGene00046072.,0,0,0
WBGene00046073.,0,0,0
WBGene00046074.,0,0,0
WBGene00046075.,0,0,0
WBGene00046076.,0,0,0
WBGene00046077.,0,0,0
WBGene00046078.,0,0,0
WBGene00046079.,0,0,0
WBGene00046080.,0,0,0
WBGene00046081.,0,0,0
WBGene00046082.,0,0,0
WBGene00046083.,0,0,0
WBGene00046084.,0,0,0
WBGene00046085.,0,0,0
WBGene00046086.,0,0,0
WBGene00046087.,0,0,0
WBGene00046088.,0,0,0
WBGene00046089.,0,0,0
WBGene00046090.,0,0,0
WBGene00046091.,0,0,0
WBGene00046092.,0,0,0
WBGene00046093.,0,0,0
WBGene00046094.,0,0,0
WBGene00046095.,0,0,0
WBGene00046096.,0,0,0
WBGene00046097.,0,0,0
WBGene00046098.,0,0,0
WBGene00046099.,0,0,0
WBGene00046100.,0,0,0
WBGene00046101.,0,0,0
WBGene00046102.,0,0,0
WBGene00046103.,0,2,2
WBGene00046104.,0,0,0
WBGene00046105.,0,0,0
WBGene00046106.,0,0,0
WBGene00046107.,0,0,0
WBGene00046108.,0,1,1
WBGene00046109.,0,5,5
WBGene00046110.,0,0,0
WBGene00046111.,0,0,0
WBGene00046112.,0,0,0
WBGene00046113.,0,0,0
WBGene00046114.,0,0,0
WBGene00046115.,0,0,0
WBGene00046116.,0,0,0
WBGene00046117.,0,0,0
WBGene00046118.,0,0,0
WBGene00046119.,0,0,0
WBGene00046120.,0,0,0
WBGene00046121.,0,0,0
WBGene00046122.,0,0,0
WBGene00046123.,0,7,7
WBGene00046124.,0,0,0
WBGene00046125.,0,1,1
WBGene00046126.,0,0,0
WBGene00046127.,0,0,0
WBGene00046128.,0,0,0
WBGene00046129.,0,0,0
WBGene00046130.,0,0,0
WBGene00046131.,0,0,0
WBGene00046132.,0,2,2
WBGene00046133.,0,0,0
WBGene00046134.,0,0,0
WBGene00046135.,0,0,0
WBGene00046136.,0,0,0
WBGene00046137.,0,0,0
WBGene00046138.,0,0,0
WBGene00046139.,0,0,0
WBGene00046140.,0,5,5
WBGene00046141.,0,0,0
WBGene00046142.,0,0,0
WBGene00046143.,0,6,6
WBGene00046144.,0,0,0
WBGene00046145.,0,0,0
WBGene00046146.,0,0,0
WBGene00046147.,0,0,0
WBGene00046148.,0,0,0
WBGene00046149.,0,1,1
WBGene00046150.,0,0,0
WBGene00046151.,0,0,0
WBGene00046152.,0,0,0
WBGene00046153.,0,0,0
WBGene00046154.,0,0,0
WBGene00046155.,0,0,0
WBGene00046156.,0,0,0
WBGene00046157.,0,0,0
WBGene00046158.,0,0,0
WBGene00046159.,0,0,0
WBGene00046160.,0,0,0
WBGene00046161.,0,0,0
WBGene00046162.,0,0,0
WBGene00046163.,0,0,0
WBGene00046164.,0,0,0
WBGene00046165.,0,0,0
WBGene00046166.,0,0,0
WBGene00046167.,0,0,0
WBGene00046168.,0,0,0
WBGene00046169.,0,0,0
WBGene00046170.,0,0,0
WBGene00046171.,0,0,0
WBGene00046172.,0,0,0
WBGene00046173.,0,0,0
WBGene00046174.,0,0,0
WBGene00046175.,0,0,0
WBGene00046176.,0,5,5
WBGene00046177.,0,0,0
WBGene00046178.,0,0,0
WBGene00046179.,0,0,0
WBGene00046180.,0,0,0
WBGene00046181.,0,0,0
WBGene00046182.,0,2,2
WBGene00046183.,0,3,3
WBGene00046184.,0,0,0
WBGene00046185.,0,0,0
WBGene00046186.,0,0,0
WBGene00046187.,0,0,0
WBGene00046188.,0,0,0
WBGene00046189.,0,0,0
WBGene00046190.,0,0,0
WBGene00046191.,0,0,0
WBGene00046192.,0,0,0
WBGene00046193.,0,0,0
WBGene00046194.,0,0,0
WBGene00046195.,0,0,0
WBGene00046196.,0,0,0
WBGene00046197.,0,0,0
WBGene00046198.,0,0,0
WBGene00046199.,0,0,0
WBGene00046200.,0,0,0
WBGene00046201.,0,0,0
WBGene00046202.,0,0,0
WBGene00046203.,0,0,0
WBGene00046204.,0,0,0
WBGene00046205.,0,0,0
WBGene00046206.,0,0,0
WBGene00046207.,0,0,0
WBGene00046208.,0,0,0
WBGene00046209.,0,4,4
WBGene00046210.,0,0,0
WBGene00046211.,0,0,0
WBGene00046212.,0,0,0
WBGene00046213.,0,1,1
WBGene00046214.,0,0,0
WBGene00046215.,0,0,0
WBGene00046216.,0,0,0
WBGene00046217.,0,0,0
WBGene00046218.,0,0,0
WBGene00046219.,0,0,0
WBGene00046220.,0,0,0
WBGene00046221.,0,0,0
WBGene00046222.,0,0,0
WBGene00046223.,0,0,0
WBGene00046224.,0,0,0
WBGene00046225.,0,0,0
WBGene00046226.,0,0,0
WBGene00046227.,0,0,0
WBGene00046228.,0,0,0
WBGene00046229.,0,0,0
WBGene00046230.,0,0,0
WBGene00046231.,0,0,0
WBGene00046232.,0,0,0
WBGene00046233.,0,0,0
WBGene00046234.,0,0,0
WBGene00046235.,0,0,0
WBGene00046236.,0,0,0
WBGene00046237.,0,0,0
WBGene00046238.,0,0,0
WBGene00046239.,0,0,0
WBGene00046240.,0,0,0
WBGene00046241.,0,0,0
WBGene00046242.,0,0,0
WBGene00046243.,0,0,0
WBGene00046244.,0,0,0
WBGene00046245.,0,1,1
WBGene00046246.,0,0,0
WBGene00046247.,0,0,0
WBGene00046248.,0,0,0
WBGene00046249.,0,0,0
WBGene00046250.,0,0,0
WBGene00046251.,0,5,5
WBGene00046252.,0,0,0
WBGene00046253.,0,0,0
WBGene00046254.,0,0,0
WBGene00046255.,0,0,0
WBGene00046256.,0,1,1
WBGene00046257.,0,1,1
WBGene00046258.,0,0,0
WBGene00046259.,0,0,0
WBGene00046260.,0,0,0
WBGene00046261.,0,0,0
WBGene00046262.,0,0,0
WBGene00046263.,0,3,3
WBGene00046264.,0,11,11
WBGene00046265.,0,0,0
WBGene00046266.,0,0,0
WBGene00046267.,0,0,0
WBGene00046268.,0,0,0
WBGene00046269.,0,0,0
WBGene00046270.,0,1,1
WBGene00046271.,0,0,0
WBGene00046272.,0,0,0
WBGene00046273.,0,1,1
WBGene00046274.,0,0,0
WBGene00046275.,0,0,0
WBGene00046276.,0,0,0
WBGene00046277.,0,0,0
WBGene00046278.,0,0,0
WBGene00046279.,0,0,0
WBGene00046280.,0,0,0
WBGene00046281.,0,0,0
WBGene00046282.,0,0,0
WBGene00046283.,0,0,0
WBGene00046284.,0,0,0
WBGene00046285.,0,0,0
WBGene00046286.,0,1,1
WBGene00046287.,0,0,0
WBGene00046288.,0,0,0
WBGene00046289.,0,0,0
WBGene00046290.,0,1,1
WBGene00046291.,0,0,0
WBGene00046292.,0,1,1
WBGene00046293.,0,0,0
WBGene00046294.,0,0,0
WBGene00046295.,0,0,0
WBGene00046296.,0,0,0
WBGene00046297.,0,0,0
WBGene00046298.,0,0,0
WBGene00046299.,0,0,0
WBGene00046300.,0,0,0
WBGene00046301.,0,0,0
WBGene00046302.,0,0,0
WBGene00046303.,0,0,0
WBGene00046304.,0,0,0
WBGene00046305.,0,0,0
WBGene00046306.,0,0,0
WBGene00046307.,0,0,0
WBGene00046308.,0,0,0
WBGene00046309.,0,0,0
WBGene00046310.,0,0,0
WBGene00046311.,0,0,0
WBGene00046312.,0,0,0
WBGene00046313.,0,4,4
WBGene00046314.,0,0,0
WBGene00046315.,0,2,2
WBGene00046316.,0,1,1
WBGene00046317.,0,1,1
WBGene00046318.,0,0,0
WBGene00046319.,0,0,0
WBGene00046320.,0,0,0
WBGene00046321.,0,0,0
WBGene00046322.,0,0,0
WBGene00046323.,0,0,0
WBGene00046324.,0,0,0
WBGene00046325.,0,1,1
WBGene00046326.,0,0,0
WBGene00046327.,0,0,0
WBGene00046328.,0,0,0
WBGene00046329.,0,0,0
WBGene00046330.,0,0,0
WBGene00046331.,0,1,1
WBGene00046332.,0,0,0
WBGene00046333.,0,0,0
WBGene00046334.,0,0,0
WBGene00046335.,0,10,10
WBGene00046336.,0,0,0
WBGene00046337.,0,1,1
WBGene00046338.,0,0,0
WBGene00046339.,0,0,0
WBGene00046340.,0,0,0
WBGene00046341.,0,0,0
WBGene00046342.,0,0,0
WBGene00046343.,0,0,0
WBGene00046344.,0,1,1
WBGene00046345.,0,2,2
WBGene00046346.,0,0,0
WBGene00046347.,0,0,0
WBGene00046348.,0,1,1
WBGene00046349.,0,0,0
WBGene00046350.,0,0,0
WBGene00046351.,0,0,0
WBGene00046352.,0,0,0
WBGene00046353.,0,1,1
WBGene00046354.,0,0,0
WBGene00046355.,0,0,0
WBGene00046356.,0,3,3
WBGene00046357.,0,0,0
WBGene00046358.,0,0,0
WBGene00046359.,0,0,0
WBGene00046360.,0,0,0
WBGene00046361.,0,0,0
WBGene00046362.,0,0,0
WBGene00046363.,0,0,0
WBGene00046364.,0,4,4
WBGene00046365.,0,0,0
WBGene00046366.,0,0,0
WBGene00046367.,0,1,1
WBGene00046368.,0,0,0
WBGene00046369.,0,0,0
WBGene00046370.,0,0,0
WBGene00046371.,0,0,0
WBGene00046372.,0,0,0
WBGene00046373.,0,0,0
WBGene00046374.,0,0,0
WBGene00046375.,0,0,0
WBGene00046376.,0,0,0
WBGene00046377.,0,0,0
WBGene00046378.,0,0,0
WBGene00046379.,0,0,0
WBGene00046380.,0,0,0
WBGene00046381.,0,0,0
WBGene00046382.,0,0,0
WBGene00046383.,0,0,0
WBGene00046384.,0,0,0
WBGene00046385.,0,0,0
WBGene00046386.,0,0,0
WBGene00046387.,0,0,0
WBGene00046388.,0,0,0
WBGene00046389.,0,0,0
WBGene00046390.,0,0,0
WBGene00046391.,0,0,0
WBGene00046392.,0,0,0
WBGene00046393.,0,1,1
WBGene00046394.,0,0,0
WBGene00046395.,0,0,0
WBGene00046396.,0,0,0
WBGene00046397.,0,0,0
WBGene00046398.,0,0,0
WBGene00046399.,0,0,0
WBGene00046400.,0,0,0
WBGene00046401.,0,0,0
WBGene00046402.,0,0,0
WBGene00046403.,0,0,0
WBGene00046404.,0,0,0
WBGene00046405.,0,0,0
WBGene00046406.,0,6,6
WBGene00046407.,0,0,0
WBGene00046408.,0,0,0
WBGene00046409.,0,1,1
WBGene00046410.,0,0,0
WBGene00046411.,0,0,0
WBGene00046412.,0,0,0
WBGene00046413.,0,0,0
WBGene00046414.,0,0,0
WBGene00046415.,0,0,0
WBGene00046416.,0,0,0
WBGene00046417.,0,0,0
WBGene00046418.,0,0,0
WBGene00046419.,0,0,0
WBGene00046420.,0,0,0
WBGene00046421.,0,2,2
WBGene00046422.,0,0,0
WBGene00046423.,0,0,0
WBGene00046424.,0,0,0
WBGene00046425.,0,0,0
WBGene00046426.,0,0,0
WBGene00046427.,0,0,0
WBGene00046428.,0,0,0
WBGene00046429.,0,2,2
WBGene00046430.,0,0,0
WBGene00046431.,0,0,0
WBGene00046432.,0,0,0
WBGene00046433.,0,0,0
WBGene00046434.,0,0,0
WBGene00046435.,0,1,1
WBGene00046436.,0,0,0
WBGene00046437.,0,0,0
WBGene00046438.,0,1,1
WBGene00046439.,0,0,0
WBGene00046440.,0,0,0
WBGene00046441.,0,0,0
WBGene00046442.,0,0,0
WBGene00046443.,0,0,0
WBGene00046444.,0,0,0
WBGene00046445.,0,0,0
WBGene00046446.,0,0,0
WBGene00046447.,0,0,0
WBGene00046448.,0,0,0
WBGene00046449.,0,0,0
WBGene00046450.,0,0,0
WBGene00046451.,0,0,0
WBGene00046452.,0,0,0
WBGene00046453.,0,0,0
WBGene00046454.,0,0,0
WBGene00046455.,0,0,0
WBGene00046456.,0,0,0
WBGene00046457.,0,0,0
WBGene00046458.,0,1,1
WBGene00046459.,0,0,0
WBGene00046460.,0,0,0
WBGene00046461.,0,0,0
WBGene00046462.,0,0,0
WBGene00046463.,0,0,0
WBGene00046464.,0,0,0
WBGene00046465.,0,0,0
WBGene00046466.,0,0,0
WBGene00046467.,0,0,0
WBGene00046468.,0,0,0
WBGene00046469.,0,0,0
WBGene00046470.,0,0,0
WBGene00046471.,0,0,0
WBGene00046472.,0,0,0
WBGene00046473.,0,0,0
WBGene00046474.,0,0,0
WBGene00046475.,0,0,0
WBGene00046476.,0,0,0
WBGene00046477.,0,0,0
WBGene00046478.,0,0,0
WBGene00046479.,0,0,0
WBGene00046480.,0,1,1
WBGene00046481.,0,0,0
WBGene00046482.,0,7,7
WBGene00046483.,0,0,0
WBGene00046484.,0,0,0
WBGene00046485.,0,0,0
WBGene00046486.,0,0,0
WBGene00046487.,0,0,0
WBGene00046488.,0,0,0
WBGene00046489.,0,0,0
WBGene00046490.,0,0,0
WBGene00046491.,0,5,5
WBGene00046492.,0,0,0
WBGene00046493.,0,0,0
WBGene00046494.,0,2,2
WBGene00046495.,0,0,0
WBGene00046496.,0,0,0
WBGene00046497.,0,0,0
WBGene00046498.,0,0,0
WBGene00046499.,0,0,0
WBGene00046500.,0,0,0
WBGene00046501.,0,0,0
WBGene00046502.,0,0,0
WBGene00046503.,0,0,0
WBGene00046504.,0,0,0
WBGene00046505.,0,0,0
WBGene00046506.,0,0,0
WBGene00046507.,0,0,0
WBGene00046508.,0,6,6
WBGene00046509.,0,0,0
WBGene00046510.,0,0,0
WBGene00046511.,0,0,0
WBGene00046512.,0,2,2
WBGene00046513.,0,0,0
WBGene00046514.,0,2,2
WBGene00046515.,0,1,1
WBGene00046516.,0,1,1
WBGene00046517.,0,0,0
WBGene00046518.,0,0,0
WBGene00046519.,0,0,0
WBGene00046520.,0,0,0
WBGene00046521.,0,0,0
WBGene00046522.,0,0,0
WBGene00046523.,0,0,0
WBGene00046524.,0,0,0
WBGene00046525.,0,0,0
WBGene00046526.,0,0,0
WBGene00046527.,0,0,0
WBGene00046528.,0,0,0
WBGene00046529.,0,1,1
WBGene00046530.,0,0,0
WBGene00046531.,0,0,0
WBGene00046532.,0,0,0
WBGene00046533.,0,4,4
WBGene00046534.,0,0,0
WBGene00046535.,0,0,0
WBGene00046536.,0,0,0
WBGene00046537.,0,0,0
WBGene00046538.,0,0,0
WBGene00046539.,0,0,0
WBGene00046540.,0,0,0
WBGene00046541.,0,0,0
WBGene00046542.,0,2,2
WBGene00046543.,0,0,0
WBGene00046544.,0,0,0
WBGene00046545.,0,0,0
WBGene00046546.,0,0,0
WBGene00046547.,0,5,5
WBGene00046548.,0,0,0
WBGene00046549.,0,0,0
WBGene00046550.,0,0,0
WBGene00046551.,0,0,0
WBGene00046552.,0,0,0
WBGene00046553.,0,0,0
WBGene00046554.,0,0,0
WBGene00046555.,0,0,0
WBGene00046556.,0,0,0
WBGene00046557.,0,0,0
WBGene00046558.,0,0,0
WBGene00046559.,0,0,0
WBGene00046560.,0,0,0
WBGene00046561.,0,0,0
WBGene00046562.,0,0,0
WBGene00046563.,0,0,0
WBGene00046564.,0,0,0
WBGene00046565.,0,0,0
WBGene00046566.,0,4,4
WBGene00046567.,0,0,0
WBGene00046568.,0,0,0
WBGene00046569.,0,0,0
WBGene00046570.,0,0,0
WBGene00046571.,0,0,0
WBGene00046572.,0,1,1
WBGene00046573.,0,5,5
WBGene00046574.,0,0,0
WBGene00046575.,0,0,0
WBGene00046576.,0,0,0
WBGene00046577.,0,0,0
WBGene00046578.,0,0,0
WBGene00046579.,0,0,0
WBGene00046580.,0,0,0
WBGene00046581.,0,0,0
WBGene00046582.,0,0,0
WBGene00046583.,0,0,0
WBGene00046584.,0,0,0
WBGene00046585.,0,0,0
WBGene00046586.,0,0,0
WBGene00046587.,0,0,0
WBGene00046588.,0,0,0
WBGene00046589.,0,0,0
WBGene00046590.,0,0,0
WBGene00046591.,0,0,0
WBGene00046592.,0,0,0
WBGene00046593.,0,0,0
WBGene00046594.,0,1,1
WBGene00046595.,0,0,0
WBGene00046596.,0,0,0
WBGene00046597.,0,0,0
WBGene00046598.,0,0,0
WBGene00046599.,0,0,0
WBGene00046600.,0,0,0
WBGene00046601.,0,0,0
WBGene00046602.,0,0,0
WBGene00046603.,0,2,2
WBGene00046604.,0,0,0
WBGene00046605.,0,0,0
WBGene00046606.,0,0,0
WBGene00046607.,0,0,0
WBGene00046608.,0,12,12
WBGene00046609.,0,0,0
WBGene00046610.,0,0,0
WBGene00046611.,0,0,0
WBGene00046612.,0,0,0
WBGene00046613.,0,0,0
WBGene00046614.,0,0,0
WBGene00046615.,0,0,0
WBGene00046616.,0,0,0
WBGene00046617.,0,0,0
WBGene00046618.,0,2,2
WBGene00046619.,0,0,0
WBGene00046620.,0,0,0
WBGene00046621.,0,0,0
WBGene00046622.,0,0,0
WBGene00046623.,0,0,0
WBGene00046624.,0,1,1
WBGene00046625.,0,0,0
WBGene00046626.,0,0,0
WBGene00046627.,0,0,0
WBGene00046628.,0,2,2
WBGene00046629.,0,0,0
WBGene00046630.,0,0,0
WBGene00046631.,0,0,0
WBGene00046632.,0,0,0
WBGene00046633.,0,0,0
WBGene00046634.,0,0,0
WBGene00046635.,0,0,0
WBGene00046636.,0,0,0
WBGene00046637.,0,0,0
WBGene00046638.,0,0,0
WBGene00046639.,0,0,0
WBGene00046640.,0,0,0
WBGene00046641.,0,1,1
WBGene00046642.,0,0,0
WBGene00046643.,0,0,0
WBGene00046644.,0,0,0
WBGene00046645.,0,0,0
WBGene00046646.,0,0,0
WBGene00046647.,0,0,0
WBGene00046648.,0,7,7
WBGene00046649.,0,0,0
WBGene00046650.,0,0,0
WBGene00046651.,0,0,0
WBGene00046652.,0,4,4
WBGene00046653.,0,0,0
WBGene00046654.,0,0,0
WBGene00046655.,0,0,0
WBGene00046656.,0,0,0
WBGene00046657.,0,0,0
WBGene00046658.,0,0,0
WBGene00046659.,0,0,0
WBGene00046660.,0,0,0
WBGene00046661.,0,0,0
WBGene00046662.,0,0,0
WBGene00046663.,0,7,7
WBGene00046664.,0,0,0
WBGene00046665.,0,0,0
WBGene00046666.,0,1,1
WBGene00046667.,0,0,0
WBGene00046668.,0,0,0
WBGene00046669.,0,0,0
WBGene00046670.,0,2,2
WBGene00046671.,0,1,1
WBGene00046672.,0,3,3
WBGene00046673.,0,0,0
WBGene00046674.,0,0,0
WBGene00046675.,0,0,0
WBGene00046676.,0,0,0
WBGene00046677.,0,0,0
WBGene00046678.,0,0,0
WBGene00046679.,0,0,0
WBGene00046680.,0,0,0
WBGene00046681.,0,0,0
WBGene00046682.,0,0,0
WBGene00046683.,0,1,1
WBGene00046684.,0,0,0
WBGene00046685.,0,0,0
WBGene00046686.,0,0,0
WBGene00046687.,0,1,1
WBGene00046688.,0,0,0
WBGene00046689.,0,0,0
WBGene00046690.,0,0,0
WBGene00046691.,0,0,0
WBGene00046692.,0,0,0
WBGene00046693.,0,0,0
WBGene00046694.,0,0,0
WBGene00046695.,0,0,0
WBGene00046696.,0,0,0
WBGene00046697.,0,0,0
WBGene00046698.,0,4923,4923
WBGene00046699.,0,0,0
WBGene00046700.,0,0,0
WBGene00046701.,0,0,0
WBGene00046702.,0,0,0
WBGene00046703.,0,4,4
WBGene00046704.,0,0,0
WBGene00046705.,0,0,0
WBGene00046706.,0,0,0
WBGene00046707.,0,0,0
WBGene00046708.,0,0,0
WBGene00046709.,0,0,0
WBGene00046710.,0,0,0
WBGene00046711.,0,0,0
WBGene00046712.,0,2,2
WBGene00046713.,0,0,0
WBGene00046714.,0,0,0
WBGene00046715.,0,0,0
WBGene00046716.,0,0,0
WBGene00046717.,0,0,0
WBGene00046718.,0,0,0
WBGene00046719.,0,0,0
WBGene00046720.,0,0,0
WBGene00046721.,0,0,0
WBGene00046722.,0,0,0
WBGene00046723.,0,0,0
WBGene00046724.,0,0,0
WBGene00046725.,0,0,0
WBGene00046726.,0,0,0
WBGene00046727.,0,0,0
WBGene00046728.,0,0,0
WBGene00046729.,0,0,0
WBGene00046730.,0,1,1
WBGene00046731.,0,1,1
WBGene00046732.,0,0,0
WBGene00046733.,0,0,0
WBGene00046734.,0,0,0
WBGene00046735.,0,0,0
WBGene00046736.,0,0,0
WBGene00046737.,0,0,0
WBGene00046738.,0,14,14
WBGene00046739.,0,3,3
WBGene00046740.,0,0,0
WBGene00046741.,0,0,0
WBGene00046742.,0,0,0
WBGene00046743.,0,1,1
WBGene00046744.,0,0,0
WBGene00046745.,0,0,0
WBGene00046746.,0,0,0
WBGene00046747.,0,0,0
WBGene00046748.,0,3,3
WBGene00046749.,0,0,0
WBGene00046750.,0,0,0
WBGene00046751.,0,0,0
WBGene00046752.,0,0,0
WBGene00046753.,0,0,0
WBGene00046754.,0,0,0
WBGene00046755.,0,2,2
WBGene00046756.,0,0,0
WBGene00046757.,0,0,0
WBGene00046758.,0,0,0
WBGene00046759.,0,0,0
WBGene00046760.,0,0,0
WBGene00046761.,0,26,26
WBGene00046762.,0,0,0
WBGene00046763.,0,0,0
WBGene00046764.,0,1,1
WBGene00046765.,0,1,1
WBGene00046766.,0,0,0
WBGene00046767.,0,0,0
WBGene00046768.,0,0,0
WBGene00046769.,0,0,0
WBGene00046770.,0,0,0
WBGene00046771.,0,0,0
WBGene00046772.,0,0,0
WBGene00046773.,0,0,0
WBGene00046774.,0,0,0
WBGene00046775.,0,0,0
WBGene00046776.,0,0,0
WBGene00046777.,0,0,0
WBGene00046778.,0,0,0
WBGene00046779.,0,0,0
WBGene00046780.,0,1,1
WBGene00046781.,0,0,0
WBGene00046782.,0,0,0
WBGene00046783.,0,0,0
WBGene00046784.,0,0,0
WBGene00046785.,0,4,4
WBGene00046786.,0,0,0
WBGene00046787.,0,0,0
WBGene00046788.,0,0,0
WBGene00046789.,0,0,0
WBGene00046790.,0,0,0
WBGene00046791.,0,0,0
WBGene00046792.,0,0,0
WBGene00046793.,0,0,0
WBGene00046794.,0,0,0
WBGene00046795.,0,0,0
WBGene00046796.,0,0,0
WBGene00046797.,0,0,0
WBGene00046798.,0,0,0
WBGene00046799.,0,0,0
WBGene00046800.,0,0,0
WBGene00046801.,0,0,0
WBGene00046802.,0,0,0
WBGene00046803.,0,1,1
WBGene00046804.,0,0,0
WBGene00046805.,0,0,0
WBGene00046806.,0,0,0
WBGene00046807.,0,0,0
WBGene00046808.,0,3,3
WBGene00046809.,0,0,0
WBGene00046810.,0,0,0
WBGene00046811.,0,0,0
WBGene00046812.,0,0,0
WBGene00046813.,0,0,0
WBGene00046814.,0,1,1
WBGene00046815.,0,0,0
WBGene00046816.,0,0,0
WBGene00046817.,0,0,0
WBGene00046818.,0,0,0
WBGene00046819.,0,1,1
WBGene00046820.,0,0,0
WBGene00046821.,0,0,0
WBGene00046822.,0,0,0
WBGene00046823.,0,0,0
WBGene00046824.,0,0,0
WBGene00046825.,0,0,0
WBGene00046826.,0,0,0
WBGene00046827.,0,0,0
WBGene00046828.,0,1,1
WBGene00046829.,0,0,0
WBGene00046830.,0,0,0
WBGene00046831.,0,0,0
WBGene00046832.,0,0,0
WBGene00046833.,0,0,0
WBGene00046834.,0,0,0
WBGene00046835.,0,0,0
WBGene00046836.,0,0,0
WBGene00046837.,0,1,1
WBGene00046838.,0,0,0
WBGene00046839.,0,1,1
WBGene00046840.,0,0,0
WBGene00046841.,0,0,0
WBGene00046842.,0,0,0
WBGene00046843.,0,0,0
WBGene00046844.,0,0,0
WBGene00046845.,0,0,0
WBGene00046846.,0,0,0
WBGene00046847.,0,0,0
WBGene00046848.,0,0,0
WBGene00046849.,0,0,0
WBGene00046850.,0,0,0
WBGene00046851.,0,0,0
WBGene00046852.,0,0,0
WBGene00046853.,0,0,0
WBGene00046854.,0,3,3
WBGene00046855.,0,0,0
WBGene00046856.,0,0,0
WBGene00046857.,0,0,0
WBGene00046858.,0,0,0
WBGene00046859.,0,23,23
WBGene00046860.,0,0,0
WBGene00046861.,0,0,0
WBGene00046862.,0,0,0
WBGene00046863.,0,2,2
WBGene00046864.,0,0,0
WBGene00046865.,0,0,0
WBGene00046866.,0,0,0
WBGene00046867.,0,0,0
WBGene00046868.,0,0,0
WBGene00046869.,0,8,8
WBGene00046870.,0,0,0
WBGene00046871.,0,0,0
WBGene00046872.,0,1,1
WBGene00046873.,0,0,0
WBGene00046874.,0,0,0
WBGene00046875.,0,0,0
WBGene00046876.,0,0,0
WBGene00046877.,0,0,0
WBGene00046878.,0,1,1
WBGene00046879.,0,0,0
WBGene00046880.,0,0,0
WBGene00046881.,0,0,0
WBGene00046882.,0,0,0
WBGene00046883.,0,0,0
WBGene00046884.,0,0,0
WBGene00046885.,0,0,0
WBGene00046886.,0,0,0
WBGene00046887.,0,0,0
WBGene00046888.,0,0,0
WBGene00046889.,0,0,0
WBGene00046890.,0,0,0
WBGene00046891.,0,0,0
WBGene00046892.,0,0,0
WBGene00046893.,0,0,0
WBGene00046894.,0,1,1
WBGene00046895.,0,0,0
WBGene00046896.,0,0,0
WBGene00046897.,0,0,0
WBGene00046898.,0,0,0
WBGene00046899.,0,0,0
WBGene00046900.,0,0,0
WBGene00046901.,0,0,0
WBGene00046902.,0,0,0
WBGene00046903.,0,0,0
WBGene00046904.,0,0,0
WBGene00046905.,0,0,0
WBGene00046906.,0,0,0
WBGene00046907.,0,2,2
WBGene00046908.,0,0,0
WBGene00046909.,0,0,0
WBGene00046910.,0,0,0
WBGene00046911.,0,0,0
WBGene00046912.,0,2,2
WBGene00046913.,0,0,0
WBGene00046914.,0,0,0
WBGene00046915.,0,0,0
WBGene00046916.,0,0,0
WBGene00046917.,0,0,0
WBGene00046918.,0,4,4
WBGene00046919.,0,0,0
WBGene00046920.,0,0,0
WBGene00046921.,0,0,0
WBGene00046922.,0,0,0
WBGene00046923.,0,0,0
WBGene00046924.,0,0,0
WBGene00046925.,0,0,0
WBGene00046926.,0,0,0
WBGene00046927.,0,0,0
WBGene00046928.,0,0,0
WBGene00046929.,0,0,0
WBGene00046930.,0,0,0
WBGene00046931.,0,0,0
WBGene00046932.,0,0,0
WBGene00046933.,0,0,0
WBGene00046934.,0,0,0
WBGene00046935.,0,0,0
WBGene00046936.,0,0,0
WBGene00046937.,0,1,1
WBGene00046938.,0,0,0
WBGene00046939.,0,1,1
WBGene00046940.,0,0,0
WBGene00046941.,0,0,0
WBGene00046942.,0,0,0
WBGene00046943.,0,0,0
WBGene00046944.,0,0,0
WBGene00046945.,0,0,0
WBGene00046946.,0,0,0
WBGene00046947.,0,0,0
WBGene00046948.,0,0,0
WBGene00046949.,0,0,0
WBGene00046950.,0,0,0
WBGene00046951.,0,0,0
WBGene00046952.,0,0,0
WBGene00046953.,0,0,0
WBGene00046954.,0,0,0
WBGene00046955.,0,0,0
WBGene00046956.,0,0,0
WBGene00046957.,0,0,0
WBGene00046958.,0,0,0
WBGene00046959.,0,0,0
WBGene00046960.,0,0,0
WBGene00046961.,0,0,0
WBGene00046962.,0,0,0
WBGene00046963.,0,0,0
WBGene00046964.,0,0,0
WBGene00046965.,0,5,5
WBGene00046966.,0,0,0
WBGene00046967.,0,0,0
WBGene00046968.,0,0,0
WBGene00046969.,0,0,0
WBGene00046970.,0,0,0
WBGene00046971.,0,1,1
WBGene00046972.,0,0,0
WBGene00046973.,0,0,0
WBGene00046974.,0,0,0
WBGene00046975.,0,0,0
WBGene00046976.,0,0,0
WBGene00046977.,0,0,0
WBGene00046978.,0,0,0
WBGene00046979.,0,1,1
WBGene00046980.,0,0,0
WBGene00046981.,0,0,0
WBGene00046982.,0,0,0
WBGene00046983.,0,0,0
WBGene00046984.,0,0,0
WBGene00046985.,0,0,0
WBGene00046986.,0,0,0
WBGene00046987.,0,0,0
WBGene00046988.,0,0,0
WBGene00046989.,0,0,0
WBGene00046990.,0,0,0
WBGene00046991.,0,0,0
WBGene00046992.,0,0,0
WBGene00046993.,0,0,0
WBGene00046994.,0,0,0
WBGene00046995.,0,0,0
WBGene00046996.,0,0,0
WBGene00046997.,0,0,0
WBGene00046998.,0,0,0
WBGene00046999.,0,0,0
WBGene00047000.,0,0,0
WBGene00047001.,0,0,0
WBGene00047002.,0,0,0
WBGene00047003.,0,5,5
WBGene00047004.,0,0,0
WBGene00047005.,0,0,0
WBGene00047006.,0,0,0
WBGene00047007.,0,0,0
WBGene00047008.,0,0,0
WBGene00047009.,0,0,0
WBGene00047010.,0,0,0
WBGene00047011.,0,0,0
WBGene00047012.,0,0,0
WBGene00047013.,0,0,0
WBGene00047014.,0,0,0
WBGene00047015.,0,0,0
WBGene00047016.,0,0,0
WBGene00047017.,0,1,1
WBGene00047018.,0,1,1
WBGene00047019.,0,0,0
WBGene00047020.,0,0,0
WBGene00047021.,0,2,2
WBGene00047022.,0,0,0
WBGene00047023.,0,0,0
WBGene00047024.,0,0,0
WBGene00047025.,0,0,0
WBGene00047026.,0,0,0
WBGene00047027.,0,0,0
WBGene00047028.,0,0,0
WBGene00047029.,0,0,0
WBGene00047030.,0,0,0
WBGene00047031.,0,0,0
WBGene00047032.,0,0,0
WBGene00047033.,0,0,0
WBGene00047034.,0,0,0
WBGene00047035.,0,0,0
WBGene00047036.,0,0,0
WBGene00047037.,0,0,0
WBGene00047038.,0,4,4
WBGene00047039.,0,2,2
WBGene00047040.,0,0,0
WBGene00047041.,0,0,0
WBGene00047042.,0,0,0
WBGene00047043.,0,0,0
WBGene00047044.,0,25,25
WBGene00047045.,0,0,0
WBGene00047046.,0,0,0
WBGene00047047.,0,0,0
WBGene00047048.,0,0,0
WBGene00047049.,0,0,0
WBGene00047050.,0,0,0
WBGene00047051.,0,0,0
WBGene00047052.,0,0,0
WBGene00047053.,0,1,1
WBGene00047054.,0,0,0
WBGene00047055.,0,0,0
WBGene00047056.,0,0,0
WBGene00047057.,0,0,0
WBGene00047058.,0,0,0
WBGene00047059.,0,0,0
WBGene00047060.,0,0,0
WBGene00047061.,0,0,0
WBGene00047062.,0,1,1
WBGene00047063.,0,0,0
WBGene00047064.,0,0,0
WBGene00047065.,0,0,0
WBGene00047066.,0,0,0
WBGene00047067.,0,1,1
WBGene00047068.,0,0,0
WBGene00047069.,0,0,0
WBGene00047070.,0,0,0
WBGene00047071.,0,1,1
WBGene00047072.,0,0,0
WBGene00047073.,0,0,0
WBGene00047074.,0,0,0
WBGene00047075.,0,0,0
WBGene00047076.,0,0,0
WBGene00047077.,0,0,0
WBGene00047078.,0,2,2
WBGene00047079.,0,0,0
WBGene00047080.,0,0,0
WBGene00047081.,0,0,0
WBGene00047082.,0,0,0
WBGene00047083.,0,0,0
WBGene00047084.,0,19,19
WBGene00047085.,0,0,0
WBGene00047086.,0,0,0
WBGene00047087.,0,1,1
WBGene00047088.,0,0,0
WBGene00047089.,0,0,0
WBGene00047090.,0,0,0
WBGene00047091.,0,0,0
WBGene00047092.,0,1,1
WBGene00047093.,0,0,0
WBGene00047094.,0,0,0
WBGene00047095.,0,0,0
WBGene00047096.,0,0,0
WBGene00047097.,0,0,0
WBGene00047098.,0,3,3
WBGene00047099.,0,0,0
WBGene00047100.,0,0,0
WBGene00047101.,0,0,0
WBGene00047102.,0,0,0
WBGene00047103.,0,0,0
WBGene00047104.,0,0,0
WBGene00047105.,0,0,0
WBGene00047106.,0,0,0
WBGene00047107.,0,0,0
WBGene00047108.,0,0,0
WBGene00047109.,0,0,0
WBGene00047110.,0,1,1
WBGene00047111.,0,0,0
WBGene00047112.,0,0,0
WBGene00047113.,0,0,0
WBGene00047114.,0,2,2
WBGene00047115.,0,1,1
WBGene00047116.,0,0,0
WBGene00047117.,0,0,0
WBGene00047118.,0,16,16
WBGene00047119.,0,0,0
WBGene00047120.,0,0,0
WBGene00047121.,0,0,0
WBGene00047122.,0,0,0
WBGene00047123.,0,0,0
WBGene00047124.,0,0,0
WBGene00047125.,0,0,0
WBGene00047126.,0,0,0
WBGene00047127.,0,0,0
WBGene00047128.,0,0,0
WBGene00047129.,0,0,0
WBGene00047130.,0,0,0
WBGene00047131.,0,0,0
WBGene00047132.,0,0,0
WBGene00047133.,0,0,0
WBGene00047134.,0,0,0
WBGene00047135.,0,0,0
WBGene00047136.,0,2,2
WBGene00047137.,0,0,0
WBGene00047138.,0,0,0
WBGene00047139.,0,0,0
WBGene00047140.,0,0,0
WBGene00047141.,0,17,17
WBGene00047142.,0,0,0
WBGene00047143.,0,0,0
WBGene00047144.,0,0,0
WBGene00047145.,0,0,0
WBGene00047146.,0,0,0
WBGene00047147.,0,0,0
WBGene00047148.,0,0,0
WBGene00047149.,0,0,0
WBGene00047150.,0,1,1
WBGene00047151.,0,0,0
WBGene00047152.,0,0,0
WBGene00047153.,0,0,0
WBGene00047154.,0,0,0
WBGene00047155.,0,0,0
WBGene00047156.,0,0,0
WBGene00047157.,0,0,0
WBGene00047158.,0,0,0
WBGene00047159.,0,0,0
WBGene00047160.,0,1,1
WBGene00047161.,0,0,0
WBGene00047162.,0,0,0
WBGene00047163.,0,0,0
WBGene00047164.,0,0,0
WBGene00047165.,0,0,0
WBGene00047166.,0,0,0
WBGene00047167.,0,0,0
WBGene00047168.,0,0,0
WBGene00047169.,0,0,0
WBGene00047170.,0,4,4
WBGene00047171.,0,0,0
WBGene00047172.,0,0,0
WBGene00047173.,0,0,0
WBGene00047174.,0,0,0
WBGene00047175.,0,0,0
WBGene00047176.,0,0,0
WBGene00047177.,0,1,1
WBGene00047178.,0,0,0
WBGene00047179.,0,0,0
WBGene00047180.,0,0,0
WBGene00047181.,0,0,0
WBGene00047182.,0,0,0
WBGene00047183.,0,1,1
WBGene00047184.,0,0,0
WBGene00047185.,0,0,0
WBGene00047186.,0,0,0
WBGene00047187.,0,0,0
WBGene00047188.,0,0,0
WBGene00047189.,0,0,0
WBGene00047190.,0,0,0
WBGene00047191.,0,0,0
WBGene00047192.,0,0,0
WBGene00047193.,0,0,0
WBGene00047194.,0,0,0
WBGene00047195.,0,0,0
WBGene00047196.,0,0,0
WBGene00047197.,0,0,0
WBGene00047198.,0,0,0
WBGene00047199.,0,0,0
WBGene00047200.,0,0,0
WBGene00047201.,0,0,0
WBGene00047202.,0,0,0
WBGene00047203.,0,0,0
WBGene00047204.,0,0,0
WBGene00047205.,0,0,0
WBGene00047206.,0,0,0
WBGene00047207.,0,0,0
WBGene00047208.,0,0,0
WBGene00047209.,0,0,0
WBGene00047210.,0,0,0
WBGene00047211.,0,0,0
WBGene00047212.,0,0,0
WBGene00047213.,0,0,0
WBGene00047214.,0,0,0
WBGene00047215.,0,0,0
WBGene00047216.,0,0,0
WBGene00047217.,0,1,1
WBGene00047218.,0,0,0
WBGene00047219.,0,0,0
WBGene00047220.,0,0,0
WBGene00047221.,0,7,7
WBGene00047222.,0,0,0
WBGene00047223.,0,0,0
WBGene00047224.,0,3,3
WBGene00047225.,0,0,0
WBGene00047226.,0,0,0
WBGene00047227.,0,0,0
WBGene00047228.,0,0,0
WBGene00047229.,0,0,0
WBGene00047230.,0,0,0
WBGene00047231.,0,0,0
WBGene00047232.,0,0,0
WBGene00047233.,0,0,0
WBGene00047234.,0,1,1
WBGene00047235.,0,0,0
WBGene00047236.,0,0,0
WBGene00047237.,0,0,0
WBGene00047238.,0,0,0
WBGene00047239.,0,0,0
WBGene00047240.,0,0,0
WBGene00047241.,0,0,0
WBGene00047242.,0,0,0
WBGene00047243.,0,0,0
WBGene00047244.,0,0,0
WBGene00047245.,0,0,0
WBGene00047246.,0,0,0
WBGene00047247.,0,0,0
WBGene00047248.,0,0,0
WBGene00047249.,0,0,0
WBGene00047250.,0,0,0
WBGene00047251.,0,0,0
WBGene00047252.,0,0,0
WBGene00047253.,0,0,0
WBGene00047254.,0,0,0
WBGene00047255.,0,0,0
WBGene00047256.,0,4,4
WBGene00047257.,0,0,0
WBGene00047258.,0,0,0
WBGene00047259.,0,1,1
WBGene00047260.,0,0,0
WBGene00047261.,0,0,0
WBGene00047262.,0,0,0
WBGene00047263.,0,0,0
WBGene00047264.,0,0,0
WBGene00047265.,0,0,0
WBGene00047266.,0,0,0
WBGene00047267.,0,0,0
WBGene00047268.,0,0,0
WBGene00047269.,0,0,0
WBGene00047270.,0,0,0
WBGene00047271.,0,0,0
WBGene00047272.,0,0,0
WBGene00047273.,0,0,0
WBGene00047274.,0,0,0
WBGene00047275.,0,0,0
WBGene00047276.,0,0,0
WBGene00047277.,0,0,0
WBGene00047278.,0,0,0
WBGene00047279.,0,0,0
WBGene00047280.,0,1,1
WBGene00047281.,0,0,0
WBGene00047282.,0,0,0
WBGene00047283.,0,0,0
WBGene00047284.,0,0,0
WBGene00047285.,0,0,0
WBGene00047286.,0,0,0
WBGene00047287.,0,0,0
WBGene00047288.,0,0,0
WBGene00047289.,0,1,1
WBGene00047290.,0,1,1
WBGene00047291.,0,0,0
WBGene00047292.,0,0,0
WBGene00047293.,0,0,0
WBGene00047294.,0,0,0
WBGene00047295.,0,0,0
WBGene00047296.,0,0,0
WBGene00047297.,0,12,12
WBGene00047298.,0,0,0
WBGene00047299.,0,0,0
WBGene00047300.,0,0,0
WBGene00047301.,0,0,0
WBGene00047302.,0,0,0
WBGene00047303.,0,0,0
WBGene00047304.,0,0,0
WBGene00047305.,0,0,0
WBGene00047306.,0,0,0
WBGene00047307.,0,1,1
WBGene00047308.,0,0,0
WBGene00047309.,0,0,0
WBGene00047310.,0,0,0
WBGene00047311.,0,0,0
WBGene00047312.,0,1,1
WBGene00047313.,0,0,0
WBGene00047314.,0,0,0
WBGene00047315.,0,0,0
WBGene00047316.,0,0,0
WBGene00047317.,0,0,0
WBGene00047318.,0,0,0
WBGene00047319.,0,0,0
WBGene00047320.,0,0,0
WBGene00047321.,0,0,0
WBGene00047322.,0,0,0
WBGene00047323.,0,0,0
WBGene00047324.,0,0,0
WBGene00047325.,0,0,0
WBGene00047326.,0,0,0
WBGene00047327.,0,0,0
WBGene00047328.,0,0,0
WBGene00047329.,0,1,1
WBGene00047330.,0,0,0
WBGene00047331.,0,0,0
WBGene00047332.,0,0,0
WBGene00047333.,0,0,0
WBGene00047334.,0,3,3
WBGene00047335.,0,0,0
WBGene00047336.,0,0,0
WBGene00047337.,0,0,0
WBGene00047338.,0,0,0
WBGene00047339.,0,24,24
WBGene00047340.,0,0,0
WBGene00047341.,0,0,0
WBGene00047342.,0,0,0
WBGene00047343.,0,0,0
WBGene00047344.,0,0,0
WBGene00047345.,0,0,0
WBGene00047346.,0,0,0
WBGene00047347.,0,0,0
WBGene00047348.,0,0,0
WBGene00047349.,0,0,0
WBGene00047350.,0,0,0
WBGene00047351.,0,0,0
WBGene00047352.,0,0,0
WBGene00047353.,0,0,0
WBGene00047354.,0,0,0
WBGene00047355.,0,0,0
WBGene00047356.,0,0,0
WBGene00047357.,0,1,1
WBGene00047358.,0,0,0
WBGene00047359.,0,0,0
WBGene00047360.,0,0,0
WBGene00047361.,0,0,0
WBGene00047362.,0,0,0
WBGene00047363.,0,0,0
WBGene00047364.,0,0,0
WBGene00047365.,0,0,0
WBGene00047366.,0,0,0
WBGene00047367.,0,0,0
WBGene00047368.,0,0,0
WBGene00047369.,0,2,2
WBGene00047370.,0,0,0
WBGene00047371.,0,1,1
WBGene00047372.,0,0,0
WBGene00047373.,0,0,0
WBGene00047374.,0,0,0
WBGene00047375.,0,0,0
WBGene00047376.,0,0,0
WBGene00047377.,0,0,0
WBGene00047378.,0,6,6
WBGene00047379.,0,0,0
WBGene00047380.,0,0,0
WBGene00047381.,0,0,0
WBGene00047382.,0,1,1
WBGene00047383.,0,0,0
WBGene00047384.,0,0,0
WBGene00047385.,0,0,0
WBGene00047386.,0,0,0
WBGene00047387.,0,0,0
WBGene00047388.,0,0,0
WBGene00047389.,0,0,0
WBGene00047390.,0,0,0
WBGene00047391.,0,0,0
WBGene00047392.,0,0,0
WBGene00047393.,0,0,0
WBGene00047394.,0,1,1
WBGene00047395.,0,0,0
WBGene00047396.,0,0,0
WBGene00047397.,0,0,0
WBGene00047398.,0,0,0
WBGene00047399.,0,0,0
WBGene00047400.,0,0,0
WBGene00047401.,0,0,0
WBGene00047402.,0,0,0
WBGene00047403.,0,0,0
WBGene00047404.,0,0,0
WBGene00047405.,0,0,0
WBGene00047406.,0,0,0
WBGene00047407.,0,7,7
WBGene00047408.,0,0,0
WBGene00047409.,0,0,0
WBGene00047410.,0,0,0
WBGene00047411.,0,17,17
WBGene00047412.,0,0,0
WBGene00047413.,0,0,0
WBGene00047414.,0,0,0
WBGene00047415.,0,0,0
WBGene00047416.,0,0,0
WBGene00047417.,0,0,0
WBGene00047418.,0,0,0
WBGene00047419.,0,1,1
WBGene00047420.,0,0,0
WBGene00047421.,0,0,0
WBGene00047422.,0,0,0
WBGene00047423.,0,0,0
WBGene00047424.,0,0,0
WBGene00047425.,0,0,0
WBGene00047426.,0,0,0
WBGene00047427.,0,0,0
WBGene00047428.,0,0,0
WBGene00047429.,0,0,0
WBGene00047430.,0,0,0
WBGene00047431.,0,0,0
WBGene00047432.,0,1,1
WBGene00047433.,0,0,0
WBGene00047434.,0,0,0
WBGene00047435.,0,0,0
WBGene00047436.,0,0,0
WBGene00047437.,0,0,0
WBGene00047438.,0,0,0
WBGene00047439.,0,0,0
WBGene00047440.,0,0,0
WBGene00047441.,0,0,0
WBGene00047442.,0,0,0
WBGene00047443.,0,0,0
WBGene00047444.,0,0,0
WBGene00047445.,0,0,0
WBGene00047446.,0,1,1
WBGene00047447.,0,1,1
WBGene00047448.,0,0,0
WBGene00047449.,0,0,0
WBGene00047450.,0,0,0
WBGene00047451.,0,0,0
WBGene00047452.,0,0,0
WBGene00047453.,0,0,0
WBGene00047454.,0,0,0
WBGene00047455.,0,0,0
WBGene00047456.,0,0,0
WBGene00047457.,0,0,0
WBGene00047458.,0,0,0
WBGene00047459.,0,0,0
WBGene00047460.,0,0,0
WBGene00047461.,0,1,1
WBGene00047462.,0,1,1
WBGene00047463.,0,0,0
WBGene00047464.,0,1,1
WBGene00047465.,0,0,0
WBGene00047466.,0,0,0
WBGene00047467.,0,1,1
WBGene00047468.,0,0,0
WBGene00047469.,0,0,0
WBGene00047470.,0,0,0
WBGene00047471.,0,0,0
WBGene00047472.,0,0,0
WBGene00047473.,0,0,0
WBGene00047474.,0,0,0
WBGene00047475.,0,0,0
WBGene00047476.,0,0,0
WBGene00047477.,0,0,0
WBGene00047478.,0,0,0
WBGene00047479.,0,0,0
WBGene00047480.,0,0,0
WBGene00047481.,0,0,0
WBGene00047482.,0,0,0
WBGene00047483.,0,0,0
WBGene00047484.,0,0,0
WBGene00047485.,0,0,0
WBGene00047486.,0,0,0
WBGene00047487.,0,0,0
WBGene00047488.,0,0,0
WBGene00047489.,0,0,0
WBGene00047490.,0,0,0
WBGene00047491.,0,0,0
WBGene00047492.,0,0,0
WBGene00047493.,0,0,0
WBGene00047494.,0,0,0
WBGene00047495.,0,0,0
WBGene00047496.,0,0,0
WBGene00047497.,0,0,0
WBGene00047498.,0,0,0
WBGene00047499.,0,0,0
WBGene00047500.,0,0,0
WBGene00047501.,0,0,0
WBGene00047502.,0,0,0
WBGene00047503.,0,0,0
WBGene00047504.,0,1,1
WBGene00047505.,0,0,0
WBGene00047506.,0,0,0
WBGene00047507.,0,0,0
WBGene00047508.,0,0,0
WBGene00047509.,0,0,0
WBGene00047510.,0,0,0
WBGene00047511.,0,0,0
WBGene00047512.,0,0,0
WBGene00047513.,0,0,0
WBGene00047514.,0,2,2
WBGene00047515.,0,0,0
WBGene00047516.,0,1,1
WBGene00047517.,0,0,0
WBGene00047518.,0,0,0
WBGene00047519.,0,0,0
WBGene00047520.,0,0,0
WBGene00047521.,0,0,0
WBGene00047522.,0,0,0
WBGene00047523.,0,0,0
WBGene00047524.,0,0,0
WBGene00047525.,0,0,0
WBGene00047526.,0,0,0
WBGene00047527.,0,0,0
WBGene00047528.,0,0,0
WBGene00047529.,0,0,0
WBGene00047530.,0,0,0
WBGene00047531.,0,0,0
WBGene00047532.,0,0,0
WBGene00047533.,0,1,1
WBGene00047534.,0,0,0
WBGene00047535.,0,1,1
WBGene00047536.,0,0,0
WBGene00047537.,0,0,0
WBGene00047538.,0,0,0
WBGene00047539.,0,0,0
WBGene00047540.,0,0,0
WBGene00047541.,0,0,0
WBGene00047542.,0,0,0
WBGene00047543.,0,1,1
WBGene00047544.,0,0,0
WBGene00047545.,0,0,0
WBGene00047546.,0,0,0
WBGene00047547.,0,0,0
WBGene00047548.,0,0,0
WBGene00047549.,0,0,0
WBGene00047550.,0,0,0
WBGene00047551.,0,0,0
WBGene00047552.,0,1,1
WBGene00047553.,0,0,0
WBGene00047554.,0,0,0
WBGene00047555.,0,0,0
WBGene00047556.,0,0,0
WBGene00047557.,0,0,0
WBGene00047558.,0,0,0
WBGene00047559.,0,0,0
WBGene00047560.,0,1,1
WBGene00047561.,0,0,0
WBGene00047562.,0,0,0
WBGene00047563.,0,0,0
WBGene00047564.,0,0,0
WBGene00047565.,0,0,0
WBGene00047566.,0,0,0
WBGene00047567.,0,0,0
WBGene00047568.,0,1,1
WBGene00047569.,0,0,0
WBGene00047570.,0,0,0
WBGene00047571.,0,0,0
WBGene00047572.,0,0,0
WBGene00047573.,0,0,0
WBGene00047574.,0,0,0
WBGene00047575.,0,0,0
WBGene00047576.,0,0,0
WBGene00047577.,0,0,0
WBGene00047578.,0,0,0
WBGene00047579.,0,0,0
WBGene00047580.,0,0,0
WBGene00047581.,0,0,0
WBGene00047582.,0,0,0
WBGene00047583.,0,0,0
WBGene00047584.,0,0,0
WBGene00047585.,0,1,1
WBGene00047586.,0,0,0
WBGene00047587.,0,0,0
WBGene00047588.,0,0,0
WBGene00047589.,0,0,0
WBGene00047590.,0,0,0
WBGene00047591.,0,0,0
WBGene00047592.,0,0,0
WBGene00047593.,0,0,0
WBGene00047594.,0,0,0
WBGene00047595.,0,5,5
WBGene00047596.,0,0,0
WBGene00047597.,0,0,0
WBGene00047598.,0,0,0
WBGene00047599.,0,0,0
WBGene00047600.,0,0,0
WBGene00047601.,0,2,2
WBGene00047602.,0,0,0
WBGene00047603.,0,0,0
WBGene00047604.,0,0,0
WBGene00047605.,0,0,0
WBGene00047606.,0,0,0
WBGene00047607.,0,0,0
WBGene00047608.,0,0,0
WBGene00047609.,0,8,8
WBGene00047610.,0,0,0
WBGene00047611.,0,0,0
WBGene00047612.,0,0,0
WBGene00047613.,0,1,1
WBGene00047614.,0,0,0
WBGene00047615.,0,0,0
WBGene00047616.,0,0,0
WBGene00047617.,0,0,0
WBGene00047618.,0,0,0
WBGene00047619.,0,0,0
WBGene00047620.,0,0,0
WBGene00047621.,0,0,0
WBGene00047622.,0,0,0
WBGene00047623.,0,0,0
WBGene00047624.,0,0,0
WBGene00047625.,0,0,0
WBGene00047626.,0,0,0
WBGene00047627.,0,0,0
WBGene00047628.,0,0,0
WBGene00047629.,0,0,0
WBGene00047630.,0,1,1
WBGene00047631.,0,0,0
WBGene00047632.,0,0,0
WBGene00047633.,0,0,0
WBGene00047634.,0,0,0
WBGene00047635.,0,0,0
WBGene00047636.,0,0,0
WBGene00047637.,0,0,0
WBGene00047638.,0,0,0
WBGene00047639.,0,0,0
WBGene00047640.,0,0,0
WBGene00047641.,0,0,0
WBGene00047642.,0,0,0
WBGene00047643.,0,0,0
WBGene00047644.,0,0,0
WBGene00047645.,0,0,0
WBGene00047646.,0,0,0
WBGene00047647.,0,0,0
WBGene00047648.,0,0,0
WBGene00047649.,0,0,0
WBGene00047650.,0,0,0
WBGene00047651.,0,0,0
WBGene00047652.,0,0,0
WBGene00047653.,0,0,0
WBGene00047654.,0,0,0
WBGene00047655.,0,0,0
WBGene00047656.,0,0,0
WBGene00047657.,0,2,2
WBGene00047658.,0,0,0
WBGene00047659.,0,0,0
WBGene00047660.,0,0,0
WBGene00047661.,0,0,0
WBGene00047662.,0,2,2
WBGene00047663.,0,0,0
WBGene00047664.,0,0,0
WBGene00047665.,0,0,0
WBGene00047666.,0,0,0
WBGene00047667.,0,0,0
WBGene00047668.,0,0,0
WBGene00047669.,0,0,0
WBGene00047670.,0,0,0
WBGene00047671.,0,0,0
WBGene00047672.,0,0,0
WBGene00047673.,0,0,0
WBGene00047674.,0,0,0
WBGene00047675.,0,0,0
WBGene00047676.,0,0,0
WBGene00047677.,0,0,0
WBGene00047678.,0,1,1
WBGene00047679.,0,0,0
WBGene00047680.,0,0,0
WBGene00047681.,0,0,0
WBGene00047682.,0,0,0
WBGene00047683.,0,0,0
WBGene00047684.,0,0,0
WBGene00047685.,0,1,1
WBGene00047686.,0,0,0
WBGene00047687.,0,0,0
WBGene00047688.,0,4,4
WBGene00047689.,0,0,0
WBGene00047690.,0,13,13
WBGene00047691.,0,4,4
WBGene00047692.,0,0,0
WBGene00047693.,0,0,0
WBGene00047694.,0,0,0
WBGene00047695.,0,9,9
WBGene00047696.,0,0,0
WBGene00047697.,0,5,5
WBGene00047698.,0,0,0
WBGene00047699.,0,0,0
WBGene00047700.,0,0,0
WBGene00047701.,0,0,0
WBGene00047702.,0,0,0
WBGene00047703.,0,0,0
WBGene00047704.,0,0,0
WBGene00047705.,0,0,0
WBGene00047706.,0,0,0
WBGene00047707.,0,0,0
WBGene00047708.,0,0,0
WBGene00047709.,0,0,0
WBGene00047710.,0,0,0
WBGene00047711.,0,0,0
WBGene00047712.,0,0,0
WBGene00047713.,0,0,0
WBGene00047714.,0,0,0
WBGene00047715.,0,0,0
WBGene00047716.,0,2,2
WBGene00047717.,0,0,0
WBGene00047718.,0,0,0
WBGene00047719.,0,0,0
WBGene00047720.,0,0,0
WBGene00047721.,0,0,0
WBGene00047722.,0,0,0
WBGene00047723.,0,1,1
WBGene00047724.,0,0,0
WBGene00047725.,0,0,0
WBGene00047726.,0,0,0
WBGene00047727.,0,1,1
WBGene00047728.,0,0,0
WBGene00047729.,0,0,0
WBGene00047730.,0,0,0
WBGene00047731.,0,0,0
WBGene00047732.,0,0,0
WBGene00047733.,0,0,0
WBGene00047734.,0,0,0
WBGene00047735.,0,0,0
WBGene00047736.,0,0,0
WBGene00047737.,0,0,0
WBGene00047738.,0,0,0
WBGene00047739.,0,1,1
WBGene00047740.,0,0,0
WBGene00047741.,0,0,0
WBGene00047742.,0,0,0
WBGene00047743.,0,0,0
WBGene00047744.,0,0,0
WBGene00047745.,0,0,0
WBGene00047746.,0,0,0
WBGene00047747.,0,0,0
WBGene00047748.,0,0,0
WBGene00047749.,0,0,0
WBGene00047750.,0,1,1
WBGene00047751.,0,0,0
WBGene00047752.,0,0,0
WBGene00047753.,0,0,0
WBGene00047754.,0,0,0
WBGene00047755.,0,0,0
WBGene00047756.,0,39,39
WBGene00047757.,0,0,0
WBGene00047758.,0,0,0
WBGene00047759.,0,3,3
WBGene00047760.,0,0,0
WBGene00047761.,0,0,0
WBGene00047762.,0,0,0
WBGene00047763.,0,6,6
WBGene00047764.,0,0,0
WBGene00047765.,0,0,0
WBGene00047766.,0,0,0
WBGene00047767.,0,0,0
WBGene00047768.,0,0,0
WBGene00047769.,0,0,0
WBGene00047770.,0,0,0
WBGene00047771.,0,0,0
WBGene00047772.,0,0,0
WBGene00047773.,0,0,0
WBGene00047774.,0,0,0
WBGene00047775.,0,0,0
WBGene00047776.,0,0,0
WBGene00047777.,0,0,0
WBGene00047778.,0,0,0
WBGene00047779.,0,0,0
WBGene00047780.,0,0,0
WBGene00047781.,0,0,0
WBGene00047782.,0,0,0
WBGene00047783.,0,0,0
WBGene00047784.,0,0,0
WBGene00047785.,0,0,0
WBGene00047786.,0,0,0
WBGene00047787.,0,0,0
WBGene00047788.,0,0,0
WBGene00047789.,0,0,0
WBGene00047790.,0,0,0
WBGene00047791.,0,0,0
WBGene00047792.,0,0,0
WBGene00047793.,0,0,0
WBGene00047794.,0,0,0
WBGene00047795.,0,0,0
WBGene00047796.,0,0,0
WBGene00047797.,0,0,0
WBGene00047798.,0,0,0
WBGene00047799.,0,0,0
WBGene00047800.,0,1,1
WBGene00047801.,0,0,0
WBGene00047802.,0,0,0
WBGene00047803.,0,2,2
WBGene00047804.,0,0,0
WBGene00047805.,0,14,14
WBGene00047806.,0,0,0
WBGene00047807.,0,0,0
WBGene00047808.,0,9,9
WBGene00047809.,0,0,0
WBGene00047810.,0,0,0
WBGene00047811.,0,0,0
WBGene00047812.,0,0,0
WBGene00047813.,0,0,0
WBGene00047814.,0,0,0
WBGene00047815.,0,0,0
WBGene00047816.,0,0,0
WBGene00047817.,0,0,0
WBGene00047818.,0,0,0
WBGene00047819.,0,0,0
WBGene00047820.,0,0,0
WBGene00047821.,0,0,0
WBGene00047822.,0,0,0
WBGene00047823.,0,0,0
WBGene00047824.,0,0,0
WBGene00047825.,0,0,0
WBGene00047826.,0,0,0
WBGene00047827.,0,0,0
WBGene00047828.,0,0,0
WBGene00047829.,0,0,0
WBGene00047830.,0,0,0
WBGene00047831.,0,0,0
WBGene00047832.,0,0,0
WBGene00047833.,0,0,0
WBGene00047834.,0,0,0
WBGene00047835.,0,0,0
WBGene00047836.,0,0,0
WBGene00047837.,0,0,0
WBGene00047838.,0,0,0
WBGene00047839.,0,0,0
WBGene00047840.,0,0,0
WBGene00047841.,0,0,0
WBGene00047842.,0,0,0
WBGene00047843.,0,3,3
WBGene00047844.,0,0,0
WBGene00047845.,0,0,0
WBGene00047846.,0,2,2
WBGene00047847.,0,0,0
WBGene00047848.,0,1,1
WBGene00047849.,0,0,0
WBGene00047850.,0,0,0
WBGene00047851.,0,0,0
WBGene00047852.,0,0,0
WBGene00047853.,0,0,0
WBGene00047854.,0,0,0
WBGene00047855.,0,0,0
WBGene00047856.,0,0,0
WBGene00047857.,0,0,0
WBGene00047858.,0,0,0
WBGene00047859.,0,0,0
WBGene00047860.,0,0,0
WBGene00047861.,0,0,0
WBGene00047862.,0,0,0
WBGene00047863.,0,0,0
WBGene00047864.,0,0,0
WBGene00047865.,0,0,0
WBGene00047866.,0,0,0
WBGene00047867.,0,0,0
WBGene00047868.,0,0,0
WBGene00047869.,0,0,0
WBGene00047870.,0,0,0
WBGene00047871.,0,0,0
WBGene00047872.,0,0,0
WBGene00047873.,0,0,0
WBGene00047874.,0,0,0
WBGene00047875.,0,0,0
WBGene00047876.,0,0,0
WBGene00047877.,0,0,0
WBGene00047878.,0,0,0
WBGene00047879.,0,0,0
WBGene00047880.,0,0,0
WBGene00047881.,0,0,0
WBGene00047882.,0,0,0
WBGene00047883.,0,3,3
WBGene00047884.,0,0,0
WBGene00047885.,0,0,0
WBGene00047886.,0,0,0
WBGene00047887.,0,0,0
WBGene00047888.,0,0,0
WBGene00047889.,0,0,0
WBGene00047890.,0,1,1
WBGene00047891.,0,0,0
WBGene00047892.,0,0,0
WBGene00047893.,0,0,0
WBGene00047894.,0,1,1
WBGene00047895.,0,0,0
WBGene00047896.,0,0,0
WBGene00047897.,0,0,0
WBGene00047898.,0,0,0
WBGene00047899.,0,0,0
WBGene00047900.,0,0,0
WBGene00047901.,0,0,0
WBGene00047902.,0,0,0
WBGene00047903.,0,0,0
WBGene00047905.,0,0,0
WBGene00047906.,0,0,0
WBGene00047907.,0,0,0
WBGene00047908.,0,0,0
WBGene00047909.,0,0,0
WBGene00047910.,0,0,0
WBGene00047911.,0,0,0
WBGene00047912.,0,0,0
WBGene00047913.,0,0,0
WBGene00047914.,0,0,0
WBGene00047915.,0,0,0
WBGene00047916.,0,3,3
WBGene00047917.,0,1,1
WBGene00047918.,0,0,0
WBGene00047919.,0,0,0
WBGene00047920.,0,0,0
WBGene00047921.,0,0,0
WBGene00047922.,0,0,0
WBGene00047923.,0,0,0
WBGene00047924.,0,0,0
WBGene00047925.,0,0,0
WBGene00047926.,0,0,0
WBGene00047927.,0,0,0
WBGene00047928.,0,0,0
WBGene00047929.,0,0,0
WBGene00047930.,0,0,0
WBGene00047931.,0,0,0
WBGene00047932.,0,0,0
WBGene00047933.,0,0,0
WBGene00047934.,0,0,0
WBGene00047935.,0,0,0
WBGene00047936.,0,0,0
WBGene00047937.,0,0,0
WBGene00047938.,0,0,0
WBGene00047939.,0,0,0
WBGene00047940.,0,0,0
WBGene00047941.,0,0,0
WBGene00047942.,0,0,0
WBGene00047943.,0,0,0
WBGene00047944.,0,0,0
WBGene00047945.,0,0,0
WBGene00047946.,0,0,0
WBGene00047947.,0,0,0
WBGene00047948.,0,0,0
WBGene00047949.,0,0,0
WBGene00047950.,0,0,0
WBGene00047951.,0,0,0
WBGene00047952.,0,0,0
WBGene00047953.,0,0,0
WBGene00047954.,0,0,0
WBGene00047955.,0,0,0
WBGene00047956.,0,0,0
WBGene00047957.,0,0,0
WBGene00047958.,0,0,0
WBGene00047959.,0,0,0
WBGene00047960.,0,0,0
WBGene00047961.,0,0,0
WBGene00047962.,0,0,0
WBGene00047963.,0,0,0
WBGene00047964.,0,0,0
WBGene00047965.,0,0,0
WBGene00047966.,0,0,0
WBGene00047967.,0,0,0
WBGene00047968.,0,0,0
WBGene00047969.,0,0,0
WBGene00047970.,0,0,0
WBGene00047971.,0,0,0
WBGene00047972.,0,1,1
WBGene00047973.,0,0,0
WBGene00047974.,0,0,0
WBGene00047975.,0,0,0
WBGene00047976.,0,0,0
WBGene00047977.,0,0,0
WBGene00047978.,0,0,0
WBGene00047979.,0,0,0
WBGene00047980.,0,0,0
WBGene00047981.,0,0,0
WBGene00047982.,0,0,0
WBGene00047983.,0,0,0
WBGene00047984.,0,0,0
WBGene00047985.,0,0,0
WBGene00047986.,0,0,0
WBGene00047987.,0,0,0
WBGene00047988.,0,1,1
WBGene00047989.,0,0,0
WBGene00047990.,0,0,0
WBGene00047991.,0,0,0
WBGene00047992.,0,0,0
WBGene00047993.,0,0,0
WBGene00047994.,0,1,1
WBGene00047995.,0,1,1
WBGene00047996.,0,0,0
WBGene00047997.,0,0,0
WBGene00047998.,0,0,0
WBGene00047999.,0,0,0
WBGene00048000.,0,0,0
WBGene00048001.,0,0,0
WBGene00048002.,0,0,0
WBGene00048003.,0,0,0
WBGene00048004.,0,0,0
WBGene00048005.,0,0,0
WBGene00048006.,0,0,0
WBGene00048007.,0,0,0
WBGene00048008.,0,0,0
WBGene00048009.,0,0,0
WBGene00048010.,0,0,0
WBGene00048011.,0,0,0
WBGene00048012.,0,0,0
WBGene00048013.,0,0,0
WBGene00048014.,0,0,0
WBGene00048015.,0,0,0
WBGene00048016.,0,5,5
WBGene00048017.,0,0,0
WBGene00048018.,0,0,0
WBGene00048019.,0,0,0
WBGene00048020.,0,0,0
WBGene00048021.,0,0,0
WBGene00048022.,0,0,0
WBGene00048023.,0,0,0
WBGene00048024.,0,0,0
WBGene00048025.,0,0,0
WBGene00048026.,0,0,0
WBGene00048027.,0,0,0
WBGene00048028.,0,0,0
WBGene00048029.,0,0,0
WBGene00048030.,0,0,0
WBGene00048031.,0,0,0
WBGene00048032.,0,0,0
WBGene00048033.,0,0,0
WBGene00048034.,0,0,0
WBGene00048035.,0,0,0
WBGene00048036.,0,0,0
WBGene00048037.,0,0,0
WBGene00048038.,0,0,0
WBGene00048039.,0,0,0
WBGene00048040.,0,0,0
WBGene00048041.,0,0,0
WBGene00048042.,0,0,0
WBGene00048043.,0,0,0
WBGene00048044.,0,3,3
WBGene00048045.,0,0,0
WBGene00048046.,0,0,0
WBGene00048047.,0,0,0
WBGene00048048.,0,0,0
WBGene00048049.,0,0,0
WBGene00048050.,0,0,0
WBGene00048051.,0,0,0
WBGene00048052.,0,0,0
WBGene00048053.,0,0,0
WBGene00048054.,0,0,0
WBGene00048055.,0,0,0
WBGene00048056.,0,0,0
WBGene00048057.,0,0,0
WBGene00048058.,0,0,0
WBGene00048059.,0,0,0
WBGene00048060.,0,0,0
WBGene00048061.,0,0,0
WBGene00048062.,0,0,0
WBGene00048063.,0,1,1
WBGene00048064.,0,0,0
WBGene00048065.,0,0,0
WBGene00048066.,0,0,0
WBGene00048067.,0,0,0
WBGene00048068.,0,0,0
WBGene00048069.,0,1,1
WBGene00048070.,0,0,0
WBGene00048071.,0,0,0
WBGene00048072.,0,0,0
WBGene00048073.,0,0,0
WBGene00048074.,0,0,0
WBGene00048075.,0,1,1
WBGene00048076.,0,0,0
WBGene00048077.,0,0,0
WBGene00048078.,0,0,0
WBGene00048079.,0,0,0
WBGene00048080.,0,0,0
WBGene00048081.,0,0,0
WBGene00048082.,0,0,0
WBGene00048083.,0,0,0
WBGene00048084.,0,0,0
WBGene00048085.,0,1,1
WBGene00048086.,0,0,0
WBGene00048087.,0,0,0
WBGene00048088.,0,0,0
WBGene00048089.,0,0,0
WBGene00048090.,0,1,1
WBGene00048091.,0,0,0
WBGene00048092.,0,8,8
WBGene00048093.,0,0,0
WBGene00048094.,0,0,0
WBGene00048095.,0,0,0
WBGene00048096.,0,0,0
WBGene00048097.,0,0,0
WBGene00048098.,0,0,0
WBGene00048099.,0,0,0
WBGene00048100.,0,0,0
WBGene00048101.,0,0,0
WBGene00048102.,0,0,0
WBGene00048103.,0,0,0
WBGene00048104.,0,0,0
WBGene00048105.,0,1,1
WBGene00048106.,0,0,0
WBGene00048107.,0,0,0
WBGene00048108.,0,0,0
WBGene00048109.,0,0,0
WBGene00048110.,0,0,0
WBGene00048111.,0,0,0
WBGene00048112.,0,0,0
WBGene00048113.,0,0,0
WBGene00048114.,0,0,0
WBGene00048115.,0,0,0
WBGene00048116.,0,0,0
WBGene00048117.,0,0,0
WBGene00048118.,0,3,3
WBGene00048119.,0,0,0
WBGene00048120.,0,0,0
WBGene00048121.,0,0,0
WBGene00048122.,0,0,0
WBGene00048123.,0,1,1
WBGene00048124.,0,0,0
WBGene00048125.,0,0,0
WBGene00048126.,0,0,0
WBGene00048127.,0,0,0
WBGene00048128.,0,1,1
WBGene00048129.,0,0,0
WBGene00048130.,0,0,0
WBGene00048131.,0,0,0
WBGene00048132.,0,0,0
WBGene00048133.,0,0,0
WBGene00048134.,0,0,0
WBGene00048135.,0,0,0
WBGene00048136.,0,0,0
WBGene00048137.,0,0,0
WBGene00048138.,0,0,0
WBGene00048139.,0,0,0
WBGene00048140.,0,0,0
WBGene00048141.,0,0,0
WBGene00048142.,0,0,0
WBGene00048143.,0,0,0
WBGene00048144.,0,0,0
WBGene00048145.,0,0,0
WBGene00048146.,0,0,0
WBGene00048147.,0,8,8
WBGene00048148.,0,0,0
WBGene00048149.,0,0,0
WBGene00048150.,0,0,0
WBGene00048151.,0,0,0
WBGene00048152.,0,0,0
WBGene00048153.,0,0,0
WBGene00048154.,0,0,0
WBGene00048155.,0,0,0
WBGene00048156.,0,0,0
WBGene00048157.,0,0,0
WBGene00048158.,0,0,0
WBGene00048159.,0,0,0
WBGene00048160.,0,0,0
WBGene00048161.,0,0,0
WBGene00048162.,0,0,0
WBGene00048163.,0,0,0
WBGene00048164.,0,0,0
WBGene00048165.,0,0,0
WBGene00048166.,0,0,0
WBGene00048167.,0,0,0
WBGene00048168.,0,0,0
WBGene00048169.,0,3,3
WBGene00048170.,0,0,0
WBGene00048171.,0,0,0
WBGene00048172.,0,0,0
WBGene00048173.,0,0,0
WBGene00048174.,0,0,0
WBGene00048175.,0,0,0
WBGene00048176.,0,0,0
WBGene00048177.,0,0,0
WBGene00048178.,0,0,0
WBGene00048179.,0,0,0
WBGene00048180.,0,0,0
WBGene00048181.,0,0,0
WBGene00048182.,0,0,0
WBGene00048183.,0,0,0
WBGene00048184.,0,0,0
WBGene00048185.,0,0,0
WBGene00048186.,0,0,0
WBGene00048187.,0,0,0
WBGene00048188.,0,0,0
WBGene00048189.,0,0,0
WBGene00048190.,0,1,1
WBGene00048191.,0,0,0
WBGene00048192.,0,0,0
WBGene00048193.,0,0,0
WBGene00048194.,0,0,0
WBGene00048195.,0,3,3
WBGene00048196.,0,0,0
WBGene00048197.,0,0,0
WBGene00048198.,0,0,0
WBGene00048199.,0,0,0
WBGene00048200.,0,1,1
WBGene00048201.,0,0,0
WBGene00048202.,0,0,0
WBGene00048203.,0,0,0
WBGene00048204.,0,0,0
WBGene00048205.,0,0,0
WBGene00048206.,0,0,0
WBGene00048207.,0,0,0
WBGene00048208.,0,0,0
WBGene00048209.,0,0,0
WBGene00048210.,0,0,0
WBGene00048211.,0,0,0
WBGene00048212.,0,0,0
WBGene00048213.,0,0,0
WBGene00048214.,0,1,1
WBGene00048215.,0,0,0
WBGene00048216.,0,0,0
WBGene00048217.,0,0,0
WBGene00048218.,0,0,0
WBGene00048219.,0,0,0
WBGene00048220.,0,0,0
WBGene00048221.,0,10,10
WBGene00048222.,0,0,0
WBGene00048223.,0,0,0
WBGene00048224.,0,4,4
WBGene00048225.,0,0,0
WBGene00048226.,0,0,0
WBGene00048227.,0,0,0
WBGene00048228.,0,0,0
WBGene00048229.,0,0,0
WBGene00048230.,0,0,0
WBGene00048231.,0,0,0
WBGene00048232.,0,0,0
WBGene00048233.,0,0,0
WBGene00048234.,0,0,0
WBGene00048235.,0,0,0
WBGene00048236.,0,0,0
WBGene00048237.,0,0,0
WBGene00048238.,0,0,0
WBGene00048239.,0,0,0
WBGene00048240.,0,0,0
WBGene00048241.,0,0,0
WBGene00048242.,0,0,0
WBGene00048243.,0,0,0
WBGene00048244.,0,0,0
WBGene00048245.,0,0,0
WBGene00048246.,0,0,0
WBGene00048247.,0,0,0
WBGene00048248.,0,0,0
WBGene00048249.,0,0,0
WBGene00048250.,0,0,0
WBGene00048251.,0,0,0
WBGene00048252.,0,0,0
WBGene00048253.,0,1,1
WBGene00048254.,0,0,0
WBGene00048255.,0,0,0
WBGene00048256.,0,0,0
WBGene00048257.,0,1,1
WBGene00048258.,0,0,0
WBGene00048259.,0,0,0
WBGene00048260.,0,0,0
WBGene00048261.,0,0,0
WBGene00048262.,0,0,0
WBGene00048263.,0,0,0
WBGene00048264.,0,1,1
WBGene00048265.,0,0,0
WBGene00048266.,0,0,0
WBGene00048267.,0,0,0
WBGene00048268.,0,0,0
WBGene00048269.,0,0,0
WBGene00048270.,0,0,0
WBGene00048271.,0,0,0
WBGene00048272.,0,1,1
WBGene00048273.,0,1,1
WBGene00048274.,0,0,0
WBGene00048275.,0,0,0
WBGene00048276.,0,0,0
WBGene00048277.,0,0,0
WBGene00048278.,0,0,0
WBGene00048279.,0,0,0
WBGene00048280.,0,0,0
WBGene00048281.,0,0,0
WBGene00048282.,0,1,1
WBGene00048283.,0,0,0
WBGene00048284.,0,0,0
WBGene00048285.,0,0,0
WBGene00048286.,0,0,0
WBGene00048287.,0,0,0
WBGene00048288.,0,0,0
WBGene00048289.,0,0,0
WBGene00048290.,0,0,0
WBGene00048291.,0,0,0
WBGene00048292.,0,1,1
WBGene00048293.,0,1,1
WBGene00048294.,0,3,3
WBGene00048295.,0,1,1
WBGene00048296.,0,1,1
WBGene00048297.,0,0,0
WBGene00048298.,0,0,0
WBGene00048299.,0,1,1
WBGene00048300.,0,0,0
WBGene00048301.,0,0,0
WBGene00048302.,0,0,0
WBGene00048303.,0,0,0
WBGene00048304.,0,0,0
WBGene00048305.,0,0,0
WBGene00048306.,0,0,0
WBGene00048307.,0,0,0
WBGene00048308.,0,0,0
WBGene00048309.,0,0,0
WBGene00048310.,0,0,0
WBGene00048311.,0,0,0
WBGene00048312.,0,0,0
WBGene00048313.,0,0,0
WBGene00048314.,0,0,0
WBGene00048315.,0,0,0
WBGene00048316.,0,0,0
WBGene00048317.,0,0,0
WBGene00048318.,0,0,0
WBGene00048319.,0,0,0
WBGene00048320.,0,0,0
WBGene00048321.,0,0,0
WBGene00048322.,0,0,0
WBGene00048323.,0,0,0
WBGene00048324.,0,0,0
WBGene00048325.,0,0,0
WBGene00048326.,0,1,1
WBGene00048327.,0,0,0
WBGene00048328.,0,5,5
WBGene00048329.,0,0,0
WBGene00048330.,0,0,0
WBGene00048331.,0,0,0
WBGene00048332.,0,0,0
WBGene00048333.,0,1,1
WBGene00048334.,0,1,1
WBGene00048335.,0,0,0
WBGene00048336.,0,0,0
WBGene00048337.,0,0,0
WBGene00048338.,0,0,0
WBGene00048339.,0,0,0
WBGene00048340.,0,0,0
WBGene00048341.,0,0,0
WBGene00048342.,0,0,0
WBGene00048343.,0,0,0
WBGene00048344.,0,0,0
WBGene00048345.,0,1,1
WBGene00048346.,0,0,0
WBGene00048347.,0,0,0
WBGene00048348.,0,0,0
WBGene00048349.,0,0,0
WBGene00048350.,0,0,0
WBGene00048351.,0,0,0
WBGene00048352.,0,0,0
WBGene00048353.,0,0,0
WBGene00048354.,0,0,0
WBGene00048355.,0,2,2
WBGene00048356.,0,0,0
WBGene00048357.,0,0,0
WBGene00048358.,0,0,0
WBGene00048359.,0,0,0
WBGene00048360.,0,0,0
WBGene00048361.,0,0,0
WBGene00048362.,0,0,0
WBGene00048363.,0,0,0
WBGene00048364.,0,0,0
WBGene00048365.,0,0,0
WBGene00048366.,0,2,2
WBGene00048367.,0,0,0
WBGene00048368.,0,0,0
WBGene00048369.,0,0,0
WBGene00048370.,0,0,0
WBGene00048371.,0,0,0
WBGene00048372.,0,0,0
WBGene00048373.,0,0,0
WBGene00048374.,0,8,8
WBGene00048375.,0,2,2
WBGene00048376.,0,0,0
WBGene00048377.,0,0,0
WBGene00048378.,0,0,0
WBGene00048379.,0,0,0
WBGene00048380.,0,0,0
WBGene00048381.,0,1,1
WBGene00048382.,0,0,0
WBGene00048383.,0,0,0
WBGene00048384.,0,0,0
WBGene00048385.,0,1,1
WBGene00048386.,0,0,0
WBGene00048387.,0,0,0
WBGene00048388.,0,0,0
WBGene00048389.,0,0,0
WBGene00048390.,0,0,0
WBGene00048391.,0,0,0
WBGene00048392.,0,0,0
WBGene00048393.,0,0,0
WBGene00048394.,0,0,0
WBGene00048395.,0,0,0
WBGene00048396.,0,0,0
WBGene00048397.,0,0,0
WBGene00048398.,0,0,0
WBGene00048399.,0,0,0
WBGene00048400.,0,0,0
WBGene00048401.,0,0,0
WBGene00048402.,0,0,0
WBGene00048403.,0,0,0
WBGene00048404.,0,2,2
WBGene00048405.,0,0,0
WBGene00048406.,0,1,1
WBGene00048407.,0,0,0
WBGene00048408.,0,0,0
WBGene00048409.,0,1,1
WBGene00048410.,0,0,0
WBGene00048411.,0,0,0
WBGene00048412.,0,0,0
WBGene00048413.,0,0,0
WBGene00048414.,0,1,1
WBGene00048415.,0,0,0
WBGene00048416.,0,0,0
WBGene00048417.,0,0,0
WBGene00048418.,0,1,1
WBGene00048419.,0,0,0
WBGene00048420.,0,1,1
WBGene00048421.,0,0,0
WBGene00048422.,0,0,0
WBGene00048423.,0,0,0
WBGene00048424.,0,0,0
WBGene00048425.,0,0,0
WBGene00048426.,0,0,0
WBGene00048427.,0,0,0
WBGene00048428.,0,1,1
WBGene00048429.,0,0,0
WBGene00048430.,0,0,0
WBGene00048431.,0,2,2
WBGene00048432.,0,0,0
WBGene00048433.,0,0,0
WBGene00048434.,0,0,0
WBGene00048435.,0,0,0
WBGene00048436.,0,1,1
WBGene00048437.,0,0,0
WBGene00048438.,0,0,0
WBGene00048439.,0,0,0
WBGene00048440.,0,2,2
WBGene00048441.,0,0,0
WBGene00048442.,0,0,0
WBGene00048443.,0,0,0
WBGene00048444.,0,0,0
WBGene00048445.,0,0,0
WBGene00048446.,0,0,0
WBGene00048447.,0,0,0
WBGene00048448.,0,0,0
WBGene00048449.,0,0,0
WBGene00048450.,0,0,0
WBGene00048451.,0,0,0
WBGene00048452.,0,0,0
WBGene00048453.,0,1,1
WBGene00048454.,0,0,0
WBGene00048455.,0,0,0
WBGene00048456.,0,0,0
WBGene00048457.,0,0,0
WBGene00048458.,0,0,0
WBGene00048459.,0,0,0
WBGene00048460.,0,0,0
WBGene00048461.,0,0,0
WBGene00048462.,0,0,0
WBGene00048463.,0,4,4
WBGene00048464.,0,0,0
WBGene00048465.,0,0,0
WBGene00048466.,0,0,0
WBGene00048467.,0,1,1
WBGene00048468.,0,0,0
WBGene00048469.,0,0,0
WBGene00048470.,0,0,0
WBGene00048471.,0,0,0
WBGene00048472.,0,0,0
WBGene00048473.,0,0,0
WBGene00048474.,0,0,0
WBGene00048475.,0,0,0
WBGene00048476.,0,0,0
WBGene00048477.,0,0,0
WBGene00048478.,0,1,1
WBGene00048479.,0,0,0
WBGene00048480.,0,0,0
WBGene00048481.,0,1,1
WBGene00048482.,0,0,0
WBGene00048483.,0,0,0
WBGene00048484.,0,1,1
WBGene00048485.,0,0,0
WBGene00048486.,0,0,0
WBGene00048487.,0,0,0
WBGene00048488.,0,0,0
WBGene00048489.,0,0,0
WBGene00048490.,0,0,0
WBGene00048491.,0,0,0
WBGene00048492.,0,0,0
WBGene00048493.,0,0,0
WBGene00048494.,0,0,0
WBGene00048495.,0,0,0
WBGene00048496.,0,0,0
WBGene00048497.,0,1,1
WBGene00048498.,0,0,0
WBGene00048499.,0,0,0
WBGene00048500.,0,0,0
WBGene00048501.,0,0,0
WBGene00048502.,0,0,0
WBGene00048503.,0,0,0
WBGene00048504.,0,0,0
WBGene00048505.,0,0,0
WBGene00048506.,0,1,1
WBGene00048507.,0,0,0
WBGene00048508.,0,0,0
WBGene00048509.,0,0,0
WBGene00048510.,0,0,0
WBGene00048511.,0,1,1
WBGene00048512.,0,0,0
WBGene00048513.,0,0,0
WBGene00048514.,0,0,0
WBGene00048515.,0,0,0
WBGene00048516.,0,0,0
WBGene00048517.,0,0,0
WBGene00048518.,0,8,8
WBGene00048519.,0,0,0
WBGene00048520.,0,0,0
WBGene00048521.,0,0,0
WBGene00048522.,0,0,0
WBGene00048523.,0,0,0
WBGene00048524.,0,0,0
WBGene00048525.,0,1,1
WBGene00048526.,0,0,0
WBGene00048527.,0,1,1
WBGene00048528.,0,0,0
WBGene00048529.,0,0,0
WBGene00048530.,0,0,0
WBGene00048531.,0,0,0
WBGene00048532.,0,0,0
WBGene00048533.,0,0,0
WBGene00048534.,0,0,0
WBGene00048535.,0,0,0
WBGene00048536.,0,0,0
WBGene00048537.,0,0,0
WBGene00048538.,0,0,0
WBGene00048539.,0,0,0
WBGene00048540.,0,0,0
WBGene00048541.,0,0,0
WBGene00048542.,0,0,0
WBGene00048543.,0,0,0
WBGene00048544.,0,0,0
WBGene00048545.,0,0,0
WBGene00048546.,0,0,0
WBGene00048547.,0,0,0
WBGene00048548.,0,0,0
WBGene00048549.,0,0,0
WBGene00048550.,0,0,0
WBGene00048551.,0,0,0
WBGene00048552.,0,0,0
WBGene00048553.,0,0,0
WBGene00048554.,0,0,0
WBGene00048555.,0,0,0
WBGene00048556.,0,0,0
WBGene00048557.,0,0,0
WBGene00048558.,0,0,0
WBGene00048559.,0,0,0
WBGene00048560.,0,0,0
WBGene00048561.,0,0,0
WBGene00048562.,0,0,0
WBGene00048563.,0,0,0
WBGene00048564.,0,0,0
WBGene00048565.,0,0,0
WBGene00048566.,0,0,0
WBGene00048567.,0,0,0
WBGene00048568.,0,0,0
WBGene00048569.,0,0,0
WBGene00048570.,0,4,4
WBGene00048571.,0,0,0
WBGene00048572.,0,0,0
WBGene00048573.,0,0,0
WBGene00048574.,0,0,0
WBGene00048575.,0,0,0
WBGene00048576.,0,0,0
WBGene00048577.,0,0,0
WBGene00048578.,0,0,0
WBGene00048579.,0,0,0
WBGene00048580.,0,0,0
WBGene00048581.,0,0,0
WBGene00048582.,0,0,0
WBGene00048583.,0,4,4
WBGene00048584.,0,0,0
WBGene00048585.,0,0,0
WBGene00048586.,0,0,0
WBGene00048587.,0,0,0
WBGene00048588.,0,0,0
WBGene00048589.,0,0,0
WBGene00048590.,0,0,0
WBGene00048591.,0,0,0
WBGene00048592.,0,0,0
WBGene00048593.,0,0,0
WBGene00048594.,0,0,0
WBGene00048595.,0,0,0
WBGene00048596.,0,0,0
WBGene00048597.,0,0,0
WBGene00048598.,0,0,0
WBGene00048599.,0,0,0
WBGene00048600.,0,0,0
WBGene00048601.,0,0,0
WBGene00048602.,0,0,0
WBGene00048603.,0,6,6
WBGene00048604.,0,0,0
WBGene00048605.,0,11,11
WBGene00048606.,0,0,0
WBGene00048607.,0,0,0
WBGene00048608.,0,0,0
WBGene00048609.,0,1,1
WBGene00048610.,0,0,0
WBGene00048611.,0,0,0
WBGene00048612.,0,3,3
WBGene00048613.,0,0,0
WBGene00048614.,0,0,0
WBGene00048615.,0,0,0
WBGene00048616.,0,0,0
WBGene00048617.,0,0,0
WBGene00048618.,0,0,0
WBGene00048619.,0,0,0
WBGene00048620.,0,0,0
WBGene00048621.,0,0,0
WBGene00048622.,0,0,0
WBGene00048623.,0,0,0
WBGene00048624.,0,0,0
WBGene00048625.,0,0,0
WBGene00048626.,0,0,0
WBGene00048627.,0,0,0
WBGene00048628.,0,0,0
WBGene00048629.,0,0,0
WBGene00048630.,0,0,0
WBGene00048631.,0,0,0
WBGene00048632.,0,0,0
WBGene00048633.,0,0,0
WBGene00048634.,0,6,6
WBGene00048635.,0,2,2
WBGene00048636.,0,0,0
WBGene00048637.,0,0,0
WBGene00048638.,0,0,0
WBGene00048639.,0,0,0
WBGene00048640.,0,0,0
WBGene00048641.,0,0,0
WBGene00048642.,0,0,0
WBGene00048643.,0,0,0
WBGene00048644.,0,1,1
WBGene00048645.,0,0,0
WBGene00048646.,0,0,0
WBGene00048647.,0,2,2
WBGene00048648.,0,0,0
WBGene00048649.,0,1,1
WBGene00048650.,0,0,0
WBGene00048651.,0,2,2
WBGene00048652.,0,0,0
WBGene00048653.,0,0,0
WBGene00048654.,0,0,0
WBGene00048655.,0,0,0
WBGene00048656.,0,0,0
WBGene00048657.,0,0,0
WBGene00048658.,0,0,0
WBGene00048659.,0,0,0
WBGene00048660.,0,0,0
WBGene00048661.,0,0,0
WBGene00048662.,0,0,0
WBGene00048663.,0,0,0
WBGene00048664.,0,0,0
WBGene00048665.,0,0,0
WBGene00048666.,0,0,0
WBGene00048667.,0,0,0
WBGene00048668.,0,0,0
WBGene00048669.,0,0,0
WBGene00048670.,0,0,0
WBGene00048671.,0,0,0
WBGene00048672.,0,0,0
WBGene00048673.,0,0,0
WBGene00048674.,0,0,0
WBGene00048675.,0,0,0
WBGene00048676.,0,0,0
WBGene00048677.,0,0,0
WBGene00048678.,0,0,0
WBGene00048679.,0,1,1
WBGene00048680.,0,0,0
WBGene00048681.,0,0,0
WBGene00048682.,0,0,0
WBGene00048683.,0,0,0
WBGene00048684.,0,0,0
WBGene00048685.,0,0,0
WBGene00048686.,0,0,0
WBGene00048687.,0,0,0
WBGene00048688.,0,0,0
WBGene00048689.,0,1,1
WBGene00048690.,0,1,1
WBGene00048691.,0,0,0
WBGene00048692.,0,0,0
WBGene00048693.,0,0,0
WBGene00048694.,0,0,0
WBGene00048695.,0,0,0
WBGene00048696.,0,0,0
WBGene00048697.,0,0,0
WBGene00048698.,0,0,0
WBGene00048699.,0,1,1
WBGene00048700.,0,0,0
WBGene00048701.,0,0,0
WBGene00048702.,0,0,0
WBGene00048703.,0,0,0
WBGene00048704.,0,0,0
WBGene00048705.,0,0,0
WBGene00048706.,0,0,0
WBGene00048707.,0,0,0
WBGene00048708.,0,0,0
WBGene00048709.,0,0,0
WBGene00048710.,0,0,0
WBGene00048711.,0,0,0
WBGene00048712.,0,0,0
WBGene00048713.,0,0,0
WBGene00048714.,0,0,0
WBGene00048715.,0,0,0
WBGene00048716.,0,0,0
WBGene00048717.,0,0,0
WBGene00048718.,0,0,0
WBGene00048719.,0,4,4
WBGene00048720.,0,0,0
WBGene00048721.,0,0,0
WBGene00048722.,0,1,1
WBGene00048723.,0,0,0
WBGene00048724.,0,1,1
WBGene00048725.,0,1,1
WBGene00048726.,0,0,0
WBGene00048727.,0,8,8
WBGene00048728.,0,0,0
WBGene00048729.,0,0,0
WBGene00048730.,0,0,0
WBGene00048731.,0,0,0
WBGene00048732.,0,0,0
WBGene00048733.,0,0,0
WBGene00048734.,0,1,1
WBGene00048735.,0,0,0
WBGene00048736.,0,1,1
WBGene00048737.,0,0,0
WBGene00048738.,0,0,0
WBGene00048739.,0,2,2
WBGene00048740.,0,0,0
WBGene00048741.,0,0,0
WBGene00048742.,0,0,0
WBGene00048743.,0,0,0
WBGene00048744.,0,0,0
WBGene00048745.,0,0,0
WBGene00048746.,0,0,0
WBGene00048747.,0,0,0
WBGene00048748.,0,0,0
WBGene00048749.,0,0,0
WBGene00048750.,0,0,0
WBGene00048751.,0,0,0
WBGene00048752.,0,0,0
WBGene00048753.,0,0,0
WBGene00048754.,0,0,0
WBGene00048755.,0,0,0
WBGene00048756.,0,0,0
WBGene00048757.,0,0,0
WBGene00048758.,0,0,0
WBGene00048759.,0,0,0
WBGene00048760.,0,1,1
WBGene00048761.,0,0,0
WBGene00048762.,0,0,0
WBGene00048763.,0,0,0
WBGene00048764.,0,0,0
WBGene00048765.,0,0,0
WBGene00048766.,0,0,0
WBGene00048767.,0,0,0
WBGene00048768.,0,0,0
WBGene00048769.,0,0,0
WBGene00048770.,0,0,0
WBGene00048771.,0,0,0
WBGene00048772.,0,0,0
WBGene00048773.,0,0,0
WBGene00048774.,0,0,0
WBGene00048775.,0,0,0
WBGene00048776.,0,0,0
WBGene00048777.,0,0,0
WBGene00048778.,0,0,0
WBGene00048779.,0,0,0
WBGene00048780.,0,0,0
WBGene00048781.,0,0,0
WBGene00048782.,0,0,0
WBGene00048783.,0,1,1
WBGene00048784.,0,0,0
WBGene00048785.,0,1,1
WBGene00048786.,0,0,0
WBGene00048787.,0,0,0
WBGene00048788.,0,0,0
WBGene00048789.,0,0,0
WBGene00048790.,0,0,0
WBGene00048791.,0,0,0
WBGene00048792.,0,3,3
WBGene00048793.,0,0,0
WBGene00048794.,0,0,0
WBGene00048795.,0,0,0
WBGene00048796.,0,0,0
WBGene00048797.,0,0,0
WBGene00048798.,0,0,0
WBGene00048799.,0,0,0
WBGene00048800.,0,0,0
WBGene00048801.,0,0,0
WBGene00048802.,0,2,2
WBGene00048803.,0,0,0
WBGene00048804.,0,0,0
WBGene00048805.,0,0,0
WBGene00048806.,0,0,0
WBGene00048807.,0,0,0
WBGene00048808.,0,0,0
WBGene00048809.,0,0,0
WBGene00048810.,0,0,0
WBGene00048811.,0,0,0
WBGene00048812.,0,0,0
WBGene00048813.,0,0,0
WBGene00048814.,0,1,1
WBGene00048815.,0,0,0
WBGene00048816.,0,0,0
WBGene00048817.,0,0,0
WBGene00048819.,0,0,0
WBGene00048820.,0,13,13
WBGene00048821.,0,0,0
WBGene00048822.,0,0,0
WBGene00048823.,0,9,9
WBGene00048824.,0,0,0
WBGene00048825.,0,0,0
WBGene00048826.,0,0,0
WBGene00048827.,0,0,0
WBGene00048828.,0,0,0
WBGene00048829.,0,0,0
WBGene00048830.,0,0,0
WBGene00048831.,0,0,0
WBGene00048832.,0,0,0
WBGene00048833.,0,1,1
WBGene00048834.,0,0,0
WBGene00048835.,0,1,1
WBGene00048836.,0,1,1
WBGene00048837.,0,0,0
WBGene00048838.,0,0,0
WBGene00048839.,0,2,2
WBGene00048840.,0,0,0
WBGene00048841.,0,0,0
WBGene00048842.,0,0,0
WBGene00048843.,0,0,0
WBGene00048844.,0,0,0
WBGene00048845.,0,0,0
WBGene00048846.,0,0,0
WBGene00048847.,0,0,0
WBGene00048848.,0,0,0
WBGene00048849.,0,0,0
WBGene00048850.,0,0,0
WBGene00048851.,0,0,0
WBGene00048852.,0,0,0
WBGene00048853.,0,0,0
WBGene00048854.,0,0,0
WBGene00048855.,0,0,0
WBGene00048856.,0,0,0
WBGene00048857.,0,0,0
WBGene00048858.,0,0,0
WBGene00048859.,0,0,0
WBGene00048860.,0,0,0
WBGene00048861.,0,0,0
WBGene00048862.,0,0,0
WBGene00048863.,0,0,0
WBGene00048864.,0,0,0
WBGene00048865.,0,0,0
WBGene00048866.,0,0,0
WBGene00048867.,0,0,0
WBGene00048868.,0,0,0
WBGene00048869.,0,0,0
WBGene00048870.,0,0,0
WBGene00048871.,0,0,0
WBGene00048872.,0,0,0
WBGene00048873.,0,0,0
WBGene00048874.,0,2,2
WBGene00048875.,0,0,0
WBGene00048876.,0,0,0
WBGene00048877.,0,0,0
WBGene00048878.,0,0,0
WBGene00048879.,0,0,0
WBGene00048880.,0,1,1
WBGene00048881.,0,0,0
WBGene00048882.,0,0,0
WBGene00048883.,0,0,0
WBGene00048884.,0,0,0
WBGene00048885.,0,3,3
WBGene00048886.,0,0,0
WBGene00048887.,0,2,2
WBGene00048888.,0,0,0
WBGene00048889.,0,3,3
WBGene00048890.,0,0,0
WBGene00048891.,0,0,0
WBGene00048892.,0,0,0
WBGene00048893.,0,0,0
WBGene00048894.,0,0,0
WBGene00048895.,0,0,0
WBGene00048896.,0,0,0
WBGene00048897.,0,3,3
WBGene00048898.,0,1,1
WBGene00048899.,0,0,0
WBGene00048900.,0,0,0
WBGene00048901.,0,0,0
WBGene00048902.,0,0,0
WBGene00048903.,0,0,0
WBGene00048904.,0,0,0
WBGene00048905.,0,1,1
WBGene00048906.,0,0,0
WBGene00048907.,0,0,0
WBGene00048908.,0,0,0
WBGene00048909.,0,0,0
WBGene00048910.,0,0,0
WBGene00048911.,0,0,0
WBGene00048912.,0,0,0
WBGene00048913.,0,0,0
WBGene00048914.,0,0,0
WBGene00048915.,0,1,1
WBGene00048916.,0,0,0
WBGene00048917.,0,0,0
WBGene00048918.,0,0,0
WBGene00048919.,0,0,0
WBGene00048920.,0,0,0
WBGene00048921.,0,0,0
WBGene00048922.,0,0,0
WBGene00048923.,0,0,0
WBGene00048924.,0,8,8
WBGene00048925.,0,0,0
WBGene00048926.,0,0,0
WBGene00048927.,0,0,0
WBGene00048928.,0,0,0
WBGene00048929.,0,0,0
WBGene00048930.,0,0,0
WBGene00048931.,0,0,0
WBGene00048932.,0,0,0
WBGene00048933.,0,0,0
WBGene00048934.,0,0,0
WBGene00048935.,0,0,0
WBGene00048936.,0,0,0
WBGene00048937.,0,5,5
WBGene00048938.,0,12,12
WBGene00048939.,0,0,0
WBGene00048940.,0,0,0
WBGene00048941.,0,0,0
WBGene00048942.,0,0,0
WBGene00048943.,0,0,0
WBGene00048944.,0,1,1
WBGene00048945.,0,0,0
WBGene00048946.,0,0,0
WBGene00048947.,0,0,0
WBGene00048948.,0,0,0
WBGene00048949.,0,1,1
WBGene00048950.,0,0,0
WBGene00048951.,0,0,0
WBGene00048952.,0,0,0
WBGene00048953.,0,0,0
WBGene00048954.,0,0,0
WBGene00048955.,0,0,0
WBGene00048956.,0,0,0
WBGene00048957.,0,0,0
WBGene00048958.,0,0,0
WBGene00048959.,0,0,0
WBGene00048960.,0,0,0
WBGene00048961.,0,1,1
WBGene00048962.,0,0,0
WBGene00048963.,0,0,0
WBGene00048964.,0,0,0
WBGene00048965.,0,0,0
WBGene00048966.,0,0,0
WBGene00048967.,0,0,0
WBGene00048968.,0,0,0
WBGene00048969.,0,1,1
WBGene00048970.,0,0,0
WBGene00048971.,0,1,1
WBGene00048972.,0,0,0
WBGene00048973.,0,0,0
WBGene00048974.,0,1,1
WBGene00048975.,0,0,0
WBGene00048976.,0,0,0
WBGene00048977.,0,0,0
WBGene00048978.,0,0,0
WBGene00048979.,0,0,0
WBGene00048980.,0,0,0
WBGene00048981.,0,0,0
WBGene00048982.,0,0,0
WBGene00048983.,0,0,0
WBGene00048984.,0,0,0
WBGene00048985.,0,0,0
WBGene00048986.,0,1,1
WBGene00048987.,0,0,0
WBGene00048988.,0,0,0
WBGene00048989.,0,0,0
WBGene00048990.,0,1,1
WBGene00048991.,0,1,1
WBGene00048992.,0,0,0
WBGene00048993.,0,0,0
WBGene00048994.,0,0,0
WBGene00048995.,0,0,0
WBGene00048996.,0,0,0
WBGene00048997.,0,0,0
WBGene00048998.,0,0,0
WBGene00048999.,0,0,0
WBGene00049000.,0,0,0
WBGene00049001.,0,0,0
WBGene00049002.,0,0,0
WBGene00049003.,0,0,0
WBGene00049004.,0,1,1
WBGene00049005.,0,0,0
WBGene00049006.,0,0,0
WBGene00049007.,0,0,0
WBGene00049008.,0,0,0
WBGene00049009.,0,0,0
WBGene00049010.,0,0,0
WBGene00049011.,0,0,0
WBGene00049012.,0,0,0
WBGene00049013.,0,0,0
WBGene00049014.,0,0,0
WBGene00049015.,0,2,2
WBGene00049016.,0,0,0
WBGene00049017.,0,0,0
WBGene00049018.,0,0,0
WBGene00049019.,0,0,0
WBGene00049020.,0,0,0
WBGene00049021.,0,0,0
WBGene00049022.,0,0,0
WBGene00049023.,0,0,0
WBGene00049024.,0,0,0
WBGene00049025.,0,0,0
WBGene00049026.,0,0,0
WBGene00049027.,0,0,0
WBGene00049028.,0,0,0
WBGene00049029.,0,0,0
WBGene00049030.,0,0,0
WBGene00049031.,0,0,0
WBGene00049032.,0,0,0
WBGene00049033.,0,1,1
WBGene00049034.,0,0,0
WBGene00049035.,0,0,0
WBGene00049036.,0,0,0
WBGene00049037.,0,0,0
WBGene00049038.,0,0,0
WBGene00049039.,0,0,0
WBGene00049040.,0,0,0
WBGene00049041.,0,0,0
WBGene00049042.,0,0,0
WBGene00049043.,0,0,0
WBGene00049044.,0,0,0
WBGene00049045.,0,0,0
WBGene00049046.,0,0,0
WBGene00049047.,0,0,0
WBGene00049048.,0,0,0
WBGene00049049.,0,0,0
WBGene00049050.,0,0,0
WBGene00049051.,0,0,0
WBGene00049052.,0,0,0
WBGene00049053.,0,0,0
WBGene00049054.,0,0,0
WBGene00049055.,0,0,0
WBGene00049056.,0,0,0
WBGene00049057.,0,0,0
WBGene00049058.,0,0,0
WBGene00049059.,0,0,0
WBGene00049060.,0,0,0
WBGene00049061.,0,0,0
WBGene00049062.,0,0,0
WBGene00049063.,0,0,0
WBGene00049064.,0,0,0
WBGene00049065.,0,0,0
WBGene00049066.,0,0,0
WBGene00049067.,0,0,0
WBGene00049068.,0,0,0
WBGene00049069.,0,0,0
WBGene00049070.,0,0,0
WBGene00049071.,0,0,0
WBGene00049072.,0,0,0
WBGene00049073.,0,0,0
WBGene00049074.,0,1,1
WBGene00049075.,0,0,0
WBGene00049076.,0,0,0
WBGene00049077.,0,0,0
WBGene00049078.,0,0,0
WBGene00049079.,0,0,0
WBGene00049080.,0,0,0
WBGene00049081.,0,0,0
WBGene00049082.,0,0,0
WBGene00049083.,0,0,0
WBGene00049084.,0,0,0
WBGene00049085.,0,0,0
WBGene00049086.,0,1,1
WBGene00049087.,0,1,1
WBGene00049088.,0,1,1
WBGene00049089.,0,0,0
WBGene00049090.,0,0,0
WBGene00049091.,0,0,0
WBGene00049092.,0,0,0
WBGene00049093.,0,0,0
WBGene00049094.,0,0,0
WBGene00049095.,0,0,0
WBGene00049096.,0,0,0
WBGene00049097.,0,0,0
WBGene00049098.,0,1,1
WBGene00049099.,0,0,0
WBGene00049100.,0,0,0
WBGene00049101.,0,0,0
WBGene00049102.,0,0,0
WBGene00049103.,0,0,0
WBGene00049104.,0,0,0
WBGene00049105.,0,0,0
WBGene00049106.,0,0,0
WBGene00049107.,0,0,0
WBGene00049108.,0,0,0
WBGene00049109.,0,0,0
WBGene00049110.,0,1,1
WBGene00049111.,0,0,0
WBGene00049112.,0,0,0
WBGene00049113.,0,0,0
WBGene00049114.,0,0,0
WBGene00049115.,0,0,0
WBGene00049116.,0,0,0
WBGene00049117.,0,0,0
WBGene00049118.,0,0,0
WBGene00049119.,0,0,0
WBGene00049120.,0,0,0
WBGene00049121.,0,0,0
WBGene00049122.,0,0,0
WBGene00049123.,0,0,0
WBGene00049124.,0,0,0
WBGene00049125.,0,0,0
WBGene00049126.,0,0,0
WBGene00049127.,0,0,0
WBGene00049128.,0,0,0
WBGene00049129.,0,0,0
WBGene00049130.,0,0,0
WBGene00049131.,0,0,0
WBGene00049132.,0,2,2
WBGene00049133.,0,1,1
WBGene00049134.,0,0,0
WBGene00049135.,0,1,1
WBGene00049136.,0,2,2
WBGene00049137.,0,0,0
WBGene00049138.,0,0,0
WBGene00049139.,0,0,0
WBGene00049140.,0,0,0
WBGene00049141.,0,0,0
WBGene00049142.,0,0,0
WBGene00049143.,0,4,4
WBGene00049144.,0,0,0
WBGene00049145.,0,0,0
WBGene00049146.,0,0,0
WBGene00049147.,0,0,0
WBGene00049148.,0,0,0
WBGene00049149.,0,0,0
WBGene00049150.,0,0,0
WBGene00049151.,0,0,0
WBGene00049152.,0,1,1
WBGene00049153.,0,0,0
WBGene00049154.,0,0,0
WBGene00049155.,0,0,0
WBGene00049156.,0,0,0
WBGene00049157.,0,0,0
WBGene00049158.,0,0,0
WBGene00049159.,0,0,0
WBGene00049160.,0,0,0
WBGene00049161.,0,0,0
WBGene00049162.,0,0,0
WBGene00049163.,0,0,0
WBGene00049164.,0,0,0
WBGene00049165.,0,6,6
WBGene00049166.,0,0,0
WBGene00049167.,0,0,0
WBGene00049168.,0,3,3
WBGene00049169.,0,0,0
WBGene00049170.,0,0,0
WBGene00049171.,0,0,0
WBGene00049172.,0,0,0
WBGene00049173.,0,0,0
WBGene00049174.,0,1,1
WBGene00049175.,0,0,0
WBGene00049176.,0,0,0
WBGene00049177.,0,0,0
WBGene00049178.,0,0,0
WBGene00049179.,0,0,0
WBGene00049180.,0,0,0
WBGene00049181.,0,0,0
WBGene00049182.,0,0,0
WBGene00049183.,0,0,0
WBGene00049184.,0,0,0
WBGene00049185.,0,0,0
WBGene00049186.,0,0,0
WBGene00049187.,0,0,0
WBGene00049188.,0,0,0
WBGene00049189.,0,0,0
WBGene00049190.,0,5,5
WBGene00049191.,0,0,0
WBGene00049192.,0,0,0
WBGene00049193.,0,0,0
WBGene00049194.,0,0,0
WBGene00049195.,0,0,0
WBGene00049196.,0,0,0
WBGene00049197.,0,0,0
WBGene00049198.,0,0,0
WBGene00049199.,0,0,0
WBGene00049200.,0,0,0
WBGene00049201.,0,0,0
WBGene00049202.,0,33,33
WBGene00049203.,0,0,0
WBGene00049204.,0,0,0
WBGene00049205.,0,0,0
WBGene00049206.,0,0,0
WBGene00049207.,0,0,0
WBGene00049208.,0,0,0
WBGene00049209.,0,0,0
WBGene00049210.,0,0,0
WBGene00049211.,0,0,0
WBGene00049212.,0,0,0
WBGene00049213.,0,3,3
WBGene00049214.,0,0,0
WBGene00049215.,0,0,0
WBGene00049216.,0,0,0
WBGene00049217.,0,0,0
WBGene00049218.,0,2,2
WBGene00049219.,0,0,0
WBGene00049220.,0,0,0
WBGene00049221.,0,0,0
WBGene00049222.,0,0,0
WBGene00049223.,0,0,0
WBGene00049224.,0,0,0
WBGene00049225.,0,0,0
WBGene00049226.,0,0,0
WBGene00049227.,0,0,0
WBGene00049228.,0,0,0
WBGene00049229.,0,0,0
WBGene00049230.,0,0,0
WBGene00049231.,0,0,0
WBGene00049232.,0,0,0
WBGene00049233.,0,0,0
WBGene00049234.,0,0,0
WBGene00049235.,0,0,0
WBGene00049236.,0,0,0
WBGene00049237.,0,0,0
WBGene00049238.,0,0,0
WBGene00049239.,0,0,0
WBGene00049240.,0,0,0
WBGene00049241.,0,0,0
WBGene00049242.,0,0,0
WBGene00049243.,0,0,0
WBGene00049244.,0,0,0
WBGene00049245.,0,0,0
WBGene00049246.,0,0,0
WBGene00049247.,0,0,0
WBGene00049248.,0,0,0
WBGene00049249.,0,0,0
WBGene00049250.,0,0,0
WBGene00049251.,0,0,0
WBGene00049252.,0,0,0
WBGene00049253.,0,0,0
WBGene00049254.,0,0,0
WBGene00049255.,0,0,0
WBGene00049256.,0,0,0
WBGene00049257.,0,0,0
WBGene00049258.,0,1,1
WBGene00049259.,0,0,0
WBGene00049260.,0,0,0
WBGene00049261.,0,4,4
WBGene00049262.,0,0,0
WBGene00049263.,0,0,0
WBGene00049264.,0,0,0
WBGene00049265.,0,0,0
WBGene00049266.,0,0,0
WBGene00049267.,0,0,0
WBGene00049268.,0,0,0
WBGene00049269.,0,0,0
WBGene00049270.,0,4,4
WBGene00049271.,0,1,1
WBGene00049272.,0,0,0
WBGene00049273.,0,0,0
WBGene00049274.,0,1,1
WBGene00049275.,0,0,0
WBGene00049276.,0,0,0
WBGene00049277.,0,0,0
WBGene00049278.,0,0,0
WBGene00049279.,0,0,0
WBGene00049280.,0,0,0
WBGene00049281.,0,0,0
WBGene00049282.,0,0,0
WBGene00049283.,0,0,0
WBGene00049284.,0,0,0
WBGene00049285.,0,0,0
WBGene00049286.,0,0,0
WBGene00049287.,0,0,0
WBGene00049288.,0,0,0
WBGene00049289.,0,0,0
WBGene00049290.,0,0,0
WBGene00049291.,0,0,0
WBGene00049292.,0,0,0
WBGene00049293.,0,6,6
WBGene00049294.,0,0,0
WBGene00049295.,0,9,9
WBGene00049296.,0,0,0
WBGene00049297.,0,0,0
WBGene00049298.,0,0,0
WBGene00049299.,0,0,0
WBGene00049300.,0,3,3
WBGene00049301.,0,0,0
WBGene00049302.,0,0,0
WBGene00049303.,0,0,0
WBGene00049304.,0,0,0
WBGene00049305.,0,0,0
WBGene00049306.,0,0,0
WBGene00049307.,0,0,0
WBGene00049308.,0,0,0
WBGene00049309.,0,1,1
WBGene00049310.,0,0,0
WBGene00049311.,0,0,0
WBGene00049312.,0,0,0
WBGene00049313.,0,0,0
WBGene00049314.,0,0,0
WBGene00049315.,0,0,0
WBGene00049316.,0,0,0
WBGene00049317.,0,0,0
WBGene00049318.,0,0,0
WBGene00049319.,0,1,1
WBGene00049320.,0,0,0
WBGene00049321.,0,0,0
WBGene00049322.,0,0,0
WBGene00049323.,0,0,0
WBGene00049324.,0,0,0
WBGene00049325.,0,1,1
WBGene00049326.,0,0,0
WBGene00049327.,0,0,0
WBGene00049328.,0,0,0
WBGene00049329.,0,0,0
WBGene00049330.,0,0,0
WBGene00049331.,0,0,0
WBGene00049332.,0,1,1
WBGene00049333.,0,2,2
WBGene00049334.,0,0,0
WBGene00049335.,0,0,0
WBGene00049336.,0,0,0
WBGene00049337.,0,0,0
WBGene00049338.,0,0,0
WBGene00049339.,0,1,1
WBGene00049340.,0,13,13
WBGene00049341.,0,0,0
WBGene00049342.,0,0,0
WBGene00049343.,0,0,0
WBGene00049344.,0,1,1
WBGene00049345.,0,0,0
WBGene00049346.,0,0,0
WBGene00049347.,0,0,0
WBGene00049348.,0,0,0
WBGene00049349.,0,0,0
WBGene00049350.,0,0,0
WBGene00049351.,0,0,0
WBGene00049352.,0,0,0
WBGene00049353.,0,0,0
WBGene00049354.,0,0,0
WBGene00049355.,0,0,0
WBGene00049356.,0,0,0
WBGene00049357.,0,0,0
WBGene00049358.,0,0,0
WBGene00049359.,0,0,0
WBGene00049360.,0,0,0
WBGene00049361.,0,0,0
WBGene00049362.,0,0,0
WBGene00049363.,0,0,0
WBGene00049364.,0,0,0
WBGene00049365.,0,0,0
WBGene00049366.,0,2,2
WBGene00049367.,0,1,1
WBGene00049368.,0,0,0
WBGene00049369.,0,0,0
WBGene00049370.,0,1,1
WBGene00049371.,0,0,0
WBGene00049372.,0,0,0
WBGene00049373.,0,0,0
WBGene00049374.,0,0,0
WBGene00049375.,0,0,0
WBGene00049376.,0,1,1
WBGene00049377.,0,0,0
WBGene00049378.,0,0,0
WBGene00049379.,0,0,0
WBGene00049380.,0,0,0
WBGene00049381.,0,0,0
WBGene00049382.,0,0,0
WBGene00049383.,0,0,0
WBGene00049384.,0,0,0
WBGene00049385.,0,1,1
WBGene00049386.,0,0,0
WBGene00049387.,0,2,2
WBGene00049388.,0,0,0
WBGene00049389.,0,0,0
WBGene00049390.,0,0,0
WBGene00049391.,0,0,0
WBGene00049392.,0,0,0
WBGene00049393.,0,0,0
WBGene00049394.,0,0,0
WBGene00049395.,0,0,0
WBGene00049396.,0,0,0
WBGene00049397.,0,0,0
WBGene00049398.,0,0,0
WBGene00049399.,0,0,0
WBGene00049400.,0,27,27
WBGene00049401.,0,0,0
WBGene00049402.,0,2,2
WBGene00049403.,0,0,0
WBGene00049404.,0,0,0
WBGene00049405.,0,0,0
WBGene00049406.,0,0,0
WBGene00049407.,0,0,0
WBGene00049408.,0,1,1
WBGene00049409.,0,0,0
WBGene00049410.,0,0,0
WBGene00049411.,0,2,2
WBGene00049412.,0,0,0
WBGene00049413.,0,0,0
WBGene00049414.,0,0,0
WBGene00049415.,0,0,0
WBGene00049416.,0,0,0
WBGene00049417.,0,0,0
WBGene00049418.,0,1,1
WBGene00049419.,0,0,0
WBGene00049420.,0,0,0
WBGene00049421.,0,0,0
WBGene00049422.,0,0,0
WBGene00049423.,0,0,0
WBGene00049424.,0,0,0
WBGene00049425.,0,0,0
WBGene00049426.,0,0,0
WBGene00049427.,0,0,0
WBGene00049428.,0,0,0
WBGene00049429.,0,0,0
WBGene00049430.,0,0,0
WBGene00049431.,0,0,0
WBGene00049432.,0,0,0
WBGene00049433.,0,0,0
WBGene00049434.,0,0,0
WBGene00049435.,0,0,0
WBGene00049436.,0,0,0
WBGene00049437.,0,0,0
WBGene00049438.,0,0,0
WBGene00049439.,0,0,0
WBGene00049440.,0,0,0
WBGene00049441.,0,0,0
WBGene00049443.,0,1,1
WBGene00049444.,0,0,0
WBGene00049445.,0,0,0
WBGene00049446.,0,0,0
WBGene00049447.,0,3,3
WBGene00049448.,0,0,0
WBGene00049449.,0,0,0
WBGene00049450.,0,0,0
WBGene00049451.,0,0,0
WBGene00049452.,0,0,0
WBGene00049453.,0,0,0
WBGene00049454.,0,0,0
WBGene00049455.,0,0,0
WBGene00049456.,0,0,0
WBGene00049457.,0,0,0
WBGene00049458.,0,0,0
WBGene00049459.,0,0,0
WBGene00049460.,0,0,0
WBGene00049461.,0,1,1
WBGene00049462.,0,0,0
WBGene00049463.,0,1,1
WBGene00049464.,0,0,0
WBGene00049465.,0,0,0
WBGene00049466.,0,0,0
WBGene00049467.,0,0,0
WBGene00049468.,0,1,1
WBGene00049469.,0,0,0
WBGene00049470.,0,24,24
WBGene00049471.,0,0,0
WBGene00049472.,0,0,0
WBGene00049473.,0,1,1
WBGene00049474.,0,0,0
WBGene00049475.,0,0,0
WBGene00049476.,0,0,0
WBGene00049477.,0,0,0
WBGene00049478.,0,0,0
WBGene00049479.,0,0,0
WBGene00049480.,0,0,0
WBGene00049481.,0,0,0
WBGene00049482.,0,0,0
WBGene00049483.,0,0,0
WBGene00049484.,0,0,0
WBGene00049485.,0,0,0
WBGene00049486.,0,0,0
WBGene00049487.,0,0,0
WBGene00049488.,0,0,0
WBGene00049489.,0,0,0
WBGene00049490.,0,0,0
WBGene00049491.,0,0,0
WBGene00049492.,0,2,2
WBGene00049493.,0,0,0
WBGene00049494.,0,0,0
WBGene00049495.,0,0,0
WBGene00049496.,0,0,0
WBGene00049497.,0,1,1
WBGene00049498.,0,1,1
WBGene00049499.,0,0,0
WBGene00049500.,0,3,3
WBGene00049501.,0,0,0
WBGene00049502.,0,0,0
WBGene00049503.,0,0,0
WBGene00049504.,0,0,0
WBGene00049505.,0,0,0
WBGene00049506.,0,0,0
WBGene00049507.,0,0,0
WBGene00049508.,0,0,0
WBGene00049509.,0,0,0
WBGene00049510.,0,0,0
WBGene00049511.,0,0,0
WBGene00049512.,0,0,0
WBGene00049513.,0,0,0
WBGene00049514.,0,0,0
WBGene00049515.,0,0,0
WBGene00049516.,0,0,0
WBGene00049517.,0,3,3
WBGene00049518.,0,0,0
WBGene00049519.,0,0,0
WBGene00049520.,0,0,0
WBGene00049521.,0,0,0
WBGene00049522.,0,0,0
WBGene00049523.,0,0,0
WBGene00049524.,0,1,1
WBGene00049525.,0,0,0
WBGene00049526.,0,0,0
WBGene00049527.,0,0,0
WBGene00049528.,0,0,0
WBGene00049529.,0,1,1
WBGene00049530.,0,0,0
WBGene00049531.,0,0,0
WBGene00049532.,0,0,0
WBGene00049533.,0,0,0
WBGene00049534.,0,0,0
WBGene00049535.,0,0,0
WBGene00049536.,0,0,0
WBGene00049537.,0,0,0
WBGene00049538.,0,2,2
WBGene00049539.,0,2,2
WBGene00049540.,0,0,0
WBGene00049541.,0,0,0
WBGene00049542.,0,0,0
WBGene00049543.,0,0,0
WBGene00049544.,0,0,0
WBGene00049545.,0,0,0
WBGene00049546.,0,0,0
WBGene00049547.,0,0,0
WBGene00049548.,0,0,0
WBGene00049549.,0,0,0
WBGene00049550.,0,0,0
WBGene00049551.,0,0,0
WBGene00049552.,0,0,0
WBGene00049553.,0,0,0
WBGene00049554.,0,0,0
WBGene00049555.,0,1,1
WBGene00049556.,0,0,0
WBGene00049557.,0,1,1
WBGene00049558.,0,0,0
WBGene00049559.,0,0,0
WBGene00049560.,0,0,0
WBGene00049561.,0,0,0
WBGene00049562.,0,0,0
WBGene00049563.,0,0,0
WBGene00049564.,0,0,0
WBGene00049565.,0,0,0
WBGene00049566.,0,0,0
WBGene00049567.,0,0,0
WBGene00049568.,0,0,0
WBGene00049569.,0,0,0
WBGene00049570.,0,0,0
WBGene00049571.,0,0,0
WBGene00049572.,0,0,0
WBGene00049573.,0,0,0
WBGene00049574.,0,0,0
WBGene00049575.,0,0,0
WBGene00049576.,0,0,0
WBGene00049577.,0,0,0
WBGene00049578.,0,0,0
WBGene00049579.,0,0,0
WBGene00049580.,0,0,0
WBGene00049581.,0,2,2
WBGene00049582.,0,0,0
WBGene00049583.,0,0,0
WBGene00049584.,0,0,0
WBGene00049585.,0,0,0
WBGene00049586.,0,2,2
WBGene00049587.,0,0,0
WBGene00049588.,0,0,0
WBGene00049589.,0,0,0
WBGene00049590.,0,0,0
WBGene00049591.,0,0,0
WBGene00049592.,0,0,0
WBGene00049593.,0,0,0
WBGene00049594.,0,0,0
WBGene00049595.,0,0,0
WBGene00049596.,0,0,0
WBGene00049597.,0,0,0
WBGene00049598.,0,1,1
WBGene00049599.,0,0,0
WBGene00049600.,0,0,0
WBGene00049601.,0,6,6
WBGene00049602.,0,1,1
WBGene00049603.,0,0,0
WBGene00049604.,0,10,10
WBGene00049605.,0,0,0
WBGene00049606.,0,1,1
WBGene00049607.,0,0,0
WBGene00049608.,0,0,0
WBGene00049609.,0,0,0
WBGene00049610.,0,0,0
WBGene00049611.,0,0,0
WBGene00049612.,0,0,0
WBGene00049613.,0,0,0
WBGene00049614.,0,0,0
WBGene00049615.,0,0,0
WBGene00049616.,0,0,0
WBGene00049617.,0,0,0
WBGene00049618.,0,0,0
WBGene00049619.,0,0,0
WBGene00049620.,0,0,0
WBGene00049621.,0,0,0
WBGene00049622.,0,0,0
WBGene00049623.,0,0,0
WBGene00049624.,0,0,0
WBGene00049625.,0,0,0
WBGene00049626.,0,0,0
WBGene00049627.,0,0,0
WBGene00049628.,0,0,0
WBGene00049629.,0,0,0
WBGene00049630.,0,1,1
WBGene00049631.,0,0,0
WBGene00049632.,0,0,0
WBGene00049633.,0,0,0
WBGene00049634.,0,0,0
WBGene00049635.,0,0,0
WBGene00049636.,0,0,0
WBGene00049637.,0,0,0
WBGene00049638.,0,0,0
WBGene00049639.,0,0,0
WBGene00049640.,0,0,0
WBGene00049641.,0,0,0
WBGene00049642.,0,0,0
WBGene00049643.,0,0,0
WBGene00049644.,0,1,1
WBGene00049645.,0,0,0
WBGene00049646.,0,0,0
WBGene00049647.,0,0,0
WBGene00049648.,0,0,0
WBGene00049649.,0,0,0
WBGene00049650.,0,0,0
WBGene00049651.,0,0,0
WBGene00049652.,0,0,0
WBGene00049653.,0,1,1
WBGene00049654.,0,0,0
WBGene00049655.,0,0,0
WBGene00049656.,0,0,0
WBGene00049657.,0,0,0
WBGene00049658.,0,0,0
WBGene00049659.,0,0,0
WBGene00049660.,0,0,0
WBGene00049661.,0,0,0
WBGene00049662.,0,0,0
WBGene00049663.,0,0,0
WBGene00049664.,0,0,0
WBGene00049665.,0,0,0
WBGene00049666.,0,0,0
WBGene00049667.,0,10,10
WBGene00049668.,0,0,0
WBGene00049669.,0,0,0
WBGene00049670.,0,0,0
WBGene00049671.,0,1,1
WBGene00049672.,0,0,0
WBGene00049673.,0,0,0
WBGene00049674.,0,0,0
WBGene00049675.,0,0,0
WBGene00049676.,0,1,1
WBGene00049677.,0,0,0
WBGene00049678.,0,0,0
WBGene00049679.,0,1,1
WBGene00049680.,0,40,40
WBGene00049681.,0,0,0
WBGene00049682.,0,0,0
WBGene00049683.,0,0,0
WBGene00049684.,0,0,0
WBGene00049685.,0,0,0
WBGene00049686.,0,0,0
WBGene00049687.,0,0,0
WBGene00049688.,0,0,0
WBGene00049689.,0,0,0
WBGene00049690.,0,0,0
WBGene00049691.,0,0,0
WBGene00049692.,0,0,0
WBGene00049693.,0,0,0
WBGene00049694.,0,4,4
WBGene00049695.,0,0,0
WBGene00049696.,0,0,0
WBGene00049697.,0,0,0
WBGene00049698.,0,0,0
WBGene00049699.,0,0,0
WBGene00049700.,0,0,0
WBGene00049701.,0,0,0
WBGene00049702.,0,0,0
WBGene00049703.,0,0,0
WBGene00049704.,0,0,0
WBGene00049705.,0,0,0
WBGene00049706.,0,1,1
WBGene00049707.,0,0,0
WBGene00049708.,0,0,0
WBGene00049709.,0,0,0
WBGene00049710.,0,1,1
WBGene00049711.,0,0,0
WBGene00049712.,0,0,0
WBGene00049713.,0,0,0
WBGene00049714.,0,1,1
WBGene00049715.,0,0,0
WBGene00049716.,0,0,0
WBGene00049717.,0,0,0
WBGene00049718.,0,0,0
WBGene00049719.,0,0,0
WBGene00049720.,0,0,0
WBGene00049721.,0,0,0
WBGene00049722.,0,0,0
WBGene00049723.,0,0,0
WBGene00049724.,0,0,0
WBGene00049725.,0,0,0
WBGene00049726.,0,0,0
WBGene00049727.,0,2,2
WBGene00049728.,0,0,0
WBGene00049729.,0,0,0
WBGene00049730.,0,0,0
WBGene00049731.,0,0,0
WBGene00049732.,0,4,4
WBGene00049733.,0,0,0
WBGene00049734.,0,0,0
WBGene00049735.,0,0,0
WBGene00049736.,0,0,0
WBGene00049737.,0,1,1
WBGene00049738.,0,0,0
WBGene00049739.,0,0,0
WBGene00049740.,0,0,0
WBGene00049741.,0,0,0
WBGene00049742.,0,0,0
WBGene00049743.,0,0,0
WBGene00049744.,0,1,1
WBGene00049745.,0,0,0
WBGene00049746.,0,0,0
WBGene00049747.,0,0,0
WBGene00049748.,0,0,0
WBGene00049749.,0,0,0
WBGene00049750.,0,0,0
WBGene00049751.,0,0,0
WBGene00049752.,0,0,0
WBGene00049753.,0,0,0
WBGene00049754.,0,0,0
WBGene00049755.,0,0,0
WBGene00049756.,0,0,0
WBGene00049757.,0,0,0
WBGene00049758.,0,1,1
WBGene00049759.,0,0,0
WBGene00049760.,0,0,0
WBGene00049761.,0,0,0
WBGene00049762.,0,0,0
WBGene00049763.,0,0,0
WBGene00049764.,0,0,0
WBGene00049765.,0,0,0
WBGene00049766.,0,0,0
WBGene00049767.,0,0,0
WBGene00049768.,0,0,0
WBGene00049769.,0,0,0
WBGene00049770.,0,0,0
WBGene00049771.,0,0,0
WBGene00049772.,0,0,0
WBGene00049773.,0,0,0
WBGene00049774.,0,0,0
WBGene00049775.,0,0,0
WBGene00049776.,0,0,0
WBGene00049777.,0,0,0
WBGene00049778.,0,0,0
WBGene00049779.,0,0,0
WBGene00049780.,0,0,0
WBGene00049781.,0,0,0
WBGene00049782.,0,0,0
WBGene00049783.,0,0,0
WBGene00049784.,0,1,1
WBGene00049785.,0,0,0
WBGene00049786.,0,0,0
WBGene00049787.,0,0,0
WBGene00049788.,0,1,1
WBGene00049789.,0,0,0
WBGene00049790.,0,0,0
WBGene00049791.,0,0,0
WBGene00049792.,0,0,0
WBGene00049793.,0,6,6
WBGene00049794.,0,0,0
WBGene00049795.,0,0,0
WBGene00049796.,0,1,1
WBGene00049797.,0,1,1
WBGene00049798.,0,0,0
WBGene00049799.,0,0,0
WBGene00049800.,0,0,0
WBGene00049801.,0,0,0
WBGene00049802.,0,0,0
WBGene00049803.,0,0,0
WBGene00049804.,0,0,0
WBGene00049805.,0,0,0
WBGene00049806.,0,0,0
WBGene00049807.,0,2,2
WBGene00049808.,0,0,0
WBGene00049809.,0,0,0
WBGene00049810.,0,0,0
WBGene00049811.,0,0,0
WBGene00049812.,0,0,0
WBGene00049813.,0,0,0
WBGene00049814.,0,0,0
WBGene00049815.,0,0,0
WBGene00049816.,0,1,1
WBGene00049817.,0,0,0
WBGene00049818.,0,0,0
WBGene00049819.,0,0,0
WBGene00049820.,0,0,0
WBGene00049821.,0,0,0
WBGene00049822.,0,0,0
WBGene00049823.,0,1,1
WBGene00049824.,0,0,0
WBGene00049825.,0,0,0
WBGene00049826.,0,0,0
WBGene00049827.,0,0,0
WBGene00049828.,0,0,0
WBGene00049829.,0,2,2
WBGene00049830.,0,0,0
WBGene00049831.,0,0,0
WBGene00049832.,0,0,0
WBGene00049833.,0,1,1
WBGene00049834.,0,0,0
WBGene00049835.,0,0,0
WBGene00049836.,0,0,0
WBGene00049837.,0,0,0
WBGene00049838.,0,0,0
WBGene00049839.,0,5,5
WBGene00049840.,0,0,0
WBGene00049841.,0,0,0
WBGene00049842.,0,0,0
WBGene00049843.,0,0,0
WBGene00049844.,0,0,0
WBGene00049845.,0,0,0
WBGene00049846.,0,1,1
WBGene00049847.,0,0,0
WBGene00049848.,0,0,0
WBGene00049849.,0,0,0
WBGene00049850.,0,1,1
WBGene00049851.,0,1,1
WBGene00049852.,0,0,0
WBGene00049853.,0,0,0
WBGene00049854.,0,0,0
WBGene00049855.,0,0,0
WBGene00049856.,0,0,0
WBGene00049857.,0,0,0
WBGene00049858.,0,1,1
WBGene00049859.,0,0,0
WBGene00049860.,0,0,0
WBGene00049861.,0,0,0
WBGene00049862.,0,0,0
WBGene00049863.,0,0,0
WBGene00049864.,0,0,0
WBGene00049865.,0,0,0
WBGene00049866.,0,0,0
WBGene00049867.,0,1,1
WBGene00049868.,0,0,0
WBGene00049869.,0,0,0
WBGene00049870.,0,0,0
WBGene00049871.,0,0,0
WBGene00049872.,0,0,0
WBGene00049873.,0,0,0
WBGene00049874.,0,0,0
WBGene00049875.,0,2,2
WBGene00049876.,0,0,0
WBGene00049877.,0,0,0
WBGene00049878.,0,0,0
WBGene00049879.,0,0,0
WBGene00049880.,0,0,0
WBGene00049881.,0,0,0
WBGene00049882.,0,0,0
WBGene00049883.,0,0,0
WBGene00049884.,0,0,0
WBGene00049885.,0,0,0
WBGene00049886.,0,1,1
WBGene00049887.,0,0,0
WBGene00049888.,0,0,0
WBGene00049889.,0,0,0
WBGene00049890.,0,0,0
WBGene00049891.,0,1,1
WBGene00049892.,0,0,0
WBGene00049893.,0,0,0
WBGene00049894.,0,0,0
WBGene00049895.,0,0,0
WBGene00049896.,0,0,0
WBGene00049897.,0,0,0
WBGene00049898.,0,0,0
WBGene00049899.,0,0,0
WBGene00049900.,0,0,0
WBGene00049901.,0,0,0
WBGene00049902.,0,0,0
WBGene00049903.,0,0,0
WBGene00049904.,0,0,0
WBGene00049905.,0,0,0
WBGene00049906.,0,1,1
WBGene00049907.,0,0,0
WBGene00049908.,0,0,0
WBGene00049909.,0,0,0
WBGene00049910.,0,0,0
WBGene00049911.,0,0,0
WBGene00049912.,0,0,0
WBGene00049913.,0,0,0
WBGene00049914.,0,0,0
WBGene00049915.,0,0,0
WBGene00049916.,0,0,0
WBGene00049917.,0,0,0
WBGene00049918.,0,0,0
WBGene00049919.,0,0,0
WBGene00049920.,0,2,2
WBGene00049921.,0,0,0
WBGene00049922.,0,0,0
WBGene00049923.,0,0,0
WBGene00049924.,0,0,0
WBGene00049925.,0,0,0
WBGene00049926.,0,1,1
WBGene00049927.,0,0,0
WBGene00049928.,0,0,0
WBGene00049929.,0,1,1
WBGene00049930.,0,0,0
WBGene00049931.,0,0,0
WBGene00049932.,0,0,0
WBGene00049933.,0,14,14
WBGene00049934.,0,0,0
WBGene00049935.,0,0,0
WBGene00049936.,0,0,0
WBGene00049937.,0,0,0
WBGene00049938.,0,0,0
WBGene00049939.,0,1,1
WBGene00049940.,0,0,0
WBGene00049941.,0,0,0
WBGene00049942.,0,2,2
WBGene00049943.,0,0,0
WBGene00049944.,0,0,0
WBGene00049945.,0,0,0
WBGene00049946.,0,9,9
WBGene00049947.,0,2,2
WBGene00049948.,0,1,1
WBGene00049949.,0,0,0
WBGene00049950.,0,0,0
WBGene00049951.,0,0,0
WBGene00049952.,0,0,0
WBGene00049953.,0,0,0
WBGene00049954.,0,0,0
WBGene00049955.,0,0,0
WBGene00049956.,0,0,0
WBGene00049957.,0,0,0
WBGene00049958.,0,0,0
WBGene00049959.,0,0,0
WBGene00049960.,0,2,2
WBGene00049961.,0,0,0
WBGene00049962.,0,0,0
WBGene00049963.,0,0,0
WBGene00049964.,0,0,0
WBGene00049965.,0,0,0
WBGene00049966.,0,0,0
WBGene00049967.,0,0,0
WBGene00049968.,0,1,1
WBGene00049969.,0,0,0
WBGene00049970.,0,0,0
WBGene00049971.,0,0,0
WBGene00049972.,0,0,0
WBGene00049973.,0,0,0
WBGene00049974.,0,0,0
WBGene00049975.,0,0,0
WBGene00049976.,0,0,0
WBGene00049977.,0,1,1
WBGene00049978.,0,0,0
WBGene00049979.,0,0,0
WBGene00049980.,0,0,0
WBGene00049981.,0,0,0
WBGene00049982.,0,0,0
WBGene00049983.,0,0,0
WBGene00049984.,0,0,0
WBGene00049985.,0,4,4
WBGene00049986.,0,0,0
WBGene00049987.,0,0,0
WBGene00049988.,0,0,0
WBGene00049989.,0,0,0
WBGene00049990.,0,0,0
WBGene00049991.,0,0,0
WBGene00049992.,0,0,0
WBGene00049993.,0,1,1
WBGene00049994.,0,0,0
WBGene00049995.,0,0,0
WBGene00049996.,0,0,0
WBGene00049997.,0,0,0
WBGene00049998.,0,0,0
WBGene00049999.,0,0,0
WBGene00050000.,0,0,0
WBGene00050001.,0,0,0
WBGene00050002.,0,0,0
WBGene00050003.,0,0,0
WBGene00050004.,0,0,0
WBGene00050005.,0,0,0
WBGene00050006.,0,0,0
WBGene00050007.,0,0,0
WBGene00050008.,0,0,0
WBGene00050009.,0,4,4
WBGene00050010.,0,0,0
WBGene00050011.,0,0,0
WBGene00050012.,0,0,0
WBGene00050013.,0,0,0
WBGene00050014.,0,0,0
WBGene00050015.,0,4,4
WBGene00050016.,0,0,0
WBGene00050017.,0,0,0
WBGene00050018.,0,0,0
WBGene00050019.,0,0,0
WBGene00050020.,0,0,0
WBGene00050021.,0,0,0
WBGene00050022.,0,0,0
WBGene00050023.,0,2,2
WBGene00050024.,0,0,0
WBGene00050025.,0,0,0
WBGene00050026.,0,0,0
WBGene00050027.,0,0,0
WBGene00050028.,0,0,0
WBGene00050029.,0,0,0
WBGene00050030.,0,2,2
WBGene00050031.,0,0,0
WBGene00050032.,0,0,0
WBGene00050033.,0,0,0
WBGene00050034.,0,0,0
WBGene00050035.,0,0,0
WBGene00050036.,0,0,0
WBGene00050037.,0,0,0
WBGene00050038.,0,0,0
WBGene00050039.,0,0,0
WBGene00050040.,0,0,0
WBGene00050041.,0,0,0
WBGene00050042.,0,0,0
WBGene00050043.,0,0,0
WBGene00050044.,0,0,0
WBGene00050045.,0,0,0
WBGene00050046.,0,0,0
WBGene00050047.,0,0,0
WBGene00050048.,0,0,0
WBGene00050049.,0,0,0
WBGene00050050.,0,0,0
WBGene00050051.,0,0,0
WBGene00050052.,0,0,0
WBGene00050053.,0,0,0
WBGene00050054.,0,0,0
WBGene00050055.,0,0,0
WBGene00050056.,0,0,0
WBGene00050057.,0,0,0
WBGene00050058.,0,0,0
WBGene00050059.,0,0,0
WBGene00050060.,0,0,0
WBGene00050061.,0,0,0
WBGene00050062.,0,0,0
WBGene00050063.,0,0,0
WBGene00050064.,0,0,0
WBGene00050065.,0,0,0
WBGene00050066.,0,0,0
WBGene00050067.,0,0,0
WBGene00050068.,0,0,0
WBGene00050069.,0,0,0
WBGene00050070.,0,2,2
WBGene00050071.,0,0,0
WBGene00050072.,0,1,1
WBGene00050073.,0,0,0
WBGene00050074.,0,0,0
WBGene00050075.,0,0,0
WBGene00050076.,0,0,0
WBGene00050077.,0,1,1
WBGene00050078.,0,0,0
WBGene00050079.,0,0,0
WBGene00050080.,0,0,0
WBGene00050081.,0,0,0
WBGene00050082.,0,0,0
WBGene00050083.,0,0,0
WBGene00050084.,0,0,0
WBGene00050085.,0,0,0
WBGene00050086.,0,0,0
WBGene00050087.,0,0,0
WBGene00050088.,0,0,0
WBGene00050089.,0,0,0
WBGene00050090.,0,0,0
WBGene00050091.,0,0,0
WBGene00050092.,0,0,0
WBGene00050093.,0,0,0
WBGene00050094.,0,0,0
WBGene00050095.,0,0,0
WBGene00050096.,0,0,0
WBGene00050097.,0,1,1
WBGene00050098.,0,0,0
WBGene00050099.,0,2,2
WBGene00050100.,0,1,1
WBGene00050101.,0,0,0
WBGene00050102.,0,0,0
WBGene00050103.,0,0,0
WBGene00050104.,0,0,0
WBGene00050105.,0,0,0
WBGene00050106.,0,0,0
WBGene00050107.,0,0,0
WBGene00050108.,0,0,0
WBGene00050109.,0,0,0
WBGene00050110.,0,0,0
WBGene00050111.,0,0,0
WBGene00050112.,0,0,0
WBGene00050113.,0,1,1
WBGene00050114.,0,0,0
WBGene00050115.,0,0,0
WBGene00050116.,0,0,0
WBGene00050117.,0,0,0
WBGene00050118.,0,0,0
WBGene00050119.,0,0,0
WBGene00050120.,0,3,3
WBGene00050121.,0,0,0
WBGene00050122.,0,0,0
WBGene00050123.,0,0,0
WBGene00050124.,0,0,0
WBGene00050125.,0,0,0
WBGene00050126.,0,0,0
WBGene00050127.,0,0,0
WBGene00050128.,0,0,0
WBGene00050129.,0,0,0
WBGene00050130.,0,0,0
WBGene00050131.,0,0,0
WBGene00050132.,0,0,0
WBGene00050133.,0,0,0
WBGene00050134.,0,0,0
WBGene00050135.,0,0,0
WBGene00050136.,0,4,4
WBGene00050137.,0,0,0
WBGene00050138.,0,2,2
WBGene00050139.,0,0,0
WBGene00050140.,0,0,0
WBGene00050141.,0,0,0
WBGene00050142.,0,0,0
WBGene00050143.,0,0,0
WBGene00050144.,0,0,0
WBGene00050145.,0,0,0
WBGene00050146.,0,0,0
WBGene00050147.,0,0,0
WBGene00050148.,0,0,0
WBGene00050149.,0,0,0
WBGene00050150.,0,0,0
WBGene00050151.,0,0,0
WBGene00050152.,0,0,0
WBGene00050153.,0,0,0
WBGene00050154.,0,0,0
WBGene00050155.,0,0,0
WBGene00050156.,0,0,0
WBGene00050157.,0,0,0
WBGene00050158.,0,0,0
WBGene00050159.,0,1,1
WBGene00050160.,0,0,0
WBGene00050161.,0,0,0
WBGene00050162.,0,1,1
WBGene00050163.,0,0,0
WBGene00050164.,0,0,0
WBGene00050165.,0,0,0
WBGene00050166.,0,0,0
WBGene00050167.,0,0,0
WBGene00050168.,0,0,0
WBGene00050169.,0,0,0
WBGene00050170.,0,0,0
WBGene00050171.,0,0,0
WBGene00050172.,0,0,0
WBGene00050173.,0,0,0
WBGene00050174.,0,0,0
WBGene00050175.,0,0,0
WBGene00050176.,0,0,0
WBGene00050177.,0,4,4
WBGene00050178.,0,0,0
WBGene00050179.,0,0,0
WBGene00050180.,0,0,0
WBGene00050181.,0,2,2
WBGene00050182.,0,0,0
WBGene00050183.,0,0,0
WBGene00050184.,0,0,0
WBGene00050185.,0,0,0
WBGene00050186.,0,0,0
WBGene00050187.,0,0,0
WBGene00050188.,0,0,0
WBGene00050189.,0,0,0
WBGene00050190.,0,0,0
WBGene00050191.,0,5,5
WBGene00050192.,0,0,0
WBGene00050193.,0,0,0
WBGene00050194.,0,1,1
WBGene00050195.,0,0,0
WBGene00050196.,0,0,0
WBGene00050197.,0,0,0
WBGene00050198.,0,4,4
WBGene00050199.,0,0,0
WBGene00050200.,0,0,0
WBGene00050201.,0,0,0
WBGene00050202.,0,0,0
WBGene00050203.,0,0,0
WBGene00050204.,0,0,0
WBGene00050205.,0,0,0
WBGene00050206.,0,0,0
WBGene00050207.,0,0,0
WBGene00050208.,0,0,0
WBGene00050209.,0,0,0
WBGene00050210.,0,0,0
WBGene00050211.,0,0,0
WBGene00050212.,0,0,0
WBGene00050213.,0,0,0
WBGene00050214.,0,0,0
WBGene00050215.,0,0,0
WBGene00050216.,0,0,0
WBGene00050217.,0,0,0
WBGene00050218.,0,0,0
WBGene00050219.,0,0,0
WBGene00050220.,0,1,1
WBGene00050221.,0,0,0
WBGene00050222.,0,0,0
WBGene00050223.,0,0,0
WBGene00050224.,0,0,0
WBGene00050225.,0,0,0
WBGene00050226.,0,0,0
WBGene00050227.,0,0,0
WBGene00050228.,0,0,0
WBGene00050229.,0,0,0
WBGene00050230.,0,5,5
WBGene00050231.,0,0,0
WBGene00050232.,0,0,0
WBGene00050233.,0,0,0
WBGene00050234.,0,3,3
WBGene00050235.,0,0,0
WBGene00050236.,0,0,0
WBGene00050237.,0,0,0
WBGene00050238.,0,0,0
WBGene00050239.,0,0,0
WBGene00050240.,0,0,0
WBGene00050241.,0,0,0
WBGene00050242.,0,0,0
WBGene00050243.,0,2,2
WBGene00050244.,0,1,1
WBGene00050245.,0,0,0
WBGene00050246.,0,0,0
WBGene00050247.,0,0,0
WBGene00050248.,0,2,2
WBGene00050249.,0,0,0
WBGene00050250.,0,0,0
WBGene00050251.,0,0,0
WBGene00050252.,0,1,1
WBGene00050253.,0,0,0
WBGene00050254.,0,0,0
WBGene00050255.,0,0,0
WBGene00050256.,0,0,0
WBGene00050257.,0,0,0
WBGene00050258.,0,0,0
WBGene00050259.,0,0,0
WBGene00050260.,0,1,1
WBGene00050261.,0,0,0
WBGene00050262.,0,0,0
WBGene00050263.,0,0,0
WBGene00050264.,0,0,0
WBGene00050265.,0,0,0
WBGene00050266.,0,0,0
WBGene00050267.,0,0,0
WBGene00050268.,0,0,0
WBGene00050269.,0,0,0
WBGene00050270.,0,0,0
WBGene00050271.,0,0,0
WBGene00050272.,0,0,0
WBGene00050273.,0,2,2
WBGene00050274.,0,0,0
WBGene00050275.,0,4,4
WBGene00050276.,0,0,0
WBGene00050277.,0,3,3
WBGene00050278.,0,5,5
WBGene00050279.,0,0,0
WBGene00050280.,0,0,0
WBGene00050281.,0,3,3
WBGene00050282.,0,0,0
WBGene00050283.,0,0,0
WBGene00050284.,0,0,0
WBGene00050285.,0,0,0
WBGene00050286.,0,0,0
WBGene00050287.,0,12,12
WBGene00050288.,0,11,11
WBGene00050289.,0,0,0
WBGene00050290.,0,0,0
WBGene00050291.,0,0,0
WBGene00050292.,0,0,0
WBGene00050293.,0,0,0
WBGene00050294.,0,0,0
WBGene00050295.,0,0,0
WBGene00050296.,0,0,0
WBGene00050297.,0,0,0
WBGene00050298.,0,0,0
WBGene00050299.,0,0,0
WBGene00050300.,0,0,0
WBGene00050301.,0,0,0
WBGene00050302.,0,21,21
WBGene00050303.,0,0,0
WBGene00050304.,0,0,0
WBGene00050305.,0,0,0
WBGene00050306.,0,0,0
WBGene00050307.,0,0,0
WBGene00050308.,0,0,0
WBGene00050309.,0,1,1
WBGene00050310.,0,0,0
WBGene00050311.,0,0,0
WBGene00050312.,0,0,0
WBGene00050313.,0,0,0
WBGene00050314.,0,0,0
WBGene00050315.,0,0,0
WBGene00050316.,0,0,0
WBGene00050317.,0,0,0
WBGene00050318.,0,0,0
WBGene00050319.,0,0,0
WBGene00050320.,0,0,0
WBGene00050321.,0,0,0
WBGene00050322.,0,0,0
WBGene00050323.,0,0,0
WBGene00050324.,0,0,0
WBGene00050325.,0,0,0
WBGene00050326.,0,0,0
WBGene00050327.,0,0,0
WBGene00050328.,0,0,0
WBGene00050329.,0,2,2
WBGene00050330.,0,0,0
WBGene00050331.,0,0,0
WBGene00050332.,0,0,0
WBGene00050333.,0,0,0
WBGene00050334.,0,0,0
WBGene00050335.,0,0,0
WBGene00050336.,0,0,0
WBGene00050337.,0,0,0
WBGene00050338.,0,0,0
WBGene00050339.,0,0,0
WBGene00050340.,0,0,0
WBGene00050341.,0,0,0
WBGene00050342.,0,0,0
WBGene00050343.,0,0,0
WBGene00050344.,0,0,0
WBGene00050345.,0,0,0
WBGene00050346.,0,0,0
WBGene00050347.,0,0,0
WBGene00050348.,0,0,0
WBGene00050349.,0,0,0
WBGene00050350.,0,1,1
WBGene00050351.,0,0,0
WBGene00050352.,0,0,0
WBGene00050353.,0,0,0
WBGene00050354.,0,0,0
WBGene00050355.,0,0,0
WBGene00050356.,0,1,1
WBGene00050357.,0,0,0
WBGene00050358.,0,0,0
WBGene00050359.,0,0,0
WBGene00050360.,0,0,0
WBGene00050361.,0,0,0
WBGene00050362.,0,0,0
WBGene00050363.,0,0,0
WBGene00050364.,0,0,0
WBGene00050365.,0,0,0
WBGene00050366.,0,0,0
WBGene00050367.,0,0,0
WBGene00050368.,0,1,1
WBGene00050369.,0,0,0
WBGene00050370.,0,0,0
WBGene00050371.,0,5,5
WBGene00050372.,0,0,0
WBGene00050373.,0,0,0
WBGene00050374.,0,0,0
WBGene00050375.,0,0,0
WBGene00050376.,0,0,0
WBGene00050377.,0,0,0
WBGene00050378.,0,0,0
WBGene00050379.,0,0,0
WBGene00050380.,0,0,0
WBGene00050381.,0,0,0
WBGene00050382.,0,0,0
WBGene00050383.,0,0,0
WBGene00050384.,0,0,0
WBGene00050385.,0,0,0
WBGene00050386.,0,0,0
WBGene00050387.,0,5,5
WBGene00050388.,0,0,0
WBGene00050389.,0,0,0
WBGene00050390.,0,0,0
WBGene00050391.,0,0,0
WBGene00050392.,0,0,0
WBGene00050393.,0,0,0
WBGene00050394.,0,0,0
WBGene00050395.,0,0,0
WBGene00050396.,0,0,0
WBGene00050397.,0,0,0
WBGene00050398.,0,0,0
WBGene00050399.,0,0,0
WBGene00050400.,0,0,0
WBGene00050401.,0,0,0
WBGene00050402.,0,0,0
WBGene00050403.,0,0,0
WBGene00050404.,0,0,0
WBGene00050405.,0,0,0
WBGene00050406.,0,0,0
WBGene00050407.,0,0,0
WBGene00050408.,0,0,0
WBGene00050409.,0,0,0
WBGene00050410.,0,0,0
WBGene00050411.,0,0,0
WBGene00050412.,0,0,0
WBGene00050413.,0,2,2
WBGene00050414.,0,1,1
WBGene00050415.,0,0,0
WBGene00050416.,0,0,0
WBGene00050417.,0,0,0
WBGene00050418.,0,0,0
WBGene00050419.,0,0,0
WBGene00050420.,0,0,0
WBGene00050421.,0,0,0
WBGene00050422.,0,0,0
WBGene00050423.,0,2,2
WBGene00050424.,0,0,0
WBGene00050425.,0,0,0
WBGene00050426.,0,0,0
WBGene00050427.,0,0,0
WBGene00050428.,0,0,0
WBGene00050429.,0,0,0
WBGene00050430.,0,0,0
WBGene00050431.,0,0,0
WBGene00050432.,0,0,0
WBGene00050433.,0,0,0
WBGene00050434.,0,1,1
WBGene00050435.,0,0,0
WBGene00050436.,0,0,0
WBGene00050437.,0,0,0
WBGene00050438.,0,0,0
WBGene00050439.,0,0,0
WBGene00050440.,0,1,1
WBGene00050441.,0,0,0
WBGene00050442.,0,0,0
WBGene00050443.,0,0,0
WBGene00050444.,0,0,0
WBGene00050445.,0,0,0
WBGene00050446.,0,0,0
WBGene00050447.,0,0,0
WBGene00050448.,0,0,0
WBGene00050449.,0,0,0
WBGene00050450.,0,0,0
WBGene00050451.,0,5,5
WBGene00050452.,0,0,0
WBGene00050453.,0,0,0
WBGene00050454.,0,0,0
WBGene00050455.,0,0,0
WBGene00050456.,0,1,1
WBGene00050457.,0,0,0
WBGene00050458.,0,0,0
WBGene00050459.,0,0,0
WBGene00050460.,0,0,0
WBGene00050461.,0,6,6
WBGene00050462.,0,0,0
WBGene00050463.,0,0,0
WBGene00050464.,0,0,0
WBGene00050465.,0,0,0
WBGene00050466.,0,0,0
WBGene00050467.,0,0,0
WBGene00050468.,0,0,0
WBGene00050469.,0,0,0
WBGene00050470.,0,1,1
WBGene00050471.,0,0,0
WBGene00050472.,0,1,1
WBGene00050473.,0,0,0
WBGene00050474.,0,0,0
WBGene00050475.,0,0,0
WBGene00050476.,0,0,0
WBGene00050477.,0,0,0
WBGene00050478.,0,0,0
WBGene00050479.,0,0,0
WBGene00050480.,0,1,1
WBGene00050481.,0,0,0
WBGene00050482.,0,0,0
WBGene00050483.,0,0,0
WBGene00050484.,0,0,0
WBGene00050485.,0,0,0
WBGene00050486.,0,0,0
WBGene00050487.,0,0,0
WBGene00050488.,0,0,0
WBGene00050489.,0,0,0
WBGene00050490.,0,0,0
WBGene00050491.,0,0,0
WBGene00050492.,0,0,0
WBGene00050493.,0,0,0
WBGene00050494.,0,0,0
WBGene00050495.,0,0,0
WBGene00050496.,0,2,2
WBGene00050497.,0,1,1
WBGene00050498.,0,4,4
WBGene00050499.,0,0,0
WBGene00050500.,0,0,0
WBGene00050501.,0,1,1
WBGene00050502.,0,0,0
WBGene00050503.,0,0,0
WBGene00050504.,0,0,0
WBGene00050505.,0,0,0
WBGene00050506.,0,0,0
WBGene00050507.,0,0,0
WBGene00050508.,0,0,0
WBGene00050509.,0,0,0
WBGene00050510.,0,0,0
WBGene00050511.,0,6,6
WBGene00050512.,0,0,0
WBGene00050513.,0,0,0
WBGene00050514.,0,1,1
WBGene00050515.,0,0,0
WBGene00050516.,0,2,2
WBGene00050517.,0,0,0
WBGene00050518.,0,0,0
WBGene00050519.,0,0,0
WBGene00050520.,0,0,0
WBGene00050521.,0,4,4
WBGene00050522.,0,0,0
WBGene00050523.,0,0,0
WBGene00050524.,0,0,0
WBGene00050525.,0,0,0
WBGene00050526.,0,0,0
WBGene00050527.,0,13,13
WBGene00050528.,0,0,0
WBGene00050529.,0,0,0
WBGene00050530.,0,0,0
WBGene00050531.,0,0,0
WBGene00050532.,0,0,0
WBGene00050533.,0,0,0
WBGene00050534.,0,0,0
WBGene00050535.,0,0,0
WBGene00050536.,0,0,0
WBGene00050537.,0,0,0
WBGene00050538.,0,0,0
WBGene00050539.,0,0,0
WBGene00050540.,0,0,0
WBGene00050541.,0,0,0
WBGene00050542.,0,0,0
WBGene00050543.,0,0,0
WBGene00050544.,0,0,0
WBGene00050545.,0,0,0
WBGene00050546.,0,0,0
WBGene00050547.,0,0,0
WBGene00050548.,0,0,0
WBGene00050549.,0,0,0
WBGene00050550.,0,0,0
WBGene00050551.,0,0,0
WBGene00050552.,0,0,0
WBGene00050553.,0,0,0
WBGene00050554.,0,0,0
WBGene00050555.,0,0,0
WBGene00050556.,0,0,0
WBGene00050557.,0,0,0
WBGene00050558.,0,0,0
WBGene00050559.,0,0,0
WBGene00050560.,0,0,0
WBGene00050561.,0,0,0
WBGene00050562.,0,0,0
WBGene00050563.,0,0,0
WBGene00050564.,0,0,0
WBGene00050565.,0,0,0
WBGene00050566.,0,0,0
WBGene00050567.,0,0,0
WBGene00050568.,0,0,0
WBGene00050569.,0,0,0
WBGene00050570.,0,0,0
WBGene00050571.,0,1,1
WBGene00050572.,0,0,0
WBGene00050573.,0,2,2
WBGene00050574.,0,0,0
WBGene00050575.,0,0,0
WBGene00050576.,0,0,0
WBGene00050577.,0,0,0
WBGene00050578.,0,0,0
WBGene00050579.,0,0,0
WBGene00050580.,0,2,2
WBGene00050581.,0,1,1
WBGene00050582.,0,0,0
WBGene00050583.,0,0,0
WBGene00050584.,0,0,0
WBGene00050585.,0,0,0
WBGene00050586.,0,0,0
WBGene00050587.,0,0,0
WBGene00050588.,0,0,0
WBGene00050589.,0,0,0
WBGene00050590.,0,1,1
WBGene00050591.,0,0,0
WBGene00050592.,0,0,0
WBGene00050593.,0,1,1
WBGene00050594.,0,0,0
WBGene00050595.,0,0,0
WBGene00050596.,0,0,0
WBGene00050597.,0,0,0
WBGene00050598.,0,2,2
WBGene00050599.,0,0,0
WBGene00050600.,0,0,0
WBGene00050601.,0,0,0
WBGene00050602.,0,0,0
WBGene00050603.,0,0,0
WBGene00050604.,0,0,0
WBGene00050605.,0,0,0
WBGene00050606.,0,1,1
WBGene00050607.,0,0,0
WBGene00050608.,0,0,0
WBGene00050609.,0,0,0
WBGene00050610.,0,0,0
WBGene00050611.,0,0,0
WBGene00050612.,0,0,0
WBGene00050613.,0,0,0
WBGene00050614.,0,0,0
WBGene00050615.,0,0,0
WBGene00050616.,0,0,0
WBGene00050617.,0,1,1
WBGene00050618.,0,0,0
WBGene00050619.,0,0,0
WBGene00050620.,0,0,0
WBGene00050621.,0,0,0
WBGene00050622.,0,0,0
WBGene00050623.,0,0,0
WBGene00050624.,0,0,0
WBGene00050625.,0,0,0
WBGene00050626.,0,0,0
WBGene00050627.,0,0,0
WBGene00050628.,0,0,0
WBGene00050629.,0,0,0
WBGene00050630.,0,0,0
WBGene00050631.,0,0,0
WBGene00050632.,0,0,0
WBGene00050633.,0,0,0
WBGene00050634.,0,0,0
WBGene00050635.,0,0,0
WBGene00050636.,0,1,1
WBGene00050637.,0,0,0
WBGene00050638.,0,0,0
WBGene00050639.,0,0,0
WBGene00050640.,0,0,0
WBGene00050641.,0,0,0
WBGene00050642.,0,0,0
WBGene00050643.,0,0,0
WBGene00050644.,0,0,0
WBGene00050645.,0,0,0
WBGene00050646.,0,12,12
WBGene00050647.,0,7,7
WBGene00050648.,0,0,0
WBGene00050649.,0,0,0
WBGene00050650.,0,0,0
WBGene00050651.,0,0,0
WBGene00050652.,0,0,0
WBGene00050653.,0,3,3
WBGene00050654.,0,0,0
WBGene00050655.,0,0,0
WBGene00050656.,0,0,0
WBGene00050657.,0,0,0
WBGene00050658.,0,1,1
WBGene00050659.,0,0,0
WBGene00050660.,0,0,0
WBGene00050661.,0,0,0
WBGene00050662.,0,0,0
WBGene00050663.,0,1,1
WBGene00050664.,0,2,2
WBGene00050665.,0,0,0
WBGene00050666.,0,0,0
WBGene00050667.,0,0,0
WBGene00050668.,0,0,0
WBGene00050669.,0,0,0
WBGene00050670.,0,0,0
WBGene00050671.,0,0,0
WBGene00050672.,0,0,0
WBGene00050673.,0,0,0
WBGene00050674.,0,0,0
WBGene00050675.,0,0,0
WBGene00050676.,0,0,0
WBGene00050677.,0,0,0
WBGene00050678.,0,0,0
WBGene00050679.,0,0,0
WBGene00050680.,0,0,0
WBGene00050681.,0,0,0
WBGene00050682.,0,0,0
WBGene00050683.,0,0,0
WBGene00050684.,0,0,0
WBGene00050685.,0,6,6
WBGene00050686.,0,2,2
WBGene00050687.,0,1,1
WBGene00050688.,0,0,0
WBGene00050689.,0,1,1
WBGene00050690.,0,0,0
WBGene00050691.,0,0,0
WBGene00050692.,0,0,0
WBGene00050693.,0,0,0
WBGene00050694.,0,0,0
WBGene00050695.,0,0,0
WBGene00050696.,0,0,0
WBGene00050697.,0,1,1
WBGene00050698.,0,0,0
WBGene00050699.,0,0,0
WBGene00050700.,0,0,0
WBGene00050701.,0,0,0
WBGene00050702.,0,0,0
WBGene00050703.,0,0,0
WBGene00050704.,0,0,0
WBGene00050705.,0,0,0
WBGene00050706.,0,0,0
WBGene00050707.,0,0,0
WBGene00050708.,0,0,0
WBGene00050709.,0,0,0
WBGene00050710.,0,0,0
WBGene00050711.,0,0,0
WBGene00050712.,0,1,1
WBGene00050713.,0,0,0
WBGene00050714.,0,0,0
WBGene00050715.,0,0,0
WBGene00050716.,0,0,0
WBGene00050717.,0,0,0
WBGene00050718.,0,0,0
WBGene00050719.,0,0,0
WBGene00050720.,0,0,0
WBGene00050721.,0,0,0
WBGene00050722.,0,0,0
WBGene00050723.,0,0,0
WBGene00050724.,0,0,0
WBGene00050725.,0,0,0
WBGene00050726.,0,0,0
WBGene00050727.,0,0,0
WBGene00050728.,0,0,0
WBGene00050729.,0,4,4
WBGene00050730.,0,0,0
WBGene00050731.,0,0,0
WBGene00050732.,0,0,0
WBGene00050733.,0,0,0
WBGene00050734.,0,0,0
WBGene00050735.,0,1,1
WBGene00050736.,0,0,0
WBGene00050737.,0,0,0
WBGene00050738.,0,0,0
WBGene00050739.,0,0,0
WBGene00050740.,0,0,0
WBGene00050741.,0,0,0
WBGene00050742.,0,0,0
WBGene00050743.,0,0,0
WBGene00050744.,0,0,0
WBGene00050745.,0,0,0
WBGene00050746.,0,0,0
WBGene00050747.,0,0,0
WBGene00050748.,0,0,0
WBGene00050749.,0,0,0
WBGene00050750.,0,0,0
WBGene00050751.,0,0,0
WBGene00050752.,0,0,0
WBGene00050753.,0,0,0
WBGene00050754.,0,0,0
WBGene00050755.,0,0,0
WBGene00050756.,0,0,0
WBGene00050757.,0,0,0
WBGene00050758.,0,0,0
WBGene00050759.,0,0,0
WBGene00050760.,0,0,0
WBGene00050761.,0,0,0
WBGene00050762.,0,0,0
WBGene00050763.,0,0,0
WBGene00050764.,0,1,1
WBGene00050765.,0,0,0
WBGene00050766.,0,0,0
WBGene00050767.,0,0,0
WBGene00050768.,0,0,0
WBGene00050769.,0,0,0
WBGene00050770.,0,0,0
WBGene00050771.,0,0,0
WBGene00050772.,0,0,0
WBGene00050773.,0,0,0
WBGene00050774.,0,0,0
WBGene00050775.,0,0,0
WBGene00050776.,0,0,0
WBGene00050777.,0,0,0
WBGene00050778.,0,16,16
WBGene00050779.,0,0,0
WBGene00050780.,0,0,0
WBGene00050781.,0,0,0
WBGene00050782.,0,0,0
WBGene00050783.,0,0,0
WBGene00050784.,0,0,0
WBGene00050785.,0,0,0
WBGene00050786.,0,0,0
WBGene00050787.,0,0,0
WBGene00050788.,0,0,0
WBGene00050789.,0,0,0
WBGene00050790.,0,0,0
WBGene00050791.,0,0,0
WBGene00050792.,0,0,0
WBGene00050793.,0,0,0
WBGene00050794.,0,1,1
WBGene00050795.,0,0,0
WBGene00050796.,0,0,0
WBGene00050797.,0,0,0
WBGene00050798.,0,0,0
WBGene00050799.,0,0,0
WBGene00050800.,0,0,0
WBGene00050801.,0,0,0
WBGene00050802.,0,0,0
WBGene00050803.,0,0,0
WBGene00050804.,0,2,2
WBGene00050805.,0,0,0
WBGene00050806.,0,0,0
WBGene00050807.,0,0,0
WBGene00050808.,0,0,0
WBGene00050809.,0,0,0
WBGene00050810.,0,0,0
WBGene00050811.,0,0,0
WBGene00050812.,0,0,0
WBGene00050813.,0,0,0
WBGene00050814.,0,0,0
WBGene00050815.,0,0,0
WBGene00050816.,0,0,0
WBGene00050817.,0,0,0
WBGene00050818.,0,0,0
WBGene00050819.,0,0,0
WBGene00050820.,0,0,0
WBGene00050821.,0,0,0
WBGene00050822.,0,0,0
WBGene00050823.,0,0,0
WBGene00050824.,0,2,2
WBGene00050825.,0,1,1
WBGene00050826.,0,0,0
WBGene00050827.,0,0,0
WBGene00050828.,0,0,0
WBGene00050829.,0,0,0
WBGene00050830.,0,0,0
WBGene00050831.,0,0,0
WBGene00050832.,0,0,0
WBGene00050833.,0,0,0
WBGene00050834.,0,0,0
WBGene00050835.,0,0,0
WBGene00050836.,0,0,0
WBGene00050837.,0,1,1
WBGene00050838.,0,1,1
WBGene00050839.,0,0,0
WBGene00050840.,0,0,0
WBGene00050841.,0,0,0
WBGene00050842.,0,0,0
WBGene00050843.,0,0,0
WBGene00050844.,0,0,0
WBGene00050845.,0,0,0
WBGene00050846.,0,0,0
WBGene00050847.,0,0,0
WBGene00050848.,0,0,0
WBGene00050849.,0,0,0
WBGene00050850.,0,0,0
WBGene00050851.,0,0,0
WBGene00050852.,0,0,0
WBGene00050853.,0,0,0
WBGene00050854.,0,1,1
WBGene00050855.,0,0,0
WBGene00050856.,0,0,0
WBGene00050857.,0,0,0
WBGene00050858.,0,0,0
WBGene00050859.,0,0,0
WBGene00050860.,0,1,1
WBGene00050861.,0,0,0
WBGene00050862.,0,0,0
WBGene00050863.,0,0,0
WBGene00050864.,0,0,0
WBGene00050865.,0,1,1
WBGene00050866.,0,0,0
WBGene00050867.,0,0,0
WBGene00050868.,0,0,0
WBGene00050869.,0,0,0
WBGene00050870.,0,0,0
WBGene00050871.,0,0,0
WBGene00050873.,0,43,43
WBGene00050874.,0,4,4
WBGene00050875.,10,348,358
WBGene00050878.,4,2,6
WBGene00050879.,0,4,4
WBGene00050880.,14,1,15
WBGene00050881.,0,1,1
WBGene00050883.,0,1,1
WBGene00050884.,180,1412,1592
WBGene00050885.,122,1130,1252
WBGene00050889.,114,835,949
WBGene00050890.,0,42,42
WBGene00050891.,0,60,60
WBGene00050892.,0,1,1
WBGene00050893.,0,1,1
WBGene00050894.,0,0,0
WBGene00050896.,1,0,1
WBGene00050897.,0,0,0
WBGene00050898.,0,0,0
WBGene00050899.,4,71,75
WBGene00050900.,1,1,2
WBGene00050902.,0,0,0
WBGene00050903.,282,2896,3178
WBGene00050904.,3,19,22
WBGene00050906.,1,3,4
WBGene00050907.,0,1,1
WBGene00050910.,5,3,8
WBGene00050911.,0,3,3
WBGene00050912.,0,0,0
WBGene00050913.,0,2,2
WBGene00050914.,0,0,0
WBGene00050915.,3,18,21
WBGene00050916.,3,18,21
WBGene00050917.,15,98,113
WBGene00050919.,4,7,11
WBGene00050920.,31,333,364
WBGene00050921.,0,0,0
WBGene00050922.,0,0,0
WBGene00050923.,0,1,1
WBGene00050924.,0,0,0
WBGene00050926.,1,3,4
WBGene00050927.,144,207,351
WBGene00050928.,0,0,0
WBGene00050929.,0,0,0
WBGene00050930.,2,1,3
WBGene00050931.,3,3,6
WBGene00050932.,0,0,0
WBGene00050933.,0,0,0
WBGene00050934.,19,85,104
WBGene00050935.,638,13,651
WBGene00050936.,0,800,800
WBGene00050937.,40,958,998
WBGene00050938.,0,0,0
WBGene00050939.,0,0,0
WBGene00050940.,0,5,5
WBGene00050941.,9,1347,1356
WBGene00050943.,66,633,699
WBGene00050944.,102,2028,2130
WBGene00050945.,7,107,114
WBGene00050946.,12,53,65
WBGene00050947.,8,707,715
WBGene00050948.,17,50,67
WBGene00050949.,0,0,0
WBGene00050950.,0,0,0
WBGene00050951.,0,0,0
WBGene00050954.,0,0,0
WBGene00050955.,0,0,0
WBGene00050956.,0,0,0
WBGene00050957.,2,3,5
WBGene00050958.,0,2,2
WBGene00050959.,0,0,0
WBGene00050960.,0,0,0
WBGene00050961.,0,0,0
WBGene00050962.,0,0,0
WBGene00050963.,0,0,0
WBGene00050964.,0,24,24
WBGene00050965.,0,0,0
WBGene00050967.,0,9,9
WBGene00050968.,0,0,0
WBGene00050970.,0,4,4
WBGene00050971.,0,2,2
WBGene00050972.,0,0,0
WBGene00050973.,0,0,0
WBGene00050974.,0,3,3
WBGene00050976.,0,0,0
WBGene00050977.,0,17,17
WBGene00077434.,128,2,130
WBGene00077436.,3,3,6
WBGene00077437.,940,6837,7777
WBGene00077438.,5,1,6
WBGene00077439.,0,69,69
WBGene00077440.,0,2,2
WBGene00077441.,0,0,0
WBGene00077442.,4,0,4
WBGene00077443.,1,28,29
WBGene00077444.,0,2,2
WBGene00077445.,0,0,0
WBGene00077446.,0,0,0
WBGene00077447.,0,1,1
WBGene00077448.,5,0,5
WBGene00077449.,0,20,20
WBGene00077450.,6,5,11
WBGene00077451.,0,0,0
WBGene00077452.,0,0,0
WBGene00077453.,19,989,1008
WBGene00077454.,0,0,0
WBGene00077455.,8,21,29
WBGene00077456.,0,0,0
WBGene00077457.,3,102,105
WBGene00077459.,1,0,1
WBGene00077460.,0,1,1
WBGene00077461.,0,11,11
WBGene00077462.,0,0,0
WBGene00077463.,0,0,0
WBGene00077464.,0,1,1
WBGene00077465.,0,6,6
WBGene00077466.,0,0,0
WBGene00077467.,0,0,0
WBGene00077468.,0,0,0
WBGene00077469.,0,1,1
WBGene00077470.,0,2,2
WBGene00077471.,0,0,0
WBGene00077472.,0,0,0
WBGene00077473.,0,0,0
WBGene00077474.,0,0,0
WBGene00077475.,0,0,0
WBGene00077476.,0,0,0
WBGene00077477.,0,0,0
WBGene00077478.,0,0,0
WBGene00077479.,0,0,0
WBGene00077480.,0,0,0
WBGene00077481.,0,0,0
WBGene00077482.,0,0,0
WBGene00077483.,0,0,0
WBGene00077484.,0,0,0
WBGene00077485.,0,0,0
WBGene00077486.,0,0,0
WBGene00077487.,0,0,0
WBGene00077488.,0,0,0
WBGene00077489.,3,39,42
WBGene00077490.,29,430,459
WBGene00077491.,3,53,56
WBGene00077492.,0,2,2
WBGene00077493.,2,2,4
WBGene00077494.,0,0,0
WBGene00077495.,0,0,0
WBGene00077496.,0,5,5
WBGene00077497.,495,586,1081
WBGene00077498.,0,0,0
WBGene00077499.,0,1,1
WBGene00077500.,26,300,326
WBGene00077501.,0,8,8
WBGene00077502.,0,0,0
WBGene00077503.,0,0,0
WBGene00077504.,0,1,1
WBGene00077506.,0,0,0
WBGene00077508.,28,11,39
WBGene00077510.,0,0,0
WBGene00077514.,0,5,5
WBGene00077515.,0,0,0
WBGene00077516.,0,0,0
WBGene00077517.,0,0,0
WBGene00077519.,0,4,4
WBGene00077520.,144,946,1090
WBGene00077521.,0,284,284
WBGene00077522.,4,40,44
WBGene00077523.,0,5,5
WBGene00077524.,0,2,2
WBGene00077525.,2,26,28
WBGene00077526.,2253,31302,33555
WBGene00077527.,0,3,3
WBGene00077531.,0,30,30
WBGene00077534.,0,0,0
WBGene00077535.,4,4,8
WBGene00077536.,7,70,77
WBGene00077537.,4,68,72
WBGene00077538.,22,74,96
WBGene00077539.,226,92,318
WBGene00077543.,5,37,42
WBGene00077546.,4,7,11
WBGene00077548.,1,3,4
WBGene00077549.,0,3,3
WBGene00077551.,0,16,16
WBGene00077552.,193,18,211
WBGene00077553.,64,74,138
WBGene00077555.,0,0,0
WBGene00077556.,4,87,91
WBGene00077557.,27,63,90
WBGene00077558.,21,52,73
WBGene00077559.,8,57,65
WBGene00077561.,0,0,0
WBGene00077562.,3,1,4
WBGene00077563.,6,27,33
WBGene00077564.,1,1,2
WBGene00077565.,1,12,13
WBGene00077566.,0,0,0
WBGene00077567.,0,0,0
WBGene00077568.,0,61,61
WBGene00077569.,7,14,21
WBGene00077570.,19,126,145
WBGene00077571.,0,0,0
WBGene00077572.,226,629,855
WBGene00077573.,25,435,460
WBGene00077574.,8,41,49
WBGene00077575.,0,0,0
WBGene00077576.,0,0,0
WBGene00077577.,5,7,12
WBGene00077579.,3,2,5
WBGene00077580.,0,0,0
WBGene00077581.,0,0,0
WBGene00077582.,3,22,25
WBGene00077583.,2,1,3
WBGene00077584.,0,0,0
WBGene00077585.,14,35,49
WBGene00077586.,1,0,1
WBGene00077588.,0,3,3
WBGene00077589.,0,0,0
WBGene00077590.,0,3,3
WBGene00077592.,6,10,16
WBGene00077593.,4,30,34
WBGene00077594.,206,272,478
WBGene00077595.,0,1,1
WBGene00077596.,5,0,5
WBGene00077597.,0,1,1
WBGene00077598.,0,0,0
WBGene00077599.,39,331,370
WBGene00077600.,0,0,0
WBGene00077601.,0,0,0
WBGene00077602.,0,0,0
WBGene00077603.,0,0,0
WBGene00077604.,0,0,0
WBGene00077605.,0,3,3
WBGene00077606.,0,1,1
WBGene00077607.,0,0,0
WBGene00077608.,0,0,0
WBGene00077609.,0,2,2
WBGene00077610.,0,0,0
WBGene00077611.,0,4,4
WBGene00077612.,0,0,0
WBGene00077613.,0,1,1
WBGene00077614.,0,0,0
WBGene00077615.,4,8,12
WBGene00077616.,2,28,30
WBGene00077617.,0,0,0
WBGene00077618.,0,0,0
WBGene00077619.,0,0,0
WBGene00077620.,0,0,0
WBGene00077621.,1,0,1
WBGene00077622.,0,3,3
WBGene00077624.,1,0,1
WBGene00077625.,1,0,1
WBGene00077626.,0,0,0
WBGene00077627.,0,0,0
WBGene00077629.,0,0,0
WBGene00077630.,0,0,0
WBGene00077631.,0,0,0
WBGene00077632.,0,0,0
WBGene00077633.,0,0,0
WBGene00077634.,0,2,2
WBGene00077635.,0,3,3
WBGene00077636.,45,81,126
WBGene00077637.,0,0,0
WBGene00077638.,0,0,0
WBGene00077640.,0,1,1
WBGene00077641.,0,0,0
WBGene00077642.,0,0,0
WBGene00077643.,59,1033,1092
WBGene00077644.,0,0,0
WBGene00077646.,0,0,0
WBGene00077647.,0,0,0
WBGene00077648.,0,0,0
WBGene00077649.,0,1,1
WBGene00077650.,0,0,0
WBGene00077651.,0,0,0
WBGene00077652.,0,3,3
WBGene00077653.,1,0,1
WBGene00077654.,0,0,0
WBGene00077655.,0,1,1
WBGene00077656.,0,0,0
WBGene00077657.,0,15,15
WBGene00077658.,103,1024,1127
WBGene00077659.,3,4,7
WBGene00077660.,0,0,0
WBGene00077662.,0,0,0
WBGene00077663.,0,1,1
WBGene00077664.,1,1,2
WBGene00077666.,0,0,0
WBGene00077667.,0,1,1
WBGene00077669.,192,741,933
WBGene00077670.,0,0,0
WBGene00077671.,0,0,0
WBGene00077673.,0,0,0
WBGene00077674.,0,15,15
WBGene00077679.,3,29,32
WBGene00077680.,1,8,9
WBGene00077681.,19,104,123
WBGene00077682.,2,10,12
WBGene00077684.,1,3,4
WBGene00077685.,0,2,2
WBGene00077686.,0,0,0
WBGene00077687.,0,8,8
WBGene00077688.,4,2,6
WBGene00077689.,1,7,8
WBGene00077690.,18,1635,1653
WBGene00077691.,1,50,51
WBGene00077692.,16,140,156
WBGene00077693.,242,7275,7517
WBGene00077694.,0,0,0
WBGene00077695.,0,0,0
WBGene00077696.,74,69,143
WBGene00077697.,102,126,228
WBGene00077698.,110,443,553
WBGene00077699.,10,35,45
WBGene00077701.,16,281,297
WBGene00077703.,28,44,72
WBGene00077704.,0,19,19
WBGene00077705.,0,0,0
WBGene00077706.,0,0,0
WBGene00077707.,0,0,0
WBGene00077708.,0,0,0
WBGene00077709.,0,0,0
WBGene00077712.,11,286,297
WBGene00077714.,3,31,34
WBGene00077715.,0,0,0
WBGene00077716.,0,0,0
WBGene00077717.,0,0,0
WBGene00077718.,0,0,0
WBGene00077719.,0,0,0
WBGene00077720.,0,0,0
WBGene00077721.,0,1,1
WBGene00077722.,0,0,0
WBGene00077723.,0,0,0
WBGene00077724.,0,0,0
WBGene00077725.,0,0,0
WBGene00077726.,0,0,0
WBGene00077727.,0,0,0
WBGene00077728.,0,546,546
WBGene00077732.,6,145,151
WBGene00077750.,0,0,0
WBGene00077751.,1,2,3
WBGene00077752.,9,69,78
WBGene00077753.,8,22,30
WBGene00077754.,0,2,2
WBGene00077755.,0,0,0
WBGene00077756.,2,19,21
WBGene00077757.,2,26,28
WBGene00077758.,1,4,5
WBGene00077759.,4,2,6
WBGene00077761.,71,3066,3137
WBGene00077762.,0,6,6
WBGene00077763.,11,87,98
WBGene00077764.,0,339,339
WBGene00077765.,0,46,46
WBGene00077766.,0,1,1
WBGene00077767.,1,0,1
WBGene00077768.,2,62,64
WBGene00077769.,2,28,30
WBGene00077770.,2,6,8
WBGene00077771.,1051,21192,22243
WBGene00077772.,2,43,45
WBGene00077773.,0,498,498
WBGene00077775.,76,374,450
WBGene00077781.,3,107,110
WBGene00077782.,12,10,22
WBGene00077783.,2,20,22
WBGene00077784.,4,17,21
WBGene00077785.,3,5,8
WBGene00077786.,291,899,1190
WBGene00077787.,4,31,35
WBGene00077788.,7,28,35
WBGene00077789.,1,0,1
WBGene00086546.,62,294,356
WBGene00086551.,8,286,294
WBGene00086552.,0,0,0
WBGene00086553.,138,1334,1472
WBGene00086554.,0,10,10
WBGene00086555.,1,0,1
WBGene00086556.,8,28,36
WBGene00086557.,47,518,565
WBGene00086558.,7,137,144
WBGene00086559.,19,210,229
WBGene00086560.,7,16,23
WBGene00086561.,0,0,0
WBGene00086562.,3,3,6
WBGene00086563.,0,2,2
WBGene00086564.,2,3,5
WBGene00086565.,0,0,0
WBGene00086566.,46,788,834
WBGene00086567.,0,2,2
WBGene00086568.,9,110,119
WBGene00086569.,204,1612,1816
WBGene00119201.,2,1,3
WBGene00119203.,21,308,329
WBGene00119204.,2,4,6
WBGene00138711.,4,70,74
WBGene00138714.,0,0,0
WBGene00138715.,0,0,0
WBGene00138716.,0,0,0
WBGene00138717.,331,1902,2233
WBGene00138719.,1,2,3
WBGene00138720.,58,642,700
WBGene00138721.,3,8,11
WBGene00138724.,0,109,109
WBGene00164968.,37,361,398
WBGene00164969.,1,52,53
WBGene00164971.,1,0,1
WBGene00164972.,0,0,0
WBGene00164973.,0,31,31
WBGene00164974.,0,0,0
WBGene00164983.,5,30,35
WBGene00164985.,24,174,198
WBGene00164986.,8,7,15
WBGene00164991.,0,0,0
WBGene00164992.,0,0,0
WBGene00164993.,0,0,0
WBGene00164994.,0,0,0
WBGene00164995.,0,0,0
WBGene00164996.,0,0,0
WBGene00164997.,0,0,0
WBGene00164998.,0,0,0
WBGene00164999.,0,0,0
WBGene00165000.,0,0,0
WBGene00165001.,0,0,0
WBGene00165002.,0,0,0
WBGene00165003.,0,0,0
WBGene00165004.,0,0,0
WBGene00165005.,0,0,0
WBGene00165006.,0,0,0
WBGene00165007.,0,0,0
WBGene00165009.,0,0,0
WBGene00165010.,0,0,0
WBGene00165011.,0,0,0
WBGene00165012.,0,0,0
WBGene00165013.,0,0,0
WBGene00165014.,0,0,0
WBGene00165015.,0,0,0
WBGene00165016.,0,0,0
WBGene00165017.,0,1,1
WBGene00165018.,0,0,0
WBGene00165019.,0,0,0
WBGene00165020.,0,0,0
WBGene00165021.,0,0,0
WBGene00165022.,0,0,0
WBGene00165023.,0,0,0
WBGene00165024.,0,0,0
WBGene00165025.,0,0,0
WBGene00165026.,0,0,0
WBGene00165027.,0,0,0
WBGene00165028.,0,0,0
WBGene00165029.,0,0,0
WBGene00165030.,0,0,0
WBGene00165031.,0,0,0
WBGene00165032.,0,0,0
WBGene00165033.,0,0,0
WBGene00165034.,0,0,0
WBGene00165035.,0,0,0
WBGene00165036.,0,0,0
WBGene00165037.,0,0,0
WBGene00165038.,0,0,0
WBGene00165039.,0,0,0
WBGene00165040.,0,0,0
WBGene00165041.,0,0,0
WBGene00165042.,0,0,0
WBGene00165043.,0,0,0
WBGene00165044.,0,0,0
WBGene00165045.,0,0,0
WBGene00165046.,0,2,2
WBGene00165047.,0,0,0
WBGene00165048.,0,0,0
WBGene00165049.,0,0,0
WBGene00165050.,0,0,0
WBGene00165051.,0,0,0
WBGene00165052.,0,0,0
WBGene00165053.,0,2,2
WBGene00165054.,0,2,2
WBGene00165055.,0,0,0
WBGene00165056.,0,4,4
WBGene00165057.,0,0,0
WBGene00165058.,0,0,0
WBGene00165059.,0,0,0
WBGene00165060.,0,0,0
WBGene00165061.,0,0,0
WBGene00165062.,0,0,0
WBGene00165063.,0,0,0
WBGene00165064.,0,0,0
WBGene00165065.,0,0,0
WBGene00165066.,0,0,0
WBGene00165067.,0,1,1
WBGene00165068.,0,0,0
WBGene00165069.,0,0,0
WBGene00165070.,0,0,0
WBGene00165071.,0,0,0
WBGene00165072.,0,0,0
WBGene00165073.,0,0,0
WBGene00165074.,0,0,0
WBGene00165075.,0,0,0
WBGene00165076.,0,0,0
WBGene00165077.,0,2,2
WBGene00165078.,0,0,0
WBGene00165079.,0,0,0
WBGene00165080.,0,0,0
WBGene00165081.,0,0,0
WBGene00165082.,0,0,0
WBGene00165083.,0,0,0
WBGene00165084.,0,0,0
WBGene00165085.,0,0,0
WBGene00165086.,0,0,0
WBGene00165087.,0,0,0
WBGene00165088.,0,1,1
WBGene00165089.,0,0,0
WBGene00165090.,0,0,0
WBGene00165091.,0,0,0
WBGene00165092.,0,0,0
WBGene00165093.,0,0,0
WBGene00165094.,0,0,0
WBGene00165095.,0,0,0
WBGene00165096.,0,0,0
WBGene00165097.,0,0,0
WBGene00165098.,0,0,0
WBGene00165099.,0,0,0
WBGene00165100.,0,0,0
WBGene00165101.,0,0,0
WBGene00165102.,0,6,6
WBGene00165103.,0,0,0
WBGene00165104.,0,0,0
WBGene00165105.,0,0,0
WBGene00165106.,0,0,0
WBGene00165107.,0,1,1
WBGene00165108.,0,0,0
WBGene00165109.,0,0,0
WBGene00165110.,0,0,0
WBGene00165111.,0,0,0
WBGene00165112.,0,0,0
WBGene00165113.,0,0,0
WBGene00165114.,0,0,0
WBGene00165115.,0,0,0
WBGene00165116.,0,0,0
WBGene00165117.,0,0,0
WBGene00165118.,0,0,0
WBGene00165119.,0,0,0
WBGene00165120.,0,0,0
WBGene00165121.,0,0,0
WBGene00165122.,0,1,1
WBGene00165123.,0,0,0
WBGene00165124.,0,0,0
WBGene00165125.,0,0,0
WBGene00165126.,0,0,0
WBGene00165127.,0,0,0
WBGene00165128.,0,1,1
WBGene00165129.,0,0,0
WBGene00165130.,0,0,0
WBGene00165131.,0,0,0
WBGene00165132.,0,0,0
WBGene00165133.,0,1,1
WBGene00165134.,0,0,0
WBGene00165135.,0,0,0
WBGene00165136.,0,0,0
WBGene00165137.,0,4,4
WBGene00165138.,0,0,0
WBGene00165139.,0,0,0
WBGene00165140.,0,0,0
WBGene00165141.,0,0,0
WBGene00165142.,0,0,0
WBGene00165143.,0,0,0
WBGene00165144.,0,0,0
WBGene00165146.,0,0,0
WBGene00165147.,0,5,5
WBGene00165148.,0,0,0
WBGene00165149.,0,0,0
WBGene00165150.,0,0,0
WBGene00165151.,0,0,0
WBGene00165152.,0,0,0
WBGene00165153.,0,0,0
WBGene00165154.,0,0,0
WBGene00165155.,0,0,0
WBGene00165156.,0,0,0
WBGene00165157.,0,0,0
WBGene00165158.,0,0,0
WBGene00165159.,0,0,0
WBGene00165160.,0,0,0
WBGene00165161.,0,0,0
WBGene00165162.,0,0,0
WBGene00165163.,0,0,0
WBGene00165164.,0,0,0
WBGene00165165.,0,0,0
WBGene00165166.,0,0,0
WBGene00165167.,0,0,0
WBGene00165168.,0,0,0
WBGene00165169.,0,0,0
WBGene00165170.,0,0,0
WBGene00165171.,0,0,0
WBGene00165172.,0,0,0
WBGene00165173.,0,0,0
WBGene00165174.,0,0,0
WBGene00165175.,0,0,0
WBGene00165176.,0,1,1
WBGene00165177.,0,1,1
WBGene00165178.,0,0,0
WBGene00165179.,0,0,0
WBGene00165180.,0,0,0
WBGene00165181.,0,0,0
WBGene00165182.,0,0,0
WBGene00165183.,0,5,5
WBGene00165184.,0,0,0
WBGene00165185.,0,0,0
WBGene00165186.,0,0,0
WBGene00165187.,0,0,0
WBGene00165188.,0,0,0
WBGene00165189.,0,0,0
WBGene00165190.,0,0,0
WBGene00165191.,0,0,0
WBGene00165192.,0,0,0
WBGene00165193.,0,0,0
WBGene00165194.,0,0,0
WBGene00165195.,0,0,0
WBGene00165196.,0,0,0
WBGene00165197.,0,0,0
WBGene00165198.,0,0,0
WBGene00165199.,0,0,0
WBGene00165200.,0,0,0
WBGene00165201.,0,0,0
WBGene00165202.,0,0,0
WBGene00165203.,0,0,0
WBGene00165204.,0,0,0
WBGene00165205.,0,0,0
WBGene00165206.,0,0,0
WBGene00165207.,0,0,0
WBGene00165208.,0,9,9
WBGene00165209.,0,0,0
WBGene00165210.,0,0,0
WBGene00165211.,0,0,0
WBGene00165212.,0,0,0
WBGene00165213.,0,0,0
WBGene00165214.,0,0,0
WBGene00165215.,0,0,0
WBGene00165217.,0,0,0
WBGene00165218.,0,1,1
WBGene00165219.,0,0,0
WBGene00165220.,0,0,0
WBGene00165221.,0,2,2
WBGene00165222.,0,0,0
WBGene00165223.,0,0,0
WBGene00165224.,0,0,0
WBGene00165225.,0,0,0
WBGene00165226.,0,0,0
WBGene00165227.,0,0,0
WBGene00165228.,0,0,0
WBGene00165229.,0,0,0
WBGene00165230.,0,0,0
WBGene00165231.,0,0,0
WBGene00165232.,0,0,0
WBGene00165233.,0,0,0
WBGene00165234.,0,0,0
WBGene00165235.,0,1,1
WBGene00165236.,0,0,0
WBGene00165237.,0,0,0
WBGene00165238.,0,0,0
WBGene00165239.,0,0,0
WBGene00165240.,0,33,33
WBGene00165241.,0,0,0
WBGene00165242.,0,0,0
WBGene00165243.,0,0,0
WBGene00165244.,0,1,1
WBGene00165245.,0,0,0
WBGene00165246.,0,0,0
WBGene00165247.,0,0,0
WBGene00165248.,0,0,0
WBGene00165249.,0,0,0
WBGene00165250.,0,0,0
WBGene00165251.,0,0,0
WBGene00165252.,0,0,0
WBGene00165253.,0,0,0
WBGene00165254.,0,0,0
WBGene00165255.,0,0,0
WBGene00165256.,0,0,0
WBGene00165257.,0,0,0
WBGene00165258.,0,0,0
WBGene00165259.,0,0,0
WBGene00165260.,0,0,0
WBGene00165261.,0,0,0
WBGene00165262.,0,0,0
WBGene00165263.,0,0,0
WBGene00165264.,0,0,0
WBGene00165265.,0,0,0
WBGene00165266.,0,0,0
WBGene00165267.,0,0,0
WBGene00165268.,0,0,0
WBGene00165269.,0,2,2
WBGene00165270.,0,0,0
WBGene00165271.,0,0,0
WBGene00165272.,0,0,0
WBGene00165273.,0,0,0
WBGene00165274.,0,0,0
WBGene00165275.,0,0,0
WBGene00165276.,0,0,0
WBGene00165277.,0,0,0
WBGene00165278.,0,0,0
WBGene00165279.,0,0,0
WBGene00165280.,0,0,0
WBGene00165281.,0,0,0
WBGene00165282.,0,0,0
WBGene00165283.,0,0,0
WBGene00165284.,0,0,0
WBGene00165285.,0,0,0
WBGene00165286.,0,0,0
WBGene00165287.,0,0,0
WBGene00165288.,0,0,0
WBGene00165289.,0,0,0
WBGene00165290.,0,0,0
WBGene00165291.,0,0,0
WBGene00165292.,0,0,0
WBGene00165293.,0,0,0
WBGene00165294.,0,0,0
WBGene00165295.,0,0,0
WBGene00165296.,0,0,0
WBGene00165297.,0,0,0
WBGene00165298.,0,0,0
WBGene00165299.,0,0,0
WBGene00165300.,0,0,0
WBGene00165301.,0,0,0
WBGene00165302.,0,0,0
WBGene00165303.,0,1,1
WBGene00165304.,0,0,0
WBGene00165305.,0,0,0
WBGene00165306.,0,0,0
WBGene00165307.,0,0,0
WBGene00165308.,0,0,0
WBGene00165309.,0,0,0
WBGene00165310.,0,0,0
WBGene00165311.,0,0,0
WBGene00165312.,0,0,0
WBGene00165313.,0,0,0
WBGene00165314.,0,0,0
WBGene00165315.,0,0,0
WBGene00165316.,0,0,0
WBGene00165317.,0,0,0
WBGene00165318.,0,0,0
WBGene00165319.,0,0,0
WBGene00165320.,0,0,0
WBGene00165321.,0,0,0
WBGene00165322.,0,1,1
WBGene00165323.,0,0,0
WBGene00165324.,0,1,1
WBGene00165325.,0,1,1
WBGene00165326.,0,0,0
WBGene00165327.,0,0,0
WBGene00165328.,0,0,0
WBGene00165329.,0,0,0
WBGene00165330.,0,0,0
WBGene00165331.,0,0,0
WBGene00165332.,0,0,0
WBGene00165333.,0,0,0
WBGene00165334.,0,0,0
WBGene00165335.,0,0,0
WBGene00165336.,0,0,0
WBGene00165337.,0,0,0
WBGene00165338.,0,0,0
WBGene00165339.,0,0,0
WBGene00165340.,0,0,0
WBGene00165341.,0,0,0
WBGene00165342.,0,0,0
WBGene00165343.,0,0,0
WBGene00165344.,0,7,7
WBGene00165345.,0,0,0
WBGene00165346.,0,0,0
WBGene00165347.,0,0,0
WBGene00165348.,0,1,1
WBGene00165349.,0,1,1
WBGene00165350.,0,4,4
WBGene00165351.,0,0,0
WBGene00165352.,0,0,0
WBGene00165353.,0,0,0
WBGene00165354.,0,1,1
WBGene00165355.,0,0,0
WBGene00165356.,0,0,0
WBGene00165357.,0,0,0
WBGene00165358.,0,0,0
WBGene00165359.,0,0,0
WBGene00165360.,0,0,0
WBGene00165361.,0,0,0
WBGene00165362.,0,0,0
WBGene00165363.,0,0,0
WBGene00165364.,0,2,2
WBGene00165365.,0,0,0
WBGene00165366.,0,0,0
WBGene00165367.,0,0,0
WBGene00165368.,0,0,0
WBGene00165369.,0,0,0
WBGene00165370.,0,0,0
WBGene00165371.,0,0,0
WBGene00165372.,0,0,0
WBGene00165373.,0,8,8
WBGene00165374.,0,0,0
WBGene00165375.,0,0,0
WBGene00165376.,0,3,3
WBGene00165377.,0,0,0
WBGene00165378.,0,0,0
WBGene00165379.,0,7,7
WBGene00165380.,0,0,0
WBGene00165381.,0,0,0
WBGene00165382.,0,2,2
WBGene00165383.,0,0,0
WBGene00165384.,0,0,0
WBGene00165385.,0,0,0
WBGene00165386.,0,0,0
WBGene00165387.,0,0,0
WBGene00165388.,0,0,0
WBGene00165389.,0,0,0
WBGene00165390.,0,0,0
WBGene00165391.,0,0,0
WBGene00165392.,0,0,0
WBGene00165393.,0,0,0
WBGene00165394.,0,0,0
WBGene00165395.,0,1,1
WBGene00165396.,0,0,0
WBGene00165397.,0,0,0
WBGene00165398.,0,0,0
WBGene00165399.,0,0,0
WBGene00165400.,0,1,1
WBGene00165401.,0,0,0
WBGene00165402.,0,0,0
WBGene00165403.,0,0,0
WBGene00165404.,0,0,0
WBGene00165405.,0,0,0
WBGene00165406.,0,0,0
WBGene00165407.,0,0,0
WBGene00165408.,0,0,0
WBGene00165409.,0,0,0
WBGene00165410.,0,0,0
WBGene00165411.,0,0,0
WBGene00165412.,0,0,0
WBGene00165413.,0,0,0
WBGene00165414.,0,0,0
WBGene00165415.,0,0,0
WBGene00165416.,0,0,0
WBGene00165417.,0,0,0
WBGene00165418.,0,1,1
WBGene00165419.,0,0,0
WBGene00165420.,0,0,0
WBGene00165421.,0,0,0
WBGene00165422.,0,0,0
WBGene00165423.,0,0,0
WBGene00165424.,0,0,0
WBGene00165425.,0,0,0
WBGene00165426.,0,1,1
WBGene00165427.,0,0,0
WBGene00165428.,0,0,0
WBGene00165429.,0,0,0
WBGene00165430.,0,0,0
WBGene00165431.,0,0,0
WBGene00165432.,0,0,0
WBGene00165433.,0,0,0
WBGene00165434.,0,0,0
WBGene00165435.,0,0,0
WBGene00165436.,0,0,0
WBGene00165438.,0,0,0
WBGene00165439.,0,0,0
WBGene00165440.,0,0,0
WBGene00165441.,0,0,0
WBGene00165442.,0,0,0
WBGene00165443.,0,0,0
WBGene00165444.,0,0,0
WBGene00165445.,0,0,0
WBGene00165446.,0,0,0
WBGene00165447.,0,0,0
WBGene00165448.,0,0,0
WBGene00165449.,0,0,0
WBGene00165450.,0,0,0
WBGene00165451.,0,0,0
WBGene00165452.,0,0,0
WBGene00165453.,0,0,0
WBGene00165454.,0,0,0
WBGene00165455.,0,0,0
WBGene00165456.,0,0,0
WBGene00165457.,0,0,0
WBGene00165458.,0,0,0
WBGene00165459.,0,0,0
WBGene00165460.,0,0,0
WBGene00165461.,0,0,0
WBGene00165462.,0,2,2
WBGene00165463.,0,0,0
WBGene00165464.,0,2,2
WBGene00165465.,0,0,0
WBGene00165466.,0,0,0
WBGene00165467.,0,0,0
WBGene00165468.,0,0,0
WBGene00165469.,0,0,0
WBGene00165470.,0,0,0
WBGene00165471.,0,0,0
WBGene00165472.,0,0,0
WBGene00165473.,0,0,0
WBGene00165474.,0,0,0
WBGene00165475.,0,0,0
WBGene00165476.,0,0,0
WBGene00165477.,0,0,0
WBGene00165478.,0,0,0
WBGene00165479.,0,1,1
WBGene00165480.,0,0,0
WBGene00165481.,0,0,0
WBGene00165482.,0,0,0
WBGene00165483.,0,0,0
WBGene00165484.,0,0,0
WBGene00165485.,0,0,0
WBGene00165486.,0,3,3
WBGene00165487.,0,0,0
WBGene00165488.,0,0,0
WBGene00165489.,0,0,0
WBGene00165490.,0,0,0
WBGene00165491.,0,0,0
WBGene00165492.,0,0,0
WBGene00165493.,0,0,0
WBGene00165494.,0,0,0
WBGene00165495.,0,0,0
WBGene00165496.,0,0,0
WBGene00165497.,0,0,0
WBGene00165498.,0,1,1
WBGene00165499.,0,1,1
WBGene00165500.,0,0,0
WBGene00165501.,0,0,0
WBGene00165502.,0,0,0
WBGene00165503.,0,0,0
WBGene00165504.,0,0,0
WBGene00165505.,0,0,0
WBGene00165506.,0,0,0
WBGene00165507.,0,0,0
WBGene00165508.,0,0,0
WBGene00165509.,0,0,0
WBGene00165510.,0,0,0
WBGene00165511.,0,0,0
WBGene00165512.,0,0,0
WBGene00165513.,0,14,14
WBGene00165514.,0,0,0
WBGene00165515.,0,3,3
WBGene00165516.,0,0,0
WBGene00165517.,0,0,0
WBGene00165518.,0,0,0
WBGene00165519.,0,3,3
WBGene00165520.,0,0,0
WBGene00165521.,0,0,0
WBGene00165522.,0,0,0
WBGene00165523.,0,0,0
WBGene00165524.,0,0,0
WBGene00165525.,0,0,0
WBGene00165526.,0,0,0
WBGene00165527.,0,0,0
WBGene00165528.,0,0,0
WBGene00165529.,0,0,0
WBGene00165530.,0,0,0
WBGene00165531.,0,0,0
WBGene00165532.,0,0,0
WBGene00165533.,0,0,0
WBGene00165534.,0,0,0
WBGene00165535.,0,0,0
WBGene00165536.,0,0,0
WBGene00165537.,0,0,0
WBGene00165538.,0,2,2
WBGene00165539.,0,0,0
WBGene00165540.,0,0,0
WBGene00165541.,0,0,0
WBGene00165542.,0,5,5
WBGene00165543.,0,0,0
WBGene00165544.,0,1,1
WBGene00165545.,0,0,0
WBGene00165546.,0,0,0
WBGene00165547.,0,0,0
WBGene00165548.,0,0,0
WBGene00165549.,0,0,0
WBGene00165550.,0,0,0
WBGene00165551.,0,0,0
WBGene00165552.,0,0,0
WBGene00165553.,0,0,0
WBGene00165554.,0,0,0
WBGene00165555.,0,0,0
WBGene00165556.,0,0,0
WBGene00165557.,0,0,0
WBGene00165558.,0,190,190
WBGene00165559.,0,0,0
WBGene00165560.,0,0,0
WBGene00165561.,0,0,0
WBGene00165562.,0,0,0
WBGene00165563.,0,0,0
WBGene00165564.,0,0,0
WBGene00165565.,0,0,0
WBGene00165566.,0,5,5
WBGene00165567.,0,0,0
WBGene00165568.,0,0,0
WBGene00165569.,0,0,0
WBGene00165570.,0,0,0
WBGene00165571.,0,0,0
WBGene00165572.,0,0,0
WBGene00165573.,0,1,1
WBGene00165574.,0,0,0
WBGene00165575.,0,0,0
WBGene00165576.,0,0,0
WBGene00165577.,0,0,0
WBGene00165578.,0,0,0
WBGene00165579.,0,0,0
WBGene00165580.,0,0,0
WBGene00165581.,0,0,0
WBGene00165582.,0,1,1
WBGene00165583.,0,0,0
WBGene00165584.,0,0,0
WBGene00165585.,0,0,0
WBGene00165586.,0,0,0
WBGene00165587.,0,0,0
WBGene00165588.,0,0,0
WBGene00165589.,0,0,0
WBGene00165590.,0,0,0
WBGene00165591.,0,0,0
WBGene00165592.,0,0,0
WBGene00165593.,0,0,0
WBGene00165594.,0,0,0
WBGene00165595.,0,0,0
WBGene00165596.,0,0,0
WBGene00165597.,0,0,0
WBGene00165598.,0,0,0
WBGene00165599.,0,0,0
WBGene00165600.,0,0,0
WBGene00165601.,0,0,0
WBGene00165602.,0,0,0
WBGene00165603.,0,0,0
WBGene00165604.,0,0,0
WBGene00165605.,0,2,2
WBGene00165606.,0,0,0
WBGene00165607.,0,0,0
WBGene00165608.,0,0,0
WBGene00165609.,0,7,7
WBGene00165610.,0,0,0
WBGene00165611.,0,0,0
WBGene00165612.,0,0,0
WBGene00165613.,0,0,0
WBGene00165614.,0,0,0
WBGene00165615.,0,0,0
WBGene00165616.,0,0,0
WBGene00165617.,0,0,0
WBGene00165618.,0,0,0
WBGene00165619.,0,0,0
WBGene00165620.,0,1,1
WBGene00165621.,0,0,0
WBGene00165622.,0,0,0
WBGene00165623.,0,0,0
WBGene00165624.,0,0,0
WBGene00165625.,0,0,0
WBGene00165626.,0,0,0
WBGene00165627.,0,0,0
WBGene00165628.,0,0,0
WBGene00165629.,0,0,0
WBGene00165630.,0,0,0
WBGene00165631.,0,0,0
WBGene00165632.,0,0,0
WBGene00165633.,0,0,0
WBGene00165634.,0,0,0
WBGene00165635.,0,0,0
WBGene00165636.,0,0,0
WBGene00165637.,0,0,0
WBGene00165638.,0,0,0
WBGene00165639.,0,0,0
WBGene00165640.,0,0,0
WBGene00165641.,0,0,0
WBGene00165642.,0,1,1
WBGene00165643.,0,0,0
WBGene00165644.,0,0,0
WBGene00165645.,0,0,0
WBGene00165646.,0,0,0
WBGene00165647.,0,0,0
WBGene00165648.,0,0,0
WBGene00165649.,0,2,2
WBGene00165650.,0,0,0
WBGene00165651.,0,0,0
WBGene00165652.,0,0,0
WBGene00165653.,0,0,0
WBGene00165654.,0,3,3
WBGene00165655.,0,0,0
WBGene00165656.,0,0,0
WBGene00165657.,0,0,0
WBGene00165658.,0,0,0
WBGene00165659.,0,0,0
WBGene00165660.,0,0,0
WBGene00165661.,0,0,0
WBGene00165662.,0,0,0
WBGene00165663.,0,0,0
WBGene00165664.,0,0,0
WBGene00165665.,0,0,0
WBGene00165666.,0,4,4
WBGene00165667.,0,0,0
WBGene00165668.,0,0,0
WBGene00165669.,0,0,0
WBGene00165670.,0,0,0
WBGene00165671.,0,0,0
WBGene00165672.,0,0,0
WBGene00165673.,0,0,0
WBGene00165674.,0,0,0
WBGene00165675.,0,0,0
WBGene00165676.,0,0,0
WBGene00165677.,0,0,0
WBGene00165678.,0,0,0
WBGene00165679.,0,0,0
WBGene00165680.,0,0,0
WBGene00165681.,0,0,0
WBGene00165682.,0,0,0
WBGene00165683.,0,0,0
WBGene00165684.,0,0,0
WBGene00165685.,0,0,0
WBGene00165686.,0,0,0
WBGene00165687.,0,4,4
WBGene00165688.,0,0,0
WBGene00165689.,0,0,0
WBGene00165690.,0,0,0
WBGene00165691.,0,0,0
WBGene00165692.,0,0,0
WBGene00165693.,0,0,0
WBGene00165694.,0,0,0
WBGene00165695.,0,0,0
WBGene00165696.,0,0,0
WBGene00165697.,0,0,0
WBGene00165698.,0,0,0
WBGene00165699.,0,3,3
WBGene00165700.,0,1,1
WBGene00165701.,0,0,0
WBGene00165702.,0,0,0
WBGene00165703.,0,0,0
WBGene00165704.,0,0,0
WBGene00165705.,0,8,8
WBGene00165706.,0,0,0
WBGene00165707.,0,0,0
WBGene00165708.,0,0,0
WBGene00165709.,0,0,0
WBGene00165710.,0,0,0
WBGene00165711.,0,0,0
WBGene00165712.,0,0,0
WBGene00165713.,0,0,0
WBGene00165714.,0,0,0
WBGene00165715.,0,0,0
WBGene00165716.,0,0,0
WBGene00165717.,0,0,0
WBGene00165718.,0,1,1
WBGene00165719.,0,0,0
WBGene00165720.,0,0,0
WBGene00165721.,0,0,0
WBGene00165722.,0,1,1
WBGene00165723.,0,0,0
WBGene00165724.,0,0,0
WBGene00165725.,0,0,0
WBGene00165726.,0,0,0
WBGene00165727.,0,0,0
WBGene00165728.,0,0,0
WBGene00165729.,0,0,0
WBGene00165730.,0,0,0
WBGene00165731.,0,0,0
WBGene00165732.,0,0,0
WBGene00165733.,0,0,0
WBGene00165734.,0,17,17
WBGene00165735.,0,0,0
WBGene00165736.,0,0,0
WBGene00165737.,0,0,0
WBGene00165738.,0,0,0
WBGene00165739.,0,0,0
WBGene00165740.,0,0,0
WBGene00165741.,0,0,0
WBGene00165742.,0,0,0
WBGene00165743.,0,0,0
WBGene00165744.,0,0,0
WBGene00165745.,0,0,0
WBGene00165746.,0,0,0
WBGene00165747.,0,0,0
WBGene00165748.,0,1,1
WBGene00165749.,0,0,0
WBGene00165750.,0,0,0
WBGene00165751.,0,0,0
WBGene00165752.,0,1,1
WBGene00165753.,0,2,2
WBGene00165754.,0,0,0
WBGene00165755.,0,0,0
WBGene00165756.,0,0,0
WBGene00165757.,0,0,0
WBGene00165758.,0,0,0
WBGene00165759.,0,0,0
WBGene00165760.,0,0,0
WBGene00165761.,0,0,0
WBGene00165762.,0,0,0
WBGene00165763.,0,0,0
WBGene00165764.,0,0,0
WBGene00165765.,0,0,0
WBGene00165766.,0,0,0
WBGene00165767.,0,0,0
WBGene00165768.,0,0,0
WBGene00165769.,0,0,0
WBGene00165770.,0,0,0
WBGene00165771.,0,0,0
WBGene00165772.,0,0,0
WBGene00165773.,0,1,1
WBGene00165774.,0,1,1
WBGene00165775.,0,0,0
WBGene00165776.,0,0,0
WBGene00165777.,0,0,0
WBGene00165778.,0,0,0
WBGene00165779.,0,2,2
WBGene00165780.,0,0,0
WBGene00165781.,0,0,0
WBGene00165782.,0,0,0
WBGene00165783.,0,0,0
WBGene00165784.,0,0,0
WBGene00165785.,0,0,0
WBGene00165786.,0,0,0
WBGene00165787.,0,0,0
WBGene00165788.,0,0,0
WBGene00165789.,0,0,0
WBGene00165790.,0,0,0
WBGene00165791.,0,0,0
WBGene00165792.,0,0,0
WBGene00165793.,0,0,0
WBGene00165794.,0,0,0
WBGene00165795.,0,0,0
WBGene00165796.,0,0,0
WBGene00165797.,0,0,0
WBGene00165798.,0,0,0
WBGene00165799.,0,0,0
WBGene00165800.,0,0,0
WBGene00165801.,0,0,0
WBGene00165802.,0,0,0
WBGene00165803.,0,0,0
WBGene00165804.,0,0,0
WBGene00165805.,0,1,1
WBGene00165806.,0,0,0
WBGene00165807.,0,0,0
WBGene00165808.,0,0,0
WBGene00165809.,0,0,0
WBGene00165810.,0,0,0
WBGene00165811.,0,0,0
WBGene00165812.,0,0,0
WBGene00165813.,0,0,0
WBGene00165814.,0,0,0
WBGene00165815.,0,0,0
WBGene00165816.,0,0,0
WBGene00165817.,0,0,0
WBGene00165818.,0,0,0
WBGene00165819.,0,0,0
WBGene00165820.,0,0,0
WBGene00165821.,0,0,0
WBGene00165822.,0,0,0
WBGene00165823.,0,0,0
WBGene00165824.,0,0,0
WBGene00165825.,0,0,0
WBGene00165826.,0,1,1
WBGene00165827.,0,0,0
WBGene00165828.,0,0,0
WBGene00165829.,0,0,0
WBGene00165830.,0,2,2
WBGene00165831.,0,0,0
WBGene00165832.,0,0,0
WBGene00165833.,0,0,0
WBGene00165834.,0,0,0
WBGene00165835.,0,1,1
WBGene00165836.,0,0,0
WBGene00165837.,0,0,0
WBGene00165838.,0,0,0
WBGene00165839.,0,1,1
WBGene00165840.,0,0,0
WBGene00165841.,0,0,0
WBGene00165842.,0,1,1
WBGene00165843.,0,0,0
WBGene00165844.,0,0,0
WBGene00165845.,0,0,0
WBGene00165846.,0,0,0
WBGene00165847.,0,0,0
WBGene00165848.,0,0,0
WBGene00165849.,0,0,0
WBGene00165850.,0,0,0
WBGene00165851.,0,0,0
WBGene00165852.,0,0,0
WBGene00165853.,0,0,0
WBGene00165854.,0,1,1
WBGene00165855.,0,0,0
WBGene00165856.,0,0,0
WBGene00165857.,0,0,0
WBGene00165858.,0,0,0
WBGene00165859.,0,1,1
WBGene00165860.,0,0,0
WBGene00165861.,0,0,0
WBGene00165862.,0,0,0
WBGene00165863.,0,0,0
WBGene00165864.,0,0,0
WBGene00165865.,0,1,1
WBGene00165866.,0,0,0
WBGene00165867.,0,0,0
WBGene00165868.,0,0,0
WBGene00165869.,0,0,0
WBGene00165870.,0,0,0
WBGene00165871.,0,0,0
WBGene00165872.,0,0,0
WBGene00165873.,0,0,0
WBGene00165874.,0,0,0
WBGene00165875.,0,0,0
WBGene00165876.,0,0,0
WBGene00165877.,0,0,0
WBGene00165878.,0,0,0
WBGene00165879.,0,0,0
WBGene00165880.,0,0,0
WBGene00165881.,0,3,3
WBGene00165882.,0,0,0
WBGene00165883.,0,0,0
WBGene00165884.,0,0,0
WBGene00165885.,0,0,0
WBGene00165886.,0,0,0
WBGene00165887.,0,0,0
WBGene00165888.,0,0,0
WBGene00165889.,0,4,4
WBGene00165890.,0,0,0
WBGene00165891.,0,0,0
WBGene00165892.,0,1,1
WBGene00165893.,0,1,1
WBGene00165894.,0,0,0
WBGene00165895.,0,0,0
WBGene00165896.,0,0,0
WBGene00165897.,0,0,0
WBGene00165898.,0,0,0
WBGene00165899.,0,1,1
WBGene00165900.,0,0,0
WBGene00165901.,0,0,0
WBGene00165902.,0,0,0
WBGene00165903.,0,0,0
WBGene00165904.,0,0,0
WBGene00165905.,0,0,0
WBGene00165906.,0,0,0
WBGene00165907.,0,1,1
WBGene00165908.,0,0,0
WBGene00165909.,0,0,0
WBGene00165910.,0,1,1
WBGene00165911.,0,0,0
WBGene00165912.,0,0,0
WBGene00165913.,0,0,0
WBGene00165914.,0,0,0
WBGene00165915.,0,0,0
WBGene00165916.,0,0,0
WBGene00165917.,0,0,0
WBGene00165918.,0,0,0
WBGene00165919.,0,0,0
WBGene00165920.,0,0,0
WBGene00165921.,0,0,0
WBGene00165922.,0,0,0
WBGene00165923.,0,0,0
WBGene00165924.,0,0,0
WBGene00165925.,0,0,0
WBGene00165926.,0,0,0
WBGene00165927.,0,0,0
WBGene00165928.,0,0,0
WBGene00165929.,0,0,0
WBGene00165930.,0,0,0
WBGene00165931.,0,0,0
WBGene00165932.,0,1,1
WBGene00165933.,0,0,0
WBGene00165934.,0,0,0
WBGene00165935.,0,0,0
WBGene00165936.,0,2,2
WBGene00165937.,0,0,0
WBGene00165938.,0,0,0
WBGene00165939.,0,1,1
WBGene00165940.,0,0,0
WBGene00165941.,0,0,0
WBGene00165942.,0,0,0
WBGene00165943.,0,0,0
WBGene00165944.,0,0,0
WBGene00165945.,0,1,1
WBGene00165946.,0,0,0
WBGene00165947.,0,20,20
WBGene00165948.,0,0,0
WBGene00165949.,0,20,20
WBGene00165950.,0,0,0
WBGene00165951.,0,0,0
WBGene00165952.,0,0,0
WBGene00165953.,0,0,0
WBGene00165954.,0,0,0
WBGene00165955.,0,0,0
WBGene00165956.,0,7,7
WBGene00165957.,0,0,0
WBGene00165958.,0,1,1
WBGene00165959.,0,0,0
WBGene00165960.,0,0,0
WBGene00165961.,0,1,1
WBGene00165962.,0,0,0
WBGene00165963.,0,1,1
WBGene00165964.,0,0,0
WBGene00165965.,0,0,0
WBGene00165966.,0,0,0
WBGene00165967.,0,0,0
WBGene00165968.,0,0,0
WBGene00165969.,0,0,0
WBGene00165970.,0,0,0
WBGene00165971.,0,0,0
WBGene00165972.,0,0,0
WBGene00165973.,0,0,0
WBGene00165974.,0,0,0
WBGene00165975.,0,0,0
WBGene00165976.,0,0,0
WBGene00165977.,0,0,0
WBGene00165978.,0,0,0
WBGene00165979.,0,0,0
WBGene00165980.,0,0,0
WBGene00165981.,0,0,0
WBGene00165982.,0,0,0
WBGene00165983.,0,0,0
WBGene00165984.,0,0,0
WBGene00165985.,0,0,0
WBGene00165986.,0,0,0
WBGene00165987.,0,2,2
WBGene00165988.,0,0,0
WBGene00165989.,0,0,0
WBGene00165990.,0,31,31
WBGene00165991.,0,0,0
WBGene00165992.,0,0,0
WBGene00165993.,0,0,0
WBGene00165994.,0,0,0
WBGene00165995.,0,0,0
WBGene00165996.,0,0,0
WBGene00165997.,0,0,0
WBGene00165998.,0,0,0
WBGene00165999.,0,0,0
WBGene00166000.,0,0,0
WBGene00166001.,0,0,0
WBGene00166002.,0,0,0
WBGene00166003.,0,0,0
WBGene00166004.,0,0,0
WBGene00166005.,0,0,0
WBGene00166006.,0,0,0
WBGene00166007.,0,0,0
WBGene00166008.,0,0,0
WBGene00166009.,0,0,0
WBGene00166010.,0,0,0
WBGene00166011.,0,0,0
WBGene00166012.,0,0,0
WBGene00166013.,0,0,0
WBGene00166014.,0,0,0
WBGene00166015.,0,0,0
WBGene00166016.,0,0,0
WBGene00166017.,0,0,0
WBGene00166018.,0,0,0
WBGene00166019.,0,0,0
WBGene00166020.,0,1,1
WBGene00166021.,0,0,0
WBGene00166022.,0,0,0
WBGene00166023.,0,0,0
WBGene00166024.,0,0,0
WBGene00166025.,0,0,0
WBGene00166026.,0,0,0
WBGene00166027.,0,0,0
WBGene00166028.,0,0,0
WBGene00166029.,0,0,0
WBGene00166030.,0,0,0
WBGene00166031.,0,0,0
WBGene00166032.,0,0,0
WBGene00166033.,0,0,0
WBGene00166034.,0,0,0
WBGene00166035.,0,0,0
WBGene00166036.,0,0,0
WBGene00166037.,0,0,0
WBGene00166038.,0,0,0
WBGene00166039.,0,0,0
WBGene00166040.,0,0,0
WBGene00166041.,0,52,52
WBGene00166042.,0,0,0
WBGene00166043.,0,0,0
WBGene00166044.,0,0,0
WBGene00166045.,0,0,0
WBGene00166046.,0,0,0
WBGene00166047.,0,2,2
WBGene00166048.,0,0,0
WBGene00166049.,0,0,0
WBGene00166050.,0,0,0
WBGene00166051.,0,1,1
WBGene00166052.,0,0,0
WBGene00166053.,0,0,0
WBGene00166054.,0,0,0
WBGene00166055.,0,0,0
WBGene00166057.,0,0,0
WBGene00166058.,0,1,1
WBGene00166059.,0,0,0
WBGene00166060.,0,0,0
WBGene00166062.,0,0,0
WBGene00166063.,0,0,0
WBGene00166064.,0,0,0
WBGene00166065.,0,0,0
WBGene00166066.,0,0,0
WBGene00166067.,0,0,0
WBGene00166068.,0,0,0
WBGene00166069.,0,0,0
WBGene00166070.,0,0,0
WBGene00166071.,0,0,0
WBGene00166072.,0,0,0
WBGene00166073.,0,0,0
WBGene00166074.,0,0,0
WBGene00166075.,0,0,0
WBGene00166076.,0,0,0
WBGene00166077.,0,0,0
WBGene00166078.,0,0,0
WBGene00166079.,0,0,0
WBGene00166080.,0,0,0
WBGene00166081.,0,0,0
WBGene00166082.,0,0,0
WBGene00166083.,0,0,0
WBGene00166084.,0,1,1
WBGene00166085.,0,0,0
WBGene00166086.,0,0,0
WBGene00166087.,0,0,0
WBGene00166088.,0,0,0
WBGene00166089.,0,0,0
WBGene00166090.,0,0,0
WBGene00166091.,0,0,0
WBGene00166092.,0,0,0
WBGene00166093.,0,12,12
WBGene00166094.,0,0,0
WBGene00166095.,0,0,0
WBGene00166096.,0,0,0
WBGene00166097.,0,1,1
WBGene00166098.,0,0,0
WBGene00166099.,0,1,1
WBGene00166100.,0,12,12
WBGene00166101.,0,0,0
WBGene00166102.,0,0,0
WBGene00166103.,0,0,0
WBGene00166104.,0,0,0
WBGene00166105.,0,8,8
WBGene00166106.,0,0,0
WBGene00166107.,0,0,0
WBGene00166108.,0,0,0
WBGene00166109.,0,0,0
WBGene00166110.,0,0,0
WBGene00166111.,0,0,0
WBGene00166112.,0,0,0
WBGene00166113.,0,0,0
WBGene00166114.,0,0,0
WBGene00166115.,0,0,0
WBGene00166116.,0,0,0
WBGene00166117.,0,0,0
WBGene00166118.,0,0,0
WBGene00166119.,0,0,0
WBGene00166120.,0,0,0
WBGene00166121.,0,0,0
WBGene00166122.,0,0,0
WBGene00166123.,0,0,0
WBGene00166124.,0,0,0
WBGene00166125.,0,0,0
WBGene00166126.,0,0,0
WBGene00166127.,0,0,0
WBGene00166128.,0,0,0
WBGene00166129.,0,0,0
WBGene00166130.,0,0,0
WBGene00166131.,0,0,0
WBGene00166132.,0,0,0
WBGene00166133.,0,0,0
WBGene00166134.,0,0,0
WBGene00166135.,0,1,1
WBGene00166136.,0,0,0
WBGene00166137.,0,0,0
WBGene00166138.,0,0,0
WBGene00166139.,0,0,0
WBGene00166140.,0,0,0
WBGene00166141.,0,1,1
WBGene00166142.,0,0,0
WBGene00166143.,0,1,1
WBGene00166144.,0,0,0
WBGene00166145.,0,0,0
WBGene00166146.,0,0,0
WBGene00166147.,0,0,0
WBGene00166148.,0,0,0
WBGene00166149.,0,0,0
WBGene00166150.,0,0,0
WBGene00166151.,0,0,0
WBGene00166152.,0,0,0
WBGene00166153.,0,0,0
WBGene00166154.,0,0,0
WBGene00166155.,0,0,0
WBGene00166156.,0,3,3
WBGene00166157.,0,0,0
WBGene00166158.,0,0,0
WBGene00166159.,0,0,0
WBGene00166160.,0,7,7
WBGene00166161.,0,0,0
WBGene00166162.,0,0,0
WBGene00166163.,0,0,0
WBGene00166164.,0,3,3
WBGene00166165.,0,0,0
WBGene00166166.,0,0,0
WBGene00166167.,0,0,0
WBGene00166168.,0,0,0
WBGene00166169.,0,0,0
WBGene00166170.,0,0,0
WBGene00166171.,0,0,0
WBGene00166172.,0,0,0
WBGene00166173.,0,0,0
WBGene00166174.,0,1,1
WBGene00166175.,0,1,1
WBGene00166176.,0,1,1
WBGene00166177.,0,0,0
WBGene00166178.,0,0,0
WBGene00166179.,0,0,0
WBGene00166180.,0,0,0
WBGene00166181.,0,0,0
WBGene00166182.,0,0,0
WBGene00166183.,0,0,0
WBGene00166184.,0,0,0
WBGene00166185.,0,0,0
WBGene00166186.,0,0,0
WBGene00166187.,0,0,0
WBGene00166188.,0,0,0
WBGene00166189.,0,0,0
WBGene00166190.,0,0,0
WBGene00166191.,0,0,0
WBGene00166192.,0,4,4
WBGene00166193.,0,0,0
WBGene00166194.,0,0,0
WBGene00166195.,0,0,0
WBGene00166196.,0,0,0
WBGene00166197.,0,0,0
WBGene00166198.,0,0,0
WBGene00166199.,0,0,0
WBGene00166200.,0,0,0
WBGene00166201.,0,0,0
WBGene00166202.,0,0,0
WBGene00166203.,0,1,1
WBGene00166204.,0,0,0
WBGene00166205.,0,2,2
WBGene00166206.,0,0,0
WBGene00166207.,0,0,0
WBGene00166208.,0,0,0
WBGene00166209.,0,0,0
WBGene00166210.,0,0,0
WBGene00166211.,0,0,0
WBGene00166212.,0,0,0
WBGene00166213.,0,0,0
WBGene00166214.,0,0,0
WBGene00166215.,0,0,0
WBGene00166216.,0,0,0
WBGene00166217.,0,0,0
WBGene00166218.,0,0,0
WBGene00166219.,0,0,0
WBGene00166220.,0,0,0
WBGene00166221.,0,0,0
WBGene00166222.,0,0,0
WBGene00166223.,0,0,0
WBGene00166224.,0,1,1
WBGene00166225.,0,0,0
WBGene00166226.,0,0,0
WBGene00166227.,0,0,0
WBGene00166228.,0,0,0
WBGene00166229.,0,0,0
WBGene00166230.,0,0,0
WBGene00166231.,0,0,0
WBGene00166232.,0,0,0
WBGene00166233.,0,0,0
WBGene00166234.,0,1,1
WBGene00166235.,0,0,0
WBGene00166236.,0,0,0
WBGene00166237.,0,2,2
WBGene00166238.,0,0,0
WBGene00166239.,0,0,0
WBGene00166240.,0,0,0
WBGene00166241.,0,1,1
WBGene00166242.,0,0,0
WBGene00166243.,0,0,0
WBGene00166244.,0,0,0
WBGene00166245.,0,0,0
WBGene00166246.,0,0,0
WBGene00166247.,0,0,0
WBGene00166248.,0,2,2
WBGene00166249.,0,0,0
WBGene00166250.,0,0,0
WBGene00166251.,0,0,0
WBGene00166252.,0,0,0
WBGene00166253.,0,0,0
WBGene00166254.,0,0,0
WBGene00166255.,0,0,0
WBGene00166256.,0,0,0
WBGene00166257.,0,0,0
WBGene00166258.,0,0,0
WBGene00166259.,0,1,1
WBGene00166260.,0,0,0
WBGene00166261.,0,0,0
WBGene00166262.,0,0,0
WBGene00166263.,0,0,0
WBGene00166264.,0,0,0
WBGene00166265.,0,0,0
WBGene00166266.,0,0,0
WBGene00166267.,0,0,0
WBGene00166268.,0,0,0
WBGene00166269.,0,0,0
WBGene00166270.,0,0,0
WBGene00166271.,0,0,0
WBGene00166272.,0,0,0
WBGene00166273.,0,0,0
WBGene00166274.,0,0,0
WBGene00166275.,0,0,0
WBGene00166276.,0,0,0
WBGene00166277.,0,0,0
WBGene00166278.,0,0,0
WBGene00166279.,0,0,0
WBGene00166280.,0,0,0
WBGene00166281.,0,1,1
WBGene00166282.,0,0,0
WBGene00166283.,0,0,0
WBGene00166284.,0,0,0
WBGene00166285.,0,0,0
WBGene00166286.,0,0,0
WBGene00166287.,0,0,0
WBGene00166288.,0,0,0
WBGene00166289.,0,2,2
WBGene00166290.,0,0,0
WBGene00166291.,0,0,0
WBGene00166292.,0,0,0
WBGene00166293.,0,0,0
WBGene00166294.,0,0,0
WBGene00166295.,0,0,0
WBGene00166296.,0,1,1
WBGene00166297.,0,0,0
WBGene00166298.,0,0,0
WBGene00166299.,0,0,0
WBGene00166300.,0,2,2
WBGene00166301.,0,0,0
WBGene00166302.,0,0,0
WBGene00166303.,0,0,0
WBGene00166304.,0,0,0
WBGene00166305.,0,2,2
WBGene00166306.,0,0,0
WBGene00166307.,0,0,0
WBGene00166308.,0,0,0
WBGene00166309.,0,0,0
WBGene00166310.,0,0,0
WBGene00166311.,0,0,0
WBGene00166312.,0,0,0
WBGene00166313.,0,0,0
WBGene00166314.,0,0,0
WBGene00166315.,0,0,0
WBGene00166316.,0,0,0
WBGene00166317.,0,0,0
WBGene00166318.,0,0,0
WBGene00166319.,0,0,0
WBGene00166320.,0,0,0
WBGene00166321.,0,0,0
WBGene00166322.,0,0,0
WBGene00166323.,0,0,0
WBGene00166324.,0,0,0
WBGene00166325.,0,0,0
WBGene00166326.,0,0,0
WBGene00166327.,0,0,0
WBGene00166328.,0,0,0
WBGene00166329.,0,0,0
WBGene00166330.,0,0,0
WBGene00166331.,0,0,0
WBGene00166332.,0,1,1
WBGene00166333.,0,0,0
WBGene00166334.,0,0,0
WBGene00166335.,0,0,0
WBGene00166336.,0,0,0
WBGene00166337.,0,0,0
WBGene00166338.,0,0,0
WBGene00166339.,0,3,3
WBGene00166340.,0,0,0
WBGene00166341.,0,0,0
WBGene00166342.,0,0,0
WBGene00166343.,0,0,0
WBGene00166344.,0,0,0
WBGene00166345.,0,0,0
WBGene00166346.,0,0,0
WBGene00166347.,0,0,0
WBGene00166348.,0,0,0
WBGene00166349.,0,0,0
WBGene00166350.,0,0,0
WBGene00166351.,0,0,0
WBGene00166352.,0,0,0
WBGene00166353.,0,0,0
WBGene00166354.,0,0,0
WBGene00166355.,0,0,0
WBGene00166356.,0,0,0
WBGene00166357.,0,0,0
WBGene00166358.,0,0,0
WBGene00166359.,0,0,0
WBGene00166360.,0,0,0
WBGene00166361.,0,0,0
WBGene00166362.,0,0,0
WBGene00166363.,0,0,0
WBGene00166364.,0,0,0
WBGene00166365.,0,1,1
WBGene00166366.,0,1,1
WBGene00166367.,0,0,0
WBGene00166368.,0,0,0
WBGene00166369.,0,0,0
WBGene00166370.,0,0,0
WBGene00166371.,0,0,0
WBGene00166372.,0,0,0
WBGene00166373.,0,0,0
WBGene00166374.,0,3,3
WBGene00166375.,0,0,0
WBGene00166376.,0,0,0
WBGene00166377.,0,0,0
WBGene00166378.,0,0,0
WBGene00166379.,0,0,0
WBGene00166380.,0,0,0
WBGene00166381.,0,0,0
WBGene00166382.,0,0,0
WBGene00166383.,0,0,0
WBGene00166384.,0,0,0
WBGene00166385.,0,0,0
WBGene00166386.,0,0,0
WBGene00166387.,0,0,0
WBGene00166388.,0,0,0
WBGene00166389.,0,1,1
WBGene00166390.,0,0,0
WBGene00166391.,0,0,0
WBGene00166392.,0,0,0
WBGene00166393.,0,0,0
WBGene00166394.,0,0,0
WBGene00166395.,0,0,0
WBGene00166396.,0,0,0
WBGene00166397.,0,1,1
WBGene00166398.,0,0,0
WBGene00166399.,0,0,0
WBGene00166400.,0,0,0
WBGene00166401.,0,0,0
WBGene00166402.,0,0,0
WBGene00166403.,0,0,0
WBGene00166404.,0,0,0
WBGene00166405.,0,0,0
WBGene00166406.,0,0,0
WBGene00166407.,0,0,0
WBGene00166408.,0,0,0
WBGene00166409.,0,0,0
WBGene00166410.,0,1,1
WBGene00166411.,0,0,0
WBGene00166412.,0,3,3
WBGene00166413.,0,0,0
WBGene00166414.,0,0,0
WBGene00166415.,0,0,0
WBGene00166416.,0,0,0
WBGene00166417.,0,0,0
WBGene00166418.,0,0,0
WBGene00166419.,0,0,0
WBGene00166420.,0,0,0
WBGene00166421.,0,0,0
WBGene00166422.,0,0,0
WBGene00166423.,0,0,0
WBGene00166424.,0,0,0
WBGene00166425.,0,0,0
WBGene00166426.,0,0,0
WBGene00166427.,0,0,0
WBGene00166428.,0,0,0
WBGene00166429.,0,1,1
WBGene00166430.,0,0,0
WBGene00166431.,0,0,0
WBGene00166432.,0,0,0
WBGene00166433.,0,0,0
WBGene00166434.,0,0,0
WBGene00166435.,0,0,0
WBGene00166436.,0,0,0
WBGene00166437.,0,0,0
WBGene00166438.,0,1,1
WBGene00166439.,0,0,0
WBGene00166440.,0,0,0
WBGene00166441.,0,0,0
WBGene00166442.,0,0,0
WBGene00166443.,0,0,0
WBGene00166444.,0,0,0
WBGene00166445.,0,0,0
WBGene00166446.,0,1,1
WBGene00166447.,0,0,0
WBGene00166448.,0,0,0
WBGene00166449.,0,4,4
WBGene00166450.,0,0,0
WBGene00166451.,0,0,0
WBGene00166452.,0,0,0
WBGene00166453.,0,0,0
WBGene00166454.,0,0,0
WBGene00166455.,0,0,0
WBGene00166456.,0,0,0
WBGene00166457.,0,0,0
WBGene00166458.,0,0,0
WBGene00166459.,0,0,0
WBGene00166460.,0,0,0
WBGene00166461.,0,0,0
WBGene00166462.,0,1,1
WBGene00166463.,0,0,0
WBGene00166464.,0,0,0
WBGene00166465.,0,3,3
WBGene00166466.,0,0,0
WBGene00166467.,0,0,0
WBGene00166468.,0,0,0
WBGene00166469.,0,0,0
WBGene00166470.,0,0,0
WBGene00166471.,0,1,1
WBGene00166472.,0,0,0
WBGene00166473.,0,0,0
WBGene00166474.,0,0,0
WBGene00166475.,0,0,0
WBGene00166476.,0,0,0
WBGene00166477.,0,3,3
WBGene00166478.,0,0,0
WBGene00166479.,0,0,0
WBGene00166480.,0,0,0
WBGene00166481.,0,0,0
WBGene00166482.,0,0,0
WBGene00166483.,0,0,0
WBGene00166484.,0,1,1
WBGene00166485.,0,0,0
WBGene00166486.,0,0,0
WBGene00166487.,0,0,0
WBGene00166488.,0,0,0
WBGene00166489.,0,0,0
WBGene00166490.,0,0,0
WBGene00166491.,0,0,0
WBGene00166492.,0,0,0
WBGene00166493.,0,0,0
WBGene00166494.,0,0,0
WBGene00166495.,0,0,0
WBGene00166496.,0,1,1
WBGene00166497.,0,0,0
WBGene00166498.,0,0,0
WBGene00166499.,0,0,0
WBGene00166500.,0,0,0
WBGene00166501.,0,0,0
WBGene00166502.,0,0,0
WBGene00166503.,0,0,0
WBGene00166504.,0,0,0
WBGene00166505.,0,0,0
WBGene00166506.,0,0,0
WBGene00166507.,0,0,0
WBGene00166508.,0,0,0
WBGene00166509.,0,0,0
WBGene00166510.,0,0,0
WBGene00166511.,0,0,0
WBGene00166512.,0,0,0
WBGene00166513.,0,0,0
WBGene00166514.,0,0,0
WBGene00166515.,0,0,0
WBGene00166516.,0,0,0
WBGene00166517.,0,0,0
WBGene00166518.,0,0,0
WBGene00166519.,0,0,0
WBGene00166520.,0,0,0
WBGene00166521.,0,0,0
WBGene00166522.,0,0,0
WBGene00166523.,0,0,0
WBGene00166524.,0,0,0
WBGene00166525.,0,0,0
WBGene00166526.,0,0,0
WBGene00166527.,0,0,0
WBGene00166528.,0,0,0
WBGene00166529.,0,0,0
WBGene00166530.,0,0,0
WBGene00166531.,0,0,0
WBGene00166532.,0,1,1
WBGene00166533.,0,0,0
WBGene00166534.,0,0,0
WBGene00166535.,0,0,0
WBGene00166536.,0,0,0
WBGene00166537.,0,0,0
WBGene00166538.,0,0,0
WBGene00166539.,0,10,10
WBGene00166540.,0,0,0
WBGene00166541.,0,0,0
WBGene00166542.,0,0,0
WBGene00166543.,0,2,2
WBGene00166544.,0,0,0
WBGene00166545.,0,0,0
WBGene00166546.,0,1,1
WBGene00166547.,0,0,0
WBGene00166548.,0,0,0
WBGene00166549.,0,0,0
WBGene00166550.,0,0,0
WBGene00166551.,0,0,0
WBGene00166552.,0,0,0
WBGene00166553.,0,0,0
WBGene00166554.,0,0,0
WBGene00166555.,0,0,0
WBGene00166556.,0,0,0
WBGene00166557.,0,0,0
WBGene00166558.,0,0,0
WBGene00166559.,0,0,0
WBGene00166560.,0,0,0
WBGene00166561.,0,0,0
WBGene00166562.,0,3,3
WBGene00166563.,0,0,0
WBGene00166564.,0,0,0
WBGene00166565.,0,0,0
WBGene00166566.,0,0,0
WBGene00166567.,0,0,0
WBGene00166568.,0,0,0
WBGene00166569.,0,0,0
WBGene00166570.,0,0,0
WBGene00166571.,0,0,0
WBGene00166572.,0,0,0
WBGene00166573.,0,0,0
WBGene00166574.,0,0,0
WBGene00166575.,0,0,0
WBGene00166576.,0,0,0
WBGene00166577.,0,0,0
WBGene00166578.,0,0,0
WBGene00166579.,0,0,0
WBGene00166580.,0,0,0
WBGene00166581.,0,2,2
WBGene00166582.,0,0,0
WBGene00166583.,0,0,0
WBGene00166584.,0,0,0
WBGene00166585.,0,0,0
WBGene00166586.,0,0,0
WBGene00166587.,0,0,0
WBGene00166588.,0,0,0
WBGene00166589.,0,0,0
WBGene00166590.,0,0,0
WBGene00166591.,0,0,0
WBGene00166592.,0,0,0
WBGene00166593.,0,1,1
WBGene00166594.,0,0,0
WBGene00166595.,0,0,0
WBGene00166596.,0,0,0
WBGene00166597.,0,0,0
WBGene00166598.,0,0,0
WBGene00166599.,0,0,0
WBGene00166600.,0,0,0
WBGene00166601.,0,0,0
WBGene00166602.,0,0,0
WBGene00166603.,0,0,0
WBGene00166604.,0,0,0
WBGene00166605.,0,0,0
WBGene00166606.,0,0,0
WBGene00166607.,0,0,0
WBGene00166608.,0,0,0
WBGene00166609.,0,1,1
WBGene00166610.,0,0,0
WBGene00166611.,0,0,0
WBGene00166612.,0,1,1
WBGene00166613.,0,0,0
WBGene00166614.,0,0,0
WBGene00166615.,0,0,0
WBGene00166616.,0,0,0
WBGene00166617.,0,0,0
WBGene00166618.,0,0,0
WBGene00166619.,0,0,0
WBGene00166620.,0,0,0
WBGene00166621.,0,0,0
WBGene00166622.,0,0,0
WBGene00166623.,0,1,1
WBGene00166624.,0,0,0
WBGene00166625.,0,0,0
WBGene00166626.,0,0,0
WBGene00166627.,0,0,0
WBGene00166628.,0,0,0
WBGene00166629.,0,0,0
WBGene00166630.,0,0,0
WBGene00166631.,0,0,0
WBGene00166632.,0,0,0
WBGene00166633.,0,0,0
WBGene00166634.,0,0,0
WBGene00166635.,0,0,0
WBGene00166636.,0,0,0
WBGene00166637.,0,0,0
WBGene00166638.,0,0,0
WBGene00166639.,0,0,0
WBGene00166640.,0,0,0
WBGene00166641.,0,0,0
WBGene00166642.,0,1,1
WBGene00166643.,0,0,0
WBGene00166644.,0,0,0
WBGene00166645.,0,0,0
WBGene00166646.,0,0,0
WBGene00166647.,0,0,0
WBGene00166648.,0,0,0
WBGene00166649.,0,0,0
WBGene00166650.,0,0,0
WBGene00166651.,0,0,0
WBGene00166652.,0,0,0
WBGene00166653.,0,0,0
WBGene00166654.,0,0,0
WBGene00166655.,0,0,0
WBGene00166656.,0,0,0
WBGene00166657.,0,0,0
WBGene00166658.,0,0,0
WBGene00166659.,0,0,0
WBGene00166660.,0,0,0
WBGene00166661.,0,0,0
WBGene00166662.,0,1,1
WBGene00166663.,0,0,0
WBGene00166664.,0,0,0
WBGene00166665.,0,0,0
WBGene00166666.,0,0,0
WBGene00166667.,0,0,0
WBGene00166668.,0,0,0
WBGene00166669.,0,0,0
WBGene00166670.,0,0,0
WBGene00166671.,0,0,0
WBGene00166672.,0,0,0
WBGene00166673.,0,0,0
WBGene00166674.,0,0,0
WBGene00166675.,0,0,0
WBGene00166676.,0,0,0
WBGene00166677.,0,0,0
WBGene00166678.,0,0,0
WBGene00166679.,0,0,0
WBGene00166680.,0,0,0
WBGene00166681.,0,0,0
WBGene00166682.,0,0,0
WBGene00166683.,0,0,0
WBGene00166684.,0,0,0
WBGene00166685.,0,0,0
WBGene00166686.,0,0,0
WBGene00166687.,0,0,0
WBGene00166688.,0,0,0
WBGene00166689.,0,0,0
WBGene00166690.,0,0,0
WBGene00166691.,0,0,0
WBGene00166692.,0,0,0
WBGene00166693.,0,0,0
WBGene00166694.,0,0,0
WBGene00166695.,0,0,0
WBGene00166696.,0,0,0
WBGene00166697.,0,0,0
WBGene00166698.,0,0,0
WBGene00166699.,0,0,0
WBGene00166700.,0,0,0
WBGene00166701.,0,0,0
WBGene00166702.,0,0,0
WBGene00166703.,0,0,0
WBGene00166704.,0,0,0
WBGene00166705.,0,0,0
WBGene00166706.,0,0,0
WBGene00166707.,0,0,0
WBGene00166708.,0,0,0
WBGene00166709.,0,0,0
WBGene00166710.,0,0,0
WBGene00166711.,0,0,0
WBGene00166712.,0,0,0
WBGene00166713.,0,0,0
WBGene00166714.,0,0,0
WBGene00166715.,0,1,1
WBGene00166716.,0,0,0
WBGene00166717.,0,0,0
WBGene00166718.,0,0,0
WBGene00166719.,0,0,0
WBGene00166720.,0,0,0
WBGene00166721.,0,0,0
WBGene00166722.,0,0,0
WBGene00166723.,0,0,0
WBGene00166724.,0,0,0
WBGene00166725.,0,0,0
WBGene00166726.,0,0,0
WBGene00166727.,0,0,0
WBGene00166728.,0,0,0
WBGene00166729.,0,0,0
WBGene00166730.,0,0,0
WBGene00166731.,0,0,0
WBGene00166732.,0,0,0
WBGene00166733.,0,0,0
WBGene00166734.,0,0,0
WBGene00166735.,0,1,1
WBGene00166736.,0,2,2
WBGene00166737.,0,0,0
WBGene00166738.,0,0,0
WBGene00166739.,0,0,0
WBGene00166740.,0,0,0
WBGene00166741.,0,0,0
WBGene00166742.,0,0,0
WBGene00166743.,0,0,0
WBGene00166744.,0,0,0
WBGene00166745.,0,0,0
WBGene00166746.,0,0,0
WBGene00166747.,0,0,0
WBGene00166748.,0,0,0
WBGene00166749.,0,0,0
WBGene00166750.,0,0,0
WBGene00166751.,0,0,0
WBGene00166752.,0,0,0
WBGene00166753.,0,0,0
WBGene00166754.,0,0,0
WBGene00166755.,0,0,0
WBGene00166756.,0,0,0
WBGene00166757.,0,0,0
WBGene00166758.,0,0,0
WBGene00166759.,0,0,0
WBGene00166760.,0,1,1
WBGene00166761.,0,0,0
WBGene00166762.,0,0,0
WBGene00166763.,0,0,0
WBGene00166764.,0,0,0
WBGene00166765.,0,0,0
WBGene00166766.,0,0,0
WBGene00166767.,0,0,0
WBGene00166768.,0,0,0
WBGene00166769.,0,0,0
WBGene00166770.,0,0,0
WBGene00166771.,0,0,0
WBGene00166772.,0,0,0
WBGene00166773.,0,0,0
WBGene00166774.,0,0,0
WBGene00166775.,0,2,2
WBGene00166776.,0,0,0
WBGene00166777.,0,0,0
WBGene00166778.,0,0,0
WBGene00166779.,0,0,0
WBGene00166780.,0,0,0
WBGene00166781.,0,0,0
WBGene00166782.,0,0,0
WBGene00166783.,0,0,0
WBGene00166784.,0,0,0
WBGene00166785.,0,0,0
WBGene00166786.,0,0,0
WBGene00166787.,0,0,0
WBGene00166788.,0,0,0
WBGene00166789.,0,0,0
WBGene00166790.,0,0,0
WBGene00166791.,0,0,0
WBGene00166792.,0,0,0
WBGene00166793.,0,0,0
WBGene00166794.,0,0,0
WBGene00166795.,0,0,0
WBGene00166796.,0,0,0
WBGene00166797.,0,0,0
WBGene00166798.,0,0,0
WBGene00166799.,0,0,0
WBGene00166800.,0,0,0
WBGene00166801.,0,0,0
WBGene00166802.,0,0,0
WBGene00166803.,0,0,0
WBGene00166804.,0,0,0
WBGene00166805.,0,0,0
WBGene00166806.,0,0,0
WBGene00166807.,0,0,0
WBGene00166808.,0,0,0
WBGene00166809.,0,0,0
WBGene00166810.,0,0,0
WBGene00166811.,0,20,20
WBGene00166812.,0,0,0
WBGene00166813.,0,0,0
WBGene00166814.,0,0,0
WBGene00166815.,0,0,0
WBGene00166816.,0,0,0
WBGene00166817.,0,0,0
WBGene00166819.,0,0,0
WBGene00166820.,0,0,0
WBGene00166821.,0,0,0
WBGene00166822.,0,0,0
WBGene00166823.,0,0,0
WBGene00166824.,0,1,1
WBGene00166825.,0,0,0
WBGene00166826.,0,0,0
WBGene00166827.,0,0,0
WBGene00166828.,0,0,0
WBGene00166829.,0,0,0
WBGene00166830.,0,0,0
WBGene00166831.,0,1,1
WBGene00166832.,0,2,2
WBGene00166833.,0,0,0
WBGene00166834.,0,0,0
WBGene00166835.,0,0,0
WBGene00166836.,0,0,0
WBGene00166837.,0,0,0
WBGene00166838.,0,0,0
WBGene00166839.,0,0,0
WBGene00166840.,0,0,0
WBGene00166841.,0,0,0
WBGene00166842.,0,0,0
WBGene00166843.,0,0,0
WBGene00166844.,0,0,0
WBGene00166845.,0,0,0
WBGene00166846.,0,0,0
WBGene00166847.,0,0,0
WBGene00166848.,0,0,0
WBGene00166849.,0,0,0
WBGene00166850.,0,0,0
WBGene00166851.,0,0,0
WBGene00166852.,0,0,0
WBGene00166853.,0,0,0
WBGene00166854.,0,0,0
WBGene00166855.,0,0,0
WBGene00166856.,0,0,0
WBGene00166857.,0,0,0
WBGene00166858.,0,0,0
WBGene00166859.,0,0,0
WBGene00166860.,0,0,0
WBGene00166861.,0,0,0
WBGene00166862.,0,0,0
WBGene00166863.,0,0,0
WBGene00166864.,0,0,0
WBGene00166865.,0,0,0
WBGene00166866.,0,0,0
WBGene00166867.,0,0,0
WBGene00166868.,0,1,1
WBGene00166869.,0,0,0
WBGene00166870.,0,0,0
WBGene00166871.,0,0,0
WBGene00166872.,0,0,0
WBGene00166873.,0,0,0
WBGene00166874.,0,0,0
WBGene00166875.,0,0,0
WBGene00166876.,0,0,0
WBGene00166877.,0,0,0
WBGene00166878.,0,0,0
WBGene00166879.,0,0,0
WBGene00166880.,0,0,0
WBGene00166881.,0,0,0
WBGene00166882.,0,0,0
WBGene00166883.,0,0,0
WBGene00166884.,0,0,0
WBGene00166885.,0,28,28
WBGene00166886.,0,0,0
WBGene00166887.,0,0,0
WBGene00166888.,0,0,0
WBGene00166889.,0,0,0
WBGene00166890.,0,0,0
WBGene00166891.,0,0,0
WBGene00166892.,0,0,0
WBGene00166893.,0,0,0
WBGene00166894.,0,0,0
WBGene00166895.,0,0,0
WBGene00166896.,0,10,10
WBGene00166897.,0,0,0
WBGene00166898.,0,0,0
WBGene00166899.,0,0,0
WBGene00166900.,0,0,0
WBGene00166901.,0,0,0
WBGene00166902.,0,0,0
WBGene00166903.,0,0,0
WBGene00166904.,0,0,0
WBGene00166905.,0,0,0
WBGene00166906.,0,0,0
WBGene00166907.,0,0,0
WBGene00166908.,0,0,0
WBGene00166909.,0,0,0
WBGene00166910.,0,0,0
WBGene00166911.,0,0,0
WBGene00166912.,0,0,0
WBGene00166913.,0,0,0
WBGene00166914.,0,0,0
WBGene00166915.,0,0,0
WBGene00166916.,0,0,0
WBGene00166917.,0,1,1
WBGene00166918.,0,0,0
WBGene00166919.,0,0,0
WBGene00166920.,0,0,0
WBGene00166921.,0,1,1
WBGene00166922.,0,0,0
WBGene00166923.,0,0,0
WBGene00166924.,0,0,0
WBGene00166925.,0,0,0
WBGene00166926.,0,0,0
WBGene00166927.,0,0,0
WBGene00166928.,0,0,0
WBGene00166929.,0,2,2
WBGene00166930.,0,0,0
WBGene00166931.,0,0,0
WBGene00166932.,0,0,0
WBGene00166933.,0,6,6
WBGene00166934.,0,2,2
WBGene00166935.,0,0,0
WBGene00166936.,0,0,0
WBGene00166937.,0,1,1
WBGene00166938.,0,35,35
WBGene00166939.,0,0,0
WBGene00166940.,0,0,0
WBGene00166941.,0,0,0
WBGene00166942.,0,0,0
WBGene00166943.,0,0,0
WBGene00166944.,0,0,0
WBGene00166945.,0,4,4
WBGene00166946.,0,0,0
WBGene00166947.,0,0,0
WBGene00166948.,0,0,0
WBGene00166949.,0,0,0
WBGene00166950.,0,0,0
WBGene00166951.,0,0,0
WBGene00166952.,0,0,0
WBGene00166953.,0,0,0
WBGene00166954.,0,0,0
WBGene00166955.,0,0,0
WBGene00166956.,0,0,0
WBGene00166957.,0,0,0
WBGene00166958.,0,0,0
WBGene00166959.,0,0,0
WBGene00166960.,0,0,0
WBGene00166961.,0,0,0
WBGene00166962.,0,0,0
WBGene00166963.,0,0,0
WBGene00166964.,0,0,0
WBGene00166965.,0,0,0
WBGene00166966.,0,0,0
WBGene00166967.,0,0,0
WBGene00166968.,0,0,0
WBGene00166969.,0,0,0
WBGene00166970.,0,0,0
WBGene00166971.,0,0,0
WBGene00166972.,0,1,1
WBGene00166973.,0,0,0
WBGene00166974.,0,0,0
WBGene00166975.,0,1,1
WBGene00166976.,0,0,0
WBGene00166977.,0,0,0
WBGene00166978.,0,0,0
WBGene00166979.,0,0,0
WBGene00166980.,0,0,0
WBGene00166981.,0,1,1
WBGene00166982.,0,0,0
WBGene00166983.,0,0,0
WBGene00166984.,0,1,1
WBGene00166985.,0,0,0
WBGene00166986.,0,0,0
WBGene00166987.,0,0,0
WBGene00166988.,0,0,0
WBGene00166989.,0,0,0
WBGene00166990.,0,0,0
WBGene00166991.,0,0,0
WBGene00166992.,0,0,0
WBGene00166993.,0,0,0
WBGene00166994.,0,0,0
WBGene00166995.,0,0,0
WBGene00166996.,0,0,0
WBGene00166997.,0,0,0
WBGene00166998.,0,0,0
WBGene00166999.,0,0,0
WBGene00167000.,0,0,0
WBGene00167001.,0,0,0
WBGene00167002.,0,0,0
WBGene00167003.,0,0,0
WBGene00167004.,0,5,5
WBGene00167005.,0,0,0
WBGene00167006.,0,1,1
WBGene00167007.,0,0,0
WBGene00167008.,0,0,0
WBGene00167009.,0,0,0
WBGene00167010.,0,0,0
WBGene00167011.,0,0,0
WBGene00167012.,0,0,0
WBGene00167013.,0,1,1
WBGene00167014.,0,0,0
WBGene00167015.,0,0,0
WBGene00167016.,0,0,0
WBGene00167017.,0,0,0
WBGene00167018.,0,0,0
WBGene00167019.,0,0,0
WBGene00167020.,0,0,0
WBGene00167021.,0,0,0
WBGene00167022.,0,0,0
WBGene00167023.,0,0,0
WBGene00167024.,0,0,0
WBGene00167025.,0,1,1
WBGene00167026.,0,0,0
WBGene00167027.,0,0,0
WBGene00167028.,0,0,0
WBGene00167029.,0,0,0
WBGene00167030.,0,2,2
WBGene00167031.,0,0,0
WBGene00167032.,0,0,0
WBGene00167033.,0,0,0
WBGene00167034.,0,1,1
WBGene00167035.,0,0,0
WBGene00167036.,0,0,0
WBGene00167037.,0,0,0
WBGene00167038.,0,0,0
WBGene00167039.,0,1,1
WBGene00167040.,0,1,1
WBGene00167041.,0,0,0
WBGene00167042.,0,1,1
WBGene00167043.,0,0,0
WBGene00167044.,0,1,1
WBGene00167045.,0,0,0
WBGene00167046.,0,0,0
WBGene00167047.,0,0,0
WBGene00167048.,0,0,0
WBGene00167049.,0,0,0
WBGene00167050.,0,0,0
WBGene00167051.,0,0,0
WBGene00167052.,0,0,0
WBGene00167053.,0,0,0
WBGene00167054.,0,0,0
WBGene00167055.,0,0,0
WBGene00167056.,0,0,0
WBGene00167057.,0,0,0
WBGene00167058.,0,0,0
WBGene00167059.,0,0,0
WBGene00167060.,0,0,0
WBGene00167061.,0,0,0
WBGene00167062.,0,0,0
WBGene00167063.,0,0,0
WBGene00167064.,0,0,0
WBGene00167065.,0,0,0
WBGene00167066.,0,0,0
WBGene00167067.,0,0,0
WBGene00167068.,0,2,2
WBGene00167069.,0,1,1
WBGene00167070.,0,0,0
WBGene00167071.,0,0,0
WBGene00167072.,0,0,0
WBGene00167073.,0,0,0
WBGene00167074.,0,1,1
WBGene00167075.,0,0,0
WBGene00167076.,0,0,0
WBGene00167077.,0,0,0
WBGene00167078.,0,0,0
WBGene00167079.,0,0,0
WBGene00167080.,0,0,0
WBGene00167081.,0,0,0
WBGene00167082.,0,0,0
WBGene00167083.,0,0,0
WBGene00167084.,0,0,0
WBGene00167085.,0,0,0
WBGene00167086.,0,0,0
WBGene00167087.,0,1,1
WBGene00167088.,0,0,0
WBGene00167089.,0,0,0
WBGene00167090.,0,0,0
WBGene00167091.,0,0,0
WBGene00167092.,0,0,0
WBGene00167093.,0,0,0
WBGene00167094.,0,0,0
WBGene00167095.,0,0,0
WBGene00167096.,0,0,0
WBGene00167097.,0,0,0
WBGene00167098.,0,0,0
WBGene00167099.,0,0,0
WBGene00167100.,0,0,0
WBGene00167101.,0,0,0
WBGene00167102.,0,0,0
WBGene00167103.,0,3,3
WBGene00167104.,0,0,0
WBGene00167105.,0,0,0
WBGene00167106.,0,0,0
WBGene00167107.,0,0,0
WBGene00167108.,0,0,0
WBGene00167109.,0,0,0
WBGene00167110.,0,0,0
WBGene00167111.,0,0,0
WBGene00167112.,0,0,0
WBGene00167113.,0,0,0
WBGene00167114.,0,0,0
WBGene00167115.,0,0,0
WBGene00167116.,0,0,0
WBGene00167117.,0,0,0
WBGene00167118.,0,0,0
WBGene00167119.,0,0,0
WBGene00167120.,0,0,0
WBGene00167121.,0,0,0
WBGene00167122.,0,0,0
WBGene00167123.,0,0,0
WBGene00167124.,0,0,0
WBGene00167125.,0,0,0
WBGene00167126.,0,0,0
WBGene00167127.,0,0,0
WBGene00167128.,0,0,0
WBGene00167129.,0,0,0
WBGene00167130.,0,0,0
WBGene00167131.,0,0,0
WBGene00167132.,0,0,0
WBGene00167133.,0,0,0
WBGene00167134.,0,0,0
WBGene00167135.,0,0,0
WBGene00167136.,0,0,0
WBGene00167137.,0,0,0
WBGene00167138.,0,0,0
WBGene00167139.,0,0,0
WBGene00167140.,0,0,0
WBGene00167141.,0,0,0
WBGene00167142.,0,0,0
WBGene00167143.,0,1,1
WBGene00167144.,0,0,0
WBGene00167145.,0,0,0
WBGene00167146.,0,0,0
WBGene00167147.,0,0,0
WBGene00167148.,0,0,0
WBGene00167149.,0,0,0
WBGene00167150.,0,0,0
WBGene00167151.,0,0,0
WBGene00167152.,0,0,0
WBGene00167153.,0,1,1
WBGene00167154.,0,0,0
WBGene00167155.,0,0,0
WBGene00167156.,0,6,6
WBGene00167157.,0,0,0
WBGene00167158.,0,2,2
WBGene00167159.,0,0,0
WBGene00167160.,0,0,0
WBGene00167161.,0,0,0
WBGene00167162.,0,0,0
WBGene00167163.,0,0,0
WBGene00167164.,0,0,0
WBGene00167165.,0,0,0
WBGene00167166.,0,0,0
WBGene00167167.,0,0,0
WBGene00167168.,0,0,0
WBGene00167169.,0,0,0
WBGene00167170.,0,0,0
WBGene00167171.,0,3,3
WBGene00167172.,0,0,0
WBGene00167173.,0,0,0
WBGene00167174.,0,0,0
WBGene00167175.,0,0,0
WBGene00167176.,0,6,6
WBGene00167177.,0,0,0
WBGene00167178.,0,1,1
WBGene00167179.,0,0,0
WBGene00167180.,0,0,0
WBGene00167181.,0,0,0
WBGene00167182.,0,0,0
WBGene00167183.,0,0,0
WBGene00167184.,0,0,0
WBGene00167185.,0,0,0
WBGene00167186.,0,0,0
WBGene00167187.,0,0,0
WBGene00167188.,0,0,0
WBGene00167189.,0,0,0
WBGene00167190.,0,0,0
WBGene00167191.,0,0,0
WBGene00167192.,0,0,0
WBGene00167193.,0,0,0
WBGene00167194.,0,0,0
WBGene00167195.,0,1,1
WBGene00167196.,0,0,0
WBGene00167197.,0,0,0
WBGene00167198.,0,1,1
WBGene00167199.,0,0,0
WBGene00167200.,0,0,0
WBGene00167201.,0,0,0
WBGene00167202.,0,0,0
WBGene00167203.,0,0,0
WBGene00167204.,0,0,0
WBGene00167205.,0,1,1
WBGene00167206.,0,0,0
WBGene00167207.,0,5,5
WBGene00167208.,0,0,0
WBGene00167209.,0,0,0
WBGene00167210.,0,0,0
WBGene00167211.,0,0,0
WBGene00167212.,0,0,0
WBGene00167213.,0,0,0
WBGene00167214.,0,0,0
WBGene00167215.,0,0,0
WBGene00167216.,0,0,0
WBGene00167217.,0,0,0
WBGene00167218.,0,0,0
WBGene00167219.,0,0,0
WBGene00167220.,0,0,0
WBGene00167221.,0,0,0
WBGene00167222.,0,0,0
WBGene00167223.,0,0,0
WBGene00167224.,0,0,0
WBGene00167225.,0,4,4
WBGene00167226.,0,0,0
WBGene00167227.,0,0,0
WBGene00167228.,0,0,0
WBGene00167229.,0,0,0
WBGene00167230.,0,0,0
WBGene00167231.,0,0,0
WBGene00167232.,0,0,0
WBGene00167233.,0,0,0
WBGene00167234.,0,0,0
WBGene00167235.,0,0,0
WBGene00167236.,0,0,0
WBGene00167237.,0,0,0
WBGene00167238.,0,0,0
WBGene00167239.,0,0,0
WBGene00167240.,0,0,0
WBGene00167241.,0,0,0
WBGene00167242.,0,0,0
WBGene00167243.,0,0,0
WBGene00167244.,0,0,0
WBGene00167245.,0,0,0
WBGene00167246.,0,0,0
WBGene00167247.,0,0,0
WBGene00167248.,0,0,0
WBGene00167249.,0,0,0
WBGene00167250.,0,0,0
WBGene00167251.,0,0,0
WBGene00167252.,0,0,0
WBGene00167253.,0,0,0
WBGene00167254.,0,0,0
WBGene00167255.,0,0,0
WBGene00167256.,0,0,0
WBGene00167257.,0,0,0
WBGene00167258.,0,0,0
WBGene00167259.,0,0,0
WBGene00167260.,0,0,0
WBGene00167261.,0,3,3
WBGene00167262.,0,0,0
WBGene00167263.,0,0,0
WBGene00167264.,0,1,1
WBGene00167265.,0,0,0
WBGene00167266.,0,0,0
WBGene00167267.,0,0,0
WBGene00167268.,0,0,0
WBGene00167269.,0,2,2
WBGene00167270.,0,0,0
WBGene00167271.,0,0,0
WBGene00167272.,0,0,0
WBGene00167273.,0,0,0
WBGene00167274.,0,0,0
WBGene00167275.,0,0,0
WBGene00167276.,0,0,0
WBGene00167277.,0,0,0
WBGene00167278.,0,0,0
WBGene00167279.,0,2,2
WBGene00167280.,0,0,0
WBGene00167281.,0,0,0
WBGene00167282.,0,0,0
WBGene00167283.,0,0,0
WBGene00167284.,0,0,0
WBGene00167285.,0,0,0
WBGene00167286.,0,0,0
WBGene00167287.,0,0,0
WBGene00167288.,0,0,0
WBGene00167289.,0,0,0
WBGene00167290.,0,0,0
WBGene00167291.,0,0,0
WBGene00167292.,0,9,9
WBGene00167293.,0,2,2
WBGene00167294.,0,0,0
WBGene00167295.,0,0,0
WBGene00167296.,0,0,0
WBGene00167297.,0,0,0
WBGene00167298.,0,0,0
WBGene00167299.,0,1,1
WBGene00167300.,0,0,0
WBGene00167301.,0,5,5
WBGene00167302.,0,0,0
WBGene00167303.,0,0,0
WBGene00167304.,0,0,0
WBGene00167305.,0,0,0
WBGene00167306.,0,0,0
WBGene00167307.,0,0,0
WBGene00167308.,0,0,0
WBGene00167309.,0,0,0
WBGene00167310.,0,0,0
WBGene00167311.,0,0,0
WBGene00167312.,0,0,0
WBGene00167313.,0,0,0
WBGene00167314.,0,0,0
WBGene00167315.,0,0,0
WBGene00167316.,0,0,0
WBGene00167317.,0,0,0
WBGene00167318.,0,0,0
WBGene00167319.,0,0,0
WBGene00167320.,0,0,0
WBGene00167321.,0,0,0
WBGene00167322.,0,0,0
WBGene00167323.,0,0,0
WBGene00167324.,0,0,0
WBGene00167325.,0,0,0
WBGene00167326.,0,0,0
WBGene00167327.,0,0,0
WBGene00167328.,0,0,0
WBGene00167329.,0,0,0
WBGene00167330.,0,0,0
WBGene00167331.,0,0,0
WBGene00167332.,0,0,0
WBGene00167333.,0,0,0
WBGene00167334.,0,0,0
WBGene00167335.,0,0,0
WBGene00167336.,0,0,0
WBGene00167337.,0,0,0
WBGene00167338.,0,1,1
WBGene00167339.,0,0,0
WBGene00167340.,0,0,0
WBGene00167341.,0,0,0
WBGene00167342.,0,0,0
WBGene00167343.,0,0,0
WBGene00167344.,0,0,0
WBGene00167345.,0,0,0
WBGene00167346.,0,0,0
WBGene00167347.,0,0,0
WBGene00167348.,0,0,0
WBGene00167349.,0,1,1
WBGene00167350.,0,0,0
WBGene00167351.,0,0,0
WBGene00167352.,0,0,0
WBGene00167353.,0,0,0
WBGene00167354.,0,0,0
WBGene00167355.,0,0,0
WBGene00167356.,0,1,1
WBGene00167357.,0,0,0
WBGene00167358.,0,0,0
WBGene00167359.,0,0,0
WBGene00167360.,0,0,0
WBGene00167361.,0,0,0
WBGene00167362.,0,0,0
WBGene00167363.,0,1,1
WBGene00167364.,0,0,0
WBGene00167365.,0,0,0
WBGene00167366.,0,0,0
WBGene00167367.,0,0,0
WBGene00167368.,0,0,0
WBGene00167369.,0,0,0
WBGene00167370.,0,0,0
WBGene00167371.,0,0,0
WBGene00167372.,0,0,0
WBGene00167373.,0,0,0
WBGene00167374.,0,0,0
WBGene00167375.,0,0,0
WBGene00167376.,0,0,0
WBGene00167377.,0,0,0
WBGene00167378.,0,0,0
WBGene00167379.,0,0,0
WBGene00167380.,0,1,1
WBGene00167381.,0,0,0
WBGene00167382.,0,4,4
WBGene00167383.,0,0,0
WBGene00167384.,0,0,0
WBGene00167385.,0,0,0
WBGene00167386.,0,0,0
WBGene00167387.,0,0,0
WBGene00167388.,0,0,0
WBGene00167389.,0,0,0
WBGene00167390.,0,0,0
WBGene00167391.,0,0,0
WBGene00167392.,0,0,0
WBGene00167393.,0,0,0
WBGene00167394.,0,0,0
WBGene00167395.,0,1,1
WBGene00167396.,0,0,0
WBGene00167397.,0,1,1
WBGene00167398.,0,0,0
WBGene00167399.,0,0,0
WBGene00167400.,0,0,0
WBGene00167401.,0,0,0
WBGene00167402.,0,0,0
WBGene00167403.,0,0,0
WBGene00167404.,0,0,0
WBGene00167405.,0,0,0
WBGene00167406.,0,0,0
WBGene00167407.,0,0,0
WBGene00167408.,0,0,0
WBGene00167409.,0,0,0
WBGene00167410.,0,0,0
WBGene00167411.,0,0,0
WBGene00167412.,0,0,0
WBGene00167413.,0,0,0
WBGene00167414.,0,0,0
WBGene00167415.,0,0,0
WBGene00167416.,0,0,0
WBGene00167417.,0,0,0
WBGene00167418.,0,0,0
WBGene00167419.,0,0,0
WBGene00167420.,0,1,1
WBGene00167421.,0,0,0
WBGene00167422.,0,0,0
WBGene00167423.,0,0,0
WBGene00167424.,0,0,0
WBGene00167425.,0,0,0
WBGene00167426.,0,0,0
WBGene00167427.,0,1,1
WBGene00167428.,0,0,0
WBGene00167429.,0,0,0
WBGene00167430.,0,0,0
WBGene00167431.,0,0,0
WBGene00167432.,0,0,0
WBGene00167433.,0,0,0
WBGene00167434.,0,0,0
WBGene00167435.,0,0,0
WBGene00167436.,0,0,0
WBGene00167437.,0,0,0
WBGene00167438.,0,0,0
WBGene00167439.,0,0,0
WBGene00167440.,0,0,0
WBGene00167441.,0,0,0
WBGene00167442.,0,0,0
WBGene00167443.,0,0,0
WBGene00167444.,0,0,0
WBGene00167445.,0,0,0
WBGene00167446.,0,0,0
WBGene00167447.,0,1,1
WBGene00167448.,0,0,0
WBGene00167449.,0,0,0
WBGene00167450.,0,0,0
WBGene00167451.,0,0,0
WBGene00167452.,0,0,0
WBGene00167453.,0,0,0
WBGene00167454.,0,0,0
WBGene00167455.,0,0,0
WBGene00167456.,0,0,0
WBGene00167457.,0,0,0
WBGene00167458.,0,0,0
WBGene00167459.,0,0,0
WBGene00167460.,0,0,0
WBGene00167461.,0,0,0
WBGene00167462.,0,4,4
WBGene00167463.,0,2,2
WBGene00167464.,0,0,0
WBGene00167465.,0,0,0
WBGene00167466.,0,0,0
WBGene00167467.,0,1,1
WBGene00167468.,0,0,0
WBGene00167469.,0,0,0
WBGene00167470.,0,0,0
WBGene00167471.,0,0,0
WBGene00167472.,0,0,0
WBGene00167473.,0,3,3
WBGene00167474.,0,0,0
WBGene00167475.,0,0,0
WBGene00167476.,0,0,0
WBGene00167477.,0,2,2
WBGene00167478.,0,0,0
WBGene00167479.,0,0,0
WBGene00167480.,0,0,0
WBGene00167481.,0,0,0
WBGene00167482.,0,0,0
WBGene00167483.,0,0,0
WBGene00167484.,0,0,0
WBGene00167485.,0,0,0
WBGene00167487.,0,0,0
WBGene00167488.,0,0,0
WBGene00167489.,0,0,0
WBGene00167490.,0,0,0
WBGene00167491.,0,0,0
WBGene00167492.,0,0,0
WBGene00167493.,0,0,0
WBGene00167494.,0,0,0
WBGene00167495.,0,2,2
WBGene00167496.,0,0,0
WBGene00167497.,0,0,0
WBGene00167498.,0,0,0
WBGene00167499.,0,0,0
WBGene00167500.,0,0,0
WBGene00167501.,0,0,0
WBGene00167502.,0,0,0
WBGene00167503.,0,0,0
WBGene00167504.,0,0,0
WBGene00167505.,0,0,0
WBGene00167506.,0,0,0
WBGene00167507.,0,12,12
WBGene00167508.,0,0,0
WBGene00167509.,0,0,0
WBGene00167510.,0,0,0
WBGene00167511.,0,0,0
WBGene00167512.,0,0,0
WBGene00167513.,0,0,0
WBGene00167514.,0,0,0
WBGene00167515.,0,0,0
WBGene00167516.,0,0,0
WBGene00167517.,0,0,0
WBGene00167518.,0,0,0
WBGene00167519.,0,0,0
WBGene00167520.,0,0,0
WBGene00167521.,0,0,0
WBGene00167522.,0,0,0
WBGene00167523.,0,0,0
WBGene00167524.,0,0,0
WBGene00167525.,0,0,0
WBGene00167526.,0,0,0
WBGene00167527.,0,0,0
WBGene00167528.,0,0,0
WBGene00167529.,0,0,0
WBGene00167530.,0,0,0
WBGene00167531.,0,0,0
WBGene00167532.,0,0,0
WBGene00167533.,0,0,0
WBGene00167534.,0,0,0
WBGene00167535.,0,0,0
WBGene00167536.,0,3,3
WBGene00167537.,0,4,4
WBGene00167538.,0,0,0
WBGene00167539.,0,0,0
WBGene00167540.,0,0,0
WBGene00167541.,0,0,0
WBGene00167542.,0,0,0
WBGene00167543.,0,0,0
WBGene00167544.,0,7,7
WBGene00167545.,0,0,0
WBGene00167546.,0,0,0
WBGene00167547.,0,0,0
WBGene00167548.,0,0,0
WBGene00167549.,0,0,0
WBGene00167550.,0,4,4
WBGene00167551.,0,0,0
WBGene00167552.,0,0,0
WBGene00167553.,0,0,0
WBGene00167554.,0,0,0
WBGene00167555.,0,0,0
WBGene00167556.,0,0,0
WBGene00167557.,0,0,0
WBGene00167558.,0,0,0
WBGene00167559.,0,0,0
WBGene00167560.,0,0,0
WBGene00167561.,0,5,5
WBGene00167562.,0,0,0
WBGene00167563.,0,0,0
WBGene00167564.,0,0,0
WBGene00167565.,0,0,0
WBGene00167566.,0,1,1
WBGene00167567.,0,0,0
WBGene00167568.,0,0,0
WBGene00167569.,0,0,0
WBGene00167570.,0,0,0
WBGene00167571.,0,0,0
WBGene00167572.,0,0,0
WBGene00167573.,0,0,0
WBGene00167574.,0,0,0
WBGene00167575.,0,0,0
WBGene00167576.,0,0,0
WBGene00167577.,0,1,1
WBGene00167578.,0,0,0
WBGene00167579.,0,0,0
WBGene00167580.,0,0,0
WBGene00167581.,0,0,0
WBGene00167582.,0,0,0
WBGene00167583.,0,0,0
WBGene00167584.,0,0,0
WBGene00167585.,0,0,0
WBGene00167586.,0,0,0
WBGene00167587.,0,1,1
WBGene00167588.,0,0,0
WBGene00167589.,0,0,0
WBGene00167590.,0,0,0
WBGene00167591.,0,0,0
WBGene00167592.,0,0,0
WBGene00167593.,0,0,0
WBGene00167594.,0,0,0
WBGene00167595.,0,0,0
WBGene00167596.,0,0,0
WBGene00167597.,0,0,0
WBGene00167598.,0,0,0
WBGene00167599.,0,0,0
WBGene00167600.,0,0,0
WBGene00167601.,0,17,17
WBGene00167602.,0,0,0
WBGene00167603.,0,0,0
WBGene00167604.,0,0,0
WBGene00167605.,0,0,0
WBGene00167606.,0,0,0
WBGene00167607.,0,0,0
WBGene00167608.,0,0,0
WBGene00167609.,0,0,0
WBGene00167610.,0,2,2
WBGene00167611.,0,0,0
WBGene00167612.,0,0,0
WBGene00167613.,0,0,0
WBGene00167614.,0,3,3
WBGene00167615.,0,0,0
WBGene00167616.,0,0,0
WBGene00167617.,0,0,0
WBGene00167618.,0,0,0
WBGene00167619.,0,0,0
WBGene00167620.,0,0,0
WBGene00167621.,0,0,0
WBGene00167622.,0,0,0
WBGene00167623.,0,0,0
WBGene00167624.,0,0,0
WBGene00167625.,0,0,0
WBGene00167626.,0,0,0
WBGene00167627.,0,0,0
WBGene00167628.,0,0,0
WBGene00167629.,0,0,0
WBGene00167630.,0,0,0
WBGene00167631.,0,0,0
WBGene00167632.,0,1,1
WBGene00167633.,0,0,0
WBGene00167634.,0,0,0
WBGene00167635.,0,0,0
WBGene00167636.,0,0,0
WBGene00167637.,0,0,0
WBGene00167638.,0,0,0
WBGene00167639.,0,0,0
WBGene00167640.,0,0,0
WBGene00167641.,0,0,0
WBGene00167642.,0,3,3
WBGene00167643.,0,0,0
WBGene00167644.,0,0,0
WBGene00167645.,0,0,0
WBGene00167646.,0,0,0
WBGene00167647.,0,0,0
WBGene00167648.,0,0,0
WBGene00167649.,0,1,1
WBGene00167650.,0,0,0
WBGene00167651.,0,0,0
WBGene00167652.,0,0,0
WBGene00167653.,0,0,0
WBGene00167654.,0,0,0
WBGene00167655.,0,0,0
WBGene00167656.,0,0,0
WBGene00167657.,0,0,0
WBGene00167658.,0,0,0
WBGene00167659.,0,0,0
WBGene00167660.,0,0,0
WBGene00167661.,0,0,0
WBGene00167662.,0,0,0
WBGene00167663.,0,0,0
WBGene00167664.,0,0,0
WBGene00167665.,0,0,0
WBGene00167666.,0,0,0
WBGene00167667.,0,0,0
WBGene00167668.,0,0,0
WBGene00167669.,0,0,0
WBGene00167670.,0,0,0
WBGene00167671.,0,0,0
WBGene00167672.,0,0,0
WBGene00167673.,0,0,0
WBGene00167674.,0,0,0
WBGene00167675.,0,0,0
WBGene00167676.,0,0,0
WBGene00167677.,0,0,0
WBGene00167678.,0,0,0
WBGene00167679.,0,0,0
WBGene00167680.,0,0,0
WBGene00167681.,0,0,0
WBGene00167682.,0,1,1
WBGene00167683.,0,0,0
WBGene00167684.,0,0,0
WBGene00167685.,0,0,0
WBGene00167686.,0,0,0
WBGene00167687.,0,0,0
WBGene00167688.,0,0,0
WBGene00167689.,0,0,0
WBGene00167690.,0,0,0
WBGene00167691.,0,1,1
WBGene00167692.,0,0,0
WBGene00167693.,0,0,0
WBGene00167694.,0,0,0
WBGene00167695.,0,0,0
WBGene00167696.,0,1,1
WBGene00167697.,0,0,0
WBGene00167698.,0,0,0
WBGene00167699.,0,0,0
WBGene00167700.,0,0,0
WBGene00167701.,0,0,0
WBGene00167702.,0,0,0
WBGene00167703.,0,0,0
WBGene00167704.,0,0,0
WBGene00167705.,0,0,0
WBGene00167706.,0,0,0
WBGene00167707.,0,0,0
WBGene00167708.,0,0,0
WBGene00167709.,0,0,0
WBGene00167710.,0,0,0
WBGene00167711.,0,0,0
WBGene00167712.,0,0,0
WBGene00167713.,0,0,0
WBGene00167714.,0,0,0
WBGene00167715.,0,0,0
WBGene00167716.,0,0,0
WBGene00167717.,0,0,0
WBGene00167718.,0,0,0
WBGene00167719.,0,0,0
WBGene00167720.,0,1,1
WBGene00167721.,0,0,0
WBGene00167722.,0,0,0
WBGene00167723.,0,0,0
WBGene00167724.,0,0,0
WBGene00167725.,0,0,0
WBGene00167726.,0,0,0
WBGene00167727.,0,0,0
WBGene00167728.,0,0,0
WBGene00167729.,0,0,0
WBGene00167730.,0,1,1
WBGene00167731.,0,0,0
WBGene00167732.,0,0,0
WBGene00167733.,0,0,0
WBGene00167734.,0,0,0
WBGene00167735.,0,0,0
WBGene00167736.,0,1,1
WBGene00167737.,0,0,0
WBGene00167738.,0,0,0
WBGene00167739.,0,0,0
WBGene00167740.,0,0,0
WBGene00167741.,0,0,0
WBGene00167742.,0,0,0
WBGene00167743.,0,0,0
WBGene00167744.,0,0,0
WBGene00167745.,0,0,0
WBGene00167746.,0,1,1
WBGene00167747.,0,0,0
WBGene00167748.,0,0,0
WBGene00167749.,0,0,0
WBGene00167750.,0,3,3
WBGene00167751.,0,0,0
WBGene00167752.,0,0,0
WBGene00167753.,0,0,0
WBGene00167754.,0,0,0
WBGene00167755.,0,0,0
WBGene00167756.,0,0,0
WBGene00167757.,0,0,0
WBGene00167758.,0,0,0
WBGene00167759.,0,2,2
WBGene00167760.,0,0,0
WBGene00167761.,0,0,0
WBGene00167762.,0,0,0
WBGene00167763.,0,0,0
WBGene00167764.,0,0,0
WBGene00167765.,0,0,0
WBGene00167766.,0,0,0
WBGene00167767.,0,0,0
WBGene00167768.,0,0,0
WBGene00167769.,0,2,2
WBGene00167770.,0,0,0
WBGene00167771.,0,0,0
WBGene00167772.,0,8,8
WBGene00167773.,0,0,0
WBGene00167774.,0,0,0
WBGene00167775.,0,0,0
WBGene00167776.,0,0,0
WBGene00167777.,0,0,0
WBGene00167778.,0,0,0
WBGene00167779.,0,0,0
WBGene00167780.,0,3,3
WBGene00167781.,0,0,0
WBGene00167782.,0,0,0
WBGene00167783.,0,0,0
WBGene00167784.,0,0,0
WBGene00167785.,0,0,0
WBGene00167786.,0,3,3
WBGene00167787.,0,0,0
WBGene00167788.,0,2,2
WBGene00167789.,0,0,0
WBGene00167790.,0,0,0
WBGene00167791.,0,0,0
WBGene00167792.,0,0,0
WBGene00167793.,0,6,6
WBGene00167794.,0,0,0
WBGene00167795.,0,0,0
WBGene00167796.,0,0,0
WBGene00167797.,0,0,0
WBGene00167799.,0,0,0
WBGene00167800.,0,0,0
WBGene00167801.,0,0,0
WBGene00167802.,0,0,0
WBGene00167803.,0,1,1
WBGene00167804.,0,1,1
WBGene00167805.,0,2,2
WBGene00167806.,0,0,0
WBGene00167807.,0,0,0
WBGene00167808.,0,0,0
WBGene00167809.,0,0,0
WBGene00167810.,0,0,0
WBGene00167811.,0,1,1
WBGene00167812.,0,0,0
WBGene00167813.,0,0,0
WBGene00167814.,0,0,0
WBGene00167815.,0,0,0
WBGene00167816.,0,1,1
WBGene00167817.,0,0,0
WBGene00167818.,0,0,0
WBGene00167819.,0,0,0
WBGene00167820.,0,0,0
WBGene00167821.,0,0,0
WBGene00167822.,0,0,0
WBGene00167823.,0,0,0
WBGene00167824.,0,0,0
WBGene00167825.,0,0,0
WBGene00167826.,0,0,0
WBGene00167827.,0,0,0
WBGene00167828.,0,0,0
WBGene00167829.,0,0,0
WBGene00167830.,0,0,0
WBGene00167831.,0,0,0
WBGene00167832.,0,0,0
WBGene00167833.,0,0,0
WBGene00167834.,0,0,0
WBGene00167835.,0,0,0
WBGene00167836.,0,0,0
WBGene00167837.,0,0,0
WBGene00167838.,0,0,0
WBGene00167839.,0,0,0
WBGene00167840.,0,1,1
WBGene00167841.,0,0,0
WBGene00167842.,0,0,0
WBGene00167843.,0,0,0
WBGene00167845.,0,0,0
WBGene00167846.,0,0,0
WBGene00167847.,0,0,0
WBGene00167848.,0,0,0
WBGene00167849.,0,0,0
WBGene00167850.,0,0,0
WBGene00167851.,0,0,0
WBGene00167852.,0,0,0
WBGene00167853.,0,0,0
WBGene00167854.,0,1,1
WBGene00167855.,0,0,0
WBGene00167856.,0,0,0
WBGene00167857.,0,0,0
WBGene00167858.,0,0,0
WBGene00167859.,0,0,0
WBGene00167860.,0,1,1
WBGene00167861.,0,0,0
WBGene00167862.,0,0,0
WBGene00167863.,0,0,0
WBGene00167864.,0,0,0
WBGene00167865.,0,0,0
WBGene00167866.,0,0,0
WBGene00167867.,0,0,0
WBGene00167868.,0,0,0
WBGene00167869.,0,0,0
WBGene00167870.,0,0,0
WBGene00167871.,0,0,0
WBGene00167872.,0,1,1
WBGene00167873.,0,0,0
WBGene00167874.,0,0,0
WBGene00167875.,0,0,0
WBGene00167876.,0,0,0
WBGene00167877.,0,0,0
WBGene00167878.,0,0,0
WBGene00167879.,0,0,0
WBGene00167880.,0,0,0
WBGene00167881.,0,0,0
WBGene00167882.,0,1,1
WBGene00167883.,0,1,1
WBGene00167884.,0,0,0
WBGene00167885.,0,0,0
WBGene00167886.,0,0,0
WBGene00167887.,0,2,2
WBGene00167888.,0,0,0
WBGene00167889.,0,0,0
WBGene00167890.,0,0,0
WBGene00167891.,0,0,0
WBGene00167892.,0,0,0
WBGene00167893.,0,0,0
WBGene00167894.,0,0,0
WBGene00167895.,0,0,0
WBGene00167896.,0,0,0
WBGene00167897.,0,0,0
WBGene00167898.,0,0,0
WBGene00167899.,0,0,0
WBGene00167900.,0,0,0
WBGene00167901.,0,0,0
WBGene00167902.,0,0,0
WBGene00167903.,0,0,0
WBGene00167904.,0,0,0
WBGene00167905.,0,0,0
WBGene00167906.,0,0,0
WBGene00167907.,0,0,0
WBGene00167908.,0,0,0
WBGene00167909.,0,0,0
WBGene00167910.,0,0,0
WBGene00167911.,0,0,0
WBGene00167912.,0,0,0
WBGene00167913.,0,0,0
WBGene00167914.,0,0,0
WBGene00167915.,0,0,0
WBGene00167916.,0,0,0
WBGene00167917.,0,0,0
WBGene00167918.,0,0,0
WBGene00167919.,0,0,0
WBGene00167920.,0,0,0
WBGene00167921.,0,0,0
WBGene00167922.,0,1,1
WBGene00167923.,0,0,0
WBGene00167924.,0,0,0
WBGene00167925.,0,0,0
WBGene00167926.,0,0,0
WBGene00167927.,0,0,0
WBGene00167928.,0,0,0
WBGene00167929.,0,0,0
WBGene00167930.,0,0,0
WBGene00167931.,0,0,0
WBGene00167932.,0,0,0
WBGene00167933.,0,0,0
WBGene00167934.,0,0,0
WBGene00167935.,0,0,0
WBGene00167936.,0,0,0
WBGene00167937.,0,0,0
WBGene00167938.,0,0,0
WBGene00167939.,0,0,0
WBGene00167940.,0,0,0
WBGene00167941.,0,0,0
WBGene00167942.,0,0,0
WBGene00167943.,0,0,0
WBGene00167944.,0,0,0
WBGene00167945.,0,0,0
WBGene00167946.,0,0,0
WBGene00167947.,0,0,0
WBGene00167948.,0,2,2
WBGene00167949.,0,0,0
WBGene00167950.,0,0,0
WBGene00167951.,0,0,0
WBGene00167952.,0,0,0
WBGene00167953.,0,0,0
WBGene00167954.,0,0,0
WBGene00167955.,0,0,0
WBGene00167956.,0,0,0
WBGene00167957.,0,0,0
WBGene00167958.,0,0,0
WBGene00167959.,0,0,0
WBGene00167960.,0,0,0
WBGene00167961.,0,0,0
WBGene00167962.,0,0,0
WBGene00167963.,0,0,0
WBGene00167964.,0,0,0
WBGene00167965.,0,0,0
WBGene00167966.,0,0,0
WBGene00167967.,0,0,0
WBGene00167968.,0,0,0
WBGene00167969.,0,0,0
WBGene00167970.,0,0,0
WBGene00167971.,0,0,0
WBGene00167972.,0,0,0
WBGene00167973.,0,0,0
WBGene00167974.,0,0,0
WBGene00167975.,0,0,0
WBGene00167976.,0,0,0
WBGene00167977.,0,0,0
WBGene00167978.,0,0,0
WBGene00167979.,0,0,0
WBGene00167980.,0,0,0
WBGene00167981.,0,0,0
WBGene00167982.,0,0,0
WBGene00167983.,0,0,0
WBGene00167984.,0,0,0
WBGene00167985.,0,0,0
WBGene00167986.,0,0,0
WBGene00167987.,0,0,0
WBGene00167988.,0,0,0
WBGene00167989.,0,0,0
WBGene00167990.,0,0,0
WBGene00167991.,0,0,0
WBGene00167992.,0,0,0
WBGene00167993.,0,0,0
WBGene00167994.,0,0,0
WBGene00167995.,0,0,0
WBGene00167996.,0,1,1
WBGene00167997.,0,0,0
WBGene00167998.,0,2,2
WBGene00167999.,0,1,1
WBGene00168000.,0,0,0
WBGene00168001.,0,0,0
WBGene00168002.,0,0,0
WBGene00168003.,0,0,0
WBGene00168004.,0,0,0
WBGene00168005.,0,0,0
WBGene00168006.,0,0,0
WBGene00168007.,0,0,0
WBGene00168008.,0,0,0
WBGene00168009.,0,0,0
WBGene00168010.,0,0,0
WBGene00168011.,0,0,0
WBGene00168012.,0,2,2
WBGene00168013.,0,0,0
WBGene00168014.,0,0,0
WBGene00168015.,0,17,17
WBGene00168016.,0,0,0
WBGene00168017.,0,0,0
WBGene00168018.,0,0,0
WBGene00168019.,0,0,0
WBGene00168020.,0,5,5
WBGene00168021.,0,0,0
WBGene00168022.,0,0,0
WBGene00168023.,0,0,0
WBGene00168024.,0,1,1
WBGene00168025.,0,0,0
WBGene00168026.,0,0,0
WBGene00168027.,0,0,0
WBGene00168028.,0,2,2
WBGene00168029.,0,0,0
WBGene00168030.,0,0,0
WBGene00168031.,0,0,0
WBGene00168032.,0,0,0
WBGene00168033.,0,2,2
WBGene00168034.,0,0,0
WBGene00168035.,0,0,0
WBGene00168036.,0,0,0
WBGene00168037.,0,0,0
WBGene00168038.,0,0,0
WBGene00168039.,0,0,0
WBGene00168040.,0,0,0
WBGene00168041.,0,0,0
WBGene00168042.,0,0,0
WBGene00168043.,0,0,0
WBGene00168044.,0,0,0
WBGene00168045.,0,0,0
WBGene00168046.,0,0,0
WBGene00168047.,0,0,0
WBGene00168048.,0,0,0
WBGene00168049.,0,0,0
WBGene00168050.,0,0,0
WBGene00168051.,0,0,0
WBGene00168052.,0,0,0
WBGene00168053.,0,0,0
WBGene00168054.,0,0,0
WBGene00168055.,0,0,0
WBGene00168056.,0,0,0
WBGene00168057.,0,0,0
WBGene00168058.,0,0,0
WBGene00168059.,0,0,0
WBGene00168060.,0,0,0
WBGene00168061.,0,0,0
WBGene00168062.,0,0,0
WBGene00168063.,0,0,0
WBGene00168064.,0,0,0
WBGene00168065.,0,0,0
WBGene00168066.,0,0,0
WBGene00168067.,0,0,0
WBGene00168068.,0,0,0
WBGene00168069.,0,0,0
WBGene00168070.,0,0,0
WBGene00168071.,0,0,0
WBGene00168072.,0,0,0
WBGene00168073.,0,0,0
WBGene00168074.,0,0,0
WBGene00168075.,0,0,0
WBGene00168076.,0,0,0
WBGene00168077.,0,0,0
WBGene00168078.,0,0,0
WBGene00168079.,0,0,0
WBGene00168080.,0,0,0
WBGene00168081.,0,0,0
WBGene00168082.,0,0,0
WBGene00168083.,0,7,7
WBGene00168084.,0,2,2
WBGene00168085.,0,0,0
WBGene00168086.,0,0,0
WBGene00168087.,0,0,0
WBGene00168088.,0,0,0
WBGene00168089.,0,1,1
WBGene00168090.,0,6,6
WBGene00168091.,0,0,0
WBGene00168092.,0,5,5
WBGene00168093.,0,0,0
WBGene00168094.,0,0,0
WBGene00168095.,0,0,0
WBGene00168096.,0,0,0
WBGene00168097.,0,0,0
WBGene00168098.,0,0,0
WBGene00168099.,0,0,0
WBGene00168100.,0,0,0
WBGene00168101.,0,0,0
WBGene00168102.,0,0,0
WBGene00168103.,0,0,0
WBGene00168104.,0,0,0
WBGene00168105.,0,0,0
WBGene00168106.,0,0,0
WBGene00168107.,0,0,0
WBGene00168108.,0,0,0
WBGene00168109.,0,0,0
WBGene00168110.,0,0,0
WBGene00168111.,0,7,7
WBGene00168112.,0,0,0
WBGene00168113.,0,0,0
WBGene00168114.,0,0,0
WBGene00168115.,0,0,0
WBGene00168116.,0,0,0
WBGene00168117.,0,6,6
WBGene00168118.,0,0,0
WBGene00168119.,0,0,0
WBGene00168120.,0,6,6
WBGene00168121.,0,0,0
WBGene00168122.,0,0,0
WBGene00168123.,0,0,0
WBGene00168124.,0,2,2
WBGene00168125.,0,0,0
WBGene00168126.,0,0,0
WBGene00168127.,0,0,0
WBGene00168128.,0,0,0
WBGene00168129.,0,2,2
WBGene00168130.,0,7,7
WBGene00168131.,0,0,0
WBGene00168132.,0,0,0
WBGene00168133.,0,0,0
WBGene00168134.,0,0,0
WBGene00168135.,0,3,3
WBGene00168136.,0,0,0
WBGene00168137.,0,0,0
WBGene00168138.,0,0,0
WBGene00168139.,0,0,0
WBGene00168140.,0,0,0
WBGene00168141.,0,0,0
WBGene00168142.,0,0,0
WBGene00168143.,0,0,0
WBGene00168144.,0,0,0
WBGene00168145.,0,0,0
WBGene00168146.,0,0,0
WBGene00168147.,0,7,7
WBGene00168148.,0,0,0
WBGene00168149.,0,0,0
WBGene00168150.,0,0,0
WBGene00168151.,0,0,0
WBGene00168152.,0,0,0
WBGene00168153.,0,0,0
WBGene00168154.,0,0,0
WBGene00168155.,0,0,0
WBGene00168156.,0,1,1
WBGene00168157.,0,0,0
WBGene00168158.,0,0,0
WBGene00168159.,0,0,0
WBGene00168160.,0,0,0
WBGene00168161.,0,0,0
WBGene00168162.,0,0,0
WBGene00168163.,0,0,0
WBGene00168164.,0,0,0
WBGene00168165.,0,2,2
WBGene00168166.,0,0,0
WBGene00168167.,0,0,0
WBGene00168168.,0,0,0
WBGene00168169.,0,0,0
WBGene00168170.,0,0,0
WBGene00168171.,0,0,0
WBGene00168172.,0,0,0
WBGene00168173.,0,0,0
WBGene00168174.,0,0,0
WBGene00168175.,0,6,6
WBGene00168176.,0,0,0
WBGene00168177.,0,0,0
WBGene00168178.,0,0,0
WBGene00168179.,0,1,1
WBGene00168180.,0,0,0
WBGene00168181.,0,0,0
WBGene00168182.,0,0,0
WBGene00168183.,0,0,0
WBGene00168184.,0,0,0
WBGene00168185.,0,0,0
WBGene00168186.,0,0,0
WBGene00168187.,0,0,0
WBGene00168188.,0,10,10
WBGene00168189.,0,0,0
WBGene00168190.,0,0,0
WBGene00168191.,0,0,0
WBGene00168192.,0,0,0
WBGene00168193.,0,0,0
WBGene00168194.,0,1,1
WBGene00168195.,0,0,0
WBGene00168196.,0,0,0
WBGene00168197.,0,0,0
WBGene00168198.,0,1,1
WBGene00168199.,0,0,0
WBGene00168200.,0,0,0
WBGene00168201.,0,0,0
WBGene00168202.,0,0,0
WBGene00168203.,0,0,0
WBGene00168204.,0,0,0
WBGene00168205.,0,0,0
WBGene00168206.,0,0,0
WBGene00168207.,0,0,0
WBGene00168208.,0,0,0
WBGene00168209.,0,0,0
WBGene00168210.,0,0,0
WBGene00168211.,0,0,0
WBGene00168212.,0,0,0
WBGene00168213.,0,0,0
WBGene00168214.,0,0,0
WBGene00168215.,0,0,0
WBGene00168216.,0,0,0
WBGene00168217.,0,0,0
WBGene00168218.,0,0,0
WBGene00168219.,0,0,0
WBGene00168220.,0,0,0
WBGene00168221.,0,0,0
WBGene00168222.,0,0,0
WBGene00168223.,0,0,0
WBGene00168224.,0,0,0
WBGene00168225.,0,0,0
WBGene00168226.,0,0,0
WBGene00168227.,0,3,3
WBGene00168228.,0,0,0
WBGene00168229.,0,0,0
WBGene00168230.,0,1,1
WBGene00168231.,0,0,0
WBGene00168232.,0,0,0
WBGene00168233.,0,0,0
WBGene00168234.,0,0,0
WBGene00168235.,0,0,0
WBGene00168236.,0,0,0
WBGene00168237.,0,0,0
WBGene00168238.,0,1,1
WBGene00168239.,0,0,0
WBGene00168240.,0,0,0
WBGene00168241.,0,0,0
WBGene00168242.,0,0,0
WBGene00168243.,0,0,0
WBGene00168244.,0,0,0
WBGene00168245.,0,0,0
WBGene00168246.,0,0,0
WBGene00168247.,0,0,0
WBGene00168248.,0,0,0
WBGene00168249.,0,0,0
WBGene00168250.,0,0,0
WBGene00168251.,0,0,0
WBGene00168252.,0,0,0
WBGene00168253.,0,0,0
WBGene00168254.,0,1,1
WBGene00168255.,0,0,0
WBGene00168256.,0,0,0
WBGene00168257.,0,0,0
WBGene00168258.,0,0,0
WBGene00168259.,0,0,0
WBGene00168260.,0,1,1
WBGene00168261.,0,1,1
WBGene00168262.,0,6,6
WBGene00168263.,0,0,0
WBGene00168264.,0,5,5
WBGene00168265.,0,0,0
WBGene00168266.,0,0,0
WBGene00168267.,0,1,1
WBGene00168268.,0,0,0
WBGene00168269.,0,0,0
WBGene00168270.,0,0,0
WBGene00168271.,0,0,0
WBGene00168272.,0,0,0
WBGene00168273.,0,0,0
WBGene00168274.,0,0,0
WBGene00168275.,0,1,1
WBGene00168276.,0,0,0
WBGene00168277.,0,0,0
WBGene00168278.,0,0,0
WBGene00168279.,0,0,0
WBGene00168280.,0,0,0
WBGene00168281.,0,0,0
WBGene00168282.,0,1,1
WBGene00168283.,0,0,0
WBGene00168284.,0,0,0
WBGene00168285.,0,1,1
WBGene00168286.,0,1,1
WBGene00168287.,0,0,0
WBGene00168288.,0,0,0
WBGene00168289.,0,0,0
WBGene00168290.,0,0,0
WBGene00168291.,0,0,0
WBGene00168292.,0,0,0
WBGene00168293.,0,0,0
WBGene00168294.,0,0,0
WBGene00168295.,0,0,0
WBGene00168296.,0,0,0
WBGene00168297.,0,0,0
WBGene00168298.,0,0,0
WBGene00168299.,0,0,0
WBGene00168300.,0,1,1
WBGene00168301.,0,0,0
WBGene00168302.,0,0,0
WBGene00168303.,0,4,4
WBGene00168304.,0,0,0
WBGene00168305.,0,0,0
WBGene00168306.,0,0,0
WBGene00168307.,0,2,2
WBGene00168308.,0,0,0
WBGene00168309.,0,0,0
WBGene00168310.,0,0,0
WBGene00168311.,0,0,0
WBGene00168312.,0,0,0
WBGene00168313.,0,0,0
WBGene00168314.,0,0,0
WBGene00168315.,0,0,0
WBGene00168316.,0,0,0
WBGene00168317.,0,0,0
WBGene00168318.,0,0,0
WBGene00168319.,0,0,0
WBGene00168320.,0,0,0
WBGene00168321.,0,0,0
WBGene00168322.,0,0,0
WBGene00168323.,0,0,0
WBGene00168324.,0,2,2
WBGene00168325.,0,0,0
WBGene00168326.,0,0,0
WBGene00168327.,0,0,0
WBGene00168328.,0,0,0
WBGene00168329.,0,0,0
WBGene00168330.,0,0,0
WBGene00168331.,0,0,0
WBGene00168332.,0,0,0
WBGene00168333.,0,0,0
WBGene00168334.,0,0,0
WBGene00168335.,0,0,0
WBGene00168336.,0,1,1
WBGene00168337.,0,0,0
WBGene00168338.,0,0,0
WBGene00168339.,0,0,0
WBGene00168340.,0,0,0
WBGene00168341.,0,0,0
WBGene00168342.,0,0,0
WBGene00168343.,0,0,0
WBGene00168344.,0,0,0
WBGene00168345.,0,0,0
WBGene00168346.,0,0,0
WBGene00168347.,0,0,0
WBGene00168348.,0,0,0
WBGene00168349.,0,2,2
WBGene00168350.,0,0,0
WBGene00168351.,0,0,0
WBGene00168352.,0,0,0
WBGene00168353.,0,0,0
WBGene00168354.,0,0,0
WBGene00168355.,0,0,0
WBGene00168356.,0,0,0
WBGene00168357.,0,0,0
WBGene00168358.,0,0,0
WBGene00168359.,0,1,1
WBGene00168360.,0,0,0
WBGene00168361.,0,0,0
WBGene00168362.,0,0,0
WBGene00168363.,0,0,0
WBGene00168364.,0,0,0
WBGene00168365.,0,0,0
WBGene00168366.,0,0,0
WBGene00168367.,0,3,3
WBGene00168368.,0,0,0
WBGene00168369.,0,17,17
WBGene00168370.,0,0,0
WBGene00168371.,0,0,0
WBGene00168372.,0,0,0
WBGene00168373.,0,0,0
WBGene00168374.,0,0,0
WBGene00168375.,0,3,3
WBGene00168376.,0,0,0
WBGene00168377.,0,0,0
WBGene00168378.,0,0,0
WBGene00168379.,0,0,0
WBGene00168380.,0,0,0
WBGene00168381.,0,0,0
WBGene00168382.,0,0,0
WBGene00168383.,0,0,0
WBGene00168384.,0,0,0
WBGene00168385.,0,0,0
WBGene00168386.,0,0,0
WBGene00168387.,0,0,0
WBGene00168388.,0,27,27
WBGene00168389.,0,0,0
WBGene00168390.,0,0,0
WBGene00168391.,0,0,0
WBGene00168392.,0,0,0
WBGene00168393.,0,0,0
WBGene00168394.,0,0,0
WBGene00168395.,0,0,0
WBGene00168396.,0,3,3
WBGene00168397.,0,0,0
WBGene00168398.,0,0,0
WBGene00168399.,0,0,0
WBGene00168400.,0,0,0
WBGene00168401.,0,0,0
WBGene00168402.,0,0,0
WBGene00168403.,0,0,0
WBGene00168404.,0,0,0
WBGene00168405.,0,0,0
WBGene00168406.,0,0,0
WBGene00168407.,0,0,0
WBGene00168408.,0,0,0
WBGene00168409.,0,2,2
WBGene00168410.,0,0,0
WBGene00168411.,0,0,0
WBGene00168412.,0,0,0
WBGene00168413.,0,0,0
WBGene00168414.,0,0,0
WBGene00168415.,0,0,0
WBGene00168416.,0,0,0
WBGene00168417.,0,0,0
WBGene00168418.,0,0,0
WBGene00168419.,0,0,0
WBGene00168420.,0,0,0
WBGene00168421.,0,0,0
WBGene00168422.,0,0,0
WBGene00168423.,0,0,0
WBGene00168424.,0,0,0
WBGene00168425.,0,0,0
WBGene00168426.,0,0,0
WBGene00168427.,0,0,0
WBGene00168428.,0,0,0
WBGene00168429.,0,0,0
WBGene00168430.,0,0,0
WBGene00168431.,0,0,0
WBGene00168432.,0,0,0
WBGene00168433.,0,0,0
WBGene00168434.,0,0,0
WBGene00168435.,0,0,0
WBGene00168436.,0,0,0
WBGene00168437.,0,0,0
WBGene00168438.,0,0,0
WBGene00168439.,0,0,0
WBGene00168440.,0,0,0
WBGene00168441.,0,0,0
WBGene00168442.,0,1,1
WBGene00168443.,0,0,0
WBGene00168444.,0,0,0
WBGene00168445.,0,0,0
WBGene00168446.,0,0,0
WBGene00168447.,0,0,0
WBGene00168448.,0,0,0
WBGene00168449.,0,0,0
WBGene00168450.,0,0,0
WBGene00168451.,0,0,0
WBGene00168452.,0,0,0
WBGene00168453.,0,0,0
WBGene00168454.,0,0,0
WBGene00168455.,0,0,0
WBGene00168456.,0,0,0
WBGene00168457.,0,28,28
WBGene00168458.,0,0,0
WBGene00168459.,0,0,0
WBGene00168460.,0,0,0
WBGene00168461.,0,0,0
WBGene00168462.,0,0,0
WBGene00168463.,0,0,0
WBGene00168464.,0,0,0
WBGene00168465.,0,0,0
WBGene00168466.,0,0,0
WBGene00168467.,0,0,0
WBGene00168468.,0,1,1
WBGene00168469.,0,0,0
WBGene00168470.,0,0,0
WBGene00168472.,0,0,0
WBGene00168473.,0,0,0
WBGene00168474.,0,0,0
WBGene00168475.,0,0,0
WBGene00168476.,0,0,0
WBGene00168477.,0,0,0
WBGene00168478.,0,0,0
WBGene00168479.,0,0,0
WBGene00168480.,0,0,0
WBGene00168481.,0,0,0
WBGene00168482.,0,0,0
WBGene00168483.,0,0,0
WBGene00168484.,0,0,0
WBGene00168485.,0,0,0
WBGene00168486.,0,1,1
WBGene00168487.,0,0,0
WBGene00168488.,0,0,0
WBGene00168489.,0,0,0
WBGene00168490.,0,0,0
WBGene00168491.,0,0,0
WBGene00168492.,0,0,0
WBGene00168493.,0,0,0
WBGene00168494.,0,0,0
WBGene00168495.,0,0,0
WBGene00168496.,0,0,0
WBGene00168497.,0,0,0
WBGene00168498.,0,0,0
WBGene00168499.,0,0,0
WBGene00168500.,0,0,0
WBGene00168501.,0,3,3
WBGene00168502.,0,0,0
WBGene00168503.,0,1,1
WBGene00168504.,0,0,0
WBGene00168505.,0,0,0
WBGene00168506.,0,0,0
WBGene00168507.,0,0,0
WBGene00168508.,0,0,0
WBGene00168509.,0,0,0
WBGene00168510.,0,2,2
WBGene00168511.,0,0,0
WBGene00168512.,0,0,0
WBGene00168513.,0,0,0
WBGene00168514.,0,0,0
WBGene00168515.,0,0,0
WBGene00168516.,0,0,0
WBGene00168517.,0,0,0
WBGene00168518.,0,0,0
WBGene00168519.,0,0,0
WBGene00168520.,0,0,0
WBGene00168521.,0,0,0
WBGene00168522.,0,0,0
WBGene00168523.,0,0,0
WBGene00168524.,0,0,0
WBGene00168525.,0,1,1
WBGene00168526.,0,0,0
WBGene00168527.,0,0,0
WBGene00168528.,0,0,0
WBGene00168529.,0,0,0
WBGene00168530.,0,0,0
WBGene00168531.,0,0,0
WBGene00168532.,0,0,0
WBGene00168533.,0,1,1
WBGene00168534.,0,0,0
WBGene00168535.,0,0,0
WBGene00168536.,0,0,0
WBGene00168537.,0,2,2
WBGene00168538.,0,0,0
WBGene00168539.,0,0,0
WBGene00168540.,0,0,0
WBGene00168541.,0,0,0
WBGene00168542.,0,0,0
WBGene00168543.,0,0,0
WBGene00168544.,0,0,0
WBGene00168545.,0,0,0
WBGene00168546.,0,0,0
WBGene00168547.,0,0,0
WBGene00168548.,0,5,5
WBGene00168549.,0,0,0
WBGene00168550.,0,0,0
WBGene00168551.,0,0,0
WBGene00168552.,0,0,0
WBGene00168553.,0,0,0
WBGene00168554.,0,0,0
WBGene00168555.,0,8,8
WBGene00168556.,0,0,0
WBGene00168557.,0,0,0
WBGene00168558.,0,0,0
WBGene00168559.,0,0,0
WBGene00168560.,0,0,0
WBGene00168561.,0,0,0
WBGene00168562.,0,0,0
WBGene00168563.,0,0,0
WBGene00168564.,0,0,0
WBGene00168565.,0,0,0
WBGene00168566.,0,0,0
WBGene00168567.,0,0,0
WBGene00168568.,0,0,0
WBGene00168569.,0,0,0
WBGene00168570.,0,0,0
WBGene00168571.,0,0,0
WBGene00168572.,0,0,0
WBGene00168573.,0,1,1
WBGene00168574.,0,0,0
WBGene00168575.,0,0,0
WBGene00168576.,0,0,0
WBGene00168577.,0,0,0
WBGene00168578.,0,0,0
WBGene00168579.,0,0,0
WBGene00168580.,0,0,0
WBGene00168581.,0,0,0
WBGene00168582.,0,0,0
WBGene00168583.,0,0,0
WBGene00168584.,0,0,0
WBGene00168585.,0,0,0
WBGene00168586.,0,0,0
WBGene00168587.,0,0,0
WBGene00168588.,0,0,0
WBGene00168589.,0,0,0
WBGene00168590.,0,0,0
WBGene00168591.,0,0,0
WBGene00168592.,0,0,0
WBGene00168593.,0,0,0
WBGene00168594.,0,0,0
WBGene00168595.,0,0,0
WBGene00168596.,0,0,0
WBGene00168597.,0,0,0
WBGene00168598.,0,0,0
WBGene00168599.,0,0,0
WBGene00168600.,0,0,0
WBGene00168601.,0,0,0
WBGene00168602.,0,0,0
WBGene00168603.,0,0,0
WBGene00168604.,0,0,0
WBGene00168605.,0,0,0
WBGene00168606.,0,0,0
WBGene00168607.,0,0,0
WBGene00168608.,0,0,0
WBGene00168609.,0,0,0
WBGene00168610.,0,0,0
WBGene00168611.,0,0,0
WBGene00168612.,0,0,0
WBGene00168613.,0,0,0
WBGene00168614.,0,0,0
WBGene00168615.,0,0,0
WBGene00168616.,0,1,1
WBGene00168617.,0,0,0
WBGene00168618.,0,0,0
WBGene00168619.,0,0,0
WBGene00168620.,0,0,0
WBGene00168621.,0,0,0
WBGene00168622.,0,2,2
WBGene00168623.,0,0,0
WBGene00168624.,0,0,0
WBGene00168625.,0,0,0
WBGene00168626.,0,0,0
WBGene00168627.,0,0,0
WBGene00168628.,0,0,0
WBGene00168629.,0,0,0
WBGene00168630.,0,0,0
WBGene00168631.,0,0,0
WBGene00168632.,0,0,0
WBGene00168633.,0,0,0
WBGene00168634.,0,0,0
WBGene00168635.,0,0,0
WBGene00168636.,0,0,0
WBGene00168637.,0,0,0
WBGene00168638.,0,0,0
WBGene00168639.,0,0,0
WBGene00168640.,0,0,0
WBGene00168641.,0,0,0
WBGene00168642.,0,1,1
WBGene00168643.,0,0,0
WBGene00168644.,0,0,0
WBGene00168645.,0,1,1
WBGene00168646.,0,0,0
WBGene00168647.,0,0,0
WBGene00168648.,0,0,0
WBGene00168649.,0,0,0
WBGene00168650.,0,0,0
WBGene00168651.,0,0,0
WBGene00168652.,0,0,0
WBGene00168653.,0,1,1
WBGene00168654.,0,6,6
WBGene00168655.,0,0,0
WBGene00168656.,0,0,0
WBGene00168657.,0,0,0
WBGene00168658.,0,0,0
WBGene00168659.,0,0,0
WBGene00168660.,0,0,0
WBGene00168661.,0,0,0
WBGene00168662.,0,2,2
WBGene00168663.,0,0,0
WBGene00168664.,0,0,0
WBGene00168665.,0,0,0
WBGene00168666.,0,0,0
WBGene00168667.,0,0,0
WBGene00168668.,0,0,0
WBGene00168669.,0,0,0
WBGene00168670.,0,0,0
WBGene00168671.,0,0,0
WBGene00168672.,0,0,0
WBGene00168673.,0,0,0
WBGene00168674.,0,0,0
WBGene00168675.,0,0,0
WBGene00168676.,0,8,8
WBGene00168677.,0,0,0
WBGene00168678.,0,0,0
WBGene00168679.,0,0,0
WBGene00168680.,0,0,0
WBGene00168681.,0,0,0
WBGene00168682.,0,0,0
WBGene00168683.,0,0,0
WBGene00168684.,0,0,0
WBGene00168685.,0,0,0
WBGene00168686.,0,0,0
WBGene00168687.,0,0,0
WBGene00168688.,0,0,0
WBGene00168689.,0,0,0
WBGene00168690.,0,0,0
WBGene00168691.,0,0,0
WBGene00168692.,0,0,0
WBGene00168693.,0,1,1
WBGene00168694.,0,0,0
WBGene00168695.,0,0,0
WBGene00168696.,0,0,0
WBGene00168697.,0,0,0
WBGene00168698.,0,0,0
WBGene00168699.,0,0,0
WBGene00168700.,0,0,0
WBGene00168701.,0,0,0
WBGene00168702.,0,0,0
WBGene00168703.,0,0,0
WBGene00168704.,0,0,0
WBGene00168705.,0,1,1
WBGene00168706.,0,0,0
WBGene00168707.,0,0,0
WBGene00168708.,0,0,0
WBGene00168709.,0,0,0
WBGene00168710.,0,1,1
WBGene00168711.,0,0,0
WBGene00168712.,0,0,0
WBGene00168713.,0,0,0
WBGene00168714.,0,0,0
WBGene00168715.,0,0,0
WBGene00168716.,0,0,0
WBGene00168717.,0,0,0
WBGene00168718.,0,0,0
WBGene00168719.,0,0,0
WBGene00168720.,0,6,6
WBGene00168721.,0,2,2
WBGene00168722.,0,0,0
WBGene00168723.,0,0,0
WBGene00168724.,0,0,0
WBGene00168725.,0,0,0
WBGene00168726.,0,0,0
WBGene00168727.,0,1,1
WBGene00168728.,0,0,0
WBGene00168729.,0,1,1
WBGene00168730.,0,0,0
WBGene00168731.,0,0,0
WBGene00168732.,0,2,2
WBGene00168733.,0,0,0
WBGene00168734.,0,0,0
WBGene00168735.,0,0,0
WBGene00168736.,0,1,1
WBGene00168737.,0,0,0
WBGene00168738.,0,0,0
WBGene00168739.,0,0,0
WBGene00168740.,0,0,0
WBGene00168741.,0,0,0
WBGene00168742.,0,0,0
WBGene00168743.,0,0,0
WBGene00168744.,0,0,0
WBGene00168745.,0,0,0
WBGene00168746.,0,0,0
WBGene00168747.,0,0,0
WBGene00168748.,0,0,0
WBGene00168749.,0,0,0
WBGene00168750.,0,0,0
WBGene00168751.,0,1,1
WBGene00168752.,0,0,0
WBGene00168753.,0,0,0
WBGene00168754.,0,0,0
WBGene00168755.,0,0,0
WBGene00168756.,0,1,1
WBGene00168757.,0,0,0
WBGene00168758.,0,1,1
WBGene00168759.,0,0,0
WBGene00168760.,0,0,0
WBGene00168761.,0,0,0
WBGene00168762.,0,0,0
WBGene00168763.,0,0,0
WBGene00168764.,0,2,2
WBGene00168765.,0,0,0
WBGene00168766.,0,0,0
WBGene00168767.,0,0,0
WBGene00168768.,0,0,0
WBGene00168769.,0,0,0
WBGene00168770.,0,0,0
WBGene00168771.,0,0,0
WBGene00168772.,0,0,0
WBGene00168773.,0,0,0
WBGene00168774.,0,0,0
WBGene00168775.,0,2,2
WBGene00168776.,0,0,0
WBGene00168777.,0,3,3
WBGene00168778.,0,0,0
WBGene00168779.,0,2,2
WBGene00168780.,0,0,0
WBGene00168781.,0,0,0
WBGene00168782.,0,0,0
WBGene00168783.,0,0,0
WBGene00168784.,0,0,0
WBGene00168785.,0,0,0
WBGene00168786.,0,0,0
WBGene00168787.,0,0,0
WBGene00168788.,0,0,0
WBGene00168789.,0,0,0
WBGene00168790.,0,0,0
WBGene00168791.,0,0,0
WBGene00168792.,0,0,0
WBGene00168793.,0,0,0
WBGene00168794.,0,0,0
WBGene00168795.,0,0,0
WBGene00168796.,0,0,0
WBGene00168797.,0,0,0
WBGene00168798.,0,0,0
WBGene00168799.,0,0,0
WBGene00168800.,0,0,0
WBGene00168801.,0,0,0
WBGene00168802.,0,0,0
WBGene00168803.,0,0,0
WBGene00168804.,0,0,0
WBGene00168805.,0,0,0
WBGene00168806.,0,0,0
WBGene00168807.,0,1,1
WBGene00168808.,0,0,0
WBGene00168809.,0,2,2
WBGene00168810.,0,0,0
WBGene00168811.,0,0,0
WBGene00168812.,0,0,0
WBGene00168813.,0,0,0
WBGene00168814.,0,0,0
WBGene00168815.,0,3,3
WBGene00168816.,0,0,0
WBGene00168817.,0,0,0
WBGene00168818.,0,0,0
WBGene00168819.,0,0,0
WBGene00168820.,0,0,0
WBGene00168821.,0,0,0
WBGene00168822.,0,0,0
WBGene00168823.,0,0,0
WBGene00168824.,0,0,0
WBGene00168825.,0,0,0
WBGene00168826.,0,0,0
WBGene00168827.,0,0,0
WBGene00168828.,0,0,0
WBGene00168829.,0,0,0
WBGene00168830.,0,0,0
WBGene00168831.,0,0,0
WBGene00168832.,0,0,0
WBGene00168833.,0,0,0
WBGene00168834.,0,0,0
WBGene00168835.,0,0,0
WBGene00168836.,0,0,0
WBGene00168837.,0,0,0
WBGene00168838.,0,0,0
WBGene00168839.,0,0,0
WBGene00168840.,0,0,0
WBGene00168841.,0,0,0
WBGene00168842.,0,0,0
WBGene00168843.,0,1,1
WBGene00168844.,0,0,0
WBGene00168845.,0,0,0
WBGene00168846.,0,0,0
WBGene00168847.,0,0,0
WBGene00168848.,0,0,0
WBGene00168849.,0,0,0
WBGene00168850.,0,0,0
WBGene00168851.,0,0,0
WBGene00168852.,0,0,0
WBGene00168853.,0,0,0
WBGene00168854.,0,0,0
WBGene00168855.,0,0,0
WBGene00168856.,0,0,0
WBGene00168857.,0,0,0
WBGene00168858.,0,0,0
WBGene00168859.,0,0,0
WBGene00168860.,0,0,0
WBGene00168861.,0,0,0
WBGene00168862.,0,0,0
WBGene00168863.,0,0,0
WBGene00168864.,0,5,5
WBGene00168865.,0,0,0
WBGene00168866.,0,0,0
WBGene00168867.,0,0,0
WBGene00168868.,0,0,0
WBGene00168869.,0,0,0
WBGene00168870.,0,0,0
WBGene00168871.,0,0,0
WBGene00168872.,0,0,0
WBGene00168873.,0,0,0
WBGene00168874.,0,0,0
WBGene00168875.,0,0,0
WBGene00168876.,0,11,11
WBGene00168877.,0,1,1
WBGene00168878.,0,0,0
WBGene00168879.,0,0,0
WBGene00168880.,0,0,0
WBGene00168881.,0,0,0
WBGene00168882.,0,0,0
WBGene00168883.,0,0,0
WBGene00168884.,0,0,0
WBGene00168885.,0,0,0
WBGene00168886.,0,0,0
WBGene00168887.,0,0,0
WBGene00168888.,0,0,0
WBGene00168889.,0,0,0
WBGene00168890.,0,0,0
WBGene00168891.,0,0,0
WBGene00168892.,0,1,1
WBGene00168893.,0,5,5
WBGene00168894.,0,0,0
WBGene00168895.,0,0,0
WBGene00168896.,0,0,0
WBGene00168897.,0,0,0
WBGene00168898.,0,0,0
WBGene00168899.,0,0,0
WBGene00168900.,0,0,0
WBGene00168901.,0,0,0
WBGene00168902.,0,0,0
WBGene00168903.,0,0,0
WBGene00168904.,0,0,0
WBGene00168905.,0,0,0
WBGene00168906.,0,0,0
WBGene00168907.,0,0,0
WBGene00168908.,0,0,0
WBGene00168909.,0,0,0
WBGene00168910.,0,0,0
WBGene00168911.,0,0,0
WBGene00168912.,0,0,0
WBGene00168913.,0,0,0
WBGene00168914.,0,7,7
WBGene00168915.,0,0,0
WBGene00168916.,0,1,1
WBGene00168917.,0,0,0
WBGene00168918.,0,0,0
WBGene00168919.,0,1,1
WBGene00168920.,0,0,0
WBGene00168921.,0,0,0
WBGene00168922.,0,0,0
WBGene00168923.,0,0,0
WBGene00168924.,0,0,0
WBGene00168925.,0,0,0
WBGene00168926.,0,0,0
WBGene00168927.,0,0,0
WBGene00168928.,0,3,3
WBGene00168929.,0,0,0
WBGene00168930.,0,0,0
WBGene00168931.,0,0,0
WBGene00168932.,0,0,0
WBGene00168933.,0,1,1
WBGene00168934.,0,0,0
WBGene00168935.,0,0,0
WBGene00168936.,0,0,0
WBGene00168937.,0,0,0
WBGene00168938.,0,0,0
WBGene00168939.,0,0,0
WBGene00168940.,0,0,0
WBGene00168941.,0,0,0
WBGene00168942.,0,0,0
WBGene00168943.,0,0,0
WBGene00168944.,0,0,0
WBGene00168945.,0,0,0
WBGene00168946.,0,0,0
WBGene00168947.,0,4,4
WBGene00168948.,0,0,0
WBGene00168949.,0,0,0
WBGene00168950.,0,0,0
WBGene00168951.,0,1,1
WBGene00168952.,0,0,0
WBGene00168953.,0,0,0
WBGene00168954.,0,1,1
WBGene00168955.,0,3,3
WBGene00168956.,0,0,0
WBGene00168957.,0,0,0
WBGene00168958.,0,1,1
WBGene00168959.,0,0,0
WBGene00168960.,0,0,0
WBGene00168961.,0,0,0
WBGene00168962.,0,1,1
WBGene00168963.,0,0,0
WBGene00168964.,0,0,0
WBGene00168965.,0,0,0
WBGene00168966.,0,1,1
WBGene00168967.,0,0,0
WBGene00168968.,0,0,0
WBGene00168969.,0,0,0
WBGene00168970.,0,8,8
WBGene00168971.,0,0,0
WBGene00168972.,0,0,0
WBGene00168973.,0,0,0
WBGene00168974.,0,0,0
WBGene00168975.,0,0,0
WBGene00168976.,0,0,0
WBGene00168977.,0,0,0
WBGene00168978.,0,0,0
WBGene00168979.,0,0,0
WBGene00168980.,0,0,0
WBGene00168981.,0,0,0
WBGene00168982.,0,0,0
WBGene00168983.,0,0,0
WBGene00168984.,0,0,0
WBGene00168985.,0,18,18
WBGene00168986.,0,0,0
WBGene00168987.,0,0,0
WBGene00168988.,0,0,0
WBGene00168989.,0,0,0
WBGene00168990.,0,1,1
WBGene00168991.,0,0,0
WBGene00168992.,0,0,0
WBGene00168993.,0,0,0
WBGene00168994.,0,0,0
WBGene00168995.,0,5,5
WBGene00168996.,0,0,0
WBGene00168997.,0,0,0
WBGene00168998.,0,0,0
WBGene00168999.,0,0,0
WBGene00169000.,0,0,0
WBGene00169001.,0,0,0
WBGene00169002.,0,0,0
WBGene00169003.,0,0,0
WBGene00169004.,0,0,0
WBGene00169005.,0,0,0
WBGene00169006.,0,1,1
WBGene00169007.,0,0,0
WBGene00169008.,0,0,0
WBGene00169009.,0,0,0
WBGene00169010.,0,0,0
WBGene00169011.,0,0,0
WBGene00169012.,0,0,0
WBGene00169013.,0,0,0
WBGene00169014.,0,0,0
WBGene00169015.,0,0,0
WBGene00169016.,0,1,1
WBGene00169017.,0,0,0
WBGene00169018.,0,0,0
WBGene00169019.,0,0,0
WBGene00169020.,0,0,0
WBGene00169021.,0,0,0
WBGene00169022.,0,0,0
WBGene00169023.,0,0,0
WBGene00169024.,0,0,0
WBGene00169025.,0,0,0
WBGene00169026.,0,0,0
WBGene00169027.,0,0,0
WBGene00169028.,0,0,0
WBGene00169029.,0,0,0
WBGene00169030.,0,0,0
WBGene00169031.,0,0,0
WBGene00169032.,0,0,0
WBGene00169033.,0,0,0
WBGene00169034.,0,0,0
WBGene00169035.,0,0,0
WBGene00169036.,0,1,1
WBGene00169037.,0,0,0
WBGene00169038.,0,0,0
WBGene00169039.,0,0,0
WBGene00169040.,0,0,0
WBGene00169041.,0,0,0
WBGene00169042.,0,0,0
WBGene00169043.,0,0,0
WBGene00169044.,0,0,0
WBGene00169045.,0,0,0
WBGene00169046.,0,4,4
WBGene00169047.,0,0,0
WBGene00169048.,0,0,0
WBGene00169049.,0,0,0
WBGene00169050.,0,0,0
WBGene00169051.,0,0,0
WBGene00169052.,0,0,0
WBGene00169053.,0,0,0
WBGene00169054.,0,1,1
WBGene00169055.,0,0,0
WBGene00169056.,0,0,0
WBGene00169057.,0,0,0
WBGene00169058.,0,0,0
WBGene00169059.,0,1,1
WBGene00169060.,0,0,0
WBGene00169061.,0,0,0
WBGene00169062.,0,0,0
WBGene00169063.,0,0,0
WBGene00169064.,0,2,2
WBGene00169065.,0,0,0
WBGene00169066.,0,1,1
WBGene00169067.,0,0,0
WBGene00169068.,0,0,0
WBGene00169069.,0,0,0
WBGene00169070.,0,0,0
WBGene00169071.,0,2,2
WBGene00169072.,0,0,0
WBGene00169073.,0,1,1
WBGene00169074.,0,0,0
WBGene00169075.,0,0,0
WBGene00169076.,0,0,0
WBGene00169077.,0,0,0
WBGene00169078.,0,0,0
WBGene00169079.,0,0,0
WBGene00169080.,0,0,0
WBGene00169081.,0,0,0
WBGene00169082.,0,0,0
WBGene00169083.,0,0,0
WBGene00169084.,0,0,0
WBGene00169085.,0,0,0
WBGene00169086.,0,0,0
WBGene00169087.,0,0,0
WBGene00169088.,0,0,0
WBGene00169089.,0,0,0
WBGene00169090.,0,0,0
WBGene00169091.,0,0,0
WBGene00169092.,0,2,2
WBGene00169093.,0,0,0
WBGene00169094.,0,0,0
WBGene00169095.,0,0,0
WBGene00169096.,0,0,0
WBGene00169097.,0,0,0
WBGene00169098.,0,0,0
WBGene00169099.,0,0,0
WBGene00169100.,0,0,0
WBGene00169101.,0,0,0
WBGene00169102.,0,0,0
WBGene00169103.,0,0,0
WBGene00169104.,0,0,0
WBGene00169105.,0,0,0
WBGene00169106.,0,0,0
WBGene00169107.,0,0,0
WBGene00169108.,0,0,0
WBGene00169109.,0,0,0
WBGene00169110.,0,0,0
WBGene00169111.,0,0,0
WBGene00169112.,0,0,0
WBGene00169113.,0,0,0
WBGene00169114.,0,0,0
WBGene00169115.,0,0,0
WBGene00169116.,0,1,1
WBGene00169117.,0,0,0
WBGene00169118.,0,0,0
WBGene00169119.,0,0,0
WBGene00169120.,0,0,0
WBGene00169121.,0,0,0
WBGene00169122.,0,0,0
WBGene00169123.,0,0,0
WBGene00169124.,0,0,0
WBGene00169125.,0,0,0
WBGene00169126.,0,2,2
WBGene00169127.,0,0,0
WBGene00169128.,0,0,0
WBGene00169129.,0,1,1
WBGene00169130.,0,0,0
WBGene00169131.,0,0,0
WBGene00169132.,0,0,0
WBGene00169133.,0,0,0
WBGene00169134.,0,0,0
WBGene00169135.,0,0,0
WBGene00169136.,0,0,0
WBGene00169137.,0,0,0
WBGene00169138.,0,0,0
WBGene00169139.,0,0,0
WBGene00169140.,0,0,0
WBGene00169141.,0,0,0
WBGene00169142.,0,0,0
WBGene00169143.,0,0,0
WBGene00169144.,0,0,0
WBGene00169145.,0,0,0
WBGene00169146.,0,0,0
WBGene00169147.,0,0,0
WBGene00169148.,0,0,0
WBGene00169149.,0,0,0
WBGene00169150.,0,1,1
WBGene00169151.,0,0,0
WBGene00169152.,0,0,0
WBGene00169153.,0,0,0
WBGene00169154.,0,0,0
WBGene00169155.,0,0,0
WBGene00169156.,0,0,0
WBGene00169157.,0,0,0
WBGene00169158.,0,0,0
WBGene00169159.,0,1,1
WBGene00169160.,0,0,0
WBGene00169161.,0,0,0
WBGene00169162.,0,1,1
WBGene00169163.,0,4,4
WBGene00169164.,0,0,0
WBGene00169165.,0,0,0
WBGene00169166.,0,0,0
WBGene00169167.,0,0,0
WBGene00169168.,0,0,0
WBGene00169169.,0,0,0
WBGene00169170.,0,0,0
WBGene00169171.,0,8,8
WBGene00169172.,0,0,0
WBGene00169173.,0,0,0
WBGene00169174.,0,0,0
WBGene00169175.,0,1,1
WBGene00169176.,0,0,0
WBGene00169177.,0,1,1
WBGene00169178.,0,0,0
WBGene00169179.,0,0,0
WBGene00169180.,0,0,0
WBGene00169181.,0,0,0
WBGene00169182.,0,0,0
WBGene00169183.,0,0,0
WBGene00169184.,0,0,0
WBGene00169185.,0,0,0
WBGene00169186.,0,0,0
WBGene00169187.,0,0,0
WBGene00169188.,0,0,0
WBGene00169189.,0,1,1
WBGene00169190.,0,0,0
WBGene00169191.,0,6,6
WBGene00169192.,0,0,0
WBGene00169193.,0,0,0
WBGene00169194.,0,1,1
WBGene00169195.,0,0,0
WBGene00169196.,0,0,0
WBGene00169197.,0,0,0
WBGene00169198.,0,0,0
WBGene00169199.,0,0,0
WBGene00169200.,0,0,0
WBGene00169201.,0,0,0
WBGene00169202.,0,0,0
WBGene00169203.,0,0,0
WBGene00169204.,0,1,1
WBGene00169205.,0,1,1
WBGene00169206.,0,0,0
WBGene00169207.,0,0,0
WBGene00169208.,0,0,0
WBGene00169209.,0,0,0
WBGene00169210.,0,0,0
WBGene00169211.,0,0,0
WBGene00169212.,0,0,0
WBGene00169213.,0,0,0
WBGene00169214.,0,1,1
WBGene00169215.,0,0,0
WBGene00169216.,0,0,0
WBGene00169217.,0,0,0
WBGene00169218.,0,0,0
WBGene00169219.,0,0,0
WBGene00169220.,0,1,1
WBGene00169221.,0,0,0
WBGene00169222.,0,0,0
WBGene00169223.,0,0,0
WBGene00169224.,0,0,0
WBGene00169225.,0,0,0
WBGene00169226.,0,0,0
WBGene00169227.,0,0,0
WBGene00169228.,0,0,0
WBGene00169229.,0,0,0
WBGene00169230.,0,0,0
WBGene00169231.,0,0,0
WBGene00169232.,0,0,0
WBGene00169233.,0,0,0
WBGene00169234.,0,0,0
WBGene00169235.,0,0,0
WBGene00169236.,0,0,0
WBGene00169237.,0,0,0
WBGene00169238.,0,0,0
WBGene00169239.,0,0,0
WBGene00169240.,0,3,3
WBGene00169242.,0,0,0
WBGene00169243.,0,0,0
WBGene00169244.,0,0,0
WBGene00169245.,0,0,0
WBGene00169246.,0,0,0
WBGene00169247.,0,0,0
WBGene00169248.,0,0,0
WBGene00169249.,0,0,0
WBGene00169250.,0,0,0
WBGene00169251.,0,0,0
WBGene00169252.,0,0,0
WBGene00169253.,0,0,0
WBGene00169254.,0,0,0
WBGene00169255.,0,0,0
WBGene00169256.,0,0,0
WBGene00169257.,0,0,0
WBGene00169258.,0,0,0
WBGene00169259.,0,0,0
WBGene00169260.,0,0,0
WBGene00169261.,0,0,0
WBGene00169262.,0,0,0
WBGene00169263.,0,0,0
WBGene00169264.,0,0,0
WBGene00169265.,0,0,0
WBGene00169266.,0,0,0
WBGene00169267.,0,0,0
WBGene00169268.,0,0,0
WBGene00169269.,0,1,1
WBGene00169270.,0,0,0
WBGene00169271.,0,0,0
WBGene00169272.,0,0,0
WBGene00169273.,0,0,0
WBGene00169274.,0,0,0
WBGene00169275.,0,1,1
WBGene00169276.,0,0,0
WBGene00169277.,0,0,0
WBGene00169278.,0,0,0
WBGene00169279.,0,0,0
WBGene00169280.,0,0,0
WBGene00169281.,0,0,0
WBGene00169282.,0,0,0
WBGene00169283.,0,0,0
WBGene00169284.,0,0,0
WBGene00169285.,0,2,2
WBGene00169286.,0,0,0
WBGene00169287.,0,0,0
WBGene00169288.,0,0,0
WBGene00169289.,0,0,0
WBGene00169290.,0,0,0
WBGene00169291.,0,0,0
WBGene00169292.,0,0,0
WBGene00169293.,0,0,0
WBGene00169294.,0,0,0
WBGene00169295.,0,0,0
WBGene00169296.,0,0,0
WBGene00169297.,0,0,0
WBGene00169298.,0,2,2
WBGene00169299.,0,0,0
WBGene00169300.,0,0,0
WBGene00169301.,0,0,0
WBGene00169302.,0,0,0
WBGene00169303.,0,0,0
WBGene00169304.,0,0,0
WBGene00169305.,0,0,0
WBGene00169306.,0,0,0
WBGene00169307.,0,0,0
WBGene00169308.,0,0,0
WBGene00169309.,0,0,0
WBGene00169310.,0,0,0
WBGene00169311.,0,0,0
WBGene00169312.,0,0,0
WBGene00169313.,0,0,0
WBGene00169314.,0,0,0
WBGene00169315.,0,0,0
WBGene00169316.,0,0,0
WBGene00169317.,0,0,0
WBGene00169318.,0,1,1
WBGene00169319.,0,0,0
WBGene00169320.,0,0,0
WBGene00169321.,0,0,0
WBGene00169322.,0,3,3
WBGene00169323.,0,0,0
WBGene00169324.,0,0,0
WBGene00169325.,0,0,0
WBGene00169326.,0,0,0
WBGene00169327.,0,0,0
WBGene00169328.,0,0,0
WBGene00169329.,0,0,0
WBGene00169330.,0,2,2
WBGene00169331.,0,0,0
WBGene00169332.,0,0,0
WBGene00169333.,0,0,0
WBGene00169334.,0,0,0
WBGene00169335.,0,8,8
WBGene00169336.,0,0,0
WBGene00169337.,0,0,0
WBGene00169338.,0,0,0
WBGene00169339.,0,0,0
WBGene00169340.,0,0,0
WBGene00169341.,0,0,0
WBGene00169342.,0,1,1
WBGene00169343.,0,0,0
WBGene00169344.,0,0,0
WBGene00169345.,0,0,0
WBGene00169346.,0,0,0
WBGene00169347.,0,0,0
WBGene00169348.,0,0,0
WBGene00169349.,0,0,0
WBGene00169350.,0,1,1
WBGene00169351.,0,0,0
WBGene00169352.,0,0,0
WBGene00169353.,0,0,0
WBGene00169354.,0,4,4
WBGene00169355.,0,0,0
WBGene00169356.,0,0,0
WBGene00169357.,0,4,4
WBGene00169358.,0,0,0
WBGene00169359.,0,0,0
WBGene00169360.,0,0,0
WBGene00169361.,0,0,0
WBGene00169362.,0,0,0
WBGene00169363.,0,0,0
WBGene00169364.,0,0,0
WBGene00169365.,0,0,0
WBGene00169366.,0,0,0
WBGene00169367.,0,0,0
WBGene00169368.,0,0,0
WBGene00169369.,0,0,0
WBGene00169370.,0,0,0
WBGene00169371.,0,0,0
WBGene00169372.,0,0,0
WBGene00169373.,0,0,0
WBGene00169374.,0,0,0
WBGene00169375.,0,0,0
WBGene00169376.,0,0,0
WBGene00169377.,0,0,0
WBGene00169378.,0,1,1
WBGene00169379.,0,1,1
WBGene00169380.,0,0,0
WBGene00169381.,0,0,0
WBGene00169382.,0,0,0
WBGene00169383.,0,0,0
WBGene00169384.,0,0,0
WBGene00169385.,0,0,0
WBGene00169386.,0,0,0
WBGene00169387.,0,0,0
WBGene00169388.,0,0,0
WBGene00169389.,0,0,0
WBGene00169390.,0,0,0
WBGene00169391.,0,0,0
WBGene00169392.,0,0,0
WBGene00169393.,0,0,0
WBGene00169394.,0,0,0
WBGene00169395.,0,0,0
WBGene00169396.,0,0,0
WBGene00169397.,0,0,0
WBGene00169398.,0,0,0
WBGene00169399.,0,0,0
WBGene00169401.,0,0,0
WBGene00169402.,0,7,7
WBGene00169403.,0,0,0
WBGene00169404.,0,0,0
WBGene00169405.,0,0,0
WBGene00169406.,0,0,0
WBGene00169407.,0,0,0
WBGene00169408.,0,0,0
WBGene00169409.,0,0,0
WBGene00169410.,0,0,0
WBGene00169411.,0,0,0
WBGene00169412.,0,0,0
WBGene00169413.,0,0,0
WBGene00169414.,0,0,0
WBGene00169415.,0,0,0
WBGene00169416.,0,2,2
WBGene00169417.,0,0,0
WBGene00169418.,0,0,0
WBGene00169419.,0,0,0
WBGene00169420.,0,0,0
WBGene00169421.,0,0,0
WBGene00169422.,0,0,0
WBGene00169423.,0,0,0
WBGene00169424.,0,0,0
WBGene00169425.,0,1,1
WBGene00169426.,0,1,1
WBGene00169427.,0,0,0
WBGene00169428.,0,0,0
WBGene00169429.,0,0,0
WBGene00169430.,0,0,0
WBGene00169431.,0,8,8
WBGene00169432.,0,1,1
WBGene00169433.,0,0,0
WBGene00169434.,0,0,0
WBGene00169435.,0,0,0
WBGene00169436.,0,0,0
WBGene00169437.,0,0,0
WBGene00169438.,0,3,3
WBGene00169439.,0,0,0
WBGene00169440.,0,0,0
WBGene00169441.,0,0,0
WBGene00169442.,0,0,0
WBGene00169443.,0,0,0
WBGene00169444.,0,0,0
WBGene00169445.,0,0,0
WBGene00169446.,0,0,0
WBGene00169447.,0,0,0
WBGene00169448.,0,0,0
WBGene00169449.,0,0,0
WBGene00169450.,0,0,0
WBGene00169451.,0,3,3
WBGene00169452.,0,0,0
WBGene00169453.,0,0,0
WBGene00169454.,0,0,0
WBGene00169455.,0,0,0
WBGene00169456.,0,0,0
WBGene00169457.,0,0,0
WBGene00169458.,0,0,0
WBGene00169459.,0,0,0
WBGene00169460.,0,0,0
WBGene00169461.,0,1,1
WBGene00169462.,0,0,0
WBGene00169463.,0,0,0
WBGene00169464.,0,0,0
WBGene00169465.,0,0,0
WBGene00169466.,0,1,1
WBGene00169467.,0,0,0
WBGene00169468.,0,0,0
WBGene00169469.,0,1,1
WBGene00169470.,0,0,0
WBGene00169471.,0,1,1
WBGene00169472.,0,0,0
WBGene00169473.,0,0,0
WBGene00169474.,0,0,0
WBGene00169475.,0,0,0
WBGene00169476.,0,0,0
WBGene00169477.,0,0,0
WBGene00169478.,0,0,0
WBGene00169479.,0,0,0
WBGene00169480.,0,0,0
WBGene00169481.,0,0,0
WBGene00169482.,0,1,1
WBGene00169483.,0,0,0
WBGene00169484.,0,0,0
WBGene00169485.,0,0,0
WBGene00169486.,0,0,0
WBGene00169487.,0,0,0
WBGene00169488.,0,0,0
WBGene00169489.,0,0,0
WBGene00169490.,0,0,0
WBGene00169491.,0,0,0
WBGene00169492.,0,0,0
WBGene00169493.,0,0,0
WBGene00169494.,0,0,0
WBGene00169495.,0,0,0
WBGene00169496.,0,0,0
WBGene00169497.,0,0,0
WBGene00169498.,0,0,0
WBGene00169499.,0,0,0
WBGene00169500.,0,0,0
WBGene00169501.,0,0,0
WBGene00169502.,0,0,0
WBGene00169503.,0,0,0
WBGene00169504.,0,0,0
WBGene00169505.,0,0,0
WBGene00169506.,0,0,0
WBGene00169507.,0,0,0
WBGene00169508.,0,0,0
WBGene00169509.,0,0,0
WBGene00169510.,0,0,0
WBGene00169511.,0,0,0
WBGene00169512.,0,0,0
WBGene00169513.,0,0,0
WBGene00169514.,0,0,0
WBGene00169515.,0,4,4
WBGene00169516.,0,0,0
WBGene00169517.,0,0,0
WBGene00169518.,0,0,0
WBGene00169519.,0,0,0
WBGene00169520.,0,0,0
WBGene00169521.,0,0,0
WBGene00169522.,0,1,1
WBGene00169523.,0,0,0
WBGene00169524.,0,0,0
WBGene00169525.,0,1,1
WBGene00169526.,0,0,0
WBGene00169527.,0,0,0
WBGene00169528.,0,0,0
WBGene00169529.,0,0,0
WBGene00169530.,0,0,0
WBGene00169531.,0,0,0
WBGene00169532.,0,0,0
WBGene00169533.,0,0,0
WBGene00169534.,0,0,0
WBGene00169535.,0,0,0
WBGene00169536.,0,0,0
WBGene00169537.,0,0,0
WBGene00169538.,0,0,0
WBGene00169539.,0,0,0
WBGene00169540.,0,3,3
WBGene00169541.,0,0,0
WBGene00169542.,0,0,0
WBGene00169543.,0,0,0
WBGene00169544.,0,0,0
WBGene00169545.,0,0,0
WBGene00169546.,0,0,0
WBGene00169547.,0,3,3
WBGene00169548.,0,0,0
WBGene00169549.,0,0,0
WBGene00169550.,0,3,3
WBGene00169551.,0,0,0
WBGene00169552.,0,0,0
WBGene00169553.,0,0,0
WBGene00169554.,0,28,28
WBGene00169555.,0,1,1
WBGene00169556.,0,0,0
WBGene00169557.,0,0,0
WBGene00169558.,0,0,0
WBGene00169559.,0,0,0
WBGene00169560.,0,0,0
WBGene00169561.,0,0,0
WBGene00169562.,0,0,0
WBGene00169563.,0,0,0
WBGene00169564.,0,0,0
WBGene00169565.,0,0,0
WBGene00169566.,0,0,0
WBGene00169567.,0,0,0
WBGene00169568.,0,0,0
WBGene00169569.,0,0,0
WBGene00169570.,0,0,0
WBGene00169571.,0,0,0
WBGene00169572.,0,0,0
WBGene00169573.,0,0,0
WBGene00169574.,0,0,0
WBGene00169575.,0,0,0
WBGene00169576.,0,0,0
WBGene00169577.,0,0,0
WBGene00169578.,0,0,0
WBGene00169579.,0,0,0
WBGene00169580.,0,0,0
WBGene00169581.,0,0,0
WBGene00169582.,0,0,0
WBGene00169583.,0,0,0
WBGene00169584.,0,0,0
WBGene00169585.,0,0,0
WBGene00169586.,0,0,0
WBGene00169587.,0,0,0
WBGene00169588.,0,0,0
WBGene00169589.,0,0,0
WBGene00169590.,0,0,0
WBGene00169591.,0,1,1
WBGene00169592.,0,0,0
WBGene00169593.,0,0,0
WBGene00169594.,0,0,0
WBGene00169595.,0,1,1
WBGene00169596.,0,0,0
WBGene00169597.,0,0,0
WBGene00169598.,0,0,0
WBGene00169599.,0,1,1
WBGene00169600.,0,0,0
WBGene00169601.,0,0,0
WBGene00169602.,0,0,0
WBGene00169603.,0,0,0
WBGene00169604.,0,0,0
WBGene00169605.,0,0,0
WBGene00169606.,0,0,0
WBGene00169607.,0,0,0
WBGene00169608.,0,0,0
WBGene00169609.,0,0,0
WBGene00169610.,0,0,0
WBGene00169611.,0,0,0
WBGene00169612.,0,0,0
WBGene00169613.,0,0,0
WBGene00169614.,0,0,0
WBGene00169615.,0,0,0
WBGene00169617.,0,0,0
WBGene00169618.,0,0,0
WBGene00169619.,0,0,0
WBGene00169620.,0,1,1
WBGene00169621.,0,0,0
WBGene00169622.,0,0,0
WBGene00169623.,0,0,0
WBGene00169624.,0,0,0
WBGene00169625.,0,0,0
WBGene00169626.,0,0,0
WBGene00169627.,0,0,0
WBGene00169628.,0,0,0
WBGene00169629.,0,0,0
WBGene00169630.,0,0,0
WBGene00169631.,0,0,0
WBGene00169632.,0,0,0
WBGene00169633.,0,0,0
WBGene00169634.,0,0,0
WBGene00169635.,0,0,0
WBGene00169636.,0,0,0
WBGene00169637.,0,0,0
WBGene00169638.,0,0,0
WBGene00169639.,0,0,0
WBGene00169640.,0,0,0
WBGene00169641.,0,0,0
WBGene00169642.,0,0,0
WBGene00169643.,0,0,0
WBGene00169644.,0,0,0
WBGene00169645.,0,0,0
WBGene00169646.,0,0,0
WBGene00169647.,0,0,0
WBGene00169648.,0,0,0
WBGene00169649.,0,0,0
WBGene00169650.,0,14,14
WBGene00169651.,0,0,0
WBGene00169652.,0,0,0
WBGene00169653.,0,0,0
WBGene00169654.,0,0,0
WBGene00169655.,0,0,0
WBGene00169656.,0,0,0
WBGene00169657.,0,0,0
WBGene00169658.,0,0,0
WBGene00169659.,0,0,0
WBGene00169660.,0,0,0
WBGene00169661.,0,0,0
WBGene00169662.,0,0,0
WBGene00169663.,0,0,0
WBGene00169664.,0,0,0
WBGene00169665.,0,0,0
WBGene00169666.,0,0,0
WBGene00169667.,0,0,0
WBGene00169668.,0,0,0
WBGene00169669.,0,0,0
WBGene00169670.,0,0,0
WBGene00169671.,0,0,0
WBGene00169672.,0,0,0
WBGene00169673.,0,0,0
WBGene00169674.,0,0,0
WBGene00169675.,0,0,0
WBGene00169676.,0,0,0
WBGene00169677.,0,0,0
WBGene00169678.,0,1,1
WBGene00169679.,0,0,0
WBGene00169680.,0,0,0
WBGene00169681.,0,0,0
WBGene00169682.,0,0,0
WBGene00169683.,0,0,0
WBGene00169684.,0,0,0
WBGene00169685.,0,0,0
WBGene00169686.,0,0,0
WBGene00169687.,0,0,0
WBGene00169688.,0,0,0
WBGene00169689.,0,0,0
WBGene00169690.,0,0,0
WBGene00169691.,0,0,0
WBGene00169692.,0,0,0
WBGene00169693.,0,0,0
WBGene00169694.,0,0,0
WBGene00169695.,0,6,6
WBGene00169696.,0,0,0
WBGene00169697.,0,0,0
WBGene00169698.,0,0,0
WBGene00169699.,0,4,4
WBGene00169700.,0,1,1
WBGene00169701.,0,0,0
WBGene00169702.,0,0,0
WBGene00169703.,0,0,0
WBGene00169704.,0,0,0
WBGene00169705.,0,0,0
WBGene00169706.,0,0,0
WBGene00169707.,0,0,0
WBGene00169708.,0,0,0
WBGene00169709.,0,0,0
WBGene00169710.,0,0,0
WBGene00169711.,0,0,0
WBGene00169712.,0,0,0
WBGene00169713.,0,0,0
WBGene00169714.,0,0,0
WBGene00169715.,0,0,0
WBGene00169716.,0,0,0
WBGene00169717.,0,1,1
WBGene00169718.,0,0,0
WBGene00169719.,0,0,0
WBGene00169720.,0,0,0
WBGene00169721.,0,0,0
WBGene00169722.,0,0,0
WBGene00169723.,0,0,0
WBGene00169724.,0,0,0
WBGene00169725.,0,0,0
WBGene00169726.,0,0,0
WBGene00169727.,0,0,0
WBGene00169728.,0,0,0
WBGene00169729.,0,1,1
WBGene00169730.,0,0,0
WBGene00169731.,0,0,0
WBGene00169732.,0,0,0
WBGene00169733.,0,0,0
WBGene00169734.,0,0,0
WBGene00169735.,0,0,0
WBGene00169736.,0,0,0
WBGene00169737.,0,0,0
WBGene00169738.,0,0,0
WBGene00169739.,0,0,0
WBGene00169740.,0,0,0
WBGene00169741.,0,0,0
WBGene00169742.,0,0,0
WBGene00169743.,0,0,0
WBGene00169744.,0,0,0
WBGene00169745.,0,0,0
WBGene00169746.,0,0,0
WBGene00169747.,0,1,1
WBGene00169748.,0,0,0
WBGene00169749.,0,0,0
WBGene00169750.,0,0,0
WBGene00169751.,0,0,0
WBGene00169752.,0,0,0
WBGene00169753.,0,0,0
WBGene00169754.,0,0,0
WBGene00169755.,0,0,0
WBGene00169756.,0,0,0
WBGene00169757.,0,0,0
WBGene00169758.,0,0,0
WBGene00169759.,0,0,0
WBGene00169760.,0,0,0
WBGene00169761.,0,0,0
WBGene00169762.,0,0,0
WBGene00169763.,0,0,0
WBGene00169764.,0,0,0
WBGene00169765.,0,0,0
WBGene00169766.,0,0,0
WBGene00169767.,0,0,0
WBGene00169768.,0,0,0
WBGene00169769.,0,0,0
WBGene00169770.,0,0,0
WBGene00169771.,0,0,0
WBGene00169772.,0,0,0
WBGene00169773.,0,0,0
WBGene00169774.,0,0,0
WBGene00169775.,0,0,0
WBGene00169776.,0,0,0
WBGene00169777.,0,0,0
WBGene00169778.,0,0,0
WBGene00169779.,0,0,0
WBGene00169780.,0,0,0
WBGene00169781.,0,2,2
WBGene00169782.,0,0,0
WBGene00169783.,0,0,0
WBGene00169784.,0,0,0
WBGene00169785.,0,0,0
WBGene00169786.,0,0,0
WBGene00169787.,0,0,0
WBGene00169788.,0,0,0
WBGene00169789.,0,0,0
WBGene00169790.,0,0,0
WBGene00169791.,0,0,0
WBGene00169792.,0,0,0
WBGene00169793.,0,0,0
WBGene00169794.,0,0,0
WBGene00169795.,0,0,0
WBGene00169796.,0,0,0
WBGene00169797.,0,0,0
WBGene00169798.,0,0,0
WBGene00169799.,0,14,14
WBGene00169800.,0,1,1
WBGene00169801.,0,0,0
WBGene00169802.,0,0,0
WBGene00169803.,0,0,0
WBGene00169804.,0,0,0
WBGene00169805.,0,1,1
WBGene00169806.,0,0,0
WBGene00169807.,0,0,0
WBGene00169808.,0,0,0
WBGene00169809.,0,0,0
WBGene00169810.,0,0,0
WBGene00169811.,0,0,0
WBGene00169812.,0,0,0
WBGene00169813.,0,0,0
WBGene00169814.,0,0,0
WBGene00169815.,0,0,0
WBGene00169816.,0,0,0
WBGene00169817.,0,0,0
WBGene00169818.,0,0,0
WBGene00169819.,0,4,4
WBGene00169820.,0,1,1
WBGene00169821.,0,0,0
WBGene00169822.,0,0,0
WBGene00169823.,0,0,0
WBGene00169824.,0,0,0
WBGene00169825.,0,1,1
WBGene00169826.,0,0,0
WBGene00169827.,0,0,0
WBGene00169828.,0,0,0
WBGene00169829.,0,0,0
WBGene00169830.,0,0,0
WBGene00169831.,0,0,0
WBGene00169832.,0,0,0
WBGene00169833.,0,0,0
WBGene00169834.,0,0,0
WBGene00169835.,0,0,0
WBGene00169836.,0,0,0
WBGene00169837.,0,0,0
WBGene00169838.,0,12,12
WBGene00169839.,0,0,0
WBGene00169840.,0,0,0
WBGene00169841.,0,0,0
WBGene00169842.,0,0,0
WBGene00169843.,0,0,0
WBGene00169844.,0,0,0
WBGene00169845.,0,0,0
WBGene00169846.,0,0,0
WBGene00169847.,0,0,0
WBGene00169848.,0,0,0
WBGene00169849.,0,0,0
WBGene00169850.,0,0,0
WBGene00169851.,0,0,0
WBGene00169852.,0,0,0
WBGene00169853.,0,0,0
WBGene00169854.,0,0,0
WBGene00169855.,0,0,0
WBGene00169856.,0,0,0
WBGene00169857.,0,0,0
WBGene00169858.,0,0,0
WBGene00169859.,0,0,0
WBGene00169860.,0,1,1
WBGene00169861.,0,0,0
WBGene00169862.,0,0,0
WBGene00169863.,0,0,0
WBGene00169864.,0,0,0
WBGene00169865.,0,0,0
WBGene00169866.,0,0,0
WBGene00169867.,0,0,0
WBGene00169868.,0,0,0
WBGene00169869.,0,0,0
WBGene00169870.,0,0,0
WBGene00169871.,0,0,0
WBGene00169872.,0,0,0
WBGene00169873.,0,0,0
WBGene00169874.,0,0,0
WBGene00169875.,0,0,0
WBGene00169876.,0,0,0
WBGene00169877.,0,0,0
WBGene00169878.,0,0,0
WBGene00169879.,0,0,0
WBGene00169880.,0,7,7
WBGene00169881.,0,0,0
WBGene00169882.,0,0,0
WBGene00169883.,0,0,0
WBGene00169884.,0,0,0
WBGene00169885.,0,0,0
WBGene00169886.,0,0,0
WBGene00169887.,0,0,0
WBGene00169888.,0,0,0
WBGene00169889.,0,0,0
WBGene00169890.,0,0,0
WBGene00169891.,0,0,0
WBGene00169892.,0,0,0
WBGene00169893.,0,0,0
WBGene00169894.,0,1,1
WBGene00169895.,0,0,0
WBGene00169896.,0,0,0
WBGene00169897.,0,1,1
WBGene00169898.,0,0,0
WBGene00169899.,0,0,0
WBGene00169900.,0,0,0
WBGene00169901.,0,0,0
WBGene00169902.,0,0,0
WBGene00169903.,0,0,0
WBGene00169904.,0,0,0
WBGene00169905.,0,0,0
WBGene00169906.,0,0,0
WBGene00169907.,0,0,0
WBGene00169908.,0,0,0
WBGene00169909.,0,0,0
WBGene00169910.,0,0,0
WBGene00169911.,0,0,0
WBGene00169912.,0,0,0
WBGene00169913.,0,0,0
WBGene00169914.,0,0,0
WBGene00169915.,0,0,0
WBGene00169916.,0,0,0
WBGene00169917.,0,0,0
WBGene00169918.,0,0,0
WBGene00169919.,0,0,0
WBGene00169920.,0,0,0
WBGene00169921.,0,0,0
WBGene00169922.,0,0,0
WBGene00169923.,0,0,0
WBGene00169924.,0,0,0
WBGene00169925.,0,0,0
WBGene00169926.,0,0,0
WBGene00169927.,0,0,0
WBGene00169928.,0,11,11
WBGene00169929.,0,2,2
WBGene00169930.,0,0,0
WBGene00169931.,0,0,0
WBGene00169932.,0,0,0
WBGene00169933.,0,0,0
WBGene00169934.,0,1,1
WBGene00169935.,0,0,0
WBGene00169936.,0,0,0
WBGene00169937.,0,3,3
WBGene00169938.,0,0,0
WBGene00169939.,0,0,0
WBGene00169940.,0,0,0
WBGene00169941.,0,1,1
WBGene00169942.,0,5,5
WBGene00169943.,0,0,0
WBGene00169944.,0,0,0
WBGene00169946.,0,0,0
WBGene00169947.,0,0,0
WBGene00169948.,0,0,0
WBGene00169949.,0,0,0
WBGene00169950.,0,0,0
WBGene00169951.,0,2,2
WBGene00169952.,0,0,0
WBGene00169953.,0,0,0
WBGene00169954.,0,0,0
WBGene00169955.,0,0,0
WBGene00169956.,0,0,0
WBGene00169957.,0,7,7
WBGene00169958.,0,0,0
WBGene00169959.,0,0,0
WBGene00169960.,0,0,0
WBGene00169961.,0,0,0
WBGene00169962.,0,0,0
WBGene00169963.,0,0,0
WBGene00169964.,0,0,0
WBGene00169965.,0,0,0
WBGene00169966.,0,0,0
WBGene00169967.,0,0,0
WBGene00169968.,0,0,0
WBGene00169969.,0,0,0
WBGene00169970.,0,0,0
WBGene00169971.,0,0,0
WBGene00169972.,0,0,0
WBGene00169973.,0,0,0
WBGene00169974.,0,0,0
WBGene00169975.,0,0,0
WBGene00169976.,0,0,0
WBGene00169977.,0,1,1
WBGene00169978.,0,0,0
WBGene00169979.,0,17,17
WBGene00169980.,0,0,0
WBGene00169981.,0,0,0
WBGene00169982.,0,0,0
WBGene00169983.,0,1,1
WBGene00169984.,0,0,0
WBGene00169985.,0,0,0
WBGene00169986.,0,0,0
WBGene00169987.,0,0,0
WBGene00169988.,0,0,0
WBGene00169989.,0,0,0
WBGene00169990.,0,0,0
WBGene00169991.,0,0,0
WBGene00169992.,0,0,0
WBGene00169993.,0,1,1
WBGene00169994.,0,1,1
WBGene00169995.,0,0,0
WBGene00169996.,0,0,0
WBGene00169997.,0,0,0
WBGene00169998.,0,3,3
WBGene00169999.,0,0,0
WBGene00170000.,0,0,0
WBGene00170001.,0,0,0
WBGene00170002.,0,0,0
WBGene00170003.,0,0,0
WBGene00170004.,0,0,0
WBGene00170005.,0,0,0
WBGene00170006.,0,0,0
WBGene00170007.,0,0,0
WBGene00170008.,0,3,3
WBGene00170009.,0,0,0
WBGene00170010.,0,0,0
WBGene00170011.,0,0,0
WBGene00170012.,0,0,0
WBGene00170013.,0,0,0
WBGene00170014.,0,0,0
WBGene00170015.,0,0,0
WBGene00170016.,0,0,0
WBGene00170017.,0,0,0
WBGene00170018.,0,0,0
WBGene00170019.,0,0,0
WBGene00170020.,0,0,0
WBGene00170021.,0,0,0
WBGene00170022.,0,1,1
WBGene00170023.,0,0,0
WBGene00170024.,0,0,0
WBGene00170025.,0,0,0
WBGene00170026.,0,0,0
WBGene00170027.,0,0,0
WBGene00170028.,0,0,0
WBGene00170029.,0,0,0
WBGene00170030.,0,0,0
WBGene00170031.,0,3,3
WBGene00170032.,0,0,0
WBGene00170033.,0,0,0
WBGene00170034.,0,2,2
WBGene00170035.,0,0,0
WBGene00170036.,0,0,0
WBGene00170037.,0,1,1
WBGene00170038.,0,0,0
WBGene00170039.,0,0,0
WBGene00170040.,0,0,0
WBGene00170041.,0,2,2
WBGene00170042.,0,0,0
WBGene00170043.,0,0,0
WBGene00170044.,0,0,0
WBGene00170045.,0,4,4
WBGene00170046.,0,0,0
WBGene00170047.,0,4,4
WBGene00170048.,0,0,0
WBGene00170049.,0,0,0
WBGene00170050.,0,8,8
WBGene00170051.,0,0,0
WBGene00170052.,0,0,0
WBGene00170053.,0,0,0
WBGene00170054.,0,0,0
WBGene00170055.,0,0,0
WBGene00170056.,0,0,0
WBGene00170057.,0,0,0
WBGene00170058.,0,0,0
WBGene00170059.,0,0,0
WBGene00170060.,0,0,0
WBGene00170061.,0,0,0
WBGene00170062.,0,0,0
WBGene00170063.,0,0,0
WBGene00170064.,0,0,0
WBGene00170065.,0,0,0
WBGene00170066.,0,0,0
WBGene00170067.,0,0,0
WBGene00170068.,0,0,0
WBGene00170069.,0,0,0
WBGene00170070.,0,0,0
WBGene00170071.,0,1,1
WBGene00170072.,0,0,0
WBGene00170073.,0,0,0
WBGene00170074.,0,0,0
WBGene00170075.,0,2,2
WBGene00170076.,0,0,0
WBGene00170077.,0,0,0
WBGene00170078.,0,1,1
WBGene00170079.,0,0,0
WBGene00170080.,0,0,0
WBGene00170081.,0,0,0
WBGene00170082.,0,0,0
WBGene00170083.,0,0,0
WBGene00170084.,0,0,0
WBGene00170085.,0,0,0
WBGene00170086.,0,0,0
WBGene00170087.,0,1,1
WBGene00170088.,0,0,0
WBGene00170089.,0,1,1
WBGene00170090.,0,2,2
WBGene00170091.,0,0,0
WBGene00170092.,0,1,1
WBGene00170093.,0,0,0
WBGene00170094.,0,0,0
WBGene00170095.,0,0,0
WBGene00170096.,0,0,0
WBGene00170097.,0,0,0
WBGene00170098.,0,0,0
WBGene00170099.,0,0,0
WBGene00170100.,0,1,1
WBGene00170101.,0,0,0
WBGene00170102.,0,0,0
WBGene00170103.,0,0,0
WBGene00170104.,0,0,0
WBGene00170105.,0,3,3
WBGene00170106.,0,0,0
WBGene00170107.,0,0,0
WBGene00170108.,0,0,0
WBGene00170109.,0,0,0
WBGene00170110.,0,0,0
WBGene00170111.,0,1,1
WBGene00170112.,0,0,0
WBGene00170113.,0,0,0
WBGene00170114.,0,0,0
WBGene00170115.,0,0,0
WBGene00170116.,0,1,1
WBGene00170117.,0,0,0
WBGene00170118.,0,1,1
WBGene00170119.,0,0,0
WBGene00170120.,0,0,0
WBGene00170121.,0,0,0
WBGene00170122.,0,0,0
WBGene00170123.,0,0,0
WBGene00170124.,0,0,0
WBGene00170125.,0,0,0
WBGene00170126.,0,0,0
WBGene00170127.,0,0,0
WBGene00170128.,0,0,0
WBGene00170129.,0,0,0
WBGene00170130.,0,0,0
WBGene00170131.,0,0,0
WBGene00170132.,0,4,4
WBGene00170133.,0,0,0
WBGene00170134.,0,0,0
WBGene00170135.,0,0,0
WBGene00170136.,0,0,0
WBGene00170137.,0,0,0
WBGene00170138.,0,0,0
WBGene00170139.,0,0,0
WBGene00170140.,0,0,0
WBGene00170141.,0,0,0
WBGene00170142.,0,0,0
WBGene00170143.,0,0,0
WBGene00170144.,0,0,0
WBGene00170145.,0,0,0
WBGene00170146.,0,0,0
WBGene00170147.,0,0,0
WBGene00170148.,0,0,0
WBGene00170149.,0,0,0
WBGene00170150.,0,0,0
WBGene00170151.,0,0,0
WBGene00170152.,0,0,0
WBGene00170153.,0,0,0
WBGene00170154.,0,0,0
WBGene00170155.,0,0,0
WBGene00170156.,0,0,0
WBGene00170157.,0,0,0
WBGene00170158.,0,2,2
WBGene00170159.,0,0,0
WBGene00170160.,0,0,0
WBGene00170161.,0,0,0
WBGene00170162.,0,0,0
WBGene00170163.,0,0,0
WBGene00170164.,0,0,0
WBGene00170165.,0,0,0
WBGene00170166.,0,0,0
WBGene00170167.,0,0,0
WBGene00170168.,0,0,0
WBGene00170169.,0,0,0
WBGene00170170.,0,0,0
WBGene00170171.,0,0,0
WBGene00170172.,0,0,0
WBGene00170173.,0,0,0
WBGene00170174.,0,0,0
WBGene00170175.,0,0,0
WBGene00170176.,0,0,0
WBGene00170177.,0,0,0
WBGene00170178.,0,3,3
WBGene00170179.,0,0,0
WBGene00170180.,0,0,0
WBGene00170181.,0,0,0
WBGene00170182.,0,0,0
WBGene00170183.,0,0,0
WBGene00170184.,0,0,0
WBGene00170185.,0,0,0
WBGene00170186.,0,0,0
WBGene00170187.,0,0,0
WBGene00170188.,0,0,0
WBGene00170189.,0,0,0
WBGene00170190.,0,0,0
WBGene00170191.,0,0,0
WBGene00170192.,0,0,0
WBGene00170193.,0,0,0
WBGene00170194.,0,0,0
WBGene00170195.,0,0,0
WBGene00170196.,0,0,0
WBGene00170197.,0,0,0
WBGene00170198.,0,0,0
WBGene00170199.,0,0,0
WBGene00170200.,0,0,0
WBGene00170201.,0,2,2
WBGene00170202.,0,0,0
WBGene00170203.,0,0,0
WBGene00170204.,0,0,0
WBGene00170205.,0,0,0
WBGene00170206.,0,0,0
WBGene00170207.,0,1,1
WBGene00170208.,0,0,0
WBGene00170209.,0,0,0
WBGene00170210.,0,0,0
WBGene00170211.,0,0,0
WBGene00170212.,0,2,2
WBGene00170213.,0,0,0
WBGene00170214.,0,0,0
WBGene00170215.,0,0,0
WBGene00170216.,0,0,0
WBGene00170217.,0,0,0
WBGene00170218.,0,0,0
WBGene00170219.,0,0,0
WBGene00170220.,0,0,0
WBGene00170221.,0,0,0
WBGene00170222.,0,0,0
WBGene00170223.,0,0,0
WBGene00170224.,0,1,1
WBGene00170225.,0,0,0
WBGene00170226.,0,0,0
WBGene00170227.,0,0,0
WBGene00170228.,0,0,0
WBGene00170229.,0,0,0
WBGene00170230.,0,0,0
WBGene00170231.,0,0,0
WBGene00170232.,0,0,0
WBGene00170233.,0,0,0
WBGene00170234.,0,0,0
WBGene00170235.,0,1,1
WBGene00170236.,0,0,0
WBGene00170237.,0,1,1
WBGene00170238.,0,0,0
WBGene00170239.,0,0,0
WBGene00170240.,0,0,0
WBGene00170241.,0,0,0
WBGene00170242.,0,0,0
WBGene00170243.,0,0,0
WBGene00170244.,0,0,0
WBGene00170245.,0,0,0
WBGene00170246.,0,0,0
WBGene00170247.,0,0,0
WBGene00170248.,0,0,0
WBGene00170249.,0,0,0
WBGene00170250.,0,0,0
WBGene00170251.,0,0,0
WBGene00170252.,0,0,0
WBGene00170253.,0,0,0
WBGene00170254.,0,0,0
WBGene00170255.,0,1,1
WBGene00170256.,0,0,0
WBGene00170257.,0,0,0
WBGene00170258.,0,0,0
WBGene00170259.,0,0,0
WBGene00170260.,0,0,0
WBGene00170261.,0,0,0
WBGene00170262.,0,0,0
WBGene00170263.,0,0,0
WBGene00170264.,0,0,0
WBGene00170265.,0,0,0
WBGene00170266.,0,5,5
WBGene00170267.,0,0,0
WBGene00170268.,0,0,0
WBGene00170269.,0,1,1
WBGene00170270.,0,0,0
WBGene00170271.,0,0,0
WBGene00170272.,0,0,0
WBGene00170273.,0,0,0
WBGene00170274.,0,0,0
WBGene00170275.,0,0,0
WBGene00170276.,0,0,0
WBGene00170277.,0,0,0
WBGene00170278.,0,0,0
WBGene00170279.,0,3,3
WBGene00170280.,0,0,0
WBGene00170281.,0,0,0
WBGene00170282.,0,0,0
WBGene00170283.,0,0,0
WBGene00170284.,0,0,0
WBGene00170285.,0,0,0
WBGene00170286.,0,1,1
WBGene00170287.,0,0,0
WBGene00170288.,0,0,0
WBGene00170289.,0,0,0
WBGene00170290.,0,0,0
WBGene00170291.,0,0,0
WBGene00170292.,0,0,0
WBGene00170293.,0,0,0
WBGene00170294.,0,0,0
WBGene00170295.,0,4,4
WBGene00170296.,0,0,0
WBGene00170297.,0,0,0
WBGene00170298.,0,0,0
WBGene00170299.,0,0,0
WBGene00170300.,0,0,0
WBGene00170301.,0,0,0
WBGene00170302.,0,1,1
WBGene00170303.,0,0,0
WBGene00170304.,0,0,0
WBGene00170305.,0,0,0
WBGene00170306.,0,0,0
WBGene00170307.,0,0,0
WBGene00170308.,0,0,0
WBGene00170309.,0,0,0
WBGene00170310.,0,0,0
WBGene00170311.,0,0,0
WBGene00170312.,0,0,0
WBGene00170313.,0,0,0
WBGene00170314.,0,0,0
WBGene00170315.,0,0,0
WBGene00170316.,0,0,0
WBGene00170317.,0,0,0
WBGene00170318.,0,0,0
WBGene00170319.,0,0,0
WBGene00170320.,0,0,0
WBGene00170321.,0,6,6
WBGene00170322.,0,0,0
WBGene00170323.,0,0,0
WBGene00170324.,0,0,0
WBGene00170325.,0,0,0
WBGene00170326.,0,0,0
WBGene00170327.,0,0,0
WBGene00170328.,0,0,0
WBGene00170329.,0,0,0
WBGene00170330.,0,0,0
WBGene00170331.,0,0,0
WBGene00170332.,0,0,0
WBGene00170333.,0,0,0
WBGene00170334.,0,0,0
WBGene00170335.,0,0,0
WBGene00170336.,0,0,0
WBGene00170337.,0,0,0
WBGene00170338.,0,0,0
WBGene00170339.,0,0,0
WBGene00170340.,0,0,0
WBGene00170341.,0,0,0
WBGene00170342.,0,0,0
WBGene00170343.,0,0,0
WBGene00170344.,0,0,0
WBGene00170345.,0,0,0
WBGene00170346.,0,14,14
WBGene00170347.,0,0,0
WBGene00170348.,0,0,0
WBGene00170349.,0,0,0
WBGene00170350.,0,0,0
WBGene00170351.,0,0,0
WBGene00170352.,0,0,0
WBGene00170353.,0,0,0
WBGene00170354.,0,0,0
WBGene00170355.,0,0,0
WBGene00170356.,0,0,0
WBGene00170357.,0,0,0
WBGene00170358.,0,0,0
WBGene00170359.,0,0,0
WBGene00170360.,0,0,0
WBGene00170361.,0,0,0
WBGene00170362.,0,1,1
WBGene00170363.,0,0,0
WBGene00170364.,0,0,0
WBGene00170365.,0,0,0
WBGene00170366.,0,0,0
WBGene00170367.,0,0,0
WBGene00170368.,0,0,0
WBGene00170369.,0,0,0
WBGene00170370.,0,0,0
WBGene00170371.,0,0,0
WBGene00170372.,0,0,0
WBGene00170373.,0,0,0
WBGene00170374.,0,0,0
WBGene00170375.,0,0,0
WBGene00170376.,0,1,1
WBGene00170377.,0,0,0
WBGene00170378.,0,0,0
WBGene00170379.,0,0,0
WBGene00170380.,0,0,0
WBGene00170381.,0,1,1
WBGene00170382.,0,0,0
WBGene00170383.,0,0,0
WBGene00170384.,0,0,0
WBGene00170385.,0,0,0
WBGene00170386.,0,0,0
WBGene00170387.,0,0,0
WBGene00170388.,0,0,0
WBGene00170389.,0,1,1
WBGene00170390.,0,0,0
WBGene00170391.,0,0,0
WBGene00170392.,0,0,0
WBGene00170393.,0,1,1
WBGene00170394.,0,0,0
WBGene00170395.,0,0,0
WBGene00170396.,0,0,0
WBGene00170397.,0,0,0
WBGene00170398.,0,0,0
WBGene00170399.,0,0,0
WBGene00170400.,0,0,0
WBGene00170401.,0,0,0
WBGene00170402.,0,0,0
WBGene00170403.,0,0,0
WBGene00170404.,0,0,0
WBGene00170405.,0,0,0
WBGene00170406.,0,1,1
WBGene00170407.,0,0,0
WBGene00170408.,0,0,0
WBGene00170409.,0,0,0
WBGene00170410.,0,0,0
WBGene00170411.,0,0,0
WBGene00170412.,0,0,0
WBGene00170413.,0,0,0
WBGene00170414.,0,0,0
WBGene00170415.,0,0,0
WBGene00170416.,0,0,0
WBGene00170417.,0,3,3
WBGene00170418.,0,0,0
WBGene00170419.,0,0,0
WBGene00170420.,0,0,0
WBGene00170421.,0,0,0
WBGene00170422.,0,0,0
WBGene00170423.,0,0,0
WBGene00170424.,0,0,0
WBGene00170425.,0,3,3
WBGene00170426.,0,0,0
WBGene00170427.,0,0,0
WBGene00170428.,0,0,0
WBGene00170429.,0,0,0
WBGene00170430.,0,0,0
WBGene00170431.,0,0,0
WBGene00170432.,0,0,0
WBGene00170433.,0,0,0
WBGene00170434.,0,0,0
WBGene00170435.,0,0,0
WBGene00170436.,0,0,0
WBGene00170437.,0,0,0
WBGene00170438.,0,1,1
WBGene00170439.,0,0,0
WBGene00170440.,0,0,0
WBGene00170441.,0,0,0
WBGene00170442.,0,5,5
WBGene00170443.,0,0,0
WBGene00170444.,0,0,0
WBGene00170445.,0,0,0
WBGene00170446.,0,0,0
WBGene00170447.,0,0,0
WBGene00170448.,0,4,4
WBGene00170449.,0,0,0
WBGene00170450.,0,0,0
WBGene00170451.,0,0,0
WBGene00170452.,0,0,0
WBGene00170453.,0,0,0
WBGene00170454.,0,0,0
WBGene00170455.,0,0,0
WBGene00170456.,0,0,0
WBGene00170457.,0,0,0
WBGene00170458.,0,0,0
WBGene00170459.,0,0,0
WBGene00170460.,0,1,1
WBGene00170461.,0,0,0
WBGene00170462.,0,0,0
WBGene00170463.,0,0,0
WBGene00170464.,0,0,0
WBGene00170465.,0,0,0
WBGene00170466.,0,0,0
WBGene00170467.,0,0,0
WBGene00170468.,0,1,1
WBGene00170469.,0,0,0
WBGene00170470.,0,0,0
WBGene00170471.,0,0,0
WBGene00170472.,0,0,0
WBGene00170473.,0,0,0
WBGene00170474.,0,0,0
WBGene00170475.,0,0,0
WBGene00170476.,0,0,0
WBGene00170477.,0,0,0
WBGene00170478.,0,0,0
WBGene00170479.,0,0,0
WBGene00170480.,0,0,0
WBGene00170481.,0,0,0
WBGene00170482.,0,0,0
WBGene00170483.,0,0,0
WBGene00170484.,0,0,0
WBGene00170485.,0,0,0
WBGene00170486.,0,0,0
WBGene00170487.,0,0,0
WBGene00170488.,0,3,3
WBGene00170489.,0,0,0
WBGene00170490.,0,0,0
WBGene00170491.,0,0,0
WBGene00170492.,0,0,0
WBGene00170493.,0,3,3
WBGene00170494.,0,0,0
WBGene00170495.,0,0,0
WBGene00170496.,0,0,0
WBGene00170497.,0,0,0
WBGene00170498.,0,0,0
WBGene00170499.,0,0,0
WBGene00170500.,0,0,0
WBGene00170501.,0,0,0
WBGene00170502.,0,3,3
WBGene00170503.,0,0,0
WBGene00170504.,0,0,0
WBGene00170505.,0,0,0
WBGene00170506.,0,0,0
WBGene00170507.,0,0,0
WBGene00170508.,0,2,2
WBGene00170509.,0,0,0
WBGene00170510.,0,0,0
WBGene00170511.,0,4,4
WBGene00170512.,0,0,0
WBGene00170513.,0,0,0
WBGene00170514.,0,0,0
WBGene00170515.,0,0,0
WBGene00170516.,0,0,0
WBGene00170517.,0,0,0
WBGene00170518.,0,0,0
WBGene00170519.,0,0,0
WBGene00170520.,0,1,1
WBGene00170521.,0,0,0
WBGene00170522.,0,0,0
WBGene00170523.,0,0,0
WBGene00170524.,0,0,0
WBGene00170525.,0,0,0
WBGene00170526.,0,0,0
WBGene00170527.,0,0,0
WBGene00170528.,0,0,0
WBGene00170529.,0,0,0
WBGene00170530.,0,0,0
WBGene00170531.,0,0,0
WBGene00170532.,0,0,0
WBGene00170533.,0,0,0
WBGene00170534.,0,0,0
WBGene00170535.,0,0,0
WBGene00170536.,0,0,0
WBGene00170537.,0,0,0
WBGene00170538.,0,0,0
WBGene00170539.,0,0,0
WBGene00170540.,0,1,1
WBGene00170541.,0,0,0
WBGene00170542.,0,0,0
WBGene00170543.,0,0,0
WBGene00170544.,0,0,0
WBGene00170545.,0,0,0
WBGene00170546.,0,0,0
WBGene00170547.,0,0,0
WBGene00170548.,0,0,0
WBGene00170549.,0,0,0
WBGene00170550.,0,0,0
WBGene00170551.,0,0,0
WBGene00170552.,0,0,0
WBGene00170553.,0,1,1
WBGene00170554.,0,2,2
WBGene00170555.,0,0,0
WBGene00170556.,0,0,0
WBGene00170557.,0,0,0
WBGene00170558.,0,0,0
WBGene00170559.,0,0,0
WBGene00170560.,0,0,0
WBGene00170561.,0,0,0
WBGene00170562.,0,0,0
WBGene00170563.,0,1,1
WBGene00170564.,0,0,0
WBGene00170565.,0,0,0
WBGene00170566.,0,0,0
WBGene00170567.,0,0,0
WBGene00170568.,0,0,0
WBGene00170569.,0,0,0
WBGene00170570.,0,0,0
WBGene00170571.,0,0,0
WBGene00170572.,0,0,0
WBGene00170573.,0,0,0
WBGene00170574.,0,1,1
WBGene00170575.,0,0,0
WBGene00170576.,0,2,2
WBGene00170577.,0,0,0
WBGene00170578.,0,0,0
WBGene00170579.,0,0,0
WBGene00170580.,0,0,0
WBGene00170581.,0,0,0
WBGene00170582.,0,0,0
WBGene00170583.,0,0,0
WBGene00170584.,0,0,0
WBGene00170585.,0,0,0
WBGene00170586.,0,0,0
WBGene00170587.,0,0,0
WBGene00170588.,0,0,0
WBGene00170589.,0,0,0
WBGene00170590.,0,0,0
WBGene00170591.,0,3,3
WBGene00170592.,0,1,1
WBGene00170593.,0,0,0
WBGene00170594.,0,0,0
WBGene00170595.,0,0,0
WBGene00170596.,0,0,0
WBGene00170597.,0,0,0
WBGene00170598.,0,0,0
WBGene00170599.,0,0,0
WBGene00170600.,0,7,7
WBGene00170601.,0,0,0
WBGene00170602.,0,0,0
WBGene00170603.,0,0,0
WBGene00170604.,0,0,0
WBGene00170605.,0,0,0
WBGene00170606.,0,0,0
WBGene00170607.,0,0,0
WBGene00170608.,0,0,0
WBGene00170609.,0,0,0
WBGene00170610.,0,1,1
WBGene00170611.,0,5,5
WBGene00170612.,0,0,0
WBGene00170613.,0,0,0
WBGene00170614.,0,0,0
WBGene00170615.,0,0,0
WBGene00170616.,0,0,0
WBGene00170617.,0,0,0
WBGene00170618.,0,0,0
WBGene00170619.,0,0,0
WBGene00170620.,0,0,0
WBGene00170621.,0,0,0
WBGene00170622.,0,0,0
WBGene00170623.,0,0,0
WBGene00170624.,0,0,0
WBGene00170625.,0,0,0
WBGene00170626.,0,0,0
WBGene00170627.,0,1,1
WBGene00170628.,0,0,0
WBGene00170629.,0,0,0
WBGene00170630.,0,0,0
WBGene00170631.,0,0,0
WBGene00170632.,0,0,0
WBGene00170633.,0,51,51
WBGene00170634.,0,0,0
WBGene00170635.,0,0,0
WBGene00170636.,0,0,0
WBGene00170637.,0,0,0
WBGene00170638.,0,3,3
WBGene00170639.,0,0,0
WBGene00170640.,0,0,0
WBGene00170641.,0,0,0
WBGene00170642.,0,1,1
WBGene00170643.,0,0,0
WBGene00170644.,0,0,0
WBGene00170645.,0,0,0
WBGene00170646.,0,0,0
WBGene00170647.,0,0,0
WBGene00170648.,0,0,0
WBGene00170649.,0,0,0
WBGene00170650.,0,0,0
WBGene00170651.,0,0,0
WBGene00170652.,0,0,0
WBGene00170653.,0,0,0
WBGene00170654.,0,0,0
WBGene00170655.,0,0,0
WBGene00170656.,0,0,0
WBGene00170657.,0,0,0
WBGene00170658.,0,0,0
WBGene00170659.,0,0,0
WBGene00170660.,0,0,0
WBGene00170661.,0,0,0
WBGene00170662.,0,0,0
WBGene00170663.,0,0,0
WBGene00170664.,0,2,2
WBGene00170665.,0,0,0
WBGene00170666.,0,0,0
WBGene00170667.,0,0,0
WBGene00170668.,0,0,0
WBGene00170669.,0,0,0
WBGene00170670.,0,0,0
WBGene00170671.,0,0,0
WBGene00170672.,0,0,0
WBGene00170673.,0,0,0
WBGene00170674.,0,1,1
WBGene00170675.,0,0,0
WBGene00170676.,0,0,0
WBGene00170677.,0,0,0
WBGene00170678.,0,0,0
WBGene00170679.,0,0,0
WBGene00170680.,0,0,0
WBGene00170681.,0,0,0
WBGene00170682.,0,0,0
WBGene00170683.,0,0,0
WBGene00170684.,0,0,0
WBGene00170685.,0,0,0
WBGene00170686.,0,0,0
WBGene00170687.,0,0,0
WBGene00170688.,0,0,0
WBGene00170689.,0,0,0
WBGene00170690.,0,0,0
WBGene00170691.,0,0,0
WBGene00170692.,0,0,0
WBGene00170693.,0,0,0
WBGene00170694.,0,0,0
WBGene00170695.,0,0,0
WBGene00170697.,0,0,0
WBGene00170698.,0,0,0
WBGene00170699.,0,0,0
WBGene00170700.,0,0,0
WBGene00170701.,0,0,0
WBGene00170702.,0,0,0
WBGene00170703.,0,0,0
WBGene00170704.,0,0,0
WBGene00170705.,0,0,0
WBGene00170706.,0,2,2
WBGene00170707.,0,0,0
WBGene00170708.,0,0,0
WBGene00170709.,0,0,0
WBGene00170710.,0,0,0
WBGene00170711.,0,0,0
WBGene00170712.,0,0,0
WBGene00170713.,0,0,0
WBGene00170714.,0,0,0
WBGene00170715.,0,0,0
WBGene00170716.,0,0,0
WBGene00170717.,0,0,0
WBGene00170718.,0,0,0
WBGene00170719.,0,0,0
WBGene00170720.,0,0,0
WBGene00170721.,0,0,0
WBGene00170722.,0,0,0
WBGene00170723.,0,0,0
WBGene00170724.,0,0,0
WBGene00170725.,0,1,1
WBGene00170726.,0,0,0
WBGene00170727.,0,0,0
WBGene00170728.,0,0,0
WBGene00170729.,0,0,0
WBGene00170730.,0,0,0
WBGene00170731.,0,0,0
WBGene00170732.,0,0,0
WBGene00170733.,0,0,0
WBGene00170734.,0,0,0
WBGene00170735.,0,0,0
WBGene00170736.,0,0,0
WBGene00170737.,0,2,2
WBGene00170738.,0,0,0
WBGene00170739.,0,0,0
WBGene00170740.,0,0,0
WBGene00170741.,0,0,0
WBGene00170742.,0,0,0
WBGene00170743.,0,3,3
WBGene00170744.,0,0,0
WBGene00170745.,0,0,0
WBGene00170746.,0,0,0
WBGene00170747.,0,0,0
WBGene00170748.,0,0,0
WBGene00170749.,0,0,0
WBGene00170750.,0,1,1
WBGene00170751.,0,0,0
WBGene00170752.,0,0,0
WBGene00170753.,0,0,0
WBGene00170754.,0,0,0
WBGene00170755.,0,0,0
WBGene00170756.,0,0,0
WBGene00170757.,0,0,0
WBGene00170758.,0,0,0
WBGene00170759.,0,0,0
WBGene00170760.,0,0,0
WBGene00170761.,0,0,0
WBGene00170762.,0,0,0
WBGene00170763.,0,0,0
WBGene00170764.,0,0,0
WBGene00170765.,0,0,0
WBGene00170766.,0,0,0
WBGene00170767.,0,0,0
WBGene00170768.,0,0,0
WBGene00170769.,0,0,0
WBGene00170770.,0,0,0
WBGene00170771.,0,0,0
WBGene00170772.,0,0,0
WBGene00170773.,0,0,0
WBGene00170774.,0,0,0
WBGene00170775.,0,0,0
WBGene00170776.,0,0,0
WBGene00170777.,0,0,0
WBGene00170778.,0,0,0
WBGene00170779.,0,0,0
WBGene00170780.,0,0,0
WBGene00170781.,0,0,0
WBGene00170782.,0,0,0
WBGene00170783.,0,0,0
WBGene00170784.,0,0,0
WBGene00170785.,0,0,0
WBGene00170786.,0,0,0
WBGene00170787.,0,0,0
WBGene00170788.,0,1,1
WBGene00170789.,0,0,0
WBGene00170790.,0,0,0
WBGene00170791.,0,0,0
WBGene00170792.,0,0,0
WBGene00170793.,0,0,0
WBGene00170794.,0,0,0
WBGene00170795.,0,2,2
WBGene00170796.,0,1,1
WBGene00170797.,0,0,0
WBGene00170798.,0,0,0
WBGene00170799.,0,0,0
WBGene00170800.,0,0,0
WBGene00170801.,0,1,1
WBGene00170802.,0,2,2
WBGene00170803.,0,0,0
WBGene00170804.,0,0,0
WBGene00170805.,0,0,0
WBGene00170806.,0,0,0
WBGene00170807.,0,0,0
WBGene00170808.,0,4,4
WBGene00170809.,0,0,0
WBGene00170810.,0,0,0
WBGene00170811.,0,2,2
WBGene00170812.,0,0,0
WBGene00170813.,0,0,0
WBGene00170814.,0,0,0
WBGene00170815.,0,0,0
WBGene00170816.,0,0,0
WBGene00170817.,0,0,0
WBGene00170818.,0,0,0
WBGene00170819.,0,0,0
WBGene00170820.,0,0,0
WBGene00170821.,0,0,0
WBGene00170822.,0,0,0
WBGene00170823.,0,0,0
WBGene00170824.,0,1,1
WBGene00170825.,0,0,0
WBGene00170826.,0,0,0
WBGene00170827.,0,0,0
WBGene00170828.,0,0,0
WBGene00170829.,0,0,0
WBGene00170830.,0,0,0
WBGene00170831.,0,0,0
WBGene00170832.,0,0,0
WBGene00170833.,0,0,0
WBGene00170834.,0,0,0
WBGene00170835.,0,10,10
WBGene00170836.,0,0,0
WBGene00170837.,0,0,0
WBGene00170838.,0,0,0
WBGene00170839.,0,0,0
WBGene00170840.,0,0,0
WBGene00170841.,0,0,0
WBGene00170842.,0,0,0
WBGene00170843.,0,0,0
WBGene00170844.,0,0,0
WBGene00170845.,0,0,0
WBGene00170846.,0,0,0
WBGene00170847.,0,0,0
WBGene00170848.,0,0,0
WBGene00170849.,0,0,0
WBGene00170850.,0,0,0
WBGene00170851.,0,0,0
WBGene00170852.,0,0,0
WBGene00170853.,0,0,0
WBGene00170854.,0,0,0
WBGene00170855.,0,0,0
WBGene00170856.,0,0,0
WBGene00170857.,0,0,0
WBGene00170858.,0,0,0
WBGene00170859.,0,0,0
WBGene00170860.,0,0,0
WBGene00170861.,0,0,0
WBGene00170862.,0,1,1
WBGene00170863.,0,0,0
WBGene00170864.,0,0,0
WBGene00170865.,0,0,0
WBGene00170866.,0,1,1
WBGene00170867.,0,0,0
WBGene00170868.,0,0,0
WBGene00170869.,0,0,0
WBGene00170870.,0,0,0
WBGene00170871.,0,0,0
WBGene00170872.,0,0,0
WBGene00170873.,0,0,0
WBGene00170874.,0,0,0
WBGene00170875.,0,0,0
WBGene00170876.,0,0,0
WBGene00170877.,0,0,0
WBGene00170878.,0,0,0
WBGene00170879.,0,0,0
WBGene00170880.,0,0,0
WBGene00170881.,0,0,0
WBGene00170882.,0,0,0
WBGene00170883.,0,0,0
WBGene00170884.,0,0,0
WBGene00170885.,0,0,0
WBGene00170886.,0,0,0
WBGene00170887.,0,0,0
WBGene00170888.,0,0,0
WBGene00170889.,0,0,0
WBGene00170890.,0,1,1
WBGene00170891.,0,0,0
WBGene00170892.,0,0,0
WBGene00170893.,0,0,0
WBGene00170894.,0,0,0
WBGene00170895.,0,0,0
WBGene00170896.,0,0,0
WBGene00170897.,0,0,0
WBGene00170898.,0,0,0
WBGene00170899.,0,0,0
WBGene00170900.,0,0,0
WBGene00170901.,0,0,0
WBGene00170902.,0,0,0
WBGene00170903.,0,0,0
WBGene00170904.,0,0,0
WBGene00170905.,0,0,0
WBGene00170906.,0,0,0
WBGene00170907.,0,0,0
WBGene00170908.,0,0,0
WBGene00170909.,0,0,0
WBGene00170910.,0,0,0
WBGene00170911.,0,0,0
WBGene00170912.,0,0,0
WBGene00170913.,0,0,0
WBGene00170914.,0,0,0
WBGene00170915.,0,1,1
WBGene00170916.,0,0,0
WBGene00170917.,0,0,0
WBGene00170918.,0,0,0
WBGene00170919.,0,0,0
WBGene00170920.,0,0,0
WBGene00170921.,0,0,0
WBGene00170922.,0,0,0
WBGene00170923.,0,0,0
WBGene00170924.,0,0,0
WBGene00170925.,0,0,0
WBGene00170926.,0,2,2
WBGene00170927.,0,0,0
WBGene00170928.,0,0,0
WBGene00170929.,0,0,0
WBGene00170930.,0,0,0
WBGene00170931.,0,1,1
WBGene00170932.,0,0,0
WBGene00170933.,0,0,0
WBGene00170934.,0,0,0
WBGene00170935.,0,0,0
WBGene00170936.,0,0,0
WBGene00170937.,0,0,0
WBGene00170938.,0,0,0
WBGene00170939.,0,0,0
WBGene00170940.,0,0,0
WBGene00170941.,0,0,0
WBGene00170942.,0,0,0
WBGene00170943.,0,0,0
WBGene00170944.,0,0,0
WBGene00170945.,0,0,0
WBGene00170946.,0,0,0
WBGene00170947.,0,0,0
WBGene00170948.,0,0,0
WBGene00170949.,0,0,0
WBGene00170950.,0,0,0
WBGene00170951.,0,15,15
WBGene00170952.,0,16,16
WBGene00170953.,0,0,0
WBGene00170954.,0,4,4
WBGene00170955.,0,0,0
WBGene00170956.,0,0,0
WBGene00170957.,0,0,0
WBGene00170958.,0,0,0
WBGene00170959.,0,0,0
WBGene00170960.,0,0,0
WBGene00170961.,0,0,0
WBGene00170962.,0,0,0
WBGene00170963.,0,0,0
WBGene00170964.,0,4,4
WBGene00170965.,0,1,1
WBGene00170966.,0,0,0
WBGene00170967.,0,0,0
WBGene00170968.,0,0,0
WBGene00170969.,0,0,0
WBGene00170970.,0,0,0
WBGene00170971.,0,0,0
WBGene00170972.,0,0,0
WBGene00170973.,0,0,0
WBGene00170974.,0,3,3
WBGene00170975.,0,3,3
WBGene00170976.,0,0,0
WBGene00170977.,0,0,0
WBGene00170978.,0,3,3
WBGene00170979.,0,0,0
WBGene00170980.,0,7,7
WBGene00170981.,0,0,0
WBGene00170982.,0,0,0
WBGene00170983.,0,1,1
WBGene00170984.,0,0,0
WBGene00170985.,0,0,0
WBGene00170986.,0,1,1
WBGene00170987.,0,0,0
WBGene00170988.,0,0,0
WBGene00170989.,0,0,0
WBGene00170990.,0,0,0
WBGene00170991.,0,0,0
WBGene00170992.,0,0,0
WBGene00170993.,0,0,0
WBGene00170994.,0,0,0
WBGene00170995.,0,0,0
WBGene00170996.,0,0,0
WBGene00170997.,0,0,0
WBGene00170998.,0,3,3
WBGene00170999.,0,0,0
WBGene00171000.,0,0,0
WBGene00171001.,0,0,0
WBGene00171002.,0,0,0
WBGene00171003.,0,0,0
WBGene00171004.,0,0,0
WBGene00171005.,0,4,4
WBGene00171006.,0,0,0
WBGene00171007.,0,0,0
WBGene00171008.,0,0,0
WBGene00171009.,0,2,2
WBGene00171010.,0,0,0
WBGene00171011.,0,0,0
WBGene00171012.,0,0,0
WBGene00171013.,0,0,0
WBGene00171014.,0,0,0
WBGene00171015.,0,1,1
WBGene00171016.,0,0,0
WBGene00171017.,0,0,0
WBGene00171018.,0,0,0
WBGene00171019.,0,0,0
WBGene00171020.,0,0,0
WBGene00171021.,0,0,0
WBGene00171022.,0,0,0
WBGene00171023.,0,0,0
WBGene00171024.,0,0,0
WBGene00171025.,0,0,0
WBGene00171026.,0,1,1
WBGene00171027.,0,0,0
WBGene00171028.,0,0,0
WBGene00171029.,0,3,3
WBGene00171030.,0,0,0
WBGene00171031.,0,0,0
WBGene00171032.,0,0,0
WBGene00171033.,0,0,0
WBGene00171034.,0,0,0
WBGene00171035.,0,0,0
WBGene00171036.,0,0,0
WBGene00171037.,0,0,0
WBGene00171038.,0,0,0
WBGene00171039.,0,0,0
WBGene00171040.,0,0,0
WBGene00171041.,0,9,9
WBGene00171042.,0,0,0
WBGene00171043.,0,0,0
WBGene00171044.,0,0,0
WBGene00171045.,0,0,0
WBGene00171046.,0,0,0
WBGene00171047.,0,0,0
WBGene00171048.,0,0,0
WBGene00171049.,0,0,0
WBGene00171050.,0,0,0
WBGene00171051.,0,0,0
WBGene00171052.,0,0,0
WBGene00171053.,0,0,0
WBGene00171054.,0,0,0
WBGene00171055.,0,0,0
WBGene00171056.,0,0,0
WBGene00171057.,0,0,0
WBGene00171058.,0,0,0
WBGene00171059.,0,0,0
WBGene00171060.,0,0,0
WBGene00171061.,0,7,7
WBGene00171062.,0,0,0
WBGene00171063.,0,0,0
WBGene00171064.,0,0,0
WBGene00171065.,0,0,0
WBGene00171066.,0,0,0
WBGene00171067.,0,0,0
WBGene00171068.,0,0,0
WBGene00171069.,0,0,0
WBGene00171070.,0,0,0
WBGene00171071.,0,0,0
WBGene00171072.,0,0,0
WBGene00171073.,0,0,0
WBGene00171074.,0,0,0
WBGene00171075.,0,0,0
WBGene00171076.,0,0,0
WBGene00171077.,0,0,0
WBGene00171078.,0,0,0
WBGene00171079.,0,0,0
WBGene00171080.,0,1,1
WBGene00171081.,0,0,0
WBGene00171082.,0,0,0
WBGene00171083.,0,0,0
WBGene00171084.,0,0,0
WBGene00171085.,0,0,0
WBGene00171086.,0,0,0
WBGene00171087.,0,2,2
WBGene00171088.,0,0,0
WBGene00171089.,0,0,0
WBGene00171090.,0,0,0
WBGene00171091.,0,3,3
WBGene00171092.,0,0,0
WBGene00171093.,0,0,0
WBGene00171094.,0,0,0
WBGene00171095.,0,0,0
WBGene00171096.,0,0,0
WBGene00171097.,0,0,0
WBGene00171098.,0,0,0
WBGene00171099.,0,0,0
WBGene00171100.,0,1,1
WBGene00171101.,0,0,0
WBGene00171102.,0,0,0
WBGene00171103.,0,0,0
WBGene00171104.,0,0,0
WBGene00171105.,0,0,0
WBGene00171106.,0,0,0
WBGene00171107.,0,2,2
WBGene00171108.,0,0,0
WBGene00171109.,0,0,0
WBGene00171110.,0,0,0
WBGene00171111.,0,0,0
WBGene00171112.,0,0,0
WBGene00171113.,0,12,12
WBGene00171114.,0,0,0
WBGene00171115.,0,0,0
WBGene00171116.,0,0,0
WBGene00171117.,0,4,4
WBGene00171118.,0,0,0
WBGene00171119.,0,0,0
WBGene00171120.,0,0,0
WBGene00171121.,0,0,0
WBGene00171122.,0,0,0
WBGene00171123.,0,0,0
WBGene00171124.,0,0,0
WBGene00171125.,0,0,0
WBGene00171126.,0,0,0
WBGene00171127.,0,0,0
WBGene00171128.,0,0,0
WBGene00171129.,0,0,0
WBGene00171130.,0,0,0
WBGene00171131.,0,0,0
WBGene00171132.,0,0,0
WBGene00171133.,0,0,0
WBGene00171134.,0,0,0
WBGene00171135.,0,0,0
WBGene00171136.,0,0,0
WBGene00171137.,0,0,0
WBGene00171138.,0,0,0
WBGene00171139.,0,0,0
WBGene00171140.,0,0,0
WBGene00171141.,0,0,0
WBGene00171142.,0,0,0
WBGene00171143.,0,0,0
WBGene00171144.,0,0,0
WBGene00171145.,0,0,0
WBGene00171146.,0,0,0
WBGene00171147.,0,0,0
WBGene00171148.,0,0,0
WBGene00171149.,0,0,0
WBGene00171150.,0,0,0
WBGene00171151.,0,0,0
WBGene00171152.,0,10,10
WBGene00171153.,0,0,0
WBGene00171154.,0,0,0
WBGene00171155.,0,0,0
WBGene00171156.,0,0,0
WBGene00171157.,0,0,0
WBGene00171158.,0,0,0
WBGene00171159.,0,0,0
WBGene00171160.,0,0,0
WBGene00171161.,0,0,0
WBGene00171162.,0,0,0
WBGene00171163.,0,0,0
WBGene00171164.,0,0,0
WBGene00171165.,0,0,0
WBGene00171166.,0,0,0
WBGene00171167.,0,1,1
WBGene00171168.,0,0,0
WBGene00171169.,0,0,0
WBGene00171170.,0,0,0
WBGene00171171.,0,0,0
WBGene00171172.,0,0,0
WBGene00171173.,0,0,0
WBGene00171174.,0,0,0
WBGene00171175.,0,0,0
WBGene00171176.,0,0,0
WBGene00171177.,0,0,0
WBGene00171178.,0,0,0
WBGene00171179.,0,0,0
WBGene00171180.,0,0,0
WBGene00171181.,0,0,0
WBGene00171182.,0,0,0
WBGene00171183.,0,0,0
WBGene00171184.,0,0,0
WBGene00171185.,0,0,0
WBGene00171186.,0,0,0
WBGene00171187.,0,0,0
WBGene00171188.,0,0,0
WBGene00171189.,0,0,0
WBGene00171190.,0,1,1
WBGene00171191.,0,0,0
WBGene00171192.,0,0,0
WBGene00171193.,0,1,1
WBGene00171194.,0,2,2
WBGene00171195.,0,0,0
WBGene00171196.,0,0,0
WBGene00171197.,0,0,0
WBGene00171198.,0,0,0
WBGene00171199.,0,0,0
WBGene00171200.,0,0,0
WBGene00171201.,0,0,0
WBGene00171202.,0,0,0
WBGene00171203.,0,0,0
WBGene00171204.,0,0,0
WBGene00171205.,0,0,0
WBGene00171206.,0,0,0
WBGene00171207.,0,0,0
WBGene00171208.,0,0,0
WBGene00171209.,0,0,0
WBGene00171210.,0,0,0
WBGene00171211.,0,1,1
WBGene00171212.,0,1,1
WBGene00171213.,0,0,0
WBGene00171214.,0,1,1
WBGene00171215.,0,0,0
WBGene00171216.,0,0,0
WBGene00171217.,0,0,0
WBGene00171218.,0,0,0
WBGene00171219.,0,0,0
WBGene00171220.,0,2,2
WBGene00171221.,0,3,3
WBGene00171222.,0,0,0
WBGene00171223.,0,0,0
WBGene00171224.,0,0,0
WBGene00171225.,0,0,0
WBGene00171226.,0,0,0
WBGene00171227.,0,0,0
WBGene00171228.,0,1,1
WBGene00171229.,0,0,0
WBGene00171230.,0,0,0
WBGene00171231.,0,0,0
WBGene00171232.,0,0,0
WBGene00171233.,0,0,0
WBGene00171234.,0,0,0
WBGene00171235.,0,0,0
WBGene00171236.,0,1,1
WBGene00171237.,0,0,0
WBGene00171238.,0,0,0
WBGene00171239.,0,0,0
WBGene00171240.,0,0,0
WBGene00171241.,0,0,0
WBGene00171242.,0,0,0
WBGene00171243.,0,0,0
WBGene00171244.,0,2,2
WBGene00171245.,0,0,0
WBGene00171246.,0,0,0
WBGene00171247.,0,0,0
WBGene00171248.,0,0,0
WBGene00171249.,0,0,0
WBGene00171250.,0,0,0
WBGene00171251.,0,0,0
WBGene00171252.,0,1,1
WBGene00171253.,0,0,0
WBGene00171254.,0,0,0
WBGene00171255.,0,0,0
WBGene00171256.,0,0,0
WBGene00171257.,0,0,0
WBGene00171258.,0,0,0
WBGene00171259.,0,0,0
WBGene00171260.,0,0,0
WBGene00171261.,0,0,0
WBGene00171262.,0,0,0
WBGene00171263.,0,0,0
WBGene00171264.,0,0,0
WBGene00171265.,0,4,4
WBGene00171266.,0,0,0
WBGene00171267.,0,0,0
WBGene00171268.,0,0,0
WBGene00171269.,0,0,0
WBGene00171270.,0,0,0
WBGene00171271.,0,0,0
WBGene00171272.,0,0,0
WBGene00171273.,0,0,0
WBGene00171274.,0,0,0
WBGene00171275.,0,0,0
WBGene00171276.,0,0,0
WBGene00171277.,0,0,0
WBGene00171278.,0,0,0
WBGene00171279.,0,1,1
WBGene00171280.,0,2,2
WBGene00171281.,0,0,0
WBGene00171282.,0,0,0
WBGene00171283.,0,0,0
WBGene00171284.,0,0,0
WBGene00171285.,0,0,0
WBGene00171286.,0,28,28
WBGene00171287.,0,0,0
WBGene00171288.,0,0,0
WBGene00171289.,0,2,2
WBGene00171290.,0,4,4
WBGene00171291.,0,0,0
WBGene00171292.,0,0,0
WBGene00171293.,0,2,2
WBGene00171294.,0,1,1
WBGene00171295.,0,0,0
WBGene00171296.,0,0,0
WBGene00171297.,0,0,0
WBGene00171298.,0,0,0
WBGene00171299.,0,0,0
WBGene00171300.,0,0,0
WBGene00171301.,0,0,0
WBGene00171302.,0,0,0
WBGene00171303.,0,0,0
WBGene00171304.,0,0,0
WBGene00171305.,0,0,0
WBGene00171306.,0,0,0
WBGene00171307.,0,0,0
WBGene00171308.,0,0,0
WBGene00171309.,0,3,3
WBGene00171310.,0,1,1
WBGene00171311.,0,7,7
WBGene00171312.,0,0,0
WBGene00171313.,0,0,0
WBGene00171314.,0,0,0
WBGene00171315.,0,0,0
WBGene00171316.,0,0,0
WBGene00171317.,0,0,0
WBGene00171318.,0,0,0
WBGene00171319.,0,1,1
WBGene00171320.,0,0,0
WBGene00171321.,0,0,0
WBGene00171322.,0,0,0
WBGene00171323.,0,1,1
WBGene00171324.,0,0,0
WBGene00171325.,0,0,0
WBGene00171326.,0,0,0
WBGene00171327.,0,0,0
WBGene00171328.,0,0,0
WBGene00171329.,0,1,1
WBGene00171330.,0,0,0
WBGene00171331.,0,0,0
WBGene00171332.,0,0,0
WBGene00171333.,0,0,0
WBGene00171334.,0,0,0
WBGene00171335.,0,2,2
WBGene00171336.,0,0,0
WBGene00171337.,0,0,0
WBGene00171338.,0,0,0
WBGene00171339.,0,0,0
WBGene00171340.,0,0,0
WBGene00171341.,0,0,0
WBGene00171342.,0,0,0
WBGene00171343.,0,1,1
WBGene00171344.,0,0,0
WBGene00171345.,0,0,0
WBGene00171346.,0,1,1
WBGene00171347.,0,7,7
WBGene00171348.,0,0,0
WBGene00171349.,0,0,0
WBGene00171350.,0,0,0
WBGene00171351.,0,0,0
WBGene00171352.,0,0,0
WBGene00171353.,0,0,0
WBGene00171354.,0,0,0
WBGene00171355.,0,0,0
WBGene00171356.,0,0,0
WBGene00171357.,0,0,0
WBGene00171358.,0,0,0
WBGene00171359.,0,3,3
WBGene00171360.,0,0,0
WBGene00171361.,0,0,0
WBGene00171362.,0,0,0
WBGene00171363.,0,0,0
WBGene00171364.,0,1,1
WBGene00171365.,0,0,0
WBGene00171366.,0,0,0
WBGene00171367.,0,0,0
WBGene00171368.,0,0,0
WBGene00171369.,0,0,0
WBGene00171370.,0,0,0
WBGene00171371.,0,0,0
WBGene00171372.,0,0,0
WBGene00171373.,0,0,0
WBGene00171374.,0,0,0
WBGene00171375.,0,2,2
WBGene00171376.,0,0,0
WBGene00171377.,0,0,0
WBGene00171378.,0,0,0
WBGene00171379.,0,0,0
WBGene00171380.,0,0,0
WBGene00171381.,0,0,0
WBGene00171382.,0,0,0
WBGene00171383.,0,0,0
WBGene00171384.,0,0,0
WBGene00171385.,0,0,0
WBGene00171386.,0,0,0
WBGene00171387.,0,0,0
WBGene00171388.,0,0,0
WBGene00171389.,0,0,0
WBGene00171390.,0,0,0
WBGene00171391.,0,0,0
WBGene00171392.,0,0,0
WBGene00171393.,0,0,0
WBGene00171394.,0,0,0
WBGene00171395.,0,0,0
WBGene00171396.,0,0,0
WBGene00171397.,0,0,0
WBGene00171398.,0,0,0
WBGene00171399.,0,0,0
WBGene00171400.,0,0,0
WBGene00171401.,0,0,0
WBGene00171402.,0,0,0
WBGene00171403.,0,0,0
WBGene00171404.,0,0,0
WBGene00171405.,0,1,1
WBGene00171406.,0,0,0
WBGene00171407.,0,0,0
WBGene00171408.,0,0,0
WBGene00171409.,0,0,0
WBGene00171410.,0,0,0
WBGene00171411.,0,4,4
WBGene00171412.,0,5,5
WBGene00171413.,0,0,0
WBGene00171414.,0,1,1
WBGene00171415.,0,0,0
WBGene00171416.,0,0,0
WBGene00171417.,0,0,0
WBGene00171418.,0,0,0
WBGene00171419.,0,0,0
WBGene00171420.,0,0,0
WBGene00171421.,0,0,0
WBGene00171422.,0,0,0
WBGene00171423.,0,11,11
WBGene00171424.,0,0,0
WBGene00171425.,0,0,0
WBGene00171426.,0,0,0
WBGene00171427.,0,0,0
WBGene00171428.,0,1,1
WBGene00171429.,0,0,0
WBGene00171430.,0,0,0
WBGene00171431.,0,0,0
WBGene00171432.,0,0,0
WBGene00171433.,0,0,0
WBGene00171434.,0,0,0
WBGene00171435.,0,0,0
WBGene00171436.,0,0,0
WBGene00171437.,0,3,3
WBGene00171438.,0,0,0
WBGene00171439.,0,2,2
WBGene00171440.,0,0,0
WBGene00171441.,0,0,0
WBGene00171442.,0,0,0
WBGene00171443.,0,0,0
WBGene00171444.,0,0,0
WBGene00171445.,0,0,0
WBGene00171446.,0,0,0
WBGene00171447.,0,0,0
WBGene00171448.,0,0,0
WBGene00171449.,0,0,0
WBGene00171450.,0,1,1
WBGene00171451.,0,2,2
WBGene00171452.,0,0,0
WBGene00171453.,0,0,0
WBGene00171454.,0,0,0
WBGene00171455.,0,0,0
WBGene00171456.,0,3,3
WBGene00171457.,0,0,0
WBGene00171458.,0,0,0
WBGene00171459.,0,0,0
WBGene00171460.,0,0,0
WBGene00171461.,0,4,4
WBGene00171462.,0,0,0
WBGene00171463.,0,0,0
WBGene00171464.,0,0,0
WBGene00171465.,0,0,0
WBGene00171466.,0,0,0
WBGene00171467.,0,0,0
WBGene00171468.,0,0,0
WBGene00171469.,0,0,0
WBGene00171470.,0,33,33
WBGene00171471.,0,0,0
WBGene00171472.,0,0,0
WBGene00171473.,0,2,2
WBGene00171474.,0,0,0
WBGene00171475.,0,0,0
WBGene00171476.,0,0,0
WBGene00171477.,0,0,0
WBGene00171478.,0,6,6
WBGene00171479.,0,0,0
WBGene00171480.,0,0,0
WBGene00171481.,0,0,0
WBGene00171482.,0,1,1
WBGene00171483.,0,0,0
WBGene00171484.,0,0,0
WBGene00171485.,0,0,0
WBGene00171486.,0,0,0
WBGene00171487.,0,0,0
WBGene00171488.,0,0,0
WBGene00171489.,0,0,0
WBGene00171490.,0,0,0
WBGene00171491.,0,0,0
WBGene00171492.,0,0,0
WBGene00171493.,0,0,0
WBGene00171494.,0,0,0
WBGene00171495.,0,0,0
WBGene00171496.,0,0,0
WBGene00171497.,0,0,0
WBGene00171498.,0,0,0
WBGene00171499.,0,0,0
WBGene00171500.,0,1,1
WBGene00171501.,0,0,0
WBGene00171502.,0,0,0
WBGene00171503.,0,0,0
WBGene00171504.,0,0,0
WBGene00171505.,0,0,0
WBGene00171506.,0,0,0
WBGene00171507.,0,0,0
WBGene00171508.,0,0,0
WBGene00171509.,0,0,0
WBGene00171510.,0,0,0
WBGene00171511.,0,0,0
WBGene00171512.,0,0,0
WBGene00171513.,0,0,0
WBGene00171514.,0,0,0
WBGene00171515.,0,0,0
WBGene00171516.,0,0,0
WBGene00171517.,0,0,0
WBGene00171518.,0,0,0
WBGene00171519.,0,0,0
WBGene00171520.,0,0,0
WBGene00171521.,0,0,0
WBGene00171522.,0,0,0
WBGene00171523.,0,0,0
WBGene00171524.,0,0,0
WBGene00171525.,0,1,1
WBGene00171526.,0,1,1
WBGene00171527.,0,0,0
WBGene00171528.,0,0,0
WBGene00171529.,0,0,0
WBGene00171530.,0,0,0
WBGene00171531.,0,0,0
WBGene00171532.,0,0,0
WBGene00171533.,0,2,2
WBGene00171534.,0,0,0
WBGene00171535.,0,0,0
WBGene00171536.,0,0,0
WBGene00171537.,0,0,0
WBGene00171538.,0,0,0
WBGene00171539.,0,0,0
WBGene00171540.,0,0,0
WBGene00171541.,0,0,0
WBGene00171542.,0,0,0
WBGene00171543.,0,0,0
WBGene00171544.,0,0,0
WBGene00171545.,0,0,0
WBGene00171546.,0,0,0
WBGene00171547.,0,0,0
WBGene00171548.,0,0,0
WBGene00171549.,0,0,0
WBGene00171550.,0,0,0
WBGene00171551.,0,0,0
WBGene00171552.,0,0,0
WBGene00171553.,0,0,0
WBGene00171554.,0,0,0
WBGene00171555.,0,0,0
WBGene00171556.,0,1,1
WBGene00171557.,0,0,0
WBGene00171558.,0,0,0
WBGene00171559.,0,0,0
WBGene00171560.,0,0,0
WBGene00171561.,0,0,0
WBGene00171562.,0,0,0
WBGene00171563.,0,0,0
WBGene00171564.,0,0,0
WBGene00171565.,0,0,0
WBGene00171566.,0,0,0
WBGene00171567.,0,0,0
WBGene00171568.,0,59,59
WBGene00171569.,0,0,0
WBGene00171570.,0,0,0
WBGene00171571.,0,0,0
WBGene00171572.,0,0,0
WBGene00171573.,0,0,0
WBGene00171574.,0,0,0
WBGene00171575.,0,0,0
WBGene00171576.,0,0,0
WBGene00171577.,0,0,0
WBGene00171578.,0,0,0
WBGene00171579.,0,0,0
WBGene00171580.,0,0,0
WBGene00171581.,0,0,0
WBGene00171582.,0,0,0
WBGene00171583.,0,0,0
WBGene00171584.,0,0,0
WBGene00171585.,0,0,0
WBGene00171586.,0,0,0
WBGene00171587.,0,3,3
WBGene00171588.,0,0,0
WBGene00171589.,0,0,0
WBGene00171590.,0,0,0
WBGene00171591.,0,0,0
WBGene00171592.,0,0,0
WBGene00171593.,0,0,0
WBGene00171594.,0,0,0
WBGene00171595.,0,0,0
WBGene00171596.,0,1,1
WBGene00171597.,0,0,0
WBGene00171598.,0,0,0
WBGene00171599.,0,0,0
WBGene00171600.,0,0,0
WBGene00171601.,0,0,0
WBGene00171602.,0,0,0
WBGene00171603.,0,0,0
WBGene00171604.,0,0,0
WBGene00171605.,0,0,0
WBGene00171606.,0,0,0
WBGene00171607.,0,0,0
WBGene00171608.,0,2,2
WBGene00171609.,0,0,0
WBGene00171610.,0,0,0
WBGene00171611.,0,0,0
WBGene00171612.,0,0,0
WBGene00171613.,0,0,0
WBGene00171614.,0,0,0
WBGene00171615.,0,0,0
WBGene00171616.,0,0,0
WBGene00171617.,0,2,2
WBGene00171618.,0,0,0
WBGene00171619.,0,0,0
WBGene00171620.,0,0,0
WBGene00171621.,0,0,0
WBGene00171622.,0,1,1
WBGene00171623.,0,2,2
WBGene00171624.,0,0,0
WBGene00171625.,0,0,0
WBGene00171626.,0,0,0
WBGene00171627.,0,0,0
WBGene00171628.,0,0,0
WBGene00171629.,0,0,0
WBGene00171630.,0,0,0
WBGene00171631.,0,0,0
WBGene00171632.,0,0,0
WBGene00171633.,0,0,0
WBGene00171634.,0,0,0
WBGene00171635.,0,0,0
WBGene00171636.,0,0,0
WBGene00171637.,0,0,0
WBGene00171638.,0,0,0
WBGene00171639.,0,0,0
WBGene00171640.,0,0,0
WBGene00171641.,0,0,0
WBGene00171642.,0,1,1
WBGene00171643.,0,0,0
WBGene00171644.,0,0,0
WBGene00171645.,0,0,0
WBGene00171646.,0,0,0
WBGene00171647.,0,0,0
WBGene00171648.,0,0,0
WBGene00171649.,0,0,0
WBGene00171650.,0,0,0
WBGene00171651.,0,0,0
WBGene00171652.,0,0,0
WBGene00171653.,0,0,0
WBGene00171654.,0,0,0
WBGene00171655.,0,0,0
WBGene00171656.,0,0,0
WBGene00171657.,0,0,0
WBGene00171658.,0,1,1
WBGene00171659.,0,1,1
WBGene00171660.,0,0,0
WBGene00171661.,0,0,0
WBGene00171662.,0,0,0
WBGene00171663.,0,2,2
WBGene00171664.,0,0,0
WBGene00171665.,0,0,0
WBGene00171666.,0,0,0
WBGene00171667.,0,0,0
WBGene00171668.,0,0,0
WBGene00171669.,0,0,0
WBGene00171670.,0,0,0
WBGene00171671.,0,0,0
WBGene00171672.,0,0,0
WBGene00171673.,0,0,0
WBGene00171674.,0,0,0
WBGene00171675.,0,0,0
WBGene00171676.,0,1,1
WBGene00171677.,0,0,0
WBGene00171678.,0,0,0
WBGene00171679.,0,0,0
WBGene00171680.,0,0,0
WBGene00171681.,0,0,0
WBGene00171682.,0,0,0
WBGene00171683.,0,0,0
WBGene00171684.,0,0,0
WBGene00171685.,0,0,0
WBGene00171686.,0,1,1
WBGene00171687.,0,0,0
WBGene00171688.,0,0,0
WBGene00171689.,0,0,0
WBGene00171690.,0,0,0
WBGene00171691.,0,2,2
WBGene00171692.,0,0,0
WBGene00171693.,0,0,0
WBGene00171694.,0,0,0
WBGene00171695.,0,0,0
WBGene00171696.,0,0,0
WBGene00171697.,0,0,0
WBGene00171698.,0,0,0
WBGene00171699.,0,3,3
WBGene00171700.,0,0,0
WBGene00171701.,0,0,0
WBGene00171702.,0,0,0
WBGene00171703.,0,1,1
WBGene00171704.,0,0,0
WBGene00171705.,0,0,0
WBGene00171706.,0,0,0
WBGene00171707.,0,0,0
WBGene00171708.,0,0,0
WBGene00171709.,0,0,0
WBGene00171710.,0,0,0
WBGene00171712.,0,0,0
WBGene00171713.,0,0,0
WBGene00171714.,0,0,0
WBGene00171715.,0,0,0
WBGene00171716.,0,0,0
WBGene00171717.,0,0,0
WBGene00171718.,0,0,0
WBGene00171719.,0,0,0
WBGene00171720.,0,0,0
WBGene00171721.,0,0,0
WBGene00171722.,0,0,0
WBGene00171723.,0,0,0
WBGene00171724.,0,0,0
WBGene00171725.,0,0,0
WBGene00171726.,0,0,0
WBGene00171727.,0,0,0
WBGene00171728.,0,0,0
WBGene00171729.,0,1,1
WBGene00171730.,0,0,0
WBGene00171731.,0,0,0
WBGene00171732.,0,0,0
WBGene00171733.,0,0,0
WBGene00171734.,0,0,0
WBGene00171735.,0,0,0
WBGene00171736.,0,1,1
WBGene00171737.,0,0,0
WBGene00171738.,0,0,0
WBGene00171739.,0,0,0
WBGene00171740.,0,0,0
WBGene00171741.,0,0,0
WBGene00171742.,0,0,0
WBGene00171743.,0,0,0
WBGene00171744.,0,0,0
WBGene00171745.,0,0,0
WBGene00171746.,0,0,0
WBGene00171747.,0,0,0
WBGene00171748.,0,0,0
WBGene00171749.,0,0,0
WBGene00171750.,0,0,0
WBGene00171751.,0,0,0
WBGene00171752.,0,0,0
WBGene00171753.,0,0,0
WBGene00171754.,0,5,5
WBGene00171755.,0,0,0
WBGene00171756.,0,0,0
WBGene00171757.,0,0,0
WBGene00171758.,0,0,0
WBGene00171759.,0,0,0
WBGene00171760.,0,0,0
WBGene00171761.,0,0,0
WBGene00171762.,0,0,0
WBGene00171763.,0,0,0
WBGene00171764.,0,0,0
WBGene00171765.,0,2,2
WBGene00171766.,0,0,0
WBGene00171767.,0,0,0
WBGene00171768.,0,0,0
WBGene00171769.,0,0,0
WBGene00171770.,0,0,0
WBGene00171771.,0,0,0
WBGene00171772.,0,0,0
WBGene00171773.,0,0,0
WBGene00171774.,0,0,0
WBGene00171775.,0,0,0
WBGene00171776.,0,0,0
WBGene00171777.,0,0,0
WBGene00171778.,0,0,0
WBGene00171779.,0,0,0
WBGene00171780.,0,0,0
WBGene00171781.,0,0,0
WBGene00171782.,0,0,0
WBGene00171783.,0,0,0
WBGene00171784.,0,0,0
WBGene00171785.,0,0,0
WBGene00171786.,0,1,1
WBGene00171787.,0,0,0
WBGene00171788.,0,0,0
WBGene00171789.,0,0,0
WBGene00171790.,0,0,0
WBGene00171791.,0,0,0
WBGene00171792.,0,1,1
WBGene00171793.,0,0,0
WBGene00171794.,0,0,0
WBGene00171795.,0,0,0
WBGene00171796.,0,1,1
WBGene00171797.,0,0,0
WBGene00171798.,0,0,0
WBGene00171799.,0,2,2
WBGene00171800.,0,1,1
WBGene00171801.,0,0,0
WBGene00171802.,0,0,0
WBGene00171803.,0,0,0
WBGene00171804.,0,0,0
WBGene00171805.,0,0,0
WBGene00171806.,0,0,0
WBGene00171807.,0,0,0
WBGene00171809.,0,0,0
WBGene00171810.,0,0,0
WBGene00171811.,0,0,0
WBGene00171812.,0,0,0
WBGene00171813.,0,0,0
WBGene00171814.,0,0,0
WBGene00171815.,0,0,0
WBGene00171816.,0,0,0
WBGene00171817.,0,0,0
WBGene00171818.,0,0,0
WBGene00171819.,0,0,0
WBGene00171820.,0,0,0
WBGene00171821.,0,0,0
WBGene00171822.,0,0,0
WBGene00171823.,0,0,0
WBGene00171824.,0,0,0
WBGene00171825.,0,0,0
WBGene00171826.,0,0,0
WBGene00171827.,0,0,0
WBGene00171828.,0,0,0
WBGene00171829.,0,0,0
WBGene00171830.,0,0,0
WBGene00171831.,0,0,0
WBGene00171832.,0,0,0
WBGene00171833.,0,2,2
WBGene00171834.,0,0,0
WBGene00171835.,0,0,0
WBGene00171836.,0,0,0
WBGene00171837.,0,0,0
WBGene00171838.,0,1,1
WBGene00171839.,0,0,0
WBGene00171840.,0,0,0
WBGene00171841.,0,0,0
WBGene00171842.,0,0,0
WBGene00171843.,0,0,0
WBGene00171844.,0,0,0
WBGene00171845.,0,0,0
WBGene00171846.,0,0,0
WBGene00171847.,0,0,0
WBGene00171848.,0,0,0
WBGene00171849.,0,0,0
WBGene00171850.,0,0,0
WBGene00171851.,0,0,0
WBGene00171852.,0,0,0
WBGene00171853.,0,0,0
WBGene00171854.,0,0,0
WBGene00171855.,0,0,0
WBGene00171856.,0,0,0
WBGene00171857.,0,0,0
WBGene00171858.,0,0,0
WBGene00171859.,0,0,0
WBGene00171860.,0,0,0
WBGene00171861.,0,0,0
WBGene00171862.,0,0,0
WBGene00171863.,0,1,1
WBGene00171864.,0,0,0
WBGene00171865.,0,0,0
WBGene00171866.,0,0,0
WBGene00171867.,0,0,0
WBGene00171868.,0,0,0
WBGene00171869.,0,0,0
WBGene00171870.,0,0,0
WBGene00171871.,0,0,0
WBGene00171872.,0,0,0
WBGene00171873.,0,0,0
WBGene00171875.,0,0,0
WBGene00171876.,0,0,0
WBGene00171877.,0,0,0
WBGene00171878.,0,0,0
WBGene00171879.,0,0,0
WBGene00171880.,0,0,0
WBGene00171881.,0,0,0
WBGene00171882.,0,0,0
WBGene00171883.,0,0,0
WBGene00171884.,0,0,0
WBGene00171885.,0,0,0
WBGene00171886.,0,0,0
WBGene00171887.,0,0,0
WBGene00171888.,0,4,4
WBGene00171889.,0,0,0
WBGene00171890.,0,0,0
WBGene00171891.,0,0,0
WBGene00171892.,0,2,2
WBGene00171893.,0,0,0
WBGene00171894.,0,0,0
WBGene00171895.,0,3,3
WBGene00171896.,0,0,0
WBGene00171897.,0,0,0
WBGene00171898.,0,0,0
WBGene00171899.,0,0,0
WBGene00171900.,0,0,0
WBGene00171901.,0,0,0
WBGene00171902.,0,0,0
WBGene00171903.,0,0,0
WBGene00171904.,0,0,0
WBGene00171905.,0,0,0
WBGene00171906.,0,0,0
WBGene00171907.,0,3,3
WBGene00171908.,0,0,0
WBGene00171909.,0,0,0
WBGene00171910.,0,0,0
WBGene00171911.,0,0,0
WBGene00171912.,0,0,0
WBGene00171913.,0,0,0
WBGene00171914.,0,0,0
WBGene00171915.,0,0,0
WBGene00171916.,0,0,0
WBGene00171917.,0,0,0
WBGene00171918.,0,0,0
WBGene00171919.,0,0,0
WBGene00171920.,0,0,0
WBGene00171921.,0,0,0
WBGene00171922.,0,0,0
WBGene00171923.,0,0,0
WBGene00171924.,0,8,8
WBGene00171925.,0,0,0
WBGene00171926.,0,0,0
WBGene00171927.,0,0,0
WBGene00171928.,0,0,0
WBGene00171929.,0,0,0
WBGene00171930.,0,0,0
WBGene00171931.,0,0,0
WBGene00171932.,0,3,3
WBGene00171933.,0,0,0
WBGene00171934.,0,0,0
WBGene00171935.,0,2,2
WBGene00171936.,0,0,0
WBGene00171937.,0,0,0
WBGene00171938.,0,0,0
WBGene00171939.,0,0,0
WBGene00171940.,0,0,0
WBGene00171941.,0,0,0
WBGene00171942.,0,0,0
WBGene00171943.,0,0,0
WBGene00171944.,0,0,0
WBGene00171945.,0,0,0
WBGene00171946.,0,4,4
WBGene00171947.,0,0,0
WBGene00171948.,0,0,0
WBGene00171949.,0,0,0
WBGene00171950.,0,0,0
WBGene00171951.,0,0,0
WBGene00171952.,0,0,0
WBGene00171953.,0,0,0
WBGene00171954.,0,0,0
WBGene00171955.,0,0,0
WBGene00171956.,0,0,0
WBGene00171957.,0,0,0
WBGene00171958.,0,0,0
WBGene00171959.,0,0,0
WBGene00171960.,0,0,0
WBGene00171961.,0,0,0
WBGene00171962.,0,0,0
WBGene00171963.,0,0,0
WBGene00171964.,0,0,0
WBGene00171965.,0,0,0
WBGene00171966.,0,0,0
WBGene00171967.,0,0,0
WBGene00171968.,0,0,0
WBGene00171969.,0,0,0
WBGene00171970.,0,0,0
WBGene00171971.,0,0,0
WBGene00171972.,0,0,0
WBGene00171973.,0,1,1
WBGene00171974.,0,0,0
WBGene00171975.,0,0,0
WBGene00171976.,0,0,0
WBGene00171977.,0,0,0
WBGene00171978.,0,5,5
WBGene00171979.,0,0,0
WBGene00171980.,0,1,1
WBGene00171981.,0,0,0
WBGene00171982.,0,0,0
WBGene00171983.,0,1,1
WBGene00171984.,0,0,0
WBGene00171985.,0,2,2
WBGene00171986.,0,0,0
WBGene00171987.,0,0,0
WBGene00171988.,0,0,0
WBGene00171989.,0,0,0
WBGene00171990.,0,0,0
WBGene00171991.,0,0,0
WBGene00171992.,0,0,0
WBGene00171993.,0,0,0
WBGene00171994.,0,0,0
WBGene00171995.,0,0,0
WBGene00171996.,0,0,0
WBGene00171997.,0,0,0
WBGene00171998.,0,0,0
WBGene00171999.,0,0,0
WBGene00172000.,0,0,0
WBGene00172001.,0,0,0
WBGene00172002.,0,0,0
WBGene00172003.,0,0,0
WBGene00172004.,0,0,0
WBGene00172006.,0,0,0
WBGene00172007.,0,0,0
WBGene00172008.,0,0,0
WBGene00172009.,0,0,0
WBGene00172010.,0,0,0
WBGene00172011.,0,0,0
WBGene00172012.,0,0,0
WBGene00172013.,0,0,0
WBGene00172014.,0,0,0
WBGene00172015.,0,0,0
WBGene00172016.,0,44,44
WBGene00172017.,0,0,0
WBGene00172018.,0,0,0
WBGene00172019.,0,8,8
WBGene00172020.,0,0,0
WBGene00172021.,0,0,0
WBGene00172022.,0,0,0
WBGene00172023.,0,0,0
WBGene00172024.,0,0,0
WBGene00172025.,0,0,0
WBGene00172026.,0,0,0
WBGene00172027.,0,0,0
WBGene00172028.,0,1,1
WBGene00172029.,0,0,0
WBGene00172030.,0,0,0
WBGene00172031.,0,0,0
WBGene00172032.,0,0,0
WBGene00172033.,0,0,0
WBGene00172034.,0,0,0
WBGene00172035.,0,0,0
WBGene00172036.,0,0,0
WBGene00172037.,0,0,0
WBGene00172038.,0,0,0
WBGene00172039.,0,1,1
WBGene00172040.,0,0,0
WBGene00172041.,0,0,0
WBGene00172042.,0,0,0
WBGene00172043.,0,0,0
WBGene00172044.,0,0,0
WBGene00172045.,0,0,0
WBGene00172046.,0,1,1
WBGene00172047.,0,0,0
WBGene00172048.,0,0,0
WBGene00172049.,0,0,0
WBGene00172050.,0,0,0
WBGene00172051.,0,0,0
WBGene00172052.,0,0,0
WBGene00172053.,0,0,0
WBGene00172054.,0,1,1
WBGene00172055.,0,0,0
WBGene00172056.,0,1,1
WBGene00172057.,0,0,0
WBGene00172058.,0,0,0
WBGene00172059.,0,0,0
WBGene00172060.,0,0,0
WBGene00172061.,0,1,1
WBGene00172062.,0,0,0
WBGene00172063.,0,0,0
WBGene00172064.,0,0,0
WBGene00172065.,0,0,0
WBGene00172066.,0,0,0
WBGene00172067.,0,0,0
WBGene00172068.,0,0,0
WBGene00172069.,0,0,0
WBGene00172070.,0,0,0
WBGene00172071.,0,0,0
WBGene00172072.,0,3,3
WBGene00172073.,0,2,2
WBGene00172074.,0,0,0
WBGene00172075.,0,0,0
WBGene00172076.,0,0,0
WBGene00172077.,0,0,0
WBGene00172078.,0,0,0
WBGene00172079.,0,0,0
WBGene00172080.,0,0,0
WBGene00172081.,0,0,0
WBGene00172082.,0,0,0
WBGene00172083.,0,0,0
WBGene00172084.,0,0,0
WBGene00172085.,0,0,0
WBGene00172086.,0,0,0
WBGene00172087.,0,0,0
WBGene00172088.,0,0,0
WBGene00172089.,0,0,0
WBGene00172090.,0,0,0
WBGene00172091.,0,0,0
WBGene00172092.,0,0,0
WBGene00172093.,0,0,0
WBGene00172094.,0,0,0
WBGene00172095.,0,0,0
WBGene00172096.,0,0,0
WBGene00172097.,0,0,0
WBGene00172098.,0,0,0
WBGene00172099.,0,0,0
WBGene00172100.,0,0,0
WBGene00172101.,0,0,0
WBGene00172102.,0,0,0
WBGene00172103.,0,0,0
WBGene00172104.,0,0,0
WBGene00172105.,0,0,0
WBGene00172106.,0,0,0
WBGene00172107.,0,3,3
WBGene00172108.,0,0,0
WBGene00172109.,0,0,0
WBGene00172110.,0,0,0
WBGene00172111.,0,0,0
WBGene00172112.,0,0,0
WBGene00172113.,0,0,0
WBGene00172114.,0,0,0
WBGene00172115.,0,0,0
WBGene00172116.,0,0,0
WBGene00172117.,0,1,1
WBGene00172118.,0,0,0
WBGene00172119.,0,0,0
WBGene00172120.,0,0,0
WBGene00172121.,0,0,0
WBGene00172122.,0,0,0
WBGene00172123.,0,0,0
WBGene00172124.,0,0,0
WBGene00172125.,0,0,0
WBGene00172126.,0,0,0
WBGene00172127.,0,0,0
WBGene00172128.,0,0,0
WBGene00172129.,0,0,0
WBGene00172130.,0,0,0
WBGene00172131.,0,0,0
WBGene00172132.,0,0,0
WBGene00172133.,0,0,0
WBGene00172134.,0,0,0
WBGene00172135.,0,0,0
WBGene00172136.,0,0,0
WBGene00172137.,0,0,0
WBGene00172138.,0,0,0
WBGene00172139.,0,0,0
WBGene00172140.,0,0,0
WBGene00172141.,0,0,0
WBGene00172142.,0,0,0
WBGene00172143.,0,0,0
WBGene00172144.,0,0,0
WBGene00172145.,0,0,0
WBGene00172146.,0,0,0
WBGene00172147.,0,0,0
WBGene00172148.,0,0,0
WBGene00172149.,0,0,0
WBGene00172150.,0,0,0
WBGene00172151.,0,0,0
WBGene00172152.,0,0,0
WBGene00172153.,0,0,0
WBGene00172154.,0,6,6
WBGene00172155.,0,0,0
WBGene00172156.,0,0,0
WBGene00172157.,0,0,0
WBGene00172158.,0,0,0
WBGene00172159.,0,0,0
WBGene00172160.,0,0,0
WBGene00172161.,0,0,0
WBGene00172162.,0,0,0
WBGene00172163.,0,0,0
WBGene00172164.,0,0,0
WBGene00172165.,0,0,0
WBGene00172166.,0,0,0
WBGene00172167.,0,0,0
WBGene00172168.,0,0,0
WBGene00172169.,0,2,2
WBGene00172170.,0,0,0
WBGene00172171.,0,0,0
WBGene00172172.,0,0,0
WBGene00172173.,0,0,0
WBGene00172174.,0,30,30
WBGene00172175.,0,0,0
WBGene00172176.,0,0,0
WBGene00172177.,0,0,0
WBGene00172178.,0,0,0
WBGene00172179.,0,0,0
WBGene00172180.,0,0,0
WBGene00172181.,0,0,0
WBGene00172182.,0,0,0
WBGene00172183.,0,0,0
WBGene00172184.,0,0,0
WBGene00172185.,0,9,9
WBGene00172186.,0,0,0
WBGene00172187.,0,1,1
WBGene00172188.,0,0,0
WBGene00172189.,0,0,0
WBGene00172190.,0,0,0
WBGene00172191.,0,0,0
WBGene00172192.,0,0,0
WBGene00172193.,0,0,0
WBGene00172194.,0,0,0
WBGene00172195.,0,0,0
WBGene00172196.,0,0,0
WBGene00172197.,0,0,0
WBGene00172198.,0,0,0
WBGene00172199.,0,0,0
WBGene00172200.,0,0,0
WBGene00172201.,0,0,0
WBGene00172202.,0,1,1
WBGene00172203.,0,1,1
WBGene00172204.,0,0,0
WBGene00172205.,0,0,0
WBGene00172206.,0,0,0
WBGene00172207.,0,0,0
WBGene00172208.,0,0,0
WBGene00172209.,0,0,0
WBGene00172210.,0,0,0
WBGene00172211.,0,0,0
WBGene00172212.,0,0,0
WBGene00172213.,0,0,0
WBGene00172214.,0,3,3
WBGene00172215.,0,0,0
WBGene00172216.,0,0,0
WBGene00172217.,0,4,4
WBGene00172218.,0,0,0
WBGene00172219.,0,1,1
WBGene00172220.,0,0,0
WBGene00172221.,0,0,0
WBGene00172222.,0,0,0
WBGene00172223.,0,0,0
WBGene00172224.,0,0,0
WBGene00172225.,0,0,0
WBGene00172226.,0,0,0
WBGene00172227.,0,0,0
WBGene00172228.,0,0,0
WBGene00172229.,0,0,0
WBGene00172230.,0,1,1
WBGene00172231.,0,0,0
WBGene00172232.,0,1,1
WBGene00172233.,0,0,0
WBGene00172234.,0,0,0
WBGene00172235.,0,0,0
WBGene00172236.,0,0,0
WBGene00172237.,0,0,0
WBGene00172238.,0,0,0
WBGene00172239.,0,0,0
WBGene00172240.,0,0,0
WBGene00172241.,0,0,0
WBGene00172242.,0,0,0
WBGene00172243.,0,0,0
WBGene00172244.,0,0,0
WBGene00172245.,0,0,0
WBGene00172246.,0,0,0
WBGene00172247.,0,0,0
WBGene00172248.,0,0,0
WBGene00172249.,0,2,2
WBGene00172250.,0,0,0
WBGene00172251.,0,0,0
WBGene00172252.,0,0,0
WBGene00172253.,0,0,0
WBGene00172254.,0,0,0
WBGene00172255.,0,0,0
WBGene00172256.,0,0,0
WBGene00172257.,0,0,0
WBGene00172258.,0,0,0
WBGene00172259.,0,0,0
WBGene00172260.,0,0,0
WBGene00172261.,0,0,0
WBGene00172262.,0,0,0
WBGene00172263.,0,0,0
WBGene00172264.,0,0,0
WBGene00172265.,0,0,0
WBGene00172266.,0,0,0
WBGene00172267.,0,0,0
WBGene00172268.,0,0,0
WBGene00172269.,0,0,0
WBGene00172270.,0,0,0
WBGene00172271.,0,26,26
WBGene00172272.,0,0,0
WBGene00172273.,0,1,1
WBGene00172274.,0,0,0
WBGene00172275.,0,0,0
WBGene00172276.,0,0,0
WBGene00172277.,0,0,0
WBGene00172278.,0,1,1
WBGene00172279.,0,0,0
WBGene00172280.,0,0,0
WBGene00172281.,0,0,0
WBGene00172282.,0,0,0
WBGene00172283.,0,0,0
WBGene00172284.,0,0,0
WBGene00172285.,0,0,0
WBGene00172286.,0,0,0
WBGene00172287.,0,4,4
WBGene00172288.,0,0,0
WBGene00172289.,0,0,0
WBGene00172290.,0,0,0
WBGene00172291.,0,0,0
WBGene00172292.,0,0,0
WBGene00172293.,0,0,0
WBGene00172294.,0,0,0
WBGene00172295.,0,0,0
WBGene00172296.,0,0,0
WBGene00172297.,0,0,0
WBGene00172298.,0,0,0
WBGene00172299.,0,0,0
WBGene00172300.,0,0,0
WBGene00172301.,0,0,0
WBGene00172302.,0,0,0
WBGene00172303.,0,0,0
WBGene00172304.,0,1,1
WBGene00172305.,0,0,0
WBGene00172306.,0,0,0
WBGene00172307.,0,0,0
WBGene00172308.,0,0,0
WBGene00172309.,0,6,6
WBGene00172310.,0,0,0
WBGene00172311.,0,1,1
WBGene00172312.,0,0,0
WBGene00172313.,0,0,0
WBGene00172314.,0,0,0
WBGene00172315.,0,0,0
WBGene00172316.,0,0,0
WBGene00172317.,0,0,0
WBGene00172318.,0,0,0
WBGene00172319.,0,0,0
WBGene00172320.,0,0,0
WBGene00172321.,0,0,0
WBGene00172322.,0,0,0
WBGene00172323.,0,0,0
WBGene00172324.,0,0,0
WBGene00172325.,0,0,0
WBGene00172326.,0,0,0
WBGene00172327.,0,0,0
WBGene00172328.,0,0,0
WBGene00172329.,0,0,0
WBGene00172330.,0,0,0
WBGene00172331.,0,0,0
WBGene00172332.,0,0,0
WBGene00172333.,0,0,0
WBGene00172334.,0,0,0
WBGene00172335.,0,0,0
WBGene00172336.,0,0,0
WBGene00172337.,0,0,0
WBGene00172338.,0,0,0
WBGene00172339.,0,0,0
WBGene00172340.,0,3,3
WBGene00172341.,0,0,0
WBGene00172342.,0,0,0
WBGene00172343.,0,0,0
WBGene00172344.,0,0,0
WBGene00172345.,0,0,0
WBGene00172346.,0,0,0
WBGene00172347.,0,0,0
WBGene00172348.,0,0,0
WBGene00172349.,0,0,0
WBGene00172350.,0,0,0
WBGene00172351.,0,0,0
WBGene00172352.,0,0,0
WBGene00172353.,0,0,0
WBGene00172354.,0,0,0
WBGene00172355.,0,0,0
WBGene00172356.,0,0,0
WBGene00172357.,0,0,0
WBGene00172358.,0,0,0
WBGene00172359.,0,0,0
WBGene00172360.,0,0,0
WBGene00172361.,0,0,0
WBGene00172362.,0,0,0
WBGene00172363.,0,0,0
WBGene00172364.,0,0,0
WBGene00172365.,0,0,0
WBGene00172366.,0,0,0
WBGene00172367.,0,0,0
WBGene00172368.,0,0,0
WBGene00172369.,0,0,0
WBGene00172370.,0,0,0
WBGene00172371.,0,0,0
WBGene00172372.,0,2,2
WBGene00172373.,0,0,0
WBGene00172374.,0,1,1
WBGene00172375.,0,0,0
WBGene00172376.,0,0,0
WBGene00172377.,0,0,0
WBGene00172378.,0,0,0
WBGene00172379.,0,0,0
WBGene00172380.,0,0,0
WBGene00172381.,0,0,0
WBGene00172382.,0,0,0
WBGene00172383.,0,0,0
WBGene00172384.,0,0,0
WBGene00172385.,0,0,0
WBGene00172386.,0,0,0
WBGene00172387.,0,0,0
WBGene00172388.,0,0,0
WBGene00172389.,0,0,0
WBGene00172390.,0,1,1
WBGene00172391.,0,1,1
WBGene00172392.,0,0,0
WBGene00172393.,0,5,5
WBGene00172394.,0,0,0
WBGene00172395.,0,0,0
WBGene00172396.,0,0,0
WBGene00172397.,0,0,0
WBGene00172398.,0,0,0
WBGene00172399.,0,0,0
WBGene00172400.,0,0,0
WBGene00172401.,0,0,0
WBGene00172402.,0,0,0
WBGene00172403.,0,0,0
WBGene00172404.,0,0,0
WBGene00172405.,0,0,0
WBGene00172406.,0,0,0
WBGene00172407.,0,1,1
WBGene00172408.,0,0,0
WBGene00172409.,0,0,0
WBGene00172410.,0,0,0
WBGene00172411.,0,0,0
WBGene00172412.,0,0,0
WBGene00172413.,0,0,0
WBGene00172414.,0,0,0
WBGene00172415.,0,0,0
WBGene00172416.,0,0,0
WBGene00172417.,0,1,1
WBGene00172418.,0,0,0
WBGene00172419.,0,1,1
WBGene00172420.,0,0,0
WBGene00172421.,0,1,1
WBGene00172422.,0,0,0
WBGene00172423.,0,0,0
WBGene00172424.,0,0,0
WBGene00172425.,0,0,0
WBGene00172426.,0,1,1
WBGene00172427.,0,0,0
WBGene00172428.,0,0,0
WBGene00172429.,0,0,0
WBGene00172430.,0,0,0
WBGene00172431.,0,0,0
WBGene00172432.,0,0,0
WBGene00172433.,0,2,2
WBGene00172434.,0,1,1
WBGene00172435.,0,0,0
WBGene00172436.,0,0,0
WBGene00172437.,0,2,2
WBGene00172438.,0,0,0
WBGene00172439.,0,0,0
WBGene00172440.,0,0,0
WBGene00172441.,0,0,0
WBGene00172442.,0,1,1
WBGene00172443.,0,0,0
WBGene00172444.,0,1,1
WBGene00172445.,0,0,0
WBGene00172446.,0,0,0
WBGene00172447.,0,0,0
WBGene00172448.,0,0,0
WBGene00172449.,0,0,0
WBGene00172450.,0,0,0
WBGene00172451.,0,0,0
WBGene00172452.,0,0,0
WBGene00172453.,0,0,0
WBGene00172454.,0,0,0
WBGene00172455.,0,1,1
WBGene00172456.,0,0,0
WBGene00172457.,0,4,4
WBGene00172458.,0,0,0
WBGene00172459.,0,0,0
WBGene00172460.,0,0,0
WBGene00172462.,0,0,0
WBGene00172463.,0,0,0
WBGene00172464.,0,0,0
WBGene00172465.,0,0,0
WBGene00172466.,0,0,0
WBGene00172467.,0,0,0
WBGene00172468.,0,0,0
WBGene00172469.,0,0,0
WBGene00172470.,0,0,0
WBGene00172471.,0,0,0
WBGene00172472.,0,2,2
WBGene00172473.,0,0,0
WBGene00172474.,0,0,0
WBGene00172475.,0,0,0
WBGene00172476.,0,0,0
WBGene00172477.,0,3,3
WBGene00172478.,0,1,1
WBGene00172479.,0,0,0
WBGene00172480.,0,0,0
WBGene00172481.,0,0,0
WBGene00172482.,0,0,0
WBGene00172483.,0,0,0
WBGene00172484.,0,0,0
WBGene00172485.,0,0,0
WBGene00172486.,0,0,0
WBGene00172487.,0,0,0
WBGene00172488.,0,0,0
WBGene00172489.,0,0,0
WBGene00172490.,0,0,0
WBGene00172491.,0,0,0
WBGene00172492.,0,0,0
WBGene00172493.,0,1,1
WBGene00172494.,0,0,0
WBGene00172495.,0,0,0
WBGene00172496.,0,0,0
WBGene00172497.,0,0,0
WBGene00172498.,0,0,0
WBGene00172499.,0,0,0
WBGene00172500.,0,0,0
WBGene00172501.,0,1,1
WBGene00172502.,0,1,1
WBGene00172503.,0,0,0
WBGene00172504.,0,0,0
WBGene00172505.,0,0,0
WBGene00172506.,0,0,0
WBGene00172507.,0,0,0
WBGene00172508.,0,0,0
WBGene00172509.,0,0,0
WBGene00172510.,0,0,0
WBGene00172511.,0,0,0
WBGene00172512.,0,0,0
WBGene00172513.,0,0,0
WBGene00172514.,0,0,0
WBGene00172515.,0,3,3
WBGene00172516.,0,2,2
WBGene00172517.,0,0,0
WBGene00172518.,0,0,0
WBGene00172519.,0,0,0
WBGene00172520.,0,0,0
WBGene00172521.,0,0,0
WBGene00172522.,0,0,0
WBGene00172523.,0,0,0
WBGene00172524.,0,0,0
WBGene00172525.,0,0,0
WBGene00172526.,0,1,1
WBGene00172527.,0,0,0
WBGene00172528.,0,0,0
WBGene00172529.,0,0,0
WBGene00172530.,0,0,0
WBGene00172531.,0,0,0
WBGene00172532.,0,1,1
WBGene00172533.,0,0,0
WBGene00172534.,0,0,0
WBGene00172535.,0,0,0
WBGene00172536.,0,0,0
WBGene00172537.,0,0,0
WBGene00172538.,0,0,0
WBGene00172539.,0,0,0
WBGene00172540.,0,0,0
WBGene00172541.,0,0,0
WBGene00172542.,0,0,0
WBGene00172543.,0,2,2
WBGene00172544.,0,0,0
WBGene00172545.,0,1,1
WBGene00172546.,0,0,0
WBGene00172547.,0,0,0
WBGene00172548.,0,0,0
WBGene00172549.,0,0,0
WBGene00172550.,0,0,0
WBGene00172551.,0,0,0
WBGene00172552.,0,0,0
WBGene00172553.,0,0,0
WBGene00172554.,0,0,0
WBGene00172555.,0,0,0
WBGene00172556.,0,0,0
WBGene00172557.,0,0,0
WBGene00172558.,0,0,0
WBGene00172559.,0,0,0
WBGene00172560.,0,0,0
WBGene00172561.,0,0,0
WBGene00172562.,0,0,0
WBGene00172563.,0,0,0
WBGene00172564.,0,0,0
WBGene00172565.,0,0,0
WBGene00172566.,0,0,0
WBGene00172567.,0,0,0
WBGene00172568.,0,0,0
WBGene00172569.,0,0,0
WBGene00172570.,0,0,0
WBGene00172571.,0,7,7
WBGene00172572.,0,1,1
WBGene00172573.,0,0,0
WBGene00172574.,0,1,1
WBGene00172575.,0,0,0
WBGene00172576.,0,0,0
WBGene00172577.,0,0,0
WBGene00172578.,0,0,0
WBGene00172579.,0,0,0
WBGene00172580.,0,0,0
WBGene00172581.,0,0,0
WBGene00172582.,0,0,0
WBGene00172583.,0,0,0
WBGene00172584.,0,1,1
WBGene00172585.,0,0,0
WBGene00172586.,0,0,0
WBGene00172587.,0,0,0
WBGene00172588.,0,0,0
WBGene00172589.,0,0,0
WBGene00172590.,0,0,0
WBGene00172591.,0,0,0
WBGene00172592.,0,1,1
WBGene00172593.,0,0,0
WBGene00172594.,0,10,10
WBGene00172595.,0,0,0
WBGene00172596.,0,0,0
WBGene00172597.,0,0,0
WBGene00172598.,0,0,0
WBGene00172599.,0,0,0
WBGene00172600.,0,0,0
WBGene00172601.,0,0,0
WBGene00172602.,0,0,0
WBGene00172603.,0,0,0
WBGene00172604.,0,0,0
WBGene00172605.,0,0,0
WBGene00172606.,0,0,0
WBGene00172607.,0,0,0
WBGene00172608.,0,0,0
WBGene00172609.,0,0,0
WBGene00172610.,0,2,2
WBGene00172611.,0,0,0
WBGene00172612.,0,0,0
WBGene00172613.,0,0,0
WBGene00172614.,0,0,0
WBGene00172615.,0,0,0
WBGene00172616.,0,0,0
WBGene00172617.,0,1,1
WBGene00172618.,0,0,0
WBGene00172619.,0,13,13
WBGene00172620.,0,0,0
WBGene00172621.,0,1,1
WBGene00172622.,0,0,0
WBGene00172623.,0,0,0
WBGene00172624.,0,0,0
WBGene00172625.,0,0,0
WBGene00172626.,0,0,0
WBGene00172627.,0,0,0
WBGene00172628.,0,0,0
WBGene00172629.,0,0,0
WBGene00172630.,0,0,0
WBGene00172631.,0,0,0
WBGene00172632.,0,1,1
WBGene00172633.,0,1,1
WBGene00172634.,0,0,0
WBGene00172635.,0,0,0
WBGene00172636.,0,0,0
WBGene00172637.,0,1,1
WBGene00172638.,0,0,0
WBGene00172639.,0,0,0
WBGene00172640.,0,0,0
WBGene00172641.,0,0,0
WBGene00172642.,0,0,0
WBGene00172643.,0,0,0
WBGene00172644.,0,0,0
WBGene00172645.,0,0,0
WBGene00172646.,0,1,1
WBGene00172647.,0,0,0
WBGene00172648.,0,0,0
WBGene00172649.,0,0,0
WBGene00172650.,0,0,0
WBGene00172651.,0,0,0
WBGene00172652.,0,0,0
WBGene00172653.,0,0,0
WBGene00172654.,0,0,0
WBGene00172655.,0,0,0
WBGene00172656.,0,0,0
WBGene00172657.,0,0,0
WBGene00172658.,0,0,0
WBGene00172659.,0,0,0
WBGene00172660.,0,0,0
WBGene00172661.,0,0,0
WBGene00172662.,0,0,0
WBGene00172663.,0,0,0
WBGene00172664.,0,0,0
WBGene00172665.,0,0,0
WBGene00172666.,0,0,0
WBGene00172667.,0,0,0
WBGene00172668.,0,0,0
WBGene00172669.,0,0,0
WBGene00172670.,0,0,0
WBGene00172671.,0,0,0
WBGene00172672.,0,0,0
WBGene00172673.,0,0,0
WBGene00172674.,0,0,0
WBGene00172675.,0,0,0
WBGene00172676.,0,0,0
WBGene00172677.,0,1,1
WBGene00172678.,0,0,0
WBGene00172679.,0,0,0
WBGene00172680.,0,0,0
WBGene00172681.,0,0,0
WBGene00172682.,0,0,0
WBGene00172683.,0,0,0
WBGene00172684.,0,1,1
WBGene00172685.,0,0,0
WBGene00172686.,0,0,0
WBGene00172687.,0,0,0
WBGene00172688.,0,0,0
WBGene00172689.,0,0,0
WBGene00172690.,0,0,0
WBGene00172691.,0,0,0
WBGene00172692.,0,2,2
WBGene00172693.,0,0,0
WBGene00172694.,0,0,0
WBGene00172695.,0,0,0
WBGene00172696.,0,0,0
WBGene00172697.,0,0,0
WBGene00172698.,0,0,0
WBGene00172699.,0,0,0
WBGene00172700.,0,0,0
WBGene00172701.,0,0,0
WBGene00172702.,0,0,0
WBGene00172703.,0,0,0
WBGene00172704.,0,0,0
WBGene00172705.,0,0,0
WBGene00172706.,0,0,0
WBGene00172707.,0,0,0
WBGene00172708.,0,0,0
WBGene00172709.,0,0,0
WBGene00172710.,0,0,0
WBGene00172711.,0,0,0
WBGene00172712.,0,0,0
WBGene00172713.,0,0,0
WBGene00172714.,0,1,1
WBGene00172715.,0,0,0
WBGene00172716.,0,0,0
WBGene00172717.,0,0,0
WBGene00172718.,0,0,0
WBGene00172719.,0,0,0
WBGene00172720.,0,0,0
WBGene00172721.,0,0,0
WBGene00172722.,0,0,0
WBGene00172723.,0,1,1
WBGene00172724.,0,0,0
WBGene00172725.,0,0,0
WBGene00172726.,0,0,0
WBGene00172727.,0,0,0
WBGene00172728.,0,2,2
WBGene00172729.,0,0,0
WBGene00172730.,0,0,0
WBGene00172731.,0,0,0
WBGene00172732.,0,0,0
WBGene00172733.,0,0,0
WBGene00172734.,0,0,0
WBGene00172735.,0,0,0
WBGene00172736.,0,1,1
WBGene00172737.,0,0,0
WBGene00172738.,0,0,0
WBGene00172739.,0,0,0
WBGene00172740.,0,0,0
WBGene00172741.,0,0,0
WBGene00172742.,0,4,4
WBGene00172743.,0,0,0
WBGene00172744.,0,0,0
WBGene00172745.,0,1,1
WBGene00172746.,0,0,0
WBGene00172747.,0,0,0
WBGene00172748.,0,1,1
WBGene00172749.,0,0,0
WBGene00172750.,0,0,0
WBGene00172751.,0,0,0
WBGene00172752.,0,0,0
WBGene00172753.,0,0,0
WBGene00172754.,0,0,0
WBGene00172755.,0,0,0
WBGene00172756.,0,0,0
WBGene00172757.,0,0,0
WBGene00172758.,0,0,0
WBGene00172759.,0,0,0
WBGene00172760.,0,0,0
WBGene00172761.,0,0,0
WBGene00172762.,0,0,0
WBGene00172763.,0,0,0
WBGene00172764.,0,1,1
WBGene00172765.,0,0,0
WBGene00172766.,0,0,0
WBGene00172767.,0,0,0
WBGene00172768.,0,0,0
WBGene00172769.,0,0,0
WBGene00172770.,0,0,0
WBGene00172771.,0,0,0
WBGene00172772.,0,0,0
WBGene00172773.,0,0,0
WBGene00172774.,0,0,0
WBGene00172775.,0,0,0
WBGene00172776.,0,0,0
WBGene00172777.,0,0,0
WBGene00172778.,0,1,1
WBGene00172779.,0,1,1
WBGene00172780.,0,0,0
WBGene00172781.,0,0,0
WBGene00172782.,0,0,0
WBGene00172783.,0,0,0
WBGene00172784.,0,2,2
WBGene00172785.,0,0,0
WBGene00172786.,0,0,0
WBGene00172787.,0,0,0
WBGene00172788.,0,0,0
WBGene00172789.,0,0,0
WBGene00172790.,0,0,0
WBGene00172791.,0,0,0
WBGene00172792.,0,0,0
WBGene00172793.,0,0,0
WBGene00172794.,0,0,0
WBGene00172795.,0,0,0
WBGene00172796.,0,0,0
WBGene00172797.,0,0,0
WBGene00172798.,0,0,0
WBGene00172799.,0,0,0
WBGene00172800.,0,0,0
WBGene00172801.,0,0,0
WBGene00172802.,0,0,0
WBGene00172803.,0,0,0
WBGene00172804.,0,0,0
WBGene00172805.,0,0,0
WBGene00172806.,0,0,0
WBGene00172807.,0,0,0
WBGene00172808.,0,0,0
WBGene00172809.,0,0,0
WBGene00172810.,0,0,0
WBGene00172811.,0,0,0
WBGene00172812.,0,5,5
WBGene00172813.,0,0,0
WBGene00172814.,0,0,0
WBGene00172815.,0,0,0
WBGene00172816.,0,0,0
WBGene00172817.,0,0,0
WBGene00172818.,0,0,0
WBGene00172819.,0,0,0
WBGene00172820.,0,0,0
WBGene00172821.,0,0,0
WBGene00172822.,0,0,0
WBGene00172823.,0,0,0
WBGene00172824.,0,0,0
WBGene00172825.,0,0,0
WBGene00172826.,0,0,0
WBGene00172827.,0,2,2
WBGene00172828.,0,0,0
WBGene00172829.,0,0,0
WBGene00172830.,0,0,0
WBGene00172831.,0,0,0
WBGene00172832.,0,1,1
WBGene00172833.,0,0,0
WBGene00172834.,0,0,0
WBGene00172835.,0,0,0
WBGene00172836.,0,0,0
WBGene00172837.,0,0,0
WBGene00172838.,0,0,0
WBGene00172839.,0,0,0
WBGene00172840.,0,1,1
WBGene00172841.,0,0,0
WBGene00172842.,0,0,0
WBGene00172843.,0,0,0
WBGene00172844.,0,0,0
WBGene00172845.,0,0,0
WBGene00172846.,0,0,0
WBGene00172847.,0,0,0
WBGene00172848.,0,0,0
WBGene00172849.,0,0,0
WBGene00172850.,0,0,0
WBGene00172851.,0,1,1
WBGene00172852.,0,0,0
WBGene00172853.,0,0,0
WBGene00172854.,0,0,0
WBGene00172855.,0,1,1
WBGene00172856.,0,0,0
WBGene00172857.,0,0,0
WBGene00172858.,0,1,1
WBGene00172859.,0,0,0
WBGene00172860.,0,0,0
WBGene00172861.,0,1,1
WBGene00172862.,0,9,9
WBGene00172863.,0,0,0
WBGene00172864.,0,0,0
WBGene00172865.,0,0,0
WBGene00172866.,0,0,0
WBGene00172867.,0,0,0
WBGene00172868.,0,0,0
WBGene00172869.,0,1,1
WBGene00172870.,0,0,0
WBGene00172871.,0,0,0
WBGene00172872.,0,0,0
WBGene00172873.,0,0,0
WBGene00172874.,0,0,0
WBGene00172875.,0,0,0
WBGene00172876.,0,0,0
WBGene00172877.,0,0,0
WBGene00172878.,0,0,0
WBGene00172879.,0,0,0
WBGene00172880.,0,0,0
WBGene00172881.,0,0,0
WBGene00172882.,0,0,0
WBGene00172883.,0,0,0
WBGene00172884.,0,0,0
WBGene00172885.,0,2,2
WBGene00172886.,0,0,0
WBGene00172887.,0,0,0
WBGene00172888.,0,0,0
WBGene00172889.,0,0,0
WBGene00172890.,0,0,0
WBGene00172891.,0,5,5
WBGene00172892.,0,0,0
WBGene00172893.,0,0,0
WBGene00172894.,0,0,0
WBGene00172895.,0,0,0
WBGene00172896.,0,0,0
WBGene00172897.,0,0,0
WBGene00172898.,0,0,0
WBGene00172899.,0,0,0
WBGene00172900.,0,0,0
WBGene00172901.,0,0,0
WBGene00172902.,0,0,0
WBGene00172903.,0,0,0
WBGene00172904.,0,0,0
WBGene00172905.,0,0,0
WBGene00172906.,0,0,0
WBGene00172907.,0,0,0
WBGene00172908.,0,0,0
WBGene00172909.,0,0,0
WBGene00172910.,0,0,0
WBGene00172911.,0,0,0
WBGene00172912.,0,0,0
WBGene00172913.,0,0,0
WBGene00172914.,0,0,0
WBGene00172915.,0,0,0
WBGene00172916.,0,0,0
WBGene00172917.,0,0,0
WBGene00172918.,0,0,0
WBGene00172919.,0,0,0
WBGene00172920.,0,0,0
WBGene00172921.,0,0,0
WBGene00172922.,0,2,2
WBGene00172923.,0,0,0
WBGene00172924.,0,0,0
WBGene00172925.,0,0,0
WBGene00172926.,0,0,0
WBGene00172927.,0,0,0
WBGene00172928.,0,0,0
WBGene00172929.,0,0,0
WBGene00172930.,0,0,0
WBGene00172931.,0,0,0
WBGene00172932.,0,0,0
WBGene00172933.,0,1,1
WBGene00172934.,0,0,0
WBGene00172935.,0,0,0
WBGene00172936.,0,1,1
WBGene00172937.,0,0,0
WBGene00172938.,0,0,0
WBGene00172939.,0,0,0
WBGene00172940.,0,0,0
WBGene00172941.,0,0,0
WBGene00172942.,0,0,0
WBGene00172943.,0,0,0
WBGene00172944.,0,0,0
WBGene00172945.,0,0,0
WBGene00172946.,0,0,0
WBGene00172947.,0,0,0
WBGene00172948.,0,0,0
WBGene00172949.,0,0,0
WBGene00172950.,0,0,0
WBGene00172951.,0,2,2
WBGene00172952.,0,0,0
WBGene00172953.,0,0,0
WBGene00172954.,0,0,0
WBGene00172955.,0,0,0
WBGene00172956.,0,0,0
WBGene00172957.,0,0,0
WBGene00172958.,0,1,1
WBGene00172959.,0,0,0
WBGene00172960.,0,0,0
WBGene00172961.,0,0,0
WBGene00172962.,0,0,0
WBGene00172963.,0,0,0
WBGene00172964.,0,0,0
WBGene00172965.,0,0,0
WBGene00172966.,0,0,0
WBGene00172967.,0,0,0
WBGene00172968.,0,0,0
WBGene00172969.,0,0,0
WBGene00172970.,0,1,1
WBGene00172971.,0,0,0
WBGene00172972.,0,0,0
WBGene00172973.,0,0,0
WBGene00172974.,0,0,0
WBGene00172975.,0,0,0
WBGene00172976.,0,0,0
WBGene00172977.,0,0,0
WBGene00172978.,0,0,0
WBGene00172979.,0,0,0
WBGene00172980.,0,0,0
WBGene00172981.,0,0,0
WBGene00172982.,0,0,0
WBGene00172983.,0,1,1
WBGene00172984.,0,0,0
WBGene00172985.,0,0,0
WBGene00172986.,0,0,0
WBGene00172987.,0,0,0
WBGene00172988.,0,0,0
WBGene00172989.,0,0,0
WBGene00172990.,0,0,0
WBGene00172991.,0,0,0
WBGene00172992.,0,0,0
WBGene00172993.,0,0,0
WBGene00172994.,0,0,0
WBGene00172995.,0,0,0
WBGene00172996.,0,0,0
WBGene00172997.,0,0,0
WBGene00172998.,0,0,0
WBGene00172999.,0,0,0
WBGene00173000.,0,0,0
WBGene00173001.,0,0,0
WBGene00173002.,0,0,0
WBGene00173003.,0,0,0
WBGene00173004.,0,0,0
WBGene00173005.,0,0,0
WBGene00173006.,0,0,0
WBGene00173007.,0,0,0
WBGene00173008.,0,0,0
WBGene00173009.,0,0,0
WBGene00173010.,0,0,0
WBGene00173011.,0,1,1
WBGene00173012.,0,0,0
WBGene00173013.,0,0,0
WBGene00173014.,0,0,0
WBGene00173015.,0,0,0
WBGene00173016.,0,0,0
WBGene00173017.,0,1,1
WBGene00173018.,0,0,0
WBGene00173019.,0,0,0
WBGene00173020.,0,0,0
WBGene00173021.,0,0,0
WBGene00173022.,0,0,0
WBGene00173023.,0,0,0
WBGene00173024.,0,0,0
WBGene00173025.,0,0,0
WBGene00173026.,0,0,0
WBGene00173027.,0,0,0
WBGene00173028.,0,0,0
WBGene00173029.,0,0,0
WBGene00173030.,0,0,0
WBGene00173031.,0,0,0
WBGene00173032.,0,1,1
WBGene00173033.,0,0,0
WBGene00173034.,0,0,0
WBGene00173035.,0,0,0
WBGene00173036.,0,0,0
WBGene00173037.,0,0,0
WBGene00173038.,0,0,0
WBGene00173039.,0,0,0
WBGene00173040.,0,0,0
WBGene00173041.,0,5,5
WBGene00173042.,0,0,0
WBGene00173043.,0,0,0
WBGene00173044.,0,0,0
WBGene00173045.,0,0,0
WBGene00173046.,0,0,0
WBGene00173047.,0,2,2
WBGene00173048.,0,0,0
WBGene00173049.,0,0,0
WBGene00173050.,0,0,0
WBGene00173051.,0,1,1
WBGene00173052.,0,0,0
WBGene00173053.,0,7,7
WBGene00173054.,0,0,0
WBGene00173055.,0,0,0
WBGene00173056.,0,0,0
WBGene00173057.,0,0,0
WBGene00173058.,0,0,0
WBGene00173059.,0,0,0
WBGene00173060.,0,0,0
WBGene00173061.,0,2,2
WBGene00173062.,0,0,0
WBGene00173063.,0,0,0
WBGene00173064.,0,0,0
WBGene00173065.,0,0,0
WBGene00173066.,0,0,0
WBGene00173067.,0,2,2
WBGene00173068.,0,0,0
WBGene00173069.,0,0,0
WBGene00173070.,0,0,0
WBGene00173071.,0,0,0
WBGene00173072.,0,0,0
WBGene00173073.,0,0,0
WBGene00173074.,0,0,0
WBGene00173075.,0,0,0
WBGene00173076.,0,0,0
WBGene00173077.,0,0,0
WBGene00173078.,0,0,0
WBGene00173079.,0,0,0
WBGene00173080.,0,0,0
WBGene00173081.,0,0,0
WBGene00173082.,0,0,0
WBGene00173083.,0,0,0
WBGene00173084.,0,0,0
WBGene00173085.,0,0,0
WBGene00173086.,0,0,0
WBGene00173087.,0,0,0
WBGene00173088.,0,0,0
WBGene00173089.,0,0,0
WBGene00173090.,0,0,0
WBGene00173091.,0,0,0
WBGene00173092.,0,0,0
WBGene00173093.,0,0,0
WBGene00173094.,0,0,0
WBGene00173095.,0,0,0
WBGene00173096.,0,1,1
WBGene00173097.,0,0,0
WBGene00173098.,0,0,0
WBGene00173099.,0,0,0
WBGene00173100.,0,0,0
WBGene00173101.,0,0,0
WBGene00173102.,0,0,0
WBGene00173103.,0,0,0
WBGene00173104.,0,0,0
WBGene00173105.,0,0,0
WBGene00173106.,0,0,0
WBGene00173107.,0,0,0
WBGene00173108.,0,1,1
WBGene00173109.,0,0,0
WBGene00173110.,0,0,0
WBGene00173111.,0,0,0
WBGene00173112.,0,0,0
WBGene00173113.,0,0,0
WBGene00173114.,0,0,0
WBGene00173115.,0,0,0
WBGene00173116.,0,2,2
WBGene00173117.,0,0,0
WBGene00173118.,0,0,0
WBGene00173119.,0,2,2
WBGene00173120.,0,0,0
WBGene00173121.,0,0,0
WBGene00173122.,0,0,0
WBGene00173123.,0,0,0
WBGene00173124.,0,0,0
WBGene00173125.,0,0,0
WBGene00173126.,0,0,0
WBGene00173127.,0,1,1
WBGene00173128.,0,0,0
WBGene00173129.,0,0,0
WBGene00173130.,0,0,0
WBGene00173131.,0,0,0
WBGene00173132.,0,0,0
WBGene00173133.,0,0,0
WBGene00173134.,0,0,0
WBGene00173135.,0,0,0
WBGene00173136.,0,0,0
WBGene00173137.,0,0,0
WBGene00173138.,0,0,0
WBGene00173139.,0,0,0
WBGene00173140.,0,0,0
WBGene00173141.,0,0,0
WBGene00173142.,0,0,0
WBGene00173143.,0,0,0
WBGene00173144.,0,0,0
WBGene00173145.,0,0,0
WBGene00173146.,0,0,0
WBGene00173147.,0,0,0
WBGene00173148.,0,0,0
WBGene00173149.,0,0,0
WBGene00173150.,0,2,2
WBGene00173151.,0,0,0
WBGene00173152.,0,0,0
WBGene00173153.,0,0,0
WBGene00173154.,0,0,0
WBGene00173155.,0,0,0
WBGene00173156.,0,0,0
WBGene00173157.,0,0,0
WBGene00173158.,0,0,0
WBGene00173159.,0,0,0
WBGene00173160.,0,0,0
WBGene00173161.,0,0,0
WBGene00173162.,0,0,0
WBGene00173163.,0,0,0
WBGene00173164.,0,0,0
WBGene00173165.,0,0,0
WBGene00173166.,0,0,0
WBGene00173167.,0,0,0
WBGene00173168.,0,0,0
WBGene00173169.,0,0,0
WBGene00173170.,0,0,0
WBGene00173171.,0,0,0
WBGene00173172.,0,0,0
WBGene00173173.,0,0,0
WBGene00173174.,0,0,0
WBGene00173175.,0,0,0
WBGene00173176.,0,0,0
WBGene00173177.,0,0,0
WBGene00173178.,0,0,0
WBGene00173179.,0,0,0
WBGene00173180.,0,0,0
WBGene00173181.,0,0,0
WBGene00173182.,0,0,0
WBGene00173183.,0,0,0
WBGene00173184.,0,0,0
WBGene00173185.,0,0,0
WBGene00173186.,0,0,0
WBGene00173187.,0,0,0
WBGene00173188.,0,11,11
WBGene00173189.,0,0,0
WBGene00173190.,0,1,1
WBGene00173191.,0,0,0
WBGene00173192.,0,0,0
WBGene00173193.,0,0,0
WBGene00173194.,0,0,0
WBGene00173195.,0,0,0
WBGene00173196.,0,0,0
WBGene00173197.,0,0,0
WBGene00173198.,0,0,0
WBGene00173199.,0,0,0
WBGene00173200.,0,0,0
WBGene00173201.,0,0,0
WBGene00173202.,0,1,1
WBGene00173203.,0,0,0
WBGene00173204.,0,0,0
WBGene00173205.,0,1,1
WBGene00173206.,0,0,0
WBGene00173207.,0,0,0
WBGene00173208.,0,0,0
WBGene00173209.,0,0,0
WBGene00173210.,0,0,0
WBGene00173211.,0,0,0
WBGene00173212.,0,0,0
WBGene00173213.,0,0,0
WBGene00173214.,0,0,0
WBGene00173215.,0,0,0
WBGene00173216.,0,0,0
WBGene00173217.,0,0,0
WBGene00173218.,0,0,0
WBGene00173219.,0,0,0
WBGene00173220.,0,0,0
WBGene00173221.,0,0,0
WBGene00173222.,0,0,0
WBGene00173223.,0,1,1
WBGene00173224.,0,0,0
WBGene00173225.,0,0,0
WBGene00173226.,0,0,0
WBGene00173227.,0,0,0
WBGene00173228.,0,0,0
WBGene00173229.,0,0,0
WBGene00173230.,0,0,0
WBGene00173231.,0,0,0
WBGene00173232.,0,0,0
WBGene00173233.,0,0,0
WBGene00173234.,0,0,0
WBGene00173235.,0,0,0
WBGene00173236.,0,0,0
WBGene00173237.,0,0,0
WBGene00173238.,0,5,5
WBGene00173239.,0,0,0
WBGene00173240.,0,0,0
WBGene00173241.,0,0,0
WBGene00173242.,0,0,0
WBGene00173243.,0,5,5
WBGene00173244.,0,0,0
WBGene00173245.,0,0,0
WBGene00173246.,0,0,0
WBGene00173247.,0,0,0
WBGene00173248.,0,1,1
WBGene00173249.,0,0,0
WBGene00173250.,0,0,0
WBGene00173251.,0,0,0
WBGene00173252.,0,0,0
WBGene00173253.,0,0,0
WBGene00173254.,0,0,0
WBGene00173255.,0,0,0
WBGene00173256.,0,0,0
WBGene00173257.,0,0,0
WBGene00173258.,0,0,0
WBGene00173259.,0,0,0
WBGene00173260.,0,0,0
WBGene00173261.,0,0,0
WBGene00173262.,0,0,0
WBGene00173263.,0,0,0
WBGene00173264.,0,0,0
WBGene00173265.,0,10,10
WBGene00173266.,0,0,0
WBGene00173267.,0,0,0
WBGene00173268.,0,0,0
WBGene00173269.,0,0,0
WBGene00173270.,0,0,0
WBGene00173271.,0,1,1
WBGene00173272.,0,0,0
WBGene00173273.,0,0,0
WBGene00173274.,0,1,1
WBGene00173275.,0,0,0
WBGene00173276.,0,0,0
WBGene00173277.,0,0,0
WBGene00173278.,0,0,0
WBGene00173279.,0,0,0
WBGene00173280.,0,0,0
WBGene00173281.,0,0,0
WBGene00173282.,0,0,0
WBGene00173283.,0,2,2
WBGene00173284.,0,1,1
WBGene00173285.,0,4,4
WBGene00173286.,0,0,0
WBGene00173287.,0,1,1
WBGene00173288.,0,0,0
WBGene00173289.,0,0,0
WBGene00173290.,0,0,0
WBGene00173291.,0,0,0
WBGene00173292.,0,0,0
WBGene00173293.,0,0,0
WBGene00173294.,0,0,0
WBGene00173295.,0,0,0
WBGene00173296.,0,0,0
WBGene00173297.,0,0,0
WBGene00173298.,0,3,3
WBGene00173299.,0,0,0
WBGene00173300.,0,0,0
WBGene00173301.,0,0,0
WBGene00173302.,0,0,0
WBGene00173303.,0,7,7
WBGene00173304.,0,0,0
WBGene00173305.,0,0,0
WBGene00173306.,0,0,0
WBGene00173307.,0,0,0
WBGene00173308.,0,0,0
WBGene00173309.,0,0,0
WBGene00173310.,0,0,0
WBGene00173311.,0,0,0
WBGene00173312.,0,0,0
WBGene00173313.,0,0,0
WBGene00173314.,0,0,0
WBGene00173315.,0,0,0
WBGene00173316.,0,0,0
WBGene00173317.,0,0,0
WBGene00173318.,0,0,0
WBGene00173319.,0,0,0
WBGene00173320.,0,0,0
WBGene00173321.,0,0,0
WBGene00173322.,0,0,0
WBGene00173323.,0,6,6
WBGene00173324.,0,0,0
WBGene00173325.,0,0,0
WBGene00173326.,0,1,1
WBGene00173327.,0,0,0
WBGene00173328.,0,0,0
WBGene00173329.,0,0,0
WBGene00173330.,0,0,0
WBGene00173331.,0,0,0
WBGene00173332.,0,1,1
WBGene00173333.,0,0,0
WBGene00173334.,0,0,0
WBGene00173335.,0,0,0
WBGene00173336.,0,0,0
WBGene00173337.,0,0,0
WBGene00173338.,0,2,2
WBGene00173339.,0,0,0
WBGene00173340.,0,0,0
WBGene00173341.,0,0,0
WBGene00173342.,0,0,0
WBGene00173343.,0,0,0
WBGene00173344.,0,0,0
WBGene00173345.,0,0,0
WBGene00173346.,0,0,0
WBGene00173347.,0,0,0
WBGene00173348.,0,0,0
WBGene00173349.,0,0,0
WBGene00173350.,0,0,0
WBGene00173351.,0,0,0
WBGene00173352.,0,0,0
WBGene00173353.,0,0,0
WBGene00173354.,0,0,0
WBGene00173355.,0,0,0
WBGene00173356.,0,0,0
WBGene00173357.,0,0,0
WBGene00173358.,0,0,0
WBGene00173359.,0,0,0
WBGene00173360.,0,16,16
WBGene00173361.,0,0,0
WBGene00173362.,0,0,0
WBGene00173363.,0,0,0
WBGene00173364.,0,0,0
WBGene00173365.,0,0,0
WBGene00173366.,0,0,0
WBGene00173367.,0,0,0
WBGene00173368.,0,3,3
WBGene00173369.,0,0,0
WBGene00173370.,0,0,0
WBGene00173371.,0,0,0
WBGene00173372.,0,0,0
WBGene00173373.,0,0,0
WBGene00173374.,0,0,0
WBGene00173375.,0,0,0
WBGene00173376.,0,0,0
WBGene00173377.,0,0,0
WBGene00173378.,0,0,0
WBGene00173379.,0,0,0
WBGene00173380.,0,0,0
WBGene00173381.,0,0,0
WBGene00173382.,0,0,0
WBGene00173383.,0,0,0
WBGene00173384.,0,0,0
WBGene00173385.,0,0,0
WBGene00173386.,0,0,0
WBGene00173387.,0,0,0
WBGene00173388.,0,0,0
WBGene00173389.,0,0,0
WBGene00173390.,0,1,1
WBGene00173391.,0,0,0
WBGene00173392.,0,1,1
WBGene00173393.,0,0,0
WBGene00173394.,0,0,0
WBGene00173395.,0,0,0
WBGene00173396.,0,4,4
WBGene00173397.,0,0,0
WBGene00173398.,0,0,0
WBGene00173399.,0,0,0
WBGene00173400.,0,0,0
WBGene00173401.,0,0,0
WBGene00173402.,0,0,0
WBGene00173403.,0,0,0
WBGene00173404.,0,0,0
WBGene00173405.,0,0,0
WBGene00173406.,0,0,0
WBGene00173407.,0,0,0
WBGene00173408.,0,0,0
WBGene00173409.,0,0,0
WBGene00173410.,0,0,0
WBGene00173411.,0,0,0
WBGene00173412.,0,0,0
WBGene00173413.,0,1,1
WBGene00173414.,0,0,0
WBGene00173415.,0,0,0
WBGene00173416.,0,1,1
WBGene00173417.,0,0,0
WBGene00173418.,0,0,0
WBGene00173419.,0,0,0
WBGene00173420.,0,11,11
WBGene00173421.,0,0,0
WBGene00173422.,0,0,0
WBGene00173423.,0,0,0
WBGene00173424.,0,0,0
WBGene00173425.,0,0,0
WBGene00173426.,0,0,0
WBGene00173427.,0,0,0
WBGene00173428.,0,0,0
WBGene00173429.,0,0,0
WBGene00173430.,0,0,0
WBGene00173431.,0,0,0
WBGene00173432.,0,0,0
WBGene00173433.,0,0,0
WBGene00173434.,0,1,1
WBGene00173435.,0,0,0
WBGene00173436.,0,0,0
WBGene00173437.,0,2,2
WBGene00173438.,0,0,0
WBGene00173439.,0,0,0
WBGene00173440.,0,1,1
WBGene00173441.,0,0,0
WBGene00173442.,0,0,0
WBGene00173443.,0,0,0
WBGene00173444.,0,1,1
WBGene00173445.,0,0,0
WBGene00173446.,0,0,0
WBGene00173447.,0,0,0
WBGene00173448.,0,0,0
WBGene00173449.,0,0,0
WBGene00173450.,0,0,0
WBGene00173451.,0,0,0
WBGene00173452.,0,0,0
WBGene00173453.,0,0,0
WBGene00173454.,0,0,0
WBGene00173455.,0,0,0
WBGene00173456.,0,0,0
WBGene00173457.,0,0,0
WBGene00173458.,0,0,0
WBGene00173459.,0,0,0
WBGene00173460.,0,0,0
WBGene00173461.,0,0,0
WBGene00173462.,0,0,0
WBGene00173463.,0,0,0
WBGene00173464.,0,0,0
WBGene00173465.,0,0,0
WBGene00173466.,0,0,0
WBGene00173467.,0,0,0
WBGene00173468.,0,0,0
WBGene00173469.,0,0,0
WBGene00173470.,0,0,0
WBGene00173471.,0,0,0
WBGene00173472.,0,0,0
WBGene00173473.,0,0,0
WBGene00173474.,0,0,0
WBGene00173475.,0,0,0
WBGene00173476.,0,0,0
WBGene00173477.,0,0,0
WBGene00173478.,0,0,0
WBGene00173480.,0,0,0
WBGene00173481.,0,0,0
WBGene00173482.,0,0,0
WBGene00173483.,0,0,0
WBGene00173484.,0,0,0
WBGene00173485.,0,0,0
WBGene00173486.,0,0,0
WBGene00173487.,0,0,0
WBGene00173488.,0,0,0
WBGene00173489.,0,0,0
WBGene00173490.,0,3,3
WBGene00173491.,0,0,0
WBGene00173492.,0,0,0
WBGene00173493.,0,0,0
WBGene00173494.,0,0,0
WBGene00173495.,0,0,0
WBGene00173496.,0,1,1
WBGene00173497.,0,0,0
WBGene00173498.,0,0,0
WBGene00173499.,0,0,0
WBGene00173500.,0,0,0
WBGene00173501.,0,0,0
WBGene00173502.,0,0,0
WBGene00173503.,0,0,0
WBGene00173504.,0,0,0
WBGene00173505.,0,0,0
WBGene00173506.,0,0,0
WBGene00173507.,0,0,0
WBGene00173508.,0,0,0
WBGene00173509.,0,0,0
WBGene00173510.,0,2,2
WBGene00173511.,0,0,0
WBGene00173512.,0,0,0
WBGene00173513.,0,0,0
WBGene00173514.,0,0,0
WBGene00173515.,0,0,0
WBGene00173516.,0,5,5
WBGene00173517.,0,0,0
WBGene00173518.,0,0,0
WBGene00173519.,0,0,0
WBGene00173520.,0,0,0
WBGene00173521.,0,0,0
WBGene00173522.,0,0,0
WBGene00173523.,0,0,0
WBGene00173524.,0,1,1
WBGene00173525.,0,0,0
WBGene00173526.,0,0,0
WBGene00173527.,0,0,0
WBGene00173528.,0,0,0
WBGene00173529.,0,0,0
WBGene00173530.,0,0,0
WBGene00173531.,0,0,0
WBGene00173532.,0,0,0
WBGene00173533.,0,0,0
WBGene00173534.,0,0,0
WBGene00173535.,0,0,0
WBGene00173536.,0,0,0
WBGene00173537.,0,0,0
WBGene00173538.,0,0,0
WBGene00173539.,0,0,0
WBGene00173540.,0,0,0
WBGene00173541.,0,0,0
WBGene00173542.,0,0,0
WBGene00173543.,0,0,0
WBGene00173544.,0,0,0
WBGene00173545.,0,0,0
WBGene00173546.,0,0,0
WBGene00173547.,0,0,0
WBGene00173548.,0,0,0
WBGene00173550.,0,0,0
WBGene00173551.,0,0,0
WBGene00173552.,0,0,0
WBGene00173553.,0,0,0
WBGene00173554.,0,0,0
WBGene00173555.,0,0,0
WBGene00173556.,0,0,0
WBGene00173557.,0,0,0
WBGene00173558.,0,0,0
WBGene00173559.,0,0,0
WBGene00173560.,0,0,0
WBGene00173561.,0,0,0
WBGene00173562.,0,0,0
WBGene00173563.,0,0,0
WBGene00173564.,0,0,0
WBGene00173565.,0,0,0
WBGene00173566.,0,0,0
WBGene00173567.,0,0,0
WBGene00173568.,0,0,0
WBGene00173569.,0,0,0
WBGene00173570.,0,0,0
WBGene00173571.,0,0,0
WBGene00173572.,0,0,0
WBGene00173573.,0,0,0
WBGene00173574.,0,0,0
WBGene00173575.,0,0,0
WBGene00173576.,0,0,0
WBGene00173577.,0,0,0
WBGene00173578.,0,0,0
WBGene00173579.,0,0,0
WBGene00173580.,0,0,0
WBGene00173581.,0,0,0
WBGene00173582.,0,0,0
WBGene00173583.,0,0,0
WBGene00173584.,0,0,0
WBGene00173585.,0,0,0
WBGene00173586.,0,0,0
WBGene00173587.,0,0,0
WBGene00173588.,0,0,0
WBGene00173589.,0,1,1
WBGene00173590.,0,0,0
WBGene00173591.,0,0,0
WBGene00173592.,0,0,0
WBGene00173593.,0,0,0
WBGene00173594.,0,0,0
WBGene00173595.,0,0,0
WBGene00173596.,0,0,0
WBGene00173597.,0,1,1
WBGene00173598.,0,0,0
WBGene00173599.,0,0,0
WBGene00173600.,0,0,0
WBGene00173601.,0,0,0
WBGene00173602.,0,0,0
WBGene00173603.,0,11,11
WBGene00173604.,0,0,0
WBGene00173605.,0,0,0
WBGene00173606.,0,0,0
WBGene00173607.,0,14,14
WBGene00173608.,0,0,0
WBGene00173609.,0,0,0
WBGene00173610.,0,0,0
WBGene00173611.,0,0,0
WBGene00173612.,0,0,0
WBGene00173613.,0,0,0
WBGene00173614.,0,0,0
WBGene00173615.,0,46,46
WBGene00173616.,0,0,0
WBGene00173617.,0,0,0
WBGene00173618.,0,0,0
WBGene00173619.,0,0,0
WBGene00173620.,0,1,1
WBGene00173621.,0,2,2
WBGene00173622.,0,0,0
WBGene00173623.,0,0,0
WBGene00173624.,0,0,0
WBGene00173625.,0,0,0
WBGene00173626.,0,0,0
WBGene00173627.,0,1,1
WBGene00173628.,0,0,0
WBGene00173629.,0,2,2
WBGene00173630.,0,0,0
WBGene00173631.,0,0,0
WBGene00173632.,0,0,0
WBGene00173633.,0,0,0
WBGene00173634.,0,1,1
WBGene00173635.,0,0,0
WBGene00173636.,0,0,0
WBGene00173637.,0,0,0
WBGene00173638.,0,0,0
WBGene00173639.,0,0,0
WBGene00173640.,0,1,1
WBGene00173641.,0,0,0
WBGene00173642.,0,0,0
WBGene00173643.,0,0,0
WBGene00173644.,0,0,0
WBGene00173645.,0,1,1
WBGene00173646.,0,0,0
WBGene00173647.,0,0,0
WBGene00173648.,0,0,0
WBGene00173649.,0,0,0
WBGene00173650.,0,0,0
WBGene00173651.,0,0,0
WBGene00173652.,0,0,0
WBGene00173653.,0,1,1
WBGene00173654.,0,0,0
WBGene00173655.,0,0,0
WBGene00173656.,0,0,0
WBGene00173657.,0,0,0
WBGene00173658.,0,0,0
WBGene00173659.,0,0,0
WBGene00173660.,0,0,0
WBGene00173661.,0,0,0
WBGene00173662.,0,0,0
WBGene00173663.,0,0,0
WBGene00173664.,0,0,0
WBGene00173665.,0,0,0
WBGene00173666.,0,0,0
WBGene00173667.,0,0,0
WBGene00173668.,0,4,4
WBGene00173669.,0,0,0
WBGene00173670.,0,0,0
WBGene00173671.,0,0,0
WBGene00173672.,0,3,3
WBGene00173673.,0,0,0
WBGene00173674.,0,0,0
WBGene00173675.,0,1,1
WBGene00173676.,0,0,0
WBGene00173677.,0,0,0
WBGene00173678.,0,0,0
WBGene00173679.,0,0,0
WBGene00173680.,0,0,0
WBGene00173681.,0,0,0
WBGene00173682.,0,1,1
WBGene00173683.,0,0,0
WBGene00173684.,0,0,0
WBGene00173685.,0,0,0
WBGene00173686.,0,0,0
WBGene00173687.,0,1,1
WBGene00173688.,0,0,0
WBGene00173689.,0,0,0
WBGene00173690.,0,0,0
WBGene00173691.,0,0,0
WBGene00173692.,0,0,0
WBGene00173693.,0,0,0
WBGene00173694.,0,3,3
WBGene00173695.,0,0,0
WBGene00173696.,0,0,0
WBGene00173697.,0,0,0
WBGene00173698.,0,1,1
WBGene00173699.,0,0,0
WBGene00173700.,0,0,0
WBGene00173701.,0,0,0
WBGene00173702.,0,0,0
WBGene00173703.,0,0,0
WBGene00173704.,0,0,0
WBGene00173705.,0,0,0
WBGene00173706.,0,0,0
WBGene00173707.,0,0,0
WBGene00173708.,0,0,0
WBGene00173709.,0,0,0
WBGene00173710.,0,0,0
WBGene00173711.,0,0,0
WBGene00173712.,0,0,0
WBGene00173713.,0,1,1
WBGene00173714.,0,0,0
WBGene00173715.,0,0,0
WBGene00173716.,0,0,0
WBGene00173717.,0,0,0
WBGene00173718.,0,0,0
WBGene00173719.,0,0,0
WBGene00173720.,0,0,0
WBGene00173721.,0,0,0
WBGene00173722.,0,0,0
WBGene00173723.,0,0,0
WBGene00173724.,0,0,0
WBGene00173725.,0,0,0
WBGene00173726.,0,0,0
WBGene00173727.,0,0,0
WBGene00173728.,0,0,0
WBGene00173729.,0,5,5
WBGene00173730.,0,0,0
WBGene00173731.,0,0,0
WBGene00173732.,0,0,0
WBGene00173733.,0,1,1
WBGene00173734.,0,0,0
WBGene00173735.,0,0,0
WBGene00173736.,0,0,0
WBGene00173737.,0,0,0
WBGene00173738.,0,0,0
WBGene00173739.,0,0,0
WBGene00173740.,0,0,0
WBGene00173741.,0,0,0
WBGene00173742.,0,0,0
WBGene00173743.,0,0,0
WBGene00173744.,0,0,0
WBGene00173745.,0,0,0
WBGene00173746.,0,0,0
WBGene00173747.,0,0,0
WBGene00173748.,0,0,0
WBGene00173749.,0,0,0
WBGene00173750.,0,0,0
WBGene00173751.,0,0,0
WBGene00173752.,0,0,0
WBGene00173753.,0,0,0
WBGene00173754.,0,0,0
WBGene00173755.,0,0,0
WBGene00173756.,0,0,0
WBGene00173757.,0,0,0
WBGene00173758.,0,6,6
WBGene00173759.,0,0,0
WBGene00173760.,0,0,0
WBGene00173761.,0,0,0
WBGene00173762.,0,0,0
WBGene00173763.,0,0,0
WBGene00173764.,0,0,0
WBGene00173765.,0,1,1
WBGene00173766.,0,0,0
WBGene00173767.,0,0,0
WBGene00173768.,0,3,3
WBGene00173769.,0,0,0
WBGene00173770.,0,0,0
WBGene00173771.,0,0,0
WBGene00173772.,0,0,0
WBGene00173773.,0,0,0
WBGene00173774.,0,0,0
WBGene00173775.,0,0,0
WBGene00173776.,0,0,0
WBGene00173777.,0,0,0
WBGene00173778.,0,1,1
WBGene00173779.,0,0,0
WBGene00173780.,0,0,0
WBGene00173781.,0,0,0
WBGene00173782.,0,0,0
WBGene00173783.,0,0,0
WBGene00173784.,0,0,0
WBGene00173785.,0,0,0
WBGene00173786.,0,0,0
WBGene00173787.,0,0,0
WBGene00173788.,0,0,0
WBGene00173789.,0,0,0
WBGene00173790.,0,0,0
WBGene00173791.,0,0,0
WBGene00173792.,0,0,0
WBGene00173793.,0,0,0
WBGene00173794.,0,0,0
WBGene00173795.,0,0,0
WBGene00173796.,0,0,0
WBGene00173797.,0,0,0
WBGene00173798.,0,0,0
WBGene00173799.,0,0,0
WBGene00173800.,0,0,0
WBGene00173801.,0,0,0
WBGene00173802.,0,0,0
WBGene00173803.,0,0,0
WBGene00173804.,0,0,0
WBGene00173805.,0,0,0
WBGene00173806.,0,2,2
WBGene00173807.,0,0,0
WBGene00173808.,0,0,0
WBGene00173809.,0,2,2
WBGene00173810.,0,0,0
WBGene00173811.,0,0,0
WBGene00173812.,0,0,0
WBGene00173813.,0,0,0
WBGene00173814.,0,2,2
WBGene00173815.,0,0,0
WBGene00173816.,0,0,0
WBGene00173817.,0,0,0
WBGene00173818.,0,0,0
WBGene00173819.,0,0,0
WBGene00173820.,0,0,0
WBGene00173821.,0,0,0
WBGene00173822.,0,0,0
WBGene00173823.,0,0,0
WBGene00173824.,0,0,0
WBGene00173825.,0,0,0
WBGene00173826.,0,0,0
WBGene00173827.,0,3,3
WBGene00173828.,0,0,0
WBGene00173829.,0,0,0
WBGene00173830.,0,0,0
WBGene00173831.,0,1,1
WBGene00173832.,0,0,0
WBGene00173833.,0,0,0
WBGene00173834.,0,0,0
WBGene00173835.,0,0,0
WBGene00173836.,0,0,0
WBGene00173837.,0,0,0
WBGene00173838.,0,0,0
WBGene00173839.,0,0,0
WBGene00173840.,0,0,0
WBGene00173841.,0,0,0
WBGene00173842.,0,0,0
WBGene00173843.,0,0,0
WBGene00173844.,0,0,0
WBGene00173845.,0,0,0
WBGene00173846.,0,0,0
WBGene00173847.,0,0,0
WBGene00173848.,0,0,0
WBGene00173849.,0,0,0
WBGene00173850.,0,0,0
WBGene00173851.,0,0,0
WBGene00173852.,0,1,1
WBGene00173853.,0,0,0
WBGene00173854.,0,0,0
WBGene00173855.,0,0,0
WBGene00173856.,0,0,0
WBGene00173857.,0,0,0
WBGene00173858.,0,0,0
WBGene00173859.,0,0,0
WBGene00173860.,0,0,0
WBGene00173861.,0,0,0
WBGene00173862.,0,0,0
WBGene00173863.,0,0,0
WBGene00173864.,0,0,0
WBGene00173865.,0,0,0
WBGene00173866.,0,0,0
WBGene00173867.,0,0,0
WBGene00173868.,0,0,0
WBGene00173869.,0,0,0
WBGene00173870.,0,0,0
WBGene00173871.,0,0,0
WBGene00173872.,0,0,0
WBGene00173873.,0,0,0
WBGene00173874.,0,0,0
WBGene00173875.,0,0,0
WBGene00173876.,0,0,0
WBGene00173877.,0,1,1
WBGene00173878.,0,0,0
WBGene00173879.,0,0,0
WBGene00173880.,0,0,0
WBGene00173881.,0,0,0
WBGene00173882.,0,0,0
WBGene00173883.,0,0,0
WBGene00173884.,0,0,0
WBGene00173885.,0,1,1
WBGene00173886.,0,0,0
WBGene00173887.,0,4,4
WBGene00173888.,0,0,0
WBGene00173889.,0,0,0
WBGene00173890.,0,0,0
WBGene00173891.,0,1,1
WBGene00173892.,0,0,0
WBGene00173893.,0,0,0
WBGene00173894.,0,0,0
WBGene00173895.,0,0,0
WBGene00173896.,0,0,0
WBGene00173897.,0,0,0
WBGene00173898.,0,0,0
WBGene00173899.,0,0,0
WBGene00173900.,0,0,0
WBGene00173901.,0,0,0
WBGene00173902.,0,0,0
WBGene00173903.,0,0,0
WBGene00173904.,0,0,0
WBGene00173905.,0,1,1
WBGene00173906.,0,0,0
WBGene00173907.,0,0,0
WBGene00173908.,0,0,0
WBGene00173909.,0,0,0
WBGene00173910.,0,0,0
WBGene00173911.,0,0,0
WBGene00173912.,0,0,0
WBGene00173913.,0,0,0
WBGene00173914.,0,0,0
WBGene00173915.,0,0,0
WBGene00173916.,0,0,0
WBGene00173917.,0,0,0
WBGene00173918.,0,0,0
WBGene00173919.,0,0,0
WBGene00173920.,0,0,0
WBGene00173921.,0,0,0
WBGene00173922.,0,0,0
WBGene00173923.,0,0,0
WBGene00173924.,0,0,0
WBGene00173925.,0,0,0
WBGene00173926.,0,0,0
WBGene00173927.,0,0,0
WBGene00173928.,0,0,0
WBGene00173929.,0,0,0
WBGene00173930.,0,0,0
WBGene00173931.,0,0,0
WBGene00173932.,0,0,0
WBGene00173933.,0,0,0
WBGene00173934.,0,0,0
WBGene00173935.,0,3,3
WBGene00173936.,0,0,0
WBGene00173937.,0,0,0
WBGene00173938.,0,0,0
WBGene00173939.,0,0,0
WBGene00173940.,0,0,0
WBGene00173941.,0,0,0
WBGene00173942.,0,0,0
WBGene00173943.,0,0,0
WBGene00173944.,0,1,1
WBGene00173945.,0,0,0
WBGene00173946.,0,0,0
WBGene00173947.,0,0,0
WBGene00173948.,0,0,0
WBGene00173949.,0,0,0
WBGene00173950.,0,10,10
WBGene00173951.,0,0,0
WBGene00173952.,0,0,0
WBGene00173953.,0,0,0
WBGene00173954.,0,0,0
WBGene00173955.,0,0,0
WBGene00173956.,0,0,0
WBGene00173957.,0,0,0
WBGene00173958.,0,0,0
WBGene00173959.,0,2,2
WBGene00173960.,0,6,6
WBGene00173961.,0,0,0
WBGene00173962.,0,0,0
WBGene00173963.,0,0,0
WBGene00173964.,0,0,0
WBGene00173965.,0,0,0
WBGene00173966.,0,0,0
WBGene00173967.,0,0,0
WBGene00173968.,0,0,0
WBGene00173969.,0,0,0
WBGene00173970.,0,0,0
WBGene00173971.,0,0,0
WBGene00173972.,0,0,0
WBGene00173973.,0,0,0
WBGene00173974.,0,0,0
WBGene00173975.,0,0,0
WBGene00173976.,0,0,0
WBGene00173977.,0,0,0
WBGene00173978.,0,0,0
WBGene00173979.,0,0,0
WBGene00173980.,0,7,7
WBGene00173981.,0,0,0
WBGene00173982.,0,0,0
WBGene00173983.,0,0,0
WBGene00173984.,0,0,0
WBGene00173985.,0,0,0
WBGene00173986.,0,0,0
WBGene00173987.,0,0,0
WBGene00173988.,0,0,0
WBGene00173989.,0,0,0
WBGene00173990.,0,0,0
WBGene00173991.,0,0,0
WBGene00173992.,0,0,0
WBGene00173993.,0,0,0
WBGene00173994.,0,0,0
WBGene00173995.,0,0,0
WBGene00173996.,0,0,0
WBGene00173997.,0,0,0
WBGene00173998.,0,0,0
WBGene00173999.,0,0,0
WBGene00174000.,0,0,0
WBGene00174001.,0,0,0
WBGene00174002.,0,0,0
WBGene00174003.,0,1,1
WBGene00174004.,0,0,0
WBGene00174005.,0,0,0
WBGene00174006.,0,0,0
WBGene00174007.,0,1,1
WBGene00174008.,0,0,0
WBGene00174009.,0,0,0
WBGene00174010.,0,0,0
WBGene00174011.,0,0,0
WBGene00174012.,0,0,0
WBGene00174013.,0,0,0
WBGene00174014.,0,2,2
WBGene00174015.,0,0,0
WBGene00174016.,0,0,0
WBGene00174017.,0,0,0
WBGene00174018.,0,0,0
WBGene00174019.,0,0,0
WBGene00174020.,0,0,0
WBGene00174021.,0,0,0
WBGene00174022.,0,0,0
WBGene00174023.,0,0,0
WBGene00174024.,0,0,0
WBGene00174025.,0,0,0
WBGene00174026.,0,3,3
WBGene00174027.,0,0,0
WBGene00174028.,0,0,0
WBGene00174029.,0,0,0
WBGene00174030.,0,0,0
WBGene00174031.,0,0,0
WBGene00174032.,0,1,1
WBGene00174033.,0,0,0
WBGene00174034.,0,0,0
WBGene00174035.,0,0,0
WBGene00174036.,0,0,0
WBGene00174037.,0,0,0
WBGene00174038.,0,0,0
WBGene00174039.,0,0,0
WBGene00174040.,0,0,0
WBGene00174041.,0,0,0
WBGene00174042.,0,0,0
WBGene00174043.,0,0,0
WBGene00174044.,0,1,1
WBGene00174045.,0,0,0
WBGene00174046.,0,0,0
WBGene00174047.,0,0,0
WBGene00174048.,0,0,0
WBGene00174049.,0,0,0
WBGene00174050.,0,0,0
WBGene00174051.,0,0,0
WBGene00174052.,0,0,0
WBGene00174053.,0,0,0
WBGene00174054.,0,0,0
WBGene00174055.,0,0,0
WBGene00174056.,0,0,0
WBGene00174057.,0,0,0
WBGene00174058.,0,0,0
WBGene00174059.,0,0,0
WBGene00174060.,0,0,0
WBGene00174061.,0,0,0
WBGene00174062.,0,0,0
WBGene00174063.,0,0,0
WBGene00174064.,0,0,0
WBGene00174065.,0,0,0
WBGene00174066.,0,0,0
WBGene00174067.,0,0,0
WBGene00174068.,0,0,0
WBGene00174069.,0,1,1
WBGene00174070.,0,0,0
WBGene00174071.,0,0,0
WBGene00174072.,0,0,0
WBGene00174073.,0,0,0
WBGene00174074.,0,0,0
WBGene00174075.,0,0,0
WBGene00174076.,0,0,0
WBGene00174077.,0,0,0
WBGene00174078.,0,0,0
WBGene00174079.,0,0,0
WBGene00174080.,0,0,0
WBGene00174081.,0,0,0
WBGene00174082.,0,0,0
WBGene00174083.,0,0,0
WBGene00174084.,0,0,0
WBGene00174085.,0,0,0
WBGene00174086.,0,0,0
WBGene00174087.,0,1,1
WBGene00174088.,0,0,0
WBGene00174089.,0,0,0
WBGene00174090.,0,0,0
WBGene00174091.,0,0,0
WBGene00174092.,0,0,0
WBGene00174093.,0,0,0
WBGene00174094.,0,0,0
WBGene00174095.,0,0,0
WBGene00174096.,0,0,0
WBGene00174097.,0,0,0
WBGene00174098.,0,0,0
WBGene00174099.,0,0,0
WBGene00174100.,0,0,0
WBGene00174101.,0,0,0
WBGene00174102.,0,0,0
WBGene00174103.,0,0,0
WBGene00174104.,0,3,3
WBGene00174105.,0,0,0
WBGene00174106.,0,0,0
WBGene00174107.,0,1,1
WBGene00174108.,0,0,0
WBGene00174109.,0,0,0
WBGene00174110.,0,0,0
WBGene00174111.,0,0,0
WBGene00174112.,0,1,1
WBGene00174113.,0,0,0
WBGene00174114.,0,0,0
WBGene00174115.,0,0,0
WBGene00174116.,0,0,0
WBGene00174117.,0,0,0
WBGene00174118.,0,6,6
WBGene00174119.,0,2,2
WBGene00174120.,0,0,0
WBGene00174121.,0,0,0
WBGene00174122.,0,0,0
WBGene00174123.,0,0,0
WBGene00174124.,0,0,0
WBGene00174125.,0,0,0
WBGene00174126.,0,0,0
WBGene00174127.,0,0,0
WBGene00174128.,0,9,9
WBGene00174129.,0,0,0
WBGene00174130.,0,0,0
WBGene00174131.,0,0,0
WBGene00174132.,0,0,0
WBGene00174133.,0,0,0
WBGene00174134.,0,1,1
WBGene00174135.,0,0,0
WBGene00174136.,0,0,0
WBGene00174137.,0,0,0
WBGene00174138.,0,0,0
WBGene00174139.,0,0,0
WBGene00174140.,0,0,0
WBGene00174141.,0,0,0
WBGene00174142.,0,0,0
WBGene00174143.,0,0,0
WBGene00174144.,0,1,1
WBGene00174145.,0,0,0
WBGene00174146.,0,0,0
WBGene00174147.,0,0,0
WBGene00174148.,0,0,0
WBGene00174149.,0,0,0
WBGene00174150.,0,0,0
WBGene00174151.,0,0,0
WBGene00174152.,0,0,0
WBGene00174153.,0,0,0
WBGene00174154.,0,0,0
WBGene00174155.,0,0,0
WBGene00174156.,0,0,0
WBGene00174157.,0,0,0
WBGene00174158.,0,0,0
WBGene00174159.,0,0,0
WBGene00174160.,0,0,0
WBGene00174161.,0,1,1
WBGene00174162.,0,0,0
WBGene00174163.,0,0,0
WBGene00174164.,0,0,0
WBGene00174165.,0,0,0
WBGene00174166.,0,0,0
WBGene00174167.,0,0,0
WBGene00174168.,0,1,1
WBGene00174169.,0,0,0
WBGene00174170.,0,0,0
WBGene00174171.,0,0,0
WBGene00174172.,0,0,0
WBGene00174173.,0,0,0
WBGene00174174.,0,0,0
WBGene00174175.,0,0,0
WBGene00174176.,0,0,0
WBGene00174177.,0,0,0
WBGene00174178.,0,0,0
WBGene00174179.,0,0,0
WBGene00174180.,0,0,0
WBGene00174181.,0,0,0
WBGene00174182.,0,0,0
WBGene00174183.,0,0,0
WBGene00174184.,0,1,1
WBGene00174185.,0,0,0
WBGene00174186.,0,0,0
WBGene00174187.,0,0,0
WBGene00174188.,0,0,0
WBGene00174189.,0,0,0
WBGene00174190.,0,0,0
WBGene00174191.,0,0,0
WBGene00174192.,0,0,0
WBGene00174193.,0,0,0
WBGene00174194.,0,0,0
WBGene00174195.,0,0,0
WBGene00174196.,0,0,0
WBGene00174197.,0,0,0
WBGene00174198.,0,0,0
WBGene00174199.,0,0,0
WBGene00174200.,0,0,0
WBGene00174201.,0,0,0
WBGene00174202.,0,0,0
WBGene00174203.,0,0,0
WBGene00174204.,0,0,0
WBGene00174205.,0,0,0
WBGene00174206.,0,0,0
WBGene00174207.,0,0,0
WBGene00174208.,0,0,0
WBGene00174209.,0,0,0
WBGene00174210.,0,0,0
WBGene00174211.,0,1,1
WBGene00174212.,0,1,1
WBGene00174213.,0,0,0
WBGene00174214.,0,0,0
WBGene00174215.,0,0,0
WBGene00174216.,0,0,0
WBGene00174217.,0,0,0
WBGene00174218.,0,0,0
WBGene00174219.,0,0,0
WBGene00174220.,0,0,0
WBGene00174221.,0,0,0
WBGene00174222.,0,2,2
WBGene00174223.,0,1,1
WBGene00174224.,0,0,0
WBGene00174225.,0,0,0
WBGene00174226.,0,0,0
WBGene00174227.,0,0,0
WBGene00174228.,0,0,0
WBGene00174229.,0,0,0
WBGene00174230.,0,0,0
WBGene00174231.,0,0,0
WBGene00174232.,0,0,0
WBGene00174233.,0,0,0
WBGene00174234.,0,1,1
WBGene00174235.,0,0,0
WBGene00174236.,0,0,0
WBGene00174237.,0,2,2
WBGene00174238.,0,0,0
WBGene00174239.,0,0,0
WBGene00174240.,0,0,0
WBGene00174241.,0,0,0
WBGene00174242.,0,0,0
WBGene00174243.,0,0,0
WBGene00174244.,0,0,0
WBGene00174245.,0,0,0
WBGene00174246.,0,0,0
WBGene00174247.,0,0,0
WBGene00174248.,0,4,4
WBGene00174249.,0,0,0
WBGene00174250.,0,0,0
WBGene00174251.,0,0,0
WBGene00174252.,0,0,0
WBGene00174253.,0,0,0
WBGene00174254.,0,0,0
WBGene00174255.,0,0,0
WBGene00174256.,0,0,0
WBGene00174257.,0,0,0
WBGene00174258.,0,0,0
WBGene00174259.,0,0,0
WBGene00174260.,0,0,0
WBGene00174261.,0,0,0
WBGene00174262.,0,0,0
WBGene00174263.,0,0,0
WBGene00174264.,0,0,0
WBGene00174265.,0,1,1
WBGene00174266.,0,0,0
WBGene00174267.,0,0,0
WBGene00174268.,0,0,0
WBGene00174269.,0,0,0
WBGene00174270.,0,0,0
WBGene00174271.,0,0,0
WBGene00174272.,0,0,0
WBGene00174273.,0,0,0
WBGene00174274.,0,0,0
WBGene00174275.,0,0,0
WBGene00174276.,0,0,0
WBGene00174277.,0,0,0
WBGene00174278.,0,0,0
WBGene00174279.,0,0,0
WBGene00174280.,0,0,0
WBGene00174281.,0,1,1
WBGene00174282.,0,0,0
WBGene00174283.,0,1,1
WBGene00174284.,0,0,0
WBGene00174285.,0,0,0
WBGene00174286.,0,0,0
WBGene00174287.,0,0,0
WBGene00174288.,0,0,0
WBGene00174289.,0,0,0
WBGene00174290.,0,0,0
WBGene00174291.,0,2,2
WBGene00174292.,0,0,0
WBGene00174293.,0,5,5
WBGene00174294.,0,0,0
WBGene00174295.,0,0,0
WBGene00174296.,0,0,0
WBGene00174297.,0,4,4
WBGene00174298.,0,0,0
WBGene00174299.,0,0,0
WBGene00174300.,0,0,0
WBGene00174301.,0,0,0
WBGene00174302.,0,0,0
WBGene00174303.,0,0,0
WBGene00174304.,0,0,0
WBGene00174305.,0,0,0
WBGene00174306.,0,0,0
WBGene00174307.,0,0,0
WBGene00174308.,0,0,0
WBGene00174309.,0,0,0
WBGene00174310.,0,0,0
WBGene00174311.,0,4,4
WBGene00174312.,0,1,1
WBGene00174313.,0,1,1
WBGene00174314.,0,0,0
WBGene00174315.,0,0,0
WBGene00174316.,0,0,0
WBGene00174317.,0,5,5
WBGene00174318.,0,0,0
WBGene00174319.,0,0,0
WBGene00174320.,0,0,0
WBGene00174321.,0,0,0
WBGene00174322.,0,1,1
WBGene00174323.,0,0,0
WBGene00174324.,0,0,0
WBGene00174325.,0,1,1
WBGene00174326.,0,0,0
WBGene00174327.,0,0,0
WBGene00174328.,0,0,0
WBGene00174329.,0,0,0
WBGene00174330.,0,0,0
WBGene00174331.,0,0,0
WBGene00174332.,0,0,0
WBGene00174333.,0,0,0
WBGene00174334.,0,0,0
WBGene00174335.,0,0,0
WBGene00174336.,0,0,0
WBGene00174337.,0,0,0
WBGene00174338.,0,0,0
WBGene00174339.,0,0,0
WBGene00174340.,0,0,0
WBGene00174341.,0,0,0
WBGene00174342.,0,0,0
WBGene00174343.,0,0,0
WBGene00174344.,0,0,0
WBGene00174345.,0,0,0
WBGene00174346.,0,0,0
WBGene00174347.,0,0,0
WBGene00174348.,0,0,0
WBGene00174349.,0,0,0
WBGene00174350.,0,0,0
WBGene00174351.,0,0,0
WBGene00174352.,0,0,0
WBGene00174353.,0,0,0
WBGene00174354.,0,2,2
WBGene00174355.,0,0,0
WBGene00174356.,0,0,0
WBGene00174357.,0,0,0
WBGene00174358.,0,0,0
WBGene00174359.,0,0,0
WBGene00174360.,0,0,0
WBGene00174361.,0,0,0
WBGene00174362.,0,0,0
WBGene00174363.,0,0,0
WBGene00174364.,0,0,0
WBGene00174365.,0,0,0
WBGene00174366.,0,0,0
WBGene00174367.,0,0,0
WBGene00174368.,0,0,0
WBGene00174369.,0,0,0
WBGene00174370.,0,0,0
WBGene00174371.,0,0,0
WBGene00174372.,0,0,0
WBGene00174373.,0,0,0
WBGene00174374.,0,0,0
WBGene00174375.,0,0,0
WBGene00174376.,0,0,0
WBGene00174377.,0,1,1
WBGene00174378.,0,0,0
WBGene00174379.,0,0,0
WBGene00174380.,0,0,0
WBGene00174381.,0,0,0
WBGene00174382.,0,0,0
WBGene00174383.,0,0,0
WBGene00174384.,0,0,0
WBGene00174385.,0,0,0
WBGene00174386.,0,0,0
WBGene00174387.,0,0,0
WBGene00174388.,0,0,0
WBGene00174389.,0,0,0
WBGene00174390.,0,0,0
WBGene00174391.,0,0,0
WBGene00174392.,0,0,0
WBGene00174393.,0,0,0
WBGene00174394.,0,1,1
WBGene00174395.,0,0,0
WBGene00174396.,0,0,0
WBGene00174397.,0,0,0
WBGene00174398.,0,0,0
WBGene00174399.,0,0,0
WBGene00174400.,0,0,0
WBGene00174401.,0,0,0
WBGene00174402.,0,0,0
WBGene00174403.,0,0,0
WBGene00174404.,0,0,0
WBGene00174405.,0,0,0
WBGene00174406.,0,33,33
WBGene00174407.,0,0,0
WBGene00174408.,0,0,0
WBGene00174409.,0,30,30
WBGene00174410.,0,0,0
WBGene00174411.,0,0,0
WBGene00174412.,0,0,0
WBGene00174413.,0,0,0
WBGene00174414.,0,0,0
WBGene00174415.,0,0,0
WBGene00174416.,0,0,0
WBGene00174417.,0,0,0
WBGene00174418.,0,0,0
WBGene00174419.,0,1,1
WBGene00174420.,0,0,0
WBGene00174421.,0,0,0
WBGene00174422.,0,0,0
WBGene00174423.,0,0,0
WBGene00174424.,0,0,0
WBGene00174425.,0,0,0
WBGene00174426.,0,0,0
WBGene00174427.,0,0,0
WBGene00174428.,0,0,0
WBGene00174429.,0,0,0
WBGene00174430.,0,0,0
WBGene00174431.,0,0,0
WBGene00174432.,0,1,1
WBGene00174433.,0,0,0
WBGene00174434.,0,0,0
WBGene00174435.,0,0,0
WBGene00174436.,0,0,0
WBGene00174437.,0,0,0
WBGene00174438.,0,0,0
WBGene00174439.,0,0,0
WBGene00174440.,0,2,2
WBGene00174441.,0,0,0
WBGene00174442.,0,0,0
WBGene00174443.,0,0,0
WBGene00174444.,0,0,0
WBGene00174445.,0,0,0
WBGene00174446.,0,0,0
WBGene00174447.,0,2,2
WBGene00174448.,0,0,0
WBGene00174449.,0,0,0
WBGene00174450.,0,0,0
WBGene00174451.,0,0,0
WBGene00174452.,0,0,0
WBGene00174453.,0,9,9
WBGene00174454.,0,0,0
WBGene00174455.,0,0,0
WBGene00174456.,0,0,0
WBGene00174457.,0,0,0
WBGene00174458.,0,0,0
WBGene00174459.,0,0,0
WBGene00174460.,0,0,0
WBGene00174461.,0,0,0
WBGene00174462.,0,0,0
WBGene00174463.,0,0,0
WBGene00174464.,0,0,0
WBGene00174465.,0,0,0
WBGene00174466.,0,0,0
WBGene00174467.,0,0,0
WBGene00174468.,0,0,0
WBGene00174469.,0,0,0
WBGene00174470.,0,0,0
WBGene00174471.,0,0,0
WBGene00174472.,0,0,0
WBGene00174473.,0,0,0
WBGene00174474.,0,0,0
WBGene00174475.,0,0,0
WBGene00174476.,0,0,0
WBGene00174477.,0,0,0
WBGene00174478.,0,2,2
WBGene00174479.,0,0,0
WBGene00174480.,0,0,0
WBGene00174481.,0,0,0
WBGene00174482.,0,0,0
WBGene00174483.,0,0,0
WBGene00174484.,0,0,0
WBGene00174485.,0,1,1
WBGene00174486.,0,0,0
WBGene00174487.,0,0,0
WBGene00174488.,0,0,0
WBGene00174489.,0,0,0
WBGene00174490.,0,0,0
WBGene00174491.,0,0,0
WBGene00174492.,0,0,0
WBGene00174493.,0,0,0
WBGene00174494.,0,0,0
WBGene00174495.,0,0,0
WBGene00174496.,0,8,8
WBGene00174497.,0,0,0
WBGene00174498.,0,0,0
WBGene00174499.,0,2,2
WBGene00174500.,0,0,0
WBGene00174501.,0,0,0
WBGene00174502.,0,0,0
WBGene00174503.,0,0,0
WBGene00174504.,0,1,1
WBGene00174505.,0,0,0
WBGene00174506.,0,0,0
WBGene00174507.,0,0,0
WBGene00174508.,0,0,0
WBGene00174509.,0,0,0
WBGene00174510.,0,0,0
WBGene00174511.,0,0,0
WBGene00174512.,0,2,2
WBGene00174513.,0,0,0
WBGene00174514.,0,0,0
WBGene00174515.,0,0,0
WBGene00174516.,0,0,0
WBGene00174517.,0,0,0
WBGene00174518.,0,0,0
WBGene00174519.,0,0,0
WBGene00174520.,0,0,0
WBGene00174521.,0,0,0
WBGene00174522.,0,0,0
WBGene00174523.,0,0,0
WBGene00174524.,0,0,0
WBGene00174525.,0,0,0
WBGene00174526.,0,0,0
WBGene00174527.,0,2,2
WBGene00174528.,0,0,0
WBGene00174529.,0,1,1
WBGene00174530.,0,0,0
WBGene00174531.,0,3,3
WBGene00174532.,0,0,0
WBGene00174533.,0,0,0
WBGene00174534.,0,0,0
WBGene00174535.,0,0,0
WBGene00174536.,0,0,0
WBGene00174537.,0,0,0
WBGene00174538.,0,0,0
WBGene00174539.,0,0,0
WBGene00174540.,0,0,0
WBGene00174541.,0,0,0
WBGene00174542.,0,0,0
WBGene00174543.,0,0,0
WBGene00174544.,0,1,1
WBGene00174545.,0,1,1
WBGene00174546.,0,0,0
WBGene00174547.,0,0,0
WBGene00174548.,0,0,0
WBGene00174549.,0,0,0
WBGene00174550.,0,0,0
WBGene00174551.,0,0,0
WBGene00174552.,0,0,0
WBGene00174553.,0,0,0
WBGene00174554.,0,0,0
WBGene00174555.,0,0,0
WBGene00174556.,0,0,0
WBGene00174557.,0,2,2
WBGene00174558.,0,0,0
WBGene00174559.,0,1,1
WBGene00174560.,0,2,2
WBGene00174561.,0,0,0
WBGene00174562.,0,0,0
WBGene00174563.,0,0,0
WBGene00174564.,0,0,0
WBGene00174565.,0,0,0
WBGene00174566.,0,0,0
WBGene00174567.,0,0,0
WBGene00174568.,0,0,0
WBGene00174569.,0,0,0
WBGene00174570.,0,0,0
WBGene00174571.,0,0,0
WBGene00174572.,0,0,0
WBGene00174573.,0,0,0
WBGene00174574.,0,0,0
WBGene00174575.,0,0,0
WBGene00174576.,0,0,0
WBGene00174577.,0,2,2
WBGene00174578.,0,0,0
WBGene00174579.,0,1,1
WBGene00174580.,0,0,0
WBGene00174581.,0,0,0
WBGene00174582.,0,0,0
WBGene00174583.,0,0,0
WBGene00174584.,0,0,0
WBGene00174585.,0,0,0
WBGene00174586.,0,0,0
WBGene00174587.,0,0,0
WBGene00174588.,0,0,0
WBGene00174589.,0,0,0
WBGene00174590.,0,0,0
WBGene00174591.,0,0,0
WBGene00174592.,0,0,0
WBGene00174593.,0,0,0
WBGene00174594.,0,0,0
WBGene00174595.,0,4,4
WBGene00174596.,0,0,0
WBGene00174597.,0,0,0
WBGene00174598.,0,0,0
WBGene00174599.,0,0,0
WBGene00174600.,0,0,0
WBGene00174601.,0,0,0
WBGene00174602.,0,0,0
WBGene00174603.,0,0,0
WBGene00174604.,0,0,0
WBGene00174605.,0,0,0
WBGene00174606.,0,0,0
WBGene00174607.,0,1,1
WBGene00174608.,0,0,0
WBGene00174609.,0,0,0
WBGene00174610.,0,0,0
WBGene00174611.,0,0,0
WBGene00174612.,0,0,0
WBGene00174613.,0,0,0
WBGene00174614.,0,0,0
WBGene00174615.,0,0,0
WBGene00174616.,0,0,0
WBGene00174617.,0,0,0
WBGene00174618.,0,0,0
WBGene00174619.,0,0,0
WBGene00174620.,0,0,0
WBGene00174621.,0,0,0
WBGene00174622.,0,0,0
WBGene00174623.,0,0,0
WBGene00174624.,0,0,0
WBGene00174625.,0,0,0
WBGene00174626.,0,0,0
WBGene00174627.,0,0,0
WBGene00174628.,0,0,0
WBGene00174629.,0,0,0
WBGene00174630.,0,0,0
WBGene00174631.,0,1,1
WBGene00174632.,0,0,0
WBGene00174633.,0,0,0
WBGene00174634.,0,0,0
WBGene00174635.,0,0,0
WBGene00174636.,0,0,0
WBGene00174637.,0,0,0
WBGene00174638.,0,1,1
WBGene00174639.,0,0,0
WBGene00174640.,0,0,0
WBGene00174641.,0,0,0
WBGene00174642.,0,0,0
WBGene00174643.,0,0,0
WBGene00174644.,0,0,0
WBGene00174645.,0,0,0
WBGene00174646.,0,0,0
WBGene00174647.,0,0,0
WBGene00174648.,0,0,0
WBGene00174649.,0,0,0
WBGene00174650.,0,0,0
WBGene00174651.,0,0,0
WBGene00174652.,0,0,0
WBGene00174653.,0,2,2
WBGene00174654.,0,0,0
WBGene00174655.,0,0,0
WBGene00174656.,0,0,0
WBGene00174657.,0,0,0
WBGene00174658.,0,0,0
WBGene00174659.,0,0,0
WBGene00174660.,0,0,0
WBGene00174661.,0,0,0
WBGene00174662.,0,0,0
WBGene00174663.,0,0,0
WBGene00174664.,0,0,0
WBGene00174665.,0,0,0
WBGene00174666.,0,0,0
WBGene00174667.,0,0,0
WBGene00174668.,0,0,0
WBGene00174669.,0,0,0
WBGene00174670.,0,0,0
WBGene00174671.,0,0,0
WBGene00174672.,0,0,0
WBGene00174673.,0,34,34
WBGene00174674.,0,0,0
WBGene00174675.,0,0,0
WBGene00174676.,0,2,2
WBGene00174677.,0,0,0
WBGene00174678.,0,0,0
WBGene00174679.,0,0,0
WBGene00174680.,0,0,0
WBGene00174681.,0,0,0
WBGene00174682.,0,0,0
WBGene00174683.,0,0,0
WBGene00174684.,0,0,0
WBGene00174685.,0,0,0
WBGene00174686.,0,0,0
WBGene00174687.,0,0,0
WBGene00174688.,0,0,0
WBGene00174689.,0,0,0
WBGene00174690.,0,0,0
WBGene00174691.,0,0,0
WBGene00174692.,0,3,3
WBGene00174693.,0,0,0
WBGene00174694.,0,0,0
WBGene00174695.,0,4,4
WBGene00174696.,0,0,0
WBGene00174697.,0,0,0
WBGene00174698.,0,0,0
WBGene00174699.,0,0,0
WBGene00174700.,0,0,0
WBGene00174701.,0,0,0
WBGene00174702.,0,3,3
WBGene00174703.,0,0,0
WBGene00174704.,0,0,0
WBGene00174705.,0,0,0
WBGene00174706.,0,0,0
WBGene00174707.,0,2,2
WBGene00174708.,0,0,0
WBGene00174709.,0,0,0
WBGene00174710.,0,8,8
WBGene00174711.,0,0,0
WBGene00174712.,0,0,0
WBGene00174713.,0,0,0
WBGene00174714.,0,0,0
WBGene00174715.,0,0,0
WBGene00174716.,0,0,0
WBGene00174717.,0,0,0
WBGene00174718.,0,0,0
WBGene00174719.,0,0,0
WBGene00174720.,0,0,0
WBGene00174721.,0,1,1
WBGene00174722.,0,0,0
WBGene00174723.,0,0,0
WBGene00174724.,0,0,0
WBGene00174725.,0,0,0
WBGene00174726.,0,1,1
WBGene00174727.,0,1,1
WBGene00174728.,0,0,0
WBGene00174729.,0,0,0
WBGene00174730.,0,0,0
WBGene00174731.,0,0,0
WBGene00174732.,0,0,0
WBGene00174733.,0,0,0
WBGene00174734.,0,0,0
WBGene00174735.,0,1,1
WBGene00174736.,0,0,0
WBGene00174737.,0,0,0
WBGene00174738.,0,1,1
WBGene00174739.,0,0,0
WBGene00174740.,0,0,0
WBGene00174741.,0,7,7
WBGene00174742.,0,0,0
WBGene00174743.,0,0,0
WBGene00174744.,0,0,0
WBGene00174745.,0,0,0
WBGene00174746.,0,0,0
WBGene00174747.,0,0,0
WBGene00174748.,0,0,0
WBGene00174749.,0,0,0
WBGene00174750.,0,0,0
WBGene00174751.,0,0,0
WBGene00174752.,0,0,0
WBGene00174753.,0,0,0
WBGene00174754.,0,0,0
WBGene00174755.,0,0,0
WBGene00174756.,0,0,0
WBGene00174757.,0,0,0
WBGene00174758.,0,0,0
WBGene00174759.,0,0,0
WBGene00174760.,0,0,0
WBGene00174761.,0,0,0
WBGene00174762.,0,0,0
WBGene00174763.,0,0,0
WBGene00174764.,0,0,0
WBGene00174765.,0,0,0
WBGene00174766.,0,0,0
WBGene00174767.,0,0,0
WBGene00174768.,0,2,2
WBGene00174769.,0,2,2
WBGene00174770.,0,0,0
WBGene00174771.,0,0,0
WBGene00174772.,0,0,0
WBGene00174773.,0,0,0
WBGene00174774.,0,0,0
WBGene00174775.,0,0,0
WBGene00174776.,0,0,0
WBGene00174777.,0,0,0
WBGene00174778.,0,0,0
WBGene00174779.,0,0,0
WBGene00174780.,0,0,0
WBGene00174781.,0,0,0
WBGene00174782.,0,0,0
WBGene00174783.,0,0,0
WBGene00174784.,0,0,0
WBGene00174785.,0,0,0
WBGene00174786.,0,0,0
WBGene00174787.,0,0,0
WBGene00174788.,0,0,0
WBGene00174789.,0,0,0
WBGene00174790.,0,0,0
WBGene00174791.,0,0,0
WBGene00174792.,0,0,0
WBGene00174793.,0,0,0
WBGene00174794.,0,0,0
WBGene00174795.,0,0,0
WBGene00174796.,0,0,0
WBGene00174797.,0,0,0
WBGene00174798.,0,0,0
WBGene00174799.,0,0,0
WBGene00174800.,0,2,2
WBGene00174801.,0,0,0
WBGene00174802.,0,0,0
WBGene00174803.,0,0,0
WBGene00174804.,0,0,0
WBGene00174805.,0,0,0
WBGene00174806.,0,0,0
WBGene00174807.,0,0,0
WBGene00174808.,0,1,1
WBGene00174809.,0,0,0
WBGene00174810.,0,0,0
WBGene00174811.,0,2,2
WBGene00174812.,0,0,0
WBGene00174813.,0,2,2
WBGene00174814.,0,0,0
WBGene00174815.,0,0,0
WBGene00174816.,0,0,0
WBGene00174817.,0,0,0
WBGene00174818.,0,0,0
WBGene00174819.,0,0,0
WBGene00174820.,0,0,0
WBGene00174821.,0,5,5
WBGene00174822.,0,0,0
WBGene00174823.,0,0,0
WBGene00174824.,0,0,0
WBGene00174825.,0,0,0
WBGene00174826.,0,0,0
WBGene00174827.,0,0,0
WBGene00174828.,0,0,0
WBGene00174829.,0,0,0
WBGene00174830.,0,0,0
WBGene00174831.,0,0,0
WBGene00174832.,0,0,0
WBGene00174833.,0,6,6
WBGene00174834.,0,0,0
WBGene00174835.,0,0,0
WBGene00174836.,0,0,0
WBGene00174837.,0,0,0
WBGene00174838.,0,1,1
WBGene00174839.,0,0,0
WBGene00174840.,0,0,0
WBGene00174841.,0,1,1
WBGene00174842.,0,0,0
WBGene00174843.,0,0,0
WBGene00174844.,0,0,0
WBGene00174845.,0,0,0
WBGene00174846.,0,0,0
WBGene00174847.,0,0,0
WBGene00174848.,0,0,0
WBGene00174849.,0,0,0
WBGene00174850.,0,0,0
WBGene00174851.,0,1,1
WBGene00174852.,0,0,0
WBGene00174853.,0,0,0
WBGene00174854.,0,0,0
WBGene00174855.,0,0,0
WBGene00174856.,0,0,0
WBGene00174857.,0,0,0
WBGene00174858.,0,0,0
WBGene00174859.,0,1,1
WBGene00174860.,0,0,0
WBGene00174861.,0,0,0
WBGene00174862.,0,0,0
WBGene00174863.,0,0,0
WBGene00174864.,0,0,0
WBGene00174865.,0,0,0
WBGene00174866.,0,0,0
WBGene00174867.,0,0,0
WBGene00174868.,0,0,0
WBGene00174869.,0,0,0
WBGene00174870.,0,0,0
WBGene00174871.,0,0,0
WBGene00174872.,0,6,6
WBGene00174873.,0,1,1
WBGene00174874.,0,1,1
WBGene00174875.,0,0,0
WBGene00174876.,0,0,0
WBGene00174877.,0,0,0
WBGene00174878.,0,0,0
WBGene00174879.,0,0,0
WBGene00174880.,0,0,0
WBGene00174881.,0,0,0
WBGene00174882.,0,0,0
WBGene00174883.,0,0,0
WBGene00174884.,0,2,2
WBGene00174885.,0,0,0
WBGene00174886.,0,1,1
WBGene00174887.,0,0,0
WBGene00174888.,0,0,0
WBGene00174889.,0,0,0
WBGene00174890.,0,2,2
WBGene00174891.,0,0,0
WBGene00174892.,0,0,0
WBGene00174893.,0,0,0
WBGene00174894.,0,0,0
WBGene00174895.,0,1,1
WBGene00174896.,0,0,0
WBGene00174897.,0,0,0
WBGene00174898.,0,0,0
WBGene00174899.,0,0,0
WBGene00174900.,0,8,8
WBGene00174901.,0,0,0
WBGene00174902.,0,1,1
WBGene00174903.,0,0,0
WBGene00174904.,0,0,0
WBGene00174905.,0,0,0
WBGene00174906.,0,0,0
WBGene00174907.,0,0,0
WBGene00174908.,0,0,0
WBGene00174909.,0,0,0
WBGene00174910.,0,1,1
WBGene00174911.,0,0,0
WBGene00174912.,0,0,0
WBGene00174913.,0,0,0
WBGene00174914.,0,0,0
WBGene00174915.,0,0,0
WBGene00174916.,0,0,0
WBGene00174917.,0,0,0
WBGene00174918.,0,0,0
WBGene00174919.,0,0,0
WBGene00174920.,0,0,0
WBGene00174921.,0,1,1
WBGene00174922.,0,0,0
WBGene00174923.,0,0,0
WBGene00174924.,0,0,0
WBGene00174925.,0,0,0
WBGene00174926.,0,0,0
WBGene00174927.,0,0,0
WBGene00174928.,0,0,0
WBGene00174929.,0,0,0
WBGene00174930.,0,0,0
WBGene00174931.,0,1,1
WBGene00174932.,0,0,0
WBGene00174933.,0,0,0
WBGene00174934.,0,0,0
WBGene00174935.,0,0,0
WBGene00174936.,0,0,0
WBGene00174937.,0,1,1
WBGene00174938.,0,0,0
WBGene00174939.,0,0,0
WBGene00174940.,0,0,0
WBGene00174941.,0,0,0
WBGene00174942.,0,0,0
WBGene00174943.,0,0,0
WBGene00174944.,0,1,1
WBGene00174945.,0,0,0
WBGene00174946.,0,0,0
WBGene00174947.,0,0,0
WBGene00174948.,0,0,0
WBGene00174949.,0,2,2
WBGene00174950.,0,0,0
WBGene00174951.,0,0,0
WBGene00174952.,0,0,0
WBGene00174953.,0,0,0
WBGene00174954.,0,0,0
WBGene00174955.,0,3,3
WBGene00174956.,0,0,0
WBGene00174957.,0,0,0
WBGene00174958.,0,0,0
WBGene00174959.,0,0,0
WBGene00174960.,0,0,0
WBGene00174961.,0,0,0
WBGene00174962.,0,0,0
WBGene00174963.,0,0,0
WBGene00174964.,0,1,1
WBGene00174965.,0,0,0
WBGene00174966.,0,0,0
WBGene00174967.,0,0,0
WBGene00174968.,0,0,0
WBGene00174969.,0,0,0
WBGene00174970.,0,0,0
WBGene00174971.,0,19,19
WBGene00174972.,0,1,1
WBGene00174973.,0,0,0
WBGene00174974.,0,0,0
WBGene00174975.,0,0,0
WBGene00174976.,0,0,0
WBGene00174977.,0,0,0
WBGene00174978.,0,0,0
WBGene00174979.,0,0,0
WBGene00174980.,0,0,0
WBGene00174981.,0,0,0
WBGene00174982.,0,3,3
WBGene00174983.,0,1,1
WBGene00174984.,0,0,0
WBGene00174985.,0,0,0
WBGene00174986.,0,0,0
WBGene00174987.,0,0,0
WBGene00174988.,0,2,2
WBGene00174989.,0,0,0
WBGene00174990.,0,0,0
WBGene00174991.,0,0,0
WBGene00174992.,0,0,0
WBGene00174993.,0,0,0
WBGene00174994.,0,0,0
WBGene00174995.,0,0,0
WBGene00174996.,0,0,0
WBGene00174997.,0,0,0
WBGene00174998.,0,0,0
WBGene00174999.,0,0,0
WBGene00175000.,0,0,0
WBGene00175001.,0,0,0
WBGene00175002.,0,0,0
WBGene00175003.,0,0,0
WBGene00175004.,0,0,0
WBGene00175005.,0,3,3
WBGene00175006.,0,3,3
WBGene00175007.,0,0,0
WBGene00175008.,0,0,0
WBGene00175009.,0,0,0
WBGene00175010.,0,0,0
WBGene00175011.,0,0,0
WBGene00175012.,0,0,0
WBGene00175013.,0,0,0
WBGene00175014.,0,0,0
WBGene00175015.,0,0,0
WBGene00175016.,0,0,0
WBGene00175017.,0,0,0
WBGene00175018.,0,0,0
WBGene00175019.,0,0,0
WBGene00175020.,0,0,0
WBGene00175021.,0,0,0
WBGene00175022.,0,0,0
WBGene00175023.,0,0,0
WBGene00175024.,0,0,0
WBGene00175025.,0,1,1
WBGene00175027.,58,165,223
WBGene00175028.,0,0,0
WBGene00175029.,93,339,432
WBGene00175030.,13,1050,1063
WBGene00175031.,7,4,11
WBGene00175034.,35,311,346
WBGene00175035.,55,510,565
WBGene00175036.,0,29,29
WBGene00184956.,2,14,16
WBGene00184990.,12,191,203
WBGene00185001.,133,1575,1708
WBGene00185002.,43,104,147
WBGene00185005.,11,525,536
WBGene00185006.,5,6,11
WBGene00185014.,113,494,607
WBGene00185048.,176,2234,2410
WBGene00185055.,1,4,5
WBGene00185067.,0,4,4
WBGene00185076.,139,703,842
WBGene00185077.,0,34,34
WBGene00185078.,678,271,949
WBGene00185079.,143,1354,1497
WBGene00185086.,7,119,126
WBGene00185088.,16,391,407
WBGene00185089.,6,55,61
WBGene00185092.,3,2,5
WBGene00185093.,1,1,2
WBGene00185095.,0,15,15
WBGene00185096.,0,0,0
WBGene00185097.,0,1,1
WBGene00185098.,52,441,493
WBGene00185100.,3,5,8
WBGene00185101.,10,2,12
WBGene00185102.,58,760,818
WBGene00185116.,0,2,2
WBGene00185117.,16,95,111
WBGene00185118.,892,2686,3578
WBGene00185119.,2,0,2
WBGene00189930.,2,0,2
WBGene00189931.,0,0,0
WBGene00189932.,0,0,0
WBGene00189933.,9,17,26
WBGene00189937.,0,7,7
WBGene00189943.,1,0,1
WBGene00189944.,26,61,87
WBGene00189946.,1,0,1
WBGene00189947.,0,0,0
WBGene00189948.,0,11,11
WBGene00189949.,24,17,41
WBGene00189950.,6,0,6
WBGene00189951.,53,325,378
WBGene00189952.,19,131,150
WBGene00189953.,0,2,2
WBGene00189954.,0,4,4
WBGene00189955.,0,0,0
WBGene00189956.,25,11,36
WBGene00189957.,21,27,48
WBGene00189958.,36,1506,1542
WBGene00189961.,7,9,16
WBGene00189964.,0,0,0
WBGene00189966.,0,0,0
WBGene00189967.,0,0,0
WBGene00189968.,0,0,0
WBGene00189969.,0,0,0
WBGene00189970.,0,0,0
WBGene00189971.,0,0,0
WBGene00189972.,0,0,0
WBGene00189973.,0,0,0
WBGene00189974.,0,0,0
WBGene00189975.,0,0,0
WBGene00189976.,0,0,0
WBGene00189977.,0,0,0
WBGene00189978.,0,0,0
WBGene00189979.,0,0,0
WBGene00189980.,0,0,0
WBGene00189981.,0,0,0
WBGene00189982.,0,0,0
WBGene00189983.,0,0,0
WBGene00189984.,0,0,0
WBGene00189985.,0,0,0
WBGene00189986.,0,0,0
WBGene00189987.,6,7,13
WBGene00189993.,1,7,8
WBGene00189995.,0,0,0
WBGene00194641.,296,2377,2673
WBGene00194642.,218,1049,1267
WBGene00194643.,56,39,95
WBGene00194644.,44,122,166
WBGene00194645.,0,0,0
WBGene00194646.,0,1,1
WBGene00194647.,5,3,8
WBGene00194649.,4,60,64
WBGene00194650.,10,18,28
WBGene00194651.,120,1099,1219
WBGene00194652.,13,9,22
WBGene00194653.,1,2,3
WBGene00194654.,3,0,3
WBGene00194656.,0,2,2
WBGene00194657.,69,465,534
WBGene00194658.,49,407,456
WBGene00194659.,17,84,101
WBGene00194660.,0,35,35
WBGene00194661.,7,17,24
WBGene00194663.,1,13,14
WBGene00194664.,9,83,92
WBGene00194665.,36,22,58
WBGene00194666.,0,0,0
WBGene00194667.,349,211,560
WBGene00194668.,0,0,0
WBGene00194669.,11,12,23
WBGene00194670.,1,2,3
WBGene00194672.,0,9,9
WBGene00194673.,2,1,3
WBGene00194674.,2,27,29
WBGene00194675.,0,4,4
WBGene00194676.,9,19,28
WBGene00194677.,10,9,19
WBGene00194678.,0,1,1
WBGene00194679.,15,240,255
WBGene00194680.,44,1349,1393
WBGene00194681.,238,2713,2951
WBGene00194682.,9,40,49
WBGene00194683.,52,600,652
WBGene00194684.,2,3,5
WBGene00194686.,2,0,2
WBGene00194687.,1,1,2
WBGene00194689.,25,323,348
WBGene00194690.,15,25,40
WBGene00194691.,12,12,24
WBGene00194692.,183,3143,3326
WBGene00194695.,0,0,0
WBGene00194696.,1,0,1
WBGene00194697.,15,84,99
WBGene00194698.,0,0,0
WBGene00194699.,0,10,10
WBGene00194700.,4,15,19
WBGene00194701.,2,1,3
WBGene00194702.,12,4,16
WBGene00194703.,0,14,14
WBGene00194704.,0,0,0
WBGene00194706.,47,516,563
WBGene00194707.,36,1210,1246
WBGene00194708.,0,7,7
WBGene00194710.,179,963,1142
WBGene00194711.,2,1,3
WBGene00194712.,44,71,115
WBGene00194713.,0,58,58
WBGene00194714.,0,0,0
WBGene00194715.,1,1,2
WBGene00194716.,0,36,36
WBGene00194717.,1,0,1
WBGene00194725.,0,15,15
WBGene00194726.,5,13,18
WBGene00194727.,7,9,16
WBGene00194729.,13,100,113
WBGene00194730.,10,0,10
WBGene00194731.,48,121,169
WBGene00194733.,0,0,0
WBGene00194734.,0,0,0
WBGene00194735.,3,3,6
WBGene00194737.,19,5,24
WBGene00194738.,0,1,1
WBGene00194742.,6,103,109
WBGene00194744.,0,7,7
WBGene00194746.,2,3,5
WBGene00194747.,109,1945,2054
WBGene00194748.,0,423,423
WBGene00194759.,0,0,0
WBGene00194768.,0,4,4
WBGene00194769.,16,10,26
WBGene00194771.,3,0,3
WBGene00194780.,0,0,0
WBGene00194783.,1,0,1
WBGene00194784.,2,4,6
WBGene00194785.,5,5,10
WBGene00194786.,16,0,16
WBGene00194787.,0,1,1
WBGene00194788.,0,1,1
WBGene00194792.,3,10,13
WBGene00194793.,9,13,22
WBGene00194794.,0,27,27
WBGene00194795.,2,22,24
WBGene00194799.,0,0,0
WBGene00194800.,0,4,4
WBGene00194801.,0,1,1
WBGene00194802.,0,0,0
WBGene00194803.,1,12,13
WBGene00194804.,0,0,0
WBGene00194805.,0,0,0
WBGene00194806.,0,1,1
WBGene00194807.,0,7,7
WBGene00194808.,0,0,0
WBGene00194809.,0,0,0
WBGene00194810.,0,8,8
WBGene00194811.,0,1,1
WBGene00194812.,0,80,80
WBGene00194814.,20,375,395
WBGene00194815.,15,12,27
WBGene00194816.,4,18,22
WBGene00194821.,2,2,4
WBGene00194822.,0,0,0
WBGene00194823.,0,0,0
WBGene00194824.,0,0,0
WBGene00194825.,0,0,0
WBGene00194826.,0,0,0
WBGene00194827.,0,6,6
WBGene00194828.,0,0,0
WBGene00194829.,0,0,0
WBGene00194830.,0,0,0
WBGene00194831.,0,0,0
WBGene00194832.,2,71,73
WBGene00194833.,0,3,3
WBGene00194834.,0,0,0
WBGene00194835.,8,9,17
WBGene00194836.,1174,333,1507
WBGene00194839.,0,1,1
WBGene00194840.,0,0,0
WBGene00194841.,0,1,1
WBGene00194842.,14,1,15
WBGene00194843.,5,4,9
WBGene00194844.,1,4,5
WBGene00194847.,1,2,3
WBGene00194848.,5,4,9
WBGene00194849.,18,32,50
WBGene00194850.,2,2,4
WBGene00194851.,0,0,0
WBGene00194852.,10,63,73
WBGene00194853.,3,3,6
WBGene00194854.,4,0,4
WBGene00194855.,16,105,121
WBGene00194856.,523,265,788
WBGene00194861.,6,12,18
WBGene00194864.,0,1,1
WBGene00194865.,4,2,6
WBGene00194866.,48,84,132
WBGene00194867.,0,3,3
WBGene00194868.,27,6,33
WBGene00194869.,0,1179,1179
WBGene00194870.,19,35,54
WBGene00194871.,4,0,4
WBGene00194883.,97,2052,2149
WBGene00194884.,5,1,6
WBGene00194885.,0,0,0
WBGene00194886.,3,29,32
WBGene00194888.,0,6,6
WBGene00194890.,26,0,26
WBGene00194891.,1,4,5
WBGene00194892.,29,135,164
WBGene00194894.,1,1,2
WBGene00194895.,6,335,341
WBGene00194896.,237,3,240
WBGene00194898.,1,0,1
WBGene00194902.,8,4,12
WBGene00194905.,74,360,434
WBGene00194906.,8,15,23
WBGene00194907.,0,4,4
WBGene00194908.,125,569,694
WBGene00194909.,44,360,404
WBGene00194910.,74,111,185
WBGene00194912.,1,5,6
WBGene00194913.,167,185,352
WBGene00194914.,0,3,3
WBGene00194915.,35,475,510
WBGene00194916.,4,47,51
WBGene00194917.,5,45,50
WBGene00194918.,3,5,8
WBGene00194919.,8,28,36
WBGene00194920.,2,0,2
WBGene00194921.,72,577,649
WBGene00194922.,0,9,9
WBGene00194923.,0,0,0
WBGene00194924.,0,1,1
WBGene00194925.,0,0,0
WBGene00194926.,18,168,186
WBGene00194927.,0,0,0
WBGene00194928.,24,178,202
WBGene00194929.,0,7,7
WBGene00194930.,0,0,0
WBGene00194931.,0,0,0
WBGene00194932.,0,2,2
WBGene00194933.,0,2,2
WBGene00194934.,9,190,199
WBGene00194935.,0,0,0
WBGene00194939.,1,2,3
WBGene00194940.,1,8,9
WBGene00194945.,1,0,1
WBGene00194951.,0,0,0
WBGene00194952.,1,12,13
WBGene00194955.,123,84,207
WBGene00194957.,0,11,11
WBGene00194981.,7,0,7
WBGene00194982.,63,834,897
WBGene00194983.,1,0,1
WBGene00194984.,0,0,0
WBGene00194985.,0,1,1
WBGene00194986.,0,0,0
WBGene00194987.,0,0,0
WBGene00194988.,0,0,0
WBGene00194989.,0,0,0
WBGene00194990.,0,0,0
WBGene00194991.,0,0,0
WBGene00194992.,0,34,34
WBGene00194993.,0,32,32
WBGene00194994.,0,1,1
WBGene00194995.,0,0,0
WBGene00194996.,0,0,0
WBGene00194997.,0,3,3
WBGene00194998.,7,108,115
WBGene00194999.,0,0,0
WBGene00195000.,0,54,54
WBGene00195001.,0,0,0
WBGene00195002.,0,0,0
WBGene00195003.,0,8,8
WBGene00195004.,38,190,228
WBGene00195005.,0,332,332
WBGene00195006.,5,8,13
WBGene00195007.,0,0,0
WBGene00195008.,0,0,0
WBGene00195009.,4,1,5
WBGene00195010.,0,1,1
WBGene00195011.,53,124,177
WBGene00195012.,16,3,19
WBGene00195016.,0,27,27
WBGene00195017.,0,34,34
WBGene00195018.,0,0,0
WBGene00195019.,0,0,0
WBGene00195020.,0,0,0
WBGene00195021.,0,1,1
WBGene00195022.,0,0,0
WBGene00195023.,0,0,0
WBGene00195024.,0,0,0
WBGene00195025.,0,0,0
WBGene00195026.,0,0,0
WBGene00195027.,0,0,0
WBGene00195028.,0,0,0
WBGene00195029.,0,0,0
WBGene00195030.,0,0,0
WBGene00195031.,0,0,0
WBGene00195032.,0,0,0
WBGene00195033.,0,0,0
WBGene00195034.,0,0,0
WBGene00195035.,0,0,0
WBGene00195036.,0,0,0
WBGene00195037.,0,0,0
WBGene00195038.,0,0,0
WBGene00195039.,0,0,0
WBGene00195040.,0,11,11
WBGene00195043.,0,469,469
WBGene00195045.,3,12,15
WBGene00195046.,25,12,37
WBGene00195048.,2,3,5
WBGene00195049.,25,30,55
WBGene00195050.,8,107,115
WBGene00195051.,0,266,266
WBGene00195056.,156,1903,2059
WBGene00195057.,3,4,7
WBGene00195058.,18,1,19
WBGene00195060.,169,2830,2999
WBGene00195061.,1,0,1
WBGene00195063.,84,2071,2155
WBGene00195064.,30,1,31
WBGene00195065.,0,2,2
WBGene00195067.,18,46,64
WBGene00195068.,48,208,256
WBGene00195069.,3,17,20
WBGene00195070.,0,11,11
WBGene00195071.,0,9,9
WBGene00195072.,0,1,1
WBGene00195073.,296,1479,1775
WBGene00195077.,1,1,2
WBGene00195081.,2,33,35
WBGene00195084.,105,625,730
WBGene00195086.,13,584,597
WBGene00195093.,83,1710,1793
WBGene00195117.,1,2,3
WBGene00195142.,0,739,739
WBGene00195143.,249,511,760
WBGene00195144.,9,229,238
WBGene00195145.,47,89,136
WBGene00195146.,0,631,631
WBGene00195147.,19,25,44
WBGene00195148.,22,10,32
WBGene00195149.,3,2,5
WBGene00195150.,0,3,3
WBGene00195151.,0,3,3
WBGene00195154.,2,2,4
WBGene00195155.,2,10,12
WBGene00195157.,9,8,17
WBGene00195158.,0,0,0
WBGene00195159.,0,31,31
WBGene00195160.,0,0,0
WBGene00195164.,0,19,19
WBGene00195165.,2,0,2
WBGene00195166.,33,1196,1229
WBGene00195168.,0,1,1
WBGene00195169.,15,60,75
WBGene00195170.,4,19,23
WBGene00195171.,1,0,1
WBGene00195172.,1,0,1
WBGene00195174.,6,4,10
WBGene00195175.,0,1170,1170
WBGene00195176.,4,8,12
WBGene00195177.,0,2,2
WBGene00195178.,2,7,9
WBGene00195179.,2,2,4
WBGene00195180.,10,65,75
WBGene00195181.,0,0,0
WBGene00195182.,8,11,19
WBGene00195183.,8,32,40
WBGene00195184.,5,41,46
WBGene00195185.,1159,1419,2578
WBGene00195186.,33,319,352
WBGene00195188.,1,3,4
WBGene00195189.,16,165,181
WBGene00195192.,96,211,307
WBGene00195208.,2,38,40
WBGene00195209.,0,67,67
WBGene00195210.,8,52,60
WBGene00195211.,6,2,8
WBGene00195212.,28,84,112
WBGene00195213.,0,2,2
WBGene00195214.,0,0,0
WBGene00195215.,2,0,2
WBGene00195226.,3,13,16
WBGene00195227.,0,1,1
WBGene00195228.,0,1,1
WBGene00195229.,5,0,5
WBGene00195230.,0,0,0
WBGene00195231.,0,0,0
WBGene00195232.,2,2,4
WBGene00195233.,314,4292,4606
WBGene00195234.,7,2,9
WBGene00195235.,0,0,0
WBGene00195236.,0,0,0
WBGene00195237.,0,0,0
WBGene00195238.,0,1,1
WBGene00195239.,87,1045,1132
WBGene00195240.,0,2,2
WBGene00195241.,0,0,0
WBGene00195242.,1,0,1
WBGene00195243.,0,17,17
WBGene00195244.,1,12,13
WBGene00195245.,0,102,102
WBGene00195246.,16,56,72
WBGene00195247.,0,0,0
WBGene00195248.,38,66,104
WBGene00195250.,1,3,4
WBGene00195252.,23,3,26
WBGene00195253.,29,310,339
WBGene00195254.,0,0,0
WBGene00195255.,23,60,83
WBGene00195256.,5,2,7
WBGene00195257.,180,296,476
WBGene00195258.,0,1,1
WBGene00195259.,0,0,0
WBGene00195260.,0,0,0
WBGene00195261.,0,0,0
WBGene00195262.,0,1,1
WBGene00195263.,0,2,2
WBGene00195264.,0,0,0
WBGene00195265.,0,3,3
WBGene00195266.,0,3,3
WBGene00195267.,0,0,0
WBGene00195268.,0,3,3
WBGene00195269.,0,2,2
WBGene00195270.,0,2,2
WBGene00195271.,0,0,0
WBGene00195272.,0,0,0
WBGene00195273.,0,0,0
WBGene00195274.,0,0,0
WBGene00195275.,0,1,1
WBGene00195276.,0,0,0
WBGene00195277.,0,0,0
WBGene00195278.,0,0,0
WBGene00195279.,0,0,0
WBGene00195280.,0,0,0
WBGene00195281.,0,0,0
WBGene00195282.,0,0,0
WBGene00195283.,0,0,0
WBGene00195284.,0,0,0
WBGene00195285.,0,0,0
WBGene00195286.,0,2,2
WBGene00195287.,0,0,0
WBGene00195288.,0,0,0
WBGene00195289.,0,0,0
WBGene00195290.,0,0,0
WBGene00195291.,0,0,0
WBGene00195292.,0,0,0
WBGene00195293.,0,0,0
WBGene00195294.,0,1,1
WBGene00195295.,0,8,8
WBGene00195296.,0,0,0
WBGene00195297.,0,0,0
WBGene00195298.,0,0,0
WBGene00195299.,0,1,1
WBGene00195300.,0,2,2
WBGene00195301.,0,0,0
WBGene00195302.,0,0,0
WBGene00195303.,0,0,0
WBGene00195304.,0,1,1
WBGene00195305.,0,0,0
WBGene00195306.,0,1,1
WBGene00195307.,0,0,0
WBGene00195308.,0,7,7
WBGene00195309.,0,2,2
WBGene00195310.,0,0,0
WBGene00195311.,0,0,0
WBGene00195312.,0,0,0
WBGene00195313.,0,0,0
WBGene00195314.,0,0,0
WBGene00195315.,0,1,1
WBGene00195316.,0,0,0
WBGene00195317.,0,1,1
WBGene00195318.,0,0,0
WBGene00195319.,0,0,0
WBGene00195320.,0,0,0
WBGene00195321.,0,0,0
WBGene00195322.,0,0,0
WBGene00195323.,0,0,0
WBGene00195324.,0,1,1
WBGene00195325.,0,12,12
WBGene00195326.,0,1,1
WBGene00195327.,0,1,1
WBGene00195328.,0,2,2
WBGene00195329.,0,0,0
WBGene00195330.,0,56,56
WBGene00195331.,0,8,8
WBGene00195332.,0,0,0
WBGene00195333.,0,5,5
WBGene00195334.,0,0,0
WBGene00195335.,0,0,0
WBGene00195336.,0,0,0
WBGene00195337.,0,0,0
WBGene00195338.,0,0,0
WBGene00195339.,0,0,0
WBGene00195340.,0,0,0
WBGene00195341.,0,0,0
WBGene00195342.,0,3,3
WBGene00195343.,0,0,0
WBGene00195344.,0,0,0
WBGene00195345.,0,0,0
WBGene00195346.,0,0,0
WBGene00195347.,0,4,4
WBGene00195348.,0,0,0
WBGene00195349.,0,0,0
WBGene00195350.,0,0,0
WBGene00195351.,0,10,10
WBGene00195352.,0,1,1
WBGene00195353.,0,0,0
WBGene00195354.,0,7,7
WBGene00195355.,0,0,0
WBGene00195356.,0,102,102
WBGene00195357.,0,0,0
WBGene00195358.,0,0,0
WBGene00195359.,0,9,9
WBGene00195360.,0,3,3
WBGene00195361.,0,0,0
WBGene00195362.,0,0,0
WBGene00195363.,0,51,51
WBGene00195364.,0,1,1
WBGene00195365.,0,0,0
WBGene00195366.,0,30,30
WBGene00195367.,0,0,0
WBGene00195368.,0,0,0
WBGene00195369.,0,1,1
WBGene00195370.,0,13,13
WBGene00195371.,0,1,1
WBGene00195372.,0,2,2
WBGene00195373.,0,0,0
WBGene00195374.,0,2,2
WBGene00195375.,0,0,0
WBGene00195376.,0,0,0
WBGene00195377.,0,0,0
WBGene00195378.,0,1,1
WBGene00195379.,0,0,0
WBGene00195380.,0,0,0
WBGene00195381.,0,0,0
WBGene00195382.,0,5,5
WBGene00195383.,0,0,0
WBGene00195384.,0,1,1
WBGene00195385.,0,1,1
WBGene00195386.,0,3,3
WBGene00195387.,0,0,0
WBGene00195388.,0,0,0
WBGene00195389.,0,1,1
WBGene00195390.,0,2,2
WBGene00195391.,0,1,1
WBGene00195392.,0,1,1
WBGene00195393.,0,0,0
WBGene00195394.,0,1,1
WBGene00195395.,0,0,0
WBGene00195396.,0,3,3
WBGene00195397.,0,0,0
WBGene00195398.,0,2,2
WBGene00195399.,0,1,1
WBGene00195400.,0,1,1
WBGene00195401.,0,1,1
WBGene00195402.,0,3,3
WBGene00195403.,0,0,0
WBGene00195404.,0,0,0
WBGene00195405.,0,20,20
WBGene00195406.,0,3,3
WBGene00195407.,0,0,0
WBGene00195408.,0,0,0
WBGene00195409.,0,0,0
WBGene00195410.,0,0,0
WBGene00195411.,0,0,0
WBGene00195412.,0,1,1
WBGene00195413.,0,1,1
WBGene00195414.,0,16,16
WBGene00195415.,0,0,0
WBGene00195416.,0,11,11
WBGene00195417.,0,2,2
WBGene00195418.,0,0,0
WBGene00195419.,0,1,1
WBGene00195420.,0,0,0
WBGene00195421.,0,4,4
WBGene00195422.,0,0,0
WBGene00195423.,0,0,0
WBGene00195424.,0,7,7
WBGene00195425.,0,0,0
WBGene00195426.,0,9,9
WBGene00195427.,0,3,3
WBGene00195428.,0,1,1
WBGene00195429.,0,2,2
WBGene00195430.,0,0,0
WBGene00195431.,0,0,0
WBGene00195432.,0,1,1
WBGene00195433.,0,0,0
WBGene00195434.,0,0,0
WBGene00195435.,0,0,0
WBGene00195436.,0,65,65
WBGene00195437.,0,0,0
WBGene00195438.,0,4,4
WBGene00195439.,0,0,0
WBGene00195440.,0,0,0
WBGene00195441.,0,7,7
WBGene00195442.,0,5,5
WBGene00195443.,0,0,0
WBGene00195444.,0,1,1
WBGene00195445.,0,0,0
WBGene00195446.,0,0,0
WBGene00195447.,0,2,2
WBGene00195448.,0,0,0
WBGene00195449.,0,0,0
WBGene00195450.,0,1,1
WBGene00195451.,0,0,0
WBGene00195452.,0,1,1
WBGene00195453.,0,9,9
WBGene00195454.,0,23,23
WBGene00195455.,0,0,0
WBGene00195456.,0,12,12
WBGene00195457.,0,0,0
WBGene00195458.,0,0,0
WBGene00195459.,0,0,0
WBGene00195460.,0,0,0
WBGene00195461.,0,0,0
WBGene00195462.,0,0,0
WBGene00195463.,0,0,0
WBGene00195464.,0,1,1
WBGene00195465.,0,0,0
WBGene00195466.,0,0,0
WBGene00195467.,0,0,0
WBGene00195468.,0,1,1
WBGene00195469.,0,0,0
WBGene00195470.,0,0,0
WBGene00195471.,0,2,2
WBGene00195472.,0,1,1
WBGene00195473.,0,0,0
WBGene00195474.,0,1,1
WBGene00195475.,0,0,0
WBGene00195476.,0,1,1
WBGene00195477.,0,0,0
WBGene00195478.,0,0,0
WBGene00195479.,0,2,2
WBGene00195480.,0,1,1
WBGene00195481.,0,0,0
WBGene00195482.,0,0,0
WBGene00195483.,0,1,1
WBGene00195484.,0,12,12
WBGene00195485.,0,4,4
WBGene00195486.,0,3,3
WBGene00195487.,0,1,1
WBGene00195488.,0,0,0
WBGene00195489.,0,0,0
WBGene00195490.,0,2,2
WBGene00195491.,0,0,0
WBGene00195492.,0,0,0
WBGene00195493.,0,2,2
WBGene00195494.,0,6,6
WBGene00195495.,0,4,4
WBGene00195496.,0,0,0
WBGene00195497.,0,4,4
WBGene00195498.,0,0,0
WBGene00195499.,0,1,1
WBGene00195500.,0,1,1
WBGene00195501.,0,4,4
WBGene00195502.,0,0,0
WBGene00195503.,0,0,0
WBGene00195504.,0,1,1
WBGene00195505.,0,0,0
WBGene00195506.,0,0,0
WBGene00195507.,0,0,0
WBGene00195508.,0,0,0
WBGene00195509.,0,3,3
WBGene00195510.,0,1,1
WBGene00195511.,0,4,4
WBGene00195512.,0,3,3
WBGene00195513.,0,0,0
WBGene00195514.,0,0,0
WBGene00195515.,0,0,0
WBGene00195516.,0,0,0
WBGene00195517.,0,2,2
WBGene00195518.,0,1,1
WBGene00195519.,0,0,0
WBGene00195520.,0,4,4
WBGene00195521.,0,3,3
WBGene00195522.,0,0,0
WBGene00195523.,0,0,0
WBGene00195524.,0,2,2
WBGene00195525.,0,5,5
WBGene00195526.,0,1,1
WBGene00195527.,0,1,1
WBGene00195528.,0,1,1
WBGene00195529.,0,1,1
WBGene00195530.,0,0,0
WBGene00195531.,0,0,0
WBGene00195532.,0,0,0
WBGene00195533.,0,0,0
WBGene00195534.,0,0,0
WBGene00195535.,0,0,0
WBGene00195536.,0,0,0
WBGene00195537.,0,0,0
WBGene00195538.,0,0,0
WBGene00195539.,0,0,0
WBGene00195540.,0,0,0
WBGene00195541.,0,2,2
WBGene00195542.,0,75,75
WBGene00195543.,0,3,3
WBGene00195544.,0,0,0
WBGene00195545.,0,0,0
WBGene00195546.,0,0,0
WBGene00195547.,0,2,2
WBGene00195548.,0,0,0
WBGene00195549.,0,0,0
WBGene00195550.,0,4,4
WBGene00195551.,0,1,1
WBGene00195552.,0,11,11
WBGene00195553.,0,0,0
WBGene00195554.,0,0,0
WBGene00195555.,0,0,0
WBGene00195556.,0,0,0
WBGene00195557.,0,0,0
WBGene00195558.,0,0,0
WBGene00195559.,0,15,15
WBGene00195560.,0,3,3
WBGene00195561.,0,1,1
WBGene00195562.,0,8,8
WBGene00195563.,0,4,4
WBGene00195564.,0,5,5
WBGene00195565.,0,0,0
WBGene00195566.,0,2,2
WBGene00195567.,0,0,0
WBGene00195568.,0,3,3
WBGene00195569.,0,0,0
WBGene00195570.,0,5,5
WBGene00195571.,0,0,0
WBGene00195572.,0,2,2
WBGene00195573.,0,0,0
WBGene00195574.,0,0,0
WBGene00195575.,0,0,0
WBGene00195576.,0,0,0
WBGene00195577.,0,1,1
WBGene00195578.,0,2,2
WBGene00195579.,0,0,0
WBGene00195580.,0,1,1
WBGene00195581.,0,0,0
WBGene00195582.,0,0,0
WBGene00195583.,0,0,0
WBGene00195584.,0,0,0
WBGene00195585.,0,1,1
WBGene00195586.,0,20,20
WBGene00195587.,0,0,0
WBGene00195588.,0,14,14
WBGene00195589.,0,0,0
WBGene00195590.,0,9,9
WBGene00195591.,0,18,18
WBGene00195592.,0,0,0
WBGene00195593.,0,2,2
WBGene00195594.,0,0,0
WBGene00195595.,0,0,0
WBGene00195596.,0,5,5
WBGene00195597.,0,0,0
WBGene00195598.,0,1,1
WBGene00195599.,0,0,0
WBGene00195600.,0,0,0
WBGene00195601.,0,5,5
WBGene00195602.,0,0,0
WBGene00195603.,0,0,0
WBGene00195604.,0,0,0
WBGene00195605.,0,0,0
WBGene00195606.,0,3,3
WBGene00195607.,0,0,0
WBGene00195608.,0,0,0
WBGene00195609.,0,0,0
WBGene00195610.,0,0,0
WBGene00195611.,0,0,0
WBGene00195612.,0,0,0
WBGene00195613.,0,7,7
WBGene00195614.,0,0,0
WBGene00195615.,0,12,12
WBGene00195616.,0,24,24
WBGene00195617.,0,0,0
WBGene00195618.,0,2,2
WBGene00195619.,0,0,0
WBGene00195620.,0,0,0
WBGene00195621.,0,2,2
WBGene00195622.,0,0,0
WBGene00195623.,0,25,25
WBGene00195624.,0,0,0
WBGene00195625.,0,0,0
WBGene00195626.,0,0,0
WBGene00195627.,0,0,0
WBGene00195628.,0,2,2
WBGene00195629.,0,0,0
WBGene00195630.,0,0,0
WBGene00195631.,0,0,0
WBGene00195632.,0,1,1
WBGene00195633.,0,0,0
WBGene00195634.,0,0,0
WBGene00195635.,0,0,0
WBGene00195636.,0,5,5
WBGene00195637.,0,0,0
WBGene00195638.,0,0,0
WBGene00195639.,0,6,6
WBGene00195640.,0,0,0
WBGene00195641.,0,0,0
WBGene00195642.,0,1,1
WBGene00195643.,0,0,0
WBGene00195644.,0,0,0
WBGene00195645.,0,0,0
WBGene00195646.,0,0,0
WBGene00195647.,0,4,4
WBGene00195648.,0,9,9
WBGene00195649.,0,0,0
WBGene00195650.,0,1,1
WBGene00195651.,0,4,4
WBGene00195652.,0,0,0
WBGene00195653.,0,0,0
WBGene00195654.,0,1,1
WBGene00195655.,0,0,0
WBGene00195656.,0,27,27
WBGene00195657.,0,3,3
WBGene00195658.,0,0,0
WBGene00195659.,0,2,2
WBGene00195660.,0,0,0
WBGene00195661.,0,6,6
WBGene00195662.,0,2,2
WBGene00195663.,0,1,1
WBGene00195664.,0,0,0
WBGene00195665.,0,1,1
WBGene00195666.,0,2,2
WBGene00195667.,0,1,1
WBGene00195668.,0,0,0
WBGene00195669.,0,0,0
WBGene00195670.,0,1,1
WBGene00195671.,0,1,1
WBGene00195672.,0,0,0
WBGene00195673.,0,1,1
WBGene00195674.,0,1,1
WBGene00195675.,0,0,0
WBGene00195676.,0,0,0
WBGene00195677.,0,2,2
WBGene00195678.,0,0,0
WBGene00195679.,0,0,0
WBGene00195680.,0,0,0
WBGene00195681.,0,0,0
WBGene00195682.,0,0,0
WBGene00195683.,0,0,0
WBGene00195684.,0,0,0
WBGene00195685.,0,7,7
WBGene00195686.,0,0,0
WBGene00195687.,0,7,7
WBGene00195688.,0,0,0
WBGene00195689.,0,1,1
WBGene00195690.,0,0,0
WBGene00195691.,0,14,14
WBGene00195692.,0,0,0
WBGene00195693.,0,17,17
WBGene00195694.,0,4,4
WBGene00195695.,0,0,0
WBGene00195696.,0,0,0
WBGene00195697.,0,0,0
WBGene00195698.,0,0,0
WBGene00195699.,0,0,0
WBGene00195700.,0,3,3
WBGene00195701.,0,0,0
WBGene00195702.,0,0,0
WBGene00195703.,0,0,0
WBGene00195704.,0,1,1
WBGene00195705.,0,39,39
WBGene00195706.,0,0,0
WBGene00195707.,0,0,0
WBGene00195708.,0,4,4
WBGene00195709.,0,0,0
WBGene00195710.,0,0,0
WBGene00195711.,0,0,0
WBGene00195712.,0,1,1
WBGene00195713.,0,17,17
WBGene00195714.,0,0,0
WBGene00195715.,0,0,0
WBGene00195716.,0,16,16
WBGene00195717.,0,2,2
WBGene00195718.,0,5,5
WBGene00195719.,0,0,0
WBGene00195720.,0,11,11
WBGene00195721.,0,0,0
WBGene00195722.,0,8,8
WBGene00195723.,0,21,21
WBGene00195724.,0,1,1
WBGene00195725.,0,0,0
WBGene00195726.,0,0,0
WBGene00195727.,0,0,0
WBGene00195728.,0,351,351
WBGene00195729.,0,0,0
WBGene00195730.,0,0,0
WBGene00195731.,0,12,12
WBGene00195732.,0,0,0
WBGene00195733.,0,0,0
WBGene00195734.,0,0,0
WBGene00195735.,0,2,2
WBGene00195736.,0,0,0
WBGene00195737.,0,11,11
WBGene00195738.,0,0,0
WBGene00195739.,0,3,3
WBGene00195740.,0,4,4
WBGene00195741.,0,0,0
WBGene00195742.,0,0,0
WBGene00195743.,0,0,0
WBGene00195744.,0,26,26
WBGene00195745.,0,5,5
WBGene00195746.,0,0,0
WBGene00195747.,0,1,1
WBGene00195748.,0,0,0
WBGene00195749.,0,0,0
WBGene00195750.,0,0,0
WBGene00195751.,0,0,0
WBGene00195752.,0,11,11
WBGene00195753.,0,0,0
WBGene00195754.,0,3,3
WBGene00195755.,0,0,0
WBGene00195756.,0,0,0
WBGene00195757.,0,0,0
WBGene00195758.,0,0,0
WBGene00195759.,0,2,2
WBGene00195760.,0,0,0
WBGene00195761.,0,12,12
WBGene00195762.,0,6,6
WBGene00195763.,0,0,0
WBGene00195764.,0,0,0
WBGene00195765.,0,1,1
WBGene00195766.,0,0,0
WBGene00195767.,0,1,1
WBGene00195768.,0,0,0
WBGene00195769.,0,0,0
WBGene00195770.,0,0,0
WBGene00195771.,0,0,0
WBGene00195772.,0,0,0
WBGene00195773.,0,0,0
WBGene00195774.,0,0,0
WBGene00195775.,0,14,14
WBGene00195776.,0,1,1
WBGene00195777.,0,3,3
WBGene00195778.,0,0,0
WBGene00195779.,0,0,0
WBGene00195780.,0,1,1
WBGene00195781.,0,0,0
WBGene00195782.,0,7,7
WBGene00195783.,0,2,2
WBGene00195784.,0,26,26
WBGene00195785.,0,58,58
WBGene00195786.,0,2,2
WBGene00195787.,0,1,1
WBGene00195788.,0,0,0
WBGene00195789.,0,0,0
WBGene00195790.,0,0,0
WBGene00195791.,0,14,14
WBGene00195792.,0,1,1
WBGene00195793.,0,2,2
WBGene00195794.,0,0,0
WBGene00195795.,0,5,5
WBGene00195796.,0,0,0
WBGene00195797.,0,0,0
WBGene00195798.,0,0,0
WBGene00195799.,0,0,0
WBGene00195800.,0,0,0
WBGene00195801.,0,2,2
WBGene00195802.,0,1,1
WBGene00195803.,0,2,2
WBGene00195804.,0,2,2
WBGene00195805.,0,0,0
WBGene00195806.,0,0,0
WBGene00195807.,0,2,2
WBGene00195808.,0,4,4
WBGene00195809.,0,0,0
WBGene00195810.,0,0,0
WBGene00195811.,0,1,1
WBGene00195812.,0,0,0
WBGene00195813.,0,0,0
WBGene00195814.,0,16,16
WBGene00195815.,0,0,0
WBGene00195816.,0,0,0
WBGene00195817.,0,2,2
WBGene00195818.,0,0,0
WBGene00195819.,0,15,15
WBGene00195820.,0,0,0
WBGene00195821.,0,0,0
WBGene00195822.,0,1,1
WBGene00195823.,0,3,3
WBGene00195824.,0,1,1
WBGene00195825.,0,0,0
WBGene00195826.,0,43,43
WBGene00195827.,0,0,0
WBGene00195828.,0,0,0
WBGene00195829.,0,0,0
WBGene00195830.,0,0,0
WBGene00195831.,0,0,0
WBGene00195832.,0,0,0
WBGene00195833.,0,19,19
WBGene00195834.,0,1,1
WBGene00195835.,0,0,0
WBGene00195836.,0,0,0
WBGene00195837.,0,0,0
WBGene00195838.,0,0,0
WBGene00195839.,0,0,0
WBGene00195840.,0,14,14
WBGene00195841.,0,0,0
WBGene00195842.,0,1,1
WBGene00195843.,0,6,6
WBGene00195844.,0,0,0
WBGene00195845.,0,0,0
WBGene00195846.,0,2,2
WBGene00195847.,0,0,0
WBGene00195848.,0,0,0
WBGene00195849.,0,0,0
WBGene00195850.,0,1,1
WBGene00195851.,0,0,0
WBGene00195852.,0,0,0
WBGene00195853.,0,10,10
WBGene00195854.,0,0,0
WBGene00195855.,0,2,2
WBGene00195856.,0,0,0
WBGene00195857.,0,0,0
WBGene00195858.,0,0,0
WBGene00195859.,0,2,2
WBGene00195860.,0,0,0
WBGene00195861.,0,1,1
WBGene00195862.,0,2,2
WBGene00195863.,0,0,0
WBGene00195864.,0,1,1
WBGene00195865.,0,3,3
WBGene00195866.,0,0,0
WBGene00195867.,0,0,0
WBGene00195868.,0,7,7
WBGene00195869.,0,0,0
WBGene00195870.,0,0,0
WBGene00195871.,0,9,9
WBGene00195872.,0,0,0
WBGene00195873.,0,13,13
WBGene00195874.,0,0,0
WBGene00195875.,0,0,0
WBGene00195876.,0,0,0
WBGene00195877.,0,11,11
WBGene00195878.,0,0,0
WBGene00195879.,0,3,3
WBGene00195880.,0,0,0
WBGene00195881.,0,0,0
WBGene00195882.,0,49,49
WBGene00195883.,0,0,0
WBGene00195884.,0,2,2
WBGene00195885.,0,1,1
WBGene00195886.,0,0,0
WBGene00195887.,0,73,73
WBGene00195888.,0,0,0
WBGene00195889.,0,40,40
WBGene00195890.,0,2,2
WBGene00195891.,0,5,5
WBGene00195892.,0,0,0
WBGene00195893.,0,1,1
WBGene00195894.,0,0,0
WBGene00195895.,0,0,0
WBGene00195896.,0,9,9
WBGene00195897.,0,3,3
WBGene00195898.,0,3,3
WBGene00195899.,0,5,5
WBGene00195900.,0,12,12
WBGene00195901.,0,1,1
WBGene00195902.,0,0,0
WBGene00195903.,0,0,0
WBGene00195904.,0,0,0
WBGene00195905.,0,0,0
WBGene00195906.,0,0,0
WBGene00195907.,0,18,18
WBGene00195908.,0,0,0
WBGene00195909.,0,0,0
WBGene00195910.,0,41,41
WBGene00195911.,0,0,0
WBGene00195912.,0,0,0
WBGene00195913.,0,1,1
WBGene00195914.,0,5,5
WBGene00195915.,0,2,2
WBGene00195916.,0,0,0
WBGene00195917.,0,0,0
WBGene00195918.,0,0,0
WBGene00195919.,0,4,4
WBGene00195920.,0,0,0
WBGene00195921.,0,68,68
WBGene00195922.,0,0,0
WBGene00195923.,0,2,2
WBGene00195924.,0,0,0
WBGene00195925.,0,1,1
WBGene00195926.,0,2,2
WBGene00195927.,0,1,1
WBGene00195928.,0,0,0
WBGene00195929.,0,0,0
WBGene00195930.,0,2,2
WBGene00195931.,0,0,0
WBGene00195932.,0,0,0
WBGene00195933.,0,0,0
WBGene00195934.,0,0,0
WBGene00195935.,0,31,31
WBGene00195936.,0,0,0
WBGene00195937.,0,0,0
WBGene00195938.,0,0,0
WBGene00195939.,0,5,5
WBGene00195940.,0,2,2
WBGene00195941.,0,1,1
WBGene00195942.,0,0,0
WBGene00195943.,0,0,0
WBGene00195944.,0,0,0
WBGene00195945.,0,0,0
WBGene00195946.,0,1,1
WBGene00195947.,0,38,38
WBGene00195948.,0,0,0
WBGene00195949.,0,1,1
WBGene00195950.,0,0,0
WBGene00195951.,0,0,0
WBGene00195952.,0,2,2
WBGene00195953.,0,0,0
WBGene00195954.,0,1,1
WBGene00195955.,0,0,0
WBGene00195956.,0,0,0
WBGene00195957.,0,1,1
WBGene00195958.,0,0,0
WBGene00195959.,0,0,0
WBGene00195960.,0,0,0
WBGene00195961.,0,7,7
WBGene00195962.,0,0,0
WBGene00195963.,0,0,0
WBGene00195964.,0,0,0
WBGene00195965.,0,0,0
WBGene00195966.,0,0,0
WBGene00195967.,0,0,0
WBGene00195968.,0,0,0
WBGene00195969.,0,0,0
WBGene00195970.,0,4,4
WBGene00195971.,0,8,8
WBGene00195972.,0,0,0
WBGene00195973.,0,11,11
WBGene00195974.,0,1,1
WBGene00195975.,0,3,3
WBGene00195976.,0,1,1
WBGene00195977.,0,0,0
WBGene00195978.,0,0,0
WBGene00195979.,0,85,85
WBGene00195980.,0,1,1
WBGene00195981.,0,1,1
WBGene00195982.,0,1,1
WBGene00195983.,0,9,9
WBGene00195984.,0,0,0
WBGene00195985.,0,0,0
WBGene00195986.,0,0,0
WBGene00195987.,0,1,1
WBGene00195988.,0,1,1
WBGene00195989.,0,3,3
WBGene00195990.,0,30,30
WBGene00195991.,0,0,0
WBGene00195992.,0,18,18
WBGene00195993.,0,1,1
WBGene00195994.,0,0,0
WBGene00195995.,0,0,0
WBGene00195996.,0,0,0
WBGene00195997.,0,0,0
WBGene00195998.,0,0,0
WBGene00195999.,0,0,0
WBGene00196000.,0,0,0
WBGene00196001.,0,0,0
WBGene00196002.,0,1,1
WBGene00196003.,0,1,1
WBGene00196004.,0,1,1
WBGene00196005.,0,23,23
WBGene00196006.,0,0,0
WBGene00196007.,0,1,1
WBGene00196008.,0,0,0
WBGene00196009.,0,0,0
WBGene00196010.,0,0,0
WBGene00196011.,0,0,0
WBGene00196012.,0,0,0
WBGene00196013.,0,13,13
WBGene00196014.,0,0,0
WBGene00196015.,0,0,0
WBGene00196016.,0,0,0
WBGene00196017.,0,0,0
WBGene00196018.,0,0,0
WBGene00196019.,0,0,0
WBGene00196020.,0,0,0
WBGene00196021.,0,7,7
WBGene00196022.,0,0,0
WBGene00196023.,0,3,3
WBGene00196024.,0,10,10
WBGene00196025.,0,3,3
WBGene00196026.,0,0,0
WBGene00196027.,0,0,0
WBGene00196028.,0,0,0
WBGene00196029.,0,1,1
WBGene00196030.,0,0,0
WBGene00196031.,0,1,1
WBGene00196032.,0,0,0
WBGene00196033.,0,0,0
WBGene00196034.,0,5,5
WBGene00196035.,0,0,0
WBGene00196036.,0,0,0
WBGene00196037.,0,0,0
WBGene00196038.,0,0,0
WBGene00196039.,0,0,0
WBGene00196040.,0,0,0
WBGene00196041.,0,1,1
WBGene00196042.,0,1,1
WBGene00196043.,0,0,0
WBGene00196044.,0,1,1
WBGene00196045.,0,4,4
WBGene00196046.,0,3,3
WBGene00196047.,0,0,0
WBGene00196048.,0,2,2
WBGene00196049.,0,1,1
WBGene00196050.,0,0,0
WBGene00196051.,0,2,2
WBGene00196052.,0,0,0
WBGene00196053.,0,1,1
WBGene00196054.,0,1,1
WBGene00196055.,0,0,0
WBGene00196056.,0,0,0
WBGene00196057.,0,4,4
WBGene00196058.,0,1,1
WBGene00196059.,0,0,0
WBGene00196060.,0,0,0
WBGene00196061.,0,1,1
WBGene00196062.,0,0,0
WBGene00196063.,0,1,1
WBGene00196064.,0,0,0
WBGene00196065.,0,0,0
WBGene00196066.,0,0,0
WBGene00196067.,0,0,0
WBGene00196068.,0,0,0
WBGene00196069.,0,10,10
WBGene00196070.,0,6,6
WBGene00196071.,0,8,8
WBGene00196072.,0,47,47
WBGene00196073.,0,0,0
WBGene00196074.,0,0,0
WBGene00196075.,0,0,0
WBGene00196076.,0,0,0
WBGene00196077.,0,9,9
WBGene00196078.,0,4,4
WBGene00196079.,0,0,0
WBGene00196080.,0,3,3
WBGene00196081.,0,2,2
WBGene00196082.,0,0,0
WBGene00196083.,0,0,0
WBGene00196084.,0,0,0
WBGene00196085.,0,0,0
WBGene00196086.,0,0,0
WBGene00196087.,0,0,0
WBGene00196088.,0,1,1
WBGene00196089.,0,2,2
WBGene00196090.,0,9,9
WBGene00196091.,0,14,14
WBGene00196092.,0,5,5
WBGene00196093.,0,2,2
WBGene00196094.,0,0,0
WBGene00196095.,0,0,0
WBGene00196096.,0,0,0
WBGene00196097.,0,0,0
WBGene00196098.,0,1,1
WBGene00196099.,0,1,1
WBGene00196100.,0,2,2
WBGene00196101.,0,0,0
WBGene00196102.,0,0,0
WBGene00196103.,0,5,5
WBGene00196104.,0,0,0
WBGene00196105.,0,1,1
WBGene00196106.,0,4,4
WBGene00196107.,0,0,0
WBGene00196108.,0,0,0
WBGene00196109.,0,1,1
WBGene00196110.,0,1,1
WBGene00196111.,0,1,1
WBGene00196112.,0,0,0
WBGene00196113.,0,5,5
WBGene00196114.,0,6,6
WBGene00196115.,0,0,0
WBGene00196116.,0,0,0
WBGene00196117.,0,7,7
WBGene00196118.,0,8,8
WBGene00196119.,0,2,2
WBGene00196120.,0,1,1
WBGene00196121.,0,0,0
WBGene00196122.,0,2,2
WBGene00196123.,0,8,8
WBGene00196124.,0,2,2
WBGene00196125.,0,1,1
WBGene00196126.,0,0,0
WBGene00196127.,0,0,0
WBGene00196128.,0,0,0
WBGene00196129.,0,0,0
WBGene00196130.,0,0,0
WBGene00196131.,0,0,0
WBGene00196132.,0,0,0
WBGene00196133.,0,0,0
WBGene00196134.,0,0,0
WBGene00196135.,0,0,0
WBGene00196136.,0,0,0
WBGene00196137.,0,1,1
WBGene00196138.,0,8,8
WBGene00196139.,0,0,0
WBGene00196140.,0,0,0
WBGene00196141.,0,3,3
WBGene00196142.,0,0,0
WBGene00196143.,0,0,0
WBGene00196144.,0,0,0
WBGene00196145.,0,0,0
WBGene00196146.,0,2,2
WBGene00196147.,0,3,3
WBGene00196148.,0,0,0
WBGene00196149.,0,4,4
WBGene00196150.,0,10,10
WBGene00196151.,0,0,0
WBGene00196152.,0,1,1
WBGene00196153.,0,0,0
WBGene00196154.,0,0,0
WBGene00196155.,0,3,3
WBGene00196156.,0,0,0
WBGene00196157.,0,0,0
WBGene00196158.,0,0,0
WBGene00196159.,0,3,3
WBGene00196160.,0,1,1
WBGene00196161.,0,0,0
WBGene00196162.,0,0,0
WBGene00196163.,0,0,0
WBGene00196164.,0,2,2
WBGene00196165.,0,0,0
WBGene00196166.,0,0,0
WBGene00196167.,0,0,0
WBGene00196168.,0,0,0
WBGene00196169.,0,0,0
WBGene00196170.,0,2,2
WBGene00196171.,0,0,0
WBGene00196172.,0,0,0
WBGene00196173.,0,0,0
WBGene00196174.,0,0,0
WBGene00196175.,0,0,0
WBGene00196176.,0,0,0
WBGene00196177.,0,0,0
WBGene00196178.,0,6,6
WBGene00196179.,0,0,0
WBGene00196180.,0,11,11
WBGene00196181.,0,7,7
WBGene00196182.,0,1,1
WBGene00196183.,0,0,0
WBGene00196184.,0,5,5
WBGene00196185.,0,1,1
WBGene00196186.,0,0,0
WBGene00196187.,0,0,0
WBGene00196188.,0,0,0
WBGene00196189.,0,4,4
WBGene00196190.,0,0,0
WBGene00196191.,0,0,0
WBGene00196192.,0,0,0
WBGene00196193.,0,1,1
WBGene00196194.,0,1,1
WBGene00196195.,0,0,0
WBGene00196196.,0,0,0
WBGene00196197.,0,0,0
WBGene00196198.,0,6,6
WBGene00196199.,0,0,0
WBGene00196200.,0,0,0
WBGene00196201.,0,4,4
WBGene00196202.,0,3,3
WBGene00196203.,0,0,0
WBGene00196204.,0,6,6
WBGene00196205.,0,0,0
WBGene00196206.,0,3,3
WBGene00196207.,0,0,0
WBGene00196208.,0,0,0
WBGene00196209.,0,0,0
WBGene00196210.,0,2,2
WBGene00196211.,0,1,1
WBGene00196212.,0,0,0
WBGene00196213.,0,0,0
WBGene00196214.,0,0,0
WBGene00196215.,0,0,0
WBGene00196216.,0,1,1
WBGene00196217.,0,0,0
WBGene00196218.,0,0,0
WBGene00196219.,0,9,9
WBGene00196220.,0,0,0
WBGene00196221.,0,0,0
WBGene00196222.,0,0,0
WBGene00196223.,0,16,16
WBGene00196224.,0,0,0
WBGene00196225.,0,3,3
WBGene00196226.,0,1,1
WBGene00196227.,0,1,1
WBGene00196228.,0,0,0
WBGene00196229.,0,0,0
WBGene00196230.,0,0,0
WBGene00196231.,0,2,2
WBGene00196232.,0,0,0
WBGene00196233.,0,0,0
WBGene00196234.,0,0,0
WBGene00196235.,0,8,8
WBGene00196236.,0,0,0
WBGene00196237.,0,9,9
WBGene00196238.,0,0,0
WBGene00196239.,0,3,3
WBGene00196240.,0,29,29
WBGene00196241.,0,0,0
WBGene00196242.,0,0,0
WBGene00196243.,0,0,0
WBGene00196244.,0,0,0
WBGene00196245.,0,0,0
WBGene00196246.,0,4,4
WBGene00196247.,0,0,0
WBGene00196248.,0,0,0
WBGene00196249.,0,0,0
WBGene00196250.,0,2,2
WBGene00196251.,0,0,0
WBGene00196252.,0,2,2
WBGene00196253.,0,0,0
WBGene00196254.,0,8,8
WBGene00196255.,0,0,0
WBGene00196256.,0,0,0
WBGene00196257.,0,117,117
WBGene00196258.,0,2,2
WBGene00196259.,0,1,1
WBGene00196260.,0,2,2
WBGene00196261.,0,0,0
WBGene00196262.,0,0,0
WBGene00196263.,0,2,2
WBGene00196264.,0,24,24
WBGene00196265.,0,0,0
WBGene00196266.,0,1,1
WBGene00196267.,0,1,1
WBGene00196268.,0,0,0
WBGene00196269.,0,0,0
WBGene00196270.,0,4,4
WBGene00196271.,0,1,1
WBGene00196272.,0,0,0
WBGene00196273.,0,0,0
WBGene00196274.,0,1,1
WBGene00196275.,0,2,2
WBGene00196276.,0,0,0
WBGene00196277.,0,1,1
WBGene00196278.,0,0,0
WBGene00196279.,0,3,3
WBGene00196280.,0,2,2
WBGene00196281.,0,0,0
WBGene00196282.,0,5,5
WBGene00196283.,0,0,0
WBGene00196284.,0,0,0
WBGene00196285.,0,11,11
WBGene00196286.,0,0,0
WBGene00196287.,0,0,0
WBGene00196288.,0,5,5
WBGene00196289.,0,6,6
WBGene00196290.,0,12,12
WBGene00196291.,0,0,0
WBGene00196292.,0,0,0
WBGene00196293.,0,0,0
WBGene00196294.,0,1,1
WBGene00196295.,0,1,1
WBGene00196296.,0,0,0
WBGene00196297.,0,0,0
WBGene00196298.,0,0,0
WBGene00196299.,0,0,0
WBGene00196300.,0,23,23
WBGene00196301.,0,2,2
WBGene00196302.,0,0,0
WBGene00196303.,0,8,8
WBGene00196304.,0,0,0
WBGene00196305.,0,5,5
WBGene00196306.,0,3,3
WBGene00196307.,0,24,24
WBGene00196308.,0,6,6
WBGene00196309.,0,0,0
WBGene00196310.,0,0,0
WBGene00196311.,0,0,0
WBGene00196312.,0,0,0
WBGene00196313.,0,0,0
WBGene00196314.,0,0,0
WBGene00196315.,0,11,11
WBGene00196316.,0,3,3
WBGene00196317.,0,0,0
WBGene00196318.,0,0,0
WBGene00196319.,0,1,1
WBGene00196320.,0,0,0
WBGene00196321.,0,0,0
WBGene00196322.,0,17,17
WBGene00196323.,0,0,0
WBGene00196324.,0,0,0
WBGene00196325.,0,0,0
WBGene00196326.,0,0,0
WBGene00196327.,0,1,1
WBGene00196328.,0,0,0
WBGene00196329.,0,1,1
WBGene00196330.,0,0,0
WBGene00196331.,0,2,2
WBGene00196332.,0,0,0
WBGene00196333.,0,1,1
WBGene00196334.,0,8,8
WBGene00196335.,0,2,2
WBGene00196336.,0,2,2
WBGene00196337.,0,0,0
WBGene00196338.,0,0,0
WBGene00196339.,0,0,0
WBGene00196340.,0,6,6
WBGene00196341.,0,0,0
WBGene00196342.,0,0,0
WBGene00196343.,0,0,0
WBGene00196344.,0,5,5
WBGene00196345.,0,0,0
WBGene00196346.,0,9,9
WBGene00196347.,0,1,1
WBGene00196348.,0,0,0
WBGene00196349.,0,0,0
WBGene00196350.,0,0,0
WBGene00196351.,0,0,0
WBGene00196352.,0,1,1
WBGene00196353.,0,1,1
WBGene00196354.,0,5,5
WBGene00196355.,0,1,1
WBGene00196356.,0,0,0
WBGene00196357.,0,0,0
WBGene00196358.,0,1,1
WBGene00196359.,0,0,0
WBGene00196360.,0,0,0
WBGene00196361.,0,1,1
WBGene00196362.,0,0,0
WBGene00196363.,0,0,0
WBGene00196364.,0,0,0
WBGene00196365.,0,0,0
WBGene00196366.,0,2,2
WBGene00196367.,0,0,0
WBGene00196368.,0,0,0
WBGene00196369.,0,0,0
WBGene00196370.,0,0,0
WBGene00196371.,0,0,0
WBGene00196372.,0,0,0
WBGene00196373.,0,0,0
WBGene00196374.,0,5,5
WBGene00196375.,0,0,0
WBGene00196376.,0,1,1
WBGene00196377.,0,1,1
WBGene00196378.,0,0,0
WBGene00196379.,0,0,0
WBGene00196380.,0,3,3
WBGene00196381.,0,0,0
WBGene00196382.,0,1,1
WBGene00196383.,0,0,0
WBGene00196384.,0,0,0
WBGene00196385.,0,0,0
WBGene00196386.,0,0,0
WBGene00196387.,0,0,0
WBGene00196388.,0,1,1
WBGene00196389.,0,0,0
WBGene00196390.,0,0,0
WBGene00196391.,0,0,0
WBGene00196392.,0,2,2
WBGene00196393.,0,2,2
WBGene00196394.,0,0,0
WBGene00196395.,0,0,0
WBGene00196396.,0,19446,19446
WBGene00196397.,0,0,0
WBGene00196398.,0,1,1
WBGene00196399.,0,0,0
WBGene00196400.,0,0,0
WBGene00196401.,0,0,0
WBGene00196402.,0,0,0
WBGene00196403.,0,1,1
WBGene00196404.,0,0,0
WBGene00196405.,0,1,1
WBGene00196406.,0,7,7
WBGene00196407.,0,0,0
WBGene00196408.,0,1,1
WBGene00196409.,0,4,4
WBGene00196410.,0,0,0
WBGene00196411.,0,0,0
WBGene00196412.,0,0,0
WBGene00196413.,0,0,0
WBGene00196414.,0,1,1
WBGene00196415.,0,0,0
WBGene00196416.,0,0,0
WBGene00196417.,0,1,1
WBGene00196418.,0,4,4
WBGene00196419.,0,1,1
WBGene00196420.,0,1,1
WBGene00196421.,0,6,6
WBGene00196422.,0,1,1
WBGene00196423.,0,3,3
WBGene00196424.,0,1,1
WBGene00196425.,0,2,2
WBGene00196426.,0,0,0
WBGene00196427.,0,1,1
WBGene00196428.,0,4,4
WBGene00196429.,0,2,2
WBGene00196430.,0,3,3
WBGene00196431.,0,3,3
WBGene00196432.,0,4,4
WBGene00196433.,0,0,0
WBGene00196434.,0,0,0
WBGene00196435.,0,0,0
WBGene00196436.,0,2,2
WBGene00196437.,0,3,3
WBGene00196438.,0,0,0
WBGene00196439.,0,0,0
WBGene00196440.,0,0,0
WBGene00196441.,0,1,1
WBGene00196442.,0,1,1
WBGene00196443.,0,5,5
WBGene00196444.,0,0,0
WBGene00196445.,0,0,0
WBGene00196446.,0,1,1
WBGene00196447.,0,1,1
WBGene00196448.,0,0,0
WBGene00196449.,0,1,1
WBGene00196450.,0,0,0
WBGene00196451.,0,0,0
WBGene00196452.,0,1,1
WBGene00196453.,0,9,9
WBGene00196454.,0,3,3
WBGene00196455.,0,0,0
WBGene00196456.,0,0,0
WBGene00196457.,0,3,3
WBGene00196458.,0,1,1
WBGene00196459.,0,0,0
WBGene00196460.,0,1,1
WBGene00196461.,0,3,3
WBGene00196462.,0,0,0
WBGene00196463.,0,0,0
WBGene00196464.,0,0,0
WBGene00196465.,0,3,3
WBGene00196466.,0,0,0
WBGene00196467.,0,0,0
WBGene00196468.,0,0,0
WBGene00196469.,0,0,0
WBGene00196470.,0,0,0
WBGene00196471.,0,1,1
WBGene00196472.,0,4,4
WBGene00196473.,0,0,0
WBGene00196474.,0,0,0
WBGene00196475.,0,0,0
WBGene00196476.,0,0,0
WBGene00196477.,0,1,1
WBGene00196478.,0,0,0
WBGene00196479.,0,0,0
WBGene00196480.,0,0,0
WBGene00196481.,0,0,0
WBGene00196482.,0,0,0
WBGene00196483.,0,0,0
WBGene00196484.,0,0,0
WBGene00196485.,0,0,0
WBGene00196486.,0,1,1
WBGene00196487.,0,0,0
WBGene00196488.,0,0,0
WBGene00196489.,0,2,2
WBGene00196490.,0,5,5
WBGene00196491.,0,0,0
WBGene00196492.,0,1,1
WBGene00196493.,0,0,0
WBGene00196494.,0,0,0
WBGene00196495.,0,1,1
WBGene00196496.,0,0,0
WBGene00196497.,0,0,0
WBGene00196498.,0,0,0
WBGene00196499.,0,0,0
WBGene00196500.,0,1,1
WBGene00196501.,0,0,0
WBGene00196502.,0,0,0
WBGene00196503.,0,0,0
WBGene00196504.,0,2,2
WBGene00196505.,0,3,3
WBGene00196506.,0,12,12
WBGene00196507.,0,1,1
WBGene00196508.,0,0,0
WBGene00196509.,0,6,6
WBGene00196510.,0,0,0
WBGene00196511.,0,1,1
WBGene00196512.,0,0,0
WBGene00196513.,0,0,0
WBGene00196514.,0,0,0
WBGene00196515.,0,0,0
WBGene00196516.,0,1,1
WBGene00196517.,0,5,5
WBGene00196518.,0,1,1
WBGene00196519.,0,0,0
WBGene00196520.,0,0,0
WBGene00196521.,0,3,3
WBGene00196522.,0,0,0
WBGene00196523.,0,2,2
WBGene00196524.,0,0,0
WBGene00196525.,0,0,0
WBGene00196526.,0,0,0
WBGene00196527.,0,0,0
WBGene00196528.,0,0,0
WBGene00196529.,0,0,0
WBGene00196530.,0,0,0
WBGene00196531.,0,0,0
WBGene00196532.,0,1,1
WBGene00196533.,0,0,0
WBGene00196534.,0,5,5
WBGene00196535.,0,0,0
WBGene00196536.,0,9,9
WBGene00196537.,0,6,6
WBGene00196538.,0,0,0
WBGene00196539.,0,0,0
WBGene00196540.,0,0,0
WBGene00196541.,0,0,0
WBGene00196542.,0,4,4
WBGene00196543.,0,0,0
WBGene00196544.,0,0,0
WBGene00196545.,0,3,3
WBGene00196546.,0,9,9
WBGene00196547.,0,2,2
WBGene00196548.,0,1,1
WBGene00196549.,0,0,0
WBGene00196550.,0,1,1
WBGene00196551.,0,0,0
WBGene00196552.,0,0,0
WBGene00196553.,0,0,0
WBGene00196554.,0,1,1
WBGene00196555.,0,0,0
WBGene00196556.,0,0,0
WBGene00196557.,0,0,0
WBGene00196558.,0,1,1
WBGene00196559.,0,0,0
WBGene00196560.,0,0,0
WBGene00196561.,0,0,0
WBGene00196562.,0,0,0
WBGene00196563.,0,18,18
WBGene00196564.,0,0,0
WBGene00196565.,0,5,5
WBGene00196566.,0,0,0
WBGene00196567.,0,1,1
WBGene00196568.,0,2,2
WBGene00196569.,0,0,0
WBGene00196570.,0,0,0
WBGene00196571.,0,1,1
WBGene00196572.,0,0,0
WBGene00196573.,0,0,0
WBGene00196574.,0,1,1
WBGene00196575.,0,4,4
WBGene00196576.,0,5,5
WBGene00196577.,0,2,2
WBGene00196578.,0,5,5
WBGene00196579.,0,1,1
WBGene00196580.,0,0,0
WBGene00196581.,0,0,0
WBGene00196582.,0,1,1
WBGene00196583.,0,1,1
WBGene00196584.,0,5,5
WBGene00196585.,0,0,0
WBGene00196586.,0,5,5
WBGene00196587.,0,0,0
WBGene00196588.,0,35,35
WBGene00196589.,0,0,0
WBGene00196590.,0,31,31
WBGene00196591.,0,10,10
WBGene00196592.,0,9,9
WBGene00196593.,0,2,2
WBGene00196594.,0,0,0
WBGene00196595.,0,0,0
WBGene00196596.,0,0,0
WBGene00196597.,0,0,0
WBGene00196598.,0,2,2
WBGene00196599.,0,4,4
WBGene00196600.,0,0,0
WBGene00196601.,0,0,0
WBGene00196602.,0,0,0
WBGene00196603.,0,0,0
WBGene00196604.,0,39,39
WBGene00196605.,0,0,0
WBGene00196606.,0,4,4
WBGene00196607.,0,1,1
WBGene00196608.,0,0,0
WBGene00196609.,0,0,0
WBGene00196610.,0,0,0
WBGene00196611.,0,0,0
WBGene00196612.,0,0,0
WBGene00196613.,0,0,0
WBGene00196614.,0,0,0
WBGene00196615.,0,1,1
WBGene00196616.,0,5,5
WBGene00196617.,0,0,0
WBGene00196618.,0,1,1
WBGene00196619.,0,0,0
WBGene00196620.,0,0,0
WBGene00196621.,0,0,0
WBGene00196622.,0,3,3
WBGene00196623.,0,1,1
WBGene00196624.,0,0,0
WBGene00196625.,0,2,2
WBGene00196626.,0,0,0
WBGene00196627.,0,0,0
WBGene00196628.,0,0,0
WBGene00196629.,0,2,2
WBGene00196630.,0,3,3
WBGene00196631.,0,1,1
WBGene00196632.,0,3,3
WBGene00196633.,0,0,0
WBGene00196634.,0,3,3
WBGene00196635.,0,91,91
WBGene00196636.,0,1,1
WBGene00196637.,0,3,3
WBGene00196638.,0,1,1
WBGene00196639.,0,3,3
WBGene00196640.,0,2,2
WBGene00196641.,0,0,0
WBGene00196642.,0,0,0
WBGene00196643.,0,9,9
WBGene00196644.,0,0,0
WBGene00196645.,0,0,0
WBGene00196646.,0,0,0
WBGene00196647.,0,0,0
WBGene00196648.,0,0,0
WBGene00196649.,0,1,1
WBGene00196650.,0,2,2
WBGene00196651.,0,0,0
WBGene00196652.,0,0,0
WBGene00196653.,0,13,13
WBGene00196654.,0,0,0
WBGene00196655.,0,0,0
WBGene00196656.,0,1,1
WBGene00196657.,0,0,0
WBGene00196658.,0,0,0
WBGene00196659.,0,1,1
WBGene00196660.,0,0,0
WBGene00196661.,0,0,0
WBGene00196662.,0,0,0
WBGene00196663.,0,0,0
WBGene00196664.,0,0,0
WBGene00196665.,0,0,0
WBGene00196666.,0,0,0
WBGene00196667.,0,0,0
WBGene00196668.,0,0,0
WBGene00196669.,0,0,0
WBGene00196670.,0,0,0
WBGene00196671.,0,0,0
WBGene00196672.,0,1,1
WBGene00196673.,0,0,0
WBGene00196674.,0,0,0
WBGene00196675.,0,0,0
WBGene00196676.,0,4,4
WBGene00196677.,0,0,0
WBGene00196678.,0,0,0
WBGene00196679.,0,1,1
WBGene00196680.,0,3,3
WBGene00196681.,0,0,0
WBGene00196682.,0,1,1
WBGene00196683.,0,1,1
WBGene00196684.,0,0,0
WBGene00196685.,0,3,3
WBGene00196686.,0,1,1
WBGene00196687.,0,6,6
WBGene00196688.,0,1,1
WBGene00196689.,0,0,0
WBGene00196690.,0,0,0
WBGene00196691.,0,1,1
WBGene00196692.,0,0,0
WBGene00196693.,0,1,1
WBGene00196694.,0,1,1
WBGene00196695.,0,3,3
WBGene00196696.,0,0,0
WBGene00196697.,0,2,2
WBGene00196698.,0,5,5
WBGene00196699.,0,0,0
WBGene00196700.,0,2,2
WBGene00196701.,0,0,0
WBGene00196702.,0,5,5
WBGene00196703.,0,0,0
WBGene00196704.,0,0,0
WBGene00196705.,0,1,1
WBGene00196706.,0,0,0
WBGene00196707.,0,8,8
WBGene00196708.,0,0,0
WBGene00196709.,0,9,9
WBGene00196710.,0,0,0
WBGene00196711.,0,1,1
WBGene00196712.,0,2,2
WBGene00196713.,0,0,0
WBGene00196714.,0,1,1
WBGene00196715.,0,0,0
WBGene00196716.,0,0,0
WBGene00196717.,0,0,0
WBGene00196718.,0,0,0
WBGene00196719.,0,0,0
WBGene00196720.,0,0,0
WBGene00196721.,0,23,23
WBGene00196722.,0,0,0
WBGene00196723.,0,2,2
WBGene00196724.,0,27,27
WBGene00196725.,0,1,1
WBGene00196726.,0,0,0
WBGene00196727.,0,4,4
WBGene00196728.,0,6,6
WBGene00196729.,0,12,12
WBGene00196730.,0,0,0
WBGene00196731.,0,2,2
WBGene00196732.,0,0,0
WBGene00196733.,0,1,1
WBGene00196734.,0,1,1
WBGene00196735.,0,3,3
WBGene00196736.,0,0,0
WBGene00196737.,0,0,0
WBGene00196738.,0,0,0
WBGene00196739.,0,1,1
WBGene00196740.,0,0,0
WBGene00196741.,0,0,0
WBGene00196742.,0,3,3
WBGene00196743.,0,0,0
WBGene00196744.,0,0,0
WBGene00196745.,0,0,0
WBGene00196746.,0,2,2
WBGene00196747.,0,1,1
WBGene00196748.,0,5,5
WBGene00196749.,0,0,0
WBGene00196750.,0,0,0
WBGene00196751.,0,0,0
WBGene00196752.,0,6,6
WBGene00196753.,0,44,44
WBGene00196754.,0,0,0
WBGene00196755.,0,0,0
WBGene00196756.,0,0,0
WBGene00196757.,0,0,0
WBGene00196758.,0,0,0
WBGene00196759.,0,2,2
WBGene00196760.,0,0,0
WBGene00196761.,0,0,0
WBGene00196762.,0,0,0
WBGene00196763.,0,0,0
WBGene00196764.,0,0,0
WBGene00196765.,0,0,0
WBGene00196766.,0,0,0
WBGene00196767.,0,1,1
WBGene00196768.,0,0,0
WBGene00196769.,0,0,0
WBGene00196770.,0,1,1
WBGene00196771.,0,0,0
WBGene00196772.,0,0,0
WBGene00196773.,0,0,0
WBGene00196774.,0,0,0
WBGene00196775.,0,24,24
WBGene00196776.,0,0,0
WBGene00196777.,0,6,6
WBGene00196778.,0,1,1
WBGene00196779.,0,0,0
WBGene00196780.,0,8,8
WBGene00196781.,0,0,0
WBGene00196782.,0,7,7
WBGene00196783.,0,0,0
WBGene00196784.,0,1,1
WBGene00196785.,0,13,13
WBGene00196786.,0,1,1
WBGene00196787.,0,2,2
WBGene00196788.,0,0,0
WBGene00196789.,0,4,4
WBGene00196790.,0,0,0
WBGene00196791.,0,0,0
WBGene00196792.,0,0,0
WBGene00196793.,0,14,14
WBGene00196794.,0,0,0
WBGene00196795.,0,0,0
WBGene00196796.,0,3,3
WBGene00196797.,0,20,20
WBGene00196798.,0,0,0
WBGene00196799.,0,4,4
WBGene00196800.,0,0,0
WBGene00196801.,0,3,3
WBGene00196802.,0,3,3
WBGene00196803.,0,0,0
WBGene00196804.,0,1,1
WBGene00196805.,0,4,4
WBGene00196806.,0,0,0
WBGene00196807.,0,10,10
WBGene00196808.,0,0,0
WBGene00196809.,0,6,6
WBGene00196810.,0,14,14
WBGene00196811.,0,1,1
WBGene00196812.,0,0,0
WBGene00196813.,0,0,0
WBGene00196814.,0,0,0
WBGene00196815.,0,3,3
WBGene00196816.,0,5,5
WBGene00196817.,0,7,7
WBGene00196818.,0,0,0
WBGene00196819.,0,7,7
WBGene00196820.,0,2,2
WBGene00196821.,0,14,14
WBGene00196822.,0,0,0
WBGene00196823.,0,2,2
WBGene00196824.,0,3,3
WBGene00196825.,0,24,24
WBGene00196826.,0,0,0
WBGene00196827.,0,55,55
WBGene00196828.,0,1,1
WBGene00196829.,0,0,0
WBGene00196830.,0,1,1
WBGene00196831.,0,47,47
WBGene00196832.,0,0,0
WBGene00196833.,0,0,0
WBGene00196834.,0,0,0
WBGene00196835.,0,1,1
WBGene00196836.,0,0,0
WBGene00196837.,0,0,0
WBGene00196838.,0,8,8
WBGene00196839.,0,0,0
WBGene00196840.,0,0,0
WBGene00196841.,0,1,1
WBGene00196842.,0,0,0
WBGene00196843.,0,1,1
WBGene00196844.,0,6,6
WBGene00196845.,0,0,0
WBGene00196846.,0,16,16
WBGene00196847.,0,0,0
WBGene00196848.,0,0,0
WBGene00196849.,0,0,0
WBGene00196850.,0,1,1
WBGene00196851.,0,0,0
WBGene00196852.,0,58,58
WBGene00196853.,0,0,0
WBGene00196854.,0,14,14
WBGene00196855.,0,0,0
WBGene00196856.,0,23,23
WBGene00196857.,0,0,0
WBGene00196858.,0,1,1
WBGene00196859.,0,0,0
WBGene00196860.,0,0,0
WBGene00196861.,0,3,3
WBGene00196862.,0,9,9
WBGene00196863.,0,0,0
WBGene00196864.,0,0,0
WBGene00196865.,0,0,0
WBGene00196866.,0,0,0
WBGene00196867.,0,15,15
WBGene00196868.,0,7,7
WBGene00196869.,0,4,4
WBGene00196870.,0,3,3
WBGene00196871.,0,264,264
WBGene00196872.,0,14,14
WBGene00196873.,0,0,0
WBGene00196874.,0,0,0
WBGene00196875.,0,0,0
WBGene00196876.,0,1,1
WBGene00196877.,0,4,4
WBGene00196878.,0,1,1
WBGene00196879.,0,13,13
WBGene00196880.,0,0,0
WBGene00196881.,0,0,0
WBGene00196882.,0,0,0
WBGene00196883.,0,0,0
WBGene00196884.,0,1,1
WBGene00196885.,0,4,4
WBGene00196886.,0,0,0
WBGene00196887.,0,0,0
WBGene00196888.,0,0,0
WBGene00196889.,0,0,0
WBGene00196890.,0,0,0
WBGene00196891.,0,0,0
WBGene00196892.,0,1,1
WBGene00196893.,0,1,1
WBGene00196894.,0,0,0
WBGene00196895.,0,0,0
WBGene00196896.,0,0,0
WBGene00196897.,0,0,0
WBGene00196898.,0,0,0
WBGene00196899.,0,0,0
WBGene00196900.,0,1,1
WBGene00196901.,0,0,0
WBGene00196902.,0,0,0
WBGene00196903.,0,0,0
WBGene00196904.,0,5,5
WBGene00196905.,0,0,0
WBGene00196906.,0,8,8
WBGene00196907.,0,0,0
WBGene00196908.,0,4,4
WBGene00196909.,0,0,0
WBGene00196910.,0,0,0
WBGene00196911.,0,3,3
WBGene00196912.,0,3,3
WBGene00196913.,0,8,8
WBGene00196914.,0,1,1
WBGene00196915.,0,0,0
WBGene00196916.,0,0,0
WBGene00196917.,0,0,0
WBGene00196918.,0,1,1
WBGene00196919.,0,1,1
WBGene00196920.,0,0,0
WBGene00196921.,0,0,0
WBGene00196922.,0,7,7
WBGene00196923.,0,1,1
WBGene00196924.,0,3,3
WBGene00196925.,0,0,0
WBGene00196926.,0,0,0
WBGene00196927.,0,0,0
WBGene00196928.,0,4,4
WBGene00196929.,0,1,1
WBGene00196930.,0,4,4
WBGene00196931.,0,8,8
WBGene00196932.,0,0,0
WBGene00196933.,0,8,8
WBGene00196934.,0,0,0
WBGene00196935.,0,5,5
WBGene00196936.,0,0,0
WBGene00196937.,0,0,0
WBGene00196938.,0,0,0
WBGene00196939.,0,1,1
WBGene00196940.,0,0,0
WBGene00196941.,0,1,1
WBGene00196942.,0,1,1
WBGene00196943.,0,1,1
WBGene00196944.,0,0,0
WBGene00196945.,0,1,1
WBGene00196946.,0,3,3
WBGene00196947.,0,4,4
WBGene00196948.,0,0,0
WBGene00196949.,0,2,2
WBGene00196950.,0,6,6
WBGene00196951.,0,0,0
WBGene00196952.,0,0,0
WBGene00196953.,0,0,0
WBGene00196954.,0,0,0
WBGene00196955.,0,1,1
WBGene00196956.,0,0,0
WBGene00196957.,0,0,0
WBGene00196958.,0,0,0
WBGene00196959.,0,2,2
WBGene00196960.,0,0,0
WBGene00196961.,0,12,12
WBGene00196962.,0,0,0
WBGene00196963.,0,1,1
WBGene00196964.,0,3,3
WBGene00196965.,0,2,2
WBGene00196966.,0,0,0
WBGene00196967.,0,0,0
WBGene00196968.,0,0,0
WBGene00196969.,0,11,11
WBGene00196970.,0,2,2
WBGene00196971.,0,1,1
WBGene00196972.,0,0,0
WBGene00196973.,0,0,0
WBGene00196974.,0,0,0
WBGene00196975.,0,0,0
WBGene00196976.,0,0,0
WBGene00196977.,0,0,0
WBGene00196978.,0,0,0
WBGene00196979.,0,5,5
WBGene00196980.,0,0,0
WBGene00196981.,0,4,4
WBGene00196982.,0,10,10
WBGene00196983.,0,5,5
WBGene00196984.,0,0,0
WBGene00196985.,0,10,10
WBGene00196986.,0,6,6
WBGene00196987.,0,2,2
WBGene00196988.,0,0,0
WBGene00196989.,0,11,11
WBGene00196990.,0,4,4
WBGene00196991.,0,0,0
WBGene00196992.,0,1,1
WBGene00196993.,0,2,2
WBGene00196994.,0,12,12
WBGene00196995.,0,0,0
WBGene00196996.,0,3,3
WBGene00196997.,0,0,0
WBGene00196998.,0,0,0
WBGene00196999.,0,0,0
WBGene00197000.,0,0,0
WBGene00197001.,0,10,10
WBGene00197002.,0,0,0
WBGene00197003.,0,0,0
WBGene00197004.,0,0,0
WBGene00197005.,0,2,2
WBGene00197006.,0,0,0
WBGene00197007.,0,0,0
WBGene00197008.,0,0,0
WBGene00197009.,0,1,1
WBGene00197010.,0,0,0
WBGene00197011.,0,3,3
WBGene00197012.,0,0,0
WBGene00197013.,0,0,0
WBGene00197014.,0,0,0
WBGene00197015.,0,7,7
WBGene00197016.,0,0,0
WBGene00197017.,0,0,0
WBGene00197018.,0,2,2
WBGene00197019.,0,2,2
WBGene00197020.,0,0,0
WBGene00197021.,0,0,0
WBGene00197022.,0,5,5
WBGene00197023.,0,0,0
WBGene00197024.,0,0,0
WBGene00197025.,0,0,0
WBGene00197026.,0,1,1
WBGene00197027.,0,9,9
WBGene00197028.,0,3,3
WBGene00197029.,0,0,0
WBGene00197030.,0,2,2
WBGene00197031.,0,0,0
WBGene00197032.,0,0,0
WBGene00197033.,0,38,38
WBGene00197034.,0,0,0
WBGene00197035.,0,0,0
WBGene00197036.,0,0,0
WBGene00197037.,0,3,3
WBGene00197038.,0,0,0
WBGene00197039.,0,7,7
WBGene00197040.,0,1,1
WBGene00197041.,0,0,0
WBGene00197042.,0,0,0
WBGene00197043.,0,1,1
WBGene00197044.,0,0,0
WBGene00197045.,0,2,2
WBGene00197046.,0,1,1
WBGene00197047.,0,1,1
WBGene00197048.,0,10,10
WBGene00197049.,0,0,0
WBGene00197050.,0,1,1
WBGene00197051.,0,1,1
WBGene00197052.,0,5,5
WBGene00197053.,0,2,2
WBGene00197054.,0,0,0
WBGene00197055.,0,4,4
WBGene00197056.,0,2,2
WBGene00197057.,0,3,3
WBGene00197058.,0,0,0
WBGene00197059.,0,0,0
WBGene00197060.,0,6,6
WBGene00197061.,0,1,1
WBGene00197062.,0,0,0
WBGene00197063.,0,1,1
WBGene00197064.,0,0,0
WBGene00197065.,0,8,8
WBGene00197066.,0,21,21
WBGene00197067.,0,0,0
WBGene00197068.,0,0,0
WBGene00197069.,0,19,19
WBGene00197070.,0,0,0
WBGene00197071.,0,0,0
WBGene00197072.,0,1,1
WBGene00197073.,0,3,3
WBGene00197074.,0,7,7
WBGene00197075.,0,0,0
WBGene00197076.,0,0,0
WBGene00197077.,0,0,0
WBGene00197078.,0,3,3
WBGene00197079.,0,0,0
WBGene00197080.,0,4,4
WBGene00197081.,0,4,4
WBGene00197082.,0,0,0
WBGene00197083.,0,10,10
WBGene00197084.,0,0,0
WBGene00197085.,0,0,0
WBGene00197086.,0,5,5
WBGene00197087.,0,0,0
WBGene00197088.,0,0,0
WBGene00197089.,0,1,1
WBGene00197090.,0,31,31
WBGene00197091.,0,1,1
WBGene00197092.,0,1,1
WBGene00197093.,0,0,0
WBGene00197094.,0,3,3
WBGene00197095.,0,2,2
WBGene00197096.,0,1,1
WBGene00197097.,0,45,45
WBGene00197098.,0,0,0
WBGene00197099.,0,0,0
WBGene00197100.,0,5,5
WBGene00197101.,0,0,0
WBGene00197102.,0,2,2
WBGene00197103.,0,2,2
WBGene00197104.,0,1,1
WBGene00197105.,0,0,0
WBGene00197106.,0,0,0
WBGene00197107.,0,0,0
WBGene00197108.,0,0,0
WBGene00197109.,0,0,0
WBGene00197110.,0,4,4
WBGene00197111.,0,2,2
WBGene00197112.,0,0,0
WBGene00197113.,0,0,0
WBGene00197114.,0,4,4
WBGene00197115.,0,0,0
WBGene00197116.,0,0,0
WBGene00197117.,0,0,0
WBGene00197118.,0,1,1
WBGene00197119.,0,2,2
WBGene00197120.,0,0,0
WBGene00197121.,0,5,5
WBGene00197122.,0,0,0
WBGene00197123.,0,0,0
WBGene00197124.,0,0,0
WBGene00197125.,0,0,0
WBGene00197126.,0,8,8
WBGene00197127.,0,76,76
WBGene00197128.,0,0,0
WBGene00197129.,0,0,0
WBGene00197130.,0,8,8
WBGene00197131.,0,1,1
WBGene00197132.,0,0,0
WBGene00197133.,0,0,0
WBGene00197134.,0,0,0
WBGene00197135.,0,0,0
WBGene00197136.,0,0,0
WBGene00197137.,0,0,0
WBGene00197138.,0,0,0
WBGene00197139.,0,0,0
WBGene00197140.,0,12,12
WBGene00197141.,0,3,3
WBGene00197142.,0,0,0
WBGene00197143.,0,0,0
WBGene00197144.,0,3,3
WBGene00197145.,0,0,0
WBGene00197146.,0,0,0
WBGene00197147.,0,1,1
WBGene00197148.,0,2,2
WBGene00197149.,0,2,2
WBGene00197150.,0,1,1
WBGene00197151.,0,0,0
WBGene00197152.,0,0,0
WBGene00197153.,0,0,0
WBGene00197154.,0,0,0
WBGene00197155.,0,3,3
WBGene00197156.,0,0,0
WBGene00197157.,0,3,3
WBGene00197158.,0,0,0
WBGene00197159.,0,0,0
WBGene00197160.,0,0,0
WBGene00197161.,0,0,0
WBGene00197162.,0,0,0
WBGene00197163.,0,0,0
WBGene00197164.,0,0,0
WBGene00197165.,0,0,0
WBGene00197166.,0,0,0
WBGene00197167.,0,0,0
WBGene00197168.,0,10,10
WBGene00197169.,0,0,0
WBGene00197170.,0,0,0
WBGene00197171.,0,1007,1007
WBGene00197172.,0,0,0
WBGene00197173.,0,0,0
WBGene00197174.,0,32,32
WBGene00197175.,0,8,8
WBGene00197176.,0,1,1
WBGene00197177.,0,1,1
WBGene00197178.,0,3,3
WBGene00197179.,0,0,0
WBGene00197180.,0,0,0
WBGene00197181.,0,2,2
WBGene00197182.,0,1,1
WBGene00197183.,0,10,10
WBGene00197184.,0,3,3
WBGene00197185.,0,0,0
WBGene00197186.,0,0,0
WBGene00197187.,0,0,0
WBGene00197188.,0,15,15
WBGene00197189.,0,2,2
WBGene00197190.,0,0,0
WBGene00197191.,0,0,0
WBGene00197192.,0,0,0
WBGene00197193.,0,0,0
WBGene00197194.,0,0,0
WBGene00197195.,0,0,0
WBGene00197196.,0,2,2
WBGene00197197.,0,0,0
WBGene00197198.,0,0,0
WBGene00197199.,0,0,0
WBGene00197200.,0,0,0
WBGene00197201.,0,0,0
WBGene00197202.,0,0,0
WBGene00197203.,0,0,0
WBGene00197204.,0,2,2
WBGene00197205.,0,9,9
WBGene00197206.,0,1,1
WBGene00197207.,0,1,1
WBGene00197208.,0,2,2
WBGene00197209.,0,37,37
WBGene00197210.,0,0,0
WBGene00197211.,0,0,0
WBGene00197212.,0,0,0
WBGene00197213.,0,0,0
WBGene00197214.,0,6,6
WBGene00197215.,0,980,980
WBGene00197216.,0,2,2
WBGene00197217.,0,1,1
WBGene00197218.,0,16,16
WBGene00197219.,0,0,0
WBGene00197220.,0,0,0
WBGene00197221.,0,0,0
WBGene00197222.,0,17,17
WBGene00197223.,0,3,3
WBGene00197224.,0,0,0
WBGene00197225.,0,2,2
WBGene00197226.,0,1,1
WBGene00197227.,0,3,3
WBGene00197228.,0,5,5
WBGene00197229.,0,0,0
WBGene00197230.,0,0,0
WBGene00197231.,0,17,17
WBGene00197232.,0,1,1
WBGene00197233.,0,0,0
WBGene00197234.,0,14,14
WBGene00197235.,0,0,0
WBGene00197236.,0,2,2
WBGene00197237.,0,0,0
WBGene00197238.,0,0,0
WBGene00197239.,0,2,2
WBGene00197240.,0,0,0
WBGene00197241.,0,0,0
WBGene00197242.,0,1,1
WBGene00197243.,0,5,5
WBGene00197244.,0,11,11
WBGene00197245.,0,0,0
WBGene00197246.,0,2,2
WBGene00197247.,0,0,0
WBGene00197248.,0,0,0
WBGene00197249.,0,1,1
WBGene00197250.,0,26,26
WBGene00197251.,0,0,0
WBGene00197252.,0,1,1
WBGene00197253.,0,1,1
WBGene00197254.,0,9,9
WBGene00197255.,0,3,3
WBGene00197256.,0,0,0
WBGene00197257.,0,10,10
WBGene00197258.,0,5,5
WBGene00197259.,0,40,40
WBGene00197260.,0,0,0
WBGene00197261.,0,0,0
WBGene00197262.,0,2,2
WBGene00197263.,0,0,0
WBGene00197264.,0,0,0
WBGene00197265.,0,1,1
WBGene00197266.,0,0,0
WBGene00197267.,0,0,0
WBGene00197268.,0,0,0
WBGene00197269.,0,5,5
WBGene00197270.,0,0,0
WBGene00197271.,0,0,0
WBGene00197272.,0,0,0
WBGene00197273.,0,1,1
WBGene00197274.,0,4,4
WBGene00197275.,0,0,0
WBGene00197276.,0,0,0
WBGene00197277.,0,0,0
WBGene00197278.,0,3,3
WBGene00197279.,0,13,13
WBGene00197280.,0,1,1
WBGene00197281.,0,1,1
WBGene00197282.,0,0,0
WBGene00197283.,0,2,2
WBGene00197284.,0,0,0
WBGene00197285.,0,2,2
WBGene00197286.,0,2,2
WBGene00197287.,0,0,0
WBGene00197288.,0,0,0
WBGene00197289.,0,0,0
WBGene00197290.,0,0,0
WBGene00197291.,0,0,0
WBGene00197292.,0,0,0
WBGene00197293.,0,1,1
WBGene00197294.,0,0,0
WBGene00197295.,0,0,0
WBGene00197296.,0,0,0
WBGene00197297.,0,5,5
WBGene00197298.,0,1,1
WBGene00197299.,0,0,0
WBGene00197300.,0,0,0
WBGene00197301.,0,0,0
WBGene00197302.,0,1,1
WBGene00197303.,0,0,0
WBGene00197304.,0,0,0
WBGene00197305.,0,0,0
WBGene00197306.,0,0,0
WBGene00197307.,0,8,8
WBGene00197308.,0,5,5
WBGene00197309.,0,0,0
WBGene00197310.,0,0,0
WBGene00197311.,0,0,0
WBGene00197312.,0,0,0
WBGene00197313.,0,0,0
WBGene00197314.,0,3,3
WBGene00197315.,0,0,0
WBGene00197316.,0,2,2
WBGene00197317.,0,0,0
WBGene00197318.,0,0,0
WBGene00197319.,0,1,1
WBGene00197320.,0,0,0
WBGene00197321.,0,2,2
WBGene00197322.,0,0,0
WBGene00197323.,0,0,0
WBGene00197324.,0,0,0
WBGene00197325.,0,0,0
WBGene00197326.,0,39,39
WBGene00197327.,0,1,1
WBGene00197328.,0,3,3
WBGene00197329.,0,0,0
WBGene00197330.,0,0,0
WBGene00197331.,0,2,2
WBGene00197332.,0,3,3
WBGene00197333.,0,1,1
WBGene00197334.,0,0,0
WBGene00197335.,0,5,5
WBGene00197336.,0,0,0
WBGene00197337.,0,0,0
WBGene00197338.,0,1,1
WBGene00197339.,0,837,837
WBGene00197340.,0,1,1
WBGene00197341.,0,2,2
WBGene00197342.,0,1,1
WBGene00197343.,0,2,2
WBGene00197344.,0,0,0
WBGene00197345.,0,0,0
WBGene00197346.,0,0,0
WBGene00197347.,0,1,1
WBGene00197348.,0,0,0
WBGene00197349.,0,4,4
WBGene00197350.,0,0,0
WBGene00197351.,0,0,0
WBGene00197352.,0,0,0
WBGene00197353.,0,0,0
WBGene00197354.,0,3,3
WBGene00197355.,0,0,0
WBGene00197356.,0,8,8
WBGene00197357.,0,0,0
WBGene00197358.,0,0,0
WBGene00197359.,0,1,1
WBGene00197360.,0,1,1
WBGene00197361.,0,0,0
WBGene00197362.,0,5,5
WBGene00197363.,0,2,2
WBGene00197364.,0,0,0
WBGene00197365.,0,0,0
WBGene00197366.,0,0,0
WBGene00197367.,0,0,0
WBGene00197368.,0,0,0
WBGene00197369.,0,0,0
WBGene00197370.,0,1,1
WBGene00197371.,0,1,1
WBGene00197372.,0,1,1
WBGene00197373.,0,1,1
WBGene00197374.,0,0,0
WBGene00197375.,0,8,8
WBGene00197376.,0,0,0
WBGene00197377.,0,0,0
WBGene00197378.,0,0,0
WBGene00197379.,0,0,0
WBGene00197380.,0,0,0
WBGene00197381.,0,0,0
WBGene00197382.,0,10,10
WBGene00197383.,0,0,0
WBGene00197384.,0,0,0
WBGene00197385.,0,0,0
WBGene00197386.,0,0,0
WBGene00197387.,0,0,0
WBGene00197388.,0,0,0
WBGene00197389.,0,0,0
WBGene00197390.,0,0,0
WBGene00197391.,0,0,0
WBGene00197392.,0,0,0
WBGene00197393.,0,0,0
WBGene00197394.,0,0,0
WBGene00197395.,0,9,9
WBGene00197396.,0,4,4
WBGene00197397.,0,0,0
WBGene00197398.,0,2,2
WBGene00197399.,0,14,14
WBGene00197400.,0,2,2
WBGene00197401.,0,0,0
WBGene00197402.,0,0,0
WBGene00197403.,0,1,1
WBGene00197404.,0,8,8
WBGene00197405.,0,0,0
WBGene00197406.,0,120,120
WBGene00197407.,0,0,0
WBGene00197408.,0,1,1
WBGene00197409.,0,0,0
WBGene00197410.,0,0,0
WBGene00197411.,0,15,15
WBGene00197412.,0,1,1
WBGene00197413.,0,1,1
WBGene00197414.,0,0,0
WBGene00197415.,0,0,0
WBGene00197416.,0,5,5
WBGene00197417.,0,0,0
WBGene00197418.,0,0,0
WBGene00197419.,0,0,0
WBGene00197420.,0,1,1
WBGene00197421.,0,0,0
WBGene00197422.,0,0,0
WBGene00197423.,0,0,0
WBGene00197424.,0,34,34
WBGene00197425.,0,1,1
WBGene00197426.,0,5,5
WBGene00197427.,0,0,0
WBGene00197428.,0,0,0
WBGene00197429.,0,0,0
WBGene00197430.,0,0,0
WBGene00197431.,0,1,1
WBGene00197432.,0,0,0
WBGene00197433.,0,0,0
WBGene00197434.,0,0,0
WBGene00197435.,0,3,3
WBGene00197436.,0,2,2
WBGene00197437.,0,6,6
WBGene00197438.,0,2,2
WBGene00197439.,0,0,0
WBGene00197440.,0,2,2
WBGene00197441.,0,7,7
WBGene00197442.,0,0,0
WBGene00197443.,0,0,0
WBGene00197444.,0,8,8
WBGene00197445.,0,2,2
WBGene00197446.,0,5,5
WBGene00197447.,0,0,0
WBGene00197448.,0,0,0
WBGene00197449.,0,0,0
WBGene00197450.,0,4,4
WBGene00197451.,0,0,0
WBGene00197452.,0,60,60
WBGene00197453.,0,0,0
WBGene00197454.,0,24,24
WBGene00197455.,0,4,4
WBGene00197456.,0,0,0
WBGene00197457.,0,0,0
WBGene00197458.,0,1,1
WBGene00197459.,0,0,0
WBGene00197460.,0,0,0
WBGene00197461.,0,0,0
WBGene00197462.,0,0,0
WBGene00197463.,0,0,0
WBGene00197464.,0,18,18
WBGene00197465.,0,1,1
WBGene00197466.,0,0,0
WBGene00197467.,0,5,5
WBGene00197468.,0,0,0
WBGene00197469.,0,0,0
WBGene00197470.,0,0,0
WBGene00197471.,0,0,0
WBGene00197472.,0,0,0
WBGene00197473.,0,1,1
WBGene00197474.,0,0,0
WBGene00197475.,0,1,1
WBGene00197476.,0,0,0
WBGene00197477.,0,30,30
WBGene00197478.,0,0,0
WBGene00197479.,0,2,2
WBGene00197480.,0,0,0
WBGene00197481.,0,1,1
WBGene00197482.,0,7,7
WBGene00197483.,0,4,4
WBGene00197484.,0,1,1
WBGene00197485.,0,5,5
WBGene00197486.,0,0,0
WBGene00197487.,0,1,1
WBGene00197488.,0,0,0
WBGene00197489.,0,1,1
WBGene00197490.,0,0,0
WBGene00197491.,0,1,1
WBGene00197492.,0,0,0
WBGene00197493.,0,0,0
WBGene00197494.,0,0,0
WBGene00197495.,0,2,2
WBGene00197496.,0,1,1
WBGene00197497.,0,0,0
WBGene00197498.,0,1,1
WBGene00197499.,0,0,0
WBGene00197500.,0,0,0
WBGene00197501.,0,0,0
WBGene00197502.,0,2,2
WBGene00197503.,0,0,0
WBGene00197504.,0,0,0
WBGene00197505.,0,0,0
WBGene00197506.,0,0,0
WBGene00197507.,0,0,0
WBGene00197508.,0,0,0
WBGene00197509.,0,0,0
WBGene00197510.,0,2,2
WBGene00197511.,0,27,27
WBGene00197512.,0,0,0
WBGene00197513.,0,0,0
WBGene00197514.,0,0,0
WBGene00197515.,0,30,30
WBGene00197516.,0,24,24
WBGene00197517.,0,2,2
WBGene00197518.,0,3,3
WBGene00197519.,0,0,0
WBGene00197520.,0,1,1
WBGene00197521.,0,3,3
WBGene00197522.,0,0,0
WBGene00197523.,0,1,1
WBGene00197524.,0,0,0
WBGene00197525.,0,3,3
WBGene00197526.,0,0,0
WBGene00197527.,0,0,0
WBGene00197528.,0,0,0
WBGene00197529.,0,8,8
WBGene00197530.,0,0,0
WBGene00197531.,0,0,0
WBGene00197532.,0,0,0
WBGene00197533.,0,1,1
WBGene00197534.,0,6,6
WBGene00197535.,0,0,0
WBGene00197536.,0,0,0
WBGene00197537.,0,0,0
WBGene00197538.,0,0,0
WBGene00197539.,0,0,0
WBGene00197540.,0,0,0
WBGene00197541.,0,1,1
WBGene00197542.,0,1,1
WBGene00197543.,0,1,1
WBGene00197544.,0,0,0
WBGene00197545.,0,0,0
WBGene00197546.,0,0,0
WBGene00197547.,0,0,0
WBGene00197548.,0,3,3
WBGene00197549.,0,0,0
WBGene00197550.,0,4,4
WBGene00197551.,0,0,0
WBGene00197552.,0,0,0
WBGene00197553.,0,0,0
WBGene00197554.,0,0,0
WBGene00197555.,0,0,0
WBGene00197556.,0,0,0
WBGene00197557.,0,0,0
WBGene00197558.,0,1,1
WBGene00197559.,0,1,1
WBGene00197560.,0,2,2
WBGene00197561.,0,0,0
WBGene00197562.,0,0,0
WBGene00197563.,0,1,1
WBGene00197564.,0,2,2
WBGene00197565.,0,0,0
WBGene00197566.,0,0,0
WBGene00197567.,0,0,0
WBGene00197568.,0,0,0
WBGene00197569.,0,0,0
WBGene00197570.,0,0,0
WBGene00197571.,0,0,0
WBGene00197572.,0,2,2
WBGene00197573.,0,1,1
WBGene00197574.,0,3,3
WBGene00197575.,0,0,0
WBGene00197576.,0,0,0
WBGene00197577.,0,10,10
WBGene00197578.,0,41,41
WBGene00197579.,0,6,6
WBGene00197580.,0,0,0
WBGene00197581.,0,3,3
WBGene00197582.,0,0,0
WBGene00197583.,0,22,22
WBGene00197584.,0,0,0
WBGene00197585.,0,3,3
WBGene00197586.,0,0,0
WBGene00197587.,0,2,2
WBGene00197588.,0,0,0
WBGene00197589.,0,0,0
WBGene00197590.,0,0,0
WBGene00197591.,0,15,15
WBGene00197592.,0,0,0
WBGene00197593.,0,0,0
WBGene00197594.,0,0,0
WBGene00197595.,0,1,1
WBGene00197596.,0,0,0
WBGene00197597.,0,4,4
WBGene00197598.,0,0,0
WBGene00197599.,0,3,3
WBGene00197600.,0,7,7
WBGene00197601.,0,3,3
WBGene00197602.,0,0,0
WBGene00197603.,0,1,1
WBGene00197604.,0,14,14
WBGene00197605.,0,1,1
WBGene00197606.,0,1,1
WBGene00197607.,0,0,0
WBGene00197608.,0,0,0
WBGene00197609.,0,10,10
WBGene00197610.,0,0,0
WBGene00197611.,0,2,2
WBGene00197612.,0,2,2
WBGene00197613.,0,0,0
WBGene00197614.,0,0,0
WBGene00197615.,0,10,10
WBGene00197616.,0,0,0
WBGene00197617.,0,0,0
WBGene00197618.,0,0,0
WBGene00197619.,0,0,0
WBGene00197620.,0,2,2
WBGene00197621.,0,0,0
WBGene00197622.,0,0,0
WBGene00197623.,0,0,0
WBGene00197624.,0,0,0
WBGene00197625.,0,5,5
WBGene00197626.,0,2,2
WBGene00197627.,0,2,2
WBGene00197628.,0,0,0
WBGene00197629.,0,0,0
WBGene00197630.,0,0,0
WBGene00197631.,0,0,0
WBGene00197632.,0,10,10
WBGene00197633.,0,22,22
WBGene00197634.,0,17,17
WBGene00197635.,0,0,0
WBGene00197636.,0,9,9
WBGene00197637.,0,0,0
WBGene00197638.,0,0,0
WBGene00197639.,0,0,0
WBGene00197640.,0,0,0
WBGene00197641.,0,0,0
WBGene00197642.,0,3,3
WBGene00197643.,0,0,0
WBGene00197644.,0,0,0
WBGene00197645.,0,0,0
WBGene00197646.,0,0,0
WBGene00197647.,0,7,7
WBGene00197648.,0,5,5
WBGene00197649.,0,0,0
WBGene00197650.,0,2,2
WBGene00197651.,0,0,0
WBGene00197652.,0,3,3
WBGene00197653.,0,0,0
WBGene00197654.,0,0,0
WBGene00197655.,0,0,0
WBGene00197656.,0,1,1
WBGene00197657.,0,5,5
WBGene00197658.,0,0,0
WBGene00197659.,0,0,0
WBGene00197660.,0,2,2
WBGene00197661.,0,0,0
WBGene00197662.,0,0,0
WBGene00197663.,0,0,0
WBGene00197664.,0,1,1
WBGene00197665.,0,1,1
WBGene00197666.,0,0,0
WBGene00197667.,0,9,9
WBGene00197668.,0,4,4
WBGene00197669.,0,8,8
WBGene00197670.,0,9,9
WBGene00197671.,0,4,4
WBGene00197672.,0,1,1
WBGene00197673.,0,0,0
WBGene00197674.,0,0,0
WBGene00197675.,0,0,0
WBGene00197676.,0,0,0
WBGene00197677.,0,0,0
WBGene00197678.,0,0,0
WBGene00197679.,0,8,8
WBGene00197680.,0,0,0
WBGene00197681.,0,0,0
WBGene00197682.,0,0,0
WBGene00197683.,0,0,0
WBGene00197684.,0,1,1
WBGene00197685.,0,0,0
WBGene00197686.,0,12,12
WBGene00197687.,0,1,1
WBGene00197688.,0,1,1
WBGene00197689.,0,0,0
WBGene00197690.,0,0,0
WBGene00197691.,0,36,36
WBGene00197692.,0,0,0
WBGene00197693.,0,0,0
WBGene00197694.,0,1,1
WBGene00197695.,0,1,1
WBGene00197696.,0,0,0
WBGene00197697.,0,0,0
WBGene00197698.,0,10,10
WBGene00197699.,0,1,1
WBGene00197700.,0,0,0
WBGene00197701.,0,2,2
WBGene00197702.,0,1,1
WBGene00197703.,0,0,0
WBGene00197704.,0,9,9
WBGene00197705.,0,5,5
WBGene00197706.,0,2,2
WBGene00197707.,0,1,1
WBGene00197708.,0,2,2
WBGene00197709.,0,2,2
WBGene00197710.,0,8,8
WBGene00197711.,0,0,0
WBGene00197712.,0,3,3
WBGene00197713.,0,0,0
WBGene00197714.,0,0,0
WBGene00197715.,0,2,2
WBGene00197716.,0,0,0
WBGene00197717.,0,1,1
WBGene00197718.,0,0,0
WBGene00197719.,0,0,0
WBGene00197720.,0,0,0
WBGene00197721.,0,0,0
WBGene00197722.,0,0,0
WBGene00197723.,0,0,0
WBGene00197724.,0,9,9
WBGene00197725.,0,0,0
WBGene00197726.,0,15,15
WBGene00197727.,0,1,1
WBGene00197728.,0,1,1
WBGene00197729.,0,1,1
WBGene00197730.,0,0,0
WBGene00197731.,0,0,0
WBGene00197732.,0,2,2
WBGene00197733.,0,0,0
WBGene00197734.,0,0,0
WBGene00197735.,0,0,0
WBGene00197736.,0,0,0
WBGene00197737.,0,0,0
WBGene00197738.,0,0,0
WBGene00197739.,0,6,6
WBGene00197740.,0,0,0
WBGene00197741.,0,1,1
WBGene00197742.,0,0,0
WBGene00197743.,0,2,2
WBGene00197744.,0,0,0
WBGene00197745.,0,0,0
WBGene00197746.,0,0,0
WBGene00197747.,0,0,0
WBGene00197748.,0,0,0
WBGene00197749.,0,0,0
WBGene00197750.,0,4,4
WBGene00197751.,0,0,0
WBGene00197752.,0,2,2
WBGene00197753.,0,4,4
WBGene00197754.,0,0,0
WBGene00197755.,0,0,0
WBGene00197756.,0,0,0
WBGene00197757.,0,10,10
WBGene00197758.,0,2,2
WBGene00197759.,0,2,2
WBGene00197760.,0,5,5
WBGene00197761.,0,1,1
WBGene00197762.,0,0,0
WBGene00197763.,0,0,0
WBGene00197764.,0,0,0
WBGene00197765.,0,0,0
WBGene00197766.,0,3,3
WBGene00197767.,0,0,0
WBGene00197768.,0,0,0
WBGene00197769.,0,2,2
WBGene00197770.,0,3,3
WBGene00197771.,0,0,0
WBGene00197772.,0,0,0
WBGene00197773.,0,0,0
WBGene00197774.,0,0,0
WBGene00197775.,0,6,6
WBGene00197776.,0,0,0
WBGene00197777.,0,0,0
WBGene00197778.,0,0,0
WBGene00197779.,0,3,3
WBGene00197780.,0,0,0
WBGene00197781.,0,3,3
WBGene00197782.,0,3,3
WBGene00197783.,0,3,3
WBGene00197784.,0,0,0
WBGene00197785.,0,0,0
WBGene00197786.,0,0,0
WBGene00197787.,0,3,3
WBGene00197788.,0,0,0
WBGene00197789.,0,0,0
WBGene00197790.,0,0,0
WBGene00197791.,0,3,3
WBGene00197792.,0,0,0
WBGene00197793.,0,7,7
WBGene00197794.,0,0,0
WBGene00197795.,0,1,1
WBGene00197796.,0,1,1
WBGene00197797.,0,0,0
WBGene00197798.,0,1,1
WBGene00197799.,0,0,0
WBGene00197800.,0,2,2
WBGene00197801.,0,0,0
WBGene00197802.,0,2,2
WBGene00197803.,0,55,55
WBGene00197804.,0,0,0
WBGene00197805.,0,3,3
WBGene00197806.,0,0,0
WBGene00197807.,0,0,0
WBGene00197808.,0,1,1
WBGene00197809.,0,0,0
WBGene00197810.,0,0,0
WBGene00197811.,0,0,0
WBGene00197812.,0,3,3
WBGene00197813.,0,2,2
WBGene00197814.,0,0,0
WBGene00197815.,0,0,0
WBGene00197816.,0,0,0
WBGene00197817.,0,2,2
WBGene00197818.,0,2,2
WBGene00197819.,0,0,0
WBGene00197820.,0,0,0
WBGene00197821.,0,3,3
WBGene00197822.,0,6,6
WBGene00197823.,0,0,0
WBGene00197824.,0,0,0
WBGene00197825.,0,1,1
WBGene00197826.,0,0,0
WBGene00197827.,0,0,0
WBGene00197828.,0,0,0
WBGene00197829.,0,0,0
WBGene00197830.,0,0,0
WBGene00197831.,0,0,0
WBGene00197832.,0,0,0
WBGene00197833.,0,0,0
WBGene00197834.,0,2,2
WBGene00197835.,0,0,0
WBGene00197836.,0,3,3
WBGene00197837.,0,0,0
WBGene00197838.,0,0,0
WBGene00197839.,0,1,1
WBGene00197840.,0,1,1
WBGene00197841.,0,0,0
WBGene00197842.,0,0,0
WBGene00197843.,0,0,0
WBGene00197844.,0,1,1
WBGene00197845.,0,5,5
WBGene00197846.,0,0,0
WBGene00197847.,0,1,1
WBGene00197848.,0,2,2
WBGene00197849.,0,1,1
WBGene00197850.,0,0,0
WBGene00197851.,0,0,0
WBGene00197852.,0,0,0
WBGene00197853.,0,1,1
WBGene00197854.,0,4,4
WBGene00197855.,0,3,3
WBGene00197856.,0,1,1
WBGene00197857.,0,34,34
WBGene00197858.,0,0,0
WBGene00197859.,0,0,0
WBGene00197860.,0,35,35
WBGene00197861.,0,0,0
WBGene00197862.,0,0,0
WBGene00197863.,0,0,0
WBGene00197864.,0,0,0
WBGene00197865.,0,1,1
WBGene00197866.,0,0,0
WBGene00197867.,0,3,3
WBGene00197868.,0,1,1
WBGene00197869.,0,1,1
WBGene00197870.,0,0,0
WBGene00197871.,0,1,1
WBGene00197872.,0,0,0
WBGene00197873.,0,10,10
WBGene00197874.,0,4,4
WBGene00197875.,0,11,11
WBGene00197876.,0,0,0
WBGene00197877.,0,0,0
WBGene00197878.,0,0,0
WBGene00197879.,0,15,15
WBGene00197880.,0,4,4
WBGene00197881.,0,0,0
WBGene00197882.,0,0,0
WBGene00197883.,0,27,27
WBGene00197884.,0,20,20
WBGene00197885.,0,5,5
WBGene00197886.,0,0,0
WBGene00197887.,0,1,1
WBGene00197888.,0,0,0
WBGene00197889.,0,3,3
WBGene00197890.,0,4,4
WBGene00197891.,0,0,0
WBGene00197892.,0,1,1
WBGene00197893.,0,0,0
WBGene00197894.,0,0,0
WBGene00197895.,0,0,0
WBGene00197896.,0,8,8
WBGene00197897.,0,0,0
WBGene00197898.,0,2,2
WBGene00197899.,0,3,3
WBGene00197900.,0,0,0
WBGene00197901.,0,0,0
WBGene00197902.,0,0,0
WBGene00197903.,0,3,3
WBGene00197904.,0,0,0
WBGene00197905.,0,0,0
WBGene00197906.,0,64,64
WBGene00197907.,0,0,0
WBGene00197908.,0,0,0
WBGene00197909.,0,2,2
WBGene00197910.,0,0,0
WBGene00197911.,0,0,0
WBGene00197912.,0,2,2
WBGene00197913.,0,2,2
WBGene00197914.,0,0,0
WBGene00197915.,0,0,0
WBGene00197916.,0,0,0
WBGene00197917.,0,0,0
WBGene00197918.,0,0,0
WBGene00197919.,0,0,0
WBGene00197920.,0,0,0
WBGene00197921.,0,158,158
WBGene00197922.,0,6,6
WBGene00197923.,0,39,39
WBGene00197924.,0,3,3
WBGene00197925.,0,0,0
WBGene00197926.,0,0,0
WBGene00197927.,0,2,2
WBGene00197928.,0,0,0
WBGene00197929.,0,0,0
WBGene00197930.,0,0,0
WBGene00197931.,0,0,0
WBGene00197932.,0,0,0
WBGene00197933.,0,0,0
WBGene00197934.,0,42,42
WBGene00197935.,0,0,0
WBGene00197936.,0,0,0
WBGene00197937.,0,0,0
WBGene00197938.,0,0,0
WBGene00197939.,0,0,0
WBGene00197940.,0,1,1
WBGene00197941.,0,1,1
WBGene00197942.,0,0,0
WBGene00197943.,0,0,0
WBGene00197944.,0,20,20
WBGene00197945.,0,0,0
WBGene00197946.,0,1,1
WBGene00197947.,0,0,0
WBGene00197948.,0,0,0
WBGene00197949.,0,2,2
WBGene00197950.,0,0,0
WBGene00197951.,0,0,0
WBGene00197952.,0,1,1
WBGene00197953.,0,1,1
WBGene00197954.,0,0,0
WBGene00197955.,0,1,1
WBGene00197956.,0,1,1
WBGene00197957.,0,2,2
WBGene00197958.,0,2,2
WBGene00197959.,0,4,4
WBGene00197960.,0,1,1
WBGene00197961.,0,1,1
WBGene00197962.,0,0,0
WBGene00197963.,0,0,0
WBGene00197964.,0,0,0
WBGene00197965.,0,3,3
WBGene00197966.,0,0,0
WBGene00197967.,0,0,0
WBGene00197968.,0,0,0
WBGene00197969.,0,1,1
WBGene00197970.,0,1,1
WBGene00197971.,0,27,27
WBGene00197972.,0,0,0
WBGene00197973.,0,10,10
WBGene00197974.,0,0,0
WBGene00197975.,0,0,0
WBGene00197976.,0,5,5
WBGene00197977.,0,0,0
WBGene00197978.,0,1,1
WBGene00197979.,0,0,0
WBGene00197980.,0,0,0
WBGene00197981.,0,1,1
WBGene00197982.,0,0,0
WBGene00197983.,0,11,11
WBGene00197984.,0,4,4
WBGene00197985.,0,0,0
WBGene00197986.,0,0,0
WBGene00197987.,0,0,0
WBGene00197988.,0,0,0
WBGene00197989.,0,1,1
WBGene00197990.,0,0,0
WBGene00197991.,0,10,10
WBGene00197992.,0,1,1
WBGene00197993.,0,0,0
WBGene00197994.,0,1,1
WBGene00197995.,0,3,3
WBGene00197996.,0,0,0
WBGene00197997.,0,2,2
WBGene00197998.,0,0,0
WBGene00197999.,0,1,1
WBGene00198000.,0,3,3
WBGene00198001.,0,0,0
WBGene00198002.,0,0,0
WBGene00198003.,0,1,1
WBGene00198004.,0,1,1
WBGene00198005.,0,0,0
WBGene00198006.,0,0,0
WBGene00198007.,0,0,0
WBGene00198008.,0,3,3
WBGene00198009.,0,0,0
WBGene00198010.,0,0,0
WBGene00198011.,0,0,0
WBGene00198012.,0,0,0
WBGene00198013.,0,0,0
WBGene00198014.,0,5,5
WBGene00198015.,0,0,0
WBGene00198016.,0,0,0
WBGene00198017.,0,0,0
WBGene00198018.,0,1,1
WBGene00198019.,0,2,2
WBGene00198020.,0,2,2
WBGene00198021.,0,22,22
WBGene00198022.,0,0,0
WBGene00198023.,0,0,0
WBGene00198024.,0,0,0
WBGene00198025.,0,3,3
WBGene00198026.,0,0,0
WBGene00198027.,0,0,0
WBGene00198028.,0,0,0
WBGene00198029.,0,1,1
WBGene00198030.,0,0,0
WBGene00198031.,0,0,0
WBGene00198032.,0,1,1
WBGene00198033.,0,0,0
WBGene00198034.,0,0,0
WBGene00198035.,0,0,0
WBGene00198036.,0,0,0
WBGene00198037.,0,0,0
WBGene00198038.,0,0,0
WBGene00198039.,0,0,0
WBGene00198040.,0,0,0
WBGene00198041.,0,0,0
WBGene00198042.,0,4,4
WBGene00198043.,0,0,0
WBGene00198044.,0,0,0
WBGene00198045.,0,0,0
WBGene00198046.,0,1,1
WBGene00198047.,0,11,11
WBGene00198048.,0,3,3
WBGene00198049.,0,0,0
WBGene00198050.,0,0,0
WBGene00198051.,0,0,0
WBGene00198052.,0,3,3
WBGene00198053.,0,1,1
WBGene00198054.,0,0,0
WBGene00198055.,0,0,0
WBGene00198056.,0,1,1
WBGene00198057.,0,1,1
WBGene00198058.,0,0,0
WBGene00198059.,0,0,0
WBGene00198060.,0,0,0
WBGene00198061.,0,4,4
WBGene00198062.,0,0,0
WBGene00198063.,0,0,0
WBGene00198064.,0,1,1
WBGene00198065.,0,1,1
WBGene00198066.,0,0,0
WBGene00198067.,0,0,0
WBGene00198068.,0,0,0
WBGene00198069.,0,1,1
WBGene00198070.,0,0,0
WBGene00198071.,0,0,0
WBGene00198072.,0,0,0
WBGene00198073.,0,0,0
WBGene00198074.,0,0,0
WBGene00198075.,0,27,27
WBGene00198076.,0,0,0
WBGene00198077.,0,2,2
WBGene00198078.,0,0,0
WBGene00198079.,0,0,0
WBGene00198080.,0,0,0
WBGene00198081.,0,3,3
WBGene00198082.,0,0,0
WBGene00198083.,0,3,3
WBGene00198084.,0,0,0
WBGene00198085.,0,1,1
WBGene00198086.,0,0,0
WBGene00198087.,0,0,0
WBGene00198088.,0,2,2
WBGene00198089.,0,0,0
WBGene00198090.,0,1,1
WBGene00198091.,0,10,10
WBGene00198092.,0,1,1
WBGene00198093.,0,3,3
WBGene00198094.,0,6,6
WBGene00198095.,0,1,1
WBGene00198096.,0,1,1
WBGene00198097.,0,0,0
WBGene00198098.,0,0,0
WBGene00198099.,0,0,0
WBGene00198100.,0,0,0
WBGene00198101.,0,3,3
WBGene00198102.,0,0,0
WBGene00198103.,0,0,0
WBGene00198104.,0,5,5
WBGene00198105.,0,1,1
WBGene00198106.,0,1,1
WBGene00198107.,0,0,0
WBGene00198108.,0,3,3
WBGene00198109.,0,0,0
WBGene00198110.,0,0,0
WBGene00198111.,0,1,1
WBGene00198112.,0,2,2
WBGene00198113.,0,1,1
WBGene00198114.,0,0,0
WBGene00198115.,0,0,0
WBGene00198116.,0,0,0
WBGene00198117.,0,0,0
WBGene00198118.,0,1,1
WBGene00198119.,0,2,2
WBGene00198120.,0,0,0
WBGene00198121.,0,1,1
WBGene00198122.,0,11,11
WBGene00198123.,0,0,0
WBGene00198124.,0,21,21
WBGene00198125.,0,0,0
WBGene00198126.,0,3,3
WBGene00198127.,0,0,0
WBGene00198128.,0,0,0
WBGene00198129.,0,0,0
WBGene00198130.,0,2,2
WBGene00198131.,0,27,27
WBGene00198132.,0,5,5
WBGene00198133.,0,2,2
WBGene00198134.,0,4,4
WBGene00198135.,0,6,6
WBGene00198136.,0,2,2
WBGene00198137.,0,0,0
WBGene00198138.,0,9,9
WBGene00198139.,0,1,1
WBGene00198140.,0,0,0
WBGene00198141.,0,1,1
WBGene00198142.,0,8,8
WBGene00198143.,0,1,1
WBGene00198144.,0,0,0
WBGene00198145.,0,0,0
WBGene00198146.,0,0,0
WBGene00198147.,0,0,0
WBGene00198148.,0,0,0
WBGene00198149.,0,2,2
WBGene00198150.,0,1,1
WBGene00198151.,0,1,1
WBGene00198152.,0,1,1
WBGene00198153.,0,1,1
WBGene00198154.,0,1,1
WBGene00198155.,0,0,0
WBGene00198156.,0,2,2
WBGene00198157.,0,1,1
WBGene00198158.,0,0,0
WBGene00198159.,0,1,1
WBGene00198160.,0,0,0
WBGene00198161.,0,0,0
WBGene00198162.,0,28,28
WBGene00198163.,0,0,0
WBGene00198164.,0,0,0
WBGene00198165.,0,0,0
WBGene00198166.,0,0,0
WBGene00198167.,0,2,2
WBGene00198168.,0,0,0
WBGene00198169.,0,1,1
WBGene00198170.,0,0,0
WBGene00198171.,0,11,11
WBGene00198172.,0,1,1
WBGene00198173.,0,0,0
WBGene00198174.,0,29,29
WBGene00198175.,0,0,0
WBGene00198176.,0,0,0
WBGene00198177.,0,0,0
WBGene00198178.,0,0,0
WBGene00198179.,0,0,0
WBGene00198180.,0,0,0
WBGene00198181.,0,1,1
WBGene00198182.,0,19,19
WBGene00198183.,0,5,5
WBGene00198184.,0,0,0
WBGene00198185.,0,0,0
WBGene00198186.,0,0,0
WBGene00198187.,0,1,1
WBGene00198188.,0,8,8
WBGene00198189.,0,0,0
WBGene00198190.,0,0,0
WBGene00198191.,0,1,1
WBGene00198192.,0,0,0
WBGene00198193.,0,4,4
WBGene00198194.,0,2,2
WBGene00198195.,0,0,0
WBGene00198196.,0,3,3
WBGene00198197.,0,0,0
WBGene00198198.,0,1,1
WBGene00198199.,0,0,0
WBGene00198200.,0,0,0
WBGene00198201.,0,0,0
WBGene00198202.,0,0,0
WBGene00198203.,0,0,0
WBGene00198204.,0,0,0
WBGene00198205.,0,0,0
WBGene00198206.,0,0,0
WBGene00198207.,0,1,1
WBGene00198208.,0,0,0
WBGene00198209.,0,6,6
WBGene00198210.,0,0,0
WBGene00198211.,0,0,0
WBGene00198212.,0,0,0
WBGene00198213.,0,32,32
WBGene00198214.,0,7,7
WBGene00198215.,0,6,6
WBGene00198216.,0,4,4
WBGene00198217.,0,0,0
WBGene00198218.,0,1,1
WBGene00198219.,0,0,0
WBGene00198220.,0,0,0
WBGene00198221.,0,0,0
WBGene00198222.,0,0,0
WBGene00198223.,0,0,0
WBGene00198224.,0,0,0
WBGene00198225.,0,53,53
WBGene00198226.,0,2,2
WBGene00198227.,0,1,1
WBGene00198228.,0,0,0
WBGene00198229.,0,2,2
WBGene00198230.,0,0,0
WBGene00198231.,0,0,0
WBGene00198232.,0,0,0
WBGene00198233.,0,0,0
WBGene00198234.,0,8,8
WBGene00198235.,0,0,0
WBGene00198236.,0,1,1
WBGene00198237.,0,1,1
WBGene00198238.,0,0,0
WBGene00198239.,0,0,0
WBGene00198240.,0,1,1
WBGene00198241.,0,6,6
WBGene00198242.,0,32,32
WBGene00198243.,0,0,0
WBGene00198244.,0,1,1
WBGene00198245.,0,1,1
WBGene00198246.,0,15,15
WBGene00198247.,0,8,8
WBGene00198248.,0,1,1
WBGene00198249.,0,0,0
WBGene00198250.,0,0,0
WBGene00198251.,0,2,2
WBGene00198252.,0,0,0
WBGene00198253.,0,0,0
WBGene00198254.,0,1,1
WBGene00198255.,0,0,0
WBGene00198256.,0,1,1
WBGene00198257.,0,22,22
WBGene00198258.,0,10,10
WBGene00198259.,0,1,1
WBGene00198260.,0,0,0
WBGene00198261.,0,1,1
WBGene00198262.,0,7,7
WBGene00198263.,0,2,2
WBGene00198264.,0,0,0
WBGene00198265.,0,0,0
WBGene00198266.,0,0,0
WBGene00198267.,0,0,0
WBGene00198268.,0,1,1
WBGene00198269.,0,1,1
WBGene00198270.,0,0,0
WBGene00198271.,0,0,0
WBGene00198272.,0,0,0
WBGene00198273.,0,0,0
WBGene00198274.,0,0,0
WBGene00198275.,0,0,0
WBGene00198276.,0,0,0
WBGene00198277.,0,38,38
WBGene00198278.,0,4,4
WBGene00198279.,0,1,1
WBGene00198280.,0,1,1
WBGene00198281.,0,0,0
WBGene00198282.,0,0,0
WBGene00198283.,0,0,0
WBGene00198284.,0,0,0
WBGene00198285.,0,0,0
WBGene00198286.,0,1,1
WBGene00198287.,0,6,6
WBGene00198288.,0,0,0
WBGene00198289.,0,0,0
WBGene00198290.,0,2,2
WBGene00198291.,0,0,0
WBGene00198292.,0,4,4
WBGene00198293.,0,0,0
WBGene00198294.,0,0,0
WBGene00198295.,0,0,0
WBGene00198296.,0,0,0
WBGene00198297.,0,0,0
WBGene00198298.,0,9,9
WBGene00198299.,0,0,0
WBGene00198300.,0,114,114
WBGene00198301.,0,0,0
WBGene00198302.,0,0,0
WBGene00198303.,0,4,4
WBGene00198304.,0,0,0
WBGene00198305.,0,0,0
WBGene00198306.,0,2,2
WBGene00198307.,0,88,88
WBGene00198308.,0,2,2
WBGene00198309.,0,0,0
WBGene00198310.,0,0,0
WBGene00198311.,0,11,11
WBGene00198312.,0,2,2
WBGene00198313.,0,0,0
WBGene00198314.,0,1,1
WBGene00198315.,0,18,18
WBGene00198316.,0,2,2
WBGene00198317.,0,0,0
WBGene00198318.,0,0,0
WBGene00198319.,0,0,0
WBGene00198320.,0,8,8
WBGene00198321.,0,0,0
WBGene00198322.,0,0,0
WBGene00198323.,0,1,1
WBGene00198324.,0,4,4
WBGene00198325.,0,0,0
WBGene00198326.,0,21,21
WBGene00198327.,0,0,0
WBGene00198328.,0,0,0
WBGene00198329.,0,0,0
WBGene00198330.,0,1,1
WBGene00198331.,0,5,5
WBGene00198332.,0,0,0
WBGene00198333.,0,0,0
WBGene00198334.,0,1,1
WBGene00198335.,0,0,0
WBGene00198336.,0,0,0
WBGene00198337.,0,1,1
WBGene00198338.,0,0,0
WBGene00198339.,0,0,0
WBGene00198340.,0,3,3
WBGene00198341.,0,6,6
WBGene00198342.,0,0,0
WBGene00198343.,0,0,0
WBGene00198344.,0,4,4
WBGene00198345.,0,0,0
WBGene00198346.,0,1,1
WBGene00198347.,0,0,0
WBGene00198348.,0,7,7
WBGene00198349.,0,1,1
WBGene00198350.,0,0,0
WBGene00198351.,0,7,7
WBGene00198352.,0,0,0
WBGene00198353.,0,0,0
WBGene00198354.,0,5,5
WBGene00198355.,0,1,1
WBGene00198356.,0,2,2
WBGene00198357.,0,0,0
WBGene00198358.,0,0,0
WBGene00198359.,0,0,0
WBGene00198360.,0,0,0
WBGene00198361.,0,5,5
WBGene00198362.,0,0,0
WBGene00198363.,0,0,0
WBGene00198364.,0,0,0
WBGene00198365.,0,1,1
WBGene00198366.,0,0,0
WBGene00198367.,0,2,2
WBGene00198368.,0,43,43
WBGene00198369.,0,0,0
WBGene00198370.,0,3,3
WBGene00198371.,0,0,0
WBGene00198372.,0,0,0
WBGene00198373.,0,2,2
WBGene00198374.,0,0,0
WBGene00198375.,0,0,0
WBGene00198376.,0,1,1
WBGene00198377.,0,0,0
WBGene00198378.,0,0,0
WBGene00198379.,0,3,3
WBGene00198380.,0,0,0
WBGene00198381.,0,5,5
WBGene00198382.,0,0,0
WBGene00198383.,0,0,0
WBGene00198384.,0,0,0
WBGene00198385.,0,13,13
WBGene00198386.,0,15,15
WBGene00198387.,0,0,0
WBGene00198388.,0,0,0
WBGene00198389.,0,0,0
WBGene00198390.,0,0,0
WBGene00198391.,0,1,1
WBGene00198392.,0,0,0
WBGene00198393.,0,3,3
WBGene00198394.,0,1,1
WBGene00198395.,0,0,0
WBGene00198396.,0,1,1
WBGene00198397.,0,0,0
WBGene00198398.,0,0,0
WBGene00198399.,0,26,26
WBGene00198400.,0,0,0
WBGene00198401.,0,4,4
WBGene00198402.,0,2,2
WBGene00198403.,0,0,0
WBGene00198404.,0,5,5
WBGene00198405.,0,0,0
WBGene00198406.,0,9,9
WBGene00198407.,0,0,0
WBGene00198408.,0,0,0
WBGene00198409.,0,0,0
WBGene00198410.,0,0,0
WBGene00198411.,0,0,0
WBGene00198412.,0,0,0
WBGene00198413.,0,0,0
WBGene00198414.,0,3,3
WBGene00198415.,0,0,0
WBGene00198416.,0,0,0
WBGene00198417.,0,0,0
WBGene00198418.,0,0,0
WBGene00198419.,0,3,3
WBGene00198420.,0,0,0
WBGene00198421.,0,0,0
WBGene00198422.,0,0,0
WBGene00198423.,0,7,7
WBGene00198424.,0,0,0
WBGene00198425.,0,1,1
WBGene00198426.,0,16,16
WBGene00198427.,0,0,0
WBGene00198428.,0,0,0
WBGene00198429.,0,7,7
WBGene00198430.,0,0,0
WBGene00198431.,0,2,2
WBGene00198432.,0,0,0
WBGene00198433.,0,0,0
WBGene00198434.,0,0,0
WBGene00198435.,0,1,1
WBGene00198436.,0,1,1
WBGene00198437.,0,4,4
WBGene00198438.,0,1,1
WBGene00198439.,0,0,0
WBGene00198440.,0,1,1
WBGene00198441.,0,15,15
WBGene00198442.,0,0,0
WBGene00198443.,0,0,0
WBGene00198444.,0,0,0
WBGene00198445.,0,1,1
WBGene00198446.,0,0,0
WBGene00198447.,0,0,0
WBGene00198448.,0,0,0
WBGene00198449.,0,0,0
WBGene00198450.,0,7,7
WBGene00198451.,0,0,0
WBGene00198452.,0,0,0
WBGene00198453.,0,0,0
WBGene00198454.,0,0,0
WBGene00198455.,0,0,0
WBGene00198456.,0,0,0
WBGene00198457.,0,0,0
WBGene00198458.,0,0,0
WBGene00198459.,0,1,1
WBGene00198460.,0,5,5
WBGene00198461.,0,0,0
WBGene00198462.,0,0,0
WBGene00198463.,0,0,0
WBGene00198464.,0,0,0
WBGene00198465.,0,0,0
WBGene00198466.,0,13,13
WBGene00198467.,0,2,2
WBGene00198468.,0,0,0
WBGene00198469.,0,1,1
WBGene00198470.,0,0,0
WBGene00198471.,0,0,0
WBGene00198472.,0,5,5
WBGene00198473.,0,0,0
WBGene00198474.,0,1,1
WBGene00198475.,0,1,1
WBGene00198476.,0,2,2
WBGene00198477.,0,1,1
WBGene00198478.,0,2,2
WBGene00198479.,0,0,0
WBGene00198480.,0,0,0
WBGene00198481.,0,0,0
WBGene00198482.,0,1,1
WBGene00198483.,0,0,0
WBGene00198484.,0,0,0
WBGene00198485.,0,7,7
WBGene00198486.,0,837,837
WBGene00198487.,0,0,0
WBGene00198488.,0,0,0
WBGene00198489.,0,7,7
WBGene00198490.,0,0,0
WBGene00198491.,0,7,7
WBGene00198492.,0,1,1
WBGene00198493.,0,0,0
WBGene00198494.,0,0,0
WBGene00198495.,0,0,0
WBGene00198496.,0,1,1
WBGene00198497.,0,1,1
WBGene00198498.,0,0,0
WBGene00198499.,0,1,1
WBGene00198500.,0,0,0
WBGene00198501.,0,0,0
WBGene00198502.,0,0,0
WBGene00198503.,0,0,0
WBGene00198504.,0,1,1
WBGene00198505.,0,0,0
WBGene00198506.,0,4,4
WBGene00198507.,0,0,0
WBGene00198508.,0,2,2
WBGene00198509.,0,1,1
WBGene00198510.,0,0,0
WBGene00198511.,0,0,0
WBGene00198512.,0,6,6
WBGene00198513.,0,0,0
WBGene00198514.,0,0,0
WBGene00198515.,0,1,1
WBGene00198516.,0,1,1
WBGene00198517.,0,0,0
WBGene00198518.,0,0,0
WBGene00198519.,0,2,2
WBGene00198520.,0,1,1
WBGene00198521.,0,0,0
WBGene00198522.,0,0,0
WBGene00198523.,0,0,0
WBGene00198524.,0,0,0
WBGene00198525.,0,1,1
WBGene00198526.,0,5,5
WBGene00198527.,0,0,0
WBGene00198528.,0,1,1
WBGene00198529.,0,2,2
WBGene00198530.,0,12,12
WBGene00198531.,0,0,0
WBGene00198532.,0,0,0
WBGene00198533.,0,0,0
WBGene00198534.,0,5,5
WBGene00198535.,0,0,0
WBGene00198536.,0,3,3
WBGene00198537.,0,1,1
WBGene00198538.,0,0,0
WBGene00198539.,0,0,0
WBGene00198540.,0,2,2
WBGene00198541.,0,2,2
WBGene00198542.,0,0,0
WBGene00198543.,0,3,3
WBGene00198544.,0,0,0
WBGene00198545.,0,0,0
WBGene00198546.,0,2,2
WBGene00198547.,0,0,0
WBGene00198548.,0,0,0
WBGene00198549.,0,4,4
WBGene00198550.,0,5,5
WBGene00198551.,0,5,5
WBGene00198552.,0,4,4
WBGene00198553.,0,1,1
WBGene00198554.,0,4,4
WBGene00198555.,0,0,0
WBGene00198556.,0,0,0
WBGene00198557.,0,0,0
WBGene00198558.,0,9,9
WBGene00198559.,0,0,0
WBGene00198560.,0,0,0
WBGene00198561.,0,0,0
WBGene00198562.,0,0,0
WBGene00198563.,0,19,19
WBGene00198564.,0,0,0
WBGene00198565.,0,1,1
WBGene00198566.,0,0,0
WBGene00198567.,0,0,0
WBGene00198568.,0,9,9
WBGene00198569.,0,0,0
WBGene00198570.,0,0,0
WBGene00198571.,0,0,0
WBGene00198572.,0,0,0
WBGene00198573.,0,0,0
WBGene00198574.,0,0,0
WBGene00198575.,0,23,23
WBGene00198576.,0,4,4
WBGene00198577.,0,0,0
WBGene00198578.,0,1,1
WBGene00198579.,0,0,0
WBGene00198580.,0,0,0
WBGene00198581.,0,0,0
WBGene00198582.,0,0,0
WBGene00198583.,0,2,2
WBGene00198584.,0,1,1
WBGene00198585.,0,1,1
WBGene00198586.,0,2,2
WBGene00198587.,0,0,0
WBGene00198588.,0,0,0
WBGene00198589.,0,0,0
WBGene00198590.,0,0,0
WBGene00198591.,0,1,1
WBGene00198592.,0,0,0
WBGene00198593.,0,0,0
WBGene00198594.,0,0,0
WBGene00198595.,0,0,0
WBGene00198596.,0,13,13
WBGene00198597.,0,0,0
WBGene00198598.,0,10,10
WBGene00198599.,0,15,15
WBGene00198600.,0,0,0
WBGene00198601.,0,2,2
WBGene00198602.,0,1,1
WBGene00198603.,0,0,0
WBGene00198604.,0,3,3
WBGene00198605.,0,0,0
WBGene00198606.,0,0,0
WBGene00198607.,0,1,1
WBGene00198608.,0,3,3
WBGene00198609.,0,0,0
WBGene00198610.,0,0,0
WBGene00198611.,0,0,0
WBGene00198612.,0,0,0
WBGene00198613.,0,0,0
WBGene00198614.,0,0,0
WBGene00198615.,0,2,2
WBGene00198616.,0,0,0
WBGene00198617.,0,1,1
WBGene00198618.,0,0,0
WBGene00198619.,0,0,0
WBGene00198620.,0,1,1
WBGene00198621.,0,56,56
WBGene00198622.,0,0,0
WBGene00198623.,0,0,0
WBGene00198624.,0,0,0
WBGene00198625.,0,0,0
WBGene00198626.,0,0,0
WBGene00198627.,0,0,0
WBGene00198628.,0,0,0
WBGene00198629.,0,0,0
WBGene00198630.,0,0,0
WBGene00198631.,0,2,2
WBGene00198632.,0,1,1
WBGene00198633.,0,5,5
WBGene00198634.,0,22,22
WBGene00198635.,0,0,0
WBGene00198636.,0,0,0
WBGene00198637.,0,1,1
WBGene00198638.,0,1,1
WBGene00198639.,0,2,2
WBGene00198640.,0,0,0
WBGene00198641.,0,12,12
WBGene00198642.,0,161,161
WBGene00198643.,0,0,0
WBGene00198644.,0,0,0
WBGene00198645.,0,5,5
WBGene00198646.,0,0,0
WBGene00198647.,0,0,0
WBGene00198648.,0,1,1
WBGene00198649.,0,3,3
WBGene00198650.,0,1,1
WBGene00198651.,0,0,0
WBGene00198652.,0,0,0
WBGene00198653.,0,0,0
WBGene00198654.,0,0,0
WBGene00198655.,0,0,0
WBGene00198656.,0,0,0
WBGene00198657.,0,0,0
WBGene00198658.,0,1,1
WBGene00198659.,0,0,0
WBGene00198660.,0,1,1
WBGene00198661.,0,1,1
WBGene00198662.,0,15,15
WBGene00198663.,0,1,1
WBGene00198664.,0,2,2
WBGene00198665.,0,1,1
WBGene00198666.,0,0,0
WBGene00198667.,0,0,0
WBGene00198668.,0,10,10
WBGene00198669.,0,0,0
WBGene00198670.,0,0,0
WBGene00198671.,0,2,2
WBGene00198672.,0,1,1
WBGene00198673.,0,0,0
WBGene00198674.,0,3,3
WBGene00198675.,0,0,0
WBGene00198676.,0,0,0
WBGene00198677.,0,0,0
WBGene00198678.,0,0,0
WBGene00198679.,0,2,2
WBGene00198680.,0,0,0
WBGene00198681.,0,1,1
WBGene00198682.,0,0,0
WBGene00198683.,0,4,4
WBGene00198684.,0,0,0
WBGene00198685.,0,1,1
WBGene00198686.,0,1,1
WBGene00198687.,0,0,0
WBGene00198688.,0,0,0
WBGene00198689.,0,1,1
WBGene00198690.,0,1,1
WBGene00198691.,0,0,0
WBGene00198692.,0,9,9
WBGene00198693.,0,0,0
WBGene00198694.,0,0,0
WBGene00198695.,0,0,0
WBGene00198696.,0,0,0
WBGene00198697.,0,11,11
WBGene00198698.,0,0,0
WBGene00198699.,0,0,0
WBGene00198700.,0,0,0
WBGene00198701.,0,0,0
WBGene00198702.,0,0,0
WBGene00198703.,0,1,1
WBGene00198704.,0,5,5
WBGene00198705.,0,0,0
WBGene00198706.,0,3,3
WBGene00198707.,0,1,1
WBGene00198708.,0,0,0
WBGene00198709.,0,6,6
WBGene00198710.,0,0,0
WBGene00198711.,0,3,3
WBGene00198712.,0,0,0
WBGene00198713.,0,8,8
WBGene00198714.,0,0,0
WBGene00198715.,0,0,0
WBGene00198716.,0,0,0
WBGene00198717.,0,0,0
WBGene00198718.,0,1,1
WBGene00198719.,0,0,0
WBGene00198720.,0,0,0
WBGene00198721.,0,10,10
WBGene00198722.,0,0,0
WBGene00198723.,0,0,0
WBGene00198724.,0,1,1
WBGene00198725.,0,1,1
WBGene00198726.,0,0,0
WBGene00198727.,0,0,0
WBGene00198728.,0,1,1
WBGene00198729.,0,0,0
WBGene00198730.,0,0,0
WBGene00198731.,0,17,17
WBGene00198732.,0,3,3
WBGene00198733.,0,0,0
WBGene00198734.,0,4,4
WBGene00198735.,0,0,0
WBGene00198736.,0,0,0
WBGene00198737.,0,3,3
WBGene00198738.,0,1,1
WBGene00198739.,0,1,1
WBGene00198740.,0,1,1
WBGene00198741.,0,0,0
WBGene00198742.,0,0,0
WBGene00198743.,0,0,0
WBGene00198744.,0,1,1
WBGene00198745.,0,1,1
WBGene00198746.,0,9,9
WBGene00198747.,0,1,1
WBGene00198748.,0,4,4
WBGene00198749.,0,0,0
WBGene00198750.,0,0,0
WBGene00198751.,0,0,0
WBGene00198752.,0,0,0
WBGene00198753.,0,0,0
WBGene00198754.,0,0,0
WBGene00198755.,0,0,0
WBGene00198756.,0,13,13
WBGene00198757.,0,0,0
WBGene00198758.,0,0,0
WBGene00198759.,0,9,9
WBGene00198760.,0,0,0
WBGene00198761.,0,0,0
WBGene00198762.,0,0,0
WBGene00198763.,0,0,0
WBGene00198764.,0,0,0
WBGene00198765.,0,0,0
WBGene00198766.,0,0,0
WBGene00198767.,0,1,1
WBGene00198768.,0,0,0
WBGene00198769.,0,0,0
WBGene00198770.,0,1,1
WBGene00198771.,0,1,1
WBGene00198772.,0,0,0
WBGene00198773.,0,0,0
WBGene00198774.,0,6,6
WBGene00198775.,0,3,3
WBGene00198776.,0,0,0
WBGene00198777.,0,4,4
WBGene00198778.,0,0,0
WBGene00198779.,0,0,0
WBGene00198780.,0,1,1
WBGene00198781.,0,0,0
WBGene00198782.,0,10,10
WBGene00198783.,0,0,0
WBGene00198784.,0,0,0
WBGene00198785.,0,0,0
WBGene00198786.,0,8,8
WBGene00198787.,0,2,2
WBGene00198788.,0,0,0
WBGene00198789.,0,0,0
WBGene00198790.,0,2,2
WBGene00198791.,0,0,0
WBGene00198792.,0,0,0
WBGene00198793.,0,0,0
WBGene00198794.,0,0,0
WBGene00198795.,0,0,0
WBGene00198796.,0,0,0
WBGene00198797.,0,0,0
WBGene00198798.,0,2,2
WBGene00198799.,0,6,6
WBGene00198800.,0,0,0
WBGene00198801.,0,1,1
WBGene00198802.,0,0,0
WBGene00198803.,0,2,2
WBGene00198804.,0,20,20
WBGene00198805.,0,0,0
WBGene00198806.,0,0,0
WBGene00198807.,0,0,0
WBGene00198808.,0,1,1
WBGene00198809.,0,1,1
WBGene00198810.,0,21,21
WBGene00198811.,0,0,0
WBGene00198812.,0,0,0
WBGene00198813.,0,0,0
WBGene00198814.,0,64559,64559
WBGene00198815.,0,0,0
WBGene00198816.,0,0,0
WBGene00198817.,0,0,0
WBGene00198818.,0,1,1
WBGene00198819.,0,0,0
WBGene00198820.,0,1,1
WBGene00198821.,0,0,0
WBGene00198822.,0,0,0
WBGene00198823.,0,0,0
WBGene00198824.,0,0,0
WBGene00198825.,0,0,0
WBGene00198826.,0,4,4
WBGene00198827.,0,3,3
WBGene00198828.,0,0,0
WBGene00198829.,0,0,0
WBGene00198830.,0,2,2
WBGene00198831.,0,3,3
WBGene00198832.,0,0,0
WBGene00198833.,0,0,0
WBGene00198834.,0,0,0
WBGene00198835.,0,0,0
WBGene00198836.,0,0,0
WBGene00198837.,0,0,0
WBGene00198838.,0,0,0
WBGene00198839.,0,2,2
WBGene00198840.,0,0,0
WBGene00198841.,0,2,2
WBGene00198842.,0,0,0
WBGene00198843.,0,0,0
WBGene00198844.,0,0,0
WBGene00198845.,0,0,0
WBGene00198846.,0,0,0
WBGene00198847.,0,0,0
WBGene00198848.,0,0,0
WBGene00198849.,0,0,0
WBGene00198850.,0,0,0
WBGene00198851.,0,0,0
WBGene00198852.,0,9,9
WBGene00198853.,0,2,2
WBGene00198854.,0,1,1
WBGene00198855.,0,6,6
WBGene00198856.,0,5,5
WBGene00198857.,0,0,0
WBGene00198858.,0,2,2
WBGene00198859.,0,0,0
WBGene00198860.,0,0,0
WBGene00198861.,0,0,0
WBGene00198862.,0,0,0
WBGene00198863.,0,0,0
WBGene00198864.,0,1,1
WBGene00198865.,0,0,0
WBGene00198866.,0,0,0
WBGene00198867.,0,0,0
WBGene00198868.,0,0,0
WBGene00198869.,0,0,0
WBGene00198870.,0,0,0
WBGene00198871.,0,0,0
WBGene00198872.,0,0,0
WBGene00198873.,0,3,3
WBGene00198874.,0,0,0
WBGene00198875.,0,0,0
WBGene00198876.,0,0,0
WBGene00198877.,0,0,0
WBGene00198878.,0,1,1
WBGene00198879.,0,0,0
WBGene00198880.,0,2,2
WBGene00198881.,0,3,3
WBGene00198882.,0,9,9
WBGene00198883.,0,0,0
WBGene00198884.,0,0,0
WBGene00198885.,0,4,4
WBGene00198886.,0,0,0
WBGene00198887.,0,13,13
WBGene00198888.,0,1,1
WBGene00198889.,0,0,0
WBGene00198890.,0,14,14
WBGene00198891.,0,0,0
WBGene00198892.,0,0,0
WBGene00198893.,0,0,0
WBGene00198894.,0,0,0
WBGene00198895.,0,0,0
WBGene00198896.,0,3,3
WBGene00198897.,0,2,2
WBGene00198898.,0,2,2
WBGene00198899.,0,0,0
WBGene00198900.,0,0,0
WBGene00198901.,0,2,2
WBGene00198902.,0,0,0
WBGene00198903.,0,0,0
WBGene00198904.,0,1,1
WBGene00198905.,0,13,13
WBGene00198906.,0,0,0
WBGene00198907.,0,3,3
WBGene00198908.,0,0,0
WBGene00198909.,0,0,0
WBGene00198910.,0,0,0
WBGene00198911.,0,0,0
WBGene00198912.,0,0,0
WBGene00198913.,0,0,0
WBGene00198914.,0,3,3
WBGene00198915.,0,0,0
WBGene00198916.,0,2,2
WBGene00198917.,0,0,0
WBGene00198918.,0,3,3
WBGene00198919.,0,0,0
WBGene00198920.,0,0,0
WBGene00198921.,0,0,0
WBGene00198922.,0,5,5
WBGene00198923.,0,0,0
WBGene00198924.,0,0,0
WBGene00198925.,0,0,0
WBGene00198926.,0,0,0
WBGene00198927.,0,7,7
WBGene00198928.,0,2,2
WBGene00198929.,0,44,44
WBGene00198930.,0,0,0
WBGene00198931.,0,0,0
WBGene00198932.,0,0,0
WBGene00198933.,0,2,2
WBGene00198934.,0,7,7
WBGene00198935.,0,2,2
WBGene00198936.,0,0,0
WBGene00198937.,0,0,0
WBGene00198938.,0,0,0
WBGene00198939.,0,0,0
WBGene00198940.,0,3,3
WBGene00198941.,0,5,5
WBGene00198942.,0,0,0
WBGene00198943.,0,0,0
WBGene00198944.,0,4,4
WBGene00198945.,0,2,2
WBGene00198946.,0,5,5
WBGene00198947.,0,0,0
WBGene00198948.,0,0,0
WBGene00198949.,0,0,0
WBGene00198950.,0,4,4
WBGene00198951.,0,0,0
WBGene00198952.,0,0,0
WBGene00198953.,0,0,0
WBGene00198954.,0,9,9
WBGene00198955.,0,19,19
WBGene00198956.,0,1,1
WBGene00198957.,0,0,0
WBGene00198958.,0,0,0
WBGene00198959.,0,6,6
WBGene00198960.,0,0,0
WBGene00198961.,0,1,1
WBGene00198962.,0,0,0
WBGene00198963.,0,3,3
WBGene00198964.,0,6,6
WBGene00198965.,0,12,12
WBGene00198966.,0,0,0
WBGene00198967.,0,0,0
WBGene00198968.,0,0,0
WBGene00198969.,0,0,0
WBGene00198970.,0,0,0
WBGene00198971.,0,0,0
WBGene00198972.,0,0,0
WBGene00198973.,0,0,0
WBGene00198974.,0,0,0
WBGene00198975.,0,14,14
WBGene00198976.,0,1,1
WBGene00198977.,0,1,1
WBGene00198978.,0,1,1
WBGene00198979.,0,1,1
WBGene00198980.,0,2,2
WBGene00198981.,0,1,1
WBGene00198982.,0,0,0
WBGene00198983.,0,0,0
WBGene00198984.,0,0,0
WBGene00198985.,0,1,1
WBGene00198986.,0,4,4
WBGene00198987.,0,3,3
WBGene00198988.,0,0,0
WBGene00198989.,0,9,9
WBGene00198990.,0,0,0
WBGene00198991.,0,15,15
WBGene00198992.,0,0,0
WBGene00198993.,0,0,0
WBGene00198994.,0,1,1
WBGene00198995.,0,1,1
WBGene00198996.,0,2,2
WBGene00198997.,0,0,0
WBGene00198998.,0,0,0
WBGene00198999.,0,0,0
WBGene00199000.,0,1,1
WBGene00199001.,0,0,0
WBGene00199002.,0,3,3
WBGene00199003.,0,0,0
WBGene00199004.,0,0,0
WBGene00199005.,0,9,9
WBGene00199006.,0,0,0
WBGene00199007.,0,0,0
WBGene00199008.,0,2,2
WBGene00199009.,0,0,0
WBGene00199010.,0,1,1
WBGene00199011.,0,0,0
WBGene00199012.,0,0,0
WBGene00199013.,0,0,0
WBGene00199014.,0,0,0
WBGene00199015.,0,3,3
WBGene00199016.,0,34,34
WBGene00199017.,0,1,1
WBGene00199018.,0,0,0
WBGene00199019.,0,1,1
WBGene00199020.,0,1,1
WBGene00199021.,0,0,0
WBGene00199022.,0,1,1
WBGene00199023.,0,0,0
WBGene00199024.,0,5,5
WBGene00199025.,0,0,0
WBGene00199026.,0,0,0
WBGene00199027.,0,0,0
WBGene00199028.,0,0,0
WBGene00199029.,0,0,0
WBGene00199030.,0,0,0
WBGene00199031.,0,10,10
WBGene00199032.,0,2,2
WBGene00199033.,0,0,0
WBGene00199034.,0,1,1
WBGene00199035.,0,1,1
WBGene00199036.,0,5,5
WBGene00199037.,0,0,0
WBGene00199038.,0,0,0
WBGene00199039.,0,1,1
WBGene00199040.,0,7,7
WBGene00199041.,0,2,2
WBGene00199042.,0,0,0
WBGene00199043.,0,8,8
WBGene00199044.,0,1,1
WBGene00199045.,0,1,1
WBGene00199046.,0,0,0
WBGene00199047.,0,0,0
WBGene00199048.,0,0,0
WBGene00199049.,0,0,0
WBGene00199050.,0,0,0
WBGene00199051.,0,42,42
WBGene00199052.,0,0,0
WBGene00199053.,0,7,7
WBGene00199054.,0,0,0
WBGene00199055.,0,0,0
WBGene00199056.,0,0,0
WBGene00199057.,0,0,0
WBGene00199058.,0,0,0
WBGene00199059.,0,1,1
WBGene00199060.,0,1,1
WBGene00199061.,0,0,0
WBGene00199062.,0,0,0
WBGene00199063.,0,0,0
WBGene00199064.,0,0,0
WBGene00199065.,0,0,0
WBGene00199066.,0,0,0
WBGene00199067.,0,0,0
WBGene00199068.,0,1,1
WBGene00199069.,0,0,0
WBGene00199070.,0,1,1
WBGene00199071.,0,0,0
WBGene00199072.,0,0,0
WBGene00199073.,0,1,1
WBGene00199074.,0,1,1
WBGene00199075.,0,0,0
WBGene00199076.,0,0,0
WBGene00199077.,0,4,4
WBGene00199078.,0,0,0
WBGene00199079.,0,0,0
WBGene00199080.,0,1,1
WBGene00199081.,0,0,0
WBGene00199082.,0,0,0
WBGene00199083.,0,7,7
WBGene00199084.,0,0,0
WBGene00199085.,0,1,1
WBGene00199086.,0,1,1
WBGene00199087.,0,9,9
WBGene00199088.,0,15,15
WBGene00199089.,0,0,0
WBGene00199090.,0,0,0
WBGene00199091.,0,1,1
WBGene00199092.,0,1,1
WBGene00199093.,0,15,15
WBGene00199094.,0,3,3
WBGene00199095.,0,1,1
WBGene00199096.,0,2,2
WBGene00199097.,0,0,0
WBGene00199098.,0,0,0
WBGene00199099.,0,0,0
WBGene00199100.,0,0,0
WBGene00199101.,0,1,1
WBGene00199102.,0,8,8
WBGene00199103.,0,0,0
WBGene00199104.,0,0,0
WBGene00199105.,0,0,0
WBGene00199106.,0,1,1
WBGene00199107.,0,0,0
WBGene00199108.,0,0,0
WBGene00199109.,0,0,0
WBGene00199110.,0,3,3
WBGene00199111.,0,0,0
WBGene00199112.,0,19,19
WBGene00199113.,0,0,0
WBGene00199114.,0,4,4
WBGene00199115.,0,13,13
WBGene00199116.,0,1,1
WBGene00199117.,0,4,4
WBGene00199118.,0,0,0
WBGene00199119.,0,0,0
WBGene00199120.,0,0,0
WBGene00199121.,0,0,0
WBGene00199122.,0,3,3
WBGene00199123.,0,1,1
WBGene00199124.,0,0,0
WBGene00199125.,0,2,2
WBGene00199126.,0,3,3
WBGene00199127.,0,0,0
WBGene00199128.,0,0,0
WBGene00199129.,0,0,0
WBGene00199130.,0,0,0
WBGene00199131.,0,0,0
WBGene00199132.,0,16,16
WBGene00199133.,0,0,0
WBGene00199134.,0,1,1
WBGene00199135.,0,2,2
WBGene00199136.,0,1,1
WBGene00199137.,0,1,1
WBGene00199138.,0,2,2
WBGene00199139.,0,1,1
WBGene00199140.,0,0,0
WBGene00199141.,0,3,3
WBGene00199142.,0,0,0
WBGene00199143.,0,0,0
WBGene00199144.,0,0,0
WBGene00199145.,0,0,0
WBGene00199146.,0,0,0
WBGene00199147.,0,0,0
WBGene00199148.,0,2,2
WBGene00199149.,0,0,0
WBGene00199150.,0,5,5
WBGene00199151.,0,0,0
WBGene00199152.,0,0,0
WBGene00199153.,0,0,0
WBGene00199154.,0,0,0
WBGene00199155.,0,2,2
WBGene00199156.,0,1,1
WBGene00199157.,0,2,2
WBGene00199158.,0,0,0
WBGene00199159.,0,0,0
WBGene00199160.,0,0,0
WBGene00199161.,0,0,0
WBGene00199162.,0,0,0
WBGene00199163.,0,0,0
WBGene00199164.,0,0,0
WBGene00199165.,0,0,0
WBGene00199166.,0,40,40
WBGene00199167.,0,0,0
WBGene00199168.,0,1,1
WBGene00199169.,0,0,0
WBGene00199170.,0,0,0
WBGene00199171.,0,1,1
WBGene00199172.,0,0,0
WBGene00199173.,0,2,2
WBGene00199174.,0,1,1
WBGene00199175.,0,0,0
WBGene00199176.,0,0,0
WBGene00199177.,0,37,37
WBGene00199178.,0,0,0
WBGene00199179.,0,0,0
WBGene00199180.,0,5,5
WBGene00199181.,0,0,0
WBGene00199182.,0,0,0
WBGene00199183.,0,0,0
WBGene00199184.,0,1,1
WBGene00199185.,0,0,0
WBGene00199186.,0,0,0
WBGene00199187.,0,0,0
WBGene00199188.,0,0,0
WBGene00199189.,0,0,0
WBGene00199190.,0,0,0
WBGene00199191.,0,1,1
WBGene00199192.,0,0,0
WBGene00199193.,0,0,0
WBGene00199194.,0,4,4
WBGene00199195.,0,0,0
WBGene00199196.,0,0,0
WBGene00199197.,0,6,6
WBGene00199198.,0,0,0
WBGene00199199.,0,0,0
WBGene00199200.,0,1,1
WBGene00199201.,0,2,2
WBGene00199202.,0,1,1
WBGene00199203.,0,0,0
WBGene00199204.,0,0,0
WBGene00199205.,0,1,1
WBGene00199206.,0,11,11
WBGene00199207.,0,0,0
WBGene00199208.,0,0,0
WBGene00199209.,0,4,4
WBGene00199210.,0,0,0
WBGene00199211.,0,4,4
WBGene00199212.,0,2,2
WBGene00199213.,0,0,0
WBGene00199214.,0,0,0
WBGene00199215.,0,0,0
WBGene00199216.,0,0,0
WBGene00199217.,0,1,1
WBGene00199218.,0,5,5
WBGene00199219.,0,1,1
WBGene00199220.,0,0,0
WBGene00199221.,0,0,0
WBGene00199222.,0,4,4
WBGene00199223.,0,2,2
WBGene00199224.,0,0,0
WBGene00199225.,0,54,54
WBGene00199226.,0,0,0
WBGene00199227.,0,2,2
WBGene00199228.,0,0,0
WBGene00199229.,0,10,10
WBGene00199230.,0,0,0
WBGene00199231.,0,0,0
WBGene00199232.,0,0,0
WBGene00199233.,0,1,1
WBGene00199234.,0,0,0
WBGene00199235.,0,1,1
WBGene00199236.,0,0,0
WBGene00199237.,0,6,6
WBGene00199238.,0,7,7
WBGene00199239.,0,0,0
WBGene00199240.,0,1,1
WBGene00199241.,0,1,1
WBGene00199242.,0,9,9
WBGene00199243.,0,1,1
WBGene00199244.,0,0,0
WBGene00199245.,0,0,0
WBGene00199246.,0,5,5
WBGene00199247.,0,12,12
WBGene00199248.,0,0,0
WBGene00199249.,0,26,26
WBGene00199250.,0,2,2
WBGene00199251.,0,1,1
WBGene00199252.,0,1,1
WBGene00199253.,0,1,1
WBGene00199254.,0,0,0
WBGene00199255.,0,2,2
WBGene00199256.,0,2,2
WBGene00199257.,0,0,0
WBGene00199258.,0,8,8
WBGene00199259.,0,0,0
WBGene00199260.,0,1,1
WBGene00199261.,0,1,1
WBGene00199262.,0,0,0
WBGene00199263.,0,0,0
WBGene00199264.,0,0,0
WBGene00199265.,0,8,8
WBGene00199266.,0,0,0
WBGene00199267.,0,0,0
WBGene00199268.,0,0,0
WBGene00199269.,0,1,1
WBGene00199270.,0,0,0
WBGene00199271.,0,1,1
WBGene00199272.,0,2,2
WBGene00199273.,0,1,1
WBGene00199274.,0,16,16
WBGene00199275.,0,0,0
WBGene00199276.,0,1,1
WBGene00199277.,0,3,3
WBGene00199278.,0,29,29
WBGene00199279.,0,0,0
WBGene00199280.,0,1,1
WBGene00199281.,0,0,0
WBGene00199282.,0,0,0
WBGene00199283.,0,0,0
WBGene00199284.,0,2,2
WBGene00199285.,0,4,4
WBGene00199286.,0,0,0
WBGene00199287.,0,0,0
WBGene00199288.,0,0,0
WBGene00199289.,0,0,0
WBGene00199290.,0,0,0
WBGene00199291.,0,4,4
WBGene00199292.,0,1,1
WBGene00199293.,0,1,1
WBGene00199294.,0,0,0
WBGene00199295.,0,1,1
WBGene00199296.,0,3,3
WBGene00199297.,0,0,0
WBGene00199298.,0,0,0
WBGene00199299.,0,1,1
WBGene00199300.,0,0,0
WBGene00199301.,0,0,0
WBGene00199302.,0,0,0
WBGene00199303.,0,0,0
WBGene00199304.,0,12,12
WBGene00199305.,2,0,2
WBGene00199306.,0,3,3
WBGene00199307.,0,2,2
WBGene00199308.,0,1,1
WBGene00199309.,0,0,0
WBGene00199310.,0,2,2
WBGene00199311.,0,0,0
WBGene00199312.,0,4,4
WBGene00199313.,0,8,8
WBGene00199314.,0,2,2
WBGene00199315.,0,4,4
WBGene00199316.,0,0,0
WBGene00199317.,0,2,2
WBGene00199318.,0,2,2
WBGene00199319.,0,1,1
WBGene00199320.,0,2,2
WBGene00199321.,0,5,5
WBGene00199322.,0,0,0
WBGene00199323.,0,0,0
WBGene00199324.,0,2,2
WBGene00199325.,0,0,0
WBGene00199326.,0,0,0
WBGene00199327.,0,9,9
WBGene00199328.,0,0,0
WBGene00199329.,0,0,0
WBGene00199330.,0,1,1
WBGene00199331.,0,0,0
WBGene00199332.,0,0,0
WBGene00199333.,0,0,0
WBGene00199334.,0,0,0
WBGene00199335.,0,0,0
WBGene00199336.,0,25,25
WBGene00199337.,0,0,0
WBGene00199338.,0,0,0
WBGene00199339.,0,240,240
WBGene00199340.,0,0,0
WBGene00199341.,0,0,0
WBGene00199342.,0,1,1
WBGene00199343.,0,1,1
WBGene00199344.,0,0,0
WBGene00199345.,0,2,2
WBGene00199346.,0,0,0
WBGene00199347.,0,0,0
WBGene00199348.,0,0,0
WBGene00199349.,0,0,0
WBGene00199350.,0,6,6
WBGene00199351.,0,0,0
WBGene00199352.,0,0,0
WBGene00199353.,0,15,15
WBGene00199354.,0,4,4
WBGene00199355.,0,0,0
WBGene00199356.,0,4,4
WBGene00199357.,0,0,0
WBGene00199358.,0,0,0
WBGene00199359.,0,12,12
WBGene00199360.,0,6,6
WBGene00199361.,0,10,10
WBGene00199362.,0,10,10
WBGene00199363.,0,32,32
WBGene00199364.,0,0,0
WBGene00199365.,0,1,1
WBGene00199366.,0,0,0
WBGene00199367.,0,0,0
WBGene00199368.,0,1,1
WBGene00199369.,0,0,0
WBGene00199370.,0,9,9
WBGene00199371.,0,0,0
WBGene00199372.,0,6,6
WBGene00199373.,0,0,0
WBGene00199374.,0,3,3
WBGene00199375.,0,0,0
WBGene00199376.,0,0,0
WBGene00199377.,0,0,0
WBGene00199378.,0,0,0
WBGene00199379.,0,0,0
WBGene00199380.,0,0,0
WBGene00199381.,0,0,0
WBGene00199382.,0,2,2
WBGene00199383.,0,2,2
WBGene00199384.,0,0,0
WBGene00199385.,0,0,0
WBGene00199386.,0,2,2
WBGene00199387.,0,0,0
WBGene00199388.,0,0,0
WBGene00199389.,0,0,0
WBGene00199390.,0,0,0
WBGene00199391.,0,0,0
WBGene00199392.,0,1,1
WBGene00199393.,0,0,0
WBGene00199394.,0,0,0
WBGene00199395.,0,16,16
WBGene00199396.,0,3,3
WBGene00199397.,0,1,1
WBGene00199398.,0,4,4
WBGene00199399.,0,0,0
WBGene00199400.,0,0,0
WBGene00199401.,0,6,6
WBGene00199402.,0,0,0
WBGene00199403.,0,0,0
WBGene00199404.,0,57,57
WBGene00199405.,0,0,0
WBGene00199406.,0,0,0
WBGene00199407.,0,0,0
WBGene00199408.,0,2,2
WBGene00199409.,0,0,0
WBGene00199410.,0,24,24
WBGene00199411.,0,0,0
WBGene00199412.,0,0,0
WBGene00199413.,0,0,0
WBGene00199414.,0,0,0
WBGene00199415.,0,7,7
WBGene00199416.,0,8,8
WBGene00199417.,0,0,0
WBGene00199418.,0,0,0
WBGene00199419.,0,3,3
WBGene00199420.,0,0,0
WBGene00199421.,0,16,16
WBGene00199422.,0,1,1
WBGene00199423.,0,0,0
WBGene00199424.,0,0,0
WBGene00199425.,0,0,0
WBGene00199426.,0,0,0
WBGene00199427.,0,0,0
WBGene00199428.,0,0,0
WBGene00199429.,0,0,0
WBGene00199430.,0,0,0
WBGene00199431.,0,0,0
WBGene00199432.,0,0,0
WBGene00199433.,0,0,0
WBGene00199434.,0,56,56
WBGene00199435.,0,0,0
WBGene00199436.,0,1,1
WBGene00199437.,0,1,1
WBGene00199438.,0,0,0
WBGene00199439.,0,0,0
WBGene00199440.,0,2,2
WBGene00199441.,0,4,4
WBGene00199442.,0,0,0
WBGene00199443.,0,9,9
WBGene00199444.,0,0,0
WBGene00199445.,0,17,17
WBGene00199446.,0,0,0
WBGene00199447.,0,0,0
WBGene00199448.,0,0,0
WBGene00199449.,0,0,0
WBGene00199450.,0,0,0
WBGene00199451.,0,24,24
WBGene00199452.,0,0,0
WBGene00199453.,0,0,0
WBGene00199454.,0,0,0
WBGene00199455.,0,0,0
WBGene00199456.,0,1,1
WBGene00199457.,0,0,0
WBGene00199458.,0,11,11
WBGene00199459.,0,0,0
WBGene00199460.,0,3,3
WBGene00199461.,0,1,1
WBGene00199462.,0,31,31
WBGene00199463.,0,5,5
WBGene00199464.,0,2,2
WBGene00199465.,0,4,4
WBGene00199466.,0,1,1
WBGene00199467.,0,0,0
WBGene00199468.,0,0,0
WBGene00199469.,0,0,0
WBGene00199470.,0,0,0
WBGene00199471.,0,2,2
WBGene00199472.,0,1,1
WBGene00199473.,0,0,0
WBGene00199474.,0,2,2
WBGene00199475.,0,20,20
WBGene00199476.,0,2,2
WBGene00199477.,0,4,4
WBGene00199478.,0,3,3
WBGene00199479.,0,3,3
WBGene00199480.,0,2,2
WBGene00199481.,0,0,0
WBGene00199482.,0,0,0
WBGene00199483.,0,0,0
WBGene00199484.,0,0,0
WBGene00199485.,0,54,54
WBGene00199486.,0,4,4
WBGene00199487.,0,0,0
WBGene00199488.,0,4,4
WBGene00199489.,0,1,1
WBGene00199490.,0,0,0
WBGene00199491.,0,0,0
WBGene00199492.,0,0,0
WBGene00199493.,0,4,4
WBGene00199494.,0,2,2
WBGene00199495.,0,1,1
WBGene00199496.,0,0,0
WBGene00199497.,0,0,0
WBGene00199498.,0,0,0
WBGene00199499.,0,2,2
WBGene00199500.,0,0,0
WBGene00199501.,0,0,0
WBGene00199502.,0,1,1
WBGene00199503.,0,0,0
WBGene00199504.,0,0,0
WBGene00199505.,0,2,2
WBGene00199506.,0,23,23
WBGene00199507.,0,6,6
WBGene00199508.,0,0,0
WBGene00199509.,0,0,0
WBGene00199510.,0,0,0
WBGene00199511.,0,0,0
WBGene00199512.,0,0,0
WBGene00199513.,0,33,33
WBGene00199514.,0,1,1
WBGene00199515.,0,0,0
WBGene00199516.,0,0,0
WBGene00199517.,0,0,0
WBGene00199518.,0,0,0
WBGene00199519.,0,0,0
WBGene00199520.,0,0,0
WBGene00199521.,0,0,0
WBGene00199522.,0,2,2
WBGene00199523.,0,35,35
WBGene00199524.,0,2,2
WBGene00199525.,0,0,0
WBGene00199526.,0,1,1
WBGene00199527.,0,0,0
WBGene00199528.,0,0,0
WBGene00199529.,0,0,0
WBGene00199530.,0,0,0
WBGene00199531.,0,1,1
WBGene00199532.,0,1,1
WBGene00199533.,0,1,1
WBGene00199534.,0,1,1
WBGene00199535.,0,0,0
WBGene00199536.,0,0,0
WBGene00199537.,0,0,0
WBGene00199538.,0,4,4
WBGene00199539.,0,0,0
WBGene00199540.,0,0,0
WBGene00199541.,0,8,8
WBGene00199542.,0,2,2
WBGene00199543.,0,0,0
WBGene00199544.,0,0,0
WBGene00199545.,0,0,0
WBGene00199546.,0,0,0
WBGene00199547.,0,0,0
WBGene00199548.,0,0,0
WBGene00199549.,0,6,6
WBGene00199550.,0,0,0
WBGene00199551.,0,0,0
WBGene00199552.,0,0,0
WBGene00199553.,0,0,0
WBGene00199554.,0,1,1
WBGene00199555.,0,0,0
WBGene00199556.,0,1,1
WBGene00199557.,0,4,4
WBGene00199558.,0,1,1
WBGene00199559.,0,0,0
WBGene00199560.,0,0,0
WBGene00199561.,0,0,0
WBGene00199562.,0,6,6
WBGene00199563.,0,6,6
WBGene00199564.,0,0,0
WBGene00199565.,0,1,1
WBGene00199566.,0,2,2
WBGene00199567.,0,4,4
WBGene00199568.,0,0,0
WBGene00199569.,0,0,0
WBGene00199570.,0,8,8
WBGene00199571.,0,0,0
WBGene00199572.,0,0,0
WBGene00199573.,0,0,0
WBGene00199574.,0,0,0
WBGene00199575.,0,0,0
WBGene00199576.,0,2,2
WBGene00199577.,0,0,0
WBGene00199578.,0,0,0
WBGene00199579.,0,0,0
WBGene00199580.,0,0,0
WBGene00199581.,0,0,0
WBGene00199582.,0,0,0
WBGene00199583.,0,0,0
WBGene00199584.,0,1,1
WBGene00199585.,0,1,1
WBGene00199586.,0,11,11
WBGene00199587.,0,0,0
WBGene00199588.,0,0,0
WBGene00199589.,0,3,3
WBGene00199590.,0,0,0
WBGene00199591.,0,0,0
WBGene00199592.,0,0,0
WBGene00199593.,0,3,3
WBGene00199594.,0,0,0
WBGene00199595.,0,0,0
WBGene00199596.,0,1,1
WBGene00199597.,0,0,0
WBGene00199598.,0,0,0
WBGene00199599.,0,2,2
WBGene00199600.,0,2,2
WBGene00199601.,0,46,46
WBGene00199602.,0,0,0
WBGene00199603.,0,0,0
WBGene00199604.,0,0,0
WBGene00199605.,0,4,4
WBGene00199606.,0,1,1
WBGene00199607.,0,0,0
WBGene00199608.,0,5,5
WBGene00199609.,0,0,0
WBGene00199610.,0,5,5
WBGene00199611.,0,0,0
WBGene00199612.,0,8,8
WBGene00199613.,0,0,0
WBGene00199614.,0,0,0
WBGene00199615.,0,3,3
WBGene00199616.,0,0,0
WBGene00199617.,0,0,0
WBGene00199618.,0,0,0
WBGene00199619.,0,0,0
WBGene00199620.,0,2,2
WBGene00199621.,0,0,0
WBGene00199622.,0,22,22
WBGene00199623.,0,0,0
WBGene00199624.,0,0,0
WBGene00199625.,0,1,1
WBGene00199626.,0,2,2
WBGene00199627.,0,4,4
WBGene00199628.,0,1,1
WBGene00199629.,0,1,1
WBGene00199630.,0,0,0
WBGene00199631.,0,0,0
WBGene00199632.,0,2,2
WBGene00199633.,0,4,4
WBGene00199634.,0,0,0
WBGene00199635.,0,0,0
WBGene00199636.,0,2,2
WBGene00199637.,0,0,0
WBGene00199638.,0,2,2
WBGene00199639.,0,1,1
WBGene00199640.,0,0,0
WBGene00199641.,0,0,0
WBGene00199642.,0,0,0
WBGene00199643.,0,0,0
WBGene00199644.,0,8,8
WBGene00199645.,0,1,1
WBGene00199646.,0,0,0
WBGene00199647.,0,0,0
WBGene00199648.,0,1,1
WBGene00199649.,0,0,0
WBGene00199650.,0,1,1
WBGene00199651.,0,3,3
WBGene00199652.,0,0,0
WBGene00199653.,0,0,0
WBGene00199654.,0,0,0
WBGene00199655.,0,0,0
WBGene00199656.,0,0,0
WBGene00199657.,0,8,8
WBGene00199658.,0,4,4
WBGene00199659.,0,0,0
WBGene00199660.,0,0,0
WBGene00199661.,0,1,1
WBGene00199662.,0,0,0
WBGene00199663.,0,8,8
WBGene00199664.,0,0,0
WBGene00199665.,0,1,1
WBGene00199666.,0,2,2
WBGene00199667.,0,8,8
WBGene00199668.,0,0,0
WBGene00199669.,0,0,0
WBGene00199670.,0,1,1
WBGene00199671.,0,0,0
WBGene00199672.,0,18,18
WBGene00199673.,0,0,0
WBGene00199674.,0,15,15
WBGene00199675.,0,0,0
WBGene00199676.,0,0,0
WBGene00199677.,0,1,1
WBGene00199678.,0,0,0
WBGene00199679.,0,0,0
WBGene00199680.,0,1,1
WBGene00199681.,0,0,0
WBGene00199682.,0,1,1
WBGene00199683.,0,0,0
WBGene00199684.,0,0,0
WBGene00199685.,0,1,1
WBGene00199686.,0,7,7
WBGene00199687.,0,0,0
WBGene00199688.,0,0,0
WBGene00199689.,0,0,0
WBGene00199690.,0,0,0
WBGene00199691.,0,0,0
WBGene00199692.,0,2,2
WBGene00199693.,0,1,1
WBGene00199694.,0,0,0
WBGene00199695.,0,1,1
WBGene00199696.,0,0,0
WBGene00199697.,0,5,5
WBGene00199698.,0,0,0
WBGene00199699.,0,9,9
WBGene00199700.,0,0,0
WBGene00199701.,0,0,0
WBGene00199702.,0,5,5
WBGene00199703.,0,1,1
WBGene00199704.,0,0,0
WBGene00199705.,0,0,0
WBGene00199706.,0,0,0
WBGene00199707.,0,0,0
WBGene00199708.,0,4,4
WBGene00199709.,0,0,0
WBGene00199710.,0,17,17
WBGene00199711.,0,9,9
WBGene00199712.,0,0,0
WBGene00199713.,0,2,2
WBGene00199714.,0,1,1
WBGene00199715.,0,0,0
WBGene00199716.,0,2,2
WBGene00199717.,0,0,0
WBGene00199718.,0,0,0
WBGene00199719.,0,0,0
WBGene00199720.,0,3,3
WBGene00199721.,0,0,0
WBGene00199722.,0,0,0
WBGene00199723.,0,0,0
WBGene00199724.,0,4,4
WBGene00199725.,0,0,0
WBGene00199726.,0,1,1
WBGene00199727.,0,2,2
WBGene00199728.,0,0,0
WBGene00199729.,0,0,0
WBGene00199730.,0,0,0
WBGene00199731.,0,5,5
WBGene00199732.,0,1,1
WBGene00199733.,0,0,0
WBGene00199734.,0,0,0
WBGene00199735.,0,1,1
WBGene00199736.,0,0,0
WBGene00199737.,0,3,3
WBGene00199738.,0,1,1
WBGene00199739.,0,0,0
WBGene00199740.,0,22,22
WBGene00199741.,0,11,11
WBGene00199742.,0,12,12
WBGene00199743.,0,5,5
WBGene00199744.,0,0,0
WBGene00199745.,0,1,1
WBGene00199746.,0,0,0
WBGene00199747.,0,0,0
WBGene00199748.,0,4,4
WBGene00199749.,0,0,0
WBGene00199750.,0,0,0
WBGene00199751.,0,25,25
WBGene00199752.,0,0,0
WBGene00199753.,0,744,744
WBGene00199754.,0,0,0
WBGene00199755.,0,0,0
WBGene00199756.,0,2,2
WBGene00199757.,0,0,0
WBGene00199758.,0,0,0
WBGene00199759.,0,5,5
WBGene00199760.,0,0,0
WBGene00199761.,0,4,4
WBGene00199762.,0,1,1
WBGene00199763.,0,0,0
WBGene00199764.,0,0,0
WBGene00199765.,0,4,4
WBGene00199766.,0,0,0
WBGene00199767.,0,1,1
WBGene00199768.,0,1,1
WBGene00199769.,0,0,0
WBGene00199770.,0,0,0
WBGene00199771.,0,0,0
WBGene00199772.,0,0,0
WBGene00199773.,0,11,11
WBGene00199774.,0,0,0
WBGene00199775.,0,0,0
WBGene00199776.,0,0,0
WBGene00199777.,0,2,2
WBGene00199778.,0,1,1
WBGene00199779.,0,1,1
WBGene00199780.,0,5,5
WBGene00199781.,0,1,1
WBGene00199782.,0,6,6
WBGene00199783.,0,15,15
WBGene00199784.,0,2,2
WBGene00199785.,0,0,0
WBGene00199786.,0,6,6
WBGene00199787.,0,2,2
WBGene00199788.,0,4,4
WBGene00199789.,0,0,0
WBGene00199790.,0,0,0
WBGene00199791.,0,1,1
WBGene00199792.,0,0,0
WBGene00199793.,0,0,0
WBGene00199794.,0,8,8
WBGene00199795.,0,0,0
WBGene00199796.,0,0,0
WBGene00199797.,0,0,0
WBGene00199798.,0,0,0
WBGene00199799.,0,0,0
WBGene00199800.,0,0,0
WBGene00199801.,0,0,0
WBGene00199802.,0,0,0
WBGene00199803.,0,2,2
WBGene00199804.,0,0,0
WBGene00199805.,0,0,0
WBGene00199806.,0,1,1
WBGene00199807.,0,1,1
WBGene00199808.,0,1,1
WBGene00199809.,0,1,1
WBGene00199810.,0,2,2
WBGene00199811.,0,0,0
WBGene00199812.,0,0,0
WBGene00199813.,0,0,0
WBGene00199814.,0,0,0
WBGene00199815.,0,1,1
WBGene00199816.,0,0,0
WBGene00199817.,0,0,0
WBGene00199818.,0,0,0
WBGene00199819.,0,49,49
WBGene00199820.,0,16,16
WBGene00199821.,0,0,0
WBGene00199822.,0,0,0
WBGene00199823.,0,0,0
WBGene00199824.,0,26,26
WBGene00199825.,0,4,4
WBGene00199826.,0,0,0
WBGene00199827.,0,0,0
WBGene00199828.,0,0,0
WBGene00199829.,0,0,0
WBGene00199830.,0,0,0
WBGene00199831.,0,2,2
WBGene00199832.,0,0,0
WBGene00199833.,0,0,0
WBGene00199834.,0,0,0
WBGene00199835.,0,1,1
WBGene00199836.,0,0,0
WBGene00199837.,0,0,0
WBGene00199838.,0,0,0
WBGene00199839.,0,0,0
WBGene00199840.,0,5,5
WBGene00199841.,0,0,0
WBGene00199842.,0,2,2
WBGene00199843.,0,2,2
WBGene00199844.,0,0,0
WBGene00199845.,0,0,0
WBGene00199846.,0,0,0
WBGene00199847.,0,0,0
WBGene00199848.,0,0,0
WBGene00199849.,0,1,1
WBGene00199850.,0,15,15
WBGene00199851.,0,2,2
WBGene00199852.,0,0,0
WBGene00199853.,0,5,5
WBGene00199854.,0,1,1
WBGene00199855.,0,1,1
WBGene00199856.,0,1,1
WBGene00199857.,0,1,1
WBGene00199858.,0,5,5
WBGene00199859.,0,1,1
WBGene00199860.,0,0,0
WBGene00199861.,0,1,1
WBGene00199862.,0,0,0
WBGene00199863.,0,0,0
WBGene00199864.,0,0,0
WBGene00199865.,0,0,0
WBGene00199866.,0,4,4
WBGene00199867.,0,4,4
WBGene00199868.,0,0,0
WBGene00199869.,0,0,0
WBGene00199870.,0,0,0
WBGene00199871.,0,19,19
WBGene00199872.,0,0,0
WBGene00199873.,0,0,0
WBGene00199874.,0,0,0
WBGene00199875.,0,0,0
WBGene00199876.,0,0,0
WBGene00199877.,0,0,0
WBGene00199878.,0,0,0
WBGene00199879.,0,6,6
WBGene00199880.,0,0,0
WBGene00199881.,0,0,0
WBGene00199882.,0,0,0
WBGene00199883.,0,0,0
WBGene00199884.,0,0,0
WBGene00199885.,0,0,0
WBGene00199886.,0,1,1
WBGene00199887.,0,1,1
WBGene00199888.,0,0,0
WBGene00199889.,0,0,0
WBGene00199890.,0,3,3
WBGene00199891.,0,0,0
WBGene00199892.,0,0,0
WBGene00199893.,0,12,12
WBGene00199894.,0,2,2
WBGene00199895.,0,2,2
WBGene00199896.,0,1,1
WBGene00199897.,0,139,139
WBGene00199898.,0,28,28
WBGene00199899.,0,15,15
WBGene00199900.,0,9,9
WBGene00199901.,0,0,0
WBGene00199902.,0,0,0
WBGene00199903.,0,0,0
WBGene00199904.,0,0,0
WBGene00199905.,0,0,0
WBGene00199906.,0,0,0
WBGene00199907.,0,0,0
WBGene00199908.,0,4,4
WBGene00199909.,0,4,4
WBGene00199910.,0,0,0
WBGene00199911.,0,0,0
WBGene00199912.,0,0,0
WBGene00199913.,0,0,0
WBGene00199914.,0,1,1
WBGene00199915.,0,0,0
WBGene00199916.,0,0,0
WBGene00199917.,0,5,5
WBGene00199918.,0,0,0
WBGene00199919.,0,0,0
WBGene00199920.,0,0,0
WBGene00199921.,0,0,0
WBGene00199922.,0,0,0
WBGene00199923.,0,0,0
WBGene00199924.,0,1,1
WBGene00199925.,0,0,0
WBGene00199926.,0,0,0
WBGene00199927.,0,0,0
WBGene00199928.,0,0,0
WBGene00199929.,0,1,1
WBGene00199930.,0,1,1
WBGene00199931.,0,0,0
WBGene00199932.,0,0,0
WBGene00199933.,0,0,0
WBGene00199934.,0,0,0
WBGene00199935.,0,1,1
WBGene00199936.,0,0,0
WBGene00199937.,0,0,0
WBGene00199938.,0,0,0
WBGene00199939.,0,0,0
WBGene00199940.,0,2,2
WBGene00199941.,0,0,0
WBGene00199942.,0,0,0
WBGene00199943.,0,0,0
WBGene00199944.,0,1,1
WBGene00199945.,0,0,0
WBGene00199946.,0,199,199
WBGene00199947.,0,9,9
WBGene00199948.,0,1,1
WBGene00199949.,0,0,0
WBGene00199950.,0,2,2
WBGene00199951.,0,0,0
WBGene00199952.,0,0,0
WBGene00199953.,0,1,1
WBGene00199954.,0,0,0
WBGene00199955.,0,2,2
WBGene00199956.,0,0,0
WBGene00199957.,0,22,22
WBGene00199958.,0,0,0
WBGene00199959.,0,1,1
WBGene00199960.,0,0,0
WBGene00199961.,0,0,0
WBGene00199962.,0,1,1
WBGene00199963.,0,0,0
WBGene00199964.,0,0,0
WBGene00199965.,0,0,0
WBGene00199966.,0,0,0
WBGene00199967.,0,0,0
WBGene00199968.,0,0,0
WBGene00199969.,0,0,0
WBGene00199970.,0,1,1
WBGene00199971.,0,0,0
WBGene00199972.,0,4,4
WBGene00199973.,0,0,0
WBGene00199974.,0,0,0
WBGene00199975.,0,0,0
WBGene00199976.,0,6,6
WBGene00199977.,0,3,3
WBGene00199978.,0,7,7
WBGene00199979.,0,0,0
WBGene00199980.,0,0,0
WBGene00199981.,0,0,0
WBGene00199982.,0,1,1
WBGene00199983.,0,3,3
WBGene00199984.,0,0,0
WBGene00199985.,0,0,0
WBGene00199986.,0,6,6
WBGene00199987.,0,0,0
WBGene00199988.,0,0,0
WBGene00199989.,0,8,8
WBGene00199990.,0,6,6
WBGene00199991.,0,0,0
WBGene00199992.,0,1,1
WBGene00199993.,0,0,0
WBGene00199994.,0,0,0
WBGene00199995.,0,5,5
WBGene00199996.,0,0,0
WBGene00199997.,0,7,7
WBGene00199998.,0,7,7
WBGene00199999.,0,0,0
WBGene00200000.,0,2,2
WBGene00200001.,0,0,0
WBGene00200002.,0,1,1
WBGene00200003.,0,9,9
WBGene00200004.,0,0,0
WBGene00200005.,0,0,0
WBGene00200006.,0,0,0
WBGene00200007.,0,0,0
WBGene00200008.,0,5,5
WBGene00200009.,0,16,16
WBGene00200010.,0,1,1
WBGene00200011.,0,1,1
WBGene00200012.,0,0,0
WBGene00200013.,0,1,1
WBGene00200014.,0,7,7
WBGene00200015.,0,0,0
WBGene00200016.,0,0,0
WBGene00200017.,0,0,0
WBGene00200018.,0,1,1
WBGene00200019.,0,1,1
WBGene00200020.,0,0,0
WBGene00200021.,0,0,0
WBGene00200022.,0,1,1
WBGene00200023.,0,0,0
WBGene00200024.,0,0,0
WBGene00200025.,0,317,317
WBGene00200026.,0,2,2
WBGene00200027.,0,0,0
WBGene00200028.,0,35,35
WBGene00200029.,0,4,4
WBGene00200030.,0,1,1
WBGene00200031.,0,2,2
WBGene00200032.,0,9,9
WBGene00200033.,0,0,0
WBGene00200034.,0,5,5
WBGene00200035.,0,0,0
WBGene00200036.,0,0,0
WBGene00200037.,0,0,0
WBGene00200038.,0,0,0
WBGene00200039.,0,5,5
WBGene00200040.,0,0,0
WBGene00200041.,0,0,0
WBGene00200042.,0,11,11
WBGene00200043.,0,1,1
WBGene00200044.,0,1,1
WBGene00200045.,0,0,0
WBGene00200046.,0,0,0
WBGene00200047.,0,40,40
WBGene00200048.,0,0,0
WBGene00200049.,0,2,2
WBGene00200050.,0,9,9
WBGene00200051.,0,3,3
WBGene00200052.,0,0,0
WBGene00200053.,0,5,5
WBGene00200054.,0,0,0
WBGene00200055.,0,0,0
WBGene00200056.,0,1,1
WBGene00200057.,0,21,21
WBGene00200058.,0,2,2
WBGene00200059.,0,1,1
WBGene00200060.,0,0,0
WBGene00200061.,0,0,0
WBGene00200062.,0,0,0
WBGene00200063.,0,0,0
WBGene00200064.,0,0,0
WBGene00200065.,0,0,0
WBGene00200066.,0,0,0
WBGene00200067.,0,3,3
WBGene00200068.,0,0,0
WBGene00200069.,0,0,0
WBGene00200070.,0,18,18
WBGene00200071.,0,1,1
WBGene00200072.,0,1,1
WBGene00200073.,0,0,0
WBGene00200074.,0,1,1
WBGene00200075.,0,9,9
WBGene00200076.,0,0,0
WBGene00200077.,0,0,0
WBGene00200078.,0,0,0
WBGene00200079.,0,0,0
WBGene00200080.,0,38,38
WBGene00200081.,0,3,3
WBGene00200082.,0,0,0
WBGene00200083.,0,0,0
WBGene00200084.,0,0,0
WBGene00200085.,0,0,0
WBGene00200086.,0,0,0
WBGene00200087.,0,0,0
WBGene00200088.,0,2,2
WBGene00200089.,0,1,1
WBGene00200090.,0,0,0
WBGene00200091.,0,0,0
WBGene00200092.,0,0,0
WBGene00200093.,0,0,0
WBGene00200094.,0,0,0
WBGene00200095.,0,0,0
WBGene00200096.,0,1,1
WBGene00200097.,0,0,0
WBGene00200098.,0,14,14
WBGene00200099.,0,1,1
WBGene00200100.,0,14,14
WBGene00200101.,0,0,0
WBGene00200102.,0,0,0
WBGene00200103.,0,2,2
WBGene00200104.,0,0,0
WBGene00200105.,0,10,10
WBGene00200106.,0,0,0
WBGene00200107.,0,3,3
WBGene00200108.,0,0,0
WBGene00200109.,0,7,7
WBGene00200110.,0,0,0
WBGene00200111.,0,1,1
WBGene00200112.,0,0,0
WBGene00200113.,0,2,2
WBGene00200114.,0,0,0
WBGene00200115.,0,0,0
WBGene00200116.,0,6,6
WBGene00200117.,0,0,0
WBGene00200118.,0,1,1
WBGene00200119.,0,0,0
WBGene00200120.,0,0,0
WBGene00200121.,0,6,6
WBGene00200122.,0,0,0
WBGene00200123.,0,0,0
WBGene00200124.,0,0,0
WBGene00200125.,0,0,0
WBGene00200126.,0,4,4
WBGene00200127.,0,2,2
WBGene00200128.,0,2,2
WBGene00200129.,0,1,1
WBGene00200130.,0,1,1
WBGene00200131.,0,3,3
WBGene00200132.,0,0,0
WBGene00200133.,0,31,31
WBGene00200134.,0,4,4
WBGene00200135.,0,0,0
WBGene00200136.,0,0,0
WBGene00200137.,0,12,12
WBGene00200138.,0,2,2
WBGene00200139.,0,0,0
WBGene00200140.,0,0,0
WBGene00200141.,0,0,0
WBGene00200142.,0,1,1
WBGene00200143.,0,1,1
WBGene00200144.,0,0,0
WBGene00200145.,0,0,0
WBGene00200146.,0,0,0
WBGene00200147.,0,6,6
WBGene00200148.,0,5,5
WBGene00200149.,0,0,0
WBGene00200150.,0,13,13
WBGene00200151.,0,0,0
WBGene00200152.,0,0,0
WBGene00200153.,0,5,5
WBGene00200154.,0,9,9
WBGene00200155.,0,3,3
WBGene00200156.,0,0,0
WBGene00200157.,0,0,0
WBGene00200158.,0,0,0
WBGene00200159.,0,0,0
WBGene00200160.,0,0,0
WBGene00200161.,0,0,0
WBGene00200162.,0,0,0
WBGene00200163.,0,0,0
WBGene00200164.,0,4,4
WBGene00200165.,0,0,0
WBGene00200166.,0,1,1
WBGene00200167.,0,1,1
WBGene00200168.,0,0,0
WBGene00200169.,0,4,4
WBGene00200170.,0,8,8
WBGene00200171.,0,0,0
WBGene00200172.,0,0,0
WBGene00200173.,0,0,0
WBGene00200174.,0,0,0
WBGene00200175.,0,0,0
WBGene00200176.,0,0,0
WBGene00200177.,0,3,3
WBGene00200178.,0,0,0
WBGene00200179.,0,1,1
WBGene00200180.,0,0,0
WBGene00200181.,0,4,4
WBGene00200182.,0,1,1
WBGene00200183.,0,0,0
WBGene00200184.,0,0,0
WBGene00200185.,0,3,3
WBGene00200186.,0,3,3
WBGene00200187.,0,14,14
WBGene00200188.,0,6,6
WBGene00200189.,0,0,0
WBGene00200190.,0,1,1
WBGene00200191.,0,0,0
WBGene00200192.,0,5,5
WBGene00200193.,0,0,0
WBGene00200194.,0,0,0
WBGene00200195.,0,1,1
WBGene00200196.,0,1,1
WBGene00200197.,0,1,1
WBGene00200198.,0,0,0
WBGene00200199.,0,1,1
WBGene00200200.,0,0,0
WBGene00200201.,0,0,0
WBGene00200202.,0,0,0
WBGene00200203.,0,54,54
WBGene00200204.,0,0,0
WBGene00200205.,0,0,0
WBGene00200206.,0,0,0
WBGene00200207.,0,1,1
WBGene00200208.,0,0,0
WBGene00200209.,0,0,0
WBGene00200210.,0,3,3
WBGene00200211.,0,2,2
WBGene00200212.,0,0,0
WBGene00200213.,0,0,0
WBGene00200214.,0,0,0
WBGene00200215.,0,42,42
WBGene00200216.,0,1,1
WBGene00200217.,0,0,0
WBGene00200218.,0,0,0
WBGene00200219.,0,0,0
WBGene00200220.,0,0,0
WBGene00200221.,0,0,0
WBGene00200222.,0,0,0
WBGene00200223.,0,0,0
WBGene00200224.,0,0,0
WBGene00200225.,0,5,5
WBGene00200226.,0,0,0
WBGene00200227.,0,3,3
WBGene00200228.,0,1,1
WBGene00200229.,0,0,0
WBGene00200230.,0,0,0
WBGene00200231.,0,2,2
WBGene00200232.,0,0,0
WBGene00200233.,0,0,0
WBGene00200234.,0,0,0
WBGene00200235.,0,1,1
WBGene00200236.,0,0,0
WBGene00200237.,0,0,0
WBGene00200238.,0,0,0
WBGene00200239.,0,0,0
WBGene00200240.,0,0,0
WBGene00200241.,0,0,0
WBGene00200242.,0,1,1
WBGene00200243.,0,11,11
WBGene00200244.,0,1518,1518
WBGene00200245.,0,0,0
WBGene00200246.,0,0,0
WBGene00200247.,0,5,5
WBGene00200248.,0,2,2
WBGene00200249.,0,0,0
WBGene00200250.,0,6,6
WBGene00200251.,0,0,0
WBGene00200252.,0,0,0
WBGene00200253.,0,1,1
WBGene00200254.,0,0,0
WBGene00200255.,0,5,5
WBGene00200256.,0,2,2
WBGene00200257.,0,4,4
WBGene00200258.,0,0,0
WBGene00200259.,0,9,9
WBGene00200260.,0,0,0
WBGene00200261.,0,91,91
WBGene00200262.,0,0,0
WBGene00200263.,0,7,7
WBGene00200264.,0,3,3
WBGene00200265.,0,0,0
WBGene00200266.,0,7,7
WBGene00200267.,0,0,0
WBGene00200268.,0,1,1
WBGene00200269.,0,0,0
WBGene00200270.,0,5,5
WBGene00200271.,0,1,1
WBGene00200272.,0,0,0
WBGene00200273.,0,11,11
WBGene00200274.,0,0,0
WBGene00200275.,0,0,0
WBGene00200276.,0,0,0
WBGene00200277.,0,3,3
WBGene00200278.,0,7,7
WBGene00200279.,0,1,1
WBGene00200280.,0,2,2
WBGene00200281.,0,0,0
WBGene00200282.,0,9,9
WBGene00200283.,0,1,1
WBGene00200284.,0,0,0
WBGene00200285.,0,0,0
WBGene00200286.,0,0,0
WBGene00200287.,0,0,0
WBGene00200288.,0,0,0
WBGene00200289.,0,4,4
WBGene00200290.,0,0,0
WBGene00200291.,0,0,0
WBGene00200292.,0,0,0
WBGene00200293.,0,10,10
WBGene00200294.,0,33,33
WBGene00200295.,0,1,1
WBGene00200296.,0,3,3
WBGene00200297.,0,1,1
WBGene00200298.,0,1,1
WBGene00200299.,0,0,0
WBGene00200300.,0,11,11
WBGene00200301.,0,1,1
WBGene00200302.,0,18,18
WBGene00200303.,0,0,0
WBGene00200304.,0,0,0
WBGene00200305.,0,2,2
WBGene00200306.,0,1,1
WBGene00200307.,0,0,0
WBGene00200308.,0,24,24
WBGene00200309.,0,0,0
WBGene00200310.,0,3,3
WBGene00200311.,0,0,0
WBGene00200312.,0,3,3
WBGene00200313.,0,2,2
WBGene00200314.,0,0,0
WBGene00200315.,0,1,1
WBGene00200316.,0,2,2
WBGene00200317.,0,1,1
WBGene00200318.,0,2,2
WBGene00200319.,0,1,1
WBGene00200320.,0,0,0
WBGene00200321.,0,0,0
WBGene00200322.,0,0,0
WBGene00200323.,0,0,0
WBGene00200324.,0,0,0
WBGene00200325.,0,7,7
WBGene00200326.,0,0,0
WBGene00200327.,0,1,1
WBGene00200328.,0,1,1
WBGene00200329.,0,1,1
WBGene00200330.,0,1,1
WBGene00200331.,0,0,0
WBGene00200332.,0,0,0
WBGene00200333.,0,1,1
WBGene00200334.,0,0,0
WBGene00200335.,0,1,1
WBGene00200336.,0,0,0
WBGene00200337.,0,13,13
WBGene00200338.,0,0,0
WBGene00200339.,0,0,0
WBGene00200340.,0,1,1
WBGene00200341.,0,3,3
WBGene00200342.,0,0,0
WBGene00200343.,0,0,0
WBGene00200344.,0,16,16
WBGene00200345.,0,1,1
WBGene00200346.,0,0,0
WBGene00200347.,0,56,56
WBGene00200348.,0,0,0
WBGene00200349.,0,0,0
WBGene00200350.,0,0,0
WBGene00200351.,0,1,1
WBGene00200352.,0,0,0
WBGene00200353.,0,0,0
WBGene00200354.,0,0,0
WBGene00200355.,0,0,0
WBGene00200356.,0,0,0
WBGene00200357.,0,1,1
WBGene00200358.,0,7,7
WBGene00200359.,0,0,0
WBGene00200360.,0,0,0
WBGene00200361.,0,4,4
WBGene00200362.,0,0,0
WBGene00200363.,0,0,0
WBGene00200364.,0,0,0
WBGene00200365.,0,1,1
WBGene00200366.,0,0,0
WBGene00200367.,0,0,0
WBGene00200368.,0,0,0
WBGene00200369.,0,0,0
WBGene00200370.,0,26,26
WBGene00200371.,0,1,1
WBGene00200372.,0,2,2
WBGene00200373.,0,1,1
WBGene00200374.,0,0,0
WBGene00200375.,0,33,33
WBGene00200376.,0,0,0
WBGene00200377.,0,5,5
WBGene00200378.,0,0,0
WBGene00200379.,0,2,2
WBGene00200380.,0,0,0
WBGene00200381.,0,0,0
WBGene00200382.,0,0,0
WBGene00200383.,0,0,0
WBGene00200384.,0,12,12
WBGene00200385.,0,6,6
WBGene00200386.,0,0,0
WBGene00200387.,0,0,0
WBGene00200388.,0,0,0
WBGene00200389.,0,0,0
WBGene00200390.,0,2,2
WBGene00200391.,0,23,23
WBGene00200392.,0,1,1
WBGene00200393.,0,8,8
WBGene00200394.,0,0,0
WBGene00200395.,0,1,1
WBGene00200396.,0,0,0
WBGene00200397.,0,3,3
WBGene00200398.,0,0,0
WBGene00200399.,0,1,1
WBGene00200400.,0,16,16
WBGene00200401.,0,0,0
WBGene00200402.,0,0,0
WBGene00200403.,0,21,21
WBGene00200404.,0,0,0
WBGene00200405.,0,0,0
WBGene00200406.,0,0,0
WBGene00200407.,0,23,23
WBGene00200408.,0,2,2
WBGene00200409.,0,1,1
WBGene00200410.,0,3,3
WBGene00200411.,0,0,0
WBGene00200412.,0,0,0
WBGene00200413.,0,0,0
WBGene00200414.,0,0,0
WBGene00200415.,0,1,1
WBGene00200416.,0,1,1
WBGene00200417.,0,0,0
WBGene00200418.,0,1,1
WBGene00200419.,0,0,0
WBGene00200420.,0,1,1
WBGene00200421.,0,0,0
WBGene00200422.,0,0,0
WBGene00200423.,0,8,8
WBGene00200424.,0,1,1
WBGene00200425.,0,0,0
WBGene00200426.,0,1,1
WBGene00200427.,0,0,0
WBGene00200428.,0,5,5
WBGene00200429.,0,0,0
WBGene00200430.,0,0,0
WBGene00200431.,0,11,11
WBGene00200432.,0,0,0
WBGene00200433.,0,1,1
WBGene00200434.,0,0,0
WBGene00200435.,0,0,0
WBGene00200436.,0,2,2
WBGene00200437.,0,0,0
WBGene00200438.,0,0,0
WBGene00200439.,0,0,0
WBGene00200440.,0,0,0
WBGene00200441.,0,1,1
WBGene00200442.,0,3,3
WBGene00200443.,0,0,0
WBGene00200444.,0,1,1
WBGene00200445.,0,0,0
WBGene00200446.,0,0,0
WBGene00200447.,0,0,0
WBGene00200448.,0,0,0
WBGene00200449.,0,0,0
WBGene00200450.,0,1,1
WBGene00200451.,0,1,1
WBGene00200452.,0,5,5
WBGene00200453.,0,3,3
WBGene00200454.,0,0,0
WBGene00200455.,0,9,9
WBGene00200456.,0,40,40
WBGene00200457.,0,0,0
WBGene00200458.,0,1,1
WBGene00200459.,0,272,272
WBGene00200460.,0,0,0
WBGene00200461.,0,1,1
WBGene00200462.,0,0,0
WBGene00200463.,0,0,0
WBGene00200464.,0,1,1
WBGene00200465.,0,1,1
WBGene00200466.,0,0,0
WBGene00200467.,0,0,0
WBGene00200468.,0,1,1
WBGene00200469.,0,4,4
WBGene00200470.,0,5,5
WBGene00200471.,0,0,0
WBGene00200472.,0,1,1
WBGene00200473.,0,2,2
WBGene00200474.,0,0,0
WBGene00200475.,0,4,4
WBGene00200476.,0,1,1
WBGene00200477.,0,0,0
WBGene00200478.,0,2,2
WBGene00200479.,0,0,0
WBGene00200480.,0,0,0
WBGene00200481.,0,2,2
WBGene00200482.,0,0,0
WBGene00200483.,0,3,3
WBGene00200484.,0,0,0
WBGene00200485.,0,30,30
WBGene00200486.,0,0,0
WBGene00200487.,0,11,11
WBGene00200488.,0,3,3
WBGene00200489.,0,0,0
WBGene00200490.,0,0,0
WBGene00200491.,0,0,0
WBGene00200492.,0,3,3
WBGene00200493.,0,1,1
WBGene00200494.,0,1,1
WBGene00200495.,0,6,6
WBGene00200496.,0,2,2
WBGene00200497.,0,0,0
WBGene00200498.,0,1,1
WBGene00200499.,0,0,0
WBGene00200500.,0,19,19
WBGene00200501.,0,0,0
WBGene00200502.,0,9,9
WBGene00200503.,0,0,0
WBGene00200504.,0,0,0
WBGene00200505.,0,0,0
WBGene00200506.,0,0,0
WBGene00200507.,0,1,1
WBGene00200508.,0,0,0
WBGene00200509.,0,1,1
WBGene00200510.,0,0,0
WBGene00200511.,0,0,0
WBGene00200512.,0,0,0
WBGene00200513.,0,5,5
WBGene00200514.,0,0,0
WBGene00200515.,0,2,2
WBGene00200516.,0,0,0
WBGene00200517.,0,0,0
WBGene00200518.,0,0,0
WBGene00200519.,0,2,2
WBGene00200520.,0,0,0
WBGene00200521.,0,1,1
WBGene00200522.,0,0,0
WBGene00200523.,0,1,1
WBGene00200524.,0,0,0
WBGene00200525.,0,0,0
WBGene00200526.,0,1,1
WBGene00200527.,0,0,0
WBGene00200528.,0,0,0
WBGene00200529.,0,0,0
WBGene00200530.,0,2,2
WBGene00200531.,0,0,0
WBGene00200532.,0,0,0
WBGene00200533.,0,0,0
WBGene00200534.,0,1,1
WBGene00200535.,0,0,0
WBGene00200536.,0,2,2
WBGene00200537.,0,1,1
WBGene00200538.,0,54,54
WBGene00200539.,0,0,0
WBGene00200540.,0,0,0
WBGene00200541.,0,0,0
WBGene00200542.,0,2,2
WBGene00200543.,0,0,0
WBGene00200544.,0,0,0
WBGene00200545.,0,0,0
WBGene00200546.,0,2,2
WBGene00200547.,0,2,2
WBGene00200548.,0,0,0
WBGene00200549.,0,0,0
WBGene00200550.,0,0,0
WBGene00200551.,0,0,0
WBGene00200552.,0,0,0
WBGene00200553.,0,0,0
WBGene00200554.,0,0,0
WBGene00200555.,0,4,4
WBGene00200556.,0,0,0
WBGene00200557.,0,0,0
WBGene00200558.,0,13,13
WBGene00200559.,0,1,1
WBGene00200560.,0,0,0
WBGene00200561.,0,0,0
WBGene00200562.,0,0,0
WBGene00200563.,0,3,3
WBGene00200564.,0,0,0
WBGene00200565.,0,1,1
WBGene00200566.,0,16,16
WBGene00200567.,0,0,0
WBGene00200568.,0,0,0
WBGene00200569.,0,0,0
WBGene00200570.,0,2,2
WBGene00200571.,0,0,0
WBGene00200572.,0,17,17
WBGene00200573.,0,1,1
WBGene00200574.,0,1,1
WBGene00200575.,0,4,4
WBGene00200576.,0,0,0
WBGene00200577.,0,3,3
WBGene00200578.,0,0,0
WBGene00200579.,0,29,29
WBGene00200580.,0,0,0
WBGene00200581.,0,0,0
WBGene00200582.,0,3,3
WBGene00200583.,0,3,3
WBGene00200584.,0,0,0
WBGene00200585.,0,4,4
WBGene00200586.,0,3,3
WBGene00200587.,0,1,1
WBGene00200588.,0,0,0
WBGene00200589.,0,0,0
WBGene00200590.,0,0,0
WBGene00200591.,0,0,0
WBGene00200592.,0,0,0
WBGene00200593.,0,0,0
WBGene00200594.,0,8,8
WBGene00200595.,0,0,0
WBGene00200596.,0,32,32
WBGene00200597.,0,1,1
WBGene00200598.,0,4,4
WBGene00200599.,0,0,0
WBGene00200600.,0,2,2
WBGene00200601.,0,8,8
WBGene00200602.,0,0,0
WBGene00200603.,0,1,1
WBGene00200604.,0,0,0
WBGene00200605.,0,2,2
WBGene00200606.,0,1,1
WBGene00200607.,0,0,0
WBGene00200608.,0,0,0
WBGene00200609.,0,0,0
WBGene00200610.,0,0,0
WBGene00200611.,0,3,3
WBGene00200612.,0,0,0
WBGene00200613.,0,0,0
WBGene00200614.,0,0,0
WBGene00200615.,0,0,0
WBGene00200616.,0,0,0
WBGene00200617.,0,3,3
WBGene00200618.,0,10,10
WBGene00200619.,0,0,0
WBGene00200620.,0,4,4
WBGene00200621.,0,4,4
WBGene00200622.,0,0,0
WBGene00200623.,0,0,0
WBGene00200624.,0,1,1
WBGene00200625.,0,0,0
WBGene00200626.,0,7,7
WBGene00200627.,0,3,3
WBGene00200628.,0,1,1
WBGene00200629.,0,0,0
WBGene00200630.,0,1,1
WBGene00200631.,0,0,0
WBGene00200632.,0,2,2
WBGene00200633.,0,0,0
WBGene00200634.,0,0,0
WBGene00200635.,0,0,0
WBGene00200636.,0,0,0
WBGene00200637.,0,0,0
WBGene00200638.,0,0,0
WBGene00200639.,0,0,0
WBGene00200640.,0,0,0
WBGene00200641.,0,3,3
WBGene00200642.,0,0,0
WBGene00200643.,0,0,0
WBGene00200644.,0,0,0
WBGene00200645.,0,275,275
WBGene00200646.,0,3,3
WBGene00200647.,0,0,0
WBGene00200648.,0,0,0
WBGene00200649.,0,0,0
WBGene00200650.,0,7,7
WBGene00200651.,0,0,0
WBGene00200652.,0,0,0
WBGene00200653.,0,0,0
WBGene00200654.,0,2,2
WBGene00200655.,0,0,0
WBGene00200656.,0,0,0
WBGene00200657.,0,0,0
WBGene00200658.,0,0,0
WBGene00200659.,0,3,3
WBGene00200660.,0,0,0
WBGene00200661.,0,0,0
WBGene00200662.,0,0,0
WBGene00200663.,0,0,0
WBGene00200664.,0,3,3
WBGene00200665.,0,1,1
WBGene00200666.,0,0,0
WBGene00200667.,0,0,0
WBGene00200668.,0,0,0
WBGene00200669.,0,1,1
WBGene00200670.,0,1,1
WBGene00200671.,0,0,0
WBGene00200672.,0,0,0
WBGene00200673.,0,0,0
WBGene00200674.,0,0,0
WBGene00200675.,0,2,2
WBGene00200676.,0,0,0
WBGene00200677.,0,4,4
WBGene00200678.,0,0,0
WBGene00200679.,0,0,0
WBGene00200680.,0,0,0
WBGene00200681.,0,0,0
WBGene00200682.,0,0,0
WBGene00200683.,0,0,0
WBGene00200684.,0,1,1
WBGene00200685.,0,0,0
WBGene00200686.,0,0,0
WBGene00200687.,0,0,0
WBGene00200688.,0,0,0
WBGene00200689.,0,3,3
WBGene00200690.,0,0,0
WBGene00200691.,0,0,0
WBGene00200692.,0,3,3
WBGene00200693.,0,0,0
WBGene00200694.,0,0,0
WBGene00200695.,0,9,9
WBGene00200696.,0,1,1
WBGene00200697.,0,8,8
WBGene00200698.,0,0,0
WBGene00200699.,0,0,0
WBGene00200700.,0,2,2
WBGene00200701.,0,1,1
WBGene00200702.,0,207,207
WBGene00200703.,0,0,0
WBGene00200704.,0,2,2
WBGene00200705.,0,4,4
WBGene00200706.,0,1,1
WBGene00200707.,0,2,2
WBGene00200708.,0,0,0
WBGene00200709.,0,0,0
WBGene00200710.,0,3,3
WBGene00200711.,0,2,2
WBGene00200712.,0,0,0
WBGene00200713.,0,1,1
WBGene00200714.,0,1,1
WBGene00200715.,0,0,0
WBGene00200716.,0,5,5
WBGene00200717.,0,0,0
WBGene00200718.,0,0,0
WBGene00200719.,0,12,12
WBGene00200720.,0,0,0
WBGene00200721.,0,0,0
WBGene00200722.,0,2,2
WBGene00200723.,0,1,1
WBGene00200724.,0,0,0
WBGene00200725.,0,0,0
WBGene00200726.,0,1,1
WBGene00200727.,0,3,3
WBGene00200728.,0,0,0
WBGene00200729.,0,0,0
WBGene00200730.,0,0,0
WBGene00200731.,0,0,0
WBGene00200732.,0,0,0
WBGene00200733.,0,6,6
WBGene00200734.,0,0,0
WBGene00200735.,0,0,0
WBGene00200736.,0,0,0
WBGene00200737.,0,2,2
WBGene00200738.,0,0,0
WBGene00200739.,0,0,0
WBGene00200740.,0,0,0
WBGene00200741.,0,2,2
WBGene00200742.,0,1,1
WBGene00200743.,0,6,6
WBGene00200744.,0,19,19
WBGene00200745.,0,0,0
WBGene00200746.,0,11,11
WBGene00200747.,0,0,0
WBGene00200748.,0,0,0
WBGene00200749.,0,3,3
WBGene00200750.,0,3,3
WBGene00200751.,0,4,4
WBGene00200752.,0,68,68
WBGene00200753.,0,0,0
WBGene00200754.,0,1,1
WBGene00200755.,0,2,2
WBGene00200756.,0,15,15
WBGene00200757.,0,0,0
WBGene00200758.,0,1,1
WBGene00200759.,0,0,0
WBGene00200760.,0,0,0
WBGene00200761.,0,0,0
WBGene00200762.,0,78,78
WBGene00200763.,0,0,0
WBGene00200764.,0,4,4
WBGene00200765.,0,1,1
WBGene00200766.,0,2,2
WBGene00200767.,0,2,2
WBGene00200768.,0,5,5
WBGene00200769.,0,1,1
WBGene00200770.,0,3,3
WBGene00200771.,0,0,0
WBGene00200772.,0,0,0
WBGene00200773.,0,0,0
WBGene00200774.,0,0,0
WBGene00200775.,0,0,0
WBGene00200776.,0,0,0
WBGene00200777.,0,0,0
WBGene00200778.,0,0,0
WBGene00200779.,0,3,3
WBGene00200780.,0,1,1
WBGene00200781.,0,1,1
WBGene00200782.,0,0,0
WBGene00200783.,0,0,0
WBGene00200784.,0,0,0
WBGene00200785.,0,0,0
WBGene00200786.,0,6,6
WBGene00200787.,0,0,0
WBGene00200788.,0,0,0
WBGene00200789.,0,0,0
WBGene00200790.,0,0,0
WBGene00200791.,0,1,1
WBGene00200792.,0,0,0
WBGene00200793.,0,0,0
WBGene00200794.,0,0,0
WBGene00200795.,0,1,1
WBGene00200796.,0,0,0
WBGene00200797.,0,0,0
WBGene00200798.,0,1,1
WBGene00200799.,0,0,0
WBGene00200800.,0,8,8
WBGene00200801.,0,2,2
WBGene00200802.,0,12,12
WBGene00200803.,0,0,0
WBGene00200804.,0,0,0
WBGene00200805.,0,1,1
WBGene00200806.,0,0,0
WBGene00200807.,0,0,0
WBGene00200808.,0,19,19
WBGene00200809.,0,57,57
WBGene00200810.,0,0,0
WBGene00200811.,0,0,0
WBGene00200812.,0,0,0
WBGene00200813.,0,0,0
WBGene00200814.,0,0,0
WBGene00200815.,0,0,0
WBGene00200816.,0,0,0
WBGene00200817.,0,0,0
WBGene00200818.,0,4,4
WBGene00200819.,0,2,2
WBGene00200820.,0,0,0
WBGene00200821.,0,1,1
WBGene00200822.,0,1,1
WBGene00200823.,0,1,1
WBGene00200824.,0,2,2
WBGene00200825.,0,0,0
WBGene00200826.,0,32,32
WBGene00200827.,0,5,5
WBGene00200828.,0,16,16
WBGene00200829.,0,0,0
WBGene00200830.,0,0,0
WBGene00200831.,0,0,0
WBGene00200832.,0,0,0
WBGene00200833.,0,0,0
WBGene00200834.,0,0,0
WBGene00200835.,0,0,0
WBGene00200836.,0,0,0
WBGene00200837.,0,3,3
WBGene00200838.,0,0,0
WBGene00200839.,0,0,0
WBGene00200840.,0,0,0
WBGene00200841.,0,1,1
WBGene00200842.,0,2,2
WBGene00200843.,0,0,0
WBGene00200844.,0,2,2
WBGene00200845.,0,4,4
WBGene00200846.,0,2,2
WBGene00200847.,0,3,3
WBGene00200848.,0,0,0
WBGene00200849.,0,4,4
WBGene00200850.,0,0,0
WBGene00200851.,0,0,0
WBGene00200852.,0,0,0
WBGene00200853.,0,1,1
WBGene00200854.,0,1,1
WBGene00200855.,0,0,0
WBGene00200856.,0,15,15
WBGene00200857.,0,2,2
WBGene00200858.,0,0,0
WBGene00200859.,0,0,0
WBGene00200860.,0,1,1
WBGene00200861.,0,1,1
WBGene00200862.,0,0,0
WBGene00200863.,0,13,13
WBGene00200864.,0,0,0
WBGene00200865.,0,0,0
WBGene00200866.,0,0,0
WBGene00200867.,0,1,1
WBGene00200868.,0,6,6
WBGene00200869.,0,0,0
WBGene00200870.,0,1,1
WBGene00200871.,0,0,0
WBGene00200872.,0,1,1
WBGene00200873.,0,0,0
WBGene00200874.,0,5,5
WBGene00200875.,0,1,1
WBGene00200876.,0,0,0
WBGene00200877.,0,0,0
WBGene00200878.,0,0,0
WBGene00200879.,0,0,0
WBGene00200880.,0,1,1
WBGene00200881.,0,0,0
WBGene00200882.,0,1,1
WBGene00200883.,0,5,5
WBGene00200884.,0,4,4
WBGene00200885.,0,0,0
WBGene00200886.,0,0,0
WBGene00200887.,0,0,0
WBGene00200888.,0,0,0
WBGene00200889.,0,4,4
WBGene00200890.,0,1,1
WBGene00200891.,0,0,0
WBGene00200892.,0,2,2
WBGene00200893.,0,31,31
WBGene00200894.,0,0,0
WBGene00200895.,0,4,4
WBGene00200896.,0,1,1
WBGene00200897.,0,0,0
WBGene00200898.,0,0,0
WBGene00200899.,0,0,0
WBGene00200900.,0,0,0
WBGene00200901.,0,0,0
WBGene00200902.,0,2,2
WBGene00200903.,0,0,0
WBGene00200904.,0,5,5
WBGene00200905.,0,8,8
WBGene00200906.,0,3,3
WBGene00200907.,0,4,4
WBGene00200908.,0,24,24
WBGene00200909.,0,0,0
WBGene00200910.,0,0,0
WBGene00200911.,0,0,0
WBGene00200912.,0,1,1
WBGene00200913.,0,0,0
WBGene00200914.,0,0,0
WBGene00200915.,0,3,3
WBGene00200916.,0,7,7
WBGene00200917.,0,0,0
WBGene00200918.,0,0,0
WBGene00200919.,0,8,8
WBGene00200920.,0,3,3
WBGene00200921.,0,2,2
WBGene00200922.,0,0,0
WBGene00200923.,0,2,2
WBGene00200924.,0,1,1
WBGene00200925.,0,5,5
WBGene00200926.,0,0,0
WBGene00200927.,0,0,0
WBGene00200928.,0,0,0
WBGene00200929.,0,2,2
WBGene00200930.,0,0,0
WBGene00200931.,0,1,1
WBGene00200932.,0,2,2
WBGene00200933.,0,0,0
WBGene00200934.,0,28,28
WBGene00200935.,0,0,0
WBGene00200936.,0,0,0
WBGene00200937.,0,0,0
WBGene00200938.,0,3,3
WBGene00200939.,0,0,0
WBGene00200940.,0,36,36
WBGene00200941.,0,3,3
WBGene00200942.,0,0,0
WBGene00200943.,0,2,2
WBGene00200944.,0,2,2
WBGene00200945.,0,0,0
WBGene00200946.,0,5,5
WBGene00200947.,0,1,1
WBGene00200948.,0,0,0
WBGene00200949.,0,2,2
WBGene00200950.,0,0,0
WBGene00200951.,0,0,0
WBGene00200952.,0,1,1
WBGene00200953.,0,24,24
WBGene00200954.,0,0,0
WBGene00200955.,0,0,0
WBGene00200956.,0,0,0
WBGene00200957.,0,5,5
WBGene00200958.,0,1,1
WBGene00200959.,0,0,0
WBGene00200960.,0,28,28
WBGene00200961.,0,0,0
WBGene00200962.,0,0,0
WBGene00200963.,0,0,0
WBGene00200964.,0,0,0
WBGene00200965.,0,0,0
WBGene00200966.,0,0,0
WBGene00200967.,0,0,0
WBGene00200968.,0,9,9
WBGene00200969.,0,0,0
WBGene00200970.,0,0,0
WBGene00200971.,0,15,15
WBGene00200972.,0,3,3
WBGene00200973.,0,0,0
WBGene00200974.,0,0,0
WBGene00200975.,0,2,2
WBGene00200976.,0,1,1
WBGene00200977.,0,7,7
WBGene00200978.,0,0,0
WBGene00200979.,0,4,4
WBGene00200980.,0,0,0
WBGene00200981.,0,1,1
WBGene00200982.,0,1,1
WBGene00200983.,0,2,2
WBGene00200984.,0,0,0
WBGene00200985.,0,0,0
WBGene00200986.,0,0,0
WBGene00200987.,0,1,1
WBGene00200988.,0,0,0
WBGene00200989.,0,0,0
WBGene00200990.,0,1,1
WBGene00200991.,0,0,0
WBGene00200992.,0,0,0
WBGene00200993.,0,1,1
WBGene00200994.,0,7,7
WBGene00200995.,0,24,24
WBGene00200996.,0,74,74
WBGene00200997.,0,1,1
WBGene00200998.,0,1,1
WBGene00200999.,0,0,0
WBGene00201000.,0,0,0
WBGene00201001.,0,0,0
WBGene00201002.,0,1,1
WBGene00201003.,0,0,0
WBGene00201004.,0,0,0
WBGene00201005.,0,60,60
WBGene00201006.,0,1,1
WBGene00201007.,0,0,0
WBGene00201008.,0,2,2
WBGene00201009.,0,0,0
WBGene00201010.,0,3,3
WBGene00201011.,0,0,0
WBGene00201012.,0,6,6
WBGene00201013.,0,0,0
WBGene00201014.,0,1,1
WBGene00201015.,0,1,1
WBGene00201016.,0,0,0
WBGene00201017.,0,0,0
WBGene00201018.,0,0,0
WBGene00201019.,0,4,4
WBGene00201020.,0,0,0
WBGene00201021.,0,4,4
WBGene00201022.,0,0,0
WBGene00201023.,0,0,0
WBGene00201024.,0,0,0
WBGene00201025.,0,1,1
WBGene00201026.,0,0,0
WBGene00201027.,0,2,2
WBGene00201028.,0,2,2
WBGene00201029.,0,0,0
WBGene00201030.,0,2,2
WBGene00201031.,0,33,33
WBGene00201032.,0,1,1
WBGene00201033.,0,0,0
WBGene00201034.,0,2,2
WBGene00201035.,0,0,0
WBGene00201036.,0,0,0
WBGene00201037.,0,0,0
WBGene00201038.,0,0,0
WBGene00201039.,0,0,0
WBGene00201040.,0,0,0
WBGene00201041.,0,5,5
WBGene00201042.,0,0,0
WBGene00201043.,0,3,3
WBGene00201044.,0,2,2
WBGene00201045.,0,67,67
WBGene00201046.,0,0,0
WBGene00201047.,0,0,0
WBGene00201048.,0,0,0
WBGene00201049.,0,0,0
WBGene00201050.,0,0,0
WBGene00201051.,0,1,1
WBGene00201052.,0,0,0
WBGene00201053.,0,1,1
WBGene00201054.,0,3,3
WBGene00201055.,0,0,0
WBGene00201056.,0,0,0
WBGene00201057.,0,8,8
WBGene00201058.,0,2,2
WBGene00201059.,0,0,0
WBGene00201060.,0,0,0
WBGene00201061.,0,0,0
WBGene00201062.,0,1,1
WBGene00201063.,0,0,0
WBGene00201064.,0,3,3
WBGene00201065.,0,0,0
WBGene00201066.,0,0,0
WBGene00201067.,0,0,0
WBGene00201068.,0,0,0
WBGene00201069.,0,3,3
WBGene00201070.,0,0,0
WBGene00201071.,0,0,0
WBGene00201072.,0,2,2
WBGene00201073.,0,0,0
WBGene00201074.,0,1,1
WBGene00201075.,0,236,236
WBGene00201076.,0,4,4
WBGene00201077.,0,0,0
WBGene00201078.,0,7,7
WBGene00201079.,0,2,2
WBGene00201080.,0,15,15
WBGene00201081.,0,2,2
WBGene00201082.,0,17,17
WBGene00201083.,0,2,2
WBGene00201084.,0,2,2
WBGene00201085.,0,0,0
WBGene00201086.,0,0,0
WBGene00201087.,0,0,0
WBGene00201088.,0,2,2
WBGene00201089.,0,1,1
WBGene00201090.,0,2,2
WBGene00201091.,0,0,0
WBGene00201092.,0,0,0
WBGene00201093.,0,2,2
WBGene00201094.,0,1,1
WBGene00201095.,0,1,1
WBGene00201096.,0,0,0
WBGene00201097.,0,0,0
WBGene00201098.,0,9,9
WBGene00201099.,0,0,0
WBGene00201100.,0,1,1
WBGene00201101.,0,0,0
WBGene00201102.,0,0,0
WBGene00201103.,0,0,0
WBGene00201104.,0,0,0
WBGene00201105.,0,0,0
WBGene00201106.,0,0,0
WBGene00201107.,0,0,0
WBGene00201108.,0,3,3
WBGene00201109.,0,3,3
WBGene00201110.,0,1,1
WBGene00201111.,0,17,17
WBGene00201112.,0,2,2
WBGene00201113.,0,0,0
WBGene00201114.,0,0,0
WBGene00201115.,0,0,0
WBGene00201116.,0,6,6
WBGene00201117.,0,0,0
WBGene00201118.,0,0,0
WBGene00201119.,0,1,1
WBGene00201120.,0,2,2
WBGene00201121.,0,4,4
WBGene00201122.,0,0,0
WBGene00201123.,0,0,0
WBGene00201124.,0,8,8
WBGene00201125.,0,4,4
WBGene00201126.,0,0,0
WBGene00201127.,0,0,0
WBGene00201128.,0,0,0
WBGene00201129.,0,30,30
WBGene00201130.,0,0,0
WBGene00201131.,0,2,2
WBGene00201132.,0,1,1
WBGene00201133.,0,3,3
WBGene00201134.,0,0,0
WBGene00201135.,0,3,3
WBGene00201136.,0,0,0
WBGene00201137.,0,0,0
WBGene00201138.,0,0,0
WBGene00201139.,0,0,0
WBGene00201140.,0,0,0
WBGene00201141.,0,2,2
WBGene00201142.,0,0,0
WBGene00201143.,0,1,1
WBGene00201145.,0,0,0
WBGene00201146.,0,1,1
WBGene00201147.,0,0,0
WBGene00201148.,0,0,0
WBGene00201149.,0,1,1
WBGene00201150.,0,0,0
WBGene00201151.,0,1,1
WBGene00201152.,0,0,0
WBGene00201153.,0,0,0
WBGene00201154.,0,0,0
WBGene00201155.,0,0,0
WBGene00201156.,0,0,0
WBGene00201157.,0,0,0
WBGene00201158.,0,2,2
WBGene00201159.,0,1,1
WBGene00201160.,0,0,0
WBGene00201161.,0,3,3
WBGene00201162.,0,0,0
WBGene00201163.,0,0,0
WBGene00201164.,0,0,0
WBGene00201165.,0,5,5
WBGene00201166.,0,0,0
WBGene00201167.,0,2,2
WBGene00201168.,0,4,4
WBGene00201169.,0,1,1
WBGene00201170.,0,0,0
WBGene00201171.,0,3,3
WBGene00201172.,0,0,0
WBGene00201173.,0,1,1
WBGene00201174.,0,0,0
WBGene00201175.,0,6,6
WBGene00201176.,0,0,0
WBGene00201177.,0,0,0
WBGene00201178.,0,0,0
WBGene00201179.,0,2,2
WBGene00201180.,0,0,0
WBGene00201181.,0,71,71
WBGene00201182.,0,2,2
WBGene00201183.,0,0,0
WBGene00201184.,0,0,0
WBGene00201185.,0,4,4
WBGene00201186.,0,0,0
WBGene00201187.,0,0,0
WBGene00201188.,0,24,24
WBGene00201189.,0,0,0
WBGene00201190.,0,0,0
WBGene00201191.,0,0,0
WBGene00201192.,0,0,0
WBGene00201193.,0,0,0
WBGene00201194.,0,0,0
WBGene00201195.,0,0,0
WBGene00201196.,0,0,0
WBGene00201197.,0,0,0
WBGene00201198.,0,14,14
WBGene00201199.,0,2,2
WBGene00201200.,0,0,0
WBGene00201201.,0,1,1
WBGene00201202.,0,0,0
WBGene00201203.,0,0,0
WBGene00201204.,0,2,2
WBGene00201205.,0,1,1
WBGene00201206.,0,0,0
WBGene00201207.,0,23,23
WBGene00201208.,0,3,3
WBGene00201209.,0,0,0
WBGene00201210.,0,5,5
WBGene00201211.,0,4,4
WBGene00201212.,0,2,2
WBGene00201213.,0,0,0
WBGene00201214.,0,1,1
WBGene00201215.,0,0,0
WBGene00201216.,0,0,0
WBGene00201217.,0,0,0
WBGene00201218.,0,7,7
WBGene00201219.,0,22,22
WBGene00201220.,0,3,3
WBGene00201221.,0,1,1
WBGene00201222.,0,0,0
WBGene00201223.,0,0,0
WBGene00201224.,0,2,2
WBGene00201225.,0,0,0
WBGene00201226.,0,0,0
WBGene00201227.,0,0,0
WBGene00201228.,0,2,2
WBGene00201229.,0,6,6
WBGene00201230.,0,0,0
WBGene00201231.,0,0,0
WBGene00201232.,0,0,0
WBGene00201233.,0,0,0
WBGene00201234.,0,0,0
WBGene00201235.,0,0,0
WBGene00201236.,0,1,1
WBGene00201237.,0,0,0
WBGene00201238.,0,0,0
WBGene00201239.,0,0,0
WBGene00201240.,0,0,0
WBGene00201241.,0,1,1
WBGene00201242.,0,0,0
WBGene00201243.,0,0,0
WBGene00201244.,0,0,0
WBGene00201245.,0,1,1
WBGene00201246.,0,1,1
WBGene00201247.,0,0,0
WBGene00201248.,0,1,1
WBGene00201249.,0,1,1
WBGene00201250.,0,1,1
WBGene00201251.,0,0,0
WBGene00201252.,0,0,0
WBGene00201253.,0,0,0
WBGene00201254.,0,0,0
WBGene00201255.,0,2,2
WBGene00201256.,0,2,2
WBGene00201257.,0,1,1
WBGene00201258.,0,6,6
WBGene00201259.,0,0,0
WBGene00201260.,0,0,0
WBGene00201261.,0,0,0
WBGene00201262.,0,2,2
WBGene00201263.,0,0,0
WBGene00201264.,0,0,0
WBGene00201265.,0,0,0
WBGene00201266.,0,0,0
WBGene00201267.,0,0,0
WBGene00201268.,0,0,0
WBGene00201269.,0,0,0
WBGene00201270.,0,1,1
WBGene00201271.,0,5,5
WBGene00201272.,0,2,2
WBGene00201273.,0,68,68
WBGene00201274.,0,0,0
WBGene00201275.,0,2,2
WBGene00201276.,0,0,0
WBGene00201277.,0,0,0
WBGene00201278.,0,0,0
WBGene00201279.,0,0,0
WBGene00201280.,0,1,1
WBGene00201281.,0,0,0
WBGene00201282.,0,0,0
WBGene00201283.,0,0,0
WBGene00201284.,0,0,0
WBGene00201285.,0,0,0
WBGene00201286.,0,9,9
WBGene00201287.,0,0,0
WBGene00201288.,0,0,0
WBGene00201289.,0,0,0
WBGene00201290.,0,3,3
WBGene00201291.,0,5,5
WBGene00201292.,0,0,0
WBGene00201293.,0,1,1
WBGene00201294.,0,0,0
WBGene00201295.,0,1,1
WBGene00201296.,0,0,0
WBGene00201297.,0,0,0
WBGene00201298.,0,0,0
WBGene00201299.,0,2,2
WBGene00201300.,0,0,0
WBGene00201301.,0,16,16
WBGene00201302.,0,1,1
WBGene00201303.,0,22,22
WBGene00201304.,0,2,2
WBGene00201305.,0,0,0
WBGene00201306.,0,0,0
WBGene00201307.,0,0,0
WBGene00201308.,0,0,0
WBGene00201309.,0,0,0
WBGene00201310.,0,1,1
WBGene00201311.,0,1,1
WBGene00201312.,0,0,0
WBGene00201313.,0,0,0
WBGene00201314.,0,0,0
WBGene00201315.,0,2,2
WBGene00201316.,0,1,1
WBGene00201317.,0,1,1
WBGene00201318.,0,0,0
WBGene00201319.,0,2,2
WBGene00201320.,0,1,1
WBGene00201321.,0,0,0
WBGene00201322.,0,19,19
WBGene00201323.,0,2,2
WBGene00201324.,0,0,0
WBGene00201325.,0,1,1
WBGene00201326.,0,1,1
WBGene00201327.,0,2,2
WBGene00201328.,0,0,0
WBGene00201329.,0,0,0
WBGene00201330.,0,1,1
WBGene00201331.,0,2,2
WBGene00201332.,0,0,0
WBGene00201333.,0,0,0
WBGene00201334.,0,0,0
WBGene00201335.,0,0,0
WBGene00201336.,0,0,0
WBGene00201337.,0,0,0
WBGene00201338.,0,0,0
WBGene00201339.,0,0,0
WBGene00201340.,0,1,1
WBGene00201341.,0,0,0
WBGene00201342.,0,1,1
WBGene00201343.,0,1,1
WBGene00201344.,0,1,1
WBGene00201345.,0,0,0
WBGene00201346.,0,1,1
WBGene00201347.,0,0,0
WBGene00201348.,0,2,2
WBGene00201349.,0,3,3
WBGene00201350.,0,0,0
WBGene00201351.,0,0,0
WBGene00201352.,0,1,1
WBGene00201353.,0,0,0
WBGene00201354.,0,7,7
WBGene00201355.,0,0,0
WBGene00201356.,0,0,0
WBGene00201357.,0,0,0
WBGene00201358.,0,2,2
WBGene00201359.,0,0,0
WBGene00201360.,0,1,1
WBGene00201361.,0,0,0
WBGene00201362.,0,0,0
WBGene00201363.,0,0,0
WBGene00201364.,0,2,2
WBGene00201365.,0,0,0
WBGene00201366.,0,0,0
WBGene00201367.,0,0,0
WBGene00201368.,0,0,0
WBGene00201369.,0,0,0
WBGene00201370.,0,4,4
WBGene00201371.,0,0,0
WBGene00201372.,0,38,38
WBGene00201373.,0,0,0
WBGene00201374.,0,15,15
WBGene00201375.,0,0,0
WBGene00201376.,0,0,0
WBGene00201377.,0,1,1
WBGene00201378.,0,4,4
WBGene00201379.,0,0,0
WBGene00201380.,0,0,0
WBGene00201381.,0,0,0
WBGene00201382.,0,0,0
WBGene00201383.,0,3,3
WBGene00201384.,0,0,0
WBGene00201385.,0,0,0
WBGene00201386.,0,0,0
WBGene00201387.,0,0,0
WBGene00201388.,0,1,1
WBGene00201389.,0,1,1
WBGene00201390.,0,33,33
WBGene00201391.,0,0,0
WBGene00201392.,0,0,0
WBGene00201393.,0,0,0
WBGene00201394.,0,0,0
WBGene00201395.,0,0,0
WBGene00201396.,0,0,0
WBGene00201397.,0,0,0
WBGene00201398.,0,0,0
WBGene00201399.,0,1,1
WBGene00201400.,0,0,0
WBGene00201401.,0,0,0
WBGene00201402.,0,0,0
WBGene00201403.,0,1,1
WBGene00201404.,0,1,1
WBGene00201405.,0,0,0
WBGene00201406.,0,2,2
WBGene00201407.,0,0,0
WBGene00201408.,0,0,0
WBGene00201409.,0,0,0
WBGene00201410.,0,1,1
WBGene00201411.,0,1,1
WBGene00201412.,0,0,0
WBGene00201413.,0,5,5
WBGene00201414.,0,0,0
WBGene00201415.,0,1,1
WBGene00201416.,0,0,0
WBGene00201417.,0,1,1
WBGene00201418.,0,1,1
WBGene00201419.,0,8,8
WBGene00201420.,0,1,1
WBGene00201421.,0,0,0
WBGene00201422.,0,2,2
WBGene00201423.,0,13,13
WBGene00201424.,0,0,0
WBGene00201425.,0,0,0
WBGene00201426.,0,2,2
WBGene00201427.,0,0,0
WBGene00201428.,0,0,0
WBGene00201429.,0,0,0
WBGene00201430.,0,22,22
WBGene00201431.,0,0,0
WBGene00201432.,0,0,0
WBGene00201433.,0,0,0
WBGene00201434.,0,0,0
WBGene00201435.,0,1,1
WBGene00201436.,0,0,0
WBGene00201437.,0,2,2
WBGene00201438.,0,0,0
WBGene00201439.,0,0,0
WBGene00201440.,0,0,0
WBGene00201441.,0,0,0
WBGene00201442.,0,1,1
WBGene00201443.,0,0,0
WBGene00201444.,0,0,0
WBGene00201445.,0,0,0
WBGene00201446.,0,0,0
WBGene00201447.,0,18,18
WBGene00201448.,0,0,0
WBGene00201449.,0,1,1
WBGene00201450.,0,0,0
WBGene00201451.,0,2,2
WBGene00201452.,0,0,0
WBGene00201453.,0,0,0
WBGene00201454.,0,0,0
WBGene00201455.,0,0,0
WBGene00201456.,0,3,3
WBGene00201457.,0,0,0
WBGene00201458.,0,2616,2616
WBGene00201459.,0,0,0
WBGene00201460.,0,0,0
WBGene00201461.,0,1,1
WBGene00201462.,0,0,0
WBGene00201463.,0,1,1
WBGene00201464.,0,0,0
WBGene00201465.,0,4,4
WBGene00201466.,0,7,7
WBGene00201467.,0,1,1
WBGene00201468.,0,1,1
WBGene00201469.,0,0,0
WBGene00201470.,0,0,0
WBGene00201471.,0,0,0
WBGene00201472.,0,0,0
WBGene00201473.,0,2,2
WBGene00201474.,0,3,3
WBGene00201475.,0,0,0
WBGene00201476.,0,0,0
WBGene00201477.,0,0,0
WBGene00201478.,0,1,1
WBGene00201479.,0,1,1
WBGene00201480.,0,4,4
WBGene00201481.,0,1,1
WBGene00201482.,0,0,0
WBGene00201483.,0,0,0
WBGene00201484.,0,0,0
WBGene00201485.,0,3,3
WBGene00201486.,0,0,0
WBGene00201487.,0,2,2
WBGene00201488.,0,0,0
WBGene00201489.,0,0,0
WBGene00201490.,0,0,0
WBGene00201491.,0,0,0
WBGene00201492.,0,10,10
WBGene00201493.,0,0,0
WBGene00201494.,0,1,1
WBGene00201495.,0,0,0
WBGene00201496.,0,0,0
WBGene00201497.,0,0,0
WBGene00201498.,0,0,0
WBGene00201499.,0,8,8
WBGene00201500.,0,0,0
WBGene00201501.,0,6,6
WBGene00201502.,0,0,0
WBGene00201503.,0,0,0
WBGene00201504.,0,0,0
WBGene00201505.,0,0,0
WBGene00201506.,0,0,0
WBGene00201507.,0,0,0
WBGene00201508.,0,2,2
WBGene00201509.,0,1,1
WBGene00201510.,0,0,0
WBGene00201511.,0,0,0
WBGene00201512.,0,0,0
WBGene00201513.,0,8,8
WBGene00201514.,0,0,0
WBGene00201515.,0,0,0
WBGene00201516.,0,1,1
WBGene00201517.,0,1,1
WBGene00201518.,0,0,0
WBGene00201519.,0,2,2
WBGene00201520.,0,0,0
WBGene00201521.,0,2,2
WBGene00201522.,0,0,0
WBGene00201523.,0,2,2
WBGene00201524.,0,0,0
WBGene00201525.,0,0,0
WBGene00201526.,0,0,0
WBGene00201527.,0,2,2
WBGene00201528.,0,1,1
WBGene00201529.,0,0,0
WBGene00201530.,0,11,11
WBGene00201531.,0,0,0
WBGene00201532.,0,3,3
WBGene00201533.,0,0,0
WBGene00201534.,0,0,0
WBGene00201535.,0,0,0
WBGene00201536.,0,0,0
WBGene00201537.,0,0,0
WBGene00201538.,0,5,5
WBGene00201539.,0,0,0
WBGene00201540.,0,3,3
WBGene00201541.,0,5,5
WBGene00201542.,0,0,0
WBGene00201543.,0,6,6
WBGene00201544.,0,0,0
WBGene00201545.,0,0,0
WBGene00201546.,0,0,0
WBGene00201547.,0,5,5
WBGene00201548.,0,3,3
WBGene00201549.,0,0,0
WBGene00201550.,0,2,2
WBGene00201551.,0,1,1
WBGene00201552.,0,0,0
WBGene00201553.,0,0,0
WBGene00201554.,0,0,0
WBGene00201555.,0,0,0
WBGene00201556.,0,2,2
WBGene00201557.,0,1,1
WBGene00201558.,0,2,2
WBGene00201559.,0,0,0
WBGene00201560.,0,0,0
WBGene00201561.,0,89,89
WBGene00201562.,0,0,0
WBGene00201563.,0,2,2
WBGene00201564.,0,10,10
WBGene00201565.,0,9,9
WBGene00201566.,0,1,1
WBGene00201567.,0,2,2
WBGene00201568.,0,0,0
WBGene00201569.,0,1,1
WBGene00201570.,0,4,4
WBGene00201571.,0,0,0
WBGene00201572.,0,1,1
WBGene00201573.,0,0,0
WBGene00201574.,0,0,0
WBGene00201575.,0,0,0
WBGene00201576.,0,12,12
WBGene00201577.,0,0,0
WBGene00201578.,0,13,13
WBGene00201579.,0,1,1
WBGene00201580.,0,6,6
WBGene00201581.,0,2,2
WBGene00201582.,0,5,5
WBGene00201583.,0,0,0
WBGene00201584.,0,2,2
WBGene00201585.,0,0,0
WBGene00201586.,0,111,111
WBGene00201587.,0,3,3
WBGene00201588.,0,0,0
WBGene00201589.,0,0,0
WBGene00201590.,0,0,0
WBGene00201591.,0,0,0
WBGene00201592.,0,1,1
WBGene00201593.,0,1,1
WBGene00201594.,0,0,0
WBGene00201595.,0,0,0
WBGene00201596.,0,3,3
WBGene00201597.,0,0,0
WBGene00201598.,0,5,5
WBGene00201599.,0,5,5
WBGene00201600.,0,0,0
WBGene00201601.,0,4,4
WBGene00201602.,0,13,13
WBGene00201603.,0,11,11
WBGene00201604.,0,1,1
WBGene00201605.,0,0,0
WBGene00201606.,0,2,2
WBGene00201607.,0,0,0
WBGene00201608.,0,0,0
WBGene00201609.,0,19,19
WBGene00201610.,0,3,3
WBGene00201611.,0,3,3
WBGene00201612.,0,0,0
WBGene00201613.,0,0,0
WBGene00201614.,0,1,1
WBGene00201615.,0,0,0
WBGene00201616.,0,0,0
WBGene00201617.,0,0,0
WBGene00201618.,0,0,0
WBGene00201619.,0,3,3
WBGene00201620.,0,1,1
WBGene00201621.,0,0,0
WBGene00201622.,0,1,1
WBGene00201623.,0,3,3
WBGene00201624.,0,3,3
WBGene00201625.,0,2,2
WBGene00201626.,0,57,57
WBGene00201627.,0,1,1
WBGene00201628.,0,0,0
WBGene00201629.,0,3,3
WBGene00201630.,0,0,0
WBGene00201631.,0,0,0
WBGene00201632.,0,2,2
WBGene00201633.,0,39,39
WBGene00201634.,0,12,12
WBGene00201636.,0,0,0
WBGene00201637.,0,0,0
WBGene00201638.,0,0,0
WBGene00201639.,0,0,0
WBGene00201640.,0,0,0
WBGene00201641.,0,1,1
WBGene00201642.,0,22,22
WBGene00201643.,0,3,3
WBGene00201644.,0,9,9
WBGene00201645.,0,2,2
WBGene00201646.,0,40,40
WBGene00201647.,0,0,0
WBGene00201648.,0,2,2
WBGene00201649.,0,3,3
WBGene00201650.,0,32,32
WBGene00201651.,0,32,32
WBGene00201652.,0,2,2
WBGene00201653.,0,0,0
WBGene00201654.,0,17,17
WBGene00201655.,0,2,2
WBGene00201656.,0,0,0
WBGene00201657.,0,1,1
WBGene00201658.,0,1,1
WBGene00201659.,0,0,0
WBGene00201660.,0,9,9
WBGene00201661.,0,0,0
WBGene00201662.,0,2,2
WBGene00201663.,0,0,0
WBGene00201664.,0,2,2
WBGene00201665.,0,0,0
WBGene00201666.,0,0,0
WBGene00201667.,0,1,1
WBGene00201668.,0,0,0
WBGene00201669.,0,52,52
WBGene00201670.,0,5,5
WBGene00201671.,0,0,0
WBGene00201672.,0,3,3
WBGene00201673.,0,5,5
WBGene00201674.,0,1,1
WBGene00201675.,0,1,1
WBGene00201676.,0,0,0
WBGene00201677.,0,3,3
WBGene00201678.,0,2,2
WBGene00201679.,0,0,0
WBGene00201680.,0,1,1
WBGene00201681.,0,0,0
WBGene00201682.,0,0,0
WBGene00201683.,0,0,0
WBGene00201684.,0,5,5
WBGene00201685.,0,1,1
WBGene00201686.,0,0,0
WBGene00201687.,0,0,0
WBGene00201688.,0,2,2
WBGene00201689.,0,7,7
WBGene00201690.,0,2,2
WBGene00201691.,0,0,0
WBGene00201692.,0,1,1
WBGene00201693.,0,1,1
WBGene00201694.,0,5,5
WBGene00201695.,0,0,0
WBGene00201696.,0,0,0
WBGene00201697.,0,0,0
WBGene00201698.,0,8,8
WBGene00201699.,0,0,0
WBGene00201700.,0,0,0
WBGene00201701.,0,0,0
WBGene00201702.,0,13,13
WBGene00201703.,0,0,0
WBGene00201704.,0,0,0
WBGene00201705.,0,5,5
WBGene00201706.,0,2,2
WBGene00201707.,0,0,0
WBGene00201708.,0,0,0
WBGene00201709.,0,0,0
WBGene00201710.,0,0,0
WBGene00201711.,0,11,11
WBGene00201712.,0,0,0
WBGene00201713.,0,0,0
WBGene00201714.,0,3,3
WBGene00201715.,0,3,3
WBGene00201716.,0,0,0
WBGene00201717.,0,1,1
WBGene00201718.,0,5,5
WBGene00201719.,0,2,2
WBGene00201720.,0,1,1
WBGene00201721.,0,3,3
WBGene00201722.,0,0,0
WBGene00201723.,0,0,0
WBGene00201724.,0,0,0
WBGene00201725.,0,1,1
WBGene00201726.,0,0,0
WBGene00201727.,0,0,0
WBGene00201728.,0,0,0
WBGene00201729.,0,2,2
WBGene00201730.,0,22,22
WBGene00201731.,0,0,0
WBGene00201732.,0,1,1
WBGene00201733.,0,1,1
WBGene00201734.,0,1,1
WBGene00201735.,0,1,1
WBGene00201736.,0,0,0
WBGene00201737.,0,0,0
WBGene00201738.,0,0,0
WBGene00201739.,0,5,5
WBGene00201740.,0,1,1
WBGene00201741.,0,3,3
WBGene00201742.,0,1,1
WBGene00201743.,0,0,0
WBGene00201744.,0,3,3
WBGene00201745.,0,63,63
WBGene00201746.,0,0,0
WBGene00201747.,0,2,2
WBGene00201748.,0,0,0
WBGene00201749.,0,1,1
WBGene00201750.,0,1,1
WBGene00201751.,0,0,0
WBGene00201752.,0,8,8
WBGene00201753.,0,4,4
WBGene00201754.,0,1,1
WBGene00201755.,0,16,16
WBGene00201756.,0,0,0
WBGene00201757.,0,5,5
WBGene00201758.,0,0,0
WBGene00201759.,0,0,0
WBGene00201760.,0,0,0
WBGene00201761.,0,0,0
WBGene00201762.,0,0,0
WBGene00201763.,0,0,0
WBGene00201764.,0,1,1
WBGene00201765.,0,0,0
WBGene00201766.,0,0,0
WBGene00201767.,0,0,0
WBGene00201768.,0,0,0
WBGene00201769.,0,5,5
WBGene00201770.,0,18,18
WBGene00201771.,0,2,2
WBGene00201772.,0,0,0
WBGene00201773.,0,1,1
WBGene00201774.,0,0,0
WBGene00201775.,0,0,0
WBGene00201776.,0,0,0
WBGene00201777.,0,0,0
WBGene00201778.,0,7,7
WBGene00201779.,0,1,1
WBGene00201780.,0,0,0
WBGene00201781.,0,0,0
WBGene00201782.,0,0,0
WBGene00201783.,0,12,12
WBGene00201784.,0,2,2
WBGene00201785.,0,1,1
WBGene00201786.,0,0,0
WBGene00201787.,0,0,0
WBGene00201788.,0,0,0
WBGene00201789.,0,1,1
WBGene00201790.,0,4,4
WBGene00201791.,0,2,2
WBGene00201792.,0,0,0
WBGene00201793.,0,0,0
WBGene00201794.,0,0,0
WBGene00201795.,0,0,0
WBGene00201796.,0,1,1
WBGene00201797.,0,6,6
WBGene00201798.,0,0,0
WBGene00201799.,0,0,0
WBGene00201800.,0,0,0
WBGene00201801.,0,1,1
WBGene00201802.,0,0,0
WBGene00201803.,0,0,0
WBGene00201804.,0,0,0
WBGene00201805.,0,0,0
WBGene00201806.,0,11,11
WBGene00201807.,0,2,2
WBGene00201808.,0,2,2
WBGene00201809.,0,1,1
WBGene00201810.,0,0,0
WBGene00201811.,0,6,6
WBGene00201812.,0,0,0
WBGene00201813.,0,0,0
WBGene00201814.,0,0,0
WBGene00201815.,0,0,0
WBGene00201816.,0,0,0
WBGene00201817.,0,3,3
WBGene00201818.,0,0,0
WBGene00201819.,0,0,0
WBGene00201820.,0,0,0
WBGene00201821.,0,2,2
WBGene00201822.,0,0,0
WBGene00201823.,0,0,0
WBGene00201824.,0,0,0
WBGene00201825.,0,55,55
WBGene00201826.,0,1,1
WBGene00201827.,0,1,1
WBGene00201828.,0,1,1
WBGene00201829.,0,1,1
WBGene00201830.,0,0,0
WBGene00201831.,0,3,3
WBGene00201832.,0,0,0
WBGene00201833.,0,0,0
WBGene00201834.,0,0,0
WBGene00201835.,0,0,0
WBGene00201836.,0,9,9
WBGene00201837.,0,1,1
WBGene00201838.,0,10,10
WBGene00201839.,0,0,0
WBGene00201840.,0,2,2
WBGene00201841.,0,0,0
WBGene00201842.,0,5,5
WBGene00201843.,0,1,1
WBGene00201844.,0,13,13
WBGene00201845.,0,0,0
WBGene00201846.,0,8,8
WBGene00201847.,0,0,0
WBGene00201848.,0,4,4
WBGene00201849.,0,3,3
WBGene00201850.,0,0,0
WBGene00201851.,0,0,0
WBGene00201852.,0,0,0
WBGene00201853.,0,4,4
WBGene00201854.,0,1,1
WBGene00201855.,0,7,7
WBGene00201856.,0,0,0
WBGene00201857.,0,2,2
WBGene00201858.,0,2,2
WBGene00201859.,0,0,0
WBGene00201860.,0,0,0
WBGene00201861.,0,0,0
WBGene00201862.,0,0,0
WBGene00201863.,0,0,0
WBGene00201864.,0,0,0
WBGene00201865.,0,2,2
WBGene00201866.,0,2,2
WBGene00201867.,0,1,1
WBGene00201868.,0,3,3
WBGene00201869.,0,0,0
WBGene00201870.,0,0,0
WBGene00201871.,0,173,173
WBGene00201872.,0,0,0
WBGene00201873.,0,0,0
WBGene00201874.,0,0,0
WBGene00201875.,0,0,0
WBGene00201876.,0,0,0
WBGene00201877.,0,0,0
WBGene00201878.,0,0,0
WBGene00201879.,0,4,4
WBGene00201880.,0,0,0
WBGene00201881.,0,2,2
WBGene00201882.,0,0,0
WBGene00201883.,0,0,0
WBGene00201884.,0,1,1
WBGene00201885.,0,1,1
WBGene00201886.,0,0,0
WBGene00201887.,0,0,0
WBGene00201888.,0,0,0
WBGene00201889.,0,9,9
WBGene00201890.,0,0,0
WBGene00201891.,0,1,1
WBGene00201892.,0,0,0
WBGene00201893.,0,1,1
WBGene00201894.,0,5,5
WBGene00201895.,0,0,0
WBGene00201896.,0,0,0
WBGene00201897.,0,2,2
WBGene00201898.,0,0,0
WBGene00201899.,0,1,1
WBGene00201900.,0,5,5
WBGene00201901.,0,3,3
WBGene00201902.,0,8,8
WBGene00201903.,0,0,0
WBGene00201904.,0,0,0
WBGene00201905.,0,2,2
WBGene00201906.,0,0,0
WBGene00201907.,0,8,8
WBGene00201908.,0,3,3
WBGene00201909.,0,4,4
WBGene00201910.,0,0,0
WBGene00201911.,0,0,0
WBGene00201912.,0,1,1
WBGene00201913.,0,0,0
WBGene00201914.,0,0,0
WBGene00201915.,0,4,4
WBGene00201916.,0,9,9
WBGene00201917.,0,60,60
WBGene00201918.,0,0,0
WBGene00201919.,0,12,12
WBGene00201920.,0,1,1
WBGene00201921.,0,4,4
WBGene00201922.,0,1,1
WBGene00201923.,0,2,2
WBGene00201924.,0,0,0
WBGene00201925.,0,0,0
WBGene00201926.,0,2,2
WBGene00201927.,0,0,0
WBGene00201928.,0,2,2
WBGene00201929.,0,0,0
WBGene00201930.,0,0,0
WBGene00201931.,0,0,0
WBGene00201932.,0,0,0
WBGene00201933.,0,31,31
WBGene00201934.,0,0,0
WBGene00201935.,0,0,0
WBGene00201936.,0,0,0
WBGene00201937.,0,0,0
WBGene00201938.,0,0,0
WBGene00201939.,0,1,1
WBGene00201940.,0,0,0
WBGene00201941.,0,0,0
WBGene00201942.,0,24,24
WBGene00201943.,0,0,0
WBGene00201944.,0,8,8
WBGene00201945.,0,4,4
WBGene00201946.,0,1,1
WBGene00201947.,0,0,0
WBGene00201948.,0,0,0
WBGene00201949.,0,23,23
WBGene00201950.,0,0,0
WBGene00201951.,0,0,0
WBGene00201952.,0,10,10
WBGene00201953.,0,37,37
WBGene00201954.,0,0,0
WBGene00201955.,0,0,0
WBGene00201956.,0,2,2
WBGene00201957.,0,0,0
WBGene00201958.,0,0,0
WBGene00201959.,0,0,0
WBGene00201960.,0,0,0
WBGene00201961.,0,0,0
WBGene00201962.,0,1,1
WBGene00201963.,0,3,3
WBGene00201964.,0,242,242
WBGene00201965.,0,0,0
WBGene00201966.,0,47,47
WBGene00201967.,0,3,3
WBGene00201968.,0,0,0
WBGene00201969.,0,1,1
WBGene00201970.,0,0,0
WBGene00201971.,0,0,0
WBGene00201972.,0,0,0
WBGene00201973.,0,0,0
WBGene00201974.,0,0,0
WBGene00201975.,0,0,0
WBGene00201976.,0,0,0
WBGene00201977.,0,0,0
WBGene00201978.,0,1,1
WBGene00201979.,0,0,0
WBGene00201980.,0,0,0
WBGene00201981.,0,0,0
WBGene00201982.,0,10,10
WBGene00201983.,0,0,0
WBGene00201984.,0,3,3
WBGene00201985.,0,3,3
WBGene00201986.,0,13,13
WBGene00201987.,0,1,1
WBGene00201988.,0,2,2
WBGene00201989.,0,3,3
WBGene00201990.,0,0,0
WBGene00201991.,0,8,8
WBGene00201992.,0,3,3
WBGene00201993.,0,1,1
WBGene00201994.,0,12,12
WBGene00201995.,0,0,0
WBGene00201996.,0,0,0
WBGene00201997.,0,0,0
WBGene00201998.,0,30,30
WBGene00201999.,0,0,0
WBGene00202000.,0,1,1
WBGene00202001.,0,19,19
WBGene00202002.,0,0,0
WBGene00202003.,0,0,0
WBGene00202004.,0,0,0
WBGene00202005.,0,11,11
WBGene00202006.,0,0,0
WBGene00202007.,0,0,0
WBGene00202008.,0,7,7
WBGene00202009.,0,3,3
WBGene00202010.,0,11,11
WBGene00202011.,0,6,6
WBGene00202012.,0,4,4
WBGene00202013.,0,4,4
WBGene00202014.,0,0,0
WBGene00202015.,0,0,0
WBGene00202016.,0,33,33
WBGene00202017.,0,0,0
WBGene00202018.,0,0,0
WBGene00202019.,0,0,0
WBGene00202020.,0,1,1
WBGene00202021.,0,18,18
WBGene00202022.,0,0,0
WBGene00202023.,0,2,2
WBGene00202024.,0,0,0
WBGene00202025.,0,0,0
WBGene00202026.,0,3,3
WBGene00202027.,0,0,0
WBGene00202028.,0,24,24
WBGene00202029.,0,42,42
WBGene00202030.,0,17,17
WBGene00202031.,0,0,0
WBGene00202032.,0,0,0
WBGene00202033.,0,6,6
WBGene00202034.,0,1,1
WBGene00202035.,0,4,4
WBGene00202036.,0,7,7
WBGene00202037.,0,0,0
WBGene00202038.,0,1,1
WBGene00202039.,0,0,0
WBGene00202040.,0,0,0
WBGene00202041.,0,0,0
WBGene00202042.,0,0,0
WBGene00202043.,0,0,0
WBGene00202044.,0,1,1
WBGene00202045.,0,0,0
WBGene00202046.,0,0,0
WBGene00202047.,0,0,0
WBGene00202048.,0,3,3
WBGene00202049.,0,0,0
WBGene00202050.,0,2,2
WBGene00202051.,0,2,2
WBGene00202052.,0,1,1
WBGene00202053.,0,3,3
WBGene00202054.,0,0,0
WBGene00202055.,0,0,0
WBGene00202056.,0,1,1
WBGene00202057.,0,0,0
WBGene00202058.,0,0,0
WBGene00202059.,0,1,1
WBGene00202060.,0,4,4
WBGene00202061.,0,2,2
WBGene00202062.,0,1,1
WBGene00202063.,0,4,4
WBGene00202064.,0,1,1
WBGene00202065.,0,2,2
WBGene00202066.,0,2,2
WBGene00202067.,0,0,0
WBGene00202068.,0,0,0
WBGene00202069.,0,0,0
WBGene00202070.,0,0,0
WBGene00202071.,0,0,0
WBGene00202072.,0,1,1
WBGene00202073.,0,0,0
WBGene00202074.,0,3,3
WBGene00202075.,0,0,0
WBGene00202076.,0,0,0
WBGene00202077.,0,1,1
WBGene00202078.,0,1,1
WBGene00202079.,0,10,10
WBGene00202080.,0,3,3
WBGene00202081.,0,0,0
WBGene00202082.,0,1,1
WBGene00202083.,0,0,0
WBGene00202084.,0,2,2
WBGene00202085.,0,2,2
WBGene00202086.,0,7,7
WBGene00202087.,0,2,2
WBGene00202088.,0,0,0
WBGene00202089.,0,1,1
WBGene00202090.,0,0,0
WBGene00202091.,0,6,6
WBGene00202092.,0,0,0
WBGene00202093.,0,0,0
WBGene00202094.,0,4,4
WBGene00202095.,0,0,0
WBGene00202096.,0,3,3
WBGene00202097.,0,1,1
WBGene00202098.,0,0,0
WBGene00202099.,0,0,0
WBGene00202100.,0,0,0
WBGene00202101.,0,0,0
WBGene00202102.,0,1,1
WBGene00202103.,0,0,0
WBGene00202104.,0,1,1
WBGene00202105.,0,15,15
WBGene00202106.,0,0,0
WBGene00202107.,0,18,18
WBGene00202108.,0,1,1
WBGene00202109.,0,1,1
WBGene00202110.,0,0,0
WBGene00202111.,0,0,0
WBGene00202112.,0,3,3
WBGene00202113.,0,1,1
WBGene00202114.,0,0,0
WBGene00202115.,0,0,0
WBGene00202116.,0,0,0
WBGene00202117.,0,0,0
WBGene00202118.,0,0,0
WBGene00202119.,0,0,0
WBGene00202120.,0,0,0
WBGene00202121.,0,6,6
WBGene00202122.,0,3,3
WBGene00202123.,0,0,0
WBGene00202124.,0,0,0
WBGene00202125.,0,0,0
WBGene00202126.,0,0,0
WBGene00202127.,0,0,0
WBGene00202128.,0,0,0
WBGene00202129.,0,0,0
WBGene00202130.,0,9,9
WBGene00202131.,0,1,1
WBGene00202132.,0,0,0
WBGene00202133.,0,7,7
WBGene00202134.,0,0,0
WBGene00202135.,0,0,0
WBGene00202136.,0,223,223
WBGene00202137.,0,0,0
WBGene00202138.,0,0,0
WBGene00202139.,0,0,0
WBGene00202140.,0,0,0
WBGene00202141.,0,0,0
WBGene00202142.,0,0,0
WBGene00202143.,0,23,23
WBGene00202144.,0,0,0
WBGene00202145.,0,12,12
WBGene00202146.,0,0,0
WBGene00202147.,0,2,2
WBGene00202148.,0,0,0
WBGene00202149.,0,0,0
WBGene00202150.,0,12,12
WBGene00202151.,0,0,0
WBGene00202152.,0,1,1
WBGene00202153.,0,0,0
WBGene00202154.,0,0,0
WBGene00202155.,0,0,0
WBGene00202156.,0,3,3
WBGene00202157.,0,1,1
WBGene00202158.,0,2,2
WBGene00202159.,0,0,0
WBGene00202160.,0,0,0
WBGene00202161.,0,0,0
WBGene00202162.,0,0,0
WBGene00202163.,0,0,0
WBGene00202164.,0,0,0
WBGene00202165.,0,0,0
WBGene00202166.,0,15,15
WBGene00202167.,0,6,6
WBGene00202168.,0,1,1
WBGene00202169.,0,0,0
WBGene00202170.,0,0,0
WBGene00202171.,0,1,1
WBGene00202172.,0,0,0
WBGene00202173.,0,0,0
WBGene00202174.,0,1,1
WBGene00202175.,0,1,1
WBGene00202176.,0,0,0
WBGene00202177.,0,0,0
WBGene00202178.,0,0,0
WBGene00202179.,0,0,0
WBGene00202180.,0,2,2
WBGene00202181.,0,1,1
WBGene00202182.,0,0,0
WBGene00202183.,0,5,5
WBGene00202184.,0,1,1
WBGene00202185.,0,2,2
WBGene00202186.,0,4,4
WBGene00202187.,0,0,0
WBGene00202188.,0,0,0
WBGene00202189.,0,0,0
WBGene00202190.,0,0,0
WBGene00202191.,0,11,11
WBGene00202192.,0,0,0
WBGene00202193.,0,0,0
WBGene00202194.,0,3,3
WBGene00202195.,0,0,0
WBGene00202196.,0,1,1
WBGene00202197.,0,1,1
WBGene00202198.,0,7,7
WBGene00202199.,0,0,0
WBGene00202200.,0,0,0
WBGene00202201.,0,0,0
WBGene00202202.,0,1,1
WBGene00202203.,0,0,0
WBGene00202204.,0,0,0
WBGene00202205.,0,1,1
WBGene00202206.,0,0,0
WBGene00202207.,0,0,0
WBGene00202208.,0,0,0
WBGene00202209.,0,0,0
WBGene00202210.,0,0,0
WBGene00202211.,0,3,3
WBGene00202212.,0,3,3
WBGene00202213.,0,0,0
WBGene00202214.,0,0,0
WBGene00202215.,0,2,2
WBGene00202216.,0,2,2
WBGene00202217.,0,0,0
WBGene00202218.,0,0,0
WBGene00202219.,0,0,0
WBGene00202220.,0,0,0
WBGene00202221.,0,0,0
WBGene00202222.,0,0,0
WBGene00202223.,0,1,1
WBGene00202224.,0,0,0
WBGene00202225.,0,1,1
WBGene00202226.,0,3,3
WBGene00202227.,0,0,0
WBGene00202228.,0,0,0
WBGene00202229.,0,0,0
WBGene00202230.,0,0,0
WBGene00202231.,0,0,0
WBGene00202232.,0,2,2
WBGene00202233.,0,0,0
WBGene00202234.,0,1,1
WBGene00202235.,0,3,3
WBGene00202236.,0,0,0
WBGene00202237.,0,1,1
WBGene00202238.,0,0,0
WBGene00202239.,0,2,2
WBGene00202240.,0,2,2
WBGene00202241.,0,0,0
WBGene00202242.,0,1,1
WBGene00202243.,0,1,1
WBGene00202244.,0,0,0
WBGene00202245.,0,0,0
WBGene00202246.,0,0,0
WBGene00202247.,0,1,1
WBGene00202248.,0,0,0
WBGene00202249.,0,0,0
WBGene00202250.,0,0,0
WBGene00202251.,0,1,1
WBGene00202252.,0,0,0
WBGene00202253.,0,0,0
WBGene00202254.,0,0,0
WBGene00202255.,0,2,2
WBGene00202256.,0,0,0
WBGene00202257.,0,1,1
WBGene00202258.,0,0,0
WBGene00202259.,0,0,0
WBGene00202260.,0,2,2
WBGene00202261.,0,0,0
WBGene00202262.,0,3,3
WBGene00202263.,0,1,1
WBGene00202264.,0,0,0
WBGene00202265.,0,1,1
WBGene00202266.,0,0,0
WBGene00202267.,0,8,8
WBGene00202268.,0,10,10
WBGene00202269.,0,0,0
WBGene00202270.,0,1,1
WBGene00202271.,0,0,0
WBGene00202272.,0,2,2
WBGene00202273.,0,3,3
WBGene00202274.,0,0,0
WBGene00202275.,0,1,1
WBGene00202276.,0,0,0
WBGene00202277.,0,0,0
WBGene00202278.,0,0,0
WBGene00202279.,0,2,2
WBGene00202280.,0,0,0
WBGene00202281.,0,0,0
WBGene00202282.,0,0,0
WBGene00202283.,0,0,0
WBGene00202284.,0,0,0
WBGene00202285.,0,0,0
WBGene00202286.,0,1,1
WBGene00202287.,0,0,0
WBGene00202288.,0,0,0
WBGene00202289.,0,2,2
WBGene00202290.,0,0,0
WBGene00202291.,0,0,0
WBGene00202292.,0,0,0
WBGene00202293.,0,0,0
WBGene00202294.,0,2,2
WBGene00202295.,0,1,1
WBGene00202296.,0,0,0
WBGene00202297.,0,2,2
WBGene00202298.,0,0,0
WBGene00202299.,0,0,0
WBGene00202300.,0,2,2
WBGene00202301.,0,5,5
WBGene00202302.,0,0,0
WBGene00202303.,0,0,0
WBGene00202304.,0,0,0
WBGene00202305.,0,2,2
WBGene00202306.,0,9,9
WBGene00202307.,0,0,0
WBGene00202308.,0,0,0
WBGene00202309.,0,0,0
WBGene00202310.,0,0,0
WBGene00202311.,0,9,9
WBGene00202312.,0,1,1
WBGene00202313.,0,3,3
WBGene00202314.,0,0,0
WBGene00202315.,0,2,2
WBGene00202316.,0,13,13
WBGene00202317.,0,12,12
WBGene00202318.,0,0,0
WBGene00202319.,0,2,2
WBGene00202320.,0,0,0
WBGene00202321.,0,17,17
WBGene00202322.,0,0,0
WBGene00202323.,0,10,10
WBGene00202324.,0,0,0
WBGene00202325.,0,0,0
WBGene00202326.,0,0,0
WBGene00202327.,0,0,0
WBGene00202328.,0,0,0
WBGene00202329.,0,0,0
WBGene00202330.,0,14,14
WBGene00202331.,0,0,0
WBGene00202332.,0,2,2
WBGene00202333.,0,0,0
WBGene00202334.,0,0,0
WBGene00202335.,0,0,0
WBGene00202336.,0,0,0
WBGene00202337.,0,0,0
WBGene00202338.,0,0,0
WBGene00202339.,0,0,0
WBGene00202340.,0,20,20
WBGene00202341.,0,0,0
WBGene00202342.,0,0,0
WBGene00202343.,0,1,1
WBGene00202344.,0,0,0
WBGene00202345.,0,0,0
WBGene00202346.,0,0,0
WBGene00202347.,0,0,0
WBGene00202348.,0,0,0
WBGene00202349.,0,4,4
WBGene00202350.,0,0,0
WBGene00202351.,0,0,0
WBGene00202352.,0,0,0
WBGene00202353.,0,1,1
WBGene00202354.,0,0,0
WBGene00202355.,0,1,1
WBGene00202356.,0,0,0
WBGene00202357.,0,0,0
WBGene00202358.,0,0,0
WBGene00202359.,0,3,3
WBGene00202360.,0,0,0
WBGene00202361.,0,0,0
WBGene00202362.,0,0,0
WBGene00202363.,0,0,0
WBGene00202364.,0,0,0
WBGene00202365.,0,2,2
WBGene00202366.,0,0,0
WBGene00202367.,0,1,1
WBGene00202368.,0,0,0
WBGene00202369.,0,0,0
WBGene00202370.,0,1,1
WBGene00202371.,0,0,0
WBGene00202372.,0,0,0
WBGene00202373.,0,0,0
WBGene00202374.,0,0,0
WBGene00202375.,0,0,0
WBGene00202376.,0,0,0
WBGene00202377.,0,1,1
WBGene00202378.,0,0,0
WBGene00202379.,0,1,1
WBGene00202380.,0,0,0
WBGene00202381.,0,1,1
WBGene00202382.,0,1,1
WBGene00202383.,0,8,8
WBGene00202384.,0,3,3
WBGene00202385.,0,0,0
WBGene00202386.,0,0,0
WBGene00202387.,0,0,0
WBGene00202388.,0,1,1
WBGene00202389.,0,5,5
WBGene00202390.,0,1,1
WBGene00202391.,0,0,0
WBGene00202392.,0,0,0
WBGene00202393.,0,0,0
WBGene00202394.,0,0,0
WBGene00202395.,0,1,1
WBGene00202396.,0,0,0
WBGene00202397.,0,4,4
WBGene00202398.,0,0,0
WBGene00202399.,0,0,0
WBGene00202400.,0,78,78
WBGene00202401.,0,0,0
WBGene00202402.,0,0,0
WBGene00202403.,0,0,0
WBGene00202404.,0,0,0
WBGene00202405.,0,3,3
WBGene00202406.,0,0,0
WBGene00202407.,0,0,0
WBGene00202408.,0,0,0
WBGene00202409.,0,0,0
WBGene00202410.,0,153,153
WBGene00202411.,0,1,1
WBGene00202412.,0,0,0
WBGene00202413.,0,2,2
WBGene00202414.,0,0,0
WBGene00202415.,0,0,0
WBGene00202416.,0,1,1
WBGene00202417.,0,0,0
WBGene00202418.,0,0,0
WBGene00202419.,0,0,0
WBGene00202420.,0,0,0
WBGene00202421.,0,1,1
WBGene00202422.,0,7,7
WBGene00202423.,0,0,0
WBGene00202424.,0,6,6
WBGene00202425.,0,12,12
WBGene00202426.,0,0,0
WBGene00202427.,0,0,0
WBGene00202428.,0,0,0
WBGene00202429.,0,5,5
WBGene00202430.,0,1,1
WBGene00202431.,0,0,0
WBGene00202432.,0,1,1
WBGene00202433.,0,0,0
WBGene00202434.,0,3,3
WBGene00202435.,0,0,0
WBGene00202436.,0,6,6
WBGene00202437.,0,0,0
WBGene00202438.,0,0,0
WBGene00202439.,0,0,0
WBGene00202440.,0,0,0
WBGene00202441.,0,12,12
WBGene00202442.,0,0,0
WBGene00202443.,0,0,0
WBGene00202444.,0,0,0
WBGene00202445.,0,0,0
WBGene00202446.,0,0,0
WBGene00202447.,0,3,3
WBGene00202448.,0,4,4
WBGene00202449.,0,25,25
WBGene00202450.,0,0,0
WBGene00202451.,0,6,6
WBGene00202452.,0,0,0
WBGene00202453.,0,3,3
WBGene00202454.,0,0,0
WBGene00202455.,0,0,0
WBGene00202456.,0,0,0
WBGene00202457.,0,0,0
WBGene00202458.,0,4,4
WBGene00202459.,0,0,0
WBGene00202460.,0,0,0
WBGene00202461.,0,0,0
WBGene00202462.,0,0,0
WBGene00202463.,0,6,6
WBGene00202464.,0,0,0
WBGene00202465.,0,1,1
WBGene00202466.,0,3,3
WBGene00202467.,0,1,1
WBGene00202468.,0,0,0
WBGene00202469.,0,2,2
WBGene00202470.,0,2,2
WBGene00202471.,0,1,1
WBGene00202472.,0,5,5
WBGene00202473.,0,1,1
WBGene00202474.,0,0,0
WBGene00202475.,0,0,0
WBGene00202476.,0,8,8
WBGene00202477.,0,2,2
WBGene00202478.,0,0,0
WBGene00202479.,0,1,1
WBGene00202480.,0,1,1
WBGene00202481.,0,0,0
WBGene00202482.,0,0,0
WBGene00202483.,0,1,1
WBGene00202484.,0,1,1
WBGene00202485.,0,0,0
WBGene00202486.,0,0,0
WBGene00202487.,0,1,1
WBGene00202488.,0,0,0
WBGene00202489.,0,0,0
WBGene00202490.,0,2,2
WBGene00202491.,0,0,0
WBGene00202492.,0,2,2
WBGene00202493.,0,1,1
WBGene00202494.,0,0,0
WBGene00202495.,0,0,0
WBGene00202496.,1,17,18
WBGene00202497.,4,4,8
WBGene00202498.,8,47,55
WBGene00202499.,1,1,2
WBGene00202500.,8,1,9
WBGene00202501.,1,7,8
WBGene00202502.,1,4,5
WBGene00202504.,0,0,0
WBGene00202511.,2,3,5
WBGene00202512.,51,186,237
WBGene00202513.,9,289,298
WBGene00202514.,2,17,19
WBGene00206354.,1,25,26
WBGene00206355.,3,28,31
WBGene00206356.,63,1163,1226
WBGene00206357.,9,12,21
WBGene00206358.,0,0,0
WBGene00206359.,10,6,16
WBGene00206360.,1,2,3
WBGene00206361.,23,398,421
WBGene00206362.,82,395,477
WBGene00206363.,0,0,0
WBGene00206364.,3,66,69
WBGene00206365.,0,4,4
WBGene00206366.,0,13,13
WBGene00206368.,0,0,0
WBGene00206369.,0,0,0
WBGene00206370.,0,24,24
WBGene00206371.,6,247,253
WBGene00206372.,0,2,2
WBGene00206373.,27,424,451
WBGene00206374.,121,220,341
WBGene00206375.,0,8,8
WBGene00206377.,3,77,80
WBGene00206378.,18,22,40
WBGene00206379.,0,6,6
WBGene00206380.,157,2899,3056
WBGene00206381.,4,34,38
WBGene00206382.,102,1148,1250
WBGene00206383.,0,2,2
WBGene00206384.,33,28,61
WBGene00206385.,0,0,0
WBGene00206386.,6,41,47
WBGene00206388.,0,0,0
WBGene00206389.,1,0,1
WBGene00206390.,1,1,2
WBGene00206391.,0,0,0
WBGene00206392.,11,19,30
WBGene00206393.,3,20,23
WBGene00206394.,0,0,0
WBGene00206395.,0,1,1
WBGene00206411.,4,13,17
WBGene00206412.,2,28,30
WBGene00206413.,3,2,5
WBGene00206414.,3,24,27
WBGene00206415.,13,8,21
WBGene00206416.,8,47,55
WBGene00206417.,110,1524,1634
WBGene00206418.,0,43,43
WBGene00206420.,2,131,133
WBGene00206421.,0,0,0
WBGene00206422.,0,0,0
WBGene00206423.,0,2163,2163
WBGene00206459.,57,544,601
WBGene00206460.,13,49,62
WBGene00206461.,11,37,48
WBGene00206462.,1,49,50
WBGene00206464.,0,2648,2648
WBGene00206466.,0,141,141
WBGene00206468.,0,0,0
WBGene00206469.,20,46,66
WBGene00206470.,1,3,4
WBGene00206471.,3,5,8
WBGene00206473.,0,20,20
WBGene00206474.,36,179,215
WBGene00206475.,6,4,10
WBGene00206477.,1,0,1
WBGene00206478.,3,6,9
WBGene00206479.,35,10,45
WBGene00206481.,1,0,1
WBGene00206482.,4,36,40
WBGene00206483.,2,1,3
WBGene00206484.,14,146,160
WBGene00206485.,0,0,0
WBGene00206486.,28,13,41
WBGene00206487.,41,912,953
WBGene00206488.,96,57,153
WBGene00206489.,14,16,30
WBGene00206490.,1,1,2
WBGene00206491.,17,16,33
WBGene00206492.,0,0,0
WBGene00206493.,0,3,3
WBGene00206494.,0,3,3
WBGene00206495.,0,0,0
WBGene00206496.,0,1,1
WBGene00206497.,0,3,3
WBGene00206498.,0,0,0
WBGene00206499.,0,0,0
WBGene00206500.,0,0,0
WBGene00206501.,0,0,0
WBGene00206502.,3,9,12
WBGene00206503.,0,0,0
WBGene00206504.,0,0,0
WBGene00206505.,7,296,303
WBGene00206506.,0,0,0
WBGene00206507.,0,0,0
WBGene00206508.,0,1,1
WBGene00206509.,0,0,0
WBGene00206510.,1,2,3
WBGene00206511.,13,0,13
WBGene00206512.,1,19,20
WBGene00206513.,2,2,4
WBGene00206514.,5,9,14
WBGene00206515.,3,3,6
WBGene00206516.,571,1,572
WBGene00206517.,4,124,128
WBGene00206518.,1,3,4
WBGene00206519.,0,2,2
WBGene00206520.,2,1,3
WBGene00206521.,0,1,1
WBGene00206522.,39,1551,1590
WBGene00206523.,0,0,0
WBGene00206524.,3,6,9
WBGene00206525.,79,678,757
WBGene00206526.,4,7,11
WBGene00206527.,2,46,48
WBGene00206528.,0,34,34
WBGene00206529.,39,308,347
WBGene00206530.,42,61,103
WBGene00206531.,0,0,0
WBGene00206532.,850,597,1447
WBGene00206533.,111,95,206
WBGene00206534.,0,0,0
WBGene00206535.,4,4,8
WBGene00206536.,7,2,9
WBGene00206537.,2,3,5
WBGene00206538.,12,203,215
WBGene00215616.,52,214,266
WBGene00219205.,1,6,7
WBGene00219206.,3,208,211
WBGene00219207.,0,1956,1956
WBGene00219208.,74,1474,1548
WBGene00219209.,30,31,61
WBGene00219210.,5,48,53
WBGene00219212.,0,0,0
WBGene00219214.,6,1,7
WBGene00219215.,1,2,3
WBGene00219216.,3,3,6
WBGene00219217.,1,2,3
WBGene00219218.,1,14,15
WBGene00219219.,0,0,0
WBGene00219220.,0,17,17
WBGene00219221.,0,21,21
WBGene00219222.,0,0,0
WBGene00219223.,0,0,0
WBGene00219224.,0,0,0
WBGene00219225.,0,0,0
WBGene00219226.,0,0,0
WBGene00219227.,0,1,1
WBGene00219228.,0,0,0
WBGene00219229.,0,3,3
WBGene00219230.,0,0,0
WBGene00219231.,0,0,0
WBGene00219232.,0,0,0
WBGene00219233.,0,0,0
WBGene00219234.,2,3,5
WBGene00219235.,1,85,86
WBGene00219236.,38,1230,1268
WBGene00219238.,0,0,0
WBGene00219239.,0,0,0
WBGene00219241.,8,16,24
WBGene00219242.,0,0,0
WBGene00219243.,66,105,171
WBGene00219244.,0,1,1
WBGene00219245.,0,0,0
WBGene00219246.,0,0,0
WBGene00219247.,0,0,0
WBGene00219248.,0,0,0
WBGene00219249.,0,0,0
WBGene00219250.,0,0,0
WBGene00219251.,0,0,0
WBGene00219252.,0,0,0
WBGene00219253.,0,0,0
WBGene00219254.,0,0,0
WBGene00219255.,0,0,0
WBGene00219256.,0,0,0
WBGene00219257.,0,0,0
WBGene00219258.,0,0,0
WBGene00219259.,0,0,0
WBGene00219260.,0,0,0
WBGene00219261.,0,0,0
WBGene00219262.,0,0,0
WBGene00219263.,0,0,0
WBGene00219264.,0,1,1
WBGene00219265.,0,4,4
WBGene00219266.,0,1,1
WBGene00219267.,0,13,13
WBGene00219269.,0,0,0
WBGene00219270.,0,0,0
WBGene00219271.,0,1,1
WBGene00219272.,24,3,27
WBGene00219274.,5,12,17
WBGene00219275.,347,4088,4435
WBGene00219278.,2,9,11
WBGene00219279.,1,1,2
WBGene00219280.,14,232,246
WBGene00219281.,38,19,57
WBGene00219282.,0,21,21
WBGene00219283.,306,67,373
WBGene00219284.,2,1,3
WBGene00219285.,12,19,31
WBGene00219286.,1,25,26
WBGene00219287.,120,2113,2233
WBGene00219288.,53,254,307
WBGene00219289.,1315,959,2274
WBGene00219290.,0,0,0
WBGene00219291.,0,0,0
WBGene00219292.,0,16,16
WBGene00219293.,0,0,0
WBGene00219294.,10,88,98
WBGene00219295.,17,24,41
WBGene00219296.,2,1,3
WBGene00219297.,2,2,4
WBGene00219298.,7,6,13
WBGene00219299.,5,20,25
WBGene00219300.,4,54,58
WBGene00219301.,0,0,0
WBGene00219302.,0,74,74
WBGene00219303.,19,93,112
WBGene00219304.,191,6722,6913
WBGene00219306.,45,579,624
WBGene00219307.,430,6197,6627
WBGene00219308.,2,30,32
WBGene00219309.,3,101,104
WBGene00219310.,0,5,5
WBGene00219311.,0,0,0
WBGene00219312.,0,0,0
WBGene00219313.,62,2883,2945
WBGene00219314.,2,1,3
WBGene00219315.,0,2,2
WBGene00219316.,5,8,13
WBGene00219317.,13,38,51
WBGene00219318.,0,0,0
WBGene00219319.,18,7,25
WBGene00219321.,1,5,6
WBGene00219322.,0,0,0
WBGene00219323.,0,0,0
WBGene00219324.,0,2,2
WBGene00219325.,27,20,47
WBGene00219326.,0,3,3
WBGene00219327.,0,2,2
WBGene00219329.,303,250,553
WBGene00219330.,3,2,5
WBGene00219331.,0,1,1
WBGene00219332.,14,0,14
WBGene00219337.,177,107,284
WBGene00219342.,0,3,3
WBGene00219343.,0,140,140
WBGene00219351.,4,9,13
WBGene00219352.,4,1,5
WBGene00219362.,268,619,887
WBGene00219368.,0,4,4
WBGene00219369.,1,5,6
WBGene00219370.,0,0,0
WBGene00219371.,1,9,10
WBGene00219373.,8,725,733
WBGene00219374.,24,12,36
WBGene00219375.,26,188,214
WBGene00219376.,1,17,18
WBGene00219377.,7,25,32
WBGene00219378.,0,1,1
WBGene00219381.,2,0,2
WBGene00219383.,1,1,2
WBGene00219394.,0,0,0
WBGene00219395.,0,0,0
WBGene00219399.,26,25,51
WBGene00219410.,35,14,49
WBGene00219411.,4,4,8
WBGene00219412.,0,139,139
WBGene00219413.,3,74,77
WBGene00219414.,1,3,4
WBGene00219415.,56,248,304
WBGene00219416.,0,0,0
WBGene00219417.,2,7,9
WBGene00219418.,0,2,2
WBGene00219420.,0,65,65
WBGene00219421.,0,10,10
WBGene00219422.,14,15,29
WBGene00219423.,12,17,29
WBGene00219424.,7,35,42
WBGene00219425.,104,142,246
WBGene00219434.,0,0,0
WBGene00219436.,26,130,156
WBGene00219437.,1,3,4
WBGene00219442.,0,7,7
WBGene00219443.,0,0,0
WBGene00219444.,104,50,154
WBGene00219445.,0,0,0
WBGene00219446.,0,0,0
WBGene00219447.,0,0,0
WBGene00219448.,8,25,33
WBGene00219449.,9,43,52
WBGene00219450.,12,182,194
WBGene00219451.,5,215,220
WBGene00219452.,0,9,9
WBGene00219453.,0,1,1
WBGene00219454.,0,0,0
WBGene00219455.,0,0,0
WBGene00219456.,0,1,1
WBGene00219458.,5,0,5
WBGene00219460.,10,3,13
WBGene00219476.,8,14,22
WBGene00219477.,0,0,0
WBGene00219478.,0,0,0
WBGene00219483.,0,1,1
WBGene00219489.,0,2,2
WBGene00219490.,0,6,6
WBGene00219491.,0,4,4
WBGene00219492.,1,1,2
WBGene00219493.,0,0,0
WBGene00219497.,0,1,1
WBGene00219498.,8,17,25
WBGene00219544.,0,0,0
WBGene00219545.,0,5,5
WBGene00219546.,2,5,7
WBGene00219547.,0,1,1
WBGene00219548.,0,183,183
WBGene00219549.,0,0,0
WBGene00219550.,0,0,0
WBGene00219551.,0,14,14
WBGene00219552.,52,0,52
WBGene00219553.,0,1,1
WBGene00219554.,0,1,1
WBGene00219555.,0,2,2
WBGene00219556.,0,0,0
WBGene00219557.,24,78,102
WBGene00219558.,0,0,0
WBGene00219559.,0,439,439
WBGene00219560.,0,0,0
WBGene00219561.,0,0,0
WBGene00219562.,9,11,20
WBGene00219563.,59,13,72
WBGene00219564.,0,0,0
WBGene00219565.,10,30,40
WBGene00219566.,0,36,36
WBGene00219567.,13,76,89
WBGene00219568.,0,5,5
WBGene00219569.,0,61,61
WBGene00219570.,76,54,130
WBGene00219571.,43,389,432
WBGene00219572.,318,21,339
WBGene00219573.,0,4,4
WBGene00219574.,0,12,12
WBGene00219575.,51,392,443
WBGene00219576.,0,2,2
WBGene00219577.,0,2,2
WBGene00219578.,0,9,9
WBGene00219579.,0,0,0
WBGene00219580.,3,0,3
WBGene00219581.,0,688,688
WBGene00219582.,0,37,37
WBGene00219583.,8,34,42
WBGene00219584.,0,1,1
WBGene00219585.,2,0,2
WBGene00219586.,120,30,150
WBGene00219587.,1,9,10
WBGene00219588.,5,10,15
WBGene00219589.,67,366,433
WBGene00219590.,0,136,136
WBGene00219591.,0,32,32
WBGene00219592.,0,250,250
WBGene00219593.,0,1,1
WBGene00219594.,0,0,0
WBGene00219596.,1,17,18
WBGene00219597.,0,4,4
WBGene00219598.,4,19,23
WBGene00219599.,0,3,3
WBGene00219600.,336,86,422
WBGene00219601.,156,111,267
WBGene00219602.,0,300,300
WBGene00219603.,2,6,8
WBGene00219604.,0,1,1
WBGene00219605.,305,278,583
WBGene00219606.,13,88,101
WBGene00219607.,0,10,10
WBGene00219608.,0,85,85
WBGene00219609.,0,18753,18753
WBGene00219610.,0,25,25
WBGene00219611.,0,0,0
WBGene00219612.,4,43,47
WBGene00219613.,135,1,136
WBGene00219614.,42,23,65
WBGene00219615.,61,126,187
WBGene00219616.,0,0,0
WBGene00219617.,36,253,289
WBGene00219618.,0,145,145
WBGene00219619.,22,99,121
WBGene00219620.,54,12,66
WBGene00219621.,0,0,0
WBGene00219622.,0,0,0
WBGene00219623.,0,1,1
WBGene00219624.,0,0,0
WBGene00219625.,205,256,461
WBGene00219626.,11,5,16
WBGene00219627.,66,31,97
WBGene00219628.,0,2,2
WBGene00219629.,15,34,49
WBGene00219630.,250,12,262
WBGene00219631.,0,1,1
WBGene00219632.,0,1,1
WBGene00219633.,0,39,39
WBGene00219634.,0,0,0
WBGene00219635.,0,0,0
WBGene00219636.,140,399,539
WBGene00219637.,0,13,13
WBGene00219638.,0,15,15
WBGene00219639.,1,31,32
WBGene00219640.,5,9,14
WBGene00219641.,42,498,540
WBGene00219642.,47,11,58
WBGene00219643.,0,0,0
WBGene00219644.,2,5,7
WBGene00219645.,13,14,27
WBGene00219646.,0,0,0
WBGene00219647.,285,623,908
WBGene00219648.,0,2,2
WBGene00219649.,0,356,356
WBGene00219650.,0,185,185
WBGene00219651.,0,28,28
WBGene00219652.,2,0,2
WBGene00219653.,0,5,5
WBGene00219654.,24,63,87
WBGene00219655.,0,17,17
WBGene00219656.,2,2,4
WBGene00219657.,0,22,22
WBGene00219658.,0,2,2
WBGene00219659.,0,68,68
WBGene00219660.,2,14,16
WBGene00219661.,13,64,77
WBGene00219662.,0,4,4
WBGene00219663.,0,1,1
WBGene00219664.,0,133,133
WBGene00219665.,4,8,12
WBGene00219666.,116,20,136
WBGene00219667.,1,5,6
WBGene00219668.,0,2,2
WBGene00219669.,0,13,13
WBGene00219670.,0,4,4
WBGene00219671.,0,3,3
WBGene00219672.,164,229,393
WBGene00219673.,10,58,68
WBGene00219674.,0,3,3
WBGene00219675.,0,816,816
WBGene00219676.,0,35,35
WBGene00219677.,0,8,8
WBGene00219678.,55,456,511
WBGene00219679.,17,7,24
WBGene00219680.,0,272,272
WBGene00219681.,2,78,80
WBGene00219682.,0,55,55
WBGene00219683.,43,35,78
WBGene00219684.,3,3,6
WBGene00219685.,0,4,4
WBGene00219686.,7,75,82
WBGene00219687.,113,578,691
WBGene00219688.,8,69,77
WBGene00219689.,2,10,12
WBGene00219690.,0,0,0
WBGene00219691.,1,7,8
WBGene00219692.,0,0,0
WBGene00219693.,0,0,0
WBGene00219694.,5,20,25
WBGene00219695.,135,178,313
WBGene00219696.,0,3,3
WBGene00219697.,0,231,231
WBGene00219698.,0,0,0
WBGene00219699.,176,1493,1669
WBGene00219700.,0,203,203
WBGene00219701.,10,79,89
WBGene00219702.,0,2,2
WBGene00219703.,0,2,2
WBGene00219704.,1,2,3
WBGene00219705.,0,0,0
WBGene00219706.,0,0,0
WBGene00219707.,715,4081,4796
WBGene00219708.,49,988,1037
WBGene00219709.,0,0,0
WBGene00219710.,0,40,40
WBGene00219711.,203,454,657
WBGene00219712.,12,11,23
WBGene00219713.,0,33,33
WBGene00219714.,0,0,0
WBGene00219715.,2,42,44
WBGene00219716.,0,8,8
WBGene00219717.,0,0,0
WBGene00219718.,33,186,219
WBGene00219719.,371,279,650
WBGene00219720.,0,1218,1218
WBGene00219721.,2,44,46
WBGene00219722.,0,176,176
WBGene00219723.,5,8,13
WBGene00219724.,0,2,2
WBGene00219725.,0,10,10
WBGene00219726.,0,0,0
WBGene00219727.,5,23,28
WBGene00219728.,0,107,107
WBGene00219729.,0,41,41
WBGene00219730.,0,29,29
WBGene00219731.,0,7,7
WBGene00219732.,4,2,6
WBGene00219733.,2,1,3
WBGene00219734.,0,224,224
WBGene00219735.,0,10,10
WBGene00219736.,36,197,233
WBGene00219737.,3,2,5
WBGene00219738.,0,88,88
WBGene00219739.,86,64,150
WBGene00219740.,0,1,1
WBGene00219741.,0,0,0
WBGene00219742.,0,20,20
WBGene00219743.,59,243,302
WBGene00219744.,0,3,3
WBGene00219745.,28,37,65
WBGene00219746.,0,538,538
WBGene00219747.,0,0,0
WBGene00219748.,11,156,167
WBGene00219749.,0,79,79
WBGene00219750.,0,0,0
WBGene00219751.,0,27,27
WBGene00219752.,0,6,6
WBGene00219753.,1,121,122
WBGene00219754.,11,13,24
WBGene00219755.,72,1102,1174
WBGene00219756.,30,378,408
WBGene00219757.,0,0,0
WBGene00219758.,15,1540,1555
WBGene00219759.,0,2,2
WBGene00219760.,0,0,0
WBGene00219761.,0,0,0
WBGene00219762.,4,14,18
WBGene00219763.,5,52,57
WBGene00219764.,0,1,1
WBGene00219765.,149,14,163
WBGene00219766.,0,9,9
WBGene00219767.,31,2,33
WBGene00219768.,0,13,13
WBGene00219769.,0,9,9
WBGene00219770.,7,6,13
WBGene00219771.,128,1292,1420
WBGene00219772.,0,1,1
WBGene00219773.,1,4,5
WBGene00219774.,1,3,4
WBGene00219775.,10,5,15
WBGene00219776.,0,0,0
WBGene00219777.,0,0,0
WBGene00219778.,0,0,0
WBGene00219779.,0,0,0
WBGene00219780.,0,0,0
WBGene00219781.,0,1,1
WBGene00219782.,0,0,0
WBGene00219783.,0,0,0
WBGene00219784.,0,0,0
WBGene00219785.,0,0,0
WBGene00219786.,0,4,4
WBGene00219787.,0,0,0
WBGene00219788.,0,3,3
WBGene00219789.,0,0,0
WBGene00219790.,0,0,0
WBGene00219791.,0,2,2
WBGene00219792.,0,3,3
WBGene00219793.,0,8,8
WBGene00219794.,0,0,0
WBGene00219795.,0,0,0
WBGene00219796.,0,22,22
WBGene00219797.,0,0,0
WBGene00219798.,0,15,15
WBGene00219799.,0,14,14
WBGene00219800.,0,438,438
WBGene00219801.,0,172,172
WBGene00219803.,0,31,31
WBGene00219804.,0,6,6
WBGene00219805.,0,6,6
WBGene00219806.,0,0,0
WBGene00219807.,0,0,0
WBGene00219808.,0,0,0
WBGene00219809.,0,1,1
WBGene00219810.,0,18,18
WBGene00219811.,0,4,4
WBGene00219812.,0,2,2
WBGene00219813.,0,0,0
WBGene00219814.,0,0,0
WBGene00219815.,0,0,0
WBGene00219816.,0,1241,1241
WBGene00219817.,0,0,0
WBGene00219818.,0,3,3
WBGene00219819.,0,0,0
WBGene00219820.,0,0,0
WBGene00219821.,0,10,10
WBGene00219822.,0,39,39
WBGene00219823.,0,11,11
WBGene00219824.,0,37,37
WBGene00219825.,0,1,1
WBGene00219826.,0,0,0
WBGene00219827.,0,21,21
WBGene00219828.,0,0,0
WBGene00219829.,0,2,2
WBGene00219830.,0,0,0
WBGene00219831.,0,0,0
WBGene00219832.,0,2,2
WBGene00219833.,0,28,28
WBGene00219834.,0,33,33
WBGene00219835.,0,18,18
WBGene00219836.,0,1,1
WBGene00219837.,0,0,0
WBGene00219838.,69,65,134
WBGene00219839.,0,15,15
WBGene00219840.,0,0,0
WBGene00219841.,0,14,14
WBGene00219842.,0,0,0
WBGene00219843.,0,0,0
WBGene00219844.,0,0,0
WBGene00219845.,0,2,2
WBGene00219846.,0,8,8
WBGene00219847.,0,10,10
WBGene00219848.,0,0,0
WBGene00219849.,0,91949,91949
WBGene00219850.,0,17,17
WBGene00219851.,0,40,40
WBGene00219852.,0,0,0
WBGene00219853.,0,0,0
WBGene00219854.,0,0,0
WBGene00219855.,0,0,0
WBGene00219856.,0,0,0
WBGene00219857.,0,0,0
WBGene00219858.,0,0,0
WBGene00219859.,0,7,7
WBGene00219860.,0,0,0
WBGene00219861.,0,0,0
WBGene00219862.,0,0,0
WBGene00219863.,0,6,6
WBGene00219864.,0,0,0
WBGene00219865.,0,0,0
WBGene00219866.,0,0,0
WBGene00219867.,0,0,0
WBGene00219868.,0,68,68
WBGene00219869.,0,0,0
WBGene00219870.,0,0,0
WBGene00219871.,0,0,0
WBGene00219872.,0,0,0
WBGene00219873.,0,0,0
WBGene00219874.,0,0,0
WBGene00219875.,0,0,0
WBGene00219876.,0,0,0
WBGene00219877.,0,0,0
WBGene00219878.,0,0,0
WBGene00219879.,0,1,1
WBGene00219880.,0,0,0
WBGene00219881.,0,0,0
WBGene00219882.,0,10,10
WBGene00219883.,0,0,0
WBGene00219884.,0,0,0
WBGene00219885.,0,38,38
WBGene00219886.,0,58109,58109
WBGene00219887.,0,0,0
WBGene00219888.,0,32,32
WBGene00219889.,0,0,0
WBGene00219890.,0,0,0
WBGene00219891.,0,0,0
WBGene00219892.,0,1,1
WBGene00219893.,0,1,1
WBGene00219894.,0,0,0
WBGene00219895.,0,36,36
WBGene00219896.,0,0,0
WBGene00219897.,0,0,0
WBGene00219898.,0,0,0
WBGene00219899.,0,83,83
WBGene00219900.,0,0,0
WBGene00219901.,0,0,0
WBGene00219902.,0,0,0
WBGene00219903.,0,0,0
WBGene00219904.,0,0,0
WBGene00219905.,0,1,1
WBGene00219906.,0,24,24
WBGene00219907.,0,0,0
WBGene00219908.,0,0,0
WBGene00219909.,0,56,56
WBGene00219910.,0,1,1
WBGene00219911.,0,8,8
WBGene00219912.,0,77,77
WBGene00219913.,0,0,0
WBGene00219914.,0,0,0
WBGene00219915.,0,0,0
WBGene00219916.,0,0,0
WBGene00219917.,0,0,0
WBGene00219918.,0,0,0
WBGene00219919.,0,1,1
WBGene00219920.,0,1,1
WBGene00219921.,0,1,1
WBGene00219922.,0,0,0
WBGene00219923.,0,4,4
WBGene00219924.,0,0,0
WBGene00219925.,0,0,0
WBGene00219926.,0,45,45
WBGene00219927.,0,0,0
WBGene00219928.,0,0,0
WBGene00219929.,0,0,0
WBGene00219930.,0,2,2
WBGene00219931.,0,0,0
WBGene00219932.,0,0,0
WBGene00219933.,0,2,2
WBGene00219934.,0,0,0
WBGene00219935.,0,47,47
WBGene00219936.,0,0,0
WBGene00219937.,0,0,0
WBGene00219938.,0,1,1
WBGene00219939.,0,0,0
WBGene00219940.,0,0,0
WBGene00219941.,0,0,0
WBGene00219942.,0,4,4
WBGene00219943.,0,22,22
WBGene00219944.,0,0,0
WBGene00219945.,0,4,4
WBGene00219946.,0,0,0
WBGene00219947.,0,2,2
WBGene00219948.,0,0,0
WBGene00219949.,0,4,4
WBGene00219950.,0,592,592
WBGene00219951.,0,0,0
WBGene00219952.,0,1,1
WBGene00219953.,0,10,10
WBGene00219954.,0,0,0
WBGene00219955.,0,0,0
WBGene00219956.,0,0,0
WBGene00219957.,0,25,25
WBGene00219958.,0,44,44
WBGene00219959.,0,1235,1235
WBGene00219960.,0,0,0
WBGene00219961.,0,0,0
WBGene00219962.,0,0,0
WBGene00219963.,0,0,0
WBGene00219964.,0,0,0
WBGene00219965.,0,0,0
WBGene00219966.,0,0,0
WBGene00219967.,0,0,0
WBGene00219968.,0,9,9
WBGene00219969.,0,0,0
WBGene00219970.,0,14,14
WBGene00219971.,0,0,0
WBGene00219972.,0,13,13
WBGene00219973.,0,0,0
WBGene00219974.,0,0,0
WBGene00219975.,0,0,0
WBGene00219976.,0,25,25
WBGene00219977.,0,1,1
WBGene00219978.,0,0,0
WBGene00219979.,0,12,12
WBGene00219980.,0,0,0
WBGene00219981.,0,0,0
WBGene00219982.,0,1,1
WBGene00219983.,0,0,0
WBGene00219984.,0,0,0
WBGene00219985.,0,0,0
WBGene00219986.,0,0,0
WBGene00219987.,0,65,65
WBGene00219988.,0,0,0
WBGene00219989.,0,0,0
WBGene00219990.,0,0,0
WBGene00219991.,0,0,0
WBGene00219992.,0,0,0
WBGene00219994.,0,0,0
WBGene00219995.,0,24,24
WBGene00219996.,0,5,5
WBGene00219997.,0,0,0
WBGene00219998.,0,3,3
WBGene00219999.,0,0,0
WBGene00220000.,0,143,143
WBGene00220001.,0,0,0
WBGene00220002.,0,4,4
WBGene00220003.,0,0,0
WBGene00220004.,0,0,0
WBGene00220005.,0,7,7
WBGene00220006.,0,0,0
WBGene00220007.,0,0,0
WBGene00220008.,0,0,0
WBGene00220009.,0,0,0
WBGene00220010.,0,0,0
WBGene00220011.,0,23,23
WBGene00220012.,0,24,24
WBGene00220013.,0,0,0
WBGene00220014.,0,0,0
WBGene00220015.,0,0,0
WBGene00220016.,0,0,0
WBGene00220017.,0,63,63
WBGene00220018.,0,0,0
WBGene00220019.,0,0,0
WBGene00220020.,0,0,0
WBGene00220021.,0,0,0
WBGene00220022.,0,0,0
WBGene00220023.,0,0,0
WBGene00220024.,0,2,2
WBGene00220025.,0,0,0
WBGene00220026.,0,0,0
WBGene00220027.,0,0,0
WBGene00220028.,0,0,0
WBGene00220029.,0,26,26
WBGene00220030.,0,26,26
WBGene00220031.,0,0,0
WBGene00220032.,0,350,350
WBGene00220033.,0,11,11
WBGene00220034.,0,0,0
WBGene00220035.,0,0,0
WBGene00220036.,0,0,0
WBGene00220037.,0,13,13
WBGene00220038.,0,0,0
WBGene00220039.,0,0,0
WBGene00220040.,0,0,0
WBGene00220041.,0,8,8
WBGene00220042.,0,2,2
WBGene00220043.,0,8,8
WBGene00220044.,0,61,61
WBGene00220045.,0,22,22
WBGene00220046.,0,0,0
WBGene00220047.,0,6,6
WBGene00220048.,0,0,0
WBGene00220049.,0,0,0
WBGene00220050.,0,0,0
WBGene00220051.,0,9,9
WBGene00220052.,0,20,20
WBGene00220053.,0,8,8
WBGene00220054.,0,1,1
WBGene00220055.,0,24,24
WBGene00220056.,0,0,0
WBGene00220057.,0,0,0
WBGene00220058.,0,0,0
WBGene00220059.,0,0,0
WBGene00220060.,0,0,0
WBGene00220061.,0,58,58
WBGene00220062.,0,0,0
WBGene00220063.,0,0,0
WBGene00220064.,0,17,17
WBGene00220065.,0,2,2
WBGene00220066.,0,1,1
WBGene00220067.,0,0,0
WBGene00220068.,0,11,11
WBGene00220069.,0,0,0
WBGene00220070.,0,0,0
WBGene00220071.,0,0,0
WBGene00220072.,0,325,325
WBGene00220073.,0,2,2
WBGene00220074.,0,0,0
WBGene00220075.,0,0,0
WBGene00220076.,0,0,0
WBGene00220077.,0,0,0
WBGene00220078.,0,14,14
WBGene00220079.,0,0,0
WBGene00220080.,0,1,1
WBGene00220081.,0,0,0
WBGene00220082.,0,1,1
WBGene00220083.,0,0,0
WBGene00220084.,0,0,0
WBGene00220085.,0,0,0
WBGene00220086.,0,0,0
WBGene00220087.,0,0,0
WBGene00220088.,0,8,8
WBGene00220089.,0,1944,1944
WBGene00220090.,0,0,0
WBGene00220091.,0,21,21
WBGene00220092.,0,14,14
WBGene00220093.,0,0,0
WBGene00220094.,0,0,0
WBGene00220095.,0,2,2
WBGene00220096.,0,1,1
WBGene00220097.,0,18,18
WBGene00220098.,0,0,0
WBGene00220099.,0,2,2
WBGene00220100.,0,5,5
WBGene00220101.,0,21,21
WBGene00220102.,0,0,0
WBGene00220104.,0,0,0
WBGene00220105.,0,0,0
WBGene00220106.,0,212,212
WBGene00220107.,0,0,0
WBGene00220108.,0,43,43
WBGene00220109.,0,0,0
WBGene00220110.,0,0,0
WBGene00220111.,0,333,333
WBGene00220112.,0,0,0
WBGene00220113.,0,1,1
WBGene00220114.,0,0,0
WBGene00220115.,0,0,0
WBGene00220116.,0,0,0
WBGene00220117.,0,107,107
WBGene00220118.,0,0,0
WBGene00220119.,0,2,2
WBGene00220120.,0,1,1
WBGene00220121.,0,0,0
WBGene00220122.,0,4,4
WBGene00220123.,0,0,0
WBGene00220124.,0,0,0
WBGene00220125.,0,2,2
WBGene00220126.,0,0,0
WBGene00220127.,0,0,0
WBGene00220128.,0,0,0
WBGene00220129.,0,0,0
WBGene00220130.,0,0,0
WBGene00220131.,0,0,0
WBGene00220132.,0,0,0
WBGene00220133.,4,5,9
WBGene00220134.,0,42,42
WBGene00220135.,0,0,0
WBGene00220136.,0,0,0
WBGene00220137.,0,0,0
WBGene00220138.,0,0,0
WBGene00220139.,0,0,0
WBGene00220140.,0,0,0
WBGene00220141.,0,731,731
WBGene00220142.,0,3,3
WBGene00220143.,0,0,0
WBGene00220144.,0,0,0
WBGene00220145.,0,0,0
WBGene00220146.,0,25,25
WBGene00220147.,0,8,8
WBGene00220148.,0,0,0
WBGene00220149.,0,3,3
WBGene00220150.,0,0,0
WBGene00220151.,0,0,0
WBGene00220152.,0,0,0
WBGene00220153.,0,0,0
WBGene00220154.,0,5,5
WBGene00220155.,0,0,0
WBGene00220156.,0,1,1
WBGene00220157.,0,2,2
WBGene00220158.,0,0,0
WBGene00220159.,0,127,127
WBGene00220160.,0,136,136
WBGene00220161.,0,0,0
WBGene00220162.,0,0,0
WBGene00220163.,0,0,0
WBGene00220164.,0,0,0
WBGene00220165.,0,242,242
WBGene00220166.,0,0,0
WBGene00220167.,0,0,0
WBGene00220168.,0,1,1
WBGene00220169.,0,0,0
WBGene00220170.,0,1,1
WBGene00220171.,0,0,0
WBGene00220172.,0,0,0
WBGene00220173.,0,0,0
WBGene00220174.,0,0,0
WBGene00220175.,0,23,23
WBGene00220176.,0,3,3
WBGene00220177.,0,0,0
WBGene00220178.,0,0,0
WBGene00220179.,0,0,0
WBGene00220180.,0,0,0
WBGene00220181.,0,0,0
WBGene00220182.,0,0,0
WBGene00220183.,0,14,14
WBGene00220184.,0,0,0
WBGene00220185.,0,0,0
WBGene00220186.,0,1,1
WBGene00220187.,0,0,0
WBGene00220188.,0,0,0
WBGene00220189.,0,0,0
WBGene00220190.,0,0,0
WBGene00220191.,0,0,0
WBGene00220192.,0,0,0
WBGene00220193.,0,0,0
WBGene00220194.,0,0,0
WBGene00220195.,0,0,0
WBGene00220196.,0,0,0
WBGene00220197.,0,0,0
WBGene00220198.,0,11,11
WBGene00220199.,0,0,0
WBGene00220200.,0,0,0
WBGene00220201.,0,3,3
WBGene00220202.,0,0,0
WBGene00220203.,0,0,0
WBGene00220204.,0,2,2
WBGene00220205.,0,0,0
WBGene00220206.,0,9,9
WBGene00220207.,0,0,0
WBGene00220208.,0,0,0
WBGene00220209.,0,1,1
WBGene00220210.,0,0,0
WBGene00220211.,0,0,0
WBGene00220212.,0,0,0
WBGene00220213.,0,0,0
WBGene00220214.,0,22,22
WBGene00220215.,0,0,0
WBGene00220216.,0,0,0
WBGene00220217.,0,0,0
WBGene00220218.,0,0,0
WBGene00220219.,0,8,8
WBGene00220220.,0,20,20
WBGene00220221.,0,6,6
WBGene00220222.,0,28,28
WBGene00220223.,0,18,18
WBGene00220224.,0,0,0
WBGene00220225.,0,0,0
WBGene00220226.,0,0,0
WBGene00220227.,0,0,0
WBGene00220228.,0,25,25
WBGene00220229.,0,0,0
WBGene00220230.,0,0,0
WBGene00220231.,0,3,3
WBGene00220232.,0,6,6
WBGene00220233.,0,51,51
WBGene00220234.,0,30,30
WBGene00220235.,0,17,17
WBGene00220236.,0,178,178
WBGene00220237.,0,7,7
WBGene00220238.,0,191,191
WBGene00220239.,0,2306,2306
WBGene00220240.,0,0,0
WBGene00220241.,0,0,0
WBGene00220242.,0,0,0
WBGene00220243.,0,6,6
WBGene00220244.,0,0,0
WBGene00220245.,0,3,3
WBGene00220246.,0,0,0
WBGene00220247.,0,0,0
WBGene00220248.,0,21,21
WBGene00220249.,1,5,6
WBGene00220250.,7,2,9
WBGene00220251.,37,61,98
WBGene00220252.,77,57,134
WBGene00220253.,0,4,4
WBGene00220254.,1,3,4
WBGene00220255.,0,0,0
WBGene00220256.,4,0,4
WBGene00220257.,0,14,14
WBGene00220258.,0,15,15
WBGene00220259.,3,46,49
WBGene00220260.,158,5,163
WBGene00220261.,2,17,19
WBGene00235003.,3,1,4
WBGene00235080.,0,0,0
WBGene00235081.,0,0,0
WBGene00235084.,0,0,0
WBGene00235085.,0,0,0
WBGene00235086.,0,0,0
WBGene00235087.,0,0,0
WBGene00235088.,0,0,0
WBGene00235089.,0,0,0
WBGene00235090.,0,1,1
WBGene00235091.,0,0,0
WBGene00235092.,6,11,17
WBGene00235093.,0,20,20
WBGene00235094.,0,1,1
WBGene00235095.,8,21,29
WBGene00235102.,36,6594,6630
WBGene00235106.,0,11,11
WBGene00235107.,0,6,6
WBGene00235108.,7,0,7
WBGene00235109.,10,17,27
WBGene00235110.,1,12,13
WBGene00235111.,0,4,4
WBGene00235112.,0,6,6
WBGene00235113.,0,60,60
WBGene00235114.,44,839,883
WBGene00235115.,2,1,3
WBGene00235116.,2,4,6
WBGene00235117.,0,0,0
WBGene00235118.,0,9,9
WBGene00235119.,0,0,0
WBGene00235120.,2,0,2
WBGene00235121.,0,1,1
WBGene00235128.,0,13,13
WBGene00235129.,5,12,17
WBGene00235132.,34,15,49
WBGene00235133.,0,4,4
WBGene00235134.,7,0,7
WBGene00235152.,2,17,19
WBGene00235153.,6,4,10
WBGene00235157.,0,5,5
WBGene00235158.,13,582,595
WBGene00235159.,0,0,0
WBGene00235160.,0,1,1
WBGene00235161.,0,0,0
WBGene00235162.,0,1,1
WBGene00235163.,0,0,0
WBGene00235164.,65,1532,1597
WBGene00235165.,0,0,0
WBGene00235166.,0,5,5
WBGene00235167.,2,2,4
WBGene00235175.,0,0,0
WBGene00235179.,0,1,1
WBGene00235180.,0,2,2
WBGene00235181.,0,0,0
WBGene00235183.,0,1,1
WBGene00235188.,0,0,0
WBGene00235190.,0,2,2
WBGene00235197.,0,1,1
WBGene00235198.,0,0,0
WBGene00235200.,0,2,2
WBGene00235201.,0,0,0
WBGene00235206.,0,2,2
WBGene00235209.,0,0,0
WBGene00235235.,0,2,2
WBGene00235237.,0,1,1
WBGene00235247.,0,0,0
WBGene00235250.,0,1,1
WBGene00235251.,0,11,11
WBGene00235252.,0,0,0
WBGene00235254.,0,3,3
WBGene00235255.,0,0,0
WBGene00235256.,0,40,40
WBGene00235257.,17,63,80
WBGene00235258.,7,8,15
WBGene00235259.,2,8,10
WBGene00235260.,38,7,45
WBGene00235261.,0,7,7
WBGene00235262.,0,0,0
WBGene00235263.,27,28,55
WBGene00235264.,0,1,1
WBGene00235265.,0,5,5
WBGene00235266.,0,0,0
WBGene00235267.,0,6,6
WBGene00235268.,111,1507,1618
WBGene00235269.,0,1001,1001
WBGene00235270.,0,3,3
WBGene00235271.,1,7,8
WBGene00235272.,3,2,5
WBGene00235273.,150,678,828
WBGene00235274.,33,430,463
WBGene00235275.,27,0,27
WBGene00235276.,0,0,0
WBGene00235277.,243,231,474
WBGene00235278.,0,2,2
WBGene00235279.,166,65,231
WBGene00235280.,0,1,1
WBGene00235281.,0,3,3
WBGene00235282.,1,1,2
WBGene00235283.,13,40,53
WBGene00235284.,0,2,2
WBGene00235285.,0,0,0
WBGene00235286.,1,5,6
WBGene00235287.,13,75,88
WBGene00235288.,0,0,0
WBGene00235289.,0,0,0
WBGene00235290.,2,1,3
WBGene00235291.,146,982,1128
WBGene00235292.,6,2,8
WBGene00235293.,0,0,0
WBGene00235294.,0,1,1
WBGene00235295.,0,8,8
WBGene00235296.,0,43,43
WBGene00235297.,0,0,0
WBGene00235298.,0,3,3
WBGene00235299.,1,1,2
WBGene00235300.,0,56,56
WBGene00235301.,0,14,14
WBGene00235302.,0,0,0
WBGene00235303.,0,40,40
WBGene00235304.,0,16,16
WBGene00235305.,0,5,5
WBGene00235307.,1,1,2
WBGene00235308.,8,125,133
WBGene00235309.,0,0,0
WBGene00235310.,98,300,398
WBGene00235311.,0,0,0
WBGene00235312.,5,38,43
WBGene00235313.,14,50,64
WBGene00235314.,24,18,42
WBGene00235315.,36,408,444
WBGene00235316.,18,54,72
WBGene00235317.,0,0,0
WBGene00235318.,3,0,3
WBGene00235319.,2,22,24
WBGene00235320.,6,33,39
WBGene00235321.,39,0,39
WBGene00235322.,0,2,2
WBGene00235323.,0,3,3
WBGene00235324.,2,0,2
WBGene00235325.,32,403,435
WBGene00235326.,0,0,0
WBGene00235327.,0,1,1
WBGene00235328.,0,23,23
WBGene00235329.,14,14,28
WBGene00235330.,40,181,221
WBGene00235331.,0,107,107
WBGene00235332.,0,5,5
WBGene00235333.,0,10,10
WBGene00235334.,6,6,12
WBGene00235335.,0,3,3
WBGene00235336.,0,0,0
WBGene00235338.,11,8,19
WBGene00235339.,0,0,0
WBGene00235340.,0,1,1
WBGene00235341.,0,1,1
WBGene00235342.,0,0,0
WBGene00235343.,0,0,0
WBGene00235346.,0,507,507
WBGene00235348.,0,15,15
WBGene00235350.,130,28,158
WBGene00235351.,6,5,11
WBGene00235352.,2,9,11
WBGene00235353.,2,4,6
WBGene00235354.,1,0,1
WBGene00235355.,0,1,1
WBGene00235356.,0,0,0
WBGene00235357.,21,10,31
WBGene00235358.,0,1,1
WBGene00235359.,0,0,0
WBGene00235361.,0,0,0
WBGene00235362.,0,0,0
WBGene00235363.,0,1,1
WBGene00235364.,0,0,0
WBGene00235365.,0,1,1
WBGene00235366.,0,0,0
WBGene00235367.,0,2,2
WBGene00235368.,0,0,0
WBGene00235369.,0,1,1
WBGene00235370.,0,1,1
WBGene00235371.,0,3,3
WBGene00235372.,2,3,5
WBGene00235373.,0,1,1
WBGene00235374.,0,1,1
WBGene00235375.,4,26,30
WBGene00235376.,9,1,10
WBGene00235377.,0,0,0
WBGene00235378.,0,1,1
WBGene00235379.,0,4,4
WBGene00235380.,0,82,82
WBGene00235381.,0,0,0
WBGene00235382.,0,0,0
WBGene00235383.,1,2,3
WBGene00235385.,11,149,160
WBGene00235386.,2,0,2
WBGene00235387.,88,778,866
WBGene00235388.,2,2,4
WBGene00235389.,0,5,5
WBGene00235390.,1,2,3
WBGene00235391.,0,7,7
WBGene00236785.,0,551,551
WBGene00236786.,0,83,83
WBGene00236787.,0,43,43
WBGene00236788.,0,1,1
WBGene00236789.,7,39,46
WBGene00236797.,0,12,12
WBGene00236798.,0,17,17
WBGene00236799.,0,2,2
WBGene00236800.,0,13,13
WBGene00236806.,142,1,143
WBGene00236807.,0,1,1
WBGene00236808.,7,1,8
WBGene00236809.,9,3,12
WBGene00249808.,0,322,322
WBGene00249812.,0,0,0
WBGene00249813.,0,15,15
WBGene00249814.,0,0,0
WBGene00249815.,3328,1343,4671
WBGene00249816.,0,5,5
WBGene00249817.,41,984,1025
WBGene00249825.,0,0,0
WBGene00249826.,0,633,633
WBGene00255375.,0,0,0
WBGene00255420.,15,1,16
WBGene00255426.,0,17,17
WBGene00255435.,7,2,9
WBGene00255441.,0,7,7
WBGene00255457.,215,80,295
WBGene00255469.,7,7,14
WBGene00255522.,0,0,0
WBGene00255543.,0,0,0
WBGene00255545.,0,1,1
WBGene00255546.,0,1,1
WBGene00255549.,3,12,15
WBGene00255550.,0,0,0
WBGene00255553.,1,0,1
WBGene00255560.,0,0,0
WBGene00255561.,0,0,0
WBGene00255562.,0,0,0
WBGene00255563.,0,0,0
WBGene00255564.,0,0,0
WBGene00255565.,0,0,0
WBGene00255566.,0,0,0
WBGene00255567.,0,0,0
WBGene00255568.,0,0,0
WBGene00255569.,0,0,0
WBGene00255570.,0,0,0
WBGene00255571.,0,0,0
WBGene00255572.,0,0,0
WBGene00255573.,0,0,0
WBGene00255574.,0,0,0
WBGene00255575.,0,1,1
WBGene00255576.,0,0,0
WBGene00255577.,0,0,0
WBGene00255578.,0,0,0
WBGene00255579.,0,21,21
WBGene00255580.,0,0,0
WBGene00255581.,0,0,0
WBGene00255582.,0,0,0
WBGene00255583.,0,0,0
WBGene00255584.,0,0,0
WBGene00255586.,0,0,0
WBGene00255587.,0,0,0
WBGene00255588.,0,0,0
WBGene00255594.,4,44,48
WBGene00255595.,0,0,0
WBGene00255596.,0,3,3
WBGene00255597.,0,20,20
WBGene00255598.,37,47,84
WBGene00255600.,2,21,23
WBGene00255605.,0,50,50
WBGene00255606.,6,72,78
WBGene00255607.,0,0,0
WBGene00255611.,0,2,2
WBGene00255702.,14,65,79
WBGene00255703.,0,5,5
WBGene00255704.,0,218,218
WBGene00255709.,0,0,0
WBGene00255714.,2,105,107
WBGene00255728.,4,27,31
WBGene00255729.,10,46,56
WBGene00255730.,0,5,5
WBGene00255731.,7,47,54
WBGene00255732.,0,0,0
WBGene00255733.,8,22,30
WBGene00255736.,1,70,71
WBGene00268189.,3,0,3
WBGene00268190.,0,0,0
WBGene00268191.,2,2,4
WBGene00268192.,2,3,5
WBGene00268193.,1,1,2
WBGene00268194.,3,2,5
WBGene00268196.,53,99,152
WBGene00268197.,1,0,1
WBGene00268198.,0,0,0
WBGene00268199.,0,2,2
WBGene00268202.,1,3,4
WBGene00268203.,0,2,2
WBGene00268204.,0,9,9
WBGene00268205.,0,0,0
WBGene00268206.,2,7,9
WBGene00268207.,0,2,2
WBGene00268208.,424,27,451
WBGene00268209.,0,19,19
WBGene00268210.,2,0,2
WBGene00268211.,0,0,0
WBGene00268212.,30,10,40
WBGene00268213.,1,18,19
WBGene00268214.,9,14,23
WBGene00268215.,7,50,57
WBGene00268216.,2,1,3
WBGene00269331.,0,0,0
WBGene00269332.,0,0,0
WBGene00269333.,0,2,2
WBGene00269336.,0,1,1
WBGene00269337.,0,9,9
WBGene00269338.,0,4,4
WBGene00269346.,0,3,3
WBGene00269352.,0,1,1
WBGene00269355.,13,108,121
WBGene00269373.,0,22,22
WBGene00269376.,0,66,66
WBGene00269378.,95,627,722
WBGene00269379.,0,6,6
WBGene00269381.,0,0,0
WBGene00269382.,14,142,156
WBGene00269383.,104,286,390
WBGene00269384.,0,20,20
WBGene00269385.,0,0,0
WBGene00269386.,0,141,141
WBGene00269387.,12,514,526
WBGene00269388.,0,7,7
WBGene00269389.,0,0,0
WBGene00269390.,0,0,0
WBGene00269391.,0,31,31
WBGene00269392.,1,1,2
WBGene00269393.,0,1,1
WBGene00269394.,1,0,1
WBGene00269419.,0,0,0
WBGene00269420.,0,0,0
WBGene00269421.,1119,5800,6919
WBGene00269422.,0,9,9
WBGene00269423.,10,1,11
WBGene00269424.,0,6,6
WBGene00269425.,1,0,1
WBGene00269426.,1,4,5
WBGene00269427.,0,216,216
WBGene00269428.,2,22,24
WBGene00269429.,0,61,61
WBGene00269430.,0,0,0
WBGene00269431.,1,41,42
WBGene00269432.,53,532,585
WBGene00269433.,39,429,468
WBGene00269434.,1,14,15
WBGene00269435.,1,2,3
WBGene00269436.,5,13,18
WBGene00269437.,0,4,4
WBGene00269438.,4,9,13
WBGene00270290.,0,0,0
WBGene00270291.,0,0,0
WBGene00270292.,0,0,0
WBGene00270293.,1,3,4
WBGene00270303.,2,16,18
WBGene00270309.,31,76,107
WBGene00270318.,10,50,60
WBGene00270319.,0,78,78
WBGene00270320.,3,11,14
WBGene00270321.,9,28,37
WBGene00270322.,19,782,801
WBGene00271414.,37,492,529
WBGene00271415.,5,0,5
WBGene00271437.,7,22,29
WBGene00271444.,2,40,42
WBGene00271567.,3,4,7
WBGene00271577.,4,4,8
WBGene00271598.,20,37,57
WBGene00271605.,6,47,53
WBGene00271606.,17,197,214
WBGene00271632.,0,128,128
WBGene00271633.,0,176,176
WBGene00271634.,0,30,30
WBGene00271635.,0,21,21
WBGene00271636.,23,356,379
WBGene00271637.,37,38,75
WBGene00271638.,0,41,41
WBGene00271639.,0,28,28
WBGene00271640.,3,33,36
WBGene00271641.,0,1,1
WBGene00271642.,65,10351,10416
WBGene00271643.,0,2,2
WBGene00271644.,0,9,9
WBGene00271645.,0,16,16
WBGene00271646.,0,31,31
WBGene00271647.,30,132,162
WBGene00271648.,0,9,9
WBGene00271649.,14,53,67
WBGene00271650.,0,59,59
WBGene00271651.,0,15,15
WBGene00271652.,16,5,21
WBGene00271653.,1,1,2
WBGene00271654.,0,7,7
WBGene00271655.,0,21,21
WBGene00271656.,0,8,8
WBGene00271657.,0,6,6
WBGene00271694.,9,363,372
WBGene00271701.,1,20,21
WBGene00271703.,0,0,0
WBGene00271706.,17,531,548
WBGene00271707.,3,25,28
WBGene00271715.,4,3,7
WBGene00271716.,214,882,1096
WBGene00271744.,18,62,80
WBGene00271774.,0,16,16
WBGene00271775.,177,6439,6616
WBGene00271776.,23,1,24
WBGene00271777.,231,11,242
WBGene00271778.,0,5,5
WBGene00271779.,0,0,0
WBGene00271780.,0,11,11
WBGene00271781.,0,13,13
WBGene00271786.,4,1,5
WBGene00271788.,3,111,114
WBGene00271789.,1,2,3
WBGene00271790.,0,0,0
WBGene00271791.,0,50,50
WBGene00271792.,0,0,0
WBGene00271795.,0,26,26
WBGene00271796.,140,2031,2171
WBGene00271797.,0,1,1
WBGene00271798.,20,9,29
WBGene00271799.,0,0,0
WBGene00271800.,0,0,0
WBGene00271801.,6,8,14
WBGene00271802.,13,199,212
WBGene00271803.,0,1,1
WBGene00271804.,0,1,1
WBGene00271805.,0,116,116
WBGene00271806.,0,3,3
WBGene00271807.,2,1,3
WBGene00271808.,248,50,298
WBGene00271809.,11,26,37
WBGene00271810.,1,0,1
WBGene00271811.,0,1,1
WBGene00271813.,0,1,1
WBGene00271815.,0,0,0
WBGene00271816.,0,4,4
WBGene00271817.,0,20,20
WBGene00271818.,138,1261,1399
WBGene00271819.,0,0,0
WBGene00271820.,13,4,17
WBGene00271821.,26,7,33
WBGene00271822.,0,0,0
WBGene00271823.,0,0,0
WBGene00271824.,0,18,18
WBGene00271827.,26,196,222
WBGene00271830.,707,4744,5451
WBGene00271831.,0,0,0
WBGene00271832.,18,48,66
WBGene00271837.,0,0,0
WBGene00284844.,0,1655,1655
WBGene00284845.,0,4,4
WBGene00284846.,741,7899,8640
WBGene00284847.,0,97,97
WBGene00284848.,10,1,11
WBGene00284849.,0,23,23
WBGene00284850.,0,0,0
WBGene00284851.,258,215,473
WBGene00284852.,125,1711,1836
WBGene00284853.,1,4,5
WBGene00284854.,2,10,12
WBGene00284855.,0,11,11
WBGene00284856.,0,734,734
WBGene00284857.,0,70,70
WBGene00284858.,0,0,0
WBGene00284859.,0,433,433
WBGene00284861.,0,67,67
WBGene00284867.,0,63,63
WBGene00302964.,0,107,107
WBGene00302968.,0,738,738
WBGene00302971.,24,329,353
WBGene00302974.,3,653,656
WBGene00302976.,3,17,20
WBGene00302978.,170,1022,1192
WBGene00302980.,0,247,247
WBGene00302982.,4,203,207
WBGene00302984.,38,46,84
WBGene00302986.,66,9,75
WBGene00302988.,32,30,62
WBGene00302991.,47,248,295
WBGene00302993.,154,0,154
WBGene00302995.,289,698,987
WBGene00302998.,347,1192,1539
WBGene00303000.,520,3236,3756
WBGene00303002.,0,116,116
WBGene00303005.,0,0,0
WBGene00303007.,0,55,55
WBGene00303009.,63,905,968
WBGene00303011.,53,93,146
WBGene00303013.,14,7,21
WBGene00303015.,53,3567,3620
WBGene00303019.,0,3592,3592
WBGene00303021.,0,581,581
WBGene00303023.,0,0,0
WBGene00303024.,0,0,0
WBGene00303026.,133,1387,1520
WBGene00303028.,0,0,0
WBGene00303030.,12,106,118
WBGene00303031.,0,23,23
WBGene00303032.,0,0,0
WBGene00303033.,0,0,0
WBGene00303034.,0,0,0
WBGene00303035.,0,0,0
WBGene00303036.,0,0,0
WBGene00303037.,0,0,0
WBGene00303038.,0,0,0
WBGene00303039.,0,0,0
WBGene00303040.,0,0,0
WBGene00303041.,0,0,0
WBGene00303042.,0,0,0
WBGene00303043.,0,0,0
WBGene00303044.,0,0,0
WBGene00303045.,0,0,0
WBGene00303046.,0,11,11
WBGene00303047.,0,0,0
WBGene00303048.,0,0,0
WBGene00303049.,0,0,0
WBGene00303050.,0,0,0
WBGene00303051.,0,0,0
WBGene00303052.,0,0,0
WBGene00303053.,0,0,0
WBGene00303054.,0,0,0
WBGene00303055.,0,0,0
WBGene00303056.,0,0,0
WBGene00303057.,0,0,0
WBGene00303058.,0,0,0
WBGene00303059.,0,0,0
WBGene00303060.,0,0,0
WBGene00303061.,0,0,0
WBGene00303062.,0,0,0
WBGene00303063.,0,0,0
WBGene00303064.,0,0,0
WBGene00303065.,0,0,0
WBGene00303066.,0,0,0
WBGene00303067.,0,0,0
WBGene00303068.,0,0,0
WBGene00303069.,0,0,0
WBGene00303070.,0,0,0
WBGene00303071.,0,0,0
WBGene00303072.,0,0,0
WBGene00303073.,0,0,0
WBGene00303074.,0,0,0
WBGene00303075.,0,1100,1100
WBGene00303076.,0,0,0
WBGene00303077.,0,0,0
WBGene00303078.,0,0,0
WBGene00303079.,0,0,0
WBGene00303080.,0,0,0
WBGene00303081.,4,187,191
WBGene00303082.,0,0,0
WBGene00303083.,0,0,0
WBGene00303085.,0,0,0
WBGene00303086.,0,0,0
WBGene00303087.,0,0,0
WBGene00303088.,0,0,0
WBGene00303089.,0,7,7
WBGene00303090.,0,0,0
WBGene00303091.,0,64,64
WBGene00303092.,0,0,0
WBGene00303093.,0,0,0
WBGene00303094.,0,0,0
WBGene00303095.,0,0,0
WBGene00303096.,0,0,0
WBGene00303097.,0,0,0
WBGene00303098.,0,0,0
WBGene00303099.,0,0,0
WBGene00303100.,0,0,0
WBGene00303101.,0,0,0
WBGene00303102.,0,0,0
WBGene00303103.,0,0,0
WBGene00303104.,0,0,0
WBGene00303105.,0,3,3
WBGene00303113.,0,0,0
WBGene00303114.,0,0,0
WBGene00303115.,0,2,2
WBGene00303208.,91,1697,1788
WBGene00303231.,1,33,34
WBGene00303233.,47,183,230
WBGene00303359.,0,0,0
WBGene00303360.,0,0,0
WBGene00303362.,1,0,1
WBGene00303363.,0,0,0
WBGene00303364.,3,12,15
WBGene00303365.,0,0,0
WBGene00303366.,0,7,7
WBGene00303367.,0,0,0
WBGene00303368.,11,2,13
WBGene00303369.,0,0,0
WBGene00303370.,0,0,0
WBGene00303371.,1,1,2
WBGene00303378.,0,1,1
WBGene00303398.,9,17,26
WBGene00303421.,7,19,26
WBGene00303423.,71,448,519
WBGene00303425.,18,125,143
WBGene00304173.,1,3,4
WBGene00304175.,2,7,9
WBGene00304181.,13,0,13
WBGene00304182.,0,3,3
WBGene00304183.,0,8,8
WBGene00304189.,88,1607,1695
WBGene00304194.,11,8,19
WBGene00304195.,1,2,3
WBGene00304201.,0,9,9
WBGene00304202.,4,9,13
WBGene00304203.,22,8,30
WBGene00304215.,9,3,12
WBGene00304219.,0,275,275
WBGene00304220.,2,1,3
WBGene00304237.,16,155,171
WBGene00304238.,0,3,3
WBGene00304775.,0,4,4
WBGene00304776.,7,85,92
WBGene00304782.,1,28,29
WBGene00304783.,0,458,458
WBGene00304785.,0,2,2
WBGene00304786.,0,2,2
WBGene00304787.,6,23,29
WBGene00304788.,8,22,30
WBGene00304789.,0,0,0
WBGene00304790.,1,393,394
WBGene00304791.,22,81,103
WBGene00304792.,0,16,16
WBGene00304793.,0,10,10
WBGene00304794.,19,17,36
WBGene00304797.,1,2,3
WBGene00304798.,0,8,8
WBGene00304806.,0,36,36
WBGene00304808.,61,145,206
WBGene00304811.,90,578,668
WBGene00304812.,0,1289,1289
WBGene00304813.,0,1319,1319
WBGene00304814.,0,1,1
WBGene00304815.,0,55454,55454
WBGene00304816.,1,9,10
WBGene00304817.,4,4,8
WBGene00304818.,0,0,0
WBGene00304819.,1,2,3
WBGene00304820.,11,43,54
WBGene00304822.,7,179,186
WBGene00304823.,1,1,2
WBGene00304824.,2,1,3
WBGene00304825.,16,1,17
WBGene00304826.,0,0,0
WBGene00304827.,2,0,2
WBGene00304828.,0,0,0
WBGene00304895.,5,15,20
WBGene00304901.,1,1,2
WBGene00304906.,0,149,149
WBGene00304907.,4,0,4
WBGene00304908.,0,1,1
WBGene00304930.,0,1,1
WBGene00304981.,5,0,5
WBGene00304985.,3,19,22
WBGene00304992.,235,6011,6246
WBGene00304996.,7,53,60
WBGene00305018.,0,1,1
WBGene00305047.,0,0,0
WBGene00305048.,0,0,0
WBGene00305049.,0,1,1
WBGene00305050.,74,110,184
WBGene00305065.,3,1,4
WBGene00305066.,1,41,42
WBGene00305067.,23,462,485
WBGene00305069.,0,0,0
WBGene00305086.,6,12,18
WBGene00305090.,22,32,54
WBGene00305091.,0,0,0
WBGene00305092.,0,2,2
WBGene00305093.,0,1,1
WBGene00305095.,0,9,9
WBGene00305102.,0,0,0
WBGene00305103.,16,211,227
WBGene00305104.,0,0,0
WBGene00305109.,0,1,1
WBGene00305110.,0,0,0
WBGene00305111.,0,1,1
WBGene00305112.,0,3,3
WBGene00305113.,0,3,3
WBGene00305114.,1,0,1
WBGene00305130.,0,0,0
WBGene00305131.,0,578,578
WBGene00305132.,1,2,3
WBGene00305157.,0,97,97
WBGene00305158.,0,2,2
WBGene00305159.,0,2,2
WBGene00305173.,308,1577,1885
WBGene00305970.,0,4,4
WBGene00305979.,1,0,1
WBGene00305980.,6,8,14
WBGene00305981.,75,693,768
WBGene00305991.,3,14,17
WBGene00305992.,12,25,37
WBGene00305993.,0,7,7
WBGene00305994.,1,12,13
WBGene00305995.,7,71,78
WBGene00305996.,5,5,10
WBGene00305997.,0,5,5
WBGene00305998.,24,145,169
WBGene00305999.,5,9,14
WBGene00306000.,2,10,12
WBGene00306001.,0,6,6
WBGene00306002.,1,56,57
WBGene00306003.,52,1509,1561
WBGene00306004.,3,2,5
WBGene00306005.,72,114,186
WBGene00306012.,6,29,35
WBGene00306013.,28,96,124
WBGene00306014.,0,4,4
WBGene00306062.,0,1,1
WBGene00306066.,3,9,12
WBGene00306069.,0,139,139
WBGene00306070.,4,0,4
WBGene00306076.,0,0,0
WBGene00306078.,0,8,8
WBGene00306080.,1,3,4
WBGene00306081.,1,24,25
WBGene00306121.,13,17,30
WBGene00306122.,0,4,4
WBGene00306123.,24,55,79
WBGene00306124.,88,5,93
WBGene00306125.,0,0,0
WBGene00306126.,58,913,971
WBGene00306131.,0,2993,2993
WBGene00306132.,0,8,8
