gene_id,total_unsp,total_sp,total
WBGene00000001,16,1124,1140
WBGene00000002,43,821,864
WBGene00000003,10,739,749
WBGene00000004,176,2057,2233
WBGene00000005,1,8,9
WBGene00000006,491,4188,4679
WBGene00000007,2,60,62
WBGene00000008,43,12,55
WBGene00000009,10,64,74
WBGene00000010,46,471,517
WBGene00000012,29,59,88
WBGene00000013,0,175,175
WBGene00000014,1,10,11
WBGene00000015,0,73,73
WBGene00000016,12,1263,1275
WBGene00000017,5,2483,2488
WBGene00000018,472,1884,2356
WBGene00000019,7,8,15
WBGene00000020,151,450,601
WBGene00000022,11,89,100
WBGene00000023,5,17,22
WBGene00000024,0,5,5
WBGene00000025,0,7,7
WBGene00000027,1,1,2
WBGene00000028,0,0,0
WBGene00000029,0,0,0
WBGene00000030,0,0,0
WBGene00000031,11,12,23
WBGene00000032,0,0,0
WBGene00000033,0,8,8
WBGene00000034,1,8,9
WBGene00000035,1037,1625,2662
WBGene00000036,135,587,722
WBGene00000037,44,1728,1772
WBGene00000038,52,114,166
WBGene00000039,33,2451,2484
WBGene00000040,64,8062,8126
WBGene00000041,1092,29594,30686
WBGene00000042,45,172,217
WBGene00000043,33,100,133
WBGene00000044,27,83,110
WBGene00000045,18,20,38
WBGene00000046,83,99,182
WBGene00000047,292,1619,1911
WBGene00000048,19,61,80
WBGene00000049,7,11,18
WBGene00000050,10,45,55
WBGene00000051,37,217,254
WBGene00000053,12,29,41
WBGene00000054,80,688,768
WBGene00000055,21,478,499
WBGene00000056,29,108,137
WBGene00000057,97,160,257
WBGene00000058,106,168,274
WBGene00000059,18,77,95
WBGene00000060,20,33,53
WBGene00000061,27,66,93
WBGene00000062,76,139,215
WBGene00000063,932,259625,260557
WBGene00000064,431,24519,24950
WBGene00000065,1033,269668,270701
WBGene00000066,1584,397490,399074
WBGene00000067,39,1697,1736
WBGene00000068,1555,2350,3905
WBGene00000069,22,141,163
WBGene00000070,474,2802,3276
WBGene00000071,30,188,218
WBGene00000072,86,957,1043
WBGene00000073,73,688,761
WBGene00000074,185,997,1182
WBGene00000075,39,195,234
WBGene00000079,292,5627,5919
WBGene00000080,8,340,348
WBGene00000081,35,331,366
WBGene00000082,70,99,169
WBGene00000083,526,4155,4681
WBGene00000084,42,38,80
WBGene00000085,38,334,372
WBGene00000086,101,759,860
WBGene00000088,95,264,359
WBGene00000089,103,1888,1991
WBGene00000090,127,1171,1298
WBGene00000092,264,2725,2989
WBGene00000093,62,1165,1227
WBGene00000094,116,1302,1418
WBGene00000095,260,3097,3357
WBGene00000096,307,810,1117
WBGene00000097,140,2648,2788
WBGene00000098,124,1748,1872
WBGene00000099,103,1692,1795
WBGene00000100,548,5936,6484
WBGene00000101,200,2671,2871
WBGene00000102,544,6208,6752
WBGene00000103,129,1938,2067
WBGene00000105,177,4903,5080
WBGene00000106,119,2509,2628
WBGene00000107,804,9023,9827
WBGene00000108,6,1,7
WBGene00000109,38,1066,1104
WBGene00000110,139,3070,3209
WBGene00000111,91,426,517
WBGene00000112,646,7690,8336
WBGene00000113,347,933,1280
WBGene00000114,595,91876,92471
WBGene00000115,62,2134,2196
WBGene00000116,134,1033,1167
WBGene00000117,394,719,1113
WBGene00000118,32,16998,17030
WBGene00000120,5,4986,4991
WBGene00000121,59,4315,4374
WBGene00000122,65,13683,13748
WBGene00000123,328,7226,7554
WBGene00000133,2,12,14
WBGene00000134,100,217,317
WBGene00000135,18,136,154
WBGene00000136,3,54,57
WBGene00000137,150,732,882
WBGene00000138,73,464,537
WBGene00000139,86,69,155
WBGene00000140,873,55459,56332
WBGene00000142,55,1559,1614
WBGene00000143,167,1187,1354
WBGene00000144,35,497,532
WBGene00000145,8,828,836
WBGene00000146,552,4177,4729
WBGene00000147,8,846,854
WBGene00000148,136,1808,1944
WBGene00000149,374,12482,12856
WBGene00000150,129,1305,1434
WBGene00000151,28,1304,1332
WBGene00000155,18,1505,1523
WBGene00000156,82,1179,1261
WBGene00000157,98,3533,3631
WBGene00000158,1081,3419,4500
WBGene00000159,73,4720,4793
WBGene00000160,786,3055,3841
WBGene00000161,231,3410,3641
WBGene00000162,590,2795,3385
WBGene00000163,84,3013,3097
WBGene00000164,161,1624,1785
WBGene00000165,45,1860,1905
WBGene00000166,34,262,296
WBGene00000168,838,548,1386
WBGene00000169,16,158,174
WBGene00000170,2586,32678,35264
WBGene00000171,6,0,6
WBGene00000172,85,224,309
WBGene00000173,10,108,118
WBGene00000174,17,119,136
WBGene00000175,4021,64558,68579
WBGene00000176,8,1243,1251
WBGene00000177,560,3102,3662
WBGene00000178,273,3086,3359
WBGene00000179,462,3258,3720
WBGene00000180,81,1318,1399
WBGene00000181,1575,10221,11796
WBGene00000182,284,24749,25033
WBGene00000183,434,26811,27245
WBGene00000184,280,2194,2474
WBGene00000185,0,25,25
WBGene00000186,770,7433,8203
WBGene00000187,10,2114,2124
WBGene00000188,0,182,182
WBGene00000189,24,990,1014
WBGene00000190,38,180,218
WBGene00000192,24,3646,3670
WBGene00000193,12,92,104
WBGene00000195,85,1493,1578
WBGene00000196,252,2363,2615
WBGene00000197,62,6790,6852
WBGene00000198,204,2829,3033
WBGene00000199,311,5510,5821
WBGene00000200,188,3538,3726
WBGene00000201,1279,5714,6993
WBGene00000202,13,542,555
WBGene00000203,35,3816,3851
WBGene00000204,91,4140,4231
WBGene00000205,24,3098,3122
WBGene00000206,204,3548,3752
WBGene00000207,1620,71508,73128
WBGene00000208,683,1148,1831
WBGene00000209,1702,27691,29393
WBGene00000210,6181,76989,83170
WBGene00000211,343,1131,1474
WBGene00000212,8,43,51
WBGene00000213,3,39,42
WBGene00000214,0,4619,4619
WBGene00000215,46,456,502
WBGene00000216,8,1409,1417
WBGene00000217,3035,44081,47116
WBGene00000218,18,1574,1592
WBGene00000219,1,1242,1243
WBGene00000220,112,1520,1632
WBGene00000221,1443,15266,16709
WBGene00000222,140,1995,2135
WBGene00000223,836,7086,7922
WBGene00000224,448,6321,6769
WBGene00000225,6756,4538,11294
WBGene00000226,203,2029,2232
WBGene00000227,284,1690,1974
WBGene00000228,1114,32966,34080
WBGene00000229,3582,176540,180122
WBGene00000230,405,71107,71512
WBGene00000231,468,3790,4258
WBGene00000232,281,1878,2159
WBGene00000233,152,578,730
WBGene00000235,16,13807,13823
WBGene00000236,280,2861,3141
WBGene00000237,106,703,809
WBGene00000238,137,1140,1277
WBGene00000239,98,457,555
WBGene00000240,587,2582,3169
WBGene00000241,33,138,171
WBGene00000242,37,333,370
WBGene00000244,53,411,464
WBGene00000245,405,10405,10810
WBGene00000246,43,102,145
WBGene00000247,96,2101,2197
WBGene00000248,279,4017,4296
WBGene00000249,8,3223,3231
WBGene00000250,19,289,308
WBGene00000251,0,3,3
WBGene00000252,1,7,8
WBGene00000253,95,629,724
WBGene00000254,728,2907,3635
WBGene00000255,27,43,70
WBGene00000256,0,20,20
WBGene00000257,108,2232,2340
WBGene00000259,96,1264,1360
WBGene00000262,18,804,822
WBGene00000263,8505,91517,100022
WBGene00000264,342,783,1125
WBGene00000265,153,700,853
WBGene00000266,328,5304,5632
WBGene00000267,21,181,202
WBGene00000268,731,1592,2323
WBGene00000269,207,1235,1442
WBGene00000270,29,471,500
WBGene00000271,44,1115,1159
WBGene00000272,68,722,790
WBGene00000273,125,4033,4158
WBGene00000274,331,1293,1624
WBGene00000275,55,1865,1920
WBGene00000276,314,7403,7717
WBGene00000277,1638,14209,15847
WBGene00000279,25,298,323
WBGene00000280,50,389,439
WBGene00000281,62,5204,5266
WBGene00000282,371,5185,5556
WBGene00000283,219,4959,5178
WBGene00000284,5,883,888
WBGene00000285,441,8008,8449
WBGene00000286,989,15304,16293
WBGene00000287,64,236,300
WBGene00000288,201,2065,2266
WBGene00000289,536,3695,4231
WBGene00000292,591,9507,10098
WBGene00000293,490,13248,13738
WBGene00000294,404,8647,9051
WBGene00000295,36,468,504
WBGene00000296,72,129,201
WBGene00000298,10,537,547
WBGene00000301,16,13556,13572
WBGene00000302,11,77,88
WBGene00000366,253,6807,7060
WBGene00000367,518,1927,2445
WBGene00000368,293,4240,4533
WBGene00000369,12,3752,3764
WBGene00000370,6861,25240,32101
WBGene00000371,4742,98988,103730
WBGene00000372,0,9,9
WBGene00000373,67,560,627
WBGene00000375,40,299,339
WBGene00000376,763,2223,2986
WBGene00000377,220,26179,26399
WBGene00000378,71,21404,21475
WBGene00000379,1526,27593,29119
WBGene00000380,1116,45027,46143
WBGene00000381,157,20320,20477
WBGene00000382,49,1185,1234
WBGene00000383,264,4525,4789
WBGene00000386,8,396,404
WBGene00000387,1107,1140,2247
WBGene00000388,2,27,29
WBGene00000389,0,0,0
WBGene00000390,226,10107,10333
WBGene00000391,84,671,755
WBGene00000392,0,44,44
WBGene00000393,59,973,1032
WBGene00000395,80,592,672
WBGene00000396,93,2927,3020
WBGene00000397,6,71,77
WBGene00000399,56,1369,1425
WBGene00000401,30,105,135
WBGene00000402,341,950,1291
WBGene00000403,553,7667,8220
WBGene00000405,113,6240,6353
WBGene00000406,50,726,776
WBGene00000407,313,1492,1805
WBGene00000408,581,2032,2613
WBGene00000409,178,1816,1994
WBGene00000410,294,1966,2260
WBGene00000411,41,4562,4603
WBGene00000412,11,190,201
WBGene00000413,104,1085,1189
WBGene00000414,476,9879,10355
WBGene00000415,2548,2493,5041
WBGene00000416,64,1666,1730
WBGene00000417,156,135,291
WBGene00000418,31,609,640
WBGene00000419,347,2048,2395
WBGene00000420,121,1486,1607
WBGene00000421,343,2371,2714
WBGene00000422,14,103,117
WBGene00000423,96,1194,1290
WBGene00000424,154,2434,2588
WBGene00000425,4,207,211
WBGene00000426,295,1391,1686
WBGene00000427,3,9,12
WBGene00000428,3,62,65
WBGene00000429,83,268,351
WBGene00000430,15,186,201
WBGene00000431,51,1311,1362
WBGene00000432,4,3,7
WBGene00000433,72,355,427
WBGene00000434,6,110,116
WBGene00000435,16,99,115
WBGene00000436,33,137,170
WBGene00000437,184,4385,4569
WBGene00000438,20,16,36
WBGene00000439,36,852,888
WBGene00000440,0,124,124
WBGene00000441,639,2435,3074
WBGene00000442,8,179,187
WBGene00000443,231,7158,7389
WBGene00000444,7,338,345
WBGene00000445,20,189,209
WBGene00000446,13,378,391
WBGene00000447,47,259,306
WBGene00000448,147,2196,2343
WBGene00000449,205,748,953
WBGene00000450,1,15,16
WBGene00000451,2,196,198
WBGene00000452,8,599,607
WBGene00000453,55,999,1054
WBGene00000454,59,816,875
WBGene00000455,129,2415,2544
WBGene00000457,5,92,97
WBGene00000458,145,1661,1806
WBGene00000459,142,2081,2223
WBGene00000460,9,312,321
WBGene00000461,5,21,26
WBGene00000462,8,578,586
WBGene00000463,61,1038,1099
WBGene00000464,1149,3798,4947
WBGene00000465,2,99,101
WBGene00000466,419,2839,3258
WBGene00000467,81,493,574
WBGene00000468,92,162,254
WBGene00000469,22,54,76
WBGene00000472,144,67910,68054
WBGene00000473,4,833,837
WBGene00000474,5,1001,1006
WBGene00000475,144,47122,47266
WBGene00000476,162,1179,1341
WBGene00000477,38,203,241
WBGene00000478,70,749,819
WBGene00000479,47,4914,4961
WBGene00000480,158,1743,1901
WBGene00000481,64,426,490
WBGene00000482,223,6405,6628
WBGene00000483,13,6,19
WBGene00000484,59,194,253
WBGene00000485,111,838,949
WBGene00000487,16,18,34
WBGene00000488,109,219,328
WBGene00000490,32,318,350
WBGene00000491,160,686,846
WBGene00000492,517,803,1320
WBGene00000493,55,399,454
WBGene00000496,92,145,237
WBGene00000497,51,227,278
WBGene00000498,11,1113,1124
WBGene00000499,65,37,102
WBGene00000500,78,1630,1708
WBGene00000501,53,600,653
WBGene00000502,108,4293,4401
WBGene00000503,2,23,25
WBGene00000506,333,1437,1770
WBGene00000507,137,1235,1372
WBGene00000508,63,2191,2254
WBGene00000509,333,2513,2846
WBGene00000510,333,3095,3428
WBGene00000511,155,631,786
WBGene00000512,461,607,1068
WBGene00000513,12,256,268
WBGene00000514,120,1031,1151
WBGene00000515,52,238,290
WBGene00000516,5,5135,5140
WBGene00000517,105,726,831
WBGene00000518,1757,1604,3361
WBGene00000519,561,711,1272
WBGene00000520,82,937,1019
WBGene00000521,13,136,149
WBGene00000522,51,137,188
WBGene00000523,55,796,851
WBGene00000524,37,663,700
WBGene00000525,23,760,783
WBGene00000526,23,649,672
WBGene00000527,246,1144,1390
WBGene00000528,175,897,1072
WBGene00000529,169,472,641
WBGene00000530,25,86,111
WBGene00000531,18,50,68
WBGene00000532,65,1989,2054
WBGene00000533,23,369,392
WBGene00000534,66,17523,17589
WBGene00000535,384,9060,9444
WBGene00000536,112,1038,1150
WBGene00000537,19,523,542
WBGene00000539,6,46,52
WBGene00000540,89,403,492
WBGene00000541,112,66,178
WBGene00000542,456,6606,7062
WBGene00000543,164,833,997
WBGene00000544,70,11,81
WBGene00000545,1029,2608,3637
WBGene00000546,5,15,20
WBGene00000547,249,1646,1895
WBGene00000548,213,4608,4821
WBGene00000549,780,2701,3481
WBGene00000550,136,21456,21592
WBGene00000551,0,0,0
WBGene00000552,2229,51655,53884
WBGene00000553,1167,1876,3043
WBGene00000554,851,10870,11721
WBGene00000555,0,0,0
WBGene00000556,38,384,422
WBGene00000557,173,5747,5920
WBGene00000558,329,5647,5976
WBGene00000559,2,0,2
WBGene00000560,0,1,1
WBGene00000561,9,1165,1174
WBGene00000562,121,399,520
WBGene00000563,26,18,44
WBGene00000564,374,1391,1765
WBGene00000565,647,508,1155
WBGene00000566,608,2001,2609
WBGene00000567,269,7094,7363
WBGene00000583,276,3250,3526
WBGene00000584,19,201,220
WBGene00000585,207,2717,2924
WBGene00000591,228,1674,1902
WBGene00000592,16,257,273
WBGene00000593,0,29,29
WBGene00000594,0,4744,4744
WBGene00000596,0,0,0
WBGene00000597,8,55,63
WBGene00000598,0,10,10
WBGene00000599,39,4252,4291
WBGene00000601,0,104,104
WBGene00000602,0,100,100
WBGene00000603,4,360,364
WBGene00000606,151,1131,1282
WBGene00000608,0,1,1
WBGene00000609,0,1,1
WBGene00000610,23,96,119
WBGene00000611,110,1419,1529
WBGene00000612,0,5,5
WBGene00000613,0,35,35
WBGene00000614,2,4,6
WBGene00000615,0,29,29
WBGene00000616,1,457,458
WBGene00000617,0,1,1
WBGene00000618,1,191,192
WBGene00000620,1,0,1
WBGene00000621,0,13,13
WBGene00000622,4,70,74
WBGene00000623,47,327,374
WBGene00000624,28,118,146
WBGene00000625,32,138,170
WBGene00000626,0,0,0
WBGene00000627,0,8,8
WBGene00000628,0,12,12
WBGene00000629,3,1,4
WBGene00000630,23,169,192
WBGene00000631,6,50,56
WBGene00000632,3,376,379
WBGene00000633,15,67,82
WBGene00000634,0,22,22
WBGene00000636,7,14,21
WBGene00000637,9,323,332
WBGene00000638,0,3,3
WBGene00000639,1,166,167
WBGene00000640,13,40,53
WBGene00000641,10,1854,1864
WBGene00000644,0,21,21
WBGene00000645,65,533,598
WBGene00000646,0,2,2
WBGene00000647,1,160,161
WBGene00000648,118,8,126
WBGene00000649,19,168,187
WBGene00000650,0,11,11
WBGene00000651,2,93,95
WBGene00000652,15,114,129
WBGene00000653,0,156,156
WBGene00000654,7,9,16
WBGene00000655,1,161,162
WBGene00000656,9,1563,1572
WBGene00000657,11,601,612
WBGene00000658,8,9,17
WBGene00000659,1,4,5
WBGene00000660,1,10,11
WBGene00000661,2,5,7
WBGene00000662,17,17,34
WBGene00000663,0,17,17
WBGene00000664,1,352,353
WBGene00000665,58,768,826
WBGene00000666,1,82,83
WBGene00000667,1,67,68
WBGene00000668,0,431,431
WBGene00000669,19,1360,1379
WBGene00000670,0,45,45
WBGene00000671,0,2,2
WBGene00000672,3,185,188
WBGene00000673,16,27941,27957
WBGene00000674,77,534,611
WBGene00000675,0,97,97
WBGene00000676,0,10,10
WBGene00000677,57,26709,26766
WBGene00000678,2,49,51
WBGene00000679,3,39,42
WBGene00000680,0,6,6
WBGene00000681,15,11730,11745
WBGene00000682,0,45,45
WBGene00000683,17,194,211
WBGene00000684,11,60,71
WBGene00000685,11,287,298
WBGene00000687,10,162,172
WBGene00000688,4,264,268
WBGene00000689,31,78,109
WBGene00000690,0,1,1
WBGene00000691,0,4828,4828
WBGene00000692,192,2770,2962
WBGene00000693,0,8,8
WBGene00000694,0,10,10
WBGene00000695,2,3,5
WBGene00000696,0,0,0
WBGene00000697,3,6,9
WBGene00000698,0,28,28
WBGene00000699,5,1178,1183
WBGene00000700,0,0,0
WBGene00000701,0,5,5
WBGene00000702,33,289,322
WBGene00000703,6,482,488
WBGene00000704,0,408,408
WBGene00000705,71,608,679
WBGene00000706,0,29,29
WBGene00000707,0,9,9
WBGene00000708,0,5,5
WBGene00000710,0,9,9
WBGene00000711,0,2,2
WBGene00000712,0,4,4
WBGene00000713,1,39,40
WBGene00000714,5,53,58
WBGene00000715,4,52,56
WBGene00000716,0,6,6
WBGene00000717,16,1653,1669
WBGene00000718,0,47,47
WBGene00000719,0,49,49
WBGene00000720,6,12927,12933
WBGene00000721,0,20,20
WBGene00000722,68,9018,9086
WBGene00000723,0,114,114
WBGene00000724,5,82,87
WBGene00000725,0,8,8
WBGene00000726,62,212,274
WBGene00000727,0,1838,1838
WBGene00000728,1,1081,1082
WBGene00000729,0,30,30
WBGene00000730,0,61,61
WBGene00000731,8,232,240
WBGene00000732,0,61,61
WBGene00000733,3,5475,5478
WBGene00000734,1,18,19
WBGene00000735,5,38,43
WBGene00000736,0,9,9
WBGene00000737,1,48,49
WBGene00000738,0,4,4
WBGene00000739,31,15281,15312
WBGene00000740,3,4963,4966
WBGene00000741,2,5539,5541
WBGene00000742,0,1298,1298
WBGene00000743,0,213,213
WBGene00000744,0,0,0
WBGene00000745,6,543,549
WBGene00000746,9,117,126
WBGene00000747,0,71,71
WBGene00000748,2,73,75
WBGene00000749,0,563,563
WBGene00000750,12,60,72
WBGene00000751,0,26,26
WBGene00000752,0,0,0
WBGene00000753,0,76,76
WBGene00000754,0,21,21
WBGene00000755,1,21,22
WBGene00000756,0,2,2
WBGene00000757,0,0,0
WBGene00000758,0,1,1
WBGene00000759,24,175,199
WBGene00000760,1,14,15
WBGene00000761,113,2580,2693
WBGene00000762,166,1152,1318
WBGene00000763,333,2612,2945
WBGene00000764,37,573,610
WBGene00000765,15,5168,5183
WBGene00000766,76,2502,2578
WBGene00000767,373,6055,6428
WBGene00000768,721,7776,8497
WBGene00000770,2,38,40
WBGene00000771,0,2,2
WBGene00000772,3,236,239
WBGene00000773,142,2736,2878
WBGene00000774,128,2983,3111
WBGene00000775,117,538,655
WBGene00000776,683,23830,24513
WBGene00000777,59,5283,5342
WBGene00000778,25,577,602
WBGene00000779,10339,191179,201518
WBGene00000780,118,1453,1571
WBGene00000781,1,267,268
WBGene00000782,0,2,2
WBGene00000783,10,110,120
WBGene00000784,1,251,252
WBGene00000785,4,924,928
WBGene00000786,23,279,302
WBGene00000787,40,2560,2600
WBGene00000788,125,8241,8366
WBGene00000789,26,447,473
WBGene00000792,72,251,323
WBGene00000793,4546,2563,7109
WBGene00000794,89,2621,2710
WBGene00000795,27,1139,1166
WBGene00000796,387,3650,4037
WBGene00000797,7,94,101
WBGene00000798,9,2055,2064
WBGene00000799,5,13,18
WBGene00000800,307,5893,6200
WBGene00000802,1910,159411,161321
WBGene00000803,23,234,257
WBGene00000804,24,1910,1934
WBGene00000812,394,1665,2059
WBGene00000813,222,2360,2582
WBGene00000814,301,3238,3539
WBGene00000815,371,2230,2601
WBGene00000816,361,1821,2182
WBGene00000817,80,1920,2000
WBGene00000818,120,1635,1755
WBGene00000819,18,10,28
WBGene00000820,94,458,552
WBGene00000821,1,1,2
WBGene00000822,3644,61952,65596
WBGene00000829,0,110577,110577
WBGene00000830,0,92,92
WBGene00000831,1,172,173
WBGene00000832,832,4717,5549
WBGene00000833,238,67748,67986
WBGene00000834,1090,2053,3143
WBGene00000835,259,4760,5019
WBGene00000836,123,2053,2176
WBGene00000837,319,2396,2715
WBGene00000838,187,1256,1443
WBGene00000839,105,2402,2507
WBGene00000840,235,2818,3053
WBGene00000841,29,109,138
WBGene00000843,69,6340,6409
WBGene00000845,668,9007,9675
WBGene00000846,153,852,1005
WBGene00000851,1,13,14
WBGene00000853,10,7,17
WBGene00000854,396,2983,3379
WBGene00000857,36,1605,1641
WBGene00000858,209,3864,4073
WBGene00000859,12,114,126
WBGene00000860,14,253,267
WBGene00000861,5,30,35
WBGene00000862,206,202,408
WBGene00000863,37,1995,2032
WBGene00000864,6,19,25
WBGene00000865,15,976,991
WBGene00000866,0,23,23
WBGene00000867,1,25,26
WBGene00000868,47,4086,4133
WBGene00000869,346,25112,25458
WBGene00000870,157,2345,2502
WBGene00000871,68,672,740
WBGene00000872,69,1494,1563
WBGene00000874,101,2376,2477
WBGene00000875,32,2188,2220
WBGene00000876,334,4086,4420
WBGene00000877,53,28380,28433
WBGene00000878,16,114,130
WBGene00000879,2026,72619,74645
WBGene00000880,123,2581,2704
WBGene00000881,13,39983,39996
WBGene00000882,6,4784,4790
WBGene00000883,6301,208650,214951
WBGene00000884,93,4317,4410
WBGene00000885,861,1000,1861
WBGene00000886,180,1973,2153
WBGene00000887,330,3129,3459
WBGene00000888,100,2688,2788
WBGene00000889,195,2566,2761
WBGene00000890,99,1070,1169
WBGene00000891,318,2971,3289
WBGene00000892,187,1234,1421
WBGene00000893,15,233,248
WBGene00000894,43,2929,2972
WBGene00000895,45,98,143
WBGene00000896,567,16438,17005
WBGene00000897,185,1156,1341
WBGene00000898,2186,1321,3507
WBGene00000899,216,2146,2362
WBGene00000900,1026,2856,3882
WBGene00000901,573,5607,6180
WBGene00000902,10,152,162
WBGene00000903,9,1213,1222
WBGene00000904,62,330,392
WBGene00000905,21,414,435
WBGene00000906,248,350,598
WBGene00000907,53,146,199
WBGene00000908,676,2500,3176
WBGene00000910,780,3853,4633
WBGene00000911,457,3853,4310
WBGene00000912,908,4124,5032
WBGene00000913,84,1363,1447
WBGene00000914,737,1580,2317
WBGene00000915,626,144265,144891
WBGene00000917,383,5605,5988
WBGene00000920,13,2171,2184
WBGene00000923,82,7247,7329
WBGene00000928,62,5766,5828
WBGene00000929,242,2756,2998
WBGene00000930,1,46,47
WBGene00000931,394,18400,18794
WBGene00000932,10,95,105
WBGene00000933,555,4628,5183
WBGene00000934,22,245,267
WBGene00000935,12,524,536
WBGene00000936,25,1605,1630
WBGene00000937,23,762,785
WBGene00000938,2394,8299,10693
WBGene00000939,287,2888,3175
WBGene00000940,418,3273,3691
WBGene00000941,1939,21806,23745
WBGene00000942,452,20997,21449
WBGene00000950,86,134,220
WBGene00000951,37,134,171
WBGene00000952,63,50,113
WBGene00000953,74,205,279
WBGene00000955,46,134,180
WBGene00000958,171,786,957
WBGene00000959,452,3353,3805
WBGene00000960,40,201,241
WBGene00000961,60,2256,2316
WBGene00000962,378,13489,13867
WBGene00000963,181,1402,1583
WBGene00000964,244,9823,10067
WBGene00000965,121,1911,2032
WBGene00000966,62,384,446
WBGene00000967,161,194,355
WBGene00000968,45,367,412
WBGene00000969,30,2261,2291
WBGene00000970,131,3378,3509
WBGene00000971,2,21,23
WBGene00000972,95,929,1024
WBGene00000973,58,1129,1187
WBGene00000974,11,160,171
WBGene00000975,269,4571,4840
WBGene00000976,263,2128,2391
WBGene00000977,0,9,9
WBGene00000978,87,6431,6518
WBGene00000979,6,210,216
WBGene00000980,245,1060,1305
WBGene00000981,6,162,168
WBGene00000982,457,9931,10388
WBGene00000983,12,131,143
WBGene00000984,66,1349,1415
WBGene00000985,48,2205,2253
WBGene00000986,11,162,173
WBGene00000987,353,1706,2059
WBGene00000988,1666,27212,28878
WBGene00000989,9,49,58
WBGene00000990,248,2333,2581
WBGene00000991,120,960,1080
WBGene00000992,0,1304,1304
WBGene00000993,469,2185,2654
WBGene00000994,57,778,835
WBGene00000995,99,1200,1299
WBGene00000996,172,5435,5607
WBGene00000998,2102,65792,67894
WBGene00001000,5604,60756,66360
WBGene00001001,373,4170,4543
WBGene00001002,81,2329,2410
WBGene00001005,94,56164,56258
WBGene00001006,247,3448,3695
WBGene00001007,556,9738,10294
WBGene00001008,501,3284,3785
WBGene00001016,24,479,503
WBGene00001017,434,5181,5615
WBGene00001018,444,5441,5885
WBGene00001019,682,3964,4646
WBGene00001020,128,2460,2588
WBGene00001021,109,590,699
WBGene00001022,45,415,460
WBGene00001023,312,6310,6622
WBGene00001025,252,4173,4425
WBGene00001026,112,3409,3521
WBGene00001027,385,3509,3894
WBGene00001028,342,6145,6487
WBGene00001029,1012,10810,11822
WBGene00001030,251,12856,13107
WBGene00001031,65,8650,8715
WBGene00001032,53,1695,1748
WBGene00001033,137,1157,1294
WBGene00001034,129,2625,2754
WBGene00001035,169,3052,3221
WBGene00001036,35,1372,1407
WBGene00001037,102,14637,14739
WBGene00001038,551,13656,14207
WBGene00001039,380,2096,2476
WBGene00001040,44,1538,1582
WBGene00001041,51,3487,3538
WBGene00001042,949,5072,6021
WBGene00001043,375,1352,1727
WBGene00001044,2,134,136
WBGene00001045,233,2185,2418
WBGene00001046,32,366,398
WBGene00001047,544,8654,9198
WBGene00001048,299,1936,2235
WBGene00001049,66,868,934
WBGene00001050,77,566,643
WBGene00001051,7,5408,5415
WBGene00001052,202,665,867
WBGene00001053,102,335,437
WBGene00001054,171,1323,1494
WBGene00001055,211,1549,1760
WBGene00001056,332,3837,4169
WBGene00001057,25,2381,2406
WBGene00001058,143,1875,2018
WBGene00001059,18,596,614
WBGene00001060,43,1445,1488
WBGene00001061,86,1841,1927
WBGene00001062,1,1,2
WBGene00001063,11,13,24
WBGene00001064,68,3583,3651
WBGene00001065,2,5536,5538
WBGene00001066,125,1764,1889
WBGene00001067,0,1479,1479
WBGene00001068,289,6651,6940
WBGene00001069,37,3535,3572
WBGene00001070,258,1906,2164
WBGene00001071,152,3654,3806
WBGene00001072,197,2684,2881
WBGene00001073,326,8620,8946
WBGene00001074,133,1853,1986
WBGene00001075,47,143,190
WBGene00001076,1,302,303
WBGene00001077,210,6503,6713
WBGene00001078,225,1433,1658
WBGene00001079,46,513,559
WBGene00001080,1047,4712,5759
WBGene00001081,228,6677,6905
WBGene00001082,387,3796,4183
WBGene00001085,202,3298,3500
WBGene00001086,162,3930,4092
WBGene00001087,1962,1897,3859
WBGene00001088,43,19830,19873
WBGene00001089,427,2900,3327
WBGene00001090,158,982,1140
WBGene00001092,2,248,250
WBGene00001093,131,3867,3998
WBGene00001094,90,13273,13363
WBGene00001095,119,721,840
WBGene00001096,8,141,149
WBGene00001099,5,75,80
WBGene00001101,1008,5189,6197
WBGene00001102,33,1279,1312
WBGene00001103,0,8,8
WBGene00001104,5,5,10
WBGene00001105,5,25,30
WBGene00001106,39,16,55
WBGene00001107,57,386,443
WBGene00001108,3,11,14
WBGene00001109,0,70,70
WBGene00001110,14,288,302
WBGene00001112,121,1293,1414
WBGene00001113,2621,27126,29747
WBGene00001115,590,2509,3099
WBGene00001116,422,3597,4019
WBGene00001117,70,504,574
WBGene00001118,86,183,269
WBGene00001119,38,310,348
WBGene00001121,108,293,401
WBGene00001122,62,1520,1582
WBGene00001123,10,416,426
WBGene00001127,56,378,434
WBGene00001129,29,133,162
WBGene00001130,125,4427,4552
WBGene00001131,1894,16989,18883
WBGene00001132,649,10198,10847
WBGene00001133,3,7,10
WBGene00001134,262,6606,6868
WBGene00001135,80,684,764
WBGene00001136,41,72,113
WBGene00001137,359,29255,29614
WBGene00001145,2337,13385,15722
WBGene00001147,0,1,1
WBGene00001148,35,727,762
WBGene00001149,292,26465,26757
WBGene00001150,2,19,21
WBGene00001151,118,2417,2535
WBGene00001152,1,851,852
WBGene00001153,15,2809,2824
WBGene00001154,73,3993,4066
WBGene00001155,6353,69029,75382
WBGene00001156,82,401,483
WBGene00001157,26,115,141
WBGene00001158,2,3,5
WBGene00001159,29,596,625
WBGene00001160,107,4729,4836
WBGene00001161,266,1284,1550
WBGene00001162,344,978,1322
WBGene00001163,198,4278,4476
WBGene00001164,3,13,16
WBGene00001165,35,298,333
WBGene00001166,96,9608,9704
WBGene00001167,11453,269405,280858
WBGene00001168,13526,736180,749706
WBGene00001169,201,148995,149196
WBGene00001170,31,490,521
WBGene00001171,170,517,687
WBGene00001172,293,6717,7010
WBGene00001173,2904,9747,12651
WBGene00001174,16,304,320
WBGene00001175,24,118,142
WBGene00001177,1924,4610,6534
WBGene00001178,460,2558,3018
WBGene00001179,411,1797,2208
WBGene00001182,211,2388,2599
WBGene00001184,95,1202,1297
WBGene00001185,21,438,459
WBGene00001186,474,3090,3564
WBGene00001187,418,6868,7286
WBGene00001188,102,638,740
WBGene00001189,572,10646,11218
WBGene00001190,212,325,537
WBGene00001193,3,456,459
WBGene00001194,669,8359,9028
WBGene00001196,1635,32774,34409
WBGene00001202,81,172,253
WBGene00001204,79,52,131
WBGene00001207,27,131,158
WBGene00001208,520,3274,3794
WBGene00001209,203,18387,18590
WBGene00001210,40,3629,3669
WBGene00001211,41,146,187
WBGene00001214,29,568,597
WBGene00001215,458,2583,3041
WBGene00001223,3,0,3
WBGene00001224,42,2723,2765
WBGene00001225,45,12338,12383
WBGene00001226,639,27209,27848
WBGene00001227,1457,18702,20159
WBGene00001228,82,5678,5760
WBGene00001229,90,7272,7362
WBGene00001230,121,11874,11995
WBGene00001231,112,6974,7086
WBGene00001232,415,6666,7081
WBGene00001233,967,10619,11586
WBGene00001234,24,11746,11770
WBGene00001235,147,5143,5290
WBGene00001236,385,581,966
WBGene00001237,21,66,87
WBGene00001239,365,12720,13085
WBGene00001240,91,2851,2942
WBGene00001241,531,8285,8816
WBGene00001242,14,244,258
WBGene00001243,22,530,552
WBGene00001244,304,3493,3797
WBGene00001245,2,7,9
WBGene00001246,3,24,27
WBGene00001247,39,338,377
WBGene00001248,344,1138,1482
WBGene00001249,35,2312,2347
WBGene00001250,2,32,34
WBGene00001251,65,1359,1424
WBGene00001252,0,22,22
WBGene00001253,118,1534,1652
WBGene00001258,916,6659,7575
WBGene00001259,137,6860,6997
WBGene00001262,83,2617,2700
WBGene00001263,1671,65524,67195
WBGene00001281,89,1451,1540
WBGene00001284,201,2536,2737
WBGene00001303,552,63076,63628
WBGene00001309,202,6000,6202
WBGene00001310,17,2,19
WBGene00001311,0,3,3
WBGene00001320,18,2549,2567
WBGene00001324,98,1337,1435
WBGene00001325,287,1420,1707
WBGene00001328,332,24751,25083
WBGene00001329,98,4912,5010
WBGene00001330,632,2133,2765
WBGene00001331,434,10811,11245
WBGene00001332,163,832,995
WBGene00001333,374,5178,5552
WBGene00001334,727,3376,4103
WBGene00001335,217,2335,2552
WBGene00001336,484,8306,8790
WBGene00001337,1469,14505,15974
WBGene00001338,89,2329,2418
WBGene00001340,1006,6305,7311
WBGene00001345,1580,3144,4724
WBGene00001352,446,4012,4458
WBGene00001358,60,588,648
WBGene00001365,302,3143,3445
WBGene00001366,692,3123,3815
WBGene00001368,270,2176,2446
WBGene00001371,74,1289,1363
WBGene00001372,138,614,752
WBGene00001373,173,150,323
WBGene00001374,233,697,930
WBGene00001377,183,565,748
WBGene00001385,124517,1427538,1552055
WBGene00001386,3755,104622,108377
WBGene00001387,12,74,86
WBGene00001388,0,7,7
WBGene00001389,40,885,925
WBGene00001390,71,1773,1844
WBGene00001391,162,1801,1963
WBGene00001392,367,34116,34483
WBGene00001393,161,14646,14807
WBGene00001394,101,10773,10874
WBGene00001395,1113,9571,10684
WBGene00001396,259,4608,4867
WBGene00001397,1,68,69
WBGene00001398,51,2181,2232
WBGene00001399,1,7,8
WBGene00001400,12,205,217
WBGene00001401,3,177,180
WBGene00001402,2,303,305
WBGene00001403,295,2330,2625
WBGene00001404,1833,26414,28247
WBGene00001405,33,2803,2836
WBGene00001406,398,1192,1590
WBGene00001410,155,452,607
WBGene00001411,59,2035,2094
WBGene00001412,31,1409,1440
WBGene00001413,33,257,290
WBGene00001414,3,36,39
WBGene00001423,589,69817,70406
WBGene00001424,1,5,6
WBGene00001425,425,3327,3752
WBGene00001426,429,19415,19844
WBGene00001427,1884,137238,139122
WBGene00001428,9,3269,3278
WBGene00001429,39,1287,1326
WBGene00001430,207,12196,12403
WBGene00001431,165,10841,11006
WBGene00001432,91,729,820
WBGene00001433,75,1718,1793
WBGene00001434,3,397,400
WBGene00001435,0,0,0
WBGene00001436,0,0,0
WBGene00001437,2,123,125
WBGene00001438,6,56,62
WBGene00001439,2244,4107,6351
WBGene00001440,23,375,398
WBGene00001441,275,3038,3313
WBGene00001442,4,88,92
WBGene00001443,836,4751,5587
WBGene00001444,12833,84947,97780
WBGene00001445,49,989,1038
WBGene00001446,4,212,216
WBGene00001447,42,1238,1280
WBGene00001448,608,11788,12396
WBGene00001449,366,2623,2989
WBGene00001450,17,1049,1066
WBGene00001451,191,1982,2173
WBGene00001452,78,8354,8432
WBGene00001453,4,1211,1215
WBGene00001454,3,3585,3588
WBGene00001455,157,4365,4522
WBGene00001456,3,562,565
WBGene00001457,2824,18900,21724
WBGene00001458,209,3010,3219
WBGene00001459,93,3741,3834
WBGene00001460,30,907,937
WBGene00001461,1149,6671,7820
WBGene00001462,56,6316,6372
WBGene00001463,37,920,957
WBGene00001464,217,4781,4998
WBGene00001465,2,21,23
WBGene00001466,5,392,397
WBGene00001468,7,44,51
WBGene00001470,138,3660,3798
WBGene00001475,245,2871,3116
WBGene00001476,12,41,53
WBGene00001477,37,384,421
WBGene00001478,34,208,242
WBGene00001479,40,879,919
WBGene00001480,1871,11303,13174
WBGene00001481,42,332,374
WBGene00001482,1,185,186
WBGene00001483,7,167,174
WBGene00001484,476,1404,1880
WBGene00001485,716,1206,1922
WBGene00001486,57,979,1036
WBGene00001487,3,8,11
WBGene00001488,1275,40438,41713
WBGene00001489,300,1677,1977
WBGene00001490,281,2664,2945
WBGene00001491,634,5542,6176
WBGene00001492,104,1585,1689
WBGene00001493,156,2141,2297
WBGene00001494,447,1213,1660
WBGene00001495,174,537,711
WBGene00001496,1089,3365,4454
WBGene00001497,347,9104,9451
WBGene00001498,771,8307,9078
WBGene00001499,35,756,791
WBGene00001500,13,38,51
WBGene00001501,379,3792,4171
WBGene00001502,1226,68438,69664
WBGene00001503,290,17513,17803
WBGene00001505,49,332,381
WBGene00001506,7,8,15
WBGene00001507,27,167,194
WBGene00001508,175,1776,1951
WBGene00001509,224,3870,4094
WBGene00001510,287,2455,2742
WBGene00001511,43,1706,1749
WBGene00001512,72,167,239
WBGene00001513,8,1841,1849
WBGene00001514,13,272,285
WBGene00001515,46,209,255
WBGene00001516,851,3469,4320
WBGene00001517,61,522,583
WBGene00001518,293,1169,1462
WBGene00001519,405,2269,2674
WBGene00001520,226,14937,15163
WBGene00001522,63,265,328
WBGene00001523,130,2060,2190
WBGene00001526,99,1303,1402
WBGene00001527,45,1667,1712
WBGene00001528,2,3,5
WBGene00001529,0,2,2
WBGene00001530,3,46,49
WBGene00001531,5,48,53
WBGene00001532,7,35,42
WBGene00001533,23,25,48
WBGene00001534,22,196,218
WBGene00001535,15,71,86
WBGene00001536,28,94,122
WBGene00001537,475,650,1125
WBGene00001538,116,1614,1730
WBGene00001539,37,25,62
WBGene00001540,3,42,45
WBGene00001541,7,106,113
WBGene00001542,29,86,115
WBGene00001543,21,112,133
WBGene00001544,26,95,121
WBGene00001545,3,43,46
WBGene00001546,43,43,86
WBGene00001547,58,195,253
WBGene00001548,15,73,88
WBGene00001549,92,279,371
WBGene00001550,13,19,32
WBGene00001551,65,108,173
WBGene00001552,112,1221,1333
WBGene00001553,268,1743,2011
WBGene00001554,139,882,1021
WBGene00001555,446,1598,2044
WBGene00001556,348,2065,2413
WBGene00001557,245,1664,1909
WBGene00001558,89,12712,12801
WBGene00001559,259,1220,1479
WBGene00001560,52,172,224
WBGene00001561,2075,10281,12356
WBGene00001562,89,3151,3240
WBGene00001563,124,2768,2892
WBGene00001564,1968,76131,78099
WBGene00001565,461,2210,2671
WBGene00001566,149,3420,3569
WBGene00001568,72,1216,1288
WBGene00001569,2,82,84
WBGene00001570,299,5381,5680
WBGene00001571,9,295,304
WBGene00001572,949,9090,10039
WBGene00001574,333,2824,3157
WBGene00001575,69,404,473
WBGene00001577,45,312,357
WBGene00001578,23,116,139
WBGene00001579,124,2019,2143
WBGene00001580,108,1912,2020
WBGene00001581,0,190,190
WBGene00001582,530,2525,3055
WBGene00001583,40,773,813
WBGene00001584,361,1201,1562
WBGene00001585,107,1998,2105
WBGene00001586,87,179,266
WBGene00001587,166,281,447
WBGene00001588,43,389,432
WBGene00001589,455,1467,1922
WBGene00001590,43,1356,1399
WBGene00001591,1,22,23
WBGene00001592,63,433,496
WBGene00001593,47,168,215
WBGene00001594,185,2066,2251
WBGene00001595,5,251,256
WBGene00001596,218,4028,4246
WBGene00001597,15,198,213
WBGene00001598,81,2872,2953
WBGene00001599,5,224,229
WBGene00001600,0,204,204
WBGene00001601,66,651,717
WBGene00001602,63,1616,1679
WBGene00001603,1,22,23
WBGene00001604,127,20532,20659
WBGene00001606,29,582,611
WBGene00001607,8,153,161
WBGene00001608,2,20,22
WBGene00001609,29,505,534
WBGene00001612,24,123,147
WBGene00001613,388,562,950
WBGene00001614,47,155,202
WBGene00001615,289,525,814
WBGene00001616,47,535,582
WBGene00001617,424,686,1110
WBGene00001618,24,35,59
WBGene00001619,25,134,159
WBGene00001620,218,5215,5433
WBGene00001621,22,157,179
WBGene00001622,37,80,117
WBGene00001623,11,265,276
WBGene00001624,22,67,89
WBGene00001625,6,50,56
WBGene00001626,1,14,15
WBGene00001627,75,470,545
WBGene00001628,60,1582,1642
WBGene00001629,464,1763,2227
WBGene00001630,1133,2277,3410
WBGene00001631,399,2555,2954
WBGene00001632,86,2746,2832
WBGene00001633,219,1474,1693
WBGene00001635,117,2488,2605
WBGene00001636,208,1023,1231
WBGene00001637,133,1375,1508
WBGene00001638,45,756,801
WBGene00001639,74,65,139
WBGene00001640,25,14,39
WBGene00001641,1,1,2
WBGene00001642,0,0,0
WBGene00001643,64,355,419
WBGene00001644,12,37,49
WBGene00001645,122,1579,1701
WBGene00001646,0,1584,1584
WBGene00001647,1,367,368
WBGene00001648,601,17004,17605
WBGene00001649,273,3507,3780
WBGene00001650,748,4167,4915
WBGene00001651,421,2155,2576
WBGene00001653,205,1674,1879
WBGene00001660,62,937,999
WBGene00001661,160,2272,2432
WBGene00001662,128,4864,4992
WBGene00001663,634,850,1484
WBGene00001664,27,229,256
WBGene00001665,11,166,177
WBGene00001666,19,376,395
WBGene00001667,13,16,29
WBGene00001668,6,28,34
WBGene00001669,342,1714,2056
WBGene00001670,27,129,156
WBGene00001671,91,1773,1864
WBGene00001672,3,54,57
WBGene00001673,31,67,98
WBGene00001674,17,350,367
WBGene00001675,6,35,41
WBGene00001676,97,116,213
WBGene00001677,36,262,298
WBGene00001678,259,498,757
WBGene00001679,808,22481,23289
WBGene00001680,103,3366,3469
WBGene00001681,16,634,650
WBGene00001682,864,39186,40050
WBGene00001683,50,623,673
WBGene00001684,55,56534,56589
WBGene00001685,50,77589,77639
WBGene00001686,57,817,874
WBGene00001687,4,35,39
WBGene00001688,19,1058,1077
WBGene00001689,20,953,973
WBGene00001690,18,123,141
WBGene00001691,0,3,3
WBGene00001692,494,19173,19667
WBGene00001693,0,22,22
WBGene00001694,19,4017,4036
WBGene00001695,26,125,151
WBGene00001696,28,81,109
WBGene00001697,2,40,42
WBGene00001698,18,49,67
WBGene00001699,400,59061,59461
WBGene00001700,5,0,5
WBGene00001701,4,93,97
WBGene00001702,2525,23805,26330
WBGene00001703,61,591,652
WBGene00001704,10,131,141
WBGene00001705,12,106,118
WBGene00001707,170,322,492
WBGene00001708,536,3712,4248
WBGene00001709,107,1008,1115
WBGene00001710,29,194,223
WBGene00001711,1,96,97
WBGene00001712,4,12,16
WBGene00001713,16,3138,3154
WBGene00001714,4,346,350
WBGene00001715,0,8,8
WBGene00001716,35,270,305
WBGene00001717,2,149,151
WBGene00001718,1,44,45
WBGene00001719,18,527,545
WBGene00001720,2,7,9
WBGene00001721,17,301,318
WBGene00001722,11,9,20
WBGene00001723,26,41,67
WBGene00001724,34,446,480
WBGene00001725,8,998,1006
WBGene00001726,1,6,7
WBGene00001727,8,53,61
WBGene00001728,0,25,25
WBGene00001729,5,51,56
WBGene00001730,2,69,71
WBGene00001731,7,34,41
WBGene00001732,2,7,9
WBGene00001733,2,4,6
WBGene00001734,0,3,3
WBGene00001735,3,4,7
WBGene00001736,6,45,51
WBGene00001737,0,0,0
WBGene00001738,0,1,1
WBGene00001739,2,0,2
WBGene00001740,147,634,781
WBGene00001743,100,1182,1282
WBGene00001744,412,8218,8630
WBGene00001745,817,7169,7986
WBGene00001746,413,5686,6099
WBGene00001747,178,11054,11232
WBGene00001748,745,12411,13156
WBGene00001749,11,4613,4624
WBGene00001750,81,655,736
WBGene00001751,127,2589,2716
WBGene00001752,64,4809,4873
WBGene00001753,458,21036,21494
WBGene00001754,1,158,159
WBGene00001755,158,17108,17266
WBGene00001756,0,107,107
WBGene00001757,40,163,203
WBGene00001758,4,2514,2518
WBGene00001759,32,592,624
WBGene00001760,8,1331,1339
WBGene00001761,23,297,320
WBGene00001762,1,84,85
WBGene00001763,9,151,160
WBGene00001764,6,632,638
WBGene00001765,0,1,1
WBGene00001766,11,0,11
WBGene00001767,3,160,163
WBGene00001768,54,9039,9093
WBGene00001769,26,621,647
WBGene00001770,0,199,199
WBGene00001771,2,212,214
WBGene00001772,8,4530,4538
WBGene00001773,2,239,241
WBGene00001774,0,286,286
WBGene00001775,2,953,955
WBGene00001776,17,726,743
WBGene00001777,2,17,19
WBGene00001778,1,145,146
WBGene00001779,0,106,106
WBGene00001780,3,192,195
WBGene00001781,60,1489,1549
WBGene00001782,34,78,112
WBGene00001783,37,336,373
WBGene00001784,186,1885,2071
WBGene00001785,1,2,3
WBGene00001786,0,28,28
WBGene00001787,1,2386,2387
WBGene00001788,58,579,637
WBGene00001789,3,432,435
WBGene00001790,72,1627,1699
WBGene00001791,289,1968,2257
WBGene00001792,9,66,75
WBGene00001793,1416,6508,7924
WBGene00001794,4638,49837,54475
WBGene00001795,8,61,69
WBGene00001796,43,182,225
WBGene00001803,25,301,326
WBGene00001804,29,51,80
WBGene00001805,88,677,765
WBGene00001806,38,142,180
WBGene00001808,622,4799,5421
WBGene00001811,29,268,297
WBGene00001812,88,1524,1612
WBGene00001813,341,2294,2635
WBGene00001814,26,219,245
WBGene00001815,196,810,1006
WBGene00001816,344,1241,1585
WBGene00001817,33,1034,1067
WBGene00001818,8,2,10
WBGene00001819,30,201,231
WBGene00001820,36,1487,1523
WBGene00001821,93,866,959
WBGene00001823,142,2104,2246
WBGene00001824,115,3988,4103
WBGene00001827,131,2530,2661
WBGene00001828,1,3,4
WBGene00001829,40,1447,1487
WBGene00001830,23,1298,1321
WBGene00001831,14,1819,1833
WBGene00001832,186,1722,1908
WBGene00001833,201,2979,3180
WBGene00001834,19,4198,4217
WBGene00001835,7,939,946
WBGene00001836,141,1632,1773
WBGene00001837,1140,1620,2760
WBGene00001838,117,488,605
WBGene00001839,64,131,195
WBGene00001840,989,24301,25290
WBGene00001841,13,411,424
WBGene00001842,5,89,94
WBGene00001843,402,2455,2857
WBGene00001844,64,1659,1723
WBGene00001851,578,13298,13876
WBGene00001852,66,124,190
WBGene00001853,232,49321,49553
WBGene00001854,101,25538,25639
WBGene00001855,18,6704,6722
WBGene00001856,6,7127,7133
WBGene00001857,0,128,128
WBGene00001858,0,12865,12865
WBGene00001859,15,6,21
WBGene00001860,147,4471,4618
WBGene00001862,16,229,245
WBGene00001863,1600,16922,18522
WBGene00001864,177,933,1110
WBGene00001865,39,391,430
WBGene00001867,39,566,605
WBGene00001869,17,1462,1479
WBGene00001872,56,106,162
WBGene00001874,39,1369,1408
WBGene00001875,0,2961,2961
WBGene00001876,0,1600,1600
WBGene00001877,0,5048,5048
WBGene00001878,0,1807,1807
WBGene00001879,0,3227,3227
WBGene00001880,0,2448,2448
WBGene00001881,0,1695,1695
WBGene00001882,0,809,809
WBGene00001883,0,247,247
WBGene00001884,0,0,0
WBGene00001885,0,2390,2390
WBGene00001886,0,0,0
WBGene00001887,0,0,0
WBGene00001888,0,0,0
WBGene00001889,0,0,0
WBGene00001890,0,196,196
WBGene00001891,0,227,227
WBGene00001892,0,3526,3526
WBGene00001893,0,0,0
WBGene00001894,0,0,0
WBGene00001895,0,0,0
WBGene00001896,0,0,0
WBGene00001898,67,92827,92894
WBGene00001899,0,669,669
WBGene00001900,0,0,0
WBGene00001901,0,0,0
WBGene00001902,0,0,0
WBGene00001903,0,0,0
WBGene00001904,0,2,2
WBGene00001905,0,726,726
WBGene00001906,0,6245,6245
WBGene00001907,0,0,0
WBGene00001908,0,2,2
WBGene00001909,1907,49724,51631
WBGene00001910,444,24728,25172
WBGene00001911,1213,75776,76989
WBGene00001912,0,223,223
WBGene00001913,0,14,14
WBGene00001914,0,262,262
WBGene00001915,1045,56067,57112
WBGene00001916,0,133,133
WBGene00001917,0,0,0
WBGene00001918,0,0,0
WBGene00001919,0,31,31
WBGene00001920,0,0,0
WBGene00001921,0,59,59
WBGene00001922,0,1467,1467
WBGene00001923,0,0,0
WBGene00001924,0,0,0
WBGene00001925,0,0,0
WBGene00001926,0,0,0
WBGene00001927,0,0,0
WBGene00001928,0,366,366
WBGene00001929,0,26,26
WBGene00001930,0,0,0
WBGene00001931,37,124,161
WBGene00001932,0,28,28
WBGene00001933,0,5729,5729
WBGene00001934,0,9844,9844
WBGene00001935,0,2498,2498
WBGene00001936,0,3672,3672
WBGene00001937,0,1082,1082
WBGene00001938,0,7179,7179
WBGene00001939,0,104,104
WBGene00001940,0,91,91
WBGene00001941,0,1068,1068
WBGene00001942,0,3295,3295
WBGene00001943,0,21,21
WBGene00001944,0,22,22
WBGene00001945,128,10527,10655
WBGene00001946,902,63164,64066
WBGene00001947,0,166,166
WBGene00001948,664,3921,4585
WBGene00001949,31,2388,2419
WBGene00001950,14,2197,2211
WBGene00001951,53,701,754
WBGene00001952,32,696,728
WBGene00001953,34,230,264
WBGene00001954,6,107,113
WBGene00001955,234,8614,8848
WBGene00001956,0,7,7
WBGene00001957,50,484,534
WBGene00001958,13,1296,1309
WBGene00001959,9,169,178
WBGene00001960,14,275,289
WBGene00001961,22,212,234
WBGene00001962,4,11,15
WBGene00001964,0,0,0
WBGene00001965,0,3,3
WBGene00001966,0,29,29
WBGene00001967,0,0,0
WBGene00001968,0,4,4
WBGene00001971,214,57616,57830
WBGene00001972,642,15398,16040
WBGene00001973,4,591,595
WBGene00001974,82,6632,6714
WBGene00001975,84,2397,2481
WBGene00001976,66,27029,27095
WBGene00001977,2,2396,2398
WBGene00001978,363,3798,4161
WBGene00001979,76,1704,1780
WBGene00001980,2338,6079,8417
WBGene00001981,0,29,29
WBGene00001983,115,1400,1515
WBGene00001984,185,838,1023
WBGene00001985,7,62,69
WBGene00001986,178,1574,1752
WBGene00001987,662,576,1238
WBGene00001988,54,1032,1086
WBGene00001989,64,667,731
WBGene00001990,101,2328,2429
WBGene00001991,27,337,364
WBGene00001992,19,316,335
WBGene00001993,30,2853,2883
WBGene00001994,271,7302,7573
WBGene00001995,79,1827,1906
WBGene00001996,577,1882,2459
WBGene00001997,200,386,586
WBGene00001998,24,264,288
WBGene00001999,100,28358,28458
WBGene00002000,429,18421,18850
WBGene00002001,446,5928,6374
WBGene00002002,85,5169,5254
WBGene00002003,97,624,721
WBGene00002004,543,1630,2173
WBGene00002005,539,111618,112157
WBGene00002007,983,51642,52625
WBGene00002008,314,3415,3729
WBGene00002010,82,19210,19292
WBGene00002011,307,5534,5841
WBGene00002012,4,392,396
WBGene00002013,34,84,118
WBGene00002015,0,0,0
WBGene00002016,36,8635,8671
WBGene00002017,0,2710,2710
WBGene00002018,36,7464,7500
WBGene00002019,0,50134,50134
WBGene00002020,0,0,0
WBGene00002021,61,722,783
WBGene00002023,804,25865,26669
WBGene00002024,52,761,813
WBGene00002025,1299,68389,69688
WBGene00002026,12,545,557
WBGene00002027,288,8842,9130
WBGene00002028,19,629,648
WBGene00002029,26,331,357
WBGene00002030,68,347,415
WBGene00002031,82,694,776
WBGene00002032,12,337,349
WBGene00002033,5,71,76
WBGene00002034,7,287,294
WBGene00002035,294,1805,2099
WBGene00002036,283,1953,2236
WBGene00002037,111,740,851
WBGene00002038,273,1517,1790
WBGene00002039,124,1299,1423
WBGene00002040,409,3144,3553
WBGene00002041,19,109,128
WBGene00002042,49,457,506
WBGene00002043,117,470,587
WBGene00002044,55,2087,2142
WBGene00002045,9132,161356,170488
WBGene00002046,268,3217,3485
WBGene00002047,76,2497,2573
WBGene00002048,639,3626,4265
WBGene00002050,168,1275,1443
WBGene00002051,0,36,36
WBGene00002052,40,640,680
WBGene00002053,262,7876,8138
WBGene00002054,12,471,483
WBGene00002055,2,160,162
WBGene00002056,187,649,836
WBGene00002057,12,81,93
WBGene00002058,9,119,128
WBGene00002059,181,5346,5527
WBGene00002060,121,10909,11030
WBGene00002061,26,2966,2992
WBGene00002062,69,1932,2001
WBGene00002063,91,368,459
WBGene00002064,1180,10583,11763
WBGene00002065,1160,205869,207029
WBGene00002066,768,17821,18589
WBGene00002067,22,200,222
WBGene00002068,13,1243,1256
WBGene00002069,528,3755,4283
WBGene00002070,135,4265,4400
WBGene00002071,65,4963,5028
WBGene00002072,33,820,853
WBGene00002073,11,2800,2811
WBGene00002074,169,9100,9269
WBGene00002075,178,2444,2622
WBGene00002076,513,1776,2289
WBGene00002077,414,18538,18952
WBGene00002078,460,6576,7036
WBGene00002079,39,1602,1641
WBGene00002080,289,2770,3059
WBGene00002081,45,1388,1433
WBGene00002083,169,36172,36341
WBGene00002084,20,956,976
WBGene00002085,0,13,13
WBGene00002086,16,445,461
WBGene00002087,4,49,53
WBGene00002088,12,241,253
WBGene00002089,19,388,407
WBGene00002090,0,1,1
WBGene00002091,1,2,3
WBGene00002092,9,72,81
WBGene00002093,13,160,173
WBGene00002094,5,15,20
WBGene00002095,15,32,47
WBGene00002096,376,25,401
WBGene00002097,17,331,348
WBGene00002098,6,25,31
WBGene00002099,1,16,17
WBGene00002100,49,4118,4167
WBGene00002101,178,1117,1295
WBGene00002102,5,20,25
WBGene00002103,2,5,7
WBGene00002104,12,20,32
WBGene00002105,26,506,532
WBGene00002106,0,1,1
WBGene00002107,17,125,142
WBGene00002108,45,13,58
WBGene00002109,105,1435,1540
WBGene00002110,2215,14291,16506
WBGene00002111,83,819,902
WBGene00002112,35,268,303
WBGene00002113,40,1493,1533
WBGene00002114,4,73,77
WBGene00002115,0,6,6
WBGene00002116,109,338,447
WBGene00002117,2,25,27
WBGene00002118,7,113,120
WBGene00002119,44,45,89
WBGene00002120,1,204,205
WBGene00002121,0,2,2
WBGene00002123,905,3499,4404
WBGene00002124,3,92,95
WBGene00002125,2,604,606
WBGene00002127,43,5482,5525
WBGene00002128,31,269,300
WBGene00002129,61,1610,1671
WBGene00002130,3,51,54
WBGene00002131,6,59,65
WBGene00002132,50,935,985
WBGene00002133,172,486,658
WBGene00002134,295,11057,11352
WBGene00002135,230,9747,9977
WBGene00002136,33,219,252
WBGene00002137,7,66,73
WBGene00002138,2,23,25
WBGene00002139,0,23,23
WBGene00002140,370,1470,1840
WBGene00002141,106,79,185
WBGene00002142,15,64,79
WBGene00002143,36,153,189
WBGene00002144,7,61,68
WBGene00002146,118,1302,1420
WBGene00002147,429,1143,1572
WBGene00002148,147,2007,2154
WBGene00002149,52,182,234
WBGene00002150,176,317,493
WBGene00002151,180,557,737
WBGene00002152,387,10295,10682
WBGene00002153,65,1677,1742
WBGene00002162,3250,57272,60522
WBGene00002163,294,815,1109
WBGene00002169,515,3880,4395
WBGene00002173,221,1197,1418
WBGene00002174,27,218,245
WBGene00002175,721,1988,2709
WBGene00002176,775,1157,1932
WBGene00002177,45,240,285
WBGene00002178,137,1414,1551
WBGene00002179,594,8361,8955
WBGene00002180,10,1002,1012
WBGene00002181,140,396,536
WBGene00002182,152,395,547
WBGene00002183,1453,28709,30162
WBGene00002184,519,927,1446
WBGene00002185,1555,2264,3819
WBGene00002186,0,4,4
WBGene00002187,501,3033,3534
WBGene00002188,6,2,8
WBGene00002189,3562,11290,14852
WBGene00002190,1008,17598,18606
WBGene00002191,2200,19082,21282
WBGene00002192,364,1691,2055
WBGene00002193,3,6,9
WBGene00002194,117,409,526
WBGene00002195,45,341,386
WBGene00002196,157,8447,8604
WBGene00002198,235,362,597
WBGene00002199,40,435,475
WBGene00002200,52,347,399
WBGene00002201,97,2289,2386
WBGene00002202,431,22396,22827
WBGene00002203,484,3918,4402
WBGene00002204,0,0,0
WBGene00002205,19,52,71
WBGene00002206,2,4,6
WBGene00002207,129,761,890
WBGene00002208,4,6,10
WBGene00002210,585,2920,3505
WBGene00002211,15,151,166
WBGene00002213,127,1189,1316
WBGene00002214,35,1203,1238
WBGene00002215,1176,7592,8768
WBGene00002216,205,3876,4081
WBGene00002217,163,2335,2498
WBGene00002218,20,87,107
WBGene00002219,143,1554,1697
WBGene00002220,139,1395,1534
WBGene00002222,1361,4663,6024
WBGene00002223,2101,4414,6515
WBGene00002224,179,161,340
WBGene00002225,3,582,585
WBGene00002226,2,1455,1457
WBGene00002227,13,12,25
WBGene00002228,45,888,933
WBGene00002229,91,1911,2002
WBGene00002230,313,613,926
WBGene00002231,41,1845,1886
WBGene00002232,226,2807,3033
WBGene00002233,49,295,344
WBGene00002234,2,14,16
WBGene00002235,47,79,126
WBGene00002238,33,18452,18485
WBGene00002239,114,764,878
WBGene00002240,399,576,975
WBGene00002241,712,2850,3562
WBGene00002242,202,306,508
WBGene00002243,138,290,428
WBGene00002244,373,9580,9953
WBGene00002245,399,1400,1799
WBGene00002246,3,879,882
WBGene00002247,449,14656,15105
WBGene00002248,9,91,100
WBGene00002249,57,2768,2825
WBGene00002250,30,4610,4640
WBGene00002251,205,1281,1486
WBGene00002252,114,195,309
WBGene00002253,1626,9324,10950
WBGene00002254,13746,164010,177756
WBGene00002255,2922,31159,34081
WBGene00002256,96,5355,5451
WBGene00002257,390,7751,8141
WBGene00002258,263,9012,9275
WBGene00002259,9,497,506
WBGene00002260,3,50,53
WBGene00002261,659,4205,4864
WBGene00002262,2164,43004,45168
WBGene00002263,592,7678,8270
WBGene00002264,398,15102,15500
WBGene00002265,1152,17194,18346
WBGene00002266,659,12267,12926
WBGene00002267,490,13645,14135
WBGene00002268,2067,25300,27367
WBGene00002269,330,6655,6985
WBGene00002270,1,68,69
WBGene00002271,40,2502,2542
WBGene00002272,93,2343,2436
WBGene00002273,19,4133,4152
WBGene00002274,9,223,232
WBGene00002275,21,879,900
WBGene00002276,29,910,939
WBGene00002278,686,2395,3081
WBGene00002280,5707,109385,115092
WBGene00002282,113,1636,1749
WBGene00002295,364,10077,10441
WBGene00002297,154,772,926
WBGene00002299,118,1010,1128
WBGene00002324,26,1206,1232
WBGene00002335,208,9587,9795
WBGene00002344,479,39357,39836
WBGene00002348,24,2451,2475
WBGene00002363,233,11056,11289
WBGene00002368,16,292,308
WBGene00002393,40,2011,2051
WBGene00002497,982,5217,6199
WBGene00002583,520,4501,5021
WBGene00002601,260,1235,1495
WBGene00002632,75,1655,1730
WBGene00002637,284,14712,14996
WBGene00002694,43,2146,2189
WBGene00002696,156,5080,5236
WBGene00002717,984,9163,10147
WBGene00002783,1822,8738,10560
WBGene00002804,50,3640,3690
WBGene00002827,191,3345,3536
WBGene00002845,262,4925,5187
WBGene00002850,491,10665,11156
WBGene00002855,157,11198,11355
WBGene00002879,404,12803,13207
WBGene00002881,769,7714,8483
WBGene00002889,416,3168,3584
WBGene00002891,69,4036,4105
WBGene00002915,215,4920,5135
WBGene00002957,225,5215,5440
WBGene00002974,389,1918,2307
WBGene00002975,62,494,556
WBGene00002976,360,2007,2367
WBGene00002977,399,2181,2580
WBGene00002978,2412,284886,287298
WBGene00002979,331,1123,1454
WBGene00002980,195,42048,42243
WBGene00002981,263,9626,9889
WBGene00002982,109,1204,1313
WBGene00002983,45,272,317
WBGene00002985,129,2284,2413
WBGene00002986,126,1436,1562
WBGene00002987,35,143,178
WBGene00002988,68,608,676
WBGene00002989,326,1021,1347
WBGene00002990,962,2772,3734
WBGene00002991,419,2335,2754
WBGene00002992,68,643,711
WBGene00002994,56,4307,4363
WBGene00002996,94,860,954
WBGene00002997,68,846,914
WBGene00002998,127,1847,1974
WBGene00002999,735,3832,4567
WBGene00003000,53,367,420
WBGene00003001,158,599,757
WBGene00003002,864,6707,7571
WBGene00003003,1344,2174,3518
WBGene00003006,284,561,845
WBGene00003007,228,1458,1686
WBGene00003008,75,173,248
WBGene00003009,121,2503,2624
WBGene00003010,603,4000,4603
WBGene00003011,194,2234,2428
WBGene00003012,235,2764,2999
WBGene00003014,450,8089,8539
WBGene00003015,90,125,215
WBGene00003017,41,308,349
WBGene00003018,28,800,828
WBGene00003019,283,5275,5558
WBGene00003020,393,2097,2490
WBGene00003021,210,2796,3006
WBGene00003022,112,847,959
WBGene00003024,438,4739,5177
WBGene00003025,446,9354,9800
WBGene00003026,166,3772,3938
WBGene00003029,13,326,339
WBGene00003030,353,2094,2447
WBGene00003031,36,393,429
WBGene00003033,10,144,154
WBGene00003034,224,2107,2331
WBGene00003035,100,1182,1282
WBGene00003036,14,9212,9226
WBGene00003037,40,1224,1264
WBGene00003038,14,731,745
WBGene00003040,353,4814,5167
WBGene00003041,159,2213,2372
WBGene00003043,124,1636,1760
WBGene00003044,358,2869,3227
WBGene00003045,307,1719,2026
WBGene00003046,40,374,414
WBGene00003047,459,3363,3822
WBGene00003048,3597,6517,10114
WBGene00003052,202,19365,19567
WBGene00003053,30,6277,6307
WBGene00003055,122,4000,4122
WBGene00003056,142,716,858
WBGene00003057,108,2218,2326
WBGene00003058,1,2,3
WBGene00003059,175,1917,2092
WBGene00003060,1169,3815,4984
WBGene00003061,828,24333,25161
WBGene00003062,74,7821,7895
WBGene00003063,188,15495,15683
WBGene00003064,13,1980,1993
WBGene00003065,319,15066,15385
WBGene00003066,247,4722,4969
WBGene00003068,222,1912,2134
WBGene00003071,305,6594,6899
WBGene00003072,387,6402,6789
WBGene00003073,279,11739,12018
WBGene00003074,150,2238,2388
WBGene00003075,17,31,48
WBGene00003076,205,4232,4437
WBGene00003077,54,2637,2691
WBGene00003078,79,6303,6382
WBGene00003079,0,9964,9964
WBGene00003080,299,5443,5742
WBGene00003081,627,5817,6444
WBGene00003082,191,2912,3103
WBGene00003083,19,704,723
WBGene00003084,134,2084,2218
WBGene00003085,374,11823,12197
WBGene00003086,600,1987,2587
WBGene00003087,107,3422,3529
WBGene00003089,155,2474,2629
WBGene00003090,1,698,699
WBGene00003091,0,328,328
WBGene00003092,0,99,99
WBGene00003093,5,123,128
WBGene00003094,3,12,15
WBGene00003095,1,4,5
WBGene00003096,2,62,64
WBGene00003097,8,1613,1621
WBGene00003098,0,2,2
WBGene00003099,0,3,3
WBGene00003100,24,23,47
WBGene00003102,191,962,1153
WBGene00003104,25,79,104
WBGene00003106,30,200,230
WBGene00003107,75,134,209
WBGene00003111,236,2746,2982
WBGene00003112,182,1739,1921
WBGene00003114,212,335,547
WBGene00003119,816,2479,3295
WBGene00003123,93,16420,16513
WBGene00003124,360,3709,4069
WBGene00003129,374,2248,2622
WBGene00003130,897,4814,5711
WBGene00003132,94,2276,2370
WBGene00003133,193,1875,2068
WBGene00003134,80,1084,1164
WBGene00003136,108,971,1079
WBGene00003142,183,1617,1800
WBGene00003143,333,3736,4069
WBGene00003144,688,3826,4514
WBGene00003148,54,14748,14802
WBGene00003149,419,2872,3291
WBGene00003150,984,8968,9952
WBGene00003151,69,980,1049
WBGene00003153,5655,24931,30586
WBGene00003154,56,2276,2332
WBGene00003155,35,2658,2693
WBGene00003156,35,3489,3524
WBGene00003157,37,3425,3462
WBGene00003158,49,2875,2924
WBGene00003159,17,3178,3195
WBGene00003160,236,4685,4921
WBGene00003161,340,2264,2604
WBGene00003162,140,43898,44038
WBGene00003163,140,7242,7382
WBGene00003164,26,585,611
WBGene00003165,61,464,525
WBGene00003166,882,949,1831
WBGene00003167,63,503,566
WBGene00003168,90,259,349
WBGene00003169,792,10110,10902
WBGene00003170,177,836,1013
WBGene00003171,299,7917,8216
WBGene00003172,429,3522,3951
WBGene00003173,71,367,438
WBGene00003174,21,93,114
WBGene00003175,245,5652,5897
WBGene00003176,5,42,47
WBGene00003177,135,948,1083
WBGene00003178,47,4622,4669
WBGene00003179,88,607,695
WBGene00003180,8,5,13
WBGene00003181,0,35,35
WBGene00003182,537,3940,4477
WBGene00003183,10,1423,1433
WBGene00003184,7,326,333
WBGene00003185,6,2106,2112
WBGene00003186,170,3372,3542
WBGene00003196,412,2210,2622
WBGene00003209,517,2079,2596
WBGene00003210,218,3030,3248
WBGene00003214,175,3771,3946
WBGene00003216,2,178,180
WBGene00003218,99,5570,5669
WBGene00003219,0,23,23
WBGene00003220,118,848,966
WBGene00003221,424,1645,2069
WBGene00003222,88,1433,1521
WBGene00003224,30,251,281
WBGene00003225,966,25765,26731
WBGene00003228,16,70,86
WBGene00003229,243,2550,2793
WBGene00003230,4,144,148
WBGene00003231,1,53,54
WBGene00003232,65,204,269
WBGene00003233,91,320,411
WBGene00003234,469,4318,4787
WBGene00003235,754,5783,6537
WBGene00003236,4,546,550
WBGene00003237,241,1618,1859
WBGene00003238,282,2295,2577
WBGene00003239,114,4827,4941
WBGene00003241,185,2186,2371
WBGene00003242,4453,40417,44870
WBGene00003243,698,4200,4898
WBGene00003245,15,770,785
WBGene00003246,278,943,1221
WBGene00003247,628,8054,8682
WBGene00003248,143,803,946
WBGene00003249,406,9230,9636
WBGene00003252,21,60,81
WBGene00003253,52,2716,2768
WBGene00003254,74,1035,1109
WBGene00003258,1060,632,1692
WBGene00003367,908,10310,11218
WBGene00003368,77,1391,1468
WBGene00003369,835,102627,103462
WBGene00003370,40434,294524,334958
WBGene00003371,1168,538453,539621
WBGene00003372,664,10676,11340
WBGene00003373,47,361,408
WBGene00003374,376,1145,1521
WBGene00003375,1187,21196,22383
WBGene00003376,45,221,266
WBGene00003377,11,214,225
WBGene00003378,674,3907,4581
WBGene00003380,46,559,605
WBGene00003384,19,571,590
WBGene00003385,169,1618,1787
WBGene00003386,118,707,825
WBGene00003387,280,117,397
WBGene00003388,31,413,444
WBGene00003389,113,3847,3960
WBGene00003390,25,2673,2698
WBGene00003391,1339,9363,10702
WBGene00003392,165,2975,3140
WBGene00003393,260,5399,5659
WBGene00003394,14,135,149
WBGene00003395,4,148,152
WBGene00003396,266,1243,1509
WBGene00003397,135,1346,1481
WBGene00003400,440,1335,1775
WBGene00003401,530,4110,4640
WBGene00003402,63,345,408
WBGene00003403,39,107,146
WBGene00003404,1773,6857,8630
WBGene00003405,52,1391,1443
WBGene00003406,91,4417,4508
WBGene00003407,901,5244,6145
WBGene00003408,231,1366,1597
WBGene00003409,24,196,220
WBGene00003410,0,27,27
WBGene00003411,142,978,1120
WBGene00003412,156,1056,1212
WBGene00003413,737,575,1312
WBGene00003414,259,234,493
WBGene00003415,304,17150,17454
WBGene00003417,95,818,913
WBGene00003418,69,856,925
WBGene00003421,73,351,424
WBGene00003422,121,1675,1796
WBGene00003423,1679,3047,4726
WBGene00003424,0,3,3
WBGene00003425,0,0,0
WBGene00003426,0,4,4
WBGene00003429,0,0,0
WBGene00003430,0,0,0
WBGene00003431,0,22,22
WBGene00003432,0,13,13
WBGene00003434,0,1,1
WBGene00003435,0,63,63
WBGene00003438,0,0,0
WBGene00003442,0,131,131
WBGene00003443,0,551,551
WBGene00003444,0,36,36
WBGene00003446,0,0,0
WBGene00003448,0,6,6
WBGene00003449,0,2,2
WBGene00003450,0,23,23
WBGene00003451,0,1,1
WBGene00003452,0,1,1
WBGene00003456,0,0,0
WBGene00003457,0,2,2
WBGene00003458,0,24,24
WBGene00003462,0,13,13
WBGene00003463,0,5,5
WBGene00003464,0,0,0
WBGene00003465,0,3,3
WBGene00003466,0,0,0
WBGene00003467,0,1,1
WBGene00003468,0,0,0
WBGene00003469,0,0,0
WBGene00003470,0,2,2
WBGene00003471,48,529,577
WBGene00003472,265,2330,2595
WBGene00003473,0,58,58
WBGene00003474,12,171,183
WBGene00003475,319,1380,1699
WBGene00003476,1684,5495,7179
WBGene00003477,84,1108,1192
WBGene00003478,512,1152,1664
WBGene00003479,304,1363,1667
WBGene00003480,28,314,342
WBGene00003482,538,5575,6113
WBGene00003485,506,5310,5816
WBGene00003495,1409,177465,178874
WBGene00003497,122,2374,2496
WBGene00003499,18,177,195
WBGene00003504,10,875,885
WBGene00003507,2,247,249
WBGene00003508,147,1253,1400
WBGene00003509,37,854,891
WBGene00003510,218,2047,2265
WBGene00003511,89,10980,11069
WBGene00003514,77,4121,4198
WBGene00003515,381,23277,23658
WBGene00003516,193,2919,3112
WBGene00003517,40,570,610
WBGene00003518,23,74,97
WBGene00003519,329,7752,8081
WBGene00003520,29,36,65
WBGene00003521,0,0,0
WBGene00003522,79,1523,1602
WBGene00003523,135,784,919
WBGene00003524,13,138,151
WBGene00003525,32,117,149
WBGene00003526,22,124,146
WBGene00003527,37,273,310
WBGene00003528,8,133,141
WBGene00003529,20,7,27
WBGene00003530,67,510,577
WBGene00003531,13,158,171
WBGene00003532,8,83,91
WBGene00003533,10,49,59
WBGene00003534,4,82,86
WBGene00003535,0,1,1
WBGene00003536,0,2,2
WBGene00003537,0,0,0
WBGene00003538,0,0,0
WBGene00003539,2,3,5
WBGene00003540,1,6,7
WBGene00003541,14,0,14
WBGene00003542,5,52,57
WBGene00003543,9,13,22
WBGene00003544,35,150,185
WBGene00003545,22,7,29
WBGene00003546,22,138,160
WBGene00003547,8,31,39
WBGene00003548,26,71,97
WBGene00003549,82,1577,1659
WBGene00003550,720,2917,3637
WBGene00003551,10,56,66
WBGene00003552,257,531,788
WBGene00003553,197,875,1072
WBGene00003554,26,75,101
WBGene00003555,393,535,928
WBGene00003558,177,418,595
WBGene00003559,1964,12354,14318
WBGene00003561,324,507,831
WBGene00003562,11,105,116
WBGene00003563,29,225,254
WBGene00003564,76,8515,8591
WBGene00003565,387,3929,4316
WBGene00003566,367,3206,3573
WBGene00003567,797,13952,14749
WBGene00003568,160,2302,2462
WBGene00003569,115,1740,1855
WBGene00003570,8,78,86
WBGene00003571,13,7,20
WBGene00003572,13,68,81
WBGene00003573,9,114,123
WBGene00003574,3,4,7
WBGene00003575,2,38,40
WBGene00003576,206,2270,2476
WBGene00003577,46,231,277
WBGene00003578,434,3805,4239
WBGene00003579,7,640,647
WBGene00003580,53,765,818
WBGene00003581,99,2037,2136
WBGene00003582,531,1647,2178
WBGene00003583,48,923,971
WBGene00003584,161,1266,1427
WBGene00003585,50,97,147
WBGene00003586,33,674,707
WBGene00003587,279,11773,12052
WBGene00003588,14,8914,8928
WBGene00003589,284,2440,2724
WBGene00003590,77,489,566
WBGene00003591,129,1646,1775
WBGene00003592,384,3518,3902
WBGene00003593,221,2022,2243
WBGene00003594,308,1527,1835
WBGene00003595,1,24,25
WBGene00003596,651,12177,12828
WBGene00003597,1048,3901,4949
WBGene00003598,99,2276,2375
WBGene00003599,319,1653,1972
WBGene00003600,1864,6257,8121
WBGene00003601,10,126,136
WBGene00003602,47,1272,1319
WBGene00003603,128,1541,1669
WBGene00003604,67,390,457
WBGene00003605,135,940,1075
WBGene00003606,288,1261,1549
WBGene00003607,23,74,97
WBGene00003608,1,16,17
WBGene00003609,399,2550,2949
WBGene00003610,125,469,594
WBGene00003611,170,1408,1578
WBGene00003612,110,387,497
WBGene00003613,35,728,763
WBGene00003614,79,729,808
WBGene00003615,4,72,76
WBGene00003616,339,1072,1411
WBGene00003617,3,213,216
WBGene00003618,813,5126,5939
WBGene00003619,240,2746,2986
WBGene00003620,611,1444,2055
WBGene00003621,99,543,642
WBGene00003622,423,2368,2791
WBGene00003623,70,1239,1309
WBGene00003624,114,1386,1500
WBGene00003625,246,2471,2717
WBGene00003626,343,1574,1917
WBGene00003627,1072,2554,3626
WBGene00003628,353,1466,1819
WBGene00003629,3,3,6
WBGene00003630,1778,4440,6218
WBGene00003632,146,1379,1525
WBGene00003633,52,983,1035
WBGene00003634,98,649,747
WBGene00003635,46,928,974
WBGene00003636,644,2757,3401
WBGene00003637,313,2285,2598
WBGene00003638,131,1502,1633
WBGene00003639,312,4654,4966
WBGene00003640,245,929,1174
WBGene00003641,0,15,15
WBGene00003642,6,16,22
WBGene00003643,6,27,33
WBGene00003644,9,140,149
WBGene00003645,13,160,173
WBGene00003646,78,661,739
WBGene00003647,118,465,583
WBGene00003648,28,736,764
WBGene00003649,50,386,436
WBGene00003650,32,154,186
WBGene00003651,290,1121,1411
WBGene00003652,129,594,723
WBGene00003653,51,647,698
WBGene00003654,368,577,945
WBGene00003655,69,518,587
WBGene00003656,297,2028,2325
WBGene00003657,43,621,664
WBGene00003658,315,4383,4698
WBGene00003659,28,575,603
WBGene00003660,114,1207,1321
WBGene00003661,151,1211,1362
WBGene00003662,4,4,8
WBGene00003663,1,475,476
WBGene00003664,780,2216,2996
WBGene00003667,1,9,10
WBGene00003668,474,912,1386
WBGene00003669,17,64,81
WBGene00003670,14,214,228
WBGene00003671,0,0,0
WBGene00003672,1,8,9
WBGene00003674,90,1080,1170
WBGene00003675,456,1421,1877
WBGene00003676,365,1106,1471
WBGene00003677,235,1623,1858
WBGene00003678,387,3355,3742
WBGene00003679,0,1,1
WBGene00003680,18,205,223
WBGene00003681,333,3207,3540
WBGene00003682,16,11,27
WBGene00003683,11,74,85
WBGene00003684,30,287,317
WBGene00003685,135,998,1133
WBGene00003686,7,146,153
WBGene00003687,417,9004,9421
WBGene00003688,101,580,681
WBGene00003689,6,24,30
WBGene00003690,200,2067,2267
WBGene00003691,803,3140,3943
WBGene00003692,37,279,316
WBGene00003693,3,157,160
WBGene00003694,235,788,1023
WBGene00003695,757,5331,6088
WBGene00003696,4,9,13
WBGene00003697,53,422,475
WBGene00003698,4,30,34
WBGene00003699,15,179,194
WBGene00003700,4,37,41
WBGene00003701,6,17,23
WBGene00003702,25,395,420
WBGene00003703,145,1097,1242
WBGene00003704,657,3518,4175
WBGene00003705,23,100,123
WBGene00003706,20,155,175
WBGene00003707,39,388,427
WBGene00003708,3,1,4
WBGene00003709,69,177,246
WBGene00003710,100,510,610
WBGene00003711,9,13,22
WBGene00003712,72,392,464
WBGene00003713,13,117,130
WBGene00003714,16,31,47
WBGene00003715,346,375,721
WBGene00003716,10,83,93
WBGene00003717,14,219,233
WBGene00003718,40,158,198
WBGene00003719,52,437,489
WBGene00003720,29,132,161
WBGene00003721,30,309,339
WBGene00003722,64,595,659
WBGene00003723,10,561,571
WBGene00003724,29,577,606
WBGene00003725,138,448,586
WBGene00003726,106,1310,1416
WBGene00003727,352,578,930
WBGene00003728,662,2384,3046
WBGene00003729,27,172,199
WBGene00003730,9,47,56
WBGene00003731,44,118,162
WBGene00003732,65,656,721
WBGene00003733,54,495,549
WBGene00003734,0,0,0
WBGene00003735,341,777,1118
WBGene00003736,64,208,272
WBGene00003738,44,1139,1183
WBGene00003739,66,971,1037
WBGene00003740,7,380,387
WBGene00003741,11,2672,2683
WBGene00003742,1,96,97
WBGene00003743,171,715,886
WBGene00003744,122,2988,3110
WBGene00003745,51,1610,1661
WBGene00003746,20,1788,1808
WBGene00003747,25,1283,1308
WBGene00003748,167,4056,4223
WBGene00003749,160,4017,4177
WBGene00003750,331,3427,3758
WBGene00003751,26,3050,3076
WBGene00003752,26,1700,1726
WBGene00003753,567,3983,4550
WBGene00003754,76,1846,1922
WBGene00003755,58,4372,4430
WBGene00003756,328,12464,12792
WBGene00003757,23,688,711
WBGene00003758,106,1311,1417
WBGene00003759,530,3909,4439
WBGene00003760,18,9,27
WBGene00003761,0,71,71
WBGene00003762,862,9210,10072
WBGene00003763,38,96,134
WBGene00003764,122,1434,1556
WBGene00003765,298,4440,4738
WBGene00003766,33,601,634
WBGene00003767,279,6427,6706
WBGene00003768,60,774,834
WBGene00003769,211,3434,3645
WBGene00003770,4,31,35
WBGene00003771,2493,15206,17699
WBGene00003772,155,597,752
WBGene00003773,79,652,731
WBGene00003774,12,78,90
WBGene00003775,65,142,207
WBGene00003776,618,8535,9153
WBGene00003777,264,8307,8571
WBGene00003778,22,32,54
WBGene00003779,21,316,337
WBGene00003783,2,116,118
WBGene00003784,0,26,26
WBGene00003785,107,2281,2388
WBGene00003786,108,790,898
WBGene00003787,73,1969,2042
WBGene00003788,342,3153,3495
WBGene00003789,228,3220,3448
WBGene00003790,57,1654,1711
WBGene00003791,34,2277,2311
WBGene00003792,209,3033,3242
WBGene00003793,95,3769,3864
WBGene00003794,691,3146,3837
WBGene00003795,42,5365,5407
WBGene00003796,131,4335,4466
WBGene00003797,134,2676,2810
WBGene00003798,97,3795,3892
WBGene00003799,664,3654,4318
WBGene00003800,41,3419,3460
WBGene00003801,45,1919,1964
WBGene00003802,30,5188,5218
WBGene00003803,109,3228,3337
WBGene00003804,103,2875,2978
WBGene00003805,65,2098,2163
WBGene00003806,452,4977,5429
WBGene00003807,37,195,232
WBGene00003808,122,669,791
WBGene00003812,96,4111,4207
WBGene00003813,51,235,286
WBGene00003815,540,9290,9830
WBGene00003816,4,240,244
WBGene00003818,340,3901,4241
WBGene00003821,969,11579,12548
WBGene00003822,133,2539,2672
WBGene00003825,343,10297,10640
WBGene00003826,1080,3368,4448
WBGene00003827,461,4089,4550
WBGene00003828,26,322,348
WBGene00003829,24,4497,4521
WBGene00003830,224,1694,1918
WBGene00003831,2570,27323,29893
WBGene00003834,188,1585,1773
WBGene00003835,12,434,446
WBGene00003836,764,6767,7531
WBGene00003837,679,2756,3435
WBGene00003838,23,70,93
WBGene00003839,20,88,108
WBGene00003840,11,14,25
WBGene00003841,9,22,31
WBGene00003842,69,278,347
WBGene00003843,66,1027,1093
WBGene00003844,4,1150,1154
WBGene00003845,0,1,1
WBGene00003846,1,120,121
WBGene00003847,292,2725,3017
WBGene00003848,13,41,54
WBGene00003849,268,858,1126
WBGene00003850,19,308,327
WBGene00003851,195,2805,3000
WBGene00003854,1,10,11
WBGene00003856,21,129,150
WBGene00003858,869,6765,7634
WBGene00003859,61,640,701
WBGene00003860,736,8081,8817
WBGene00003861,27,555,582
WBGene00003862,36,302,338
WBGene00003863,1,0,1
WBGene00003864,1,74,75
WBGene00003865,1,79,80
WBGene00003868,170,1757,1927
WBGene00003870,22,1584,1606
WBGene00003876,31,334,365
WBGene00003877,9,124,133
WBGene00003878,27,532,559
WBGene00003879,13,458,471
WBGene00003882,93,874,967
WBGene00003883,101,519,620
WBGene00003884,73,226,299
WBGene00003885,159,622,781
WBGene00003886,100,421,521
WBGene00003887,85,488,573
WBGene00003888,3,29,32
WBGene00003889,9,32,41
WBGene00003890,23,129,152
WBGene00003891,29,4617,4646
WBGene00003892,111,271,382
WBGene00003893,27830,375494,403324
WBGene00003898,154,1121,1275
WBGene00003901,223,11724,11947
WBGene00003902,1748,169536,171284
WBGene00003903,203,20591,20794
WBGene00003904,69,8503,8572
WBGene00003905,844,2414,3258
WBGene00003906,3,14,17
WBGene00003907,464,2113,2577
WBGene00003909,52,634,686
WBGene00003911,175,2586,2761
WBGene00003912,10,135,145
WBGene00003914,464,5054,5518
WBGene00003915,1020,13721,14741
WBGene00003916,2383,7018,9401
WBGene00003917,187,994,1181
WBGene00003918,220,1578,1798
WBGene00003919,224,641,865
WBGene00003920,489,74944,75433
WBGene00003921,122,1066,1188
WBGene00003922,47,5549,5596
WBGene00003923,98,14770,14868
WBGene00003924,16,16948,16964
WBGene00003925,552,12553,13105
WBGene00003926,420,19974,20394
WBGene00003927,89,13215,13304
WBGene00003928,150,9168,9318
WBGene00003929,508,13402,13910
WBGene00003930,411,12150,12561
WBGene00003931,284,9968,10252
WBGene00003932,759,10592,11351
WBGene00003933,299,3511,3810
WBGene00003934,44496,779031,823527
WBGene00003936,546,4404,4950
WBGene00003937,3,13,16
WBGene00003938,16,28,44
WBGene00003939,64,605,669
WBGene00003941,113,653,766
WBGene00003943,13,52,65
WBGene00003947,118,11077,11195
WBGene00003948,12,12271,12283
WBGene00003949,75,10811,10886
WBGene00003950,416,15545,15961
WBGene00003951,321,7271,7592
WBGene00003952,633,9393,10026
WBGene00003953,99,15616,15715
WBGene00003954,405,2634,3039
WBGene00003955,17,9341,9358
WBGene00003956,5,228,233
WBGene00003957,0,37,37
WBGene00003958,5,152,157
WBGene00003959,10,80,90
WBGene00003960,188,2002,2190
WBGene00003961,645,4320,4965
WBGene00003962,600,21288,21888
WBGene00003963,310,72828,73138
WBGene00003964,4977,48349,53326
WBGene00003965,80,606,686
WBGene00003966,1026,5007,6033
WBGene00003967,292,2421,2713
WBGene00003968,52,1510,1562
WBGene00003969,490,1119,1609
WBGene00003970,134,1298,1432
WBGene00003975,201,1682,1883
WBGene00003976,1,167,168
WBGene00003977,0,0,0
WBGene00003978,337,1681,2018
WBGene00003979,4,556,560
WBGene00003980,65,637,702
WBGene00003981,20,18,38
WBGene00003982,8,3025,3033
WBGene00003983,0,1,1
WBGene00003986,72,1300,1372
WBGene00003987,6,11,17
WBGene00003989,107,13423,13530
WBGene00003990,78,5578,5656
WBGene00003991,1204,14461,15665
WBGene00003992,15,1821,1836
WBGene00003993,72,469,541
WBGene00003994,6,321,327
WBGene00003995,47,145,192
WBGene00003996,231,581,812
WBGene00003997,20,208,228
WBGene00003998,122,384,506
WBGene00003999,8,13,21
WBGene00004000,23,106,129
WBGene00004001,2,4,6
WBGene00004002,6,31,37
WBGene00004003,42,123,165
WBGene00004004,159,1025,1184
WBGene00004005,36,67,103
WBGene00004006,21,99,120
WBGene00004007,0,1,1
WBGene00004008,0,91,91
WBGene00004010,129,1105,1234
WBGene00004011,6,84,90
WBGene00004013,352,941,1293
WBGene00004014,120,46545,46665
WBGene00004015,161,40709,40870
WBGene00004016,504,1091,1595
WBGene00004017,6,383,389
WBGene00004020,16,134,150
WBGene00004023,61,545,606
WBGene00004024,25,238,263
WBGene00004025,304,3671,3975
WBGene00004026,145,40,185
WBGene00004027,7,130,137
WBGene00004028,209,403,612
WBGene00004029,255,567,822
WBGene00004030,71,294,365
WBGene00004031,77,1344,1421
WBGene00004032,901,5766,6667
WBGene00004033,498,1329,1827
WBGene00004034,366,1563,1929
WBGene00004035,104,1323,1427
WBGene00004036,210,887,1097
WBGene00004037,50,378,428
WBGene00004038,35,699,734
WBGene00004039,236,5001,5237
WBGene00004040,270,3921,4191
WBGene00004042,7,2341,2348
WBGene00004043,14,343,357
WBGene00004044,6,283,289
WBGene00004045,366,889,1255
WBGene00004046,422,23085,23507
WBGene00004047,747,1678,2425
WBGene00004048,43,550,593
WBGene00004049,455,1082,1537
WBGene00004050,18,1226,1244
WBGene00004051,162,1723,1885
WBGene00004052,3,8,11
WBGene00004053,154,3303,3457
WBGene00004055,143,1394,1537
WBGene00004056,174,934,1108
WBGene00004057,190,1424,1614
WBGene00004058,15,59,74
WBGene00004059,123,546,669
WBGene00004060,459,2090,2549
WBGene00004061,4,37,41
WBGene00004062,17,402,419
WBGene00004063,117,1493,1610
WBGene00004064,2079,1649,3728
WBGene00004068,92,1134,1226
WBGene00004075,73,1668,1741
WBGene00004076,753,5023,5776
WBGene00004077,629,2873,3502
WBGene00004078,0,41,41
WBGene00004083,60,1600,1660
WBGene00004084,10,5,15
WBGene00004085,154,3802,3956
WBGene00004086,119,511,630
WBGene00004087,588,3112,3700
WBGene00004088,318,3024,3342
WBGene00004089,53,783,836
WBGene00004090,346,2156,2502
WBGene00004091,168,2860,3028
WBGene00004092,62,1283,1345
WBGene00004093,9,684,693
WBGene00004094,28,1555,1583
WBGene00004095,531,6416,6947
WBGene00004096,9,198,207
WBGene00004097,8,0,8
WBGene00004098,0,4,4
WBGene00004099,0,3,3
WBGene00004100,92,786,878
WBGene00004101,472,2870,3342
WBGene00004102,20,9,29
WBGene00004103,2,2,4
WBGene00004104,19,157,176
WBGene00004105,203,2109,2312
WBGene00004106,455,469,924
WBGene00004107,2,8,10
WBGene00004108,533,1858,2391
WBGene00004109,491,2390,2881
WBGene00004110,307,1482,1789
WBGene00004111,221,2434,2655
WBGene00004112,912,19723,20635
WBGene00004113,656,20191,20847
WBGene00004114,13,803,816
WBGene00004115,27,94,121
WBGene00004116,461,2718,3179
WBGene00004117,0,1562,1562
WBGene00004118,51,320,371
WBGene00004119,78,415,493
WBGene00004120,3,334,337
WBGene00004121,324,2185,2509
WBGene00004122,229,2671,2900
WBGene00004123,15,136,151
WBGene00004124,51,688,739
WBGene00004125,148,1189,1337
WBGene00004126,357,2392,2749
WBGene00004127,23,126,149
WBGene00004128,2082,7574,9656
WBGene00004129,49,1249,1298
WBGene00004130,942,26092,27034
WBGene00004131,5458,20523,25981
WBGene00004132,365,4650,5015
WBGene00004133,51,759,810
WBGene00004134,2030,14243,16273
WBGene00004135,1806,23211,25017
WBGene00004136,490,8283,8773
WBGene00004138,458,5302,5760
WBGene00004139,0,11,11
WBGene00004140,82,3353,3435
WBGene00004141,0,0,0
WBGene00004143,538,24532,25070
WBGene00004144,24,1513,1537
WBGene00004145,428,4247,4675
WBGene00004146,0,16,16
WBGene00004147,619,3142,3761
WBGene00004148,375,2357,2732
WBGene00004149,5,0,5
WBGene00004150,18,130,148
WBGene00004151,451,2152,2603
WBGene00004152,361,7464,7825
WBGene00004153,0,9,9
WBGene00004154,53,49,102
WBGene00004155,3,28,31
WBGene00004156,9,138,147
WBGene00004157,108,6415,6523
WBGene00004158,0,0,0
WBGene00004159,0,0,0
WBGene00004160,0,0,0
WBGene00004161,793,2797,3590
WBGene00004163,16,78,94
WBGene00004164,443,3442,3885
WBGene00004165,11,10,21
WBGene00004166,386,3512,3898
WBGene00004167,2176,10675,12851
WBGene00004168,18,1399,1417
WBGene00004169,108,309,417
WBGene00004170,0,0,0
WBGene00004171,0,0,0
WBGene00004172,82,930,1012
WBGene00004173,75,1162,1237
WBGene00004174,5,251,256
WBGene00004175,14,830,844
WBGene00004176,0,2,2
WBGene00004177,0,8,8
WBGene00004178,88,3450,3538
WBGene00004179,16,1036,1052
WBGene00004180,97,1296,1393
WBGene00004181,160,1512,1672
WBGene00004182,696,3276,3972
WBGene00004183,46,100,146
WBGene00004184,198,5250,5448
WBGene00004185,138,7436,7574
WBGene00004186,295,4441,4736
WBGene00004187,266,14358,14624
WBGene00004188,188,3149,3337
WBGene00004189,3432,14592,18024
WBGene00004190,89,1702,1791
WBGene00004191,101,154,255
WBGene00004192,5163,3405,8568
WBGene00004193,28,121,149
WBGene00004194,28,290,318
WBGene00004195,43,107,150
WBGene00004196,0,254,254
WBGene00004197,25,250,275
WBGene00004198,35,254,289
WBGene00004199,12,476,488
WBGene00004201,55,9257,9312
WBGene00004202,360,2525,2885
WBGene00004203,450,4539,4989
WBGene00004204,720,14067,14787
WBGene00004205,29,771,800
WBGene00004206,248,1317,1565
WBGene00004207,383,2393,2776
WBGene00004208,508,9125,9633
WBGene00004209,0,1,1
WBGene00004210,175,1628,1803
WBGene00004211,6,24,30
WBGene00004212,349,2287,2636
WBGene00004213,725,2735,3460
WBGene00004214,138,2917,3055
WBGene00004215,1514,2726,4240
WBGene00004216,71,469,540
WBGene00004217,40,285,325
WBGene00004218,21,107,128
WBGene00004219,143,2087,2230
WBGene00004220,104,781,885
WBGene00004221,25,311,336
WBGene00004222,56,1284,1340
WBGene00004223,18,117,135
WBGene00004224,190,919,1109
WBGene00004225,73,345,418
WBGene00004226,185,2549,2734
WBGene00004227,89,369,458
WBGene00004228,98,1039,1137
WBGene00004229,22,301,323
WBGene00004230,143,110,253
WBGene00004231,40,64,104
WBGene00004232,65,283,348
WBGene00004233,27,33,60
WBGene00004234,5,99,104
WBGene00004235,78,720,798
WBGene00004236,64,10,74
WBGene00004237,36,807,843
WBGene00004238,457,1294,1751
WBGene00004239,1,80,81
WBGene00004241,3,32,35
WBGene00004242,3,71,74
WBGene00004243,9,89,98
WBGene00004244,25,454,479
WBGene00004245,376,6396,6772
WBGene00004248,38,3080,3118
WBGene00004249,705,6421,7126
WBGene00004254,394,2144,2538
WBGene00004255,16,93,109
WBGene00004256,385,1096,1481
WBGene00004257,70,379,449
WBGene00004258,703,19056,19759
WBGene00004259,31,1811,1842
WBGene00004264,30,1312,1342
WBGene00004265,239,596,835
WBGene00004266,188,19763,19951
WBGene00004267,152,3948,4100
WBGene00004268,229,8174,8403
WBGene00004269,145,2477,2622
WBGene00004270,106,5737,5843
WBGene00004271,262,2888,3150
WBGene00004272,69,5601,5670
WBGene00004273,109,8373,8482
WBGene00004274,166,25710,25876
WBGene00004275,102,90,192
WBGene00004276,158,3764,3922
WBGene00004277,297,2574,2871
WBGene00004278,453,6364,6817
WBGene00004279,27,522,549
WBGene00004281,74,537,611
WBGene00004282,172,1567,1739
WBGene00004283,91,588,679
WBGene00004284,97,1835,1932
WBGene00004285,75,395,470
WBGene00004286,50,2400,2450
WBGene00004287,6,11,17
WBGene00004296,248,3312,3560
WBGene00004297,116,1154,1270
WBGene00004298,64,198,262
WBGene00004300,2,10123,10125
WBGene00004301,25,46,71
WBGene00004302,1155,56060,57215
WBGene00004303,99,2550,2649
WBGene00004304,470,5464,5934
WBGene00004305,96,11574,11670
WBGene00004306,284,3062,3346
WBGene00004307,166,5299,5465
WBGene00004308,86,2623,2709
WBGene00004309,10,63,73
WBGene00004310,571,4948,5519
WBGene00004311,600,3019,3619
WBGene00004312,336,1868,2204
WBGene00004313,205,3137,3342
WBGene00004314,1076,1530,2606
WBGene00004315,155,7247,7402
WBGene00004316,885,1159,2044
WBGene00004317,156,1201,1357
WBGene00004318,329,2416,2745
WBGene00004319,236,5187,5423
WBGene00004320,384,8311,8695
WBGene00004321,45,3469,3514
WBGene00004322,244,1896,2140
WBGene00004323,345,2455,2800
WBGene00004324,98,793,891
WBGene00004326,85,5070,5155
WBGene00004328,25,183,208
WBGene00004332,10,271,281
WBGene00004333,55,406,461
WBGene00004334,3,259,262
WBGene00004335,205,1532,1737
WBGene00004336,1550,23901,25451
WBGene00004337,581,4263,4844
WBGene00004338,186,1372,1558
WBGene00004339,84,879,963
WBGene00004340,270,2974,3244
WBGene00004341,153,1023,1176
WBGene00004342,5,63,68
WBGene00004343,244,2445,2689
WBGene00004344,52,775,827
WBGene00004345,539,930,1469
WBGene00004346,65,361,426
WBGene00004347,730,170,900
WBGene00004348,61,1381,1442
WBGene00004349,262,1375,1637
WBGene00004350,262,1479,1741
WBGene00004351,0,0,0
WBGene00004352,0,3,3
WBGene00004353,0,9,9
WBGene00004354,2,51,53
WBGene00004355,89,2368,2457
WBGene00004356,29,2254,2283
WBGene00004357,2149,17832,19981
WBGene00004358,264,3061,3325
WBGene00004359,42,215,257
WBGene00004360,112,850,962
WBGene00004361,32,550,582
WBGene00004363,114,5156,5270
WBGene00004364,423,7213,7636
WBGene00004367,366,1909,2275
WBGene00004368,194,1147,1341
WBGene00004369,268,1425,1693
WBGene00004370,49,1188,1237
WBGene00004371,213,2788,3001
WBGene00004372,70,169,239
WBGene00004373,618,5652,6270
WBGene00004374,18,95,113
WBGene00004375,157,1204,1361
WBGene00004377,97,918,1015
WBGene00004378,276,3266,3542
WBGene00004380,24,349,373
WBGene00004381,130,1628,1758
WBGene00004382,626,5590,6216
WBGene00004383,37,1270,1307
WBGene00004384,618,1699,2317
WBGene00004385,231,4022,4253
WBGene00004386,196,3246,3442
WBGene00004387,191,15607,15798
WBGene00004388,347,5583,5930
WBGene00004389,409,4874,5283
WBGene00004390,1136,8779,9915
WBGene00004391,143,7080,7223
WBGene00004392,136,7045,7181
WBGene00004393,690,1113,1803
WBGene00004394,1,1,2
WBGene00004395,64,769,833
WBGene00004397,46,672,718
WBGene00004398,218,4654,4872
WBGene00004400,7,462,469
WBGene00004401,320,690,1010
WBGene00004402,7,3,10
WBGene00004403,490,1234,1724
WBGene00004404,162,817,979
WBGene00004405,30,2498,2528
WBGene00004408,346,582474,582820
WBGene00004409,19112,251521,270633
WBGene00004410,53868,310685,364553
WBGene00004411,191,3270,3461
WBGene00004412,39796,451893,491689
WBGene00004413,972,469022,469994
WBGene00004414,11054,493219,504273
WBGene00004415,419,243875,244294
WBGene00004416,22256,520571,542827
WBGene00004417,22893,455532,478425
WBGene00004418,35520,511503,547023
WBGene00004419,54518,568826,623344
WBGene00004420,33363,432088,465451
WBGene00004421,15900,582947,598847
WBGene00004422,588,23146,23734
WBGene00004423,36380,508832,545212
WBGene00004424,42332,789891,832223
WBGene00004425,20509,527951,548460
WBGene00004426,31860,438597,470457
WBGene00004427,2575,502489,505064
WBGene00004428,27234,493682,520916
WBGene00004429,102391,466223,568614
WBGene00004430,36781,483525,520306
WBGene00004431,24992,540453,565445
WBGene00004432,1533,449545,451078
WBGene00004433,14768,516252,531020
WBGene00004434,22779,416400,439179
WBGene00004435,19431,452973,472404
WBGene00004436,38347,553868,592215
WBGene00004437,1221,27172,28393
WBGene00004438,8681,81677,90358
WBGene00004439,16491,171987,188478
WBGene00004440,22038,387701,409739
WBGene00004441,59242,240548,299790
WBGene00004442,22806,310266,333072
WBGene00004443,210305,149731,360036
WBGene00004444,24232,285049,309281
WBGene00004445,7294,386900,394194
WBGene00004446,60325,606074,666399
WBGene00004447,47486,432774,480260
WBGene00004448,16230,375161,391391
WBGene00004449,32511,503754,536265
WBGene00004450,18934,526767,545701
WBGene00004451,87137,4700,91837
WBGene00004452,24906,533076,557982
WBGene00004453,11671,416014,427685
WBGene00004454,36199,415357,451556
WBGene00004455,5,20,25
WBGene00004456,0,452157,452157
WBGene00004457,16,960,976
WBGene00004458,183,6774,6957
WBGene00004459,55,5595,5650
WBGene00004460,73,11216,11289
WBGene00004461,117,8088,8205
WBGene00004462,318,5705,6023
WBGene00004463,292,9949,10241
WBGene00004464,783,10561,11344
WBGene00004465,310,7348,7658
WBGene00004466,82,5452,5534
WBGene00004467,54,8332,8386
WBGene00004468,394,6527,6921
WBGene00004469,2982,399279,402261
WBGene00004470,11576,540523,552099
WBGene00004471,143,364282,364425
WBGene00004472,25884,484097,509981
WBGene00004473,26750,450641,477391
WBGene00004474,40447,563157,603604
WBGene00004475,8682,250911,259593
WBGene00004476,45416,504968,550384
WBGene00004477,46871,588311,635182
WBGene00004478,31674,670423,702097
WBGene00004479,25871,494628,520499
WBGene00004480,57465,540953,598418
WBGene00004481,6776,452229,459005
WBGene00004482,28611,403356,431967
WBGene00004483,40007,624968,664975
WBGene00004484,31678,483784,515462
WBGene00004485,4291,185622,189913
WBGene00004486,20015,327895,347910
WBGene00004487,39277,511625,550902
WBGene00004488,36496,478445,514941
WBGene00004489,26250,453215,479465
WBGene00004490,98960,256614,355574
WBGene00004491,2232,320719,322951
WBGene00004492,40516,618098,658614
WBGene00004493,26193,456053,482246
WBGene00004494,62662,774268,836930
WBGene00004495,18385,524515,542900
WBGene00004496,41210,408091,449301
WBGene00004497,14109,362062,376171
WBGene00004498,202174,239354,441528
WBGene00004499,40687,433478,474165
WBGene00004501,94,4659,4753
WBGene00004502,73,8945,9018
WBGene00004503,8,5715,5723
WBGene00004504,1059,10223,11282
WBGene00004505,53,5926,5979
WBGene00004506,87,9428,9515
WBGene00004507,78,2380,2458
WBGene00004508,122,1914,2036
WBGene00004509,58,247,305
WBGene00004510,35,952,987
WBGene00004679,618,6475,7093
WBGene00004680,139,749,888
WBGene00004681,929,2364,3293
WBGene00004682,117,1968,2085
WBGene00004684,108,2319,2427
WBGene00004698,21,15314,15335
WBGene00004699,170,8248,8418
WBGene00004700,29,24146,24175
WBGene00004701,31,7712,7743
WBGene00004702,435,9110,9545
WBGene00004703,418,24007,24425
WBGene00004704,191,9106,9297
WBGene00004705,517,8374,8891
WBGene00004706,252,3737,3989
WBGene00004719,255,1175,1430
WBGene00004721,64,814,878
WBGene00004723,106,2851,2957
WBGene00004726,0,51,51
WBGene00004727,156,1353,1509
WBGene00004728,481,2852,3333
WBGene00004729,328,2542,2870
WBGene00004732,1023,7234,8257
WBGene00004735,201,538,739
WBGene00004736,3182,109820,113002
WBGene00004737,2,1277,1279
WBGene00004738,65,3974,4039
WBGene00004739,1016,9446,10462
WBGene00004740,127,650,777
WBGene00004742,20,78,98
WBGene00004743,684,2893,3577
WBGene00004744,100,1547,1647
WBGene00004745,71,733,804
WBGene00004746,52,2247,2299
WBGene00004747,78,1475,1553
WBGene00004748,37,463,500
WBGene00004749,174,6990,7164
WBGene00004750,0,1,1
WBGene00004751,1509,4199,5708
WBGene00004752,106,1642,1748
WBGene00004753,212,1296,1508
WBGene00004754,1133,4854,5987
WBGene00004755,119,6344,6463
WBGene00004756,57,2576,2633
WBGene00004758,190,2299,2489
WBGene00004759,150,3195,3345
WBGene00004760,805,4517,5322
WBGene00004762,316,1985,2301
WBGene00004764,49,348,397
WBGene00004765,456,568,1024
WBGene00004766,402,13781,14183
WBGene00004767,123,2453,2576
WBGene00004768,17,1926,1943
WBGene00004769,37,842,879
WBGene00004771,82,847,929
WBGene00004773,881,4674,5555
WBGene00004774,72,3336,3408
WBGene00004775,41,509,550
WBGene00004776,158,222,380
WBGene00004777,272,696,968
WBGene00004778,53,696,749
WBGene00004779,419,1934,2353
WBGene00004780,56,211,267
WBGene00004781,47,2506,2553
WBGene00004782,163,2363,2526
WBGene00004783,1628,6186,7814
WBGene00004786,49,318,367
WBGene00004787,218,925,1143
WBGene00004788,113,9503,9616
WBGene00004789,16,102,118
WBGene00004790,662,6163,6825
WBGene00004793,55,240,295
WBGene00004795,47,420,467
WBGene00004796,6,57,63
WBGene00004798,124,2729,2853
WBGene00004800,164,2934,3098
WBGene00004801,182,2948,3130
WBGene00004802,23,64,87
WBGene00004803,76,357,433
WBGene00004804,766,4890,5656
WBGene00004806,351,2885,3236
WBGene00004807,101,23848,23949
WBGene00004808,23,2138,2161
WBGene00004809,131,3940,4071
WBGene00004810,2,37,39
WBGene00004811,0,1,1
WBGene00004812,0,0,0
WBGene00004813,0,3,3
WBGene00004814,0,3,3
WBGene00004815,0,0,0
WBGene00004816,0,972,972
WBGene00004818,0,4,4
WBGene00004819,0,5,5
WBGene00004820,0,1,1
WBGene00004821,0,2,2
WBGene00004822,0,1392,1392
WBGene00004823,0,683,683
WBGene00004824,177,1275,1452
WBGene00004825,0,1148,1148
WBGene00004826,0,1163,1163
WBGene00004827,0,394,394
WBGene00004829,464,2484,2948
WBGene00004830,362,3827,4189
WBGene00004831,488,1445,1933
WBGene00004854,351,3116,3467
WBGene00004855,566,9482,10048
WBGene00004856,426,875,1301
WBGene00004857,149,1070,1219
WBGene00004858,108,483,591
WBGene00004859,93,514,607
WBGene00004860,97,909,1006
WBGene00004862,975,5076,6051
WBGene00004873,787,5418,6205
WBGene00004874,171,4822,4993
WBGene00004875,28,161,189
WBGene00004876,18,215,233
WBGene00004877,1,4,5
WBGene00004878,8,4,12
WBGene00004879,389,2848,3237
WBGene00004880,196,3501,3697
WBGene00004881,494,1845,2339
WBGene00004882,86,2371,2457
WBGene00004883,8,646,654
WBGene00004884,423,3567,3990
WBGene00004885,21,657,678
WBGene00004886,84,881,965
WBGene00004887,170,4400,4570
WBGene00004888,1751,39482,41233
WBGene00004889,314,2785,3099
WBGene00004890,87,621,708
WBGene00004891,132,5092,5224
WBGene00004892,867,4032,4899
WBGene00004893,119,1435,1554
WBGene00004894,1018,1130,2148
WBGene00004895,3368,2599,5967
WBGene00004896,1268,5351,6619
WBGene00004897,33,15644,15677
WBGene00004898,13,248,261
WBGene00004899,12,0,12
WBGene00004900,93,2323,2416
WBGene00004901,1,0,1
WBGene00004902,182,3771,3953
WBGene00004904,15,5,20
WBGene00004905,298,533,831
WBGene00004906,1,6,7
WBGene00004908,1,0,1
WBGene00004909,5,10,15
WBGene00004910,105,5001,5106
WBGene00004911,8,234,242
WBGene00004912,64,1263,1327
WBGene00004913,169,949,1118
WBGene00004914,357,20336,20693
WBGene00004915,26,21499,21525
WBGene00004916,366,18669,19035
WBGene00004917,254,18069,18323
WBGene00004918,1990,18613,20603
WBGene00004919,386,15234,15620
WBGene00004920,1769,23867,25636
WBGene00004921,348,3940,4288
WBGene00004922,276,761,1037
WBGene00004923,398,1589,1987
WBGene00004924,274,4845,5119
WBGene00004925,282,497,779
WBGene00004926,24,677,701
WBGene00004927,251,2341,2592
WBGene00004928,81,391,472
WBGene00004929,1084,4256,5340
WBGene00004930,630,17779,18409
WBGene00004931,1074,9780,10854
WBGene00004932,1,2,3
WBGene00004933,148,662,810
WBGene00004944,163,558,721
WBGene00004945,100,1872,1972
WBGene00004946,364,2601,2965
WBGene00004947,2492,3351,5843
WBGene00004949,229,1018,1247
WBGene00004950,116,344,460
WBGene00004951,266,16016,16282
WBGene00004952,6,1269,1275
WBGene00004953,54,1656,1710
WBGene00004954,48,345,393
WBGene00004955,663,4589,5252
WBGene00004958,13,90,103
WBGene00004959,13,204,217
WBGene00004960,14,82,96
WBGene00004962,3,2,5
WBGene00004963,40,20,60
WBGene00004964,2,14,16
WBGene00004965,0,0,0
WBGene00004966,3,2,5
WBGene00004969,120,324,444
WBGene00004971,1,15,16
WBGene00004972,5,39,44
WBGene00004973,1,0,1
WBGene00004974,44,103,147
WBGene00004975,18,774,792
WBGene00004976,5,16,21
WBGene00004978,923,9627,10550
WBGene00004979,181,1311,1492
WBGene00004980,618,16051,16669
WBGene00004981,77,1346,1423
WBGene00004984,9,317,326
WBGene00004985,20,421,441
WBGene00004986,25,308,333
WBGene00004987,15,205,220
WBGene00004988,38,634,672
WBGene00004989,5,35,40
WBGene00004990,172,2548,2720
WBGene00004991,0,0,0
WBGene00004992,5,42,47
WBGene00004993,21,121,142
WBGene00004994,0,12,12
WBGene00004995,3411,25562,28973
WBGene00004996,1,1,2
WBGene00004997,1,23,24
WBGene00004998,34,242,276
WBGene00004999,281,2768,3049
WBGene00005000,1478,26822,28300
WBGene00005001,19,167,186
WBGene00005002,73,1844,1917
WBGene00005003,21,222,243
WBGene00005004,146,1831,1977
WBGene00005005,2,0,2
WBGene00005006,129,1162,1291
WBGene00005007,89,4885,4974
WBGene00005008,10,289,299
WBGene00005009,61,3092,3153
WBGene00005010,538,1702,2240
WBGene00005011,90,722,812
WBGene00005012,15,10,25
WBGene00005013,2,12,14
WBGene00005014,49,1881,1930
WBGene00005015,260,4467,4727
WBGene00005016,3,5132,5135
WBGene00005017,133,2075,2208
WBGene00005018,93,4559,4652
WBGene00005019,81,1661,1742
WBGene00005020,285,448,733
WBGene00005021,29,506,535
WBGene00005022,35,3406,3441
WBGene00005023,145,2306,2451
WBGene00005024,295,619,914
WBGene00005025,55,740,795
WBGene00005026,15,1684,1699
WBGene00005027,2,3,5
WBGene00005028,0,0,0
WBGene00005029,2,9,11
WBGene00005030,1,13,14
WBGene00005032,1,11,12
WBGene00005033,1,8,9
WBGene00005034,0,0,0
WBGene00005035,0,2,2
WBGene00005036,9,76,85
WBGene00005037,3,17,20
WBGene00005038,2,8,10
WBGene00005039,3,8,11
WBGene00005040,7,10,17
WBGene00005043,2,2,4
WBGene00005044,0,0,0
WBGene00005046,0,0,0
WBGene00005047,4,13,17
WBGene00005048,1,0,1
WBGene00005049,0,1,1
WBGene00005050,0,2,2
WBGene00005051,4,8,12
WBGene00005052,2,3,5
WBGene00005053,0,4,4
WBGene00005054,2,2,4
WBGene00005055,0,0,0
WBGene00005056,31,2,33
WBGene00005057,4,6,10
WBGene00005058,3,8,11
WBGene00005059,6,7,13
WBGene00005060,1,0,1
WBGene00005061,15,0,15
WBGene00005062,0,6,6
WBGene00005063,3,72,75
WBGene00005064,0,7,7
WBGene00005065,2,6,8
WBGene00005066,1,2,3
WBGene00005067,1,9,10
WBGene00005068,0,4,4
WBGene00005070,1,12,13
WBGene00005071,0,2,2
WBGene00005072,7,267,274
WBGene00005073,10,5,15
WBGene00005076,3,3,6
WBGene00005077,291,1773,2064
WBGene00005078,92,695,787
WBGene00005079,3,89,92
WBGene00005080,0,0,0
WBGene00005081,5,7,12
WBGene00005082,0,3,3
WBGene00005083,2,4,6
WBGene00005085,0,5,5
WBGene00005086,9,4,13
WBGene00005087,0,1,1
WBGene00005088,8,1,9
WBGene00005089,4,12,16
WBGene00005090,4,7,11
WBGene00005091,0,10,10
WBGene00005093,2,20,22
WBGene00005094,5,9,14
WBGene00005095,0,7,7
WBGene00005096,0,8,8
WBGene00005097,0,2,2
WBGene00005098,0,6,6
WBGene00005099,0,0,0
WBGene00005101,8,105,113
WBGene00005103,0,1,1
WBGene00005104,0,0,0
WBGene00005105,0,4,4
WBGene00005106,0,1,1
WBGene00005107,0,26,26
WBGene00005108,0,28,28
WBGene00005109,0,3,3
WBGene00005110,95,155,250
WBGene00005111,8,129,137
WBGene00005112,1,2,3
WBGene00005113,43,129,172
WBGene00005114,0,2,2
WBGene00005116,15,2,17
WBGene00005117,0,3,3
WBGene00005118,0,4,4
WBGene00005119,1,4,5
WBGene00005120,4,17,21
WBGene00005121,0,5,5
WBGene00005122,2,4,6
WBGene00005123,1,3,4
WBGene00005124,1,1,2
WBGene00005125,1,1,2
WBGene00005126,3,4,7
WBGene00005127,14,103,117
WBGene00005128,32,11,43
WBGene00005129,49,113,162
WBGene00005131,32,128,160
WBGene00005132,11,16,27
WBGene00005133,26,84,110
WBGene00005134,0,1,1
WBGene00005135,1,1,2
WBGene00005136,0,0,0
WBGene00005137,0,0,0
WBGene00005138,0,0,0
WBGene00005140,0,2,2
WBGene00005141,2,0,2
WBGene00005142,7,7,14
WBGene00005143,14,8,22
WBGene00005144,3,12,15
WBGene00005145,1,1,2
WBGene00005146,12,5,17
WBGene00005147,19,134,153
WBGene00005148,0,0,0
WBGene00005149,15,47,62
WBGene00005150,70,152,222
WBGene00005153,216,718,934
WBGene00005159,2,6,8
WBGene00005160,2,14,16
WBGene00005161,2,3,5
WBGene00005162,14,45,59
WBGene00005163,3,23,26
WBGene00005164,2,3,5
WBGene00005165,7,33,40
WBGene00005166,2,0,2
WBGene00005167,1,5,6
WBGene00005168,2,10,12
WBGene00005169,10,15,25
WBGene00005170,5,9,14
WBGene00005171,4,15,19
WBGene00005172,3,20,23
WBGene00005173,1,1,2
WBGene00005174,59,145,204
WBGene00005177,2,6,8
WBGene00005178,5,4,9
WBGene00005179,2,3,5
WBGene00005180,2,7,9
WBGene00005181,5,1,6
WBGene00005182,2,50,52
WBGene00005183,6,26,32
WBGene00005184,0,1,1
WBGene00005185,5,5,10
WBGene00005186,4,9,13
WBGene00005187,6,21,27
WBGene00005188,0,10,10
WBGene00005189,1,5,6
WBGene00005190,4,4,8
WBGene00005191,12,8,20
WBGene00005193,0,2,2
WBGene00005194,10,35,45
WBGene00005195,4,10,14
WBGene00005196,0,49,49
WBGene00005197,0,52,52
WBGene00005198,2,0,2
WBGene00005199,0,2,2
WBGene00005201,1,0,1
WBGene00005202,13,16,29
WBGene00005203,2,4,6
WBGene00005204,2,4,6
WBGene00005205,3,26,29
WBGene00005207,1,11,12
WBGene00005208,28,55,83
WBGene00005210,0,11,11
WBGene00005211,6,0,6
WBGene00005212,4,9,13
WBGene00005213,1,9,10
WBGene00005214,2,1,3
WBGene00005215,2,0,2
WBGene00005216,0,0,0
WBGene00005217,0,0,0
WBGene00005218,1,3,4
WBGene00005219,10,12,22
WBGene00005221,6,0,6
WBGene00005222,2,3,5
WBGene00005223,11,2,13
WBGene00005224,0,2,2
WBGene00005225,0,0,0
WBGene00005226,16,43,59
WBGene00005227,1,2,3
WBGene00005228,1240,172,1412
WBGene00005229,0,3,3
WBGene00005230,0,1,1
WBGene00005231,0,0,0
WBGene00005233,3,4,7
WBGene00005234,0,0,0
WBGene00005236,0,21,21
WBGene00005237,1,4,5
WBGene00005240,1,10,11
WBGene00005241,8,23,31
WBGene00005242,5,6,11
WBGene00005243,2,18,20
WBGene00005244,8,1,9
WBGene00005245,0,10,10
WBGene00005246,1,11,12
WBGene00005247,0,0,0
WBGene00005248,1,0,1
WBGene00005249,2,1,3
WBGene00005250,0,2,2
WBGene00005251,35,51,86
WBGene00005253,18,83,101
WBGene00005254,1,3,4
WBGene00005255,1,1,2
WBGene00005256,1,1,2
WBGene00005257,2,15,17
WBGene00005258,1,16,17
WBGene00005259,1,1,2
WBGene00005260,0,7,7
WBGene00005261,8,1,9
WBGene00005262,7,18,25
WBGene00005263,2,5,7
WBGene00005264,0,1,1
WBGene00005265,0,1,1
WBGene00005267,6,10,16
WBGene00005268,2,6,8
WBGene00005269,5,35,40
WBGene00005270,1,5,6
WBGene00005271,20,3,23
WBGene00005272,5,6,11
WBGene00005273,0,5,5
WBGene00005274,0,0,0
WBGene00005275,1,1,2
WBGene00005278,0,0,0
WBGene00005279,4,20,24
WBGene00005280,0,0,0
WBGene00005281,1,1,2
WBGene00005282,0,1,1
WBGene00005283,2,27,29
WBGene00005284,4,2,6
WBGene00005285,1,1,2
WBGene00005288,0,3,3
WBGene00005289,1,30,31
WBGene00005290,0,18,18
WBGene00005291,0,4,4
WBGene00005292,3,52,55
WBGene00005293,0,7,7
WBGene00005294,0,1,1
WBGene00005295,2,5,7
WBGene00005296,5,17,22
WBGene00005297,1,8,9
WBGene00005299,29,64,93
WBGene00005300,0,5,5
WBGene00005301,0,3,3
WBGene00005303,3,3,6
WBGene00005304,1,1,2
WBGene00005306,3,0,3
WBGene00005308,0,1,1
WBGene00005309,0,4,4
WBGene00005310,1,3,4
WBGene00005313,1,1,2
WBGene00005315,0,2,2
WBGene00005316,6,0,6
WBGene00005317,1,12,13
WBGene00005318,4,3,7
WBGene00005319,0,5,5
WBGene00005321,3,3,6
WBGene00005323,0,3,3
WBGene00005324,80,17,97
WBGene00005328,0,0,0
WBGene00005330,0,1,1
WBGene00005331,0,0,0
WBGene00005332,0,6,6
WBGene00005334,0,2,2
WBGene00005335,0,3,3
WBGene00005337,2,2,4
WBGene00005338,0,3,3
WBGene00005339,2,8,10
WBGene00005340,0,0,0
WBGene00005341,2,4,6
WBGene00005342,0,20,20
WBGene00005344,22,23,45
WBGene00005345,11,9,20
WBGene00005346,0,15,15
WBGene00005347,1,14,15
WBGene00005348,0,0,0
WBGene00005349,0,4,4
WBGene00005350,0,7,7
WBGene00005351,4,4,8
WBGene00005352,0,1,1
WBGene00005353,5,39,44
WBGene00005354,0,5,5
WBGene00005355,0,0,0
WBGene00005356,0,0,0
WBGene00005357,0,0,0
WBGene00005358,0,0,0
WBGene00005359,0,5,5
WBGene00005361,0,1,1
WBGene00005362,0,6,6
WBGene00005363,3,8,11
WBGene00005364,3,4,7
WBGene00005365,0,0,0
WBGene00005370,1,0,1
WBGene00005375,0,5,5
WBGene00005382,0,0,0
WBGene00005383,1,10,11
WBGene00005385,3,10,13
WBGene00005386,7,5,12
WBGene00005387,18,14,32
WBGene00005388,2,2,4
WBGene00005389,0,2,2
WBGene00005390,0,2,2
WBGene00005392,0,0,0
WBGene00005393,3,5,8
WBGene00005394,0,7,7
WBGene00005395,1,4,5
WBGene00005396,6,2,8
WBGene00005397,0,4,4
WBGene00005398,9,1,10
WBGene00005399,2,5,7
WBGene00005400,0,4,4
WBGene00005401,0,3,3
WBGene00005402,0,4,4
WBGene00005404,0,1,1
WBGene00005405,22,12,34
WBGene00005406,1,4,5
WBGene00005407,2,1,3
WBGene00005408,0,6,6
WBGene00005410,6,7,13
WBGene00005411,1,15,16
WBGene00005412,0,1,1
WBGene00005414,1,3,4
WBGene00005415,0,3,3
WBGene00005416,1,4,5
WBGene00005417,0,12,12
WBGene00005418,1,2,3
WBGene00005419,1,7,8
WBGene00005421,0,3,3
WBGene00005422,0,24,24
WBGene00005423,4,3,7
WBGene00005424,3,2,5
WBGene00005425,1,4,5
WBGene00005426,4,3,7
WBGene00005427,0,15,15
WBGene00005428,2,2,4
WBGene00005429,1,4,5
WBGene00005430,1,0,1
WBGene00005432,0,2,2
WBGene00005433,0,0,0
WBGene00005435,0,0,0
WBGene00005436,0,0,0
WBGene00005437,1,3,4
WBGene00005439,0,1,1
WBGene00005440,2,1,3
WBGene00005441,1,7,8
WBGene00005442,0,0,0
WBGene00005443,0,2,2
WBGene00005444,0,4,4
WBGene00005446,0,0,0
WBGene00005447,1,5,6
WBGene00005448,1,2,3
WBGene00005449,0,0,0
WBGene00005450,0,2,2
WBGene00005451,0,0,0
WBGene00005452,0,4,4
WBGene00005453,0,0,0
WBGene00005454,1,0,1
WBGene00005456,0,0,0
WBGene00005457,0,0,0
WBGene00005458,0,1,1
WBGene00005461,0,1,1
WBGene00005463,20,0,20
WBGene00005464,0,1,1
WBGene00005470,1,3,4
WBGene00005471,1,0,1
WBGene00005472,0,14,14
WBGene00005474,3,5,8
WBGene00005475,15,7,22
WBGene00005476,0,2,2
WBGene00005477,2,14,16
WBGene00005478,0,1,1
WBGene00005479,0,1,1
WBGene00005480,0,1,1
WBGene00005481,4,25,29
WBGene00005482,2,18,20
WBGene00005484,0,3,3
WBGene00005486,1,7,8
WBGene00005487,0,3,3
WBGene00005488,0,2,2
WBGene00005489,7,2,9
WBGene00005490,6,0,6
WBGene00005491,0,2,2
WBGene00005492,0,1,1
WBGene00005493,2,0,2
WBGene00005494,5,3,8
WBGene00005495,1,1,2
WBGene00005496,0,1,1
WBGene00005497,1,0,1
WBGene00005499,0,0,0
WBGene00005500,1,8,9
WBGene00005501,0,0,0
WBGene00005502,1,0,1
WBGene00005503,1,2,3
WBGene00005504,1,1,2
WBGene00005505,8,0,8
WBGene00005507,0,1,1
WBGene00005508,0,1,1
WBGene00005509,0,0,0
WBGene00005512,0,0,0
WBGene00005513,0,7,7
WBGene00005514,1,22,23
WBGene00005516,3,6,9
WBGene00005517,12,26,38
WBGene00005518,15,32,47
WBGene00005519,0,3,3
WBGene00005521,1,0,1
WBGene00005522,2,5,7
WBGene00005523,0,140,140
WBGene00005524,1,1,2
WBGene00005525,0,0,0
WBGene00005526,0,1,1
WBGene00005527,12,5,17
WBGene00005528,8,22,30
WBGene00005529,24,23,47
WBGene00005530,43,32,75
WBGene00005531,87,153,240
WBGene00005532,4,19,23
WBGene00005533,1,2,3
WBGene00005536,1,0,1
WBGene00005537,3,4,7
WBGene00005538,2,5,7
WBGene00005539,3,1,4
WBGene00005540,1,1,2
WBGene00005541,0,1,1
WBGene00005542,3,1,4
WBGene00005543,0,1,1
WBGene00005544,1,3,4
WBGene00005545,2,0,2
WBGene00005546,0,0,0
WBGene00005548,0,0,0
WBGene00005549,1,0,1
WBGene00005550,0,3,3
WBGene00005551,1,2,3
WBGene00005552,42,89,131
WBGene00005554,2,0,2
WBGene00005555,1,0,1
WBGene00005557,4,9,13
WBGene00005558,1,8,9
WBGene00005559,14,77,91
WBGene00005560,54,215,269
WBGene00005562,0,2,2
WBGene00005563,4,7,11
WBGene00005565,1,0,1
WBGene00005566,1,6,7
WBGene00005569,1,2,3
WBGene00005572,2,0,2
WBGene00005573,0,3,3
WBGene00005574,9,4,13
WBGene00005575,3,38,41
WBGene00005577,0,1,1
WBGene00005578,2,1,3
WBGene00005579,22,1,23
WBGene00005581,0,0,0
WBGene00005582,0,0,0
WBGene00005583,1,0,1
WBGene00005584,3,5,8
WBGene00005585,0,5,5
WBGene00005586,0,3,3
WBGene00005589,3,5,8
WBGene00005590,1,1,2
WBGene00005591,45,43,88
WBGene00005592,1,16,17
WBGene00005593,1,1,2
WBGene00005594,0,3,3
WBGene00005595,5,0,5
WBGene00005596,0,0,0
WBGene00005597,0,0,0
WBGene00005598,0,1,1
WBGene00005599,0,1,1
WBGene00005601,0,0,0
WBGene00005602,33,656,689
WBGene00005603,9,28,37
WBGene00005604,4,1,5
WBGene00005606,5,14,19
WBGene00005607,5,6,11
WBGene00005608,2,4,6
WBGene00005609,3,17,20
WBGene00005610,0,4,4
WBGene00005611,23,59,82
WBGene00005612,33,5,38
WBGene00005613,42,7,49
WBGene00005614,1,4,5
WBGene00005615,1,0,1
WBGene00005616,1,3,4
WBGene00005617,0,0,0
WBGene00005618,3,2,5
WBGene00005621,2,0,2
WBGene00005622,8,6,14
WBGene00005623,0,0,0
WBGene00005624,2,1,3
WBGene00005625,0,1,1
WBGene00005626,0,0,0
WBGene00005627,1,1,2
WBGene00005628,0,1,1
WBGene00005629,1,0,1
WBGene00005631,1,0,1
WBGene00005632,1,0,1
WBGene00005633,0,1,1
WBGene00005634,3,0,3
WBGene00005635,0,0,0
WBGene00005638,2,38,40
WBGene00005639,1,0,1
WBGene00005640,1,4,5
WBGene00005641,19,79,98
WBGene00005642,13,123,136
WBGene00005643,2,65,67
WBGene00005644,696,2942,3638
WBGene00005647,65,880,945
WBGene00005648,511,3485,3996
WBGene00005649,31,17,48
WBGene00005652,78,825,903
WBGene00005653,2,15,17
WBGene00005654,13,302,315
WBGene00005655,116,1652,1768
WBGene00005657,8,146,154
WBGene00005658,1,0,1
WBGene00005659,1,4,5
WBGene00005660,2,33,35
WBGene00005661,6,73,79
WBGene00005662,226,2650,2876
WBGene00005663,2408,15747,18155
WBGene00005664,0,10,10
WBGene00005665,0,11,11
WBGene00005666,0,10,10
WBGene00005667,2,1,3
WBGene00005669,0,3,3
WBGene00005670,3,8,11
WBGene00005671,4,353,357
WBGene00005672,3,0,3
WBGene00005674,2,1,3
WBGene00005675,2,14,16
WBGene00005676,2,13,15
WBGene00005678,1,2,3
WBGene00005679,7,4,11
WBGene00005680,0,0,0
WBGene00005681,0,2,2
WBGene00005682,3,5,8
WBGene00005683,3,9,12
WBGene00005684,10,1,11
WBGene00005685,2,8,10
WBGene00005686,1,16,17
WBGene00005687,6,8,14
WBGene00005688,0,3,3
WBGene00005689,3,13,16
WBGene00005690,2,12,14
WBGene00005691,2,13,15
WBGene00005692,0,12,12
WBGene00005693,0,0,0
WBGene00005694,1,1,2
WBGene00005696,0,4,4
WBGene00005698,5,5,10
WBGene00005699,2,6,8
WBGene00005700,0,11,11
WBGene00005701,0,5,5
WBGene00005702,1,41,42
WBGene00005703,1,7,8
WBGene00005705,3,97,100
WBGene00005707,1,0,1
WBGene00005708,1,1,2
WBGene00005710,50,65,115
WBGene00005711,0,24,24
WBGene00005712,10,79,89
WBGene00005713,1,20,21
WBGene00005714,0,0,0
WBGene00005715,19,5,24
WBGene00005716,7,23,30
WBGene00005717,8,66,74
WBGene00005718,8,77,85
WBGene00005719,27,35,62
WBGene00005720,6,3,9
WBGene00005721,24,14,38
WBGene00005722,6,1,7
WBGene00005723,11,3,14
WBGene00005724,42,25,67
WBGene00005725,2,23,25
WBGene00005726,10,17,27
WBGene00005727,10,16,26
WBGene00005728,1,0,1
WBGene00005730,1,0,1
WBGene00005732,0,0,0
WBGene00005733,0,1,1
WBGene00005735,8,17,25
WBGene00005736,6,4,10
WBGene00005737,4,3,7
WBGene00005738,3,32,35
WBGene00005739,27,31,58
WBGene00005740,1,0,1
WBGene00005741,1,0,1
WBGene00005742,1,1,2
WBGene00005743,5,7,12
WBGene00005744,1,1,2
WBGene00005745,3,7,10
WBGene00005748,12,14,26
WBGene00005749,0,0,0
WBGene00005750,4,0,4
WBGene00005751,1,5,6
WBGene00005753,4,7,11
WBGene00005754,3,13,16
WBGene00005755,3,13,16
WBGene00005756,1,4,5
WBGene00005757,2,17,19
WBGene00005758,1,17,18
WBGene00005759,0,256,256
WBGene00005760,0,1,1
WBGene00005761,1,0,1
WBGene00005762,0,1,1
WBGene00005763,0,3,3
WBGene00005764,2,13,15
WBGene00005766,1,4,5
WBGene00005767,1,0,1
WBGene00005768,1,0,1
WBGene00005769,0,2,2
WBGene00005770,1,2,3
WBGene00005771,0,1,1
WBGene00005773,1,0,1
WBGene00005776,0,0,0
WBGene00005777,0,0,0
WBGene00005778,0,0,0
WBGene00005779,0,0,0
WBGene00005780,0,0,0
WBGene00005781,0,0,0
WBGene00005782,2,2,4
WBGene00005783,1,0,1
WBGene00005785,0,0,0
WBGene00005786,6,1,7
WBGene00005787,1,0,1
WBGene00005788,1,0,1
WBGene00005789,1,0,1
WBGene00005790,0,0,0
WBGene00005791,0,1,1
WBGene00005795,0,0,0
WBGene00005798,0,0,0
WBGene00005800,0,0,0
WBGene00005801,0,0,0
WBGene00005802,1,1,2
WBGene00005803,1,1,2
WBGene00005804,0,0,0
WBGene00005806,1,2,3
WBGene00005807,0,2,2
WBGene00005808,1,2,3
WBGene00005809,1,3,4
WBGene00005810,4,15,19
WBGene00005812,0,1,1
WBGene00005813,5,2,7
WBGene00005814,4,11,15
WBGene00005815,407,1847,2254
WBGene00005816,267,489,756
WBGene00005818,282,1085,1367
WBGene00005819,0,0,0
WBGene00005820,15,6,21
WBGene00005822,1,0,1
WBGene00005823,0,0,0
WBGene00005824,2,0,2
WBGene00005826,1,4,5
WBGene00005829,1,4,5
WBGene00005830,4,0,4
WBGene00005831,1,3,4
WBGene00005832,196,1948,2144
WBGene00005833,1,24,25
WBGene00005834,2,23,25
WBGene00005835,2,5,7
WBGene00005836,1,4,5
WBGene00005837,0,14,14
WBGene00005838,8,16,24
WBGene00005841,7,5,12
WBGene00005842,6,7,13
WBGene00005844,0,2,2
WBGene00005845,4,2,6
WBGene00005846,1,2,3
WBGene00005847,7,1,8
WBGene00005848,3,0,3
WBGene00005849,0,0,0
WBGene00005850,3,6,9
WBGene00005854,4,1,5
WBGene00005855,0,1,1
WBGene00005856,2,0,2
WBGene00005858,3,0,3
WBGene00005859,1,1,2
WBGene00005860,1,2,3
WBGene00005862,0,1,1
WBGene00005864,0,0,0
WBGene00005865,0,0,0
WBGene00005866,0,0,0
WBGene00005867,0,0,0
WBGene00005868,0,0,0
WBGene00005869,2,0,2
WBGene00005870,1,0,1
WBGene00005871,1,0,1
WBGene00005874,2,0,2
WBGene00005876,3,1,4
WBGene00005877,10,0,10
WBGene00005880,0,1,1
WBGene00005881,0,0,0
WBGene00005882,1,4,5
WBGene00005883,0,2,2
WBGene00005884,0,0,0
WBGene00005885,2,0,2
WBGene00005886,1,5,6
WBGene00005887,2,13,15
WBGene00005888,0,2,2
WBGene00005889,0,0,0
WBGene00005890,1,1,2
WBGene00005891,1,1,2
WBGene00005892,1,3,4
WBGene00005893,16,147,163
WBGene00005894,0,1,1
WBGene00005895,3,2,5
WBGene00005896,2,1,3
WBGene00005897,1,0,1
WBGene00005898,7,30,37
WBGene00005899,1,1,2
WBGene00005900,5,3,8
WBGene00005901,0,2,2
WBGene00005903,12,11,23
WBGene00005904,17,4,21
WBGene00005905,29,11,40
WBGene00005907,2,7,9
WBGene00005908,1,6,7
WBGene00005909,6,19,25
WBGene00005910,11,47,58
WBGene00005911,1,0,1
WBGene00005912,1,2,3
WBGene00005913,0,0,0
WBGene00005914,0,0,0
WBGene00005915,2,0,2
WBGene00005917,1,0,1
WBGene00005919,2,0,2
WBGene00005920,2,0,2
WBGene00005922,1,0,1
WBGene00005923,0,0,0
WBGene00005924,0,0,0
WBGene00005925,1,14,15
WBGene00005926,7,23,30
WBGene00005927,7,6,13
WBGene00005929,2,16,18
WBGene00005930,0,0,0
WBGene00005931,1,184,185
WBGene00005932,17,13,30
WBGene00005933,1,1,2
WBGene00005934,0,14,14
WBGene00005935,6,4,10
WBGene00005936,32,284,316
WBGene00005937,10,55,65
WBGene00005938,48,125,173
WBGene00005939,0,1,1
WBGene00005941,17,17,34
WBGene00005942,1,0,1
WBGene00005944,0,0,0
WBGene00005945,1,0,1
WBGene00005946,0,0,0
WBGene00005947,12,64,76
WBGene00005949,7,71,78
WBGene00005950,0,2,2
WBGene00005951,0,0,0
WBGene00005953,0,1,1
WBGene00005954,1,0,1
WBGene00005955,0,8,8
WBGene00005956,0,0,0
WBGene00005957,0,0,0
WBGene00005958,3,11,14
WBGene00005959,6,76,82
WBGene00005964,5,5,10
WBGene00005965,291,10,301
WBGene00005967,78,210,288
WBGene00005968,2,12,14
WBGene00005969,5,4,9
WBGene00005971,2,19,21
WBGene00005973,4,0,4
WBGene00005975,8,43,51
WBGene00005976,6,19,25
WBGene00005977,7,26,33
WBGene00005978,1,1,2
WBGene00005979,6,4,10
WBGene00005980,2,0,2
WBGene00005981,5,4,9
WBGene00005983,2,0,2
WBGene00005984,0,0,0
WBGene00005986,2,5,7
WBGene00005987,7,18,25
WBGene00005988,2,2,4
WBGene00005989,1,3,4
WBGene00005992,1,1,2
WBGene00005993,1,1,2
WBGene00005995,2,0,2
WBGene00005996,0,0,0
WBGene00005999,1,2,3
WBGene00006001,1,1,2
WBGene00006002,0,5,5
WBGene00006003,0,2,2
WBGene00006004,4,4,8
WBGene00006005,1,8,9
WBGene00006006,2,15,17
WBGene00006007,1,4,5
WBGene00006008,3,11,14
WBGene00006009,2,10,12
WBGene00006010,1,5,6
WBGene00006011,2,0,2
WBGene00006012,1,10,11
WBGene00006013,1,0,1
WBGene00006016,2,289,291
WBGene00006019,2,5,7
WBGene00006020,1,10,11
WBGene00006021,0,1,1
WBGene00006022,1,0,1
WBGene00006024,1,0,1
WBGene00006025,0,5,5
WBGene00006026,2,13,15
WBGene00006027,1,0,1
WBGene00006028,2,8,10
WBGene00006038,0,0,0
WBGene00006039,0,3,3
WBGene00006040,0,0,0
WBGene00006044,0,12,12
WBGene00006047,0,0,0
WBGene00006048,0,0,0
WBGene00006049,0,1,1
WBGene00006050,76,876,952
WBGene00006051,5,29,34
WBGene00006052,0,1,1
WBGene00006053,0,1,1
WBGene00006055,89,515,604
WBGene00006056,2,6,8
WBGene00006058,2,7,9
WBGene00006059,362,3669,4031
WBGene00006060,1,0,1
WBGene00006061,114,4226,4340
WBGene00006062,723,3752,4475
WBGene00006063,13,535,548
WBGene00006064,248,591,839
WBGene00006065,5,22,27
WBGene00006066,142,3604,3746
WBGene00006067,556,4465,5021
WBGene00006068,53,354,407
WBGene00006069,2,0,2
WBGene00006070,0,0,0
WBGene00006071,9,8,17
WBGene00006072,2,5,7
WBGene00006073,0,0,0
WBGene00006074,0,0,0
WBGene00006075,31,267,298
WBGene00006076,1,2,3
WBGene00006077,5,10,15
WBGene00006078,0,1,1
WBGene00006080,4,5,9
WBGene00006081,0,0,0
WBGene00006082,5,1,6
WBGene00006083,0,1,1
WBGene00006084,2,0,2
WBGene00006085,1,12,13
WBGene00006086,0,8,8
WBGene00006087,0,6,6
WBGene00006090,2,8,10
WBGene00006092,1,1,2
WBGene00006093,0,4,4
WBGene00006094,0,1,1
WBGene00006096,4,15,19
WBGene00006097,0,2,2
WBGene00006098,0,1,1
WBGene00006099,1,0,1
WBGene00006101,38,2,40
WBGene00006102,1,7,8
WBGene00006103,1,3,4
WBGene00006104,2,3,5
WBGene00006105,0,2,2
WBGene00006106,0,4,4
WBGene00006108,0,0,0
WBGene00006109,3,14,17
WBGene00006110,2,18,20
WBGene00006111,2,2,4
WBGene00006112,2,4,6
WBGene00006113,4,9,13
WBGene00006117,0,1,1
WBGene00006120,3,0,3
WBGene00006121,1,2,3
WBGene00006122,0,2,2
WBGene00006124,0,2,2
WBGene00006125,1,0,1
WBGene00006126,0,3,3
WBGene00006127,1,7,8
WBGene00006128,1,3,4
WBGene00006129,5,6,11
WBGene00006130,8,20,28
WBGene00006131,1,0,1
WBGene00006133,0,0,0
WBGene00006134,3,4,7
WBGene00006135,10,39,49
WBGene00006136,0,0,0
WBGene00006137,0,1,1
WBGene00006138,0,10,10
WBGene00006139,5,16,21
WBGene00006140,109,9,118
WBGene00006141,0,1,1
WBGene00006142,1,0,1
WBGene00006143,1,9,10
WBGene00006144,1,0,1
WBGene00006145,1,0,1
WBGene00006146,1,5,6
WBGene00006147,1,1,2
WBGene00006148,3,5,8
WBGene00006149,1,5,6
WBGene00006150,0,2,2
WBGene00006151,2,5,7
WBGene00006152,4,11,15
WBGene00006153,1,6,7
WBGene00006154,4,16,20
WBGene00006155,0,6,6
WBGene00006156,0,1,1
WBGene00006157,1,4,5
WBGene00006158,0,1,1
WBGene00006159,2,3,5
WBGene00006160,0,0,0
WBGene00006161,0,7,7
WBGene00006162,2,7,9
WBGene00006163,27,31,58
WBGene00006164,9,17,26
WBGene00006165,1,0,1
WBGene00006166,2,0,2
WBGene00006167,1,7,8
WBGene00006169,23,36,59
WBGene00006170,0,0,0
WBGene00006171,0,0,0
WBGene00006172,31,11,42
WBGene00006173,3,1,4
WBGene00006174,0,0,0
WBGene00006175,1,0,1
WBGene00006176,1,6,7
WBGene00006178,0,1,1
WBGene00006179,1,12,13
WBGene00006180,0,19,19
WBGene00006182,12,11,23
WBGene00006183,0,0,0
WBGene00006184,1,0,1
WBGene00006186,1,3,4
WBGene00006187,1,1,2
WBGene00006188,8,9,17
WBGene00006189,5,11,16
WBGene00006190,2,0,2
WBGene00006191,6,11,17
WBGene00006192,2,1,3
WBGene00006193,3,10,13
WBGene00006195,2,26,28
WBGene00006196,1,0,1
WBGene00006197,4,0,4
WBGene00006198,12,91,103
WBGene00006199,6,5,11
WBGene00006200,0,0,0
WBGene00006201,6,8,14
WBGene00006202,0,1,1
WBGene00006203,1,2,3
WBGene00006204,0,1,1
WBGene00006205,9,6,15
WBGene00006206,2,1,3
WBGene00006207,9,17,26
WBGene00006208,4,6,10
WBGene00006209,1,16,17
WBGene00006210,37,15,52
WBGene00006211,12,60,72
WBGene00006212,7,31,38
WBGene00006213,3,2,5
WBGene00006214,22,10,32
WBGene00006215,0,5,5
WBGene00006216,2,0,2
WBGene00006217,1,1,2
WBGene00006218,16,22,38
WBGene00006219,8,2,10
WBGene00006220,37,200,237
WBGene00006221,0,2,2
WBGene00006222,3,6,9
WBGene00006224,2,4,6
WBGene00006225,0,0,0
WBGene00006226,3,19,22
WBGene00006228,4,2,6
WBGene00006229,0,1,1
WBGene00006230,2,0,2
WBGene00006231,1,3,4
WBGene00006232,0,0,0
WBGene00006233,2,0,2
WBGene00006234,0,2,2
WBGene00006235,0,1,1
WBGene00006236,1,0,1
WBGene00006237,2,17,19
WBGene00006238,1,0,1
WBGene00006239,3,9,12
WBGene00006240,0,0,0
WBGene00006241,2,120,122
WBGene00006242,1,2,3
WBGene00006244,0,4,4
WBGene00006247,2,1,3
WBGene00006249,0,2,2
WBGene00006251,3,11,14
WBGene00006252,2,0,2
WBGene00006253,10,0,10
WBGene00006255,13,27,40
WBGene00006256,2,14,16
WBGene00006257,1,0,1
WBGene00006258,1,6,7
WBGene00006259,2,0,2
WBGene00006260,3,2,5
WBGene00006261,3,3,6
WBGene00006262,0,2,2
WBGene00006263,1,1,2
WBGene00006264,0,2,2
WBGene00006265,0,0,0
WBGene00006266,105,0,105
WBGene00006268,2,4,6
WBGene00006270,0,5,5
WBGene00006271,0,1,1
WBGene00006272,8,33,41
WBGene00006273,1,3,4
WBGene00006274,0,1,1
WBGene00006275,2,0,2
WBGene00006276,2,2,4
WBGene00006277,1,3,4
WBGene00006278,2,10,12
WBGene00006279,9,16,25
WBGene00006280,1,2,3
WBGene00006281,5,2,7
WBGene00006282,0,0,0
WBGene00006283,0,0,0
WBGene00006284,0,0,0
WBGene00006286,4,5,9
WBGene00006287,10,14,24
WBGene00006288,15,32,47
WBGene00006289,0,0,0
WBGene00006306,396,1581,1977
WBGene00006307,155,3619,3774
WBGene00006308,58,431,489
WBGene00006309,61,1918,1979
WBGene00006310,84,186,270
WBGene00006311,4,194,198
WBGene00006318,228,2140,2368
WBGene00006319,69,1577,1646
WBGene00006321,452,9714,10166
WBGene00006324,83,2102,2185
WBGene00006331,362,13601,13963
WBGene00006342,1251,5146,6397
WBGene00006349,320,1727,2047
WBGene00006351,85,2322,2407
WBGene00006352,164,4223,4387
WBGene00006353,36,655,691
WBGene00006359,112,2976,3088
WBGene00006363,154,394,548
WBGene00006364,522,2627,3149
WBGene00006365,181,1541,1722
WBGene00006366,386,13172,13558
WBGene00006367,321,5352,5673
WBGene00006368,95,921,1016
WBGene00006369,48,1589,1637
WBGene00006371,91,1116,1207
WBGene00006372,63,989,1052
WBGene00006373,223,3614,3837
WBGene00006374,29,131,160
WBGene00006375,3,284,287
WBGene00006376,6,301,307
WBGene00006377,42,1292,1334
WBGene00006379,125,1371,1496
WBGene00006380,22,391,413
WBGene00006381,104,5261,5365
WBGene00006382,944,3383,4327
WBGene00006383,101,572,673
WBGene00006384,256,1221,1477
WBGene00006385,1029,2229,3258
WBGene00006386,213,1241,1454
WBGene00006387,56,427,483
WBGene00006388,23,143,166
WBGene00006389,32,747,779
WBGene00006390,97,759,856
WBGene00006391,69,718,787
WBGene00006392,183,2389,2572
WBGene00006393,23,990,1013
WBGene00006394,40,437,477
WBGene00006395,32,341,373
WBGene00006396,593,2128,2721
WBGene00006397,31,1145,1176
WBGene00006399,10,4,14
WBGene00006402,76,965,1041
WBGene00006404,58,353,411
WBGene00006405,475,3070,3545
WBGene00006406,432,4832,5264
WBGene00006407,1493,8837,10330
WBGene00006408,3085,42113,45198
WBGene00006409,0,8,8
WBGene00006410,172,3043,3215
WBGene00006411,12,92,104
WBGene00006412,418,2867,3285
WBGene00006414,9,1931,1940
WBGene00006415,204,2570,2774
WBGene00006416,0,15,15
WBGene00006418,3,62,65
WBGene00006419,16,8,24
WBGene00006423,1360,18243,19603
WBGene00006424,392,1562,1954
WBGene00006428,105,142,247
WBGene00006429,0,2,2
WBGene00006430,79,548,627
WBGene00006431,43,753,796
WBGene00006432,231,1939,2170
WBGene00006433,1154,22030,23184
WBGene00006434,432,44633,45065
WBGene00006435,11,13,24
WBGene00006436,5415,158039,163454
WBGene00006437,320,7673,7993
WBGene00006438,373,3220,3593
WBGene00006439,516,650308,650824
WBGene00006440,112,436,548
WBGene00006441,45,306,351
WBGene00006442,355,2638,2993
WBGene00006443,29,906,935
WBGene00006444,56,1638,1694
WBGene00006445,72,754,826
WBGene00006446,31,522,553
WBGene00006447,24,2149,2173
WBGene00006448,43,801,844
WBGene00006449,0,7,7
WBGene00006450,560,2025,2585
WBGene00006452,3772,41124,44896
WBGene00006454,9,21,30
WBGene00006459,70,1018,1088
WBGene00006460,270,7799,8069
WBGene00006461,50,386,436
WBGene00006462,347,1829,2176
WBGene00006463,43,573,616
WBGene00006464,0,9,9
WBGene00006465,74,3520,3594
WBGene00006466,171,637,808
WBGene00006467,45,1339,1384
WBGene00006468,80,582,662
WBGene00006470,25,1324,1349
WBGene00006471,0,0,0
WBGene00006472,87,3849,3936
WBGene00006473,21,1242,1263
WBGene00006474,52,2488,2540
WBGene00006475,48,269,317
WBGene00006476,439,1305,1744
WBGene00006477,115,353,468
WBGene00006478,281,2966,3247
WBGene00006479,266,2868,3134
WBGene00006481,754,3746,4500
WBGene00006483,436,2979,3415
WBGene00006484,1,0,1
WBGene00006486,63,232,295
WBGene00006487,14,54,68
WBGene00006488,0,1,1
WBGene00006489,64,3005,3069
WBGene00006490,301,1310,1611
WBGene00006491,21,1201,1222
WBGene00006492,155,572,727
WBGene00006493,192,1950,2142
WBGene00006494,16,4599,4615
WBGene00006495,877,7197,8074
WBGene00006496,513,1289,1802
WBGene00006497,322,5947,6269
WBGene00006498,419,2662,3081
WBGene00006499,103,1257,1360
WBGene00006503,83,2330,2413
WBGene00006504,134,1633,1767
WBGene00006505,127,293,420
WBGene00006508,2264,7368,9632
WBGene00006509,0,8,8
WBGene00006510,657,4021,4678
WBGene00006512,342,10088,10430
WBGene00006513,357,1662,2019
WBGene00006514,44,2332,2376
WBGene00006515,117,7264,7381
WBGene00006516,54,958,1012
WBGene00006517,434,4459,4893
WBGene00006518,28,7062,7090
WBGene00006519,6113,65132,71245
WBGene00006520,0,700,700
WBGene00006522,115,267,382
WBGene00006523,135,2510,2645
WBGene00006524,124,1747,1871
WBGene00006525,24,291,315
WBGene00006526,12,202,214
WBGene00006527,1028,13249,14277
WBGene00006528,260,54913,55173
WBGene00006529,3125,50938,54063
WBGene00006530,27,386,413
WBGene00006531,16,143,159
WBGene00006532,19,41,60
WBGene00006533,25,59,84
WBGene00006534,1658,12150,13808
WBGene00006535,426,2303,2729
WBGene00006536,25,30681,30706
WBGene00006537,815,75766,76581
WBGene00006538,26,549,575
WBGene00006539,3,28,31
WBGene00006540,26,1237,1263
WBGene00006541,39,341,380
WBGene00006542,51,1102,1153
WBGene00006543,121,2009,2130
WBGene00006544,16,3,19
WBGene00006545,8,18,26
WBGene00006546,4,1,5
WBGene00006547,0,5,5
WBGene00006549,0,0,0
WBGene00006550,1,1,2
WBGene00006551,0,148448,148448
WBGene00006552,10,4,14
WBGene00006553,1,0,1
WBGene00006554,0,2,2
WBGene00006555,28,167,195
WBGene00006556,3,1,4
WBGene00006557,19,3,22
WBGene00006558,0,0,0
WBGene00006559,0,0,0
WBGene00006560,0,2,2
WBGene00006561,190,2166,2356
WBGene00006562,116,694,810
WBGene00006563,261,1650,1911
WBGene00006565,105,8500,8605
WBGene00006566,135,1743,1878
WBGene00006567,35,1333,1368
WBGene00006568,26,1175,1201
WBGene00006570,96,2133,2229
WBGene00006571,156,1503,1659
WBGene00006572,1514,13572,15086
WBGene00006573,362,4377,4739
WBGene00006574,337,21741,22078
WBGene00006575,692,1995,2687
WBGene00006576,29,237,266
WBGene00006577,291,3025,3316
WBGene00006578,157,1614,1771
WBGene00006579,435,4424,4859
WBGene00006580,208,2173,2381
WBGene00006582,333,3661,3994
WBGene00006583,120,4760,4880
WBGene00006584,5999,70756,76755
WBGene00006585,923,28146,29069
WBGene00006586,136,2894,3030
WBGene00006587,2175,53127,55302
WBGene00006588,1311,17152,18463
WBGene00006589,203,2142,2345
WBGene00006590,93,2203,2296
WBGene00006591,182,461,643
WBGene00006592,73,861,934
WBGene00006593,1232,3033,4265
WBGene00006594,713,2754,3467
WBGene00006595,394,16793,17187
WBGene00006596,213,402,615
WBGene00006597,284,511,795
WBGene00006598,3,149,152
WBGene00006599,807,1893,2700
WBGene00006600,7,104,111
WBGene00006601,231,35759,35990
WBGene00006602,358,3646,4004
WBGene00006603,2576,10184,12760
WBGene00006604,549,2366,2915
WBGene00006605,201,1137,1338
WBGene00006606,77,727,804
WBGene00006607,386,3434,3820
WBGene00006608,120,1095,1215
WBGene00006609,53,526,579
WBGene00006610,35,72,107
WBGene00006611,6,319,325
WBGene00006612,2,16,18
WBGene00006613,622,6272,6894
WBGene00006614,164,419,583
WBGene00006615,406,620,1026
WBGene00006616,47,88,135
WBGene00006617,299,11213,11512
WBGene00006618,151,479,630
WBGene00006619,2,13,15
WBGene00006620,91,228,319
WBGene00006621,42,26,68
WBGene00006622,4,3,7
WBGene00006623,133,210,343
WBGene00006624,360,1052,1412
WBGene00006625,2,10,12
WBGene00006626,79,15127,15206
WBGene00006627,15,31,46
WBGene00006628,3,25,28
WBGene00006629,7,196,203
WBGene00006630,2,11,13
WBGene00006631,1,2,3
WBGene00006632,86,106,192
WBGene00006633,230,1541,1771
WBGene00006634,2104,25435,27539
WBGene00006635,13,571,584
WBGene00006636,11,54,65
WBGene00006637,57,1093,1150
WBGene00006638,36,1137,1173
WBGene00006639,24,31,55
WBGene00006640,179,1427,1606
WBGene00006641,27,568,595
WBGene00006642,14,241,255
WBGene00006643,80,1777,1857
WBGene00006644,1,18,19
WBGene00006645,72,112,184
WBGene00006646,13,256,269
WBGene00006647,202,1409,1611
WBGene00006648,736,1718,2454
WBGene00006649,259,4870,5129
WBGene00006652,180,711,891
WBGene00006654,12,119,131
WBGene00006655,32,305,337
WBGene00006656,13,110,123
WBGene00006657,233,258,491
WBGene00006658,15,113,128
WBGene00006659,8,7,15
WBGene00006660,15,205,220
WBGene00006661,4,5,9
WBGene00006662,172,958,1130
WBGene00006663,1291,10038,11329
WBGene00006664,31,237,268
WBGene00006665,58,77,135
WBGene00006666,14,192,206
WBGene00006667,255,1611,1866
WBGene00006668,744,1089,1833
WBGene00006669,54,115,169
WBGene00006670,17,59,76
WBGene00006671,130,1116,1246
WBGene00006672,426,17670,18096
WBGene00006673,11,153,164
WBGene00006674,21,40,61
WBGene00006675,10,80,90
WBGene00006676,19,87,106
WBGene00006677,81,1327,1408
WBGene00006678,30,226,256
WBGene00006679,21,46,67
WBGene00006680,119,679,798
WBGene00006681,78,452,530
WBGene00006682,112,284,396
WBGene00006683,906,2763,3669
WBGene00006684,298,265,563
WBGene00006685,34,313,347
WBGene00006686,23,111,134
WBGene00006687,13,59,72
WBGene00006688,5,2,7
WBGene00006689,2,1,3
WBGene00006690,15,74,89
WBGene00006691,91,222,313
WBGene00006692,176,2146,2322
WBGene00006693,989,3941,4930
WBGene00006694,14,45,59
WBGene00006695,416,245,661
WBGene00006696,52,202,254
WBGene00006697,647,5551,6198
WBGene00006698,173,9590,9763
WBGene00006699,142,9532,9674
WBGene00006700,422,1951,2373
WBGene00006701,710,2331,3041
WBGene00006702,289,6894,7183
WBGene00006703,73,3148,3221
WBGene00006704,248,8904,9152
WBGene00006705,235,990,1225
WBGene00006706,116,5687,5803
WBGene00006707,1,4874,4875
WBGene00006708,269,7729,7998
WBGene00006709,453,4410,4863
WBGene00006710,342,243,585
WBGene00006711,50,1069,1119
WBGene00006712,69,610,679
WBGene00006713,123,5731,5854
WBGene00006714,215,1161,1376
WBGene00006715,100,7924,8024
WBGene00006716,17,5,22
WBGene00006717,14,370,384
WBGene00006718,8,44,52
WBGene00006719,2,3,5
WBGene00006720,58,4650,4708
WBGene00006721,94,1015,1109
WBGene00006722,334,427,761
WBGene00006723,207,1536,1743
WBGene00006724,357,9193,9550
WBGene00006725,24734,398597,423331
WBGene00006726,422,6140,6562
WBGene00006727,389,21021,21410
WBGene00006728,24177,372134,396311
WBGene00006729,123,1350,1473
WBGene00006730,32,12404,12436
WBGene00006731,14,119,133
WBGene00006732,218,1022,1240
WBGene00006733,288,2786,3074
WBGene00006734,86,2532,2618
WBGene00006735,19,1108,1127
WBGene00006736,142,1972,2114
WBGene00006737,41,1161,1202
WBGene00006738,34,1047,1081
WBGene00006739,374,7378,7752
WBGene00006740,21,186,207
WBGene00006741,362,7765,8127
WBGene00006742,656,1801,2457
WBGene00006743,74,340,414
WBGene00006744,22,223,245
WBGene00006745,580,1583,2163
WBGene00006746,68,905,973
WBGene00006747,1205,1422,2627
WBGene00006748,16,89,105
WBGene00006749,221,2821,3042
WBGene00006750,167,1077,1244
WBGene00006751,594,2141,2735
WBGene00006752,1262,5977,7239
WBGene00006753,858,11294,12152
WBGene00006754,6173,228798,234971
WBGene00006755,617,5458,6075
WBGene00006756,0,4,4
WBGene00006757,45,2041,2086
WBGene00006759,3536,48515,52051
WBGene00006760,677,9164,9841
WBGene00006761,91,1475,1566
WBGene00006762,584,3604,4188
WBGene00006763,286,1991,2277
WBGene00006764,8186,143371,151557
WBGene00006765,537,1289,1826
WBGene00006766,51,462,513
WBGene00006767,427,477,904
WBGene00006768,464,7558,8022
WBGene00006769,733,2108,2841
WBGene00006770,669,2919,3588
WBGene00006771,1549,17657,19206
WBGene00006772,421,3590,4011
WBGene00006773,185,2914,3099
WBGene00006774,135,824,959
WBGene00006775,11,82,93
WBGene00006776,607,4465,5072
WBGene00006777,342,1980,2322
WBGene00006778,59,635,694
WBGene00006779,3193,17975,21168
WBGene00006780,5217,62439,67656
WBGene00006781,386,3386,3772
WBGene00006782,9,207,216
WBGene00006783,31,316,347
WBGene00006784,855,5576,6431
WBGene00006785,45,1242,1287
WBGene00006786,299,3995,4294
WBGene00006787,1138,10191,11329
WBGene00006788,524,2505,3029
WBGene00006789,2402,186441,188843
WBGene00006790,48,150,198
WBGene00006791,382,2909,3291
WBGene00006792,319,1217,1536
WBGene00006793,126,2751,2877
WBGene00006794,1622,58324,59946
WBGene00006795,83,2078,2161
WBGene00006796,1170,11498,12668
WBGene00006797,1196,662,1858
WBGene00006798,2756,4072,6828
WBGene00006801,3290,37737,41027
WBGene00006802,367,7375,7742
WBGene00006803,929,13298,14227
WBGene00006804,106,833,939
WBGene00006805,3821,12254,16075
WBGene00006807,239,572,811
WBGene00006808,510,4553,5063
WBGene00006809,454,882,1336
WBGene00006810,392,5024,5416
WBGene00006811,293,904,1197
WBGene00006812,403,3348,3751
WBGene00006814,2910,9338,12248
WBGene00006815,968,16496,17464
WBGene00006816,37,2035,2072
WBGene00006817,289,4943,5232
WBGene00006818,154,2630,2784
WBGene00006819,2981,102791,105772
WBGene00006820,6305,56556,62861
WBGene00006822,218,1445,1663
WBGene00006823,1672,12859,14531
WBGene00006824,284,17460,17744
WBGene00006825,754,8718,9472
WBGene00006826,759,20036,20795
WBGene00006827,5355,9039,14394
WBGene00006829,82,1807,1889
WBGene00006830,2836,3395,6231
WBGene00006831,698,3793,4491
WBGene00006832,194,1634,1828
WBGene00006833,154,16582,16736
WBGene00006836,240,13906,14146
WBGene00006839,794,10957,11751
WBGene00006840,288,9748,10036
WBGene00006843,286,2049,2335
WBGene00006844,312,6133,6445
WBGene00006845,576,4828,5404
WBGene00006852,112,4631,4743
WBGene00006853,21,954,975
WBGene00006856,61,3442,3503
WBGene00006861,894,8840,9734
WBGene00006862,33,375,408
WBGene00006863,275,33103,33378
WBGene00006864,75,777,852
WBGene00006865,22,362,384
WBGene00006868,758,2867,3625
WBGene00006869,103,761,864
WBGene00006870,401,1578,1979
WBGene00006873,25,201,226
WBGene00006874,547,8498,9045
WBGene00006875,37,2536,2573
WBGene00006876,1011,10730,11741
WBGene00006881,21,281,302
WBGene00006882,93,835,928
WBGene00006886,2729,25234,27963
WBGene00006887,389,1386,1775
WBGene00006888,474,5927,6401
WBGene00006889,74,15999,16073
WBGene00006890,599,6322,6921
WBGene00006893,231,2740,2971
WBGene00006894,4,2,6
WBGene00006896,68,562,630
WBGene00006897,3,11,14
WBGene00006902,0,3,3
WBGene00006910,0,14759,14759
WBGene00006911,122,21463,21585
WBGene00006912,0,9288,9288
WBGene00006913,65,7591,7656
WBGene00006914,48,4288,4336
WBGene00006915,3,273,276
WBGene00006916,115,779,894
WBGene00006917,113,14555,14668
WBGene00006918,401,10310,10711
WBGene00006919,236,15797,16033
WBGene00006920,607,8191,8798
WBGene00006921,29,7819,7848
WBGene00006922,21,865,886
WBGene00006923,3128,5053,8181
WBGene00006924,434,66073,66507
WBGene00006925,1,2,3
WBGene00006926,1,8,9
WBGene00006927,0,8,8
WBGene00006928,2,16,18
WBGene00006929,0,0,0
WBGene00006930,0,18,18
WBGene00006931,184,2583,2767
WBGene00006932,325,3133,3458
WBGene00006933,104,2520,2624
WBGene00006934,264,1652,1916
WBGene00006935,72,3371,3443
WBGene00006936,450,8980,9430
WBGene00006937,540,10718,11258
WBGene00006938,3,29,32
WBGene00006940,7,484,491
WBGene00006941,378,4364,4742
WBGene00006942,186,6167,6353
WBGene00006943,73,1022,1095
WBGene00006944,30,581,611
WBGene00006945,171,4186,4357
WBGene00006946,152,931,1083
WBGene00006947,8,220,228
WBGene00006948,9,712,721
WBGene00006949,64,757,821
WBGene00006950,17,57,74
WBGene00006951,149,1976,2125
WBGene00006952,13,644,657
WBGene00006953,7,4,11
WBGene00006954,5,52,57
WBGene00006955,137,240,377
WBGene00006956,273,9218,9491
WBGene00006957,240,2041,2281
WBGene00006958,135,626,761
WBGene00006959,2002,98815,100817
WBGene00006960,38,86,124
WBGene00006961,917,10446,11363
WBGene00006962,3,19,22
WBGene00006963,67,1752,1819
WBGene00006964,520,4755,5275
WBGene00006965,1,45,46
WBGene00006966,4,94,98
WBGene00006968,138,2513,2651
WBGene00006970,46,2132,2178
WBGene00006971,79,1111,1190
WBGene00006974,26,1533,1559
WBGene00006975,1049,8482,9531
WBGene00006976,1594,422,2016
WBGene00006977,10,163,173
WBGene00006978,236,10259,10495
WBGene00006979,0,145,145
WBGene00006980,3,129,132
WBGene00006981,2,501,503
WBGene00006982,75,960,1035
WBGene00006983,118,824,942
WBGene00006984,2040,9605,11645
WBGene00006985,225,691,916
WBGene00006986,386,1504,1890
WBGene00006987,193,398,591
WBGene00006988,148,773,921
WBGene00006993,485,970,1455
WBGene00006994,224,3782,4006
WBGene00006996,29,1273,1302
WBGene00006997,18,949,967
WBGene00006999,3005,36707,39712
WBGene00007000,663,29087,29750
WBGene00007001,55,6232,6287
WBGene00007006,119,493,612
WBGene00007007,245,2573,2818
WBGene00007008,134,4307,4441
WBGene00007009,282,4142,4424
WBGene00007010,235,3830,4065
WBGene00007011,34,450,484
WBGene00007012,111,860,971
WBGene00007013,304,990,1294
WBGene00007014,74,470,544
WBGene00007015,9,940,949
WBGene00007016,854,8147,9001
WBGene00007017,1278,829,2107
WBGene00007018,138,1918,2056
WBGene00007019,483,4629,5112
WBGene00007020,198,1135,1333
WBGene00007021,134,2750,2884
WBGene00007022,331,4180,4511
WBGene00007023,124,2014,2138
WBGene00007024,582,24756,25338
WBGene00007025,279,2825,3104
WBGene00007026,79,931,1010
WBGene00007027,1668,5106,6774
WBGene00007028,111,3990,4101
WBGene00007029,281,1822,2103
WBGene00007030,1499,16689,18188
WBGene00007036,5,13,18
WBGene00007041,74,333,407
WBGene00007042,233,8932,9165
WBGene00007043,16,750,766
WBGene00007044,281,4257,4538
WBGene00007045,8,715,723
WBGene00007047,163,908,1071
WBGene00007048,122,5023,5145
WBGene00007049,9,31,40
WBGene00007050,888,8618,9506
WBGene00007053,277,8122,8399
WBGene00007054,1147,5528,6675
WBGene00007055,142,4401,4543
WBGene00007056,113,843,956
WBGene00007057,0,42,42
WBGene00007058,288,5095,5383
WBGene00007059,46,764,810
WBGene00007060,1,1,2
WBGene00007062,0,0,0
WBGene00007063,160,516,676
WBGene00007064,526,541,1067
WBGene00007065,36,355,391
WBGene00007067,107,824,931
WBGene00007068,196,1357,1553
WBGene00007069,10,7,17
WBGene00007070,23,608,631
WBGene00007071,160,1765,1925
WBGene00007072,2,33,35
WBGene00007073,27,297,324
WBGene00007075,0,0,0
WBGene00007076,0,0,0
WBGene00007079,0,0,0
WBGene00007080,1,3,4
WBGene00007081,1,3,4
WBGene00007082,1,29,30
WBGene00007083,0,2,2
WBGene00007084,41,391,432
WBGene00007085,0,162,162
WBGene00007087,58,1104,1162
WBGene00007088,147,2644,2791
WBGene00007089,133,1738,1871
WBGene00007090,29,753,782
WBGene00007091,643,6571,7214
WBGene00007092,34,258,292
WBGene00007093,31,739,770
WBGene00007094,202,649,851
WBGene00007096,80,953,1033
WBGene00007097,7,22,29
WBGene00007099,389,7942,8331
WBGene00007100,20,1000,1020
WBGene00007101,63,4395,4458
WBGene00007102,25,262,287
WBGene00007103,150,1070,1220
WBGene00007104,135,1415,1550
WBGene00007105,195,4514,4709
WBGene00007106,123,3186,3309
WBGene00007107,1106,16195,17301
WBGene00007108,184,3170,3354
WBGene00007109,6,202,208
WBGene00007110,151,3046,3197
WBGene00007111,119,3056,3175
WBGene00007112,39,247,286
WBGene00007113,144,4245,4389
WBGene00007114,52,292,344
WBGene00007115,29,267,296
WBGene00007116,55,232,287
WBGene00007117,12,73,85
WBGene00007118,97,1191,1288
WBGene00007119,164,1231,1395
WBGene00007122,308,19021,19329
WBGene00007123,0,0,0
WBGene00007124,40,226,266
WBGene00007125,0,8,8
WBGene00007126,298,2032,2330
WBGene00007127,5,4,9
WBGene00007128,92,833,925
WBGene00007129,61,10006,10067
WBGene00007130,47,191,238
WBGene00007131,19,56,75
WBGene00007132,5,41,46
WBGene00007133,69,522,591
WBGene00007134,10,6,16
WBGene00007135,379,1463,1842
WBGene00007136,232,2360,2592
WBGene00007137,151,2681,2832
WBGene00007138,61,497,558
WBGene00007139,497,6370,6867
WBGene00007140,6,36,42
WBGene00007141,0,44,44
WBGene00007142,337,5953,6290
WBGene00007143,51,1444,1495
WBGene00007144,46,1637,1683
WBGene00007145,178,1230,1408
WBGene00007146,13,170,183
WBGene00007148,7,18,25
WBGene00007149,0,49,49
WBGene00007150,37,2203,2240
WBGene00007152,1,13,14
WBGene00007153,0,57,57
WBGene00007154,41,324,365
WBGene00007155,960,18537,19497
WBGene00007156,4,7,11
WBGene00007158,10,4,14
WBGene00007159,2,22,24
WBGene00007161,1,0,1
WBGene00007162,166,250,416
WBGene00007163,1,4,5
WBGene00007164,3,8,11
WBGene00007166,9,347,356
WBGene00007167,274,1692,1966
WBGene00007168,23,1133,1156
WBGene00007169,13,32,45
WBGene00007170,29,350,379
WBGene00007171,9,112,121
WBGene00007172,12,129,141
WBGene00007173,0,0,0
WBGene00007174,36,635,671
WBGene00007175,116,1457,1573
WBGene00007176,1445,1034,2479
WBGene00007177,9,75,84
WBGene00007178,10,581,591
WBGene00007179,1,5,6
WBGene00007180,79,1166,1245
WBGene00007182,0,1,1
WBGene00007183,3,153,156
WBGene00007184,322,7714,8036
WBGene00007185,120,921,1041
WBGene00007186,42,1735,1777
WBGene00007187,59,445,504
WBGene00007188,137,1338,1475
WBGene00007189,46,648,694
WBGene00007190,4,39,43
WBGene00007191,38,156,194
WBGene00007192,1221,17959,19180
WBGene00007193,162,1623,1785
WBGene00007194,22,1890,1912
WBGene00007195,199,2073,2272
WBGene00007196,288,828,1116
WBGene00007197,1413,13340,14753
WBGene00007200,254,1344,1598
WBGene00007201,236,7964,8200
WBGene00007202,25,499,524
WBGene00007203,6,304,310
WBGene00007204,2,18,20
WBGene00007206,0,0,0
WBGene00007207,207,2471,2678
WBGene00007208,0,0,0
WBGene00007209,1,0,1
WBGene00007210,36,170,206
WBGene00007211,4,1,5
WBGene00007212,19,66,85
WBGene00007213,67,567,634
WBGene00007214,368,2197,2565
WBGene00007215,161,3526,3687
WBGene00007216,495,1630,2125
WBGene00007217,266,5656,5922
WBGene00007218,53,3,56
WBGene00007219,41,1799,1840
WBGene00007220,3,16,19
WBGene00007221,123,859,982
WBGene00007222,23,76,99
WBGene00007223,497,11495,11992
WBGene00007224,15,72,87
WBGene00007225,0,56,56
WBGene00007226,167,1472,1639
WBGene00007227,440,10876,11316
WBGene00007228,32,188,220
WBGene00007229,36,89,125
WBGene00007230,6,11,17
WBGene00007231,54,79,133
WBGene00007232,29,192,221
WBGene00007233,48,1373,1421
WBGene00007234,0,1115,1115
WBGene00007235,733,19433,20166
WBGene00007236,4,631,635
WBGene00007237,133,679,812
WBGene00007239,0,0,0
WBGene00007240,128,2092,2220
WBGene00007241,43,225,268
WBGene00007242,49,661,710
WBGene00007243,0,9,9
WBGene00007244,0,4,4
WBGene00007245,0,0,0
WBGene00007246,0,17,17
WBGene00007247,22,111,133
WBGene00007248,2,15,17
WBGene00007249,0,2,2
WBGene00007250,1,2,3
WBGene00007251,0,1,1
WBGene00007252,53,279,332
WBGene00007253,38,343,381
WBGene00007254,31,82,113
WBGene00007255,20,134,154
WBGene00007256,304,8907,9211
WBGene00007257,983,3619,4602
WBGene00007258,107,952,1059
WBGene00007259,31,6,37
WBGene00007260,560,987,1547
WBGene00007261,138,5413,5551
WBGene00007262,22,76,98
WBGene00007264,10,65,75
WBGene00007265,0,12,12
WBGene00007266,82,1296,1378
WBGene00007267,54,602,656
WBGene00007268,14,98,112
WBGene00007269,8,9,17
WBGene00007270,43,1275,1318
WBGene00007271,21,13,34
WBGene00007273,49,21,70
WBGene00007274,5,48,53
WBGene00007275,133,208,341
WBGene00007277,16,78,94
WBGene00007278,2,34,36
WBGene00007279,3,1,4
WBGene00007281,6,92,98
WBGene00007282,7,46,53
WBGene00007283,1,1,2
WBGene00007284,286,1008,1294
WBGene00007285,14,191,205
WBGene00007286,22,258,280
WBGene00007287,42,941,983
WBGene00007288,3,30,33
WBGene00007289,0,0,0
WBGene00007290,0,0,0
WBGene00007291,0,0,0
WBGene00007292,1,18,19
WBGene00007293,0,1,1
WBGene00007294,0,0,0
WBGene00007295,19,234,253
WBGene00007296,85,3532,3617
WBGene00007297,73,465,538
WBGene00007299,11,485,496
WBGene00007301,1056501,102,1056603
WBGene00007302,71,1800,1871
WBGene00007303,18,186,204
WBGene00007304,83,414,497
WBGene00007305,1,11,12
WBGene00007306,2,2,4
WBGene00007307,11,8,19
WBGene00007308,0,1,1
WBGene00007309,2,14,16
WBGene00007310,9,7,16
WBGene00007311,6,5,11
WBGene00007312,14,1504,1518
WBGene00007313,1,4,5
WBGene00007314,25,29,54
WBGene00007315,1,1,2
WBGene00007316,267,1699,1966
WBGene00007317,65,4952,5017
WBGene00007319,4,1,5
WBGene00007320,0,1,1
WBGene00007321,55,960,1015
WBGene00007322,11,23,34
WBGene00007323,10,23,33
WBGene00007324,577,5232,5809
WBGene00007325,4,52,56
WBGene00007326,13,45,58
WBGene00007327,19,84,103
WBGene00007328,5,11,16
WBGene00007329,133,1259,1392
WBGene00007330,693,37777,38470
WBGene00007331,206,1231,1437
WBGene00007332,6,544,550
WBGene00007333,266,2026,2292
WBGene00007334,57,422,479
WBGene00007335,1,1,2
WBGene00007336,13,103,116
WBGene00007337,0,17,17
WBGene00007338,4,152,156
WBGene00007339,12,134,146
WBGene00007340,12,27,39
WBGene00007341,0,6,6
WBGene00007342,0,0,0
WBGene00007343,30,311,341
WBGene00007344,11,100,111
WBGene00007345,37,229,266
WBGene00007346,9,76,85
WBGene00007347,37,104,141
WBGene00007348,106,501,607
WBGene00007349,126,1076,1202
WBGene00007350,1160,29769,30929
WBGene00007351,44,58,102
WBGene00007352,534,9950,10484
WBGene00007353,1119,7984,9103
WBGene00007354,12,70,82
WBGene00007355,0,14358,14358
WBGene00007356,0,3,3
WBGene00007357,266,1678,1944
WBGene00007358,5,30,35
WBGene00007359,2,2,4
WBGene00007360,7,17,24
WBGene00007361,12,5,17
WBGene00007362,35,142,177
WBGene00007363,59,2374,2433
WBGene00007364,2,19,21
WBGene00007365,482,13136,13618
WBGene00007366,251,526,777
WBGene00007367,118,675,793
WBGene00007368,3,17,20
WBGene00007369,0,7,7
WBGene00007370,2,0,2
WBGene00007372,12,68,80
WBGene00007373,0,0,0
WBGene00007374,7,36,43
WBGene00007375,77,318,395
WBGene00007377,1,53,54
WBGene00007378,12,31,43
WBGene00007379,2,0,2
WBGene00007380,0,5,5
WBGene00007381,1,3,4
WBGene00007382,1,35,36
WBGene00007383,1,2,3
WBGene00007384,4,220,224
WBGene00007385,5280,99637,104917
WBGene00007386,210,2691,2901
WBGene00007387,437,637,1074
WBGene00007388,86,905,991
WBGene00007389,46,526,572
WBGene00007390,6,4730,4736
WBGene00007391,1,21,22
WBGene00007392,0,17,17
WBGene00007393,2,6,8
WBGene00007394,16,34,50
WBGene00007395,69,592,661
WBGene00007396,109,909,1018
WBGene00007397,10,100,110
WBGene00007398,1,15,16
WBGene00007399,12,23,35
WBGene00007400,121,4103,4224
WBGene00007401,0,0,0
WBGene00007402,95,999,1094
WBGene00007403,96,908,1004
WBGene00007404,8,2,10
WBGene00007405,260,4831,5091
WBGene00007406,1,2,3
WBGene00007407,6,698,704
WBGene00007408,11,203,214
WBGene00007409,65,254,319
WBGene00007410,36,38,74
WBGene00007411,18,350,368
WBGene00007412,67,1655,1722
WBGene00007413,456,4401,4857
WBGene00007414,39,345,384
WBGene00007415,10,40,50
WBGene00007416,16,112,128
WBGene00007417,54,1075,1129
WBGene00007418,13,199,212
WBGene00007419,446,3433,3879
WBGene00007420,2,155,157
WBGene00007421,97,1089,1186
WBGene00007422,5,58,63
WBGene00007423,0,11,11
WBGene00007424,2,29,31
WBGene00007425,8,162,170
WBGene00007426,4,11,15
WBGene00007427,6,0,6
WBGene00007428,310,2986,3296
WBGene00007429,203,4523,4726
WBGene00007430,15,441,456
WBGene00007431,3,20,23
WBGene00007432,1,1,2
WBGene00007433,323,4715,5038
WBGene00007434,9,735,744
WBGene00007435,7,697,704
WBGene00007436,7,1028,1035
WBGene00007437,1,24,25
WBGene00007438,2,1,3
WBGene00007439,11,31,42
WBGene00007440,5,42,47
WBGene00007441,0,0,0
WBGene00007442,7,5,12
WBGene00007443,0,10846,10846
WBGene00007444,1892,1839,3731
WBGene00007445,18,306,324
WBGene00007446,1,2,3
WBGene00007447,0,2,2
WBGene00007448,2,18,20
WBGene00007449,1086,17492,18578
WBGene00007450,1133,10348,11481
WBGene00007452,1,5,6
WBGene00007453,0,7,7
WBGene00007454,0,12,12
WBGene00007455,27,228,255
WBGene00007456,0,1,1
WBGene00007457,0,1,1
WBGene00007458,0,0,0
WBGene00007459,0,0,0
WBGene00007460,11,266,277
WBGene00007462,15,240,255
WBGene00007463,186,27643,27829
WBGene00007464,28,454,482
WBGene00007465,81,67,148
WBGene00007466,6,24,30
WBGene00007467,1,64,65
WBGene00007469,5,25,30
WBGene00007470,3,47,50
WBGene00007471,2,40,42
WBGene00007472,1,2,3
WBGene00007473,0,0,0
WBGene00007474,40,1106,1146
WBGene00007476,171,1458,1629
WBGene00007478,1,13,14
WBGene00007479,102,3567,3669
WBGene00007480,125,372,497
WBGene00007482,6,103,109
WBGene00007483,2,68,70
WBGene00007484,2,32,34
WBGene00007485,10,16,26
WBGene00007486,110,638,748
WBGene00007487,66,1157,1223
WBGene00007488,93,1816,1909
WBGene00007489,0,3,3
WBGene00007490,111,703,814
WBGene00007492,672,6389,7061
WBGene00007493,31,1600,1631
WBGene00007494,8,25,33
WBGene00007495,76,482,558
WBGene00007496,3,5,8
WBGene00007497,2,0,2
WBGene00007499,236,477,713
WBGene00007500,192,2923,3115
WBGene00007501,9,48,57
WBGene00007502,56,216,272
WBGene00007503,7,29,36
WBGene00007504,27,749,776
WBGene00007505,526,3582,4108
WBGene00007506,11,60,71
WBGene00007507,5,56,61
WBGene00007508,0,5,5
WBGene00007509,12,27,39
WBGene00007511,84,1194,1278
WBGene00007512,2,1,3
WBGene00007513,27,131,158
WBGene00007514,160,4895,5055
WBGene00007515,8,103,111
WBGene00007516,32,810,842
WBGene00007517,1,66,67
WBGene00007518,10,113,123
WBGene00007520,154,1935,2089
WBGene00007521,9,19,28
WBGene00007522,10,74,84
WBGene00007523,0,1,1
WBGene00007525,11,170,181
WBGene00007528,38,427,465
WBGene00007529,69,1073,1142
WBGene00007530,15,83,98
WBGene00007531,75,1319,1394
WBGene00007532,15,662,677
WBGene00007533,79,421,500
WBGene00007534,91,9475,9566
WBGene00007535,0,2,2
WBGene00007536,9,86,95
WBGene00007537,5,634,639
WBGene00007538,2,21,23
WBGene00007540,0,9,9
WBGene00007541,8,696,704
WBGene00007542,0,18,18
WBGene00007543,3,48,51
WBGene00007544,6,246,252
WBGene00007545,110,368,478
WBGene00007546,101,632,733
WBGene00007547,162,1133,1295
WBGene00007548,30,438,468
WBGene00007549,33,368,401
WBGene00007550,31,182,213
WBGene00007551,122,1994,2116
WBGene00007552,26,329,355
WBGene00007553,2,752,754
WBGene00007554,121,4562,4683
WBGene00007555,12,9351,9363
WBGene00007556,87,1282,1369
WBGene00007557,6,75,81
WBGene00007558,4,53,57
WBGene00007559,0,4,4
WBGene00007560,7,64,71
WBGene00007561,35,1298,1333
WBGene00007562,168,688,856
WBGene00007563,4,93,97
WBGene00007564,17,6701,6718
WBGene00007565,2,3,5
WBGene00007567,0,0,0
WBGene00007569,0,0,0
WBGene00007570,4,0,4
WBGene00007571,0,0,0
WBGene00007572,1,1,2
WBGene00007573,33,1498,1531
WBGene00007574,102,2435,2537
WBGene00007576,105,1641,1746
WBGene00007577,159,921,1080
WBGene00007579,96,1816,1912
WBGene00007580,16,214,230
WBGene00007581,39,893,932
WBGene00007583,272,2276,2548
WBGene00007584,7,27,34
WBGene00007585,54,410,464
WBGene00007586,60,6243,6303
WBGene00007587,143,4529,4672
WBGene00007588,77,6080,6157
WBGene00007589,6,379,385
WBGene00007590,290,3823,4113
WBGene00007591,191,2745,2936
WBGene00007592,655,4388,5043
WBGene00007593,312,2214,2526
WBGene00007594,51,1732,1783
WBGene00007595,14,157,171
WBGene00007597,423,330,753
WBGene00007598,2,6,8
WBGene00007599,138,687,825
WBGene00007600,9,632,641
WBGene00007601,3,5,8
WBGene00007602,758,1969,2727
WBGene00007603,55,464,519
WBGene00007604,4,249,253
WBGene00007605,14,422,436
WBGene00007606,46,1300,1346
WBGene00007607,9,138,147
WBGene00007608,14,125,139
WBGene00007609,17,1135,1152
WBGene00007610,1,0,1
WBGene00007611,4,13,17
WBGene00007613,2,7,9
WBGene00007614,405,806,1211
WBGene00007615,155,1717,1872
WBGene00007616,321,4620,4941
WBGene00007617,466,16104,16570
WBGene00007618,0,5,5
WBGene00007619,93,256,349
WBGene00007620,2976,2668,5644
WBGene00007621,400,3686,4086
WBGene00007622,159,441,600
WBGene00007623,289,3432,3721
WBGene00007624,6,613,619
WBGene00007625,189,5196,5385
WBGene00007626,106,3218,3324
WBGene00007627,70,1822,1892
WBGene00007628,264,2899,3163
WBGene00007629,85,340,425
WBGene00007630,61,43093,43154
WBGene00007631,36,20,56
WBGene00007632,2,26,28
WBGene00007633,107,185,292
WBGene00007634,0,78,78
WBGene00007635,187,396,583
WBGene00007636,11,18,29
WBGene00007637,273,1851,2124
WBGene00007638,0,0,0
WBGene00007639,5,17,22
WBGene00007640,188,1062,1250
WBGene00007641,1,0,1
WBGene00007642,0,0,0
WBGene00007643,12,42,54
WBGene00007644,4,70,74
WBGene00007645,559,3715,4274
WBGene00007646,513,9823,10336
WBGene00007647,638,3980,4618
WBGene00007648,0,13,13
WBGene00007649,0,0,0
WBGene00007650,13,100,113
WBGene00007651,135,1127,1262
WBGene00007652,81,1825,1906
WBGene00007653,226,5992,6218
WBGene00007655,119,1,120
WBGene00007656,2,2,4
WBGene00007657,4,2,6
WBGene00007658,5,5,10
WBGene00007659,0,1,1
WBGene00007660,1,0,1
WBGene00007661,2,1,3
WBGene00007662,1,4,5
WBGene00007663,4,14,18
WBGene00007664,162,1895,2057
WBGene00007666,253,1750,2003
WBGene00007668,117,2017,2134
WBGene00007669,8,44,52
WBGene00007670,44,124,168
WBGene00007672,2,10,12
WBGene00007673,0,0,0
WBGene00007674,0,0,0
WBGene00007675,52,388,440
WBGene00007678,2,1,3
WBGene00007679,47,2954,3001
WBGene00007680,36,91,127
WBGene00007681,955,7661,8616
WBGene00007682,3,21,24
WBGene00007683,1255,17241,18496
WBGene00007684,1919,30892,32811
WBGene00007685,35,108,143
WBGene00007686,120,14670,14790
WBGene00007687,20,140,160
WBGene00007688,2,3,5
WBGene00007689,21,1225,1246
WBGene00007690,813,1031,1844
WBGene00007691,9,13,22
WBGene00007692,2,13,15
WBGene00007693,0,4,4
WBGene00007694,7,71,78
WBGene00007695,1,27,28
WBGene00007696,161,12088,12249
WBGene00007697,167,1108,1275
WBGene00007698,108,1615,1723
WBGene00007699,0,0,0
WBGene00007700,0,0,0
WBGene00007701,3,9,12
WBGene00007702,258,940,1198
WBGene00007703,1140,3951,5091
WBGene00007704,23,367,390
WBGene00007705,19,1620,1639
WBGene00007706,103,3492,3595
WBGene00007707,15,1240,1255
WBGene00007708,0,0,0
WBGene00007709,0,201,201
WBGene00007710,30,1154,1184
WBGene00007711,18,1550,1568
WBGene00007712,24,8328,8352
WBGene00007713,0,36,36
WBGene00007714,0,0,0
WBGene00007716,0,0,0
WBGene00007717,4,23,27
WBGene00007718,5,3067,3072
WBGene00007719,0,9,9
WBGene00007720,5,1307,1312
WBGene00007722,26,316,342
WBGene00007723,14,19,33
WBGene00007724,0,11,11
WBGene00007725,2,11,13
WBGene00007726,4,14,18
WBGene00007727,1,5,6
WBGene00007728,1,18,19
WBGene00007729,48,843,891
WBGene00007730,52,1881,1933
WBGene00007731,4,1634,1638
WBGene00007732,1,43,44
WBGene00007733,0,20,20
WBGene00007734,9,17,26
WBGene00007735,1,2,3
WBGene00007736,84,961,1045
WBGene00007739,106,91,197
WBGene00007740,7,3,10
WBGene00007741,199,704,903
WBGene00007742,38,26,64
WBGene00007743,16,100,116
WBGene00007744,570,880,1450
WBGene00007745,134,637,771
WBGene00007746,39,576,615
WBGene00007747,1,15,16
WBGene00007748,25,48,73
WBGene00007749,53,1020,1073
WBGene00007750,80,1615,1695
WBGene00007751,33,42,75
WBGene00007752,437,2592,3029
WBGene00007753,98,766,864
WBGene00007755,90,385,475
WBGene00007756,207,1509,1716
WBGene00007757,55,82,137
WBGene00007758,410,2509,2919
WBGene00007759,3,7,10
WBGene00007760,55,1025,1080
WBGene00007761,318,2519,2837
WBGene00007762,11,599,610
WBGene00007763,51,209,260
WBGene00007764,433,2445,2878
WBGene00007765,9,30,39
WBGene00007766,6,290,296
WBGene00007768,4,18,22
WBGene00007769,1,1,2
WBGene00007770,0,0,0
WBGene00007771,3,284,287
WBGene00007772,94,1620,1714
WBGene00007773,1,3,4
WBGene00007774,119,1350,1469
WBGene00007775,100,181,281
WBGene00007776,42,284,326
WBGene00007777,4,2,6
WBGene00007778,3,8,11
WBGene00007779,20,231,251
WBGene00007780,18,297,315
WBGene00007784,135,7127,7262
WBGene00007785,19,1268,1287
WBGene00007786,275,11971,12246
WBGene00007787,27,3716,3743
WBGene00007788,8,100,108
WBGene00007789,14,100,114
WBGene00007791,6,17,23
WBGene00007792,0,1,1
WBGene00007793,0,0,0
WBGene00007794,0,0,0
WBGene00007795,0,0,0
WBGene00007796,32,218,250
WBGene00007797,23,149,172
WBGene00007799,282,812,1094
WBGene00007800,33,64,97
WBGene00007801,289,1085,1374
WBGene00007802,73,78,151
WBGene00007804,1,29,30
WBGene00007805,0,0,0
WBGene00007806,9,94,103
WBGene00007807,7,109,116
WBGene00007808,7,35,42
WBGene00007809,2,29,31
WBGene00007810,11,54,65
WBGene00007811,19,173,192
WBGene00007812,311,4374,4685
WBGene00007813,1,1,2
WBGene00007816,164,149,313
WBGene00007817,120,286,406
WBGene00007818,32,289,321
WBGene00007819,36,516,552
WBGene00007820,292,2743,3035
WBGene00007822,14,21,35
WBGene00007823,16,68,84
WBGene00007824,3127,8485,11612
WBGene00007825,40,818,858
WBGene00007826,25,2493,2518
WBGene00007827,132,2035,2167
WBGene00007829,1,0,1
WBGene00007831,0,7,7
WBGene00007832,0,9,9
WBGene00007833,2,4,6
WBGene00007834,2,0,2
WBGene00007835,10,52,62
WBGene00007836,16,2610,2626
WBGene00007837,56,491,547
WBGene00007840,135,14,149
WBGene00007841,44,1168,1212
WBGene00007842,0,174,174
WBGene00007844,3,7,10
WBGene00007845,2,7,9
WBGene00007846,57,809,866
WBGene00007847,57,627,684
WBGene00007848,611,11147,11758
WBGene00007849,115,414,529
WBGene00007850,1,4,5
WBGene00007851,2,52,54
WBGene00007852,0,0,0
WBGene00007853,0,7,7
WBGene00007854,137,357,494
WBGene00007855,0,2157,2157
WBGene00007856,16,483,499
WBGene00007857,2,41,43
WBGene00007858,9,50,59
WBGene00007859,140,3982,4122
WBGene00007860,705,3335,4040
WBGene00007861,5,47,52
WBGene00007862,104,319,423
WBGene00007863,9,2,11
WBGene00007864,0,6,6
WBGene00007865,0,1,1
WBGene00007866,0,0,0
WBGene00007867,5,25,30
WBGene00007868,3,917,920
WBGene00007869,1,63,64
WBGene00007870,9,121,130
WBGene00007871,0,0,0
WBGene00007872,0,0,0
WBGene00007873,0,0,0
WBGene00007874,0,25,25
WBGene00007875,2,87,89
WBGene00007876,0,1,1
WBGene00007877,589,5657,6246
WBGene00007878,255,528,783
WBGene00007880,2837,23587,26424
WBGene00007881,68,2545,2613
WBGene00007882,119,6804,6923
WBGene00007883,143,4413,4556
WBGene00007885,88,476,564
WBGene00007886,175,666,841
WBGene00007887,0,0,0
WBGene00007888,20,48,68
WBGene00007890,27,219,246
WBGene00007891,6,90,96
WBGene00007892,7,2596,2603
WBGene00007893,9,5,14
WBGene00007894,2,26,28
WBGene00007895,0,3,3
WBGene00007896,9,10,19
WBGene00007897,6,32,38
WBGene00007898,18,298,316
WBGene00007900,67,1307,1374
WBGene00007901,14,983,997
WBGene00007903,15,176,191
WBGene00007904,17,22,39
WBGene00007905,4,7,11
WBGene00007906,65,786,851
WBGene00007907,1642,3087,4729
WBGene00007908,195,595,790
WBGene00007909,134,456,590
WBGene00007910,5,26,31
WBGene00007911,7,103,110
WBGene00007912,96,1325,1421
WBGene00007913,129,540,669
WBGene00007914,160,1663,1823
WBGene00007916,29,786,815
WBGene00007917,185,1657,1842
WBGene00007918,68,1139,1207
WBGene00007919,186,1165,1351
WBGene00007920,0,11,11
WBGene00007921,236,2227,2463
WBGene00007922,257,1528,1785
WBGene00007923,408,3368,3776
WBGene00007924,397,14739,15136
WBGene00007925,133,2057,2190
WBGene00007926,49,143,192
WBGene00007927,566,9947,10513
WBGene00007928,6,120,126
WBGene00007929,9,460,469
WBGene00007930,0,1,1
WBGene00007931,42,517,559
WBGene00007932,43,260,303
WBGene00007933,24,395,419
WBGene00007934,72,2326,2398
WBGene00007935,77,102,179
WBGene00007937,3,8,11
WBGene00007938,25,795,820
WBGene00007939,23,206,229
WBGene00007941,78,373,451
WBGene00007942,302,3496,3798
WBGene00007943,44,1388,1432
WBGene00007944,129,1677,1806
WBGene00007945,9,75,84
WBGene00007946,1,36,37
WBGene00007947,86,861,947
WBGene00007948,2,0,2
WBGene00007949,7,157,164
WBGene00007950,591,3264,3855
WBGene00007951,181,553,734
WBGene00007952,142,3838,3980
WBGene00007953,141,382,523
WBGene00007954,2,8,10
WBGene00007955,205,7590,7795
WBGene00007956,80,819,899
WBGene00007957,17,122,139
WBGene00007958,280,1156,1436
WBGene00007959,121,711,832
WBGene00007960,0,2,2
WBGene00007961,0,5,5
WBGene00007963,2,3,5
WBGene00007964,22,65,87
WBGene00007965,38,730,768
WBGene00007966,10,294,304
WBGene00007967,53,502,555
WBGene00007969,79,4319,4398
WBGene00007970,26,221,247
WBGene00007971,267,5354,5621
WBGene00007972,168,1539,1707
WBGene00007973,2,8,10
WBGene00007974,124,2398,2522
WBGene00007975,139,1690,1829
WBGene00007976,50,857,907
WBGene00007977,1,14,15
WBGene00007978,40,678,718
WBGene00007979,54,1081,1135
WBGene00007980,242,7718,7960
WBGene00007981,191,3524,3715
WBGene00007982,204,1756,1960
WBGene00007983,159,961,1120
WBGene00007984,151,3128,3279
WBGene00007985,120,185,305
WBGene00007986,1,3,4
WBGene00007987,0,0,0
WBGene00007988,31,140,171
WBGene00007989,3,35,38
WBGene00007990,0,21,21
WBGene00007991,44,465,509
WBGene00007992,0,35,35
WBGene00007993,163,9996,10159
WBGene00007994,101,697,798
WBGene00007995,10,2,12
WBGene00007996,7,13,20
WBGene00007997,7928,60,7988
WBGene00007998,4,6,10
WBGene00007999,48,587,635
WBGene00008000,109,2060,2169
WBGene00008001,2,2,4
WBGene00008002,49,318,367
WBGene00008003,14,295,309
WBGene00008005,24,352,376
WBGene00008006,268,1359,1627
WBGene00008007,7,52,59
WBGene00008008,165,564,729
WBGene00008009,0,3,3
WBGene00008010,14,17,31
WBGene00008012,0,1,1
WBGene00008014,1,0,1
WBGene00008015,3,0,3
WBGene00008016,0,0,0
WBGene00008017,1,0,1
WBGene00008018,141,513,654
WBGene00008019,62,1935,1997
WBGene00008020,5,116,121
WBGene00008021,16,189,205
WBGene00008022,103,778,881
WBGene00008023,5,296,301
WBGene00008024,2,13,15
WBGene00008025,9,274,283
WBGene00008027,10,271,281
WBGene00008028,49,417,466
WBGene00008029,0,2,2
WBGene00008030,1,4,5
WBGene00008031,18,61,79
WBGene00008032,149,2699,2848
WBGene00008033,51,348,399
WBGene00008034,288,6242,6530
WBGene00008035,37,2116,2153
WBGene00008036,2,3,5
WBGene00008037,3,31,34
WBGene00008038,4,6,10
WBGene00008039,43,924,967
WBGene00008040,576,9317,9893
WBGene00008041,486,9158,9644
WBGene00008042,5,20,25
WBGene00008043,26,130,156
WBGene00008044,3,2,5
WBGene00008045,19,225,244
WBGene00008047,26,81,107
WBGene00008049,3,3,6
WBGene00008050,47,1461,1508
WBGene00008051,54,277,331
WBGene00008052,57,985,1042
WBGene00008053,206,4976,5182
WBGene00008054,30,23,53
WBGene00008056,0,1,1
WBGene00008057,0,2,2
WBGene00008058,0,0,0
WBGene00008059,0,0,0
WBGene00008060,0,0,0
WBGene00008061,14,162,176
WBGene00008062,26,160,186
WBGene00008063,13,50,63
WBGene00008064,6725,75,6800
WBGene00008065,32,285,317
WBGene00008066,2,112,114
WBGene00008067,1,2,3
WBGene00008068,0,1,1
WBGene00008069,0,0,0
WBGene00008070,0,34,34
WBGene00008071,4,16,20
WBGene00008072,4,51,55
WBGene00008073,1,269,270
WBGene00008074,3,14,17
WBGene00008075,62,238,300
WBGene00008076,72,852,924
WBGene00008077,2,56,58
WBGene00008078,44,664,708
WBGene00008079,7,14,21
WBGene00008080,1,55,56
WBGene00008081,189,1115,1304
WBGene00008082,81,301,382
WBGene00008084,0,21,21
WBGene00008085,29,618,647
WBGene00008086,5,46,51
WBGene00008087,0,0,0
WBGene00008088,0,1,1
WBGene00008089,127,1180,1307
WBGene00008090,0,0,0
WBGene00008091,7,31,38
WBGene00008092,2,1,3
WBGene00008093,31,27,58
WBGene00008094,585,751,1336
WBGene00008095,1,54,55
WBGene00008096,9,257,266
WBGene00008097,0,8,8
WBGene00008099,13,69,82
WBGene00008100,178,923,1101
WBGene00008101,3,28,31
WBGene00008102,1,18,19
WBGene00008105,2,5,7
WBGene00008106,5,20,25
WBGene00008107,39,1615,1654
WBGene00008110,695,7953,8648
WBGene00008111,10,49,59
WBGene00008113,11,26,37
WBGene00008114,9,183,192
WBGene00008116,28,170,198
WBGene00008117,52,5019,5071
WBGene00008118,256,1182,1438
WBGene00008119,587,2468,3055
WBGene00008120,811,2769,3580
WBGene00008121,136,2916,3052
WBGene00008122,0,2,2
WBGene00008123,6,52,58
WBGene00008124,3,18,21
WBGene00008125,0,0,0
WBGene00008126,0,0,0
WBGene00008127,18,27,45
WBGene00008128,12,122,134
WBGene00008129,3,6,9
WBGene00008130,8,220,228
WBGene00008131,106,1967,2073
WBGene00008132,295,2181,2476
WBGene00008133,233,623,856
WBGene00008134,153,2182,2335
WBGene00008136,117,2239,2356
WBGene00008137,1,28,29
WBGene00008138,0,14,14
WBGene00008139,16,145,161
WBGene00008140,907,555,1462
WBGene00008141,4,8,12
WBGene00008142,53,559,612
WBGene00008143,156,2451,2607
WBGene00008144,77,572,649
WBGene00008145,99,360,459
WBGene00008146,11,22,33
WBGene00008147,256,3885,4141
WBGene00008148,31,684,715
WBGene00008149,369,31058,31427
WBGene00008150,20,58,78
WBGene00008151,241,7822,8063
WBGene00008152,54,1151,1205
WBGene00008153,15,9,24
WBGene00008154,2,4,6
WBGene00008155,8,25,33
WBGene00008156,4,4,8
WBGene00008157,0,0,0
WBGene00008158,3,0,3
WBGene00008159,1,0,1
WBGene00008160,0,0,0
WBGene00008161,2,8,10
WBGene00008162,1,1,2
WBGene00008163,0,0,0
WBGene00008164,47,4035,4082
WBGene00008165,43,1459,1502
WBGene00008166,59,1545,1604
WBGene00008167,20,93,113
WBGene00008168,60,847,907
WBGene00008169,11,178,189
WBGene00008170,24,383,407
WBGene00008171,8,100,108
WBGene00008172,8,185,193
WBGene00008173,13,557,570
WBGene00008174,19,173,192
WBGene00008175,0,8,8
WBGene00008176,7,29,36
WBGene00008177,60,455,515
WBGene00008178,146,47,193
WBGene00008180,20,305,325
WBGene00008183,1546,2259,3805
WBGene00008184,1,24,25
WBGene00008185,9,2,11
WBGene00008186,8,8,16
WBGene00008187,60,15,75
WBGene00008188,3,4,7
WBGene00008190,53,37,90
WBGene00008191,438,20949,21387
WBGene00008194,24,96,120
WBGene00008195,113,894,1007
WBGene00008196,81,1072,1153
WBGene00008197,49,536,585
WBGene00008198,60,2151,2211
WBGene00008199,3,40,43
WBGene00008200,1,16,17
WBGene00008201,1,8,9
WBGene00008202,0,43,43
WBGene00008203,153,1077,1230
WBGene00008204,30,756,786
WBGene00008205,761,50137,50898
WBGene00008206,143,1087,1230
WBGene00008207,6,25,31
WBGene00008208,11,62,73
WBGene00008209,0,12,12
WBGene00008210,0,46,46
WBGene00008211,0,90,90
WBGene00008212,17,246,263
WBGene00008213,329,61,390
WBGene00008214,144,1018,1162
WBGene00008215,20,3986,4006
WBGene00008216,24,78,102
WBGene00008217,2,7,9
WBGene00008218,22,3422,3444
WBGene00008219,29,1279,1308
WBGene00008220,0,71,71
WBGene00008221,71,1156,1227
WBGene00008222,21,207,228
WBGene00008223,5,7,12
WBGene00008224,310,3984,4294
WBGene00008225,58,1971,2029
WBGene00008226,37,277,314
WBGene00008227,59,257,316
WBGene00008228,4,132,136
WBGene00008229,7,345,352
WBGene00008230,69,151,220
WBGene00008231,3,16,19
WBGene00008232,27,673,700
WBGene00008233,13,842,855
WBGene00008234,7,35,42
WBGene00008235,16,105,121
WBGene00008236,144,416,560
WBGene00008237,138,2436,2574
WBGene00008238,84,1275,1359
WBGene00008239,2,24,26
WBGene00008240,0,7,7
WBGene00008241,1,2,3
WBGene00008242,1,27,28
WBGene00008243,4,12,16
WBGene00008244,0,5,5
WBGene00008245,1,21,22
WBGene00008246,0,7,7
WBGene00008247,4,11,15
WBGene00008248,9,68,77
WBGene00008249,10,29,39
WBGene00008250,10,18,28
WBGene00008251,13,40,53
WBGene00008252,17,167,184
WBGene00008254,544,12288,12832
WBGene00008255,31,316,347
WBGene00008256,42,228,270
WBGene00008257,0,932,932
WBGene00008258,75,1288,1363
WBGene00008259,3,17,20
WBGene00008260,29,450,479
WBGene00008261,10,40,50
WBGene00008262,1828,100142,101970
WBGene00008263,366,219,585
WBGene00008265,163,210,373
WBGene00008266,75,953,1028
WBGene00008267,6,111,117
WBGene00008268,1,0,1
WBGene00008269,5,112,117
WBGene00008270,185,448,633
WBGene00008271,13,10,23
WBGene00008272,46,43,89
WBGene00008273,76,871,947
WBGene00008274,681,4717,5398
WBGene00008275,83,847,930
WBGene00008277,24,23,47
WBGene00008278,72,190,262
WBGene00008279,66,3,69
WBGene00008280,45,131,176
WBGene00008281,49,970,1019
WBGene00008283,127,1058,1185
WBGene00008284,156,1122,1278
WBGene00008285,37,8,45
WBGene00008286,6,26,32
WBGene00008287,79,736,815
WBGene00008288,118,1497,1615
WBGene00008289,0,3,3
WBGene00008290,6,23,29
WBGene00008291,1,9,10
WBGene00008292,55,931,986
WBGene00008293,3,0,3
WBGene00008294,0,5,5
WBGene00008295,0,0,0
WBGene00008296,18,226,244
WBGene00008297,5,8,13
WBGene00008298,308,5859,6167
WBGene00008299,5,5,10
WBGene00008300,22,480,502
WBGene00008301,8,9,17
WBGene00008302,4,29,33
WBGene00008303,11,64,75
WBGene00008304,10,83,93
WBGene00008306,4,12,16
WBGene00008307,221,447,668
WBGene00008308,7,3,10
WBGene00008309,12,43,55
WBGene00008310,162,1960,2122
WBGene00008311,166,2486,2652
WBGene00008312,6,2,8
WBGene00008313,2,8,10
WBGene00008314,26,72,98
WBGene00008315,162,1247,1409
WBGene00008316,88,741,829
WBGene00008317,89,1139,1228
WBGene00008318,14,693,707
WBGene00008319,0,0,0
WBGene00008320,29,185,214
WBGene00008321,4,0,4
WBGene00008322,0,20,20
WBGene00008323,14,595,609
WBGene00008324,0,41,41
WBGene00008325,1,11,12
WBGene00008326,0,0,0
WBGene00008327,0,5,5
WBGene00008328,1,1,2
WBGene00008329,4,0,4
WBGene00008330,48,1854,1902
WBGene00008331,307,3421,3728
WBGene00008332,70,772,842
WBGene00008333,20,505,525
WBGene00008334,140,1047,1187
WBGene00008335,36,652,688
WBGene00008336,6,152,158
WBGene00008338,322,4201,4523
WBGene00008339,69,1338,1407
WBGene00008340,1,5,6
WBGene00008341,7,210,217
WBGene00008342,64,201,265
WBGene00008343,22,969,991
WBGene00008344,184,2030,2214
WBGene00008345,129,2529,2658
WBGene00008346,12,70,82
WBGene00008348,242,608,850
WBGene00008352,2,13,15
WBGene00008353,13,795,808
WBGene00008354,34,624,658
WBGene00008355,12,98,110
WBGene00008356,40,47346,47386
WBGene00008357,21,6512,6533
WBGene00008358,33,8789,8822
WBGene00008359,76,18109,18185
WBGene00008360,6,7690,7696
WBGene00008361,55,630,685
WBGene00008362,161,813,974
WBGene00008363,36,575,611
WBGene00008364,23,1203,1226
WBGene00008365,10,67,77
WBGene00008366,352,1615,1967
WBGene00008367,0,1,1
WBGene00008368,80,403,483
WBGene00008369,133,456,589
WBGene00008370,280,2488,2768
WBGene00008371,229,1981,2210
WBGene00008372,1,11,12
WBGene00008375,22,1750,1772
WBGene00008376,81,699,780
WBGene00008377,0,2,2
WBGene00008378,0,2,2
WBGene00008379,20,358,378
WBGene00008380,107,2176,2283
WBGene00008381,7,0,7
WBGene00008382,30,334,364
WBGene00008383,5,37,42
WBGene00008384,19,176,195
WBGene00008385,27,506,533
WBGene00008386,489,6429,6918
WBGene00008387,17,172,189
WBGene00008388,92,333,425
WBGene00008389,104,2321,2425
WBGene00008390,145,1160,1305
WBGene00008392,1893,14776,16669
WBGene00008393,1,4,5
WBGene00008394,3,1,4
WBGene00008395,843,11490,12333
WBGene00008396,0,45,45
WBGene00008397,0,0,0
WBGene00008398,593,7233,7826
WBGene00008399,52,360,412
WBGene00008400,162,1951,2113
WBGene00008401,33,133,166
WBGene00008402,81,1443,1524
WBGene00008403,42,271,313
WBGene00008404,29,2464,2493
WBGene00008405,69,2895,2964
WBGene00008407,381,1156,1537
WBGene00008408,67,1840,1907
WBGene00008409,138,5980,6118
WBGene00008410,63,1649,1712
WBGene00008411,180,1943,2123
WBGene00008412,164,1541,1705
WBGene00008413,63,1657,1720
WBGene00008414,603,25264,25867
WBGene00008415,440,16453,16893
WBGene00008417,45,514,559
WBGene00008418,64,399,463
WBGene00008419,828,4282,5110
WBGene00008420,247,2986,3233
WBGene00008421,89,412,501
WBGene00008422,52,2064,2116
WBGene00008423,5,817,822
WBGene00008424,18,326,344
WBGene00008425,7,38,45
WBGene00008426,356,2030,2386
WBGene00008427,12,78,90
WBGene00008428,60,2106,2166
WBGene00008429,111,1287,1398
WBGene00008430,363,2596,2959
WBGene00008431,269,967,1236
WBGene00008432,171,1817,1988
WBGene00008433,7,2,9
WBGene00008434,27,1065,1092
WBGene00008435,54,241,295
WBGene00008436,357,4156,4513
WBGene00008438,667,2101,2768
WBGene00008439,141,763,904
WBGene00008440,13,345,358
WBGene00008441,296,1006,1302
WBGene00008442,266,1435,1701
WBGene00008443,3222,1656,4878
WBGene00008444,986,1541,2527
WBGene00008446,1253,10429,11682
WBGene00008447,43,734,777
WBGene00008448,1,27,28
WBGene00008449,17,107,124
WBGene00008450,31,2413,2444
WBGene00008451,19,122,141
WBGene00008452,266,6301,6567
WBGene00008453,168,1897,2065
WBGene00008454,15,659,674
WBGene00008455,191,3378,3569
WBGene00008456,30,973,1003
WBGene00008457,100,550,650
WBGene00008458,186,2148,2334
WBGene00008459,236,2836,3072
WBGene00008460,103,98,201
WBGene00008462,1,12,13
WBGene00008463,9,27,36
WBGene00008464,2,2,4
WBGene00008468,21,7,28
WBGene00008470,0,0,0
WBGene00008471,0,1,1
WBGene00008472,3,0,3
WBGene00008473,0,1,1
WBGene00008474,0,0,0
WBGene00008475,3,38,41
WBGene00008476,36,205,241
WBGene00008477,0,24,24
WBGene00008478,0,1,1
WBGene00008479,1,0,1
WBGene00008480,286,8653,8939
WBGene00008481,38,193,231
WBGene00008482,2,37,39
WBGene00008483,3,18,21
WBGene00008484,26,2526,2552
WBGene00008485,0,7,7
WBGene00008486,7,116,123
WBGene00008488,64,674,738
WBGene00008489,14,19,33
WBGene00008490,32,398,430
WBGene00008491,222,262,484
WBGene00008492,9,73,82
WBGene00008493,0,8,8
WBGene00008494,4,34,38
WBGene00008495,5,118,123
WBGene00008496,22,288,310
WBGene00008497,2,4,6
WBGene00008498,12,45,57
WBGene00008499,55,106,161
WBGene00008500,127,242,369
WBGene00008502,250,2399,2649
WBGene00008503,16,433,449
WBGene00008504,30,1668,1698
WBGene00008505,1718,77059,78777
WBGene00008506,78,7561,7639
WBGene00008507,0,1,1
WBGene00008508,2,5,7
WBGene00008509,2,267,269
WBGene00008510,559,6075,6634
WBGene00008511,19,166,185
WBGene00008512,14,113,127
WBGene00008513,222,468,690
WBGene00008514,553,9919,10472
WBGene00008515,74,482,556
WBGene00008516,5,129,134
WBGene00008517,31,185,216
WBGene00008518,23,39,62
WBGene00008519,227,558,785
WBGene00008520,44,54,98
WBGene00008521,207,3156,3363
WBGene00008522,6,965,971
WBGene00008523,0,0,0
WBGene00008524,5,3,8
WBGene00008526,0,12,12
WBGene00008527,1,0,1
WBGene00008528,224,2640,2864
WBGene00008529,12,122,134
WBGene00008530,245,6053,6298
WBGene00008531,123,1157,1280
WBGene00008532,271,4788,5059
WBGene00008533,363,1266,1629
WBGene00008535,0,7,7
WBGene00008536,0,4,4
WBGene00008538,822,8083,8905
WBGene00008539,1,4,5
WBGene00008540,9,4,13
WBGene00008541,1,5,6
WBGene00008542,27,52,79
WBGene00008543,42,455,497
WBGene00008545,30,41,71
WBGene00008546,241,2403,2644
WBGene00008547,138,1644,1782
WBGene00008548,61,204,265
WBGene00008549,778,11210,11988
WBGene00008550,5,5,10
WBGene00008551,1,16,17
WBGene00008552,0,1,1
WBGene00008553,5,135,140
WBGene00008554,536,14112,14648
WBGene00008555,1718,3310,5028
WBGene00008556,10,52,62
WBGene00008557,139,292,431
WBGene00008558,8,147,155
WBGene00008559,4,61,65
WBGene00008560,1,23,24
WBGene00008561,10,105,115
WBGene00008563,2,2558,2560
WBGene00008564,48,422,470
WBGene00008565,29,361,390
WBGene00008566,3,4,7
WBGene00008567,4,41,45
WBGene00008568,18,57,75
WBGene00008569,9,287,296
WBGene00008570,623,1352,1975
WBGene00008571,183,619,802
WBGene00008572,570,12657,13227
WBGene00008574,3,1,4
WBGene00008575,27,351,378
WBGene00008576,0,2102,2102
WBGene00008577,0,1288,1288
WBGene00008578,102,828,930
WBGene00008579,574,1258,1832
WBGene00008580,7,104,111
WBGene00008581,2,1,3
WBGene00008582,229,7252,7481
WBGene00008583,121,340,461
WBGene00008584,28,218,246
WBGene00008585,81,960,1041
WBGene00008586,218,4810,5028
WBGene00008587,35,337,372
WBGene00008588,22,249,271
WBGene00008589,168,1032,1200
WBGene00008590,0,25,25
WBGene00008591,6,306,312
WBGene00008592,8,507,515
WBGene00008593,1,3,4
WBGene00008594,14,45,59
WBGene00008595,2,23,25
WBGene00008596,0,6,6
WBGene00008597,3,3,6
WBGene00008598,2,10,12
WBGene00008599,12,60,72
WBGene00008600,331,68,399
WBGene00008601,2521,4570,7091
WBGene00008602,12,87,99
WBGene00008603,1446,17430,18876
WBGene00008604,158,1229,1387
WBGene00008605,110,965,1075
WBGene00008606,79,1131,1210
WBGene00008607,43,471,514
WBGene00008609,9,14,23
WBGene00008610,76,2136,2212
WBGene00008611,0,3,3
WBGene00008612,28,4,32
WBGene00008613,7,77,84
WBGene00008615,0,10,10
WBGene00008616,3,23,26
WBGene00008617,0,0,0
WBGene00008618,1,1,2
WBGene00008619,1,3,4
WBGene00008620,0,2,2
WBGene00008621,12,59,71
WBGene00008622,296,4308,4604
WBGene00008623,132,19,151
WBGene00008624,354,3234,3588
WBGene00008625,11,53,64
WBGene00008626,15,275,290
WBGene00008627,2,2,4
WBGene00008628,28,4120,4148
WBGene00008629,20,296,316
WBGene00008630,3,43,46
WBGene00008631,0,1,1
WBGene00008632,0,10,10
WBGene00008633,0,7,7
WBGene00008634,1,28,29
WBGene00008636,3,19,22
WBGene00008637,0,2,2
WBGene00008638,0,0,0
WBGene00008639,62,834,896
WBGene00008640,3,46,49
WBGene00008641,27,469,496
WBGene00008642,13,1520,1533
WBGene00008643,3,136,139
WBGene00008644,33,44,77
WBGene00008645,42,1360,1402
WBGene00008646,36,812,848
WBGene00008647,16,214,230
WBGene00008648,149,1342,1491
WBGene00008649,8,6,14
WBGene00008650,1,24,25
WBGene00008651,0,4,4
WBGene00008652,10,415,425
WBGene00008654,34,26,60
WBGene00008655,33,302,335
WBGene00008656,14,183,197
WBGene00008659,0,4,4
WBGene00008660,2,7,9
WBGene00008661,2,3,5
WBGene00008662,33,205,238
WBGene00008663,18,520,538
WBGene00008664,23,3216,3239
WBGene00008665,8941,952,9893
WBGene00008666,119,984,1103
WBGene00008667,143,652,795
WBGene00008668,36,6,42
WBGene00008669,84,634,718
WBGene00008670,384,2219,2603
WBGene00008671,0,4,4
WBGene00008672,0,5,5
WBGene00008673,2,5,7
WBGene00008674,0,0,0
WBGene00008675,1,0,1
WBGene00008676,1,2,3
WBGene00008677,4,11,15
WBGene00008678,1,4,5
WBGene00008679,1,19,20
WBGene00008680,10,19,29
WBGene00008681,52,440,492
WBGene00008682,119,3664,3783
WBGene00008683,256,2553,2809
WBGene00008684,61,1074,1135
WBGene00008685,148,1234,1382
WBGene00008686,154,841,995
WBGene00008687,32,1481,1513
WBGene00008688,537,5744,6281
WBGene00008690,482,3017,3499
WBGene00008691,56,1188,1244
WBGene00008692,34,60,94
WBGene00008693,1,67,68
WBGene00008694,1766,10249,12015
WBGene00008695,58,135,193
WBGene00008696,1,4,5
WBGene00008698,2,1,3
WBGene00008699,3,1,4
WBGene00008700,2,1,3
WBGene00008701,0,0,0
WBGene00008702,0,0,0
WBGene00008703,0,0,0
WBGene00008706,4931,14064,18995
WBGene00008707,29,2750,2779
WBGene00008708,38,71,109
WBGene00008709,12,24,36
WBGene00008710,23,1711,1734
WBGene00008711,52,184,236
WBGene00008712,21,204,225
WBGene00008713,81,517,598
WBGene00008714,22,74,96
WBGene00008716,0,0,0
WBGene00008717,2,0,2
WBGene00008719,25,71,96
WBGene00008720,114,3992,4106
WBGene00008722,58,1580,1638
WBGene00008724,0,1,1
WBGene00008725,0,2,2
WBGene00008726,32,187,219
WBGene00008727,9,40,49
WBGene00008728,4,30,34
WBGene00008729,234,6443,6677
WBGene00008730,5,20,25
WBGene00008731,28,34,62
WBGene00008732,21,94,115
WBGene00008733,66,972,1038
WBGene00008734,1,6,7
WBGene00008735,587,2164,2751
WBGene00008736,34,133,167
WBGene00008737,5,41,46
WBGene00008739,9,53,62
WBGene00008740,5,505,510
WBGene00008741,56,502,558
WBGene00008742,40,598,638
WBGene00008743,14,180,194
WBGene00008744,220,4448,4668
WBGene00008745,114,9956,10070
WBGene00008746,147,268,415
WBGene00008747,17,145,162
WBGene00008748,49,2102,2151
WBGene00008749,57,1168,1225
WBGene00008750,327,924,1251
WBGene00008751,0,1,1
WBGene00008752,0,0,0
WBGene00008753,0,0,0
WBGene00008754,12,84,96
WBGene00008755,9,41,50
WBGene00008757,1,104,105
WBGene00008758,2,17,19
WBGene00008759,1,2,3
WBGene00008760,23,628,651
WBGene00008761,54,823,877
WBGene00008762,5,779,784
WBGene00008763,96,603,699
WBGene00008764,54,4092,4146
WBGene00008765,168,9590,9758
WBGene00008766,144,1237,1381
WBGene00008767,53,2286,2339
WBGene00008768,1629,14976,16605
WBGene00008769,54,3861,3915
WBGene00008770,111,2978,3089
WBGene00008772,1,2,3
WBGene00008773,16,271,287
WBGene00008774,34,576,610
WBGene00008775,156,1554,1710
WBGene00008776,26,269,295
WBGene00008777,194,4319,4513
WBGene00008778,7,31,38
WBGene00008779,73,242,315
WBGene00008780,303,1924,2227
WBGene00008781,222,3568,3790
WBGene00008782,0,4,4
WBGene00008783,126,856,982
WBGene00008784,0,9,9
WBGene00008785,3,4,7
WBGene00008786,0,0,0
WBGene00008787,3,23,26
WBGene00008788,0,0,0
WBGene00008789,6,10,16
WBGene00008790,0,2,2
WBGene00008792,0,16,16
WBGene00008793,12,39,51
WBGene00008794,5,35,40
WBGene00008795,8,77,85
WBGene00008796,1,5,6
WBGene00008797,4,46,50
WBGene00008798,7,86,93
WBGene00008799,14,60,74
WBGene00008800,215,4516,4731
WBGene00008801,5,21,26
WBGene00008802,17,60,77
WBGene00008803,942,5554,6496
WBGene00008804,25,128,153
WBGene00008805,128,1791,1919
WBGene00008806,25,662,687
WBGene00008807,114,1092,1206
WBGene00008808,19,20,39
WBGene00008809,11,5,16
WBGene00008810,53,124,177
WBGene00008811,0,1,1
WBGene00008812,4,1,5
WBGene00008814,1,0,1
WBGene00008815,0,1,1
WBGene00008816,1,0,1
WBGene00008817,0,0,0
WBGene00008818,1,5,6
WBGene00008819,748,1767,2515
WBGene00008820,38,2724,2762
WBGene00008821,1,2,3
WBGene00008822,1,1,2
WBGene00008823,0,0,0
WBGene00008824,0,0,0
WBGene00008825,0,0,0
WBGene00008826,1,8,9
WBGene00008828,0,1,1
WBGene00008829,2,2,4
WBGene00008830,2,19,21
WBGene00008831,0,3,3
WBGene00008832,136,1353,1489
WBGene00008833,12,895,907
WBGene00008834,8,1020,1028
WBGene00008835,7,186,193
WBGene00008837,1,2,3
WBGene00008838,7,42,49
WBGene00008839,1,4,5
WBGene00008840,0,166,166
WBGene00008841,1321,17115,18436
WBGene00008843,0,0,0
WBGene00008844,0,6,6
WBGene00008847,1,4,5
WBGene00008848,18,386,404
WBGene00008849,31,5,36
WBGene00008850,3,3,6
WBGene00008851,79,750,829
WBGene00008852,904,7171,8075
WBGene00008853,3,2,5
WBGene00008854,17,2,19
WBGene00008855,4,8,12
WBGene00008856,884,2941,3825
WBGene00008857,33,22676,22709
WBGene00008858,1,24,25
WBGene00008859,4,631,635
WBGene00008860,1982,21784,23766
WBGene00008861,29,937,966
WBGene00008862,32,118,150
WBGene00008863,1,14,15
WBGene00008865,105,5101,5206
WBGene00008866,20,37,57
WBGene00008868,318,442,760
WBGene00008869,11,86,97
WBGene00008870,2,7,9
WBGene00008871,5,5,10
WBGene00008872,2,0,2
WBGene00008874,6,30,36
WBGene00008875,9,256,265
WBGene00008876,211,833,1044
WBGene00008877,143,1123,1266
WBGene00008878,1766,4782,6548
WBGene00008879,71,186,257
WBGene00008880,96,662,758
WBGene00008881,6,20,26
WBGene00008882,179,1833,2012
WBGene00008883,13,85,98
WBGene00008884,0,16,16
WBGene00008885,72,977,1049
WBGene00008886,35,47,82
WBGene00008887,65,1054,1119
WBGene00008889,3,10,13
WBGene00008890,57,139,196
WBGene00008891,0,32,32
WBGene00008892,9,80,89
WBGene00008893,4,0,4
WBGene00008894,16,26,42
WBGene00008897,12,74,86
WBGene00008898,0,1,1
WBGene00008899,5,0,5
WBGene00008900,3,27,30
WBGene00008901,1112,11,1123
WBGene00008902,2,2,4
WBGene00008903,0,22,22
WBGene00008904,0,22,22
WBGene00008905,3,30,33
WBGene00008906,1,1,2
WBGene00008907,1,2,3
WBGene00008908,1,6,7
WBGene00008909,0,10,10
WBGene00008910,172,3591,3763
WBGene00008911,0,0,0
WBGene00008912,0,73,73
WBGene00008914,126,5411,5537
WBGene00008915,178,10866,11044
WBGene00008916,158,72,230
WBGene00008917,34,24,58
WBGene00008918,13,918,931
WBGene00008919,343,4961,5304
WBGene00008920,22703,293730,316433
WBGene00008921,136,1573,1709
WBGene00008922,261,4999,5260
WBGene00008923,112,188,300
WBGene00008924,155,1024,1179
WBGene00008925,249,6783,7032
WBGene00008926,123,938,1061
WBGene00008927,353,1717,2070
WBGene00008928,9,3,12
WBGene00008929,77,2524,2601
WBGene00008930,644,5815,6459
WBGene00008932,282,846,1128
WBGene00008934,407,2877,3284
WBGene00008935,12,26,38
WBGene00008936,10,30,40
WBGene00008937,1,8,9
WBGene00008939,296,2057,2353
WBGene00008940,165,1349,1514
WBGene00008944,47,291,338
WBGene00008945,0,21,21
WBGene00008946,3,0,3
WBGene00008947,2,4,6
WBGene00008948,198,5260,5458
WBGene00008949,4,41,45
WBGene00008950,0,4,4
WBGene00008951,223,2197,2420
WBGene00008952,89,368,457
WBGene00008953,226,810,1036
WBGene00008954,17,16,33
WBGene00008955,18,60,78
WBGene00008956,82,402,484
WBGene00008957,83,1803,1886
WBGene00008958,0,4,4
WBGene00008959,0,2,2
WBGene00008960,0,1,1
WBGene00008961,24,951,975
WBGene00008963,211,6431,6642
WBGene00008964,729,2084,2813
WBGene00008965,116,114,230
WBGene00008967,1,23,24
WBGene00008968,8,148,156
WBGene00008969,69,314,383
WBGene00008970,27,271,298
WBGene00008971,55,1355,1410
WBGene00008972,4,5,9
WBGene00008973,62,4015,4077
WBGene00008974,214,1464,1678
WBGene00008975,47,2590,2637
WBGene00008976,2,91,93
WBGene00008977,34,160,194
WBGene00008978,38,420,458
WBGene00008979,67,1730,1797
WBGene00008980,126,3281,3407
WBGene00008981,0,1,1
WBGene00008982,1,1,2
WBGene00008983,0,1,1
WBGene00008984,1,1,2
WBGene00008985,7,45,52
WBGene00008986,207,2018,2225
WBGene00008987,248,2351,2599
WBGene00008988,30,79,109
WBGene00008989,31,252,283
WBGene00008990,162,3144,3306
WBGene00008991,36,85,121
WBGene00008992,0,86,86
WBGene00008993,65,327,392
WBGene00008994,1,53,54
WBGene00008995,92,254,346
WBGene00008996,23,191,214
WBGene00008997,111,218,329
WBGene00008998,501,4476,4977
WBGene00008999,1211,6821,8032
WBGene00009000,30,68,98
WBGene00009001,1,1,2
WBGene00009002,210,4747,4957
WBGene00009004,521,21495,22016
WBGene00009005,10,3,13
WBGene00009006,17,670,687
WBGene00009007,68,2322,2390
WBGene00009008,31,194,225
WBGene00009009,14,402,416
WBGene00009010,78,1280,1358
WBGene00009011,58,2151,2209
WBGene00009012,187,6715,6902
WBGene00009013,219,5833,6052
WBGene00009014,7,184,191
WBGene00009015,8,34,42
WBGene00009016,1,1,2
WBGene00009017,0,0,0
WBGene00009018,60,389,449
WBGene00009021,0,0,0
WBGene00009022,15,44,59
WBGene00009023,22,250,272
WBGene00009024,9,86,95
WBGene00009025,92,711,803
WBGene00009026,35,451,486
WBGene00009027,106,788,894
WBGene00009028,9,4,13
WBGene00009029,2,61,63
WBGene00009030,16,128,144
WBGene00009031,3,15,18
WBGene00009032,2,17,19
WBGene00009033,2,4,6
WBGene00009035,10,96,106
WBGene00009036,1,0,1
WBGene00009038,32,1,33
WBGene00009039,8,15,23
WBGene00009041,2,57,59
WBGene00009042,8,470,478
WBGene00009043,6,24,30
WBGene00009044,10,20,30
WBGene00009045,40,3462,3502
WBGene00009046,0,0,0
WBGene00009048,86,4751,4837
WBGene00009049,264,6528,6792
WBGene00009050,419,17627,18046
WBGene00009051,867,20419,21286
WBGene00009052,158,3670,3828
WBGene00009054,71,606,677
WBGene00009056,801,10104,10905
WBGene00009057,114,688,802
WBGene00009058,177,7118,7295
WBGene00009059,33,747,780
WBGene00009060,202,645,847
WBGene00009061,0,7,7
WBGene00009063,1,2,3
WBGene00009064,83,891,974
WBGene00009065,393,2085,2478
WBGene00009067,0,6,6
WBGene00009068,28,279,307
WBGene00009069,0,4884,4884
WBGene00009070,2366,38,2404
WBGene00009073,24,62,86
WBGene00009075,7,9,16
WBGene00009077,0,3,3
WBGene00009078,1451,6797,8248
WBGene00009079,0,3,3
WBGene00009081,73,1287,1360
WBGene00009082,302,14613,14915
WBGene00009084,173,5819,5992
WBGene00009085,4,23,27
WBGene00009086,3,3,6
WBGene00009087,3,185,188
WBGene00009088,0,1,1
WBGene00009089,53,562,615
WBGene00009090,10,326,336
WBGene00009091,477,11985,12462
WBGene00009092,275,19980,20255
WBGene00009093,70,436,506
WBGene00009094,72,2066,2138
WBGene00009095,56,371,427
WBGene00009096,111,9204,9315
WBGene00009097,32,4818,4850
WBGene00009098,904,3550,4454
WBGene00009099,7,16,23
WBGene00009100,135,917,1052
WBGene00009101,11,131,142
WBGene00009102,7,247,254
WBGene00009103,210,6184,6394
WBGene00009106,49,1341,1390
WBGene00009107,110,150,260
WBGene00009108,17,168,185
WBGene00009109,90,229,319
WBGene00009110,20,1791,1811
WBGene00009112,102,2523,2625
WBGene00009113,7,76,83
WBGene00009114,7,5,12
WBGene00009115,27,6,33
WBGene00009116,100,1508,1608
WBGene00009117,4,12,16
WBGene00009118,91,4629,4720
WBGene00009119,1433,473280,474713
WBGene00009120,199,1790,1989
WBGene00009121,24,666,690
WBGene00009122,422,126677,127099
WBGene00009123,113,707,820
WBGene00009124,165,668,833
WBGene00009125,57,167,224
WBGene00009126,613,16934,17547
WBGene00009127,130,1792,1922
WBGene00009128,0,2876,2876
WBGene00009129,7,16,23
WBGene00009130,12,4548,4560
WBGene00009131,172,1808,1980
WBGene00009132,58,3424,3482
WBGene00009133,112,1873,1985
WBGene00009134,6,5,11
WBGene00009135,33,289,322
WBGene00009136,8,11,19
WBGene00009137,37,733,770
WBGene00009138,31,1930,1961
WBGene00009139,141,2715,2856
WBGene00009140,117,1113,1230
WBGene00009141,1249,8382,9631
WBGene00009142,74,7406,7480
WBGene00009143,6,37,43
WBGene00009144,7,38,45
WBGene00009145,314,1635,1949
WBGene00009146,32,371,403
WBGene00009147,17,5,22
WBGene00009148,53,86,139
WBGene00009149,0,7,7
WBGene00009150,0,1,1
WBGene00009151,0,0,0
WBGene00009152,0,0,0
WBGene00009153,11,107,118
WBGene00009154,0,0,0
WBGene00009155,101,438,539
WBGene00009156,121,284,405
WBGene00009157,155,830,985
WBGene00009158,361,2515,2876
WBGene00009159,100,1870,1970
WBGene00009160,5,15,20
WBGene00009161,2305,89078,91383
WBGene00009162,62,147,209
WBGene00009163,133,550,683
WBGene00009164,71,2281,2352
WBGene00009165,22,1262,1284
WBGene00009166,17,98,115
WBGene00009167,0,0,0
WBGene00009168,3,41,44
WBGene00009169,8,42,50
WBGene00009170,0,11,11
WBGene00009171,7,3,10
WBGene00009172,267,740,1007
WBGene00009173,14,54,68
WBGene00009174,342,2426,2768
WBGene00009176,16,972,988
WBGene00009177,70,853,923
WBGene00009178,35,33,68
WBGene00009179,269,1971,2240
WBGene00009180,2524,43842,46366
WBGene00009182,33,64,97
WBGene00009183,8,97,105
WBGene00009184,1,35,36
WBGene00009185,0,3,3
WBGene00009186,2,15,17
WBGene00009187,1661,13672,15333
WBGene00009188,99,4519,4618
WBGene00009189,1121,18598,19719
WBGene00009190,169,965,1134
WBGene00009191,4,1392,1396
WBGene00009192,15,54,69
WBGene00009193,5,12,17
WBGene00009194,23,24,47
WBGene00009195,0,0,0
WBGene00009196,3,1,4
WBGene00009197,1,0,1
WBGene00009198,0,0,0
WBGene00009199,1,0,1
WBGene00009200,170,2887,3057
WBGene00009201,92,1911,2003
WBGene00009202,1,37,38
WBGene00009203,2,97,99
WBGene00009204,69,291,360
WBGene00009205,36,372,408
WBGene00009207,67,3073,3140
WBGene00009208,10,20,30
WBGene00009209,0,5,5
WBGene00009211,40,5576,5616
WBGene00009212,3,132,135
WBGene00009213,0,88,88
WBGene00009214,0,9,9
WBGene00009215,0,41,41
WBGene00009216,0,523,523
WBGene00009217,150,142,292
WBGene00009218,52,672,724
WBGene00009219,224,4463,4687
WBGene00009220,626,532,1158
WBGene00009221,199,10727,10926
WBGene00009222,0,128,128
WBGene00009223,54,815,869
WBGene00009224,119,215,334
WBGene00009225,20,48,68
WBGene00009226,0,0,0
WBGene00009227,0,48,48
WBGene00009228,4,7,11
WBGene00009229,9,31,40
WBGene00009231,41,324,365
WBGene00009232,2,23,25
WBGene00009233,123,711,834
WBGene00009234,116,683,799
WBGene00009235,2,3,5
WBGene00009236,1,28,29
WBGene00009237,1,393,394
WBGene00009238,0,6,6
WBGene00009239,5,31,36
WBGene00009240,19,82,101
WBGene00009241,17,494,511
WBGene00009242,7,24,31
WBGene00009243,24,910,934
WBGene00009245,136,900,1036
WBGene00009246,202,14285,14487
WBGene00009247,4,26,30
WBGene00009248,0,20,20
WBGene00009250,8,102,110
WBGene00009251,17,19,36
WBGene00009252,12,14,26
WBGene00009254,122,2814,2936
WBGene00009255,14,33,47
WBGene00009256,188,2620,2808
WBGene00009257,18,76,94
WBGene00009258,58,301,359
WBGene00009259,12,254,266
WBGene00009260,130,2487,2617
WBGene00009261,2,45,47
WBGene00009262,77,2062,2139
WBGene00009263,83,212,295
WBGene00009264,309,3100,3409
WBGene00009266,214,7318,7532
WBGene00009267,83,2865,2948
WBGene00009268,8,57,65
WBGene00009269,2,1,3
WBGene00009270,7,291,298
WBGene00009271,95,461,556
WBGene00009272,13,400,413
WBGene00009274,66,1082,1148
WBGene00009276,66,1672,1738
WBGene00009277,274,818,1092
WBGene00009278,24,170,194
WBGene00009279,2,1,3
WBGene00009280,0,105,105
WBGene00009281,1,1,2
WBGene00009283,10,189,199
WBGene00009284,226,1530,1756
WBGene00009285,102,1783,1885
WBGene00009286,65,446,511
WBGene00009287,75,893,968
WBGene00009288,88,653,741
WBGene00009289,68,2096,2164
WBGene00009290,151,4521,4672
WBGene00009291,179,899,1078
WBGene00009292,55,244,299
WBGene00009293,10,300,310
WBGene00009294,1427,21349,22776
WBGene00009296,0,15,15
WBGene00009297,0,1,1
WBGene00009298,0,1,1
WBGene00009299,13,103,116
WBGene00009300,0,0,0
WBGene00009301,0,0,0
WBGene00009302,0,0,0
WBGene00009303,1,4,5
WBGene00009304,777,2130,2907
WBGene00009305,173,2071,2244
WBGene00009306,25,2880,2905
WBGene00009307,85,9120,9205
WBGene00009308,2,15,17
WBGene00009311,24,31,55
WBGene00009312,1199,29,1228
WBGene00009313,3,7,10
WBGene00009314,525,1923,2448
WBGene00009315,226,1158,1384
WBGene00009316,2,34,36
WBGene00009318,11,47,58
WBGene00009319,196,6451,6647
WBGene00009320,205,1130,1335
WBGene00009321,1,0,1
WBGene00009322,152,3252,3404
WBGene00009323,57,1398,1455
WBGene00009324,21,17,38
WBGene00009325,124,678,802
WBGene00009326,11,102,113
WBGene00009327,3,3,6
WBGene00009328,0,38,38
WBGene00009329,124,999,1123
WBGene00009330,63,5063,5126
WBGene00009331,6,172,178
WBGene00009332,5,64,69
WBGene00009333,66,2253,2319
WBGene00009334,555,7488,8043
WBGene00009335,9,269,278
WBGene00009336,207,4380,4587
WBGene00009337,1055,6245,7300
WBGene00009338,6,1,7
WBGene00009339,0,6,6
WBGene00009340,508,5591,6099
WBGene00009341,21,980,1001
WBGene00009342,1043,27011,28054
WBGene00009343,73,1353,1426
WBGene00009344,1,1,2
WBGene00009345,21,11,32
WBGene00009346,41,301,342
WBGene00009347,27,73,100
WBGene00009349,0,277,277
WBGene00009350,40,362,402
WBGene00009352,81,2623,2704
WBGene00009353,231,21364,21595
WBGene00009354,208,811,1019
WBGene00009355,20,573,593
WBGene00009356,31,114,145
WBGene00009357,17,24,41
WBGene00009358,231,5158,5389
WBGene00009359,4,6,10
WBGene00009360,4,16,20
WBGene00009361,101,739,840
WBGene00009362,4,2,6
WBGene00009363,0,0,0
WBGene00009364,18,1287,1305
WBGene00009365,163,1404,1567
WBGene00009366,73,1009,1082
WBGene00009367,540,16384,16924
WBGene00009368,147,1505,1652
WBGene00009369,157,1811,1968
WBGene00009370,255,507,762
WBGene00009371,148,1214,1362
WBGene00009372,256,1632,1888
WBGene00009373,96,941,1037
WBGene00009374,361,6798,7159
WBGene00009375,255,1728,1983
WBGene00009377,1,2,3
WBGene00009378,5,7,12
WBGene00009379,0,150,150
WBGene00009380,57,1282,1339
WBGene00009381,6,17,23
WBGene00009382,4,5,9
WBGene00009383,244,2639,2883
WBGene00009384,1,37,38
WBGene00009385,19,1651,1670
WBGene00009386,4,353,357
WBGene00009387,20,81,101
WBGene00009388,1119,22837,23956
WBGene00009389,159,894,1053
WBGene00009390,28,66,94
WBGene00009391,1,0,1
WBGene00009392,0,0,0
WBGene00009393,1,13,14
WBGene00009394,34,548,582
WBGene00009395,1,1,2
WBGene00009396,6,74,80
WBGene00009397,12,36,48
WBGene00009398,1,11,12
WBGene00009399,23,100,123
WBGene00009400,29,193,222
WBGene00009401,0,30,30
WBGene00009402,1,7,8
WBGene00009403,13,168,181
WBGene00009404,23,609,632
WBGene00009405,38,769,807
WBGene00009406,240,2396,2636
WBGene00009408,443,6495,6938
WBGene00009409,1,1082,1083
WBGene00009410,1,0,1
WBGene00009412,7,24,31
WBGene00009413,4,19,23
WBGene00009415,0,1,1
WBGene00009416,1,46,47
WBGene00009417,0,0,0
WBGene00009418,0,1,1
WBGene00009419,0,0,0
WBGene00009420,0,0,0
WBGene00009421,0,0,0
WBGene00009422,0,0,0
WBGene00009423,0,2435,2435
WBGene00009424,20,278,298
WBGene00009426,2,0,2
WBGene00009427,1,12,13
WBGene00009429,2,28,30
WBGene00009430,85,657,742
WBGene00009431,10,129,139
WBGene00009432,10,152,162
WBGene00009433,18,77,95
WBGene00009434,51,367,418
WBGene00009435,73,526,599
WBGene00009436,23,4765,4788
WBGene00009437,7,18,25
WBGene00009438,24,187,211
WBGene00009439,428,3539,3967
WBGene00009440,310,10376,10686
WBGene00009441,58,834,892
WBGene00009442,29,157,186
WBGene00009443,122,2892,3014
WBGene00009444,88,1985,2073
WBGene00009445,55,2375,2430
WBGene00009446,0,0,0
WBGene00009447,11,177,188
WBGene00009448,15,931,946
WBGene00009449,6,19,25
WBGene00009450,38,1877,1915
WBGene00009451,186,3672,3858
WBGene00009452,247,1463,1710
WBGene00009453,227,1268,1495
WBGene00009454,5357,67823,73180
WBGene00009455,325,4452,4777
WBGene00009456,178,1337,1515
WBGene00009457,1,7,8
WBGene00009458,1,1,2
WBGene00009459,4,27,31
WBGene00009460,342,4998,5340
WBGene00009461,171,830,1001
WBGene00009462,231,147,378
WBGene00009463,0,0,0
WBGene00009464,7,2,9
WBGene00009465,10,22,32
WBGene00009466,64,814,878
WBGene00009467,4,10,14
WBGene00009468,44,246,290
WBGene00009469,74,668,742
WBGene00009470,0,2,2
WBGene00009471,2,14,16
WBGene00009473,0,2,2
WBGene00009475,488,5526,6014
WBGene00009476,47,555,602
WBGene00009477,920,4858,5778
WBGene00009478,98,2726,2824
WBGene00009479,88,1440,1528
WBGene00009480,11,55,66
WBGene00009481,0,127,127
WBGene00009482,587,4320,4907
WBGene00009483,10,633,643
WBGene00009484,56,197,253
WBGene00009485,7,59,66
WBGene00009486,1,1,2
WBGene00009487,3,17,20
WBGene00009488,0,1,1
WBGene00009489,0,1,1
WBGene00009490,0,6,6
WBGene00009491,2,0,2
WBGene00009492,6,18,24
WBGene00009493,2,168,170
WBGene00009494,4,47,51
WBGene00009495,42,27,69
WBGene00009496,25,356,381
WBGene00009497,3,0,3
WBGene00009498,583,2569,3152
WBGene00009499,341,1563,1904
WBGene00009500,114,2069,2183
WBGene00009501,25,6,31
WBGene00009502,3,4,7
WBGene00009503,145,2382,2527
WBGene00009504,15,607,622
WBGene00009505,29,1217,1246
WBGene00009507,150,931,1081
WBGene00009508,168,1646,1814
WBGene00009509,7,64,71
WBGene00009510,8,78,86
WBGene00009511,204,215,419
WBGene00009512,35,2537,2572
WBGene00009513,14,14,28
WBGene00009514,3517,48337,51854
WBGene00009515,11,21,32
WBGene00009517,1,1,2
WBGene00009518,0,16,16
WBGene00009519,0,1,1
WBGene00009520,0,0,0
WBGene00009521,850,4969,5819
WBGene00009522,1,13,14
WBGene00009523,1,1,2
WBGene00009524,1,0,1
WBGene00009525,0,1,1
WBGene00009526,4,9,13
WBGene00009528,81,185,266
WBGene00009529,3,435,438
WBGene00009530,347,270,617
WBGene00009531,2383,28916,31299
WBGene00009532,732,4188,4920
WBGene00009533,9,253,262
WBGene00009534,247,2486,2733
WBGene00009535,13,31,44
WBGene00009536,235,684,919
WBGene00009537,1,38,39
WBGene00009538,0,1,1
WBGene00009539,0,0,0
WBGene00009540,5,18,23
WBGene00009541,186,179,365
WBGene00009542,105,6965,7070
WBGene00009543,46,299,345
WBGene00009544,297,685,982
WBGene00009546,1,7,8
WBGene00009547,19,228,247
WBGene00009548,2,5,7
WBGene00009549,2,17,19
WBGene00009550,4,1,5
WBGene00009551,25,288,313
WBGene00009552,178,1331,1509
WBGene00009553,35,1566,1601
WBGene00009554,15,1989,2004
WBGene00009556,64,896,960
WBGene00009557,69,272,341
WBGene00009558,265,1276,1541
WBGene00009559,35,4296,4331
WBGene00009560,14,58,72
WBGene00009561,6,27,33
WBGene00009562,291,7570,7861
WBGene00009563,208,5441,5649
WBGene00009565,177,2783,2960
WBGene00009566,0,1,1
WBGene00009567,2,1,3
WBGene00009568,0,1,1
WBGene00009569,0,3,3
WBGene00009571,0,1,1
WBGene00009572,0,18,18
WBGene00009573,39,446,485
WBGene00009574,604,3402,4006
WBGene00009575,39,8759,8798
WBGene00009576,71,312,383
WBGene00009577,1476,25366,26842
WBGene00009578,777,23970,24747
WBGene00009579,101,346,447
WBGene00009580,469,6308,6777
WBGene00009581,42,162,204
WBGene00009582,65,347,412
WBGene00009583,350,8151,8501
WBGene00009584,5106,14006,19112
WBGene00009585,72,36,108
WBGene00009586,115,3340,3455
WBGene00009587,357,3953,4310
WBGene00009588,10966,3482,14448
WBGene00009589,7440,3412,10852
WBGene00009592,1,0,1
WBGene00009593,11,19,30
WBGene00009594,873,2491,3364
WBGene00009595,4,39,43
WBGene00009596,2,5,7
WBGene00009597,4,24,28
WBGene00009599,0,3,3
WBGene00009600,1,59,60
WBGene00009601,28,515,543
WBGene00009602,0,6,6
WBGene00009603,2,2,4
WBGene00009604,0,16,16
WBGene00009605,5,11,16
WBGene00009606,1,6,7
WBGene00009607,0,0,0
WBGene00009608,64,351,415
WBGene00009609,0,1,1
WBGene00009610,1,0,1
WBGene00009611,49,80,129
WBGene00009612,0,7,7
WBGene00009613,1,0,1
WBGene00009614,5,33,38
WBGene00009615,0,0,0
WBGene00009616,3,9,12
WBGene00009617,35,324,359
WBGene00009618,10,76,86
WBGene00009619,22,270,292
WBGene00009620,1121,4464,5585
WBGene00009621,0,13709,13709
WBGene00009622,19,63,82
WBGene00009623,754,362,1116
WBGene00009624,1937,4943,6880
WBGene00009625,6,33,39
WBGene00009626,120,1832,1952
WBGene00009627,20,551,571
WBGene00009628,31,1533,1564
WBGene00009629,81,300,381
WBGene00009630,3,12,15
WBGene00009632,221,2513,2734
WBGene00009633,4,92,96
WBGene00009634,24,2366,2390
WBGene00009635,27,587,614
WBGene00009636,38,468,506
WBGene00009637,3,888,891
WBGene00009638,164,18540,18704
WBGene00009639,11,1863,1874
WBGene00009640,6,633,639
WBGene00009641,4,3,7
WBGene00009642,28,61,89
WBGene00009643,2,0,2
WBGene00009644,1,4,5
WBGene00009645,132,1336,1468
WBGene00009646,2,23,25
WBGene00009647,86,151,237
WBGene00009648,4,992,996
WBGene00009649,101,77,178
WBGene00009650,62,2551,2613
WBGene00009652,9,20,29
WBGene00009653,101,559,660
WBGene00009654,384,1725,2109
WBGene00009657,110,1068,1178
WBGene00009658,0,13,13
WBGene00009659,0,1,1
WBGene00009660,449,3580,4029
WBGene00009661,151,5794,5945
WBGene00009662,0,5,5
WBGene00009663,0,19,19
WBGene00009664,349,23768,24117
WBGene00009665,21,1306,1327
WBGene00009666,83,3535,3618
WBGene00009667,615,376,991
WBGene00009668,97,3253,3350
WBGene00009670,1,5,6
WBGene00009671,161,6167,6328
WBGene00009672,274,2900,3174
WBGene00009673,92,608,700
WBGene00009674,318,5573,5891
WBGene00009675,10,97,107
WBGene00009676,154,1432,1586
WBGene00009677,10,183,193
WBGene00009678,292,1125,1417
WBGene00009679,52,326,378
WBGene00009680,0,0,0
WBGene00009681,0,20,20
WBGene00009682,0,1,1
WBGene00009683,3,24,27
WBGene00009684,0,0,0
WBGene00009685,2,1,3
WBGene00009686,11,58,69
WBGene00009687,1,0,1
WBGene00009688,3814,37258,41072
WBGene00009689,2,4,6
WBGene00009690,11,15,26
WBGene00009691,0,10072,10072
WBGene00009692,0,13003,13003
WBGene00009695,1,1,2
WBGene00009696,12,61,73
WBGene00009698,0,6,6
WBGene00009700,116,955,1071
WBGene00009701,1,69,70
WBGene00009702,9,106,115
WBGene00009704,1,4,5
WBGene00009705,0,2,2
WBGene00009706,13,119,132
WBGene00009707,0,5,5
WBGene00009708,4,0,4
WBGene00009709,13,18,31
WBGene00009710,3,36,39
WBGene00009711,294,3240,3534
WBGene00009712,16,13677,13693
WBGene00009713,728,5074,5802
WBGene00009714,0,79,79
WBGene00009715,107,3319,3426
WBGene00009716,12,97,109
WBGene00009717,266,2613,2879
WBGene00009720,10,214,224
WBGene00009721,34,30,64
WBGene00009722,71,3860,3931
WBGene00009723,73,5750,5823
WBGene00009724,24,3331,3355
WBGene00009725,1,13,14
WBGene00009726,73,465,538
WBGene00009727,30,169,199
WBGene00009728,9,90,99
WBGene00009729,15,113,128
WBGene00009730,559,5821,6380
WBGene00009731,54,810,864
WBGene00009732,585,12354,12939
WBGene00009733,9,507,516
WBGene00009734,255,3817,4072
WBGene00009735,47,360,407
WBGene00009736,258,1787,2045
WBGene00009738,111,221,332
WBGene00009739,4665,15367,20032
WBGene00009740,798,24935,25733
WBGene00009741,17,103,120
WBGene00009742,155,405,560
WBGene00009743,44,158,202
WBGene00009744,89,1122,1211
WBGene00009745,47,1243,1290
WBGene00009746,0,0,0
WBGene00009747,1,2,3
WBGene00009748,1,4,5
WBGene00009749,1,0,1
WBGene00009750,0,31,31
WBGene00009751,0,5,5
WBGene00009753,6,5,11
WBGene00009754,1,4,5
WBGene00009755,0,2,2
WBGene00009756,0,5,5
WBGene00009758,1,1,2
WBGene00009759,0,0,0
WBGene00009760,1,7,8
WBGene00009761,0,0,0
WBGene00009762,0,0,0
WBGene00009763,2,1,3
WBGene00009765,0,0,0
WBGene00009766,1,0,1
WBGene00009767,0,0,0
WBGene00009768,14,49,63
WBGene00009769,25,774,799
WBGene00009770,161,1554,1715
WBGene00009771,182,3167,3349
WBGene00009772,307,27901,28208
WBGene00009773,6,249,255
WBGene00009774,3,383,386
WBGene00009775,0,0,0
WBGene00009776,60,1217,1277
WBGene00009777,4,15,19
WBGene00009778,2,46,48
WBGene00009779,225,2385,2610
WBGene00009780,38,168,206
WBGene00009781,479,3461,3940
WBGene00009782,15,235,250
WBGene00009783,191,6554,6745
WBGene00009784,89,3874,3963
WBGene00009785,32,306,338
WBGene00009787,562,84394,84956
WBGene00009788,1,5,6
WBGene00009789,169,289,458
WBGene00009790,44,421,465
WBGene00009791,7,38,45
WBGene00009793,56,4326,4382
WBGene00009796,20,456,476
WBGene00009797,458,4545,5003
WBGene00009798,23,13,36
WBGene00009799,85,553,638
WBGene00009800,219,2916,3135
WBGene00009801,135,937,1072
WBGene00009802,1,6,7
WBGene00009803,89,1874,1963
WBGene00009804,242,4265,4507
WBGene00009805,0,3,3
WBGene00009806,10,145,155
WBGene00009807,5,28,33
WBGene00009808,0,14,14
WBGene00009809,18,421,439
WBGene00009810,1,34,35
WBGene00009811,1,9,10
WBGene00009812,120,16441,16561
WBGene00009813,91,1256,1347
WBGene00009814,2,23,25
WBGene00009815,0,10,10
WBGene00009816,5,54,59
WBGene00009817,1,13,14
WBGene00009818,306,2464,2770
WBGene00009819,206,531,737
WBGene00009820,7,30,37
WBGene00009822,52,54,106
WBGene00009823,31,385,416
WBGene00009824,6,109,115
WBGene00009825,84,592,676
WBGene00009826,9,72,81
WBGene00009827,2,25,27
WBGene00009829,124,11667,11791
WBGene00009830,3,58,61
WBGene00009831,49,1501,1550
WBGene00009833,0,4,4
WBGene00009834,0,1,1
WBGene00009835,9,4,13
WBGene00009836,9,1,10
WBGene00009839,3,12,15
WBGene00009840,13,16,29
WBGene00009841,3,1,4
WBGene00009842,17,180,197
WBGene00009843,51,1013,1064
WBGene00009844,17,25,42
WBGene00009848,581,4100,4681
WBGene00009849,21,41,62
WBGene00009850,182,1190,1372
WBGene00009851,47,3219,3266
WBGene00009852,2,5,7
WBGene00009853,4,22,26
WBGene00009854,0,1,1
WBGene00009855,0,1,1
WBGene00009856,3,0,3
WBGene00009857,1,2,3
WBGene00009858,0,0,0
WBGene00009859,1,2,3
WBGene00009860,1,0,1
WBGene00009861,0,2,2
WBGene00009862,0,20,20
WBGene00009863,2,5,7
WBGene00009865,47,190,237
WBGene00009866,0,0,0
WBGene00009867,19,17,36
WBGene00009868,0,0,0
WBGene00009869,1,2,3
WBGene00009871,0,4,4
WBGene00009872,1,8,9
WBGene00009873,4,1,5
WBGene00009874,1,2,3
WBGene00009875,2,4,6
WBGene00009876,22,112,134
WBGene00009877,28,131,159
WBGene00009878,13,2012,2025
WBGene00009879,34,80,114
WBGene00009880,1009,10745,11754
WBGene00009881,395,9337,9732
WBGene00009882,86,10348,10434
WBGene00009883,6,33,39
WBGene00009884,2,13,15
WBGene00009885,32,281,313
WBGene00009886,33,211,244
WBGene00009887,14,299,313
WBGene00009888,5281,57391,62672
WBGene00009889,96,4371,4467
WBGene00009890,5,45,50
WBGene00009891,25,109,134
WBGene00009892,1,3,4
WBGene00009893,0,0,0
WBGene00009894,0,0,0
WBGene00009895,14,109,123
WBGene00009896,459,11672,12131
WBGene00009897,20,54,74
WBGene00009898,1,2,3
WBGene00009899,144,1911,2055
WBGene00009900,0,96,96
WBGene00009901,76,1006,1082
WBGene00009902,4,34,38
WBGene00009903,16,170,186
WBGene00009904,7,84,91
WBGene00009905,0,0,0
WBGene00009906,6,0,6
WBGene00009907,3,0,3
WBGene00009908,5,13,18
WBGene00009909,0,1,1
WBGene00009912,5,0,5
WBGene00009913,0,0,0
WBGene00009914,1,1,2
WBGene00009915,70,12016,12086
WBGene00009916,44,134,178
WBGene00009917,182,1310,1492
WBGene00009918,66,5879,5945
WBGene00009919,237,3558,3795
WBGene00009920,1446,11614,13060
WBGene00009921,17,327,344
WBGene00009922,66,1241,1307
WBGene00009923,51,457,508
WBGene00009924,134,1752,1886
WBGene00009925,27,5166,5193
WBGene00009926,367,8739,9106
WBGene00009927,133,519,652
WBGene00009929,31,83,114
WBGene00009930,26,793,819
WBGene00009931,10,116,126
WBGene00009933,3,7,10
WBGene00009934,2,0,2
WBGene00009935,46,641,687
WBGene00009937,121,902,1023
WBGene00009938,2,7,9
WBGene00009939,102,2285,2387
WBGene00009940,372,8431,8803
WBGene00009941,0,1,1
WBGene00009942,6,39,45
WBGene00009943,163,325,488
WBGene00009944,69,2210,2279
WBGene00009945,236,4579,4815
WBGene00009946,8,165,173
WBGene00009947,96,1144,1240
WBGene00009948,3,82,85
WBGene00009949,35,691,726
WBGene00009950,9,4,13
WBGene00009951,78,579,657
WBGene00009952,1055,24499,25554
WBGene00009953,92,618,710
WBGene00009954,0,0,0
WBGene00009955,1,615,616
WBGene00009956,1,2,3
WBGene00009957,83,1004,1087
WBGene00009958,158,1359,1517
WBGene00009959,1,9,10
WBGene00009960,0,0,0
WBGene00009961,0,6,6
WBGene00009962,24,2,26
WBGene00009963,3,2,5
WBGene00009964,17,64,81
WBGene00009965,46,366,412
WBGene00009966,53,4198,4251
WBGene00009967,7,53,60
WBGene00009968,585,6798,7383
WBGene00009969,78,796,874
WBGene00009971,15,63,78
WBGene00009973,777,16614,17391
WBGene00009974,257,7167,7424
WBGene00009975,1620,3305,4925
WBGene00009976,169,2259,2428
WBGene00009977,162,1459,1621
WBGene00009978,2246,3078,5324
WBGene00009979,72,10,82
WBGene00009980,144,4810,4954
WBGene00009981,33,489,522
WBGene00009982,114,44425,44539
WBGene00009983,2,6159,6161
WBGene00009984,206,415,621
WBGene00009985,21,415,436
WBGene00009986,52,658,710
WBGene00009987,173,3301,3474
WBGene00009988,78,65,143
WBGene00009990,0,10,10
WBGene00009992,848,31185,32033
WBGene00009993,20,13281,13301
WBGene00009994,16,1040,1056
WBGene00009995,25894,219734,245628
WBGene00009996,61,2255,2316
WBGene00009997,1,9,10
WBGene00009998,5,22,27
WBGene00009999,12,22,34
WBGene00010000,2,28,30
WBGene00010001,26,1964,1990
WBGene00010002,106,1297,1403
WBGene00010003,46,283,329
WBGene00010004,44,40,84
WBGene00010005,13,14,27
WBGene00010006,3447,2865,6312
WBGene00010007,0,2,2
WBGene00010008,23,248,271
WBGene00010009,27,269,296
WBGene00010010,65,501,566
WBGene00010011,25,65,90
WBGene00010012,1582,10046,11628
WBGene00010013,225,4450,4675
WBGene00010014,2,16,18
WBGene00010015,106,12657,12763
WBGene00010016,1,0,1
WBGene00010017,0,0,0
WBGene00010018,3,26,29
WBGene00010019,38,303,341
WBGene00010020,0,0,0
WBGene00010021,0,1,1
WBGene00010022,0,0,0
WBGene00010023,0,7,7
WBGene00010025,0,7,7
WBGene00010026,1,1,2
WBGene00010027,24,191,215
WBGene00010028,59,1321,1380
WBGene00010030,2,36,38
WBGene00010031,506,20,526
WBGene00010032,169,3270,3439
WBGene00010033,141,2599,2740
WBGene00010034,5,2,7
WBGene00010035,8,37,45
WBGene00010036,1,39,40
WBGene00010037,401,9774,10175
WBGene00010038,142,2359,2501
WBGene00010039,100,348,448
WBGene00010040,72,2136,2208
WBGene00010041,0,122,122
WBGene00010042,114,2289,2403
WBGene00010043,67,419,486
WBGene00010044,578,7120,7698
WBGene00010045,353,2505,2858
WBGene00010046,2,34,36
WBGene00010047,40,328,368
WBGene00010048,30,459,489
WBGene00010049,38,308,346
WBGene00010050,17,137,154
WBGene00010051,162,1695,1857
WBGene00010052,184,5533,5717
WBGene00010053,7,665,672
WBGene00010054,199,3703,3902
WBGene00010055,773,20526,21299
WBGene00010056,18,2059,2077
WBGene00010057,26,143,169
WBGene00010058,17,52,69
WBGene00010059,73,2733,2806
WBGene00010060,27,129,156
WBGene00010061,51,1128,1179
WBGene00010062,6,27,33
WBGene00010063,24,162,186
WBGene00010064,9,438,447
WBGene00010065,0,4,4
WBGene00010066,1,4,5
WBGene00010067,1,0,1
WBGene00010068,3,69,72
WBGene00010069,26,77,103
WBGene00010070,63,425,488
WBGene00010071,783,89,872
WBGene00010072,45,192,237
WBGene00010073,173,301,474
WBGene00010074,87,222,309
WBGene00010075,41,6756,6797
WBGene00010077,86,307,393
WBGene00010079,514,3793,4307
WBGene00010080,61,853,914
WBGene00010081,9,175,184
WBGene00010082,4,385,389
WBGene00010083,84,321,405
WBGene00010084,0,1,1
WBGene00010085,0,2,2
WBGene00010086,610,81,691
WBGene00010087,0,0,0
WBGene00010088,14,120,134
WBGene00010089,87,1000,1087
WBGene00010091,0,2,2
WBGene00010093,23,1178,1201
WBGene00010094,119,9683,9802
WBGene00010096,228,1676,1904
WBGene00010097,220,6170,6390
WBGene00010098,0,11,11
WBGene00010099,0,0,0
WBGene00010100,4,53,57
WBGene00010101,0,0,0
WBGene00010102,3,11,14
WBGene00010103,20,0,20
WBGene00010104,0,0,0
WBGene00010105,0,3,3
WBGene00010106,1,51,52
WBGene00010107,0,0,0
WBGene00010108,1,4,5
WBGene00010109,59,2181,2240
WBGene00010110,49,1284,1333
WBGene00010111,158,861,1019
WBGene00010113,117,584,701
WBGene00010114,6,1,7
WBGene00010115,97,1404,1501
WBGene00010116,68,135,203
WBGene00010117,265,3747,4012
WBGene00010118,13,40,53
WBGene00010119,8,62,70
WBGene00010120,6,31,37
WBGene00010121,8,1,9
WBGene00010122,0,16,16
WBGene00010123,9,53,62
WBGene00010124,2,10,12
WBGene00010125,3,7,10
WBGene00010126,0,0,0
WBGene00010127,0,0,0
WBGene00010128,0,14,14
WBGene00010129,0,0,0
WBGene00010130,173,9121,9294
WBGene00010131,34,1156,1190
WBGene00010132,279,1018,1297
WBGene00010133,0,1850,1850
WBGene00010134,10,27,37
WBGene00010135,4,2162,2166
WBGene00010136,8,0,8
WBGene00010137,195,280,475
WBGene00010138,19,76,95
WBGene00010139,356,9676,10032
WBGene00010140,55,473,528
WBGene00010141,105,835,940
WBGene00010142,216,123,339
WBGene00010143,22,103,125
WBGene00010144,14,103,117
WBGene00010145,8,7,15
WBGene00010146,358,1175,1533
WBGene00010147,1,1,2
WBGene00010148,26,152,178
WBGene00010149,0,0,0
WBGene00010150,324,61,385
WBGene00010152,0,13,13
WBGene00010153,0,8,8
WBGene00010155,8,48,56
WBGene00010157,0,3,3
WBGene00010158,0,0,0
WBGene00010159,502,1626,2128
WBGene00010160,249,1051,1300
WBGene00010161,389,1135,1524
WBGene00010162,0,1,1
WBGene00010163,102,327,429
WBGene00010164,3,1,4
WBGene00010165,30,54,84
WBGene00010166,4,28,32
WBGene00010167,25,5,30
WBGene00010168,25,59,84
WBGene00010169,2,2,4
WBGene00010170,0,4,4
WBGene00010171,2,1,3
WBGene00010172,2,4,6
WBGene00010173,4,6,10
WBGene00010174,1084,17001,18085
WBGene00010175,185,1010,1195
WBGene00010176,13,112,125
WBGene00010177,786,5260,6046
WBGene00010178,153,3563,3716
WBGene00010179,131,1108,1239
WBGene00010180,3,10,13
WBGene00010181,3,2,5
WBGene00010182,1,13,14
WBGene00010183,1,40,41
WBGene00010184,0,17,17
WBGene00010185,6,37,43
WBGene00010186,0,24,24
WBGene00010187,3,12,15
WBGene00010188,11,300,311
WBGene00010189,0,27,27
WBGene00010191,67,2814,2881
WBGene00010192,24,779,803
WBGene00010193,6,250,256
WBGene00010194,0,55,55
WBGene00010195,7,124,131
WBGene00010196,8,16,24
WBGene00010197,67,2078,2145
WBGene00010198,83,597,680
WBGene00010199,154,4765,4919
WBGene00010200,121,151,272
WBGene00010202,20,769,789
WBGene00010203,3,72,75
WBGene00010204,5,852,857
WBGene00010205,15,247,262
WBGene00010206,0,1,1
WBGene00010212,327,44,371
WBGene00010214,49,285,334
WBGene00010215,6,6,12
WBGene00010216,0,0,0
WBGene00010217,0,2,2
WBGene00010218,1,7,8
WBGene00010219,0,1,1
WBGene00010220,2,3,5
WBGene00010221,101,8158,8259
WBGene00010222,53,177,230
WBGene00010223,40,54,94
WBGene00010224,109,536,645
WBGene00010225,100,2225,2325
WBGene00010226,1,12,13
WBGene00010227,31,525,556
WBGene00010228,13,13,26
WBGene00010229,99,886,985
WBGene00010230,151,5830,5981
WBGene00010231,438,6751,7189
WBGene00010232,165,6904,7069
WBGene00010233,76,812,888
WBGene00010234,2,1460,1462
WBGene00010235,83,1606,1689
WBGene00010236,47,1631,1678
WBGene00010237,2,56,58
WBGene00010238,11,145,156
WBGene00010239,24,615,639
WBGene00010241,2,24,26
WBGene00010242,89,460,549
WBGene00010243,22,96,118
WBGene00010244,488,11281,11769
WBGene00010245,1,6,7
WBGene00010246,2,33,35
WBGene00010247,4,0,4
WBGene00010248,66,2938,3004
WBGene00010249,16,8,24
WBGene00010250,35,68,103
WBGene00010251,291,820,1111
WBGene00010253,5,37,42
WBGene00010254,0,4,4
WBGene00010255,0,2,2
WBGene00010256,2,20,22
WBGene00010257,0,20,20
WBGene00010258,35,438,473
WBGene00010259,1184,3429,4613
WBGene00010260,284,23521,23805
WBGene00010261,4,5,9
WBGene00010262,72,1987,2059
WBGene00010263,10,161,171
WBGene00010264,143,366,509
WBGene00010265,2,6,8
WBGene00010266,114,1962,2076
WBGene00010267,19,248,267
WBGene00010268,70,775,845
WBGene00010269,99,2928,3027
WBGene00010270,0,3,3
WBGene00010272,351,3245,3596
WBGene00010273,14,19,33
WBGene00010274,1,46,47
WBGene00010275,98,227,325
WBGene00010277,0,33,33
WBGene00010278,0,26,26
WBGene00010279,148,4679,4827
WBGene00010280,133,3437,3570
WBGene00010281,5,238,243
WBGene00010282,36,50,86
WBGene00010283,57,667,724
WBGene00010284,283,5932,6215
WBGene00010285,14,215,229
WBGene00010286,40,974,1014
WBGene00010288,129,1245,1374
WBGene00010289,0,5,5
WBGene00010290,40,3314,3354
WBGene00010291,62,603,665
WBGene00010292,0,6,6
WBGene00010293,6,116,122
WBGene00010296,0,37,37
WBGene00010297,13,13,26
WBGene00010298,2,2,4
WBGene00010299,2,0,2
WBGene00010300,0,1,1
WBGene00010301,0,0,0
WBGene00010302,593,1657,2250
WBGene00010303,482,56578,57060
WBGene00010304,175,1107,1282
WBGene00010305,223,3352,3575
WBGene00010306,652,3482,4134
WBGene00010307,5,567,572
WBGene00010308,119,478,597
WBGene00010309,32,236,268
WBGene00010310,39,373,412
WBGene00010311,9,222,231
WBGene00010314,1,6,7
WBGene00010315,43,201,244
WBGene00010316,203,543,746
WBGene00010317,382,32878,33260
WBGene00010318,43,274,317
WBGene00010319,73,691,764
WBGene00010320,154,1068,1222
WBGene00010321,56,1398,1454
WBGene00010322,34,24,58
WBGene00010323,2,10,12
WBGene00010324,2,0,2
WBGene00010325,25,2026,2051
WBGene00010326,1623,15062,16685
WBGene00010327,405,907,1312
WBGene00010328,11,59,70
WBGene00010329,57,769,826
WBGene00010330,540990,181,541171
WBGene00010331,112,664,776
WBGene00010332,23,466,489
WBGene00010333,420,8377,8797
WBGene00010334,27,73,100
WBGene00010335,317,1058,1375
WBGene00010336,25,133,158
WBGene00010337,1596,18529,20125
WBGene00010338,116,1500,1616
WBGene00010339,33,1205,1238
WBGene00010340,21,54,75
WBGene00010341,5,25,30
WBGene00010342,41,49,90
WBGene00010343,2,2,4
WBGene00010344,36,270,306
WBGene00010345,48,256,304
WBGene00010348,7,567,574
WBGene00010349,69,293,362
WBGene00010350,394,1027,1421
WBGene00010351,6,222,228
WBGene00010352,9,35,44
WBGene00010353,1,67,68
WBGene00010354,339,238,577
WBGene00010355,3,9,12
WBGene00010356,60,1219,1279
WBGene00010357,94,691,785
WBGene00010358,0,3,3
WBGene00010359,4,8,12
WBGene00010360,1,4,5
WBGene00010361,15,16,31
WBGene00010362,0,347,347
WBGene00010363,15,158,173
WBGene00010364,2,102,104
WBGene00010365,10,13,23
WBGene00010366,5,1,6
WBGene00010367,17,208,225
WBGene00010368,8,7,15
WBGene00010369,256,4949,5205
WBGene00010370,918,7252,8170
WBGene00010372,21,28,49
WBGene00010373,7,28,35
WBGene00010374,650,2337,2987
WBGene00010375,18,296,314
WBGene00010377,0,0,0
WBGene00010378,0,2,2
WBGene00010379,0,0,0
WBGene00010380,1,0,1
WBGene00010381,1,0,1
WBGene00010382,0,49,49
WBGene00010383,72,579,651
WBGene00010385,357,702,1059
WBGene00010386,230,252,482
WBGene00010387,1,9,10
WBGene00010388,2,5,7
WBGene00010389,26,1,27
WBGene00010391,0,10,10
WBGene00010392,1,1,2
WBGene00010394,8,6,14
WBGene00010395,0,0,0
WBGene00010396,31,235,266
WBGene00010397,18,839,857
WBGene00010399,0,0,0
WBGene00010401,0,1,1
WBGene00010403,10,36,46
WBGene00010404,0,0,0
WBGene00010405,197,8546,8743
WBGene00010406,81,5402,5483
WBGene00010407,101,2594,2695
WBGene00010408,152,2469,2621
WBGene00010409,131,810,941
WBGene00010410,5,6,11
WBGene00010411,2,2,4
WBGene00010412,0,1,1
WBGene00010413,0,0,0
WBGene00010414,1,2,3
WBGene00010415,3,4,7
WBGene00010416,439,3803,4242
WBGene00010417,0,0,0
WBGene00010418,40,1113,1153
WBGene00010419,6117,162339,168456
WBGene00010420,151,1311,1462
WBGene00010421,36,183,219
WBGene00010422,34,531,565
WBGene00010423,49,68,117
WBGene00010424,11,144,155
WBGene00010425,273,14373,14646
WBGene00010426,6,42,48
WBGene00010427,775,1410,2185
WBGene00010428,211,3168,3379
WBGene00010429,10,4,14
WBGene00010432,7,3190,3197
WBGene00010433,131,1715,1846
WBGene00010434,97,133,230
WBGene00010435,480,6739,7219
WBGene00010436,0,451,451
WBGene00010437,143,1431,1574
WBGene00010439,63,932,995
WBGene00010440,1803,27842,29645
WBGene00010442,116,1212,1328
WBGene00010444,522,1960,2482
WBGene00010446,0,61,61
WBGene00010447,4,8,12
WBGene00010448,58,278,336
WBGene00010449,56,518,574
WBGene00010450,210,2560,2770
WBGene00010451,43,7,50
WBGene00010453,60,353,413
WBGene00010454,45,398,443
WBGene00010455,24,262,286
WBGene00010456,81,1080,1161
WBGene00010457,6,117,123
WBGene00010458,63,3257,3320
WBGene00010459,10,1054,1064
WBGene00010460,14,29,43
WBGene00010461,1,21,22
WBGene00010464,35,165,200
WBGene00010465,172,1384,1556
WBGene00010466,0,8,8
WBGene00010467,0,9,9
WBGene00010468,0,149,149
WBGene00010469,2,19,21
WBGene00010470,135,718,853
WBGene00010471,377,5080,5457
WBGene00010472,12,1672,1684
WBGene00010473,30,161,191
WBGene00010474,2,1,3
WBGene00010475,659,1189,1848
WBGene00010476,68,2196,2264
WBGene00010477,0,180,180
WBGene00010478,280,32603,32883
WBGene00010479,295,2439,2734
WBGene00010480,1092,5775,6867
WBGene00010481,25,1294,1319
WBGene00010483,1,4,5
WBGene00010484,167,2894,3061
WBGene00010485,0,47,47
WBGene00010486,0,0,0
WBGene00010487,25,18,43
WBGene00010488,946,7002,7948
WBGene00010491,10,2698,2708
WBGene00010492,0,1,1
WBGene00010493,2,2,4
WBGene00010494,1,2,3
WBGene00010495,0,13,13
WBGene00010496,162,1945,2107
WBGene00010497,70,456,526
WBGene00010498,128,587,715
WBGene00010499,0,17,17
WBGene00010500,545,4586,5131
WBGene00010501,51,684,735
WBGene00010502,108,1700,1808
WBGene00010503,51,616,667
WBGene00010504,33,438,471
WBGene00010505,49,309,358
WBGene00010506,17,64,81
WBGene00010507,498,4607,5105
WBGene00010508,24,6,30
WBGene00010509,1,9,10
WBGene00010510,0,1,1
WBGene00010511,2,2,4
WBGene00010512,502,8320,8822
WBGene00010513,861,7287,8148
WBGene00010514,837,9491,10328
WBGene00010515,456,9061,9517
WBGene00010516,37,569,606
WBGene00010518,140,713,853
WBGene00010519,3,10,13
WBGene00010520,28,442,470
WBGene00010521,52,187,239
WBGene00010522,14,278,292
WBGene00010523,2,2,4
WBGene00010524,3,196,199
WBGene00010525,45,597,642
WBGene00010526,0,7,7
WBGene00010527,1,0,1
WBGene00010528,0,1,1
WBGene00010530,1,2,3
WBGene00010531,0,0,0
WBGene00010534,8,0,8
WBGene00010535,4,0,4
WBGene00010536,4,0,4
WBGene00010537,296,765,1061
WBGene00010538,27,124,151
WBGene00010539,252,3628,3880
WBGene00010540,26,178,204
WBGene00010541,542,6765,7307
WBGene00010542,6,914,920
WBGene00010544,0,7,7
WBGene00010545,4,61,65
WBGene00010546,7,177,184
WBGene00010547,0,1,1
WBGene00010550,111,1712,1823
WBGene00010551,191,1416,1607
WBGene00010552,48,646,694
WBGene00010553,22,482,504
WBGene00010554,10,92,102
WBGene00010555,0,2,2
WBGene00010556,1132,403970,405102
WBGene00010557,36,1744,1780
WBGene00010558,104,378,482
WBGene00010559,2,67,69
WBGene00010560,579,21816,22395
WBGene00010562,125,1769,1894
WBGene00010563,70,74,144
WBGene00010564,258,3584,3842
WBGene00010565,11,562,573
WBGene00010566,65,249,314
WBGene00010567,116,1284,1400
WBGene00010568,22,43,65
WBGene00010569,59,503,562
WBGene00010570,1,0,1
WBGene00010571,4,16,20
WBGene00010572,43,407,450
WBGene00010573,96,794,890
WBGene00010574,1,9,10
WBGene00010575,21,575,596
WBGene00010576,4,1,5
WBGene00010577,10,1,11
WBGene00010578,1,0,1
WBGene00010579,60,9923,9983
WBGene00010580,40,34,74
WBGene00010581,4,30,34
WBGene00010582,265,3433,3698
WBGene00010583,3,2182,2185
WBGene00010584,6,24,30
WBGene00010585,214,563,777
WBGene00010586,8,10,18
WBGene00010587,55,235,290
WBGene00010588,0,5,5
WBGene00010589,2,65,67
WBGene00010590,0,0,0
WBGene00010591,1,1,2
WBGene00010592,21,169,190
WBGene00010593,1154,15825,16979
WBGene00010594,74,241,315
WBGene00010595,247,1740,1987
WBGene00010596,2,14,16
WBGene00010597,315,415,730
WBGene00010598,3,0,3
WBGene00010599,18,22,40
WBGene00010600,0,5,5
WBGene00010601,0,1,1
WBGene00010602,2,3,5
WBGene00010603,6,31,37
WBGene00010604,4,110,114
WBGene00010605,62,300,362
WBGene00010606,4,43,47
WBGene00010607,23,21,44
WBGene00010608,32,393,425
WBGene00010609,220,2446,2666
WBGene00010610,278,2669,2947
WBGene00010611,1,4,5
WBGene00010612,1,3,4
WBGene00010613,5,7,12
WBGene00010614,4,28,32
WBGene00010615,194,2002,2196
WBGene00010616,257,12062,12319
WBGene00010617,15,100,115
WBGene00010619,89,1341,1430
WBGene00010620,223,2641,2864
WBGene00010621,13,641,654
WBGene00010622,89,1237,1326
WBGene00010623,32,102,134
WBGene00010624,499,6159,6658
WBGene00010625,163,2187,2350
WBGene00010626,662,3730,4392
WBGene00010627,2212,40135,42347
WBGene00010628,10,145,155
WBGene00010629,154,4170,4324
WBGene00010630,19,220,239
WBGene00010631,350,5019,5369
WBGene00010632,221,1793,2014
WBGene00010633,0,1,1
WBGene00010634,0,0,0
WBGene00010635,0,6,6
WBGene00010636,9,75,84
WBGene00010637,6,130,136
WBGene00010638,384,3291,3675
WBGene00010639,704,9376,10080
WBGene00010640,127,576,703
WBGene00010641,93,2355,2448
WBGene00010642,85,771,856
WBGene00010643,14,89,103
WBGene00010644,1,15,16
WBGene00010645,269,3606,3875
WBGene00010646,133,114,247
WBGene00010647,8,948,956
WBGene00010648,223,2755,2978
WBGene00010649,291,2336,2627
WBGene00010650,3,2,5
WBGene00010651,1,3,4
WBGene00010652,4,41,45
WBGene00010653,0,0,0
WBGene00010654,8,30,38
WBGene00010655,5,3,8
WBGene00010656,2,1,3
WBGene00010657,3,48,51
WBGene00010658,2,62,64
WBGene00010659,7,31,38
WBGene00010660,26,284,310
WBGene00010661,14,342,356
WBGene00010662,6,19,25
WBGene00010663,76,211,287
WBGene00010664,72,2054,2126
WBGene00010665,416,7952,8368
WBGene00010666,4,569,573
WBGene00010667,149,1285,1434
WBGene00010668,0,2,2
WBGene00010669,27,64,91
WBGene00010670,53,6690,6743
WBGene00010671,28,1619,1647
WBGene00010672,0,5,5
WBGene00010673,5,24,29
WBGene00010674,28,777,805
WBGene00010675,327,3049,3376
WBGene00010676,128,1655,1783
WBGene00010677,187,14942,15129
WBGene00010678,25,458,483
WBGene00010679,8,36,44
WBGene00010680,8,59,67
WBGene00010681,981,22412,23393
WBGene00010682,9,31,40
WBGene00010683,23,269,292
WBGene00010684,1,4,5
WBGene00010685,184,2497,2681
WBGene00010686,2,16,18
WBGene00010687,78,1906,1984
WBGene00010688,1,2,3
WBGene00010689,0,4,4
WBGene00010690,0,3,3
WBGene00010691,3,25,28
WBGene00010692,0,4,4
WBGene00010693,68,92,160
WBGene00010694,19,12,31
WBGene00010697,138,2245,2383
WBGene00010698,7,9,16
WBGene00010699,451,3327,3778
WBGene00010700,236,3070,3306
WBGene00010701,176,5782,5958
WBGene00010702,96,596,692
WBGene00010703,1625,10413,12038
WBGene00010704,14,571,585
WBGene00010705,26,187,213
WBGene00010706,1,12,13
WBGene00010707,1,6,7
WBGene00010708,13,83,96
WBGene00010709,129,654,783
WBGene00010711,0,343,343
WBGene00010712,20,53,73
WBGene00010713,533,2076,2609
WBGene00010714,62,63,125
WBGene00010715,0,1,1
WBGene00010716,36,298,334
WBGene00010717,6,79,85
WBGene00010718,5,12,17
WBGene00010719,3,1,4
WBGene00010720,70,1497,1567
WBGene00010721,91,2014,2105
WBGene00010722,55,313,368
WBGene00010723,11,1125,1136
WBGene00010724,176,699,875
WBGene00010725,122,1440,1562
WBGene00010726,847,859,1706
WBGene00010727,270,8292,8562
WBGene00010728,2,5,7
WBGene00010729,0,0,0
WBGene00010730,29,4005,4034
WBGene00010731,476,4006,4482
WBGene00010732,445,2686,3131
WBGene00010734,33,220,253
WBGene00010735,93,142,235
WBGene00010736,418,4069,4487
WBGene00010737,32,315,347
WBGene00010738,1889,2368,4257
WBGene00010740,0,587,587
WBGene00010741,5,199,204
WBGene00010742,261,6224,6485
WBGene00010743,1,11,12
WBGene00010744,205,1489,1694
WBGene00010745,3,20,23
WBGene00010746,29,4,33
WBGene00010747,2,5,7
WBGene00010748,1,0,1
WBGene00010749,0,21,21
WBGene00010750,0,2,2
WBGene00010752,1,5,6
WBGene00010754,0,3,3
WBGene00010755,6,153,159
WBGene00010756,94,1060,1154
WBGene00010757,17,491,508
WBGene00010758,139,1206,1345
WBGene00010759,167,2181,2348
WBGene00010760,0,32,32
WBGene00010761,7,5,12
WBGene00010762,3,8,11
WBGene00010763,0,2,2
WBGene00010764,2,4,6
WBGene00010765,10,30,40
WBGene00010766,70,4202,4272
WBGene00010767,14,521,535
WBGene00010768,51,103,154
WBGene00010769,10,139,149
WBGene00010770,172,372,544
WBGene00010771,66,1001,1067
WBGene00010772,2045,3659,5704
WBGene00010773,229,4341,4570
WBGene00010774,2,42,44
WBGene00010775,13,32,45
WBGene00010776,258,1259,1517
WBGene00010778,445,8314,8759
WBGene00010779,2,4,6
WBGene00010780,233,3032,3265
WBGene00010781,11,75,86
WBGene00010782,7,53,60
WBGene00010783,560,6444,7004
WBGene00010784,99,297,396
WBGene00010785,97,4696,4793
WBGene00010786,18,13,31
WBGene00010787,7,87,94
WBGene00010788,43,148,191
WBGene00010789,64,49,113
WBGene00010790,263,34797,35060
WBGene00010791,7,159,166
WBGene00010792,27,186,213
WBGene00010793,87,555,642
WBGene00010794,587,19450,20037
WBGene00010795,24,342,366
WBGene00010796,508,3877,4385
WBGene00010797,0,0,0
WBGene00010798,0,0,0
WBGene00010799,26,187,213
WBGene00010800,0,5,5
WBGene00010801,1,1,2
WBGene00010802,0,1,1
WBGene00010803,18,699,717
WBGene00010804,0,1,1
WBGene00010805,31,530,561
WBGene00010806,306,3913,4219
WBGene00010807,18,1459,1477
WBGene00010808,0,3,3
WBGene00010809,57,7281,7338
WBGene00010810,257,1922,2179
WBGene00010811,84,1076,1160
WBGene00010812,523,11164,11687
WBGene00010813,349,841,1190
WBGene00010814,93,361,454
WBGene00010815,166,665,831
WBGene00010817,0,0,0
WBGene00010819,0,2,2
WBGene00010820,3,0,3
WBGene00010821,2,1,3
WBGene00010822,3,29,32
WBGene00010823,0,1,1
WBGene00010825,4,10,14
WBGene00010827,82,1356,1438
WBGene00010828,1295,4244,5539
WBGene00010829,6,9,15
WBGene00010830,13,87,100
WBGene00010831,9,33,42
WBGene00010832,2,9,11
WBGene00010833,86,884,970
WBGene00010834,47,3587,3634
WBGene00010835,65,431,496
WBGene00010836,1670,207,1877
WBGene00010837,83,2336,2419
WBGene00010838,142,1062,1204
WBGene00010839,85,374,459
WBGene00010840,789,1581,2370
WBGene00010842,586,3542,4128
WBGene00010843,51,166,217
WBGene00010844,173,2838,3011
WBGene00010845,266,5857,6123
WBGene00010846,47,263,310
WBGene00010847,134,2173,2307
WBGene00010848,4,209,213
WBGene00010849,350,274,624
WBGene00010850,25,32,57
WBGene00010851,0,13,13
WBGene00010854,0,8,8
WBGene00010855,89,7,96
WBGene00010856,667,2625,3292
WBGene00010857,43,107,150
WBGene00010858,59,562,621
WBGene00010859,17,62,79
WBGene00010862,2,5,7
WBGene00010863,10,11,21
WBGene00010864,34,248,282
WBGene00010865,31,121,152
WBGene00010866,0,1,1
WBGene00010867,158,2174,2332
WBGene00010868,405,9571,9976
WBGene00010869,0,57,57
WBGene00010870,12,173,185
WBGene00010871,26,136,162
WBGene00010872,79,5450,5529
WBGene00010873,43,430,473
WBGene00010874,188,195,383
WBGene00010875,139,1584,1723
WBGene00010876,33,30,63
WBGene00010877,276,2598,2874
WBGene00010878,176,4481,4657
WBGene00010879,195,11944,12139
WBGene00010880,134,122,256
WBGene00010881,80,377,457
WBGene00010882,64,2052,2116
WBGene00010883,0,14,14
WBGene00010884,59,414,473
WBGene00010885,1,3,4
WBGene00010886,1,7,8
WBGene00010887,412,4179,4591
WBGene00010888,2226,19968,22194
WBGene00010889,23,389,412
WBGene00010890,205,3082,3287
WBGene00010891,12,1030,1042
WBGene00010892,18,788,806
WBGene00010893,85,861,946
WBGene00010894,4,1,5
WBGene00010895,3,4,7
WBGene00010896,595,74184,74779
WBGene00010897,294,920,1214
WBGene00010898,164,783,947
WBGene00010899,18,94,112
WBGene00010900,2,2,4
WBGene00010901,1,40,41
WBGene00010902,183,1362,1545
WBGene00010904,9,83,92
WBGene00010905,212,7054,7266
WBGene00010906,16,60,76
WBGene00010907,20,202,222
WBGene00010908,301,4306,4607
WBGene00010909,273,5258,5531
WBGene00010910,717,969,1686
WBGene00010911,178,1909,2087
WBGene00010912,315,5125,5440
WBGene00010913,110,2008,2118
WBGene00010915,5,5,10
WBGene00010916,6,53,59
WBGene00010917,15,219,234
WBGene00010918,328,1660,1988
WBGene00010919,4,24,28
WBGene00010920,6,8,14
WBGene00010922,4,1790,1794
WBGene00010923,320,1923,2243
WBGene00010924,6,84,90
WBGene00010925,3,10,13
WBGene00010926,2,49,51
WBGene00010927,0,1,1
WBGene00010928,0,22,22
WBGene00010929,1,1,2
WBGene00010931,8,132,140
WBGene00010933,0,1,1
WBGene00010934,0,21,21
WBGene00010935,20,4924,4944
WBGene00010936,70,737,807
WBGene00010937,2,22,24
WBGene00010938,13,6,19
WBGene00010939,32,13,45
WBGene00010940,6,1036,1042
WBGene00010941,140,1555,1695
WBGene00010942,861,14553,15414
WBGene00010943,14,661,675
WBGene00010944,80,1702,1782
WBGene00010945,2,110,112
WBGene00010946,17,9,26
WBGene00010947,0,539,539
WBGene00010948,7,22,29
WBGene00010949,3,2,5
WBGene00010950,0,1,1
WBGene00010951,68,591,659
WBGene00010953,0,0,0
WBGene00010954,0,0,0
WBGene00010955,0,1,1
WBGene00010956,0,6,6
WBGene00010957,0,969683,969683
WBGene00010958,0,592876,592876
WBGene00010959,0,164591,164591
WBGene00010960,0,802519,802519
WBGene00010961,0,62142,62142
WBGene00010962,0,559941,559941
WBGene00010963,0,68420,68420
WBGene00010964,0,322637,322637
WBGene00010965,0,490248,490248
WBGene00010966,0,34289,34289
WBGene00010967,0,70087,70087
WBGene00010968,7,83,90
WBGene00010969,2,14,16
WBGene00010970,221,1637,1858
WBGene00010971,9,166,175
WBGene00010972,3,220,223
WBGene00010973,17,84,101
WBGene00010974,138,547,685
WBGene00010975,127,817,944
WBGene00010976,8,1022,1030
WBGene00010977,8,125,133
WBGene00010978,0,20,20
WBGene00010979,37,25,62
WBGene00010980,2,3,5
WBGene00010981,77,1237,1314
WBGene00010982,182,2584,2766
WBGene00010983,47,75,122
WBGene00010984,37,2983,3020
WBGene00010985,40,117,157
WBGene00010986,94,289,383
WBGene00010987,6,28,34
WBGene00010988,162,2747,2909
WBGene00010989,3,200,203
WBGene00010990,218,3256,3474
WBGene00010991,7,39,46
WBGene00010992,3,2,5
WBGene00010993,100,7957,8057
WBGene00010994,717,4998,5715
WBGene00010995,3,1,4
WBGene00010996,3,1,4
WBGene00010998,3,6,9
WBGene00010999,10,7,17
WBGene00011000,13,25,38
WBGene00011001,12,13,25
WBGene00011002,76,265,341
WBGene00011003,151,1310,1461
WBGene00011004,368,1459,1827
WBGene00011005,1,15,16
WBGene00011006,2,38,40
WBGene00011008,2,0,2
WBGene00011009,2,30,32
WBGene00011010,0,3,3
WBGene00011011,0,0,0
WBGene00011012,0,1,1
WBGene00011013,1,39,40
WBGene00011014,44,243,287
WBGene00011015,6421,115380,121801
WBGene00011016,41,2136,2177
WBGene00011017,20,4366,4386
WBGene00011018,682,2754,3436
WBGene00011019,986,20432,21418
WBGene00011020,184,4207,4391
WBGene00011021,268,3033,3301
WBGene00011023,7,50,57
WBGene00011024,0,0,0
WBGene00011025,2,0,2
WBGene00011026,3306,10976,14282
WBGene00011027,49,157,206
WBGene00011028,1326,1668,2994
WBGene00011029,327,2608,2935
WBGene00011030,85,338,423
WBGene00011032,165,3224,3389
WBGene00011033,49,2270,2319
WBGene00011034,94,1545,1639
WBGene00011035,213,3227,3440
WBGene00011036,97,1153,1250
WBGene00011037,79,1224,1303
WBGene00011038,355,13574,13929
WBGene00011039,6,170,176
WBGene00011040,30,645,675
WBGene00011041,0,8,8
WBGene00011042,1,83,84
WBGene00011043,682,3988,4670
WBGene00011044,119,258,377
WBGene00011045,300,2295,2595
WBGene00011046,1,9,10
WBGene00011047,22,933,955
WBGene00011049,2,17,19
WBGene00011050,411,2764,3175
WBGene00011051,820,2612,3432
WBGene00011052,8,2,10
WBGene00011053,3,5,8
WBGene00011054,68,1353,1421
WBGene00011055,168,2362,2530
WBGene00011056,11,11,22
WBGene00011058,506,1682,2188
WBGene00011059,8742,159630,168372
WBGene00011060,96,1256,1352
WBGene00011061,37,958,995
WBGene00011062,0,54,54
WBGene00011063,5,137,142
WBGene00011064,185,3076,3261
WBGene00011065,15,213,228
WBGene00011066,19,220,239
WBGene00011067,83,1328,1411
WBGene00011068,41,1205,1246
WBGene00011069,41,191,232
WBGene00011070,291,9135,9426
WBGene00011071,223,1655,1878
WBGene00011072,4456,47433,51889
WBGene00011073,18,217,235
WBGene00011074,27,199,226
WBGene00011075,52,253,305
WBGene00011076,5,28,33
WBGene00011077,36,29,65
WBGene00011078,2,37,39
WBGene00011079,6,70,76
WBGene00011081,5,56,61
WBGene00011082,10,111,121
WBGene00011083,28,22,50
WBGene00011084,0,3,3
WBGene00011087,21,329,350
WBGene00011088,2,96,98
WBGene00011089,22,912,934
WBGene00011090,64,354,418
WBGene00011092,94,491,585
WBGene00011093,86,485,571
WBGene00011094,18,182,200
WBGene00011095,57,4041,4098
WBGene00011096,7,10,17
WBGene00011097,97,468,565
WBGene00011098,10,83,93
WBGene00011099,10,145,155
WBGene00011100,60,300,360
WBGene00011101,108,147,255
WBGene00011102,17,401,418
WBGene00011103,4,469,473
WBGene00011104,24,16,40
WBGene00011105,114,1406,1520
WBGene00011106,148,2608,2756
WBGene00011107,15,513,528
WBGene00011108,29,929,958
WBGene00011109,90,1879,1969
WBGene00011110,1118,9852,10970
WBGene00011111,63,5172,5235
WBGene00011112,20,853,873
WBGene00011113,6,12,18
WBGene00011114,2,9,11
WBGene00011115,67,2458,2525
WBGene00011116,177,6438,6615
WBGene00011117,7,301,308
WBGene00011119,1311,16822,18133
WBGene00011120,0,10,10
WBGene00011121,18,453,471
WBGene00011122,659,4741,5400
WBGene00011123,360,1423,1783
WBGene00011124,8,182,190
WBGene00011127,0,13,13
WBGene00011128,112,11094,11206
WBGene00011129,8,25,33
WBGene00011130,4585,0,4585
WBGene00011131,207,394,601
WBGene00011132,0,2,2
WBGene00011133,2,20,22
WBGene00011134,0,0,0
WBGene00011135,0,0,0
WBGene00011136,5,48,53
WBGene00011137,8,386,394
WBGene00011139,118,1799,1917
WBGene00011140,13,72,85
WBGene00011141,24,296,320
WBGene00011142,129,2295,2424
WBGene00011143,94,1284,1378
WBGene00011144,551,3518,4069
WBGene00011145,49,1013,1062
WBGene00011146,445,2517,2962
WBGene00011147,36,244,280
WBGene00011150,4,2,6
WBGene00011151,1,1,2
WBGene00011152,2,1,3
WBGene00011153,14,3,17
WBGene00011154,57,1244,1301
WBGene00011155,1018,16066,17084
WBGene00011156,15368,255068,270436
WBGene00011157,0,4,4
WBGene00011158,0,0,0
WBGene00011159,0,0,0
WBGene00011161,1,4,5
WBGene00011162,0,0,0
WBGene00011163,0,0,0
WBGene00011164,0,0,0
WBGene00011166,1,6,7
WBGene00011167,1,0,1
WBGene00011168,1,7,8
WBGene00011169,0,0,0
WBGene00011170,0,1,1
WBGene00011171,58,144,202
WBGene00011172,5,29,34
WBGene00011173,6,2,8
WBGene00011175,2,12,14
WBGene00011176,0,5,5
WBGene00011177,0,0,0
WBGene00011179,47,641,688
WBGene00011180,26,100,126
WBGene00011181,19,323,342
WBGene00011182,65,233,298
WBGene00011183,3,0,3
WBGene00011184,2,52,54
WBGene00011185,4,211,215
WBGene00011186,0,0,0
WBGene00011187,0,9,9
WBGene00011188,2,84,86
WBGene00011189,47,204,251
WBGene00011190,5,96,101
WBGene00011191,1,28,29
WBGene00011192,6,14,20
WBGene00011193,55,1830,1885
WBGene00011194,134,803,937
WBGene00011195,43,3193,3236
WBGene00011196,7,0,7
WBGene00011197,4,18,22
WBGene00011198,100,3355,3455
WBGene00011200,3,6,9
WBGene00011201,18,182,200
WBGene00011202,8,13,21
WBGene00011203,10,90,100
WBGene00011205,225,4072,4297
WBGene00011206,79,894,973
WBGene00011207,9,11,20
WBGene00011208,0,0,0
WBGene00011209,1,2,3
WBGene00011211,7,1,8
WBGene00011212,0,19,19
WBGene00011213,3,3,6
WBGene00011214,6,108,114
WBGene00011215,49,130,179
WBGene00011216,180,1753,1933
WBGene00011217,62,394,456
WBGene00011218,44,570,614
WBGene00011219,3,14,17
WBGene00011220,16,100,116
WBGene00011221,319,2478,2797
WBGene00011222,17,202,219
WBGene00011223,65,490,555
WBGene00011224,79,562,641
WBGene00011225,30,444,474
WBGene00011226,152,720,872
WBGene00011227,4,250,254
WBGene00011228,1,14,15
WBGene00011229,0,4,4
WBGene00011230,113,4768,4881
WBGene00011231,36,3945,3981
WBGene00011232,2911,61372,64283
WBGene00011234,0,111,111
WBGene00011235,97,488,585
WBGene00011236,22,352,374
WBGene00011237,96,2575,2671
WBGene00011238,101,146,247
WBGene00011239,294,6287,6581
WBGene00011240,422,5684,6106
WBGene00011241,24,99,123
WBGene00011242,74,661,735
WBGene00011243,7,35,42
WBGene00011244,19,1819,1838
WBGene00011245,0,0,0
WBGene00011246,8,18,26
WBGene00011247,429,8517,8946
WBGene00011248,100,1235,1335
WBGene00011249,1,3,4
WBGene00011250,110,1985,2095
WBGene00011251,77,212,289
WBGene00011252,0,28,28
WBGene00011253,54,2415,2469
WBGene00011254,31,1725,1756
WBGene00011255,17,182,199
WBGene00011257,6,958,964
WBGene00011258,13,107,120
WBGene00011259,505,3028,3533
WBGene00011260,6,43,49
WBGene00011261,540,483,1023
WBGene00011262,10,117,127
WBGene00011263,12,1491,1503
WBGene00011264,19,42,61
WBGene00011265,10,274,284
WBGene00011266,1,121,122
WBGene00011267,5,101,106
WBGene00011268,221,1285,1506
WBGene00011269,60,155,215
WBGene00011270,685,8273,8958
WBGene00011271,119,987,1106
WBGene00011272,104,2919,3023
WBGene00011273,2513,134751,137264
WBGene00011274,150,1267,1417
WBGene00011275,32,653,685
WBGene00011276,102,2278,2380
WBGene00011277,2,9,11
WBGene00011278,1,124,125
WBGene00011279,1020,4484,5504
WBGene00011280,122,1584,1706
WBGene00011281,222,3008,3230
WBGene00011282,500,3864,4364
WBGene00011283,1159,6995,8154
WBGene00011284,18,2157,2175
WBGene00011285,82,901,983
WBGene00011286,14,331,345
WBGene00011287,53,541,594
WBGene00011288,0,74,74
WBGene00011289,17,8530,8547
WBGene00011290,0,2,2
WBGene00011291,40,286,326
WBGene00011292,333,3034,3367
WBGene00011293,21,25,46
WBGene00011295,0,1,1
WBGene00011296,3,34,37
WBGene00011297,0,0,0
WBGene00011298,238,1070,1308
WBGene00011299,365,1973,2338
WBGene00011300,354,12698,13052
WBGene00011302,568,2410,2978
WBGene00011303,603,3621,4224
WBGene00011304,4584,10518,15102
WBGene00011305,23,825,848
WBGene00011306,125,2084,2209
WBGene00011307,232,1665,1897
WBGene00011308,352,5926,6278
WBGene00011309,1580,7555,9135
WBGene00011310,30,273,303
WBGene00011311,596,5034,5630
WBGene00011312,14,1611,1625
WBGene00011313,1,73,74
WBGene00011314,86,622,708
WBGene00011315,5,175,180
WBGene00011317,39,877,916
WBGene00011318,17,596,613
WBGene00011319,120,1281,1401
WBGene00011320,0,25,25
WBGene00011321,0,24,24
WBGene00011322,2,2,4
WBGene00011323,99,1948,2047
WBGene00011324,6,464,470
WBGene00011325,19,495,514
WBGene00011326,154,1825,1979
WBGene00011327,1,17,18
WBGene00011328,252,685,937
WBGene00011329,124,1610,1734
WBGene00011330,4,119,123
WBGene00011331,3635,1459,5094
WBGene00011333,201,3385,3586
WBGene00011334,193,4880,5073
WBGene00011335,19,50,69
WBGene00011336,1,0,1
WBGene00011337,182,9437,9619
WBGene00011338,247,2344,2591
WBGene00011339,50,217,267
WBGene00011340,2,42,44
WBGene00011341,0,5,5
WBGene00011342,0,4,4
WBGene00011344,546,2015,2561
WBGene00011345,4,844,848
WBGene00011348,133,1000,1133
WBGene00011349,186,2395,2581
WBGene00011350,1,34,35
WBGene00011351,29,178,207
WBGene00011352,269,2729,2998
WBGene00011353,109,890,999
WBGene00011354,4,28,32
WBGene00011355,8,116,124
WBGene00011356,0,3,3
WBGene00011358,1,6,7
WBGene00011359,24,6,30
WBGene00011360,2,6,8
WBGene00011361,7,104,111
WBGene00011362,0,8,8
WBGene00011363,0,27,27
WBGene00011364,1,20,21
WBGene00011365,7,54,61
WBGene00011366,25,375,400
WBGene00011367,39,1274,1313
WBGene00011368,81,962,1043
WBGene00011371,24,136,160
WBGene00011372,301,301,602
WBGene00011373,0,0,0
WBGene00011374,3158,22107,25265
WBGene00011375,203,1551,1754
WBGene00011376,21,312,333
WBGene00011378,6,6,12
WBGene00011379,3,4,7
WBGene00011380,36,485,521
WBGene00011381,29,220,249
WBGene00011382,52,566,618
WBGene00011383,180,6405,6585
WBGene00011384,13,16,29
WBGene00011385,217,500,717
WBGene00011386,1,6,7
WBGene00011387,2,0,2
WBGene00011388,2,4,6
WBGene00011389,1,0,1
WBGene00011390,0,0,0
WBGene00011391,776,6127,6903
WBGene00011392,164,19464,19628
WBGene00011393,67,1025,1092
WBGene00011394,9,50,59
WBGene00011395,1,0,1
WBGene00011396,3,14,17
WBGene00011397,2,11,13
WBGene00011398,465,7519,7984
WBGene00011399,3,429,432
WBGene00011400,62,308,370
WBGene00011401,2,27,29
WBGene00011402,12,26,38
WBGene00011403,3,2,5
WBGene00011404,26,157,183
WBGene00011407,86,685,771
WBGene00011408,416,7332,7748
WBGene00011409,61,5073,5134
WBGene00011410,5,1616,1621
WBGene00011411,5,799,804
WBGene00011412,241,7775,8016
WBGene00011414,8,11,19
WBGene00011415,38,532,570
WBGene00011416,0,0,0
WBGene00011417,0,0,0
WBGene00011418,0,0,0
WBGene00011419,0,0,0
WBGene00011420,0,0,0
WBGene00011422,215,2366,2581
WBGene00011423,328,1782,2110
WBGene00011424,3,48,51
WBGene00011425,57,59,116
WBGene00011426,59,65,124
WBGene00011427,4,32,36
WBGene00011428,437,9294,9731
WBGene00011429,5,30,35
WBGene00011430,33,178,211
WBGene00011431,4,85,89
WBGene00011432,0,2,2
WBGene00011433,398,2244,2642
WBGene00011434,25,993,1018
WBGene00011435,3,34,37
WBGene00011436,173,3149,3322
WBGene00011437,42,157,199
WBGene00011438,0,4,4
WBGene00011439,19,72,91
WBGene00011440,39,1171,1210
WBGene00011441,190,1435,1625
WBGene00011442,104,320,424
WBGene00011443,39,586,625
WBGene00011444,122,1024,1146
WBGene00011445,12,72,84
WBGene00011446,56,2780,2836
WBGene00011447,35,789,824
WBGene00011449,110,3236,3346
WBGene00011450,7,571,578
WBGene00011451,32,430,462
WBGene00011452,45,239,284
WBGene00011453,15,139,154
WBGene00011454,46,210,256
WBGene00011456,154,746,900
WBGene00011458,40,284,324
WBGene00011460,85,186,271
WBGene00011462,18,44,62
WBGene00011463,59,759,818
WBGene00011464,43,695,738
WBGene00011465,15,188,203
WBGene00011466,8,26,34
WBGene00011467,0,2,2
WBGene00011468,11,30,41
WBGene00011469,1,4,5
WBGene00011471,35,386,421
WBGene00011472,1,9,10
WBGene00011473,21,385,406
WBGene00011474,122,85491,85613
WBGene00011475,10,195,205
WBGene00011476,41,288,329
WBGene00011478,2,6,8
WBGene00011479,114,1829,1943
WBGene00011480,1755,29028,30783
WBGene00011481,41,18316,18357
WBGene00011482,23,326,349
WBGene00011484,26,2360,2386
WBGene00011485,1,0,1
WBGene00011486,0,0,0
WBGene00011487,17,39,56
WBGene00011488,435,3448,3883
WBGene00011489,24,436,460
WBGene00011490,129,2288,2417
WBGene00011491,2,0,2
WBGene00011492,6,14,20
WBGene00011493,0,4,4
WBGene00011494,2,12,14
WBGene00011495,19,223,242
WBGene00011497,71,892,963
WBGene00011498,2051,21390,23441
WBGene00011499,12,27,39
WBGene00011500,56,1425,1481
WBGene00011501,3,224,227
WBGene00011502,52,1226,1278
WBGene00011503,462,1952,2414
WBGene00011505,0,2,2
WBGene00011506,1,0,1
WBGene00011507,124,5158,5282
WBGene00011508,4,21,25
WBGene00011509,3,248,251
WBGene00011510,555,12009,12564
WBGene00011511,651,2330,2981
WBGene00011512,17,120,137
WBGene00011513,0,117,117
WBGene00011515,1,0,1
WBGene00011516,0,1,1
WBGene00011517,15,104,119
WBGene00011518,1,1,2
WBGene00011519,0,6,6
WBGene00011520,36,302,338
WBGene00011521,0,13,13
WBGene00011522,143,4382,4525
WBGene00011523,16,23,39
WBGene00011524,79,267,346
WBGene00011526,234,4008,4242
WBGene00011527,113,6609,6722
WBGene00011528,114,2247,2361
WBGene00011529,135,3710,3845
WBGene00011530,33,163,196
WBGene00011531,564,13749,14313
WBGene00011532,401,2942,3343
WBGene00011533,0,22,22
WBGene00011534,3,26,29
WBGene00011535,3,37,40
WBGene00011536,4,30,34
WBGene00011537,0,19,19
WBGene00011538,95,4285,4380
WBGene00011539,0,2,2
WBGene00011540,14,45,59
WBGene00011541,1,0,1
WBGene00011542,0,0,0
WBGene00011543,131,1067,1198
WBGene00011544,6,4,10
WBGene00011545,28,387,415
WBGene00011546,23,246,269
WBGene00011547,0,8,8
WBGene00011548,57,1046,1103
WBGene00011551,33,384,417
WBGene00011552,34,6,40
WBGene00011553,0,0,0
WBGene00011554,109,235,344
WBGene00011556,25,48,73
WBGene00011557,14,36,50
WBGene00011558,274,9508,9782
WBGene00011559,139,1376,1515
WBGene00011560,21,574,595
WBGene00011561,358,8487,8845
WBGene00011562,150,1224,1374
WBGene00011563,27,35,62
WBGene00011564,1032,8082,9114
WBGene00011565,1,7,8
WBGene00011566,6,32,38
WBGene00011568,24,14,38
WBGene00011570,1,1,2
WBGene00011571,159,5384,5543
WBGene00011572,59,216,275
WBGene00011573,83,7238,7321
WBGene00011574,1,15,16
WBGene00011575,16,277,293
WBGene00011576,37,299,336
WBGene00011577,0,1,1
WBGene00011578,14,30,44
WBGene00011579,353,3118,3471
WBGene00011580,155,1957,2112
WBGene00011581,8,56,64
WBGene00011582,5,36,41
WBGene00011583,2,9,11
WBGene00011584,0,0,0
WBGene00011586,55,2062,2117
WBGene00011587,19,160,179
WBGene00011589,38,1399,1437
WBGene00011590,167,510,677
WBGene00011591,14,158,172
WBGene00011592,129,155,284
WBGene00011593,27,493,520
WBGene00011594,9,72,81
WBGene00011595,0,1,1
WBGene00011596,18,205,223
WBGene00011597,1198,80,1278
WBGene00011600,5,114,119
WBGene00011601,35,124,159
WBGene00011604,373,2161,2534
WBGene00011605,270,6950,7220
WBGene00011606,22,121,143
WBGene00011609,0,0,0
WBGene00011610,0,13,13
WBGene00011611,27,267,294
WBGene00011612,24,17,41
WBGene00011613,31,196,227
WBGene00011614,3,285,288
WBGene00011615,18,347,365
WBGene00011616,2,6,8
WBGene00011618,1,2,3
WBGene00011619,0,2,2
WBGene00011620,0,2,2
WBGene00011621,0,0,0
WBGene00011622,22,9,31
WBGene00011623,24,114,138
WBGene00011624,316,2239,2555
WBGene00011625,45,1014,1059
WBGene00011626,0,0,0
WBGene00011627,0,0,0
WBGene00011628,0,0,0
WBGene00011629,614,17140,17754
WBGene00011630,24,58,82
WBGene00011631,611,4734,5345
WBGene00011633,41,417,458
WBGene00011634,241,3745,3986
WBGene00011635,78,1726,1804
WBGene00011636,405,3036,3441
WBGene00011637,138,1811,1949
WBGene00011638,114,12053,12167
WBGene00011639,672,3812,4484
WBGene00011640,3,194,197
WBGene00011641,0,4485,4485
WBGene00011642,6,97,103
WBGene00011643,1,75,76
WBGene00011644,16,197,213
WBGene00011645,46,780,826
WBGene00011646,21,28,49
WBGene00011647,891,7519,8410
WBGene00011648,178,1936,2114
WBGene00011649,7,7,14
WBGene00011650,0,0,0
WBGene00011651,3,0,3
WBGene00011652,0,0,0
WBGene00011653,0,1,1
WBGene00011654,0,1,1
WBGene00011655,0,1,1
WBGene00011656,2,1,3
WBGene00011657,1,1,2
WBGene00011658,0,0,0
WBGene00011659,2,1,3
WBGene00011661,129,3677,3806
WBGene00011662,110,2796,2906
WBGene00011663,341,742,1083
WBGene00011664,40,689,729
WBGene00011665,10,159,169
WBGene00011666,1,0,1
WBGene00011668,0,1,1
WBGene00011669,2,4,6
WBGene00011670,0,18,18
WBGene00011671,3,2,5
WBGene00011672,58,426,484
WBGene00011673,1,65,66
WBGene00011674,1,6,7
WBGene00011675,16,10,26
WBGene00011676,82,1146,1228
WBGene00011677,34,52,86
WBGene00011678,25,328,353
WBGene00011679,153,11361,11514
WBGene00011680,24,866,890
WBGene00011681,204,5051,5255
WBGene00011682,89,462,551
WBGene00011683,558,5632,6190
WBGene00011684,18,90,108
WBGene00011685,0,4,4
WBGene00011686,0,1,1
WBGene00011687,42,5449,5491
WBGene00011688,21,842,863
WBGene00011689,12,50,62
WBGene00011691,1,8,9
WBGene00011692,3748,15932,19680
WBGene00011693,6,31,37
WBGene00011694,650,2661,3311
WBGene00011695,30,26,56
WBGene00011696,558,4127,4685
WBGene00011697,2,11,13
WBGene00011698,9,49,58
WBGene00011699,4,19,23
WBGene00011701,0,13,13
WBGene00011702,1,10,11
WBGene00011704,0,0,0
WBGene00011705,51,204,255
WBGene00011706,24,336,360
WBGene00011707,3,150,153
WBGene00011708,2234,25681,27915
WBGene00011709,9,98,107
WBGene00011710,0,3,3
WBGene00011712,1,23,24
WBGene00011713,13,690,703
WBGene00011714,0,0,0
WBGene00011715,0,14,14
WBGene00011717,61,930,991
WBGene00011718,30,250,280
WBGene00011719,62,891,953
WBGene00011720,352,2538,2890
WBGene00011722,196,4034,4230
WBGene00011723,352,4297,4649
WBGene00011724,1,0,1
WBGene00011725,54,261,315
WBGene00011726,293,1435,1728
WBGene00011727,98,1439,1537
WBGene00011728,22,75,97
WBGene00011729,249,3499,3748
WBGene00011730,136,13047,13183
WBGene00011731,35,784,819
WBGene00011732,760,5372,6132
WBGene00011733,2,350,352
WBGene00011734,301,12593,12894
WBGene00011735,1283,9618,10901
WBGene00011736,503,21309,21812
WBGene00011737,117,4825,4942
WBGene00011738,77,756,833
WBGene00011739,11,504,515
WBGene00011740,408,5587,5995
WBGene00011741,14,44,58
WBGene00011742,64,2072,2136
WBGene00011743,516,7845,8361
WBGene00011744,19,201,220
WBGene00011745,51,174,225
WBGene00011746,14,247,261
WBGene00011747,98,1956,2054
WBGene00011749,0,51,51
WBGene00011750,1,28,29
WBGene00011751,0,1,1
WBGene00011752,11,93,104
WBGene00011753,3,23,26
WBGene00011754,9,42,51
WBGene00011755,1275,6841,8116
WBGene00011756,46,596,642
WBGene00011757,21,151,172
WBGene00011758,164,5634,5798
WBGene00011759,27,8219,8246
WBGene00011760,61,1540,1601
WBGene00011761,39,1356,1395
WBGene00011762,22,494,516
WBGene00011763,283,13388,13671
WBGene00011765,107,694,801
WBGene00011767,1186,5629,6815
WBGene00011768,53,1583,1636
WBGene00011770,3,54,57
WBGene00011771,1010,10238,11248
WBGene00011772,96,150,246
WBGene00011773,19,1206,1225
WBGene00011774,136,1504,1640
WBGene00011775,517,7187,7704
WBGene00011776,20,786,806
WBGene00011777,2,189,191
WBGene00011778,0,0,0
WBGene00011779,1,0,1
WBGene00011780,2,0,2
WBGene00011781,3,1,4
WBGene00011782,0,0,0
WBGene00011783,0,0,0
WBGene00011784,0,2,2
WBGene00011785,0,0,0
WBGene00011786,0,8,8
WBGene00011788,15,275,290
WBGene00011789,17,165,182
WBGene00011790,2,9,11
WBGene00011791,0,12,12
WBGene00011793,110,235,345
WBGene00011794,48,1255,1303
WBGene00011795,15,149,164
WBGene00011796,16,309,325
WBGene00011797,4,5,9
WBGene00011798,17,36,53
WBGene00011799,1,12,13
WBGene00011800,3,51,54
WBGene00011801,6,98,104
WBGene00011802,75,2125,2200
WBGene00011803,6,90,96
WBGene00011804,135,52,187
WBGene00011805,4,47,51
WBGene00011806,84,1461,1545
WBGene00011807,178,1295,1473
WBGene00011808,0,0,0
WBGene00011809,3,29,32
WBGene00011810,23,1,24
WBGene00011811,6,40,46
WBGene00011812,2,24,26
WBGene00011813,49,770,819
WBGene00011814,78,497,575
WBGene00011815,316,3555,3871
WBGene00011816,0,0,0
WBGene00011817,63,298,361
WBGene00011819,14,419,433
WBGene00011820,33,1628,1661
WBGene00011821,0,28,28
WBGene00011822,12,314,326
WBGene00011823,4,395,399
WBGene00011824,145,744,889
WBGene00011826,149,288,437
WBGene00011827,1144,2586,3730
WBGene00011828,9,1338,1347
WBGene00011829,32,91,123
WBGene00011830,210,2674,2884
WBGene00011831,30,2264,2294
WBGene00011832,133,2491,2624
WBGene00011833,64,1669,1733
WBGene00011834,26,536,562
WBGene00011835,15,703,718
WBGene00011836,6,117,123
WBGene00011837,3,3,6
WBGene00011838,34,746,780
WBGene00011839,20,615,635
WBGene00011840,0,0,0
WBGene00011841,3,56,59
WBGene00011844,3,26,29
WBGene00011846,1,6,7
WBGene00011847,0,4,4
WBGene00011848,2,13,15
WBGene00011849,7,2255,2262
WBGene00011850,95,290,385
WBGene00011852,1,5,6
WBGene00011853,2,1,3
WBGene00011854,899,1338,2237
WBGene00011855,0,26,26
WBGene00011856,64,763,827
WBGene00011857,441,7977,8418
WBGene00011858,40,1969,2009
WBGene00011859,100,2283,2383
WBGene00011860,7,538,545
WBGene00011864,288,7752,8040
WBGene00011866,10,369,379
WBGene00011867,181,9100,9281
WBGene00011868,64,399,463
WBGene00011869,114,146499,146613
WBGene00011870,33,9961,9994
WBGene00011871,143,1427,1570
WBGene00011872,103,808,911
WBGene00011873,124,161,285
WBGene00011874,1,16,17
WBGene00011875,555,12181,12736
WBGene00011876,0,3,3
WBGene00011877,7,53,60
WBGene00011878,51,225,276
WBGene00011879,239,2289,2528
WBGene00011880,3697,75048,78745
WBGene00011882,11,22,33
WBGene00011883,367,5336,5703
WBGene00011884,363,89428,89791
WBGene00011885,1015,2423,3438
WBGene00011886,14,342,356
WBGene00011887,843,1011,1854
WBGene00011888,234,653,887
WBGene00011890,43,1380,1423
WBGene00011891,243,2988,3231
WBGene00011892,193,3396,3589
WBGene00011893,2,31,33
WBGene00011894,26,411,437
WBGene00011895,4,11,15
WBGene00011896,3,211,214
WBGene00011897,552,8539,9091
WBGene00011898,2,27,29
WBGene00011899,14,388,402
WBGene00011900,50,2,52
WBGene00011902,0,41,41
WBGene00011903,1,2,3
WBGene00011904,616,4463,5079
WBGene00011906,65,3026,3091
WBGene00011908,89,551,640
WBGene00011909,14,9,23
WBGene00011910,0,12,12
WBGene00011911,0,8,8
WBGene00011912,174,2978,3152
WBGene00011913,245,1165,1410
WBGene00011914,25,711,736
WBGene00011915,167,1787,1954
WBGene00011916,68,684,752
WBGene00011917,674,11379,12053
WBGene00011918,5,3,8
WBGene00011919,4,27,31
WBGene00011920,43,543,586
WBGene00011921,4,1,5
WBGene00011922,3,11,14
WBGene00011923,5,49,54
WBGene00011924,55,890,945
WBGene00011925,16,54,70
WBGene00011926,11,181,192
WBGene00011927,8,91,99
WBGene00011928,37,174,211
WBGene00011929,1,4,5
WBGene00011930,86,718,804
WBGene00011931,9,242,251
WBGene00011932,156,2072,2228
WBGene00011934,0,2079,2079
WBGene00011935,56,1263,1319
WBGene00011936,7,107,114
WBGene00011937,0,6,6
WBGene00011938,5,143,148
WBGene00011939,152,2352,2504
WBGene00011940,270,983,1253
WBGene00011941,111,619,730
WBGene00011942,0,0,0
WBGene00011943,0,0,0
WBGene00011944,415,5121,5536
WBGene00011945,60,288,348
WBGene00011947,0,0,0
WBGene00011948,0,5,5
WBGene00011949,6,43,49
WBGene00011950,1,1,2
WBGene00011951,3,3,6
WBGene00011952,25,100,125
WBGene00011953,974,6974,7948
WBGene00011954,0,4,4
WBGene00011955,122,1619,1741
WBGene00011956,29,1005,1034
WBGene00011957,103,577,680
WBGene00011958,33,100,133
WBGene00011959,0,242,242
WBGene00011960,13,151,164
WBGene00011961,1,1,2
WBGene00011962,236,2476,2712
WBGene00011963,87,483,570
WBGene00011964,116,1062,1178
WBGene00011965,124,1051,1175
WBGene00011966,477,8992,9469
WBGene00011967,165,2812,2977
WBGene00011968,1,128,129
WBGene00011969,11,1239,1250
WBGene00011970,329,932,1261
WBGene00011971,515,5158,5673
WBGene00011972,84,2147,2231
WBGene00011973,5,6,11
WBGene00011974,18,49,67
WBGene00011975,265,3468,3733
WBGene00011976,370,1398,1768
WBGene00011977,491,63802,64293
WBGene00011978,535,7922,8457
WBGene00011979,4,20,24
WBGene00011980,351,3087,3438
WBGene00011981,0,6,6
WBGene00011982,0,0,0
WBGene00011983,0,6,6
WBGene00011984,2,54,56
WBGene00011985,79,1152,1231
WBGene00011986,0,36,36
WBGene00011988,20,123,143
WBGene00011989,0,0,0
WBGene00011990,8,269,277
WBGene00011991,3,5,8
WBGene00011992,0,0,0
WBGene00011993,1,2,3
WBGene00011994,18,807,825
WBGene00011995,362,2007,2369
WBGene00011996,15,367,382
WBGene00011997,20,1036,1056
WBGene00011999,14,232,246
WBGene00012000,90,3131,3221
WBGene00012002,105,1499,1604
WBGene00012003,28,11,39
WBGene00012004,220,2664,2884
WBGene00012005,2575,1152,3727
WBGene00012007,39,2128,2167
WBGene00012008,0,3,3
WBGene00012009,24,156,180
WBGene00012010,8,12,20
WBGene00012011,0,0,0
WBGene00012012,0,3,3
WBGene00012013,6,13,19
WBGene00012014,114,963,1077
WBGene00012015,239,8856,9095
WBGene00012016,115,676,791
WBGene00012017,21,51,72
WBGene00012018,47,394,441
WBGene00012019,2575,2662,5237
WBGene00012020,7,201,208
WBGene00012021,1,0,1
WBGene00012022,3,1,4
WBGene00012023,1,5,6
WBGene00012024,0,2,2
WBGene00012025,0,3,3
WBGene00012026,0,0,0
WBGene00012027,1,0,1
WBGene00012028,0,2,2
WBGene00012029,209,1554,1763
WBGene00012030,238,7813,8051
WBGene00012031,139,6338,6477
WBGene00012032,22,192,214
WBGene00012033,304,2466,2770
WBGene00012034,10,139,149
WBGene00012035,28,1030,1058
WBGene00012036,0,19,19
WBGene00012037,1145,11503,12648
WBGene00012038,0,3,3
WBGene00012039,0,2,2
WBGene00012040,0,9,9
WBGene00012041,3,6,9
WBGene00012042,29,374,403
WBGene00012043,0,4,4
WBGene00012044,1,26,27
WBGene00012045,13,113,126
WBGene00012046,3,42,45
WBGene00012049,0,0,0
WBGene00012050,1,4,5
WBGene00012051,6,5,11
WBGene00012052,0,1,1
WBGene00012054,5,0,5
WBGene00012055,1,1,2
WBGene00012056,1,11,12
WBGene00012057,0,0,0
WBGene00012059,321,4886,5207
WBGene00012060,0,0,0
WBGene00012061,0,0,0
WBGene00012062,24,182,206
WBGene00012063,0,1,1
WBGene00012064,0,0,0
WBGene00012065,0,0,0
WBGene00012066,1,0,1
WBGene00012067,1,0,1
WBGene00012068,5,48,53
WBGene00012069,0,0,0
WBGene00012070,9,3,12
WBGene00012072,2,4,6
WBGene00012073,150,1197,1347
WBGene00012074,3,7,10
WBGene00012075,0,0,0
WBGene00012076,0,0,0
WBGene00012077,2,1,3
WBGene00012080,1,0,1
WBGene00012081,1,3,4
WBGene00012083,0,0,0
WBGene00012084,36,480,516
WBGene00012085,66,1554,1620
WBGene00012086,46,45,91
WBGene00012087,0,1,1
WBGene00012088,0,8,8
WBGene00012089,1,4,5
WBGene00012090,0,0,0
WBGene00012091,1,0,1
WBGene00012093,0,1,1
WBGene00012094,0,58826,58826
WBGene00012095,265,443,708
WBGene00012096,1,6,7
WBGene00012097,326,26418,26744
WBGene00012099,132,181,313
WBGene00012100,380,3913,4293
WBGene00012101,3,199,202
WBGene00012102,2,2,4
WBGene00012103,0,65,65
WBGene00012104,24,771,795
WBGene00012105,44,773,817
WBGene00012106,52,1142,1194
WBGene00012107,11,203,214
WBGene00012108,0,0,0
WBGene00012109,18,149,167
WBGene00012110,32,188,220
WBGene00012111,23,294,317
WBGene00012112,37,384,421
WBGene00012113,31,18557,18588
WBGene00012114,13,79,92
WBGene00012115,12,28,40
WBGene00012116,25,71,96
WBGene00012117,424,5273,5697
WBGene00012118,283,2113,2396
WBGene00012119,1,58,59
WBGene00012120,3,239,242
WBGene00012121,623,7985,8608
WBGene00012122,9,797,806
WBGene00012123,472,7514,7986
WBGene00012124,42,1091,1133
WBGene00012125,145,1730,1875
WBGene00012126,2075,6633,8708
WBGene00012127,24,346,370
WBGene00012128,354,4509,4863
WBGene00012130,36,325,361
WBGene00012131,27,409,436
WBGene00012132,92,754,846
WBGene00012134,10,104,114
WBGene00012135,49,216,265
WBGene00012136,1160,5062,6222
WBGene00012137,105,168,273
WBGene00012138,13,57,70
WBGene00012139,802,724,1526
WBGene00012140,263,24026,24289
WBGene00012142,63,386,449
WBGene00012143,89,606,695
WBGene00012144,42,134,176
WBGene00012145,30,1311,1341
WBGene00012146,0,0,0
WBGene00012147,6,19,25
WBGene00012148,258,57542,57800
WBGene00012149,308,1460,1768
WBGene00012150,80,577,657
WBGene00012151,107,82,189
WBGene00012152,136,2232,2368
WBGene00012155,52,449,501
WBGene00012156,8,1675,1683
WBGene00012157,203,1202,1405
WBGene00012158,2690,20250,22940
WBGene00012159,1,8,9
WBGene00012162,7,67,74
WBGene00012163,14,111,125
WBGene00012164,421,327,748
WBGene00012165,458,848,1306
WBGene00012166,45,26557,26602
WBGene00012167,31,1170,1201
WBGene00012168,89,122,211
WBGene00012169,0,0,0
WBGene00012170,7,23,30
WBGene00012171,0,6,6
WBGene00012172,7,35,42
WBGene00012173,3,5,8
WBGene00012174,0,1,1
WBGene00012175,7,90,97
WBGene00012176,5,62,67
WBGene00012177,1,4,5
WBGene00012178,73,276,349
WBGene00012179,5134,357707,362841
WBGene00012180,298,85,383
WBGene00012181,7,6,13
WBGene00012182,25,895,920
WBGene00012183,0,57,57
WBGene00012184,27,257,284
WBGene00012185,5,51,56
WBGene00012186,160,7847,8007
WBGene00012187,116,3608,3724
WBGene00012188,195,1409,1604
WBGene00012190,88,53,141
WBGene00012191,18,27,45
WBGene00012192,195,1373,1568
WBGene00012193,1153,12143,13296
WBGene00012194,82,2445,2527
WBGene00012195,66,63,129
WBGene00012196,1,54,55
WBGene00012197,163,6303,6466
WBGene00012198,38,877,915
WBGene00012199,12,66,78
WBGene00012200,4,7,11
WBGene00012201,17,77,94
WBGene00012202,6,79,85
WBGene00012203,138,3095,3233
WBGene00012204,68,3043,3111
WBGene00012205,67,2778,2845
WBGene00012206,47,2079,2126
WBGene00012207,0,2,2
WBGene00012208,151,2071,2222
WBGene00012209,12,462,474
WBGene00012210,0,112,112
WBGene00012211,1,6,7
WBGene00012212,0,4,4
WBGene00012213,0,2,2
WBGene00012214,0,4,4
WBGene00012215,3,19,22
WBGene00012216,21,1556,1577
WBGene00012217,12,25,37
WBGene00012219,11,62,73
WBGene00012220,57,368,425
WBGene00012221,222,4372,4594
WBGene00012222,123,783,906
WBGene00012223,0,0,0
WBGene00012224,4,31,35
WBGene00012225,334,981,1315
WBGene00012226,665,1414,2079
WBGene00012227,1,16,17
WBGene00012228,20,141,161
WBGene00012230,956,3170,4126
WBGene00012231,2,2,4
WBGene00012232,0,0,0
WBGene00012233,6,0,6
WBGene00012234,540,2324,2864
WBGene00012235,97,1347,1444
WBGene00012236,96,687,783
WBGene00012237,6,232,238
WBGene00012238,16,5,21
WBGene00012239,148,5167,5315
WBGene00012240,2,10,12
WBGene00012241,176,552,728
WBGene00012242,4,66,70
WBGene00012243,55,1302,1357
WBGene00012244,41,3872,3913
WBGene00012245,627,5595,6222
WBGene00012246,0,1,1
WBGene00012247,0,1,1
WBGene00012248,0,1,1
WBGene00012249,0,1,1
WBGene00012250,0,1,1
WBGene00012251,1,15,16
WBGene00012252,477,1754,2231
WBGene00012253,6,760,766
WBGene00012254,6,18,24
WBGene00012255,180,6784,6964
WBGene00012256,38,3190,3228
WBGene00012257,55,3710,3765
WBGene00012258,53,2519,2572
WBGene00012259,210,758,968
WBGene00012260,3,31,34
WBGene00012261,103,7941,8044
WBGene00012264,3,17,20
WBGene00012265,19,133,152
WBGene00012266,1,13,14
WBGene00012267,3,7,10
WBGene00012268,15,209,224
WBGene00012269,11,7,18
WBGene00012270,39,69,108
WBGene00012271,8,97,105
WBGene00012272,91,53,144
WBGene00012274,1138,9013,10151
WBGene00012275,315,243,558
WBGene00012276,101,3054,3155
WBGene00012277,93,832,925
WBGene00012278,0,0,0
WBGene00012279,14,1147,1161
WBGene00012280,11,139,150
WBGene00012281,80,254,334
WBGene00012282,60,390,450
WBGene00012283,1,0,1
WBGene00012285,1,1,2
WBGene00012286,0,4,4
WBGene00012287,0,4,4
WBGene00012288,1,1,2
WBGene00012289,416,3795,4211
WBGene00012290,19,868,887
WBGene00012291,1877,10853,12730
WBGene00012293,107,3243,3350
WBGene00012294,0,3,3
WBGene00012295,16,107,123
WBGene00012296,5,21,26
WBGene00012297,2,10,12
WBGene00012298,82,2157,2239
WBGene00012299,0,42,42
WBGene00012300,0,0,0
WBGene00012301,0,1,1
WBGene00012302,1,1,2
WBGene00012303,0,0,0
WBGene00012304,38,0,38
WBGene00012305,0,0,0
WBGene00012306,107,244,351
WBGene00012307,3,32,35
WBGene00012308,1,3,4
WBGene00012309,3,1,4
WBGene00012310,0,0,0
WBGene00012311,0,1,1
WBGene00012312,0,0,0
WBGene00012313,0,0,0
WBGene00012314,0,0,0
WBGene00012315,62,656,718
WBGene00012316,273,1887,2160
WBGene00012317,269,5339,5608
WBGene00012318,2,8,10
WBGene00012319,252,933,1185
WBGene00012321,2,5,7
WBGene00012322,220,3385,3605
WBGene00012323,1,47,48
WBGene00012324,10,167,177
WBGene00012325,32,222,254
WBGene00012326,484,2521,3005
WBGene00012328,28,207,235
WBGene00012329,6,13,19
WBGene00012330,65,883,948
WBGene00012332,10,172,182
WBGene00012333,7,28,35
WBGene00012334,18,11,29
WBGene00012335,7,24,31
WBGene00012336,20,109,129
WBGene00012337,806,6089,6895
WBGene00012339,25,525,550
WBGene00012340,27,180,207
WBGene00012341,209,2657,2866
WBGene00012342,378,4556,4934
WBGene00012343,356,5730,6086
WBGene00012344,622,15463,16085
WBGene00012345,7,19,26
WBGene00012346,12,98,110
WBGene00012347,2043,646,2689
WBGene00012348,1558,7997,9555
WBGene00012349,9,8,17
WBGene00012351,1438,16819,18257
WBGene00012352,235,882,1117
WBGene00012353,164,2363,2527
WBGene00012354,685,75565,76250
WBGene00012356,15,117,132
WBGene00012357,0,5,5
WBGene00012358,430,4736,5166
WBGene00012359,93,2037,2130
WBGene00012360,134,673,807
WBGene00012361,292,16860,17152
WBGene00012362,1434,3383,4817
WBGene00012363,260,754,1014
WBGene00012364,176,628,804
WBGene00012365,192,3740,3932
WBGene00012366,156,1896,2052
WBGene00012369,235,1833,2068
WBGene00012370,419,946,1365
WBGene00012371,1632,2686,4318
WBGene00012372,21,113,134
WBGene00012373,0,2,2
WBGene00012374,4,47,51
WBGene00012375,70,5121,5191
WBGene00012376,533,25478,26011
WBGene00012378,0,3,3
WBGene00012379,0,6,6
WBGene00012380,0,0,0
WBGene00012381,101,851,952
WBGene00012382,12523,279049,291572
WBGene00012383,1847,30385,32232
WBGene00012385,109,629,738
WBGene00012386,131258,3105,134363
WBGene00012387,49,207,256
WBGene00012388,62,2,64
WBGene00012389,498,1098,1596
WBGene00012390,254,1068,1322
WBGene00012391,26,331,357
WBGene00012393,170,1184,1354
WBGene00012394,5,16,21
WBGene00012395,2,803,805
WBGene00012396,132,2363,2495
WBGene00012397,0,1,1
WBGene00012398,5,44,49
WBGene00012399,53,136,189
WBGene00012400,1,14,15
WBGene00012401,0,0,0
WBGene00012402,0,0,0
WBGene00012404,0,3,3
WBGene00012405,0,0,0
WBGene00012406,2,2,4
WBGene00012407,34,384,418
WBGene00012408,67,607,674
WBGene00012409,4,2,6
WBGene00012411,5,1,6
WBGene00012412,19,7,26
WBGene00012413,3,22,25
WBGene00012414,6,10,16
WBGene00012415,8,13,21
WBGene00012416,32,205,237
WBGene00012420,16,4425,4441
WBGene00012421,111,1762,1873
WBGene00012422,2,78,80
WBGene00012423,362,3965,4327
WBGene00012424,740,3802,4542
WBGene00012425,83,382,465
WBGene00012428,13,159,172
WBGene00012429,9,83,92
WBGene00012431,4,255,259
WBGene00012432,7,38,45
WBGene00012433,15,418,433
WBGene00012434,859,10392,11251
WBGene00012435,3,186,189
WBGene00012436,3,206,209
WBGene00012437,1277,11894,13171
WBGene00012439,48,1539,1587
WBGene00012440,9,820,829
WBGene00012441,38,986,1024
WBGene00012442,22,52,74
WBGene00012443,416,4260,4676
WBGene00012444,6,4207,4213
WBGene00012445,19,179,198
WBGene00012446,38,220,258
WBGene00012448,25,13,38
WBGene00012449,11,48,59
WBGene00012450,21,31,52
WBGene00012451,30,9,39
WBGene00012452,434,12330,12764
WBGene00012454,1,2,3
WBGene00012455,63,82,145
WBGene00012456,28,108,136
WBGene00012457,55,177,232
WBGene00012458,491,2895,3386
WBGene00012459,60,1661,1721
WBGene00012460,68,759,827
WBGene00012461,237,387,624
WBGene00012462,192,220,412
WBGene00012463,251,985,1236
WBGene00012464,8,40,48
WBGene00012465,218,3513,3731
WBGene00012466,269,471,740
WBGene00012467,2,40,42
WBGene00012468,418,4050,4468
WBGene00012469,71,1230,1301
WBGene00012470,6,2,8
WBGene00012471,134,12240,12374
WBGene00012472,409,2154,2563
WBGene00012473,38,52,90
WBGene00012474,335,2319,2654
WBGene00012475,11,243,254
WBGene00012476,129,157,286
WBGene00012477,48,100,148
WBGene00012478,1562,11604,13166
WBGene00012479,196,1725,1921
WBGene00012480,18,31,49
WBGene00012481,10,233,243
WBGene00012482,0,5,5
WBGene00012483,58,5813,5871
WBGene00012484,36,6720,6756
WBGene00012486,1,2,3
WBGene00012487,1,44,45
WBGene00012488,6,0,6
WBGene00012489,0,1,1
WBGene00012490,1,29,30
WBGene00012491,72,1,73
WBGene00012492,0,4,4
WBGene00012494,56,80,136
WBGene00012496,132,1502,1634
WBGene00012497,89,4796,4885
WBGene00012500,17,26,43
WBGene00012501,0,1,1
WBGene00012502,1,0,1
WBGene00012503,26,156,182
WBGene00012504,1,0,1
WBGene00012505,1,1,2
WBGene00012509,0,0,0
WBGene00012510,1,4,5
WBGene00012512,2,178,180
WBGene00012513,11,361,372
WBGene00012514,26,316,342
WBGene00012515,3,1,4
WBGene00012516,0,5,5
WBGene00012518,0,2,2
WBGene00012519,11,8,19
WBGene00012520,0,0,0
WBGene00012521,4,0,4
WBGene00012522,543,2386,2929
WBGene00012523,0,0,0
WBGene00012524,57,551,608
WBGene00012525,3,25,28
WBGene00012526,0,1,1
WBGene00012527,24,166,190
WBGene00012528,1073,4295,5368
WBGene00012529,14,67,81
WBGene00012530,308,1441,1749
WBGene00012531,55,113,168
WBGene00012532,159,610,769
WBGene00012533,0,7,7
WBGene00012535,12,33,45
WBGene00012536,64,486,550
WBGene00012537,2,406,408
WBGene00012538,33,296,329
WBGene00012540,22,233,255
WBGene00012541,10,6,16
WBGene00012542,16,9,25
WBGene00012543,191,1852,2043
WBGene00012544,2437,36793,39230
WBGene00012545,232,1600,1832
WBGene00012546,18,637,655
WBGene00012547,1,16,17
WBGene00012548,69,1248,1317
WBGene00012549,104,0,104
WBGene00012550,70,11080,11150
WBGene00012551,11,795,806
WBGene00012552,1,222,223
WBGene00012553,5463,94255,99718
WBGene00012554,55,1238,1293
WBGene00012555,39,993,1032
WBGene00012556,342,5717,6059
WBGene00012557,2,5,7
WBGene00012558,252,3244,3496
WBGene00012559,361,717,1078
WBGene00012560,1322,2287,3609
WBGene00012561,1,26,27
WBGene00012562,214,1445,1659
WBGene00012564,6,194,200
WBGene00012565,12,189,201
WBGene00012566,2,72,74
WBGene00012567,3,30,33
WBGene00012570,2,5,7
WBGene00012571,0,0,0
WBGene00012573,5,30,35
WBGene00012574,0,0,0
WBGene00012575,1,0,1
WBGene00012576,121,565,686
WBGene00012577,2,3,5
WBGene00012578,403,1338,1741
WBGene00012579,0,0,0
WBGene00012580,1,2,3
WBGene00012581,0,0,0
WBGene00012582,0,7,7
WBGene00012583,3,12,15
WBGene00012584,1359,3509,4868
WBGene00012585,42,25,67
WBGene00012586,1,14,15
WBGene00012587,1,8,9
WBGene00012589,6,9,15
WBGene00012590,0,0,0
WBGene00012591,0,813,813
WBGene00012592,6,286,292
WBGene00012593,6,40,46
WBGene00012594,5,29,34
WBGene00012595,0,169,169
WBGene00012596,13,63,76
WBGene00012597,45,853,898
WBGene00012598,582,80,662
WBGene00012600,131,1069,1200
WBGene00012602,1255,15338,16593
WBGene00012603,0,7,7
WBGene00012604,0,199,199
WBGene00012605,27,213,240
WBGene00012606,127,791,918
WBGene00012607,14,53,67
WBGene00012608,2691,35257,37948
WBGene00012609,3,3,6
WBGene00012610,28,316,344
WBGene00012612,0,3,3
WBGene00012614,7,18,25
WBGene00012615,84,2386,2470
WBGene00012616,5,89,94
WBGene00012617,0,7,7
WBGene00012618,4,12,16
WBGene00012621,4,103,107
WBGene00012622,25,37,62
WBGene00012624,55,413,468
WBGene00012625,6,23,29
WBGene00012626,76,166,242
WBGene00012627,21,79,100
WBGene00012628,202,2953,3155
WBGene00012629,15,80,95
WBGene00012630,0,0,0
WBGene00012631,2,9,11
WBGene00012632,10,98,108
WBGene00012633,13,3,16
WBGene00012634,1,22,23
WBGene00012635,30,402,432
WBGene00012636,1,5,6
WBGene00012637,1,25,26
WBGene00012638,0,3,3
WBGene00012639,57,200,257
WBGene00012640,33,82,115
WBGene00012641,392,2327,2719
WBGene00012642,16,29,45
WBGene00012643,23,2687,2710
WBGene00012644,495,1217,1712
WBGene00012645,357,4101,4458
WBGene00012646,195,2981,3176
WBGene00012647,118,1003,1121
WBGene00012648,311,10304,10615
WBGene00012649,0,12,12
WBGene00012650,12,1041,1053
WBGene00012651,82,610,692
WBGene00012652,17,2933,2950
WBGene00012654,53,72,125
WBGene00012655,12,5,17
WBGene00012656,3,4,7
WBGene00012657,234,970,1204
WBGene00012658,615,3734,4349
WBGene00012659,0,13,13
WBGene00012660,17,1495,1512
WBGene00012661,5,6,11
WBGene00012662,168,2321,2489
WBGene00012663,154,970,1124
WBGene00012664,0,117,117
WBGene00012665,180,2161,2341
WBGene00012666,315,4193,4508
WBGene00012668,729,4988,5717
WBGene00012669,4,22,26
WBGene00012670,29,55,84
WBGene00012671,2,25,27
WBGene00012672,0,5,5
WBGene00012673,20,76,96
WBGene00012674,259,1255,1514
WBGene00012675,312,1971,2283
WBGene00012676,744,3570,4314
WBGene00012678,46,126,172
WBGene00012679,0,4,4
WBGene00012681,7,0,7
WBGene00012682,22,0,22
WBGene00012683,0,0,0
WBGene00012684,2,1,3
WBGene00012686,2,37,39
WBGene00012688,1,8,9
WBGene00012689,1,8,9
WBGene00012691,1,0,1
WBGene00012692,769,6780,7549
WBGene00012693,320,2541,2861
WBGene00012694,109,1968,2077
WBGene00012695,20,1320,1340
WBGene00012696,16,286,302
WBGene00012697,138,5006,5144
WBGene00012698,24,416,440
WBGene00012699,6,4,10
WBGene00012700,12,125,137
WBGene00012701,195,690,885
WBGene00012702,4,33,37
WBGene00012703,76,428,504
WBGene00012704,62,295,357
WBGene00012705,17,167,184
WBGene00012707,1,1,2
WBGene00012708,1,17,18
WBGene00012709,22,73,95
WBGene00012710,33,945,978
WBGene00012711,14,47,61
WBGene00012712,178,421,599
WBGene00012713,360,9248,9608
WBGene00012714,151,5570,5721
WBGene00012715,37,1301,1338
WBGene00012716,7,234,241
WBGene00012717,469,11123,11592
WBGene00012718,594,533,1127
WBGene00012719,212,403,615
WBGene00012720,0,10,10
WBGene00012721,25,25,50
WBGene00012722,126,3519,3645
WBGene00012723,28,791,819
WBGene00012724,6,8,14
WBGene00012725,0,2,2
WBGene00012726,5,0,5
WBGene00012727,0,0,0
WBGene00012728,7,168,175
WBGene00012729,0,7,7
WBGene00012730,915,1634,2549
WBGene00012731,7,19,26
WBGene00012732,440,996,1436
WBGene00012733,27,27,54
WBGene00012734,529,358,887
WBGene00012735,911,1809,2720
WBGene00012738,155,12983,13138
WBGene00012739,1961,7941,9902
WBGene00012740,147,2587,2734
WBGene00012741,12,21,33
WBGene00012742,0,0,0
WBGene00012743,15,4,19
WBGene00012744,210,312,522
WBGene00012746,0,1,1
WBGene00012747,11,10,21
WBGene00012748,0,8,8
WBGene00012750,161,302,463
WBGene00012753,58,510,568
WBGene00012754,17,109,126
WBGene00012755,61,634,695
WBGene00012756,285,970,1255
WBGene00012757,37,639,676
WBGene00012758,50,201,251
WBGene00012759,283,6832,7115
WBGene00012760,11268,1235,12503
WBGene00012761,0,1,1
WBGene00012762,191,5042,5233
WBGene00012763,255,571,826
WBGene00012764,5,605,610
WBGene00012765,300,3483,3783
WBGene00012766,186,5727,5913
WBGene00012767,510,1322,1832
WBGene00012768,101,90941,91042
WBGene00012769,548,4584,5132
WBGene00012770,417,292,709
WBGene00012771,4,10,14
WBGene00012772,26,2,28
WBGene00012773,10,1,11
WBGene00012775,26,1,27
WBGene00012776,109,253,362
WBGene00012777,9,151,160
WBGene00012778,19,167,186
WBGene00012779,111,538,649
WBGene00012780,19,109,128
WBGene00012781,0,12,12
WBGene00012782,21,162,183
WBGene00012783,13,577,590
WBGene00012784,5,16,21
WBGene00012785,0,1,1
WBGene00012786,2,9,11
WBGene00012787,1,22,23
WBGene00012788,35,2,37
WBGene00012789,0,0,0
WBGene00012790,0,0,0
WBGene00012791,281,69,350
WBGene00012792,0,3,3
WBGene00012794,85,2798,2883
WBGene00012795,3,48,51
WBGene00012796,73,526,599
WBGene00012798,6,18,24
WBGene00012799,2,25,27
WBGene00012802,171,993,1164
WBGene00012803,80,6612,6692
WBGene00012804,196,1705,1901
WBGene00012806,47,832,879
WBGene00012807,196,2561,2757
WBGene00012808,15,40,55
WBGene00012809,4,5,9
WBGene00012810,0,4,4
WBGene00012811,61,835,896
WBGene00012812,1267,17708,18975
WBGene00012813,2371,17212,19583
WBGene00012814,79,226,305
WBGene00012815,21,205,226
WBGene00012816,0,2,2
WBGene00012818,4,4,8
WBGene00012819,69,405,474
WBGene00012820,130,7,137
WBGene00012821,118,1781,1899
WBGene00012822,4,9,13
WBGene00012823,0,6,6
WBGene00012824,3,6,9
WBGene00012825,108,765,873
WBGene00012826,66,531,597
WBGene00012827,1,2,3
WBGene00012828,740,311,1051
WBGene00012829,548,4623,5171
WBGene00012830,84,4270,4354
WBGene00012831,1,4,5
WBGene00012832,550,5,555
WBGene00012833,30,520,550
WBGene00012834,17,81,98
WBGene00012835,31,245,276
WBGene00012836,0,0,0
WBGene00012837,0,2,2
WBGene00012838,0,5,5
WBGene00012839,0,0,0
WBGene00012840,176,937,1113
WBGene00012841,0,1,1
WBGene00012844,0,0,0
WBGene00012845,119,158,277
WBGene00012846,0,4,4
WBGene00012847,6,4,10
WBGene00012848,2,0,2
WBGene00012849,0,0,0
WBGene00012850,2400,12254,14654
WBGene00012851,4,49,53
WBGene00012852,36,32,68
WBGene00012853,300,19951,20251
WBGene00012854,502,4742,5244
WBGene00012855,1,6,7
WBGene00012856,21,55,76
WBGene00012857,178,1145,1323
WBGene00012858,111,1584,1695
WBGene00012859,37,267,304
WBGene00012860,137,962,1099
WBGene00012861,36,1421,1457
WBGene00012862,0,0,0
WBGene00012863,6,19,25
WBGene00012864,44,133,177
WBGene00012866,24,98,122
WBGene00012867,45,707,752
WBGene00012868,884,1870,2754
WBGene00012869,74,1171,1245
WBGene00012871,0,0,0
WBGene00012872,0,0,0
WBGene00012873,1,12,13
WBGene00012874,1,1,2
WBGene00012875,2265,27533,29798
WBGene00012877,54,139,193
WBGene00012878,0,0,0
WBGene00012879,6,158,164
WBGene00012880,3,9,12
WBGene00012883,9,247,256
WBGene00012885,451,6836,7287
WBGene00012886,3,51,54
WBGene00012887,414,3519,3933
WBGene00012888,81,1267,1348
WBGene00012889,186,697,883
WBGene00012890,133,523,656
WBGene00012891,1023,8053,9076
WBGene00012892,23,60,83
WBGene00012893,8,20,28
WBGene00012894,1676,1731,3407
WBGene00012895,310,1410,1720
WBGene00012896,135,7235,7370
WBGene00012897,34,1984,2018
WBGene00012899,7,87,94
WBGene00012900,2,59,61
WBGene00012901,38,68,106
WBGene00012903,353,5083,5436
WBGene00012904,78,1537,1615
WBGene00012905,0,6,6
WBGene00012906,67,596,663
WBGene00012907,5188,11037,16225
WBGene00012908,344,1612,1956
WBGene00012909,591,553,1144
WBGene00012910,15,14,29
WBGene00012911,46,271,317
WBGene00012912,0,5,5
WBGene00012913,0,0,0
WBGene00012914,0,4,4
WBGene00012915,36,70,106
WBGene00012916,0,0,0
WBGene00012917,44,21,65
WBGene00012919,20,20,40
WBGene00012920,292,686,978
WBGene00012921,0,471,471
WBGene00012922,6,209,215
WBGene00012923,21,276,297
WBGene00012925,0,3,3
WBGene00012926,0,1,1
WBGene00012927,68,610,678
WBGene00012928,15,1061,1076
WBGene00012929,770,6072,6842
WBGene00012930,213,668,881
WBGene00012931,191,1593,1784
WBGene00012932,238,5019,5257
WBGene00012933,0,125,125
WBGene00012934,387,1458,1845
WBGene00012935,306,684,990
WBGene00012936,341,2832,3173
WBGene00012937,0,2,2
WBGene00012938,239,285,524
WBGene00012939,197,1442,1639
WBGene00012940,15,14,29
WBGene00012941,43,389,432
WBGene00012942,1,241,242
WBGene00012943,429,1389,1818
WBGene00012945,0,0,0
WBGene00012946,7,468,475
WBGene00012947,1,2,3
WBGene00012948,367,419,786
WBGene00012950,131,1912,2043
WBGene00012951,333,2419,2752
WBGene00012952,5,17,22
WBGene00012953,29,326,355
WBGene00012955,2,3,5
WBGene00012958,8,11,19
WBGene00012959,4,27,31
WBGene00012960,620,4035,4655
WBGene00012961,21,397,418
WBGene00012962,32,111,143
WBGene00012964,318,27184,27502
WBGene00012965,0,17,17
WBGene00012966,30,1870,1900
WBGene00012967,55,116,171
WBGene00012968,23,179,202
WBGene00012969,3,27,30
WBGene00012970,14,48,62
WBGene00012972,194,1560,1754
WBGene00012973,1337,6920,8257
WBGene00012976,366,941,1307
WBGene00012977,446,1276,1722
WBGene00012978,432,6519,6951
WBGene00012979,12,72,84
WBGene00012980,3487,4125,7612
WBGene00012981,5,6,11
WBGene00012982,338,1718,2056
WBGene00012983,459,6306,6765
WBGene00012984,141,1372,1513
WBGene00012985,25,3,28
WBGene00012987,290,1973,2263
WBGene00012988,568,2594,3162
WBGene00012989,1465,795,2260
WBGene00012990,837,1786,2623
WBGene00012992,328,5341,5669
WBGene00012993,94,373,467
WBGene00012994,245,912,1157
WBGene00012995,687,1356,2043
WBGene00012996,403,2341,2744
WBGene00012997,45,1106,1151
WBGene00012998,536,909,1445
WBGene00012999,645,4083,4728
WBGene00013000,1071,494,1565
WBGene00013001,693,1650,2343
WBGene00013002,1057,1486,2543
WBGene00013004,747,6717,7464
WBGene00013006,388,689,1077
WBGene00013007,44,608,652
WBGene00013008,75,1100,1175
WBGene00013009,13,114,127
WBGene00013011,59,621,680
WBGene00013013,64,704,768
WBGene00013014,283,1207,1490
WBGene00013015,229,931,1160
WBGene00013017,137,3458,3595
WBGene00013018,36,2468,2504
WBGene00013019,250,717,967
WBGene00013020,274,1972,2246
WBGene00013021,204,1281,1485
WBGene00013023,60,216,276
WBGene00013024,44,222,266
WBGene00013025,553,11587,12140
WBGene00013026,8,1061,1069
WBGene00013027,33,1094,1127
WBGene00013028,7,66,73
WBGene00013029,166,3952,4118
WBGene00013030,47,442,489
WBGene00013033,64,761,825
WBGene00013034,1126,2346,3472
WBGene00013035,23,120,143
WBGene00013036,4,10,14
WBGene00013037,30,128,158
WBGene00013038,104,3187,3291
WBGene00013039,387,2128,2515
WBGene00013040,766,1313,2079
WBGene00013041,10,98,108
WBGene00013042,156,752,908
WBGene00013043,35,85,120
WBGene00013044,23,2,25
WBGene00013045,1,0,1
WBGene00013046,33,490,523
WBGene00013047,0,2,2
WBGene00013048,18,439,457
WBGene00013049,0,1,1
WBGene00013050,1,3,4
WBGene00013052,2,7,9
WBGene00013053,13,19,32
WBGene00013054,0,28,28
WBGene00013055,44,365,409
WBGene00013058,10,1,11
WBGene00013060,2,17,19
WBGene00013061,0,2,2
WBGene00013062,1,2,3
WBGene00013063,0,0,0
WBGene00013064,0,0,0
WBGene00013066,7,8,15
WBGene00013067,3,0,3
WBGene00013068,2,0,2
WBGene00013069,1,1,2
WBGene00013070,0,0,0
WBGene00013071,0,28,28
WBGene00013072,17,22,39
WBGene00013073,35,94,129
WBGene00013074,49,981,1030
WBGene00013075,257,932,1189
WBGene00013076,15,27,42
WBGene00013077,3165,46800,49965
WBGene00013078,1157,19094,20251
WBGene00013079,1115,7926,9041
WBGene00013080,227,596,823
WBGene00013081,3534,95190,98724
WBGene00013082,264,1196,1460
WBGene00013083,92,693,785
WBGene00013085,2,0,2
WBGene00013086,0,0,0
WBGene00013087,0,1,1
WBGene00013088,9,23,32
WBGene00013089,0,0,0
WBGene00013090,1,0,1
WBGene00013091,1,2,3
WBGene00013093,1185,832,2017
WBGene00013094,2051,31576,33627
WBGene00013095,371,1188,1559
WBGene00013096,713,1539,2252
WBGene00013098,143,747,890
WBGene00013099,71,44,115
WBGene00013100,5,34,39
WBGene00013101,4,11,15
WBGene00013102,0,0,0
WBGene00013103,24,538,562
WBGene00013104,96,2480,2576
WBGene00013105,0,0,0
WBGene00013106,110,1828,1938
WBGene00013107,8,19,27
WBGene00013109,43,5834,5877
WBGene00013111,161,2092,2253
WBGene00013115,0,0,0
WBGene00013116,14,19,33
WBGene00013117,0,0,0
WBGene00013118,7,65,72
WBGene00013119,53,61,114
WBGene00013120,2,2,4
WBGene00013121,3,4,7
WBGene00013122,59,716,775
WBGene00013123,478,950,1428
WBGene00013124,1600,1030,2630
WBGene00013125,3,41,44
WBGene00013126,3,3,6
WBGene00013127,18,121,139
WBGene00013128,191,1907,2098
WBGene00013129,482,3023,3505
WBGene00013130,2,9,11
WBGene00013131,285,85,370
WBGene00013132,173,1068,1241
WBGene00013135,46,817,863
WBGene00013136,99,2039,2138
WBGene00013137,91,1069,1160
WBGene00013138,7,1,8
WBGene00013139,120,1568,1688
WBGene00013140,63,1983,2046
WBGene00013141,22,14,36
WBGene00013142,728,44,772
WBGene00013143,30,2224,2254
WBGene00013144,991,6521,7512
WBGene00013145,4,216,220
WBGene00013146,50,669,719
WBGene00013147,0,51,51
WBGene00013148,2,3,5
WBGene00013149,34,23,57
WBGene00013150,40,2476,2516
WBGene00013151,161,1860,2021
WBGene00013152,2,2,4
WBGene00013154,0,0,0
WBGene00013156,24,914,938
WBGene00013157,8,4,12
WBGene00013158,6,31,37
WBGene00013159,74,184,258
WBGene00013160,917,1753,2670
WBGene00013161,1034,2856,3890
WBGene00013162,2,14,16
WBGene00013163,4,2,6
WBGene00013164,116,478,594
WBGene00013165,3,14,17
WBGene00013166,26,248,274
WBGene00013167,617,484,1101
WBGene00013168,216,5650,5866
WBGene00013169,12,214,226
WBGene00013170,0,1,1
WBGene00013171,48,33,81
WBGene00013172,0,0,0
WBGene00013173,30,180,210
WBGene00013175,5,18,23
WBGene00013176,107,2495,2602
WBGene00013177,287,3312,3599
WBGene00013178,132,1459,1591
WBGene00013179,2,1,3
WBGene00013180,69,1039,1108
WBGene00013181,6470,31924,38394
WBGene00013182,2,5,7
WBGene00013184,0,0,0
WBGene00013186,2,0,2
WBGene00013187,28,247,275
WBGene00013188,78,355,433
WBGene00013189,421,1628,2049
WBGene00013190,6,23,29
WBGene00013192,1,12,13
WBGene00013193,76,693,769
WBGene00013194,2,7,9
WBGene00013195,41,161,202
WBGene00013196,32,362,394
WBGene00013197,21,247,268
WBGene00013198,25,113,138
WBGene00013200,593,10868,11461
WBGene00013201,99,1585,1684
WBGene00013202,96,1615,1711
WBGene00013203,96,1140,1236
WBGene00013204,41,985,1026
WBGene00013207,2,7,9
WBGene00013208,23,163,186
WBGene00013209,95,3098,3193
WBGene00013210,0,13020,13020
WBGene00013211,107,1155,1262
WBGene00013212,87,134,221
WBGene00013213,252,3353,3605
WBGene00013214,58,476,534
WBGene00013215,9,201,210
WBGene00013216,37,688,725
WBGene00013217,250,1980,2230
WBGene00013218,82,2707,2789
WBGene00013219,97,5914,6011
WBGene00013220,1,1,2
WBGene00013221,30,48,78
WBGene00013222,213,552,765
WBGene00013223,519,4074,4593
WBGene00013224,142,1124,1266
WBGene00013225,322,1845,2167
WBGene00013226,17,0,17
WBGene00013227,8,68,76
WBGene00013228,3810,6634,10444
WBGene00013230,0,1,1
WBGene00013231,55,632,687
WBGene00013232,317,856,1173
WBGene00013233,0,9,9
WBGene00013234,0,11,11
WBGene00013235,16,111,127
WBGene00013236,45,5027,5072
WBGene00013237,223,18138,18361
WBGene00013238,1323,30213,31536
WBGene00013239,204,2695,2899
WBGene00013240,286,1071,1357
WBGene00013241,114,1277,1391
WBGene00013242,104,302,406
WBGene00013243,163,588,751
WBGene00013244,172,396,568
WBGene00013246,48,129,177
WBGene00013247,99,72,171
WBGene00013248,29,108,137
WBGene00013249,27,49,76
WBGene00013250,1,61,62
WBGene00013252,48,74,122
WBGene00013253,81,262,343
WBGene00013254,4,3,7
WBGene00013255,747,5424,6171
WBGene00013256,126,2188,2314
WBGene00013257,8,29,37
WBGene00013258,1420,455,1875
WBGene00013259,185,1277,1462
WBGene00013260,56,1576,1632
WBGene00013261,259,303,562
WBGene00013263,456,7293,7749
WBGene00013264,16,21,37
WBGene00013265,232,952,1184
WBGene00013266,90,2839,2929
WBGene00013267,282,2701,2983
WBGene00013268,49,1046,1095
WBGene00013269,12,4062,4074
WBGene00013270,180,519,699
WBGene00013272,88,169,257
WBGene00013273,231,1770,2001
WBGene00013274,91,13,104
WBGene00013275,63,3755,3818
WBGene00013276,5,3,8
WBGene00013277,1,3,4
WBGene00013278,1,14,15
WBGene00013279,0,0,0
WBGene00013280,1,0,1
WBGene00013281,5,31,36
WBGene00013282,0,0,0
WBGene00013284,18,785,803
WBGene00013285,15,26,41
WBGene00013286,8,51,59
WBGene00013287,35,228,263
WBGene00013288,1,1,2
WBGene00013289,2108,6646,8754
WBGene00013290,0,2,2
WBGene00013292,220,1285,1505
WBGene00013293,56,548,604
WBGene00013294,6,11,17
WBGene00013295,5,179,184
WBGene00013296,0,0,0
WBGene00013297,20,0,20
WBGene00013298,3,57,60
WBGene00013299,0,0,0
WBGene00013300,10,11,21
WBGene00013301,48,5079,5127
WBGene00013302,42,961,1003
WBGene00013303,104,274,378
WBGene00013304,19,45,64
WBGene00013305,0,2,2
WBGene00013306,5,49,54
WBGene00013307,191,5962,6153
WBGene00013308,2212,56459,58671
WBGene00013310,127,161,288
WBGene00013311,163,41685,41848
WBGene00013312,9,332,341
WBGene00013313,20,4,24
WBGene00013315,0,0,0
WBGene00013317,946,3432,4378
WBGene00013318,12,5,17
WBGene00013319,1,2,3
WBGene00013321,226,3735,3961
WBGene00013322,36,249,285
WBGene00013323,14,2392,2406
WBGene00013324,414,8102,8516
WBGene00013325,87,729,816
WBGene00013326,420,1138,1558
WBGene00013327,1326,4459,5785
WBGene00013328,3,2,5
WBGene00013329,8,112,120
WBGene00013330,6,177,183
WBGene00013331,27,100,127
WBGene00013332,21,1654,1675
WBGene00013333,29,127,156
WBGene00013334,213,1873,2086
WBGene00013335,50,220,270
WBGene00013336,23,45,68
WBGene00013337,4,1,5
WBGene00013338,4,4,8
WBGene00013339,325,1323,1648
WBGene00013340,558,8818,9376
WBGene00013343,1158,5956,7114
WBGene00013344,81,239,320
WBGene00013345,98,2412,2510
WBGene00013347,1231,6799,8030
WBGene00013348,15,148,163
WBGene00013349,2,139,141
WBGene00013350,361,795,1156
WBGene00013351,4,1,5
WBGene00013352,277,3230,3507
WBGene00013353,101,241,342
WBGene00013354,796,4224,5020
WBGene00013355,460,2675,3135
WBGene00013356,18,91,109
WBGene00013357,9,0,9
WBGene00013358,91,740,831
WBGene00013359,60,641,701
WBGene00013360,551,10844,11395
WBGene00013361,725,2197,2922
WBGene00013362,116,224,340
WBGene00013364,9,218,227
WBGene00013365,254,3325,3579
WBGene00013366,1243,4829,6072
WBGene00013367,4,8,12
WBGene00013368,9,43,52
WBGene00013370,0,13,13
WBGene00013371,0,0,0
WBGene00013373,89,5443,5532
WBGene00013374,0,0,0
WBGene00013375,51,136,187
WBGene00013376,143,1160,1303
WBGene00013378,48,3636,3684
WBGene00013379,601,2912,3513
WBGene00013380,2,100,102
WBGene00013381,262,57,319
WBGene00013382,59,672,731
WBGene00013383,12,107,119
WBGene00013385,55,545,600
WBGene00013387,332,1938,2270
WBGene00013388,3,9,12
WBGene00013389,5,5,10
WBGene00013390,1,2,3
WBGene00013391,0,0,0
WBGene00013392,0,3,3
WBGene00013393,0,0,0
WBGene00013394,0,1,1
WBGene00013395,0,1,1
WBGene00013396,1,0,1
WBGene00013397,2,4,6
WBGene00013398,1,4,5
WBGene00013399,3,0,3
WBGene00013400,0,1,1
WBGene00013401,41,147,188
WBGene00013402,11,114,125
WBGene00013403,16,120,136
WBGene00013404,13,382,395
WBGene00013405,71,353,424
WBGene00013406,1254,21383,22637
WBGene00013407,57,753,810
WBGene00013408,13,11,24
WBGene00013409,3,103,106
WBGene00013411,3,2,5
WBGene00013412,2,5,7
WBGene00013415,274,1536,1810
WBGene00013416,188,484,672
WBGene00013417,39,25,64
WBGene00013418,298,3403,3701
WBGene00013419,27,70,97
WBGene00013421,3,19,22
WBGene00013422,235,1533,1768
WBGene00013424,3,15,18
WBGene00013425,115,352,467
WBGene00013426,50,803,853
WBGene00013427,0,71,71
WBGene00013429,5,5,10
WBGene00013431,143,201,344
WBGene00013432,10,129,139
WBGene00013433,12,615,627
WBGene00013434,230,1515,1745
WBGene00013435,246,5282,5528
WBGene00013436,214,2398,2612
WBGene00013437,9,31,40
WBGene00013438,0,900,900
WBGene00013439,1,12,13
WBGene00013440,18,90,108
WBGene00013441,195,1474,1669
WBGene00013442,15,151,166
WBGene00013443,108,380,488
WBGene00013445,17,260,277
WBGene00013446,440,1477,1917
WBGene00013447,259,1393,1652
WBGene00013448,119,904,1023
WBGene00013449,6,20,26
WBGene00013450,6,14,20
WBGene00013451,2,6,8
WBGene00013452,2,1,3
WBGene00013453,98,1287,1385
WBGene00013454,10,8,18
WBGene00013455,325,1159,1484
WBGene00013456,83,464,547
WBGene00013457,53,194,247
WBGene00013458,178,1788,1966
WBGene00013459,1149,11229,12378
WBGene00013460,672,1480,2152
WBGene00013461,510,2478,2988
WBGene00013462,329,3624,3953
WBGene00013463,0,25443,25443
WBGene00013464,185,935,1120
WBGene00013465,111,1056,1167
WBGene00013466,0,1,1
WBGene00013468,0,2,2
WBGene00013469,0,3,3
WBGene00013470,1,1,2
WBGene00013471,1,0,1
WBGene00013472,0,0,0
WBGene00013473,0,1,1
WBGene00013474,0,9,9
WBGene00013475,1,0,1
WBGene00013476,1,2,3
WBGene00013477,130,7969,8099
WBGene00013478,0,2,2
WBGene00013479,123,546,669
WBGene00013480,53,16,69
WBGene00013481,1103,14439,15542
WBGene00013482,114,1329,1443
WBGene00013483,0,0,0
WBGene00013484,11,6,17
WBGene00013485,106,270,376
WBGene00013486,63,50,113
WBGene00013487,19,48,67
WBGene00013489,52,17590,17642
WBGene00013490,3,54,57
WBGene00013491,0,0,0
WBGene00013492,0,5,5
WBGene00013493,0,1,1
WBGene00013494,3,4,7
WBGene00013496,48,110,158
WBGene00013497,36,291,327
WBGene00013498,2,8,10
WBGene00013499,119,469,588
WBGene00013500,0,0,0
WBGene00013501,0,8,8
WBGene00013502,7,1,8
WBGene00013503,21,1,22
WBGene00013505,9,40,49
WBGene00013506,291,543,834
WBGene00013507,21,57,78
WBGene00013508,1,5,6
WBGene00013509,11,266,277
WBGene00013511,3,2,5
WBGene00013512,45,75,120
WBGene00013513,3,8,11
WBGene00013514,1607,30391,31998
WBGene00013515,330,4557,4887
WBGene00013516,74,913,987
WBGene00013517,46,32,78
WBGene00013518,250,1015,1265
WBGene00013519,0,0,0
WBGene00013520,16,11,27
WBGene00013521,0,7,7
WBGene00013522,364,1050,1414
WBGene00013523,0,1,1
WBGene00013524,0,1,1
WBGene00013525,1,0,1
WBGene00013526,1,2,3
WBGene00013527,1,0,1
WBGene00013528,0,0,0
WBGene00013529,366,1585,1951
WBGene00013530,520,2567,3087
WBGene00013531,399,3620,4019
WBGene00013532,20,3098,3118
WBGene00013534,101,110,211
WBGene00013536,260,40,300
WBGene00013538,248,1328,1576
WBGene00013539,26,134,160
WBGene00013540,22,109,131
WBGene00013541,33,73,106
WBGene00013542,103,1108,1211
WBGene00013543,253,449,702
WBGene00013544,467,5272,5739
WBGene00013545,502,1738,2240
WBGene00013547,16,148,164
WBGene00013548,341,979,1320
WBGene00013549,216,977,1193
WBGene00013550,104,3335,3439
WBGene00013551,51,468,519
WBGene00013552,13,424,437
WBGene00013553,227,2796,3023
WBGene00013554,147,524,671
WBGene00013555,3,5,8
WBGene00013556,242,1662,1904
WBGene00013557,780,2360,3140
WBGene00013558,153,1532,1685
WBGene00013559,13,24,37
WBGene00013560,59,352,411
WBGene00013561,187,1606,1793
WBGene00013562,7,14,21
WBGene00013563,109,62,171
WBGene00013564,20,14,34
WBGene00013565,0,3,3
WBGene00013566,0,0,0
WBGene00013567,5,98,103
WBGene00013568,70,756,826
WBGene00013569,4,479,483
WBGene00013570,0,0,0
WBGene00013572,0,0,0
WBGene00013573,117,67,184
WBGene00013574,89,34,123
WBGene00013575,40,847,887
WBGene00013576,34,470,504
WBGene00013577,2462,25712,28174
WBGene00013578,81,308,389
WBGene00013579,16,7,23
WBGene00013580,1407,1920,3327
WBGene00013581,1,3,4
WBGene00013583,2,1,3
WBGene00013584,40,292,332
WBGene00013585,24,596,620
WBGene00013586,1,2,3
WBGene00013587,43,151,194
WBGene00013588,486,8715,9201
WBGene00013590,0,3,3
WBGene00013591,106,1652,1758
WBGene00013592,39,46,85
WBGene00013593,202,1403,1605
WBGene00013594,176,219,395
WBGene00013595,160,1196,1356
WBGene00013596,50,1363,1413
WBGene00013597,935,10671,11606
WBGene00013598,149,2895,3044
WBGene00013599,518,905,1423
WBGene00013601,133,1407,1540
WBGene00013602,32,623,655
WBGene00013603,147,4141,4288
WBGene00013604,118,1836,1954
WBGene00013605,249,3204,3453
WBGene00013606,417,2769,3186
WBGene00013607,4,2,6
WBGene00013608,0,6,6
WBGene00013609,1,12,13
WBGene00013610,5,184,189
WBGene00013611,1,74,75
WBGene00013613,0,5,5
WBGene00013616,0,1,1
WBGene00013619,0,2,2
WBGene00013620,7,3,10
WBGene00013621,1,0,1
WBGene00013622,0,4,4
WBGene00013623,37,438,475
WBGene00013626,1,1,2
WBGene00013628,0,0,0
WBGene00013629,7,3,10
WBGene00013631,5,3,8
WBGene00013632,33,511,544
WBGene00013633,33,205,238
WBGene00013634,7,23,30
WBGene00013635,0,0,0
WBGene00013636,0,41,41
WBGene00013637,6,7,13
WBGene00013639,2214,1062,3276
WBGene00013642,113,467,580
WBGene00013643,8,16,24
WBGene00013645,1,2,3
WBGene00013646,3,5,8
WBGene00013647,695,6354,7049
WBGene00013649,5,3,8
WBGene00013650,4,147,151
WBGene00013651,9,10,19
WBGene00013653,10,34,44
WBGene00013654,6,26,32
WBGene00013655,12,23,35
WBGene00013656,0,2,2
WBGene00013657,0,0,0
WBGene00013658,21,372,393
WBGene00013659,1,33,34
WBGene00013662,17,131,148
WBGene00013665,67,472,539
WBGene00013666,116,829,945
WBGene00013667,250,1491,1741
WBGene00013668,180,2153,2333
WBGene00013669,40,340,380
WBGene00013670,490,2639,3129
WBGene00013671,138,2683,2821
WBGene00013672,68,133,201
WBGene00013673,170,604,774
WBGene00013674,148,1033,1181
WBGene00013676,250,2644,2894
WBGene00013677,600,3687,4287
WBGene00013678,494,2318,2812
WBGene00013679,243,1760,2003
WBGene00013680,465,1475,1940
WBGene00013682,2393,3128,5521
WBGene00013683,343,5065,5408
WBGene00013684,6,5,11
WBGene00013685,37,103,140
WBGene00013687,259,1609,1868
WBGene00013688,355,6393,6748
WBGene00013689,29,1328,1357
WBGene00013690,81,1218,1299
WBGene00013691,68,954,1022
WBGene00013692,178,1851,2029
WBGene00013693,262,161,423
WBGene00013694,54,1195,1249
WBGene00013695,309,2149,2458
WBGene00013696,1,13,14
WBGene00013697,15,817,832
WBGene00013698,40,815,855
WBGene00013699,1,9,10
WBGene00013700,1,22,23
WBGene00013701,2,48,50
WBGene00013702,128,462,590
WBGene00013703,423,1839,2262
WBGene00013704,44,285,329
WBGene00013705,2,1,3
WBGene00013708,10,449,459
WBGene00013709,237,4943,5180
WBGene00013710,0,20,20
WBGene00013711,64,520,584
WBGene00013712,0,0,0
WBGene00013713,6,85,91
WBGene00013715,4,110,114
WBGene00013716,8,64,72
WBGene00013717,21,414,435
WBGene00013718,90,1965,2055
WBGene00013719,29,964,993
WBGene00013720,8,1110,1118
WBGene00013721,1,8,9
WBGene00013723,2,101,103
WBGene00013724,91,700,791
WBGene00013725,140,1778,1918
WBGene00013726,103,1030,1133
WBGene00013727,18,295,313
WBGene00013728,77,983,1060
WBGene00013729,14,438,452
WBGene00013730,1134,3944,5078
WBGene00013732,2711,1872,4583
WBGene00013734,1124,3844,4968
WBGene00013735,2173,5278,7451
WBGene00013736,81,1986,2067
WBGene00013737,607,1838,2445
WBGene00013738,281,1848,2129
WBGene00013739,187,83,270
WBGene00013740,35,2549,2584
WBGene00013741,24,38,62
WBGene00013742,111,143,254
WBGene00013744,5,10,15
WBGene00013746,318,772,1090
WBGene00013747,12,3,15
WBGene00013748,28,355,383
WBGene00013749,7,87,94
WBGene00013750,1,13,14
WBGene00013751,34,602,636
WBGene00013752,37,704,741
WBGene00013753,67,546,613
WBGene00013754,0,1,1
WBGene00013755,3,37,40
WBGene00013756,17,252,269
WBGene00013757,0,6,6
WBGene00013758,8,280,288
WBGene00013759,0,2,2
WBGene00013760,0,2,2
WBGene00013761,7,106,113
WBGene00013762,2,12,14
WBGene00013764,39,51,90
WBGene00013765,278,3484,3762
WBGene00013766,200,39147,39347
WBGene00013768,266,1009,1275
WBGene00013771,0,6,6
WBGene00013773,1,7,8
WBGene00013774,99,100,199
WBGene00013775,1,10,11
WBGene00013776,3,82,85
WBGene00013777,1,2,3
WBGene00013778,11,36,47
WBGene00013779,2,36,38
WBGene00013781,55,220,275
WBGene00013782,55,193,248
WBGene00013784,1965,16718,18683
WBGene00013785,3,3,6
WBGene00013786,2,8,10
WBGene00013789,153,766,919
WBGene00013790,123,1109,1232
WBGene00013791,0,0,0
WBGene00013792,231,309,540
WBGene00013794,0,6,6
WBGene00013795,0,2,2
WBGene00013796,0,0,0
WBGene00013797,0,0,0
WBGene00013798,0,0,0
WBGene00013799,0,11,11
WBGene00013800,8,1,9
WBGene00013801,16,29,45
WBGene00013802,129,234,363
WBGene00013803,489,2787,3276
WBGene00013804,609,5775,6384
WBGene00013805,820,7237,8057
WBGene00013806,78,398,476
WBGene00013807,642,1478,2120
WBGene00013808,423,2532,2955
WBGene00013809,36,23,59
WBGene00013810,2,1,3
WBGene00013811,2,3,5
WBGene00013812,41,60,101
WBGene00013814,59,51,110
WBGene00013815,0,4,4
WBGene00013816,2,6,8
WBGene00013817,12,42,54
WBGene00013819,148,2100,2248
WBGene00013820,4,29,33
WBGene00013822,2,6,8
WBGene00013823,29,9,38
WBGene00013824,0,4,4
WBGene00013825,44,67,111
WBGene00013827,0,0,0
WBGene00013828,39,4,43
WBGene00013829,0,18,18
WBGene00013830,0,11,11
WBGene00013831,11,4,15
WBGene00013832,0,13,13
WBGene00013833,8,91,99
WBGene00013834,12,8,20
WBGene00013835,21,157,178
WBGene00013836,6,23,29
WBGene00013837,0,28,28
WBGene00013838,5,33,38
WBGene00013839,1,10,11
WBGene00013840,1,2,3
WBGene00013844,5,18,23
WBGene00013845,23,284,307
WBGene00013846,6,16,22
WBGene00013847,207,1527,1734
WBGene00013848,173,415,588
WBGene00013849,38,155,193
WBGene00013850,96,144,240
WBGene00013852,72,699,771
WBGene00013853,3,2419,2422
WBGene00013854,1,1,2
WBGene00013855,72,672,744
WBGene00013856,0,41,41
WBGene00013857,114,681,795
WBGene00013858,0,5,5
WBGene00013859,953,14656,15609
WBGene00013860,343,4657,5000
WBGene00013862,17,514,531
WBGene00013863,2,11,13
WBGene00013865,4,54,58
WBGene00013866,434,4314,4748
WBGene00013867,72,238,310
WBGene00013868,1,32,33
WBGene00013869,328,2349,2677
WBGene00013870,36,408,444
WBGene00013871,7,19,26
WBGene00013872,423,1746,2169
WBGene00013873,22,15,37
WBGene00013874,3,21,24
WBGene00013875,1,7,8
WBGene00013876,18,336,354
WBGene00013877,131,1240,1371
WBGene00013878,587,3327,3914
WBGene00013879,7,27,34
WBGene00013880,49,2764,2813
WBGene00013881,68,814,882
WBGene00013882,1468,9977,11445
WBGene00013883,27,61,88
WBGene00013884,3979,37790,41769
WBGene00013886,9,25,34
WBGene00013887,0,3,3
WBGene00013888,0,0,0
WBGene00013889,0,0,0
WBGene00013890,0,0,0
WBGene00013891,0,36,36
WBGene00013892,171,3555,3726
WBGene00013893,33,2161,2194
WBGene00013894,89,784,873
WBGene00013895,23,363,386
WBGene00013896,71,491,562
WBGene00013897,35,987,1022
WBGene00013898,172,2270,2442
WBGene00013899,45,627,672
WBGene00013900,2,16,18
WBGene00013901,6,118,124
WBGene00013902,30,90,120
WBGene00013903,0,28,28
WBGene00013904,1,10,11
WBGene00013905,3,3,6
WBGene00013906,5,47,52
WBGene00013907,5,19,24
WBGene00013908,0,4,4
WBGene00013909,1,4,5
WBGene00013910,0,0,0
WBGene00013911,2,12,14
WBGene00013912,4,5,9
WBGene00013913,4,1,5
WBGene00013914,49,90,139
WBGene00013915,0,2,2
WBGene00013916,2,13,15
WBGene00013917,57,728,785
WBGene00013919,359,2409,2768
WBGene00013920,77,3432,3509
WBGene00013921,177,1003,1180
WBGene00013922,1,0,1
WBGene00013923,9,168,177
WBGene00013924,289,7002,7291
WBGene00013925,96,1702,1798
WBGene00013926,0,244,244
WBGene00013927,0,1,1
WBGene00013928,1,0,1
WBGene00013929,6,13,19
WBGene00013930,0,0,0
WBGene00013931,14,0,14
WBGene00013932,0,0,0
WBGene00013933,12,22,34
WBGene00013934,841,2437,3278
WBGene00013935,0,0,0
WBGene00013937,0,4,4
WBGene00013938,74,1012,1086
WBGene00013939,2,39,41
WBGene00013940,0,0,0
WBGene00013941,1,1,2
WBGene00013942,16,42,58
WBGene00013943,0,0,0
WBGene00013944,0,1,1
WBGene00013946,122,469,591
WBGene00013947,63,584,647
WBGene00013949,29,276,305
WBGene00013950,44,254,298
WBGene00013951,0,1,1
WBGene00013953,2,2,4
WBGene00013954,0,2,2
WBGene00013955,125,48,173
WBGene00013956,0,3,3
WBGene00013957,77,145,222
WBGene00013958,412,6907,7319
WBGene00013959,124,979,1103
WBGene00013960,34,225,259
WBGene00013961,0,4,4
WBGene00013962,188,2358,2546
WBGene00013963,7,245,252
WBGene00013964,12,515,527
WBGene00013965,7,48,55
WBGene00013966,25,960,985
WBGene00013967,94,693,787
WBGene00013968,2,16,18
WBGene00013969,308,3405,3713
WBGene00013970,175,930,1105
WBGene00013971,0,0,0
WBGene00013972,0,0,0
WBGene00013973,0,1,1
WBGene00013974,23,20,43
WBGene00013975,9,112,121
WBGene00013976,14,19,33
WBGene00013978,4,1,5
WBGene00013979,0,1,1
WBGene00013980,68,291,359
WBGene00013982,20,303,323
WBGene00013983,83,4710,4793
WBGene00013984,1652,6410,8062
WBGene00013985,134,2103,2237
WBGene00013986,0,7,7
WBGene00013987,5,23,28
WBGene00013988,3,3,6
WBGene00013989,55,800,855
WBGene00013994,122,1125,1247
WBGene00013996,1,65,66
WBGene00013997,519,4893,5412
WBGene00013998,25,765,790
WBGene00013999,5,5,10
WBGene00014000,14,300,314
WBGene00014001,148,2830,2978
WBGene00014002,51,296,347
WBGene00014003,15,9479,9494
WBGene00014004,224,1758,1982
WBGene00014006,12,4444,4456
WBGene00014007,1,20,21
WBGene00014008,26,492,518
WBGene00014009,11,252,263
WBGene00014011,47,2499,2546
WBGene00014012,80,3296,3376
WBGene00014013,111,4285,4396
WBGene00014014,130,586,716
WBGene00014015,112,2543,2655
WBGene00014016,1268,21717,22985
WBGene00014017,165,3352,3517
WBGene00014018,313,1811,2124
WBGene00014019,141,1686,1827
WBGene00014020,53,1525,1578
WBGene00014021,304,1032,1336
WBGene00014022,599,10438,11037
WBGene00014023,232,1991,2223
WBGene00014024,104,407,511
WBGene00014025,194,3867,4061
WBGene00014027,25,207,232
WBGene00014028,90,510,600
WBGene00014029,78,26,104
WBGene00014030,56,8042,8098
WBGene00014031,76,2813,2889
WBGene00014032,0,0,0
WBGene00014033,159,804,963
WBGene00014034,1,579,580
WBGene00014035,137,1212,1349
WBGene00014036,1103,4141,5244
WBGene00014037,2585,1,2586
WBGene00014038,4,1,5
WBGene00014039,70,446,516
WBGene00014040,1,2,3
WBGene00014041,0,3,3
WBGene00014042,0,0,0
WBGene00014043,0,0,0
WBGene00014044,0,0,0
WBGene00014045,0,0,0
WBGene00014046,0,0,0
WBGene00014047,1,2,3
WBGene00014048,3,2,5
WBGene00014049,0,0,0
WBGene00014050,0,990,990
WBGene00014051,507,2101,2608
WBGene00014052,8,125,133
WBGene00014053,8,18,26
WBGene00014054,279,12019,12298
WBGene00014055,274,2237,2511
WBGene00014057,29,315,344
WBGene00014058,146,5063,5209
WBGene00014060,35,211,246
WBGene00014061,0,0,0
WBGene00014062,0,2,2
WBGene00014063,0,26,26
WBGene00014064,0,10,10
WBGene00014065,32,71,103
WBGene00014066,82,861,943
WBGene00014067,14,228,242
WBGene00014068,0,9,9
WBGene00014069,11,4,15
WBGene00014070,39,0,39
WBGene00014073,16,80,96
WBGene00014074,69,684,753
WBGene00014075,246,2595,2841
WBGene00014076,163,891,1054
WBGene00014077,28,189,217
WBGene00014078,384,4729,5113
WBGene00014079,67,594,661
WBGene00014080,60,678,738
WBGene00014081,99,779,878
WBGene00014082,18,5,23
WBGene00014083,208,4547,4755
WBGene00014084,0,6,6
WBGene00014085,20,155,175
WBGene00014086,1972,28077,30049
WBGene00014087,86,1804,1890
WBGene00014088,1910,60168,62078
WBGene00014089,33,99,132
WBGene00014090,45,2647,2692
WBGene00014091,1985,54800,56785
WBGene00014092,1024,9879,10903
WBGene00014093,106,215,321
WBGene00014094,32,173,205
WBGene00014095,180,61085,61265
WBGene00014096,39,5979,6018
WBGene00014097,8,124,132
WBGene00014098,309,3857,4166
WBGene00014099,24,271,295
WBGene00014100,3,32,35
WBGene00014101,217,591,808
WBGene00014102,2,5,7
WBGene00014103,31,32,63
WBGene00014104,1,4,5
WBGene00014105,9,34,43
WBGene00014106,156,655,811
WBGene00014107,15,379,394
WBGene00014108,646,32718,33364
WBGene00014109,98,5104,5202
WBGene00014111,29,1286,1315
WBGene00014112,202,2773,2975
WBGene00014113,8,248,256
WBGene00014114,85,988,1073
WBGene00014115,201,2002,2203
WBGene00014116,8,597,605
WBGene00014117,1,41,42
WBGene00014118,115,788,903
WBGene00014119,494,1879,2373
WBGene00014120,0,481,481
WBGene00014121,44,48,92
WBGene00014122,43,100,143
WBGene00014123,37,1706,1743
WBGene00014124,35,1308,1343
WBGene00014125,12,1049,1061
WBGene00014127,2,3,5
WBGene00014128,3,2,5
WBGene00014129,3,109,112
WBGene00014130,3,2,5
WBGene00014131,1,30,31
WBGene00014132,1,1,2
WBGene00014135,0,4,4
WBGene00014136,9,17,26
WBGene00014137,7,279,286
WBGene00014138,7,55,62
WBGene00014139,348,636,984
WBGene00014140,554,799,1353
WBGene00014141,8,130,138
WBGene00014142,9,36,45
WBGene00014143,1,0,1
WBGene00014144,0,4,4
WBGene00014145,28,91,119
WBGene00014148,243,4054,4297
WBGene00014149,5,13,18
WBGene00014150,63,498,561
WBGene00014151,124,1366,1490
WBGene00014152,14,52,66
WBGene00014153,243,1725,1968
WBGene00014154,1,10,11
WBGene00014155,9,33,42
WBGene00014156,130,1512,1642
WBGene00014157,0,3,3
WBGene00014158,1,3,4
WBGene00014159,6,568,574
WBGene00014160,4,42,46
WBGene00014161,9,20,29
WBGene00014162,10,5,15
WBGene00014163,0,123,123
WBGene00014164,26,262,288
WBGene00014165,631,16645,17276
WBGene00014166,17,105,122
WBGene00014168,0,0,0
WBGene00014169,1,25,26
WBGene00014170,1,19,20
WBGene00014171,2462,6060,8522
WBGene00014172,230,1515,1745
WBGene00014173,2,46,48
WBGene00014174,0,10,10
WBGene00014175,200,786,986
WBGene00014176,150,1805,1955
WBGene00014177,124,2732,2856
WBGene00014178,11,51,62
WBGene00014179,0,0,0
WBGene00014181,19,96,115
WBGene00014182,0,0,0
WBGene00014183,172,4065,4237
WBGene00014184,6,144,150
WBGene00014186,0,1,1
WBGene00014188,0,0,0
WBGene00014189,2,86,88
WBGene00014190,1,0,1
WBGene00014191,1,1,2
WBGene00014192,0,0,0
WBGene00014193,3,1,4
WBGene00014194,1,1,2
WBGene00014195,7,32,39
WBGene00014196,0,13,13
WBGene00014197,0,3,3
WBGene00014198,1,177,178
WBGene00014199,1,4,5
WBGene00014200,5,68,73
WBGene00014201,1,1,2
WBGene00014202,364,8229,8593
WBGene00014203,19,371,390
WBGene00014204,98,9236,9334
WBGene00014205,39,896,935
WBGene00014206,22,376,398
WBGene00014207,328,10166,10494
WBGene00014208,72,1404,1476
WBGene00014209,126,1592,1718
WBGene00014210,22,158,180
WBGene00014213,350,6348,6698
WBGene00014214,1211,3510,4721
WBGene00014215,222,1069,1291
WBGene00014216,1,1,2
WBGene00014217,0,2,2
WBGene00014218,256,6023,6279
WBGene00014219,74,1480,1554
WBGene00014220,33,482,515
WBGene00014221,90,2626,2716
WBGene00014222,175,1387,1562
WBGene00014223,181,162,343
WBGene00014224,260,7249,7509
WBGene00014225,16,46,62
WBGene00014226,46,1229,1275
WBGene00014227,171,1816,1987
WBGene00014228,8,687,695
WBGene00014229,2,10,12
WBGene00014230,28,909,937
WBGene00014232,430,3526,3956
WBGene00014233,52,976,1028
WBGene00014234,9,1919,1928
WBGene00014235,16,84,100
WBGene00014236,1,9,10
WBGene00014238,0,0,0
WBGene00014239,1,2,3
WBGene00014240,1,0,1
WBGene00014241,0,8,8
WBGene00014242,0,1,1
WBGene00014243,228,3184,3412
WBGene00014244,20,785,805
WBGene00014245,1,6,7
WBGene00014246,1,1,2
WBGene00014247,1,2,3
WBGene00014248,186,712,898
WBGene00014249,138,5851,5989
WBGene00014250,28,1077,1105
WBGene00014251,106,1452,1558
WBGene00014252,10,195,205
WBGene00014253,18,174,192
WBGene00014254,22,270,292
WBGene00014255,7,147,154
WBGene00014256,22,393,415
WBGene00014258,415,7963,8378
WBGene00014259,213,3496,3709
WBGene00014260,67,73,140
WBGene00014261,971,2422,3393
WBGene00014262,5918,17294,23212
WBGene00014300,52,284,336
WBGene00014569,239,1807,2046
WBGene00014666,10,54,64
WBGene00014668,14,6,20
WBGene00014669,9,119,128
WBGene00014679,0,4,4
WBGene00014697,123,1947,2070
WBGene00014698,45,112,157
WBGene00014699,0,0,0
WBGene00014700,0,4,4
WBGene00014761,13,35,48
WBGene00014793,143,2085,2228
WBGene00014801,89,831,920
WBGene00014807,3,3,6
WBGene00014813,2,3,5
WBGene00014826,1330,21778,23108
WBGene00014848,91,1384,1475
WBGene00014864,9,5,14
WBGene00014871,6,181,187
WBGene00014914,13,17,30
WBGene00014924,2,2,4
WBGene00014926,5,3,8
WBGene00014938,285,7021,7306
WBGene00014953,0,0,0
WBGene00014965,49,1024,1073
WBGene00014989,565,3235,3800
WBGene00014997,3,6,9
WBGene00014998,37,91,128
WBGene00014999,44,721,765
WBGene00015000,11,53,64
WBGene00015001,136,1130,1266
WBGene00015002,8,138,146
WBGene00015003,4,18,22
WBGene00015004,2,6,8
WBGene00015005,23,278,301
WBGene00015006,13,30,43
WBGene00015007,839,7360,8199
WBGene00015008,50,766,816
WBGene00015009,83,1210,1293
WBGene00015010,108,1094,1202
WBGene00015011,28,2675,2703
WBGene00015012,7,22,29
WBGene00015014,18,145,163
WBGene00015015,3,45,48
WBGene00015017,109,904,1013
WBGene00015018,7,5,12
WBGene00015019,24,149,173
WBGene00015020,23,13,36
WBGene00015021,421,4218,4639
WBGene00015022,972,5716,6688
WBGene00015023,55,555,610
WBGene00015024,3,3,6
WBGene00015025,506,6679,7185
WBGene00015026,3,4,7
WBGene00015027,38,161,199
WBGene00015028,9,40,49
WBGene00015029,32,959,991
WBGene00015030,2,4,6
WBGene00015031,0,1,1
WBGene00015032,2,17,19
WBGene00015033,133,207,340
WBGene00015034,4,5,9
WBGene00015035,40,71,111
WBGene00015036,1,20,21
WBGene00015037,44,157,201
WBGene00015038,30,240,270
WBGene00015040,0,26,26
WBGene00015041,14,39,53
WBGene00015042,1,6,7
WBGene00015043,20,276,296
WBGene00015044,11,81,92
WBGene00015045,8,14,22
WBGene00015046,42,276,318
WBGene00015047,65,1135,1200
WBGene00015048,15,392,407
WBGene00015049,1,29,30
WBGene00015050,7,49,56
WBGene00015051,1,4,5
WBGene00015052,0,10,10
WBGene00015053,6,229,235
WBGene00015054,5,6,11
WBGene00015055,65,193,258
WBGene00015056,22,235,257
WBGene00015057,11,400,411
WBGene00015058,3,444,447
WBGene00015059,31,3020,3051
WBGene00015061,4725,39494,44219
WBGene00015062,11,174,185
WBGene00015063,9,519,528
WBGene00015064,224,2463,2687
WBGene00015065,3,4,7
WBGene00015066,2,19,21
WBGene00015067,30,599,629
WBGene00015068,1,2,3
WBGene00015069,1,1,2
WBGene00015070,3,5,8
WBGene00015071,3,0,3
WBGene00015072,17,22,39
WBGene00015073,8,157,165
WBGene00015074,70,4738,4808
WBGene00015075,247,6712,6959
WBGene00015076,16,1028,1044
WBGene00015079,190,57,247
WBGene00015080,0,2,2
WBGene00015081,2,5,7
WBGene00015082,5,10,15
WBGene00015083,5,108,113
WBGene00015084,0,3,3
WBGene00015085,8,17,25
WBGene00015086,7,72,79
WBGene00015087,6,15,21
WBGene00015088,128,966,1094
WBGene00015089,13,15,28
WBGene00015091,144,1875,2019
WBGene00015092,331,8661,8992
WBGene00015093,1,5,6
WBGene00015094,11,24,35
WBGene00015095,54,646,700
WBGene00015096,581,3694,4275
WBGene00015097,13,88,101
WBGene00015098,14,122,136
WBGene00015099,417,2819,3236
WBGene00015100,1,2,3
WBGene00015101,19,1364,1383
WBGene00015102,1,68,69
WBGene00015103,10,328,338
WBGene00015104,30,3012,3042
WBGene00015105,241,915,1156
WBGene00015106,10,17,27
WBGene00015107,3,33,36
WBGene00015108,0,3,3
WBGene00015110,6,15,21
WBGene00015111,0,1,1
WBGene00015112,1,15,16
WBGene00015113,0,14,14
WBGene00015114,0,0,0
WBGene00015115,694,3382,4076
WBGene00015116,54,456,510
WBGene00015117,16,1081,1097
WBGene00015118,5,1,6
WBGene00015119,0,2,2
WBGene00015121,2,0,2
WBGene00015122,5,360,365
WBGene00015124,446,4090,4536
WBGene00015125,204,8235,8439
WBGene00015126,408,2469,2877
WBGene00015128,112,1695,1807
WBGene00015129,0,14,14
WBGene00015130,64,968,1032
WBGene00015131,35,197,232
WBGene00015132,32,399,431
WBGene00015133,277,12098,12375
WBGene00015134,15,302,317
WBGene00015135,124,624,748
WBGene00015136,8,133,141
WBGene00015137,297,8396,8693
WBGene00015138,44,451,495
WBGene00015139,183,190,373
WBGene00015141,49,536,585
WBGene00015142,5,84,89
WBGene00015143,37,2657,2694
WBGene00015145,145,1762,1907
WBGene00015146,81,1550,1631
WBGene00015147,33,624,657
WBGene00015148,1163,12992,14155
WBGene00015149,21,51,72
WBGene00015150,12,418,430
WBGene00015151,4,12,16
WBGene00015152,153,251,404
WBGene00015153,10,102,112
WBGene00015155,305,63,368
WBGene00015156,1055,3304,4359
WBGene00015157,74,2295,2369
WBGene00015158,82,542,624
WBGene00015159,407,1913,2320
WBGene00015160,55,2516,2571
WBGene00015161,30,540,570
WBGene00015162,275,2291,2566
WBGene00015163,21,4055,4076
WBGene00015164,113,2128,2241
WBGene00015165,3,27,30
WBGene00015167,1,122,123
WBGene00015168,323,33641,33964
WBGene00015169,12,179,191
WBGene00015170,2,0,2
WBGene00015171,47,615,662
WBGene00015172,7,969,976
WBGene00015173,898,1530,2428
WBGene00015175,1,11,12
WBGene00015176,161,2361,2522
WBGene00015177,404,4257,4661
WBGene00015178,0,0,0
WBGene00015179,12,123,135
WBGene00015180,2,19,21
WBGene00015181,43,4505,4548
WBGene00015182,16,56,72
WBGene00015183,7,18,25
WBGene00015184,112,1881,1993
WBGene00015185,560,4480,5040
WBGene00015186,431,4264,4695
WBGene00015188,46,296,342
WBGene00015189,145,50,195
WBGene00015190,0,248,248
WBGene00015191,72,448,520
WBGene00015192,4,7,11
WBGene00015193,0,1,1
WBGene00015194,72,446,518
WBGene00015196,24,109,133
WBGene00015197,17,232,249
WBGene00015198,0,6,6
WBGene00015199,5,6,11
WBGene00015200,40,540,580
WBGene00015202,141,2370,2511
WBGene00015203,248,3825,4073
WBGene00015204,31,1089,1120
WBGene00015205,459,5493,5952
WBGene00015206,116,3201,3317
WBGene00015207,574,2147,2721
WBGene00015208,405,6229,6634
WBGene00015210,39,281,320
WBGene00015211,20,178,198
WBGene00015214,11,19,30
WBGene00015215,4,26,30
WBGene00015216,88,559,647
WBGene00015217,29,1134,1163
WBGene00015218,35,286,321
WBGene00015219,199,2219,2418
WBGene00015220,2,86,88
WBGene00015221,0,3,3
WBGene00015222,1,1,2
WBGene00015223,3,7,10
WBGene00015224,0,3,3
WBGene00015225,10,9,19
WBGene00015226,1,3,4
WBGene00015227,1,32,33
WBGene00015228,155,874,1029
WBGene00015229,1,6,7
WBGene00015230,0,1,1
WBGene00015231,10,230,240
WBGene00015232,768,10921,11689
WBGene00015233,16,1602,1618
WBGene00015235,0,756,756
WBGene00015236,95,99,194
WBGene00015237,329,2067,2396
WBGene00015238,43,528,571
WBGene00015241,7,0,7
WBGene00015242,0,2,2
WBGene00015243,0,1,1
WBGene00015244,7,4,11
WBGene00015245,192,1034,1226
WBGene00015246,23,5,28
WBGene00015247,694,25,719
WBGene00015248,5645,67976,73621
WBGene00015249,453,1105,1558
WBGene00015250,285,640,925
WBGene00015251,82,2479,2561
WBGene00015252,3,5,8
WBGene00015253,0,0,0
WBGene00015254,0,0,0
WBGene00015255,0,1,1
WBGene00015257,6,0,6
WBGene00015258,2,25,27
WBGene00015259,0,3,3
WBGene00015260,5,7,12
WBGene00015261,0,31,31
WBGene00015262,44,66,110
WBGene00015263,89,565,654
WBGene00015264,81,212,293
WBGene00015265,1,31,32
WBGene00015266,117,1230,1347
WBGene00015267,80,1223,1303
WBGene00015268,519,716,1235
WBGene00015270,0,0,0
WBGene00015271,0,0,0
WBGene00015272,0,0,0
WBGene00015273,98,1,99
WBGene00015275,13,18,31
WBGene00015276,130,262,392
WBGene00015277,0,0,0
WBGene00015278,50,394,444
WBGene00015279,1,7,8
WBGene00015280,15,101,116
WBGene00015281,79,1174,1253
WBGene00015282,277,3105,3382
WBGene00015283,91,1495,1586
WBGene00015284,2,19,21
WBGene00015285,306,2654,2960
WBGene00015286,15,83,98
WBGene00015287,12,53,65
WBGene00015288,14,21,35
WBGene00015291,79,862,941
WBGene00015292,8,20,28
WBGene00015293,301,3424,3725
WBGene00015294,27,437,464
WBGene00015295,116,1077,1193
WBGene00015296,273,3911,4184
WBGene00015297,213,4137,4350
WBGene00015298,71,4308,4379
WBGene00015299,19,148,167
WBGene00015300,6,111,117
WBGene00015301,1437,1190,2627
WBGene00015303,270,617,887
WBGene00015305,1,3,4
WBGene00015306,3,2,5
WBGene00015307,33,234,267
WBGene00015308,81,1929,2010
WBGene00015309,18,98,116
WBGene00015310,37,627,664
WBGene00015311,4,33,37
WBGene00015312,5,91,96
WBGene00015313,12,656,668
WBGene00015315,0,0,0
WBGene00015316,6,0,6
WBGene00015317,0,0,0
WBGene00015318,3,3,6
WBGene00015320,3,64,67
WBGene00015321,0,3,3
WBGene00015322,9,721,730
WBGene00015323,10,71,81
WBGene00015324,18,559,577
WBGene00015325,0,0,0
WBGene00015326,75,8152,8227
WBGene00015327,41,921,962
WBGene00015328,534,2510,3044
WBGene00015329,156,6304,6460
WBGene00015330,172,2350,2522
WBGene00015331,0,0,0
WBGene00015332,31,593,624
WBGene00015333,9,26,35
WBGene00015334,128,612,740
WBGene00015335,34,193,227
WBGene00015336,42,2365,2407
WBGene00015337,1,21,22
WBGene00015338,2,1,3
WBGene00015339,149,2301,2450
WBGene00015340,75,679,754
WBGene00015341,0,0,0
WBGene00015342,1,0,1
WBGene00015344,144,5047,5191
WBGene00015345,4,5,9
WBGene00015346,104,5080,5184
WBGene00015347,102,1074,1176
WBGene00015348,0,6,6
WBGene00015349,211,711,922
WBGene00015350,162,2471,2633
WBGene00015351,6,76,82
WBGene00015352,223,2642,2865
WBGene00015353,22,372,394
WBGene00015354,216,13067,13283
WBGene00015355,26,144,170
WBGene00015356,956,14237,15193
WBGene00015357,11,220,231
WBGene00015358,41,5,46
WBGene00015359,13,198,211
WBGene00015360,2,5,7
WBGene00015361,12,4,16
WBGene00015362,21,90,111
WBGene00015364,27,83,110
WBGene00015366,2,0,2
WBGene00015367,0,1,1
WBGene00015368,0,1,1
WBGene00015369,0,1,1
WBGene00015370,0,0,0
WBGene00015371,0,0,0
WBGene00015372,0,1,1
WBGene00015373,15,59,74
WBGene00015374,0,14,14
WBGene00015375,2,31,33
WBGene00015376,3,34,37
WBGene00015377,3,73,76
WBGene00015378,20,218,238
WBGene00015379,0,4,4
WBGene00015380,0,9,9
WBGene00015381,3,12,15
WBGene00015382,2,38,40
WBGene00015385,0,0,0
WBGene00015386,232,68,300
WBGene00015387,35,79,114
WBGene00015388,1,1,2
WBGene00015389,11,61,72
WBGene00015390,40,384,424
WBGene00015391,368,11985,12353
WBGene00015392,0,392,392
WBGene00015393,664,12147,12811
WBGene00015394,0,2,2
WBGene00015395,7,52,59
WBGene00015396,25,243,268
WBGene00015397,2,37,39
WBGene00015398,3,3046,3049
WBGene00015399,1,0,1
WBGene00015400,19,101,120
WBGene00015401,10,20,30
WBGene00015402,195,1495,1690
WBGene00015403,1,61,62
WBGene00015404,132,3001,3133
WBGene00015405,232,3410,3642
WBGene00015406,1,3,4
WBGene00015407,55,2272,2327
WBGene00015408,14,348,362
WBGene00015409,5,25,30
WBGene00015410,167,978,1145
WBGene00015411,4,19,23
WBGene00015412,3,37,40
WBGene00015413,365,12740,13105
WBGene00015414,0,13,13
WBGene00015416,6,37,43
WBGene00015417,1,1,2
WBGene00015418,1400,6483,7883
WBGene00015419,3,18,21
WBGene00015420,0,0,0
WBGene00015421,0,0,0
WBGene00015422,3,12,15
WBGene00015423,18,908,926
WBGene00015424,17,367,384
WBGene00015425,241,2526,2767
WBGene00015426,0,16,16
WBGene00015427,45,622,667
WBGene00015428,7,6,13
WBGene00015429,122,1144,1266
WBGene00015430,55,871,926
WBGene00015431,78,343,421
WBGene00015433,8,183,191
WBGene00015434,105,732,837
WBGene00015435,3,1,4
WBGene00015437,1,25,26
WBGene00015438,8,0,8
WBGene00015442,26,115,141
WBGene00015444,25,15,40
WBGene00015446,0,5,5
WBGene00015447,1,7,8
WBGene00015448,2,9,11
WBGene00015449,11,143,154
WBGene00015450,22,1463,1485
WBGene00015451,90,605,695
WBGene00015453,5,16,21
WBGene00015454,27,1026,1053
WBGene00015455,523,537,1060
WBGene00015456,18,258,276
WBGene00015457,36,8,44
WBGene00015458,0,27,27
WBGene00015459,0,1,1
WBGene00015460,15,906,921
WBGene00015461,233,5911,6144
WBGene00015462,12,487,499
WBGene00015463,7,720,727
WBGene00015464,150,5751,5901
WBGene00015465,11,39,50
WBGene00015466,82,1113,1195
WBGene00015467,6,3,9
WBGene00015468,176,862,1038
WBGene00015469,21,102,123
WBGene00015470,24,1590,1614
WBGene00015471,39,108,147
WBGene00015472,169,2774,2943
WBGene00015473,327,156,483
WBGene00015474,80,2819,2899
WBGene00015476,74,378,452
WBGene00015477,330,7108,7438
WBGene00015478,108,574,682
WBGene00015479,16,59,75
WBGene00015480,123,531,654
WBGene00015481,123,5938,6061
WBGene00015483,118,1717,1835
WBGene00015484,735,3113,3848
WBGene00015485,272,339,611
WBGene00015486,130,1075,1205
WBGene00015487,51,8967,9018
WBGene00015488,147,1428,1575
WBGene00015489,11,59,70
WBGene00015491,1,2,3
WBGene00015492,15,1289,1304
WBGene00015493,3,6,9
WBGene00015494,90,602,692
WBGene00015495,0,144,144
WBGene00015496,12,78,90
WBGene00015497,21,47,68
WBGene00015499,180,1603,1783
WBGene00015500,20,128,148
WBGene00015501,292,3584,3876
WBGene00015504,145,732,877
WBGene00015505,16,119,135
WBGene00015507,306,2013,2319
WBGene00015508,117,1781,1898
WBGene00015509,204,1029,1233
WBGene00015510,95,4077,4172
WBGene00015511,9,77,86
WBGene00015512,545,4670,5215
WBGene00015513,78,1349,1427
WBGene00015514,1776,45915,47691
WBGene00015515,74,1509,1583
WBGene00015516,7,59,66
WBGene00015517,273,2114,2387
WBGene00015518,0,135,135
WBGene00015519,6,431,437
WBGene00015520,0,7,7
WBGene00015521,0,0,0
WBGene00015522,5,40,45
WBGene00015523,39,846,885
WBGene00015524,57,821,878
WBGene00015525,224,2899,3123
WBGene00015526,24,89,113
WBGene00015527,13,499,512
WBGene00015528,3,7,10
WBGene00015529,19,310,329
WBGene00015530,0,2,2
WBGene00015531,65,743,808
WBGene00015532,3,42,45
WBGene00015534,2,5,7
WBGene00015535,3,25,28
WBGene00015536,15,281,296
WBGene00015537,14,50,64
WBGene00015538,19,6212,6231
WBGene00015539,34,607,641
WBGene00015540,12,3572,3584
WBGene00015541,96,932,1028
WBGene00015544,46,59,105
WBGene00015545,21,474,495
WBGene00015546,1,139,140
WBGene00015547,124,7011,7135
WBGene00015549,9,124,133
WBGene00015551,910,7157,8067
WBGene00015552,63,2655,2718
WBGene00015553,506,5508,6014
WBGene00015554,35,890,925
WBGene00015555,573,3118,3691
WBGene00015557,51,461,512
WBGene00015558,10,341,351
WBGene00015559,122,401,523
WBGene00015560,6,511,517
WBGene00015561,232,2175,2407
WBGene00015564,0,28,28
WBGene00015565,369,6153,6522
WBGene00015566,56,696,752
WBGene00015567,100,1333,1433
WBGene00015568,11,102,113
WBGene00015569,13,599,612
WBGene00015570,9,80,89
WBGene00015572,1,0,1
WBGene00015573,3,1,4
WBGene00015574,1,13,14
WBGene00015576,23,541,564
WBGene00015577,77,475,552
WBGene00015578,2,2049,2051
WBGene00015579,0,0,0
WBGene00015580,567,2228,2795
WBGene00015581,598,5280,5878
WBGene00015582,6,122,128
WBGene00015583,4,4,8
WBGene00015586,5,225,230
WBGene00015587,0,5,5
WBGene00015588,1,8,9
WBGene00015589,0,12,12
WBGene00015590,18,284,302
WBGene00015591,27,611,638
WBGene00015592,94,47,141
WBGene00015593,3,8,11
WBGene00015595,0,0,0
WBGene00015598,2,0,2
WBGene00015599,0,0,0
WBGene00015600,1,1,2
WBGene00015601,16,0,16
WBGene00015602,0,0,0
WBGene00015604,0,0,0
WBGene00015605,21,594,615
WBGene00015606,14,0,14
WBGene00015607,0,0,0
WBGene00015608,0,19,19
WBGene00015609,1,56,57
WBGene00015610,0,3,3
WBGene00015611,0,203,203
WBGene00015613,0,15,15
WBGene00015615,1,116,117
WBGene00015618,52,65,117
WBGene00015619,702,6521,7223
WBGene00015620,15,188,203
WBGene00015621,77,1104,1181
WBGene00015622,13,44,57
WBGene00015623,562,15402,15964
WBGene00015624,14,227,241
WBGene00015625,12,99,111
WBGene00015626,9,64,73
WBGene00015627,0,0,0
WBGene00015628,0,0,0
WBGene00015629,1,9,10
WBGene00015630,12,18,30
WBGene00015631,8,60,68
WBGene00015632,258,3026,3284
WBGene00015633,342,2880,3222
WBGene00015634,3,33,36
WBGene00015635,71,1078,1149
WBGene00015636,0,7,7
WBGene00015637,0,3,3
WBGene00015638,33,539,572
WBGene00015639,13,34,47
WBGene00015641,217,1810,2027
WBGene00015642,147,530,677
WBGene00015644,91,865,956
WBGene00015645,12,229,241
WBGene00015646,29,310,339
WBGene00015647,98,1297,1395
WBGene00015648,552,1346,1898
WBGene00015649,74,28,102
WBGene00015650,545,2288,2833
WBGene00015651,442,308,750
WBGene00015652,0,0,0
WBGene00015653,0,0,0
WBGene00015655,0,0,0
WBGene00015656,3,0,3
WBGene00015658,650,1382,2032
WBGene00015659,0,1,1
WBGene00015660,5,99,104
WBGene00015661,0,1,1
WBGene00015662,5,11,16
WBGene00015663,7,2,9
WBGene00015664,6,220,226
WBGene00015665,3,15,18
WBGene00015666,37,95,132
WBGene00015667,5,9,14
WBGene00015668,1,7,8
WBGene00015670,91,154,245
WBGene00015671,7,299,306
WBGene00015672,5,19,24
WBGene00015673,77,844,921
WBGene00015674,12,179,191
WBGene00015675,26,9,35
WBGene00015676,23,2003,2026
WBGene00015677,40,187,227
WBGene00015678,629,1919,2548
WBGene00015679,30,177,207
WBGene00015680,528,4321,4849
WBGene00015681,6,14,20
WBGene00015682,19,8,27
WBGene00015683,2,16,18
WBGene00015684,332,5992,6324
WBGene00015685,1,0,1
WBGene00015686,182,230,412
WBGene00015687,276,19833,20109
WBGene00015688,0,5,5
WBGene00015689,0,8,8
WBGene00015690,1,3,4
WBGene00015691,138,1026,1164
WBGene00015692,72,374,446
WBGene00015693,38,323,361
WBGene00015694,10,10,20
WBGene00015695,71,938,1009
WBGene00015696,1,20,21
WBGene00015697,37,350,387
WBGene00015698,0,140,140
WBGene00015700,6,33,39
WBGene00015701,19,67,86
WBGene00015702,10,724,734
WBGene00015703,10,3524,3534
WBGene00015704,147,247,394
WBGene00015705,3,81,84
WBGene00015706,6,242,248
WBGene00015707,1,40,41
WBGene00015708,36,319,355
WBGene00015709,38,462,500
WBGene00015710,67,3429,3496
WBGene00015711,10,503,513
WBGene00015712,2,5,7
WBGene00015713,14,126,140
WBGene00015714,6,207,213
WBGene00015715,19,3,22
WBGene00015716,16,149,165
WBGene00015718,1,1,2
WBGene00015719,0,0,0
WBGene00015720,6,24,30
WBGene00015721,0,0,0
WBGene00015722,1,0,1
WBGene00015723,1,0,1
WBGene00015724,2,1,3
WBGene00015725,1,0,1
WBGene00015726,5,0,5
WBGene00015727,0,0,0
WBGene00015728,33,25,58
WBGene00015729,11,920,931
WBGene00015730,0,0,0
WBGene00015731,0,0,0
WBGene00015733,8,69,77
WBGene00015734,103,6465,6568
WBGene00015735,1094,3621,4715
WBGene00015736,0,14,14
WBGene00015737,0,1,1
WBGene00015738,3,1,4
WBGene00015739,16,37,53
WBGene00015740,171,2207,2378
WBGene00015741,647,6935,7582
WBGene00015742,91,680,771
WBGene00015743,120,1732,1852
WBGene00015744,138,502,640
WBGene00015745,15,308,323
WBGene00015746,47,2270,2317
WBGene00015747,155,353,508
WBGene00015748,22,195,217
WBGene00015750,12,122,134
WBGene00015751,55,101,156
WBGene00015752,71,3763,3834
WBGene00015753,47,258,305
WBGene00015754,207,2942,3149
WBGene00015755,2918,56231,59149
WBGene00015756,7,63,70
WBGene00015757,1,7,8
WBGene00015758,5,48,53
WBGene00015759,36,596,632
WBGene00015760,0,1,1
WBGene00015762,0,0,0
WBGene00015764,7,2,9
WBGene00015765,0,10,10
WBGene00015766,1,77,78
WBGene00015767,134,1059,1193
WBGene00015768,6,29,35
WBGene00015769,13,1436,1449
WBGene00015770,1,1,2
WBGene00015772,0,0,0
WBGene00015773,0,0,0
WBGene00015774,3,4,7
WBGene00015775,0,5,5
WBGene00015776,90,2474,2564
WBGene00015777,108,2867,2975
WBGene00015778,32,31950,31982
WBGene00015779,320,1938,2258
WBGene00015780,3,23,26
WBGene00015781,667,4873,5540
WBGene00015782,10,227,237
WBGene00015783,9,65,74
WBGene00015784,5,13,18
WBGene00015785,0,0,0
WBGene00015786,446,3710,4156
WBGene00015787,47,421,468
WBGene00015788,17,295,312
WBGene00015789,15,472,487
WBGene00015790,8,592,600
WBGene00015791,42,4116,4158
WBGene00015792,8,47,55
WBGene00015793,17,253,270
WBGene00015794,33,95,128
WBGene00015795,149,1794,1943
WBGene00015796,856,2686,3542
WBGene00015797,21,124,145
WBGene00015798,11,107,118
WBGene00015799,19,50,69
WBGene00015800,357,1864,2221
WBGene00015801,247,2061,2308
WBGene00015802,200,1204,1404
WBGene00015803,2719,29368,32087
WBGene00015805,32,943,975
WBGene00015806,39,1242,1281
WBGene00015807,19,413,432
WBGene00015809,420,6875,7295
WBGene00015810,17,13229,13246
WBGene00015811,62,10241,10303
WBGene00015813,478,6276,6754
WBGene00015814,213,5740,5953
WBGene00015815,151,832,983
WBGene00015816,18,148,166
WBGene00015817,217,2062,2279
WBGene00015818,2,123,125
WBGene00015819,0,192,192
WBGene00015820,1,12,13
WBGene00015821,2,1,3
WBGene00015822,57,62,119
WBGene00015823,0,2431,2431
WBGene00015824,11,274,285
WBGene00015825,0,0,0
WBGene00015827,0,0,0
WBGene00015828,0,0,0
WBGene00015829,0,2,2
WBGene00015830,0,3,3
WBGene00015832,0,1,1
WBGene00015833,0,0,0
WBGene00015834,0,1,1
WBGene00015835,0,1,1
WBGene00015836,0,0,0
WBGene00015837,0,0,0
WBGene00015838,0,3,3
WBGene00015839,2,2,4
WBGene00015841,37,72,109
WBGene00015842,3,65,68
WBGene00015843,60,209,269
WBGene00015845,0,2,2
WBGene00015846,1,0,1
WBGene00015847,0,0,0
WBGene00015848,0,0,0
WBGene00015849,12,203,215
WBGene00015850,3,50,53
WBGene00015851,11,8,19
WBGene00015852,50,108,158
WBGene00015853,38,468,506
WBGene00015854,1,1,2
WBGene00015855,4,16,20
WBGene00015856,0,2,2
WBGene00015857,105,992,1097
WBGene00015858,6,17,23
WBGene00015859,7,17,24
WBGene00015860,19,78,97
WBGene00015861,57,324,381
WBGene00015862,12,39,51
WBGene00015863,6,4,10
WBGene00015864,27,239,266
WBGene00015865,126,2404,2530
WBGene00015866,53,531,584
WBGene00015867,19,127,146
WBGene00015868,1274,3434,4708
WBGene00015869,0,1,1
WBGene00015870,0,1,1
WBGene00015871,0,0,0
WBGene00015872,0,0,0
WBGene00015873,0,1,1
WBGene00015875,0,0,0
WBGene00015877,1,3,4
WBGene00015878,2,5,7
WBGene00015879,2,4,6
WBGene00015882,1,5,6
WBGene00015883,5,1,6
WBGene00015884,1,11,12
WBGene00015885,17,932,949
WBGene00015886,0,47,47
WBGene00015887,52,3600,3652
WBGene00015888,0,0,0
WBGene00015889,5,7,12
WBGene00015890,5,186,191
WBGene00015891,5,20,25
WBGene00015892,1,0,1
WBGene00015893,0,8,8
WBGene00015894,615,20364,20979
WBGene00015895,0,0,0
WBGene00015896,0,90,90
WBGene00015897,99,508,607
WBGene00015898,5,0,5
WBGene00015899,1,1,2
WBGene00015900,14,113,127
WBGene00015901,23,249,272
WBGene00015902,4,19,23
WBGene00015903,0,0,0
WBGene00015904,0,2,2
WBGene00015905,0,5,5
WBGene00015906,3,9,12
WBGene00015907,0,1,1
WBGene00015908,3,15,18
WBGene00015909,0,0,0
WBGene00015910,2,16,18
WBGene00015911,1,2,3
WBGene00015912,1,52,53
WBGene00015913,216,1466,1682
WBGene00015914,40,79,119
WBGene00015915,85,1276,1361
WBGene00015916,256,3349,3605
WBGene00015917,4,12,16
WBGene00015918,67,183,250
WBGene00015919,19,346,365
WBGene00015920,618,11419,12037
WBGene00015921,85,193,278
WBGene00015922,62,671,733
WBGene00015924,2,0,2
WBGene00015925,106,138,244
WBGene00015926,473,1990,2463
WBGene00015927,290,4618,4908
WBGene00015928,109,1217,1326
WBGene00015929,11,15,26
WBGene00015930,7,81,88
WBGene00015931,1,10,11
WBGene00015932,0,5,5
WBGene00015933,17,110,127
WBGene00015934,75,975,1050
WBGene00015935,258,1002,1260
WBGene00015936,24,233,257
WBGene00015937,11,22,33
WBGene00015938,336,1826,2162
WBGene00015939,10,162,172
WBGene00015940,42,831,873
WBGene00015941,543,5427,5970
WBGene00015942,159,1646,1805
WBGene00015943,91,8856,8947
WBGene00015944,28,60,88
WBGene00015945,750,1239,1989
WBGene00015946,14,134,148
WBGene00015947,161,1860,2021
WBGene00015948,109,1113,1222
WBGene00015949,5,50,55
WBGene00015950,11,74,85
WBGene00015951,0,0,0
WBGene00015952,44,297,341
WBGene00015953,54,372,426
WBGene00015954,3248,35586,38834
WBGene00015955,58,2992,3050
WBGene00015956,26,247,273
WBGene00015957,29,194,223
WBGene00015958,1,1,2
WBGene00015959,0,0,0
WBGene00015960,1,0,1
WBGene00015961,2,0,2
WBGene00015962,1,2,3
WBGene00015963,37,273,310
WBGene00015964,98,73,171
WBGene00015965,19,118,137
WBGene00015966,170,1436,1606
WBGene00015968,39,36,75
WBGene00015969,59,334,393
WBGene00015970,7,43,50
WBGene00015971,305,2197,2502
WBGene00015972,222,1236,1458
WBGene00015973,0,13,13
WBGene00015974,246,94,340
WBGene00015975,21,1162,1183
WBGene00015976,91,972,1063
WBGene00015977,11,48,59
WBGene00015978,33,1898,1931
WBGene00015979,0,0,0
WBGene00015980,389,3018,3407
WBGene00015981,66,20,86
WBGene00015982,9,0,9
WBGene00015984,13,32,45
WBGene00015985,6,12,18
WBGene00015986,10,14,24
WBGene00015987,3,4,7
WBGene00015988,70,52,122
WBGene00015992,10,13,23
WBGene00015993,78,91,169
WBGene00015994,4,2,6
WBGene00015995,3,1,4
WBGene00015996,5,57,62
WBGene00015997,0,0,0
WBGene00015998,10,50,60
WBGene00015999,1,78,79
WBGene00016000,14,43,57
WBGene00016002,457,2463,2920
WBGene00016003,29,745,774
WBGene00016004,3,103,106
WBGene00016005,50,648,698
WBGene00016006,970,8799,9769
WBGene00016008,47,24,71
WBGene00016009,78,2893,2971
WBGene00016010,100,48,148
WBGene00016011,1155,8785,9940
WBGene00016012,38,759,797
WBGene00016013,9,124,133
WBGene00016014,84,2091,2175
WBGene00016015,142,3663,3805
WBGene00016016,0,17,17
WBGene00016017,0,7,7
WBGene00016018,250,1585,1835
WBGene00016019,26,1134,1160
WBGene00016020,257,1756,2013
WBGene00016021,94,1353,1447
WBGene00016022,22,670,692
WBGene00016023,3,53,56
WBGene00016024,45,406,451
WBGene00016025,30,281,311
WBGene00016027,36,194,230
WBGene00016028,56,2546,2602
WBGene00016029,245,149,394
WBGene00016030,30,720,750
WBGene00016032,258,70,328
WBGene00016033,56,25892,25948
WBGene00016034,14,133,147
WBGene00016037,262,41,303
WBGene00016038,0,393,393
WBGene00016039,2,153,155
WBGene00016040,5,1240,1245
WBGene00016041,580,200,780
WBGene00016042,27,33,60
WBGene00016043,9,6,15
WBGene00016044,286,591,877
WBGene00016045,131,1615,1746
WBGene00016046,0,76,76
WBGene00016047,3,5,8
WBGene00016048,17,809,826
WBGene00016049,14,15,29
WBGene00016050,2,2,4
WBGene00016051,0,2,2
WBGene00016052,6,93,99
WBGene00016053,19,89,108
WBGene00016054,1,3,4
WBGene00016055,144,2069,2213
WBGene00016056,1,39,40
WBGene00016057,217,7861,8078
WBGene00016058,0,6,6
WBGene00016059,270,1671,1941
WBGene00016060,254,1512,1766
WBGene00016061,19,118,137
WBGene00016062,159,7785,7944
WBGene00016063,4,9,13
WBGene00016064,22,68,90
WBGene00016066,50,108,158
WBGene00016067,49,1205,1254
WBGene00016068,114,845,959
WBGene00016069,17,652,669
WBGene00016070,6,37,43
WBGene00016071,13,97,110
WBGene00016072,74,74,148
WBGene00016073,270,7597,7867
WBGene00016074,38,646,684
WBGene00016075,3,3,6
WBGene00016077,1,2,3
WBGene00016081,362,940,1302
WBGene00016082,0,2,2
WBGene00016083,0,0,0
WBGene00016084,6,7,13
WBGene00016085,3,8,11
WBGene00016086,6,7,13
WBGene00016087,8,326,334
WBGene00016088,14,29,43
WBGene00016089,12,58,70
WBGene00016090,111,128,239
WBGene00016091,1,26,27
WBGene00016092,6,12,18
WBGene00016093,163,614,777
WBGene00016094,56,391,447
WBGene00016095,101,944,1045
WBGene00016096,3,219,222
WBGene00016097,28,1621,1649
WBGene00016099,63,608,671
WBGene00016100,17,479,496
WBGene00016101,20,800,820
WBGene00016102,14,784,798
WBGene00016103,277,5740,6017
WBGene00016104,119,1006,1125
WBGene00016105,1,26,27
WBGene00016106,25,610,635
WBGene00016107,16,73,89
WBGene00016108,28,59,87
WBGene00016109,29,253,282
WBGene00016110,14,101,115
WBGene00016111,27,613,640
WBGene00016112,96,540,636
WBGene00016113,72,2508,2580
WBGene00016114,73,1814,1887
WBGene00016115,1911,23010,24921
WBGene00016116,180,2778,2958
WBGene00016117,116,2199,2315
WBGene00016118,1338,28514,29852
WBGene00016119,253,3664,3917
WBGene00016120,163,769,932
WBGene00016121,125,1506,1631
WBGene00016123,95,793,888
WBGene00016124,102,1679,1781
WBGene00016125,2,52,54
WBGene00016126,5,108,113
WBGene00016128,14,1287,1301
WBGene00016129,151,5710,5861
WBGene00016130,4,95,99
WBGene00016131,101,550,651
WBGene00016132,1,6,7
WBGene00016133,45,1321,1366
WBGene00016134,20,125,145
WBGene00016135,26,249,275
WBGene00016136,3,13,16
WBGene00016137,1,11,12
WBGene00016138,157,2425,2582
WBGene00016139,80,973,1053
WBGene00016140,97,4031,4128
WBGene00016142,110,6688,6798
WBGene00016143,531,2054,2585
WBGene00016144,233,2641,2874
WBGene00016145,82,2928,3010
WBGene00016146,4,73,77
WBGene00016147,9,68,77
WBGene00016148,194,1844,2038
WBGene00016149,27,237,264
WBGene00016150,35,1606,1641
WBGene00016151,148,1902,2050
WBGene00016152,64,744,808
WBGene00016153,0,65,65
WBGene00016154,133,1469,1602
WBGene00016155,3,42,45
WBGene00016156,16,446,462
WBGene00016157,70,1591,1661
WBGene00016158,137,2272,2409
WBGene00016159,94,562,656
WBGene00016160,8,32,40
WBGene00016161,5,5,10
WBGene00016162,443,4822,5265
WBGene00016163,3,81,84
WBGene00016164,0,0,0
WBGene00016165,141,316,457
WBGene00016166,127,3789,3916
WBGene00016167,29,1832,1861
WBGene00016168,1,0,1
WBGene00016169,80,396,476
WBGene00016170,235,2996,3231
WBGene00016171,157,1583,1740
WBGene00016172,516,1641,2157
WBGene00016173,762,11688,12450
WBGene00016174,57,334,391
WBGene00016175,25,103,128
WBGene00016177,18,32,50
WBGene00016178,14,172,186
WBGene00016179,0,25,25
WBGene00016180,5,1151,1156
WBGene00016181,24,151,175
WBGene00016182,39,624,663
WBGene00016183,3,0,3
WBGene00016184,73,410,483
WBGene00016185,3,6,9
WBGene00016187,12,203,215
WBGene00016188,232,2180,2412
WBGene00016189,3,35,38
WBGene00016190,1,211,212
WBGene00016191,11,27,38
WBGene00016192,19,2542,2561
WBGene00016193,25,17,42
WBGene00016194,140,12601,12741
WBGene00016195,23,7241,7264
WBGene00016196,15,51,66
WBGene00016197,939,7840,8779
WBGene00016198,15,27,42
WBGene00016199,8,40,48
WBGene00016200,125,2238,2363
WBGene00016201,47,1782,1829
WBGene00016202,34,1567,1601
WBGene00016203,297,1424,1721
WBGene00016204,9,91,100
WBGene00016206,43,49,92
WBGene00016207,91,634,725
WBGene00016208,8,1284,1292
WBGene00016209,450,10166,10616
WBGene00016210,841,20600,21441
WBGene00016212,37,488,525
WBGene00016213,17,1,18
WBGene00016215,10,772,782
WBGene00016216,71,1092,1163
WBGene00016217,1,14,15
WBGene00016218,0,7,7
WBGene00016219,14,14,28
WBGene00016220,1,3,4
WBGene00016221,51,674,725
WBGene00016222,39,0,39
WBGene00016223,0,0,0
WBGene00016226,0,6,6
WBGene00016227,0,2,2
WBGene00016231,0,5,5
WBGene00016232,1,5,6
WBGene00016233,1,36,37
WBGene00016234,61,379,440
WBGene00016235,6,4025,4031
WBGene00016236,15,149,164
WBGene00016237,64,1155,1219
WBGene00016238,23,2823,2846
WBGene00016239,3,114,117
WBGene00016242,17,101,118
WBGene00016244,294,4046,4340
WBGene00016245,62,2238,2300
WBGene00016246,39,271,310
WBGene00016247,3,30,33
WBGene00016248,22,222,244
WBGene00016249,485,6830,7315
WBGene00016250,140,17154,17294
WBGene00016251,6,119,125
WBGene00016252,1,16,17
WBGene00016253,8,0,8
WBGene00016254,0,32,32
WBGene00016257,2,4,6
WBGene00016258,198,9128,9326
WBGene00016259,23,87,110
WBGene00016260,29,248,277
WBGene00016261,82,1239,1321
WBGene00016262,15,164,179
WBGene00016263,2,92,94
WBGene00016264,1001,7293,8294
WBGene00016265,10,109,119
WBGene00016266,2189,11999,14188
WBGene00016268,17,32,49
WBGene00016269,545,4864,5409
WBGene00016271,45183,1,45184
WBGene00016273,7,25,32
WBGene00016274,1,49,50
WBGene00016275,2,34,36
WBGene00016276,18,381,399
WBGene00016277,15,142,157
WBGene00016278,278,2659,2937
WBGene00016279,1,5,6
WBGene00016281,11,6,17
WBGene00016282,28,303,331
WBGene00016283,10,167,177
WBGene00016284,6,0,6
WBGene00016285,2,0,2
WBGene00016286,17,12,29
WBGene00016287,4,12,16
WBGene00016288,10,29,39
WBGene00016289,6746,17193,23939
WBGene00016291,12,97,109
WBGene00016292,388,1757,2145
WBGene00016293,38,357,395
WBGene00016294,38,117,155
WBGene00016295,39,247,286
WBGene00016297,1,0,1
WBGene00016298,0,5,5
WBGene00016299,1,0,1
WBGene00016300,8,5,13
WBGene00016302,2,1,3
WBGene00016303,1,18,19
WBGene00016306,0,2,2
WBGene00016307,0,1,1
WBGene00016308,2,18,20
WBGene00016309,0,3,3
WBGene00016310,94,907,1001
WBGene00016311,72,1912,1984
WBGene00016312,2,8,10
WBGene00016313,40,1304,1344
WBGene00016314,9,182,191
WBGene00016315,59,712,771
WBGene00016316,338,12505,12843
WBGene00016317,31,935,966
WBGene00016318,200,1742,1942
WBGene00016319,63,1347,1410
WBGene00016320,4,8,12
WBGene00016321,644,6233,6877
WBGene00016322,2,8,10
WBGene00016323,326,2477,2803
WBGene00016324,59,107,166
WBGene00016325,269,5039,5308
WBGene00016326,284,3671,3955
WBGene00016327,2,3,5
WBGene00016328,51,164,215
WBGene00016329,4,22,26
WBGene00016330,408,2878,3286
WBGene00016331,183,2490,2673
WBGene00016332,10,236,246
WBGene00016333,710,8532,9242
WBGene00016334,5,4,9
WBGene00016335,10,18,28
WBGene00016336,0,1,1
WBGene00016337,0,2,2
WBGene00016339,0,1,1
WBGene00016340,19,22,41
WBGene00016341,17,1224,1241
WBGene00016342,14,1670,1684
WBGene00016343,180,868,1048
WBGene00016344,35,302,337
WBGene00016345,5,178,183
WBGene00016346,0,49,49
WBGene00016347,6,1,7
WBGene00016348,1,1,2
WBGene00016349,0,79,79
WBGene00016350,0,5,5
WBGene00016351,0,0,0
WBGene00016352,49,466,515
WBGene00016353,2,95,97
WBGene00016354,892,1873,2765
WBGene00016355,111,1303,1414
WBGene00016356,4,10,14
WBGene00016357,0,0,0
WBGene00016358,0,0,0
WBGene00016359,4,643,647
WBGene00016360,26,257,283
WBGene00016361,2,11,13
WBGene00016362,339,47300,47639
WBGene00016363,12,56,68
WBGene00016364,71,521,592
WBGene00016365,16,172,188
WBGene00016366,12,187,199
WBGene00016367,10,117,127
WBGene00016368,26,227,253
WBGene00016369,0,5,5
WBGene00016370,2,1,3
WBGene00016371,1,3,4
WBGene00016373,25,152,177
WBGene00016374,137,2250,2387
WBGene00016375,6,906,912
WBGene00016376,16,1041,1057
WBGene00016378,170,1862,2032
WBGene00016379,14,390,404
WBGene00016380,51,1225,1276
WBGene00016381,35,643,678
WBGene00016382,0,3,3
WBGene00016383,51,1095,1146
WBGene00016384,219,2750,2969
WBGene00016386,46,52,98
WBGene00016387,76,1155,1231
WBGene00016388,1,1,2
WBGene00016389,0,9,9
WBGene00016390,33,1151,1184
WBGene00016391,298,4428,4726
WBGene00016392,16,616,632
WBGene00016393,581,32506,33087
WBGene00016394,87,109,196
WBGene00016395,1331,13548,14879
WBGene00016396,353,925,1278
WBGene00016397,59,284,343
WBGene00016398,3,21,24
WBGene00016399,0,1,1
WBGene00016400,184,2294,2478
WBGene00016402,7,64,71
WBGene00016403,350,998,1348
WBGene00016404,107,931,1038
WBGene00016405,497,7557,8054
WBGene00016406,65,957,1022
WBGene00016407,892,1943,2835
WBGene00016408,189,2478,2667
WBGene00016409,124,1446,1570
WBGene00016410,9,42,51
WBGene00016411,84,4326,4410
WBGene00016412,87,3886,3973
WBGene00016413,3,2,5
WBGene00016414,1,6,7
WBGene00016415,640,6019,6659
WBGene00016416,12,115,127
WBGene00016417,94,740,834
WBGene00016418,249,704,953
WBGene00016419,46,801,847
WBGene00016420,0,5,5
WBGene00016421,20,291,311
WBGene00016422,85,9636,9721
WBGene00016423,189,1361,1550
WBGene00016424,12,69,81
WBGene00016425,1,13,14
WBGene00016427,284,321,605
WBGene00016428,67,853,920
WBGene00016429,18,247,265
WBGene00016430,5,1,6
WBGene00016431,21,52,73
WBGene00016432,2501,3067,5568
WBGene00016433,0,1,1
WBGene00016434,0,7,7
WBGene00016435,335,7276,7611
WBGene00016436,15,176,191
WBGene00016437,12,2,14
WBGene00016438,60,833,893
WBGene00016439,132,2518,2650
WBGene00016440,0,31,31
WBGene00016441,7,32,39
WBGene00016442,49,3042,3091
WBGene00016443,100,1065,1165
WBGene00016444,158,765,923
WBGene00016445,50,168,218
WBGene00016446,59,2502,2561
WBGene00016447,0,1,1
WBGene00016448,56,485,541
WBGene00016449,21,4584,4605
WBGene00016450,2,25,27
WBGene00016451,0,5,5
WBGene00016452,230,2417,2647
WBGene00016453,8,163,171
WBGene00016454,44,594,638
WBGene00016455,2,16,18
WBGene00016456,6,2005,2011
WBGene00016457,0,88,88
WBGene00016458,104,1910,2014
WBGene00016459,4,15,19
WBGene00016460,7,100,107
WBGene00016461,15,35,50
WBGene00016462,4,37,41
WBGene00016463,14,988,1002
WBGene00016464,3,29,32
WBGene00016465,0,10,10
WBGene00016466,6,96,102
WBGene00016467,17,316,333
WBGene00016468,16,35,51
WBGene00016469,82,1954,2036
WBGene00016471,4,9,13
WBGene00016472,0,1,1
WBGene00016473,0,1,1
WBGene00016474,0,0,0
WBGene00016475,1,2,3
WBGene00016476,5,2,7
WBGene00016477,3,7,10
WBGene00016479,1,0,1
WBGene00016480,0,2,2
WBGene00016481,0,2,2
WBGene00016483,1,6,7
WBGene00016484,1,0,1
WBGene00016485,1,0,1
WBGene00016486,0,4,4
WBGene00016487,2,3,5
WBGene00016488,15,39,54
WBGene00016489,360,2824,3184
WBGene00016490,113,1432,1545
WBGene00016491,17,26,43
WBGene00016492,54,540,594
WBGene00016493,57976,405439,463415
WBGene00016494,380,5756,6136
WBGene00016495,20,967,987
WBGene00016496,617,20239,20856
WBGene00016497,8,83,91
WBGene00016499,99,222,321
WBGene00016500,37,1207,1244
WBGene00016501,32,786,818
WBGene00016502,0,22,22
WBGene00016503,8,269,277
WBGene00016504,13,928,941
WBGene00016505,6,811,817
WBGene00016506,44,270,314
WBGene00016507,118,1130,1248
WBGene00016508,543,6129,6672
WBGene00016509,383,16757,17140
WBGene00016511,498,7655,8153
WBGene00016512,23,44,67
WBGene00016513,35,2118,2153
WBGene00016514,43,129,172
WBGene00016517,2,46,48
WBGene00016518,22,18,40
WBGene00016519,3,4,7
WBGene00016520,360,150,510
WBGene00016521,4,20,24
WBGene00016522,25,262,287
WBGene00016523,11,20,31
WBGene00016524,149,772,921
WBGene00016525,4,5,9
WBGene00016527,4,5,9
WBGene00016528,2,0,2
WBGene00016529,0,3,3
WBGene00016530,47,696,743
WBGene00016531,304,2748,3052
WBGene00016532,24,402,426
WBGene00016533,90,1791,1881
WBGene00016534,7,63,70
WBGene00016535,14,1142,1156
WBGene00016537,0,4,4
WBGene00016538,83,357,440
WBGene00016539,535,2349,2884
WBGene00016540,139,458,597
WBGene00016541,0,1,1
WBGene00016542,35,108,143
WBGene00016543,10,32,42
WBGene00016544,0,12,12
WBGene00016545,10,99,109
WBGene00016546,23,125,148
WBGene00016547,9,379,388
WBGene00016548,6,3,9
WBGene00016549,8,178,186
WBGene00016550,3,4,7
WBGene00016551,0,6,6
WBGene00016554,0,0,0
WBGene00016555,1,12,13
WBGene00016556,0,2,2
WBGene00016557,0,1,1
WBGene00016558,19,195,214
WBGene00016559,45,449,494
WBGene00016561,688,1322,2010
WBGene00016562,2377,7068,9445
WBGene00016564,30,799,829
WBGene00016565,0,48,48
WBGene00016566,103,1031,1134
WBGene00016567,8,364,372
WBGene00016568,144,870,1014
WBGene00016570,65,698,763
WBGene00016571,2,3,5
WBGene00016572,12,1,13
WBGene00016573,6,502,508
WBGene00016574,10,886,896
WBGene00016575,0,334,334
WBGene00016576,5,747,752
WBGene00016577,0,1,1
WBGene00016578,0,3,3
WBGene00016579,38,222,260
WBGene00016580,72,196,268
WBGene00016581,0,199,199
WBGene00016582,61,989,1050
WBGene00016583,28,3019,3047
WBGene00016585,39,104,143
WBGene00016586,1,140,141
WBGene00016587,12,25,37
WBGene00016588,333,3449,3782
WBGene00016589,95,1284,1379
WBGene00016590,152,1300,1452
WBGene00016591,31,1463,1494
WBGene00016592,52,385,437
WBGene00016594,46,1947,1993
WBGene00016595,4,26,30
WBGene00016596,7,617,624
WBGene00016597,1,2,3
WBGene00016598,1,8,9
WBGene00016599,23,31,54
WBGene00016600,39,71,110
WBGene00016601,364,5957,6321
WBGene00016602,50,613,663
WBGene00016603,528,4288,4816
WBGene00016605,7,53,60
WBGene00016606,220,1709,1929
WBGene00016607,302,5767,6069
WBGene00016608,96,1018,1114
WBGene00016609,91,437,528
WBGene00016610,236,1491,1727
WBGene00016611,729,8896,9625
WBGene00016612,16,66,82
WBGene00016613,44,236,280
WBGene00016614,110,1011,1121
WBGene00016616,37,1306,1343
WBGene00016617,79,821,900
WBGene00016619,39,389,428
WBGene00016620,118,1252,1370
WBGene00016621,96,856,952
WBGene00016622,51,2036,2087
WBGene00016623,90,989,1079
WBGene00016624,726,4375,5101
WBGene00016625,16,120,136
WBGene00016626,133,2553,2686
WBGene00016627,5,17,22
WBGene00016628,151,682,833
WBGene00016629,70,1339,1409
WBGene00016630,641,47706,48347
WBGene00016631,85,475,560
WBGene00016632,65,183,248
WBGene00016633,25,475,500
WBGene00016634,84,673,757
WBGene00016635,52,8427,8479
WBGene00016636,0,7,7
WBGene00016637,37,244,281
WBGene00016638,1,3,4
WBGene00016639,31,31,62
WBGene00016641,78,4596,4674
WBGene00016642,58,811,869
WBGene00016643,138,1729,1867
WBGene00016644,8,450,458
WBGene00016645,69,2293,2362
WBGene00016646,0,0,0
WBGene00016647,0,0,0
WBGene00016648,0,0,0
WBGene00016649,0,0,0
WBGene00016650,914,11826,12740
WBGene00016652,92,621,713
WBGene00016653,125,21448,21573
WBGene00016654,280,740,1020
WBGene00016655,363,5869,6232
WBGene00016657,43,314,357
WBGene00016658,0,2,2
WBGene00016659,25,1292,1317
WBGene00016660,0,5,5
WBGene00016661,193,1184,1377
WBGene00016662,0,32,32
WBGene00016663,48,662,710
WBGene00016664,19,272,291
WBGene00016665,1,3,4
WBGene00016667,32,535,567
WBGene00016668,2,0,2
WBGene00016669,0,1,1
WBGene00016670,11,18,29
WBGene00016671,6,405,411
WBGene00016673,8,7,15
WBGene00016674,25,1025,1050
WBGene00016675,0,0,0
WBGene00016676,24,1205,1229
WBGene00016677,86,1883,1969
WBGene00016678,233,1516,1749
WBGene00016679,3,107,110
WBGene00016680,1,0,1
WBGene00016681,0,1,1
WBGene00016682,21,61,82
WBGene00016683,73,142,215
WBGene00016684,43,2567,2610
WBGene00016685,1,0,1
WBGene00016686,1,3,4
WBGene00016687,1,0,1
WBGene00016689,1,1,2
WBGene00016690,0,0,0
WBGene00016691,2,0,2
WBGene00016692,3,5,8
WBGene00016693,3,1,4
WBGene00016694,0,0,0
WBGene00016695,1,6,7
WBGene00016696,4,19,23
WBGene00016697,5,31,36
WBGene00016698,7,3,10
WBGene00016699,0,8,8
WBGene00016700,9,30,39
WBGene00016701,5,94,99
WBGene00016702,77,802,879
WBGene00016703,15,735,750
WBGene00016704,93,910,1003
WBGene00016705,36,107,143
WBGene00016706,104,6792,6896
WBGene00016707,0,4,4
WBGene00016708,0,0,0
WBGene00016709,0,0,0
WBGene00016710,31,1006,1037
WBGene00016711,3,52,55
WBGene00016712,0,1,1
WBGene00016713,0,0,0
WBGene00016714,12,43,55
WBGene00016716,2677,13142,15819
WBGene00016717,1,7,8
WBGene00016718,1,0,1
WBGene00016719,1,8,9
WBGene00016720,0,0,0
WBGene00016721,30,270,300
WBGene00016722,8016,25548,33564
WBGene00016724,7,29,36
WBGene00016725,128,386,514
WBGene00016727,15,2,17
WBGene00016728,5,75,80
WBGene00016729,0,14,14
WBGene00016730,41,195,236
WBGene00016731,2,27,29
WBGene00016732,3,49,52
WBGene00016733,47,1299,1346
WBGene00016734,73,1757,1830
WBGene00016735,110,1695,1805
WBGene00016736,0,5,5
WBGene00016738,0,359,359
WBGene00016739,513,10910,11423
WBGene00016740,42,1579,1621
WBGene00016741,69,1191,1260
WBGene00016742,28,24,52
WBGene00016743,12,13,25
WBGene00016744,91,472,563
WBGene00016745,1,180,181
WBGene00016746,859,17740,18599
WBGene00016747,32,119,151
WBGene00016748,33,144,177
WBGene00016749,274,5498,5772
WBGene00016750,78,1657,1735
WBGene00016751,359,2232,2591
WBGene00016752,0,41,41
WBGene00016753,3,1,4
WBGene00016754,320,4450,4770
WBGene00016755,0,9,9
WBGene00016756,5,7,12
WBGene00016757,10,31,41
WBGene00016758,4,58,62
WBGene00016759,6,59,65
WBGene00016760,3,56,59
WBGene00016761,11,78,89
WBGene00016762,14,189,203
WBGene00016763,19,666,685
WBGene00016764,161,1399,1560
WBGene00016765,3,7,10
WBGene00016766,2,695,697
WBGene00016767,5,266,271
WBGene00016768,68,413,481
WBGene00016769,37,123,160
WBGene00016770,1,3,4
WBGene00016772,3,15,18
WBGene00016773,1,0,1
WBGene00016775,0,0,0
WBGene00016776,0,0,0
WBGene00016777,1,1,2
WBGene00016778,8,1,9
WBGene00016779,0,2,2
WBGene00016781,80,40735,40815
WBGene00016782,2,374,376
WBGene00016783,23,136,159
WBGene00016785,4,2,6
WBGene00016786,2,4,6
WBGene00016788,352,1567,1919
WBGene00016789,1,32,33
WBGene00016790,965,19853,20818
WBGene00016791,63,757,820
WBGene00016792,284,2800,3084
WBGene00016793,107,2681,2788
WBGene00016794,119,1745,1864
WBGene00016795,0,19,19
WBGene00016796,59,182,241
WBGene00016797,147,118,265
WBGene00016798,0,0,0
WBGene00016799,19,146,165
WBGene00016800,8,59,67
WBGene00016801,23,1116,1139
WBGene00016803,26,2109,2135
WBGene00016804,0,11,11
WBGene00016805,3,42,45
WBGene00016806,3,285,288
WBGene00016807,0,0,0
WBGene00016808,137,8083,8220
WBGene00016809,48,572,620
WBGene00016810,37,866,903
WBGene00016811,131,1056,1187
WBGene00016812,120,1215,1335
WBGene00016813,1,0,1
WBGene00016814,0,3,3
WBGene00016815,1,2,3
WBGene00016816,116,729,845
WBGene00016817,35,358,393
WBGene00016818,2,9,11
WBGene00016819,0,0,0
WBGene00016820,0,11,11
WBGene00016821,0,1,1
WBGene00016822,1,0,1
WBGene00016823,1,0,1
WBGene00016824,0,5,5
WBGene00016825,3,9,12
WBGene00016826,10,1,11
WBGene00016827,1,1,2
WBGene00016828,27,10,37
WBGene00016829,2,0,2
WBGene00016830,5,7,12
WBGene00016831,3,3,6
WBGene00016832,1,6,7
WBGene00016833,2,7,9
WBGene00016834,5,6,11
WBGene00016835,151,286,437
WBGene00016836,205,1302,1507
WBGene00016837,179,4061,4240
WBGene00016838,1512,4161,5673
WBGene00016839,2,10,12
WBGene00016840,201,1538,1739
WBGene00016841,132,1337,1469
WBGene00016842,10,207,217
WBGene00016843,2,6,8
WBGene00016844,159,5482,5641
WBGene00016845,3,46,49
WBGene00016846,316,3055,3371
WBGene00016847,3,31,34
WBGene00016848,56,308,364
WBGene00016849,29,318,347
WBGene00016850,1,134,135
WBGene00016852,0,21,21
WBGene00016853,1,2,3
WBGene00016855,1,96,97
WBGene00016856,0,4,4
WBGene00016857,0,3,3
WBGene00016858,8,14,22
WBGene00016859,0,3,3
WBGene00016860,58,564,622
WBGene00016862,151,852,1003
WBGene00016863,4,11,15
WBGene00016864,0,5,5
WBGene00016865,46,23,69
WBGene00016866,78,292,370
WBGene00016867,68,1845,1913
WBGene00016868,46,2119,2165
WBGene00016869,7,124,131
WBGene00016870,0,1,1
WBGene00016871,379,2395,2774
WBGene00016872,7,108,115
WBGene00016873,66,2,68
WBGene00016874,4,19,23
WBGene00016877,18,41,59
WBGene00016879,191,1465,1656
WBGene00016880,0,4,4
WBGene00016881,0,0,0
WBGene00016882,0,0,0
WBGene00016883,0,5,5
WBGene00016884,0,2,2
WBGene00016885,0,0,0
WBGene00016886,0,0,0
WBGene00016888,809,6502,7311
WBGene00016889,312,4099,4411
WBGene00016890,38,260,298
WBGene00016891,6,41,47
WBGene00016892,30,2007,2037
WBGene00016893,2,2,4
WBGene00016894,4,530,534
WBGene00016895,0,0,0
WBGene00016896,24,171,195
WBGene00016898,117,693,810
WBGene00016899,29,83,112
WBGene00016900,50,76,126
WBGene00016901,0,2,2
WBGene00016902,748,2190,2938
WBGene00016903,70,1369,1439
WBGene00016904,4,9,13
WBGene00016905,183,1227,1410
WBGene00016906,66,504,570
WBGene00016907,33,8635,8668
WBGene00016909,40,128,168
WBGene00016910,0,0,0
WBGene00016911,43,898,941
WBGene00016912,3,90,93
WBGene00016913,276,11897,12173
WBGene00016914,17,202,219
WBGene00016915,4,11,15
WBGene00016916,25,835,860
WBGene00016917,7,66,73
WBGene00016918,3530,23658,27188
WBGene00016919,176,528,704
WBGene00016920,84,685,769
WBGene00016921,9,47,56
WBGene00016922,9,22,31
WBGene00016923,179,2964,3143
WBGene00016924,797,1549,2346
WBGene00016925,4,8,12
WBGene00016926,1,29,30
WBGene00016927,0,13,13
WBGene00016928,7,17,24
WBGene00016929,1,6,7
WBGene00016930,49,189,238
WBGene00016931,12,34,46
WBGene00016932,64,83,147
WBGene00016933,9,56,65
WBGene00016934,136,5054,5190
WBGene00016935,51,380,431
WBGene00016937,54,1238,1292
WBGene00016938,32,92,124
WBGene00016939,5,34,39
WBGene00016940,2,0,2
WBGene00016941,16,8,24
WBGene00016942,20,133,153
WBGene00016943,1405,18472,19877
WBGene00016944,65,1301,1366
WBGene00016945,23,131,154
WBGene00016946,1,2,3
WBGene00016947,21,191,212
WBGene00016948,1,5,6
WBGene00016949,3,0,3
WBGene00016950,1,0,1
WBGene00016951,31,104,135
WBGene00016953,10,9,19
WBGene00016954,2,2,4
WBGene00016955,211,1122,1333
WBGene00016956,6,6,12
WBGene00016957,180,379,559
WBGene00016958,67,555,622
WBGene00016959,2,0,2
WBGene00016960,55,588,643
WBGene00016961,400,9451,9851
WBGene00016962,7,263,270
WBGene00016963,3,38,41
WBGene00016964,155,1422,1577
WBGene00016965,71,598,669
WBGene00016966,79,989,1068
WBGene00016967,5,709,714
WBGene00016968,30,355,385
WBGene00016970,111,153,264
WBGene00016971,28,1025,1053
WBGene00016972,12,37,49
WBGene00016973,17,187,204
WBGene00016974,25,545,570
WBGene00016975,154,1067,1221
WBGene00016976,138,243,381
WBGene00016977,1737,16709,18446
WBGene00016978,101,1533,1634
WBGene00016979,27,451,478
WBGene00016980,2,18,20
WBGene00016981,66,5232,5298
WBGene00016982,22,153,175
WBGene00016983,43,748,791
WBGene00016984,192,277,469
WBGene00016985,2,9,11
WBGene00016987,68,7664,7732
WBGene00016988,347,5123,5470
WBGene00016989,195,2426,2621
WBGene00016990,87,3201,3288
WBGene00016991,49,11,60
WBGene00016992,36,681,717
WBGene00016993,35,321,356
WBGene00016995,70,2377,2447
WBGene00016996,148,1431,1579
WBGene00016997,75,12519,12594
WBGene00016998,34,381,415
WBGene00016999,22,227,249
WBGene00017000,15,168,183
WBGene00017001,8,15,23
WBGene00017002,3,654,657
WBGene00017003,35,1001,1036
WBGene00017004,105,2836,2941
WBGene00017005,3,236,239
WBGene00017006,7,2,9
WBGene00017007,131,529,660
WBGene00017009,16,240,256
WBGene00017010,73,521,594
WBGene00017011,18,1857,1875
WBGene00017012,47,110,157
WBGene00017013,44,301,345
WBGene00017014,34,572,606
WBGene00017015,153,151,304
WBGene00017016,2086,5361,7447
WBGene00017017,145,684,829
WBGene00017018,50,1091,1141
WBGene00017019,1,0,1
WBGene00017020,3,7,10
WBGene00017021,1,1,2
WBGene00017022,9,143,152
WBGene00017023,18,1700,1718
WBGene00017024,7,14,21
WBGene00017025,143,1888,2031
WBGene00017026,8,7,15
WBGene00017027,8,55,63
WBGene00017028,153,573,726
WBGene00017029,0,3,3
WBGene00017030,5,1,6
WBGene00017031,113,911,1024
WBGene00017032,12,273,285
WBGene00017033,7,92,99
WBGene00017034,6,4,10
WBGene00017036,19,486,505
WBGene00017037,232,1659,1891
WBGene00017038,255,360,615
WBGene00017039,71,287,358
WBGene00017040,16,21,37
WBGene00017041,102,364,466
WBGene00017042,80,998,1078
WBGene00017044,155,6512,6667
WBGene00017045,253,2459,2712
WBGene00017046,80,899,979
WBGene00017048,30,133,163
WBGene00017050,69,120,189
WBGene00017051,17,126,143
WBGene00017052,4,10,14
WBGene00017053,170,1483,1653
WBGene00017054,238,4564,4802
WBGene00017055,0,0,0
WBGene00017056,0,1,1
WBGene00017057,1,0,1
WBGene00017058,0,0,0
WBGene00017059,0,0,0
WBGene00017060,457,46185,46642
WBGene00017061,48,33,81
WBGene00017062,154,2096,2250
WBGene00017063,52,221,273
WBGene00017064,72,2434,2506
WBGene00017065,1314,34783,36097
WBGene00017066,510,2885,3395
WBGene00017067,149,224,373
WBGene00017068,50,1721,1771
WBGene00017069,70,538,608
WBGene00017070,67,4687,4754
WBGene00017071,14,45,59
WBGene00017072,54,118,172
WBGene00017073,11,139,150
WBGene00017074,56,840,896
WBGene00017075,346,62834,63180
WBGene00017076,147,1173,1320
WBGene00017077,87,151,238
WBGene00017078,3,71,74
WBGene00017079,18,510,528
WBGene00017080,548,794,1342
WBGene00017082,184,4960,5144
WBGene00017083,32,44,76
WBGene00017084,819,1999,2818
WBGene00017085,464,5830,6294
WBGene00017087,76,752,828
WBGene00017088,482,5820,6302
WBGene00017089,2,79,81
WBGene00017090,3,3,6
WBGene00017091,2,2,4
WBGene00017092,1,2,3
WBGene00017093,0,5,5
WBGene00017094,0,0,0
WBGene00017095,3,1,4
WBGene00017096,1,11,12
WBGene00017097,21,1,22
WBGene00017098,734,11198,11932
WBGene00017099,0,0,0
WBGene00017100,4,11,15
WBGene00017101,28,226,254
WBGene00017102,5,12,17
WBGene00017103,0,6,6
WBGene00017104,33,1,34
WBGene00017105,0,0,0
WBGene00017106,1,8,9
WBGene00017107,1,31,32
WBGene00017108,12,87,99
WBGene00017109,2,0,2
WBGene00017110,3,0,3
WBGene00017111,3,0,3
WBGene00017112,0,19,19
WBGene00017113,9,17,26
WBGene00017114,0,1,1
WBGene00017115,0,1,1
WBGene00017116,0,3,3
WBGene00017119,318,14652,14970
WBGene00017120,77,450,527
WBGene00017121,3628,177571,181199
WBGene00017122,12,47,59
WBGene00017123,24,383,407
WBGene00017124,32,251,283
WBGene00017125,138,2270,2408
WBGene00017126,52,744,796
WBGene00017127,897,8575,9472
WBGene00017128,487,6951,7438
WBGene00017129,20,317,337
WBGene00017130,2,2,4
WBGene00017131,2,20,22
WBGene00017132,321,3603,3924
WBGene00017133,12,142,154
WBGene00017134,4,70,74
WBGene00017135,0,93,93
WBGene00017136,10,383,393
WBGene00017137,13,1091,1104
WBGene00017138,192,2849,3041
WBGene00017139,3,16,19
WBGene00017140,0,49,49
WBGene00017141,0,17,17
WBGene00017142,7,349,356
WBGene00017143,4,85,89
WBGene00017144,77,1121,1198
WBGene00017146,45,65,110
WBGene00017147,56,734,790
WBGene00017148,1,34,35
WBGene00017149,1344,57846,59190
WBGene00017150,5,454,459
WBGene00017151,12,51,63
WBGene00017152,0,0,0
WBGene00017153,0,66,66
WBGene00017154,42,1375,1417
WBGene00017156,135,212,347
WBGene00017157,203,529,732
WBGene00017158,86,1810,1896
WBGene00017159,496,5426,5922
WBGene00017160,227,2915,3142
WBGene00017161,276,2228,2504
WBGene00017162,244,3707,3951
WBGene00017163,209,3156,3365
WBGene00017164,42,418,460
WBGene00017165,548,1367,1915
WBGene00017166,614,18668,19282
WBGene00017168,0,96,96
WBGene00017169,26,1309,1335
WBGene00017170,152,342,494
WBGene00017172,0,1,1
WBGene00017173,6,1,7
WBGene00017174,3,30,33
WBGene00017175,2,1,3
WBGene00017176,18,164,182
WBGene00017177,0,1,1
WBGene00017178,59,829,888
WBGene00017179,4,5,9
WBGene00017180,71,375,446
WBGene00017181,3,0,3
WBGene00017182,0,0,0
WBGene00017183,0,0,0
WBGene00017184,101,1062,1163
WBGene00017185,0,0,0
WBGene00017186,0,0,0
WBGene00017188,0,0,0
WBGene00017189,9,5,14
WBGene00017190,0,86,86
WBGene00017191,0,0,0
WBGene00017192,8,6,14
WBGene00017193,201,3104,3305
WBGene00017194,44,245,289
WBGene00017195,85,1099,1184
WBGene00017197,25,472,497
WBGene00017198,77,68,145
WBGene00017199,1,12,13
WBGene00017200,0,16,16
WBGene00017201,266,7728,7994
WBGene00017203,0,0,0
WBGene00017204,0,4,4
WBGene00017205,0,5,5
WBGene00017207,0,1,1
WBGene00017208,0,5,5
WBGene00017209,104,0,104
WBGene00017210,564,7882,8446
WBGene00017211,6,13,19
WBGene00017212,0,0,0
WBGene00017213,0,0,0
WBGene00017214,5,3,8
WBGene00017215,1,4,5
WBGene00017216,16,138,154
WBGene00017217,243,4383,4626
WBGene00017218,7,29,36
WBGene00017219,31,515,546
WBGene00017220,163,4411,4574
WBGene00017221,5,0,5
WBGene00017222,1,0,1
WBGene00017223,0,0,0
WBGene00017224,0,0,0
WBGene00017225,1,36,37
WBGene00017226,6,9,15
WBGene00017227,0,0,0
WBGene00017228,2,14,16
WBGene00017229,1,6,7
WBGene00017230,1,4,5
WBGene00017231,14,4,18
WBGene00017233,2,4,6
WBGene00017236,15,166,181
WBGene00017237,128,973,1101
WBGene00017238,160,7956,8116
WBGene00017239,176,1352,1528
WBGene00017240,123,1933,2056
WBGene00017241,377,2608,2985
WBGene00017243,9,64,73
WBGene00017244,279,2571,2850
WBGene00017245,334,4273,4607
WBGene00017246,93,676,769
WBGene00017247,54,471,525
WBGene00017248,1,0,1
WBGene00017249,8,1,9
WBGene00017250,28,628,656
WBGene00017251,0,0,0
WBGene00017252,0,1,1
WBGene00017253,1,0,1
WBGene00017254,0,2,2
WBGene00017255,20,78,98
WBGene00017257,2,43,45
WBGene00017258,11,43,54
WBGene00017259,1,33,34
WBGene00017260,32,233,265
WBGene00017261,95,1508,1603
WBGene00017262,421,4295,4716
WBGene00017263,0,8,8
WBGene00017264,0,1,1
WBGene00017265,8,102,110
WBGene00017266,295,2548,2843
WBGene00017267,0,0,0
WBGene00017268,139,2523,2662
WBGene00017269,226,753,979
WBGene00017270,0,0,0
WBGene00017271,10,22,32
WBGene00017272,69,1251,1320
WBGene00017273,144,1204,1348
WBGene00017274,706,3767,4473
WBGene00017275,245,1930,2175
WBGene00017276,3,1,4
WBGene00017277,0,6,6
WBGene00017278,7,28,35
WBGene00017279,0,7,7
WBGene00017280,827,2342,3169
WBGene00017281,1,13,14
WBGene00017282,27,831,858
WBGene00017283,182,3550,3732
WBGene00017284,279,1689,1968
WBGene00017285,51,1973,2024
WBGene00017286,527,4199,4726
WBGene00017287,0,99,99
WBGene00017288,4,220,224
WBGene00017289,6,1972,1978
WBGene00017290,1,181,182
WBGene00017291,24,231,255
WBGene00017292,45,1267,1312
WBGene00017293,14,1050,1064
WBGene00017294,99,549,648
WBGene00017295,132,28,160
WBGene00017296,34,59,93
WBGene00017297,135,3744,3879
WBGene00017298,372,3491,3863
WBGene00017299,278,2095,2373
WBGene00017300,822,8065,8887
WBGene00017301,295,29245,29540
WBGene00017302,127,268,395
WBGene00017303,556,7730,8286
WBGene00017304,80,3628,3708
WBGene00017305,1,74,75
WBGene00017306,35,268,303
WBGene00017307,28,455,483
WBGene00017308,34,52,86
WBGene00017309,93,432,525
WBGene00017310,119,498,617
WBGene00017311,51,5260,5311
WBGene00017312,0,8,8
WBGene00017313,190,2483,2673
WBGene00017314,236,1948,2184
WBGene00017315,4,1,5
WBGene00017316,91,588,679
WBGene00017317,2700,22562,25262
WBGene00017319,601,6815,7416
WBGene00017320,21,160,181
WBGene00017321,37,2896,2933
WBGene00017322,7,16,23
WBGene00017323,8,33,41
WBGene00017324,0,0,0
WBGene00017325,1,1,2
WBGene00017326,19,233,252
WBGene00017327,6,33,39
WBGene00017328,21,1219,1240
WBGene00017329,27,192,219
WBGene00017330,2,2,4
WBGene00017331,102,590,692
WBGene00017332,642,658,1300
WBGene00017333,0,2,2
WBGene00017334,3,14,17
WBGene00017335,37,441,478
WBGene00017336,118,541,659
WBGene00017338,200,551,751
WBGene00017339,117,771,888
WBGene00017340,16,249,265
WBGene00017341,5,9,14
WBGene00017342,192,1430,1622
WBGene00017343,2,8,10
WBGene00017344,87,1898,1985
WBGene00017347,119,13417,13536
WBGene00017348,6,2034,2040
WBGene00017349,161,4536,4697
WBGene00017350,164,1472,1636
WBGene00017351,1,20,21
WBGene00017352,0,34,34
WBGene00017353,25,298,323
WBGene00017354,7,15,22
WBGene00017355,33,1113,1146
WBGene00017356,458,3850,4308
WBGene00017357,133,1875,2008
WBGene00017358,473,602,1075
WBGene00017359,0,34,34
WBGene00017360,0,330,330
WBGene00017361,5,98,103
WBGene00017362,737,13204,13941
WBGene00017363,266,5755,6021
WBGene00017364,0,3,3
WBGene00017365,0,0,0
WBGene00017366,181,75,256
WBGene00017367,10,224,234
WBGene00017369,38,1148,1186
WBGene00017371,11,55,66
WBGene00017372,163,3356,3519
WBGene00017373,258,2580,2838
WBGene00017374,883,14060,14943
WBGene00017375,35,243,278
WBGene00017376,2349,48157,50506
WBGene00017378,4,44,48
WBGene00017379,592,14116,14708
WBGene00017380,342,1732,2074
WBGene00017381,78,1011,1089
WBGene00017382,2,0,2
WBGene00017383,3,1,4
WBGene00017384,2,14,16
WBGene00017385,77,1830,1907
WBGene00017386,0,956,956
WBGene00017387,0,0,0
WBGene00017388,0,2,2
WBGene00017389,456,503,959
WBGene00017390,47,262,309
WBGene00017393,2,1,3
WBGene00017394,106,449,555
WBGene00017395,0,1,1
WBGene00017396,9,4,13
WBGene00017397,74,764,838
WBGene00017398,2,13,15
WBGene00017399,21,9,30
WBGene00017400,17,328,345
WBGene00017401,0,1,1
WBGene00017402,0,1,1
WBGene00017403,2,0,2
WBGene00017405,0,0,0
WBGene00017406,0,5,5
WBGene00017407,0,0,0
WBGene00017408,0,0,0
WBGene00017410,4,10,14
WBGene00017411,8,139,147
WBGene00017412,1,1,2
WBGene00017413,1,4,5
WBGene00017414,0,0,0
WBGene00017416,3,231,234
WBGene00017417,6,109,115
WBGene00017418,123,1673,1796
WBGene00017419,216,5414,5630
WBGene00017420,72,451,523
WBGene00017421,121,637,758
WBGene00017422,60,139,199
WBGene00017423,402,10186,10588
WBGene00017424,13,114,127
WBGene00017426,90,1280,1370
WBGene00017427,23,46,69
WBGene00017428,519,7679,8198
WBGene00017429,192,972,1164
WBGene00017430,249,2720,2969
WBGene00017431,246,1667,1913
WBGene00017433,22,153,175
WBGene00017434,8,114,122
WBGene00017435,252,3573,3825
WBGene00017436,3,48,51
WBGene00017437,17,179,196
WBGene00017438,8,109,117
WBGene00017439,23,206,229
WBGene00017440,1908,50441,52349
WBGene00017441,15,74,89
WBGene00017442,37,450,487
WBGene00017443,6,22,28
WBGene00017444,0,2,2
WBGene00017445,179,2177,2356
WBGene00017446,2,45,47
WBGene00017447,35,164,199
WBGene00017448,80,479,559
WBGene00017449,39,113,152
WBGene00017450,8,65,73
WBGene00017451,3,15,18
WBGene00017452,60,70,130
WBGene00017453,7,21,28
WBGene00017454,0,0,0
WBGene00017455,0,0,0
WBGene00017456,21,31,52
WBGene00017459,6,137,143
WBGene00017460,0,101,101
WBGene00017461,3,113,116
WBGene00017462,1,146,147
WBGene00017463,80,462,542
WBGene00017464,30,176,206
WBGene00017465,0,1,1
WBGene00017466,1,17,18
WBGene00017467,18,257,275
WBGene00017468,18,60,78
WBGene00017469,68,63,131
WBGene00017470,1,0,1
WBGene00017471,8,185,193
WBGene00017472,299,2713,3012
WBGene00017473,1,88,89
WBGene00017474,1,8,9
WBGene00017475,0,6,6
WBGene00017476,4,3,7
WBGene00017477,18,285,303
WBGene00017478,91,843,934
WBGene00017480,290,2087,2377
WBGene00017481,3,165,168
WBGene00017482,15,347,362
WBGene00017483,5,99,104
WBGene00017484,26,722,748
WBGene00017485,20,284,304
WBGene00017486,0,179,179
WBGene00017487,57,201,258
WBGene00017488,21,161,182
WBGene00017489,11,49,60
WBGene00017490,0,0,0
WBGene00017491,0,0,0
WBGene00017492,5,0,5
WBGene00017493,1,3,4
WBGene00017497,3,0,3
WBGene00017498,3,73,76
WBGene00017499,0,0,0
WBGene00017500,0,0,0
WBGene00017501,0,121,121
WBGene00017502,0,253,253
WBGene00017503,42,369,411
WBGene00017504,38,82,120
WBGene00017506,92,2371,2463
WBGene00017507,178,271,449
WBGene00017508,7,146,153
WBGene00017509,23,182,205
WBGene00017510,24,59,83
WBGene00017511,3,13,16
WBGene00017512,10,95,105
WBGene00017513,156,892,1048
WBGene00017514,195,5318,5513
WBGene00017515,21,217,238
WBGene00017516,0,6,6
WBGene00017517,1,0,1
WBGene00017518,5,1,6
WBGene00017519,0,0,0
WBGene00017520,0,0,0
WBGene00017521,0,0,0
WBGene00017522,0,0,0
WBGene00017523,4,0,4
WBGene00017524,0,3,3
WBGene00017525,1,0,1
WBGene00017526,3,0,3
WBGene00017527,0,1,1
WBGene00017528,1,1,2
WBGene00017530,97,501,598
WBGene00017532,1,9,10
WBGene00017534,175,2388,2563
WBGene00017535,74,1279,1353
WBGene00017536,26,917,943
WBGene00017537,43,387,430
WBGene00017538,11,252,263
WBGene00017539,1,0,1
WBGene00017540,1,1,2
WBGene00017541,1,3,4
WBGene00017542,0,101,101
WBGene00017543,4,22,26
WBGene00017544,3,41,44
WBGene00017545,44,188,232
WBGene00017546,217,4899,5116
WBGene00017547,90,726,816
WBGene00017548,34,269,303
WBGene00017549,100,541,641
WBGene00017550,11,94,105
WBGene00017551,0,0,0
WBGene00017552,0,0,0
WBGene00017553,3,4,7
WBGene00017554,4,2,6
WBGene00017555,0,0,0
WBGene00017556,2,5,7
WBGene00017557,35,1201,1236
WBGene00017559,1,3,4
WBGene00017560,2,22,24
WBGene00017562,3,5,8
WBGene00017563,183,2707,2890
WBGene00017564,2,6,8
WBGene00017565,4555,6480,11035
WBGene00017566,9,31,40
WBGene00017567,0,967,967
WBGene00017568,31,801,832
WBGene00017569,57,1112,1169
WBGene00017570,85,287,372
WBGene00017571,87,2323,2410
WBGene00017573,2,1,3
WBGene00017574,11,224,235
WBGene00017576,161,144,305
WBGene00017577,10,232,242
WBGene00017578,11,25,36
WBGene00017579,1,70,71
WBGene00017580,58,239,297
WBGene00017581,4,27,31
WBGene00017582,27,755,782
WBGene00017583,42,1181,1223
WBGene00017584,0,6,6
WBGene00017585,0,0,0
WBGene00017586,11,64,75
WBGene00017587,1,0,1
WBGene00017588,0,1,1
WBGene00017589,2,132,134
WBGene00017590,2,0,2
WBGene00017591,40,716,756
WBGene00017592,0,8,8
WBGene00017593,5,9,14
WBGene00017594,2,8,10
WBGene00017595,0,5,5
WBGene00017596,0,0,0
WBGene00017597,291,543,834
WBGene00017598,1,3,4
WBGene00017599,1,649,650
WBGene00017600,71,1006,1077
WBGene00017601,0,1,1
WBGene00017603,1,0,1
WBGene00017604,1,1,2
WBGene00017605,1180,13845,15025
WBGene00017606,38,813,851
WBGene00017607,90,873,963
WBGene00017608,220,1368,1588
WBGene00017609,0,3,3
WBGene00017610,1,2,3
WBGene00017611,15,19,34
WBGene00017612,0,12,12
WBGene00017613,2784,115144,117928
WBGene00017614,3,37,40
WBGene00017615,6,19,25
WBGene00017616,35,115,150
WBGene00017618,798,875,1673
WBGene00017619,5,25,30
WBGene00017620,208,1222,1430
WBGene00017621,245,8614,8859
WBGene00017625,25,10,35
WBGene00017627,3,1,4
WBGene00017628,93,154,247
WBGene00017629,1,1,2
WBGene00017630,0,0,0
WBGene00017631,10,7,17
WBGene00017632,32,123,155
WBGene00017633,34,66,100
WBGene00017634,7,2,9
WBGene00017635,85,92,177
WBGene00017636,1,5,6
WBGene00017637,53,406,459
WBGene00017638,0,2,2
WBGene00017639,608,2389,2997
WBGene00017640,195,1567,1762
WBGene00017641,69,560,629
WBGene00017642,317,3431,3748
WBGene00017643,150,2389,2539
WBGene00017644,512,3678,4190
WBGene00017645,4,31,35
WBGene00017646,153,735,888
WBGene00017647,99,208,307
WBGene00017648,5,56,61
WBGene00017650,8,79,87
WBGene00017651,58,134,192
WBGene00017652,2,3,5
WBGene00017653,488,2928,3416
WBGene00017654,4,23,27
WBGene00017655,1,1,2
WBGene00017656,1,25,26
WBGene00017657,1099,13531,14630
WBGene00017658,43,418,461
WBGene00017659,78,2681,2759
WBGene00017660,24,105,129
WBGene00017661,8,145,153
WBGene00017662,0,19,19
WBGene00017663,194,4368,4562
WBGene00017664,12,26,38
WBGene00017666,4,144,148
WBGene00017667,0,16,16
WBGene00017668,0,4,4
WBGene00017670,1,0,1
WBGene00017671,273,13389,13662
WBGene00017672,3,1,4
WBGene00017673,5,50,55
WBGene00017674,4,86,90
WBGene00017675,236,5894,6130
WBGene00017676,162,1816,1978
WBGene00017678,3,33,36
WBGene00017679,0,3,3
WBGene00017681,7,110,117
WBGene00017683,75,1329,1404
WBGene00017684,0,0,0
WBGene00017685,0,0,0
WBGene00017686,248,2486,2734
WBGene00017687,12,439,451
WBGene00017688,124,2502,2626
WBGene00017690,93,175,268
WBGene00017691,119,1829,1948
WBGene00017692,48,177,225
WBGene00017693,1,2,3
WBGene00017694,0,1,1
WBGene00017695,1,3,4
WBGene00017696,23,942,965
WBGene00017698,92,1202,1294
WBGene00017699,1707,4397,6104
WBGene00017700,47,100,147
WBGene00017701,61,103,164
WBGene00017702,118,1117,1235
WBGene00017703,33,34,67
WBGene00017704,1,0,1
WBGene00017705,1,12,13
WBGene00017706,5,35,40
WBGene00017707,1,3,4
WBGene00017708,36,345,381
WBGene00017709,276,8,284
WBGene00017710,1,5,6
WBGene00017711,16,500,516
WBGene00017712,0,8,8
WBGene00017713,0,12,12
WBGene00017714,3,76,79
WBGene00017715,18,325,343
WBGene00017716,15,137,152
WBGene00017717,13,376,389
WBGene00017718,0,11,11
WBGene00017719,455,4297,4752
WBGene00017720,101,184,285
WBGene00017721,16,141,157
WBGene00017722,2,9,11
WBGene00017723,27,32,59
WBGene00017724,279,1943,2222
WBGene00017725,1,0,1
WBGene00017726,33,471,504
WBGene00017727,0,3233,3233
WBGene00017730,2,157,159
WBGene00017732,118,1046,1164
WBGene00017733,173,1798,1971
WBGene00017734,165,29579,29744
WBGene00017735,572,8384,8956
WBGene00017736,15,67,82
WBGene00017737,4,7,11
WBGene00017738,139,1430,1569
WBGene00017741,121,635,756
WBGene00017742,179,1503,1682
WBGene00017743,1,9,10
WBGene00017744,122,1042,1164
WBGene00017745,186,2265,2451
WBGene00017746,576,1734,2310
WBGene00017747,14,243,257
WBGene00017748,151,1985,2136
WBGene00017749,123,2311,2434
WBGene00017750,61,461,522
WBGene00017751,297,21,318
WBGene00017752,1,1,2
WBGene00017754,16,89,105
WBGene00017755,1930,2943,4873
WBGene00017756,72,1164,1236
WBGene00017757,67,3456,3523
WBGene00017758,125,749,874
WBGene00017759,12,4237,4249
WBGene00017760,201,2641,2842
WBGene00017761,343,352,695
WBGene00017762,488,656,1144
WBGene00017763,291,2413,2704
WBGene00017764,5,8,13
WBGene00017765,130,3903,4033
WBGene00017766,32,1164,1196
WBGene00017767,81,1112,1193
WBGene00017768,247,2222,2469
WBGene00017769,108,2548,2656
WBGene00017770,179,2409,2588
WBGene00017771,30,297,327
WBGene00017772,380,7524,7904
WBGene00017773,273,4100,4373
WBGene00017774,40,752,792
WBGene00017775,308,4715,5023
WBGene00017776,95,1694,1789
WBGene00017777,35,4158,4193
WBGene00017778,465,3456,3921
WBGene00017779,47,266,313
WBGene00017780,82,376,458
WBGene00017781,480,2299,2779
WBGene00017782,74,861,935
WBGene00017783,5,127,132
WBGene00017784,0,7,7
WBGene00017785,2,87,89
WBGene00017786,13,194,207
WBGene00017787,12,167,179
WBGene00017788,0,20,20
WBGene00017789,0,2299,2299
WBGene00017790,2,26,28
WBGene00017791,0,1,1
WBGene00017792,16,229,245
WBGene00017794,61,731,792
WBGene00017795,262,1028,1290
WBGene00017796,0,134,134
WBGene00017797,518,2850,3368
WBGene00017798,31,215,246
WBGene00017799,40,2993,3033
WBGene00017800,81,1699,1780
WBGene00017801,110,1502,1612
WBGene00017802,1,12,13
WBGene00017803,4,33,37
WBGene00017804,4,137,141
WBGene00017805,7,9,16
WBGene00017806,7,227,234
WBGene00017807,8,15,23
WBGene00017808,0,9,9
WBGene00017809,1,1,2
WBGene00017810,0,7,7
WBGene00017811,41,880,921
WBGene00017812,103,1022,1125
WBGene00017813,0,671,671
WBGene00017814,40,405,445
WBGene00017815,620,401,1021
WBGene00017816,60,3646,3706
WBGene00017817,0,0,0
WBGene00017818,629,2550,3179
WBGene00017819,9,12,21
WBGene00017821,20,14,34
WBGene00017822,1,4,5
WBGene00017823,12,188,200
WBGene00017824,11,9,20
WBGene00017825,92,1920,2012
WBGene00017826,97,1229,1326
WBGene00017827,76,426,502
WBGene00017828,33,1097,1130
WBGene00017829,368,1794,2162
WBGene00017830,79,7673,7752
WBGene00017831,137,859,996
WBGene00017832,58,1079,1137
WBGene00017833,56,287,343
WBGene00017834,535,7003,7538
WBGene00017835,7,158,165
WBGene00017836,11,387,398
WBGene00017837,67,1070,1137
WBGene00017838,192,1334,1526
WBGene00017839,0,0,0
WBGene00017840,63,348,411
WBGene00017841,1,314,315
WBGene00017842,50,766,816
WBGene00017843,0,0,0
WBGene00017845,0,7,7
WBGene00017848,0,20,20
WBGene00017850,130,1106,1236
WBGene00017851,1,0,1
WBGene00017852,198,7200,7398
WBGene00017853,4,3,7
WBGene00017854,0,207,207
WBGene00017855,667,5413,6080
WBGene00017858,39,109,148
WBGene00017860,23,12,35
WBGene00017861,23,207,230
WBGene00017862,0,1,1
WBGene00017863,12,1,13
WBGene00017864,1424,28612,30036
WBGene00017865,0,4,4
WBGene00017866,0,2721,2721
WBGene00017867,2,6,8
WBGene00017868,16,81,97
WBGene00017869,0,0,0
WBGene00017871,2,4,6
WBGene00017872,2,1,3
WBGene00017873,0,31,31
WBGene00017874,639,13921,14560
WBGene00017875,1,38,39
WBGene00017876,0,1,1
WBGene00017879,6,20,26
WBGene00017880,18,195,213
WBGene00017881,6,59,65
WBGene00017885,766,4351,5117
WBGene00017886,38,370,408
WBGene00017887,80,3076,3156
WBGene00017888,124,921,1045
WBGene00017889,146,4802,4948
WBGene00017890,1,23,24
WBGene00017891,351,1286,1637
WBGene00017892,22,238,260
WBGene00017893,17,90,107
WBGene00017894,19,1505,1524
WBGene00017895,34,1872,1906
WBGene00017896,0,1,1
WBGene00017898,165,617,782
WBGene00017899,2,2,4
WBGene00017900,361,2425,2786
WBGene00017901,54,390,444
WBGene00017902,0,4,4
WBGene00017904,632,1629,2261
WBGene00017905,5,478,483
WBGene00017906,66,207,273
WBGene00017907,166,531,697
WBGene00017908,0,264,264
WBGene00017909,106,1665,1771
WBGene00017910,16,7,23
WBGene00017911,0,2,2
WBGene00017912,10,2,12
WBGene00017913,1,7,8
WBGene00017914,69,907,976
WBGene00017915,0,0,0
WBGene00017916,246,1936,2182
WBGene00017918,0,3,3
WBGene00017919,60,638,698
WBGene00017920,257,4710,4967
WBGene00017921,89,1932,2021
WBGene00017922,12,20,32
WBGene00017923,74,2975,3049
WBGene00017924,137,2711,2848
WBGene00017925,3975,68127,72102
WBGene00017926,2476,82744,85220
WBGene00017927,4,1,5
WBGene00017928,83,1647,1730
WBGene00017929,1389,2244,3633
WBGene00017930,0,51,51
WBGene00017931,188,720,908
WBGene00017933,2,17,19
WBGene00017934,124,1197,1321
WBGene00017935,0,0,0
WBGene00017936,22,574,596
WBGene00017937,8,493,501
WBGene00017938,18,702,720
WBGene00017939,48,272,320
WBGene00017942,0,0,0
WBGene00017944,5,6,11
WBGene00017945,76,936,1012
WBGene00017947,34,34,68
WBGene00017948,47,66,113
WBGene00017949,14,60,74
WBGene00017950,43,222,265
WBGene00017951,77,941,1018
WBGene00017952,552,1781,2333
WBGene00017953,13,6,19
WBGene00017954,34,1279,1313
WBGene00017955,0,2,2
WBGene00017957,4,12,16
WBGene00017959,8,105,113
WBGene00017960,38,331,369
WBGene00017961,33,156,189
WBGene00017962,13,156,169
WBGene00017963,3,4,7
WBGene00017964,0,524,524
WBGene00017965,7,47,54
WBGene00017966,125,8,133
WBGene00017967,168,2802,2970
WBGene00017968,150,1714,1864
WBGene00017969,11,261,272
WBGene00017970,100,4925,5025
WBGene00017971,84,552,636
WBGene00017973,297,971,1268
WBGene00017974,24,405,429
WBGene00017975,7,23,30
WBGene00017976,153,771,924
WBGene00017977,15,306,321
WBGene00017978,0,142,142
WBGene00017979,299,8847,9146
WBGene00017980,430,4556,4986
WBGene00017981,70,1152,1222
WBGene00017982,2935,26569,29504
WBGene00017983,303,487,790
WBGene00017984,57,36802,36859
WBGene00017985,9,765,774
WBGene00017986,2,81,83
WBGene00017987,2,9,11
WBGene00017988,23,4195,4218
WBGene00017989,129,2477,2606
WBGene00017990,108,2618,2726
WBGene00017991,67,661,728
WBGene00017992,97,476,573
WBGene00017993,244,14860,15104
WBGene00017995,677,6306,6983
WBGene00017996,67,1991,2058
WBGene00017997,580,6093,6673
WBGene00017998,21,319,340
WBGene00017999,201,7166,7367
WBGene00018000,0,1,1
WBGene00018001,0,0,0
WBGene00018002,72,250,322
WBGene00018003,2,1,3
WBGene00018004,2,5,7
WBGene00018005,65,527,592
WBGene00018006,70,842,912
WBGene00018007,28,2518,2546
WBGene00018008,102,5035,5137
WBGene00018009,88,1423,1511
WBGene00018010,14,98,112
WBGene00018011,36,718,754
WBGene00018013,209,1008,1217
WBGene00018014,100,594,694
WBGene00018015,58,639,697
WBGene00018016,49,281,330
WBGene00018017,89,3336,3425
WBGene00018018,105,2746,2851
WBGene00018019,0,0,0
WBGene00018020,0,0,0
WBGene00018021,0,18,18
WBGene00018022,26,73,99
WBGene00018023,37,151,188
WBGene00018024,486,16434,16920
WBGene00018025,131,3288,3419
WBGene00018026,13,50,63
WBGene00018027,3,2,5
WBGene00018028,13,5,18
WBGene00018030,1,1,2
WBGene00018031,2,209,211
WBGene00018033,2212,6727,8939
WBGene00018034,4,2,6
WBGene00018035,1,17,18
WBGene00018036,8,46,54
WBGene00018037,44,225,269
WBGene00018038,8,0,8
WBGene00018039,3,6,9
WBGene00018040,1,19,20
WBGene00018041,11,160,171
WBGene00018042,23,234,257
WBGene00018043,12,175,187
WBGene00018044,20,248,268
WBGene00018045,3,2264,2267
WBGene00018046,213,8140,8353
WBGene00018047,6,14,20
WBGene00018048,0,6,6
WBGene00018049,3,1,4
WBGene00018050,29,176,205
WBGene00018051,137,1140,1277
WBGene00018052,30,269,299
WBGene00018053,2,4,6
WBGene00018054,3,4,7
WBGene00018055,0,36,36
WBGene00018056,1,17,18
WBGene00018057,0,12,12
WBGene00018058,4,0,4
WBGene00018060,68,1222,1290
WBGene00018061,113,819,932
WBGene00018062,0,0,0
WBGene00018063,0,3,3
WBGene00018064,380,3214,3594
WBGene00018065,4,29,33
WBGene00018066,20,44,64
WBGene00018067,30,557,587
WBGene00018068,0,603,603
WBGene00018069,166,1465,1631
WBGene00018070,33,399,432
WBGene00018071,25,875,900
WBGene00018072,98,738,836
WBGene00018073,66,2097,2163
WBGene00018074,128,997,1125
WBGene00018075,483,1916,2399
WBGene00018076,68,474,542
WBGene00018077,8,357,365
WBGene00018078,88,538,626
WBGene00018080,0,3,3
WBGene00018081,1,3,4
WBGene00018082,0,2,2
WBGene00018083,7,9,16
WBGene00018084,39,50,89
WBGene00018085,2,170,172
WBGene00018086,0,0,0
WBGene00018087,14,57,71
WBGene00018088,217,1005,1222
WBGene00018089,63,219,282
WBGene00018090,229,2866,3095
WBGene00018091,5,5,10
WBGene00018092,3,37,40
WBGene00018093,3,1,4
WBGene00018094,7,5,12
WBGene00018096,1,0,1
WBGene00018097,0,0,0
WBGene00018098,0,1,1
WBGene00018099,13,146,159
WBGene00018100,0,8,8
WBGene00018101,3,8,11
WBGene00018102,0,0,0
WBGene00018103,0,0,0
WBGene00018104,1,7,8
WBGene00018105,0,1,1
WBGene00018106,0,2,2
WBGene00018107,0,3,3
WBGene00018108,0,7,7
WBGene00018110,0,4,4
WBGene00018111,7,16,23
WBGene00018112,35,352,387
WBGene00018113,12,93,105
WBGene00018114,11,13,24
WBGene00018115,32,324,356
WBGene00018117,47,2106,2153
WBGene00018118,5,67,72
WBGene00018119,1,4,5
WBGene00018120,1,0,1
WBGene00018121,3,101,104
WBGene00018122,0,1,1
WBGene00018123,0,0,0
WBGene00018124,0,0,0
WBGene00018130,9,4,13
WBGene00018131,218,2043,2261
WBGene00018132,177,3801,3978
WBGene00018133,26,506,532
WBGene00018134,3,13,16
WBGene00018135,0,13,13
WBGene00018136,8,67,75
WBGene00018137,17,537,554
WBGene00018138,17,247,264
WBGene00018139,3,0,3
WBGene00018140,71,647,718
WBGene00018141,2,1,3
WBGene00018142,6,83,89
WBGene00018143,6,34,40
WBGene00018144,189,2026,2215
WBGene00018145,721,7652,8373
WBGene00018146,6,50,56
WBGene00018148,18,4,22
WBGene00018149,251,1731,1982
WBGene00018150,61,901,962
WBGene00018151,1090,10929,12019
WBGene00018152,81,4948,5029
WBGene00018153,1,45,46
WBGene00018154,3479,2120,5599
WBGene00018155,3,38,41
WBGene00018156,257,4193,4450
WBGene00018157,6,66,72
WBGene00018158,2,15,17
WBGene00018159,1038,7044,8082
WBGene00018160,51,1755,1806
WBGene00018161,107,3953,4060
WBGene00018162,0,0,0
WBGene00018163,4,1,5
WBGene00018164,4,3917,3921
WBGene00018165,1,4,5
WBGene00018166,6,84,90
WBGene00018167,3,69,72
WBGene00018168,3,0,3
WBGene00018169,0,0,0
WBGene00018170,8,171,179
WBGene00018172,18,44,62
WBGene00018173,62,280,342
WBGene00018174,6,36,42
WBGene00018175,162,657,819
WBGene00018176,4,46,50
WBGene00018178,2,2,4
WBGene00018179,5,16,21
WBGene00018180,125,71,196
WBGene00018181,71,2867,2938
WBGene00018182,0,4,4
WBGene00018183,3,3,6
WBGene00018184,14,278,292
WBGene00018186,0,8,8
WBGene00018187,3184,9103,12287
WBGene00018188,91,1039,1130
WBGene00018189,8,26,34
WBGene00018190,1,2,3
WBGene00018191,26,314,340
WBGene00018192,0,126,126
WBGene00018193,154,3953,4107
WBGene00018195,0,6,6
WBGene00018196,5,1,6
WBGene00018198,8,37,45
WBGene00018200,1,10,11
WBGene00018201,8,425,433
WBGene00018202,0,0,0
WBGene00018203,0,31,31
WBGene00018204,194,568,762
WBGene00018205,0,0,0
WBGene00018206,40,492,532
WBGene00018207,14,74,88
WBGene00018208,52,2357,2409
WBGene00018209,6,14,20
WBGene00018210,6,62,68
WBGene00018211,17,11,28
WBGene00018212,87,806,893
WBGene00018213,24,82,106
WBGene00018214,281,6057,6338
WBGene00018215,79,587,666
WBGene00018216,458,751,1209
WBGene00018217,1086,2939,4025
WBGene00018218,48,8304,8352
WBGene00018219,67,769,836
WBGene00018221,1378,20484,21862
WBGene00018222,27,164,191
WBGene00018223,32,55,87
WBGene00018226,83,582,665
WBGene00018227,6,22,28
WBGene00018228,0,4,4
WBGene00018229,0,0,0
WBGene00018230,21,2148,2169
WBGene00018231,1,3,4
WBGene00018232,331,84,415
WBGene00018233,0,22,22
WBGene00018234,0,10,10
WBGene00018235,1,0,1
WBGene00018236,1,62,63
WBGene00018237,46,760,806
WBGene00018238,135,3387,3522
WBGene00018239,50,861,911
WBGene00018240,435,3136,3571
WBGene00018241,6,34,40
WBGene00018242,5,21,26
WBGene00018243,0,0,0
WBGene00018244,0,0,0
WBGene00018245,0,1,1
WBGene00018246,1,0,1
WBGene00018247,0,0,0
WBGene00018248,3,11,14
WBGene00018249,291,4070,4361
WBGene00018250,58,715,773
WBGene00018251,56,334,390
WBGene00018252,7,189,196
WBGene00018253,2,17,19
WBGene00018254,3,2,5
WBGene00018255,30,27,57
WBGene00018256,8,152,160
WBGene00018257,302,7355,7657
WBGene00018258,78,766,844
WBGene00018259,363,3299,3662
WBGene00018260,31,172,203
WBGene00018261,28,142,170
WBGene00018262,6,60,66
WBGene00018264,1,6,7
WBGene00018265,188,839,1027
WBGene00018266,32,643,675
WBGene00018267,0,2,2
WBGene00018268,6,219,225
WBGene00018269,96,883,979
WBGene00018270,70,2861,2931
WBGene00018271,788,260622,261410
WBGene00018272,41,439,480
WBGene00018273,94,126,220
WBGene00018274,92,350,442
WBGene00018275,126,780,906
WBGene00018276,1,2,3
WBGene00018277,0,0,0
WBGene00018278,0,0,0
WBGene00018279,0,3,3
WBGene00018280,3,10,13
WBGene00018281,50,475,525
WBGene00018282,47,1072,1119
WBGene00018283,9,74,83
WBGene00018284,4,4,8
WBGene00018285,1558,9736,11294
WBGene00018286,34,139,173
WBGene00018288,11,225,236
WBGene00018289,52,21,73
WBGene00018290,298,9067,9365
WBGene00018291,8,31,39
WBGene00018292,2,22,24
WBGene00018293,95,701,796
WBGene00018294,69,3192,3261
WBGene00018295,8,27,35
WBGene00018296,0,3,3
WBGene00018297,0,6732,6732
WBGene00018298,269,6416,6685
WBGene00018299,15,23,38
WBGene00018300,5,70,75
WBGene00018301,6,21,27
WBGene00018302,23,523,546
WBGene00018303,465,10456,10921
WBGene00018304,135,636,771
WBGene00018305,263,3463,3726
WBGene00018307,59,467,526
WBGene00018308,0,110,110
WBGene00018309,13,36,49
WBGene00018310,160,390,550
WBGene00018311,62,1648,1710
WBGene00018312,5,3,8
WBGene00018313,6,9,15
WBGene00018314,1,30,31
WBGene00018315,5,19,24
WBGene00018316,59,1561,1620
WBGene00018317,93,2607,2700
WBGene00018318,1,310,311
WBGene00018319,461,2186,2647
WBGene00018321,8,514,522
WBGene00018322,0,0,0
WBGene00018323,14,2,16
WBGene00018324,0,3,3
WBGene00018327,5,10,15
WBGene00018328,217,943,1160
WBGene00018330,63,937,1000
WBGene00018332,2,2,4
WBGene00018333,1,25,26
WBGene00018334,51,230,281
WBGene00018335,154,1574,1728
WBGene00018336,1,3,4
WBGene00018337,88,821,909
WBGene00018338,8,207,215
WBGene00018339,138,7877,8015
WBGene00018340,127,5004,5131
WBGene00018341,110,10584,10694
WBGene00018342,30,307,337
WBGene00018343,1,80,81
WBGene00018344,52,275,327
WBGene00018345,31,66,97
WBGene00018346,47,339,386
WBGene00018347,8,42,50
WBGene00018348,87,378,465
WBGene00018349,150,7185,7335
WBGene00018350,25,215,240
WBGene00018351,9,14,23
WBGene00018352,1,32,33
WBGene00018353,3,5,8
WBGene00018354,3,0,3
WBGene00018355,6,57,63
WBGene00018356,309,3564,3873
WBGene00018357,74,1617,1691
WBGene00018358,16,8,24
WBGene00018359,4,9,13
WBGene00018360,9,4,13
WBGene00018361,2223,25842,28065
WBGene00018362,33,10686,10719
WBGene00018363,44,723,767
WBGene00018364,118,319,437
WBGene00018365,5,108,113
WBGene00018366,81,1244,1325
WBGene00018367,351,3758,4109
WBGene00018369,166,1078,1244
WBGene00018370,272,3187,3459
WBGene00018371,37,901,938
WBGene00018373,489,3475,3964
WBGene00018374,25,108,133
WBGene00018375,9,21,30
WBGene00018376,346,10831,11177
WBGene00018377,8,30,38
WBGene00018378,2,2,4
WBGene00018379,2,0,2
WBGene00018380,0,34,34
WBGene00018381,8,0,8
WBGene00018383,4,175,179
WBGene00018384,5,10,15
WBGene00018385,1,1,2
WBGene00018386,20,522,542
WBGene00018387,6,1,7
WBGene00018388,593,0,593
WBGene00018389,0,1,1
WBGene00018390,26,718,744
WBGene00018391,71,5105,5176
WBGene00018392,278,1623,1901
WBGene00018393,11,4699,4710
WBGene00018394,23,100,123
WBGene00018395,194,20355,20549
WBGene00018397,33,20,53
WBGene00018398,34,220,254
WBGene00018399,33,712,745
WBGene00018400,137,1357,1494
WBGene00018402,29,347,376
WBGene00018403,53,308,361
WBGene00018404,5,8,13
WBGene00018405,778,4387,5165
WBGene00018406,7,8,15
WBGene00018407,1377,11113,12490
WBGene00018408,265,1369,1634
WBGene00018409,56,2377,2433
WBGene00018410,12,37,49
WBGene00018411,35,159,194
WBGene00018412,3,16,19
WBGene00018413,16,238,254
WBGene00018414,5,62,67
WBGene00018415,2,276,278
WBGene00018417,309,2661,2970
WBGene00018418,35,2773,2808
WBGene00018419,213,1565,1778
WBGene00018420,259,2635,2894
WBGene00018421,18,1867,1885
WBGene00018422,46,4368,4414
WBGene00018423,87,565,652
WBGene00018424,15,1375,1390
WBGene00018425,4,15,19
WBGene00018426,134,6991,7125
WBGene00018427,9,1901,1910
WBGene00018428,4,7,11
WBGene00018429,7,31,38
WBGene00018430,55,261,316
WBGene00018431,25,3942,3967
WBGene00018432,1,9,10
WBGene00018433,3,3,6
WBGene00018434,1,2,3
WBGene00018435,0,6,6
WBGene00018436,0,0,0
WBGene00018437,0,0,0
WBGene00018438,0,1,1
WBGene00018439,0,0,0
WBGene00018440,1,2,3
WBGene00018441,1,1,2
WBGene00018442,8,1,9
WBGene00018443,0,1,1
WBGene00018444,0,2,2
WBGene00018445,1,7,8
WBGene00018446,9,20,29
WBGene00018447,0,2,2
WBGene00018452,0,1,1
WBGene00018455,1,9,10
WBGene00018456,7,25,32
WBGene00018457,0,2,2
WBGene00018458,0,0,0
WBGene00018459,0,2,2
WBGene00018460,0,0,0
WBGene00018461,0,0,0
WBGene00018462,23,744,767
WBGene00018463,0,2,2
WBGene00018465,22,124,146
WBGene00018466,15,170,185
WBGene00018467,130,826,956
WBGene00018468,540,5804,6344
WBGene00018470,232,1036,1268
WBGene00018471,6,47,53
WBGene00018472,75,240,315
WBGene00018473,28,297,325
WBGene00018474,106,1313,1419
WBGene00018475,558,15184,15742
WBGene00018476,26,198,224
WBGene00018477,2,33,35
WBGene00018478,18,140,158
WBGene00018479,1,8,9
WBGene00018480,4,136,140
WBGene00018481,173,2141,2314
WBGene00018482,506,4643,5149
WBGene00018483,20,376,396
WBGene00018484,22,41,63
WBGene00018485,1406,4898,6304
WBGene00018486,6,96,102
WBGene00018487,28,300,328
WBGene00018488,98,1113,1211
WBGene00018489,0,1,1
WBGene00018490,1,16,17
WBGene00018491,31,56694,56725
WBGene00018492,43,561,604
WBGene00018493,0,0,0
WBGene00018496,4,0,4
WBGene00018497,0,0,0
WBGene00018498,0,1,1
WBGene00018499,0,3,3
WBGene00018500,0,0,0
WBGene00018501,0,0,0
WBGene00018502,0,0,0
WBGene00018504,2,2,4
WBGene00018505,2,0,2
WBGene00018506,0,0,0
WBGene00018507,0,1,1
WBGene00018508,769,4808,5577
WBGene00018509,299,2826,3125
WBGene00018510,43,241,284
WBGene00018511,59,468,527
WBGene00018512,256,1899,2155
WBGene00018513,2,418,420
WBGene00018514,35,260,295
WBGene00018515,13,183,196
WBGene00018516,44,1058,1102
WBGene00018517,461,3406,3867
WBGene00018518,39,1533,1572
WBGene00018519,9979,326770,336749
WBGene00018520,252,2012,2264
WBGene00018521,5,186,191
WBGene00018522,286,5893,6179
WBGene00018523,79,398,477
WBGene00018525,0,0,0
WBGene00018526,0,0,0
WBGene00018527,0,0,0
WBGene00018528,1,6,7
WBGene00018529,1,0,1
WBGene00018530,0,0,0
WBGene00018531,2,1,3
WBGene00018532,3867,50391,54258
WBGene00018533,1127,2299,3426
WBGene00018534,2,6,8
WBGene00018535,4,7,11
WBGene00018536,0,3,3
WBGene00018537,2,9,11
WBGene00018538,147,475,622
WBGene00018539,26,6,32
WBGene00018541,7,51,58
WBGene00018542,3,160,163
WBGene00018543,7,38,45
WBGene00018544,0,21,21
WBGene00018545,2,4,6
WBGene00018547,151,174,325
WBGene00018548,1,9,10
WBGene00018549,1,3,4
WBGene00018550,2,11,13
WBGene00018551,9,16,25
WBGene00018552,5,29,34
WBGene00018554,0,0,0
WBGene00018555,3,1,4
WBGene00018556,0,0,0
WBGene00018557,0,0,0
WBGene00018558,10,17,27
WBGene00018559,1,0,1
WBGene00018560,49,694,743
WBGene00018561,11,153,164
WBGene00018562,169,1632,1801
WBGene00018563,10,13,23
WBGene00018564,870,2773,3643
WBGene00018565,88,296,384
WBGene00018566,12,114,126
WBGene00018567,90,116,206
WBGene00018568,1,39,40
WBGene00018569,157,541,698
WBGene00018570,24,0,24
WBGene00018571,29,33,62
WBGene00018572,1224,5552,6776
WBGene00018573,5,3,8
WBGene00018575,1,7,8
WBGene00018576,45,283,328
WBGene00018578,17,342,359
WBGene00018579,756,5253,6009
WBGene00018580,15,3,18
WBGene00018581,100,426,526
WBGene00018582,37,49,86
WBGene00018585,101,666,767
WBGene00018586,156,1315,1471
WBGene00018587,28,121,149
WBGene00018589,538,75,613
WBGene00018590,24,2589,2613
WBGene00018591,2,30,32
WBGene00018593,43,1229,1272
WBGene00018594,105,516,621
WBGene00018595,8,182,190
WBGene00018596,8,41,49
WBGene00018598,22,228,250
WBGene00018599,126,3930,4056
WBGene00018600,7,21,28
WBGene00018601,0,1,1
WBGene00018602,41,1688,1729
WBGene00018603,24,80,104
WBGene00018604,147,4845,4992
WBGene00018605,3,25,28
WBGene00018606,6,101,107
WBGene00018607,513,1984,2497
WBGene00018608,398,771,1169
WBGene00018609,194,2975,3169
WBGene00018610,34,1601,1635
WBGene00018611,197,843,1040
WBGene00018612,94,1509,1603
WBGene00018613,11,539,550
WBGene00018614,1,55,56
WBGene00018615,17,322,339
WBGene00018616,0,3,3
WBGene00018617,3,0,3
WBGene00018618,0,0,0
WBGene00018619,0,10,10
WBGene00018620,3,13,16
WBGene00018621,0,139,139
WBGene00018622,52,369,421
WBGene00018623,3,12,15
WBGene00018624,2,5,7
WBGene00018625,60,2709,2769
WBGene00018626,7,24,31
WBGene00018627,1,9,10
WBGene00018628,193,1,194
WBGene00018630,20,37,57
WBGene00018631,1,0,1
WBGene00018632,35,976,1011
WBGene00018634,230,1661,1891
WBGene00018635,56,937,993
WBGene00018636,100,764,864
WBGene00018637,27,810,837
WBGene00018638,22,1569,1591
WBGene00018639,72,497,569
WBGene00018640,13,180,193
WBGene00018641,14,275,289
WBGene00018643,0,0,0
WBGene00018645,2,9,11
WBGene00018646,2,7,9
WBGene00018647,3,16,19
WBGene00018648,17,35,52
WBGene00018649,0,1,1
WBGene00018650,1,8,9
WBGene00018651,0,0,0
WBGene00018652,0,0,0
WBGene00018653,5,53,58
WBGene00018654,54,957,1011
WBGene00018655,64,983,1047
WBGene00018656,591,9037,9628
WBGene00018657,251,2373,2624
WBGene00018659,3,223,226
WBGene00018660,0,33,33
WBGene00018661,0,19,19
WBGene00018663,0,157,157
WBGene00018665,7,117,124
WBGene00018667,6,162,168
WBGene00018668,10,132,142
WBGene00018669,14,82,96
WBGene00018670,4,6,10
WBGene00018671,0,6,6
WBGene00018672,199,943,1142
WBGene00018674,420,3264,3684
WBGene00018675,57,195,252
WBGene00018678,80,877,957
WBGene00018679,513,2791,3304
WBGene00018680,88,247,335
WBGene00018681,513,1692,2205
WBGene00018682,86,1851,1937
WBGene00018683,65,62,127
WBGene00018684,0,7,7
WBGene00018687,1,32,33
WBGene00018688,0,47,47
WBGene00018689,26,178,204
WBGene00018690,0,12,12
WBGene00018691,5,3,8
WBGene00018692,220,9670,9890
WBGene00018693,12,6,18
WBGene00018694,20,15,35
WBGene00018696,78,684,762
WBGene00018697,61,730,791
WBGene00018698,8,148,156
WBGene00018700,1088,4284,5372
WBGene00018701,486,44448,44934
WBGene00018702,19,1584,1603
WBGene00018703,45,1038,1083
WBGene00018704,25,864,889
WBGene00018706,7,205,212
WBGene00018707,5,20,25
WBGene00018708,0,3,3
WBGene00018709,2,12,14
WBGene00018710,825,8374,9199
WBGene00018711,234,149,383
WBGene00018712,75,172,247
WBGene00018713,8,14,22
WBGene00018714,90,1370,1460
WBGene00018715,17,297,314
WBGene00018716,149,401,550
WBGene00018717,39,638,677
WBGene00018718,31,260,291
WBGene00018719,253,1891,2144
WBGene00018720,452,4474,4926
WBGene00018721,114,555,669
WBGene00018723,148,645,793
WBGene00018724,0,263,263
WBGene00018725,0,176,176
WBGene00018726,3,22,25
WBGene00018727,112,658,770
WBGene00018728,64,214,278
WBGene00018729,41,547,588
WBGene00018730,0,1238,1238
WBGene00018731,0,1001,1001
WBGene00018732,0,919,919
WBGene00018734,1760,3632,5392
WBGene00018735,24,410,434
WBGene00018736,5,197,202
WBGene00018737,3,180,183
WBGene00018738,77,302,379
WBGene00018739,156,1916,2072
WBGene00018740,291,1483,1774
WBGene00018741,46,133,179
WBGene00018742,31,94,125
WBGene00018743,179,3239,3418
WBGene00018744,2,2518,2520
WBGene00018745,9,28,37
WBGene00018746,9,74,83
WBGene00018747,59,333,392
WBGene00018748,967,546,1513
WBGene00018749,44,177,221
WBGene00018750,260,595,855
WBGene00018751,2,3,5
WBGene00018752,16,38,54
WBGene00018754,12,40,52
WBGene00018755,20,126,146
WBGene00018756,1083,4960,6043
WBGene00018757,166,1797,1963
WBGene00018758,130,1419,1549
WBGene00018760,28,97,125
WBGene00018761,305,104,409
WBGene00018762,352,5617,5969
WBGene00018763,131,4844,4975
WBGene00018764,68,9765,9833
WBGene00018765,1606,8381,9987
WBGene00018766,93,139,232
WBGene00018767,13,1,14
WBGene00018768,0,2,2
WBGene00018769,515,7030,7545
WBGene00018770,0,0,0
WBGene00018771,13,32,45
WBGene00018772,109,292,401
WBGene00018773,9,42,51
WBGene00018774,42,123,165
WBGene00018776,644,6567,7211
WBGene00018777,220,813,1033
WBGene00018778,804,8005,8809
WBGene00018779,13,62,75
WBGene00018781,277,1152,1429
WBGene00018782,1001,11423,12424
WBGene00018783,7,177,184
WBGene00018784,463,11805,12268
WBGene00018785,293,1232,1525
WBGene00018786,4,764,768
WBGene00018787,129,704,833
WBGene00018788,224,677,901
WBGene00018789,54,366,420
WBGene00018791,89,365,454
WBGene00018792,9,5,14
WBGene00018793,724,5083,5807
WBGene00018794,283,519,802
WBGene00018795,74,1039,1113
WBGene00018797,397,2102,2499
WBGene00018798,92,298,390
WBGene00018802,105,4648,4753
WBGene00018803,27,1408,1435
WBGene00018804,16,604,620
WBGene00018805,3,12,15
WBGene00018806,3,219,222
WBGene00018808,0,2,2
WBGene00018809,2,38,40
WBGene00018810,1,3,4
WBGene00018811,1320,16629,17949
WBGene00018812,548,1662,2210
WBGene00018813,0,25,25
WBGene00018814,98,1558,1656
WBGene00018815,0,6,6
WBGene00018816,0,3,3
WBGene00018817,228,0,228
WBGene00018819,566,3953,4519
WBGene00018820,24,2,26
WBGene00018821,5,1,6
WBGene00018822,1,1,2
WBGene00018823,7,368,375
WBGene00018824,0,0,0
WBGene00018825,2,10,12
WBGene00018826,0,1,1
WBGene00018827,54,1345,1399
WBGene00018828,0,464,464
WBGene00018829,11,14,25
WBGene00018830,58,1312,1370
WBGene00018831,74,1273,1347
WBGene00018833,255,836,1091
WBGene00018834,0,1,1
WBGene00018835,81,730,811
WBGene00018836,94,996,1090
WBGene00018837,1289,1380,2669
WBGene00018838,0,0,0
WBGene00018839,2,162,164
WBGene00018840,1,4,5
WBGene00018841,0,1,1
WBGene00018842,0,19,19
WBGene00018844,1,8,9
WBGene00018845,29,293,322
WBGene00018846,21613,311496,333109
WBGene00018847,206,2278,2484
WBGene00018848,93,717,810
WBGene00018849,58,6942,7000
WBGene00018850,5,101,106
WBGene00018851,4,75,79
WBGene00018853,163,3073,3236
WBGene00018854,116,3093,3209
WBGene00018855,10,85,95
WBGene00018857,220,3223,3443
WBGene00018859,27,151,178
WBGene00018860,175,610,785
WBGene00018861,42,232,274
WBGene00018863,16,855,871
WBGene00018864,174,1618,1792
WBGene00018865,8,51,59
WBGene00018866,251,3652,3903
WBGene00018867,15,215,230
WBGene00018868,55,217,272
WBGene00018869,321,6922,7243
WBGene00018870,1,41,42
WBGene00018871,13,758,771
WBGene00018872,367,3314,3681
WBGene00018873,7,64,71
WBGene00018874,19,37,56
WBGene00018875,0,0,0
WBGene00018876,0,0,0
WBGene00018877,262,3650,3912
WBGene00018878,7,841,848
WBGene00018879,55,323,378
WBGene00018880,21,42,63
WBGene00018881,0,6,6
WBGene00018882,0,3,3
WBGene00018883,0,6,6
WBGene00018884,9,5,14
WBGene00018885,1,38,39
WBGene00018886,0,423,423
WBGene00018888,1,6,7
WBGene00018890,263,3577,3840
WBGene00018891,320,4212,4532
WBGene00018892,96,4216,4312
WBGene00018893,435,6031,6466
WBGene00018894,7,835,842
WBGene00018895,1,1,2
WBGene00018896,12,35,47
WBGene00018897,51,839,890
WBGene00018898,520,9077,9597
WBGene00018899,7,69,76
WBGene00018900,91,1921,2012
WBGene00018901,2,47,49
WBGene00018902,7,214,221
WBGene00018903,7,141,148
WBGene00018904,19,1787,1806
WBGene00018906,26,32,58
WBGene00018907,75,120,195
WBGene00018908,47,322,369
WBGene00018909,110,453,563
WBGene00018910,0,0,0
WBGene00018911,1,0,1
WBGene00018912,0,0,0
WBGene00018913,0,0,0
WBGene00018915,0,0,0
WBGene00018917,0,0,0
WBGene00018918,0,1,1
WBGene00018920,0,0,0
WBGene00018921,0,11,11
WBGene00018923,176,673,849
WBGene00018924,30,72,102
WBGene00018925,11,991,1002
WBGene00018926,0,0,0
WBGene00018927,0,0,0
WBGene00018928,105,710,815
WBGene00018930,1,5,6
WBGene00018931,10,2,12
WBGene00018932,170,5887,6057
WBGene00018933,3,1,4
WBGene00018934,68,6301,6369
WBGene00018935,9,2033,2042
WBGene00018937,47,496,543
WBGene00018938,0,1,1
WBGene00018939,0,26,26
WBGene00018940,0,3,3
WBGene00018941,1,13,14
WBGene00018942,0,1,1
WBGene00018943,1,1,2
WBGene00018944,1,0,1
WBGene00018945,8,146,154
WBGene00018946,5,23,28
WBGene00018948,8,146,154
WBGene00018949,3,3,6
WBGene00018950,23,442,465
WBGene00018951,15,390,405
WBGene00018952,19,135,154
WBGene00018953,721,7738,8459
WBGene00018954,91,598,689
WBGene00018955,49,1223,1272
WBGene00018957,107,1455,1562
WBGene00018958,228,995,1223
WBGene00018959,32,894,926
WBGene00018960,42,1283,1325
WBGene00018961,534,5135,5669
WBGene00018963,1303,26884,28187
WBGene00018964,53,403,456
WBGene00018965,86,890,976
WBGene00018966,34,217,251
WBGene00018967,142,3095,3237
WBGene00018968,4,17,21
WBGene00018969,81,3060,3141
WBGene00018970,1,0,1
WBGene00018971,10,53,63
WBGene00018972,0,9,9
WBGene00018973,0,2,2
WBGene00018974,274,1595,1869
WBGene00018975,597,1974,2571
WBGene00018976,331,292,623
WBGene00018978,0,1,1
WBGene00018979,2,0,2
WBGene00018980,1,1,2
WBGene00018981,3,1,4
WBGene00018982,1,1,2
WBGene00018984,12,97,109
WBGene00018985,158,1402,1560
WBGene00018986,60,993,1053
WBGene00018987,126,1022,1148
WBGene00018988,11,161,172
WBGene00018989,59,1126,1185
WBGene00018990,56,324,380
WBGene00018991,34,223,257
WBGene00018994,1,0,1
WBGene00018995,148,892,1040
WBGene00018996,62,2410,2472
WBGene00018997,11,49,60
WBGene00018998,235,3193,3428
WBGene00018999,4,22,26
WBGene00019001,846,22042,22888
WBGene00019002,49,355,404
WBGene00019003,121,7814,7935
WBGene00019004,54,1177,1231
WBGene00019005,316,2872,3188
WBGene00019006,271,2800,3071
WBGene00019007,5586,15291,20877
WBGene00019008,36,900,936
WBGene00019009,60,291,351
WBGene00019010,194,34,228
WBGene00019011,201,1657,1858
WBGene00019012,30,194,224
WBGene00019013,6,281,287
WBGene00019014,40,412,452
WBGene00019015,1,5,6
WBGene00019016,12,4,16
WBGene00019017,9,714,723
WBGene00019018,1242,3285,4527
WBGene00019019,3,28,31
WBGene00019020,39,260,299
WBGene00019021,12,281,293
WBGene00019022,30,98,128
WBGene00019023,11,112,123
WBGene00019024,0,4,4
WBGene00019025,8,83,91
WBGene00019026,0,0,0
WBGene00019027,0,1,1
WBGene00019028,2,4,6
WBGene00019029,27,26,53
WBGene00019030,119,555,674
WBGene00019032,10,48,58
WBGene00019034,0,1,1
WBGene00019035,0,2,2
WBGene00019036,5,2,7
WBGene00019037,0,2,2
WBGene00019038,3,1,4
WBGene00019039,0,0,0
WBGene00019040,0,1,1
WBGene00019041,1,0,1
WBGene00019042,0,0,0
WBGene00019043,0,1,1
WBGene00019044,0,1,1
WBGene00019045,0,0,0
WBGene00019046,2,16,18
WBGene00019047,8,236,244
WBGene00019048,31,399,430
WBGene00019049,8,46,54
WBGene00019051,0,0,0
WBGene00019052,1,1,2
WBGene00019053,0,1,1
WBGene00019054,0,0,0
WBGene00019055,36,366,402
WBGene00019057,3,31,34
WBGene00019058,3,8,11
WBGene00019059,1,1,2
WBGene00019060,30,179,209
WBGene00019061,4804,85665,90469
WBGene00019062,1,0,1
WBGene00019063,0,6,6
WBGene00019064,35,743,778
WBGene00019065,0,0,0
WBGene00019066,0,1,1
WBGene00019067,29,42,71
WBGene00019068,4,29,33
WBGene00019069,158,447,605
WBGene00019070,0,36,36
WBGene00019072,10,262,272
WBGene00019073,0,0,0
WBGene00019074,263,2085,2348
WBGene00019075,30,603,633
WBGene00019076,149,3319,3468
WBGene00019077,52,2151,2203
WBGene00019079,151,2260,2411
WBGene00019080,15,50,65
WBGene00019081,12,6,18
WBGene00019082,5,177,182
WBGene00019083,8,2,10
WBGene00019084,2,20,22
WBGene00019085,1,0,1
WBGene00019086,3,1,4
WBGene00019087,17,1694,1711
WBGene00019089,7,1,8
WBGene00019090,692,7665,8357
WBGene00019091,4,7,11
WBGene00019092,1777,18242,20019
WBGene00019094,1,5,6
WBGene00019096,1,8,9
WBGene00019097,8,247,255
WBGene00019098,0,3,3
WBGene00019099,1,1,2
WBGene00019100,68,309,377
WBGene00019101,3,34,37
WBGene00019102,587,4247,4834
WBGene00019103,36,73,109
WBGene00019104,0,1,1
WBGene00019105,2,104,106
WBGene00019106,11,15,26
WBGene00019108,13,372,385
WBGene00019109,244,675,919
WBGene00019111,132,691,823
WBGene00019112,8,7,15
WBGene00019113,107,465,572
WBGene00019114,15,271,286
WBGene00019115,25,86,111
WBGene00019116,27,494,521
WBGene00019118,25,1603,1628
WBGene00019119,2,2,4
WBGene00019120,70,2123,2193
WBGene00019121,40,2453,2493
WBGene00019122,15,550,565
WBGene00019123,1,1,2
WBGene00019124,251,3375,3626
WBGene00019125,39,423,462
WBGene00019126,59,2767,2826
WBGene00019127,105,1109,1214
WBGene00019128,171,318,489
WBGene00019129,57,464,521
WBGene00019130,82,533,615
WBGene00019132,21,45,66
WBGene00019133,1,6,7
WBGene00019136,0,0,0
WBGene00019138,3,10,13
WBGene00019139,5,74,79
WBGene00019140,10,106,116
WBGene00019141,16,284,300
WBGene00019142,15,452,467
WBGene00019143,62,909,971
WBGene00019144,14,26,40
WBGene00019145,1,2,3
WBGene00019146,1,4,5
WBGene00019148,47,796,843
WBGene00019149,54,139,193
WBGene00019150,23,20,43
WBGene00019151,1,4,5
WBGene00019152,7,83,90
WBGene00019153,1,154,155
WBGene00019154,27,969,996
WBGene00019155,3,1,4
WBGene00019156,49,915,964
WBGene00019157,629,1707,2336
WBGene00019158,92,2792,2884
WBGene00019159,6,11,17
WBGene00019160,684,68267,68951
WBGene00019162,165,30426,30591
WBGene00019163,345,2953,3298
WBGene00019164,24,188,212
WBGene00019165,1,0,1
WBGene00019166,335,627,962
WBGene00019167,299,1563,1862
WBGene00019168,1909,18778,20687
WBGene00019169,3,6,9
WBGene00019170,234,4430,4664
WBGene00019171,10,6,16
WBGene00019174,168,137,305
WBGene00019177,14,227,241
WBGene00019178,1,1,2
WBGene00019179,0,0,0
WBGene00019180,401,841,1242
WBGene00019182,26,131,157
WBGene00019183,865,40,905
WBGene00019184,44,450,494
WBGene00019185,40,826,866
WBGene00019186,2,2,4
WBGene00019187,55,345,400
WBGene00019188,164,1688,1852
WBGene00019189,1,13,14
WBGene00019190,22,0,22
WBGene00019192,1,0,1
WBGene00019194,12,34,46
WBGene00019196,28,2359,2387
WBGene00019197,6,31,37
WBGene00019198,115,565,680
WBGene00019199,218,1592,1810
WBGene00019200,67,532,599
WBGene00019201,8,2,10
WBGene00019202,21,10,31
WBGene00019203,780,12301,13081
WBGene00019204,633,1302,1935
WBGene00019205,2361,6240,8601
WBGene00019207,588,8404,8992
WBGene00019209,344,4134,4478
WBGene00019211,546,2195,2741
WBGene00019212,130,2452,2582
WBGene00019213,22,106,128
WBGene00019214,3,5,8
WBGene00019215,5,5,10
WBGene00019216,2,7,9
WBGene00019217,504,2585,3089
WBGene00019218,61,603,664
WBGene00019219,111,1707,1818
WBGene00019220,115,5478,5593
WBGene00019221,19,556,575
WBGene00019222,8,9,17
WBGene00019224,26,166,192
WBGene00019225,7,27,34
WBGene00019226,2,131,133
WBGene00019227,288,3854,4142
WBGene00019228,2,183,185
WBGene00019229,2,8,10
WBGene00019230,51,106,157
WBGene00019231,30,119,149
WBGene00019232,553,1144,1697
WBGene00019233,13,25,38
WBGene00019234,43,708,751
WBGene00019235,9,46,55
WBGene00019236,24,110,134
WBGene00019237,380,2684,3064
WBGene00019239,49,12,61
WBGene00019240,250,4195,4445
WBGene00019241,396,1842,2238
WBGene00019242,80,26,106
WBGene00019243,15,1029,1044
WBGene00019244,56,376,432
WBGene00019245,214,1861,2075
WBGene00019246,674,6421,7095
WBGene00019247,12,201,213
WBGene00019248,419,637,1056
WBGene00019249,810,16340,17150
WBGene00019250,1597,5244,6841
WBGene00019251,8,4,12
WBGene00019253,1,8,9
WBGene00019254,3,51,54
WBGene00019255,13,24,37
WBGene00019257,1,2,3
WBGene00019259,91,3062,3153
WBGene00019260,1,2,3
WBGene00019261,1,89,90
WBGene00019262,2,1,3
WBGene00019263,125,1019,1144
WBGene00019264,321,1587,1908
WBGene00019265,5,431,436
WBGene00019266,6,51,57
WBGene00019267,1,0,1
WBGene00019268,72,651,723
WBGene00019269,16,23,39
WBGene00019270,189,399,588
WBGene00019272,130,722,852
WBGene00019273,3,25,28
WBGene00019274,178,1081,1259
WBGene00019275,324,2046,2370
WBGene00019276,174,2110,2284
WBGene00019277,262,4211,4473
WBGene00019279,8044,3158,11202
WBGene00019280,64,1387,1451
WBGene00019281,0,0,0
WBGene00019282,2069,91495,93564
WBGene00019283,0,0,0
WBGene00019284,97,2163,2260
WBGene00019285,70,441,511
WBGene00019286,97,132,229
WBGene00019287,18,107,125
WBGene00019288,0,9,9
WBGene00019289,198,1906,2104
WBGene00019290,5,176,181
WBGene00019292,1,2,3
WBGene00019293,2,249,251
WBGene00019294,380,3749,4129
WBGene00019295,329,3471,3800
WBGene00019296,49,3383,3432
WBGene00019297,6,4,10
WBGene00019298,73,857,930
WBGene00019299,74,1098,1172
WBGene00019300,51,800,851
WBGene00019301,767,9904,10671
WBGene00019302,2,2,4
WBGene00019303,104,29,133
WBGene00019304,30,439,469
WBGene00019305,115,3314,3429
WBGene00019306,8,110,118
WBGene00019309,4,5,9
WBGene00019312,0,12,12
WBGene00019313,0,7,7
WBGene00019314,2,26,28
WBGene00019315,157,2421,2578
WBGene00019316,2,164,166
WBGene00019317,67,660,727
WBGene00019318,216,246,462
WBGene00019319,40,315,355
WBGene00019320,19,88,107
WBGene00019321,55,532,587
WBGene00019322,238,73440,73678
WBGene00019323,1044,5091,6135
WBGene00019324,447,11790,12237
WBGene00019326,238,2900,3138
WBGene00019327,499,16728,17227
WBGene00019328,405,5855,6260
WBGene00019329,231,871,1102
WBGene00019331,98,535,633
WBGene00019332,1897,22567,24464
WBGene00019333,507,5682,6189
WBGene00019334,23,1835,1858
WBGene00019335,2,58,60
WBGene00019337,3,2,5
WBGene00019338,3,1,4
WBGene00019339,0,78,78
WBGene00019340,0,1,1
WBGene00019341,0,1,1
WBGene00019342,0,47,47
WBGene00019343,40,48,88
WBGene00019344,54,618,672
WBGene00019345,48,278,326
WBGene00019346,40,339,379
WBGene00019347,561,485,1046
WBGene00019348,1,23,24
WBGene00019349,0,2,2
WBGene00019350,3,4,7
WBGene00019351,63,1161,1224
WBGene00019352,61,451,512
WBGene00019353,63,1687,1750
WBGene00019354,60,1708,1768
WBGene00019355,167,1826,1993
WBGene00019356,1,2,3
WBGene00019357,0,12765,12765
WBGene00019359,67,11,78
WBGene00019360,51,120,171
WBGene00019361,170,2643,2813
WBGene00019362,139,290,429
WBGene00019364,23,469,492
WBGene00019365,230,2810,3040
WBGene00019367,4,30,34
WBGene00019368,27,97,124
WBGene00019369,16,11,27
WBGene00019370,83,261,344
WBGene00019371,1,0,1
WBGene00019372,3,46,49
WBGene00019373,38,576,614
WBGene00019374,42,448,490
WBGene00019376,0,5,5
WBGene00019379,3,29,32
WBGene00019380,600,5756,6356
WBGene00019381,0,14681,14681
WBGene00019382,11,56,67
WBGene00019383,2,1,3
WBGene00019386,1,5,6
WBGene00019387,0,3,3
WBGene00019388,8,80,88
WBGene00019389,6,11,17
WBGene00019391,5,14,19
WBGene00019392,2,1,3
WBGene00019393,15,18,33
WBGene00019394,181,493,674
WBGene00019395,36,169,205
WBGene00019396,81,1400,1481
WBGene00019399,57,2763,2820
WBGene00019400,208,2102,2310
WBGene00019401,183,13741,13924
WBGene00019402,159,5655,5814
WBGene00019403,141,1143,1284
WBGene00019404,2,21,23
WBGene00019405,5,30,35
WBGene00019406,6,35,41
WBGene00019407,326,1771,2097
WBGene00019408,114,1221,1335
WBGene00019409,0,0,0
WBGene00019410,0,3,3
WBGene00019411,2,12,14
WBGene00019412,0,0,0
WBGene00019413,0,2,2
WBGene00019414,0,0,0
WBGene00019415,3,4,7
WBGene00019416,0,6,6
WBGene00019417,0,1,1
WBGene00019418,0,1,1
WBGene00019419,0,0,0
WBGene00019420,0,0,0
WBGene00019421,0,4,4
WBGene00019422,0,8,8
WBGene00019423,43,1,44
WBGene00019424,6,154,160
WBGene00019425,3,6,9
WBGene00019426,4,320,324
WBGene00019427,56,1426,1482
WBGene00019428,417,821,1238
WBGene00019429,81,970,1051
WBGene00019430,0,118,118
WBGene00019431,12,25,37
WBGene00019432,225,4777,5002
WBGene00019433,181,12328,12509
WBGene00019434,459,758,1217
WBGene00019435,16,94,110
WBGene00019436,108,826,934
WBGene00019437,365,3294,3659
WBGene00019438,0,0,0
WBGene00019442,0,0,0
WBGene00019443,43,21,64
WBGene00019444,22,61,83
WBGene00019445,36,95,131
WBGene00019448,42,334,376
WBGene00019449,0,1,1
WBGene00019450,2,0,2
WBGene00019451,0,1,1
WBGene00019452,1,0,1
WBGene00019453,4,0,4
WBGene00019455,15,87,102
WBGene00019456,83,591,674
WBGene00019457,353,2239,2592
WBGene00019458,60,681,741
WBGene00019459,2,7,9
WBGene00019460,76,1239,1315
WBGene00019461,39,25,64
WBGene00019462,403,101,504
WBGene00019464,13,743,756
WBGene00019465,816,5149,5965
WBGene00019466,1582,40948,42530
WBGene00019467,20,2190,2210
WBGene00019470,0,0,0
WBGene00019471,1,0,1
WBGene00019472,2,8,10
WBGene00019473,6,7,13
WBGene00019476,34,649,683
WBGene00019477,17,139,156
WBGene00019478,1216,11034,12250
WBGene00019479,256,2240,2496
WBGene00019480,113,1406,1519
WBGene00019481,164,5048,5212
WBGene00019482,76,1131,1207
WBGene00019483,11,15,26
WBGene00019484,3,413,416
WBGene00019485,118,410,528
WBGene00019486,5,23,28
WBGene00019487,59,560,619
WBGene00019488,151,3263,3414
WBGene00019489,27,904,931
WBGene00019490,81,1974,2055
WBGene00019491,50,964,1014
WBGene00019492,1244,5346,6590
WBGene00019493,26,190,216
WBGene00019495,37,652,689
WBGene00019496,15,94,109
WBGene00019497,92,1629,1721
WBGene00019498,130,1170,1300
WBGene00019501,1,1,2
WBGene00019502,0,1,1
WBGene00019503,64,635,699
WBGene00019504,54,2308,2362
WBGene00019506,3,25,28
WBGene00019507,3,0,3
WBGene00019508,15,66,81
WBGene00019509,7,170,177
WBGene00019510,1011,56773,57784
WBGene00019511,193,3271,3464
WBGene00019512,10,26,36
WBGene00019513,38,977,1015
WBGene00019514,2,3,5
WBGene00019515,8,98,106
WBGene00019516,17,97,114
WBGene00019518,31,115,146
WBGene00019519,216,757,973
WBGene00019520,3,385,388
WBGene00019521,194,3676,3870
WBGene00019522,155,885,1040
WBGene00019524,2,3,5
WBGene00019525,254,1719,1973
WBGene00019527,1,7,8
WBGene00019529,0,0,0
WBGene00019530,1,4,5
WBGene00019531,3,0,3
WBGene00019533,1,4,5
WBGene00019534,2,0,2
WBGene00019535,25,263,288
WBGene00019536,149,151,300
WBGene00019537,0,73451,73451
WBGene00019538,45,493,538
WBGene00019540,180,7425,7605
WBGene00019541,7,153,160
WBGene00019543,680,7931,8611
WBGene00019544,98,2368,2466
WBGene00019545,64,488,552
WBGene00019546,102,892,994
WBGene00019547,3,5,8
WBGene00019548,1,2,3
WBGene00019549,2,0,2
WBGene00019550,3,16,19
WBGene00019551,3,215,218
WBGene00019552,9,2,11
WBGene00019553,4,61,65
WBGene00019554,50,610,660
WBGene00019556,1,11,12
WBGene00019557,2,3,5
WBGene00019558,2,0,2
WBGene00019559,0,0,0
WBGene00019560,0,0,0
WBGene00019561,3,7,10
WBGene00019562,1,3,4
WBGene00019563,7,57,64
WBGene00019564,61,516,577
WBGene00019565,1,7,8
WBGene00019566,0,2,2
WBGene00019567,0,2,2
WBGene00019570,29,99,128
WBGene00019571,238,51,289
WBGene00019572,0,63,63
WBGene00019574,0,1,1
WBGene00019576,0,32,32
WBGene00019577,4,83,87
WBGene00019578,0,1,1
WBGene00019579,5,20,25
WBGene00019580,0,11,11
WBGene00019582,7,8,15
WBGene00019583,0,1,1
WBGene00019584,4,10,14
WBGene00019586,19,26,45
WBGene00019587,0,5,5
WBGene00019588,0,17,17
WBGene00019589,41,70,111
WBGene00019590,0,1,1
WBGene00019591,0,1,1
WBGene00019592,0,203,203
WBGene00019593,17,425,442
WBGene00019594,56,13,69
WBGene00019595,30,639,669
WBGene00019597,47,556,603
WBGene00019598,0,5,5
WBGene00019599,41,248,289
WBGene00019600,11,141,152
WBGene00019601,4,25,29
WBGene00019602,0,0,0
WBGene00019603,26,403,429
WBGene00019604,0,0,0
WBGene00019605,24,103,127
WBGene00019606,0,34,34
WBGene00019607,1057,9189,10246
WBGene00019608,12,435,447
WBGene00019609,539,2602,3141
WBGene00019611,26,839,865
WBGene00019612,210,1671,1881
WBGene00019613,6,4,10
WBGene00019614,2,4,6
WBGene00019615,106,643,749
WBGene00019616,17,140,157
WBGene00019617,29,400,429
WBGene00019618,16,33,49
WBGene00019619,25,255,280
WBGene00019620,74,4879,4953
WBGene00019621,0,1,1
WBGene00019622,0,2,2
WBGene00019623,78,728,806
WBGene00019624,556,4932,5488
WBGene00019625,15,17,32
WBGene00019626,3,8,11
WBGene00019627,157,1361,1518
WBGene00019628,60,2438,2498
WBGene00019629,55,1535,1590
WBGene00019630,69,631,700
WBGene00019631,95,2034,2129
WBGene00019633,196,917,1113
WBGene00019636,20,191,211
WBGene00019638,4,0,4
WBGene00019639,0,28,28
WBGene00019640,30,26,56
WBGene00019641,65,316,381
WBGene00019642,26,98,124
WBGene00019643,19,570,589
WBGene00019644,25,74,99
WBGene00019645,163,2530,2693
WBGene00019646,1,6,7
WBGene00019647,85,2199,2284
WBGene00019648,2,47,49
WBGene00019649,16,161,177
WBGene00019650,244,1456,1700
WBGene00019651,177,1228,1405
WBGene00019652,33,1221,1254
WBGene00019653,2,6,8
WBGene00019654,4,28,32
WBGene00019655,15,190,205
WBGene00019656,53,2812,2865
WBGene00019657,85,1168,1253
WBGene00019658,250,3413,3663
WBGene00019659,4,5,9
WBGene00019660,0,57,57
WBGene00019661,3,61,64
WBGene00019662,7,13,20
WBGene00019663,68,2385,2453
WBGene00019664,450,4777,5227
WBGene00019665,21,216,237
WBGene00019666,21,879,900
WBGene00019667,5,10,15
WBGene00019668,5,4,9
WBGene00019669,19,90,109
WBGene00019670,0,1,1
WBGene00019673,68,1106,1174
WBGene00019674,6,22,28
WBGene00019675,0,1,1
WBGene00019677,126,613,739
WBGene00019678,603,4381,4984
WBGene00019679,363,5665,6028
WBGene00019680,0,30745,30745
WBGene00019681,0,5,5
WBGene00019682,36,394,430
WBGene00019683,438,96,534
WBGene00019684,3,7,10
WBGene00019685,5,4,9
WBGene00019686,315,2491,2806
WBGene00019687,1,2,3
WBGene00019688,12,27,39
WBGene00019689,8,25,33
WBGene00019690,2,9,11
WBGene00019691,34,91,125
WBGene00019692,33,241,274
WBGene00019693,61,6869,6930
WBGene00019697,700,1973,2673
WBGene00019698,541,7638,8179
WBGene00019699,2,1,3
WBGene00019700,1,0,1
WBGene00019702,0,0,0
WBGene00019703,1,2,3
WBGene00019704,0,4,4
WBGene00019705,0,20,20
WBGene00019709,0,0,0
WBGene00019710,5,642,647
WBGene00019711,197,3252,3449
WBGene00019712,13,242,255
WBGene00019713,63,465,528
WBGene00019714,0,0,0
WBGene00019715,141,1185,1326
WBGene00019716,953,2541,3494
WBGene00019717,39,111,150
WBGene00019718,4,13,17
WBGene00019719,4408,14082,18490
WBGene00019720,145,920,1065
WBGene00019721,10,6,16
WBGene00019722,2,14,16
WBGene00019723,2,116,118
WBGene00019724,165,810,975
WBGene00019725,27,449,476
WBGene00019726,509,1046,1555
WBGene00019727,836,41870,42706
WBGene00019728,0,5,5
WBGene00019729,52,688,740
WBGene00019730,48,971,1019
WBGene00019731,45,42,87
WBGene00019732,1,1140,1141
WBGene00019733,555,2122,2677
WBGene00019734,223,2726,2949
WBGene00019735,16,76,92
WBGene00019736,9,18,27
WBGene00019738,8,88,96
WBGene00019740,1,0,1
WBGene00019741,23,694,717
WBGene00019742,54,196,250
WBGene00019743,51,412,463
WBGene00019744,56,659,715
WBGene00019745,1,14,15
WBGene00019746,99,203,302
WBGene00019747,485,2243,2728
WBGene00019748,156,3302,3458
WBGene00019749,81,718,799
WBGene00019750,1349,1526,2875
WBGene00019751,125,2169,2294
WBGene00019753,50,373,423
WBGene00019754,8,554,562
WBGene00019755,0,3,3
WBGene00019756,12,46,58
WBGene00019757,204,931,1135
WBGene00019758,2,12,14
WBGene00019759,287,94352,94639
WBGene00019760,2084,48204,50288
WBGene00019761,8,32,40
WBGene00019762,593,4785,5378
WBGene00019763,19,117,136
WBGene00019764,63,775,838
WBGene00019765,285,225,510
WBGene00019766,150,1027,1177
WBGene00019767,107,13941,14048
WBGene00019768,291,1205,1496
WBGene00019769,9,116,125
WBGene00019770,3403,6404,9807
WBGene00019771,992,2709,3701
WBGene00019772,427,5747,6174
WBGene00019773,4,16,20
WBGene00019774,287,526,813
WBGene00019776,14,111,125
WBGene00019777,43,193,236
WBGene00019778,53,1029,1082
WBGene00019779,25,113,138
WBGene00019780,295,23230,23525
WBGene00019781,180,1091,1271
WBGene00019782,2,24,26
WBGene00019783,5,3,8
WBGene00019784,4,13,17
WBGene00019785,5,21,26
WBGene00019786,238,862,1100
WBGene00019787,149,815,964
WBGene00019788,0,11,11
WBGene00019791,0,9,9
WBGene00019792,59,331,390
WBGene00019793,0,0,0
WBGene00019794,0,0,0
WBGene00019795,0,0,0
WBGene00019796,5,3,8
WBGene00019797,0,0,0
WBGene00019798,0,0,0
WBGene00019799,0,7,7
WBGene00019800,26,8514,8540
WBGene00019801,161,1276,1437
WBGene00019803,4,39,43
WBGene00019804,8,0,8
WBGene00019805,36,297,333
WBGene00019806,13,326,339
WBGene00019807,112,877,989
WBGene00019808,81,3175,3256
WBGene00019809,0,0,0
WBGene00019810,1,14,15
WBGene00019811,3,56,59
WBGene00019812,153,206,359
WBGene00019813,55,2745,2800
WBGene00019814,34,196,230
WBGene00019815,0,2,2
WBGene00019816,98,628,726
WBGene00019817,31,289,320
WBGene00019818,305,2139,2444
WBGene00019819,138,4319,4457
WBGene00019820,59,2067,2126
WBGene00019821,132,1823,1955
WBGene00019822,96,1195,1291
WBGene00019823,161,3417,3578
WBGene00019824,79,914,993
WBGene00019825,68,560,628
WBGene00019826,0,6,6
WBGene00019827,160,1501,1661
WBGene00019828,124,92,216
WBGene00019829,21,821,842
WBGene00019830,37,657,694
WBGene00019831,295,20872,21167
WBGene00019832,182,736,918
WBGene00019833,3,34,37
WBGene00019834,0,15,15
WBGene00019835,0,1,1
WBGene00019836,115,2033,2148
WBGene00019837,30,204,234
WBGene00019838,411,6182,6593
WBGene00019839,1,857,858
WBGene00019840,7,210,217
WBGene00019841,116,2801,2917
WBGene00019842,1374,982,2356
WBGene00019843,94,1331,1425
WBGene00019844,279,785,1064
WBGene00019845,26,47,73
WBGene00019846,7,57,64
WBGene00019847,194,1304,1498
WBGene00019849,7,58,65
WBGene00019850,1,1,2
WBGene00019851,2,13,15
WBGene00019854,117,215,332
WBGene00019855,493,3221,3714
WBGene00019856,4,0,4
WBGene00019857,4,0,4
WBGene00019858,20,250,270
WBGene00019859,2,74,76
WBGene00019861,11,36,47
WBGene00019862,29,1220,1249
WBGene00019863,333,883,1216
WBGene00019864,69,734,803
WBGene00019865,12,133,145
WBGene00019866,17,97,114
WBGene00019867,106,1181,1287
WBGene00019868,60,916,976
WBGene00019869,7,16,23
WBGene00019870,17,623,640
WBGene00019871,27,1305,1332
WBGene00019872,309,941,1250
WBGene00019873,84,686,770
WBGene00019874,8,28,36
WBGene00019875,109,2422,2531
WBGene00019877,40,2199,2239
WBGene00019878,31,195,226
WBGene00019879,0,0,0
WBGene00019880,0,0,0
WBGene00019881,108,1299,1407
WBGene00019882,364,2841,3205
WBGene00019883,116,2477,2593
WBGene00019884,118,1128,1246
WBGene00019885,84,766,850
WBGene00019886,0,1,1
WBGene00019887,34,23,57
WBGene00019888,340,4487,4827
WBGene00019890,54,9435,9489
WBGene00019891,10,13,23
WBGene00019892,53,1212,1265
WBGene00019893,154,16678,16832
WBGene00019894,27,125,152
WBGene00019895,198,2023,2221
WBGene00019896,19,152,171
WBGene00019898,191,1898,2089
WBGene00019899,257,642,899
WBGene00019900,847,94790,95637
WBGene00019901,11,242,253
WBGene00019902,331,894,1225
WBGene00019903,0,3,3
WBGene00019904,185,2311,2496
WBGene00019905,1,13,14
WBGene00019906,7,36,43
WBGene00019907,34,425,459
WBGene00019908,738,4070,4808
WBGene00019909,59,68,127
WBGene00019911,125,1581,1706
WBGene00019913,14,9,23
WBGene00019914,34,94,128
WBGene00019915,165,1002,1167
WBGene00019916,0,0,0
WBGene00019917,1,20,21
WBGene00019918,22,255,277
WBGene00019919,0,1,1
WBGene00019920,2,0,2
WBGene00019921,0,9,9
WBGene00019922,4,26,30
WBGene00019923,0,8,8
WBGene00019924,43,464,507
WBGene00019925,2,3,5
WBGene00019926,1,8,9
WBGene00019927,2,16,18
WBGene00019928,4,10,14
WBGene00019929,5,6,11
WBGene00019931,1,0,1
WBGene00019933,3,3,6
WBGene00019935,57,147,204
WBGene00019937,0,13683,13683
WBGene00019938,104,801,905
WBGene00019939,14,40,54
WBGene00019940,327,6931,7258
WBGene00019941,184,7008,7192
WBGene00019943,144,1227,1371
WBGene00019944,82,2932,3014
WBGene00019945,0,0,0
WBGene00019946,133,4028,4161
WBGene00019947,27,30147,30174
WBGene00019948,19,131,150
WBGene00019949,1,2,3
WBGene00019950,7,9,16
WBGene00019951,4,36,40
WBGene00019952,1,631,632
WBGene00019953,220,4738,4958
WBGene00019954,0,2,2
WBGene00019955,467,1188,1655
WBGene00019956,0,28,28
WBGene00019957,11,101,112
WBGene00019959,98,778,876
WBGene00019960,102,832,934
WBGene00019961,3,24,27
WBGene00019962,50,618,668
WBGene00019963,33,1027,1060
WBGene00019964,22,49,71
WBGene00019965,27,112,139
WBGene00019966,9,21,30
WBGene00019967,51,996,1047
WBGene00019968,29,963,992
WBGene00019970,3,107,110
WBGene00019971,92,2225,2317
WBGene00019972,5,24,29
WBGene00019973,8,40,48
WBGene00019975,127,977,1104
WBGene00019977,9,32,41
WBGene00019978,4,70,74
WBGene00019979,16,183,199
WBGene00019980,6,5,11
WBGene00019981,18,3,21
WBGene00019982,18,22,40
WBGene00019983,125,8214,8339
WBGene00019986,7,78,85
WBGene00019987,19,641,660
WBGene00019988,15,2090,2105
WBGene00019989,2,31,33
WBGene00019991,0,0,0
WBGene00019992,0,0,0
WBGene00019993,32,2286,2318
WBGene00019994,356,566,922
WBGene00019995,14,176,190
WBGene00019996,5,7,12
WBGene00019997,17,29,46
WBGene00019998,645,5939,6584
WBGene00019999,44,155,199
WBGene00020003,25,62,87
WBGene00020004,1,6,7
WBGene00020006,99,981,1080
WBGene00020007,97,5293,5390
WBGene00020008,37,268,305
WBGene00020009,10,373,383
WBGene00020010,18,49,67
WBGene00020011,629,78,707
WBGene00020012,339,7114,7453
WBGene00020013,2,0,2
WBGene00020014,4,60,64
WBGene00020015,1,13,14
WBGene00020016,6,3,9
WBGene00020017,23,210,233
WBGene00020018,83,904,987
WBGene00020019,10,6,16
WBGene00020020,112,21,133
WBGene00020021,1,12,13
WBGene00020022,30,753,783
WBGene00020023,57,504,561
WBGene00020024,5,1,6
WBGene00020025,97,8115,8212
WBGene00020026,262,2801,3063
WBGene00020027,190,3914,4104
WBGene00020029,190,2666,2856
WBGene00020030,38,674,712
WBGene00020031,195,2110,2305
WBGene00020032,2,7,9
WBGene00020033,345,3429,3774
WBGene00020034,20,134,154
WBGene00020035,4,65,69
WBGene00020036,302,4417,4719
WBGene00020037,75,5770,5845
WBGene00020038,253,5901,6154
WBGene00020039,92,1521,1613
WBGene00020040,108,690,798
WBGene00020041,4,5,9
WBGene00020042,1,0,1
WBGene00020043,46,578,624
WBGene00020044,0,3,3
WBGene00020045,48,489,537
WBGene00020046,12,15,27
WBGene00020047,37,268,305
WBGene00020048,23,269,292
WBGene00020049,7,969,976
WBGene00020050,31,205,236
WBGene00020051,83,1513,1596
WBGene00020052,16,1032,1048
WBGene00020053,0,18,18
WBGene00020054,184,12971,13155
WBGene00020055,1,7,8
WBGene00020056,1,5,6
WBGene00020057,4,4,8
WBGene00020058,276,2285,2561
WBGene00020060,20,14,34
WBGene00020062,24,1224,1248
WBGene00020063,4,3,7
WBGene00020064,184,1205,1389
WBGene00020066,3,241,244
WBGene00020067,0,2,2
WBGene00020068,585,8598,9183
WBGene00020069,244,532,776
WBGene00020070,3,12,15
WBGene00020071,0,0,0
WBGene00020072,0,0,0
WBGene00020073,0,1,1
WBGene00020076,0,0,0
WBGene00020077,1,0,1
WBGene00020078,1,7,8
WBGene00020080,16,1,17
WBGene00020082,501,2645,3146
WBGene00020083,88,1050,1138
WBGene00020084,1,8,9
WBGene00020086,44,100,144
WBGene00020088,45,168,213
WBGene00020089,861,3328,4189
WBGene00020090,179,614,793
WBGene00020091,15,215,230
WBGene00020092,555,3131,3686
WBGene00020093,86,485,571
WBGene00020094,45,1136,1181
WBGene00020095,38,855,893
WBGene00020096,7,958,965
WBGene00020097,2674,19416,22090
WBGene00020098,29,378,407
WBGene00020099,190,1234,1424
WBGene00020100,168,557,725
WBGene00020101,174,1453,1627
WBGene00020102,441,2520,2961
WBGene00020103,4,145,149
WBGene00020104,52,1365,1417
WBGene00020105,159,409,568
WBGene00020106,462,3538,4000
WBGene00020107,135,5375,5510
WBGene00020109,0,60,60
WBGene00020110,0,1513,1513
WBGene00020111,0,204,204
WBGene00020112,0,5104,5104
WBGene00020113,0,3,3
WBGene00020114,4406,16180,20586
WBGene00020115,898,7798,8696
WBGene00020116,5,6,11
WBGene00020117,1,5,6
WBGene00020118,0,2,2
WBGene00020119,2,0,2
WBGene00020120,2,2,4
WBGene00020121,0,6,6
WBGene00020122,0,14,14
WBGene00020123,5,1,6
WBGene00020125,35,311,346
WBGene00020126,70,2528,2598
WBGene00020127,1,0,1
WBGene00020128,205,59,264
WBGene00020129,4,0,4
WBGene00020130,34,98,132
WBGene00020131,1208,5904,7112
WBGene00020134,1396,1029,2425
WBGene00020135,120,1827,1947
WBGene00020136,3,11,14
WBGene00020137,46,547,593
WBGene00020138,6,50,56
WBGene00020139,73,1350,1423
WBGene00020140,0,3,3
WBGene00020141,45,504,549
WBGene00020142,311,2670,2981
WBGene00020143,1134,15864,16998
WBGene00020144,20,14,34
WBGene00020146,179,16318,16497
WBGene00020148,24,254,278
WBGene00020149,53,2193,2246
WBGene00020150,9,10,19
WBGene00020151,0,45,45
WBGene00020152,13,36,49
WBGene00020153,9,96,105
WBGene00020154,2,19,21
WBGene00020155,44,74394,74438
WBGene00020156,116,39450,39566
WBGene00020157,63,62,125
WBGene00020158,34,303,337
WBGene00020160,259,2675,2934
WBGene00020163,119,653,772
WBGene00020166,159,3526,3685
WBGene00020168,13,164,177
WBGene00020169,88,2762,2850
WBGene00020170,76,79,155
WBGene00020171,607,2886,3493
WBGene00020172,100,741,841
WBGene00020173,1,5,6
WBGene00020174,4,0,4
WBGene00020175,4,31,35
WBGene00020176,4,1,5
WBGene00020177,0,0,0
WBGene00020178,0,0,0
WBGene00020179,1,6,7
WBGene00020180,1,0,1
WBGene00020181,5663,71485,77148
WBGene00020182,3,7,10
WBGene00020183,27,407,434
WBGene00020184,61,2240,2301
WBGene00020185,56,17472,17528
WBGene00020187,52,406,458
WBGene00020188,4,81,85
WBGene00020189,198,630,828
WBGene00020190,823,6105,6928
WBGene00020191,11,38,49
WBGene00020192,41,6202,6243
WBGene00020193,56,947,1003
WBGene00020194,263,4727,4990
WBGene00020195,132,10971,11103
WBGene00020196,120,310,430
WBGene00020197,76,1854,1930
WBGene00020199,13,848,861
WBGene00020200,449,6985,7434
WBGene00020201,1,9,10
WBGene00020202,0,1,1
WBGene00020203,12,6,18
WBGene00020205,0,20,20
WBGene00020207,248,1638,1886
WBGene00020208,492,1023,1515
WBGene00020209,1115,5359,6474
WBGene00020210,0,2,2
WBGene00020211,0,6,6
WBGene00020212,43,61,104
WBGene00020214,76,669,745
WBGene00020215,229,4261,4490
WBGene00020216,125,22146,22271
WBGene00020217,3,3,6
WBGene00020218,15,108,123
WBGene00020219,65,540,605
WBGene00020220,36,20,56
WBGene00020221,0,128,128
WBGene00020222,22,665,687
WBGene00020223,2,36,38
WBGene00020224,32,232,264
WBGene00020225,7,14,21
WBGene00020227,3,15,18
WBGene00020228,1,7,8
WBGene00020229,2183,5635,7818
WBGene00020230,641,2956,3597
WBGene00020231,66,171,237
WBGene00020232,2,2,4
WBGene00020233,5,86,91
WBGene00020234,575,3070,3645
WBGene00020235,254,1562,1816
WBGene00020236,80,54,134
WBGene00020237,2,4472,4474
WBGene00020239,1,9,10
WBGene00020240,0,53,53
WBGene00020241,0,10,10
WBGene00020242,0,122,122
WBGene00020243,1,28,29
WBGene00020244,1,31,32
WBGene00020245,15,611,626
WBGene00020246,222,11262,11484
WBGene00020247,13,12,25
WBGene00020248,18,817,835
WBGene00020249,213,921,1134
WBGene00020250,27,629,656
WBGene00020251,1220,5550,6770
WBGene00020252,21,17,38
WBGene00020254,8,15,23
WBGene00020256,13,22,35
WBGene00020258,37,167,204
WBGene00020259,108,954,1062
WBGene00020260,385,3610,3995
WBGene00020261,1,19,20
WBGene00020262,4,23,27
WBGene00020263,323,1490,1813
WBGene00020264,42,448,490
WBGene00020265,0,1,1
WBGene00020266,3,17,20
WBGene00020267,12,121,133
WBGene00020268,314,2800,3114
WBGene00020269,241,16911,17152
WBGene00020270,8,67,75
WBGene00020273,504,2047,2551
WBGene00020274,149,2568,2717
WBGene00020275,5955,78021,83976
WBGene00020276,1,203,204
WBGene00020277,8,64,72
WBGene00020279,125,661,786
WBGene00020280,2,25,27
WBGene00020281,37,135,172
WBGene00020282,3,3,6
WBGene00020283,36,210,246
WBGene00020284,637,2867,3504
WBGene00020285,2,15,17
WBGene00020286,33,2097,2130
WBGene00020287,418,3733,4151
WBGene00020288,5,5,10
WBGene00020289,2,4,6
WBGene00020290,0,1,1
WBGene00020291,1,2,3
WBGene00020292,0,0,0
WBGene00020293,1,2,3
WBGene00020294,517,2138,2655
WBGene00020295,49,483,532
WBGene00020296,225,2598,2823
WBGene00020297,1727,24644,26371
WBGene00020298,233,2573,2806
WBGene00020299,296,1843,2139
WBGene00020300,32,715,747
WBGene00020301,350,1403,1753
WBGene00020302,0,217,217
WBGene00020305,1,0,1
WBGene00020307,71,164,235
WBGene00020311,20,744,764
WBGene00020313,22,21,43
WBGene00020314,44,828,872
WBGene00020315,131,7927,8058
WBGene00020316,363,1503,1866
WBGene00020317,682,15128,15810
WBGene00020318,1,45,46
WBGene00020319,3,49,52
WBGene00020320,12,677,689
WBGene00020321,32,894,926
WBGene00020322,21,1228,1249
WBGene00020323,12,41,53
WBGene00020324,31,2205,2236
WBGene00020325,1,19,20
WBGene00020326,1,1,2
WBGene00020327,0,49,49
WBGene00020328,0,7,7
WBGene00020329,0,8,8
WBGene00020330,68,1136,1204
WBGene00020333,0,15,15
WBGene00020334,344,2611,2955
WBGene00020335,12,263,275
WBGene00020339,6,331,337
WBGene00020340,2,57,59
WBGene00020341,69,766,835
WBGene00020342,0,3,3
WBGene00020343,57,562,619
WBGene00020345,17,46,63
WBGene00020346,557,2860,3417
WBGene00020347,1494,9522,11016
WBGene00020348,27,3231,3258
WBGene00020349,17,76,93
WBGene00020350,0,22,22
WBGene00020351,0,1,1
WBGene00020353,2,1,3
WBGene00020354,1,3,4
WBGene00020356,2,4,6
WBGene00020357,5,1,6
WBGene00020358,1,11,12
WBGene00020359,0,5,5
WBGene00020360,36,118,154
WBGene00020361,1,19,20
WBGene00020362,0,1,1
WBGene00020363,40,350,390
WBGene00020364,1,1,2
WBGene00020365,61,145,206
WBGene00020366,609,10588,11197
WBGene00020368,52,1317,1369
WBGene00020369,65,737,802
WBGene00020370,2,27,29
WBGene00020371,3,1,4
WBGene00020372,5,16,21
WBGene00020373,15,1473,1488
WBGene00020374,2068,3379,5447
WBGene00020375,13,370,383
WBGene00020376,50,660,710
WBGene00020377,49,327,376
WBGene00020378,62,562,624
WBGene00020379,75,3964,4039
WBGene00020380,11,671,682
WBGene00020381,18,100,118
WBGene00020382,1845,42194,44039
WBGene00020383,1276,4894,6170
WBGene00020384,1,4,5
WBGene00020385,38,91,129
WBGene00020386,2,7,9
WBGene00020389,305,6084,6389
WBGene00020390,125,2499,2624
WBGene00020391,91,27357,27448
WBGene00020392,74,1886,1960
WBGene00020393,14,66,80
WBGene00020394,49,385,434
WBGene00020396,40,373,413
WBGene00020397,537,7724,8261
WBGene00020398,233,2287,2520
WBGene00020399,255,3402,3657
WBGene00020400,1,2,3
WBGene00020401,15,103,118
WBGene00020402,139,2389,2528
WBGene00020403,305,2488,2793
WBGene00020404,40,610,650
WBGene00020406,2,1,3
WBGene00020407,39,553,592
WBGene00020408,147,738,885
WBGene00020409,1,0,1
WBGene00020410,0,0,0
WBGene00020411,21,508,529
WBGene00020412,79,779,858
WBGene00020413,163,2266,2429
WBGene00020414,8,8,16
WBGene00020415,62,460,522
WBGene00020416,3,1,4
WBGene00020417,68,18653,18721
WBGene00020418,31,211,242
WBGene00020419,32,110,142
WBGene00020420,57,6,63
WBGene00020421,15,20,35
WBGene00020422,29,915,944
WBGene00020423,38,6423,6461
WBGene00020424,8,130,138
WBGene00020425,93,1066,1159
WBGene00020426,13,721,734
WBGene00020427,96,1432,1528
WBGene00020428,1,1,2
WBGene00020430,4,0,4
WBGene00020431,0,3,3
WBGene00020432,4,3,7
WBGene00020433,0,4,4
WBGene00020435,2,0,2
WBGene00020436,85,87,172
WBGene00020437,66,7880,7946
WBGene00020438,0,1,1
WBGene00020439,7,1,8
WBGene00020440,3,1,4
WBGene00020441,308,2101,2409
WBGene00020442,83,1998,2081
WBGene00020443,397,1845,2242
WBGene00020444,26,93,119
WBGene00020445,61,476,537
WBGene00020446,44,1937,1981
WBGene00020447,290,3569,3859
WBGene00020448,0,12,12
WBGene00020449,1,12,13
WBGene00020450,18,362,380
WBGene00020451,40,520,560
WBGene00020452,0,0,0
WBGene00020453,1,33,34
WBGene00020454,1,4,5
WBGene00020455,0,27,27
WBGene00020456,3,35,38
WBGene00020457,36,1122,1158
WBGene00020459,145,50,195
WBGene00020460,1,18,19
WBGene00020461,21,83,104
WBGene00020462,168,993,1161
WBGene00020463,46,682,728
WBGene00020464,14,647,661
WBGene00020465,35,206,241
WBGene00020466,19,711,730
WBGene00020467,6,40,46
WBGene00020468,3,4,7
WBGene00020469,0,193,193
WBGene00020471,582,5024,5606
WBGene00020472,2,24,26
WBGene00020473,3,3,6
WBGene00020474,10,8,18
WBGene00020475,216,3138,3354
WBGene00020476,3,3,6
WBGene00020478,166,527,693
WBGene00020479,711,5750,6461
WBGene00020480,96,1355,1451
WBGene00020481,172,2837,3009
WBGene00020482,33,109,142
WBGene00020483,3,73,76
WBGene00020484,1,103,104
WBGene00020485,7,42,49
WBGene00020486,110,935,1045
WBGene00020487,8,325,333
WBGene00020488,3,71,74
WBGene00020489,195,1080,1275
WBGene00020490,518,2930,3448
WBGene00020491,57,619,676
WBGene00020492,662,2,664
WBGene00020494,2,15,17
WBGene00020496,578,3938,4516
WBGene00020497,7,2333,2340
WBGene00020498,165,1824,1989
WBGene00020499,344,2759,3103
WBGene00020500,94,1267,1361
WBGene00020501,176,2698,2874
WBGene00020502,208,1007,1215
WBGene00020503,10,47,57
WBGene00020504,655,1884,2539
WBGene00020505,13,54,67
WBGene00020506,115,345,460
WBGene00020507,65,4215,4280
WBGene00020508,16,753,769
WBGene00020509,215,2243,2458
WBGene00020510,43,1109,1152
WBGene00020511,366,7425,7791
WBGene00020515,1,6,7
WBGene00020516,9,57,66
WBGene00020517,65,3839,3904
WBGene00020520,5,3,8
WBGene00020522,8,2,10
WBGene00020523,4,6,10
WBGene00020524,14,15,29
WBGene00020525,2,0,2
WBGene00020526,1,4,5
WBGene00020527,61,118,179
WBGene00020528,9,60,69
WBGene00020529,2,2,4
WBGene00020530,376,4680,5056
WBGene00020531,30,49,79
WBGene00020532,3,3,6
WBGene00020533,1,0,1
WBGene00020534,0,0,0
WBGene00020535,0,0,0
WBGene00020536,0,0,0
WBGene00020537,0,12,12
WBGene00020539,0,0,0
WBGene00020540,47,709,756
WBGene00020541,1,0,1
WBGene00020542,0,2,2
WBGene00020543,0,1,1
WBGene00020544,0,1,1
WBGene00020546,0,0,0
WBGene00020548,0,0,0
WBGene00020549,4,6604,6608
WBGene00020550,4,445,449
WBGene00020551,22,145,167
WBGene00020553,82,3329,3411
WBGene00020554,74,854,928
WBGene00020555,18,78,96
WBGene00020556,86,1133,1219
WBGene00020557,246,2482,2728
WBGene00020558,84,769,853
WBGene00020559,48,327,375
WBGene00020560,153,101,254
WBGene00020561,1057,11842,12899
WBGene00020562,311,4076,4387
WBGene00020563,233,2753,2986
WBGene00020564,44,125,169
WBGene00020565,8,643,651
WBGene00020566,33,433,466
WBGene00020567,16,55,71
WBGene00020568,352,3707,4059
WBGene00020569,90,470,560
WBGene00020571,13,65,78
WBGene00020572,86,570,656
WBGene00020573,18,396,414
WBGene00020574,5,14,19
WBGene00020575,30,103,133
WBGene00020576,0,68,68
WBGene00020577,7,86,93
WBGene00020578,0,1,1
WBGene00020579,40,281,321
WBGene00020580,2,8,10
WBGene00020581,669,2836,3505
WBGene00020582,1,204,205
WBGene00020583,1,53,54
WBGene00020584,6,6,12
WBGene00020585,450,11604,12054
WBGene00020586,66,295,361
WBGene00020587,175,1218,1393
WBGene00020588,107,3219,3326
WBGene00020589,1175,16888,18063
WBGene00020590,53,206,259
WBGene00020592,103,1042,1145
WBGene00020593,18,326,344
WBGene00020594,7,16,23
WBGene00020595,24,372,396
WBGene00020596,81,1057,1138
WBGene00020597,0,2,2
WBGene00020598,3,2,5
WBGene00020599,74,196,270
WBGene00020600,736,2306,3042
WBGene00020601,113,4188,4301
WBGene00020602,2,39,41
WBGene00020603,0,1,1
WBGene00020604,75,5404,5479
WBGene00020605,131,1670,1801
WBGene00020607,0,2,2
WBGene00020608,1,4,5
WBGene00020609,1,0,1
WBGene00020611,6,2,8
WBGene00020612,24,266,290
WBGene00020613,0,1,1
WBGene00020616,1,15,16
WBGene00020617,0,24,24
WBGene00020618,0,5,5
WBGene00020620,7,9,16
WBGene00020623,0,1,1
WBGene00020624,0,2,2
WBGene00020625,64,2212,2276
WBGene00020626,30,233,263
WBGene00020627,73,99,172
WBGene00020628,196,1642,1838
WBGene00020629,80,1548,1628
WBGene00020630,87,1117,1204
WBGene00020631,0,1,1
WBGene00020633,72,1610,1682
WBGene00020634,33,64,97
WBGene00020635,11,21,32
WBGene00020636,158,24132,24290
WBGene00020637,0,1,1
WBGene00020638,2,5,7
WBGene00020639,0,0,0
WBGene00020640,0,1,1
WBGene00020642,2,11,13
WBGene00020645,2,25,27
WBGene00020646,4,23,27
WBGene00020647,88,2230,2318
WBGene00020648,3,46,49
WBGene00020649,63,314,377
WBGene00020650,0,5,5
WBGene00020651,50,465,515
WBGene00020652,4,45,49
WBGene00020653,3,16,19
WBGene00020655,11,9,20
WBGene00020656,0,5,5
WBGene00020657,48,155,203
WBGene00020658,29,789,818
WBGene00020659,0,1238,1238
WBGene00020660,1,64,65
WBGene00020661,0,9,9
WBGene00020662,95,999,1094
WBGene00020663,49,135,184
WBGene00020664,82,2506,2588
WBGene00020665,1,13,14
WBGene00020666,2,2,4
WBGene00020667,6,18,24
WBGene00020669,12,0,12
WBGene00020670,0,3,3
WBGene00020672,241,28,269
WBGene00020673,82,1132,1214
WBGene00020674,5,29,34
WBGene00020675,16,2192,2208
WBGene00020678,76,810,886
WBGene00020679,541,17566,18107
WBGene00020680,1,14,15
WBGene00020681,0,0,0
WBGene00020682,373,5000,5373
WBGene00020683,146,14050,14196
WBGene00020684,6,93,99
WBGene00020685,1,0,1
WBGene00020686,16,7,23
WBGene00020687,206,4344,4550
WBGene00020688,7,33,40
WBGene00020689,318,1275,1593
WBGene00020690,285,932,1217
WBGene00020691,143,216,359
WBGene00020692,18,332,350
WBGene00020693,219,1997,2216
WBGene00020694,36,150,186
WBGene00020695,79,1959,2038
WBGene00020696,473,22316,22789
WBGene00020697,55,290,345
WBGene00020698,8,14,22
WBGene00020699,42,59,101
WBGene00020700,1,43,44
WBGene00020701,40,347,387
WBGene00020702,18,36,54
WBGene00020703,180,4773,4953
WBGene00020704,23,111,134
WBGene00020705,412,1943,2355
WBGene00020706,387,711,1098
WBGene00020707,2,12,14
WBGene00020708,4,126,130
WBGene00020709,21,1619,1640
WBGene00020710,64,5508,5572
WBGene00020712,56,218,274
WBGene00020713,1,9,10
WBGene00020714,16,233,249
WBGene00020715,0,63,63
WBGene00020716,52,507,559
WBGene00020717,417,3442,3859
WBGene00020718,69,2563,2632
WBGene00020719,93,3077,3170
WBGene00020720,4,42,46
WBGene00020721,47,576,623
WBGene00020722,98,1504,1602
WBGene00020725,7,122,129
WBGene00020726,44,720,764
WBGene00020727,18,174,192
WBGene00020728,11,10,21
WBGene00020730,8,4,12
WBGene00020732,847,14918,15765
WBGene00020735,544,3474,4018
WBGene00020736,1376,3076,4452
WBGene00020737,35,233,268
WBGene00020738,329,5316,5645
WBGene00020740,14,349,363
WBGene00020741,5,294,299
WBGene00020742,221,1539,1760
WBGene00020743,26,346,372
WBGene00020744,3,359,362
WBGene00020746,2,15,17
WBGene00020747,3,27,30
WBGene00020748,1,15,16
WBGene00020749,2,8,10
WBGene00020750,2,14,16
WBGene00020752,0,0,0
WBGene00020753,0,0,0
WBGene00020754,0,0,0
WBGene00020755,0,1,1
WBGene00020756,175,2463,2638
WBGene00020757,31,530,561
WBGene00020758,133,257,390
WBGene00020759,12,47,59
WBGene00020760,16,75,91
WBGene00020761,80,613,693
WBGene00020762,211,3560,3771
WBGene00020763,206,897,1103
WBGene00020764,4,7,11
WBGene00020765,33,303,336
WBGene00020766,0,30,30
WBGene00020767,105,2534,2639
WBGene00020769,7,3,10
WBGene00020770,478,1306,1784
WBGene00020771,0,2,2
WBGene00020772,1,4,5
WBGene00020773,3,5,8
WBGene00020774,2,9,11
WBGene00020775,2,20,22
WBGene00020777,31,123,154
WBGene00020778,5,31,36
WBGene00020779,967,4613,5580
WBGene00020781,389,5289,5678
WBGene00020782,135,1374,1509
WBGene00020783,78,359,437
WBGene00020784,181,1805,1986
WBGene00020785,0,25,25
WBGene00020786,26,171,197
WBGene00020787,2,11,13
WBGene00020788,8,144,152
WBGene00020789,2,5,7
WBGene00020790,40,350,390
WBGene00020791,0,8,8
WBGene00020792,2,22,24
WBGene00020793,35,28,63
WBGene00020794,3,13,16
WBGene00020795,3,2,5
WBGene00020796,67,5891,5958
WBGene00020797,14,45,59
WBGene00020798,73,610,683
WBGene00020799,2,107,109
WBGene00020800,28,317,345
WBGene00020801,15,630,645
WBGene00020802,0,25,25
WBGene00020803,10,85,95
WBGene00020804,2,18,20
WBGene00020805,0,20,20
WBGene00020806,17,321,338
WBGene00020807,27,56,83
WBGene00020808,21993,356024,378017
WBGene00020809,1,2,3
WBGene00020810,1,1,2
WBGene00020811,208,1640,1848
WBGene00020812,938,17552,18490
WBGene00020813,26,12,38
WBGene00020817,4,232,236
WBGene00020819,19,250,269
WBGene00020820,43,769,812
WBGene00020821,181,3613,3794
WBGene00020822,132,857,989
WBGene00020823,117,764,881
WBGene00020824,324,2793,3117
WBGene00020825,155,748,903
WBGene00020826,72,45,117
WBGene00020827,72,4972,5044
WBGene00020828,0,4,4
WBGene00020829,8,1,9
WBGene00020830,148,593,741
WBGene00020831,98,2355,2453
WBGene00020832,10,6,16
WBGene00020833,26,372,398
WBGene00020834,29,53,82
WBGene00020835,108,6,114
WBGene00020836,235,8655,8890
WBGene00020837,6,142,148
WBGene00020838,890,9258,10148
WBGene00020839,120,2615,2735
WBGene00020840,0,57,57
WBGene00020841,0,3,3
WBGene00020842,41,404,445
WBGene00020843,17,475,492
WBGene00020844,0,457,457
WBGene00020845,0,3,3
WBGene00020846,179,569,748
WBGene00020847,42,169,211
WBGene00020849,3,50,53
WBGene00020850,4,26,30
WBGene00020851,5,24,29
WBGene00020852,188,1261,1449
WBGene00020853,24,185,209
WBGene00020854,372,13578,13950
WBGene00020855,139,883,1022
WBGene00020856,3,5,8
WBGene00020857,10,14,24
WBGene00020858,50,51,101
WBGene00020859,1,3,4
WBGene00020860,0,99,99
WBGene00020861,257,808,1065
WBGene00020862,484,6363,6847
WBGene00020863,19,31,50
WBGene00020864,46,30,76
WBGene00020865,83,942,1025
WBGene00020866,505,2719,3224
WBGene00020867,638,3498,4136
WBGene00020868,1394,25218,26612
WBGene00020869,58,890,948
WBGene00020870,1,4,5
WBGene00020871,0,1,1
WBGene00020874,1,2,3
WBGene00020875,0,1,1
WBGene00020877,5,46,51
WBGene00020878,17,377,394
WBGene00020879,1,0,1
WBGene00020880,0,2,2
WBGene00020881,0,5,5
WBGene00020882,0,2,2
WBGene00020883,17,978,995
WBGene00020884,462,5494,5956
WBGene00020886,118,11022,11140
WBGene00020887,101,648,749
WBGene00020888,2,3,5
WBGene00020889,24,186,210
WBGene00020890,2,1,3
WBGene00020891,311,2035,2346
WBGene00020892,2,12,14
WBGene00020893,16,83,99
WBGene00020894,1704,71606,73310
WBGene00020895,952,8492,9444
WBGene00020896,3,296,299
WBGene00020897,500,3583,4083
WBGene00020898,13,340,353
WBGene00020899,0,29,29
WBGene00020900,6,0,6
WBGene00020901,131,1173,1304
WBGene00020902,1028,6101,7129
WBGene00020903,27,43,70
WBGene00020904,154,179,333
WBGene00020905,0,2,2
WBGene00020906,7,87,94
WBGene00020907,2,15,17
WBGene00020908,69,706,775
WBGene00020909,134,672,806
WBGene00020910,25,323,348
WBGene00020911,26,262,288
WBGene00020912,90,2872,2962
WBGene00020913,3,18,21
WBGene00020914,6,4,10
WBGene00020915,287,37727,38014
WBGene00020917,309,3771,4080
WBGene00020918,7,90,97
WBGene00020919,38,1196,1234
WBGene00020920,311,1158,1469
WBGene00020921,98,2909,3007
WBGene00020922,0,3,3
WBGene00020923,0,7,7
WBGene00020924,38,256,294
WBGene00020927,81,7,88
WBGene00020929,201,1817,2018
WBGene00020930,2887,12879,15766
WBGene00020931,36,5469,5505
WBGene00020932,365,3915,4280
WBGene00020933,46,1870,1916
WBGene00020935,238,1544,1782
WBGene00020936,96,2661,2757
WBGene00020937,33,1193,1226
WBGene00020938,2,18,20
WBGene00020939,64,1577,1641
WBGene00020940,1,5,6
WBGene00020941,19,54,73
WBGene00020942,314,3117,3431
WBGene00020943,3,4,7
WBGene00020944,12,23,35
WBGene00020945,55,0,55
WBGene00020946,9,6,15
WBGene00020947,41,168,209
WBGene00020948,2,49,51
WBGene00020949,34,617,651
WBGene00020950,477,24132,24609
WBGene00020951,253,3653,3906
WBGene00020952,140,229,369
WBGene00020953,0,25,25
WBGene00020954,31,504,535
WBGene00020955,336,339,675
WBGene00020957,145,999,1144
WBGene00020961,13,9,22
WBGene00020962,25,118,143
WBGene00020964,187,652,839
WBGene00020966,10,29,39
WBGene00020967,4,16,20
WBGene00020970,196,2085,2281
WBGene00020972,5,11,16
WBGene00020973,2,10,12
WBGene00020974,0,0,0
WBGene00020976,5,10,15
WBGene00020977,14,41,55
WBGene00020978,13,2,15
WBGene00020979,1,1,2
WBGene00020982,1,0,1
WBGene00020983,2,7,9
WBGene00020984,0,11,11
WBGene00020985,21,45,66
WBGene00020986,16,203,219
WBGene00020987,1,3,4
WBGene00020988,1,5,6
WBGene00020989,12,7,19
WBGene00020990,1,13,14
WBGene00020993,72,3345,3417
WBGene00020994,46,4188,4234
WBGene00020995,12,52,64
WBGene00020997,54,153,207
WBGene00020999,79,1463,1542
WBGene00021000,14,800,814
WBGene00021002,171,1826,1997
WBGene00021003,0,24,24
WBGene00021004,390,6868,7258
WBGene00021005,5,35,40
WBGene00021006,4,2,6
WBGene00021007,1,1,2
WBGene00021008,23,75,98
WBGene00021009,2677,5795,8472
WBGene00021010,1,3,4
WBGene00021011,0,88,88
WBGene00021012,110,945,1055
WBGene00021013,9,3,12
WBGene00021014,10,161,171
WBGene00021015,3,177,180
WBGene00021016,11,13,24
WBGene00021017,8,79,87
WBGene00021019,137,1395,1532
WBGene00021020,138,227,365
WBGene00021021,948,4254,5202
WBGene00021022,809,1441,2250
WBGene00021023,0,7,7
WBGene00021024,461,8453,8914
WBGene00021025,12,30,42
WBGene00021026,419,9694,10113
WBGene00021027,45,193,238
WBGene00021028,13,10,23
WBGene00021029,0,20,20
WBGene00021030,3,17,20
WBGene00021031,7,74,81
WBGene00021032,5,3,8
WBGene00021033,0,0,0
WBGene00021034,2,42,44
WBGene00021035,5,129,134
WBGene00021036,1883,12672,14555
WBGene00021038,92,371,463
WBGene00021039,49,810,859
WBGene00021040,13,35,48
WBGene00021041,10,19,29
WBGene00021042,5,52,57
WBGene00021043,115,45766,45881
WBGene00021044,218,2668,2886
WBGene00021045,5,38,43
WBGene00021046,194,1440,1634
WBGene00021047,340,3672,4012
WBGene00021048,88,300,388
WBGene00021049,78,1234,1312
WBGene00021051,53,959,1012
WBGene00021052,21,21,42
WBGene00021053,2,44,46
WBGene00021054,0,4,4
WBGene00021055,36,140,176
WBGene00021056,12,44,56
WBGene00021057,36,1163,1199
WBGene00021058,253,1049,1302
WBGene00021059,321,1135,1456
WBGene00021060,20,80,100
WBGene00021061,97,1139,1236
WBGene00021063,66,1331,1397
WBGene00021066,3,343,346
WBGene00021067,4,18,22
WBGene00021068,429,25756,26185
WBGene00021070,17,23,40
WBGene00021072,3,3,6
WBGene00021073,442,8938,9380
WBGene00021074,72,4577,4649
WBGene00021075,8210,146,8356
WBGene00021076,34,276,310
WBGene00021078,1194,5073,6267
WBGene00021079,1088,12742,13830
WBGene00021080,622,3705,4327
WBGene00021081,47,35,82
WBGene00021082,17,827,844
WBGene00021083,0,5,5
WBGene00021084,0,2,2
WBGene00021085,0,3,3
WBGene00021086,0,0,0
WBGene00021087,3,11,14
WBGene00021088,170,27525,27695
WBGene00021089,81,202,283
WBGene00021090,18,5,23
WBGene00021091,0,0,0
WBGene00021092,0,0,0
WBGene00021093,47,5189,5236
WBGene00021094,11,50,61
WBGene00021095,75,4683,4758
WBGene00021096,20,2,22
WBGene00021097,207,3935,4142
WBGene00021098,0,111,111
WBGene00021099,1,8,9
WBGene00021101,2,43,45
WBGene00021103,228,1198,1426
WBGene00021104,125,1377,1502
WBGene00021105,38,3,41
WBGene00021106,0,0,0
WBGene00021107,0,0,0
WBGene00021108,0,1,1
WBGene00021109,1,1,2
WBGene00021110,2,3,5
WBGene00021111,26,360,386
WBGene00021112,8,1778,1786
WBGene00021113,0,0,0
WBGene00021114,0,3,3
WBGene00021115,7,5,12
WBGene00021116,56,624,680
WBGene00021117,2,20,22
WBGene00021118,4,1,5
WBGene00021120,3,43,46
WBGene00021121,13,170,183
WBGene00021122,5,1,6
WBGene00021123,14,236,250
WBGene00021124,42,189,231
WBGene00021125,21,67,88
WBGene00021126,14,66,80
WBGene00021127,13,233,246
WBGene00021128,587,8890,9477
WBGene00021129,17,25,42
WBGene00021131,98,865,963
WBGene00021132,224,1409,1633
WBGene00021133,351,8358,8709
WBGene00021134,1,16,17
WBGene00021135,0,0,0
WBGene00021136,2,24,26
WBGene00021137,0,1,1
WBGene00021138,0,0,0
WBGene00021139,0,0,0
WBGene00021141,0,0,0
WBGene00021142,0,1,1
WBGene00021143,0,2,2
WBGene00021144,1,1,2
WBGene00021145,0,0,0
WBGene00021146,101,706,807
WBGene00021148,4,41,45
WBGene00021149,355,3909,4264
WBGene00021150,0,4,4
WBGene00021152,172,218,390
WBGene00021153,0,1,1
WBGene00021154,2,1,3
WBGene00021155,13,699,712
WBGene00021156,21,139,160
WBGene00021157,11,73,84
WBGene00021158,5,41,46
WBGene00021159,53,254,307
WBGene00021160,54,159,213
WBGene00021161,2197,18851,21048
WBGene00021162,0,1,1
WBGene00021163,16,147,163
WBGene00021164,2,2,4
WBGene00021165,0,0,0
WBGene00021166,0,0,0
WBGene00021167,4,20,24
WBGene00021168,5,22,27
WBGene00021169,0,0,0
WBGene00021170,55,3304,3359
WBGene00021171,210,1910,2120
WBGene00021172,1,3,4
WBGene00021173,0,1,1
WBGene00021174,0,0,0
WBGene00021175,3,0,3
WBGene00021176,100,898,998
WBGene00021177,2,0,2
WBGene00021178,3,52,55
WBGene00021179,0,0,0
WBGene00021180,4,13,17
WBGene00021182,5,10,15
WBGene00021183,5,12,17
WBGene00021184,1,0,1
WBGene00021185,76,457,533
WBGene00021186,28,84,112
WBGene00021187,95,75,170
WBGene00021188,0,0,0
WBGene00021189,1,3,4
WBGene00021190,3,31,34
WBGene00021191,234,2582,2816
WBGene00021192,20,326,346
WBGene00021193,0,3,3
WBGene00021194,0,0,0
WBGene00021195,9,134,143
WBGene00021196,10,90,100
WBGene00021197,0,2,2
WBGene00021198,4,3,7
WBGene00021199,165,57,222
WBGene00021200,43,156,199
WBGene00021201,6,296,302
WBGene00021202,133,2242,2375
WBGene00021204,17,140,157
WBGene00021205,44,1378,1422
WBGene00021207,6,5,11
WBGene00021208,125,1650,1775
WBGene00021209,373,1580,1953
WBGene00021210,122,1752,1874
WBGene00021212,11,33,44
WBGene00021213,44,192,236
WBGene00021214,9,23,32
WBGene00021215,20,37,57
WBGene00021216,0,0,0
WBGene00021217,0,0,0
WBGene00021219,0,0,0
WBGene00021220,0,0,0
WBGene00021221,0,0,0
WBGene00021222,0,0,0
WBGene00021223,0,0,0
WBGene00021224,0,0,0
WBGene00021226,0,0,0
WBGene00021227,0,0,0
WBGene00021228,0,0,0
WBGene00021232,1,2,3
WBGene00021235,3,3,6
WBGene00021236,0,32,32
WBGene00021237,267,832,1099
WBGene00021238,500,265,765
WBGene00021239,378,812,1190
WBGene00021241,3,2,5
WBGene00021243,0,0,0
WBGene00021244,149,82,231
WBGene00021245,67,782,849
WBGene00021246,88,465,553
WBGene00021247,222,550,772
WBGene00021248,3536,123116,126652
WBGene00021249,14,59,73
WBGene00021250,1,1,2
WBGene00021251,0,1,1
WBGene00021252,11,2,13
WBGene00021253,7,127,134
WBGene00021254,64,88,152
WBGene00021256,10,9,19
WBGene00021257,2,6,8
WBGene00021259,10,12,22
WBGene00021260,205,1073,1278
WBGene00021261,4,2,6
WBGene00021262,0,4,4
WBGene00021263,13,8,21
WBGene00021264,41,552,593
WBGene00021266,8,0,8
WBGene00021267,8,56,64
WBGene00021268,6,662,668
WBGene00021269,122,569,691
WBGene00021270,12,3997,4009
WBGene00021271,59,346,405
WBGene00021272,34,805,839
WBGene00021274,138,1795,1933
WBGene00021275,149,269,418
WBGene00021276,687,2624,3311
WBGene00021277,135,4360,4495
WBGene00021279,1,51,52
WBGene00021280,0,1,1
WBGene00021281,1717,6894,8611
WBGene00021282,18,209,227
WBGene00021283,17,25,42
WBGene00021284,2,8,10
WBGene00021285,0,52,52
WBGene00021286,249,4315,4564
WBGene00021287,1,21,22
WBGene00021288,1,9,10
WBGene00021289,1,14,15
WBGene00021290,0,0,0
WBGene00021291,0,2,2
WBGene00021292,417,6381,6798
WBGene00021293,0,2,2
WBGene00021294,340,1399,1739
WBGene00021295,247,1470,1717
WBGene00021296,30,1485,1515
WBGene00021297,4,5,9
WBGene00021298,0,0,0
WBGene00021299,0,16,16
WBGene00021300,0,1,1
WBGene00021301,9,53,62
WBGene00021302,8,17,25
WBGene00021303,0,4,4
WBGene00021304,119,433,552
WBGene00021305,283,1402,1685
WBGene00021309,54,318,372
WBGene00021310,9,28,37
WBGene00021311,114,1706,1820
WBGene00021312,71,4271,4342
WBGene00021313,139,1413,1552
WBGene00021314,104,1137,1241
WBGene00021315,62,1453,1515
WBGene00021316,365,3745,4110
WBGene00021317,0,0,0
WBGene00021319,179,1115,1294
WBGene00021320,148,685,833
WBGene00021321,6,5,11
WBGene00021322,88,648,736
WBGene00021323,223,2489,2712
WBGene00021324,89,689,778
WBGene00021325,51,315,366
WBGene00021326,15,88,103
WBGene00021327,1492,7644,9136
WBGene00021328,43,509,552
WBGene00021329,224,1589,1813
WBGene00021331,178,9483,9661
WBGene00021332,354,299,653
WBGene00021333,152,262,414
WBGene00021334,1003,1900,2903
WBGene00021335,0,88,88
WBGene00021336,0,2,2
WBGene00021337,6,24,30
WBGene00021338,0,33,33
WBGene00021339,0,3,3
WBGene00021340,61,559,620
WBGene00021343,86,220,306
WBGene00021344,912,163,1075
WBGene00021345,0,0,0
WBGene00021346,416,2577,2993
WBGene00021347,424,8511,8935
WBGene00021348,473,7038,7511
WBGene00021349,59,505,564
WBGene00021350,51069,627522,678591
WBGene00021351,1468,5399,6867
WBGene00021352,260,3181,3441
WBGene00021353,89,218,307
WBGene00021354,28,65,93
WBGene00021355,723,5413,6136
WBGene00021357,36,110,146
WBGene00021358,8,34,42
WBGene00021359,176,1971,2147
WBGene00021362,120,355,475
WBGene00021363,235,627,862
WBGene00021364,1,17,18
WBGene00021365,187,1266,1453
WBGene00021366,157,1276,1433
WBGene00021367,107,1409,1516
WBGene00021368,6,5,11
WBGene00021369,119,1673,1792
WBGene00021370,269,2593,2862
WBGene00021371,44,497,541
WBGene00021372,13,1246,1259
WBGene00021373,4,1,5
WBGene00021374,404,929,1333
WBGene00021375,27,582,609
WBGene00021376,108,631,739
WBGene00021377,42,1870,1912
WBGene00021378,137,1777,1914
WBGene00021379,17,143,160
WBGene00021381,4,2,6
WBGene00021382,673,1188,1861
WBGene00021383,44,42,86
WBGene00021384,27,76,103
WBGene00021385,0,3,3
WBGene00021386,17,43,60
WBGene00021387,92,483,575
WBGene00021388,166,1358,1524
WBGene00021389,38,228,266
WBGene00021390,0,4,4
WBGene00021391,16,608,624
WBGene00021392,81,2620,2701
WBGene00021394,228,1352,1580
WBGene00021395,160,1579,1739
WBGene00021396,83,389,472
WBGene00021397,2,17,19
WBGene00021398,0,3,3
WBGene00021400,81,653,734
WBGene00021401,43,1555,1598
WBGene00021402,72,759,831
WBGene00021403,0,0,0
WBGene00021404,0,0,0
WBGene00021405,0,0,0
WBGene00021406,5,0,5
WBGene00021407,0,38,38
WBGene00021408,1,0,1
WBGene00021409,0,0,0
WBGene00021410,40,30,70
WBGene00021412,20,47,67
WBGene00021413,22,5,27
WBGene00021414,0,0,0
WBGene00021415,279,3001,3280
WBGene00021416,126,1062,1188
WBGene00021417,12,74,86
WBGene00021419,34,322,356
WBGene00021420,78,30744,30822
WBGene00021421,178,2636,2814
WBGene00021423,1040,1653,2693
WBGene00021425,349,2764,3113
WBGene00021427,768,46454,47222
WBGene00021428,17,6,23
WBGene00021430,239,208,447
WBGene00021433,0,1,1
WBGene00021434,2,2,4
WBGene00021435,9,3,12
WBGene00021436,37,88,125
WBGene00021437,95,40,135
WBGene00021438,122,16,138
WBGene00021439,429,1487,1916
WBGene00021440,150,720,870
WBGene00021441,510,4635,5145
WBGene00021442,77,705,782
WBGene00021443,436,1450,1886
WBGene00021444,443,821,1264
WBGene00021445,37,248,285
WBGene00021446,45,55,100
WBGene00021447,11,46,57
WBGene00021448,4,9,13
WBGene00021449,0,16,16
WBGene00021450,5,7,12
WBGene00021451,5,0,5
WBGene00021452,54,1025,1079
WBGene00021454,1,1,2
WBGene00021456,223,809,1032
WBGene00021457,4,32,36
WBGene00021458,1,32,33
WBGene00021460,104,1543,1647
WBGene00021461,113,81,194
WBGene00021463,13,9,22
WBGene00021464,3,95,98
WBGene00021465,6,167,173
WBGene00021466,690,14475,15165
WBGene00021467,97,1949,2046
WBGene00021468,37,3122,3159
WBGene00021469,220,3424,3644
WBGene00021470,119,842,961
WBGene00021471,8,26,34
WBGene00021472,2,7,9
WBGene00021473,300,123,423
WBGene00021474,1313,4678,5991
WBGene00021475,607,7443,8050
WBGene00021476,70,1149,1219
WBGene00021477,13,11,24
WBGene00021478,53,532,585
WBGene00021479,35,10,45
WBGene00021482,344,779,1123
WBGene00021484,1,4,5
WBGene00021485,5,112,117
WBGene00021486,683,26557,27240
WBGene00021487,105,586,691
WBGene00021488,0,1,1
WBGene00021490,15,14,29
WBGene00021491,1,8,9
WBGene00021492,36,262,298
WBGene00021493,53,435,488
WBGene00021494,8,38,46
WBGene00021495,3,45,48
WBGene00021496,13,12,25
WBGene00021497,191,382,573
WBGene00021498,1,9,10
WBGene00021499,0,120,120
WBGene00021500,0,21,21
WBGene00021501,4,8,12
WBGene00021502,41,479,520
WBGene00021503,10,102,112
WBGene00021504,20,82,102
WBGene00021505,15,35,50
WBGene00021506,264,5141,5405
WBGene00021507,1197,3453,4650
WBGene00021508,66,1358,1424
WBGene00021509,1110,2529,3639
WBGene00021510,220,574,794
WBGene00021511,38,69,107
WBGene00021512,363,640,1003
WBGene00021513,122,8,130
WBGene00021514,102,3942,4044
WBGene00021515,59,404,463
WBGene00021516,14,34,48
WBGene00021517,6,1950,1956
WBGene00021518,3,73,76
WBGene00021519,2,15,17
WBGene00021521,10,51,61
WBGene00021522,1034,1892,2926
WBGene00021524,32,86,118
WBGene00021525,11,23,34
WBGene00021526,66,156,222
WBGene00021527,245,502,747
WBGene00021528,262,836,1098
WBGene00021529,57,1905,1962
WBGene00021530,11,4,15
WBGene00021531,631,37,668
WBGene00021532,314,14803,15117
WBGene00021533,17,950,967
WBGene00021534,1437,16610,18047
WBGene00021535,2654,230,2884
WBGene00021536,145,3563,3708
WBGene00021537,16,7,23
WBGene00021538,73,708,781
WBGene00021539,265,3144,3409
WBGene00021540,27,179,206
WBGene00021541,3,214,217
WBGene00021542,22,2,24
WBGene00021543,90,3364,3454
WBGene00021544,137,1049,1186
WBGene00021545,675,1909,2584
WBGene00021546,139,973,1112
WBGene00021547,79,937,1016
WBGene00021548,69,3118,3187
WBGene00021549,829,868,1697
WBGene00021551,430,3441,3871
WBGene00021552,323,2081,2404
WBGene00021553,8,25,33
WBGene00021554,123,2453,2576
WBGene00021555,7,129,136
WBGene00021556,92,626,718
WBGene00021557,0,123,123
WBGene00021558,223,2491,2714
WBGene00021559,107,1527,1634
WBGene00021560,32,157,189
WBGene00021561,416,1214,1630
WBGene00021562,590,9123,9713
WBGene00021563,134,2491,2625
WBGene00021564,527,1571,2098
WBGene00021565,5,6,11
WBGene00021566,0,0,0
WBGene00021567,0,0,0
WBGene00021568,0,0,0
WBGene00021569,0,0,0
WBGene00021570,0,0,0
WBGene00021571,0,0,0
WBGene00021572,0,0,0
WBGene00021573,0,0,0
WBGene00021576,3,25,28
WBGene00021577,0,11,11
WBGene00021578,1,0,1
WBGene00021579,0,2,2
WBGene00021580,0,0,0
WBGene00021581,8,2,10
WBGene00021582,0,3,3
WBGene00021583,15,41,56
WBGene00021585,0,0,0
WBGene00021586,7,26,33
WBGene00021587,8,21,29
WBGene00021589,10,2046,2056
WBGene00021590,9,110,119
WBGene00021591,0,0,0
WBGene00021592,0,1,1
WBGene00021593,11,1,12
WBGene00021594,18,39,57
WBGene00021595,244,3773,4017
WBGene00021596,86,257,343
WBGene00021597,2249,2976,5225
WBGene00021598,62,98,160
WBGene00021599,42,175,217
WBGene00021600,21,317,338
WBGene00021601,8,4,12
WBGene00021602,7,573,580
WBGene00021603,1,5,6
WBGene00021605,22,91,113
WBGene00021607,7,1680,1687
WBGene00021608,1,0,1
WBGene00021609,15,21,36
WBGene00021610,28,343,371
WBGene00021611,66,368,434
WBGene00021612,1,9,10
WBGene00021613,273,1787,2060
WBGene00021614,504,5581,6085
WBGene00021615,0,0,0
WBGene00021616,0,0,0
WBGene00021617,2,2,4
WBGene00021619,0,0,0
WBGene00021620,0,0,0
WBGene00021621,1,4,5
WBGene00021623,0,1,1
WBGene00021624,4,40,44
WBGene00021625,0,1579,1579
WBGene00021626,191,744,935
WBGene00021627,2,9,11
WBGene00021628,277,2433,2710
WBGene00021629,410,3196,3606
WBGene00021630,1,57,58
WBGene00021631,1,0,1
WBGene00021632,1,3,4
WBGene00021633,11,27,38
WBGene00021634,302,963,1265
WBGene00021635,4,29,33
WBGene00021636,121,1119,1240
WBGene00021637,130,853,983
WBGene00021638,273,2751,3024
WBGene00021639,8,62,70
WBGene00021640,140,226,366
WBGene00021641,44,2033,2077
WBGene00021643,128,977,1105
WBGene00021644,125,3396,3521
WBGene00021645,150,824,974
WBGene00021646,325,1644,1969
WBGene00021647,393,5696,6089
WBGene00021648,10,1597,1607
WBGene00021649,4,236,240
WBGene00021650,1,7,8
WBGene00021653,0,5,5
WBGene00021654,2,156,158
WBGene00021655,35,947,982
WBGene00021656,6,4,10
WBGene00021657,93,621,714
WBGene00021658,3,175,178
WBGene00021660,828,3911,4739
WBGene00021661,58,195,253
WBGene00021662,2,22,24
WBGene00021666,108,1371,1479
WBGene00021667,5,89,94
WBGene00021671,274,382,656
WBGene00021672,30,18,48
WBGene00021675,82,285,367
WBGene00021676,22,512,534
WBGene00021677,37,783,820
WBGene00021678,12,3,15
WBGene00021679,32,459,491
WBGene00021681,1192,2186,3378
WBGene00021682,717,1492,2209
WBGene00021683,195,482,677
WBGene00021685,1285,1226,2511
WBGene00021686,1193,3450,4643
WBGene00021687,122,952,1074
WBGene00021689,247,642,889
WBGene00021690,94,1573,1667
WBGene00021691,138,3285,3423
WBGene00021692,35,395,430
WBGene00021693,60,172,232
WBGene00021694,10,56,66
WBGene00021697,2187,7862,10049
WBGene00021698,658,1928,2586
WBGene00021700,1,11,12
WBGene00021701,5,25,30
WBGene00021702,181,1422,1603
WBGene00021703,3,2,5
WBGene00021704,65,118,183
WBGene00021705,13,16,29
WBGene00021706,9,44,53
WBGene00021707,2,28,30
WBGene00021708,1,19,20
WBGene00021709,6,138,144
WBGene00021710,2,24,26
WBGene00021711,1,2,3
WBGene00021713,1,0,1
WBGene00021714,104,602,706
WBGene00021715,341,5243,5584
WBGene00021716,8,3,11
WBGene00021717,0,0,0
WBGene00021718,0,0,0
WBGene00021719,0,0,0
WBGene00021720,5,3,8
WBGene00021721,17,119,136
WBGene00021722,1,8,9
WBGene00021724,9,2,11
WBGene00021725,34,199,233
WBGene00021726,4,22,26
WBGene00021727,0,2,2
WBGene00021728,46,2,48
WBGene00021729,1,2,3
WBGene00021730,0,10,10
WBGene00021731,3,33,36
WBGene00021732,139,330,469
WBGene00021733,664,1611,2275
WBGene00021734,72,102,174
WBGene00021735,370,1545,1915
WBGene00021736,1026,1478,2504
WBGene00021738,288,917,1205
WBGene00021739,0,147,147
WBGene00021740,161,471,632
WBGene00021741,87,51,138
WBGene00021743,103,324,427
WBGene00021744,1,1,2
WBGene00021745,57,186,243
WBGene00021746,2,5,7
WBGene00021748,118,816,934
WBGene00021749,130,956,1086
WBGene00021750,50,427,477
WBGene00021751,1287,301,1588
WBGene00021752,754,542,1296
WBGene00021753,467,1972,2439
WBGene00021754,1142,7810,8952
WBGene00021755,78,163,241
WBGene00021756,306,556,862
WBGene00021757,436,3000,3436
WBGene00021758,247,1441,1688
WBGene00021759,42,119,161
WBGene00021763,132,552,684
WBGene00021764,60,726,786
WBGene00021765,450,925,1375
WBGene00021766,92,745,837
WBGene00021768,18,599,617
WBGene00021771,447,1639,2086
WBGene00021772,8,0,8
WBGene00021773,0,0,0
WBGene00021774,1,10,11
WBGene00021776,201,622,823
WBGene00021778,4,4,8
WBGene00021779,0,1,1
WBGene00021780,0,0,0
WBGene00021781,59,604,663
WBGene00021783,437,3490,3927
WBGene00021784,131,2330,2461
WBGene00021785,105,3382,3487
WBGene00021786,3,9,12
WBGene00021787,4,26,30
WBGene00021788,261,41,302
WBGene00021789,412,1987,2399
WBGene00021790,4,3,7
WBGene00021791,1,1,2
WBGene00021793,1,0,1
WBGene00021794,6,13,19
WBGene00021795,3,85,88
WBGene00021796,81,1820,1901
WBGene00021797,9,3,12
WBGene00021798,17,0,17
WBGene00021799,30,142,172
WBGene00021800,578,18689,19267
WBGene00021801,0,0,0
WBGene00021803,0,5,5
WBGene00021804,0,23,23
WBGene00021805,1,1,2
WBGene00021806,3,0,3
WBGene00021807,11,20,31
WBGene00021808,622,1723,2345
WBGene00021809,0,5,5
WBGene00021810,945,1860,2805
WBGene00021811,620,6487,7107
WBGene00021812,36,612,648
WBGene00021813,142,3358,3500
WBGene00021814,38,51,89
WBGene00021815,111,2653,2764
WBGene00021816,136,3122,3258
WBGene00021817,53,364,417
WBGene00021818,1384,10168,11552
WBGene00021820,553,866,1419
WBGene00021821,0,2,2
WBGene00021822,1,0,1
WBGene00021826,298,5814,6112
WBGene00021827,116,1176,1292
WBGene00021828,396,1396,1792
WBGene00021829,49,8069,8118
WBGene00021830,157,7340,7497
WBGene00021831,620,2436,3056
WBGene00021832,76,195,271
WBGene00021833,27,0,27
WBGene00021834,22,1039,1061
WBGene00021835,67,825,892
WBGene00021837,0,3,3
WBGene00021838,886,2421,3307
WBGene00021839,603,9146,9749
WBGene00021840,363,774,1137
WBGene00021841,121,420,541
WBGene00021842,392,1448,1840
WBGene00021843,852,7695,8547
WBGene00021844,203,4605,4808
WBGene00021845,57,6015,6072
WBGene00021846,208,764,972
WBGene00021847,240,2172,2412
WBGene00021848,44,114,158
WBGene00021849,924,25028,25952
WBGene00021850,52,242,294
WBGene00021852,37,369,406
WBGene00021853,0,130,130
WBGene00021854,362,3071,3433
WBGene00021855,157,892,1049
WBGene00021856,554,1280,1834
WBGene00021857,1832,10632,12464
WBGene00021858,113,60,173
WBGene00021859,1,8,9
WBGene00021860,3,2,5
WBGene00021861,1,17,18
WBGene00021862,5,5,10
WBGene00021863,123,671,794
WBGene00021864,93,652,745
WBGene00021865,15,14,29
WBGene00021866,65,878,943
WBGene00021867,193,2206,2399
WBGene00021868,261,3797,4058
WBGene00021869,8,70,78
WBGene00021870,125,1423,1548
WBGene00021871,63,237,300
WBGene00021872,0,77,77
WBGene00021873,1,1,2
WBGene00021875,769,10426,11195
WBGene00021876,517,1778,2295
WBGene00021877,202,134,336
WBGene00021878,10,2,12
WBGene00021879,2,42,44
WBGene00021880,0,1,1
WBGene00021881,96,141,237
WBGene00021882,1187,1698,2885
WBGene00021883,158,10196,10354
WBGene00021884,1,508,509
WBGene00021887,18,142,160
WBGene00021888,290,10258,10548
WBGene00021890,700,6229,6929
WBGene00021891,0,12,12
WBGene00021892,13,9,22
WBGene00021893,3116,7577,10693
WBGene00021894,1414,15461,16875
WBGene00021895,4,8,12
WBGene00021897,153,539,692
WBGene00021898,32,358,390
WBGene00021899,771,10528,11299
WBGene00021900,142,4184,4326
WBGene00021901,30,3062,3092
WBGene00021902,129,698,827
WBGene00021903,64,1570,1634
WBGene00021904,70,1140,1210
WBGene00021905,190,692,882
WBGene00021906,291,1252,1543
WBGene00021907,2,2,4
WBGene00021908,1,6,7
WBGene00021909,33,1480,1513
WBGene00021910,379,1349,1728
WBGene00021911,1,9,10
WBGene00021912,118,803,921
WBGene00021913,54,1570,1624
WBGene00021914,227,373,600
WBGene00021915,326,1661,1987
WBGene00021916,3,48,51
WBGene00021917,22,457,479
WBGene00021918,84,3714,3798
WBGene00021919,28,252,280
WBGene00021920,712,6587,7299
WBGene00021921,1680,4389,6069
WBGene00021922,67,2419,2486
WBGene00021923,200,642,842
WBGene00021925,211,879,1090
WBGene00021926,341,2903,3244
WBGene00021927,20,526,546
WBGene00021928,11,390,401
WBGene00021929,44,2340,2384
WBGene00021930,448,12967,13415
WBGene00021931,189,462,651
WBGene00021932,127,1403,1530
WBGene00021933,39,422,461
WBGene00021934,283,8227,8510
WBGene00021935,180,978,1158
WBGene00021936,1016,3289,4305
WBGene00021938,138,2687,2825
WBGene00021939,81,132,213
WBGene00021941,42,148,190
WBGene00021942,33,376,409
WBGene00021943,347,4785,5132
WBGene00021945,165,552,717
WBGene00021947,7,46,53
WBGene00021948,472,2956,3428
WBGene00021949,1,8,9
WBGene00021950,66,556,622
WBGene00021951,10,19,29
WBGene00021952,389,7127,7516
WBGene00021953,6,19,25
WBGene00021956,73,2697,2770
WBGene00021957,2,1,3
WBGene00021958,3,2,5
WBGene00021959,664,11704,12368
WBGene00021960,241,7713,7954
WBGene00021961,0,0,0
WBGene00021963,64,352,416
WBGene00021964,1,0,1
WBGene00021965,68,704,772
WBGene00021966,0,8,8
WBGene00021967,0,1,1
WBGene00021968,60,26,86
WBGene00021969,1,0,1
WBGene00021970,38,11,49
WBGene00021972,62,519,581
WBGene00021973,335,2691,3026
WBGene00021974,213,2762,2975
WBGene00021975,48,419,467
WBGene00021976,36,584,620
WBGene00021977,9,152,161
WBGene00021978,0,62,62
WBGene00021979,19,1388,1407
WBGene00021980,171,392,563
WBGene00021981,59,4243,4302
WBGene00021983,109,2631,2740
WBGene00021984,67,508,575
WBGene00021985,63,155,218
WBGene00021986,249,1571,1820
WBGene00021987,2,0,2
WBGene00021988,0,0,0
WBGene00021992,1,0,1
WBGene00021993,0,9,9
WBGene00021994,13,101,114
WBGene00021996,0,2,2
WBGene00021997,0,0,0
WBGene00021998,5,6,11
WBGene00021999,0,0,0
WBGene00022000,0,0,0
WBGene00022002,0,9,9
WBGene00022003,0,0,0
WBGene00022004,23,419,442
WBGene00022005,0,4,4
WBGene00022006,0,0,0
WBGene00022007,0,0,0
WBGene00022008,3,3,6
WBGene00022010,219,2086,2305
WBGene00022011,4,225,229
WBGene00022012,1,14,15
WBGene00022013,142,112,254
WBGene00022014,350,555,905
WBGene00022015,546,2565,3111
WBGene00022016,5,4,9
WBGene00022018,21,388,409
WBGene00022019,681,3986,4667
WBGene00022020,0,9,9
WBGene00022021,547,5671,6218
WBGene00022022,62,1614,1676
WBGene00022024,4,147,151
WBGene00022025,208,2428,2636
WBGene00022026,486,3593,4079
WBGene00022027,525,7561,8086
WBGene00022028,0,5,5
WBGene00022029,145,3403,3548
WBGene00022030,9,13,22
WBGene00022031,158,1079,1237
WBGene00022032,12,9,21
WBGene00022033,137,3511,3648
WBGene00022034,39,692,731
WBGene00022035,39,50,89
WBGene00022036,33,161,194
WBGene00022037,120,1662,1782
WBGene00022038,108,1466,1574
WBGene00022039,11,60,71
WBGene00022040,13,50,63
WBGene00022042,5250,184231,189481
WBGene00022043,30,1278,1308
WBGene00022044,36,2311,2347
WBGene00022045,648,6527,7175
WBGene00022046,8,32333,32341
WBGene00022047,4,108,112
WBGene00022048,2362,29122,31484
WBGene00022051,206,971,1177
WBGene00022052,106,820,926
WBGene00022053,1212,21908,23120
WBGene00022054,88,742,830
WBGene00022055,21,595,616
WBGene00022056,149,504,653
WBGene00022057,87,2146,2233
WBGene00022059,2722,3198,5920
WBGene00022060,14,605,619
WBGene00022061,132,56,188
WBGene00022062,27,45,72
WBGene00022063,132,1282,1414
WBGene00022064,1,0,1
WBGene00022066,0,18,18
WBGene00022067,346,846,1192
WBGene00022069,446,11596,12042
WBGene00022070,0,10,10
WBGene00022071,16,144,160
WBGene00022072,3914,60098,64012
WBGene00022073,161,1056,1217
WBGene00022074,325,1713,2038
WBGene00022075,778,14811,15589
WBGene00022076,12,9,21
WBGene00022077,152,1624,1776
WBGene00022078,1448,3086,4534
WBGene00022083,1,9,10
WBGene00022086,30,35,65
WBGene00022087,1333,1705,3038
WBGene00022089,1752,86883,88635
WBGene00022090,7,9,16
WBGene00022092,250,4600,4850
WBGene00022093,1526,25653,27179
WBGene00022094,2,1,3
WBGene00022095,0,0,0
WBGene00022096,0,0,0
WBGene00022097,0,1,1
WBGene00022099,400,7521,7921
WBGene00022100,966,2424,3390
WBGene00022101,37,248,285
WBGene00022102,51,56,107
WBGene00022103,347,734,1081
WBGene00022104,311,401,712
WBGene00022106,141,301,442
WBGene00022107,80,2076,2156
WBGene00022108,14,17,31
WBGene00022110,13,174,187
WBGene00022111,0,121,121
WBGene00022112,8,19,27
WBGene00022113,46,220,266
WBGene00022114,188,24774,24962
WBGene00022115,244,2254,2498
WBGene00022116,143,415,558
WBGene00022117,597,547,1144
WBGene00022118,159,1143,1302
WBGene00022119,39,6422,6461
WBGene00022121,415,1062,1477
WBGene00022122,219,29480,29699
WBGene00022123,108,623,731
WBGene00022124,279,570,849
WBGene00022125,68,804,872
WBGene00022126,166,775,941
WBGene00022127,24,20940,20964
WBGene00022128,159,1681,1840
WBGene00022129,99,849,948
WBGene00022130,8,82,90
WBGene00022131,134,681,815
WBGene00022133,0,1,1
WBGene00022134,1136,4524,5660
WBGene00022138,609,1043,1652
WBGene00022139,407,1487,1894
WBGene00022140,29,7,36
WBGene00022141,30,1736,1766
WBGene00022142,7,12,19
WBGene00022143,2,6,8
WBGene00022144,101,9456,9557
WBGene00022145,6,14,20
WBGene00022146,109,5849,5958
WBGene00022148,1416,4048,5464
WBGene00022149,372,19066,19438
WBGene00022150,34,4316,4350
WBGene00022152,426,1547,1973
WBGene00022153,416,1318,1734
WBGene00022154,45,278,323
WBGene00022155,93,1154,1247
WBGene00022156,2,31,33
WBGene00022157,10,3,13
WBGene00022158,58,935,993
WBGene00022159,471,5332,5803
WBGene00022160,22,696,718
WBGene00022161,19,546,565
WBGene00022162,0,0,0
WBGene00022165,151,826,977
WBGene00022166,299,2471,2770
WBGene00022167,370,862,1232
WBGene00022168,503,1522,2025
WBGene00022169,548,6722,7270
WBGene00022170,4691,90540,95231
WBGene00022171,37,927,964
WBGene00022172,62,145,207
WBGene00022173,475,5243,5718
WBGene00022174,262,893,1155
WBGene00022175,146,604,750
WBGene00022176,419,2249,2668
WBGene00022177,3,17,20
WBGene00022178,8,105,113
WBGene00022179,9,40,49
WBGene00022180,308,5246,5554
WBGene00022181,19,70,89
WBGene00022182,538,3002,3540
WBGene00022185,219,2027,2246
WBGene00022188,169,1923,2092
WBGene00022189,1,4,5
WBGene00022190,23,526,549
WBGene00022191,48,254,302
WBGene00022192,153,2352,2505
WBGene00022193,65,953,1018
WBGene00022194,800,21597,22397
WBGene00022195,166,798,964
WBGene00022196,16,412,428
WBGene00022197,39,123,162
WBGene00022198,82,304,386
WBGene00022199,124,12534,12658
WBGene00022200,26,90,116
WBGene00022201,87,2123,2210
WBGene00022202,234,4164,4398
WBGene00022203,26,618,644
WBGene00022206,65,150,215
WBGene00022207,577,18,595
WBGene00022209,23,1,24
WBGene00022210,1,2,3
WBGene00022213,84,58,142
WBGene00022215,1,13,14
WBGene00022216,3,11,14
WBGene00022217,0,0,0
WBGene00022218,1,3,4
WBGene00022219,504,1152,1656
WBGene00022221,18,150,168
WBGene00022223,7,2,9
WBGene00022224,0,4,4
WBGene00022225,0,5,5
WBGene00022228,86,150,236
WBGene00022230,1609,20371,21980
WBGene00022231,139,562,701
WBGene00022232,119,1235,1354
WBGene00022233,247,4292,4539
WBGene00022235,1249,67249,68498
WBGene00022236,0,58,58
WBGene00022237,2,4,6
WBGene00022240,158,1769,1927
WBGene00022242,362,5444,5806
WBGene00022243,0,30,30
WBGene00022244,0,145,145
WBGene00022245,978,10005,10983
WBGene00022246,23,195,218
WBGene00022247,77,147,224
WBGene00022248,277,5177,5454
WBGene00022250,51,727,778
WBGene00022251,116,1854,1970
WBGene00022252,35,338,373
WBGene00022253,136,4395,4531
WBGene00022254,40,1671,1711
WBGene00022255,34,179,213
WBGene00022256,3,6,9
WBGene00022257,0,67,67
WBGene00022258,144,1148,1292
WBGene00022259,109,1121,1230
WBGene00022260,140,1486,1626
WBGene00022261,8,75,83
WBGene00022262,1,0,1
WBGene00022263,13,283,296
WBGene00022264,0,2,2
WBGene00022265,0,3,3
WBGene00022266,0,0,0
WBGene00022267,47,84,131
WBGene00022268,405,4321,4726
WBGene00022269,438,4145,4583
WBGene00022270,222,727,949
WBGene00022271,34,2940,2974
WBGene00022273,71,800,871
WBGene00022274,57,323,380
WBGene00022275,3,55,58
WBGene00022276,258,1593,1851
WBGene00022277,294,3243,3537
WBGene00022278,727,1467,2194
WBGene00022279,167,3340,3507
WBGene00022280,151,1906,2057
WBGene00022281,500,2162,2662
WBGene00022282,0,6,6
WBGene00022283,55,521,576
WBGene00022284,95,558,653
WBGene00022285,762,596,1358
WBGene00022286,165,935,1100
WBGene00022287,232,4497,4729
WBGene00022288,22,131,153
WBGene00022289,3,18,21
WBGene00022290,3,0,3
WBGene00022291,0,0,0
WBGene00022292,0,0,0
WBGene00022295,17,46,63
WBGene00022296,874,1999,2873
WBGene00022297,215,6306,6521
WBGene00022298,7,21,28
WBGene00022300,282,1211,1493
WBGene00022301,816,2670,3486
WBGene00022302,71,1238,1309
WBGene00022303,0,139,139
WBGene00022306,1527,3803,5330
WBGene00022307,32,1085,1117
WBGene00022308,1,2,3
WBGene00022309,269,1275,1544
WBGene00022310,362,1575,1937
WBGene00022311,1,2,3
WBGene00022312,0,2,2
WBGene00022313,140,187,327
WBGene00022314,86,694,780
WBGene00022315,0,1,1
WBGene00022316,99,0,99
WBGene00022317,6,47,53
WBGene00022318,0,0,0
WBGene00022319,2,0,2
WBGene00022320,12,0,12
WBGene00022321,4,2,6
WBGene00022322,1,0,1
WBGene00022323,0,0,0
WBGene00022324,0,8,8
WBGene00022325,11,131,142
WBGene00022326,1,28,29
WBGene00022327,6,11,17
WBGene00022328,3,1,4
WBGene00022329,11,41,52
WBGene00022330,1,11,12
WBGene00022331,3,6,9
WBGene00022332,5,1,6
WBGene00022333,4,29,33
WBGene00022334,24,45,69
WBGene00022335,30,90,120
WBGene00022336,3175,459370,462545
WBGene00022337,0,5,5
WBGene00022338,24,14,38
WBGene00022339,1739,8715,10454
WBGene00022340,0,0,0
WBGene00022341,1,0,1
WBGene00022342,1,0,1
WBGene00022343,1,1,2
WBGene00022344,2,4,6
WBGene00022345,0,8,8
WBGene00022346,3,20,23
WBGene00022347,236,3092,3328
WBGene00022348,169,3872,4041
WBGene00022349,24,139,163
WBGene00022350,30,1039,1069
WBGene00022351,8,37,45
WBGene00022352,34,13,47
WBGene00022353,2,13,15
WBGene00022354,463,1176,1639
WBGene00022356,5,603,608
WBGene00022357,135,1348,1483
WBGene00022358,322,1199,1521
WBGene00022360,594,2089,2683
WBGene00022361,540,1443,1983
WBGene00022363,314,745,1059
WBGene00022365,204,275,479
WBGene00022366,401,1022,1423
WBGene00022367,299,781,1080
WBGene00022368,151,2106,2257
WBGene00022369,228,1647,1875
WBGene00022371,340,1384,1724
WBGene00022372,165,375,540
WBGene00022373,446,8894,9340
WBGene00022374,12,143,155
WBGene00022375,4,10,14
WBGene00022376,240,3269,3509
WBGene00022377,10,99,109
WBGene00022378,1060,5963,7023
WBGene00022379,39,139,178
WBGene00022380,969,10031,11000
WBGene00022381,205,2699,2904
WBGene00022382,0,1273,1273
WBGene00022383,73,364,437
WBGene00022385,17,16,33
WBGene00022386,332,1420,1752
WBGene00022388,528,1248,1776
WBGene00022389,241,2207,2448
WBGene00022390,52,257,309
WBGene00022391,353,781,1134
WBGene00022392,22,50,72
WBGene00022393,117,1923,2040
WBGene00022394,58,6120,6178
WBGene00022395,39,72,111
WBGene00022396,60,1102,1162
WBGene00022397,397,2448,2845
WBGene00022398,49,751,800
WBGene00022399,40,288,328
WBGene00022400,52,2742,2794
WBGene00022401,104,4844,4948
WBGene00022402,37,2144,2181
WBGene00022403,2,12,14
WBGene00022404,1,2,3
WBGene00022405,2,30,32
WBGene00022406,1,4,5
WBGene00022408,0,22,22
WBGene00022409,7,41,48
WBGene00022410,24,12677,12701
WBGene00022411,12,14,26
WBGene00022412,29,174,203
WBGene00022413,10,42,52
WBGene00022415,26,922,948
WBGene00022416,97,472,569
WBGene00022417,36,522,558
WBGene00022418,97,1073,1170
WBGene00022419,78,518,596
WBGene00022420,59,1608,1667
WBGene00022421,1,14,15
WBGene00022423,163,200,363
WBGene00022425,281,1466,1747
WBGene00022426,137,913,1050
WBGene00022427,275,1333,1608
WBGene00022428,97,614,711
WBGene00022429,0,0,0
WBGene00022431,46,2,48
WBGene00022433,17,1,18
WBGene00022434,1249,1250,2499
WBGene00022435,321,352,673
WBGene00022438,1,1,2
WBGene00022439,4,4,8
WBGene00022440,10,37,47
WBGene00022441,123,1167,1290
WBGene00022442,1,0,1
WBGene00022443,0,2,2
WBGene00022444,0,1,1
WBGene00022445,7,49,56
WBGene00022446,0,6,6
WBGene00022447,360,172,532
WBGene00022448,175,533,708
WBGene00022450,60,261,321
WBGene00022452,0,173,173
WBGene00022453,381,3610,3991
WBGene00022454,90,45,135
WBGene00022455,31,3314,3345
WBGene00022456,206,3557,3763
WBGene00022457,112,882,994
WBGene00022458,15,3810,3825
WBGene00022459,45,805,850
WBGene00022460,120,1561,1681
WBGene00022462,17,360,377
WBGene00022463,294,2921,3215
WBGene00022465,70,760,830
WBGene00022466,89,1616,1705
WBGene00022467,0,8,8
WBGene00022469,13,154,167
WBGene00022470,689,6238,6927
WBGene00022471,84,458,542
WBGene00022472,372,5291,5663
WBGene00022473,2351,5946,8297
WBGene00022474,11,26,37
WBGene00022475,73,1928,2001
WBGene00022476,1,0,1
WBGene00022477,0,13,13
WBGene00022478,2,13,15
WBGene00022479,6,5,11
WBGene00022481,0,0,0
WBGene00022482,0,0,0
WBGene00022483,0,0,0
WBGene00022484,10,105,115
WBGene00022485,110,352,462
WBGene00022486,12,30,42
WBGene00022487,5,16,21
WBGene00022488,119,1056,1175
WBGene00022489,522,4847,5369
WBGene00022490,12,28,40
WBGene00022491,141,200,341
WBGene00022492,160,5481,5641
WBGene00022493,206,2040,2246
WBGene00022494,36,95,131
WBGene00022495,0,1,1
WBGene00022496,0,0,0
WBGene00022497,0,1486,1486
WBGene00022498,8,39,47
WBGene00022499,427,11653,12080
WBGene00022500,422,5838,6260
WBGene00022501,874,1426,2300
WBGene00022502,69,778,847
WBGene00022503,13,148,161
WBGene00022504,57,77,134
WBGene00022505,440,286,726
WBGene00022506,7,27,34
WBGene00022507,29,794,823
WBGene00022508,0,3,3
WBGene00022509,0,0,0
WBGene00022511,9,0,9
WBGene00022512,1,2,3
WBGene00022515,57,1137,1194
WBGene00022516,94,3509,3603
WBGene00022517,98,235,333
WBGene00022518,442,1857,2299
WBGene00022519,351,2873,3224
WBGene00022522,18,204,222
WBGene00022527,67,58,125
WBGene00022528,2,19,21
WBGene00022529,3,2,5
WBGene00022530,5,134,139
WBGene00022531,43,1165,1208
WBGene00022532,4,118,122
WBGene00022533,13,141,154
WBGene00022534,159,2268,2427
WBGene00022536,1,4,5
WBGene00022537,36,105,141
WBGene00022538,173,4905,5078
WBGene00022539,284,4692,4976
WBGene00022540,46,37,83
WBGene00022541,0,8,8
WBGene00022542,2,2,4
WBGene00022543,0,0,0
WBGene00022544,21,16,37
WBGene00022546,6,11,17
WBGene00022547,5,34,39
WBGene00022548,2,3,5
WBGene00022549,11,13,24
WBGene00022550,4,7,11
WBGene00022551,0,1,1
WBGene00022552,1,17,18
WBGene00022553,0,0,0
WBGene00022554,28,586,614
WBGene00022555,0,0,0
WBGene00022556,1,1,2
WBGene00022557,0,3,3
WBGene00022558,0,0,0
WBGene00022559,1,0,1
WBGene00022560,0,7,7
WBGene00022561,0,0,0
WBGene00022562,17,116,133
WBGene00022563,0,1,1
WBGene00022564,73,485,558
WBGene00022565,3,19,22
WBGene00022566,4,15,19
WBGene00022567,25,85,110
WBGene00022568,26,510,536
WBGene00022569,33,1917,1950
WBGene00022570,3,18,21
WBGene00022571,0,1,1
WBGene00022572,0,1,1
WBGene00022573,1,9,10
WBGene00022574,2,19,21
WBGene00022575,0,1,1
WBGene00022576,32,247,279
WBGene00022577,39,475,514
WBGene00022578,0,0,0
WBGene00022579,403,4607,5010
WBGene00022580,190,1268,1458
WBGene00022581,1,26,27
WBGene00022582,0,0,0
WBGene00022583,835,9096,9931
WBGene00022584,50,214,264
WBGene00022586,8,39,47
WBGene00022587,1,12,13
WBGene00022588,18,252,270
WBGene00022589,22,2,24
WBGene00022590,1,25,26
WBGene00022591,260,2569,2829
WBGene00022592,245,929,1174
WBGene00022593,114,258,372
WBGene00022594,2,14,16
WBGene00022596,2,4,6
WBGene00022597,66,403,469
WBGene00022598,134,1741,1875
WBGene00022599,1850,53676,55526
WBGene00022600,2,0,2
WBGene00022601,32,80,112
WBGene00022602,13,0,13
WBGene00022603,97,1940,2037
WBGene00022604,0,2,2
WBGene00022605,2,4,6
WBGene00022606,8,38,46
WBGene00022607,0,0,0
WBGene00022608,172,1256,1428
WBGene00022609,72,477,549
WBGene00022610,27,105,132
WBGene00022611,36,167,203
WBGene00022612,21,210,231
WBGene00022613,134,846,980
WBGene00022614,111,1801,1912
WBGene00022615,21,1318,1339
WBGene00022616,1,1,2
WBGene00022617,1,2,3
WBGene00022618,241,5605,5846
WBGene00022619,0,35,35
WBGene00022620,108,1529,1637
WBGene00022621,5,1,6
WBGene00022623,11,380,391
WBGene00022624,29,55,84
WBGene00022625,0,0,0
WBGene00022627,4,32,36
WBGene00022628,7,24,31
WBGene00022629,32,352,384
WBGene00022631,24,225,249
WBGene00022632,10,11,21
WBGene00022633,45,448,493
WBGene00022634,2,1,3
WBGene00022635,159,335,494
WBGene00022637,1,2,3
WBGene00022638,2,1,3
WBGene00022639,1,8,9
WBGene00022640,8,9,17
WBGene00022641,3,51,54
WBGene00022642,20,145,165
WBGene00022643,1,12,13
WBGene00022644,8,149,157
WBGene00022645,15,185,200
WBGene00022646,11,1426,1437
WBGene00022647,80,674,754
WBGene00022648,196,266,462
WBGene00022649,20,165,185
WBGene00022650,251,251,502
WBGene00022651,0,2,2
WBGene00022652,0,2,2
WBGene00022653,17,86,103
WBGene00022654,3,1,4
WBGene00022655,13,68,81
WBGene00022656,9,173,182
WBGene00022657,22,1550,1572
WBGene00022660,0,34,34
WBGene00022661,60,162,222
WBGene00022662,15,55,70
WBGene00022663,107,1826,1933
WBGene00022664,53,1403,1456
WBGene00022665,43,695,738
WBGene00022666,104,1842,1946
WBGene00022667,321,2514,2835
WBGene00022668,349,1970,2319
WBGene00022669,0,0,0
WBGene00022670,1,0,1
WBGene00022671,8,23,31
WBGene00022672,209,1198,1407
WBGene00022673,55,736,791
WBGene00022674,0,4,4
WBGene00022675,890,2243,3133
WBGene00022677,56,734,790
WBGene00022678,237,10530,10767
WBGene00022679,4,1445,1449
WBGene00022680,21,152,173
WBGene00022681,58,213,271
WBGene00022682,27,128,155
WBGene00022683,82,547,629
WBGene00022685,0,2,2
WBGene00022689,0,0,0
WBGene00022690,1,5,6
WBGene00022691,4,3,7
WBGene00022692,0,0,0
WBGene00022694,91,1342,1433
WBGene00022695,115,891,1006
WBGene00022696,34,188,222
WBGene00022697,290,2855,3145
WBGene00022698,32,249,281
WBGene00022699,1,2,3
WBGene00022700,17,149,166
WBGene00022702,11,729,740
WBGene00022703,323,2897,3220
WBGene00022704,87,1035,1122
WBGene00022705,15,75,90
WBGene00022706,11,178,189
WBGene00022707,2,2,4
WBGene00022708,0,16,16
WBGene00022709,21,96,117
WBGene00022710,1,1,2
WBGene00022711,11,4,15
WBGene00022712,21,263,284
WBGene00022713,0,4,4
WBGene00022714,1,2,3
WBGene00022715,12,44,56
WBGene00022716,0,0,0
WBGene00022717,106,1465,1571
WBGene00022718,258,2835,3093
WBGene00022719,290,3415,3705
WBGene00022720,8,283,291
WBGene00022721,39,896,935
WBGene00022722,253,4396,4649
WBGene00022723,13,9,22
WBGene00022724,1,0,1
WBGene00022725,3,148,151
WBGene00022726,1,1,2
WBGene00022727,97,1146,1243
WBGene00022728,33,5,38
WBGene00022729,0,1,1
WBGene00022730,270,553,823
WBGene00022731,21,19,40
WBGene00022732,11,50,61
WBGene00022733,197,153,350
WBGene00022734,158,5715,5873
WBGene00022735,12,88,100
WBGene00022736,20,353,373
WBGene00022737,4,328,332
WBGene00022738,414,8354,8768
WBGene00022739,297,3785,4082
WBGene00022741,20,10,30
WBGene00022742,190,3482,3672
WBGene00022743,107,946,1053
WBGene00022744,51,142,193
WBGene00022745,1748,13317,15065
WBGene00022746,0,3,3
WBGene00022747,3,11,14
WBGene00022748,238,34352,34590
WBGene00022749,77,3252,3329
WBGene00022750,1020,4039,5059
WBGene00022751,0,1,1
WBGene00022752,12,155,167
WBGene00022753,4,3,7
WBGene00022754,0,5,5
WBGene00022756,12,106,118
WBGene00022757,3,1,4
WBGene00022758,0,0,0
WBGene00022759,67,3095,3162
WBGene00022761,1,17,18
WBGene00022762,73,501,574
WBGene00022765,1063,11903,12966
WBGene00022766,192,3913,4105
WBGene00022767,29,723,752
WBGene00022769,62,1065,1127
WBGene00022770,67,1263,1330
WBGene00022771,121,1123,1244
WBGene00022772,39,121,160
WBGene00022773,337,767,1104
WBGene00022774,103,3796,3899
WBGene00022775,3,143,146
WBGene00022776,25,5426,5451
WBGene00022778,2,0,2
WBGene00022780,0,13,13
WBGene00022781,59,4404,4463
WBGene00022782,31,654,685
WBGene00022783,908,8266,9174
WBGene00022785,155,2475,2630
WBGene00022786,18,1150,1168
WBGene00022787,106,1327,1433
WBGene00022788,23,1143,1166
WBGene00022789,10,86,96
WBGene00022790,44,514,558
WBGene00022791,722,5481,6203
WBGene00022792,100,1949,2049
WBGene00022793,63,7070,7133
WBGene00022794,383,6431,6814
WBGene00022795,6,222,228
WBGene00022796,110,695,805
WBGene00022797,37,528,565
WBGene00022798,440,3759,4199
WBGene00022799,1,10,11
WBGene00022800,262,2345,2607
WBGene00022801,166,7308,7474
WBGene00022802,51,697,748
WBGene00022803,68,1060,1128
WBGene00022804,4,23,27
WBGene00022805,274,1626,1900
WBGene00022807,19,16,35
WBGene00022808,3,26,29
WBGene00022809,1,2,3
WBGene00022810,36,289,325
WBGene00022811,62,49,111
WBGene00022812,143,1832,1975
WBGene00022813,47,690,737
WBGene00022814,33,462,495
WBGene00022815,16,80,96
WBGene00022816,670,5160,5830
WBGene00022817,277,4396,4673
WBGene00022820,7,0,7
WBGene00022821,0,1,1
WBGene00022822,0,3,3
WBGene00022823,38,2463,2501
WBGene00022824,32,276,308
WBGene00022825,8,264,272
WBGene00022826,2,18,20
WBGene00022827,4,19,23
WBGene00022829,40,91,131
WBGene00022830,25,855,880
WBGene00022831,202,2276,2478
WBGene00022832,112,2639,2751
WBGene00022833,3,0,3
WBGene00022834,7,31,38
WBGene00022835,66,979,1045
WBGene00022836,126,2884,3010
WBGene00022837,38,433,471
WBGene00022838,18,40,58
WBGene00022840,4,11,15
WBGene00022842,17,281,298
WBGene00022843,27,57,84
WBGene00022845,4,76,80
WBGene00022846,85,81,166
WBGene00022847,52,195,247
WBGene00022848,38,556,594
WBGene00022849,38,126,164
WBGene00022850,365,1450,1815
WBGene00022851,98,3549,3647
WBGene00022852,5,2532,2537
WBGene00022853,49,3403,3452
WBGene00022854,13,171,184
WBGene00022855,77,5514,5591
WBGene00022856,55,13151,13206
WBGene00022857,22,355,377
WBGene00022858,38,38,76
WBGene00022861,45444,569,46013
WBGene00022862,31,1030,1061
WBGene00022864,197,7029,7226
WBGene00022865,198,3234,3432
WBGene00022866,3,9,12
WBGene00022867,6,19,25
WBGene00022868,2,105,107
WBGene00022869,0,0,0
WBGene00022870,1,2,3
WBGene00022871,2,4,6
WBGene00022872,3,1,4
WBGene00022873,1,14,15
WBGene00022874,50,3116,3166
WBGene00022875,0,0,0
WBGene00022876,0,3,3
WBGene00022877,5,3,8
WBGene00022880,96,916,1012
WBGene00022881,47,805,852
WBGene00022882,66,620,686
WBGene00022883,33,535,568
WBGene00022884,0,42,42
WBGene00022885,56,1019,1075
WBGene00022886,1,0,1
WBGene00022887,26,939,965
WBGene00022888,5,2,7
WBGene00022889,0,1,1
WBGene00022890,0,6,6
WBGene00022891,6,32,38
WBGene00022892,0,0,0
WBGene00022893,20,98,118
WBGene00023067,17465,37281,54746
WBGene00023068,397362,706184,1103546
WBGene00023172,24,91,115
WBGene00023186,3,0,3
WBGene00023284,1,521,522
WBGene00023404,39,280,319
WBGene00023405,272,3540,3812
WBGene00023407,18,1007,1025
WBGene00023408,720,16548,17268
WBGene00023409,130,1897,2027
WBGene00023410,2,1,3
WBGene00023411,2,8,10
WBGene00023413,3,14,17
WBGene00023414,191,597,788
WBGene00023415,18,128,146
WBGene00023416,69,1114,1183
WBGene00023417,12,1017,1029
WBGene00023418,11,879,890
WBGene00023419,172,3090,3262
WBGene00023420,0,7,7
WBGene00023421,12,820,832
WBGene00023422,272,2906,3178
WBGene00023423,56,94,150
WBGene00023424,0,6,6
WBGene00023425,4,5,9
WBGene00023427,9,34,43
WBGene00023431,1283,1804,3087
WBGene00023432,5,69,74
WBGene00023450,208,973,1181
WBGene00023451,44,44,88
WBGene00023458,236,2498,2734
WBGene00023459,5,2,7
WBGene00023460,35,300,335
WBGene00023462,1,187,188
WBGene00023463,0,1,1
WBGene00023474,0,1,1
WBGene00023475,2,0,2
WBGene00023477,1,305,306
WBGene00023478,3,6,9
WBGene00023479,2,1,3
WBGene00023483,1,1,2
WBGene00023484,10,1,11
WBGene00023485,0,22,22
WBGene00023486,27,365,392
WBGene00023487,189,7825,8014
WBGene00023489,972,971,1943
WBGene00023490,5,64,69
WBGene00023491,197,1131,1328
WBGene00023492,2,20,22
WBGene00023493,2,1359,1361
WBGene00023497,110,1518,1628
WBGene00023498,24,857,881
WBGene00023499,1,2,3
WBGene00023500,181,2290,2471
WBGene00023501,3,80,83
WBGene00023502,363,1428,1791
WBGene00023503,11,33,44
WBGene00023504,103,666,769
WBGene00023505,2,3,5
WBGene00023506,0,8,8
WBGene00023508,0,0,0
WBGene00023513,0,0,0
WBGene00023514,2,1,3
WBGene00023515,226,96,322
WBGene00023517,2,5,7
WBGene00023518,0,0,0
WBGene00023519,11,11,22
WBGene00023520,53,359,412
WBGene00043049,21,139,160
WBGene00043050,350,3964,4314
WBGene00043051,110,732,842
WBGene00043052,0,2,2
WBGene00043054,14,170,184
WBGene00043056,150,323,473
WBGene00043057,116,891,1007
WBGene00043058,0,0,0
WBGene00043059,2,4,6
WBGene00043060,459,2781,3240
WBGene00043061,18,9,27
WBGene00043062,2,19,21
WBGene00043064,66,6413,6479
WBGene00043065,9,59,68
WBGene00043066,17,51,68
WBGene00043067,13,182,195
WBGene00043068,18,167,185
WBGene00043069,50,69,119
WBGene00043097,215,3295,3510
WBGene00043120,25,178,203
WBGene00043147,0,44,44
WBGene00043156,119,1851,1970
WBGene00043187,0,1,1
WBGene00043279,62,528,590
WBGene00043297,275,687,962
WBGene00043302,354,3723,4077
WBGene00043308,6,295,301
WBGene00043327,0,0,0
WBGene00043328,0,0,0
WBGene00043466,3,12,15
WBGene00043469,0,0,0
WBGene00043534,52,43,95
WBGene00043666,0,16,16
WBGene00043702,0,8,8
WBGene00043705,31,89,120
WBGene00043743,0,1,1
WBGene00043948,0,0,0
WBGene00043952,50,37,87
WBGene00043980,2,1,3
WBGene00043981,19,21,40
WBGene00043982,166,2542,2708
WBGene00043983,19,239,258
WBGene00043984,0,1,1
WBGene00043985,33,690,723
WBGene00043986,5,1,6
WBGene00043988,0,0,0
WBGene00043989,0,0,0
WBGene00043990,0,0,0
WBGene00043992,61,350,411
WBGene00043994,34,1289,1323
WBGene00043995,28,164,192
WBGene00043996,0,37,37
WBGene00043997,65,284,349
WBGene00043998,8,74,82
WBGene00044001,62,2965,3027
WBGene00044002,1,0,1
WBGene00044003,3,2,5
WBGene00044004,0,110,110
WBGene00044005,1,6,7
WBGene00044006,82,958,1040
WBGene00044007,136,1165,1301
WBGene00044008,143,1538,1681
WBGene00044009,75,304,379
WBGene00044011,0,47,47
WBGene00044012,3,6,9
WBGene00044013,0,0,0
WBGene00044014,0,1,1
WBGene00044016,4,64,68
WBGene00044018,2,10,12
WBGene00044019,60,422,482
WBGene00044020,2,61,63
WBGene00044021,53,474,527
WBGene00044024,3,44,47
WBGene00044025,143,1611,1754
WBGene00044026,98,7089,7187
WBGene00044027,0,3,3
WBGene00044028,16,272,288
WBGene00044029,57,953,1010
WBGene00044030,7,1,8
WBGene00044031,0,3,3
WBGene00044032,9,147,156
WBGene00044034,11,18,29
WBGene00044035,8,95,103
WBGene00044043,0,51,51
WBGene00044044,0,2,2
WBGene00044045,784,74,858
WBGene00044047,0,2,2
WBGene00044048,12,11,23
WBGene00044049,1101,8319,9420
WBGene00044058,35,314,349
WBGene00044059,1,14,15
WBGene00044061,154,1400,1554
WBGene00044062,0,1,1
WBGene00044063,49,3455,3504
WBGene00044065,153,354,507
WBGene00044066,0,18,18
WBGene00044067,5,121,126
WBGene00044068,589,10630,11219
WBGene00044069,98,1664,1762
WBGene00044070,654,10221,10875
WBGene00044071,67,973,1040
WBGene00044072,388,2330,2718
WBGene00044073,7,50,57
WBGene00044074,5,16,21
WBGene00044077,163,2582,2745
WBGene00044078,949,6990,7939
WBGene00044079,824,8976,9800
WBGene00044080,0,0,0
WBGene00044081,2,4,6
WBGene00044082,114,2969,3083
WBGene00044083,245,412,657
WBGene00044084,3,6,9
WBGene00044086,0,1,1
WBGene00044087,3,3,6
WBGene00044088,0,0,0
WBGene00044089,0,0,0
WBGene00044090,2,5,7
WBGene00044091,11,6,17
WBGene00044092,20,1,21
WBGene00044094,118,2161,2279
WBGene00044099,0,0,0
WBGene00044100,0,0,0
WBGene00044105,0,0,0
WBGene00044106,0,3,3
WBGene00044107,24,173,197
WBGene00044109,0,41,41
WBGene00044112,3,1,4
WBGene00044113,1,3,4
WBGene00044114,1,0,1
WBGene00044115,1,12,13
WBGene00044116,1,3,4
WBGene00044117,1,23,24
WBGene00044120,5,15,20
WBGene00044121,4,27,31
WBGene00044122,32,40,72
WBGene00044124,3,1,4
WBGene00044125,28,20,48
WBGene00044127,0,2,2
WBGene00044131,0,0,0
WBGene00044132,31,311,342
WBGene00044133,0,0,0
WBGene00044134,90,943,1033
WBGene00044135,27,291,318
WBGene00044136,3,2,5
WBGene00044137,0,55,55
WBGene00044138,61,279,340
WBGene00044139,13,191,204
WBGene00044140,3,6,9
WBGene00044141,2,28,30
WBGene00044142,8,21,29
WBGene00044143,296,1690,1986
WBGene00044144,12,327,339
WBGene00044145,0,10,10
WBGene00044146,0,0,0
WBGene00044147,4,28,32
WBGene00044148,0,1,1
WBGene00044149,0,2,2
WBGene00044150,9,11,20
WBGene00044151,114,1167,1281
WBGene00044152,26,318,344
WBGene00044153,18,37,55
WBGene00044154,5,14,19
WBGene00044156,17,166,183
WBGene00044157,5,1,6
WBGene00044158,6,4,10
WBGene00044159,2,0,2
WBGene00044160,14,1,15
WBGene00044162,0,0,0
WBGene00044163,53,198,251
WBGene00044164,2,0,2
WBGene00044166,4,34,38
WBGene00044167,66,590,656
WBGene00044169,7,77,84
WBGene00044174,5,121,126
WBGene00044175,7,132,139
WBGene00044176,112,2494,2606
WBGene00044177,2,0,2
WBGene00044178,0,1,1
WBGene00044179,1,1,2
WBGene00044180,65,194,259
WBGene00044181,3,13,16
WBGene00044182,1,16,17
WBGene00044183,0,2,2
WBGene00044184,1,25,26
WBGene00044185,0,0,0
WBGene00044187,2662,22,2684
WBGene00044188,68,655,723
WBGene00044189,0,5,5
WBGene00044191,43,384,427
WBGene00044192,0,1,1
WBGene00044193,0,28,28
WBGene00044194,0,3,3
WBGene00044195,0,7,7
WBGene00044197,1,27,28
WBGene00044198,0,22,22
WBGene00044199,0,0,0
WBGene00044200,124,318,442
WBGene00044201,0,4,4
WBGene00044202,0,4,4
WBGene00044203,1,12,13
WBGene00044204,37,878,915
WBGene00044205,0,46,46
WBGene00044206,0,9,9
WBGene00044207,0,3,3
WBGene00044208,0,0,0
WBGene00044210,79,779,858
WBGene00044211,5,9,14
WBGene00044212,1,3,4
WBGene00044213,2,28,30
WBGene00044215,1,0,1
WBGene00044218,2,160,162
WBGene00044221,0,70,70
WBGene00044222,0,6,6
WBGene00044225,0,11,11
WBGene00044227,3,3,6
WBGene00044228,14,30,44
WBGene00044230,4,3,7
WBGene00044232,21,5,26
WBGene00044233,233,708,941
WBGene00044235,1,1,2
WBGene00044236,6,1012,1018
WBGene00044237,2,2,4
WBGene00044238,19,36,55
WBGene00044239,70,300,370
WBGene00044240,37,84,121
WBGene00044241,10,116,126
WBGene00044242,0,1,1
WBGene00044243,4,4,8
WBGene00044244,0,0,0
WBGene00044245,0,26,26
WBGene00044246,0,0,0
WBGene00044247,3,5,8
WBGene00044249,5,1,6
WBGene00044250,3,14,17
WBGene00044251,25,172,197
WBGene00044253,16,465,481
WBGene00044254,0,0,0
WBGene00044256,22,4,26
WBGene00044257,0,10,10
WBGene00044258,39,230,269
WBGene00044259,0,1,1
WBGene00044260,55,3206,3261
WBGene00044261,6,2,8
WBGene00044263,0,0,0
WBGene00044264,3,6,9
WBGene00044265,16,81,97
WBGene00044266,0,0,0
WBGene00044271,0,0,0
WBGene00044272,0,12,12
WBGene00044273,0,0,0
WBGene00044274,0,0,0
WBGene00044275,0,0,0
WBGene00044278,1,2,3
WBGene00044280,251,219,470
WBGene00044281,5,9,14
WBGene00044282,1,2,3
WBGene00044283,1027,3070,4097
WBGene00044284,0,3,3
WBGene00044286,3,8,11
WBGene00044287,0,7,7
WBGene00044288,2,42,44
WBGene00044289,13,723,736
WBGene00044290,79,175,254
WBGene00044291,5,25,30
WBGene00044292,8,21,29
WBGene00044293,0,2,2
WBGene00044294,470,2258,2728
WBGene00044295,4,92,96
WBGene00044296,8,97,105
WBGene00044297,13,154,167
WBGene00044298,0,2,2
WBGene00044299,10,66,76
WBGene00044300,10,29,39
WBGene00044301,171,3581,3752
WBGene00044302,1,2,3
WBGene00044303,21,167,188
WBGene00044304,216,610,826
WBGene00044305,82,3074,3156
WBGene00044306,0,0,0
WBGene00044307,0,1,1
WBGene00044310,93,845,938
WBGene00044311,33,146,179
WBGene00044312,13,43,56
WBGene00044313,0,66,66
WBGene00044314,0,1,1
WBGene00044315,1,4,5
WBGene00044316,77,818,895
WBGene00044317,1,27,28
WBGene00044318,121,4852,4973
WBGene00044319,11,686,697
WBGene00044321,743,5588,6331
WBGene00044322,31,1442,1473
WBGene00044323,165,2313,2478
WBGene00044324,34,12869,12903
WBGene00044325,69,1357,1426
WBGene00044326,249,2441,2690
WBGene00044329,83,1723,1806
WBGene00044330,21,650,671
WBGene00044331,2,4,6
WBGene00044332,1,5,6
WBGene00044333,7,5,12
WBGene00044337,0,0,0
WBGene00044338,24,2688,2712
WBGene00044339,5,536,541
WBGene00044340,0,6,6
WBGene00044341,0,361,361
WBGene00044342,136,346,482
WBGene00044344,89,4485,4574
WBGene00044345,65,1148,1213
WBGene00044346,0,0,0
WBGene00044347,5,16,21
WBGene00044348,261,172,433
WBGene00044349,5,1,6
WBGene00044350,175,1317,1492
WBGene00044352,3,5,8
WBGene00044353,1,102,103
WBGene00044354,1,85,86
WBGene00044355,14,260,274
WBGene00044356,2,4,6
WBGene00044357,0,0,0
WBGene00044358,8,1,9
WBGene00044359,0,2,2
WBGene00044360,0,0,0
WBGene00044361,0,5,5
WBGene00044362,0,0,0
WBGene00044363,8,76,84
WBGene00044364,0,1,1
WBGene00044365,0,2,2
WBGene00044366,0,12,12
WBGene00044367,14,278,292
WBGene00044368,1523,171,1694
WBGene00044369,0,0,0
WBGene00044370,0,0,0
WBGene00044371,0,1,1
WBGene00044372,0,2,2
WBGene00044373,2,243,245
WBGene00044374,0,0,0
WBGene00044375,0,1,1
WBGene00044376,0,46,46
WBGene00044377,1,0,1
WBGene00044378,0,0,0
WBGene00044379,0,0,0
WBGene00044380,2,10,12
WBGene00044381,3,11,14
WBGene00044382,0,10,10
WBGene00044383,0,0,0
WBGene00044384,10,1,11
WBGene00044385,9,12,21
WBGene00044386,3,20,23
WBGene00044387,143,4594,4737
WBGene00044388,0,0,0
WBGene00044389,1492,23410,24902
WBGene00044390,4,31,35
WBGene00044391,217,161,378
WBGene00044392,28,370,398
WBGene00044393,0,0,0
WBGene00044394,7,102,109
WBGene00044395,86,272,358
WBGene00044396,14,471,485
WBGene00044399,0,1,1
WBGene00044401,198,3013,3211
WBGene00044402,0,4,4
WBGene00044403,12,4,16
WBGene00044406,29,676,705
WBGene00044409,15,71,86
WBGene00044410,52,528,580
WBGene00044411,151,1437,1588
WBGene00044413,2706,1236,3942
WBGene00044414,17,83,100
WBGene00044415,1,0,1
WBGene00044416,0,0,0
WBGene00044417,0,11,11
WBGene00044418,341,2017,2358
WBGene00044419,9,5,14
WBGene00044420,20,573,593
WBGene00044421,43,290,333
WBGene00044423,12,352,364
WBGene00044424,1,21,22
WBGene00044425,0,0,0
WBGene00044427,20,27,47
WBGene00044428,50,6,56
WBGene00044429,1,0,1
WBGene00044431,253,2126,2379
WBGene00044432,4,5,9
WBGene00044433,107,729,836
WBGene00044434,8,12,20
WBGene00044435,0,88,88
WBGene00044436,17,622,639
WBGene00044437,99,98,197
WBGene00044438,161,700,861
WBGene00044439,22,12,34
WBGene00044440,70,171,241
WBGene00044441,0,1,1
WBGene00044442,8,247,255
WBGene00044443,431,10117,10548
WBGene00044444,5,12,17
WBGene00044445,46,385,431
WBGene00044446,1,54,55
WBGene00044447,0,0,0
WBGene00044448,5,28,33
WBGene00044449,0,3,3
WBGene00044450,0,2,2
WBGene00044451,0,0,0
WBGene00044452,247,3820,4067
WBGene00044453,24,31,55
WBGene00044454,0,0,0
WBGene00044455,2,9,11
WBGene00044457,3,54,57
WBGene00044458,0,4,4
WBGene00044459,47,148,195
WBGene00044460,3,10,13
WBGene00044461,34,32,66
WBGene00044462,71,357,428
WBGene00044463,34,388,422
WBGene00044464,19,135,154
WBGene00044466,37,1426,1463
WBGene00044467,390,2043,2433
WBGene00044468,7,93,100
WBGene00044469,2,6,8
WBGene00044470,2,9,11
WBGene00044471,5,36,41
WBGene00044472,12,53,65
WBGene00044473,0,0,0
WBGene00044474,0,0,0
WBGene00044475,0,0,0
WBGene00044476,0,3,3
WBGene00044477,14,65,79
WBGene00044478,21,152,173
WBGene00044479,2,10,12
WBGene00044480,1,1,2
WBGene00044481,8,14,22
WBGene00044482,79,337,416
WBGene00044483,14,1308,1322
WBGene00044484,149,1323,1472
WBGene00044485,50,256,306
WBGene00044486,0,10,10
WBGene00044487,36,178,214
WBGene00044488,23,49,72
WBGene00044489,0,2,2
WBGene00044490,0,1,1
WBGene00044491,0,1,1
WBGene00044492,11,4,15
WBGene00044493,15,680,695
WBGene00044495,41,83,124
WBGene00044498,0,0,0
WBGene00044499,0,10,10
WBGene00044500,161,1453,1614
WBGene00044501,50,6,56
WBGene00044502,4,126,130
WBGene00044504,10,69,79
WBGene00044505,36,62,98
WBGene00044508,230,1963,2193
WBGene00044509,16,1188,1204
WBGene00044510,9,49,58
WBGene00044511,17,83,100
WBGene00044512,12,103,115
WBGene00044513,100,706,806
WBGene00044514,334,12474,12808
WBGene00044516,2,0,2
WBGene00044518,0,0,0
WBGene00044519,2,2,4
WBGene00044520,0,9,9
WBGene00044521,0,9,9
WBGene00044524,0,0,0
WBGene00044525,59,219,278
WBGene00044526,4,53,57
WBGene00044527,7,143,150
WBGene00044528,13,35,48
WBGene00044529,19,15,34
WBGene00044530,1,45,46
WBGene00044531,8,4,12
WBGene00044533,0,14,14
WBGene00044534,36,54,90
WBGene00044535,2,10,12
WBGene00044536,37,527,564
WBGene00044537,0,1,1
WBGene00044538,0,0,0
WBGene00044539,4,32,36
WBGene00044541,0,7,7
WBGene00044542,28,36,64
WBGene00044543,2,0,2
WBGene00044544,352,702,1054
WBGene00044545,3,22,25
WBGene00044546,2,3,5
WBGene00044547,1,95,96
WBGene00044548,0,8,8
WBGene00044549,3,1,4
WBGene00044550,4,0,4
WBGene00044551,6,49,55
WBGene00044552,0,20,20
WBGene00044553,35,2147,2182
WBGene00044554,37,54,91
WBGene00044555,4,8,12
WBGene00044556,3,283,286
WBGene00044557,79,187,266
WBGene00044558,0,0,0
WBGene00044559,61,167,228
WBGene00044560,8,10,18
WBGene00044561,1,1,2
WBGene00044562,0,46,46
WBGene00044563,5,1,6
WBGene00044564,11,5,16
WBGene00044565,0,0,0
WBGene00044566,36,5,41
WBGene00044567,9,28,37
WBGene00044568,76,584,660
WBGene00044569,4,29,33
WBGene00044570,1299,22,1321
WBGene00044571,99,33,132
WBGene00044572,7,1,8
WBGene00044573,1,1,2
WBGene00044574,17,7,24
WBGene00044575,2,4,6
WBGene00044577,0,0,0
WBGene00044578,1,51,52
WBGene00044579,6,1,7
WBGene00044580,0,0,0
WBGene00044581,2,0,2
WBGene00044582,67,1167,1234
WBGene00044583,27,1,28
WBGene00044584,235,1576,1811
WBGene00044586,1,47,48
WBGene00044587,0,3,3
WBGene00044588,54,185,239
WBGene00044589,3,31,34
WBGene00044602,0,1,1
WBGene00044603,45,190,235
WBGene00044604,40,684,724
WBGene00044605,650,5125,5775
WBGene00044607,20,30,50
WBGene00044608,35,1351,1386
WBGene00044609,456,666,1122
WBGene00044610,0,7,7
WBGene00044611,16,21,37
WBGene00044612,26,477,503
WBGene00044614,71,677,748
WBGene00044615,77,759,836
WBGene00044616,0,9,9
WBGene00044617,4,77,81
WBGene00044618,11,403,414
WBGene00044620,24,663,687
WBGene00044623,61,2623,2684
WBGene00044630,128,2018,2146
WBGene00044631,56,541,597
WBGene00044633,5,61,66
WBGene00044634,3,3,6
WBGene00044636,88,2294,2382
WBGene00044637,54,149,203
WBGene00044638,0,961,961
WBGene00044640,116,845,961
WBGene00044641,424,206,630
WBGene00044643,6,468,474
WBGene00044644,150,969,1119
WBGene00044645,3,18,21
WBGene00044646,58,118,176
WBGene00044648,73,865,938
WBGene00044649,34,23,57
WBGene00044650,1292,1961,3253
WBGene00044651,406,636,1042
WBGene00044653,2,4,6
WBGene00044654,1,13,14
WBGene00044655,0,2,2
WBGene00044658,3,57,60
WBGene00044659,0,1,1
WBGene00044661,2,39,41
WBGene00044662,0,8,8
WBGene00044663,0,10,10
WBGene00044664,0,13,13
WBGene00044665,1,2,3
WBGene00044666,178,3302,3480
WBGene00044667,2,25,27
WBGene00044668,0,4,4
WBGene00044669,10,5,15
WBGene00044672,2,60,62
WBGene00044673,0,7,7
WBGene00044674,3,4,7
WBGene00044675,11,206,217
WBGene00044676,2,72,74
WBGene00044677,631,1400,2031
WBGene00044678,7,23,30
WBGene00044679,47,1075,1122
WBGene00044680,0,1,1
WBGene00044681,337,358,695
WBGene00044683,1,7,8
WBGene00044684,3,12,15
WBGene00044686,66,4851,4917
WBGene00044687,6,6,12
WBGene00044689,309,1447,1756
WBGene00044690,38,571,609
WBGene00044692,3,0,3
WBGene00044693,0,0,0
WBGene00044694,0,0,0
WBGene00044696,11,104,115
WBGene00044697,3,35,38
WBGene00044698,97,4248,4345
WBGene00044699,7,89,96
WBGene00044701,104,614,718
WBGene00044705,23,93,116
WBGene00044707,2,0,2
WBGene00044708,5,0,5
WBGene00044709,0,0,0
WBGene00044711,0,0,0
WBGene00044719,0,7,7
WBGene00044720,0,20,20
WBGene00044723,0,5,5
WBGene00044724,103,1486,1589
WBGene00044725,13,370,383
WBGene00044726,8,11,19
WBGene00044732,7,98,105
WBGene00044733,1,5,6
WBGene00044734,0,0,0
WBGene00044735,0,0,0
WBGene00044736,75,351,426
WBGene00044737,1563,15348,16911
WBGene00044738,6,7,13
WBGene00044741,5,21,26
WBGene00044742,19,154,173
WBGene00044743,39,1141,1180
WBGene00044744,5,9,14
WBGene00044745,109,506,615
WBGene00044746,1372,5510,6882
WBGene00044753,22,5,27
WBGene00044754,13,1,14
WBGene00044755,6,2,8
WBGene00044756,38,203,241
WBGene00044757,8,42,50
WBGene00044758,8,80,88
WBGene00044759,0,8,8
WBGene00044760,20,110,130
WBGene00044761,1,6,7
WBGene00044762,82,1506,1588
WBGene00044763,6,16,22
WBGene00044767,8,380,388
WBGene00044770,45,257,302
WBGene00044771,34,330,364
WBGene00044772,33,3402,3435
WBGene00044773,2,2,4
WBGene00044774,271,1628,1899
WBGene00044775,1,0,1
WBGene00044776,7,28,35
WBGene00044777,0,1,1
WBGene00044778,0,0,0
WBGene00044779,14,61,75
WBGene00044780,20,8,28
WBGene00044783,0,2,2
WBGene00044784,35,3769,3804
WBGene00044786,2,1,3
WBGene00044788,13,38,51
WBGene00044789,63,3499,3562
WBGene00044790,54,1235,1289
WBGene00044791,2,55,57
WBGene00044792,22,28,50
WBGene00044794,0,0,0
WBGene00044795,6,377,383
WBGene00044796,4,7,11
WBGene00044797,1,167,168
WBGene00044798,1,0,1
WBGene00044799,0,87,87
WBGene00044801,0,0,0
WBGene00044802,0,0,0
WBGene00044803,77,121,198
WBGene00044805,0,2,2
WBGene00044807,0,1,1
WBGene00044810,0,1,1
WBGene00044811,16,446,462
WBGene00044889,0,0,0
WBGene00044891,96,1385,1481
WBGene00044892,1,6,7
WBGene00044894,65,528,593
WBGene00044895,33,25,58
WBGene00044896,13,2,15
WBGene00044897,2,42,44
WBGene00044898,13,14,27
WBGene00044900,3,18,21
WBGene00044901,1,139,140
WBGene00044903,133,519,652
WBGene00044906,5,478,483
WBGene00044908,2,3,5
WBGene00044911,7,4,11
WBGene00044912,3,1,4
WBGene00044916,187,2546,2733
WBGene00044917,1,30,31
WBGene00044921,708,17058,17766
WBGene00044922,30,933,963
WBGene00044924,170,617,787
WBGene00044949,97,1301,1398
WBGene00044953,4,3,7
WBGene00044977,109,2516,2625
WBGene00044978,0,4,4
WBGene00044979,17,35,52
WBGene00044987,96,344,440
WBGene00044988,0,855,855
WBGene00044989,491,3918,4409
WBGene00044990,232,3471,3703
WBGene00044991,25,714,739
WBGene00044998,0,0,0
WBGene00045013,12,35,47
WBGene00045024,7,100,107
WBGene00045036,6,15,21
WBGene00045038,0,0,0
WBGene00045048,0,111,111
WBGene00045050,12,163,175
WBGene00045052,16,29,45
WBGene00045053,10,31,41
WBGene00045056,75,1285,1360
WBGene00045058,8,53,61
WBGene00045060,1,2,3
WBGene00045061,0,0,0
WBGene00045063,229,541,770
WBGene00045067,4,39,43
WBGene00045069,0,0,0
WBGene00045078,346,2855,3201
WBGene00045096,0,393,393
WBGene00045101,0,3,3
WBGene00045103,0,0,0
WBGene00045108,9,2,11
WBGene00045122,0,0,0
WBGene00045128,0,0,0
WBGene00045144,6,9,15
WBGene00045146,41,155,196
WBGene00045177,3,4,7
WBGene00045178,6,98,104
WBGene00045180,0,1,1
WBGene00045183,4,62,66
WBGene00045190,53,593,646
WBGene00045192,3,1353,1356
WBGene00045195,230,182,412
WBGene00045198,1,7,8
WBGene00045207,1,9,10
WBGene00045208,0,12223,12223
WBGene00045209,0,6,6
WBGene00045210,36,136,172
WBGene00045211,2,7,9
WBGene00045212,21,58,79
WBGene00045215,19,68,87
WBGene00045234,16,65,81
WBGene00045237,15,271,286
WBGene00045239,3,3,6
WBGene00045242,0,7,7
WBGene00045245,2,10,12
WBGene00045246,118,1666,1784
WBGene00045247,12,34,46
WBGene00045248,83,165,248
WBGene00045249,302,6874,7176
WBGene00045250,37,93,130
WBGene00045251,0,0,0
WBGene00045252,19,85,104
WBGene00045253,71,616,687
WBGene00045255,297,1244,1541
WBGene00045261,1,18,19
WBGene00045265,2,4,6
WBGene00045268,0,2,2
WBGene00045269,1,13,14
WBGene00045270,11,0,11
WBGene00045271,4,26,30
WBGene00045272,0,88147,88147
WBGene00045275,0,288,288
WBGene00045276,0,2206,2206
WBGene00045277,291,2631,2922
WBGene00045283,0,3,3
WBGene00045289,67,5,72
WBGene00045291,2,11,13
WBGene00045292,2,12,14
WBGene00045295,4,176,180
WBGene00045297,10,74,84
WBGene00045298,0,0,0
WBGene00045299,0,0,0
WBGene00045300,0,0,0
WBGene00045301,0,0,0
WBGene00045302,1,1,2
WBGene00045303,0,1,1
WBGene00045304,1,7,8
WBGene00045305,1,242,243
WBGene00045306,0,2,2
WBGene00045308,9,7,16
WBGene00045331,6,119,125
WBGene00045336,87,742,829
WBGene00045337,0,7,7
WBGene00045338,0,0,0
WBGene00045339,4,49,53
WBGene00045340,76,307,383
WBGene00045344,3,0,3
WBGene00045355,4,8,12
WBGene00045356,0,7,7
WBGene00045357,51,427,478
WBGene00045361,0,0,0
WBGene00045362,0,0,0
WBGene00045364,1,0,1
WBGene00045365,2,13,15
WBGene00045379,5,406,411
WBGene00045380,0,1,1
WBGene00045381,0,0,0
WBGene00045382,1,26,27
WBGene00045385,2,41,43
WBGene00045386,91,620,711
WBGene00045387,51,463,514
WBGene00045390,212,4080,4292
WBGene00045392,78,1144,1222
WBGene00045393,4,30,34
WBGene00045394,0,3,3
WBGene00045395,14,76,90
WBGene00045396,33,357,390
WBGene00045397,28,114,142
WBGene00045398,6,3,9
WBGene00045399,4,38,42
WBGene00045400,9,30,39
WBGene00045401,2,10,12
WBGene00045402,0,0,0
WBGene00045403,13,172,185
WBGene00045405,2,11,13
WBGene00045406,0,1,1
WBGene00045407,109,1266,1375
WBGene00045411,0,146,146
WBGene00045412,0,32,32
WBGene00045413,1,0,1
WBGene00045414,0,2,2
WBGene00045415,0,21,21
WBGene00045416,2,4,6
WBGene00045417,0,0,0
WBGene00045418,122,3832,3954
WBGene00045419,484,3415,3899
WBGene00045433,139,2044,2183
WBGene00045434,124,599,723
WBGene00045455,2,42,44
WBGene00045456,5,2,7
WBGene00045457,0,18,18
WBGene00045458,0,9,9
WBGene00045459,0,2,2
WBGene00045460,0,20,20
WBGene00045461,4,52,56
WBGene00045468,1,6,7
WBGene00045473,3,7,10
WBGene00045474,1,26,27
WBGene00045475,10,23,33
WBGene00045480,64,12,76
WBGene00045481,9,9,18
WBGene00045482,97,244,341
WBGene00045483,736,11194,11930
WBGene00045484,22,55,77
WBGene00045486,0,2,2
WBGene00045488,0,41,41
WBGene00045490,0,0,0
WBGene00045493,2,2,4
WBGene00045494,11,64,75
WBGene00045495,125,1022,1147
WBGene00045497,7,44,51
WBGene00045498,0,5,5
WBGene00045500,3,10,13
WBGene00045501,1,1,2
WBGene00045506,1,0,1
WBGene00045507,4,1246,1250
WBGene00045508,2,0,2
WBGene00045510,19,180,199
WBGene00045511,15,23,38
WBGene00045513,8,7,15
WBGene00045515,1,0,1
WBGene00045517,436,3734,4170
WBGene00050875,54,740,794
WBGene00050879,0,1,1
WBGene00050880,14,1,15
WBGene00050881,0,0,0
WBGene00050884,208,1246,1454
WBGene00050885,122,1127,1249
WBGene00050889,120,746,866
WBGene00050891,43,23,66
WBGene00050892,0,1,1
WBGene00050893,0,1,1
WBGene00050894,0,0,0
WBGene00050896,1,0,1
WBGene00050898,0,0,0
WBGene00050899,2,71,73
WBGene00050904,3,19,22
WBGene00050906,1,3,4
WBGene00050907,0,1,1
WBGene00050910,5,3,8
WBGene00050911,0,3,3
WBGene00050913,0,2,2
WBGene00050914,0,0,0
WBGene00050915,3,15,18
WBGene00050916,3,40,43
WBGene00050917,16,94,110
WBGene00050919,4,5,9
WBGene00050929,0,0,0
WBGene00050931,3,21,24
WBGene00050934,11,89,100
WBGene00050936,0,0,0
WBGene00050937,40,956,996
WBGene00050939,0,14974,14974
WBGene00050940,0,30,30
WBGene00050941,9,1364,1373
WBGene00050943,66,631,697
WBGene00050944,101,2300,2401
WBGene00050947,8,705,713
WBGene00050955,0,0,0
WBGene00050956,0,0,0
WBGene00050957,2,3,5
WBGene00050959,0,0,0
WBGene00050965,0,0,0
WBGene00050967,0,9,9
WBGene00050968,0,0,0
WBGene00050974,0,2,2
WBGene00050975,9,7,16
WBGene00077439,0,66,66
WBGene00077445,0,0,0
WBGene00077450,8,2,10
WBGene00077453,19,986,1005
WBGene00077455,8,18,26
WBGene00077464,0,1,1
WBGene00077489,3,31,34
WBGene00077490,29,425,454
WBGene00077491,3,53,56
WBGene00077492,0,2,2
WBGene00077493,2,2,4
WBGene00077495,0,0,0
WBGene00077497,496,544,1040
WBGene00077500,26,302,328
WBGene00077503,0,0,0
WBGene00077508,28,11,39
WBGene00077514,0,5,5
WBGene00077519,0,4,4
WBGene00077520,92,925,1017
WBGene00077521,7,303,310
WBGene00077522,0,36,36
WBGene00077523,0,5,5
WBGene00077525,31,2,33
WBGene00077526,0,21569,21569
WBGene00077531,2,39,41
WBGene00077536,7,68,75
WBGene00077538,22,74,96
WBGene00077539,248,89,337
WBGene00077543,5,37,42
WBGene00077546,4,7,11
WBGene00077548,1,2,3
WBGene00077553,65,51,116
WBGene00077557,27,63,90
WBGene00077558,22,50,72
WBGene00077559,9,57,66
WBGene00077562,3,1,4
WBGene00077563,6,28,34
WBGene00077565,1,15,16
WBGene00077569,7,14,21
WBGene00077573,25,437,462
WBGene00077576,0,0,0
WBGene00077577,5,579,584
WBGene00077582,3,22,25
WBGene00077583,2,1,3
WBGene00077585,39,100,139
WBGene00077588,0,12,12
WBGene00077592,6,9,15
WBGene00077593,4,25,29
WBGene00077599,39,315,354
WBGene00077607,3,0,3
WBGene00077616,2,27,29
WBGene00077622,0,3,3
WBGene00077624,1,0,1
WBGene00077640,0,1,1
WBGene00077643,60,1029,1089
WBGene00077655,0,2,2
WBGene00077658,103,1025,1128
WBGene00077663,0,1,1
WBGene00077669,217,725,942
WBGene00077673,0,0,0
WBGene00077674,0,17,17
WBGene00077679,3,30,33
WBGene00077680,1,8,9
WBGene00077681,19,98,117
WBGene00077682,2,9,11
WBGene00077684,1,3,4
WBGene00077685,0,2,2
WBGene00077688,4,2,6
WBGene00077690,29,1661,1690
WBGene00077691,1,50,51
WBGene00077692,16,138,154
WBGene00077693,242,7271,7513
WBGene00077696,74,67,141
WBGene00077697,101,126,227
WBGene00077698,111,422,533
WBGene00077699,9,28,37
WBGene00077701,16,320,336
WBGene00077703,28,44,72
WBGene00077704,0,17,17
WBGene00077712,11,286,297
WBGene00077714,1,31,32
WBGene00077728,0,4120,4120
WBGene00077732,6,145,151
WBGene00077751,3,2,5
WBGene00077752,8,69,77
WBGene00077756,2,20,22
WBGene00077757,2,26,28
WBGene00077758,1,4,5
WBGene00077759,4,2,6
WBGene00077761,130,3283,3413
WBGene00077762,0,6,6
WBGene00077763,10,88,98
WBGene00077764,0,1160,1160
WBGene00077766,0,0,0
WBGene00077768,4,58,62
WBGene00077769,2,25,27
WBGene00077770,2,6,8
WBGene00077771,1051,21153,22204
WBGene00077773,0,495,495
WBGene00077775,82,367,449
WBGene00077782,11,10,21
WBGene00077783,2,26,28
WBGene00077786,217,275,492
WBGene00077788,14,5,19
WBGene00086546,61,375,436
WBGene00086551,8,286,294
WBGene00086552,0,0,0
WBGene00086553,140,920,1060
WBGene00086554,0,10,10
WBGene00086555,1,0,1
WBGene00086556,7,15,22
WBGene00086557,47,516,563
WBGene00086558,9,124,133
WBGene00086559,19,206,225
WBGene00086560,7,16,23
WBGene00086561,0,0,0
WBGene00086562,4,4,8
WBGene00086563,0,1,1
WBGene00086564,2,3,5
WBGene00086565,0,0,0
WBGene00086566,46,788,834
WBGene00086567,0,1,1
WBGene00086568,9,103,112
WBGene00086569,204,1564,1768
WBGene00119201,2,1,3
WBGene00119203,21,284,305
WBGene00119204,2,4,6
WBGene00138711,7,67,74
WBGene00138714,0,0,0
WBGene00138715,0,0,0
WBGene00138716,0,0,0
WBGene00138717,358,1888,2246
WBGene00138718,43,34,77
WBGene00138719,1,2,3
WBGene00138720,58,643,701
WBGene00138721,8,15,23
WBGene00138724,0,156,156
WBGene00138725,58,88,146
WBGene00164968,35,360,395
WBGene00164969,1,52,53
WBGene00164971,1,1,2
WBGene00164972,0,0,0
WBGene00164973,0,31,31
WBGene00164974,0,2,2
WBGene00164985,22,172,194
WBGene00164986,9,41,50
WBGene00175027,58,163,221
WBGene00175028,0,0,0
WBGene00175030,13,1045,1058
WBGene00175031,7,20,27
WBGene00175034,35,309,344
WBGene00175035,55,510,565
WBGene00184956,2,14,16
WBGene00184990,12,190,202
WBGene00185001,135,1566,1701
WBGene00185002,50,100,150
WBGene00185005,29,508,537
WBGene00185006,4,6,10
WBGene00185014,114,2596,2710
WBGene00185048,176,2234,2410
WBGene00185055,4,3,7
WBGene00185067,169,9143,9312
WBGene00185075,0,358,358
WBGene00185077,0,34,34
WBGene00185078,764,188,952
WBGene00185079,144,1349,1493
WBGene00185086,7,118,125
WBGene00185088,16,390,406
WBGene00185089,6,49,55
WBGene00185092,3,2,5
WBGene00185095,0,14,14
WBGene00185096,0,0,0
WBGene00185097,0,1,1
WBGene00185098,53,440,493
WBGene00185100,3,5,8
WBGene00185101,10,5,15
WBGene00185102,59,700,759
WBGene00185116,0,2,2
WBGene00185117,16,94,110
WBGene00185118,935,2653,3588
WBGene00189930,2,0,2
WBGene00189931,0,0,0
WBGene00189932,0,0,0
WBGene00189933,9,16,25
WBGene00189937,1,4,5
WBGene00189943,3,0,3
WBGene00189947,0,0,0
WBGene00189948,3,9,12
WBGene00189949,22,20,42
WBGene00189950,6,0,6
WBGene00189952,19,131,150
WBGene00189953,0,0,0
WBGene00189954,0,3,3
WBGene00189955,0,0,0
WBGene00189956,26,9,35
WBGene00189957,22,26,48
WBGene00189961,9,7,16
WBGene00189987,8,7,15
WBGene00189993,1,4,5
WBGene00189995,0,0,0
WBGene00194641,296,2367,2663
WBGene00194642,218,1048,1266
WBGene00194643,49,37,86
WBGene00194645,0,0,0
WBGene00194646,0,1,1
WBGene00194647,6,3,9
WBGene00194649,4,67,71
WBGene00194651,125,1093,1218
WBGene00194653,1,2,3
WBGene00194654,2,2,4
WBGene00194656,0,1,1
WBGene00194658,48,411,459
WBGene00194660,0,37,37
WBGene00194661,7,17,24
WBGene00194663,1,12,13
WBGene00194664,10,82,92
WBGene00194670,1,2,3
WBGene00194672,0,10,10
WBGene00194674,2,27,29
WBGene00194677,10,10,20
WBGene00194679,15,239,254
WBGene00194680,46,1350,1396
WBGene00194682,11,31,42
WBGene00194684,2,5,7
WBGene00194687,18,2,20
WBGene00194689,25,317,342
WBGene00194691,12,11,23
WBGene00194692,183,2978,3161
WBGene00194695,0,0,0
WBGene00194696,1,0,1
WBGene00194697,15,84,99
WBGene00194698,0,5,5
WBGene00194699,0,13,13
WBGene00194700,4,17,21
WBGene00194701,2,1,3
WBGene00194702,13,10,23
WBGene00194703,0,14,14
WBGene00194704,0,0,0
WBGene00194706,47,516,563
WBGene00194707,36,1211,1247
WBGene00194708,0,7,7
WBGene00194710,161,952,1113
WBGene00194711,2,1,3
WBGene00194712,62,46,108
WBGene00194713,0,314,314
WBGene00194714,0,0,0
WBGene00194715,1,1,2
WBGene00194717,1,0,1
WBGene00194725,0,14,14
WBGene00194726,5,10,15
WBGene00194727,7,9,16
WBGene00194729,13,97,110
WBGene00194730,10,0,10
WBGene00194731,48,115,163
WBGene00194733,0,0,0
WBGene00194734,0,0,0
WBGene00194735,3,3,6
WBGene00194737,19,5,24
WBGene00194738,0,0,0
WBGene00194742,6,303,309
WBGene00194744,0,4,4
WBGene00194746,2,3,5
WBGene00194747,208,1855,2063
WBGene00194780,0,0,0
WBGene00194783,1,0,1
WBGene00194784,2,4,6
WBGene00194785,5,2,7
WBGene00194787,0,1,1
WBGene00194788,0,1,1
WBGene00194793,9,10,19
WBGene00194795,4,20,24
WBGene00194799,0,0,0
WBGene00194801,0,1,1
WBGene00194803,1,12,13
WBGene00194813,4,49,53
WBGene00194815,7,12,19
WBGene00194816,4,17,21
WBGene00194821,2,2,4
WBGene00194832,59,83,142
WBGene00194833,2,4,6
WBGene00194835,8,126,134
WBGene00194839,0,1,1
WBGene00194848,5,4,9
WBGene00194849,20,20,40
WBGene00194850,2,2,4
WBGene00194852,10,61,71
WBGene00194855,17,99,116
WBGene00194861,4,10,14
WBGene00194864,0,1,1
WBGene00194866,51,66,117
WBGene00194867,0,1,1
WBGene00194868,27,5,32
WBGene00194869,0,1349,1349
WBGene00194870,18,19,37
WBGene00194871,4,0,4
WBGene00194883,97,2052,2149
WBGene00194886,3,56,59
WBGene00194888,0,6,6
WBGene00194890,29,0,29
WBGene00194892,29,135,164
WBGene00194894,1,1,2
WBGene00194895,6,335,341
WBGene00194896,236,3,239
WBGene00194898,1,0,1
WBGene00194902,3,8,11
WBGene00194905,74,360,434
WBGene00194906,8,17,25
WBGene00194907,0,6,6
WBGene00194908,126,558,684
WBGene00194909,40,341,381
WBGene00194910,74,98,172
WBGene00194912,1,5,6
WBGene00194913,171,203,374
WBGene00194914,0,0,0
WBGene00194915,40,426,466
WBGene00194916,4,45,49
WBGene00194917,5,45,50
WBGene00194918,3,4,7
WBGene00194919,8,28,36
WBGene00194920,2,12,14
WBGene00194921,134,520,654
WBGene00194922,0,8,8
WBGene00194924,0,1,1
WBGene00194925,10,18,28
WBGene00194926,10,126,136
WBGene00194927,0,0,0
WBGene00194928,24,180,204
WBGene00194929,0,6,6
WBGene00194930,0,0,0
WBGene00194931,0,0,0
WBGene00194933,0,2,2
WBGene00194934,9,191,200
WBGene00194935,0,0,0
WBGene00194940,2,13,15
WBGene00194951,0,0,0
WBGene00194952,1,9,10
WBGene00194955,55,364,419
WBGene00194956,0,87,87
WBGene00194957,0,0,0
WBGene00194981,10,2,12
WBGene00194982,63,822,885
WBGene00194983,1,9,10
WBGene00194985,0,0,0
WBGene00194986,0,0,0
WBGene00194998,54,215,269
WBGene00195003,0,8,8
WBGene00195004,38,191,229
WBGene00195006,5,7,12
WBGene00195009,4,1,5
WBGene00195010,0,1,1
WBGene00195011,53,124,177
WBGene00195012,17,6,23
WBGene00195045,2,12,14
WBGene00195046,22,11,33
WBGene00195048,2,2,4
WBGene00195049,25,30,55
WBGene00195050,8,118,126
WBGene00195051,31,441,472
WBGene00195056,121,1902,2023
WBGene00195057,3,6,9
WBGene00195058,0,1,1
WBGene00195061,1,0,1
WBGene00195063,88,2028,2116
WBGene00195067,18,46,64
WBGene00195068,106,48,154
WBGene00195069,3,18,21
WBGene00195070,25,19,44
WBGene00195071,6,14,20
WBGene00195072,0,1,1
WBGene00195073,361,1422,1783
WBGene00195077,1,1,2
WBGene00195081,4,32,36
WBGene00195084,77,626,703
WBGene00195086,13,555,568
WBGene00195093,83,1706,1789
WBGene00195142,0,778,778
WBGene00195143,303,447,750
WBGene00195144,9,229,238
WBGene00195145,47,89,136
WBGene00195146,448,775,1223
WBGene00195147,20,19,39
WBGene00195148,22,34,56
WBGene00195149,5,16,21
WBGene00195150,0,3,3
WBGene00195154,2,10,12
WBGene00195155,0,7,7
WBGene00195157,9,6,15
WBGene00195158,0,0,0
WBGene00195160,0,0,0
WBGene00195164,0,18,18
WBGene00195165,2,0,2
WBGene00195166,33,997,1030
WBGene00195168,0,1,1
WBGene00195169,19,59,78
WBGene00195171,1,0,1
WBGene00195174,7,4,11
WBGene00195176,4,8,12
WBGene00195177,0,1,1
WBGene00195178,2,7,9
WBGene00195179,2,2,4
WBGene00195180,10,70,80
WBGene00195181,0,0,0
WBGene00195182,8,10,18
WBGene00195183,8,31,39
WBGene00195184,5,31,36
WBGene00195185,701,1779,2480
WBGene00195188,1,3,4
WBGene00195189,16,164,180
WBGene00195208,2,36,38
WBGene00195209,0,231,231
WBGene00195210,8,63,71
WBGene00195211,1,0,1
WBGene00195212,28,81,109
WBGene00195213,0,16,16
WBGene00195214,5,39,44
WBGene00195215,2,0,2
WBGene00195226,2,10,12
WBGene00195227,0,1,1
WBGene00195228,0,0,0
WBGene00195229,5,0,5
WBGene00195230,0,0,0
WBGene00195231,0,0,0
WBGene00195232,2,2,4
WBGene00195239,87,1079,1166
WBGene00195240,0,2,2
WBGene00195241,3,7,10
WBGene00195242,1,0,1
WBGene00195243,0,18,18
WBGene00195244,1,12,13
WBGene00195246,16,77,93
WBGene00195248,38,66,104
WBGene00195249,11,17,28
WBGene00195250,1,15,16
WBGene00195256,5,2,7
WBGene00202495,0,0,0
WBGene00202496,1,17,18
WBGene00202497,13,3,16
WBGene00202498,8,38,46
WBGene00202499,3,1,4
WBGene00202500,8,1,9
WBGene00202501,1,7,8
WBGene00202502,1,4,5
WBGene00202504,0,0,0
WBGene00202511,1,11,12
WBGene00202512,57,222,279
WBGene00202513,9,286,295
WBGene00202514,2,16,18
WBGene00206354,1,25,26
WBGene00206355,3,28,31
WBGene00206356,63,1124,1187
WBGene00206357,9,12,21
WBGene00206358,0,1,1
WBGene00206359,7,6,13
WBGene00206360,1,2,3
WBGene00206361,23,397,420
WBGene00206362,26,427,453
WBGene00206363,0,0,0
WBGene00206364,5,64,69
WBGene00206365,0,4,4
WBGene00206366,0,14,14
WBGene00206368,0,0,0
WBGene00206370,0,23,23
WBGene00206371,6,245,251
WBGene00206372,0,1,1
WBGene00206373,27,1170,1197
WBGene00206374,121,221,342
WBGene00206377,7,172,179
WBGene00206378,18,22,40
WBGene00206379,0,6,6
WBGene00206380,157,2895,3052
WBGene00206381,4,26,30
WBGene00206382,115,878,993
WBGene00206383,0,2,2
WBGene00206384,33,25,58
WBGene00206385,0,0,0
WBGene00206386,6,41,47
WBGene00206388,0,0,0
WBGene00206389,0,0,0
WBGene00206390,1,1,2
WBGene00206392,11,27,38
WBGene00206393,2,19,21
WBGene00206395,0,1,1
WBGene00206412,2,25,27
WBGene00206413,4,1,5
WBGene00206414,5,22,27
WBGene00206415,13,8,21
WBGene00206416,5,50,55
WBGene00206417,68,1514,1582
WBGene00206418,5,37,42
WBGene00206421,0,0,0
WBGene00206422,0,189,189
WBGene00206460,11,47,58
WBGene00206461,11,37,48
WBGene00206462,1,47,48
WBGene00206464,0,2711,2711
WBGene00206466,0,135,135
WBGene00206468,0,0,0
WBGene00206469,20,46,66
WBGene00206471,3,4,7
WBGene00206473,3,38,41
WBGene00206474,33,166,199
WBGene00206475,6,4,10
WBGene00206477,0,0,0
WBGene00206478,3,5,8
WBGene00206479,35,488,523
WBGene00206481,1,0,1
WBGene00206482,0,33,33
WBGene00206483,2,0,2
WBGene00206484,14,141,155
WBGene00206485,0,0,0
WBGene00206486,28,13,41
WBGene00206487,41,913,954
WBGene00206488,97,52,149
WBGene00206490,1,1,2
WBGene00206492,0,0,0
WBGene00206493,6,3,9
WBGene00206495,0,0,0
WBGene00206496,0,1,1
WBGene00206497,2,9,11
WBGene00206498,0,1,1
WBGene00206499,0,0,0
WBGene00206500,0,11,11
WBGene00206501,0,0,0
WBGene00206502,3,9,12
WBGene00206503,0,0,0
WBGene00206504,0,0,0
WBGene00206505,6,129,135
WBGene00206506,0,0,0
WBGene00206507,0,0,0
WBGene00206508,0,1,1
WBGene00206510,1,2,3
WBGene00206511,13,0,13
WBGene00206512,1,11,12
WBGene00206513,2,2,4
WBGene00206514,5,9,14
WBGene00206515,3,5,8
WBGene00206516,571,2,573
WBGene00206517,4,123,127
WBGene00206518,1,1,2
WBGene00206519,0,4,4
WBGene00206520,2,1,3
WBGene00206521,1,35,36
WBGene00206522,39,2079,2118
WBGene00206523,1,0,1
WBGene00206524,3,4,7
WBGene00206525,79,662,741
WBGene00206527,3,43,46
WBGene00206528,9,91,100
WBGene00206529,39,294,333
WBGene00206530,42,26,68
WBGene00206532,850,593,1443
WBGene00206533,111,89,200
WBGene00206534,0,0,0
WBGene00206535,4,0,4
WBGene00206537,2,3,5
WBGene00206538,12,199,211
WBGene00219205,1,52,53
WBGene00219206,5,194,199
WBGene00219207,0,2131,2131
WBGene00219208,74,1472,1546
WBGene00219209,29,96,125
WBGene00219210,5,48,53
WBGene00219212,0,0,0
WBGene00219214,7,0,7
WBGene00219216,4,3,7
WBGene00219217,1,4,5
WBGene00219218,1,11,12
WBGene00219234,2,3,5
WBGene00219235,1,84,85
WBGene00219236,38,1223,1261
WBGene00219238,0,0,0
WBGene00219239,0,0,0
WBGene00219241,3,14,17
WBGene00219243,76,90,166
WBGene00219244,0,5,5
WBGene00219271,0,1,1
WBGene00219272,23,4,27
WBGene00219274,5,12,17
WBGene00219275,347,4074,4421
WBGene00219278,2,5,7
WBGene00219280,14,232,246
WBGene00219281,38,20,58
WBGene00219282,0,17,17
WBGene00219283,305,55,360
WBGene00219284,2,8967,8969
WBGene00219285,12,17,29
WBGene00219286,1,17,18
WBGene00219287,121,2109,2230
WBGene00219288,53,252,305
WBGene00219289,3815,1037,4852
WBGene00219290,0,0,0
WBGene00219291,0,0,0
WBGene00219293,0,11,11
WBGene00219294,10,86,96
WBGene00219295,78,94,172
WBGene00219296,2,1,3
WBGene00219297,2,2,4
WBGene00219298,7,19,26
WBGene00219299,5,32,37
WBGene00219300,6,47,53
WBGene00219301,0,0,0
WBGene00219302,0,72,72
WBGene00219308,2,32,34
WBGene00219309,3,87,90
WBGene00219310,0,5,5
WBGene00219313,63,3183,3246
WBGene00219314,2,1,3
WBGene00219315,0,1,1
WBGene00219316,5,9,14
WBGene00219317,14,28,42
WBGene00219318,0,0,0
WBGene00219319,18,35,53
WBGene00219321,1,5,6
WBGene00219322,0,0,0
WBGene00219324,0,2,2
WBGene00219325,28,51,79
WBGene00219326,1,3,4
WBGene00219327,0,3,3
WBGene00219329,303,255,558
WBGene00219330,3,2,5
WBGene00219332,2,0,2
WBGene00219337,177,100,277
WBGene00219342,0,3,3
WBGene00219351,11,5,16
WBGene00219362,268,607,875
WBGene00219368,0,4,4
WBGene00219369,1,2,3
WBGene00219370,0,0,0
WBGene00219371,1,52,53
WBGene00219372,13,278,291
WBGene00219373,9,716,725
WBGene00219374,0,57,57
WBGene00219375,26,185,211
WBGene00219376,1,16,17
WBGene00219378,0,1,1
WBGene00219381,2,1,3
WBGene00219383,1,4,5
WBGene00219394,44,436,480
WBGene00219395,0,0,0
WBGene00219399,27,20,47
WBGene00219410,36,14,50
WBGene00219411,3,4,7
WBGene00219412,0,175,175
WBGene00219413,4,26,30
WBGene00219414,1,3,4
WBGene00219418,0,2,2
WBGene00219420,0,133,133
WBGene00219421,6,14,20
WBGene00219422,19,16,35
WBGene00219423,12,15,27
WBGene00219424,7,35,42
WBGene00219425,104,137,241
WBGene00219434,0,3,3
WBGene00219436,26,130,156
WBGene00219437,1,1,2
WBGene00219443,0,0,0
WBGene00219445,0,0,0
WBGene00219446,0,0,0
WBGene00219447,0,0,0
WBGene00219449,6,42,48
WBGene00219450,22,183,205
WBGene00219451,5,216,221
WBGene00219452,0,9,9
WBGene00219454,0,0,0
WBGene00219455,0,2,2
WBGene00219456,0,2,2
WBGene00219458,5,0,5
WBGene00219460,10,2,12
WBGene00219476,8,23,31
WBGene00219478,0,2,2
WBGene00219489,0,2,2
WBGene00219491,0,3,3
WBGene00219493,0,5,5
WBGene00219498,4,9,13
WBGene00219544,2,16,18
WBGene00219547,0,1,1
WBGene00219750,2,0,2
WBGene00219796,0,24,24
WBGene00220249,1,5,6
WBGene00220250,9,2,11
WBGene00220253,0,14,14
WBGene00220254,1,2,3
WBGene00220257,0,13,13
WBGene00220258,0,13,13
WBGene00220259,3,43,46
WBGene00220261,2,17,19
WBGene00235081,0,0,0
WBGene00235092,6,8,14
WBGene00235093,0,6,6
WBGene00235094,0,1,1
WBGene00235095,8,16,24
WBGene00235102,36,6602,6638
WBGene00235110,1,10,11
WBGene00235112,0,0,0
WBGene00235113,0,60,60
WBGene00235114,44,831,875
WBGene00235115,2,0,2
WBGene00235116,2,4,6
WBGene00235117,0,1,1
WBGene00235118,0,9,9
WBGene00235120,3,0,3
WBGene00235129,10,61,71
WBGene00235132,34,28,62
WBGene00235133,0,4,4
WBGene00235134,7,3,10
WBGene00235158,40,570,610
WBGene00235164,65,1518,1583
WBGene00235165,0,0,0
WBGene00235254,0,1,1
WBGene00235256,0,53,53
WBGene00235257,2,14,16
WBGene00235258,2,8,10
WBGene00235260,38,7,45
WBGene00235261,0,9,9
WBGene00235262,0,0,0
WBGene00235263,36,41,77
WBGene00235264,0,1,1
WBGene00235267,0,6,6
WBGene00235268,110,1502,1612
WBGene00235269,92,1443,1535
WBGene00235271,1,7,8
WBGene00235273,150,533,683
WBGene00235274,22,431,453
WBGene00235275,27,19,46
WBGene00235277,234,235,469
WBGene00235279,166,75,241
WBGene00235280,0,44,44
WBGene00235282,1,1,2
WBGene00235283,12,43,55
WBGene00235284,0,11,11
WBGene00235285,0,0,0
WBGene00235288,2,0,2
WBGene00235289,0,9,9
WBGene00235290,2,1,3
WBGene00235291,146,967,1113
WBGene00235293,0,3,3
WBGene00235294,0,1,1
WBGene00235295,0,8,8
WBGene00235296,0,45,45
WBGene00235297,0,0,0
WBGene00235298,0,2,2
WBGene00235300,0,56,56
WBGene00235301,0,10,10
WBGene00235302,0,0,0
WBGene00235303,0,108,108
WBGene00235304,0,5,5
WBGene00235305,0,15,15
WBGene00235308,8,120,128
WBGene00235309,1,2,3
WBGene00235310,98,256,354
WBGene00235311,0,0,0
WBGene00235312,5,37,42
WBGene00235313,14,49,63
WBGene00235315,36,411,447
WBGene00235316,18,45,63
WBGene00235317,0,0,0
WBGene00235320,6,32,38
WBGene00235321,40,13,53
WBGene00235322,0,2,2
WBGene00235324,2,0,2
WBGene00235325,32,372,404
WBGene00235326,0,1,1
WBGene00235327,0,1,1
WBGene00235328,0,28,28
WBGene00235329,13,13,26
WBGene00235330,18,178,196
WBGene00235332,0,10,10
WBGene00235333,1,10,11
WBGene00235335,0,16,16
WBGene00235336,0,0,0
WBGene00235339,0,0,0
WBGene00235340,0,1,1
WBGene00235342,0,0,0
WBGene00235343,0,0,0
WBGene00235350,128,5,133
WBGene00235351,0,5,5
WBGene00235352,2,9,11
WBGene00235354,1,0,1
WBGene00235358,0,1,1
WBGene00235359,0,0,0
WBGene00235361,0,0,0
WBGene00235363,0,3,3
WBGene00235364,0,0,0
WBGene00235365,0,1,1
WBGene00235367,0,1,1
WBGene00235368,0,0,0
WBGene00235369,0,1,1
WBGene00235371,0,3,3
WBGene00235374,0,1,1
WBGene00235380,0,77,77
WBGene00235383,1,2,3
WBGene00235388,2,2,4
WBGene00235390,1,4,5
WBGene00235391,0,8,8
WBGene00236786,0,37,37
WBGene00236789,7,41,48
WBGene00236806,146,0,146
WBGene00236808,7,1,8
WBGene00236809,9,3,12
WBGene00249815,3639,3489,7128
WBGene00249817,42,925,967
WBGene00255375,0,0,0
WBGene00255420,17,1,18
WBGene00255457,215,79,294
WBGene00255469,7,18,25
WBGene00255522,0,0,0
WBGene00255545,0,1,1
WBGene00255546,1,0,1
WBGene00255550,0,0,0
WBGene00255553,1,0,1
WBGene00255594,4,41,45
WBGene00255595,0,230,230
WBGene00255597,0,14,14
WBGene00255598,37,47,84
WBGene00255600,2,21,23
WBGene00255605,0,21,21
WBGene00255607,0,11,11
WBGene00255611,0,2,2
WBGene00255702,13,63,76
WBGene00255704,0,330,330
WBGene00255714,2,103,105
WBGene00255729,10,46,56
WBGene00255731,7,33,40
WBGene00255732,0,0,0
WBGene00255733,8,20,28
WBGene00268194,3,2,5
WBGene00268196,53,87,140
WBGene00268197,1,0,1
WBGene00268198,0,0,0
WBGene00268199,0,1,1
WBGene00268206,1,14,15
WBGene00268213,1,17,18
WBGene00268215,7,40,47
WBGene00268216,2,1,3
WBGene00269332,0,0,0
WBGene00269352,0,1,1
WBGene00269355,13,120,133
WBGene00269373,0,49,49
WBGene00269374,0,6,6
WBGene00269375,2,23,25
WBGene00269378,97,629,726
WBGene00269379,0,7,7
WBGene00269381,0,0,0
WBGene00269382,14,140,154
WBGene00269385,0,0,0
WBGene00269387,12,487,499
WBGene00269388,0,7,7
WBGene00269389,0,0,0
WBGene00269391,131,387,518
WBGene00269392,1,1,2
WBGene00269394,1,0,1
WBGene00269421,1126,5791,6917
WBGene00269422,0,9,9
WBGene00269424,0,4,4
WBGene00269425,1,0,1
WBGene00269429,0,109,109
WBGene00269431,2,41,43
WBGene00269432,50,529,579
WBGene00269433,6,428,434
WBGene00269434,1,14,15
WBGene00269435,1,2,3
WBGene00269437,0,4,4
WBGene00269438,4,9,13
WBGene00270290,0,0,0
WBGene00270293,1,3,4
WBGene00270303,2,16,18
WBGene00270309,31,56,87
WBGene00270318,10,50,60
WBGene00270319,65,653,718
WBGene00270320,0,5,5
WBGene00270321,9,27,36
WBGene00270322,29,783,812
WBGene00271414,37,496,533
WBGene00271415,5,10,15
WBGene00271437,7,20,27
WBGene00271444,1,37,38
WBGene00271567,3,20,23
WBGene00271577,4,4,8
WBGene00271605,10,45,55
WBGene00271606,17,197,214
WBGene00271657,3,48,51
WBGene00271694,20,356,376
WBGene00271701,1,20,21
WBGene00271703,0,6,6
WBGene00271706,17,531,548
WBGene00271707,3,25,28
WBGene00271715,4,3,7
