gene_id,total_unsp,total_sp,total
WBGene00000001.,16,1122,1138
WBGene00000002.,43,810,853
WBGene00000003.,10,748,758
WBGene00000004.,176,2056,2232
WBGene00000005.,1,8,9
WBGene00000006.,491,4215,4706
WBGene00000007.,2,60,62
WBGene00000008.,43,12,55
WBGene00000009.,10,35,45
WBGene00000010.,43,471,514
WBGene00000012.,29,51,80
WBGene00000013.,0,129,129
WBGene00000014.,1,10,11
WBGene00000015.,0,78,78
WBGene00000016.,12,1240,1252
WBGene00000017.,5,2481,2486
WBGene00000018.,469,1889,2358
WBGene00000019.,3,7,10
WBGene00000020.,139,449,588
WBGene00000021.,2,2,4
WBGene00000022.,11,91,102
WBGene00000023.,3,20,23
WBGene00000024.,0,4,4
WBGene00000025.,0,11,11
WBGene00000026.,0,1,1
WBGene00000027.,1,1,2
WBGene00000028.,0,0,0
WBGene00000029.,0,0,0
WBGene00000030.,0,1,1
WBGene00000031.,1,15,16
WBGene00000032.,0,0,0
WBGene00000033.,0,8,8
WBGene00000034.,1,8,9
WBGene00000035.,305,1646,1951
WBGene00000036.,136,811,947
WBGene00000037.,42,1732,1774
WBGene00000038.,52,113,165
WBGene00000039.,32,2399,2431
WBGene00000040.,64,8065,8129
WBGene00000041.,1070,29631,30701
WBGene00000042.,44,172,216
WBGene00000043.,33,105,138
WBGene00000044.,22,79,101
WBGene00000045.,18,35,53
WBGene00000046.,83,103,186
WBGene00000047.,202,1726,1928
WBGene00000048.,19,66,85
WBGene00000049.,7,12,19
WBGene00000050.,10,49,59
WBGene00000051.,37,218,255
WBGene00000053.,9,23,32
WBGene00000054.,80,694,774
WBGene00000055.,21,474,495
WBGene00000056.,26,106,132
WBGene00000057.,89,169,258
WBGene00000058.,106,178,284
WBGene00000059.,18,77,95
WBGene00000060.,57,118,175
WBGene00000061.,27,73,100
WBGene00000062.,64,144,208
WBGene00000063.,7,260227,260234
WBGene00000064.,431,24515,24946
WBGene00000065.,1059,269696,270755
WBGene00000066.,2228,397993,400221
WBGene00000067.,39,1701,1740
WBGene00000068.,1505,2361,3866
WBGene00000069.,22,143,165
WBGene00000070.,441,2882,3323
WBGene00000071.,30,187,217
WBGene00000072.,88,956,1044
WBGene00000073.,63,682,745
WBGene00000074.,183,1018,1201
WBGene00000075.,39,225,264
WBGene00000079.,305,2440,2745
WBGene00000080.,42,1513,1555
WBGene00000081.,33,327,360
WBGene00000082.,70,99,169
WBGene00000083.,314,4105,4419
WBGene00000084.,42,50,92
WBGene00000085.,38,337,375
WBGene00000086.,97,764,861
WBGene00000088.,94,242,336
WBGene00000089.,103,1905,2008
WBGene00000090.,129,1168,1297
WBGene00000092.,267,2731,2998
WBGene00000093.,75,1156,1231
WBGene00000094.,114,1307,1421
WBGene00000095.,258,3094,3352
WBGene00000096.,312,830,1142
WBGene00000097.,140,2674,2814
WBGene00000098.,73,1746,1819
WBGene00000099.,107,1720,1827
WBGene00000100.,504,5951,6455
WBGene00000101.,179,2685,2864
WBGene00000102.,555,6193,6748
WBGene00000103.,109,1938,2047
WBGene00000105.,57,5036,5093
WBGene00000106.,117,2518,2635
WBGene00000107.,794,9023,9817
WBGene00000108.,6,3,9
WBGene00000109.,38,1073,1111
WBGene00000110.,123,3085,3208
WBGene00000111.,91,428,519
WBGene00000112.,523,7799,8322
WBGene00000113.,72,935,1007
WBGene00000114.,615,90808,91423
WBGene00000115.,62,2133,2195
WBGene00000116.,134,1032,1166
WBGene00000117.,350,718,1068
WBGene00000118.,32,17004,17036
WBGene00000120.,5,4987,4992
WBGene00000121.,59,4319,4378
WBGene00000122.,65,13680,13745
WBGene00000123.,326,7386,7712
WBGene00000133.,2,12,14
WBGene00000134.,100,219,319
WBGene00000135.,18,140,158
WBGene00000136.,3,58,61
WBGene00000137.,150,739,889
WBGene00000138.,40,493,533
WBGene00000139.,84,83,167
WBGene00000140.,1005,55420,56425
WBGene00000142.,55,1557,1612
WBGene00000143.,213,1070,1283
WBGene00000144.,35,498,533
WBGene00000145.,8,801,809
WBGene00000146.,552,4188,4740
WBGene00000147.,8,846,854
WBGene00000148.,136,1807,1943
WBGene00000149.,373,12518,12891
WBGene00000150.,129,1304,1433
WBGene00000151.,28,1282,1310
WBGene00000155.,18,1520,1538
WBGene00000156.,82,1178,1260
WBGene00000157.,98,3561,3659
WBGene00000158.,1069,3452,4521
WBGene00000159.,73,4735,4808
WBGene00000160.,785,2246,3031
WBGene00000161.,51,3479,3530
WBGene00000162.,578,2800,3378
WBGene00000163.,84,3011,3095
WBGene00000164.,160,1619,1779
WBGene00000165.,45,1873,1918
WBGene00000166.,34,281,315
WBGene00000168.,832,551,1383
WBGene00000169.,18,163,181
WBGene00000170.,981,34050,35031
WBGene00000171.,6,0,6
WBGene00000172.,85,224,309
WBGene00000173.,10,108,118
WBGene00000174.,17,120,137
WBGene00000175.,4129,64508,68637
WBGene00000176.,8,1445,1453
WBGene00000177.,559,3242,3801
WBGene00000178.,273,3075,3348
WBGene00000179.,461,3269,3730
WBGene00000180.,81,1333,1414
WBGene00000181.,1579,10241,11820
WBGene00000182.,284,24805,25089
WBGene00000183.,434,24724,25158
WBGene00000184.,280,2192,2472
WBGene00000185.,0,26,26
WBGene00000186.,768,7441,8209
WBGene00000187.,10,2114,2124
WBGene00000188.,0,182,182
WBGene00000189.,21,988,1009
WBGene00000190.,9,70,79
WBGene00000191.,13,110,123
WBGene00000192.,24,3658,3682
WBGene00000193.,12,154,166
WBGene00000195.,84,1498,1582
WBGene00000196.,252,2533,2785
WBGene00000197.,62,6803,6865
WBGene00000198.,204,2829,3033
WBGene00000199.,311,5551,5862
WBGene00000200.,188,3733,3921
WBGene00000201.,766,6050,6816
WBGene00000202.,12,1180,1192
WBGene00000203.,35,3812,3847
WBGene00000204.,91,4161,4252
WBGene00000205.,24,3095,3119
WBGene00000206.,204,3546,3750
WBGene00000207.,1619,71569,73188
WBGene00000208.,679,1154,1833
WBGene00000209.,1702,27677,29379
WBGene00000210.,6178,77287,83465
WBGene00000211.,344,1106,1450
WBGene00000212.,8,43,51
WBGene00000213.,3,41,44
WBGene00000214.,0,4619,4619
WBGene00000215.,22,462,484
WBGene00000216.,8,1411,1419
WBGene00000217.,3035,43246,46281
WBGene00000218.,18,1573,1591
WBGene00000219.,1,1242,1243
WBGene00000220.,112,1527,1639
WBGene00000221.,0,1929,1929
WBGene00000222.,140,1999,2139
WBGene00000223.,854,7075,7929
WBGene00000224.,448,6314,6762
WBGene00000225.,372,3764,4136
WBGene00000226.,200,2026,2226
WBGene00000227.,283,1693,1976
WBGene00000228.,1116,32976,34092
WBGene00000229.,3581,176563,180144
WBGene00000230.,442,71041,71483
WBGene00000231.,320,3939,4259
WBGene00000232.,259,1898,2157
WBGene00000233.,145,589,734
WBGene00000235.,16,13847,13863
WBGene00000236.,280,2857,3137
WBGene00000237.,106,726,832
WBGene00000238.,133,1136,1269
WBGene00000239.,98,459,557
WBGene00000240.,586,2584,3170
WBGene00000241.,31,144,175
WBGene00000242.,37,336,373
WBGene00000244.,53,413,466
WBGene00000245.,405,10420,10825
WBGene00000246.,44,102,146
WBGene00000247.,96,2179,2275
WBGene00000248.,279,4033,4312
WBGene00000249.,46,3217,3263
WBGene00000250.,19,295,314
WBGene00000251.,0,3,3
WBGene00000252.,1,7,8
WBGene00000253.,94,684,778
WBGene00000254.,543,3106,3649
WBGene00000255.,5,11,16
WBGene00000256.,0,20,20
WBGene00000257.,108,2229,2337
WBGene00000259.,99,1246,1345
WBGene00000262.,18,816,834
WBGene00000263.,8502,91515,100017
WBGene00000264.,311,806,1117
WBGene00000265.,148,701,849
WBGene00000266.,346,5284,5630
WBGene00000267.,26,201,227
WBGene00000268.,724,1599,2323
WBGene00000269.,207,1236,1443
WBGene00000270.,29,480,509
WBGene00000271.,44,1128,1172
WBGene00000272.,68,724,792
WBGene00000273.,129,4026,4155
WBGene00000274.,330,1295,1625
WBGene00000275.,55,1865,1920
WBGene00000276.,314,7433,7747
WBGene00000277.,1638,14268,15906
WBGene00000279.,17,212,229
WBGene00000280.,50,389,439
WBGene00000281.,62,5242,5304
WBGene00000282.,372,5187,5559
WBGene00000283.,218,4970,5188
WBGene00000284.,13,882,895
WBGene00000285.,473,8128,8601
WBGene00000286.,990,15172,16162
WBGene00000287.,63,262,325
WBGene00000288.,223,2063,2286
WBGene00000289.,537,3697,4234
WBGene00000292.,591,9529,10120
WBGene00000293.,490,13243,13733
WBGene00000294.,351,8690,9041
WBGene00000295.,43,478,521
WBGene00000296.,23,176,199
WBGene00000298.,10,539,549
WBGene00000301.,16,13579,13595
WBGene00000302.,11,82,93
WBGene00000308.,5,0,5
WBGene00000310.,0,0,0
WBGene00000311.,0,0,0
WBGene00000366.,251,6808,7059
WBGene00000367.,517,1929,2446
WBGene00000368.,293,4413,4706
WBGene00000369.,12,3756,3768
WBGene00000370.,6857,25427,32284
WBGene00000371.,4739,99018,103757
WBGene00000372.,0,9,9
WBGene00000373.,67,562,629
WBGene00000374.,152,1501,1653
WBGene00000375.,40,278,318
WBGene00000376.,760,2236,2996
WBGene00000377.,220,26176,26396
WBGene00000378.,72,21419,21491
WBGene00000379.,1526,27603,29129
WBGene00000380.,1115,45059,46174
WBGene00000381.,157,20332,20489
WBGene00000382.,49,1184,1233
WBGene00000383.,158,4388,4546
WBGene00000386.,8,400,408
WBGene00000387.,1138,1107,2245
WBGene00000388.,2,26,28
WBGene00000389.,0,2,2
WBGene00000390.,225,10101,10326
WBGene00000391.,84,673,757
WBGene00000392.,0,44,44
WBGene00000393.,85,1034,1119
WBGene00000395.,78,614,692
WBGene00000396.,92,2923,3015
WBGene00000397.,6,75,81
WBGene00000399.,56,1343,1399
WBGene00000401.,29,104,133
WBGene00000402.,355,949,1304
WBGene00000403.,541,7752,8293
WBGene00000405.,113,6214,6327
WBGene00000406.,53,736,789
WBGene00000407.,313,1463,1776
WBGene00000408.,580,2061,2641
WBGene00000409.,174,1821,1995
WBGene00000410.,294,1968,2262
WBGene00000411.,41,4569,4610
WBGene00000412.,11,190,201
WBGene00000413.,103,1087,1190
WBGene00000414.,475,9878,10353
WBGene00000415.,2373,2660,5033
WBGene00000416.,62,1671,1733
WBGene00000417.,156,149,305
WBGene00000418.,30,611,641
WBGene00000419.,346,2000,2346
WBGene00000420.,121,1456,1577
WBGene00000421.,343,2368,2711
WBGene00000422.,10,104,114
WBGene00000423.,94,1214,1308
WBGene00000424.,154,2469,2623
WBGene00000425.,4,208,212
WBGene00000426.,295,1389,1684
WBGene00000427.,3,20,23
WBGene00000428.,3,67,70
WBGene00000429.,83,274,357
WBGene00000430.,15,188,203
WBGene00000431.,51,1333,1384
WBGene00000432.,4,3,7
WBGene00000433.,72,424,496
WBGene00000434.,6,109,115
WBGene00000435.,16,101,117
WBGene00000436.,22,147,169
WBGene00000437.,184,4419,4603
WBGene00000438.,20,47,67
WBGene00000439.,144,789,933
WBGene00000440.,0,124,124
WBGene00000441.,649,2437,3086
WBGene00000442.,8,184,192
WBGene00000443.,230,7174,7404
WBGene00000444.,18,333,351
WBGene00000445.,19,202,221
WBGene00000446.,13,381,394
WBGene00000447.,55,294,349
WBGene00000448.,147,2225,2372
WBGene00000449.,187,902,1089
WBGene00000450.,1,18,19
WBGene00000451.,2,197,199
WBGene00000452.,8,599,607
WBGene00000453.,55,999,1054
WBGene00000454.,59,839,898
WBGene00000455.,129,2492,2621
WBGene00000457.,7,96,103
WBGene00000458.,141,1660,1801
WBGene00000459.,142,2090,2232
WBGene00000460.,11,309,320
WBGene00000461.,6,26,32
WBGene00000462.,8,580,588
WBGene00000463.,61,1043,1104
WBGene00000464.,0,38,38
WBGene00000465.,2,100,102
WBGene00000466.,417,2835,3252
WBGene00000467.,55,506,561
WBGene00000468.,26,234,260
WBGene00000469.,22,55,77
WBGene00000472.,142,67861,68003
WBGene00000473.,4,837,841
WBGene00000474.,5,1001,1006
WBGene00000475.,144,47017,47161
WBGene00000476.,162,1697,1859
WBGene00000477.,38,213,251
WBGene00000478.,70,754,824
WBGene00000479.,46,4917,4963
WBGene00000480.,158,1705,1863
WBGene00000481.,64,445,509
WBGene00000482.,223,6410,6633
WBGene00000483.,12,6,18
WBGene00000484.,59,192,251
WBGene00000485.,111,840,951
WBGene00000487.,12,24,36
WBGene00000488.,112,224,336
WBGene00000490.,32,329,361
WBGene00000491.,151,708,859
WBGene00000492.,515,909,1424
WBGene00000493.,55,404,459
WBGene00000496.,93,144,237
WBGene00000497.,51,228,279
WBGene00000498.,11,1104,1115
WBGene00000499.,65,85,150
WBGene00000500.,79,1629,1708
WBGene00000501.,53,600,653
WBGene00000502.,169,4154,4323
WBGene00000503.,2,23,25
WBGene00000506.,332,1432,1764
WBGene00000507.,142,1263,1405
WBGene00000508.,45,2207,2252
WBGene00000509.,332,2515,2847
WBGene00000510.,324,3127,3451
WBGene00000511.,155,638,793
WBGene00000512.,100,627,727
WBGene00000513.,12,280,292
WBGene00000514.,120,1032,1152
WBGene00000515.,10,279,289
WBGene00000516.,5,5153,5158
WBGene00000517.,104,725,829
WBGene00000518.,1756,1614,3370
WBGene00000519.,558,711,1269
WBGene00000520.,88,932,1020
WBGene00000521.,13,137,150
WBGene00000522.,51,139,190
WBGene00000523.,53,797,850
WBGene00000524.,36,656,692
WBGene00000525.,22,18,40
WBGene00000526.,23,656,679
WBGene00000527.,245,1159,1404
WBGene00000528.,203,884,1087
WBGene00000529.,270,475,745
WBGene00000530.,28,94,122
WBGene00000531.,18,53,71
WBGene00000532.,64,2053,2117
WBGene00000533.,23,374,397
WBGene00000534.,66,17497,17563
WBGene00000535.,384,9108,9492
WBGene00000536.,112,1070,1182
WBGene00000537.,19,537,556
WBGene00000539.,6,50,56
WBGene00000540.,83,419,502
WBGene00000541.,113,59,172
WBGene00000542.,569,6567,7136
WBGene00000543.,173,817,990
WBGene00000544.,56,11,67
WBGene00000545.,1023,2618,3641
WBGene00000546.,5,29,34
WBGene00000547.,246,1635,1881
WBGene00000548.,212,4644,4856
WBGene00000549.,30,3392,3422
WBGene00000550.,135,21487,21622
WBGene00000551.,0,0,0
WBGene00000552.,2188,51418,53606
WBGene00000553.,1166,1984,3150
WBGene00000554.,852,10916,11768
WBGene00000555.,0,1,1
WBGene00000556.,38,395,433
WBGene00000557.,173,5749,5922
WBGene00000558.,329,5655,5984
WBGene00000559.,2,1,3
WBGene00000560.,0,1,1
WBGene00000561.,9,1181,1190
WBGene00000562.,116,429,545
WBGene00000563.,26,18,44
WBGene00000564.,260,1409,1669
WBGene00000565.,646,513,1159
WBGene00000566.,637,1978,2615
WBGene00000567.,267,7088,7355
WBGene00000583.,276,3826,4102
WBGene00000584.,19,200,219
WBGene00000585.,207,2733,2940
WBGene00000591.,228,1683,1911
WBGene00000592.,16,260,276
WBGene00000593.,0,31,31
WBGene00000594.,0,5297,5297
WBGene00000596.,0,1,1
WBGene00000597.,8,55,63
WBGene00000598.,0,13,13
WBGene00000599.,38,4256,4294
WBGene00000601.,0,106,106
WBGene00000602.,0,102,102
WBGene00000603.,4,361,365
WBGene00000606.,151,1135,1286
WBGene00000608.,0,1,1
WBGene00000609.,0,2,2
WBGene00000610.,23,106,129
WBGene00000611.,110,1424,1534
WBGene00000612.,0,5,5
WBGene00000613.,0,36,36
WBGene00000614.,2,4,6
WBGene00000615.,0,29,29
WBGene00000616.,1,453,454
WBGene00000617.,0,1,1
WBGene00000618.,1,192,193
WBGene00000620.,1,0,1
WBGene00000621.,0,15,15
WBGene00000622.,4,72,76
WBGene00000623.,45,337,382
WBGene00000624.,27,109,136
WBGene00000625.,32,141,173
WBGene00000626.,0,0,0
WBGene00000627.,0,8,8
WBGene00000628.,0,13,13
WBGene00000629.,22,4,26
WBGene00000630.,23,169,192
WBGene00000631.,2,51,53
WBGene00000632.,1,374,375
WBGene00000633.,15,79,94
WBGene00000634.,0,22,22
WBGene00000636.,7,22,29
WBGene00000637.,9,325,334
WBGene00000638.,0,1,1
WBGene00000639.,1,204,205
WBGene00000640.,13,52,65
WBGene00000641.,10,1828,1838
WBGene00000642.,1,16,17
WBGene00000644.,0,21,21
WBGene00000645.,65,568,633
WBGene00000646.,0,2,2
WBGene00000647.,1,161,162
WBGene00000648.,71,8,79
WBGene00000649.,19,168,187
WBGene00000650.,0,14,14
WBGene00000651.,2,94,96
WBGene00000652.,15,114,129
WBGene00000653.,0,157,157
WBGene00000654.,6,12,18
WBGene00000655.,1,158,159
WBGene00000656.,9,1569,1578
WBGene00000657.,13,34,47
WBGene00000658.,8,14,22
WBGene00000659.,1,3,4
WBGene00000660.,1,12,13
WBGene00000661.,1,10,11
WBGene00000662.,17,37,54
WBGene00000663.,0,18,18
WBGene00000664.,1,356,357
WBGene00000665.,58,769,827
WBGene00000666.,1,82,83
WBGene00000667.,1,67,68
WBGene00000668.,0,431,431
WBGene00000669.,19,1308,1327
WBGene00000670.,0,44,44
WBGene00000671.,0,2,2
WBGene00000672.,3,185,188
WBGene00000673.,16,27975,27991
WBGene00000674.,77,760,837
WBGene00000675.,0,97,97
WBGene00000676.,0,14,14
WBGene00000677.,57,26686,26743
WBGene00000678.,2,56,58
WBGene00000679.,3,45,48
WBGene00000680.,0,6,6
WBGene00000681.,15,11723,11738
WBGene00000682.,0,66,66
WBGene00000683.,17,195,212
WBGene00000684.,11,60,71
WBGene00000685.,11,282,293
WBGene00000687.,10,162,172
WBGene00000688.,4,267,271
WBGene00000689.,31,77,108
WBGene00000690.,0,2,2
WBGene00000691.,0,4570,4570
WBGene00000692.,192,2786,2978
WBGene00000693.,0,7,7
WBGene00000694.,0,22,22
WBGene00000695.,2,3,5
WBGene00000696.,0,0,0
WBGene00000697.,3,6,9
WBGene00000698.,0,28,28
WBGene00000699.,5,1207,1212
WBGene00000700.,0,2,2
WBGene00000701.,0,0,0
WBGene00000702.,32,299,331
WBGene00000703.,6,497,503
WBGene00000704.,0,416,416
WBGene00000705.,41,631,672
WBGene00000706.,0,28,28
WBGene00000707.,0,10,10
WBGene00000708.,0,5,5
WBGene00000709.,1,1,2
WBGene00000710.,0,9,9
WBGene00000711.,0,2,2
WBGene00000712.,0,4,4
WBGene00000713.,1,39,40
WBGene00000714.,5,53,58
WBGene00000715.,4,52,56
WBGene00000716.,0,6,6
WBGene00000717.,16,1653,1669
WBGene00000718.,0,48,48
WBGene00000719.,0,49,49
WBGene00000720.,6,12930,12936
WBGene00000721.,0,22,22
WBGene00000722.,68,8981,9049
WBGene00000723.,0,116,116
WBGene00000724.,5,81,86
WBGene00000725.,0,13,13
WBGene00000726.,62,214,276
WBGene00000727.,0,1838,1838
WBGene00000728.,1,1092,1093
WBGene00000729.,0,30,30
WBGene00000730.,0,67,67
WBGene00000731.,8,231,239
WBGene00000732.,5,61,66
WBGene00000733.,2,21,23
WBGene00000734.,1,21,22
WBGene00000735.,5,41,46
WBGene00000736.,0,14,14
WBGene00000737.,1,49,50
WBGene00000738.,0,4,4
WBGene00000739.,0,15284,15284
WBGene00000740.,0,4959,4959
WBGene00000741.,0,5498,5498
WBGene00000742.,0,1324,1324
WBGene00000743.,0,213,213
WBGene00000744.,0,0,0
WBGene00000745.,5,547,552
WBGene00000746.,9,118,127
WBGene00000747.,0,71,71
WBGene00000748.,2,74,76
WBGene00000749.,0,587,587
WBGene00000750.,12,63,75
WBGene00000751.,0,27,27
WBGene00000752.,0,0,0
WBGene00000753.,0,76,76
WBGene00000754.,0,21,21
WBGene00000755.,0,23,23
WBGene00000756.,0,3,3
WBGene00000757.,0,0,0
WBGene00000758.,0,1,1
WBGene00000759.,24,199,223
WBGene00000760.,1,15,16
WBGene00000761.,112,2590,2702
WBGene00000762.,166,1155,1321
WBGene00000763.,334,2672,3006
WBGene00000764.,37,575,612
WBGene00000765.,15,5171,5186
WBGene00000766.,76,2500,2576
WBGene00000767.,373,6083,6456
WBGene00000768.,721,7803,8524
WBGene00000770.,2,38,40
WBGene00000771.,0,2,2
WBGene00000772.,3,237,240
WBGene00000773.,178,2636,2814
WBGene00000774.,128,2971,3099
WBGene00000775.,219,537,756
WBGene00000776.,683,23970,24653
WBGene00000777.,68,5145,5213
WBGene00000778.,25,581,606
WBGene00000779.,10355,191732,202087
WBGene00000780.,117,1465,1582
WBGene00000781.,1,267,268
WBGene00000782.,0,2,2
WBGene00000783.,10,111,121
WBGene00000784.,1,251,252
WBGene00000785.,4,926,930
WBGene00000786.,23,279,302
WBGene00000787.,40,2486,2526
WBGene00000788.,126,8264,8390
WBGene00000789.,26,447,473
WBGene00000792.,72,254,326
WBGene00000793.,4314,2780,7094
WBGene00000794.,89,2620,2709
WBGene00000795.,27,1137,1164
WBGene00000796.,384,3651,4035
WBGene00000797.,7,95,102
WBGene00000798.,9,2054,2063
WBGene00000799.,5,13,18
WBGene00000800.,300,5590,5890
WBGene00000801.,139,1457,1596
WBGene00000802.,1908,160982,162890
WBGene00000803.,23,235,258
WBGene00000804.,24,1908,1932
WBGene00000812.,393,1657,2050
WBGene00000813.,175,2392,2567
WBGene00000814.,298,3250,3548
WBGene00000815.,370,2238,2608
WBGene00000816.,355,1821,2176
WBGene00000817.,79,1838,1917
WBGene00000818.,91,1661,1752
WBGene00000819.,4,7,11
WBGene00000820.,91,459,550
WBGene00000821.,1,1,2
WBGene00000822.,3642,62031,65673
WBGene00000829.,0,110518,110518
WBGene00000830.,0,0,0
WBGene00000831.,1,171,172
WBGene00000832.,819,4732,5551
WBGene00000833.,238,67699,67937
WBGene00000834.,971,2063,3034
WBGene00000835.,258,4771,5029
WBGene00000836.,122,2053,2175
WBGene00000837.,314,2398,2712
WBGene00000838.,191,1352,1543
WBGene00000839.,105,2403,2508
WBGene00000840.,236,2819,3055
WBGene00000841.,29,182,211
WBGene00000843.,69,6138,6207
WBGene00000845.,668,9047,9715
WBGene00000846.,149,852,1001
WBGene00000851.,1,13,14
WBGene00000853.,10,7,17
WBGene00000854.,394,2985,3379
WBGene00000857.,36,1606,1642
WBGene00000858.,205,3857,4062
WBGene00000859.,12,115,127
WBGene00000860.,15,262,277
WBGene00000861.,5,33,38
WBGene00000862.,205,207,412
WBGene00000863.,36,2003,2039
WBGene00000864.,0,2,2
WBGene00000865.,14,982,996
WBGene00000866.,0,23,23
WBGene00000867.,0,27,27
WBGene00000868.,47,4190,4237
WBGene00000869.,344,25088,25432
WBGene00000870.,157,2356,2513
WBGene00000871.,68,680,748
WBGene00000872.,66,1493,1559
WBGene00000874.,101,2370,2471
WBGene00000875.,32,2222,2254
WBGene00000876.,336,4076,4412
WBGene00000877.,53,28372,28425
WBGene00000878.,15,128,143
WBGene00000879.,2025,72572,74597
WBGene00000880.,123,2578,2701
WBGene00000881.,13,39281,39294
WBGene00000882.,6,4782,4788
WBGene00000883.,6296,208805,215101
WBGene00000884.,93,4326,4419
WBGene00000885.,861,1022,1883
WBGene00000886.,114,2040,2154
WBGene00000887.,330,3131,3461
WBGene00000888.,102,2688,2790
WBGene00000889.,200,2563,2763
WBGene00000890.,99,1070,1169
WBGene00000891.,311,2972,3283
WBGene00000892.,185,1475,1660
WBGene00000893.,13,236,249
WBGene00000894.,440,2959,3399
WBGene00000895.,45,102,147
WBGene00000896.,568,16491,17059
WBGene00000897.,185,1167,1352
WBGene00000898.,2113,2318,4431
WBGene00000899.,214,2146,2360
WBGene00000900.,533,3059,3592
WBGene00000901.,1601,5645,7246
WBGene00000902.,10,158,168
WBGene00000903.,9,1216,1225
WBGene00000904.,62,303,365
WBGene00000905.,21,428,449
WBGene00000906.,242,362,604
WBGene00000907.,30,160,190
WBGene00000908.,1033,2503,3536
WBGene00000910.,779,3927,4706
WBGene00000911.,456,3852,4308
WBGene00000912.,1054,4065,5119
WBGene00000913.,83,1362,1445
WBGene00000914.,734,1604,2338
WBGene00000915.,1746,143130,144876
WBGene00000917.,380,5624,6004
WBGene00000920.,13,2171,2184
WBGene00000923.,82,7262,7344
WBGene00000928.,62,5771,5833
WBGene00000929.,242,2780,3022
WBGene00000930.,1,55,56
WBGene00000931.,393,18361,18754
WBGene00000932.,12,102,114
WBGene00000933.,554,4637,5191
WBGene00000934.,21,249,270
WBGene00000935.,12,527,539
WBGene00000936.,25,1600,1625
WBGene00000937.,23,765,788
WBGene00000938.,636,10314,10950
WBGene00000939.,287,2892,3179
WBGene00000940.,421,3283,3704
WBGene00000941.,1938,21796,23734
WBGene00000942.,472,20764,21236
WBGene00000950.,130,129,259
WBGene00000951.,6,159,165
WBGene00000952.,95,53,148
WBGene00000953.,72,224,296
WBGene00000955.,19,191,210
WBGene00000958.,171,1191,1362
WBGene00000959.,383,3433,3816
WBGene00000960.,40,144,184
WBGene00000961.,60,2253,2313
WBGene00000962.,378,13495,13873
WBGene00000963.,198,1383,1581
WBGene00000964.,243,9985,10228
WBGene00000965.,121,1914,2035
WBGene00000966.,63,388,451
WBGene00000967.,147,204,351
WBGene00000968.,45,367,412
WBGene00000969.,30,2262,2292
WBGene00000970.,127,3383,3510
WBGene00000971.,2,21,23
WBGene00000972.,95,931,1026
WBGene00000973.,57,1169,1226
WBGene00000974.,10,165,175
WBGene00000975.,642,4608,5250
WBGene00000976.,263,2172,2435
WBGene00000977.,0,11,11
WBGene00000978.,87,6622,6709
WBGene00000979.,6,238,244
WBGene00000980.,244,1061,1305
WBGene00000981.,4,155,159
WBGene00000982.,1053,9932,10985
WBGene00000983.,12,131,143
WBGene00000984.,66,1400,1466
WBGene00000985.,48,2153,2201
WBGene00000986.,0,168,168
WBGene00000987.,293,1747,2040
WBGene00000988.,1686,27139,28825
WBGene00000989.,9,49,58
WBGene00000990.,248,2356,2604
WBGene00000991.,120,959,1079
WBGene00000992.,390,2971,3361
WBGene00000993.,467,2206,2673
WBGene00000994.,57,802,859
WBGene00000995.,32,1202,1234
WBGene00000996.,169,5425,5594
WBGene00000998.,2279,65702,67981
WBGene00001000.,5603,60719,66322
WBGene00001001.,370,4168,4538
WBGene00001002.,81,2289,2370
WBGene00001005.,94,56226,56320
WBGene00001006.,268,3437,3705
WBGene00001007.,553,9713,10266
WBGene00001008.,542,3248,3790
WBGene00001016.,24,494,518
WBGene00001017.,432,5259,5691
WBGene00001018.,444,5435,5879
WBGene00001019.,691,3983,4674
WBGene00001020.,128,2357,2485
WBGene00001021.,109,635,744
WBGene00001022.,44,430,474
WBGene00001023.,289,6330,6619
WBGene00001025.,252,4177,4429
WBGene00001026.,114,3424,3538
WBGene00001027.,384,3507,3891
WBGene00001028.,341,6144,6485
WBGene00001029.,1011,10802,11813
WBGene00001030.,251,12607,12858
WBGene00001031.,65,8171,8236
WBGene00001032.,50,1764,1814
WBGene00001033.,137,1162,1299
WBGene00001034.,134,2640,2774
WBGene00001035.,169,3049,3218
WBGene00001036.,35,1354,1389
WBGene00001037.,102,14625,14727
WBGene00001038.,530,13688,14218
WBGene00001039.,380,2113,2493
WBGene00001040.,45,1576,1621
WBGene00001041.,51,3523,3574
WBGene00001042.,1329,5124,6453
WBGene00001043.,375,1350,1725
WBGene00001044.,2,151,153
WBGene00001045.,230,2194,2424
WBGene00001046.,32,365,397
WBGene00001047.,544,8588,9132
WBGene00001048.,299,1948,2247
WBGene00001049.,66,939,1005
WBGene00001050.,13,211,224
WBGene00001051.,7,5409,5416
WBGene00001052.,211,738,949
WBGene00001053.,102,338,440
WBGene00001054.,171,1346,1517
WBGene00001055.,209,1605,1814
WBGene00001056.,332,3860,4192
WBGene00001057.,25,2397,2422
WBGene00001058.,135,1879,2014
WBGene00001059.,25,592,617
WBGene00001060.,36,1508,1544
WBGene00001061.,86,1840,1926
WBGene00001062.,1,1,2
WBGene00001063.,9,14,23
WBGene00001064.,66,3587,3653
WBGene00001065.,2,5564,5566
WBGene00001066.,125,1761,1886
WBGene00001067.,0,1484,1484
WBGene00001068.,289,6645,6934
WBGene00001069.,37,3532,3569
WBGene00001070.,258,1905,2163
WBGene00001071.,152,3661,3813
WBGene00001072.,12,2514,2526
WBGene00001073.,325,8624,8949
WBGene00001074.,133,1856,1989
WBGene00001075.,42,147,189
WBGene00001076.,1,309,310
WBGene00001077.,209,6520,6729
WBGene00001078.,225,1441,1666
WBGene00001079.,46,570,616
WBGene00001080.,1040,4830,5870
WBGene00001081.,227,6675,6902
WBGene00001082.,318,3891,4209
WBGene00001085.,205,3294,3499
WBGene00001086.,162,4122,4284
WBGene00001087.,1959,1694,3653
WBGene00001088.,776,19292,20068
WBGene00001089.,427,2903,3330
WBGene00001090.,46,959,1005
WBGene00001091.,292,1608,1900
WBGene00001092.,2,121,123
WBGene00001093.,66,3913,3979
WBGene00001094.,90,13267,13357
WBGene00001095.,119,727,846
WBGene00001096.,9,141,150
WBGene00001099.,5,75,80
WBGene00001101.,808,5374,6182
WBGene00001102.,33,1291,1324
WBGene00001103.,0,7,7
WBGene00001104.,4,5,9
WBGene00001105.,3,28,31
WBGene00001106.,5,16,21
WBGene00001107.,56,420,476
WBGene00001108.,3,11,14
WBGene00001109.,0,74,74
WBGene00001110.,14,289,303
WBGene00001111.,46,10,56
WBGene00001112.,123,1298,1421
WBGene00001113.,2755,27289,30044
WBGene00001115.,590,2446,3036
WBGene00001116.,416,3607,4023
WBGene00001117.,31,542,573
WBGene00001118.,85,186,271
WBGene00001119.,57,313,370
WBGene00001121.,108,318,426
WBGene00001122.,52,1326,1378
WBGene00001123.,10,424,434
WBGene00001127.,55,388,443
WBGene00001129.,29,135,164
WBGene00001130.,126,3165,3291
WBGene00001131.,1887,17138,19025
WBGene00001132.,732,10178,10910
WBGene00001133.,2,7,9
WBGene00001134.,262,6619,6881
WBGene00001135.,80,703,783
WBGene00001136.,41,70,111
WBGene00001137.,359,29288,29647
WBGene00001145.,2337,13204,15541
WBGene00001147.,0,2,2
WBGene00001148.,1372,715,2087
WBGene00001149.,291,26533,26824
WBGene00001150.,3,19,22
WBGene00001151.,125,2405,2530
WBGene00001152.,1,861,862
WBGene00001153.,15,2753,2768
WBGene00001154.,73,3949,4022
WBGene00001155.,6349,69014,75363
WBGene00001156.,82,399,481
WBGene00001157.,26,113,139
WBGene00001158.,2,3,5
WBGene00001159.,29,595,624
WBGene00001160.,107,4738,4845
WBGene00001161.,262,1321,1583
WBGene00001162.,690,768,1458
WBGene00001163.,198,4280,4478
WBGene00001164.,3,18,21
WBGene00001165.,66,329,395
WBGene00001166.,96,9612,9708
WBGene00001167.,12527,268685,281212
WBGene00001168.,11428,737206,748634
WBGene00001169.,201,148920,149121
WBGene00001170.,31,495,526
WBGene00001171.,168,270,438
WBGene00001172.,304,6778,7082
WBGene00001173.,2926,9626,12552
WBGene00001174.,16,305,321
WBGene00001175.,24,123,147
WBGene00001177.,1916,4633,6549
WBGene00001178.,452,2569,3021
WBGene00001179.,414,2525,2939
WBGene00001182.,206,2415,2621
WBGene00001184.,90,1207,1297
WBGene00001185.,14,441,455
WBGene00001186.,464,3096,3560
WBGene00001187.,425,6843,7268
WBGene00001188.,97,690,787
WBGene00001189.,572,10826,11398
WBGene00001190.,212,329,541
WBGene00001193.,3,463,466
WBGene00001194.,639,8406,9045
WBGene00001196.,850,33306,34156
WBGene00001202.,81,172,253
WBGene00001204.,79,280,359
WBGene00001207.,26,195,221
WBGene00001208.,749,3277,4026
WBGene00001209.,203,18392,18595
WBGene00001210.,40,3731,3771
WBGene00001211.,41,138,179
WBGene00001214.,29,573,602
WBGene00001215.,458,2775,3233
WBGene00001223.,3,1,4
WBGene00001224.,41,2719,2760
WBGene00001225.,45,12366,12411
WBGene00001226.,637,27199,27836
WBGene00001227.,1457,18690,20147
WBGene00001228.,82,5709,5791
WBGene00001229.,90,7405,7495
WBGene00001230.,117,12419,12536
WBGene00001231.,112,6971,7083
WBGene00001232.,414,6676,7090
WBGene00001233.,964,10620,11584
WBGene00001234.,24,11742,11766
WBGene00001235.,147,5148,5295
WBGene00001236.,80,2301,2381
WBGene00001237.,19,82,101
WBGene00001239.,373,12729,13102
WBGene00001240.,90,2860,2950
WBGene00001241.,531,8347,8878
WBGene00001242.,14,244,258
WBGene00001243.,17,523,540
WBGene00001244.,303,3502,3805
WBGene00001245.,2,9,11
WBGene00001246.,3,28,31
WBGene00001247.,39,338,377
WBGene00001248.,344,1144,1488
WBGene00001249.,35,2315,2350
WBGene00001250.,2,33,35
WBGene00001251.,70,1365,1435
WBGene00001252.,0,23,23
WBGene00001253.,118,1519,1637
WBGene00001258.,941,6662,7603
WBGene00001259.,138,6867,7005
WBGene00001262.,83,2507,2590
WBGene00001263.,1670,65637,67307
WBGene00001281.,89,1451,1540
WBGene00001284.,201,2389,2590
WBGene00001303.,552,63203,63755
WBGene00001309.,202,6005,6207
WBGene00001310.,17,2,19
WBGene00001311.,0,3,3
WBGene00001320.,18,2554,2572
WBGene00001324.,87,1291,1378
WBGene00001325.,286,1430,1716
WBGene00001328.,332,24729,25061
WBGene00001329.,97,4989,5086
WBGene00001330.,536,2207,2743
WBGene00001331.,149,10472,10621
WBGene00001332.,135,832,967
WBGene00001333.,374,5176,5550
WBGene00001334.,522,3368,3890
WBGene00001335.,263,2363,2626
WBGene00001336.,484,8301,8785
WBGene00001337.,1532,14457,15989
WBGene00001338.,89,2328,2417
WBGene00001340.,615,6644,7259
WBGene00001345.,1369,1445,2814
WBGene00001352.,445,4037,4482
WBGene00001358.,59,589,648
WBGene00001362.,28,163,191
WBGene00001365.,301,3157,3458
WBGene00001366.,693,3142,3835
WBGene00001368.,257,2255,2512
WBGene00001371.,76,1285,1361
WBGene00001372.,137,615,752
WBGene00001373.,172,151,323
WBGene00001374.,660,1063,1723
WBGene00001377.,179,586,765
WBGene00001385.,124850,1429493,1554343
WBGene00001386.,3751,104701,108452
WBGene00001387.,12,74,86
WBGene00001388.,0,7,7
WBGene00001389.,40,885,925
WBGene00001390.,71,1762,1833
WBGene00001391.,82,1875,1957
WBGene00001392.,367,34160,34527
WBGene00001393.,161,14656,14817
WBGene00001394.,103,10801,10904
WBGene00001395.,1145,9588,10733
WBGene00001396.,114,4750,4864
WBGene00001397.,1,68,69
WBGene00001398.,169,2052,2221
WBGene00001399.,1,7,8
WBGene00001400.,13,212,225
WBGene00001401.,3,177,180
WBGene00001402.,2,308,310
WBGene00001403.,294,2324,2618
WBGene00001404.,1830,26497,28327
WBGene00001405.,32,2813,2845
WBGene00001406.,397,1199,1596
WBGene00001410.,154,453,607
WBGene00001411.,59,2036,2095
WBGene00001412.,31,1407,1438
WBGene00001413.,33,258,291
WBGene00001414.,3,34,37
WBGene00001423.,588,69782,70370
WBGene00001424.,1,5,6
WBGene00001425.,411,3328,3739
WBGene00001426.,429,18264,18693
WBGene00001427.,1883,137506,139389
WBGene00001428.,9,3264,3273
WBGene00001429.,39,1289,1328
WBGene00001430.,410,12048,12458
WBGene00001431.,165,10834,10999
WBGene00001432.,91,730,821
WBGene00001433.,126,1699,1825
WBGene00001434.,3,395,398
WBGene00001435.,0,0,0
WBGene00001436.,0,1,1
WBGene00001437.,2,124,126
WBGene00001438.,6,68,74
WBGene00001439.,2247,4108,6355
WBGene00001440.,23,377,400
WBGene00001441.,193,3112,3305
WBGene00001442.,4,88,92
WBGene00001443.,833,4674,5507
WBGene00001444.,12050,85620,97670
WBGene00001445.,49,989,1038
WBGene00001446.,4,217,221
WBGene00001447.,80,1228,1308
WBGene00001448.,608,11827,12435
WBGene00001449.,365,2636,3001
WBGene00001450.,17,1058,1075
WBGene00001451.,191,1984,2175
WBGene00001452.,78,8398,8476
WBGene00001453.,4,1224,1228
WBGene00001454.,3,3585,3588
WBGene00001455.,157,4389,4546
WBGene00001456.,3,559,562
WBGene00001457.,2814,18887,21701
WBGene00001458.,209,3012,3221
WBGene00001459.,93,3740,3833
WBGene00001460.,30,903,933
WBGene00001461.,1147,6694,7841
WBGene00001462.,56,6309,6365
WBGene00001463.,37,922,959
WBGene00001464.,217,4805,5022
WBGene00001465.,2,21,23
WBGene00001466.,5,396,401
WBGene00001468.,7,43,50
WBGene00001470.,138,3662,3800
WBGene00001475.,244,2886,3130
WBGene00001476.,12,47,59
WBGene00001477.,37,384,421
WBGene00001478.,42,205,247
WBGene00001479.,40,882,922
WBGene00001480.,1869,11314,13183
WBGene00001481.,40,322,362
WBGene00001482.,1,185,186
WBGene00001483.,7,169,176
WBGene00001484.,578,1612,2190
WBGene00001485.,707,1207,1914
WBGene00001486.,57,978,1035
WBGene00001487.,3,8,11
WBGene00001488.,1272,40445,41717
WBGene00001489.,296,1677,1973
WBGene00001490.,283,2669,2952
WBGene00001491.,896,5659,6555
WBGene00001492.,102,43,145
WBGene00001493.,148,2152,2300
WBGene00001494.,444,1263,1707
WBGene00001495.,0,0,0
WBGene00001496.,1128,3297,4425
WBGene00001497.,187,9240,9427
WBGene00001498.,770,8323,9093
WBGene00001499.,35,756,791
WBGene00001500.,12,38,50
WBGene00001501.,385,3793,4178
WBGene00001502.,1273,68403,69676
WBGene00001503.,301,17695,17996
WBGene00001505.,57,348,405
WBGene00001506.,6,12,18
WBGene00001507.,27,168,195
WBGene00001508.,417,1571,1988
WBGene00001509.,224,3877,4101
WBGene00001510.,286,2430,2716
WBGene00001511.,45,1720,1765
WBGene00001512.,66,170,236
WBGene00001513.,8,1949,1957
WBGene00001514.,13,275,288
WBGene00001515.,45,229,274
WBGene00001516.,776,3612,4388
WBGene00001517.,59,527,586
WBGene00001518.,294,1174,1468
WBGene00001519.,403,2273,2676
WBGene00001520.,226,14929,15155
WBGene00001522.,60,266,326
WBGene00001523.,130,2041,2171
WBGene00001526.,85,1325,1410
WBGene00001527.,45,1667,1712
WBGene00001528.,2,3,5
WBGene00001529.,0,7,7
WBGene00001530.,3,47,50
WBGene00001531.,5,48,53
WBGene00001532.,7,48,55
WBGene00001533.,18,33,51
WBGene00001534.,29,95,124
WBGene00001535.,15,71,86
WBGene00001536.,28,90,118
WBGene00001537.,484,699,1183
WBGene00001538.,116,1621,1737
WBGene00001539.,34,27,61
WBGene00001540.,3,43,46
WBGene00001541.,7,110,117
WBGene00001542.,22,86,108
WBGene00001543.,21,115,136
WBGene00001544.,26,101,127
WBGene00001545.,3,43,46
WBGene00001546.,8,48,56
WBGene00001547.,58,232,290
WBGene00001548.,11,78,89
WBGene00001549.,92,283,375
WBGene00001550.,13,24,37
WBGene00001551.,65,113,178
WBGene00001552.,185,1277,1462
WBGene00001553.,268,1816,2084
WBGene00001554.,138,881,1019
WBGene00001555.,445,1614,2059
WBGene00001556.,346,2065,2411
WBGene00001557.,246,1669,1915
WBGene00001558.,89,12699,12788
WBGene00001559.,255,1230,1485
WBGene00001560.,46,171,217
WBGene00001561.,1223,10534,11757
WBGene00001562.,89,3148,3237
WBGene00001563.,124,2768,2892
WBGene00001564.,1962,76081,78043
WBGene00001565.,226,2249,2475
WBGene00001566.,149,3283,3432
WBGene00001568.,72,1215,1287
WBGene00001569.,2,83,85
WBGene00001570.,299,5391,5690
WBGene00001571.,9,295,304
WBGene00001572.,949,9082,10031
WBGene00001574.,331,2881,3212
WBGene00001575.,68,404,472
WBGene00001577.,45,322,367
WBGene00001578.,21,118,139
WBGene00001579.,127,2061,2188
WBGene00001580.,108,1874,1982
WBGene00001581.,0,200,200
WBGene00001582.,488,2556,3044
WBGene00001583.,40,796,836
WBGene00001584.,424,1275,1699
WBGene00001585.,107,2016,2123
WBGene00001586.,87,189,276
WBGene00001587.,100,305,405
WBGene00001588.,43,414,457
WBGene00001589.,454,1491,1945
WBGene00001590.,43,1356,1399
WBGene00001591.,1,22,23
WBGene00001592.,63,444,507
WBGene00001593.,47,170,217
WBGene00001594.,185,2074,2259
WBGene00001595.,5,251,256
WBGene00001596.,233,4055,4288
WBGene00001597.,16,198,214
WBGene00001598.,81,2880,2961
WBGene00001599.,5,224,229
WBGene00001600.,0,206,206
WBGene00001601.,16,433,449
WBGene00001602.,63,1629,1692
WBGene00001603.,1,19,20
WBGene00001604.,189,20382,20571
WBGene00001605.,0,5,5
WBGene00001606.,29,580,609
WBGene00001607.,8,152,160
WBGene00001608.,2,21,23
WBGene00001609.,29,503,532
WBGene00001612.,24,126,150
WBGene00001613.,235,605,840
WBGene00001614.,47,159,206
WBGene00001615.,288,526,814
WBGene00001616.,47,530,577
WBGene00001617.,394,820,1214
WBGene00001618.,21,38,59
WBGene00001619.,38,277,315
WBGene00001620.,218,5208,5426
WBGene00001621.,22,168,190
WBGene00001622.,30,675,705
WBGene00001623.,11,330,341
WBGene00001624.,22,67,89
WBGene00001625.,6,56,62
WBGene00001626.,1,15,16
WBGene00001627.,74,460,534
WBGene00001628.,60,1591,1651
WBGene00001629.,459,1765,2224
WBGene00001630.,1130,2274,3404
WBGene00001631.,399,2553,2952
WBGene00001632.,86,2775,2861
WBGene00001633.,170,1531,1701
WBGene00001635.,116,2483,2599
WBGene00001636.,198,1021,1219
WBGene00001637.,135,1373,1508
WBGene00001638.,45,755,800
WBGene00001639.,74,66,140
WBGene00001640.,26,13,39
WBGene00001641.,1,2,3
WBGene00001642.,0,1,1
WBGene00001643.,64,356,420
WBGene00001644.,12,38,50
WBGene00001645.,121,1581,1702
WBGene00001646.,0,1583,1583
WBGene00001647.,1,1371,1372
WBGene00001648.,598,17168,17766
WBGene00001649.,257,3529,3786
WBGene00001650.,742,4599,5341
WBGene00001651.,420,2150,2570
WBGene00001653.,205,1680,1885
WBGene00001660.,62,938,1000
WBGene00001661.,160,2275,2435
WBGene00001662.,128,4869,4997
WBGene00001663.,73,864,937
WBGene00001664.,27,228,255
WBGene00001665.,11,166,177
WBGene00001666.,19,381,400
WBGene00001667.,13,50,63
WBGene00001668.,6,29,35
WBGene00001669.,341,1766,2107
WBGene00001670.,27,129,156
WBGene00001671.,91,1795,1886
WBGene00001672.,3,56,59
WBGene00001673.,40,59,99
WBGene00001674.,63,343,406
WBGene00001675.,7,35,42
WBGene00001676.,84,187,271
WBGene00001677.,36,276,312
WBGene00001678.,256,725,981
WBGene00001679.,802,22539,23341
WBGene00001680.,102,3365,3467
WBGene00001681.,38,620,658
WBGene00001682.,863,39157,40020
WBGene00001683.,50,631,681
WBGene00001684.,55,56620,56675
WBGene00001685.,50,77631,77681
WBGene00001686.,57,840,897
WBGene00001687.,4,36,40
WBGene00001688.,19,1070,1089
WBGene00001689.,20,960,980
WBGene00001690.,19,122,141
WBGene00001691.,0,3,3
WBGene00001692.,494,19195,19689
WBGene00001693.,0,23,23
WBGene00001694.,19,4018,4037
WBGene00001695.,20,131,151
WBGene00001696.,7,29,36
WBGene00001697.,2,7,9
WBGene00001698.,18,50,68
WBGene00001699.,400,59209,59609
WBGene00001700.,4,0,4
WBGene00001701.,4,91,95
WBGene00001702.,2526,23864,26390
WBGene00001703.,61,590,651
WBGene00001704.,10,131,141
WBGene00001705.,12,126,138
WBGene00001706.,11,377,388
WBGene00001707.,165,717,882
WBGene00001708.,530,3731,4261
WBGene00001709.,107,1005,1112
WBGene00001710.,29,193,222
WBGene00001711.,1,94,95
WBGene00001712.,2,12,14
WBGene00001713.,16,3163,3179
WBGene00001714.,4,352,356
WBGene00001715.,0,8,8
WBGene00001716.,35,270,305
WBGene00001717.,2,148,150
WBGene00001718.,1,51,52
WBGene00001719.,18,525,543
WBGene00001720.,2,7,9
WBGene00001721.,17,301,318
WBGene00001722.,11,9,20
WBGene00001723.,26,41,67
WBGene00001724.,34,451,485
WBGene00001725.,8,1000,1008
WBGene00001726.,1,7,8
WBGene00001727.,8,69,77
WBGene00001728.,0,3,3
WBGene00001729.,5,52,57
WBGene00001730.,2,69,71
WBGene00001731.,7,34,41
WBGene00001732.,2,11,13
WBGene00001733.,2,8,10
WBGene00001734.,0,5,5
WBGene00001735.,2,5,7
WBGene00001736.,5,13,18
WBGene00001737.,0,0,0
WBGene00001738.,0,1,1
WBGene00001739.,2,1,3
WBGene00001740.,146,633,779
WBGene00001743.,100,1186,1286
WBGene00001744.,412,8219,8631
WBGene00001745.,831,5311,6142
WBGene00001746.,401,5839,6240
WBGene00001747.,179,11117,11296
WBGene00001748.,735,12422,13157
WBGene00001749.,11,4738,4749
WBGene00001750.,94,689,783
WBGene00001751.,127,2634,2761
WBGene00001752.,5,407,412
WBGene00001753.,476,21034,21510
WBGene00001754.,1,165,166
WBGene00001755.,158,17216,17374
WBGene00001756.,0,112,112
WBGene00001757.,45,164,209
WBGene00001758.,4,2512,2516
WBGene00001759.,32,593,625
WBGene00001760.,8,1336,1344
WBGene00001761.,23,299,322
WBGene00001762.,1,84,85
WBGene00001763.,9,157,166
WBGene00001764.,6,626,632
WBGene00001765.,0,1,1
WBGene00001766.,0,0,0
WBGene00001767.,3,161,164
WBGene00001768.,54,9040,9094
WBGene00001769.,26,665,691
WBGene00001770.,0,199,199
WBGene00001771.,2,213,215
WBGene00001772.,8,4543,4551
WBGene00001773.,2,253,255
WBGene00001774.,0,288,288
WBGene00001775.,2,955,957
WBGene00001776.,22,751,773
WBGene00001777.,1,20,21
WBGene00001778.,1,147,148
WBGene00001779.,0,110,110
WBGene00001780.,3,191,194
WBGene00001781.,60,1500,1560
WBGene00001782.,31,83,114
WBGene00001783.,37,340,377
WBGene00001784.,186,1885,2071
WBGene00001785.,1,4,5
WBGene00001786.,0,28,28
WBGene00001787.,1,2394,2395
WBGene00001788.,59,610,669
WBGene00001789.,3,430,433
WBGene00001790.,72,1632,1704
WBGene00001791.,289,1974,2263
WBGene00001792.,9,66,75
WBGene00001793.,1418,6522,7940
WBGene00001794.,4661,49327,53988
WBGene00001795.,8,63,71
WBGene00001796.,43,200,243
WBGene00001803.,25,304,329
WBGene00001804.,29,52,81
WBGene00001805.,74,689,763
WBGene00001806.,34,145,179
WBGene00001808.,622,4795,5417
WBGene00001811.,29,266,295
WBGene00001812.,88,1534,1622
WBGene00001813.,340,2280,2620
WBGene00001814.,24,218,242
WBGene00001815.,104,806,910
WBGene00001816.,344,1237,1581
WBGene00001817.,33,1035,1068
WBGene00001818.,7,2,9
WBGene00001819.,30,206,236
WBGene00001820.,35,1485,1520
WBGene00001821.,81,874,955
WBGene00001823.,142,2119,2261
WBGene00001824.,115,3998,4113
WBGene00001827.,131,2573,2704
WBGene00001828.,1,3,4
WBGene00001829.,39,1444,1483
WBGene00001830.,23,1295,1318
WBGene00001831.,14,1819,1833
WBGene00001832.,186,1723,1909
WBGene00001833.,200,2965,3165
WBGene00001834.,19,4217,4236
WBGene00001835.,7,938,945
WBGene00001836.,141,1633,1774
WBGene00001837.,1130,1781,2911
WBGene00001838.,116,502,618
WBGene00001839.,64,137,201
WBGene00001840.,986,24282,25268
WBGene00001841.,13,411,424
WBGene00001842.,5,93,98
WBGene00001843.,393,2457,2850
WBGene00001844.,83,1660,1743
WBGene00001851.,576,13338,13914
WBGene00001852.,64,126,190
WBGene00001853.,232,49364,49596
WBGene00001854.,101,25642,25743
WBGene00001855.,18,6716,6734
WBGene00001856.,6,7142,7148
WBGene00001857.,0,140,140
WBGene00001858.,693,12516,13209
WBGene00001859.,15,6,21
WBGene00001860.,146,4473,4619
WBGene00001862.,3,233,236
WBGene00001863.,1468,17054,18522
WBGene00001864.,175,1148,1323
WBGene00001865.,29,393,422
WBGene00001867.,39,573,612
WBGene00001869.,17,1466,1483
WBGene00001872.,35,92,127
WBGene00001874.,39,1367,1406
WBGene00001875.,0,2746,2746
WBGene00001876.,0,1625,1625
WBGene00001877.,0,2687,2687
WBGene00001878.,0,1805,1805
WBGene00001879.,0,2337,2337
WBGene00001880.,0,2398,2398
WBGene00001881.,0,1687,1687
WBGene00001882.,0,446,446
WBGene00001883.,0,28,28
WBGene00001884.,0,0,0
WBGene00001885.,0,44,44
WBGene00001886.,0,0,0
WBGene00001887.,0,1,1
WBGene00001888.,0,0,0
WBGene00001889.,0,0,0
WBGene00001890.,0,121,121
WBGene00001891.,0,170,170
WBGene00001892.,0,1810,1810
WBGene00001893.,0,0,0
WBGene00001894.,0,0,0
WBGene00001895.,0,0,0
WBGene00001896.,0,0,0
WBGene00001898.,66,92890,92956
WBGene00001899.,0,78,78
WBGene00001900.,0,439,439
WBGene00001901.,0,0,0
WBGene00001902.,0,0,0
WBGene00001903.,0,8,8
WBGene00001904.,0,2,2
WBGene00001905.,0,637,637
WBGene00001906.,0,6240,6240
WBGene00001907.,0,0,0
WBGene00001908.,0,0,0
WBGene00001909.,1907,50138,52045
WBGene00001910.,442,24819,25261
WBGene00001911.,1214,75627,76841
WBGene00001912.,0,194,194
WBGene00001913.,0,16,16
WBGene00001914.,0,199,199
WBGene00001915.,1046,56011,57057
WBGene00001916.,0,159,159
WBGene00001917.,0,0,0
WBGene00001918.,0,0,0
WBGene00001919.,0,29,29
WBGene00001920.,0,0,0
WBGene00001921.,0,11,11
WBGene00001922.,0,1466,1466
WBGene00001923.,0,0,0
WBGene00001924.,0,0,0
WBGene00001925.,0,0,0
WBGene00001926.,0,0,0
WBGene00001927.,0,0,0
WBGene00001928.,0,0,0
WBGene00001929.,0,10,10
WBGene00001930.,0,0,0
WBGene00001931.,100,3377,3477
WBGene00001932.,0,28,28
WBGene00001933.,0,4224,4224
WBGene00001934.,0,9281,9281
WBGene00001935.,0,1903,1903
WBGene00001936.,0,3703,3703
WBGene00001937.,0,922,922
WBGene00001938.,0,4064,4064
WBGene00001939.,0,31,31
WBGene00001940.,0,89,89
WBGene00001941.,0,765,765
WBGene00001942.,0,3246,3246
WBGene00001943.,0,21,21
WBGene00001944.,0,24,24
WBGene00001945.,128,10539,10667
WBGene00001946.,892,63228,64120
WBGene00001947.,0,0,0
WBGene00001948.,640,3995,4635
WBGene00001949.,31,2398,2429
WBGene00001950.,14,2232,2246
WBGene00001951.,50,724,774
WBGene00001952.,32,708,740
WBGene00001953.,40,233,273
WBGene00001954.,6,107,113
WBGene00001955.,234,8607,8841
WBGene00001956.,0,7,7
WBGene00001957.,50,487,537
WBGene00001958.,13,1304,1317
WBGene00001959.,9,169,178
WBGene00001960.,14,274,288
WBGene00001961.,22,212,234
WBGene00001962.,1,11,12
WBGene00001963.,6,57,63
WBGene00001964.,0,5,5
WBGene00001965.,0,4,4
WBGene00001966.,0,27,27
WBGene00001967.,0,0,0
WBGene00001968.,0,1,1
WBGene00001971.,211,57796,58007
WBGene00001972.,642,15393,16035
WBGene00001973.,4,590,594
WBGene00001974.,82,6634,6716
WBGene00001975.,84,2403,2487
WBGene00001976.,0,34,34
WBGene00001977.,2,2394,2396
WBGene00001978.,240,3919,4159
WBGene00001979.,79,1704,1783
WBGene00001980.,2291,3733,6024
WBGene00001981.,0,30,30
WBGene00001983.,116,1398,1514
WBGene00001984.,184,836,1020
WBGene00001985.,7,62,69
WBGene00001986.,178,1588,1766
WBGene00001987.,662,587,1249
WBGene00001988.,54,1027,1081
WBGene00001989.,111,663,774
WBGene00001990.,101,2348,2449
WBGene00001991.,27,339,366
WBGene00001992.,16,327,343
WBGene00001993.,30,2852,2882
WBGene00001994.,264,7334,7598
WBGene00001995.,79,1848,1927
WBGene00001996.,565,1882,2447
WBGene00001997.,200,382,582
WBGene00001998.,24,264,288
WBGene00001999.,164,28293,28457
WBGene00002000.,429,18470,18899
WBGene00002001.,446,5925,6371
WBGene00002002.,85,5198,5283
WBGene00002003.,84,636,720
WBGene00002004.,581,1699,2280
WBGene00002005.,520,111665,112185
WBGene00002006.,0,0,0
WBGene00002007.,1048,51887,52935
WBGene00002008.,314,3431,3745
WBGene00002010.,82,19383,19465
WBGene00002011.,307,5532,5839
WBGene00002012.,4,392,396
WBGene00002013.,46,120,166
WBGene00002015.,0,0,0
WBGene00002016.,36,8680,8716
WBGene00002017.,0,2710,2710
WBGene00002018.,36,7751,7787
WBGene00002019.,0,8,8
WBGene00002020.,0,2,2
WBGene00002021.,61,716,777
WBGene00002023.,793,25813,26606
WBGene00002024.,52,764,816
WBGene00002025.,1328,68855,70183
WBGene00002026.,12,533,545
WBGene00002027.,287,8924,9211
WBGene00002028.,19,644,663
WBGene00002029.,26,336,362
WBGene00002030.,68,395,463
WBGene00002031.,65,704,769
WBGene00002032.,12,342,354
WBGene00002033.,5,73,78
WBGene00002034.,7,291,298
WBGene00002035.,294,1816,2110
WBGene00002036.,287,1951,2238
WBGene00002037.,103,752,855
WBGene00002038.,273,1515,1788
WBGene00002039.,121,1296,1417
WBGene00002040.,398,3161,3559
WBGene00002041.,19,107,126
WBGene00002042.,49,461,510
WBGene00002043.,126,460,586
WBGene00002044.,55,2090,2145
WBGene00002045.,9772,160665,170437
WBGene00002046.,268,3233,3501
WBGene00002047.,76,2503,2579
WBGene00002048.,639,3659,4298
WBGene00002050.,172,1270,1442
WBGene00002051.,0,40,40
WBGene00002052.,40,640,680
WBGene00002053.,261,7851,8112
WBGene00002054.,12,472,484
WBGene00002055.,2,162,164
WBGene00002056.,168,669,837
WBGene00002057.,13,81,94
WBGene00002058.,9,125,134
WBGene00002059.,118,5352,5470
WBGene00002060.,121,10902,11023
WBGene00002061.,26,2992,3018
WBGene00002062.,69,1939,2008
WBGene00002063.,91,366,457
WBGene00002064.,1197,10574,11771
WBGene00002065.,1159,205663,206822
WBGene00002066.,773,17785,18558
WBGene00002067.,22,202,224
WBGene00002068.,13,1166,1179
WBGene00002069.,528,3791,4319
WBGene00002070.,138,3851,3989
WBGene00002071.,65,4970,5035
WBGene00002072.,33,821,854
WBGene00002073.,11,2814,2825
WBGene00002074.,170,9096,9266
WBGene00002075.,314,2373,2687
WBGene00002076.,512,1796,2308
WBGene00002077.,414,20332,20746
WBGene00002078.,420,6602,7022
WBGene00002079.,39,1662,1701
WBGene00002080.,288,2718,3006
WBGene00002081.,45,1386,1431
WBGene00002083.,174,36038,36212
WBGene00002084.,20,958,978
WBGene00002085.,0,13,13
WBGene00002086.,16,449,465
WBGene00002087.,4,51,55
WBGene00002088.,11,243,254
WBGene00002089.,19,388,407
WBGene00002090.,0,1,1
WBGene00002091.,1,2,3
WBGene00002092.,9,76,85
WBGene00002093.,13,161,174
WBGene00002094.,5,19,24
WBGene00002095.,15,40,55
WBGene00002096.,17,36,53
WBGene00002097.,17,350,367
WBGene00002098.,6,25,31
WBGene00002099.,1,18,19
WBGene00002100.,49,3163,3212
WBGene00002101.,177,1147,1324
WBGene00002102.,5,22,27
WBGene00002103.,2,5,7
WBGene00002104.,3,27,30
WBGene00002105.,26,509,535
WBGene00002106.,0,1,1
WBGene00002107.,17,144,161
WBGene00002108.,23,81,104
WBGene00002109.,105,1451,1556
WBGene00002110.,2213,14382,16595
WBGene00002111.,75,826,901
WBGene00002112.,35,293,328
WBGene00002113.,40,1523,1563
WBGene00002114.,4,71,75
WBGene00002115.,0,7,7
WBGene00002116.,55,339,394
WBGene00002117.,2,25,27
WBGene00002118.,7,114,121
WBGene00002119.,37,53,90
WBGene00002120.,1,375,376
WBGene00002121.,0,2,2
WBGene00002123.,877,3511,4388
WBGene00002124.,3,92,95
WBGene00002125.,2,604,606
WBGene00002127.,43,5486,5529
WBGene00002128.,31,270,301
WBGene00002129.,61,1599,1660
WBGene00002130.,3,52,55
WBGene00002131.,6,59,65
WBGene00002132.,27,1019,1046
WBGene00002133.,146,485,631
WBGene00002134.,294,11105,11399
WBGene00002135.,230,9745,9975
WBGene00002136.,33,220,253
WBGene00002137.,7,67,74
WBGene00002138.,2,23,25
WBGene00002139.,0,23,23
WBGene00002140.,333,1516,1849
WBGene00002141.,107,85,192
WBGene00002142.,15,69,84
WBGene00002143.,36,155,191
WBGene00002144.,5,59,64
WBGene00002146.,116,1299,1415
WBGene00002147.,427,1155,1582
WBGene00002148.,145,2054,2199
WBGene00002149.,99,191,290
WBGene00002150.,192,192,384
WBGene00002151.,182,573,755
WBGene00002152.,837,9900,10737
WBGene00002153.,52,1673,1725
WBGene00002162.,3249,57284,60533
WBGene00002163.,276,838,1114
WBGene00002169.,515,3879,4394
WBGene00002173.,221,1195,1416
WBGene00002174.,25,220,245
WBGene00002175.,719,2007,2726
WBGene00002176.,761,1163,1924
WBGene00002177.,46,256,302
WBGene00002178.,139,1415,1554
WBGene00002179.,594,8389,8983
WBGene00002180.,10,1008,1018
WBGene00002181.,139,401,540
WBGene00002182.,157,441,598
WBGene00002183.,1413,28571,29984
WBGene00002184.,487,995,1482
WBGene00002185.,1549,2294,3843
WBGene00002186.,0,4,4
WBGene00002187.,445,3052,3497
WBGene00002188.,6,2,8
WBGene00002189.,3831,11675,15506
WBGene00002190.,1005,17900,18905
WBGene00002191.,2199,19120,21319
WBGene00002192.,354,1711,2065
WBGene00002193.,3,8,11
WBGene00002194.,103,425,528
WBGene00002195.,46,343,389
WBGene00002196.,166,8590,8756
WBGene00002198.,234,392,626
WBGene00002199.,40,438,478
WBGene00002200.,52,348,400
WBGene00002201.,96,2284,2380
WBGene00002202.,431,22419,22850
WBGene00002203.,335,4071,4406
WBGene00002204.,0,0,0
WBGene00002205.,21,73,94
WBGene00002206.,2,4,6
WBGene00002207.,129,756,885
WBGene00002208.,4,6,10
WBGene00002210.,629,2858,3487
WBGene00002211.,15,155,170
WBGene00002212.,11,4,15
WBGene00002213.,126,1204,1330
WBGene00002214.,32,1199,1231
WBGene00002215.,811,7844,8655
WBGene00002216.,296,3815,4111
WBGene00002217.,166,2335,2501
WBGene00002218.,22,113,135
WBGene00002219.,143,1557,1700
WBGene00002220.,139,1401,1540
WBGene00002221.,10,240,250
WBGene00002222.,3,20,23
WBGene00002223.,2098,4401,6499
WBGene00002224.,178,176,354
WBGene00002225.,3,584,587
WBGene00002226.,2,1454,1456
WBGene00002227.,13,12,25
WBGene00002228.,19,822,841
WBGene00002229.,71,1909,1980
WBGene00002230.,307,612,919
WBGene00002231.,41,1850,1891
WBGene00002232.,226,2795,3021
WBGene00002233.,49,292,341
WBGene00002234.,2,14,16
WBGene00002235.,78,78,156
WBGene00002238.,37,18472,18509
WBGene00002239.,114,762,876
WBGene00002240.,397,614,1011
WBGene00002241.,707,2854,3561
WBGene00002242.,201,329,530
WBGene00002243.,123,310,433
WBGene00002244.,371,9244,9615
WBGene00002245.,342,1466,1808
WBGene00002246.,3,924,927
WBGene00002247.,448,14535,14983
WBGene00002248.,8,93,101
WBGene00002249.,56,2798,2854
WBGene00002250.,30,4621,4651
WBGene00002251.,205,1300,1505
WBGene00002252.,115,190,305
WBGene00002253.,1626,9338,10964
WBGene00002254.,13741,164087,177828
WBGene00002255.,2919,31120,34039
WBGene00002256.,96,5365,5461
WBGene00002257.,390,7771,8161
WBGene00002258.,263,8858,9121
WBGene00002259.,9,500,509
WBGene00002260.,3,49,52
WBGene00002261.,654,4205,4859
WBGene00002262.,2162,43083,45245
WBGene00002263.,601,7550,8151
WBGene00002264.,398,15090,15488
WBGene00002265.,1147,17420,18567
WBGene00002266.,639,12287,12926
WBGene00002267.,534,13608,14142
WBGene00002268.,2067,25325,27392
WBGene00002269.,330,6681,7011
WBGene00002270.,1,78,79
WBGene00002271.,40,2502,2542
WBGene00002272.,92,2345,2437
WBGene00002273.,19,4137,4156
WBGene00002274.,9,219,228
WBGene00002275.,19,1090,1109
WBGene00002276.,29,920,949
WBGene00002278.,431,1646,2077
WBGene00002280.,4838,109438,114276
WBGene00002282.,113,1650,1763
WBGene00002285.,0,13783,13783
WBGene00002295.,364,10068,10432
WBGene00002297.,154,793,947
WBGene00002299.,96,1014,1110
WBGene00002324.,26,1211,1237
WBGene00002335.,208,9600,9808
WBGene00002344.,479,39264,39743
WBGene00002348.,24,2446,2470
WBGene00002363.,53,11161,11214
WBGene00002368.,5,261,266
WBGene00002393.,39,2021,2060
WBGene00002497.,952,5238,6190
WBGene00002583.,510,4541,5051
WBGene00002601.,259,1235,1494
WBGene00002632.,92,1647,1739
WBGene00002637.,283,14706,14989
WBGene00002694.,43,2145,2188
WBGene00002696.,155,5016,5171
WBGene00002717.,976,9167,10143
WBGene00002783.,1808,8727,10535
WBGene00002804.,50,6963,7013
WBGene00002827.,191,3349,3540
WBGene00002845.,264,4918,5182
WBGene00002850.,491,10780,11271
WBGene00002855.,157,11222,11379
WBGene00002879.,441,13053,13494
WBGene00002881.,769,7733,8502
WBGene00002889.,415,3365,3780
WBGene00002891.,112,3892,4004
WBGene00002915.,203,4924,5127
WBGene00002957.,225,5217,5442
WBGene00002974.,389,1916,2305
WBGene00002975.,62,489,551
WBGene00002976.,357,2013,2370
WBGene00002977.,155,60,215
WBGene00002978.,2681,284597,287278
WBGene00002979.,291,1131,1422
WBGene00002980.,195,42365,42560
WBGene00002981.,278,9594,9872
WBGene00002982.,109,1207,1316
WBGene00002983.,44,282,326
WBGene00002985.,131,2284,2415
WBGene00002986.,127,1159,1286
WBGene00002987.,35,156,191
WBGene00002988.,42,631,673
WBGene00002989.,326,1038,1364
WBGene00002990.,909,2790,3699
WBGene00002991.,436,2320,2756
WBGene00002992.,68,422,490
WBGene00002993.,0,0,0
WBGene00002994.,56,4318,4374
WBGene00002996.,114,887,1001
WBGene00002997.,68,849,917
WBGene00002998.,123,1853,1976
WBGene00002999.,735,3849,4584
WBGene00003000.,54,372,426
WBGene00003001.,142,604,746
WBGene00003002.,493,6686,7179
WBGene00003003.,1334,6996,8330
WBGene00003006.,279,558,837
WBGene00003007.,228,1409,1637
WBGene00003008.,74,312,386
WBGene00003009.,121,2615,2736
WBGene00003010.,604,3998,4602
WBGene00003011.,209,2064,2273
WBGene00003012.,64,2777,2841
WBGene00003014.,449,8084,8533
WBGene00003015.,81,125,206
WBGene00003017.,39,314,353
WBGene00003018.,28,803,831
WBGene00003019.,312,5241,5553
WBGene00003020.,393,2096,2489
WBGene00003021.,210,2802,3012
WBGene00003022.,112,817,929
WBGene00003024.,437,4798,5235
WBGene00003025.,426,9362,9788
WBGene00003026.,164,3786,3950
WBGene00003029.,11,330,341
WBGene00003030.,345,2114,2459
WBGene00003031.,36,403,439
WBGene00003033.,13,141,154
WBGene00003034.,224,2116,2340
WBGene00003035.,100,1165,1265
WBGene00003036.,14,9225,9239
WBGene00003037.,39,1231,1270
WBGene00003038.,14,972,986
WBGene00003039.,0,3,3
WBGene00003040.,352,3350,3702
WBGene00003041.,223,2156,2379
WBGene00003043.,126,1616,1742
WBGene00003044.,345,2804,3149
WBGene00003045.,306,1760,2066
WBGene00003046.,40,374,414
WBGene00003047.,459,3375,3834
WBGene00003048.,3780,6434,10214
WBGene00003052.,202,19370,19572
WBGene00003053.,30,6298,6328
WBGene00003055.,121,4022,4143
WBGene00003056.,142,721,863
WBGene00003057.,108,2217,2325
WBGene00003058.,1,2,3
WBGene00003059.,175,1929,2104
WBGene00003060.,1153,3860,5013
WBGene00003061.,829,24355,25184
WBGene00003062.,73,7791,7864
WBGene00003063.,188,15490,15678
WBGene00003064.,13,1981,1994
WBGene00003065.,319,15109,15428
WBGene00003066.,86,3458,3544
WBGene00003067.,10,181,191
WBGene00003068.,254,1930,2184
WBGene00003071.,305,6605,6910
WBGene00003072.,387,6412,6799
WBGene00003073.,279,11746,12025
WBGene00003074.,150,2247,2397
WBGene00003075.,17,32,49
WBGene00003076.,205,4243,4448
WBGene00003077.,260,2511,2771
WBGene00003078.,54,6304,6358
WBGene00003079.,0,9782,9782
WBGene00003080.,299,5462,5761
WBGene00003081.,627,5816,6443
WBGene00003082.,191,2954,3145
WBGene00003083.,15,707,722
WBGene00003084.,132,2089,2221
WBGene00003085.,382,11850,12232
WBGene00003086.,595,1952,2547
WBGene00003087.,108,3418,3526
WBGene00003088.,0,1,1
WBGene00003089.,154,2482,2636
WBGene00003090.,1,699,700
WBGene00003091.,0,328,328
WBGene00003092.,0,123,123
WBGene00003093.,5,123,128
WBGene00003094.,3,15,18
WBGene00003095.,1,21,22
WBGene00003096.,2,63,65
WBGene00003097.,8,1610,1618
WBGene00003098.,0,2,2
WBGene00003099.,0,3,3
WBGene00003100.,24,28,52
WBGene00003102.,189,1017,1206
WBGene00003104.,22,80,102
WBGene00003106.,30,201,231
WBGene00003107.,73,134,207
WBGene00003111.,213,2769,2982
WBGene00003112.,182,1664,1846
WBGene00003114.,208,333,541
WBGene00003119.,403,2484,2887
WBGene00003123.,93,16351,16444
WBGene00003124.,359,3744,4103
WBGene00003129.,215,2405,2620
WBGene00003130.,448,5155,5603
WBGene00003132.,94,2300,2394
WBGene00003133.,244,1998,2242
WBGene00003134.,79,1090,1169
WBGene00003136.,108,1022,1130
WBGene00003142.,180,1725,1905
WBGene00003143.,493,3725,4218
WBGene00003144.,682,3830,4512
WBGene00003148.,54,14797,14851
WBGene00003149.,419,2875,3294
WBGene00003150.,904,9084,9988
WBGene00003151.,65,987,1052
WBGene00003153.,5372,25007,30379
WBGene00003154.,56,2272,2328
WBGene00003155.,35,2657,2692
WBGene00003156.,35,3479,3514
WBGene00003157.,37,3429,3466
WBGene00003158.,47,2888,2935
WBGene00003159.,17,3175,3192
WBGene00003160.,236,4570,4806
WBGene00003161.,104,2499,2603
WBGene00003162.,140,43933,44073
WBGene00003163.,140,7248,7388
WBGene00003164.,26,585,611
WBGene00003165.,61,464,525
WBGene00003166.,507,1514,2021
WBGene00003167.,61,539,600
WBGene00003168.,90,266,356
WBGene00003169.,792,10129,10921
WBGene00003170.,150,865,1015
WBGene00003171.,299,8081,8380
WBGene00003172.,113,3590,3703
WBGene00003173.,71,367,438
WBGene00003174.,21,94,115
WBGene00003175.,245,5638,5883
WBGene00003176.,5,42,47
WBGene00003177.,135,956,1091
WBGene00003178.,47,4666,4713
WBGene00003179.,88,598,686
WBGene00003180.,0,6,6
WBGene00003181.,0,50,50
WBGene00003182.,537,3927,4464
WBGene00003183.,10,1424,1434
WBGene00003184.,7,329,336
WBGene00003185.,6,2106,2112
WBGene00003186.,166,3370,3536
WBGene00003196.,406,2210,2616
WBGene00003209.,517,2084,2601
WBGene00003210.,217,3029,3246
WBGene00003214.,175,3771,3946
WBGene00003216.,2,182,184
WBGene00003218.,99,5573,5672
WBGene00003219.,0,24,24
WBGene00003220.,118,854,972
WBGene00003221.,421,1658,2079
WBGene00003222.,88,1431,1519
WBGene00003224.,29,246,275
WBGene00003225.,971,25739,26710
WBGene00003228.,16,70,86
WBGene00003229.,243,2547,2790
WBGene00003230.,4,144,148
WBGene00003231.,1,53,54
WBGene00003232.,63,204,267
WBGene00003233.,71,321,392
WBGene00003234.,469,4275,4744
WBGene00003235.,754,5773,6527
WBGene00003236.,4,552,556
WBGene00003237.,241,1636,1877
WBGene00003238.,281,2322,2603
WBGene00003239.,114,4998,5112
WBGene00003241.,184,2169,2353
WBGene00003242.,1173,43400,44573
WBGene00003243.,693,4195,4888
WBGene00003245.,15,784,799
WBGene00003246.,276,949,1225
WBGene00003247.,629,8057,8686
WBGene00003248.,142,788,930
WBGene00003249.,406,9226,9632
WBGene00003252.,4,92,96
WBGene00003253.,52,2714,2766
WBGene00003254.,74,1063,1137
WBGene00003258.,1057,635,1692
WBGene00003260.,0,16,16
WBGene00003261.,0,0,0
WBGene00003262.,0,10,10
WBGene00003263.,0,2,2
WBGene00003264.,0,1,1
WBGene00003265.,0,0,0
WBGene00003266.,0,0,0
WBGene00003267.,0,0,0
WBGene00003268.,0,1,1
WBGene00003269.,0,4,4
WBGene00003270.,0,1,1
WBGene00003271.,0,0,0
WBGene00003272.,0,3,3
WBGene00003273.,0,10,10
WBGene00003274.,0,4,4
WBGene00003275.,0,19,19
WBGene00003277.,0,2,2
WBGene00003278.,0,0,0
WBGene00003279.,0,25,25
WBGene00003280.,0,90,90
WBGene00003281.,0,57,57
WBGene00003282.,0,0,0
WBGene00003283.,0,0,0
WBGene00003284.,0,1,1
WBGene00003285.,0,0,0
WBGene00003286.,0,0,0
WBGene00003287.,0,5,5
WBGene00003288.,0,3,3
WBGene00003289.,0,1,1
WBGene00003290.,0,0,0
WBGene00003291.,0,22,22
WBGene00003292.,0,0,0
WBGene00003293.,0,0,0
WBGene00003294.,0,0,0
WBGene00003295.,0,0,0
WBGene00003296.,0,0,0
WBGene00003297.,0,54,54
WBGene00003298.,0,0,0
WBGene00003299.,0,0,0
WBGene00003300.,0,11,11
WBGene00003301.,0,1,1
WBGene00003302.,0,1,1
WBGene00003303.,0,4,4
WBGene00003304.,0,5,5
WBGene00003305.,0,0,0
WBGene00003306.,0,0,0
WBGene00003307.,0,45,45
WBGene00003308.,0,96,96
WBGene00003309.,0,0,0
WBGene00003310.,0,0,0
WBGene00003311.,0,13,13
WBGene00003312.,0,4,4
WBGene00003313.,0,0,0
WBGene00003314.,0,0,0
WBGene00003315.,0,0,0
WBGene00003316.,0,0,0
WBGene00003317.,0,0,0
WBGene00003318.,0,0,0
WBGene00003319.,0,0,0
WBGene00003321.,0,5,5
WBGene00003322.,0,0,0
WBGene00003323.,0,8,8
WBGene00003324.,0,49,49
WBGene00003325.,0,1,1
WBGene00003326.,0,0,0
WBGene00003327.,0,0,0
WBGene00003328.,0,30,30
WBGene00003329.,0,0,0
WBGene00003330.,0,2,2
WBGene00003331.,0,32,32
WBGene00003332.,0,10,10
WBGene00003333.,0,33,33
WBGene00003334.,0,0,0
WBGene00003335.,0,29,29
WBGene00003336.,0,3,3
WBGene00003337.,0,0,0
WBGene00003338.,0,44,44
WBGene00003339.,0,2,2
WBGene00003340.,0,3,3
WBGene00003341.,0,0,0
WBGene00003342.,0,1,1
WBGene00003343.,0,4,4
WBGene00003344.,0,0,0
WBGene00003345.,0,0,0
WBGene00003346.,0,1,1
WBGene00003347.,0,0,0
WBGene00003348.,0,0,0
WBGene00003349.,0,433,433
WBGene00003350.,0,4,4
WBGene00003351.,0,0,0
WBGene00003352.,0,0,0
WBGene00003353.,0,1,1
WBGene00003354.,0,0,0
WBGene00003355.,0,0,0
WBGene00003356.,0,0,0
WBGene00003357.,0,14,14
WBGene00003358.,0,0,0
WBGene00003359.,0,6,6
WBGene00003360.,0,0,0
WBGene00003361.,0,0,0
WBGene00003362.,0,0,0
WBGene00003363.,0,2,2
WBGene00003364.,0,1,1
WBGene00003365.,0,6,6
WBGene00003366.,0,0,0
WBGene00003367.,901,10312,11213
WBGene00003368.,77,1432,1509
WBGene00003369.,515,102483,102998
WBGene00003370.,40424,289184,329608
WBGene00003371.,14776,533521,548297
WBGene00003372.,662,10673,11335
WBGene00003373.,31,365,396
WBGene00003374.,370,1145,1515
WBGene00003375.,471,21735,22206
WBGene00003376.,45,224,269
WBGene00003377.,11,215,226
WBGene00003378.,670,3931,4601
WBGene00003380.,46,564,610
WBGene00003384.,19,573,592
WBGene00003385.,169,1661,1830
WBGene00003386.,118,723,841
WBGene00003387.,156,125,281
WBGene00003388.,28,423,451
WBGene00003389.,113,3835,3948
WBGene00003390.,25,2685,2710
WBGene00003391.,1338,9354,10692
WBGene00003392.,164,2974,3138
WBGene00003393.,258,5391,5649
WBGene00003394.,14,149,163
WBGene00003395.,4,147,151
WBGene00003396.,266,1220,1486
WBGene00003397.,135,1343,1478
WBGene00003400.,439,1427,1866
WBGene00003401.,528,4105,4633
WBGene00003402.,62,347,409
WBGene00003403.,39,99,138
WBGene00003404.,1811,6885,8696
WBGene00003405.,60,1384,1444
WBGene00003406.,89,4454,4543
WBGene00003407.,953,5208,6161
WBGene00003408.,230,1365,1595
WBGene00003409.,23,196,219
WBGene00003410.,0,29,29
WBGene00003411.,142,977,1119
WBGene00003412.,156,1098,1254
WBGene00003413.,710,576,1286
WBGene00003414.,227,246,473
WBGene00003415.,313,17168,17481
WBGene00003417.,104,840,944
WBGene00003418.,69,876,945
WBGene00003420.,13,19,32
WBGene00003421.,73,352,425
WBGene00003422.,120,1675,1795
WBGene00003423.,1679,3089,4768
WBGene00003424.,0,5,5
WBGene00003425.,0,1,1
WBGene00003426.,0,0,0
WBGene00003429.,0,0,0
WBGene00003430.,0,0,0
WBGene00003431.,0,15,15
WBGene00003432.,0,11,11
WBGene00003433.,0,0,0
WBGene00003434.,0,1,1
WBGene00003435.,0,10,10
WBGene00003437.,0,0,0
WBGene00003438.,0,0,0
WBGene00003442.,0,156,156
WBGene00003443.,0,569,569
WBGene00003444.,0,7,7
WBGene00003445.,0,115,115
WBGene00003446.,0,0,0
WBGene00003448.,0,8,8
WBGene00003449.,0,2,2
WBGene00003450.,0,23,23
WBGene00003451.,0,3,3
WBGene00003452.,0,14,14
WBGene00003456.,0,0,0
WBGene00003457.,0,2,2
WBGene00003458.,0,21,21
WBGene00003460.,0,22,22
WBGene00003462.,0,18,18
WBGene00003463.,0,8,8
WBGene00003464.,0,0,0
WBGene00003465.,0,3,3
WBGene00003466.,0,0,0
WBGene00003467.,0,1,1
WBGene00003468.,0,0,0
WBGene00003469.,0,0,0
WBGene00003470.,0,2,2
WBGene00003471.,48,530,578
WBGene00003472.,359,2322,2681
WBGene00003473.,0,58,58
WBGene00003474.,12,173,185
WBGene00003475.,320,1377,1697
WBGene00003476.,1673,5529,7202
WBGene00003477.,84,1112,1196
WBGene00003478.,457,1113,1570
WBGene00003479.,304,1352,1656
WBGene00003480.,32,315,347
WBGene00003482.,522,5594,6116
WBGene00003485.,505,5314,5819
WBGene00003495.,1399,177371,178770
WBGene00003497.,111,2391,2502
WBGene00003499.,10,184,194
WBGene00003504.,10,890,900
WBGene00003507.,2,248,250
WBGene00003508.,147,2235,2382
WBGene00003509.,36,856,892
WBGene00003510.,218,2048,2266
WBGene00003511.,89,11001,11090
WBGene00003514.,77,4140,4217
WBGene00003515.,344,23321,23665
WBGene00003516.,186,2998,3184
WBGene00003517.,40,571,611
WBGene00003518.,23,76,99
WBGene00003519.,334,7790,8124
WBGene00003520.,29,40,69
WBGene00003521.,0,0,0
WBGene00003522.,79,1527,1606
WBGene00003523.,136,829,965
WBGene00003524.,13,147,160
WBGene00003525.,32,122,154
WBGene00003526.,22,124,146
WBGene00003527.,37,272,309
WBGene00003528.,8,112,120
WBGene00003529.,5,7,12
WBGene00003530.,67,508,575
WBGene00003531.,13,173,186
WBGene00003532.,8,83,91
WBGene00003533.,10,48,58
WBGene00003534.,4,88,92
WBGene00003535.,0,1,1
WBGene00003536.,0,2,2
WBGene00003537.,0,0,0
WBGene00003538.,0,0,0
WBGene00003539.,2,1,3
WBGene00003540.,1,6,7
WBGene00003541.,1,0,1
WBGene00003542.,5,55,60
WBGene00003543.,9,15,24
WBGene00003544.,35,150,185
WBGene00003545.,21,7,28
WBGene00003546.,22,181,203
WBGene00003547.,8,31,39
WBGene00003548.,120,416,536
WBGene00003549.,81,1581,1662
WBGene00003550.,721,2945,3666
WBGene00003551.,10,56,66
WBGene00003552.,254,541,795
WBGene00003553.,197,861,1058
WBGene00003554.,24,80,104
WBGene00003555.,188,701,889
WBGene00003556.,3,0,3
WBGene00003558.,177,242,419
WBGene00003559.,2007,12088,14095
WBGene00003561.,322,513,835
WBGene00003562.,11,108,119
WBGene00003563.,29,239,268
WBGene00003564.,76,8503,8579
WBGene00003565.,387,3946,4333
WBGene00003566.,367,3196,3563
WBGene00003567.,801,14001,14802
WBGene00003568.,160,2306,2466
WBGene00003569.,115,1740,1855
WBGene00003570.,8,82,90
WBGene00003571.,13,8,21
WBGene00003572.,13,69,82
WBGene00003573.,8,114,122
WBGene00003574.,3,10,13
WBGene00003575.,2,27,29
WBGene00003576.,206,2268,2474
WBGene00003577.,46,250,296
WBGene00003578.,433,3801,4234
WBGene00003579.,7,648,655
WBGene00003580.,53,764,817
WBGene00003581.,99,2090,2189
WBGene00003582.,528,1639,2167
WBGene00003583.,48,910,958
WBGene00003584.,158,1270,1428
WBGene00003585.,347,106,453
WBGene00003586.,32,662,694
WBGene00003587.,279,11805,12084
WBGene00003588.,14,8908,8922
WBGene00003589.,301,2381,2682
WBGene00003590.,77,490,567
WBGene00003591.,121,1690,1811
WBGene00003592.,349,3564,3913
WBGene00003593.,221,2060,2281
WBGene00003594.,307,1425,1732
WBGene00003595.,1,24,25
WBGene00003596.,651,12175,12826
WBGene00003597.,1048,3896,4944
WBGene00003598.,99,5161,5260
WBGene00003599.,321,1675,1996
WBGene00003600.,2286,6237,8523
WBGene00003601.,10,127,137
WBGene00003602.,47,1264,1311
WBGene00003603.,128,1513,1641
WBGene00003604.,67,422,489
WBGene00003605.,136,939,1075
WBGene00003606.,288,1278,1566
WBGene00003607.,21,74,95
WBGene00003608.,1,16,17
WBGene00003609.,399,2556,2955
WBGene00003610.,125,471,596
WBGene00003611.,170,1459,1629
WBGene00003612.,109,402,511
WBGene00003613.,35,731,766
WBGene00003614.,601,770,1371
WBGene00003615.,4,73,77
WBGene00003616.,337,1047,1384
WBGene00003617.,3,213,216
WBGene00003618.,812,5161,5973
WBGene00003619.,240,2743,2983
WBGene00003620.,429,1625,2054
WBGene00003621.,99,525,624
WBGene00003622.,423,2406,2829
WBGene00003623.,71,1243,1314
WBGene00003624.,111,1391,1502
WBGene00003625.,246,2479,2725
WBGene00003626.,343,1596,1939
WBGene00003627.,1055,2554,3609
WBGene00003628.,346,1467,1813
WBGene00003629.,3,3,6
WBGene00003630.,1769,4471,6240
WBGene00003632.,145,1404,1549
WBGene00003633.,52,1028,1080
WBGene00003634.,98,685,783
WBGene00003635.,46,935,981
WBGene00003636.,744,2683,3427
WBGene00003637.,313,2282,2595
WBGene00003638.,134,1539,1673
WBGene00003639.,319,4632,4951
WBGene00003640.,84,1079,1163
WBGene00003641.,0,15,15
WBGene00003642.,6,17,23
WBGene00003643.,6,28,34
WBGene00003644.,9,141,150
WBGene00003645.,13,161,174
WBGene00003646.,74,692,766
WBGene00003647.,118,491,609
WBGene00003648.,28,765,793
WBGene00003649.,50,393,443
WBGene00003650.,31,159,190
WBGene00003651.,129,1159,1288
WBGene00003652.,130,593,723
WBGene00003653.,51,647,698
WBGene00003654.,256,589,845
WBGene00003655.,69,528,597
WBGene00003656.,138,2215,2353
WBGene00003657.,42,645,687
WBGene00003658.,325,4409,4734
WBGene00003659.,28,559,587
WBGene00003660.,114,1207,1321
WBGene00003661.,149,1244,1393
WBGene00003662.,3,4,7
WBGene00003663.,1,475,476
WBGene00003664.,641,137,778
WBGene00003665.,1,0,1
WBGene00003667.,1,10,11
WBGene00003668.,473,911,1384
WBGene00003669.,17,67,84
WBGene00003670.,14,213,227
WBGene00003671.,0,0,0
WBGene00003672.,1,11,12
WBGene00003673.,11,101,112
WBGene00003674.,90,1087,1177
WBGene00003675.,459,1363,1822
WBGene00003676.,363,1106,1469
WBGene00003677.,228,1714,1942
WBGene00003678.,401,3330,3731
WBGene00003679.,0,1,1
WBGene00003680.,18,203,221
WBGene00003681.,315,3237,3552
WBGene00003682.,14,13,27
WBGene00003683.,11,90,101
WBGene00003684.,30,292,322
WBGene00003685.,133,1010,1143
WBGene00003686.,7,152,159
WBGene00003687.,175,9250,9425
WBGene00003688.,101,627,728
WBGene00003689.,6,24,30
WBGene00003690.,200,2081,2281
WBGene00003691.,776,2885,3661
WBGene00003692.,37,279,316
WBGene00003693.,3,164,167
WBGene00003694.,111,989,1100
WBGene00003695.,764,5299,6063
WBGene00003696.,4,9,13
WBGene00003697.,53,423,476
WBGene00003698.,1,35,36
WBGene00003699.,6,190,196
WBGene00003700.,4,39,43
WBGene00003701.,1,3,4
WBGene00003702.,23,399,422
WBGene00003703.,91,459,550
WBGene00003704.,656,3364,4020
WBGene00003705.,18,101,119
WBGene00003706.,20,155,175
WBGene00003707.,39,396,435
WBGene00003708.,3,1,4
WBGene00003709.,67,346,413
WBGene00003710.,100,512,612
WBGene00003711.,9,13,22
WBGene00003712.,72,400,472
WBGene00003713.,13,118,131
WBGene00003714.,18,32,50
WBGene00003715.,267,370,637
WBGene00003716.,10,131,141
WBGene00003717.,14,222,236
WBGene00003718.,8,185,193
WBGene00003719.,52,443,495
WBGene00003720.,29,133,162
WBGene00003721.,30,312,342
WBGene00003722.,64,596,660
WBGene00003723.,10,561,571
WBGene00003724.,29,525,554
WBGene00003725.,138,448,586
WBGene00003726.,102,1262,1364
WBGene00003727.,352,580,932
WBGene00003728.,476,2397,2873
WBGene00003729.,27,172,199
WBGene00003730.,9,47,56
WBGene00003731.,45,120,165
WBGene00003732.,69,665,734
WBGene00003733.,49,494,543
WBGene00003734.,0,1,1
WBGene00003735.,331,804,1135
WBGene00003736.,64,216,280
WBGene00003738.,44,1141,1185
WBGene00003739.,66,976,1042
WBGene00003740.,7,380,387
WBGene00003741.,11,2681,2692
WBGene00003742.,1,96,97
WBGene00003743.,172,716,888
WBGene00003744.,176,2934,3110
WBGene00003745.,51,1614,1665
WBGene00003746.,20,1803,1823
WBGene00003747.,25,1322,1347
WBGene00003748.,166,4057,4223
WBGene00003749.,160,4035,4195
WBGene00003750.,331,3458,3789
WBGene00003751.,26,3068,3094
WBGene00003752.,26,1720,1746
WBGene00003753.,566,4066,4632
WBGene00003754.,74,1922,1996
WBGene00003755.,58,4384,4442
WBGene00003756.,328,12473,12801
WBGene00003757.,23,753,776
WBGene00003758.,106,1310,1416
WBGene00003759.,531,3919,4450
WBGene00003760.,18,2,20
WBGene00003761.,0,86,86
WBGene00003762.,861,9199,10060
WBGene00003763.,37,128,165
WBGene00003764.,122,1431,1553
WBGene00003765.,298,4452,4750
WBGene00003766.,33,674,707
WBGene00003767.,280,6435,6715
WBGene00003768.,59,776,835
WBGene00003769.,211,3457,3668
WBGene00003770.,4,32,36
WBGene00003771.,2496,15288,17784
WBGene00003772.,48,897,945
WBGene00003773.,79,652,731
WBGene00003774.,12,79,91
WBGene00003775.,57,148,205
WBGene00003776.,562,8583,9145
WBGene00003777.,263,8306,8569
WBGene00003778.,22,37,59
WBGene00003779.,12,316,328
WBGene00003783.,2,116,118
WBGene00003784.,0,3,3
WBGene00003785.,105,2310,2415
WBGene00003786.,91,803,894
WBGene00003787.,22,2024,2046
WBGene00003788.,342,3227,3569
WBGene00003789.,228,2244,2472
WBGene00003790.,55,1669,1724
WBGene00003791.,34,2291,2325
WBGene00003792.,244,2995,3239
WBGene00003793.,95,3737,3832
WBGene00003794.,688,3195,3883
WBGene00003795.,42,5361,5403
WBGene00003796.,130,4317,4447
WBGene00003797.,134,2682,2816
WBGene00003798.,76,3722,3798
WBGene00003799.,649,3719,4368
WBGene00003800.,41,3425,3466
WBGene00003801.,45,1930,1975
WBGene00003802.,33,5137,5170
WBGene00003803.,107,3220,3327
WBGene00003804.,103,2882,2985
WBGene00003805.,65,2115,2180
WBGene00003806.,425,4977,5402
WBGene00003807.,37,200,237
WBGene00003808.,122,677,799
WBGene00003812.,96,4108,4204
WBGene00003813.,50,237,287
WBGene00003815.,540,9358,9898
WBGene00003816.,4,243,247
WBGene00003818.,340,3907,4247
WBGene00003821.,969,11558,12527
WBGene00003822.,133,2588,2721
WBGene00003825.,300,10295,10595
WBGene00003826.,1075,3386,4461
WBGene00003827.,461,4104,4565
WBGene00003828.,26,321,347
WBGene00003829.,24,4502,4526
WBGene00003830.,213,1732,1945
WBGene00003831.,2570,27304,29874
WBGene00003834.,109,3208,3317
WBGene00003835.,12,434,446
WBGene00003836.,764,6766,7530
WBGene00003837.,614,2767,3381
WBGene00003838.,23,80,103
WBGene00003839.,19,93,112
WBGene00003840.,11,16,27
WBGene00003841.,9,22,31
WBGene00003842.,71,277,348
WBGene00003843.,66,1028,1094
WBGene00003844.,4,1154,1158
WBGene00003845.,0,1,1
WBGene00003846.,1,122,123
WBGene00003847.,292,2863,3155
WBGene00003848.,14,47,61
WBGene00003849.,264,889,1153
WBGene00003850.,19,331,350
WBGene00003851.,186,2824,3010
WBGene00003854.,1,11,12
WBGene00003856.,21,196,217
WBGene00003858.,847,6781,7628
WBGene00003859.,61,643,704
WBGene00003860.,736,8138,8874
WBGene00003861.,27,548,575
WBGene00003862.,36,348,384
WBGene00003863.,1,0,1
WBGene00003864.,1,83,84
WBGene00003865.,1,81,82
WBGene00003868.,140,1756,1896
WBGene00003870.,22,1596,1618
WBGene00003876.,32,331,363
WBGene00003877.,7,125,132
WBGene00003878.,27,537,564
WBGene00003879.,13,459,472
WBGene00003882.,93,896,989
WBGene00003883.,101,520,621
WBGene00003884.,65,286,351
WBGene00003885.,149,655,804
WBGene00003886.,104,429,533
WBGene00003887.,85,488,573
WBGene00003888.,3,29,32
WBGene00003889.,9,32,41
WBGene00003890.,23,131,154
WBGene00003891.,28,4624,4652
WBGene00003892.,87,314,401
WBGene00003893.,27852,375805,403657
WBGene00003898.,153,1114,1267
WBGene00003901.,155,11783,11938
WBGene00003902.,1797,169362,171159
WBGene00003903.,175,20466,20641
WBGene00003904.,69,8672,8741
WBGene00003905.,843,2424,3267
WBGene00003906.,3,14,17
WBGene00003907.,452,2114,2566
WBGene00003909.,51,655,706
WBGene00003911.,174,2650,2824
WBGene00003912.,10,136,146
WBGene00003914.,464,5054,5518
WBGene00003915.,1020,13709,14729
WBGene00003916.,2453,7311,9764
WBGene00003917.,264,461,725
WBGene00003918.,221,1586,1807
WBGene00003919.,224,447,671
WBGene00003920.,500,74917,75417
WBGene00003921.,122,1064,1186
WBGene00003922.,47,5578,5625
WBGene00003923.,98,14782,14880
WBGene00003924.,16,16928,16944
WBGene00003925.,552,12647,13199
WBGene00003926.,419,20007,20426
WBGene00003927.,89,13209,13298
WBGene00003928.,149,9150,9299
WBGene00003929.,507,13343,13850
WBGene00003930.,411,12219,12630
WBGene00003931.,275,9985,10260
WBGene00003932.,758,10614,11372
WBGene00003933.,109,3617,3726
WBGene00003934.,33529,785097,818626
WBGene00003936.,565,4384,4949
WBGene00003937.,2,17,19
WBGene00003938.,14,28,42
WBGene00003939.,64,620,684
WBGene00003941.,110,660,770
WBGene00003943.,13,60,73
WBGene00003947.,118,11075,11193
WBGene00003948.,12,12287,12299
WBGene00003949.,75,10803,10878
WBGene00003950.,416,15536,15952
WBGene00003951.,321,7271,7592
WBGene00003952.,632,9397,10029
WBGene00003953.,95,15260,15355
WBGene00003954.,404,2683,3087
WBGene00003955.,17,9364,9381
WBGene00003956.,10,222,232
WBGene00003957.,0,37,37
WBGene00003958.,2,155,157
WBGene00003959.,15,76,91
WBGene00003960.,190,2051,2241
WBGene00003961.,645,4315,4960
WBGene00003962.,599,21306,21905
WBGene00003963.,309,72802,73111
WBGene00003964.,1593,48634,50227
WBGene00003965.,80,613,693
WBGene00003966.,1026,5009,6035
WBGene00003967.,166,1763,1929
WBGene00003968.,199,1437,1636
WBGene00003969.,464,1272,1736
WBGene00003970.,134,1311,1445
WBGene00003975.,204,1677,1881
WBGene00003976.,1,172,173
WBGene00003977.,0,0,0
WBGene00003978.,588,1855,2443
WBGene00003979.,4,562,566
WBGene00003980.,65,636,701
WBGene00003981.,3,32,35
WBGene00003982.,8,3032,3040
WBGene00003983.,0,32,32
WBGene00003986.,72,1292,1364
WBGene00003987.,6,46,52
WBGene00003989.,106,13496,13602
WBGene00003990.,78,5598,5676
WBGene00003991.,1206,14470,15676
WBGene00003992.,15,1821,1836
WBGene00003993.,79,475,554
WBGene00003994.,6,320,326
WBGene00003995.,41,145,186
WBGene00003996.,218,595,813
WBGene00003997.,20,209,229
WBGene00003998.,122,387,509
WBGene00003999.,8,13,21
WBGene00004000.,23,107,130
WBGene00004001.,2,4,6
WBGene00004002.,6,33,39
WBGene00004003.,42,130,172
WBGene00004004.,159,1025,1184
WBGene00004005.,38,79,117
WBGene00004006.,21,101,122
WBGene00004007.,0,1,1
WBGene00004008.,0,91,91
WBGene00004009.,0,3,3
WBGene00004010.,129,1103,1232
WBGene00004011.,6,87,93
WBGene00004013.,222,930,1152
WBGene00004014.,120,46590,46710
WBGene00004015.,161,40304,40465
WBGene00004016.,491,1172,1663
WBGene00004017.,6,383,389
WBGene00004020.,16,134,150
WBGene00004023.,61,536,597
WBGene00004024.,25,244,269
WBGene00004025.,303,3684,3987
WBGene00004026.,146,40,186
WBGene00004027.,6,129,135
WBGene00004028.,197,401,598
WBGene00004029.,253,588,841
WBGene00004030.,82,309,391
WBGene00004031.,76,1350,1426
WBGene00004032.,884,5794,6678
WBGene00004033.,399,1431,1830
WBGene00004034.,366,1575,1941
WBGene00004035.,104,1343,1447
WBGene00004036.,379,1314,1693
WBGene00004037.,49,381,430
WBGene00004038.,35,703,738
WBGene00004039.,236,4920,5156
WBGene00004040.,270,3943,4213
WBGene00004041.,0,997,997
WBGene00004042.,8,2345,2353
WBGene00004043.,14,349,363
WBGene00004044.,6,281,287
WBGene00004045.,348,916,1264
WBGene00004046.,422,23073,23495
WBGene00004047.,745,1666,2411
WBGene00004048.,36,630,666
WBGene00004049.,468,922,1390
WBGene00004050.,18,1223,1241
WBGene00004051.,217,1664,1881
WBGene00004052.,3,9,12
WBGene00004053.,138,3314,3452
WBGene00004054.,23,2,25
WBGene00004055.,142,1560,1702
WBGene00004056.,174,930,1104
WBGene00004057.,188,1456,1644
WBGene00004058.,15,68,83
WBGene00004059.,123,545,668
WBGene00004060.,458,2093,2551
WBGene00004061.,4,41,45
WBGene00004062.,18,414,432
WBGene00004063.,114,1495,1609
WBGene00004064.,222,1561,1783
WBGene00004068.,92,1140,1232
WBGene00004075.,56,1684,1740
WBGene00004076.,718,5033,5751
WBGene00004077.,627,4204,4831
WBGene00004078.,0,43,43
WBGene00004083.,60,1620,1680
WBGene00004084.,0,4,4
WBGene00004085.,153,3786,3939
WBGene00004086.,119,524,643
WBGene00004087.,551,3154,3705
WBGene00004088.,318,3035,3353
WBGene00004089.,49,783,832
WBGene00004090.,346,2168,2514
WBGene00004091.,168,2858,3026
WBGene00004092.,62,1289,1351
WBGene00004093.,27,671,698
WBGene00004094.,28,1555,1583
WBGene00004095.,523,6432,6955
WBGene00004096.,9,189,198
WBGene00004098.,0,4,4
WBGene00004099.,0,3,3
WBGene00004100.,92,790,882
WBGene00004101.,460,2901,3361
WBGene00004102.,5,19,24
WBGene00004103.,0,9,9
WBGene00004104.,19,156,175
WBGene00004105.,204,2028,2232
WBGene00004106.,73,2460,2533
WBGene00004107.,2,19,21
WBGene00004108.,525,1981,2506
WBGene00004109.,499,2391,2890
WBGene00004110.,302,2701,3003
WBGene00004111.,221,2447,2668
WBGene00004112.,916,19723,20639
WBGene00004113.,655,20227,20882
WBGene00004114.,12,806,818
WBGene00004115.,26,94,120
WBGene00004116.,460,2766,3226
WBGene00004117.,479,3880,4359
WBGene00004118.,51,331,382
WBGene00004119.,78,420,498
WBGene00004120.,3,334,337
WBGene00004121.,324,2187,2511
WBGene00004122.,229,2672,2901
WBGene00004123.,15,136,151
WBGene00004124.,48,694,742
WBGene00004125.,147,1194,1341
WBGene00004126.,356,2391,2747
WBGene00004127.,23,127,150
WBGene00004128.,1871,7599,9470
WBGene00004129.,48,1247,1295
WBGene00004130.,1173,25889,27062
WBGene00004131.,5569,20419,25988
WBGene00004132.,365,4669,5034
WBGene00004133.,51,771,822
WBGene00004134.,2028,14984,17012
WBGene00004135.,1805,23172,24977
WBGene00004136.,1077,7729,8806
WBGene00004138.,458,5293,5751
WBGene00004139.,0,11,11
WBGene00004140.,81,3347,3428
WBGene00004141.,0,0,0
WBGene00004143.,536,24507,25043
WBGene00004144.,24,1529,1553
WBGene00004145.,428,4321,4749
WBGene00004146.,0,18,18
WBGene00004147.,584,3584,4168
WBGene00004148.,309,2363,2672
WBGene00004149.,5,2,7
WBGene00004150.,17,130,147
WBGene00004151.,451,2166,2617
WBGene00004152.,360,7471,7831
WBGene00004153.,0,10,10
WBGene00004154.,34,49,83
WBGene00004155.,6,26,32
WBGene00004156.,9,139,148
WBGene00004157.,107,6412,6519
WBGene00004158.,0,2,2
WBGene00004159.,0,0,0
WBGene00004160.,0,0,0
WBGene00004161.,566,2997,3563
WBGene00004163.,16,79,95
WBGene00004164.,439,3443,3882
WBGene00004165.,11,58,69
WBGene00004166.,409,3535,3944
WBGene00004167.,2163,10821,12984
WBGene00004168.,18,1402,1420
WBGene00004169.,105,313,418
WBGene00004170.,0,0,0
WBGene00004171.,0,0,0
WBGene00004172.,82,930,1012
WBGene00004173.,75,1137,1212
WBGene00004174.,5,252,257
WBGene00004175.,14,832,846
WBGene00004176.,0,2,2
WBGene00004177.,0,8,8
WBGene00004178.,88,3450,3538
WBGene00004179.,16,1030,1046
WBGene00004180.,97,1295,1392
WBGene00004181.,160,1498,1658
WBGene00004182.,691,3272,3963
WBGene00004183.,45,113,158
WBGene00004184.,197,5240,5437
WBGene00004185.,138,7471,7609
WBGene00004186.,1198,3728,4926
WBGene00004187.,263,14391,14654
WBGene00004188.,188,3169,3357
WBGene00004189.,272,17338,17610
WBGene00004190.,51,544,595
WBGene00004191.,97,154,251
WBGene00004192.,5163,3394,8557
WBGene00004193.,29,123,152
WBGene00004194.,28,290,318
WBGene00004195.,43,105,148
WBGene00004196.,0,0,0
WBGene00004197.,24,249,273
WBGene00004198.,35,254,289
WBGene00004199.,12,479,491
WBGene00004201.,55,9284,9339
WBGene00004202.,350,2614,2964
WBGene00004203.,359,4798,5157
WBGene00004204.,720,14095,14815
WBGene00004205.,29,782,811
WBGene00004206.,258,1319,1577
WBGene00004207.,386,2413,2799
WBGene00004208.,489,9139,9628
WBGene00004209.,0,1,1
WBGene00004210.,175,1633,1808
WBGene00004211.,7,28,35
WBGene00004212.,93,2395,2488
WBGene00004213.,725,3107,3832
WBGene00004214.,138,2921,3059
WBGene00004215.,1367,2841,4208
WBGene00004216.,71,464,535
WBGene00004217.,40,288,328
WBGene00004218.,21,108,129
WBGene00004219.,143,2095,2238
WBGene00004220.,104,889,993
WBGene00004221.,25,311,336
WBGene00004222.,56,1255,1311
WBGene00004223.,18,123,141
WBGene00004224.,190,916,1106
WBGene00004225.,100,380,480
WBGene00004226.,185,2598,2783
WBGene00004227.,89,385,474
WBGene00004228.,98,1039,1137
WBGene00004229.,22,294,316
WBGene00004230.,142,131,273
WBGene00004231.,41,61,102
WBGene00004232.,60,287,347
WBGene00004233.,28,25,53
WBGene00004234.,5,100,105
WBGene00004235.,72,803,875
WBGene00004236.,57,11,68
WBGene00004237.,60,809,869
WBGene00004238.,455,1323,1778
WBGene00004239.,1,80,81
WBGene00004240.,27,3,30
WBGene00004241.,3,122,125
WBGene00004242.,2,51,53
WBGene00004243.,3,24,27
WBGene00004244.,25,460,485
WBGene00004245.,371,6454,6825
WBGene00004246.,4,28,32
WBGene00004248.,38,3057,3095
WBGene00004249.,704,6440,7144
WBGene00004254.,353,2193,2546
WBGene00004255.,16,93,109
WBGene00004256.,148,1122,1270
WBGene00004257.,70,379,449
WBGene00004258.,712,7025,7737
WBGene00004259.,31,1811,1842
WBGene00004264.,30,1315,1345
WBGene00004265.,239,599,838
WBGene00004266.,188,19754,19942
WBGene00004267.,155,3976,4131
WBGene00004268.,228,8216,8444
WBGene00004269.,145,2472,2617
WBGene00004270.,106,6033,6139
WBGene00004271.,261,2134,2395
WBGene00004272.,69,5605,5674
WBGene00004273.,109,8382,8491
WBGene00004274.,166,25770,25936
WBGene00004275.,46,92,138
WBGene00004276.,158,3831,3989
WBGene00004277.,297,2621,2918
WBGene00004278.,414,6323,6737
WBGene00004279.,27,521,548
WBGene00004281.,74,548,622
WBGene00004282.,385,1534,1919
WBGene00004283.,91,575,666
WBGene00004284.,97,1856,1953
WBGene00004285.,72,428,500
WBGene00004286.,50,2416,2466
WBGene00004287.,0,2,2
WBGene00004296.,239,3310,3549
WBGene00004297.,116,1155,1271
WBGene00004298.,63,199,262
WBGene00004300.,2,10150,10152
WBGene00004301.,25,43,68
WBGene00004302.,1155,56008,57163
WBGene00004303.,99,2546,2645
WBGene00004304.,470,5484,5954
WBGene00004305.,96,11564,11660
WBGene00004306.,283,3072,3355
WBGene00004307.,166,5298,5464
WBGene00004308.,86,2622,2708
WBGene00004309.,12,67,79
WBGene00004310.,567,4979,5546
WBGene00004311.,599,3020,3619
WBGene00004312.,337,2189,2526
WBGene00004313.,195,3225,3420
WBGene00004314.,1059,1941,3000
WBGene00004315.,155,7245,7400
WBGene00004316.,894,1255,2149
WBGene00004317.,156,1200,1356
WBGene00004318.,327,2417,2744
WBGene00004319.,234,5177,5411
WBGene00004320.,384,8316,8700
WBGene00004321.,45,3475,3520
WBGene00004322.,164,1629,1793
WBGene00004323.,345,2457,2802
WBGene00004324.,99,809,908
WBGene00004326.,85,5140,5225
WBGene00004328.,25,182,207
WBGene00004332.,14,279,293
WBGene00004333.,53,405,458
WBGene00004334.,3,259,262
WBGene00004335.,205,1535,1740
WBGene00004336.,1564,23874,25438
WBGene00004337.,580,4264,4844
WBGene00004338.,184,1374,1558
WBGene00004339.,84,878,962
WBGene00004340.,271,2976,3247
WBGene00004341.,153,1022,1175
WBGene00004342.,27,63,90
WBGene00004343.,248,2542,2790
WBGene00004344.,45,790,835
WBGene00004345.,473,995,1468
WBGene00004346.,53,387,440
WBGene00004347.,1604,879,2483
WBGene00004348.,61,1384,1445
WBGene00004349.,384,1399,1783
WBGene00004350.,259,1502,1761
WBGene00004351.,0,0,0
WBGene00004352.,0,3,3
WBGene00004353.,0,9,9
WBGene00004354.,2,51,53
WBGene00004355.,89,2372,2461
WBGene00004356.,20,2260,2280
WBGene00004357.,2147,17990,20137
WBGene00004358.,264,3061,3325
WBGene00004359.,42,222,264
WBGene00004360.,121,818,939
WBGene00004361.,39,542,581
WBGene00004363.,114,5164,5278
WBGene00004364.,420,7237,7657
WBGene00004367.,366,1906,2272
WBGene00004368.,194,1147,1341
WBGene00004369.,113,1584,1697
WBGene00004370.,49,1239,1288
WBGene00004371.,195,2787,2982
WBGene00004372.,69,171,240
WBGene00004373.,597,5657,6254
WBGene00004374.,18,92,110
WBGene00004375.,234,1206,1440
WBGene00004377.,97,922,1019
WBGene00004378.,274,3348,3622
WBGene00004380.,24,350,374
WBGene00004381.,130,1635,1765
WBGene00004382.,617,5608,6225
WBGene00004383.,37,1268,1305
WBGene00004384.,634,1633,2267
WBGene00004385.,231,4036,4267
WBGene00004386.,195,3244,3439
WBGene00004387.,190,15841,16031
WBGene00004388.,347,5584,5931
WBGene00004389.,375,4908,5283
WBGene00004390.,1136,8780,9916
WBGene00004391.,141,7160,7301
WBGene00004392.,136,7031,7167
WBGene00004393.,675,1120,1795
WBGene00004394.,1,1,2
WBGene00004395.,63,804,867
WBGene00004397.,46,681,727
WBGene00004398.,217,4654,4871
WBGene00004400.,7,470,477
WBGene00004401.,174,815,989
WBGene00004402.,7,7,14
WBGene00004403.,446,1229,1675
WBGene00004404.,157,828,985
WBGene00004405.,30,2498,2528
WBGene00004408.,346,583054,583400
WBGene00004409.,19111,251384,270495
WBGene00004410.,53863,310543,364406
WBGene00004411.,191,3265,3456
WBGene00004412.,39872,452246,492118
WBGene00004413.,579,281710,282289
WBGene00004414.,11049,492956,504005
WBGene00004415.,417,243707,244124
WBGene00004416.,22234,520308,542542
WBGene00004417.,22767,455716,478483
WBGene00004418.,48131,503108,551239
WBGene00004419.,53968,570214,624182
WBGene00004420.,33357,432304,465661
WBGene00004421.,15894,583601,599495
WBGene00004422.,881,23097,23978
WBGene00004423.,36367,508693,545060
WBGene00004424.,62614,781170,843784
WBGene00004425.,20502,528338,548840
WBGene00004426.,31853,438313,470166
WBGene00004427.,2547,502228,504775
WBGene00004428.,27231,493859,521090
WBGene00004429.,102375,466412,568787
WBGene00004430.,36765,483721,520486
WBGene00004431.,25030,540065,565095
WBGene00004432.,1532,449741,451273
WBGene00004433.,14768,516463,531231
WBGene00004434.,22781,420375,443156
WBGene00004435.,19426,452742,472168
WBGene00004436.,38241,554060,592301
WBGene00004437.,1221,27159,28380
WBGene00004438.,8676,81845,90521
WBGene00004439.,15921,172389,188310
WBGene00004440.,7378,396071,403449
WBGene00004441.,59242,240701,299943
WBGene00004442.,22793,311769,334562
WBGene00004443.,210393,150183,360576
WBGene00004444.,24123,284974,309097
WBGene00004445.,13080,384769,397849
WBGene00004446.,61046,605432,666478
WBGene00004447.,47442,432370,479812
WBGene00004448.,16224,374151,390375
WBGene00004449.,32502,503444,535946
WBGene00004450.,18943,527123,546066
WBGene00004451.,0,185,185
WBGene00004452.,24904,532762,557666
WBGene00004453.,11664,415812,427476
WBGene00004454.,36191,415215,451406
WBGene00004455.,5,26,31
WBGene00004456.,0,430244,430244
WBGene00004457.,15,974,989
WBGene00004458.,183,6749,6932
WBGene00004459.,42,5596,5638
WBGene00004460.,73,11243,11316
WBGene00004461.,117,8080,8197
WBGene00004462.,318,5786,6104
WBGene00004463.,294,9926,10220
WBGene00004464.,777,10552,11329
WBGene00004465.,310,7346,7656
WBGene00004466.,80,5468,5548
WBGene00004467.,59,8335,8394
WBGene00004468.,394,6523,6917
WBGene00004469.,2981,399514,402495
WBGene00004470.,11575,541949,553524
WBGene00004471.,143,364131,364274
WBGene00004472.,25870,484279,510149
WBGene00004473.,26732,450391,477123
WBGene00004474.,40442,562963,603405
WBGene00004475.,8710,251428,260138
WBGene00004476.,45403,504768,550171
WBGene00004477.,47076,588618,635694
WBGene00004478.,31668,670163,701831
WBGene00004479.,25866,494566,520432
WBGene00004480.,57435,541690,599125
WBGene00004481.,6488,452192,458680
WBGene00004482.,28573,403060,431633
WBGene00004483.,39998,625495,665493
WBGene00004484.,31676,484018,515694
WBGene00004485.,4290,185615,189905
WBGene00004486.,20009,328085,348094
WBGene00004487.,39276,510881,550157
WBGene00004488.,33258,480563,513821
WBGene00004489.,27076,424696,451772
WBGene00004490.,98957,256790,355747
WBGene00004491.,3320,320171,323491
WBGene00004492.,36739,621096,657835
WBGene00004493.,26184,456053,482237
WBGene00004494.,62654,774548,837202
WBGene00004495.,18308,522938,541246
WBGene00004496.,41205,408336,449541
WBGene00004497.,14085,362480,376565
WBGene00004498.,201604,239236,440840
WBGene00004499.,40638,433850,474488
WBGene00004501.,96,4639,4735
WBGene00004502.,73,8836,8909
WBGene00004503.,8,5722,5730
WBGene00004504.,1056,10248,11304
WBGene00004505.,53,5939,5992
WBGene00004506.,87,9208,9295
WBGene00004507.,77,2386,2463
WBGene00004508.,122,1915,2037
WBGene00004509.,58,250,308
WBGene00004510.,35,950,985
WBGene00004512.,0,77704,77704
WBGene00004513.,0,0,0
WBGene00004567.,0,906619,906619
WBGene00004622.,0,12558249,12558249
WBGene00004677.,0,179720,179720
WBGene00004679.,563,6564,7127
WBGene00004680.,139,754,893
WBGene00004681.,995,2351,3346
WBGene00004682.,117,1974,2091
WBGene00004684.,108,2316,2424
WBGene00004698.,30,15298,15328
WBGene00004699.,170,8243,8413
WBGene00004700.,774,23773,24547
WBGene00004701.,9,7723,7732
WBGene00004702.,36,9377,9413
WBGene00004703.,416,24072,24488
WBGene00004704.,190,9099,9289
WBGene00004705.,522,8349,8871
WBGene00004706.,211,3772,3983
WBGene00004708.,0,0,0
WBGene00004716.,0,5,5
WBGene00004717.,0,0,0
WBGene00004719.,252,1183,1435
WBGene00004721.,64,808,872
WBGene00004723.,106,2879,2985
WBGene00004726.,40,1133,1173
WBGene00004727.,156,1394,1550
WBGene00004728.,481,2851,3332
WBGene00004729.,328,2609,2937
WBGene00004732.,1019,7215,8234
WBGene00004735.,200,536,736
WBGene00004736.,3773,109495,113268
WBGene00004737.,2,1279,1281
WBGene00004738.,65,3985,4050
WBGene00004739.,1780,9519,11299
WBGene00004740.,127,668,795
WBGene00004742.,20,91,111
WBGene00004743.,681,2897,3578
WBGene00004744.,97,1546,1643
WBGene00004745.,63,741,804
WBGene00004746.,52,2244,2296
WBGene00004747.,70,862,932
WBGene00004748.,37,463,500
WBGene00004749.,174,6992,7166
WBGene00004750.,0,1,1
WBGene00004751.,1503,4203,5706
WBGene00004752.,106,1652,1758
WBGene00004753.,212,1300,1512
WBGene00004754.,1130,4851,5981
WBGene00004755.,119,6418,6537
WBGene00004756.,57,2582,2639
WBGene00004758.,129,2315,2444
WBGene00004759.,150,3206,3356
WBGene00004760.,799,4525,5324
WBGene00004762.,316,1931,2247
WBGene00004764.,49,362,411
WBGene00004765.,455,586,1041
WBGene00004766.,402,13777,14179
WBGene00004767.,90,2484,2574
WBGene00004768.,17,1924,1941
WBGene00004769.,37,838,875
WBGene00004771.,95,853,948
WBGene00004773.,881,4708,5589
WBGene00004774.,72,3351,3423
WBGene00004775.,17,507,524
WBGene00004776.,158,222,380
WBGene00004777.,224,773,997
WBGene00004778.,53,713,766
WBGene00004779.,422,1985,2407
WBGene00004780.,69,203,272
WBGene00004781.,43,2522,2565
WBGene00004782.,162,2368,2530
WBGene00004783.,1674,6159,7833
WBGene00004786.,49,323,372
WBGene00004787.,218,947,1165
WBGene00004788.,113,9501,9614
WBGene00004789.,15,105,120
WBGene00004790.,661,6162,6823
WBGene00004793.,141,237,378
WBGene00004795.,45,420,465
WBGene00004796.,6,57,63
WBGene00004798.,124,2740,2864
WBGene00004800.,123,2903,3026
WBGene00004801.,182,2962,3144
WBGene00004802.,39,66,105
WBGene00004803.,65,366,431
WBGene00004804.,764,4890,5654
WBGene00004806.,351,2883,3234
WBGene00004807.,101,23529,23630
WBGene00004808.,20,2249,2269
WBGene00004809.,456,3953,4409
WBGene00004810.,2,35,37
WBGene00004811.,0,1,1
WBGene00004812.,0,0,0
WBGene00004813.,0,3,3
WBGene00004814.,0,3,3
WBGene00004815.,0,0,0
WBGene00004816.,0,973,973
WBGene00004817.,0,7,7
WBGene00004818.,0,2,2
WBGene00004819.,0,5,5
WBGene00004820.,0,1,1
WBGene00004821.,0,2,2
WBGene00004822.,0,1463,1463
WBGene00004823.,0,690,690
WBGene00004824.,176,1294,1470
WBGene00004825.,0,1062,1062
WBGene00004826.,0,1166,1166
WBGene00004827.,0,411,411
WBGene00004829.,463,2509,2972
WBGene00004830.,362,3830,4192
WBGene00004831.,490,1439,1929
WBGene00004833.,0,766,766
WBGene00004834.,0,32,32
WBGene00004835.,0,30,30
WBGene00004836.,0,2194,2194
WBGene00004837.,0,0,0
WBGene00004838.,0,0,0
WBGene00004839.,0,56,56
WBGene00004840.,0,87,87
WBGene00004841.,0,77,77
WBGene00004842.,0,18,18
WBGene00004843.,0,0,0
WBGene00004844.,0,16,16
WBGene00004845.,0,47,47
WBGene00004846.,0,12,12
WBGene00004847.,0,0,0
WBGene00004848.,0,9,9
WBGene00004849.,0,149,149
WBGene00004850.,0,0,0
WBGene00004851.,0,6,6
WBGene00004854.,343,3107,3450
WBGene00004855.,570,9476,10046
WBGene00004856.,425,912,1337
WBGene00004857.,149,1070,1219
WBGene00004858.,108,485,593
WBGene00004859.,93,538,631
WBGene00004860.,97,910,1007
WBGene00004862.,1001,5048,6049
WBGene00004873.,786,5536,6322
WBGene00004874.,170,4809,4979
WBGene00004875.,5,180,185
WBGene00004876.,18,227,245
WBGene00004877.,1,4,5
WBGene00004878.,6,7,13
WBGene00004879.,388,2852,3240
WBGene00004880.,185,3376,3561
WBGene00004881.,302,2004,2306
WBGene00004882.,86,2372,2458
WBGene00004883.,8,646,654
WBGene00004884.,421,3574,3995
WBGene00004885.,20,669,689
WBGene00004886.,97,913,1010
WBGene00004887.,170,4398,4568
WBGene00004888.,1751,39506,41257
WBGene00004889.,306,2789,3095
WBGene00004890.,87,852,939
WBGene00004891.,131,5094,5225
WBGene00004892.,844,4037,4881
WBGene00004893.,119,1439,1558
WBGene00004894.,1020,1157,2177
WBGene00004895.,3213,2596,5809
WBGene00004896.,1268,5357,6625
WBGene00004897.,33,15684,15717
WBGene00004898.,13,253,266
WBGene00004899.,8,1,9
WBGene00004900.,93,2327,2420
WBGene00004901.,1,0,1
WBGene00004902.,180,3769,3949
WBGene00004903.,1,5,6
WBGene00004904.,15,3,18
WBGene00004905.,275,610,885
WBGene00004906.,19,8,27
WBGene00004907.,93,293,386
WBGene00004908.,1,2,3
WBGene00004909.,5,11,16
WBGene00004910.,105,5014,5119
WBGene00004911.,8,242,250
WBGene00004912.,64,1276,1340
WBGene00004913.,165,962,1127
WBGene00004914.,358,20336,20694
WBGene00004915.,26,21536,21562
WBGene00004916.,366,18659,19025
WBGene00004917.,254,18087,18341
WBGene00004918.,1989,18606,20595
WBGene00004919.,383,15227,15610
WBGene00004920.,1769,23893,25662
WBGene00004921.,348,3950,4298
WBGene00004922.,276,761,1037
WBGene00004923.,666,1589,2255
WBGene00004924.,282,4854,5136
WBGene00004925.,272,483,755
WBGene00004926.,24,682,706
WBGene00004927.,125,2419,2544
WBGene00004928.,81,394,475
WBGene00004929.,1169,4203,5372
WBGene00004930.,631,17767,18398
WBGene00004931.,723,9712,10435
WBGene00004932.,1,2,3
WBGene00004933.,145,686,831
WBGene00004944.,162,561,723
WBGene00004945.,99,1869,1968
WBGene00004946.,366,2595,2961
WBGene00004947.,2477,5020,7497
WBGene00004949.,248,1001,1249
WBGene00004950.,2,446,448
WBGene00004951.,266,16024,16290
WBGene00004952.,6,1279,1285
WBGene00004953.,56,1514,1570
WBGene00004954.,44,348,392
WBGene00004955.,389,4589,4978
WBGene00004958.,13,98,111
WBGene00004959.,12,203,215
WBGene00004960.,13,85,98
WBGene00004962.,3,2,5
WBGene00004963.,16,20,36
WBGene00004964.,2,14,16
WBGene00004965.,0,0,0
WBGene00004966.,3,1,4
WBGene00004969.,119,327,446
WBGene00004971.,1,15,16
WBGene00004972.,5,39,44
WBGene00004973.,1,0,1
WBGene00004974.,35,195,230
WBGene00004975.,16,780,796
WBGene00004976.,5,17,22
WBGene00004978.,919,9655,10574
WBGene00004979.,181,1289,1470
WBGene00004980.,473,16139,16612
WBGene00004981.,77,1352,1429
WBGene00004984.,8,316,324
WBGene00004985.,21,235,256
WBGene00004986.,23,308,331
WBGene00004987.,15,205,220
WBGene00004988.,38,635,673
WBGene00004989.,5,34,39
WBGene00004990.,172,2550,2722
WBGene00004991.,0,1,1
WBGene00004992.,5,42,47
WBGene00004993.,21,121,142
WBGene00004994.,0,12,12
WBGene00004995.,3806,25238,29044
WBGene00004996.,1,1,2
WBGene00004997.,1,24,25
WBGene00004998.,34,242,276
WBGene00004999.,281,2781,3062
WBGene00005000.,1478,26798,28276
WBGene00005001.,19,172,191
WBGene00005002.,73,1848,1921
WBGene00005003.,18,222,240
WBGene00005004.,146,1852,1998
WBGene00005005.,0,1,1
WBGene00005006.,129,1161,1290
WBGene00005007.,89,4884,4973
WBGene00005008.,10,295,305
WBGene00005009.,61,3090,3151
WBGene00005010.,536,1706,2242
WBGene00005011.,90,726,816
WBGene00005012.,14,0,14
WBGene00005013.,0,15,15
WBGene00005014.,49,1899,1948
WBGene00005015.,260,4438,4698
WBGene00005016.,3,5145,5148
WBGene00005017.,133,2083,2216
WBGene00005018.,93,4594,4687
WBGene00005019.,84,1507,1591
WBGene00005020.,286,456,742
WBGene00005021.,29,506,535
WBGene00005022.,35,3404,3439
WBGene00005023.,145,2305,2450
WBGene00005024.,294,962,1256
WBGene00005025.,57,742,799
WBGene00005026.,218,1613,1831
WBGene00005027.,2,3,5
WBGene00005028.,0,2,2
WBGene00005029.,2,10,12
WBGene00005030.,1,13,14
WBGene00005031.,4,7,11
WBGene00005032.,1,11,12
WBGene00005033.,1,13,14
WBGene00005034.,0,0,0
WBGene00005035.,0,2,2
WBGene00005036.,9,79,88
WBGene00005037.,3,21,24
WBGene00005038.,2,8,10
WBGene00005039.,3,11,14
WBGene00005040.,8,10,18
WBGene00005041.,1,10,11
WBGene00005042.,2,2,4
WBGene00005043.,2,4,6
WBGene00005044.,0,0,0
WBGene00005045.,0,0,0
WBGene00005046.,0,3,3
WBGene00005047.,4,13,17
WBGene00005048.,1,5,6
WBGene00005049.,0,1,1
WBGene00005050.,0,2,2
WBGene00005051.,4,9,13
WBGene00005052.,2,3,5
WBGene00005053.,0,4,4
WBGene00005054.,0,2,2
WBGene00005055.,0,0,0
WBGene00005056.,11,2,13
WBGene00005057.,4,6,10
WBGene00005058.,2,10,12
WBGene00005059.,6,7,13
WBGene00005060.,1,0,1
WBGene00005061.,14,0,14
WBGene00005062.,0,7,7
WBGene00005063.,3,71,74
WBGene00005064.,0,8,8
WBGene00005065.,4,5,9
WBGene00005066.,1,2,3
WBGene00005067.,1,16,17
WBGene00005068.,0,7,7
WBGene00005069.,0,2,2
WBGene00005070.,1,12,13
WBGene00005071.,0,2,2
WBGene00005072.,7,2,9
WBGene00005073.,0,2,2
WBGene00005074.,0,4,4
WBGene00005075.,2,5,7
WBGene00005076.,3,4,7
WBGene00005077.,251,1773,2024
WBGene00005078.,59,699,758
WBGene00005079.,3,3,6
WBGene00005080.,0,2,2
WBGene00005081.,5,8,13
WBGene00005082.,0,4,4
WBGene00005083.,2,4,6
WBGene00005084.,12,14,26
WBGene00005085.,0,5,5
WBGene00005086.,2,10,12
WBGene00005087.,0,2,2
WBGene00005088.,5,3,8
WBGene00005089.,4,12,16
WBGene00005090.,4,8,12
WBGene00005091.,0,2,2
WBGene00005092.,15,46,61
WBGene00005093.,2,20,22
WBGene00005094.,5,9,14
WBGene00005095.,0,7,7
WBGene00005096.,0,9,9
WBGene00005097.,0,4,4
WBGene00005098.,0,10,10
WBGene00005099.,0,0,0
WBGene00005100.,1,1,2
WBGene00005101.,8,108,116
WBGene00005102.,0,0,0
WBGene00005103.,0,1,1
WBGene00005104.,0,1,1
WBGene00005105.,0,4,4
WBGene00005106.,0,1,1
WBGene00005107.,0,29,29
WBGene00005108.,0,72,72
WBGene00005109.,0,3,3
WBGene00005110.,95,160,255
WBGene00005111.,9,136,145
WBGene00005112.,1,2,3
WBGene00005113.,47,126,173
WBGene00005114.,0,2,2
WBGene00005115.,0,0,0
WBGene00005116.,15,2,17
WBGene00005117.,0,4,4
WBGene00005118.,0,5,5
WBGene00005119.,1,5,6
WBGene00005120.,4,18,22
WBGene00005121.,0,5,5
WBGene00005122.,2,4,6
WBGene00005123.,1,3,4
WBGene00005124.,1,2,3
WBGene00005125.,1,1,2
WBGene00005126.,3,4,7
WBGene00005127.,14,129,143
WBGene00005128.,25,14,39
WBGene00005129.,49,137,186
WBGene00005130.,5,4,9
WBGene00005131.,32,145,177
WBGene00005132.,11,17,28
WBGene00005133.,26,13,39
WBGene00005134.,0,1,1
WBGene00005135.,1,3,4
WBGene00005136.,0,0,0
WBGene00005137.,0,0,0
WBGene00005138.,0,0,0
WBGene00005139.,0,0,0
WBGene00005140.,0,2,2
WBGene00005141.,2,1,3
WBGene00005142.,3,7,10
WBGene00005143.,14,9,23
WBGene00005144.,2,12,14
WBGene00005145.,1,3,4
WBGene00005146.,11,7,18
WBGene00005147.,19,162,181
WBGene00005148.,0,0,0
WBGene00005149.,15,58,73
WBGene00005150.,70,159,229
WBGene00005153.,216,730,946
WBGene00005159.,2,6,8
WBGene00005160.,2,4,6
WBGene00005161.,2,3,5
WBGene00005162.,14,45,59
WBGene00005163.,3,25,28
WBGene00005164.,2,3,5
WBGene00005165.,7,11,18
WBGene00005166.,2,0,2
WBGene00005167.,1,5,6
WBGene00005168.,2,14,16
WBGene00005169.,10,21,31
WBGene00005170.,5,11,16
WBGene00005171.,4,19,23
WBGene00005172.,3,19,22
WBGene00005173.,1,1,2
WBGene00005174.,59,172,231
WBGene00005175.,5,9,14
WBGene00005176.,4,3,7
WBGene00005177.,2,8,10
WBGene00005178.,7,5,12
WBGene00005179.,2,2,4
WBGene00005180.,1,7,8
WBGene00005181.,5,2,7
WBGene00005182.,5,55,60
WBGene00005183.,6,27,33
WBGene00005184.,0,3,3
WBGene00005185.,5,13,18
WBGene00005186.,4,14,18
WBGene00005187.,1,24,25
WBGene00005188.,0,1,1
WBGene00005189.,1,5,6
WBGene00005190.,4,4,8
WBGene00005191.,12,27,39
WBGene00005192.,0,4,4
WBGene00005193.,32,2,34
WBGene00005194.,1,4,5
WBGene00005195.,3,12,15
WBGene00005196.,0,2,2
WBGene00005197.,0,67,67
WBGene00005198.,2,21,23
WBGene00005199.,0,3,3
WBGene00005200.,2,1,3
WBGene00005201.,0,0,0
WBGene00005202.,13,13,26
WBGene00005203.,2,8,10
WBGene00005204.,2,4,6
WBGene00005205.,1,6,7
WBGene00005206.,0,21,21
WBGene00005207.,1,15,16
WBGene00005208.,28,57,85
WBGene00005210.,0,11,11
WBGene00005211.,6,2,8
WBGene00005212.,4,9,13
WBGene00005213.,1,10,11
WBGene00005214.,2,3,5
WBGene00005215.,2,0,2
WBGene00005216.,0,0,0
WBGene00005217.,0,0,0
WBGene00005218.,1,3,4
WBGene00005219.,1,13,14
WBGene00005220.,0,0,0
WBGene00005221.,4,0,4
WBGene00005222.,2,4,6
WBGene00005223.,1,3,4
WBGene00005224.,0,2,2
WBGene00005225.,0,0,0
WBGene00005226.,14,49,63
WBGene00005227.,1,2,3
WBGene00005228.,1216,175,1391
WBGene00005229.,0,3,3
WBGene00005230.,0,1,1
WBGene00005231.,0,1,1
WBGene00005232.,0,0,0
WBGene00005233.,3,4,7
WBGene00005234.,0,1,1
WBGene00005235.,0,4,4
WBGene00005236.,0,21,21
WBGene00005237.,1,4,5
WBGene00005238.,0,2,2
WBGene00005239.,2,5,7
WBGene00005240.,1,10,11
WBGene00005241.,5,24,29
WBGene00005242.,5,12,17
WBGene00005243.,2,18,20
WBGene00005244.,6,1,7
WBGene00005245.,0,9,9
WBGene00005246.,1,11,12
WBGene00005247.,1,3,4
WBGene00005248.,1,0,1
WBGene00005249.,2,1,3
WBGene00005250.,0,4,4
WBGene00005251.,27,49,76
WBGene00005252.,7,11,18
WBGene00005253.,18,120,138
WBGene00005254.,1,4,5
WBGene00005255.,1,1,2
WBGene00005256.,1,3,4
WBGene00005257.,2,16,18
WBGene00005258.,1,23,24
WBGene00005259.,0,2,2
WBGene00005260.,0,7,7
WBGene00005261.,9,1,10
WBGene00005262.,7,13,20
WBGene00005263.,2,8,10
WBGene00005264.,0,8,8
WBGene00005265.,0,2,2
WBGene00005266.,0,10,10
WBGene00005267.,6,10,16
WBGene00005268.,2,11,13
WBGene00005269.,5,37,42
WBGene00005270.,1,7,8
WBGene00005271.,18,7,25
WBGene00005272.,5,11,16
WBGene00005273.,0,6,6
WBGene00005274.,0,0,0
WBGene00005275.,1,1,2
WBGene00005276.,0,0,0
WBGene00005277.,0,3,3
WBGene00005278.,0,0,0
WBGene00005279.,4,23,27
WBGene00005280.,0,0,0
WBGene00005281.,1,1,2
WBGene00005282.,0,1,1
WBGene00005283.,2,28,30
WBGene00005284.,4,2,6
WBGene00005285.,1,1,2
WBGene00005286.,0,0,0
WBGene00005287.,0,0,0
WBGene00005288.,0,5,5
WBGene00005289.,1,33,34
WBGene00005290.,0,19,19
WBGene00005291.,0,4,4
WBGene00005292.,3,51,54
WBGene00005293.,0,7,7
WBGene00005294.,0,1,1
WBGene00005295.,2,8,10
WBGene00005296.,5,17,22
WBGene00005297.,1,8,9
WBGene00005298.,6,5,11
WBGene00005299.,29,73,102
WBGene00005300.,0,6,6
WBGene00005301.,0,4,4
WBGene00005302.,4,0,4
WBGene00005303.,3,5,8
WBGene00005304.,1,1,2
WBGene00005305.,0,5,5
WBGene00005306.,0,1,1
WBGene00005307.,6,3,9
WBGene00005308.,0,1,1
WBGene00005309.,0,3,3
WBGene00005310.,1,3,4
WBGene00005311.,12,13,25
WBGene00005312.,5,3,8
WBGene00005313.,1,1,2
WBGene00005314.,0,2,2
WBGene00005315.,0,2,2
WBGene00005316.,6,0,6
WBGene00005317.,1,6,7
WBGene00005318.,4,4,8
WBGene00005319.,0,4,4
WBGene00005320.,5,4,9
WBGene00005321.,3,3,6
WBGene00005322.,0,3,3
WBGene00005323.,0,3,3
WBGene00005324.,110,27,137
WBGene00005325.,0,4,4
WBGene00005326.,0,3,3
WBGene00005327.,0,1,1
WBGene00005328.,0,0,0
WBGene00005329.,0,0,0
WBGene00005330.,0,1,1
WBGene00005331.,0,0,0
WBGene00005332.,0,5,5
WBGene00005333.,1,3,4
WBGene00005334.,0,3,3
WBGene00005335.,0,3,3
WBGene00005336.,0,2,2
WBGene00005337.,2,1,3
WBGene00005338.,0,4,4
WBGene00005339.,2,6,8
WBGene00005340.,0,0,0
WBGene00005341.,1,6,7
WBGene00005342.,0,20,20
WBGene00005343.,28,60,88
WBGene00005344.,20,29,49
WBGene00005345.,4,10,14
WBGene00005346.,0,17,17
WBGene00005347.,1,17,18
WBGene00005348.,0,0,0
WBGene00005349.,0,0,0
WBGene00005350.,0,7,7
WBGene00005351.,4,4,8
WBGene00005352.,0,1,1
WBGene00005353.,5,42,47
WBGene00005354.,0,5,5
WBGene00005355.,0,0,0
WBGene00005356.,0,1,1
WBGene00005357.,0,1,1
WBGene00005358.,0,0,0
WBGene00005359.,0,7,7
WBGene00005360.,0,1,1
WBGene00005361.,0,0,0
WBGene00005362.,0,7,7
WBGene00005363.,3,9,12
WBGene00005364.,3,4,7
WBGene00005365.,0,0,0
WBGene00005366.,0,7,7
WBGene00005367.,0,0,0
WBGene00005368.,0,0,0
WBGene00005369.,0,2,2
WBGene00005370.,0,1,1
WBGene00005371.,2,1,3
WBGene00005372.,0,0,0
WBGene00005373.,0,1,1
WBGene00005374.,0,1,1
WBGene00005375.,0,4,4
WBGene00005376.,0,1,1
WBGene00005377.,0,0,0
WBGene00005378.,0,4,4
WBGene00005379.,0,1,1
WBGene00005380.,4,5,9
WBGene00005381.,2,10,12
WBGene00005382.,0,0,0
WBGene00005383.,1,11,12
WBGene00005384.,0,1,1
WBGene00005385.,3,8,11
WBGene00005386.,4,7,11
WBGene00005387.,15,18,33
WBGene00005388.,2,3,5
WBGene00005389.,0,3,3
WBGene00005390.,0,2,2
WBGene00005391.,1,0,1
WBGene00005392.,0,0,0
WBGene00005393.,3,3,6
WBGene00005394.,0,3,3
WBGene00005395.,1,4,5
WBGene00005396.,3,2,5
WBGene00005397.,0,4,4
WBGene00005398.,6,1,7
WBGene00005399.,2,5,7
WBGene00005400.,0,6,6
WBGene00005401.,0,6,6
WBGene00005402.,0,7,7
WBGene00005403.,9,145,154
WBGene00005404.,0,1,1
WBGene00005405.,22,13,35
WBGene00005406.,1,4,5
WBGene00005407.,2,1,3
WBGene00005408.,0,6,6
WBGene00005409.,0,3,3
WBGene00005410.,4,7,11
WBGene00005411.,1,17,18
WBGene00005412.,0,1,1
WBGene00005413.,1,5,6
WBGene00005414.,1,0,1
WBGene00005415.,0,3,3
WBGene00005416.,1,0,1
WBGene00005417.,0,12,12
WBGene00005418.,1,0,1
WBGene00005419.,1,9,10
WBGene00005420.,3,31,34
WBGene00005421.,3,3,6
WBGene00005422.,0,29,29
WBGene00005423.,0,4,4
WBGene00005424.,3,4,7
WBGene00005425.,1,6,7
WBGene00005426.,4,4,8
WBGene00005427.,0,18,18
WBGene00005428.,2,2,4
WBGene00005429.,1,7,8
WBGene00005430.,1,1,2
WBGene00005431.,1,3,4
WBGene00005432.,0,4,4
WBGene00005433.,0,0,0
WBGene00005434.,3,6,9
WBGene00005435.,0,0,0
WBGene00005436.,0,1,1
WBGene00005437.,1,3,4
WBGene00005438.,6,27,33
WBGene00005439.,0,2,2
WBGene00005440.,2,2,4
WBGene00005441.,1,8,9
WBGene00005442.,0,0,0
WBGene00005443.,0,2,2
WBGene00005444.,0,4,4
WBGene00005445.,10,3,13
WBGene00005446.,0,0,0
WBGene00005447.,1,7,8
WBGene00005448.,1,2,3
WBGene00005449.,0,0,0
WBGene00005450.,0,5,5
WBGene00005451.,0,1,1
WBGene00005452.,0,4,4
WBGene00005453.,0,0,0
WBGene00005454.,1,0,1
WBGene00005455.,0,0,0
WBGene00005456.,0,0,0
WBGene00005457.,0,0,0
WBGene00005458.,0,1,1
WBGene00005459.,0,0,0
WBGene00005460.,0,1,1
WBGene00005461.,0,3,3
WBGene00005462.,0,1,1
WBGene00005463.,20,0,20
WBGene00005464.,0,1,1
WBGene00005465.,0,1,1
WBGene00005466.,0,0,0
WBGene00005467.,0,0,0
WBGene00005468.,4,0,4
WBGene00005469.,2,1,3
WBGene00005470.,1,4,5
WBGene00005471.,0,0,0
WBGene00005472.,0,14,14
WBGene00005473.,3,3,6
WBGene00005474.,3,2,5
WBGene00005475.,16,6,22
WBGene00005476.,0,2,2
WBGene00005477.,2,25,27
WBGene00005478.,0,2,2
WBGene00005479.,0,0,0
WBGene00005480.,0,1,1
WBGene00005481.,4,24,28
WBGene00005482.,1,21,22
WBGene00005483.,1,0,1
WBGene00005484.,0,7,7
WBGene00005485.,5,6,11
WBGene00005486.,1,4,5
WBGene00005487.,0,3,3
WBGene00005488.,0,2,2
WBGene00005489.,6,2,8
WBGene00005490.,3,1,4
WBGene00005491.,0,2,2
WBGene00005492.,0,1,1
WBGene00005493.,2,2,4
WBGene00005494.,5,3,8
WBGene00005495.,1,0,1
WBGene00005496.,0,1,1
WBGene00005497.,1,0,1
WBGene00005498.,0,2,2
WBGene00005499.,0,0,0
WBGene00005500.,1,8,9
WBGene00005501.,0,0,0
WBGene00005502.,1,0,1
WBGene00005503.,1,2,3
WBGene00005504.,1,1,2
WBGene00005505.,4,0,4
WBGene00005506.,3,3,6
WBGene00005507.,0,1,1
WBGene00005508.,0,1,1
WBGene00005509.,0,0,0
WBGene00005510.,0,0,0
WBGene00005511.,2,9,11
WBGene00005512.,0,1,1
WBGene00005513.,0,8,8
WBGene00005514.,1,26,27
WBGene00005515.,0,3,3
WBGene00005516.,3,7,10
WBGene00005517.,6,33,39
WBGene00005518.,15,35,50
WBGene00005519.,0,3,3
WBGene00005520.,0,2,2
WBGene00005521.,1,0,1
WBGene00005522.,3,5,8
WBGene00005523.,19,2203,2222
WBGene00005524.,1,2,3
WBGene00005525.,0,0,0
WBGene00005526.,0,2,2
WBGene00005527.,10,5,15
WBGene00005528.,3,33,36
WBGene00005529.,24,24,48
WBGene00005530.,43,34,77
WBGene00005531.,87,144,231
WBGene00005532.,4,21,25
WBGene00005533.,1,2,3
WBGene00005534.,0,18,18
WBGene00005535.,1,5,6
WBGene00005536.,1,0,1
WBGene00005537.,2,4,6
WBGene00005538.,2,4,6
WBGene00005539.,3,1,4
WBGene00005540.,0,10,10
WBGene00005541.,0,1,1
WBGene00005542.,3,1,4
WBGene00005543.,0,2,2
WBGene00005544.,1,3,4
WBGene00005545.,2,0,2
WBGene00005546.,1,0,1
WBGene00005547.,0,7,7
WBGene00005548.,0,0,0
WBGene00005549.,1,2,3
WBGene00005550.,0,4,4
WBGene00005551.,0,2,2
WBGene00005552.,37,89,126
WBGene00005553.,2,0,2
WBGene00005554.,3,0,3
WBGene00005555.,1,1,2
WBGene00005556.,3,3,6
WBGene00005557.,4,9,13
WBGene00005558.,0,9,9
WBGene00005559.,12,85,97
WBGene00005560.,54,217,271
WBGene00005561.,2,2,4
WBGene00005562.,0,1,1
WBGene00005563.,2,11,13
WBGene00005564.,0,1,1
WBGene00005565.,0,0,0
WBGene00005566.,1,4,5
WBGene00005567.,0,0,0
WBGene00005568.,12,12,24
WBGene00005569.,2,5,7
WBGene00005570.,1,6,7
WBGene00005571.,0,0,0
WBGene00005572.,2,3,5
WBGene00005573.,0,3,3
WBGene00005574.,3,10,13
WBGene00005575.,2,33,35
WBGene00005576.,0,0,0
WBGene00005577.,0,2,2
WBGene00005578.,1,1,2
WBGene00005579.,13,1,14
WBGene00005580.,1,3,4
WBGene00005581.,0,8,8
WBGene00005582.,0,0,0
WBGene00005583.,1,0,1
WBGene00005584.,3,5,8
WBGene00005585.,0,5,5
WBGene00005586.,0,3,3
WBGene00005587.,0,2,2
WBGene00005588.,0,6,6
WBGene00005589.,3,6,9
WBGene00005590.,1,1,2
WBGene00005591.,36,24,60
WBGene00005592.,1,15,16
WBGene00005593.,1,1,2
WBGene00005594.,0,3,3
WBGene00005595.,5,1,6
WBGene00005596.,0,1,1
WBGene00005597.,0,0,0
WBGene00005598.,0,1,1
WBGene00005599.,0,1,1
WBGene00005600.,4,4,8
WBGene00005601.,0,0,0
WBGene00005602.,39,662,701
WBGene00005603.,9,40,49
WBGene00005604.,4,1,5
WBGene00005605.,1,3,4
WBGene00005606.,5,13,18
WBGene00005607.,5,6,11
WBGene00005608.,2,4,6
WBGene00005609.,2,18,20
WBGene00005610.,0,4,4
WBGene00005611.,22,84,106
WBGene00005612.,33,16,49
WBGene00005613.,42,7,49
WBGene00005614.,1,3,4
WBGene00005615.,1,0,1
WBGene00005616.,0,3,3
WBGene00005617.,0,1,1
WBGene00005618.,3,3,6
WBGene00005619.,0,9,9
WBGene00005620.,46,17,63
WBGene00005621.,2,1,3
WBGene00005622.,8,6,14
WBGene00005623.,0,0,0
WBGene00005624.,2,2,4
WBGene00005625.,0,1,1
WBGene00005626.,0,0,0
WBGene00005627.,1,0,1
WBGene00005628.,0,1,1
WBGene00005629.,1,0,1
WBGene00005630.,3,2,5
WBGene00005631.,1,0,1
WBGene00005632.,1,0,1
WBGene00005633.,0,1,1
WBGene00005634.,1,0,1
WBGene00005635.,0,0,0
WBGene00005638.,2,39,41
WBGene00005639.,1,1,2
WBGene00005640.,1,4,5
WBGene00005641.,30,90,120
WBGene00005642.,13,130,143
WBGene00005643.,4,66,70
WBGene00005644.,696,2954,3650
WBGene00005646.,3,14,17
WBGene00005647.,50,806,856
WBGene00005648.,484,3510,3994
WBGene00005649.,36,17,53
WBGene00005650.,0,2,2
WBGene00005651.,0,0,0
WBGene00005652.,77,783,860
WBGene00005653.,2,18,20
WBGene00005654.,13,312,325
WBGene00005655.,116,1659,1775
WBGene00005656.,16,115,131
WBGene00005657.,8,155,163
WBGene00005658.,1,0,1
WBGene00005659.,1,5,6
WBGene00005660.,2,36,38
WBGene00005661.,6,88,94
WBGene00005662.,225,2652,2877
WBGene00005663.,2408,15453,17861
WBGene00005664.,0,10,10
WBGene00005665.,0,15,15
WBGene00005666.,0,11,11
WBGene00005667.,2,2,4
WBGene00005668.,2,11,13
WBGene00005669.,0,7,7
WBGene00005670.,3,8,11
WBGene00005671.,4,19,23
WBGene00005672.,0,0,0
WBGene00005673.,2,1,3
WBGene00005674.,1,3,4
WBGene00005675.,2,14,16
WBGene00005676.,2,13,15
WBGene00005677.,2,21,23
WBGene00005678.,1,4,5
WBGene00005679.,7,5,12
WBGene00005680.,0,0,0
WBGene00005681.,0,2,2
WBGene00005682.,3,5,8
WBGene00005683.,1,10,11
WBGene00005684.,13,1,14
WBGene00005685.,2,8,10
WBGene00005686.,1,17,18
WBGene00005687.,5,9,14
WBGene00005688.,0,3,3
WBGene00005689.,3,13,16
WBGene00005690.,2,11,13
WBGene00005691.,2,15,17
WBGene00005692.,0,13,13
WBGene00005693.,0,3,3
WBGene00005694.,1,2,3
WBGene00005695.,1,3,4
WBGene00005696.,0,6,6
WBGene00005697.,0,4,4
WBGene00005698.,4,3,7
WBGene00005699.,2,7,9
WBGene00005700.,0,12,12
WBGene00005701.,0,6,6
WBGene00005702.,1,48,49
WBGene00005703.,1,7,8
WBGene00005704.,12,6,18
WBGene00005705.,3,4,7
WBGene00005706.,0,7,7
WBGene00005707.,1,0,1
WBGene00005708.,1,3,4
WBGene00005709.,5,4,9
WBGene00005710.,42,88,130
WBGene00005711.,0,28,28
WBGene00005712.,23,84,107
WBGene00005713.,1,20,21
WBGene00005714.,0,0,0
WBGene00005715.,25,8,33
WBGene00005716.,7,25,32
WBGene00005717.,8,69,77
WBGene00005718.,12,83,95
WBGene00005719.,27,70,97
WBGene00005720.,6,3,9
WBGene00005721.,13,35,48
WBGene00005722.,6,1,7
WBGene00005723.,11,2,13
WBGene00005724.,38,25,63
WBGene00005725.,2,26,28
WBGene00005726.,10,17,27
WBGene00005727.,8,16,24
WBGene00005728.,0,0,0
WBGene00005729.,0,0,0
WBGene00005730.,1,0,1
WBGene00005731.,1,1,2
WBGene00005732.,0,0,0
WBGene00005733.,0,1,1
WBGene00005734.,0,0,0
WBGene00005735.,8,20,28
WBGene00005736.,1,8,9
WBGene00005737.,4,8,12
WBGene00005738.,3,42,45
WBGene00005739.,27,26,53
WBGene00005740.,1,0,1
WBGene00005741.,1,0,1
WBGene00005742.,1,1,2
WBGene00005743.,5,7,12
WBGene00005744.,1,1,2
WBGene00005745.,3,6,9
WBGene00005746.,0,3,3
WBGene00005747.,22,3,25
WBGene00005748.,14,27,41
WBGene00005749.,0,0,0
WBGene00005750.,4,0,4
WBGene00005751.,1,7,8
WBGene00005752.,15,92,107
WBGene00005753.,4,7,11
WBGene00005754.,3,15,18
WBGene00005755.,3,13,16
WBGene00005756.,0,6,6
WBGene00005757.,2,17,19
WBGene00005758.,1,18,19
WBGene00005759.,0,251,251
WBGene00005760.,0,1,1
WBGene00005761.,0,2,2
WBGene00005762.,0,1,1
WBGene00005763.,0,3,3
WBGene00005764.,2,13,15
WBGene00005765.,2,0,2
WBGene00005766.,1,5,6
WBGene00005767.,1,0,1
WBGene00005768.,1,0,1
WBGene00005769.,0,2,2
WBGene00005770.,1,0,1
WBGene00005771.,0,1,1
WBGene00005772.,10,6,16
WBGene00005773.,1,0,1
WBGene00005774.,0,1,1
WBGene00005775.,0,2,2
WBGene00005776.,0,1,1
WBGene00005777.,0,2,2
WBGene00005778.,0,0,0
WBGene00005779.,0,0,0
WBGene00005780.,0,0,0
WBGene00005781.,0,0,0
WBGene00005782.,0,4,4
WBGene00005783.,0,1,1
WBGene00005784.,0,1,1
WBGene00005785.,0,1,1
WBGene00005786.,5,1,6
WBGene00005787.,1,0,1
WBGene00005788.,1,0,1
WBGene00005789.,1,2,3
WBGene00005790.,0,3,3
WBGene00005791.,0,1,1
WBGene00005792.,132,1,133
WBGene00005793.,1,0,1
WBGene00005794.,0,0,0
WBGene00005795.,0,0,0
WBGene00005796.,0,0,0
WBGene00005797.,1,3,4
WBGene00005798.,0,0,0
WBGene00005799.,0,0,0
WBGene00005800.,0,24,24
WBGene00005801.,0,0,0
WBGene00005802.,1,1,2
WBGene00005803.,1,1,2
WBGene00005804.,0,2,2
WBGene00005805.,0,0,0
WBGene00005806.,1,4,5
WBGene00005807.,0,2,2
WBGene00005808.,1,2,3
WBGene00005809.,1,3,4
WBGene00005810.,4,6,10
WBGene00005811.,3,18,21
WBGene00005812.,0,1,1
WBGene00005813.,5,2,7
WBGene00005814.,4,11,15
WBGene00005815.,407,1878,2285
WBGene00005816.,266,697,963
WBGene00005817.,0,0,0
WBGene00005818.,282,1458,1740
WBGene00005819.,0,0,0
WBGene00005820.,15,9,24
WBGene00005821.,0,0,0
WBGene00005822.,1,1,2
WBGene00005823.,0,0,0
WBGene00005824.,2,0,2
WBGene00005825.,11,33,44
WBGene00005826.,0,6,6
WBGene00005827.,2,43,45
WBGene00005828.,4,16,20
WBGene00005829.,1,5,6
WBGene00005830.,4,2,6
WBGene00005831.,1,1,2
WBGene00005832.,149,2126,2275
WBGene00005833.,1,25,26
WBGene00005834.,2,24,26
WBGene00005835.,2,5,7
WBGene00005836.,1,4,5
WBGene00005837.,0,14,14
WBGene00005838.,8,17,25
WBGene00005839.,1,3,4
WBGene00005840.,3,17,20
WBGene00005841.,4,8,12
WBGene00005842.,5,8,13
WBGene00005843.,0,1,1
WBGene00005844.,0,2,2
WBGene00005845.,4,5,9
WBGene00005846.,1,2,3
WBGene00005847.,6,1,7
WBGene00005848.,2,0,2
WBGene00005849.,0,0,0
WBGene00005850.,3,6,9
WBGene00005851.,0,2,2
WBGene00005852.,3,1,4
WBGene00005853.,1,1,2
WBGene00005854.,4,1,5
WBGene00005855.,0,1,1
WBGene00005856.,0,1,1
WBGene00005857.,0,1,1
WBGene00005858.,6,0,6
WBGene00005859.,1,2,3
WBGene00005860.,1,1,2
WBGene00005861.,0,0,0
WBGene00005862.,0,1,1
WBGene00005863.,0,0,0
WBGene00005864.,0,1,1
WBGene00005865.,0,1,1
WBGene00005866.,0,0,0
WBGene00005867.,0,1,1
WBGene00005868.,0,0,0
WBGene00005869.,2,0,2
WBGene00005870.,1,0,1
WBGene00005871.,1,0,1
WBGene00005872.,0,0,0
WBGene00005873.,2,0,2
WBGene00005874.,2,0,2
WBGene00005875.,0,8,8
WBGene00005876.,3,1,4
WBGene00005877.,1,0,1
WBGene00005878.,0,5,5
WBGene00005879.,0,0,0
WBGene00005880.,0,2,2
WBGene00005881.,0,0,0
WBGene00005882.,1,4,5
WBGene00005883.,0,2,2
WBGene00005884.,0,1,1
WBGene00005885.,2,0,2
WBGene00005886.,0,6,6
WBGene00005887.,2,16,18
WBGene00005888.,0,2,2
WBGene00005889.,0,0,0
WBGene00005890.,1,1,2
WBGene00005891.,1,1,2
WBGene00005892.,1,7,8
WBGene00005893.,16,162,178
WBGene00005894.,0,3,3
WBGene00005895.,3,2,5
WBGene00005896.,2,1,3
WBGene00005897.,1,1,2
WBGene00005898.,7,32,39
WBGene00005899.,1,2,3
WBGene00005900.,5,3,8
WBGene00005901.,0,4,4
WBGene00005902.,1,7,8
WBGene00005903.,12,11,23
WBGene00005904.,22,10,32
WBGene00005905.,15,13,28
WBGene00005906.,4,43,47
WBGene00005907.,2,11,13
WBGene00005908.,2,6,8
WBGene00005909.,6,19,25
WBGene00005910.,11,47,58
WBGene00005911.,1,0,1
WBGene00005912.,1,2,3
WBGene00005913.,0,0,0
WBGene00005914.,0,0,0
WBGene00005915.,1,0,1
WBGene00005916.,1,0,1
WBGene00005917.,1,0,1
WBGene00005918.,0,1,1
WBGene00005919.,2,0,2
WBGene00005920.,2,3,5
WBGene00005921.,1,1,2
WBGene00005922.,1,3,4
WBGene00005923.,0,0,0
WBGene00005924.,0,0,0
WBGene00005925.,1,14,15
WBGene00005926.,7,24,31
WBGene00005927.,6,6,12
WBGene00005928.,0,4,4
WBGene00005929.,4,17,21
WBGene00005930.,0,2,2
WBGene00005931.,1,3,4
WBGene00005932.,17,12,29
WBGene00005933.,1,1,2
WBGene00005934.,0,15,15
WBGene00005935.,6,12,18
WBGene00005936.,32,282,314
WBGene00005937.,10,55,65
WBGene00005938.,48,162,210
WBGene00005939.,0,1,1
WBGene00005940.,3,6,9
WBGene00005941.,19,16,35
WBGene00005942.,1,0,1
WBGene00005943.,0,0,0
WBGene00005944.,0,0,0
WBGene00005945.,1,0,1
WBGene00005946.,0,0,0
WBGene00005947.,12,75,87
WBGene00005948.,0,1,1
WBGene00005949.,7,73,80
WBGene00005950.,0,2,2
WBGene00005951.,0,1,1
WBGene00005952.,1,7,8
WBGene00005953.,0,4,4
WBGene00005954.,1,0,1
WBGene00005955.,0,8,8
WBGene00005956.,0,0,0
WBGene00005957.,0,3,3
WBGene00005958.,3,15,18
WBGene00005959.,6,76,82
WBGene00005960.,2,0,2
WBGene00005961.,0,1,1
WBGene00005962.,22,35,57
WBGene00005963.,9,18,27
WBGene00005964.,5,11,16
WBGene00005965.,134,10,144
WBGene00005966.,6,0,6
WBGene00005967.,78,268,346
WBGene00005968.,2,12,14
WBGene00005969.,5,5,10
WBGene00005970.,0,7,7
WBGene00005971.,2,19,21
WBGene00005972.,2,9,11
WBGene00005973.,2,2,4
WBGene00005974.,3,5,8
WBGene00005975.,8,123,131
WBGene00005976.,6,19,25
WBGene00005977.,6,27,33
WBGene00005978.,1,1,2
WBGene00005979.,6,4,10
WBGene00005980.,2,2,4
WBGene00005981.,5,7,12
WBGene00005982.,86,64,150
WBGene00005983.,2,1,3
WBGene00005984.,0,0,0
WBGene00005985.,0,1,1
WBGene00005986.,2,7,9
WBGene00005987.,7,5,12
WBGene00005988.,2,2,4
WBGene00005989.,0,3,3
WBGene00005990.,0,0,0
WBGene00005991.,2,0,2
WBGene00005992.,1,1,2
WBGene00005993.,1,1,2
WBGene00005994.,6,1,7
WBGene00005995.,3,1,4
WBGene00005996.,0,0,0
WBGene00005997.,1,2,3
WBGene00005998.,1,3,4
WBGene00005999.,0,4,4
WBGene00006000.,2,12,14
WBGene00006001.,1,2,3
WBGene00006002.,0,6,6
WBGene00006003.,0,5,5
WBGene00006004.,4,5,9
WBGene00006005.,1,8,9
WBGene00006006.,2,84,86
WBGene00006007.,1,5,6
WBGene00006008.,3,12,15
WBGene00006009.,1,11,12
WBGene00006010.,0,6,6
WBGene00006011.,2,1,3
WBGene00006012.,1,10,11
WBGene00006013.,1,0,1
WBGene00006014.,5,7,12
WBGene00006015.,13,11,24
WBGene00006016.,2,16,18
WBGene00006017.,0,3,3
WBGene00006018.,0,0,0
WBGene00006019.,2,8,10
WBGene00006020.,1,22,23
WBGene00006021.,0,1,1
WBGene00006022.,1,0,1
WBGene00006023.,0,0,0
WBGene00006024.,1,0,1
WBGene00006025.,0,8,8
WBGene00006026.,2,18,20
WBGene00006027.,1,2,3
WBGene00006028.,2,11,13
WBGene00006029.,0,1,1
WBGene00006038.,0,0,0
WBGene00006039.,0,3,3
WBGene00006040.,0,0,0
WBGene00006044.,0,13,13
WBGene00006047.,0,0,0
WBGene00006048.,0,3,3
WBGene00006049.,0,3,3
WBGene00006050.,76,881,957
WBGene00006051.,5,30,35
WBGene00006052.,0,1,1
WBGene00006053.,0,1,1
WBGene00006055.,99,508,607
WBGene00006056.,0,2,2
WBGene00006057.,1,1,2
WBGene00006058.,2,11,13
WBGene00006059.,360,3688,4048
WBGene00006060.,1,1,2
WBGene00006061.,113,4340,4453
WBGene00006062.,699,3762,4461
WBGene00006063.,13,537,550
WBGene00006064.,234,604,838
WBGene00006065.,5,22,27
WBGene00006066.,142,3607,3749
WBGene00006067.,754,4613,5367
WBGene00006068.,50,376,426
WBGene00006069.,2,2,4
WBGene00006070.,0,0,0
WBGene00006071.,9,13,22
WBGene00006072.,2,5,7
WBGene00006073.,0,0,0
WBGene00006074.,0,0,0
WBGene00006075.,27,270,297
WBGene00006076.,1,2,3
WBGene00006077.,5,10,15
WBGene00006078.,0,1,1
WBGene00006079.,0,1,1
WBGene00006080.,4,5,9
WBGene00006081.,0,1,1
WBGene00006082.,5,1,6
WBGene00006083.,0,1,1
WBGene00006084.,2,1,3
WBGene00006085.,1,13,14
WBGene00006086.,0,8,8
WBGene00006087.,0,6,6
WBGene00006088.,0,0,0
WBGene00006089.,0,0,0
WBGene00006090.,2,6,8
WBGene00006091.,0,1,1
WBGene00006092.,1,1,2
WBGene00006093.,0,4,4
WBGene00006094.,0,0,0
WBGene00006095.,2,5,7
WBGene00006096.,4,9,13
WBGene00006097.,0,4,4
WBGene00006098.,0,1,1
WBGene00006099.,1,0,1
WBGene00006100.,0,0,0
WBGene00006101.,0,0,0
WBGene00006102.,1,7,8
WBGene00006103.,1,3,4
WBGene00006104.,2,3,5
WBGene00006105.,0,3,3
WBGene00006106.,0,34,34
WBGene00006107.,0,0,0
WBGene00006108.,0,0,0
WBGene00006109.,3,15,18
WBGene00006110.,2,20,22
WBGene00006111.,2,2,4
WBGene00006112.,2,5,7
WBGene00006113.,4,20,24
WBGene00006114.,93,196,289
WBGene00006115.,5,1,6
WBGene00006116.,1,4,5
WBGene00006117.,0,1,1
WBGene00006118.,1,3,4
WBGene00006119.,1,2,3
WBGene00006120.,3,0,3
WBGene00006121.,1,2,3
WBGene00006122.,0,4,4
WBGene00006123.,0,1,1
WBGene00006124.,0,2,2
WBGene00006125.,1,0,1
WBGene00006126.,0,3,3
WBGene00006127.,1,7,8
WBGene00006128.,1,3,4
WBGene00006129.,5,2,7
WBGene00006130.,4,27,31
WBGene00006131.,1,1,2
WBGene00006132.,2,1,3
WBGene00006133.,0,0,0
WBGene00006134.,3,4,7
WBGene00006135.,10,40,50
WBGene00006136.,0,0,0
WBGene00006137.,0,2,2
WBGene00006138.,0,9,9
WBGene00006139.,5,16,21
WBGene00006140.,80,4,84
WBGene00006141.,0,1,1
WBGene00006142.,1,0,1
WBGene00006143.,0,13,13
WBGene00006144.,1,0,1
WBGene00006145.,1,0,1
WBGene00006146.,0,6,6
WBGene00006147.,1,1,2
WBGene00006148.,3,4,7
WBGene00006149.,1,7,8
WBGene00006150.,0,2,2
WBGene00006151.,2,5,7
WBGene00006152.,4,10,14
WBGene00006153.,1,6,7
WBGene00006154.,3,20,23
WBGene00006155.,0,7,7
WBGene00006156.,0,3,3
WBGene00006157.,1,4,5
WBGene00006158.,0,2,2
WBGene00006159.,1,3,4
WBGene00006160.,0,0,0
WBGene00006161.,0,7,7
WBGene00006162.,1,8,9
WBGene00006163.,27,33,60
WBGene00006164.,6,23,29
WBGene00006165.,1,2,3
WBGene00006166.,2,0,2
WBGene00006167.,1,7,8
WBGene00006168.,0,0,0
WBGene00006169.,29,11,40
WBGene00006170.,0,0,0
WBGene00006171.,0,0,0
WBGene00006172.,29,14,43
WBGene00006173.,3,1,4
WBGene00006174.,0,0,0
WBGene00006175.,1,0,1
WBGene00006176.,1,6,7
WBGene00006177.,1,8,9
WBGene00006178.,0,2,2
WBGene00006179.,1,13,14
WBGene00006180.,0,20,20
WBGene00006181.,2,8,10
WBGene00006182.,12,24,36
WBGene00006183.,0,0,0
WBGene00006184.,1,0,1
WBGene00006185.,0,0,0
WBGene00006186.,1,3,4
WBGene00006187.,1,1,2
WBGene00006188.,8,11,19
WBGene00006189.,5,11,16
WBGene00006190.,2,0,2
WBGene00006191.,6,14,20
WBGene00006192.,1,1,2
WBGene00006193.,3,10,13
WBGene00006194.,3,5,8
WBGene00006195.,2,27,29
WBGene00006196.,1,0,1
WBGene00006197.,4,2,6
WBGene00006198.,11,90,101
WBGene00006199.,2,9,11
WBGene00006200.,0,0,0
WBGene00006201.,3,13,16
WBGene00006202.,0,1,1
WBGene00006203.,1,8,9
WBGene00006204.,0,1,1
WBGene00006205.,9,14,23
WBGene00006206.,2,1,3
WBGene00006207.,6,22,28
WBGene00006208.,4,6,10
WBGene00006209.,1,10,11
WBGene00006210.,33,21,54
WBGene00006211.,12,62,74
WBGene00006212.,7,32,39
WBGene00006213.,3,5,8
WBGene00006214.,20,15,35
WBGene00006215.,0,6,6
WBGene00006216.,2,1,3
WBGene00006217.,1,3,4
WBGene00006218.,20,42,62
WBGene00006219.,0,2,2
WBGene00006220.,37,202,239
WBGene00006221.,0,2,2
WBGene00006222.,2,7,9
WBGene00006223.,2,5,7
WBGene00006224.,2,4,6
WBGene00006225.,0,0,0
WBGene00006226.,3,11,14
WBGene00006227.,0,9,9
WBGene00006228.,4,4,8
WBGene00006229.,0,1,1
WBGene00006230.,2,0,2
WBGene00006231.,1,3,4
WBGene00006232.,0,0,0
WBGene00006233.,2,0,2
WBGene00006234.,0,3,3
WBGene00006235.,0,1,1
WBGene00006236.,1,0,1
WBGene00006237.,2,17,19
WBGene00006238.,1,0,1
WBGene00006239.,3,24,27
WBGene00006240.,0,0,0
WBGene00006241.,2,3,5
WBGene00006242.,1,2,3
WBGene00006243.,4,2,6
WBGene00006244.,0,6,6
WBGene00006245.,0,0,0
WBGene00006246.,0,1,1
WBGene00006247.,2,1,3
WBGene00006248.,1,0,1
WBGene00006249.,0,2,2
WBGene00006250.,0,4,4
WBGene00006251.,3,13,16
WBGene00006252.,2,0,2
WBGene00006253.,10,0,10
WBGene00006254.,0,2,2
WBGene00006255.,13,27,40
WBGene00006256.,2,15,17
WBGene00006257.,1,2,3
WBGene00006258.,1,10,11
WBGene00006259.,2,0,2
WBGene00006260.,3,2,5
WBGene00006261.,3,3,6
WBGene00006262.,0,5,5
WBGene00006263.,1,1,2
WBGene00006264.,0,2,2
WBGene00006265.,0,0,0
WBGene00006266.,105,0,105
WBGene00006267.,0,0,0
WBGene00006268.,2,4,6
WBGene00006269.,0,1,1
WBGene00006270.,0,5,5
WBGene00006271.,0,3,3
WBGene00006272.,8,25,33
WBGene00006273.,1,4,5
WBGene00006274.,0,1,1
WBGene00006275.,2,1,3
WBGene00006276.,2,2,4
WBGene00006277.,1,3,4
WBGene00006278.,2,11,13
WBGene00006279.,9,16,25
WBGene00006280.,1,2,3
WBGene00006281.,5,3,8
WBGene00006282.,0,0,0
WBGene00006283.,0,0,0
WBGene00006284.,0,0,0
WBGene00006285.,19,63,82
WBGene00006286.,4,5,9
WBGene00006287.,10,20,30
WBGene00006288.,21,23,44
WBGene00006289.,0,0,0
WBGene00006306.,396,1616,2012
WBGene00006307.,155,3613,3768
WBGene00006308.,58,431,489
WBGene00006309.,61,1927,1988
WBGene00006310.,86,172,258
WBGene00006311.,4,196,200
WBGene00006314.,0,0,0
WBGene00006315.,0,0,0
WBGene00006316.,0,0,0
WBGene00006318.,228,2174,2402
WBGene00006319.,69,1588,1657
WBGene00006321.,296,9902,10198
WBGene00006324.,50,2134,2184
WBGene00006327.,0,2,2
WBGene00006330.,0,0,0
WBGene00006331.,343,14247,14590
WBGene00006333.,0,0,0
WBGene00006334.,0,0,0
WBGene00006338.,0,0,0
WBGene00006342.,388,6143,6531
WBGene00006344.,0,0,0
WBGene00006349.,320,1725,2045
WBGene00006351.,85,2323,2408
WBGene00006352.,164,4235,4399
WBGene00006353.,36,667,703
WBGene00006359.,101,3022,3123
WBGene00006363.,156,408,564
WBGene00006364.,515,2714,3229
WBGene00006365.,145,1561,1706
WBGene00006366.,385,13176,13561
WBGene00006367.,0,0,0
WBGene00006368.,170,924,1094
WBGene00006369.,49,1562,1611
WBGene00006371.,103,1109,1212
WBGene00006372.,65,992,1057
WBGene00006373.,223,3621,3844
WBGene00006374.,29,131,160
WBGene00006375.,3,287,290
WBGene00006376.,6,324,330
WBGene00006377.,104,1289,1393
WBGene00006379.,131,1355,1486
WBGene00006380.,22,392,414
WBGene00006381.,104,5267,5371
WBGene00006382.,792,3529,4321
WBGene00006383.,94,597,691
WBGene00006384.,253,1228,1481
WBGene00006385.,1075,2127,3202
WBGene00006386.,224,1237,1461
WBGene00006387.,56,427,483
WBGene00006388.,23,143,166
WBGene00006389.,32,822,854
WBGene00006390.,97,758,855
WBGene00006391.,67,714,781
WBGene00006392.,183,2388,2571
WBGene00006393.,23,995,1018
WBGene00006394.,40,443,483
WBGene00006395.,32,341,373
WBGene00006396.,590,2133,2723
WBGene00006397.,31,1147,1178
WBGene00006399.,27,29,56
WBGene00006402.,76,965,1041
WBGene00006404.,56,379,435
WBGene00006405.,475,3075,3550
WBGene00006406.,393,4880,5273
WBGene00006407.,1534,8898,10432
WBGene00006408.,3084,42085,45169
WBGene00006409.,0,8,8
WBGene00006410.,178,3050,3228
WBGene00006411.,11,94,105
WBGene00006412.,390,2941,3331
WBGene00006414.,9,1934,1943
WBGene00006415.,376,2586,2962
WBGene00006416.,0,15,15
WBGene00006418.,3,65,68
WBGene00006419.,16,11,27
WBGene00006423.,1200,18765,19965
WBGene00006424.,386,1583,1969
WBGene00006428.,105,144,249
WBGene00006429.,0,3,3
WBGene00006430.,69,549,618
WBGene00006431.,43,752,795
WBGene00006432.,148,1989,2137
WBGene00006433.,1161,21995,23156
WBGene00006434.,601,44453,45054
WBGene00006435.,11,22,33
WBGene00006436.,5382,157709,163091
WBGene00006437.,317,7677,7994
WBGene00006438.,371,3222,3593
WBGene00006439.,1098,650394,651492
WBGene00006440.,111,437,548
WBGene00006441.,45,302,347
WBGene00006442.,355,2615,2970
WBGene00006443.,24,906,930
WBGene00006444.,56,1663,1719
WBGene00006445.,72,762,834
WBGene00006446.,23,530,553
WBGene00006447.,24,2148,2172
WBGene00006448.,43,808,851
WBGene00006449.,0,7,7
WBGene00006450.,560,2030,2590
WBGene00006452.,3771,41202,44973
WBGene00006454.,9,21,30
WBGene00006459.,70,1019,1089
WBGene00006460.,268,7779,8047
WBGene00006461.,21,400,421
WBGene00006462.,338,1901,2239
WBGene00006463.,43,556,599
WBGene00006464.,0,9,9
WBGene00006465.,77,3524,3601
WBGene00006466.,164,719,883
WBGene00006467.,235,1664,1899
WBGene00006468.,80,584,664
WBGene00006470.,25,1193,1218
WBGene00006471.,0,0,0
WBGene00006472.,87,3852,3939
WBGene00006473.,21,1247,1268
WBGene00006474.,52,2493,2545
WBGene00006475.,48,285,333
WBGene00006476.,429,1308,1737
WBGene00006477.,115,388,503
WBGene00006478.,281,2975,3256
WBGene00006479.,266,2885,3151
WBGene00006481.,773,3721,4494
WBGene00006483.,436,2981,3417
WBGene00006484.,1,0,1
WBGene00006486.,58,269,327
WBGene00006487.,15,53,68
WBGene00006488.,0,1,1
WBGene00006489.,64,3014,3078
WBGene00006490.,293,1331,1624
WBGene00006491.,21,1205,1226
WBGene00006492.,155,576,731
WBGene00006493.,190,1957,2147
WBGene00006494.,16,4602,4618
WBGene00006495.,876,7204,8080
WBGene00006496.,498,1308,1806
WBGene00006497.,322,5944,6266
WBGene00006498.,421,2714,3135
WBGene00006499.,104,1259,1363
WBGene00006503.,83,2382,2465
WBGene00006504.,140,1626,1766
WBGene00006505.,115,296,411
WBGene00006508.,2017,7616,9633
WBGene00006509.,1,8,9
WBGene00006510.,655,3990,4645
WBGene00006512.,342,10085,10427
WBGene00006513.,392,1672,2064
WBGene00006514.,44,2374,2418
WBGene00006515.,116,7268,7384
WBGene00006516.,55,960,1015
WBGene00006517.,296,5353,5649
WBGene00006518.,28,7061,7089
WBGene00006519.,6111,65132,71243
WBGene00006520.,0,700,700
WBGene00006522.,115,273,388
WBGene00006523.,135,2512,2647
WBGene00006524.,124,1746,1870
WBGene00006525.,24,301,325
WBGene00006526.,12,204,216
WBGene00006527.,990,13195,14185
WBGene00006528.,260,54903,55163
WBGene00006529.,3275,50774,54049
WBGene00006530.,27,284,311
WBGene00006531.,12,154,166
WBGene00006532.,19,41,60
WBGene00006533.,18,60,78
WBGene00006534.,1656,12154,13810
WBGene00006535.,426,2366,2792
WBGene00006536.,25,30726,30751
WBGene00006537.,815,75766,76581
WBGene00006538.,26,551,577
WBGene00006539.,3,28,31
WBGene00006540.,26,1236,1262
WBGene00006541.,39,341,380
WBGene00006542.,51,1115,1166
WBGene00006543.,121,2027,2148
WBGene00006544.,15,5,20
WBGene00006545.,9,20,29
WBGene00006546.,4,2,6
WBGene00006547.,0,5,5
WBGene00006549.,0,0,0
WBGene00006550.,1,1,2
WBGene00006551.,0,94257,94257
WBGene00006552.,10,4,14
WBGene00006553.,1,0,1
WBGene00006554.,0,2,2
WBGene00006555.,28,190,218
WBGene00006556.,3,1,4
WBGene00006557.,5,3,8
WBGene00006558.,0,0,0
WBGene00006559.,0,0,0
WBGene00006560.,0,4,4
WBGene00006561.,196,2143,2339
WBGene00006562.,116,699,815
WBGene00006563.,534,1433,1967
WBGene00006565.,95,8715,8810
WBGene00006566.,135,1749,1884
WBGene00006567.,35,1338,1373
WBGene00006568.,27,1173,1200
WBGene00006570.,94,2156,2250
WBGene00006571.,156,1501,1657
WBGene00006572.,925,14038,14963
WBGene00006573.,360,4387,4747
WBGene00006574.,338,22001,22339
WBGene00006575.,647,2033,2680
WBGene00006576.,29,222,251
WBGene00006577.,291,3110,3401
WBGene00006578.,158,1620,1778
WBGene00006579.,433,4359,4792
WBGene00006580.,207,2208,2415
WBGene00006582.,507,3584,4091
WBGene00006583.,120,4773,4893
WBGene00006584.,5996,70816,76812
WBGene00006585.,481,28112,28593
WBGene00006586.,137,2891,3028
WBGene00006587.,2443,53031,55474
WBGene00006588.,1258,17217,18475
WBGene00006589.,203,2142,2345
WBGene00006590.,162,2138,2300
WBGene00006591.,182,467,649
WBGene00006592.,95,894,989
WBGene00006593.,1234,3092,4326
WBGene00006594.,713,2783,3496
WBGene00006595.,394,16766,17160
WBGene00006596.,204,401,605
WBGene00006597.,23,745,768
WBGene00006598.,3,136,139
WBGene00006599.,790,1959,2749
WBGene00006600.,7,105,112
WBGene00006601.,231,35853,36084
WBGene00006602.,358,3663,4021
WBGene00006603.,2573,10402,12975
WBGene00006604.,434,2271,2705
WBGene00006605.,201,1134,1335
WBGene00006606.,76,719,795
WBGene00006607.,386,3438,3824
WBGene00006608.,120,1095,1215
WBGene00006609.,54,527,581
WBGene00006610.,27,71,98
WBGene00006611.,6,330,336
WBGene00006612.,2,16,18
WBGene00006613.,233,6459,6692
WBGene00006614.,135,423,558
WBGene00006615.,403,656,1059
WBGene00006616.,37,95,132
WBGene00006617.,301,11322,11623
WBGene00006618.,266,485,751
WBGene00006619.,2,13,15
WBGene00006620.,91,227,318
WBGene00006621.,41,26,67
WBGene00006622.,4,11,15
WBGene00006623.,79,224,303
WBGene00006624.,361,1113,1474
WBGene00006625.,2,10,12
WBGene00006626.,79,15118,15197
WBGene00006627.,15,31,46
WBGene00006628.,3,25,28
WBGene00006629.,7,198,205
WBGene00006630.,2,11,13
WBGene00006631.,1,2,3
WBGene00006632.,85,133,218
WBGene00006633.,230,1582,1812
WBGene00006634.,2102,25422,27524
WBGene00006635.,13,569,582
WBGene00006636.,6,58,64
WBGene00006637.,56,1119,1175
WBGene00006638.,36,1141,1177
WBGene00006639.,24,34,58
WBGene00006640.,220,1426,1646
WBGene00006641.,30,565,595
WBGene00006642.,14,248,262
WBGene00006643.,81,1775,1856
WBGene00006644.,1,17,18
WBGene00006645.,75,122,197
WBGene00006646.,13,261,274
WBGene00006647.,205,1487,1692
WBGene00006648.,663,1789,2452
WBGene00006649.,221,4912,5133
WBGene00006650.,0,23651,23651
WBGene00006651.,20,4284,4304
WBGene00006652.,180,712,892
WBGene00006654.,12,119,131
WBGene00006655.,32,306,338
WBGene00006656.,13,111,124
WBGene00006657.,239,246,485
WBGene00006658.,15,125,140
WBGene00006659.,23,7,30
WBGene00006660.,15,208,223
WBGene00006661.,2,8,10
WBGene00006662.,169,970,1139
WBGene00006663.,1294,10264,11558
WBGene00006664.,31,236,267
WBGene00006665.,54,81,135
WBGene00006666.,22,194,216
WBGene00006667.,255,1622,1877
WBGene00006668.,734,1159,1893
WBGene00006669.,51,119,170
WBGene00006670.,17,64,81
WBGene00006671.,135,1111,1246
WBGene00006672.,426,17777,18203
WBGene00006673.,11,146,157
WBGene00006674.,16,42,58
WBGene00006675.,12,78,90
WBGene00006676.,19,98,117
WBGene00006677.,81,1343,1424
WBGene00006678.,30,226,256
WBGene00006679.,21,48,69
WBGene00006680.,119,783,902
WBGene00006681.,56,475,531
WBGene00006682.,112,295,407
WBGene00006683.,904,2783,3687
WBGene00006684.,295,136,431
WBGene00006685.,34,313,347
WBGene00006686.,23,117,140
WBGene00006687.,13,64,77
WBGene00006688.,5,3,8
WBGene00006689.,1,2,3
WBGene00006690.,12,70,82
WBGene00006691.,91,226,317
WBGene00006692.,259,2188,2447
WBGene00006693.,988,4005,4993
WBGene00006694.,10,46,56
WBGene00006695.,403,261,664
WBGene00006696.,50,203,253
WBGene00006697.,677,5556,6233
WBGene00006698.,183,9584,9767
WBGene00006699.,142,9525,9667
WBGene00006700.,422,1976,2398
WBGene00006701.,705,2652,3357
WBGene00006702.,288,6899,7187
WBGene00006703.,75,3139,3214
WBGene00006704.,248,8986,9234
WBGene00006705.,66,1081,1147
WBGene00006706.,114,5638,5752
WBGene00006707.,1,4873,4874
WBGene00006708.,269,7739,8008
WBGene00006709.,446,4449,4895
WBGene00006710.,335,273,608
WBGene00006711.,50,1078,1128
WBGene00006712.,69,630,699
WBGene00006713.,123,5751,5874
WBGene00006714.,216,1142,1358
WBGene00006715.,100,7923,8023
WBGene00006716.,17,8,25
WBGene00006717.,14,375,389
WBGene00006718.,8,47,55
WBGene00006719.,2,3,5
WBGene00006720.,57,4662,4719
WBGene00006721.,94,1019,1113
WBGene00006722.,63,645,708
WBGene00006723.,201,1561,1762
WBGene00006724.,357,9198,9555
WBGene00006725.,24706,398553,423259
WBGene00006726.,422,6187,6609
WBGene00006727.,389,21006,21395
WBGene00006728.,24175,372027,396202
WBGene00006729.,150,1361,1511
WBGene00006730.,32,12400,12432
WBGene00006731.,14,122,136
WBGene00006732.,233,1003,1236
WBGene00006733.,288,2781,3069
WBGene00006734.,86,2572,2658
WBGene00006735.,19,1112,1131
WBGene00006736.,141,1993,2134
WBGene00006737.,41,1163,1204
WBGene00006738.,14,1057,1071
WBGene00006739.,351,7342,7693
WBGene00006740.,21,196,217
WBGene00006741.,362,7779,8141
WBGene00006742.,727,1854,2581
WBGene00006743.,74,345,419
WBGene00006744.,22,224,246
WBGene00006745.,607,1555,2162
WBGene00006746.,68,908,976
WBGene00006747.,1102,1531,2633
WBGene00006748.,16,90,106
WBGene00006749.,410,2833,3243
WBGene00006750.,159,1085,1244
WBGene00006751.,593,2167,2760
WBGene00006752.,1258,6010,7268
WBGene00006753.,858,11317,12175
WBGene00006754.,6164,228905,235069
WBGene00006755.,521,5573,6094
WBGene00006756.,4,4,8
WBGene00006757.,188,2111,2299
WBGene00006759.,3507,48407,51914
WBGene00006760.,678,9383,10061
WBGene00006761.,185,1393,1578
WBGene00006762.,581,3623,4204
WBGene00006763.,292,1980,2272
WBGene00006764.,8172,143583,151755
WBGene00006765.,536,1387,1923
WBGene00006766.,49,467,516
WBGene00006767.,422,836,1258
WBGene00006768.,463,7569,8032
WBGene00006769.,728,2098,2826
WBGene00006770.,881,4768,5649
WBGene00006771.,1312,18344,19656
WBGene00006772.,422,3588,4010
WBGene00006773.,192,2840,3032
WBGene00006774.,135,823,958
WBGene00006775.,11,101,112
WBGene00006776.,605,4461,5066
WBGene00006777.,141,1982,2123
WBGene00006778.,59,748,807
WBGene00006779.,3101,17930,21031
WBGene00006780.,4519,62585,67104
WBGene00006781.,385,13427,13812
WBGene00006782.,9,219,228
WBGene00006783.,32,319,351
WBGene00006784.,981,5456,6437
WBGene00006785.,44,1254,1298
WBGene00006786.,299,4009,4308
WBGene00006787.,1210,10137,11347
WBGene00006788.,523,2510,3033
WBGene00006789.,2412,185000,187412
WBGene00006790.,48,198,246
WBGene00006791.,382,2925,3307
WBGene00006792.,484,1276,1760
WBGene00006793.,126,2761,2887
WBGene00006794.,840,46272,47112
WBGene00006795.,83,2082,2165
WBGene00006796.,961,11741,12702
WBGene00006797.,443,667,1110
WBGene00006798.,1354,5419,6773
WBGene00006801.,3182,37955,41137
WBGene00006802.,56,7621,7677
WBGene00006803.,927,13217,14144
WBGene00006804.,104,832,936
WBGene00006805.,3125,12960,16085
WBGene00006807.,236,608,844
WBGene00006808.,511,4547,5058
WBGene00006809.,456,880,1336
WBGene00006810.,392,5027,5419
WBGene00006811.,293,931,1224
WBGene00006812.,397,3571,3968
WBGene00006814.,2895,9344,12239
WBGene00006815.,959,16533,17492
WBGene00006816.,74,2002,2076
WBGene00006817.,289,4937,5226
WBGene00006818.,151,2632,2783
WBGene00006819.,2982,102895,105877
WBGene00006820.,6092,56846,62938
WBGene00006822.,218,1446,1664
WBGene00006823.,1532,12992,14524
WBGene00006824.,284,17467,17751
WBGene00006825.,753,8731,9484
WBGene00006826.,756,20087,20843
WBGene00006827.,4681,8668,13349
WBGene00006829.,82,1806,1888
WBGene00006830.,2801,3309,6110
WBGene00006831.,691,3792,4483
WBGene00006832.,211,1677,1888
WBGene00006833.,724,16614,17338
WBGene00006836.,240,13441,13681
WBGene00006839.,791,10987,11778
WBGene00006840.,286,12735,13021
WBGene00006843.,287,2050,2337
WBGene00006844.,312,6154,6466
WBGene00006845.,574,4908,5482
WBGene00006852.,112,4636,4748
WBGene00006853.,21,982,1003
WBGene00006856.,61,3555,3616
WBGene00006861.,778,8633,9411
WBGene00006862.,33,374,407
WBGene00006863.,274,33136,33410
WBGene00006864.,239,821,1060
WBGene00006865.,22,362,384
WBGene00006868.,759,2805,3564
WBGene00006869.,103,759,862
WBGene00006870.,436,1594,2030
WBGene00006873.,27,218,245
WBGene00006874.,538,8525,9063
WBGene00006875.,37,2547,2584
WBGene00006876.,4457,8212,12669
WBGene00006881.,21,283,304
WBGene00006882.,93,847,940
WBGene00006886.,2727,25272,27999
WBGene00006887.,385,1388,1773
WBGene00006888.,87,5699,5786
WBGene00006889.,74,16102,16176
WBGene00006890.,424,6371,6795
WBGene00006893.,230,2748,2978
WBGene00006894.,3,2,5
WBGene00006895.,1,2,3
WBGene00006896.,68,564,632
WBGene00006897.,3,11,14
WBGene00006902.,0,4,4
WBGene00006910.,0,14777,14777
WBGene00006911.,122,16090,16212
WBGene00006912.,0,5278,5278
WBGene00006913.,65,7707,7772
WBGene00006914.,48,4413,4461
WBGene00006915.,3,275,278
WBGene00006916.,113,782,895
WBGene00006917.,113,14542,14655
WBGene00006918.,401,10333,10734
WBGene00006919.,236,15805,16041
WBGene00006920.,606,8209,8815
WBGene00006921.,29,7837,7866
WBGene00006922.,21,872,893
WBGene00006923.,2685,5459,8144
WBGene00006924.,432,66598,67030
WBGene00006925.,1,2,3
WBGene00006926.,1,8,9
WBGene00006927.,0,9,9
WBGene00006928.,2,16,18
WBGene00006929.,0,0,0
WBGene00006930.,0,17,17
WBGene00006931.,184,2588,2772
WBGene00006932.,354,3111,3465
WBGene00006933.,104,2520,2624
WBGene00006934.,264,1598,1862
WBGene00006935.,72,3375,3447
WBGene00006936.,442,9035,9477
WBGene00006937.,545,10877,11422
WBGene00006938.,3,29,32
WBGene00006939.,2,9,11
WBGene00006940.,6,490,496
WBGene00006941.,379,4371,4750
WBGene00006942.,156,6191,6347
WBGene00006943.,72,1092,1164
WBGene00006944.,29,979,1008
WBGene00006945.,170,4236,4406
WBGene00006946.,95,982,1077
WBGene00006947.,8,220,228
WBGene00006948.,9,709,718
WBGene00006949.,65,821,886
WBGene00006950.,16,57,73
WBGene00006951.,149,1999,2148
WBGene00006952.,13,651,664
WBGene00006953.,7,4,11
WBGene00006954.,5,52,57
WBGene00006955.,81,250,331
WBGene00006956.,273,9237,9510
WBGene00006957.,238,2034,2272
WBGene00006958.,114,674,788
WBGene00006959.,2000,98988,100988
WBGene00006960.,37,107,144
WBGene00006961.,914,10456,11370
WBGene00006962.,2,22,24
WBGene00006963.,67,1752,1819
WBGene00006964.,520,4471,4991
WBGene00006965.,1,45,46
WBGene00006966.,4,97,101
WBGene00006967.,0,102,102
WBGene00006968.,134,2522,2656
WBGene00006970.,46,2139,2185
WBGene00006971.,91,1099,1190
WBGene00006974.,26,1530,1556
WBGene00006975.,992,8661,9653
WBGene00006976.,1594,427,2021
WBGene00006977.,10,163,173
WBGene00006978.,236,10253,10489
WBGene00006979.,0,145,145
WBGene00006980.,3,133,136
WBGene00006981.,2,508,510
WBGene00006982.,75,1032,1107
WBGene00006983.,118,834,952
WBGene00006984.,2023,9597,11620
WBGene00006985.,217,678,895
WBGene00006986.,326,1573,1899
WBGene00006987.,186,399,585
WBGene00006988.,99,774,873
WBGene00006993.,296,975,1271
WBGene00006994.,179,3815,3994
WBGene00006996.,29,1272,1301
WBGene00006997.,16,950,966
WBGene00006999.,3001,36639,39640
WBGene00007000.,662,28403,29065
WBGene00007001.,55,6268,6323
WBGene00007006.,118,495,613
WBGene00007007.,245,2576,2821
WBGene00007008.,134,4670,4804
WBGene00007009.,256,4324,4580
WBGene00007010.,229,3799,4028
WBGene00007011.,34,461,495
WBGene00007012.,92,859,951
WBGene00007013.,293,989,1282
WBGene00007014.,74,467,541
WBGene00007015.,9,968,977
WBGene00007016.,579,9111,9690
WBGene00007017.,1008,1112,2120
WBGene00007018.,125,1941,2066
WBGene00007019.,176,4900,5076
WBGene00007020.,199,1136,1335
WBGene00007021.,134,2784,2918
WBGene00007022.,331,3993,4324
WBGene00007023.,124,2017,2141
WBGene00007024.,5364,21114,26478
WBGene00007025.,291,2800,3091
WBGene00007026.,79,931,1010
WBGene00007027.,1653,6996,8649
WBGene00007028.,110,3991,4101
WBGene00007029.,281,1793,2074
WBGene00007030.,1498,14792,16290
WBGene00007036.,5,17,22
WBGene00007041.,74,335,409
WBGene00007042.,220,8919,9139
WBGene00007043.,16,751,767
WBGene00007044.,277,4341,4618
WBGene00007045.,8,715,723
WBGene00007047.,163,900,1063
WBGene00007048.,122,5015,5137
WBGene00007049.,10,36,46
WBGene00007050.,816,8702,9518
WBGene00007053.,276,8153,8429
WBGene00007054.,1144,3129,4273
WBGene00007055.,142,4397,4539
WBGene00007056.,112,845,957
WBGene00007057.,0,46,46
WBGene00007058.,306,5090,5396
WBGene00007059.,46,762,808
WBGene00007060.,1,1,2
WBGene00007062.,0,0,0
WBGene00007063.,159,560,719
WBGene00007064.,157,770,927
WBGene00007065.,36,356,392
WBGene00007066.,1,7,8
WBGene00007067.,107,827,934
WBGene00007068.,197,1366,1563
WBGene00007070.,20,566,586
WBGene00007071.,128,1752,1880
WBGene00007072.,2,34,36
WBGene00007073.,27,288,315
WBGene00007074.,0,4,4
WBGene00007075.,0,0,0
WBGene00007076.,0,0,0
WBGene00007077.,7,1,8
WBGene00007078.,0,0,0
WBGene00007079.,0,0,0
WBGene00007080.,1,4,5
WBGene00007081.,1,3,4
WBGene00007082.,1,42,43
WBGene00007083.,0,2,2
WBGene00007085.,0,297,297
WBGene00007087.,58,1112,1170
WBGene00007088.,128,2500,2628
WBGene00007089.,134,1736,1870
WBGene00007090.,29,750,779
WBGene00007091.,641,6573,7214
WBGene00007092.,34,262,296
WBGene00007093.,7,787,794
WBGene00007094.,200,654,854
WBGene00007096.,80,957,1037
WBGene00007097.,7,22,29
WBGene00007099.,388,7852,8240
WBGene00007100.,20,999,1019
WBGene00007101.,63,4392,4455
WBGene00007102.,25,262,287
WBGene00007103.,150,1070,1220
WBGene00007104.,133,1413,1546
WBGene00007105.,195,4518,4713
WBGene00007106.,159,3130,3289
WBGene00007107.,1114,16162,17276
WBGene00007108.,184,3171,3355
WBGene00007109.,6,210,216
WBGene00007110.,151,3023,3174
WBGene00007111.,119,3057,3176
WBGene00007112.,39,242,281
WBGene00007113.,144,4088,4232
WBGene00007114.,52,294,346
WBGene00007115.,91,219,310
WBGene00007116.,52,248,300
WBGene00007117.,11,74,85
WBGene00007118.,97,1208,1305
WBGene00007119.,164,1236,1400
WBGene00007120.,2,84,86
WBGene00007121.,75,241,316
WBGene00007122.,308,19070,19378
WBGene00007123.,0,0,0
WBGene00007124.,41,160,201
WBGene00007125.,0,9,9
WBGene00007126.,230,1723,1953
WBGene00007127.,5,8,13
WBGene00007128.,92,840,932
WBGene00007129.,61,10094,10155
WBGene00007130.,47,209,256
WBGene00007131.,20,53,73
WBGene00007132.,6,43,49
WBGene00007133.,30,590,620
WBGene00007134.,10,7,17
WBGene00007135.,374,1914,2288
WBGene00007136.,232,2354,2586
WBGene00007137.,151,2688,2839
WBGene00007138.,69,537,606
WBGene00007139.,493,6439,6932
WBGene00007140.,6,38,44
WBGene00007141.,0,48,48
WBGene00007142.,337,5963,6300
WBGene00007143.,52,1439,1491
WBGene00007144.,46,1637,1683
WBGene00007145.,25,1241,1266
WBGene00007146.,13,178,191
WBGene00007147.,1,5,6
WBGene00007148.,7,7,14
WBGene00007149.,0,49,49
WBGene00007150.,16,2154,2170
WBGene00007151.,9,34,43
WBGene00007152.,1,13,14
WBGene00007153.,0,55,55
WBGene00007154.,41,335,376
WBGene00007155.,937,18560,19497
WBGene00007156.,1,4,5
WBGene00007158.,0,10,10
WBGene00007159.,2,25,27
WBGene00007160.,1,2,3
WBGene00007161.,0,0,0
WBGene00007162.,96,255,351
WBGene00007163.,1,7,8
WBGene00007164.,3,34,37
WBGene00007165.,132,172,304
WBGene00007166.,9,382,391
WBGene00007167.,273,1697,1970
WBGene00007168.,13,1113,1126
WBGene00007169.,14,32,46
WBGene00007170.,27,357,384
WBGene00007171.,9,112,121
WBGene00007172.,11,152,163
WBGene00007173.,0,0,0
WBGene00007174.,36,645,681
WBGene00007175.,92,2127,2219
WBGene00007176.,1038,1038,2076
WBGene00007177.,9,76,85
WBGene00007178.,6,579,585
WBGene00007179.,0,4,4
WBGene00007180.,79,1166,1245
WBGene00007181.,5,2,7
WBGene00007182.,0,1,1
WBGene00007183.,3,153,156
WBGene00007184.,323,7726,8049
WBGene00007185.,120,920,1040
WBGene00007186.,42,1734,1776
WBGene00007187.,59,446,505
WBGene00007188.,137,1339,1476
WBGene00007189.,46,742,788
WBGene00007190.,4,48,52
WBGene00007191.,38,181,219
WBGene00007192.,1219,18144,19363
WBGene00007193.,162,1639,1801
WBGene00007194.,22,1894,1916
WBGene00007195.,235,2037,2272
WBGene00007196.,287,828,1115
WBGene00007197.,1420,13380,14800
WBGene00007198.,15,36,51
WBGene00007199.,4,7,11
WBGene00007200.,216,1272,1488
WBGene00007201.,0,264,264
WBGene00007202.,24,508,532
WBGene00007203.,6,311,317
WBGene00007204.,2,12,14
WBGene00007206.,0,129,129
WBGene00007207.,208,2473,2681
WBGene00007208.,0,0,0
WBGene00007209.,1,0,1
WBGene00007210.,41,173,214
WBGene00007211.,4,3,7
WBGene00007212.,17,66,83
WBGene00007213.,29,681,710
WBGene00007214.,368,2215,2583
WBGene00007215.,161,3553,3714
WBGene00007216.,495,1647,2142
WBGene00007217.,266,5737,6003
WBGene00007218.,41,6,47
WBGene00007219.,40,1811,1851
WBGene00007220.,2,14,16
WBGene00007221.,123,858,981
WBGene00007222.,5,67,72
WBGene00007223.,494,11514,12008
WBGene00007224.,14,84,98
WBGene00007225.,0,55,55
WBGene00007226.,167,1470,1637
WBGene00007227.,438,11091,11529
WBGene00007228.,32,184,216
WBGene00007229.,35,93,128
WBGene00007230.,6,15,21
WBGene00007231.,54,85,139
WBGene00007232.,29,193,222
WBGene00007233.,48,1387,1435
WBGene00007234.,0,1103,1103
WBGene00007235.,684,19465,20149
WBGene00007236.,4,632,636
WBGene00007237.,133,675,808
WBGene00007238.,0,0,0
WBGene00007239.,0,0,0
WBGene00007240.,228,2073,2301
WBGene00007241.,41,240,281
WBGene00007242.,49,669,718
WBGene00007243.,0,17,17
WBGene00007244.,0,4,4
WBGene00007245.,0,2,2
WBGene00007246.,0,16,16
WBGene00007247.,22,112,134
WBGene00007248.,2,17,19
WBGene00007249.,0,2,2
WBGene00007250.,0,2,2
WBGene00007251.,0,1,1
WBGene00007252.,53,280,333
WBGene00007253.,37,346,383
WBGene00007254.,34,84,118
WBGene00007255.,20,138,158
WBGene00007256.,2868,6513,9381
WBGene00007257.,976,3624,4600
WBGene00007258.,107,951,1058
WBGene00007259.,6,14,20
WBGene00007260.,559,977,1536
WBGene00007261.,244,5432,5676
WBGene00007262.,22,98,120
WBGene00007264.,10,70,80
WBGene00007265.,0,9,9
WBGene00007266.,82,1750,1832
WBGene00007267.,54,613,667
WBGene00007268.,14,108,122
WBGene00007269.,9,9,18
WBGene00007270.,43,1273,1316
WBGene00007271.,76,357,433
WBGene00007273.,49,21,70
WBGene00007274.,5,48,53
WBGene00007275.,133,222,355
WBGene00007277.,16,79,95
WBGene00007278.,2,35,37
WBGene00007279.,3,3,6
WBGene00007281.,3,96,99
WBGene00007282.,7,46,53
WBGene00007283.,1,1,2
WBGene00007284.,267,1012,1279
WBGene00007285.,16,197,213
WBGene00007286.,22,266,288
WBGene00007287.,38,940,978
WBGene00007288.,3,30,33
WBGene00007289.,0,0,0
WBGene00007290.,0,0,0
WBGene00007291.,0,0,0
WBGene00007292.,1,18,19
WBGene00007293.,0,1,1
WBGene00007294.,0,0,0
WBGene00007295.,19,240,259
WBGene00007296.,85,3545,3630
WBGene00007297.,73,485,558
WBGene00007299.,11,485,496
WBGene00007300.,0,0,0
WBGene00007301.,1019242,102,1019344
WBGene00007302.,71,1809,1880
WBGene00007303.,21,206,227
WBGene00007304.,83,413,496
WBGene00007305.,1,11,12
WBGene00007306.,2,3,5
WBGene00007307.,0,9,9
WBGene00007308.,0,1,1
WBGene00007309.,2,14,16
WBGene00007310.,9,14,23
WBGene00007311.,6,7,13
WBGene00007312.,14,1723,1737
WBGene00007313.,1,2,3
WBGene00007314.,23,31,54
WBGene00007315.,1,1,2
WBGene00007316.,267,1709,1976
WBGene00007317.,65,5249,5314
WBGene00007319.,6,2,8
WBGene00007320.,0,4,4
WBGene00007321.,55,958,1013
WBGene00007322.,11,26,37
WBGene00007323.,10,24,34
WBGene00007324.,576,5259,5835
WBGene00007325.,4,53,57
WBGene00007326.,13,61,74
WBGene00007327.,13,91,104
WBGene00007328.,5,10,15
WBGene00007329.,123,1293,1416
WBGene00007330.,693,38034,38727
WBGene00007331.,206,1231,1437
WBGene00007332.,6,567,573
WBGene00007333.,265,2031,2296
WBGene00007334.,57,483,540
WBGene00007335.,1,1,2
WBGene00007336.,13,103,116
WBGene00007337.,0,18,18
WBGene00007338.,26,152,178
WBGene00007339.,12,131,143
WBGene00007340.,12,32,44
WBGene00007341.,0,0,0
WBGene00007342.,0,0,0
WBGene00007343.,19,323,342
WBGene00007344.,11,101,112
WBGene00007345.,37,249,286
WBGene00007346.,9,78,87
WBGene00007347.,36,106,142
WBGene00007348.,98,537,635
WBGene00007349.,126,1086,1212
WBGene00007350.,1160,29652,30812
WBGene00007351.,43,65,108
WBGene00007352.,439,9967,10406
WBGene00007353.,728,8257,8985
WBGene00007354.,13,85,98
WBGene00007355.,0,14338,14338
WBGene00007356.,0,3,3
WBGene00007357.,269,1672,1941
WBGene00007358.,5,29,34
WBGene00007359.,2,3,5
WBGene00007360.,7,17,24
WBGene00007361.,11,7,18
WBGene00007362.,35,143,178
WBGene00007363.,59,2319,2378
WBGene00007364.,2,38,40
WBGene00007365.,482,12839,13321
WBGene00007366.,251,563,814
WBGene00007367.,43,742,785
WBGene00007368.,4,14,18
WBGene00007369.,0,18,18
WBGene00007370.,2,1,3
WBGene00007372.,12,74,86
WBGene00007373.,0,2,2
WBGene00007374.,7,41,48
WBGene00007375.,77,315,392
WBGene00007376.,2,3,5
WBGene00007377.,1,1,2
WBGene00007378.,12,33,45
WBGene00007379.,2,0,2
WBGene00007380.,0,7,7
WBGene00007381.,1,3,4
WBGene00007382.,1,35,36
WBGene00007383.,1,2,3
WBGene00007384.,4,221,225
WBGene00007385.,5280,99805,105085
WBGene00007386.,209,2694,2903
WBGene00007387.,177,870,1047
WBGene00007388.,86,910,996
WBGene00007389.,46,538,584
WBGene00007390.,25,4737,4762
WBGene00007391.,0,27,27
WBGene00007392.,0,17,17
WBGene00007393.,1,7,8
WBGene00007394.,16,45,61
WBGene00007395.,67,597,664
WBGene00007396.,100,932,1032
WBGene00007397.,10,104,114
WBGene00007398.,1,23,24
WBGene00007399.,12,31,43
WBGene00007400.,121,4103,4224
WBGene00007401.,0,0,0
WBGene00007402.,95,1050,1145
WBGene00007403.,96,911,1007
WBGene00007404.,8,5,13
WBGene00007405.,260,4858,5118
WBGene00007406.,4,4,8
WBGene00007407.,6,12,18
WBGene00007408.,11,207,218
WBGene00007409.,59,268,327
WBGene00007410.,36,39,75
WBGene00007411.,14,393,407
WBGene00007412.,66,1651,1717
WBGene00007413.,456,4399,4855
WBGene00007414.,39,346,385
WBGene00007415.,8,43,51
WBGene00007416.,49,144,193
WBGene00007417.,54,1075,1129
WBGene00007418.,13,44,57
WBGene00007419.,446,3579,4025
WBGene00007420.,2,155,157
WBGene00007421.,94,1109,1203
WBGene00007422.,5,58,63
WBGene00007423.,0,11,11
WBGene00007424.,2,31,33
WBGene00007425.,4,113,117
WBGene00007426.,4,11,15
WBGene00007427.,6,3,9
WBGene00007428.,306,2993,3299
WBGene00007429.,211,4527,4738
WBGene00007430.,14,436,450
WBGene00007431.,3,20,23
WBGene00007432.,1,1,2
WBGene00007433.,245,4825,5070
WBGene00007434.,9,733,742
WBGene00007435.,15,706,721
WBGene00007436.,7,1028,1035
WBGene00007437.,2,24,26
WBGene00007438.,2,1,3
WBGene00007439.,3,43,46
WBGene00007440.,5,42,47
WBGene00007441.,0,0,0
WBGene00007442.,0,12,12
WBGene00007443.,1192,18367,19559
WBGene00007444.,113,1860,1973
WBGene00007445.,18,306,324
WBGene00007446.,1,2,3
WBGene00007447.,0,1,1
WBGene00007448.,2,20,22
WBGene00007449.,1085,17478,18563
WBGene00007450.,1132,10362,11494
WBGene00007451.,0,0,0
WBGene00007452.,1,5,6
WBGene00007453.,0,7,7
WBGene00007454.,0,16,16
WBGene00007455.,27,228,255
WBGene00007456.,0,1,1
WBGene00007457.,0,1,1
WBGene00007458.,0,0,0
WBGene00007459.,0,0,0
WBGene00007460.,5,269,274
WBGene00007461.,0,1,1
WBGene00007462.,14,216,230
WBGene00007463.,185,27689,27874
WBGene00007464.,28,457,485
WBGene00007465.,10,73,83
WBGene00007466.,3,26,29
WBGene00007467.,1,65,66
WBGene00007468.,3,3,6
WBGene00007469.,6,32,38
WBGene00007470.,3,54,57
WBGene00007471.,3,41,44
WBGene00007472.,1,12,13
WBGene00007473.,0,0,0
WBGene00007474.,40,1111,1151
WBGene00007475.,0,0,0
WBGene00007476.,8,1920,1928
WBGene00007478.,20,14,34
WBGene00007479.,76,3519,3595
WBGene00007480.,37,431,468
WBGene00007481.,0,0,0
WBGene00007482.,6,103,109
WBGene00007483.,2,67,69
WBGene00007484.,1,34,35
WBGene00007485.,9,13,22
WBGene00007486.,367,636,1003
WBGene00007487.,58,1169,1227
WBGene00007488.,92,1780,1872
WBGene00007489.,0,3,3
WBGene00007490.,91,723,814
WBGene00007492.,671,6404,7075
WBGene00007493.,31,1606,1637
WBGene00007494.,7,25,32
WBGene00007495.,76,481,557
WBGene00007496.,3,6,9
WBGene00007497.,1,7,8
WBGene00007499.,238,476,714
WBGene00007500.,192,2927,3119
WBGene00007502.,55,215,270
WBGene00007503.,7,29,36
WBGene00007504.,18,738,756
WBGene00007505.,532,3577,4109
WBGene00007506.,11,60,71
WBGene00007507.,5,56,61
WBGene00007508.,0,6,6
WBGene00007509.,12,33,45
WBGene00007511.,84,1205,1289
WBGene00007512.,2,2,4
WBGene00007513.,27,130,157
WBGene00007514.,150,4885,5035
WBGene00007515.,8,105,113
WBGene00007516.,32,812,844
WBGene00007517.,1,66,67
WBGene00007518.,10,112,122
WBGene00007520.,154,1937,2091
WBGene00007521.,9,21,30
WBGene00007522.,153,198,351
WBGene00007523.,0,1,1
WBGene00007525.,10,176,186
WBGene00007528.,38,437,475
WBGene00007529.,69,1075,1144
WBGene00007530.,15,87,102
WBGene00007531.,75,1319,1394
WBGene00007533.,79,429,508
WBGene00007534.,91,9488,9579
WBGene00007535.,0,2,2
WBGene00007536.,9,86,95
WBGene00007537.,5,584,589
WBGene00007538.,2,21,23
WBGene00007539.,0,0,0
WBGene00007540.,0,11,11
WBGene00007541.,8,698,706
WBGene00007542.,0,19,19
WBGene00007543.,0,48,48
WBGene00007544.,6,246,252
WBGene00007545.,109,369,478
WBGene00007546.,100,695,795
WBGene00007547.,162,1246,1408
WBGene00007548.,58,448,506
WBGene00007549.,33,371,404
WBGene00007550.,31,179,210
WBGene00007551.,115,2603,2718
WBGene00007552.,21,352,373
WBGene00007553.,2,754,756
WBGene00007554.,351,5107,5458
WBGene00007555.,12,9358,9370
WBGene00007556.,87,1313,1400
WBGene00007557.,6,75,81
WBGene00007558.,4,53,57
WBGene00007559.,0,4,4
WBGene00007560.,7,65,72
WBGene00007561.,35,1306,1341
WBGene00007562.,167,692,859
WBGene00007563.,4,96,100
WBGene00007564.,17,6717,6734
WBGene00007565.,2,3,5
WBGene00007567.,0,0,0
WBGene00007569.,0,0,0
WBGene00007570.,4,0,4
WBGene00007571.,0,1,1
WBGene00007572.,0,1,1
WBGene00007573.,33,1644,1677
WBGene00007574.,102,2445,2547
WBGene00007576.,105,1641,1746
WBGene00007577.,157,948,1105
WBGene00007578.,3,265,268
WBGene00007579.,104,1796,1900
WBGene00007580.,16,215,231
WBGene00007581.,37,1023,1060
WBGene00007583.,499,2379,2878
WBGene00007584.,7,27,34
WBGene00007585.,54,409,463
WBGene00007586.,60,6197,6257
WBGene00007587.,143,4536,4679
WBGene00007588.,75,6081,6156
WBGene00007589.,6,376,382
WBGene00007590.,290,3821,4111
WBGene00007591.,191,2751,2942
WBGene00007592.,572,4455,5027
WBGene00007593.,318,2230,2548
WBGene00007594.,51,1737,1788
WBGene00007595.,14,159,173
WBGene00007597.,301,436,737
WBGene00007598.,2,7,9
WBGene00007599.,138,687,825
WBGene00007600.,9,636,645
WBGene00007601.,3,6,9
WBGene00007602.,758,1986,2744
WBGene00007603.,52,466,518
WBGene00007604.,4,249,253
WBGene00007605.,13,421,434
WBGene00007606.,46,1306,1352
WBGene00007607.,9,137,146
WBGene00007608.,14,146,160
WBGene00007609.,17,1195,1212
WBGene00007610.,0,1,1
WBGene00007611.,4,18,22
WBGene00007613.,2,7,9
WBGene00007614.,405,853,1258
WBGene00007615.,155,1772,1927
WBGene00007616.,321,4594,4915
WBGene00007617.,466,16161,16627
WBGene00007618.,1,11,12
WBGene00007619.,93,272,365
WBGene00007620.,2970,2694,5664
WBGene00007621.,399,3689,4088
WBGene00007622.,158,447,605
WBGene00007623.,288,3415,3703
WBGene00007624.,6,610,616
WBGene00007625.,189,5197,5386
WBGene00007626.,106,3217,3323
WBGene00007627.,70,1823,1893
WBGene00007628.,264,2901,3165
WBGene00007629.,36,393,429
WBGene00007630.,61,43144,43205
WBGene00007631.,36,21,57
WBGene00007632.,2,28,30
WBGene00007633.,55,25,80
WBGene00007635.,187,419,606
WBGene00007637.,269,1156,1425
WBGene00007638.,0,0,0
WBGene00007639.,5,17,22
WBGene00007640.,188,1177,1365
WBGene00007641.,1,0,1
WBGene00007642.,0,0,0
WBGene00007643.,12,42,54
WBGene00007644.,4,69,73
WBGene00007645.,558,3735,4293
WBGene00007646.,511,9845,10356
WBGene00007647.,631,3944,4575
WBGene00007648.,0,13,13
WBGene00007649.,0,0,0
WBGene00007650.,14,99,113
WBGene00007651.,113,1147,1260
WBGene00007652.,113,1816,1929
WBGene00007653.,226,6010,6236
WBGene00007654.,6,4,10
WBGene00007655.,61,1,62
WBGene00007656.,2,2,4
WBGene00007657.,3,0,3
WBGene00007658.,5,5,10
WBGene00007659.,0,1,1
WBGene00007660.,1,0,1
WBGene00007661.,2,1,3
WBGene00007662.,1,4,5
WBGene00007664.,160,1991,2151
WBGene00007666.,252,1758,2010
WBGene00007667.,57,395,452
WBGene00007668.,117,2024,2141
WBGene00007669.,8,44,52
WBGene00007670.,44,149,193
WBGene00007672.,2,10,12
WBGene00007673.,0,0,0
WBGene00007674.,0,0,0
WBGene00007675.,61,385,446
WBGene00007676.,1,3,4
WBGene00007677.,0,2,2
WBGene00007678.,2,1,3
WBGene00007679.,81,2918,2999
WBGene00007680.,36,91,127
WBGene00007681.,937,7723,8660
WBGene00007682.,3,22,25
WBGene00007683.,1253,17236,18489
WBGene00007684.,1917,31022,32939
WBGene00007685.,35,108,143
WBGene00007686.,120,14660,14780
WBGene00007687.,13,146,159
WBGene00007688.,2,5,7
WBGene00007689.,21,1232,1253
WBGene00007690.,810,1060,1870
WBGene00007691.,5,18,23
WBGene00007692.,2,14,16
WBGene00007693.,0,4,4
WBGene00007694.,7,74,81
WBGene00007695.,1,28,29
WBGene00007696.,161,12083,12244
WBGene00007697.,168,1098,1266
WBGene00007698.,110,1612,1722
WBGene00007699.,0,0,0
WBGene00007700.,0,0,0
WBGene00007701.,3,9,12
WBGene00007702.,258,944,1202
WBGene00007703.,1136,4160,5296
WBGene00007704.,23,369,392
WBGene00007705.,19,1619,1638
WBGene00007707.,15,1242,1257
WBGene00007708.,0,0,0
WBGene00007709.,0,200,200
WBGene00007710.,30,1161,1191
WBGene00007711.,16,1554,1570
WBGene00007712.,24,8322,8346
WBGene00007713.,0,51,51
WBGene00007714.,0,0,0
WBGene00007715.,0,0,0
WBGene00007716.,0,0,0
WBGene00007717.,4,25,29
WBGene00007718.,5,3074,3079
WBGene00007719.,0,7,7
WBGene00007720.,5,1315,1320
WBGene00007721.,0,0,0
WBGene00007722.,26,342,368
WBGene00007723.,14,23,37
WBGene00007724.,16,12,28
WBGene00007725.,2,11,13
WBGene00007726.,3,14,17
WBGene00007727.,1,5,6
WBGene00007728.,1,20,21
WBGene00007729.,47,845,892
WBGene00007730.,52,1922,1974
WBGene00007731.,5,1638,1643
WBGene00007732.,1,44,45
WBGene00007733.,0,20,20
WBGene00007734.,3,23,26
WBGene00007735.,1,1,2
WBGene00007736.,84,1569,1653
WBGene00007739.,113,60,173
WBGene00007740.,7,4,11
WBGene00007741.,122,844,966
WBGene00007742.,32,32,64
WBGene00007743.,16,123,139
WBGene00007744.,569,888,1457
WBGene00007745.,131,637,768
WBGene00007746.,39,576,615
WBGene00007747.,1,18,19
WBGene00007748.,25,50,75
WBGene00007749.,54,1024,1078
WBGene00007750.,78,1626,1704
WBGene00007751.,32,46,78
WBGene00007752.,428,2594,3022
WBGene00007753.,86,781,867
WBGene00007754.,19,56,75
WBGene00007755.,90,384,474
WBGene00007756.,210,1484,1694
WBGene00007757.,52,84,136
WBGene00007758.,409,2150,2559
WBGene00007759.,3,7,10
WBGene00007760.,55,1123,1178
WBGene00007761.,297,2526,2823
WBGene00007762.,10,598,608
WBGene00007763.,50,234,284
WBGene00007764.,433,2450,2883
WBGene00007765.,9,27,36
WBGene00007766.,6,287,293
WBGene00007767.,0,0,0
WBGene00007768.,3,18,21
WBGene00007769.,1,1,2
WBGene00007770.,0,1,1
WBGene00007771.,3,283,286
WBGene00007772.,94,1623,1717
WBGene00007773.,1,9,10
WBGene00007774.,119,1414,1533
WBGene00007775.,100,188,288
WBGene00007776.,40,297,337
WBGene00007777.,4,2,6
WBGene00007778.,3,25,28
WBGene00007779.,15,231,246
WBGene00007780.,18,298,316
WBGene00007784.,135,7133,7268
WBGene00007785.,19,1286,1305
WBGene00007786.,394,11862,12256
WBGene00007787.,27,3737,3764
WBGene00007788.,8,100,108
WBGene00007789.,14,100,114
WBGene00007791.,6,18,24
WBGene00007792.,0,2,2
WBGene00007793.,0,4,4
WBGene00007794.,0,2,2
WBGene00007795.,0,0,0
WBGene00007796.,32,260,292
WBGene00007797.,23,154,177
WBGene00007798.,3,1,4
WBGene00007799.,297,799,1096
WBGene00007800.,33,67,100
WBGene00007801.,284,1090,1374
WBGene00007802.,65,107,172
WBGene00007804.,1,30,31
WBGene00007805.,0,1,1
WBGene00007806.,9,94,103
WBGene00007807.,7,107,114
WBGene00007808.,7,33,40
WBGene00007809.,2,29,31
WBGene00007810.,14,58,72
WBGene00007811.,19,175,194
WBGene00007812.,311,4382,4693
WBGene00007813.,1,1,2
WBGene00007816.,143,153,296
WBGene00007817.,121,300,421
WBGene00007818.,180,279,459
WBGene00007819.,19,535,554
WBGene00007820.,291,2750,3041
WBGene00007821.,70,229,299
WBGene00007822.,14,16,30
WBGene00007823.,16,75,91
WBGene00007824.,3127,8505,11632
WBGene00007825.,40,818,858
WBGene00007826.,25,2490,2515
WBGene00007827.,132,2039,2171
WBGene00007829.,1,0,1
WBGene00007831.,0,7,7
WBGene00007832.,0,9,9
WBGene00007833.,1,4,5
WBGene00007834.,2,1,3
WBGene00007835.,10,57,67
WBGene00007836.,16,2612,2628
WBGene00007837.,56,497,553
WBGene00007838.,0,16,16
WBGene00007840.,105,14,119
WBGene00007841.,44,1168,1212
WBGene00007842.,0,203,203
WBGene00007844.,10,14,24
WBGene00007846.,57,816,873
WBGene00007847.,53,630,683
WBGene00007848.,611,11140,11751
WBGene00007849.,112,414,526
WBGene00007850.,1,5,6
WBGene00007851.,2,56,58
WBGene00007852.,0,1,1
WBGene00007853.,0,6,6
WBGene00007854.,115,294,409
WBGene00007855.,0,1991,1991
WBGene00007856.,16,482,498
WBGene00007857.,2,41,43
WBGene00007858.,7,54,61
WBGene00007859.,138,4634,4772
WBGene00007860.,704,3395,4099
WBGene00007861.,5,54,59
WBGene00007862.,99,330,429
WBGene00007863.,9,3,12
WBGene00007864.,0,6,6
WBGene00007865.,0,2,2
WBGene00007866.,0,1,1
WBGene00007867.,5,25,30
WBGene00007868.,3,919,922
WBGene00007869.,1,63,64
WBGene00007870.,3,76,79
WBGene00007871.,0,0,0
WBGene00007872.,0,0,0
WBGene00007873.,0,0,0
WBGene00007874.,0,24,24
WBGene00007875.,2,92,94
WBGene00007876.,0,1,1
WBGene00007877.,588,5685,6273
WBGene00007878.,231,526,757
WBGene00007880.,2836,23640,26476
WBGene00007881.,68,2543,2611
WBGene00007882.,182,6780,6962
WBGene00007883.,143,4485,4628
WBGene00007885.,87,475,562
WBGene00007886.,175,678,853
WBGene00007887.,0,0,0
WBGene00007888.,20,67,87
WBGene00007889.,9,0,9
WBGene00007890.,27,220,247
WBGene00007891.,6,92,98
WBGene00007892.,165,2585,2750
WBGene00007893.,9,4,13
WBGene00007894.,2,27,29
WBGene00007895.,0,3,3
WBGene00007896.,9,15,24
WBGene00007897.,5,48,53
WBGene00007898.,18,300,318
WBGene00007899.,110,821,931
WBGene00007900.,164,1059,1223
WBGene00007901.,14,1038,1052
WBGene00007902.,0,253,253
WBGene00007903.,15,177,192
WBGene00007904.,16,23,39
WBGene00007905.,4,7,11
WBGene00007906.,65,811,876
WBGene00007907.,1639,9558,11197
WBGene00007908.,192,613,805
WBGene00007909.,134,159,293
WBGene00007910.,5,26,31
WBGene00007911.,7,105,112
WBGene00007912.,96,1322,1418
WBGene00007913.,129,579,708
WBGene00007914.,160,1726,1886
WBGene00007916.,16,797,813
WBGene00007917.,185,1668,1853
WBGene00007918.,65,1144,1209
WBGene00007919.,186,1163,1349
WBGene00007920.,0,0,0
WBGene00007921.,236,2247,2483
WBGene00007922.,261,1517,1778
WBGene00007923.,408,3353,3761
WBGene00007924.,397,15092,15489
WBGene00007925.,133,2027,2160
WBGene00007926.,49,148,197
WBGene00007927.,564,9972,10536
WBGene00007928.,6,46,52
WBGene00007929.,74,454,528
WBGene00007931.,42,516,558
WBGene00007932.,50,257,307
WBGene00007933.,25,337,362
WBGene00007934.,72,2332,2404
WBGene00007935.,74,103,177
WBGene00007937.,3,8,11
WBGene00007938.,25,797,822
WBGene00007939.,24,205,229
WBGene00007941.,78,381,459
WBGene00007942.,83,3541,3624
WBGene00007943.,42,1404,1446
WBGene00007944.,186,1696,1882
WBGene00007945.,9,70,79
WBGene00007946.,1,38,39
WBGene00007947.,86,858,944
WBGene00007948.,3,0,3
WBGene00007949.,7,166,173
WBGene00007950.,592,3240,3832
WBGene00007951.,181,562,743
WBGene00007952.,142,4095,4237
WBGene00007953.,142,416,558
WBGene00007954.,2,9,11
WBGene00007955.,205,7639,7844
WBGene00007956.,80,830,910
WBGene00007957.,12,127,139
WBGene00007958.,233,1183,1416
WBGene00007959.,76,721,797
WBGene00007960.,1,2,3
WBGene00007961.,0,5,5
WBGene00007962.,2,0,2
WBGene00007963.,2,10,12
WBGene00007964.,21,66,87
WBGene00007965.,28,621,649
WBGene00007966.,8,161,169
WBGene00007967.,35,328,363
WBGene00007969.,44,4329,4373
WBGene00007970.,29,330,359
WBGene00007971.,264,5367,5631
WBGene00007972.,168,1539,1707
WBGene00007973.,2,8,10
WBGene00007974.,124,2399,2523
WBGene00007975.,139,1840,1979
WBGene00007976.,50,961,1011
WBGene00007977.,1,16,17
WBGene00007978.,40,679,719
WBGene00007979.,54,1084,1138
WBGene00007980.,243,7692,7935
WBGene00007981.,155,3639,3794
WBGene00007982.,204,1774,1978
WBGene00007983.,159,973,1132
WBGene00007984.,151,1717,1868
WBGene00007985.,120,186,306
WBGene00007986.,1,4,5
WBGene00007987.,0,2,2
WBGene00007988.,29,138,167
WBGene00007989.,3,38,41
WBGene00007990.,0,20,20
WBGene00007991.,43,471,514
WBGene00007992.,0,27,27
WBGene00007993.,162,10096,10258
WBGene00007994.,100,701,801
WBGene00007995.,0,3,3
WBGene00007996.,7,13,20
WBGene00007997.,50,52,102
WBGene00007998.,4,8,12
WBGene00007999.,48,591,639
WBGene00008000.,109,2059,2168
WBGene00008001.,2,2,4
WBGene00008002.,49,338,387
WBGene00008003.,14,284,298
WBGene00008005.,24,351,375
WBGene00008006.,268,1372,1640
WBGene00008007.,7,52,59
WBGene00008008.,164,550,714
WBGene00008009.,0,3,3
WBGene00008010.,6,33,39
WBGene00008012.,0,1,1
WBGene00008013.,0,1,1
WBGene00008014.,1,0,1
WBGene00008015.,3,0,3
WBGene00008016.,0,1,1
WBGene00008017.,1,0,1
WBGene00008018.,141,515,656
WBGene00008019.,62,1932,1994
WBGene00008020.,5,116,121
WBGene00008021.,16,204,220
WBGene00008022.,103,793,896
WBGene00008023.,5,341,346
WBGene00008024.,2,14,16
WBGene00008025.,9,276,285
WBGene00008026.,8,3,11
WBGene00008027.,10,273,283
WBGene00008028.,23,435,458
WBGene00008029.,0,4,4
WBGene00008030.,1,4,5
WBGene00008031.,18,61,79
WBGene00008032.,303,2611,2914
WBGene00008033.,48,357,405
WBGene00008034.,289,6076,6365
WBGene00008035.,37,2124,2161
WBGene00008036.,2,5,7
WBGene00008037.,11,30,41
WBGene00008038.,4,8,12
WBGene00008039.,43,746,789
WBGene00008040.,575,9325,9900
WBGene00008041.,486,9155,9641
WBGene00008042.,5,23,28
WBGene00008043.,21,135,156
WBGene00008044.,3,5,8
WBGene00008045.,136,237,373
WBGene00008047.,26,80,106
WBGene00008048.,0,1,1
WBGene00008050.,47,1783,1830
WBGene00008051.,54,277,331
WBGene00008052.,57,985,1042
WBGene00008053.,188,4912,5100
WBGene00008054.,30,23,53
WBGene00008055.,1,3,4
WBGene00008056.,0,1,1
WBGene00008057.,0,5,5
WBGene00008058.,0,0,0
WBGene00008059.,0,0,0
WBGene00008060.,0,0,0
WBGene00008061.,14,161,175
WBGene00008062.,26,179,205
WBGene00008063.,13,50,63
WBGene00008064.,6457,200,6657
WBGene00008065.,37,285,322
WBGene00008066.,2,119,121
WBGene00008067.,1,2,3
WBGene00008068.,0,2,2
WBGene00008069.,0,3,3
WBGene00008070.,0,35,35
WBGene00008071.,2,1,3
WBGene00008072.,4,50,54
WBGene00008073.,1,271,272
WBGene00008074.,3,13,16
WBGene00008075.,19,308,327
WBGene00008076.,72,861,933
WBGene00008077.,2,57,59
WBGene00008078.,44,674,718
WBGene00008079.,7,14,21
WBGene00008080.,1,56,57
WBGene00008081.,195,1117,1312
WBGene00008082.,81,298,379
WBGene00008083.,12,16,28
WBGene00008084.,0,21,21
WBGene00008085.,29,622,651
WBGene00008086.,3,52,55
WBGene00008087.,0,0,0
WBGene00008088.,0,2,2
WBGene00008089.,85,1213,1298
WBGene00008090.,0,0,0
WBGene00008091.,7,33,40
WBGene00008092.,2,11,13
WBGene00008093.,31,38,69
WBGene00008094.,567,804,1371
WBGene00008095.,1,63,64
WBGene00008096.,9,273,282
WBGene00008097.,0,8,8
WBGene00008098.,12,51,63
WBGene00008099.,15,72,87
WBGene00008100.,174,1036,1210
WBGene00008101.,3,28,31
WBGene00008102.,1,22,23
WBGene00008104.,0,0,0
WBGene00008105.,2,7,9
WBGene00008106.,4,20,24
WBGene00008107.,39,1627,1666
WBGene00008110.,405,8213,8618
WBGene00008111.,10,45,55
WBGene00008112.,3,10,13
WBGene00008113.,11,39,50
WBGene00008114.,9,182,191
WBGene00008117.,54,5017,5071
WBGene00008118.,256,1182,1438
WBGene00008119.,597,2456,3053
WBGene00008120.,809,2766,3575
WBGene00008121.,135,2911,3046
WBGene00008122.,0,0,0
WBGene00008123.,6,52,58
WBGene00008124.,3,13,16
WBGene00008125.,0,0,0
WBGene00008126.,0,0,0
WBGene00008127.,18,32,50
WBGene00008128.,10,123,133
WBGene00008129.,2,8,10
WBGene00008130.,8,228,236
WBGene00008131.,105,1978,2083
WBGene00008132.,3722,2182,5904
WBGene00008133.,136,137,273
WBGene00008134.,206,2168,2374
WBGene00008135.,0,0,0
WBGene00008136.,117,2238,2355
WBGene00008137.,1,28,29
WBGene00008138.,0,15,15
WBGene00008139.,15,146,161
WBGene00008140.,905,634,1539
WBGene00008141.,4,13,17
WBGene00008142.,53,556,609
WBGene00008143.,157,2272,2429
WBGene00008144.,45,775,820
WBGene00008145.,99,366,465
WBGene00008146.,11,24,35
WBGene00008147.,253,3922,4175
WBGene00008148.,27,686,713
WBGene00008149.,412,31070,31482
WBGene00008150.,20,58,78
WBGene00008151.,241,7743,7984
WBGene00008152.,54,1148,1202
WBGene00008153.,15,9,24
WBGene00008154.,2,4,6
WBGene00008155.,7,31,38
WBGene00008156.,4,5,9
WBGene00008157.,0,0,0
WBGene00008158.,3,0,3
WBGene00008159.,1,0,1
WBGene00008160.,0,1,1
WBGene00008161.,2,8,10
WBGene00008162.,1,1,2
WBGene00008163.,0,0,0
WBGene00008164.,47,4041,4088
WBGene00008165.,43,1466,1509
WBGene00008166.,59,1546,1605
WBGene00008167.,20,95,115
WBGene00008168.,55,975,1030
WBGene00008169.,11,178,189
WBGene00008170.,24,384,408
WBGene00008171.,8,99,107
WBGene00008172.,8,190,198
WBGene00008173.,13,556,569
WBGene00008174.,19,172,191
WBGene00008175.,0,8,8
WBGene00008176.,7,29,36
WBGene00008177.,60,460,520
WBGene00008178.,114,49,163
WBGene00008179.,0,1,1
WBGene00008180.,20,308,328
WBGene00008183.,1526,2254,3780
WBGene00008184.,1,26,27
WBGene00008185.,9,3,12
WBGene00008186.,6,9,15
WBGene00008187.,59,36,95
WBGene00008188.,3,11,14
WBGene00008190.,50,59,109
WBGene00008191.,438,21124,21562
WBGene00008192.,0,1,1
WBGene00008193.,2,62,64
WBGene00008194.,24,99,123
WBGene00008195.,113,937,1050
WBGene00008196.,0,92,92
WBGene00008197.,45,677,722
WBGene00008198.,60,2153,2213
WBGene00008199.,3,40,43
WBGene00008200.,1,16,17
WBGene00008201.,1,8,9
WBGene00008202.,0,43,43
WBGene00008203.,152,1077,1229
WBGene00008204.,30,749,779
WBGene00008205.,1672,50374,52046
WBGene00008206.,168,1113,1281
WBGene00008207.,7,36,43
WBGene00008208.,11,73,84
WBGene00008209.,11,31,42
WBGene00008210.,22,211,233
WBGene00008211.,30,888,918
WBGene00008212.,17,237,254
WBGene00008213.,32,335,367
WBGene00008214.,143,1131,1274
WBGene00008215.,20,4089,4109
WBGene00008216.,24,78,102
WBGene00008217.,2,4,6
WBGene00008218.,22,3433,3455
WBGene00008219.,29,1283,1312
WBGene00008220.,0,71,71
WBGene00008221.,73,1163,1236
WBGene00008222.,21,207,228
WBGene00008223.,5,7,12
WBGene00008224.,310,3943,4253
WBGene00008225.,58,2014,2072
WBGene00008226.,37,279,316
WBGene00008227.,59,263,322
WBGene00008228.,4,134,138
WBGene00008229.,7,351,358
WBGene00008230.,69,151,220
WBGene00008231.,3,24,27
WBGene00008232.,27,673,700
WBGene00008233.,14,839,853
WBGene00008234.,7,36,43
WBGene00008235.,15,65,80
WBGene00008236.,62,527,589
WBGene00008237.,138,2433,2571
WBGene00008238.,84,1290,1374
WBGene00008239.,2,25,27
WBGene00008240.,0,7,7
WBGene00008241.,1,2,3
WBGene00008242.,1,30,31
WBGene00008243.,4,11,15
WBGene00008244.,0,4,4
WBGene00008245.,1,21,22
WBGene00008246.,0,7,7
WBGene00008247.,292,116,408
WBGene00008248.,4,53,57
WBGene00008249.,11,32,43
WBGene00008250.,10,19,29
WBGene00008251.,13,37,50
WBGene00008252.,17,170,187
WBGene00008253.,1,66,67
WBGene00008254.,368,1658,2026
WBGene00008255.,31,336,367
WBGene00008256.,42,240,282
WBGene00008257.,3,28,31
WBGene00008258.,38,1342,1380
WBGene00008259.,3,13,16
WBGene00008260.,29,450,479
WBGene00008261.,6,52,58
WBGene00008262.,1827,100182,102009
WBGene00008263.,295,418,713
WBGene00008265.,165,303,468
WBGene00008266.,70,1300,1370
WBGene00008267.,6,118,124
WBGene00008268.,1,9,10
WBGene00008269.,2,98,100
WBGene00008270.,185,465,650
WBGene00008271.,13,9,22
WBGene00008272.,47,42,89
WBGene00008273.,171,789,960
WBGene00008274.,680,4727,5407
WBGene00008275.,85,866,951
WBGene00008277.,17,23,40
WBGene00008278.,166,230,396
WBGene00008279.,21,6,27
WBGene00008280.,26,159,185
WBGene00008281.,49,970,1019
WBGene00008282.,3,1,4
WBGene00008283.,130,1061,1191
WBGene00008284.,156,1123,1279
WBGene00008285.,36,10,46
WBGene00008286.,6,28,34
WBGene00008287.,79,736,815
WBGene00008288.,119,1501,1620
WBGene00008289.,0,3,3
WBGene00008290.,4,23,27
WBGene00008291.,0,10,10
WBGene00008292.,55,934,989
WBGene00008293.,3,0,3
WBGene00008294.,0,3,3
WBGene00008295.,0,0,0
WBGene00008296.,18,234,252
WBGene00008297.,5,8,13
WBGene00008298.,308,5849,6157
WBGene00008299.,5,6,11
WBGene00008300.,23,474,497
WBGene00008301.,8,14,22
WBGene00008302.,4,30,34
WBGene00008303.,11,69,80
WBGene00008304.,10,83,93
WBGene00008306.,0,2,2
WBGene00008307.,206,465,671
WBGene00008308.,1,0,1
WBGene00008309.,12,43,55
WBGene00008310.,162,2014,2176
WBGene00008311.,157,2541,2698
WBGene00008312.,6,3,9
WBGene00008313.,2,8,10
WBGene00008314.,26,76,102
WBGene00008315.,162,1253,1415
WBGene00008316.,88,740,828
WBGene00008317.,84,1028,1112
WBGene00008318.,13,722,735
WBGene00008319.,0,0,0
WBGene00008320.,27,187,214
WBGene00008321.,4,0,4
WBGene00008322.,0,20,20
WBGene00008323.,14,598,612
WBGene00008324.,0,42,42
WBGene00008325.,4,9,13
WBGene00008326.,0,1,1
WBGene00008327.,0,5,5
WBGene00008328.,1,1,2
WBGene00008330.,45,1882,1927
WBGene00008331.,307,3418,3725
WBGene00008332.,72,771,843
WBGene00008333.,20,509,529
WBGene00008334.,140,1048,1188
WBGene00008335.,36,653,689
WBGene00008336.,6,153,159
WBGene00008337.,0,1,1
WBGene00008338.,322,4185,4507
WBGene00008339.,69,1379,1448
WBGene00008340.,1,17,18
WBGene00008341.,7,212,219
WBGene00008342.,64,225,289
WBGene00008343.,22,975,997
WBGene00008344.,184,2017,2201
WBGene00008345.,126,2524,2650
WBGene00008346.,12,70,82
WBGene00008348.,241,606,847
WBGene00008349.,8,26,34
WBGene00008350.,7,23,30
WBGene00008351.,0,3,3
WBGene00008352.,2,13,15
WBGene00008353.,13,800,813
WBGene00008354.,34,634,668
WBGene00008355.,12,100,112
WBGene00008356.,25,47032,47057
WBGene00008357.,21,6610,6631
WBGene00008358.,36,9166,9202
WBGene00008359.,76,18135,18211
WBGene00008360.,6,8883,8889
WBGene00008361.,54,608,662
WBGene00008362.,125,3073,3198
WBGene00008363.,35,572,607
WBGene00008364.,23,1203,1226
WBGene00008365.,10,67,77
WBGene00008366.,318,1618,1936
WBGene00008367.,0,2,2
WBGene00008368.,88,408,496
WBGene00008369.,121,471,592
WBGene00008370.,280,2482,2762
WBGene00008371.,230,1972,2202
WBGene00008372.,1,11,12
WBGene00008373.,5,28,33
WBGene00008374.,1,6,7
WBGene00008375.,19,1755,1774
WBGene00008376.,80,699,779
WBGene00008377.,0,2,2
WBGene00008378.,0,2,2
WBGene00008379.,20,358,378
WBGene00008380.,107,2179,2286
WBGene00008381.,0,2,2
WBGene00008382.,30,338,368
WBGene00008383.,5,30,35
WBGene00008384.,3,172,175
WBGene00008385.,27,580,607
WBGene00008386.,479,6480,6959
WBGene00008387.,14,111,125
WBGene00008388.,91,375,466
WBGene00008389.,104,2575,2679
WBGene00008390.,144,1160,1304
WBGene00008392.,1894,14875,16769
WBGene00008393.,1,4,5
WBGene00008394.,3,1,4
WBGene00008395.,841,11963,12804
WBGene00008396.,0,59,59
WBGene00008397.,1,2,3
WBGene00008398.,593,7262,7855
WBGene00008399.,50,374,424
WBGene00008400.,162,1949,2111
WBGene00008401.,34,139,173
WBGene00008402.,80,1440,1520
WBGene00008403.,42,276,318
WBGene00008404.,29,2496,2525
WBGene00008405.,69,2892,2961
WBGene00008407.,384,1178,1562
WBGene00008408.,67,1860,1927
WBGene00008409.,138,5997,6135
WBGene00008410.,61,1642,1703
WBGene00008411.,94,1941,2035
WBGene00008412.,166,1533,1699
WBGene00008413.,62,1635,1697
WBGene00008414.,603,25292,25895
WBGene00008415.,439,16483,16922
WBGene00008417.,21,475,496
WBGene00008418.,64,404,468
WBGene00008419.,827,4658,5485
WBGene00008420.,416,2866,3282
WBGene00008421.,80,419,499
WBGene00008422.,52,2073,2125
WBGene00008423.,5,48,53
WBGene00008424.,24,326,350
WBGene00008425.,7,38,45
WBGene00008426.,140,826,966
WBGene00008427.,12,78,90
WBGene00008428.,60,2123,2183
WBGene00008429.,111,1286,1397
WBGene00008430.,343,2605,2948
WBGene00008431.,268,966,1234
WBGene00008432.,172,1885,2057
WBGene00008433.,7,2,9
WBGene00008434.,27,1082,1109
WBGene00008435.,57,238,295
WBGene00008436.,356,4185,4541
WBGene00008438.,668,2157,2825
WBGene00008439.,135,779,914
WBGene00008440.,13,354,367
WBGene00008441.,291,1008,1299
WBGene00008442.,266,1416,1682
WBGene00008443.,3210,1774,4984
WBGene00008444.,961,1899,2860
WBGene00008446.,924,10719,11643
WBGene00008447.,42,713,755
WBGene00008448.,1,52,53
WBGene00008449.,17,109,126
WBGene00008450.,31,2420,2451
WBGene00008451.,19,123,142
WBGene00008452.,265,6311,6576
WBGene00008453.,239,1967,2206
WBGene00008454.,15,660,675
WBGene00008455.,191,3375,3566
WBGene00008456.,30,978,1008
WBGene00008457.,100,553,653
WBGene00008458.,186,2148,2334
WBGene00008459.,236,2831,3067
WBGene00008460.,131,139,270
WBGene00008462.,1,12,13
WBGene00008463.,0,35,35
WBGene00008464.,2,2,4
WBGene00008465.,67,2,69
WBGene00008468.,2,9,11
WBGene00008470.,0,0,0
WBGene00008471.,0,1,1
WBGene00008472.,3,1,4
WBGene00008473.,0,1,1
WBGene00008474.,0,1,1
WBGene00008475.,3,42,45
WBGene00008476.,36,201,237
WBGene00008477.,0,24,24
WBGene00008478.,0,2,2
WBGene00008479.,1,0,1
WBGene00008480.,255,8502,8757
WBGene00008481.,38,269,307
WBGene00008482.,2,27,29
WBGene00008483.,3,19,22
WBGene00008484.,26,2525,2551
WBGene00008485.,0,11,11
WBGene00008486.,7,117,124
WBGene00008487.,47,135,182
WBGene00008488.,64,689,753
WBGene00008489.,14,31,45
WBGene00008490.,32,431,463
WBGene00008491.,219,243,462
WBGene00008492.,9,73,82
WBGene00008493.,0,8,8
WBGene00008494.,4,34,38
WBGene00008495.,5,119,124
WBGene00008496.,22,295,317
WBGene00008497.,2,4,6
WBGene00008498.,12,45,57
WBGene00008499.,54,106,160
WBGene00008500.,119,250,369
WBGene00008501.,2,1,3
WBGene00008502.,250,2447,2697
WBGene00008503.,16,437,453
WBGene00008504.,49,1690,1739
WBGene00008505.,506,78015,78521
WBGene00008506.,78,7608,7686
WBGene00008507.,0,3,3
WBGene00008508.,1,4,5
WBGene00008509.,2,266,268
WBGene00008510.,560,5877,6437
WBGene00008511.,19,174,193
WBGene00008512.,13,114,127
WBGene00008513.,216,469,685
WBGene00008514.,58,5174,5232
WBGene00008515.,74,482,556
WBGene00008516.,5,145,150
WBGene00008517.,31,257,288
WBGene00008518.,21,38,59
WBGene00008519.,219,558,777
WBGene00008520.,44,51,95
WBGene00008521.,207,3153,3360
WBGene00008522.,6,969,975
WBGene00008523.,0,0,0
WBGene00008524.,5,3,8
WBGene00008526.,0,14,14
WBGene00008527.,0,0,0
WBGene00008528.,224,2646,2870
WBGene00008529.,11,108,119
WBGene00008530.,251,6042,6293
WBGene00008531.,215,1159,1374
WBGene00008532.,271,4797,5068
WBGene00008533.,365,1382,1747
WBGene00008534.,1,3,4
WBGene00008535.,0,7,7
WBGene00008536.,0,4,4
WBGene00008537.,25,4,29
WBGene00008538.,821,8064,8885
WBGene00008539.,1,5,6
WBGene00008540.,9,5,14
WBGene00008541.,1,28,29
WBGene00008542.,26,52,78
WBGene00008543.,42,471,513
WBGene00008545.,30,45,75
WBGene00008546.,205,2430,2635
WBGene00008547.,307,1645,1952
WBGene00008548.,61,205,266
WBGene00008549.,785,11239,12024
WBGene00008550.,5,5,10
WBGene00008551.,1,16,17
WBGene00008552.,0,1,1
WBGene00008553.,5,138,143
WBGene00008554.,537,14385,14922
WBGene00008555.,1642,3394,5036
WBGene00008556.,10,14,24
WBGene00008557.,83,381,464
WBGene00008558.,8,155,163
WBGene00008559.,4,61,65
WBGene00008560.,1,23,24
WBGene00008561.,10,105,115
WBGene00008563.,2,2882,2884
WBGene00008564.,44,426,470
WBGene00008565.,28,361,389
WBGene00008566.,3,6,9
WBGene00008567.,4,37,41
WBGene00008568.,17,64,81
WBGene00008569.,9,399,408
WBGene00008570.,624,1354,1978
WBGene00008571.,181,635,816
WBGene00008572.,571,12746,13317
WBGene00008574.,3,1,4
WBGene00008575.,27,362,389
WBGene00008576.,0,2139,2139
WBGene00008577.,0,1300,1300
WBGene00008578.,101,828,929
WBGene00008579.,231,1268,1499
WBGene00008580.,7,104,111
WBGene00008581.,2,2,4
WBGene00008582.,223,7253,7476
WBGene00008583.,145,356,501
WBGene00008584.,28,220,248
WBGene00008585.,81,988,1069
WBGene00008586.,218,4837,5055
WBGene00008587.,35,363,398
WBGene00008588.,22,250,272
WBGene00008589.,168,1037,1205
WBGene00008590.,0,25,25
WBGene00008591.,6,322,328
WBGene00008592.,2,429,431
WBGene00008593.,1,3,4
WBGene00008594.,13,44,57
WBGene00008595.,2,23,25
WBGene00008596.,0,6,6
WBGene00008597.,3,3,6
WBGene00008598.,2,10,12
WBGene00008599.,12,61,73
WBGene00008600.,248,73,321
WBGene00008601.,2584,4498,7082
WBGene00008602.,12,87,99
WBGene00008603.,1445,17447,18892
WBGene00008604.,158,1549,1707
WBGene00008605.,111,955,1066
WBGene00008606.,79,1132,1211
WBGene00008607.,43,473,516
WBGene00008609.,5,19,24
WBGene00008610.,85,2326,2411
WBGene00008611.,0,7,7
WBGene00008612.,21,5,26
WBGene00008613.,7,81,88
WBGene00008615.,0,11,11
WBGene00008616.,3,25,28
WBGene00008617.,0,1,1
WBGene00008618.,1,2,3
WBGene00008619.,1,4,5
WBGene00008620.,0,2,2
WBGene00008621.,12,59,71
WBGene00008622.,296,4326,4622
WBGene00008623.,124,20,144
WBGene00008624.,351,3232,3583
WBGene00008625.,11,53,64
WBGene00008626.,15,274,289
WBGene00008627.,2,3,5
WBGene00008628.,28,4122,4150
WBGene00008629.,17,268,285
WBGene00008630.,3,43,46
WBGene00008631.,0,2,2
WBGene00008632.,0,10,10
WBGene00008633.,0,9,9
WBGene00008634.,1,28,29
WBGene00008635.,8,4,12
WBGene00008636.,3,19,22
WBGene00008637.,0,2,2
WBGene00008638.,0,0,0
WBGene00008639.,62,834,896
WBGene00008640.,3,46,49
WBGene00008641.,27,469,496
WBGene00008642.,13,1525,1538
WBGene00008643.,3,152,155
WBGene00008644.,33,49,82
WBGene00008645.,41,1365,1406
WBGene00008646.,35,817,852
WBGene00008647.,16,217,233
WBGene00008648.,188,1308,1496
WBGene00008649.,1,9,10
WBGene00008650.,1,32,33
WBGene00008651.,0,4,4
WBGene00008652.,10,416,426
WBGene00008654.,32,26,58
WBGene00008655.,33,301,334
WBGene00008656.,14,196,210
WBGene00008657.,0,2,2
WBGene00008658.,1,5,6
WBGene00008659.,0,0,0
WBGene00008660.,0,1,1
WBGene00008661.,2,5,7
WBGene00008662.,33,214,247
WBGene00008663.,18,541,559
WBGene00008664.,23,3216,3239
WBGene00008665.,8823,1049,9872
WBGene00008666.,119,983,1102
WBGene00008667.,143,645,788
WBGene00008669.,83,609,692
WBGene00008670.,384,2223,2607
WBGene00008671.,0,4,4
WBGene00008672.,0,5,5
WBGene00008673.,2,6,8
WBGene00008675.,1,0,1
WBGene00008676.,1,2,3
WBGene00008677.,4,11,15
WBGene00008678.,1,5,6
WBGene00008679.,1,0,1
WBGene00008680.,10,19,29
WBGene00008681.,52,450,502
WBGene00008682.,119,3644,3763
WBGene00008683.,256,2564,2820
WBGene00008684.,49,588,637
WBGene00008685.,148,1236,1384
WBGene00008686.,185,838,1023
WBGene00008687.,53,1479,1532
WBGene00008688.,378,5862,6240
WBGene00008690.,457,3118,3575
WBGene00008691.,56,1187,1243
WBGene00008692.,34,59,93
WBGene00008693.,1,81,82
WBGene00008694.,1773,10280,12053
WBGene00008695.,56,146,202
WBGene00008696.,1,4,5
WBGene00008698.,2,2,4
WBGene00008699.,1,3,4
WBGene00008700.,2,3,5
WBGene00008701.,0,0,0
WBGene00008702.,0,0,0
WBGene00008703.,0,0,0
WBGene00008706.,4928,14066,18994
WBGene00008707.,29,2748,2777
WBGene00008708.,38,81,119
WBGene00008709.,12,28,40
WBGene00008710.,23,1710,1733
WBGene00008711.,51,200,251
WBGene00008712.,18,192,210
WBGene00008713.,81,523,604
WBGene00008714.,19,81,100
WBGene00008716.,0,0,0
WBGene00008717.,2,0,2
WBGene00008719.,25,71,96
WBGene00008720.,357,3910,4267
WBGene00008722.,92,1499,1591
WBGene00008723.,4,7,11
WBGene00008724.,0,1,1
WBGene00008725.,0,2,2
WBGene00008726.,46,191,237
WBGene00008727.,9,47,56
WBGene00008728.,4,35,39
WBGene00008729.,234,6440,6674
WBGene00008730.,5,20,25
WBGene00008731.,16,34,50
WBGene00008732.,21,94,115
WBGene00008733.,66,974,1040
WBGene00008734.,1,6,7
WBGene00008735.,586,2506,3092
WBGene00008736.,34,134,168
WBGene00008737.,5,45,50
WBGene00008739.,9,55,64
WBGene00008740.,5,555,560
WBGene00008741.,57,504,561
WBGene00008742.,40,597,637
WBGene00008743.,14,180,194
WBGene00008744.,220,4512,4732
WBGene00008745.,114,9998,10112
WBGene00008746.,103,336,439
WBGene00008747.,17,149,166
WBGene00008748.,49,2224,2273
WBGene00008749.,57,1165,1222
WBGene00008750.,326,918,1244
WBGene00008751.,0,4,4
WBGene00008752.,0,0,0
WBGene00008753.,0,0,0
WBGene00008754.,12,85,97
WBGene00008755.,8,41,49
WBGene00008757.,1,108,109
WBGene00008758.,2,18,20
WBGene00008759.,1,2,3
WBGene00008760.,27,619,646
WBGene00008761.,54,823,877
WBGene00008762.,5,778,783
WBGene00008763.,96,601,697
WBGene00008764.,54,4097,4151
WBGene00008765.,171,9560,9731
WBGene00008766.,144,1256,1400
WBGene00008767.,53,2282,2335
WBGene00008768.,1424,15049,16473
WBGene00008769.,54,3913,3967
WBGene00008770.,111,2983,3094
WBGene00008772.,1,2,3
WBGene00008773.,16,278,294
WBGene00008774.,34,582,616
WBGene00008775.,155,1563,1718
WBGene00008776.,26,270,296
WBGene00008777.,824,3695,4519
WBGene00008778.,0,31,31
WBGene00008779.,71,258,329
WBGene00008780.,303,1937,2240
WBGene00008781.,222,3579,3801
WBGene00008782.,0,4,4
WBGene00008783.,126,856,982
WBGene00008784.,0,9,9
WBGene00008785.,3,4,7
WBGene00008786.,0,1,1
WBGene00008787.,3,23,26
WBGene00008788.,0,3,3
WBGene00008789.,6,11,17
WBGene00008790.,0,0,0
WBGene00008791.,18,129,147
WBGene00008792.,0,16,16
WBGene00008793.,11,39,50
WBGene00008794.,5,36,41
WBGene00008795.,8,78,86
WBGene00008796.,1,6,7
WBGene00008797.,4,51,55
WBGene00008798.,7,92,99
WBGene00008799.,14,62,76
WBGene00008800.,215,4510,4725
WBGene00008801.,5,31,36
WBGene00008802.,17,70,87
WBGene00008803.,942,5741,6683
WBGene00008804.,27,138,165
WBGene00008805.,128,1804,1932
WBGene00008806.,25,664,689
WBGene00008807.,111,1096,1207
WBGene00008808.,19,20,39
WBGene00008809.,11,6,17
WBGene00008810.,53,122,175
WBGene00008811.,0,1,1
WBGene00008812.,4,1,5
WBGene00008813.,0,7,7
WBGene00008814.,1,0,1
WBGene00008815.,0,1,1
WBGene00008816.,1,0,1
WBGene00008817.,0,0,0
WBGene00008818.,0,5,5
WBGene00008819.,735,1823,2558
WBGene00008820.,38,2728,2766
WBGene00008821.,1,3,4
WBGene00008822.,1,1,2
WBGene00008823.,0,0,0
WBGene00008824.,0,0,0
WBGene00008825.,0,0,0
WBGene00008826.,1,8,9
WBGene00008827.,0,17,17
WBGene00008828.,0,2,2
WBGene00008829.,2,2,4
WBGene00008830.,2,19,21
WBGene00008831.,0,3,3
WBGene00008832.,134,1356,1490
WBGene00008833.,12,895,907
WBGene00008834.,8,1026,1034
WBGene00008835.,7,189,196
WBGene00008837.,1,3,4
WBGene00008838.,7,42,49
WBGene00008839.,0,1,1
WBGene00008840.,0,164,164
WBGene00008841.,1320,17152,18472
WBGene00008842.,4,4,8
WBGene00008843.,0,0,0
WBGene00008844.,0,6,6
WBGene00008847.,1,4,5
WBGene00008848.,18,386,404
WBGene00008849.,27,13,40
WBGene00008850.,3,16,19
WBGene00008851.,81,750,831
WBGene00008852.,603,7185,7788
WBGene00008853.,3,1,4
WBGene00008854.,16,2,18
WBGene00008855.,3,5,8
WBGene00008856.,884,3018,3902
WBGene00008857.,33,22689,22722
WBGene00008858.,1,25,26
WBGene00008859.,4,651,655
WBGene00008860.,1982,21773,23755
WBGene00008861.,28,939,967
WBGene00008862.,33,114,147
WBGene00008863.,0,14,14
WBGene00008865.,109,5176,5285
WBGene00008866.,20,14,34
WBGene00008868.,318,894,1212
WBGene00008869.,11,87,98
WBGene00008870.,1,9,10
WBGene00008871.,5,6,11
WBGene00008872.,2,1,3
WBGene00008873.,1,0,1
WBGene00008874.,6,30,36
WBGene00008875.,9,256,265
WBGene00008876.,210,880,1090
WBGene00008877.,143,1127,1270
WBGene00008878.,1749,4779,6528
WBGene00008879.,83,197,280
WBGene00008880.,91,673,764
WBGene00008881.,6,21,27
WBGene00008882.,167,1901,2068
WBGene00008883.,13,104,117
WBGene00008884.,0,18,18
WBGene00008885.,72,964,1036
WBGene00008886.,35,49,84
WBGene00008887.,42,1080,1122
WBGene00008889.,3,10,13
WBGene00008890.,57,139,196
WBGene00008891.,0,32,32
WBGene00008892.,7,93,100
WBGene00008893.,4,0,4
WBGene00008894.,14,27,41
WBGene00008897.,12,74,86
WBGene00008898.,0,1,1
WBGene00008899.,5,1,6
WBGene00008900.,3,27,30
WBGene00008901.,991,12,1003
WBGene00008902.,1,2,3
WBGene00008903.,0,22,22
WBGene00008904.,0,22,22
WBGene00008905.,3,37,40
WBGene00008906.,1,1,2
WBGene00008907.,1,2,3
WBGene00008908.,1,6,7
WBGene00008909.,0,11,11
WBGene00008910.,172,3627,3799
WBGene00008911.,0,0,0
WBGene00008912.,0,88,88
WBGene00008914.,26,5511,5537
WBGene00008915.,178,10809,10987
WBGene00008916.,144,90,234
WBGene00008917.,18,36,54
WBGene00008918.,13,883,896
WBGene00008919.,343,4955,5298
WBGene00008920.,21866,294039,315905
WBGene00008921.,135,1609,1744
WBGene00008922.,283,5617,5900
WBGene00008923.,112,188,300
WBGene00008924.,82,1074,1156
WBGene00008925.,262,6838,7100
WBGene00008926.,122,938,1060
WBGene00008927.,353,1736,2089
WBGene00008928.,3,8,11
WBGene00008929.,72,3104,3176
WBGene00008930.,994,5293,6287
WBGene00008932.,525,980,1505
WBGene00008933.,9,58,67
WBGene00008934.,406,2879,3285
WBGene00008935.,12,26,38
WBGene00008936.,10,31,41
WBGene00008937.,1,8,9
WBGene00008939.,296,2077,2373
WBGene00008940.,164,1383,1547
WBGene00008941.,63,1,64
WBGene00008942.,0,0,0
WBGene00008943.,0,1,1
WBGene00008944.,21,319,340
WBGene00008945.,0,21,21
WBGene00008946.,3,1,4
WBGene00008947.,2,4,6
WBGene00008948.,202,5333,5535
WBGene00008949.,4,40,44
WBGene00008950.,0,4,4
WBGene00008951.,223,2114,2337
WBGene00008952.,89,399,488
WBGene00008953.,226,839,1065
WBGene00008954.,7,19,26
WBGene00008955.,18,73,91
WBGene00008956.,83,405,488
WBGene00008957.,79,1808,1887
WBGene00008958.,0,5,5
WBGene00008959.,0,2,2
WBGene00008960.,0,3,3
WBGene00008961.,24,1499,1523
WBGene00008963.,229,6410,6639
WBGene00008964.,718,2109,2827
WBGene00008965.,116,126,242
WBGene00008966.,0,2,2
WBGene00008967.,1,486,487
WBGene00008968.,8,148,156
WBGene00008969.,69,334,403
WBGene00008970.,0,240,240
WBGene00008971.,55,1354,1409
WBGene00008972.,4,131,135
WBGene00008973.,55,4018,4073
WBGene00008974.,208,1468,1676
WBGene00008975.,46,2684,2730
WBGene00008976.,2,94,96
WBGene00008977.,34,160,194
WBGene00008978.,38,422,460
WBGene00008979.,67,1736,1803
WBGene00008980.,126,3269,3395
WBGene00008981.,0,1,1
WBGene00008982.,1,1,2
WBGene00008983.,0,1,1
WBGene00008984.,0,1,1
WBGene00008985.,7,45,52
WBGene00008986.,207,2020,2227
WBGene00008987.,247,2346,2593
WBGene00008988.,30,88,118
WBGene00008989.,31,267,298
WBGene00008990.,173,3156,3329
WBGene00008991.,36,79,115
WBGene00008992.,0,90,90
WBGene00008993.,65,326,391
WBGene00008994.,1,69,70
WBGene00008995.,74,280,354
WBGene00008996.,23,243,266
WBGene00008997.,111,220,331
WBGene00008998.,500,4534,5034
WBGene00008999.,1611,6431,8042
WBGene00009000.,30,72,102
WBGene00009001.,1,4,5
WBGene00009002.,224,4733,4957
WBGene00009004.,704,21314,22018
WBGene00009005.,11,30,41
WBGene00009006.,17,672,689
WBGene00009007.,67,2324,2391
WBGene00009008.,26,192,218
WBGene00009009.,14,402,416
WBGene00009010.,78,1278,1356
WBGene00009011.,58,2163,2221
WBGene00009012.,187,6708,6895
WBGene00009013.,219,5844,6063
WBGene00009014.,7,188,195
WBGene00009015.,8,37,45
WBGene00009016.,1,1,2
WBGene00009017.,0,1,1
WBGene00009018.,59,465,524
WBGene00009019.,0,9,9
WBGene00009020.,4,134,138
WBGene00009021.,0,0,0
WBGene00009023.,22,242,264
WBGene00009024.,9,87,96
WBGene00009025.,92,727,819
WBGene00009026.,34,484,518
WBGene00009027.,106,774,880
WBGene00009028.,9,4,13
WBGene00009029.,21,64,85
WBGene00009030.,16,122,138
WBGene00009031.,3,15,18
WBGene00009032.,1,18,19
WBGene00009033.,2,4,6
WBGene00009035.,10,96,106
WBGene00009036.,1,0,1
WBGene00009038.,9,3,12
WBGene00009039.,7,7,14
WBGene00009041.,2,57,59
WBGene00009042.,8,472,480
WBGene00009043.,6,25,31
WBGene00009044.,10,20,30
WBGene00009045.,40,3463,3503
WBGene00009046.,0,0,0
WBGene00009047.,0,4,4
WBGene00009048.,88,4766,4854
WBGene00009049.,264,6535,6799
WBGene00009050.,552,18798,19350
WBGene00009051.,867,19999,20866
WBGene00009052.,158,2764,2922
WBGene00009054.,74,477,551
WBGene00009055.,208,800,1008
WBGene00009056.,801,10058,10859
WBGene00009057.,114,649,763
WBGene00009058.,175,7237,7412
WBGene00009059.,32,759,791
WBGene00009060.,199,653,852
WBGene00009061.,0,8,8
WBGene00009063.,1,8,9
WBGene00009064.,80,897,977
WBGene00009065.,397,2089,2486
WBGene00009067.,0,7,7
WBGene00009068.,27,232,259
WBGene00009069.,0,5296,5296
WBGene00009070.,2369,41,2410
WBGene00009071.,1,3,4
WBGene00009073.,24,56,80
WBGene00009075.,7,9,16
WBGene00009076.,0,5,5
WBGene00009077.,0,3,3
WBGene00009078.,1451,6817,8268
WBGene00009079.,0,3,3
WBGene00009081.,88,1272,1360
WBGene00009082.,66,14748,14814
WBGene00009084.,172,5814,5986
WBGene00009085.,4,25,29
WBGene00009086.,3,3,6
WBGene00009087.,3,316,319
WBGene00009088.,0,2,2
WBGene00009089.,53,566,619
WBGene00009090.,10,326,336
WBGene00009091.,477,11971,12448
WBGene00009092.,275,19969,20244
WBGene00009093.,85,433,518
WBGene00009094.,71,2065,2136
WBGene00009095.,56,381,437
WBGene00009096.,108,9195,9303
WBGene00009097.,32,4817,4849
WBGene00009098.,819,3616,4435
WBGene00009099.,5,19,24
WBGene00009100.,134,918,1052
WBGene00009101.,9,174,183
WBGene00009102.,7,252,259
WBGene00009103.,209,6177,6386
WBGene00009104.,0,3,3
WBGene00009106.,50,1011,1061
WBGene00009107.,110,154,264
WBGene00009108.,17,174,191
WBGene00009109.,89,228,317
WBGene00009110.,20,1785,1805
WBGene00009112.,102,2583,2685
WBGene00009113.,6,73,79
WBGene00009114.,7,9,16
WBGene00009115.,27,14,41
WBGene00009116.,100,1519,1619
WBGene00009117.,4,27,31
WBGene00009118.,91,4636,4727
WBGene00009119.,1433,473153,474586
WBGene00009120.,199,1835,2034
WBGene00009121.,24,674,698
WBGene00009122.,9,208,217
WBGene00009123.,113,6880,6993
WBGene00009124.,165,683,848
WBGene00009125.,56,178,234
WBGene00009126.,466,17105,17571
WBGene00009127.,130,1821,1951
WBGene00009128.,0,2841,2841
WBGene00009129.,7,18,25
WBGene00009130.,12,7,19
WBGene00009131.,172,1804,1976
WBGene00009132.,58,3423,3481
WBGene00009133.,112,1873,1985
WBGene00009134.,6,5,11
WBGene00009135.,33,287,320
WBGene00009136.,8,11,19
WBGene00009137.,37,740,777
WBGene00009138.,31,1930,1961
WBGene00009139.,140,2713,2853
WBGene00009140.,117,1120,1237
WBGene00009141.,953,9056,10009
WBGene00009142.,74,7451,7525
WBGene00009143.,6,39,45
WBGene00009144.,7,42,49
WBGene00009145.,348,1675,2023
WBGene00009146.,41,377,418
WBGene00009147.,10,5,15
WBGene00009148.,27,121,148
WBGene00009149.,0,7,7
WBGene00009150.,0,1,1
WBGene00009151.,0,0,0
WBGene00009152.,0,2,2
WBGene00009153.,11,107,118
WBGene00009154.,0,0,0
WBGene00009155.,101,440,541
WBGene00009156.,121,292,413
WBGene00009157.,155,829,984
WBGene00009158.,361,2513,2874
WBGene00009159.,99,1864,1963
WBGene00009160.,5,15,20
WBGene00009161.,2305,89069,91374
WBGene00009162.,69,159,228
WBGene00009163.,133,564,697
WBGene00009164.,71,2511,2582
WBGene00009165.,22,1236,1258
WBGene00009166.,17,100,117
WBGene00009167.,0,0,0
WBGene00009168.,3,38,41
WBGene00009169.,8,42,50
WBGene00009170.,0,13,13
WBGene00009171.,7,3,10
WBGene00009172.,264,730,994
WBGene00009173.,15,53,68
WBGene00009174.,488,2434,2922
WBGene00009176.,16,977,993
WBGene00009177.,79,850,929
WBGene00009178.,35,34,69
WBGene00009179.,214,2012,2226
WBGene00009180.,2574,43781,46355
WBGene00009182.,33,71,104
WBGene00009183.,6,104,110
WBGene00009184.,1,34,35
WBGene00009185.,0,3,3
WBGene00009186.,2,15,17
WBGene00009187.,1658,13281,14939
WBGene00009188.,961,4096,5057
WBGene00009189.,1120,18613,19733
WBGene00009190.,169,969,1138
WBGene00009191.,4,1397,1401
WBGene00009192.,15,54,69
WBGene00009193.,5,13,18
WBGene00009194.,8,28,36
WBGene00009195.,0,1,1
WBGene00009196.,3,4,7
WBGene00009197.,2,0,2
WBGene00009200.,169,2877,3046
WBGene00009201.,92,1920,2012
WBGene00009202.,1,36,37
WBGene00009203.,2,97,99
WBGene00009204.,69,292,361
WBGene00009205.,36,383,419
WBGene00009206.,0,0,0
WBGene00009207.,67,3082,3149
WBGene00009208.,9,21,30
WBGene00009209.,0,5,5
WBGene00009210.,0,5,5
WBGene00009211.,40,5550,5590
WBGene00009212.,3,134,137
WBGene00009213.,0,89,89
WBGene00009214.,0,11,11
WBGene00009215.,0,42,42
WBGene00009216.,0,523,523
WBGene00009217.,149,156,305
WBGene00009218.,45,670,715
WBGene00009219.,224,4462,4686
WBGene00009220.,315,744,1059
WBGene00009221.,199,10983,11182
WBGene00009222.,35,308,343
WBGene00009223.,53,813,866
WBGene00009224.,114,221,335
WBGene00009225.,11,51,62
WBGene00009226.,0,0,0
WBGene00009227.,0,53,53
WBGene00009228.,4,7,11
WBGene00009229.,9,38,47
WBGene00009230.,1,1,2
WBGene00009231.,31,333,364
WBGene00009232.,2,31,33
WBGene00009233.,123,710,833
WBGene00009234.,98,692,790
WBGene00009235.,2,3,5
WBGene00009236.,1,29,30
WBGene00009237.,1,394,395
WBGene00009238.,0,5,5
WBGene00009239.,5,42,47
WBGene00009240.,12,83,95
WBGene00009241.,17,485,502
WBGene00009242.,7,28,35
WBGene00009243.,44,902,946
WBGene00009245.,133,899,1032
WBGene00009246.,202,13599,13801
WBGene00009247.,4,30,34
WBGene00009248.,0,20,20
WBGene00009249.,0,10,10
WBGene00009250.,8,183,191
WBGene00009251.,17,19,36
WBGene00009252.,12,6,18
WBGene00009254.,121,2830,2951
WBGene00009255.,14,33,47
WBGene00009256.,189,2516,2705
WBGene00009257.,18,76,94
WBGene00009258.,58,301,359
WBGene00009259.,11,255,266
WBGene00009260.,130,2485,2615
WBGene00009261.,2,45,47
WBGene00009262.,76,2061,2137
WBGene00009263.,75,209,284
WBGene00009264.,298,3101,3399
WBGene00009266.,214,7359,7573
WBGene00009267.,206,2784,2990
WBGene00009268.,8,63,71
WBGene00009269.,2,1,3
WBGene00009270.,7,306,313
WBGene00009271.,93,464,557
WBGene00009272.,13,400,413
WBGene00009274.,66,1082,1148
WBGene00009276.,66,1704,1770
WBGene00009277.,277,839,1116
WBGene00009278.,24,174,198
WBGene00009279.,1,0,1
WBGene00009280.,0,105,105
WBGene00009281.,1,1,2
WBGene00009283.,10,189,199
WBGene00009284.,239,1538,1777
WBGene00009285.,99,1766,1865
WBGene00009286.,65,452,517
WBGene00009287.,75,898,973
WBGene00009288.,85,651,736
WBGene00009289.,66,2092,2158
WBGene00009290.,149,4518,4667
WBGene00009291.,179,903,1082
WBGene00009292.,55,245,300
WBGene00009293.,10,300,310
WBGene00009294.,1426,21358,22784
WBGene00009295.,0,3,3
WBGene00009296.,0,8,8
WBGene00009297.,0,1,1
WBGene00009298.,0,1,1
WBGene00009299.,13,105,118
WBGene00009300.,0,4,4
WBGene00009301.,2,1,3
WBGene00009302.,0,0,0
WBGene00009303.,1,5,6
WBGene00009304.,603,2333,2936
WBGene00009305.,150,2094,2244
WBGene00009306.,25,2950,2975
WBGene00009307.,85,9107,9192
WBGene00009308.,2,15,17
WBGene00009309.,0,5,5
WBGene00009310.,1,7,8
WBGene00009311.,12,43,55
WBGene00009312.,1185,29,1214
WBGene00009313.,3,7,10
WBGene00009314.,530,1710,2240
WBGene00009315.,228,1153,1381
WBGene00009316.,2,34,36
WBGene00009318.,10,49,59
WBGene00009319.,195,6445,6640
WBGene00009320.,205,1142,1347
WBGene00009321.,1,0,1
WBGene00009322.,229,3177,3406
WBGene00009323.,56,1400,1456
WBGene00009324.,21,18,39
WBGene00009325.,122,679,801
WBGene00009326.,11,103,114
WBGene00009327.,3,3,6
WBGene00009328.,0,41,41
WBGene00009329.,124,1005,1129
WBGene00009330.,63,5060,5123
WBGene00009331.,6,171,177
WBGene00009332.,5,64,69
WBGene00009333.,66,2242,2308
WBGene00009334.,418,5342,5760
WBGene00009335.,61,291,352
WBGene00009336.,207,4393,4600
WBGene00009337.,1080,6225,7305
WBGene00009338.,6,1,7
WBGene00009339.,0,7,7
WBGene00009340.,506,5595,6101
WBGene00009341.,21,971,992
WBGene00009342.,1033,26854,27887
WBGene00009343.,132,1353,1485
WBGene00009344.,1,1,2
WBGene00009345.,21,11,32
WBGene00009346.,41,304,345
WBGene00009347.,27,72,99
WBGene00009349.,0,277,277
WBGene00009350.,75,358,433
WBGene00009352.,78,2613,2691
WBGene00009353.,231,21432,21663
WBGene00009354.,201,811,1012
WBGene00009355.,20,572,592
WBGene00009356.,31,118,149
WBGene00009357.,20,97,117
WBGene00009358.,231,5156,5387
WBGene00009359.,4,7,11
WBGene00009360.,12,9,21
WBGene00009361.,60,747,807
WBGene00009362.,4,2,6
WBGene00009363.,0,1,1
WBGene00009364.,18,1347,1365
WBGene00009365.,151,1330,1481
WBGene00009366.,72,995,1067
WBGene00009367.,540,16417,16957
WBGene00009368.,147,1500,1647
WBGene00009369.,157,1818,1975
WBGene00009370.,265,519,784
WBGene00009371.,148,1224,1372
WBGene00009372.,253,1632,1885
WBGene00009373.,96,938,1034
WBGene00009374.,361,6824,7185
WBGene00009375.,313,1689,2002
WBGene00009377.,1,2,3
WBGene00009378.,0,0,0
WBGene00009380.,40,1278,1318
WBGene00009381.,3,18,21
WBGene00009382.,4,13,17
WBGene00009383.,244,2638,2882
WBGene00009384.,1,48,49
WBGene00009385.,41,1603,1644
WBGene00009386.,4,359,363
WBGene00009387.,21,81,102
WBGene00009388.,1119,22706,23825
WBGene00009389.,159,965,1124
WBGene00009390.,23,78,101
WBGene00009391.,1,0,1
WBGene00009392.,0,1,1
WBGene00009393.,1,13,14
WBGene00009394.,34,549,583
WBGene00009395.,0,1,1
WBGene00009396.,5,74,79
WBGene00009397.,5,37,42
WBGene00009398.,1,12,13
WBGene00009399.,25,97,122
WBGene00009400.,29,192,221
WBGene00009401.,0,93,93
WBGene00009402.,1,11,12
WBGene00009403.,13,183,196
WBGene00009404.,23,608,631
WBGene00009405.,38,772,810
WBGene00009406.,239,2472,2711
WBGene00009408.,2,380,382
WBGene00009409.,1,1074,1075
WBGene00009410.,1,0,1
WBGene00009411.,0,5,5
WBGene00009412.,7,26,33
WBGene00009413.,3,14,17
WBGene00009414.,2,3,5
WBGene00009415.,0,1,1
WBGene00009416.,1,47,48
WBGene00009417.,0,0,0
WBGene00009418.,0,1,1
WBGene00009419.,0,0,0
WBGene00009420.,0,1,1
WBGene00009421.,0,0,0
WBGene00009422.,0,2,2
WBGene00009423.,0,2435,2435
WBGene00009424.,20,274,294
WBGene00009425.,1,8,9
WBGene00009426.,2,0,2
WBGene00009427.,2,12,14
WBGene00009428.,3,6,9
WBGene00009429.,2,28,30
WBGene00009430.,59,671,730
WBGene00009431.,10,129,139
WBGene00009432.,10,154,164
WBGene00009433.,18,78,96
WBGene00009434.,51,367,418
WBGene00009435.,49,546,595
WBGene00009436.,23,4766,4789
WBGene00009437.,7,27,34
WBGene00009438.,23,187,210
WBGene00009439.,429,3542,3971
WBGene00009440.,255,10366,10621
WBGene00009441.,57,836,893
WBGene00009442.,30,157,187
WBGene00009443.,122,2953,3075
WBGene00009444.,88,1981,2069
WBGene00009445.,54,2387,2441
WBGene00009446.,0,0,0
WBGene00009447.,11,177,188
WBGene00009448.,15,931,946
WBGene00009449.,6,13,19
WBGene00009450.,38,1881,1919
WBGene00009451.,186,3668,3854
WBGene00009452.,247,1461,1708
WBGene00009453.,259,1251,1510
WBGene00009454.,5355,67881,73236
WBGene00009455.,324,4512,4836
WBGene00009456.,178,1337,1515
WBGene00009457.,1,7,8
WBGene00009458.,1,2,3
WBGene00009459.,4,30,34
WBGene00009460.,342,5001,5343
WBGene00009461.,171,830,1001
WBGene00009462.,288,148,436
WBGene00009463.,0,0,0
WBGene00009464.,7,2,9
WBGene00009465.,9,26,35
WBGene00009466.,66,814,880
WBGene00009467.,4,10,14
WBGene00009468.,44,252,296
WBGene00009469.,74,670,744
WBGene00009470.,0,3,3
WBGene00009471.,2,13,15
WBGene00009472.,3,3,6
WBGene00009473.,0,0,0
WBGene00009474.,0,0,0
WBGene00009475.,548,5456,6004
WBGene00009476.,47,564,611
WBGene00009477.,920,4938,5858
WBGene00009478.,96,2717,2813
WBGene00009479.,88,1439,1527
WBGene00009480.,11,73,84
WBGene00009481.,0,162,162
WBGene00009482.,587,4372,4959
WBGene00009483.,10,635,645
WBGene00009484.,55,205,260
WBGene00009485.,7,61,68
WBGene00009486.,1,3,4
WBGene00009487.,3,16,19
WBGene00009488.,0,1,1
WBGene00009489.,0,1,1
WBGene00009490.,0,6,6
WBGene00009491.,2,1,3
WBGene00009492.,5,17,22
WBGene00009493.,2,179,181
WBGene00009494.,13,48,61
WBGene00009495.,19,294,313
WBGene00009496.,25,369,394
WBGene00009497.,2,1,3
WBGene00009498.,583,2566,3149
WBGene00009499.,341,1561,1902
WBGene00009500.,69,2107,2176
WBGene00009501.,0,6,6
WBGene00009502.,3,5,8
WBGene00009503.,145,2387,2532
WBGene00009504.,15,613,628
WBGene00009505.,29,1233,1262
WBGene00009507.,150,954,1104
WBGene00009508.,168,1646,1814
WBGene00009509.,7,67,74
WBGene00009510.,5,87,92
WBGene00009511.,56,126,182
WBGene00009512.,35,2535,2570
WBGene00009513.,14,14,28
WBGene00009514.,3519,48364,51883
WBGene00009515.,4,23,27
WBGene00009517.,0,1,1
WBGene00009518.,0,16,16
WBGene00009519.,0,1,1
WBGene00009520.,0,0,0
WBGene00009521.,849,5017,5866
WBGene00009522.,1,13,14
WBGene00009523.,1,1,2
WBGene00009524.,1,0,1
WBGene00009525.,0,1,1
WBGene00009526.,4,10,14
WBGene00009527.,50,39,89
WBGene00009528.,81,185,266
WBGene00009529.,3,438,441
WBGene00009530.,229,396,625
WBGene00009531.,2383,28940,31323
WBGene00009532.,808,4137,4945
WBGene00009533.,9,253,262
WBGene00009534.,247,2499,2746
WBGene00009535.,34,9,43
WBGene00009536.,235,681,916
WBGene00009537.,1,36,37
WBGene00009538.,0,1,1
WBGene00009539.,0,0,0
WBGene00009540.,5,19,24
WBGene00009541.,186,211,397
WBGene00009542.,104,7289,7393
WBGene00009543.,41,296,337
WBGene00009544.,126,719,845
WBGene00009546.,0,11,11
WBGene00009547.,19,235,254
WBGene00009548.,2,7,9
WBGene00009549.,2,18,20
WBGene00009550.,4,5,9
WBGene00009551.,25,293,318
WBGene00009552.,180,1351,1531
WBGene00009553.,32,1432,1464
WBGene00009554.,15,2019,2034
WBGene00009555.,0,0,0
WBGene00009556.,64,902,966
WBGene00009557.,64,280,344
WBGene00009558.,263,1275,1538
WBGene00009559.,35,4309,4344
WBGene00009560.,15,58,73
WBGene00009561.,5,27,32
WBGene00009562.,291,7582,7873
WBGene00009563.,208,5402,5610
WBGene00009565.,177,2751,2928
WBGene00009566.,0,1,1
WBGene00009567.,2,2,4
WBGene00009568.,0,1,1
WBGene00009569.,0,4,4
WBGene00009570.,1,0,1
WBGene00009571.,0,1,1
WBGene00009572.,0,20,20
WBGene00009573.,39,445,484
WBGene00009574.,604,3422,4026
WBGene00009575.,38,8754,8792
WBGene00009576.,12,176,188
WBGene00009577.,1476,25391,26867
WBGene00009578.,777,24125,24902
WBGene00009579.,97,351,448
WBGene00009580.,194,6521,6715
WBGene00009581.,42,162,204
WBGene00009582.,61,347,408
WBGene00009583.,350,8166,8516
WBGene00009584.,1992,17116,19108
WBGene00009585.,70,56,126
WBGene00009586.,115,3365,3480
WBGene00009587.,355,3992,4347
WBGene00009588.,10947,3551,14498
WBGene00009589.,7428,2939,10367
WBGene00009590.,0,0,0
WBGene00009592.,1,0,1
WBGene00009593.,10,19,29
WBGene00009594.,873,2497,3370
WBGene00009595.,17,49,66
WBGene00009596.,2,5,7
WBGene00009597.,4,24,28
WBGene00009598.,1,2,3
WBGene00009599.,0,3,3
WBGene00009600.,1,60,61
WBGene00009601.,27,521,548
WBGene00009602.,126,20,146
WBGene00009603.,2,2,4
WBGene00009604.,0,32,32
WBGene00009605.,5,11,16
WBGene00009606.,1,8,9
WBGene00009607.,0,0,0
WBGene00009608.,43,411,454
WBGene00009609.,0,1,1
WBGene00009610.,1,0,1
WBGene00009611.,33,99,132
WBGene00009612.,1,8,9
WBGene00009613.,0,0,0
WBGene00009614.,6,38,44
WBGene00009615.,0,0,0
WBGene00009616.,1,9,10
WBGene00009617.,35,324,359
WBGene00009618.,10,79,89
WBGene00009619.,22,270,292
WBGene00009620.,1114,4437,5551
WBGene00009621.,0,13706,13706
WBGene00009622.,19,20,39
WBGene00009623.,755,372,1127
WBGene00009624.,1937,5035,6972
WBGene00009625.,6,33,39
WBGene00009626.,120,1831,1951
WBGene00009627.,20,557,577
WBGene00009628.,31,1545,1576
WBGene00009629.,86,301,387
WBGene00009630.,4,12,16
WBGene00009631.,0,6,6
WBGene00009632.,220,2514,2734
WBGene00009633.,4,29,33
WBGene00009634.,24,2370,2394
WBGene00009635.,27,586,613
WBGene00009636.,38,469,507
WBGene00009637.,3,892,895
WBGene00009638.,143,18569,18712
WBGene00009639.,9,1829,1838
WBGene00009640.,6,647,653
WBGene00009641.,4,4,8
WBGene00009642.,28,69,97
WBGene00009643.,0,0,0
WBGene00009644.,1,17,18
WBGene00009645.,131,1324,1455
WBGene00009646.,2,1,3
WBGene00009647.,86,151,237
WBGene00009648.,4,991,995
WBGene00009649.,94,88,182
WBGene00009650.,63,2544,2607
WBGene00009651.,3,2,5
WBGene00009652.,9,22,31
WBGene00009653.,101,571,672
WBGene00009654.,412,1737,2149
WBGene00009656.,3,121,124
WBGene00009657.,110,1069,1179
WBGene00009658.,0,15,15
WBGene00009659.,0,1,1
WBGene00009660.,449,3580,4029
WBGene00009661.,151,5818,5969
WBGene00009662.,0,5,5
WBGene00009663.,0,18,18
WBGene00009664.,349,23685,24034
WBGene00009665.,21,1303,1324
WBGene00009666.,83,3543,3626
WBGene00009667.,615,376,991
WBGene00009668.,97,3250,3347
WBGene00009670.,1,10,11
WBGene00009671.,161,6163,6324
WBGene00009672.,274,2899,3173
WBGene00009673.,92,574,666
WBGene00009674.,318,5577,5895
WBGene00009675.,10,97,107
WBGene00009676.,154,1435,1589
WBGene00009677.,12,188,200
WBGene00009678.,174,1254,1428
WBGene00009679.,52,327,379
WBGene00009680.,0,2,2
WBGene00009681.,0,21,21
WBGene00009682.,0,0,0
WBGene00009683.,3,24,27
WBGene00009684.,0,0,0
WBGene00009685.,2,4,6
WBGene00009686.,11,60,71
WBGene00009687.,1,0,1
WBGene00009688.,3813,37438,41251
WBGene00009689.,2,6,8
WBGene00009690.,9,14,23
WBGene00009691.,0,39237,39237
WBGene00009692.,0,12967,12967
WBGene00009693.,0,2,2
WBGene00009695.,1,0,1
WBGene00009696.,12,85,97
WBGene00009697.,0,51,51
WBGene00009698.,0,7,7
WBGene00009700.,116,954,1070
WBGene00009701.,1,68,69
WBGene00009702.,9,109,118
WBGene00009704.,1,4,5
WBGene00009705.,0,2,2
WBGene00009706.,13,122,135
WBGene00009707.,0,5,5
WBGene00009708.,4,1,5
WBGene00009709.,7,16,23
WBGene00009710.,2,41,43
WBGene00009711.,293,3238,3531
WBGene00009712.,16,13649,13665
WBGene00009713.,728,5073,5801
WBGene00009714.,0,54,54
WBGene00009715.,107,3341,3448
WBGene00009716.,12,101,113
WBGene00009717.,266,2614,2880
WBGene00009720.,10,214,224
WBGene00009721.,34,41,75
WBGene00009722.,71,3867,3938
WBGene00009723.,72,5754,5826
WBGene00009724.,26,3126,3152
WBGene00009725.,1,11,12
WBGene00009726.,74,544,618
WBGene00009727.,30,171,201
WBGene00009728.,10,67,77
WBGene00009729.,15,109,124
WBGene00009730.,540,5882,6422
WBGene00009731.,54,852,906
WBGene00009732.,511,12480,12991
WBGene00009733.,9,505,514
WBGene00009734.,255,3823,4078
WBGene00009735.,46,365,411
WBGene00009736.,258,1794,2052
WBGene00009738.,101,229,330
WBGene00009739.,4665,15369,20034
WBGene00009740.,797,24945,25742
WBGene00009741.,17,119,136
WBGene00009742.,7,530,537
WBGene00009743.,20,176,196
WBGene00009744.,77,1140,1217
WBGene00009745.,47,1250,1297
WBGene00009746.,0,5,5
WBGene00009747.,1,5,6
WBGene00009748.,1,6,7
WBGene00009749.,1,0,1
WBGene00009750.,0,1,1
WBGene00009751.,0,6,6
WBGene00009752.,2,11,13
WBGene00009753.,6,13,19
WBGene00009754.,1,4,5
WBGene00009755.,0,3,3
WBGene00009756.,0,1,1
WBGene00009757.,0,19,19
WBGene00009758.,1,1,2
WBGene00009759.,0,0,0
WBGene00009760.,1,10,11
WBGene00009761.,0,0,0
WBGene00009762.,0,0,0
WBGene00009763.,2,1,3
WBGene00009764.,2,5,7
WBGene00009765.,0,0,0
WBGene00009766.,1,2,3
WBGene00009767.,0,0,0
WBGene00009768.,14,50,64
WBGene00009769.,25,778,803
WBGene00009770.,161,1555,1716
WBGene00009771.,182,3166,3348
WBGene00009772.,307,27916,28223
WBGene00009773.,6,251,257
WBGene00009774.,3,386,389
WBGene00009775.,0,2,2
WBGene00009776.,60,1215,1275
WBGene00009777.,4,15,19
WBGene00009778.,2,46,48
WBGene00009779.,225,2383,2608
WBGene00009780.,38,171,209
WBGene00009781.,479,3460,3939
WBGene00009782.,14,237,251
WBGene00009783.,188,6634,6822
WBGene00009784.,89,3873,3962
WBGene00009785.,32,311,343
WBGene00009786.,1,11,12
WBGene00009787.,562,84473,85035
WBGene00009788.,1,6,7
WBGene00009789.,167,296,463
WBGene00009790.,42,440,482
WBGene00009791.,8,36,44
WBGene00009793.,50,4394,4444
WBGene00009796.,20,462,482
WBGene00009797.,458,4569,5027
WBGene00009798.,23,20,43
WBGene00009799.,85,557,642
WBGene00009800.,216,2971,3187
WBGene00009801.,135,940,1075
WBGene00009802.,1,8,9
WBGene00009803.,89,1880,1969
WBGene00009804.,242,4268,4510
WBGene00009805.,0,5,5
WBGene00009806.,10,146,156
WBGene00009807.,5,29,34
WBGene00009808.,0,14,14
WBGene00009809.,18,419,437
WBGene00009810.,1,35,36
WBGene00009811.,0,10,10
WBGene00009812.,120,16483,16603
WBGene00009813.,91,1256,1347
WBGene00009814.,2,20,22
WBGene00009815.,0,11,11
WBGene00009816.,5,54,59
WBGene00009817.,1,12,13
WBGene00009818.,306,2471,2777
WBGene00009819.,75,662,737
WBGene00009820.,7,30,37
WBGene00009822.,49,60,109
WBGene00009823.,31,385,416
WBGene00009824.,6,100,106
WBGene00009825.,84,594,678
WBGene00009826.,9,72,81
WBGene00009827.,2,27,29
WBGene00009828.,13,3,16
WBGene00009829.,124,11693,11817
WBGene00009830.,2,66,68
WBGene00009831.,49,1500,1549
WBGene00009833.,0,3,3
WBGene00009834.,0,1,1
WBGene00009835.,7,4,11
WBGene00009836.,9,2,11
WBGene00009837.,0,0,0
WBGene00009838.,3,0,3
WBGene00009839.,3,34,37
WBGene00009840.,14,16,30
WBGene00009841.,3,1,4
WBGene00009842.,17,201,218
WBGene00009843.,51,1026,1077
WBGene00009844.,17,27,44
WBGene00009846.,61,127,188
WBGene00009848.,576,4121,4697
WBGene00009849.,21,40,61
WBGene00009850.,54,1307,1361
WBGene00009851.,47,3220,3267
WBGene00009852.,2,5,7
WBGene00009853.,0,7,7
WBGene00009854.,0,1,1
WBGene00009855.,0,1,1
WBGene00009856.,3,0,3
WBGene00009857.,1,2,3
WBGene00009858.,0,0,0
WBGene00009859.,1,3,4
WBGene00009860.,1,0,1
WBGene00009861.,0,2,2
WBGene00009862.,0,21,21
WBGene00009863.,2,5,7
WBGene00009864.,6,1,7
WBGene00009865.,47,189,236
WBGene00009866.,0,0,0
WBGene00009867.,15,17,32
WBGene00009868.,0,0,0
WBGene00009869.,1,2,3
WBGene00009871.,0,4,4
WBGene00009872.,1,10,11
WBGene00009873.,4,1,5
WBGene00009874.,1,3,4
WBGene00009875.,2,4,6
WBGene00009876.,22,109,131
WBGene00009877.,29,131,160
WBGene00009878.,13,2018,2031
WBGene00009879.,34,82,116
WBGene00009880.,734,10735,11469
WBGene00009881.,395,9328,9723
WBGene00009882.,85,10142,10227
WBGene00009883.,6,33,39
WBGene00009884.,2,14,16
WBGene00009885.,31,281,312
WBGene00009886.,35,213,248
WBGene00009887.,18,310,328
WBGene00009888.,4860,57738,62598
WBGene00009889.,96,429,525
WBGene00009890.,6,47,53
WBGene00009891.,25,112,137
WBGene00009892.,1,4,5
WBGene00009893.,0,0,0
WBGene00009894.,0,1,1
WBGene00009895.,16,110,126
WBGene00009896.,458,11698,12156
WBGene00009897.,19,54,73
WBGene00009898.,1,8,9
WBGene00009899.,144,1928,2072
WBGene00009900.,0,102,102
WBGene00009901.,76,1031,1107
WBGene00009902.,4,34,38
WBGene00009903.,16,172,188
WBGene00009904.,6,85,91
WBGene00009905.,0,0,0
WBGene00009906.,5,0,5
WBGene00009907.,3,0,3
WBGene00009908.,4,30,34
WBGene00009909.,0,1,1
WBGene00009910.,1,1,2
WBGene00009911.,1,3,4
WBGene00009912.,5,0,5
WBGene00009913.,0,0,0
WBGene00009914.,1,1,2
WBGene00009915.,70,12006,12076
WBGene00009916.,44,136,180
WBGene00009917.,184,1336,1520
WBGene00009918.,66,5912,5978
WBGene00009919.,192,3617,3809
WBGene00009920.,1422,11601,13023
WBGene00009921.,17,331,348
WBGene00009922.,66,1249,1315
WBGene00009923.,51,489,540
WBGene00009924.,134,2358,2492
WBGene00009925.,27,5157,5184
WBGene00009926.,365,8747,9112
WBGene00009927.,133,533,666
WBGene00009929.,30,77,107
WBGene00009930.,26,792,818
WBGene00009931.,10,128,138
WBGene00009933.,1,14,15
WBGene00009935.,47,643,690
WBGene00009936.,0,0,0
WBGene00009937.,122,1581,1703
WBGene00009938.,2,8,10
WBGene00009939.,102,1603,1705
WBGene00009940.,281,8384,8665
WBGene00009941.,0,2,2
WBGene00009942.,6,145,151
WBGene00009943.,162,350,512
WBGene00009944.,68,2228,2296
WBGene00009945.,236,4695,4931
WBGene00009946.,8,165,173
WBGene00009947.,95,1144,1239
WBGene00009948.,3,98,101
WBGene00009949.,35,147,182
WBGene00009950.,0,5,5
WBGene00009951.,76,583,659
WBGene00009952.,1080,24620,25700
WBGene00009953.,92,756,848
WBGene00009954.,0,1,1
WBGene00009955.,1,668,669
WBGene00009956.,1,2,3
WBGene00009957.,83,1055,1138
WBGene00009958.,160,1364,1524
WBGene00009959.,1,9,10
WBGene00009960.,0,0,0
WBGene00009961.,0,4,4
WBGene00009962.,20,2,22
WBGene00009963.,3,3,6
WBGene00009964.,17,65,82
WBGene00009965.,46,364,410
WBGene00009966.,53,4195,4248
WBGene00009967.,7,54,61
WBGene00009968.,586,6850,7436
WBGene00009969.,78,796,874
WBGene00009971.,15,64,79
WBGene00009972.,116,81,197
WBGene00009973.,774,16595,17369
WBGene00009974.,400,6718,7118
WBGene00009975.,1712,3232,4944
WBGene00009976.,168,2313,2481
WBGene00009977.,161,1462,1623
WBGene00009978.,2647,3223,5870
WBGene00009979.,73,15,88
WBGene00009980.,143,4807,4950
WBGene00009981.,33,491,524
WBGene00009982.,114,44560,44674
WBGene00009983.,2,6162,6164
WBGene00009984.,206,378,584
WBGene00009985.,21,421,442
WBGene00009986.,52,680,732
WBGene00009987.,173,3302,3475
WBGene00009988.,78,70,148
WBGene00009990.,0,9,9
WBGene00009991.,7,56,63
WBGene00009992.,841,31007,31848
WBGene00009993.,20,13324,13344
WBGene00009994.,16,1045,1061
WBGene00009995.,26655,219406,246061
WBGene00009996.,61,2280,2341
WBGene00009997.,1,9,10
WBGene00009998.,5,27,32
WBGene00009999.,7,23,30
WBGene00010000.,2,27,29
WBGene00010001.,25,1986,2011
WBGene00010002.,104,1313,1417
WBGene00010003.,153,326,479
WBGene00010004.,45,43,88
WBGene00010005.,13,21,34
WBGene00010006.,1644,1759,3403
WBGene00010007.,0,2,2
WBGene00010008.,23,248,271
WBGene00010009.,28,273,301
WBGene00010010.,63,504,567
WBGene00010011.,22,264,286
WBGene00010012.,1586,9596,11182
WBGene00010013.,229,4499,4728
WBGene00010014.,2,16,18
WBGene00010015.,106,12723,12829
WBGene00010016.,1,0,1
WBGene00010017.,0,0,0
WBGene00010018.,3,29,32
WBGene00010019.,40,306,346
WBGene00010020.,0,0,0
WBGene00010021.,0,3,3
WBGene00010022.,0,0,0
WBGene00010023.,0,7,7
WBGene00010024.,0,0,0
WBGene00010025.,0,10,10
WBGene00010026.,1,1,2
WBGene00010027.,29,183,212
WBGene00010028.,59,1332,1391
WBGene00010030.,2,34,36
WBGene00010031.,7,516,523
WBGene00010032.,170,3276,3446
WBGene00010033.,141,2649,2790
WBGene00010034.,3,5,8
WBGene00010035.,8,39,47
WBGene00010036.,1,50,51
WBGene00010037.,405,9778,10183
WBGene00010038.,142,2358,2500
WBGene00010039.,95,354,449
WBGene00010040.,58,2149,2207
WBGene00010041.,0,158,158
WBGene00010042.,114,2295,2409
WBGene00010043.,67,430,497
WBGene00010044.,578,7104,7682
WBGene00010045.,353,2502,2855
WBGene00010046.,2,37,39
WBGene00010047.,40,324,364
WBGene00010048.,30,459,489
WBGene00010049.,38,308,346
WBGene00010050.,17,137,154
WBGene00010051.,162,1701,1863
WBGene00010052.,45,4149,4194
WBGene00010053.,0,12,12
WBGene00010054.,0,631,631
WBGene00010055.,2113,20540,22653
WBGene00010056.,18,2056,2074
WBGene00010057.,24,140,164
WBGene00010058.,17,11,28
WBGene00010059.,73,2775,2848
WBGene00010060.,26,127,153
WBGene00010061.,51,1127,1178
WBGene00010062.,6,22,28
WBGene00010063.,24,162,186
WBGene00010064.,9,444,453
WBGene00010065.,0,4,4
WBGene00010066.,1,4,5
WBGene00010067.,1,0,1
WBGene00010068.,3,68,71
WBGene00010069.,26,80,106
WBGene00010070.,63,428,491
WBGene00010071.,744,103,847
WBGene00010072.,47,126,173
WBGene00010073.,173,315,488
WBGene00010074.,86,241,327
WBGene00010075.,41,6772,6813
WBGene00010077.,86,305,391
WBGene00010079.,507,1138,1645
WBGene00010080.,61,828,889
WBGene00010081.,7,175,182
WBGene00010082.,4,395,399
WBGene00010083.,84,321,405
WBGene00010084.,0,1,1
WBGene00010085.,0,0,0
WBGene00010086.,569,82,651
WBGene00010087.,0,0,0
WBGene00010088.,14,119,133
WBGene00010089.,87,1002,1089
WBGene00010091.,0,2,2
WBGene00010092.,2,9,11
WBGene00010093.,23,1174,1197
WBGene00010094.,119,9686,9805
WBGene00010095.,17,41,58
WBGene00010096.,228,1676,1904
WBGene00010097.,220,6178,6398
WBGene00010098.,0,11,11
WBGene00010099.,0,2,2
WBGene00010100.,3,55,58
WBGene00010101.,0,0,0
WBGene00010102.,3,16,19
WBGene00010103.,1,0,1
WBGene00010104.,0,2,2
WBGene00010105.,0,3,3
WBGene00010106.,1,49,50
WBGene00010107.,0,5,5
WBGene00010108.,1,3,4
WBGene00010109.,59,2187,2246
WBGene00010110.,113,1257,1370
WBGene00010111.,151,871,1022
WBGene00010112.,2,15,17
WBGene00010113.,117,598,715
WBGene00010114.,6,1,7
WBGene00010115.,167,1344,1511
WBGene00010116.,68,141,209
WBGene00010117.,265,3771,4036
WBGene00010118.,6,49,55
WBGene00010119.,8,67,75
WBGene00010120.,6,31,37
WBGene00010121.,8,1,9
WBGene00010122.,0,16,16
WBGene00010123.,9,52,61
WBGene00010124.,2,10,12
WBGene00010125.,3,7,10
WBGene00010126.,0,0,0
WBGene00010127.,0,0,0
WBGene00010128.,0,16,16
WBGene00010129.,0,0,0
WBGene00010130.,173,9114,9287
WBGene00010131.,34,1152,1186
WBGene00010132.,276,1020,1296
WBGene00010133.,1222,559,1781
WBGene00010134.,10,35,45
WBGene00010135.,4,2135,2139
WBGene00010136.,7,1,8
WBGene00010137.,174,312,486
WBGene00010138.,19,88,107
WBGene00010139.,372,9701,10073
WBGene00010140.,55,471,526
WBGene00010141.,105,834,939
WBGene00010142.,27,296,323
WBGene00010143.,16,110,126
WBGene00010144.,14,106,120
WBGene00010145.,8,7,15
WBGene00010146.,325,1203,1528
WBGene00010147.,1,2,3
WBGene00010148.,26,155,181
WBGene00010149.,0,0,0
WBGene00010150.,278,64,342
WBGene00010152.,0,6,6
WBGene00010153.,0,8,8
WBGene00010155.,8,45,53
WBGene00010157.,0,3,3
WBGene00010158.,1,0,1
WBGene00010159.,501,1628,2129
WBGene00010160.,248,1050,1298
WBGene00010161.,383,1155,1538
WBGene00010162.,0,1,1
WBGene00010163.,92,476,568
WBGene00010165.,30,49,79
WBGene00010166.,4,30,34
WBGene00010167.,25,9,34
WBGene00010168.,25,58,83
WBGene00010169.,2,3,5
WBGene00010170.,0,4,4
WBGene00010171.,2,1,3
WBGene00010172.,2,4,6
WBGene00010173.,4,7,11
WBGene00010174.,1083,17026,18109
WBGene00010175.,202,1002,1204
WBGene00010176.,13,26,39
WBGene00010177.,782,5346,6128
WBGene00010178.,183,3581,3764
WBGene00010179.,131,1138,1269
WBGene00010180.,3,9,12
WBGene00010181.,3,6,9
WBGene00010182.,1,12,13
WBGene00010183.,1,46,47
WBGene00010184.,0,18,18
WBGene00010185.,6,37,43
WBGene00010186.,0,26,26
WBGene00010187.,3,12,15
WBGene00010188.,10,317,327
WBGene00010189.,0,29,29
WBGene00010191.,67,2856,2923
WBGene00010192.,24,781,805
WBGene00010193.,6,248,254
WBGene00010194.,0,56,56
WBGene00010195.,7,125,132
WBGene00010196.,8,15,23
WBGene00010197.,67,2098,2165
WBGene00010198.,83,597,680
WBGene00010199.,153,4772,4925
WBGene00010200.,124,153,277
WBGene00010202.,20,807,827
WBGene00010203.,3,74,77
WBGene00010204.,5,852,857
WBGene00010205.,14,247,261
WBGene00010206.,0,1,1
WBGene00010209.,1,14,15
WBGene00010212.,324,44,368
WBGene00010214.,48,286,334
WBGene00010215.,6,8,14
WBGene00010216.,0,1,1
WBGene00010217.,0,2,2
WBGene00010218.,1,7,8
WBGene00010219.,0,1,1
WBGene00010220.,2,4,6
WBGene00010221.,101,8185,8286
WBGene00010222.,53,204,257
WBGene00010223.,19,99,118
WBGene00010224.,109,558,667
WBGene00010225.,100,2229,2329
WBGene00010226.,1,12,13
WBGene00010227.,31,525,556
WBGene00010228.,25,17,42
WBGene00010229.,98,886,984
WBGene00010230.,151,5803,5954
WBGene00010231.,437,6768,7205
WBGene00010232.,165,6912,7077
WBGene00010233.,73,811,884
WBGene00010234.,2,1455,1457
WBGene00010235.,83,1637,1720
WBGene00010236.,47,1700,1747
WBGene00010237.,2,8,10
WBGene00010238.,11,144,155
WBGene00010239.,25,691,716
WBGene00010240.,1,13,14
WBGene00010241.,2,24,26
WBGene00010242.,80,479,559
WBGene00010243.,22,96,118
WBGene00010244.,488,11477,11965
WBGene00010245.,0,10,10
WBGene00010246.,3,32,35
WBGene00010247.,4,0,4
WBGene00010248.,66,151,217
WBGene00010249.,4,1,5
WBGene00010250.,35,68,103
WBGene00010251.,289,830,1119
WBGene00010253.,5,37,42
WBGene00010254.,0,4,4
WBGene00010255.,0,3,3
WBGene00010256.,2,20,22
WBGene00010257.,0,23,23
WBGene00010258.,35,457,492
WBGene00010259.,1174,3429,4603
WBGene00010260.,284,23550,23834
WBGene00010261.,4,5,9
WBGene00010262.,72,1985,2057
WBGene00010263.,5,139,144
WBGene00010264.,140,370,510
WBGene00010265.,2,6,8
WBGene00010266.,113,1966,2079
WBGene00010267.,19,248,267
WBGene00010268.,56,816,872
WBGene00010269.,53,2901,2954
WBGene00010270.,0,3,3
WBGene00010271.,1,1,2
WBGene00010272.,351,3199,3550
WBGene00010273.,10,29,39
WBGene00010274.,1,46,47
WBGene00010275.,97,272,369
WBGene00010276.,0,0,0
WBGene00010277.,0,39,39
WBGene00010278.,0,29,29
WBGene00010279.,148,4738,4886
WBGene00010280.,133,3437,3570
WBGene00010281.,5,238,243
WBGene00010282.,36,56,92
WBGene00010283.,56,667,723
WBGene00010284.,283,5935,6218
WBGene00010285.,14,215,229
WBGene00010286.,45,940,985
WBGene00010288.,129,1251,1380
WBGene00010289.,0,5,5
WBGene00010290.,40,3330,3370
WBGene00010291.,62,617,679
WBGene00010292.,0,6,6
WBGene00010293.,6,125,131
WBGene00010294.,8,63,71
WBGene00010295.,26,171,197
WBGene00010296.,0,37,37
WBGene00010297.,9,13,22
WBGene00010298.,3,2,5
WBGene00010299.,2,0,2
WBGene00010300.,0,1,1
WBGene00010301.,0,0,0
WBGene00010303.,499,56605,57104
WBGene00010304.,175,1106,1281
WBGene00010305.,222,3362,3584
WBGene00010306.,1358,5152,6510
WBGene00010307.,11,579,590
WBGene00010308.,61,507,568
WBGene00010309.,32,236,268
WBGene00010310.,21,442,463
WBGene00010311.,9,222,231
WBGene00010313.,37,104,141
WBGene00010314.,1,8,9
WBGene00010315.,36,207,243
WBGene00010316.,185,671,856
WBGene00010317.,454,32763,33217
WBGene00010318.,43,285,328
WBGene00010319.,73,693,766
WBGene00010320.,120,1116,1236
WBGene00010321.,56,1405,1461
WBGene00010322.,33,22,55
WBGene00010323.,2,10,12
WBGene00010324.,2,0,2
WBGene00010325.,25,2028,2053
WBGene00010326.,1623,15115,16738
WBGene00010327.,405,907,1312
WBGene00010328.,11,59,70
WBGene00010329.,56,772,828
WBGene00010330.,505915,199,506114
WBGene00010331.,110,756,866
WBGene00010332.,23,523,546
WBGene00010333.,420,8387,8807
WBGene00010334.,25,73,98
WBGene00010335.,317,1068,1385
WBGene00010336.,11,140,151
WBGene00010337.,1594,18508,20102
WBGene00010338.,116,1498,1614
WBGene00010339.,33,1254,1287
WBGene00010340.,21,57,78
WBGene00010341.,5,25,30
WBGene00010342.,40,50,90
WBGene00010343.,2,5,7
WBGene00010344.,31,272,303
WBGene00010345.,48,279,327
WBGene00010348.,7,591,598
WBGene00010349.,68,307,375
WBGene00010350.,372,1026,1398
WBGene00010351.,6,223,229
WBGene00010352.,6,33,39
WBGene00010353.,1,68,69
WBGene00010354.,29,131,160
WBGene00010355.,3,9,12
WBGene00010356.,60,1232,1292
WBGene00010357.,94,689,783
WBGene00010358.,0,2,2
WBGene00010359.,4,13,17
WBGene00010360.,1,9,10
WBGene00010361.,1,18,19
WBGene00010362.,0,368,368
WBGene00010363.,15,158,173
WBGene00010364.,2,70,72
WBGene00010365.,10,7,17
WBGene00010366.,5,1,6
WBGene00010367.,17,209,226
WBGene00010368.,7,7,14
WBGene00010369.,255,4985,5240
WBGene00010370.,919,7266,8185
WBGene00010371.,0,46,46
WBGene00010372.,21,33,54
WBGene00010373.,7,28,35
WBGene00010374.,635,2333,2968
WBGene00010375.,14,325,339
WBGene00010376.,0,0,0
WBGene00010377.,0,0,0
WBGene00010378.,0,43,43
WBGene00010379.,0,0,0
WBGene00010380.,1,0,1
WBGene00010381.,1,0,1
WBGene00010382.,0,49,49
WBGene00010383.,55,590,645
WBGene00010385.,355,705,1060
WBGene00010386.,233,253,486
WBGene00010387.,1,9,10
WBGene00010388.,2,4,6
WBGene00010389.,9,2,11
WBGene00010390.,1,6,7
WBGene00010391.,0,4,4
WBGene00010392.,1,1,2
WBGene00010394.,8,6,14
WBGene00010395.,0,0,0
WBGene00010396.,30,243,273
WBGene00010397.,22,834,856
WBGene00010399.,0,0,0
WBGene00010400.,0,0,0
WBGene00010401.,0,2,2
WBGene00010402.,15,72,87
WBGene00010403.,10,36,46
WBGene00010404.,0,0,0
WBGene00010405.,197,8559,8756
WBGene00010406.,81,5500,5581
WBGene00010407.,104,2348,2452
WBGene00010408.,151,2493,2644
WBGene00010409.,131,833,964
WBGene00010410.,0,7,7
WBGene00010411.,1,2,3
WBGene00010412.,0,1,1
WBGene00010413.,0,0,0
WBGene00010414.,0,3,3
WBGene00010415.,1,3,4
WBGene00010416.,436,3822,4258
WBGene00010417.,0,0,0
WBGene00010418.,38,1121,1159
WBGene00010419.,6644,162019,168663
WBGene00010420.,151,1311,1462
WBGene00010421.,36,173,209
WBGene00010422.,34,535,569
WBGene00010423.,49,73,122
WBGene00010424.,11,148,159
WBGene00010425.,273,14464,14737
WBGene00010426.,6,19,25
WBGene00010427.,894,1616,2510
WBGene00010428.,208,3175,3383
WBGene00010430.,0,0,0
WBGene00010431.,0,0,0
WBGene00010432.,7,53,60
WBGene00010433.,131,1726,1857
WBGene00010434.,71,126,197
WBGene00010435.,480,6721,7201
WBGene00010436.,0,450,450
WBGene00010437.,142,1434,1576
WBGene00010439.,63,932,995
WBGene00010440.,1802,27157,28959
WBGene00010442.,115,1193,1308
WBGene00010444.,476,2009,2485
WBGene00010446.,0,55,55
WBGene00010447.,4,8,12
WBGene00010448.,58,282,340
WBGene00010449.,51,571,622
WBGene00010450.,210,2551,2761
WBGene00010451.,42,7,49
WBGene00010453.,61,358,419
WBGene00010454.,45,398,443
WBGene00010455.,34,283,317
WBGene00010456.,81,1080,1161
WBGene00010457.,7,112,119
WBGene00010458.,63,3180,3243
WBGene00010459.,10,1084,1094
WBGene00010460.,14,31,45
WBGene00010461.,1,22,23
WBGene00010463.,7,2,9
WBGene00010464.,35,164,199
WBGene00010465.,168,1401,1569
WBGene00010466.,0,10,10
WBGene00010467.,0,9,9
WBGene00010468.,0,151,151
WBGene00010469.,2,19,21
WBGene00010470.,135,813,948
WBGene00010471.,377,5098,5475
WBGene00010472.,12,1679,1691
WBGene00010473.,30,265,295
WBGene00010474.,0,0,0
WBGene00010475.,652,1199,1851
WBGene00010476.,68,2330,2398
WBGene00010477.,0,194,194
WBGene00010478.,280,32941,33221
WBGene00010479.,295,2475,2770
WBGene00010480.,1092,5782,6874
WBGene00010481.,25,1293,1318
WBGene00010483.,0,5,5
WBGene00010484.,167,2898,3065
WBGene00010485.,0,47,47
WBGene00010486.,0,0,0
WBGene00010487.,25,19,44
WBGene00010488.,945,6799,7744
WBGene00010491.,10,2699,2709
WBGene00010492.,0,1,1
WBGene00010493.,2,2,4
WBGene00010494.,1,2,3
WBGene00010495.,0,26,26
WBGene00010496.,162,1949,2111
WBGene00010497.,70,459,529
WBGene00010498.,84,645,729
WBGene00010499.,0,15,15
WBGene00010500.,537,4592,5129
WBGene00010501.,51,689,740
WBGene00010502.,108,1732,1840
WBGene00010503.,108,615,723
WBGene00010504.,14,450,464
WBGene00010505.,49,315,364
WBGene00010506.,16,73,89
WBGene00010507.,186,4954,5140
WBGene00010508.,7,7,14
WBGene00010509.,1,9,10
WBGene00010510.,0,1,1
WBGene00010511.,2,2,4
WBGene00010512.,503,8130,8633
WBGene00010513.,700,7390,8090
WBGene00010514.,835,9523,10358
WBGene00010515.,463,9238,9701
WBGene00010516.,37,569,606
WBGene00010517.,0,0,0
WBGene00010518.,0,0,0
WBGene00010519.,3,14,17
WBGene00010520.,91,426,517
WBGene00010521.,52,188,240
WBGene00010522.,26,280,306
WBGene00010523.,1,0,1
WBGene00010524.,3,195,198
WBGene00010525.,45,597,642
WBGene00010526.,0,8,8
WBGene00010527.,1,1,2
WBGene00010528.,0,1,1
WBGene00010529.,0,2,2
WBGene00010530.,1,2,3
WBGene00010531.,0,0,0
WBGene00010534.,0,2,2
WBGene00010535.,0,0,0
WBGene00010536.,0,0,0
WBGene00010537.,296,772,1068
WBGene00010538.,12,39,51
WBGene00010539.,252,3629,3881
WBGene00010540.,26,172,198
WBGene00010541.,542,6961,7503
WBGene00010542.,6,913,919
WBGene00010543.,0,4,4
WBGene00010544.,0,7,7
WBGene00010545.,0,30,30
WBGene00010546.,7,178,185
WBGene00010547.,0,1,1
WBGene00010550.,96,1721,1817
WBGene00010551.,188,1418,1606
WBGene00010552.,48,646,694
WBGene00010553.,22,486,508
WBGene00010554.,10,92,102
WBGene00010555.,0,2,2
WBGene00010556.,3452,402296,405748
WBGene00010557.,36,1895,1931
WBGene00010558.,94,384,478
WBGene00010559.,2,67,69
WBGene00010560.,579,21807,22386
WBGene00010562.,124,1769,1893
WBGene00010563.,70,70,140
WBGene00010564.,241,3699,3940
WBGene00010565.,11,564,575
WBGene00010566.,65,249,314
WBGene00010567.,116,1288,1404
WBGene00010568.,0,42,42
WBGene00010569.,58,505,563
WBGene00010570.,0,0,0
WBGene00010571.,4,18,22
WBGene00010572.,43,415,458
WBGene00010573.,24,859,883
WBGene00010574.,1,13,14
WBGene00010575.,21,578,599
WBGene00010576.,3,5,8
WBGene00010577.,1,6,7
WBGene00010578.,1,0,1
WBGene00010579.,47,9923,9970
WBGene00010580.,30,49,79
WBGene00010581.,3,34,37
WBGene00010582.,264,3433,3697
WBGene00010583.,3,2188,2191
WBGene00010584.,0,25,25
WBGene00010585.,221,613,834
WBGene00010586.,8,9,17
WBGene00010587.,198,233,431
WBGene00010588.,0,0,0
WBGene00010589.,2,70,72
WBGene00010590.,0,0,0
WBGene00010591.,1,1,2
WBGene00010592.,21,170,191
WBGene00010593.,1151,15872,17023
WBGene00010594.,32,246,278
WBGene00010595.,303,1714,2017
WBGene00010596.,0,8,8
WBGene00010597.,316,399,715
WBGene00010598.,1,4,5
WBGene00010599.,13,35,48
WBGene00010600.,0,5,5
WBGene00010601.,0,5,5
WBGene00010602.,2,3,5
WBGene00010603.,6,34,40
WBGene00010604.,4,116,120
WBGene00010605.,60,299,359
WBGene00010606.,4,43,47
WBGene00010607.,15,25,40
WBGene00010608.,32,394,426
WBGene00010609.,220,2432,2652
WBGene00010610.,278,2692,2970
WBGene00010611.,0,4,4
WBGene00010612.,1,1,2
WBGene00010613.,5,6,11
WBGene00010614.,4,29,33
WBGene00010615.,200,2030,2230
WBGene00010616.,260,11493,11753
WBGene00010617.,15,101,116
WBGene00010618.,0,0,0
WBGene00010619.,235,1323,1558
WBGene00010620.,219,2618,2837
WBGene00010621.,13,647,660
WBGene00010622.,88,1237,1325
WBGene00010623.,31,178,209
WBGene00010624.,499,6162,6661
WBGene00010625.,163,2206,2369
WBGene00010626.,661,3730,4391
WBGene00010627.,2160,40149,42309
WBGene00010628.,10,149,159
WBGene00010629.,154,4316,4470
WBGene00010630.,19,223,242
WBGene00010631.,318,5068,5386
WBGene00010632.,219,1798,2017
WBGene00010633.,0,1,1
WBGene00010634.,0,0,0
WBGene00010635.,0,7,7
WBGene00010636.,9,74,83
WBGene00010637.,6,131,137
WBGene00010638.,384,3290,3674
WBGene00010639.,394,7558,7952
WBGene00010640.,5,683,688
WBGene00010641.,93,2359,2452
WBGene00010642.,90,774,864
WBGene00010643.,13,91,104
WBGene00010644.,1,15,16
WBGene00010645.,274,3595,3869
WBGene00010646.,17,117,134
WBGene00010647.,8,949,957
WBGene00010648.,299,2632,2931
WBGene00010649.,285,2349,2634
WBGene00010650.,2,2,4
WBGene00010651.,1,4,5
WBGene00010652.,3,49,52
WBGene00010653.,0,0,0
WBGene00010654.,8,40,48
WBGene00010655.,5,3,8
WBGene00010656.,2,1,3
WBGene00010657.,3,48,51
WBGene00010658.,2,63,65
WBGene00010659.,7,33,40
WBGene00010660.,26,287,313
WBGene00010661.,14,347,361
WBGene00010662.,6,20,26
WBGene00010663.,76,210,286
WBGene00010664.,72,2052,2124
WBGene00010665.,450,7937,8387
WBGene00010666.,4,560,564
WBGene00010667.,165,1267,1432
WBGene00010669.,27,68,95
WBGene00010670.,53,6720,6773
WBGene00010671.,28,1552,1580
WBGene00010672.,1,5,6
WBGene00010673.,5,24,29
WBGene00010674.,28,786,814
WBGene00010675.,332,2997,3329
WBGene00010676.,124,1652,1776
WBGene00010677.,187,14967,15154
WBGene00010678.,25,458,483
WBGene00010679.,6,26,32
WBGene00010680.,8,59,67
WBGene00010681.,629,22658,23287
WBGene00010682.,9,124,133
WBGene00010683.,0,179,179
WBGene00010684.,18,5,23
WBGene00010685.,184,2505,2689
WBGene00010686.,2,21,23
WBGene00010687.,77,1901,1978
WBGene00010688.,1,2,3
WBGene00010689.,0,5,5
WBGene00010690.,0,3,3
WBGene00010691.,2,28,30
WBGene00010692.,1,6,7
WBGene00010693.,41,122,163
WBGene00010694.,19,14,33
WBGene00010697.,138,2252,2390
WBGene00010698.,7,12,19
WBGene00010699.,451,3315,3766
WBGene00010700.,235,3168,3403
WBGene00010701.,176,5778,5954
WBGene00010702.,96,611,707
WBGene00010703.,1626,13603,15229
WBGene00010704.,14,573,587
WBGene00010705.,26,189,215
WBGene00010706.,1,12,13
WBGene00010707.,1,6,7
WBGene00010708.,8,89,97
WBGene00010709.,128,655,783
WBGene00010711.,0,340,340
WBGene00010712.,5,5,10
WBGene00010713.,533,2003,2536
WBGene00010714.,55,69,124
WBGene00010715.,0,1,1
WBGene00010716.,36,298,334
WBGene00010717.,6,79,85
WBGene00010718.,6,20,26
WBGene00010719.,3,1,4
WBGene00010720.,70,1522,1592
WBGene00010721.,91,2014,2105
WBGene00010722.,55,318,373
WBGene00010723.,12,1101,1113
WBGene00010724.,173,747,920
WBGene00010725.,143,1427,1570
WBGene00010726.,18,1676,1694
WBGene00010727.,270,8290,8560
WBGene00010728.,0,6,6
WBGene00010730.,28,4002,4030
WBGene00010731.,461,4024,4485
WBGene00010732.,442,2691,3133
WBGene00010733.,0,0,0
WBGene00010734.,33,220,253
WBGene00010735.,93,141,234
WBGene00010736.,419,4038,4457
WBGene00010737.,32,315,347
WBGene00010738.,75,2324,2399
WBGene00010740.,0,590,590
WBGene00010741.,5,197,202
WBGene00010742.,114,6311,6425
WBGene00010743.,2,11,13
WBGene00010744.,199,1528,1727
WBGene00010745.,3,21,24
WBGene00010746.,12,4,16
WBGene00010747.,2,5,7
WBGene00010748.,1,0,1
WBGene00010749.,0,21,21
WBGene00010750.,0,4,4
WBGene00010752.,1,8,9
WBGene00010753.,0,1,1
WBGene00010754.,0,3,3
WBGene00010755.,6,155,161
WBGene00010756.,94,1065,1159
WBGene00010757.,17,540,557
WBGene00010758.,139,1205,1344
WBGene00010759.,167,2106,2273
WBGene00010760.,1,32,33
WBGene00010761.,7,8,15
WBGene00010762.,2,8,10
WBGene00010763.,0,3,3
WBGene00010764.,2,5,7
WBGene00010765.,10,31,41
WBGene00010766.,113,4247,4360
WBGene00010767.,14,526,540
WBGene00010768.,51,104,155
WBGene00010769.,9,141,150
WBGene00010770.,172,380,552
WBGene00010771.,66,1002,1068
WBGene00010772.,2065,3736,5801
WBGene00010773.,227,4352,4579
WBGene00010774.,2,43,45
WBGene00010775.,13,33,46
WBGene00010776.,274,1248,1522
WBGene00010777.,0,0,0
WBGene00010778.,481,8287,8768
WBGene00010779.,3,6,9
WBGene00010780.,160,2997,3157
WBGene00010781.,11,76,87
WBGene00010782.,7,62,69
WBGene00010783.,559,6442,7001
WBGene00010784.,91,299,390
WBGene00010785.,90,4713,4803
WBGene00010786.,18,10,28
WBGene00010787.,7,88,95
WBGene00010788.,43,165,208
WBGene00010789.,63,56,119
WBGene00010790.,263,34940,35203
WBGene00010791.,7,157,164
WBGene00010792.,27,187,214
WBGene00010793.,85,557,642
WBGene00010794.,586,19507,20093
WBGene00010795.,20,358,378
WBGene00010796.,507,3897,4404
WBGene00010797.,0,0,0
WBGene00010798.,0,0,0
WBGene00010799.,26,196,222
WBGene00010800.,0,5,5
WBGene00010801.,1,1,2
WBGene00010802.,0,1,1
WBGene00010803.,24,672,696
WBGene00010804.,0,2,2
WBGene00010805.,31,530,561
WBGene00010806.,306,3945,4251
WBGene00010807.,18,1470,1488
WBGene00010808.,0,3,3
WBGene00010809.,57,7231,7288
WBGene00010810.,257,1968,2225
WBGene00010811.,83,1115,1198
WBGene00010812.,523,11038,11561
WBGene00010813.,358,832,1190
WBGene00010814.,92,377,469
WBGene00010815.,165,718,883
WBGene00010817.,0,1,1
WBGene00010818.,7,3,10
WBGene00010819.,0,4,4
WBGene00010820.,0,0,0
WBGene00010821.,2,1,3
WBGene00010822.,3,33,36
WBGene00010823.,0,2,2
WBGene00010824.,0,2,2
WBGene00010825.,0,15,15
WBGene00010827.,82,1348,1430
WBGene00010828.,1296,4277,5573
WBGene00010829.,6,3,9
WBGene00010830.,13,129,142
WBGene00010831.,9,34,43
WBGene00010832.,2,14,16
WBGene00010833.,85,942,1027
WBGene00010834.,47,3595,3642
WBGene00010835.,65,437,502
WBGene00010836.,18,205,223
WBGene00010837.,73,2389,2462
WBGene00010838.,142,1068,1210
WBGene00010839.,85,388,473
WBGene00010840.,756,2261,3017
WBGene00010842.,434,3646,4080
WBGene00010843.,51,166,217
WBGene00010844.,173,2843,3016
WBGene00010845.,266,5863,6129
WBGene00010846.,46,224,270
WBGene00010847.,134,2183,2317
WBGene00010848.,4,208,212
WBGene00010849.,350,312,662
WBGene00010850.,25,32,57
WBGene00010851.,0,13,13
WBGene00010854.,0,14,14
WBGene00010855.,70,20,90
WBGene00010856.,666,2627,3293
WBGene00010857.,47,120,167
WBGene00010858.,61,558,619
WBGene00010859.,17,67,84
WBGene00010862.,2,9,11
WBGene00010863.,10,13,23
WBGene00010864.,35,269,304
WBGene00010865.,31,123,154
WBGene00010866.,0,2,2
WBGene00010867.,160,2173,2333
WBGene00010868.,224,9734,9958
WBGene00010869.,0,11,11
WBGene00010870.,12,175,187
WBGene00010871.,26,138,164
WBGene00010872.,79,5452,5531
WBGene00010873.,43,430,473
WBGene00010874.,37,393,430
WBGene00010875.,139,1583,1722
WBGene00010876.,33,34,67
WBGene00010877.,276,2740,3016
WBGene00010878.,176,4431,4607
WBGene00010879.,344,11848,12192
WBGene00010880.,134,130,264
WBGene00010881.,48,398,446
WBGene00010882.,64,2082,2146
WBGene00010883.,0,14,14
WBGene00010884.,59,416,475
WBGene00010885.,1,3,4
WBGene00010886.,1,7,8
WBGene00010887.,411,4202,4613
WBGene00010888.,2226,20041,22267
WBGene00010889.,23,387,410
WBGene00010890.,205,3108,3313
WBGene00010891.,12,1033,1045
WBGene00010892.,18,786,804
WBGene00010893.,85,861,946
WBGene00010894.,4,1,5
WBGene00010895.,3,4,7
WBGene00010896.,595,74283,74878
WBGene00010897.,294,908,1202
WBGene00010898.,165,794,959
WBGene00010899.,18,94,112
WBGene00010900.,2,2,4
WBGene00010901.,1,41,42
WBGene00010902.,182,1376,1558
WBGene00010904.,7,84,91
WBGene00010905.,212,7055,7267
WBGene00010906.,3,15,18
WBGene00010907.,20,210,230
WBGene00010908.,274,4770,5044
WBGene00010909.,266,5289,5555
WBGene00010910.,314,1031,1345
WBGene00010911.,177,1979,2156
WBGene00010912.,300,5150,5450
WBGene00010913.,109,2016,2125
WBGene00010915.,5,5,10
WBGene00010916.,6,54,60
WBGene00010917.,15,216,231
WBGene00010918.,327,1815,2142
WBGene00010919.,171,82,253
WBGene00010920.,6,9,15
WBGene00010921.,7,45,52
WBGene00010922.,4,1841,1845
WBGene00010923.,318,1917,2235
WBGene00010924.,74,27,101
WBGene00010925.,3,10,13
WBGene00010926.,2,49,51
WBGene00010927.,0,6,6
WBGene00010928.,0,29,29
WBGene00010929.,1,1,2
WBGene00010930.,0,1,1
WBGene00010931.,6,133,139
WBGene00010932.,1,2,3
WBGene00010933.,0,1,1
WBGene00010934.,1,19,20
WBGene00010935.,0,741,741
WBGene00010936.,71,736,807
WBGene00010937.,2,22,24
WBGene00010938.,13,7,20
WBGene00010939.,2,15,17
WBGene00010940.,6,1054,1060
WBGene00010941.,139,1554,1693
WBGene00010942.,860,14606,15466
WBGene00010943.,20,669,689
WBGene00010944.,80,1702,1782
WBGene00010945.,2,111,113
WBGene00010946.,17,9,26
WBGene00010947.,0,537,537
WBGene00010948.,5,22,27
WBGene00010949.,3,2,5
WBGene00010950.,0,1,1
WBGene00010951.,68,604,672
WBGene00010952.,2,0,2
WBGene00010953.,0,0,0
WBGene00010954.,0,0,0
WBGene00010955.,0,1,1
WBGene00010956.,0,1,1
WBGene00010957.,0,969268,969268
WBGene00010958.,0,225338,225338
WBGene00010959.,0,164329,164329
WBGene00010960.,0,802210,802210
WBGene00010961.,0,62058,62058
WBGene00010962.,0,559689,559689
WBGene00010963.,0,68209,68209
WBGene00010964.,0,322483,322483
WBGene00010965.,0,489970,489970
WBGene00010966.,0,34174,34174
WBGene00010967.,0,70056,70056
WBGene00010968.,7,83,90
WBGene00010969.,0,16,16
WBGene00010970.,221,1649,1870
WBGene00010971.,9,171,180
WBGene00010972.,3,218,221
WBGene00010973.,17,92,109
WBGene00010974.,135,554,689
WBGene00010975.,105,845,950
WBGene00010976.,8,1041,1049
WBGene00010977.,8,124,132
WBGene00010978.,0,26,26
WBGene00010979.,27,54,81
WBGene00010980.,2,3,5
WBGene00010981.,77,1246,1323
WBGene00010982.,182,2586,2768
WBGene00010983.,40,78,118
WBGene00010984.,37,3025,3062
WBGene00010985.,41,117,158
WBGene00010986.,35,329,364
WBGene00010987.,6,28,34
WBGene00010988.,162,2758,2920
WBGene00010989.,2,136,138
WBGene00010990.,626,3206,3832
WBGene00010991.,7,43,50
WBGene00010992.,3,7,10
WBGene00010993.,100,7967,8067
WBGene00010994.,716,5246,5962
WBGene00010995.,3,3,6
WBGene00010996.,3,4,7
WBGene00010998.,3,6,9
WBGene00010999.,12,7,19
WBGene00011000.,9,25,34
WBGene00011001.,12,15,27
WBGene00011002.,76,282,358
WBGene00011003.,150,1352,1502
WBGene00011004.,368,1492,1860
WBGene00011005.,1,7,8
WBGene00011006.,2,38,40
WBGene00011007.,1,1,2
WBGene00011008.,2,0,2
WBGene00011009.,2,31,33
WBGene00011010.,0,3,3
WBGene00011011.,0,0,0
WBGene00011012.,0,1,1
WBGene00011013.,1,38,39
WBGene00011014.,44,251,295
WBGene00011015.,6422,115571,121993
WBGene00011016.,41,2170,2211
WBGene00011017.,20,4368,4388
WBGene00011018.,153,3078,3231
WBGene00011019.,987,20365,21352
WBGene00011020.,184,4229,4413
WBGene00011021.,268,3042,3310
WBGene00011022.,5,6,11
WBGene00011023.,7,51,58
WBGene00011024.,0,0,0
WBGene00011025.,2,2,4
WBGene00011026.,3306,11023,14329
WBGene00011027.,48,165,213
WBGene00011028.,1267,1882,3149
WBGene00011029.,327,2616,2943
WBGene00011030.,83,339,422
WBGene00011032.,165,3539,3704
WBGene00011033.,49,2283,2332
WBGene00011034.,94,1563,1657
WBGene00011035.,213,3222,3435
WBGene00011036.,97,1158,1255
WBGene00011037.,79,1227,1306
WBGene00011038.,355,13561,13916
WBGene00011039.,6,186,192
WBGene00011040.,30,576,606
WBGene00011041.,0,8,8
WBGene00011042.,3,90,93
WBGene00011043.,680,3988,4668
WBGene00011044.,135,260,395
WBGene00011045.,301,2427,2728
WBGene00011046.,1,10,11
WBGene00011047.,22,944,966
WBGene00011049.,2,23,25
WBGene00011050.,411,2780,3191
WBGene00011051.,57,3202,3259
WBGene00011052.,8,2,10
WBGene00011053.,2,7,9
WBGene00011054.,66,1354,1420
WBGene00011055.,167,2369,2536
WBGene00011056.,11,11,22
WBGene00011058.,505,1694,2199
WBGene00011059.,9020,159260,168280
WBGene00011060.,88,1268,1356
WBGene00011061.,31,959,990
WBGene00011062.,0,62,62
WBGene00011063.,5,137,142
WBGene00011064.,185,3071,3256
WBGene00011065.,15,211,226
WBGene00011066.,19,220,239
WBGene00011067.,83,1220,1303
WBGene00011068.,41,1212,1253
WBGene00011069.,31,218,249
WBGene00011070.,291,9134,9425
WBGene00011071.,223,1654,1877
WBGene00011072.,4457,47479,51936
WBGene00011073.,18,216,234
WBGene00011074.,27,200,227
WBGene00011075.,52,321,373
WBGene00011076.,5,29,34
WBGene00011077.,4,65,69
WBGene00011078.,5,38,43
WBGene00011079.,0,0,0
WBGene00011081.,5,55,60
WBGene00011082.,10,112,122
WBGene00011083.,28,25,53
WBGene00011084.,0,7,7
WBGene00011087.,21,330,351
WBGene00011088.,2,115,117
WBGene00011089.,22,913,935
WBGene00011090.,64,363,427
WBGene00011092.,94,491,585
WBGene00011093.,86,492,578
WBGene00011094.,18,233,251
WBGene00011095.,57,4061,4118
WBGene00011096.,7,12,19
WBGene00011097.,97,467,564
WBGene00011098.,10,93,103
WBGene00011099.,12,151,163
WBGene00011100.,59,407,466
WBGene00011101.,108,161,269
WBGene00011102.,17,404,421
WBGene00011103.,4,448,452
WBGene00011104.,24,22,46
WBGene00011105.,223,1403,1626
WBGene00011106.,148,2619,2767
WBGene00011107.,15,516,531
WBGene00011108.,158,896,1054
WBGene00011109.,89,1919,2008
WBGene00011110.,1117,9868,10985
WBGene00011111.,63,5168,5231
WBGene00011112.,20,857,877
WBGene00011113.,6,12,18
WBGene00011114.,2,11,13
WBGene00011115.,67,2465,2532
WBGene00011116.,158,4390,4548
WBGene00011117.,7,301,308
WBGene00011119.,1311,16807,18118
WBGene00011120.,0,10,10
WBGene00011121.,18,453,471
WBGene00011122.,672,4771,5443
WBGene00011123.,360,1432,1792
WBGene00011124.,14,176,190
WBGene00011127.,0,13,13
WBGene00011128.,112,11091,11203
WBGene00011129.,8,25,33
WBGene00011130.,1557,1,1558
WBGene00011131.,176,394,570
WBGene00011132.,0,2,2
WBGene00011133.,2,20,22
WBGene00011134.,0,0,0
WBGene00011135.,0,2,2
WBGene00011136.,5,49,54
WBGene00011137.,8,386,394
WBGene00011139.,118,1803,1921
WBGene00011140.,13,72,85
WBGene00011141.,24,296,320
WBGene00011142.,129,2297,2426
WBGene00011143.,94,1263,1357
WBGene00011144.,23,3935,3958
WBGene00011145.,49,1010,1059
WBGene00011146.,443,2516,2959
WBGene00011147.,41,249,290
WBGene00011149.,0,2,2
WBGene00011150.,3,3,6
WBGene00011151.,1,0,1
WBGene00011152.,1,1,2
WBGene00011153.,14,3,17
WBGene00011154.,56,1264,1320
WBGene00011155.,950,16081,17031
WBGene00011156.,15369,255305,270674
WBGene00011157.,0,4,4
WBGene00011158.,0,0,0
WBGene00011159.,0,0,0
WBGene00011160.,0,3,3
WBGene00011161.,1,4,5
WBGene00011162.,0,0,0
WBGene00011163.,0,1,1
WBGene00011164.,0,0,0
WBGene00011165.,0,2,2
WBGene00011166.,1,6,7
WBGene00011167.,0,0,0
WBGene00011168.,1,7,8
WBGene00011169.,0,0,0
WBGene00011170.,0,1,1
WBGene00011171.,37,250,287
WBGene00011172.,5,29,34
WBGene00011173.,5,2,7
WBGene00011174.,3,0,3
WBGene00011175.,2,16,18
WBGene00011176.,0,5,5
WBGene00011177.,0,0,0
WBGene00011178.,4,0,4
WBGene00011179.,47,640,687
WBGene00011180.,26,117,143
WBGene00011181.,10,321,331
WBGene00011182.,68,226,294
WBGene00011183.,7,3,10
WBGene00011184.,2,52,54
WBGene00011185.,4,215,219
WBGene00011186.,0,3,3
WBGene00011187.,0,9,9
WBGene00011188.,2,92,94
WBGene00011189.,47,206,253
WBGene00011190.,5,94,99
WBGene00011191.,1,29,30
WBGene00011192.,6,15,21
WBGene00011193.,55,1835,1890
WBGene00011194.,138,859,997
WBGene00011195.,43,3179,3222
WBGene00011196.,0,0,0
WBGene00011197.,4,17,21
WBGene00011198.,100,3363,3463
WBGene00011200.,3,6,9
WBGene00011201.,17,185,202
WBGene00011202.,2,13,15
WBGene00011203.,10,76,86
WBGene00011205.,225,4093,4318
WBGene00011206.,79,1079,1158
WBGene00011207.,9,12,21
WBGene00011208.,0,0,0
WBGene00011209.,1,2,3
WBGene00011210.,0,0,0
WBGene00011211.,6,1,7
WBGene00011212.,0,17,17
WBGene00011213.,3,3,6
WBGene00011214.,6,122,128
WBGene00011215.,49,130,179
WBGene00011216.,180,1741,1921
WBGene00011217.,65,394,459
WBGene00011218.,61,622,683
WBGene00011219.,3,14,17
WBGene00011220.,16,109,125
WBGene00011221.,314,2531,2845
WBGene00011222.,17,205,222
WBGene00011223.,65,492,557
WBGene00011224.,78,558,636
WBGene00011225.,30,447,477
WBGene00011226.,121,722,843
WBGene00011227.,4,253,257
WBGene00011228.,0,14,14
WBGene00011229.,0,5,5
WBGene00011230.,113,5246,5359
WBGene00011231.,36,3950,3986
WBGene00011232.,2508,61687,64195
WBGene00011234.,0,75,75
WBGene00011235.,97,484,581
WBGene00011236.,22,353,375
WBGene00011237.,96,2573,2669
WBGene00011238.,35,142,177
WBGene00011239.,293,6310,6603
WBGene00011240.,421,5689,6110
WBGene00011241.,24,99,123
WBGene00011242.,74,664,738
WBGene00011243.,7,37,44
WBGene00011244.,19,1841,1860
WBGene00011245.,0,0,0
WBGene00011246.,8,21,29
WBGene00011247.,429,8564,8993
WBGene00011248.,99,1218,1317
WBGene00011249.,1,3,4
WBGene00011250.,110,1984,2094
WBGene00011251.,73,215,288
WBGene00011252.,0,28,28
WBGene00011253.,55,2415,2470
WBGene00011254.,31,1731,1762
WBGene00011255.,17,63,80
WBGene00011257.,6,11,17
WBGene00011258.,13,108,121
WBGene00011259.,506,3046,3552
WBGene00011260.,6,37,43
WBGene00011261.,540,487,1027
WBGene00011262.,10,117,127
WBGene00011263.,11,1499,1510
WBGene00011264.,5,55,60
WBGene00011265.,10,274,284
WBGene00011266.,1,120,121
WBGene00011267.,2,109,111
WBGene00011268.,221,1309,1530
WBGene00011269.,60,109,169
WBGene00011270.,533,8390,8923
WBGene00011271.,118,987,1105
WBGene00011272.,104,2852,2956
WBGene00011273.,2513,134886,137399
WBGene00011274.,125,1284,1409
WBGene00011275.,32,652,684
WBGene00011276.,102,2281,2383
WBGene00011277.,2,11,13
WBGene00011278.,1,124,125
WBGene00011279.,566,4908,5474
WBGene00011280.,125,1571,1696
WBGene00011281.,222,3058,3280
WBGene00011282.,445,3898,4343
WBGene00011283.,1158,7029,8187
WBGene00011284.,18,2170,2188
WBGene00011285.,82,905,987
WBGene00011286.,14,333,347
WBGene00011287.,53,617,670
WBGene00011288.,5,193,198
WBGene00011289.,15,7223,7238
WBGene00011290.,0,2,2
WBGene00011291.,40,286,326
WBGene00011292.,333,3032,3365
WBGene00011293.,15,32,47
WBGene00011294.,3,2,5
WBGene00011295.,0,1,1
WBGene00011296.,3,35,38
WBGene00011297.,0,1,1
WBGene00011298.,234,1082,1316
WBGene00011299.,359,1997,2356
WBGene00011300.,354,12899,13253
WBGene00011302.,568,2403,2971
WBGene00011303.,602,3650,4252
WBGene00011304.,4383,10700,15083
WBGene00011305.,23,824,847
WBGene00011306.,125,2081,2206
WBGene00011307.,225,1659,1884
WBGene00011308.,350,5920,6270
WBGene00011309.,1579,7556,9135
WBGene00011310.,30,290,320
WBGene00011311.,362,5226,5588
WBGene00011312.,14,1612,1626
WBGene00011313.,1,74,75
WBGene00011314.,70,627,697
WBGene00011315.,5,179,184
WBGene00011317.,39,876,915
WBGene00011318.,19,596,615
WBGene00011319.,120,1281,1401
WBGene00011320.,0,25,25
WBGene00011321.,0,24,24
WBGene00011322.,2,2,4
WBGene00011323.,99,1950,2049
WBGene00011324.,6,454,460
WBGene00011325.,12,117,129
WBGene00011326.,154,1863,2017
WBGene00011327.,1,18,19
WBGene00011328.,107,832,939
WBGene00011329.,82,1633,1715
WBGene00011330.,4,119,123
WBGene00011331.,94,4696,4790
WBGene00011333.,201,3394,3595
WBGene00011334.,193,4932,5125
WBGene00011335.,19,52,71
WBGene00011336.,1,0,1
WBGene00011337.,182,9488,9670
WBGene00011338.,239,2342,2581
WBGene00011339.,50,218,268
WBGene00011340.,2,44,46
WBGene00011341.,0,9,9
WBGene00011342.,0,4,4
WBGene00011344.,546,1952,2498
WBGene00011345.,4,865,869
WBGene00011346.,0,0,0
WBGene00011348.,144,916,1060
WBGene00011349.,186,2620,2806
WBGene00011350.,1,63,64
WBGene00011351.,29,192,221
WBGene00011352.,250,2755,3005
WBGene00011353.,109,894,1003
WBGene00011354.,4,30,34
WBGene00011355.,8,116,124
WBGene00011356.,0,4,4
WBGene00011357.,1,1,2
WBGene00011358.,1,10,11
WBGene00011359.,15,6,21
WBGene00011360.,2,7,9
WBGene00011361.,7,104,111
WBGene00011362.,0,7,7
WBGene00011363.,0,27,27
WBGene00011364.,1,20,21
WBGene00011365.,7,53,60
WBGene00011366.,25,381,406
WBGene00011367.,39,1286,1325
WBGene00011368.,81,971,1052
WBGene00011369.,5,24,29
WBGene00011371.,22,133,155
WBGene00011372.,301,302,603
WBGene00011373.,0,0,0
WBGene00011374.,3158,22052,25210
WBGene00011375.,303,1550,1853
WBGene00011376.,24,306,330
WBGene00011378.,6,6,12
WBGene00011379.,3,4,7
WBGene00011380.,36,492,528
WBGene00011381.,29,231,260
WBGene00011382.,51,570,621
WBGene00011383.,180,6404,6584
WBGene00011386.,1,6,7
WBGene00011387.,2,0,2
WBGene00011388.,1,4,5
WBGene00011389.,1,0,1
WBGene00011390.,0,0,0
WBGene00011391.,775,6146,6921
WBGene00011392.,164,19339,19503
WBGene00011393.,65,931,996
WBGene00011394.,9,49,58
WBGene00011395.,1,1,2
WBGene00011396.,3,6,9
WBGene00011397.,2,9,11
WBGene00011398.,464,7539,8003
WBGene00011399.,3,429,432
WBGene00011400.,62,324,386
WBGene00011401.,2,27,29
WBGene00011402.,12,34,46
WBGene00011403.,2,1,3
WBGene00011404.,26,158,184
WBGene00011405.,7,198,205
WBGene00011407.,86,697,783
WBGene00011408.,416,7328,7744
WBGene00011409.,51,5086,5137
WBGene00011410.,5,1616,1621
WBGene00011411.,5,800,805
WBGene00011412.,241,7774,8015
WBGene00011414.,8,13,21
WBGene00011415.,38,523,561
WBGene00011416.,0,0,0
WBGene00011417.,0,0,0
WBGene00011418.,0,0,0
WBGene00011419.,0,13,13
WBGene00011420.,0,0,0
WBGene00011421.,0,5,5
WBGene00011422.,215,2397,2612
WBGene00011423.,325,1788,2113
WBGene00011424.,3,53,56
WBGene00011425.,51,68,119
WBGene00011426.,59,79,138
WBGene00011427.,4,37,41
WBGene00011428.,483,9259,9742
WBGene00011429.,5,40,45
WBGene00011430.,33,210,243
WBGene00011431.,4,86,90
WBGene00011432.,0,4,4
WBGene00011433.,381,2280,2661
WBGene00011434.,25,956,981
WBGene00011435.,3,34,37
WBGene00011436.,173,3231,3404
WBGene00011437.,16,190,206
WBGene00011438.,0,4,4
WBGene00011439.,19,63,82
WBGene00011440.,39,1174,1213
WBGene00011441.,190,1433,1623
WBGene00011442.,40,454,494
WBGene00011443.,36,589,625
WBGene00011444.,121,1029,1150
WBGene00011445.,12,113,125
WBGene00011446.,53,2839,2892
WBGene00011447.,60,221,281
WBGene00011448.,17,116,133
WBGene00011449.,110,3242,3352
WBGene00011450.,7,307,314
WBGene00011451.,32,432,464
WBGene00011452.,30,226,256
WBGene00011453.,15,141,156
WBGene00011454.,47,221,268
WBGene00011456.,148,695,843
WBGene00011458.,38,24,62
WBGene00011459.,4,2,6
WBGene00011460.,85,185,270
WBGene00011462.,18,48,66
WBGene00011463.,59,765,824
WBGene00011464.,43,697,740
WBGene00011465.,8,248,256
WBGene00011466.,8,26,34
WBGene00011467.,0,4,4
WBGene00011468.,7,38,45
WBGene00011469.,1,3,4
WBGene00011470.,0,0,0
WBGene00011471.,35,155,190
WBGene00011472.,1,10,11
WBGene00011473.,22,406,428
WBGene00011474.,122,85500,85622
WBGene00011475.,10,201,211
WBGene00011476.,41,311,352
WBGene00011478.,2,7,9
WBGene00011479.,114,1845,1959
WBGene00011480.,1802,29042,30844
WBGene00011481.,41,18300,18341
WBGene00011482.,23,319,342
WBGene00011483.,5,12,17
WBGene00011484.,26,2365,2391
WBGene00011485.,1,0,1
WBGene00011486.,0,1,1
WBGene00011487.,14,40,54
WBGene00011488.,435,3568,4003
WBGene00011489.,51,357,408
WBGene00011490.,129,2300,2429
WBGene00011491.,2,0,2
WBGene00011492.,6,14,20
WBGene00011493.,0,4,4
WBGene00011494.,2,12,14
WBGene00011495.,19,211,230
WBGene00011497.,71,896,967
WBGene00011498.,2045,21420,23465
WBGene00011499.,12,13,25
WBGene00011500.,60,1447,1507
WBGene00011501.,2,223,225
WBGene00011502.,52,1244,1296
WBGene00011503.,462,1957,2419
WBGene00011505.,0,2,2
WBGene00011506.,1,0,1
WBGene00011507.,124,5165,5289
WBGene00011508.,4,22,26
WBGene00011509.,3,250,253
WBGene00011510.,595,11961,12556
WBGene00011511.,651,2349,3000
WBGene00011512.,17,128,145
WBGene00011513.,0,120,120
WBGene00011514.,5,39,44
WBGene00011515.,1,0,1
WBGene00011516.,0,2,2
WBGene00011517.,15,104,119
WBGene00011518.,1,1,2
WBGene00011519.,0,7,7
WBGene00011520.,36,303,339
WBGene00011521.,0,13,13
WBGene00011522.,178,4346,4524
WBGene00011523.,15,23,38
WBGene00011524.,75,270,345
WBGene00011526.,234,4006,4240
WBGene00011527.,95,6613,6708
WBGene00011528.,114,2265,2379
WBGene00011529.,206,3666,3872
WBGene00011530.,33,163,196
WBGene00011531.,299,13726,14025
WBGene00011532.,401,3100,3501
WBGene00011533.,0,6,6
WBGene00011534.,3,27,30
WBGene00011535.,3,38,41
WBGene00011536.,4,30,34
WBGene00011537.,0,20,20
WBGene00011538.,94,4291,4385
WBGene00011539.,0,6,6
WBGene00011540.,14,45,59
WBGene00011541.,1,0,1
WBGene00011542.,0,0,0
WBGene00011543.,131,1067,1198
WBGene00011544.,6,20,26
WBGene00011545.,28,387,415
WBGene00011546.,22,251,273
WBGene00011547.,0,9,9
WBGene00011548.,57,1046,1103
WBGene00011549.,0,4,4
WBGene00011550.,1,20,21
WBGene00011551.,33,372,405
WBGene00011554.,109,235,344
WBGene00011556.,25,48,73
WBGene00011557.,14,35,49
WBGene00011558.,0,9772,9772
WBGene00011559.,142,1644,1786
WBGene00011560.,20,572,592
WBGene00011561.,359,8487,8846
WBGene00011562.,150,1223,1373
WBGene00011563.,25,23,48
WBGene00011564.,1099,8013,9112
WBGene00011565.,1,9,10
WBGene00011566.,6,30,36
WBGene00011567.,0,1,1
WBGene00011568.,7,45,52
WBGene00011570.,1,2,3
WBGene00011571.,159,5404,5563
WBGene00011572.,43,238,281
WBGene00011573.,83,6933,7016
WBGene00011574.,1,12,13
WBGene00011575.,16,282,298
WBGene00011576.,37,302,339
WBGene00011577.,0,1,1
WBGene00011578.,13,38,51
WBGene00011579.,352,3099,3451
WBGene00011580.,156,1963,2119
WBGene00011581.,7,57,64
WBGene00011582.,53,51,104
WBGene00011583.,2,11,13
WBGene00011584.,0,0,0
WBGene00011585.,0,0,0
WBGene00011586.,53,2050,2103
WBGene00011587.,19,160,179
WBGene00011589.,37,1390,1427
WBGene00011590.,166,511,677
WBGene00011591.,12,106,118
WBGene00011592.,112,168,280
WBGene00011593.,27,494,521
WBGene00011594.,9,77,86
WBGene00011595.,0,1,1
WBGene00011596.,18,216,234
WBGene00011597.,59,80,139
WBGene00011599.,0,582,582
WBGene00011600.,5,115,120
WBGene00011601.,30,149,179
WBGene00011604.,377,2179,2556
WBGene00011605.,270,6964,7234
WBGene00011606.,22,121,143
WBGene00011607.,47,59,106
WBGene00011608.,2,121,123
WBGene00011609.,0,0,0
WBGene00011610.,0,36,36
WBGene00011611.,12,40,52
WBGene00011612.,23,22,45
WBGene00011613.,30,172,202
WBGene00011614.,3,298,301
WBGene00011615.,18,353,371
WBGene00011616.,2,6,8
WBGene00011617.,0,1,1
WBGene00011618.,2,5,7
WBGene00011619.,2,2,4
WBGene00011620.,0,2,2
WBGene00011621.,0,0,0
WBGene00011622.,22,9,31
WBGene00011623.,23,364,387
WBGene00011624.,316,2238,2554
WBGene00011625.,45,1014,1059
WBGene00011626.,0,0,0
WBGene00011627.,0,0,0
WBGene00011628.,0,0,0
WBGene00011629.,612,17249,17861
WBGene00011630.,26,58,84
WBGene00011631.,614,4532,5146
WBGene00011633.,41,135,176
WBGene00011634.,241,3742,3983
WBGene00011635.,78,1733,1811
WBGene00011636.,405,3039,3444
WBGene00011637.,138,1816,1954
WBGene00011638.,87,12065,12152
WBGene00011639.,672,3809,4481
WBGene00011640.,3,214,217
WBGene00011641.,0,4478,4478
WBGene00011642.,6,97,103
WBGene00011643.,1,75,76
WBGene00011644.,12,202,214
WBGene00011645.,46,805,851
WBGene00011646.,21,19,40
WBGene00011647.,1098,7377,8475
WBGene00011648.,175,1934,2109
WBGene00011649.,7,8,15
WBGene00011650.,0,0,0
WBGene00011651.,0,0,0
WBGene00011652.,0,2,2
WBGene00011653.,0,1,1
WBGene00011654.,0,1,1
WBGene00011655.,0,1,1
WBGene00011656.,2,2,4
WBGene00011657.,1,1,2
WBGene00011658.,0,0,0
WBGene00011659.,2,1,3
WBGene00011660.,3,7,10
WBGene00011661.,129,3703,3832
WBGene00011662.,110,2799,2909
WBGene00011663.,342,756,1098
WBGene00011664.,40,703,743
WBGene00011665.,10,159,169
WBGene00011666.,1,0,1
WBGene00011668.,0,1,1
WBGene00011669.,2,8,10
WBGene00011670.,0,20,20
WBGene00011671.,3,5,8
WBGene00011672.,57,430,487
WBGene00011673.,1,69,70
WBGene00011674.,1,8,9
WBGene00011675.,14,10,24
WBGene00011676.,82,1175,1257
WBGene00011677.,30,55,85
WBGene00011678.,25,345,370
WBGene00011679.,153,11352,11505
WBGene00011680.,24,863,887
WBGene00011681.,203,5047,5250
WBGene00011682.,89,488,577
WBGene00011683.,558,5641,6199
WBGene00011684.,14,89,103
WBGene00011685.,0,4,4
WBGene00011686.,0,1,1
WBGene00011687.,42,5467,5509
WBGene00011688.,20,841,861
WBGene00011689.,3,17,20
WBGene00011690.,1,3,4
WBGene00011691.,0,4,4
WBGene00011692.,3594,15489,19083
WBGene00011693.,6,50,56
WBGene00011694.,428,2872,3300
WBGene00011695.,28,34,62
WBGene00011696.,558,4137,4695
WBGene00011697.,2,17,19
WBGene00011698.,8,52,60
WBGene00011699.,4,19,23
WBGene00011701.,0,14,14
WBGene00011702.,1,12,13
WBGene00011703.,7,3,10
WBGene00011704.,0,0,0
WBGene00011705.,32,223,255
WBGene00011706.,22,335,357
WBGene00011707.,4,153,157
WBGene00011708.,2234,25667,27901
WBGene00011709.,23,87,110
WBGene00011710.,0,0,0
WBGene00011712.,1,22,23
WBGene00011713.,13,689,702
WBGene00011714.,0,0,0
WBGene00011715.,0,7,7
WBGene00011716.,0,15,15
WBGene00011717.,72,925,997
WBGene00011718.,30,273,303
WBGene00011719.,62,893,955
WBGene00011720.,266,2064,2330
WBGene00011721.,0,15,15
WBGene00011722.,196,4058,4254
WBGene00011723.,347,4313,4660
WBGene00011724.,1,1,2
WBGene00011725.,66,253,319
WBGene00011726.,288,1461,1749
WBGene00011727.,97,1381,1478
WBGene00011728.,23,81,104
WBGene00011729.,248,3539,3787
WBGene00011730.,136,13064,13200
WBGene00011731.,35,823,858
WBGene00011732.,759,5357,6116
WBGene00011733.,1,326,327
WBGene00011734.,304,12628,12932
WBGene00011735.,1281,9615,10896
WBGene00011736.,504,21632,22136
WBGene00011737.,119,4829,4948
WBGene00011738.,77,766,843
WBGene00011739.,9,441,450
WBGene00011740.,408,5646,6054
WBGene00011741.,14,47,61
WBGene00011742.,64,2078,2142
WBGene00011743.,516,7844,8360
WBGene00011744.,19,205,224
WBGene00011745.,51,225,276
WBGene00011746.,14,247,261
WBGene00011747.,98,1975,2073
WBGene00011748.,1,5,6
WBGene00011749.,0,1,1
WBGene00011750.,0,16,16
WBGene00011751.,0,6,6
WBGene00011752.,11,97,108
WBGene00011753.,3,22,25
WBGene00011754.,7,42,49
WBGene00011755.,1367,6777,8144
WBGene00011756.,18,611,629
WBGene00011757.,21,151,172
WBGene00011758.,164,5633,5797
WBGene00011759.,27,8216,8243
WBGene00011760.,62,1537,1599
WBGene00011761.,39,1357,1396
WBGene00011762.,22,499,521
WBGene00011763.,283,13377,13660
WBGene00011765.,107,907,1014
WBGene00011767.,1185,5648,6833
WBGene00011768.,53,1583,1636
WBGene00011770.,2,75,77
WBGene00011771.,1010,10247,11257
WBGene00011772.,23,110,133
WBGene00011773.,19,1211,1230
WBGene00011774.,136,1525,1661
WBGene00011775.,515,7197,7712
WBGene00011776.,20,798,818
WBGene00011777.,2,183,185
WBGene00011778.,0,1,1
WBGene00011779.,0,0,0
WBGene00011780.,2,1,3
WBGene00011781.,0,1,1
WBGene00011782.,0,0,0
WBGene00011783.,0,0,0
WBGene00011784.,0,2,2
WBGene00011785.,0,0,0
WBGene00011786.,0,9,9
WBGene00011788.,15,279,294
WBGene00011789.,17,158,175
WBGene00011790.,2,11,13
WBGene00011791.,0,15,15
WBGene00011793.,52,323,375
WBGene00011794.,161,1259,1420
WBGene00011795.,15,153,168
WBGene00011796.,16,317,333
WBGene00011797.,4,16,20
WBGene00011798.,10,48,58
WBGene00011799.,1,12,13
WBGene00011800.,3,51,54
WBGene00011801.,6,98,104
WBGene00011802.,75,2197,2272
WBGene00011803.,6,89,95
WBGene00011804.,18,19,37
WBGene00011805.,0,19,19
WBGene00011806.,107,1427,1534
WBGene00011807.,169,1362,1531
WBGene00011808.,0,0,0
WBGene00011809.,0,0,0
WBGene00011810.,2,3,5
WBGene00011811.,2,42,44
WBGene00011812.,2,24,26
WBGene00011813.,49,782,831
WBGene00011814.,67,376,443
WBGene00011815.,314,3565,3879
WBGene00011816.,0,0,0
WBGene00011817.,62,320,382
WBGene00011818.,10,0,10
WBGene00011819.,25,422,447
WBGene00011820.,33,1641,1674
WBGene00011821.,0,29,29
WBGene00011822.,12,324,336
WBGene00011823.,4,418,422
WBGene00011824.,149,749,898
WBGene00011826.,169,286,455
WBGene00011827.,1140,2622,3762
WBGene00011828.,9,1386,1395
WBGene00011829.,32,93,125
WBGene00011830.,210,2696,2906
WBGene00011831.,30,2262,2292
WBGene00011832.,133,2521,2654
WBGene00011833.,64,1669,1733
WBGene00011834.,26,536,562
WBGene00011835.,15,710,725
WBGene00011836.,6,124,130
WBGene00011837.,3,5,8
WBGene00011838.,34,766,800
WBGene00011839.,12,701,713
WBGene00011840.,0,0,0
WBGene00011841.,3,58,61
WBGene00011842.,0,5,5
WBGene00011844.,3,28,31
WBGene00011846.,1,7,8
WBGene00011847.,0,4,4
WBGene00011848.,2,13,15
WBGene00011849.,7,2264,2271
WBGene00011850.,95,293,388
WBGene00011851.,0,5,5
WBGene00011852.,1,5,6
WBGene00011853.,2,1,3
WBGene00011854.,899,1275,2174
WBGene00011855.,0,28,28
WBGene00011856.,64,762,826
WBGene00011857.,248,6153,6401
WBGene00011858.,40,1969,2009
WBGene00011859.,99,2282,2381
WBGene00011860.,7,540,547
WBGene00011864.,288,7749,8037
WBGene00011867.,181,9116,9297
WBGene00011868.,64,400,464
WBGene00011869.,114,146916,147030
WBGene00011870.,33,9950,9983
WBGene00011871.,143,1427,1570
WBGene00011872.,91,810,901
WBGene00011873.,125,216,341
WBGene00011874.,1,19,20
WBGene00011875.,25,317,342
WBGene00011876.,0,5,5
WBGene00011877.,7,55,62
WBGene00011878.,51,226,277
WBGene00011879.,239,2303,2542
WBGene00011880.,3697,75019,78716
WBGene00011882.,10,23,33
WBGene00011883.,367,5349,5716
WBGene00011884.,361,89553,89914
WBGene00011885.,977,2486,3463
WBGene00011886.,14,342,356
WBGene00011887.,843,1008,1851
WBGene00011888.,233,666,899
WBGene00011890.,41,1384,1425
WBGene00011891.,68,3250,3318
WBGene00011892.,193,3395,3588
WBGene00011893.,2,31,33
WBGene00011894.,26,410,436
WBGene00011895.,5,10,15
WBGene00011896.,3,213,216
WBGene00011897.,510,8564,9074
WBGene00011898.,2,27,29
WBGene00011899.,14,393,407
WBGene00011900.,14,2,16
WBGene00011902.,0,41,41
WBGene00011903.,1,2,3
WBGene00011904.,632,4541,5173
WBGene00011906.,65,3042,3107
WBGene00011908.,89,550,639
WBGene00011909.,6,20,26
WBGene00011910.,0,13,13
WBGene00011911.,0,10,10
WBGene00011912.,175,2968,3143
WBGene00011913.,245,1257,1502
WBGene00011914.,25,545,570
WBGene00011915.,158,1787,1945
WBGene00011916.,68,736,804
WBGene00011917.,673,11423,12096
WBGene00011918.,5,10,15
WBGene00011919.,4,28,32
WBGene00011920.,43,544,587
WBGene00011921.,3,1,4
WBGene00011922.,3,11,14
WBGene00011923.,5,49,54
WBGene00011924.,45,704,749
WBGene00011925.,6,103,109
WBGene00011926.,11,187,198
WBGene00011927.,8,104,112
WBGene00011928.,37,182,219
WBGene00011929.,1,5,6
WBGene00011930.,52,716,768
WBGene00011931.,9,245,254
WBGene00011932.,155,2075,2230
WBGene00011933.,0,3,3
WBGene00011934.,0,0,0
WBGene00011935.,18,1293,1311
WBGene00011936.,6,107,113
WBGene00011937.,0,6,6
WBGene00011938.,6,146,152
WBGene00011939.,144,2357,2501
WBGene00011940.,261,1004,1265
WBGene00011941.,111,631,742
WBGene00011942.,0,0,0
WBGene00011943.,0,0,0
WBGene00011944.,415,5140,5555
WBGene00011945.,59,280,339
WBGene00011947.,0,0,0
WBGene00011948.,0,5,5
WBGene00011949.,6,43,49
WBGene00011950.,1,1,2
WBGene00011951.,3,3,6
WBGene00011952.,22,100,122
WBGene00011953.,554,7264,7818
WBGene00011954.,0,17,17
WBGene00011955.,122,1608,1730
WBGene00011956.,29,1007,1036
WBGene00011957.,105,594,699
WBGene00011958.,10,138,148
WBGene00011959.,0,242,242
WBGene00011960.,13,159,172
WBGene00011961.,1,1,2
WBGene00011962.,197,2515,2712
WBGene00011963.,87,550,637
WBGene00011964.,116,1060,1176
WBGene00011965.,124,1053,1177
WBGene00011966.,476,8983,9459
WBGene00011967.,165,3154,3319
WBGene00011968.,1,137,138
WBGene00011969.,11,1242,1253
WBGene00011970.,330,944,1274
WBGene00011971.,511,4854,5365
WBGene00011972.,72,2183,2255
WBGene00011973.,5,7,12
WBGene00011974.,18,203,221
WBGene00011975.,265,3471,3736
WBGene00011976.,370,1397,1767
WBGene00011977.,723,63861,64584
WBGene00011978.,547,7816,8363
WBGene00011979.,4,20,24
WBGene00011980.,352,3632,3984
WBGene00011981.,0,12,12
WBGene00011982.,0,0,0
WBGene00011983.,0,7,7
WBGene00011984.,13,59,72
WBGene00011985.,79,1149,1228
WBGene00011986.,0,36,36
WBGene00011988.,20,127,147
WBGene00011989.,0,0,0
WBGene00011990.,8,275,283
WBGene00011991.,3,6,9
WBGene00011992.,0,0,0
WBGene00011993.,1,2,3
WBGene00011994.,16,859,875
WBGene00011995.,360,2010,2370
WBGene00011996.,15,368,383
WBGene00011997.,20,1046,1066
WBGene00011999.,14,227,241
WBGene00012000.,90,3246,3336
WBGene00012002.,105,1513,1618
WBGene00012003.,25,12,37
WBGene00012004.,211,2675,2886
WBGene00012005.,2551,1363,3914
WBGene00012007.,39,2109,2148
WBGene00012008.,0,5,5
WBGene00012009.,24,156,180
WBGene00012010.,0,3,3
WBGene00012011.,0,2,2
WBGene00012012.,0,3,3
WBGene00012013.,6,13,19
WBGene00012014.,115,942,1057
WBGene00012015.,239,8868,9107
WBGene00012016.,116,696,812
WBGene00012017.,18,19,37
WBGene00012018.,47,396,443
WBGene00012019.,2398,2661,5059
WBGene00012020.,0,93,93
WBGene00012021.,1,0,1
WBGene00012022.,3,1,4
WBGene00012023.,1,6,7
WBGene00012024.,0,2,2
WBGene00012025.,0,4,4
WBGene00012026.,0,0,0
WBGene00012027.,1,0,1
WBGene00012028.,0,3,3
WBGene00012029.,194,1544,1738
WBGene00012030.,238,7837,8075
WBGene00012031.,139,6338,6477
WBGene00012032.,22,194,216
WBGene00012033.,305,2522,2827
WBGene00012034.,10,138,148
WBGene00012035.,28,1000,1028
WBGene00012036.,0,19,19
WBGene00012037.,1145,11523,12668
WBGene00012038.,0,3,3
WBGene00012039.,0,2,2
WBGene00012040.,2,9,11
WBGene00012041.,3,8,11
WBGene00012042.,20,400,420
WBGene00012043.,0,4,4
WBGene00012044.,1,26,27
WBGene00012045.,13,110,123
WBGene00012046.,3,45,48
WBGene00012047.,0,1,1
WBGene00012048.,0,0,0
WBGene00012049.,0,0,0
WBGene00012050.,3,4,7
WBGene00012051.,4,5,9
WBGene00012052.,0,1,1
WBGene00012053.,0,0,0
WBGene00012054.,5,0,5
WBGene00012055.,1,2,3
WBGene00012056.,1,11,12
WBGene00012057.,0,0,0
WBGene00012058.,12,30,42
WBGene00012059.,318,4798,5116
WBGene00012060.,0,0,0
WBGene00012061.,0,0,0
WBGene00012062.,23,196,219
WBGene00012063.,0,1,1
WBGene00012064.,0,0,0
WBGene00012065.,0,0,0
WBGene00012066.,1,0,1
WBGene00012067.,0,0,0
WBGene00012068.,5,49,54
WBGene00012069.,0,2,2
WBGene00012070.,9,3,12
WBGene00012072.,4,5,9
WBGene00012073.,93,1206,1299
WBGene00012074.,3,8,11
WBGene00012075.,0,0,0
WBGene00012077.,2,0,2
WBGene00012078.,0,2,2
WBGene00012079.,0,3,3
WBGene00012080.,0,0,0
WBGene00012081.,1,3,4
WBGene00012083.,0,1,1
WBGene00012084.,224,479,703
WBGene00012085.,66,1555,1621
WBGene00012086.,46,52,98
WBGene00012087.,0,1,1
WBGene00012088.,0,10,10
WBGene00012089.,0,4,4
WBGene00012090.,0,0,0
WBGene00012091.,1,0,1
WBGene00012093.,0,1,1
WBGene00012094.,0,58345,58345
WBGene00012095.,265,441,706
WBGene00012096.,1,6,7
WBGene00012097.,326,26464,26790
WBGene00012098.,0,2,2
WBGene00012099.,133,186,319
WBGene00012100.,380,3919,4299
WBGene00012101.,3,199,202
WBGene00012102.,2,1,3
WBGene00012103.,0,73,73
WBGene00012104.,24,779,803
WBGene00012105.,57,772,829
WBGene00012106.,49,1147,1196
WBGene00012107.,11,197,208
WBGene00012108.,0,2,2
WBGene00012109.,18,148,166
WBGene00012110.,32,191,223
WBGene00012111.,23,294,317
WBGene00012112.,37,384,421
WBGene00012113.,31,18623,18654
WBGene00012114.,13,90,103
WBGene00012115.,11,34,45
WBGene00012116.,25,87,112
WBGene00012117.,470,5236,5706
WBGene00012118.,63,1073,1136
WBGene00012119.,4,60,64
WBGene00012120.,3,25,28
WBGene00012121.,622,7987,8609
WBGene00012122.,9,797,806
WBGene00012123.,473,7353,7826
WBGene00012124.,41,1101,1142
WBGene00012125.,136,1779,1915
WBGene00012126.,2074,6631,8705
WBGene00012127.,14,348,362
WBGene00012128.,354,4507,4861
WBGene00012130.,33,327,360
WBGene00012131.,27,438,465
WBGene00012132.,92,751,843
WBGene00012133.,0,0,0
WBGene00012134.,10,110,120
WBGene00012135.,49,279,328
WBGene00012136.,1369,4870,6239
WBGene00012137.,104,209,313
WBGene00012138.,13,63,76
WBGene00012139.,770,809,1579
WBGene00012140.,263,24008,24271
WBGene00012142.,53,392,445
WBGene00012143.,89,872,961
WBGene00012144.,42,134,176
WBGene00012145.,30,1284,1314
WBGene00012146.,0,0,0
WBGene00012147.,6,15,21
WBGene00012148.,258,57492,57750
WBGene00012149.,298,1466,1764
WBGene00012150.,80,583,663
WBGene00012151.,3,48,51
WBGene00012152.,136,2231,2367
WBGene00012155.,52,536,588
WBGene00012156.,8,1679,1687
WBGene00012157.,201,1200,1401
WBGene00012158.,1917,20272,22189
WBGene00012159.,1,9,10
WBGene00012162.,6,78,84
WBGene00012163.,14,111,125
WBGene00012164.,127,279,406
WBGene00012165.,457,873,1330
WBGene00012166.,45,26460,26505
WBGene00012167.,31,1168,1199
WBGene00012168.,89,122,211
WBGene00012169.,0,3,3
WBGene00012170.,8,30,38
WBGene00012171.,0,7,7
WBGene00012172.,8,43,51
WBGene00012173.,3,7,10
WBGene00012174.,0,0,0
WBGene00012175.,3,95,98
WBGene00012176.,6,62,68
WBGene00012177.,1,4,5
WBGene00012178.,73,275,348
WBGene00012179.,5392,359399,364791
WBGene00012180.,286,92,378
WBGene00012181.,7,8,15
WBGene00012182.,16,908,924
WBGene00012183.,0,56,56
WBGene00012184.,27,257,284
WBGene00012185.,5,52,57
WBGene00012186.,159,8021,8180
WBGene00012187.,117,3605,3722
WBGene00012188.,195,1414,1609
WBGene00012189.,13,81,94
WBGene00012190.,88,59,147
WBGene00012191.,18,27,45
WBGene00012192.,194,1382,1576
WBGene00012193.,1152,12221,13373
WBGene00012194.,78,2456,2534
WBGene00012195.,43,69,112
WBGene00012196.,1,60,61
WBGene00012197.,158,6433,6591
WBGene00012198.,38,877,915
WBGene00012199.,12,66,78
WBGene00012200.,4,7,11
WBGene00012201.,17,77,94
WBGene00012202.,4,7,11
WBGene00012203.,139,3093,3232
WBGene00012204.,41,3067,3108
WBGene00012205.,67,2772,2839
WBGene00012206.,47,2127,2174
WBGene00012207.,0,3,3
WBGene00012208.,154,2045,2199
WBGene00012209.,12,468,480
WBGene00012210.,0,112,112
WBGene00012211.,1,12,13
WBGene00012212.,0,5,5
WBGene00012213.,0,2,2
WBGene00012214.,0,2,2
WBGene00012215.,3,19,22
WBGene00012216.,21,1565,1586
WBGene00012217.,12,26,38
WBGene00012218.,1,3,4
WBGene00012219.,11,16,27
WBGene00012220.,60,418,478
WBGene00012221.,226,4412,4638
WBGene00012222.,103,765,868
WBGene00012223.,0,1,1
WBGene00012224.,4,31,35
WBGene00012225.,334,991,1325
WBGene00012226.,190,1966,2156
WBGene00012227.,1,22,23
WBGene00012228.,20,715,735
WBGene00012230.,776,2653,3429
WBGene00012231.,1,4,5
WBGene00012232.,0,0,0
WBGene00012233.,6,1,7
WBGene00012234.,538,2326,2864
WBGene00012235.,96,1367,1463
WBGene00012236.,75,674,749
WBGene00012237.,3,212,215
WBGene00012238.,0,6,6
WBGene00012239.,148,5236,5384
WBGene00012240.,2,12,14
WBGene00012241.,176,576,752
WBGene00012242.,4,72,76
WBGene00012243.,54,1303,1357
WBGene00012244.,41,3868,3909
WBGene00012245.,626,5598,6224
WBGene00012246.,0,1,1
WBGene00012247.,0,0,0
WBGene00012248.,0,1,1
WBGene00012249.,0,1,1
WBGene00012250.,0,1,1
WBGene00012251.,1,15,16
WBGene00012252.,473,1748,2221
WBGene00012253.,6,759,765
WBGene00012254.,8,19,27
WBGene00012255.,180,6779,6959
WBGene00012256.,38,3197,3235
WBGene00012257.,55,3724,3779
WBGene00012258.,54,2517,2571
WBGene00012259.,210,766,976
WBGene00012260.,3,36,39
WBGene00012261.,103,7940,8043
WBGene00012264.,1,4,5
WBGene00012265.,13,141,154
WBGene00012266.,1,7,8
WBGene00012267.,3,8,11
WBGene00012268.,15,213,228
WBGene00012269.,7,11,18
WBGene00012270.,39,68,107
WBGene00012271.,8,105,113
WBGene00012272.,92,60,152
WBGene00012274.,1384,8768,10152
WBGene00012275.,315,255,570
WBGene00012276.,101,3053,3154
WBGene00012277.,88,839,927
WBGene00012278.,0,2,2
WBGene00012279.,14,1147,1161
WBGene00012280.,11,139,150
WBGene00012281.,80,260,340
WBGene00012282.,59,413,472
WBGene00012283.,1,0,1
WBGene00012284.,0,0,0
WBGene00012285.,1,1,2
WBGene00012286.,0,4,4
WBGene00012287.,0,4,4
WBGene00012288.,1,1,2
WBGene00012289.,414,3791,4205
WBGene00012290.,30,107,137
WBGene00012291.,1855,10835,12690
WBGene00012292.,0,0,0
WBGene00012293.,107,77,184
WBGene00012294.,0,0,0
WBGene00012295.,65,216,281
WBGene00012296.,5,21,26
WBGene00012297.,2,16,18
WBGene00012298.,82,2151,2233
WBGene00012299.,0,44,44
WBGene00012300.,0,0,0
WBGene00012301.,0,1,1
WBGene00012302.,1,1,2
WBGene00012303.,0,0,0
WBGene00012304.,34,1,35
WBGene00012305.,0,0,0
WBGene00012306.,107,253,360
WBGene00012307.,3,37,40
WBGene00012308.,1,3,4
WBGene00012309.,1,4,5
WBGene00012310.,0,0,0
WBGene00012311.,0,1,1
WBGene00012312.,0,0,0
WBGene00012313.,0,0,0
WBGene00012314.,0,0,0
WBGene00012315.,62,657,719
WBGene00012316.,271,3472,3743
WBGene00012317.,269,5552,5821
WBGene00012318.,2,8,10
WBGene00012319.,253,956,1209
WBGene00012320.,2,0,2
WBGene00012321.,2,5,7
WBGene00012322.,315,3411,3726
WBGene00012323.,1,50,51
WBGene00012324.,10,167,177
WBGene00012325.,26,222,248
WBGene00012326.,373,2710,3083
WBGene00012328.,28,208,236
WBGene00012329.,4,14,18
WBGene00012330.,66,880,946
WBGene00012332.,10,176,186
WBGene00012333.,7,29,36
WBGene00012334.,18,11,29
WBGene00012335.,5,34,39
WBGene00012336.,21,107,128
WBGene00012337.,420,6890,7310
WBGene00012339.,25,523,548
WBGene00012340.,26,186,212
WBGene00012341.,208,2630,2838
WBGene00012342.,377,4560,4937
WBGene00012343.,356,5313,5669
WBGene00012344.,623,15463,16086
WBGene00012345.,7,31,38
WBGene00012346.,12,103,115
WBGene00012347.,883,651,1534
WBGene00012348.,1553,8000,9553
WBGene00012349.,9,2,11
WBGene00012350.,0,0,0
WBGene00012351.,1438,16867,18305
WBGene00012352.,227,901,1128
WBGene00012353.,163,2359,2522
WBGene00012354.,685,75519,76204
WBGene00012355.,111,0,111
WBGene00012356.,15,128,143
WBGene00012357.,0,5,5
WBGene00012358.,408,4734,5142
WBGene00012359.,93,2040,2133
WBGene00012360.,133,657,790
WBGene00012361.,292,16905,17197
WBGene00012362.,1433,3381,4814
WBGene00012363.,177,888,1065
WBGene00012364.,151,655,806
WBGene00012365.,191,3756,3947
WBGene00012366.,156,1951,2107
WBGene00012368.,11,77,88
WBGene00012369.,229,1842,2071
WBGene00012370.,249,877,1126
WBGene00012371.,1288,2875,4163
WBGene00012372.,20,113,133
WBGene00012373.,0,0,0
WBGene00012374.,56,116,172
WBGene00012375.,69,5114,5183
WBGene00012376.,533,25487,26020
WBGene00012377.,0,0,0
WBGene00012378.,0,4,4
WBGene00012379.,0,9,9
WBGene00012381.,101,876,977
WBGene00012382.,12519,272197,284716
WBGene00012383.,1846,31554,33400
WBGene00012384.,50,475,525
WBGene00012385.,108,640,748
WBGene00012386.,118562,3117,121679
WBGene00012387.,36,214,250
WBGene00012388.,1,5,6
WBGene00012389.,336,1252,1588
WBGene00012390.,253,1069,1322
WBGene00012391.,24,331,355
WBGene00012393.,164,1194,1358
WBGene00012394.,4,27,31
WBGene00012395.,2,723,725
WBGene00012396.,132,2380,2512
WBGene00012397.,0,0,0
WBGene00012398.,7,54,61
WBGene00012399.,48,102,150
WBGene00012400.,1,14,15
WBGene00012401.,0,0,0
WBGene00012402.,0,0,0
WBGene00012403.,3,5,8
WBGene00012404.,0,3,3
WBGene00012405.,0,0,0
WBGene00012406.,2,3,5
WBGene00012407.,33,385,418
WBGene00012408.,67,612,679
WBGene00012409.,1,1,2
WBGene00012411.,4,4,8
WBGene00012412.,0,21,21
WBGene00012413.,3,22,25
WBGene00012414.,5,12,17
WBGene00012415.,3,17,20
WBGene00012416.,32,210,242
WBGene00012418.,13,25,38
WBGene00012419.,0,0,0
WBGene00012420.,16,4412,4428
WBGene00012421.,81,1799,1880
WBGene00012423.,357,3967,4324
WBGene00012424.,734,3812,4546
WBGene00012425.,77,408,485
WBGene00012426.,20,28,48
WBGene00012428.,13,162,175
WBGene00012429.,9,100,109
WBGene00012431.,4,260,264
WBGene00012432.,7,18,25
WBGene00012433.,15,423,438
WBGene00012434.,494,10551,11045
WBGene00012435.,3,186,189
WBGene00012436.,3,211,214
WBGene00012437.,1276,11624,12900
WBGene00012439.,48,1539,1587
WBGene00012440.,9,818,827
WBGene00012441.,39,288,327
WBGene00012442.,21,54,75
WBGene00012443.,416,4274,4690
WBGene00012444.,329,4243,4572
WBGene00012445.,19,181,200
WBGene00012446.,38,219,257
WBGene00012448.,21,14,35
WBGene00012449.,10,50,60
WBGene00012450.,26,35,61
WBGene00012451.,30,9,39
WBGene00012452.,0,11637,11637
WBGene00012453.,2,6,8
WBGene00012454.,1,4,5
WBGene00012455.,12,83,95
WBGene00012456.,30,123,153
WBGene00012457.,54,163,217
WBGene00012458.,490,2904,3394
WBGene00012459.,59,1497,1556
WBGene00012460.,68,762,830
WBGene00012461.,237,387,624
WBGene00012462.,191,237,428
WBGene00012463.,254,982,1236
WBGene00012464.,8,41,49
WBGene00012465.,218,3436,3654
WBGene00012466.,263,491,754
WBGene00012467.,2,35,37
WBGene00012468.,417,4077,4494
WBGene00012469.,71,1244,1315
WBGene00012470.,4,6,10
WBGene00012471.,134,12233,12367
WBGene00012472.,285,2528,2813
WBGene00012473.,48,70,118
WBGene00012474.,335,2323,2658
WBGene00012475.,11,16,27
WBGene00012476.,2,396,398
WBGene00012477.,48,127,175
WBGene00012478.,1549,11611,13160
WBGene00012479.,194,1726,1920
WBGene00012480.,18,50,68
WBGene00012481.,10,235,245
WBGene00012482.,0,6,6
WBGene00012483.,0,5775,5775
WBGene00012484.,36,6736,6772
WBGene00012485.,1,37,38
WBGene00012486.,1,2,3
WBGene00012487.,1,44,45
WBGene00012488.,5,1,6
WBGene00012489.,0,1,1
WBGene00012490.,0,29,29
WBGene00012491.,72,1,73
WBGene00012492.,0,4,4
WBGene00012493.,0,0,0
WBGene00012494.,56,82,138
WBGene00012496.,131,1569,1700
WBGene00012497.,90,4797,4887
WBGene00012498.,0,50,50
WBGene00012499.,0,10,10
WBGene00012500.,17,26,43
WBGene00012501.,0,1,1
WBGene00012502.,1,0,1
WBGene00012503.,26,156,182
WBGene00012504.,1,2,3
WBGene00012505.,0,1,1
WBGene00012509.,0,0,0
WBGene00012512.,2,192,194
WBGene00012513.,33,358,391
WBGene00012514.,26,320,346
WBGene00012515.,3,1,4
WBGene00012516.,0,5,5
WBGene00012517.,0,0,0
WBGene00012518.,0,2,2
WBGene00012519.,7,11,18
WBGene00012520.,0,0,0
WBGene00012521.,3,0,3
WBGene00012522.,539,2387,2926
WBGene00012523.,0,2,2
WBGene00012524.,56,552,608
WBGene00012525.,3,25,28
WBGene00012526.,0,1,1
WBGene00012527.,24,169,193
WBGene00012528.,139,5208,5347
WBGene00012529.,14,67,81
WBGene00012530.,418,1276,1694
WBGene00012531.,55,113,168
WBGene00012532.,159,609,768
WBGene00012533.,0,11,11
WBGene00012535.,15,33,48
WBGene00012536.,64,490,554
WBGene00012537.,2,328,330
WBGene00012538.,30,294,324
WBGene00012540.,22,234,256
WBGene00012541.,10,4,14
WBGene00012542.,16,9,25
WBGene00012543.,404,1852,2256
WBGene00012544.,2434,36475,38909
WBGene00012545.,224,1599,1823
WBGene00012546.,18,637,655
WBGene00012547.,1,24,25
WBGene00012548.,279,1247,1526
WBGene00012549.,3,0,3
WBGene00012550.,69,11069,11138
WBGene00012551.,11,798,809
WBGene00012552.,1,193,194
WBGene00012553.,5462,94295,99757
WBGene00012554.,54,1251,1305
WBGene00012555.,39,2091,2130
WBGene00012556.,342,5738,6080
WBGene00012557.,2,5,7
WBGene00012558.,252,3251,3503
WBGene00012559.,190,1544,1734
WBGene00012560.,1322,2333,3655
WBGene00012561.,1,31,32
WBGene00012562.,214,1454,1668
WBGene00012564.,6,194,200
WBGene00012565.,12,192,204
WBGene00012566.,2,75,77
WBGene00012567.,2,27,29
WBGene00012568.,6,64,70
WBGene00012569.,3,46,49
WBGene00012570.,2,5,7
WBGene00012571.,0,0,0
WBGene00012572.,2,12,14
WBGene00012573.,5,33,38
WBGene00012574.,0,2,2
WBGene00012575.,1,0,1
WBGene00012576.,120,567,687
WBGene00012577.,2,3,5
WBGene00012578.,387,1471,1858
WBGene00012579.,0,0,0
WBGene00012580.,0,1,1
WBGene00012581.,0,0,0
WBGene00012582.,0,11,11
WBGene00012583.,3,13,16
WBGene00012584.,1357,3518,4875
WBGene00012585.,41,302,343
WBGene00012586.,1,14,15
WBGene00012587.,1,9,10
WBGene00012588.,30,155,185
WBGene00012589.,6,9,15
WBGene00012590.,0,0,0
WBGene00012591.,0,810,810
WBGene00012592.,6,311,317
WBGene00012593.,6,40,46
WBGene00012594.,5,31,36
WBGene00012595.,0,168,168
WBGene00012596.,8,71,79
WBGene00012597.,45,857,902
WBGene00012600.,136,1090,1226
WBGene00012602.,1255,21164,22419
WBGene00012603.,0,12,12
WBGene00012604.,0,197,197
WBGene00012605.,25,268,293
WBGene00012606.,127,809,936
WBGene00012607.,20,64,84
WBGene00012608.,2910,35102,38012
WBGene00012609.,3,7,10
WBGene00012610.,28,317,345
WBGene00012612.,0,3,3
WBGene00012614.,6,19,25
WBGene00012615.,103,2379,2482
WBGene00012616.,6,92,98
WBGene00012617.,0,7,7
WBGene00012618.,3,17,20
WBGene00012620.,0,15,15
WBGene00012621.,4,130,134
WBGene00012622.,25,38,63
WBGene00012623.,21,117,138
WBGene00012624.,55,431,486
WBGene00012625.,6,15,21
WBGene00012626.,76,176,252
WBGene00012627.,13,80,93
WBGene00012628.,213,2963,3176
WBGene00012629.,15,80,95
WBGene00012630.,0,1,1
WBGene00012631.,2,9,11
WBGene00012632.,10,98,108
WBGene00012633.,11,7,18
WBGene00012634.,1,22,23
WBGene00012635.,30,408,438
WBGene00012636.,1,5,6
WBGene00012637.,1,28,29
WBGene00012638.,0,3,3
WBGene00012639.,55,205,260
WBGene00012640.,3,81,84
WBGene00012641.,392,2330,2722
WBGene00012642.,14,38,52
WBGene00012643.,23,2699,2722
WBGene00012644.,484,582,1066
WBGene00012645.,357,4095,4452
WBGene00012646.,194,2980,3174
WBGene00012647.,117,1021,1138
WBGene00012648.,311,10377,10688
WBGene00012649.,0,12,12
WBGene00012650.,12,1031,1043
WBGene00012651.,82,614,696
WBGene00012652.,17,2965,2982
WBGene00012653.,0,1,1
WBGene00012654.,52,90,142
WBGene00012655.,0,12,12
WBGene00012656.,3,7,10
WBGene00012657.,234,972,1206
WBGene00012658.,525,3734,4259
WBGene00012659.,47,13,60
WBGene00012660.,0,82,82
WBGene00012661.,5,11,16
WBGene00012662.,168,2603,2771
WBGene00012663.,154,1040,1194
WBGene00012664.,0,117,117
WBGene00012665.,180,2160,2340
WBGene00012666.,315,4204,4519
WBGene00012668.,729,4922,5651
WBGene00012669.,4,22,26
WBGene00012670.,27,54,81
WBGene00012671.,2,26,28
WBGene00012672.,0,5,5
WBGene00012673.,12,79,91
WBGene00012674.,257,1255,1512
WBGene00012675.,312,1973,2285
WBGene00012676.,739,3581,4320
WBGene00012678.,45,353,398
WBGene00012679.,0,5,5
WBGene00012680.,1,34,35
WBGene00012681.,7,0,7
WBGene00012682.,17,0,17
WBGene00012683.,0,0,0
WBGene00012684.,0,0,0
WBGene00012686.,2,37,39
WBGene00012688.,1,9,10
WBGene00012689.,1,8,9
WBGene00012690.,2,5,7
WBGene00012692.,767,6827,7594
WBGene00012693.,320,2548,2868
WBGene00012694.,109,1970,2079
WBGene00012695.,19,1326,1345
WBGene00012696.,16,315,331
WBGene00012697.,138,4978,5116
WBGene00012698.,18,421,439
WBGene00012699.,6,5,11
WBGene00012700.,12,148,160
WBGene00012701.,180,689,869
WBGene00012702.,3,48,51
WBGene00012703.,75,430,505
WBGene00012704.,57,295,352
WBGene00012705.,17,167,184
WBGene00012706.,1,1,2
WBGene00012707.,1,2,3
WBGene00012708.,1,20,21
WBGene00012709.,17,77,94
WBGene00012710.,33,1031,1064
WBGene00012711.,14,54,68
WBGene00012712.,129,426,555
WBGene00012713.,361,9487,9848
WBGene00012714.,151,5575,5726
WBGene00012715.,37,1314,1351
WBGene00012716.,7,234,241
WBGene00012717.,683,13107,13790
WBGene00012718.,541,293,834
WBGene00012719.,192,608,800
WBGene00012720.,0,11,11
WBGene00012721.,25,25,50
WBGene00012722.,221,3527,3748
WBGene00012723.,28,724,752
WBGene00012724.,5,8,13
WBGene00012725.,0,2,2
WBGene00012726.,5,2,7
WBGene00012727.,0,1,1
WBGene00012728.,7,169,176
WBGene00012729.,0,7,7
WBGene00012730.,906,2479,3385
WBGene00012731.,6,24,30
WBGene00012732.,440,998,1438
WBGene00012734.,575,1275,1850
WBGene00012735.,899,2233,3132
WBGene00012738.,155,12999,13154
WBGene00012739.,1961,7937,9898
WBGene00012740.,147,2776,2923
WBGene00012741.,12,22,34
WBGene00012742.,0,0,0
WBGene00012743.,7,4,11
WBGene00012744.,151,307,458
WBGene00012745.,1,4,5
WBGene00012746.,0,0,0
WBGene00012747.,9,8,17
WBGene00012748.,0,13,13
WBGene00012749.,24,58,82
WBGene00012750.,161,314,475
WBGene00012752.,0,0,0
WBGene00012753.,58,541,599
WBGene00012754.,17,130,147
WBGene00012755.,61,637,698
WBGene00012756.,250,972,1222
WBGene00012757.,37,642,679
WBGene00012758.,50,203,253
WBGene00012759.,282,6852,7134
WBGene00012760.,10965,3459,14424
WBGene00012761.,0,4,4
WBGene00012762.,191,4879,5070
WBGene00012763.,212,600,812
WBGene00012764.,0,376,376
WBGene00012765.,286,3523,3809
WBGene00012766.,80,5703,5783
WBGene00012767.,509,1324,1833
WBGene00012768.,71,91060,91131
WBGene00012769.,550,4679,5229
WBGene00012770.,417,12,429
WBGene00012771.,4,10,14
WBGene00012772.,20,2,22
WBGene00012773.,9,3,12
WBGene00012775.,20,0,20
WBGene00012776.,109,265,374
WBGene00012777.,9,149,158
WBGene00012778.,19,167,186
WBGene00012779.,105,557,662
WBGene00012780.,19,109,128
WBGene00012781.,0,12,12
WBGene00012782.,21,162,183
WBGene00012783.,13,578,591
WBGene00012784.,4,16,20
WBGene00012785.,0,1,1
WBGene00012786.,2,18,20
WBGene00012787.,1,22,23
WBGene00012788.,34,2,36
WBGene00012789.,0,0,0
WBGene00012790.,0,0,0
WBGene00012791.,25,73,98
WBGene00012792.,0,2,2
WBGene00012793.,4,1,5
WBGene00012794.,85,2807,2892
WBGene00012795.,3,54,57
WBGene00012796.,73,531,604
WBGene00012798.,2,20,22
WBGene00012799.,2,30,32
WBGene00012802.,164,1039,1203
WBGene00012803.,80,6522,6602
WBGene00012804.,196,1730,1926
WBGene00012806.,75,808,883
WBGene00012807.,196,2577,2773
WBGene00012808.,10,59,69
WBGene00012809.,4,7,11
WBGene00012810.,0,4,4
WBGene00012811.,58,848,906
WBGene00012812.,638,18138,18776
WBGene00012813.,2381,17130,19511
WBGene00012814.,74,257,331
WBGene00012815.,15,210,225
WBGene00012816.,0,2,2
WBGene00012817.,12,47,59
WBGene00012818.,4,5,9
WBGene00012819.,31,426,457
WBGene00012820.,129,7,136
WBGene00012821.,118,1780,1898
WBGene00012822.,4,13,17
WBGene00012823.,0,6,6
WBGene00012824.,3,6,9
WBGene00012825.,108,792,900
WBGene00012826.,110,536,646
WBGene00012827.,1,2,3
WBGene00012828.,736,311,1047
WBGene00012829.,488,4629,5117
WBGene00012830.,84,4264,4348
WBGene00012831.,0,4,4
WBGene00012832.,219,5,224
WBGene00012833.,30,522,552
WBGene00012834.,17,81,98
WBGene00012835.,31,245,276
WBGene00012836.,0,0,0
WBGene00012837.,0,3,3
WBGene00012838.,0,5,5
WBGene00012839.,0,0,0
WBGene00012840.,175,1046,1221
WBGene00012841.,0,1,1
WBGene00012844.,0,0,0
WBGene00012845.,99,159,258
WBGene00012846.,0,4,4
WBGene00012847.,5,5,10
WBGene00012848.,2,0,2
WBGene00012849.,0,0,0
WBGene00012850.,2399,12329,14728
WBGene00012851.,4,55,59
WBGene00012852.,897,175,1072
WBGene00012853.,122,19924,20046
WBGene00012854.,502,4739,5241
WBGene00012855.,1,6,7
WBGene00012856.,21,63,84
WBGene00012857.,177,1148,1325
WBGene00012858.,111,1594,1705
WBGene00012859.,36,215,251
WBGene00012860.,131,928,1059
WBGene00012861.,36,1449,1485
WBGene00012862.,0,0,0
WBGene00012863.,6,22,28
WBGene00012864.,44,130,174
WBGene00012866.,24,99,123
WBGene00012867.,82,698,780
WBGene00012868.,877,1873,2750
WBGene00012869.,68,1207,1275
WBGene00012870.,0,0,0
WBGene00012871.,0,0,0
WBGene00012872.,0,1,1
WBGene00012873.,1,10,11
WBGene00012874.,1,1,2
WBGene00012875.,2263,27862,30125
WBGene00012876.,9,5,14
WBGene00012877.,2,1,3
WBGene00012878.,0,0,0
WBGene00012879.,6,160,166
WBGene00012880.,3,9,12
WBGene00012883.,9,249,258
WBGene00012885.,451,6831,7282
WBGene00012886.,3,28,31
WBGene00012887.,414,3590,4004
WBGene00012888.,81,1263,1344
WBGene00012889.,186,705,891
WBGene00012890.,133,522,655
WBGene00012891.,1029,8043,9072
WBGene00012892.,22,64,86
WBGene00012893.,5,21,26
WBGene00012894.,1663,1748,3411
WBGene00012895.,308,1639,1947
WBGene00012896.,125,7205,7330
WBGene00012897.,16,2001,2017
WBGene00012898.,4,42,46
WBGene00012899.,6,87,93
WBGene00012900.,2,60,62
WBGene00012901.,27,68,95
WBGene00012903.,353,5075,5428
WBGene00012904.,78,1537,1615
WBGene00012905.,0,18,18
WBGene00012906.,67,607,674
WBGene00012907.,5184,11064,16248
WBGene00012908.,351,1805,2156
WBGene00012909.,421,551,972
WBGene00012910.,15,14,29
WBGene00012911.,43,269,312
WBGene00012912.,0,5,5
WBGene00012913.,0,2,2
WBGene00012914.,0,5,5
WBGene00012915.,20,96,116
WBGene00012916.,0,0,0
WBGene00012917.,32,21,53
WBGene00012919.,17,21,38
WBGene00012920.,292,715,1007
WBGene00012921.,0,471,471
WBGene00012922.,6,212,218
WBGene00012923.,31,276,307
WBGene00012924.,10,10,20
WBGene00012925.,0,3,3
WBGene00012926.,0,1,1
WBGene00012927.,68,613,681
WBGene00012928.,15,2292,2307
WBGene00012929.,770,6085,6855
WBGene00012930.,211,671,882
WBGene00012931.,188,1600,1788
WBGene00012932.,235,5025,5260
WBGene00012933.,0,116,116
WBGene00012934.,354,1468,1822
WBGene00012935.,309,660,969
WBGene00012936.,348,2836,3184
WBGene00012937.,0,1,1
WBGene00012938.,239,285,524
WBGene00012939.,194,1442,1636
WBGene00012940.,15,15,30
WBGene00012941.,43,405,448
WBGene00012942.,1,240,241
WBGene00012943.,192,1577,1769
WBGene00012945.,0,537,537
WBGene00012946.,7,3,10
WBGene00012947.,1,4,5
WBGene00012948.,339,420,759
WBGene00012950.,131,1917,2048
WBGene00012951.,332,2409,2741
WBGene00012952.,5,20,25
WBGene00012953.,17,337,354
WBGene00012954.,20,88,108
WBGene00012955.,3,11,14
WBGene00012956.,126,103,229
WBGene00012958.,8,11,19
WBGene00012959.,4,25,29
WBGene00012960.,590,4042,4632
WBGene00012961.,21,400,421
WBGene00012962.,31,142,173
WBGene00012964.,317,27213,27530
WBGene00012965.,0,11,11
WBGene00012966.,30,1914,1944
WBGene00012967.,54,120,174
WBGene00012968.,23,175,198
WBGene00012969.,3,17,20
WBGene00012970.,14,52,66
WBGene00012972.,193,1562,1755
WBGene00012973.,1276,6952,8228
WBGene00012974.,137,30,167
WBGene00012975.,2723,686,3409
WBGene00012976.,172,528,700
WBGene00012977.,366,1211,1577
WBGene00012978.,432,6522,6954
WBGene00012979.,12,74,86
WBGene00012980.,3478,4155,7633
WBGene00012981.,6,6,12
WBGene00012982.,335,1746,2081
WBGene00012983.,462,6302,6764
WBGene00012984.,140,1383,1523
WBGene00012985.,22,12,34
WBGene00012987.,290,1972,2262
WBGene00012988.,523,2683,3206
WBGene00012989.,1473,801,2274
WBGene00012990.,853,2981,3834
WBGene00012992.,327,5353,5680
WBGene00012993.,152,375,527
WBGene00012994.,199,977,1176
WBGene00012995.,681,1394,2075
WBGene00012996.,402,2390,2792
WBGene00012997.,45,1112,1157
WBGene00012998.,270,1382,1652
WBGene00012999.,645,4082,4727
WBGene00013000.,963,597,1560
WBGene00013001.,577,1506,2083
WBGene00013002.,1057,1487,2544
WBGene00013004.,746,6729,7475
WBGene00013006.,377,805,1182
WBGene00013007.,44,609,653
WBGene00013008.,75,1100,1175
WBGene00013009.,12,116,128
WBGene00013010.,0,0,0
WBGene00013011.,52,596,648
WBGene00013013.,61,748,809
WBGene00013014.,284,1204,1488
WBGene00013015.,191,933,1124
WBGene00013017.,132,3462,3594
WBGene00013018.,36,2473,2509
WBGene00013019.,248,741,989
WBGene00013020.,264,3109,3373
WBGene00013021.,195,1217,1412
WBGene00013023.,60,222,282
WBGene00013024.,47,843,890
WBGene00013025.,16,11460,11476
WBGene00013026.,8,1078,1086
WBGene00013027.,33,1307,1340
WBGene00013028.,7,79,86
WBGene00013029.,166,4036,4202
WBGene00013030.,36,456,492
WBGene00013031.,0,14,14
WBGene00013032.,6,4,10
WBGene00013033.,12,4,16
WBGene00013034.,1087,2381,3468
WBGene00013035.,22,121,143
WBGene00013036.,3,12,15
WBGene00013037.,26,128,154
WBGene00013038.,320,3018,3338
WBGene00013039.,386,2131,2517
WBGene00013040.,985,1175,2160
WBGene00013041.,10,98,108
WBGene00013042.,156,750,906
WBGene00013043.,35,87,122
WBGene00013044.,15,2,17
WBGene00013045.,1,1,2
WBGene00013046.,33,529,562
WBGene00013047.,0,2,2
WBGene00013048.,18,451,469
WBGene00013049.,0,1,1
WBGene00013050.,1,3,4
WBGene00013051.,0,0,0
WBGene00013052.,4,9,13
WBGene00013053.,14,19,33
WBGene00013054.,0,25,25
WBGene00013055.,44,377,421
WBGene00013056.,5,3,8
WBGene00013058.,6,0,6
WBGene00013059.,0,0,0
WBGene00013060.,2,17,19
WBGene00013061.,0,2,2
WBGene00013062.,0,1,1
WBGene00013063.,0,0,0
WBGene00013064.,0,0,0
WBGene00013066.,7,10,17
WBGene00013067.,3,1,4
WBGene00013068.,2,16,18
WBGene00013069.,1,1,2
WBGene00013070.,0,1,1
WBGene00013071.,0,28,28
WBGene00013072.,17,29,46
WBGene00013073.,35,102,137
WBGene00013074.,49,985,1034
WBGene00013075.,248,931,1179
WBGene00013076.,15,28,43
WBGene00013077.,3164,46809,49973
WBGene00013078.,1157,19098,20255
WBGene00013079.,1113,7946,9059
WBGene00013080.,227,596,823
WBGene00013081.,3532,95325,98857
WBGene00013082.,231,1234,1465
WBGene00013083.,92,710,802
WBGene00013085.,2,18,20
WBGene00013086.,0,0,0
WBGene00013087.,0,2,2
WBGene00013088.,9,23,32
WBGene00013089.,0,0,0
WBGene00013090.,1,2,3
WBGene00013091.,1,4,5
WBGene00013093.,1172,800,1972
WBGene00013094.,791,32410,33201
WBGene00013095.,371,1194,1565
WBGene00013096.,712,1608,2320
WBGene00013098.,143,771,914
WBGene00013100.,5,34,39
WBGene00013101.,4,11,15
WBGene00013102.,0,0,0
WBGene00013103.,25,536,561
WBGene00013104.,96,2479,2575
WBGene00013105.,0,2,2
WBGene00013106.,110,1816,1926
WBGene00013107.,8,20,28
WBGene00013109.,43,5869,5912
WBGene00013111.,180,1906,2086
WBGene00013112.,0,0,0
WBGene00013113.,0,0,0
WBGene00013114.,11,0,11
WBGene00013116.,14,19,33
WBGene00013117.,0,0,0
WBGene00013118.,30,50,80
WBGene00013119.,57,52,109
WBGene00013120.,0,2,2
WBGene00013121.,3,4,7
WBGene00013122.,59,740,799
WBGene00013123.,449,971,1420
WBGene00013124.,1381,1305,2686
WBGene00013125.,3,43,46
WBGene00013126.,3,3,6
WBGene00013127.,18,121,139
WBGene00013128.,189,1904,2093
WBGene00013129.,482,3038,3520
WBGene00013130.,2,9,11
WBGene00013131.,247,1017,1264
WBGene00013132.,173,1027,1200
WBGene00013134.,3,19,22
WBGene00013135.,45,820,865
WBGene00013136.,99,1990,2089
WBGene00013137.,92,1079,1171
WBGene00013138.,1,0,1
WBGene00013139.,120,1548,1668
WBGene00013140.,73,1973,2046
WBGene00013141.,15,45,60
WBGene00013142.,3,21,24
WBGene00013143.,30,2234,2264
WBGene00013144.,991,6525,7516
WBGene00013145.,4,229,233
WBGene00013146.,57,226,283
WBGene00013147.,0,55,55
WBGene00013148.,1,3,4
WBGene00013149.,34,12,46
WBGene00013150.,40,2479,2519
WBGene00013151.,94,1862,1956
WBGene00013152.,2,12,14
WBGene00013153.,3,60,63
WBGene00013154.,0,2,2
WBGene00013155.,1,10,11
WBGene00013156.,24,921,945
WBGene00013157.,0,12,12
WBGene00013158.,6,31,37
WBGene00013159.,74,186,260
WBGene00013160.,917,1806,2723
WBGene00013161.,1035,2877,3912
WBGene00013162.,1,17,18
WBGene00013163.,86,25,111
WBGene00013164.,116,271,387
WBGene00013165.,3,15,18
WBGene00013166.,21,256,277
WBGene00013167.,609,513,1122
WBGene00013168.,216,5664,5880
WBGene00013169.,12,213,225
WBGene00013170.,0,0,0
WBGene00013171.,74,33,107
WBGene00013172.,0,0,0
WBGene00013173.,25,182,207
WBGene00013175.,5,20,25
WBGene00013176.,107,2547,2654
WBGene00013177.,287,3316,3603
WBGene00013178.,102,1462,1564
WBGene00013179.,2,2,4
WBGene00013180.,69,1087,1156
WBGene00013181.,6465,32161,38626
WBGene00013182.,2,4,6
WBGene00013184.,0,0,0
WBGene00013186.,2,1,3
WBGene00013187.,28,259,287
WBGene00013188.,64,399,463
WBGene00013189.,413,1636,2049
WBGene00013190.,1,25,26
WBGene00013192.,1,9,10
WBGene00013193.,76,699,775
WBGene00013194.,2,13,15
WBGene00013195.,41,196,237
WBGene00013196.,32,360,392
WBGene00013197.,25,249,274
WBGene00013198.,25,112,137
WBGene00013200.,593,10900,11493
WBGene00013201.,485,1581,2066
WBGene00013202.,95,1429,1524
WBGene00013203.,111,1143,1254
WBGene00013204.,41,1160,1201
WBGene00013207.,2,7,9
WBGene00013208.,23,167,190
WBGene00013209.,95,3104,3199
WBGene00013210.,0,12080,12080
WBGene00013211.,107,1155,1262
WBGene00013212.,82,136,218
WBGene00013213.,252,3365,3617
WBGene00013214.,59,478,537
WBGene00013215.,9,215,224
WBGene00013216.,37,666,703
WBGene00013217.,201,2030,2231
WBGene00013218.,55,343,398
WBGene00013219.,98,5980,6078
WBGene00013220.,1,1,2
WBGene00013221.,30,50,80
WBGene00013222.,213,557,770
WBGene00013223.,520,4075,4595
WBGene00013224.,107,1154,1261
WBGene00013225.,308,1848,2156
WBGene00013226.,7,0,7
WBGene00013227.,8,68,76
WBGene00013228.,3554,6641,10195
WBGene00013230.,0,1,1
WBGene00013231.,52,630,682
WBGene00013232.,265,875,1140
WBGene00013233.,0,9,9
WBGene00013234.,0,13,13
WBGene00013235.,16,358,374
WBGene00013236.,45,5026,5071
WBGene00013237.,222,18191,18413
WBGene00013238.,1321,30286,31607
WBGene00013239.,204,2686,2890
WBGene00013240.,283,1149,1432
WBGene00013241.,117,1279,1396
WBGene00013242.,102,300,402
WBGene00013243.,156,619,775
WBGene00013244.,81,448,529
WBGene00013246.,38,131,169
WBGene00013247.,17,73,90
WBGene00013248.,25,112,137
WBGene00013249.,25,46,71
WBGene00013250.,1,62,63
WBGene00013251.,4,60,64
WBGene00013252.,13,66,79
WBGene00013253.,81,265,346
WBGene00013254.,4,5,9
WBGene00013255.,391,6170,6561
WBGene00013256.,126,2195,2321
WBGene00013257.,8,31,39
WBGene00013258.,1111,459,1570
WBGene00013259.,185,1289,1474
WBGene00013260.,53,2050,2103
WBGene00013261.,258,312,570
WBGene00013263.,35,7590,7625
WBGene00013264.,16,22,38
WBGene00013265.,232,1011,1243
WBGene00013266.,89,2832,2921
WBGene00013267.,282,2711,2993
WBGene00013268.,49,1046,1095
WBGene00013269.,12,4068,4080
WBGene00013270.,180,527,707
WBGene00013272.,87,160,247
WBGene00013273.,414,1868,2282
WBGene00013275.,63,3755,3818
WBGene00013276.,5,3,8
WBGene00013277.,1,5,6
WBGene00013278.,1,14,15
WBGene00013279.,0,0,0
WBGene00013280.,1,0,1
WBGene00013281.,5,33,38
WBGene00013282.,0,1,1
WBGene00013283.,2,4,6
WBGene00013284.,18,786,804
WBGene00013285.,14,34,48
WBGene00013286.,7,62,69
WBGene00013287.,168,210,378
WBGene00013288.,1,7,8
WBGene00013289.,2080,6664,8744
WBGene00013290.,0,4,4
WBGene00013292.,220,1284,1504
WBGene00013293.,55,556,611
WBGene00013294.,6,12,18
WBGene00013295.,5,179,184
WBGene00013296.,0,0,0
WBGene00013297.,2,0,2
WBGene00013298.,3,63,66
WBGene00013299.,0,0,0
WBGene00013300.,9,12,21
WBGene00013301.,42,5097,5139
WBGene00013302.,41,984,1025
WBGene00013303.,88,286,374
WBGene00013304.,18,47,65
WBGene00013305.,0,2,2
WBGene00013306.,5,27,32
WBGene00013307.,95,6187,6282
WBGene00013308.,0,1651,1651
WBGene00013310.,127,171,298
WBGene00013311.,165,41746,41911
WBGene00013312.,9,330,339
WBGene00013313.,20,7,27
WBGene00013315.,0,0,0
WBGene00013316.,0,0,0
WBGene00013317.,830,3002,3832
WBGene00013318.,12,5,17
WBGene00013319.,1,2,3
WBGene00013320.,0,0,0
WBGene00013321.,377,3711,4088
WBGene00013322.,36,253,289
WBGene00013323.,13,2399,2412
WBGene00013324.,414,8124,8538
WBGene00013325.,87,760,847
WBGene00013326.,420,1143,1563
WBGene00013327.,698,5018,5716
WBGene00013328.,3,8,11
WBGene00013329.,8,112,120
WBGene00013330.,6,177,183
WBGene00013331.,24,100,124
WBGene00013332.,21,1650,1671
WBGene00013333.,29,130,159
WBGene00013334.,221,1935,2156
WBGene00013335.,50,229,279
WBGene00013336.,21,48,69
WBGene00013337.,2,0,2
WBGene00013338.,4,3,7
WBGene00013339.,325,1324,1649
WBGene00013340.,558,8833,9391
WBGene00013341.,0,0,0
WBGene00013343.,1148,6014,7162
WBGene00013344.,79,241,320
WBGene00013345.,97,300,397
WBGene00013347.,1237,6824,8061
WBGene00013348.,9,153,162
WBGene00013349.,2,153,155
WBGene00013350.,368,784,1152
WBGene00013351.,0,1,1
WBGene00013352.,276,3250,3526
WBGene00013353.,100,241,341
WBGene00013354.,801,4332,5133
WBGene00013355.,436,2719,3155
WBGene00013356.,0,11,11
WBGene00013357.,7,17,24
WBGene00013358.,93,732,825
WBGene00013359.,46,626,672
WBGene00013360.,551,10841,11392
WBGene00013361.,555,2198,2753
WBGene00013362.,95,291,386
WBGene00013363.,5,28,33
WBGene00013364.,11,18,29
WBGene00013365.,223,3339,3562
WBGene00013366.,1135,5035,6170
WBGene00013367.,4,10,14
WBGene00013368.,13,49,62
WBGene00013369.,0,6,6
WBGene00013370.,0,13,13
WBGene00013371.,0,0,0
WBGene00013372.,0,0,0
WBGene00013373.,8,50,58
WBGene00013374.,0,0,0
WBGene00013375.,51,136,187
WBGene00013376.,143,1173,1316
WBGene00013378.,46,3610,3656
WBGene00013379.,578,2961,3539
WBGene00013380.,2,99,101
WBGene00013381.,17,63,80
WBGene00013382.,54,673,727
WBGene00013383.,13,115,128
WBGene00013385.,42,546,588
WBGene00013386.,0,5,5
WBGene00013387.,330,1923,2253
WBGene00013388.,3,9,12
WBGene00013389.,5,5,10
WBGene00013390.,1,2,3
WBGene00013391.,0,1,1
WBGene00013392.,0,3,3
WBGene00013393.,0,0,0
WBGene00013394.,0,1,1
WBGene00013395.,0,1,1
WBGene00013396.,1,3,4
WBGene00013397.,2,4,6
WBGene00013398.,1,5,6
WBGene00013399.,4,0,4
WBGene00013400.,0,1,1
WBGene00013401.,2,27,29
WBGene00013402.,7,125,132
WBGene00013403.,15,120,135
WBGene00013404.,13,387,400
WBGene00013405.,71,355,426
WBGene00013406.,1254,21401,22655
WBGene00013407.,57,763,820
WBGene00013408.,2,22,24
WBGene00013409.,0,0,0
WBGene00013410.,12,31,43
WBGene00013411.,3,2,5
WBGene00013412.,1,6,7
WBGene00013415.,267,1539,1806
WBGene00013416.,189,509,698
WBGene00013417.,37,28,65
WBGene00013418.,298,3390,3688
WBGene00013419.,28,91,119
WBGene00013421.,3,26,29
WBGene00013422.,234,1530,1764
WBGene00013424.,3,16,19
WBGene00013425.,114,358,472
WBGene00013426.,38,800,838
WBGene00013427.,65,2,67
WBGene00013429.,4,5,9
WBGene00013431.,137,201,338
WBGene00013432.,10,138,148
WBGene00013433.,10,638,648
WBGene00013434.,235,1514,1749
WBGene00013435.,246,5310,5556
WBGene00013436.,213,2398,2611
WBGene00013437.,7,46,53
WBGene00013438.,0,903,903
WBGene00013439.,2,12,14
WBGene00013440.,18,88,106
WBGene00013441.,180,1472,1652
WBGene00013442.,12,259,271
WBGene00013443.,106,375,481
WBGene00013445.,16,317,333
WBGene00013446.,440,1482,1922
WBGene00013447.,257,1396,1653
WBGene00013448.,119,903,1022
WBGene00013449.,6,32,38
WBGene00013450.,6,17,23
WBGene00013451.,2,8,10
WBGene00013452.,1,2,3
WBGene00013453.,98,1509,1607
WBGene00013454.,9,1,10
WBGene00013455.,277,1285,1562
WBGene00013456.,83,480,563
WBGene00013457.,51,197,248
WBGene00013458.,178,1780,1958
WBGene00013459.,1150,11237,12387
WBGene00013460.,672,1569,2241
WBGene00013461.,370,2480,2850
WBGene00013462.,264,3672,3936
WBGene00013463.,0,25463,25463
WBGene00013464.,177,952,1129
WBGene00013465.,122,1050,1172
WBGene00013466.,0,1,1
WBGene00013467.,1,0,1
WBGene00013468.,0,2,2
WBGene00013469.,0,3,3
WBGene00013470.,1,1,2
WBGene00013471.,1,2,3
WBGene00013472.,0,0,0
WBGene00013473.,0,1,1
WBGene00013474.,0,9,9
WBGene00013475.,1,1,2
WBGene00013476.,1,1,2
WBGene00013477.,130,7962,8092
WBGene00013478.,0,2,2
WBGene00013479.,120,534,654
WBGene00013480.,41,15,56
WBGene00013481.,1098,14441,15539
WBGene00013482.,114,1335,1449
WBGene00013483.,0,1,1
WBGene00013484.,8,6,14
WBGene00013485.,103,271,374
WBGene00013486.,63,53,116
WBGene00013487.,19,10,29
WBGene00013489.,52,17610,17662
WBGene00013490.,3,54,57
WBGene00013491.,0,0,0
WBGene00013492.,0,5,5
WBGene00013493.,0,6,6
WBGene00013494.,2,5,7
WBGene00013495.,7,1,8
WBGene00013496.,24,135,159
WBGene00013497.,34,298,332
WBGene00013498.,2,12,14
WBGene00013499.,109,451,560
WBGene00013500.,0,2,2
WBGene00013501.,0,8,8
WBGene00013502.,6,1,7
WBGene00013503.,13,1,14
WBGene00013505.,9,40,49
WBGene00013506.,291,563,854
WBGene00013507.,18,69,87
WBGene00013508.,1,5,6
WBGene00013509.,8,271,279
WBGene00013510.,181,72,253
WBGene00013511.,1,2,3
WBGene00013512.,45,75,120
WBGene00013513.,3,8,11
WBGene00013514.,1603,30375,31978
WBGene00013515.,330,4563,4893
WBGene00013516.,74,915,989
WBGene00013517.,44,47,91
WBGene00013518.,248,1019,1267
WBGene00013519.,0,0,0
WBGene00013520.,11,11,22
WBGene00013521.,0,1,1
WBGene00013522.,203,1243,1446
WBGene00013523.,0,0,0
WBGene00013524.,0,2,2
WBGene00013525.,1,1,2
WBGene00013526.,1,2,3
WBGene00013527.,1,1,2
WBGene00013528.,0,0,0
WBGene00013529.,366,1585,1951
WBGene00013530.,507,2598,3105
WBGene00013531.,401,3642,4043
WBGene00013532.,20,3094,3114
WBGene00013534.,100,109,209
WBGene00013535.,10,138,148
WBGene00013536.,259,59,318
WBGene00013537.,16,11,27
WBGene00013538.,251,1286,1537
WBGene00013539.,26,138,164
WBGene00013540.,22,114,136
WBGene00013541.,33,73,106
WBGene00013542.,83,1155,1238
WBGene00013543.,247,1571,1818
WBGene00013544.,462,5624,6086
WBGene00013545.,499,1735,2234
WBGene00013547.,16,164,180
WBGene00013548.,140,1145,1285
WBGene00013549.,214,1063,1277
WBGene00013550.,104,3369,3473
WBGene00013551.,51,464,515
WBGene00013552.,13,464,477
WBGene00013553.,226,2751,2977
WBGene00013554.,137,524,661
WBGene00013555.,3,6,9
WBGene00013556.,242,1632,1874
WBGene00013557.,761,2435,3196
WBGene00013558.,153,1537,1690
WBGene00013559.,14,29,43
WBGene00013560.,61,340,401
WBGene00013561.,185,1601,1786
WBGene00013562.,6,15,21
WBGene00013563.,106,62,168
WBGene00013564.,16,14,30
WBGene00013565.,0,1,1
WBGene00013566.,0,1,1
WBGene00013567.,0,100,100
WBGene00013568.,70,750,820
WBGene00013569.,4,513,517
WBGene00013570.,0,0,0
WBGene00013571.,0,1,1
WBGene00013572.,0,0,0
WBGene00013573.,117,75,192
WBGene00013574.,82,34,116
WBGene00013575.,40,850,890
WBGene00013576.,34,475,509
WBGene00013577.,2457,25754,28211
WBGene00013578.,80,348,428
WBGene00013579.,16,8,24
WBGene00013580.,1391,1924,3315
WBGene00013581.,1,3,4
WBGene00013583.,2,1,3
WBGene00013584.,39,321,360
WBGene00013585.,24,598,622
WBGene00013586.,1,2,3
WBGene00013587.,43,154,197
WBGene00013588.,486,8796,9282
WBGene00013589.,0,29,29
WBGene00013590.,0,3,3
WBGene00013591.,52,1648,1700
WBGene00013592.,39,53,92
WBGene00013593.,192,1409,1601
WBGene00013594.,138,231,369
WBGene00013595.,156,1155,1311
WBGene00013596.,50,1401,1451
WBGene00013597.,956,10694,11650
WBGene00013598.,149,2900,3049
WBGene00013599.,506,927,1433
WBGene00013601.,133,1409,1542
WBGene00013602.,30,721,751
WBGene00013603.,454,4249,4703
WBGene00013604.,117,1847,1964
WBGene00013605.,247,3218,3465
WBGene00013606.,416,2927,3343
WBGene00013607.,4,2,6
WBGene00013608.,0,6,6
WBGene00013609.,1,12,13
WBGene00013610.,5,185,190
WBGene00013611.,1,74,75
WBGene00013612.,2,73,75
WBGene00013613.,0,5,5
WBGene00013614.,0,0,0
WBGene00013615.,3,0,3
WBGene00013616.,0,1,1
WBGene00013617.,0,0,0
WBGene00013618.,0,0,0
WBGene00013619.,0,0,0
WBGene00013620.,0,0,0
WBGene00013621.,1,1,2
WBGene00013622.,0,0,0
WBGene00013623.,37,434,471
WBGene00013624.,0,7,7
WBGene00013625.,0,2,2
WBGene00013626.,0,3,3
WBGene00013627.,0,0,0
WBGene00013628.,0,0,0
WBGene00013629.,7,3,10
WBGene00013631.,5,4,9
WBGene00013632.,270,511,781
WBGene00013633.,35,203,238
WBGene00013634.,7,25,32
WBGene00013635.,0,6,6
WBGene00013636.,0,0,0
WBGene00013637.,7,60,67
WBGene00013638.,364,3262,3626
WBGene00013639.,1618,1146,2764
WBGene00013640.,147,38,185
WBGene00013642.,110,475,585
WBGene00013643.,8,16,24
WBGene00013644.,2,34,36
WBGene00013645.,1,3,4
WBGene00013646.,3,3,6
WBGene00013647.,695,6349,7044
WBGene00013648.,5,2,7
WBGene00013649.,4,5,9
WBGene00013650.,4,147,151
WBGene00013651.,9,10,19
WBGene00013652.,1,33,34
WBGene00013653.,10,35,45
WBGene00013654.,6,26,32
WBGene00013655.,12,22,34
WBGene00013656.,0,3,3
WBGene00013657.,0,0,0
WBGene00013658.,21,372,393
WBGene00013659.,1,37,38
WBGene00013661.,10,7,17
WBGene00013662.,17,131,148
WBGene00013665.,67,470,537
WBGene00013666.,116,919,1035
WBGene00013667.,250,1524,1774
WBGene00013668.,180,2129,2309
WBGene00013669.,39,338,377
WBGene00013670.,490,2664,3154
WBGene00013671.,138,2740,2878
WBGene00013672.,48,133,181
WBGene00013673.,161,607,768
WBGene00013674.,148,1108,1256
WBGene00013676.,250,2678,2928
WBGene00013677.,600,3577,4177
WBGene00013678.,493,2326,2819
WBGene00013679.,242,1851,2093
WBGene00013680.,457,1479,1936
WBGene00013682.,2392,3196,5588
WBGene00013683.,346,5111,5457
WBGene00013684.,6,6,12
WBGene00013685.,36,105,141
WBGene00013687.,258,1630,1888
WBGene00013688.,355,6415,6770
WBGene00013689.,29,1337,1366
WBGene00013690.,81,1253,1334
WBGene00013691.,68,1005,1073
WBGene00013692.,175,1868,2043
WBGene00013693.,78,163,241
WBGene00013694.,54,1192,1246
WBGene00013695.,309,2143,2452
WBGene00013696.,1,13,14
WBGene00013697.,15,824,839
WBGene00013698.,32,827,859
WBGene00013699.,1,9,10
WBGene00013700.,1,22,23
WBGene00013701.,3,89,92
WBGene00013702.,69,461,530
WBGene00013703.,423,1888,2311
WBGene00013704.,44,282,326
WBGene00013705.,2,1,3
WBGene00013706.,0,6,6
WBGene00013707.,0,0,0
WBGene00013708.,10,451,461
WBGene00013709.,430,5035,5465
WBGene00013710.,0,24,24
WBGene00013711.,365,956,1321
WBGene00013712.,0,0,0
WBGene00013713.,0,6,6
WBGene00013716.,8,66,74
WBGene00013717.,21,416,437
WBGene00013718.,90,1974,2064
WBGene00013719.,29,913,942
WBGene00013720.,8,1112,1120
WBGene00013721.,0,3,3
WBGene00013722.,0,2,2
WBGene00013723.,0,101,101
WBGene00013724.,91,708,799
WBGene00013725.,143,1773,1916
WBGene00013726.,103,1029,1132
WBGene00013727.,18,299,317
WBGene00013728.,77,983,1060
WBGene00013729.,14,452,466
WBGene00013730.,1120,4237,5357
WBGene00013732.,2681,1998,4679
WBGene00013734.,15,6202,6217
WBGene00013735.,2162,5301,7463
WBGene00013736.,80,2001,2081
WBGene00013737.,603,1843,2446
WBGene00013738.,279,1806,2085
WBGene00013739.,172,122,294
WBGene00013740.,35,2597,2632
WBGene00013741.,9,58,67
WBGene00013742.,108,202,310
WBGene00013744.,3,10,13
WBGene00013746.,307,777,1084
WBGene00013747.,12,3,15
WBGene00013748.,28,415,443
WBGene00013749.,28,84,112
WBGene00013750.,1,13,14
WBGene00013751.,34,612,646
WBGene00013752.,339,532,871
WBGene00013753.,67,556,623
WBGene00013754.,0,1,1
WBGene00013755.,3,38,41
WBGene00013756.,17,254,271
WBGene00013757.,0,6,6
WBGene00013758.,8,283,291
WBGene00013759.,0,2,2
WBGene00013760.,0,2,2
WBGene00013761.,7,106,113
WBGene00013762.,2,12,14
WBGene00013763.,3,28,31
WBGene00013764.,39,43,82
WBGene00013765.,277,3487,3764
WBGene00013766.,200,39194,39394
WBGene00013768.,294,989,1283
WBGene00013770.,1,0,1
WBGene00013771.,0,6,6
WBGene00013772.,3,0,3
WBGene00013773.,0,7,7
WBGene00013774.,96,92,188
WBGene00013775.,1,11,12
WBGene00013776.,3,127,130
WBGene00013777.,1,4,5
WBGene00013778.,11,39,50
WBGene00013779.,2,36,38
WBGene00013781.,55,228,283
WBGene00013782.,53,199,252
WBGene00013783.,1,0,1
WBGene00013784.,1966,16756,18722
WBGene00013785.,3,3,6
WBGene00013786.,2,8,10
WBGene00013788.,0,1,1
WBGene00013789.,152,865,1017
WBGene00013790.,127,1105,1232
WBGene00013791.,0,0,0
WBGene00013792.,231,312,543
WBGene00013794.,0,7,7
WBGene00013795.,0,2,2
WBGene00013796.,0,0,0
WBGene00013797.,0,0,0
WBGene00013798.,0,0,0
WBGene00013799.,0,11,11
WBGene00013800.,3,1,4
WBGene00013801.,14,30,44
WBGene00013802.,112,235,347
WBGene00013803.,470,3361,3831
WBGene00013804.,608,5714,6322
WBGene00013805.,870,7240,8110
WBGene00013806.,78,398,476
WBGene00013807.,642,1473,2115
WBGene00013808.,421,2522,2943
WBGene00013809.,36,23,59
WBGene00013810.,2,3,5
WBGene00013811.,2,3,5
WBGene00013812.,31,73,104
WBGene00013814.,60,42,102
WBGene00013815.,0,4,4
WBGene00013816.,2,8,10
WBGene00013817.,12,61,73
WBGene00013819.,243,2095,2338
WBGene00013820.,4,34,38
WBGene00013821.,10,2,12
WBGene00013822.,2,7,9
WBGene00013823.,24,10,34
WBGene00013824.,0,4,4
WBGene00013825.,41,67,108
WBGene00013826.,3,25,28
WBGene00013827.,0,1,1
WBGene00013828.,39,4,43
WBGene00013829.,0,18,18
WBGene00013830.,0,54,54
WBGene00013831.,6,18,24
WBGene00013832.,0,18,18
WBGene00013833.,8,92,100
WBGene00013834.,6,8,14
WBGene00013835.,21,158,179
WBGene00013836.,1,27,28
WBGene00013837.,0,4,4
WBGene00013838.,1,2041,2042
WBGene00013839.,0,10,10
WBGene00013840.,1,2,3
WBGene00013841.,6,47,53
WBGene00013842.,21,99,120
WBGene00013843.,2,26,28
WBGene00013844.,5,19,24
WBGene00013845.,22,286,308
WBGene00013846.,6,11,17
WBGene00013847.,207,1487,1694
WBGene00013848.,173,434,607
WBGene00013849.,34,155,189
WBGene00013850.,95,147,242
WBGene00013852.,72,699,771
WBGene00013853.,3,2424,2427
WBGene00013854.,1,1,2
WBGene00013855.,71,670,741
WBGene00013856.,0,57,57
WBGene00013857.,113,682,795
WBGene00013858.,0,5,5
WBGene00013859.,953,14662,15615
WBGene00013860.,342,4751,5093
WBGene00013862.,17,514,531
WBGene00013863.,2,7,9
WBGene00013865.,4,55,59
WBGene00013866.,436,4322,4758
WBGene00013867.,72,239,311
WBGene00013868.,1,38,39
WBGene00013869.,336,2346,2682
WBGene00013870.,36,460,496
WBGene00013871.,7,21,28
WBGene00013872.,299,1853,2152
WBGene00013873.,22,16,38
WBGene00013874.,3,21,24
WBGene00013875.,1,7,8
WBGene00013876.,18,336,354
WBGene00013877.,131,1239,1370
WBGene00013878.,588,3373,3961
WBGene00013879.,7,27,34
WBGene00013880.,49,2763,2812
WBGene00013881.,68,756,824
WBGene00013882.,1481,9950,11431
WBGene00013883.,27,80,107
WBGene00013884.,3766,38008,41774
WBGene00013886.,6,40,46
WBGene00013887.,0,3,3
WBGene00013888.,0,0,0
WBGene00013889.,0,0,0
WBGene00013890.,0,0,0
WBGene00013891.,0,36,36
WBGene00013892.,170,3550,3720
WBGene00013893.,29,2168,2197
WBGene00013894.,89,784,873
WBGene00013895.,23,370,393
WBGene00013896.,70,488,558
WBGene00013897.,35,1056,1091
WBGene00013898.,172,2278,2450
WBGene00013899.,39,650,689
WBGene00013900.,2,16,18
WBGene00013901.,6,118,124
WBGene00013902.,30,89,119
WBGene00013903.,0,28,28
WBGene00013904.,1,10,11
WBGene00013905.,3,3,6
WBGene00013906.,4,48,52
WBGene00013907.,5,22,27
WBGene00013908.,0,5,5
WBGene00013909.,1,4,5
WBGene00013910.,0,0,0
WBGene00013911.,2,12,14
WBGene00013912.,3,5,8
WBGene00013913.,4,1,5
WBGene00013914.,48,95,143
WBGene00013915.,0,2,2
WBGene00013916.,2,14,16
WBGene00013917.,57,728,785
WBGene00013918.,0,0,0
WBGene00013919.,359,2438,2797
WBGene00013920.,77,3349,3426
WBGene00013921.,177,1004,1181
WBGene00013923.,9,168,177
WBGene00013924.,294,6992,7286
WBGene00013925.,96,1693,1789
WBGene00013926.,0,245,245
WBGene00013927.,0,1,1
WBGene00013928.,1,2,3
WBGene00013929.,5,15,20
WBGene00013930.,0,1,1
WBGene00013931.,7,0,7
WBGene00013932.,0,0,0
WBGene00013933.,8,22,30
WBGene00013934.,831,2969,3800
WBGene00013935.,0,0,0
WBGene00013937.,0,4,4
WBGene00013938.,73,1041,1114
WBGene00013939.,2,51,53
WBGene00013940.,0,1,1
WBGene00013941.,1,3,4
WBGene00013942.,0,1,1
WBGene00013943.,0,0,0
WBGene00013944.,0,1,1
WBGene00013946.,122,485,607
WBGene00013947.,63,752,815
WBGene00013948.,0,0,0
WBGene00013949.,29,296,325
WBGene00013950.,44,345,389
WBGene00013951.,0,1,1
WBGene00013953.,2,0,2
WBGene00013954.,1,3,4
WBGene00013955.,125,51,176
WBGene00013956.,0,3,3
WBGene00013957.,77,154,231
WBGene00013958.,412,6901,7313
WBGene00013959.,124,985,1109
WBGene00013960.,41,223,264
WBGene00013961.,0,4,4
WBGene00013962.,187,2354,2541
WBGene00013963.,7,245,252
WBGene00013964.,12,515,527
WBGene00013965.,7,49,56
WBGene00013966.,24,967,991
WBGene00013967.,76,704,780
WBGene00013968.,2,16,18
WBGene00013969.,241,3419,3660
WBGene00013970.,173,944,1117
WBGene00013971.,0,0,0
WBGene00013972.,0,0,0
WBGene00013973.,0,1,1
WBGene00013974.,11,24,35
WBGene00013975.,9,119,128
WBGene00013976.,14,19,33
WBGene00013978.,3,1,4
WBGene00013979.,0,4,4
WBGene00013980.,68,290,358
WBGene00013982.,20,310,330
WBGene00013983.,83,4707,4790
WBGene00013984.,1657,6427,8084
WBGene00013985.,136,2093,2229
WBGene00013986.,0,7,7
WBGene00013987.,5,23,28
WBGene00013988.,3,4,7
WBGene00013989.,54,802,856
WBGene00013993.,0,0,0
WBGene00013994.,122,1132,1254
WBGene00013995.,1,5,6
WBGene00013996.,1,65,66
WBGene00013997.,519,4938,5457
WBGene00013998.,25,764,789
WBGene00013999.,5,5,10
WBGene00014000.,14,302,316
WBGene00014001.,148,2833,2981
WBGene00014002.,46,306,352
WBGene00014003.,40,9504,9544
WBGene00014004.,224,1758,1982
WBGene00014005.,4,17,21
WBGene00014006.,12,4446,4458
WBGene00014007.,1,25,26
WBGene00014008.,26,493,519
WBGene00014009.,11,262,273
WBGene00014011.,47,2497,2544
WBGene00014012.,79,3258,3337
WBGene00014013.,111,4292,4403
WBGene00014014.,130,597,727
WBGene00014015.,129,2558,2687
WBGene00014016.,1266,21850,23116
WBGene00014017.,164,3466,3630
WBGene00014018.,312,1820,2132
WBGene00014019.,141,1714,1855
WBGene00014020.,53,1512,1565
WBGene00014021.,304,1052,1356
WBGene00014022.,598,10454,11052
WBGene00014023.,232,737,969
WBGene00014024.,100,460,560
WBGene00014025.,192,3877,4069
WBGene00014026.,0,0,0
WBGene00014027.,25,207,232
WBGene00014028.,90,513,603
WBGene00014029.,0,7,7
WBGene00014030.,56,8207,8263
WBGene00014031.,76,2867,2943
WBGene00014032.,0,2,2
WBGene00014033.,156,838,994
WBGene00014034.,1,578,579
WBGene00014035.,137,1213,1350
WBGene00014036.,1103,4141,5244
WBGene00014037.,221,1,222
WBGene00014039.,70,447,517
WBGene00014040.,1,3,4
WBGene00014041.,0,3,3
WBGene00014042.,0,0,0
WBGene00014043.,0,0,0
WBGene00014044.,0,0,0
WBGene00014045.,0,0,0
WBGene00014046.,0,0,0
WBGene00014047.,1,3,4
WBGene00014048.,3,5,8
WBGene00014049.,0,1,1
WBGene00014050.,0,9,9
WBGene00014051.,501,2104,2605
WBGene00014052.,5,127,132
WBGene00014053.,7,19,26
WBGene00014054.,279,11982,12261
WBGene00014055.,272,2237,2509
WBGene00014057.,29,327,356
WBGene00014058.,144,2002,2146
WBGene00014060.,35,225,260
WBGene00014061.,0,0,0
WBGene00014062.,0,2,2
WBGene00014063.,0,17,17
WBGene00014064.,0,11,11
WBGene00014065.,99,75,174
WBGene00014066.,82,876,958
WBGene00014067.,14,225,239
WBGene00014068.,0,13,13
WBGene00014069.,1,14,15
WBGene00014070.,33,0,33
WBGene00014073.,16,81,97
WBGene00014074.,87,688,775
WBGene00014075.,254,2626,2880
WBGene00014076.,157,894,1051
WBGene00014077.,27,197,224
WBGene00014078.,382,4740,5122
WBGene00014079.,67,590,657
WBGene00014080.,60,682,742
WBGene00014081.,99,767,866
WBGene00014082.,17,14,31
WBGene00014083.,208,4546,4754
WBGene00014084.,0,4,4
WBGene00014085.,29,158,187
WBGene00014086.,1972,28049,30021
WBGene00014087.,86,1806,1892
WBGene00014088.,1910,60947,62857
WBGene00014089.,33,115,148
WBGene00014090.,45,2651,2696
WBGene00014091.,1984,54791,56775
WBGene00014092.,1022,10732,11754
WBGene00014093.,106,218,324
WBGene00014094.,32,223,255
WBGene00014095.,179,61110,61289
WBGene00014096.,39,5974,6013
WBGene00014097.,8,125,133
WBGene00014098.,309,3858,4167
WBGene00014099.,24,271,295
WBGene00014100.,3,58,61
WBGene00014101.,206,608,814
WBGene00014102.,2,8,10
WBGene00014103.,27,34,61
WBGene00014104.,1,5,6
WBGene00014105.,9,36,45
WBGene00014106.,138,668,806
WBGene00014107.,21,390,411
WBGene00014108.,646,32688,33334
WBGene00014109.,92,5102,5194
WBGene00014111.,29,1286,1315
WBGene00014112.,105,2900,3005
WBGene00014113.,8,248,256
WBGene00014114.,85,988,1073
WBGene00014115.,200,3251,3451
WBGene00014116.,8,26,34
WBGene00014117.,1,41,42
WBGene00014118.,164,789,953
WBGene00014119.,384,1967,2351
WBGene00014120.,0,480,480
WBGene00014121.,44,48,92
WBGene00014122.,43,101,144
WBGene00014123.,37,1711,1748
WBGene00014124.,35,1316,1351
WBGene00014125.,12,1048,1060
WBGene00014126.,0,0,0
WBGene00014127.,2,3,5
WBGene00014128.,3,3,6
WBGene00014129.,3,2,5
WBGene00014130.,1,5,6
WBGene00014131.,2,32,34
WBGene00014132.,1,1,2
WBGene00014134.,2,20,22
WBGene00014135.,0,4,4
WBGene00014136.,9,16,25
WBGene00014137.,7,280,287
WBGene00014138.,7,55,62
WBGene00014139.,345,636,981
WBGene00014140.,574,769,1343
WBGene00014141.,8,132,140
WBGene00014142.,14,50,64
WBGene00014143.,1,1,2
WBGene00014144.,0,5,5
WBGene00014145.,28,99,127
WBGene00014147.,0,0,0
WBGene00014148.,243,4061,4304
WBGene00014149.,5,13,18
WBGene00014150.,63,498,561
WBGene00014151.,123,1367,1490
WBGene00014152.,14,54,68
WBGene00014153.,82,1824,1906
WBGene00014154.,1,13,14
WBGene00014155.,9,33,42
WBGene00014156.,132,1743,1875
WBGene00014157.,0,3,3
WBGene00014158.,1,3,4
WBGene00014159.,6,579,585
WBGene00014160.,2,49,51
WBGene00014161.,9,21,30
WBGene00014162.,3,6,9
WBGene00014163.,0,124,124
WBGene00014164.,26,262,288
WBGene00014165.,630,16700,17330
WBGene00014166.,17,105,122
WBGene00014168.,0,4,4
WBGene00014169.,1,26,27
WBGene00014170.,1,17,18
WBGene00014171.,2413,6096,8509
WBGene00014172.,231,2126,2357
WBGene00014173.,2,46,48
WBGene00014174.,0,11,11
WBGene00014175.,93,961,1054
WBGene00014176.,149,1821,1970
WBGene00014177.,124,2738,2862
WBGene00014178.,10,52,62
WBGene00014179.,0,0,0
WBGene00014180.,1,2,3
WBGene00014181.,19,97,116
WBGene00014182.,0,0,0
WBGene00014183.,24,4190,4214
WBGene00014184.,5,70,75
WBGene00014185.,0,6,6
WBGene00014186.,0,1,1
WBGene00014188.,0,0,0
WBGene00014189.,2,113,115
WBGene00014190.,1,2,3
WBGene00014191.,1,1,2
WBGene00014192.,0,0,0
WBGene00014193.,3,2,5
WBGene00014194.,1,1,2
WBGene00014195.,7,34,41
WBGene00014196.,1,11,12
WBGene00014197.,0,3,3
WBGene00014198.,1,180,181
WBGene00014199.,1,4,5
WBGene00014200.,5,70,75
WBGene00014201.,1,1,2
WBGene00014202.,362,8266,8628
WBGene00014203.,19,371,390
WBGene00014204.,98,9242,9340
WBGene00014205.,39,880,919
WBGene00014206.,21,387,408
WBGene00014207.,487,10184,10671
WBGene00014208.,72,1427,1499
WBGene00014209.,126,1592,1718
WBGene00014210.,21,162,183
WBGene00014213.,349,6347,6696
WBGene00014214.,898,2601,3499
WBGene00014215.,220,1142,1362
WBGene00014216.,1,1,2
WBGene00014217.,0,2,2
WBGene00014218.,256,6033,6289
WBGene00014219.,74,1478,1552
WBGene00014220.,30,480,510
WBGene00014221.,90,2617,2707
WBGene00014222.,175,1397,1572
WBGene00014223.,179,162,341
WBGene00014224.,260,7001,7261
WBGene00014225.,16,53,69
WBGene00014226.,0,113,113
WBGene00014227.,171,1790,1961
WBGene00014228.,8,694,702
WBGene00014229.,3,7,10
WBGene00014230.,28,909,937
WBGene00014232.,255,3813,4068
WBGene00014233.,52,995,1047
WBGene00014234.,9,1921,1930
WBGene00014235.,16,101,117
WBGene00014236.,1,9,10
WBGene00014238.,0,0,0
WBGene00014239.,1,3,4
WBGene00014240.,1,0,1
WBGene00014241.,0,9,9
WBGene00014242.,0,1,1
WBGene00014243.,228,3183,3411
WBGene00014244.,20,784,804
WBGene00014245.,1,6,7
WBGene00014246.,1,2,3
WBGene00014247.,1,2,3
WBGene00014248.,186,725,911
WBGene00014249.,138,5886,6024
WBGene00014250.,28,1072,1100
WBGene00014251.,106,1452,1558
WBGene00014252.,10,195,205
WBGene00014253.,18,174,192
WBGene00014254.,22,271,293
WBGene00014255.,7,167,174
WBGene00014256.,22,394,416
WBGene00014258.,410,7961,8371
WBGene00014259.,213,3561,3774
WBGene00014260.,67,81,148
WBGene00014261.,1025,2388,3413
WBGene00014262.,1599,21096,22695
WBGene00014263.,0,1,1
WBGene00014264.,0,0,0
WBGene00014265.,0,0,0
WBGene00014266.,0,0,0
WBGene00014267.,0,0,0
WBGene00014268.,0,0,0
WBGene00014269.,0,0,0
WBGene00014270.,0,0,0
WBGene00014271.,0,0,0
WBGene00014272.,0,0,0
WBGene00014273.,0,1,1
WBGene00014274.,0,0,0
WBGene00014275.,0,0,0
WBGene00014276.,0,0,0
WBGene00014277.,0,0,0
WBGene00014278.,0,0,0
WBGene00014279.,0,1,1
WBGene00014280.,0,1,1
WBGene00014281.,0,0,0
WBGene00014282.,0,0,0
WBGene00014283.,0,0,0
WBGene00014284.,0,0,0
WBGene00014285.,0,0,0
WBGene00014286.,0,0,0
WBGene00014287.,0,0,0
WBGene00014288.,0,2,2
WBGene00014289.,0,1,1
WBGene00014290.,0,0,0
WBGene00014291.,0,85,85
WBGene00014292.,0,0,0
WBGene00014293.,0,0,0
WBGene00014294.,1457,6081,7538
WBGene00014295.,0,0,0
WBGene00014296.,0,0,0
WBGene00014297.,0,1,1
WBGene00014298.,0,0,0
WBGene00014299.,0,0,0
WBGene00014300.,51,285,336
WBGene00014301.,0,0,0
WBGene00014302.,0,0,0
WBGene00014303.,0,2,2
WBGene00014304.,0,0,0
WBGene00014305.,0,0,0
WBGene00014306.,0,0,0
WBGene00014307.,3974,78039,82013
WBGene00014308.,103,15935,16038
WBGene00014309.,7582,101153,108735
WBGene00014310.,0,0,0
WBGene00014311.,0,0,0
WBGene00014312.,0,0,0
WBGene00014313.,0,0,0
WBGene00014314.,0,0,0
WBGene00014315.,0,0,0
WBGene00014316.,0,0,0
WBGene00014317.,0,77,77
WBGene00014318.,0,0,0
WBGene00014319.,0,0,0
WBGene00014320.,0,7,7
WBGene00014321.,0,0,0
WBGene00014322.,0,13,13
WBGene00014323.,0,0,0
WBGene00014324.,0,0,0
WBGene00014325.,0,0,0
WBGene00014326.,0,0,0
WBGene00014327.,0,4,4
WBGene00014328.,0,3,3
WBGene00014329.,0,5,5
WBGene00014330.,0,0,0
WBGene00014331.,0,0,0
WBGene00014332.,0,1,1
WBGene00014333.,0,0,0
WBGene00014334.,0,0,0
WBGene00014335.,0,0,0
WBGene00014336.,0,0,0
WBGene00014337.,0,0,0
WBGene00014338.,0,1,1
WBGene00014339.,0,0,0
WBGene00014340.,0,0,0
WBGene00014341.,0,0,0
WBGene00014342.,0,0,0
WBGene00014343.,0,0,0
WBGene00014344.,0,0,0
WBGene00014345.,0,0,0
WBGene00014346.,0,0,0
WBGene00014347.,0,0,0
WBGene00014348.,0,2,2
WBGene00014349.,0,7,7
WBGene00014350.,0,8,8
WBGene00014351.,0,0,0
WBGene00014352.,0,0,0
WBGene00014353.,0,0,0
WBGene00014354.,0,0,0
WBGene00014355.,0,0,0
WBGene00014356.,0,0,0
WBGene00014357.,0,0,0
WBGene00014358.,0,0,0
WBGene00014359.,0,0,0
WBGene00014360.,0,0,0
WBGene00014361.,0,0,0
WBGene00014362.,1,0,1
WBGene00014363.,0,0,0
WBGene00014364.,0,0,0
WBGene00014365.,0,0,0
WBGene00014366.,0,0,0
WBGene00014367.,0,0,0
WBGene00014368.,0,0,0
WBGene00014369.,0,0,0
WBGene00014370.,0,2,2
WBGene00014371.,0,46,46
WBGene00014372.,0,1,1
WBGene00014373.,1,0,1
WBGene00014374.,0,0,0
WBGene00014375.,0,1,1
WBGene00014376.,0,0,0
WBGene00014377.,0,0,0
WBGene00014378.,0,0,0
WBGene00014379.,0,0,0
WBGene00014380.,0,0,0
WBGene00014381.,0,0,0
WBGene00014382.,0,2,2
WBGene00014384.,0,0,0
WBGene00014385.,0,6,6
WBGene00014386.,0,0,0
WBGene00014387.,0,0,0
WBGene00014388.,0,0,0
WBGene00014389.,0,0,0
WBGene00014390.,0,0,0
WBGene00014391.,0,0,0
WBGene00014392.,0,0,0
WBGene00014393.,0,0,0
WBGene00014394.,0,30,30
WBGene00014395.,0,0,0
WBGene00014396.,0,0,0
WBGene00014397.,0,0,0
WBGene00014398.,0,0,0
WBGene00014399.,0,0,0
WBGene00014400.,0,0,0
WBGene00014401.,0,0,0
WBGene00014402.,0,0,0
WBGene00014403.,0,0,0
WBGene00014404.,0,2,2
WBGene00014405.,0,24,24
WBGene00014406.,0,0,0
WBGene00014407.,0,0,0
WBGene00014408.,0,0,0
WBGene00014409.,0,0,0
WBGene00014410.,0,0,0
WBGene00014411.,0,0,0
WBGene00014413.,0,0,0
WBGene00014414.,0,0,0
WBGene00014415.,0,0,0
WBGene00014416.,0,0,0
WBGene00014417.,0,24,24
WBGene00014418.,0,0,0
WBGene00014419.,0,0,0
WBGene00014420.,0,5,5
WBGene00014421.,0,3,3
WBGene00014422.,0,0,0
WBGene00014423.,0,0,0
WBGene00014424.,0,0,0
WBGene00014425.,0,0,0
WBGene00014426.,0,0,0
WBGene00014427.,0,0,0
WBGene00014428.,0,21,21
WBGene00014429.,0,0,0
WBGene00014430.,0,0,0
WBGene00014431.,0,0,0
WBGene00014432.,0,0,0
WBGene00014433.,0,0,0
WBGene00014434.,0,0,0
WBGene00014435.,0,0,0
WBGene00014436.,0,0,0
WBGene00014437.,0,0,0
WBGene00014438.,0,0,0
WBGene00014439.,0,35,35
WBGene00014440.,0,1,1
WBGene00014441.,0,0,0
WBGene00014442.,0,0,0
WBGene00014443.,0,0,0
WBGene00014444.,0,0,0
WBGene00014445.,0,0,0
WBGene00014446.,0,0,0
WBGene00014447.,0,0,0
WBGene00014448.,0,0,0
WBGene00014449.,0,0,0
WBGene00014450.,0,75,75
WBGene00014451.,0,65,65
WBGene00014452.,0,171,171
WBGene00014453.,0,53,53
WBGene00014454.,0,472123,472123
WBGene00014455.,0,35,35
WBGene00014456.,0,54,54
WBGene00014457.,0,1358,1358
WBGene00014458.,0,19,19
WBGene00014459.,0,214,214
WBGene00014460.,0,83,83
WBGene00014461.,0,34,34
WBGene00014462.,0,652,652
WBGene00014463.,0,20,20
WBGene00014464.,0,7,7
WBGene00014465.,0,44,44
WBGene00014466.,0,943,943
WBGene00014467.,0,158,158
WBGene00014468.,0,38,38
WBGene00014469.,0,18,18
WBGene00014470.,0,336,336
WBGene00014471.,0,58,58
WBGene00014472.,0,239085,239085
WBGene00014473.,0,7205,7205
WBGene00014474.,0,0,0
WBGene00014475.,0,0,0
WBGene00014476.,0,7,7
WBGene00014477.,0,0,0
WBGene00014478.,0,2,2
WBGene00014479.,0,0,0
WBGene00014480.,0,0,0
WBGene00014481.,0,0,0
WBGene00014482.,0,0,0
WBGene00014483.,0,0,0
WBGene00014484.,0,0,0
WBGene00014485.,0,0,0
WBGene00014486.,1,1,2
WBGene00014487.,0,0,0
WBGene00014488.,0,0,0
WBGene00014489.,0,0,0
WBGene00014490.,0,0,0
WBGene00014491.,0,0,0
WBGene00014493.,0,0,0
WBGene00014494.,0,0,0
WBGene00014495.,0,0,0
WBGene00014496.,0,0,0
WBGene00014497.,0,0,0
WBGene00014498.,0,0,0
WBGene00014499.,0,0,0
WBGene00014500.,0,16,16
WBGene00014501.,0,0,0
WBGene00014502.,0,0,0
WBGene00014503.,0,0,0
WBGene00014504.,0,0,0
WBGene00014505.,0,79774,79774
WBGene00014506.,0,0,0
WBGene00014507.,0,0,0
WBGene00014508.,0,0,0
WBGene00014509.,0,0,0
WBGene00014510.,0,2,2
WBGene00014511.,0,1,1
WBGene00014512.,0,0,0
WBGene00014513.,0,0,0
WBGene00014514.,0,0,0
WBGene00014515.,0,0,0
WBGene00014516.,0,0,0
WBGene00014517.,0,0,0
WBGene00014518.,0,0,0
WBGene00014519.,0,3,3
WBGene00014520.,0,1,1
WBGene00014521.,0,0,0
WBGene00014522.,0,0,0
WBGene00014523.,0,2,2
WBGene00014524.,0,0,0
WBGene00014525.,0,0,0
WBGene00014526.,0,0,0
WBGene00014527.,0,0,0
WBGene00014528.,0,0,0
WBGene00014529.,0,0,0
WBGene00014530.,0,0,0
WBGene00014531.,0,0,0
WBGene00014532.,0,0,0
WBGene00014533.,0,1,1
WBGene00014534.,0,1,1
WBGene00014535.,0,2,2
WBGene00014536.,0,3,3
WBGene00014537.,0,0,0
WBGene00014538.,0,2,2
WBGene00014539.,0,0,0
WBGene00014540.,0,0,0
WBGene00014541.,0,0,0
WBGene00014542.,0,223,223
WBGene00014543.,0,0,0
WBGene00014544.,0,0,0
WBGene00014545.,0,0,0
WBGene00014546.,0,0,0
WBGene00014547.,0,0,0
WBGene00014548.,0,0,0
WBGene00014549.,0,0,0
WBGene00014550.,0,0,0
WBGene00014551.,0,0,0
WBGene00014552.,0,0,0
WBGene00014553.,0,0,0
WBGene00014554.,0,35,35
WBGene00014555.,0,0,0
WBGene00014556.,0,0,0
WBGene00014557.,0,0,0
WBGene00014558.,0,0,0
WBGene00014559.,0,0,0
WBGene00014560.,0,0,0
WBGene00014561.,0,0,0
WBGene00014562.,69,1503,1572
WBGene00014563.,0,0,0
WBGene00014564.,0,0,0
WBGene00014565.,0,0,0
WBGene00014566.,0,0,0
WBGene00014567.,0,0,0
WBGene00014568.,0,0,0
WBGene00014569.,482,1696,2178
WBGene00014570.,0,0,0
WBGene00014571.,0,0,0
WBGene00014572.,0,3,3
WBGene00014573.,0,0,0
WBGene00014574.,0,0,0
WBGene00014575.,0,0,0
WBGene00014576.,5,119,124
WBGene00014577.,0,38,38
WBGene00014578.,0,0,0
WBGene00014579.,0,0,0
WBGene00014580.,0,0,0
WBGene00014581.,0,0,0
WBGene00014582.,0,0,0
WBGene00014583.,0,0,0
WBGene00014584.,0,0,0
WBGene00014585.,0,0,0
WBGene00014586.,0,0,0
WBGene00014587.,0,0,0
WBGene00014588.,0,0,0
WBGene00014589.,0,4,4
WBGene00014590.,0,0,0
WBGene00014591.,0,0,0
WBGene00014592.,0,0,0
WBGene00014593.,0,0,0
WBGene00014594.,0,0,0
WBGene00014595.,0,0,0
WBGene00014596.,0,8,8
WBGene00014597.,0,0,0
WBGene00014598.,0,0,0
WBGene00014599.,0,12,12
WBGene00014600.,0,0,0
WBGene00014601.,0,0,0
WBGene00014602.,0,0,0
WBGene00014603.,0,0,0
WBGene00014604.,0,0,0
WBGene00014605.,0,9,9
WBGene00014606.,0,0,0
WBGene00014607.,0,0,0
WBGene00014608.,0,0,0
WBGene00014609.,0,0,0
WBGene00014610.,0,0,0
WBGene00014611.,0,0,0
WBGene00014612.,0,0,0
WBGene00014613.,221,1060,1281
WBGene00014614.,0,1,1
WBGene00014615.,10,13,23
WBGene00014616.,0,0,0
WBGene00014617.,0,0,0
WBGene00014618.,0,0,0
WBGene00014619.,0,0,0
WBGene00014620.,0,1,1
WBGene00014621.,0,0,0
WBGene00014622.,0,1,1
WBGene00014623.,0,0,0
WBGene00014624.,0,0,0
WBGene00014625.,0,0,0
WBGene00014626.,0,0,0
WBGene00014627.,0,0,0
WBGene00014628.,0,0,0
WBGene00014629.,0,0,0
WBGene00014630.,1,0,1
WBGene00014631.,0,0,0
WBGene00014632.,0,0,0
WBGene00014633.,0,0,0
WBGene00014634.,0,0,0
WBGene00014635.,0,0,0
WBGene00014636.,0,0,0
WBGene00014637.,0,0,0
WBGene00014638.,0,0,0
WBGene00014639.,0,0,0
WBGene00014640.,0,0,0
WBGene00014641.,14,40,54
WBGene00014643.,0,90,90
WBGene00014644.,0,0,0
WBGene00014645.,0,0,0
WBGene00014646.,0,0,0
WBGene00014647.,0,0,0
WBGene00014648.,0,0,0
WBGene00014649.,0,0,0
WBGene00014650.,0,0,0
WBGene00014651.,0,0,0
WBGene00014652.,0,0,0
WBGene00014653.,0,0,0
WBGene00014654.,0,0,0
WBGene00014655.,0,0,0
WBGene00014656.,0,0,0
WBGene00014657.,0,8,8
WBGene00014658.,0,0,0
WBGene00014659.,0,4,4
WBGene00014660.,2,4,6
WBGene00014663.,0,168,168
WBGene00014664.,0,9,9
WBGene00014665.,0,3,3
WBGene00014666.,13,49,62
WBGene00014667.,5,23,28
WBGene00014668.,8,18,26
WBGene00014669.,9,119,128
WBGene00014670.,0,1,1
WBGene00014671.,0,0,0
WBGene00014672.,0,38,38
WBGene00014673.,0,0,0
WBGene00014674.,0,10,10
WBGene00014675.,0,1,1
WBGene00014676.,0,0,0
WBGene00014677.,0,0,0
WBGene00014678.,1,13,14
WBGene00014679.,0,2,2
WBGene00014681.,0,0,0
WBGene00014682.,0,0,0
WBGene00014683.,0,0,0
WBGene00014684.,0,8,8
WBGene00014685.,0,0,0
WBGene00014686.,0,2,2
WBGene00014689.,0,1,1
WBGene00014691.,0,0,0
WBGene00014692.,0,0,0
WBGene00014693.,0,3,3
WBGene00014694.,0,8,8
WBGene00014695.,0,0,0
WBGene00014696.,0,0,0
WBGene00014697.,263,1973,2236
WBGene00014698.,15,140,155
WBGene00014699.,0,0,0
WBGene00014700.,0,4,4
WBGene00014701.,0,23,23
WBGene00014702.,0,17,17
WBGene00014703.,0,2,2
WBGene00014704.,0,0,0
WBGene00014705.,0,2,2
WBGene00014706.,0,3,3
WBGene00014707.,0,5,5
WBGene00014708.,0,0,0
WBGene00014710.,1,6,7
WBGene00014711.,1,3,4
WBGene00014714.,1,12,13
WBGene00014715.,0,0,0
WBGene00014716.,0,0,0
WBGene00014717.,0,0,0
WBGene00014718.,0,0,0
WBGene00014719.,0,0,0
WBGene00014720.,0,0,0
WBGene00014721.,0,0,0
WBGene00014722.,1,0,1
WBGene00014723.,0,1,1
WBGene00014724.,0,0,0
WBGene00014727.,0,0,0
WBGene00014728.,0,10,10
WBGene00014729.,0,16,16
WBGene00014730.,1,14,15
WBGene00014731.,0,9,9
WBGene00014732.,12,119,131
WBGene00014733.,0,0,0
WBGene00014734.,2,10,12
WBGene00014735.,0,1,1
WBGene00014738.,0,0,0
WBGene00014740.,0,3,3
WBGene00014741.,0,11,11
WBGene00014744.,0,15,15
WBGene00014745.,0,3,3
WBGene00014746.,5,169,174
WBGene00014748.,0,0,0
WBGene00014751.,30,104,134
WBGene00014752.,0,0,0
WBGene00014753.,0,9,9
WBGene00014754.,0,1,1
WBGene00014755.,0,0,0
WBGene00014757.,0,1,1
WBGene00014758.,0,0,0
WBGene00014759.,7,10,17
WBGene00014760.,3,12,15
WBGene00014761.,13,35,48
WBGene00014763.,0,0,0
WBGene00014764.,0,0,0
WBGene00014766.,0,0,0
WBGene00014767.,0,0,0
WBGene00014768.,0,4,4
WBGene00014769.,5,6,11
WBGene00014770.,4,5,9
WBGene00014771.,0,2,2
WBGene00014772.,1622,4922,6544
WBGene00014773.,0,2,2
WBGene00014775.,0,0,0
WBGene00014776.,0,2,2
WBGene00014777.,1,1,2
WBGene00014778.,0,4,4
WBGene00014779.,0,1,1
WBGene00014781.,0,0,0
WBGene00014782.,0,0,0
WBGene00014783.,0,0,0
WBGene00014784.,0,0,0
WBGene00014785.,0,0,0
WBGene00014786.,0,0,0
WBGene00014787.,0,0,0
WBGene00014788.,0,0,0
WBGene00014789.,1,1,2
WBGene00014790.,1,11,12
WBGene00014793.,0,478,478
WBGene00014794.,3,5,8
WBGene00014796.,1,3,4
WBGene00014798.,5,23,28
WBGene00014799.,0,31,31
WBGene00014800.,1,11,12
WBGene00014801.,65,982,1047
WBGene00014803.,0,0,0
WBGene00014805.,0,0,0
WBGene00014806.,0,2,2
WBGene00014807.,3,4,7
WBGene00014809.,1,5,6
WBGene00014811.,3,96,99
WBGene00014813.,2,3,5
WBGene00014814.,0,40,40
WBGene00014817.,0,1,1
WBGene00014818.,0,3,3
WBGene00014819.,0,1,1
WBGene00014820.,49,115,164
WBGene00014821.,20,7,27
WBGene00014822.,22,13,35
WBGene00014824.,0,0,0
WBGene00014825.,2,8,10
WBGene00014826.,1304,21742,23046
WBGene00014827.,1,2,3
WBGene00014828.,0,0,0
WBGene00014829.,0,2,2
WBGene00014832.,0,0,0
WBGene00014833.,3,0,3
WBGene00014834.,9,1,10
WBGene00014835.,4,43,47
WBGene00014836.,4,91,95
WBGene00014837.,1,2,3
WBGene00014838.,3,4,7
WBGene00014839.,1,0,1
WBGene00014841.,25,27,52
WBGene00014842.,0,0,0
WBGene00014843.,0,29,29
WBGene00014844.,1,4,5
WBGene00014845.,0,0,0
WBGene00014846.,2,3,5
WBGene00014848.,77,1510,1587
WBGene00014849.,0,0,0
WBGene00014850.,0,0,0
WBGene00014851.,0,5,5
WBGene00014852.,0,132,132
WBGene00014853.,0,0,0
WBGene00014854.,0,0,0
WBGene00014855.,0,0,0
WBGene00014856.,0,0,0
WBGene00014857.,0,2,2
WBGene00014858.,0,3,3
WBGene00014861.,0,8,8
WBGene00014862.,2,2,4
WBGene00014863.,4,4,8
WBGene00014864.,7,7,14
WBGene00014865.,0,0,0
WBGene00014866.,0,0,0
WBGene00014867.,0,0,0
WBGene00014868.,0,0,0
WBGene00014869.,0,0,0
WBGene00014870.,3,21,24
WBGene00014871.,0,33,33
WBGene00014872.,0,0,0
WBGene00014873.,0,0,0
WBGene00014874.,2,0,2
WBGene00014875.,0,1,1
WBGene00014876.,0,0,0
WBGene00014877.,0,0,0
WBGene00014878.,0,0,0
WBGene00014879.,0,0,0
WBGene00014880.,0,0,0
WBGene00014881.,0,2,2
WBGene00014882.,0,2,2
WBGene00014883.,0,3,3
WBGene00014884.,11,83,94
WBGene00014885.,0,2,2
WBGene00014886.,0,63,63
WBGene00014887.,0,1,1
WBGene00014888.,0,27,27
WBGene00014889.,0,0,0
WBGene00014890.,0,0,0
WBGene00014891.,0,0,0
WBGene00014892.,0,0,0
WBGene00014893.,0,0,0
WBGene00014894.,0,0,0
WBGene00014895.,0,1,1
WBGene00014896.,0,4,4
WBGene00014897.,0,0,0
WBGene00014898.,0,6,6
WBGene00014902.,0,0,0
WBGene00014903.,0,0,0
WBGene00014904.,6,24,30
WBGene00014905.,0,1,1
WBGene00014906.,1,3,4
WBGene00014907.,0,18,18
WBGene00014908.,0,0,0
WBGene00014909.,0,1,1
WBGene00014910.,0,0,0
WBGene00014911.,0,0,0
WBGene00014912.,0,0,0
WBGene00014914.,13,18,31
WBGene00014915.,9,234,243
WBGene00014916.,5,209,214
WBGene00014917.,4,48,52
WBGene00014918.,4,102,106
WBGene00014920.,1,24,25
WBGene00014921.,0,2,2
WBGene00014922.,0,3,3
WBGene00014923.,1,1,2
WBGene00014924.,2,2,4
WBGene00014925.,0,10,10
WBGene00014926.,4,1,5
WBGene00014927.,1,1,2
WBGene00014928.,0,0,0
WBGene00014929.,0,0,0
WBGene00014930.,0,0,0
WBGene00014931.,0,0,0
WBGene00014932.,0,0,0
WBGene00014933.,0,0,0
WBGene00014934.,0,3,3
WBGene00014935.,0,1,1
WBGene00014936.,0,2,2
WBGene00014937.,0,0,0
WBGene00014938.,263,5571,5834
WBGene00014939.,0,18,18
WBGene00014941.,16,154,170
WBGene00014943.,0,1,1
WBGene00014944.,0,28,28
WBGene00014945.,0,2,2
WBGene00014946.,0,52,52
WBGene00014947.,11,156,167
WBGene00014948.,2,1,3
WBGene00014949.,0,1,1
WBGene00014950.,0,0,0
WBGene00014951.,0,0,0
WBGene00014952.,0,0,0
WBGene00014953.,0,0,0
WBGene00014954.,0,3,3
WBGene00014955.,0,98,98
WBGene00014956.,0,16,16
WBGene00014957.,0,1,1
WBGene00014958.,0,2,2
WBGene00014961.,0,1,1
WBGene00014962.,0,0,0
WBGene00014963.,0,0,0
WBGene00014964.,0,1,1
WBGene00014965.,49,1415,1464
WBGene00014966.,0,0,0
WBGene00014967.,0,5,5
WBGene00014969.,0,1,1
WBGene00014970.,0,2,2
WBGene00014971.,0,0,0
WBGene00014972.,0,7,7
WBGene00014973.,0,3,3
WBGene00014974.,0,0,0
WBGene00014975.,32,491,523
WBGene00014976.,0,3,3
WBGene00014977.,0,13,13
WBGene00014978.,8,23,31
WBGene00014979.,0,5,5
WBGene00014980.,0,0,0
WBGene00014981.,0,17,17
WBGene00014983.,0,1,1
WBGene00014984.,0,4,4
WBGene00014987.,0,158,158
WBGene00014989.,565,3162,3727
WBGene00014990.,0,0,0
WBGene00014991.,0,66,66
WBGene00014992.,0,25,25
WBGene00014993.,0,4,4
WBGene00014994.,14,26,40
WBGene00014996.,1,3,4
WBGene00014997.,4,6,10
WBGene00014998.,30,98,128
WBGene00014999.,70,703,773
WBGene00015000.,11,58,69
WBGene00015001.,136,1138,1274
WBGene00015002.,13,138,151
WBGene00015003.,4,10,14
WBGene00015004.,2,7,9
WBGene00015005.,24,280,304
WBGene00015006.,13,33,46
WBGene00015007.,836,7357,8193
WBGene00015008.,42,797,839
WBGene00015009.,83,1211,1294
WBGene00015010.,107,1115,1222
WBGene00015011.,28,2549,2577
WBGene00015012.,9,37,46
WBGene00015013.,1,60,61
WBGene00015014.,18,149,167
WBGene00015015.,3,44,47
WBGene00015016.,11,72,83
WBGene00015017.,106,935,1041
WBGene00015018.,3,10,13
WBGene00015019.,33,146,179
WBGene00015020.,0,24,24
WBGene00015021.,420,4244,4664
WBGene00015022.,968,5824,6792
WBGene00015023.,55,562,617
WBGene00015024.,3,3,6
WBGene00015025.,504,6710,7214
WBGene00015026.,6,5,11
WBGene00015027.,92,203,295
WBGene00015028.,9,40,49
WBGene00015029.,32,958,990
WBGene00015030.,2,4,6
WBGene00015032.,2,19,21
WBGene00015033.,134,216,350
WBGene00015034.,4,6,10
WBGene00015035.,40,74,114
WBGene00015036.,1,23,24
WBGene00015037.,44,157,201
WBGene00015038.,24,249,273
WBGene00015040.,0,26,26
WBGene00015041.,15,42,57
WBGene00015042.,1,7,8
WBGene00015043.,20,272,292
WBGene00015044.,11,85,96
WBGene00015045.,9,15,24
WBGene00015046.,42,283,325
WBGene00015047.,65,1120,1185
WBGene00015048.,15,395,410
WBGene00015049.,1,43,44
WBGene00015050.,7,49,56
WBGene00015051.,1,18,19
WBGene00015052.,0,10,10
WBGene00015053.,6,228,234
WBGene00015054.,5,8,13
WBGene00015055.,65,193,258
WBGene00015056.,22,235,257
WBGene00015057.,11,400,411
WBGene00015058.,0,10,10
WBGene00015059.,31,3032,3063
WBGene00015061.,4696,40334,45030
WBGene00015062.,11,174,185
WBGene00015063.,9,529,538
WBGene00015064.,230,2523,2753
WBGene00015065.,3,21,24
WBGene00015066.,2,23,25
WBGene00015067.,27,597,624
WBGene00015068.,1,2,3
WBGene00015069.,1,1,2
WBGene00015070.,3,9,12
WBGene00015071.,3,0,3
WBGene00015072.,17,19,36
WBGene00015073.,8,157,165
WBGene00015074.,70,4734,4804
WBGene00015075.,247,6790,7037
WBGene00015076.,15,1120,1135
WBGene00015077.,1,7,8
WBGene00015078.,0,0,0
WBGene00015079.,190,58,248
WBGene00015080.,0,3,3
WBGene00015081.,9,6,15
WBGene00015082.,5,10,15
WBGene00015083.,5,107,112
WBGene00015084.,0,1,1
WBGene00015085.,8,19,27
WBGene00015087.,6,15,21
WBGene00015088.,121,1000,1121
WBGene00015089.,5,5,10
WBGene00015091.,144,1880,2024
WBGene00015092.,330,8682,9012
WBGene00015093.,1,6,7
WBGene00015094.,2,24,26
WBGene00015095.,54,650,704
WBGene00015096.,580,3695,4275
WBGene00015097.,13,97,110
WBGene00015098.,10,89,99
WBGene00015099.,334,2945,3279
WBGene00015100.,1,3,4
WBGene00015101.,19,1367,1386
WBGene00015102.,1,68,69
WBGene00015103.,10,328,338
WBGene00015104.,30,3024,3054
WBGene00015105.,376,691,1067
WBGene00015106.,10,11,21
WBGene00015107.,3,33,36
WBGene00015108.,0,2,2
WBGene00015110.,6,17,23
WBGene00015111.,0,3,3
WBGene00015112.,1,17,18
WBGene00015113.,0,15,15
WBGene00015114.,0,0,0
WBGene00015115.,502,3390,3892
WBGene00015116.,54,446,500
WBGene00015117.,16,1084,1100
WBGene00015118.,2,4,6
WBGene00015119.,0,12,12
WBGene00015121.,2,0,2
WBGene00015122.,5,360,365
WBGene00015124.,446,4008,4454
WBGene00015125.,205,7258,7463
WBGene00015126.,331,2512,2843
WBGene00015128.,111,1693,1804
WBGene00015129.,0,14,14
WBGene00015130.,63,966,1029
WBGene00015131.,35,199,234
WBGene00015132.,32,406,438
WBGene00015133.,277,12110,12387
WBGene00015134.,15,302,317
WBGene00015135.,123,642,765
WBGene00015136.,8,135,143
WBGene00015137.,220,9493,9713
WBGene00015138.,42,458,500
WBGene00015139.,125,267,392
WBGene00015141.,40,546,586
WBGene00015142.,5,84,89
WBGene00015143.,36,2655,2691
WBGene00015145.,145,1762,1907
WBGene00015146.,81,1570,1651
WBGene00015147.,34,638,672
WBGene00015148.,186,13893,14079
WBGene00015149.,0,33,33
WBGene00015150.,12,418,430
WBGene00015151.,4,31,35
WBGene00015152.,163,250,413
WBGene00015153.,5,104,109
WBGene00015155.,434,1640,2074
WBGene00015156.,1054,3259,4313
WBGene00015157.,74,2248,2322
WBGene00015158.,54,597,651
WBGene00015159.,407,1903,2310
WBGene00015160.,55,2515,2570
WBGene00015161.,30,551,581
WBGene00015162.,275,2311,2586
WBGene00015163.,21,4046,4067
WBGene00015164.,112,2137,2249
WBGene00015165.,3,55,58
WBGene00015167.,1,130,131
WBGene00015168.,323,33740,34063
WBGene00015169.,12,177,189
WBGene00015170.,0,0,0
WBGene00015171.,47,619,666
WBGene00015172.,7,981,988
WBGene00015173.,879,1520,2399
WBGene00015175.,1,11,12
WBGene00015176.,160,2363,2523
WBGene00015177.,403,4262,4665
WBGene00015178.,0,0,0
WBGene00015179.,8,145,153
WBGene00015180.,2,20,22
WBGene00015181.,43,4508,4551
WBGene00015182.,16,60,76
WBGene00015183.,7,22,29
WBGene00015184.,112,1884,1996
WBGene00015185.,559,4516,5075
WBGene00015186.,222,4443,4665
WBGene00015188.,46,300,346
WBGene00015189.,36,177,213
WBGene00015190.,0,248,248
WBGene00015191.,86,437,523
WBGene00015192.,4,11,15
WBGene00015193.,0,1,1
WBGene00015194.,75,442,517
WBGene00015196.,23,109,132
WBGene00015197.,17,232,249
WBGene00015198.,0,6,6
WBGene00015199.,2,6,8
WBGene00015200.,40,560,600
WBGene00015202.,141,2363,2504
WBGene00015203.,240,3863,4103
WBGene00015204.,31,1087,1118
WBGene00015205.,460,5464,5924
WBGene00015206.,116,3144,3260
WBGene00015207.,514,2199,2713
WBGene00015208.,405,6218,6623
WBGene00015210.,52,275,327
WBGene00015211.,20,86,106
WBGene00015214.,9,12,21
WBGene00015215.,4,35,39
WBGene00015216.,87,556,643
WBGene00015217.,29,1134,1163
WBGene00015218.,35,310,345
WBGene00015219.,199,2215,2414
WBGene00015220.,2,92,94
WBGene00015221.,0,3,3
WBGene00015222.,1,0,1
WBGene00015223.,3,6,9
WBGene00015224.,0,4,4
WBGene00015225.,10,10,20
WBGene00015226.,1,3,4
WBGene00015227.,1,32,33
WBGene00015228.,5,5,10
WBGene00015229.,2,7,9
WBGene00015230.,0,1,1
WBGene00015231.,10,229,239
WBGene00015232.,768,10934,11702
WBGene00015233.,16,1599,1615
WBGene00015235.,0,759,759
WBGene00015236.,87,102,189
WBGene00015237.,323,2062,2385
WBGene00015238.,43,528,571
WBGene00015241.,7,0,7
WBGene00015242.,0,5,5
WBGene00015243.,33,22,55
WBGene00015244.,6,7,13
WBGene00015245.,121,1991,2112
WBGene00015246.,23,11,34
WBGene00015247.,0,18,18
WBGene00015248.,5644,68045,73689
WBGene00015249.,456,1102,1558
WBGene00015250.,286,756,1042
WBGene00015251.,259,2334,2593
WBGene00015252.,3,83,86
WBGene00015253.,0,0,0
WBGene00015254.,0,0,0
WBGene00015255.,0,1,1
WBGene00015257.,6,1,7
WBGene00015258.,2,25,27
WBGene00015259.,0,3,3
WBGene00015260.,5,8,13
WBGene00015261.,0,32,32
WBGene00015262.,44,67,111
WBGene00015263.,173,534,707
WBGene00015264.,81,259,340
WBGene00015265.,1,31,32
WBGene00015266.,117,1249,1366
WBGene00015267.,80,1226,1306
WBGene00015268.,311,853,1164
WBGene00015269.,0,0,0
WBGene00015270.,0,0,0
WBGene00015271.,0,0,0
WBGene00015272.,0,0,0
WBGene00015273.,202,1,203
WBGene00015277.,0,0,0
WBGene00015278.,50,397,447
WBGene00015279.,0,7,7
WBGene00015280.,15,101,116
WBGene00015281.,79,1173,1252
WBGene00015282.,298,3100,3398
WBGene00015283.,91,1502,1593
WBGene00015284.,2,19,21
WBGene00015285.,306,2726,3032
WBGene00015286.,15,83,98
WBGene00015287.,12,51,63
WBGene00015288.,14,22,36
WBGene00015291.,79,860,939
WBGene00015292.,10,26,36
WBGene00015293.,357,3697,4054
WBGene00015294.,27,438,465
WBGene00015295.,116,1099,1215
WBGene00015296.,272,3899,4171
WBGene00015297.,212,4350,4562
WBGene00015298.,71,4385,4456
WBGene00015299.,18,149,167
WBGene00015300.,6,111,117
WBGene00015301.,1360,1192,2552
WBGene00015303.,297,595,892
WBGene00015305.,1,3,4
WBGene00015306.,3,4,7
WBGene00015307.,33,238,271
WBGene00015308.,81,1936,2017
WBGene00015309.,36,96,132
WBGene00015310.,37,632,669
WBGene00015311.,4,41,45
WBGene00015312.,5,83,88
WBGene00015313.,13,698,711
WBGene00015315.,0,0,0
WBGene00015316.,6,0,6
WBGene00015317.,0,0,0
WBGene00015318.,3,5,8
WBGene00015320.,3,63,66
WBGene00015321.,0,3,3
WBGene00015322.,9,722,731
WBGene00015323.,10,78,88
WBGene00015324.,18,566,584
WBGene00015325.,0,0,0
WBGene00015326.,75,8033,8108
WBGene00015327.,41,984,1025
WBGene00015328.,532,2520,3052
WBGene00015329.,155,6298,6453
WBGene00015330.,170,2400,2570
WBGene00015331.,0,0,0
WBGene00015332.,31,594,625
WBGene00015333.,9,26,35
WBGene00015334.,137,612,749
WBGene00015335.,34,206,240
WBGene00015336.,42,2448,2490
WBGene00015337.,1,22,23
WBGene00015338.,2,1,3
WBGene00015339.,149,2304,2453
WBGene00015340.,76,680,756
WBGene00015341.,0,0,0
WBGene00015342.,0,1,1
WBGene00015344.,144,5047,5191
WBGene00015345.,4,10,14
WBGene00015346.,104,5093,5197
WBGene00015347.,102,1076,1178
WBGene00015348.,0,6,6
WBGene00015349.,211,734,945
WBGene00015350.,58,2348,2406
WBGene00015351.,6,75,81
WBGene00015352.,223,2664,2887
WBGene00015353.,19,372,391
WBGene00015354.,215,13080,13295
WBGene00015355.,26,167,193
WBGene00015356.,956,14222,15178
WBGene00015357.,11,221,232
WBGene00015359.,8,201,209
WBGene00015360.,2,5,7
WBGene00015361.,12,6,18
WBGene00015362.,22,89,111
WBGene00015364.,27,94,121
WBGene00015366.,2,0,2
WBGene00015367.,1,3,4
WBGene00015368.,16,13,29
WBGene00015369.,0,7,7
WBGene00015371.,5,3,8
WBGene00015372.,0,1,1
WBGene00015373.,6,60,66
WBGene00015374.,0,14,14
WBGene00015375.,2,31,33
WBGene00015376.,3,29,32
WBGene00015377.,2,74,76
WBGene00015378.,20,218,238
WBGene00015379.,0,7,7
WBGene00015380.,0,3,3
WBGene00015381.,3,12,15
WBGene00015382.,2,39,41
WBGene00015385.,0,39,39
WBGene00015386.,189,73,262
WBGene00015387.,33,73,106
WBGene00015388.,1,2,3
WBGene00015389.,11,62,73
WBGene00015390.,31,396,427
WBGene00015391.,345,12031,12376
WBGene00015392.,0,393,393
WBGene00015393.,664,12180,12844
WBGene00015394.,0,2,2
WBGene00015395.,7,53,60
WBGene00015396.,25,243,268
WBGene00015397.,2,36,38
WBGene00015398.,3,3049,3052
WBGene00015399.,1,0,1
WBGene00015400.,19,102,121
WBGene00015401.,10,24,34
WBGene00015402.,193,1503,1696
WBGene00015403.,1,59,60
WBGene00015404.,132,3010,3142
WBGene00015405.,232,3482,3714
WBGene00015406.,1,5,6
WBGene00015407.,55,2272,2327
WBGene00015408.,14,350,364
WBGene00015409.,5,27,32
WBGene00015410.,169,966,1135
WBGene00015411.,4,7,11
WBGene00015412.,3,39,42
WBGene00015413.,366,12770,13136
WBGene00015414.,0,13,13
WBGene00015416.,6,42,48
WBGene00015417.,1,5,6
WBGene00015418.,1381,6564,7945
WBGene00015419.,3,18,21
WBGene00015421.,0,7,7
WBGene00015422.,3,12,15
WBGene00015423.,18,909,927
WBGene00015424.,17,366,383
WBGene00015425.,241,2538,2779
WBGene00015426.,0,16,16
WBGene00015427.,45,639,684
WBGene00015428.,7,7,14
WBGene00015429.,122,1147,1269
WBGene00015430.,236,1225,1461
WBGene00015432.,0,1,1
WBGene00015433.,9,184,193
WBGene00015434.,88,657,745
WBGene00015435.,3,3,6
WBGene00015436.,0,15,15
WBGene00015437.,1,30,31
WBGene00015438.,8,1,9
WBGene00015439.,2,2,4
WBGene00015440.,18,158,176
WBGene00015441.,0,94,94
WBGene00015442.,24,116,140
WBGene00015444.,27,27,54
WBGene00015446.,0,5,5
WBGene00015447.,1,7,8
WBGene00015448.,2,12,14
WBGene00015449.,11,145,156
WBGene00015450.,22,1464,1486
WBGene00015451.,90,607,697
WBGene00015453.,6,13,19
WBGene00015454.,27,1040,1067
WBGene00015455.,523,546,1069
WBGene00015456.,0,56,56
WBGene00015457.,1,41,42
WBGene00015458.,0,28,28
WBGene00015459.,0,1,1
WBGene00015460.,15,916,931
WBGene00015461.,233,5847,6080
WBGene00015462.,12,460,472
WBGene00015463.,7,720,727
WBGene00015464.,150,5730,5880
WBGene00015465.,11,47,58
WBGene00015466.,12,1169,1181
WBGene00015467.,6,17,23
WBGene00015468.,127,809,936
WBGene00015469.,21,101,122
WBGene00015470.,24,1558,1582
WBGene00015471.,39,114,153
WBGene00015472.,159,3115,3274
WBGene00015473.,250,241,491
WBGene00015474.,80,2842,2922
WBGene00015476.,74,475,549
WBGene00015477.,329,7103,7432
WBGene00015478.,108,585,693
WBGene00015479.,16,188,204
WBGene00015480.,126,533,659
WBGene00015481.,122,5944,6066
WBGene00015483.,118,1662,1780
WBGene00015484.,66,3149,3215
WBGene00015485.,60,1113,1173
WBGene00015486.,130,1089,1219
WBGene00015487.,51,9005,9056
WBGene00015488.,497,1507,2004
WBGene00015489.,11,62,73
WBGene00015491.,1,1,2
WBGene00015492.,13,1301,1314
WBGene00015493.,3,10,13
WBGene00015494.,90,607,697
WBGene00015495.,0,151,151
WBGene00015496.,12,86,98
WBGene00015497.,19,47,66
WBGene00015499.,180,1610,1790
WBGene00015500.,20,149,169
WBGene00015501.,292,3581,3873
WBGene00015504.,143,764,907
WBGene00015505.,15,121,136
WBGene00015507.,310,2096,2406
WBGene00015508.,117,1785,1902
WBGene00015509.,204,1033,1237
WBGene00015510.,95,4074,4169
WBGene00015511.,8,80,88
WBGene00015512.,523,4690,5213
WBGene00015513.,78,1355,1433
WBGene00015514.,1775,45798,47573
WBGene00015515.,74,1508,1582
WBGene00015516.,7,36,43
WBGene00015517.,249,2139,2388
WBGene00015518.,0,134,134
WBGene00015519.,6,431,437
WBGene00015520.,0,7,7
WBGene00015521.,0,0,0
WBGene00015522.,5,40,45
WBGene00015523.,38,880,918
WBGene00015524.,57,836,893
WBGene00015525.,224,2905,3129
WBGene00015526.,4,104,108
WBGene00015527.,13,507,520
WBGene00015528.,3,7,10
WBGene00015529.,18,315,333
WBGene00015530.,0,2,2
WBGene00015531.,64,743,807
WBGene00015532.,3,41,44
WBGene00015533.,0,6,6
WBGene00015534.,2,5,7
WBGene00015535.,3,27,30
WBGene00015536.,15,263,278
WBGene00015537.,14,50,64
WBGene00015538.,4,6128,6132
WBGene00015539.,34,607,641
WBGene00015540.,12,3502,3514
WBGene00015541.,96,930,1026
WBGene00015544.,46,59,105
WBGene00015545.,21,470,491
WBGene00015546.,1,146,147
WBGene00015547.,123,5539,5662
WBGene00015549.,17,135,152
WBGene00015550.,8,79,87
WBGene00015551.,907,7158,8065
WBGene00015552.,35,2676,2711
WBGene00015553.,506,5587,6093
WBGene00015554.,35,890,925
WBGene00015555.,574,3107,3681
WBGene00015557.,51,461,512
WBGene00015558.,11,25,36
WBGene00015559.,122,443,565
WBGene00015560.,6,523,529
WBGene00015561.,249,2185,2434
WBGene00015562.,3,17,20
WBGene00015564.,0,11,11
WBGene00015565.,367,6165,6532
WBGene00015566.,56,698,754
WBGene00015567.,103,1345,1448
WBGene00015568.,15,102,117
WBGene00015569.,13,602,615
WBGene00015570.,9,83,92
WBGene00015572.,1,0,1
WBGene00015573.,3,2,5
WBGene00015574.,1,13,14
WBGene00015575.,1,7,8
WBGene00015576.,23,592,615
WBGene00015577.,69,485,554
WBGene00015578.,2,2141,2143
WBGene00015579.,0,4284,4284
WBGene00015580.,568,2226,2794
WBGene00015581.,583,5263,5846
WBGene00015582.,6,145,151
WBGene00015583.,4,6,10
WBGene00015586.,5,229,234
WBGene00015587.,0,7,7
WBGene00015588.,1,8,9
WBGene00015589.,0,17,17
WBGene00015590.,18,294,312
WBGene00015591.,27,647,674
WBGene00015592.,61,182,243
WBGene00015593.,3,68,71
WBGene00015594.,0,1,1
WBGene00015595.,0,0,0
WBGene00015596.,0,1,1
WBGene00015597.,1,0,1
WBGene00015598.,2,0,2
WBGene00015599.,0,0,0
WBGene00015600.,1,2,3
WBGene00015601.,4,0,4
WBGene00015602.,0,1,1
WBGene00015603.,0,0,0
WBGene00015604.,0,0,0
WBGene00015605.,21,373,394
WBGene00015606.,1,0,1
WBGene00015607.,0,3,3
WBGene00015608.,3,23,26
WBGene00015609.,1,56,57
WBGene00015610.,0,3,3
WBGene00015611.,0,206,206
WBGene00015613.,0,17,17
WBGene00015614.,1,23,24
WBGene00015615.,1,117,118
WBGene00015616.,2,13,15
WBGene00015618.,52,82,134
WBGene00015619.,701,6515,7216
WBGene00015620.,15,188,203
WBGene00015621.,77,1109,1186
WBGene00015622.,10,46,56
WBGene00015623.,562,15464,16026
WBGene00015624.,14,229,243
WBGene00015625.,12,100,112
WBGene00015626.,9,65,74
WBGene00015627.,0,0,0
WBGene00015628.,0,0,0
WBGene00015629.,1,10,11
WBGene00015630.,6,19,25
WBGene00015631.,8,59,67
WBGene00015632.,256,3036,3292
WBGene00015633.,342,3180,3522
WBGene00015634.,3,34,37
WBGene00015635.,70,1094,1164
WBGene00015636.,0,8,8
WBGene00015637.,0,3,3
WBGene00015638.,33,541,574
WBGene00015639.,12,37,49
WBGene00015640.,76,344,420
WBGene00015641.,108,1045,1153
WBGene00015642.,63,411,474
WBGene00015644.,90,874,964
WBGene00015645.,9,277,286
WBGene00015646.,29,231,260
WBGene00015647.,98,1343,1441
WBGene00015648.,502,1388,1890
WBGene00015649.,10,76,86
WBGene00015650.,571,2278,2849
WBGene00015651.,436,316,752
WBGene00015652.,0,0,0
WBGene00015653.,0,1,1
WBGene00015654.,0,0,0
WBGene00015655.,0,0,0
WBGene00015656.,3,0,3
WBGene00015658.,621,1398,2019
WBGene00015660.,5,98,103
WBGene00015661.,0,1,1
WBGene00015662.,0,15,15
WBGene00015663.,7,3,10
WBGene00015664.,6,246,252
WBGene00015665.,3,16,19
WBGene00015666.,26,109,135
WBGene00015667.,0,10,10
WBGene00015668.,2,8,10
WBGene00015670.,15,153,168
WBGene00015671.,20,298,318
WBGene00015672.,6,26,32
WBGene00015673.,131,893,1024
WBGene00015675.,74,203,277
WBGene00015676.,23,2061,2084
WBGene00015677.,40,189,229
WBGene00015678.,628,1947,2575
WBGene00015679.,30,178,208
WBGene00015680.,213,4497,4710
WBGene00015681.,6,5,11
WBGene00015682.,19,10,29
WBGene00015683.,2,17,19
WBGene00015684.,333,5992,6325
WBGene00015685.,1,0,1
WBGene00015686.,178,284,462
WBGene00015687.,187,19916,20103
WBGene00015688.,0,5,5
WBGene00015689.,0,9,9
WBGene00015690.,1,3,4
WBGene00015691.,133,1021,1154
WBGene00015692.,72,374,446
WBGene00015693.,38,323,361
WBGene00015694.,10,22,32
WBGene00015695.,71,939,1010
WBGene00015696.,1,20,21
WBGene00015697.,35,353,388
WBGene00015698.,0,79,79
WBGene00015700.,6,33,39
WBGene00015701.,19,83,102
WBGene00015702.,10,725,735
WBGene00015703.,10,3524,3534
WBGene00015704.,145,255,400
WBGene00015705.,3,81,84
WBGene00015706.,6,242,248
WBGene00015707.,0,40,40
WBGene00015708.,36,322,358
WBGene00015709.,39,466,505
WBGene00015710.,67,3432,3499
WBGene00015711.,10,505,515
WBGene00015712.,2,15,17
WBGene00015713.,14,126,140
WBGene00015714.,6,224,230
WBGene00015716.,10,149,159
WBGene00015718.,0,2,2
WBGene00015719.,1,0,1
WBGene00015720.,6,26,32
WBGene00015721.,0,0,0
WBGene00015722.,1,0,1
WBGene00015723.,0,1,1
WBGene00015724.,2,2,4
WBGene00015725.,1,0,1
WBGene00015726.,1,0,1
WBGene00015727.,0,0,0
WBGene00015728.,11,28,39
WBGene00015729.,11,932,943
WBGene00015730.,0,0,0
WBGene00015731.,0,0,0
WBGene00015733.,70,94,164
WBGene00015734.,103,6275,6378
WBGene00015735.,1071,3633,4704
WBGene00015736.,0,16,16
WBGene00015737.,0,1,1
WBGene00015738.,3,1,4
WBGene00015739.,16,40,56
WBGene00015740.,171,2239,2410
WBGene00015741.,700,6880,7580
WBGene00015742.,91,680,771
WBGene00015743.,120,1729,1849
WBGene00015744.,138,506,644
WBGene00015745.,15,307,322
WBGene00015746.,47,2181,2228
WBGene00015747.,66,354,420
WBGene00015748.,22,194,216
WBGene00015750.,12,132,144
WBGene00015751.,38,137,175
WBGene00015752.,71,3771,3842
WBGene00015753.,38,250,288
WBGene00015754.,195,2955,3150
WBGene00015755.,2918,56341,59259
WBGene00015756.,7,63,70
WBGene00015757.,1,8,9
WBGene00015758.,5,48,53
WBGene00015759.,36,602,638
WBGene00015760.,0,1,1
WBGene00015761.,1,1,2
WBGene00015762.,0,0,0
WBGene00015763.,12,126,138
WBGene00015764.,6,2,8
WBGene00015765.,0,3,3
WBGene00015766.,1,78,79
WBGene00015767.,134,1059,1193
WBGene00015768.,6,58,64
WBGene00015769.,13,1465,1478
WBGene00015770.,1,1,2
WBGene00015771.,0,2,2
WBGene00015772.,0,2,2
WBGene00015773.,0,0,0
WBGene00015774.,3,4,7
WBGene00015775.,3,5,8
WBGene00015776.,90,2474,2564
WBGene00015777.,108,2839,2947
WBGene00015778.,32,32005,32037
WBGene00015779.,342,1935,2277
WBGene00015780.,3,23,26
WBGene00015781.,391,5066,5457
WBGene00015782.,9,231,240
WBGene00015783.,9,64,73
WBGene00015784.,5,13,18
WBGene00015785.,0,0,0
WBGene00015786.,444,3709,4153
WBGene00015787.,47,429,476
WBGene00015788.,17,304,321
WBGene00015789.,15,479,494
WBGene00015790.,285,2543,2828
WBGene00015791.,42,4127,4169
WBGene00015792.,8,47,55
WBGene00015793.,17,246,263
WBGene00015794.,16,100,116
WBGene00015795.,141,1799,1940
WBGene00015796.,658,2715,3373
WBGene00015797.,55,149,204
WBGene00015798.,11,121,132
WBGene00015799.,19,55,74
WBGene00015800.,847,2088,2935
WBGene00015801.,255,2063,2318
WBGene00015802.,200,1252,1452
WBGene00015803.,2714,25674,28388
WBGene00015805.,32,908,940
WBGene00015806.,39,1242,1281
WBGene00015807.,19,411,430
WBGene00015809.,420,6940,7360
WBGene00015810.,17,13245,13262
WBGene00015811.,161,10209,10370
WBGene00015813.,477,6316,6793
WBGene00015814.,228,5725,5953
WBGene00015815.,147,836,983
WBGene00015816.,18,149,167
WBGene00015817.,217,2068,2285
WBGene00015818.,1,124,125
WBGene00015819.,0,194,194
WBGene00015820.,1,11,12
WBGene00015821.,1,1,2
WBGene00015822.,52,72,124
WBGene00015823.,0,2439,2439
WBGene00015824.,11,275,286
WBGene00015825.,0,0,0
WBGene00015826.,0,1,1
WBGene00015827.,0,0,0
WBGene00015828.,0,1,1
WBGene00015829.,0,4,4
WBGene00015830.,0,4,4
WBGene00015832.,0,1,1
WBGene00015833.,0,0,0
WBGene00015834.,0,3,3
WBGene00015835.,0,1,1
WBGene00015836.,0,0,0
WBGene00015837.,0,0,0
WBGene00015838.,0,2,2
WBGene00015839.,1,4,5
WBGene00015840.,1,0,1
WBGene00015841.,34,75,109
WBGene00015842.,3,65,68
WBGene00015843.,60,210,270
WBGene00015845.,0,3,3
WBGene00015846.,1,1,2
WBGene00015847.,0,0,0
WBGene00015848.,0,0,0
WBGene00015849.,12,204,216
WBGene00015850.,3,50,53
WBGene00015851.,29,19,48
WBGene00015852.,0,61,61
WBGene00015853.,38,469,507
WBGene00015854.,0,1,1
WBGene00015855.,1,12,13
WBGene00015856.,0,3,3
WBGene00015857.,105,985,1090
WBGene00015858.,6,17,23
WBGene00015859.,7,19,26
WBGene00015860.,19,83,102
WBGene00015861.,57,325,382
WBGene00015862.,9,46,55
WBGene00015863.,6,5,11
WBGene00015864.,27,243,270
WBGene00015865.,126,2411,2537
WBGene00015866.,28,556,584
WBGene00015867.,47,141,188
WBGene00015868.,1232,3438,4670
WBGene00015869.,0,4,4
WBGene00015870.,0,1,1
WBGene00015871.,0,0,0
WBGene00015872.,0,0,0
WBGene00015873.,0,1,1
WBGene00015874.,0,0,0
WBGene00015875.,0,1,1
WBGene00015876.,7,46,53
WBGene00015877.,1,3,4
WBGene00015878.,1,5,6
WBGene00015879.,2,4,6
WBGene00015882.,1,5,6
WBGene00015883.,1,1,2
WBGene00015884.,1,12,13
WBGene00015885.,17,933,950
WBGene00015886.,0,49,49
WBGene00015887.,60,3579,3639
WBGene00015888.,0,14,14
WBGene00015889.,5,9,14
WBGene00015890.,5,185,190
WBGene00015891.,5,52,57
WBGene00015892.,1,1,2
WBGene00015893.,0,9,9
WBGene00015894.,688,20111,20799
WBGene00015895.,0,1,1
WBGene00015896.,0,93,93
WBGene00015897.,97,519,616
WBGene00015898.,2,0,2
WBGene00015899.,1,1,2
WBGene00015900.,14,113,127
WBGene00015901.,66,247,313
WBGene00015902.,4,17,21
WBGene00015903.,0,0,0
WBGene00015904.,0,2,2
WBGene00015905.,0,5,5
WBGene00015906.,3,9,12
WBGene00015907.,0,1,1
WBGene00015908.,3,17,20
WBGene00015909.,0,0,0
WBGene00015910.,2,16,18
WBGene00015911.,1,2,3
WBGene00015912.,1,50,51
WBGene00015913.,216,1470,1686
WBGene00015914.,39,79,118
WBGene00015915.,84,1274,1358
WBGene00015916.,255,3350,3605
WBGene00015917.,3,15,18
WBGene00015918.,67,189,256
WBGene00015919.,19,354,373
WBGene00015920.,143,10792,10935
WBGene00015921.,85,203,288
WBGene00015922.,62,678,740
WBGene00015924.,1,1,2
WBGene00015925.,106,159,265
WBGene00015926.,450,2013,2463
WBGene00015927.,520,4532,5052
WBGene00015928.,382,1091,1473
WBGene00015929.,11,17,28
WBGene00015930.,7,81,88
WBGene00015931.,1,10,11
WBGene00015932.,0,5,5
WBGene00015933.,17,112,129
WBGene00015934.,70,1012,1082
WBGene00015935.,258,1008,1266
WBGene00015936.,120,221,341
WBGene00015937.,11,22,33
WBGene00015938.,343,2128,2471
WBGene00015939.,10,157,167
WBGene00015940.,42,826,868
WBGene00015941.,543,5421,5964
WBGene00015942.,159,1645,1804
WBGene00015943.,139,8810,8949
WBGene00015944.,28,63,91
WBGene00015945.,750,1243,1993
WBGene00015946.,14,135,149
WBGene00015947.,161,1934,2095
WBGene00015948.,109,1116,1225
WBGene00015949.,5,52,57
WBGene00015950.,13,90,103
WBGene00015952.,44,1074,1118
WBGene00015953.,54,376,430
WBGene00015954.,3248,35028,38276
WBGene00015955.,58,2992,3050
WBGene00015956.,26,248,274
WBGene00015957.,29,173,202
WBGene00015958.,1,1,2
WBGene00015959.,0,1,1
WBGene00015960.,1,1,2
WBGene00015961.,2,0,2
WBGene00015962.,1,2,3
WBGene00015963.,37,278,315
WBGene00015964.,95,58,153
WBGene00015965.,19,118,137
WBGene00015968.,349,1482,1831
WBGene00015969.,59,342,401
WBGene00015970.,4,43,47
WBGene00015971.,324,2213,2537
WBGene00015972.,219,1232,1451
WBGene00015974.,454,261,715
WBGene00015975.,16,1165,1181
WBGene00015976.,91,972,1063
WBGene00015977.,11,48,59
WBGene00015978.,33,1894,1927
WBGene00015979.,0,0,0
WBGene00015980.,388,3036,3424
WBGene00015981.,65,20,85
WBGene00015982.,1,0,1
WBGene00015984.,13,32,45
WBGene00015985.,6,13,19
WBGene00015986.,10,15,25
WBGene00015987.,2,4,6
WBGene00015988.,8,37,45
WBGene00015989.,13,527,540
WBGene00015990.,3,1,4
WBGene00015991.,1,12,13
WBGene00015992.,10,19,29
WBGene00015993.,73,103,176
WBGene00015994.,4,2,6
WBGene00015996.,5,57,62
WBGene00015997.,0,0,0
WBGene00015998.,10,51,61
WBGene00015999.,24,354,378
WBGene00016000.,14,22,36
WBGene00016002.,403,3921,4324
WBGene00016003.,29,17,46
WBGene00016004.,3,103,106
WBGene00016005.,37,664,701
WBGene00016006.,913,8877,9790
WBGene00016008.,8,36,44
WBGene00016009.,78,2913,2991
WBGene00016010.,98,37,135
WBGene00016011.,1154,8796,9950
WBGene00016012.,38,640,678
WBGene00016013.,9,125,134
WBGene00016014.,84,2096,2180
WBGene00016015.,143,3663,3806
WBGene00016016.,0,17,17
WBGene00016017.,0,10,10
WBGene00016018.,217,1631,1848
WBGene00016019.,26,1156,1182
WBGene00016020.,197,1810,2007
WBGene00016021.,93,1359,1452
WBGene00016022.,22,670,692
WBGene00016023.,3,54,57
WBGene00016024.,45,410,455
WBGene00016025.,30,288,318
WBGene00016027.,20,197,217
WBGene00016028.,56,2555,2611
WBGene00016029.,203,162,365
WBGene00016030.,30,755,785
WBGene00016032.,261,79,340
WBGene00016033.,56,26027,26083
WBGene00016034.,14,133,147
WBGene00016037.,76,41,117
WBGene00016038.,6,401,407
WBGene00016039.,2,156,158
WBGene00016040.,5,36,41
WBGene00016044.,286,617,903
WBGene00016045.,131,1615,1746
WBGene00016046.,0,78,78
WBGene00016047.,3,4,7
WBGene00016048.,17,148,165
WBGene00016049.,12,15,27
WBGene00016050.,2,2,4
WBGene00016051.,0,1,1
WBGene00016052.,6,94,100
WBGene00016053.,19,90,109
WBGene00016054.,1,3,4
WBGene00016055.,144,2077,2221
WBGene00016056.,1,39,40
WBGene00016057.,217,7909,8126
WBGene00016058.,0,3,3
WBGene00016059.,285,1675,1960
WBGene00016060.,253,1520,1773
WBGene00016061.,20,117,137
WBGene00016062.,18,7438,7456
WBGene00016063.,4,10,14
WBGene00016064.,22,74,96
WBGene00016066.,50,110,160
WBGene00016067.,98,1188,1286
WBGene00016068.,114,859,973
WBGene00016069.,17,673,690
WBGene00016070.,7,43,50
WBGene00016071.,8,72,80
WBGene00016072.,13,109,122
WBGene00016073.,270,7594,7864
WBGene00016074.,38,649,687
WBGene00016075.,3,3,6
WBGene00016076.,0,0,0
WBGene00016077.,1,6,7
WBGene00016078.,2,0,2
WBGene00016080.,1,4,5
WBGene00016081.,163,1215,1378
WBGene00016082.,0,4,4
WBGene00016083.,0,0,0
WBGene00016084.,6,7,13
WBGene00016085.,3,13,16
WBGene00016087.,12,330,342
WBGene00016088.,6,39,45
WBGene00016089.,13,63,76
WBGene00016090.,104,144,248
WBGene00016091.,1,26,27
WBGene00016092.,6,15,21
WBGene00016093.,95,685,780
WBGene00016094.,56,393,449
WBGene00016095.,101,966,1067
WBGene00016096.,3,220,223
WBGene00016097.,27,1634,1661
WBGene00016099.,63,625,688
WBGene00016100.,17,494,511
WBGene00016101.,20,813,833
WBGene00016102.,14,786,800
WBGene00016103.,276,5735,6011
WBGene00016104.,139,788,927
WBGene00016105.,1,11,12
WBGene00016106.,25,610,635
WBGene00016107.,16,73,89
WBGene00016108.,26,59,85
WBGene00016109.,29,271,300
WBGene00016110.,14,105,119
WBGene00016111.,18,1307,1325
WBGene00016112.,15,517,532
WBGene00016113.,64,2508,2572
WBGene00016114.,72,1786,1858
WBGene00016115.,1470,23374,24844
WBGene00016116.,180,2775,2955
WBGene00016118.,1337,28569,29906
WBGene00016119.,251,3730,3981
WBGene00016120.,334,2803,3137
WBGene00016121.,126,1620,1746
WBGene00016123.,99,792,891
WBGene00016124.,102,1661,1763
WBGene00016125.,2,70,72
WBGene00016126.,5,118,123
WBGene00016128.,14,1286,1300
WBGene00016129.,151,5585,5736
WBGene00016130.,4,95,99
WBGene00016131.,94,580,674
WBGene00016132.,1,6,7
WBGene00016133.,45,1320,1365
WBGene00016134.,20,123,143
WBGene00016135.,26,272,298
WBGene00016136.,3,14,17
WBGene00016137.,1,11,12
WBGene00016138.,157,2428,2585
WBGene00016139.,80,979,1059
WBGene00016140.,97,4040,4137
WBGene00016142.,110,6698,6808
WBGene00016143.,220,2309,2529
WBGene00016144.,278,2639,2917
WBGene00016145.,81,2947,3028
WBGene00016146.,4,74,78
WBGene00016147.,9,69,78
WBGene00016148.,194,1845,2039
WBGene00016149.,27,246,273
WBGene00016150.,172,1477,1649
WBGene00016151.,142,1904,2046
WBGene00016152.,64,755,819
WBGene00016153.,0,65,65
WBGene00016154.,133,1488,1621
WBGene00016155.,3,45,48
WBGene00016156.,16,504,520
WBGene00016157.,293,1389,1682
WBGene00016158.,145,2250,2395
WBGene00016159.,94,599,693
WBGene00016160.,7,32,39
WBGene00016161.,5,5,10
WBGene00016162.,497,4787,5284
WBGene00016163.,2,81,83
WBGene00016164.,0,0,0
WBGene00016165.,136,318,454
WBGene00016166.,125,3791,3916
WBGene00016167.,66,1833,1899
WBGene00016168.,1,0,1
WBGene00016169.,42,38,80
WBGene00016170.,235,2993,3228
WBGene00016171.,159,1588,1747
WBGene00016172.,483,1664,2147
WBGene00016173.,761,11683,12444
WBGene00016174.,54,322,376
WBGene00016175.,25,103,128
WBGene00016177.,10,38,48
WBGene00016178.,14,174,188
WBGene00016179.,0,25,25
WBGene00016180.,5,1151,1156
WBGene00016181.,24,159,183
WBGene00016182.,39,622,661
WBGene00016183.,3,0,3
WBGene00016184.,91,413,504
WBGene00016185.,0,8,8
WBGene00016187.,12,306,318
WBGene00016188.,232,2169,2401
WBGene00016189.,3,37,40
WBGene00016190.,3,213,216
WBGene00016191.,11,33,44
WBGene00016192.,19,2542,2561
WBGene00016193.,52,33,85
WBGene00016194.,140,12609,12749
WBGene00016195.,23,7257,7280
WBGene00016196.,15,51,66
WBGene00016197.,1562,7387,8949
WBGene00016198.,15,33,48
WBGene00016199.,8,40,48
WBGene00016200.,125,2251,2376
WBGene00016201.,47,2596,2643
WBGene00016202.,31,1566,1597
WBGene00016203.,289,1430,1719
WBGene00016204.,9,94,103
WBGene00016206.,43,43,86
WBGene00016207.,90,753,843
WBGene00016208.,7,1278,1285
WBGene00016209.,450,10050,10500
WBGene00016210.,841,20581,21422
WBGene00016211.,193,1086,1279
WBGene00016212.,30,492,522
WBGene00016213.,0,13,13
WBGene00016215.,10,807,817
WBGene00016216.,71,1094,1165
WBGene00016217.,1,31,32
WBGene00016218.,2,8,10
WBGene00016219.,4,14,18
WBGene00016220.,1,4,5
WBGene00016221.,51,676,727
WBGene00016222.,0,1,1
WBGene00016223.,1,2,3
WBGene00016224.,1,7,8
WBGene00016225.,0,0,0
WBGene00016226.,0,4,4
WBGene00016227.,0,4,4
WBGene00016230.,1,6,7
WBGene00016231.,0,5,5
WBGene00016232.,1,6,7
WBGene00016233.,1,38,39
WBGene00016234.,61,379,440
WBGene00016235.,6,4022,4028
WBGene00016236.,15,150,165
WBGene00016237.,64,1160,1224
WBGene00016238.,23,2830,2853
WBGene00016239.,1,132,133
WBGene00016242.,17,93,110
WBGene00016244.,294,4056,4350
WBGene00016245.,62,2236,2298
WBGene00016246.,39,271,310
WBGene00016247.,3,30,33
WBGene00016248.,22,222,244
WBGene00016249.,485,6850,7335
WBGene00016250.,140,17267,17407
WBGene00016253.,15,135,150
WBGene00016254.,0,37,37
WBGene00016255.,10,30,40
WBGene00016257.,1,5,6
WBGene00016258.,198,9142,9340
WBGene00016259.,23,88,111
WBGene00016260.,28,249,277
WBGene00016261.,82,1220,1302
WBGene00016262.,15,218,233
WBGene00016263.,2,99,101
WBGene00016264.,724,7527,8251
WBGene00016265.,10,109,119
WBGene00016266.,1457,12669,14126
WBGene00016268.,16,50,66
WBGene00016269.,895,4507,5402
WBGene00016271.,4872,3510,8382
WBGene00016273.,7,30,37
WBGene00016274.,1,49,50
WBGene00016276.,18,381,399
WBGene00016277.,12,145,157
WBGene00016278.,278,2751,3029
WBGene00016279.,1,6,7
WBGene00016280.,1,6,7
WBGene00016281.,10,7,17
WBGene00016282.,28,306,334
WBGene00016283.,10,167,177
WBGene00016284.,0,0,0
WBGene00016285.,2,1,3
WBGene00016286.,17,14,31
WBGene00016287.,4,6,10
WBGene00016288.,10,29,39
WBGene00016289.,6745,17228,23973
WBGene00016291.,12,97,109
WBGene00016292.,425,1777,2202
WBGene00016293.,38,377,415
WBGene00016294.,38,118,156
WBGene00016295.,30,255,285
WBGene00016296.,0,0,0
WBGene00016297.,1,0,1
WBGene00016298.,0,6,6
WBGene00016299.,1,0,1
WBGene00016300.,1,5,6
WBGene00016301.,2,37,39
WBGene00016302.,2,2,4
WBGene00016303.,1,18,19
WBGene00016304.,10,87,97
WBGene00016305.,12,90,102
WBGene00016306.,0,2,2
WBGene00016307.,0,3,3
WBGene00016308.,2,17,19
WBGene00016309.,0,3,3
WBGene00016310.,94,906,1000
WBGene00016311.,72,1947,2019
WBGene00016312.,2,8,10
WBGene00016313.,40,1308,1348
WBGene00016314.,9,190,199
WBGene00016315.,59,741,800
WBGene00016316.,339,12505,12844
WBGene00016317.,31,944,975
WBGene00016318.,125,1798,1923
WBGene00016319.,61,1467,1528
WBGene00016320.,4,8,12
WBGene00016321.,642,6250,6892
WBGene00016322.,1,1,2
WBGene00016323.,326,2486,2812
WBGene00016324.,59,109,168
WBGene00016325.,268,5042,5310
WBGene00016326.,280,3681,3961
WBGene00016327.,0,3,3
WBGene00016328.,51,164,215
WBGene00016329.,4,22,26
WBGene00016330.,395,2870,3265
WBGene00016331.,183,2400,2583
WBGene00016332.,10,234,244
WBGene00016333.,714,8526,9240
WBGene00016334.,0,5,5
WBGene00016335.,12,20,32
WBGene00016336.,0,2,2
WBGene00016337.,0,2,2
WBGene00016338.,7,4,11
WBGene00016339.,0,1,1
WBGene00016340.,17,22,39
WBGene00016341.,17,1230,1247
WBGene00016343.,174,881,1055
WBGene00016344.,33,319,352
WBGene00016345.,1,119,120
WBGene00016346.,0,49,49
WBGene00016347.,7,0,7
WBGene00016349.,0,87,87
WBGene00016350.,0,5,5
WBGene00016351.,0,0,0
WBGene00016352.,47,470,517
WBGene00016353.,2,95,97
WBGene00016354.,1121,1636,2757
WBGene00016355.,107,1410,1517
WBGene00016356.,4,11,15
WBGene00016357.,0,3,3
WBGene00016358.,0,0,0
WBGene00016359.,4,677,681
WBGene00016360.,25,258,283
WBGene00016361.,2,15,17
WBGene00016362.,339,47328,47667
WBGene00016363.,12,73,85
WBGene00016364.,70,522,592
WBGene00016365.,16,175,191
WBGene00016366.,12,187,199
WBGene00016367.,10,120,130
WBGene00016368.,26,236,262
WBGene00016369.,0,5,5
WBGene00016370.,2,2,4
WBGene00016371.,1,3,4
WBGene00016373.,25,152,177
WBGene00016374.,137,2257,2394
WBGene00016375.,6,904,910
WBGene00016376.,16,1056,1072
WBGene00016378.,170,1866,2036
WBGene00016379.,14,393,407
WBGene00016380.,51,1226,1277
WBGene00016381.,60,627,687
WBGene00016382.,0,3,3
WBGene00016383.,51,1113,1164
WBGene00016384.,218,2739,2957
WBGene00016386.,45,54,99
WBGene00016387.,76,1167,1243
WBGene00016388.,1,1,2
WBGene00016389.,0,9,9
WBGene00016390.,33,1153,1186
WBGene00016391.,296,4431,4727
WBGene00016392.,16,706,722
WBGene00016393.,581,32550,33131
WBGene00016394.,87,118,205
WBGene00016395.,1332,13427,14759
WBGene00016396.,353,927,1280
WBGene00016397.,59,294,353
WBGene00016398.,3,23,26
WBGene00016399.,0,1,1
WBGene00016400.,184,2290,2474
WBGene00016402.,7,64,71
WBGene00016403.,308,1053,1361
WBGene00016404.,107,940,1047
WBGene00016405.,278,7749,8027
WBGene00016406.,65,1206,1271
WBGene00016407.,844,2018,2862
WBGene00016408.,189,2478,2667
WBGene00016409.,124,1452,1576
WBGene00016410.,8,49,57
WBGene00016411.,83,4284,4367
WBGene00016412.,35,3919,3954
WBGene00016413.,3,3,6
WBGene00016414.,1,7,8
WBGene00016415.,596,6056,6652
WBGene00016416.,12,118,130
WBGene00016417.,94,732,826
WBGene00016418.,249,704,953
WBGene00016419.,46,789,835
WBGene00016420.,0,12,12
WBGene00016421.,20,297,317
WBGene00016422.,85,9633,9718
WBGene00016423.,189,1417,1606
WBGene00016424.,12,73,85
WBGene00016425.,1,13,14
WBGene00016427.,137,325,462
WBGene00016428.,65,852,917
WBGene00016429.,18,248,266
WBGene00016430.,4,2,6
WBGene00016431.,21,58,79
WBGene00016432.,2170,3356,5526
WBGene00016433.,0,4,4
WBGene00016434.,0,7,7
WBGene00016435.,335,7289,7624
WBGene00016436.,16,176,192
WBGene00016437.,12,2,14
WBGene00016438.,65,833,898
WBGene00016439.,132,2519,2651
WBGene00016440.,0,33,33
WBGene00016441.,7,37,44
WBGene00016442.,49,3040,3089
WBGene00016443.,100,1064,1164
WBGene00016444.,157,765,922
WBGene00016445.,50,171,221
WBGene00016446.,59,2477,2536
WBGene00016447.,0,2,2
WBGene00016448.,54,490,544
WBGene00016449.,21,4592,4613
WBGene00016450.,2,26,28
WBGene00016451.,0,7,7
WBGene00016452.,229,2416,2645
WBGene00016453.,8,163,171
WBGene00016454.,44,596,640
WBGene00016455.,2,20,22
WBGene00016456.,6,2014,2020
WBGene00016457.,1,87,88
WBGene00016458.,102,2500,2602
WBGene00016459.,4,15,19
WBGene00016460.,7,100,107
WBGene00016461.,15,36,51
WBGene00016462.,4,40,44
WBGene00016463.,14,1020,1034
WBGene00016464.,3,29,32
WBGene00016465.,0,11,11
WBGene00016466.,6,97,103
WBGene00016467.,16,317,333
WBGene00016468.,15,37,52
WBGene00016469.,82,1975,2057
WBGene00016470.,2,4,6
WBGene00016471.,4,10,14
WBGene00016472.,0,3,3
WBGene00016473.,0,1,1
WBGene00016474.,0,0,0
WBGene00016475.,1,2,3
WBGene00016476.,5,5,10
WBGene00016477.,3,8,11
WBGene00016478.,6,18,24
WBGene00016479.,1,9,10
WBGene00016480.,0,2,2
WBGene00016481.,0,3,3
WBGene00016483.,1,6,7
WBGene00016484.,1,0,1
WBGene00016485.,1,0,1
WBGene00016486.,0,4,4
WBGene00016487.,2,2,4
WBGene00016488.,15,52,67
WBGene00016489.,360,2822,3182
WBGene00016490.,112,1516,1628
WBGene00016491.,17,26,43
WBGene00016492.,54,568,622
WBGene00016493.,57967,405296,463263
WBGene00016494.,380,5665,6045
WBGene00016495.,20,986,1006
WBGene00016496.,296,16810,17106
WBGene00016497.,4,9,13
WBGene00016499.,99,449,548
WBGene00016500.,11,1228,1239
WBGene00016501.,32,2074,2106
WBGene00016502.,0,23,23
WBGene00016503.,8,271,279
WBGene00016504.,13,927,940
WBGene00016505.,6,777,783
WBGene00016506.,44,273,317
WBGene00016507.,117,1177,1294
WBGene00016508.,540,6129,6669
WBGene00016509.,383,16749,17132
WBGene00016511.,498,8616,9114
WBGene00016512.,23,46,69
WBGene00016513.,35,2176,2211
WBGene00016514.,43,130,173
WBGene00016516.,5,6,11
WBGene00016517.,1,51,52
WBGene00016518.,20,32,52
WBGene00016519.,3,1,4
WBGene00016520.,13,142,155
WBGene00016521.,3,19,22
WBGene00016522.,24,262,286
WBGene00016523.,10,20,30
WBGene00016524.,146,773,919
WBGene00016525.,4,6,10
WBGene00016526.,0,2,2
WBGene00016527.,4,5,9
WBGene00016528.,0,2,2
WBGene00016529.,0,4,4
WBGene00016530.,47,676,723
WBGene00016531.,304,2754,3058
WBGene00016532.,24,447,471
WBGene00016533.,89,1802,1891
WBGene00016534.,5,63,68
WBGene00016535.,14,1145,1159
WBGene00016537.,0,4,4
WBGene00016538.,79,366,445
WBGene00016539.,540,2363,2903
WBGene00016540.,138,578,716
WBGene00016541.,0,1,1
WBGene00016542.,34,105,139
WBGene00016543.,10,32,42
WBGene00016544.,0,13,13
WBGene00016545.,7,101,108
WBGene00016546.,23,125,148
WBGene00016547.,9,392,401
WBGene00016548.,6,3,9
WBGene00016549.,8,243,251
WBGene00016550.,4,4,8
WBGene00016551.,0,4,4
WBGene00016553.,43,637,680
WBGene00016554.,0,0,0
WBGene00016555.,1,12,13
WBGene00016556.,0,1,1
WBGene00016557.,0,1,1
WBGene00016558.,19,195,214
WBGene00016559.,43,456,499
WBGene00016561.,542,1257,1799
WBGene00016562.,2350,7109,9459
WBGene00016564.,30,806,836
WBGene00016565.,0,24,24
WBGene00016566.,120,1035,1155
WBGene00016567.,5,366,371
WBGene00016568.,144,854,998
WBGene00016570.,65,699,764
WBGene00016572.,15,5,20
WBGene00016573.,6,341,347
WBGene00016574.,10,891,901
WBGene00016575.,11,359,370
WBGene00016576.,5,745,750
WBGene00016577.,0,1,1
WBGene00016578.,0,12,12
WBGene00016579.,38,258,296
WBGene00016580.,72,247,319
WBGene00016581.,0,6,6
WBGene00016582.,61,988,1049
WBGene00016583.,42,3017,3059
WBGene00016585.,30,103,133
WBGene00016586.,1,140,141
WBGene00016587.,12,26,38
WBGene00016588.,0,100,100
WBGene00016589.,3,1346,1349
WBGene00016590.,152,1304,1456
WBGene00016591.,49,1445,1494
WBGene00016592.,52,385,437
WBGene00016594.,46,1949,1995
WBGene00016595.,4,26,30
WBGene00016596.,7,617,624
WBGene00016597.,1,2,3
WBGene00016598.,1,8,9
WBGene00016599.,23,31,54
WBGene00016600.,180,93,273
WBGene00016601.,363,5965,6328
WBGene00016602.,24,645,669
WBGene00016603.,483,4845,5328
WBGene00016605.,7,57,64
WBGene00016606.,219,1711,1930
WBGene00016607.,302,5763,6065
WBGene00016608.,96,1023,1119
WBGene00016609.,245,435,680
WBGene00016610.,141,1486,1627
WBGene00016611.,728,8890,9618
WBGene00016612.,13,66,79
WBGene00016613.,38,239,277
WBGene00016614.,111,1006,1117
WBGene00016616.,37,1311,1348
WBGene00016617.,79,823,902
WBGene00016619.,39,391,430
WBGene00016620.,113,1254,1367
WBGene00016621.,96,854,950
WBGene00016622.,76,1955,2031
WBGene00016623.,87,964,1051
WBGene00016624.,728,4421,5149
WBGene00016625.,16,124,140
WBGene00016626.,133,2578,2711
WBGene00016627.,5,21,26
WBGene00016628.,149,666,815
WBGene00016629.,70,1350,1420
WBGene00016630.,640,47784,48424
WBGene00016631.,85,479,564
WBGene00016632.,65,221,286
WBGene00016633.,24,478,502
WBGene00016634.,84,674,758
WBGene00016635.,0,8328,8328
WBGene00016636.,0,7,7
WBGene00016637.,41,297,338
WBGene00016638.,1,4,5
WBGene00016639.,20,26,46
WBGene00016641.,78,4622,4700
WBGene00016642.,57,808,865
WBGene00016643.,138,1737,1875
WBGene00016644.,8,453,461
WBGene00016645.,69,2303,2372
WBGene00016646.,0,0,0
WBGene00016647.,0,0,0
WBGene00016648.,0,0,0
WBGene00016649.,0,0,0
WBGene00016650.,947,11703,12650
WBGene00016652.,91,619,710
WBGene00016653.,125,21466,21591
WBGene00016654.,280,743,1023
WBGene00016655.,363,5855,6218
WBGene00016657.,43,312,355
WBGene00016658.,0,2,2
WBGene00016659.,25,1293,1318
WBGene00016660.,0,9,9
WBGene00016661.,227,1193,1420
WBGene00016662.,0,34,34
WBGene00016663.,43,697,740
WBGene00016664.,19,270,289
WBGene00016665.,1,5,6
WBGene00016666.,2,15,17
WBGene00016667.,32,535,567
WBGene00016668.,2,1,3
WBGene00016669.,0,1,1
WBGene00016670.,11,20,31
WBGene00016671.,6,405,411
WBGene00016673.,8,8,16
WBGene00016674.,25,1006,1031
WBGene00016675.,0,3,3
WBGene00016676.,24,1204,1228
WBGene00016677.,84,1876,1960
WBGene00016678.,266,1567,1833
WBGene00016679.,2,115,117
WBGene00016680.,1,2,3
WBGene00016681.,0,1,1
WBGene00016682.,21,63,84
WBGene00016683.,71,163,234
WBGene00016684.,43,2582,2625
WBGene00016685.,1,0,1
WBGene00016686.,1,3,4
WBGene00016687.,1,0,1
WBGene00016688.,1,7,8
WBGene00016689.,0,2,2
WBGene00016690.,0,0,0
WBGene00016691.,2,0,2
WBGene00016692.,3,6,9
WBGene00016693.,3,1,4
WBGene00016694.,0,1,1
WBGene00016695.,1,6,7
WBGene00016696.,4,19,23
WBGene00016697.,6,36,42
WBGene00016698.,7,3,10
WBGene00016699.,0,8,8
WBGene00016700.,9,28,37
WBGene00016701.,5,95,100
WBGene00016702.,77,808,885
WBGene00016703.,87,680,767
WBGene00016704.,93,915,1008
WBGene00016705.,36,106,142
WBGene00016706.,428,6712,7140
WBGene00016707.,0,4,4
WBGene00016708.,0,1,1
WBGene00016709.,0,1,1
WBGene00016710.,34,988,1022
WBGene00016711.,3,52,55
WBGene00016712.,0,1,1
WBGene00016713.,0,0,0
WBGene00016714.,12,44,56
WBGene00016716.,2824,12956,15780
WBGene00016717.,1,7,8
WBGene00016718.,1,0,1
WBGene00016719.,1,8,9
WBGene00016720.,0,0,0
WBGene00016721.,30,263,293
WBGene00016722.,8019,25602,33621
WBGene00016724.,6,30,36
WBGene00016725.,125,387,512
WBGene00016727.,15,28,43
WBGene00016728.,5,75,80
WBGene00016729.,0,15,15
WBGene00016730.,35,206,241
WBGene00016731.,2,27,29
WBGene00016732.,3,52,55
WBGene00016733.,47,1298,1345
WBGene00016734.,73,1800,1873
WBGene00016735.,110,1700,1810
WBGene00016737.,0,0,0
WBGene00016738.,0,361,361
WBGene00016739.,168,10821,10989
WBGene00016740.,42,1583,1625
WBGene00016741.,69,1195,1264
WBGene00016742.,27,24,51
WBGene00016743.,10,14,24
WBGene00016744.,72,501,573
WBGene00016745.,19,206,225
WBGene00016746.,858,17777,18635
WBGene00016747.,32,125,157
WBGene00016748.,33,170,203
WBGene00016749.,274,5491,5765
WBGene00016750.,54,1671,1725
WBGene00016751.,332,2351,2683
WBGene00016752.,0,53,53
WBGene00016753.,3,2,5
WBGene00016754.,319,3831,4150
WBGene00016755.,0,9,9
WBGene00016756.,5,7,12
WBGene00016757.,10,32,42
WBGene00016758.,4,57,61
WBGene00016759.,7,59,66
WBGene00016760.,3,56,59
WBGene00016761.,11,75,86
WBGene00016762.,14,209,223
WBGene00016763.,19,667,686
WBGene00016764.,161,1428,1589
WBGene00016765.,3,8,11
WBGene00016766.,2,765,767
WBGene00016767.,5,265,270
WBGene00016768.,67,412,479
WBGene00016769.,37,123,160
WBGene00016770.,1,4,5
WBGene00016772.,3,15,18
WBGene00016773.,1,0,1
WBGene00016775.,0,0,0
WBGene00016776.,0,0,0
WBGene00016777.,0,0,0
WBGene00016778.,8,1,9
WBGene00016779.,0,2,2
WBGene00016781.,79,40754,40833
WBGene00016782.,2,376,378
WBGene00016783.,23,140,163
WBGene00016785.,4,2,6
WBGene00016786.,2,6,8
WBGene00016788.,353,1570,1923
WBGene00016789.,1,32,33
WBGene00016790.,964,19846,20810
WBGene00016791.,62,737,799
WBGene00016792.,284,2803,3087
WBGene00016793.,107,2660,2767
WBGene00016794.,164,1748,1912
WBGene00016795.,0,18,18
WBGene00016796.,64,190,254
WBGene00016797.,112,122,234
WBGene00016798.,0,3,3
WBGene00016799.,19,142,161
WBGene00016800.,8,58,66
WBGene00016801.,23,1131,1154
WBGene00016803.,25,2111,2136
WBGene00016804.,0,13,13
WBGene00016805.,3,42,45
WBGene00016806.,3,287,290
WBGene00016807.,0,1,1
WBGene00016808.,137,8505,8642
WBGene00016809.,67,554,621
WBGene00016810.,37,874,911
WBGene00016811.,131,1101,1232
WBGene00016812.,120,1213,1333
WBGene00016813.,3,4,7
WBGene00016815.,1,2,3
WBGene00016816.,115,738,853
WBGene00016817.,35,358,393
WBGene00016818.,2,6,8
WBGene00016820.,0,12,12
WBGene00016821.,0,1,1
WBGene00016822.,1,0,1
WBGene00016823.,0,0,0
WBGene00016824.,0,5,5
WBGene00016825.,3,9,12
WBGene00016826.,4,2,6
WBGene00016827.,1,1,2
WBGene00016828.,27,23,50
WBGene00016829.,2,2,4
WBGene00016830.,5,7,12
WBGene00016831.,5,4,9
WBGene00016832.,1,6,7
WBGene00016833.,2,7,9
WBGene00016834.,2,6,8
WBGene00016835.,73,413,486
WBGene00016836.,205,1251,1456
WBGene00016837.,179,4085,4264
WBGene00016838.,575,5465,6040
WBGene00016839.,2,10,12
WBGene00016840.,201,1547,1748
WBGene00016841.,132,1339,1471
WBGene00016842.,10,223,233
WBGene00016843.,2,7,9
WBGene00016844.,159,5483,5642
WBGene00016845.,0,49,49
WBGene00016846.,316,3051,3367
WBGene00016847.,3,30,33
WBGene00016848.,52,309,361
WBGene00016849.,29,319,348
WBGene00016850.,0,128,128
WBGene00016851.,1,13,14
WBGene00016852.,0,21,21
WBGene00016853.,1,1,2
WBGene00016854.,0,2,2
WBGene00016855.,1,149,150
WBGene00016856.,0,7,7
WBGene00016857.,0,3,3
WBGene00016858.,7,22,29
WBGene00016859.,0,3,3
WBGene00016860.,58,576,634
WBGene00016861.,1,25,26
WBGene00016862.,150,850,1000
WBGene00016863.,4,11,15
WBGene00016864.,0,4,4
WBGene00016865.,3,43,46
WBGene00016866.,78,302,380
WBGene00016867.,68,1851,1919
WBGene00016868.,87,566,653
WBGene00016869.,7,143,150
WBGene00016870.,0,4,4
WBGene00016871.,379,2400,2779
WBGene00016872.,7,125,132
WBGene00016873.,9,59,68
WBGene00016874.,4,20,24
WBGene00016877.,17,41,58
WBGene00016879.,191,1469,1660
WBGene00016880.,0,5,5
WBGene00016881.,0,1,1
WBGene00016882.,0,0,0
WBGene00016883.,0,5,5
WBGene00016884.,0,1,1
WBGene00016885.,0,0,0
WBGene00016886.,0,0,0
WBGene00016888.,805,6502,7307
WBGene00016889.,302,4111,4413
WBGene00016890.,37,266,303
WBGene00016891.,5,9,14
WBGene00016892.,30,2023,2053
WBGene00016893.,2,3,5
WBGene00016894.,4,530,534
WBGene00016895.,0,0,0
WBGene00016896.,24,118,142
WBGene00016898.,216,3097,3313
WBGene00016899.,17,87,104
WBGene00016900.,50,101,151
WBGene00016901.,0,15,15
WBGene00016902.,750,2211,2961
WBGene00016903.,142,1330,1472
WBGene00016905.,183,1229,1412
WBGene00016906.,62,304,366
WBGene00016907.,33,8636,8669
WBGene00016909.,29,129,158
WBGene00016911.,43,963,1006
WBGene00016912.,3,90,93
WBGene00016913.,275,12424,12699
WBGene00016914.,17,207,224
WBGene00016915.,3,10,13
WBGene00016916.,25,839,864
WBGene00016917.,7,79,86
WBGene00016918.,3580,23517,27097
WBGene00016919.,176,531,707
WBGene00016920.,84,689,773
WBGene00016921.,9,47,56
WBGene00016922.,9,25,34
WBGene00016923.,179,3003,3182
WBGene00016924.,0,2,2
WBGene00016925.,4,9,13
WBGene00016926.,1,30,31
WBGene00016927.,0,13,13
WBGene00016928.,7,18,25
WBGene00016929.,1,7,8
WBGene00016930.,49,189,238
WBGene00016931.,11,39,50
WBGene00016932.,64,114,178
WBGene00016933.,9,52,61
WBGene00016934.,136,5063,5199
WBGene00016935.,50,385,435
WBGene00016937.,54,1251,1305
WBGene00016938.,28,97,125
WBGene00016939.,5,34,39
WBGene00016940.,0,0,0
WBGene00016941.,7,48,55
WBGene00016942.,20,125,145
WBGene00016943.,375,18746,19121
WBGene00016944.,44,1274,1318
WBGene00016945.,22,148,170
WBGene00016946.,1,3,4
WBGene00016947.,21,191,212
WBGene00016948.,0,5,5
WBGene00016949.,3,0,3
WBGene00016950.,1,0,1
WBGene00016951.,31,107,138
WBGene00016953.,10,10,20
WBGene00016954.,2,3,5
WBGene00016955.,210,1132,1342
WBGene00016956.,5,15,20
WBGene00016957.,177,404,581
WBGene00016958.,66,572,638
WBGene00016959.,1,1,2
WBGene00016960.,54,587,641
WBGene00016961.,400,9994,10394
WBGene00016962.,9,244,253
WBGene00016963.,3,38,41
WBGene00016964.,154,1426,1580
WBGene00016965.,71,594,665
WBGene00016966.,79,993,1072
WBGene00016968.,224,1077,1301
WBGene00016970.,5,150,155
WBGene00016971.,78,1001,1079
WBGene00016972.,11,36,47
WBGene00016973.,17,190,207
WBGene00016974.,25,563,588
WBGene00016975.,176,1081,1257
WBGene00016976.,128,259,387
WBGene00016977.,1823,16850,18673
WBGene00016978.,99,1575,1674
WBGene00016979.,25,454,479
WBGene00016980.,2,18,20
WBGene00016981.,46,5682,5728
WBGene00016982.,34,174,208
WBGene00016983.,43,748,791
WBGene00016984.,191,280,471
WBGene00016985.,0,13,13
WBGene00016987.,70,7691,7761
WBGene00016988.,347,5119,5466
WBGene00016989.,195,2416,2611
WBGene00016990.,85,3226,3311
WBGene00016992.,36,681,717
WBGene00016993.,35,329,364
WBGene00016995.,70,2457,2527
WBGene00016996.,147,1436,1583
WBGene00016997.,75,3021,3096
WBGene00016998.,34,418,452
WBGene00016999.,22,236,258
WBGene00017000.,15,153,168
WBGene00017001.,8,32,40
WBGene00017002.,3,654,657
WBGene00017003.,35,1003,1038
WBGene00017004.,105,2845,2950
WBGene00017005.,3,234,237
WBGene00017007.,110,554,664
WBGene00017009.,15,251,266
WBGene00017010.,71,573,644
WBGene00017011.,18,1863,1881
WBGene00017012.,49,109,158
WBGene00017013.,84,330,414
WBGene00017014.,34,578,612
WBGene00017015.,1,97,98
WBGene00017016.,649,6030,6679
WBGene00017017.,416,647,1063
WBGene00017018.,50,1115,1165
WBGene00017019.,1,0,1
WBGene00017020.,3,9,12
WBGene00017021.,1,1,2
WBGene00017022.,9,167,176
WBGene00017023.,39,1667,1706
WBGene00017024.,7,26,33
WBGene00017025.,143,1895,2038
WBGene00017026.,8,7,15
WBGene00017027.,8,56,64
WBGene00017028.,96,605,701
WBGene00017029.,0,3,3
WBGene00017031.,112,908,1020
WBGene00017032.,16,278,294
WBGene00017033.,7,101,108
WBGene00017034.,5,4,9
WBGene00017035.,7,13,20
WBGene00017036.,19,472,491
WBGene00017037.,230,2203,2433
WBGene00017038.,258,407,665
WBGene00017039.,65,266,331
WBGene00017040.,27,338,365
WBGene00017041.,102,401,503
WBGene00017042.,80,1008,1088
WBGene00017044.,155,6516,6671
WBGene00017045.,253,2407,2660
WBGene00017046.,79,901,980
WBGene00017048.,30,133,163
WBGene00017050.,69,128,197
WBGene00017051.,17,121,138
WBGene00017052.,4,10,14
WBGene00017053.,48,1566,1614
WBGene00017054.,238,4563,4801
WBGene00017055.,0,0,0
WBGene00017056.,0,1,1
WBGene00017057.,1,0,1
WBGene00017058.,0,1,1
WBGene00017059.,0,0,0
WBGene00017060.,457,46865,47322
WBGene00017061.,48,28,76
WBGene00017062.,155,2038,2193
WBGene00017063.,44,231,275
WBGene00017064.,72,2435,2507
WBGene00017065.,1314,35050,36364
WBGene00017066.,508,2885,3393
WBGene00017068.,50,1730,1780
WBGene00017069.,70,540,610
WBGene00017070.,66,4673,4739
WBGene00017071.,13,46,59
WBGene00017072.,56,120,176
WBGene00017073.,11,139,150
WBGene00017074.,57,840,897
WBGene00017075.,256,62866,63122
WBGene00017076.,144,1172,1316
WBGene00017077.,18,166,184
WBGene00017078.,4,105,109
WBGene00017079.,18,512,530
WBGene00017080.,534,802,1336
WBGene00017082.,184,4964,5148
WBGene00017083.,32,60,92
WBGene00017084.,862,1996,2858
WBGene00017085.,344,5926,6270
WBGene00017087.,76,752,828
WBGene00017088.,99,6115,6214
WBGene00017089.,2,79,81
WBGene00017090.,2,5,7
WBGene00017091.,2,2,4
WBGene00017092.,1,4,5
WBGene00017093.,0,5,5
WBGene00017094.,1,1,2
WBGene00017095.,0,0,0
WBGene00017096.,1,16,17
WBGene00017097.,21,1,22
WBGene00017098.,337,10879,11216
WBGene00017099.,0,1,1
WBGene00017100.,2,14,16
WBGene00017101.,39,226,265
WBGene00017102.,1,0,1
WBGene00017103.,0,6,6
WBGene00017104.,0,0,0
WBGene00017105.,0,1,1
WBGene00017106.,1,3,4
WBGene00017107.,1,34,35
WBGene00017108.,12,84,96
WBGene00017109.,2,0,2
WBGene00017110.,3,0,3
WBGene00017111.,3,0,3
WBGene00017112.,0,7,7
WBGene00017113.,9,17,26
WBGene00017114.,0,1,1
WBGene00017115.,0,1,1
WBGene00017116.,0,3,3
WBGene00017117.,5,47,52
WBGene00017118.,3,3,6
WBGene00017119.,317,14733,15050
WBGene00017120.,77,472,549
WBGene00017121.,4590,176678,181268
WBGene00017122.,12,47,59
WBGene00017123.,24,382,406
WBGene00017124.,32,251,283
WBGene00017125.,232,2237,2469
WBGene00017126.,52,771,823
WBGene00017127.,890,8594,9484
WBGene00017128.,487,6988,7475
WBGene00017129.,20,377,397
WBGene00017131.,2,20,22
WBGene00017132.,321,3602,3923
WBGene00017133.,8,148,156
WBGene00017134.,3,71,74
WBGene00017135.,0,95,95
WBGene00017136.,10,28,38
WBGene00017137.,13,1103,1116
WBGene00017138.,192,2855,3047
WBGene00017139.,3,8,11
WBGene00017140.,0,49,49
WBGene00017141.,0,17,17
WBGene00017142.,7,349,356
WBGene00017143.,4,86,90
WBGene00017144.,77,1134,1211
WBGene00017146.,45,71,116
WBGene00017147.,56,750,806
WBGene00017148.,0,40,40
WBGene00017149.,1345,58010,59355
WBGene00017150.,5,460,465
WBGene00017151.,12,51,63
WBGene00017152.,0,0,0
WBGene00017153.,0,66,66
WBGene00017154.,42,1382,1424
WBGene00017156.,273,470,743
WBGene00017157.,203,543,746
WBGene00017158.,85,1901,1986
WBGene00017159.,496,5422,5918
WBGene00017160.,226,3005,3231
WBGene00017161.,271,2096,2367
WBGene00017162.,255,3715,3970
WBGene00017163.,234,3184,3418
WBGene00017164.,42,418,460
WBGene00017165.,457,1100,1557
WBGene00017166.,613,18647,19260
WBGene00017168.,0,25,25
WBGene00017169.,26,1295,1321
WBGene00017170.,192,196,388
WBGene00017172.,0,1,1
WBGene00017173.,6,1,7
WBGene00017174.,3,30,33
WBGene00017175.,2,1,3
WBGene00017176.,18,165,183
WBGene00017177.,0,2,2
WBGene00017178.,59,831,890
WBGene00017179.,4,7,11
WBGene00017180.,71,381,452
WBGene00017181.,1,2,3
WBGene00017182.,0,1,1
WBGene00017183.,0,0,0
WBGene00017184.,95,1090,1185
WBGene00017185.,0,0,0
WBGene00017186.,0,0,0
WBGene00017188.,0,0,0
WBGene00017189.,0,0,0
WBGene00017190.,0,85,85
WBGene00017191.,0,0,0
WBGene00017192.,0,0,0
WBGene00017193.,201,3516,3717
WBGene00017194.,28,245,273
WBGene00017195.,85,1104,1189
WBGene00017197.,25,472,497
WBGene00017198.,14,126,140
WBGene00017199.,1,10,11
WBGene00017200.,0,16,16
WBGene00017201.,265,7752,8017
WBGene00017202.,0,6,6
WBGene00017203.,0,0,0
WBGene00017204.,0,5,5
WBGene00017205.,0,6,6
WBGene00017207.,0,1,1
WBGene00017208.,0,10,10
WBGene00017209.,22,1,23
WBGene00017210.,562,7882,8444
WBGene00017211.,2,8,10
WBGene00017212.,0,0,0
WBGene00017213.,0,0,0
WBGene00017214.,2,5,7
WBGene00017215.,1,4,5
WBGene00017216.,12,145,157
WBGene00017217.,232,1098,1330
WBGene00017218.,7,33,40
WBGene00017219.,31,515,546
WBGene00017220.,163,4444,4607
WBGene00017221.,3,0,3
WBGene00017222.,1,0,1
WBGene00017223.,0,1,1
WBGene00017224.,0,0,0
WBGene00017225.,45,35,80
WBGene00017226.,4,9,13
WBGene00017227.,0,2,2
WBGene00017228.,2,17,19
WBGene00017229.,0,4,4
WBGene00017230.,1,4,5
WBGene00017231.,1,8,9
WBGene00017232.,3,2,5
WBGene00017233.,0,4,4
WBGene00017235.,149,262,411
WBGene00017236.,15,170,185
WBGene00017237.,126,977,1103
WBGene00017238.,160,7985,8145
WBGene00017239.,176,1353,1529
WBGene00017240.,123,1931,2054
WBGene00017241.,374,2603,2977
WBGene00017243.,9,73,82
WBGene00017244.,279,2569,2848
WBGene00017245.,334,4524,4858
WBGene00017246.,92,676,768
WBGene00017247.,54,469,523
WBGene00017248.,1,0,1
WBGene00017249.,0,9,9
WBGene00017250.,29,623,652
WBGene00017251.,0,9,9
WBGene00017252.,0,1,1
WBGene00017253.,1,0,1
WBGene00017254.,0,2,2
WBGene00017255.,19,78,97
WBGene00017257.,2,45,47
WBGene00017258.,6,43,49
WBGene00017259.,1,20,21
WBGene00017260.,32,251,283
WBGene00017261.,95,1505,1600
WBGene00017262.,421,4316,4737
WBGene00017263.,0,8,8
WBGene00017264.,0,1,1
WBGene00017265.,8,102,110
WBGene00017266.,295,2548,2843
WBGene00017267.,0,3,3
WBGene00017268.,139,2537,2676
WBGene00017269.,226,720,946
WBGene00017270.,0,0,0
WBGene00017271.,10,22,32
WBGene00017272.,69,1249,1318
WBGene00017273.,143,1209,1352
WBGene00017274.,622,3648,4270
WBGene00017275.,243,2073,2316
WBGene00017277.,0,6,6
WBGene00017278.,7,28,35
WBGene00017279.,0,8,8
WBGene00017280.,826,2356,3182
WBGene00017281.,1,13,14
WBGene00017282.,27,856,883
WBGene00017283.,182,3561,3743
WBGene00017284.,278,1764,2042
WBGene00017285.,49,1956,2005
WBGene00017286.,527,4213,4740
WBGene00017287.,4,153,157
WBGene00017288.,1,234,235
WBGene00017289.,6,1971,1977
WBGene00017290.,33,171,204
WBGene00017291.,24,287,311
WBGene00017292.,45,1279,1324
WBGene00017293.,14,1061,1075
WBGene00017294.,99,556,655
WBGene00017295.,129,28,157
WBGene00017296.,34,69,103
WBGene00017297.,133,3782,3915
WBGene00017298.,371,3500,3871
WBGene00017299.,278,2458,2736
WBGene00017300.,819,8088,8907
WBGene00017301.,398,29159,29557
WBGene00017302.,100,293,393
WBGene00017303.,556,7726,8282
WBGene00017304.,80,3655,3735
WBGene00017305.,1,76,77
WBGene00017306.,35,268,303
WBGene00017307.,28,451,479
WBGene00017308.,34,93,127
WBGene00017309.,93,122,215
WBGene00017310.,38,569,607
WBGene00017311.,51,5299,5350
WBGene00017312.,0,12,12
WBGene00017313.,188,2483,2671
WBGene00017314.,236,1959,2195
WBGene00017315.,4,1,5
WBGene00017316.,91,541,632
WBGene00017317.,2688,22563,25251
WBGene00017319.,601,6947,7548
WBGene00017320.,21,164,185
WBGene00017321.,37,2647,2684
WBGene00017322.,7,29,36
WBGene00017323.,34,97,131
WBGene00017324.,0,1,1
WBGene00017325.,0,1,1
WBGene00017326.,16,234,250
WBGene00017327.,2,33,35
WBGene00017328.,21,1221,1242
WBGene00017329.,27,195,222
WBGene00017330.,1,10,11
WBGene00017331.,101,584,685
WBGene00017332.,462,689,1151
WBGene00017333.,0,10,10
WBGene00017334.,3,14,17
WBGene00017335.,37,440,477
WBGene00017336.,117,539,656
WBGene00017338.,20,142,162
WBGene00017339.,118,755,873
WBGene00017340.,15,249,264
WBGene00017341.,5,11,16
WBGene00017342.,146,1435,1581
WBGene00017343.,2,27,29
WBGene00017344.,62,1937,1999
WBGene00017345.,4,5,9
WBGene00017347.,119,13420,13539
WBGene00017348.,6,2033,2039
WBGene00017349.,186,4516,4702
WBGene00017350.,162,1503,1665
WBGene00017351.,1,20,21
WBGene00017352.,203,225,428
WBGene00017353.,25,298,323
WBGene00017354.,7,18,25
WBGene00017355.,33,1219,1252
WBGene00017356.,458,3922,4380
WBGene00017357.,133,1896,2029
WBGene00017358.,12,602,614
WBGene00017359.,13,70,83
WBGene00017360.,457,3980,4437
WBGene00017361.,5,102,107
WBGene00017362.,735,13219,13954
WBGene00017363.,266,5761,6027
WBGene00017364.,0,6,6
WBGene00017365.,0,2,2
WBGene00017366.,3,39,42
WBGene00017367.,9,222,231
WBGene00017369.,38,1148,1186
WBGene00017370.,0,1,1
WBGene00017371.,11,62,73
WBGene00017372.,850,2670,3520
WBGene00017373.,250,2585,2835
WBGene00017374.,883,14100,14983
WBGene00017375.,35,259,294
WBGene00017376.,2347,48170,50517
WBGene00017378.,4,46,50
WBGene00017379.,592,14149,14741
WBGene00017380.,342,1734,2076
WBGene00017381.,64,1029,1093
WBGene00017382.,2,0,2
WBGene00017383.,3,1,4
WBGene00017384.,2,17,19
WBGene00017385.,6,1898,1904
WBGene00017386.,0,898,898
WBGene00017387.,0,0,0
WBGene00017388.,0,4,4
WBGene00017389.,453,501,954
WBGene00017390.,47,266,313
WBGene00017391.,0,3,3
WBGene00017392.,1,1,2
WBGene00017393.,2,4,6
WBGene00017394.,106,449,555
WBGene00017395.,0,1,1
WBGene00017396.,9,4,13
WBGene00017397.,74,627,701
WBGene00017398.,2,13,15
WBGene00017399.,17,13,30
WBGene00017400.,20,325,345
WBGene00017401.,0,1,1
WBGene00017402.,0,1,1
WBGene00017403.,0,0,0
WBGene00017404.,1,1,2
WBGene00017405.,0,0,0
WBGene00017406.,0,5,5
WBGene00017407.,0,3,3
WBGene00017408.,0,0,0
WBGene00017410.,4,10,14
WBGene00017411.,2,126,128
WBGene00017412.,1,1,2
WBGene00017413.,1,4,5
WBGene00017414.,0,0,0
WBGene00017415.,1,0,1
WBGene00017416.,3,232,235
WBGene00017417.,6,108,114
WBGene00017418.,119,1677,1796
WBGene00017419.,203,5512,5715
WBGene00017420.,72,478,550
WBGene00017421.,112,639,751
WBGene00017422.,8,210,218
WBGene00017423.,402,10211,10613
WBGene00017424.,15,46,61
WBGene00017426.,89,1277,1366
WBGene00017427.,23,46,69
WBGene00017428.,519,7728,8247
WBGene00017429.,193,960,1153
WBGene00017430.,231,2713,2944
WBGene00017431.,243,1694,1937
WBGene00017432.,52,154,206
WBGene00017433.,22,164,186
WBGene00017434.,8,115,123
WBGene00017435.,252,3573,3825
WBGene00017436.,3,48,51
WBGene00017437.,17,179,196
WBGene00017438.,8,155,163
WBGene00017439.,23,209,232
WBGene00017440.,1909,50582,52491
WBGene00017441.,15,74,89
WBGene00017442.,37,435,472
WBGene00017443.,6,24,30
WBGene00017444.,0,3,3
WBGene00017445.,179,2177,2356
WBGene00017446.,2,45,47
WBGene00017447.,35,163,198
WBGene00017448.,80,480,560
WBGene00017449.,39,116,155
WBGene00017450.,8,76,84
WBGene00017451.,0,0,0
WBGene00017452.,57,53,110
WBGene00017453.,7,22,29
WBGene00017454.,0,1,1
WBGene00017455.,0,0,0
WBGene00017456.,19,26,45
WBGene00017459.,6,137,143
WBGene00017460.,0,104,104
WBGene00017461.,3,114,117
WBGene00017462.,1,148,149
WBGene00017463.,80,455,535
WBGene00017464.,30,185,215
WBGene00017465.,0,1,1
WBGene00017466.,1,16,17
WBGene00017467.,18,257,275
WBGene00017468.,18,68,86
WBGene00017469.,39,80,119
WBGene00017470.,1,0,1
WBGene00017471.,8,186,194
WBGene00017472.,180,2707,2887
WBGene00017473.,1,90,91
WBGene00017474.,0,9,9
WBGene00017475.,0,6,6
WBGene00017476.,4,3,7
WBGene00017478.,91,886,977
WBGene00017480.,290,2086,2376
WBGene00017481.,3,165,168
WBGene00017482.,14,366,380
WBGene00017483.,5,99,104
WBGene00017484.,26,741,767
WBGene00017485.,20,286,306
WBGene00017486.,0,107,107
WBGene00017487.,57,285,342
WBGene00017488.,21,163,184
WBGene00017489.,11,49,60
WBGene00017490.,0,0,0
WBGene00017491.,0,0,0
WBGene00017492.,5,0,5
WBGene00017493.,1,4,5
WBGene00017494.,4,4,8
WBGene00017496.,0,0,0
WBGene00017497.,2,0,2
WBGene00017498.,3,74,77
WBGene00017499.,0,0,0
WBGene00017500.,0,0,0
WBGene00017501.,0,121,121
WBGene00017502.,0,162,162
WBGene00017503.,43,370,413
WBGene00017504.,34,85,119
WBGene00017505.,0,2,2
WBGene00017506.,92,2373,2465
WBGene00017507.,91,416,507
WBGene00017508.,7,186,193
WBGene00017509.,23,185,208
WBGene00017510.,21,60,81
WBGene00017511.,3,14,17
WBGene00017512.,10,94,104
WBGene00017513.,82,936,1018
WBGene00017514.,196,5317,5513
WBGene00017515.,21,217,238
WBGene00017516.,0,6,6
WBGene00017517.,1,0,1
WBGene00017518.,3,1,4
WBGene00017519.,0,1,1
WBGene00017520.,0,0,0
WBGene00017521.,0,0,0
WBGene00017522.,0,0,0
WBGene00017523.,0,1,1
WBGene00017524.,0,5,5
WBGene00017525.,1,0,1
WBGene00017526.,0,3,3
WBGene00017527.,0,2,2
WBGene00017528.,1,0,1
WBGene00017529.,0,3,3
WBGene00017530.,95,502,597
WBGene00017532.,1,9,10
WBGene00017533.,0,1,1
WBGene00017534.,175,2393,2568
WBGene00017535.,73,1296,1369
WBGene00017536.,26,910,936
WBGene00017537.,43,468,511
WBGene00017538.,11,261,272
WBGene00017539.,0,0,0
WBGene00017540.,1,1,2
WBGene00017541.,1,5,6
WBGene00017542.,0,100,100
WBGene00017543.,4,27,31
WBGene00017544.,3,41,44
WBGene00017545.,39,185,224
WBGene00017546.,216,4904,5120
WBGene00017547.,120,705,825
WBGene00017548.,34,269,303
WBGene00017549.,100,542,642
WBGene00017550.,9,0,9
WBGene00017551.,0,0,0
WBGene00017552.,0,0,0
WBGene00017553.,3,0,3
WBGene00017554.,4,2,6
WBGene00017555.,0,1,1
WBGene00017556.,2,7,9
WBGene00017557.,35,1208,1243
WBGene00017559.,2,3,5
WBGene00017560.,2,22,24
WBGene00017562.,3,7,10
WBGene00017563.,183,493,676
WBGene00017564.,2,6,8
WBGene00017565.,4552,6588,11140
WBGene00017566.,8,12,20
WBGene00017567.,0,929,929
WBGene00017568.,31,833,864
WBGene00017569.,56,1113,1169
WBGene00017570.,83,292,375
WBGene00017571.,54,2349,2403
WBGene00017573.,2,1,3
WBGene00017574.,11,228,239
WBGene00017576.,99,184,283
WBGene00017577.,10,233,243
WBGene00017578.,11,25,36
WBGene00017579.,1,70,71
WBGene00017580.,59,243,302
WBGene00017581.,2,30,32
WBGene00017582.,27,760,787
WBGene00017583.,41,1182,1223
WBGene00017584.,0,7,7
WBGene00017585.,0,0,0
WBGene00017586.,14,65,79
WBGene00017587.,1,0,1
WBGene00017588.,0,1,1
WBGene00017589.,2,132,134
WBGene00017590.,2,0,2
WBGene00017591.,40,716,756
WBGene00017592.,0,8,8
WBGene00017593.,1,6,7
WBGene00017594.,1,9,10
WBGene00017597.,288,548,836
WBGene00017598.,0,4,4
WBGene00017599.,1,649,650
WBGene00017600.,71,1006,1077
WBGene00017601.,0,1,1
WBGene00017602.,1,0,1
WBGene00017603.,6,1,7
WBGene00017605.,1180,13812,14992
WBGene00017606.,38,819,857
WBGene00017607.,89,871,960
WBGene00017608.,216,1404,1620
WBGene00017609.,0,4,4
WBGene00017610.,1,0,1
WBGene00017611.,5,37,42
WBGene00017612.,0,0,0
WBGene00017613.,2724,115196,117920
WBGene00017614.,3,37,40
WBGene00017615.,6,16,22
WBGene00017616.,36,134,170
WBGene00017618.,798,889,1687
WBGene00017619.,5,29,34
WBGene00017620.,155,1225,1380
WBGene00017621.,245,8617,8862
WBGene00017625.,12,10,22
WBGene00017627.,2,1,3
WBGene00017628.,121,157,278
WBGene00017629.,1,2,3
WBGene00017630.,0,0,0
WBGene00017631.,0,8,8
WBGene00017632.,33,67,100
WBGene00017633.,34,65,99
WBGene00017634.,7,4,11
WBGene00017635.,85,92,177
WBGene00017636.,1,5,6
WBGene00017637.,53,406,459
WBGene00017638.,0,12,12
WBGene00017639.,608,2389,2997
WBGene00017640.,195,1568,1763
WBGene00017641.,1,58,59
WBGene00017642.,317,3421,3738
WBGene00017643.,148,2415,2563
WBGene00017644.,513,3682,4195
WBGene00017645.,4,32,36
WBGene00017646.,150,737,887
WBGene00017647.,99,208,307
WBGene00017648.,5,56,61
WBGene00017650.,10,163,173
WBGene00017651.,58,136,194
WBGene00017652.,2,6,8
WBGene00017653.,360,3040,3400
WBGene00017654.,4,24,28
WBGene00017655.,1,2,3
WBGene00017656.,6,51,57
WBGene00017657.,1097,13536,14633
WBGene00017658.,24,433,457
WBGene00017659.,78,2666,2744
WBGene00017660.,23,69,92
WBGene00017661.,8,153,161
WBGene00017662.,4,18,22
WBGene00017663.,441,4417,4858
WBGene00017664.,12,50,62
WBGene00017666.,4,144,148
WBGene00017667.,2,14,16
WBGene00017668.,0,5,5
WBGene00017670.,12,0,12
WBGene00017671.,249,13375,13624
WBGene00017672.,2,1,3
WBGene00017673.,5,51,56
WBGene00017674.,4,107,111
WBGene00017675.,236,5891,6127
WBGene00017676.,162,1801,1963
WBGene00017677.,0,0,0
WBGene00017678.,3,33,36
WBGene00017679.,0,1,1
WBGene00017680.,0,0,0
WBGene00017681.,7,109,116
WBGene00017683.,75,1312,1387
WBGene00017684.,0,3,3
WBGene00017685.,0,1,1
WBGene00017686.,248,2491,2739
WBGene00017687.,11,450,461
WBGene00017688.,124,2502,2626
WBGene00017690.,93,175,268
WBGene00017691.,120,1835,1955
WBGene00017692.,36,175,211
WBGene00017693.,1,2,3
WBGene00017694.,0,1,1
WBGene00017695.,1,4,5
WBGene00017696.,27,1318,1345
WBGene00017698.,77,1203,1280
WBGene00017699.,1829,4437,6266
WBGene00017700.,44,198,242
WBGene00017701.,3,6,9
WBGene00017702.,118,1116,1234
WBGene00017703.,13,36,49
WBGene00017704.,0,0,0
WBGene00017705.,1,15,16
WBGene00017706.,5,37,42
WBGene00017707.,0,1,1
WBGene00017708.,29,353,382
WBGene00017709.,1,6,7
WBGene00017710.,7,218,225
WBGene00017711.,17,539,556
WBGene00017712.,0,9,9
WBGene00017713.,0,12,12
WBGene00017714.,3,76,79
WBGene00017715.,18,328,346
WBGene00017716.,15,136,151
WBGene00017717.,13,376,389
WBGene00017718.,0,10,10
WBGene00017719.,456,4290,4746
WBGene00017720.,101,235,336
WBGene00017721.,16,143,159
WBGene00017722.,2,8,10
WBGene00017723.,24,33,57
WBGene00017724.,277,1940,2217
WBGene00017725.,1,1,2
WBGene00017726.,0,493,493
WBGene00017727.,0,3154,3154
WBGene00017729.,2,13,15
WBGene00017730.,2,159,161
WBGene00017731.,4,84,88
WBGene00017732.,116,1063,1179
WBGene00017733.,173,1799,1972
WBGene00017734.,176,28649,28825
WBGene00017735.,572,8625,9197
WBGene00017736.,15,70,85
WBGene00017737.,4,13,17
WBGene00017738.,137,1429,1566
WBGene00017739.,4,19,23
WBGene00017741.,119,679,798
WBGene00017742.,158,1409,1567
WBGene00017743.,1,11,12
WBGene00017744.,121,1045,1166
WBGene00017745.,186,2272,2458
WBGene00017746.,576,1746,2322
WBGene00017747.,14,242,256
WBGene00017748.,151,1985,2136
WBGene00017749.,122,2319,2441
WBGene00017750.,61,491,552
WBGene00017751.,5,23,28
WBGene00017752.,1,1,2
WBGene00017754.,16,113,129
WBGene00017755.,81,4449,4530
WBGene00017756.,72,1164,1236
WBGene00017757.,67,3467,3534
WBGene00017758.,122,876,998
WBGene00017759.,12,4229,4241
WBGene00017760.,198,2665,2863
WBGene00017761.,342,405,747
WBGene00017762.,436,658,1094
WBGene00017763.,291,2732,3023
WBGene00017764.,5,8,13
WBGene00017765.,192,3803,3995
WBGene00017766.,203,1175,1378
WBGene00017767.,81,1112,1193
WBGene00017768.,247,2226,2473
WBGene00017769.,108,2553,2661
WBGene00017770.,177,2400,2577
WBGene00017771.,30,299,329
WBGene00017772.,380,7569,7949
WBGene00017773.,268,4097,4365
WBGene00017774.,39,819,858
WBGene00017775.,340,4686,5026
WBGene00017776.,94,1690,1784
WBGene00017777.,35,4158,4193
WBGene00017778.,465,3426,3891
WBGene00017779.,47,269,316
WBGene00017780.,82,377,459
WBGene00017781.,480,2316,2796
WBGene00017782.,74,866,940
WBGene00017783.,9,128,137
WBGene00017784.,0,7,7
WBGene00017785.,3,87,90
WBGene00017786.,41,176,217
WBGene00017787.,11,202,213
WBGene00017788.,0,21,21
WBGene00017789.,102,2230,2332
WBGene00017790.,2,23,25
WBGene00017791.,0,1,1
WBGene00017792.,16,239,255
WBGene00017794.,58,733,791
WBGene00017795.,262,1058,1320
WBGene00017796.,0,139,139
WBGene00017797.,420,2849,3269
WBGene00017798.,31,228,259
WBGene00017799.,40,2984,3024
WBGene00017800.,80,1620,1700
WBGene00017801.,110,1506,1616
WBGene00017802.,1,12,13
WBGene00017803.,4,30,34
WBGene00017805.,58,163,221
WBGene00017806.,7,243,250
WBGene00017807.,8,17,25
WBGene00017808.,0,8,8
WBGene00017809.,1,1,2
WBGene00017810.,0,7,7
WBGene00017811.,145,1943,2088
WBGene00017813.,6,675,681
WBGene00017814.,75,416,491
WBGene00017815.,260,970,1230
WBGene00017816.,55,3606,3661
WBGene00017817.,0,0,0
WBGene00017818.,315,679,994
WBGene00017819.,9,14,23
WBGene00017821.,8,28,36
WBGene00017822.,1,8,9
WBGene00017823.,12,191,203
WBGene00017824.,11,12,23
WBGene00017825.,47,1945,1992
WBGene00017826.,97,1172,1269
WBGene00017827.,76,428,504
WBGene00017828.,52,1109,1161
WBGene00017829.,453,1716,2169
WBGene00017830.,79,7661,7740
WBGene00017831.,137,838,975
WBGene00017832.,58,1079,1137
WBGene00017833.,53,303,356
WBGene00017834.,402,7194,7596
WBGene00017835.,9,158,167
WBGene00017836.,25,389,414
WBGene00017837.,67,1070,1137
WBGene00017838.,192,1337,1529
WBGene00017839.,0,2,2
WBGene00017840.,63,347,410
WBGene00017841.,1,316,317
WBGene00017842.,82,842,924
WBGene00017843.,0,0,0
WBGene00017845.,0,7,7
WBGene00017848.,0,69,69
WBGene00017849.,44,250,294
WBGene00017850.,129,1092,1221
WBGene00017851.,1,0,1
WBGene00017852.,199,7202,7401
WBGene00017853.,4,3,7
WBGene00017854.,0,139,139
WBGene00017855.,666,5482,6148
WBGene00017858.,39,114,153
WBGene00017860.,23,14,37
WBGene00017861.,23,213,236
WBGene00017864.,555,28696,29251
WBGene00017865.,20,55,75
WBGene00017866.,892,4197,5089
WBGene00017867.,2,6,8
WBGene00017868.,14,82,96
WBGene00017869.,0,1,1
WBGene00017870.,2,0,2
WBGene00017871.,2,5,7
WBGene00017872.,2,2,4
WBGene00017873.,0,34,34
WBGene00017874.,638,14013,14651
WBGene00017875.,1,44,45
WBGene00017876.,0,1,1
WBGene00017877.,0,1,1
WBGene00017878.,0,0,0
WBGene00017879.,6,20,26
WBGene00017880.,18,189,207
WBGene00017881.,6,59,65
WBGene00017885.,724,4369,5093
WBGene00017886.,36,242,278
WBGene00017887.,80,3071,3151
WBGene00017888.,123,967,1090
WBGene00017889.,164,4782,4946
WBGene00017890.,1,23,24
WBGene00017891.,348,1294,1642
WBGene00017892.,22,238,260
WBGene00017893.,16,91,107
WBGene00017894.,312,1277,1589
WBGene00017895.,34,1875,1909
WBGene00017896.,0,1,1
WBGene00017898.,165,619,784
WBGene00017899.,3,4,7
WBGene00017900.,362,2424,2786
WBGene00017901.,39,416,455
WBGene00017902.,0,2,2
WBGene00017904.,710,1577,2287
WBGene00017905.,5,110,115
WBGene00017906.,64,227,291
WBGene00017907.,166,542,708
WBGene00017908.,0,254,254
WBGene00017909.,106,54,160
WBGene00017910.,3,20,23
WBGene00017911.,0,2,2
WBGene00017912.,9,8,17
WBGene00017913.,1,0,1
WBGene00017914.,50,909,959
WBGene00017916.,245,1935,2180
WBGene00017917.,1,3,4
WBGene00017918.,0,3,3
WBGene00017919.,60,705,765
WBGene00017920.,257,4711,4968
WBGene00017921.,88,1948,2036
WBGene00017922.,12,44,56
WBGene00017923.,74,2969,3043
WBGene00017924.,137,2737,2874
WBGene00017925.,3975,68120,72095
WBGene00017926.,2476,82867,85343
WBGene00017927.,0,5,5
WBGene00017928.,83,1646,1729
WBGene00017929.,1397,2156,3553
WBGene00017930.,0,11,11
WBGene00017931.,188,720,908
WBGene00017933.,1,18,19
WBGene00017934.,124,1206,1330
WBGene00017935.,0,0,0
WBGene00017936.,36,601,637
WBGene00017937.,8,492,500
WBGene00017938.,18,716,734
WBGene00017939.,74,274,348
WBGene00017941.,11,82,93
WBGene00017942.,0,0,0
WBGene00017944.,4,7,11
WBGene00017945.,76,933,1009
WBGene00017947.,25,43,68
WBGene00017948.,44,67,111
WBGene00017949.,14,62,76
WBGene00017950.,41,244,285
WBGene00017951.,77,950,1027
WBGene00017952.,560,1790,2350
WBGene00017954.,34,1301,1335
WBGene00017955.,0,2,2
WBGene00017956.,4,34,38
WBGene00017957.,4,27,31
WBGene00017959.,8,108,116
WBGene00017960.,38,331,369
WBGene00017961.,33,157,190
WBGene00017962.,14,160,174
WBGene00017963.,3,7,10
WBGene00017964.,7,520,527
WBGene00017965.,5,43,48
WBGene00017967.,168,2803,2971
WBGene00017968.,149,1734,1883
WBGene00017969.,11,261,272
WBGene00017970.,100,4936,5036
WBGene00017971.,82,93,175
WBGene00017973.,298,972,1270
WBGene00017974.,23,405,428
WBGene00017975.,6,24,30
WBGene00017976.,153,902,1055
WBGene00017977.,13,337,350
WBGene00017978.,0,148,148
WBGene00017979.,298,8852,9150
WBGene00017980.,430,4569,4999
WBGene00017981.,69,1161,1230
WBGene00017982.,2934,26603,29537
WBGene00017983.,302,487,789
WBGene00017984.,64,36852,36916
WBGene00017985.,8,770,778
WBGene00017986.,2,81,83
WBGene00017987.,2,9,11
WBGene00017988.,22,4233,4255
WBGene00017989.,129,2481,2610
WBGene00017990.,108,2627,2735
WBGene00017991.,67,677,744
WBGene00017992.,97,476,573
WBGene00017993.,243,14888,15131
WBGene00017995.,677,6331,7008
WBGene00017996.,67,1994,2061
WBGene00017997.,715,6098,6813
WBGene00017998.,21,317,338
WBGene00017999.,68,19,87
WBGene00018000.,0,2,2
WBGene00018001.,0,0,0
WBGene00018002.,72,252,324
WBGene00018003.,2,1,3
WBGene00018004.,2,6,8
WBGene00018005.,66,556,622
WBGene00018006.,60,858,918
WBGene00018007.,28,2513,2541
WBGene00018008.,102,5069,5171
WBGene00018009.,88,1425,1513
WBGene00018010.,14,98,112
WBGene00018011.,34,715,749
WBGene00018013.,206,1324,1530
WBGene00018014.,100,570,670
WBGene00018015.,57,639,696
WBGene00018016.,49,282,331
WBGene00018017.,78,3347,3425
WBGene00018018.,105,2749,2854
WBGene00018019.,0,0,0
WBGene00018021.,0,11,11
WBGene00018022.,26,78,104
WBGene00018023.,25,158,183
WBGene00018024.,486,16449,16935
WBGene00018025.,130,3293,3423
WBGene00018026.,13,52,65
WBGene00018027.,3,4,7
WBGene00018030.,14,8,22
WBGene00018031.,2,211,213
WBGene00018033.,2210,6873,9083
WBGene00018034.,4,5,9
WBGene00018035.,1,21,22
WBGene00018036.,8,48,56
WBGene00018037.,44,225,269
WBGene00018038.,7,0,7
WBGene00018039.,3,6,9
WBGene00018040.,1,19,20
WBGene00018041.,11,161,172
WBGene00018042.,22,273,295
WBGene00018043.,12,175,187
WBGene00018044.,13,255,268
WBGene00018045.,3,2286,2289
WBGene00018046.,213,8131,8344
WBGene00018047.,6,15,21
WBGene00018048.,0,6,6
WBGene00018049.,3,1,4
WBGene00018050.,29,175,204
WBGene00018051.,180,1090,1270
WBGene00018052.,29,267,296
WBGene00018053.,1,4,5
WBGene00018054.,10,28,38
WBGene00018055.,0,39,39
WBGene00018056.,1,17,18
WBGene00018057.,0,11,11
WBGene00018058.,4,0,4
WBGene00018059.,6,1,7
WBGene00018060.,55,1179,1234
WBGene00018061.,106,734,840
WBGene00018062.,0,0,0
WBGene00018063.,0,3,3
WBGene00018064.,379,3211,3590
WBGene00018065.,4,29,33
WBGene00018066.,0,63,63
WBGene00018067.,30,567,597
WBGene00018068.,0,607,607
WBGene00018069.,166,1466,1632
WBGene00018070.,33,404,437
WBGene00018071.,25,875,900
WBGene00018072.,97,725,822
WBGene00018073.,65,2081,2146
WBGene00018074.,128,1004,1132
WBGene00018075.,482,1919,2401
WBGene00018076.,68,474,542
WBGene00018077.,11,352,363
WBGene00018078.,6,587,593
WBGene00018080.,0,3,3
WBGene00018081.,1,7,8
WBGene00018082.,0,4,4
WBGene00018083.,7,14,21
WBGene00018084.,57,40,97
WBGene00018085.,2,228,230
WBGene00018087.,14,54,68
WBGene00018088.,216,1004,1220
WBGene00018089.,154,229,383
WBGene00018090.,161,2925,3086
WBGene00018091.,3,6,9
WBGene00018092.,3,37,40
WBGene00018093.,2,1,3
WBGene00018094.,9,5,14
WBGene00018096.,1,0,1
WBGene00018097.,0,0,0
WBGene00018098.,0,0,0
WBGene00018099.,13,146,159
WBGene00018100.,0,9,9
WBGene00018101.,3,7,10
WBGene00018102.,0,1,1
WBGene00018103.,0,0,0
WBGene00018104.,0,4,4
WBGene00018105.,0,1,1
WBGene00018106.,0,0,0
WBGene00018107.,0,2,2
WBGene00018108.,0,0,0
WBGene00018109.,0,0,0
WBGene00018110.,0,4,4
WBGene00018111.,7,17,24
WBGene00018112.,34,355,389
WBGene00018113.,12,93,105
WBGene00018114.,11,13,24
WBGene00018115.,32,344,376
WBGene00018117.,47,2107,2154
WBGene00018118.,5,65,70
WBGene00018119.,1,4,5
WBGene00018120.,1,0,1
WBGene00018121.,3,99,102
WBGene00018122.,0,14,14
WBGene00018123.,0,0,0
WBGene00018124.,0,1,1
WBGene00018125.,0,0,0
WBGene00018127.,1,0,1
WBGene00018130.,9,4,13
WBGene00018131.,218,2049,2267
WBGene00018132.,177,3806,3983
WBGene00018133.,26,518,544
WBGene00018134.,3,15,18
WBGene00018135.,0,14,14
WBGene00018136.,8,37,45
WBGene00018137.,17,537,554
WBGene00018138.,15,247,262
WBGene00018139.,3,0,3
WBGene00018140.,71,648,719
WBGene00018141.,1,1,2
WBGene00018142.,6,84,90
WBGene00018143.,8,35,43
WBGene00018144.,202,2002,2204
WBGene00018145.,408,7759,8167
WBGene00018146.,6,102,108
WBGene00018148.,18,4,22
WBGene00018149.,259,1730,1989
WBGene00018150.,54,890,944
WBGene00018151.,1089,10951,12040
WBGene00018152.,81,4960,5041
WBGene00018153.,1,44,45
WBGene00018154.,144,2124,2268
WBGene00018155.,3,29,32
WBGene00018156.,272,3883,4155
WBGene00018157.,6,46,52
WBGene00018158.,2,15,17
WBGene00018159.,1040,7108,8148
WBGene00018160.,51,1759,1810
WBGene00018161.,107,3943,4050
WBGene00018162.,0,1,1
WBGene00018163.,4,1,5
WBGene00018164.,4,3920,3924
WBGene00018165.,1,8,9
WBGene00018166.,5,120,125
WBGene00018167.,3,87,90
WBGene00018168.,7,0,7
WBGene00018169.,0,0,0
WBGene00018170.,0,89,89
WBGene00018172.,18,52,70
WBGene00018173.,65,294,359
WBGene00018174.,6,39,45
WBGene00018175.,161,661,822
WBGene00018176.,4,43,47
WBGene00018178.,2,2,4
WBGene00018179.,10,23,33
WBGene00018180.,124,94,218
WBGene00018181.,71,2866,2937
WBGene00018182.,0,4,4
WBGene00018184.,14,392,406
WBGene00018186.,0,13,13
WBGene00018187.,3186,9147,12333
WBGene00018188.,119,1096,1215
WBGene00018189.,8,26,34
WBGene00018190.,1,1,2
WBGene00018191.,200,313,513
WBGene00018192.,0,0,0
WBGene00018193.,130,4028,4158
WBGene00018194.,1,83,84
WBGene00018195.,0,21,21
WBGene00018196.,5,1,6
WBGene00018198.,199,199,398
WBGene00018199.,26,886,912
WBGene00018200.,1,11,12
WBGene00018201.,11,426,437
WBGene00018202.,0,0,0
WBGene00018203.,0,31,31
WBGene00018204.,56,633,689
WBGene00018205.,0,1,1
WBGene00018206.,40,493,533
WBGene00018207.,12,74,86
WBGene00018208.,52,2366,2418
WBGene00018209.,6,2,8
WBGene00018210.,3,57,60
WBGene00018211.,17,12,29
WBGene00018212.,84,852,936
WBGene00018213.,21,91,112
WBGene00018214.,280,6077,6357
WBGene00018215.,79,589,668
WBGene00018216.,457,761,1218
WBGene00018217.,1086,2941,4027
WBGene00018218.,48,8351,8399
WBGene00018219.,67,779,846
WBGene00018221.,1375,20068,21443
WBGene00018222.,27,147,174
WBGene00018223.,9,55,64
WBGene00018224.,4,15,19
WBGene00018225.,6,1,7
WBGene00018226.,84,580,664
WBGene00018227.,9,20,29
WBGene00018228.,0,4,4
WBGene00018229.,0,9,9
WBGene00018230.,19,2138,2157
WBGene00018231.,1,7,8
WBGene00018232.,303,84,387
WBGene00018233.,0,22,22
WBGene00018234.,0,11,11
WBGene00018235.,1,0,1
WBGene00018236.,1,20,21
WBGene00018237.,46,758,804
WBGene00018238.,149,3361,3510
WBGene00018239.,50,868,918
WBGene00018240.,435,3148,3583
WBGene00018241.,6,44,50
WBGene00018242.,5,23,28
WBGene00018243.,0,0,0
WBGene00018244.,0,0,0
WBGene00018245.,0,1,1
WBGene00018246.,1,0,1
WBGene00018247.,0,1,1
WBGene00018248.,3,11,14
WBGene00018249.,294,4097,4391
WBGene00018250.,58,719,777
WBGene00018251.,55,367,422
WBGene00018252.,10,211,221
WBGene00018253.,2,20,22
WBGene00018254.,3,3,6
WBGene00018255.,30,27,57
WBGene00018256.,8,152,160
WBGene00018257.,301,7368,7669
WBGene00018258.,76,768,844
WBGene00018259.,363,3317,3680
WBGene00018260.,30,174,204
WBGene00018261.,28,142,170
WBGene00018262.,6,61,67
WBGene00018264.,1,8,9
WBGene00018265.,173,858,1031
WBGene00018266.,32,665,697
WBGene00018267.,0,8,8
WBGene00018268.,6,216,222
WBGene00018269.,96,896,992
WBGene00018270.,69,2997,3066
WBGene00018271.,788,260999,261787
WBGene00018273.,363,646,1009
WBGene00018274.,92,350,442
WBGene00018275.,123,649,772
WBGene00018278.,0,1,1
WBGene00018279.,0,5,5
WBGene00018280.,3,10,13
WBGene00018281.,48,475,523
WBGene00018282.,47,1070,1117
WBGene00018283.,8,75,83
WBGene00018284.,4,7,11
WBGene00018285.,1477,8864,10341
WBGene00018286.,34,139,173
WBGene00018288.,11,232,243
WBGene00018289.,21,34,55
WBGene00018290.,298,9056,9354
WBGene00018291.,8,9,17
WBGene00018292.,2,22,24
WBGene00018293.,95,702,797
WBGene00018294.,66,3200,3266
WBGene00018295.,8,44,52
WBGene00018296.,0,4,4
WBGene00018297.,0,6747,6747
WBGene00018298.,269,6469,6738
WBGene00018300.,10,147,157
WBGene00018301.,6,22,28
WBGene00018302.,23,544,567
WBGene00018303.,465,10452,10917
WBGene00018304.,135,639,774
WBGene00018305.,263,3465,3728
WBGene00018307.,59,473,532
WBGene00018309.,12,168,180
WBGene00018310.,19,403,422
WBGene00018311.,62,1652,1714
WBGene00018312.,5,3,8
WBGene00018313.,6,19,25
WBGene00018314.,1,31,32
WBGene00018315.,5,22,27
WBGene00018316.,59,1615,1674
WBGene00018317.,93,2597,2690
WBGene00018318.,1,311,312
WBGene00018319.,479,2166,2645
WBGene00018321.,8,520,528
WBGene00018322.,0,0,0
WBGene00018323.,6,2,8
WBGene00018324.,0,6,6
WBGene00018325.,4,9,13
WBGene00018326.,3,40,43
WBGene00018327.,5,12,17
WBGene00018328.,218,943,1161
WBGene00018329.,1,1,2
WBGene00018330.,62,939,1001
WBGene00018332.,2,5,7
WBGene00018333.,1,25,26
WBGene00018334.,50,233,283
WBGene00018335.,153,1639,1792
WBGene00018336.,1,3,4
WBGene00018337.,88,822,910
WBGene00018338.,2,190,192
WBGene00018339.,74,7937,8011
WBGene00018340.,127,5000,5127
WBGene00018341.,753,10077,10830
WBGene00018342.,30,303,333
WBGene00018343.,1,83,84
WBGene00018344.,51,270,321
WBGene00018345.,31,84,115
WBGene00018346.,47,353,400
WBGene00018347.,8,42,50
WBGene00018348.,87,448,535
WBGene00018349.,150,7228,7378
WBGene00018350.,24,215,239
WBGene00018351.,3,21,24
WBGene00018352.,1,33,34
WBGene00018353.,2,5,7
WBGene00018354.,3,0,3
WBGene00018355.,6,58,64
WBGene00018356.,309,3549,3858
WBGene00018357.,74,1634,1708
WBGene00018358.,0,18,18
WBGene00018359.,4,10,14
WBGene00018360.,9,4,13
WBGene00018361.,2223,25771,27994
WBGene00018362.,33,10736,10769
WBGene00018363.,59,734,793
WBGene00018364.,118,319,437
WBGene00018365.,5,133,138
WBGene00018366.,81,1250,1331
WBGene00018367.,350,3754,4104
WBGene00018369.,165,1062,1227
WBGene00018370.,264,3184,3448
WBGene00018371.,37,902,939
WBGene00018373.,487,3800,4287
WBGene00018374.,25,108,133
WBGene00018375.,9,21,30
WBGene00018376.,868,10651,11519
WBGene00018377.,8,35,43
WBGene00018378.,2,2,4
WBGene00018379.,2,0,2
WBGene00018380.,0,34,34
WBGene00018381.,5,0,5
WBGene00018382.,1,2,3
WBGene00018383.,4,176,180
WBGene00018384.,5,10,15
WBGene00018385.,1,4,5
WBGene00018386.,52,509,561
WBGene00018387.,6,1,7
WBGene00018388.,22,0,22
WBGene00018389.,0,1,1
WBGene00018390.,26,724,750
WBGene00018391.,71,5100,5171
WBGene00018392.,276,1659,1935
WBGene00018393.,11,4570,4581
WBGene00018394.,13,69,82
WBGene00018395.,194,20289,20483
WBGene00018397.,5,21,26
WBGene00018398.,34,222,256
WBGene00018399.,33,711,744
WBGene00018400.,137,1368,1505
WBGene00018402.,29,355,384
WBGene00018403.,53,310,363
WBGene00018404.,5,12,17
WBGene00018405.,801,4422,5223
WBGene00018406.,7,8,15
WBGene00018407.,1376,11103,12479
WBGene00018408.,264,1369,1633
WBGene00018409.,56,2381,2437
WBGene00018410.,12,36,48
WBGene00018411.,32,159,191
WBGene00018412.,3,14,17
WBGene00018413.,15,258,273
WBGene00018414.,5,74,79
WBGene00018415.,2,287,289
WBGene00018417.,309,2673,2982
WBGene00018418.,35,2779,2814
WBGene00018419.,213,1581,1794
WBGene00018420.,383,2487,2870
WBGene00018421.,18,1868,1886
WBGene00018422.,46,4377,4423
WBGene00018423.,87,590,677
WBGene00018424.,79,1377,1456
WBGene00018425.,5,16,21
WBGene00018426.,115,6994,7109
WBGene00018427.,9,1935,1944
WBGene00018428.,4,8,12
WBGene00018429.,6,31,37
WBGene00018430.,53,281,334
WBGene00018431.,25,4523,4548
WBGene00018432.,1,10,11
WBGene00018433.,3,3,6
WBGene00018434.,1,2,3
WBGene00018435.,0,6,6
WBGene00018436.,0,0,0
WBGene00018437.,0,0,0
WBGene00018438.,0,1,1
WBGene00018439.,0,0,0
WBGene00018440.,0,3,3
WBGene00018441.,1,1,2
WBGene00018442.,3,19,22
WBGene00018443.,0,1,1
WBGene00018444.,0,3,3
WBGene00018445.,1,4,5
WBGene00018446.,10,20,30
WBGene00018447.,0,2,2
WBGene00018448.,3,53,56
WBGene00018449.,0,0,0
WBGene00018450.,0,0,0
WBGene00018451.,0,2,2
WBGene00018452.,0,1,1
WBGene00018454.,0,6,6
WBGene00018455.,1,6,7
WBGene00018456.,7,31,38
WBGene00018457.,0,2,2
WBGene00018458.,0,4,4
WBGene00018459.,0,2,2
WBGene00018460.,0,0,0
WBGene00018461.,0,0,0
WBGene00018462.,23,754,777
WBGene00018463.,0,0,0
WBGene00018465.,22,124,146
WBGene00018466.,15,178,193
WBGene00018467.,130,825,955
WBGene00018468.,815,5554,6369
WBGene00018470.,232,1052,1284
WBGene00018471.,6,50,56
WBGene00018472.,42,138,180
WBGene00018473.,28,298,326
WBGene00018474.,105,1338,1443
WBGene00018475.,557,15196,15753
WBGene00018476.,26,194,220
WBGene00018477.,2,13,15
WBGene00018478.,18,144,162
WBGene00018479.,0,10,10
WBGene00018480.,4,136,140
WBGene00018481.,218,2120,2338
WBGene00018482.,260,4889,5149
WBGene00018483.,15,380,395
WBGene00018484.,22,48,70
WBGene00018485.,1406,4923,6329
WBGene00018486.,6,95,101
WBGene00018487.,28,301,329
WBGene00018488.,98,1113,1211
WBGene00018489.,0,1,1
WBGene00018490.,1,16,17
WBGene00018491.,410,56498,56908
WBGene00018492.,43,561,604
WBGene00018493.,0,0,0
WBGene00018494.,0,0,0
WBGene00018495.,0,0,0
WBGene00018496.,0,1,1
WBGene00018497.,0,1,1
WBGene00018498.,0,1,1
WBGene00018499.,0,1,1
WBGene00018500.,0,0,0
WBGene00018501.,0,0,0
WBGene00018502.,0,0,0
WBGene00018503.,0,0,0
WBGene00018504.,2,2,4
WBGene00018505.,2,0,2
WBGene00018506.,0,0,0
WBGene00018507.,0,2,2
WBGene00018508.,768,4809,5577
WBGene00018509.,299,2836,3135
WBGene00018510.,44,243,287
WBGene00018511.,59,468,527
WBGene00018512.,252,1901,2153
WBGene00018513.,2,416,418
WBGene00018514.,34,264,298
WBGene00018515.,13,181,194
WBGene00018516.,44,1091,1135
WBGene00018517.,461,3355,3816
WBGene00018518.,36,1541,1577
WBGene00018519.,2507,333774,336281
WBGene00018520.,241,2026,2267
WBGene00018521.,5,188,193
WBGene00018522.,325,5864,6189
WBGene00018523.,79,406,485
WBGene00018525.,0,0,0
WBGene00018526.,0,0,0
WBGene00018527.,0,0,0
WBGene00018528.,1,5,6
WBGene00018529.,1,0,1
WBGene00018530.,0,1,1
WBGene00018531.,1,0,1
WBGene00018532.,3864,50425,54289
WBGene00018533.,384,2930,3314
WBGene00018534.,2,8,10
WBGene00018535.,4,6,10
WBGene00018536.,0,6,6
WBGene00018537.,2,10,12
WBGene00018538.,66,562,628
WBGene00018539.,27,9,36
WBGene00018540.,3,8,11
WBGene00018541.,7,53,60
WBGene00018542.,3,161,164
WBGene00018543.,7,38,45
WBGene00018544.,0,23,23
WBGene00018545.,2,6,8
WBGene00018547.,151,177,328
WBGene00018548.,1,10,11
WBGene00018549.,1,4,5
WBGene00018550.,2,11,13
WBGene00018551.,11,27,38
WBGene00018552.,5,30,35
WBGene00018553.,1,0,1
WBGene00018554.,0,0,0
WBGene00018555.,3,1,4
WBGene00018556.,0,0,0
WBGene00018557.,0,0,0
WBGene00018558.,4,22,26
WBGene00018559.,1,0,1
WBGene00018560.,49,714,763
WBGene00018561.,10,169,179
WBGene00018562.,169,1651,1820
WBGene00018563.,10,13,23
WBGene00018564.,880,2744,3624
WBGene00018565.,23,303,326
WBGene00018566.,12,115,127
WBGene00018567.,2,3,5
WBGene00018568.,1,40,41
WBGene00018569.,158,541,699
WBGene00018571.,29,59,88
WBGene00018572.,1207,5595,6802
WBGene00018573.,5,3,8
WBGene00018575.,1,8,9
WBGene00018576.,45,286,331
WBGene00018577.,29,196,225
WBGene00018578.,17,343,360
WBGene00018579.,725,5316,6041
WBGene00018580.,5,5,10
WBGene00018582.,577,523,1100
WBGene00018585.,102,676,778
WBGene00018586.,150,1327,1477
WBGene00018587.,28,126,154
WBGene00018589.,531,73,604
WBGene00018590.,24,2591,2615
WBGene00018591.,2,34,36
WBGene00018593.,43,1229,1272
WBGene00018594.,49,564,613
WBGene00018595.,8,190,198
WBGene00018596.,8,5,13
WBGene00018598.,21,233,254
WBGene00018599.,126,3939,4065
WBGene00018600.,7,21,28
WBGene00018601.,0,1,1
WBGene00018602.,41,1692,1733
WBGene00018603.,24,82,106
WBGene00018604.,147,4838,4985
WBGene00018605.,3,29,32
WBGene00018606.,6,146,152
WBGene00018607.,549,2079,2628
WBGene00018608.,398,773,1171
WBGene00018609.,194,3017,3211
WBGene00018610.,34,1598,1632
WBGene00018611.,196,872,1068
WBGene00018612.,94,1506,1600
WBGene00018613.,11,539,550
WBGene00018614.,1,55,56
WBGene00018615.,17,322,339
WBGene00018616.,0,3,3
WBGene00018617.,3,0,3
WBGene00018618.,0,3,3
WBGene00018619.,0,11,11
WBGene00018620.,3,13,16
WBGene00018621.,0,141,141
WBGene00018622.,52,347,399
WBGene00018623.,3,14,17
WBGene00018624.,4,12,16
WBGene00018625.,60,2714,2774
WBGene00018626.,7,30,37
WBGene00018627.,1,2,3
WBGene00018628.,12,2,14
WBGene00018630.,18,39,57
WBGene00018631.,1,0,1
WBGene00018632.,22,983,1005
WBGene00018634.,230,1675,1905
WBGene00018635.,46,897,943
WBGene00018636.,99,764,863
WBGene00018637.,27,1023,1050
WBGene00018638.,23,1087,1110
WBGene00018639.,72,510,582
WBGene00018640.,13,184,197
WBGene00018641.,24,273,297
WBGene00018643.,0,0,0
WBGene00018644.,0,3,3
WBGene00018645.,0,9,9
WBGene00018646.,2,9,11
WBGene00018647.,1,17,18
WBGene00018648.,17,33,50
WBGene00018649.,0,1,1
WBGene00018650.,1,11,12
WBGene00018651.,0,0,0
WBGene00018652.,0,0,0
WBGene00018653.,8,62,70
WBGene00018654.,54,961,1015
WBGene00018655.,63,998,1061
WBGene00018656.,589,9057,9646
WBGene00018657.,249,2370,2619
WBGene00018658.,8,22,30
WBGene00018659.,3,223,226
WBGene00018660.,0,33,33
WBGene00018661.,0,20,20
WBGene00018662.,0,2,2
WBGene00018663.,0,84,84
WBGene00018664.,5,64,69
WBGene00018665.,7,117,124
WBGene00018666.,1,20,21
WBGene00018667.,6,163,169
WBGene00018668.,9,142,151
WBGene00018669.,14,82,96
WBGene00018670.,0,16,16
WBGene00018671.,0,7,7
WBGene00018672.,199,944,1143
WBGene00018674.,419,3270,3689
WBGene00018675.,48,231,279
WBGene00018678.,80,904,984
WBGene00018679.,512,2798,3310
WBGene00018680.,88,250,338
WBGene00018681.,520,1710,2230
WBGene00018682.,84,1869,1953
WBGene00018683.,28,114,142
WBGene00018684.,0,6,6
WBGene00018687.,3,30,33
WBGene00018688.,1,49,50
WBGene00018689.,26,179,205
WBGene00018690.,14,12,26
WBGene00018691.,2,5,7
WBGene00018692.,220,9664,9884
WBGene00018693.,11,14,25
WBGene00018694.,11,16,27
WBGene00018696.,100,832,932
WBGene00018697.,61,782,843
WBGene00018698.,8,148,156
WBGene00018699.,0,0,0
WBGene00018700.,1080,4290,5370
WBGene00018701.,607,43281,43888
WBGene00018702.,19,1611,1630
WBGene00018703.,43,1040,1083
WBGene00018704.,25,899,924
WBGene00018706.,7,205,212
WBGene00018707.,5,20,25
WBGene00018708.,0,3,3
WBGene00018709.,1,13,14
WBGene00018710.,824,8393,9217
WBGene00018711.,133,246,379
WBGene00018712.,75,172,247
WBGene00018713.,8,14,22
WBGene00018714.,47,1428,1475
WBGene00018715.,17,298,315
WBGene00018716.,138,452,590
WBGene00018717.,34,645,679
WBGene00018718.,26,130,156
WBGene00018719.,255,1917,2172
WBGene00018720.,451,4446,4897
WBGene00018721.,114,558,672
WBGene00018723.,147,645,792
WBGene00018724.,0,264,264
WBGene00018725.,0,182,182
WBGene00018726.,1,24,25
WBGene00018727.,112,667,779
WBGene00018728.,64,214,278
WBGene00018729.,0,565,565
WBGene00018730.,0,1252,1252
WBGene00018731.,0,1008,1008
WBGene00018732.,0,926,926
WBGene00018734.,1659,3738,5397
WBGene00018735.,24,410,434
WBGene00018736.,5,214,219
WBGene00018738.,61,323,384
WBGene00018739.,156,1928,2084
WBGene00018740.,292,1478,1770
WBGene00018741.,46,136,182
WBGene00018742.,31,95,126
WBGene00018743.,179,3236,3415
WBGene00018744.,2,2521,2523
WBGene00018745.,9,36,45
WBGene00018746.,9,76,85
WBGene00018747.,59,335,394
WBGene00018748.,42,534,576
WBGene00018749.,0,0,0
WBGene00018750.,260,1654,1914
WBGene00018751.,2,6,8
WBGene00018752.,16,39,55
WBGene00018754.,13,37,50
WBGene00018755.,20,126,146
WBGene00018756.,874,5248,6122
WBGene00018757.,166,1812,1978
WBGene00018758.,144,1422,1566
WBGene00018759.,0,0,0
WBGene00018760.,25,132,157
WBGene00018761.,146,102,248
WBGene00018762.,352,5610,5962
WBGene00018763.,131,4839,4970
WBGene00018764.,10,10848,10858
WBGene00018765.,1606,8402,10008
WBGene00018766.,92,171,263
WBGene00018767.,0,10,10
WBGene00018768.,0,4,4
WBGene00018769.,109,5593,5702
WBGene00018771.,13,28,41
WBGene00018772.,87,309,396
WBGene00018773.,9,45,54
WBGene00018774.,42,123,165
WBGene00018776.,433,5771,6204
WBGene00018777.,208,860,1068
WBGene00018778.,788,7954,8742
WBGene00018779.,13,65,78
WBGene00018781.,274,1242,1516
WBGene00018782.,998,11433,12431
WBGene00018783.,7,206,213
WBGene00018784.,463,11816,12279
WBGene00018785.,227,1285,1512
WBGene00018786.,4,766,770
WBGene00018787.,57,727,784
WBGene00018788.,224,617,841
WBGene00018789.,54,367,421
WBGene00018791.,89,403,492
WBGene00018792.,9,5,14
WBGene00018793.,724,5090,5814
WBGene00018794.,279,608,887
WBGene00018795.,74,1053,1127
WBGene00018797.,397,2121,2518
WBGene00018798.,92,333,425
WBGene00018802.,105,4667,4772
WBGene00018803.,27,1473,1500
WBGene00018804.,16,620,636
WBGene00018805.,2,11,13
WBGene00018806.,3,219,222
WBGene00018807.,9,185,194
WBGene00018808.,0,4,4
WBGene00018809.,2,40,42
WBGene00018810.,2,2,4
WBGene00018811.,1319,16642,17961
WBGene00018812.,237,1938,2175
WBGene00018813.,0,25,25
WBGene00018814.,51,1242,1293
WBGene00018815.,0,6,6
WBGene00018816.,0,3,3
WBGene00018819.,566,5649,6215
WBGene00018820.,9,20,29
WBGene00018821.,1,2,3
WBGene00018822.,1,1,2
WBGene00018823.,7,368,375
WBGene00018824.,0,0,0
WBGene00018825.,2,12,14
WBGene00018826.,0,6,6
WBGene00018827.,54,1343,1397
WBGene00018828.,0,468,468
WBGene00018829.,11,20,31
WBGene00018830.,58,1312,1370
WBGene00018831.,74,1271,1345
WBGene00018833.,253,861,1114
WBGene00018834.,0,1,1
WBGene00018835.,81,729,810
WBGene00018836.,94,1014,1108
WBGene00018837.,1223,1413,2636
WBGene00018838.,0,0,0
WBGene00018839.,2,162,164
WBGene00018840.,1,4,5
WBGene00018841.,0,1,1
WBGene00018842.,0,94,94
WBGene00018844.,0,7,7
WBGene00018845.,29,287,316
WBGene00018846.,21611,311780,333391
WBGene00018847.,206,2292,2498
WBGene00018848.,93,720,813
WBGene00018849.,56,6827,6883
WBGene00018850.,29,66,95
WBGene00018851.,4,67,71
WBGene00018852.,4,70,74
WBGene00018853.,163,3120,3283
WBGene00018854.,82,3160,3242
WBGene00018855.,10,151,161
WBGene00018856.,17,19,36
WBGene00018857.,202,3258,3460
WBGene00018859.,27,150,177
WBGene00018860.,177,608,785
WBGene00018861.,42,236,278
WBGene00018862.,29,363,392
WBGene00018863.,16,852,868
WBGene00018864.,174,1617,1791
WBGene00018865.,0,1,1
WBGene00018866.,250,3649,3899
WBGene00018867.,42,202,244
WBGene00018868.,54,33,87
WBGene00018869.,304,6930,7234
WBGene00018870.,1,51,52
WBGene00018871.,13,757,770
WBGene00018872.,372,3339,3711
WBGene00018873.,7,91,98
WBGene00018874.,9,16,25
WBGene00018875.,0,2,2
WBGene00018877.,262,3643,3905
WBGene00018878.,7,842,849
WBGene00018879.,55,324,379
WBGene00018880.,21,43,64
WBGene00018881.,0,7,7
WBGene00018882.,0,4,4
WBGene00018883.,0,8,8
WBGene00018884.,5,2,7
WBGene00018885.,1,38,39
WBGene00018886.,0,423,423
WBGene00018888.,3,7,10
WBGene00018890.,263,3570,3833
WBGene00018891.,320,4215,4535
WBGene00018892.,96,4220,4316
WBGene00018893.,435,5719,6154
WBGene00018894.,7,1581,1588
WBGene00018895.,1,32,33
WBGene00018896.,10,44,54
WBGene00018897.,51,837,888
WBGene00018898.,495,8386,8881
WBGene00018899.,7,74,81
WBGene00018900.,64,1946,2010
WBGene00018901.,2,47,49
WBGene00018902.,7,211,218
WBGene00018903.,7,141,148
WBGene00018904.,19,1816,1835
WBGene00018906.,23,37,60
WBGene00018907.,73,190,263
WBGene00018908.,47,325,372
WBGene00018909.,110,458,568
WBGene00018910.,0,0,0
WBGene00018911.,0,0,0
WBGene00018912.,0,0,0
WBGene00018913.,0,0,0
WBGene00018914.,0,0,0
WBGene00018915.,0,0,0
WBGene00018917.,0,0,0
WBGene00018918.,0,1,1
WBGene00018919.,0,0,0
WBGene00018920.,0,0,0
WBGene00018921.,0,11,11
WBGene00018923.,173,673,846
WBGene00018924.,30,88,118
WBGene00018925.,11,991,1002
WBGene00018926.,0,0,0
WBGene00018928.,105,725,830
WBGene00018929.,2,35,37
WBGene00018930.,1,5,6
WBGene00018931.,8,3,11
WBGene00018932.,169,5891,6060
WBGene00018933.,1,3,4
WBGene00018934.,68,6315,6383
WBGene00018935.,15,2039,2054
WBGene00018937.,47,495,542
WBGene00018938.,0,1,1
WBGene00018939.,0,28,28
WBGene00018940.,0,5,5
WBGene00018941.,0,14,14
WBGene00018942.,0,1,1
WBGene00018943.,1,1,2
WBGene00018944.,1,0,1
WBGene00018945.,8,148,156
WBGene00018946.,5,24,29
WBGene00018948.,8,149,157
WBGene00018949.,3,4,7
WBGene00018950.,23,412,435
WBGene00018951.,15,390,405
WBGene00018952.,19,135,154
WBGene00018953.,714,7744,8458
WBGene00018954.,91,598,689
WBGene00018955.,49,1249,1298
WBGene00018957.,104,1458,1562
WBGene00018958.,228,999,1227
WBGene00018959.,32,890,922
WBGene00018960.,42,1405,1447
WBGene00018961.,309,4057,4366
WBGene00018963.,1288,26811,28099
WBGene00018964.,34,442,476
WBGene00018965.,86,891,977
WBGene00018966.,34,255,289
WBGene00018967.,142,3087,3229
WBGene00018968.,5,21,26
WBGene00018969.,71,3035,3106
WBGene00018970.,0,0,0
WBGene00018971.,10,53,63
WBGene00018972.,0,6,6
WBGene00018973.,0,3,3
WBGene00018974.,274,1600,1874
WBGene00018975.,597,1993,2590
WBGene00018976.,196,340,536
WBGene00018978.,0,1,1
WBGene00018979.,2,0,2
WBGene00018980.,1,2,3
WBGene00018981.,1,0,1
WBGene00018982.,0,2,2
WBGene00018984.,9,96,105
WBGene00018985.,161,1604,1765
WBGene00018986.,60,1065,1125
WBGene00018987.,123,1067,1190
WBGene00018988.,11,162,173
WBGene00018989.,59,1185,1244
WBGene00018990.,53,326,379
WBGene00018991.,31,223,254
WBGene00018992.,4,5,9
WBGene00018993.,1,1,2
WBGene00018994.,0,2,2
WBGene00018995.,148,892,1040
WBGene00018996.,86,2404,2490
WBGene00018997.,11,47,58
WBGene00018998.,235,3197,3432
WBGene00018999.,4,22,26
WBGene00019001.,849,22088,22937
WBGene00019002.,44,368,412
WBGene00019003.,121,7807,7928
WBGene00019004.,54,1290,1344
WBGene00019005.,315,2856,3171
WBGene00019006.,271,2379,2650
WBGene00019007.,5582,15684,21266
WBGene00019008.,37,894,931
WBGene00019009.,60,402,462
WBGene00019010.,192,34,226
WBGene00019011.,206,1656,1862
WBGene00019012.,30,194,224
WBGene00019013.,6,280,286
WBGene00019014.,40,413,453
WBGene00019015.,1,5,6
WBGene00019016.,0,6,6
WBGene00019017.,9,715,724
WBGene00019018.,1094,3472,4566
WBGene00019019.,141,36,177
WBGene00019020.,0,108,108
WBGene00019021.,12,284,296
WBGene00019022.,24,748,772
WBGene00019023.,11,112,123
WBGene00019024.,0,12,12
WBGene00019025.,8,83,91
WBGene00019026.,0,0,0
WBGene00019027.,0,2,2
WBGene00019028.,6,4,10
WBGene00019029.,21,26,47
WBGene00019030.,116,566,682
WBGene00019032.,10,49,59
WBGene00019034.,0,1,1
WBGene00019035.,0,2,2
WBGene00019036.,6,4,10
WBGene00019037.,0,2,2
WBGene00019038.,1,1,2
WBGene00019039.,0,0,0
WBGene00019040.,0,1,1
WBGene00019041.,1,0,1
WBGene00019042.,0,1,1
WBGene00019043.,0,2,2
WBGene00019044.,0,1,1
WBGene00019045.,0,1,1
WBGene00019046.,2,18,20
WBGene00019047.,8,237,245
WBGene00019048.,38,413,451
WBGene00019049.,8,46,54
WBGene00019050.,0,0,0
WBGene00019051.,0,0,0
WBGene00019053.,0,3,3
WBGene00019054.,0,2,2
WBGene00019055.,36,562,598
WBGene00019057.,2,32,34
WBGene00019058.,3,8,11
WBGene00019059.,1,2,3
WBGene00019060.,30,181,211
WBGene00019061.,4803,85656,90459
WBGene00019062.,1,1,2
WBGene00019063.,0,7,7
WBGene00019064.,35,743,778
WBGene00019065.,0,0,0
WBGene00019066.,0,1,1
WBGene00019067.,22,78,100
WBGene00019068.,4,30,34
WBGene00019069.,156,506,662
WBGene00019070.,0,36,36
WBGene00019072.,0,0,0
WBGene00019073.,0,0,0
WBGene00019074.,263,2086,2349
WBGene00019075.,30,604,634
WBGene00019076.,149,3223,3372
WBGene00019077.,42,2157,2199
WBGene00019079.,152,2269,2421
WBGene00019080.,14,50,64
WBGene00019081.,12,6,18
WBGene00019082.,17,176,193
WBGene00019084.,2,21,23
WBGene00019085.,1,0,1
WBGene00019086.,3,2,5
WBGene00019087.,17,1693,1710
WBGene00019089.,7,1,8
WBGene00019090.,691,7686,8377
WBGene00019091.,4,8,12
WBGene00019092.,1185,18656,19841
WBGene00019094.,1,9,10
WBGene00019095.,7,176,183
WBGene00019096.,1,7,8
WBGene00019097.,8,236,244
WBGene00019098.,0,7,7
WBGene00019099.,1,1,2
WBGene00019100.,68,321,389
WBGene00019101.,3,85,88
WBGene00019102.,585,4254,4839
WBGene00019103.,31,77,108
WBGene00019104.,0,1,1
WBGene00019105.,2,104,106
WBGene00019106.,11,15,26
WBGene00019107.,1,9,10
WBGene00019108.,13,373,386
WBGene00019109.,244,727,971
WBGene00019111.,69,753,822
WBGene00019112.,8,7,15
WBGene00019113.,17,529,546
WBGene00019114.,20,292,312
WBGene00019115.,25,85,110
WBGene00019116.,27,500,527
WBGene00019117.,23,325,348
WBGene00019118.,25,1604,1629
WBGene00019119.,2,3,5
WBGene00019120.,70,2142,2212
WBGene00019121.,40,2493,2533
WBGene00019122.,286,18,304
WBGene00019123.,1,2,3
WBGene00019124.,249,3372,3621
WBGene00019125.,48,433,481
WBGene00019126.,13,73,86
WBGene00019127.,104,1127,1231
WBGene00019128.,171,326,497
WBGene00019129.,57,473,530
WBGene00019130.,81,536,617
WBGene00019131.,10,67,77
WBGene00019132.,21,44,65
WBGene00019133.,1,5,6
WBGene00019134.,7,62,69
WBGene00019135.,0,2,2
WBGene00019137.,1,0,1
WBGene00019138.,73,16,89
WBGene00019139.,5,76,81
WBGene00019140.,10,105,115
WBGene00019141.,16,282,298
WBGene00019142.,15,442,457
WBGene00019143.,61,907,968
WBGene00019144.,15,49,64
WBGene00019145.,1,2,3
WBGene00019146.,1,0,1
WBGene00019148.,47,808,855
WBGene00019149.,78,140,218
WBGene00019150.,0,3,3
WBGene00019151.,1,4,5
WBGene00019152.,7,85,92
WBGene00019153.,1,155,156
WBGene00019154.,27,971,998
WBGene00019155.,3,1,4
WBGene00019156.,43,930,973
WBGene00019157.,569,3167,3736
WBGene00019158.,80,2807,2887
WBGene00019159.,1,88,89
WBGene00019160.,682,68297,68979
WBGene00019162.,165,30454,30619
WBGene00019163.,12,2055,2067
WBGene00019164.,24,188,212
WBGene00019165.,1,13,14
WBGene00019166.,366,593,959
WBGene00019167.,278,1583,1861
WBGene00019168.,1870,18816,20686
WBGene00019169.,4,6,10
WBGene00019170.,416,4698,5114
WBGene00019171.,10,11,21
WBGene00019174.,11,167,178
WBGene00019176.,53,69,122
WBGene00019177.,14,244,258
WBGene00019178.,1,1,2
WBGene00019179.,0,0,0
WBGene00019180.,399,848,1247
WBGene00019181.,12,29,41
WBGene00019182.,15,139,154
WBGene00019183.,848,32,880
WBGene00019184.,44,450,494
WBGene00019185.,40,838,878
WBGene00019186.,1,5,6
WBGene00019187.,72,356,428
WBGene00019188.,155,1732,1887
WBGene00019189.,1,13,14
WBGene00019190.,65,0,65
WBGene00019192.,1,0,1
WBGene00019193.,1,0,1
WBGene00019194.,12,35,47
WBGene00019196.,28,2369,2397
WBGene00019197.,8,30,38
WBGene00019198.,115,564,679
WBGene00019199.,218,1591,1809
WBGene00019200.,67,533,600
WBGene00019202.,21,13,34
WBGene00019203.,780,12069,12849
WBGene00019204.,299,1686,1985
WBGene00019205.,2151,6433,8584
WBGene00019207.,588,8411,8999
WBGene00019208.,2,9,11
WBGene00019209.,344,4139,4483
WBGene00019211.,555,2333,2888
WBGene00019212.,121,2492,2613
WBGene00019213.,22,104,126
WBGene00019214.,3,5,8
WBGene00019215.,5,5,10
WBGene00019216.,2,7,9
WBGene00019217.,503,2596,3099
WBGene00019218.,162,674,836
WBGene00019219.,130,1634,1764
WBGene00019220.,114,5513,5627
WBGene00019221.,19,598,617
WBGene00019222.,8,9,17
WBGene00019224.,26,177,203
WBGene00019225.,7,27,34
WBGene00019226.,1,136,137
WBGene00019227.,269,3860,4129
WBGene00019228.,2,189,191
WBGene00019229.,2,8,10
WBGene00019230.,51,107,158
WBGene00019231.,30,119,149
WBGene00019232.,553,1152,1705
WBGene00019233.,13,30,43
WBGene00019234.,43,714,757
WBGene00019235.,17,43,60
WBGene00019236.,24,109,133
WBGene00019237.,382,2711,3093
WBGene00019239.,41,12,53
WBGene00019240.,237,4179,4416
WBGene00019241.,394,1872,2266
WBGene00019242.,80,27,107
WBGene00019243.,6,1316,1322
WBGene00019244.,56,377,433
WBGene00019245.,213,1858,2071
WBGene00019246.,674,6417,7091
WBGene00019247.,12,203,215
WBGene00019248.,426,622,1048
WBGene00019249.,808,16347,17155
WBGene00019250.,946,5809,6755
WBGene00019251.,28,8,36
WBGene00019253.,1,15,16
WBGene00019254.,4,49,53
WBGene00019255.,13,25,38
WBGene00019257.,1,2,3
WBGene00019259.,89,3065,3154
WBGene00019260.,1,2,3
WBGene00019261.,1,91,92
WBGene00019262.,2,1,3
WBGene00019263.,125,1013,1138
WBGene00019264.,163,1587,1750
WBGene00019265.,5,447,452
WBGene00019266.,8,66,74
WBGene00019267.,1,4,5
WBGene00019268.,72,656,728
WBGene00019269.,16,24,40
WBGene00019270.,189,399,588
WBGene00019272.,131,724,855
WBGene00019273.,3,25,28
WBGene00019274.,367,906,1273
WBGene00019275.,323,2094,2417
WBGene00019276.,174,2116,2290
WBGene00019277.,262,4220,4482
WBGene00019278.,212,918,1130
WBGene00019279.,2609,2012,4621
WBGene00019280.,104,1381,1485
WBGene00019281.,0,11,11
WBGene00019282.,1119,16130,17249
WBGene00019283.,0,0,0
WBGene00019284.,97,2167,2264
WBGene00019285.,66,446,512
WBGene00019286.,150,137,287
WBGene00019287.,17,107,124
WBGene00019288.,0,0,0
WBGene00019289.,197,1893,2090
WBGene00019290.,5,202,207
WBGene00019292.,1,1,2
WBGene00019293.,2,281,283
WBGene00019294.,592,3620,4212
WBGene00019295.,329,3470,3799
WBGene00019296.,49,3375,3424
WBGene00019297.,2,21,23
WBGene00019298.,73,859,932
WBGene00019299.,74,1121,1195
WBGene00019300.,51,804,855
WBGene00019301.,665,9950,10615
WBGene00019302.,2,2,4
WBGene00019303.,104,29,133
WBGene00019304.,30,439,469
WBGene00019305.,115,3311,3426
WBGene00019306.,8,119,127
WBGene00019309.,4,5,9
WBGene00019310.,2,103,105
WBGene00019311.,74,1543,1617
WBGene00019312.,0,12,12
WBGene00019313.,0,10,10
WBGene00019314.,2,27,29
WBGene00019315.,156,2440,2596
WBGene00019316.,0,121,121
WBGene00019317.,67,658,725
WBGene00019318.,190,295,485
WBGene00019319.,40,322,362
WBGene00019320.,19,91,110
WBGene00019321.,67,539,606
WBGene00019322.,238,73565,73803
WBGene00019323.,1045,5108,6153
WBGene00019324.,447,11789,12236
WBGene00019326.,238,5023,5261
WBGene00019327.,1526,16120,17646
WBGene00019328.,401,5917,6318
WBGene00019329.,216,872,1088
WBGene00019331.,98,167,265
WBGene00019332.,1897,22596,24493
WBGene00019333.,506,5673,6179
WBGene00019334.,22,1834,1856
WBGene00019335.,0,71,71
WBGene00019337.,2,3,5
WBGene00019338.,3,1,4
WBGene00019339.,0,37,37
WBGene00019340.,0,1,1
WBGene00019341.,15,1,16
WBGene00019342.,0,30,30
WBGene00019343.,41,77,118
WBGene00019344.,58,617,675
WBGene00019345.,48,286,334
WBGene00019346.,22,357,379
WBGene00019347.,631,1854,2485
WBGene00019348.,1,23,24
WBGene00019349.,0,2,2
WBGene00019350.,2,7,9
WBGene00019351.,39,1182,1221
WBGene00019352.,62,476,538
WBGene00019353.,63,1686,1749
WBGene00019354.,60,1716,1776
WBGene00019355.,166,1828,1994
WBGene00019356.,1,3,4
WBGene00019357.,191,12659,12850
WBGene00019360.,48,121,169
WBGene00019361.,170,2649,2819
WBGene00019362.,139,508,647
WBGene00019364.,23,477,500
WBGene00019365.,230,2823,3053
WBGene00019367.,4,31,35
WBGene00019368.,23,102,125
WBGene00019369.,13,12,25
WBGene00019370.,78,263,341
WBGene00019371.,1,0,1
WBGene00019372.,3,51,54
WBGene00019373.,59,564,623
WBGene00019374.,21,484,505
WBGene00019376.,0,10,10
WBGene00019379.,2,28,30
WBGene00019380.,600,5786,6386
WBGene00019381.,76,14684,14760
WBGene00019382.,11,55,66
WBGene00019383.,2,1,3
WBGene00019384.,0,0,0
WBGene00019385.,3,7,10
WBGene00019386.,1,5,6
WBGene00019387.,0,5,5
WBGene00019388.,7,81,88
WBGene00019389.,6,12,18
WBGene00019390.,0,2,2
WBGene00019391.,5,17,22
WBGene00019392.,2,5,7
WBGene00019393.,15,18,33
WBGene00019394.,179,487,666
WBGene00019395.,36,174,210
WBGene00019396.,81,1421,1502
WBGene00019399.,57,2759,2816
WBGene00019400.,210,2103,2313
WBGene00019401.,183,13763,13946
WBGene00019402.,159,5649,5808
WBGene00019403.,160,1160,1320
WBGene00019404.,2,21,23
WBGene00019405.,5,30,35
WBGene00019406.,6,38,44
WBGene00019407.,325,1782,2107
WBGene00019408.,66,1293,1359
WBGene00019409.,0,0,0
WBGene00019410.,0,3,3
WBGene00019411.,7,417,424
WBGene00019412.,0,0,0
WBGene00019413.,0,2,2
WBGene00019414.,0,0,0
WBGene00019415.,3,4,7
WBGene00019416.,0,7,7
WBGene00019417.,0,1,1
WBGene00019418.,0,1,1
WBGene00019419.,0,0,0
WBGene00019420.,0,0,0
WBGene00019421.,0,4,4
WBGene00019422.,0,7,7
WBGene00019423.,42,5,47
WBGene00019424.,6,151,157
WBGene00019425.,3,10,13
WBGene00019426.,4,322,326
WBGene00019427.,56,1426,1482
WBGene00019428.,378,941,1319
WBGene00019429.,54,995,1049
WBGene00019430.,0,9,9
WBGene00019431.,12,35,47
WBGene00019432.,146,4794,4940
WBGene00019433.,180,12476,12656
WBGene00019434.,430,786,1216
WBGene00019435.,12,99,111
WBGene00019436.,108,818,926
WBGene00019437.,296,3404,3700
WBGene00019438.,0,1,1
WBGene00019439.,211,16,227
WBGene00019441.,44,94,138
WBGene00019442.,0,0,0
WBGene00019444.,23,63,86
WBGene00019445.,37,121,158
WBGene00019448.,41,353,394
WBGene00019449.,0,1,1
WBGene00019450.,2,0,2
WBGene00019451.,0,1,1
WBGene00019452.,1,0,1
WBGene00019453.,4,1,5
WBGene00019454.,0,0,0
WBGene00019455.,15,100,115
WBGene00019456.,83,606,689
WBGene00019457.,247,2332,2579
WBGene00019458.,51,679,730
WBGene00019459.,2,7,9
WBGene00019460.,76,1254,1330
WBGene00019461.,39,35,74
WBGene00019462.,400,202,602
WBGene00019464.,12,744,756
WBGene00019465.,833,5149,5982
WBGene00019466.,1046,41247,42293
WBGene00019467.,20,2222,2242
WBGene00019469.,4,8,12
WBGene00019470.,0,0,0
WBGene00019471.,1,0,1
WBGene00019472.,2,8,10
WBGene00019473.,6,8,14
WBGene00019476.,34,615,649
WBGene00019477.,17,142,159
WBGene00019478.,1215,11071,12286
WBGene00019479.,248,2254,2502
WBGene00019480.,113,1423,1536
WBGene00019481.,164,5105,5269
WBGene00019482.,76,1099,1175
WBGene00019483.,2,14,16
WBGene00019484.,3,421,424
WBGene00019485.,118,415,533
WBGene00019486.,5,23,28
WBGene00019487.,59,563,622
WBGene00019488.,151,3440,3591
WBGene00019489.,27,906,933
WBGene00019490.,40,2111,2151
WBGene00019491.,40,970,1010
WBGene00019492.,1244,5334,6578
WBGene00019493.,23,319,342
WBGene00019494.,0,40,40
WBGene00019495.,37,652,689
WBGene00019496.,14,131,145
WBGene00019497.,88,1642,1730
WBGene00019498.,130,1168,1298
WBGene00019501.,1,29,30
WBGene00019502.,0,2,2
WBGene00019503.,64,664,728
WBGene00019504.,27,2332,2359
WBGene00019506.,8,28,36
WBGene00019507.,3,1,4
WBGene00019508.,15,61,76
WBGene00019509.,7,176,183
WBGene00019510.,1010,56786,57796
WBGene00019511.,192,3271,3463
WBGene00019512.,10,27,37
WBGene00019513.,38,1097,1135
WBGene00019514.,2,5,7
WBGene00019515.,8,99,107
WBGene00019516.,17,97,114
WBGene00019517.,6,35,41
WBGene00019518.,29,121,150
WBGene00019519.,158,753,911
WBGene00019520.,3,391,394
WBGene00019521.,194,3741,3935
WBGene00019522.,118,895,1013
WBGene00019524.,2,7,9
WBGene00019525.,191,1800,1991
WBGene00019526.,10,2,12
WBGene00019527.,1,7,8
WBGene00019529.,0,0,0
WBGene00019530.,0,0,0
WBGene00019531.,3,0,3
WBGene00019532.,7,3,10
WBGene00019533.,2,2,4
WBGene00019534.,2,5,7
WBGene00019535.,23,269,292
WBGene00019536.,148,189,337
WBGene00019537.,36,73490,73526
WBGene00019538.,45,494,539
WBGene00019540.,180,7415,7595
WBGene00019541.,7,134,141
WBGene00019543.,679,8337,9016
WBGene00019544.,80,2236,2316
WBGene00019545.,65,495,560
WBGene00019546.,103,896,999
WBGene00019547.,2,6,8
WBGene00019548.,3,0,3
WBGene00019549.,2,0,2
WBGene00019550.,3,17,20
WBGene00019552.,4,149,153
WBGene00019553.,4,62,66
WBGene00019554.,50,621,671
WBGene00019556.,1,11,12
WBGene00019557.,2,4,6
WBGene00019558.,2,1,3
WBGene00019559.,0,0,0
WBGene00019560.,0,2,2
WBGene00019561.,1,4,5
WBGene00019562.,1,1,2
WBGene00019563.,7,57,64
WBGene00019564.,60,524,584
WBGene00019565.,1,7,8
WBGene00019566.,0,0,0
WBGene00019567.,0,3,3
WBGene00019568.,3,2,5
WBGene00019569.,1,15,16
WBGene00019570.,28,101,129
WBGene00019571.,79,54,133
WBGene00019572.,0,63,63
WBGene00019574.,0,8,8
WBGene00019575.,8,32,40
WBGene00019576.,0,32,32
WBGene00019577.,4,85,89
WBGene00019578.,0,1,1
WBGene00019579.,5,23,28
WBGene00019580.,1,10,11
WBGene00019582.,1,15,16
WBGene00019583.,0,4,4
WBGene00019584.,4,10,14
WBGene00019586.,19,27,46
WBGene00019587.,0,5,5
WBGene00019588.,0,14,14
WBGene00019589.,24,23,47
WBGene00019590.,0,2,2
WBGene00019591.,0,18,18
WBGene00019592.,0,171,171
WBGene00019593.,2,413,415
WBGene00019594.,12,4,16
WBGene00019595.,30,639,669
WBGene00019597.,47,556,603
WBGene00019598.,223,118,341
WBGene00019599.,41,243,284
WBGene00019600.,11,146,157
WBGene00019601.,4,29,33
WBGene00019603.,26,407,433
WBGene00019604.,0,1,1
WBGene00019605.,24,103,127
WBGene00019606.,0,35,35
WBGene00019607.,1056,9204,10260
WBGene00019608.,12,436,448
WBGene00019609.,452,2679,3131
WBGene00019611.,26,880,906
WBGene00019612.,244,1638,1882
WBGene00019613.,7,5,12
WBGene00019614.,1,3,4
WBGene00019615.,106,641,747
WBGene00019616.,17,142,159
WBGene00019617.,29,400,429
WBGene00019618.,15,33,48
WBGene00019619.,25,254,279
WBGene00019620.,74,4867,4941
WBGene00019621.,0,0,0
WBGene00019622.,1,1,2
WBGene00019623.,78,716,794
WBGene00019624.,554,4966,5520
WBGene00019625.,15,17,32
WBGene00019626.,3,2,5
WBGene00019627.,158,1360,1518
WBGene00019628.,60,2438,2498
WBGene00019629.,49,1544,1593
WBGene00019630.,69,632,701
WBGene00019631.,95,2056,2151
WBGene00019633.,195,946,1141
WBGene00019636.,20,239,259
WBGene00019638.,3,5,8
WBGene00019639.,0,25,25
WBGene00019640.,24,42,66
WBGene00019641.,64,361,425
WBGene00019642.,26,98,124
WBGene00019643.,19,573,592
WBGene00019644.,25,78,103
WBGene00019645.,163,2548,2711
WBGene00019646.,1,6,7
WBGene00019647.,85,2196,2281
WBGene00019648.,2,35,37
WBGene00019649.,16,167,183
WBGene00019650.,251,1468,1719
WBGene00019651.,176,1227,1403
WBGene00019652.,33,646,679
WBGene00019653.,2,6,8
WBGene00019654.,4,29,33
WBGene00019655.,15,193,208
WBGene00019656.,53,2811,2864
WBGene00019657.,85,1178,1263
WBGene00019658.,250,3410,3660
WBGene00019659.,4,6,10
WBGene00019660.,0,57,57
WBGene00019661.,3,61,64
WBGene00019662.,7,14,21
WBGene00019663.,68,2397,2465
WBGene00019664.,432,4805,5237
WBGene00019665.,21,209,230
WBGene00019666.,21,883,904
WBGene00019667.,5,10,15
WBGene00019668.,5,4,9
WBGene00019669.,15,103,118
WBGene00019672.,0,1,1
WBGene00019673.,68,1100,1168
WBGene00019674.,6,24,30
WBGene00019675.,0,1,1
WBGene00019676.,2,4,6
WBGene00019677.,125,612,737
WBGene00019678.,603,4388,4991
WBGene00019679.,363,5662,6025
WBGene00019680.,0,30780,30780
WBGene00019681.,0,5,5
WBGene00019682.,36,393,429
WBGene00019683.,437,93,530
WBGene00019684.,2,8,10
WBGene00019685.,2,4,6
WBGene00019686.,304,2716,3020
WBGene00019687.,1,4,5
WBGene00019688.,12,4,16
WBGene00019689.,8,26,34
WBGene00019690.,2,11,13
WBGene00019691.,34,86,120
WBGene00019692.,33,241,274
WBGene00019693.,61,6609,6670
WBGene00019697.,676,2017,2693
WBGene00019698.,535,7671,8206
WBGene00019699.,1,9,10
WBGene00019700.,1,0,1
WBGene00019702.,0,0,0
WBGene00019703.,1,2,3
WBGene00019704.,0,4,4
WBGene00019705.,0,20,20
WBGene00019706.,7,1,8
WBGene00019709.,0,0,0
WBGene00019710.,5,641,646
WBGene00019711.,196,3251,3447
WBGene00019712.,13,243,256
WBGene00019713.,65,464,529
WBGene00019714.,0,13,13
WBGene00019715.,178,1169,1347
WBGene00019716.,419,2657,3076
WBGene00019717.,39,107,146
WBGene00019718.,4,23,27
WBGene00019719.,3460,15050,18510
WBGene00019720.,97,886,983
WBGene00019721.,10,6,16
WBGene00019722.,2,14,16
WBGene00019723.,1,109,110
WBGene00019724.,165,809,974
WBGene00019725.,27,491,518
WBGene00019726.,495,1107,1602
WBGene00019727.,836,41948,42784
WBGene00019728.,0,4,4
WBGene00019729.,50,689,739
WBGene00019730.,48,996,1044
WBGene00019731.,44,45,89
WBGene00019732.,1,1148,1149
WBGene00019733.,490,2160,2650
WBGene00019734.,223,2730,2953
WBGene00019735.,4,12,16
WBGene00019736.,9,15,24
WBGene00019738.,7,88,95
WBGene00019739.,8,26,34
WBGene00019740.,1,0,1
WBGene00019741.,25,733,758
WBGene00019742.,55,195,250
WBGene00019743.,51,402,453
WBGene00019744.,58,665,723
WBGene00019745.,1,9,10
WBGene00019746.,99,204,303
WBGene00019747.,483,2241,2724
WBGene00019748.,249,3281,3530
WBGene00019749.,102,707,809
WBGene00019750.,1349,1173,2522
WBGene00019751.,125,2167,2292
WBGene00019753.,50,407,457
WBGene00019754.,8,571,579
WBGene00019755.,0,0,0
WBGene00019756.,11,49,60
WBGene00019757.,204,935,1139
WBGene00019758.,0,12,12
WBGene00019759.,305,1441,1746
WBGene00019760.,217,49974,50191
WBGene00019761.,7,34,41
WBGene00019762.,595,4794,5389
WBGene00019763.,17,116,133
WBGene00019764.,63,749,812
WBGene00019765.,9,439,448
WBGene00019766.,150,642,792
WBGene00019767.,27,13972,13999
WBGene00019768.,45,728,773
WBGene00019769.,9,119,128
WBGene00019770.,997,8448,9445
WBGene00019771.,978,2749,3727
WBGene00019772.,427,5747,6174
WBGene00019773.,4,17,21
WBGene00019774.,287,530,817
WBGene00019776.,14,112,126
WBGene00019777.,40,233,273
WBGene00019778.,53,1011,1064
WBGene00019779.,25,114,139
WBGene00019780.,292,23250,23542
WBGene00019781.,180,1131,1311
WBGene00019782.,2,24,26
WBGene00019783.,3,3,6
WBGene00019784.,3,14,17
WBGene00019785.,5,32,37
WBGene00019786.,165,727,892
WBGene00019787.,149,823,972
WBGene00019788.,0,28,28
WBGene00019789.,0,782,782
WBGene00019791.,0,4,4
WBGene00019792.,43,226,269
WBGene00019793.,0,1,1
WBGene00019794.,1,0,1
WBGene00019795.,0,0,0
WBGene00019796.,2,5,7
WBGene00019797.,0,1,1
WBGene00019798.,0,0,0
WBGene00019799.,0,7,7
WBGene00019800.,26,8551,8577
WBGene00019801.,149,1286,1435
WBGene00019803.,4,39,43
WBGene00019804.,1,3,4
WBGene00019805.,36,297,333
WBGene00019806.,13,326,339
WBGene00019807.,111,877,988
WBGene00019808.,81,3157,3238
WBGene00019809.,0,0,0
WBGene00019810.,1,14,15
WBGene00019811.,3,56,59
WBGene00019812.,116,255,371
WBGene00019813.,55,2752,2807
WBGene00019814.,34,218,252
WBGene00019815.,0,2,2
WBGene00019816.,98,677,775
WBGene00019817.,40,314,354
WBGene00019818.,305,2164,2469
WBGene00019819.,137,4347,4484
WBGene00019820.,59,2067,2126
WBGene00019821.,132,1827,1959
WBGene00019822.,96,1202,1298
WBGene00019823.,161,3423,3584
WBGene00019824.,79,914,993
WBGene00019825.,68,566,634
WBGene00019826.,3,35,38
WBGene00019827.,160,1596,1756
WBGene00019828.,10,74,84
WBGene00019829.,21,824,845
WBGene00019830.,37,662,699
WBGene00019831.,299,20864,21163
WBGene00019832.,178,747,925
WBGene00019833.,3,36,39
WBGene00019834.,0,16,16
WBGene00019835.,0,0,0
WBGene00019836.,114,2030,2144
WBGene00019837.,30,204,234
WBGene00019838.,411,6215,6626
WBGene00019839.,1,894,895
WBGene00019840.,7,225,232
WBGene00019841.,115,2775,2890
WBGene00019842.,1368,1147,2515
WBGene00019843.,94,1335,1429
WBGene00019844.,278,804,1082
WBGene00019845.,23,50,73
WBGene00019846.,7,62,69
WBGene00019847.,805,1334,2139
WBGene00019849.,7,59,66
WBGene00019850.,1,2,3
WBGene00019851.,2,11,13
WBGene00019853.,3,58,61
WBGene00019854.,28,268,296
WBGene00019855.,493,3244,3737
WBGene00019856.,4,0,4
WBGene00019857.,4,0,4
WBGene00019858.,20,253,273
WBGene00019859.,2,76,78
WBGene00019861.,11,40,51
WBGene00019862.,29,1223,1252
WBGene00019863.,333,901,1234
WBGene00019864.,69,739,808
WBGene00019865.,12,137,149
WBGene00019866.,17,112,129
WBGene00019867.,106,1180,1286
WBGene00019868.,61,915,976
WBGene00019869.,7,30,37
WBGene00019870.,17,367,384
WBGene00019871.,27,1326,1353
WBGene00019872.,309,956,1265
WBGene00019873.,84,718,802
WBGene00019874.,8,57,65
WBGene00019875.,109,2320,2429
WBGene00019877.,40,2204,2244
WBGene00019878.,22,214,236
WBGene00019879.,0,0,0
WBGene00019880.,0,0,0
WBGene00019881.,108,1346,1454
WBGene00019882.,362,2835,3197
WBGene00019883.,116,2517,2633
WBGene00019884.,118,1131,1249
WBGene00019885.,84,769,853
WBGene00019886.,0,2,2
WBGene00019887.,34,24,58
WBGene00019888.,339,4485,4824
WBGene00019890.,54,9455,9509
WBGene00019891.,10,22,32
WBGene00019892.,53,1214,1267
WBGene00019893.,154,16707,16861
WBGene00019894.,27,120,147
WBGene00019895.,198,2020,2218
WBGene00019896.,54,175,229
WBGene00019898.,191,1818,2009
WBGene00019899.,261,740,1001
WBGene00019900.,845,94599,95444
WBGene00019901.,11,241,252
WBGene00019902.,329,897,1226
WBGene00019903.,0,9,9
WBGene00019904.,187,2732,2919
WBGene00019905.,1,14,15
WBGene00019906.,7,150,157
WBGene00019907.,34,426,460
WBGene00019908.,655,4244,4899
WBGene00019909.,124,100,224
WBGene00019911.,112,1681,1793
WBGene00019912.,2,5,7
WBGene00019913.,12,9,21
WBGene00019914.,33,322,355
WBGene00019915.,109,1045,1154
WBGene00019916.,0,0,0
WBGene00019917.,1,20,21
WBGene00019918.,22,257,279
WBGene00019919.,0,1,1
WBGene00019920.,2,0,2
WBGene00019921.,0,9,9
WBGene00019922.,4,27,31
WBGene00019923.,0,8,8
WBGene00019924.,43,466,509
WBGene00019925.,2,6,8
WBGene00019926.,1,9,10
WBGene00019927.,2,21,23
WBGene00019928.,4,10,14
WBGene00019929.,5,6,11
WBGene00019930.,0,2,2
WBGene00019931.,0,0,0
WBGene00019932.,3,9,12
WBGene00019933.,0,3,3
WBGene00019934.,0,2,2
WBGene00019935.,55,160,215
WBGene00019937.,0,13729,13729
WBGene00019938.,103,812,915
WBGene00019939.,14,38,52
WBGene00019940.,335,6913,7248
WBGene00019941.,184,7009,7193
WBGene00019943.,133,1266,1399
WBGene00019944.,82,2925,3007
WBGene00019945.,0,0,0
WBGene00019946.,133,3216,3349
WBGene00019947.,27,30197,30224
WBGene00019948.,19,133,152
WBGene00019949.,1,6,7
WBGene00019950.,6,12,18
WBGene00019951.,4,36,40
WBGene00019952.,1,632,633
WBGene00019953.,224,4617,4841
WBGene00019954.,0,2,2
WBGene00019955.,439,1350,1789
WBGene00019956.,0,29,29
WBGene00019957.,8,103,111
WBGene00019959.,98,779,877
WBGene00019960.,106,829,935
WBGene00019961.,2,25,27
WBGene00019962.,50,615,665
WBGene00019963.,33,1021,1054
WBGene00019964.,12,65,77
WBGene00019965.,27,120,147
WBGene00019966.,7,26,33
WBGene00019967.,51,1000,1051
WBGene00019968.,28,968,996
WBGene00019969.,1,1,2
WBGene00019970.,3,107,110
WBGene00019971.,90,2223,2313
WBGene00019972.,5,32,37
WBGene00019973.,8,40,48
WBGene00019975.,130,993,1123
WBGene00019976.,0,10,10
WBGene00019977.,9,36,45
WBGene00019978.,4,70,74
WBGene00019979.,21,181,202
WBGene00019980.,6,5,11
WBGene00019981.,16,4,20
WBGene00019982.,18,10,28
WBGene00019983.,125,8218,8343
WBGene00019986.,7,78,85
WBGene00019987.,19,659,678
WBGene00019988.,15,2096,2111
WBGene00019989.,2,29,31
WBGene00019991.,0,0,0
WBGene00019992.,0,4,4
WBGene00019993.,40,2265,2305
WBGene00019994.,250,657,907
WBGene00019995.,32,213,245
WBGene00019996.,5,7,12
WBGene00019997.,18,37,55
WBGene00019998.,645,5948,6593
WBGene00019999.,41,157,198
WBGene00020003.,25,24,49
WBGene00020004.,1,6,7
WBGene00020006.,302,1057,1359
WBGene00020007.,97,5321,5418
WBGene00020008.,37,279,316
WBGene00020010.,11,63,74
WBGene00020011.,90,715,805
WBGene00020012.,338,7131,7469
WBGene00020013.,0,2,2
WBGene00020014.,4,60,64
WBGene00020015.,1,13,14
WBGene00020016.,6,3,9
WBGene00020017.,19,212,231
WBGene00020018.,83,913,996
WBGene00020019.,9,6,15
WBGene00020020.,0,36,36
WBGene00020021.,1,19,20
WBGene00020022.,30,748,778
WBGene00020023.,57,528,585
WBGene00020025.,97,8190,8287
WBGene00020026.,262,2899,3161
WBGene00020027.,189,3947,4136
WBGene00020028.,37,570,607
WBGene00020029.,190,2652,2842
WBGene00020030.,38,677,715
WBGene00020031.,195,2109,2304
WBGene00020032.,2,9,11
WBGene00020033.,178,3516,3694
WBGene00020034.,20,135,155
WBGene00020035.,4,65,69
WBGene00020036.,302,4420,4722
WBGene00020037.,75,5785,5860
WBGene00020038.,253,5897,6150
WBGene00020039.,92,1526,1618
WBGene00020040.,110,687,797
WBGene00020041.,3,9,12
WBGene00020042.,1,0,1
WBGene00020043.,47,584,631
WBGene00020045.,48,489,537
WBGene00020046.,8,24,32
WBGene00020047.,37,269,306
WBGene00020048.,20,291,311
WBGene00020049.,7,968,975
WBGene00020050.,31,199,230
WBGene00020051.,83,1513,1596
WBGene00020052.,16,1033,1049
WBGene00020053.,0,17,17
WBGene00020054.,184,12986,13170
WBGene00020055.,1,7,8
WBGene00020056.,1,7,8
WBGene00020057.,4,5,9
WBGene00020058.,279,2271,2550
WBGene00020059.,8,3,11
WBGene00020060.,18,20,38
WBGene00020062.,24,1227,1251
WBGene00020063.,4,3,7
WBGene00020064.,186,1239,1425
WBGene00020065.,0,1,1
WBGene00020066.,2,2,4
WBGene00020067.,0,4,4
WBGene00020068.,583,8618,9201
WBGene00020069.,223,619,842
WBGene00020070.,0,0,0
WBGene00020071.,0,0,0
WBGene00020072.,0,0,0
WBGene00020073.,0,1,1
WBGene00020075.,0,15,15
WBGene00020076.,0,0,0
WBGene00020077.,1,0,1
WBGene00020078.,1,7,8
WBGene00020080.,7,1,8
WBGene00020081.,0,0,0
WBGene00020082.,501,2643,3144
WBGene00020083.,88,1064,1152
WBGene00020084.,1,8,9
WBGene00020086.,44,100,144
WBGene00020087.,40,110,150
WBGene00020088.,45,214,259
WBGene00020089.,861,3340,4201
WBGene00020090.,179,614,793
WBGene00020091.,11,222,233
WBGene00020092.,395,3250,3645
WBGene00020093.,85,488,573
WBGene00020094.,46,1136,1182
WBGene00020095.,38,869,907
WBGene00020096.,7,987,994
WBGene00020097.,1044,19361,20405
WBGene00020098.,29,378,407
WBGene00020099.,188,1250,1438
WBGene00020100.,88,452,540
WBGene00020101.,171,1454,1625
WBGene00020102.,385,2843,3228
WBGene00020103.,3,475,478
WBGene00020104.,78,1348,1426
WBGene00020105.,157,405,562
WBGene00020106.,464,3578,4042
WBGene00020107.,136,5474,5610
WBGene00020109.,36,1547,1583
WBGene00020110.,412,5620,6032
WBGene00020111.,87,1073,1160
WBGene00020112.,1012,14279,15291
WBGene00020113.,2,1158,1160
WBGene00020114.,4488,16157,20645
WBGene00020115.,896,7787,8683
WBGene00020116.,4,6,10
WBGene00020117.,1,6,7
WBGene00020118.,0,2,2
WBGene00020119.,2,5,7
WBGene00020120.,2,2,4
WBGene00020121.,1,6,7
WBGene00020122.,8,8,16
WBGene00020123.,0,3,3
WBGene00020125.,26,314,340
WBGene00020126.,70,2537,2607
WBGene00020127.,1,1,2
WBGene00020128.,206,60,266
WBGene00020129.,0,4,4
WBGene00020130.,61,119,180
WBGene00020131.,1275,5863,7138
WBGene00020134.,1395,1081,2476
WBGene00020135.,116,1827,1943
WBGene00020136.,3,11,14
WBGene00020137.,50,591,641
WBGene00020138.,6,52,58
WBGene00020139.,73,1355,1428
WBGene00020140.,0,3,3
WBGene00020141.,45,515,560
WBGene00020142.,311,2675,2986
WBGene00020143.,1131,15858,16989
WBGene00020144.,20,79,99
WBGene00020145.,19,6,25
WBGene00020146.,179,16353,16532
WBGene00020148.,24,261,285
WBGene00020149.,53,2202,2255
WBGene00020150.,11,12,23
WBGene00020151.,0,46,46
WBGene00020152.,9,37,46
WBGene00020153.,9,96,105
WBGene00020154.,2,21,23
WBGene00020155.,44,74423,74467
WBGene00020156.,116,39474,39590
WBGene00020157.,62,69,131
WBGene00020158.,33,301,334
WBGene00020160.,259,2672,2931
WBGene00020163.,119,668,787
WBGene00020164.,20,360,380
WBGene00020166.,159,3546,3705
WBGene00020167.,1,11,12
WBGene00020168.,13,164,177
WBGene00020169.,87,2757,2844
WBGene00020170.,76,83,159
WBGene00020171.,580,2900,3480
WBGene00020172.,100,745,845
WBGene00020173.,1,10,11
WBGene00020174.,3,0,3
WBGene00020175.,5,34,39
WBGene00020176.,3,1,4
WBGene00020177.,0,1,1
WBGene00020178.,0,2,2
WBGene00020179.,1,6,7
WBGene00020180.,1,0,1
WBGene00020181.,5664,71640,77304
WBGene00020182.,3,7,10
WBGene00020183.,26,409,435
WBGene00020184.,63,2238,2301
WBGene00020185.,56,17528,17584
WBGene00020187.,51,406,457
WBGene00020188.,4,84,88
WBGene00020189.,196,649,845
WBGene00020190.,820,6115,6935
WBGene00020191.,11,38,49
WBGene00020192.,42,6189,6231
WBGene00020193.,56,946,1002
WBGene00020194.,262,4732,4994
WBGene00020195.,132,10993,11125
WBGene00020196.,120,309,429
WBGene00020197.,76,1886,1962
WBGene00020199.,13,837,850
WBGene00020200.,484,7051,7535
WBGene00020201.,1,11,12
WBGene00020202.,0,1,1
WBGene00020203.,11,6,17
WBGene00020204.,0,6,6
WBGene00020205.,0,20,20
WBGene00020207.,247,1641,1888
WBGene00020208.,565,2533,3098
WBGene00020209.,1112,5373,6485
WBGene00020210.,0,3,3
WBGene00020211.,0,6,6
WBGene00020212.,43,69,112
WBGene00020214.,76,682,758
WBGene00020215.,223,4237,4460
WBGene00020216.,125,22167,22292
WBGene00020217.,1,2,3
WBGene00020218.,15,110,125
WBGene00020219.,52,553,605
WBGene00020220.,20,651,671
WBGene00020221.,0,0,0
WBGene00020222.,22,677,699
WBGene00020223.,2,38,40
WBGene00020224.,32,236,268
WBGene00020225.,7,15,22
WBGene00020227.,4,20,24
WBGene00020228.,1,7,8
WBGene00020229.,174,5502,5676
WBGene00020230.,639,3162,3801
WBGene00020231.,29,188,217
WBGene00020232.,2,2,4
WBGene00020233.,7,90,97
WBGene00020234.,613,3019,3632
WBGene00020235.,253,1566,1819
WBGene00020236.,68,58,126
WBGene00020237.,2,4476,4478
WBGene00020238.,3,4,7
WBGene00020239.,1,9,10
WBGene00020240.,0,53,53
WBGene00020241.,0,11,11
WBGene00020242.,0,125,125
WBGene00020243.,1,29,30
WBGene00020244.,1,37,38
WBGene00020245.,60,603,663
WBGene00020246.,223,11128,11351
WBGene00020247.,13,17,30
WBGene00020248.,18,841,859
WBGene00020249.,205,917,1122
WBGene00020250.,27,635,662
WBGene00020251.,1223,5549,6772
WBGene00020252.,12,36,48
WBGene00020254.,7,15,22
WBGene00020256.,12,24,36
WBGene00020258.,38,164,202
WBGene00020259.,106,954,1060
WBGene00020260.,383,3609,3992
WBGene00020261.,1,20,21
WBGene00020262.,48,149,197
WBGene00020263.,321,1501,1822
WBGene00020264.,57,687,744
WBGene00020265.,0,3,3
WBGene00020266.,4,18,22
WBGene00020267.,12,127,139
WBGene00020268.,314,2806,3120
WBGene00020269.,1143,16306,17449
WBGene00020270.,7,67,74
WBGene00020271.,4,2,6
WBGene00020273.,500,2046,2546
WBGene00020274.,126,2823,2949
WBGene00020275.,5954,77163,83117
WBGene00020276.,1,205,206
WBGene00020277.,8,64,72
WBGene00020279.,264,643,907
WBGene00020280.,2,25,27
WBGene00020281.,30,136,166
WBGene00020282.,3,3,6
WBGene00020283.,33,214,247
WBGene00020284.,622,2977,3599
WBGene00020285.,3,16,19
WBGene00020286.,33,2099,2132
WBGene00020287.,107,3989,4096
WBGene00020288.,5,10,15
WBGene00020289.,2,4,6
WBGene00020290.,0,1,1
WBGene00020291.,1,2,3
WBGene00020292.,0,2,2
WBGene00020293.,1,2,3
WBGene00020294.,717,2176,2893
WBGene00020295.,49,500,549
WBGene00020296.,225,2608,2833
WBGene00020297.,2500,24036,26536
WBGene00020298.,250,2540,2790
WBGene00020299.,278,1854,2132
WBGene00020300.,32,714,746
WBGene00020301.,318,1330,1648
WBGene00020302.,0,226,226
WBGene00020304.,26,17,43
WBGene00020305.,1,0,1
WBGene00020306.,7,0,7
WBGene00020307.,39,169,208
WBGene00020308.,6,11,17
WBGene00020309.,12,5,17
WBGene00020311.,20,744,764
WBGene00020313.,15,51,66
WBGene00020314.,67,850,917
WBGene00020315.,131,7923,8054
WBGene00020316.,363,1502,1865
WBGene00020317.,330,15392,15722
WBGene00020318.,7,48,55
WBGene00020319.,3,51,54
WBGene00020320.,12,366,378
WBGene00020321.,32,902,934
WBGene00020322.,21,1250,1271
WBGene00020323.,10,45,55
WBGene00020324.,224,2162,2386
WBGene00020325.,1,19,20
WBGene00020326.,1,1,2
WBGene00020327.,0,50,50
WBGene00020328.,0,10,10
WBGene00020329.,0,9,9
WBGene00020330.,102,1145,1247
WBGene00020333.,0,14,14
WBGene00020334.,344,2626,2970
WBGene00020335.,26,257,283
WBGene00020338.,0,11,11
WBGene00020339.,6,331,337
WBGene00020340.,2,57,59
WBGene00020341.,69,824,893
WBGene00020342.,0,8,8
WBGene00020343.,56,562,618
WBGene00020345.,17,55,72
WBGene00020346.,617,2740,3357
WBGene00020347.,1487,9520,11007
WBGene00020348.,27,3246,3273
WBGene00020349.,17,81,98
WBGene00020350.,0,21,21
WBGene00020351.,0,1,1
WBGene00020352.,3,4,7
WBGene00020353.,2,1,3
WBGene00020354.,1,3,4
WBGene00020356.,2,4,6
WBGene00020357.,5,1,6
WBGene00020358.,1,10,11
WBGene00020359.,0,6,6
WBGene00020360.,23,118,141
WBGene00020361.,22,8,30
WBGene00020362.,0,3,3
WBGene00020363.,40,408,448
WBGene00020364.,0,2,2
WBGene00020365.,61,145,206
WBGene00020366.,609,10727,11336
WBGene00020368.,49,1317,1366
WBGene00020369.,65,740,805
WBGene00020370.,2,34,36
WBGene00020371.,1,3,4
WBGene00020372.,4,16,20
WBGene00020373.,15,1474,1489
WBGene00020374.,2068,3330,5398
WBGene00020375.,13,369,382
WBGene00020376.,50,660,710
WBGene00020377.,49,565,614
WBGene00020378.,62,573,635
WBGene00020379.,74,4028,4102
WBGene00020380.,11,12,23
WBGene00020381.,18,95,113
WBGene00020382.,1845,42288,44133
WBGene00020383.,1275,4908,6183
WBGene00020384.,1,4,5
WBGene00020385.,98,99,197
WBGene00020386.,2,7,9
WBGene00020388.,7,19,26
WBGene00020389.,304,6143,6447
WBGene00020390.,125,2535,2660
WBGene00020391.,98,27302,27400
WBGene00020392.,74,1873,1947
WBGene00020393.,14,66,80
WBGene00020394.,47,405,452
WBGene00020396.,39,376,415
WBGene00020397.,537,7722,8259
WBGene00020398.,221,2292,2513
WBGene00020399.,254,3449,3703
WBGene00020400.,1,2,3
WBGene00020401.,47,106,153
WBGene00020402.,139,2382,2521
WBGene00020403.,304,2511,2815
WBGene00020404.,40,619,659
WBGene00020406.,0,0,0
WBGene00020407.,39,555,594
WBGene00020408.,147,741,888
WBGene00020409.,1,1,2
WBGene00020410.,0,0,0
WBGene00020411.,21,508,529
WBGene00020412.,78,772,850
WBGene00020413.,163,2264,2427
WBGene00020414.,8,8,16
WBGene00020415.,38,488,526
WBGene00020416.,3,1,4
WBGene00020417.,68,18654,18722
WBGene00020418.,31,211,242
WBGene00020419.,32,115,147
WBGene00020420.,7,55,62
WBGene00020421.,5,25,30
WBGene00020422.,29,930,959
WBGene00020423.,38,6433,6471
WBGene00020424.,7,129,136
WBGene00020425.,93,1064,1157
WBGene00020426.,13,724,737
WBGene00020427.,93,1438,1531
WBGene00020428.,1,1,2
WBGene00020430.,4,0,4
WBGene00020431.,0,3,3
WBGene00020432.,4,3,7
WBGene00020433.,0,4,4
WBGene00020434.,0,1,1
WBGene00020435.,2,0,2
WBGene00020436.,85,90,175
WBGene00020437.,66,7871,7937
WBGene00020438.,0,1,1
WBGene00020439.,2,2,4
WBGene00020440.,0,4,4
WBGene00020441.,307,2053,2360
WBGene00020442.,83,2105,2188
WBGene00020443.,435,2037,2472
WBGene00020444.,24,101,125
WBGene00020445.,61,485,546
WBGene00020446.,44,1940,1984
WBGene00020447.,310,3565,3875
WBGene00020448.,0,9,9
WBGene00020449.,1,13,14
WBGene00020450.,18,365,383
WBGene00020451.,40,521,561
WBGene00020452.,0,0,0
WBGene00020453.,1,33,34
WBGene00020454.,0,11,11
WBGene00020455.,0,38,38
WBGene00020456.,3,34,37
WBGene00020457.,36,1172,1208
WBGene00020458.,0,7,7
WBGene00020459.,0,0,0
WBGene00020460.,1,18,19
WBGene00020461.,21,86,107
WBGene00020462.,168,1002,1170
WBGene00020463.,46,714,760
WBGene00020464.,14,646,660
WBGene00020465.,34,210,244
WBGene00020466.,19,716,735
WBGene00020467.,6,27,33
WBGene00020468.,3,5,8
WBGene00020469.,0,0,0
WBGene00020471.,582,5019,5601
WBGene00020472.,2,30,32
WBGene00020473.,3,5,8
WBGene00020474.,9,9,18
WBGene00020475.,216,3146,3362
WBGene00020476.,3,6,9
WBGene00020478.,164,551,715
WBGene00020479.,666,5804,6470
WBGene00020480.,100,1359,1459
WBGene00020481.,172,2873,3045
WBGene00020482.,33,118,151
WBGene00020483.,3,75,78
WBGene00020484.,4,114,118
WBGene00020485.,7,47,54
WBGene00020486.,149,1051,1200
WBGene00020487.,8,330,338
WBGene00020488.,3,97,100
WBGene00020489.,195,1109,1304
WBGene00020490.,528,2934,3462
WBGene00020491.,57,652,709
WBGene00020492.,3,8,11
WBGene00020494.,16,18,34
WBGene00020496.,577,3938,4515
WBGene00020497.,7,2337,2344
WBGene00020498.,164,1829,1993
WBGene00020499.,343,2761,3104
WBGene00020500.,91,1267,1358
WBGene00020501.,176,2703,2879
WBGene00020502.,212,1035,1247
WBGene00020503.,10,56,66
WBGene00020504.,675,1863,2538
WBGene00020505.,13,54,67
WBGene00020506.,114,346,460
WBGene00020507.,65,4230,4295
WBGene00020508.,16,756,772
WBGene00020509.,228,2231,2459
WBGene00020510.,42,1120,1162
WBGene00020511.,365,7420,7785
WBGene00020515.,1,6,7
WBGene00020516.,9,59,68
WBGene00020517.,65,3891,3956
WBGene00020520.,5,3,8
WBGene00020522.,10,4,14
WBGene00020523.,4,14,18
WBGene00020524.,12,19,31
WBGene00020525.,2,0,2
WBGene00020526.,0,7,7
WBGene00020527.,61,118,179
WBGene00020528.,15,61,76
WBGene00020530.,389,4800,5189
WBGene00020531.,26,93,119
WBGene00020532.,3,3,6
WBGene00020533.,2,0,2
WBGene00020534.,0,0,0
WBGene00020535.,0,0,0
WBGene00020536.,0,0,0
WBGene00020537.,0,14,14
WBGene00020539.,0,1,1
WBGene00020540.,48,709,757
WBGene00020541.,1,1,2
WBGene00020542.,0,2,2
WBGene00020543.,0,1,1
WBGene00020544.,0,1,1
WBGene00020545.,1,1,2
WBGene00020546.,0,1,1
WBGene00020547.,0,4,4
WBGene00020548.,0,0,0
WBGene00020549.,4,6593,6597
WBGene00020550.,4,414,418
WBGene00020551.,20,153,173
WBGene00020553.,82,3303,3385
WBGene00020554.,74,853,927
WBGene00020555.,10,80,90
WBGene00020556.,86,437,523
WBGene00020557.,169,2481,2650
WBGene00020558.,84,799,883
WBGene00020559.,66,361,427
WBGene00020560.,54,198,252
WBGene00020561.,1057,11929,12986
WBGene00020562.,311,4181,4492
WBGene00020563.,224,2344,2568
WBGene00020564.,27,192,219
WBGene00020565.,8,662,670
WBGene00020566.,33,432,465
WBGene00020567.,16,63,79
WBGene00020568.,361,3876,4237
WBGene00020569.,94,466,560
WBGene00020571.,13,65,78
WBGene00020572.,86,570,656
WBGene00020573.,18,398,416
WBGene00020574.,5,16,21
WBGene00020575.,30,127,157
WBGene00020576.,0,69,69
WBGene00020577.,6,87,93
WBGene00020578.,0,2,2
WBGene00020579.,40,280,320
WBGene00020580.,2,9,11
WBGene00020581.,669,2835,3504
WBGene00020582.,1,206,207
WBGene00020583.,1,53,54
WBGene00020584.,6,7,13
WBGene00020585.,450,11493,11943
WBGene00020586.,65,306,371
WBGene00020587.,175,1216,1391
WBGene00020588.,107,3223,3330
WBGene00020589.,1169,16895,18064
WBGene00020590.,4,32,36
WBGene00020591.,7,40,47
WBGene00020592.,103,1054,1157
WBGene00020593.,18,327,345
WBGene00020594.,7,16,23
WBGene00020595.,24,377,401
WBGene00020596.,81,1063,1144
WBGene00020598.,3,6,9
WBGene00020599.,40,261,301
WBGene00020600.,320,2303,2623
WBGene00020601.,113,4200,4313
WBGene00020602.,2,36,38
WBGene00020603.,0,2,2
WBGene00020604.,75,5423,5498
WBGene00020605.,131,1641,1772
WBGene00020607.,0,2,2
WBGene00020608.,1,5,6
WBGene00020609.,1,0,1
WBGene00020611.,3,2,5
WBGene00020612.,14,266,280
WBGene00020613.,0,1,1
WBGene00020614.,1,0,1
WBGene00020615.,3,4,7
WBGene00020616.,1,15,16
WBGene00020617.,0,24,24
WBGene00020618.,0,6,6
WBGene00020619.,2,3,5
WBGene00020620.,2,14,16
WBGene00020622.,0,2,2
WBGene00020623.,0,1,1
WBGene00020624.,0,2,2
WBGene00020625.,64,2209,2273
WBGene00020626.,30,233,263
WBGene00020627.,70,121,191
WBGene00020628.,196,1619,1815
WBGene00020629.,80,1563,1643
WBGene00020630.,87,1123,1210
WBGene00020631.,0,1,1
WBGene00020632.,86,457,543
WBGene00020633.,72,1651,1723
WBGene00020634.,29,64,93
WBGene00020635.,10,24,34
WBGene00020636.,158,24124,24282
WBGene00020637.,0,1,1
WBGene00020638.,2,6,8
WBGene00020639.,0,1,1
WBGene00020640.,0,1,1
WBGene00020641.,0,1,1
WBGene00020642.,7,11,18
WBGene00020645.,2,3,5
WBGene00020646.,4,23,27
WBGene00020647.,88,2236,2324
WBGene00020648.,4,47,51
WBGene00020649.,78,320,398
WBGene00020650.,0,4,4
WBGene00020651.,50,469,519
WBGene00020652.,4,50,54
WBGene00020653.,3,18,21
WBGene00020655.,11,14,25
WBGene00020656.,0,5,5
WBGene00020657.,49,159,208
WBGene00020658.,29,790,819
WBGene00020659.,0,8,8
WBGene00020660.,0,4,4
WBGene00020661.,0,9,9
WBGene00020662.,94,1001,1095
WBGene00020663.,49,138,187
WBGene00020664.,80,28,108
WBGene00020665.,1,13,14
WBGene00020666.,3,3,6
WBGene00020667.,4,20,24
WBGene00020669.,10,0,10
WBGene00020670.,0,3,3
WBGene00020672.,237,28,265
WBGene00020673.,79,1246,1325
WBGene00020674.,5,29,34
WBGene00020675.,15,30,45
WBGene00020678.,157,782,939
WBGene00020679.,542,17994,18536
WBGene00020680.,1,14,15
WBGene00020682.,378,4984,5362
WBGene00020683.,146,14089,14235
WBGene00020684.,6,91,97
WBGene00020686.,80,21,101
WBGene00020687.,190,4335,4525
WBGene00020688.,7,35,42
WBGene00020689.,298,1278,1576
WBGene00020690.,308,923,1231
WBGene00020691.,95,201,296
WBGene00020692.,18,336,354
WBGene00020693.,219,2011,2230
WBGene00020694.,36,155,191
WBGene00020695.,80,1955,2035
WBGene00020696.,467,22322,22789
WBGene00020697.,52,283,335
WBGene00020698.,7,14,21
WBGene00020699.,29,123,152
WBGene00020700.,1,58,59
WBGene00020701.,40,348,388
WBGene00020702.,47,153,200
WBGene00020703.,179,4788,4967
WBGene00020705.,410,1945,2355
WBGene00020706.,381,856,1237
WBGene00020707.,2,15,17
WBGene00020708.,4,127,131
WBGene00020709.,21,1617,1638
WBGene00020710.,64,5528,5592
WBGene00020711.,0,0,0
WBGene00020712.,56,219,275
WBGene00020713.,1,9,10
WBGene00020714.,16,232,248
WBGene00020715.,0,74,74
WBGene00020716.,52,507,559
WBGene00020717.,416,3450,3866
WBGene00020718.,68,2559,2627
WBGene00020719.,93,3067,3160
WBGene00020720.,4,41,45
WBGene00020721.,47,576,623
WBGene00020722.,98,1504,1602
WBGene00020725.,7,123,130
WBGene00020726.,44,722,766
WBGene00020727.,18,175,193
WBGene00020728.,11,13,24
WBGene00020729.,98,93,191
WBGene00020730.,4,77,81
WBGene00020732.,854,14921,15775
WBGene00020735.,556,4062,4618
WBGene00020736.,1376,3162,4538
WBGene00020737.,35,247,282
WBGene00020738.,236,5376,5612
WBGene00020739.,1,6,7
WBGene00020740.,14,350,364
WBGene00020741.,4,294,298
WBGene00020742.,221,1556,1777
WBGene00020743.,26,348,374
WBGene00020744.,1,74,75
WBGene00020746.,2,17,19
WBGene00020747.,3,30,33
WBGene00020748.,1,16,17
WBGene00020749.,2,16,18
WBGene00020750.,2,14,16
WBGene00020751.,0,1,1
WBGene00020752.,0,0,0
WBGene00020753.,0,0,0
WBGene00020754.,0,1,1
WBGene00020755.,0,1,1
WBGene00020756.,175,2462,2637
WBGene00020757.,31,522,553
WBGene00020758.,132,370,502
WBGene00020759.,12,70,82
WBGene00020760.,16,73,89
WBGene00020761.,80,643,723
WBGene00020762.,201,3572,3773
WBGene00020763.,76,966,1042
WBGene00020764.,1,6,7
WBGene00020765.,33,320,353
WBGene00020766.,0,30,30
WBGene00020767.,101,2490,2591
WBGene00020769.,7,7,14
WBGene00020770.,466,617,1083
WBGene00020771.,0,2,2
WBGene00020772.,1,4,5
WBGene00020773.,3,6,9
WBGene00020774.,2,9,11
WBGene00020775.,2,20,22
WBGene00020777.,32,138,170
WBGene00020778.,5,31,36
WBGene00020779.,967,4904,5871
WBGene00020781.,251,5299,5550
WBGene00020782.,133,1373,1506
WBGene00020783.,77,362,439
WBGene00020784.,8,97,105
WBGene00020785.,0,27,27
WBGene00020786.,26,171,197
WBGene00020787.,6,15,21
WBGene00020788.,8,145,153
WBGene00020789.,2,5,7
WBGene00020790.,40,363,403
WBGene00020791.,0,8,8
WBGene00020792.,2,23,25
WBGene00020793.,31,32,63
WBGene00020794.,2,15,17
WBGene00020795.,50,18,68
WBGene00020796.,67,5792,5859
WBGene00020797.,14,45,59
WBGene00020798.,73,644,717
WBGene00020799.,2,106,108
WBGene00020800.,28,341,369
WBGene00020801.,15,630,645
WBGene00020802.,0,25,25
WBGene00020803.,10,88,98
WBGene00020804.,3,15,18
WBGene00020805.,0,42,42
WBGene00020806.,17,324,341
WBGene00020807.,27,56,83
WBGene00020808.,21563,356437,378000
WBGene00020809.,2,4,6
WBGene00020811.,209,1637,1846
WBGene00020812.,938,17570,18508
WBGene00020813.,25,13,38
WBGene00020817.,0,225,225
WBGene00020819.,19,257,276
WBGene00020820.,42,768,810
WBGene00020821.,181,3617,3798
WBGene00020822.,117,1034,1151
WBGene00020823.,116,763,879
WBGene00020824.,323,2805,3128
WBGene00020825.,137,752,889
WBGene00020826.,79,114,193
WBGene00020827.,527,5075,5602
WBGene00020829.,7,1,8
WBGene00020830.,147,597,744
WBGene00020831.,97,2361,2458
WBGene00020832.,8,8,16
WBGene00020833.,24,467,491
WBGene00020834.,24,47,71
WBGene00020835.,109,6,115
WBGene00020836.,234,8691,8925
WBGene00020837.,6,142,148
WBGene00020838.,317,9798,10115
WBGene00020839.,118,2623,2741
WBGene00020840.,0,58,58
WBGene00020841.,0,3,3
WBGene00020842.,41,406,447
WBGene00020843.,15,478,493
WBGene00020844.,0,483,483
WBGene00020845.,0,3,3
WBGene00020846.,66,680,746
WBGene00020847.,42,170,212
WBGene00020849.,3,54,57
WBGene00020850.,4,26,30
WBGene00020851.,5,23,28
WBGene00020852.,188,1286,1474
WBGene00020853.,17,197,214
WBGene00020854.,372,13583,13955
WBGene00020855.,123,898,1021
WBGene00020856.,5,29,34
WBGene00020857.,8,15,23
WBGene00020858.,50,53,103
WBGene00020859.,1,3,4
WBGene00020860.,0,97,97
WBGene00020861.,257,881,1138
WBGene00020862.,484,6363,6847
WBGene00020863.,19,34,53
WBGene00020864.,46,30,76
WBGene00020865.,82,1197,1279
WBGene00020866.,466,838,1304
WBGene00020867.,623,3557,4180
WBGene00020868.,1820,25169,26989
WBGene00020869.,37,905,942
WBGene00020870.,1,5,6
WBGene00020871.,0,1,1
WBGene00020872.,0,1,1
WBGene00020873.,0,9,9
WBGene00020874.,1,3,4
WBGene00020875.,0,3,3
WBGene00020877.,5,38,43
WBGene00020878.,17,357,374
WBGene00020879.,1,0,1
WBGene00020880.,0,2,2
WBGene00020881.,0,6,6
WBGene00020882.,0,2,2
WBGene00020883.,17,980,997
WBGene00020884.,479,5466,5945
WBGene00020885.,32,28,60
WBGene00020886.,118,11064,11182
WBGene00020887.,103,661,764
WBGene00020888.,2,3,5
WBGene00020889.,24,191,215
WBGene00020890.,2,1,3
WBGene00020891.,301,2034,2335
WBGene00020892.,2,16,18
WBGene00020893.,16,81,97
WBGene00020894.,1703,71514,73217
WBGene00020895.,1057,8473,9530
WBGene00020896.,3,296,299
WBGene00020897.,500,3651,4151
WBGene00020898.,13,351,364
WBGene00020899.,0,14,14
WBGene00020900.,5,2,7
WBGene00020901.,130,1171,1301
WBGene00020902.,984,6121,7105
WBGene00020903.,24,46,70
WBGene00020904.,47,187,234
WBGene00020905.,0,3,3
WBGene00020906.,7,87,94
WBGene00020908.,68,716,784
WBGene00020909.,134,670,804
WBGene00020910.,24,341,365
WBGene00020911.,24,267,291
WBGene00020912.,90,2867,2957
WBGene00020913.,3,20,23
WBGene00020914.,5,5,10
WBGene00020915.,287,37771,38058
WBGene00020917.,306,3748,4054
WBGene00020918.,7,4,11
WBGene00020919.,38,1304,1342
WBGene00020920.,231,1649,1880
WBGene00020921.,96,2986,3082
WBGene00020922.,0,26,26
WBGene00020923.,0,14,14
WBGene00020924.,38,257,295
WBGene00020927.,53,7,60
WBGene00020929.,201,1825,2026
WBGene00020930.,3256,12891,16147
WBGene00020931.,36,5477,5513
WBGene00020932.,361,3918,4279
WBGene00020933.,46,1871,1917
WBGene00020935.,238,1556,1794
WBGene00020936.,96,2678,2774
WBGene00020937.,33,1241,1274
WBGene00020938.,2,18,20
WBGene00020939.,64,1668,1732
WBGene00020940.,1,5,6
WBGene00020941.,19,54,73
WBGene00020942.,314,3117,3431
WBGene00020943.,3,5,8
WBGene00020944.,17,35,52
WBGene00020945.,52,0,52
WBGene00020946.,9,8,17
WBGene00020947.,41,169,210
WBGene00020948.,2,49,51
WBGene00020949.,24,622,646
WBGene00020950.,477,24152,24629
WBGene00020951.,253,3658,3911
WBGene00020952.,140,232,372
WBGene00020953.,0,25,25
WBGene00020954.,30,502,532
WBGene00020955.,333,236,569
WBGene00020957.,143,519,662
WBGene00020961.,10,5,15
WBGene00020962.,22,130,152
WBGene00020964.,170,698,868
WBGene00020966.,10,4,14
WBGene00020967.,4,28,32
WBGene00020970.,245,2072,2317
WBGene00020971.,0,0,0
WBGene00020972.,5,12,17
WBGene00020973.,1,16,17
WBGene00020974.,0,5,5
WBGene00020976.,3,12,15
WBGene00020977.,13,47,60
WBGene00020978.,13,2,15
WBGene00020979.,1,1,2
WBGene00020981.,2,17,19
WBGene00020982.,1,0,1
WBGene00020983.,2,7,9
WBGene00020984.,0,11,11
WBGene00020985.,4,62,66
WBGene00020986.,15,30,45
WBGene00020987.,1,3,4
WBGene00020988.,1,7,8
WBGene00020989.,0,7,7
WBGene00020990.,0,3,3
WBGene00020991.,0,5,5
WBGene00020992.,3,4,7
WBGene00020993.,50,3308,3358
WBGene00020994.,46,4194,4240
WBGene00020995.,12,55,67
WBGene00020997.,54,156,210
WBGene00020999.,98,1460,1558
WBGene00021000.,14,822,836
WBGene00021001.,6,7,13
WBGene00021002.,171,1830,2001
WBGene00021003.,0,25,25
WBGene00021004.,390,6865,7255
WBGene00021005.,5,35,40
WBGene00021006.,4,2,6
WBGene00021007.,1,1,2
WBGene00021008.,23,75,98
WBGene00021009.,2660,5806,8466
WBGene00021010.,1,5,6
WBGene00021011.,0,97,97
WBGene00021012.,63,989,1052
WBGene00021013.,0,97,97
WBGene00021014.,2,166,168
WBGene00021015.,3,178,181
WBGene00021016.,11,14,25
WBGene00021017.,8,84,92
WBGene00021018.,0,17,17
WBGene00021019.,10,17,27
WBGene00021020.,136,223,359
WBGene00021021.,947,4241,5188
WBGene00021022.,265,1449,1714
WBGene00021023.,0,8,8
WBGene00021024.,461,8463,8924
WBGene00021025.,11,34,45
WBGene00021026.,419,9590,10009
WBGene00021027.,56,193,249
WBGene00021028.,13,13,26
WBGene00021029.,0,36,36
WBGene00021030.,0,12,12
WBGene00021031.,7,86,93
WBGene00021032.,5,3,8
WBGene00021033.,0,0,0
WBGene00021034.,2,48,50
WBGene00021035.,5,129,134
WBGene00021036.,1511,12673,14184
WBGene00021037.,21,148,169
WBGene00021038.,75,334,409
WBGene00021039.,49,812,861
WBGene00021040.,10,55,65
WBGene00021041.,3,19,22
WBGene00021042.,6,58,64
WBGene00021043.,748,45497,46245
WBGene00021044.,217,2874,3091
WBGene00021045.,1,14,15
WBGene00021046.,194,1470,1664
WBGene00021047.,623,3434,4057
WBGene00021048.,87,305,392
WBGene00021049.,78,1242,1320
WBGene00021050.,0,92223,92223
WBGene00021051.,53,964,1017
WBGene00021052.,25,407,432
WBGene00021053.,2,50,52
WBGene00021054.,0,8,8
WBGene00021055.,30,185,215
WBGene00021056.,11,44,55
WBGene00021057.,35,1164,1199
WBGene00021058.,253,1048,1301
WBGene00021059.,321,1134,1455
WBGene00021060.,19,86,105
WBGene00021061.,97,1162,1259
WBGene00021063.,66,1337,1403
WBGene00021066.,3,355,358
WBGene00021067.,4,19,23
WBGene00021068.,429,1427,1856
WBGene00021070.,15,25,40
WBGene00021072.,3,6,9
WBGene00021073.,442,8701,9143
WBGene00021074.,73,4567,4640
WBGene00021075.,6836,167,7003
WBGene00021076.,28,404,432
WBGene00021078.,1183,5198,6381
WBGene00021079.,1087,13013,14100
WBGene00021080.,620,3769,4389
WBGene00021081.,46,39,85
WBGene00021082.,17,795,812
WBGene00021083.,0,5,5
WBGene00021084.,0,2,2
WBGene00021085.,0,1,1
WBGene00021086.,0,0,0
WBGene00021087.,3,11,14
WBGene00021088.,169,27561,27730
WBGene00021089.,13,207,220
WBGene00021090.,17,2,19
WBGene00021091.,0,7,7
WBGene00021092.,0,1,1
WBGene00021093.,47,5219,5266
WBGene00021094.,11,52,63
WBGene00021095.,74,4701,4775
WBGene00021096.,12,3,15
WBGene00021097.,208,3944,4152
WBGene00021098.,0,0,0
WBGene00021099.,1,9,10
WBGene00021100.,6,78,84
WBGene00021101.,3,14,17
WBGene00021103.,228,1200,1428
WBGene00021104.,256,1397,1653
WBGene00021106.,0,0,0
WBGene00021107.,0,0,0
WBGene00021108.,0,0,0
WBGene00021109.,1,1,2
WBGene00021110.,2,3,5
WBGene00021111.,22,368,390
WBGene00021112.,8,1785,1793
WBGene00021113.,0,0,0
WBGene00021114.,0,1,1
WBGene00021115.,0,12,12
WBGene00021116.,56,632,688
WBGene00021117.,2,20,22
WBGene00021118.,4,1,5
WBGene00021120.,3,14,17
WBGene00021121.,13,173,186
WBGene00021122.,5,2,7
WBGene00021123.,14,242,256
WBGene00021124.,42,184,226
WBGene00021125.,21,79,100
WBGene00021127.,13,243,256
WBGene00021128.,586,8889,9475
WBGene00021129.,13,26,39
WBGene00021130.,26,19,45
WBGene00021131.,139,846,985
WBGene00021132.,222,1416,1638
WBGene00021133.,352,8385,8737
WBGene00021134.,1,16,17
WBGene00021135.,0,0,0
WBGene00021136.,2,24,26
WBGene00021137.,0,1,1
WBGene00021138.,0,0,0
WBGene00021139.,0,0,0
WBGene00021140.,0,0,0
WBGene00021141.,0,1,1
WBGene00021142.,0,1,1
WBGene00021143.,0,2,2
WBGene00021144.,1,1,2
WBGene00021145.,0,0,0
WBGene00021146.,101,758,859
WBGene00021148.,4,41,45
WBGene00021149.,355,3915,4270
WBGene00021150.,0,4,4
WBGene00021151.,1,0,1
WBGene00021152.,45,231,276
WBGene00021153.,4,1,5
WBGene00021154.,1,1,2
WBGene00021155.,13,697,710
WBGene00021156.,26,147,173
WBGene00021157.,11,82,93
WBGene00021158.,2,45,47
WBGene00021159.,53,257,310
WBGene00021160.,53,147,200
WBGene00021161.,1570,19762,21332
WBGene00021162.,0,1,1
WBGene00021163.,13,150,163
WBGene00021164.,2,2,4
WBGene00021165.,0,0,0
WBGene00021166.,0,0,0
WBGene00021167.,4,21,25
WBGene00021168.,5,22,27
WBGene00021169.,0,0,0
WBGene00021170.,55,3334,3389
WBGene00021171.,207,1917,2124
WBGene00021173.,1,5,6
WBGene00021174.,0,0,0
WBGene00021175.,2,0,2
WBGene00021176.,100,899,999
WBGene00021177.,2,0,2
WBGene00021178.,3,54,57
WBGene00021179.,0,0,0
WBGene00021180.,4,12,16
WBGene00021181.,7,2,9
WBGene00021182.,5,9,14
WBGene00021183.,4,12,16
WBGene00021184.,0,1,1
WBGene00021185.,72,404,476
WBGene00021186.,26,96,122
WBGene00021187.,5,1787,1792
WBGene00021188.,0,1,1
WBGene00021190.,3,32,35
WBGene00021191.,234,2659,2893
WBGene00021192.,20,337,357
WBGene00021193.,0,2,2
WBGene00021195.,9,134,143
WBGene00021196.,7,86,93
WBGene00021197.,0,1,1
WBGene00021198.,4,5,9
WBGene00021199.,15,61,76
WBGene00021200.,37,145,182
WBGene00021201.,6,326,332
WBGene00021202.,133,2257,2390
WBGene00021204.,20,139,159
WBGene00021205.,40,1385,1425
WBGene00021207.,2,5,7
WBGene00021208.,123,1653,1776
WBGene00021209.,359,1584,1943
WBGene00021210.,122,1750,1872
WBGene00021212.,20,41,61
WBGene00021213.,33,196,229
WBGene00021214.,9,22,31
WBGene00021215.,35,41,76
WBGene00021216.,0,0,0
WBGene00021217.,0,0,0
WBGene00021218.,0,0,0
WBGene00021219.,0,0,0
WBGene00021220.,0,32,32
WBGene00021221.,0,0,0
WBGene00021222.,0,1,1
WBGene00021223.,0,0,0
WBGene00021224.,0,0,0
WBGene00021225.,0,0,0
WBGene00021226.,0,0,0
WBGene00021227.,0,0,0
WBGene00021228.,0,0,0
WBGene00021230.,0,0,0
WBGene00021232.,1,2,3
WBGene00021233.,2,3,5
WBGene00021234.,1,0,1
WBGene00021235.,1,2,3
WBGene00021236.,0,32,32
WBGene00021237.,268,708,976
WBGene00021238.,466,282,748
WBGene00021239.,345,860,1205
WBGene00021241.,0,2,2
WBGene00021243.,0,6,6
WBGene00021244.,138,92,230
WBGene00021245.,67,778,845
WBGene00021246.,85,467,552
WBGene00021247.,220,551,771
WBGene00021248.,3532,123562,127094
WBGene00021249.,14,65,79
WBGene00021252.,1,3,4
WBGene00021253.,7,128,135
WBGene00021254.,63,91,154
WBGene00021256.,10,9,19
WBGene00021257.,2,7,9
WBGene00021259.,9,12,21
WBGene00021260.,202,1128,1330
WBGene00021261.,4,2,6
WBGene00021262.,0,12,12
WBGene00021263.,13,8,21
WBGene00021264.,41,574,615
WBGene00021265.,45,257,302
WBGene00021266.,1,0,1
WBGene00021267.,8,60,68
WBGene00021268.,16,654,670
WBGene00021269.,121,569,690
WBGene00021270.,12,4004,4016
WBGene00021271.,51,358,409
WBGene00021272.,35,809,844
WBGene00021273.,0,0,0
WBGene00021274.,138,1804,1942
WBGene00021275.,148,270,418
WBGene00021276.,686,2625,3311
WBGene00021277.,134,4398,4532
WBGene00021278.,19,62,81
WBGene00021279.,1,52,53
WBGene00021280.,0,4,4
WBGene00021281.,1452,6961,8413
WBGene00021282.,18,214,232
WBGene00021284.,2,6,8
WBGene00021285.,0,11,11
WBGene00021286.,259,3303,3562
WBGene00021287.,1,18,19
WBGene00021288.,1,9,10
WBGene00021289.,1,21,22
WBGene00021290.,0,0,0
WBGene00021291.,0,3,3
WBGene00021292.,417,6388,6805
WBGene00021293.,0,2,2
WBGene00021294.,581,1135,1716
WBGene00021295.,243,1841,2084
WBGene00021296.,30,1577,1607
WBGene00021297.,5,56,61
WBGene00021298.,0,0,0
WBGene00021299.,0,16,16
WBGene00021300.,0,1,1
WBGene00021301.,11,60,71
WBGene00021302.,8,17,25
WBGene00021303.,0,4,4
WBGene00021304.,99,458,557
WBGene00021305.,561,1360,1921
WBGene00021309.,27,328,355
WBGene00021310.,9,27,36
WBGene00021311.,114,1703,1817
WBGene00021312.,71,4285,4356
WBGene00021313.,139,1416,1555
WBGene00021314.,102,1144,1246
WBGene00021315.,61,1460,1521
WBGene00021316.,353,4010,4363
WBGene00021317.,0,1,1
WBGene00021319.,179,1113,1292
WBGene00021320.,152,675,827
WBGene00021321.,5,8,13
WBGene00021322.,88,649,737
WBGene00021323.,223,2504,2727
WBGene00021324.,124,726,850
WBGene00021325.,50,319,369
WBGene00021326.,14,88,102
WBGene00021327.,1487,7712,9199
WBGene00021328.,43,532,575
WBGene00021329.,223,1606,1829
WBGene00021331.,178,9318,9496
WBGene00021332.,352,722,1074
WBGene00021333.,155,328,483
WBGene00021334.,1002,1900,2902
WBGene00021335.,0,88,88
WBGene00021336.,0,2,2
WBGene00021337.,6,24,30
WBGene00021338.,9,38,47
WBGene00021339.,2,7,9
WBGene00021340.,62,564,626
WBGene00021342.,48,32,80
WBGene00021343.,86,220,306
WBGene00021344.,130,162,292
WBGene00021345.,0,7,7
WBGene00021346.,416,2576,2992
WBGene00021347.,424,8574,8998
WBGene00021348.,473,7036,7509
WBGene00021349.,50,529,579
WBGene00021350.,59047,623672,682719
WBGene00021351.,212,6505,6717
WBGene00021352.,227,3230,3457
WBGene00021353.,87,237,324
WBGene00021354.,24,62,86
WBGene00021355.,685,5420,6105
WBGene00021357.,36,110,146
WBGene00021358.,8,34,42
WBGene00021359.,190,1955,2145
WBGene00021360.,6,12,18
WBGene00021362.,113,363,476
WBGene00021363.,236,598,834
WBGene00021364.,1,17,18
WBGene00021365.,181,1217,1398
WBGene00021366.,157,1279,1436
WBGene00021367.,23,1393,1416
WBGene00021368.,6,5,11
WBGene00021369.,119,967,1086
WBGene00021370.,287,2596,2883
WBGene00021371.,44,496,540
WBGene00021372.,13,1273,1286
WBGene00021373.,2,4,6
WBGene00021374.,295,953,1248
WBGene00021375.,77,2090,2167
WBGene00021376.,108,647,755
WBGene00021377.,42,1876,1918
WBGene00021378.,137,1778,1915
WBGene00021379.,17,146,163
WBGene00021380.,2,1,3
WBGene00021381.,4,2,6
WBGene00021382.,2706,2752,5458
WBGene00021383.,25,33,58
WBGene00021384.,27,78,105
WBGene00021385.,0,40,40
WBGene00021386.,17,45,62
WBGene00021387.,92,505,597
WBGene00021388.,159,1366,1525
WBGene00021389.,38,230,268
WBGene00021390.,0,6,6
WBGene00021391.,16,608,624
WBGene00021392.,61,2631,2692
WBGene00021394.,218,1362,1580
WBGene00021395.,145,1599,1744
WBGene00021396.,83,390,473
WBGene00021397.,2,4,6
WBGene00021398.,0,3,3
WBGene00021400.,81,662,743
WBGene00021401.,43,1565,1608
WBGene00021402.,72,758,830
WBGene00021403.,0,0,0
WBGene00021404.,0,0,0
WBGene00021405.,0,2,2
WBGene00021406.,0,0,0
WBGene00021407.,0,0,0
WBGene00021408.,0,0,0
WBGene00021409.,0,0,0
WBGene00021410.,40,40,80
WBGene00021412.,19,47,66
WBGene00021413.,19,5,24
WBGene00021414.,0,0,0
WBGene00021415.,303,3008,3311
WBGene00021416.,122,1083,1205
WBGene00021417.,12,79,91
WBGene00021418.,6,44,50
WBGene00021419.,34,322,356
WBGene00021420.,77,30740,30817
WBGene00021421.,175,2637,2812
WBGene00021423.,962,1818,2780
WBGene00021425.,327,2694,3021
WBGene00021427.,767,46504,47271
WBGene00021428.,17,6,23
WBGene00021430.,91,213,304
WBGene00021433.,0,3,3
WBGene00021434.,2,4,6
WBGene00021435.,8,5,13
WBGene00021436.,36,92,128
WBGene00021437.,85,67,152
WBGene00021438.,80,44,124
WBGene00021439.,436,1476,1912
WBGene00021440.,148,730,878
WBGene00021441.,508,4663,5171
WBGene00021442.,77,710,787
WBGene00021443.,434,1673,2107
WBGene00021444.,443,906,1349
WBGene00021446.,108,301,409
WBGene00021448.,4,10,14
WBGene00021449.,0,16,16
WBGene00021450.,5,10,15
WBGene00021451.,13,0,13
WBGene00021452.,54,1029,1083
WBGene00021453.,0,0,0
WBGene00021454.,1,0,1
WBGene00021456.,218,927,1145
WBGene00021457.,4,33,37
WBGene00021458.,1,17,18
WBGene00021460.,104,1542,1646
WBGene00021461.,78,82,160
WBGene00021463.,8,11,19
WBGene00021464.,3,98,101
WBGene00021465.,5,167,172
WBGene00021466.,689,14473,15162
WBGene00021467.,68,1936,2004
WBGene00021468.,37,3063,3100
WBGene00021469.,24,3679,3703
WBGene00021470.,118,814,932
WBGene00021471.,8,26,34
WBGene00021472.,1,2,3
WBGene00021473.,283,128,411
WBGene00021474.,1236,4772,6008
WBGene00021475.,607,7463,8070
WBGene00021476.,71,1155,1226
WBGene00021477.,21,16,37
WBGene00021478.,53,572,625
WBGene00021479.,7,13,20
WBGene00021482.,104,1072,1176
WBGene00021483.,3,7,10
WBGene00021484.,1,1,2
WBGene00021485.,4,2,6
WBGene00021486.,684,26531,27215
WBGene00021487.,97,558,655
WBGene00021488.,0,1,1
WBGene00021489.,11,2,13
WBGene00021490.,13,21,34
WBGene00021491.,1,9,10
WBGene00021492.,36,266,302
WBGene00021493.,53,457,510
WBGene00021494.,8,38,46
WBGene00021495.,3,40,43
WBGene00021496.,13,12,25
WBGene00021497.,164,410,574
WBGene00021500.,0,18,18
WBGene00021502.,41,480,521
WBGene00021503.,10,121,131
WBGene00021504.,20,87,107
WBGene00021505.,14,36,50
WBGene00021506.,231,3929,4160
WBGene00021507.,1306,3515,4821
WBGene00021508.,64,1591,1655
WBGene00021509.,1055,3160,4215
WBGene00021510.,127,737,864
WBGene00021511.,38,70,108
WBGene00021512.,362,855,1217
WBGene00021513.,122,25,147
WBGene00021514.,109,3960,4069
WBGene00021515.,59,428,487
WBGene00021516.,12,34,46
WBGene00021517.,6,6,12
WBGene00021518.,3,74,77
WBGene00021519.,2,15,17
WBGene00021520.,0,23,23
WBGene00021521.,10,57,67
WBGene00021522.,1035,2068,3103
WBGene00021524.,24,96,120
WBGene00021525.,11,32,43
WBGene00021526.,66,156,222
WBGene00021527.,182,583,765
WBGene00021528.,259,882,1141
WBGene00021529.,57,1905,1962
WBGene00021530.,7,6,13
WBGene00021531.,119,37,156
WBGene00021532.,315,14700,15015
WBGene00021533.,17,918,935
WBGene00021534.,1295,17223,18518
WBGene00021535.,2650,239,2889
WBGene00021536.,136,3569,3705
WBGene00021537.,16,19,35
WBGene00021538.,73,706,779
WBGene00021539.,266,3148,3414
WBGene00021540.,27,179,206
WBGene00021541.,3,218,221
WBGene00021542.,21,9,30
WBGene00021543.,90,3362,3452
WBGene00021544.,137,1050,1187
WBGene00021545.,672,1939,2611
WBGene00021546.,141,980,1121
WBGene00021547.,90,924,1014
WBGene00021548.,69,3121,3190
WBGene00021549.,829,1324,2153
WBGene00021551.,429,3455,3884
WBGene00021552.,323,2084,2407
WBGene00021553.,8,26,34
WBGene00021554.,123,2452,2575
WBGene00021555.,7,129,136
WBGene00021556.,92,624,716
WBGene00021557.,0,129,129
WBGene00021558.,223,2475,2698
WBGene00021559.,113,1528,1641
WBGene00021560.,31,51,82
WBGene00021561.,598,1137,1735
WBGene00021562.,617,8446,9063
WBGene00021563.,134,2519,2653
WBGene00021564.,543,1556,2099
WBGene00021565.,5,6,11
WBGene00021566.,0,0,0
WBGene00021567.,0,0,0
WBGene00021568.,0,0,0
WBGene00021569.,0,0,0
WBGene00021570.,0,0,0
WBGene00021571.,0,0,0
WBGene00021572.,0,0,0
WBGene00021573.,0,0,0
WBGene00021574.,0,0,0
WBGene00021576.,3,30,33
WBGene00021578.,1,0,1
WBGene00021579.,0,2,2
WBGene00021580.,0,1,1
WBGene00021581.,6,2,8
WBGene00021582.,0,3,3
WBGene00021583.,12,41,53
WBGene00021585.,0,0,0
WBGene00021586.,4,1,5
WBGene00021587.,8,21,29
WBGene00021589.,8,1604,1612
WBGene00021590.,4,10,14
WBGene00021591.,0,0,0
WBGene00021592.,0,1,1
WBGene00021593.,9,2,11
WBGene00021594.,14,38,52
WBGene00021595.,244,3850,4094
WBGene00021596.,86,263,349
WBGene00021597.,3201,2608,5809
WBGene00021599.,42,165,207
WBGene00021600.,21,317,338
WBGene00021601.,8,6,14
WBGene00021602.,5,14,19
WBGene00021603.,1,6,7
WBGene00021604.,1,1,2
WBGene00021605.,16,97,113
WBGene00021606.,9,19,28
WBGene00021607.,1,229,230
WBGene00021608.,1,2,3
WBGene00021609.,14,21,35
WBGene00021610.,28,354,382
WBGene00021611.,67,378,445
WBGene00021612.,0,13,13
WBGene00021613.,273,1798,2071
WBGene00021614.,495,6632,7127
WBGene00021615.,2,0,2
WBGene00021616.,0,0,0
WBGene00021617.,2,1,3
WBGene00021619.,0,0,0
WBGene00021620.,0,1,1
WBGene00021621.,0,4,4
WBGene00021622.,1,0,1
WBGene00021623.,0,1,1
WBGene00021624.,4,41,45
WBGene00021625.,0,1580,1580
WBGene00021626.,175,727,902
WBGene00021627.,2,9,11
WBGene00021628.,367,2361,2728
WBGene00021629.,432,3402,3834
WBGene00021630.,1,3,4
WBGene00021631.,1,0,1
WBGene00021632.,1,3,4
WBGene00021633.,11,27,38
WBGene00021634.,302,963,1265
WBGene00021635.,4,29,33
WBGene00021636.,121,1139,1260
WBGene00021637.,129,853,982
WBGene00021638.,273,2781,3054
WBGene00021639.,8,62,70
WBGene00021640.,139,226,365
WBGene00021641.,44,33,77
WBGene00021643.,129,980,1109
WBGene00021644.,125,3386,3511
WBGene00021645.,147,823,970
WBGene00021646.,267,1642,1909
WBGene00021647.,393,5762,6155
WBGene00021648.,10,1596,1606
WBGene00021649.,4,244,248
WBGene00021650.,1,7,8
WBGene00021651.,3,11,14
WBGene00021653.,0,4,4
WBGene00021654.,2,158,160
WBGene00021655.,35,949,984
WBGene00021656.,6,21,27
WBGene00021657.,93,620,713
WBGene00021658.,3,175,178
WBGene00021660.,682,3992,4674
WBGene00021661.,58,196,254
WBGene00021662.,2,30,32
WBGene00021664.,1,5,6
WBGene00021666.,106,1265,1371
WBGene00021667.,4,59,63
WBGene00021668.,18,39,57
WBGene00021671.,6,48,54
WBGene00021672.,36,20,56
WBGene00021673.,29,14,43
WBGene00021675.,82,226,308
WBGene00021676.,22,512,534
WBGene00021677.,37,781,818
WBGene00021678.,12,4,16
WBGene00021679.,32,477,509
WBGene00021681.,1188,2268,3456
WBGene00021682.,717,1492,2209
WBGene00021683.,195,497,692
WBGene00021685.,1236,1229,2465
WBGene00021686.,1197,3481,4678
WBGene00021687.,119,913,1032
WBGene00021689.,227,648,875
WBGene00021690.,94,1417,1511
WBGene00021691.,140,3410,3550
WBGene00021692.,35,366,401
WBGene00021693.,55,174,229
WBGene00021694.,10,73,83
WBGene00021697.,2130,7926,10056
WBGene00021698.,657,1934,2591
WBGene00021700.,0,12,12
WBGene00021701.,40,25,65
WBGene00021702.,180,1379,1559
WBGene00021703.,3,2,5
WBGene00021704.,60,116,176
WBGene00021706.,9,44,53
WBGene00021707.,2,38,40
WBGene00021708.,1,21,22
WBGene00021709.,9,137,146
WBGene00021710.,2,24,26
WBGene00021711.,1,2,3
WBGene00021713.,0,1,1
WBGene00021714.,98,664,762
WBGene00021715.,341,5250,5591
WBGene00021716.,1,7,8
WBGene00021717.,0,1,1
WBGene00021718.,0,0,0
WBGene00021719.,0,0,0
WBGene00021720.,5,3,8
WBGene00021721.,17,121,138
WBGene00021722.,1,6,7
WBGene00021723.,0,0,0
WBGene00021724.,2,2,4
WBGene00021725.,23,200,223
WBGene00021726.,4,24,28
WBGene00021727.,0,2,2
WBGene00021728.,5,45,50
WBGene00021729.,0,2,2
WBGene00021730.,0,10,10
WBGene00021731.,3,40,43
WBGene00021732.,126,343,469
WBGene00021733.,660,1601,2261
WBGene00021734.,34,109,143
WBGene00021735.,362,1521,1883
WBGene00021736.,103,2076,2179
WBGene00021737.,0,4,4
WBGene00021738.,269,877,1146
WBGene00021739.,25,1796,1821
WBGene00021740.,154,487,641
WBGene00021741.,41,226,267
WBGene00021743.,98,334,432
WBGene00021744.,1,1,2
WBGene00021745.,55,205,260
WBGene00021746.,1,4,5
WBGene00021747.,11,19,30
WBGene00021748.,118,815,933
WBGene00021749.,130,1256,1386
WBGene00021750.,50,431,481
WBGene00021751.,1257,318,1575
WBGene00021752.,840,689,1529
WBGene00021753.,463,1992,2455
WBGene00021754.,1136,9529,10665
WBGene00021755.,77,167,244
WBGene00021756.,425,849,1274
WBGene00021757.,432,2997,3429
WBGene00021758.,246,1483,1729
WBGene00021763.,99,575,674
WBGene00021764.,59,662,721
WBGene00021765.,445,936,1381
WBGene00021766.,91,743,834
WBGene00021768.,17,599,616
WBGene00021771.,445,1646,2091
WBGene00021772.,4,0,4
WBGene00021773.,0,0,0
WBGene00021774.,1,10,11
WBGene00021776.,201,624,825
WBGene00021778.,6,187,193
WBGene00021779.,0,1,1
WBGene00021780.,0,0,0
WBGene00021781.,59,593,652
WBGene00021783.,436,3599,4035
WBGene00021784.,102,2191,2293
WBGene00021785.,105,3405,3510
WBGene00021786.,3,10,13
WBGene00021787.,4,5,9
WBGene00021788.,253,52,305
WBGene00021789.,379,2013,2392
WBGene00021790.,4,3,7
WBGene00021791.,1,2,3
WBGene00021792.,0,3,3
WBGene00021793.,1,0,1
WBGene00021794.,6,13,19
WBGene00021795.,3,87,90
WBGene00021796.,79,1817,1896
WBGene00021797.,5,14,19
WBGene00021798.,3,0,3
WBGene00021799.,28,151,179
WBGene00021800.,577,18706,19283
WBGene00021801.,0,1,1
WBGene00021804.,0,24,24
WBGene00021805.,0,2,2
WBGene00021806.,0,0,0
WBGene00021807.,19,46,65
WBGene00021808.,511,1835,2346
WBGene00021809.,0,6,6
WBGene00021810.,942,1922,2864
WBGene00021811.,620,6472,7092
WBGene00021812.,36,614,650
WBGene00021813.,142,3355,3497
WBGene00021814.,27,47,74
WBGene00021815.,108,2623,2731
WBGene00021816.,135,3182,3317
WBGene00021817.,53,415,468
WBGene00021818.,1308,10229,11537
WBGene00021819.,9,23,32
WBGene00021820.,553,865,1418
WBGene00021821.,0,8,8
WBGene00021826.,298,5823,6121
WBGene00021827.,104,859,963
WBGene00021828.,396,1954,2350
WBGene00021829.,49,8088,8137
WBGene00021830.,157,7353,7510
WBGene00021831.,616,2445,3061
WBGene00021832.,75,229,304
WBGene00021833.,9,2,11
WBGene00021834.,22,1038,1060
WBGene00021835.,74,877,951
WBGene00021838.,745,2528,3273
WBGene00021839.,602,8980,9582
WBGene00021840.,362,812,1174
WBGene00021841.,29,502,531
WBGene00021842.,391,1439,1830
WBGene00021843.,848,7723,8571
WBGene00021844.,203,4566,4769
WBGene00021845.,57,6031,6088
WBGene00021846.,208,765,973
WBGene00021847.,229,2232,2461
WBGene00021848.,44,117,161
WBGene00021849.,924,25068,25992
WBGene00021850.,52,264,316
WBGene00021852.,37,373,410
WBGene00021853.,0,150,150
WBGene00021854.,310,3087,3397
WBGene00021855.,157,898,1055
WBGene00021856.,553,1544,2097
WBGene00021857.,1831,10610,12441
WBGene00021858.,10,15,25
WBGene00021859.,1,8,9
WBGene00021860.,3,2,5
WBGene00021861.,1,17,18
WBGene00021862.,5,5,10
WBGene00021863.,117,677,794
WBGene00021864.,79,689,768
WBGene00021865.,16,17,33
WBGene00021866.,65,901,966
WBGene00021867.,193,2133,2326
WBGene00021868.,266,3793,4059
WBGene00021869.,8,70,78
WBGene00021870.,125,1424,1549
WBGene00021871.,68,280,348
WBGene00021872.,16,77,93
WBGene00021873.,1,1,2
WBGene00021875.,728,10446,11174
WBGene00021876.,409,1889,2298
WBGene00021877.,65,148,213
WBGene00021878.,9,1,10
WBGene00021879.,2,42,44
WBGene00021880.,0,1,1
WBGene00021881.,95,145,240
WBGene00021882.,1183,1780,2963
WBGene00021883.,158,10188,10346
WBGene00021884.,1,512,513
WBGene00021885.,8,6,14
WBGene00021886.,595,217,812
WBGene00021887.,18,142,160
WBGene00021888.,290,10297,10587
WBGene00021889.,2,12,14
WBGene00021890.,695,6374,7069
WBGene00021892.,12,16,28
WBGene00021893.,3115,7640,10755
WBGene00021894.,1896,15142,17038
WBGene00021895.,4,8,12
WBGene00021897.,153,594,747
WBGene00021898.,4,213,217
WBGene00021899.,577,10666,11243
WBGene00021900.,142,4186,4328
WBGene00021901.,30,3068,3098
WBGene00021902.,127,697,824
WBGene00021904.,70,1144,1214
WBGene00021905.,97,788,885
WBGene00021906.,428,1173,1601
WBGene00021907.,2,3,5
WBGene00021908.,1,8,9
WBGene00021909.,37,1495,1532
WBGene00021910.,273,1442,1715
WBGene00021911.,1,13,14
WBGene00021912.,117,804,921
WBGene00021913.,54,1570,1624
WBGene00021914.,225,772,997
WBGene00021915.,326,1659,1985
WBGene00021917.,22,460,482
WBGene00021918.,84,3718,3802
WBGene00021919.,28,252,280
WBGene00021920.,712,6611,7323
WBGene00021921.,602,5559,6161
WBGene00021922.,67,2370,2437
WBGene00021923.,199,607,806
WBGene00021925.,211,881,1092
WBGene00021926.,341,2921,3262
WBGene00021927.,20,526,546
WBGene00021928.,51,392,443
WBGene00021929.,43,2339,2382
WBGene00021930.,447,12983,13430
WBGene00021931.,189,542,731
WBGene00021932.,127,1447,1574
WBGene00021933.,38,643,681
WBGene00021934.,281,8232,8513
WBGene00021935.,180,994,1174
WBGene00021936.,964,3327,4291
WBGene00021938.,138,2688,2826
WBGene00021939.,75,129,204
WBGene00021941.,45,156,201
WBGene00021942.,33,378,411
WBGene00021943.,354,4797,5151
WBGene00021945.,165,554,719
WBGene00021947.,7,48,55
WBGene00021948.,691,2709,3400
WBGene00021949.,1,10,11
WBGene00021950.,71,603,674
WBGene00021951.,10,13,23
WBGene00021952.,389,7133,7522
WBGene00021953.,6,26,32
WBGene00021956.,91,2701,2792
WBGene00021957.,2,1,3
WBGene00021958.,7,26,33
WBGene00021959.,664,11712,12376
WBGene00021960.,241,7703,7944
WBGene00021961.,0,0,0
WBGene00021963.,64,404,468
WBGene00021964.,1,0,1
WBGene00021965.,68,707,775
WBGene00021966.,0,8,8
WBGene00021967.,0,1,1
WBGene00021968.,60,29,89
WBGene00021969.,1,0,1
WBGene00021970.,22,15,37
WBGene00021971.,0,2,2
WBGene00021972.,62,521,583
WBGene00021973.,334,2699,3033
WBGene00021974.,213,2890,3103
WBGene00021975.,46,434,480
WBGene00021976.,36,585,621
WBGene00021977.,9,153,162
WBGene00021978.,0,70,70
WBGene00021979.,2,1413,1415
WBGene00021980.,162,463,625
WBGene00021981.,61,4231,4292
WBGene00021983.,109,2745,2854
WBGene00021984.,67,510,577
WBGene00021985.,275,1812,2087
WBGene00021986.,223,1575,1798
WBGene00021987.,0,1,1
WBGene00021988.,0,0,0
WBGene00021990.,22,36,58
WBGene00021992.,1,0,1
WBGene00021993.,0,10,10
WBGene00021994.,13,109,122
WBGene00021995.,0,1,1
WBGene00021996.,0,1,1
WBGene00021997.,0,0,0
WBGene00021998.,0,0,0
WBGene00021999.,0,0,0
WBGene00022000.,0,0,0
WBGene00022001.,10,0,10
WBGene00022002.,0,0,0
WBGene00022003.,0,0,0
WBGene00022004.,23,380,403
WBGene00022005.,0,5,5
WBGene00022006.,0,0,0
WBGene00022007.,0,0,0
WBGene00022008.,3,3,6
WBGene00022010.,218,2123,2341
WBGene00022011.,4,5,9
WBGene00022012.,1,23,24
WBGene00022013.,1,159,160
WBGene00022014.,340,564,904
WBGene00022015.,595,2506,3101
WBGene00022016.,7,16,23
WBGene00022017.,2,85,87
WBGene00022018.,22,396,418
WBGene00022019.,683,3983,4666
WBGene00022020.,0,4,4
WBGene00022021.,546,5679,6225
WBGene00022022.,62,1620,1682
WBGene00022023.,1,0,1
WBGene00022024.,4,149,153
WBGene00022025.,208,2838,3046
WBGene00022026.,471,3591,4062
WBGene00022027.,521,7561,8082
WBGene00022028.,13,10,23
WBGene00022029.,145,3378,3523
WBGene00022030.,9,13,22
WBGene00022031.,158,1071,1229
WBGene00022032.,12,11,23
WBGene00022033.,52,442,494
WBGene00022034.,42,689,731
WBGene00022035.,40,50,90
WBGene00022036.,34,163,197
WBGene00022037.,119,1222,1341
WBGene00022038.,135,1454,1589
WBGene00022039.,6,63,69
WBGene00022040.,11,51,62
WBGene00022042.,14262,180502,194764
WBGene00022043.,30,1294,1324
WBGene00022044.,36,2316,2352
WBGene00022045.,648,6553,7201
WBGene00022046.,8,32289,32297
WBGene00022047.,4,104,108
WBGene00022048.,2377,29032,31409
WBGene00022051.,219,970,1189
WBGene00022052.,103,825,928
WBGene00022053.,1212,21952,23164
WBGene00022054.,67,764,831
WBGene00022055.,21,604,625
WBGene00022056.,126,340,466
WBGene00022057.,87,2149,2236
WBGene00022059.,2967,2949,5916
WBGene00022060.,14,611,625
WBGene00022061.,33,59,92
WBGene00022062.,26,55,81
WBGene00022063.,134,1379,1513
WBGene00022064.,2,0,2
WBGene00022066.,0,18,18
WBGene00022067.,218,696,914
WBGene00022069.,401,11698,12099
WBGene00022070.,0,12,12
WBGene00022071.,16,145,161
WBGene00022072.,3911,60126,64037
WBGene00022073.,151,1077,1228
WBGene00022074.,319,1719,2038
WBGene00022075.,778,14854,15632
WBGene00022076.,12,10,22
WBGene00022077.,152,1639,1791
WBGene00022078.,1364,3129,4493
WBGene00022079.,7,5,12
WBGene00022082.,3,13,16
WBGene00022083.,0,6,6
WBGene00022085.,8,11,19
WBGene00022086.,49,52,101
WBGene00022087.,1316,1710,3026
WBGene00022089.,1754,86733,88487
WBGene00022090.,7,11,18
WBGene00022092.,250,4622,4872
WBGene00022093.,1527,25833,27360
WBGene00022094.,2,1,3
WBGene00022095.,0,0,0
WBGene00022096.,0,0,0
WBGene00022097.,1,1,2
WBGene00022099.,399,7516,7915
WBGene00022100.,942,2434,3376
WBGene00022101.,40,244,284
WBGene00022102.,10,58,68
WBGene00022103.,343,739,1082
WBGene00022104.,274,406,680
WBGene00022106.,141,310,451
WBGene00022107.,80,1991,2071
WBGene00022108.,13,17,30
WBGene00022110.,12,174,186
WBGene00022111.,0,121,121
WBGene00022112.,0,7,7
WBGene00022113.,46,218,264
WBGene00022114.,188,24792,24980
WBGene00022115.,241,2252,2493
WBGene00022117.,517,879,1396
WBGene00022118.,157,1190,1347
WBGene00022119.,39,6457,6496
WBGene00022121.,334,1075,1409
WBGene00022122.,219,29460,29679
WBGene00022123.,108,633,741
WBGene00022124.,279,624,903
WBGene00022125.,68,804,872
WBGene00022126.,163,776,939
WBGene00022127.,15,20991,21006
WBGene00022128.,161,1675,1836
WBGene00022129.,99,838,937
WBGene00022130.,8,80,88
WBGene00022131.,134,685,819
WBGene00022133.,0,1,1
WBGene00022134.,1007,4726,5733
WBGene00022138.,457,1101,1558
WBGene00022139.,402,1643,2045
WBGene00022140.,24,10,34
WBGene00022141.,23,1558,1581
WBGene00022142.,6,12,18
WBGene00022143.,2,6,8
WBGene00022144.,90,9450,9540
WBGene00022145.,6,14,20
WBGene00022146.,111,5853,5964
WBGene00022148.,1397,4057,5454
WBGene00022149.,388,21976,22364
WBGene00022150.,33,4333,4366
WBGene00022152.,420,1555,1975
WBGene00022153.,412,1444,1856
WBGene00022154.,44,315,359
WBGene00022155.,93,1155,1248
WBGene00022156.,2,33,35
WBGene00022157.,10,4,14
WBGene00022158.,58,936,994
WBGene00022159.,433,5364,5797
WBGene00022160.,21,756,777
WBGene00022161.,18,562,580
WBGene00022162.,0,0,0
WBGene00022163.,14,24,38
WBGene00022165.,160,930,1090
WBGene00022166.,213,644,857
WBGene00022167.,157,1129,1286
WBGene00022168.,503,2001,2504
WBGene00022169.,548,6749,7297
WBGene00022170.,7017,90338,97355
WBGene00022171.,0,143,143
WBGene00022172.,0,87,87
WBGene00022173.,0,1094,1094
WBGene00022174.,262,944,1206
WBGene00022175.,143,619,762
WBGene00022176.,275,2108,2383
WBGene00022177.,3,17,20
WBGene00022178.,6,104,110
WBGene00022179.,9,40,49
WBGene00022180.,308,5209,5517
WBGene00022181.,19,66,85
WBGene00022182.,533,3002,3535
WBGene00022185.,199,2024,2223
WBGene00022188.,169,1955,2124
WBGene00022189.,0,4,4
WBGene00022190.,23,530,553
WBGene00022191.,48,256,304
WBGene00022192.,152,2390,2542
WBGene00022193.,65,986,1051
WBGene00022194.,800,21705,22505
WBGene00022195.,164,818,982
WBGene00022196.,16,395,411
WBGene00022197.,80,454,534
WBGene00022198.,91,350,441
WBGene00022199.,124,12562,12686
WBGene00022200.,16,101,117
WBGene00022201.,90,2126,2216
WBGene00022202.,233,4181,4414
WBGene00022203.,26,714,740
WBGene00022204.,1,23,24
WBGene00022205.,42,153,195
WBGene00022206.,65,171,236
WBGene00022207.,2,25,27
WBGene00022209.,0,0,0
WBGene00022210.,1,5,6
WBGene00022211.,110,710,820
WBGene00022213.,15,91,106
WBGene00022214.,4,45,49
WBGene00022215.,1,15,16
WBGene00022216.,3,21,24
WBGene00022217.,0,0,0
WBGene00022218.,1,3,4
WBGene00022219.,145,787,932
WBGene00022221.,235,657,892
WBGene00022222.,11,35,46
WBGene00022223.,7,2,9
WBGene00022224.,0,16,16
WBGene00022225.,3,13,16
WBGene00022227.,38,411,449
WBGene00022228.,60,164,224
WBGene00022229.,44,45,89
WBGene00022230.,1611,20333,21944
WBGene00022231.,122,564,686
WBGene00022232.,119,1239,1358
WBGene00022233.,246,4306,4552
WBGene00022235.,1258,67170,68428
WBGene00022236.,0,62,62
WBGene00022237.,2,4,6
WBGene00022240.,158,1769,1927
WBGene00022242.,362,5433,5795
WBGene00022243.,0,32,32
WBGene00022244.,0,145,145
WBGene00022245.,978,10009,10987
WBGene00022246.,23,197,220
WBGene00022247.,74,155,229
WBGene00022248.,277,5203,5480
WBGene00022249.,0,0,0
WBGene00022250.,50,752,802
WBGene00022251.,116,1868,1984
WBGene00022252.,42,339,381
WBGene00022253.,142,4406,4548
WBGene00022254.,40,1693,1733
WBGene00022255.,34,233,267
WBGene00022256.,3,8,11
WBGene00022257.,0,69,69
WBGene00022258.,144,1168,1312
WBGene00022259.,109,1141,1250
WBGene00022260.,140,1506,1646
WBGene00022261.,8,75,83
WBGene00022262.,1,0,1
WBGene00022263.,6,181,187
WBGene00022264.,0,2,2
WBGene00022265.,0,3,3
WBGene00022266.,0,0,0
WBGene00022267.,47,108,155
WBGene00022268.,405,4326,4731
WBGene00022269.,438,4342,4780
WBGene00022270.,225,742,967
WBGene00022271.,34,3191,3225
WBGene00022272.,1,33,34
WBGene00022273.,71,823,894
WBGene00022274.,53,329,382
WBGene00022275.,3,59,62
WBGene00022276.,236,1606,1842
WBGene00022277.,293,3239,3532
WBGene00022278.,371,1471,1842
WBGene00022279.,199,3335,3534
WBGene00022280.,151,1960,2111
WBGene00022281.,500,2180,2680
WBGene00022282.,0,4,4
WBGene00022283.,55,521,576
WBGene00022284.,98,582,680
WBGene00022285.,725,599,1324
WBGene00022286.,164,942,1106
WBGene00022287.,232,4527,4759
WBGene00022288.,22,136,158
WBGene00022289.,3,27,30
WBGene00022290.,1,1,2
WBGene00022291.,0,1,1
WBGene00022292.,0,0,0
WBGene00022295.,17,73,90
WBGene00022296.,873,2007,2880
WBGene00022297.,214,6304,6518
WBGene00022298.,4,21,25
WBGene00022300.,280,1190,1470
WBGene00022301.,813,2668,3481
WBGene00022302.,71,1249,1320
WBGene00022303.,0,151,151
WBGene00022306.,1391,3819,5210
WBGene00022307.,32,1093,1125
WBGene00022308.,1,3,4
WBGene00022309.,198,1342,1540
WBGene00022310.,362,1634,1996
WBGene00022311.,1,3,4
WBGene00022312.,0,2,2
WBGene00022313.,137,186,323
WBGene00022314.,100,698,798
WBGene00022315.,0,2,2
WBGene00022316.,0,3,3
WBGene00022317.,6,47,53
WBGene00022318.,0,2,2
WBGene00022319.,1,0,1
WBGene00022320.,5,0,5
WBGene00022321.,3,1,4
WBGene00022322.,1,0,1
WBGene00022323.,0,0,0
WBGene00022324.,0,10,10
WBGene00022325.,11,132,143
WBGene00022326.,1,28,29
WBGene00022327.,6,17,23
WBGene00022328.,3,1,4
WBGene00022329.,11,42,53
WBGene00022330.,1,11,12
WBGene00022331.,4,11,15
WBGene00022332.,3,3,6
WBGene00022333.,4,30,34
WBGene00022334.,24,51,75
WBGene00022335.,23,99,122
WBGene00022336.,791,460954,461745
WBGene00022337.,0,7,7
WBGene00022338.,24,21,45
WBGene00022339.,800,9682,10482
WBGene00022340.,0,3,3
WBGene00022341.,0,0,0
WBGene00022342.,1,0,1
WBGene00022343.,1,7,8
WBGene00022344.,2,14,16
WBGene00022345.,3,10,13
WBGene00022346.,3,20,23
WBGene00022347.,259,3069,3328
WBGene00022348.,129,3877,4006
WBGene00022349.,15,145,160
WBGene00022350.,317,1624,1941
WBGene00022351.,142,301,443
WBGene00022352.,0,29,29
WBGene00022353.,2,28,30
WBGene00022354.,463,1182,1645
WBGene00022356.,5,635,640
WBGene00022357.,135,1354,1489
WBGene00022358.,314,1203,1517
WBGene00022360.,326,2379,2705
WBGene00022361.,520,1540,2060
WBGene00022363.,212,924,1136
WBGene00022365.,17,150,167
WBGene00022366.,351,1020,1371
WBGene00022367.,196,187,383
WBGene00022368.,151,2122,2273
WBGene00022369.,228,1664,1892
WBGene00022370.,186,304,490
WBGene00022371.,310,1391,1701
WBGene00022372.,161,430,591
WBGene00022373.,444,9144,9588
WBGene00022374.,12,146,158
WBGene00022375.,4,12,16
WBGene00022376.,240,3277,3517
WBGene00022377.,10,100,110
WBGene00022378.,1059,6048,7107
WBGene00022379.,39,297,336
WBGene00022380.,967,10153,11120
WBGene00022381.,183,2705,2888
WBGene00022382.,0,1276,1276
WBGene00022385.,13,19,32
WBGene00022386.,358,1429,1787
WBGene00022388.,526,1475,2001
WBGene00022389.,316,2099,2415
WBGene00022390.,51,259,310
WBGene00022391.,343,861,1204
WBGene00022392.,20,67,87
WBGene00022393.,125,1920,2045
WBGene00022394.,58,6115,6173
WBGene00022395.,22,121,143
WBGene00022396.,60,1123,1183
WBGene00022397.,395,2465,2860
WBGene00022398.,48,754,802
WBGene00022399.,33,326,359
WBGene00022400.,52,2752,2804
WBGene00022401.,104,4850,4954
WBGene00022402.,37,2161,2198
WBGene00022403.,2,7,9
WBGene00022404.,1,9,10
WBGene00022405.,2,38,40
WBGene00022406.,1,4,5
WBGene00022407.,2,4,6
WBGene00022408.,0,25,25
WBGene00022409.,7,44,51
WBGene00022410.,24,12661,12685
WBGene00022411.,12,18,30
WBGene00022412.,29,174,203
WBGene00022413.,10,42,52
WBGene00022415.,26,907,933
WBGene00022416.,92,480,572
WBGene00022417.,36,559,595
WBGene00022418.,97,1057,1154
WBGene00022419.,78,520,598
WBGene00022420.,59,1650,1709
WBGene00022421.,1,3,4
WBGene00022423.,162,199,361
WBGene00022425.,281,1472,1753
WBGene00022426.,132,922,1054
WBGene00022427.,274,1444,1718
WBGene00022428.,94,619,713
WBGene00022429.,0,0,0
WBGene00022431.,38,2,40
WBGene00022432.,1,28,29
WBGene00022433.,0,1,1
WBGene00022434.,716,1506,2222
WBGene00022435.,313,352,665
WBGene00022438.,1,1,2
WBGene00022439.,3,4,7
WBGene00022440.,9,40,49
WBGene00022441.,113,1164,1277
WBGene00022442.,1,0,1
WBGene00022443.,0,4,4
WBGene00022444.,0,3,3
WBGene00022445.,6,49,55
WBGene00022446.,0,6,6
WBGene00022447.,367,649,1016
WBGene00022448.,171,1286,1457
WBGene00022450.,76,954,1030
WBGene00022452.,0,648,648
WBGene00022453.,204,3742,3946
WBGene00022454.,76,45,121
WBGene00022455.,31,3274,3305
WBGene00022456.,201,3551,3752
WBGene00022457.,111,908,1019
WBGene00022458.,15,3815,3830
WBGene00022459.,45,804,849
WBGene00022460.,120,1568,1688
WBGene00022462.,16,344,360
WBGene00022463.,280,2978,3258
WBGene00022465.,70,790,860
WBGene00022466.,89,1620,1709
WBGene00022467.,0,8,8
WBGene00022469.,13,157,170
WBGene00022470.,688,6234,6922
WBGene00022471.,81,464,545
WBGene00022472.,372,5319,5691
WBGene00022473.,2779,5503,8282
WBGene00022474.,11,27,38
WBGene00022475.,73,1928,2001
WBGene00022476.,1,0,1
WBGene00022477.,0,12,12
WBGene00022478.,2,8,10
WBGene00022479.,1,7,8
WBGene00022481.,0,0,0
WBGene00022482.,0,4,4
WBGene00022483.,0,0,0
WBGene00022484.,6,30,36
WBGene00022485.,107,381,488
WBGene00022486.,11,31,42
WBGene00022487.,2,38,40
WBGene00022488.,119,1054,1173
WBGene00022489.,509,4852,5361
WBGene00022490.,11,28,39
WBGene00022491.,140,222,362
WBGene00022492.,159,5509,5668
WBGene00022493.,206,2041,2247
WBGene00022494.,0,1,1
WBGene00022495.,0,1,1
WBGene00022496.,0,55,55
WBGene00022497.,0,1379,1379
WBGene00022498.,8,39,47
WBGene00022499.,427,11668,12095
WBGene00022500.,484,5839,6323
WBGene00022501.,869,1446,2315
WBGene00022502.,69,785,854
WBGene00022503.,13,164,177
WBGene00022504.,35,101,136
WBGene00022505.,36,656,692
WBGene00022506.,10,25,35
WBGene00022507.,29,9,38
WBGene00022508.,0,3,3
WBGene00022509.,0,1,1
WBGene00022511.,0,1,1
WBGene00022512.,1,2,3
WBGene00022515.,57,1146,1203
WBGene00022516.,93,3514,3607
WBGene00022517.,99,235,334
WBGene00022518.,422,1850,2272
WBGene00022519.,343,2878,3221
WBGene00022521.,55,94,149
WBGene00022522.,18,162,180
WBGene00022526.,19,33,52
WBGene00022527.,64,65,129
WBGene00022528.,2,21,23
WBGene00022529.,2,2,4
WBGene00022530.,5,155,160
WBGene00022531.,43,1177,1220
WBGene00022532.,4,117,121
WBGene00022533.,13,145,158
WBGene00022534.,161,2281,2442
WBGene00022536.,1,4,5
WBGene00022537.,36,85,121
WBGene00022538.,172,5023,5195
WBGene00022539.,22,61,83
WBGene00022540.,45,52,97
WBGene00022541.,0,1,1
WBGene00022542.,1,2,3
WBGene00022544.,20,7,27
WBGene00022545.,0,3,3
WBGene00022546.,4,12,16
WBGene00022547.,5,38,43
WBGene00022548.,2,3,5
WBGene00022549.,11,15,26
WBGene00022550.,4,9,13
WBGene00022551.,0,2,2
WBGene00022552.,0,23,23
WBGene00022553.,0,0,0
WBGene00022554.,28,587,615
WBGene00022555.,0,0,0
WBGene00022556.,1,2,3
WBGene00022557.,0,4,4
WBGene00022558.,0,0,0
WBGene00022559.,1,1,2
WBGene00022560.,0,6,6
WBGene00022561.,0,0,0
WBGene00022562.,17,115,132
WBGene00022563.,0,3,3
WBGene00022564.,72,461,533
WBGene00022565.,3,23,26
WBGene00022566.,4,103,107
WBGene00022567.,25,90,115
WBGene00022568.,26,596,622
WBGene00022569.,33,990,1023
WBGene00022570.,3,19,22
WBGene00022571.,0,0,0
WBGene00022572.,0,1,1
WBGene00022573.,1,13,14
WBGene00022574.,2,19,21
WBGene00022575.,0,1,1
WBGene00022576.,32,246,278
WBGene00022577.,39,474,513
WBGene00022578.,0,0,0
WBGene00022579.,409,4682,5091
WBGene00022580.,203,2635,2838
WBGene00022581.,1,7,8
WBGene00022582.,0,1,1
WBGene00022583.,258,5942,6200
WBGene00022584.,50,223,273
WBGene00022586.,8,39,47
WBGene00022587.,0,12,12
WBGene00022588.,18,255,273
WBGene00022589.,11,2,13
WBGene00022590.,1,25,26
WBGene00022591.,260,2673,2933
WBGene00022592.,285,896,1181
WBGene00022593.,110,254,364
WBGene00022594.,2,10,12
WBGene00022596.,3,4,7
WBGene00022597.,66,404,470
WBGene00022598.,132,1741,1873
WBGene00022599.,1849,53858,55707
WBGene00022600.,2,0,2
WBGene00022601.,22,196,218
WBGene00022603.,97,1941,2038
WBGene00022604.,0,2,2
WBGene00022605.,2,4,6
WBGene00022606.,8,50,58
WBGene00022608.,172,1268,1440
WBGene00022609.,72,481,553
WBGene00022610.,27,105,132
WBGene00022611.,34,164,198
WBGene00022612.,21,212,233
WBGene00022613.,134,858,992
WBGene00022614.,208,1837,2045
WBGene00022615.,21,1319,1340
WBGene00022616.,1,1,2
WBGene00022617.,1,2,3
WBGene00022618.,241,5605,5846
WBGene00022619.,0,41,41
WBGene00022620.,108,1533,1641
WBGene00022621.,0,2,2
WBGene00022622.,10,3,13
WBGene00022623.,18,373,391
WBGene00022624.,27,66,93
WBGene00022627.,4,38,42
WBGene00022628.,9,24,33
WBGene00022629.,32,1131,1163
WBGene00022630.,0,6,6
WBGene00022631.,24,214,238
WBGene00022632.,9,15,24
WBGene00022633.,45,449,494
WBGene00022634.,2,6,8
WBGene00022635.,73,422,495
WBGene00022636.,1,1,2
WBGene00022637.,1,3,4
WBGene00022638.,2,1,3
WBGene00022639.,1,8,9
WBGene00022640.,8,9,17
WBGene00022641.,3,53,56
WBGene00022642.,20,145,165
WBGene00022643.,1,12,13
WBGene00022644.,8,149,157
WBGene00022645.,15,185,200
WBGene00022646.,11,1432,1443
WBGene00022647.,87,663,750
WBGene00022648.,125,363,488
WBGene00022649.,20,165,185
WBGene00022650.,250,255,505
WBGene00022651.,0,2,2
WBGene00022652.,0,6,6
WBGene00022653.,17,90,107
WBGene00022654.,3,2,5
WBGene00022655.,12,38,50
WBGene00022656.,9,174,183
WBGene00022657.,22,1553,1575
WBGene00022658.,1,18,19
WBGene00022660.,0,34,34
WBGene00022661.,60,177,237
WBGene00022662.,15,55,70
WBGene00022663.,92,1833,1925
WBGene00022664.,52,1508,1560
WBGene00022665.,43,703,746
WBGene00022666.,104,1819,1923
WBGene00022667.,320,2519,2839
WBGene00022668.,349,2010,2359
WBGene00022669.,0,1,1
WBGene00022670.,1,1,2
WBGene00022671.,8,27,35
WBGene00022672.,214,1197,1411
WBGene00022673.,65,738,803
WBGene00022674.,0,4,4
WBGene00022675.,836,2518,3354
WBGene00022677.,54,758,812
WBGene00022678.,236,10560,10796
WBGene00022679.,4,1449,1453
WBGene00022680.,21,153,174
WBGene00022681.,58,216,274
WBGene00022682.,27,128,155
WBGene00022683.,54,579,633
WBGene00022685.,0,4,4
WBGene00022688.,1,2,3
WBGene00022689.,0,0,0
WBGene00022690.,1,5,6
WBGene00022691.,2,3,5
WBGene00022694.,91,1339,1430
WBGene00022695.,115,890,1005
WBGene00022696.,34,192,226
WBGene00022697.,289,2872,3161
WBGene00022698.,32,255,287
WBGene00022699.,1,8,9
WBGene00022700.,17,148,165
WBGene00022702.,11,733,744
WBGene00022703.,322,2900,3222
WBGene00022704.,87,1048,1135
WBGene00022705.,15,78,93
WBGene00022706.,11,187,198
WBGene00022707.,2,2,4
WBGene00022708.,0,16,16
WBGene00022709.,6,94,100
WBGene00022710.,1,75,76
WBGene00022711.,10,6,16
WBGene00022712.,23,261,284
WBGene00022713.,0,5,5
WBGene00022714.,1,2,3
WBGene00022715.,12,44,56
WBGene00022716.,0,0,0
WBGene00022717.,94,1469,1563
WBGene00022718.,251,2928,3179
WBGene00022719.,289,3413,3702
WBGene00022720.,22,331,353
WBGene00022721.,58,903,961
WBGene00022722.,253,4308,4561
WBGene00022723.,6,9,15
WBGene00022724.,0,0,0
WBGene00022725.,8,142,150
WBGene00022726.,1,0,1
WBGene00022727.,85,1165,1250
WBGene00022728.,0,4,4
WBGene00022729.,0,1,1
WBGene00022730.,27,472,499
WBGene00022731.,20,27,47
WBGene00022732.,12,49,61
WBGene00022733.,197,160,357
WBGene00022734.,158,5710,5868
WBGene00022735.,12,89,101
WBGene00022736.,20,353,373
WBGene00022737.,4,331,335
WBGene00022738.,414,8356,8770
WBGene00022739.,297,3798,4095
WBGene00022741.,12,10,22
WBGene00022742.,190,3555,3745
WBGene00022743.,112,934,1046
WBGene00022744.,54,177,231
WBGene00022745.,2193,12995,15188
WBGene00022746.,0,3,3
WBGene00022747.,3,16,19
WBGene00022748.,260,34418,34678
WBGene00022749.,76,3256,3332
WBGene00022750.,1024,4057,5081
WBGene00022751.,0,2,2
WBGene00022752.,10,249,259
WBGene00022753.,4,5,9
WBGene00022754.,0,4,4
WBGene00022755.,2,23,25
WBGene00022756.,11,111,122
WBGene00022757.,3,2,5
WBGene00022758.,0,0,0
WBGene00022759.,56,3108,3164
WBGene00022760.,0,268,268
WBGene00022761.,1,17,18
WBGene00022762.,69,500,569
WBGene00022763.,0,22,22
WBGene00022765.,1061,11891,12952
WBGene00022766.,192,3913,4105
WBGene00022767.,30,763,793
WBGene00022769.,61,1075,1136
WBGene00022770.,67,1262,1329
WBGene00022771.,147,1145,1292
WBGene00022772.,39,126,165
WBGene00022773.,213,890,1103
WBGene00022774.,97,3697,3794
WBGene00022775.,2,144,146
WBGene00022776.,25,5397,5422
WBGene00022778.,2,0,2
WBGene00022780.,0,13,13
WBGene00022781.,75,4394,4469
WBGene00022782.,32,657,689
WBGene00022783.,908,6595,7503
WBGene00022785.,154,2481,2635
WBGene00022786.,18,1181,1199
WBGene00022787.,106,1328,1434
WBGene00022788.,22,1148,1170
WBGene00022789.,10,86,96
WBGene00022790.,37,529,566
WBGene00022791.,707,5484,6191
WBGene00022792.,100,1956,2056
WBGene00022793.,63,7079,7142
WBGene00022794.,383,6415,6798
WBGene00022795.,6,222,228
WBGene00022796.,110,630,740
WBGene00022797.,37,529,566
WBGene00022798.,440,3770,4210
WBGene00022799.,1,11,12
WBGene00022800.,186,2426,2612
WBGene00022801.,182,7294,7476
WBGene00022802.,51,695,746
WBGene00022803.,68,1061,1129
WBGene00022804.,4,23,27
WBGene00022805.,274,1628,1902
WBGene00022806.,1,1,2
WBGene00022807.,19,17,36
WBGene00022808.,3,33,36
WBGene00022809.,1,2,3
WBGene00022810.,36,332,368
WBGene00022811.,62,54,116
WBGene00022812.,141,2353,2494
WBGene00022813.,47,666,713
WBGene00022814.,33,462,495
WBGene00022815.,16,78,94
WBGene00022816.,669,5221,5890
WBGene00022817.,265,4372,4637
WBGene00022818.,3,19,22
WBGene00022820.,2,5,7
WBGene00022821.,0,1,1
WBGene00022822.,0,5,5
WBGene00022823.,38,2516,2554
WBGene00022824.,32,281,313
WBGene00022825.,75,297,372
WBGene00022826.,1,7,8
WBGene00022827.,11,13,24
WBGene00022829.,60,280,340
WBGene00022830.,25,856,881
WBGene00022831.,202,2279,2481
WBGene00022832.,112,2548,2660
WBGene00022833.,4,0,4
WBGene00022834.,7,253,260
WBGene00022835.,66,981,1047
WBGene00022836.,126,2857,2983
WBGene00022837.,38,435,473
WBGene00022838.,18,42,60
WBGene00022840.,4,11,15
WBGene00022842.,24,289,313
WBGene00022843.,27,77,104
WBGene00022845.,4,104,108
WBGene00022846.,44,0,44
WBGene00022847.,43,199,242
WBGene00022848.,38,560,598
WBGene00022849.,38,132,170
WBGene00022850.,365,1449,1814
WBGene00022851.,98,3550,3648
WBGene00022852.,5,2548,2553
WBGene00022853.,0,2810,2810
WBGene00022854.,13,181,194
WBGene00022855.,73,5534,5607
WBGene00022856.,55,13121,13176
WBGene00022857.,22,486,508
WBGene00022858.,33,39,72
WBGene00022861.,41846,583,42429
WBGene00022862.,31,1144,1175
WBGene00022864.,197,6967,7164
WBGene00022865.,195,3226,3421
WBGene00022866.,3,9,12
WBGene00022867.,6,19,25
WBGene00022868.,10,160,170
WBGene00022869.,0,1,1
WBGene00022870.,1,2,3
WBGene00022871.,2,38,40
WBGene00022872.,2,2,4
WBGene00022873.,1,14,15
WBGene00022874.,41,171,212
WBGene00022875.,0,4,4
WBGene00022876.,0,3,3
WBGene00022877.,1,3,4
WBGene00022880.,97,905,1002
WBGene00022881.,47,809,856
WBGene00022882.,66,619,685
WBGene00022883.,33,536,569
WBGene00022884.,0,40,40
WBGene00022885.,56,1027,1083
WBGene00022886.,1,1,2
WBGene00022887.,26,940,966
WBGene00022888.,5,4,9
WBGene00022889.,0,2,2
WBGene00022890.,0,6,6
WBGene00022891.,6,32,38
WBGene00022892.,0,0,0
WBGene00022893.,20,101,121
WBGene00022894.,0,0,0
WBGene00022895.,0,0,0
WBGene00022896.,0,0,0
WBGene00022897.,0,0,0
WBGene00022898.,0,2,2
WBGene00022899.,0,0,0
WBGene00022900.,0,0,0
WBGene00022901.,0,0,0
WBGene00022902.,0,0,0
WBGene00022903.,0,0,0
WBGene00022904.,0,0,0
WBGene00022905.,0,0,0
WBGene00022906.,0,0,0
WBGene00022907.,0,0,0
WBGene00022908.,0,0,0
WBGene00022909.,0,0,0
WBGene00022910.,0,0,0
WBGene00022911.,0,0,0
WBGene00022912.,0,0,0
WBGene00022913.,0,0,0
WBGene00022914.,0,0,0
WBGene00022915.,0,0,0
WBGene00022916.,0,29,29
WBGene00022917.,0,39,39
WBGene00022918.,0,3,3
WBGene00022919.,0,10,10
WBGene00022920.,0,0,0
WBGene00022921.,0,0,0
WBGene00022922.,0,42,42
WBGene00022923.,0,0,0
WBGene00022924.,0,0,0
WBGene00022925.,0,0,0
WBGene00022926.,0,14,14
WBGene00022927.,0,0,0
WBGene00022928.,0,0,0
WBGene00022929.,0,0,0
WBGene00022930.,0,0,0
WBGene00022931.,0,0,0
WBGene00022932.,0,69,69
WBGene00022933.,0,0,0
WBGene00022934.,0,0,0
WBGene00022935.,0,0,0
WBGene00022936.,0,4,4
WBGene00022937.,0,0,0
WBGene00022938.,0,1,1
WBGene00022939.,0,0,0
WBGene00022940.,0,0,0
WBGene00022941.,0,2,2
WBGene00022942.,0,0,0
WBGene00022943.,0,18,18
WBGene00022944.,0,0,0
WBGene00022945.,0,0,0
WBGene00022946.,0,0,0
WBGene00022947.,0,0,0
WBGene00022948.,0,0,0
WBGene00022949.,0,0,0
WBGene00022950.,0,12,12
WBGene00022951.,0,183026,183026
WBGene00022952.,0,1,1
WBGene00022953.,0,0,0
WBGene00022954.,0,0,0
WBGene00022955.,0,0,0
WBGene00022956.,0,31,31
WBGene00022957.,0,0,0
WBGene00022958.,0,0,0
WBGene00022959.,0,0,0
WBGene00022960.,0,0,0
WBGene00022961.,0,0,0
WBGene00022962.,0,16,16
WBGene00022963.,0,0,0
WBGene00022964.,0,0,0
WBGene00022965.,0,0,0
WBGene00022966.,0,0,0
WBGene00022967.,0,0,0
WBGene00022968.,0,0,0
WBGene00022969.,0,0,0
WBGene00022970.,0,232,232
WBGene00022971.,0,0,0
WBGene00022972.,0,0,0
WBGene00022973.,0,0,0
WBGene00022974.,0,0,0
WBGene00022975.,0,0,0
WBGene00022976.,0,0,0
WBGene00022977.,0,0,0
WBGene00022978.,0,0,0
WBGene00022979.,0,0,0
WBGene00022980.,0,0,0
WBGene00022981.,0,1,1
WBGene00022982.,0,23,23
WBGene00022983.,0,53,53
WBGene00022984.,0,0,0
WBGene00022985.,0,1,1
WBGene00022986.,0,0,0
WBGene00022987.,0,0,0
WBGene00022988.,0,0,0
WBGene00022989.,0,0,0
WBGene00022990.,0,0,0
WBGene00022991.,0,0,0
WBGene00022992.,0,0,0
WBGene00022993.,0,0,0
WBGene00022994.,0,0,0
WBGene00022995.,0,0,0
WBGene00022996.,0,0,0
WBGene00022997.,0,0,0
WBGene00022998.,0,0,0
WBGene00022999.,0,1,1
WBGene00023000.,0,0,0
WBGene00023001.,0,0,0
WBGene00023002.,0,0,0
WBGene00023003.,0,3,3
WBGene00023004.,0,0,0
WBGene00023005.,0,0,0
WBGene00023006.,0,0,0
WBGene00023007.,0,1,1
WBGene00023008.,0,0,0
WBGene00023009.,0,0,0
WBGene00023010.,0,0,0
WBGene00023011.,0,0,0
WBGene00023012.,0,0,0
WBGene00023013.,0,0,0
WBGene00023014.,0,0,0
WBGene00023015.,0,0,0
WBGene00023016.,0,0,0
WBGene00023017.,0,1,1
WBGene00023018.,0,0,0
WBGene00023019.,0,0,0
WBGene00023020.,0,215,215
WBGene00023021.,0,1333,1333
WBGene00023022.,0,0,0
WBGene00023023.,0,0,0
WBGene00023024.,0,0,0
WBGene00023025.,0,0,0
WBGene00023026.,0,0,0
WBGene00023027.,0,1,1
WBGene00023028.,0,0,0
WBGene00023029.,0,0,0
WBGene00023030.,0,1,1
WBGene00023031.,0,2,2
WBGene00023032.,0,0,0
WBGene00023033.,0,0,0
WBGene00023034.,0,0,0
WBGene00023035.,0,0,0
WBGene00023036.,268,2358,2626
WBGene00023037.,0,0,0
WBGene00023038.,0,0,0
WBGene00023039.,7,19,26
WBGene00023040.,0,0,0
WBGene00023041.,0,1,1
WBGene00023042.,0,0,0
WBGene00023043.,0,0,0
WBGene00023044.,0,0,0
WBGene00023045.,0,3,3
WBGene00023046.,0,0,0
WBGene00023047.,0,0,0
WBGene00023048.,0,0,0
WBGene00023049.,0,4,4
WBGene00023050.,0,0,0
WBGene00023051.,0,0,0
WBGene00023052.,0,0,0
WBGene00023053.,0,0,0
WBGene00023054.,0,0,0
WBGene00023055.,0,0,0
WBGene00023056.,0,0,0
WBGene00023057.,0,0,0
WBGene00023058.,0,0,0
WBGene00023059.,0,0,0
WBGene00023060.,0,8,8
WBGene00023061.,0,0,0
WBGene00023062.,0,0,0
WBGene00023063.,0,0,0
WBGene00023064.,0,0,0
WBGene00023065.,0,0,0
WBGene00023066.,0,151,151
WBGene00023067.,17466,37368,54834
WBGene00023068.,397289,705769,1103058
WBGene00023069.,0,186,186
WBGene00023070.,0,0,0
WBGene00023071.,0,0,0
WBGene00023072.,0,0,0
WBGene00023073.,0,0,0
WBGene00023074.,0,0,0
WBGene00023075.,0,0,0
WBGene00023076.,0,0,0
WBGene00023077.,0,0,0
WBGene00023078.,0,0,0
WBGene00023079.,0,0,0
WBGene00023080.,0,0,0
WBGene00023081.,0,0,0
WBGene00023082.,0,0,0
WBGene00023083.,0,40,40
WBGene00023084.,0,4,4
WBGene00023085.,0,0,0
WBGene00023086.,0,0,0
WBGene00023087.,0,0,0
WBGene00023088.,0,0,0
WBGene00023089.,0,0,0
WBGene00023090.,0,0,0
WBGene00023091.,0,0,0
WBGene00023092.,0,0,0
WBGene00023093.,0,0,0
WBGene00023094.,0,0,0
WBGene00023095.,0,0,0
WBGene00023096.,0,0,0
WBGene00023097.,0,0,0
WBGene00023098.,0,0,0
WBGene00023099.,0,0,0
WBGene00023100.,0,2,2
WBGene00023101.,0,0,0
WBGene00023102.,0,0,0
WBGene00023103.,0,0,0
WBGene00023104.,5,5,10
WBGene00023105.,0,0,0
WBGene00023106.,0,0,0
WBGene00023107.,0,0,0
WBGene00023108.,0,0,0
WBGene00023109.,0,1,1
WBGene00023110.,0,1,1
WBGene00023111.,0,0,0
WBGene00023112.,0,0,0
WBGene00023113.,0,0,0
WBGene00023115.,0,0,0
WBGene00023116.,0,3,3
WBGene00023117.,0,0,0
WBGene00023118.,0,1,1
WBGene00023119.,0,2,2
WBGene00023120.,0,0,0
WBGene00023121.,0,0,0
WBGene00023122.,0,0,0
WBGene00023123.,0,0,0
WBGene00023124.,0,0,0
WBGene00023125.,0,2,2
WBGene00023126.,0,0,0
WBGene00023127.,0,0,0
WBGene00023128.,0,0,0
WBGene00023129.,0,0,0
WBGene00023130.,0,0,0
WBGene00023131.,0,4,4
WBGene00023132.,0,0,0
WBGene00023133.,0,4,4
WBGene00023134.,0,0,0
WBGene00023135.,0,1,1
WBGene00023136.,0,0,0
WBGene00023137.,0,0,0
WBGene00023138.,0,0,0
WBGene00023139.,0,0,0
WBGene00023140.,0,0,0
WBGene00023141.,0,0,0
WBGene00023142.,0,18,18
WBGene00023143.,0,0,0
WBGene00023144.,0,0,0
WBGene00023145.,0,0,0
WBGene00023146.,0,0,0
WBGene00023147.,1,3,4
WBGene00023148.,0,1,1
WBGene00023149.,0,0,0
WBGene00023150.,0,15,15
WBGene00023151.,0,0,0
WBGene00023152.,0,0,0
WBGene00023153.,0,4,4
WBGene00023154.,0,0,0
WBGene00023155.,0,0,0
WBGene00023156.,0,0,0
WBGene00023157.,0,0,0
WBGene00023158.,0,0,0
WBGene00023159.,0,0,0
WBGene00023160.,0,0,0
WBGene00023161.,0,1,1
WBGene00023162.,0,10,10
WBGene00023163.,0,1,1
WBGene00023164.,0,0,0
WBGene00023165.,0,0,0
WBGene00023166.,0,0,0
WBGene00023167.,0,0,0
WBGene00023168.,0,0,0
WBGene00023169.,0,0,0
WBGene00023170.,0,0,0
WBGene00023171.,0,0,0
WBGene00023172.,24,104,128
WBGene00023173.,0,0,0
WBGene00023174.,0,0,0
WBGene00023175.,0,0,0
WBGene00023176.,0,0,0
WBGene00023177.,0,0,0
WBGene00023178.,0,0,0
WBGene00023179.,0,0,0
WBGene00023180.,0,2,2
WBGene00023181.,0,0,0
WBGene00023182.,0,0,0
WBGene00023183.,0,32,32
WBGene00023184.,0,0,0
WBGene00023185.,0,0,0
WBGene00023186.,0,0,0
WBGene00023187.,0,0,0
WBGene00023188.,0,0,0
WBGene00023189.,0,0,0
WBGene00023190.,0,0,0
WBGene00023191.,5,14,19
WBGene00023192.,0,0,0
WBGene00023193.,0,230,230
WBGene00023194.,0,0,0
WBGene00023195.,0,0,0
WBGene00023196.,0,0,0
WBGene00023197.,0,0,0
WBGene00023198.,0,0,0
WBGene00023199.,0,0,0
WBGene00023200.,0,0,0
WBGene00023201.,0,0,0
WBGene00023202.,0,0,0
WBGene00023203.,0,5,5
WBGene00023204.,0,0,0
WBGene00023205.,0,75,75
WBGene00023206.,0,0,0
WBGene00023207.,0,0,0
WBGene00023208.,0,0,0
WBGene00023209.,323,55718,56041
WBGene00023210.,0,0,0
WBGene00023211.,0,0,0
WBGene00023212.,0,1,1
WBGene00023213.,0,0,0
WBGene00023214.,0,0,0
WBGene00023215.,0,1,1
WBGene00023216.,0,0,0
WBGene00023217.,0,0,0
WBGene00023218.,0,0,0
WBGene00023219.,0,0,0
WBGene00023220.,0,0,0
WBGene00023221.,0,0,0
WBGene00023222.,0,0,0
WBGene00023223.,36,184,220
WBGene00023224.,0,0,0
WBGene00023225.,0,3,3
WBGene00023226.,1,8,9
WBGene00023227.,0,0,0
WBGene00023228.,0,0,0
WBGene00023229.,0,0,0
WBGene00023230.,0,0,0
WBGene00023231.,0,0,0
WBGene00023232.,0,0,0
WBGene00023233.,0,1,1
WBGene00023234.,0,0,0
WBGene00023235.,2,5,7
WBGene00023236.,1,0,1
WBGene00023237.,0,4,4
WBGene00023238.,0,0,0
WBGene00023239.,2,14,16
WBGene00023240.,0,0,0
WBGene00023241.,0,4,4
WBGene00023242.,0,0,0
WBGene00023243.,2,0,2
WBGene00023244.,1,4,5
WBGene00023245.,5,140,145
WBGene00023246.,0,10,10
WBGene00023247.,1,1,2
WBGene00023248.,0,0,0
WBGene00023249.,0,9,9
WBGene00023250.,0,0,0
WBGene00023251.,0,0,0
WBGene00023252.,0,42,42
WBGene00023253.,0,0,0
WBGene00023254.,0,0,0
WBGene00023255.,0,0,0
WBGene00023256.,0,0,0
WBGene00023257.,0,0,0
WBGene00023259.,0,2,2
WBGene00023260.,0,0,0
WBGene00023262.,0,1,1
WBGene00023263.,0,37770,37770
WBGene00023264.,30,1,31
WBGene00023265.,1,0,1
WBGene00023266.,0,0,0
WBGene00023267.,0,1,1
WBGene00023268.,0,3,3
WBGene00023269.,0,0,0
WBGene00023270.,1,11,12
WBGene00023271.,0,43,43
WBGene00023272.,4,3,7
WBGene00023273.,5,16,21
WBGene00023274.,0,0,0
WBGene00023275.,0,0,0
WBGene00023276.,0,22,22
WBGene00023277.,0,21,21
WBGene00023278.,0,0,0
WBGene00023279.,0,14,14
WBGene00023281.,1,8,9
WBGene00023282.,0,7,7
WBGene00023283.,0,0,0
WBGene00023284.,1,259,260
WBGene00023285.,0,2,2
WBGene00023287.,0,1,1
WBGene00023288.,0,4,4
WBGene00023289.,0,0,0
WBGene00023290.,0,0,0
WBGene00023291.,0,0,0
WBGene00023293.,0,33,33
WBGene00023294.,0,3,3
WBGene00023295.,0,0,0
WBGene00023296.,0,0,0
WBGene00023297.,0,0,0
WBGene00023298.,0,0,0
WBGene00023299.,0,0,0
WBGene00023300.,0,0,0
WBGene00023301.,1,3,4
WBGene00023302.,0,109,109
WBGene00023303.,4,3,7
WBGene00023304.,0,1,1
WBGene00023305.,0,0,0
WBGene00023306.,0,2,2
WBGene00023307.,0,0,0
WBGene00023308.,90,25,115
WBGene00023309.,0,3,3
WBGene00023310.,0,0,0
WBGene00023311.,0,0,0
WBGene00023312.,0,3,3
WBGene00023313.,0,4,4
WBGene00023314.,0,24,24
WBGene00023315.,0,0,0
WBGene00023316.,0,6,6
WBGene00023317.,1,2,3
WBGene00023318.,4,169,173
WBGene00023319.,0,5,5
WBGene00023320.,0,6,6
WBGene00023321.,0,0,0
WBGene00023322.,0,0,0
WBGene00023323.,29,243,272
WBGene00023324.,0,0,0
WBGene00023325.,2,0,2
WBGene00023326.,0,10,10
WBGene00023327.,0,0,0
WBGene00023328.,0,0,0
WBGene00023329.,0,3,3
WBGene00023330.,9,14,23
WBGene00023331.,0,3,3
WBGene00023332.,0,0,0
WBGene00023333.,0,0,0
WBGene00023334.,0,0,0
WBGene00023335.,0,0,0
WBGene00023336.,0,4,4
WBGene00023337.,0,0,0
WBGene00023338.,1,0,1
WBGene00023339.,1,0,1
WBGene00023340.,7,3,10
WBGene00023341.,0,0,0
WBGene00023342.,0,0,0
WBGene00023343.,0,0,0
WBGene00023344.,0,0,0
WBGene00023345.,0,0,0
WBGene00023346.,0,0,0
WBGene00023348.,0,4,4
WBGene00023349.,0,45,45
WBGene00023351.,1,9,10
WBGene00023352.,0,0,0
WBGene00023353.,0,0,0
WBGene00023354.,0,0,0
WBGene00023355.,135,38,173
WBGene00023356.,0,1,1
WBGene00023357.,0,0,0
WBGene00023358.,0,1,1
WBGene00023359.,0,0,0
WBGene00023360.,0,0,0
WBGene00023361.,0,0,0
WBGene00023362.,0,0,0
WBGene00023363.,0,0,0
WBGene00023364.,0,55,55
WBGene00023365.,0,0,0
WBGene00023366.,0,0,0
WBGene00023367.,0,0,0
WBGene00023368.,0,0,0
WBGene00023369.,0,0,0
WBGene00023370.,0,0,0
WBGene00023371.,0,0,0
WBGene00023372.,0,0,0
WBGene00023373.,0,17,17
WBGene00023375.,0,0,0
WBGene00023376.,0,21,21
WBGene00023377.,0,4,4
WBGene00023378.,0,0,0
WBGene00023379.,0,0,0
WBGene00023380.,0,0,0
WBGene00023381.,0,11,11
WBGene00023382.,0,0,0
WBGene00023383.,0,1,1
WBGene00023384.,0,0,0
WBGene00023385.,0,0,0
WBGene00023386.,0,0,0
WBGene00023387.,0,0,0
WBGene00023388.,0,0,0
WBGene00023389.,0,0,0
WBGene00023390.,0,6,6
WBGene00023391.,0,0,0
WBGene00023392.,0,0,0
WBGene00023393.,0,0,0
WBGene00023394.,0,0,0
WBGene00023395.,2,21,23
WBGene00023396.,0,8,8
WBGene00023397.,0,0,0
WBGene00023398.,0,0,0
WBGene00023399.,0,1,1
WBGene00023400.,0,5,5
WBGene00023401.,0,8525,8525
WBGene00023402.,1,0,1
WBGene00023404.,39,281,320
WBGene00023405.,261,3541,3802
WBGene00023407.,18,1024,1042
WBGene00023408.,416,16791,17207
WBGene00023409.,130,1897,2027
WBGene00023410.,2,1,3
WBGene00023411.,2,8,10
WBGene00023413.,2,19,21
WBGene00023414.,190,599,789
WBGene00023415.,18,130,148
WBGene00023416.,68,1136,1204
WBGene00023417.,12,1040,1052
WBGene00023418.,11,867,878
WBGene00023419.,172,3056,3228
WBGene00023420.,0,9,9
WBGene00023421.,80,764,844
WBGene00023422.,272,2920,3192
WBGene00023423.,55,112,167
WBGene00023424.,0,6,6
WBGene00023425.,4,8,12
WBGene00023427.,12,34,46
WBGene00023428.,0,0,0
WBGene00023429.,0,0,0
WBGene00023430.,0,0,0
WBGene00023431.,997,2056,3053
WBGene00023432.,5,69,74
WBGene00023450.,207,975,1182
WBGene00023451.,10,47,57
WBGene00023452.,0,0,0
WBGene00023453.,0,11,11
WBGene00023454.,0,0,0
WBGene00023455.,0,0,0
WBGene00023456.,0,0,0
WBGene00023457.,0,0,0
WBGene00023458.,41,2311,2352
WBGene00023459.,0,5,5
WBGene00023460.,35,307,342
WBGene00023461.,0,0,0
WBGene00023462.,1,9,10
WBGene00023463.,0,1,1
WBGene00023464.,4,5,9
WBGene00023465.,5,4,9
WBGene00023466.,0,0,0
WBGene00023467.,0,0,0
WBGene00023468.,0,0,0
WBGene00023469.,0,0,0
WBGene00023470.,0,2,2
WBGene00023471.,4,0,4
WBGene00023472.,22,506,528
WBGene00023474.,0,18,18
WBGene00023475.,2,0,2
WBGene00023476.,0,3,3
WBGene00023477.,1,306,307
WBGene00023478.,3,5,8
WBGene00023479.,2,4,6
WBGene00023480.,5,11,16
WBGene00023481.,4,1,5
WBGene00023482.,0,0,0
WBGene00023483.,1,1,2
WBGene00023484.,10,1,11
WBGene00023485.,0,22,22
WBGene00023486.,27,376,403
WBGene00023487.,189,7839,8028
WBGene00023488.,25,4,29
WBGene00023489.,972,83,1055
WBGene00023490.,5,64,69
WBGene00023491.,196,1130,1326
WBGene00023492.,2,20,22
WBGene00023493.,2,23,25
WBGene00023497.,106,1518,1624
WBGene00023498.,24,859,883
WBGene00023499.,1,2,3
WBGene00023500.,181,2140,2321
WBGene00023501.,3,35,38
WBGene00023502.,363,1429,1792
WBGene00023503.,11,34,45
WBGene00023504.,102,714,816
WBGene00023505.,1,3,4
WBGene00023506.,0,8,8
WBGene00023507.,1,5,6
WBGene00023508.,0,0,0
WBGene00023509.,0,0,0
WBGene00023510.,2,1,3
WBGene00023511.,1,3,4
WBGene00023512.,1,2,3
WBGene00023513.,0,0,0
WBGene00023514.,2,1,3
WBGene00023515.,238,216,454
WBGene00023516.,0,0,0
WBGene00023517.,2,9,11
WBGene00023518.,0,0,0
WBGene00023519.,3,19,22
WBGene00023520.,53,371,424
WBGene00043049.,21,145,166
WBGene00043050.,349,4042,4391
WBGene00043051.,110,744,854
WBGene00043052.,0,1,1
WBGene00043053.,1430,6,1436
WBGene00043054.,14,170,184
WBGene00043055.,0,0,0
WBGene00043056.,132,325,457
WBGene00043057.,115,894,1009
WBGene00043058.,0,0,0
WBGene00043059.,2,4,6
WBGene00043060.,457,2792,3249
WBGene00043061.,18,11,29
WBGene00043062.,2,229,231
WBGene00043064.,66,6406,6472
WBGene00043065.,9,59,68
WBGene00043066.,17,51,68
WBGene00043067.,13,182,195
WBGene00043068.,16,233,249
WBGene00043069.,32,41,73
WBGene00043097.,104,3421,3525
WBGene00043120.,25,177,202
WBGene00043147.,0,44,44
WBGene00043156.,75,203,278
WBGene00043187.,0,3,3
WBGene00043239.,10,0,10
WBGene00043279.,69,533,602
WBGene00043283.,3,5,8
WBGene00043297.,118,1432,1550
WBGene00043302.,240,3791,4031
WBGene00043308.,5,320,325
WBGene00043327.,0,0,0
WBGene00043328.,0,0,0
WBGene00043466.,4,11,15
WBGene00043469.,0,0,0
WBGene00043534.,53,46,99
WBGene00043666.,0,17,17
WBGene00043702.,0,6,6
WBGene00043705.,29,89,118
WBGene00043743.,0,2,2
WBGene00043948.,0,0,0
WBGene00043952.,50,37,87
WBGene00043980.,2,2,4
WBGene00043981.,19,22,41
WBGene00043982.,166,2562,2728
WBGene00043983.,13,257,270
WBGene00043984.,0,8,8
WBGene00043985.,55,671,726
WBGene00043986.,5,1,6
WBGene00043987.,0,0,0
WBGene00043988.,86,47,133
WBGene00043989.,0,0,0
WBGene00043990.,0,0,0
WBGene00043991.,0,0,0
WBGene00043992.,61,358,419
WBGene00043993.,5,32,37
WBGene00043994.,34,1297,1331
WBGene00043995.,37,234,271
WBGene00043996.,147,57,204
WBGene00043997.,81,274,355
WBGene00043998.,8,75,83
WBGene00044000.,3,2,5
WBGene00044001.,62,2964,3026
WBGene00044002.,1,0,1
WBGene00044003.,3,2,5
WBGene00044004.,0,10,10
WBGene00044005.,1,9,10
WBGene00044006.,82,966,1048
WBGene00044007.,136,1166,1302
WBGene00044008.,142,1533,1675
WBGene00044009.,44,348,392
WBGene00044011.,0,49,49
WBGene00044012.,3,5,8
WBGene00044013.,0,3,3
WBGene00044014.,0,3,3
WBGene00044015.,0,102,102
WBGene00044016.,4,65,69
WBGene00044018.,2,4,6
WBGene00044019.,34,453,487
WBGene00044020.,1,62,63
WBGene00044021.,53,522,575
WBGene00044022.,1,0,1
WBGene00044024.,3,44,47
WBGene00044025.,143,1610,1753
WBGene00044026.,98,6986,7084
WBGene00044027.,0,4,4
WBGene00044028.,16,280,296
WBGene00044029.,57,954,1011
WBGene00044030.,2,3,5
WBGene00044031.,0,2,2
WBGene00044032.,9,152,161
WBGene00044034.,0,24,24
WBGene00044035.,8,95,103
WBGene00044036.,0,2,2
WBGene00044037.,0,1,1
WBGene00044038.,50,35,85
WBGene00044040.,0,0,0
WBGene00044041.,7,3,10
WBGene00044042.,0,2,2
WBGene00044043.,0,52,52
WBGene00044044.,0,2,2
WBGene00044045.,15,99,114
WBGene00044046.,0,0,0
WBGene00044047.,0,12,12
WBGene00044048.,10,14,24
WBGene00044049.,1237,8156,9393
WBGene00044051.,0,9,9
WBGene00044052.,0,1,1
WBGene00044053.,8,171,179
WBGene00044054.,6,1,7
WBGene00044056.,2,7,9
WBGene00044057.,0,3,3
WBGene00044058.,35,315,350
WBGene00044059.,1,14,15
WBGene00044061.,152,1404,1556
WBGene00044062.,0,1,1
WBGene00044063.,49,3507,3556
WBGene00044065.,153,358,511
WBGene00044066.,0,18,18
WBGene00044067.,15,346,361
WBGene00044068.,727,10547,11274
WBGene00044069.,98,1660,1758
WBGene00044070.,652,10202,10854
WBGene00044071.,83,953,1036
WBGene00044072.,388,2341,2729
WBGene00044073.,7,56,63
WBGene00044074.,4,17,21
WBGene00044077.,169,2579,2748
WBGene00044078.,949,7024,7973
WBGene00044079.,1093,9111,10204
WBGene00044080.,0,0,0
WBGene00044081.,1,4,5
WBGene00044082.,114,2996,3110
WBGene00044083.,1,0,1
WBGene00044084.,3,8,11
WBGene00044085.,1,4,5
WBGene00044086.,0,3,3
WBGene00044087.,3,3,6
WBGene00044088.,0,2,2
WBGene00044089.,0,0,0
WBGene00044090.,2,6,8
WBGene00044091.,11,14,25
WBGene00044092.,5,1,6
WBGene00044093.,1,8,9
WBGene00044094.,109,2170,2279
WBGene00044095.,1,3,4
WBGene00044096.,1,2,3
WBGene00044097.,1,3,4
WBGene00044099.,0,0,0
WBGene00044100.,0,0,0
WBGene00044101.,0,0,0
WBGene00044102.,0,0,0
WBGene00044103.,0,2,2
WBGene00044104.,3,2,5
WBGene00044105.,0,0,0
WBGene00044106.,0,4,4
WBGene00044107.,1,190,191
WBGene00044109.,0,43,43
WBGene00044112.,3,2,5
WBGene00044113.,1,7,8
WBGene00044114.,1,0,1
WBGene00044115.,1,12,13
WBGene00044116.,1,3,4
WBGene00044117.,1,24,25
WBGene00044119.,0,1,1
WBGene00044120.,5,15,20
WBGene00044121.,4,6,10
WBGene00044122.,29,62,91
WBGene00044124.,3,1,4
WBGene00044125.,28,24,52
WBGene00044126.,10,31,41
WBGene00044127.,0,4,4
WBGene00044128.,0,5,5
WBGene00044129.,0,0,0
WBGene00044130.,3,22,25
WBGene00044131.,0,0,0
WBGene00044132.,31,326,357
WBGene00044133.,0,1,1
WBGene00044134.,89,950,1039
WBGene00044135.,15,291,306
WBGene00044136.,3,3,6
WBGene00044137.,0,62,62
WBGene00044138.,51,312,363
WBGene00044139.,13,200,213
WBGene00044140.,3,6,9
WBGene00044141.,0,31,31
WBGene00044142.,8,26,34
WBGene00044143.,295,1804,2099
WBGene00044144.,14,330,344
WBGene00044145.,0,13,13
WBGene00044146.,0,1,1
WBGene00044147.,4,33,37
WBGene00044148.,0,1,1
WBGene00044149.,0,0,0
WBGene00044150.,8,19,27
WBGene00044151.,113,1099,1212
WBGene00044152.,26,313,339
WBGene00044153.,18,43,61
WBGene00044154.,6,15,21
WBGene00044155.,30,35,65
WBGene00044156.,17,170,187
WBGene00044157.,1,1,2
WBGene00044158.,6,5,11
WBGene00044159.,2,0,2
WBGene00044160.,14,0,14
WBGene00044161.,1,27,28
WBGene00044162.,0,0,0
WBGene00044163.,53,198,251
WBGene00044164.,2,1,3
WBGene00044166.,4,40,44
WBGene00044167.,65,573,638
WBGene00044168.,72,1655,1727
WBGene00044169.,3,75,78
WBGene00044170.,0,87,87
WBGene00044171.,0,3,3
WBGene00044174.,5,122,127
WBGene00044175.,7,150,157
WBGene00044176.,112,2496,2608
WBGene00044177.,2,1,3
WBGene00044178.,0,1,1
WBGene00044179.,1,2,3
WBGene00044180.,65,192,257
WBGene00044181.,3,13,16
WBGene00044182.,1,17,18
WBGene00044183.,0,2,2
WBGene00044184.,1,31,32
WBGene00044185.,0,2,2
WBGene00044187.,2440,29,2469
WBGene00044188.,71,673,744
WBGene00044189.,0,1,1
WBGene00044191.,43,382,425
WBGene00044192.,0,3,3
WBGene00044193.,0,28,28
WBGene00044194.,0,16,16
WBGene00044195.,1,8,9
WBGene00044196.,0,0,0
WBGene00044197.,2,28,30
WBGene00044198.,0,23,23
WBGene00044199.,0,1,1
WBGene00044200.,123,632,755
WBGene00044201.,0,4,4
WBGene00044202.,0,4,4
WBGene00044203.,1,12,13
WBGene00044204.,36,874,910
WBGene00044205.,0,75,75
WBGene00044206.,0,9,9
WBGene00044207.,0,6,6
WBGene00044208.,0,0,0
WBGene00044209.,1,55,56
WBGene00044210.,79,777,856
WBGene00044211.,4,10,14
WBGene00044212.,1,3,4
WBGene00044213.,2,29,31
WBGene00044215.,1,0,1
WBGene00044216.,1,8,9
WBGene00044217.,0,32,32
WBGene00044218.,2,78,80
WBGene00044219.,0,0,0
WBGene00044220.,0,9,9
WBGene00044221.,0,43,43
WBGene00044222.,0,6,6
WBGene00044224.,42,99,141
WBGene00044225.,0,8,8
WBGene00044226.,0,18,18
WBGene00044227.,2,4,6
WBGene00044228.,14,32,46
WBGene00044229.,39,24,63
WBGene00044230.,4,4,8
WBGene00044232.,22,6,28
WBGene00044233.,199,772,971
WBGene00044235.,1,8,9
WBGene00044236.,6,1006,1012
WBGene00044237.,2,2,4
WBGene00044238.,19,45,64
WBGene00044239.,19,371,390
WBGene00044240.,37,85,122
WBGene00044241.,10,118,128
WBGene00044242.,0,1,1
WBGene00044243.,4,4,8
WBGene00044244.,0,0,0
WBGene00044245.,0,32,32
WBGene00044246.,0,0,0
WBGene00044247.,3,18,21
WBGene00044249.,7,17,24
WBGene00044250.,3,16,19
WBGene00044251.,25,178,203
WBGene00044253.,15,357,372
WBGene00044256.,1,15,16
WBGene00044257.,0,15,15
WBGene00044258.,45,135,180
WBGene00044259.,0,1,1
WBGene00044260.,55,3212,3267
WBGene00044261.,6,5,11
WBGene00044262.,13,49,62
WBGene00044263.,0,1,1
WBGene00044264.,2,9,11
WBGene00044265.,16,98,114
WBGene00044266.,0,3,3
WBGene00044267.,2,0,2
WBGene00044268.,6,63,69
WBGene00044270.,1,2,3
WBGene00044271.,0,0,0
WBGene00044272.,0,0,0
WBGene00044273.,0,0,0
WBGene00044274.,0,1,1
WBGene00044275.,0,3,3
WBGene00044276.,0,1,1
WBGene00044277.,0,1,1
WBGene00044278.,1,2,3
WBGene00044279.,0,1,1
WBGene00044280.,251,234,485
WBGene00044281.,4,10,14
WBGene00044282.,0,5,5
WBGene00044283.,1022,3091,4113
WBGene00044284.,0,3,3
WBGene00044285.,1,7,8
WBGene00044286.,3,8,11
WBGene00044287.,0,7,7
WBGene00044288.,2,50,52
WBGene00044289.,12,724,736
WBGene00044290.,79,175,254
WBGene00044291.,6,27,33
WBGene00044292.,8,23,31
WBGene00044293.,0,3,3
WBGene00044294.,470,2257,2727
WBGene00044295.,4,92,96
WBGene00044296.,8,98,106
WBGene00044297.,13,164,177
WBGene00044298.,0,3,3
WBGene00044299.,10,66,76
WBGene00044300.,10,31,41
WBGene00044301.,170,3599,3769
WBGene00044302.,2,4,6
WBGene00044303.,21,187,208
WBGene00044304.,203,679,882
WBGene00044305.,82,3079,3161
WBGene00044306.,0,0,0
WBGene00044307.,0,1,1
WBGene00044308.,4,117,121
WBGene00044309.,3,7,10
WBGene00044310.,93,851,944
WBGene00044311.,12,168,180
WBGene00044312.,13,54,67
WBGene00044313.,2,66,68
WBGene00044314.,0,1,1
WBGene00044315.,1,5,6
WBGene00044316.,77,820,897
WBGene00044317.,1,26,27
WBGene00044318.,120,4862,4982
WBGene00044319.,11,696,707
WBGene00044321.,743,5592,6335
WBGene00044322.,28,1446,1474
WBGene00044323.,120,2358,2478
WBGene00044324.,34,12857,12891
WBGene00044325.,69,1362,1431
WBGene00044326.,249,2446,2695
WBGene00044329.,83,1724,1807
WBGene00044330.,21,682,703
WBGene00044331.,2,3,5
WBGene00044332.,1,5,6
WBGene00044333.,7,6,13
WBGene00044337.,0,5,5
WBGene00044338.,26,2999,3025
WBGene00044339.,4,384,388
WBGene00044340.,0,37,37
WBGene00044341.,116,1152,1268
WBGene00044342.,149,369,518
WBGene00044343.,6,48,54
WBGene00044344.,89,4481,4570
WBGene00044345.,65,1150,1215
WBGene00044346.,0,0,0
WBGene00044347.,5,16,21
WBGene00044348.,251,154,405
WBGene00044349.,3,1,4
WBGene00044350.,173,1418,1591
WBGene00044352.,3,5,8
WBGene00044353.,15,116,131
WBGene00044354.,2,94,96
WBGene00044355.,14,262,276
WBGene00044356.,2,4,6
WBGene00044357.,0,1,1
WBGene00044358.,8,7,15
WBGene00044359.,0,2,2
WBGene00044360.,0,4,4
WBGene00044361.,0,0,0
WBGene00044362.,0,1,1
WBGene00044363.,8,76,84
WBGene00044364.,0,1,1
WBGene00044365.,0,2,2
WBGene00044366.,0,11,11
WBGene00044367.,14,278,292
WBGene00044368.,1546,225,1771
WBGene00044369.,0,0,0
WBGene00044370.,0,1,1
WBGene00044371.,0,1,1
WBGene00044372.,0,2,2
WBGene00044373.,2,243,245
WBGene00044374.,0,1,1
WBGene00044375.,0,55,55
WBGene00044376.,0,47,47
WBGene00044377.,0,1,1
WBGene00044378.,0,0,0
WBGene00044379.,0,0,0
WBGene00044380.,2,17,19
WBGene00044381.,3,14,17
WBGene00044382.,0,10,10
WBGene00044383.,0,7,7
WBGene00044384.,9,2,11
WBGene00044385.,8,12,20
WBGene00044386.,3,20,23
WBGene00044387.,143,4662,4805
WBGene00044388.,0,0,0
WBGene00044389.,1492,23187,24679
WBGene00044390.,4,31,35
WBGene00044391.,217,170,387
WBGene00044392.,28,212,240
WBGene00044393.,0,0,0
WBGene00044394.,7,124,131
WBGene00044395.,86,324,410
WBGene00044396.,13,474,487
WBGene00044397.,0,13,13
WBGene00044398.,0,0,0
WBGene00044399.,0,1,1
WBGene00044401.,196,3056,3252
WBGene00044402.,4,5,9
WBGene00044403.,12,5,17
WBGene00044405.,9,3,12
WBGene00044406.,29,684,713
WBGene00044409.,15,70,85
WBGene00044410.,69,500,569
WBGene00044411.,145,1450,1595
WBGene00044412.,14,405,419
WBGene00044413.,2706,1088,3794
WBGene00044414.,16,88,104
WBGene00044415.,1,1,2
WBGene00044416.,0,0,0
WBGene00044417.,0,13,13
WBGene00044418.,341,2023,2364
WBGene00044419.,9,6,15
WBGene00044420.,16,608,624
WBGene00044421.,43,295,338
WBGene00044423.,12,48,60
WBGene00044424.,1,21,22
WBGene00044425.,0,0,0
WBGene00044427.,20,82,102
WBGene00044428.,50,9,59
WBGene00044429.,1,1,2
WBGene00044430.,0,2,2
WBGene00044431.,253,2132,2385
WBGene00044432.,1,6,7
WBGene00044433.,107,742,849
WBGene00044434.,8,7,15
WBGene00044435.,0,49,49
WBGene00044436.,17,622,639
WBGene00044437.,98,99,197
WBGene00044438.,150,748,898
WBGene00044439.,0,5,5
WBGene00044440.,70,248,318
WBGene00044441.,0,1,1
WBGene00044442.,8,251,259
WBGene00044443.,430,10259,10689
WBGene00044444.,5,11,16
WBGene00044445.,46,385,431
WBGene00044446.,1,33,34
WBGene00044447.,0,0,0
WBGene00044448.,4,29,33
WBGene00044449.,0,2,2
WBGene00044450.,0,2,2
WBGene00044451.,0,0,0
WBGene00044452.,219,3832,4051
WBGene00044453.,9,69,78
WBGene00044454.,0,0,0
WBGene00044455.,2,10,12
WBGene00044457.,3,55,58
WBGene00044458.,0,4,4
WBGene00044459.,47,159,206
WBGene00044460.,3,12,15
WBGene00044461.,24,35,59
WBGene00044462.,72,390,462
WBGene00044463.,34,390,424
WBGene00044464.,19,147,166
WBGene00044466.,39,1433,1472
WBGene00044467.,340,2118,2458
WBGene00044468.,7,98,105
WBGene00044469.,2,7,9
WBGene00044470.,2,9,11
WBGene00044471.,5,42,47
WBGene00044472.,12,54,66
WBGene00044473.,0,0,0
WBGene00044474.,0,0,0
WBGene00044475.,0,0,0
WBGene00044476.,0,3,3
WBGene00044477.,11,70,81
WBGene00044478.,19,175,194
WBGene00044479.,2,10,12
WBGene00044480.,1,2,3
WBGene00044481.,6,15,21
WBGene00044482.,81,343,424
WBGene00044483.,14,1311,1325
WBGene00044484.,149,1339,1488
WBGene00044485.,50,260,310
WBGene00044486.,0,9,9
WBGene00044487.,31,196,227
WBGene00044488.,16,54,70
WBGene00044489.,0,4,4
WBGene00044490.,0,1,1
WBGene00044491.,0,2,2
WBGene00044492.,5,3,8
WBGene00044493.,30,666,696
WBGene00044495.,40,74,114
WBGene00044498.,0,0,0
WBGene00044499.,0,9,9
WBGene00044500.,158,1537,1695
WBGene00044501.,29,11,40
WBGene00044502.,4,129,133
WBGene00044503.,0,6,6
WBGene00044504.,10,82,92
WBGene00044505.,124,16,140
WBGene00044508.,230,1965,2195
WBGene00044509.,16,1205,1221
WBGene00044510.,9,56,65
WBGene00044511.,17,115,132
WBGene00044512.,11,108,119
WBGene00044513.,100,721,821
WBGene00044514.,324,12509,12833
WBGene00044515.,9,167,176
WBGene00044516.,2,0,2
WBGene00044517.,69,111,180
WBGene00044518.,0,0,0
WBGene00044519.,0,2,2
WBGene00044520.,0,10,10
WBGene00044521.,0,10,10
WBGene00044523.,0,9,9
WBGene00044524.,0,0,0
WBGene00044525.,59,197,256
WBGene00044526.,4,58,62
WBGene00044527.,7,150,157
WBGene00044528.,11,42,53
WBGene00044529.,19,15,34
WBGene00044530.,1,45,46
WBGene00044531.,8,4,12
WBGene00044533.,0,43,43
WBGene00044534.,18,58,76
WBGene00044535.,2,10,12
WBGene00044536.,37,543,580
WBGene00044537.,0,1,1
WBGene00044538.,0,0,0
WBGene00044539.,4,34,38
WBGene00044541.,0,10,10
WBGene00044542.,99,53,152
WBGene00044543.,1,2,3
WBGene00044544.,371,758,1129
WBGene00044545.,3,22,25
WBGene00044546.,2,3,5
WBGene00044547.,0,95,95
WBGene00044548.,0,8,8
WBGene00044549.,3,1,4
WBGene00044550.,4,0,4
WBGene00044551.,6,58,64
WBGene00044552.,2,19,21
WBGene00044553.,32,2148,2180
WBGene00044554.,35,57,92
WBGene00044556.,3,290,293
WBGene00044557.,68,227,295
WBGene00044558.,0,0,0
WBGene00044559.,6,65,71
WBGene00044560.,1,4,5
WBGene00044561.,1,1,2
WBGene00044562.,0,52,52
WBGene00044563.,5,1,6
WBGene00044564.,11,5,16
WBGene00044565.,0,0,0
WBGene00044567.,10,32,42
WBGene00044568.,76,584,660
WBGene00044569.,4,29,33
WBGene00044570.,1285,22,1307
WBGene00044571.,101,41,142
WBGene00044573.,1,1,2
WBGene00044574.,17,7,24
WBGene00044575.,2,4,6
WBGene00044577.,0,0,0
WBGene00044578.,1,57,58
WBGene00044579.,6,2,8
WBGene00044580.,0,1,1
WBGene00044581.,2,0,2
WBGene00044582.,65,1201,1266
WBGene00044583.,0,2,2
WBGene00044584.,226,1663,1889
WBGene00044585.,0,1,1
WBGene00044586.,1,21,22
WBGene00044587.,0,3,3
WBGene00044588.,54,191,245
WBGene00044589.,3,5,8
WBGene00044602.,0,1,1
WBGene00044603.,45,242,287
WBGene00044604.,40,687,727
WBGene00044605.,646,5123,5769
WBGene00044606.,0,0,0
WBGene00044607.,20,41,61
WBGene00044608.,35,1357,1392
WBGene00044609.,397,675,1072
WBGene00044610.,0,9,9
WBGene00044611.,16,21,37
WBGene00044612.,24,477,501
WBGene00044614.,71,677,748
WBGene00044615.,77,753,830
WBGene00044616.,0,11,11
WBGene00044617.,3,79,82
WBGene00044618.,11,414,425
WBGene00044620.,24,672,696
WBGene00044621.,3,180,183
WBGene00044623.,44,2430,2474
WBGene00044630.,126,2085,2211
WBGene00044631.,56,539,595
WBGene00044632.,3,18,21
WBGene00044633.,5,60,65
WBGene00044634.,3,3,6
WBGene00044636.,99,2289,2388
WBGene00044637.,54,167,221
WBGene00044638.,0,1208,1208
WBGene00044639.,3,0,3
WBGene00044640.,116,835,951
WBGene00044641.,161,215,376
WBGene00044642.,1,1,2
WBGene00044643.,6,470,476
WBGene00044644.,149,971,1120
WBGene00044645.,3,18,21
WBGene00044646.,45,131,176
WBGene00044648.,73,882,955
WBGene00044649.,30,26,56
WBGene00044650.,1278,2634,3912
WBGene00044651.,416,610,1026
WBGene00044653.,0,4,4
WBGene00044654.,1,14,15
WBGene00044655.,0,1,1
WBGene00044657.,0,0,0
WBGene00044658.,3,57,60
WBGene00044659.,0,2,2
WBGene00044660.,1,4,5
WBGene00044661.,2,40,42
WBGene00044662.,0,8,8
WBGene00044663.,0,10,10
WBGene00044664.,0,13,13
WBGene00044665.,1,1,2
WBGene00044666.,178,3324,3502
WBGene00044667.,2,26,28
WBGene00044668.,0,6,6
WBGene00044670.,89,2,91
WBGene00044672.,2,60,62
WBGene00044673.,0,0,0
WBGene00044674.,3,4,7
WBGene00044675.,11,253,264
WBGene00044676.,2,90,92
WBGene00044677.,626,1437,2063
WBGene00044678.,7,30,37
WBGene00044679.,58,1209,1267
WBGene00044680.,0,1,1
WBGene00044681.,41,569,610
WBGene00044683.,1,8,9
WBGene00044684.,3,15,18
WBGene00044686.,66,4871,4937
WBGene00044687.,6,8,14
WBGene00044689.,304,1468,1772
WBGene00044690.,38,593,631
WBGene00044691.,0,0,0
WBGene00044692.,3,1,4
WBGene00044693.,0,1,1
WBGene00044694.,0,0,0
WBGene00044695.,0,2,2
WBGene00044696.,11,105,116
WBGene00044697.,14,44,58
WBGene00044698.,71,4297,4368
WBGene00044699.,7,91,98
WBGene00044700.,22,84,106
WBGene00044701.,111,670,781
WBGene00044702.,0,1,1
WBGene00044703.,0,0,0
WBGene00044704.,0,11,11
WBGene00044705.,21,99,120
WBGene00044706.,2,4,6
WBGene00044707.,2,0,2
WBGene00044708.,5,0,5
WBGene00044709.,0,0,0
WBGene00044710.,0,0,0
WBGene00044711.,0,0,0
WBGene00044712.,1,7,8
WBGene00044713.,0,2,2
WBGene00044714.,0,3,3
WBGene00044716.,0,9,9
WBGene00044718.,0,11,11
WBGene00044719.,0,8,8
WBGene00044720.,0,20,20
WBGene00044722.,0,0,0
WBGene00044723.,0,5,5
WBGene00044724.,103,1504,1607
WBGene00044725.,13,376,389
WBGene00044726.,6,15,21
WBGene00044727.,0,1,1
WBGene00044728.,0,9877,9877
WBGene00044729.,0,16,16
WBGene00044732.,7,107,114
WBGene00044733.,1,5,6
WBGene00044734.,0,0,0
WBGene00044735.,0,0,0
WBGene00044736.,32,350,382
WBGene00044737.,1563,15352,16915
WBGene00044738.,6,7,13
WBGene00044739.,0,8,8
WBGene00044741.,5,23,28
WBGene00044742.,0,166,166
WBGene00044743.,93,1136,1229
WBGene00044744.,4,9,13
WBGene00044745.,106,493,599
WBGene00044746.,0,6370,6370
WBGene00044747.,0,0,0
WBGene00044748.,0,0,0
WBGene00044749.,0,0,0
WBGene00044750.,0,0,0
WBGene00044751.,0,0,0
WBGene00044752.,0,2,2
WBGene00044753.,22,17,39
WBGene00044754.,3,7,10
WBGene00044755.,0,6,6
WBGene00044756.,38,207,245
WBGene00044757.,8,78,86
WBGene00044758.,7,79,86
WBGene00044759.,0,8,8
WBGene00044760.,20,116,136
WBGene00044761.,1,6,7
WBGene00044762.,82,1525,1607
WBGene00044763.,6,18,24
WBGene00044764.,31,80,111
WBGene00044767.,8,393,401
WBGene00044768.,17,8,25
WBGene00044769.,1,1,2
WBGene00044770.,36,268,304
WBGene00044771.,36,396,432
WBGene00044772.,133,715,848
WBGene00044773.,2,2,4
WBGene00044774.,271,1678,1949
WBGene00044775.,0,1,1
WBGene00044776.,7,28,35
WBGene00044777.,0,1,1
WBGene00044778.,0,1,1
WBGene00044779.,14,61,75
WBGene00044780.,16,28,44
WBGene00044781.,0,0,0
WBGene00044782.,0,4,4
WBGene00044783.,0,2,2
WBGene00044784.,35,3750,3785
WBGene00044786.,0,2,2
WBGene00044787.,2,3,5
WBGene00044788.,13,39,52
WBGene00044789.,62,3523,3585
WBGene00044790.,54,1239,1293
WBGene00044791.,2,60,62
WBGene00044792.,11,28,39
WBGene00044794.,0,0,0
WBGene00044795.,6,401,407
WBGene00044796.,4,7,11
WBGene00044797.,1,167,168
WBGene00044798.,1,0,1
WBGene00044799.,0,121,121
WBGene00044800.,0,0,0
WBGene00044801.,0,0,0
WBGene00044802.,0,0,0
WBGene00044803.,83,146,229
WBGene00044804.,2,5,7
WBGene00044805.,0,2,2
WBGene00044806.,0,5,5
WBGene00044807.,0,2,2
WBGene00044808.,0,23,23
WBGene00044809.,0,1,1
WBGene00044810.,0,1,1
WBGene00044811.,16,458,474
WBGene00044889.,0,0,0
WBGene00044891.,131,1607,1738
WBGene00044892.,1,3,4
WBGene00044894.,63,529,592
WBGene00044895.,26,25,51
WBGene00044896.,13,5,18
WBGene00044897.,2,122,124
WBGene00044898.,12,23,35
WBGene00044900.,3,20,23
WBGene00044901.,1,139,140
WBGene00044902.,0,0,0
WBGene00044903.,133,547,680
WBGene00044905.,0,5,5
WBGene00044906.,5,481,486
WBGene00044907.,26,61,87
WBGene00044908.,2,4,6
WBGene00044909.,2,17,19
WBGene00044911.,7,5,12
WBGene00044912.,3,5,8
WBGene00044914.,0,27,27
WBGene00044916.,191,2540,2731
WBGene00044917.,1,41,42
WBGene00044920.,13,222,235
WBGene00044921.,707,17048,17755
WBGene00044922.,29,971,1000
WBGene00044923.,0,11,11
WBGene00044924.,169,633,802
WBGene00044925.,0,0,0
WBGene00044926.,0,1,1
WBGene00044927.,0,192,192
WBGene00044928.,0,0,0
WBGene00044929.,0,0,0
WBGene00044930.,0,4,4
WBGene00044931.,0,0,0
WBGene00044932.,0,0,0
WBGene00044933.,0,32,32
WBGene00044934.,0,62,62
WBGene00044935.,0,0,0
WBGene00044936.,0,0,0
WBGene00044937.,0,0,0
WBGene00044938.,0,3,3
WBGene00044939.,0,0,0
WBGene00044940.,0,0,0
WBGene00044941.,0,0,0
WBGene00044942.,0,0,0
WBGene00044943.,0,0,0
WBGene00044944.,0,0,0
WBGene00044945.,0,0,0
WBGene00044946.,0,0,0
WBGene00044947.,0,4,4
WBGene00044948.,0,0,0
WBGene00044949.,95,1319,1414
WBGene00044951.,0,0,0
WBGene00044952.,0,0,0
WBGene00044953.,4,3,7
WBGene00044954.,0,0,0
WBGene00044955.,0,0,0
WBGene00044956.,0,0,0
WBGene00044957.,0,0,0
WBGene00044958.,0,0,0
WBGene00044960.,0,1,1
WBGene00044961.,0,8,8
WBGene00044962.,0,0,0
WBGene00044963.,0,0,0
WBGene00044964.,0,0,0
WBGene00044965.,0,0,0
WBGene00044966.,0,0,0
WBGene00044967.,0,13,13
WBGene00044968.,0,0,0
WBGene00044969.,0,0,0
WBGene00044970.,0,0,0
WBGene00044971.,0,0,0
WBGene00044972.,0,1,1
WBGene00044973.,0,20,20
WBGene00044974.,0,0,0
WBGene00044975.,0,74,74
WBGene00044976.,1,4,5
WBGene00044977.,109,2573,2682
WBGene00044978.,0,6,6
WBGene00044979.,13,39,52
WBGene00044980.,0,0,0
WBGene00044981.,0,0,0
WBGene00044982.,0,3,3
WBGene00044983.,0,0,0
WBGene00044984.,0,0,0
WBGene00044985.,0,0,0
WBGene00044986.,0,0,0
WBGene00044987.,96,361,457
WBGene00044988.,0,7,7
WBGene00044989.,471,3924,4395
WBGene00044990.,232,3440,3672
WBGene00044991.,34,734,768
WBGene00044995.,0,0,0
WBGene00044997.,0,43,43
WBGene00044998.,0,0,0
WBGene00045000.,0,2,2
WBGene00045002.,0,4,4
WBGene00045003.,0,0,0
WBGene00045006.,0,0,0
WBGene00045007.,0,0,0
WBGene00045009.,0,9,9
WBGene00045011.,0,0,0
WBGene00045012.,0,4,4
WBGene00045013.,0,48,48
WBGene00045016.,0,0,0
WBGene00045017.,0,49,49
WBGene00045018.,0,5,5
WBGene00045019.,0,0,0
WBGene00045022.,0,0,0
WBGene00045024.,7,100,107
WBGene00045025.,4,0,4
WBGene00045026.,0,0,0
WBGene00045027.,0,2,2
WBGene00045028.,0,0,0
WBGene00045029.,0,5,5
WBGene00045036.,6,16,22
WBGene00045037.,1,3,4
WBGene00045038.,0,0,0
WBGene00045040.,0,0,0
WBGene00045043.,78,15,93
WBGene00045045.,5,8,13
WBGene00045046.,0,0,0
WBGene00045048.,0,65,65
WBGene00045050.,10,161,171
WBGene00045051.,0,0,0
WBGene00045052.,16,33,49
WBGene00045053.,9,34,43
WBGene00045055.,0,0,0
WBGene00045056.,75,1292,1367
WBGene00045057.,0,0,0
WBGene00045058.,9,66,75
WBGene00045059.,5,1,6
WBGene00045060.,1,2,3
WBGene00045061.,0,0,0
WBGene00045062.,0,44,44
WBGene00045063.,229,543,772
WBGene00045065.,0,0,0
WBGene00045066.,4,1,5
WBGene00045067.,4,40,44
WBGene00045068.,0,0,0
WBGene00045069.,0,0,0
WBGene00045071.,0,1,1
WBGene00045072.,0,0,0
WBGene00045074.,0,0,0
WBGene00045075.,0,11,11
WBGene00045076.,2,7,9
WBGene00045077.,16,203,219
WBGene00045078.,270,2489,2759
WBGene00045082.,0,0,0
WBGene00045083.,0,5,5
WBGene00045084.,0,0,0
WBGene00045085.,0,0,0
WBGene00045086.,0,0,0
WBGene00045087.,0,0,0
WBGene00045088.,0,0,0
WBGene00045089.,0,15,15
WBGene00045090.,0,0,0
WBGene00045091.,0,3,3
WBGene00045092.,0,0,0
WBGene00045093.,0,199,199
WBGene00045094.,0,0,0
WBGene00045095.,0,249,249
WBGene00045096.,0,393,393
WBGene00045097.,1,0,1
WBGene00045098.,0,1,1
WBGene00045099.,0,0,0
WBGene00045100.,0,1,1
WBGene00045101.,0,3,3
WBGene00045102.,0,0,0
WBGene00045103.,0,0,0
WBGene00045104.,0,5,5
WBGene00045105.,0,3,3
WBGene00045106.,0,3,3
WBGene00045107.,0,0,0
WBGene00045108.,9,2,11
WBGene00045109.,0,0,0
WBGene00045110.,0,0,0
WBGene00045111.,0,0,0
WBGene00045112.,0,0,0
WBGene00045113.,0,0,0
WBGene00045114.,0,16,16
WBGene00045115.,0,13,13
WBGene00045116.,0,0,0
WBGene00045117.,0,3,3
WBGene00045118.,0,197,197
WBGene00045119.,0,28,28
WBGene00045120.,0,0,0
WBGene00045121.,0,32,32
WBGene00045122.,0,0,0
WBGene00045123.,0,28,28
WBGene00045124.,0,28,28
WBGene00045125.,0,0,0
WBGene00045126.,0,0,0
WBGene00045127.,0,0,0
WBGene00045128.,0,0,0
WBGene00045129.,0,107,107
WBGene00045130.,0,0,0
WBGene00045131.,0,0,0
WBGene00045132.,0,4001,4001
WBGene00045133.,0,6,6
WBGene00045134.,0,0,0
WBGene00045136.,0,0,0
WBGene00045137.,0,2,2
WBGene00045138.,0,0,0
WBGene00045139.,0,0,0
WBGene00045140.,0,17,17
WBGene00045141.,0,23,23
WBGene00045142.,0,100,100
WBGene00045143.,1,0,1
WBGene00045144.,6,11,17
WBGene00045145.,0,0,0
WBGene00045146.,40,150,190
WBGene00045147.,0,111,111
WBGene00045148.,0,0,0
WBGene00045149.,0,2,2
WBGene00045150.,0,8,8
WBGene00045151.,0,0,0
WBGene00045152.,0,0,0
WBGene00045153.,0,0,0
WBGene00045154.,0,0,0
WBGene00045155.,0,0,0
WBGene00045156.,0,10,10
WBGene00045157.,0,139,139
WBGene00045158.,0,1,1
WBGene00045159.,0,90,90
WBGene00045160.,0,5,5
WBGene00045161.,0,0,0
WBGene00045162.,0,116,116
WBGene00045163.,0,154,154
WBGene00045164.,0,40,40
WBGene00045165.,0,0,0
WBGene00045167.,0,9,9
WBGene00045168.,0,0,0
WBGene00045169.,0,0,0
WBGene00045170.,0,0,0
WBGene00045171.,0,664,664
WBGene00045172.,0,0,0
WBGene00045174.,0,0,0
WBGene00045175.,0,383,383
WBGene00045176.,0,11,11
WBGene00045177.,3,4,7
WBGene00045178.,5,110,115
WBGene00045179.,0,3,3
WBGene00045180.,0,5,5
WBGene00045182.,0,1,1
WBGene00045183.,4,150,154
WBGene00045184.,0,0,0
WBGene00045185.,0,0,0
WBGene00045188.,5,12,17
WBGene00045189.,0,65,65
WBGene00045190.,53,603,656
WBGene00045192.,3,1350,1353
WBGene00045193.,16,113,129
WBGene00045194.,0,0,0
WBGene00045195.,230,178,408
WBGene00045197.,0,12,12
WBGene00045198.,1,8,9
WBGene00045199.,0,0,0
WBGene00045200.,0,0,0
WBGene00045201.,0,6,6
WBGene00045202.,0,1,1
WBGene00045203.,0,1,1
WBGene00045204.,0,0,0
WBGene00045205.,0,5,5
WBGene00045207.,1,13,14
WBGene00045208.,0,12261,12261
WBGene00045209.,0,9,9
WBGene00045210.,36,139,175
WBGene00045211.,2,10,12
WBGene00045212.,9,61,70
WBGene00045215.,19,73,92
WBGene00045218.,6,78,84
WBGene00045234.,0,9,9
WBGene00045235.,0,4,4
WBGene00045236.,3,12,15
WBGene00045237.,15,265,280
WBGene00045238.,0,818,818
WBGene00045239.,3,14,17
WBGene00045242.,0,12,12
WBGene00045245.,2,10,12
WBGene00045246.,105,1689,1794
WBGene00045247.,12,38,50
WBGene00045248.,83,209,292
WBGene00045249.,302,6871,7173
WBGene00045250.,60,174,234
WBGene00045251.,0,1,1
WBGene00045252.,19,85,104
WBGene00045253.,71,619,690
WBGene00045254.,0,0,0
WBGene00045255.,293,1299,1592
WBGene00045261.,1,19,20
WBGene00045265.,2,8,10
WBGene00045268.,0,2,2
WBGene00045269.,1,13,14
WBGene00045270.,10,0,10
WBGene00045271.,4,26,30
WBGene00045272.,0,51795,51795
WBGene00045273.,0,2,2
WBGene00045275.,0,271,271
WBGene00045276.,0,2132,2132
WBGene00045277.,290,1332,1622
WBGene00045278.,0,1,1
WBGene00045279.,0,2,2
WBGene00045280.,3,0,3
WBGene00045281.,0,0,0
WBGene00045282.,3,17,20
WBGene00045283.,0,5,5
WBGene00045285.,0,0,0
WBGene00045286.,0,0,0
WBGene00045287.,0,1,1
WBGene00045289.,8,48,56
WBGene00045290.,0,0,0
WBGene00045291.,2,11,13
WBGene00045292.,2,7,9
WBGene00045293.,9,14,23
WBGene00045294.,0,0,0
WBGene00045295.,15,189,204
WBGene00045297.,2,84,86
WBGene00045298.,0,1,1
WBGene00045299.,0,0,0
WBGene00045300.,0,0,0
WBGene00045301.,0,0,0
WBGene00045302.,1,1,2
WBGene00045303.,0,1,1
WBGene00045304.,0,1,1
WBGene00045305.,1,243,244
WBGene00045306.,0,3,3
WBGene00045308.,9,7,16
WBGene00045309.,3,12,15
WBGene00045311.,0,0,0
WBGene00045313.,0,2,2
WBGene00045314.,3,147,150
WBGene00045315.,0,2,2
WBGene00045316.,80,47,127
WBGene00045319.,0,13,13
WBGene00045321.,0,28,28
WBGene00045322.,0,5,5
WBGene00045323.,0,1,1
WBGene00045324.,0,4,4
WBGene00045325.,0,0,0
WBGene00045326.,0,0,0
WBGene00045327.,0,2,2
WBGene00045328.,0,0,0
WBGene00045329.,0,9,9
WBGene00045330.,0,0,0
WBGene00045331.,6,128,134
WBGene00045332.,0,0,0
WBGene00045336.,88,747,835
WBGene00045337.,0,8,8
WBGene00045338.,0,2,2
WBGene00045339.,4,73,77
WBGene00045340.,107,308,415
WBGene00045341.,0,3,3
WBGene00045342.,0,0,0
WBGene00045343.,0,0,0
WBGene00045344.,0,0,0
WBGene00045345.,2,0,2
WBGene00045346.,0,1,1
WBGene00045347.,0,0,0
WBGene00045348.,0,0,0
WBGene00045350.,0,13,13
WBGene00045351.,0,3,3
WBGene00045352.,0,8,8
WBGene00045353.,0,1,1
WBGene00045354.,0,0,0
WBGene00045355.,4,8,12
WBGene00045356.,0,18,18
WBGene00045357.,47,71,118
WBGene00045358.,0,0,0
WBGene00045359.,0,6,6
WBGene00045360.,0,1,1
WBGene00045361.,0,1,1
WBGene00045362.,0,0,0
WBGene00045363.,1,1,2
WBGene00045364.,1,0,1
WBGene00045365.,2,14,16
WBGene00045366.,933,3747,4680
WBGene00045367.,0,0,0
WBGene00045368.,0,0,0
WBGene00045369.,0,0,0
WBGene00045370.,0,0,0
WBGene00045371.,0,2,2
WBGene00045372.,0,0,0
WBGene00045373.,0,0,0
WBGene00045374.,0,0,0
WBGene00045375.,0,74,74
WBGene00045376.,0,0,0
WBGene00045377.,0,0,0
WBGene00045378.,0,3,3
WBGene00045379.,5,415,420
WBGene00045380.,0,2,2
WBGene00045381.,0,0,0
WBGene00045382.,1,27,28
WBGene00045383.,103,3488,3591
WBGene00045385.,2,42,44
WBGene00045386.,97,701,798
WBGene00045387.,51,464,515
WBGene00045388.,0,0,0
WBGene00045389.,0,0,0
WBGene00045390.,212,4078,4290
WBGene00045391.,0,7,7
WBGene00045392.,94,1128,1222
WBGene00045393.,4,30,34
WBGene00045394.,0,3,3
WBGene00045395.,14,75,89
WBGene00045396.,302,215,517
WBGene00045397.,28,116,144
WBGene00045398.,6,3,9
WBGene00045399.,4,38,42
WBGene00045400.,9,31,40
WBGene00045401.,2,11,13
WBGene00045402.,0,0,0
WBGene00045403.,13,176,189
WBGene00045404.,1,17,18
WBGene00045405.,2,12,14
WBGene00045406.,0,1,1
WBGene00045407.,109,1247,1356
WBGene00045408.,0,0,0
WBGene00045410.,160,1512,1672
WBGene00045411.,0,149,149
WBGene00045412.,0,32,32
WBGene00045413.,2,0,2
WBGene00045414.,0,2,2
WBGene00045415.,1,21,22
WBGene00045416.,2,4,6
WBGene00045417.,0,0,0
WBGene00045418.,121,3839,3960
WBGene00045419.,464,3482,3946
WBGene00045433.,139,2060,2199
WBGene00045434.,124,604,728
WBGene00045455.,2,42,44
WBGene00045456.,5,2,7
WBGene00045457.,0,18,18
WBGene00045458.,0,9,9
WBGene00045459.,0,2,2
WBGene00045460.,0,21,21
WBGene00045461.,4,53,57
WBGene00045468.,1,6,7
WBGene00045473.,3,16,19
WBGene00045474.,1,28,29
WBGene00045475.,10,36,46
WBGene00045480.,64,10,74
WBGene00045481.,8,9,17
WBGene00045482.,93,249,342
WBGene00045483.,736,11208,11944
WBGene00045484.,23,57,80
WBGene00045486.,0,2,2
WBGene00045487.,1,6,7
WBGene00045488.,3,39,42
WBGene00045490.,0,0,0
WBGene00045491.,0,0,0
WBGene00045492.,0,0,0
WBGene00045493.,2,3,5
WBGene00045494.,4,64,68
WBGene00045495.,126,1024,1150
WBGene00045496.,0,0,0
WBGene00045497.,7,42,49
WBGene00045498.,0,18,18
WBGene00045500.,3,11,14
WBGene00045501.,1,1,2
WBGene00045502.,0,0,0
WBGene00045506.,0,2,2
WBGene00045507.,4,1246,1250
WBGene00045508.,2,0,2
WBGene00045509.,8,41,49
WBGene00045510.,19,183,202
WBGene00045511.,13,22,35
WBGene00045513.,7,7,14
WBGene00045514.,0,5,5
WBGene00045515.,1,7,8
WBGene00045516.,0,35,35
WBGene00045517.,434,3320,3754
WBGene00045518.,0,0,0
WBGene00045519.,0,0,0
WBGene00045520.,0,0,0
WBGene00045521.,0,0,0
WBGene00045522.,0,0,0
WBGene00045523.,0,0,0
WBGene00045524.,0,0,0
WBGene00045525.,0,0,0
WBGene00045526.,0,0,0
WBGene00045527.,0,0,0
WBGene00045528.,0,0,0
WBGene00045529.,0,0,0
WBGene00045530.,0,6,6
WBGene00045531.,0,0,0
WBGene00045532.,0,0,0
WBGene00045533.,0,0,0
WBGene00045534.,0,0,0
WBGene00045535.,0,0,0
WBGene00045536.,0,1,1
WBGene00045537.,0,8,8
WBGene00045538.,0,0,0
WBGene00045539.,0,0,0
WBGene00045540.,0,19,19
WBGene00045541.,0,0,0
WBGene00045542.,0,0,0
WBGene00045543.,0,0,0
WBGene00045544.,0,0,0
WBGene00045545.,0,0,0
WBGene00045546.,0,1,1
WBGene00045547.,0,1,1
WBGene00045548.,0,0,0
WBGene00045549.,0,0,0
WBGene00045550.,0,0,0
WBGene00045551.,0,0,0
WBGene00045552.,0,0,0
WBGene00045553.,0,0,0
WBGene00045554.,0,0,0
WBGene00045555.,0,0,0
WBGene00045556.,0,0,0
WBGene00045557.,0,0,0
WBGene00045558.,0,0,0
WBGene00045559.,0,0,0
WBGene00045560.,0,1,1
WBGene00045561.,0,0,0
WBGene00045562.,0,0,0
WBGene00045563.,0,0,0
WBGene00045564.,0,0,0
WBGene00045565.,0,1,1
WBGene00045566.,0,0,0
WBGene00045567.,0,150,150
WBGene00045568.,0,0,0
WBGene00045569.,0,0,0
WBGene00045570.,0,0,0
WBGene00045571.,0,1,1
WBGene00045572.,0,1,1
WBGene00045573.,0,0,0
WBGene00045574.,0,0,0
WBGene00045575.,0,0,0
WBGene00045576.,0,0,0
WBGene00045577.,0,0,0
WBGene00045578.,0,0,0
WBGene00045579.,0,0,0
WBGene00045580.,0,1,1
WBGene00045581.,0,1,1
WBGene00045582.,0,0,0
WBGene00045583.,0,2,2
WBGene00045584.,0,0,0
WBGene00045585.,0,0,0
WBGene00045586.,0,0,0
WBGene00045587.,0,0,0
WBGene00045588.,0,0,0
WBGene00045589.,0,0,0
WBGene00045590.,0,0,0
WBGene00045591.,0,1,1
WBGene00045592.,0,0,0
WBGene00045593.,0,0,0
WBGene00045594.,0,0,0
WBGene00045595.,0,0,0
WBGene00045596.,0,0,0
WBGene00045597.,0,0,0
WBGene00045598.,0,0,0
WBGene00045599.,0,0,0
WBGene00045600.,0,0,0
WBGene00045601.,0,0,0
WBGene00045602.,0,2,2
WBGene00045603.,0,0,0
WBGene00045604.,0,0,0
WBGene00045605.,0,0,0
WBGene00045606.,0,1,1
WBGene00045607.,0,0,0
WBGene00045608.,0,0,0
WBGene00045609.,0,0,0
WBGene00045610.,0,0,0
WBGene00045611.,0,0,0
WBGene00045612.,0,0,0
WBGene00045613.,0,0,0
WBGene00045614.,0,1,1
WBGene00045615.,0,0,0
WBGene00045616.,0,0,0
WBGene00045617.,0,0,0
WBGene00045618.,0,0,0
WBGene00045619.,0,0,0
WBGene00045620.,0,0,0
WBGene00045621.,0,0,0
WBGene00045622.,0,0,0
WBGene00045623.,0,0,0
WBGene00045624.,0,0,0
WBGene00045625.,0,0,0
WBGene00045626.,0,0,0
WBGene00045627.,0,0,0
WBGene00045628.,0,0,0
WBGene00045629.,0,0,0
WBGene00045630.,0,0,0
WBGene00045631.,0,0,0
WBGene00045632.,0,0,0
WBGene00045633.,0,0,0
WBGene00045634.,0,0,0
WBGene00045635.,0,0,0
WBGene00045636.,0,1,1
WBGene00045637.,0,7,7
WBGene00045638.,0,0,0
WBGene00045639.,0,2,2
WBGene00045640.,0,2,2
WBGene00045641.,0,1,1
WBGene00045642.,0,0,0
WBGene00045643.,0,0,0
WBGene00045644.,0,0,0
WBGene00045645.,0,0,0
WBGene00045646.,0,0,0
WBGene00045647.,0,0,0
WBGene00045648.,0,0,0
WBGene00045649.,0,0,0
WBGene00045650.,0,0,0
WBGene00045651.,0,1,1
WBGene00045652.,0,0,0
WBGene00045653.,0,4,4
WBGene00045654.,0,0,0
WBGene00045655.,0,0,0
WBGene00045656.,0,0,0
WBGene00045657.,0,0,0
WBGene00045658.,0,0,0
WBGene00045659.,0,0,0
WBGene00045660.,0,0,0
WBGene00045661.,0,0,0
WBGene00045662.,0,0,0
WBGene00045663.,0,0,0
WBGene00045664.,0,0,0
WBGene00045665.,0,0,0
WBGene00045666.,0,1,1
WBGene00045667.,0,0,0
WBGene00045668.,0,96,96
WBGene00045669.,0,0,0
WBGene00045670.,0,0,0
WBGene00045671.,0,0,0
WBGene00045672.,0,0,0
WBGene00045673.,0,0,0
WBGene00045674.,0,0,0
WBGene00045675.,0,0,0
WBGene00045676.,0,0,0
WBGene00045677.,0,0,0
WBGene00045678.,0,0,0
WBGene00045679.,0,0,0
WBGene00045680.,0,0,0
WBGene00045681.,0,0,0
WBGene00045682.,0,0,0
WBGene00045683.,0,1,1
WBGene00045684.,0,0,0
WBGene00045685.,0,0,0
WBGene00045686.,0,0,0
WBGene00045687.,0,0,0
WBGene00045688.,0,0,0
WBGene00045689.,0,0,0
WBGene00045690.,0,0,0
WBGene00045691.,0,0,0
WBGene00045692.,0,0,0
WBGene00045693.,0,0,0
WBGene00045694.,0,20,20
WBGene00045695.,0,0,0
WBGene00045696.,0,1,1
WBGene00045697.,0,0,0
WBGene00045698.,0,0,0
WBGene00045699.,0,0,0
WBGene00045700.,0,0,0
WBGene00045701.,0,0,0
WBGene00045702.,0,0,0
WBGene00045703.,0,0,0
WBGene00045704.,0,0,0
WBGene00045705.,0,0,0
WBGene00045706.,0,0,0
WBGene00045707.,0,1,1
WBGene00045708.,0,0,0
WBGene00045709.,0,0,0
WBGene00045710.,0,0,0
WBGene00045711.,0,0,0
WBGene00045712.,0,0,0
WBGene00045713.,0,0,0
WBGene00045714.,0,0,0
WBGene00045715.,0,0,0
WBGene00045716.,0,0,0
WBGene00045717.,0,0,0
WBGene00045718.,0,1,1
WBGene00045719.,0,0,0
WBGene00045720.,0,1,1
WBGene00045721.,0,1,1
WBGene00045722.,0,0,0
WBGene00045723.,0,0,0
WBGene00045724.,0,2,2
WBGene00045725.,0,0,0
WBGene00045726.,0,0,0
WBGene00045727.,0,0,0
WBGene00045728.,0,25,25
WBGene00045729.,0,0,0
WBGene00045730.,0,0,0
WBGene00045731.,0,0,0
WBGene00045732.,0,0,0
WBGene00045733.,0,0,0
WBGene00045734.,0,0,0
WBGene00045735.,0,0,0
WBGene00045736.,0,0,0
WBGene00045737.,0,0,0
WBGene00045738.,0,0,0
WBGene00045739.,0,0,0
WBGene00045740.,0,0,0
WBGene00045741.,0,0,0
WBGene00045743.,0,0,0
WBGene00045744.,0,0,0
WBGene00045745.,0,0,0
WBGene00045746.,0,0,0
WBGene00045747.,0,0,0
WBGene00045748.,0,0,0
WBGene00045749.,0,0,0
WBGene00045750.,0,0,0
WBGene00045751.,0,0,0
WBGene00045752.,0,0,0
WBGene00045753.,0,0,0
WBGene00045754.,0,0,0
WBGene00045755.,0,0,0
WBGene00045756.,0,0,0
WBGene00045757.,0,0,0
WBGene00045758.,0,0,0
WBGene00045759.,0,0,0
WBGene00045760.,0,0,0
WBGene00045761.,0,0,0
WBGene00045762.,0,0,0
WBGene00045763.,0,0,0
WBGene00045764.,0,0,0
WBGene00045765.,0,0,0
WBGene00045766.,0,0,0
WBGene00045767.,0,0,0
WBGene00045768.,0,0,0
WBGene00045769.,0,0,0
WBGene00045770.,0,0,0
WBGene00045771.,0,0,0
WBGene00045772.,0,0,0
WBGene00045773.,0,0,0
WBGene00045774.,0,0,0
WBGene00045775.,0,0,0
WBGene00045776.,0,1,1
WBGene00045777.,0,0,0
WBGene00045778.,0,0,0
WBGene00045779.,0,0,0
WBGene00045780.,0,0,0
WBGene00045781.,0,1,1
WBGene00045782.,0,0,0
WBGene00045783.,0,0,0
WBGene00045784.,0,0,0
WBGene00045785.,0,0,0
WBGene00045786.,0,0,0
WBGene00045787.,0,3,3
WBGene00045788.,0,5,5
WBGene00045789.,0,0,0
WBGene00045790.,0,9,9
WBGene00045791.,0,0,0
WBGene00045792.,0,0,0
WBGene00045793.,0,0,0
WBGene00045794.,0,0,0
WBGene00045795.,0,0,0
WBGene00045796.,0,0,0
WBGene00045797.,0,0,0
WBGene00045798.,0,0,0
WBGene00045799.,0,0,0
WBGene00045800.,0,0,0
WBGene00045801.,0,0,0
WBGene00045802.,0,0,0
WBGene00045803.,0,0,0
WBGene00045804.,0,0,0
WBGene00045805.,0,0,0
WBGene00045806.,0,1,1
WBGene00045807.,0,0,0
WBGene00045808.,0,0,0
WBGene00045809.,0,0,0
WBGene00045810.,0,0,0
WBGene00045811.,0,0,0
WBGene00045812.,0,0,0
WBGene00045813.,0,0,0
WBGene00045814.,0,0,0
WBGene00045815.,0,0,0
WBGene00045816.,0,0,0
WBGene00045817.,0,0,0
WBGene00045818.,0,0,0
WBGene00045819.,0,0,0
WBGene00045820.,0,8,8
WBGene00045821.,0,0,0
WBGene00045822.,0,7,7
WBGene00045823.,0,0,0
WBGene00045824.,0,2,2
WBGene00045825.,0,0,0
WBGene00045826.,0,0,0
WBGene00045827.,0,0,0
WBGene00045828.,0,0,0
WBGene00045829.,0,0,0
WBGene00045830.,0,0,0
WBGene00045831.,0,0,0
WBGene00045832.,0,0,0
WBGene00045833.,0,0,0
WBGene00045834.,0,0,0
WBGene00045835.,0,0,0
WBGene00045836.,0,0,0
WBGene00045837.,0,0,0
WBGene00045838.,0,0,0
WBGene00045839.,0,5,5
WBGene00045840.,0,0,0
WBGene00045841.,0,2,2
WBGene00045842.,0,0,0
WBGene00045843.,0,4,4
WBGene00045844.,0,0,0
WBGene00045845.,0,0,0
WBGene00045846.,0,0,0
WBGene00045847.,0,0,0
WBGene00045848.,0,1,1
WBGene00045849.,0,0,0
WBGene00045850.,0,0,0
WBGene00045851.,0,0,0
WBGene00045852.,0,0,0
WBGene00045853.,0,0,0
WBGene00045854.,0,0,0
WBGene00045855.,0,0,0
WBGene00045856.,0,1,1
WBGene00045857.,0,0,0
WBGene00045858.,0,0,0
WBGene00045859.,0,0,0
WBGene00045860.,0,0,0
WBGene00045861.,0,0,0
WBGene00045862.,0,0,0
WBGene00045863.,0,0,0
WBGene00045864.,0,1,1
WBGene00045865.,0,0,0
WBGene00045866.,0,0,0
WBGene00045867.,0,0,0
WBGene00045868.,0,0,0
WBGene00045869.,0,2,2
WBGene00045870.,0,0,0
WBGene00045871.,0,1,1
WBGene00045872.,0,0,0
WBGene00045873.,0,0,0
WBGene00045874.,0,0,0
WBGene00045875.,0,0,0
WBGene00045876.,0,0,0
WBGene00045877.,0,0,0
WBGene00045878.,0,0,0
WBGene00045879.,0,0,0
WBGene00045880.,0,0,0
WBGene00045881.,0,1,1
WBGene00045882.,0,0,0
WBGene00045883.,0,0,0
WBGene00045884.,0,6,6
WBGene00045885.,0,0,0
WBGene00045886.,0,1,1
WBGene00045887.,0,0,0
WBGene00045888.,0,0,0
WBGene00045889.,0,0,0
WBGene00045890.,0,0,0
WBGene00045891.,0,0,0
WBGene00045892.,0,0,0
WBGene00045893.,0,0,0
WBGene00045894.,0,0,0
WBGene00045895.,0,0,0
WBGene00045896.,0,2,2
WBGene00045897.,0,0,0
WBGene00045898.,0,0,0
WBGene00045899.,0,0,0
WBGene00045900.,0,0,0
WBGene00045901.,0,0,0
WBGene00045902.,0,0,0
WBGene00045903.,0,0,0
WBGene00045904.,0,0,0
WBGene00045905.,0,0,0
WBGene00045906.,0,0,0
WBGene00045907.,0,0,0
WBGene00045908.,0,0,0
WBGene00045909.,0,0,0
WBGene00045910.,0,0,0
WBGene00045911.,0,0,0
WBGene00045912.,0,0,0
WBGene00045913.,0,0,0
WBGene00045914.,0,0,0
WBGene00045915.,0,0,0
WBGene00045916.,0,0,0
WBGene00045917.,0,0,0
WBGene00045918.,0,1,1
WBGene00045919.,0,0,0
WBGene00045920.,0,0,0
WBGene00045921.,0,0,0
WBGene00045922.,0,0,0
WBGene00045923.,0,0,0
WBGene00045924.,0,0,0
WBGene00045925.,0,0,0
WBGene00045926.,0,1,1
WBGene00045927.,0,0,0
WBGene00045928.,0,10,10
WBGene00045929.,0,3,3
WBGene00045930.,0,0,0
WBGene00045931.,0,0,0
WBGene00045932.,0,0,0
WBGene00045933.,0,0,0
WBGene00045934.,0,0,0
WBGene00045935.,0,0,0
WBGene00045936.,0,1,1
WBGene00045937.,0,0,0
WBGene00045938.,0,0,0
WBGene00045939.,0,0,0
WBGene00045940.,0,0,0
WBGene00045941.,0,0,0
WBGene00045942.,0,0,0
WBGene00045943.,0,0,0
WBGene00045944.,0,0,0
WBGene00045945.,0,0,0
WBGene00045946.,0,0,0
WBGene00045947.,0,0,0
WBGene00045948.,0,0,0
WBGene00045949.,0,0,0
WBGene00045950.,0,0,0
WBGene00045951.,0,0,0
WBGene00045952.,0,0,0
WBGene00045953.,0,0,0
WBGene00045954.,0,3,3
WBGene00045955.,0,0,0
WBGene00045956.,0,2,2
WBGene00045957.,0,0,0
WBGene00045958.,0,0,0
WBGene00045959.,0,0,0
WBGene00045960.,0,0,0
WBGene00045961.,0,2,2
WBGene00045962.,0,0,0
WBGene00045963.,0,0,0
WBGene00045964.,0,0,0
WBGene00045965.,0,0,0
WBGene00045966.,0,1,1
WBGene00045967.,0,0,0
WBGene00045968.,0,0,0
WBGene00045969.,0,3,3
WBGene00045970.,0,0,0
WBGene00045971.,0,0,0
WBGene00045972.,0,0,0
WBGene00045973.,0,0,0
WBGene00045974.,0,0,0
WBGene00045975.,0,0,0
WBGene00045976.,0,0,0
WBGene00045977.,0,1,1
WBGene00045978.,0,0,0
WBGene00045979.,0,3,3
WBGene00045980.,0,0,0
WBGene00045981.,0,1,1
WBGene00045982.,0,3,3
WBGene00045983.,0,0,0
WBGene00045984.,0,0,0
WBGene00045985.,0,0,0
WBGene00045986.,0,0,0
WBGene00045987.,0,0,0
WBGene00045988.,0,0,0
WBGene00045989.,0,0,0
WBGene00045990.,0,0,0
WBGene00045991.,0,0,0
WBGene00045992.,0,0,0
WBGene00045993.,0,0,0
WBGene00045994.,0,0,0
WBGene00045995.,0,0,0
WBGene00045996.,0,0,0
WBGene00045997.,0,0,0
WBGene00045998.,0,0,0
WBGene00045999.,0,0,0
WBGene00046000.,0,0,0
WBGene00046001.,0,0,0
WBGene00046002.,0,0,0
WBGene00046003.,0,0,0
WBGene00046004.,0,0,0
WBGene00046005.,0,0,0
WBGene00046006.,0,2,2
WBGene00046007.,0,0,0
WBGene00046008.,0,0,0
WBGene00046009.,0,0,0
WBGene00046010.,0,0,0
WBGene00046011.,0,5,5
WBGene00046012.,0,0,0
WBGene00046013.,0,0,0
WBGene00046014.,0,0,0
WBGene00046015.,0,0,0
WBGene00046016.,0,0,0
WBGene00046017.,0,0,0
WBGene00046018.,0,0,0
WBGene00046019.,0,0,0
WBGene00046020.,0,0,0
WBGene00046021.,0,0,0
WBGene00046022.,0,0,0
WBGene00046023.,0,1,1
WBGene00046024.,0,0,0
WBGene00046025.,0,0,0
WBGene00046026.,0,0,0
WBGene00046027.,0,7,7
WBGene00046028.,0,0,0
WBGene00046029.,0,1,1
WBGene00046030.,0,0,0
WBGene00046031.,0,0,0
WBGene00046032.,0,0,0
WBGene00046033.,0,0,0
WBGene00046034.,0,0,0
WBGene00046035.,0,0,0
WBGene00046036.,0,2,2
WBGene00046037.,0,1,1
WBGene00046038.,0,0,0
WBGene00046039.,0,0,0
WBGene00046040.,0,0,0
WBGene00046041.,0,4,4
WBGene00046042.,0,0,0
WBGene00046043.,0,1,1
WBGene00046044.,0,0,0
WBGene00046045.,0,0,0
WBGene00046046.,0,0,0
WBGene00046047.,0,2,2
WBGene00046048.,0,0,0
WBGene00046049.,0,1,1
WBGene00046050.,0,1,1
WBGene00046051.,0,0,0
WBGene00046052.,0,0,0
WBGene00046053.,0,0,0
WBGene00046054.,0,0,0
WBGene00046055.,0,0,0
WBGene00046056.,0,0,0
WBGene00046057.,0,0,0
WBGene00046058.,0,0,0
WBGene00046059.,0,1,1
WBGene00046060.,0,1,1
WBGene00046061.,0,0,0
WBGene00046062.,0,2,2
WBGene00046063.,0,0,0
WBGene00046064.,0,0,0
WBGene00046065.,0,0,0
WBGene00046066.,0,0,0
WBGene00046067.,0,1,1
WBGene00046068.,0,0,0
WBGene00046069.,0,0,0
WBGene00046070.,0,0,0
WBGene00046071.,0,0,0
WBGene00046072.,0,0,0
WBGene00046073.,0,0,0
WBGene00046074.,0,0,0
WBGene00046075.,0,0,0
WBGene00046076.,0,0,0
WBGene00046077.,0,0,0
WBGene00046078.,0,0,0
WBGene00046079.,0,0,0
WBGene00046080.,0,0,0
WBGene00046081.,0,0,0
WBGene00046082.,0,0,0
WBGene00046083.,0,0,0
WBGene00046084.,0,0,0
WBGene00046085.,0,0,0
WBGene00046086.,0,0,0
WBGene00046087.,0,0,0
WBGene00046088.,0,0,0
WBGene00046089.,0,0,0
WBGene00046090.,0,0,0
WBGene00046091.,0,0,0
WBGene00046092.,0,0,0
WBGene00046093.,0,0,0
WBGene00046094.,0,0,0
WBGene00046095.,0,0,0
WBGene00046096.,0,0,0
WBGene00046097.,0,0,0
WBGene00046098.,0,0,0
WBGene00046099.,0,0,0
WBGene00046100.,0,0,0
WBGene00046101.,0,0,0
WBGene00046102.,0,0,0
WBGene00046103.,0,2,2
WBGene00046104.,0,3,3
WBGene00046105.,0,0,0
WBGene00046106.,0,0,0
WBGene00046107.,0,0,0
WBGene00046108.,0,3,3
WBGene00046109.,0,19,19
WBGene00046110.,0,0,0
WBGene00046111.,0,0,0
WBGene00046112.,0,0,0
WBGene00046113.,0,0,0
WBGene00046114.,0,25,25
WBGene00046115.,0,1,1
WBGene00046116.,0,0,0
WBGene00046117.,0,0,0
WBGene00046118.,0,0,0
WBGene00046119.,0,0,0
WBGene00046120.,0,0,0
WBGene00046121.,0,0,0
WBGene00046122.,0,0,0
WBGene00046123.,0,7,7
WBGene00046124.,0,0,0
WBGene00046125.,0,1,1
WBGene00046126.,0,0,0
WBGene00046127.,0,0,0
WBGene00046128.,0,0,0
WBGene00046129.,0,1,1
WBGene00046130.,0,0,0
WBGene00046131.,0,0,0
WBGene00046132.,0,2,2
WBGene00046133.,0,0,0
WBGene00046134.,0,0,0
WBGene00046135.,0,0,0
WBGene00046136.,0,0,0
WBGene00046137.,0,1,1
WBGene00046138.,0,0,0
WBGene00046139.,0,0,0
WBGene00046140.,0,3,3
WBGene00046141.,0,0,0
WBGene00046142.,0,4,4
WBGene00046143.,0,6,6
WBGene00046144.,0,0,0
WBGene00046145.,0,0,0
WBGene00046146.,0,0,0
WBGene00046147.,0,0,0
WBGene00046148.,0,2,2
WBGene00046149.,0,0,0
WBGene00046150.,0,0,0
WBGene00046151.,0,0,0
WBGene00046152.,0,0,0
WBGene00046153.,0,0,0
WBGene00046154.,0,0,0
WBGene00046155.,0,0,0
WBGene00046156.,0,0,0
WBGene00046157.,0,0,0
WBGene00046158.,0,0,0
WBGene00046159.,0,0,0
WBGene00046160.,0,1,1
WBGene00046161.,0,0,0
WBGene00046162.,0,0,0
WBGene00046163.,0,0,0
WBGene00046164.,0,0,0
WBGene00046165.,0,0,0
WBGene00046166.,0,0,0
WBGene00046167.,0,0,0
WBGene00046168.,0,0,0
WBGene00046169.,0,0,0
WBGene00046170.,0,0,0
WBGene00046171.,0,0,0
WBGene00046172.,0,0,0
WBGene00046173.,0,0,0
WBGene00046174.,0,0,0
WBGene00046175.,0,0,0
WBGene00046176.,0,25,25
WBGene00046177.,0,0,0
WBGene00046178.,0,0,0
WBGene00046179.,0,0,0
WBGene00046180.,0,0,0
WBGene00046181.,0,0,0
WBGene00046182.,0,2,2
WBGene00046183.,0,10,10
WBGene00046184.,0,0,0
WBGene00046185.,0,0,0
WBGene00046186.,0,0,0
WBGene00046187.,0,0,0
WBGene00046188.,0,0,0
WBGene00046189.,0,0,0
WBGene00046190.,0,0,0
WBGene00046191.,0,0,0
WBGene00046192.,0,1,1
WBGene00046193.,0,0,0
WBGene00046194.,0,0,0
WBGene00046195.,0,0,0
WBGene00046196.,0,0,0
WBGene00046197.,0,0,0
WBGene00046198.,0,0,0
WBGene00046199.,0,0,0
WBGene00046200.,0,0,0
WBGene00046201.,0,0,0
WBGene00046202.,0,0,0
WBGene00046203.,0,0,0
WBGene00046204.,0,0,0
WBGene00046205.,0,0,0
WBGene00046206.,0,0,0
WBGene00046207.,0,0,0
WBGene00046208.,0,0,0
WBGene00046209.,0,9,9
WBGene00046210.,0,0,0
WBGene00046211.,0,0,0
WBGene00046212.,0,3,3
WBGene00046213.,0,4,4
WBGene00046214.,0,0,0
WBGene00046215.,0,0,0
WBGene00046216.,0,0,0
WBGene00046217.,0,0,0
WBGene00046218.,0,0,0
WBGene00046219.,0,0,0
WBGene00046220.,0,3,3
WBGene00046221.,0,0,0
WBGene00046222.,0,0,0
WBGene00046223.,0,0,0
WBGene00046224.,0,0,0
WBGene00046225.,0,0,0
WBGene00046226.,0,0,0
WBGene00046227.,0,0,0
WBGene00046228.,0,0,0
WBGene00046229.,0,0,0
WBGene00046230.,0,0,0
WBGene00046231.,0,0,0
WBGene00046232.,0,1,1
WBGene00046233.,0,0,0
WBGene00046234.,0,0,0
WBGene00046235.,0,0,0
WBGene00046236.,0,0,0
WBGene00046237.,0,0,0
WBGene00046238.,0,2,2
WBGene00046239.,0,0,0
WBGene00046240.,0,0,0
WBGene00046241.,0,0,0
WBGene00046242.,0,0,0
WBGene00046243.,0,0,0
WBGene00046244.,0,0,0
WBGene00046245.,0,1,1
WBGene00046246.,0,0,0
WBGene00046247.,0,0,0
WBGene00046248.,0,0,0
WBGene00046249.,0,0,0
WBGene00046250.,0,0,0
WBGene00046251.,0,5,5
WBGene00046252.,0,0,0
WBGene00046253.,0,0,0
WBGene00046254.,0,0,0
WBGene00046255.,0,0,0
WBGene00046256.,0,0,0
WBGene00046257.,0,1,1
WBGene00046258.,0,0,0
WBGene00046259.,0,0,0
WBGene00046260.,0,0,0
WBGene00046261.,0,0,0
WBGene00046262.,0,0,0
WBGene00046263.,0,3,3
WBGene00046264.,0,14,14
WBGene00046265.,0,1,1
WBGene00046266.,0,0,0
WBGene00046267.,0,0,0
WBGene00046268.,0,0,0
WBGene00046269.,0,2,2
WBGene00046270.,0,1,1
WBGene00046271.,0,0,0
WBGene00046272.,0,0,0
WBGene00046273.,0,1,1
WBGene00046274.,0,0,0
WBGene00046275.,0,0,0
WBGene00046276.,0,0,0
WBGene00046277.,0,0,0
WBGene00046278.,0,0,0
WBGene00046279.,0,0,0
WBGene00046280.,0,0,0
WBGene00046281.,0,0,0
WBGene00046282.,0,0,0
WBGene00046283.,0,0,0
WBGene00046284.,0,0,0
WBGene00046285.,0,0,0
WBGene00046286.,0,1,1
WBGene00046287.,0,0,0
WBGene00046288.,0,4,4
WBGene00046289.,0,15,15
WBGene00046290.,0,1,1
WBGene00046291.,0,0,0
WBGene00046292.,0,1,1
WBGene00046293.,0,0,0
WBGene00046294.,0,1,1
WBGene00046295.,0,1,1
WBGene00046296.,0,0,0
WBGene00046297.,0,0,0
WBGene00046298.,0,0,0
WBGene00046299.,0,0,0
WBGene00046300.,0,0,0
WBGene00046301.,0,0,0
WBGene00046302.,0,0,0
WBGene00046303.,0,0,0
WBGene00046304.,0,0,0
WBGene00046305.,0,0,0
WBGene00046306.,0,0,0
WBGene00046307.,0,0,0
WBGene00046308.,0,1,1
WBGene00046309.,0,0,0
WBGene00046310.,0,0,0
WBGene00046311.,0,0,0
WBGene00046312.,0,0,0
WBGene00046313.,0,6,6
WBGene00046314.,0,0,0
WBGene00046315.,0,2,2
WBGene00046316.,0,1,1
WBGene00046317.,0,0,0
WBGene00046318.,0,0,0
WBGene00046319.,0,0,0
WBGene00046320.,0,0,0
WBGene00046321.,0,0,0
WBGene00046322.,0,0,0
WBGene00046323.,0,0,0
WBGene00046324.,0,0,0
WBGene00046325.,0,6,6
WBGene00046326.,0,0,0
WBGene00046327.,0,0,0
WBGene00046328.,0,0,0
WBGene00046329.,0,0,0
WBGene00046330.,0,1,1
WBGene00046331.,0,1,1
WBGene00046332.,0,0,0
WBGene00046333.,0,0,0
WBGene00046334.,0,1,1
WBGene00046335.,0,11,11
WBGene00046336.,0,0,0
WBGene00046337.,0,3,3
WBGene00046338.,0,2,2
WBGene00046339.,0,0,0
WBGene00046340.,0,0,0
WBGene00046341.,0,0,0
WBGene00046342.,0,2,2
WBGene00046343.,0,0,0
WBGene00046344.,0,3,3
WBGene00046345.,0,6,6
WBGene00046346.,0,0,0
WBGene00046347.,0,0,0
WBGene00046348.,0,1,1
WBGene00046349.,0,0,0
WBGene00046350.,0,0,0
WBGene00046351.,0,0,0
WBGene00046352.,0,0,0
WBGene00046353.,0,1,1
WBGene00046354.,0,0,0
WBGene00046355.,0,0,0
WBGene00046356.,0,8,8
WBGene00046357.,0,0,0
WBGene00046358.,0,0,0
WBGene00046359.,0,0,0
WBGene00046360.,0,0,0
WBGene00046361.,0,0,0
WBGene00046362.,0,0,0
WBGene00046363.,0,0,0
WBGene00046364.,0,2,2
WBGene00046365.,0,0,0
WBGene00046366.,0,0,0
WBGene00046367.,0,1,1
WBGene00046368.,0,0,0
WBGene00046369.,0,1,1
WBGene00046370.,0,0,0
WBGene00046371.,0,0,0
WBGene00046372.,0,0,0
WBGene00046373.,0,0,0
WBGene00046374.,0,0,0
WBGene00046375.,0,4,4
WBGene00046376.,0,0,0
WBGene00046377.,0,0,0
WBGene00046378.,0,0,0
WBGene00046379.,0,0,0
WBGene00046380.,0,0,0
WBGene00046381.,0,0,0
WBGene00046382.,0,0,0
WBGene00046383.,0,0,0
WBGene00046384.,0,0,0
WBGene00046385.,0,0,0
WBGene00046386.,0,0,0
WBGene00046387.,0,0,0
WBGene00046388.,0,0,0
WBGene00046389.,0,0,0
WBGene00046390.,0,0,0
WBGene00046391.,0,0,0
WBGene00046392.,0,0,0
WBGene00046393.,0,1,1
WBGene00046394.,0,0,0
WBGene00046395.,0,0,0
WBGene00046396.,0,0,0
WBGene00046397.,0,0,0
WBGene00046398.,0,0,0
WBGene00046399.,0,3,3
WBGene00046400.,0,0,0
WBGene00046401.,0,0,0
WBGene00046402.,0,0,0
WBGene00046403.,0,0,0
WBGene00046404.,0,0,0
WBGene00046405.,0,0,0
WBGene00046406.,0,8,8
WBGene00046407.,0,1,1
WBGene00046408.,0,0,0
WBGene00046409.,0,1,1
WBGene00046410.,0,0,0
WBGene00046411.,0,0,0
WBGene00046412.,0,0,0
WBGene00046413.,0,0,0
WBGene00046414.,0,0,0
WBGene00046415.,0,0,0
WBGene00046416.,0,0,0
WBGene00046417.,0,1,1
WBGene00046418.,0,0,0
WBGene00046419.,0,0,0
WBGene00046420.,0,0,0
WBGene00046421.,0,7,7
WBGene00046422.,0,0,0
WBGene00046423.,0,4,4
WBGene00046424.,0,0,0
WBGene00046425.,0,0,0
WBGene00046426.,0,0,0
WBGene00046427.,0,3,3
WBGene00046428.,0,0,0
WBGene00046429.,0,2,2
WBGene00046430.,0,0,0
WBGene00046431.,0,6,6
WBGene00046432.,0,0,0
WBGene00046433.,0,0,0
WBGene00046434.,0,0,0
WBGene00046435.,0,5,5
WBGene00046436.,0,0,0
WBGene00046437.,0,0,0
WBGene00046438.,0,2,2
WBGene00046439.,0,0,0
WBGene00046440.,0,0,0
WBGene00046441.,0,0,0
WBGene00046442.,0,0,0
WBGene00046443.,0,0,0
WBGene00046444.,0,1,1
WBGene00046445.,0,0,0
WBGene00046446.,0,0,0
WBGene00046447.,0,0,0
WBGene00046448.,0,0,0
WBGene00046449.,0,0,0
WBGene00046450.,0,0,0
WBGene00046451.,0,0,0
WBGene00046452.,0,1,1
WBGene00046453.,0,1,1
WBGene00046454.,0,0,0
WBGene00046455.,0,0,0
WBGene00046456.,0,0,0
WBGene00046457.,0,0,0
WBGene00046458.,0,1,1
WBGene00046459.,0,0,0
WBGene00046460.,0,0,0
WBGene00046461.,0,1,1
WBGene00046462.,0,0,0
WBGene00046463.,0,0,0
WBGene00046464.,0,0,0
WBGene00046465.,0,0,0
WBGene00046466.,0,0,0
WBGene00046467.,0,0,0
WBGene00046468.,0,0,0
WBGene00046469.,0,0,0
WBGene00046470.,0,1,1
WBGene00046471.,0,0,0
WBGene00046472.,0,0,0
WBGene00046473.,0,0,0
WBGene00046474.,0,0,0
WBGene00046475.,0,1,1
WBGene00046476.,0,0,0
WBGene00046477.,0,0,0
WBGene00046478.,0,0,0
WBGene00046479.,0,0,0
WBGene00046480.,0,1,1
WBGene00046481.,0,0,0
WBGene00046482.,0,12,12
WBGene00046483.,0,0,0
WBGene00046484.,0,0,0
WBGene00046485.,0,0,0
WBGene00046486.,0,0,0
WBGene00046487.,0,0,0
WBGene00046488.,0,0,0
WBGene00046489.,0,0,0
WBGene00046490.,0,0,0
WBGene00046491.,0,5,5
WBGene00046492.,0,0,0
WBGene00046493.,0,0,0
WBGene00046494.,0,2,2
WBGene00046495.,0,4,4
WBGene00046496.,0,0,0
WBGene00046497.,0,0,0
WBGene00046498.,0,0,0
WBGene00046499.,0,0,0
WBGene00046500.,0,0,0
WBGene00046501.,0,0,0
WBGene00046502.,0,0,0
WBGene00046503.,0,0,0
WBGene00046504.,0,0,0
WBGene00046505.,0,0,0
WBGene00046506.,0,3,3
WBGene00046507.,0,0,0
WBGene00046508.,0,4,4
WBGene00046509.,0,32,32
WBGene00046510.,0,0,0
WBGene00046511.,0,2,2
WBGene00046512.,0,1,1
WBGene00046513.,0,0,0
WBGene00046514.,0,5,5
WBGene00046515.,0,0,0
WBGene00046516.,0,1,1
WBGene00046517.,0,0,0
WBGene00046518.,0,0,0
WBGene00046519.,0,0,0
WBGene00046520.,0,0,0
WBGene00046521.,0,1,1
WBGene00046522.,0,0,0
WBGene00046523.,0,0,0
WBGene00046524.,0,0,0
WBGene00046525.,0,0,0
WBGene00046526.,0,0,0
WBGene00046527.,0,0,0
WBGene00046528.,0,0,0
WBGene00046529.,0,2,2
WBGene00046530.,0,0,0
WBGene00046531.,0,6,6
WBGene00046532.,0,0,0
WBGene00046533.,0,1,1
WBGene00046534.,0,0,0
WBGene00046535.,0,0,0
WBGene00046536.,0,0,0
WBGene00046537.,0,0,0
WBGene00046538.,0,0,0
WBGene00046539.,0,0,0
WBGene00046540.,0,0,0
WBGene00046541.,0,0,0
WBGene00046542.,0,2,2
WBGene00046543.,0,0,0
WBGene00046544.,0,0,0
WBGene00046545.,0,0,0
WBGene00046546.,0,0,0
WBGene00046547.,0,23,23
WBGene00046548.,0,0,0
WBGene00046549.,0,0,0
WBGene00046550.,0,0,0
WBGene00046551.,0,0,0
WBGene00046552.,0,0,0
WBGene00046553.,0,0,0
WBGene00046554.,0,0,0
WBGene00046555.,0,0,0
WBGene00046556.,0,0,0
WBGene00046557.,0,0,0
WBGene00046558.,0,0,0
WBGene00046559.,0,0,0
WBGene00046560.,0,1,1
WBGene00046561.,0,0,0
WBGene00046562.,0,0,0
WBGene00046563.,0,0,0
WBGene00046564.,0,0,0
WBGene00046565.,0,0,0
WBGene00046566.,0,4,4
WBGene00046567.,0,0,0
WBGene00046568.,0,0,0
WBGene00046569.,0,1,1
WBGene00046570.,0,0,0
WBGene00046571.,0,0,0
WBGene00046572.,0,1,1
WBGene00046573.,0,6,6
WBGene00046574.,0,0,0
WBGene00046575.,0,0,0
WBGene00046576.,0,0,0
WBGene00046577.,0,0,0
WBGene00046578.,0,0,0
WBGene00046579.,0,0,0
WBGene00046580.,0,0,0
WBGene00046581.,0,0,0
WBGene00046582.,0,4,4
WBGene00046583.,0,0,0
WBGene00046584.,0,0,0
WBGene00046585.,0,0,0
WBGene00046586.,0,0,0
WBGene00046587.,0,0,0
WBGene00046588.,0,0,0
WBGene00046589.,0,0,0
WBGene00046590.,0,0,0
WBGene00046591.,0,0,0
WBGene00046592.,0,0,0
WBGene00046593.,0,0,0
WBGene00046594.,0,1,1
WBGene00046595.,0,0,0
WBGene00046596.,0,0,0
WBGene00046597.,0,0,0
WBGene00046598.,0,0,0
WBGene00046599.,0,0,0
WBGene00046600.,0,0,0
WBGene00046601.,0,0,0
WBGene00046602.,0,0,0
WBGene00046603.,0,22,22
WBGene00046604.,0,0,0
WBGene00046605.,0,2,2
WBGene00046606.,0,0,0
WBGene00046607.,0,0,0
WBGene00046608.,0,15,15
WBGene00046609.,0,0,0
WBGene00046610.,0,0,0
WBGene00046611.,0,0,0
WBGene00046612.,0,0,0
WBGene00046613.,0,0,0
WBGene00046614.,0,0,0
WBGene00046615.,0,0,0
WBGene00046616.,0,0,0
WBGene00046617.,0,0,0
WBGene00046618.,0,2,2
WBGene00046619.,0,0,0
WBGene00046620.,0,0,0
WBGene00046621.,0,0,0
WBGene00046622.,0,0,0
WBGene00046623.,0,0,0
WBGene00046624.,0,2,2
WBGene00046625.,0,0,0
WBGene00046626.,0,11,11
WBGene00046627.,0,0,0
WBGene00046628.,0,4,4
WBGene00046629.,0,0,0
WBGene00046630.,0,0,0
WBGene00046631.,0,1,1
WBGene00046632.,0,0,0
WBGene00046633.,0,0,0
WBGene00046634.,0,0,0
WBGene00046635.,0,0,0
WBGene00046636.,0,0,0
WBGene00046637.,0,0,0
WBGene00046638.,0,0,0
WBGene00046639.,0,0,0
WBGene00046640.,0,0,0
WBGene00046641.,0,1,1
WBGene00046642.,0,0,0
WBGene00046643.,0,1,1
WBGene00046644.,0,1,1
WBGene00046645.,0,0,0
WBGene00046646.,0,0,0
WBGene00046647.,0,0,0
WBGene00046648.,0,15,15
WBGene00046649.,0,0,0
WBGene00046650.,0,0,0
WBGene00046651.,0,0,0
WBGene00046652.,0,10,10
WBGene00046653.,0,0,0
WBGene00046654.,0,0,0
WBGene00046655.,0,0,0
WBGene00046656.,0,0,0
WBGene00046657.,0,0,0
WBGene00046658.,0,0,0
WBGene00046659.,0,0,0
WBGene00046660.,0,0,0
WBGene00046661.,0,0,0
WBGene00046662.,0,0,0
WBGene00046663.,0,9,9
WBGene00046664.,0,0,0
WBGene00046665.,0,0,0
WBGene00046666.,0,2,2
WBGene00046667.,0,0,0
WBGene00046668.,0,0,0
WBGene00046669.,0,0,0
WBGene00046670.,0,2,2
WBGene00046671.,0,1,1
WBGene00046672.,0,6,6
WBGene00046673.,0,0,0
WBGene00046674.,0,1,1
WBGene00046675.,0,0,0
WBGene00046676.,0,0,0
WBGene00046677.,0,0,0
WBGene00046678.,0,0,0
WBGene00046679.,0,0,0
WBGene00046680.,0,0,0
WBGene00046681.,0,0,0
WBGene00046682.,0,0,0
WBGene00046683.,0,2,2
WBGene00046684.,0,0,0
WBGene00046685.,0,0,0
WBGene00046686.,0,0,0
WBGene00046687.,0,1,1
WBGene00046688.,0,0,0
WBGene00046689.,0,0,0
WBGene00046690.,0,0,0
WBGene00046691.,0,5,5
WBGene00046692.,0,0,0
WBGene00046693.,0,0,0
WBGene00046694.,0,0,0
WBGene00046695.,0,0,0
WBGene00046696.,0,0,0
WBGene00046697.,0,2,2
WBGene00046698.,0,4862,4862
WBGene00046699.,0,0,0
WBGene00046700.,0,0,0
WBGene00046701.,0,0,0
WBGene00046702.,0,0,0
WBGene00046703.,0,3,3
WBGene00046704.,0,0,0
WBGene00046705.,0,0,0
WBGene00046706.,0,0,0
WBGene00046707.,0,0,0
WBGene00046708.,0,0,0
WBGene00046709.,0,0,0
WBGene00046710.,0,0,0
WBGene00046711.,0,0,0
WBGene00046712.,0,8,8
WBGene00046713.,0,0,0
WBGene00046714.,0,0,0
WBGene00046715.,0,0,0
WBGene00046716.,0,0,0
WBGene00046717.,0,0,0
WBGene00046718.,0,0,0
WBGene00046719.,0,0,0
WBGene00046720.,0,0,0
WBGene00046721.,0,0,0
WBGene00046722.,0,0,0
WBGene00046723.,0,0,0
WBGene00046724.,0,1,1
WBGene00046725.,0,0,0
WBGene00046726.,0,0,0
WBGene00046727.,0,0,0
WBGene00046728.,0,0,0
WBGene00046729.,0,2,2
WBGene00046730.,0,1,1
WBGene00046731.,0,1,1
WBGene00046732.,0,0,0
WBGene00046733.,0,0,0
WBGene00046734.,0,0,0
WBGene00046735.,0,0,0
WBGene00046736.,0,0,0
WBGene00046737.,0,0,0
WBGene00046738.,0,11,11
WBGene00046739.,0,7,7
WBGene00046740.,0,0,0
WBGene00046741.,0,24,24
WBGene00046742.,0,0,0
WBGene00046743.,0,1,1
WBGene00046744.,0,0,0
WBGene00046745.,0,0,0
WBGene00046746.,0,0,0
WBGene00046747.,0,0,0
WBGene00046748.,0,4,4
WBGene00046749.,0,1,1
WBGene00046750.,0,1,1
WBGene00046751.,0,0,0
WBGene00046752.,0,0,0
WBGene00046753.,0,0,0
WBGene00046754.,0,0,0
WBGene00046755.,0,2,2
WBGene00046756.,0,0,0
WBGene00046757.,0,0,0
WBGene00046758.,0,0,0
WBGene00046759.,0,0,0
WBGene00046760.,0,0,0
WBGene00046761.,0,30,30
WBGene00046762.,0,0,0
WBGene00046763.,0,0,0
WBGene00046764.,0,0,0
WBGene00046765.,0,1,1
WBGene00046766.,0,0,0
WBGene00046767.,0,0,0
WBGene00046768.,0,0,0
WBGene00046769.,0,0,0
WBGene00046770.,0,0,0
WBGene00046771.,0,0,0
WBGene00046772.,0,0,0
WBGene00046773.,0,0,0
WBGene00046774.,0,0,0
WBGene00046775.,0,0,0
WBGene00046776.,0,0,0
WBGene00046777.,0,1,1
WBGene00046778.,0,0,0
WBGene00046779.,0,0,0
WBGene00046780.,0,1,1
WBGene00046781.,0,0,0
WBGene00046782.,0,0,0
WBGene00046783.,0,0,0
WBGene00046784.,0,1,1
WBGene00046785.,0,3,3
WBGene00046786.,0,0,0
WBGene00046787.,0,0,0
WBGene00046788.,0,0,0
WBGene00046789.,0,0,0
WBGene00046790.,0,0,0
WBGene00046791.,0,0,0
WBGene00046792.,0,0,0
WBGene00046793.,0,0,0
WBGene00046794.,0,0,0
WBGene00046795.,0,0,0
WBGene00046796.,0,3,3
WBGene00046797.,0,0,0
WBGene00046798.,0,0,0
WBGene00046799.,0,0,0
WBGene00046800.,0,0,0
WBGene00046801.,0,0,0
WBGene00046802.,0,0,0
WBGene00046803.,0,1,1
WBGene00046804.,0,0,0
WBGene00046805.,0,0,0
WBGene00046806.,0,0,0
WBGene00046807.,0,0,0
WBGene00046808.,0,11,11
WBGene00046809.,0,0,0
WBGene00046810.,0,0,0
WBGene00046811.,0,0,0
WBGene00046812.,0,0,0
WBGene00046813.,0,0,0
WBGene00046814.,0,1,1
WBGene00046815.,0,0,0
WBGene00046816.,0,0,0
WBGene00046817.,0,0,0
WBGene00046818.,0,1,1
WBGene00046819.,0,0,0
WBGene00046820.,0,0,0
WBGene00046821.,0,1,1
WBGene00046822.,0,0,0
WBGene00046823.,0,0,0
WBGene00046824.,0,2,2
WBGene00046825.,0,0,0
WBGene00046826.,0,3,3
WBGene00046827.,0,0,0
WBGene00046828.,0,0,0
WBGene00046829.,0,0,0
WBGene00046830.,0,0,0
WBGene00046831.,0,0,0
WBGene00046832.,0,0,0
WBGene00046833.,0,0,0
WBGene00046834.,0,0,0
WBGene00046835.,0,0,0
WBGene00046836.,0,0,0
WBGene00046837.,0,2,2
WBGene00046838.,0,0,0
WBGene00046839.,0,7,7
WBGene00046840.,0,0,0
WBGene00046841.,0,0,0
WBGene00046842.,0,0,0
WBGene00046843.,0,0,0
WBGene00046844.,0,0,0
WBGene00046845.,0,0,0
WBGene00046846.,0,4,4
WBGene00046847.,0,0,0
WBGene00046848.,0,0,0
WBGene00046849.,0,0,0
WBGene00046850.,0,0,0
WBGene00046851.,0,0,0
WBGene00046852.,0,0,0
WBGene00046853.,0,0,0
WBGene00046854.,0,6,6
WBGene00046855.,0,0,0
WBGene00046856.,0,0,0
WBGene00046857.,0,0,0
WBGene00046858.,0,0,0
WBGene00046859.,0,91,91
WBGene00046860.,0,0,0
WBGene00046861.,0,0,0
WBGene00046862.,0,0,0
WBGene00046863.,0,2,2
WBGene00046864.,0,0,0
WBGene00046865.,0,0,0
WBGene00046866.,0,0,0
WBGene00046867.,0,0,0
WBGene00046868.,0,0,0
WBGene00046869.,0,9,9
WBGene00046870.,0,0,0
WBGene00046871.,0,0,0
WBGene00046872.,0,1,1
WBGene00046873.,0,0,0
WBGene00046874.,0,0,0
WBGene00046875.,0,0,0
WBGene00046876.,0,0,0
WBGene00046877.,0,0,0
WBGene00046878.,0,1,1
WBGene00046879.,0,0,0
WBGene00046880.,0,0,0
WBGene00046881.,0,0,0
WBGene00046882.,0,0,0
WBGene00046883.,0,0,0
WBGene00046884.,0,0,0
WBGene00046885.,0,0,0
WBGene00046886.,0,0,0
WBGene00046887.,0,0,0
WBGene00046888.,0,0,0
WBGene00046889.,0,0,0
WBGene00046890.,0,0,0
WBGene00046891.,0,0,0
WBGene00046892.,0,0,0
WBGene00046893.,0,0,0
WBGene00046894.,0,3,3
WBGene00046895.,0,0,0
WBGene00046896.,0,1,1
WBGene00046897.,0,0,0
WBGene00046898.,0,0,0
WBGene00046899.,0,0,0
WBGene00046900.,0,0,0
WBGene00046901.,0,0,0
WBGene00046902.,0,1,1
WBGene00046903.,0,0,0
WBGene00046904.,0,0,0
WBGene00046905.,0,0,0
WBGene00046906.,0,1,1
WBGene00046907.,0,2,2
WBGene00046908.,0,0,0
WBGene00046909.,0,0,0
WBGene00046910.,0,0,0
WBGene00046911.,0,0,0
WBGene00046912.,0,1,1
WBGene00046913.,0,0,0
WBGene00046914.,0,0,0
WBGene00046915.,0,0,0
WBGene00046916.,0,0,0
WBGene00046917.,0,0,0
WBGene00046918.,0,3,3
WBGene00046919.,0,0,0
WBGene00046920.,0,0,0
WBGene00046921.,0,0,0
WBGene00046922.,0,0,0
WBGene00046923.,0,0,0
WBGene00046924.,0,0,0
WBGene00046925.,0,0,0
WBGene00046926.,0,0,0
WBGene00046927.,0,0,0
WBGene00046928.,0,0,0
WBGene00046929.,0,0,0
WBGene00046930.,0,0,0
WBGene00046931.,0,0,0
WBGene00046932.,0,0,0
WBGene00046933.,0,0,0
WBGene00046934.,0,2,2
WBGene00046935.,0,0,0
WBGene00046936.,0,0,0
WBGene00046937.,0,5,5
WBGene00046938.,0,0,0
WBGene00046939.,0,0,0
WBGene00046940.,0,0,0
WBGene00046941.,0,0,0
WBGene00046942.,0,0,0
WBGene00046943.,0,0,0
WBGene00046944.,0,0,0
WBGene00046945.,0,0,0
WBGene00046946.,0,0,0
WBGene00046947.,0,0,0
WBGene00046948.,0,0,0
WBGene00046949.,0,0,0
WBGene00046950.,0,0,0
WBGene00046951.,0,2,2
WBGene00046952.,0,0,0
WBGene00046953.,0,0,0
WBGene00046954.,0,0,0
WBGene00046955.,0,0,0
WBGene00046956.,0,0,0
WBGene00046957.,0,0,0
WBGene00046958.,0,0,0
WBGene00046959.,0,0,0
WBGene00046960.,0,0,0
WBGene00046961.,0,0,0
WBGene00046962.,0,0,0
WBGene00046963.,0,0,0
WBGene00046964.,0,0,0
WBGene00046965.,0,5,5
WBGene00046966.,0,0,0
WBGene00046967.,0,0,0
WBGene00046968.,0,0,0
WBGene00046969.,0,0,0
WBGene00046970.,0,0,0
WBGene00046971.,0,1,1
WBGene00046972.,0,0,0
WBGene00046973.,0,0,0
WBGene00046974.,0,0,0
WBGene00046975.,0,0,0
WBGene00046976.,0,0,0
WBGene00046977.,0,0,0
WBGene00046978.,0,0,0
WBGene00046979.,0,1,1
WBGene00046980.,0,0,0
WBGene00046981.,0,0,0
WBGene00046982.,0,0,0
WBGene00046983.,0,0,0
WBGene00046984.,0,0,0
WBGene00046985.,0,0,0
WBGene00046986.,0,2,2
WBGene00046987.,0,0,0
WBGene00046988.,0,0,0
WBGene00046989.,0,0,0
WBGene00046990.,0,0,0
WBGene00046991.,0,0,0
WBGene00046992.,0,0,0
WBGene00046993.,0,0,0
WBGene00046994.,0,0,0
WBGene00046995.,0,0,0
WBGene00046996.,0,0,0
WBGene00046997.,0,0,0
WBGene00046998.,0,0,0
WBGene00046999.,0,1,1
WBGene00047000.,0,0,0
WBGene00047001.,0,0,0
WBGene00047002.,0,0,0
WBGene00047003.,0,5,5
WBGene00047004.,0,0,0
WBGene00047005.,0,0,0
WBGene00047006.,0,0,0
WBGene00047007.,0,9,9
WBGene00047008.,0,0,0
WBGene00047009.,0,0,0
WBGene00047010.,0,0,0
WBGene00047011.,0,0,0
WBGene00047012.,0,0,0
WBGene00047013.,0,0,0
WBGene00047014.,0,0,0
WBGene00047015.,0,0,0
WBGene00047016.,0,0,0
WBGene00047017.,0,8,8
WBGene00047018.,0,1,1
WBGene00047019.,0,0,0
WBGene00047020.,0,0,0
WBGene00047021.,0,3,3
WBGene00047022.,0,0,0
WBGene00047023.,0,0,0
WBGene00047024.,0,0,0
WBGene00047025.,0,0,0
WBGene00047026.,0,0,0
WBGene00047027.,0,0,0
WBGene00047028.,0,0,0
WBGene00047029.,0,0,0
WBGene00047030.,0,0,0
WBGene00047031.,0,1,1
WBGene00047032.,0,0,0
WBGene00047033.,0,0,0
WBGene00047034.,0,0,0
WBGene00047035.,0,0,0
WBGene00047036.,0,0,0
WBGene00047037.,0,0,0
WBGene00047038.,0,5,5
WBGene00047039.,0,2,2
WBGene00047040.,0,0,0
WBGene00047041.,0,0,0
WBGene00047042.,0,0,0
WBGene00047043.,0,0,0
WBGene00047044.,0,40,40
WBGene00047045.,0,0,0
WBGene00047046.,0,0,0
WBGene00047047.,0,0,0
WBGene00047048.,0,0,0
WBGene00047049.,0,0,0
WBGene00047050.,0,0,0
WBGene00047051.,0,0,0
WBGene00047052.,0,1,1
WBGene00047053.,0,10,10
WBGene00047054.,0,0,0
WBGene00047055.,0,0,0
WBGene00047056.,0,0,0
WBGene00047057.,0,0,0
WBGene00047058.,0,0,0
WBGene00047059.,0,0,0
WBGene00047060.,0,0,0
WBGene00047061.,0,0,0
WBGene00047062.,0,1,1
WBGene00047063.,0,0,0
WBGene00047064.,0,0,0
WBGene00047065.,0,0,0
WBGene00047066.,0,0,0
WBGene00047067.,0,1,1
WBGene00047068.,0,1,1
WBGene00047069.,0,1,1
WBGene00047070.,0,0,0
WBGene00047071.,0,0,0
WBGene00047072.,0,0,0
WBGene00047073.,0,0,0
WBGene00047074.,0,0,0
WBGene00047075.,0,0,0
WBGene00047076.,0,0,0
WBGene00047077.,0,0,0
WBGene00047078.,0,1,1
WBGene00047079.,0,0,0
WBGene00047080.,0,0,0
WBGene00047081.,0,0,0
WBGene00047082.,0,0,0
WBGene00047083.,0,0,0
WBGene00047084.,0,21,21
WBGene00047085.,0,0,0
WBGene00047086.,0,0,0
WBGene00047087.,0,7,7
WBGene00047088.,0,0,0
WBGene00047089.,0,0,0
WBGene00047090.,0,0,0
WBGene00047091.,0,0,0
WBGene00047092.,0,2,2
WBGene00047093.,0,0,0
WBGene00047094.,0,0,0
WBGene00047095.,0,0,0
WBGene00047096.,0,0,0
WBGene00047097.,0,0,0
WBGene00047098.,0,2,2
WBGene00047099.,0,0,0
WBGene00047100.,0,1,1
WBGene00047101.,0,0,0
WBGene00047102.,0,0,0
WBGene00047103.,0,0,0
WBGene00047104.,0,0,0
WBGene00047105.,0,0,0
WBGene00047106.,0,0,0
WBGene00047107.,0,0,0
WBGene00047108.,0,0,0
WBGene00047109.,0,0,0
WBGene00047110.,0,0,0
WBGene00047111.,0,0,0
WBGene00047112.,0,0,0
WBGene00047113.,0,0,0
WBGene00047114.,0,2,2
WBGene00047115.,0,1,1
WBGene00047116.,0,0,0
WBGene00047117.,0,2,2
WBGene00047118.,0,25,25
WBGene00047119.,0,0,0
WBGene00047120.,0,0,0
WBGene00047121.,0,0,0
WBGene00047122.,0,0,0
WBGene00047123.,0,0,0
WBGene00047124.,0,0,0
WBGene00047125.,0,0,0
WBGene00047126.,0,0,0
WBGene00047127.,0,0,0
WBGene00047128.,0,0,0
WBGene00047129.,0,0,0
WBGene00047130.,0,0,0
WBGene00047131.,0,0,0
WBGene00047132.,0,0,0
WBGene00047133.,0,0,0
WBGene00047134.,0,0,0
WBGene00047135.,0,0,0
WBGene00047136.,0,2,2
WBGene00047137.,0,0,0
WBGene00047138.,0,0,0
WBGene00047139.,0,0,0
WBGene00047140.,0,0,0
WBGene00047141.,0,17,17
WBGene00047142.,0,0,0
WBGene00047143.,0,0,0
WBGene00047144.,0,1,1
WBGene00047145.,0,0,0
WBGene00047146.,0,0,0
WBGene00047147.,0,0,0
WBGene00047148.,0,0,0
WBGene00047149.,0,0,0
WBGene00047150.,0,1,1
WBGene00047151.,0,0,0
WBGene00047152.,0,0,0
WBGene00047153.,0,0,0
WBGene00047154.,0,0,0
WBGene00047155.,0,10,10
WBGene00047156.,0,0,0
WBGene00047157.,0,0,0
WBGene00047158.,0,0,0
WBGene00047159.,0,0,0
WBGene00047160.,0,0,0
WBGene00047161.,0,0,0
WBGene00047162.,0,0,0
WBGene00047163.,0,0,0
WBGene00047164.,0,0,0
WBGene00047165.,0,0,0
WBGene00047166.,0,0,0
WBGene00047167.,0,0,0
WBGene00047168.,0,0,0
WBGene00047169.,0,0,0
WBGene00047170.,0,4,4
WBGene00047171.,0,1,1
WBGene00047172.,0,0,0
WBGene00047173.,0,0,0
WBGene00047174.,0,0,0
WBGene00047175.,0,0,0
WBGene00047176.,0,0,0
WBGene00047177.,0,1,1
WBGene00047178.,0,0,0
WBGene00047179.,0,1,1
WBGene00047180.,0,0,0
WBGene00047181.,0,0,0
WBGene00047182.,0,0,0
WBGene00047183.,0,2,2
WBGene00047184.,0,0,0
WBGene00047185.,0,0,0
WBGene00047186.,0,0,0
WBGene00047187.,0,0,0
WBGene00047188.,0,0,0
WBGene00047189.,0,0,0
WBGene00047190.,0,0,0
WBGene00047191.,0,0,0
WBGene00047192.,0,0,0
WBGene00047193.,0,0,0
WBGene00047194.,0,0,0
WBGene00047195.,0,0,0
WBGene00047196.,0,0,0
WBGene00047197.,0,0,0
WBGene00047198.,0,0,0
WBGene00047199.,0,0,0
WBGene00047200.,0,0,0
WBGene00047201.,0,0,0
WBGene00047202.,0,0,0
WBGene00047203.,0,0,0
WBGene00047204.,0,0,0
WBGene00047205.,0,0,0
WBGene00047206.,0,0,0
WBGene00047207.,0,0,0
WBGene00047208.,0,0,0
WBGene00047209.,0,0,0
WBGene00047210.,0,0,0
WBGene00047211.,0,0,0
WBGene00047212.,0,0,0
WBGene00047213.,0,0,0
WBGene00047214.,0,0,0
WBGene00047215.,0,0,0
WBGene00047216.,0,0,0
WBGene00047217.,0,2,2
WBGene00047218.,0,0,0
WBGene00047219.,0,0,0
WBGene00047220.,0,0,0
WBGene00047221.,0,3,3
WBGene00047222.,0,0,0
WBGene00047223.,0,0,0
WBGene00047224.,0,2,2
WBGene00047225.,0,0,0
WBGene00047226.,0,2,2
WBGene00047227.,0,0,0
WBGene00047228.,0,0,0
WBGene00047229.,0,0,0
WBGene00047230.,0,0,0
WBGene00047231.,0,0,0
WBGene00047232.,0,14,14
WBGene00047233.,0,0,0
WBGene00047234.,0,1,1
WBGene00047235.,0,0,0
WBGene00047236.,0,0,0
WBGene00047237.,0,0,0
WBGene00047238.,0,1,1
WBGene00047239.,0,0,0
WBGene00047240.,0,0,0
WBGene00047241.,0,0,0
WBGene00047242.,0,0,0
WBGene00047243.,0,0,0
WBGene00047244.,0,0,0
WBGene00047245.,0,0,0
WBGene00047246.,0,0,0
WBGene00047247.,0,0,0
WBGene00047248.,0,0,0
WBGene00047249.,0,0,0
WBGene00047250.,0,1,1
WBGene00047251.,0,0,0
WBGene00047252.,0,0,0
WBGene00047253.,0,0,0
WBGene00047254.,0,0,0
WBGene00047255.,0,0,0
WBGene00047256.,0,6,6
WBGene00047257.,0,0,0
WBGene00047258.,0,0,0
WBGene00047259.,0,8,8
WBGene00047260.,0,0,0
WBGene00047261.,0,0,0
WBGene00047262.,0,0,0
WBGene00047263.,0,0,0
WBGene00047264.,0,0,0
WBGene00047265.,0,0,0
WBGene00047266.,0,0,0
WBGene00047267.,0,0,0
WBGene00047268.,0,0,0
WBGene00047269.,0,0,0
WBGene00047270.,0,0,0
WBGene00047271.,0,0,0
WBGene00047272.,0,0,0
WBGene00047273.,0,0,0
WBGene00047274.,0,0,0
WBGene00047275.,0,0,0
WBGene00047276.,0,0,0
WBGene00047277.,0,0,0
WBGene00047278.,0,0,0
WBGene00047279.,0,0,0
WBGene00047280.,0,1,1
WBGene00047281.,0,0,0
WBGene00047282.,0,0,0
WBGene00047283.,0,0,0
WBGene00047284.,0,0,0
WBGene00047285.,0,0,0
WBGene00047286.,0,0,0
WBGene00047287.,0,0,0
WBGene00047288.,0,0,0
WBGene00047289.,0,1,1
WBGene00047290.,0,2,2
WBGene00047291.,0,0,0
WBGene00047292.,0,0,0
WBGene00047293.,0,1,1
WBGene00047294.,0,0,0
WBGene00047295.,0,0,0
WBGene00047296.,0,0,0
WBGene00047297.,0,11,11
WBGene00047298.,0,0,0
WBGene00047299.,0,0,0
WBGene00047300.,0,0,0
WBGene00047301.,0,0,0
WBGene00047302.,0,0,0
WBGene00047303.,0,3,3
WBGene00047304.,0,3,3
WBGene00047305.,0,0,0
WBGene00047306.,0,0,0
WBGene00047307.,0,1,1
WBGene00047308.,0,0,0
WBGene00047309.,0,0,0
WBGene00047310.,0,0,0
WBGene00047311.,0,1,1
WBGene00047312.,0,2,2
WBGene00047313.,0,0,0
WBGene00047314.,0,0,0
WBGene00047315.,0,0,0
WBGene00047316.,0,0,0
WBGene00047317.,0,0,0
WBGene00047318.,0,0,0
WBGene00047319.,0,0,0
WBGene00047320.,0,0,0
WBGene00047321.,0,0,0
WBGene00047322.,0,0,0
WBGene00047323.,0,0,0
WBGene00047324.,0,0,0
WBGene00047325.,0,0,0
WBGene00047326.,0,0,0
WBGene00047327.,0,0,0
WBGene00047328.,0,0,0
WBGene00047329.,0,1,1
WBGene00047330.,0,0,0
WBGene00047331.,0,0,0
WBGene00047332.,0,0,0
WBGene00047333.,0,0,0
WBGene00047334.,0,7,7
WBGene00047335.,0,0,0
WBGene00047336.,0,0,0
WBGene00047337.,0,0,0
WBGene00047338.,0,0,0
WBGene00047339.,0,31,31
WBGene00047340.,0,0,0
WBGene00047341.,0,0,0
WBGene00047342.,0,0,0
WBGene00047343.,0,0,0
WBGene00047344.,0,0,0
WBGene00047345.,0,0,0
WBGene00047346.,0,0,0
WBGene00047347.,0,0,0
WBGene00047348.,0,0,0
WBGene00047349.,0,0,0
WBGene00047350.,0,0,0
WBGene00047351.,0,2,2
WBGene00047352.,0,0,0
WBGene00047353.,0,0,0
WBGene00047354.,0,0,0
WBGene00047355.,0,0,0
WBGene00047356.,0,0,0
WBGene00047357.,0,1,1
WBGene00047358.,0,0,0
WBGene00047359.,0,0,0
WBGene00047360.,0,0,0
WBGene00047361.,0,0,0
WBGene00047362.,0,0,0
WBGene00047363.,0,0,0
WBGene00047364.,0,0,0
WBGene00047365.,0,0,0
WBGene00047366.,0,0,0
WBGene00047367.,0,0,0
WBGene00047368.,0,0,0
WBGene00047369.,0,2,2
WBGene00047370.,0,0,0
WBGene00047371.,0,1,1
WBGene00047372.,0,0,0
WBGene00047373.,0,0,0
WBGene00047374.,0,0,0
WBGene00047375.,0,0,0
WBGene00047376.,0,0,0
WBGene00047377.,0,0,0
WBGene00047378.,0,8,8
WBGene00047379.,0,0,0
WBGene00047380.,0,0,0
WBGene00047381.,0,0,0
WBGene00047382.,0,1,1
WBGene00047383.,0,0,0
WBGene00047384.,0,0,0
WBGene00047385.,0,0,0
WBGene00047386.,0,0,0
WBGene00047387.,0,0,0
WBGene00047388.,0,0,0
WBGene00047389.,0,0,0
WBGene00047390.,0,0,0
WBGene00047391.,0,6,6
WBGene00047392.,0,0,0
WBGene00047393.,0,0,0
WBGene00047394.,0,1,1
WBGene00047395.,0,0,0
WBGene00047396.,0,0,0
WBGene00047397.,0,0,0
WBGene00047398.,0,0,0
WBGene00047399.,0,0,0
WBGene00047400.,0,0,0
WBGene00047401.,0,0,0
WBGene00047402.,0,0,0
WBGene00047403.,0,1,1
WBGene00047404.,0,0,0
WBGene00047405.,0,0,0
WBGene00047406.,0,0,0
WBGene00047407.,0,8,8
WBGene00047408.,0,0,0
WBGene00047409.,0,0,0
WBGene00047410.,0,0,0
WBGene00047411.,0,16,16
WBGene00047412.,0,0,0
WBGene00047413.,0,0,0
WBGene00047414.,0,0,0
WBGene00047415.,0,0,0
WBGene00047416.,0,0,0
WBGene00047417.,0,0,0
WBGene00047418.,0,0,0
WBGene00047419.,0,0,0
WBGene00047420.,0,0,0
WBGene00047421.,0,0,0
WBGene00047422.,0,0,0
WBGene00047423.,0,5,5
WBGene00047424.,0,0,0
WBGene00047425.,0,0,0
WBGene00047426.,0,0,0
WBGene00047427.,0,0,0
WBGene00047428.,0,0,0
WBGene00047429.,0,0,0
WBGene00047430.,0,0,0
WBGene00047431.,0,0,0
WBGene00047432.,0,1,1
WBGene00047433.,0,0,0
WBGene00047434.,0,0,0
WBGene00047435.,0,0,0
WBGene00047436.,0,0,0
WBGene00047437.,0,0,0
WBGene00047438.,0,0,0
WBGene00047439.,0,0,0
WBGene00047440.,0,0,0
WBGene00047441.,0,0,0
WBGene00047442.,0,0,0
WBGene00047443.,0,0,0
WBGene00047444.,0,0,0
WBGene00047445.,0,0,0
WBGene00047446.,0,1,1
WBGene00047447.,0,3,3
WBGene00047448.,0,0,0
WBGene00047449.,0,0,0
WBGene00047450.,0,0,0
WBGene00047451.,0,0,0
WBGene00047452.,0,0,0
WBGene00047453.,0,0,0
WBGene00047454.,0,0,0
WBGene00047455.,0,0,0
WBGene00047456.,0,3,3
WBGene00047457.,0,0,0
WBGene00047458.,0,0,0
WBGene00047459.,0,0,0
WBGene00047460.,0,0,0
WBGene00047461.,0,1,1
WBGene00047462.,0,1,1
WBGene00047463.,0,0,0
WBGene00047464.,0,1,1
WBGene00047465.,0,0,0
WBGene00047466.,0,0,0
WBGene00047467.,0,0,0
WBGene00047468.,0,0,0
WBGene00047469.,0,0,0
WBGene00047470.,0,0,0
WBGene00047471.,0,0,0
WBGene00047472.,0,0,0
WBGene00047473.,0,2,2
WBGene00047474.,0,0,0
WBGene00047475.,0,0,0
WBGene00047476.,0,0,0
WBGene00047477.,0,0,0
WBGene00047478.,0,0,0
WBGene00047479.,0,0,0
WBGene00047480.,0,0,0
WBGene00047481.,0,0,0
WBGene00047482.,0,0,0
WBGene00047483.,0,0,0
WBGene00047484.,0,0,0
WBGene00047485.,0,0,0
WBGene00047486.,0,0,0
WBGene00047487.,0,0,0
WBGene00047488.,0,0,0
WBGene00047489.,0,0,0
WBGene00047490.,0,0,0
WBGene00047491.,0,0,0
WBGene00047492.,0,0,0
WBGene00047493.,0,0,0
WBGene00047494.,0,1,1
WBGene00047495.,0,0,0
WBGene00047496.,0,0,0
WBGene00047497.,0,0,0
WBGene00047498.,0,1,1
WBGene00047499.,0,0,0
WBGene00047500.,0,0,0
WBGene00047501.,0,0,0
WBGene00047502.,0,0,0
WBGene00047503.,0,0,0
WBGene00047504.,0,2,2
WBGene00047505.,0,0,0
WBGene00047506.,0,0,0
WBGene00047507.,0,0,0
WBGene00047508.,0,0,0
WBGene00047509.,0,0,0
WBGene00047510.,0,3,3
WBGene00047511.,0,0,0
WBGene00047512.,0,0,0
WBGene00047513.,0,0,0
WBGene00047514.,0,2,2
WBGene00047515.,0,0,0
WBGene00047516.,0,1,1
WBGene00047517.,0,2,2
WBGene00047518.,0,0,0
WBGene00047519.,0,0,0
WBGene00047520.,0,0,0
WBGene00047521.,0,0,0
WBGene00047522.,0,0,0
WBGene00047523.,0,0,0
WBGene00047524.,0,0,0
WBGene00047525.,0,0,0
WBGene00047526.,0,0,0
WBGene00047527.,0,0,0
WBGene00047528.,0,0,0
WBGene00047529.,0,0,0
WBGene00047530.,0,0,0
WBGene00047531.,0,0,0
WBGene00047532.,0,0,0
WBGene00047533.,0,2,2
WBGene00047534.,0,0,0
WBGene00047535.,0,1,1
WBGene00047536.,0,1,1
WBGene00047537.,0,0,0
WBGene00047538.,0,0,0
WBGene00047539.,0,0,0
WBGene00047540.,0,3,3
WBGene00047541.,0,0,0
WBGene00047542.,0,0,0
WBGene00047543.,0,1,1
WBGene00047544.,0,0,0
WBGene00047545.,0,0,0
WBGene00047546.,0,0,0
WBGene00047547.,0,0,0
WBGene00047548.,0,0,0
WBGene00047549.,0,0,0
WBGene00047550.,0,0,0
WBGene00047551.,0,0,0
WBGene00047552.,0,6,6
WBGene00047553.,0,0,0
WBGene00047554.,0,0,0
WBGene00047555.,0,0,0
WBGene00047556.,0,0,0
WBGene00047557.,0,0,0
WBGene00047558.,0,0,0
WBGene00047559.,0,0,0
WBGene00047560.,0,2,2
WBGene00047561.,0,0,0
WBGene00047562.,0,0,0
WBGene00047563.,0,0,0
WBGene00047564.,0,0,0
WBGene00047565.,0,0,0
WBGene00047566.,0,0,0
WBGene00047567.,0,0,0
WBGene00047568.,0,2,2
WBGene00047569.,0,0,0
WBGene00047570.,0,0,0
WBGene00047571.,0,0,0
WBGene00047572.,0,0,0
WBGene00047573.,0,0,0
WBGene00047574.,0,0,0
WBGene00047575.,0,0,0
WBGene00047576.,0,0,0
WBGene00047577.,0,0,0
WBGene00047578.,0,0,0
WBGene00047579.,0,0,0
WBGene00047580.,0,0,0
WBGene00047581.,0,0,0
WBGene00047582.,0,0,0
WBGene00047583.,0,0,0
WBGene00047584.,0,0,0
WBGene00047585.,0,1,1
WBGene00047586.,0,0,0
WBGene00047587.,0,0,0
WBGene00047588.,0,0,0
WBGene00047589.,0,0,0
WBGene00047590.,0,0,0
WBGene00047591.,0,0,0
WBGene00047592.,0,0,0
WBGene00047593.,0,0,0
WBGene00047594.,0,1,1
WBGene00047595.,0,4,4
WBGene00047596.,0,0,0
WBGene00047597.,0,0,0
WBGene00047598.,0,0,0
WBGene00047599.,0,0,0
WBGene00047600.,0,0,0
WBGene00047601.,0,2,2
WBGene00047602.,0,0,0
WBGene00047603.,0,0,0
WBGene00047604.,0,0,0
WBGene00047605.,0,1,1
WBGene00047606.,0,5,5
WBGene00047607.,0,0,0
WBGene00047608.,0,0,0
WBGene00047609.,0,39,39
WBGene00047610.,0,0,0
WBGene00047611.,0,0,0
WBGene00047612.,0,0,0
WBGene00047613.,0,2,2
WBGene00047614.,0,1,1
WBGene00047615.,0,0,0
WBGene00047616.,0,0,0
WBGene00047617.,0,0,0
WBGene00047618.,0,0,0
WBGene00047619.,0,0,0
WBGene00047620.,0,0,0
WBGene00047621.,0,0,0
WBGene00047622.,0,0,0
WBGene00047623.,0,2,2
WBGene00047624.,0,0,0
WBGene00047625.,0,0,0
WBGene00047626.,0,0,0
WBGene00047627.,0,0,0
WBGene00047628.,0,0,0
WBGene00047629.,0,0,0
WBGene00047630.,0,1,1
WBGene00047631.,0,0,0
WBGene00047632.,0,0,0
WBGene00047633.,0,0,0
WBGene00047634.,0,0,0
WBGene00047635.,0,0,0
WBGene00047636.,0,0,0
WBGene00047637.,0,0,0
WBGene00047638.,0,0,0
WBGene00047639.,0,0,0
WBGene00047640.,0,0,0
WBGene00047641.,0,0,0
WBGene00047642.,0,0,0
WBGene00047643.,0,0,0
WBGene00047644.,0,0,0
WBGene00047645.,0,0,0
WBGene00047646.,0,0,0
WBGene00047647.,0,0,0
WBGene00047648.,0,0,0
WBGene00047649.,0,0,0
WBGene00047650.,0,0,0
WBGene00047651.,0,0,0
WBGene00047652.,0,0,0
WBGene00047653.,0,0,0
WBGene00047654.,0,0,0
WBGene00047655.,0,0,0
WBGene00047656.,0,0,0
WBGene00047657.,0,2,2
WBGene00047658.,0,0,0
WBGene00047659.,0,0,0
WBGene00047660.,0,0,0
WBGene00047661.,0,0,0
WBGene00047662.,0,2,2
WBGene00047663.,0,0,0
WBGene00047664.,0,0,0
WBGene00047665.,0,0,0
WBGene00047666.,0,0,0
WBGene00047667.,0,0,0
WBGene00047668.,0,0,0
WBGene00047669.,0,0,0
WBGene00047670.,0,0,0
WBGene00047671.,0,0,0
WBGene00047672.,0,3,3
WBGene00047673.,0,0,0
WBGene00047674.,0,0,0
WBGene00047675.,0,0,0
WBGene00047676.,0,0,0
WBGene00047677.,0,1,1
WBGene00047678.,0,1,1
WBGene00047679.,0,0,0
WBGene00047680.,0,0,0
WBGene00047681.,0,0,0
WBGene00047682.,0,0,0
WBGene00047683.,0,0,0
WBGene00047684.,0,1,1
WBGene00047685.,0,4,4
WBGene00047686.,0,0,0
WBGene00047687.,0,0,0
WBGene00047688.,0,4,4
WBGene00047689.,0,0,0
WBGene00047690.,0,81,81
WBGene00047691.,0,5,5
WBGene00047692.,0,0,0
WBGene00047693.,0,0,0
WBGene00047694.,0,0,0
WBGene00047695.,0,7,7
WBGene00047696.,0,0,0
WBGene00047697.,0,6,6
WBGene00047698.,0,2,2
WBGene00047699.,0,1,1
WBGene00047700.,0,0,0
WBGene00047701.,0,0,0
WBGene00047702.,0,0,0
WBGene00047703.,0,0,0
WBGene00047704.,0,0,0
WBGene00047705.,0,0,0
WBGene00047706.,0,0,0
WBGene00047707.,0,0,0
WBGene00047708.,0,0,0
WBGene00047709.,0,0,0
WBGene00047710.,0,0,0
WBGene00047711.,0,0,0
WBGene00047712.,0,0,0
WBGene00047713.,0,0,0
WBGene00047714.,0,0,0
WBGene00047715.,0,0,0
WBGene00047716.,0,2,2
WBGene00047717.,0,0,0
WBGene00047718.,0,0,0
WBGene00047719.,0,0,0
WBGene00047720.,0,0,0
WBGene00047721.,0,0,0
WBGene00047722.,0,0,0
WBGene00047723.,0,0,0
WBGene00047724.,0,0,0
WBGene00047725.,0,0,0
WBGene00047726.,0,0,0
WBGene00047727.,0,0,0
WBGene00047728.,0,0,0
WBGene00047729.,0,0,0
WBGene00047730.,0,0,0
WBGene00047731.,0,0,0
WBGene00047732.,0,0,0
WBGene00047733.,0,0,0
WBGene00047734.,0,0,0
WBGene00047735.,0,0,0
WBGene00047736.,0,0,0
WBGene00047737.,0,1,1
WBGene00047738.,0,0,0
WBGene00047739.,0,1,1
WBGene00047740.,0,0,0
WBGene00047741.,0,0,0
WBGene00047742.,0,0,0
WBGene00047743.,0,0,0
WBGene00047744.,0,0,0
WBGene00047745.,0,0,0
WBGene00047746.,0,3,3
WBGene00047747.,0,2,2
WBGene00047748.,0,0,0
WBGene00047749.,0,0,0
WBGene00047750.,0,1,1
WBGene00047751.,0,0,0
WBGene00047752.,0,0,0
WBGene00047753.,0,0,0
WBGene00047754.,0,0,0
WBGene00047755.,0,0,0
WBGene00047756.,0,108,108
WBGene00047757.,0,0,0
WBGene00047758.,0,0,0
WBGene00047759.,0,4,4
WBGene00047760.,0,0,0
WBGene00047761.,0,2,2
WBGene00047762.,0,1,1
WBGene00047763.,0,9,9
WBGene00047764.,0,0,0
WBGene00047765.,0,0,0
WBGene00047766.,0,0,0
WBGene00047767.,0,0,0
WBGene00047768.,0,1,1
WBGene00047769.,0,0,0
WBGene00047770.,0,0,0
WBGene00047771.,0,0,0
WBGene00047772.,0,0,0
WBGene00047773.,0,0,0
WBGene00047774.,0,2,2
WBGene00047775.,0,0,0
WBGene00047776.,0,0,0
WBGene00047777.,0,0,0
WBGene00047778.,0,0,0
WBGene00047779.,0,0,0
WBGene00047780.,0,0,0
WBGene00047781.,0,0,0
WBGene00047782.,0,0,0
WBGene00047783.,0,0,0
WBGene00047784.,0,0,0
WBGene00047785.,0,0,0
WBGene00047786.,0,0,0
WBGene00047787.,0,0,0
WBGene00047788.,0,0,0
WBGene00047789.,0,0,0
WBGene00047790.,0,0,0
WBGene00047791.,0,0,0
WBGene00047792.,0,0,0
WBGene00047793.,0,0,0
WBGene00047794.,0,20,20
WBGene00047795.,0,0,0
WBGene00047796.,0,1,1
WBGene00047797.,0,0,0
WBGene00047798.,0,0,0
WBGene00047799.,0,0,0
WBGene00047800.,0,1,1
WBGene00047801.,0,0,0
WBGene00047802.,0,0,0
WBGene00047803.,0,3,3
WBGene00047804.,0,0,0
WBGene00047805.,0,32,32
WBGene00047806.,0,0,0
WBGene00047807.,0,0,0
WBGene00047808.,0,50,50
WBGene00047809.,0,0,0
WBGene00047810.,0,0,0
WBGene00047811.,0,0,0
WBGene00047812.,0,0,0
WBGene00047813.,0,0,0
WBGene00047814.,0,0,0
WBGene00047815.,0,0,0
WBGene00047816.,0,0,0
WBGene00047817.,0,0,0
WBGene00047818.,0,0,0
WBGene00047819.,0,0,0
WBGene00047820.,0,0,0
WBGene00047821.,0,0,0
WBGene00047822.,0,0,0
WBGene00047823.,0,1,1
WBGene00047824.,0,0,0
WBGene00047825.,0,0,0
WBGene00047826.,0,0,0
WBGene00047827.,0,0,0
WBGene00047828.,0,0,0
WBGene00047829.,0,0,0
WBGene00047830.,0,0,0
WBGene00047831.,0,0,0
WBGene00047832.,0,0,0
WBGene00047833.,0,0,0
WBGene00047834.,0,0,0
WBGene00047835.,0,0,0
WBGene00047836.,0,0,0
WBGene00047837.,0,0,0
WBGene00047838.,0,0,0
WBGene00047839.,0,0,0
WBGene00047840.,0,0,0
WBGene00047841.,0,0,0
WBGene00047842.,0,0,0
WBGene00047843.,0,3,3
WBGene00047844.,0,0,0
WBGene00047845.,0,0,0
WBGene00047846.,0,8,8
WBGene00047847.,0,0,0
WBGene00047848.,0,2,2
WBGene00047849.,0,0,0
WBGene00047850.,0,0,0
WBGene00047851.,0,0,0
WBGene00047852.,0,1,1
WBGene00047853.,0,2,2
WBGene00047854.,0,0,0
WBGene00047855.,0,0,0
WBGene00047856.,0,0,0
WBGene00047857.,0,0,0
WBGene00047858.,0,2,2
WBGene00047859.,0,0,0
WBGene00047860.,0,0,0
WBGene00047861.,0,0,0
WBGene00047862.,0,0,0
WBGene00047863.,0,0,0
WBGene00047864.,0,0,0
WBGene00047865.,0,0,0
WBGene00047866.,0,0,0
WBGene00047867.,0,0,0
WBGene00047868.,0,0,0
WBGene00047869.,0,0,0
WBGene00047870.,0,0,0
WBGene00047871.,0,0,0
WBGene00047872.,0,0,0
WBGene00047873.,0,0,0
WBGene00047874.,0,0,0
WBGene00047875.,0,0,0
WBGene00047876.,0,0,0
WBGene00047877.,0,0,0
WBGene00047878.,0,0,0
WBGene00047879.,0,0,0
WBGene00047880.,0,0,0
WBGene00047881.,0,0,0
WBGene00047882.,0,0,0
WBGene00047883.,0,2,2
WBGene00047884.,0,0,0
WBGene00047885.,0,0,0
WBGene00047886.,0,0,0
WBGene00047887.,0,0,0
WBGene00047888.,0,0,0
WBGene00047889.,0,0,0
WBGene00047890.,0,1,1
WBGene00047891.,0,0,0
WBGene00047892.,0,0,0
WBGene00047893.,0,0,0
WBGene00047894.,0,1,1
WBGene00047895.,0,0,0
WBGene00047896.,0,0,0
WBGene00047897.,0,0,0
WBGene00047898.,0,0,0
WBGene00047899.,0,0,0
WBGene00047900.,0,0,0
WBGene00047901.,0,0,0
WBGene00047902.,0,0,0
WBGene00047903.,0,0,0
WBGene00047905.,0,0,0
WBGene00047906.,0,0,0
WBGene00047907.,0,0,0
WBGene00047908.,0,0,0
WBGene00047909.,0,0,0
WBGene00047910.,0,0,0
WBGene00047911.,0,0,0
WBGene00047912.,0,0,0
WBGene00047913.,0,0,0
WBGene00047914.,0,0,0
WBGene00047915.,0,0,0
WBGene00047916.,0,9,9
WBGene00047917.,0,2,2
WBGene00047918.,0,2,2
WBGene00047919.,0,0,0
WBGene00047920.,0,0,0
WBGene00047921.,0,0,0
WBGene00047922.,0,0,0
WBGene00047923.,0,0,0
WBGene00047924.,0,0,0
WBGene00047925.,0,0,0
WBGene00047926.,0,0,0
WBGene00047927.,0,0,0
WBGene00047928.,0,0,0
WBGene00047929.,0,0,0
WBGene00047930.,0,0,0
WBGene00047931.,0,0,0
WBGene00047932.,0,0,0
WBGene00047933.,0,0,0
WBGene00047934.,0,0,0
WBGene00047935.,0,0,0
WBGene00047936.,0,0,0
WBGene00047937.,0,0,0
WBGene00047938.,0,2,2
WBGene00047939.,0,0,0
WBGene00047940.,0,0,0
WBGene00047941.,0,0,0
WBGene00047942.,0,0,0
WBGene00047943.,0,0,0
WBGene00047944.,0,0,0
WBGene00047945.,0,0,0
WBGene00047946.,0,6,6
WBGene00047947.,0,0,0
WBGene00047948.,0,0,0
WBGene00047949.,0,0,0
WBGene00047950.,0,0,0
WBGene00047951.,0,0,0
WBGene00047952.,0,0,0
WBGene00047953.,0,3,3
WBGene00047954.,0,0,0
WBGene00047955.,0,0,0
WBGene00047956.,0,0,0
WBGene00047957.,0,0,0
WBGene00047958.,0,0,0
WBGene00047959.,0,0,0
WBGene00047960.,0,0,0
WBGene00047961.,0,0,0
WBGene00047962.,0,0,0
WBGene00047963.,0,0,0
WBGene00047964.,0,4,4
WBGene00047965.,0,0,0
WBGene00047966.,0,0,0
WBGene00047967.,0,0,0
WBGene00047968.,0,0,0
WBGene00047969.,0,0,0
WBGene00047970.,0,0,0
WBGene00047971.,0,0,0
WBGene00047972.,0,1,1
WBGene00047973.,0,0,0
WBGene00047974.,0,0,0
WBGene00047975.,0,0,0
WBGene00047976.,0,0,0
WBGene00047977.,0,0,0
WBGene00047978.,0,0,0
WBGene00047979.,0,0,0
WBGene00047980.,0,0,0
WBGene00047981.,0,0,0
WBGene00047982.,0,0,0
WBGene00047983.,0,0,0
WBGene00047984.,0,0,0
WBGene00047985.,0,0,0
WBGene00047986.,0,0,0
WBGene00047987.,0,0,0
WBGene00047988.,0,1,1
WBGene00047989.,0,0,0
WBGene00047990.,0,0,0
WBGene00047991.,0,0,0
WBGene00047992.,0,0,0
WBGene00047993.,0,0,0
WBGene00047994.,0,3,3
WBGene00047995.,0,1,1
WBGene00047996.,0,0,0
WBGene00047997.,0,0,0
WBGene00047998.,0,0,0
WBGene00047999.,0,0,0
WBGene00048000.,0,0,0
WBGene00048001.,0,0,0
WBGene00048002.,0,0,0
WBGene00048003.,0,0,0
WBGene00048004.,0,0,0
WBGene00048005.,0,0,0
WBGene00048006.,0,0,0
WBGene00048007.,0,1,1
WBGene00048008.,0,0,0
WBGene00048009.,0,0,0
WBGene00048010.,0,0,0
WBGene00048011.,0,0,0
WBGene00048012.,0,0,0
WBGene00048013.,0,0,0
WBGene00048014.,0,0,0
WBGene00048015.,0,0,0
WBGene00048016.,0,5,5
WBGene00048017.,0,0,0
WBGene00048018.,0,0,0
WBGene00048019.,0,0,0
WBGene00048020.,0,0,0
WBGene00048021.,0,0,0
WBGene00048022.,0,0,0
WBGene00048023.,0,0,0
WBGene00048024.,0,0,0
WBGene00048025.,0,0,0
WBGene00048026.,0,0,0
WBGene00048027.,0,0,0
WBGene00048028.,0,0,0
WBGene00048029.,0,0,0
WBGene00048030.,0,0,0
WBGene00048031.,0,0,0
WBGene00048032.,0,0,0
WBGene00048033.,0,0,0
WBGene00048034.,0,0,0
WBGene00048035.,0,0,0
WBGene00048036.,0,0,0
WBGene00048037.,0,0,0
WBGene00048038.,0,2,2
WBGene00048039.,0,0,0
WBGene00048040.,0,0,0
WBGene00048041.,0,0,0
WBGene00048042.,0,0,0
WBGene00048043.,0,0,0
WBGene00048044.,0,5,5
WBGene00048045.,0,0,0
WBGene00048046.,0,0,0
WBGene00048047.,0,0,0
WBGene00048048.,0,0,0
WBGene00048049.,0,0,0
WBGene00048050.,0,3,3
WBGene00048051.,0,0,0
WBGene00048052.,0,0,0
WBGene00048053.,0,0,0
WBGene00048054.,0,0,0
WBGene00048055.,0,0,0
WBGene00048056.,0,0,0
WBGene00048057.,0,0,0
WBGene00048058.,0,0,0
WBGene00048059.,0,0,0
WBGene00048060.,0,0,0
WBGene00048061.,0,0,0
WBGene00048062.,0,0,0
WBGene00048063.,0,12,12
WBGene00048064.,0,0,0
WBGene00048065.,0,0,0
WBGene00048066.,0,0,0
WBGene00048067.,0,0,0
WBGene00048068.,0,0,0
WBGene00048069.,0,1,1
WBGene00048070.,0,0,0
WBGene00048071.,0,0,0
WBGene00048072.,0,0,0
WBGene00048073.,0,0,0
WBGene00048074.,0,0,0
WBGene00048075.,0,2,2
WBGene00048076.,0,0,0
WBGene00048077.,0,0,0
WBGene00048078.,0,0,0
WBGene00048079.,0,0,0
WBGene00048080.,0,0,0
WBGene00048081.,0,0,0
WBGene00048082.,0,0,0
WBGene00048083.,0,0,0
WBGene00048084.,0,0,0
WBGene00048085.,0,0,0
WBGene00048086.,0,0,0
WBGene00048087.,0,0,0
WBGene00048088.,0,0,0
WBGene00048089.,0,0,0
WBGene00048090.,0,0,0
WBGene00048091.,0,0,0
WBGene00048092.,0,21,21
WBGene00048093.,0,0,0
WBGene00048094.,0,0,0
WBGene00048095.,0,0,0
WBGene00048096.,0,0,0
WBGene00048097.,0,0,0
WBGene00048098.,0,1,1
WBGene00048099.,0,0,0
WBGene00048100.,0,0,0
WBGene00048101.,0,0,0
WBGene00048102.,0,0,0
WBGene00048103.,0,0,0
WBGene00048104.,0,0,0
WBGene00048105.,0,1,1
WBGene00048106.,0,0,0
WBGene00048107.,0,0,0
WBGene00048108.,0,0,0
WBGene00048109.,0,0,0
WBGene00048110.,0,0,0
WBGene00048111.,0,0,0
WBGene00048112.,0,0,0
WBGene00048113.,0,0,0
WBGene00048114.,0,0,0
WBGene00048115.,0,0,0
WBGene00048116.,0,0,0
WBGene00048117.,0,0,0
WBGene00048118.,0,3,3
WBGene00048119.,0,0,0
WBGene00048120.,0,0,0
WBGene00048121.,0,0,0
WBGene00048122.,0,0,0
WBGene00048123.,0,0,0
WBGene00048124.,0,0,0
WBGene00048125.,0,0,0
WBGene00048126.,0,0,0
WBGene00048127.,0,0,0
WBGene00048128.,0,1,1
WBGene00048129.,0,1,1
WBGene00048130.,0,0,0
WBGene00048131.,0,0,0
WBGene00048132.,0,0,0
WBGene00048133.,0,0,0
WBGene00048134.,0,0,0
WBGene00048135.,0,0,0
WBGene00048136.,0,0,0
WBGene00048137.,0,1,1
WBGene00048138.,0,0,0
WBGene00048139.,0,0,0
WBGene00048140.,0,0,0
WBGene00048141.,0,0,0
WBGene00048142.,0,0,0
WBGene00048143.,0,0,0
WBGene00048144.,0,0,0
WBGene00048145.,0,0,0
WBGene00048146.,0,0,0
WBGene00048147.,0,19,19
WBGene00048148.,0,1,1
WBGene00048149.,0,0,0
WBGene00048150.,0,0,0
WBGene00048151.,0,0,0
WBGene00048152.,0,0,0
WBGene00048153.,0,0,0
WBGene00048154.,0,0,0
WBGene00048155.,0,1,1
WBGene00048156.,0,0,0
WBGene00048157.,0,0,0
WBGene00048158.,0,0,0
WBGene00048159.,0,0,0
WBGene00048160.,0,3,3
WBGene00048161.,0,0,0
WBGene00048162.,0,0,0
WBGene00048163.,0,0,0
WBGene00048164.,0,0,0
WBGene00048165.,0,0,0
WBGene00048166.,0,2,2
WBGene00048167.,0,0,0
WBGene00048168.,0,0,0
WBGene00048169.,0,28,28
WBGene00048170.,0,0,0
WBGene00048171.,0,1,1
WBGene00048172.,0,0,0
WBGene00048173.,0,0,0
WBGene00048174.,0,0,0
WBGene00048175.,0,0,0
WBGene00048176.,0,0,0
WBGene00048177.,0,0,0
WBGene00048178.,0,0,0
WBGene00048179.,0,0,0
WBGene00048180.,0,0,0
WBGene00048181.,0,0,0
WBGene00048182.,0,0,0
WBGene00048183.,0,0,0
WBGene00048184.,0,0,0
WBGene00048185.,0,0,0
WBGene00048186.,0,0,0
WBGene00048187.,0,0,0
WBGene00048188.,0,0,0
WBGene00048189.,0,0,0
WBGene00048190.,0,5,5
WBGene00048191.,0,0,0
WBGene00048192.,0,1,1
WBGene00048193.,0,0,0
WBGene00048194.,0,0,0
WBGene00048195.,0,5,5
WBGene00048196.,0,0,0
WBGene00048197.,0,0,0
WBGene00048198.,0,0,0
WBGene00048199.,0,0,0
WBGene00048200.,0,2,2
WBGene00048201.,0,0,0
WBGene00048202.,0,0,0
WBGene00048203.,0,0,0
WBGene00048204.,0,0,0
WBGene00048205.,0,0,0
WBGene00048206.,0,0,0
WBGene00048207.,0,0,0
WBGene00048208.,0,0,0
WBGene00048209.,0,0,0
WBGene00048210.,0,0,0
WBGene00048211.,0,0,0
WBGene00048212.,0,0,0
WBGene00048213.,0,0,0
WBGene00048214.,0,1,1
WBGene00048215.,0,0,0
WBGene00048216.,0,3,3
WBGene00048217.,0,0,0
WBGene00048218.,0,0,0
WBGene00048219.,0,0,0
WBGene00048220.,0,0,0
WBGene00048221.,0,21,21
WBGene00048222.,0,0,0
WBGene00048223.,0,0,0
WBGene00048224.,0,4,4
WBGene00048225.,0,0,0
WBGene00048226.,0,1,1
WBGene00048227.,0,0,0
WBGene00048228.,0,2,2
WBGene00048229.,0,0,0
WBGene00048230.,0,0,0
WBGene00048231.,0,0,0
WBGene00048232.,0,0,0
WBGene00048233.,0,0,0
WBGene00048234.,0,0,0
WBGene00048235.,0,0,0
WBGene00048236.,0,0,0
WBGene00048237.,0,0,0
WBGene00048238.,0,0,0
WBGene00048239.,0,0,0
WBGene00048240.,0,0,0
WBGene00048241.,0,0,0
WBGene00048242.,0,0,0
WBGene00048243.,0,0,0
WBGene00048244.,0,0,0
WBGene00048245.,0,0,0
WBGene00048246.,0,0,0
WBGene00048247.,0,0,0
WBGene00048248.,0,2,2
WBGene00048249.,0,0,0
WBGene00048250.,0,0,0
WBGene00048251.,0,0,0
WBGene00048252.,0,0,0
WBGene00048253.,0,1,1
WBGene00048254.,0,1,1
WBGene00048255.,0,0,0
WBGene00048256.,0,0,0
WBGene00048257.,0,1,1
WBGene00048258.,0,0,0
WBGene00048259.,0,0,0
WBGene00048260.,0,0,0
WBGene00048261.,0,0,0
WBGene00048262.,0,0,0
WBGene00048263.,0,0,0
WBGene00048264.,0,1,1
WBGene00048265.,0,0,0
WBGene00048266.,0,0,0
WBGene00048267.,0,0,0
WBGene00048268.,0,0,0
WBGene00048269.,0,0,0
WBGene00048270.,0,0,0
WBGene00048271.,0,0,0
WBGene00048272.,0,1,1
WBGene00048273.,0,1,1
WBGene00048274.,0,0,0
WBGene00048275.,0,0,0
WBGene00048276.,0,0,0
WBGene00048277.,0,0,0
WBGene00048278.,0,0,0
WBGene00048279.,0,0,0
WBGene00048280.,0,0,0
WBGene00048281.,0,0,0
WBGene00048282.,0,1,1
WBGene00048283.,0,0,0
WBGene00048284.,0,0,0
WBGene00048285.,0,0,0
WBGene00048286.,0,0,0
WBGene00048287.,0,2,2
WBGene00048288.,0,5,5
WBGene00048289.,0,0,0
WBGene00048290.,0,0,0
WBGene00048291.,0,0,0
WBGene00048292.,0,1,1
WBGene00048293.,0,1,1
WBGene00048294.,0,6,6
WBGene00048295.,0,1,1
WBGene00048296.,0,1,1
WBGene00048297.,0,0,0
WBGene00048298.,0,0,0
WBGene00048299.,0,1,1
WBGene00048300.,0,0,0
WBGene00048301.,0,0,0
WBGene00048302.,0,0,0
WBGene00048303.,0,0,0
WBGene00048304.,0,0,0
WBGene00048305.,0,0,0
WBGene00048306.,0,0,0
WBGene00048307.,0,0,0
WBGene00048308.,0,0,0
WBGene00048309.,0,0,0
WBGene00048310.,0,0,0
WBGene00048311.,0,0,0
WBGene00048312.,0,0,0
WBGene00048313.,0,0,0
WBGene00048314.,0,0,0
WBGene00048315.,0,0,0
WBGene00048316.,0,0,0
WBGene00048317.,0,0,0
WBGene00048318.,0,0,0
WBGene00048319.,0,0,0
WBGene00048320.,0,0,0
WBGene00048321.,0,0,0
WBGene00048322.,0,0,0
WBGene00048323.,0,0,0
WBGene00048324.,0,1,1
WBGene00048325.,0,0,0
WBGene00048326.,0,1,1
WBGene00048327.,0,0,0
WBGene00048328.,0,8,8
WBGene00048329.,0,0,0
WBGene00048330.,0,0,0
WBGene00048331.,0,0,0
WBGene00048332.,0,0,0
WBGene00048333.,0,0,0
WBGene00048334.,0,7,7
WBGene00048335.,0,0,0
WBGene00048336.,0,0,0
WBGene00048337.,0,0,0
WBGene00048338.,0,0,0
WBGene00048339.,0,0,0
WBGene00048340.,0,0,0
WBGene00048341.,0,0,0
WBGene00048342.,0,0,0
WBGene00048343.,0,0,0
WBGene00048344.,0,0,0
WBGene00048345.,0,2,2
WBGene00048346.,0,0,0
WBGene00048347.,0,0,0
WBGene00048348.,0,0,0
WBGene00048349.,0,0,0
WBGene00048350.,0,0,0
WBGene00048351.,0,0,0
WBGene00048352.,0,0,0
WBGene00048353.,0,0,0
WBGene00048354.,0,0,0
WBGene00048355.,0,3,3
WBGene00048356.,0,0,0
WBGene00048357.,0,0,0
WBGene00048358.,0,0,0
WBGene00048359.,0,0,0
WBGene00048360.,0,0,0
WBGene00048361.,0,0,0
WBGene00048362.,0,0,0
WBGene00048363.,0,1,1
WBGene00048364.,0,0,0
WBGene00048365.,0,0,0
WBGene00048366.,0,2,2
WBGene00048367.,0,0,0
WBGene00048368.,0,0,0
WBGene00048369.,0,0,0
WBGene00048370.,0,0,0
WBGene00048371.,0,0,0
WBGene00048372.,0,0,0
WBGene00048373.,0,0,0
WBGene00048374.,0,17,17
WBGene00048375.,0,18,18
WBGene00048376.,0,0,0
WBGene00048377.,0,0,0
WBGene00048378.,0,0,0
WBGene00048379.,0,0,0
WBGene00048380.,0,0,0
WBGene00048381.,0,1,1
WBGene00048382.,0,4,4
WBGene00048383.,0,0,0
WBGene00048384.,0,0,0
WBGene00048385.,0,3,3
WBGene00048386.,0,0,0
WBGene00048387.,0,0,0
WBGene00048388.,0,0,0
WBGene00048389.,0,0,0
WBGene00048390.,0,0,0
WBGene00048391.,0,0,0
WBGene00048392.,0,0,0
WBGene00048393.,0,0,0
WBGene00048394.,0,1,1
WBGene00048395.,0,0,0
WBGene00048396.,0,0,0
WBGene00048397.,0,0,0
WBGene00048398.,0,1,1
WBGene00048399.,0,0,0
WBGene00048400.,0,0,0
WBGene00048401.,0,2,2
WBGene00048402.,0,0,0
WBGene00048403.,0,0,0
WBGene00048404.,0,2,2
WBGene00048405.,0,0,0
WBGene00048406.,0,1,1
WBGene00048407.,0,0,0
WBGene00048408.,0,0,0
WBGene00048409.,0,1,1
WBGene00048410.,0,0,0
WBGene00048411.,0,0,0
WBGene00048412.,0,0,0
WBGene00048413.,0,0,0
WBGene00048414.,0,2,2
WBGene00048415.,0,0,0
WBGene00048416.,0,0,0
WBGene00048417.,0,0,0
WBGene00048418.,0,2,2
WBGene00048419.,0,0,0
WBGene00048420.,0,4,4
WBGene00048421.,0,0,0
WBGene00048422.,0,0,0
WBGene00048423.,0,0,0
WBGene00048424.,0,0,0
WBGene00048425.,0,0,0
WBGene00048426.,0,0,0
WBGene00048427.,0,0,0
WBGene00048428.,0,1,1
WBGene00048429.,0,0,0
WBGene00048430.,0,0,0
WBGene00048431.,0,1,1
WBGene00048432.,0,0,0
WBGene00048433.,0,0,0
WBGene00048434.,0,0,0
WBGene00048435.,0,0,0
WBGene00048436.,0,1,1
WBGene00048437.,0,0,0
WBGene00048438.,0,0,0
WBGene00048439.,0,0,0
WBGene00048440.,0,5,5
WBGene00048441.,0,0,0
WBGene00048442.,0,0,0
WBGene00048443.,0,0,0
WBGene00048444.,0,1,1
WBGene00048445.,0,0,0
WBGene00048446.,0,0,0
WBGene00048447.,0,0,0
WBGene00048448.,0,0,0
WBGene00048449.,0,0,0
WBGene00048450.,0,0,0
WBGene00048451.,0,0,0
WBGene00048452.,0,0,0
WBGene00048453.,0,2,2
WBGene00048454.,0,0,0
WBGene00048455.,0,0,0
WBGene00048456.,0,0,0
WBGene00048457.,0,0,0
WBGene00048458.,0,0,0
WBGene00048459.,0,0,0
WBGene00048460.,0,0,0
WBGene00048461.,0,0,0
WBGene00048462.,0,0,0
WBGene00048463.,0,10,10
WBGene00048464.,0,0,0
WBGene00048465.,0,0,0
WBGene00048466.,0,0,0
WBGene00048467.,0,1,1
WBGene00048468.,0,0,0
WBGene00048469.,0,0,0
WBGene00048470.,0,0,0
WBGene00048471.,0,0,0
WBGene00048472.,0,0,0
WBGene00048473.,0,0,0
WBGene00048474.,0,0,0
WBGene00048475.,0,0,0
WBGene00048476.,0,0,0
WBGene00048477.,0,0,0
WBGene00048478.,0,1,1
WBGene00048479.,0,0,0
WBGene00048480.,0,0,0
WBGene00048481.,0,1,1
WBGene00048482.,0,0,0
WBGene00048483.,0,0,0
WBGene00048484.,0,2,2
WBGene00048485.,0,0,0
WBGene00048486.,0,0,0
WBGene00048487.,0,0,0
WBGene00048488.,0,4,4
WBGene00048489.,0,0,0
WBGene00048490.,0,0,0
WBGene00048491.,0,0,0
WBGene00048492.,0,0,0
WBGene00048493.,0,0,0
WBGene00048494.,0,1,1
WBGene00048495.,0,2,2
WBGene00048496.,0,0,0
WBGene00048497.,0,1,1
WBGene00048498.,0,0,0
WBGene00048499.,0,0,0
WBGene00048500.,0,0,0
WBGene00048501.,0,0,0
WBGene00048502.,0,0,0
WBGene00048503.,0,0,0
WBGene00048504.,0,0,0
WBGene00048505.,0,0,0
WBGene00048506.,0,1,1
WBGene00048507.,0,0,0
WBGene00048508.,0,0,0
WBGene00048509.,0,0,0
WBGene00048510.,0,0,0
WBGene00048511.,0,3,3
WBGene00048512.,0,0,0
WBGene00048513.,0,0,0
WBGene00048514.,0,0,0
WBGene00048515.,0,0,0
WBGene00048516.,0,0,0
WBGene00048517.,0,0,0
WBGene00048518.,0,7,7
WBGene00048519.,0,0,0
WBGene00048520.,0,0,0
WBGene00048521.,0,0,0
WBGene00048522.,0,0,0
WBGene00048523.,0,0,0
WBGene00048524.,0,0,0
WBGene00048525.,0,1,1
WBGene00048526.,0,0,0
WBGene00048527.,0,1,1
WBGene00048528.,0,0,0
WBGene00048529.,0,0,0
WBGene00048530.,0,13,13
WBGene00048531.,0,0,0
WBGene00048532.,0,0,0
WBGene00048533.,0,0,0
WBGene00048534.,0,0,0
WBGene00048535.,0,0,0
WBGene00048536.,0,0,0
WBGene00048537.,0,0,0
WBGene00048538.,0,3,3
WBGene00048539.,0,0,0
WBGene00048540.,0,0,0
WBGene00048541.,0,0,0
WBGene00048542.,0,0,0
WBGene00048543.,0,0,0
WBGene00048544.,0,0,0
WBGene00048545.,0,0,0
WBGene00048546.,0,0,0
WBGene00048547.,0,0,0
WBGene00048548.,0,0,0
WBGene00048549.,0,0,0
WBGene00048550.,0,0,0
WBGene00048551.,0,0,0
WBGene00048552.,0,0,0
WBGene00048553.,0,0,0
WBGene00048554.,0,0,0
WBGene00048555.,0,0,0
WBGene00048556.,0,0,0
WBGene00048557.,0,0,0
WBGene00048558.,0,0,0
WBGene00048559.,0,0,0
WBGene00048560.,0,0,0
WBGene00048561.,0,2,2
WBGene00048562.,0,0,0
WBGene00048563.,0,0,0
WBGene00048564.,0,0,0
WBGene00048565.,0,0,0
WBGene00048566.,0,0,0
WBGene00048567.,0,0,0
WBGene00048568.,0,0,0
WBGene00048569.,0,0,0
WBGene00048570.,0,8,8
WBGene00048571.,0,0,0
WBGene00048572.,0,0,0
WBGene00048573.,0,0,0
WBGene00048574.,0,0,0
WBGene00048575.,0,0,0
WBGene00048576.,0,0,0
WBGene00048577.,0,0,0
WBGene00048578.,0,0,0
WBGene00048579.,0,0,0
WBGene00048580.,0,0,0
WBGene00048581.,0,0,0
WBGene00048582.,0,0,0
WBGene00048583.,0,8,8
WBGene00048584.,0,0,0
WBGene00048585.,0,0,0
WBGene00048586.,0,0,0
WBGene00048587.,0,0,0
WBGene00048588.,0,0,0
WBGene00048589.,0,0,0
WBGene00048590.,0,0,0
WBGene00048591.,0,0,0
WBGene00048592.,0,0,0
WBGene00048593.,0,0,0
WBGene00048594.,0,0,0
WBGene00048595.,0,0,0
WBGene00048596.,0,1,1
WBGene00048597.,0,0,0
WBGene00048598.,0,0,0
WBGene00048599.,0,0,0
WBGene00048600.,0,0,0
WBGene00048601.,0,0,0
WBGene00048602.,0,0,0
WBGene00048603.,0,12,12
WBGene00048604.,0,0,0
WBGene00048605.,0,14,14
WBGene00048606.,0,0,0
WBGene00048607.,0,1,1
WBGene00048608.,0,0,0
WBGene00048609.,0,2,2
WBGene00048610.,0,0,0
WBGene00048611.,0,0,0
WBGene00048612.,0,3,3
WBGene00048613.,0,3,3
WBGene00048614.,0,1,1
WBGene00048615.,0,0,0
WBGene00048616.,0,0,0
WBGene00048617.,0,0,0
WBGene00048618.,0,0,0
WBGene00048619.,0,0,0
WBGene00048620.,0,0,0
WBGene00048621.,0,0,0
WBGene00048622.,0,0,0
WBGene00048623.,0,0,0
WBGene00048624.,0,0,0
WBGene00048625.,0,0,0
WBGene00048626.,0,9,9
WBGene00048627.,0,0,0
WBGene00048628.,0,0,0
WBGene00048629.,0,0,0
WBGene00048630.,0,0,0
WBGene00048631.,0,3,3
WBGene00048632.,0,0,0
WBGene00048633.,0,0,0
WBGene00048634.,0,37,37
WBGene00048635.,0,2,2
WBGene00048636.,0,0,0
WBGene00048637.,0,0,0
WBGene00048638.,0,0,0
WBGene00048639.,0,0,0
WBGene00048640.,0,0,0
WBGene00048641.,0,0,0
WBGene00048642.,0,0,0
WBGene00048643.,0,0,0
WBGene00048644.,0,3,3
WBGene00048645.,0,10,10
WBGene00048646.,0,0,0
WBGene00048647.,0,2,2
WBGene00048648.,0,0,0
WBGene00048649.,0,1,1
WBGene00048650.,0,0,0
WBGene00048651.,0,3,3
WBGene00048652.,0,0,0
WBGene00048653.,0,0,0
WBGene00048654.,0,0,0
WBGene00048655.,0,0,0
WBGene00048656.,0,2,2
WBGene00048657.,0,0,0
WBGene00048658.,0,0,0
WBGene00048659.,0,0,0
WBGene00048660.,0,2,2
WBGene00048661.,0,0,0
WBGene00048662.,0,0,0
WBGene00048663.,0,0,0
WBGene00048664.,0,0,0
WBGene00048665.,0,0,0
WBGene00048666.,0,0,0
WBGene00048667.,0,0,0
WBGene00048668.,0,0,0
WBGene00048669.,0,0,0
WBGene00048670.,0,1,1
WBGene00048671.,0,0,0
WBGene00048672.,0,0,0
WBGene00048673.,0,0,0
WBGene00048674.,0,0,0
WBGene00048675.,0,0,0
WBGene00048676.,0,0,0
WBGene00048677.,0,0,0
WBGene00048678.,0,0,0
WBGene00048679.,0,1,1
WBGene00048680.,0,0,0
WBGene00048681.,0,0,0
WBGene00048682.,0,0,0
WBGene00048683.,0,0,0
WBGene00048684.,0,0,0
WBGene00048685.,0,0,0
WBGene00048686.,0,0,0
WBGene00048687.,0,0,0
WBGene00048688.,0,0,0
WBGene00048689.,0,1,1
WBGene00048690.,0,1,1
WBGene00048691.,0,0,0
WBGene00048692.,0,0,0
WBGene00048693.,0,0,0
WBGene00048694.,0,0,0
WBGene00048695.,0,0,0
WBGene00048696.,0,0,0
WBGene00048697.,0,0,0
WBGene00048698.,0,0,0
WBGene00048699.,0,1,1
WBGene00048700.,0,0,0
WBGene00048701.,0,0,0
WBGene00048702.,0,0,0
WBGene00048703.,0,0,0
WBGene00048704.,0,0,0
WBGene00048705.,0,0,0
WBGene00048706.,0,0,0
WBGene00048707.,0,0,0
WBGene00048708.,0,0,0
WBGene00048709.,0,0,0
WBGene00048710.,0,0,0
WBGene00048711.,0,0,0
WBGene00048712.,0,0,0
WBGene00048713.,0,0,0
WBGene00048714.,0,0,0
WBGene00048715.,0,0,0
WBGene00048716.,0,0,0
WBGene00048717.,0,0,0
WBGene00048718.,0,0,0
WBGene00048719.,0,3,3
WBGene00048720.,0,2,2
WBGene00048721.,0,0,0
WBGene00048722.,0,2,2
WBGene00048723.,0,0,0
WBGene00048724.,0,1,1
WBGene00048725.,0,5,5
WBGene00048726.,0,0,0
WBGene00048727.,0,8,8
WBGene00048728.,0,0,0
WBGene00048729.,0,0,0
WBGene00048730.,0,0,0
WBGene00048731.,0,0,0
WBGene00048732.,0,0,0
WBGene00048733.,0,0,0
WBGene00048734.,0,1,1
WBGene00048735.,0,0,0
WBGene00048736.,0,1,1
WBGene00048737.,0,0,0
WBGene00048738.,0,0,0
WBGene00048739.,0,3,3
WBGene00048740.,0,1,1
WBGene00048741.,0,0,0
WBGene00048742.,0,0,0
WBGene00048743.,0,0,0
WBGene00048744.,0,1,1
WBGene00048745.,0,0,0
WBGene00048746.,0,0,0
WBGene00048747.,0,0,0
WBGene00048748.,0,2,2
WBGene00048749.,0,0,0
WBGene00048750.,0,0,0
WBGene00048751.,0,0,0
WBGene00048752.,0,0,0
WBGene00048753.,0,0,0
WBGene00048754.,0,0,0
WBGene00048755.,0,0,0
WBGene00048756.,0,2,2
WBGene00048757.,0,0,0
WBGene00048758.,0,0,0
WBGene00048759.,0,0,0
WBGene00048760.,0,1,1
WBGene00048761.,0,0,0
WBGene00048762.,0,0,0
WBGene00048763.,0,0,0
WBGene00048764.,0,0,0
WBGene00048765.,0,0,0
WBGene00048766.,0,0,0
WBGene00048767.,0,0,0
WBGene00048768.,0,0,0
WBGene00048769.,0,0,0
WBGene00048770.,0,0,0
WBGene00048771.,0,0,0
WBGene00048772.,0,0,0
WBGene00048773.,0,0,0
WBGene00048774.,0,3,3
WBGene00048775.,0,0,0
WBGene00048776.,0,0,0
WBGene00048777.,0,0,0
WBGene00048778.,0,0,0
WBGene00048779.,0,0,0
WBGene00048780.,0,0,0
WBGene00048781.,0,0,0
WBGene00048782.,0,0,0
WBGene00048783.,0,3,3
WBGene00048784.,0,0,0
WBGene00048785.,0,1,1
WBGene00048786.,0,0,0
WBGene00048787.,0,0,0
WBGene00048788.,0,2,2
WBGene00048789.,0,0,0
WBGene00048790.,0,0,0
WBGene00048791.,0,0,0
WBGene00048792.,0,3,3
WBGene00048793.,0,0,0
WBGene00048794.,0,0,0
WBGene00048795.,0,0,0
WBGene00048796.,0,0,0
WBGene00048797.,0,0,0
WBGene00048798.,0,0,0
WBGene00048799.,0,0,0
WBGene00048800.,0,0,0
WBGene00048801.,0,0,0
WBGene00048802.,0,2,2
WBGene00048803.,0,0,0
WBGene00048804.,0,0,0
WBGene00048805.,0,0,0
WBGene00048806.,0,0,0
WBGene00048807.,0,0,0
WBGene00048808.,0,0,0
WBGene00048809.,0,0,0
WBGene00048810.,0,0,0
WBGene00048811.,0,0,0
WBGene00048812.,0,0,0
WBGene00048813.,0,0,0
WBGene00048814.,0,1,1
WBGene00048815.,0,0,0
WBGene00048816.,0,0,0
WBGene00048817.,0,0,0
WBGene00048819.,0,0,0
WBGene00048820.,0,15,15
WBGene00048821.,0,0,0
WBGene00048822.,0,0,0
WBGene00048823.,0,18,18
WBGene00048824.,0,0,0
WBGene00048825.,0,1,1
WBGene00048826.,0,0,0
WBGene00048827.,0,0,0
WBGene00048828.,0,0,0
WBGene00048829.,0,0,0
WBGene00048830.,0,0,0
WBGene00048831.,0,0,0
WBGene00048832.,0,0,0
WBGene00048833.,0,0,0
WBGene00048834.,0,0,0
WBGene00048835.,0,1,1
WBGene00048836.,0,1,1
WBGene00048837.,0,0,0
WBGene00048838.,0,0,0
WBGene00048839.,0,5,5
WBGene00048840.,0,0,0
WBGene00048841.,0,0,0
WBGene00048842.,0,0,0
WBGene00048843.,0,0,0
WBGene00048844.,0,0,0
WBGene00048845.,0,0,0
WBGene00048846.,0,0,0
WBGene00048847.,0,1,1
WBGene00048848.,0,0,0
WBGene00048849.,0,0,0
WBGene00048850.,0,0,0
WBGene00048851.,0,0,0
WBGene00048852.,0,0,0
WBGene00048853.,0,0,0
WBGene00048854.,0,0,0
WBGene00048855.,0,0,0
WBGene00048856.,0,0,0
WBGene00048857.,0,0,0
WBGene00048858.,0,0,0
WBGene00048859.,0,0,0
WBGene00048860.,0,0,0
WBGene00048861.,0,0,0
WBGene00048862.,0,0,0
WBGene00048863.,0,0,0
WBGene00048864.,0,0,0
WBGene00048865.,0,0,0
WBGene00048866.,0,0,0
WBGene00048867.,0,1,1
WBGene00048868.,0,0,0
WBGene00048869.,0,0,0
WBGene00048870.,0,1,1
WBGene00048871.,0,0,0
WBGene00048872.,0,0,0
WBGene00048873.,0,0,0
WBGene00048874.,0,3,3
WBGene00048875.,0,0,0
WBGene00048876.,0,0,0
WBGene00048877.,0,0,0
WBGene00048878.,0,0,0
WBGene00048879.,0,0,0
WBGene00048880.,0,0,0
WBGene00048881.,0,0,0
WBGene00048882.,0,0,0
WBGene00048883.,0,0,0
WBGene00048884.,0,0,0
WBGene00048885.,0,17,17
WBGene00048886.,0,0,0
WBGene00048887.,0,2,2
WBGene00048888.,0,0,0
WBGene00048889.,0,7,7
WBGene00048890.,0,0,0
WBGene00048891.,0,0,0
WBGene00048892.,0,0,0
WBGene00048893.,0,0,0
WBGene00048894.,0,0,0
WBGene00048895.,0,0,0
WBGene00048896.,0,0,0
WBGene00048897.,0,15,15
WBGene00048898.,0,1,1
WBGene00048899.,0,0,0
WBGene00048900.,0,0,0
WBGene00048901.,0,0,0
WBGene00048902.,0,0,0
WBGene00048903.,0,0,0
WBGene00048904.,0,0,0
WBGene00048905.,0,1,1
WBGene00048906.,0,0,0
WBGene00048907.,0,0,0
WBGene00048908.,0,0,0
WBGene00048909.,0,0,0
WBGene00048910.,0,0,0
WBGene00048911.,0,1,1
WBGene00048912.,0,0,0
WBGene00048913.,0,0,0
WBGene00048914.,0,0,0
WBGene00048915.,0,1,1
WBGene00048916.,0,0,0
WBGene00048917.,0,0,0
WBGene00048918.,0,0,0
WBGene00048919.,0,0,0
WBGene00048920.,0,0,0
WBGene00048921.,0,0,0
WBGene00048922.,0,0,0
WBGene00048923.,0,0,0
WBGene00048924.,0,12,12
WBGene00048925.,0,0,0
WBGene00048926.,0,0,0
WBGene00048927.,0,0,0
WBGene00048928.,0,0,0
WBGene00048929.,0,0,0
WBGene00048930.,0,0,0
WBGene00048931.,0,0,0
WBGene00048932.,0,0,0
WBGene00048933.,0,0,0
WBGene00048934.,0,0,0
WBGene00048935.,0,0,0
WBGene00048936.,0,0,0
WBGene00048937.,0,5,5
WBGene00048938.,0,6,6
WBGene00048939.,0,0,0
WBGene00048940.,0,0,0
WBGene00048941.,0,0,0
WBGene00048942.,0,0,0
WBGene00048943.,0,0,0
WBGene00048944.,0,1,1
WBGene00048945.,0,0,0
WBGene00048946.,0,0,0
WBGene00048947.,0,0,0
WBGene00048948.,0,0,0
WBGene00048949.,0,1,1
WBGene00048950.,0,1,1
WBGene00048951.,0,0,0
WBGene00048952.,0,0,0
WBGene00048953.,0,0,0
WBGene00048954.,0,2,2
WBGene00048955.,0,0,0
WBGene00048956.,0,0,0
WBGene00048957.,0,0,0
WBGene00048958.,0,1,1
WBGene00048959.,0,0,0
WBGene00048960.,0,0,0
WBGene00048961.,0,1,1
WBGene00048962.,0,0,0
WBGene00048963.,0,0,0
WBGene00048964.,0,0,0
WBGene00048965.,0,0,0
WBGene00048966.,0,0,0
WBGene00048967.,0,0,0
WBGene00048968.,0,0,0
WBGene00048969.,0,4,4
WBGene00048970.,0,1,1
WBGene00048971.,0,5,5
WBGene00048972.,0,0,0
WBGene00048973.,0,0,0
WBGene00048974.,0,1,1
WBGene00048975.,0,0,0
WBGene00048976.,0,0,0
WBGene00048977.,0,0,0
WBGene00048978.,0,0,0
WBGene00048979.,0,0,0
WBGene00048980.,0,0,0
WBGene00048981.,0,0,0
WBGene00048982.,0,0,0
WBGene00048983.,0,20,20
WBGene00048984.,0,0,0
WBGene00048985.,0,0,0
WBGene00048986.,0,0,0
WBGene00048987.,0,0,0
WBGene00048988.,0,3,3
WBGene00048989.,0,0,0
WBGene00048990.,0,1,1
WBGene00048991.,0,1,1
WBGene00048992.,0,0,0
WBGene00048993.,0,0,0
WBGene00048994.,0,0,0
WBGene00048995.,0,0,0
WBGene00048996.,0,0,0
WBGene00048997.,0,0,0
WBGene00048998.,0,0,0
WBGene00048999.,0,2,2
WBGene00049000.,0,0,0
WBGene00049001.,0,0,0
WBGene00049002.,0,0,0
WBGene00049003.,0,0,0
WBGene00049004.,0,1,1
WBGene00049005.,0,0,0
WBGene00049006.,0,0,0
WBGene00049007.,0,0,0
WBGene00049008.,0,0,0
WBGene00049009.,0,0,0
WBGene00049010.,0,0,0
WBGene00049011.,0,0,0
WBGene00049012.,0,0,0
WBGene00049013.,0,0,0
WBGene00049014.,0,0,0
WBGene00049015.,0,1,1
WBGene00049016.,0,0,0
WBGene00049017.,0,0,0
WBGene00049018.,0,0,0
WBGene00049019.,0,0,0
WBGene00049020.,0,0,0
WBGene00049021.,0,0,0
WBGene00049022.,0,0,0
WBGene00049023.,0,0,0
WBGene00049024.,0,0,0
WBGene00049025.,0,0,0
WBGene00049026.,0,0,0
WBGene00049027.,0,0,0
WBGene00049028.,0,0,0
WBGene00049029.,0,4,4
WBGene00049030.,0,3,3
WBGene00049031.,0,0,0
WBGene00049032.,0,0,0
WBGene00049033.,0,1,1
WBGene00049034.,0,0,0
WBGene00049035.,0,0,0
WBGene00049036.,0,0,0
WBGene00049037.,0,0,0
WBGene00049038.,0,0,0
WBGene00049039.,0,0,0
WBGene00049040.,0,0,0
WBGene00049041.,0,0,0
WBGene00049042.,0,0,0
WBGene00049043.,0,0,0
WBGene00049044.,0,5,5
WBGene00049045.,0,0,0
WBGene00049046.,0,1,1
WBGene00049047.,0,2,2
WBGene00049048.,0,0,0
WBGene00049049.,0,0,0
WBGene00049050.,0,0,0
WBGene00049051.,0,0,0
WBGene00049052.,0,0,0
WBGene00049053.,0,0,0
WBGene00049054.,0,0,0
WBGene00049055.,0,2,2
WBGene00049056.,0,0,0
WBGene00049057.,0,0,0
WBGene00049058.,0,0,0
WBGene00049059.,0,0,0
WBGene00049060.,0,0,0
WBGene00049061.,0,0,0
WBGene00049062.,0,0,0
WBGene00049063.,0,3,3
WBGene00049064.,0,0,0
WBGene00049065.,0,0,0
WBGene00049066.,0,0,0
WBGene00049067.,0,0,0
WBGene00049068.,0,8,8
WBGene00049069.,0,0,0
WBGene00049070.,0,0,0
WBGene00049071.,0,0,0
WBGene00049072.,0,0,0
WBGene00049073.,0,0,0
WBGene00049074.,0,8,8
WBGene00049075.,0,0,0
WBGene00049076.,0,0,0
WBGene00049077.,0,0,0
WBGene00049078.,0,0,0
WBGene00049079.,0,0,0
WBGene00049080.,0,0,0
WBGene00049081.,0,1,1
WBGene00049082.,0,0,0
WBGene00049083.,0,2,2
WBGene00049084.,0,0,0
WBGene00049085.,0,0,0
WBGene00049086.,0,3,3
WBGene00049087.,0,1,1
WBGene00049088.,0,0,0
WBGene00049089.,0,0,0
WBGene00049090.,0,2,2
WBGene00049091.,0,0,0
WBGene00049092.,0,0,0
WBGene00049093.,0,0,0
WBGene00049094.,0,0,0
WBGene00049095.,0,0,0
WBGene00049096.,0,0,0
WBGene00049097.,0,0,0
WBGene00049098.,0,1,1
WBGene00049099.,0,0,0
WBGene00049100.,0,0,0
WBGene00049101.,0,0,0
WBGene00049102.,0,2,2
WBGene00049103.,0,0,0
WBGene00049104.,0,0,0
WBGene00049105.,0,0,0
WBGene00049106.,0,0,0
WBGene00049107.,0,0,0
WBGene00049108.,0,0,0
WBGene00049109.,0,0,0
WBGene00049110.,0,2,2
WBGene00049111.,0,0,0
WBGene00049112.,0,0,0
WBGene00049113.,0,3,3
WBGene00049114.,0,0,0
WBGene00049115.,0,0,0
WBGene00049116.,0,0,0
WBGene00049117.,0,0,0
WBGene00049118.,0,0,0
WBGene00049119.,0,5,5
WBGene00049120.,0,0,0
WBGene00049121.,0,1,1
WBGene00049122.,0,0,0
WBGene00049123.,0,2,2
WBGene00049124.,0,0,0
WBGene00049125.,0,0,0
WBGene00049126.,0,0,0
WBGene00049127.,0,0,0
WBGene00049128.,0,0,0
WBGene00049129.,0,0,0
WBGene00049130.,0,0,0
WBGene00049131.,0,0,0
WBGene00049132.,0,6,6
WBGene00049133.,0,1,1
WBGene00049134.,0,0,0
WBGene00049135.,0,2,2
WBGene00049136.,0,2,2
WBGene00049137.,0,0,0
WBGene00049138.,0,0,0
WBGene00049139.,0,0,0
WBGene00049140.,0,0,0
WBGene00049141.,0,0,0
WBGene00049142.,0,0,0
WBGene00049143.,0,8,8
WBGene00049144.,0,0,0
WBGene00049145.,0,0,0
WBGene00049146.,0,0,0
WBGene00049147.,0,0,0
WBGene00049148.,0,0,0
WBGene00049149.,0,0,0
WBGene00049150.,0,0,0
WBGene00049151.,0,0,0
WBGene00049152.,0,1,1
WBGene00049153.,0,0,0
WBGene00049154.,0,5,5
WBGene00049155.,0,0,0
WBGene00049156.,0,0,0
WBGene00049157.,0,0,0
WBGene00049158.,0,0,0
WBGene00049159.,0,0,0
WBGene00049160.,0,0,0
WBGene00049161.,0,0,0
WBGene00049162.,0,0,0
WBGene00049163.,0,0,0
WBGene00049164.,0,0,0
WBGene00049165.,0,4,4
WBGene00049166.,0,0,0
WBGene00049167.,0,0,0
WBGene00049168.,0,3,3
WBGene00049169.,0,0,0
WBGene00049170.,0,0,0
WBGene00049171.,0,0,0
WBGene00049172.,0,0,0
WBGene00049173.,0,0,0
WBGene00049174.,0,1,1
WBGene00049175.,0,0,0
WBGene00049176.,0,0,0
WBGene00049177.,0,0,0
WBGene00049178.,0,0,0
WBGene00049179.,0,0,0
WBGene00049180.,0,0,0
WBGene00049181.,0,0,0
WBGene00049182.,0,0,0
WBGene00049183.,0,0,0
WBGene00049184.,0,0,0
WBGene00049185.,0,0,0
WBGene00049186.,0,0,0
WBGene00049187.,0,0,0
WBGene00049188.,0,0,0
WBGene00049189.,0,0,0
WBGene00049190.,0,6,6
WBGene00049191.,0,0,0
WBGene00049192.,0,1,1
WBGene00049193.,0,3,3
WBGene00049194.,0,0,0
WBGene00049195.,0,0,0
WBGene00049196.,0,0,0
WBGene00049197.,0,4,4
WBGene00049198.,0,0,0
WBGene00049199.,0,0,0
WBGene00049200.,0,0,0
WBGene00049201.,0,0,0
WBGene00049202.,0,42,42
WBGene00049203.,0,0,0
WBGene00049204.,0,0,0
WBGene00049205.,0,1,1
WBGene00049206.,0,0,0
WBGene00049207.,0,0,0
WBGene00049208.,0,0,0
WBGene00049209.,0,0,0
WBGene00049210.,0,0,0
WBGene00049211.,0,0,0
WBGene00049212.,0,0,0
WBGene00049213.,0,3,3
WBGene00049214.,0,0,0
WBGene00049215.,0,0,0
WBGene00049216.,0,0,0
WBGene00049217.,0,0,0
WBGene00049218.,0,2,2
WBGene00049219.,0,1,1
WBGene00049220.,0,0,0
WBGene00049221.,0,0,0
WBGene00049222.,0,0,0
WBGene00049223.,0,0,0
WBGene00049224.,0,0,0
WBGene00049225.,0,0,0
WBGene00049226.,0,1,1
WBGene00049227.,0,0,0
WBGene00049228.,0,0,0
WBGene00049229.,0,0,0
WBGene00049230.,0,0,0
WBGene00049231.,0,0,0
WBGene00049232.,0,0,0
WBGene00049233.,0,0,0
WBGene00049234.,0,0,0
WBGene00049235.,0,0,0
WBGene00049236.,0,0,0
WBGene00049237.,0,0,0
WBGene00049238.,0,0,0
WBGene00049239.,0,0,0
WBGene00049240.,0,0,0
WBGene00049241.,0,0,0
WBGene00049242.,0,0,0
WBGene00049243.,0,0,0
WBGene00049244.,0,0,0
WBGene00049245.,0,1,1
WBGene00049246.,0,0,0
WBGene00049247.,0,0,0
WBGene00049248.,0,0,0
WBGene00049249.,0,0,0
WBGene00049250.,0,0,0
WBGene00049251.,0,0,0
WBGene00049252.,0,0,0
WBGene00049253.,0,0,0
WBGene00049254.,0,0,0
WBGene00049255.,0,0,0
WBGene00049256.,0,0,0
WBGene00049257.,0,0,0
WBGene00049258.,0,1,1
WBGene00049259.,0,0,0
WBGene00049260.,0,1,1
WBGene00049261.,0,1,1
WBGene00049262.,0,0,0
WBGene00049263.,0,0,0
WBGene00049264.,0,0,0
WBGene00049265.,0,0,0
WBGene00049266.,0,0,0
WBGene00049267.,0,0,0
WBGene00049268.,0,0,0
WBGene00049269.,0,0,0
WBGene00049270.,0,8,8
WBGene00049271.,0,1,1
WBGene00049272.,0,0,0
WBGene00049273.,0,2,2
WBGene00049274.,0,6,6
WBGene00049275.,0,0,0
WBGene00049276.,0,0,0
WBGene00049277.,0,0,0
WBGene00049278.,0,0,0
WBGene00049279.,0,0,0
WBGene00049280.,0,7,7
WBGene00049281.,0,0,0
WBGene00049282.,0,0,0
WBGene00049283.,0,0,0
WBGene00049284.,0,0,0
WBGene00049285.,0,0,0
WBGene00049286.,0,0,0
WBGene00049287.,0,0,0
WBGene00049288.,0,0,0
WBGene00049289.,0,0,0
WBGene00049290.,0,0,0
WBGene00049291.,0,0,0
WBGene00049292.,0,0,0
WBGene00049293.,0,6,6
WBGene00049294.,0,0,0
WBGene00049295.,0,11,11
WBGene00049296.,0,0,0
WBGene00049297.,0,0,0
WBGene00049298.,0,0,0
WBGene00049299.,0,3,3
WBGene00049300.,0,3,3
WBGene00049301.,0,1,1
WBGene00049302.,0,5,5
WBGene00049303.,0,0,0
WBGene00049304.,0,0,0
WBGene00049305.,0,0,0
WBGene00049306.,0,0,0
WBGene00049307.,0,0,0
WBGene00049308.,0,0,0
WBGene00049309.,0,0,0
WBGene00049310.,0,0,0
WBGene00049311.,0,0,0
WBGene00049312.,0,0,0
WBGene00049313.,0,0,0
WBGene00049314.,0,0,0
WBGene00049315.,0,0,0
WBGene00049316.,0,0,0
WBGene00049317.,0,0,0
WBGene00049318.,0,0,0
WBGene00049319.,0,2,2
WBGene00049320.,0,0,0
WBGene00049321.,0,0,0
WBGene00049322.,0,0,0
WBGene00049323.,0,1,1
WBGene00049324.,0,0,0
WBGene00049325.,0,2,2
WBGene00049326.,0,0,0
WBGene00049327.,0,0,0
WBGene00049328.,0,0,0
WBGene00049329.,0,0,0
WBGene00049330.,0,0,0
WBGene00049331.,0,0,0
WBGene00049332.,0,4,4
WBGene00049333.,0,4,4
WBGene00049334.,0,0,0
WBGene00049335.,0,0,0
WBGene00049336.,0,0,0
WBGene00049337.,0,0,0
WBGene00049338.,0,0,0
WBGene00049339.,0,0,0
WBGene00049340.,0,16,16
WBGene00049341.,0,0,0
WBGene00049342.,0,0,0
WBGene00049343.,0,0,0
WBGene00049344.,0,5,5
WBGene00049345.,0,0,0
WBGene00049346.,0,0,0
WBGene00049347.,0,0,0
WBGene00049348.,0,0,0
WBGene00049349.,0,0,0
WBGene00049350.,0,0,0
WBGene00049351.,0,0,0
WBGene00049352.,0,0,0
WBGene00049353.,0,0,0
WBGene00049354.,0,0,0
WBGene00049355.,0,0,0
WBGene00049356.,0,0,0
WBGene00049357.,0,0,0
WBGene00049358.,0,0,0
WBGene00049359.,0,0,0
WBGene00049360.,0,0,0
WBGene00049361.,0,0,0
WBGene00049362.,0,1,1
WBGene00049363.,0,0,0
WBGene00049364.,0,0,0
WBGene00049365.,0,0,0
WBGene00049366.,0,2,2
WBGene00049367.,0,0,0
WBGene00049368.,0,1,1
WBGene00049369.,0,0,0
WBGene00049370.,0,9,9
WBGene00049371.,0,0,0
WBGene00049372.,0,0,0
WBGene00049373.,0,0,0
WBGene00049374.,0,1,1
WBGene00049375.,0,0,0
WBGene00049376.,0,1,1
WBGene00049377.,0,0,0
WBGene00049378.,0,0,0
WBGene00049379.,0,0,0
WBGene00049380.,0,0,0
WBGene00049381.,0,0,0
WBGene00049382.,0,0,0
WBGene00049383.,0,0,0
WBGene00049384.,0,0,0
WBGene00049385.,0,0,0
WBGene00049386.,0,0,0
WBGene00049387.,0,2,2
WBGene00049388.,0,0,0
WBGene00049389.,0,0,0
WBGene00049390.,0,0,0
WBGene00049391.,0,2,2
WBGene00049392.,0,0,0
WBGene00049393.,0,0,0
WBGene00049394.,0,0,0
WBGene00049395.,0,0,0
WBGene00049396.,0,1,1
WBGene00049397.,0,0,0
WBGene00049398.,0,1,1
WBGene00049399.,0,0,0
WBGene00049400.,0,155,155
WBGene00049401.,0,0,0
WBGene00049402.,0,1,1
WBGene00049403.,0,0,0
WBGene00049404.,0,0,0
WBGene00049405.,0,1,1
WBGene00049406.,0,0,0
WBGene00049407.,0,0,0
WBGene00049408.,0,1,1
WBGene00049409.,0,0,0
WBGene00049410.,0,0,0
WBGene00049411.,0,5,5
WBGene00049412.,0,0,0
WBGene00049413.,0,0,0
WBGene00049414.,0,0,0
WBGene00049415.,0,0,0
WBGene00049416.,0,0,0
WBGene00049417.,0,0,0
WBGene00049418.,0,2,2
WBGene00049419.,0,0,0
WBGene00049420.,0,0,0
WBGene00049421.,0,0,0
WBGene00049422.,0,0,0
WBGene00049423.,0,0,0
WBGene00049424.,0,0,0
WBGene00049425.,0,0,0
WBGene00049426.,0,0,0
WBGene00049427.,0,0,0
WBGene00049428.,0,0,0
WBGene00049429.,0,0,0
WBGene00049430.,0,0,0
WBGene00049431.,0,0,0
WBGene00049432.,0,0,0
WBGene00049433.,0,0,0
WBGene00049434.,0,0,0
WBGene00049435.,0,0,0
WBGene00049436.,0,0,0
WBGene00049437.,0,0,0
WBGene00049438.,0,0,0
WBGene00049439.,0,0,0
WBGene00049440.,0,0,0
WBGene00049441.,0,0,0
WBGene00049443.,0,1,1
WBGene00049444.,0,0,0
WBGene00049445.,0,0,0
WBGene00049446.,0,0,0
WBGene00049447.,0,2,2
WBGene00049448.,0,0,0
WBGene00049449.,0,0,0
WBGene00049450.,0,0,0
WBGene00049451.,0,0,0
WBGene00049452.,0,0,0
WBGene00049453.,0,0,0
WBGene00049454.,0,0,0
WBGene00049455.,0,0,0
WBGene00049456.,0,0,0
WBGene00049457.,0,0,0
WBGene00049458.,0,0,0
WBGene00049459.,0,0,0
WBGene00049460.,0,0,0
WBGene00049461.,0,3,3
WBGene00049462.,0,0,0
WBGene00049463.,0,1,1
WBGene00049464.,0,0,0
WBGene00049465.,0,0,0
WBGene00049466.,0,0,0
WBGene00049467.,0,0,0
WBGene00049468.,0,1,1
WBGene00049469.,0,0,0
WBGene00049470.,0,52,52
WBGene00049471.,0,0,0
WBGene00049472.,0,0,0
WBGene00049473.,0,1,1
WBGene00049474.,0,0,0
WBGene00049475.,0,0,0
WBGene00049476.,0,0,0
WBGene00049477.,0,0,0
WBGene00049478.,0,0,0
WBGene00049479.,0,0,0
WBGene00049480.,0,0,0
WBGene00049481.,0,0,0
WBGene00049482.,0,0,0
WBGene00049483.,0,0,0
WBGene00049484.,0,0,0
WBGene00049485.,0,1,1
WBGene00049486.,0,0,0
WBGene00049487.,0,6,6
WBGene00049488.,0,0,0
WBGene00049489.,0,0,0
WBGene00049490.,0,1,1
WBGene00049491.,0,0,0
WBGene00049492.,0,2,2
WBGene00049493.,0,0,0
WBGene00049494.,0,0,0
WBGene00049495.,0,3,3
WBGene00049496.,0,0,0
WBGene00049497.,0,1,1
WBGene00049498.,0,1,1
WBGene00049499.,0,0,0
WBGene00049500.,0,3,3
WBGene00049501.,0,0,0
WBGene00049502.,0,0,0
WBGene00049503.,0,0,0
WBGene00049504.,0,0,0
WBGene00049505.,0,0,0
WBGene00049506.,0,0,0
WBGene00049507.,0,0,0
WBGene00049508.,0,0,0
WBGene00049509.,0,0,0
WBGene00049510.,0,0,0
WBGene00049511.,0,0,0
WBGene00049512.,0,1,1
WBGene00049513.,0,0,0
WBGene00049514.,0,0,0
WBGene00049515.,0,0,0
WBGene00049516.,0,0,0
WBGene00049517.,0,3,3
WBGene00049518.,0,0,0
WBGene00049519.,0,0,0
WBGene00049520.,0,1,1
WBGene00049521.,0,2,2
WBGene00049522.,0,0,0
WBGene00049523.,0,0,0
WBGene00049524.,0,1,1
WBGene00049525.,0,0,0
WBGene00049526.,0,0,0
WBGene00049527.,0,0,0
WBGene00049528.,0,0,0
WBGene00049529.,0,1,1
WBGene00049530.,0,0,0
WBGene00049531.,0,0,0
WBGene00049532.,0,0,0
WBGene00049533.,0,0,0
WBGene00049534.,0,0,0
WBGene00049535.,0,0,0
WBGene00049536.,0,1,1
WBGene00049537.,0,0,0
WBGene00049538.,0,3,3
WBGene00049539.,0,4,4
WBGene00049540.,0,0,0
WBGene00049541.,0,0,0
WBGene00049542.,0,0,0
WBGene00049543.,0,0,0
WBGene00049544.,0,0,0
WBGene00049545.,0,0,0
WBGene00049546.,0,0,0
WBGene00049547.,0,0,0
WBGene00049548.,0,0,0
WBGene00049549.,0,0,0
WBGene00049550.,0,0,0
WBGene00049551.,0,0,0
WBGene00049552.,0,0,0
WBGene00049553.,0,0,0
WBGene00049554.,0,0,0
WBGene00049555.,0,1,1
WBGene00049556.,0,0,0
WBGene00049557.,0,1,1
WBGene00049558.,0,0,0
WBGene00049559.,0,0,0
WBGene00049560.,0,0,0
WBGene00049561.,0,0,0
WBGene00049562.,0,3,3
WBGene00049563.,0,0,0
WBGene00049564.,0,0,0
WBGene00049565.,0,0,0
WBGene00049566.,0,0,0
WBGene00049567.,0,0,0
WBGene00049568.,0,0,0
WBGene00049569.,0,2,2
WBGene00049570.,0,0,0
WBGene00049571.,0,0,0
WBGene00049572.,0,0,0
WBGene00049573.,0,0,0
WBGene00049574.,0,0,0
WBGene00049575.,0,0,0
WBGene00049576.,0,0,0
WBGene00049577.,0,0,0
WBGene00049578.,0,0,0
WBGene00049579.,0,0,0
WBGene00049580.,0,0,0
WBGene00049581.,0,2,2
WBGene00049582.,0,0,0
WBGene00049583.,0,0,0
WBGene00049584.,0,0,0
WBGene00049585.,0,0,0
WBGene00049586.,0,2,2
WBGene00049587.,0,0,0
WBGene00049588.,0,1,1
WBGene00049589.,0,0,0
WBGene00049590.,0,0,0
WBGene00049591.,0,0,0
WBGene00049592.,0,0,0
WBGene00049593.,0,0,0
WBGene00049594.,0,0,0
WBGene00049595.,0,2,2
WBGene00049596.,0,0,0
WBGene00049597.,0,0,0
WBGene00049598.,0,1,1
WBGene00049599.,0,0,0
WBGene00049600.,0,0,0
WBGene00049601.,0,15,15
WBGene00049602.,0,2,2
WBGene00049603.,0,0,0
WBGene00049604.,0,26,26
WBGene00049605.,0,0,0
WBGene00049606.,0,5,5
WBGene00049607.,0,0,0
WBGene00049608.,0,0,0
WBGene00049609.,0,0,0
WBGene00049610.,0,0,0
WBGene00049611.,0,0,0
WBGene00049612.,0,0,0
WBGene00049613.,0,0,0
WBGene00049614.,0,0,0
WBGene00049615.,0,1,1
WBGene00049616.,0,0,0
WBGene00049617.,0,0,0
WBGene00049618.,0,0,0
WBGene00049619.,0,0,0
WBGene00049620.,0,0,0
WBGene00049621.,0,0,0
WBGene00049622.,0,0,0
WBGene00049623.,0,0,0
WBGene00049624.,0,0,0
WBGene00049625.,0,0,0
WBGene00049626.,0,0,0
WBGene00049627.,0,0,0
WBGene00049628.,0,0,0
WBGene00049629.,0,0,0
WBGene00049630.,0,1,1
WBGene00049631.,0,0,0
WBGene00049632.,0,0,0
WBGene00049633.,0,0,0
WBGene00049634.,0,0,0
WBGene00049635.,0,5,5
WBGene00049636.,0,0,0
WBGene00049637.,0,0,0
WBGene00049638.,0,0,0
WBGene00049639.,0,0,0
WBGene00049640.,0,0,0
WBGene00049641.,0,0,0
WBGene00049642.,0,0,0
WBGene00049643.,0,0,0
WBGene00049644.,0,1,1
WBGene00049645.,0,0,0
WBGene00049646.,0,0,0
WBGene00049647.,0,0,0
WBGene00049648.,0,0,0
WBGene00049649.,0,0,0
WBGene00049650.,0,0,0
WBGene00049651.,0,0,0
WBGene00049652.,0,0,0
WBGene00049653.,0,1,1
WBGene00049654.,0,0,0
WBGene00049655.,0,1,1
WBGene00049656.,0,1,1
WBGene00049657.,0,0,0
WBGene00049658.,0,0,0
WBGene00049659.,0,0,0
WBGene00049660.,0,0,0
WBGene00049661.,0,0,0
WBGene00049662.,0,0,0
WBGene00049663.,0,0,0
WBGene00049664.,0,0,0
WBGene00049665.,0,0,0
WBGene00049666.,0,0,0
WBGene00049667.,0,11,11
WBGene00049668.,0,0,0
WBGene00049669.,0,0,0
WBGene00049670.,0,0,0
WBGene00049671.,0,0,0
WBGene00049672.,0,0,0
WBGene00049673.,0,0,0
WBGene00049674.,0,0,0
WBGene00049675.,0,0,0
WBGene00049676.,0,1,1
WBGene00049677.,0,0,0
WBGene00049678.,0,0,0
WBGene00049679.,0,1,1
WBGene00049680.,0,44,44
WBGene00049681.,0,0,0
WBGene00049682.,0,0,0
WBGene00049683.,0,0,0
WBGene00049684.,0,0,0
WBGene00049685.,0,0,0
WBGene00049686.,0,0,0
WBGene00049687.,0,0,0
WBGene00049688.,0,0,0
WBGene00049689.,0,0,0
WBGene00049690.,0,0,0
WBGene00049691.,0,0,0
WBGene00049692.,0,0,0
WBGene00049693.,0,0,0
WBGene00049694.,0,7,7
WBGene00049695.,0,0,0
WBGene00049696.,0,0,0
WBGene00049697.,0,0,0
WBGene00049698.,0,1,1
WBGene00049699.,0,1,1
WBGene00049700.,0,0,0
WBGene00049701.,0,0,0
WBGene00049702.,0,0,0
WBGene00049703.,0,1,1
WBGene00049704.,0,1,1
WBGene00049705.,0,0,0
WBGene00049706.,0,2,2
WBGene00049707.,0,0,0
WBGene00049708.,0,0,0
WBGene00049709.,0,0,0
WBGene00049710.,0,1,1
WBGene00049711.,0,0,0
WBGene00049712.,0,0,0
WBGene00049713.,0,0,0
WBGene00049714.,0,1,1
WBGene00049715.,0,0,0
WBGene00049716.,0,0,0
WBGene00049717.,0,0,0
WBGene00049718.,0,0,0
WBGene00049719.,0,0,0
WBGene00049720.,0,0,0
WBGene00049721.,0,0,0
WBGene00049722.,0,0,0
WBGene00049723.,0,0,0
WBGene00049724.,0,0,0
WBGene00049725.,0,1,1
WBGene00049726.,0,0,0
WBGene00049727.,0,2,2
WBGene00049728.,0,0,0
WBGene00049729.,0,2,2
WBGene00049730.,0,18,18
WBGene00049731.,0,0,0
WBGene00049732.,0,4,4
WBGene00049733.,0,0,0
WBGene00049734.,0,0,0
WBGene00049735.,0,0,0
WBGene00049736.,0,0,0
WBGene00049737.,0,11,11
WBGene00049738.,0,0,0
WBGene00049739.,0,0,0
WBGene00049740.,0,0,0
WBGene00049741.,0,0,0
WBGene00049742.,0,0,0
WBGene00049743.,0,0,0
WBGene00049744.,0,1,1
WBGene00049745.,0,0,0
WBGene00049746.,0,0,0
WBGene00049747.,0,0,0
WBGene00049748.,0,0,0
WBGene00049749.,0,0,0
WBGene00049750.,0,0,0
WBGene00049751.,0,0,0
WBGene00049752.,0,0,0
WBGene00049753.,0,0,0
WBGene00049754.,0,0,0
WBGene00049755.,0,0,0
WBGene00049756.,0,0,0
WBGene00049757.,0,0,0
WBGene00049758.,0,1,1
WBGene00049759.,0,0,0
WBGene00049760.,0,0,0
WBGene00049761.,0,0,0
WBGene00049762.,0,0,0
WBGene00049763.,0,0,0
WBGene00049764.,0,0,0
WBGene00049765.,0,0,0
WBGene00049766.,0,1,1
WBGene00049767.,0,0,0
WBGene00049768.,0,0,0
WBGene00049769.,0,0,0
WBGene00049770.,0,0,0
WBGene00049771.,0,0,0
WBGene00049772.,0,0,0
WBGene00049773.,0,1,1
WBGene00049774.,0,0,0
WBGene00049775.,0,0,0
WBGene00049776.,0,0,0
WBGene00049777.,0,0,0
WBGene00049778.,0,0,0
WBGene00049779.,0,0,0
WBGene00049780.,0,0,0
WBGene00049781.,0,0,0
WBGene00049782.,0,0,0
WBGene00049783.,0,6,6
WBGene00049784.,0,2,2
WBGene00049785.,0,0,0
WBGene00049786.,0,0,0
WBGene00049787.,0,0,0
WBGene00049788.,0,1,1
WBGene00049789.,0,0,0
WBGene00049790.,0,0,0
WBGene00049791.,0,0,0
WBGene00049792.,0,0,0
WBGene00049793.,0,6,6
WBGene00049794.,0,2,2
WBGene00049795.,0,0,0
WBGene00049796.,0,1,1
WBGene00049797.,0,2,2
WBGene00049798.,0,0,0
WBGene00049799.,0,0,0
WBGene00049800.,0,0,0
WBGene00049801.,0,0,0
WBGene00049802.,0,0,0
WBGene00049803.,0,0,0
WBGene00049804.,0,1,1
WBGene00049805.,0,0,0
WBGene00049806.,0,1,1
WBGene00049807.,0,2,2
WBGene00049808.,0,0,0
WBGene00049809.,0,0,0
WBGene00049810.,0,0,0
WBGene00049811.,0,0,0
WBGene00049812.,0,0,0
WBGene00049813.,0,0,0
WBGene00049814.,0,0,0
WBGene00049815.,0,0,0
WBGene00049816.,0,1,1
WBGene00049817.,0,0,0
WBGene00049818.,0,0,0
WBGene00049819.,0,0,0
WBGene00049820.,0,0,0
WBGene00049821.,0,0,0
WBGene00049822.,0,0,0
WBGene00049823.,0,1,1
WBGene00049824.,0,0,0
WBGene00049825.,0,0,0
WBGene00049826.,0,0,0
WBGene00049827.,0,0,0
WBGene00049828.,0,0,0
WBGene00049829.,0,3,3
WBGene00049830.,0,0,0
WBGene00049831.,0,0,0
WBGene00049832.,0,0,0
WBGene00049833.,0,1,1
WBGene00049834.,0,0,0
WBGene00049835.,0,0,0
WBGene00049836.,0,0,0
WBGene00049837.,0,0,0
WBGene00049838.,0,0,0
WBGene00049839.,0,5,5
WBGene00049840.,0,0,0
WBGene00049841.,0,0,0
WBGene00049842.,0,0,0
WBGene00049843.,0,0,0
WBGene00049844.,0,0,0
WBGene00049845.,0,0,0
WBGene00049846.,0,1,1
WBGene00049847.,0,0,0
WBGene00049848.,0,0,0
WBGene00049849.,0,3,3
WBGene00049850.,0,1,1
WBGene00049851.,0,1,1
WBGene00049852.,0,0,0
WBGene00049853.,0,2,2
WBGene00049854.,0,0,0
WBGene00049855.,0,0,0
WBGene00049856.,0,0,0
WBGene00049857.,0,0,0
WBGene00049858.,0,1,1
WBGene00049859.,0,0,0
WBGene00049860.,0,0,0
WBGene00049861.,0,0,0
WBGene00049862.,0,0,0
WBGene00049863.,0,0,0
WBGene00049864.,0,0,0
WBGene00049865.,0,0,0
WBGene00049866.,0,0,0
WBGene00049867.,0,1,1
WBGene00049868.,0,0,0
WBGene00049869.,0,0,0
WBGene00049870.,0,0,0
WBGene00049871.,0,0,0
WBGene00049872.,0,0,0
WBGene00049873.,0,0,0
WBGene00049874.,0,0,0
WBGene00049875.,0,4,4
WBGene00049876.,0,0,0
WBGene00049877.,0,0,0
WBGene00049878.,0,0,0
WBGene00049879.,0,0,0
WBGene00049880.,0,0,0
WBGene00049881.,0,0,0
WBGene00049882.,0,0,0
WBGene00049883.,0,0,0
WBGene00049884.,0,0,0
WBGene00049885.,0,0,0
WBGene00049886.,0,2,2
WBGene00049887.,0,0,0
WBGene00049888.,0,0,0
WBGene00049889.,0,0,0
WBGene00049890.,0,0,0
WBGene00049891.,0,2,2
WBGene00049892.,0,0,0
WBGene00049893.,0,0,0
WBGene00049894.,0,0,0
WBGene00049895.,0,1,1
WBGene00049896.,0,0,0
WBGene00049897.,0,1,1
WBGene00049898.,0,0,0
WBGene00049899.,0,0,0
WBGene00049900.,0,0,0
WBGene00049901.,0,0,0
WBGene00049902.,0,0,0
WBGene00049903.,0,0,0
WBGene00049904.,0,0,0
WBGene00049905.,0,0,0
WBGene00049906.,0,1,1
WBGene00049907.,0,0,0
WBGene00049908.,0,0,0
WBGene00049909.,0,0,0
WBGene00049910.,0,0,0
WBGene00049911.,0,0,0
WBGene00049912.,0,0,0
WBGene00049913.,0,0,0
WBGene00049914.,0,0,0
WBGene00049915.,0,0,0
WBGene00049916.,0,0,0
WBGene00049917.,0,1,1
WBGene00049918.,0,0,0
WBGene00049919.,0,0,0
WBGene00049920.,0,3,3
WBGene00049921.,0,0,0
WBGene00049922.,0,0,0
WBGene00049923.,0,0,0
WBGene00049924.,0,0,0
WBGene00049925.,0,0,0
WBGene00049926.,0,5,5
WBGene00049927.,0,0,0
WBGene00049928.,0,0,0
WBGene00049929.,0,1,1
WBGene00049930.,0,0,0
WBGene00049931.,0,0,0
WBGene00049932.,0,0,0
WBGene00049933.,0,25,25
WBGene00049934.,0,0,0
WBGene00049935.,0,0,0
WBGene00049936.,0,0,0
WBGene00049937.,0,0,0
WBGene00049938.,0,0,0
WBGene00049939.,0,0,0
WBGene00049940.,0,0,0
WBGene00049941.,0,1,1
WBGene00049942.,0,2,2
WBGene00049943.,0,0,0
WBGene00049944.,0,0,0
WBGene00049945.,0,0,0
WBGene00049946.,0,14,14
WBGene00049947.,0,3,3
WBGene00049948.,0,1,1
WBGene00049949.,0,0,0
WBGene00049950.,0,0,0
WBGene00049951.,0,0,0
WBGene00049952.,0,0,0
WBGene00049953.,0,0,0
WBGene00049954.,0,0,0
WBGene00049955.,0,0,0
WBGene00049956.,0,0,0
WBGene00049957.,0,0,0
WBGene00049958.,0,3,3
WBGene00049959.,0,0,0
WBGene00049960.,0,8,8
WBGene00049961.,0,0,0
WBGene00049962.,0,0,0
WBGene00049963.,0,0,0
WBGene00049964.,0,0,0
WBGene00049965.,0,0,0
WBGene00049966.,0,0,0
WBGene00049967.,0,0,0
WBGene00049968.,0,2,2
WBGene00049969.,0,0,0
WBGene00049970.,0,0,0
WBGene00049971.,0,1,1
WBGene00049972.,0,0,0
WBGene00049973.,0,2,2
WBGene00049974.,0,0,0
WBGene00049975.,0,0,0
WBGene00049976.,0,0,0
WBGene00049977.,0,3,3
WBGene00049978.,0,0,0
WBGene00049979.,0,0,0
WBGene00049980.,0,0,0
WBGene00049981.,0,0,0
WBGene00049982.,0,0,0
WBGene00049983.,0,0,0
WBGene00049984.,0,0,0
WBGene00049985.,0,9,9
WBGene00049986.,0,0,0
WBGene00049987.,0,0,0
WBGene00049988.,0,0,0
WBGene00049989.,0,0,0
WBGene00049990.,0,0,0
WBGene00049991.,0,0,0
WBGene00049992.,0,0,0
WBGene00049993.,0,11,11
WBGene00049994.,0,0,0
WBGene00049995.,0,0,0
WBGene00049996.,0,0,0
WBGene00049997.,0,0,0
WBGene00049998.,0,0,0
WBGene00049999.,0,0,0
WBGene00050000.,0,0,0
WBGene00050001.,0,1,1
WBGene00050002.,0,0,0
WBGene00050003.,0,0,0
WBGene00050004.,0,0,0
WBGene00050005.,0,1,1
WBGene00050006.,0,0,0
WBGene00050007.,0,0,0
WBGene00050008.,0,0,0
WBGene00050009.,0,5,5
WBGene00050010.,0,0,0
WBGene00050011.,0,0,0
WBGene00050012.,0,0,0
WBGene00050013.,0,0,0
WBGene00050014.,0,0,0
WBGene00050015.,0,5,5
WBGene00050016.,0,0,0
WBGene00050017.,0,0,0
WBGene00050018.,0,0,0
WBGene00050019.,0,0,0
WBGene00050020.,0,0,0
WBGene00050021.,0,0,0
WBGene00050022.,0,1,1
WBGene00050023.,0,2,2
WBGene00050024.,0,0,0
WBGene00050025.,0,0,0
WBGene00050026.,0,0,0
WBGene00050027.,0,0,0
WBGene00050028.,0,0,0
WBGene00050029.,0,0,0
WBGene00050030.,0,2,2
WBGene00050031.,0,0,0
WBGene00050032.,0,0,0
WBGene00050033.,0,0,0
WBGene00050034.,0,0,0
WBGene00050035.,0,0,0
WBGene00050036.,0,0,0
WBGene00050037.,0,0,0
WBGene00050038.,0,0,0
WBGene00050039.,0,0,0
WBGene00050040.,0,0,0
WBGene00050041.,0,0,0
WBGene00050042.,0,0,0
WBGene00050043.,0,0,0
WBGene00050044.,0,0,0
WBGene00050045.,0,0,0
WBGene00050046.,0,0,0
WBGene00050047.,0,1,1
WBGene00050048.,0,0,0
WBGene00050049.,0,0,0
WBGene00050050.,0,0,0
WBGene00050051.,0,0,0
WBGene00050052.,0,1,1
WBGene00050053.,0,0,0
WBGene00050054.,0,0,0
WBGene00050055.,0,0,0
WBGene00050056.,0,0,0
WBGene00050057.,0,0,0
WBGene00050058.,0,0,0
WBGene00050059.,0,0,0
WBGene00050060.,0,0,0
WBGene00050061.,0,0,0
WBGene00050062.,0,0,0
WBGene00050063.,0,0,0
WBGene00050064.,0,0,0
WBGene00050065.,0,0,0
WBGene00050066.,0,0,0
WBGene00050067.,0,0,0
WBGene00050068.,0,0,0
WBGene00050069.,0,0,0
WBGene00050070.,0,3,3
WBGene00050071.,0,0,0
WBGene00050072.,0,1,1
WBGene00050073.,0,0,0
WBGene00050074.,0,0,0
WBGene00050075.,0,0,0
WBGene00050076.,0,0,0
WBGene00050077.,0,2,2
WBGene00050078.,0,0,0
WBGene00050079.,0,0,0
WBGene00050080.,0,0,0
WBGene00050081.,0,0,0
WBGene00050082.,0,0,0
WBGene00050083.,0,1,1
WBGene00050084.,0,0,0
WBGene00050085.,0,0,0
WBGene00050086.,0,0,0
WBGene00050087.,0,0,0
WBGene00050088.,0,0,0
WBGene00050089.,0,0,0
WBGene00050090.,0,0,0
WBGene00050091.,0,1,1
WBGene00050092.,0,0,0
WBGene00050093.,0,0,0
WBGene00050094.,0,0,0
WBGene00050095.,0,0,0
WBGene00050096.,0,1,1
WBGene00050097.,0,11,11
WBGene00050098.,0,0,0
WBGene00050099.,0,2,2
WBGene00050100.,0,1,1
WBGene00050101.,0,0,0
WBGene00050102.,0,0,0
WBGene00050103.,0,2,2
WBGene00050104.,0,0,0
WBGene00050105.,0,0,0
WBGene00050106.,0,0,0
WBGene00050107.,0,0,0
WBGene00050108.,0,0,0
WBGene00050109.,0,0,0
WBGene00050110.,0,0,0
WBGene00050111.,0,0,0
WBGene00050112.,0,0,0
WBGene00050113.,0,4,4
WBGene00050114.,0,0,0
WBGene00050115.,0,0,0
WBGene00050116.,0,0,0
WBGene00050117.,0,0,0
WBGene00050118.,0,0,0
WBGene00050119.,0,0,0
WBGene00050120.,0,10,10
WBGene00050121.,0,0,0
WBGene00050122.,0,0,0
WBGene00050123.,0,0,0
WBGene00050124.,0,0,0
WBGene00050125.,0,0,0
WBGene00050126.,0,0,0
WBGene00050127.,0,0,0
WBGene00050128.,0,0,0
WBGene00050129.,0,0,0
WBGene00050130.,0,0,0
WBGene00050131.,0,0,0
WBGene00050132.,0,0,0
WBGene00050133.,0,0,0
WBGene00050134.,0,0,0
WBGene00050135.,0,0,0
WBGene00050136.,0,5,5
WBGene00050137.,0,0,0
WBGene00050138.,0,2,2
WBGene00050139.,0,0,0
WBGene00050140.,0,0,0
WBGene00050141.,0,0,0
WBGene00050142.,0,0,0
WBGene00050143.,0,0,0
WBGene00050144.,0,0,0
WBGene00050145.,0,0,0
WBGene00050146.,0,0,0
WBGene00050147.,0,0,0
WBGene00050148.,0,0,0
WBGene00050149.,0,0,0
WBGene00050150.,0,0,0
WBGene00050151.,0,0,0
WBGene00050152.,0,0,0
WBGene00050153.,0,0,0
WBGene00050154.,0,0,0
WBGene00050155.,0,0,0
WBGene00050156.,0,0,0
WBGene00050157.,0,0,0
WBGene00050158.,0,0,0
WBGene00050159.,0,0,0
WBGene00050160.,0,0,0
WBGene00050161.,0,0,0
WBGene00050162.,0,3,3
WBGene00050163.,0,0,0
WBGene00050164.,0,0,0
WBGene00050165.,0,0,0
WBGene00050166.,0,0,0
WBGene00050167.,0,0,0
WBGene00050168.,0,0,0
WBGene00050169.,0,0,0
WBGene00050170.,0,1,1
WBGene00050171.,0,0,0
WBGene00050172.,0,0,0
WBGene00050173.,0,0,0
WBGene00050174.,0,0,0
WBGene00050175.,0,0,0
WBGene00050176.,0,0,0
WBGene00050177.,0,5,5
WBGene00050178.,0,0,0
WBGene00050179.,0,2,2
WBGene00050180.,0,0,0
WBGene00050181.,0,2,2
WBGene00050182.,0,0,0
WBGene00050183.,0,0,0
WBGene00050184.,0,0,0
WBGene00050185.,0,0,0
WBGene00050186.,0,0,0
WBGene00050187.,0,0,0
WBGene00050188.,0,0,0
WBGene00050189.,0,0,0
WBGene00050190.,0,5,5
WBGene00050191.,0,6,6
WBGene00050192.,0,0,0
WBGene00050193.,0,0,0
WBGene00050194.,0,4,4
WBGene00050195.,0,0,0
WBGene00050196.,0,0,0
WBGene00050197.,0,0,0
WBGene00050198.,0,2,2
WBGene00050199.,0,0,0
WBGene00050200.,0,0,0
WBGene00050201.,0,0,0
WBGene00050202.,0,0,0
WBGene00050203.,0,0,0
WBGene00050204.,0,0,0
WBGene00050205.,0,0,0
WBGene00050206.,0,0,0
WBGene00050207.,0,0,0
WBGene00050208.,0,0,0
WBGene00050209.,0,0,0
WBGene00050210.,0,1,1
WBGene00050211.,0,0,0
WBGene00050212.,0,0,0
WBGene00050213.,0,0,0
WBGene00050214.,0,0,0
WBGene00050215.,0,0,0
WBGene00050216.,0,0,0
WBGene00050217.,0,2,2
WBGene00050218.,0,0,0
WBGene00050219.,0,0,0
WBGene00050220.,0,1,1
WBGene00050221.,0,0,0
WBGene00050222.,0,0,0
WBGene00050223.,0,0,0
WBGene00050224.,0,0,0
WBGene00050225.,0,0,0
WBGene00050226.,0,0,0
WBGene00050227.,0,0,0
WBGene00050228.,0,0,0
WBGene00050229.,0,0,0
WBGene00050230.,0,7,7
WBGene00050231.,0,0,0
WBGene00050232.,0,0,0
WBGene00050233.,0,0,0
WBGene00050234.,0,4,4
WBGene00050235.,0,0,0
WBGene00050236.,0,0,0
WBGene00050237.,0,0,0
WBGene00050238.,0,0,0
WBGene00050239.,0,0,0
WBGene00050240.,0,0,0
WBGene00050241.,0,0,0
WBGene00050242.,0,0,0
WBGene00050243.,0,6,6
WBGene00050244.,0,2,2
WBGene00050245.,0,0,0
WBGene00050246.,0,7,7
WBGene00050247.,0,0,0
WBGene00050248.,0,2,2
WBGene00050249.,0,1,1
WBGene00050250.,0,0,0
WBGene00050251.,0,1,1
WBGene00050252.,0,6,6
WBGene00050253.,0,0,0
WBGene00050254.,0,0,0
WBGene00050255.,0,0,0
WBGene00050256.,0,0,0
WBGene00050257.,0,0,0
WBGene00050258.,0,0,0
WBGene00050259.,0,0,0
WBGene00050260.,0,8,8
WBGene00050261.,0,0,0
WBGene00050262.,0,0,0
WBGene00050263.,0,0,0
WBGene00050264.,0,0,0
WBGene00050265.,0,0,0
WBGene00050266.,0,0,0
WBGene00050267.,0,0,0
WBGene00050268.,0,0,0
WBGene00050269.,0,0,0
WBGene00050270.,0,1,1
WBGene00050271.,0,0,0
WBGene00050272.,0,0,0
WBGene00050273.,0,2,2
WBGene00050274.,0,0,0
WBGene00050275.,0,4,4
WBGene00050276.,0,0,0
WBGene00050277.,0,3,3
WBGene00050278.,0,10,10
WBGene00050279.,0,0,0
WBGene00050280.,0,0,0
WBGene00050281.,0,3,3
WBGene00050282.,0,0,0
WBGene00050283.,0,0,0
WBGene00050284.,0,0,0
WBGene00050285.,0,0,0
WBGene00050286.,0,0,0
WBGene00050287.,0,16,16
WBGene00050288.,0,21,21
WBGene00050289.,0,0,0
WBGene00050290.,0,0,0
WBGene00050291.,0,0,0
WBGene00050292.,0,1,1
WBGene00050293.,0,0,0
WBGene00050294.,0,0,0
WBGene00050295.,0,0,0
WBGene00050296.,0,0,0
WBGene00050297.,0,0,0
WBGene00050298.,0,0,0
WBGene00050299.,0,0,0
WBGene00050300.,0,0,0
WBGene00050301.,0,0,0
WBGene00050302.,0,20,20
WBGene00050303.,0,4,4
WBGene00050304.,0,0,0
WBGene00050305.,0,0,0
WBGene00050306.,0,0,0
WBGene00050307.,0,0,0
WBGene00050308.,0,0,0
WBGene00050309.,0,2,2
WBGene00050310.,0,0,0
WBGene00050311.,0,0,0
WBGene00050312.,0,0,0
WBGene00050313.,0,1,1
WBGene00050314.,0,0,0
WBGene00050315.,0,0,0
WBGene00050316.,0,0,0
WBGene00050317.,0,0,0
WBGene00050318.,0,0,0
WBGene00050319.,0,0,0
WBGene00050320.,0,0,0
WBGene00050321.,0,0,0
WBGene00050322.,0,0,0
WBGene00050323.,0,0,0
WBGene00050324.,0,0,0
WBGene00050325.,0,0,0
WBGene00050326.,0,0,0
WBGene00050327.,0,0,0
WBGene00050328.,0,0,0
WBGene00050329.,0,3,3
WBGene00050330.,0,0,0
WBGene00050331.,0,0,0
WBGene00050332.,0,0,0
WBGene00050333.,0,0,0
WBGene00050334.,0,0,0
WBGene00050335.,0,0,0
WBGene00050336.,0,0,0
WBGene00050337.,0,0,0
WBGene00050338.,0,0,0
WBGene00050339.,0,0,0
WBGene00050340.,0,0,0
WBGene00050341.,0,0,0
WBGene00050342.,0,0,0
WBGene00050343.,0,0,0
WBGene00050344.,0,0,0
WBGene00050345.,0,0,0
WBGene00050346.,0,0,0
WBGene00050347.,0,0,0
WBGene00050348.,0,0,0
WBGene00050349.,0,0,0
WBGene00050350.,0,1,1
WBGene00050351.,0,0,0
WBGene00050352.,0,0,0
WBGene00050353.,0,0,0
WBGene00050354.,0,1,1
WBGene00050355.,0,0,0
WBGene00050356.,0,3,3
WBGene00050357.,0,0,0
WBGene00050358.,0,1,1
WBGene00050359.,0,0,0
WBGene00050360.,0,0,0
WBGene00050361.,0,0,0
WBGene00050362.,0,0,0
WBGene00050363.,0,0,0
WBGene00050364.,0,0,0
WBGene00050365.,0,0,0
WBGene00050366.,0,0,0
WBGene00050367.,0,0,0
WBGene00050368.,0,1,1
WBGene00050369.,0,0,0
WBGene00050370.,0,0,0
WBGene00050371.,0,6,6
WBGene00050372.,0,0,0
WBGene00050373.,0,2,2
WBGene00050374.,0,0,0
WBGene00050375.,0,0,0
WBGene00050376.,0,0,0
WBGene00050377.,0,0,0
WBGene00050378.,0,0,0
WBGene00050379.,0,0,0
WBGene00050380.,0,0,0
WBGene00050381.,0,0,0
WBGene00050382.,0,0,0
WBGene00050383.,0,0,0
WBGene00050384.,0,0,0
WBGene00050385.,0,0,0
WBGene00050386.,0,0,0
WBGene00050387.,0,5,5
WBGene00050388.,0,0,0
WBGene00050389.,0,0,0
WBGene00050390.,0,0,0
WBGene00050391.,0,0,0
WBGene00050392.,0,0,0
WBGene00050393.,0,0,0
WBGene00050394.,0,3,3
WBGene00050395.,0,0,0
WBGene00050396.,0,0,0
WBGene00050397.,0,0,0
WBGene00050398.,0,2,2
WBGene00050399.,0,0,0
WBGene00050400.,0,0,0
WBGene00050401.,0,0,0
WBGene00050402.,0,0,0
WBGene00050403.,0,0,0
WBGene00050404.,0,0,0
WBGene00050405.,0,0,0
WBGene00050406.,0,0,0
WBGene00050407.,0,0,0
WBGene00050408.,0,0,0
WBGene00050409.,0,0,0
WBGene00050410.,0,0,0
WBGene00050411.,0,0,0
WBGene00050412.,0,0,0
WBGene00050413.,0,2,2
WBGene00050414.,0,1,1
WBGene00050415.,0,0,0
WBGene00050416.,0,1,1
WBGene00050417.,0,0,0
WBGene00050418.,0,0,0
WBGene00050419.,0,0,0
WBGene00050420.,0,0,0
WBGene00050421.,0,0,0
WBGene00050422.,0,0,0
WBGene00050423.,0,4,4
WBGene00050424.,0,0,0
WBGene00050425.,0,0,0
WBGene00050426.,0,1,1
WBGene00050427.,0,0,0
WBGene00050428.,0,0,0
WBGene00050429.,0,0,0
WBGene00050430.,0,0,0
WBGene00050431.,0,1,1
WBGene00050432.,0,0,0
WBGene00050433.,0,0,0
WBGene00050434.,0,1,1
WBGene00050435.,0,0,0
WBGene00050436.,0,0,0
WBGene00050437.,0,0,0
WBGene00050438.,0,0,0
WBGene00050439.,0,0,0
WBGene00050440.,0,1,1
WBGene00050441.,0,0,0
WBGene00050442.,0,0,0
WBGene00050443.,0,1,1
WBGene00050444.,0,0,0
WBGene00050445.,0,0,0
WBGene00050446.,0,0,0
WBGene00050447.,0,0,0
WBGene00050448.,0,0,0
WBGene00050449.,0,0,0
WBGene00050450.,0,0,0
WBGene00050451.,0,35,35
WBGene00050452.,0,0,0
WBGene00050453.,0,0,0
WBGene00050454.,0,0,0
WBGene00050455.,0,0,0
WBGene00050456.,0,2,2
WBGene00050457.,0,0,0
WBGene00050458.,0,0,0
WBGene00050459.,0,0,0
WBGene00050460.,0,0,0
WBGene00050461.,0,15,15
WBGene00050462.,0,3,3
WBGene00050463.,0,0,0
WBGene00050464.,0,0,0
WBGene00050465.,0,0,0
WBGene00050466.,0,0,0
WBGene00050467.,0,11,11
WBGene00050468.,0,2,2
WBGene00050469.,0,0,0
WBGene00050470.,0,1,1
WBGene00050471.,0,0,0
WBGene00050472.,0,14,14
WBGene00050473.,0,0,0
WBGene00050474.,0,0,0
WBGene00050475.,0,0,0
WBGene00050476.,0,0,0
WBGene00050477.,0,0,0
WBGene00050478.,0,0,0
WBGene00050479.,0,0,0
WBGene00050480.,0,1,1
WBGene00050481.,0,0,0
WBGene00050482.,0,0,0
WBGene00050483.,0,0,0
WBGene00050484.,0,0,0
WBGene00050485.,0,0,0
WBGene00050486.,0,0,0
WBGene00050487.,0,0,0
WBGene00050488.,0,0,0
WBGene00050489.,0,0,0
WBGene00050490.,0,0,0
WBGene00050491.,0,0,0
WBGene00050492.,0,0,0
WBGene00050493.,0,0,0
WBGene00050494.,0,0,0
WBGene00050495.,0,0,0
WBGene00050496.,0,2,2
WBGene00050497.,0,2,2
WBGene00050498.,0,2,2
WBGene00050499.,0,0,0
WBGene00050500.,0,0,0
WBGene00050501.,0,1,1
WBGene00050502.,0,0,0
WBGene00050503.,0,0,0
WBGene00050504.,0,0,0
WBGene00050505.,0,0,0
WBGene00050506.,0,0,0
WBGene00050507.,0,0,0
WBGene00050508.,0,0,0
WBGene00050509.,0,0,0
WBGene00050510.,0,0,0
WBGene00050511.,0,5,5
WBGene00050512.,0,1,1
WBGene00050513.,0,0,0
WBGene00050514.,0,1,1
WBGene00050515.,0,0,0
WBGene00050516.,0,10,10
WBGene00050517.,0,0,0
WBGene00050518.,0,0,0
WBGene00050519.,0,0,0
WBGene00050520.,0,0,0
WBGene00050521.,0,6,6
WBGene00050522.,0,0,0
WBGene00050523.,0,0,0
WBGene00050524.,0,0,0
WBGene00050525.,0,0,0
WBGene00050526.,0,0,0
WBGene00050527.,0,13,13
WBGene00050528.,0,0,0
WBGene00050529.,0,0,0
WBGene00050530.,0,0,0
WBGene00050531.,0,0,0
WBGene00050532.,0,0,0
WBGene00050533.,0,0,0
WBGene00050534.,0,0,0
WBGene00050535.,0,0,0
WBGene00050536.,0,0,0
WBGene00050537.,0,0,0
WBGene00050538.,0,0,0
WBGene00050539.,0,0,0
WBGene00050540.,0,0,0
WBGene00050541.,0,0,0
WBGene00050542.,0,8,8
WBGene00050543.,0,0,0
WBGene00050544.,0,0,0
WBGene00050545.,0,0,0
WBGene00050546.,0,0,0
WBGene00050547.,0,0,0
WBGene00050548.,0,0,0
WBGene00050549.,0,0,0
WBGene00050550.,0,0,0
WBGene00050551.,0,0,0
WBGene00050552.,0,0,0
WBGene00050553.,0,0,0
WBGene00050554.,0,0,0
WBGene00050555.,0,0,0
WBGene00050556.,0,0,0
WBGene00050557.,0,2,2
WBGene00050558.,0,0,0
WBGene00050559.,0,0,0
WBGene00050560.,0,0,0
WBGene00050561.,0,0,0
WBGene00050562.,0,1,1
WBGene00050563.,0,0,0
WBGene00050564.,0,0,0
WBGene00050565.,0,0,0
WBGene00050566.,0,0,0
WBGene00050567.,0,0,0
WBGene00050568.,0,0,0
WBGene00050569.,0,0,0
WBGene00050570.,0,0,0
WBGene00050571.,0,3,3
WBGene00050572.,0,2,2
WBGene00050573.,0,2,2
WBGene00050574.,0,0,0
WBGene00050575.,0,0,0
WBGene00050576.,0,0,0
WBGene00050577.,0,0,0
WBGene00050578.,0,1,1
WBGene00050579.,0,0,0
WBGene00050580.,0,3,3
WBGene00050581.,0,1,1
WBGene00050582.,0,0,0
WBGene00050583.,0,0,0
WBGene00050584.,0,0,0
WBGene00050585.,0,0,0
WBGene00050586.,0,0,0
WBGene00050587.,0,0,0
WBGene00050588.,0,0,0
WBGene00050589.,0,1,1
WBGene00050590.,0,1,1
WBGene00050591.,0,0,0
WBGene00050592.,0,0,0
WBGene00050593.,0,1,1
WBGene00050594.,0,0,0
WBGene00050595.,0,0,0
WBGene00050596.,0,0,0
WBGene00050597.,0,0,0
WBGene00050598.,0,1,1
WBGene00050599.,0,0,0
WBGene00050600.,0,0,0
WBGene00050601.,0,0,0
WBGene00050602.,0,0,0
WBGene00050603.,0,0,0
WBGene00050604.,0,1,1
WBGene00050605.,0,0,0
WBGene00050606.,0,1,1
WBGene00050607.,0,0,0
WBGene00050608.,0,0,0
WBGene00050609.,0,0,0
WBGene00050610.,0,0,0
WBGene00050611.,0,0,0
WBGene00050612.,0,0,0
WBGene00050613.,0,0,0
WBGene00050614.,0,0,0
WBGene00050615.,0,0,0
WBGene00050616.,0,0,0
WBGene00050617.,0,1,1
WBGene00050618.,0,0,0
WBGene00050619.,0,0,0
WBGene00050620.,0,0,0
WBGene00050621.,0,0,0
WBGene00050622.,0,0,0
WBGene00050623.,0,0,0
WBGene00050624.,0,0,0
WBGene00050625.,0,0,0
WBGene00050626.,0,0,0
WBGene00050627.,0,0,0
WBGene00050628.,0,0,0
WBGene00050629.,0,0,0
WBGene00050630.,0,0,0
WBGene00050631.,0,0,0
WBGene00050632.,0,2,2
WBGene00050633.,0,0,0
WBGene00050634.,0,0,0
WBGene00050635.,0,0,0
WBGene00050636.,0,1,1
WBGene00050637.,0,0,0
WBGene00050638.,0,0,0
WBGene00050639.,0,0,0
WBGene00050640.,0,0,0
WBGene00050641.,0,0,0
WBGene00050642.,0,0,0
WBGene00050643.,0,0,0
WBGene00050644.,0,0,0
WBGene00050645.,0,0,0
WBGene00050646.,0,12,12
WBGene00050647.,0,7,7
WBGene00050648.,0,1,1
WBGene00050649.,0,0,0
WBGene00050650.,0,1,1
WBGene00050651.,0,0,0
WBGene00050652.,0,0,0
WBGene00050653.,0,13,13
WBGene00050654.,0,0,0
WBGene00050655.,0,0,0
WBGene00050656.,0,0,0
WBGene00050657.,0,0,0
WBGene00050658.,0,1,1
WBGene00050659.,0,0,0
WBGene00050660.,0,0,0
WBGene00050661.,0,0,0
WBGene00050662.,0,0,0
WBGene00050663.,0,3,3
WBGene00050664.,0,9,9
WBGene00050665.,0,0,0
WBGene00050666.,0,0,0
WBGene00050667.,0,0,0
WBGene00050668.,0,0,0
WBGene00050669.,0,0,0
WBGene00050670.,0,0,0
WBGene00050671.,0,0,0
WBGene00050672.,0,0,0
WBGene00050673.,0,0,0
WBGene00050674.,0,0,0
WBGene00050675.,0,2,2
WBGene00050676.,0,0,0
WBGene00050677.,0,0,0
WBGene00050678.,0,0,0
WBGene00050679.,0,0,0
WBGene00050680.,0,0,0
WBGene00050681.,0,0,0
WBGene00050682.,0,0,0
WBGene00050683.,0,2,2
WBGene00050684.,0,0,0
WBGene00050685.,0,7,7
WBGene00050686.,0,2,2
WBGene00050687.,0,2,2
WBGene00050688.,0,1,1
WBGene00050689.,0,2,2
WBGene00050690.,0,0,0
WBGene00050691.,0,0,0
WBGene00050692.,0,2,2
WBGene00050693.,0,0,0
WBGene00050694.,0,0,0
WBGene00050695.,0,0,0
WBGene00050696.,0,0,0
WBGene00050697.,0,7,7
WBGene00050698.,0,0,0
WBGene00050699.,0,0,0
WBGene00050700.,0,1,1
WBGene00050701.,0,0,0
WBGene00050702.,0,0,0
WBGene00050703.,0,0,0
WBGene00050704.,0,0,0
WBGene00050705.,0,1,1
WBGene00050706.,0,0,0
WBGene00050707.,0,0,0
WBGene00050708.,0,0,0
WBGene00050709.,0,0,0
WBGene00050710.,0,0,0
WBGene00050711.,0,0,0
WBGene00050712.,0,1,1
WBGene00050713.,0,0,0
WBGene00050714.,0,0,0
WBGene00050715.,0,0,0
WBGene00050716.,0,0,0
WBGene00050717.,0,0,0
WBGene00050718.,0,0,0
WBGene00050719.,0,1,1
WBGene00050720.,0,0,0
WBGene00050721.,0,0,0
WBGene00050722.,0,0,0
WBGene00050723.,0,1,1
WBGene00050724.,0,0,0
WBGene00050725.,0,0,0
WBGene00050726.,0,0,0
WBGene00050727.,0,0,0
WBGene00050728.,0,0,0
WBGene00050729.,0,4,4
WBGene00050730.,0,0,0
WBGene00050731.,0,0,0
WBGene00050732.,0,0,0
WBGene00050733.,0,0,0
WBGene00050734.,0,0,0
WBGene00050735.,0,1,1
WBGene00050736.,0,0,0
WBGene00050737.,0,0,0
WBGene00050738.,0,0,0
WBGene00050739.,0,0,0
WBGene00050740.,0,0,0
WBGene00050741.,0,0,0
WBGene00050742.,0,0,0
WBGene00050743.,0,0,0
WBGene00050744.,0,0,0
WBGene00050745.,0,0,0
WBGene00050746.,0,0,0
WBGene00050747.,0,0,0
WBGene00050748.,0,0,0
WBGene00050749.,0,0,0
WBGene00050750.,0,0,0
WBGene00050751.,0,0,0
WBGene00050752.,0,0,0
WBGene00050753.,0,0,0
WBGene00050754.,0,0,0
WBGene00050755.,0,0,0
WBGene00050756.,0,0,0
WBGene00050757.,0,0,0
WBGene00050758.,0,0,0
WBGene00050759.,0,0,0
WBGene00050760.,0,0,0
WBGene00050761.,0,0,0
WBGene00050762.,0,0,0
WBGene00050763.,0,0,0
WBGene00050764.,0,1,1
WBGene00050765.,0,0,0
WBGene00050766.,0,0,0
WBGene00050767.,0,1,1
WBGene00050768.,0,0,0
WBGene00050769.,0,0,0
WBGene00050770.,0,0,0
WBGene00050771.,0,0,0
WBGene00050772.,0,0,0
WBGene00050773.,0,0,0
WBGene00050774.,0,0,0
WBGene00050775.,0,0,0
WBGene00050776.,0,0,0
WBGene00050777.,0,0,0
WBGene00050778.,0,16,16
WBGene00050779.,0,0,0
WBGene00050780.,0,0,0
WBGene00050781.,0,0,0
WBGene00050782.,0,0,0
WBGene00050783.,0,0,0
WBGene00050784.,0,0,0
WBGene00050785.,0,0,0
WBGene00050786.,0,0,0
WBGene00050787.,0,0,0
WBGene00050788.,0,0,0
WBGene00050789.,0,1,1
WBGene00050790.,0,0,0
WBGene00050791.,0,0,0
WBGene00050792.,0,0,0
WBGene00050793.,0,0,0
WBGene00050794.,0,1,1
WBGene00050795.,0,0,0
WBGene00050796.,0,0,0
WBGene00050797.,0,0,0
WBGene00050798.,0,0,0
WBGene00050799.,0,3,3
WBGene00050800.,0,0,0
WBGene00050801.,0,0,0
WBGene00050802.,0,0,0
WBGene00050803.,0,0,0
WBGene00050804.,0,0,0
WBGene00050805.,0,0,0
WBGene00050806.,0,0,0
WBGene00050807.,0,0,0
WBGene00050808.,0,0,0
WBGene00050809.,0,0,0
WBGene00050810.,0,0,0
WBGene00050811.,0,0,0
WBGene00050812.,0,0,0
WBGene00050813.,0,0,0
WBGene00050814.,0,4,4
WBGene00050815.,0,0,0
WBGene00050816.,0,3,3
WBGene00050817.,0,0,0
WBGene00050818.,0,0,0
WBGene00050819.,0,0,0
WBGene00050820.,0,0,0
WBGene00050821.,0,0,0
WBGene00050822.,0,0,0
WBGene00050823.,0,0,0
WBGene00050824.,0,2,2
WBGene00050825.,0,83,83
WBGene00050826.,0,0,0
WBGene00050827.,0,0,0
WBGene00050828.,0,0,0
WBGene00050829.,0,0,0
WBGene00050830.,0,0,0
WBGene00050831.,0,0,0
WBGene00050832.,0,0,0
WBGene00050833.,0,0,0
WBGene00050834.,0,0,0
WBGene00050835.,0,0,0
WBGene00050836.,0,0,0
WBGene00050837.,0,1,1
WBGene00050838.,0,1,1
WBGene00050839.,0,0,0
WBGene00050840.,0,0,0
WBGene00050841.,0,0,0
WBGene00050842.,0,0,0
WBGene00050843.,0,0,0
WBGene00050844.,0,0,0
WBGene00050845.,0,0,0
WBGene00050846.,0,0,0
WBGene00050847.,0,0,0
WBGene00050848.,0,0,0
WBGene00050849.,0,0,0
WBGene00050850.,0,0,0
WBGene00050851.,0,0,0
WBGene00050852.,0,0,0
WBGene00050853.,0,0,0
WBGene00050854.,0,1,1
WBGene00050855.,0,0,0
WBGene00050856.,0,2,2
WBGene00050857.,0,0,0
WBGene00050858.,0,0,0
WBGene00050859.,0,0,0
WBGene00050860.,0,6,6
WBGene00050861.,0,0,0
WBGene00050862.,0,0,0
WBGene00050863.,0,0,0
WBGene00050864.,0,0,0
WBGene00050865.,0,0,0
WBGene00050866.,0,0,0
WBGene00050867.,0,0,0
WBGene00050868.,0,1,1
WBGene00050869.,0,0,0
WBGene00050870.,0,0,0
WBGene00050871.,0,0,0
WBGene00050873.,0,105,105
WBGene00050874.,0,6,6
WBGene00050875.,10,317,327
WBGene00050878.,4,2,6
WBGene00050879.,0,4,4
WBGene00050880.,14,1,15
WBGene00050881.,0,2,2
WBGene00050883.,0,2,2
WBGene00050884.,180,1414,1594
WBGene00050885.,122,1139,1261
WBGene00050889.,114,858,972
WBGene00050890.,0,53,53
WBGene00050891.,0,64,64
WBGene00050892.,0,1,1
WBGene00050893.,0,1,1
WBGene00050894.,0,0,0
WBGene00050896.,1,0,1
WBGene00050897.,0,0,0
WBGene00050898.,0,0,0
WBGene00050899.,4,72,76
WBGene00050900.,1,1,2
WBGene00050902.,0,0,0
WBGene00050903.,282,2897,3179
WBGene00050904.,3,18,21
WBGene00050906.,1,3,4
WBGene00050907.,0,1,1
WBGene00050910.,5,3,8
WBGene00050911.,0,5,5
WBGene00050912.,0,0,0
WBGene00050913.,0,2,2
WBGene00050914.,0,0,0
WBGene00050915.,3,19,22
WBGene00050916.,3,39,42
WBGene00050917.,15,98,113
WBGene00050919.,4,7,11
WBGene00050920.,31,333,364
WBGene00050921.,0,0,0
WBGene00050922.,0,0,0
WBGene00050923.,0,1,1
WBGene00050924.,0,0,0
WBGene00050926.,1,4,5
WBGene00050927.,144,207,351
WBGene00050928.,0,0,0
WBGene00050929.,0,0,0
WBGene00050930.,0,22,22
WBGene00050931.,3,7,10
WBGene00050932.,0,0,0
WBGene00050933.,0,0,0
WBGene00050934.,19,85,104
WBGene00050935.,454,15,469
WBGene00050936.,0,831,831
WBGene00050937.,40,958,998
WBGene00050938.,0,0,0
WBGene00050939.,0,0,0
WBGene00050940.,0,5,5
WBGene00050941.,9,1346,1355
WBGene00050943.,66,633,699
WBGene00050944.,102,2309,2411
WBGene00050945.,7,109,116
WBGene00050946.,12,48,60
WBGene00050947.,8,706,714
WBGene00050948.,17,50,67
WBGene00050949.,0,0,0
WBGene00050950.,0,0,0
WBGene00050951.,0,0,0
WBGene00050954.,0,1,1
WBGene00050955.,0,1,1
WBGene00050956.,0,0,0
WBGene00050957.,2,3,5
WBGene00050958.,0,2,2
WBGene00050959.,0,0,0
WBGene00050960.,0,0,0
WBGene00050961.,0,0,0
WBGene00050962.,0,0,0
WBGene00050963.,0,0,0
WBGene00050964.,0,28,28
WBGene00050965.,0,0,0
WBGene00050967.,0,10,10
WBGene00050968.,0,0,0
WBGene00050970.,0,18,18
WBGene00050971.,0,2,2
WBGene00050972.,0,0,0
WBGene00050973.,0,0,0
WBGene00050974.,0,3,3
WBGene00050976.,0,0,0
WBGene00050977.,0,19,19
WBGene00077434.,95,2,97
WBGene00077436.,3,4,7
WBGene00077437.,940,6834,7774
WBGene00077438.,5,2,7
WBGene00077439.,0,70,70
WBGene00077440.,0,2,2
WBGene00077441.,0,0,0
WBGene00077442.,4,0,4
WBGene00077443.,1,31,32
WBGene00077444.,0,2,2
WBGene00077445.,0,0,0
WBGene00077446.,0,0,0
WBGene00077447.,0,1,1
WBGene00077448.,2,0,2
WBGene00077449.,0,20,20
WBGene00077450.,6,5,11
WBGene00077451.,0,0,0
WBGene00077452.,0,0,0
WBGene00077453.,19,989,1008
WBGene00077454.,0,2,2
WBGene00077455.,8,21,29
WBGene00077456.,0,0,0
WBGene00077457.,3,102,105
WBGene00077459.,1,0,1
WBGene00077460.,0,0,0
WBGene00077461.,0,11,11
WBGene00077462.,0,0,0
WBGene00077463.,0,0,0
WBGene00077464.,0,1,1
WBGene00077465.,0,5,5
WBGene00077466.,0,60,60
WBGene00077467.,0,0,0
WBGene00077468.,0,0,0
WBGene00077469.,0,6,6
WBGene00077470.,0,2,2
WBGene00077471.,0,0,0
WBGene00077472.,0,0,0
WBGene00077473.,0,0,0
WBGene00077474.,0,0,0
WBGene00077475.,0,0,0
WBGene00077476.,0,0,0
WBGene00077477.,0,0,0
WBGene00077478.,0,0,0
WBGene00077479.,0,0,0
WBGene00077480.,0,56,56
WBGene00077481.,0,0,0
WBGene00077482.,0,2,2
WBGene00077483.,0,0,0
WBGene00077484.,0,0,0
WBGene00077485.,0,0,0
WBGene00077486.,0,18,18
WBGene00077487.,0,0,0
WBGene00077488.,0,244,244
WBGene00077489.,3,45,48
WBGene00077490.,29,431,460
WBGene00077491.,3,61,64
WBGene00077492.,0,2,2
WBGene00077493.,2,3,5
WBGene00077494.,0,0,0
WBGene00077495.,0,0,0
WBGene00077496.,0,5,5
WBGene00077497.,495,588,1083
WBGene00077498.,0,0,0
WBGene00077499.,0,1,1
WBGene00077500.,26,300,326
WBGene00077501.,0,7,7
WBGene00077502.,0,0,0
WBGene00077503.,0,2,2
WBGene00077504.,0,1,1
WBGene00077506.,0,0,0
WBGene00077508.,28,11,39
WBGene00077510.,0,0,0
WBGene00077514.,0,6,6
WBGene00077515.,0,0,0
WBGene00077516.,0,0,0
WBGene00077517.,0,0,0
WBGene00077519.,0,4,4
WBGene00077520.,144,946,1090
WBGene00077521.,0,286,286
WBGene00077522.,4,41,45
WBGene00077523.,0,8,8
WBGene00077524.,0,2,2
WBGene00077525.,2,28,30
WBGene00077526.,2254,31291,33545
WBGene00077527.,0,3,3
WBGene00077531.,0,30,30
WBGene00077534.,0,0,0
WBGene00077535.,4,7,11
WBGene00077536.,7,81,88
WBGene00077537.,4,68,72
WBGene00077538.,22,74,96
WBGene00077539.,225,97,322
WBGene00077543.,5,38,43
WBGene00077546.,4,10,14
WBGene00077548.,1,3,4
WBGene00077549.,0,3,3
WBGene00077551.,0,17,17
WBGene00077552.,186,18,204
WBGene00077553.,64,74,138
WBGene00077555.,0,1,1
WBGene00077556.,4,118,122
WBGene00077557.,27,68,95
WBGene00077558.,21,56,77
WBGene00077559.,8,58,66
WBGene00077561.,0,1,1
WBGene00077562.,3,1,4
WBGene00077563.,1,28,29
WBGene00077564.,1,1,2
WBGene00077565.,1,12,13
WBGene00077566.,0,1,1
WBGene00077567.,0,0,0
WBGene00077568.,0,61,61
WBGene00077569.,7,14,21
WBGene00077570.,19,131,150
WBGene00077571.,0,0,0
WBGene00077572.,226,615,841
WBGene00077573.,25,533,558
WBGene00077574.,8,112,120
WBGene00077575.,0,0,0
WBGene00077576.,0,0,0
WBGene00077577.,5,7,12
WBGene00077579.,3,2,5
WBGene00077580.,0,0,0
WBGene00077581.,0,0,0
WBGene00077582.,3,22,25
WBGene00077583.,2,1,3
WBGene00077584.,0,0,0
WBGene00077585.,14,69,83
WBGene00077586.,1,0,1
WBGene00077588.,0,14,14
WBGene00077589.,0,1,1
WBGene00077590.,0,3,3
WBGene00077592.,6,10,16
WBGene00077593.,4,32,36
WBGene00077594.,203,280,483
WBGene00077595.,0,1,1
WBGene00077596.,4,0,4
WBGene00077597.,0,1,1
WBGene00077598.,0,0,0
WBGene00077599.,38,338,376
WBGene00077600.,0,0,0
WBGene00077601.,0,1,1
WBGene00077602.,0,0,0
WBGene00077603.,0,0,0
WBGene00077604.,0,1,1
WBGene00077605.,0,3,3
WBGene00077606.,0,1,1
WBGene00077607.,0,0,0
WBGene00077608.,0,0,0
WBGene00077609.,0,2,2
WBGene00077610.,0,0,0
WBGene00077611.,0,7,7
WBGene00077612.,0,0,0
WBGene00077613.,0,1,1
WBGene00077614.,0,0,0
WBGene00077615.,4,8,12
WBGene00077616.,2,28,30
WBGene00077617.,0,1,1
WBGene00077618.,0,0,0
WBGene00077619.,0,0,0
WBGene00077620.,0,0,0
WBGene00077621.,1,0,1
WBGene00077622.,0,3,3
WBGene00077624.,1,0,1
WBGene00077625.,1,0,1
WBGene00077626.,0,0,0
WBGene00077627.,0,0,0
WBGene00077629.,0,1,1
WBGene00077630.,0,0,0
WBGene00077631.,0,0,0
WBGene00077632.,0,0,0
WBGene00077633.,0,1,1
WBGene00077634.,0,2,2
WBGene00077635.,0,5,5
WBGene00077636.,45,130,175
WBGene00077637.,0,7,7
WBGene00077638.,0,0,0
WBGene00077640.,0,1,1
WBGene00077641.,0,0,0
WBGene00077642.,0,0,0
WBGene00077643.,59,1039,1098
WBGene00077644.,0,1,1
WBGene00077646.,0,0,0
WBGene00077647.,0,4,4
WBGene00077648.,0,17,17
WBGene00077649.,0,1,1
WBGene00077650.,0,0,0
WBGene00077651.,0,0,0
WBGene00077652.,0,3,3
WBGene00077653.,1,1,2
WBGene00077654.,0,0,0
WBGene00077655.,0,2,2
WBGene00077656.,0,1,1
WBGene00077657.,0,18,18
WBGene00077658.,103,1024,1127
WBGene00077659.,3,12,15
WBGene00077660.,0,0,0
WBGene00077662.,0,0,0
WBGene00077663.,0,1,1
WBGene00077664.,1,1,2
WBGene00077666.,0,0,0
WBGene00077667.,0,2,2
WBGene00077669.,191,741,932
WBGene00077670.,0,0,0
WBGene00077671.,0,0,0
WBGene00077673.,0,0,0
WBGene00077674.,0,17,17
WBGene00077679.,3,32,35
WBGene00077680.,1,8,9
WBGene00077681.,19,105,124
WBGene00077682.,2,13,15
WBGene00077684.,1,3,4
WBGene00077685.,0,3,3
WBGene00077686.,0,0,0
WBGene00077687.,0,8,8
WBGene00077688.,4,2,6
WBGene00077689.,1,35,36
WBGene00077690.,18,1683,1701
WBGene00077691.,1,50,51
WBGene00077692.,16,140,156
WBGene00077693.,242,7279,7521
WBGene00077694.,0,3,3
WBGene00077695.,0,0,0
WBGene00077696.,74,69,143
WBGene00077697.,92,125,217
WBGene00077698.,110,480,590
WBGene00077699.,10,45,55
WBGene00077701.,16,282,298
WBGene00077703.,28,47,75
WBGene00077704.,0,19,19
WBGene00077705.,0,0,0
WBGene00077706.,0,0,0
WBGene00077707.,0,0,0
WBGene00077708.,0,16,16
WBGene00077709.,0,0,0
WBGene00077712.,11,286,297
WBGene00077714.,3,31,34
WBGene00077715.,0,0,0
WBGene00077716.,0,0,0
WBGene00077717.,0,0,0
WBGene00077718.,0,0,0
WBGene00077719.,0,0,0
WBGene00077720.,0,0,0
WBGene00077721.,0,4,4
WBGene00077722.,0,0,0
WBGene00077723.,0,0,0
WBGene00077724.,0,0,0
WBGene00077725.,0,0,0
WBGene00077726.,0,3,3
WBGene00077727.,0,0,0
WBGene00077728.,0,502,502
WBGene00077732.,6,145,151
WBGene00077750.,0,1,1
WBGene00077751.,1,3,4
WBGene00077752.,9,69,78
WBGene00077753.,8,25,33
WBGene00077754.,0,2,2
WBGene00077755.,0,0,0
WBGene00077756.,2,20,22
WBGene00077757.,2,26,28
WBGene00077758.,1,6,7
WBGene00077759.,4,2,6
WBGene00077761.,71,3092,3163
WBGene00077762.,0,6,6
WBGene00077763.,11,87,98
WBGene00077764.,0,339,339
WBGene00077765.,0,38,38
WBGene00077766.,0,3,3
WBGene00077767.,1,8,9
WBGene00077768.,2,63,65
WBGene00077769.,2,31,33
WBGene00077770.,2,12,14
WBGene00077771.,1050,21191,22241
WBGene00077772.,2,66,68
WBGene00077773.,0,499,499
WBGene00077775.,76,377,453
WBGene00077781.,3,110,113
WBGene00077782.,12,11,23
WBGene00077783.,2,22,24
WBGene00077784.,4,18,22
WBGene00077785.,3,7,10
WBGene00077786.,291,915,1206
WBGene00077787.,4,31,35
WBGene00077788.,7,26,33
WBGene00077789.,1,0,1
WBGene00086546.,61,373,434
WBGene00086551.,8,297,305
WBGene00086552.,0,0,0
WBGene00086553.,138,1342,1480
WBGene00086554.,0,10,10
WBGene00086555.,1,5,6
WBGene00086556.,8,28,36
WBGene00086557.,47,518,565
WBGene00086558.,7,141,148
WBGene00086559.,19,209,228
WBGene00086560.,7,16,23
WBGene00086561.,0,56,56
WBGene00086562.,3,4,7
WBGene00086563.,0,2,2
WBGene00086564.,2,3,5
WBGene00086565.,0,1,1
WBGene00086566.,46,788,834
WBGene00086567.,0,1,1
WBGene00086568.,9,111,120
WBGene00086569.,204,1671,1875
WBGene00119201.,2,1,3
WBGene00119203.,21,308,329
WBGene00119204.,2,4,6
WBGene00138711.,4,70,74
WBGene00138714.,0,0,0
WBGene00138715.,0,0,0
WBGene00138716.,0,1,1
WBGene00138717.,331,1907,2238
WBGene00138719.,1,2,3
WBGene00138720.,58,642,700
WBGene00138721.,3,8,11
WBGene00138724.,0,118,118
WBGene00164968.,37,362,399
WBGene00164969.,1,52,53
WBGene00164971.,1,1,2
WBGene00164972.,0,0,0
WBGene00164973.,0,32,32
WBGene00164974.,0,0,0
WBGene00164983.,4,30,34
WBGene00164985.,19,174,193
WBGene00164986.,8,7,15
WBGene00164991.,0,0,0
WBGene00164992.,0,0,0
WBGene00164993.,0,0,0
WBGene00164994.,0,0,0
WBGene00164995.,0,0,0
WBGene00164996.,0,0,0
WBGene00164997.,0,0,0
WBGene00164998.,0,0,0
WBGene00164999.,0,0,0
WBGene00165000.,0,0,0
WBGene00165001.,0,0,0
WBGene00165002.,0,0,0
WBGene00165003.,0,0,0
WBGene00165004.,0,0,0
WBGene00165005.,0,0,0
WBGene00165006.,0,0,0
WBGene00165007.,0,0,0
WBGene00165009.,0,0,0
WBGene00165010.,0,0,0
WBGene00165011.,0,0,0
WBGene00165012.,0,0,0
WBGene00165013.,0,0,0
WBGene00165014.,0,0,0
WBGene00165015.,0,0,0
WBGene00165016.,0,0,0
WBGene00165017.,0,1,1
WBGene00165018.,0,0,0
WBGene00165019.,0,0,0
WBGene00165020.,0,0,0
WBGene00165021.,0,0,0
WBGene00165022.,0,0,0
WBGene00165023.,0,0,0
WBGene00165024.,0,1,1
WBGene00165025.,0,0,0
WBGene00165026.,0,0,0
WBGene00165027.,0,5,5
WBGene00165028.,0,0,0
WBGene00165029.,0,0,0
WBGene00165030.,0,1,1
WBGene00165031.,0,0,0
WBGene00165032.,0,0,0
WBGene00165033.,0,0,0
WBGene00165034.,0,0,0
WBGene00165035.,0,0,0
WBGene00165036.,0,0,0
WBGene00165037.,0,0,0
WBGene00165038.,0,0,0
WBGene00165039.,0,0,0
WBGene00165040.,0,0,0
WBGene00165041.,0,0,0
WBGene00165042.,0,0,0
WBGene00165043.,0,0,0
WBGene00165044.,0,0,0
WBGene00165045.,0,0,0
WBGene00165046.,0,7,7
WBGene00165047.,0,4,4
WBGene00165048.,0,0,0
WBGene00165049.,0,0,0
WBGene00165050.,0,0,0
WBGene00165051.,0,0,0
WBGene00165052.,0,0,0
WBGene00165053.,0,3,3
WBGene00165054.,0,38,38
WBGene00165055.,0,0,0
WBGene00165056.,0,19,19
WBGene00165057.,0,0,0
WBGene00165058.,0,0,0
WBGene00165059.,0,0,0
WBGene00165060.,0,0,0
WBGene00165061.,0,0,0
WBGene00165062.,0,0,0
WBGene00165063.,0,0,0
WBGene00165064.,0,0,0
WBGene00165065.,0,0,0
WBGene00165066.,0,0,0
WBGene00165067.,0,19,19
WBGene00165068.,0,0,0
WBGene00165069.,0,0,0
WBGene00165070.,0,0,0
WBGene00165071.,0,0,0
WBGene00165072.,0,0,0
WBGene00165073.,0,0,0
WBGene00165074.,0,0,0
WBGene00165075.,0,1,1
WBGene00165076.,0,0,0
WBGene00165077.,0,8,8
WBGene00165078.,0,0,0
WBGene00165079.,0,0,0
WBGene00165080.,0,6,6
WBGene00165081.,0,0,0
WBGene00165082.,0,0,0
WBGene00165083.,0,0,0
WBGene00165084.,0,0,0
WBGene00165085.,0,0,0
WBGene00165086.,0,0,0
WBGene00165087.,0,0,0
WBGene00165088.,0,1,1
WBGene00165089.,0,0,0
WBGene00165090.,0,0,0
WBGene00165091.,0,0,0
WBGene00165092.,0,0,0
WBGene00165093.,0,2,2
WBGene00165094.,0,1,1
WBGene00165095.,0,0,0
WBGene00165096.,0,0,0
WBGene00165097.,0,0,0
WBGene00165098.,0,0,0
WBGene00165099.,0,0,0
WBGene00165100.,0,0,0
WBGene00165101.,0,0,0
WBGene00165102.,0,6,6
WBGene00165103.,0,0,0
WBGene00165104.,0,0,0
WBGene00165105.,0,0,0
WBGene00165106.,0,0,0
WBGene00165107.,0,1,1
WBGene00165108.,0,0,0
WBGene00165109.,0,0,0
WBGene00165110.,0,0,0
WBGene00165111.,0,0,0
WBGene00165112.,0,0,0
WBGene00165113.,0,0,0
WBGene00165114.,0,2,2
WBGene00165115.,0,0,0
WBGene00165116.,0,0,0
WBGene00165117.,0,0,0
WBGene00165118.,0,0,0
WBGene00165119.,0,0,0
WBGene00165120.,0,0,0
WBGene00165121.,0,0,0
WBGene00165122.,0,1,1
WBGene00165123.,0,0,0
WBGene00165124.,0,0,0
WBGene00165125.,0,0,0
WBGene00165126.,0,0,0
WBGene00165127.,0,0,0
WBGene00165128.,0,1,1
WBGene00165129.,0,0,0
WBGene00165130.,0,0,0
WBGene00165131.,0,0,0
WBGene00165132.,0,0,0
WBGene00165133.,0,2,2
WBGene00165134.,0,0,0
WBGene00165135.,0,0,0
WBGene00165136.,0,6,6
WBGene00165137.,0,2,2
WBGene00165138.,0,0,0
WBGene00165139.,0,0,0
WBGene00165140.,0,0,0
WBGene00165141.,0,0,0
WBGene00165142.,0,0,0
WBGene00165143.,0,0,0
WBGene00165144.,0,0,0
WBGene00165146.,0,0,0
WBGene00165147.,0,65,65
WBGene00165148.,0,0,0
WBGene00165149.,0,1,1
WBGene00165150.,0,0,0
WBGene00165151.,0,0,0
WBGene00165152.,0,0,0
WBGene00165153.,0,0,0
WBGene00165154.,0,0,0
WBGene00165155.,0,0,0
WBGene00165156.,0,0,0
WBGene00165157.,0,0,0
WBGene00165158.,0,0,0
WBGene00165159.,0,0,0
WBGene00165160.,0,0,0
WBGene00165161.,0,0,0
WBGene00165162.,0,0,0
WBGene00165163.,0,0,0
WBGene00165164.,0,0,0
WBGene00165165.,0,0,0
WBGene00165166.,0,0,0
WBGene00165167.,0,0,0
WBGene00165168.,0,0,0
WBGene00165169.,0,0,0
WBGene00165170.,0,0,0
WBGene00165171.,0,0,0
WBGene00165172.,0,0,0
WBGene00165173.,0,0,0
WBGene00165174.,0,0,0
WBGene00165175.,0,0,0
WBGene00165176.,0,1,1
WBGene00165177.,0,2,2
WBGene00165178.,0,0,0
WBGene00165179.,0,0,0
WBGene00165180.,0,0,0
WBGene00165181.,0,0,0
WBGene00165182.,0,0,0
WBGene00165183.,0,4,4
WBGene00165184.,0,0,0
WBGene00165185.,0,0,0
WBGene00165186.,0,0,0
WBGene00165187.,0,0,0
WBGene00165188.,0,0,0
WBGene00165189.,0,0,0
WBGene00165190.,0,0,0
WBGene00165191.,0,0,0
WBGene00165192.,0,0,0
WBGene00165193.,0,0,0
WBGene00165194.,0,0,0
WBGene00165195.,0,0,0
WBGene00165196.,0,0,0
WBGene00165197.,0,3,3
WBGene00165198.,0,0,0
WBGene00165199.,0,0,0
WBGene00165200.,0,0,0
WBGene00165201.,0,0,0
WBGene00165202.,0,2,2
WBGene00165203.,0,0,0
WBGene00165204.,0,0,0
WBGene00165205.,0,0,0
WBGene00165206.,0,0,0
WBGene00165207.,0,0,0
WBGene00165208.,0,13,13
WBGene00165209.,0,0,0
WBGene00165210.,0,0,0
WBGene00165211.,0,0,0
WBGene00165212.,0,0,0
WBGene00165213.,0,0,0
WBGene00165214.,0,0,0
WBGene00165215.,0,1,1
WBGene00165217.,0,0,0
WBGene00165218.,0,1,1
WBGene00165219.,0,0,0
WBGene00165220.,0,0,0
WBGene00165221.,0,2,2
WBGene00165222.,0,0,0
WBGene00165223.,0,0,0
WBGene00165224.,0,0,0
WBGene00165225.,0,0,0
WBGene00165226.,0,0,0
WBGene00165227.,0,0,0
WBGene00165228.,0,3,3
WBGene00165229.,0,0,0
WBGene00165230.,0,0,0
WBGene00165231.,0,0,0
WBGene00165232.,0,0,0
WBGene00165233.,0,0,0
WBGene00165234.,0,0,0
WBGene00165235.,0,3,3
WBGene00165236.,0,0,0
WBGene00165237.,0,1,1
WBGene00165238.,0,0,0
WBGene00165239.,0,0,0
WBGene00165240.,0,53,53
WBGene00165241.,0,0,0
WBGene00165242.,0,0,0
WBGene00165243.,0,0,0
WBGene00165244.,0,3,3
WBGene00165245.,0,0,0
WBGene00165246.,0,0,0
WBGene00165247.,0,0,0
WBGene00165248.,0,0,0
WBGene00165249.,0,2,2
WBGene00165250.,0,0,0
WBGene00165251.,0,0,0
WBGene00165252.,0,0,0
WBGene00165253.,0,0,0
WBGene00165254.,0,0,0
WBGene00165255.,0,0,0
WBGene00165256.,0,2,2
WBGene00165257.,0,2,2
WBGene00165258.,0,0,0
WBGene00165259.,0,0,0
WBGene00165260.,0,0,0
WBGene00165261.,0,0,0
WBGene00165262.,0,0,0
WBGene00165263.,0,0,0
WBGene00165264.,0,0,0
WBGene00165265.,0,0,0
WBGene00165266.,0,0,0
WBGene00165267.,0,0,0
WBGene00165268.,0,0,0
WBGene00165269.,0,8,8
WBGene00165270.,0,0,0
WBGene00165271.,0,0,0
WBGene00165272.,0,0,0
WBGene00165273.,0,0,0
WBGene00165274.,0,0,0
WBGene00165275.,0,0,0
WBGene00165276.,0,0,0
WBGene00165277.,0,0,0
WBGene00165278.,0,0,0
WBGene00165279.,0,0,0
WBGene00165280.,0,0,0
WBGene00165281.,0,0,0
WBGene00165282.,0,0,0
WBGene00165283.,0,0,0
WBGene00165284.,0,2,2
WBGene00165285.,0,0,0
WBGene00165286.,0,0,0
WBGene00165287.,0,0,0
WBGene00165288.,0,0,0
WBGene00165289.,0,0,0
WBGene00165290.,0,0,0
WBGene00165291.,0,0,0
WBGene00165292.,0,0,0
WBGene00165293.,0,0,0
WBGene00165294.,0,0,0
WBGene00165295.,0,0,0
WBGene00165296.,0,0,0
WBGene00165297.,0,0,0
WBGene00165298.,0,0,0
WBGene00165299.,0,0,0
WBGene00165300.,0,0,0
WBGene00165301.,0,0,0
WBGene00165302.,0,0,0
WBGene00165303.,0,9,9
WBGene00165304.,0,0,0
WBGene00165305.,0,0,0
WBGene00165306.,0,0,0
WBGene00165307.,0,0,0
WBGene00165308.,0,0,0
WBGene00165309.,0,0,0
WBGene00165310.,0,0,0
WBGene00165311.,0,0,0
WBGene00165312.,0,0,0
WBGene00165313.,0,0,0
WBGene00165314.,0,0,0
WBGene00165315.,0,0,0
WBGene00165316.,0,0,0
WBGene00165317.,0,0,0
WBGene00165318.,0,0,0
WBGene00165319.,0,0,0
WBGene00165320.,0,0,0
WBGene00165321.,0,0,0
WBGene00165322.,0,1,1
WBGene00165323.,0,0,0
WBGene00165324.,0,1,1
WBGene00165325.,0,1,1
WBGene00165326.,0,0,0
WBGene00165327.,0,0,0
WBGene00165328.,0,0,0
WBGene00165329.,0,0,0
WBGene00165330.,0,0,0
WBGene00165331.,0,0,0
WBGene00165332.,0,0,0
WBGene00165333.,0,0,0
WBGene00165334.,0,1,1
WBGene00165335.,0,0,0
WBGene00165336.,0,0,0
WBGene00165337.,0,0,0
WBGene00165338.,0,0,0
WBGene00165339.,0,0,0
WBGene00165340.,0,0,0
WBGene00165341.,0,0,0
WBGene00165342.,0,0,0
WBGene00165343.,0,0,0
WBGene00165344.,0,7,7
WBGene00165345.,0,0,0
WBGene00165346.,0,0,0
WBGene00165347.,0,0,0
WBGene00165348.,0,5,5
WBGene00165349.,0,1,1
WBGene00165350.,0,5,5
WBGene00165351.,0,0,0
WBGene00165352.,0,0,0
WBGene00165353.,0,0,0
WBGene00165354.,0,1,1
WBGene00165355.,0,1,1
WBGene00165356.,0,0,0
WBGene00165357.,0,0,0
WBGene00165358.,0,0,0
WBGene00165359.,0,0,0
WBGene00165360.,0,0,0
WBGene00165361.,0,0,0
WBGene00165362.,0,0,0
WBGene00165363.,0,0,0
WBGene00165364.,0,2,2
WBGene00165365.,0,0,0
WBGene00165366.,0,0,0
WBGene00165367.,0,0,0
WBGene00165368.,0,0,0
WBGene00165369.,0,0,0
WBGene00165370.,0,0,0
WBGene00165371.,0,0,0
WBGene00165372.,0,0,0
WBGene00165373.,0,1662,1662
WBGene00165374.,0,2,2
WBGene00165375.,0,0,0
WBGene00165376.,0,3,3
WBGene00165377.,0,0,0
WBGene00165378.,0,0,0
WBGene00165379.,0,14,14
WBGene00165380.,0,0,0
WBGene00165381.,0,0,0
WBGene00165382.,0,3,3
WBGene00165383.,0,0,0
WBGene00165384.,0,0,0
WBGene00165385.,0,0,0
WBGene00165386.,0,0,0
WBGene00165387.,0,0,0
WBGene00165388.,0,0,0
WBGene00165389.,0,0,0
WBGene00165390.,0,0,0
WBGene00165391.,0,0,0
WBGene00165392.,0,0,0
WBGene00165393.,0,0,0
WBGene00165394.,0,0,0
WBGene00165395.,0,1,1
WBGene00165396.,0,0,0
WBGene00165397.,0,0,0
WBGene00165398.,0,0,0
WBGene00165399.,0,0,0
WBGene00165400.,0,1,1
WBGene00165401.,0,0,0
WBGene00165402.,0,0,0
WBGene00165403.,0,0,0
WBGene00165404.,0,0,0
WBGene00165405.,0,0,0
WBGene00165406.,0,2,2
WBGene00165407.,0,0,0
WBGene00165408.,0,0,0
WBGene00165409.,0,0,0
WBGene00165410.,0,0,0
WBGene00165411.,0,0,0
WBGene00165412.,0,0,0
WBGene00165413.,0,0,0
WBGene00165414.,0,0,0
WBGene00165415.,0,0,0
WBGene00165416.,0,0,0
WBGene00165417.,0,0,0
WBGene00165418.,0,0,0
WBGene00165419.,0,0,0
WBGene00165420.,0,0,0
WBGene00165421.,0,0,0
WBGene00165422.,0,0,0
WBGene00165423.,0,0,0
WBGene00165424.,0,0,0
WBGene00165425.,0,0,0
WBGene00165426.,0,1,1
WBGene00165427.,0,0,0
WBGene00165428.,0,0,0
WBGene00165429.,0,0,0
WBGene00165430.,0,0,0
WBGene00165431.,0,0,0
WBGene00165432.,0,0,0
WBGene00165433.,0,0,0
WBGene00165434.,0,0,0
WBGene00165435.,0,0,0
WBGene00165436.,0,0,0
WBGene00165438.,0,2,2
WBGene00165439.,0,0,0
WBGene00165440.,0,1,1
WBGene00165441.,0,0,0
WBGene00165442.,0,0,0
WBGene00165443.,0,0,0
WBGene00165444.,0,0,0
WBGene00165445.,0,0,0
WBGene00165446.,0,0,0
WBGene00165447.,0,0,0
WBGene00165448.,0,0,0
WBGene00165449.,0,1,1
WBGene00165450.,0,0,0
WBGene00165451.,0,0,0
WBGene00165452.,0,0,0
WBGene00165453.,0,6,6
WBGene00165454.,0,0,0
WBGene00165455.,0,0,0
WBGene00165456.,0,0,0
WBGene00165457.,0,0,0
WBGene00165458.,0,0,0
WBGene00165459.,0,0,0
WBGene00165460.,0,0,0
WBGene00165461.,0,0,0
WBGene00165462.,0,4,4
WBGene00165463.,0,0,0
WBGene00165464.,0,2,2
WBGene00165465.,0,0,0
WBGene00165466.,0,0,0
WBGene00165467.,0,0,0
WBGene00165468.,0,0,0
WBGene00165469.,0,0,0
WBGene00165470.,0,0,0
WBGene00165471.,0,0,0
WBGene00165472.,0,0,0
WBGene00165473.,0,0,0
WBGene00165474.,0,0,0
WBGene00165475.,0,0,0
WBGene00165476.,0,0,0
WBGene00165477.,0,0,0
WBGene00165478.,0,0,0
WBGene00165479.,0,3,3
WBGene00165480.,0,0,0
WBGene00165481.,0,0,0
WBGene00165482.,0,0,0
WBGene00165483.,0,0,0
WBGene00165484.,0,0,0
WBGene00165485.,0,0,0
WBGene00165486.,0,3,3
WBGene00165487.,0,0,0
WBGene00165488.,0,0,0
WBGene00165489.,0,0,0
WBGene00165490.,0,1,1
WBGene00165491.,0,0,0
WBGene00165492.,0,0,0
WBGene00165493.,0,0,0
WBGene00165494.,0,0,0
WBGene00165495.,0,0,0
WBGene00165496.,0,0,0
WBGene00165497.,0,0,0
WBGene00165498.,0,1,1
WBGene00165499.,0,3,3
WBGene00165500.,0,0,0
WBGene00165501.,0,0,0
WBGene00165502.,0,0,0
WBGene00165503.,0,0,0
WBGene00165504.,0,0,0
WBGene00165505.,0,0,0
WBGene00165506.,0,0,0
WBGene00165507.,0,0,0
WBGene00165508.,0,0,0
WBGene00165509.,0,0,0
WBGene00165510.,0,0,0
WBGene00165511.,0,0,0
WBGene00165512.,0,0,0
WBGene00165513.,0,51,51
WBGene00165514.,0,0,0
WBGene00165515.,0,2,2
WBGene00165516.,0,0,0
WBGene00165517.,0,0,0
WBGene00165518.,0,0,0
WBGene00165519.,0,10,10
WBGene00165520.,0,0,0
WBGene00165521.,0,0,0
WBGene00165522.,0,0,0
WBGene00165523.,0,1,1
WBGene00165524.,0,0,0
WBGene00165525.,0,0,0
WBGene00165526.,0,0,0
WBGene00165527.,0,0,0
WBGene00165528.,0,0,0
WBGene00165529.,0,0,0
WBGene00165530.,0,0,0
WBGene00165531.,0,0,0
WBGene00165532.,0,0,0
WBGene00165533.,0,0,0
WBGene00165534.,0,0,0
WBGene00165535.,0,0,0
WBGene00165536.,0,0,0
WBGene00165537.,0,0,0
WBGene00165538.,0,2,2
WBGene00165539.,0,0,0
WBGene00165540.,0,0,0
WBGene00165541.,0,0,0
WBGene00165542.,0,3,3
WBGene00165543.,0,0,0
WBGene00165544.,0,2,2
WBGene00165545.,0,0,0
WBGene00165546.,0,0,0
WBGene00165547.,0,0,0
WBGene00165548.,0,0,0
WBGene00165549.,0,0,0
WBGene00165550.,0,0,0
WBGene00165551.,0,0,0
WBGene00165552.,0,0,0
WBGene00165553.,0,0,0
WBGene00165554.,0,0,0
WBGene00165555.,0,0,0
WBGene00165556.,0,0,0
WBGene00165557.,0,0,0
WBGene00165558.,0,253,253
WBGene00165559.,0,0,0
WBGene00165560.,0,0,0
WBGene00165561.,0,0,0
WBGene00165562.,0,0,0
WBGene00165563.,0,0,0
WBGene00165564.,0,0,0
WBGene00165565.,0,0,0
WBGene00165566.,0,6,6
WBGene00165567.,0,1,1
WBGene00165568.,0,0,0
WBGene00165569.,0,1,1
WBGene00165570.,0,2,2
WBGene00165571.,0,0,0
WBGene00165572.,0,0,0
WBGene00165573.,0,1,1
WBGene00165574.,0,0,0
WBGene00165575.,0,0,0
WBGene00165576.,0,0,0
WBGene00165577.,0,0,0
WBGene00165578.,0,0,0
WBGene00165579.,0,0,0
WBGene00165580.,0,0,0
WBGene00165581.,0,0,0
WBGene00165582.,0,2,2
WBGene00165583.,0,0,0
WBGene00165584.,0,0,0
WBGene00165585.,0,0,0
WBGene00165586.,0,0,0
WBGene00165587.,0,5,5
WBGene00165588.,0,0,0
WBGene00165589.,0,0,0
WBGene00165590.,0,0,0
WBGene00165591.,0,0,0
WBGene00165592.,0,0,0
WBGene00165593.,0,0,0
WBGene00165594.,0,0,0
WBGene00165595.,0,0,0
WBGene00165596.,0,1,1
WBGene00165597.,0,0,0
WBGene00165598.,0,0,0
WBGene00165599.,0,0,0
WBGene00165600.,0,0,0
WBGene00165601.,0,0,0
WBGene00165602.,0,0,0
WBGene00165603.,0,21,21
WBGene00165604.,0,0,0
WBGene00165605.,0,2,2
WBGene00165606.,0,0,0
WBGene00165607.,0,0,0
WBGene00165608.,0,0,0
WBGene00165609.,0,21,21
WBGene00165610.,0,0,0
WBGene00165611.,0,0,0
WBGene00165612.,0,0,0
WBGene00165613.,0,0,0
WBGene00165614.,0,0,0
WBGene00165615.,0,0,0
WBGene00165616.,0,0,0
WBGene00165617.,0,0,0
WBGene00165618.,0,0,0
WBGene00165619.,0,0,0
WBGene00165620.,0,1,1
WBGene00165621.,0,0,0
WBGene00165622.,0,0,0
WBGene00165623.,0,0,0
WBGene00165624.,0,0,0
WBGene00165625.,0,0,0
WBGene00165626.,0,0,0
WBGene00165627.,0,0,0
WBGene00165628.,0,0,0
WBGene00165629.,0,1,1
WBGene00165630.,0,0,0
WBGene00165631.,0,3,3
WBGene00165632.,0,0,0
WBGene00165633.,0,0,0
WBGene00165634.,0,0,0
WBGene00165635.,0,0,0
WBGene00165636.,0,6,6
WBGene00165637.,0,0,0
WBGene00165638.,0,0,0
WBGene00165639.,0,0,0
WBGene00165640.,0,0,0
WBGene00165641.,0,0,0
WBGene00165642.,0,1,1
WBGene00165643.,0,0,0
WBGene00165644.,0,0,0
WBGene00165645.,0,1,1
WBGene00165646.,0,0,0
WBGene00165647.,0,1,1
WBGene00165648.,0,0,0
WBGene00165649.,0,8,8
WBGene00165650.,0,1,1
WBGene00165651.,0,0,0
WBGene00165652.,0,0,0
WBGene00165653.,0,0,0
WBGene00165654.,0,2,2
WBGene00165655.,0,0,0
WBGene00165656.,0,0,0
WBGene00165657.,0,0,0
WBGene00165658.,0,0,0
WBGene00165659.,0,0,0
WBGene00165660.,0,0,0
WBGene00165661.,0,0,0
WBGene00165662.,0,0,0
WBGene00165663.,0,3,3
WBGene00165664.,0,0,0
WBGene00165665.,0,49,49
WBGene00165666.,0,5,5
WBGene00165667.,0,0,0
WBGene00165668.,0,0,0
WBGene00165669.,0,0,0
WBGene00165670.,0,0,0
WBGene00165671.,0,0,0
WBGene00165672.,0,0,0
WBGene00165673.,0,0,0
WBGene00165674.,0,0,0
WBGene00165675.,0,0,0
WBGene00165676.,0,0,0
WBGene00165677.,0,0,0
WBGene00165678.,0,0,0
WBGene00165679.,0,0,0
WBGene00165680.,0,0,0
WBGene00165681.,0,0,0
WBGene00165682.,0,0,0
WBGene00165683.,0,0,0
WBGene00165684.,0,0,0
WBGene00165685.,0,0,0
WBGene00165686.,0,0,0
WBGene00165687.,0,6,6
WBGene00165688.,0,0,0
WBGene00165689.,0,0,0
WBGene00165690.,0,14,14
WBGene00165691.,0,0,0
WBGene00165692.,0,0,0
WBGene00165693.,0,0,0
WBGene00165694.,0,0,0
WBGene00165695.,0,0,0
WBGene00165696.,0,0,0
WBGene00165697.,0,0,0
WBGene00165698.,0,0,0
WBGene00165699.,0,3,3
WBGene00165700.,0,1,1
WBGene00165701.,0,0,0
WBGene00165702.,0,0,0
WBGene00165703.,0,0,0
WBGene00165704.,0,1,1
WBGene00165705.,0,11,11
WBGene00165706.,0,0,0
WBGene00165707.,0,0,0
WBGene00165708.,0,1,1
WBGene00165709.,0,0,0
WBGene00165710.,0,0,0
WBGene00165711.,0,0,0
WBGene00165712.,0,0,0
WBGene00165713.,0,0,0
WBGene00165714.,0,0,0
WBGene00165715.,0,0,0
WBGene00165716.,0,0,0
WBGene00165717.,0,3,3
WBGene00165718.,0,2,2
WBGene00165719.,0,0,0
WBGene00165720.,0,30,30
WBGene00165721.,0,0,0
WBGene00165722.,0,12,12
WBGene00165723.,0,1,1
WBGene00165724.,0,0,0
WBGene00165725.,0,0,0
WBGene00165726.,0,0,0
WBGene00165727.,0,0,0
WBGene00165728.,0,0,0
WBGene00165729.,0,0,0
WBGene00165730.,0,0,0
WBGene00165731.,0,0,0
WBGene00165732.,0,0,0
WBGene00165733.,0,6,6
WBGene00165734.,0,61,61
WBGene00165735.,0,0,0
WBGene00165736.,0,0,0
WBGene00165737.,0,0,0
WBGene00165738.,0,0,0
WBGene00165739.,0,2,2
WBGene00165740.,0,0,0
WBGene00165741.,0,0,0
WBGene00165742.,0,0,0
WBGene00165743.,0,0,0
WBGene00165744.,0,0,0
WBGene00165745.,0,0,0
WBGene00165746.,0,0,0
WBGene00165747.,0,0,0
WBGene00165748.,0,1,1
WBGene00165749.,0,0,0
WBGene00165750.,0,0,0
WBGene00165751.,0,0,0
WBGene00165752.,0,25,25
WBGene00165753.,0,12,12
WBGene00165754.,0,1,1
WBGene00165755.,0,0,0
WBGene00165756.,0,0,0
WBGene00165757.,0,0,0
WBGene00165758.,0,0,0
WBGene00165759.,0,0,0
WBGene00165760.,0,0,0
WBGene00165761.,0,0,0
WBGene00165762.,0,0,0
WBGene00165763.,0,1,1
WBGene00165764.,0,1,1
WBGene00165765.,0,0,0
WBGene00165766.,0,0,0
WBGene00165767.,0,4,4
WBGene00165768.,0,0,0
WBGene00165769.,0,0,0
WBGene00165770.,0,1,1
WBGene00165771.,0,0,0
WBGene00165772.,0,0,0
WBGene00165773.,0,1,1
WBGene00165774.,0,2,2
WBGene00165775.,0,0,0
WBGene00165776.,0,0,0
WBGene00165777.,0,0,0
WBGene00165778.,0,0,0
WBGene00165779.,0,2,2
WBGene00165780.,0,0,0
WBGene00165781.,0,0,0
WBGene00165782.,0,0,0
WBGene00165783.,0,0,0
WBGene00165784.,0,0,0
WBGene00165785.,0,0,0
WBGene00165786.,0,0,0
WBGene00165787.,0,0,0
WBGene00165788.,0,0,0
WBGene00165789.,0,0,0
WBGene00165790.,0,0,0
WBGene00165791.,0,0,0
WBGene00165792.,0,0,0
WBGene00165793.,0,0,0
WBGene00165794.,0,2,2
WBGene00165795.,0,0,0
WBGene00165796.,0,0,0
WBGene00165797.,0,0,0
WBGene00165798.,0,0,0
WBGene00165799.,0,0,0
WBGene00165800.,0,0,0
WBGene00165801.,0,0,0
WBGene00165802.,0,0,0
WBGene00165803.,0,0,0
WBGene00165804.,0,0,0
WBGene00165805.,0,1,1
WBGene00165806.,0,0,0
WBGene00165807.,0,0,0
WBGene00165808.,0,0,0
WBGene00165809.,0,0,0
WBGene00165810.,0,1,1
WBGene00165811.,0,0,0
WBGene00165812.,0,0,0
WBGene00165813.,0,0,0
WBGene00165814.,0,0,0
WBGene00165815.,0,0,0
WBGene00165816.,0,0,0
WBGene00165817.,0,0,0
WBGene00165818.,0,0,0
WBGene00165819.,0,0,0
WBGene00165820.,0,0,0
WBGene00165821.,0,0,0
WBGene00165822.,0,0,0
WBGene00165823.,0,0,0
WBGene00165824.,0,0,0
WBGene00165825.,0,0,0
WBGene00165826.,0,1,1
WBGene00165827.,0,0,0
WBGene00165828.,0,0,0
WBGene00165829.,0,0,0
WBGene00165830.,0,0,0
WBGene00165831.,0,0,0
WBGene00165832.,0,0,0
WBGene00165833.,0,0,0
WBGene00165834.,0,0,0
WBGene00165835.,0,6,6
WBGene00165836.,0,0,0
WBGene00165837.,0,0,0
WBGene00165838.,0,0,0
WBGene00165839.,0,2,2
WBGene00165840.,0,0,0
WBGene00165841.,0,0,0
WBGene00165842.,0,1,1
WBGene00165843.,0,0,0
WBGene00165844.,0,0,0
WBGene00165845.,0,0,0
WBGene00165846.,0,0,0
WBGene00165847.,0,0,0
WBGene00165848.,0,0,0
WBGene00165849.,0,0,0
WBGene00165850.,0,1,1
WBGene00165851.,0,0,0
WBGene00165852.,0,0,0
WBGene00165853.,0,0,0
WBGene00165854.,0,6,6
WBGene00165855.,0,0,0
WBGene00165856.,0,0,0
WBGene00165857.,0,0,0
WBGene00165858.,0,0,0
WBGene00165859.,0,1,1
WBGene00165860.,0,0,0
WBGene00165861.,0,0,0
WBGene00165862.,0,0,0
WBGene00165863.,0,0,0
WBGene00165864.,0,0,0
WBGene00165865.,0,0,0
WBGene00165866.,0,0,0
WBGene00165867.,0,0,0
WBGene00165868.,0,0,0
WBGene00165869.,0,0,0
WBGene00165870.,0,0,0
WBGene00165871.,0,0,0
WBGene00165872.,0,0,0
WBGene00165873.,0,0,0
WBGene00165874.,0,0,0
WBGene00165875.,0,0,0
WBGene00165876.,0,0,0
WBGene00165877.,0,1,1
WBGene00165878.,0,0,0
WBGene00165879.,0,0,0
WBGene00165880.,0,0,0
WBGene00165881.,0,8,8
WBGene00165882.,0,0,0
WBGene00165883.,0,0,0
WBGene00165884.,0,0,0
WBGene00165885.,0,0,0
WBGene00165886.,0,0,0
WBGene00165887.,0,0,0
WBGene00165888.,0,0,0
WBGene00165889.,0,3,3
WBGene00165890.,0,0,0
WBGene00165891.,0,0,0
WBGene00165892.,0,1,1
WBGene00165893.,0,5,5
WBGene00165894.,0,0,0
WBGene00165895.,0,0,0
WBGene00165896.,0,0,0
WBGene00165897.,0,0,0
WBGene00165898.,0,0,0
WBGene00165899.,0,3,3
WBGene00165900.,0,0,0
WBGene00165901.,0,0,0
WBGene00165902.,0,0,0
WBGene00165903.,0,0,0
WBGene00165904.,0,0,0
WBGene00165905.,0,0,0
WBGene00165906.,0,0,0
WBGene00165907.,0,2,2
WBGene00165908.,0,0,0
WBGene00165909.,0,0,0
WBGene00165910.,0,4,4
WBGene00165911.,0,0,0
WBGene00165912.,0,0,0
WBGene00165913.,0,0,0
WBGene00165914.,0,0,0
WBGene00165915.,0,0,0
WBGene00165916.,0,0,0
WBGene00165917.,0,0,0
WBGene00165918.,0,0,0
WBGene00165919.,0,0,0
WBGene00165920.,0,0,0
WBGene00165921.,0,0,0
WBGene00165922.,0,0,0
WBGene00165923.,0,0,0
WBGene00165924.,0,0,0
WBGene00165925.,0,0,0
WBGene00165926.,0,1,1
WBGene00165927.,0,0,0
WBGene00165928.,0,0,0
WBGene00165929.,0,0,0
WBGene00165930.,0,0,0
WBGene00165931.,0,0,0
WBGene00165932.,0,4,4
WBGene00165933.,0,2,2
WBGene00165934.,0,0,0
WBGene00165935.,0,0,0
WBGene00165936.,0,4,4
WBGene00165937.,0,0,0
WBGene00165938.,0,0,0
WBGene00165939.,0,2,2
WBGene00165940.,0,0,0
WBGene00165941.,0,0,0
WBGene00165942.,0,0,0
WBGene00165943.,0,0,0
WBGene00165944.,0,0,0
WBGene00165945.,0,1,1
WBGene00165946.,0,0,0
WBGene00165947.,0,16,16
WBGene00165948.,0,0,0
WBGene00165949.,0,56,56
WBGene00165950.,0,0,0
WBGene00165951.,0,0,0
WBGene00165952.,0,0,0
WBGene00165953.,0,0,0
WBGene00165954.,0,2,2
WBGene00165955.,0,0,0
WBGene00165956.,0,6,6
WBGene00165957.,0,0,0
WBGene00165958.,0,1,1
WBGene00165959.,0,0,0
WBGene00165960.,0,0,0
WBGene00165961.,0,1,1
WBGene00165962.,0,0,0
WBGene00165963.,0,1,1
WBGene00165964.,0,1,1
WBGene00165965.,0,0,0
WBGene00165966.,0,2,2
WBGene00165967.,0,0,0
WBGene00165968.,0,0,0
WBGene00165969.,0,0,0
WBGene00165970.,0,0,0
WBGene00165971.,0,0,0
WBGene00165972.,0,0,0
WBGene00165973.,0,0,0
WBGene00165974.,0,0,0
WBGene00165975.,0,0,0
WBGene00165976.,0,0,0
WBGene00165977.,0,0,0
WBGene00165978.,0,0,0
WBGene00165979.,0,0,0
WBGene00165980.,0,0,0
WBGene00165981.,0,0,0
WBGene00165982.,0,0,0
WBGene00165983.,0,0,0
WBGene00165984.,0,0,0
WBGene00165985.,0,1,1
WBGene00165986.,0,0,0
WBGene00165987.,0,8,8
WBGene00165988.,0,0,0
WBGene00165989.,0,0,0
WBGene00165990.,0,40,40
WBGene00165991.,0,0,0
WBGene00165992.,0,0,0
WBGene00165993.,0,10,10
WBGene00165994.,0,0,0
WBGene00165995.,0,0,0
WBGene00165996.,0,0,0
WBGene00165997.,0,0,0
WBGene00165998.,0,0,0
WBGene00165999.,0,0,0
WBGene00166000.,0,0,0
WBGene00166001.,0,0,0
WBGene00166002.,0,3,3
WBGene00166003.,0,2,2
WBGene00166004.,0,0,0
WBGene00166005.,0,0,0
WBGene00166006.,0,0,0
WBGene00166007.,0,0,0
WBGene00166008.,0,5,5
WBGene00166009.,0,2,2
WBGene00166010.,0,0,0
WBGene00166011.,0,0,0
WBGene00166012.,0,0,0
WBGene00166013.,0,0,0
WBGene00166014.,0,0,0
WBGene00166015.,0,0,0
WBGene00166016.,0,0,0
WBGene00166017.,0,0,0
WBGene00166018.,0,0,0
WBGene00166019.,0,0,0
WBGene00166020.,0,2,2
WBGene00166021.,0,0,0
WBGene00166022.,0,0,0
WBGene00166023.,0,0,0
WBGene00166024.,0,0,0
WBGene00166025.,0,0,0
WBGene00166026.,0,0,0
WBGene00166027.,0,0,0
WBGene00166028.,0,0,0
WBGene00166029.,0,0,0
WBGene00166030.,0,0,0
WBGene00166031.,0,0,0
WBGene00166032.,0,0,0
WBGene00166033.,0,0,0
WBGene00166034.,0,0,0
WBGene00166035.,0,0,0
WBGene00166036.,0,0,0
WBGene00166037.,0,0,0
WBGene00166038.,0,0,0
WBGene00166039.,0,0,0
WBGene00166040.,0,0,0
WBGene00166041.,0,50,50
WBGene00166042.,0,0,0
WBGene00166043.,0,2,2
WBGene00166044.,0,0,0
WBGene00166045.,0,0,0
WBGene00166046.,0,0,0
WBGene00166047.,0,6,6
WBGene00166048.,0,0,0
WBGene00166049.,0,0,0
WBGene00166050.,0,0,0
WBGene00166051.,0,1,1
WBGene00166052.,0,0,0
WBGene00166053.,0,0,0
WBGene00166054.,0,0,0
WBGene00166055.,0,0,0
WBGene00166057.,0,0,0
WBGene00166058.,0,1,1
WBGene00166059.,0,0,0
WBGene00166060.,0,0,0
WBGene00166062.,0,0,0
WBGene00166063.,0,0,0
WBGene00166064.,0,0,0
WBGene00166065.,0,3,3
WBGene00166066.,0,0,0
WBGene00166067.,0,0,0
WBGene00166068.,0,0,0
WBGene00166069.,0,0,0
WBGene00166070.,0,0,0
WBGene00166071.,0,0,0
WBGene00166072.,0,0,0
WBGene00166073.,0,0,0
WBGene00166074.,0,0,0
WBGene00166075.,0,0,0
WBGene00166076.,0,0,0
WBGene00166077.,0,0,0
WBGene00166078.,0,0,0
WBGene00166079.,0,0,0
WBGene00166080.,0,0,0
WBGene00166081.,0,1,1
WBGene00166082.,0,1,1
WBGene00166083.,0,0,0
WBGene00166084.,0,1,1
WBGene00166085.,0,0,0
WBGene00166086.,0,0,0
WBGene00166087.,0,0,0
WBGene00166088.,0,0,0
WBGene00166089.,0,0,0
WBGene00166090.,0,0,0
WBGene00166091.,0,0,0
WBGene00166092.,0,0,0
WBGene00166093.,0,25,25
WBGene00166094.,0,0,0
WBGene00166095.,0,0,0
WBGene00166096.,0,0,0
WBGene00166097.,0,7,7
WBGene00166098.,0,0,0
WBGene00166099.,0,1,1
WBGene00166100.,0,14,14
WBGene00166101.,0,0,0
WBGene00166102.,0,0,0
WBGene00166103.,0,0,0
WBGene00166104.,0,0,0
WBGene00166105.,0,8,8
WBGene00166106.,0,0,0
WBGene00166107.,0,0,0
WBGene00166108.,0,0,0
WBGene00166109.,0,0,0
WBGene00166110.,0,0,0
WBGene00166111.,0,0,0
WBGene00166112.,0,0,0
WBGene00166113.,0,0,0
WBGene00166114.,0,0,0
WBGene00166115.,0,0,0
WBGene00166116.,0,0,0
WBGene00166117.,0,0,0
WBGene00166118.,0,0,0
WBGene00166119.,0,0,0
WBGene00166120.,0,0,0
WBGene00166121.,0,0,0
WBGene00166122.,0,0,0
WBGene00166123.,0,0,0
WBGene00166124.,0,0,0
WBGene00166125.,0,0,0
WBGene00166126.,0,0,0
WBGene00166127.,0,0,0
WBGene00166128.,0,0,0
WBGene00166129.,0,0,0
WBGene00166130.,0,0,0
WBGene00166131.,0,0,0
WBGene00166132.,0,0,0
WBGene00166133.,0,0,0
WBGene00166134.,0,0,0
WBGene00166135.,0,0,0
WBGene00166136.,0,0,0
WBGene00166137.,0,0,0
WBGene00166138.,0,0,0
WBGene00166139.,0,0,0
WBGene00166140.,0,0,0
WBGene00166141.,0,2,2
WBGene00166142.,0,0,0
WBGene00166143.,0,1,1
WBGene00166144.,0,0,0
WBGene00166145.,0,0,0
WBGene00166146.,0,0,0
WBGene00166147.,0,0,0
WBGene00166148.,0,0,0
WBGene00166149.,0,0,0
WBGene00166150.,0,0,0
WBGene00166151.,0,0,0
WBGene00166152.,0,0,0
WBGene00166153.,0,0,0
WBGene00166154.,0,0,0
WBGene00166155.,0,0,0
WBGene00166156.,0,3,3
WBGene00166157.,0,0,0
WBGene00166158.,0,0,0
WBGene00166159.,0,0,0
WBGene00166160.,0,6,6
WBGene00166161.,0,0,0
WBGene00166162.,0,0,0
WBGene00166163.,0,0,0
WBGene00166164.,0,3,3
WBGene00166165.,0,0,0
WBGene00166166.,0,1,1
WBGene00166167.,0,0,0
WBGene00166168.,0,0,0
WBGene00166169.,0,0,0
WBGene00166170.,0,0,0
WBGene00166171.,0,0,0
WBGene00166172.,0,0,0
WBGene00166173.,0,0,0
WBGene00166174.,0,1,1
WBGene00166175.,0,2,2
WBGene00166176.,0,1,1
WBGene00166177.,0,0,0
WBGene00166178.,0,0,0
WBGene00166179.,0,0,0
WBGene00166180.,0,0,0
WBGene00166181.,0,0,0
WBGene00166182.,0,0,0
WBGene00166183.,0,2,2
WBGene00166184.,0,0,0
WBGene00166185.,0,0,0
WBGene00166186.,0,1,1
WBGene00166187.,0,0,0
WBGene00166188.,0,0,0
WBGene00166189.,0,0,0
WBGene00166190.,0,0,0
WBGene00166191.,0,0,0
WBGene00166192.,0,9,9
WBGene00166193.,0,4,4
WBGene00166194.,0,0,0
WBGene00166195.,0,0,0
WBGene00166196.,0,0,0
WBGene00166197.,0,0,0
WBGene00166198.,0,0,0
WBGene00166199.,0,0,0
WBGene00166200.,0,0,0
WBGene00166201.,0,2,2
WBGene00166202.,0,1,1
WBGene00166203.,0,1,1
WBGene00166204.,0,0,0
WBGene00166205.,0,2,2
WBGene00166206.,0,0,0
WBGene00166207.,0,0,0
WBGene00166208.,0,0,0
WBGene00166209.,0,0,0
WBGene00166210.,0,0,0
WBGene00166211.,0,0,0
WBGene00166212.,0,0,0
WBGene00166213.,0,0,0
WBGene00166214.,0,0,0
WBGene00166215.,0,0,0
WBGene00166216.,0,1,1
WBGene00166217.,0,0,0
WBGene00166218.,0,0,0
WBGene00166219.,0,0,0
WBGene00166220.,0,0,0
WBGene00166221.,0,1,1
WBGene00166222.,0,0,0
WBGene00166223.,0,0,0
WBGene00166224.,0,1,1
WBGene00166225.,0,0,0
WBGene00166226.,0,0,0
WBGene00166227.,0,0,0
WBGene00166228.,0,0,0
WBGene00166229.,0,4,4
WBGene00166230.,0,0,0
WBGene00166231.,0,0,0
WBGene00166232.,0,0,0
WBGene00166233.,0,0,0
WBGene00166234.,0,1,1
WBGene00166235.,0,0,0
WBGene00166236.,0,0,0
WBGene00166237.,0,10,10
WBGene00166238.,0,0,0
WBGene00166239.,0,0,0
WBGene00166240.,0,0,0
WBGene00166241.,0,0,0
WBGene00166242.,0,0,0
WBGene00166243.,0,0,0
WBGene00166244.,0,0,0
WBGene00166245.,0,0,0
WBGene00166246.,0,0,0
WBGene00166247.,0,0,0
WBGene00166248.,0,2,2
WBGene00166249.,0,0,0
WBGene00166250.,0,0,0
WBGene00166251.,0,0,0
WBGene00166252.,0,0,0
WBGene00166253.,0,0,0
WBGene00166254.,0,0,0
WBGene00166255.,0,0,0
WBGene00166256.,0,0,0
WBGene00166257.,0,0,0
WBGene00166258.,0,0,0
WBGene00166259.,0,2,2
WBGene00166260.,0,0,0
WBGene00166261.,0,0,0
WBGene00166262.,0,0,0
WBGene00166263.,0,4,4
WBGene00166264.,0,0,0
WBGene00166265.,0,0,0
WBGene00166266.,0,0,0
WBGene00166267.,0,0,0
WBGene00166268.,0,1,1
WBGene00166269.,0,0,0
WBGene00166270.,0,0,0
WBGene00166271.,0,0,0
WBGene00166272.,0,0,0
WBGene00166273.,0,0,0
WBGene00166274.,0,0,0
WBGene00166275.,0,0,0
WBGene00166276.,0,0,0
WBGene00166277.,0,0,0
WBGene00166278.,0,0,0
WBGene00166279.,0,0,0
WBGene00166280.,0,0,0
WBGene00166281.,0,2,2
WBGene00166282.,0,0,0
WBGene00166283.,0,0,0
WBGene00166284.,0,0,0
WBGene00166285.,0,0,0
WBGene00166286.,0,0,0
WBGene00166287.,0,0,0
WBGene00166288.,0,0,0
WBGene00166289.,0,123,123
WBGene00166290.,0,0,0
WBGene00166291.,0,0,0
WBGene00166292.,0,0,0
WBGene00166293.,0,0,0
WBGene00166294.,0,0,0
WBGene00166295.,0,0,0
WBGene00166296.,0,3,3
WBGene00166297.,0,0,0
WBGene00166298.,0,6,6
WBGene00166299.,0,0,0
WBGene00166300.,0,3,3
WBGene00166301.,0,0,0
WBGene00166302.,0,0,0
WBGene00166303.,0,0,0
WBGene00166304.,0,0,0
WBGene00166305.,0,7,7
WBGene00166306.,0,0,0
WBGene00166307.,0,0,0
WBGene00166308.,0,0,0
WBGene00166309.,0,0,0
WBGene00166310.,0,0,0
WBGene00166311.,0,0,0
WBGene00166312.,0,0,0
WBGene00166313.,0,0,0
WBGene00166314.,0,0,0
WBGene00166315.,0,0,0
WBGene00166316.,0,0,0
WBGene00166317.,0,0,0
WBGene00166318.,0,0,0
WBGene00166319.,0,0,0
WBGene00166320.,0,0,0
WBGene00166321.,0,0,0
WBGene00166322.,0,0,0
WBGene00166323.,0,0,0
WBGene00166324.,0,0,0
WBGene00166325.,0,0,0
WBGene00166326.,0,0,0
WBGene00166327.,0,0,0
WBGene00166328.,0,0,0
WBGene00166329.,0,0,0
WBGene00166330.,0,0,0
WBGene00166331.,0,0,0
WBGene00166332.,0,1,1
WBGene00166333.,0,0,0
WBGene00166334.,0,0,0
WBGene00166335.,0,0,0
WBGene00166336.,0,0,0
WBGene00166337.,0,0,0
WBGene00166338.,0,0,0
WBGene00166339.,0,4,4
WBGene00166340.,0,0,0
WBGene00166341.,0,0,0
WBGene00166342.,0,0,0
WBGene00166343.,0,0,0
WBGene00166344.,0,0,0
WBGene00166345.,0,0,0
WBGene00166346.,0,0,0
WBGene00166347.,0,0,0
WBGene00166348.,0,0,0
WBGene00166349.,0,0,0
WBGene00166350.,0,0,0
WBGene00166351.,0,0,0
WBGene00166352.,0,0,0
WBGene00166353.,0,0,0
WBGene00166354.,0,0,0
WBGene00166355.,0,0,0
WBGene00166356.,0,0,0
WBGene00166357.,0,0,0
WBGene00166358.,0,0,0
WBGene00166359.,0,0,0
WBGene00166360.,0,0,0
WBGene00166361.,0,0,0
WBGene00166362.,0,0,0
WBGene00166363.,0,0,0
WBGene00166364.,0,0,0
WBGene00166365.,0,1,1
WBGene00166366.,0,1,1
WBGene00166367.,0,1,1
WBGene00166368.,0,0,0
WBGene00166369.,0,0,0
WBGene00166370.,0,0,0
WBGene00166371.,0,0,0
WBGene00166372.,0,0,0
WBGene00166373.,0,1,1
WBGene00166374.,0,7,7
WBGene00166375.,0,0,0
WBGene00166376.,0,0,0
WBGene00166377.,0,19,19
WBGene00166378.,0,1,1
WBGene00166379.,0,0,0
WBGene00166380.,0,0,0
WBGene00166381.,0,0,0
WBGene00166382.,0,0,0
WBGene00166383.,0,0,0
WBGene00166384.,0,0,0
WBGene00166385.,0,0,0
WBGene00166386.,0,0,0
WBGene00166387.,0,0,0
WBGene00166388.,0,0,0
WBGene00166389.,0,3,3
WBGene00166390.,0,0,0
WBGene00166391.,0,0,0
WBGene00166392.,0,0,0
WBGene00166393.,0,0,0
WBGene00166394.,0,0,0
WBGene00166395.,0,0,0
WBGene00166396.,0,0,0
WBGene00166397.,0,1,1
WBGene00166398.,0,0,0
WBGene00166399.,0,0,0
WBGene00166400.,0,0,0
WBGene00166401.,0,1,1
WBGene00166402.,0,0,0
WBGene00166403.,0,0,0
WBGene00166404.,0,0,0
WBGene00166405.,0,2,2
WBGene00166406.,0,0,0
WBGene00166407.,0,0,0
WBGene00166408.,0,0,0
WBGene00166409.,0,0,0
WBGene00166410.,0,1,1
WBGene00166411.,0,0,0
WBGene00166412.,0,22,22
WBGene00166413.,0,0,0
WBGene00166414.,0,0,0
WBGene00166415.,0,0,0
WBGene00166416.,0,0,0
WBGene00166417.,0,0,0
WBGene00166418.,0,0,0
WBGene00166419.,0,0,0
WBGene00166420.,0,0,0
WBGene00166421.,0,0,0
WBGene00166422.,0,0,0
WBGene00166423.,0,0,0
WBGene00166424.,0,0,0
WBGene00166425.,0,0,0
WBGene00166426.,0,0,0
WBGene00166427.,0,0,0
WBGene00166428.,0,0,0
WBGene00166429.,0,1,1
WBGene00166430.,0,0,0
WBGene00166431.,0,0,0
WBGene00166432.,0,0,0
WBGene00166433.,0,0,0
WBGene00166434.,0,0,0
WBGene00166435.,0,0,0
WBGene00166436.,0,0,0
WBGene00166437.,0,0,0
WBGene00166438.,0,7,7
WBGene00166439.,0,0,0
WBGene00166440.,0,0,0
WBGene00166441.,0,0,0
WBGene00166442.,0,2,2
WBGene00166443.,0,0,0
WBGene00166444.,0,0,0
WBGene00166445.,0,0,0
WBGene00166446.,0,0,0
WBGene00166447.,0,0,0
WBGene00166448.,0,0,0
WBGene00166449.,0,10,10
WBGene00166450.,0,1,1
WBGene00166451.,0,0,0
WBGene00166452.,0,0,0
WBGene00166453.,0,0,0
WBGene00166454.,0,0,0
WBGene00166455.,0,1,1
WBGene00166456.,0,0,0
WBGene00166457.,0,0,0
WBGene00166458.,0,0,0
WBGene00166459.,0,0,0
WBGene00166460.,0,0,0
WBGene00166461.,0,0,0
WBGene00166462.,0,1,1
WBGene00166463.,0,0,0
WBGene00166464.,0,0,0
WBGene00166465.,0,6,6
WBGene00166466.,0,2,2
WBGene00166467.,0,0,0
WBGene00166468.,0,0,0
WBGene00166469.,0,0,0
WBGene00166470.,0,0,0
WBGene00166471.,0,1,1
WBGene00166472.,0,0,0
WBGene00166473.,0,0,0
WBGene00166474.,0,0,0
WBGene00166475.,0,0,0
WBGene00166476.,0,0,0
WBGene00166477.,0,3,3
WBGene00166478.,0,0,0
WBGene00166479.,0,0,0
WBGene00166480.,0,0,0
WBGene00166481.,0,0,0
WBGene00166482.,0,0,0
WBGene00166483.,0,0,0
WBGene00166484.,0,1,1
WBGene00166485.,0,0,0
WBGene00166486.,0,0,0
WBGene00166487.,0,0,0
WBGene00166488.,0,0,0
WBGene00166489.,0,0,0
WBGene00166490.,0,0,0
WBGene00166491.,0,0,0
WBGene00166492.,0,0,0
WBGene00166493.,0,0,0
WBGene00166494.,0,0,0
WBGene00166495.,0,0,0
WBGene00166496.,0,1,1
WBGene00166497.,0,0,0
WBGene00166498.,0,0,0
WBGene00166499.,0,0,0
WBGene00166500.,0,0,0
WBGene00166501.,0,0,0
WBGene00166502.,0,0,0
WBGene00166503.,0,0,0
WBGene00166504.,0,0,0
WBGene00166505.,0,0,0
WBGene00166506.,0,0,0
WBGene00166507.,0,0,0
WBGene00166508.,0,0,0
WBGene00166509.,0,0,0
WBGene00166510.,0,0,0
WBGene00166511.,0,0,0
WBGene00166512.,0,0,0
WBGene00166513.,0,0,0
WBGene00166514.,0,0,0
WBGene00166515.,0,0,0
WBGene00166516.,0,0,0
WBGene00166517.,0,0,0
WBGene00166518.,0,0,0
WBGene00166519.,0,0,0
WBGene00166520.,0,0,0
WBGene00166521.,0,0,0
WBGene00166522.,0,0,0
WBGene00166523.,0,0,0
WBGene00166524.,0,0,0
WBGene00166525.,0,0,0
WBGene00166526.,0,0,0
WBGene00166527.,0,0,0
WBGene00166528.,0,0,0
WBGene00166529.,0,0,0
WBGene00166530.,0,0,0
WBGene00166531.,0,0,0
WBGene00166532.,0,1,1
WBGene00166533.,0,0,0
WBGene00166534.,0,0,0
WBGene00166535.,0,0,0
WBGene00166536.,0,0,0
WBGene00166537.,0,1,1
WBGene00166538.,0,0,0
WBGene00166539.,0,20,20
WBGene00166540.,0,0,0
WBGene00166541.,0,0,0
WBGene00166542.,0,0,0
WBGene00166543.,0,3,3
WBGene00166544.,0,0,0
WBGene00166545.,0,0,0
WBGene00166546.,0,1,1
WBGene00166547.,0,0,0
WBGene00166548.,0,1,1
WBGene00166549.,0,0,0
WBGene00166550.,0,0,0
WBGene00166551.,0,0,0
WBGene00166552.,0,0,0
WBGene00166553.,0,0,0
WBGene00166554.,0,0,0
WBGene00166555.,0,0,0
WBGene00166556.,0,0,0
WBGene00166557.,0,0,0
WBGene00166558.,0,0,0
WBGene00166559.,0,0,0
WBGene00166560.,0,0,0
WBGene00166561.,0,0,0
WBGene00166562.,0,7,7
WBGene00166563.,0,0,0
WBGene00166564.,0,2,2
WBGene00166565.,0,0,0
WBGene00166566.,0,0,0
WBGene00166567.,0,0,0
WBGene00166568.,0,0,0
WBGene00166569.,0,0,0
WBGene00166570.,0,0,0
WBGene00166571.,0,0,0
WBGene00166572.,0,0,0
WBGene00166573.,0,0,0
WBGene00166574.,0,0,0
WBGene00166575.,0,0,0
WBGene00166576.,0,0,0
WBGene00166577.,0,0,0
WBGene00166578.,0,0,0
WBGene00166579.,0,0,0
WBGene00166580.,0,0,0
WBGene00166581.,0,3,3
WBGene00166582.,0,0,0
WBGene00166583.,0,0,0
WBGene00166584.,0,0,0
WBGene00166585.,0,0,0
WBGene00166586.,0,0,0
WBGene00166587.,0,0,0
WBGene00166588.,0,0,0
WBGene00166589.,0,0,0
WBGene00166590.,0,0,0
WBGene00166591.,0,3,3
WBGene00166592.,0,0,0
WBGene00166593.,0,1,1
WBGene00166594.,0,0,0
WBGene00166595.,0,0,0
WBGene00166596.,0,0,0
WBGene00166597.,0,0,0
WBGene00166598.,0,0,0
WBGene00166599.,0,0,0
WBGene00166600.,0,0,0
WBGene00166601.,0,0,0
WBGene00166602.,0,0,0
WBGene00166603.,0,0,0
WBGene00166604.,0,0,0
WBGene00166605.,0,0,0
WBGene00166606.,0,0,0
WBGene00166607.,0,0,0
WBGene00166608.,0,0,0
WBGene00166609.,0,1,1
WBGene00166610.,0,0,0
WBGene00166611.,0,0,0
WBGene00166612.,0,2,2
WBGene00166613.,0,0,0
WBGene00166614.,0,0,0
WBGene00166615.,0,1,1
WBGene00166616.,0,0,0
WBGene00166617.,0,0,0
WBGene00166618.,0,0,0
WBGene00166619.,0,0,0
WBGene00166620.,0,0,0
WBGene00166621.,0,0,0
WBGene00166622.,0,0,0
WBGene00166623.,0,1,1
WBGene00166624.,0,0,0
WBGene00166625.,0,0,0
WBGene00166626.,0,0,0
WBGene00166627.,0,0,0
WBGene00166628.,0,0,0
WBGene00166629.,0,0,0
WBGene00166630.,0,0,0
WBGene00166631.,0,0,0
WBGene00166632.,0,0,0
WBGene00166633.,0,0,0
WBGene00166634.,0,0,0
WBGene00166635.,0,0,0
WBGene00166636.,0,0,0
WBGene00166637.,0,0,0
WBGene00166638.,0,0,0
WBGene00166639.,0,0,0
WBGene00166640.,0,0,0
WBGene00166641.,0,0,0
WBGene00166642.,0,1,1
WBGene00166643.,0,0,0
WBGene00166644.,0,0,0
WBGene00166645.,0,0,0
WBGene00166646.,0,0,0
WBGene00166647.,0,0,0
WBGene00166648.,0,1,1
WBGene00166649.,0,0,0
WBGene00166650.,0,0,0
WBGene00166651.,0,0,0
WBGene00166652.,0,0,0
WBGene00166653.,0,0,0
WBGene00166654.,0,0,0
WBGene00166655.,0,0,0
WBGene00166656.,0,4,4
WBGene00166657.,0,0,0
WBGene00166658.,0,2,2
WBGene00166659.,0,0,0
WBGene00166660.,0,0,0
WBGene00166661.,0,0,0
WBGene00166662.,0,1,1
WBGene00166663.,0,0,0
WBGene00166664.,0,0,0
WBGene00166665.,0,0,0
WBGene00166666.,0,0,0
WBGene00166667.,0,0,0
WBGene00166668.,0,0,0
WBGene00166669.,0,0,0
WBGene00166670.,0,0,0
WBGene00166671.,0,0,0
WBGene00166672.,0,0,0
WBGene00166673.,0,0,0
WBGene00166674.,0,0,0
WBGene00166675.,0,0,0
WBGene00166676.,0,0,0
WBGene00166677.,0,0,0
WBGene00166678.,0,0,0
WBGene00166679.,0,0,0
WBGene00166680.,0,0,0
WBGene00166681.,0,0,0
WBGene00166682.,0,2,2
WBGene00166683.,0,0,0
WBGene00166684.,0,0,0
WBGene00166685.,0,0,0
WBGene00166686.,0,0,0
WBGene00166687.,0,0,0
WBGene00166688.,0,0,0
WBGene00166689.,0,0,0
WBGene00166690.,0,0,0
WBGene00166691.,0,0,0
WBGene00166692.,0,0,0
WBGene00166693.,0,89,89
WBGene00166694.,0,0,0
WBGene00166695.,0,0,0
WBGene00166696.,0,5,5
WBGene00166697.,0,0,0
WBGene00166698.,0,0,0
WBGene00166699.,0,0,0
WBGene00166700.,0,0,0
WBGene00166701.,0,0,0
WBGene00166702.,0,0,0
WBGene00166703.,0,0,0
WBGene00166704.,0,0,0
WBGene00166705.,0,0,0
WBGene00166706.,0,0,0
WBGene00166707.,0,0,0
WBGene00166708.,0,0,0
WBGene00166709.,0,0,0
WBGene00166710.,0,0,0
WBGene00166711.,0,0,0
WBGene00166712.,0,0,0
WBGene00166713.,0,0,0
WBGene00166714.,0,0,0
WBGene00166715.,0,0,0
WBGene00166716.,0,0,0
WBGene00166717.,0,0,0
WBGene00166718.,0,0,0
WBGene00166719.,0,0,0
WBGene00166720.,0,0,0
WBGene00166721.,0,0,0
WBGene00166722.,0,5,5
WBGene00166723.,0,0,0
WBGene00166724.,0,0,0
WBGene00166725.,0,0,0
WBGene00166726.,0,0,0
WBGene00166727.,0,0,0
WBGene00166728.,0,0,0
WBGene00166729.,0,0,0
WBGene00166730.,0,0,0
WBGene00166731.,0,0,0
WBGene00166732.,0,0,0
WBGene00166733.,0,0,0
WBGene00166734.,0,0,0
WBGene00166735.,0,9,9
WBGene00166736.,0,3,3
WBGene00166737.,0,0,0
WBGene00166738.,0,0,0
WBGene00166739.,0,0,0
WBGene00166740.,0,2,2
WBGene00166741.,0,2,2
WBGene00166742.,0,0,0
WBGene00166743.,0,0,0
WBGene00166744.,0,0,0
WBGene00166745.,0,0,0
WBGene00166746.,0,0,0
WBGene00166747.,0,1,1
WBGene00166748.,0,0,0
WBGene00166749.,0,0,0
WBGene00166750.,0,0,0
WBGene00166751.,0,0,0
WBGene00166752.,0,0,0
WBGene00166753.,0,0,0
WBGene00166754.,0,0,0
WBGene00166755.,0,0,0
WBGene00166756.,0,0,0
WBGene00166757.,0,0,0
WBGene00166758.,0,0,0
WBGene00166759.,0,0,0
WBGene00166760.,0,15,15
WBGene00166761.,0,0,0
WBGene00166762.,0,0,0
WBGene00166763.,0,0,0
WBGene00166764.,0,0,0
WBGene00166765.,0,0,0
WBGene00166766.,0,0,0
WBGene00166767.,0,0,0
WBGene00166768.,0,0,0
WBGene00166769.,0,0,0
WBGene00166770.,0,0,0
WBGene00166771.,0,3,3
WBGene00166772.,0,0,0
WBGene00166773.,0,0,0
WBGene00166774.,0,0,0
WBGene00166775.,0,70,70
WBGene00166776.,0,0,0
WBGene00166777.,0,0,0
WBGene00166778.,0,0,0
WBGene00166779.,0,0,0
WBGene00166780.,0,2,2
WBGene00166781.,0,0,0
WBGene00166782.,0,1,1
WBGene00166783.,0,0,0
WBGene00166784.,0,0,0
WBGene00166785.,0,3,3
WBGene00166786.,0,0,0
WBGene00166787.,0,0,0
WBGene00166788.,0,0,0
WBGene00166789.,0,0,0
WBGene00166790.,0,0,0
WBGene00166791.,0,0,0
WBGene00166792.,0,0,0
WBGene00166793.,0,0,0
WBGene00166794.,0,1,1
WBGene00166795.,0,0,0
WBGene00166796.,0,0,0
WBGene00166797.,0,0,0
WBGene00166798.,0,0,0
WBGene00166799.,0,0,0
WBGene00166800.,0,0,0
WBGene00166801.,0,0,0
WBGene00166802.,0,0,0
WBGene00166803.,0,0,0
WBGene00166804.,0,0,0
WBGene00166805.,0,0,0
WBGene00166806.,0,0,0
WBGene00166807.,0,0,0
WBGene00166808.,0,0,0
WBGene00166809.,0,0,0
WBGene00166810.,0,0,0
WBGene00166811.,0,61,61
WBGene00166812.,0,0,0
WBGene00166813.,0,0,0
WBGene00166814.,0,0,0
WBGene00166815.,0,0,0
WBGene00166816.,0,0,0
WBGene00166817.,0,0,0
WBGene00166819.,0,0,0
WBGene00166820.,0,0,0
WBGene00166821.,0,0,0
WBGene00166822.,0,0,0
WBGene00166823.,0,0,0
WBGene00166824.,0,5,5
WBGene00166825.,0,0,0
WBGene00166826.,0,0,0
WBGene00166827.,0,0,0
WBGene00166828.,0,0,0
WBGene00166829.,0,0,0
WBGene00166830.,0,0,0
WBGene00166831.,0,3,3
WBGene00166832.,0,2,2
WBGene00166833.,0,0,0
WBGene00166834.,0,0,0
WBGene00166835.,0,0,0
WBGene00166836.,0,2,2
WBGene00166837.,0,1,1
WBGene00166838.,0,0,0
WBGene00166839.,0,0,0
WBGene00166840.,0,0,0
WBGene00166841.,0,8,8
WBGene00166842.,0,0,0
WBGene00166843.,0,0,0
WBGene00166844.,0,0,0
WBGene00166845.,0,0,0
WBGene00166846.,0,0,0
WBGene00166847.,0,0,0
WBGene00166848.,0,0,0
WBGene00166849.,0,0,0
WBGene00166850.,0,0,0
WBGene00166851.,0,0,0
WBGene00166852.,0,0,0
WBGene00166853.,0,0,0
WBGene00166854.,0,0,0
WBGene00166855.,0,0,0
WBGene00166856.,0,1,1
WBGene00166857.,0,0,0
WBGene00166858.,0,0,0
WBGene00166859.,0,0,0
WBGene00166860.,0,0,0
WBGene00166861.,0,0,0
WBGene00166862.,0,0,0
WBGene00166863.,0,0,0
WBGene00166864.,0,0,0
WBGene00166865.,0,0,0
WBGene00166866.,0,0,0
WBGene00166867.,0,1,1
WBGene00166868.,0,0,0
WBGene00166869.,0,0,0
WBGene00166870.,0,0,0
WBGene00166871.,0,0,0
WBGene00166872.,0,0,0
WBGene00166873.,0,0,0
WBGene00166874.,0,0,0
WBGene00166875.,0,0,0
WBGene00166876.,0,0,0
WBGene00166877.,0,0,0
WBGene00166878.,0,0,0
WBGene00166879.,0,0,0
WBGene00166880.,0,0,0
WBGene00166881.,0,0,0
WBGene00166882.,0,0,0
WBGene00166883.,0,0,0
WBGene00166884.,0,0,0
WBGene00166885.,0,11,11
WBGene00166886.,0,0,0
WBGene00166887.,0,0,0
WBGene00166888.,0,0,0
WBGene00166889.,0,0,0
WBGene00166890.,0,0,0
WBGene00166891.,0,0,0
WBGene00166892.,0,0,0
WBGene00166893.,0,0,0
WBGene00166894.,0,10,10
WBGene00166895.,0,0,0
WBGene00166896.,0,10,10
WBGene00166897.,0,0,0
WBGene00166898.,0,0,0
WBGene00166899.,0,0,0
WBGene00166900.,0,0,0
WBGene00166901.,0,0,0
WBGene00166902.,0,0,0
WBGene00166903.,0,0,0
WBGene00166904.,0,1,1
WBGene00166905.,0,0,0
WBGene00166906.,0,0,0
WBGene00166907.,0,0,0
WBGene00166908.,0,0,0
WBGene00166909.,0,0,0
WBGene00166910.,0,0,0
WBGene00166911.,0,4,4
WBGene00166912.,0,0,0
WBGene00166913.,0,0,0
WBGene00166914.,0,0,0
WBGene00166915.,0,0,0
WBGene00166916.,0,0,0
WBGene00166917.,0,1,1
WBGene00166918.,0,0,0
WBGene00166919.,0,0,0
WBGene00166920.,0,0,0
WBGene00166921.,0,3,3
WBGene00166922.,0,0,0
WBGene00166923.,0,0,0
WBGene00166924.,0,0,0
WBGene00166925.,0,0,0
WBGene00166926.,0,0,0
WBGene00166927.,0,0,0
WBGene00166928.,0,0,0
WBGene00166929.,0,11,11
WBGene00166930.,0,0,0
WBGene00166931.,0,0,0
WBGene00166932.,0,0,0
WBGene00166933.,0,11,11
WBGene00166934.,0,18,18
WBGene00166935.,0,0,0
WBGene00166936.,0,0,0
WBGene00166937.,0,1,1
WBGene00166938.,0,70,70
WBGene00166939.,0,0,0
WBGene00166940.,0,0,0
WBGene00166941.,0,0,0
WBGene00166942.,0,0,0
WBGene00166943.,0,0,0
WBGene00166944.,0,0,0
WBGene00166945.,0,6,6
WBGene00166946.,0,0,0
WBGene00166947.,0,0,0
WBGene00166948.,0,0,0
WBGene00166949.,0,0,0
WBGene00166950.,0,0,0
WBGene00166951.,0,0,0
WBGene00166952.,0,0,0
WBGene00166953.,0,0,0
WBGene00166954.,0,2,2
WBGene00166955.,0,0,0
WBGene00166956.,0,0,0
WBGene00166957.,0,0,0
WBGene00166958.,0,0,0
WBGene00166959.,0,0,0
WBGene00166960.,0,1,1
WBGene00166961.,0,0,0
WBGene00166962.,0,2,2
WBGene00166963.,0,0,0
WBGene00166964.,0,0,0
WBGene00166965.,0,0,0
WBGene00166966.,0,0,0
WBGene00166967.,0,0,0
WBGene00166968.,0,0,0
WBGene00166969.,0,0,0
WBGene00166970.,0,0,0
WBGene00166971.,0,0,0
WBGene00166972.,0,6,6
WBGene00166973.,0,0,0
WBGene00166974.,0,0,0
WBGene00166975.,0,5,5
WBGene00166976.,0,0,0
WBGene00166977.,0,0,0
WBGene00166978.,0,0,0
WBGene00166979.,0,0,0
WBGene00166980.,0,0,0
WBGene00166981.,0,0,0
WBGene00166982.,0,0,0
WBGene00166983.,0,0,0
WBGene00166984.,0,2,2
WBGene00166985.,0,0,0
WBGene00166986.,0,0,0
WBGene00166987.,0,0,0
WBGene00166988.,0,0,0
WBGene00166989.,0,0,0
WBGene00166990.,0,0,0
WBGene00166991.,0,0,0
WBGene00166992.,0,0,0
WBGene00166993.,0,0,0
WBGene00166994.,0,0,0
WBGene00166995.,0,0,0
WBGene00166996.,0,0,0
WBGene00166997.,0,0,0
WBGene00166998.,0,0,0
WBGene00166999.,0,0,0
WBGene00167000.,0,0,0
WBGene00167001.,0,0,0
WBGene00167002.,0,0,0
WBGene00167003.,0,0,0
WBGene00167004.,0,2,2
WBGene00167005.,0,0,0
WBGene00167006.,0,29,29
WBGene00167007.,0,0,0
WBGene00167008.,0,0,0
WBGene00167009.,0,0,0
WBGene00167010.,0,0,0
WBGene00167011.,0,1,1
WBGene00167012.,0,0,0
WBGene00167013.,0,1,1
WBGene00167014.,0,0,0
WBGene00167015.,0,0,0
WBGene00167016.,0,0,0
WBGene00167017.,0,0,0
WBGene00167018.,0,0,0
WBGene00167019.,0,0,0
WBGene00167020.,0,0,0
WBGene00167021.,0,0,0
WBGene00167022.,0,0,0
WBGene00167023.,0,0,0
WBGene00167024.,0,0,0
WBGene00167025.,0,9,9
WBGene00167026.,0,0,0
WBGene00167027.,0,0,0
WBGene00167028.,0,3,3
WBGene00167029.,0,0,0
WBGene00167030.,0,8,8
WBGene00167031.,0,0,0
WBGene00167032.,0,0,0
WBGene00167033.,0,0,0
WBGene00167034.,0,1,1
WBGene00167035.,0,5,5
WBGene00167036.,0,1,1
WBGene00167037.,0,0,0
WBGene00167038.,0,0,0
WBGene00167039.,0,4,4
WBGene00167040.,0,1,1
WBGene00167041.,0,0,0
WBGene00167042.,0,1,1
WBGene00167043.,0,0,0
WBGene00167044.,0,1,1
WBGene00167045.,0,0,0
WBGene00167046.,0,0,0
WBGene00167047.,0,0,0
WBGene00167048.,0,0,0
WBGene00167049.,0,0,0
WBGene00167050.,0,0,0
WBGene00167051.,0,0,0
WBGene00167052.,0,0,0
WBGene00167053.,0,0,0
WBGene00167054.,0,0,0
WBGene00167055.,0,0,0
WBGene00167056.,0,0,0
WBGene00167057.,0,0,0
WBGene00167058.,0,0,0
WBGene00167059.,0,0,0
WBGene00167060.,0,0,0
WBGene00167061.,0,0,0
WBGene00167062.,0,0,0
WBGene00167063.,0,0,0
WBGene00167064.,0,0,0
WBGene00167065.,0,0,0
WBGene00167066.,0,0,0
WBGene00167067.,0,0,0
WBGene00167068.,0,4,4
WBGene00167069.,0,1,1
WBGene00167070.,0,0,0
WBGene00167071.,0,0,0
WBGene00167072.,0,0,0
WBGene00167073.,0,0,0
WBGene00167074.,0,1,1
WBGene00167075.,0,0,0
WBGene00167076.,0,0,0
WBGene00167077.,0,0,0
WBGene00167078.,0,0,0
WBGene00167079.,0,0,0
WBGene00167080.,0,0,0
WBGene00167081.,0,0,0
WBGene00167082.,0,0,0
WBGene00167083.,0,0,0
WBGene00167084.,0,0,0
WBGene00167085.,0,0,0
WBGene00167086.,0,0,0
WBGene00167087.,0,0,0
WBGene00167088.,0,0,0
WBGene00167089.,0,0,0
WBGene00167090.,0,0,0
WBGene00167091.,0,1,1
WBGene00167092.,0,0,0
WBGene00167093.,0,2,2
WBGene00167094.,0,0,0
WBGene00167095.,0,0,0
WBGene00167096.,0,0,0
WBGene00167097.,0,0,0
WBGene00167098.,0,0,0
WBGene00167099.,0,0,0
WBGene00167100.,0,0,0
WBGene00167101.,0,0,0
WBGene00167102.,0,0,0
WBGene00167103.,0,5,5
WBGene00167104.,0,0,0
WBGene00167105.,0,0,0
WBGene00167106.,0,0,0
WBGene00167107.,0,0,0
WBGene00167108.,0,0,0
WBGene00167109.,0,0,0
WBGene00167110.,0,0,0
WBGene00167111.,0,0,0
WBGene00167112.,0,0,0
WBGene00167113.,0,0,0
WBGene00167114.,0,0,0
WBGene00167115.,0,0,0
WBGene00167116.,0,0,0
WBGene00167117.,0,0,0
WBGene00167118.,0,0,0
WBGene00167119.,0,0,0
WBGene00167120.,0,0,0
WBGene00167121.,0,0,0
WBGene00167122.,0,0,0
WBGene00167123.,0,0,0
WBGene00167124.,0,0,0
WBGene00167125.,0,0,0
WBGene00167126.,0,0,0
WBGene00167127.,0,0,0
WBGene00167128.,0,0,0
WBGene00167129.,0,0,0
WBGene00167130.,0,0,0
WBGene00167131.,0,0,0
WBGene00167132.,0,0,0
WBGene00167133.,0,0,0
WBGene00167134.,0,0,0
WBGene00167135.,0,0,0
WBGene00167136.,0,0,0
WBGene00167137.,0,0,0
WBGene00167138.,0,0,0
WBGene00167139.,0,0,0
WBGene00167140.,0,1,1
WBGene00167141.,0,0,0
WBGene00167142.,0,0,0
WBGene00167143.,0,2,2
WBGene00167144.,0,0,0
WBGene00167145.,0,0,0
WBGene00167146.,0,0,0
WBGene00167147.,0,0,0
WBGene00167148.,0,0,0
WBGene00167149.,0,0,0
WBGene00167150.,0,0,0
WBGene00167151.,0,0,0
WBGene00167152.,0,0,0
WBGene00167153.,0,1,1
WBGene00167154.,0,0,0
WBGene00167155.,0,0,0
WBGene00167156.,0,15,15
WBGene00167157.,0,0,0
WBGene00167158.,0,1,1
WBGene00167159.,0,0,0
WBGene00167160.,0,0,0
WBGene00167161.,0,0,0
WBGene00167162.,0,0,0
WBGene00167163.,0,0,0
WBGene00167164.,0,0,0
WBGene00167165.,0,0,0
WBGene00167166.,0,0,0
WBGene00167167.,0,0,0
WBGene00167168.,0,0,0
WBGene00167169.,0,0,0
WBGene00167170.,0,0,0
WBGene00167171.,0,3,3
WBGene00167172.,0,0,0
WBGene00167173.,0,0,0
WBGene00167174.,0,0,0
WBGene00167175.,0,0,0
WBGene00167176.,0,8,8
WBGene00167177.,0,0,0
WBGene00167178.,0,1,1
WBGene00167179.,0,0,0
WBGene00167180.,0,0,0
WBGene00167181.,0,0,0
WBGene00167182.,0,0,0
WBGene00167183.,0,0,0
WBGene00167184.,0,0,0
WBGene00167185.,0,0,0
WBGene00167186.,0,0,0
WBGene00167187.,0,0,0
WBGene00167188.,0,0,0
WBGene00167189.,0,0,0
WBGene00167190.,0,0,0
WBGene00167191.,0,0,0
WBGene00167192.,0,0,0
WBGene00167193.,0,0,0
WBGene00167194.,0,0,0
WBGene00167195.,0,1,1
WBGene00167196.,0,0,0
WBGene00167197.,0,0,0
WBGene00167198.,0,4,4
WBGene00167199.,0,0,0
WBGene00167200.,0,0,0
WBGene00167201.,0,0,0
WBGene00167202.,0,0,0
WBGene00167203.,0,0,0
WBGene00167204.,0,1,1
WBGene00167205.,0,1,1
WBGene00167206.,0,0,0
WBGene00167207.,0,6,6
WBGene00167208.,0,0,0
WBGene00167209.,0,0,0
WBGene00167210.,0,0,0
WBGene00167211.,0,0,0
WBGene00167212.,0,0,0
WBGene00167213.,0,0,0
WBGene00167214.,0,0,0
WBGene00167215.,0,0,0
WBGene00167216.,0,0,0
WBGene00167217.,0,0,0
WBGene00167218.,0,0,0
WBGene00167219.,0,0,0
WBGene00167220.,0,0,0
WBGene00167221.,0,1,1
WBGene00167222.,0,0,0
WBGene00167223.,0,0,0
WBGene00167224.,0,0,0
WBGene00167225.,0,5,5
WBGene00167226.,0,0,0
WBGene00167227.,0,1,1
WBGene00167228.,0,0,0
WBGene00167229.,0,0,0
WBGene00167230.,0,0,0
WBGene00167231.,0,0,0
WBGene00167232.,0,0,0
WBGene00167233.,0,0,0
WBGene00167234.,0,0,0
WBGene00167235.,0,0,0
WBGene00167236.,0,0,0
WBGene00167237.,0,2,2
WBGene00167238.,0,0,0
WBGene00167239.,0,0,0
WBGene00167240.,0,0,0
WBGene00167241.,0,0,0
WBGene00167242.,0,0,0
WBGene00167243.,0,0,0
WBGene00167244.,0,0,0
WBGene00167245.,0,0,0
WBGene00167246.,0,0,0
WBGene00167247.,0,0,0
WBGene00167248.,0,0,0
WBGene00167249.,0,0,0
WBGene00167250.,0,0,0
WBGene00167251.,0,0,0
WBGene00167252.,0,0,0
WBGene00167253.,0,0,0
WBGene00167254.,0,3,3
WBGene00167255.,0,0,0
WBGene00167256.,0,0,0
WBGene00167257.,0,0,0
WBGene00167258.,0,0,0
WBGene00167259.,0,0,0
WBGene00167260.,0,0,0
WBGene00167261.,0,10,10
WBGene00167262.,0,0,0
WBGene00167263.,0,0,0
WBGene00167264.,0,1,1
WBGene00167265.,0,0,0
WBGene00167266.,0,0,0
WBGene00167267.,0,0,0
WBGene00167268.,0,0,0
WBGene00167269.,0,3,3
WBGene00167270.,0,0,0
WBGene00167271.,0,1,1
WBGene00167272.,0,0,0
WBGene00167273.,0,0,0
WBGene00167274.,0,0,0
WBGene00167275.,0,0,0
WBGene00167276.,0,0,0
WBGene00167277.,0,0,0
WBGene00167278.,0,0,0
WBGene00167279.,0,15,15
WBGene00167280.,0,1,1
WBGene00167281.,0,0,0
WBGene00167282.,0,0,0
WBGene00167283.,0,0,0
WBGene00167284.,0,0,0
WBGene00167285.,0,0,0
WBGene00167286.,0,2,2
WBGene00167287.,0,0,0
WBGene00167288.,0,0,0
WBGene00167289.,0,0,0
WBGene00167290.,0,0,0
WBGene00167291.,0,0,0
WBGene00167292.,0,20,20
WBGene00167293.,0,2,2
WBGene00167294.,0,0,0
WBGene00167295.,0,0,0
WBGene00167296.,0,0,0
WBGene00167297.,0,0,0
WBGene00167298.,0,0,0
WBGene00167299.,0,17,17
WBGene00167300.,0,0,0
WBGene00167301.,0,8,8
WBGene00167302.,0,0,0
WBGene00167303.,0,0,0
WBGene00167304.,0,0,0
WBGene00167305.,0,0,0
WBGene00167306.,0,0,0
WBGene00167307.,0,0,0
WBGene00167308.,0,0,0
WBGene00167309.,0,0,0
WBGene00167310.,0,0,0
WBGene00167311.,0,0,0
WBGene00167312.,0,0,0
WBGene00167313.,0,0,0
WBGene00167314.,0,0,0
WBGene00167315.,0,0,0
WBGene00167316.,0,0,0
WBGene00167317.,0,0,0
WBGene00167318.,0,0,0
WBGene00167319.,0,0,0
WBGene00167320.,0,1,1
WBGene00167321.,0,0,0
WBGene00167322.,0,0,0
WBGene00167323.,0,5,5
WBGene00167324.,0,0,0
WBGene00167325.,0,0,0
WBGene00167326.,0,0,0
WBGene00167327.,0,0,0
WBGene00167328.,0,0,0
WBGene00167329.,0,0,0
WBGene00167330.,0,0,0
WBGene00167331.,0,0,0
WBGene00167332.,0,1,1
WBGene00167333.,0,0,0
WBGene00167334.,0,0,0
WBGene00167335.,0,0,0
WBGene00167336.,0,0,0
WBGene00167337.,0,0,0
WBGene00167338.,0,1,1
WBGene00167339.,0,0,0
WBGene00167340.,0,0,0
WBGene00167341.,0,0,0
WBGene00167342.,0,0,0
WBGene00167343.,0,0,0
WBGene00167344.,0,0,0
WBGene00167345.,0,1,1
WBGene00167346.,0,0,0
WBGene00167347.,0,0,0
WBGene00167348.,0,0,0
WBGene00167349.,0,0,0
WBGene00167350.,0,0,0
WBGene00167351.,0,0,0
WBGene00167352.,0,0,0
WBGene00167353.,0,9,9
WBGene00167354.,0,0,0
WBGene00167355.,0,0,0
WBGene00167356.,0,2,2
WBGene00167357.,0,0,0
WBGene00167358.,0,0,0
WBGene00167359.,0,0,0
WBGene00167360.,0,0,0
WBGene00167361.,0,0,0
WBGene00167362.,0,0,0
WBGene00167363.,0,1,1
WBGene00167364.,0,0,0
WBGene00167365.,0,2,2
WBGene00167366.,0,0,0
WBGene00167367.,0,0,0
WBGene00167368.,0,0,0
WBGene00167369.,0,0,0
WBGene00167370.,0,0,0
WBGene00167371.,0,0,0
WBGene00167372.,0,0,0
WBGene00167373.,0,0,0
WBGene00167374.,0,0,0
WBGene00167375.,0,0,0
WBGene00167376.,0,0,0
WBGene00167377.,0,95,95
WBGene00167378.,0,0,0
WBGene00167379.,0,0,0
WBGene00167380.,0,2,2
WBGene00167381.,0,0,0
WBGene00167382.,0,9,9
WBGene00167383.,0,0,0
WBGene00167384.,0,0,0
WBGene00167385.,0,0,0
WBGene00167386.,0,0,0
WBGene00167387.,0,0,0
WBGene00167388.,0,0,0
WBGene00167389.,0,0,0
WBGene00167390.,0,0,0
WBGene00167391.,0,0,0
WBGene00167392.,0,0,0
WBGene00167393.,0,0,0
WBGene00167394.,0,7,7
WBGene00167395.,0,1,1
WBGene00167396.,0,0,0
WBGene00167397.,0,0,0
WBGene00167398.,0,0,0
WBGene00167399.,0,0,0
WBGene00167400.,0,0,0
WBGene00167401.,0,0,0
WBGene00167402.,0,0,0
WBGene00167403.,0,0,0
WBGene00167404.,0,0,0
WBGene00167405.,0,0,0
WBGene00167406.,0,1,1
WBGene00167407.,0,0,0
WBGene00167408.,0,0,0
WBGene00167409.,0,0,0
WBGene00167410.,0,0,0
WBGene00167411.,0,0,0
WBGene00167412.,0,0,0
WBGene00167413.,0,0,0
WBGene00167414.,0,0,0
WBGene00167415.,0,0,0
WBGene00167416.,0,1,1
WBGene00167417.,0,0,0
WBGene00167418.,0,0,0
WBGene00167419.,0,0,0
WBGene00167420.,0,1,1
WBGene00167421.,0,0,0
WBGene00167422.,0,0,0
WBGene00167423.,0,0,0
WBGene00167424.,0,0,0
WBGene00167425.,0,0,0
WBGene00167426.,0,0,0
WBGene00167427.,0,1,1
WBGene00167428.,0,0,0
WBGene00167429.,0,0,0
WBGene00167430.,0,0,0
WBGene00167431.,0,0,0
WBGene00167432.,0,0,0
WBGene00167433.,0,0,0
WBGene00167434.,0,0,0
WBGene00167435.,0,0,0
WBGene00167436.,0,0,0
WBGene00167437.,0,1,1
WBGene00167438.,0,0,0
WBGene00167439.,0,0,0
WBGene00167440.,0,0,0
WBGene00167441.,0,0,0
WBGene00167442.,0,0,0
WBGene00167443.,0,0,0
WBGene00167444.,0,0,0
WBGene00167445.,0,0,0
WBGene00167446.,0,0,0
WBGene00167447.,0,1,1
WBGene00167448.,0,0,0
WBGene00167449.,0,0,0
WBGene00167450.,0,0,0
WBGene00167451.,0,0,0
WBGene00167452.,0,0,0
WBGene00167453.,0,0,0
WBGene00167454.,0,0,0
WBGene00167455.,0,2,2
WBGene00167456.,0,0,0
WBGene00167457.,0,0,0
WBGene00167458.,0,0,0
WBGene00167459.,0,0,0
WBGene00167460.,0,0,0
WBGene00167461.,0,0,0
WBGene00167462.,0,6,6
WBGene00167463.,0,7,7
WBGene00167464.,0,0,0
WBGene00167465.,0,0,0
WBGene00167466.,0,0,0
WBGene00167467.,0,1,1
WBGene00167468.,0,0,0
WBGene00167469.,0,0,0
WBGene00167470.,0,0,0
WBGene00167471.,0,0,0
WBGene00167472.,0,0,0
WBGene00167473.,0,6,6
WBGene00167474.,0,0,0
WBGene00167475.,0,0,0
WBGene00167476.,0,0,0
WBGene00167477.,0,4,4
WBGene00167478.,0,0,0
WBGene00167479.,0,0,0
WBGene00167480.,0,0,0
WBGene00167481.,0,0,0
WBGene00167482.,0,0,0
WBGene00167483.,0,0,0
WBGene00167484.,0,0,0
WBGene00167485.,0,0,0
WBGene00167487.,0,0,0
WBGene00167488.,0,0,0
WBGene00167489.,0,0,0
WBGene00167490.,0,0,0
WBGene00167491.,0,0,0
WBGene00167492.,0,0,0
WBGene00167493.,0,0,0
WBGene00167494.,0,0,0
WBGene00167495.,0,1,1
WBGene00167496.,0,0,0
WBGene00167497.,0,0,0
WBGene00167498.,0,0,0
WBGene00167499.,0,0,0
WBGene00167500.,0,0,0
WBGene00167501.,0,0,0
WBGene00167502.,0,0,0
WBGene00167503.,0,0,0
WBGene00167504.,0,0,0
WBGene00167505.,0,0,0
WBGene00167506.,0,0,0
WBGene00167507.,0,12,12
WBGene00167508.,0,0,0
WBGene00167509.,0,0,0
WBGene00167510.,0,0,0
WBGene00167511.,0,1,1
WBGene00167512.,0,0,0
WBGene00167513.,0,0,0
WBGene00167514.,0,0,0
WBGene00167515.,0,0,0
WBGene00167516.,0,0,0
WBGene00167517.,0,0,0
WBGene00167518.,0,0,0
WBGene00167519.,0,0,0
WBGene00167520.,0,2,2
WBGene00167521.,0,0,0
WBGene00167522.,0,0,0
WBGene00167523.,0,0,0
WBGene00167524.,0,0,0
WBGene00167525.,0,0,0
WBGene00167526.,0,0,0
WBGene00167527.,0,0,0
WBGene00167528.,0,0,0
WBGene00167529.,0,1,1
WBGene00167530.,0,0,0
WBGene00167531.,0,0,0
WBGene00167532.,0,0,0
WBGene00167533.,0,2,2
WBGene00167534.,0,0,0
WBGene00167535.,0,0,0
WBGene00167536.,0,3,3
WBGene00167537.,0,12,12
WBGene00167538.,0,0,0
WBGene00167539.,0,3,3
WBGene00167540.,0,0,0
WBGene00167541.,0,0,0
WBGene00167542.,0,0,0
WBGene00167543.,0,0,0
WBGene00167544.,0,9,9
WBGene00167545.,0,0,0
WBGene00167546.,0,0,0
WBGene00167547.,0,0,0
WBGene00167548.,0,0,0
WBGene00167549.,0,0,0
WBGene00167550.,0,6,6
WBGene00167551.,0,0,0
WBGene00167552.,0,0,0
WBGene00167553.,0,0,0
WBGene00167554.,0,0,0
WBGene00167555.,0,0,0
WBGene00167556.,0,0,0
WBGene00167557.,0,0,0
WBGene00167558.,0,0,0
WBGene00167559.,0,0,0
WBGene00167560.,0,0,0
WBGene00167561.,0,6,6
WBGene00167562.,0,0,0
WBGene00167563.,0,0,0
WBGene00167564.,0,0,0
WBGene00167565.,0,0,0
WBGene00167566.,0,3,3
WBGene00167567.,0,0,0
WBGene00167568.,0,0,0
WBGene00167569.,0,0,0
WBGene00167570.,0,0,0
WBGene00167571.,0,0,0
WBGene00167572.,0,0,0
WBGene00167573.,0,0,0
WBGene00167574.,0,0,0
WBGene00167575.,0,0,0
WBGene00167576.,0,0,0
WBGene00167577.,0,1,1
WBGene00167578.,0,1,1
WBGene00167579.,0,0,0
WBGene00167580.,0,0,0
WBGene00167581.,0,0,0
WBGene00167582.,0,0,0
WBGene00167583.,0,0,0
WBGene00167584.,0,0,0
WBGene00167585.,0,0,0
WBGene00167586.,0,0,0
WBGene00167587.,0,1,1
WBGene00167588.,0,0,0
WBGene00167589.,0,0,0
WBGene00167590.,0,0,0
WBGene00167591.,0,0,0
WBGene00167592.,0,0,0
WBGene00167593.,0,0,0
WBGene00167594.,0,0,0
WBGene00167595.,0,0,0
WBGene00167596.,0,0,0
WBGene00167597.,0,0,0
WBGene00167598.,0,0,0
WBGene00167599.,0,0,0
WBGene00167600.,0,0,0
WBGene00167601.,0,31,31
WBGene00167602.,0,0,0
WBGene00167603.,0,0,0
WBGene00167604.,0,0,0
WBGene00167605.,0,0,0
WBGene00167606.,0,1,1
WBGene00167607.,0,0,0
WBGene00167608.,0,0,0
WBGene00167609.,0,0,0
WBGene00167610.,0,6,6
WBGene00167611.,0,0,0
WBGene00167612.,0,0,0
WBGene00167613.,0,0,0
WBGene00167614.,0,1,1
WBGene00167615.,0,0,0
WBGene00167616.,0,0,0
WBGene00167617.,0,0,0
WBGene00167618.,0,0,0
WBGene00167619.,0,0,0
WBGene00167620.,0,0,0
WBGene00167621.,0,0,0
WBGene00167622.,0,0,0
WBGene00167623.,0,0,0
WBGene00167624.,0,0,0
WBGene00167625.,0,1,1
WBGene00167626.,0,0,0
WBGene00167627.,0,0,0
WBGene00167628.,0,0,0
WBGene00167629.,0,0,0
WBGene00167630.,0,0,0
WBGene00167631.,0,0,0
WBGene00167632.,0,1,1
WBGene00167633.,0,0,0
WBGene00167634.,0,0,0
WBGene00167635.,0,0,0
WBGene00167636.,0,0,0
WBGene00167637.,0,0,0
WBGene00167638.,0,0,0
WBGene00167639.,0,0,0
WBGene00167640.,0,0,0
WBGene00167641.,0,0,0
WBGene00167642.,0,3,3
WBGene00167643.,0,0,0
WBGene00167644.,0,0,0
WBGene00167645.,0,0,0
WBGene00167646.,0,0,0
WBGene00167647.,0,0,0
WBGene00167648.,0,0,0
WBGene00167649.,0,1,1
WBGene00167650.,0,0,0
WBGene00167651.,0,0,0
WBGene00167652.,0,0,0
WBGene00167653.,0,0,0
WBGene00167654.,0,0,0
WBGene00167655.,0,0,0
WBGene00167656.,0,0,0
WBGene00167657.,0,0,0
WBGene00167658.,0,0,0
WBGene00167659.,0,0,0
WBGene00167660.,0,0,0
WBGene00167661.,0,2,2
WBGene00167662.,0,4,4
WBGene00167663.,0,0,0
WBGene00167664.,0,5,5
WBGene00167665.,0,1,1
WBGene00167666.,0,0,0
WBGene00167667.,0,0,0
WBGene00167668.,0,0,0
WBGene00167669.,0,0,0
WBGene00167670.,0,0,0
WBGene00167671.,0,0,0
WBGene00167672.,0,0,0
WBGene00167673.,0,0,0
WBGene00167674.,0,0,0
WBGene00167675.,0,0,0
WBGene00167676.,0,0,0
WBGene00167677.,0,11,11
WBGene00167678.,0,0,0
WBGene00167679.,0,0,0
WBGene00167680.,0,0,0
WBGene00167681.,0,0,0
WBGene00167682.,0,4,4
WBGene00167683.,0,0,0
WBGene00167684.,0,0,0
WBGene00167685.,0,0,0
WBGene00167686.,0,0,0
WBGene00167687.,0,0,0
WBGene00167688.,0,3,3
WBGene00167689.,0,0,0
WBGene00167690.,0,0,0
WBGene00167691.,0,1,1
WBGene00167692.,0,0,0
WBGene00167693.,0,0,0
WBGene00167694.,0,0,0
WBGene00167695.,0,0,0
WBGene00167696.,0,1,1
WBGene00167697.,0,0,0
WBGene00167698.,0,0,0
WBGene00167699.,0,0,0
WBGene00167700.,0,0,0
WBGene00167701.,0,1,1
WBGene00167702.,0,3,3
WBGene00167703.,0,0,0
WBGene00167704.,0,0,0
WBGene00167705.,0,0,0
WBGene00167706.,0,0,0
WBGene00167707.,0,0,0
WBGene00167708.,0,0,0
WBGene00167709.,0,0,0
WBGene00167710.,0,2,2
WBGene00167711.,0,0,0
WBGene00167712.,0,0,0
WBGene00167713.,0,0,0
WBGene00167714.,0,0,0
WBGene00167715.,0,0,0
WBGene00167716.,0,1,1
WBGene00167717.,0,0,0
WBGene00167718.,0,0,0
WBGene00167719.,0,0,0
WBGene00167720.,0,3,3
WBGene00167721.,0,0,0
WBGene00167722.,0,0,0
WBGene00167723.,0,0,0
WBGene00167724.,0,0,0
WBGene00167725.,0,0,0
WBGene00167726.,0,0,0
WBGene00167727.,0,0,0
WBGene00167728.,0,0,0
WBGene00167729.,0,0,0
WBGene00167730.,0,1,1
WBGene00167731.,0,0,0
WBGene00167732.,0,0,0
WBGene00167733.,0,0,0
WBGene00167734.,0,0,0
WBGene00167735.,0,0,0
WBGene00167736.,0,3,3
WBGene00167737.,0,0,0
WBGene00167738.,0,0,0
WBGene00167739.,0,0,0
WBGene00167740.,0,0,0
WBGene00167741.,0,0,0
WBGene00167742.,0,0,0
WBGene00167743.,0,0,0
WBGene00167744.,0,0,0
WBGene00167745.,0,2,2
WBGene00167746.,0,2,2
WBGene00167747.,0,0,0
WBGene00167748.,0,0,0
WBGene00167749.,0,0,0
WBGene00167750.,0,4,4
WBGene00167751.,0,0,0
WBGene00167752.,0,0,0
WBGene00167753.,0,0,0
WBGene00167754.,0,0,0
WBGene00167755.,0,0,0
WBGene00167756.,0,0,0
WBGene00167757.,0,0,0
WBGene00167758.,0,0,0
WBGene00167759.,0,45,45
WBGene00167760.,0,0,0
WBGene00167761.,0,0,0
WBGene00167762.,0,0,0
WBGene00167763.,0,0,0
WBGene00167764.,0,1,1
WBGene00167765.,0,0,0
WBGene00167766.,0,0,0
WBGene00167767.,0,0,0
WBGene00167768.,0,3,3
WBGene00167769.,0,2,2
WBGene00167770.,0,0,0
WBGene00167771.,0,0,0
WBGene00167772.,0,6,6
WBGene00167773.,0,0,0
WBGene00167774.,0,0,0
WBGene00167775.,0,0,0
WBGene00167776.,0,0,0
WBGene00167777.,0,0,0
WBGene00167778.,0,0,0
WBGene00167779.,0,0,0
WBGene00167780.,0,7,7
WBGene00167781.,0,0,0
WBGene00167782.,0,0,0
WBGene00167783.,0,1,1
WBGene00167784.,0,0,0
WBGene00167785.,0,0,0
WBGene00167786.,0,1,1
WBGene00167787.,0,0,0
WBGene00167788.,0,2,2
WBGene00167789.,0,0,0
WBGene00167790.,0,0,0
WBGene00167791.,0,0,0
WBGene00167792.,0,0,0
WBGene00167793.,0,6,6
WBGene00167794.,0,0,0
WBGene00167795.,0,0,0
WBGene00167796.,0,0,0
WBGene00167797.,0,0,0
WBGene00167799.,0,0,0
WBGene00167800.,0,1,1
WBGene00167801.,0,0,0
WBGene00167802.,0,3,3
WBGene00167803.,0,3,3
WBGene00167804.,0,1,1
WBGene00167805.,0,5,5
WBGene00167806.,0,0,0
WBGene00167807.,0,0,0
WBGene00167808.,0,0,0
WBGene00167809.,0,0,0
WBGene00167810.,0,0,0
WBGene00167811.,0,1,1
WBGene00167812.,0,0,0
WBGene00167813.,0,0,0
WBGene00167814.,0,0,0
WBGene00167815.,0,0,0
WBGene00167816.,0,1,1
WBGene00167817.,0,0,0
WBGene00167818.,0,0,0
WBGene00167819.,0,0,0
WBGene00167820.,0,0,0
WBGene00167821.,0,0,0
WBGene00167822.,0,0,0
WBGene00167823.,0,0,0
WBGene00167824.,0,0,0
WBGene00167825.,0,0,0
WBGene00167826.,0,0,0
WBGene00167827.,0,0,0
WBGene00167828.,0,0,0
WBGene00167829.,0,0,0
WBGene00167830.,0,0,0
WBGene00167831.,0,0,0
WBGene00167832.,0,1,1
WBGene00167833.,0,0,0
WBGene00167834.,0,0,0
WBGene00167835.,0,0,0
WBGene00167836.,0,0,0
WBGene00167837.,0,0,0
WBGene00167838.,0,0,0
WBGene00167839.,0,0,0
WBGene00167840.,0,1,1
WBGene00167841.,0,0,0
WBGene00167842.,0,0,0
WBGene00167843.,0,0,0
WBGene00167845.,0,0,0
WBGene00167846.,0,0,0
WBGene00167847.,0,0,0
WBGene00167848.,0,0,0
WBGene00167849.,0,0,0
WBGene00167850.,0,0,0
WBGene00167851.,0,0,0
WBGene00167852.,0,0,0
WBGene00167853.,0,0,0
WBGene00167854.,0,20,20
WBGene00167855.,0,0,0
WBGene00167856.,0,0,0
WBGene00167857.,0,0,0
WBGene00167858.,0,0,0
WBGene00167859.,0,0,0
WBGene00167860.,0,1,1
WBGene00167861.,0,0,0
WBGene00167862.,0,0,0
WBGene00167863.,0,0,0
WBGene00167864.,0,0,0
WBGene00167865.,0,0,0
WBGene00167866.,0,1,1
WBGene00167867.,0,4,4
WBGene00167868.,0,0,0
WBGene00167869.,0,0,0
WBGene00167870.,0,0,0
WBGene00167871.,0,0,0
WBGene00167872.,0,4,4
WBGene00167873.,0,0,0
WBGene00167874.,0,0,0
WBGene00167875.,0,0,0
WBGene00167876.,0,0,0
WBGene00167877.,0,0,0
WBGene00167878.,0,0,0
WBGene00167879.,0,1,1
WBGene00167880.,0,0,0
WBGene00167881.,0,0,0
WBGene00167882.,0,3,3
WBGene00167883.,0,1,1
WBGene00167884.,0,0,0
WBGene00167885.,0,0,0
WBGene00167886.,0,0,0
WBGene00167887.,0,4,4
WBGene00167888.,0,0,0
WBGene00167889.,0,0,0
WBGene00167890.,0,0,0
WBGene00167891.,0,0,0
WBGene00167892.,0,0,0
WBGene00167893.,0,0,0
WBGene00167894.,0,0,0
WBGene00167895.,0,1,1
WBGene00167896.,0,0,0
WBGene00167897.,0,0,0
WBGene00167898.,0,0,0
WBGene00167899.,0,1,1
WBGene00167900.,0,0,0
WBGene00167901.,0,0,0
WBGene00167902.,0,0,0
WBGene00167903.,0,1,1
WBGene00167904.,0,0,0
WBGene00167905.,0,0,0
WBGene00167906.,0,0,0
WBGene00167907.,0,0,0
WBGene00167908.,0,0,0
WBGene00167909.,0,0,0
WBGene00167910.,0,0,0
WBGene00167911.,0,0,0
WBGene00167912.,0,0,0
WBGene00167913.,0,2,2
WBGene00167914.,0,0,0
WBGene00167915.,0,0,0
WBGene00167916.,0,1,1
WBGene00167917.,0,0,0
WBGene00167918.,0,0,0
WBGene00167919.,0,0,0
WBGene00167920.,0,0,0
WBGene00167921.,0,0,0
WBGene00167922.,0,1,1
WBGene00167923.,0,0,0
WBGene00167924.,0,0,0
WBGene00167925.,0,0,0
WBGene00167926.,0,0,0
WBGene00167927.,0,0,0
WBGene00167928.,0,0,0
WBGene00167929.,0,0,0
WBGene00167930.,0,0,0
WBGene00167931.,0,0,0
WBGene00167932.,0,0,0
WBGene00167933.,0,0,0
WBGene00167934.,0,0,0
WBGene00167935.,0,0,0
WBGene00167936.,0,0,0
WBGene00167937.,0,0,0
WBGene00167938.,0,0,0
WBGene00167939.,0,0,0
WBGene00167940.,0,0,0
WBGene00167941.,0,0,0
WBGene00167942.,0,0,0
WBGene00167943.,0,0,0
WBGene00167944.,0,0,0
WBGene00167945.,0,0,0
WBGene00167946.,0,0,0
WBGene00167947.,0,0,0
WBGene00167948.,0,3,3
WBGene00167949.,0,0,0
WBGene00167950.,0,0,0
WBGene00167951.,0,0,0
WBGene00167952.,0,2,2
WBGene00167953.,0,0,0
WBGene00167954.,0,0,0
WBGene00167955.,0,0,0
WBGene00167956.,0,0,0
WBGene00167957.,0,0,0
WBGene00167958.,0,0,0
WBGene00167959.,0,0,0
WBGene00167960.,0,0,0
WBGene00167961.,0,0,0
WBGene00167962.,0,0,0
WBGene00167963.,0,0,0
WBGene00167964.,0,0,0
WBGene00167965.,0,1,1
WBGene00167966.,0,0,0
WBGene00167967.,0,0,0
WBGene00167968.,0,0,0
WBGene00167969.,0,0,0
WBGene00167970.,0,0,0
WBGene00167971.,0,5,5
WBGene00167972.,0,0,0
WBGene00167973.,0,0,0
WBGene00167974.,0,0,0
WBGene00167975.,0,0,0
WBGene00167976.,0,0,0
WBGene00167977.,0,0,0
WBGene00167978.,0,0,0
WBGene00167979.,0,0,0
WBGene00167980.,0,0,0
WBGene00167981.,0,0,0
WBGene00167982.,0,0,0
WBGene00167983.,0,0,0
WBGene00167984.,0,0,0
WBGene00167985.,0,0,0
WBGene00167986.,0,0,0
WBGene00167987.,0,0,0
WBGene00167988.,0,0,0
WBGene00167989.,0,0,0
WBGene00167990.,0,0,0
WBGene00167991.,0,0,0
WBGene00167992.,0,0,0
WBGene00167993.,0,0,0
WBGene00167994.,0,1,1
WBGene00167995.,0,0,0
WBGene00167996.,0,13,13
WBGene00167997.,0,0,0
WBGene00167998.,0,3,3
WBGene00167999.,0,0,0
WBGene00168000.,0,0,0
WBGene00168001.,0,0,0
WBGene00168002.,0,0,0
WBGene00168003.,0,0,0
WBGene00168004.,0,0,0
WBGene00168005.,0,0,0
WBGene00168006.,0,0,0
WBGene00168007.,0,0,0
WBGene00168008.,0,0,0
WBGene00168009.,0,0,0
WBGene00168010.,0,0,0
WBGene00168011.,0,0,0
WBGene00168012.,0,5,5
WBGene00168013.,0,0,0
WBGene00168014.,0,0,0
WBGene00168015.,0,17,17
WBGene00168016.,0,0,0
WBGene00168017.,0,0,0
WBGene00168018.,0,0,0
WBGene00168019.,0,0,0
WBGene00168020.,0,11,11
WBGene00168021.,0,0,0
WBGene00168022.,0,2,2
WBGene00168023.,0,4,4
WBGene00168024.,0,10,10
WBGene00168025.,0,0,0
WBGene00168026.,0,0,0
WBGene00168027.,0,0,0
WBGene00168028.,0,1,1
WBGene00168029.,0,0,0
WBGene00168030.,0,0,0
WBGene00168031.,0,0,0
WBGene00168032.,0,0,0
WBGene00168033.,0,1,1
WBGene00168034.,0,0,0
WBGene00168035.,0,0,0
WBGene00168036.,0,0,0
WBGene00168037.,0,0,0
WBGene00168038.,0,0,0
WBGene00168039.,0,0,0
WBGene00168040.,0,0,0
WBGene00168041.,0,0,0
WBGene00168042.,0,0,0
WBGene00168043.,0,0,0
WBGene00168044.,0,0,0
WBGene00168045.,0,0,0
WBGene00168046.,0,1,1
WBGene00168047.,0,0,0
WBGene00168048.,0,0,0
WBGene00168049.,0,0,0
WBGene00168050.,0,0,0
WBGene00168051.,0,0,0
WBGene00168052.,0,0,0
WBGene00168053.,0,0,0
WBGene00168054.,0,0,0
WBGene00168055.,0,0,0
WBGene00168056.,0,0,0
WBGene00168057.,0,0,0
WBGene00168058.,0,0,0
WBGene00168059.,0,0,0
WBGene00168060.,0,0,0
WBGene00168061.,0,0,0
WBGene00168062.,0,0,0
WBGene00168063.,0,0,0
WBGene00168064.,0,0,0
WBGene00168065.,0,0,0
WBGene00168066.,0,0,0
WBGene00168067.,0,0,0
WBGene00168068.,0,0,0
WBGene00168069.,0,0,0
WBGene00168070.,0,0,0
WBGene00168071.,0,4,4
WBGene00168072.,0,0,0
WBGene00168073.,0,0,0
WBGene00168074.,0,0,0
WBGene00168075.,0,0,0
WBGene00168076.,0,0,0
WBGene00168077.,0,0,0
WBGene00168078.,0,0,0
WBGene00168079.,0,0,0
WBGene00168080.,0,0,0
WBGene00168081.,0,0,0
WBGene00168082.,0,0,0
WBGene00168083.,0,4,4
WBGene00168084.,0,3,3
WBGene00168085.,0,0,0
WBGene00168086.,0,0,0
WBGene00168087.,0,1,1
WBGene00168088.,0,0,0
WBGene00168089.,0,0,0
WBGene00168090.,0,7,7
WBGene00168091.,0,0,0
WBGene00168092.,0,13,13
WBGene00168093.,0,0,0
WBGene00168094.,0,0,0
WBGene00168095.,0,0,0
WBGene00168096.,0,1,1
WBGene00168097.,0,0,0
WBGene00168098.,0,0,0
WBGene00168099.,0,0,0
WBGene00168100.,0,0,0
WBGene00168101.,0,0,0
WBGene00168102.,0,0,0
WBGene00168103.,0,0,0
WBGene00168104.,0,0,0
WBGene00168105.,0,0,0
WBGene00168106.,0,0,0
WBGene00168107.,0,0,0
WBGene00168108.,0,0,0
WBGene00168109.,0,0,0
WBGene00168110.,0,0,0
WBGene00168111.,0,6,6
WBGene00168112.,0,0,0
WBGene00168113.,0,0,0
WBGene00168114.,0,0,0
WBGene00168115.,0,0,0
WBGene00168116.,0,1,1
WBGene00168117.,0,5,5
WBGene00168118.,0,0,0
WBGene00168119.,0,0,0
WBGene00168120.,0,7,7
WBGene00168121.,0,0,0
WBGene00168122.,0,0,0
WBGene00168123.,0,0,0
WBGene00168124.,0,3,3
WBGene00168125.,0,0,0
WBGene00168126.,0,0,0
WBGene00168127.,0,0,0
WBGene00168128.,0,0,0
WBGene00168129.,0,2,2
WBGene00168130.,0,15,15
WBGene00168131.,0,0,0
WBGene00168132.,0,0,0
WBGene00168133.,0,0,0
WBGene00168134.,0,0,0
WBGene00168135.,0,3,3
WBGene00168136.,0,0,0
WBGene00168137.,0,0,0
WBGene00168138.,0,0,0
WBGene00168139.,0,0,0
WBGene00168140.,0,0,0
WBGene00168141.,0,0,0
WBGene00168142.,0,0,0
WBGene00168143.,0,0,0
WBGene00168144.,0,0,0
WBGene00168145.,0,0,0
WBGene00168146.,0,0,0
WBGene00168147.,0,8,8
WBGene00168148.,0,0,0
WBGene00168149.,0,0,0
WBGene00168150.,0,0,0
WBGene00168151.,0,0,0
WBGene00168152.,0,1,1
WBGene00168153.,0,0,0
WBGene00168154.,0,0,0
WBGene00168155.,0,0,0
WBGene00168156.,0,2,2
WBGene00168157.,0,0,0
WBGene00168158.,0,0,0
WBGene00168159.,0,0,0
WBGene00168160.,0,0,0
WBGene00168161.,0,0,0
WBGene00168162.,0,0,0
WBGene00168163.,0,0,0
WBGene00168164.,0,0,0
WBGene00168165.,0,4,4
WBGene00168166.,0,0,0
WBGene00168167.,0,0,0
WBGene00168168.,0,0,0
WBGene00168169.,0,0,0
WBGene00168170.,0,0,0
WBGene00168171.,0,0,0
WBGene00168172.,0,0,0
WBGene00168173.,0,0,0
WBGene00168174.,0,0,0
WBGene00168175.,0,8,8
WBGene00168176.,0,0,0
WBGene00168177.,0,0,0
WBGene00168178.,0,0,0
WBGene00168179.,0,1,1
WBGene00168180.,0,0,0
WBGene00168181.,0,0,0
WBGene00168182.,0,0,0
WBGene00168183.,0,1,1
WBGene00168184.,0,0,0
WBGene00168185.,0,1,1
WBGene00168186.,0,0,0
WBGene00168187.,0,0,0
WBGene00168188.,0,19,19
WBGene00168189.,0,0,0
WBGene00168190.,0,0,0
WBGene00168191.,0,0,0
WBGene00168192.,0,0,0
WBGene00168193.,0,0,0
WBGene00168194.,0,0,0
WBGene00168195.,0,0,0
WBGene00168196.,0,0,0
WBGene00168197.,0,0,0
WBGene00168198.,0,0,0
WBGene00168199.,0,0,0
WBGene00168200.,0,0,0
WBGene00168201.,0,0,0
WBGene00168202.,0,0,0
WBGene00168203.,0,0,0
WBGene00168204.,0,0,0
WBGene00168205.,0,0,0
WBGene00168206.,0,0,0
WBGene00168207.,0,0,0
WBGene00168208.,0,0,0
WBGene00168209.,0,0,0
WBGene00168210.,0,0,0
WBGene00168211.,0,0,0
WBGene00168212.,0,0,0
WBGene00168213.,0,0,0
WBGene00168214.,0,1,1
WBGene00168215.,0,0,0
WBGene00168216.,0,0,0
WBGene00168217.,0,0,0
WBGene00168218.,0,0,0
WBGene00168219.,0,0,0
WBGene00168220.,0,0,0
WBGene00168221.,0,0,0
WBGene00168222.,0,0,0
WBGene00168223.,0,0,0
WBGene00168224.,0,0,0
WBGene00168225.,0,0,0
WBGene00168226.,0,0,0
WBGene00168227.,0,7,7
WBGene00168228.,0,0,0
WBGene00168229.,0,0,0
WBGene00168230.,0,24,24
WBGene00168231.,0,0,0
WBGene00168232.,0,0,0
WBGene00168233.,0,0,0
WBGene00168234.,0,0,0
WBGene00168235.,0,0,0
WBGene00168236.,0,1,1
WBGene00168237.,0,0,0
WBGene00168238.,0,1,1
WBGene00168239.,0,0,0
WBGene00168240.,0,0,0
WBGene00168241.,0,0,0
WBGene00168242.,0,0,0
WBGene00168243.,0,0,0
WBGene00168244.,0,0,0
WBGene00168245.,0,0,0
WBGene00168246.,0,0,0
WBGene00168247.,0,0,0
WBGene00168248.,0,0,0
WBGene00168249.,0,0,0
WBGene00168250.,0,0,0
WBGene00168251.,0,0,0
WBGene00168252.,0,0,0
WBGene00168253.,0,0,0
WBGene00168254.,0,6,6
WBGene00168255.,0,0,0
WBGene00168256.,0,0,0
WBGene00168257.,0,0,0
WBGene00168258.,0,0,0
WBGene00168259.,0,0,0
WBGene00168260.,0,1,1
WBGene00168261.,0,1,1
WBGene00168262.,0,8,8
WBGene00168263.,0,0,0
WBGene00168264.,0,10,10
WBGene00168265.,0,0,0
WBGene00168266.,0,2,2
WBGene00168267.,0,0,0
WBGene00168268.,0,0,0
WBGene00168269.,0,0,0
WBGene00168270.,0,0,0
WBGene00168271.,0,0,0
WBGene00168272.,0,0,0
WBGene00168273.,0,0,0
WBGene00168274.,0,0,0
WBGene00168275.,0,1,1
WBGene00168276.,0,0,0
WBGene00168277.,0,1,1
WBGene00168278.,0,1,1
WBGene00168279.,0,0,0
WBGene00168280.,0,0,0
WBGene00168281.,0,0,0
WBGene00168282.,0,1,1
WBGene00168283.,0,0,0
WBGene00168284.,0,0,0
WBGene00168285.,0,1,1
WBGene00168286.,0,1,1
WBGene00168287.,0,0,0
WBGene00168288.,0,0,0
WBGene00168289.,0,0,0
WBGene00168290.,0,0,0
WBGene00168291.,0,0,0
WBGene00168292.,0,0,0
WBGene00168293.,0,0,0
WBGene00168294.,0,0,0
WBGene00168295.,0,9,9
WBGene00168296.,0,0,0
WBGene00168297.,0,0,0
WBGene00168298.,0,0,0
WBGene00168299.,0,0,0
WBGene00168300.,0,1,1
WBGene00168301.,0,0,0
WBGene00168302.,0,0,0
WBGene00168303.,0,54,54
WBGene00168304.,0,0,0
WBGene00168305.,0,0,0
WBGene00168306.,0,11,11
WBGene00168307.,0,5,5
WBGene00168308.,0,1,1
WBGene00168309.,0,0,0
WBGene00168310.,0,1,1
WBGene00168311.,0,0,0
WBGene00168312.,0,0,0
WBGene00168313.,0,0,0
WBGene00168314.,0,0,0
WBGene00168315.,0,0,0
WBGene00168316.,0,0,0
WBGene00168317.,0,0,0
WBGene00168318.,0,0,0
WBGene00168319.,0,0,0
WBGene00168320.,0,0,0
WBGene00168321.,0,0,0
WBGene00168322.,0,0,0
WBGene00168323.,0,0,0
WBGene00168324.,0,8,8
WBGene00168325.,0,0,0
WBGene00168326.,0,0,0
WBGene00168327.,0,0,0
WBGene00168328.,0,0,0
WBGene00168329.,0,0,0
WBGene00168330.,0,0,0
WBGene00168331.,0,0,0
WBGene00168332.,0,0,0
WBGene00168333.,0,0,0
WBGene00168334.,0,0,0
WBGene00168335.,0,0,0
WBGene00168336.,0,2,2
WBGene00168337.,0,0,0
WBGene00168338.,0,0,0
WBGene00168339.,0,0,0
WBGene00168340.,0,2,2
WBGene00168341.,0,0,0
WBGene00168342.,0,0,0
WBGene00168343.,0,0,0
WBGene00168344.,0,0,0
WBGene00168345.,0,0,0
WBGene00168346.,0,0,0
WBGene00168347.,0,0,0
WBGene00168348.,0,0,0
WBGene00168349.,0,10,10
WBGene00168350.,0,0,0
WBGene00168351.,0,0,0
WBGene00168352.,0,0,0
WBGene00168353.,0,0,0
WBGene00168354.,0,0,0
WBGene00168355.,0,0,0
WBGene00168356.,0,0,0
WBGene00168357.,0,0,0
WBGene00168358.,0,0,0
WBGene00168359.,0,1,1
WBGene00168360.,0,0,0
WBGene00168361.,0,0,0
WBGene00168362.,0,0,0
WBGene00168363.,0,0,0
WBGene00168364.,0,0,0
WBGene00168365.,0,0,0
WBGene00168366.,0,0,0
WBGene00168367.,0,3,3
WBGene00168368.,0,0,0
WBGene00168369.,0,12,12
WBGene00168370.,0,0,0
WBGene00168371.,0,0,0
WBGene00168372.,0,0,0
WBGene00168373.,0,0,0
WBGene00168374.,0,0,0
WBGene00168375.,0,6,6
WBGene00168376.,0,0,0
WBGene00168377.,0,0,0
WBGene00168378.,0,0,0
WBGene00168379.,0,0,0
WBGene00168380.,0,0,0
WBGene00168381.,0,0,0
WBGene00168382.,0,0,0
WBGene00168383.,0,0,0
WBGene00168384.,0,0,0
WBGene00168385.,0,0,0
WBGene00168386.,0,0,0
WBGene00168387.,0,0,0
WBGene00168388.,0,50,50
WBGene00168389.,0,0,0
WBGene00168390.,0,0,0
WBGene00168391.,0,0,0
WBGene00168392.,0,0,0
WBGene00168393.,0,0,0
WBGene00168394.,0,0,0
WBGene00168395.,0,0,0
WBGene00168396.,0,3,3
WBGene00168397.,0,0,0
WBGene00168398.,0,0,0
WBGene00168399.,0,0,0
WBGene00168400.,0,0,0
WBGene00168401.,0,0,0
WBGene00168402.,0,0,0
WBGene00168403.,0,0,0
WBGene00168404.,0,0,0
WBGene00168405.,0,0,0
WBGene00168406.,0,0,0
WBGene00168407.,0,0,0
WBGene00168408.,0,0,0
WBGene00168409.,0,1,1
WBGene00168410.,0,0,0
WBGene00168411.,0,0,0
WBGene00168412.,0,0,0
WBGene00168413.,0,0,0
WBGene00168414.,0,0,0
WBGene00168415.,0,0,0
WBGene00168416.,0,0,0
WBGene00168417.,0,0,0
WBGene00168418.,0,0,0
WBGene00168419.,0,0,0
WBGene00168420.,0,1,1
WBGene00168421.,0,0,0
WBGene00168422.,0,0,0
WBGene00168423.,0,0,0
WBGene00168424.,0,0,0
WBGene00168425.,0,0,0
WBGene00168426.,0,0,0
WBGene00168427.,0,0,0
WBGene00168428.,0,0,0
WBGene00168429.,0,0,0
WBGene00168430.,0,0,0
WBGene00168431.,0,0,0
WBGene00168432.,0,18,18
WBGene00168433.,0,1,1
WBGene00168434.,0,0,0
WBGene00168435.,0,5,5
WBGene00168436.,0,0,0
WBGene00168437.,0,0,0
WBGene00168438.,0,0,0
WBGene00168439.,0,0,0
WBGene00168440.,0,0,0
WBGene00168441.,0,0,0
WBGene00168442.,0,1,1
WBGene00168443.,0,0,0
WBGene00168444.,0,0,0
WBGene00168445.,0,1,1
WBGene00168446.,0,0,0
WBGene00168447.,0,0,0
WBGene00168448.,0,0,0
WBGene00168449.,0,0,0
WBGene00168450.,0,0,0
WBGene00168451.,0,0,0
WBGene00168452.,0,0,0
WBGene00168453.,0,0,0
WBGene00168454.,0,0,0
WBGene00168455.,0,0,0
WBGene00168456.,0,0,0
WBGene00168457.,0,38,38
WBGene00168458.,0,0,0
WBGene00168459.,0,0,0
WBGene00168460.,0,2,2
WBGene00168461.,0,0,0
WBGene00168462.,0,2,2
WBGene00168463.,0,0,0
WBGene00168464.,0,0,0
WBGene00168465.,0,0,0
WBGene00168466.,0,18,18
WBGene00168467.,0,0,0
WBGene00168468.,0,1,1
WBGene00168469.,0,0,0
WBGene00168470.,0,0,0
WBGene00168472.,0,0,0
WBGene00168473.,0,0,0
WBGene00168474.,0,0,0
WBGene00168475.,0,0,0
WBGene00168476.,0,0,0
WBGene00168477.,0,2,2
WBGene00168478.,0,0,0
WBGene00168479.,0,0,0
WBGene00168480.,0,0,0
WBGene00168481.,0,0,0
WBGene00168482.,0,0,0
WBGene00168483.,0,0,0
WBGene00168484.,0,0,0
WBGene00168485.,0,0,0
WBGene00168486.,0,1,1
WBGene00168487.,0,0,0
WBGene00168488.,0,9,9
WBGene00168489.,0,0,0
WBGene00168490.,0,0,0
WBGene00168491.,0,0,0
WBGene00168492.,0,0,0
WBGene00168493.,0,0,0
WBGene00168494.,0,0,0
WBGene00168495.,0,0,0
WBGene00168496.,0,0,0
WBGene00168497.,0,0,0
WBGene00168498.,0,0,0
WBGene00168499.,0,0,0
WBGene00168500.,0,0,0
WBGene00168501.,0,3,3
WBGene00168502.,0,2,2
WBGene00168503.,0,1,1
WBGene00168504.,0,0,0
WBGene00168505.,0,0,0
WBGene00168506.,0,0,0
WBGene00168507.,0,0,0
WBGene00168508.,0,0,0
WBGene00168509.,0,0,0
WBGene00168510.,0,10,10
WBGene00168511.,0,0,0
WBGene00168512.,0,0,0
WBGene00168513.,0,0,0
WBGene00168514.,0,0,0
WBGene00168515.,0,0,0
WBGene00168516.,0,0,0
WBGene00168517.,0,0,0
WBGene00168518.,0,0,0
WBGene00168519.,0,0,0
WBGene00168520.,0,0,0
WBGene00168521.,0,0,0
WBGene00168522.,0,0,0
WBGene00168523.,0,1,1
WBGene00168524.,0,0,0
WBGene00168525.,0,1,1
WBGene00168526.,0,0,0
WBGene00168527.,0,0,0
WBGene00168528.,0,0,0
WBGene00168529.,0,0,0
WBGene00168530.,0,0,0
WBGene00168531.,0,0,0
WBGene00168532.,0,0,0
WBGene00168533.,0,2,2
WBGene00168534.,0,0,0
WBGene00168535.,0,0,0
WBGene00168536.,0,0,0
WBGene00168537.,0,2,2
WBGene00168538.,0,0,0
WBGene00168539.,0,0,0
WBGene00168540.,0,0,0
WBGene00168541.,0,0,0
WBGene00168542.,0,0,0
WBGene00168543.,0,0,0
WBGene00168544.,0,0,0
WBGene00168545.,0,0,0
WBGene00168546.,0,0,0
WBGene00168547.,0,0,0
WBGene00168548.,0,19,19
WBGene00168549.,0,0,0
WBGene00168550.,0,0,0
WBGene00168551.,0,0,0
WBGene00168552.,0,0,0
WBGene00168553.,0,0,0
WBGene00168554.,0,0,0
WBGene00168555.,0,32,32
WBGene00168556.,0,0,0
WBGene00168557.,0,0,0
WBGene00168558.,0,0,0
WBGene00168559.,0,1,1
WBGene00168560.,0,0,0
WBGene00168561.,0,0,0
WBGene00168562.,0,0,0
WBGene00168563.,0,0,0
WBGene00168564.,0,0,0
WBGene00168565.,0,1,1
WBGene00168566.,0,0,0
WBGene00168567.,0,0,0
WBGene00168568.,0,0,0
WBGene00168569.,0,0,0
WBGene00168570.,0,0,0
WBGene00168571.,0,0,0
WBGene00168572.,0,0,0
WBGene00168573.,0,1,1
WBGene00168574.,0,0,0
WBGene00168575.,0,0,0
WBGene00168576.,0,0,0
WBGene00168577.,0,0,0
WBGene00168578.,0,0,0
WBGene00168579.,0,0,0
WBGene00168580.,0,0,0
WBGene00168581.,0,0,0
WBGene00168582.,0,0,0
WBGene00168583.,0,1,1
WBGene00168584.,0,0,0
WBGene00168585.,0,0,0
WBGene00168586.,0,0,0
WBGene00168587.,0,0,0
WBGene00168588.,0,0,0
WBGene00168589.,0,0,0
WBGene00168590.,0,0,0
WBGene00168591.,0,0,0
WBGene00168592.,0,0,0
WBGene00168593.,0,1,1
WBGene00168594.,0,0,0
WBGene00168595.,0,0,0
WBGene00168596.,0,0,0
WBGene00168597.,0,0,0
WBGene00168598.,0,0,0
WBGene00168599.,0,0,0
WBGene00168600.,0,0,0
WBGene00168601.,0,0,0
WBGene00168602.,0,0,0
WBGene00168603.,0,0,0
WBGene00168604.,0,2,2
WBGene00168605.,0,0,0
WBGene00168606.,0,0,0
WBGene00168607.,0,0,0
WBGene00168608.,0,0,0
WBGene00168609.,0,0,0
WBGene00168610.,0,3,3
WBGene00168611.,0,0,0
WBGene00168612.,0,0,0
WBGene00168613.,0,0,0
WBGene00168614.,0,0,0
WBGene00168615.,0,0,0
WBGene00168616.,0,0,0
WBGene00168617.,0,0,0
WBGene00168618.,0,0,0
WBGene00168619.,0,0,0
WBGene00168620.,0,0,0
WBGene00168621.,0,0,0
WBGene00168622.,0,4,4
WBGene00168623.,0,0,0
WBGene00168624.,0,0,0
WBGene00168625.,0,0,0
WBGene00168626.,0,0,0
WBGene00168627.,0,0,0
WBGene00168628.,0,0,0
WBGene00168629.,0,0,0
WBGene00168630.,0,21,21
WBGene00168631.,0,0,0
WBGene00168632.,0,0,0
WBGene00168633.,0,0,0
WBGene00168634.,0,0,0
WBGene00168635.,0,1,1
WBGene00168636.,0,0,0
WBGene00168637.,0,0,0
WBGene00168638.,0,0,0
WBGene00168639.,0,0,0
WBGene00168640.,0,1,1
WBGene00168641.,0,0,0
WBGene00168642.,0,6,6
WBGene00168643.,0,0,0
WBGene00168644.,0,0,0
WBGene00168645.,0,0,0
WBGene00168646.,0,0,0
WBGene00168647.,0,0,0
WBGene00168648.,0,0,0
WBGene00168649.,0,0,0
WBGene00168650.,0,0,0
WBGene00168651.,0,0,0
WBGene00168652.,0,0,0
WBGene00168653.,0,0,0
WBGene00168654.,0,8,8
WBGene00168655.,0,0,0
WBGene00168656.,0,0,0
WBGene00168657.,0,0,0
WBGene00168658.,0,4,4
WBGene00168659.,0,0,0
WBGene00168660.,0,0,0
WBGene00168661.,0,0,0
WBGene00168662.,0,2,2
WBGene00168663.,0,0,0
WBGene00168664.,0,0,0
WBGene00168665.,0,0,0
WBGene00168666.,0,0,0
WBGene00168667.,0,0,0
WBGene00168668.,0,0,0
WBGene00168669.,0,0,0
WBGene00168670.,0,0,0
WBGene00168671.,0,0,0
WBGene00168672.,0,0,0
WBGene00168673.,0,0,0
WBGene00168674.,0,0,0
WBGene00168675.,0,0,0
WBGene00168676.,0,21,21
WBGene00168677.,0,0,0
WBGene00168678.,0,0,0
WBGene00168679.,0,0,0
WBGene00168680.,0,0,0
WBGene00168681.,0,0,0
WBGene00168682.,0,1,1
WBGene00168683.,0,0,0
WBGene00168684.,0,0,0
WBGene00168685.,0,0,0
WBGene00168686.,0,0,0
WBGene00168687.,0,0,0
WBGene00168688.,0,1,1
WBGene00168689.,0,0,0
WBGene00168690.,0,4,4
WBGene00168691.,0,0,0
WBGene00168692.,0,0,0
WBGene00168693.,0,1,1
WBGene00168694.,0,0,0
WBGene00168695.,0,0,0
WBGene00168696.,0,0,0
WBGene00168697.,0,0,0
WBGene00168698.,0,0,0
WBGene00168699.,0,0,0
WBGene00168700.,0,0,0
WBGene00168701.,0,0,0
WBGene00168702.,0,0,0
WBGene00168703.,0,0,0
WBGene00168704.,0,0,0
WBGene00168705.,0,1,1
WBGene00168706.,0,0,0
WBGene00168707.,0,0,0
WBGene00168708.,0,0,0
WBGene00168709.,0,0,0
WBGene00168710.,0,2,2
WBGene00168711.,0,0,0
WBGene00168712.,0,0,0
WBGene00168713.,0,0,0
WBGene00168714.,0,0,0
WBGene00168715.,0,0,0
WBGene00168716.,0,0,0
WBGene00168717.,0,0,0
WBGene00168718.,0,0,0
WBGene00168719.,0,0,0
WBGene00168720.,0,11,11
WBGene00168721.,0,2,2
WBGene00168722.,0,0,0
WBGene00168723.,0,0,0
WBGene00168724.,0,0,0
WBGene00168725.,0,0,0
WBGene00168726.,0,0,0
WBGene00168727.,0,1,1
WBGene00168728.,0,0,0
WBGene00168729.,0,1,1
WBGene00168730.,0,0,0
WBGene00168731.,0,0,0
WBGene00168732.,0,44,44
WBGene00168733.,0,0,0
WBGene00168734.,0,0,0
WBGene00168735.,0,0,0
WBGene00168736.,0,3,3
WBGene00168737.,0,0,0
WBGene00168738.,0,0,0
WBGene00168739.,0,0,0
WBGene00168740.,0,0,0
WBGene00168741.,0,0,0
WBGene00168742.,0,0,0
WBGene00168743.,0,0,0
WBGene00168744.,0,0,0
WBGene00168745.,0,0,0
WBGene00168746.,0,0,0
WBGene00168747.,0,0,0
WBGene00168748.,0,0,0
WBGene00168749.,0,1,1
WBGene00168750.,0,2,2
WBGene00168751.,0,0,0
WBGene00168752.,0,0,0
WBGene00168753.,0,0,0
WBGene00168754.,0,0,0
WBGene00168755.,0,0,0
WBGene00168756.,0,1,1
WBGene00168757.,0,0,0
WBGene00168758.,0,1,1
WBGene00168759.,0,0,0
WBGene00168760.,0,0,0
WBGene00168761.,0,0,0
WBGene00168762.,0,0,0
WBGene00168763.,0,0,0
WBGene00168764.,0,8,8
WBGene00168765.,0,0,0
WBGene00168766.,0,0,0
WBGene00168767.,0,0,0
WBGene00168768.,0,0,0
WBGene00168769.,0,0,0
WBGene00168770.,0,0,0
WBGene00168771.,0,0,0
WBGene00168772.,0,9,9
WBGene00168773.,0,0,0
WBGene00168774.,0,0,0
WBGene00168775.,0,2,2
WBGene00168776.,0,0,0
WBGene00168777.,0,6,6
WBGene00168778.,0,0,0
WBGene00168779.,0,2,2
WBGene00168780.,0,0,0
WBGene00168781.,0,0,0
WBGene00168782.,0,0,0
WBGene00168783.,0,0,0
WBGene00168784.,0,0,0
WBGene00168785.,0,0,0
WBGene00168786.,0,0,0
WBGene00168787.,0,1,1
WBGene00168788.,0,2,2
WBGene00168789.,0,0,0
WBGene00168790.,0,0,0
WBGene00168791.,0,0,0
WBGene00168792.,0,0,0
WBGene00168793.,0,0,0
WBGene00168794.,0,0,0
WBGene00168795.,0,0,0
WBGene00168796.,0,0,0
WBGene00168797.,0,0,0
WBGene00168798.,0,0,0
WBGene00168799.,0,0,0
WBGene00168800.,0,0,0
WBGene00168801.,0,0,0
WBGene00168802.,0,0,0
WBGene00168803.,0,1,1
WBGene00168804.,0,0,0
WBGene00168805.,0,0,0
WBGene00168806.,0,0,0
WBGene00168807.,0,2,2
WBGene00168808.,0,0,0
WBGene00168809.,0,2,2
WBGene00168810.,0,0,0
WBGene00168811.,0,0,0
WBGene00168812.,0,0,0
WBGene00168813.,0,0,0
WBGene00168814.,0,0,0
WBGene00168815.,0,14,14
WBGene00168816.,0,1,1
WBGene00168817.,0,0,0
WBGene00168818.,0,0,0
WBGene00168819.,0,0,0
WBGene00168820.,0,0,0
WBGene00168821.,0,0,0
WBGene00168822.,0,0,0
WBGene00168823.,0,7,7
WBGene00168824.,0,0,0
WBGene00168825.,0,0,0
WBGene00168826.,0,0,0
WBGene00168827.,0,0,0
WBGene00168828.,0,0,0
WBGene00168829.,0,0,0
WBGene00168830.,0,0,0
WBGene00168831.,0,0,0
WBGene00168832.,0,0,0
WBGene00168833.,0,0,0
WBGene00168834.,0,0,0
WBGene00168835.,0,0,0
WBGene00168836.,0,0,0
WBGene00168837.,0,0,0
WBGene00168838.,0,0,0
WBGene00168839.,0,0,0
WBGene00168840.,0,0,0
WBGene00168841.,0,0,0
WBGene00168842.,0,0,0
WBGene00168843.,0,1,1
WBGene00168844.,0,0,0
WBGene00168845.,0,0,0
WBGene00168846.,0,0,0
WBGene00168847.,0,0,0
WBGene00168848.,0,0,0
WBGene00168849.,0,0,0
WBGene00168850.,0,0,0
WBGene00168851.,0,0,0
WBGene00168852.,0,0,0
WBGene00168853.,0,1,1
WBGene00168854.,0,1,1
WBGene00168855.,0,0,0
WBGene00168856.,0,0,0
WBGene00168857.,0,0,0
WBGene00168858.,0,0,0
WBGene00168859.,0,0,0
WBGene00168860.,0,0,0
WBGene00168861.,0,0,0
WBGene00168862.,0,0,0
WBGene00168863.,0,0,0
WBGene00168864.,0,7,7
WBGene00168865.,0,0,0
WBGene00168866.,0,10,10
WBGene00168867.,0,0,0
WBGene00168868.,0,1,1
WBGene00168869.,0,0,0
WBGene00168870.,0,0,0
WBGene00168871.,0,0,0
WBGene00168872.,0,0,0
WBGene00168873.,0,0,0
WBGene00168874.,0,0,0
WBGene00168875.,0,0,0
WBGene00168876.,0,17,17
WBGene00168877.,0,1,1
WBGene00168878.,0,0,0
WBGene00168879.,0,0,0
WBGene00168880.,0,0,0
WBGene00168881.,0,0,0
WBGene00168882.,0,0,0
WBGene00168883.,0,0,0
WBGene00168884.,0,0,0
WBGene00168885.,0,0,0
WBGene00168886.,0,0,0
WBGene00168887.,0,0,0
WBGene00168888.,0,0,0
WBGene00168889.,0,0,0
WBGene00168890.,0,3,3
WBGene00168891.,0,0,0
WBGene00168892.,0,3,3
WBGene00168893.,0,5,5
WBGene00168894.,0,0,0
WBGene00168895.,0,0,0
WBGene00168896.,0,0,0
WBGene00168897.,0,0,0
WBGene00168898.,0,0,0
WBGene00168899.,0,0,0
WBGene00168900.,0,0,0
WBGene00168901.,0,0,0
WBGene00168902.,0,0,0
WBGene00168903.,0,2,2
WBGene00168904.,0,0,0
WBGene00168905.,0,0,0
WBGene00168906.,0,0,0
WBGene00168907.,0,0,0
WBGene00168908.,0,0,0
WBGene00168909.,0,0,0
WBGene00168910.,0,0,0
WBGene00168911.,0,0,0
WBGene00168912.,0,0,0
WBGene00168913.,0,0,0
WBGene00168914.,0,10,10
WBGene00168915.,0,0,0
WBGene00168916.,0,2,2
WBGene00168917.,0,0,0
WBGene00168918.,0,0,0
WBGene00168919.,0,1,1
WBGene00168920.,0,0,0
WBGene00168921.,0,0,0
WBGene00168922.,0,0,0
WBGene00168923.,0,0,0
WBGene00168924.,0,0,0
WBGene00168925.,0,0,0
WBGene00168926.,0,0,0
WBGene00168927.,0,0,0
WBGene00168928.,0,4,4
WBGene00168929.,0,0,0
WBGene00168930.,0,0,0
WBGene00168931.,0,0,0
WBGene00168932.,0,0,0
WBGene00168933.,0,1,1
WBGene00168934.,0,0,0
WBGene00168935.,0,0,0
WBGene00168936.,0,0,0
WBGene00168937.,0,0,0
WBGene00168938.,0,2,2
WBGene00168939.,0,0,0
WBGene00168940.,0,0,0
WBGene00168941.,0,0,0
WBGene00168942.,0,0,0
WBGene00168943.,0,0,0
WBGene00168944.,0,0,0
WBGene00168945.,0,0,0
WBGene00168946.,0,0,0
WBGene00168947.,0,8,8
WBGene00168948.,0,0,0
WBGene00168949.,0,0,0
WBGene00168950.,0,0,0
WBGene00168951.,0,1,1
WBGene00168952.,0,0,0
WBGene00168953.,0,0,0
WBGene00168954.,0,1,1
WBGene00168955.,0,3,3
WBGene00168956.,0,0,0
WBGene00168957.,0,0,0
WBGene00168958.,0,1,1
WBGene00168959.,0,0,0
WBGene00168960.,0,0,0
WBGene00168961.,0,0,0
WBGene00168962.,0,1,1
WBGene00168963.,0,0,0
WBGene00168964.,0,0,0
WBGene00168965.,0,0,0
WBGene00168966.,0,2,2
WBGene00168967.,0,0,0
WBGene00168968.,0,0,0
WBGene00168969.,0,0,0
WBGene00168970.,0,8,8
WBGene00168971.,0,0,0
WBGene00168972.,0,0,0
WBGene00168973.,0,0,0
WBGene00168974.,0,2,2
WBGene00168975.,0,0,0
WBGene00168976.,0,0,0
WBGene00168977.,0,0,0
WBGene00168978.,0,0,0
WBGene00168979.,0,0,0
WBGene00168980.,0,0,0
WBGene00168981.,0,0,0
WBGene00168982.,0,0,0
WBGene00168983.,0,0,0
WBGene00168984.,0,0,0
WBGene00168985.,0,20,20
WBGene00168986.,0,0,0
WBGene00168987.,0,0,0
WBGene00168988.,0,0,0
WBGene00168989.,0,0,0
WBGene00168990.,0,3,3
WBGene00168991.,0,0,0
WBGene00168992.,0,0,0
WBGene00168993.,0,0,0
WBGene00168994.,0,0,0
WBGene00168995.,0,7,7
WBGene00168996.,0,0,0
WBGene00168997.,0,0,0
WBGene00168998.,0,0,0
WBGene00168999.,0,0,0
WBGene00169000.,0,0,0
WBGene00169001.,0,2,2
WBGene00169002.,0,0,0
WBGene00169003.,0,0,0
WBGene00169004.,0,0,0
WBGene00169005.,0,0,0
WBGene00169006.,0,115,115
WBGene00169007.,0,0,0
WBGene00169008.,0,0,0
WBGene00169009.,0,0,0
WBGene00169010.,0,0,0
WBGene00169011.,0,0,0
WBGene00169012.,0,0,0
WBGene00169013.,0,0,0
WBGene00169014.,0,0,0
WBGene00169015.,0,0,0
WBGene00169016.,0,2,2
WBGene00169017.,0,0,0
WBGene00169018.,0,0,0
WBGene00169019.,0,0,0
WBGene00169020.,0,0,0
WBGene00169021.,0,0,0
WBGene00169022.,0,0,0
WBGene00169023.,0,0,0
WBGene00169024.,0,0,0
WBGene00169025.,0,0,0
WBGene00169026.,0,0,0
WBGene00169027.,0,0,0
WBGene00169028.,0,0,0
WBGene00169029.,0,0,0
WBGene00169030.,0,0,0
WBGene00169031.,0,0,0
WBGene00169032.,0,0,0
WBGene00169033.,0,0,0
WBGene00169034.,0,0,0
WBGene00169035.,0,0,0
WBGene00169036.,0,2,2
WBGene00169037.,0,0,0
WBGene00169038.,0,0,0
WBGene00169039.,0,0,0
WBGene00169040.,0,0,0
WBGene00169041.,0,0,0
WBGene00169042.,0,0,0
WBGene00169043.,0,0,0
WBGene00169044.,0,0,0
WBGene00169045.,0,0,0
WBGene00169046.,0,4,4
WBGene00169047.,0,0,0
WBGene00169048.,0,0,0
WBGene00169049.,0,0,0
WBGene00169050.,0,0,0
WBGene00169051.,0,1,1
WBGene00169052.,0,0,0
WBGene00169053.,0,0,0
WBGene00169054.,0,1,1
WBGene00169055.,0,0,0
WBGene00169056.,0,0,0
WBGene00169057.,0,0,0
WBGene00169058.,0,1,1
WBGene00169059.,0,0,0
WBGene00169060.,0,0,0
WBGene00169061.,0,0,0
WBGene00169062.,0,0,0
WBGene00169063.,0,0,0
WBGene00169064.,0,3,3
WBGene00169065.,0,0,0
WBGene00169066.,0,1,1
WBGene00169067.,0,0,0
WBGene00169068.,0,0,0
WBGene00169069.,0,1,1
WBGene00169070.,0,0,0
WBGene00169071.,0,13,13
WBGene00169072.,0,0,0
WBGene00169073.,0,1,1
WBGene00169074.,0,0,0
WBGene00169075.,0,0,0
WBGene00169076.,0,0,0
WBGene00169077.,0,0,0
WBGene00169078.,0,0,0
WBGene00169079.,0,0,0
WBGene00169080.,0,0,0
WBGene00169081.,0,0,0
WBGene00169082.,0,0,0
WBGene00169083.,0,0,0
WBGene00169084.,0,0,0
WBGene00169085.,0,0,0
WBGene00169086.,0,0,0
WBGene00169087.,0,0,0
WBGene00169088.,0,0,0
WBGene00169089.,0,0,0
WBGene00169090.,0,0,0
WBGene00169091.,0,0,0
WBGene00169092.,0,7,7
WBGene00169093.,0,0,0
WBGene00169094.,0,0,0
WBGene00169095.,0,0,0
WBGene00169096.,0,0,0
WBGene00169097.,0,0,0
WBGene00169098.,0,1,1
WBGene00169099.,0,0,0
WBGene00169100.,0,1,1
WBGene00169101.,0,0,0
WBGene00169102.,0,0,0
WBGene00169103.,0,1,1
WBGene00169104.,0,0,0
WBGene00169105.,0,0,0
WBGene00169106.,0,0,0
WBGene00169107.,0,3,3
WBGene00169108.,0,0,0
WBGene00169109.,0,0,0
WBGene00169110.,0,0,0
WBGene00169111.,0,0,0
WBGene00169112.,0,0,0
WBGene00169113.,0,0,0
WBGene00169114.,0,4,4
WBGene00169115.,0,0,0
WBGene00169116.,0,2,2
WBGene00169117.,0,0,0
WBGene00169118.,0,0,0
WBGene00169119.,0,0,0
WBGene00169120.,0,0,0
WBGene00169121.,0,0,0
WBGene00169122.,0,0,0
WBGene00169123.,0,0,0
WBGene00169124.,0,0,0
WBGene00169125.,0,0,0
WBGene00169126.,0,1,1
WBGene00169127.,0,0,0
WBGene00169128.,0,0,0
WBGene00169129.,0,0,0
WBGene00169130.,0,0,0
WBGene00169131.,0,0,0
WBGene00169132.,0,0,0
WBGene00169133.,0,0,0
WBGene00169134.,0,0,0
WBGene00169135.,0,0,0
WBGene00169136.,0,0,0
WBGene00169137.,0,0,0
WBGene00169138.,0,0,0
WBGene00169139.,0,0,0
WBGene00169140.,0,0,0
WBGene00169141.,0,0,0
WBGene00169142.,0,0,0
WBGene00169143.,0,0,0
WBGene00169144.,0,0,0
WBGene00169145.,0,0,0
WBGene00169146.,0,0,0
WBGene00169147.,0,0,0
WBGene00169148.,0,0,0
WBGene00169149.,0,0,0
WBGene00169150.,0,3,3
WBGene00169151.,0,0,0
WBGene00169152.,0,2,2
WBGene00169153.,0,2,2
WBGene00169154.,0,0,0
WBGene00169155.,0,0,0
WBGene00169156.,0,0,0
WBGene00169157.,0,0,0
WBGene00169158.,0,0,0
WBGene00169159.,0,1,1
WBGene00169160.,0,0,0
WBGene00169161.,0,0,0
WBGene00169162.,0,11,11
WBGene00169163.,0,12,12
WBGene00169164.,0,0,0
WBGene00169165.,0,0,0
WBGene00169166.,0,0,0
WBGene00169167.,0,0,0
WBGene00169168.,0,0,0
WBGene00169169.,0,0,0
WBGene00169170.,0,0,0
WBGene00169171.,0,50,50
WBGene00169172.,0,0,0
WBGene00169173.,0,0,0
WBGene00169174.,0,0,0
WBGene00169175.,0,10,10
WBGene00169176.,0,0,0
WBGene00169177.,0,1,1
WBGene00169178.,0,0,0
WBGene00169179.,0,0,0
WBGene00169180.,0,0,0
WBGene00169181.,0,0,0
WBGene00169182.,0,0,0
WBGene00169183.,0,1,1
WBGene00169184.,0,0,0
WBGene00169185.,0,0,0
WBGene00169186.,0,0,0
WBGene00169187.,0,0,0
WBGene00169188.,0,0,0
WBGene00169189.,0,1,1
WBGene00169190.,0,0,0
WBGene00169191.,0,7,7
WBGene00169192.,0,0,0
WBGene00169193.,0,0,0
WBGene00169194.,0,2,2
WBGene00169195.,0,0,0
WBGene00169196.,0,0,0
WBGene00169197.,0,0,0
WBGene00169198.,0,0,0
WBGene00169199.,0,0,0
WBGene00169200.,0,0,0
WBGene00169201.,0,3,3
WBGene00169202.,0,0,0
WBGene00169203.,0,0,0
WBGene00169204.,0,3,3
WBGene00169205.,0,1,1
WBGene00169206.,0,0,0
WBGene00169207.,0,0,0
WBGene00169208.,0,0,0
WBGene00169209.,0,1,1
WBGene00169210.,0,0,0
WBGene00169211.,0,0,0
WBGene00169212.,0,2,2
WBGene00169213.,0,0,0
WBGene00169214.,0,0,0
WBGene00169215.,0,4,4
WBGene00169216.,0,0,0
WBGene00169217.,0,0,0
WBGene00169218.,0,0,0
WBGene00169219.,0,0,0
WBGene00169220.,0,1,1
WBGene00169221.,0,0,0
WBGene00169222.,0,9,9
WBGene00169223.,0,0,0
WBGene00169224.,0,0,0
WBGene00169225.,0,0,0
WBGene00169226.,0,0,0
WBGene00169227.,0,0,0
WBGene00169228.,0,0,0
WBGene00169229.,0,0,0
WBGene00169230.,0,0,0
WBGene00169231.,0,0,0
WBGene00169232.,0,0,0
WBGene00169233.,0,0,0
WBGene00169234.,0,0,0
WBGene00169235.,0,0,0
WBGene00169236.,0,0,0
WBGene00169237.,0,0,0
WBGene00169238.,0,0,0
WBGene00169239.,0,0,0
WBGene00169240.,0,10,10
WBGene00169242.,0,0,0
WBGene00169243.,0,0,0
WBGene00169244.,0,0,0
WBGene00169245.,0,0,0
WBGene00169246.,0,0,0
WBGene00169247.,0,0,0
WBGene00169248.,0,0,0
WBGene00169249.,0,0,0
WBGene00169250.,0,0,0
WBGene00169251.,0,0,0
WBGene00169252.,0,0,0
WBGene00169253.,0,0,0
WBGene00169254.,0,0,0
WBGene00169255.,0,0,0
WBGene00169256.,0,0,0
WBGene00169257.,0,0,0
WBGene00169258.,0,0,0
WBGene00169259.,0,0,0
WBGene00169260.,0,0,0
WBGene00169261.,0,0,0
WBGene00169262.,0,0,0
WBGene00169263.,0,0,0
WBGene00169264.,0,0,0
WBGene00169265.,0,0,0
WBGene00169266.,0,0,0
WBGene00169267.,0,1,1
WBGene00169268.,0,1,1
WBGene00169269.,0,59,59
WBGene00169270.,0,0,0
WBGene00169271.,0,0,0
WBGene00169272.,0,0,0
WBGene00169273.,0,0,0
WBGene00169274.,0,0,0
WBGene00169275.,0,2,2
WBGene00169276.,0,0,0
WBGene00169277.,0,0,0
WBGene00169278.,0,0,0
WBGene00169279.,0,0,0
WBGene00169280.,0,0,0
WBGene00169281.,0,0,0
WBGene00169282.,0,0,0
WBGene00169283.,0,0,0
WBGene00169284.,0,0,0
WBGene00169285.,0,2,2
WBGene00169286.,0,0,0
WBGene00169287.,0,0,0
WBGene00169288.,0,0,0
WBGene00169289.,0,0,0
WBGene00169290.,0,0,0
WBGene00169291.,0,0,0
WBGene00169292.,0,0,0
WBGene00169293.,0,0,0
WBGene00169294.,0,4,4
WBGene00169295.,0,0,0
WBGene00169296.,0,0,0
WBGene00169297.,0,0,0
WBGene00169298.,0,3,3
WBGene00169299.,0,0,0
WBGene00169300.,0,0,0
WBGene00169301.,0,0,0
WBGene00169302.,0,0,0
WBGene00169303.,0,3,3
WBGene00169304.,0,0,0
WBGene00169305.,0,0,0
WBGene00169306.,0,0,0
WBGene00169307.,0,0,0
WBGene00169308.,0,0,0
WBGene00169309.,0,0,0
WBGene00169310.,0,0,0
WBGene00169311.,0,0,0
WBGene00169312.,0,1,1
WBGene00169313.,0,0,0
WBGene00169314.,0,0,0
WBGene00169315.,0,0,0
WBGene00169316.,0,0,0
WBGene00169317.,0,0,0
WBGene00169318.,0,1,1
WBGene00169319.,0,0,0
WBGene00169320.,0,0,0
WBGene00169321.,0,0,0
WBGene00169322.,0,4,4
WBGene00169323.,0,0,0
WBGene00169324.,0,0,0
WBGene00169325.,0,0,0
WBGene00169326.,0,0,0
WBGene00169327.,0,0,0
WBGene00169328.,0,0,0
WBGene00169329.,0,0,0
WBGene00169330.,0,4,4
WBGene00169331.,0,0,0
WBGene00169332.,0,0,0
WBGene00169333.,0,0,0
WBGene00169334.,0,0,0
WBGene00169335.,0,9,9
WBGene00169336.,0,0,0
WBGene00169337.,0,0,0
WBGene00169338.,0,0,0
WBGene00169339.,0,0,0
WBGene00169340.,0,0,0
WBGene00169341.,0,0,0
WBGene00169342.,0,1,1
WBGene00169343.,0,0,0
WBGene00169344.,0,0,0
WBGene00169345.,0,0,0
WBGene00169346.,0,0,0
WBGene00169347.,0,0,0
WBGene00169348.,0,0,0
WBGene00169349.,0,0,0
WBGene00169350.,0,1,1
WBGene00169351.,0,0,0
WBGene00169352.,0,0,0
WBGene00169353.,0,3,3
WBGene00169354.,0,23,23
WBGene00169355.,0,0,0
WBGene00169356.,0,0,0
WBGene00169357.,0,3,3
WBGene00169358.,0,1,1
WBGene00169359.,0,0,0
WBGene00169360.,0,1,1
WBGene00169361.,0,0,0
WBGene00169362.,0,0,0
WBGene00169363.,0,0,0
WBGene00169364.,0,0,0
WBGene00169365.,0,0,0
WBGene00169366.,0,1,1
WBGene00169367.,0,0,0
WBGene00169368.,0,0,0
WBGene00169369.,0,0,0
WBGene00169370.,0,0,0
WBGene00169371.,0,0,0
WBGene00169372.,0,0,0
WBGene00169373.,0,0,0
WBGene00169374.,0,0,0
WBGene00169375.,0,0,0
WBGene00169376.,0,0,0
WBGene00169377.,0,0,0
WBGene00169378.,0,1,1
WBGene00169379.,0,2,2
WBGene00169380.,0,0,0
WBGene00169381.,0,0,0
WBGene00169382.,0,0,0
WBGene00169383.,0,0,0
WBGene00169384.,0,1,1
WBGene00169385.,0,0,0
WBGene00169386.,0,0,0
WBGene00169387.,0,0,0
WBGene00169388.,0,0,0
WBGene00169389.,0,0,0
WBGene00169390.,0,1,1
WBGene00169391.,0,0,0
WBGene00169392.,0,0,0
WBGene00169393.,0,0,0
WBGene00169394.,0,0,0
WBGene00169395.,0,0,0
WBGene00169396.,0,0,0
WBGene00169397.,0,0,0
WBGene00169398.,0,0,0
WBGene00169399.,0,0,0
WBGene00169401.,0,0,0
WBGene00169402.,0,8,8
WBGene00169403.,0,0,0
WBGene00169404.,0,0,0
WBGene00169405.,0,0,0
WBGene00169406.,0,0,0
WBGene00169407.,0,0,0
WBGene00169408.,0,0,0
WBGene00169409.,0,0,0
WBGene00169410.,0,0,0
WBGene00169411.,0,0,0
WBGene00169412.,0,0,0
WBGene00169413.,0,0,0
WBGene00169414.,0,0,0
WBGene00169415.,0,0,0
WBGene00169416.,0,2,2
WBGene00169417.,0,0,0
WBGene00169418.,0,0,0
WBGene00169419.,0,0,0
WBGene00169420.,0,0,0
WBGene00169421.,0,0,0
WBGene00169422.,0,0,0
WBGene00169423.,0,0,0
WBGene00169424.,0,0,0
WBGene00169425.,0,1,1
WBGene00169426.,0,1,1
WBGene00169427.,0,0,0
WBGene00169428.,0,0,0
WBGene00169429.,0,0,0
WBGene00169430.,0,0,0
WBGene00169431.,0,11,11
WBGene00169432.,0,1,1
WBGene00169433.,0,0,0
WBGene00169434.,0,0,0
WBGene00169435.,0,1,1
WBGene00169436.,0,0,0
WBGene00169437.,0,0,0
WBGene00169438.,0,3,3
WBGene00169439.,0,0,0
WBGene00169440.,0,0,0
WBGene00169441.,0,0,0
WBGene00169442.,0,0,0
WBGene00169443.,0,0,0
WBGene00169444.,0,0,0
WBGene00169445.,0,0,0
WBGene00169446.,0,0,0
WBGene00169447.,0,0,0
WBGene00169448.,0,0,0
WBGene00169449.,0,0,0
WBGene00169450.,0,0,0
WBGene00169451.,0,4,4
WBGene00169452.,0,3,3
WBGene00169453.,0,0,0
WBGene00169454.,0,0,0
WBGene00169455.,0,0,0
WBGene00169456.,0,0,0
WBGene00169457.,0,0,0
WBGene00169458.,0,0,0
WBGene00169459.,0,0,0
WBGene00169460.,0,1,1
WBGene00169461.,0,1,1
WBGene00169462.,0,7,7
WBGene00169463.,0,0,0
WBGene00169464.,0,5,5
WBGene00169465.,0,0,0
WBGene00169466.,0,3,3
WBGene00169467.,0,0,0
WBGene00169468.,0,0,0
WBGene00169469.,0,1,1
WBGene00169470.,0,0,0
WBGene00169471.,0,0,0
WBGene00169472.,0,0,0
WBGene00169473.,0,0,0
WBGene00169474.,0,0,0
WBGene00169475.,0,0,0
WBGene00169476.,0,0,0
WBGene00169477.,0,0,0
WBGene00169478.,0,0,0
WBGene00169479.,0,0,0
WBGene00169480.,0,0,0
WBGene00169481.,0,0,0
WBGene00169482.,0,1,1
WBGene00169483.,0,0,0
WBGene00169484.,0,0,0
WBGene00169485.,0,0,0
WBGene00169486.,0,5,5
WBGene00169487.,0,0,0
WBGene00169488.,0,0,0
WBGene00169489.,0,0,0
WBGene00169490.,0,0,0
WBGene00169491.,0,0,0
WBGene00169492.,0,0,0
WBGene00169493.,0,0,0
WBGene00169494.,0,0,0
WBGene00169495.,0,0,0
WBGene00169496.,0,0,0
WBGene00169497.,0,0,0
WBGene00169498.,0,0,0
WBGene00169499.,0,0,0
WBGene00169500.,0,0,0
WBGene00169501.,0,0,0
WBGene00169502.,0,0,0
WBGene00169503.,0,1,1
WBGene00169504.,0,0,0
WBGene00169505.,0,0,0
WBGene00169506.,0,0,0
WBGene00169507.,0,0,0
WBGene00169508.,0,0,0
WBGene00169509.,0,0,0
WBGene00169510.,0,0,0
WBGene00169511.,0,0,0
WBGene00169512.,0,0,0
WBGene00169513.,0,0,0
WBGene00169514.,0,0,0
WBGene00169515.,0,9,9
WBGene00169516.,0,0,0
WBGene00169517.,0,0,0
WBGene00169518.,0,1,1
WBGene00169519.,0,0,0
WBGene00169520.,0,0,0
WBGene00169521.,0,0,0
WBGene00169522.,0,3,3
WBGene00169523.,0,0,0
WBGene00169524.,0,0,0
WBGene00169525.,0,2,2
WBGene00169526.,0,0,0
WBGene00169527.,0,0,0
WBGene00169528.,0,0,0
WBGene00169529.,0,0,0
WBGene00169530.,0,0,0
WBGene00169531.,0,0,0
WBGene00169532.,0,0,0
WBGene00169533.,0,0,0
WBGene00169534.,0,0,0
WBGene00169535.,0,0,0
WBGene00169536.,0,0,0
WBGene00169537.,0,0,0
WBGene00169538.,0,0,0
WBGene00169539.,0,0,0
WBGene00169540.,0,3,3
WBGene00169541.,0,0,0
WBGene00169542.,0,0,0
WBGene00169543.,0,0,0
WBGene00169544.,0,0,0
WBGene00169545.,0,0,0
WBGene00169546.,0,0,0
WBGene00169547.,0,2,2
WBGene00169548.,0,0,0
WBGene00169549.,0,0,0
WBGene00169550.,0,3,3
WBGene00169551.,0,0,0
WBGene00169552.,0,0,0
WBGene00169553.,0,0,0
WBGene00169554.,0,51,51
WBGene00169555.,0,16,16
WBGene00169556.,0,0,0
WBGene00169557.,0,0,0
WBGene00169558.,0,0,0
WBGene00169559.,0,0,0
WBGene00169560.,0,0,0
WBGene00169561.,0,0,0
WBGene00169562.,0,0,0
WBGene00169563.,0,0,0
WBGene00169564.,0,2,2
WBGene00169565.,0,0,0
WBGene00169566.,0,0,0
WBGene00169567.,0,0,0
WBGene00169568.,0,0,0
WBGene00169569.,0,0,0
WBGene00169570.,0,0,0
WBGene00169571.,0,0,0
WBGene00169572.,0,0,0
WBGene00169573.,0,0,0
WBGene00169574.,0,0,0
WBGene00169575.,0,0,0
WBGene00169576.,0,0,0
WBGene00169577.,0,0,0
WBGene00169578.,0,0,0
WBGene00169579.,0,0,0
WBGene00169580.,0,0,0
WBGene00169581.,0,0,0
WBGene00169582.,0,0,0
WBGene00169583.,0,0,0
WBGene00169584.,0,0,0
WBGene00169585.,0,1,1
WBGene00169586.,0,0,0
WBGene00169587.,0,0,0
WBGene00169588.,0,0,0
WBGene00169589.,0,0,0
WBGene00169590.,0,0,0
WBGene00169591.,0,1,1
WBGene00169592.,0,0,0
WBGene00169593.,0,0,0
WBGene00169594.,0,0,0
WBGene00169595.,0,4,4
WBGene00169596.,0,0,0
WBGene00169597.,0,0,0
WBGene00169598.,0,0,0
WBGene00169599.,0,1,1
WBGene00169600.,0,0,0
WBGene00169601.,0,0,0
WBGene00169602.,0,0,0
WBGene00169603.,0,1,1
WBGene00169604.,0,0,0
WBGene00169605.,0,0,0
WBGene00169606.,0,1,1
WBGene00169607.,0,0,0
WBGene00169608.,0,0,0
WBGene00169609.,0,1,1
WBGene00169610.,0,0,0
WBGene00169611.,0,0,0
WBGene00169612.,0,0,0
WBGene00169613.,0,0,0
WBGene00169614.,0,2,2
WBGene00169615.,0,0,0
WBGene00169617.,0,0,0
WBGene00169618.,0,0,0
WBGene00169619.,0,0,0
WBGene00169620.,0,7,7
WBGene00169621.,0,0,0
WBGene00169622.,0,0,0
WBGene00169623.,0,0,0
WBGene00169624.,0,0,0
WBGene00169625.,0,2,2
WBGene00169626.,0,0,0
WBGene00169627.,0,0,0
WBGene00169628.,0,0,0
WBGene00169629.,0,0,0
WBGene00169630.,0,0,0
WBGene00169631.,0,0,0
WBGene00169632.,0,0,0
WBGene00169633.,0,0,0
WBGene00169634.,0,0,0
WBGene00169635.,0,0,0
WBGene00169636.,0,0,0
WBGene00169637.,0,0,0
WBGene00169638.,0,0,0
WBGene00169639.,0,0,0
WBGene00169640.,0,2,2
WBGene00169641.,0,0,0
WBGene00169642.,0,0,0
WBGene00169643.,0,0,0
WBGene00169644.,0,0,0
WBGene00169645.,0,1,1
WBGene00169646.,0,0,0
WBGene00169647.,0,0,0
WBGene00169648.,0,1,1
WBGene00169649.,0,0,0
WBGene00169650.,0,28,28
WBGene00169651.,0,0,0
WBGene00169652.,0,0,0
WBGene00169653.,0,0,0
WBGene00169654.,0,1,1
WBGene00169655.,0,0,0
WBGene00169656.,0,0,0
WBGene00169657.,0,0,0
WBGene00169658.,0,0,0
WBGene00169659.,0,0,0
WBGene00169660.,0,0,0
WBGene00169661.,0,0,0
WBGene00169662.,0,2,2
WBGene00169663.,0,0,0
WBGene00169664.,0,0,0
WBGene00169665.,0,0,0
WBGene00169666.,0,0,0
WBGene00169667.,0,0,0
WBGene00169668.,0,0,0
WBGene00169669.,0,0,0
WBGene00169670.,0,0,0
WBGene00169671.,0,0,0
WBGene00169672.,0,0,0
WBGene00169673.,0,0,0
WBGene00169674.,0,0,0
WBGene00169675.,0,0,0
WBGene00169676.,0,0,0
WBGene00169677.,0,4,4
WBGene00169678.,0,3,3
WBGene00169679.,0,0,0
WBGene00169680.,0,0,0
WBGene00169681.,0,10,10
WBGene00169682.,0,0,0
WBGene00169683.,0,6,6
WBGene00169684.,0,0,0
WBGene00169685.,0,0,0
WBGene00169686.,0,0,0
WBGene00169687.,0,0,0
WBGene00169688.,0,0,0
WBGene00169689.,0,0,0
WBGene00169690.,0,0,0
WBGene00169691.,0,1,1
WBGene00169692.,0,0,0
WBGene00169693.,0,0,0
WBGene00169694.,0,1,1
WBGene00169695.,0,6,6
WBGene00169696.,0,0,0
WBGene00169697.,0,0,0
WBGene00169698.,0,0,0
WBGene00169699.,0,21,21
WBGene00169700.,0,6,6
WBGene00169701.,0,0,0
WBGene00169702.,0,0,0
WBGene00169703.,0,0,0
WBGene00169704.,0,0,0
WBGene00169705.,0,0,0
WBGene00169706.,0,0,0
WBGene00169707.,0,0,0
WBGene00169708.,0,0,0
WBGene00169709.,0,0,0
WBGene00169710.,0,1,1
WBGene00169711.,0,0,0
WBGene00169712.,0,0,0
WBGene00169713.,0,0,0
WBGene00169714.,0,0,0
WBGene00169715.,0,0,0
WBGene00169716.,0,0,0
WBGene00169717.,0,1,1
WBGene00169718.,0,0,0
WBGene00169719.,0,0,0
WBGene00169720.,0,0,0
WBGene00169721.,0,0,0
WBGene00169722.,0,0,0
WBGene00169723.,0,0,0
WBGene00169724.,0,0,0
WBGene00169725.,0,0,0
WBGene00169726.,0,0,0
WBGene00169727.,0,0,0
WBGene00169728.,0,0,0
WBGene00169729.,0,2,2
WBGene00169730.,0,0,0
WBGene00169731.,0,0,0
WBGene00169732.,0,0,0
WBGene00169733.,0,0,0
WBGene00169734.,0,0,0
WBGene00169735.,0,0,0
WBGene00169736.,0,0,0
WBGene00169737.,0,0,0
WBGene00169738.,0,2,2
WBGene00169739.,0,0,0
WBGene00169740.,0,0,0
WBGene00169741.,0,0,0
WBGene00169742.,0,0,0
WBGene00169743.,0,0,0
WBGene00169744.,0,0,0
WBGene00169745.,0,0,0
WBGene00169746.,0,0,0
WBGene00169747.,0,1,1
WBGene00169748.,0,0,0
WBGene00169749.,0,0,0
WBGene00169750.,0,0,0
WBGene00169751.,0,0,0
WBGene00169752.,0,0,0
WBGene00169753.,0,0,0
WBGene00169754.,0,1,1
WBGene00169755.,0,1,1
WBGene00169756.,0,0,0
WBGene00169757.,0,0,0
WBGene00169758.,0,0,0
WBGene00169759.,0,0,0
WBGene00169760.,0,0,0
WBGene00169761.,0,0,0
WBGene00169762.,0,0,0
WBGene00169763.,0,1,1
WBGene00169764.,0,0,0
WBGene00169765.,0,0,0
WBGene00169766.,0,0,0
WBGene00169767.,0,0,0
WBGene00169768.,0,0,0
WBGene00169769.,0,0,0
WBGene00169770.,0,0,0
WBGene00169771.,0,0,0
WBGene00169772.,0,0,0
WBGene00169773.,0,0,0
WBGene00169774.,0,0,0
WBGene00169775.,0,0,0
WBGene00169776.,0,0,0
WBGene00169777.,0,0,0
WBGene00169778.,0,0,0
WBGene00169779.,0,0,0
WBGene00169780.,0,0,0
WBGene00169781.,0,3,3
WBGene00169782.,0,0,0
WBGene00169783.,0,0,0
WBGene00169784.,0,0,0
WBGene00169785.,0,1,1
WBGene00169786.,0,0,0
WBGene00169787.,0,0,0
WBGene00169788.,0,0,0
WBGene00169789.,0,0,0
WBGene00169790.,0,0,0
WBGene00169791.,0,0,0
WBGene00169792.,0,0,0
WBGene00169793.,0,1,1
WBGene00169794.,0,0,0
WBGene00169795.,0,0,0
WBGene00169796.,0,0,0
WBGene00169797.,0,0,0
WBGene00169798.,0,0,0
WBGene00169799.,0,19,19
WBGene00169800.,0,4,4
WBGene00169801.,0,0,0
WBGene00169802.,0,0,0
WBGene00169803.,0,0,0
WBGene00169804.,0,0,0
WBGene00169805.,0,0,0
WBGene00169806.,0,0,0
WBGene00169807.,0,0,0
WBGene00169808.,0,0,0
WBGene00169809.,0,0,0
WBGene00169810.,0,0,0
WBGene00169811.,0,0,0
WBGene00169812.,0,0,0
WBGene00169813.,0,0,0
WBGene00169814.,0,0,0
WBGene00169815.,0,0,0
WBGene00169816.,0,0,0
WBGene00169817.,0,0,0
WBGene00169818.,0,0,0
WBGene00169819.,0,9,9
WBGene00169820.,0,1,1
WBGene00169821.,0,0,0
WBGene00169822.,0,0,0
WBGene00169823.,0,0,0
WBGene00169824.,0,0,0
WBGene00169825.,0,1,1
WBGene00169826.,0,0,0
WBGene00169827.,0,0,0
WBGene00169828.,0,0,0
WBGene00169829.,0,0,0
WBGene00169830.,0,1,1
WBGene00169831.,0,0,0
WBGene00169832.,0,0,0
WBGene00169833.,0,0,0
WBGene00169834.,0,0,0
WBGene00169835.,0,0,0
WBGene00169836.,0,0,0
WBGene00169837.,0,1,1
WBGene00169838.,0,45,45
WBGene00169839.,0,0,0
WBGene00169840.,0,0,0
WBGene00169841.,0,0,0
WBGene00169842.,0,0,0
WBGene00169843.,0,0,0
WBGene00169844.,0,0,0
WBGene00169845.,0,0,0
WBGene00169846.,0,0,0
WBGene00169847.,0,0,0
WBGene00169848.,0,0,0
WBGene00169849.,0,0,0
WBGene00169850.,0,0,0
WBGene00169851.,0,0,0
WBGene00169852.,0,0,0
WBGene00169853.,0,0,0
WBGene00169854.,0,0,0
WBGene00169855.,0,0,0
WBGene00169856.,0,0,0
WBGene00169857.,0,0,0
WBGene00169858.,0,0,0
WBGene00169859.,0,0,0
WBGene00169860.,0,0,0
WBGene00169861.,0,0,0
WBGene00169862.,0,0,0
WBGene00169863.,0,0,0
WBGene00169864.,0,0,0
WBGene00169865.,0,0,0
WBGene00169866.,0,0,0
WBGene00169867.,0,0,0
WBGene00169868.,0,0,0
WBGene00169869.,0,0,0
WBGene00169870.,0,0,0
WBGene00169871.,0,0,0
WBGene00169872.,0,0,0
WBGene00169873.,0,0,0
WBGene00169874.,0,0,0
WBGene00169875.,0,0,0
WBGene00169876.,0,0,0
WBGene00169877.,0,0,0
WBGene00169878.,0,0,0
WBGene00169879.,0,0,0
WBGene00169880.,0,9,9
WBGene00169881.,0,0,0
WBGene00169882.,0,0,0
WBGene00169883.,0,0,0
WBGene00169884.,0,0,0
WBGene00169885.,0,0,0
WBGene00169886.,0,0,0
WBGene00169887.,0,0,0
WBGene00169888.,0,0,0
WBGene00169889.,0,0,0
WBGene00169890.,0,0,0
WBGene00169891.,0,0,0
WBGene00169892.,0,0,0
WBGene00169893.,0,0,0
WBGene00169894.,0,25,25
WBGene00169895.,0,0,0
WBGene00169896.,0,0,0
WBGene00169897.,0,1,1
WBGene00169898.,0,0,0
WBGene00169899.,0,0,0
WBGene00169900.,0,0,0
WBGene00169901.,0,2,2
WBGene00169902.,0,0,0
WBGene00169903.,0,0,0
WBGene00169904.,0,0,0
WBGene00169905.,0,0,0
WBGene00169906.,0,2,2
WBGene00169907.,0,0,0
WBGene00169908.,0,0,0
WBGene00169909.,0,0,0
WBGene00169910.,0,0,0
WBGene00169911.,0,0,0
WBGene00169912.,0,0,0
WBGene00169913.,0,0,0
WBGene00169914.,0,0,0
WBGene00169915.,0,0,0
WBGene00169916.,0,0,0
WBGene00169917.,0,0,0
WBGene00169918.,0,0,0
WBGene00169919.,0,0,0
WBGene00169920.,0,0,0
WBGene00169921.,0,0,0
WBGene00169922.,0,0,0
WBGene00169923.,0,0,0
WBGene00169924.,0,0,0
WBGene00169925.,0,0,0
WBGene00169926.,0,0,0
WBGene00169927.,0,0,0
WBGene00169928.,0,21,21
WBGene00169929.,0,1,1
WBGene00169930.,0,0,0
WBGene00169931.,0,0,0
WBGene00169932.,0,0,0
WBGene00169933.,0,0,0
WBGene00169934.,0,1,1
WBGene00169935.,0,0,0
WBGene00169936.,0,0,0
WBGene00169937.,0,2,2
WBGene00169938.,0,0,0
WBGene00169939.,0,0,0
WBGene00169940.,0,0,0
WBGene00169941.,0,1,1
WBGene00169942.,0,8,8
WBGene00169943.,0,0,0
WBGene00169944.,0,0,0
WBGene00169946.,0,0,0
WBGene00169947.,0,0,0
WBGene00169948.,0,0,0
WBGene00169949.,0,0,0
WBGene00169950.,0,0,0
WBGene00169951.,0,2,2
WBGene00169952.,0,0,0
WBGene00169953.,0,0,0
WBGene00169954.,0,0,0
WBGene00169955.,0,0,0
WBGene00169956.,0,0,0
WBGene00169957.,0,7,7
WBGene00169958.,0,0,0
WBGene00169959.,0,1,1
WBGene00169960.,0,0,0
WBGene00169961.,0,0,0
WBGene00169962.,0,0,0
WBGene00169963.,0,0,0
WBGene00169964.,0,0,0
WBGene00169965.,0,0,0
WBGene00169966.,0,0,0
WBGene00169967.,0,0,0
WBGene00169968.,0,0,0
WBGene00169969.,0,0,0
WBGene00169970.,0,0,0
WBGene00169971.,0,0,0
WBGene00169972.,0,26,26
WBGene00169973.,0,0,0
WBGene00169974.,0,0,0
WBGene00169975.,0,0,0
WBGene00169976.,0,0,0
WBGene00169977.,0,1,1
WBGene00169978.,0,0,0
WBGene00169979.,0,252,252
WBGene00169980.,0,0,0
WBGene00169981.,0,0,0
WBGene00169982.,0,0,0
WBGene00169983.,0,3,3
WBGene00169984.,0,0,0
WBGene00169985.,0,0,0
WBGene00169986.,0,0,0
WBGene00169987.,0,5,5
WBGene00169988.,0,0,0
WBGene00169989.,0,0,0
WBGene00169990.,0,12,12
WBGene00169991.,0,0,0
WBGene00169992.,0,0,0
WBGene00169993.,0,1,1
WBGene00169994.,0,4,4
WBGene00169995.,0,0,0
WBGene00169996.,0,0,0
WBGene00169997.,0,0,0
WBGene00169998.,0,1,1
WBGene00169999.,0,0,0
WBGene00170000.,0,0,0
WBGene00170001.,0,0,0
WBGene00170002.,0,0,0
WBGene00170003.,0,0,0
WBGene00170004.,0,0,0
WBGene00170005.,0,0,0
WBGene00170006.,0,0,0
WBGene00170007.,0,0,0
WBGene00170008.,0,3,3
WBGene00170009.,0,11,11
WBGene00170010.,0,0,0
WBGene00170011.,0,0,0
WBGene00170012.,0,0,0
WBGene00170013.,0,0,0
WBGene00170014.,0,0,0
WBGene00170015.,0,0,0
WBGene00170016.,0,0,0
WBGene00170017.,0,0,0
WBGene00170018.,0,0,0
WBGene00170019.,0,0,0
WBGene00170020.,0,0,0
WBGene00170021.,0,0,0
WBGene00170022.,0,2,2
WBGene00170023.,0,0,0
WBGene00170024.,0,0,0
WBGene00170025.,0,0,0
WBGene00170026.,0,2,2
WBGene00170027.,0,0,0
WBGene00170028.,0,0,0
WBGene00170029.,0,0,0
WBGene00170030.,0,0,0
WBGene00170031.,0,3,3
WBGene00170032.,0,0,0
WBGene00170033.,0,0,0
WBGene00170034.,0,46,46
WBGene00170035.,0,0,0
WBGene00170036.,0,0,0
WBGene00170037.,0,1,1
WBGene00170038.,0,0,0
WBGene00170039.,0,0,0
WBGene00170040.,0,0,0
WBGene00170041.,0,10,10
WBGene00170042.,0,0,0
WBGene00170043.,0,0,0
WBGene00170044.,0,0,0
WBGene00170045.,0,8,8
WBGene00170046.,0,0,0
WBGene00170047.,0,3,3
WBGene00170048.,0,0,0
WBGene00170049.,0,1,1
WBGene00170050.,0,8,8
WBGene00170051.,0,0,0
WBGene00170052.,0,0,0
WBGene00170053.,0,9,9
WBGene00170054.,0,0,0
WBGene00170055.,0,0,0
WBGene00170056.,0,0,0
WBGene00170057.,0,0,0
WBGene00170058.,0,0,0
WBGene00170059.,0,0,0
WBGene00170060.,0,0,0
WBGene00170061.,0,0,0
WBGene00170062.,0,0,0
WBGene00170063.,0,0,0
WBGene00170064.,0,0,0
WBGene00170065.,0,0,0
WBGene00170066.,0,0,0
WBGene00170067.,0,2,2
WBGene00170068.,0,0,0
WBGene00170069.,0,0,0
WBGene00170070.,0,0,0
WBGene00170071.,0,1,1
WBGene00170072.,0,0,0
WBGene00170073.,0,6,6
WBGene00170074.,0,1,1
WBGene00170075.,0,4,4
WBGene00170076.,0,0,0
WBGene00170077.,0,0,0
WBGene00170078.,0,2,2
WBGene00170079.,0,0,0
WBGene00170080.,0,0,0
WBGene00170081.,0,0,0
WBGene00170082.,0,0,0
WBGene00170083.,0,0,0
WBGene00170084.,0,2,2
WBGene00170085.,0,0,0
WBGene00170086.,0,0,0
WBGene00170087.,0,6,6
WBGene00170088.,0,0,0
WBGene00170089.,0,1,1
WBGene00170090.,0,6,6
WBGene00170091.,0,0,0
WBGene00170092.,0,4,4
WBGene00170093.,0,2,2
WBGene00170094.,0,0,0
WBGene00170095.,0,0,0
WBGene00170096.,0,3,3
WBGene00170097.,0,0,0
WBGene00170098.,0,0,0
WBGene00170099.,0,0,0
WBGene00170100.,0,1,1
WBGene00170101.,0,0,0
WBGene00170102.,0,0,0
WBGene00170103.,0,1,1
WBGene00170104.,0,0,0
WBGene00170105.,0,10,10
WBGene00170106.,0,0,0
WBGene00170107.,0,0,0
WBGene00170108.,0,0,0
WBGene00170109.,0,0,0
WBGene00170110.,0,0,0
WBGene00170111.,0,1,1
WBGene00170112.,0,0,0
WBGene00170113.,0,0,0
WBGene00170114.,0,0,0
WBGene00170115.,0,0,0
WBGene00170116.,0,0,0
WBGene00170117.,0,0,0
WBGene00170118.,0,1,1
WBGene00170119.,0,0,0
WBGene00170120.,0,10,10
WBGene00170121.,0,0,0
WBGene00170122.,0,1,1
WBGene00170123.,0,0,0
WBGene00170124.,0,0,0
WBGene00170125.,0,0,0
WBGene00170126.,0,0,0
WBGene00170127.,0,0,0
WBGene00170128.,0,0,0
WBGene00170129.,0,0,0
WBGene00170130.,0,0,0
WBGene00170131.,0,0,0
WBGene00170132.,0,7,7
WBGene00170133.,0,0,0
WBGene00170134.,0,0,0
WBGene00170135.,0,0,0
WBGene00170136.,0,0,0
WBGene00170137.,0,0,0
WBGene00170138.,0,0,0
WBGene00170139.,0,0,0
WBGene00170140.,0,0,0
WBGene00170141.,0,0,0
WBGene00170142.,0,1,1
WBGene00170143.,0,0,0
WBGene00170144.,0,0,0
WBGene00170145.,0,3,3
WBGene00170146.,0,0,0
WBGene00170147.,0,0,0
WBGene00170148.,0,0,0
WBGene00170149.,0,0,0
WBGene00170150.,0,0,0
WBGene00170151.,0,0,0
WBGene00170152.,0,0,0
WBGene00170153.,0,0,0
WBGene00170154.,0,0,0
WBGene00170155.,0,0,0
WBGene00170156.,0,0,0
WBGene00170157.,0,0,0
WBGene00170158.,0,2,2
WBGene00170159.,0,0,0
WBGene00170160.,0,0,0
WBGene00170161.,0,0,0
WBGene00170162.,0,0,0
WBGene00170163.,0,0,0
WBGene00170164.,0,1,1
WBGene00170165.,0,0,0
WBGene00170166.,0,0,0
WBGene00170167.,0,0,0
WBGene00170168.,0,0,0
WBGene00170169.,0,0,0
WBGene00170170.,0,0,0
WBGene00170171.,0,0,0
WBGene00170172.,0,0,0
WBGene00170173.,0,0,0
WBGene00170174.,0,0,0
WBGene00170175.,0,0,0
WBGene00170176.,0,0,0
WBGene00170177.,0,0,0
WBGene00170178.,0,3,3
WBGene00170179.,0,0,0
WBGene00170180.,0,1,1
WBGene00170181.,0,1,1
WBGene00170182.,0,0,0
WBGene00170183.,0,0,0
WBGene00170184.,0,0,0
WBGene00170185.,0,1,1
WBGene00170186.,0,0,0
WBGene00170187.,0,0,0
WBGene00170188.,0,1,1
WBGene00170189.,0,0,0
WBGene00170190.,0,0,0
WBGene00170191.,0,0,0
WBGene00170192.,0,3,3
WBGene00170193.,0,0,0
WBGene00170194.,0,1,1
WBGene00170195.,0,0,0
WBGene00170196.,0,0,0
WBGene00170197.,0,0,0
WBGene00170198.,0,0,0
WBGene00170199.,0,0,0
WBGene00170200.,0,0,0
WBGene00170201.,0,4,4
WBGene00170202.,0,0,0
WBGene00170203.,0,0,0
WBGene00170204.,0,0,0
WBGene00170205.,0,0,0
WBGene00170206.,0,0,0
WBGene00170207.,0,1,1
WBGene00170208.,0,0,0
WBGene00170209.,0,0,0
WBGene00170210.,0,0,0
WBGene00170211.,0,0,0
WBGene00170212.,0,3,3
WBGene00170213.,0,0,0
WBGene00170214.,0,0,0
WBGene00170215.,0,0,0
WBGene00170216.,0,0,0
WBGene00170217.,0,0,0
WBGene00170218.,0,0,0
WBGene00170219.,0,0,0
WBGene00170220.,0,0,0
WBGene00170221.,0,0,0
WBGene00170222.,0,0,0
WBGene00170223.,0,0,0
WBGene00170224.,0,8,8
WBGene00170225.,0,0,0
WBGene00170226.,0,0,0
WBGene00170227.,0,1,1
WBGene00170228.,0,0,0
WBGene00170229.,0,0,0
WBGene00170230.,0,0,0
WBGene00170231.,0,0,0
WBGene00170232.,0,0,0
WBGene00170233.,0,0,0
WBGene00170234.,0,0,0
WBGene00170235.,0,1,1
WBGene00170236.,0,0,0
WBGene00170237.,0,8,8
WBGene00170238.,0,0,0
WBGene00170239.,0,0,0
WBGene00170240.,0,0,0
WBGene00170241.,0,0,0
WBGene00170242.,0,0,0
WBGene00170243.,0,0,0
WBGene00170244.,0,0,0
WBGene00170245.,0,0,0
WBGene00170246.,0,0,0
WBGene00170247.,0,1,1
WBGene00170248.,0,0,0
WBGene00170249.,0,0,0
WBGene00170250.,0,0,0
WBGene00170251.,0,0,0
WBGene00170252.,0,0,0
WBGene00170253.,0,0,0
WBGene00170254.,0,0,0
WBGene00170255.,0,0,0
WBGene00170256.,0,0,0
WBGene00170257.,0,0,0
WBGene00170258.,0,0,0
WBGene00170259.,0,0,0
WBGene00170260.,0,0,0
WBGene00170261.,0,0,0
WBGene00170262.,0,0,0
WBGene00170263.,0,0,0
WBGene00170264.,0,0,0
WBGene00170265.,0,0,0
WBGene00170266.,0,8,8
WBGene00170267.,0,0,0
WBGene00170268.,0,0,0
WBGene00170269.,0,10,10
WBGene00170270.,0,0,0
WBGene00170271.,0,0,0
WBGene00170272.,0,0,0
WBGene00170273.,0,0,0
WBGene00170274.,0,1,1
WBGene00170275.,0,6,6
WBGene00170276.,0,0,0
WBGene00170277.,0,0,0
WBGene00170278.,0,0,0
WBGene00170279.,0,3,3
WBGene00170280.,0,0,0
WBGene00170281.,0,0,0
WBGene00170282.,0,1,1
WBGene00170283.,0,0,0
WBGene00170284.,0,0,0
WBGene00170285.,0,0,0
WBGene00170286.,0,1,1
WBGene00170287.,0,0,0
WBGene00170288.,0,0,0
WBGene00170289.,0,0,0
WBGene00170290.,0,0,0
WBGene00170291.,0,0,0
WBGene00170292.,0,0,0
WBGene00170293.,0,0,0
WBGene00170294.,0,0,0
WBGene00170295.,0,5,5
WBGene00170296.,0,0,0
WBGene00170297.,0,0,0
WBGene00170298.,0,0,0
WBGene00170299.,0,0,0
WBGene00170300.,0,0,0
WBGene00170301.,0,0,0
WBGene00170302.,0,1,1
WBGene00170303.,0,1,1
WBGene00170304.,0,0,0
WBGene00170305.,0,0,0
WBGene00170306.,0,0,0
WBGene00170307.,0,0,0
WBGene00170308.,0,0,0
WBGene00170309.,0,0,0
WBGene00170310.,0,0,0
WBGene00170311.,0,0,0
WBGene00170312.,0,0,0
WBGene00170313.,0,0,0
WBGene00170314.,0,0,0
WBGene00170315.,0,0,0
WBGene00170316.,0,0,0
WBGene00170317.,0,0,0
WBGene00170318.,0,0,0
WBGene00170319.,0,0,0
WBGene00170320.,0,0,0
WBGene00170321.,0,7,7
WBGene00170322.,0,0,0
WBGene00170323.,0,0,0
WBGene00170324.,0,0,0
WBGene00170325.,0,0,0
WBGene00170326.,0,0,0
WBGene00170327.,0,0,0
WBGene00170328.,0,0,0
WBGene00170329.,0,0,0
WBGene00170330.,0,0,0
WBGene00170331.,0,0,0
WBGene00170332.,0,0,0
WBGene00170333.,0,0,0
WBGene00170334.,0,0,0
WBGene00170335.,0,0,0
WBGene00170336.,0,0,0
WBGene00170337.,0,0,0
WBGene00170338.,0,0,0
WBGene00170339.,0,0,0
WBGene00170340.,0,0,0
WBGene00170341.,0,1,1
WBGene00170342.,0,0,0
WBGene00170343.,0,0,0
WBGene00170344.,0,0,0
WBGene00170345.,0,0,0
WBGene00170346.,0,29,29
WBGene00170347.,0,0,0
WBGene00170348.,0,0,0
WBGene00170349.,0,0,0
WBGene00170350.,0,1,1
WBGene00170351.,0,0,0
WBGene00170352.,0,0,0
WBGene00170353.,0,0,0
WBGene00170354.,0,0,0
WBGene00170355.,0,0,0
WBGene00170356.,0,0,0
WBGene00170357.,0,0,0
WBGene00170358.,0,0,0
WBGene00170359.,0,0,0
WBGene00170360.,0,0,0
WBGene00170361.,0,0,0
WBGene00170362.,0,1,1
WBGene00170363.,0,0,0
WBGene00170364.,0,0,0
WBGene00170365.,0,2,2
WBGene00170366.,0,0,0
WBGene00170367.,0,12,12
WBGene00170368.,0,1,1
WBGene00170369.,0,0,0
WBGene00170370.,0,0,0
WBGene00170371.,0,0,0
WBGene00170372.,0,0,0
WBGene00170373.,0,0,0
WBGene00170374.,0,0,0
WBGene00170375.,0,0,0
WBGene00170376.,0,1,1
WBGene00170377.,0,0,0
WBGene00170378.,0,0,0
WBGene00170379.,0,0,0
WBGene00170380.,0,1,1
WBGene00170381.,0,2,2
WBGene00170382.,0,0,0
WBGene00170383.,0,0,0
WBGene00170384.,0,0,0
WBGene00170385.,0,5,5
WBGene00170386.,0,0,0
WBGene00170387.,0,0,0
WBGene00170388.,0,0,0
WBGene00170389.,0,1,1
WBGene00170390.,0,0,0
WBGene00170391.,0,0,0
WBGene00170392.,0,0,0
WBGene00170393.,0,1,1
WBGene00170394.,0,0,0
WBGene00170395.,0,0,0
WBGene00170396.,0,0,0
WBGene00170397.,0,1,1
WBGene00170398.,0,0,0
WBGene00170399.,0,1,1
WBGene00170400.,0,0,0
WBGene00170401.,0,0,0
WBGene00170402.,0,1,1
WBGene00170403.,0,0,0
WBGene00170404.,0,0,0
WBGene00170405.,0,0,0
WBGene00170406.,0,0,0
WBGene00170407.,0,0,0
WBGene00170408.,0,0,0
WBGene00170409.,0,0,0
WBGene00170410.,0,0,0
WBGene00170411.,0,0,0
WBGene00170412.,0,0,0
WBGene00170413.,0,0,0
WBGene00170414.,0,0,0
WBGene00170415.,0,0,0
WBGene00170416.,0,0,0
WBGene00170417.,0,4,4
WBGene00170418.,0,0,0
WBGene00170419.,0,0,0
WBGene00170420.,0,0,0
WBGene00170421.,0,0,0
WBGene00170422.,0,0,0
WBGene00170423.,0,0,0
WBGene00170424.,0,0,0
WBGene00170425.,0,3,3
WBGene00170426.,0,0,0
WBGene00170427.,0,0,0
WBGene00170428.,0,0,0
WBGene00170429.,0,0,0
WBGene00170430.,0,0,0
WBGene00170431.,0,0,0
WBGene00170432.,0,0,0
WBGene00170433.,0,0,0
WBGene00170434.,0,0,0
WBGene00170435.,0,0,0
WBGene00170436.,0,0,0
WBGene00170437.,0,0,0
WBGene00170438.,0,1,1
WBGene00170439.,0,0,0
WBGene00170440.,0,0,0
WBGene00170441.,0,0,0
WBGene00170442.,0,6,6
WBGene00170443.,0,0,0
WBGene00170444.,0,0,0
WBGene00170445.,0,0,0
WBGene00170446.,0,0,0
WBGene00170447.,0,0,0
WBGene00170448.,0,42,42
WBGene00170449.,0,0,0
WBGene00170450.,0,0,0
WBGene00170451.,0,0,0
WBGene00170452.,0,0,0
WBGene00170453.,0,0,0
WBGene00170454.,0,0,0
WBGene00170455.,0,0,0
WBGene00170456.,0,0,0
WBGene00170457.,0,0,0
WBGene00170458.,0,0,0
WBGene00170459.,0,0,0
WBGene00170460.,0,6,6
WBGene00170461.,0,0,0
WBGene00170462.,0,0,0
WBGene00170463.,0,0,0
WBGene00170464.,0,0,0
WBGene00170465.,0,0,0
WBGene00170466.,0,0,0
WBGene00170467.,0,0,0
WBGene00170468.,0,1,1
WBGene00170469.,0,0,0
WBGene00170470.,0,0,0
WBGene00170471.,0,0,0
WBGene00170472.,0,0,0
WBGene00170473.,0,0,0
WBGene00170474.,0,0,0
WBGene00170475.,0,0,0
WBGene00170476.,0,0,0
WBGene00170477.,0,0,0
WBGene00170478.,0,0,0
WBGene00170479.,0,0,0
WBGene00170480.,0,0,0
WBGene00170481.,0,0,0
WBGene00170482.,0,0,0
WBGene00170483.,0,1,1
WBGene00170484.,0,0,0
WBGene00170485.,0,0,0
WBGene00170486.,0,0,0
WBGene00170487.,0,0,0
WBGene00170488.,0,5,5
WBGene00170489.,0,0,0
WBGene00170490.,0,0,0
WBGene00170491.,0,0,0
WBGene00170492.,0,0,0
WBGene00170493.,0,11,11
WBGene00170494.,0,0,0
WBGene00170495.,0,0,0
WBGene00170496.,0,0,0
WBGene00170497.,0,0,0
WBGene00170498.,0,0,0
WBGene00170499.,0,0,0
WBGene00170500.,0,0,0
WBGene00170501.,0,0,0
WBGene00170502.,0,2,2
WBGene00170503.,0,0,0
WBGene00170504.,0,0,0
WBGene00170505.,0,0,0
WBGene00170506.,0,0,0
WBGene00170507.,0,0,0
WBGene00170508.,0,2,2
WBGene00170509.,0,0,0
WBGene00170510.,0,0,0
WBGene00170511.,0,8,8
WBGene00170512.,0,0,0
WBGene00170513.,0,0,0
WBGene00170514.,0,0,0
WBGene00170515.,0,16,16
WBGene00170516.,0,1,1
WBGene00170517.,0,0,0
WBGene00170518.,0,0,0
WBGene00170519.,0,0,0
WBGene00170520.,0,0,0
WBGene00170521.,0,0,0
WBGene00170522.,0,0,0
WBGene00170523.,0,0,0
WBGene00170524.,0,0,0
WBGene00170525.,0,0,0
WBGene00170526.,0,0,0
WBGene00170527.,0,0,0
WBGene00170528.,0,0,0
WBGene00170529.,0,0,0
WBGene00170530.,0,0,0
WBGene00170531.,0,0,0
WBGene00170532.,0,0,0
WBGene00170533.,0,0,0
WBGene00170534.,0,0,0
WBGene00170535.,0,0,0
WBGene00170536.,0,0,0
WBGene00170537.,0,0,0
WBGene00170538.,0,0,0
WBGene00170539.,0,0,0
WBGene00170540.,0,1,1
WBGene00170541.,0,0,0
WBGene00170542.,0,0,0
WBGene00170543.,0,0,0
WBGene00170544.,0,0,0
WBGene00170545.,0,0,0
WBGene00170546.,0,0,0
WBGene00170547.,0,0,0
WBGene00170548.,0,0,0
WBGene00170549.,0,0,0
WBGene00170550.,0,0,0
WBGene00170551.,0,0,0
WBGene00170552.,0,0,0
WBGene00170553.,0,1,1
WBGene00170554.,0,2,2
WBGene00170555.,0,0,0
WBGene00170556.,0,0,0
WBGene00170557.,0,0,0
WBGene00170558.,0,0,0
WBGene00170559.,0,0,0
WBGene00170560.,0,0,0
WBGene00170561.,0,0,0
WBGene00170562.,0,0,0
WBGene00170563.,0,1,1
WBGene00170564.,0,0,0
WBGene00170565.,0,0,0
WBGene00170566.,0,0,0
WBGene00170567.,0,0,0
WBGene00170568.,0,0,0
WBGene00170569.,0,0,0
WBGene00170570.,0,0,0
WBGene00170571.,0,0,0
WBGene00170572.,0,0,0
WBGene00170573.,0,0,0
WBGene00170574.,0,1,1
WBGene00170575.,0,0,0
WBGene00170576.,0,2,2
WBGene00170577.,0,0,0
WBGene00170578.,0,0,0
WBGene00170579.,0,0,0
WBGene00170580.,0,0,0
WBGene00170581.,0,0,0
WBGene00170582.,0,5,5
WBGene00170583.,0,0,0
WBGene00170584.,0,0,0
WBGene00170585.,0,0,0
WBGene00170586.,0,0,0
WBGene00170587.,0,1,1
WBGene00170588.,0,0,0
WBGene00170589.,0,0,0
WBGene00170590.,0,0,0
WBGene00170591.,0,5,5
WBGene00170592.,0,2,2
WBGene00170593.,0,0,0
WBGene00170594.,0,0,0
WBGene00170595.,0,0,0
WBGene00170596.,0,0,0
WBGene00170597.,0,0,0
WBGene00170598.,0,0,0
WBGene00170599.,0,0,0
WBGene00170600.,0,7,7
WBGene00170601.,0,0,0
WBGene00170602.,0,0,0
WBGene00170603.,0,0,0
WBGene00170604.,0,0,0
WBGene00170605.,0,0,0
WBGene00170606.,0,0,0
WBGene00170607.,0,0,0
WBGene00170608.,0,0,0
WBGene00170609.,0,0,0
WBGene00170610.,0,1,1
WBGene00170611.,0,13,13
WBGene00170612.,0,0,0
WBGene00170613.,0,2,2
WBGene00170614.,0,0,0
WBGene00170615.,0,0,0
WBGene00170616.,0,0,0
WBGene00170617.,0,0,0
WBGene00170618.,0,0,0
WBGene00170619.,0,0,0
WBGene00170620.,0,0,0
WBGene00170621.,0,1,1
WBGene00170622.,0,0,0
WBGene00170623.,0,0,0
WBGene00170624.,0,0,0
WBGene00170625.,0,0,0
WBGene00170626.,0,0,0
WBGene00170627.,0,1,1
WBGene00170628.,0,0,0
WBGene00170629.,0,0,0
WBGene00170630.,0,0,0
WBGene00170631.,0,0,0
WBGene00170632.,0,0,0
WBGene00170633.,0,145,145
WBGene00170634.,0,0,0
WBGene00170635.,0,0,0
WBGene00170636.,0,0,0
WBGene00170637.,0,0,0
WBGene00170638.,0,4,4
WBGene00170639.,0,0,0
WBGene00170640.,0,0,0
WBGene00170641.,0,0,0
WBGene00170642.,0,1,1
WBGene00170643.,0,0,0
WBGene00170644.,0,0,0
WBGene00170645.,0,0,0
WBGene00170646.,0,0,0
WBGene00170647.,0,1,1
WBGene00170648.,0,0,0
WBGene00170649.,0,0,0
WBGene00170650.,0,0,0
WBGene00170651.,0,0,0
WBGene00170652.,0,0,0
WBGene00170653.,0,0,0
WBGene00170654.,0,0,0
WBGene00170655.,0,0,0
WBGene00170656.,0,0,0
WBGene00170657.,0,0,0
WBGene00170658.,0,0,0
WBGene00170659.,0,0,0
WBGene00170660.,0,0,0
WBGene00170661.,0,0,0
WBGene00170662.,0,0,0
WBGene00170663.,0,0,0
WBGene00170664.,0,3,3
WBGene00170665.,0,0,0
WBGene00170666.,0,0,0
WBGene00170667.,0,0,0
WBGene00170668.,0,0,0
WBGene00170669.,0,0,0
WBGene00170670.,0,0,0
WBGene00170671.,0,1,1
WBGene00170672.,0,0,0
WBGene00170673.,0,0,0
WBGene00170674.,0,0,0
WBGene00170675.,0,0,0
WBGene00170676.,0,0,0
WBGene00170677.,0,0,0
WBGene00170678.,0,0,0
WBGene00170679.,0,0,0
WBGene00170680.,0,0,0
WBGene00170681.,0,0,0
WBGene00170682.,0,0,0
WBGene00170683.,0,0,0
WBGene00170684.,0,0,0
WBGene00170685.,0,0,0
WBGene00170686.,0,2,2
WBGene00170687.,0,1,1
WBGene00170688.,0,4,4
WBGene00170689.,0,0,0
WBGene00170690.,0,0,0
WBGene00170691.,0,2,2
WBGene00170692.,0,0,0
WBGene00170693.,0,0,0
WBGene00170694.,0,0,0
WBGene00170695.,0,0,0
WBGene00170697.,0,1,1
WBGene00170698.,0,0,0
WBGene00170699.,0,0,0
WBGene00170700.,0,0,0
WBGene00170701.,0,0,0
WBGene00170702.,0,0,0
WBGene00170703.,0,1,1
WBGene00170704.,0,0,0
WBGene00170705.,0,0,0
WBGene00170706.,0,1,1
WBGene00170707.,0,0,0
WBGene00170708.,0,0,0
WBGene00170709.,0,0,0
WBGene00170710.,0,0,0
WBGene00170711.,0,0,0
WBGene00170712.,0,1,1
WBGene00170713.,0,0,0
WBGene00170714.,0,0,0
WBGene00170715.,0,0,0
WBGene00170716.,0,0,0
WBGene00170717.,0,0,0
WBGene00170718.,0,0,0
WBGene00170719.,0,0,0
WBGene00170720.,0,0,0
WBGene00170721.,0,0,0
WBGene00170722.,0,0,0
WBGene00170723.,0,0,0
WBGene00170724.,0,0,0
WBGene00170725.,0,1,1
WBGene00170726.,0,0,0
WBGene00170727.,0,0,0
WBGene00170728.,0,0,0
WBGene00170729.,0,0,0
WBGene00170730.,0,0,0
WBGene00170731.,0,0,0
WBGene00170732.,0,4,4
WBGene00170733.,0,0,0
WBGene00170734.,0,0,0
WBGene00170735.,0,0,0
WBGene00170736.,0,0,0
WBGene00170737.,0,2,2
WBGene00170738.,0,0,0
WBGene00170739.,0,0,0
WBGene00170740.,0,0,0
WBGene00170741.,0,0,0
WBGene00170742.,0,0,0
WBGene00170743.,0,2,2
WBGene00170744.,0,0,0
WBGene00170745.,0,0,0
WBGene00170746.,0,0,0
WBGene00170747.,0,0,0
WBGene00170748.,0,0,0
WBGene00170749.,0,0,0
WBGene00170750.,0,2,2
WBGene00170751.,0,0,0
WBGene00170752.,0,0,0
WBGene00170753.,0,0,0
WBGene00170754.,0,0,0
WBGene00170755.,0,0,0
WBGene00170756.,0,0,0
WBGene00170757.,0,0,0
WBGene00170758.,0,0,0
WBGene00170759.,0,0,0
WBGene00170760.,0,0,0
WBGene00170761.,0,0,0
WBGene00170762.,0,0,0
WBGene00170763.,0,0,0
WBGene00170764.,0,0,0
WBGene00170765.,0,1,1
WBGene00170766.,0,0,0
WBGene00170767.,0,0,0
WBGene00170768.,0,1,1
WBGene00170769.,0,0,0
WBGene00170770.,0,0,0
WBGene00170771.,0,0,0
WBGene00170772.,0,0,0
WBGene00170773.,0,0,0
WBGene00170774.,0,0,0
WBGene00170775.,0,0,0
WBGene00170776.,0,0,0
WBGene00170777.,0,0,0
WBGene00170778.,0,0,0
WBGene00170779.,0,0,0
WBGene00170780.,0,0,0
WBGene00170781.,0,0,0
WBGene00170782.,0,0,0
WBGene00170783.,0,0,0
WBGene00170784.,0,0,0
WBGene00170785.,0,0,0
WBGene00170786.,0,0,0
WBGene00170787.,0,0,0
WBGene00170788.,0,0,0
WBGene00170789.,0,0,0
WBGene00170790.,0,0,0
WBGene00170791.,0,0,0
WBGene00170792.,0,0,0
WBGene00170793.,0,0,0
WBGene00170794.,0,0,0
WBGene00170795.,0,49,49
WBGene00170796.,0,5,5
WBGene00170797.,0,0,0
WBGene00170798.,0,0,0
WBGene00170799.,0,0,0
WBGene00170800.,0,0,0
WBGene00170801.,0,1,1
WBGene00170802.,0,2,2
WBGene00170803.,0,0,0
WBGene00170804.,0,0,0
WBGene00170805.,0,0,0
WBGene00170806.,0,0,0
WBGene00170807.,0,0,0
WBGene00170808.,0,1,1
WBGene00170809.,0,0,0
WBGene00170810.,0,0,0
WBGene00170811.,0,2,2
WBGene00170812.,0,0,0
WBGene00170813.,0,0,0
WBGene00170814.,0,0,0
WBGene00170815.,0,0,0
WBGene00170816.,0,3,3
WBGene00170817.,0,0,0
WBGene00170818.,0,0,0
WBGene00170819.,0,0,0
WBGene00170820.,0,0,0
WBGene00170821.,0,0,0
WBGene00170822.,0,0,0
WBGene00170823.,0,0,0
WBGene00170824.,0,2,2
WBGene00170825.,0,0,0
WBGene00170826.,0,0,0
WBGene00170827.,0,0,0
WBGene00170828.,0,0,0
WBGene00170829.,0,0,0
WBGene00170830.,0,0,0
WBGene00170831.,0,0,0
WBGene00170832.,0,0,0
WBGene00170833.,0,1,1
WBGene00170834.,0,0,0
WBGene00170835.,0,12,12
WBGene00170836.,0,0,0
WBGene00170837.,0,0,0
WBGene00170838.,0,0,0
WBGene00170839.,0,0,0
WBGene00170840.,0,0,0
WBGene00170841.,0,0,0
WBGene00170842.,0,8,8
WBGene00170843.,0,0,0
WBGene00170844.,0,1,1
WBGene00170845.,0,0,0
WBGene00170846.,0,0,0
WBGene00170847.,0,0,0
WBGene00170848.,0,0,0
WBGene00170849.,0,0,0
WBGene00170850.,0,0,0
WBGene00170851.,0,0,0
WBGene00170852.,0,0,0
WBGene00170853.,0,0,0
WBGene00170854.,0,0,0
WBGene00170855.,0,0,0
WBGene00170856.,0,0,0
WBGene00170857.,0,0,0
WBGene00170858.,0,0,0
WBGene00170859.,0,0,0
WBGene00170860.,0,0,0
WBGene00170861.,0,0,0
WBGene00170862.,0,1,1
WBGene00170863.,0,2,2
WBGene00170864.,0,0,0
WBGene00170865.,0,1,1
WBGene00170866.,0,1,1
WBGene00170867.,0,0,0
WBGene00170868.,0,0,0
WBGene00170869.,0,0,0
WBGene00170870.,0,0,0
WBGene00170871.,0,0,0
WBGene00170872.,0,0,0
WBGene00170873.,0,0,0
WBGene00170874.,0,0,0
WBGene00170875.,0,0,0
WBGene00170876.,0,2,2
WBGene00170877.,0,0,0
WBGene00170878.,0,0,0
WBGene00170879.,0,0,0
WBGene00170880.,0,0,0
WBGene00170881.,0,0,0
WBGene00170882.,0,0,0
WBGene00170883.,0,0,0
WBGene00170884.,0,0,0
WBGene00170885.,0,0,0
WBGene00170886.,0,0,0
WBGene00170887.,0,0,0
WBGene00170888.,0,0,0
WBGene00170889.,0,0,0
WBGene00170890.,0,4,4
WBGene00170891.,0,0,0
WBGene00170892.,0,0,0
WBGene00170893.,0,0,0
WBGene00170894.,0,0,0
WBGene00170895.,0,0,0
WBGene00170896.,0,0,0
WBGene00170897.,0,0,0
WBGene00170898.,0,1,1
WBGene00170899.,0,0,0
WBGene00170900.,0,0,0
WBGene00170901.,0,0,0
WBGene00170902.,0,0,0
WBGene00170903.,0,0,0
WBGene00170904.,0,5,5
WBGene00170905.,0,0,0
WBGene00170906.,0,0,0
WBGene00170907.,0,0,0
WBGene00170908.,0,0,0
WBGene00170909.,0,0,0
WBGene00170910.,0,0,0
WBGene00170911.,0,0,0
WBGene00170912.,0,0,0
WBGene00170913.,0,0,0
WBGene00170914.,0,0,0
WBGene00170915.,0,6,6
WBGene00170916.,0,0,0
WBGene00170917.,0,0,0
WBGene00170918.,0,0,0
WBGene00170919.,0,0,0
WBGene00170920.,0,0,0
WBGene00170921.,0,0,0
WBGene00170922.,0,0,0
WBGene00170923.,0,0,0
WBGene00170924.,0,0,0
WBGene00170925.,0,0,0
WBGene00170926.,0,7,7
WBGene00170927.,0,0,0
WBGene00170928.,0,0,0
WBGene00170929.,0,0,0
WBGene00170930.,0,3,3
WBGene00170931.,0,1,1
WBGene00170932.,0,0,0
WBGene00170933.,0,0,0
WBGene00170934.,0,0,0
WBGene00170935.,0,0,0
WBGene00170936.,0,0,0
WBGene00170937.,0,0,0
WBGene00170938.,0,0,0
WBGene00170939.,0,0,0
WBGene00170940.,0,0,0
WBGene00170941.,0,0,0
WBGene00170942.,0,0,0
WBGene00170943.,0,0,0
WBGene00170944.,0,0,0
WBGene00170945.,0,0,0
WBGene00170946.,0,0,0
WBGene00170947.,0,2,2
WBGene00170948.,0,0,0
WBGene00170949.,0,0,0
WBGene00170950.,0,0,0
WBGene00170951.,0,25,25
WBGene00170952.,0,14,14
WBGene00170953.,0,0,0
WBGene00170954.,0,10,10
WBGene00170955.,0,0,0
WBGene00170956.,0,0,0
WBGene00170957.,0,0,0
WBGene00170958.,0,0,0
WBGene00170959.,0,0,0
WBGene00170960.,0,0,0
WBGene00170961.,0,0,0
WBGene00170962.,0,0,0
WBGene00170963.,0,0,0
WBGene00170964.,0,10,10
WBGene00170965.,0,2,2
WBGene00170966.,0,0,0
WBGene00170967.,0,0,0
WBGene00170968.,0,0,0
WBGene00170969.,0,0,0
WBGene00170970.,0,0,0
WBGene00170971.,0,0,0
WBGene00170972.,0,0,0
WBGene00170973.,0,0,0
WBGene00170974.,0,19,19
WBGene00170975.,0,12,12
WBGene00170976.,0,0,0
WBGene00170977.,0,2,2
WBGene00170978.,0,5,5
WBGene00170979.,0,0,0
WBGene00170980.,0,25,25
WBGene00170981.,0,0,0
WBGene00170982.,0,0,0
WBGene00170983.,0,2,2
WBGene00170984.,0,0,0
WBGene00170985.,0,0,0
WBGene00170986.,0,2,2
WBGene00170987.,0,0,0
WBGene00170988.,0,1,1
WBGene00170989.,0,0,0
WBGene00170990.,0,0,0
WBGene00170991.,0,6,6
WBGene00170992.,0,0,0
WBGene00170993.,0,0,0
WBGene00170994.,0,0,0
WBGene00170995.,0,0,0
WBGene00170996.,0,11,11
WBGene00170997.,0,0,0
WBGene00170998.,0,3,3
WBGene00170999.,0,0,0
WBGene00171000.,0,0,0
WBGene00171001.,0,1,1
WBGene00171002.,0,0,0
WBGene00171003.,0,0,0
WBGene00171004.,0,0,0
WBGene00171005.,0,3,3
WBGene00171006.,0,0,0
WBGene00171007.,0,0,0
WBGene00171008.,0,0,0
WBGene00171009.,0,5,5
WBGene00171010.,0,0,0
WBGene00171011.,0,0,0
WBGene00171012.,0,0,0
WBGene00171013.,0,0,0
WBGene00171014.,0,2,2
WBGene00171015.,0,1,1
WBGene00171016.,0,0,0
WBGene00171017.,0,0,0
WBGene00171018.,0,0,0
WBGene00171019.,0,0,0
WBGene00171020.,0,0,0
WBGene00171021.,0,0,0
WBGene00171022.,0,0,0
WBGene00171023.,0,0,0
WBGene00171024.,0,0,0
WBGene00171025.,0,0,0
WBGene00171026.,0,3,3
WBGene00171027.,0,0,0
WBGene00171028.,0,0,0
WBGene00171029.,0,17,17
WBGene00171030.,0,0,0
WBGene00171031.,0,0,0
WBGene00171032.,0,0,0
WBGene00171033.,0,0,0
WBGene00171034.,0,0,0
WBGene00171035.,0,0,0
WBGene00171036.,0,0,0
WBGene00171037.,0,0,0
WBGene00171038.,0,0,0
WBGene00171039.,0,0,0
WBGene00171040.,0,0,0
WBGene00171041.,0,10,10
WBGene00171042.,0,0,0
WBGene00171043.,0,1,1
WBGene00171044.,0,0,0
WBGene00171045.,0,0,0
WBGene00171046.,0,0,0
WBGene00171047.,0,0,0
WBGene00171048.,0,0,0
WBGene00171049.,0,0,0
WBGene00171050.,0,0,0
WBGene00171051.,0,0,0
WBGene00171052.,0,0,0
WBGene00171053.,0,0,0
WBGene00171054.,0,0,0
WBGene00171055.,0,0,0
WBGene00171056.,0,0,0
WBGene00171057.,0,0,0
WBGene00171058.,0,0,0
WBGene00171059.,0,0,0
WBGene00171060.,0,1,1
WBGene00171061.,0,6,6
WBGene00171062.,0,0,0
WBGene00171063.,0,0,0
WBGene00171064.,0,0,0
WBGene00171065.,0,0,0
WBGene00171066.,0,0,0
WBGene00171067.,0,0,0
WBGene00171068.,0,0,0
WBGene00171069.,0,13,13
WBGene00171070.,0,0,0
WBGene00171071.,0,0,0
WBGene00171072.,0,0,0
WBGene00171073.,0,0,0
WBGene00171074.,0,0,0
WBGene00171075.,0,0,0
WBGene00171076.,0,0,0
WBGene00171077.,0,0,0
WBGene00171078.,0,0,0
WBGene00171079.,0,0,0
WBGene00171080.,0,1,1
WBGene00171081.,0,0,0
WBGene00171082.,0,0,0
WBGene00171083.,0,0,0
WBGene00171084.,0,0,0
WBGene00171085.,0,0,0
WBGene00171086.,0,0,0
WBGene00171087.,0,3,3
WBGene00171088.,0,0,0
WBGene00171089.,0,0,0
WBGene00171090.,0,0,0
WBGene00171091.,0,12,12
WBGene00171092.,0,0,0
WBGene00171093.,0,0,0
WBGene00171094.,0,0,0
WBGene00171095.,0,0,0
WBGene00171096.,0,0,0
WBGene00171097.,0,0,0
WBGene00171098.,0,0,0
WBGene00171099.,0,0,0
WBGene00171100.,0,0,0
WBGene00171101.,0,0,0
WBGene00171102.,0,0,0
WBGene00171103.,0,0,0
WBGene00171104.,0,0,0
WBGene00171105.,0,0,0
WBGene00171106.,0,0,0
WBGene00171107.,0,12,12
WBGene00171108.,0,0,0
WBGene00171109.,0,0,0
WBGene00171110.,0,0,0
WBGene00171111.,0,0,0
WBGene00171112.,0,0,0
WBGene00171113.,0,15,15
WBGene00171114.,0,0,0
WBGene00171115.,0,0,0
WBGene00171116.,0,1,1
WBGene00171117.,0,6,6
WBGene00171118.,0,0,0
WBGene00171119.,0,0,0
WBGene00171120.,0,0,0
WBGene00171121.,0,0,0
WBGene00171122.,0,0,0
WBGene00171123.,0,0,0
WBGene00171124.,0,0,0
WBGene00171125.,0,0,0
WBGene00171126.,0,0,0
WBGene00171127.,0,0,0
WBGene00171128.,0,0,0
WBGene00171129.,0,0,0
WBGene00171130.,0,0,0
WBGene00171131.,0,0,0
WBGene00171132.,0,0,0
WBGene00171133.,0,0,0
WBGene00171134.,0,0,0
WBGene00171135.,0,0,0
WBGene00171136.,0,0,0
WBGene00171137.,0,0,0
WBGene00171138.,0,0,0
WBGene00171139.,0,0,0
WBGene00171140.,0,0,0
WBGene00171141.,0,1,1
WBGene00171142.,0,0,0
WBGene00171143.,0,0,0
WBGene00171144.,0,0,0
WBGene00171145.,0,0,0
WBGene00171146.,0,0,0
WBGene00171147.,0,0,0
WBGene00171148.,0,0,0
WBGene00171149.,0,0,0
WBGene00171150.,0,0,0
WBGene00171151.,0,0,0
WBGene00171152.,0,14,14
WBGene00171153.,0,0,0
WBGene00171154.,0,0,0
WBGene00171155.,0,2,2
WBGene00171156.,0,0,0
WBGene00171157.,0,0,0
WBGene00171158.,0,0,0
WBGene00171159.,0,0,0
WBGene00171160.,0,2,2
WBGene00171161.,0,0,0
WBGene00171162.,0,0,0
WBGene00171163.,0,0,0
WBGene00171164.,0,0,0
WBGene00171165.,0,0,0
WBGene00171166.,0,0,0
WBGene00171167.,0,1,1
WBGene00171168.,0,0,0
WBGene00171169.,0,3,3
WBGene00171170.,0,0,0
WBGene00171171.,0,0,0
WBGene00171172.,0,0,0
WBGene00171173.,0,0,0
WBGene00171174.,0,0,0
WBGene00171175.,0,0,0
WBGene00171176.,0,0,0
WBGene00171177.,0,0,0
WBGene00171178.,0,0,0
WBGene00171179.,0,0,0
WBGene00171180.,0,0,0
WBGene00171181.,0,0,0
WBGene00171182.,0,0,0
WBGene00171183.,0,0,0
WBGene00171184.,0,0,0
WBGene00171185.,0,0,0
WBGene00171186.,0,0,0
WBGene00171187.,0,0,0
WBGene00171188.,0,0,0
WBGene00171189.,0,0,0
WBGene00171190.,0,1,1
WBGene00171191.,0,0,0
WBGene00171192.,0,0,0
WBGene00171193.,0,1,1
WBGene00171194.,0,7,7
WBGene00171195.,0,0,0
WBGene00171196.,0,0,0
WBGene00171197.,0,0,0
WBGene00171198.,0,0,0
WBGene00171199.,0,0,0
WBGene00171200.,0,0,0
WBGene00171201.,0,0,0
WBGene00171202.,0,0,0
WBGene00171203.,0,0,0
WBGene00171204.,0,0,0
WBGene00171205.,0,0,0
WBGene00171206.,0,0,0
WBGene00171207.,0,0,0
WBGene00171208.,0,1,1
WBGene00171209.,0,0,0
WBGene00171210.,0,0,0
WBGene00171211.,0,2,2
WBGene00171212.,0,1,1
WBGene00171213.,0,0,0
WBGene00171214.,0,1,1
WBGene00171215.,0,0,0
WBGene00171216.,0,0,0
WBGene00171217.,0,0,0
WBGene00171218.,0,0,0
WBGene00171219.,0,0,0
WBGene00171220.,0,4,4
WBGene00171221.,0,5,5
WBGene00171222.,0,0,0
WBGene00171223.,0,0,0
WBGene00171224.,0,0,0
WBGene00171225.,0,0,0
WBGene00171226.,0,0,0
WBGene00171227.,0,0,0
WBGene00171228.,0,2,2
WBGene00171229.,0,0,0
WBGene00171230.,0,0,0
WBGene00171231.,0,0,0
WBGene00171232.,0,0,0
WBGene00171233.,0,0,0
WBGene00171234.,0,0,0
WBGene00171235.,0,0,0
WBGene00171236.,0,1,1
WBGene00171237.,0,0,0
WBGene00171238.,0,0,0
WBGene00171239.,0,0,0
WBGene00171240.,0,0,0
WBGene00171241.,0,0,0
WBGene00171242.,0,0,0
WBGene00171243.,0,0,0
WBGene00171244.,0,2,2
WBGene00171245.,0,0,0
WBGene00171246.,0,0,0
WBGene00171247.,0,0,0
WBGene00171248.,0,0,0
WBGene00171249.,0,0,0
WBGene00171250.,0,0,0
WBGene00171251.,0,0,0
WBGene00171252.,0,3,3
WBGene00171253.,0,0,0
WBGene00171254.,0,0,0
WBGene00171255.,0,0,0
WBGene00171256.,0,0,0
WBGene00171257.,0,0,0
WBGene00171258.,0,0,0
WBGene00171259.,0,0,0
WBGene00171260.,0,0,0
WBGene00171261.,0,0,0
WBGene00171262.,0,0,0
WBGene00171263.,0,0,0
WBGene00171264.,0,0,0
WBGene00171265.,0,18,18
WBGene00171266.,0,0,0
WBGene00171267.,0,0,0
WBGene00171268.,0,0,0
WBGene00171269.,0,0,0
WBGene00171270.,0,1,1
WBGene00171271.,0,0,0
WBGene00171272.,0,0,0
WBGene00171273.,0,0,0
WBGene00171274.,0,0,0
WBGene00171275.,0,0,0
WBGene00171276.,0,0,0
WBGene00171277.,0,0,0
WBGene00171278.,0,0,0
WBGene00171279.,0,9,9
WBGene00171280.,0,21,21
WBGene00171281.,0,0,0
WBGene00171282.,0,0,0
WBGene00171283.,0,0,0
WBGene00171284.,0,3,3
WBGene00171285.,0,1,1
WBGene00171286.,0,95,95
WBGene00171287.,0,0,0
WBGene00171288.,0,0,0
WBGene00171289.,0,4,4
WBGene00171290.,0,10,10
WBGene00171291.,0,0,0
WBGene00171292.,0,0,0
WBGene00171293.,0,2,2
WBGene00171294.,0,1,1
WBGene00171295.,0,0,0
WBGene00171296.,0,0,0
WBGene00171297.,0,0,0
WBGene00171298.,0,0,0
WBGene00171299.,0,0,0
WBGene00171300.,0,0,0
WBGene00171301.,0,0,0
WBGene00171302.,0,0,0
WBGene00171303.,0,0,0
WBGene00171304.,0,0,0
WBGene00171305.,0,0,0
WBGene00171306.,0,0,0
WBGene00171307.,0,0,0
WBGene00171308.,0,0,0
WBGene00171309.,0,5,5
WBGene00171310.,0,1,1
WBGene00171311.,0,10,10
WBGene00171312.,0,0,0
WBGene00171313.,0,0,0
WBGene00171314.,0,0,0
WBGene00171315.,0,0,0
WBGene00171316.,0,0,0
WBGene00171317.,0,3,3
WBGene00171318.,0,0,0
WBGene00171319.,0,1,1
WBGene00171320.,0,0,0
WBGene00171321.,0,0,0
WBGene00171322.,0,0,0
WBGene00171323.,0,7,7
WBGene00171324.,0,0,0
WBGene00171325.,0,0,0
WBGene00171326.,0,0,0
WBGene00171327.,0,0,0
WBGene00171328.,0,0,0
WBGene00171329.,0,2,2
WBGene00171330.,0,0,0
WBGene00171331.,0,0,0
WBGene00171332.,0,0,0
WBGene00171333.,0,0,0
WBGene00171334.,0,0,0
WBGene00171335.,0,2,2
WBGene00171336.,0,0,0
WBGene00171337.,0,0,0
WBGene00171338.,0,0,0
WBGene00171339.,0,0,0
WBGene00171340.,0,0,0
WBGene00171341.,0,0,0
WBGene00171342.,0,0,0
WBGene00171343.,0,0,0
WBGene00171344.,0,0,0
WBGene00171345.,0,0,0
WBGene00171346.,0,8,8
WBGene00171347.,0,35,35
WBGene00171348.,0,0,0
WBGene00171349.,0,0,0
WBGene00171350.,0,0,0
WBGene00171351.,0,0,0
WBGene00171352.,0,0,0
WBGene00171353.,0,0,0
WBGene00171354.,0,0,0
WBGene00171355.,0,0,0
WBGene00171356.,0,0,0
WBGene00171357.,0,0,0
WBGene00171358.,0,1,1
WBGene00171359.,0,13,13
WBGene00171360.,0,0,0
WBGene00171361.,0,1,1
WBGene00171362.,0,0,0
WBGene00171363.,0,0,0
WBGene00171364.,0,3,3
WBGene00171365.,0,0,0
WBGene00171366.,0,0,0
WBGene00171367.,0,0,0
WBGene00171368.,0,0,0
WBGene00171369.,0,0,0
WBGene00171370.,0,0,0
WBGene00171371.,0,0,0
WBGene00171372.,0,0,0
WBGene00171373.,0,0,0
WBGene00171374.,0,0,0
WBGene00171375.,0,2,2
WBGene00171376.,0,0,0
WBGene00171377.,0,0,0
WBGene00171378.,0,0,0
WBGene00171379.,0,0,0
WBGene00171380.,0,0,0
WBGene00171381.,0,0,0
WBGene00171382.,0,0,0
WBGene00171383.,0,0,0
WBGene00171384.,0,0,0
WBGene00171385.,0,0,0
WBGene00171386.,0,0,0
WBGene00171387.,0,0,0
WBGene00171388.,0,0,0
WBGene00171389.,0,0,0
WBGene00171390.,0,0,0
WBGene00171391.,0,0,0
WBGene00171392.,0,0,0
WBGene00171393.,0,0,0
WBGene00171394.,0,0,0
WBGene00171395.,0,0,0
WBGene00171396.,0,0,0
WBGene00171397.,0,0,0
WBGene00171398.,0,0,0
WBGene00171399.,0,0,0
WBGene00171400.,0,0,0
WBGene00171401.,0,0,0
WBGene00171402.,0,0,0
WBGene00171403.,0,0,0
WBGene00171404.,0,0,0
WBGene00171405.,0,4,4
WBGene00171406.,0,1,1
WBGene00171407.,0,0,0
WBGene00171408.,0,0,0
WBGene00171409.,0,0,0
WBGene00171410.,0,0,0
WBGene00171411.,0,15,15
WBGene00171412.,0,4,4
WBGene00171413.,0,0,0
WBGene00171414.,0,0,0
WBGene00171415.,0,0,0
WBGene00171416.,0,0,0
WBGene00171417.,0,0,0
WBGene00171418.,0,3,3
WBGene00171419.,0,0,0
WBGene00171420.,0,0,0
WBGene00171421.,0,1,1
WBGene00171422.,0,0,0
WBGene00171423.,0,13,13
WBGene00171424.,0,0,0
WBGene00171425.,0,0,0
WBGene00171426.,0,0,0
WBGene00171427.,0,0,0
WBGene00171428.,0,2,2
WBGene00171429.,0,0,0
WBGene00171430.,0,0,0
WBGene00171431.,0,0,0
WBGene00171432.,0,0,0
WBGene00171433.,0,0,0
WBGene00171434.,0,0,0
WBGene00171435.,0,0,0
WBGene00171436.,0,0,0
WBGene00171437.,0,2,2
WBGene00171438.,0,0,0
WBGene00171439.,0,0,0
WBGene00171440.,0,3,3
WBGene00171441.,0,0,0
WBGene00171442.,0,0,0
WBGene00171443.,0,0,0
WBGene00171444.,0,0,0
WBGene00171445.,0,0,0
WBGene00171446.,0,0,0
WBGene00171447.,0,0,0
WBGene00171448.,0,0,0
WBGene00171449.,0,0,0
WBGene00171450.,0,1,1
WBGene00171451.,0,11,11
WBGene00171452.,0,0,0
WBGene00171453.,0,0,0
WBGene00171454.,0,0,0
WBGene00171455.,0,0,0
WBGene00171456.,0,2,2
WBGene00171457.,0,0,0
WBGene00171458.,0,0,0
WBGene00171459.,0,0,0
WBGene00171460.,0,0,0
WBGene00171461.,0,11,11
WBGene00171462.,0,0,0
WBGene00171463.,0,0,0
WBGene00171464.,0,1,1
WBGene00171465.,0,0,0
WBGene00171466.,0,0,0
WBGene00171467.,0,0,0
WBGene00171468.,0,0,0
WBGene00171469.,0,2,2
WBGene00171470.,0,50,50
WBGene00171471.,0,0,0
WBGene00171472.,0,0,0
WBGene00171473.,0,8,8
WBGene00171474.,0,0,0
WBGene00171475.,0,0,0
WBGene00171476.,0,0,0
WBGene00171477.,0,0,0
WBGene00171478.,0,5,5
WBGene00171479.,0,0,0
WBGene00171480.,0,0,0
WBGene00171481.,0,0,0
WBGene00171482.,0,1,1
WBGene00171483.,0,0,0
WBGene00171484.,0,0,0
WBGene00171485.,0,0,0
WBGene00171486.,0,0,0
WBGene00171487.,0,0,0
WBGene00171488.,0,0,0
WBGene00171489.,0,0,0
WBGene00171490.,0,0,0
WBGene00171491.,0,0,0
WBGene00171492.,0,0,0
WBGene00171493.,0,0,0
WBGene00171494.,0,0,0
WBGene00171495.,0,0,0
WBGene00171496.,0,0,0
WBGene00171497.,0,0,0
WBGene00171498.,0,0,0
WBGene00171499.,0,0,0
WBGene00171500.,0,5,5
WBGene00171501.,0,0,0
WBGene00171502.,0,0,0
WBGene00171503.,0,0,0
WBGene00171504.,0,0,0
WBGene00171505.,0,17,17
WBGene00171506.,0,0,0
WBGene00171507.,0,0,0
WBGene00171508.,0,0,0
WBGene00171509.,0,0,0
WBGene00171510.,0,0,0
WBGene00171511.,0,0,0
WBGene00171512.,0,0,0
WBGene00171513.,0,0,0
WBGene00171514.,0,0,0
WBGene00171515.,0,2,2
WBGene00171516.,0,0,0
WBGene00171517.,0,0,0
WBGene00171518.,0,0,0
WBGene00171519.,0,1,1
WBGene00171520.,0,0,0
WBGene00171521.,0,0,0
WBGene00171522.,0,0,0
WBGene00171523.,0,0,0
WBGene00171524.,0,0,0
WBGene00171525.,0,20,20
WBGene00171526.,0,12,12
WBGene00171527.,0,0,0
WBGene00171528.,0,0,0
WBGene00171529.,0,1,1
WBGene00171530.,0,0,0
WBGene00171531.,0,0,0
WBGene00171532.,0,0,0
WBGene00171533.,0,1,1
WBGene00171534.,0,0,0
WBGene00171535.,0,0,0
WBGene00171536.,0,0,0
WBGene00171537.,0,0,0
WBGene00171538.,0,0,0
WBGene00171539.,0,0,0
WBGene00171540.,0,0,0
WBGene00171541.,0,0,0
WBGene00171542.,0,0,0
WBGene00171543.,0,0,0
WBGene00171544.,0,0,0
WBGene00171545.,0,0,0
WBGene00171546.,0,0,0
WBGene00171547.,0,3,3
WBGene00171548.,0,0,0
WBGene00171549.,0,0,0
WBGene00171550.,0,0,0
WBGene00171551.,0,0,0
WBGene00171552.,0,0,0
WBGene00171553.,0,0,0
WBGene00171554.,0,0,0
WBGene00171555.,0,0,0
WBGene00171556.,0,0,0
WBGene00171557.,0,0,0
WBGene00171558.,0,0,0
WBGene00171559.,0,9,9
WBGene00171560.,0,0,0
WBGene00171561.,0,0,0
WBGene00171562.,0,0,0
WBGene00171563.,0,0,0
WBGene00171564.,0,0,0
WBGene00171565.,0,0,0
WBGene00171566.,0,0,0
WBGene00171567.,0,0,0
WBGene00171568.,0,58,58
WBGene00171569.,0,0,0
WBGene00171570.,0,0,0
WBGene00171571.,0,0,0
WBGene00171572.,0,0,0
WBGene00171573.,0,0,0
WBGene00171574.,0,0,0
WBGene00171575.,0,0,0
WBGene00171576.,0,1,1
WBGene00171577.,0,0,0
WBGene00171578.,0,0,0
WBGene00171579.,0,0,0
WBGene00171580.,0,0,0
WBGene00171581.,0,0,0
WBGene00171582.,0,0,0
WBGene00171583.,0,0,0
WBGene00171584.,0,0,0
WBGene00171585.,0,0,0
WBGene00171586.,0,0,0
WBGene00171587.,0,2,2
WBGene00171588.,0,0,0
WBGene00171589.,0,0,0
WBGene00171590.,0,0,0
WBGene00171591.,0,0,0
WBGene00171592.,0,0,0
WBGene00171593.,0,0,0
WBGene00171594.,0,0,0
WBGene00171595.,0,0,0
WBGene00171596.,0,1,1
WBGene00171597.,0,0,0
WBGene00171598.,0,0,0
WBGene00171599.,0,0,0
WBGene00171600.,0,0,0
WBGene00171601.,0,0,0
WBGene00171602.,0,0,0
WBGene00171603.,0,0,0
WBGene00171604.,0,0,0
WBGene00171605.,0,0,0
WBGene00171606.,0,0,0
WBGene00171607.,0,0,0
WBGene00171608.,0,1,1
WBGene00171609.,0,0,0
WBGene00171610.,0,0,0
WBGene00171611.,0,0,0
WBGene00171612.,0,0,0
WBGene00171613.,0,0,0
WBGene00171614.,0,0,0
WBGene00171615.,0,0,0
WBGene00171616.,0,1,1
WBGene00171617.,0,2,2
WBGene00171618.,0,0,0
WBGene00171619.,0,0,0
WBGene00171620.,0,0,0
WBGene00171621.,0,0,0
WBGene00171622.,0,9,9
WBGene00171623.,0,5,5
WBGene00171624.,0,0,0
WBGene00171625.,0,0,0
WBGene00171626.,0,1,1
WBGene00171627.,0,0,0
WBGene00171628.,0,0,0
WBGene00171629.,0,0,0
WBGene00171630.,0,0,0
WBGene00171631.,0,0,0
WBGene00171632.,0,0,0
WBGene00171633.,0,0,0
WBGene00171634.,0,0,0
WBGene00171635.,0,0,0
WBGene00171636.,0,0,0
WBGene00171637.,0,0,0
WBGene00171638.,0,0,0
WBGene00171639.,0,0,0
WBGene00171640.,0,0,0
WBGene00171641.,0,0,0
WBGene00171642.,0,1,1
WBGene00171643.,0,0,0
WBGene00171644.,0,0,0
WBGene00171645.,0,0,0
WBGene00171646.,0,0,0
WBGene00171647.,0,0,0
WBGene00171648.,0,0,0
WBGene00171649.,0,0,0
WBGene00171650.,0,0,0
WBGene00171651.,0,0,0
WBGene00171652.,0,0,0
WBGene00171653.,0,1,1
WBGene00171654.,0,0,0
WBGene00171655.,0,0,0
WBGene00171656.,0,0,0
WBGene00171657.,0,3,3
WBGene00171658.,0,1,1
WBGene00171659.,0,1,1
WBGene00171660.,0,0,0
WBGene00171661.,0,0,0
WBGene00171662.,0,0,0
WBGene00171663.,0,2,2
WBGene00171664.,0,0,0
WBGene00171665.,0,0,0
WBGene00171666.,0,0,0
WBGene00171667.,0,0,0
WBGene00171668.,0,0,0
WBGene00171669.,0,0,0
WBGene00171670.,0,0,0
WBGene00171671.,0,0,0
WBGene00171672.,0,0,0
WBGene00171673.,0,0,0
WBGene00171674.,0,0,0
WBGene00171675.,0,2,2
WBGene00171676.,0,1,1
WBGene00171677.,0,0,0
WBGene00171678.,0,0,0
WBGene00171679.,0,0,0
WBGene00171680.,0,0,0
WBGene00171681.,0,1,1
WBGene00171682.,0,0,0
WBGene00171683.,0,0,0
WBGene00171684.,0,0,0
WBGene00171685.,0,0,0
WBGene00171686.,0,1,1
WBGene00171687.,0,0,0
WBGene00171688.,0,0,0
WBGene00171689.,0,0,0
WBGene00171690.,0,0,0
WBGene00171691.,0,3,3
WBGene00171692.,0,0,0
WBGene00171693.,0,0,0
WBGene00171694.,0,5,5
WBGene00171695.,0,0,0
WBGene00171696.,0,0,0
WBGene00171697.,0,0,0
WBGene00171698.,0,0,0
WBGene00171699.,0,3,3
WBGene00171700.,0,0,0
WBGene00171701.,0,0,0
WBGene00171702.,0,0,0
WBGene00171703.,0,3,3
WBGene00171704.,0,0,0
WBGene00171705.,0,0,0
WBGene00171706.,0,0,0
WBGene00171707.,0,0,0
WBGene00171708.,0,1,1
WBGene00171709.,0,0,0
WBGene00171710.,0,0,0
WBGene00171712.,0,0,0
WBGene00171713.,0,0,0
WBGene00171714.,0,0,0
WBGene00171715.,0,0,0
WBGene00171716.,0,0,0
WBGene00171717.,0,0,0
WBGene00171718.,0,1,1
WBGene00171719.,0,1,1
WBGene00171720.,0,0,0
WBGene00171721.,0,0,0
WBGene00171722.,0,0,0
WBGene00171723.,0,0,0
WBGene00171724.,0,0,0
WBGene00171725.,0,0,0
WBGene00171726.,0,0,0
WBGene00171727.,0,0,0
WBGene00171728.,0,0,0
WBGene00171729.,0,1,1
WBGene00171730.,0,0,0
WBGene00171731.,0,0,0
WBGene00171732.,0,0,0
WBGene00171733.,0,0,0
WBGene00171734.,0,0,0
WBGene00171735.,0,0,0
WBGene00171736.,0,1,1
WBGene00171737.,0,0,0
WBGene00171738.,0,3,3
WBGene00171739.,0,0,0
WBGene00171740.,0,0,0
WBGene00171741.,0,0,0
WBGene00171742.,0,0,0
WBGene00171743.,0,0,0
WBGene00171744.,0,0,0
WBGene00171745.,0,0,0
WBGene00171746.,0,0,0
WBGene00171747.,0,0,0
WBGene00171748.,0,0,0
WBGene00171749.,0,0,0
WBGene00171750.,0,0,0
WBGene00171751.,0,0,0
WBGene00171752.,0,0,0
WBGene00171753.,0,0,0
WBGene00171754.,0,25,25
WBGene00171755.,0,0,0
WBGene00171756.,0,0,0
WBGene00171757.,0,1,1
WBGene00171758.,0,0,0
WBGene00171759.,0,0,0
WBGene00171760.,0,0,0
WBGene00171761.,0,0,0
WBGene00171762.,0,0,0
WBGene00171763.,0,0,0
WBGene00171764.,0,0,0
WBGene00171765.,0,11,11
WBGene00171766.,0,1,1
WBGene00171767.,0,0,0
WBGene00171768.,0,0,0
WBGene00171769.,0,0,0
WBGene00171770.,0,0,0
WBGene00171771.,0,0,0
WBGene00171772.,0,0,0
WBGene00171773.,0,0,0
WBGene00171774.,0,0,0
WBGene00171775.,0,0,0
WBGene00171776.,0,0,0
WBGene00171777.,0,0,0
WBGene00171778.,0,2,2
WBGene00171779.,0,4,4
WBGene00171780.,0,0,0
WBGene00171781.,0,0,0
WBGene00171782.,0,0,0
WBGene00171783.,0,0,0
WBGene00171784.,0,0,0
WBGene00171785.,0,0,0
WBGene00171786.,0,8,8
WBGene00171787.,0,0,0
WBGene00171788.,0,0,0
WBGene00171789.,0,0,0
WBGene00171790.,0,0,0
WBGene00171791.,0,0,0
WBGene00171792.,0,1,1
WBGene00171793.,0,0,0
WBGene00171794.,0,0,0
WBGene00171795.,0,0,0
WBGene00171796.,0,0,0
WBGene00171797.,0,0,0
WBGene00171798.,0,86,86
WBGene00171799.,0,15,15
WBGene00171800.,0,1,1
WBGene00171801.,0,0,0
WBGene00171802.,0,0,0
WBGene00171803.,0,0,0
WBGene00171804.,0,0,0
WBGene00171805.,0,0,0
WBGene00171806.,0,0,0
WBGene00171807.,0,0,0
WBGene00171809.,0,0,0
WBGene00171810.,0,0,0
WBGene00171811.,0,0,0
WBGene00171812.,0,0,0
WBGene00171813.,0,0,0
WBGene00171814.,0,0,0
WBGene00171815.,0,0,0
WBGene00171816.,0,0,0
WBGene00171817.,0,0,0
WBGene00171818.,0,0,0
WBGene00171819.,0,0,0
WBGene00171820.,0,0,0
WBGene00171821.,0,0,0
WBGene00171822.,0,0,0
WBGene00171823.,0,0,0
WBGene00171824.,0,0,0
WBGene00171825.,0,0,0
WBGene00171826.,0,0,0
WBGene00171827.,0,0,0
WBGene00171828.,0,0,0
WBGene00171829.,0,0,0
WBGene00171830.,0,0,0
WBGene00171831.,0,0,0
WBGene00171832.,0,0,0
WBGene00171833.,0,3,3
WBGene00171834.,0,0,0
WBGene00171835.,0,0,0
WBGene00171836.,0,0,0
WBGene00171837.,0,0,0
WBGene00171838.,0,7,7
WBGene00171839.,0,0,0
WBGene00171840.,0,0,0
WBGene00171841.,0,0,0
WBGene00171842.,0,0,0
WBGene00171843.,0,0,0
WBGene00171844.,0,0,0
WBGene00171845.,0,0,0
WBGene00171846.,0,0,0
WBGene00171847.,0,1,1
WBGene00171848.,0,0,0
WBGene00171849.,0,0,0
WBGene00171850.,0,0,0
WBGene00171851.,0,0,0
WBGene00171852.,0,0,0
WBGene00171853.,0,0,0
WBGene00171854.,0,0,0
WBGene00171855.,0,0,0
WBGene00171856.,0,0,0
WBGene00171857.,0,0,0
WBGene00171858.,0,0,0
WBGene00171859.,0,0,0
WBGene00171860.,0,0,0
WBGene00171861.,0,0,0
WBGene00171862.,0,0,0
WBGene00171863.,0,1,1
WBGene00171864.,0,0,0
WBGene00171865.,0,0,0
WBGene00171866.,0,0,0
WBGene00171867.,0,0,0
WBGene00171868.,0,0,0
WBGene00171869.,0,13,13
WBGene00171870.,0,2,2
WBGene00171871.,0,0,0
WBGene00171872.,0,0,0
WBGene00171873.,0,0,0
WBGene00171875.,0,0,0
WBGene00171876.,0,0,0
WBGene00171877.,0,0,0
WBGene00171878.,0,0,0
WBGene00171879.,0,0,0
WBGene00171880.,0,0,0
WBGene00171881.,0,0,0
WBGene00171882.,0,0,0
WBGene00171883.,0,1,1
WBGene00171884.,0,0,0
WBGene00171885.,0,0,0
WBGene00171886.,0,0,0
WBGene00171887.,0,0,0
WBGene00171888.,0,4,4
WBGene00171889.,0,0,0
WBGene00171890.,0,0,0
WBGene00171891.,0,0,0
WBGene00171892.,0,11,11
WBGene00171893.,0,0,0
WBGene00171894.,0,0,0
WBGene00171895.,0,3,3
WBGene00171896.,0,0,0
WBGene00171897.,0,0,0
WBGene00171898.,0,0,0
WBGene00171899.,0,1,1
WBGene00171900.,0,0,0
WBGene00171901.,0,0,0
WBGene00171902.,0,0,0
WBGene00171903.,0,0,0
WBGene00171904.,0,0,0
WBGene00171905.,0,7,7
WBGene00171906.,0,0,0
WBGene00171907.,0,6,6
WBGene00171908.,0,0,0
WBGene00171909.,0,0,0
WBGene00171910.,0,0,0
WBGene00171911.,0,0,0
WBGene00171912.,0,0,0
WBGene00171913.,0,0,0
WBGene00171914.,0,0,0
WBGene00171915.,0,0,0
WBGene00171916.,0,0,0
WBGene00171917.,0,0,0
WBGene00171918.,0,0,0
WBGene00171919.,0,0,0
WBGene00171920.,0,0,0
WBGene00171921.,0,0,0
WBGene00171922.,0,0,0
WBGene00171923.,0,2,2
WBGene00171924.,0,21,21
WBGene00171925.,0,0,0
WBGene00171926.,0,0,0
WBGene00171927.,0,0,0
WBGene00171928.,0,0,0
WBGene00171929.,0,0,0
WBGene00171930.,0,0,0
WBGene00171931.,0,0,0
WBGene00171932.,0,3,3
WBGene00171933.,0,0,0
WBGene00171934.,0,0,0
WBGene00171935.,0,17,17
WBGene00171936.,0,0,0
WBGene00171937.,0,0,0
WBGene00171938.,0,0,0
WBGene00171939.,0,0,0
WBGene00171940.,0,0,0
WBGene00171941.,0,0,0
WBGene00171942.,0,0,0
WBGene00171943.,0,0,0
WBGene00171944.,0,0,0
WBGene00171945.,0,0,0
WBGene00171946.,0,4,4
WBGene00171947.,0,0,0
WBGene00171948.,0,0,0
WBGene00171949.,0,0,0
WBGene00171950.,0,0,0
WBGene00171951.,0,0,0
WBGene00171952.,0,0,0
WBGene00171953.,0,0,0
WBGene00171954.,0,0,0
WBGene00171955.,0,0,0
WBGene00171956.,0,0,0
WBGene00171957.,0,0,0
WBGene00171958.,0,0,0
WBGene00171959.,0,0,0
WBGene00171960.,0,0,0
WBGene00171961.,0,0,0
WBGene00171962.,0,0,0
WBGene00171963.,0,0,0
WBGene00171964.,0,0,0
WBGene00171965.,0,1,1
WBGene00171966.,0,0,0
WBGene00171967.,0,0,0
WBGene00171968.,0,0,0
WBGene00171969.,0,0,0
WBGene00171970.,0,0,0
WBGene00171971.,0,0,0
WBGene00171972.,0,0,0
WBGene00171973.,0,1,1
WBGene00171974.,0,0,0
WBGene00171975.,0,0,0
WBGene00171976.,0,0,0
WBGene00171977.,0,1,1
WBGene00171978.,0,3,3
WBGene00171979.,0,0,0
WBGene00171980.,0,1,1
WBGene00171981.,0,0,0
WBGene00171982.,0,0,0
WBGene00171983.,0,1,1
WBGene00171984.,0,0,0
WBGene00171985.,0,6,6
WBGene00171986.,0,0,0
WBGene00171987.,0,0,0
WBGene00171988.,0,0,0
WBGene00171989.,0,0,0
WBGene00171990.,0,0,0
WBGene00171991.,0,0,0
WBGene00171992.,0,0,0
WBGene00171993.,0,0,0
WBGene00171994.,0,0,0
WBGene00171995.,0,0,0
WBGene00171996.,0,6,6
WBGene00171997.,0,0,0
WBGene00171998.,0,0,0
WBGene00171999.,0,0,0
WBGene00172000.,0,0,0
WBGene00172001.,0,0,0
WBGene00172002.,0,0,0
WBGene00172003.,0,0,0
WBGene00172004.,0,0,0
WBGene00172006.,0,0,0
WBGene00172007.,0,0,0
WBGene00172008.,0,0,0
WBGene00172009.,0,0,0
WBGene00172010.,0,0,0
WBGene00172011.,0,1,1
WBGene00172012.,0,0,0
WBGene00172013.,0,1,1
WBGene00172014.,0,0,0
WBGene00172015.,0,0,0
WBGene00172016.,0,63,63
WBGene00172017.,0,0,0
WBGene00172018.,0,0,0
WBGene00172019.,0,8,8
WBGene00172020.,0,0,0
WBGene00172021.,0,1,1
WBGene00172022.,0,0,0
WBGene00172023.,0,0,0
WBGene00172024.,0,0,0
WBGene00172025.,0,0,0
WBGene00172026.,0,0,0
WBGene00172027.,0,0,0
WBGene00172028.,0,10,10
WBGene00172029.,0,0,0
WBGene00172030.,0,0,0
WBGene00172031.,0,0,0
WBGene00172032.,0,0,0
WBGene00172033.,0,0,0
WBGene00172034.,0,0,0
WBGene00172035.,0,0,0
WBGene00172036.,0,1,1
WBGene00172037.,0,0,0
WBGene00172038.,0,0,0
WBGene00172039.,0,1,1
WBGene00172040.,0,0,0
WBGene00172041.,0,0,0
WBGene00172042.,0,0,0
WBGene00172043.,0,0,0
WBGene00172044.,0,0,0
WBGene00172045.,0,1,1
WBGene00172046.,0,1,1
WBGene00172047.,0,0,0
WBGene00172048.,0,0,0
WBGene00172049.,0,0,0
WBGene00172050.,0,0,0
WBGene00172051.,0,0,0
WBGene00172052.,0,0,0
WBGene00172053.,0,0,0
WBGene00172054.,0,8,8
WBGene00172055.,0,0,0
WBGene00172056.,0,6,6
WBGene00172057.,0,0,0
WBGene00172058.,0,0,0
WBGene00172059.,0,0,0
WBGene00172060.,0,0,0
WBGene00172061.,0,1,1
WBGene00172062.,0,0,0
WBGene00172063.,0,1,1
WBGene00172064.,0,0,0
WBGene00172065.,0,0,0
WBGene00172066.,0,0,0
WBGene00172067.,0,0,0
WBGene00172068.,0,0,0
WBGene00172069.,0,0,0
WBGene00172070.,0,0,0
WBGene00172071.,0,0,0
WBGene00172072.,0,4,4
WBGene00172073.,0,6,6
WBGene00172074.,0,0,0
WBGene00172075.,0,0,0
WBGene00172076.,0,0,0
WBGene00172077.,0,0,0
WBGene00172078.,0,0,0
WBGene00172079.,0,0,0
WBGene00172080.,0,0,0
WBGene00172081.,0,0,0
WBGene00172082.,0,0,0
WBGene00172083.,0,0,0
WBGene00172084.,0,0,0
WBGene00172085.,0,0,0
WBGene00172086.,0,0,0
WBGene00172087.,0,2,2
WBGene00172088.,0,0,0
WBGene00172089.,0,0,0
WBGene00172090.,0,0,0
WBGene00172091.,0,0,0
WBGene00172092.,0,0,0
WBGene00172093.,0,0,0
WBGene00172094.,0,0,0
WBGene00172095.,0,0,0
WBGene00172096.,0,0,0
WBGene00172097.,0,1,1
WBGene00172098.,0,0,0
WBGene00172099.,0,0,0
WBGene00172100.,0,0,0
WBGene00172101.,0,0,0
WBGene00172102.,0,0,0
WBGene00172103.,0,0,0
WBGene00172104.,0,0,0
WBGene00172105.,0,0,0
WBGene00172106.,0,0,0
WBGene00172107.,0,3,3
WBGene00172108.,0,1,1
WBGene00172109.,0,0,0
WBGene00172110.,0,0,0
WBGene00172111.,0,1,1
WBGene00172112.,0,0,0
WBGene00172113.,0,0,0
WBGene00172114.,0,0,0
WBGene00172115.,0,0,0
WBGene00172116.,0,0,0
WBGene00172117.,0,2,2
WBGene00172118.,0,0,0
WBGene00172119.,0,0,0
WBGene00172120.,0,0,0
WBGene00172121.,0,0,0
WBGene00172122.,0,0,0
WBGene00172123.,0,0,0
WBGene00172124.,0,0,0
WBGene00172125.,0,0,0
WBGene00172126.,0,3,3
WBGene00172127.,0,0,0
WBGene00172128.,0,0,0
WBGene00172129.,0,0,0
WBGene00172130.,0,0,0
WBGene00172131.,0,0,0
WBGene00172132.,0,0,0
WBGene00172133.,0,0,0
WBGene00172134.,0,0,0
WBGene00172135.,0,0,0
WBGene00172136.,0,0,0
WBGene00172137.,0,0,0
WBGene00172138.,0,0,0
WBGene00172139.,0,0,0
WBGene00172140.,0,0,0
WBGene00172141.,0,0,0
WBGene00172142.,0,0,0
WBGene00172143.,0,0,0
WBGene00172144.,0,0,0
WBGene00172145.,0,0,0
WBGene00172146.,0,0,0
WBGene00172147.,0,0,0
WBGene00172148.,0,0,0
WBGene00172149.,0,0,0
WBGene00172150.,0,0,0
WBGene00172151.,0,1,1
WBGene00172152.,0,0,0
WBGene00172153.,0,0,0
WBGene00172154.,0,54,54
WBGene00172155.,0,0,0
WBGene00172156.,0,0,0
WBGene00172157.,0,0,0
WBGene00172158.,0,0,0
WBGene00172159.,0,0,0
WBGene00172160.,0,0,0
WBGene00172161.,0,1,1
WBGene00172162.,0,0,0
WBGene00172163.,0,0,0
WBGene00172164.,0,0,0
WBGene00172165.,0,0,0
WBGene00172166.,0,0,0
WBGene00172167.,0,0,0
WBGene00172168.,0,0,0
WBGene00172169.,0,11,11
WBGene00172170.,0,0,0
WBGene00172171.,0,0,0
WBGene00172172.,0,3,3
WBGene00172173.,0,0,0
WBGene00172174.,0,20,20
WBGene00172175.,0,0,0
WBGene00172176.,0,0,0
WBGene00172177.,0,0,0
WBGene00172178.,0,0,0
WBGene00172179.,0,0,0
WBGene00172180.,0,0,0
WBGene00172181.,0,0,0
WBGene00172182.,0,0,0
WBGene00172183.,0,0,0
WBGene00172184.,0,0,0
WBGene00172185.,0,9,9
WBGene00172186.,0,3,3
WBGene00172187.,0,10,10
WBGene00172188.,0,0,0
WBGene00172189.,0,0,0
WBGene00172190.,0,0,0
WBGene00172191.,0,0,0
WBGene00172192.,0,0,0
WBGene00172193.,0,0,0
WBGene00172194.,0,0,0
WBGene00172195.,0,4,4
WBGene00172196.,0,0,0
WBGene00172197.,0,0,0
WBGene00172198.,0,0,0
WBGene00172199.,0,0,0
WBGene00172200.,0,0,0
WBGene00172201.,0,0,0
WBGene00172202.,0,1,1
WBGene00172203.,0,2,2
WBGene00172204.,0,0,0
WBGene00172205.,0,0,0
WBGene00172206.,0,0,0
WBGene00172207.,0,0,0
WBGene00172208.,0,0,0
WBGene00172209.,0,0,0
WBGene00172210.,0,0,0
WBGene00172211.,0,0,0
WBGene00172212.,0,0,0
WBGene00172213.,0,0,0
WBGene00172214.,0,1,1
WBGene00172215.,0,0,0
WBGene00172216.,0,0,0
WBGene00172217.,0,3,3
WBGene00172218.,0,0,0
WBGene00172219.,0,0,0
WBGene00172220.,0,0,0
WBGene00172221.,0,0,0
WBGene00172222.,0,0,0
WBGene00172223.,0,0,0
WBGene00172224.,0,0,0
WBGene00172225.,0,0,0
WBGene00172226.,0,0,0
WBGene00172227.,0,0,0
WBGene00172228.,0,0,0
WBGene00172229.,0,0,0
WBGene00172230.,0,19,19
WBGene00172231.,0,0,0
WBGene00172232.,0,1,1
WBGene00172233.,0,0,0
WBGene00172234.,0,0,0
WBGene00172235.,0,0,0
WBGene00172236.,0,0,0
WBGene00172237.,0,0,0
WBGene00172238.,0,0,0
WBGene00172239.,0,0,0
WBGene00172240.,0,0,0
WBGene00172241.,0,0,0
WBGene00172242.,0,0,0
WBGene00172243.,0,0,0
WBGene00172244.,0,0,0
WBGene00172245.,0,0,0
WBGene00172246.,0,0,0
WBGene00172247.,0,0,0
WBGene00172248.,0,0,0
WBGene00172249.,0,4,4
WBGene00172250.,0,0,0
WBGene00172251.,0,0,0
WBGene00172252.,0,0,0
WBGene00172253.,0,0,0
WBGene00172254.,0,0,0
WBGene00172255.,0,2,2
WBGene00172256.,0,0,0
WBGene00172257.,0,0,0
WBGene00172258.,0,0,0
WBGene00172259.,0,0,0
WBGene00172260.,0,0,0
WBGene00172261.,0,1,1
WBGene00172262.,0,0,0
WBGene00172263.,0,0,0
WBGene00172264.,0,0,0
WBGene00172265.,0,0,0
WBGene00172266.,0,0,0
WBGene00172267.,0,0,0
WBGene00172268.,0,0,0
WBGene00172269.,0,0,0
WBGene00172270.,0,0,0
WBGene00172271.,0,63,63
WBGene00172272.,0,0,0
WBGene00172273.,0,2,2
WBGene00172274.,0,0,0
WBGene00172275.,0,0,0
WBGene00172276.,0,0,0
WBGene00172277.,0,0,0
WBGene00172278.,0,5,5
WBGene00172279.,0,0,0
WBGene00172280.,0,0,0
WBGene00172281.,0,0,0
WBGene00172282.,0,0,0
WBGene00172283.,0,0,0
WBGene00172284.,0,0,0
WBGene00172285.,0,0,0
WBGene00172286.,0,0,0
WBGene00172287.,0,6,6
WBGene00172288.,0,0,0
WBGene00172289.,0,0,0
WBGene00172290.,0,0,0
WBGene00172291.,0,0,0
WBGene00172292.,0,0,0
WBGene00172293.,0,0,0
WBGene00172294.,0,3,3
WBGene00172295.,0,0,0
WBGene00172296.,0,0,0
WBGene00172297.,0,0,0
WBGene00172298.,0,0,0
WBGene00172299.,0,0,0
WBGene00172300.,0,0,0
WBGene00172301.,0,0,0
WBGene00172302.,0,0,0
WBGene00172303.,0,0,0
WBGene00172304.,0,1,1
WBGene00172305.,0,0,0
WBGene00172306.,0,0,0
WBGene00172307.,0,0,0
WBGene00172308.,0,0,0
WBGene00172309.,0,13,13
WBGene00172310.,0,0,0
WBGene00172311.,0,2,2
WBGene00172312.,0,0,0
WBGene00172313.,0,0,0
WBGene00172314.,0,0,0
WBGene00172315.,0,5,5
WBGene00172316.,0,0,0
WBGene00172317.,0,0,0
WBGene00172318.,0,0,0
WBGene00172319.,0,0,0
WBGene00172320.,0,0,0
WBGene00172321.,0,0,0
WBGene00172322.,0,0,0
WBGene00172323.,0,0,0
WBGene00172324.,0,0,0
WBGene00172325.,0,1,1
WBGene00172326.,0,0,0
WBGene00172327.,0,0,0
WBGene00172328.,0,0,0
WBGene00172329.,0,0,0
WBGene00172330.,0,2,2
WBGene00172331.,0,0,0
WBGene00172332.,0,0,0
WBGene00172333.,0,0,0
WBGene00172334.,0,0,0
WBGene00172335.,0,0,0
WBGene00172336.,0,1,1
WBGene00172337.,0,0,0
WBGene00172338.,0,0,0
WBGene00172339.,0,0,0
WBGene00172340.,0,4,4
WBGene00172341.,0,0,0
WBGene00172342.,0,0,0
WBGene00172343.,0,0,0
WBGene00172344.,0,0,0
WBGene00172345.,0,0,0
WBGene00172346.,0,1,1
WBGene00172347.,0,0,0
WBGene00172348.,0,0,0
WBGene00172349.,0,0,0
WBGene00172350.,0,0,0
WBGene00172351.,0,0,0
WBGene00172352.,0,0,0
WBGene00172353.,0,0,0
WBGene00172354.,0,0,0
WBGene00172355.,0,0,0
WBGene00172356.,0,0,0
WBGene00172357.,0,0,0
WBGene00172358.,0,0,0
WBGene00172359.,0,0,0
WBGene00172360.,0,0,0
WBGene00172361.,0,7,7
WBGene00172362.,0,0,0
WBGene00172363.,0,0,0
WBGene00172364.,0,0,0
WBGene00172365.,0,0,0
WBGene00172366.,0,0,0
WBGene00172367.,0,0,0
WBGene00172368.,0,0,0
WBGene00172369.,0,0,0
WBGene00172370.,0,0,0
WBGene00172371.,0,0,0
WBGene00172372.,0,1,1
WBGene00172373.,0,0,0
WBGene00172374.,0,0,0
WBGene00172375.,0,0,0
WBGene00172376.,0,0,0
WBGene00172377.,0,0,0
WBGene00172378.,0,0,0
WBGene00172379.,0,5,5
WBGene00172380.,0,0,0
WBGene00172381.,0,0,0
WBGene00172382.,0,0,0
WBGene00172383.,0,0,0
WBGene00172384.,0,0,0
WBGene00172385.,0,0,0
WBGene00172386.,0,0,0
WBGene00172387.,0,0,0
WBGene00172388.,0,0,0
WBGene00172389.,0,0,0
WBGene00172390.,0,2,2
WBGene00172391.,0,1,1
WBGene00172392.,0,0,0
WBGene00172393.,0,6,6
WBGene00172394.,0,0,0
WBGene00172395.,0,0,0
WBGene00172396.,0,0,0
WBGene00172397.,0,0,0
WBGene00172398.,0,0,0
WBGene00172399.,0,0,0
WBGene00172400.,0,0,0
WBGene00172401.,0,0,0
WBGene00172402.,0,0,0
WBGene00172403.,0,0,0
WBGene00172404.,0,0,0
WBGene00172405.,0,1,1
WBGene00172406.,0,0,0
WBGene00172407.,0,1,1
WBGene00172408.,0,0,0
WBGene00172409.,0,0,0
WBGene00172410.,0,0,0
WBGene00172411.,0,1,1
WBGene00172412.,0,1,1
WBGene00172413.,0,3,3
WBGene00172414.,0,0,0
WBGene00172415.,0,0,0
WBGene00172416.,0,0,0
WBGene00172417.,0,1,1
WBGene00172418.,0,0,0
WBGene00172419.,0,13,13
WBGene00172420.,0,0,0
WBGene00172421.,0,2,2
WBGene00172422.,0,0,0
WBGene00172423.,0,0,0
WBGene00172424.,0,0,0
WBGene00172425.,0,0,0
WBGene00172426.,0,9,9
WBGene00172427.,0,3,3
WBGene00172428.,0,1,1
WBGene00172429.,0,0,0
WBGene00172430.,0,0,0
WBGene00172431.,0,0,0
WBGene00172432.,0,0,0
WBGene00172433.,0,2,2
WBGene00172434.,0,1,1
WBGene00172435.,0,0,0
WBGene00172436.,0,0,0
WBGene00172437.,0,3,3
WBGene00172438.,0,1,1
WBGene00172439.,0,0,0
WBGene00172440.,0,0,0
WBGene00172441.,0,0,0
WBGene00172442.,0,1,1
WBGene00172443.,0,0,0
WBGene00172444.,0,1,1
WBGene00172445.,0,0,0
WBGene00172446.,0,0,0
WBGene00172447.,0,0,0
WBGene00172448.,0,0,0
WBGene00172449.,0,0,0
WBGene00172450.,0,1,1
WBGene00172451.,0,0,0
WBGene00172452.,0,0,0
WBGene00172453.,0,0,0
WBGene00172454.,0,1,1
WBGene00172455.,0,5,5
WBGene00172456.,0,0,0
WBGene00172457.,0,6,6
WBGene00172458.,0,0,0
WBGene00172459.,0,0,0
WBGene00172460.,0,0,0
WBGene00172462.,0,0,0
WBGene00172463.,0,0,0
WBGene00172464.,0,0,0
WBGene00172465.,0,0,0
WBGene00172466.,0,0,0
WBGene00172467.,0,0,0
WBGene00172468.,0,0,0
WBGene00172469.,0,0,0
WBGene00172470.,0,0,0
WBGene00172471.,0,0,0
WBGene00172472.,0,7,7
WBGene00172473.,0,0,0
WBGene00172474.,0,2,2
WBGene00172475.,0,1,1
WBGene00172476.,0,0,0
WBGene00172477.,0,14,14
WBGene00172478.,0,2,2
WBGene00172479.,0,0,0
WBGene00172480.,0,0,0
WBGene00172481.,0,0,0
WBGene00172482.,0,0,0
WBGene00172483.,0,0,0
WBGene00172484.,0,0,0
WBGene00172485.,0,0,0
WBGene00172486.,0,0,0
WBGene00172487.,0,0,0
WBGene00172488.,0,0,0
WBGene00172489.,0,0,0
WBGene00172490.,0,0,0
WBGene00172491.,0,0,0
WBGene00172492.,0,2,2
WBGene00172493.,0,0,0
WBGene00172494.,0,0,0
WBGene00172495.,0,0,0
WBGene00172496.,0,0,0
WBGene00172497.,0,0,0
WBGene00172498.,0,0,0
WBGene00172499.,0,0,0
WBGene00172500.,0,0,0
WBGene00172501.,0,1,1
WBGene00172502.,0,2,2
WBGene00172503.,0,0,0
WBGene00172504.,0,0,0
WBGene00172505.,0,0,0
WBGene00172506.,0,0,0
WBGene00172507.,0,0,0
WBGene00172508.,0,0,0
WBGene00172509.,0,0,0
WBGene00172510.,0,0,0
WBGene00172511.,0,0,0
WBGene00172512.,0,0,0
WBGene00172513.,0,0,0
WBGene00172514.,0,0,0
WBGene00172515.,0,4,4
WBGene00172516.,0,2,2
WBGene00172517.,0,0,0
WBGene00172518.,0,0,0
WBGene00172519.,0,4,4
WBGene00172520.,0,0,0
WBGene00172521.,0,8,8
WBGene00172522.,0,1,1
WBGene00172523.,0,0,0
WBGene00172524.,0,0,0
WBGene00172525.,0,0,0
WBGene00172526.,0,1,1
WBGene00172527.,0,0,0
WBGene00172528.,0,0,0
WBGene00172529.,0,0,0
WBGene00172530.,0,0,0
WBGene00172531.,0,0,0
WBGene00172532.,0,4,4
WBGene00172533.,0,0,0
WBGene00172534.,0,1,1
WBGene00172535.,0,0,0
WBGene00172536.,0,0,0
WBGene00172537.,0,0,0
WBGene00172538.,0,0,0
WBGene00172539.,0,0,0
WBGene00172540.,0,0,0
WBGene00172541.,0,0,0
WBGene00172542.,0,1,1
WBGene00172543.,0,4,4
WBGene00172544.,0,0,0
WBGene00172545.,0,9,9
WBGene00172546.,0,0,0
WBGene00172547.,0,0,0
WBGene00172548.,0,0,0
WBGene00172549.,0,0,0
WBGene00172550.,0,0,0
WBGene00172551.,0,0,0
WBGene00172552.,0,0,0
WBGene00172553.,0,2,2
WBGene00172554.,0,0,0
WBGene00172555.,0,0,0
WBGene00172556.,0,0,0
WBGene00172557.,0,0,0
WBGene00172558.,0,0,0
WBGene00172559.,0,0,0
WBGene00172560.,0,0,0
WBGene00172561.,0,0,0
WBGene00172562.,0,0,0
WBGene00172563.,0,0,0
WBGene00172564.,0,0,0
WBGene00172565.,0,0,0
WBGene00172566.,0,0,0
WBGene00172567.,0,0,0
WBGene00172568.,0,0,0
WBGene00172569.,0,1,1
WBGene00172570.,0,0,0
WBGene00172571.,0,12,12
WBGene00172572.,0,1,1
WBGene00172573.,0,0,0
WBGene00172574.,0,0,0
WBGene00172575.,0,0,0
WBGene00172576.,0,0,0
WBGene00172577.,0,1,1
WBGene00172578.,0,0,0
WBGene00172579.,0,0,0
WBGene00172580.,0,0,0
WBGene00172581.,0,0,0
WBGene00172582.,0,0,0
WBGene00172583.,0,0,0
WBGene00172584.,0,1,1
WBGene00172585.,0,0,0
WBGene00172586.,0,0,0
WBGene00172587.,0,0,0
WBGene00172588.,0,0,0
WBGene00172589.,0,0,0
WBGene00172590.,0,0,0
WBGene00172591.,0,0,0
WBGene00172592.,0,1,1
WBGene00172593.,0,0,0
WBGene00172594.,0,11,11
WBGene00172595.,0,0,0
WBGene00172596.,0,0,0
WBGene00172597.,0,0,0
WBGene00172598.,0,2,2
WBGene00172599.,0,0,0
WBGene00172600.,0,0,0
WBGene00172601.,0,0,0
WBGene00172602.,0,0,0
WBGene00172603.,0,0,0
WBGene00172604.,0,1,1
WBGene00172605.,0,0,0
WBGene00172606.,0,0,0
WBGene00172607.,0,141,141
WBGene00172608.,0,0,0
WBGene00172609.,0,0,0
WBGene00172610.,0,2,2
WBGene00172611.,0,0,0
WBGene00172612.,0,0,0
WBGene00172613.,0,0,0
WBGene00172614.,0,0,0
WBGene00172615.,0,0,0
WBGene00172616.,0,0,0
WBGene00172617.,0,1,1
WBGene00172618.,0,0,0
WBGene00172619.,0,47,47
WBGene00172620.,0,1,1
WBGene00172621.,0,5,5
WBGene00172622.,0,0,0
WBGene00172623.,0,0,0
WBGene00172624.,0,0,0
WBGene00172625.,0,0,0
WBGene00172626.,0,0,0
WBGene00172627.,0,0,0
WBGene00172628.,0,0,0
WBGene00172629.,0,1,1
WBGene00172630.,0,6,6
WBGene00172631.,0,0,0
WBGene00172632.,0,1,1
WBGene00172633.,0,1,1
WBGene00172634.,0,0,0
WBGene00172635.,0,0,0
WBGene00172636.,0,0,0
WBGene00172637.,0,1,1
WBGene00172638.,0,0,0
WBGene00172639.,0,0,0
WBGene00172640.,0,0,0
WBGene00172641.,0,0,0
WBGene00172642.,0,0,0
WBGene00172643.,0,0,0
WBGene00172644.,0,0,0
WBGene00172645.,0,0,0
WBGene00172646.,0,2,2
WBGene00172647.,0,0,0
WBGene00172648.,0,0,0
WBGene00172649.,0,0,0
WBGene00172650.,0,0,0
WBGene00172651.,0,0,0
WBGene00172652.,0,0,0
WBGene00172653.,0,0,0
WBGene00172654.,0,0,0
WBGene00172655.,0,0,0
WBGene00172656.,0,0,0
WBGene00172657.,0,0,0
WBGene00172658.,0,2,2
WBGene00172659.,0,0,0
WBGene00172660.,0,0,0
WBGene00172661.,0,0,0
WBGene00172662.,0,0,0
WBGene00172663.,0,8,8
WBGene00172664.,0,0,0
WBGene00172665.,0,0,0
WBGene00172666.,0,1,1
WBGene00172667.,0,0,0
WBGene00172668.,0,0,0
WBGene00172669.,0,0,0
WBGene00172670.,0,0,0
WBGene00172671.,0,0,0
WBGene00172672.,0,0,0
WBGene00172673.,0,0,0
WBGene00172674.,0,0,0
WBGene00172675.,0,0,0
WBGene00172676.,0,0,0
WBGene00172677.,0,107,107
WBGene00172678.,0,0,0
WBGene00172679.,0,0,0
WBGene00172680.,0,0,0
WBGene00172681.,0,0,0
WBGene00172682.,0,0,0
WBGene00172683.,0,0,0
WBGene00172684.,0,6,6
WBGene00172685.,0,0,0
WBGene00172686.,0,0,0
WBGene00172687.,0,0,0
WBGene00172688.,0,1,1
WBGene00172689.,0,0,0
WBGene00172690.,0,0,0
WBGene00172691.,0,0,0
WBGene00172692.,0,6,6
WBGene00172693.,0,0,0
WBGene00172694.,0,0,0
WBGene00172695.,0,0,0
WBGene00172696.,0,0,0
WBGene00172697.,0,0,0
WBGene00172698.,0,0,0
WBGene00172699.,0,0,0
WBGene00172700.,0,0,0
WBGene00172701.,0,0,0
WBGene00172702.,0,0,0
WBGene00172703.,0,0,0
WBGene00172704.,0,0,0
WBGene00172705.,0,0,0
WBGene00172706.,0,0,0
WBGene00172707.,0,0,0
WBGene00172708.,0,0,0
WBGene00172709.,0,0,0
WBGene00172710.,0,0,0
WBGene00172711.,0,0,0
WBGene00172712.,0,0,0
WBGene00172713.,0,0,0
WBGene00172714.,0,1,1
WBGene00172715.,0,0,0
WBGene00172716.,0,0,0
WBGene00172717.,0,0,0
WBGene00172718.,0,0,0
WBGene00172719.,0,0,0
WBGene00172720.,0,0,0
WBGene00172721.,0,0,0
WBGene00172722.,0,0,0
WBGene00172723.,0,1,1
WBGene00172724.,0,0,0
WBGene00172725.,0,1,1
WBGene00172726.,0,0,0
WBGene00172727.,0,1,1
WBGene00172728.,0,3,3
WBGene00172729.,0,0,0
WBGene00172730.,0,1,1
WBGene00172731.,0,0,0
WBGene00172732.,0,0,0
WBGene00172733.,0,0,0
WBGene00172734.,0,0,0
WBGene00172735.,0,0,0
WBGene00172736.,0,2,2
WBGene00172737.,0,0,0
WBGene00172738.,0,0,0
WBGene00172739.,0,0,0
WBGene00172740.,0,0,0
WBGene00172741.,0,0,0
WBGene00172742.,0,22,22
WBGene00172743.,0,2,2
WBGene00172744.,0,0,0
WBGene00172745.,0,1,1
WBGene00172746.,0,0,0
WBGene00172747.,0,0,0
WBGene00172748.,0,1,1
WBGene00172749.,0,0,0
WBGene00172750.,0,0,0
WBGene00172751.,0,0,0
WBGene00172752.,0,1,1
WBGene00172753.,0,0,0
WBGene00172754.,0,0,0
WBGene00172755.,0,26,26
WBGene00172756.,0,0,0
WBGene00172757.,0,0,0
WBGene00172758.,0,1,1
WBGene00172759.,0,0,0
WBGene00172760.,0,0,0
WBGene00172761.,0,0,0
WBGene00172762.,0,0,0
WBGene00172763.,0,0,0
WBGene00172764.,0,1,1
WBGene00172765.,0,0,0
WBGene00172766.,0,0,0
WBGene00172767.,0,0,0
WBGene00172768.,0,0,0
WBGene00172769.,0,0,0
WBGene00172770.,0,2,2
WBGene00172771.,0,0,0
WBGene00172772.,0,0,0
WBGene00172773.,0,0,0
WBGene00172774.,0,0,0
WBGene00172775.,0,2,2
WBGene00172776.,0,0,0
WBGene00172777.,0,0,0
WBGene00172778.,0,2,2
WBGene00172779.,0,3,3
WBGene00172780.,0,0,0
WBGene00172781.,0,0,0
WBGene00172782.,0,0,0
WBGene00172783.,0,0,0
WBGene00172784.,0,8,8
WBGene00172785.,0,0,0
WBGene00172786.,0,0,0
WBGene00172787.,0,0,0
WBGene00172788.,0,0,0
WBGene00172789.,0,0,0
WBGene00172790.,0,0,0
WBGene00172791.,0,0,0
WBGene00172792.,0,0,0
WBGene00172793.,0,0,0
WBGene00172794.,0,0,0
WBGene00172795.,0,0,0
WBGene00172796.,0,0,0
WBGene00172797.,0,0,0
WBGene00172798.,0,0,0
WBGene00172799.,0,0,0
WBGene00172800.,0,0,0
WBGene00172801.,0,0,0
WBGene00172802.,0,2,2
WBGene00172803.,0,0,0
WBGene00172804.,0,0,0
WBGene00172805.,0,0,0
WBGene00172806.,0,0,0
WBGene00172807.,0,0,0
WBGene00172808.,0,0,0
WBGene00172809.,0,0,0
WBGene00172810.,0,0,0
WBGene00172811.,0,0,0
WBGene00172812.,0,3,3
WBGene00172813.,0,0,0
WBGene00172814.,0,0,0
WBGene00172815.,0,0,0
WBGene00172816.,0,1,1
WBGene00172817.,0,0,0
WBGene00172818.,0,3,3
WBGene00172819.,0,0,0
WBGene00172820.,0,1,1
WBGene00172821.,0,0,0
WBGene00172822.,0,0,0
WBGene00172823.,0,1,1
WBGene00172824.,0,0,0
WBGene00172825.,0,0,0
WBGene00172826.,0,0,0
WBGene00172827.,0,12,12
WBGene00172828.,0,0,0
WBGene00172829.,0,0,0
WBGene00172830.,0,0,0
WBGene00172831.,0,0,0
WBGene00172832.,0,1,1
WBGene00172833.,0,0,0
WBGene00172834.,0,0,0
WBGene00172835.,0,0,0
WBGene00172836.,0,1,1
WBGene00172837.,0,0,0
WBGene00172838.,0,1,1
WBGene00172839.,0,0,0
WBGene00172840.,0,14,14
WBGene00172841.,0,0,0
WBGene00172842.,0,0,0
WBGene00172843.,0,0,0
WBGene00172844.,0,0,0
WBGene00172845.,0,0,0
WBGene00172846.,0,0,0
WBGene00172847.,0,0,0
WBGene00172848.,0,0,0
WBGene00172849.,0,0,0
WBGene00172850.,0,0,0
WBGene00172851.,0,1,1
WBGene00172852.,0,0,0
WBGene00172853.,0,0,0
WBGene00172854.,0,3,3
WBGene00172855.,0,1,1
WBGene00172856.,0,1,1
WBGene00172857.,0,0,0
WBGene00172858.,0,1,1
WBGene00172859.,0,0,0
WBGene00172860.,0,0,0
WBGene00172861.,0,3,3
WBGene00172862.,0,23,23
WBGene00172863.,0,0,0
WBGene00172864.,0,5,5
WBGene00172865.,0,0,0
WBGene00172866.,0,5,5
WBGene00172867.,0,0,0
WBGene00172868.,0,0,0
WBGene00172869.,0,1,1
WBGene00172870.,0,0,0
WBGene00172871.,0,0,0
WBGene00172872.,0,0,0
WBGene00172873.,0,0,0
WBGene00172874.,0,0,0
WBGene00172875.,0,0,0
WBGene00172876.,0,0,0
WBGene00172877.,0,0,0
WBGene00172878.,0,0,0
WBGene00172879.,0,0,0
WBGene00172880.,0,0,0
WBGene00172881.,0,0,0
WBGene00172882.,0,0,0
WBGene00172883.,0,0,0
WBGene00172884.,0,0,0
WBGene00172885.,0,2,2
WBGene00172886.,0,8,8
WBGene00172887.,0,0,0
WBGene00172888.,0,0,0
WBGene00172889.,0,0,0
WBGene00172890.,0,0,0
WBGene00172891.,0,18,18
WBGene00172892.,0,0,0
WBGene00172893.,0,0,0
WBGene00172894.,0,0,0
WBGene00172895.,0,0,0
WBGene00172896.,0,0,0
WBGene00172897.,0,0,0
WBGene00172898.,0,0,0
WBGene00172899.,0,0,0
WBGene00172900.,0,0,0
WBGene00172901.,0,0,0
WBGene00172902.,0,0,0
WBGene00172903.,0,2,2
WBGene00172904.,0,0,0
WBGene00172905.,0,0,0
WBGene00172906.,0,0,0
WBGene00172907.,0,0,0
WBGene00172908.,0,0,0
WBGene00172909.,0,2,2
WBGene00172910.,0,0,0
WBGene00172911.,0,0,0
WBGene00172912.,0,0,0
WBGene00172913.,0,0,0
WBGene00172914.,0,0,0
WBGene00172915.,0,0,0
WBGene00172916.,0,0,0
WBGene00172917.,0,0,0
WBGene00172918.,0,0,0
WBGene00172919.,0,0,0
WBGene00172920.,0,0,0
WBGene00172921.,0,0,0
WBGene00172922.,0,2,2
WBGene00172923.,0,0,0
WBGene00172924.,0,0,0
WBGene00172925.,0,2,2
WBGene00172926.,0,0,0
WBGene00172927.,0,0,0
WBGene00172928.,0,0,0
WBGene00172929.,0,0,0
WBGene00172930.,0,0,0
WBGene00172931.,0,0,0
WBGene00172932.,0,0,0
WBGene00172933.,0,1,1
WBGene00172934.,0,0,0
WBGene00172935.,0,0,0
WBGene00172936.,0,1,1
WBGene00172937.,0,0,0
WBGene00172938.,0,0,0
WBGene00172939.,0,0,0
WBGene00172940.,0,0,0
WBGene00172941.,0,0,0
WBGene00172942.,0,0,0
WBGene00172943.,0,0,0
WBGene00172944.,0,0,0
WBGene00172945.,0,0,0
WBGene00172946.,0,0,0
WBGene00172947.,0,0,0
WBGene00172948.,0,0,0
WBGene00172949.,0,0,0
WBGene00172950.,0,0,0
WBGene00172951.,0,6,6
WBGene00172952.,0,0,0
WBGene00172953.,0,0,0
WBGene00172954.,0,0,0
WBGene00172955.,0,0,0
WBGene00172956.,0,0,0
WBGene00172957.,0,0,0
WBGene00172958.,0,1,1
WBGene00172959.,0,0,0
WBGene00172960.,0,0,0
WBGene00172961.,0,0,0
WBGene00172962.,0,0,0
WBGene00172963.,0,0,0
WBGene00172964.,0,0,0
WBGene00172965.,0,0,0
WBGene00172966.,0,0,0
WBGene00172967.,0,0,0
WBGene00172968.,0,0,0
WBGene00172969.,0,0,0
WBGene00172970.,0,1,1
WBGene00172971.,0,0,0
WBGene00172972.,0,0,0
WBGene00172973.,0,0,0
WBGene00172974.,0,6,6
WBGene00172975.,0,3,3
WBGene00172976.,0,0,0
WBGene00172977.,0,0,0
WBGene00172978.,0,0,0
WBGene00172979.,0,0,0
WBGene00172980.,0,0,0
WBGene00172981.,0,0,0
WBGene00172982.,0,0,0
WBGene00172983.,0,1,1
WBGene00172984.,0,0,0
WBGene00172985.,0,0,0
WBGene00172986.,0,0,0
WBGene00172987.,0,0,0
WBGene00172988.,0,0,0
WBGene00172989.,0,0,0
WBGene00172990.,0,0,0
WBGene00172991.,0,0,0
WBGene00172992.,0,0,0
WBGene00172993.,0,0,0
WBGene00172994.,0,0,0
WBGene00172995.,0,0,0
WBGene00172996.,0,0,0
WBGene00172997.,0,0,0
WBGene00172998.,0,0,0
WBGene00172999.,0,0,0
WBGene00173000.,0,8,8
WBGene00173001.,0,0,0
WBGene00173002.,0,0,0
WBGene00173003.,0,0,0
WBGene00173004.,0,0,0
WBGene00173005.,0,0,0
WBGene00173006.,0,1,1
WBGene00173007.,0,0,0
WBGene00173008.,0,0,0
WBGene00173009.,0,0,0
WBGene00173010.,0,0,0
WBGene00173011.,0,1,1
WBGene00173012.,0,0,0
WBGene00173013.,0,0,0
WBGene00173014.,0,0,0
WBGene00173015.,0,0,0
WBGene00173016.,0,0,0
WBGene00173017.,0,1,1
WBGene00173018.,0,0,0
WBGene00173019.,0,0,0
WBGene00173020.,0,0,0
WBGene00173021.,0,0,0
WBGene00173022.,0,0,0
WBGene00173023.,0,0,0
WBGene00173024.,0,0,0
WBGene00173025.,0,0,0
WBGene00173026.,0,0,0
WBGene00173027.,0,0,0
WBGene00173028.,0,1,1
WBGene00173029.,0,0,0
WBGene00173030.,0,0,0
WBGene00173031.,0,0,0
WBGene00173032.,0,16,16
WBGene00173033.,0,0,0
WBGene00173034.,0,0,0
WBGene00173035.,0,0,0
WBGene00173036.,0,0,0
WBGene00173037.,0,0,0
WBGene00173038.,0,0,0
WBGene00173039.,0,0,0
WBGene00173040.,0,0,0
WBGene00173041.,0,5,5
WBGene00173042.,0,0,0
WBGene00173043.,0,0,0
WBGene00173044.,0,0,0
WBGene00173045.,0,1,1
WBGene00173046.,0,0,0
WBGene00173047.,0,2,2
WBGene00173048.,0,0,0
WBGene00173049.,0,0,0
WBGene00173050.,0,0,0
WBGene00173051.,0,2,2
WBGene00173052.,0,0,0
WBGene00173053.,0,11,11
WBGene00173054.,0,0,0
WBGene00173055.,0,0,0
WBGene00173056.,0,0,0
WBGene00173057.,0,0,0
WBGene00173058.,0,0,0
WBGene00173059.,0,0,0
WBGene00173060.,0,1,1
WBGene00173061.,0,2,2
WBGene00173062.,0,0,0
WBGene00173063.,0,0,0
WBGene00173064.,0,0,0
WBGene00173065.,0,0,0
WBGene00173066.,0,0,0
WBGene00173067.,0,20,20
WBGene00173068.,0,0,0
WBGene00173069.,0,0,0
WBGene00173070.,0,4,4
WBGene00173071.,0,1,1
WBGene00173072.,0,0,0
WBGene00173073.,0,0,0
WBGene00173074.,0,0,0
WBGene00173075.,0,0,0
WBGene00173076.,0,0,0
WBGene00173077.,0,0,0
WBGene00173078.,0,0,0
WBGene00173079.,0,0,0
WBGene00173080.,0,0,0
WBGene00173081.,0,0,0
WBGene00173082.,0,0,0
WBGene00173083.,0,0,0
WBGene00173084.,0,0,0
WBGene00173085.,0,0,0
WBGene00173086.,0,0,0
WBGene00173087.,0,0,0
WBGene00173088.,0,0,0
WBGene00173089.,0,0,0
WBGene00173090.,0,0,0
WBGene00173091.,0,0,0
WBGene00173092.,0,4,4
WBGene00173093.,0,0,0
WBGene00173094.,0,0,0
WBGene00173095.,0,0,0
WBGene00173096.,0,2,2
WBGene00173097.,0,0,0
WBGene00173098.,0,0,0
WBGene00173099.,0,0,0
WBGene00173100.,0,0,0
WBGene00173101.,0,0,0
WBGene00173102.,0,0,0
WBGene00173103.,0,0,0
WBGene00173104.,0,39,39
WBGene00173105.,0,0,0
WBGene00173106.,0,3,3
WBGene00173107.,0,0,0
WBGene00173108.,0,2,2
WBGene00173109.,0,0,0
WBGene00173110.,0,0,0
WBGene00173111.,0,0,0
WBGene00173112.,0,0,0
WBGene00173113.,0,0,0
WBGene00173114.,0,0,0
WBGene00173115.,0,0,0
WBGene00173116.,0,2,2
WBGene00173117.,0,0,0
WBGene00173118.,0,0,0
WBGene00173119.,0,2,2
WBGene00173120.,0,0,0
WBGene00173121.,0,0,0
WBGene00173122.,0,0,0
WBGene00173123.,0,0,0
WBGene00173124.,0,0,0
WBGene00173125.,0,0,0
WBGene00173126.,0,0,0
WBGene00173127.,0,1,1
WBGene00173128.,0,0,0
WBGene00173129.,0,0,0
WBGene00173130.,0,0,0
WBGene00173131.,0,0,0
WBGene00173132.,0,2,2
WBGene00173133.,0,0,0
WBGene00173134.,0,0,0
WBGene00173135.,0,0,0
WBGene00173136.,0,0,0
WBGene00173137.,0,0,0
WBGene00173138.,0,0,0
WBGene00173139.,0,0,0
WBGene00173140.,0,0,0
WBGene00173141.,0,0,0
WBGene00173142.,0,0,0
WBGene00173143.,0,0,0
WBGene00173144.,0,0,0
WBGene00173145.,0,0,0
WBGene00173146.,0,0,0
WBGene00173147.,0,0,0
WBGene00173148.,0,0,0
WBGene00173149.,0,0,0
WBGene00173150.,0,1,1
WBGene00173151.,0,0,0
WBGene00173152.,0,1,1
WBGene00173153.,0,0,0
WBGene00173154.,0,0,0
WBGene00173155.,0,0,0
WBGene00173156.,0,0,0
WBGene00173157.,0,0,0
WBGene00173158.,0,0,0
WBGene00173159.,0,0,0
WBGene00173160.,0,0,0
WBGene00173161.,0,0,0
WBGene00173162.,0,0,0
WBGene00173163.,0,0,0
WBGene00173164.,0,0,0
WBGene00173165.,0,0,0
WBGene00173166.,0,0,0
WBGene00173167.,0,0,0
WBGene00173168.,0,0,0
WBGene00173169.,0,0,0
WBGene00173170.,0,0,0
WBGene00173171.,0,0,0
WBGene00173172.,0,0,0
WBGene00173173.,0,0,0
WBGene00173174.,0,0,0
WBGene00173175.,0,0,0
WBGene00173176.,0,0,0
WBGene00173177.,0,1,1
WBGene00173178.,0,0,0
WBGene00173179.,0,1,1
WBGene00173180.,0,0,0
WBGene00173181.,0,0,0
WBGene00173182.,0,0,0
WBGene00173183.,0,0,0
WBGene00173184.,0,0,0
WBGene00173185.,0,0,0
WBGene00173186.,0,0,0
WBGene00173187.,0,0,0
WBGene00173188.,0,26,26
WBGene00173189.,0,0,0
WBGene00173190.,0,1,1
WBGene00173191.,0,0,0
WBGene00173192.,0,0,0
WBGene00173193.,0,0,0
WBGene00173194.,0,0,0
WBGene00173195.,0,0,0
WBGene00173196.,0,0,0
WBGene00173197.,0,0,0
WBGene00173198.,0,0,0
WBGene00173199.,0,0,0
WBGene00173200.,0,0,0
WBGene00173201.,0,0,0
WBGene00173202.,0,5,5
WBGene00173203.,0,0,0
WBGene00173204.,0,0,0
WBGene00173205.,0,2,2
WBGene00173206.,0,0,0
WBGene00173207.,0,0,0
WBGene00173208.,0,0,0
WBGene00173209.,0,0,0
WBGene00173210.,0,0,0
WBGene00173211.,0,0,0
WBGene00173212.,0,0,0
WBGene00173213.,0,0,0
WBGene00173214.,0,0,0
WBGene00173215.,0,1,1
WBGene00173216.,0,2,2
WBGene00173217.,0,0,0
WBGene00173218.,0,0,0
WBGene00173219.,0,0,0
WBGene00173220.,0,0,0
WBGene00173221.,0,0,0
WBGene00173222.,0,2,2
WBGene00173223.,0,1,1
WBGene00173224.,0,0,0
WBGene00173225.,0,0,0
WBGene00173226.,0,0,0
WBGene00173227.,0,0,0
WBGene00173228.,0,0,0
WBGene00173229.,0,0,0
WBGene00173230.,0,1,1
WBGene00173231.,0,0,0
WBGene00173232.,0,1,1
WBGene00173233.,0,0,0
WBGene00173234.,0,0,0
WBGene00173235.,0,0,0
WBGene00173236.,0,0,0
WBGene00173237.,0,0,0
WBGene00173238.,0,9,9
WBGene00173239.,0,0,0
WBGene00173240.,0,2,2
WBGene00173241.,0,3,3
WBGene00173242.,0,0,0
WBGene00173243.,0,11,11
WBGene00173244.,0,0,0
WBGene00173245.,0,0,0
WBGene00173246.,0,0,0
WBGene00173247.,0,0,0
WBGene00173248.,0,4,4
WBGene00173249.,0,0,0
WBGene00173250.,0,0,0
WBGene00173251.,0,0,0
WBGene00173252.,0,0,0
WBGene00173253.,0,0,0
WBGene00173254.,0,0,0
WBGene00173255.,0,0,0
WBGene00173256.,0,0,0
WBGene00173257.,0,0,0
WBGene00173258.,0,0,0
WBGene00173259.,0,0,0
WBGene00173260.,0,0,0
WBGene00173261.,0,1,1
WBGene00173262.,0,0,0
WBGene00173263.,0,0,0
WBGene00173264.,0,0,0
WBGene00173265.,0,306,306
WBGene00173266.,0,0,0
WBGene00173267.,0,0,0
WBGene00173268.,0,0,0
WBGene00173269.,0,0,0
WBGene00173270.,0,0,0
WBGene00173271.,0,1,1
WBGene00173272.,0,0,0
WBGene00173273.,0,0,0
WBGene00173274.,0,1,1
WBGene00173275.,0,0,0
WBGene00173276.,0,0,0
WBGene00173277.,0,0,0
WBGene00173278.,0,0,0
WBGene00173279.,0,1,1
WBGene00173280.,0,0,0
WBGene00173281.,0,0,0
WBGene00173282.,0,0,0
WBGene00173283.,0,4,4
WBGene00173284.,0,2,2
WBGene00173285.,0,9,9
WBGene00173286.,0,0,0
WBGene00173287.,0,1,1
WBGene00173288.,0,0,0
WBGene00173289.,0,0,0
WBGene00173290.,0,2,2
WBGene00173291.,0,0,0
WBGene00173292.,0,0,0
WBGene00173293.,0,0,0
WBGene00173294.,0,0,0
WBGene00173295.,0,0,0
WBGene00173296.,0,0,0
WBGene00173297.,0,0,0
WBGene00173298.,0,9,9
WBGene00173299.,0,0,0
WBGene00173300.,0,0,0
WBGene00173301.,0,0,0
WBGene00173302.,0,0,0
WBGene00173303.,0,4,4
WBGene00173304.,0,0,0
WBGene00173305.,0,0,0
WBGene00173306.,0,0,0
WBGene00173307.,0,0,0
WBGene00173308.,0,0,0
WBGene00173309.,0,0,0
WBGene00173310.,0,0,0
WBGene00173311.,0,0,0
WBGene00173312.,0,0,0
WBGene00173313.,0,0,0
WBGene00173314.,0,0,0
WBGene00173315.,0,0,0
WBGene00173316.,0,0,0
WBGene00173317.,0,0,0
WBGene00173318.,0,0,0
WBGene00173319.,0,0,0
WBGene00173320.,0,0,0
WBGene00173321.,0,0,0
WBGene00173322.,0,0,0
WBGene00173323.,0,7,7
WBGene00173324.,0,0,0
WBGene00173325.,0,0,0
WBGene00173326.,0,1,1
WBGene00173327.,0,0,0
WBGene00173328.,0,0,0
WBGene00173329.,0,0,0
WBGene00173330.,0,0,0
WBGene00173331.,0,0,0
WBGene00173332.,0,1,1
WBGene00173333.,0,0,0
WBGene00173334.,0,6,6
WBGene00173335.,0,0,0
WBGene00173336.,0,0,0
WBGene00173337.,0,1,1
WBGene00173338.,0,2,2
WBGene00173339.,0,0,0
WBGene00173340.,0,0,0
WBGene00173341.,0,0,0
WBGene00173342.,0,0,0
WBGene00173343.,0,0,0
WBGene00173344.,0,0,0
WBGene00173345.,0,0,0
WBGene00173346.,0,0,0
WBGene00173347.,0,0,0
WBGene00173348.,0,0,0
WBGene00173349.,0,0,0
WBGene00173350.,0,0,0
WBGene00173351.,0,0,0
WBGene00173352.,0,0,0
WBGene00173353.,0,3,3
WBGene00173354.,0,0,0
WBGene00173355.,0,0,0
WBGene00173356.,0,0,0
WBGene00173357.,0,0,0
WBGene00173358.,0,0,0
WBGene00173359.,0,0,0
WBGene00173360.,0,42,42
WBGene00173361.,0,0,0
WBGene00173362.,0,0,0
WBGene00173363.,0,0,0
WBGene00173364.,0,0,0
WBGene00173365.,0,0,0
WBGene00173366.,0,0,0
WBGene00173367.,0,0,0
WBGene00173368.,0,4,4
WBGene00173369.,0,0,0
WBGene00173370.,0,1,1
WBGene00173371.,0,0,0
WBGene00173372.,0,0,0
WBGene00173373.,0,0,0
WBGene00173374.,0,0,0
WBGene00173375.,0,0,0
WBGene00173376.,0,1,1
WBGene00173377.,0,0,0
WBGene00173378.,0,0,0
WBGene00173379.,0,0,0
WBGene00173380.,0,0,0
WBGene00173381.,0,0,0
WBGene00173382.,0,0,0
WBGene00173383.,0,0,0
WBGene00173384.,0,0,0
WBGene00173385.,0,0,0
WBGene00173386.,0,2,2
WBGene00173387.,0,0,0
WBGene00173388.,0,0,0
WBGene00173389.,0,0,0
WBGene00173390.,0,1,1
WBGene00173391.,0,0,0
WBGene00173392.,0,2,2
WBGene00173393.,0,0,0
WBGene00173394.,0,0,0
WBGene00173395.,0,0,0
WBGene00173396.,0,8,8
WBGene00173397.,0,0,0
WBGene00173398.,0,2,2
WBGene00173399.,0,0,0
WBGene00173400.,0,0,0
WBGene00173401.,0,0,0
WBGene00173402.,0,0,0
WBGene00173403.,0,0,0
WBGene00173404.,0,0,0
WBGene00173405.,0,0,0
WBGene00173406.,0,0,0
WBGene00173407.,0,0,0
WBGene00173408.,0,0,0
WBGene00173409.,0,0,0
WBGene00173410.,0,0,0
WBGene00173411.,0,0,0
WBGene00173412.,0,0,0
WBGene00173413.,0,2,2
WBGene00173414.,0,0,0
WBGene00173415.,0,0,0
WBGene00173416.,0,1,1
WBGene00173417.,0,0,0
WBGene00173418.,0,0,0
WBGene00173419.,0,0,0
WBGene00173420.,0,15,15
WBGene00173421.,0,0,0
WBGene00173422.,0,0,0
WBGene00173423.,0,0,0
WBGene00173424.,0,0,0
WBGene00173425.,0,0,0
WBGene00173426.,0,0,0
WBGene00173427.,0,0,0
WBGene00173428.,0,0,0
WBGene00173429.,0,0,0
WBGene00173430.,0,0,0
WBGene00173431.,0,0,0
WBGene00173432.,0,0,0
WBGene00173433.,0,0,0
WBGene00173434.,0,1,1
WBGene00173435.,0,0,0
WBGene00173436.,0,0,0
WBGene00173437.,0,4,4
WBGene00173438.,0,0,0
WBGene00173439.,0,0,0
WBGene00173440.,0,1,1
WBGene00173441.,0,0,0
WBGene00173442.,0,0,0
WBGene00173443.,0,0,0
WBGene00173444.,0,9,9
WBGene00173445.,0,0,0
WBGene00173446.,0,0,0
WBGene00173447.,0,381,381
WBGene00173448.,0,0,0
WBGene00173449.,0,1,1
WBGene00173450.,0,0,0
WBGene00173451.,0,0,0
WBGene00173452.,0,0,0
WBGene00173453.,0,0,0
WBGene00173454.,0,0,0
WBGene00173455.,0,0,0
WBGene00173456.,0,0,0
WBGene00173457.,0,0,0
WBGene00173458.,0,0,0
WBGene00173459.,0,0,0
WBGene00173460.,0,1,1
WBGene00173461.,0,0,0
WBGene00173462.,0,0,0
WBGene00173463.,0,0,0
WBGene00173464.,0,0,0
WBGene00173465.,0,0,0
WBGene00173466.,0,0,0
WBGene00173467.,0,0,0
WBGene00173468.,0,0,0
WBGene00173469.,0,0,0
WBGene00173470.,0,0,0
WBGene00173471.,0,0,0
WBGene00173472.,0,0,0
WBGene00173473.,0,0,0
WBGene00173474.,0,0,0
WBGene00173475.,0,0,0
WBGene00173476.,0,0,0
WBGene00173477.,0,0,0
WBGene00173478.,0,0,0
WBGene00173480.,0,0,0
WBGene00173481.,0,0,0
WBGene00173482.,0,0,0
WBGene00173483.,0,0,0
WBGene00173484.,0,0,0
WBGene00173485.,0,0,0
WBGene00173486.,0,0,0
WBGene00173487.,0,0,0
WBGene00173488.,0,0,0
WBGene00173489.,0,0,0
WBGene00173490.,0,2,2
WBGene00173491.,0,0,0
WBGene00173492.,0,0,0
WBGene00173493.,0,0,0
WBGene00173494.,0,0,0
WBGene00173495.,0,0,0
WBGene00173496.,0,1,1
WBGene00173497.,0,0,0
WBGene00173498.,0,0,0
WBGene00173499.,0,0,0
WBGene00173500.,0,0,0
WBGene00173501.,0,3,3
WBGene00173502.,0,0,0
WBGene00173503.,0,0,0
WBGene00173504.,0,0,0
WBGene00173505.,0,0,0
WBGene00173506.,0,0,0
WBGene00173507.,0,0,0
WBGene00173508.,0,0,0
WBGene00173509.,0,3,3
WBGene00173510.,0,2,2
WBGene00173511.,0,0,0
WBGene00173512.,0,0,0
WBGene00173513.,0,0,0
WBGene00173514.,0,0,0
WBGene00173515.,0,0,0
WBGene00173516.,0,308,308
WBGene00173517.,0,0,0
WBGene00173518.,0,1,1
WBGene00173519.,0,0,0
WBGene00173520.,0,0,0
WBGene00173521.,0,0,0
WBGene00173522.,0,0,0
WBGene00173523.,0,0,0
WBGene00173524.,0,2,2
WBGene00173525.,0,0,0
WBGene00173526.,0,0,0
WBGene00173527.,0,0,0
WBGene00173528.,0,0,0
WBGene00173529.,0,0,0
WBGene00173530.,0,0,0
WBGene00173531.,0,0,0
WBGene00173532.,0,0,0
WBGene00173533.,0,0,0
WBGene00173534.,0,0,0
WBGene00173535.,0,0,0
WBGene00173536.,0,0,0
WBGene00173537.,0,0,0
WBGene00173538.,0,0,0
WBGene00173539.,0,0,0
WBGene00173540.,0,0,0
WBGene00173541.,0,0,0
WBGene00173542.,0,0,0
WBGene00173543.,0,0,0
WBGene00173544.,0,0,0
WBGene00173545.,0,0,0
WBGene00173546.,0,0,0
WBGene00173547.,0,0,0
WBGene00173548.,0,0,0
WBGene00173550.,0,0,0
WBGene00173551.,0,0,0
WBGene00173552.,0,0,0
WBGene00173553.,0,0,0
WBGene00173554.,0,0,0
WBGene00173555.,0,0,0
WBGene00173556.,0,0,0
WBGene00173557.,0,0,0
WBGene00173558.,0,0,0
WBGene00173559.,0,0,0
WBGene00173560.,0,0,0
WBGene00173561.,0,0,0
WBGene00173562.,0,2,2
WBGene00173563.,0,0,0
WBGene00173564.,0,0,0
WBGene00173565.,0,0,0
WBGene00173566.,0,4,4
WBGene00173567.,0,0,0
WBGene00173568.,0,0,0
WBGene00173569.,0,0,0
WBGene00173570.,0,0,0
WBGene00173571.,0,0,0
WBGene00173572.,0,0,0
WBGene00173573.,0,0,0
WBGene00173574.,0,0,0
WBGene00173575.,0,0,0
WBGene00173576.,0,0,0
WBGene00173577.,0,2,2
WBGene00173578.,0,0,0
WBGene00173579.,0,0,0
WBGene00173580.,0,0,0
WBGene00173581.,0,0,0
WBGene00173582.,0,0,0
WBGene00173583.,0,0,0
WBGene00173584.,0,0,0
WBGene00173585.,0,0,0
WBGene00173586.,0,0,0
WBGene00173587.,0,0,0
WBGene00173588.,0,0,0
WBGene00173589.,0,1,1
WBGene00173590.,0,0,0
WBGene00173591.,0,0,0
WBGene00173592.,0,0,0
WBGene00173593.,0,0,0
WBGene00173594.,0,0,0
WBGene00173595.,0,0,0
WBGene00173596.,0,1,1
WBGene00173597.,0,3,3
WBGene00173598.,0,0,0
WBGene00173599.,0,0,0
WBGene00173600.,0,0,0
WBGene00173601.,0,0,0
WBGene00173602.,0,0,0
WBGene00173603.,0,25,25
WBGene00173604.,0,0,0
WBGene00173605.,0,0,0
WBGene00173606.,0,0,0
WBGene00173607.,0,287,287
WBGene00173608.,0,0,0
WBGene00173609.,0,0,0
WBGene00173610.,0,0,0
WBGene00173611.,0,0,0
WBGene00173612.,0,0,0
WBGene00173613.,0,2,2
WBGene00173614.,0,0,0
WBGene00173615.,0,76,76
WBGene00173616.,0,0,0
WBGene00173617.,0,0,0
WBGene00173618.,0,0,0
WBGene00173619.,0,0,0
WBGene00173620.,0,2,2
WBGene00173621.,0,9,9
WBGene00173622.,0,0,0
WBGene00173623.,0,1,1
WBGene00173624.,0,0,0
WBGene00173625.,0,0,0
WBGene00173626.,0,0,0
WBGene00173627.,0,0,0
WBGene00173628.,0,0,0
WBGene00173629.,0,3,3
WBGene00173630.,0,0,0
WBGene00173631.,0,0,0
WBGene00173632.,0,6,6
WBGene00173633.,0,0,0
WBGene00173634.,0,1,1
WBGene00173635.,0,0,0
WBGene00173636.,0,0,0
WBGene00173637.,0,0,0
WBGene00173638.,0,0,0
WBGene00173639.,0,0,0
WBGene00173640.,0,7,7
WBGene00173641.,0,0,0
WBGene00173642.,0,0,0
WBGene00173643.,0,0,0
WBGene00173644.,0,0,0
WBGene00173645.,0,1,1
WBGene00173646.,0,0,0
WBGene00173647.,0,0,0
WBGene00173648.,0,0,0
WBGene00173649.,0,0,0
WBGene00173650.,0,0,0
WBGene00173651.,0,0,0
WBGene00173652.,0,0,0
WBGene00173653.,0,1,1
WBGene00173654.,0,0,0
WBGene00173655.,0,0,0
WBGene00173656.,0,0,0
WBGene00173657.,0,0,0
WBGene00173658.,0,14,14
WBGene00173659.,0,0,0
WBGene00173660.,0,0,0
WBGene00173661.,0,0,0
WBGene00173662.,0,0,0
WBGene00173663.,0,0,0
WBGene00173664.,0,0,0
WBGene00173665.,0,0,0
WBGene00173666.,0,0,0
WBGene00173667.,0,0,0
WBGene00173668.,0,1,1
WBGene00173669.,0,0,0
WBGene00173670.,0,0,0
WBGene00173671.,0,0,0
WBGene00173672.,0,3,3
WBGene00173673.,0,0,0
WBGene00173674.,0,0,0
WBGene00173675.,0,0,0
WBGene00173676.,0,0,0
WBGene00173677.,0,0,0
WBGene00173678.,0,0,0
WBGene00173679.,0,0,0
WBGene00173680.,0,2,2
WBGene00173681.,0,0,0
WBGene00173682.,0,1,1
WBGene00173683.,0,0,0
WBGene00173684.,0,0,0
WBGene00173685.,0,0,0
WBGene00173686.,0,0,0
WBGene00173687.,0,1,1
WBGene00173688.,0,0,0
WBGene00173689.,0,0,0
WBGene00173690.,0,0,0
WBGene00173691.,0,0,0
WBGene00173692.,0,0,0
WBGene00173693.,0,0,0
WBGene00173694.,0,2,2
WBGene00173695.,0,0,0
WBGene00173696.,0,0,0
WBGene00173697.,0,0,0
WBGene00173698.,0,1,1
WBGene00173699.,0,0,0
WBGene00173700.,0,0,0
WBGene00173701.,0,0,0
WBGene00173702.,0,0,0
WBGene00173703.,0,0,0
WBGene00173704.,0,0,0
WBGene00173705.,0,0,0
WBGene00173706.,0,0,0
WBGene00173707.,0,0,0
WBGene00173708.,0,0,0
WBGene00173709.,0,0,0
WBGene00173710.,0,0,0
WBGene00173711.,0,0,0
WBGene00173712.,0,0,0
WBGene00173713.,0,1,1
WBGene00173714.,0,0,0
WBGene00173715.,0,0,0
WBGene00173716.,0,0,0
WBGene00173717.,0,0,0
WBGene00173718.,0,0,0
WBGene00173719.,0,0,0
WBGene00173720.,0,0,0
WBGene00173721.,0,0,0
WBGene00173722.,0,0,0
WBGene00173723.,0,0,0
WBGene00173724.,0,0,0
WBGene00173725.,0,0,0
WBGene00173726.,0,0,0
WBGene00173727.,0,0,0
WBGene00173728.,0,4,4
WBGene00173729.,0,6,6
WBGene00173730.,0,15,15
WBGene00173731.,0,0,0
WBGene00173732.,0,0,0
WBGene00173733.,0,1,1
WBGene00173734.,0,0,0
WBGene00173735.,0,0,0
WBGene00173736.,0,0,0
WBGene00173737.,0,0,0
WBGene00173738.,0,0,0
WBGene00173739.,0,0,0
WBGene00173740.,0,0,0
WBGene00173741.,0,0,0
WBGene00173742.,0,0,0
WBGene00173743.,0,0,0
WBGene00173744.,0,0,0
WBGene00173745.,0,2,2
WBGene00173746.,0,0,0
WBGene00173747.,0,1,1
WBGene00173748.,0,0,0
WBGene00173749.,0,0,0
WBGene00173750.,0,0,0
WBGene00173751.,0,1,1
WBGene00173752.,0,0,0
WBGene00173753.,0,2,2
WBGene00173754.,0,0,0
WBGene00173755.,0,0,0
WBGene00173756.,0,0,0
WBGene00173757.,0,0,0
WBGene00173758.,0,8,8
WBGene00173759.,0,0,0
WBGene00173760.,0,0,0
WBGene00173761.,0,0,0
WBGene00173762.,0,0,0
WBGene00173763.,0,0,0
WBGene00173764.,0,0,0
WBGene00173765.,0,1,1
WBGene00173766.,0,0,0
WBGene00173767.,0,0,0
WBGene00173768.,0,7,7
WBGene00173769.,0,0,0
WBGene00173770.,0,0,0
WBGene00173771.,0,0,0
WBGene00173772.,0,0,0
WBGene00173773.,0,0,0
WBGene00173774.,0,0,0
WBGene00173775.,0,0,0
WBGene00173776.,0,0,0
WBGene00173777.,0,0,0
WBGene00173778.,0,3,3
WBGene00173779.,0,0,0
WBGene00173780.,0,0,0
WBGene00173781.,0,0,0
WBGene00173782.,0,0,0
WBGene00173783.,0,0,0
WBGene00173784.,0,0,0
WBGene00173785.,0,0,0
WBGene00173786.,0,0,0
WBGene00173787.,0,0,0
WBGene00173788.,0,0,0
WBGene00173789.,0,0,0
WBGene00173790.,0,0,0
WBGene00173791.,0,0,0
WBGene00173792.,0,0,0
WBGene00173793.,0,0,0
WBGene00173794.,0,2,2
WBGene00173795.,0,0,0
WBGene00173796.,0,0,0
WBGene00173797.,0,0,0
WBGene00173798.,0,0,0
WBGene00173799.,0,0,0
WBGene00173800.,0,0,0
WBGene00173801.,0,0,0
WBGene00173802.,0,0,0
WBGene00173803.,0,2,2
WBGene00173804.,0,0,0
WBGene00173805.,0,0,0
WBGene00173806.,0,2,2
WBGene00173807.,0,0,0
WBGene00173808.,0,0,0
WBGene00173809.,0,3,3
WBGene00173810.,0,0,0
WBGene00173811.,0,0,0
WBGene00173812.,0,0,0
WBGene00173813.,0,0,0
WBGene00173814.,0,3,3
WBGene00173815.,0,0,0
WBGene00173816.,0,0,0
WBGene00173817.,0,0,0
WBGene00173818.,0,0,0
WBGene00173819.,0,0,0
WBGene00173820.,0,0,0
WBGene00173821.,0,0,0
WBGene00173822.,0,0,0
WBGene00173823.,0,1,1
WBGene00173824.,0,0,0
WBGene00173825.,0,0,0
WBGene00173826.,0,0,0
WBGene00173827.,0,3,3
WBGene00173828.,0,0,0
WBGene00173829.,0,0,0
WBGene00173830.,0,1,1
WBGene00173831.,0,7,7
WBGene00173832.,0,1,1
WBGene00173833.,0,0,0
WBGene00173834.,0,1,1
WBGene00173835.,0,0,0
WBGene00173836.,0,0,0
WBGene00173837.,0,0,0
WBGene00173838.,0,0,0
WBGene00173839.,0,0,0
WBGene00173840.,0,2,2
WBGene00173841.,0,0,0
WBGene00173842.,0,0,0
WBGene00173843.,0,0,0
WBGene00173844.,0,0,0
WBGene00173845.,0,0,0
WBGene00173846.,0,0,0
WBGene00173847.,0,0,0
WBGene00173848.,0,0,0
WBGene00173849.,0,0,0
WBGene00173850.,0,0,0
WBGene00173851.,0,0,0
WBGene00173852.,0,2,2
WBGene00173853.,0,0,0
WBGene00173854.,0,0,0
WBGene00173855.,0,0,0
WBGene00173856.,0,0,0
WBGene00173857.,0,0,0
WBGene00173858.,0,136,136
WBGene00173859.,0,0,0
WBGene00173860.,0,0,0
WBGene00173861.,0,0,0
WBGene00173862.,0,1,1
WBGene00173863.,0,0,0
WBGene00173864.,0,0,0
WBGene00173865.,0,0,0
WBGene00173866.,0,0,0
WBGene00173867.,0,0,0
WBGene00173868.,0,0,0
WBGene00173869.,0,0,0
WBGene00173870.,0,1,1
WBGene00173871.,0,0,0
WBGene00173872.,0,0,0
WBGene00173873.,0,0,0
WBGene00173874.,0,0,0
WBGene00173875.,0,0,0
WBGene00173876.,0,0,0
WBGene00173877.,0,1,1
WBGene00173878.,0,0,0
WBGene00173879.,0,0,0
WBGene00173880.,0,0,0
WBGene00173881.,0,0,0
WBGene00173882.,0,0,0
WBGene00173883.,0,0,0
WBGene00173884.,0,0,0
WBGene00173885.,0,1,1
WBGene00173886.,0,2,2
WBGene00173887.,0,5,5
WBGene00173888.,0,0,0
WBGene00173889.,0,0,0
WBGene00173890.,0,0,0
WBGene00173891.,0,8,8
WBGene00173892.,0,0,0
WBGene00173893.,0,0,0
WBGene00173894.,0,0,0
WBGene00173895.,0,0,0
WBGene00173896.,0,0,0
WBGene00173897.,0,0,0
WBGene00173898.,0,0,0
WBGene00173899.,0,0,0
WBGene00173900.,0,0,0
WBGene00173901.,0,0,0
WBGene00173902.,0,0,0
WBGene00173903.,0,0,0
WBGene00173904.,0,0,0
WBGene00173905.,0,5,5
WBGene00173906.,0,0,0
WBGene00173907.,0,0,0
WBGene00173908.,0,0,0
WBGene00173909.,0,0,0
WBGene00173910.,0,0,0
WBGene00173911.,0,0,0
WBGene00173912.,0,0,0
WBGene00173913.,0,0,0
WBGene00173914.,0,0,0
WBGene00173915.,0,0,0
WBGene00173916.,0,0,0
WBGene00173917.,0,0,0
WBGene00173918.,0,0,0
WBGene00173919.,0,0,0
WBGene00173920.,0,0,0
WBGene00173921.,0,0,0
WBGene00173922.,0,0,0
WBGene00173923.,0,0,0
WBGene00173924.,0,0,0
WBGene00173925.,0,0,0
WBGene00173926.,0,0,0
WBGene00173927.,0,0,0
WBGene00173928.,0,0,0
WBGene00173929.,0,0,0
WBGene00173930.,0,0,0
WBGene00173931.,0,0,0
WBGene00173932.,0,0,0
WBGene00173933.,0,0,0
WBGene00173934.,0,0,0
WBGene00173935.,0,6,6
WBGene00173936.,0,0,0
WBGene00173937.,0,0,0
WBGene00173938.,0,0,0
WBGene00173939.,0,0,0
WBGene00173940.,0,0,0
WBGene00173941.,0,0,0
WBGene00173942.,0,0,0
WBGene00173943.,0,0,0
WBGene00173944.,0,2,2
WBGene00173945.,0,0,0
WBGene00173946.,0,0,0
WBGene00173947.,0,0,0
WBGene00173948.,0,0,0
WBGene00173949.,0,0,0
WBGene00173950.,0,24,24
WBGene00173951.,0,0,0
WBGene00173952.,0,0,0
WBGene00173953.,0,0,0
WBGene00173954.,0,0,0
WBGene00173955.,0,0,0
WBGene00173956.,0,0,0
WBGene00173957.,0,0,0
WBGene00173958.,0,0,0
WBGene00173959.,0,4,4
WBGene00173960.,0,9,9
WBGene00173961.,0,0,0
WBGene00173962.,0,0,0
WBGene00173963.,0,0,0
WBGene00173964.,0,0,0
WBGene00173965.,0,0,0
WBGene00173966.,0,0,0
WBGene00173967.,0,1,1
WBGene00173968.,0,0,0
WBGene00173969.,0,0,0
WBGene00173970.,0,0,0
WBGene00173971.,0,0,0
WBGene00173972.,0,0,0
WBGene00173973.,0,0,0
WBGene00173974.,0,0,0
WBGene00173975.,0,0,0
WBGene00173976.,0,0,0
WBGene00173977.,0,0,0
WBGene00173978.,0,0,0
WBGene00173979.,0,0,0
WBGene00173980.,0,10,10
WBGene00173981.,0,0,0
WBGene00173982.,0,0,0
WBGene00173983.,0,0,0
WBGene00173984.,0,0,0
WBGene00173985.,0,0,0
WBGene00173986.,0,0,0
WBGene00173987.,0,0,0
WBGene00173988.,0,0,0
WBGene00173989.,0,0,0
WBGene00173990.,0,0,0
WBGene00173991.,0,0,0
WBGene00173992.,0,16,16
WBGene00173993.,0,0,0
WBGene00173994.,0,0,0
WBGene00173995.,0,0,0
WBGene00173996.,0,0,0
WBGene00173997.,0,4,4
WBGene00173998.,0,0,0
WBGene00173999.,0,0,0
WBGene00174000.,0,0,0
WBGene00174001.,0,0,0
WBGene00174002.,0,0,0
WBGene00174003.,0,6,6
WBGene00174004.,0,0,0
WBGene00174005.,0,0,0
WBGene00174006.,0,0,0
WBGene00174007.,0,0,0
WBGene00174008.,0,0,0
WBGene00174009.,0,0,0
WBGene00174010.,0,2,2
WBGene00174011.,0,0,0
WBGene00174012.,0,0,0
WBGene00174013.,0,0,0
WBGene00174014.,0,7,7
WBGene00174015.,0,0,0
WBGene00174016.,0,0,0
WBGene00174017.,0,0,0
WBGene00174018.,0,0,0
WBGene00174019.,0,2,2
WBGene00174020.,0,1,1
WBGene00174021.,0,0,0
WBGene00174022.,0,0,0
WBGene00174023.,0,0,0
WBGene00174024.,0,1,1
WBGene00174025.,0,0,0
WBGene00174026.,0,7,7
WBGene00174027.,0,0,0
WBGene00174028.,0,1,1
WBGene00174029.,0,0,0
WBGene00174030.,0,0,0
WBGene00174031.,0,0,0
WBGene00174032.,0,1,1
WBGene00174033.,0,0,0
WBGene00174034.,0,0,0
WBGene00174035.,0,0,0
WBGene00174036.,0,0,0
WBGene00174037.,0,0,0
WBGene00174038.,0,0,0
WBGene00174039.,0,0,0
WBGene00174040.,0,1,1
WBGene00174041.,0,1,1
WBGene00174042.,0,0,0
WBGene00174043.,0,0,0
WBGene00174044.,0,4,4
WBGene00174045.,0,0,0
WBGene00174046.,0,0,0
WBGene00174047.,0,0,0
WBGene00174048.,0,0,0
WBGene00174049.,0,0,0
WBGene00174050.,0,0,0
WBGene00174051.,0,0,0
WBGene00174052.,0,0,0
WBGene00174053.,0,0,0
WBGene00174054.,0,0,0
WBGene00174055.,0,0,0
WBGene00174056.,0,0,0
WBGene00174057.,0,0,0
WBGene00174058.,0,0,0
WBGene00174059.,0,0,0
WBGene00174060.,0,0,0
WBGene00174061.,0,0,0
WBGene00174062.,0,0,0
WBGene00174063.,0,0,0
WBGene00174064.,0,0,0
WBGene00174065.,0,0,0
WBGene00174066.,0,1,1
WBGene00174067.,0,0,0
WBGene00174068.,0,0,0
WBGene00174069.,0,1,1
WBGene00174070.,0,1,1
WBGene00174071.,0,0,0
WBGene00174072.,0,0,0
WBGene00174073.,0,0,0
WBGene00174074.,0,0,0
WBGene00174075.,0,0,0
WBGene00174076.,0,0,0
WBGene00174077.,0,0,0
WBGene00174078.,0,0,0
WBGene00174079.,0,0,0
WBGene00174080.,0,0,0
WBGene00174081.,0,0,0
WBGene00174082.,0,0,0
WBGene00174083.,0,0,0
WBGene00174084.,0,4,4
WBGene00174085.,0,0,0
WBGene00174086.,0,0,0
WBGene00174087.,0,2,2
WBGene00174088.,0,0,0
WBGene00174089.,0,0,0
WBGene00174090.,0,0,0
WBGene00174091.,0,0,0
WBGene00174092.,0,0,0
WBGene00174093.,0,0,0
WBGene00174094.,0,0,0
WBGene00174095.,0,0,0
WBGene00174096.,0,0,0
WBGene00174097.,0,0,0
WBGene00174098.,0,0,0
WBGene00174099.,0,0,0
WBGene00174100.,0,0,0
WBGene00174101.,0,0,0
WBGene00174102.,0,0,0
WBGene00174103.,0,0,0
WBGene00174104.,0,15,15
WBGene00174105.,0,0,0
WBGene00174106.,0,0,0
WBGene00174107.,0,1,1
WBGene00174108.,0,0,0
WBGene00174109.,0,0,0
WBGene00174110.,0,0,0
WBGene00174111.,0,0,0
WBGene00174112.,0,0,0
WBGene00174113.,0,0,0
WBGene00174114.,0,0,0
WBGene00174115.,0,0,0
WBGene00174116.,0,0,0
WBGene00174117.,0,0,0
WBGene00174118.,0,6,6
WBGene00174119.,0,8,8
WBGene00174120.,0,0,0
WBGene00174121.,0,0,0
WBGene00174122.,0,0,0
WBGene00174123.,0,0,0
WBGene00174124.,0,0,0
WBGene00174125.,0,0,0
WBGene00174126.,0,0,0
WBGene00174127.,0,0,0
WBGene00174128.,0,22,22
WBGene00174129.,0,0,0
WBGene00174130.,0,0,0
WBGene00174131.,0,0,0
WBGene00174132.,0,0,0
WBGene00174133.,0,0,0
WBGene00174134.,0,2,2
WBGene00174135.,0,0,0
WBGene00174136.,0,0,0
WBGene00174137.,0,0,0
WBGene00174138.,0,0,0
WBGene00174139.,0,0,0
WBGene00174140.,0,0,0
WBGene00174141.,0,0,0
WBGene00174142.,0,0,0
WBGene00174143.,0,0,0
WBGene00174144.,0,1,1
WBGene00174145.,0,0,0
WBGene00174146.,0,0,0
WBGene00174147.,0,0,0
WBGene00174148.,0,0,0
WBGene00174149.,0,0,0
WBGene00174150.,0,0,0
WBGene00174151.,0,0,0
WBGene00174152.,0,0,0
WBGene00174153.,0,0,0
WBGene00174154.,0,0,0
WBGene00174155.,0,0,0
WBGene00174156.,0,0,0
WBGene00174157.,0,0,0
WBGene00174158.,0,0,0
WBGene00174159.,0,0,0
WBGene00174160.,0,0,0
WBGene00174161.,0,1,1
WBGene00174162.,0,0,0
WBGene00174163.,0,0,0
WBGene00174164.,0,0,0
WBGene00174165.,0,0,0
WBGene00174166.,0,0,0
WBGene00174167.,0,0,0
WBGene00174168.,0,2,2
WBGene00174169.,0,0,0
WBGene00174170.,0,1,1
WBGene00174171.,0,0,0
WBGene00174172.,0,0,0
WBGene00174173.,0,0,0
WBGene00174174.,0,0,0
WBGene00174175.,0,0,0
WBGene00174176.,0,0,0
WBGene00174177.,0,0,0
WBGene00174178.,0,1,1
WBGene00174179.,0,0,0
WBGene00174180.,0,0,0
WBGene00174181.,0,0,0
WBGene00174182.,0,0,0
WBGene00174183.,0,0,0
WBGene00174184.,0,7,7
WBGene00174185.,0,8,8
WBGene00174186.,0,1,1
WBGene00174187.,0,0,0
WBGene00174188.,0,0,0
WBGene00174189.,0,0,0
WBGene00174190.,0,6,6
WBGene00174191.,0,0,0
WBGene00174192.,0,0,0
WBGene00174193.,0,0,0
WBGene00174194.,0,0,0
WBGene00174195.,0,0,0
WBGene00174196.,0,0,0
WBGene00174197.,0,0,0
WBGene00174198.,0,0,0
WBGene00174199.,0,0,0
WBGene00174200.,0,0,0
WBGene00174201.,0,0,0
WBGene00174202.,0,2,2
WBGene00174203.,0,0,0
WBGene00174204.,0,0,0
WBGene00174205.,0,0,0
WBGene00174206.,0,0,0
WBGene00174207.,0,0,0
WBGene00174208.,0,0,0
WBGene00174209.,0,0,0
WBGene00174210.,0,0,0
WBGene00174211.,0,2,2
WBGene00174212.,0,1,1
WBGene00174213.,0,0,0
WBGene00174214.,0,0,0
WBGene00174215.,0,0,0
WBGene00174216.,0,1,1
WBGene00174217.,0,0,0
WBGene00174218.,0,0,0
WBGene00174219.,0,0,0
WBGene00174220.,0,0,0
WBGene00174221.,0,0,0
WBGene00174222.,0,1,1
WBGene00174223.,0,1,1
WBGene00174224.,0,0,0
WBGene00174225.,0,0,0
WBGene00174226.,0,0,0
WBGene00174227.,0,0,0
WBGene00174228.,0,0,0
WBGene00174229.,0,0,0
WBGene00174230.,0,0,0
WBGene00174231.,0,0,0
WBGene00174232.,0,0,0
WBGene00174233.,0,0,0
WBGene00174234.,0,2,2
WBGene00174235.,0,0,0
WBGene00174236.,0,0,0
WBGene00174237.,0,2,2
WBGene00174238.,0,0,0
WBGene00174239.,0,0,0
WBGene00174240.,0,0,0
WBGene00174241.,0,0,0
WBGene00174242.,0,1,1
WBGene00174243.,0,0,0
WBGene00174244.,0,2,2
WBGene00174245.,0,0,0
WBGene00174246.,0,0,0
WBGene00174247.,0,0,0
WBGene00174248.,0,10,10
WBGene00174249.,0,0,0
WBGene00174250.,0,0,0
WBGene00174251.,0,0,0
WBGene00174252.,0,0,0
WBGene00174253.,0,0,0
WBGene00174254.,0,0,0
WBGene00174255.,0,0,0
WBGene00174256.,0,0,0
WBGene00174257.,0,0,0
WBGene00174258.,0,0,0
WBGene00174259.,0,0,0
WBGene00174260.,0,0,0
WBGene00174261.,0,0,0
WBGene00174262.,0,0,0
WBGene00174263.,0,0,0
WBGene00174264.,0,0,0
WBGene00174265.,0,57,57
WBGene00174266.,0,0,0
WBGene00174267.,0,0,0
WBGene00174268.,0,0,0
WBGene00174269.,0,0,0
WBGene00174270.,0,0,0
WBGene00174271.,0,0,0
WBGene00174272.,0,1,1
WBGene00174273.,0,0,0
WBGene00174274.,0,0,0
WBGene00174275.,0,0,0
WBGene00174276.,0,0,0
WBGene00174277.,0,0,0
WBGene00174278.,0,0,0
WBGene00174279.,0,0,0
WBGene00174280.,0,0,0
WBGene00174281.,0,4,4
WBGene00174282.,0,0,0
WBGene00174283.,0,2,2
WBGene00174284.,0,0,0
WBGene00174285.,0,0,0
WBGene00174286.,0,0,0
WBGene00174287.,0,0,0
WBGene00174288.,0,0,0
WBGene00174289.,0,0,0
WBGene00174290.,0,0,0
WBGene00174291.,0,1,1
WBGene00174292.,0,0,0
WBGene00174293.,0,11,11
WBGene00174294.,0,0,0
WBGene00174295.,0,0,0
WBGene00174296.,0,0,0
WBGene00174297.,0,6,6
WBGene00174298.,0,0,0
WBGene00174299.,0,0,0
WBGene00174300.,0,0,0
WBGene00174301.,0,0,0
WBGene00174302.,0,0,0
WBGene00174303.,0,0,0
WBGene00174304.,0,0,0
WBGene00174305.,0,0,0
WBGene00174306.,0,0,0
WBGene00174307.,0,0,0
WBGene00174308.,0,0,0
WBGene00174309.,0,0,0
WBGene00174310.,0,0,0
WBGene00174311.,0,19,19
WBGene00174312.,0,1,1
WBGene00174313.,0,3,3
WBGene00174314.,0,1,1
WBGene00174315.,0,0,0
WBGene00174316.,0,0,0
WBGene00174317.,0,3,3
WBGene00174318.,0,8,8
WBGene00174319.,0,1,1
WBGene00174320.,0,0,0
WBGene00174321.,0,0,0
WBGene00174322.,0,1,1
WBGene00174323.,0,0,0
WBGene00174324.,0,0,0
WBGene00174325.,0,1,1
WBGene00174326.,0,0,0
WBGene00174327.,0,0,0
WBGene00174328.,0,0,0
WBGene00174329.,0,0,0
WBGene00174330.,0,0,0
WBGene00174331.,0,0,0
WBGene00174332.,0,0,0
WBGene00174333.,0,1,1
WBGene00174334.,0,0,0
WBGene00174335.,0,0,0
WBGene00174336.,0,0,0
WBGene00174337.,0,0,0
WBGene00174338.,0,0,0
WBGene00174339.,0,0,0
WBGene00174340.,0,0,0
WBGene00174341.,0,0,0
WBGene00174342.,0,0,0
WBGene00174343.,0,0,0
WBGene00174344.,0,0,0
WBGene00174345.,0,0,0
WBGene00174346.,0,0,0
WBGene00174347.,0,0,0
WBGene00174348.,0,0,0
WBGene00174349.,0,0,0
WBGene00174350.,0,0,0
WBGene00174351.,0,0,0
WBGene00174352.,0,16,16
WBGene00174353.,0,1,1
WBGene00174354.,0,2,2
WBGene00174355.,0,0,0
WBGene00174356.,0,0,0
WBGene00174357.,0,0,0
WBGene00174358.,0,0,0
WBGene00174359.,0,0,0
WBGene00174360.,0,9,9
WBGene00174361.,0,0,0
WBGene00174362.,0,0,0
WBGene00174363.,0,0,0
WBGene00174364.,0,0,0
WBGene00174365.,0,0,0
WBGene00174366.,0,0,0
WBGene00174367.,0,0,0
WBGene00174368.,0,0,0
WBGene00174369.,0,0,0
WBGene00174370.,0,0,0
WBGene00174371.,0,0,0
WBGene00174372.,0,0,0
WBGene00174373.,0,0,0
WBGene00174374.,0,0,0
WBGene00174375.,0,0,0
WBGene00174376.,0,1,1
WBGene00174377.,0,8,8
WBGene00174378.,0,3,3
WBGene00174379.,0,0,0
WBGene00174380.,0,2,2
WBGene00174381.,0,0,0
WBGene00174382.,0,2,2
WBGene00174383.,0,0,0
WBGene00174384.,0,1,1
WBGene00174385.,0,0,0
WBGene00174386.,0,0,0
WBGene00174387.,0,0,0
WBGene00174388.,0,0,0
WBGene00174389.,0,0,0
WBGene00174390.,0,0,0
WBGene00174391.,0,0,0
WBGene00174392.,0,0,0
WBGene00174393.,0,0,0
WBGene00174394.,0,1,1
WBGene00174395.,0,0,0
WBGene00174396.,0,1,1
WBGene00174397.,0,0,0
WBGene00174398.,0,0,0
WBGene00174399.,0,0,0
WBGene00174400.,0,0,0
WBGene00174401.,0,0,0
WBGene00174402.,0,0,0
WBGene00174403.,0,0,0
WBGene00174404.,0,0,0
WBGene00174405.,0,0,0
WBGene00174406.,0,94,94
WBGene00174407.,0,0,0
WBGene00174408.,0,0,0
WBGene00174409.,0,14,14
WBGene00174410.,0,6,6
WBGene00174411.,0,0,0
WBGene00174412.,0,0,0
WBGene00174413.,0,0,0
WBGene00174414.,0,0,0
WBGene00174415.,0,0,0
WBGene00174416.,0,0,0
WBGene00174417.,0,0,0
WBGene00174418.,0,0,0
WBGene00174419.,0,1,1
WBGene00174420.,0,0,0
WBGene00174421.,0,0,0
WBGene00174422.,0,0,0
WBGene00174423.,0,0,0
WBGene00174424.,0,0,0
WBGene00174425.,0,0,0
WBGene00174426.,0,0,0
WBGene00174427.,0,0,0
WBGene00174428.,0,0,0
WBGene00174429.,0,2,2
WBGene00174430.,0,0,0
WBGene00174431.,0,0,0
WBGene00174432.,0,1,1
WBGene00174433.,0,0,0
WBGene00174434.,0,0,0
WBGene00174435.,0,0,0
WBGene00174436.,0,0,0
WBGene00174437.,0,0,0
WBGene00174438.,0,0,0
WBGene00174439.,0,0,0
WBGene00174440.,0,16,16
WBGene00174441.,0,0,0
WBGene00174442.,0,0,0
WBGene00174443.,0,0,0
WBGene00174444.,0,0,0
WBGene00174445.,0,0,0
WBGene00174446.,0,0,0
WBGene00174447.,0,1,1
WBGene00174448.,0,0,0
WBGene00174449.,0,0,0
WBGene00174450.,0,0,0
WBGene00174451.,0,0,0
WBGene00174452.,0,0,0
WBGene00174453.,0,20,20
WBGene00174454.,0,0,0
WBGene00174455.,0,0,0
WBGene00174456.,0,0,0
WBGene00174457.,0,0,0
WBGene00174458.,0,0,0
WBGene00174459.,0,0,0
WBGene00174460.,0,0,0
WBGene00174461.,0,0,0
WBGene00174462.,0,0,0
WBGene00174463.,0,1,1
WBGene00174464.,0,0,0
WBGene00174465.,0,0,0
WBGene00174466.,0,0,0
WBGene00174467.,0,0,0
WBGene00174468.,0,0,0
WBGene00174469.,0,0,0
WBGene00174470.,0,0,0
WBGene00174471.,0,0,0
WBGene00174472.,0,0,0
WBGene00174473.,0,0,0
WBGene00174474.,0,0,0
WBGene00174475.,0,1,1
WBGene00174476.,0,0,0
WBGene00174477.,0,0,0
WBGene00174478.,0,3,3
WBGene00174479.,0,0,0
WBGene00174480.,0,0,0
WBGene00174481.,0,0,0
WBGene00174482.,0,0,0
WBGene00174483.,0,0,0
WBGene00174484.,0,0,0
WBGene00174485.,0,7,7
WBGene00174486.,0,0,0
WBGene00174487.,0,1,1
WBGene00174488.,0,0,0
WBGene00174489.,0,0,0
WBGene00174490.,0,0,0
WBGene00174491.,0,0,0
WBGene00174492.,0,0,0
WBGene00174493.,0,0,0
WBGene00174494.,0,0,0
WBGene00174495.,0,0,0
WBGene00174496.,0,10,10
WBGene00174497.,0,2,2
WBGene00174498.,0,0,0
WBGene00174499.,0,11,11
WBGene00174500.,0,0,0
WBGene00174501.,0,0,0
WBGene00174502.,0,0,0
WBGene00174503.,0,0,0
WBGene00174504.,0,1,1
WBGene00174505.,0,0,0
WBGene00174506.,0,0,0
WBGene00174507.,0,0,0
WBGene00174508.,0,0,0
WBGene00174509.,0,0,0
WBGene00174510.,0,0,0
WBGene00174511.,0,0,0
WBGene00174512.,0,5,5
WBGene00174513.,0,0,0
WBGene00174514.,0,0,0
WBGene00174515.,0,0,0
WBGene00174516.,0,0,0
WBGene00174517.,0,0,0
WBGene00174518.,0,0,0
WBGene00174519.,0,0,0
WBGene00174520.,0,0,0
WBGene00174521.,0,0,0
WBGene00174522.,0,0,0
WBGene00174523.,0,0,0
WBGene00174524.,0,0,0
WBGene00174525.,0,0,0
WBGene00174526.,0,0,0
WBGene00174527.,0,2,2
WBGene00174528.,0,0,0
WBGene00174529.,0,1,1
WBGene00174530.,0,0,0
WBGene00174531.,0,1,1
WBGene00174532.,0,0,0
WBGene00174533.,0,0,0
WBGene00174534.,0,0,0
WBGene00174535.,0,0,0
WBGene00174536.,0,0,0
WBGene00174537.,0,0,0
WBGene00174538.,0,0,0
WBGene00174539.,0,0,0
WBGene00174540.,0,0,0
WBGene00174541.,0,0,0
WBGene00174542.,0,0,0
WBGene00174543.,0,0,0
WBGene00174544.,0,1,1
WBGene00174545.,0,2,2
WBGene00174546.,0,0,0
WBGene00174547.,0,0,0
WBGene00174548.,0,0,0
WBGene00174549.,0,0,0
WBGene00174550.,0,0,0
WBGene00174551.,0,0,0
WBGene00174552.,0,2,2
WBGene00174553.,0,0,0
WBGene00174554.,0,0,0
WBGene00174555.,0,0,0
WBGene00174556.,0,0,0
WBGene00174557.,0,2,2
WBGene00174558.,0,0,0
WBGene00174559.,0,1,1
WBGene00174560.,0,3,3
WBGene00174561.,0,0,0
WBGene00174562.,0,0,0
WBGene00174563.,0,0,0
WBGene00174564.,0,0,0
WBGene00174565.,0,0,0
WBGene00174566.,0,0,0
WBGene00174567.,0,0,0
WBGene00174568.,0,0,0
WBGene00174569.,0,0,0
WBGene00174570.,0,0,0
WBGene00174571.,0,0,0
WBGene00174572.,0,0,0
WBGene00174573.,0,0,0
WBGene00174574.,0,0,0
WBGene00174575.,0,0,0
WBGene00174576.,0,0,0
WBGene00174577.,0,4,4
WBGene00174578.,0,0,0
WBGene00174579.,0,3,3
WBGene00174580.,0,0,0
WBGene00174581.,0,0,0
WBGene00174582.,0,0,0
WBGene00174583.,0,0,0
WBGene00174584.,0,0,0
WBGene00174585.,0,0,0
WBGene00174586.,0,0,0
WBGene00174587.,0,0,0
WBGene00174588.,0,0,0
WBGene00174589.,0,0,0
WBGene00174590.,0,0,0
WBGene00174591.,0,0,0
WBGene00174592.,0,0,0
WBGene00174593.,0,0,0
WBGene00174594.,0,0,0
WBGene00174595.,0,1,1
WBGene00174596.,0,0,0
WBGene00174597.,0,0,0
WBGene00174598.,0,0,0
WBGene00174599.,0,0,0
WBGene00174600.,0,0,0
WBGene00174601.,0,0,0
WBGene00174602.,0,10,10
WBGene00174603.,0,0,0
WBGene00174604.,0,0,0
WBGene00174605.,0,0,0
WBGene00174606.,0,0,0
WBGene00174607.,0,6,6
WBGene00174608.,0,0,0
WBGene00174609.,0,0,0
WBGene00174610.,0,0,0
WBGene00174611.,0,0,0
WBGene00174612.,0,0,0
WBGene00174613.,0,0,0
WBGene00174614.,0,0,0
WBGene00174615.,0,2,2
WBGene00174616.,0,0,0
WBGene00174617.,0,0,0
WBGene00174618.,0,0,0
WBGene00174619.,0,0,0
WBGene00174620.,0,0,0
WBGene00174621.,0,0,0
WBGene00174622.,0,1,1
WBGene00174623.,0,0,0
WBGene00174624.,0,0,0
WBGene00174625.,0,0,0
WBGene00174626.,0,0,0
WBGene00174627.,0,0,0
WBGene00174628.,0,0,0
WBGene00174629.,0,0,0
WBGene00174630.,0,0,0
WBGene00174631.,0,8,8
WBGene00174632.,0,0,0
WBGene00174633.,0,0,0
WBGene00174634.,0,0,0
WBGene00174635.,0,0,0
WBGene00174636.,0,0,0
WBGene00174637.,0,0,0
WBGene00174638.,0,1,1
WBGene00174639.,0,0,0
WBGene00174640.,0,0,0
WBGene00174641.,0,0,0
WBGene00174642.,0,0,0
WBGene00174643.,0,0,0
WBGene00174644.,0,0,0
WBGene00174645.,0,0,0
WBGene00174646.,0,0,0
WBGene00174647.,0,0,0
WBGene00174648.,0,0,0
WBGene00174649.,0,0,0
WBGene00174650.,0,0,0
WBGene00174651.,0,0,0
WBGene00174652.,0,0,0
WBGene00174653.,0,22,22
WBGene00174654.,0,0,0
WBGene00174655.,0,0,0
WBGene00174656.,0,0,0
WBGene00174657.,0,0,0
WBGene00174658.,0,0,0
WBGene00174659.,0,0,0
WBGene00174660.,0,0,0
WBGene00174661.,0,0,0
WBGene00174662.,0,0,0
WBGene00174663.,0,0,0
WBGene00174664.,0,0,0
WBGene00174665.,0,0,0
WBGene00174666.,0,0,0
WBGene00174667.,0,0,0
WBGene00174668.,0,0,0
WBGene00174669.,0,0,0
WBGene00174670.,0,0,0
WBGene00174671.,0,0,0
WBGene00174672.,0,0,0
WBGene00174673.,0,63,63
WBGene00174674.,0,0,0
WBGene00174675.,0,0,0
WBGene00174676.,0,6,6
WBGene00174677.,0,2,2
WBGene00174678.,0,0,0
WBGene00174679.,0,0,0
WBGene00174680.,0,0,0
WBGene00174681.,0,0,0
WBGene00174682.,0,0,0
WBGene00174683.,0,0,0
WBGene00174684.,0,0,0
WBGene00174685.,0,0,0
WBGene00174686.,0,1,1
WBGene00174687.,0,0,0
WBGene00174688.,0,0,0
WBGene00174689.,0,0,0
WBGene00174690.,0,0,0
WBGene00174691.,0,0,0
WBGene00174692.,0,9,9
WBGene00174693.,0,0,0
WBGene00174694.,0,0,0
WBGene00174695.,0,6,6
WBGene00174696.,0,0,0
WBGene00174697.,0,0,0
WBGene00174698.,0,1,1
WBGene00174699.,0,0,0
WBGene00174700.,0,0,0
WBGene00174701.,0,1,1
WBGene00174702.,0,9,9
WBGene00174703.,0,0,0
WBGene00174704.,0,0,0
WBGene00174705.,0,0,0
WBGene00174706.,0,0,0
WBGene00174707.,0,2,2
WBGene00174708.,0,0,0
WBGene00174709.,0,0,0
WBGene00174710.,0,37,37
WBGene00174711.,0,0,0
WBGene00174712.,0,1,1
WBGene00174713.,0,0,0
WBGene00174714.,0,0,0
WBGene00174715.,0,0,0
WBGene00174716.,0,0,0
WBGene00174717.,0,0,0
WBGene00174718.,0,0,0
WBGene00174719.,0,0,0
WBGene00174720.,0,0,0
WBGene00174721.,0,0,0
WBGene00174722.,0,0,0
WBGene00174723.,0,0,0
WBGene00174724.,0,0,0
WBGene00174725.,0,0,0
WBGene00174726.,0,5,5
WBGene00174727.,0,1,1
WBGene00174728.,0,0,0
WBGene00174729.,0,0,0
WBGene00174730.,0,0,0
WBGene00174731.,0,0,0
WBGene00174732.,0,0,0
WBGene00174733.,0,0,0
WBGene00174734.,0,0,0
WBGene00174735.,0,1,1
WBGene00174736.,0,0,0
WBGene00174737.,0,0,0
WBGene00174738.,0,1,1
WBGene00174739.,0,1,1
WBGene00174740.,0,0,0
WBGene00174741.,0,12,12
WBGene00174742.,0,0,0
WBGene00174743.,0,0,0
WBGene00174744.,0,0,0
WBGene00174745.,0,0,0
WBGene00174746.,0,1,1
WBGene00174747.,0,0,0
WBGene00174748.,0,0,0
WBGene00174749.,0,0,0
WBGene00174750.,0,0,0
WBGene00174751.,0,0,0
WBGene00174752.,0,0,0
WBGene00174753.,0,0,0
WBGene00174754.,0,0,0
WBGene00174755.,0,0,0
WBGene00174756.,0,0,0
WBGene00174757.,0,0,0
WBGene00174758.,0,0,0
WBGene00174759.,0,0,0
WBGene00174760.,0,0,0
WBGene00174761.,0,0,0
WBGene00174762.,0,0,0
WBGene00174763.,0,1,1
WBGene00174764.,0,0,0
WBGene00174765.,0,0,0
WBGene00174766.,0,0,0
WBGene00174767.,0,0,0
WBGene00174768.,0,3,3
WBGene00174769.,0,2,2
WBGene00174770.,0,0,0
WBGene00174771.,0,0,0
WBGene00174772.,0,0,0
WBGene00174773.,0,0,0
WBGene00174774.,0,0,0
WBGene00174775.,0,0,0
WBGene00174776.,0,0,0
WBGene00174777.,0,0,0
WBGene00174778.,0,0,0
WBGene00174779.,0,2,2
WBGene00174780.,0,0,0
WBGene00174781.,0,0,0
WBGene00174782.,0,0,0
WBGene00174783.,0,0,0
WBGene00174784.,0,0,0
WBGene00174785.,0,0,0
WBGene00174786.,0,0,0
WBGene00174787.,0,0,0
WBGene00174788.,0,0,0
WBGene00174789.,0,0,0
WBGene00174790.,0,0,0
WBGene00174791.,0,0,0
WBGene00174792.,0,0,0
WBGene00174793.,0,0,0
WBGene00174794.,0,0,0
WBGene00174795.,0,0,0
WBGene00174796.,0,0,0
WBGene00174797.,0,0,0
WBGene00174798.,0,2,2
WBGene00174799.,0,0,0
WBGene00174800.,0,1,1
WBGene00174801.,0,0,0
WBGene00174802.,0,0,0
WBGene00174803.,0,0,0
WBGene00174804.,0,0,0
WBGene00174805.,0,0,0
WBGene00174806.,0,0,0
WBGene00174807.,0,0,0
WBGene00174808.,0,2,2
WBGene00174809.,0,0,0
WBGene00174810.,0,0,0
WBGene00174811.,0,2,2
WBGene00174812.,0,0,0
WBGene00174813.,0,8,8
WBGene00174814.,0,0,0
WBGene00174815.,0,0,0
WBGene00174816.,0,0,0
WBGene00174817.,0,0,0
WBGene00174818.,0,0,0
WBGene00174819.,0,0,0
WBGene00174820.,0,0,0
WBGene00174821.,0,26,26
WBGene00174822.,0,0,0
WBGene00174823.,0,0,0
WBGene00174824.,0,0,0
WBGene00174825.,0,0,0
WBGene00174826.,0,0,0
WBGene00174827.,0,0,0
WBGene00174828.,0,0,0
WBGene00174829.,0,0,0
WBGene00174830.,0,0,0
WBGene00174831.,0,0,0
WBGene00174832.,0,0,0
WBGene00174833.,0,26,26
WBGene00174834.,0,0,0
WBGene00174835.,0,0,0
WBGene00174836.,0,0,0
WBGene00174837.,0,1,1
WBGene00174838.,0,1,1
WBGene00174839.,0,1,1
WBGene00174840.,0,0,0
WBGene00174841.,0,3,3
WBGene00174842.,0,0,0
WBGene00174843.,0,0,0
WBGene00174844.,0,0,0
WBGene00174845.,0,0,0
WBGene00174846.,0,0,0
WBGene00174847.,0,0,0
WBGene00174848.,0,0,0
WBGene00174849.,0,0,0
WBGene00174850.,0,3,3
WBGene00174851.,0,1,1
WBGene00174852.,0,0,0
WBGene00174853.,0,0,0
WBGene00174854.,0,0,0
WBGene00174855.,0,0,0
WBGene00174856.,0,0,0
WBGene00174857.,0,2,2
WBGene00174858.,0,0,0
WBGene00174859.,0,1,1
WBGene00174860.,0,0,0
WBGene00174861.,0,0,0
WBGene00174862.,0,0,0
WBGene00174863.,0,0,0
WBGene00174864.,0,0,0
WBGene00174865.,0,0,0
WBGene00174866.,0,0,0
WBGene00174867.,0,0,0
WBGene00174868.,0,0,0
WBGene00174869.,0,0,0
WBGene00174870.,0,0,0
WBGene00174871.,0,0,0
WBGene00174872.,0,8,8
WBGene00174873.,0,2,2
WBGene00174874.,0,4,4
WBGene00174875.,0,0,0
WBGene00174876.,0,0,0
WBGene00174877.,0,1,1
WBGene00174878.,0,1,1
WBGene00174879.,0,0,0
WBGene00174880.,0,0,0
WBGene00174881.,0,0,0
WBGene00174882.,0,0,0
WBGene00174883.,0,0,0
WBGene00174884.,0,14,14
WBGene00174885.,0,0,0
WBGene00174886.,0,2,2
WBGene00174887.,0,0,0
WBGene00174888.,0,0,0
WBGene00174889.,0,0,0
WBGene00174890.,0,2,2
WBGene00174891.,0,3,3
WBGene00174892.,0,0,0
WBGene00174893.,0,0,0
WBGene00174894.,0,0,0
WBGene00174895.,0,8,8
WBGene00174896.,0,0,0
WBGene00174897.,0,0,0
WBGene00174898.,0,0,0
WBGene00174899.,0,0,0
WBGene00174900.,0,3,3
WBGene00174901.,0,0,0
WBGene00174902.,0,1,1
WBGene00174903.,0,0,0
WBGene00174904.,0,0,0
WBGene00174905.,0,0,0
WBGene00174906.,0,0,0
WBGene00174907.,0,0,0
WBGene00174908.,0,0,0
WBGene00174909.,0,0,0
WBGene00174910.,0,1,1
WBGene00174911.,0,0,0
WBGene00174912.,0,0,0
WBGene00174913.,0,0,0
WBGene00174914.,0,0,0
WBGene00174915.,0,0,0
WBGene00174916.,0,0,0
WBGene00174917.,0,0,0
WBGene00174918.,0,0,0
WBGene00174919.,0,0,0
WBGene00174920.,0,0,0
WBGene00174921.,0,0,0
WBGene00174922.,0,0,0
WBGene00174923.,0,0,0
WBGene00174924.,0,0,0
WBGene00174925.,0,0,0
WBGene00174926.,0,0,0
WBGene00174927.,0,0,0
WBGene00174928.,0,0,0
WBGene00174929.,0,0,0
WBGene00174930.,0,0,0
WBGene00174931.,0,2,2
WBGene00174932.,0,0,0
WBGene00174933.,0,0,0
WBGene00174934.,0,0,0
WBGene00174935.,0,0,0
WBGene00174936.,0,0,0
WBGene00174937.,0,4,4
WBGene00174938.,0,1,1
WBGene00174939.,0,0,0
WBGene00174940.,0,0,0
WBGene00174941.,0,0,0
WBGene00174942.,0,0,0
WBGene00174943.,0,0,0
WBGene00174944.,0,3,3
WBGene00174945.,0,0,0
WBGene00174946.,0,0,0
WBGene00174947.,0,0,0
WBGene00174948.,0,0,0
WBGene00174949.,0,2,2
WBGene00174950.,0,0,0
WBGene00174951.,0,0,0
WBGene00174952.,0,0,0
WBGene00174953.,0,0,0
WBGene00174954.,0,0,0
WBGene00174955.,0,4,4
WBGene00174956.,0,0,0
WBGene00174957.,0,0,0
WBGene00174958.,0,0,0
WBGene00174959.,0,0,0
WBGene00174960.,0,0,0
WBGene00174961.,0,1,1
WBGene00174962.,0,0,0
WBGene00174963.,0,0,0
WBGene00174964.,0,1,1
WBGene00174965.,0,0,0
WBGene00174966.,0,0,0
WBGene00174967.,0,0,0
WBGene00174968.,0,0,0
WBGene00174969.,0,0,0
WBGene00174970.,0,0,0
WBGene00174971.,0,37,37
WBGene00174972.,0,1,1
WBGene00174973.,0,0,0
WBGene00174974.,0,0,0
WBGene00174975.,0,0,0
WBGene00174976.,0,0,0
WBGene00174977.,0,0,0
WBGene00174978.,0,0,0
WBGene00174979.,0,0,0
WBGene00174980.,0,0,0
WBGene00174981.,0,0,0
WBGene00174982.,0,3,3
WBGene00174983.,0,1,1
WBGene00174984.,0,0,0
WBGene00174985.,0,0,0
WBGene00174986.,0,0,0
WBGene00174987.,0,0,0
WBGene00174988.,0,5,5
WBGene00174989.,0,0,0
WBGene00174990.,0,0,0
WBGene00174991.,0,0,0
WBGene00174992.,0,0,0
WBGene00174993.,0,0,0
WBGene00174994.,0,0,0
WBGene00174995.,0,0,0
WBGene00174996.,0,0,0
WBGene00174997.,0,0,0
WBGene00174998.,0,0,0
WBGene00174999.,0,0,0
WBGene00175000.,0,0,0
WBGene00175001.,0,0,0
WBGene00175002.,0,0,0
WBGene00175003.,0,0,0
WBGene00175004.,0,0,0
WBGene00175005.,0,3,3
WBGene00175006.,0,4,4
WBGene00175007.,0,1,1
WBGene00175008.,0,0,0
WBGene00175009.,0,0,0
WBGene00175010.,0,1,1
WBGene00175011.,0,0,0
WBGene00175012.,0,0,0
WBGene00175013.,0,0,0
WBGene00175014.,0,0,0
WBGene00175015.,0,0,0
WBGene00175016.,0,0,0
WBGene00175017.,0,0,0
WBGene00175018.,0,0,0
WBGene00175019.,0,0,0
WBGene00175020.,0,0,0
WBGene00175021.,0,0,0
WBGene00175022.,0,0,0
WBGene00175023.,0,0,0
WBGene00175024.,0,0,0
WBGene00175025.,0,2,2
WBGene00175027.,58,167,225
WBGene00175028.,0,0,0
WBGene00175029.,93,339,432
WBGene00175030.,13,1056,1069
WBGene00175031.,6,4,10
WBGene00175034.,35,311,346
WBGene00175035.,55,510,565
WBGene00175036.,0,35,35
WBGene00184956.,2,14,16
WBGene00184990.,12,192,204
WBGene00185001.,133,1575,1708
WBGene00185002.,42,105,147
WBGene00185005.,11,550,561
WBGene00185006.,5,6,11
WBGene00185014.,113,490,603
WBGene00185048.,176,2234,2410
WBGene00185055.,1,5,6
WBGene00185067.,0,4,4
WBGene00185076.,139,704,843
WBGene00185077.,0,34,34
WBGene00185078.,673,270,943
WBGene00185079.,114,1354,1468
WBGene00185086.,7,119,126
WBGene00185088.,16,391,407
WBGene00185089.,6,49,55
WBGene00185092.,3,2,5
WBGene00185093.,1,2,3
WBGene00185095.,0,15,15
WBGene00185096.,0,0,0
WBGene00185097.,0,1,1
WBGene00185098.,51,441,492
WBGene00185100.,3,4,7
WBGene00185101.,6,5,11
WBGene00185102.,57,771,828
WBGene00185116.,0,2,2
WBGene00185117.,16,95,111
WBGene00185118.,890,2686,3576
WBGene00185119.,2,2,4
WBGene00189930.,2,0,2
WBGene00189931.,0,0,0
WBGene00189932.,0,0,0
WBGene00189933.,9,17,26
WBGene00189937.,0,0,0
WBGene00189943.,1,0,1
WBGene00189944.,26,69,95
WBGene00189946.,0,0,0
WBGene00189947.,0,0,0
WBGene00189948.,0,11,11
WBGene00189949.,24,17,41
WBGene00189950.,6,0,6
WBGene00189951.,50,329,379
WBGene00189952.,18,131,149
WBGene00189953.,0,2,2
WBGene00189954.,0,4,4
WBGene00189955.,0,0,0
WBGene00189956.,25,11,36
WBGene00189957.,21,32,53
WBGene00189958.,36,1506,1542
WBGene00189961.,7,9,16
WBGene00189964.,0,0,0
WBGene00189966.,0,0,0
WBGene00189967.,0,0,0
WBGene00189968.,0,0,0
WBGene00189969.,0,0,0
WBGene00189970.,0,0,0
WBGene00189971.,0,0,0
WBGene00189972.,0,0,0
WBGene00189973.,0,0,0
WBGene00189974.,0,0,0
WBGene00189975.,0,0,0
WBGene00189976.,0,0,0
WBGene00189977.,0,0,0
WBGene00189978.,0,0,0
WBGene00189979.,0,0,0
WBGene00189980.,0,0,0
WBGene00189981.,0,0,0
WBGene00189982.,0,0,0
WBGene00189983.,0,0,0
WBGene00189984.,0,0,0
WBGene00189985.,0,0,0
WBGene00189986.,0,0,0
WBGene00189987.,6,7,13
WBGene00189993.,1,7,8
WBGene00189995.,0,0,0
WBGene00194641.,296,2389,2685
WBGene00194642.,218,1051,1269
WBGene00194643.,56,38,94
WBGene00194644.,44,123,167
WBGene00194645.,0,0,0
WBGene00194646.,0,1,1
WBGene00194647.,5,3,8
WBGene00194649.,4,60,64
WBGene00194650.,10,18,28
WBGene00194651.,120,1100,1220
WBGene00194652.,13,12,25
WBGene00194653.,1,2,3
WBGene00194654.,2,2,4
WBGene00194656.,0,2,2
WBGene00194657.,69,465,534
WBGene00194658.,49,411,460
WBGene00194659.,17,84,101
WBGene00194660.,0,35,35
WBGene00194661.,6,16,22
WBGene00194663.,0,14,14
WBGene00194664.,9,83,92
WBGene00194665.,36,22,58
WBGene00194666.,0,0,0
WBGene00194667.,39,215,254
WBGene00194668.,0,0,0
WBGene00194669.,11,15,26
WBGene00194670.,1,2,3
WBGene00194672.,0,11,11
WBGene00194673.,2,1,3
WBGene00194674.,2,27,29
WBGene00194675.,0,6,6
WBGene00194676.,9,21,30
WBGene00194677.,10,9,19
WBGene00194678.,0,1,1
WBGene00194679.,15,240,255
WBGene00194680.,43,1392,1435
WBGene00194681.,238,2714,2952
WBGene00194682.,9,42,51
WBGene00194683.,52,601,653
WBGene00194684.,2,5,7
WBGene00194686.,2,0,2
WBGene00194687.,1,1,2
WBGene00194689.,25,326,351
WBGene00194690.,15,33,48
WBGene00194691.,12,12,24
WBGene00194692.,183,3153,3336
WBGene00194695.,0,1,1
WBGene00194696.,1,0,1
WBGene00194697.,15,84,99
WBGene00194698.,0,0,0
WBGene00194699.,0,16,16
WBGene00194700.,4,15,19
WBGene00194701.,2,1,3
WBGene00194702.,12,4,16
WBGene00194703.,0,14,14
WBGene00194704.,0,0,0
WBGene00194706.,47,516,563
WBGene00194707.,36,1210,1246
WBGene00194708.,0,7,7
WBGene00194710.,179,980,1159
WBGene00194711.,2,1,3
WBGene00194712.,44,73,117
WBGene00194713.,0,340,340
WBGene00194714.,0,0,0
WBGene00194715.,1,1,2
WBGene00194716.,0,33,33
WBGene00194717.,1,3,4
WBGene00194725.,0,16,16
WBGene00194726.,5,13,18
WBGene00194727.,7,13,20
WBGene00194729.,13,117,130
WBGene00194730.,10,0,10
WBGene00194731.,48,124,172
WBGene00194733.,0,1,1
WBGene00194734.,0,1,1
WBGene00194735.,3,3,6
WBGene00194737.,19,5,24
WBGene00194738.,0,2,2
WBGene00194742.,6,103,109
WBGene00194744.,0,8,8
WBGene00194746.,2,3,5
WBGene00194747.,109,1946,2055
WBGene00194748.,0,450,450
WBGene00194759.,0,0,0
WBGene00194768.,0,4,4
WBGene00194769.,16,11,27
WBGene00194771.,3,0,3
WBGene00194780.,0,0,0
WBGene00194783.,1,0,1
WBGene00194784.,2,5,7
WBGene00194785.,5,5,10
WBGene00194786.,15,1,16
WBGene00194787.,0,1,1
WBGene00194788.,0,2,2
WBGene00194792.,3,10,13
WBGene00194793.,9,22,31
WBGene00194794.,0,27,27
WBGene00194795.,2,23,25
WBGene00194799.,0,0,0
WBGene00194800.,0,5,5
WBGene00194801.,0,1,1
WBGene00194802.,0,0,0
WBGene00194803.,1,12,13
WBGene00194804.,0,12,12
WBGene00194805.,0,0,0
WBGene00194806.,0,30,30
WBGene00194807.,0,15,15
WBGene00194808.,0,0,0
WBGene00194809.,0,0,0
WBGene00194810.,0,25,25
WBGene00194811.,0,1,1
WBGene00194812.,0,80,80
WBGene00194814.,20,377,397
WBGene00194815.,15,13,28
WBGene00194816.,3,18,21
WBGene00194821.,2,3,5
WBGene00194822.,0,0,0
WBGene00194823.,0,0,0
WBGene00194824.,0,0,0
WBGene00194825.,0,1,1
WBGene00194826.,0,0,0
WBGene00194827.,0,10,10
WBGene00194828.,0,0,0
WBGene00194829.,0,0,0
WBGene00194830.,0,20,20
WBGene00194831.,0,0,0
WBGene00194832.,2,71,73
WBGene00194833.,0,7,7
WBGene00194834.,0,0,0
WBGene00194835.,8,77,85
WBGene00194836.,1174,384,1558
WBGene00194839.,0,1,1
WBGene00194840.,0,0,0
WBGene00194841.,0,1,1
WBGene00194842.,14,3,17
WBGene00194843.,5,5,10
WBGene00194844.,1,6,7
WBGene00194847.,1,2,3
WBGene00194848.,5,4,9
WBGene00194849.,18,55,73
WBGene00194850.,2,2,4
WBGene00194851.,0,0,0
WBGene00194852.,10,63,73
WBGene00194853.,3,3,6
WBGene00194854.,4,0,4
WBGene00194855.,16,105,121
WBGene00194856.,523,265,788
WBGene00194861.,6,12,18
WBGene00194864.,0,1,1
WBGene00194865.,4,2,6
WBGene00194866.,47,85,132
WBGene00194867.,0,3,3
WBGene00194868.,27,16,43
WBGene00194869.,0,1179,1179
WBGene00194870.,19,40,59
WBGene00194871.,4,0,4
WBGene00194883.,97,2052,2149
WBGene00194884.,5,1,6
WBGene00194885.,0,0,0
WBGene00194886.,3,29,32
WBGene00194888.,0,6,6
WBGene00194890.,25,0,25
WBGene00194891.,1,6,7
WBGene00194892.,29,135,164
WBGene00194894.,1,1,2
WBGene00194895.,6,335,341
WBGene00194896.,236,3,239
WBGene00194898.,1,0,1
WBGene00194902.,8,7,15
WBGene00194905.,74,360,434
WBGene00194906.,8,15,23
WBGene00194907.,0,4,4
WBGene00194908.,125,596,721
WBGene00194909.,44,360,404
WBGene00194910.,74,111,185
WBGene00194912.,1,5,6
WBGene00194913.,167,185,352
WBGene00194914.,0,2,2
WBGene00194915.,25,474,499
WBGene00194916.,4,47,51
WBGene00194917.,5,45,50
WBGene00194918.,3,5,8
WBGene00194919.,8,29,37
WBGene00194920.,2,12,14
WBGene00194921.,72,577,649
WBGene00194922.,0,9,9
WBGene00194923.,0,0,0
WBGene00194924.,0,1,1
WBGene00194925.,0,0,0
WBGene00194926.,18,168,186
WBGene00194927.,0,0,0
WBGene00194928.,24,178,202
WBGene00194929.,0,7,7
WBGene00194930.,0,0,0
WBGene00194931.,0,0,0
WBGene00194932.,0,2,2
WBGene00194933.,0,2,2
WBGene00194934.,9,190,199
WBGene00194935.,0,0,0
WBGene00194939.,1,2,3
WBGene00194940.,1,14,15
WBGene00194945.,0,0,0
WBGene00194951.,0,0,0
WBGene00194952.,1,17,18
WBGene00194955.,123,84,207
WBGene00194957.,0,10,10
WBGene00194981.,7,0,7
WBGene00194982.,63,834,897
WBGene00194983.,1,0,1
WBGene00194984.,0,0,0
WBGene00194985.,0,1,1
WBGene00194986.,0,0,0
WBGene00194987.,0,0,0
WBGene00194988.,0,0,0
WBGene00194989.,0,0,0
WBGene00194990.,0,0,0
WBGene00194991.,0,0,0
WBGene00194992.,0,34,34
WBGene00194993.,0,56,56
WBGene00194994.,0,1,1
WBGene00194995.,0,0,0
WBGene00194996.,0,0,0
WBGene00194997.,0,3,3
WBGene00194998.,7,111,118
WBGene00194999.,0,0,0
WBGene00195000.,0,52,52
WBGene00195001.,0,0,0
WBGene00195002.,0,0,0
WBGene00195003.,0,9,9
WBGene00195004.,38,190,228
WBGene00195005.,0,335,335
WBGene00195006.,5,8,13
WBGene00195007.,0,0,0
WBGene00195008.,0,0,0
WBGene00195009.,4,1,5
WBGene00195010.,0,1,1
WBGene00195011.,42,123,165
WBGene00195012.,16,13,29
WBGene00195016.,0,28,28
WBGene00195017.,0,34,34
WBGene00195018.,0,0,0
WBGene00195019.,0,0,0
WBGene00195020.,0,0,0
WBGene00195021.,0,1,1
WBGene00195022.,0,0,0
WBGene00195023.,0,0,0
WBGene00195024.,0,6,6
WBGene00195025.,0,0,0
WBGene00195026.,0,0,0
WBGene00195027.,0,0,0
WBGene00195028.,0,0,0
WBGene00195029.,0,0,0
WBGene00195030.,0,0,0
WBGene00195031.,0,0,0
WBGene00195032.,0,0,0
WBGene00195033.,0,0,0
WBGene00195034.,0,1,1
WBGene00195035.,0,1,1
WBGene00195036.,0,0,0
WBGene00195037.,0,0,0
WBGene00195038.,0,0,0
WBGene00195039.,0,0,0
WBGene00195040.,0,134,134
WBGene00195043.,0,468,468
WBGene00195045.,3,12,15
WBGene00195046.,25,12,37
WBGene00195048.,2,5,7
WBGene00195049.,25,37,62
WBGene00195050.,8,107,115
WBGene00195051.,0,458,458
WBGene00195056.,156,1903,2059
WBGene00195057.,3,4,7
WBGene00195058.,16,2,18
WBGene00195060.,169,2844,3013
WBGene00195061.,1,1,2
WBGene00195063.,83,2073,2156
WBGene00195064.,7,1,8
WBGene00195065.,0,2,2
WBGene00195067.,18,48,66
WBGene00195068.,48,208,256
WBGene00195069.,3,17,20
WBGene00195070.,0,11,11
WBGene00195071.,0,9,9
WBGene00195072.,0,1,1
WBGene00195073.,296,1486,1782
WBGene00195077.,1,2,3
WBGene00195081.,2,34,36
WBGene00195084.,105,627,732
WBGene00195086.,13,584,597
WBGene00195093.,83,1710,1793
WBGene00195117.,1,2,3
WBGene00195142.,0,778,778
WBGene00195143.,249,513,762
WBGene00195144.,9,231,240
WBGene00195145.,47,90,137
WBGene00195146.,0,631,631
WBGene00195147.,19,42,61
WBGene00195148.,21,10,31
WBGene00195149.,2,5,7
WBGene00195150.,0,3,3
WBGene00195151.,0,5,5
WBGene00195154.,2,12,14
WBGene00195155.,2,10,12
WBGene00195157.,9,8,17
WBGene00195158.,0,1,1
WBGene00195159.,0,67,67
WBGene00195160.,0,0,0
WBGene00195164.,0,23,23
WBGene00195165.,2,1,3
WBGene00195166.,33,1196,1229
WBGene00195168.,0,1,1
WBGene00195169.,15,60,75
WBGene00195170.,4,19,23
WBGene00195171.,1,0,1
WBGene00195172.,1,0,1
WBGene00195174.,6,4,10
WBGene00195175.,0,1187,1187
WBGene00195176.,4,8,12
WBGene00195177.,0,2,2
WBGene00195178.,2,7,9
WBGene00195179.,2,2,4
WBGene00195180.,10,65,75
WBGene00195181.,0,0,0
WBGene00195182.,8,11,19
WBGene00195183.,8,33,41
WBGene00195184.,5,41,46
WBGene00195185.,1159,1419,2578
WBGene00195186.,33,447,480
WBGene00195188.,1,3,4
WBGene00195189.,16,166,182
WBGene00195192.,96,212,308
WBGene00195208.,2,38,40
WBGene00195209.,0,67,67
WBGene00195210.,8,54,62
WBGene00195211.,6,12,18
WBGene00195212.,28,83,111
WBGene00195213.,0,2,2
WBGene00195214.,0,0,0
WBGene00195215.,2,1,3
WBGene00195226.,3,13,16
WBGene00195227.,0,3,3
WBGene00195228.,0,2,2
WBGene00195229.,5,0,5
WBGene00195230.,0,0,0
WBGene00195231.,0,0,0
WBGene00195232.,2,2,4
WBGene00195233.,314,4292,4606
WBGene00195234.,7,2,9
WBGene00195235.,0,2,2
WBGene00195236.,0,0,0
WBGene00195237.,0,0,0
WBGene00195238.,0,2,2
WBGene00195239.,87,1044,1131
WBGene00195240.,0,2,2
WBGene00195241.,0,0,0
WBGene00195242.,1,0,1
WBGene00195243.,0,17,17
WBGene00195244.,1,20,21
WBGene00195245.,0,102,102
WBGene00195246.,16,56,72
WBGene00195247.,0,0,0
WBGene00195248.,37,66,103
WBGene00195250.,1,3,4
WBGene00195252.,22,3,25
WBGene00195253.,29,310,339
WBGene00195254.,0,0,0
WBGene00195255.,23,60,83
WBGene00195256.,5,2,7
WBGene00195257.,180,306,486
WBGene00195258.,0,1,1
WBGene00195259.,0,0,0
WBGene00195260.,0,0,0
WBGene00195261.,0,0,0
WBGene00195262.,0,1,1
WBGene00195263.,0,2,2
WBGene00195264.,0,0,0
WBGene00195265.,0,5,5
WBGene00195266.,0,3,3
WBGene00195267.,0,0,0
WBGene00195268.,0,19,19
WBGene00195269.,0,2,2
WBGene00195270.,0,2,2
WBGene00195271.,0,0,0
WBGene00195272.,0,0,0
WBGene00195273.,0,0,0
WBGene00195274.,0,0,0
WBGene00195275.,0,1,1
WBGene00195276.,0,3,3
WBGene00195277.,0,0,0
WBGene00195278.,0,0,0
WBGene00195279.,0,49,49
WBGene00195280.,0,0,0
WBGene00195281.,0,0,0
WBGene00195282.,0,0,0
WBGene00195283.,0,6,6
WBGene00195284.,0,0,0
WBGene00195285.,0,0,0
WBGene00195286.,0,2,2
WBGene00195287.,0,0,0
WBGene00195288.,0,0,0
WBGene00195289.,0,0,0
WBGene00195290.,0,0,0
WBGene00195291.,0,2,2
WBGene00195292.,0,0,0
WBGene00195293.,0,0,0
WBGene00195294.,0,1,1
WBGene00195295.,0,12,12
WBGene00195296.,0,0,0
WBGene00195297.,0,0,0
WBGene00195298.,0,0,0
WBGene00195299.,0,1,1
WBGene00195300.,0,2,2
WBGene00195301.,0,0,0
WBGene00195302.,0,1,1
WBGene00195303.,0,0,0
WBGene00195304.,0,1,1
WBGene00195305.,0,4,4
WBGene00195306.,0,1,1
WBGene00195307.,0,0,0
WBGene00195308.,0,31,31
WBGene00195309.,0,2,2
WBGene00195310.,0,0,0
WBGene00195311.,0,0,0
WBGene00195312.,0,0,0
WBGene00195313.,0,0,0
WBGene00195314.,0,0,0
WBGene00195315.,0,1,1
WBGene00195316.,0,0,0
WBGene00195317.,0,1,1
WBGene00195318.,0,0,0
WBGene00195319.,0,1,1
WBGene00195320.,0,0,0
WBGene00195321.,0,0,0
WBGene00195322.,0,0,0
WBGene00195323.,0,0,0
WBGene00195324.,0,2,2
WBGene00195325.,0,28,28
WBGene00195326.,0,1,1
WBGene00195327.,0,3,3
WBGene00195328.,0,17,17
WBGene00195329.,0,0,0
WBGene00195330.,0,90,90
WBGene00195331.,0,23,23
WBGene00195332.,0,2,2
WBGene00195333.,0,5,5
WBGene00195334.,0,0,0
WBGene00195335.,0,0,0
WBGene00195336.,0,2,2
WBGene00195337.,0,11,11
WBGene00195338.,0,0,0
WBGene00195339.,0,0,0
WBGene00195340.,0,9,9
WBGene00195341.,0,0,0
WBGene00195342.,0,3,3
WBGene00195343.,0,1,1
WBGene00195344.,0,0,0
WBGene00195345.,0,0,0
WBGene00195346.,0,0,0
WBGene00195347.,0,6,6
WBGene00195348.,0,0,0
WBGene00195349.,0,0,0
WBGene00195350.,0,0,0
WBGene00195351.,0,10,10
WBGene00195352.,0,1,1
WBGene00195353.,0,0,0
WBGene00195354.,0,53,53
WBGene00195355.,0,0,0
WBGene00195356.,0,102,102
WBGene00195357.,0,1,1
WBGene00195358.,0,0,0
WBGene00195359.,0,9,9
WBGene00195360.,0,3,3
WBGene00195361.,0,0,0
WBGene00195362.,0,0,0
WBGene00195363.,0,51,51
WBGene00195364.,0,8,8
WBGene00195365.,0,0,0
WBGene00195366.,0,42,42
WBGene00195367.,0,0,0
WBGene00195368.,0,0,0
WBGene00195369.,0,2,2
WBGene00195370.,0,16,16
WBGene00195371.,0,7,7
WBGene00195372.,0,11,11
WBGene00195373.,0,1,1
WBGene00195374.,0,2,2
WBGene00195375.,0,0,0
WBGene00195376.,0,1,1
WBGene00195377.,0,0,0
WBGene00195378.,0,10,10
WBGene00195379.,0,0,0
WBGene00195380.,0,0,0
WBGene00195381.,0,1,1
WBGene00195382.,0,5,5
WBGene00195383.,0,0,0
WBGene00195384.,0,1,1
WBGene00195385.,0,1,1
WBGene00195386.,0,3,3
WBGene00195387.,0,0,0
WBGene00195388.,0,2,2
WBGene00195389.,0,4,4
WBGene00195390.,0,2,2
WBGene00195391.,0,4,4
WBGene00195392.,0,2,2
WBGene00195393.,0,0,0
WBGene00195394.,0,53,53
WBGene00195395.,0,0,0
WBGene00195396.,0,3,3
WBGene00195397.,0,3,3
WBGene00195398.,0,12,12
WBGene00195399.,0,1,1
WBGene00195400.,0,6,6
WBGene00195401.,0,1,1
WBGene00195402.,0,6,6
WBGene00195403.,0,1,1
WBGene00195404.,0,0,0
WBGene00195405.,0,31,31
WBGene00195406.,0,16,16
WBGene00195407.,0,0,0
WBGene00195408.,0,2,2
WBGene00195409.,0,0,0
WBGene00195410.,0,0,0
WBGene00195411.,0,0,0
WBGene00195412.,0,1,1
WBGene00195413.,0,1,1
WBGene00195414.,0,16,16
WBGene00195415.,0,0,0
WBGene00195416.,0,17,17
WBGene00195417.,0,9,9
WBGene00195418.,0,0,0
WBGene00195419.,0,2,2
WBGene00195420.,0,0,0
WBGene00195421.,0,29,29
WBGene00195422.,0,0,0
WBGene00195423.,0,4,4
WBGene00195424.,0,7,7
WBGene00195425.,0,0,0
WBGene00195426.,0,20,20
WBGene00195427.,0,3,3
WBGene00195428.,0,2,2
WBGene00195429.,0,2,2
WBGene00195430.,0,1,1
WBGene00195431.,0,0,0
WBGene00195432.,0,1,1
WBGene00195433.,0,0,0
WBGene00195434.,0,0,0
WBGene00195435.,0,0,0
WBGene00195436.,0,70,70
WBGene00195437.,0,0,0
WBGene00195438.,0,12,12
WBGene00195439.,0,0,0
WBGene00195440.,0,3,3
WBGene00195441.,0,8,8
WBGene00195442.,0,5,5
WBGene00195443.,0,0,0
WBGene00195444.,0,1,1
WBGene00195445.,0,0,0
WBGene00195446.,0,0,0
WBGene00195447.,0,2,2
WBGene00195448.,0,147,147
WBGene00195449.,0,0,0
WBGene00195450.,0,1,1
WBGene00195451.,0,0,0
WBGene00195452.,0,1,1
WBGene00195453.,0,76,76
WBGene00195454.,0,108,108
WBGene00195455.,0,0,0
WBGene00195456.,0,11,11
WBGene00195457.,0,0,0
WBGene00195458.,0,0,0
WBGene00195459.,0,0,0
WBGene00195460.,0,0,0
WBGene00195461.,0,0,0
WBGene00195462.,0,0,0
WBGene00195463.,0,0,0
WBGene00195464.,0,1,1
WBGene00195465.,0,0,0
WBGene00195466.,0,0,0
WBGene00195467.,0,0,0
WBGene00195468.,0,1,1
WBGene00195469.,0,0,0
WBGene00195470.,0,0,0
WBGene00195471.,0,17,17
WBGene00195472.,0,5,5
WBGene00195473.,0,0,0
WBGene00195474.,0,10,10
WBGene00195475.,0,0,0
WBGene00195476.,0,1,1
WBGene00195477.,0,0,0
WBGene00195478.,0,0,0
WBGene00195479.,0,5,5
WBGene00195480.,0,1,1
WBGene00195481.,0,0,0
WBGene00195482.,0,0,0
WBGene00195483.,0,4,4
WBGene00195484.,0,29,29
WBGene00195485.,0,4,4
WBGene00195486.,0,3,3
WBGene00195487.,0,2,2
WBGene00195488.,0,0,0
WBGene00195489.,0,0,0
WBGene00195490.,0,2,2
WBGene00195491.,0,2,2
WBGene00195492.,0,0,0
WBGene00195493.,0,2,2
WBGene00195494.,0,6,6
WBGene00195495.,0,87,87
WBGene00195496.,0,1,1
WBGene00195497.,0,4,4
WBGene00195498.,0,0,0
WBGene00195499.,0,1,1
WBGene00195500.,0,5,5
WBGene00195501.,0,6,6
WBGene00195502.,0,0,0
WBGene00195503.,0,0,0
WBGene00195504.,0,2,2
WBGene00195505.,0,0,0
WBGene00195506.,0,0,0
WBGene00195507.,0,1,1
WBGene00195508.,0,2,2
WBGene00195509.,0,5,5
WBGene00195510.,0,1,1
WBGene00195511.,0,9,9
WBGene00195512.,0,5,5
WBGene00195513.,0,1,1
WBGene00195514.,0,0,0
WBGene00195515.,0,2,2
WBGene00195516.,0,0,0
WBGene00195517.,0,2,2
WBGene00195518.,0,1,1
WBGene00195519.,0,0,0
WBGene00195520.,0,41,41
WBGene00195521.,0,5,5
WBGene00195522.,0,0,0
WBGene00195523.,0,0,0
WBGene00195524.,0,2,2
WBGene00195525.,0,5,5
WBGene00195526.,0,0,0
WBGene00195527.,0,1,1
WBGene00195528.,0,2,2
WBGene00195529.,0,2,2
WBGene00195530.,0,0,0
WBGene00195531.,0,6,6
WBGene00195532.,0,0,0
WBGene00195533.,0,0,0
WBGene00195534.,0,0,0
WBGene00195535.,0,0,0
WBGene00195536.,0,10,10
WBGene00195537.,0,0,0
WBGene00195538.,0,0,0
WBGene00195539.,0,0,0
WBGene00195540.,0,0,0
WBGene00195541.,0,3,3
WBGene00195542.,0,75,75
WBGene00195543.,0,58,58
WBGene00195544.,0,0,0
WBGene00195545.,0,0,0
WBGene00195546.,0,0,0
WBGene00195547.,0,2,2
WBGene00195548.,0,1,1
WBGene00195549.,0,0,0
WBGene00195550.,0,25,25
WBGene00195551.,0,1,1
WBGene00195552.,0,34,34
WBGene00195553.,0,0,0
WBGene00195554.,0,0,0
WBGene00195555.,0,6,6
WBGene00195556.,0,0,0
WBGene00195557.,0,0,0
WBGene00195558.,0,0,0
WBGene00195559.,0,16,16
WBGene00195560.,0,5,5
WBGene00195561.,0,50,50
WBGene00195562.,0,8,8
WBGene00195563.,0,9,9
WBGene00195564.,0,5,5
WBGene00195565.,0,0,0
WBGene00195566.,0,3,3
WBGene00195567.,0,0,0
WBGene00195568.,0,3,3
WBGene00195569.,0,0,0
WBGene00195570.,0,34,34
WBGene00195571.,0,0,0
WBGene00195572.,0,3,3
WBGene00195573.,0,0,0
WBGene00195574.,0,7,7
WBGene00195575.,0,2,2
WBGene00195576.,0,0,0
WBGene00195577.,0,1,1
WBGene00195578.,0,7,7
WBGene00195579.,0,0,0
WBGene00195580.,0,1,1
WBGene00195581.,0,0,0
WBGene00195582.,0,0,0
WBGene00195583.,0,0,0
WBGene00195584.,0,0,0
WBGene00195585.,0,0,0
WBGene00195586.,0,70,70
WBGene00195587.,0,0,0
WBGene00195588.,0,145,145
WBGene00195589.,0,0,0
WBGene00195590.,0,12,12
WBGene00195591.,0,19,19
WBGene00195592.,0,0,0
WBGene00195593.,0,7,7
WBGene00195594.,0,2,2
WBGene00195595.,0,0,0
WBGene00195596.,0,7,7
WBGene00195597.,0,0,0
WBGene00195598.,0,1,1
WBGene00195599.,0,0,0
WBGene00195600.,0,0,0
WBGene00195601.,0,16,16
WBGene00195602.,0,0,0
WBGene00195603.,0,0,0
WBGene00195604.,0,0,0
WBGene00195605.,0,0,0
WBGene00195606.,0,3,3
WBGene00195607.,0,0,0
WBGene00195608.,0,0,0
WBGene00195609.,0,0,0
WBGene00195610.,0,0,0
WBGene00195611.,0,0,0
WBGene00195612.,0,0,0
WBGene00195613.,0,11,11
WBGene00195614.,0,1,1
WBGene00195615.,0,20,20
WBGene00195616.,0,24,24
WBGene00195617.,0,0,0
WBGene00195618.,0,3,3
WBGene00195619.,0,1,1
WBGene00195620.,0,0,0
WBGene00195621.,0,4,4
WBGene00195622.,0,1,1
WBGene00195623.,0,28,28
WBGene00195624.,0,0,0
WBGene00195625.,0,0,0
WBGene00195626.,0,0,0
WBGene00195627.,0,0,0
WBGene00195628.,0,9,9
WBGene00195629.,0,0,0
WBGene00195630.,0,20,20
WBGene00195631.,0,0,0
WBGene00195632.,0,1,1
WBGene00195633.,0,0,0
WBGene00195634.,0,0,0
WBGene00195635.,0,0,0
WBGene00195636.,0,20,20
WBGene00195637.,0,2,2
WBGene00195638.,0,0,0
WBGene00195639.,0,9,9
WBGene00195640.,0,0,0
WBGene00195641.,0,1,1
WBGene00195642.,0,1,1
WBGene00195643.,0,0,0
WBGene00195644.,0,0,0
WBGene00195645.,0,8,8
WBGene00195646.,0,1,1
WBGene00195647.,0,50,50
WBGene00195648.,0,105,105
WBGene00195649.,0,0,0
WBGene00195650.,0,2,2
WBGene00195651.,0,32,32
WBGene00195652.,0,0,0
WBGene00195653.,0,0,0
WBGene00195654.,0,1,1
WBGene00195655.,0,0,0
WBGene00195656.,0,79,79
WBGene00195657.,0,4,4
WBGene00195658.,0,0,0
WBGene00195659.,0,8,8
WBGene00195660.,0,0,0
WBGene00195661.,0,8,8
WBGene00195662.,0,2,2
WBGene00195663.,0,2,2
WBGene00195664.,0,1,1
WBGene00195665.,0,1,1
WBGene00195666.,0,2,2
WBGene00195667.,0,2,2
WBGene00195668.,0,0,0
WBGene00195669.,0,0,0
WBGene00195670.,0,10,10
WBGene00195671.,0,1,1
WBGene00195672.,0,0,0
WBGene00195673.,0,1,1
WBGene00195674.,0,2,2
WBGene00195675.,0,0,0
WBGene00195676.,0,0,0
WBGene00195677.,0,2,2
WBGene00195678.,0,0,0
WBGene00195679.,0,0,0
WBGene00195680.,0,0,0
WBGene00195681.,0,0,0
WBGene00195682.,0,0,0
WBGene00195683.,0,0,0
WBGene00195684.,0,0,0
WBGene00195685.,0,7,7
WBGene00195686.,0,0,0
WBGene00195687.,0,11,11
WBGene00195688.,0,0,0
WBGene00195689.,0,19,19
WBGene00195690.,0,0,0
WBGene00195691.,0,14,14
WBGene00195692.,0,0,0
WBGene00195693.,0,25,25
WBGene00195694.,0,9,9
WBGene00195695.,0,0,0
WBGene00195696.,0,0,0
WBGene00195697.,0,0,0
WBGene00195698.,0,0,0
WBGene00195699.,0,0,0
WBGene00195700.,0,3,3
WBGene00195701.,0,0,0
WBGene00195702.,0,0,0
WBGene00195703.,0,1,1
WBGene00195704.,0,5,5
WBGene00195705.,0,39,39
WBGene00195706.,0,0,0
WBGene00195707.,0,0,0
WBGene00195708.,0,13,13
WBGene00195709.,0,0,0
WBGene00195710.,0,0,0
WBGene00195711.,0,0,0
WBGene00195712.,0,7,7
WBGene00195713.,0,29,29
WBGene00195714.,0,0,0
WBGene00195715.,0,1,1
WBGene00195716.,0,24,24
WBGene00195717.,0,6,6
WBGene00195718.,0,11,11
WBGene00195719.,0,1,1
WBGene00195720.,0,11,11
WBGene00195721.,0,0,0
WBGene00195722.,0,8,8
WBGene00195723.,0,27,27
WBGene00195724.,0,1,1
WBGene00195725.,0,2,2
WBGene00195726.,0,0,0
WBGene00195727.,0,0,0
WBGene00195728.,0,364,364
WBGene00195729.,0,0,0
WBGene00195730.,0,0,0
WBGene00195731.,0,30,30
WBGene00195732.,0,0,0
WBGene00195733.,0,0,0
WBGene00195734.,0,1,1
WBGene00195735.,0,2,2
WBGene00195736.,0,0,0
WBGene00195737.,0,11,11
WBGene00195738.,0,0,0
WBGene00195739.,0,4,4
WBGene00195740.,0,13,13
WBGene00195741.,0,0,0
WBGene00195742.,0,0,0
WBGene00195743.,0,0,0
WBGene00195744.,0,26,26
WBGene00195745.,0,5,5
WBGene00195746.,0,0,0
WBGene00195747.,0,7,7
WBGene00195748.,0,0,0
WBGene00195749.,0,0,0
WBGene00195750.,0,0,0
WBGene00195751.,0,0,0
WBGene00195752.,0,11,11
WBGene00195753.,0,0,0
WBGene00195754.,0,11,11
WBGene00195755.,0,0,0
WBGene00195756.,0,0,0
WBGene00195757.,0,0,0
WBGene00195758.,0,0,0
WBGene00195759.,0,3,3
WBGene00195760.,0,8,8
WBGene00195761.,0,12,12
WBGene00195762.,0,6,6
WBGene00195763.,0,1,1
WBGene00195764.,0,0,0
WBGene00195765.,0,5,5
WBGene00195766.,0,1,1
WBGene00195767.,0,2,2
WBGene00195768.,0,0,0
WBGene00195769.,0,66,66
WBGene00195770.,0,30,30
WBGene00195771.,0,0,0
WBGene00195772.,0,0,0
WBGene00195773.,0,6,6
WBGene00195774.,0,0,0
WBGene00195775.,0,35,35
WBGene00195776.,0,11,11
WBGene00195777.,0,3,3
WBGene00195778.,0,0,0
WBGene00195779.,0,0,0
WBGene00195780.,0,1,1
WBGene00195781.,0,0,0
WBGene00195782.,0,33,33
WBGene00195783.,0,12,12
WBGene00195784.,0,29,29
WBGene00195785.,0,62,62
WBGene00195786.,0,3,3
WBGene00195787.,0,1,1
WBGene00195788.,0,0,0
WBGene00195789.,0,0,0
WBGene00195790.,0,1,1
WBGene00195791.,0,13,13
WBGene00195792.,0,1,1
WBGene00195793.,0,2,2
WBGene00195794.,0,0,0
WBGene00195795.,0,5,5
WBGene00195796.,0,0,0
WBGene00195797.,0,0,0
WBGene00195798.,0,0,0
WBGene00195799.,0,19,19
WBGene00195800.,0,0,0
WBGene00195801.,0,28,28
WBGene00195802.,0,1,1
WBGene00195803.,0,2,2
WBGene00195804.,0,10,10
WBGene00195805.,0,3,3
WBGene00195806.,0,0,0
WBGene00195807.,0,2,2
WBGene00195808.,0,6,6
WBGene00195809.,0,0,0
WBGene00195810.,0,43,43
WBGene00195811.,0,7,7
WBGene00195812.,0,0,0
WBGene00195813.,0,0,0
WBGene00195814.,0,24,24
WBGene00195815.,0,0,0
WBGene00195816.,0,0,0
WBGene00195817.,0,2,2
WBGene00195818.,0,0,0
WBGene00195819.,0,15,15
WBGene00195820.,0,75,75
WBGene00195821.,0,0,0
WBGene00195822.,0,4,4
WBGene00195823.,0,85,85
WBGene00195824.,0,3,3
WBGene00195825.,0,6,6
WBGene00195826.,0,102,102
WBGene00195827.,0,0,0
WBGene00195828.,0,0,0
WBGene00195829.,0,0,0
WBGene00195830.,0,0,0
WBGene00195831.,0,0,0
WBGene00195832.,0,0,0
WBGene00195833.,0,63,63
WBGene00195834.,0,9,9
WBGene00195835.,0,0,0
WBGene00195836.,0,0,0
WBGene00195837.,0,0,0
WBGene00195838.,0,2,2
WBGene00195839.,0,1,1
WBGene00195840.,0,29,29
WBGene00195841.,0,0,0
WBGene00195842.,0,3,3
WBGene00195843.,0,6,6
WBGene00195844.,0,0,0
WBGene00195845.,0,1,1
WBGene00195846.,0,2,2
WBGene00195847.,0,0,0
WBGene00195848.,0,4,4
WBGene00195849.,0,0,0
WBGene00195850.,0,1,1
WBGene00195851.,0,0,0
WBGene00195852.,0,3,3
WBGene00195853.,0,12,12
WBGene00195854.,0,0,0
WBGene00195855.,0,2,2
WBGene00195856.,0,1,1
WBGene00195857.,0,0,0
WBGene00195858.,0,0,0
WBGene00195859.,0,9,9
WBGene00195860.,0,0,0
WBGene00195861.,0,1,1
WBGene00195862.,0,4,4
WBGene00195863.,0,0,0
WBGene00195864.,0,2,2
WBGene00195865.,0,4,4
WBGene00195866.,0,0,0
WBGene00195867.,0,0,0
WBGene00195868.,0,9,9
WBGene00195869.,0,0,0
WBGene00195870.,0,0,0
WBGene00195871.,0,13,13
WBGene00195872.,0,0,0
WBGene00195873.,0,12,12
WBGene00195874.,0,0,0
WBGene00195875.,0,0,0
WBGene00195876.,0,0,0
WBGene00195877.,0,11,11
WBGene00195878.,0,0,0
WBGene00195879.,0,3,3
WBGene00195880.,0,0,0
WBGene00195881.,0,0,0
WBGene00195882.,0,101,101
WBGene00195883.,0,2,2
WBGene00195884.,0,2,2
WBGene00195885.,0,1,1
WBGene00195886.,0,20,20
WBGene00195887.,0,200,200
WBGene00195888.,0,0,0
WBGene00195889.,0,72,72
WBGene00195890.,0,2,2
WBGene00195891.,0,5,5
WBGene00195892.,0,1,1
WBGene00195893.,0,9,9
WBGene00195894.,0,0,0
WBGene00195895.,0,0,0
WBGene00195896.,0,9,9
WBGene00195897.,0,6,6
WBGene00195898.,0,3,3
WBGene00195899.,0,6,6
WBGene00195900.,0,12,12
WBGene00195901.,0,4,4
WBGene00195902.,0,0,0
WBGene00195903.,0,0,0
WBGene00195904.,0,0,0
WBGene00195905.,0,0,0
WBGene00195906.,0,2,2
WBGene00195907.,0,23,23
WBGene00195908.,0,2,2
WBGene00195909.,0,12,12
WBGene00195910.,0,41,41
WBGene00195911.,0,0,0
WBGene00195912.,0,2,2
WBGene00195913.,0,1,1
WBGene00195914.,0,169,169
WBGene00195915.,0,3,3
WBGene00195916.,0,0,0
WBGene00195917.,0,0,0
WBGene00195918.,0,0,0
WBGene00195919.,0,10,10
WBGene00195920.,0,0,0
WBGene00195921.,0,176,176
WBGene00195922.,0,0,0
WBGene00195923.,0,4,4
WBGene00195924.,0,0,0
WBGene00195925.,0,1,1
WBGene00195926.,0,2,2
WBGene00195927.,0,3,3
WBGene00195928.,0,0,0
WBGene00195929.,0,0,0
WBGene00195930.,0,2,2
WBGene00195931.,0,0,0
WBGene00195932.,0,0,0
WBGene00195933.,0,0,0
WBGene00195934.,0,1,1
WBGene00195935.,0,31,31
WBGene00195936.,0,1,1
WBGene00195937.,0,0,0
WBGene00195938.,0,0,0
WBGene00195939.,0,5,5
WBGene00195940.,0,15,15
WBGene00195941.,0,9,9
WBGene00195942.,0,0,0
WBGene00195943.,0,0,0
WBGene00195944.,0,0,0
WBGene00195945.,0,0,0
WBGene00195946.,0,1,1
WBGene00195947.,0,43,43
WBGene00195948.,0,14,14
WBGene00195949.,0,8,8
WBGene00195950.,0,0,0
WBGene00195951.,0,0,0
WBGene00195952.,0,13,13
WBGene00195953.,0,0,0
WBGene00195954.,0,4,4
WBGene00195955.,0,0,0
WBGene00195956.,0,2,2
WBGene00195957.,0,1,1
WBGene00195958.,0,0,0
WBGene00195959.,0,0,0
WBGene00195960.,0,0,0
WBGene00195961.,0,25,25
WBGene00195962.,0,0,0
WBGene00195963.,0,0,0
WBGene00195964.,0,0,0
WBGene00195965.,0,0,0
WBGene00195966.,0,12,12
WBGene00195967.,0,0,0
WBGene00195968.,0,0,0
WBGene00195969.,0,0,0
WBGene00195970.,0,4,4
WBGene00195971.,0,10,10
WBGene00195972.,0,0,0
WBGene00195973.,0,50,50
WBGene00195974.,0,1,1
WBGene00195975.,0,3,3
WBGene00195976.,0,5,5
WBGene00195977.,0,0,0
WBGene00195978.,0,0,0
WBGene00195979.,0,118,118
WBGene00195980.,0,1,1
WBGene00195981.,0,5,5
WBGene00195982.,0,1,1
WBGene00195983.,0,9,9
WBGene00195984.,0,0,0
WBGene00195985.,0,0,0
WBGene00195986.,0,2,2
WBGene00195987.,0,1,1
WBGene00195988.,0,9,9
WBGene00195989.,0,3,3
WBGene00195990.,0,30,30
WBGene00195991.,0,0,0
WBGene00195992.,0,23,23
WBGene00195993.,0,1,1
WBGene00195994.,0,0,0
WBGene00195995.,0,1,1
WBGene00195996.,0,0,0
WBGene00195997.,0,0,0
WBGene00195998.,0,0,0
WBGene00195999.,0,0,0
WBGene00196000.,0,0,0
WBGene00196001.,0,0,0
WBGene00196002.,0,17,17
WBGene00196003.,0,1,1
WBGene00196004.,0,4,4
WBGene00196005.,0,102,102
WBGene00196006.,0,0,0
WBGene00196007.,0,2,2
WBGene00196008.,0,8,8
WBGene00196009.,0,0,0
WBGene00196010.,0,0,0
WBGene00196011.,0,0,0
WBGene00196012.,0,0,0
WBGene00196013.,0,13,13
WBGene00196014.,0,0,0
WBGene00196015.,0,0,0
WBGene00196016.,0,0,0
WBGene00196017.,0,0,0
WBGene00196018.,0,0,0
WBGene00196019.,0,0,0
WBGene00196020.,0,4,4
WBGene00196021.,0,8,8
WBGene00196022.,0,0,0
WBGene00196023.,0,15,15
WBGene00196024.,0,16,16
WBGene00196025.,0,32,32
WBGene00196026.,0,17,17
WBGene00196027.,0,0,0
WBGene00196028.,0,0,0
WBGene00196029.,0,1,1
WBGene00196030.,0,0,0
WBGene00196031.,0,1,1
WBGene00196032.,0,0,0
WBGene00196033.,0,0,0
WBGene00196034.,0,5,5
WBGene00196035.,0,0,0
WBGene00196036.,0,2,2
WBGene00196037.,0,0,0
WBGene00196038.,0,0,0
WBGene00196039.,0,1,1
WBGene00196040.,0,0,0
WBGene00196041.,0,1,1
WBGene00196042.,0,1,1
WBGene00196043.,0,0,0
WBGene00196044.,0,1,1
WBGene00196045.,0,11,11
WBGene00196046.,0,3,3
WBGene00196047.,0,0,0
WBGene00196048.,0,4,4
WBGene00196049.,0,1,1
WBGene00196050.,0,0,0
WBGene00196051.,0,2,2
WBGene00196052.,0,47,47
WBGene00196053.,0,5,5
WBGene00196054.,0,1,1
WBGene00196055.,0,0,0
WBGene00196056.,0,0,0
WBGene00196057.,0,4,4
WBGene00196058.,0,1,1
WBGene00196059.,0,0,0
WBGene00196060.,0,0,0
WBGene00196061.,0,1,1
WBGene00196062.,0,0,0
WBGene00196063.,0,1,1
WBGene00196064.,0,6,6
WBGene00196065.,0,1,1
WBGene00196066.,0,0,0
WBGene00196067.,0,29,29
WBGene00196068.,0,0,0
WBGene00196069.,0,10,10
WBGene00196070.,0,7,7
WBGene00196071.,0,19,19
WBGene00196072.,0,47,47
WBGene00196073.,0,4,4
WBGene00196074.,0,0,0
WBGene00196075.,0,0,0
WBGene00196076.,0,2,2
WBGene00196077.,0,28,28
WBGene00196078.,0,8,8
WBGene00196079.,0,0,0
WBGene00196080.,0,7,7
WBGene00196081.,0,2,2
WBGene00196082.,0,0,0
WBGene00196083.,0,1,1
WBGene00196084.,0,0,0
WBGene00196085.,0,0,0
WBGene00196086.,0,0,0
WBGene00196087.,0,0,0
WBGene00196088.,0,31,31
WBGene00196089.,0,2,2
WBGene00196090.,0,9,9
WBGene00196091.,0,22,22
WBGene00196092.,0,9,9
WBGene00196093.,0,6,6
WBGene00196094.,0,1,1
WBGene00196095.,0,0,0
WBGene00196096.,0,25,25
WBGene00196097.,0,0,0
WBGene00196098.,0,2,2
WBGene00196099.,0,1,1
WBGene00196100.,0,6,6
WBGene00196101.,0,0,0
WBGene00196102.,0,0,0
WBGene00196103.,0,5,5
WBGene00196104.,0,0,0
WBGene00196105.,0,16,16
WBGene00196106.,0,10,10
WBGene00196107.,0,0,0
WBGene00196108.,0,6,6
WBGene00196109.,0,1,1
WBGene00196110.,0,1,1
WBGene00196111.,0,1,1
WBGene00196112.,0,0,0
WBGene00196113.,0,9,9
WBGene00196114.,0,6,6
WBGene00196115.,0,0,0
WBGene00196116.,0,0,0
WBGene00196117.,0,7,7
WBGene00196118.,0,8,8
WBGene00196119.,0,4,4
WBGene00196120.,0,1,1
WBGene00196121.,0,4,4
WBGene00196122.,0,2,2
WBGene00196123.,0,33,33
WBGene00196124.,0,2,2
WBGene00196125.,0,7,7
WBGene00196126.,0,0,0
WBGene00196127.,0,0,0
WBGene00196128.,0,0,0
WBGene00196129.,0,0,0
WBGene00196130.,0,0,0
WBGene00196131.,0,0,0
WBGene00196132.,0,0,0
WBGene00196133.,0,0,0
WBGene00196134.,0,0,0
WBGene00196135.,0,0,0
WBGene00196136.,0,0,0
WBGene00196137.,0,3,3
WBGene00196138.,0,15,15
WBGene00196139.,0,1,1
WBGene00196140.,0,0,0
WBGene00196141.,0,4,4
WBGene00196142.,0,1,1
WBGene00196143.,0,0,0
WBGene00196144.,0,0,0
WBGene00196145.,0,0,0
WBGene00196146.,0,2,2
WBGene00196147.,0,50,50
WBGene00196148.,0,0,0
WBGene00196149.,0,42,42
WBGene00196150.,0,28,28
WBGene00196151.,0,0,0
WBGene00196152.,0,1,1
WBGene00196153.,0,2,2
WBGene00196154.,0,0,0
WBGene00196155.,0,5,5
WBGene00196156.,0,0,0
WBGene00196157.,0,0,0
WBGene00196158.,0,0,0
WBGene00196159.,0,3,3
WBGene00196160.,0,15,15
WBGene00196161.,0,0,0
WBGene00196162.,0,0,0
WBGene00196163.,0,0,0
WBGene00196164.,0,3,3
WBGene00196165.,0,0,0
WBGene00196166.,0,0,0
WBGene00196167.,0,0,0
WBGene00196168.,0,0,0
WBGene00196169.,0,0,0
WBGene00196170.,0,3,3
WBGene00196171.,0,4,4
WBGene00196172.,0,0,0
WBGene00196173.,0,4,4
WBGene00196174.,0,0,0
WBGene00196175.,0,0,0
WBGene00196176.,0,0,0
WBGene00196177.,0,0,0
WBGene00196178.,0,7,7
WBGene00196179.,0,0,0
WBGene00196180.,0,17,17
WBGene00196181.,0,7,7
WBGene00196182.,0,1,1
WBGene00196183.,0,0,0
WBGene00196184.,0,17,17
WBGene00196185.,0,1,1
WBGene00196186.,0,0,0
WBGene00196187.,0,0,0
WBGene00196188.,0,0,0
WBGene00196189.,0,4,4
WBGene00196190.,0,0,0
WBGene00196191.,0,0,0
WBGene00196192.,0,8,8
WBGene00196193.,0,1,1
WBGene00196194.,0,1,1
WBGene00196195.,0,0,0
WBGene00196196.,0,0,0
WBGene00196197.,0,0,0
WBGene00196198.,0,7,7
WBGene00196199.,0,0,0
WBGene00196200.,0,0,0
WBGene00196201.,0,8,8
WBGene00196202.,0,11,11
WBGene00196203.,0,0,0
WBGene00196204.,0,6,6
WBGene00196205.,0,0,0
WBGene00196206.,0,3,3
WBGene00196207.,0,0,0
WBGene00196208.,0,0,0
WBGene00196209.,0,0,0
WBGene00196210.,0,2,2
WBGene00196211.,0,2,2
WBGene00196212.,0,0,0
WBGene00196213.,0,0,0
WBGene00196214.,0,0,0
WBGene00196215.,0,0,0
WBGene00196216.,0,1,1
WBGene00196217.,0,0,0
WBGene00196218.,0,0,0
WBGene00196219.,0,10,10
WBGene00196220.,0,0,0
WBGene00196221.,0,0,0
WBGene00196222.,0,0,0
WBGene00196223.,0,90,90
WBGene00196224.,0,1,1
WBGene00196225.,0,3,3
WBGene00196226.,0,1,1
WBGene00196227.,0,1,1
WBGene00196228.,0,0,0
WBGene00196229.,0,0,0
WBGene00196230.,0,0,0
WBGene00196231.,0,2,2
WBGene00196232.,0,0,0
WBGene00196233.,0,0,0
WBGene00196234.,0,0,0
WBGene00196235.,0,17,17
WBGene00196236.,0,0,0
WBGene00196237.,0,20,20
WBGene00196238.,0,5,5
WBGene00196239.,0,3,3
WBGene00196240.,0,47,47
WBGene00196241.,0,0,0
WBGene00196242.,0,0,0
WBGene00196243.,0,0,0
WBGene00196244.,0,0,0
WBGene00196245.,0,0,0
WBGene00196246.,0,7,7
WBGene00196247.,0,0,0
WBGene00196248.,0,0,0
WBGene00196249.,0,1,1
WBGene00196250.,0,4,4
WBGene00196251.,0,0,0
WBGene00196252.,0,5,5
WBGene00196253.,0,0,0
WBGene00196254.,0,16,16
WBGene00196255.,0,2,2
WBGene00196256.,0,0,0
WBGene00196257.,0,117,117
WBGene00196258.,0,2,2
WBGene00196259.,0,1,1
WBGene00196260.,0,2,2
WBGene00196261.,0,0,0
WBGene00196262.,0,0,0
WBGene00196263.,0,2,2
WBGene00196264.,0,24,24
WBGene00196265.,0,1,1
WBGene00196266.,0,1,1
WBGene00196267.,0,1,1
WBGene00196268.,0,0,0
WBGene00196269.,0,0,0
WBGene00196270.,0,11,11
WBGene00196271.,0,1,1
WBGene00196272.,0,0,0
WBGene00196273.,0,0,0
WBGene00196274.,0,1,1
WBGene00196275.,0,2,2
WBGene00196276.,0,0,0
WBGene00196277.,0,1,1
WBGene00196278.,0,11,11
WBGene00196279.,0,3,3
WBGene00196280.,0,15,15
WBGene00196281.,0,0,0
WBGene00196282.,0,5,5
WBGene00196283.,0,0,0
WBGene00196284.,0,0,0
WBGene00196285.,0,12,12
WBGene00196286.,0,4,4
WBGene00196287.,0,7,7
WBGene00196288.,0,5,5
WBGene00196289.,0,17,17
WBGene00196290.,0,52,52
WBGene00196291.,0,0,0
WBGene00196292.,0,0,0
WBGene00196293.,0,0,0
WBGene00196294.,0,25,25
WBGene00196295.,0,1,1
WBGene00196296.,0,0,0
WBGene00196297.,0,0,0
WBGene00196298.,0,0,0
WBGene00196299.,0,0,0
WBGene00196300.,0,31,31
WBGene00196301.,0,3,3
WBGene00196302.,0,0,0
WBGene00196303.,0,8,8
WBGene00196304.,0,0,0
WBGene00196305.,0,5,5
WBGene00196306.,0,6,6
WBGene00196307.,0,53,53
WBGene00196308.,0,8,8
WBGene00196309.,0,1,1
WBGene00196310.,0,0,0
WBGene00196311.,0,0,0
WBGene00196312.,0,0,0
WBGene00196313.,0,0,0
WBGene00196314.,0,0,0
WBGene00196315.,0,11,11
WBGene00196316.,0,57,57
WBGene00196317.,0,0,0
WBGene00196318.,0,1,1
WBGene00196319.,0,8,8
WBGene00196320.,0,0,0
WBGene00196321.,0,0,0
WBGene00196322.,0,34,34
WBGene00196323.,0,0,0
WBGene00196324.,0,0,0
WBGene00196325.,0,0,0
WBGene00196326.,0,0,0
WBGene00196327.,0,31,31
WBGene00196328.,0,0,0
WBGene00196329.,0,1,1
WBGene00196330.,0,0,0
WBGene00196331.,0,5,5
WBGene00196332.,0,0,0
WBGene00196333.,0,1,1
WBGene00196334.,0,22,22
WBGene00196335.,0,2,2
WBGene00196336.,0,2,2
WBGene00196337.,0,0,0
WBGene00196338.,0,5,5
WBGene00196339.,0,0,0
WBGene00196340.,0,36,36
WBGene00196341.,0,0,0
WBGene00196342.,0,0,0
WBGene00196343.,0,0,0
WBGene00196344.,0,5,5
WBGene00196345.,0,0,0
WBGene00196346.,0,9,9
WBGene00196347.,0,1,1
WBGene00196348.,0,0,0
WBGene00196349.,0,0,0
WBGene00196350.,0,0,0
WBGene00196351.,0,0,0
WBGene00196352.,0,1,1
WBGene00196353.,0,1,1
WBGene00196354.,0,5,5
WBGene00196355.,0,2,2
WBGene00196356.,0,0,0
WBGene00196357.,0,0,0
WBGene00196358.,0,1,1
WBGene00196359.,0,0,0
WBGene00196360.,0,0,0
WBGene00196361.,0,1,1
WBGene00196362.,0,0,0
WBGene00196363.,0,0,0
WBGene00196364.,0,0,0
WBGene00196365.,0,0,0
WBGene00196366.,0,3,3
WBGene00196367.,0,21,21
WBGene00196368.,0,0,0
WBGene00196369.,0,0,0
WBGene00196370.,0,0,0
WBGene00196371.,0,1,1
WBGene00196372.,0,0,0
WBGene00196373.,0,2,2
WBGene00196374.,0,5,5
WBGene00196375.,0,0,0
WBGene00196376.,0,1,1
WBGene00196377.,0,4,4
WBGene00196378.,0,0,0
WBGene00196379.,0,0,0
WBGene00196380.,0,3,3
WBGene00196381.,0,0,0
WBGene00196382.,0,1,1
WBGene00196383.,0,1,1
WBGene00196384.,0,0,0
WBGene00196385.,0,0,0
WBGene00196386.,0,0,0
WBGene00196387.,0,0,0
WBGene00196388.,0,1,1
WBGene00196389.,0,0,0
WBGene00196390.,0,0,0
WBGene00196391.,0,0,0
WBGene00196392.,0,3,3
WBGene00196393.,0,42,42
WBGene00196394.,0,0,0
WBGene00196395.,0,0,0
WBGene00196396.,0,19442,19442
WBGene00196397.,0,0,0
WBGene00196398.,0,1,1
WBGene00196399.,0,0,0
WBGene00196400.,0,0,0
WBGene00196401.,0,1,1
WBGene00196402.,0,0,0
WBGene00196403.,0,20,20
WBGene00196404.,0,0,0
WBGene00196405.,0,1,1
WBGene00196406.,0,15,15
WBGene00196407.,0,34,34
WBGene00196408.,0,1,1
WBGene00196409.,0,9,9
WBGene00196410.,0,0,0
WBGene00196411.,0,0,0
WBGene00196412.,0,0,0
WBGene00196413.,0,0,0
WBGene00196414.,0,1,1
WBGene00196415.,0,0,0
WBGene00196416.,0,0,0
WBGene00196417.,0,5,5
WBGene00196418.,0,6,6
WBGene00196419.,0,1,1
WBGene00196420.,0,2,2
WBGene00196421.,0,16,16
WBGene00196422.,0,7,7
WBGene00196423.,0,9,9
WBGene00196424.,0,1,1
WBGene00196425.,0,2,2
WBGene00196426.,0,1,1
WBGene00196427.,0,1,1
WBGene00196428.,0,4,4
WBGene00196429.,0,2,2
WBGene00196430.,0,13,13
WBGene00196431.,0,3,3
WBGene00196432.,0,4,4
WBGene00196433.,0,1,1
WBGene00196434.,0,0,0
WBGene00196435.,0,0,0
WBGene00196436.,0,2,2
WBGene00196437.,0,9,9
WBGene00196438.,0,0,0
WBGene00196439.,0,0,0
WBGene00196440.,0,0,0
WBGene00196441.,0,3,3
WBGene00196442.,0,1,1
WBGene00196443.,0,40,40
WBGene00196444.,0,1,1
WBGene00196445.,0,4,4
WBGene00196446.,0,1,1
WBGene00196447.,0,1,1
WBGene00196448.,0,0,0
WBGene00196449.,0,8,8
WBGene00196450.,0,0,0
WBGene00196451.,0,0,0
WBGene00196452.,0,15,15
WBGene00196453.,0,9,9
WBGene00196454.,0,3,3
WBGene00196455.,0,0,0
WBGene00196456.,0,0,0
WBGene00196457.,0,3,3
WBGene00196458.,0,10,10
WBGene00196459.,0,0,0
WBGene00196460.,0,1,1
WBGene00196461.,0,3,3
WBGene00196462.,0,0,0
WBGene00196463.,0,0,0
WBGene00196464.,0,0,0
WBGene00196465.,0,10,10
WBGene00196466.,0,7,7
WBGene00196467.,0,0,0
WBGene00196468.,0,0,0
WBGene00196469.,0,0,0
WBGene00196470.,0,13,13
WBGene00196471.,0,1,1
WBGene00196472.,0,4,4
WBGene00196473.,0,1,1
WBGene00196474.,0,0,0
WBGene00196475.,0,0,0
WBGene00196476.,0,0,0
WBGene00196477.,0,1,1
WBGene00196478.,0,3,3
WBGene00196479.,0,0,0
WBGene00196480.,0,0,0
WBGene00196481.,0,0,0
WBGene00196482.,0,98,98
WBGene00196483.,0,0,0
WBGene00196484.,0,0,0
WBGene00196485.,0,0,0
WBGene00196486.,0,8,8
WBGene00196487.,0,0,0
WBGene00196488.,0,0,0
WBGene00196489.,0,6,6
WBGene00196490.,0,5,5
WBGene00196491.,0,6,6
WBGene00196492.,0,4,4
WBGene00196493.,0,0,0
WBGene00196494.,0,35,35
WBGene00196495.,0,1,1
WBGene00196496.,0,0,0
WBGene00196497.,0,14,14
WBGene00196498.,0,0,0
WBGene00196499.,0,0,0
WBGene00196500.,0,2,2
WBGene00196501.,0,0,0
WBGene00196502.,0,0,0
WBGene00196503.,0,0,0
WBGene00196504.,0,2,2
WBGene00196505.,0,4,4
WBGene00196506.,0,38,38
WBGene00196507.,0,9,9
WBGene00196508.,0,0,0
WBGene00196509.,0,17,17
WBGene00196510.,0,0,0
WBGene00196511.,0,5,5
WBGene00196512.,0,0,0
WBGene00196513.,0,0,0
WBGene00196514.,0,0,0
WBGene00196515.,0,0,0
WBGene00196516.,0,1,1
WBGene00196517.,0,14,14
WBGene00196518.,0,1,1
WBGene00196519.,0,0,0
WBGene00196520.,0,0,0
WBGene00196521.,0,9,9
WBGene00196522.,0,0,0
WBGene00196523.,0,10,10
WBGene00196524.,0,0,0
WBGene00196525.,0,0,0
WBGene00196526.,0,6,6
WBGene00196527.,0,0,0
WBGene00196528.,0,0,0
WBGene00196529.,0,2,2
WBGene00196530.,0,0,0
WBGene00196531.,0,0,0
WBGene00196532.,0,2,2
WBGene00196533.,0,0,0
WBGene00196534.,0,5,5
WBGene00196535.,0,0,0
WBGene00196536.,0,20,20
WBGene00196537.,0,68,68
WBGene00196538.,0,0,0
WBGene00196539.,0,0,0
WBGene00196540.,0,0,0
WBGene00196541.,0,0,0
WBGene00196542.,0,25,25
WBGene00196543.,0,0,0
WBGene00196544.,0,0,0
WBGene00196545.,0,2,2
WBGene00196546.,0,32,32
WBGene00196547.,0,2,2
WBGene00196548.,0,1,1
WBGene00196549.,0,3,3
WBGene00196550.,0,2,2
WBGene00196551.,0,0,0
WBGene00196552.,0,0,0
WBGene00196553.,0,0,0
WBGene00196554.,0,5,5
WBGene00196555.,0,0,0
WBGene00196556.,0,0,0
WBGene00196557.,0,0,0
WBGene00196558.,0,2,2
WBGene00196559.,0,0,0
WBGene00196560.,0,9,9
WBGene00196561.,0,0,0
WBGene00196562.,0,0,0
WBGene00196563.,0,23,23
WBGene00196564.,0,0,0
WBGene00196565.,0,6,6
WBGene00196566.,0,0,0
WBGene00196567.,0,9,9
WBGene00196568.,0,2,2
WBGene00196569.,0,5,5
WBGene00196570.,0,0,0
WBGene00196571.,0,6,6
WBGene00196572.,0,0,0
WBGene00196573.,0,0,0
WBGene00196574.,0,4,4
WBGene00196575.,0,4,4
WBGene00196576.,0,5,5
WBGene00196577.,0,5,5
WBGene00196578.,0,5,5
WBGene00196579.,0,1,1
WBGene00196580.,0,0,0
WBGene00196581.,0,0,0
WBGene00196582.,0,1,1
WBGene00196583.,0,1,1
WBGene00196584.,0,7,7
WBGene00196585.,0,0,0
WBGene00196586.,0,23,23
WBGene00196587.,0,0,0
WBGene00196588.,0,91,91
WBGene00196589.,0,0,0
WBGene00196590.,0,185,185
WBGene00196591.,0,14,14
WBGene00196592.,0,23,23
WBGene00196593.,0,2,2
WBGene00196594.,0,0,0
WBGene00196595.,0,0,0
WBGene00196596.,0,0,0
WBGene00196597.,0,1,1
WBGene00196598.,0,2,2
WBGene00196599.,0,11,11
WBGene00196600.,0,0,0
WBGene00196601.,0,0,0
WBGene00196602.,0,0,0
WBGene00196603.,0,0,0
WBGene00196604.,0,123,123
WBGene00196605.,0,1,1
WBGene00196606.,0,4,4
WBGene00196607.,0,1,1
WBGene00196608.,0,0,0
WBGene00196609.,0,0,0
WBGene00196610.,0,0,0
WBGene00196611.,0,0,0
WBGene00196612.,0,0,0
WBGene00196613.,0,4,4
WBGene00196614.,0,13,13
WBGene00196615.,0,1,1
WBGene00196616.,0,7,7
WBGene00196617.,0,0,0
WBGene00196618.,0,17,17
WBGene00196619.,0,0,0
WBGene00196620.,0,0,0
WBGene00196621.,0,0,0
WBGene00196622.,0,10,10
WBGene00196623.,0,23,23
WBGene00196624.,0,0,0
WBGene00196625.,0,6,6
WBGene00196626.,0,0,0
WBGene00196627.,0,0,0
WBGene00196628.,0,2,2
WBGene00196629.,0,2,2
WBGene00196630.,0,3,3
WBGene00196631.,0,18,18
WBGene00196632.,0,17,17
WBGene00196633.,0,0,0
WBGene00196634.,0,14,14
WBGene00196635.,0,110,110
WBGene00196636.,0,2,2
WBGene00196637.,0,11,11
WBGene00196638.,0,1,1
WBGene00196639.,0,8,8
WBGene00196640.,0,2,2
WBGene00196641.,0,0,0
WBGene00196642.,0,2,2
WBGene00196643.,0,16,16
WBGene00196644.,0,0,0
WBGene00196645.,0,0,0
WBGene00196646.,0,0,0
WBGene00196647.,0,0,0
WBGene00196648.,0,1,1
WBGene00196649.,0,1,1
WBGene00196650.,0,9,9
WBGene00196651.,0,0,0
WBGene00196652.,0,0,0
WBGene00196653.,0,13,13
WBGene00196654.,0,88,88
WBGene00196655.,0,0,0
WBGene00196656.,0,4,4
WBGene00196657.,0,0,0
WBGene00196658.,0,0,0
WBGene00196659.,0,3,3
WBGene00196660.,0,0,0
WBGene00196661.,0,0,0
WBGene00196662.,0,0,0
WBGene00196663.,0,0,0
WBGene00196664.,0,0,0
WBGene00196665.,0,0,0
WBGene00196666.,0,0,0
WBGene00196667.,0,0,0
WBGene00196668.,0,0,0
WBGene00196669.,0,0,0
WBGene00196670.,0,0,0
WBGene00196671.,0,0,0
WBGene00196672.,0,1,1
WBGene00196673.,0,0,0
WBGene00196674.,0,1,1
WBGene00196675.,0,0,0
WBGene00196676.,0,4,4
WBGene00196677.,0,0,0
WBGene00196678.,0,0,0
WBGene00196679.,0,1,1
WBGene00196680.,0,3,3
WBGene00196681.,0,0,0
WBGene00196682.,0,12,12
WBGene00196683.,0,12,12
WBGene00196684.,0,0,0
WBGene00196685.,0,3,3
WBGene00196686.,0,1,1
WBGene00196687.,0,8,8
WBGene00196688.,0,1,1
WBGene00196689.,0,0,0
WBGene00196690.,0,0,0
WBGene00196691.,0,1,1
WBGene00196692.,0,0,0
WBGene00196693.,0,24,24
WBGene00196694.,0,1,1
WBGene00196695.,0,16,16
WBGene00196696.,0,1,1
WBGene00196697.,0,2,2
WBGene00196698.,0,5,5
WBGene00196699.,0,1,1
WBGene00196700.,0,3,3
WBGene00196701.,0,0,0
WBGene00196702.,0,5,5
WBGene00196703.,0,0,0
WBGene00196704.,0,0,0
WBGene00196705.,0,3,3
WBGene00196706.,0,0,0
WBGene00196707.,0,19,19
WBGene00196708.,0,0,0
WBGene00196709.,0,13,13
WBGene00196710.,0,0,0
WBGene00196711.,0,1,1
WBGene00196712.,0,2,2
WBGene00196713.,0,0,0
WBGene00196714.,0,1,1
WBGene00196715.,0,0,0
WBGene00196716.,0,0,0
WBGene00196717.,0,0,0
WBGene00196718.,0,0,0
WBGene00196719.,0,0,0
WBGene00196720.,0,2,2
WBGene00196721.,0,26,26
WBGene00196722.,0,1,1
WBGene00196723.,0,2,2
WBGene00196724.,0,27,27
WBGene00196725.,0,2,2
WBGene00196726.,0,0,0
WBGene00196727.,0,10,10
WBGene00196728.,0,6,6
WBGene00196729.,0,37,37
WBGene00196730.,0,0,0
WBGene00196731.,0,2,2
WBGene00196732.,0,0,0
WBGene00196733.,0,2,2
WBGene00196734.,0,4,4
WBGene00196735.,0,3,3
WBGene00196736.,0,0,0
WBGene00196737.,0,3,3
WBGene00196738.,0,0,0
WBGene00196739.,0,7,7
WBGene00196740.,0,0,0
WBGene00196741.,0,8,8
WBGene00196742.,0,66,66
WBGene00196743.,0,0,0
WBGene00196744.,0,0,0
WBGene00196745.,0,0,0
WBGene00196746.,0,6,6
WBGene00196747.,0,37,37
WBGene00196748.,0,5,5
WBGene00196749.,0,0,0
WBGene00196750.,0,2,2
WBGene00196751.,0,0,0
WBGene00196752.,0,6,6
WBGene00196753.,0,95,95
WBGene00196754.,0,0,0
WBGene00196755.,0,1,1
WBGene00196756.,0,0,0
WBGene00196757.,0,0,0
WBGene00196758.,0,4,4
WBGene00196759.,0,2,2
WBGene00196760.,0,0,0
WBGene00196761.,0,1,1
WBGene00196762.,0,0,0
WBGene00196763.,0,1,1
WBGene00196764.,0,0,0
WBGene00196765.,0,0,0
WBGene00196766.,0,6,6
WBGene00196767.,0,5,5
WBGene00196768.,0,0,0
WBGene00196769.,0,2,2
WBGene00196770.,0,2,2
WBGene00196771.,0,0,0
WBGene00196772.,0,1,1
WBGene00196773.,0,0,0
WBGene00196774.,0,0,0
WBGene00196775.,0,26,26
WBGene00196776.,0,0,0
WBGene00196777.,0,6,6
WBGene00196778.,0,1,1
WBGene00196779.,0,18,18
WBGene00196780.,0,8,8
WBGene00196781.,0,0,0
WBGene00196782.,0,7,7
WBGene00196783.,0,0,0
WBGene00196784.,0,1,1
WBGene00196785.,0,13,13
WBGene00196786.,0,2,2
WBGene00196787.,0,2,2
WBGene00196788.,0,0,0
WBGene00196789.,0,10,10
WBGene00196790.,0,0,0
WBGene00196791.,0,0,0
WBGene00196792.,0,0,0
WBGene00196793.,0,25,25
WBGene00196794.,0,0,0
WBGene00196795.,0,0,0
WBGene00196796.,0,6,6
WBGene00196797.,0,24,24
WBGene00196798.,0,0,0
WBGene00196799.,0,4,4
WBGene00196800.,0,0,0
WBGene00196801.,0,3,3
WBGene00196802.,0,19,19
WBGene00196803.,0,0,0
WBGene00196804.,0,4,4
WBGene00196805.,0,8,8
WBGene00196806.,0,2,2
WBGene00196807.,0,23,23
WBGene00196808.,0,0,0
WBGene00196809.,0,6,6
WBGene00196810.,0,29,29
WBGene00196811.,0,7,7
WBGene00196812.,0,0,0
WBGene00196813.,0,0,0
WBGene00196814.,0,0,0
WBGene00196815.,0,3,3
WBGene00196816.,0,25,25
WBGene00196817.,0,15,15
WBGene00196818.,0,0,0
WBGene00196819.,0,7,7
WBGene00196820.,0,2,2
WBGene00196821.,0,27,27
WBGene00196822.,0,0,0
WBGene00196823.,0,8,8
WBGene00196824.,0,15,15
WBGene00196825.,0,37,37
WBGene00196826.,0,0,0
WBGene00196827.,0,81,81
WBGene00196828.,0,1,1
WBGene00196829.,0,0,0
WBGene00196830.,0,1,1
WBGene00196831.,0,89,89
WBGene00196832.,0,0,0
WBGene00196833.,0,0,0
WBGene00196834.,0,2,2
WBGene00196835.,0,1,1
WBGene00196836.,0,0,0
WBGene00196837.,0,0,0
WBGene00196838.,0,26,26
WBGene00196839.,0,0,0
WBGene00196840.,0,0,0
WBGene00196841.,0,3,3
WBGene00196842.,0,0,0
WBGene00196843.,0,1,1
WBGene00196844.,0,18,18
WBGene00196845.,0,0,0
WBGene00196846.,0,28,28
WBGene00196847.,0,0,0
WBGene00196848.,0,0,0
WBGene00196849.,0,0,0
WBGene00196850.,0,1,1
WBGene00196851.,0,0,0
WBGene00196852.,0,77,77
WBGene00196853.,0,0,0
WBGene00196854.,0,95,95
WBGene00196855.,0,0,0
WBGene00196856.,0,81,81
WBGene00196857.,0,0,0
WBGene00196858.,0,14,14
WBGene00196859.,0,2,2
WBGene00196860.,0,0,0
WBGene00196861.,0,3,3
WBGene00196862.,0,9,9
WBGene00196863.,0,0,0
WBGene00196864.,0,0,0
WBGene00196865.,0,0,0
WBGene00196866.,0,0,0
WBGene00196867.,0,25,25
WBGene00196868.,0,27,27
WBGene00196869.,0,8,8
WBGene00196870.,0,3,3
WBGene00196871.,0,264,264
WBGene00196872.,0,14,14
WBGene00196873.,0,0,0
WBGene00196874.,0,0,0
WBGene00196875.,0,0,0
WBGene00196876.,0,1,1
WBGene00196877.,0,4,4
WBGene00196878.,0,1,1
WBGene00196879.,0,36,36
WBGene00196880.,0,0,0
WBGene00196881.,0,3,3
WBGene00196882.,0,0,0
WBGene00196883.,0,0,0
WBGene00196884.,0,6,6
WBGene00196885.,0,22,22
WBGene00196886.,0,0,0
WBGene00196887.,0,4,4
WBGene00196888.,0,0,0
WBGene00196889.,0,8,8
WBGene00196890.,0,0,0
WBGene00196891.,0,16,16
WBGene00196892.,0,1,1
WBGene00196893.,0,50,50
WBGene00196894.,0,3,3
WBGene00196895.,0,0,0
WBGene00196896.,0,0,0
WBGene00196897.,0,5,5
WBGene00196898.,0,0,0
WBGene00196899.,0,0,0
WBGene00196900.,0,1,1
WBGene00196901.,0,0,0
WBGene00196902.,0,0,0
WBGene00196903.,0,0,0
WBGene00196904.,0,16,16
WBGene00196905.,0,0,0
WBGene00196906.,0,13,13
WBGene00196907.,0,0,0
WBGene00196908.,0,4,4
WBGene00196909.,0,0,0
WBGene00196910.,0,0,0
WBGene00196911.,0,3,3
WBGene00196912.,0,15,15
WBGene00196913.,0,13,13
WBGene00196914.,0,1,1
WBGene00196915.,0,9,9
WBGene00196916.,0,2,2
WBGene00196917.,0,0,0
WBGene00196918.,0,1,1
WBGene00196919.,0,1,1
WBGene00196920.,0,0,0
WBGene00196921.,0,1,1
WBGene00196922.,0,27,27
WBGene00196923.,0,2,2
WBGene00196924.,0,8,8
WBGene00196925.,0,3,3
WBGene00196926.,0,0,0
WBGene00196927.,0,0,0
WBGene00196928.,0,5,5
WBGene00196929.,0,2,2
WBGene00196930.,0,4,4
WBGene00196931.,0,8,8
WBGene00196932.,0,0,0
WBGene00196933.,0,9,9
WBGene00196934.,0,0,0
WBGene00196935.,0,9,9
WBGene00196936.,0,0,0
WBGene00196937.,0,3,3
WBGene00196938.,0,0,0
WBGene00196939.,0,1,1
WBGene00196940.,0,0,0
WBGene00196941.,0,9,9
WBGene00196942.,0,1,1
WBGene00196943.,0,1,1
WBGene00196944.,0,0,0
WBGene00196945.,0,1,1
WBGene00196946.,0,9,9
WBGene00196947.,0,7,7
WBGene00196948.,0,0,0
WBGene00196949.,0,7,7
WBGene00196950.,0,6,6
WBGene00196951.,0,0,0
WBGene00196952.,0,0,0
WBGene00196953.,0,0,0
WBGene00196954.,0,4,4
WBGene00196955.,0,1,1
WBGene00196956.,0,0,0
WBGene00196957.,0,0,0
WBGene00196958.,0,0,0
WBGene00196959.,0,2,2
WBGene00196960.,0,0,0
WBGene00196961.,0,32,32
WBGene00196962.,0,3,3
WBGene00196963.,0,35,35
WBGene00196964.,0,4,4
WBGene00196965.,0,2,2
WBGene00196966.,0,0,0
WBGene00196967.,0,0,0
WBGene00196968.,0,6,6
WBGene00196969.,0,19,19
WBGene00196970.,0,2,2
WBGene00196971.,0,8,8
WBGene00196972.,0,0,0
WBGene00196973.,0,5,5
WBGene00196974.,0,0,0
WBGene00196975.,0,0,0
WBGene00196976.,0,0,0
WBGene00196977.,0,0,0
WBGene00196978.,0,0,0
WBGene00196979.,0,5,5
WBGene00196980.,0,0,0
WBGene00196981.,0,4,4
WBGene00196982.,0,58,58
WBGene00196983.,0,5,5
WBGene00196984.,0,0,0
WBGene00196985.,0,20,20
WBGene00196986.,0,57,57
WBGene00196987.,0,2,2
WBGene00196988.,0,0,0
WBGene00196989.,0,11,11
WBGene00196990.,0,4,4
WBGene00196991.,0,0,0
WBGene00196992.,0,6,6
WBGene00196993.,0,3,3
WBGene00196994.,0,82,82
WBGene00196995.,0,0,0
WBGene00196996.,0,3,3
WBGene00196997.,0,0,0
WBGene00196998.,0,0,0
WBGene00196999.,0,0,0
WBGene00197000.,0,0,0
WBGene00197001.,0,16,16
WBGene00197002.,0,0,0
WBGene00197003.,0,0,0
WBGene00197004.,0,0,0
WBGene00197005.,0,2,2
WBGene00197006.,0,0,0
WBGene00197007.,0,3,3
WBGene00197008.,0,0,0
WBGene00197009.,0,1,1
WBGene00197010.,0,0,0
WBGene00197011.,0,8,8
WBGene00197012.,0,0,0
WBGene00197013.,0,0,0
WBGene00197014.,0,0,0
WBGene00197015.,0,25,25
WBGene00197016.,0,0,0
WBGene00197017.,0,0,0
WBGene00197018.,0,2,2
WBGene00197019.,0,2,2
WBGene00197020.,0,0,0
WBGene00197021.,0,0,0
WBGene00197022.,0,5,5
WBGene00197023.,0,0,0
WBGene00197024.,0,0,0
WBGene00197025.,0,1,1
WBGene00197026.,0,1,1
WBGene00197027.,0,23,23
WBGene00197028.,0,10,10
WBGene00197029.,0,0,0
WBGene00197030.,0,4,4
WBGene00197031.,0,1,1
WBGene00197032.,0,3,3
WBGene00197033.,0,39,39
WBGene00197034.,0,0,0
WBGene00197035.,0,1,1
WBGene00197036.,0,0,0
WBGene00197037.,0,3,3
WBGene00197038.,0,0,0
WBGene00197039.,0,8,8
WBGene00197040.,0,1,1
WBGene00197041.,0,0,0
WBGene00197042.,0,0,0
WBGene00197043.,0,7,7
WBGene00197044.,0,0,0
WBGene00197045.,0,8,8
WBGene00197046.,0,13,13
WBGene00197047.,0,1,1
WBGene00197048.,0,10,10
WBGene00197049.,0,0,0
WBGene00197050.,0,1,1
WBGene00197051.,0,1,1
WBGene00197052.,0,18,18
WBGene00197053.,0,10,10
WBGene00197054.,0,0,0
WBGene00197055.,0,4,4
WBGene00197056.,0,6,6
WBGene00197057.,0,3,3
WBGene00197058.,0,0,0
WBGene00197059.,0,0,0
WBGene00197060.,0,43,43
WBGene00197061.,0,9,9
WBGene00197062.,0,0,0
WBGene00197063.,0,1,1
WBGene00197064.,0,0,0
WBGene00197065.,0,9,9
WBGene00197066.,0,21,21
WBGene00197067.,0,13,13
WBGene00197068.,0,10,10
WBGene00197069.,0,42,42
WBGene00197070.,0,0,0
WBGene00197071.,0,0,0
WBGene00197072.,0,1,1
WBGene00197073.,0,3,3
WBGene00197074.,0,31,31
WBGene00197075.,0,1,1
WBGene00197076.,0,0,0
WBGene00197077.,0,1,1
WBGene00197078.,0,3,3
WBGene00197079.,0,0,0
WBGene00197080.,0,4,4
WBGene00197081.,0,4,4
WBGene00197082.,0,0,0
WBGene00197083.,0,16,16
WBGene00197084.,0,0,0
WBGene00197085.,0,2,2
WBGene00197086.,0,7,7
WBGene00197087.,0,0,0
WBGene00197088.,0,0,0
WBGene00197089.,0,2,2
WBGene00197090.,0,91,91
WBGene00197091.,0,8,8
WBGene00197092.,0,1,1
WBGene00197093.,0,2,2
WBGene00197094.,0,3,3
WBGene00197095.,0,4,4
WBGene00197096.,0,4,4
WBGene00197097.,0,119,119
WBGene00197098.,0,0,0
WBGene00197099.,0,0,0
WBGene00197100.,0,9,9
WBGene00197101.,0,0,0
WBGene00197102.,0,2,2
WBGene00197103.,0,2,2
WBGene00197104.,0,3,3
WBGene00197105.,0,0,0
WBGene00197106.,0,0,0
WBGene00197107.,0,0,0
WBGene00197108.,0,16,16
WBGene00197109.,0,0,0
WBGene00197110.,0,7,7
WBGene00197111.,0,6,6
WBGene00197112.,0,0,0
WBGene00197113.,0,0,0
WBGene00197114.,0,4,4
WBGene00197115.,0,2,2
WBGene00197116.,0,0,0
WBGene00197117.,0,0,0
WBGene00197118.,0,1,1
WBGene00197119.,0,2,2
WBGene00197120.,0,0,0
WBGene00197121.,0,10,10
WBGene00197122.,0,0,0
WBGene00197123.,0,0,0
WBGene00197124.,0,0,0
WBGene00197125.,0,0,0
WBGene00197126.,0,8,8
WBGene00197127.,0,76,76
WBGene00197128.,0,0,0
WBGene00197129.,0,0,0
WBGene00197130.,0,14,14
WBGene00197131.,0,5,5
WBGene00197132.,0,2,2
WBGene00197133.,0,0,0
WBGene00197134.,0,0,0
WBGene00197135.,0,0,0
WBGene00197136.,0,1,1
WBGene00197137.,0,0,0
WBGene00197138.,0,0,0
WBGene00197139.,0,2,2
WBGene00197140.,0,18,18
WBGene00197141.,0,5,5
WBGene00197142.,0,0,0
WBGene00197143.,0,0,0
WBGene00197144.,0,3,3
WBGene00197145.,0,0,0
WBGene00197146.,0,2,2
WBGene00197147.,0,1,1
WBGene00197148.,0,2,2
WBGene00197149.,0,5,5
WBGene00197150.,0,1,1
WBGene00197151.,0,0,0
WBGene00197152.,0,0,0
WBGene00197153.,0,0,0
WBGene00197154.,0,0,0
WBGene00197155.,0,4,4
WBGene00197156.,0,0,0
WBGene00197157.,0,3,3
WBGene00197158.,0,0,0
WBGene00197159.,0,0,0
WBGene00197160.,0,0,0
WBGene00197161.,0,2,2
WBGene00197162.,0,0,0
WBGene00197163.,0,0,0
WBGene00197164.,0,0,0
WBGene00197165.,0,0,0
WBGene00197166.,0,0,0
WBGene00197167.,0,0,0
WBGene00197168.,0,16,16
WBGene00197169.,0,0,0
WBGene00197170.,0,0,0
WBGene00197171.,0,1007,1007
WBGene00197172.,0,15,15
WBGene00197173.,0,0,0
WBGene00197174.,0,32,32
WBGene00197175.,0,8,8
WBGene00197176.,0,16,16
WBGene00197177.,0,16,16
WBGene00197178.,0,6,6
WBGene00197179.,0,0,0
WBGene00197180.,0,0,0
WBGene00197181.,0,9,9
WBGene00197182.,0,1,1
WBGene00197183.,0,10,10
WBGene00197184.,0,4,4
WBGene00197185.,0,4,4
WBGene00197186.,0,1,1
WBGene00197187.,0,1,1
WBGene00197188.,0,92,92
WBGene00197189.,0,2,2
WBGene00197190.,0,0,0
WBGene00197191.,0,1,1
WBGene00197192.,0,0,0
WBGene00197193.,0,0,0
WBGene00197194.,0,0,0
WBGene00197195.,0,3,3
WBGene00197196.,0,13,13
WBGene00197197.,0,0,0
WBGene00197198.,0,0,0
WBGene00197199.,0,0,0
WBGene00197200.,0,0,0
WBGene00197201.,0,0,0
WBGene00197202.,0,2,2
WBGene00197203.,0,2,2
WBGene00197204.,0,9,9
WBGene00197205.,0,9,9
WBGene00197206.,0,1,1
WBGene00197207.,0,1,1
WBGene00197208.,0,4,4
WBGene00197209.,0,137,137
WBGene00197210.,0,1,1
WBGene00197211.,0,8,8
WBGene00197212.,0,0,0
WBGene00197213.,0,0,0
WBGene00197214.,0,25,25
WBGene00197215.,0,980,980
WBGene00197216.,0,2,2
WBGene00197217.,0,12,12
WBGene00197218.,0,16,16
WBGene00197219.,0,0,0
WBGene00197220.,0,0,0
WBGene00197221.,0,0,0
WBGene00197222.,0,17,17
WBGene00197223.,0,3,3
WBGene00197224.,0,4,4
WBGene00197225.,0,2,2
WBGene00197226.,0,1,1
WBGene00197227.,0,5,5
WBGene00197228.,0,5,5
WBGene00197229.,0,0,0
WBGene00197230.,0,0,0
WBGene00197231.,0,17,17
WBGene00197232.,0,3,3
WBGene00197233.,0,0,0
WBGene00197234.,0,31,31
WBGene00197235.,0,0,0
WBGene00197236.,0,2,2
WBGene00197237.,0,0,0
WBGene00197238.,0,0,0
WBGene00197239.,0,7,7
WBGene00197240.,0,0,0
WBGene00197241.,0,0,0
WBGene00197242.,0,1,1
WBGene00197243.,0,14,14
WBGene00197244.,0,21,21
WBGene00197245.,0,0,0
WBGene00197246.,0,6,6
WBGene00197247.,0,0,0
WBGene00197248.,0,0,0
WBGene00197249.,0,3,3
WBGene00197250.,0,241,241
WBGene00197251.,0,5,5
WBGene00197252.,0,1,1
WBGene00197253.,0,2,2
WBGene00197254.,0,16,16
WBGene00197255.,0,3,3
WBGene00197256.,0,0,0
WBGene00197257.,0,10,10
WBGene00197258.,0,5,5
WBGene00197259.,0,121,121
WBGene00197260.,0,0,0
WBGene00197261.,0,0,0
WBGene00197262.,0,2,2
WBGene00197263.,0,0,0
WBGene00197264.,0,0,0
WBGene00197265.,0,1,1
WBGene00197266.,0,1,1
WBGene00197267.,0,0,0
WBGene00197268.,0,0,0
WBGene00197269.,0,5,5
WBGene00197270.,0,1,1
WBGene00197271.,0,0,0
WBGene00197272.,0,0,0
WBGene00197273.,0,3,3
WBGene00197274.,0,16,16
WBGene00197275.,0,0,0
WBGene00197276.,0,0,0
WBGene00197277.,0,0,0
WBGene00197278.,0,3,3
WBGene00197279.,0,13,13
WBGene00197280.,0,1,1
WBGene00197281.,0,3,3
WBGene00197282.,0,0,0
WBGene00197283.,0,3,3
WBGene00197284.,0,0,0
WBGene00197285.,0,2,2
WBGene00197286.,0,2,2
WBGene00197287.,0,0,0
WBGene00197288.,0,0,0
WBGene00197289.,0,0,0
WBGene00197290.,0,0,0
WBGene00197291.,0,0,0
WBGene00197292.,0,0,0
WBGene00197293.,0,1,1
WBGene00197294.,0,1,1
WBGene00197295.,0,0,0
WBGene00197296.,0,0,0
WBGene00197297.,0,5,5
WBGene00197298.,0,1,1
WBGene00197299.,0,1,1
WBGene00197300.,0,0,0
WBGene00197301.,0,0,0
WBGene00197302.,0,1,1
WBGene00197303.,0,0,0
WBGene00197304.,0,0,0
WBGene00197305.,0,0,0
WBGene00197306.,0,0,0
WBGene00197307.,0,8,8
WBGene00197308.,0,11,11
WBGene00197309.,0,0,0
WBGene00197310.,0,0,0
WBGene00197311.,0,0,0
WBGene00197312.,0,0,0
WBGene00197313.,0,4,4
WBGene00197314.,0,3,3
WBGene00197315.,0,0,0
WBGene00197316.,0,2,2
WBGene00197317.,0,0,0
WBGene00197318.,0,0,0
WBGene00197319.,0,1,1
WBGene00197320.,0,0,0
WBGene00197321.,0,6,6
WBGene00197322.,0,0,0
WBGene00197323.,0,4,4
WBGene00197324.,0,0,0
WBGene00197325.,0,0,0
WBGene00197326.,0,85,85
WBGene00197327.,0,4,4
WBGene00197328.,0,15,15
WBGene00197329.,0,0,0
WBGene00197330.,0,0,0
WBGene00197331.,0,5,5
WBGene00197332.,0,2,2
WBGene00197333.,0,1,1
WBGene00197334.,0,12,12
WBGene00197335.,0,14,14
WBGene00197336.,0,0,0
WBGene00197337.,0,1,1
WBGene00197338.,0,2,2
WBGene00197339.,0,1199,1199
WBGene00197340.,0,1,1
WBGene00197341.,0,2,2
WBGene00197342.,0,7,7
WBGene00197343.,0,7,7
WBGene00197344.,0,4,4
WBGene00197345.,0,0,0
WBGene00197346.,0,0,0
WBGene00197347.,0,3,3
WBGene00197348.,0,0,0
WBGene00197349.,0,4,4
WBGene00197350.,0,0,0
WBGene00197351.,0,8,8
WBGene00197352.,0,0,0
WBGene00197353.,0,0,0
WBGene00197354.,0,6,6
WBGene00197355.,0,0,0
WBGene00197356.,0,9,9
WBGene00197357.,0,1,1
WBGene00197358.,0,0,0
WBGene00197359.,0,1,1
WBGene00197360.,0,1,1
WBGene00197361.,0,0,0
WBGene00197362.,0,5,5
WBGene00197363.,0,2,2
WBGene00197364.,0,0,0
WBGene00197365.,0,0,0
WBGene00197366.,0,0,0
WBGene00197367.,0,0,0
WBGene00197368.,0,0,0
WBGene00197369.,0,0,0
WBGene00197370.,0,6,6
WBGene00197371.,0,1,1
WBGene00197372.,0,1,1
WBGene00197373.,0,61,61
WBGene00197374.,0,0,0
WBGene00197375.,0,14,14
WBGene00197376.,0,0,0
WBGene00197377.,0,0,0
WBGene00197378.,0,0,0
WBGene00197379.,0,0,0
WBGene00197380.,0,0,0
WBGene00197381.,0,0,0
WBGene00197382.,0,15,15
WBGene00197383.,0,0,0
WBGene00197384.,0,0,0
WBGene00197385.,0,0,0
WBGene00197386.,0,0,0
WBGene00197387.,0,0,0
WBGene00197388.,0,0,0
WBGene00197389.,0,0,0
WBGene00197390.,0,0,0
WBGene00197391.,0,0,0
WBGene00197392.,0,0,0
WBGene00197393.,0,0,0
WBGene00197394.,0,0,0
WBGene00197395.,0,74,74
WBGene00197396.,0,34,34
WBGene00197397.,0,0,0
WBGene00197398.,0,2,2
WBGene00197399.,0,52,52
WBGene00197400.,0,3,3
WBGene00197401.,0,0,0
WBGene00197402.,0,1,1
WBGene00197403.,0,1,1
WBGene00197404.,0,262,262
WBGene00197405.,0,0,0
WBGene00197406.,0,183,183
WBGene00197407.,0,0,0
WBGene00197408.,0,1,1
WBGene00197409.,0,1,1
WBGene00197410.,0,0,0
WBGene00197411.,0,90,90
WBGene00197412.,0,6,6
WBGene00197413.,0,2,2
WBGene00197414.,0,0,0
WBGene00197415.,0,0,0
WBGene00197416.,0,15,15
WBGene00197417.,0,0,0
WBGene00197418.,0,0,0
WBGene00197419.,0,0,0
WBGene00197420.,0,6,6
WBGene00197421.,0,0,0
WBGene00197422.,0,0,0
WBGene00197423.,0,0,0
WBGene00197424.,0,36,36
WBGene00197425.,0,4,4
WBGene00197426.,0,9,9
WBGene00197427.,0,0,0
WBGene00197428.,0,0,0
WBGene00197429.,0,0,0
WBGene00197430.,0,0,0
WBGene00197431.,0,1,1
WBGene00197432.,0,0,0
WBGene00197433.,0,0,0
WBGene00197434.,0,0,0
WBGene00197435.,0,3,3
WBGene00197436.,0,3,3
WBGene00197437.,0,6,6
WBGene00197438.,0,6,6
WBGene00197439.,0,0,0
WBGene00197440.,0,9,9
WBGene00197441.,0,7,7
WBGene00197442.,0,0,0
WBGene00197443.,0,0,0
WBGene00197444.,0,15,15
WBGene00197445.,0,2,2
WBGene00197446.,0,8,8
WBGene00197447.,0,0,0
WBGene00197448.,0,0,0
WBGene00197449.,0,0,0
WBGene00197450.,0,8,8
WBGene00197451.,0,3,3
WBGene00197452.,0,63,63
WBGene00197453.,0,0,0
WBGene00197454.,0,29,29
WBGene00197455.,0,4,4
WBGene00197456.,0,0,0
WBGene00197457.,0,0,0
WBGene00197458.,0,1,1
WBGene00197459.,0,0,0
WBGene00197460.,0,0,0
WBGene00197461.,0,0,0
WBGene00197462.,0,1,1
WBGene00197463.,0,0,0
WBGene00197464.,0,26,26
WBGene00197465.,0,1,1
WBGene00197466.,0,0,0
WBGene00197467.,0,5,5
WBGene00197468.,0,0,0
WBGene00197469.,0,0,0
WBGene00197470.,0,0,0
WBGene00197471.,0,3,3
WBGene00197472.,0,0,0
WBGene00197473.,0,1,1
WBGene00197474.,0,0,0
WBGene00197475.,0,2,2
WBGene00197476.,0,2,2
WBGene00197477.,0,30,30
WBGene00197478.,0,0,0
WBGene00197479.,0,2,2
WBGene00197480.,0,0,0
WBGene00197481.,0,15,15
WBGene00197482.,0,52,52
WBGene00197483.,0,8,8
WBGene00197484.,0,4,4
WBGene00197485.,0,1,1
WBGene00197486.,0,26,26
WBGene00197487.,0,1,1
WBGene00197488.,0,0,0
WBGene00197489.,0,1,1
WBGene00197490.,0,0,0
WBGene00197491.,0,1,1
WBGene00197492.,0,0,0
WBGene00197493.,0,0,0
WBGene00197494.,0,0,0
WBGene00197495.,0,2,2
WBGene00197496.,0,1,1
WBGene00197497.,0,0,0
WBGene00197498.,0,10,10
WBGene00197499.,0,0,0
WBGene00197500.,0,4,4
WBGene00197501.,0,1,1
WBGene00197502.,0,6,6
WBGene00197503.,0,1,1
WBGene00197504.,0,0,0
WBGene00197505.,0,0,0
WBGene00197506.,0,0,0
WBGene00197507.,0,0,0
WBGene00197508.,0,0,0
WBGene00197509.,0,6,6
WBGene00197510.,0,12,12
WBGene00197511.,0,77,77
WBGene00197512.,0,0,0
WBGene00197513.,0,0,0
WBGene00197514.,0,0,0
WBGene00197515.,0,72,72
WBGene00197516.,0,28,28
WBGene00197517.,0,35,35
WBGene00197518.,0,10,10
WBGene00197519.,0,0,0
WBGene00197520.,0,1,1
WBGene00197521.,0,18,18
WBGene00197522.,0,0,0
WBGene00197523.,0,1,1
WBGene00197524.,0,0,0
WBGene00197525.,0,16,16
WBGene00197526.,0,0,0
WBGene00197527.,0,2,2
WBGene00197528.,0,0,0
WBGene00197529.,0,21,21
WBGene00197530.,0,0,0
WBGene00197531.,0,0,0
WBGene00197532.,0,0,0
WBGene00197533.,0,5,5
WBGene00197534.,0,19,19
WBGene00197535.,0,2,2
WBGene00197536.,0,0,0
WBGene00197537.,0,0,0
WBGene00197538.,0,0,0
WBGene00197539.,0,0,0
WBGene00197540.,0,0,0
WBGene00197541.,0,24,24
WBGene00197542.,0,1,1
WBGene00197543.,0,1,1
WBGene00197544.,0,0,0
WBGene00197545.,0,0,0
WBGene00197546.,0,1,1
WBGene00197547.,0,0,0
WBGene00197548.,0,3,3
WBGene00197549.,0,0,0
WBGene00197550.,0,18,18
WBGene00197551.,0,0,0
WBGene00197552.,0,0,0
WBGene00197553.,0,1,1
WBGene00197554.,0,0,0
WBGene00197555.,0,2,2
WBGene00197556.,0,4,4
WBGene00197557.,0,0,0
WBGene00197558.,0,15,15
WBGene00197559.,0,2,2
WBGene00197560.,0,2,2
WBGene00197561.,0,0,0
WBGene00197562.,0,0,0
WBGene00197563.,0,1,1
WBGene00197564.,0,4,4
WBGene00197565.,0,0,0
WBGene00197566.,0,0,0
WBGene00197567.,0,0,0
WBGene00197568.,0,1,1
WBGene00197569.,0,0,0
WBGene00197570.,0,0,0
WBGene00197571.,0,0,0
WBGene00197572.,0,3,3
WBGene00197573.,0,2,2
WBGene00197574.,0,13,13
WBGene00197575.,0,0,0
WBGene00197576.,0,3,3
WBGene00197577.,0,12,12
WBGene00197578.,0,40,40
WBGene00197579.,0,14,14
WBGene00197580.,0,54,54
WBGene00197581.,0,7,7
WBGene00197582.,0,0,0
WBGene00197583.,0,22,22
WBGene00197584.,0,0,0
WBGene00197585.,0,15,15
WBGene00197586.,0,11,11
WBGene00197587.,0,2,2
WBGene00197588.,0,0,0
WBGene00197589.,0,0,0
WBGene00197590.,0,0,0
WBGene00197591.,0,27,27
WBGene00197592.,0,0,0
WBGene00197593.,0,0,0
WBGene00197594.,0,0,0
WBGene00197595.,0,2,2
WBGene00197596.,0,0,0
WBGene00197597.,0,6,6
WBGene00197598.,0,0,0
WBGene00197599.,0,3,3
WBGene00197600.,0,8,8
WBGene00197601.,0,29,29
WBGene00197602.,0,0,0
WBGene00197603.,0,1,1
WBGene00197604.,0,14,14
WBGene00197605.,0,1,1
WBGene00197606.,0,1,1
WBGene00197607.,0,0,0
WBGene00197608.,0,1,1
WBGene00197609.,0,17,17
WBGene00197610.,0,0,0
WBGene00197611.,0,3,3
WBGene00197612.,0,2,2
WBGene00197613.,0,0,0
WBGene00197614.,0,0,0
WBGene00197615.,0,10,10
WBGene00197616.,0,15,15
WBGene00197617.,0,2,2
WBGene00197618.,0,0,0
WBGene00197619.,0,1,1
WBGene00197620.,0,5,5
WBGene00197621.,0,337,337
WBGene00197622.,0,0,0
WBGene00197623.,0,0,0
WBGene00197624.,0,3,3
WBGene00197625.,0,27,27
WBGene00197626.,0,2,2
WBGene00197627.,0,4,4
WBGene00197628.,0,0,0
WBGene00197629.,0,0,0
WBGene00197630.,0,0,0
WBGene00197631.,0,0,0
WBGene00197632.,0,12,12
WBGene00197633.,0,33,33
WBGene00197634.,0,27,27
WBGene00197635.,0,0,0
WBGene00197636.,0,42,42
WBGene00197637.,0,0,0
WBGene00197638.,0,3,3
WBGene00197639.,0,0,0
WBGene00197640.,0,0,0
WBGene00197641.,0,0,0
WBGene00197642.,0,21,21
WBGene00197643.,0,0,0
WBGene00197644.,0,0,0
WBGene00197645.,0,0,0
WBGene00197646.,0,0,0
WBGene00197647.,0,41,41
WBGene00197648.,0,21,21
WBGene00197649.,0,3,3
WBGene00197650.,0,2,2
WBGene00197651.,0,0,0
WBGene00197652.,0,6,6
WBGene00197653.,0,0,0
WBGene00197654.,0,0,0
WBGene00197655.,0,1,1
WBGene00197656.,0,2,2
WBGene00197657.,0,9,9
WBGene00197658.,0,1,1
WBGene00197659.,0,3,3
WBGene00197660.,0,2,2
WBGene00197661.,0,0,0
WBGene00197662.,0,0,0
WBGene00197663.,0,0,0
WBGene00197664.,0,10,10
WBGene00197665.,0,2,2
WBGene00197666.,0,0,0
WBGene00197667.,0,44,44
WBGene00197668.,0,4,4
WBGene00197669.,0,8,8
WBGene00197670.,0,15,15
WBGene00197671.,0,4,4
WBGene00197672.,0,1,1
WBGene00197673.,0,0,0
WBGene00197674.,0,0,0
WBGene00197675.,0,0,0
WBGene00197676.,0,0,0
WBGene00197677.,0,0,0
WBGene00197678.,0,0,0
WBGene00197679.,0,13,13
WBGene00197680.,0,0,0
WBGene00197681.,0,0,0
WBGene00197682.,0,0,0
WBGene00197683.,0,0,0
WBGene00197684.,0,1,1
WBGene00197685.,0,0,0
WBGene00197686.,0,19,19
WBGene00197687.,0,2,2
WBGene00197688.,0,1,1
WBGene00197689.,0,0,0
WBGene00197690.,0,0,0
WBGene00197691.,0,36,36
WBGene00197692.,0,0,0
WBGene00197693.,0,0,0
WBGene00197694.,0,6,6
WBGene00197695.,0,1,1
WBGene00197696.,0,0,0
WBGene00197697.,0,0,0
WBGene00197698.,0,48,48
WBGene00197699.,0,1,1
WBGene00197700.,0,0,0
WBGene00197701.,0,2,2
WBGene00197702.,0,1,1
WBGene00197703.,0,3,3
WBGene00197704.,0,11,11
WBGene00197705.,0,9,9
WBGene00197706.,0,2,2
WBGene00197707.,0,12,12
WBGene00197708.,0,3,3
WBGene00197709.,0,10,10
WBGene00197710.,0,8,8
WBGene00197711.,0,0,0
WBGene00197712.,0,3,3
WBGene00197713.,0,0,0
WBGene00197714.,0,0,0
WBGene00197715.,0,3,3
WBGene00197716.,0,4,4
WBGene00197717.,0,1,1
WBGene00197718.,0,0,0
WBGene00197719.,0,0,0
WBGene00197720.,0,1,1
WBGene00197721.,0,1,1
WBGene00197722.,0,0,0
WBGene00197723.,0,0,0
WBGene00197724.,0,14,14
WBGene00197725.,0,0,0
WBGene00197726.,0,15,15
WBGene00197727.,0,4,4
WBGene00197728.,0,2,2
WBGene00197729.,0,1,1
WBGene00197730.,0,0,0
WBGene00197731.,0,1,1
WBGene00197732.,0,10,10
WBGene00197733.,0,0,0
WBGene00197734.,0,1,1
WBGene00197735.,0,0,0
WBGene00197736.,0,0,0
WBGene00197737.,0,0,0
WBGene00197738.,0,0,0
WBGene00197739.,0,16,16
WBGene00197740.,0,0,0
WBGene00197741.,0,1,1
WBGene00197742.,0,0,0
WBGene00197743.,0,2,2
WBGene00197744.,0,0,0
WBGene00197745.,0,0,0
WBGene00197746.,0,0,0
WBGene00197747.,0,0,0
WBGene00197748.,0,0,0
WBGene00197749.,0,8,8
WBGene00197750.,0,4,4
WBGene00197751.,0,0,0
WBGene00197752.,0,2,2
WBGene00197753.,0,5,5
WBGene00197754.,0,0,0
WBGene00197755.,0,0,0
WBGene00197756.,0,0,0
WBGene00197757.,0,18,18
WBGene00197758.,0,2,2
WBGene00197759.,0,4,4
WBGene00197760.,0,3,3
WBGene00197761.,0,1,1
WBGene00197762.,0,0,0
WBGene00197763.,0,19,19
WBGene00197764.,0,5,5
WBGene00197765.,0,0,0
WBGene00197766.,0,3,3
WBGene00197767.,0,0,0
WBGene00197768.,0,0,0
WBGene00197769.,0,2,2
WBGene00197770.,0,3,3
WBGene00197771.,0,0,0
WBGene00197772.,0,0,0
WBGene00197773.,0,0,0
WBGene00197774.,0,0,0
WBGene00197775.,0,6,6
WBGene00197776.,0,0,0
WBGene00197777.,0,0,0
WBGene00197778.,0,0,0
WBGene00197779.,0,12,12
WBGene00197780.,0,0,0
WBGene00197781.,0,5,5
WBGene00197782.,0,11,11
WBGene00197783.,0,4,4
WBGene00197784.,0,0,0
WBGene00197785.,0,0,0
WBGene00197786.,0,1,1
WBGene00197787.,0,3,3
WBGene00197788.,0,0,0
WBGene00197789.,0,0,0
WBGene00197790.,0,9,9
WBGene00197791.,0,8,8
WBGene00197792.,0,0,0
WBGene00197793.,0,12,12
WBGene00197794.,0,0,0
WBGene00197795.,0,13,13
WBGene00197796.,0,1,1
WBGene00197797.,0,0,0
WBGene00197798.,0,2,2
WBGene00197799.,0,0,0
WBGene00197800.,0,3,3
WBGene00197801.,0,2,2
WBGene00197802.,0,49,49
WBGene00197803.,0,55,55
WBGene00197804.,0,1,1
WBGene00197805.,0,17,17
WBGene00197806.,0,0,0
WBGene00197807.,0,0,0
WBGene00197808.,0,1,1
WBGene00197809.,0,0,0
WBGene00197810.,0,0,0
WBGene00197811.,0,0,0
WBGene00197812.,0,3,3
WBGene00197813.,0,2,2
WBGene00197814.,0,0,0
WBGene00197815.,0,0,0
WBGene00197816.,0,0,0
WBGene00197817.,0,2,2
WBGene00197818.,0,2,2
WBGene00197819.,0,0,0
WBGene00197820.,0,0,0
WBGene00197821.,0,3,3
WBGene00197822.,0,19,19
WBGene00197823.,0,0,0
WBGene00197824.,0,0,0
WBGene00197825.,0,6,6
WBGene00197826.,0,0,0
WBGene00197827.,0,0,0
WBGene00197828.,0,0,0
WBGene00197829.,0,4,4
WBGene00197830.,0,1,1
WBGene00197831.,0,0,0
WBGene00197832.,0,0,0
WBGene00197833.,0,0,0
WBGene00197834.,0,2,2
WBGene00197835.,0,0,0
WBGene00197836.,0,3,3
WBGene00197837.,0,0,0
WBGene00197838.,0,0,0
WBGene00197839.,0,1,1
WBGene00197840.,0,1,1
WBGene00197841.,0,0,0
WBGene00197842.,0,0,0
WBGene00197843.,0,0,0
WBGene00197844.,0,1,1
WBGene00197845.,0,6,6
WBGene00197846.,0,0,0
WBGene00197847.,0,49,49
WBGene00197848.,0,2,2
WBGene00197849.,0,1,1
WBGene00197850.,0,4,4
WBGene00197851.,0,0,0
WBGene00197852.,0,1,1
WBGene00197853.,0,21,21
WBGene00197854.,0,12,12
WBGene00197855.,0,3,3
WBGene00197856.,0,1,1
WBGene00197857.,0,39,39
WBGene00197858.,0,10,10
WBGene00197859.,0,0,0
WBGene00197860.,0,38,38
WBGene00197861.,0,0,0
WBGene00197862.,0,1,1
WBGene00197863.,0,11,11
WBGene00197864.,0,0,0
WBGene00197865.,0,26,26
WBGene00197866.,0,0,0
WBGene00197867.,0,4,4
WBGene00197868.,0,1,1
WBGene00197869.,0,1,1
WBGene00197870.,0,0,0
WBGene00197871.,0,4,4
WBGene00197872.,0,0,0
WBGene00197873.,0,16,16
WBGene00197874.,0,5,5
WBGene00197875.,0,11,11
WBGene00197876.,0,0,0
WBGene00197877.,0,0,0
WBGene00197878.,0,0,0
WBGene00197879.,0,27,27
WBGene00197880.,0,4,4
WBGene00197881.,0,0,0
WBGene00197882.,0,0,0
WBGene00197883.,0,32,32
WBGene00197884.,0,20,20
WBGene00197885.,0,5,5
WBGene00197886.,0,0,0
WBGene00197887.,0,6,6
WBGene00197888.,0,0,0
WBGene00197889.,0,6,6
WBGene00197890.,0,4,4
WBGene00197891.,0,0,0
WBGene00197892.,0,1,1
WBGene00197893.,0,0,0
WBGene00197894.,0,1,1
WBGene00197895.,0,0,0
WBGene00197896.,0,28,28
WBGene00197897.,0,0,0
WBGene00197898.,0,1,1
WBGene00197899.,0,13,13
WBGene00197900.,0,0,0
WBGene00197901.,0,0,0
WBGene00197902.,0,0,0
WBGene00197903.,0,16,16
WBGene00197904.,0,4,4
WBGene00197905.,0,0,0
WBGene00197906.,0,122,122
WBGene00197907.,0,0,0
WBGene00197908.,0,0,0
WBGene00197909.,0,12,12
WBGene00197910.,0,0,0
WBGene00197911.,0,0,0
WBGene00197912.,0,2,2
WBGene00197913.,0,15,15
WBGene00197914.,0,0,0
WBGene00197915.,0,0,0
WBGene00197916.,0,0,0
WBGene00197917.,0,0,0
WBGene00197918.,0,0,0
WBGene00197919.,0,0,0
WBGene00197920.,0,0,0
WBGene00197921.,0,476,476
WBGene00197922.,0,5,5
WBGene00197923.,0,108,108
WBGene00197924.,0,4,4
WBGene00197925.,0,5,5
WBGene00197926.,0,0,0
WBGene00197927.,0,2,2
WBGene00197928.,0,0,0
WBGene00197929.,0,0,0
WBGene00197930.,0,0,0
WBGene00197931.,0,2,2
WBGene00197932.,0,2,2
WBGene00197933.,0,0,0
WBGene00197934.,0,39,39
WBGene00197935.,0,0,0
WBGene00197936.,0,0,0
WBGene00197937.,0,0,0
WBGene00197938.,0,2,2
WBGene00197939.,0,0,0
WBGene00197940.,0,1,1
WBGene00197941.,0,5,5
WBGene00197942.,0,0,0
WBGene00197943.,0,0,0
WBGene00197944.,0,23,23
WBGene00197945.,0,5,5
WBGene00197946.,0,4,4
WBGene00197947.,0,0,0
WBGene00197948.,0,0,0
WBGene00197949.,0,9,9
WBGene00197950.,0,0,0
WBGene00197951.,0,2,2
WBGene00197952.,0,5,5
WBGene00197953.,0,1,1
WBGene00197954.,0,0,0
WBGene00197955.,0,1,1
WBGene00197956.,0,1,1
WBGene00197957.,0,2,2
WBGene00197958.,0,7,7
WBGene00197959.,0,10,10
WBGene00197960.,0,4,4
WBGene00197961.,0,1,1
WBGene00197962.,0,0,0
WBGene00197963.,0,0,0
WBGene00197964.,0,0,0
WBGene00197965.,0,4,4
WBGene00197966.,0,0,0
WBGene00197967.,0,0,0
WBGene00197968.,0,0,0
WBGene00197969.,0,6,6
WBGene00197970.,0,0,0
WBGene00197971.,0,42,42
WBGene00197972.,0,1,1
WBGene00197973.,0,20,20
WBGene00197974.,0,0,0
WBGene00197975.,0,0,0
WBGene00197976.,0,8,8
WBGene00197977.,0,0,0
WBGene00197978.,0,1,1
WBGene00197979.,0,1,1
WBGene00197980.,0,0,0
WBGene00197981.,0,1,1
WBGene00197982.,0,0,0
WBGene00197983.,0,10,10
WBGene00197984.,0,4,4
WBGene00197985.,0,0,0
WBGene00197986.,0,0,0
WBGene00197987.,0,0,0
WBGene00197988.,0,0,0
WBGene00197989.,0,1,1
WBGene00197990.,0,0,0
WBGene00197991.,0,16,16
WBGene00197992.,0,1,1
WBGene00197993.,0,4,4
WBGene00197994.,0,1,1
WBGene00197995.,0,9,9
WBGene00197996.,0,0,0
WBGene00197997.,0,2,2
WBGene00197998.,0,0,0
WBGene00197999.,0,1,1
WBGene00198000.,0,8,8
WBGene00198001.,0,0,0
WBGene00198002.,0,0,0
WBGene00198003.,0,1,1
WBGene00198004.,0,3,3
WBGene00198005.,0,0,0
WBGene00198006.,0,0,0
WBGene00198007.,0,0,0
WBGene00198008.,0,7,7
WBGene00198009.,0,0,0
WBGene00198010.,0,0,0
WBGene00198011.,0,0,0
WBGene00198012.,0,0,0
WBGene00198013.,0,0,0
WBGene00198014.,0,16,16
WBGene00198015.,0,0,0
WBGene00198016.,0,0,0
WBGene00198017.,0,2,2
WBGene00198018.,0,9,9
WBGene00198019.,0,5,5
WBGene00198020.,0,8,8
WBGene00198021.,0,88,88
WBGene00198022.,0,0,0
WBGene00198023.,0,0,0
WBGene00198024.,0,0,0
WBGene00198025.,0,5,5
WBGene00198026.,0,0,0
WBGene00198027.,0,0,0
WBGene00198028.,0,0,0
WBGene00198029.,0,1,1
WBGene00198030.,0,0,0
WBGene00198031.,0,0,0
WBGene00198032.,0,1,1
WBGene00198033.,0,0,0
WBGene00198034.,0,0,0
WBGene00198035.,0,0,0
WBGene00198036.,0,1,1
WBGene00198037.,0,0,0
WBGene00198038.,0,0,0
WBGene00198039.,0,0,0
WBGene00198040.,0,0,0
WBGene00198041.,0,0,0
WBGene00198042.,0,4,4
WBGene00198043.,0,0,0
WBGene00198044.,0,0,0
WBGene00198045.,0,0,0
WBGene00198046.,0,1,1
WBGene00198047.,0,21,21
WBGene00198048.,0,3,3
WBGene00198049.,0,0,0
WBGene00198050.,0,0,0
WBGene00198051.,0,9,9
WBGene00198052.,0,3,3
WBGene00198053.,0,10,10
WBGene00198054.,0,0,0
WBGene00198055.,0,0,0
WBGene00198056.,0,1,1
WBGene00198057.,0,2,2
WBGene00198058.,0,0,0
WBGene00198059.,0,0,0
WBGene00198060.,0,0,0
WBGene00198061.,0,4,4
WBGene00198062.,0,0,0
WBGene00198063.,0,2,2
WBGene00198064.,0,70,70
WBGene00198065.,0,3,3
WBGene00198066.,0,1,1
WBGene00198067.,0,0,0
WBGene00198068.,0,0,0
WBGene00198069.,0,1,1
WBGene00198070.,0,0,0
WBGene00198071.,0,0,0
WBGene00198072.,0,0,0
WBGene00198073.,0,0,0
WBGene00198074.,0,0,0
WBGene00198075.,0,49,49
WBGene00198076.,0,0,0
WBGene00198077.,0,2,2
WBGene00198078.,0,0,0
WBGene00198079.,0,0,0
WBGene00198080.,0,0,0
WBGene00198081.,0,3,3
WBGene00198082.,0,0,0
WBGene00198083.,0,8,8
WBGene00198084.,0,0,0
WBGene00198085.,0,5,5
WBGene00198086.,0,0,0
WBGene00198087.,0,0,0
WBGene00198088.,0,40,40
WBGene00198089.,0,0,0
WBGene00198090.,0,3,3
WBGene00198091.,0,24,24
WBGene00198092.,0,1,1
WBGene00198093.,0,25,25
WBGene00198094.,0,47,47
WBGene00198095.,0,2,2
WBGene00198096.,0,8,8
WBGene00198097.,0,0,0
WBGene00198098.,0,0,0
WBGene00198099.,0,0,0
WBGene00198100.,0,0,0
WBGene00198101.,0,3,3
WBGene00198102.,0,0,0
WBGene00198103.,0,0,0
WBGene00198104.,0,16,16
WBGene00198105.,0,1,1
WBGene00198106.,0,4,4
WBGene00198107.,0,0,0
WBGene00198108.,0,39,39
WBGene00198109.,0,0,0
WBGene00198110.,0,4,4
WBGene00198111.,0,1,1
WBGene00198112.,0,10,10
WBGene00198113.,0,1,1
WBGene00198114.,0,1,1
WBGene00198115.,0,15,15
WBGene00198116.,0,2,2
WBGene00198117.,0,0,0
WBGene00198118.,0,3,3
WBGene00198119.,0,96,96
WBGene00198120.,0,48,48
WBGene00198121.,0,1,1
WBGene00198122.,0,22,22
WBGene00198123.,0,0,0
WBGene00198124.,0,68,68
WBGene00198125.,0,0,0
WBGene00198126.,0,3,3
WBGene00198127.,0,15,15
WBGene00198128.,0,0,0
WBGene00198129.,0,0,0
WBGene00198130.,0,2,2
WBGene00198131.,0,27,27
WBGene00198132.,0,5,5
WBGene00198133.,0,2,2
WBGene00198134.,0,35,35
WBGene00198135.,0,7,7
WBGene00198136.,0,5,5
WBGene00198137.,0,0,0
WBGene00198138.,0,9,9
WBGene00198139.,0,1,1
WBGene00198140.,0,0,0
WBGene00198141.,0,1,1
WBGene00198142.,0,13,13
WBGene00198143.,0,1,1
WBGene00198144.,0,0,0
WBGene00198145.,0,11,11
WBGene00198146.,0,0,0
WBGene00198147.,0,0,0
WBGene00198148.,0,4,4
WBGene00198149.,0,4,4
WBGene00198150.,0,1,1
WBGene00198151.,0,3,3
WBGene00198152.,0,1,1
WBGene00198153.,0,19,19
WBGene00198154.,0,11,11
WBGene00198155.,0,0,0
WBGene00198156.,0,2,2
WBGene00198157.,0,2,2
WBGene00198158.,0,0,0
WBGene00198159.,0,1,1
WBGene00198160.,0,0,0
WBGene00198161.,0,0,0
WBGene00198162.,0,97,97
WBGene00198163.,0,0,0
WBGene00198164.,0,0,0
WBGene00198165.,0,1,1
WBGene00198166.,0,0,0
WBGene00198167.,0,6,6
WBGene00198168.,0,0,0
WBGene00198169.,0,21,21
WBGene00198170.,0,0,0
WBGene00198171.,0,24,24
WBGene00198172.,0,1,1
WBGene00198173.,0,0,0
WBGene00198174.,0,31,31
WBGene00198175.,0,2,2
WBGene00198176.,0,2,2
WBGene00198177.,0,4,4
WBGene00198178.,0,21,21
WBGene00198179.,0,0,0
WBGene00198180.,0,1,1
WBGene00198181.,0,2,2
WBGene00198182.,0,45,45
WBGene00198183.,0,8,8
WBGene00198184.,0,1,1
WBGene00198185.,0,0,0
WBGene00198186.,0,0,0
WBGene00198187.,0,3,3
WBGene00198188.,0,28,28
WBGene00198189.,0,0,0
WBGene00198190.,0,0,0
WBGene00198191.,0,4,4
WBGene00198192.,0,1,1
WBGene00198193.,0,4,4
WBGene00198194.,0,2,2
WBGene00198195.,0,0,0
WBGene00198196.,0,3,3
WBGene00198197.,0,0,0
WBGene00198198.,0,1,1
WBGene00198199.,0,0,0
WBGene00198200.,0,32,32
WBGene00198201.,0,0,0
WBGene00198202.,0,0,0
WBGene00198203.,0,3,3
WBGene00198204.,0,0,0
WBGene00198205.,0,0,0
WBGene00198206.,0,1,1
WBGene00198207.,0,2,2
WBGene00198208.,0,0,0
WBGene00198209.,0,12,12
WBGene00198210.,0,9,9
WBGene00198211.,0,0,0
WBGene00198212.,0,0,0
WBGene00198213.,0,35,35
WBGene00198214.,0,21,21
WBGene00198215.,0,17,17
WBGene00198216.,0,32,32
WBGene00198217.,0,0,0
WBGene00198218.,0,3,3
WBGene00198219.,0,0,0
WBGene00198220.,0,0,0
WBGene00198221.,0,0,0
WBGene00198222.,0,0,0
WBGene00198223.,0,0,0
WBGene00198224.,0,43,43
WBGene00198225.,0,68,68
WBGene00198226.,0,2,2
WBGene00198227.,0,1,1
WBGene00198228.,0,0,0
WBGene00198229.,0,5,5
WBGene00198230.,0,3,3
WBGene00198231.,0,1,1
WBGene00198232.,0,1,1
WBGene00198233.,0,2,2
WBGene00198234.,0,30,30
WBGene00198235.,0,0,0
WBGene00198236.,0,4,4
WBGene00198237.,0,1,1
WBGene00198238.,0,0,0
WBGene00198239.,0,0,0
WBGene00198240.,0,9,9
WBGene00198241.,0,6,6
WBGene00198242.,0,64,64
WBGene00198243.,0,0,0
WBGene00198244.,0,1,1
WBGene00198245.,0,1,1
WBGene00198246.,0,15,15
WBGene00198247.,0,9,9
WBGene00198248.,0,1,1
WBGene00198249.,0,2,2
WBGene00198250.,0,1,1
WBGene00198251.,0,2,2
WBGene00198252.,0,0,0
WBGene00198253.,0,0,0
WBGene00198254.,0,1,1
WBGene00198255.,0,0,0
WBGene00198256.,0,1,1
WBGene00198257.,0,22,22
WBGene00198258.,0,10,10
WBGene00198259.,0,1,1
WBGene00198260.,0,8,8
WBGene00198261.,0,1,1
WBGene00198262.,0,7,7
WBGene00198263.,0,3,3
WBGene00198264.,0,0,0
WBGene00198265.,0,0,0
WBGene00198266.,0,0,0
WBGene00198267.,0,0,0
WBGene00198268.,0,1,1
WBGene00198269.,0,2,2
WBGene00198270.,0,17,17
WBGene00198271.,0,0,0
WBGene00198272.,0,0,0
WBGene00198273.,0,1,1
WBGene00198274.,0,0,0
WBGene00198275.,0,0,0
WBGene00198276.,0,0,0
WBGene00198277.,0,31,31
WBGene00198278.,0,4,4
WBGene00198279.,0,4,4
WBGene00198280.,0,6,6
WBGene00198281.,0,3,3
WBGene00198282.,0,0,0
WBGene00198283.,0,0,0
WBGene00198284.,0,1,1
WBGene00198285.,0,0,0
WBGene00198286.,0,1,1
WBGene00198287.,0,6,6
WBGene00198288.,0,0,0
WBGene00198289.,0,0,0
WBGene00198290.,0,4,4
WBGene00198291.,0,0,0
WBGene00198292.,0,4,4
WBGene00198293.,0,0,0
WBGene00198294.,0,0,0
WBGene00198295.,0,0,0
WBGene00198296.,0,0,0
WBGene00198297.,0,0,0
WBGene00198298.,0,22,22
WBGene00198299.,0,0,0
WBGene00198300.,0,332,332
WBGene00198301.,0,0,0
WBGene00198302.,0,0,0
WBGene00198303.,0,4,4
WBGene00198304.,0,2,2
WBGene00198305.,0,0,0
WBGene00198306.,0,3,3
WBGene00198307.,0,123,123
WBGene00198308.,0,5,5
WBGene00198309.,0,0,0
WBGene00198310.,0,0,0
WBGene00198311.,0,11,11
WBGene00198312.,0,11,11
WBGene00198313.,0,0,0
WBGene00198314.,0,1,1
WBGene00198315.,0,59,59
WBGene00198316.,0,2,2
WBGene00198317.,0,0,0
WBGene00198318.,0,0,0
WBGene00198319.,0,0,0
WBGene00198320.,0,11,11
WBGene00198321.,0,0,0
WBGene00198322.,0,0,0
WBGene00198323.,0,1,1
WBGene00198324.,0,4,4
WBGene00198325.,0,1,1
WBGene00198326.,0,86,86
WBGene00198327.,0,0,0
WBGene00198328.,0,0,0
WBGene00198329.,0,0,0
WBGene00198330.,0,1,1
WBGene00198331.,0,5,5
WBGene00198332.,0,0,0
WBGene00198333.,0,0,0
WBGene00198334.,0,1,1
WBGene00198335.,0,0,0
WBGene00198336.,0,1,1
WBGene00198337.,0,1,1
WBGene00198338.,0,0,0
WBGene00198339.,0,1,1
WBGene00198340.,0,3,3
WBGene00198341.,0,21,21
WBGene00198342.,0,0,0
WBGene00198343.,0,0,0
WBGene00198344.,0,8,8
WBGene00198345.,0,0,0
WBGene00198346.,0,1,1
WBGene00198347.,0,3,3
WBGene00198348.,0,7,7
WBGene00198349.,0,1,1
WBGene00198350.,0,2,2
WBGene00198351.,0,7,7
WBGene00198352.,0,0,0
WBGene00198353.,0,0,0
WBGene00198354.,0,7,7
WBGene00198355.,0,2,2
WBGene00198356.,0,3,3
WBGene00198357.,0,0,0
WBGene00198358.,0,0,0
WBGene00198359.,0,0,0
WBGene00198360.,0,0,0
WBGene00198361.,0,4,4
WBGene00198362.,0,0,0
WBGene00198363.,0,0,0
WBGene00198364.,0,53,53
WBGene00198365.,0,86,86
WBGene00198366.,0,4,4
WBGene00198367.,0,2,2
WBGene00198368.,0,43,43
WBGene00198369.,0,0,0
WBGene00198370.,0,7,7
WBGene00198371.,0,0,0
WBGene00198372.,0,0,0
WBGene00198373.,0,2,2
WBGene00198374.,0,0,0
WBGene00198375.,0,0,0
WBGene00198376.,0,1,1
WBGene00198377.,0,1,1
WBGene00198378.,0,0,0
WBGene00198379.,0,6,6
WBGene00198380.,0,0,0
WBGene00198381.,0,11,11
WBGene00198382.,0,0,0
WBGene00198383.,0,15,15
WBGene00198384.,0,0,0
WBGene00198385.,0,15,15
WBGene00198386.,0,20,20
WBGene00198387.,0,0,0
WBGene00198388.,0,0,0
WBGene00198389.,0,1,1
WBGene00198390.,0,1,1
WBGene00198391.,0,1,1
WBGene00198392.,0,0,0
WBGene00198393.,0,36,36
WBGene00198394.,0,1,1
WBGene00198395.,0,0,0
WBGene00198396.,0,3,3
WBGene00198397.,0,2,2
WBGene00198398.,0,0,0
WBGene00198399.,0,37,37
WBGene00198400.,0,0,0
WBGene00198401.,0,4,4
WBGene00198402.,0,2,2
WBGene00198403.,0,1,1
WBGene00198404.,0,12,12
WBGene00198405.,0,0,0
WBGene00198406.,0,9,9
WBGene00198407.,0,0,0
WBGene00198408.,0,0,0
WBGene00198409.,0,3,3
WBGene00198410.,0,0,0
WBGene00198411.,0,0,0
WBGene00198412.,0,0,0
WBGene00198413.,0,0,0
WBGene00198414.,0,23,23
WBGene00198415.,0,0,0
WBGene00198416.,0,0,0
WBGene00198417.,0,0,0
WBGene00198418.,0,0,0
WBGene00198419.,0,3,3
WBGene00198420.,0,0,0
WBGene00198421.,0,0,0
WBGene00198422.,0,0,0
WBGene00198423.,0,7,7
WBGene00198424.,0,0,0
WBGene00198425.,0,1,1
WBGene00198426.,0,16,16
WBGene00198427.,0,0,0
WBGene00198428.,0,0,0
WBGene00198429.,0,101,101
WBGene00198430.,0,0,0
WBGene00198431.,0,2,2
WBGene00198432.,0,0,0
WBGene00198433.,0,2,2
WBGene00198434.,0,0,0
WBGene00198435.,0,1,1
WBGene00198436.,0,3,3
WBGene00198437.,0,4,4
WBGene00198438.,0,1,1
WBGene00198439.,0,0,0
WBGene00198440.,0,7,7
WBGene00198441.,0,15,15
WBGene00198442.,0,0,0
WBGene00198443.,0,0,0
WBGene00198444.,0,1,1
WBGene00198445.,0,1,1
WBGene00198446.,0,0,0
WBGene00198447.,0,0,0
WBGene00198448.,0,0,0
WBGene00198449.,0,0,0
WBGene00198450.,0,6,6
WBGene00198451.,0,0,0
WBGene00198452.,0,0,0
WBGene00198453.,0,0,0
WBGene00198454.,0,0,0
WBGene00198455.,0,0,0
WBGene00198456.,0,0,0
WBGene00198457.,0,0,0
WBGene00198458.,0,0,0
WBGene00198459.,0,1,1
WBGene00198460.,0,5,5
WBGene00198461.,0,0,0
WBGene00198462.,0,0,0
WBGene00198463.,0,0,0
WBGene00198464.,0,1,1
WBGene00198465.,0,2,2
WBGene00198466.,0,13,13
WBGene00198467.,0,2,2
WBGene00198468.,0,72,72
WBGene00198469.,0,2,2
WBGene00198470.,0,113,113
WBGene00198471.,0,0,0
WBGene00198472.,0,5,5
WBGene00198473.,0,0,0
WBGene00198474.,0,4,4
WBGene00198475.,0,1,1
WBGene00198476.,0,5,5
WBGene00198477.,0,1,1
WBGene00198478.,0,4,4
WBGene00198479.,0,8,8
WBGene00198480.,0,5,5
WBGene00198481.,0,0,0
WBGene00198482.,0,2,2
WBGene00198483.,0,1,1
WBGene00198484.,0,0,0
WBGene00198485.,0,7,7
WBGene00198486.,0,2,2
WBGene00198487.,0,0,0
WBGene00198488.,0,0,0
WBGene00198489.,0,23,23
WBGene00198490.,0,3,3
WBGene00198491.,0,7,7
WBGene00198492.,0,3,3
WBGene00198493.,0,3,3
WBGene00198494.,0,0,0
WBGene00198495.,0,0,0
WBGene00198496.,0,2,2
WBGene00198497.,0,1,1
WBGene00198498.,0,0,0
WBGene00198499.,0,21,21
WBGene00198500.,0,0,0
WBGene00198501.,0,0,0
WBGene00198502.,0,0,0
WBGene00198503.,0,0,0
WBGene00198504.,0,6,6
WBGene00198505.,0,0,0
WBGene00198506.,0,45,45
WBGene00198507.,0,0,0
WBGene00198508.,0,2,2
WBGene00198509.,0,1,1
WBGene00198510.,0,0,0
WBGene00198511.,0,6,6
WBGene00198512.,0,15,15
WBGene00198513.,0,0,0
WBGene00198514.,0,0,0
WBGene00198515.,0,70,70
WBGene00198516.,0,3,3
WBGene00198517.,0,4,4
WBGene00198518.,0,0,0
WBGene00198519.,0,3,3
WBGene00198520.,0,11,11
WBGene00198521.,0,0,0
WBGene00198522.,0,0,0
WBGene00198523.,0,90,90
WBGene00198524.,0,0,0
WBGene00198525.,0,1,1
WBGene00198526.,0,8,8
WBGene00198527.,0,1,1
WBGene00198528.,0,1,1
WBGene00198529.,0,3,3
WBGene00198530.,0,17,17
WBGene00198531.,0,0,0
WBGene00198532.,0,3,3
WBGene00198533.,0,0,0
WBGene00198534.,0,19,19
WBGene00198535.,0,2,2
WBGene00198536.,0,9,9
WBGene00198537.,0,5,5
WBGene00198538.,0,0,0
WBGene00198539.,0,0,0
WBGene00198540.,0,2,2
WBGene00198541.,0,2,2
WBGene00198542.,0,11,11
WBGene00198543.,0,4,4
WBGene00198544.,0,0,0
WBGene00198545.,0,0,0
WBGene00198546.,0,2,2
WBGene00198547.,0,0,0
WBGene00198548.,0,0,0
WBGene00198549.,0,4,4
WBGene00198550.,0,37,37
WBGene00198551.,0,34,34
WBGene00198552.,0,4,4
WBGene00198553.,0,1,1
WBGene00198554.,0,5,5
WBGene00198555.,0,0,0
WBGene00198556.,0,0,0
WBGene00198557.,0,0,0
WBGene00198558.,0,43,43
WBGene00198559.,0,0,0
WBGene00198560.,0,0,0
WBGene00198561.,0,0,0
WBGene00198562.,0,0,0
WBGene00198563.,0,42,42
WBGene00198564.,0,0,0
WBGene00198565.,0,2,2
WBGene00198566.,0,0,0
WBGene00198567.,0,0,0
WBGene00198568.,0,13,13
WBGene00198569.,0,1,1
WBGene00198570.,0,0,0
WBGene00198571.,0,0,0
WBGene00198572.,0,0,0
WBGene00198573.,0,0,0
WBGene00198574.,0,0,0
WBGene00198575.,0,40,40
WBGene00198576.,0,4,4
WBGene00198577.,0,0,0
WBGene00198578.,0,1,1
WBGene00198579.,0,6,6
WBGene00198580.,0,0,0
WBGene00198581.,0,2,2
WBGene00198582.,0,6,6
WBGene00198583.,0,4,4
WBGene00198584.,0,1,1
WBGene00198585.,0,25,25
WBGene00198586.,0,2,2
WBGene00198587.,0,0,0
WBGene00198588.,0,0,0
WBGene00198589.,0,0,0
WBGene00198590.,0,0,0
WBGene00198591.,0,2,2
WBGene00198592.,0,0,0
WBGene00198593.,0,14,14
WBGene00198594.,0,6,6
WBGene00198595.,0,0,0
WBGene00198596.,0,117,117
WBGene00198597.,0,0,0
WBGene00198598.,0,11,11
WBGene00198599.,0,25,25
WBGene00198600.,0,3,3
WBGene00198601.,0,15,15
WBGene00198602.,0,1,1
WBGene00198603.,0,2,2
WBGene00198604.,0,4,4
WBGene00198605.,0,0,0
WBGene00198606.,0,0,0
WBGene00198607.,0,1,1
WBGene00198608.,0,3,3
WBGene00198609.,0,0,0
WBGene00198610.,0,0,0
WBGene00198611.,0,0,0
WBGene00198612.,0,0,0
WBGene00198613.,0,0,0
WBGene00198614.,0,0,0
WBGene00198615.,0,2,2
WBGene00198616.,0,0,0
WBGene00198617.,0,1,1
WBGene00198618.,0,6,6
WBGene00198619.,0,0,0
WBGene00198620.,0,2,2
WBGene00198621.,0,207,207
WBGene00198622.,0,0,0
WBGene00198623.,0,0,0
WBGene00198624.,0,0,0
WBGene00198625.,0,0,0
WBGene00198626.,0,0,0
WBGene00198627.,0,4,4
WBGene00198628.,0,0,0
WBGene00198629.,0,0,0
WBGene00198630.,0,0,0
WBGene00198631.,0,18,18
WBGene00198632.,0,10,10
WBGene00198633.,0,17,17
WBGene00198634.,0,47,47
WBGene00198635.,0,0,0
WBGene00198636.,0,1,1
WBGene00198637.,0,44,44
WBGene00198638.,0,2,2
WBGene00198639.,0,2,2
WBGene00198640.,0,0,0
WBGene00198641.,0,25,25
WBGene00198642.,0,238,238
WBGene00198643.,0,0,0
WBGene00198644.,0,0,0
WBGene00198645.,0,32,32
WBGene00198646.,0,3,3
WBGene00198647.,0,0,0
WBGene00198648.,0,1,1
WBGene00198649.,0,0,0
WBGene00198650.,0,3,3
WBGene00198651.,0,0,0
WBGene00198652.,0,0,0
WBGene00198653.,0,0,0
WBGene00198654.,0,0,0
WBGene00198655.,0,9,9
WBGene00198656.,0,0,0
WBGene00198657.,0,0,0
WBGene00198658.,0,14,14
WBGene00198659.,0,0,0
WBGene00198660.,0,1,1
WBGene00198661.,0,1,1
WBGene00198662.,0,25,25
WBGene00198663.,0,1,1
WBGene00198664.,0,4,4
WBGene00198665.,0,3,3
WBGene00198666.,0,0,0
WBGene00198667.,0,0,0
WBGene00198668.,0,21,21
WBGene00198669.,0,0,0
WBGene00198670.,0,0,0
WBGene00198671.,0,2,2
WBGene00198672.,0,1,1
WBGene00198673.,0,0,0
WBGene00198674.,0,3,3
WBGene00198675.,0,0,0
WBGene00198676.,0,0,0
WBGene00198677.,0,1,1
WBGene00198678.,0,0,0
WBGene00198679.,0,2,2
WBGene00198680.,0,0,0
WBGene00198681.,0,1,1
WBGene00198682.,0,0,0
WBGene00198683.,0,14,14
WBGene00198684.,0,0,0
WBGene00198685.,0,1,1
WBGene00198686.,0,1,1
WBGene00198687.,0,0,0
WBGene00198688.,0,0,0
WBGene00198689.,0,1,1
WBGene00198690.,0,1,1
WBGene00198691.,0,1,1
WBGene00198692.,0,9,9
WBGene00198693.,0,0,0
WBGene00198694.,0,0,0
WBGene00198695.,0,0,0
WBGene00198696.,0,0,0
WBGene00198697.,0,17,17
WBGene00198698.,0,0,0
WBGene00198699.,0,0,0
WBGene00198700.,0,0,0
WBGene00198701.,0,5,5
WBGene00198702.,0,1,1
WBGene00198703.,0,7,7
WBGene00198704.,0,5,5
WBGene00198705.,0,0,0
WBGene00198706.,0,9,9
WBGene00198707.,0,2,2
WBGene00198708.,0,0,0
WBGene00198709.,0,10,10
WBGene00198710.,0,1,1
WBGene00198711.,0,3,3
WBGene00198712.,0,0,0
WBGene00198713.,0,19,19
WBGene00198714.,0,0,0
WBGene00198715.,0,0,0
WBGene00198716.,0,4,4
WBGene00198717.,0,0,0
WBGene00198718.,0,14,14
WBGene00198719.,0,0,0
WBGene00198720.,0,0,0
WBGene00198721.,0,33,33
WBGene00198722.,0,0,0
WBGene00198723.,0,0,0
WBGene00198724.,0,1,1
WBGene00198725.,0,1,1
WBGene00198726.,0,1,1
WBGene00198727.,0,0,0
WBGene00198728.,0,13,13
WBGene00198729.,0,1,1
WBGene00198730.,0,0,0
WBGene00198731.,0,17,17
WBGene00198732.,0,3,3
WBGene00198733.,0,8,8
WBGene00198734.,0,4,4
WBGene00198735.,0,0,0
WBGene00198736.,0,0,0
WBGene00198737.,0,36,36
WBGene00198738.,0,2,2
WBGene00198739.,0,11,11
WBGene00198740.,0,7,7
WBGene00198741.,0,0,0
WBGene00198742.,0,2,2
WBGene00198743.,0,0,0
WBGene00198744.,0,7,7
WBGene00198745.,0,1,1
WBGene00198746.,0,9,9
WBGene00198747.,0,4,4
WBGene00198748.,0,14,14
WBGene00198749.,0,6,6
WBGene00198750.,0,0,0
WBGene00198751.,0,0,0
WBGene00198752.,0,0,0
WBGene00198753.,0,4,4
WBGene00198754.,0,0,0
WBGene00198755.,0,0,0
WBGene00198756.,0,113,113
WBGene00198757.,0,0,0
WBGene00198758.,0,0,0
WBGene00198759.,0,12,12
WBGene00198760.,0,0,0
WBGene00198761.,0,8,8
WBGene00198762.,0,0,0
WBGene00198763.,0,0,0
WBGene00198764.,0,2,2
WBGene00198765.,0,0,0
WBGene00198766.,0,0,0
WBGene00198767.,0,1,1
WBGene00198768.,0,3,3
WBGene00198769.,0,0,0
WBGene00198770.,0,1,1
WBGene00198771.,0,3,3
WBGene00198772.,0,0,0
WBGene00198773.,0,0,0
WBGene00198774.,0,6,6
WBGene00198775.,0,4,4
WBGene00198776.,0,2,2
WBGene00198777.,0,4,4
WBGene00198778.,0,0,0
WBGene00198779.,0,0,0
WBGene00198780.,0,3,3
WBGene00198781.,0,0,0
WBGene00198782.,0,24,24
WBGene00198783.,0,0,0
WBGene00198784.,0,0,0
WBGene00198785.,0,0,0
WBGene00198786.,0,29,29
WBGene00198787.,0,4,4
WBGene00198788.,0,0,0
WBGene00198789.,0,0,0
WBGene00198790.,0,4,4
WBGene00198791.,0,0,0
WBGene00198792.,0,0,0
WBGene00198793.,0,0,0
WBGene00198794.,0,0,0
WBGene00198795.,0,0,0
WBGene00198796.,0,0,0
WBGene00198797.,0,0,0
WBGene00198798.,0,29,29
WBGene00198799.,0,32,32
WBGene00198800.,0,0,0
WBGene00198801.,0,1,1
WBGene00198802.,0,0,0
WBGene00198803.,0,4,4
WBGene00198804.,0,20,20
WBGene00198805.,0,0,0
WBGene00198806.,0,0,0
WBGene00198807.,0,0,0
WBGene00198808.,0,1,1
WBGene00198809.,0,4,4
WBGene00198810.,0,68,68
WBGene00198811.,0,1,1
WBGene00198812.,0,0,0
WBGene00198813.,0,0,0
WBGene00198814.,0,64541,64541
WBGene00198815.,0,0,0
WBGene00198816.,0,0,0
WBGene00198817.,0,0,0
WBGene00198818.,0,1,1
WBGene00198819.,0,2,2
WBGene00198820.,0,2,2
WBGene00198821.,0,0,0
WBGene00198822.,0,1,1
WBGene00198823.,0,0,0
WBGene00198824.,0,0,0
WBGene00198825.,0,0,0
WBGene00198826.,0,5,5
WBGene00198827.,0,5,5
WBGene00198828.,0,0,0
WBGene00198829.,0,0,0
WBGene00198830.,0,4,4
WBGene00198831.,0,3,3
WBGene00198832.,0,0,0
WBGene00198833.,0,0,0
WBGene00198834.,0,0,0
WBGene00198835.,0,0,0
WBGene00198836.,0,2,2
WBGene00198837.,0,0,0
WBGene00198838.,0,0,0
WBGene00198839.,0,2,2
WBGene00198840.,0,2,2
WBGene00198841.,0,2,2
WBGene00198842.,0,0,0
WBGene00198843.,0,0,0
WBGene00198844.,0,0,0
WBGene00198845.,0,0,0
WBGene00198846.,0,0,0
WBGene00198847.,0,0,0
WBGene00198848.,0,0,0
WBGene00198849.,0,0,0
WBGene00198850.,0,0,0
WBGene00198851.,0,6,6
WBGene00198852.,0,10,10
WBGene00198853.,0,15,15
WBGene00198854.,0,1,1
WBGene00198855.,0,6,6
WBGene00198856.,0,5,5
WBGene00198857.,0,0,0
WBGene00198858.,0,6,6
WBGene00198859.,0,0,0
WBGene00198860.,0,0,0
WBGene00198861.,0,0,0
WBGene00198862.,0,3,3
WBGene00198863.,0,0,0
WBGene00198864.,0,1,1
WBGene00198865.,0,0,0
WBGene00198866.,0,0,0
WBGene00198867.,0,0,0
WBGene00198868.,0,1,1
WBGene00198869.,0,0,0
WBGene00198870.,0,0,0
WBGene00198871.,0,0,0
WBGene00198872.,0,0,0
WBGene00198873.,0,3,3
WBGene00198874.,0,0,0
WBGene00198875.,0,0,0
WBGene00198876.,0,0,0
WBGene00198877.,0,0,0
WBGene00198878.,0,1,1
WBGene00198879.,0,0,0
WBGene00198880.,0,2,2
WBGene00198881.,0,6,6
WBGene00198882.,0,9,9
WBGene00198883.,0,0,0
WBGene00198884.,0,0,0
WBGene00198885.,0,3,3
WBGene00198886.,0,0,0
WBGene00198887.,0,17,17
WBGene00198888.,0,1,1
WBGene00198889.,0,0,0
WBGene00198890.,0,36,36
WBGene00198891.,0,0,0
WBGene00198892.,0,1,1
WBGene00198893.,0,0,0
WBGene00198894.,0,0,0
WBGene00198895.,0,0,0
WBGene00198896.,0,6,6
WBGene00198897.,0,4,4
WBGene00198898.,0,2,2
WBGene00198899.,0,0,0
WBGene00198900.,0,0,0
WBGene00198901.,0,6,6
WBGene00198902.,0,0,0
WBGene00198903.,0,0,0
WBGene00198904.,0,12,12
WBGene00198905.,0,24,24
WBGene00198906.,0,0,0
WBGene00198907.,0,6,6
WBGene00198908.,0,0,0
WBGene00198909.,0,0,0
WBGene00198910.,0,0,0
WBGene00198911.,0,0,0
WBGene00198912.,0,5,5
WBGene00198913.,0,0,0
WBGene00198914.,0,8,8
WBGene00198915.,0,0,0
WBGene00198916.,0,2,2
WBGene00198917.,0,0,0
WBGene00198918.,0,3,3
WBGene00198919.,0,0,0
WBGene00198920.,0,0,0
WBGene00198921.,0,0,0
WBGene00198922.,0,3,3
WBGene00198923.,0,0,0
WBGene00198924.,0,0,0
WBGene00198925.,0,0,0
WBGene00198926.,0,2,2
WBGene00198927.,0,12,12
WBGene00198928.,0,5,5
WBGene00198929.,0,80,80
WBGene00198930.,0,0,0
WBGene00198931.,0,0,0
WBGene00198932.,0,0,0
WBGene00198933.,0,2,2
WBGene00198934.,0,8,8
WBGene00198935.,0,6,6
WBGene00198936.,0,0,0
WBGene00198937.,0,0,0
WBGene00198938.,0,2,2
WBGene00198939.,0,0,0
WBGene00198940.,0,3,3
WBGene00198941.,0,7,7
WBGene00198942.,0,1,1
WBGene00198943.,0,3,3
WBGene00198944.,0,4,4
WBGene00198945.,0,13,13
WBGene00198946.,0,5,5
WBGene00198947.,0,0,0
WBGene00198948.,0,0,0
WBGene00198949.,0,0,0
WBGene00198950.,0,6,6
WBGene00198951.,0,1,1
WBGene00198952.,0,0,0
WBGene00198953.,0,0,0
WBGene00198954.,0,19,19
WBGene00198955.,0,38,38
WBGene00198956.,0,1,1
WBGene00198957.,0,0,0
WBGene00198958.,0,2,2
WBGene00198959.,0,8,8
WBGene00198960.,0,0,0
WBGene00198961.,0,5,5
WBGene00198962.,0,2,2
WBGene00198963.,0,4,4
WBGene00198964.,0,6,6
WBGene00198965.,0,19,19
WBGene00198966.,0,0,0
WBGene00198967.,0,0,0
WBGene00198968.,0,0,0
WBGene00198969.,0,0,0
WBGene00198970.,0,0,0
WBGene00198971.,0,0,0
WBGene00198972.,0,2,2
WBGene00198973.,0,0,0
WBGene00198974.,0,0,0
WBGene00198975.,0,14,14
WBGene00198976.,0,1,1
WBGene00198977.,0,9,9
WBGene00198978.,0,1,1
WBGene00198979.,0,1,1
WBGene00198980.,0,2,2
WBGene00198981.,0,1,1
WBGene00198982.,0,0,0
WBGene00198983.,0,0,0
WBGene00198984.,0,9,9
WBGene00198985.,0,1,1
WBGene00198986.,0,4,4
WBGene00198987.,0,3,3
WBGene00198988.,0,0,0
WBGene00198989.,0,29,29
WBGene00198990.,0,0,0
WBGene00198991.,0,20,20
WBGene00198992.,0,1,1
WBGene00198993.,0,0,0
WBGene00198994.,0,6,6
WBGene00198995.,0,0,0
WBGene00198996.,0,2,2
WBGene00198997.,0,1,1
WBGene00198998.,0,0,0
WBGene00198999.,0,0,0
WBGene00199000.,0,1,1
WBGene00199001.,0,0,0
WBGene00199002.,0,159,159
WBGene00199003.,0,0,0
WBGene00199004.,0,0,0
WBGene00199005.,0,8,8
WBGene00199006.,0,0,0
WBGene00199007.,0,3,3
WBGene00199008.,0,5,5
WBGene00199009.,0,0,0
WBGene00199010.,0,1,1
WBGene00199011.,0,6,6
WBGene00199012.,0,0,0
WBGene00199013.,0,0,0
WBGene00199014.,0,0,0
WBGene00199015.,0,9,9
WBGene00199016.,0,76,76
WBGene00199017.,0,1,1
WBGene00199018.,0,0,0
WBGene00199019.,0,1,1
WBGene00199020.,0,1,1
WBGene00199021.,0,0,0
WBGene00199022.,0,1,1
WBGene00199023.,0,0,0
WBGene00199024.,0,45,45
WBGene00199025.,0,0,0
WBGene00199026.,0,0,0
WBGene00199027.,0,0,0
WBGene00199028.,0,0,0
WBGene00199029.,0,0,0
WBGene00199030.,0,0,0
WBGene00199031.,0,13,13
WBGene00199032.,0,7,7
WBGene00199033.,0,0,0
WBGene00199034.,0,1,1
WBGene00199035.,0,1,1
WBGene00199036.,0,25,25
WBGene00199037.,0,0,0
WBGene00199038.,0,0,0
WBGene00199039.,0,1,1
WBGene00199040.,0,7,7
WBGene00199041.,0,4,4
WBGene00199042.,0,0,0
WBGene00199043.,0,32,32
WBGene00199044.,0,1,1
WBGene00199045.,0,1,1
WBGene00199046.,0,0,0
WBGene00199047.,0,0,0
WBGene00199048.,0,0,0
WBGene00199049.,0,0,0
WBGene00199050.,0,0,0
WBGene00199051.,0,55,55
WBGene00199052.,0,0,0
WBGene00199053.,0,16,16
WBGene00199054.,0,29,29
WBGene00199055.,0,0,0
WBGene00199056.,0,0,0
WBGene00199057.,0,0,0
WBGene00199058.,0,0,0
WBGene00199059.,0,12,12
WBGene00199060.,0,19,19
WBGene00199061.,0,0,0
WBGene00199062.,0,7,7
WBGene00199063.,0,0,0
WBGene00199064.,0,0,0
WBGene00199065.,0,0,0
WBGene00199066.,0,0,0
WBGene00199067.,0,0,0
WBGene00199068.,0,6,6
WBGene00199069.,0,0,0
WBGene00199070.,0,4,4
WBGene00199071.,0,0,0
WBGene00199072.,0,0,0
WBGene00199073.,0,1,1
WBGene00199074.,0,1,1
WBGene00199075.,0,4,4
WBGene00199076.,0,0,0
WBGene00199077.,0,4,4
WBGene00199078.,0,0,0
WBGene00199079.,0,1,1
WBGene00199080.,0,1,1
WBGene00199081.,0,0,0
WBGene00199082.,0,0,0
WBGene00199083.,0,27,27
WBGene00199084.,0,0,0
WBGene00199085.,0,4,4
WBGene00199086.,0,3,3
WBGene00199087.,0,12,12
WBGene00199088.,0,15,15
WBGene00199089.,0,0,0
WBGene00199090.,0,0,0
WBGene00199091.,0,3,3
WBGene00199092.,0,1,1
WBGene00199093.,0,18,18
WBGene00199094.,0,3,3
WBGene00199095.,0,8,8
WBGene00199096.,0,18,18
WBGene00199097.,0,0,0
WBGene00199098.,0,0,0
WBGene00199099.,0,0,0
WBGene00199100.,0,52,52
WBGene00199101.,0,1,1
WBGene00199102.,0,8,8
WBGene00199103.,0,0,0
WBGene00199104.,0,7,7
WBGene00199105.,0,0,0
WBGene00199106.,0,1,1
WBGene00199107.,0,0,0
WBGene00199108.,0,0,0
WBGene00199109.,0,0,0
WBGene00199110.,0,49,49
WBGene00199111.,0,0,0
WBGene00199112.,0,94,94
WBGene00199113.,0,0,0
WBGene00199114.,0,4,4
WBGene00199115.,0,49,49
WBGene00199116.,0,9,9
WBGene00199117.,0,4,4
WBGene00199118.,0,0,0
WBGene00199119.,0,0,0
WBGene00199120.,0,0,0
WBGene00199121.,0,0,0
WBGene00199122.,0,3,3
WBGene00199123.,0,7,7
WBGene00199124.,0,0,0
WBGene00199125.,0,2,2
WBGene00199126.,0,11,11
WBGene00199127.,0,2,2
WBGene00199128.,0,1,1
WBGene00199129.,0,0,0
WBGene00199130.,0,0,0
WBGene00199131.,0,0,0
WBGene00199132.,0,16,16
WBGene00199133.,0,0,0
WBGene00199134.,0,1,1
WBGene00199135.,0,2,2
WBGene00199136.,0,1,1
WBGene00199137.,0,4,4
WBGene00199138.,0,2,2
WBGene00199139.,0,5,5
WBGene00199140.,0,0,0
WBGene00199141.,0,3,3
WBGene00199142.,0,0,0
WBGene00199143.,0,4,4
WBGene00199144.,0,0,0
WBGene00199145.,0,0,0
WBGene00199146.,0,0,0
WBGene00199147.,0,0,0
WBGene00199148.,0,3,3
WBGene00199149.,0,0,0
WBGene00199150.,0,5,5
WBGene00199151.,0,0,0
WBGene00199152.,0,0,0
WBGene00199153.,0,0,0
WBGene00199154.,0,0,0
WBGene00199155.,0,3,3
WBGene00199156.,0,1,1
WBGene00199157.,0,2,2
WBGene00199158.,0,0,0
WBGene00199159.,0,4,4
WBGene00199160.,0,0,0
WBGene00199161.,0,2,2
WBGene00199162.,0,0,0
WBGene00199163.,0,0,0
WBGene00199164.,0,0,0
WBGene00199165.,0,0,0
WBGene00199166.,0,44,44
WBGene00199167.,0,0,0
WBGene00199168.,0,1,1
WBGene00199169.,0,1,1
WBGene00199170.,0,0,0
WBGene00199171.,0,1,1
WBGene00199172.,0,0,0
WBGene00199173.,0,4,4
WBGene00199174.,0,1,1
WBGene00199175.,0,0,0
WBGene00199176.,0,0,0
WBGene00199177.,0,41,41
WBGene00199178.,0,0,0
WBGene00199179.,0,0,0
WBGene00199180.,0,21,21
WBGene00199181.,0,19,19
WBGene00199182.,0,0,0
WBGene00199183.,0,0,0
WBGene00199184.,0,1,1
WBGene00199185.,0,0,0
WBGene00199186.,0,0,0
WBGene00199187.,0,0,0
WBGene00199188.,0,0,0
WBGene00199189.,0,0,0
WBGene00199190.,0,2,2
WBGene00199191.,0,1,1
WBGene00199192.,0,0,0
WBGene00199193.,0,6,6
WBGene00199194.,0,19,19
WBGene00199195.,0,0,0
WBGene00199196.,0,1,1
WBGene00199197.,0,6,6
WBGene00199198.,0,0,0
WBGene00199199.,0,2,2
WBGene00199200.,0,1,1
WBGene00199201.,0,2,2
WBGene00199202.,0,1,1
WBGene00199203.,0,2,2
WBGene00199204.,0,0,0
WBGene00199205.,0,1,1
WBGene00199206.,0,11,11
WBGene00199207.,0,0,0
WBGene00199208.,0,0,0
WBGene00199209.,0,19,19
WBGene00199210.,0,0,0
WBGene00199211.,0,4,4
WBGene00199212.,0,2,2
WBGene00199213.,0,0,0
WBGene00199214.,0,0,0
WBGene00199215.,0,0,0
WBGene00199216.,0,0,0
WBGene00199217.,0,1,1
WBGene00199218.,0,5,5
WBGene00199219.,0,3,3
WBGene00199220.,0,6,6
WBGene00199221.,0,0,0
WBGene00199222.,0,4,4
WBGene00199223.,0,2,2
WBGene00199224.,0,0,0
WBGene00199225.,0,103,103
WBGene00199226.,0,0,0
WBGene00199227.,0,9,9
WBGene00199228.,0,0,0
WBGene00199229.,0,102,102
WBGene00199230.,0,1,1
WBGene00199231.,0,0,0
WBGene00199232.,0,0,0
WBGene00199233.,0,1,1
WBGene00199234.,0,0,0
WBGene00199235.,0,4,4
WBGene00199236.,0,0,0
WBGene00199237.,0,7,7
WBGene00199238.,0,12,12
WBGene00199239.,0,225,225
WBGene00199240.,0,1,1
WBGene00199241.,0,3,3
WBGene00199242.,0,36,36
WBGene00199243.,0,1,1
WBGene00199244.,0,0,0
WBGene00199245.,0,1,1
WBGene00199246.,0,5,5
WBGene00199247.,0,12,12
WBGene00199248.,0,3,3
WBGene00199249.,0,66,66
WBGene00199250.,0,2,2
WBGene00199251.,0,1,1
WBGene00199252.,0,9,9
WBGene00199253.,0,2,2
WBGene00199254.,0,0,0
WBGene00199255.,0,4,4
WBGene00199256.,0,2,2
WBGene00199257.,0,0,0
WBGene00199258.,0,23,23
WBGene00199259.,0,0,0
WBGene00199260.,0,3,3
WBGene00199261.,0,6,6
WBGene00199262.,0,0,0
WBGene00199263.,0,0,0
WBGene00199264.,0,0,0
WBGene00199265.,0,7,7
WBGene00199266.,0,1,1
WBGene00199267.,0,2,2
WBGene00199268.,0,3,3
WBGene00199269.,0,2,2
WBGene00199270.,0,3,3
WBGene00199271.,0,52,52
WBGene00199272.,0,2,2
WBGene00199273.,0,2,2
WBGene00199274.,0,57,57
WBGene00199275.,0,4,4
WBGene00199276.,0,1,1
WBGene00199277.,0,16,16
WBGene00199278.,0,67,67
WBGene00199279.,0,0,0
WBGene00199280.,0,1,1
WBGene00199281.,0,0,0
WBGene00199282.,0,0,0
WBGene00199283.,0,0,0
WBGene00199284.,0,5,5
WBGene00199285.,0,13,13
WBGene00199286.,0,0,0
WBGene00199287.,0,0,0
WBGene00199288.,0,0,0
WBGene00199289.,0,0,0
WBGene00199290.,0,0,0
WBGene00199291.,0,12,12
WBGene00199292.,0,2,2
WBGene00199293.,0,1,1
WBGene00199294.,0,0,0
WBGene00199295.,0,1,1
WBGene00199296.,0,12,12
WBGene00199297.,0,0,0
WBGene00199298.,0,0,0
WBGene00199299.,0,9,9
WBGene00199300.,0,0,0
WBGene00199301.,0,0,0
WBGene00199302.,0,0,0
WBGene00199303.,0,0,0
WBGene00199304.,0,12,12
WBGene00199305.,2,0,2
WBGene00199306.,0,11,11
WBGene00199307.,0,4,4
WBGene00199308.,0,2,2
WBGene00199309.,0,0,0
WBGene00199310.,0,10,10
WBGene00199311.,0,5,5
WBGene00199312.,0,35,35
WBGene00199313.,0,8,8
WBGene00199314.,0,2,2
WBGene00199315.,0,2,2
WBGene00199316.,0,0,0
WBGene00199317.,0,2,2
WBGene00199318.,0,2,2
WBGene00199319.,0,1,1
WBGene00199320.,0,2,2
WBGene00199321.,0,47,47
WBGene00199322.,0,0,0
WBGene00199323.,0,0,0
WBGene00199324.,0,2,2
WBGene00199325.,0,0,0
WBGene00199326.,0,0,0
WBGene00199327.,0,9,9
WBGene00199328.,0,4,4
WBGene00199329.,0,0,0
WBGene00199330.,0,1,1
WBGene00199331.,0,0,0
WBGene00199332.,0,0,0
WBGene00199333.,0,0,0
WBGene00199334.,0,13,13
WBGene00199335.,0,1,1
WBGene00199336.,0,181,181
WBGene00199337.,0,0,0
WBGene00199338.,0,0,0
WBGene00199339.,0,240,240
WBGene00199340.,0,0,0
WBGene00199341.,0,0,0
WBGene00199342.,0,1,1
WBGene00199343.,0,1,1
WBGene00199344.,0,0,0
WBGene00199345.,0,2,2
WBGene00199346.,0,0,0
WBGene00199347.,0,0,0
WBGene00199348.,0,1,1
WBGene00199349.,0,0,0
WBGene00199350.,0,12,12
WBGene00199351.,0,0,0
WBGene00199352.,0,0,0
WBGene00199353.,0,20,20
WBGene00199354.,0,5,5
WBGene00199355.,0,0,0
WBGene00199356.,0,5,5
WBGene00199357.,0,0,0
WBGene00199358.,0,0,0
WBGene00199359.,0,12,12
WBGene00199360.,0,14,14
WBGene00199361.,0,28,28
WBGene00199362.,0,11,11
WBGene00199363.,0,32,32
WBGene00199364.,0,0,0
WBGene00199365.,0,1,1
WBGene00199366.,0,0,0
WBGene00199367.,0,0,0
WBGene00199368.,0,1,1
WBGene00199369.,0,0,0
WBGene00199370.,0,10,10
WBGene00199371.,0,0,0
WBGene00199372.,0,29,29
WBGene00199373.,0,0,0
WBGene00199374.,0,7,7
WBGene00199375.,0,0,0
WBGene00199376.,0,0,0
WBGene00199377.,0,0,0
WBGene00199378.,0,0,0
WBGene00199379.,0,0,0
WBGene00199380.,0,0,0
WBGene00199381.,0,0,0
WBGene00199382.,0,4,4
WBGene00199383.,0,5,5
WBGene00199384.,0,0,0
WBGene00199385.,0,0,0
WBGene00199386.,0,4,4
WBGene00199387.,0,0,0
WBGene00199388.,0,0,0
WBGene00199389.,0,0,0
WBGene00199390.,0,0,0
WBGene00199391.,0,0,0
WBGene00199392.,0,15,15
WBGene00199393.,0,0,0
WBGene00199394.,0,0,0
WBGene00199395.,0,85,85
WBGene00199396.,0,8,8
WBGene00199397.,0,3,3
WBGene00199398.,0,12,12
WBGene00199399.,0,0,0
WBGene00199400.,0,0,0
WBGene00199401.,0,11,11
WBGene00199402.,0,19,19
WBGene00199403.,0,0,0
WBGene00199404.,0,111,111
WBGene00199405.,0,0,0
WBGene00199406.,0,0,0
WBGene00199407.,0,0,0
WBGene00199408.,0,2,2
WBGene00199409.,0,0,0
WBGene00199410.,0,24,24
WBGene00199411.,0,0,0
WBGene00199412.,0,0,0
WBGene00199413.,0,0,0
WBGene00199414.,0,14,14
WBGene00199415.,0,9,9
WBGene00199416.,0,36,36
WBGene00199417.,0,1,1
WBGene00199418.,0,0,0
WBGene00199419.,0,5,5
WBGene00199420.,0,0,0
WBGene00199421.,0,46,46
WBGene00199422.,0,3,3
WBGene00199423.,0,0,0
WBGene00199424.,0,0,0
WBGene00199425.,0,0,0
WBGene00199426.,0,0,0
WBGene00199427.,0,0,0
WBGene00199428.,0,0,0
WBGene00199429.,0,0,0
WBGene00199430.,0,1,1
WBGene00199431.,0,0,0
WBGene00199432.,0,0,0
WBGene00199433.,0,0,0
WBGene00199434.,0,114,114
WBGene00199435.,0,0,0
WBGene00199436.,0,1,1
WBGene00199437.,0,1,1
WBGene00199438.,0,0,0
WBGene00199439.,0,0,0
WBGene00199440.,0,9,9
WBGene00199441.,0,4,4
WBGene00199442.,0,0,0
WBGene00199443.,0,9,9
WBGene00199444.,0,0,0
WBGene00199445.,0,17,17
WBGene00199446.,0,0,0
WBGene00199447.,0,0,0
WBGene00199448.,0,10,10
WBGene00199449.,0,0,0
WBGene00199450.,0,0,0
WBGene00199451.,0,40,40
WBGene00199452.,0,0,0
WBGene00199453.,0,0,0
WBGene00199454.,0,0,0
WBGene00199455.,0,0,0
WBGene00199456.,0,1,1
WBGene00199457.,0,0,0
WBGene00199458.,0,17,17
WBGene00199459.,0,0,0
WBGene00199460.,0,3,3
WBGene00199461.,0,1,1
WBGene00199462.,0,68,68
WBGene00199463.,0,5,5
WBGene00199464.,0,3,3
WBGene00199465.,0,19,19
WBGene00199466.,0,1,1
WBGene00199467.,0,0,0
WBGene00199468.,0,0,0
WBGene00199469.,0,0,0
WBGene00199470.,0,0,0
WBGene00199471.,0,31,31
WBGene00199472.,0,1,1
WBGene00199473.,0,0,0
WBGene00199474.,0,2,2
WBGene00199475.,0,20,20
WBGene00199476.,0,10,10
WBGene00199477.,0,11,11
WBGene00199478.,0,17,17
WBGene00199479.,0,3,3
WBGene00199480.,0,7,7
WBGene00199481.,0,0,0
WBGene00199482.,0,0,0
WBGene00199483.,0,1,1
WBGene00199484.,0,4,4
WBGene00199485.,0,54,54
WBGene00199486.,0,40,40
WBGene00199487.,0,0,0
WBGene00199488.,0,4,4
WBGene00199489.,0,9,9
WBGene00199490.,0,0,0
WBGene00199491.,0,4,4
WBGene00199492.,0,0,0
WBGene00199493.,0,4,4
WBGene00199494.,0,8,8
WBGene00199495.,0,1,1
WBGene00199496.,0,0,0
WBGene00199497.,0,0,0
WBGene00199498.,0,0,0
WBGene00199499.,0,4,4
WBGene00199500.,0,2,2
WBGene00199501.,0,3,3
WBGene00199502.,0,1,1
WBGene00199503.,0,0,0
WBGene00199504.,0,0,0
WBGene00199505.,0,3,3
WBGene00199506.,0,57,57
WBGene00199507.,0,6,6
WBGene00199508.,0,1,1
WBGene00199509.,0,0,0
WBGene00199510.,0,1,1
WBGene00199511.,0,5,5
WBGene00199512.,0,0,0
WBGene00199513.,0,90,90
WBGene00199514.,0,7,7
WBGene00199515.,0,0,0
WBGene00199516.,0,2,2
WBGene00199517.,0,16,16
WBGene00199518.,0,0,0
WBGene00199519.,0,0,0
WBGene00199520.,0,0,0
WBGene00199521.,0,0,0
WBGene00199522.,0,2,2
WBGene00199523.,0,50,50
WBGene00199524.,0,4,4
WBGene00199525.,0,5,5
WBGene00199526.,0,1,1
WBGene00199527.,0,0,0
WBGene00199528.,0,7,7
WBGene00199529.,0,0,0
WBGene00199530.,0,0,0
WBGene00199531.,0,1,1
WBGene00199532.,0,1,1
WBGene00199533.,0,2,2
WBGene00199534.,0,4,4
WBGene00199535.,0,0,0
WBGene00199536.,0,0,0
WBGene00199537.,0,1,1
WBGene00199538.,0,4,4
WBGene00199539.,0,1,1
WBGene00199540.,0,0,0
WBGene00199541.,1,31,32
WBGene00199542.,0,2,2
WBGene00199543.,0,0,0
WBGene00199544.,0,0,0
WBGene00199545.,0,1,1
WBGene00199546.,0,0,0
WBGene00199547.,0,0,0
WBGene00199548.,0,0,0
WBGene00199549.,0,16,16
WBGene00199550.,0,0,0
WBGene00199551.,0,0,0
WBGene00199552.,0,0,0
WBGene00199553.,0,0,0
WBGene00199554.,0,2,2
WBGene00199555.,0,0,0
WBGene00199556.,0,1,1
WBGene00199557.,0,4,4
WBGene00199558.,0,1,1
WBGene00199559.,0,1,1
WBGene00199560.,0,0,0
WBGene00199561.,0,0,0
WBGene00199562.,0,6,6
WBGene00199563.,0,6,6
WBGene00199564.,0,0,0
WBGene00199565.,0,3,3
WBGene00199566.,0,3,3
WBGene00199567.,0,8,8
WBGene00199568.,0,2,2
WBGene00199569.,0,0,0
WBGene00199570.,0,23,23
WBGene00199571.,0,0,0
WBGene00199572.,0,0,0
WBGene00199573.,0,0,0
WBGene00199574.,0,0,0
WBGene00199575.,0,0,0
WBGene00199576.,0,2,2
WBGene00199577.,0,0,0
WBGene00199578.,0,0,0
WBGene00199579.,0,0,0
WBGene00199580.,0,0,0
WBGene00199581.,0,0,0
WBGene00199582.,0,0,0
WBGene00199583.,0,0,0
WBGene00199584.,0,1,1
WBGene00199585.,0,1,1
WBGene00199586.,0,16,16
WBGene00199587.,0,3,3
WBGene00199588.,0,0,0
WBGene00199589.,0,3,3
WBGene00199590.,0,0,0
WBGene00199591.,0,0,0
WBGene00199592.,0,0,0
WBGene00199593.,0,3,3
WBGene00199594.,0,0,0
WBGene00199595.,0,2,2
WBGene00199596.,0,20,20
WBGene00199597.,0,0,0
WBGene00199598.,0,0,0
WBGene00199599.,0,2,2
WBGene00199600.,0,16,16
WBGene00199601.,0,68,68
WBGene00199602.,0,0,0
WBGene00199603.,0,0,0
WBGene00199604.,0,0,0
WBGene00199605.,0,8,8
WBGene00199606.,0,3,3
WBGene00199607.,0,0,0
WBGene00199608.,0,6,6
WBGene00199609.,0,0,0
WBGene00199610.,0,8,8
WBGene00199611.,0,0,0
WBGene00199612.,0,8,8
WBGene00199613.,0,0,0
WBGene00199614.,0,21,21
WBGene00199615.,0,6,6
WBGene00199616.,0,0,0
WBGene00199617.,0,0,0
WBGene00199618.,0,0,0
WBGene00199619.,0,4,4
WBGene00199620.,0,2,2
WBGene00199621.,0,0,0
WBGene00199622.,0,33,33
WBGene00199623.,0,0,0
WBGene00199624.,0,0,0
WBGene00199625.,0,1,1
WBGene00199626.,0,4,4
WBGene00199627.,0,4,4
WBGene00199628.,0,1,1
WBGene00199629.,0,5,5
WBGene00199630.,0,0,0
WBGene00199631.,0,0,0
WBGene00199632.,0,2,2
WBGene00199633.,0,4,4
WBGene00199634.,0,0,0
WBGene00199635.,0,0,0
WBGene00199636.,0,2,2
WBGene00199637.,0,0,0
WBGene00199638.,0,4,4
WBGene00199639.,0,12,12
WBGene00199640.,0,2,2
WBGene00199641.,0,0,0
WBGene00199642.,0,0,0
WBGene00199643.,0,0,0
WBGene00199644.,0,8,8
WBGene00199645.,0,5,5
WBGene00199646.,0,0,0
WBGene00199647.,0,3,3
WBGene00199648.,0,1,1
WBGene00199649.,0,0,0
WBGene00199650.,0,1,1
WBGene00199651.,0,8,8
WBGene00199652.,0,0,0
WBGene00199653.,0,0,0
WBGene00199654.,0,2,2
WBGene00199655.,0,0,0
WBGene00199656.,0,0,0
WBGene00199657.,0,31,31
WBGene00199658.,0,4,4
WBGene00199659.,0,0,0
WBGene00199660.,0,0,0
WBGene00199661.,0,3,3
WBGene00199662.,0,0,0
WBGene00199663.,0,5,5
WBGene00199664.,0,2,2
WBGene00199665.,0,1,1
WBGene00199666.,0,11,11
WBGene00199667.,0,10,10
WBGene00199668.,0,0,0
WBGene00199669.,0,0,0
WBGene00199670.,0,1,1
WBGene00199671.,0,0,0
WBGene00199672.,0,21,21
WBGene00199673.,0,0,0
WBGene00199674.,0,23,23
WBGene00199675.,0,0,0
WBGene00199676.,0,0,0
WBGene00199677.,0,1,1
WBGene00199678.,0,1,1
WBGene00199679.,0,1,1
WBGene00199680.,0,1,1
WBGene00199681.,0,3,3
WBGene00199682.,0,1,1
WBGene00199683.,0,0,0
WBGene00199684.,0,0,0
WBGene00199685.,0,5,5
WBGene00199686.,0,9,9
WBGene00199687.,0,0,0
WBGene00199688.,0,0,0
WBGene00199689.,0,0,0
WBGene00199690.,0,0,0
WBGene00199691.,0,0,0
WBGene00199692.,0,2,2
WBGene00199693.,0,2,2
WBGene00199694.,0,0,0
WBGene00199695.,0,1,1
WBGene00199696.,0,0,0
WBGene00199697.,0,5,5
WBGene00199698.,0,0,0
WBGene00199699.,0,9,9
WBGene00199700.,0,0,0
WBGene00199701.,0,0,0
WBGene00199702.,0,7,7
WBGene00199703.,0,2,2
WBGene00199704.,0,0,0
WBGene00199705.,0,0,0
WBGene00199706.,0,2,2
WBGene00199707.,0,1,1
WBGene00199708.,0,17,17
WBGene00199709.,0,0,0
WBGene00199710.,0,25,25
WBGene00199711.,0,17,17
WBGene00199712.,0,2,2
WBGene00199713.,0,4,4
WBGene00199714.,0,1,1
WBGene00199715.,0,0,0
WBGene00199716.,0,3,3
WBGene00199717.,0,0,0
WBGene00199718.,0,0,0
WBGene00199719.,0,3,3
WBGene00199720.,0,0,0
WBGene00199721.,0,0,0
WBGene00199722.,0,0,0
WBGene00199723.,0,0,0
WBGene00199724.,0,4,4
WBGene00199725.,0,0,0
WBGene00199726.,0,1,1
WBGene00199727.,0,2,2
WBGene00199728.,0,0,0
WBGene00199729.,0,0,0
WBGene00199730.,0,0,0
WBGene00199731.,0,19,19
WBGene00199732.,0,14,14
WBGene00199733.,0,0,0
WBGene00199734.,0,0,0
WBGene00199735.,0,3,3
WBGene00199736.,0,0,0
WBGene00199737.,0,5,5
WBGene00199738.,0,1,1
WBGene00199739.,0,0,0
WBGene00199740.,0,22,22
WBGene00199741.,0,11,11
WBGene00199742.,0,12,12
WBGene00199743.,0,10,10
WBGene00199744.,0,0,0
WBGene00199745.,0,15,15
WBGene00199746.,0,5,5
WBGene00199747.,0,0,0
WBGene00199748.,0,7,7
WBGene00199749.,0,7,7
WBGene00199750.,0,0,0
WBGene00199751.,0,74,74
WBGene00199752.,0,4,4
WBGene00199753.,0,934,934
WBGene00199754.,0,0,0
WBGene00199755.,0,0,0
WBGene00199756.,0,2,2
WBGene00199757.,0,0,0
WBGene00199758.,0,7,7
WBGene00199759.,0,5,5
WBGene00199760.,0,0,0
WBGene00199761.,0,4,4
WBGene00199762.,0,1,1
WBGene00199763.,0,0,0
WBGene00199764.,0,3,3
WBGene00199765.,0,4,4
WBGene00199766.,0,0,0
WBGene00199767.,0,1,1
WBGene00199768.,0,9,9
WBGene00199769.,0,0,0
WBGene00199770.,0,1,1
WBGene00199771.,0,0,0
WBGene00199772.,0,8,8
WBGene00199773.,0,11,11
WBGene00199774.,0,0,0
WBGene00199775.,0,0,0
WBGene00199776.,0,0,0
WBGene00199777.,0,6,6
WBGene00199778.,0,1,1
WBGene00199779.,0,11,11
WBGene00199780.,0,7,7
WBGene00199781.,0,1,1
WBGene00199782.,0,6,6
WBGene00199783.,0,15,15
WBGene00199784.,0,2,2
WBGene00199785.,0,0,0
WBGene00199786.,0,6,6
WBGene00199787.,0,5,5
WBGene00199788.,0,11,11
WBGene00199789.,0,0,0
WBGene00199790.,0,0,0
WBGene00199791.,0,1,1
WBGene00199792.,0,0,0
WBGene00199793.,0,0,0
WBGene00199794.,0,8,8
WBGene00199795.,0,0,0
WBGene00199796.,0,0,0
WBGene00199797.,0,0,0
WBGene00199798.,0,0,0
WBGene00199799.,0,0,0
WBGene00199800.,0,2,2
WBGene00199801.,0,0,0
WBGene00199802.,0,0,0
WBGene00199803.,0,8,8
WBGene00199804.,0,1,1
WBGene00199805.,0,0,0
WBGene00199806.,0,1,1
WBGene00199807.,0,1,1
WBGene00199808.,0,1,1
WBGene00199809.,0,1,1
WBGene00199810.,0,2,2
WBGene00199811.,0,16,16
WBGene00199812.,0,0,0
WBGene00199813.,0,0,0
WBGene00199814.,0,3,3
WBGene00199815.,0,1,1
WBGene00199816.,0,0,0
WBGene00199817.,0,2,2
WBGene00199818.,0,0,0
WBGene00199819.,0,100,100
WBGene00199820.,0,52,52
WBGene00199821.,0,0,0
WBGene00199822.,0,0,0
WBGene00199823.,0,2,2
WBGene00199824.,0,53,53
WBGene00199825.,0,4,4
WBGene00199826.,0,0,0
WBGene00199827.,0,0,0
WBGene00199828.,0,0,0
WBGene00199829.,0,2,2
WBGene00199830.,0,0,0
WBGene00199831.,0,2,2
WBGene00199832.,0,0,0
WBGene00199833.,0,0,0
WBGene00199834.,0,0,0
WBGene00199835.,0,1,1
WBGene00199836.,0,0,0
WBGene00199837.,0,0,0
WBGene00199838.,0,3,3
WBGene00199839.,0,0,0
WBGene00199840.,0,5,5
WBGene00199841.,0,0,0
WBGene00199842.,0,2,2
WBGene00199843.,0,2,2
WBGene00199844.,0,0,0
WBGene00199845.,0,1,1
WBGene00199846.,0,0,0
WBGene00199847.,0,0,0
WBGene00199848.,0,0,0
WBGene00199849.,0,12,12
WBGene00199850.,0,15,15
WBGene00199851.,0,2,2
WBGene00199852.,0,0,0
WBGene00199853.,0,5,5
WBGene00199854.,0,38,38
WBGene00199855.,0,26,26
WBGene00199856.,0,3,3
WBGene00199857.,0,1,1
WBGene00199858.,0,5,5
WBGene00199859.,0,1,1
WBGene00199860.,0,0,0
WBGene00199861.,0,1,1
WBGene00199862.,0,0,0
WBGene00199863.,0,5,5
WBGene00199864.,0,0,0
WBGene00199865.,0,0,0
WBGene00199866.,0,13,13
WBGene00199867.,0,5,5
WBGene00199868.,0,0,0
WBGene00199869.,0,0,0
WBGene00199870.,0,0,0
WBGene00199871.,0,43,43
WBGene00199872.,0,0,0
WBGene00199873.,0,0,0
WBGene00199874.,0,2,2
WBGene00199875.,0,1,1
WBGene00199876.,0,0,0
WBGene00199877.,0,0,0
WBGene00199878.,0,0,0
WBGene00199879.,0,11,11
WBGene00199880.,0,0,0
WBGene00199881.,0,0,0
WBGene00199882.,0,0,0
WBGene00199883.,0,0,0
WBGene00199884.,0,0,0
WBGene00199885.,0,0,0
WBGene00199886.,0,12,12
WBGene00199887.,0,1,1
WBGene00199888.,0,0,0
WBGene00199889.,0,1,1
WBGene00199890.,0,2,2
WBGene00199891.,0,1,1
WBGene00199892.,0,1,1
WBGene00199893.,0,12,12
WBGene00199894.,0,16,16
WBGene00199895.,0,2,2
WBGene00199896.,0,1,1
WBGene00199897.,0,179,179
WBGene00199898.,0,64,64
WBGene00199899.,0,109,109
WBGene00199900.,0,14,14
WBGene00199901.,0,0,0
WBGene00199902.,0,0,0
WBGene00199903.,0,0,0
WBGene00199904.,0,1,1
WBGene00199905.,0,0,0
WBGene00199906.,0,0,0
WBGene00199907.,0,0,0
WBGene00199908.,0,4,4
WBGene00199909.,0,47,47
WBGene00199910.,0,0,0
WBGene00199911.,0,0,0
WBGene00199912.,0,0,0
WBGene00199913.,0,0,0
WBGene00199914.,0,5,5
WBGene00199915.,0,0,0
WBGene00199916.,0,0,0
WBGene00199917.,0,6,6
WBGene00199918.,0,0,0
WBGene00199919.,0,0,0
WBGene00199920.,0,0,0
WBGene00199921.,0,0,0
WBGene00199922.,0,0,0
WBGene00199923.,0,0,0
WBGene00199924.,0,9,9
WBGene00199925.,0,7,7
WBGene00199926.,0,0,0
WBGene00199927.,0,0,0
WBGene00199928.,0,1,1
WBGene00199929.,0,1,1
WBGene00199930.,0,1,1
WBGene00199931.,0,21,21
WBGene00199932.,0,0,0
WBGene00199933.,0,2,2
WBGene00199934.,0,0,0
WBGene00199935.,0,13,13
WBGene00199936.,0,0,0
WBGene00199937.,0,0,0
WBGene00199938.,0,0,0
WBGene00199939.,0,0,0
WBGene00199940.,0,57,57
WBGene00199941.,0,0,0
WBGene00199942.,0,0,0
WBGene00199943.,0,1,1
WBGene00199944.,0,1,1
WBGene00199945.,0,0,0
WBGene00199946.,0,202,202
WBGene00199947.,0,9,9
WBGene00199948.,0,7,7
WBGene00199949.,0,2,2
WBGene00199950.,0,2,2
WBGene00199951.,0,1,1
WBGene00199952.,0,0,0
WBGene00199953.,0,1,1
WBGene00199954.,0,0,0
WBGene00199955.,0,2,2
WBGene00199956.,0,0,0
WBGene00199957.,0,57,57
WBGene00199958.,0,0,0
WBGene00199959.,0,1,1
WBGene00199960.,0,2,2
WBGene00199961.,0,0,0
WBGene00199962.,0,1,1
WBGene00199963.,0,0,0
WBGene00199964.,0,0,0
WBGene00199965.,0,0,0
WBGene00199966.,0,0,0
WBGene00199967.,0,0,0
WBGene00199968.,0,0,0
WBGene00199969.,0,0,0
WBGene00199970.,0,6,6
WBGene00199971.,0,0,0
WBGene00199972.,0,7,7
WBGene00199973.,0,0,0
WBGene00199974.,0,0,0
WBGene00199975.,0,0,0
WBGene00199976.,0,6,6
WBGene00199977.,0,8,8
WBGene00199978.,0,7,7
WBGene00199979.,0,0,0
WBGene00199980.,0,0,0
WBGene00199981.,0,0,0
WBGene00199982.,0,1,1
WBGene00199983.,0,3,3
WBGene00199984.,0,0,0
WBGene00199985.,0,0,0
WBGene00199986.,0,22,22
WBGene00199987.,0,0,0
WBGene00199988.,0,0,0
WBGene00199989.,0,8,8
WBGene00199990.,0,82,82
WBGene00199991.,0,0,0
WBGene00199992.,0,2,2
WBGene00199993.,0,0,0
WBGene00199994.,0,0,0
WBGene00199995.,0,5,5
WBGene00199996.,0,0,0
WBGene00199997.,0,8,8
WBGene00199998.,0,7,7
WBGene00199999.,0,0,0
WBGene00200000.,0,2,2
WBGene00200001.,0,2,2
WBGene00200002.,0,4,4
WBGene00200003.,0,23,23
WBGene00200004.,0,0,0
WBGene00200005.,0,0,0
WBGene00200006.,0,0,0
WBGene00200007.,0,0,0
WBGene00200008.,0,16,16
WBGene00200009.,0,35,35
WBGene00200010.,0,3,3
WBGene00200011.,0,1,1
WBGene00200012.,0,0,0
WBGene00200013.,0,3,3
WBGene00200014.,0,8,8
WBGene00200015.,0,0,0
WBGene00200016.,0,0,0
WBGene00200017.,0,0,0
WBGene00200018.,0,1,1
WBGene00200019.,0,1,1
WBGene00200020.,0,0,0
WBGene00200021.,0,0,0
WBGene00200022.,0,1,1
WBGene00200023.,0,0,0
WBGene00200024.,0,0,0
WBGene00200025.,0,317,317
WBGene00200026.,0,2,2
WBGene00200027.,0,0,0
WBGene00200028.,0,114,114
WBGene00200029.,0,4,4
WBGene00200030.,0,1,1
WBGene00200031.,0,6,6
WBGene00200032.,0,9,9
WBGene00200033.,0,0,0
WBGene00200034.,0,52,52
WBGene00200035.,0,0,0
WBGene00200036.,0,6,6
WBGene00200037.,0,0,0
WBGene00200038.,0,1,1
WBGene00200039.,0,13,13
WBGene00200040.,0,0,0
WBGene00200041.,0,0,0
WBGene00200042.,0,12,12
WBGene00200043.,0,5,5
WBGene00200044.,0,3,3
WBGene00200045.,0,11,11
WBGene00200046.,0,0,0
WBGene00200047.,0,40,40
WBGene00200048.,0,0,0
WBGene00200049.,0,4,4
WBGene00200050.,0,9,9
WBGene00200051.,0,3,3
WBGene00200052.,0,0,0
WBGene00200053.,0,19,19
WBGene00200054.,0,0,0
WBGene00200055.,0,0,0
WBGene00200056.,0,6,6
WBGene00200057.,0,37,37
WBGene00200058.,0,2,2
WBGene00200059.,0,3,3
WBGene00200060.,0,0,0
WBGene00200061.,0,18,18
WBGene00200062.,0,2,2
WBGene00200063.,0,0,0
WBGene00200064.,0,0,0
WBGene00200065.,0,1,1
WBGene00200066.,0,0,0
WBGene00200067.,0,67,67
WBGene00200068.,0,1,1
WBGene00200069.,0,0,0
WBGene00200070.,0,33,33
WBGene00200071.,0,1,1
WBGene00200072.,0,1,1
WBGene00200073.,0,0,0
WBGene00200074.,0,6,6
WBGene00200075.,0,33,33
WBGene00200076.,0,0,0
WBGene00200077.,0,0,0
WBGene00200078.,0,0,0
WBGene00200079.,0,7,7
WBGene00200080.,0,38,38
WBGene00200081.,0,4,4
WBGene00200082.,0,3,3
WBGene00200083.,0,0,0
WBGene00200084.,0,0,0
WBGene00200085.,0,0,0
WBGene00200086.,0,0,0
WBGene00200087.,0,0,0
WBGene00200088.,0,3,3
WBGene00200089.,0,6,6
WBGene00200090.,0,0,0
WBGene00200091.,0,0,0
WBGene00200092.,0,1,1
WBGene00200093.,0,0,0
WBGene00200094.,0,0,0
WBGene00200095.,0,1,1
WBGene00200096.,0,1,1
WBGene00200097.,0,0,0
WBGene00200098.,0,15,15
WBGene00200099.,0,9,9
WBGene00200100.,0,23,23
WBGene00200101.,0,0,0
WBGene00200102.,0,0,0
WBGene00200103.,0,2,2
WBGene00200104.,0,0,0
WBGene00200105.,0,10,10
WBGene00200106.,0,1,1
WBGene00200107.,0,50,50
WBGene00200108.,0,0,0
WBGene00200109.,0,10,10
WBGene00200110.,0,0,0
WBGene00200111.,0,1,1
WBGene00200112.,0,0,0
WBGene00200113.,0,15,15
WBGene00200114.,0,0,0
WBGene00200115.,0,0,0
WBGene00200116.,0,89,89
WBGene00200117.,0,0,0
WBGene00200118.,0,1,1
WBGene00200119.,0,0,0
WBGene00200120.,0,0,0
WBGene00200121.,0,6,6
WBGene00200122.,0,0,0
WBGene00200123.,0,0,0
WBGene00200124.,0,0,0
WBGene00200125.,0,5,5
WBGene00200126.,0,5,5
WBGene00200127.,0,1,1
WBGene00200128.,0,26,26
WBGene00200129.,0,1,1
WBGene00200130.,0,1,1
WBGene00200131.,0,4,4
WBGene00200132.,0,0,0
WBGene00200133.,0,65,65
WBGene00200134.,0,17,17
WBGene00200135.,0,0,0
WBGene00200136.,0,0,0
WBGene00200137.,0,16,16
WBGene00200138.,0,2,2
WBGene00200139.,0,0,0
WBGene00200140.,0,1,1
WBGene00200141.,0,0,0
WBGene00200142.,0,1,1
WBGene00200143.,0,4,4
WBGene00200144.,0,0,0
WBGene00200145.,0,0,0
WBGene00200146.,0,0,0
WBGene00200147.,0,6,6
WBGene00200148.,0,5,5
WBGene00200149.,0,0,0
WBGene00200150.,0,13,13
WBGene00200151.,0,0,0
WBGene00200152.,0,0,0
WBGene00200153.,0,20,20
WBGene00200154.,0,13,13
WBGene00200155.,0,3,3
WBGene00200156.,0,0,0
WBGene00200157.,0,0,0
WBGene00200158.,0,0,0
WBGene00200159.,0,8,8
WBGene00200160.,0,0,0
WBGene00200161.,0,0,0
WBGene00200162.,0,0,0
WBGene00200163.,0,1,1
WBGene00200164.,0,79,79
WBGene00200165.,0,0,0
WBGene00200166.,0,19,19
WBGene00200167.,0,6,6
WBGene00200168.,0,16,16
WBGene00200169.,0,9,9
WBGene00200170.,0,10,10
WBGene00200171.,0,0,0
WBGene00200172.,0,0,0
WBGene00200173.,0,0,0
WBGene00200174.,0,0,0
WBGene00200175.,0,1,1
WBGene00200176.,0,0,0
WBGene00200177.,0,25,25
WBGene00200178.,0,0,0
WBGene00200179.,0,1,1
WBGene00200180.,0,0,0
WBGene00200181.,0,10,10
WBGene00200182.,0,3,3
WBGene00200183.,0,0,0
WBGene00200184.,0,0,0
WBGene00200185.,0,4,4
WBGene00200186.,0,4,4
WBGene00200187.,0,39,39
WBGene00200188.,0,8,8
WBGene00200189.,0,1,1
WBGene00200190.,0,1,1
WBGene00200191.,0,0,0
WBGene00200192.,0,30,30
WBGene00200193.,0,5,5
WBGene00200194.,0,1,1
WBGene00200195.,0,12,12
WBGene00200196.,0,1,1
WBGene00200197.,0,1,1
WBGene00200198.,0,0,0
WBGene00200199.,0,1,1
WBGene00200200.,0,0,0
WBGene00200201.,0,0,0
WBGene00200202.,0,5,5
WBGene00200203.,0,72,72
WBGene00200204.,0,0,0
WBGene00200205.,0,0,0
WBGene00200206.,0,0,0
WBGene00200207.,0,1,1
WBGene00200208.,0,0,0
WBGene00200209.,0,0,0
WBGene00200210.,0,5,5
WBGene00200211.,0,3,3
WBGene00200212.,0,0,0
WBGene00200213.,0,0,0
WBGene00200214.,0,21,21
WBGene00200215.,0,111,111
WBGene00200216.,0,2,2
WBGene00200217.,0,1,1
WBGene00200218.,0,0,0
WBGene00200219.,0,2,2
WBGene00200220.,0,0,0
WBGene00200221.,0,0,0
WBGene00200222.,0,0,0
WBGene00200223.,0,4,4
WBGene00200224.,0,0,0
WBGene00200225.,0,17,17
WBGene00200226.,0,0,0
WBGene00200227.,0,4,4
WBGene00200228.,0,2,2
WBGene00200229.,0,0,0
WBGene00200230.,0,0,0
WBGene00200231.,0,54,54
WBGene00200232.,0,0,0
WBGene00200233.,0,4,4
WBGene00200234.,0,0,0
WBGene00200235.,0,1,1
WBGene00200236.,0,0,0
WBGene00200237.,0,0,0
WBGene00200238.,0,0,0
WBGene00200239.,0,0,0
WBGene00200240.,0,0,0
WBGene00200241.,0,0,0
WBGene00200242.,0,3,3
WBGene00200243.,0,33,33
WBGene00200244.,0,14,14
WBGene00200245.,0,4,4
WBGene00200246.,0,0,0
WBGene00200247.,0,20,20
WBGene00200248.,0,2,2
WBGene00200249.,0,0,0
WBGene00200250.,0,9,9
WBGene00200251.,0,3,3
WBGene00200252.,0,0,0
WBGene00200253.,0,7,7
WBGene00200254.,0,0,0
WBGene00200255.,0,7,7
WBGene00200256.,0,2,2
WBGene00200257.,0,8,8
WBGene00200258.,0,0,0
WBGene00200259.,0,25,25
WBGene00200260.,0,0,0
WBGene00200261.,0,96,96
WBGene00200262.,0,0,0
WBGene00200263.,0,48,48
WBGene00200264.,0,8,8
WBGene00200265.,0,0,0
WBGene00200266.,0,6,6
WBGene00200267.,0,0,0
WBGene00200268.,0,1,1
WBGene00200269.,0,0,0
WBGene00200270.,0,5,5
WBGene00200271.,0,5,5
WBGene00200272.,0,0,0
WBGene00200273.,0,30,30
WBGene00200274.,0,1,1
WBGene00200275.,0,0,0
WBGene00200276.,0,0,0
WBGene00200277.,0,27,27
WBGene00200278.,0,14,14
WBGene00200279.,0,5,5
WBGene00200280.,0,2,2
WBGene00200281.,0,1,1
WBGene00200282.,0,9,9
WBGene00200283.,0,1,1
WBGene00200284.,0,0,0
WBGene00200285.,0,0,0
WBGene00200286.,0,0,0
WBGene00200287.,0,0,0
WBGene00200288.,0,0,0
WBGene00200289.,0,11,11
WBGene00200290.,0,0,0
WBGene00200291.,0,0,0
WBGene00200292.,0,0,0
WBGene00200293.,0,10,10
WBGene00200294.,0,107,107
WBGene00200295.,0,1,1
WBGene00200296.,0,3,3
WBGene00200297.,0,1,1
WBGene00200298.,0,1,1
WBGene00200299.,0,0,0
WBGene00200300.,0,14,14
WBGene00200301.,0,2,2
WBGene00200302.,0,18,18
WBGene00200303.,0,0,0
WBGene00200304.,0,0,0
WBGene00200305.,0,5,5
WBGene00200306.,0,1,1
WBGene00200307.,0,0,0
WBGene00200308.,0,27,27
WBGene00200309.,0,1,1
WBGene00200310.,0,11,11
WBGene00200311.,0,0,0
WBGene00200312.,0,10,10
WBGene00200313.,0,2,2
WBGene00200314.,0,0,0
WBGene00200315.,0,2,2
WBGene00200316.,0,2,2
WBGene00200317.,0,1,1
WBGene00200318.,0,3,3
WBGene00200319.,0,21,21
WBGene00200320.,0,0,0
WBGene00200321.,0,0,0
WBGene00200322.,0,0,0
WBGene00200323.,0,0,0
WBGene00200324.,0,3,3
WBGene00200325.,0,13,13
WBGene00200326.,0,0,0
WBGene00200327.,0,3,3
WBGene00200328.,0,1,1
WBGene00200329.,0,1,1
WBGene00200330.,0,1,1
WBGene00200331.,0,0,0
WBGene00200332.,0,0,0
WBGene00200333.,0,2,2
WBGene00200334.,0,0,0
WBGene00200335.,0,5,5
WBGene00200336.,0,0,0
WBGene00200337.,0,26,26
WBGene00200338.,0,2,2
WBGene00200339.,0,0,0
WBGene00200340.,0,1,1
WBGene00200341.,0,3,3
WBGene00200342.,0,2,2
WBGene00200343.,0,0,0
WBGene00200344.,0,32,32
WBGene00200345.,0,1,1
WBGene00200346.,0,0,0
WBGene00200347.,0,55,55
WBGene00200348.,0,0,0
WBGene00200349.,0,0,0
WBGene00200350.,0,0,0
WBGene00200351.,0,1,1
WBGene00200352.,0,0,0
WBGene00200353.,0,0,0
WBGene00200354.,0,0,0
WBGene00200355.,0,0,0
WBGene00200356.,0,0,0
WBGene00200357.,0,1,1
WBGene00200358.,0,26,26
WBGene00200359.,0,0,0
WBGene00200360.,0,0,0
WBGene00200361.,0,4,4
WBGene00200362.,0,0,0
WBGene00200363.,0,0,0
WBGene00200364.,0,1,1
WBGene00200365.,0,1,1
WBGene00200366.,0,2,2
WBGene00200367.,0,1,1
WBGene00200368.,0,0,0
WBGene00200369.,0,0,0
WBGene00200370.,0,30,30
WBGene00200371.,0,1,1
WBGene00200372.,0,2,2
WBGene00200373.,0,1,1
WBGene00200374.,0,0,0
WBGene00200375.,0,69,69
WBGene00200376.,0,0,0
WBGene00200377.,0,13,13
WBGene00200378.,0,0,0
WBGene00200379.,0,8,8
WBGene00200380.,0,0,0
WBGene00200381.,0,0,0
WBGene00200382.,0,0,0
WBGene00200383.,0,0,0
WBGene00200384.,0,52,52
WBGene00200385.,0,21,21
WBGene00200386.,0,1,1
WBGene00200387.,0,0,0
WBGene00200388.,0,0,0
WBGene00200389.,0,0,0
WBGene00200390.,0,2,2
WBGene00200391.,0,42,42
WBGene00200392.,0,1,1
WBGene00200393.,0,8,8
WBGene00200394.,0,1,1
WBGene00200395.,0,3,3
WBGene00200396.,0,2,2
WBGene00200397.,0,10,10
WBGene00200398.,0,0,0
WBGene00200399.,0,5,5
WBGene00200400.,0,29,29
WBGene00200401.,0,1,1
WBGene00200402.,0,0,0
WBGene00200403.,0,28,28
WBGene00200404.,0,0,0
WBGene00200405.,0,0,0
WBGene00200406.,0,0,0
WBGene00200407.,0,23,23
WBGene00200408.,0,2,2
WBGene00200409.,0,3,3
WBGene00200410.,0,3,3
WBGene00200411.,0,0,0
WBGene00200412.,0,0,0
WBGene00200413.,0,0,0
WBGene00200414.,0,0,0
WBGene00200415.,0,8,8
WBGene00200416.,0,4,4
WBGene00200417.,0,4,4
WBGene00200418.,0,1,1
WBGene00200419.,0,0,0
WBGene00200420.,0,6,6
WBGene00200421.,0,1,1
WBGene00200422.,0,0,0
WBGene00200423.,0,9,9
WBGene00200424.,0,2,2
WBGene00200425.,0,4,4
WBGene00200426.,0,1,1
WBGene00200427.,0,0,0
WBGene00200428.,0,5,5
WBGene00200429.,0,2,2
WBGene00200430.,0,0,0
WBGene00200431.,0,18,18
WBGene00200432.,0,0,0
WBGene00200433.,0,1,1
WBGene00200434.,0,0,0
WBGene00200435.,0,1,1
WBGene00200436.,0,10,10
WBGene00200437.,0,0,0
WBGene00200438.,0,0,0
WBGene00200439.,0,0,0
WBGene00200440.,0,7,7
WBGene00200441.,0,8,8
WBGene00200442.,0,3,3
WBGene00200443.,0,2,2
WBGene00200444.,0,1,1
WBGene00200445.,0,0,0
WBGene00200446.,0,0,0
WBGene00200447.,0,0,0
WBGene00200448.,0,0,0
WBGene00200449.,0,0,0
WBGene00200450.,0,1,1
WBGene00200451.,0,1,1
WBGene00200452.,0,5,5
WBGene00200453.,0,3,3
WBGene00200454.,0,0,0
WBGene00200455.,0,18,18
WBGene00200456.,0,62,62
WBGene00200457.,0,0,0
WBGene00200458.,0,1,1
WBGene00200459.,0,561,561
WBGene00200460.,0,0,0
WBGene00200461.,0,6,6
WBGene00200462.,0,14,14
WBGene00200463.,0,0,0
WBGene00200464.,0,1,1
WBGene00200465.,0,1,1
WBGene00200466.,0,0,0
WBGene00200467.,0,0,0
WBGene00200468.,0,1,1
WBGene00200469.,0,8,8
WBGene00200470.,0,13,13
WBGene00200471.,0,0,0
WBGene00200472.,0,14,14
WBGene00200473.,0,2,2
WBGene00200474.,0,0,0
WBGene00200475.,0,4,4
WBGene00200476.,0,40,40
WBGene00200477.,0,0,0
WBGene00200478.,0,14,14
WBGene00200479.,0,0,0
WBGene00200480.,0,0,0
WBGene00200481.,0,2,2
WBGene00200482.,0,0,0
WBGene00200483.,0,80,80
WBGene00200484.,0,0,0
WBGene00200485.,0,37,37
WBGene00200486.,0,1,1
WBGene00200487.,0,10,10
WBGene00200488.,0,14,14
WBGene00200489.,0,1,1
WBGene00200490.,0,0,0
WBGene00200491.,0,0,0
WBGene00200492.,0,4,4
WBGene00200493.,0,3,3
WBGene00200494.,0,1,1
WBGene00200495.,0,5,5
WBGene00200496.,0,7,7
WBGene00200497.,0,0,0
WBGene00200498.,0,1,1
WBGene00200499.,0,0,0
WBGene00200500.,0,22,22
WBGene00200501.,0,0,0
WBGene00200502.,0,29,29
WBGene00200503.,0,0,0
WBGene00200504.,0,0,0
WBGene00200505.,0,0,0
WBGene00200506.,0,0,0
WBGene00200507.,0,1,1
WBGene00200508.,0,0,0
WBGene00200509.,0,2,2
WBGene00200510.,0,0,0
WBGene00200511.,0,0,0
WBGene00200512.,0,0,0
WBGene00200513.,0,7,7
WBGene00200514.,0,9,9
WBGene00200515.,0,3,3
WBGene00200516.,0,1,1
WBGene00200517.,0,0,0
WBGene00200518.,0,0,0
WBGene00200519.,0,10,10
WBGene00200520.,0,0,0
WBGene00200521.,0,7,7
WBGene00200522.,0,0,0
WBGene00200523.,0,26,26
WBGene00200524.,0,0,0
WBGene00200525.,0,0,0
WBGene00200526.,0,22,22
WBGene00200527.,0,262,262
WBGene00200528.,0,0,0
WBGene00200529.,0,0,0
WBGene00200530.,0,2,2
WBGene00200531.,0,0,0
WBGene00200532.,0,0,0
WBGene00200533.,0,0,0
WBGene00200534.,0,3,3
WBGene00200535.,0,2,2
WBGene00200536.,0,2,2
WBGene00200537.,0,1,1
WBGene00200538.,0,74,74
WBGene00200539.,0,0,0
WBGene00200540.,0,0,0
WBGene00200541.,0,0,0
WBGene00200542.,0,10,10
WBGene00200543.,0,0,0
WBGene00200544.,0,0,0
WBGene00200545.,0,1,1
WBGene00200546.,0,2,2
WBGene00200547.,0,2,2
WBGene00200548.,0,0,0
WBGene00200549.,0,0,0
WBGene00200550.,0,1,1
WBGene00200551.,0,0,0
WBGene00200552.,0,0,0
WBGene00200553.,0,0,0
WBGene00200554.,0,0,0
WBGene00200555.,0,4,4
WBGene00200556.,0,0,0
WBGene00200557.,0,0,0
WBGene00200558.,0,76,76
WBGene00200559.,0,1,1
WBGene00200560.,0,0,0
WBGene00200561.,0,0,0
WBGene00200562.,0,0,0
WBGene00200563.,0,3,3
WBGene00200564.,0,0,0
WBGene00200565.,0,6,6
WBGene00200566.,0,16,16
WBGene00200567.,0,0,0
WBGene00200568.,0,0,0
WBGene00200569.,0,0,0
WBGene00200570.,0,19,19
WBGene00200571.,0,0,0
WBGene00200572.,0,26,26
WBGene00200573.,0,1,1
WBGene00200574.,0,7,7
WBGene00200575.,0,4,4
WBGene00200576.,0,1,1
WBGene00200577.,0,3,3
WBGene00200578.,0,0,0
WBGene00200579.,0,52,52
WBGene00200580.,0,0,0
WBGene00200581.,0,2,2
WBGene00200582.,0,10,10
WBGene00200583.,0,3,3
WBGene00200584.,0,0,0
WBGene00200585.,0,23,23
WBGene00200586.,0,6,6
WBGene00200587.,0,7,7
WBGene00200588.,0,0,0
WBGene00200589.,0,0,0
WBGene00200590.,0,0,0
WBGene00200591.,0,0,0
WBGene00200592.,0,0,0
WBGene00200593.,0,0,0
WBGene00200594.,0,7,7
WBGene00200595.,0,0,0
WBGene00200596.,0,36,36
WBGene00200597.,0,5,5
WBGene00200598.,0,4,4
WBGene00200599.,0,0,0
WBGene00200600.,0,2,2
WBGene00200601.,0,8,8
WBGene00200602.,0,0,0
WBGene00200603.,0,1,1
WBGene00200604.,0,0,0
WBGene00200605.,0,10,10
WBGene00200606.,0,1,1
WBGene00200607.,0,0,0
WBGene00200608.,0,0,0
WBGene00200609.,0,0,0
WBGene00200610.,0,0,0
WBGene00200611.,0,3,3
WBGene00200612.,0,0,0
WBGene00200613.,0,3,3
WBGene00200614.,0,0,0
WBGene00200615.,0,0,0
WBGene00200616.,0,0,0
WBGene00200617.,0,3,3
WBGene00200618.,0,14,14
WBGene00200619.,0,0,0
WBGene00200620.,0,7,7
WBGene00200621.,0,4,4
WBGene00200622.,0,0,0
WBGene00200623.,0,0,0
WBGene00200624.,0,2,2
WBGene00200625.,0,0,0
WBGene00200626.,0,33,33
WBGene00200627.,0,3,3
WBGene00200628.,0,1,1
WBGene00200629.,0,0,0
WBGene00200630.,0,79,79
WBGene00200631.,0,0,0
WBGene00200632.,0,5,5
WBGene00200633.,0,0,0
WBGene00200634.,0,0,0
WBGene00200635.,0,0,0
WBGene00200636.,0,0,0
WBGene00200637.,0,3,3
WBGene00200638.,0,0,0
WBGene00200639.,0,0,0
WBGene00200640.,0,0,0
WBGene00200641.,0,21,21
WBGene00200642.,0,0,0
WBGene00200643.,0,0,0
WBGene00200644.,0,0,0
WBGene00200645.,0,325,325
WBGene00200646.,0,6,6
WBGene00200647.,0,1,1
WBGene00200648.,0,0,0
WBGene00200649.,0,0,0
WBGene00200650.,0,14,14
WBGene00200651.,0,0,0
WBGene00200652.,0,19,19
WBGene00200653.,0,0,0
WBGene00200654.,0,2,2
WBGene00200655.,0,0,0
WBGene00200656.,0,0,0
WBGene00200657.,0,0,0
WBGene00200658.,0,9,9
WBGene00200659.,0,3,3
WBGene00200660.,0,1,1
WBGene00200661.,0,8,8
WBGene00200662.,0,0,0
WBGene00200663.,0,0,0
WBGene00200664.,0,8,8
WBGene00200665.,0,5,5
WBGene00200666.,0,0,0
WBGene00200667.,0,0,0
WBGene00200668.,0,0,0
WBGene00200669.,0,1,1
WBGene00200670.,0,1,1
WBGene00200671.,0,0,0
WBGene00200672.,0,0,0
WBGene00200673.,0,0,0
WBGene00200674.,0,0,0
WBGene00200675.,0,3,3
WBGene00200676.,0,0,0
WBGene00200677.,0,5,5
WBGene00200678.,0,0,0
WBGene00200679.,0,0,0
WBGene00200680.,0,10,10
WBGene00200681.,0,0,0
WBGene00200682.,0,0,0
WBGene00200683.,0,0,0
WBGene00200684.,0,1,1
WBGene00200685.,0,0,0
WBGene00200686.,0,0,0
WBGene00200687.,0,0,0
WBGene00200688.,0,0,0
WBGene00200689.,0,7,7
WBGene00200690.,0,0,0
WBGene00200691.,0,0,0
WBGene00200692.,0,17,17
WBGene00200693.,0,0,0
WBGene00200694.,0,8,8
WBGene00200695.,0,23,23
WBGene00200696.,0,1,1
WBGene00200697.,0,9,9
WBGene00200698.,0,0,0
WBGene00200699.,0,0,0
WBGene00200700.,0,44,44
WBGene00200701.,0,1,1
WBGene00200702.,0,224,224
WBGene00200703.,0,0,0
WBGene00200704.,0,3,3
WBGene00200705.,0,4,4
WBGene00200706.,0,12,12
WBGene00200707.,0,2,2
WBGene00200708.,0,0,0
WBGene00200709.,0,0,0
WBGene00200710.,0,6,6
WBGene00200711.,0,2,2
WBGene00200712.,0,0,0
WBGene00200713.,0,1,1
WBGene00200714.,0,1,1
WBGene00200715.,0,0,0
WBGene00200716.,0,9,9
WBGene00200717.,0,0,0
WBGene00200718.,0,0,0
WBGene00200719.,0,100,100
WBGene00200720.,0,0,0
WBGene00200721.,0,0,0
WBGene00200722.,0,2,2
WBGene00200723.,0,68,68
WBGene00200724.,0,0,0
WBGene00200725.,0,0,0
WBGene00200726.,0,2,2
WBGene00200727.,0,4,4
WBGene00200728.,0,0,0
WBGene00200729.,0,0,0
WBGene00200730.,0,0,0
WBGene00200731.,0,0,0
WBGene00200732.,0,0,0
WBGene00200733.,0,6,6
WBGene00200734.,0,0,0
WBGene00200735.,0,0,0
WBGene00200736.,0,0,0
WBGene00200737.,0,2,2
WBGene00200738.,0,0,0
WBGene00200739.,0,0,0
WBGene00200740.,0,0,0
WBGene00200741.,0,2,2
WBGene00200742.,0,1,1
WBGene00200743.,0,12,12
WBGene00200744.,0,47,47
WBGene00200745.,0,0,0
WBGene00200746.,0,11,11
WBGene00200747.,0,6,6
WBGene00200748.,0,0,0
WBGene00200749.,0,3,3
WBGene00200750.,0,3,3
WBGene00200751.,0,4,4
WBGene00200752.,0,90,90
WBGene00200753.,0,1,1
WBGene00200754.,0,1,1
WBGene00200755.,0,6,6
WBGene00200756.,0,15,15
WBGene00200757.,0,7,7
WBGene00200758.,0,7,7
WBGene00200759.,0,0,0
WBGene00200760.,0,0,0
WBGene00200761.,0,0,0
WBGene00200762.,0,78,78
WBGene00200763.,0,1,1
WBGene00200764.,0,15,15
WBGene00200765.,0,1,1
WBGene00200766.,0,16,16
WBGene00200767.,0,19,19
WBGene00200768.,0,5,5
WBGene00200769.,0,1,1
WBGene00200770.,0,7,7
WBGene00200771.,0,1,1
WBGene00200772.,0,0,0
WBGene00200773.,0,0,0
WBGene00200774.,0,0,0
WBGene00200775.,0,0,0
WBGene00200776.,0,0,0
WBGene00200777.,0,1,1
WBGene00200778.,0,2,2
WBGene00200779.,0,3,3
WBGene00200780.,0,1,1
WBGene00200781.,0,10,10
WBGene00200782.,0,0,0
WBGene00200783.,0,0,0
WBGene00200784.,0,0,0
WBGene00200785.,0,0,0
WBGene00200786.,0,6,6
WBGene00200787.,0,62,62
WBGene00200788.,0,0,0
WBGene00200789.,0,0,0
WBGene00200790.,0,0,0
WBGene00200791.,0,2,2
WBGene00200792.,0,0,0
WBGene00200793.,0,0,0
WBGene00200794.,0,0,0
WBGene00200795.,0,15,15
WBGene00200796.,0,0,0
WBGene00200797.,0,0,0
WBGene00200798.,0,1,1
WBGene00200799.,0,1,1
WBGene00200800.,0,17,17
WBGene00200801.,0,4,4
WBGene00200802.,0,11,11
WBGene00200803.,0,0,0
WBGene00200804.,0,0,0
WBGene00200805.,0,1,1
WBGene00200806.,0,0,0
WBGene00200807.,0,4,4
WBGene00200808.,0,91,91
WBGene00200809.,0,58,58
WBGene00200810.,0,0,0
WBGene00200811.,0,0,0
WBGene00200812.,0,24,24
WBGene00200813.,0,1,1
WBGene00200814.,0,0,0
WBGene00200815.,0,0,0
WBGene00200816.,0,0,0
WBGene00200817.,0,0,0
WBGene00200818.,0,9,9
WBGene00200819.,0,2,2
WBGene00200820.,0,0,0
WBGene00200821.,0,1,1
WBGene00200822.,0,1,1
WBGene00200823.,0,11,11
WBGene00200824.,0,2,2
WBGene00200825.,0,0,0
WBGene00200826.,0,40,40
WBGene00200827.,0,6,6
WBGene00200828.,0,24,24
WBGene00200829.,0,0,0
WBGene00200830.,0,0,0
WBGene00200831.,0,0,0
WBGene00200832.,0,0,0
WBGene00200833.,0,0,0
WBGene00200834.,0,0,0
WBGene00200835.,0,0,0
WBGene00200836.,0,0,0
WBGene00200837.,0,11,11
WBGene00200838.,0,0,0
WBGene00200839.,0,0,0
WBGene00200840.,0,0,0
WBGene00200841.,0,9,9
WBGene00200842.,0,2,2
WBGene00200843.,0,2,2
WBGene00200844.,0,4,4
WBGene00200845.,0,11,11
WBGene00200846.,0,110,110
WBGene00200847.,0,3,3
WBGene00200848.,0,0,0
WBGene00200849.,0,4,4
WBGene00200850.,0,0,0
WBGene00200851.,0,0,0
WBGene00200852.,0,0,0
WBGene00200853.,0,1,1
WBGene00200854.,0,1,1
WBGene00200855.,0,36,36
WBGene00200856.,0,18,18
WBGene00200857.,0,4,4
WBGene00200858.,0,7,7
WBGene00200859.,0,0,0
WBGene00200860.,0,1,1
WBGene00200861.,0,2,2
WBGene00200862.,0,1,1
WBGene00200863.,0,49,49
WBGene00200864.,0,0,0
WBGene00200865.,0,0,0
WBGene00200866.,0,0,0
WBGene00200867.,0,1,1
WBGene00200868.,0,6,6
WBGene00200869.,0,0,0
WBGene00200870.,0,1,1
WBGene00200871.,0,0,0
WBGene00200872.,0,1,1
WBGene00200873.,0,0,0
WBGene00200874.,0,5,5
WBGene00200875.,0,1,1
WBGene00200876.,0,0,0
WBGene00200877.,0,0,0
WBGene00200878.,0,0,0
WBGene00200879.,0,15,15
WBGene00200880.,0,2,2
WBGene00200881.,0,0,0
WBGene00200882.,0,1,1
WBGene00200883.,0,9,9
WBGene00200884.,0,6,6
WBGene00200885.,0,0,0
WBGene00200886.,0,0,0
WBGene00200887.,0,0,0
WBGene00200888.,0,2,2
WBGene00200889.,0,4,4
WBGene00200890.,0,5,5
WBGene00200891.,0,0,0
WBGene00200892.,0,2,2
WBGene00200893.,0,33,33
WBGene00200894.,0,0,0
WBGene00200895.,0,11,11
WBGene00200896.,0,7,7
WBGene00200897.,0,4,4
WBGene00200898.,0,0,0
WBGene00200899.,0,0,0
WBGene00200900.,0,0,0
WBGene00200901.,0,0,0
WBGene00200902.,0,15,15
WBGene00200903.,0,0,0
WBGene00200904.,0,6,6
WBGene00200905.,0,19,19
WBGene00200906.,0,3,3
WBGene00200907.,0,7,7
WBGene00200908.,0,43,43
WBGene00200909.,0,0,0
WBGene00200910.,0,0,0
WBGene00200911.,0,0,0
WBGene00200912.,0,3,3
WBGene00200913.,0,2,2
WBGene00200914.,0,0,0
WBGene00200915.,0,43,43
WBGene00200916.,0,8,8
WBGene00200917.,0,0,0
WBGene00200918.,0,0,0
WBGene00200919.,0,10,10
WBGene00200920.,0,11,11
WBGene00200921.,0,12,12
WBGene00200922.,0,0,0
WBGene00200923.,0,2,2
WBGene00200924.,0,1,1
WBGene00200925.,0,5,5
WBGene00200926.,0,0,0
WBGene00200927.,0,0,0
WBGene00200928.,0,0,0
WBGene00200929.,0,4,4
WBGene00200930.,0,6,6
WBGene00200931.,0,2,2
WBGene00200932.,0,3,3
WBGene00200933.,0,0,0
WBGene00200934.,0,138,138
WBGene00200935.,0,9,9
WBGene00200936.,0,0,0
WBGene00200937.,0,0,0
WBGene00200938.,0,3,3
WBGene00200939.,0,0,0
WBGene00200940.,0,39,39
WBGene00200941.,0,27,27
WBGene00200942.,0,0,0
WBGene00200943.,0,5,5
WBGene00200944.,0,2,2
WBGene00200945.,0,0,0
WBGene00200946.,0,5,5
WBGene00200947.,0,1,1
WBGene00200948.,0,9,9
WBGene00200949.,0,2,2
WBGene00200950.,0,0,0
WBGene00200951.,0,1,1
WBGene00200952.,0,1,1
WBGene00200953.,0,30,30
WBGene00200954.,0,0,0
WBGene00200955.,0,0,0
WBGene00200956.,0,1,1
WBGene00200957.,0,5,5
WBGene00200958.,0,1,1
WBGene00200959.,0,2,2
WBGene00200960.,0,265,265
WBGene00200961.,0,0,0
WBGene00200962.,0,0,0
WBGene00200963.,0,3,3
WBGene00200964.,0,0,0
WBGene00200965.,0,1,1
WBGene00200966.,0,0,0
WBGene00200967.,0,0,0
WBGene00200968.,0,9,9
WBGene00200969.,0,0,0
WBGene00200970.,0,0,0
WBGene00200971.,0,21,21
WBGene00200972.,0,3,3
WBGene00200973.,0,0,0
WBGene00200974.,0,0,0
WBGene00200975.,0,4,4
WBGene00200976.,0,1,1
WBGene00200977.,0,15,15
WBGene00200978.,0,0,0
WBGene00200979.,0,4,4
WBGene00200980.,0,0,0
WBGene00200981.,0,1,1
WBGene00200982.,0,1,1
WBGene00200983.,0,3,3
WBGene00200984.,0,0,0
WBGene00200985.,0,0,0
WBGene00200986.,0,1,1
WBGene00200987.,0,4,4
WBGene00200988.,0,0,0
WBGene00200989.,0,0,0
WBGene00200990.,0,1,1
WBGene00200991.,0,9,9
WBGene00200992.,0,0,0
WBGene00200993.,0,1,1
WBGene00200994.,0,7,7
WBGene00200995.,0,71,71
WBGene00200996.,0,311,311
WBGene00200997.,0,1,1
WBGene00200998.,0,1,1
WBGene00200999.,0,0,0
WBGene00201000.,0,0,0
WBGene00201001.,0,8,8
WBGene00201002.,0,1,1
WBGene00201003.,0,0,0
WBGene00201004.,0,12,12
WBGene00201005.,0,62,62
WBGene00201006.,0,1,1
WBGene00201007.,0,0,0
WBGene00201008.,0,4,4
WBGene00201009.,0,0,0
WBGene00201010.,0,3,3
WBGene00201011.,0,0,0
WBGene00201012.,0,7,7
WBGene00201013.,0,0,0
WBGene00201014.,0,1,1
WBGene00201015.,0,1,1
WBGene00201016.,0,0,0
WBGene00201017.,0,0,0
WBGene00201018.,0,1,1
WBGene00201019.,0,14,14
WBGene00201020.,0,0,0
WBGene00201021.,0,11,11
WBGene00201022.,0,0,0
WBGene00201023.,0,0,0
WBGene00201024.,0,0,0
WBGene00201025.,0,1,1
WBGene00201026.,0,0,0
WBGene00201027.,0,2,2
WBGene00201028.,0,81,81
WBGene00201029.,0,0,0
WBGene00201030.,0,2,2
WBGene00201031.,0,133,133
WBGene00201032.,0,1,1
WBGene00201033.,0,5,5
WBGene00201034.,0,27,27
WBGene00201035.,0,2,2
WBGene00201036.,0,0,0
WBGene00201037.,0,0,0
WBGene00201038.,0,4,4
WBGene00201039.,0,0,0
WBGene00201040.,0,0,0
WBGene00201041.,0,7,7
WBGene00201042.,0,0,0
WBGene00201043.,0,6,6
WBGene00201044.,0,2,2
WBGene00201045.,0,128,128
WBGene00201046.,0,0,0
WBGene00201047.,0,0,0
WBGene00201048.,0,1,1
WBGene00201049.,0,0,0
WBGene00201050.,0,0,0
WBGene00201051.,0,1,1
WBGene00201052.,0,0,0
WBGene00201053.,0,1,1
WBGene00201054.,0,10,10
WBGene00201055.,0,0,0
WBGene00201056.,0,0,0
WBGene00201057.,0,8,8
WBGene00201058.,0,2,2
WBGene00201059.,0,0,0
WBGene00201060.,0,1,1
WBGene00201061.,0,0,0
WBGene00201062.,0,1,1
WBGene00201063.,0,0,0
WBGene00201064.,0,4,4
WBGene00201065.,0,0,0
WBGene00201066.,0,8,8
WBGene00201067.,0,0,0
WBGene00201068.,0,8,8
WBGene00201069.,0,7,7
WBGene00201070.,0,0,0
WBGene00201071.,0,0,0
WBGene00201072.,0,4,4
WBGene00201073.,0,0,0
WBGene00201074.,0,6,6
WBGene00201075.,0,196,196
WBGene00201076.,0,6,6
WBGene00201077.,0,0,0
WBGene00201078.,0,7,7
WBGene00201079.,0,3,3
WBGene00201080.,0,80,80
WBGene00201081.,0,2,2
WBGene00201082.,0,73,73
WBGene00201083.,0,5,5
WBGene00201084.,0,7,7
WBGene00201085.,0,0,0
WBGene00201086.,0,0,0
WBGene00201087.,0,5,5
WBGene00201088.,0,3,3
WBGene00201089.,0,1,1
WBGene00201090.,0,3,3
WBGene00201091.,0,0,0
WBGene00201092.,0,2,2
WBGene00201093.,0,20,20
WBGene00201094.,0,1,1
WBGene00201095.,0,1,1
WBGene00201096.,0,0,0
WBGene00201097.,0,0,0
WBGene00201098.,0,9,9
WBGene00201099.,0,0,0
WBGene00201100.,0,5,5
WBGene00201101.,0,0,0
WBGene00201102.,0,6,6
WBGene00201103.,0,0,0
WBGene00201104.,0,0,0
WBGene00201105.,0,0,0
WBGene00201106.,0,0,0
WBGene00201107.,0,0,0
WBGene00201108.,0,3,3
WBGene00201109.,0,2,2
WBGene00201110.,0,4,4
WBGene00201111.,0,141,141
WBGene00201112.,0,3,3
WBGene00201113.,0,0,0
WBGene00201114.,0,0,0
WBGene00201115.,0,0,0
WBGene00201116.,0,6,6
WBGene00201117.,0,0,0
WBGene00201118.,0,2,2
WBGene00201119.,0,1,1
WBGene00201120.,0,2,2
WBGene00201121.,0,4,4
WBGene00201122.,0,0,0
WBGene00201123.,0,0,0
WBGene00201124.,0,33,33
WBGene00201125.,0,13,13
WBGene00201126.,0,6,6
WBGene00201127.,0,0,0
WBGene00201128.,0,0,0
WBGene00201129.,0,50,50
WBGene00201130.,0,1,1
WBGene00201131.,0,12,12
WBGene00201132.,0,1,1
WBGene00201133.,0,3,3
WBGene00201134.,0,0,0
WBGene00201135.,0,8,8
WBGene00201136.,0,0,0
WBGene00201137.,0,0,0
WBGene00201138.,0,0,0
WBGene00201139.,0,7,7
WBGene00201140.,0,0,0
WBGene00201141.,0,15,15
WBGene00201142.,0,0,0
WBGene00201143.,0,5,5
WBGene00201145.,0,0,0
WBGene00201146.,0,3,3
WBGene00201147.,0,0,0
WBGene00201148.,0,0,0
WBGene00201149.,0,1,1
WBGene00201150.,0,6,6
WBGene00201151.,0,1,1
WBGene00201152.,0,0,0
WBGene00201153.,0,0,0
WBGene00201154.,0,0,0
WBGene00201155.,0,0,0
WBGene00201156.,0,2,2
WBGene00201157.,0,0,0
WBGene00201158.,0,2,2
WBGene00201159.,0,8,8
WBGene00201160.,0,0,0
WBGene00201161.,0,3,3
WBGene00201162.,0,0,0
WBGene00201163.,0,0,0
WBGene00201164.,0,0,0
WBGene00201165.,0,5,5
WBGene00201166.,0,0,0
WBGene00201167.,0,7,7
WBGene00201168.,0,4,4
WBGene00201169.,0,1,1
WBGene00201170.,0,0,0
WBGene00201171.,0,3,3
WBGene00201172.,0,0,0
WBGene00201173.,0,1,1
WBGene00201174.,0,2,2
WBGene00201175.,0,7,7
WBGene00201176.,0,0,0
WBGene00201177.,0,0,0
WBGene00201178.,0,0,0
WBGene00201179.,0,18,18
WBGene00201180.,0,0,0
WBGene00201181.,0,122,122
WBGene00201182.,0,2,2
WBGene00201183.,0,0,0
WBGene00201184.,0,0,0
WBGene00201185.,0,4,4
WBGene00201186.,0,0,0
WBGene00201187.,0,1,1
WBGene00201188.,0,41,41
WBGene00201189.,0,0,0
WBGene00201190.,0,0,0
WBGene00201191.,0,0,0
WBGene00201192.,0,0,0
WBGene00201193.,0,0,0
WBGene00201194.,0,0,0
WBGene00201195.,0,0,0
WBGene00201196.,0,0,0
WBGene00201197.,0,0,0
WBGene00201198.,0,45,45
WBGene00201199.,0,4,4
WBGene00201200.,0,0,0
WBGene00201201.,0,8,8
WBGene00201202.,0,15,15
WBGene00201203.,0,0,0
WBGene00201204.,0,3,3
WBGene00201205.,0,1,1
WBGene00201206.,0,0,0
WBGene00201207.,0,27,27
WBGene00201208.,0,10,10
WBGene00201209.,0,0,0
WBGene00201210.,0,8,8
WBGene00201211.,0,69,69
WBGene00201212.,0,2,2
WBGene00201213.,0,0,0
WBGene00201214.,0,4,4
WBGene00201215.,0,7,7
WBGene00201216.,0,0,0
WBGene00201217.,0,0,0
WBGene00201218.,0,9,9
WBGene00201219.,0,34,34
WBGene00201220.,0,2,2
WBGene00201221.,0,2,2
WBGene00201222.,0,1,1
WBGene00201223.,0,0,0
WBGene00201224.,0,11,11
WBGene00201225.,0,0,0
WBGene00201226.,0,0,0
WBGene00201227.,0,0,0
WBGene00201228.,0,7,7
WBGene00201229.,0,6,6
WBGene00201230.,0,1,1
WBGene00201231.,0,0,0
WBGene00201232.,0,0,0
WBGene00201233.,0,0,0
WBGene00201234.,0,0,0
WBGene00201235.,0,0,0
WBGene00201236.,0,3,3
WBGene00201237.,0,0,0
WBGene00201238.,0,0,0
WBGene00201239.,0,16,16
WBGene00201240.,0,0,0
WBGene00201241.,0,1,1
WBGene00201242.,0,0,0
WBGene00201243.,0,2,2
WBGene00201244.,0,0,0
WBGene00201245.,0,2,2
WBGene00201246.,0,6,6
WBGene00201247.,0,3,3
WBGene00201248.,0,32,32
WBGene00201249.,0,1,1
WBGene00201250.,0,1,1
WBGene00201251.,0,0,0
WBGene00201252.,0,2,2
WBGene00201253.,0,0,0
WBGene00201254.,0,0,0
WBGene00201255.,0,2,2
WBGene00201256.,0,2,2
WBGene00201257.,0,2,2
WBGene00201258.,0,9,9
WBGene00201259.,0,0,0
WBGene00201260.,0,0,0
WBGene00201261.,0,0,0
WBGene00201262.,0,4,4
WBGene00201263.,0,0,0
WBGene00201264.,0,0,0
WBGene00201265.,0,0,0
WBGene00201266.,0,0,0
WBGene00201267.,0,4,4
WBGene00201268.,0,0,0
WBGene00201269.,0,7,7
WBGene00201270.,0,1,1
WBGene00201271.,0,5,5
WBGene00201272.,0,11,11
WBGene00201273.,0,85,85
WBGene00201274.,0,0,0
WBGene00201275.,0,2,2
WBGene00201276.,0,0,0
WBGene00201277.,0,12,12
WBGene00201278.,0,0,0
WBGene00201279.,0,0,0
WBGene00201280.,0,1,1
WBGene00201281.,0,2,2
WBGene00201282.,0,111,111
WBGene00201283.,0,0,0
WBGene00201284.,0,0,0
WBGene00201285.,0,4,4
WBGene00201286.,0,9,9
WBGene00201287.,0,1,1
WBGene00201288.,0,2,2
WBGene00201289.,0,0,0
WBGene00201290.,0,46,46
WBGene00201291.,0,5,5
WBGene00201292.,0,0,0
WBGene00201293.,0,1,1
WBGene00201294.,0,0,0
WBGene00201295.,0,1,1
WBGene00201296.,0,0,0
WBGene00201297.,0,0,0
WBGene00201298.,0,0,0
WBGene00201299.,0,2,2
WBGene00201300.,0,0,0
WBGene00201301.,0,18,18
WBGene00201302.,0,1,1
WBGene00201303.,0,42,42
WBGene00201304.,0,2,2
WBGene00201305.,0,8,8
WBGene00201306.,0,0,0
WBGene00201307.,0,0,0
WBGene00201308.,0,0,0
WBGene00201309.,0,0,0
WBGene00201310.,0,1,1
WBGene00201311.,0,2,2
WBGene00201312.,0,0,0
WBGene00201313.,0,0,0
WBGene00201314.,0,0,0
WBGene00201315.,0,3,3
WBGene00201316.,0,1,1
WBGene00201317.,0,26,26
WBGene00201318.,0,0,0
WBGene00201319.,0,1,1
WBGene00201320.,0,1,1
WBGene00201321.,0,0,0
WBGene00201322.,0,21,21
WBGene00201323.,0,13,13
WBGene00201324.,0,0,0
WBGene00201325.,0,1,1
WBGene00201326.,0,1,1
WBGene00201327.,0,2,2
WBGene00201328.,0,0,0
WBGene00201329.,0,5,5
WBGene00201330.,0,1,1
WBGene00201331.,0,13,13
WBGene00201332.,0,0,0
WBGene00201333.,0,1,1
WBGene00201334.,0,0,0
WBGene00201335.,0,0,0
WBGene00201336.,0,1,1
WBGene00201337.,0,0,0
WBGene00201338.,0,0,0
WBGene00201339.,0,0,0
WBGene00201340.,0,1,1
WBGene00201341.,0,0,0
WBGene00201342.,0,2,2
WBGene00201343.,0,1,1
WBGene00201344.,0,1,1
WBGene00201345.,0,0,0
WBGene00201346.,0,1,1
WBGene00201347.,0,0,0
WBGene00201348.,0,2,2
WBGene00201349.,0,11,11
WBGene00201350.,0,0,0
WBGene00201351.,0,14,14
WBGene00201352.,0,4,4
WBGene00201353.,0,2,2
WBGene00201354.,0,4,4
WBGene00201355.,0,0,0
WBGene00201356.,0,0,0
WBGene00201357.,0,0,0
WBGene00201358.,0,2,2
WBGene00201359.,0,1,1
WBGene00201360.,0,3,3
WBGene00201361.,0,0,0
WBGene00201362.,0,0,0
WBGene00201363.,0,0,0
WBGene00201364.,0,3,3
WBGene00201365.,0,0,0
WBGene00201366.,0,0,0
WBGene00201367.,0,0,0
WBGene00201368.,0,0,0
WBGene00201369.,0,0,0
WBGene00201370.,0,4,4
WBGene00201371.,0,0,0
WBGene00201372.,0,38,38
WBGene00201373.,0,5,5
WBGene00201374.,0,17,17
WBGene00201375.,0,0,0
WBGene00201376.,0,0,0
WBGene00201377.,0,2,2
WBGene00201378.,0,40,40
WBGene00201379.,0,0,0
WBGene00201380.,0,2,2
WBGene00201381.,0,34,34
WBGene00201382.,0,0,0
WBGene00201383.,0,2,2
WBGene00201384.,0,0,0
WBGene00201385.,0,0,0
WBGene00201386.,0,0,0
WBGene00201387.,0,10,10
WBGene00201388.,0,3,3
WBGene00201389.,0,1,1
WBGene00201390.,0,33,33
WBGene00201391.,0,0,0
WBGene00201392.,0,3,3
WBGene00201393.,0,0,0
WBGene00201394.,0,2,2
WBGene00201395.,0,0,0
WBGene00201396.,0,0,0
WBGene00201397.,0,0,0
WBGene00201398.,0,0,0
WBGene00201399.,0,5,5
WBGene00201400.,0,0,0
WBGene00201401.,0,0,0
WBGene00201402.,0,0,0
WBGene00201403.,0,1,1
WBGene00201404.,0,1,1
WBGene00201405.,0,7,7
WBGene00201406.,0,9,9
WBGene00201407.,0,1,1
WBGene00201408.,0,0,0
WBGene00201409.,0,0,0
WBGene00201410.,0,2,2
WBGene00201411.,0,2,2
WBGene00201412.,0,0,0
WBGene00201413.,0,21,21
WBGene00201414.,0,0,0
WBGene00201415.,0,17,17
WBGene00201416.,0,0,0
WBGene00201417.,0,1,1
WBGene00201418.,0,2,2
WBGene00201419.,0,8,8
WBGene00201420.,0,23,23
WBGene00201421.,0,0,0
WBGene00201422.,0,8,8
WBGene00201423.,0,20,20
WBGene00201424.,0,0,0
WBGene00201425.,0,0,0
WBGene00201426.,0,2,2
WBGene00201427.,0,0,0
WBGene00201428.,0,0,0
WBGene00201429.,0,0,0
WBGene00201430.,0,34,34
WBGene00201431.,0,0,0
WBGene00201432.,0,0,0
WBGene00201433.,0,0,0
WBGene00201434.,0,0,0
WBGene00201435.,0,1,1
WBGene00201436.,0,0,0
WBGene00201437.,0,2,2
WBGene00201438.,0,3,3
WBGene00201439.,0,0,0
WBGene00201440.,0,0,0
WBGene00201441.,0,378,378
WBGene00201442.,0,1,1
WBGene00201443.,0,0,0
WBGene00201444.,0,0,0
WBGene00201445.,0,0,0
WBGene00201446.,0,0,0
WBGene00201447.,0,33,33
WBGene00201448.,0,1,1
WBGene00201449.,0,4,4
WBGene00201450.,0,3,3
WBGene00201451.,0,14,14
WBGene00201452.,0,0,0
WBGene00201453.,0,0,0
WBGene00201454.,0,0,0
WBGene00201455.,0,0,0
WBGene00201456.,0,4,4
WBGene00201457.,0,0,0
WBGene00201458.,0,3070,3070
WBGene00201459.,0,0,0
WBGene00201460.,0,0,0
WBGene00201461.,0,1,1
WBGene00201462.,0,0,0
WBGene00201463.,0,1,1
WBGene00201464.,0,0,0
WBGene00201465.,0,22,22
WBGene00201466.,0,15,15
WBGene00201467.,0,1,1
WBGene00201468.,0,2,2
WBGene00201469.,0,0,0
WBGene00201470.,0,0,0
WBGene00201471.,0,0,0
WBGene00201472.,0,0,0
WBGene00201473.,0,2,2
WBGene00201474.,0,3,3
WBGene00201475.,0,0,0
WBGene00201476.,0,0,0
WBGene00201477.,0,0,0
WBGene00201478.,0,2,2
WBGene00201479.,0,3,3
WBGene00201480.,0,4,4
WBGene00201481.,0,7,7
WBGene00201482.,0,0,0
WBGene00201483.,0,0,0
WBGene00201484.,0,0,0
WBGene00201485.,0,9,9
WBGene00201486.,0,1,1
WBGene00201487.,0,2,2
WBGene00201488.,0,0,0
WBGene00201489.,0,0,0
WBGene00201490.,0,0,0
WBGene00201491.,0,0,0
WBGene00201492.,0,10,10
WBGene00201493.,0,0,0
WBGene00201494.,0,3,3
WBGene00201495.,0,1,1
WBGene00201496.,0,5,5
WBGene00201497.,0,0,0
WBGene00201498.,0,4,4
WBGene00201499.,0,16,16
WBGene00201500.,0,4,4
WBGene00201501.,0,28,28
WBGene00201502.,0,0,0
WBGene00201503.,0,0,0
WBGene00201504.,0,0,0
WBGene00201505.,0,0,0
WBGene00201506.,0,1,1
WBGene00201507.,0,0,0
WBGene00201508.,0,12,12
WBGene00201509.,0,5,5
WBGene00201510.,0,9,9
WBGene00201511.,0,0,0
WBGene00201512.,0,0,0
WBGene00201513.,0,9,9
WBGene00201514.,0,0,0
WBGene00201515.,0,0,0
WBGene00201516.,0,1,1
WBGene00201517.,0,20,20
WBGene00201518.,0,15,15
WBGene00201519.,0,18,18
WBGene00201520.,0,0,0
WBGene00201521.,0,2,2
WBGene00201522.,0,6,6
WBGene00201523.,0,2,2
WBGene00201524.,0,0,0
WBGene00201525.,0,0,0
WBGene00201526.,0,0,0
WBGene00201527.,0,23,23
WBGene00201528.,0,2,2
WBGene00201529.,0,0,0
WBGene00201530.,0,15,15
WBGene00201531.,0,0,0
WBGene00201532.,0,11,11
WBGene00201533.,0,0,0
WBGene00201534.,0,0,0
WBGene00201535.,0,0,0
WBGene00201536.,0,0,0
WBGene00201537.,0,0,0
WBGene00201538.,0,5,5
WBGene00201539.,0,0,0
WBGene00201540.,0,3,3
WBGene00201541.,0,6,6
WBGene00201542.,0,0,0
WBGene00201543.,0,6,6
WBGene00201544.,0,2,2
WBGene00201545.,0,0,0
WBGene00201546.,0,0,0
WBGene00201547.,0,15,15
WBGene00201548.,0,3,3
WBGene00201549.,0,0,0
WBGene00201550.,0,2,2
WBGene00201551.,0,3,3
WBGene00201552.,0,0,0
WBGene00201553.,0,0,0
WBGene00201554.,0,0,0
WBGene00201555.,0,0,0
WBGene00201556.,0,5,5
WBGene00201557.,0,8,8
WBGene00201558.,0,4,4
WBGene00201559.,0,0,0
WBGene00201560.,0,0,0
WBGene00201561.,0,165,165
WBGene00201562.,0,0,0
WBGene00201563.,0,2,2
WBGene00201564.,0,12,12
WBGene00201565.,0,12,12
WBGene00201566.,0,1,1
WBGene00201567.,0,7,7
WBGene00201568.,0,0,0
WBGene00201569.,0,1,1
WBGene00201570.,0,4,4
WBGene00201571.,0,0,0
WBGene00201572.,0,1,1
WBGene00201573.,0,2,2
WBGene00201574.,0,0,0
WBGene00201575.,0,0,0
WBGene00201576.,0,12,12
WBGene00201577.,0,0,0
WBGene00201578.,0,41,41
WBGene00201579.,0,6,6
WBGene00201580.,0,46,46
WBGene00201581.,0,2,2
WBGene00201582.,0,63,63
WBGene00201583.,0,0,0
WBGene00201584.,0,2,2
WBGene00201585.,0,0,0
WBGene00201586.,0,111,111
WBGene00201587.,0,2,2
WBGene00201588.,0,3,3
WBGene00201589.,0,0,0
WBGene00201590.,0,0,0
WBGene00201591.,0,13,13
WBGene00201592.,0,1,1
WBGene00201593.,0,21,21
WBGene00201594.,0,0,0
WBGene00201595.,0,0,0
WBGene00201596.,0,4,4
WBGene00201597.,0,0,0
WBGene00201598.,0,5,5
WBGene00201599.,0,26,26
WBGene00201600.,0,0,0
WBGene00201601.,0,12,12
WBGene00201602.,0,31,31
WBGene00201603.,0,16,16
WBGene00201604.,0,22,22
WBGene00201605.,0,0,0
WBGene00201606.,0,2,2
WBGene00201607.,0,0,0
WBGene00201608.,0,0,0
WBGene00201609.,0,27,27
WBGene00201610.,0,6,6
WBGene00201611.,0,5,5
WBGene00201612.,0,0,0
WBGene00201613.,0,3,3
WBGene00201614.,0,1,1
WBGene00201615.,0,0,0
WBGene00201616.,0,0,0
WBGene00201617.,0,0,0
WBGene00201618.,0,0,0
WBGene00201619.,0,3,3
WBGene00201620.,0,1,1
WBGene00201621.,0,1,1
WBGene00201622.,0,1,1
WBGene00201623.,0,3,3
WBGene00201624.,0,4,4
WBGene00201625.,0,6,6
WBGene00201626.,0,57,57
WBGene00201627.,0,2,2
WBGene00201628.,0,0,0
WBGene00201629.,0,3,3
WBGene00201630.,0,0,0
WBGene00201631.,0,0,0
WBGene00201632.,0,2,2
WBGene00201633.,0,57,57
WBGene00201634.,0,12,12
WBGene00201636.,0,0,0
WBGene00201637.,0,0,0
WBGene00201638.,0,0,0
WBGene00201639.,0,0,0
WBGene00201640.,0,0,0
WBGene00201641.,0,2,2
WBGene00201642.,0,24,24
WBGene00201643.,0,5,5
WBGene00201644.,0,10,10
WBGene00201645.,0,5,5
WBGene00201646.,0,48,48
WBGene00201647.,0,0,0
WBGene00201648.,0,2,2
WBGene00201649.,0,3,3
WBGene00201650.,0,47,47
WBGene00201651.,0,41,41
WBGene00201652.,0,2,2
WBGene00201653.,0,1,1
WBGene00201654.,0,18,18
WBGene00201655.,0,20,20
WBGene00201656.,0,0,0
WBGene00201657.,0,1,1
WBGene00201658.,0,5,5
WBGene00201659.,0,0,0
WBGene00201660.,0,9,9
WBGene00201661.,0,0,0
WBGene00201662.,0,2,2
WBGene00201663.,0,0,0
WBGene00201664.,0,9,9
WBGene00201665.,0,0,0
WBGene00201666.,0,2,2
WBGene00201667.,0,3,3
WBGene00201668.,0,0,0
WBGene00201669.,0,172,172
WBGene00201670.,0,30,30
WBGene00201671.,0,0,0
WBGene00201672.,0,3,3
WBGene00201673.,0,5,5
WBGene00201674.,0,1,1
WBGene00201675.,0,1,1
WBGene00201676.,0,10,10
WBGene00201677.,0,10,10
WBGene00201678.,0,2,2
WBGene00201679.,0,1,1
WBGene00201680.,0,1,1
WBGene00201681.,0,1,1
WBGene00201682.,0,0,0
WBGene00201683.,0,0,0
WBGene00201684.,0,5,5
WBGene00201685.,0,1,1
WBGene00201686.,0,0,0
WBGene00201687.,0,0,0
WBGene00201688.,0,2,2
WBGene00201689.,0,7,7
WBGene00201690.,0,2,2
WBGene00201691.,0,0,0
WBGene00201692.,0,6,6
WBGene00201693.,0,1,1
WBGene00201694.,0,6,6
WBGene00201695.,0,0,0
WBGene00201696.,0,0,0
WBGene00201697.,0,0,0
WBGene00201698.,0,8,8
WBGene00201699.,0,0,0
WBGene00201700.,0,0,0
WBGene00201701.,0,1,1
WBGene00201702.,0,15,15
WBGene00201703.,0,0,0
WBGene00201704.,0,0,0
WBGene00201705.,0,5,5
WBGene00201706.,0,2,2
WBGene00201707.,0,0,0
WBGene00201708.,0,0,0
WBGene00201709.,0,0,0
WBGene00201710.,0,0,0
WBGene00201711.,0,15,15
WBGene00201712.,0,0,0
WBGene00201713.,0,0,0
WBGene00201714.,0,3,3
WBGene00201715.,0,4,4
WBGene00201716.,0,0,0
WBGene00201717.,0,1,1
WBGene00201718.,0,4,4
WBGene00201719.,0,2,2
WBGene00201720.,0,1,1
WBGene00201721.,0,7,7
WBGene00201722.,0,0,0
WBGene00201723.,0,0,0
WBGene00201724.,0,0,0
WBGene00201725.,0,1,1
WBGene00201726.,0,0,0
WBGene00201727.,0,1,1
WBGene00201728.,0,0,0
WBGene00201729.,0,2,2
WBGene00201730.,0,25,25
WBGene00201731.,0,0,0
WBGene00201732.,0,1,1
WBGene00201733.,0,1,1
WBGene00201734.,0,1,1
WBGene00201735.,0,1,1
WBGene00201736.,0,0,0
WBGene00201737.,0,0,0
WBGene00201738.,0,0,0
WBGene00201739.,0,99,99
WBGene00201740.,0,12,12
WBGene00201741.,0,7,7
WBGene00201742.,0,2,2
WBGene00201743.,0,0,0
WBGene00201744.,0,25,25
WBGene00201745.,0,136,136
WBGene00201746.,0,0,0
WBGene00201747.,0,6,6
WBGene00201748.,0,0,0
WBGene00201749.,0,1,1
WBGene00201750.,0,1,1
WBGene00201751.,0,0,0
WBGene00201752.,0,33,33
WBGene00201753.,0,4,4
WBGene00201754.,0,1,1
WBGene00201755.,0,21,21
WBGene00201756.,0,0,0
WBGene00201757.,0,5,5
WBGene00201758.,0,0,0
WBGene00201759.,0,0,0
WBGene00201760.,0,3,3
WBGene00201761.,0,11,11
WBGene00201762.,0,1,1
WBGene00201763.,0,0,0
WBGene00201764.,0,2,2
WBGene00201765.,0,0,0
WBGene00201766.,0,0,0
WBGene00201767.,0,0,0
WBGene00201768.,0,8,8
WBGene00201769.,0,6,6
WBGene00201770.,0,30,30
WBGene00201771.,0,2,2
WBGene00201772.,0,0,0
WBGene00201773.,0,14,14
WBGene00201774.,0,0,0
WBGene00201775.,0,0,0
WBGene00201776.,0,0,0
WBGene00201777.,0,0,0
WBGene00201778.,0,8,8
WBGene00201779.,0,1,1
WBGene00201780.,0,0,0
WBGene00201781.,0,0,0
WBGene00201782.,0,0,0
WBGene00201783.,0,12,12
WBGene00201784.,0,6,6
WBGene00201785.,0,1,1
WBGene00201786.,0,0,0
WBGene00201787.,0,0,0
WBGene00201788.,0,0,0
WBGene00201789.,0,1,1
WBGene00201790.,0,8,8
WBGene00201791.,0,6,6
WBGene00201792.,0,0,0
WBGene00201793.,0,0,0
WBGene00201794.,0,0,0
WBGene00201795.,0,0,0
WBGene00201796.,0,1,1
WBGene00201797.,0,6,6
WBGene00201798.,0,0,0
WBGene00201799.,0,3,3
WBGene00201800.,0,0,0
WBGene00201801.,0,2,2
WBGene00201802.,0,0,0
WBGene00201803.,0,0,0
WBGene00201804.,0,0,0
WBGene00201805.,0,2,2
WBGene00201806.,0,11,11
WBGene00201807.,0,17,17
WBGene00201808.,0,2,2
WBGene00201809.,0,1,1
WBGene00201810.,0,0,0
WBGene00201811.,0,13,13
WBGene00201812.,0,0,0
WBGene00201813.,0,0,0
WBGene00201814.,0,0,0
WBGene00201815.,0,1,1
WBGene00201816.,0,0,0
WBGene00201817.,0,4,4
WBGene00201818.,0,0,0
WBGene00201819.,0,0,0
WBGene00201820.,0,0,0
WBGene00201821.,0,19,19
WBGene00201822.,0,1,1
WBGene00201823.,0,0,0
WBGene00201824.,0,0,0
WBGene00201825.,0,67,67
WBGene00201826.,0,1,1
WBGene00201827.,0,1,1
WBGene00201828.,0,1,1
WBGene00201829.,0,1,1
WBGene00201830.,0,1,1
WBGene00201831.,0,12,12
WBGene00201832.,0,0,0
WBGene00201833.,0,0,0
WBGene00201834.,0,0,0
WBGene00201835.,0,0,0
WBGene00201836.,0,11,11
WBGene00201837.,0,1,1
WBGene00201838.,0,9,9
WBGene00201839.,0,0,0
WBGene00201840.,0,2,2
WBGene00201841.,0,0,0
WBGene00201842.,0,6,6
WBGene00201843.,0,1,1
WBGene00201844.,0,13,13
WBGene00201845.,0,1,1
WBGene00201846.,0,21,21
WBGene00201847.,0,1,1
WBGene00201848.,0,4,4
WBGene00201849.,0,3,3
WBGene00201850.,0,0,0
WBGene00201851.,0,0,0
WBGene00201852.,0,0,0
WBGene00201853.,0,4,4
WBGene00201854.,0,1,1
WBGene00201855.,0,7,7
WBGene00201856.,0,0,0
WBGene00201857.,0,2,2
WBGene00201858.,0,2,2
WBGene00201859.,0,0,0
WBGene00201860.,0,0,0
WBGene00201861.,0,6,6
WBGene00201862.,0,0,0
WBGene00201863.,0,0,0
WBGene00201864.,0,0,0
WBGene00201865.,0,2,2
WBGene00201866.,0,2,2
WBGene00201867.,0,1,1
WBGene00201868.,0,3,3
WBGene00201869.,0,1,1
WBGene00201870.,0,0,0
WBGene00201871.,0,337,337
WBGene00201872.,0,0,0
WBGene00201873.,0,0,0
WBGene00201874.,0,0,0
WBGene00201875.,0,0,0
WBGene00201876.,0,0,0
WBGene00201877.,0,0,0
WBGene00201878.,0,0,0
WBGene00201879.,0,4,4
WBGene00201880.,0,1,1
WBGene00201881.,0,3,3
WBGene00201882.,0,0,0
WBGene00201883.,0,0,0
WBGene00201884.,0,2,2
WBGene00201885.,0,1,1
WBGene00201886.,0,0,0
WBGene00201887.,0,3,3
WBGene00201888.,0,0,0
WBGene00201889.,0,29,29
WBGene00201890.,0,0,0
WBGene00201891.,0,1,1
WBGene00201892.,0,0,0
WBGene00201893.,0,1,1
WBGene00201894.,0,6,6
WBGene00201895.,0,0,0
WBGene00201896.,0,0,0
WBGene00201897.,0,3,3
WBGene00201898.,0,3,3
WBGene00201899.,0,4,4
WBGene00201900.,0,5,5
WBGene00201901.,0,4,4
WBGene00201902.,0,8,8
WBGene00201903.,0,0,0
WBGene00201904.,0,0,0
WBGene00201905.,0,1,1
WBGene00201906.,0,4,4
WBGene00201907.,0,9,9
WBGene00201908.,0,13,13
WBGene00201909.,0,21,21
WBGene00201910.,0,0,0
WBGene00201911.,0,0,0
WBGene00201912.,0,1,1
WBGene00201913.,0,0,0
WBGene00201914.,0,0,0
WBGene00201915.,0,12,12
WBGene00201916.,0,39,39
WBGene00201917.,0,60,60
WBGene00201918.,0,0,0
WBGene00201919.,0,12,12
WBGene00201920.,0,1,1
WBGene00201921.,0,4,4
WBGene00201922.,0,1,1
WBGene00201923.,0,8,8
WBGene00201924.,0,0,0
WBGene00201925.,0,0,0
WBGene00201926.,0,2,2
WBGene00201927.,0,0,0
WBGene00201928.,0,41,41
WBGene00201929.,0,0,0
WBGene00201930.,0,0,0
WBGene00201931.,0,0,0
WBGene00201932.,0,0,0
WBGene00201933.,0,34,34
WBGene00201934.,0,2,2
WBGene00201935.,0,0,0
WBGene00201936.,0,0,0
WBGene00201937.,0,1,1
WBGene00201938.,0,0,0
WBGene00201939.,0,1,1
WBGene00201940.,0,0,0
WBGene00201941.,0,0,0
WBGene00201942.,0,24,24
WBGene00201943.,0,0,0
WBGene00201944.,0,8,8
WBGene00201945.,0,6,6
WBGene00201946.,0,1,1
WBGene00201947.,0,0,0
WBGene00201948.,0,0,0
WBGene00201949.,0,30,30
WBGene00201950.,0,0,0
WBGene00201951.,0,0,0
WBGene00201952.,0,10,10
WBGene00201953.,0,182,182
WBGene00201954.,0,0,0
WBGene00201955.,0,0,0
WBGene00201956.,0,3,3
WBGene00201957.,0,0,0
WBGene00201958.,0,0,0
WBGene00201959.,0,0,0
WBGene00201960.,0,0,0
WBGene00201961.,0,0,0
WBGene00201962.,0,1,1
WBGene00201963.,0,3,3
WBGene00201964.,0,491,491
WBGene00201965.,0,1,1
WBGene00201966.,0,53,53
WBGene00201967.,0,3,3
WBGene00201968.,0,0,0
WBGene00201969.,0,16,16
WBGene00201970.,0,1,1
WBGene00201971.,0,0,0
WBGene00201972.,0,0,0
WBGene00201973.,0,0,0
WBGene00201974.,0,0,0
WBGene00201975.,0,0,0
WBGene00201976.,0,0,0
WBGene00201977.,0,0,0
WBGene00201978.,0,1,1
WBGene00201979.,0,0,0
WBGene00201980.,0,0,0
WBGene00201981.,0,0,0
WBGene00201982.,0,23,23
WBGene00201983.,0,1,1
WBGene00201984.,0,5,5
WBGene00201985.,0,3,3
WBGene00201986.,0,13,13
WBGene00201987.,0,12,12
WBGene00201988.,0,2,2
WBGene00201989.,0,3,3
WBGene00201990.,0,0,0
WBGene00201991.,0,8,8
WBGene00201992.,0,3,3
WBGene00201993.,0,12,12
WBGene00201994.,0,20,20
WBGene00201995.,0,5,5
WBGene00201996.,0,0,0
WBGene00201997.,0,9,9
WBGene00201998.,0,40,40
WBGene00201999.,0,0,0
WBGene00202000.,0,1,1
WBGene00202001.,0,39,39
WBGene00202002.,0,0,0
WBGene00202003.,0,0,0
WBGene00202004.,0,0,0
WBGene00202005.,0,11,11
WBGene00202006.,0,0,0
WBGene00202007.,0,0,0
WBGene00202008.,0,24,24
WBGene00202009.,0,4,4
WBGene00202010.,0,19,19
WBGene00202011.,0,14,14
WBGene00202012.,0,7,7
WBGene00202013.,0,4,4
WBGene00202014.,0,0,0
WBGene00202015.,0,0,0
WBGene00202016.,0,33,33
WBGene00202017.,0,0,0
WBGene00202018.,0,0,0
WBGene00202019.,0,0,0
WBGene00202020.,0,5,5
WBGene00202021.,0,31,31
WBGene00202022.,0,0,0
WBGene00202023.,0,5,5
WBGene00202024.,0,0,0
WBGene00202025.,0,0,0
WBGene00202026.,0,8,8
WBGene00202027.,0,0,0
WBGene00202028.,0,45,45
WBGene00202029.,0,42,42
WBGene00202030.,0,65,65
WBGene00202031.,0,0,0
WBGene00202032.,0,0,0
WBGene00202033.,0,7,7
WBGene00202034.,0,1,1
WBGene00202035.,0,4,4
WBGene00202036.,0,7,7
WBGene00202037.,0,0,0
WBGene00202038.,0,4,4
WBGene00202039.,0,2,2
WBGene00202040.,0,0,0
WBGene00202041.,0,0,0
WBGene00202042.,0,2,2
WBGene00202043.,0,0,0
WBGene00202044.,0,21,21
WBGene00202045.,0,1,1
WBGene00202046.,0,0,0
WBGene00202047.,0,0,0
WBGene00202048.,0,3,3
WBGene00202049.,0,1,1
WBGene00202050.,0,4,4
WBGene00202051.,0,2,2
WBGene00202052.,0,1,1
WBGene00202053.,0,11,11
WBGene00202054.,0,1,1
WBGene00202055.,0,1,1
WBGene00202056.,0,1,1
WBGene00202057.,0,0,0
WBGene00202058.,0,0,0
WBGene00202059.,0,2,2
WBGene00202060.,0,8,8
WBGene00202061.,0,2,2
WBGene00202062.,0,7,7
WBGene00202063.,0,4,4
WBGene00202064.,0,1,1
WBGene00202065.,0,18,18
WBGene00202066.,0,5,5
WBGene00202067.,0,0,0
WBGene00202068.,0,0,0
WBGene00202069.,0,0,0
WBGene00202070.,0,7,7
WBGene00202071.,0,0,0
WBGene00202072.,0,3,3
WBGene00202073.,0,0,0
WBGene00202074.,0,3,3
WBGene00202075.,0,0,0
WBGene00202076.,0,0,0
WBGene00202077.,0,7,7
WBGene00202078.,0,4,4
WBGene00202079.,0,26,26
WBGene00202080.,0,37,37
WBGene00202081.,0,0,0
WBGene00202082.,0,1,1
WBGene00202083.,0,0,0
WBGene00202084.,0,17,17
WBGene00202085.,0,15,15
WBGene00202086.,0,7,7
WBGene00202087.,0,17,17
WBGene00202088.,0,24,24
WBGene00202089.,0,1,1
WBGene00202090.,0,2,2
WBGene00202091.,0,7,7
WBGene00202092.,0,0,0
WBGene00202093.,0,0,0
WBGene00202094.,0,21,21
WBGene00202095.,0,0,0
WBGene00202096.,0,13,13
WBGene00202097.,0,1,1
WBGene00202098.,0,1,1
WBGene00202099.,0,0,0
WBGene00202100.,0,1,1
WBGene00202101.,0,2,2
WBGene00202102.,0,2,2
WBGene00202103.,0,0,0
WBGene00202104.,0,2,2
WBGene00202105.,0,35,35
WBGene00202106.,0,0,0
WBGene00202107.,0,20,20
WBGene00202108.,0,1,1
WBGene00202109.,0,1,1
WBGene00202110.,0,0,0
WBGene00202111.,0,0,0
WBGene00202112.,0,24,24
WBGene00202113.,0,2,2
WBGene00202114.,0,0,0
WBGene00202115.,0,0,0
WBGene00202116.,0,0,0
WBGene00202117.,0,0,0
WBGene00202118.,0,0,0
WBGene00202119.,0,1,1
WBGene00202120.,0,0,0
WBGene00202121.,0,5,5
WBGene00202122.,0,3,3
WBGene00202123.,0,0,0
WBGene00202124.,0,0,0
WBGene00202125.,0,0,0
WBGene00202126.,0,0,0
WBGene00202127.,0,0,0
WBGene00202128.,0,0,0
WBGene00202129.,0,0,0
WBGene00202130.,0,9,9
WBGene00202131.,0,1,1
WBGene00202132.,0,9,9
WBGene00202133.,0,43,43
WBGene00202134.,0,0,0
WBGene00202135.,0,0,0
WBGene00202136.,0,246,246
WBGene00202137.,0,2,2
WBGene00202138.,0,0,0
WBGene00202139.,0,0,0
WBGene00202140.,0,12,12
WBGene00202141.,0,0,0
WBGene00202142.,0,0,0
WBGene00202143.,0,51,51
WBGene00202144.,0,0,0
WBGene00202145.,0,13,13
WBGene00202146.,0,0,0
WBGene00202147.,0,2,2
WBGene00202148.,0,0,0
WBGene00202149.,0,0,0
WBGene00202150.,0,12,12
WBGene00202151.,0,0,0
WBGene00202152.,0,4,4
WBGene00202153.,0,0,0
WBGene00202154.,0,0,0
WBGene00202155.,0,0,0
WBGene00202156.,0,3,3
WBGene00202157.,0,1,1
WBGene00202158.,0,6,6
WBGene00202159.,0,1,1
WBGene00202160.,0,0,0
WBGene00202161.,0,0,0
WBGene00202162.,0,0,0
WBGene00202163.,0,0,0
WBGene00202164.,0,0,0
WBGene00202165.,0,0,0
WBGene00202166.,0,15,15
WBGene00202167.,0,6,6
WBGene00202168.,0,1,1
WBGene00202169.,0,0,0
WBGene00202170.,0,0,0
WBGene00202171.,0,1,1
WBGene00202172.,0,0,0
WBGene00202173.,0,0,0
WBGene00202174.,0,1,1
WBGene00202175.,0,1,1
WBGene00202176.,0,0,0
WBGene00202177.,0,0,0
WBGene00202178.,0,0,0
WBGene00202179.,0,0,0
WBGene00202180.,0,2,2
WBGene00202181.,0,1,1
WBGene00202182.,0,0,0
WBGene00202183.,0,8,8
WBGene00202184.,0,1,1
WBGene00202185.,0,2,2
WBGene00202186.,0,14,14
WBGene00202187.,0,0,0
WBGene00202188.,0,0,0
WBGene00202189.,0,0,0
WBGene00202190.,0,0,0
WBGene00202191.,0,11,11
WBGene00202192.,0,1,1
WBGene00202193.,0,0,0
WBGene00202194.,0,6,6
WBGene00202195.,0,12,12
WBGene00202196.,0,1,1
WBGene00202197.,0,1,1
WBGene00202198.,0,7,7
WBGene00202199.,0,0,0
WBGene00202200.,0,0,0
WBGene00202201.,0,0,0
WBGene00202202.,0,1,1
WBGene00202203.,0,0,0
WBGene00202204.,0,0,0
WBGene00202205.,0,1,1
WBGene00202206.,0,0,0
WBGene00202207.,0,0,0
WBGene00202208.,0,0,0
WBGene00202209.,0,0,0
WBGene00202210.,0,0,0
WBGene00202211.,0,3,3
WBGene00202212.,0,3,3
WBGene00202213.,0,0,0
WBGene00202214.,0,3,3
WBGene00202215.,0,3,3
WBGene00202216.,0,42,42
WBGene00202217.,0,0,0
WBGene00202218.,0,0,0
WBGene00202219.,0,0,0
WBGene00202220.,0,0,0
WBGene00202221.,0,0,0
WBGene00202222.,0,2,2
WBGene00202223.,0,4,4
WBGene00202224.,0,0,0
WBGene00202225.,0,1,1
WBGene00202226.,0,3,3
WBGene00202227.,0,0,0
WBGene00202228.,0,0,0
WBGene00202229.,0,0,0
WBGene00202230.,0,0,0
WBGene00202231.,0,0,0
WBGene00202232.,0,2,2
WBGene00202233.,0,0,0
WBGene00202234.,0,5,5
WBGene00202235.,0,5,5
WBGene00202236.,0,0,0
WBGene00202237.,0,3,3
WBGene00202238.,0,0,0
WBGene00202239.,0,2,2
WBGene00202240.,0,2,2
WBGene00202241.,0,0,0
WBGene00202242.,0,1,1
WBGene00202243.,0,4,4
WBGene00202244.,0,7,7
WBGene00202245.,0,0,0
WBGene00202246.,0,0,0
WBGene00202247.,0,1,1
WBGene00202248.,0,0,0
WBGene00202249.,0,0,0
WBGene00202250.,0,0,0
WBGene00202251.,0,1,1
WBGene00202252.,0,0,0
WBGene00202253.,0,0,0
WBGene00202254.,0,0,0
WBGene00202255.,0,6,6
WBGene00202256.,0,0,0
WBGene00202257.,0,1,1
WBGene00202258.,0,0,0
WBGene00202259.,0,0,0
WBGene00202260.,0,3,3
WBGene00202261.,0,0,0
WBGene00202262.,0,3,3
WBGene00202263.,0,10,10
WBGene00202264.,0,0,0
WBGene00202265.,0,5,5
WBGene00202266.,0,0,0
WBGene00202267.,0,21,21
WBGene00202268.,0,16,16
WBGene00202269.,0,1,1
WBGene00202270.,0,2,2
WBGene00202271.,0,0,0
WBGene00202272.,0,2,2
WBGene00202273.,0,3,3
WBGene00202274.,0,0,0
WBGene00202275.,0,2,2
WBGene00202276.,0,0,0
WBGene00202277.,0,0,0
WBGene00202278.,0,0,0
WBGene00202279.,0,2,2
WBGene00202280.,0,0,0
WBGene00202281.,0,0,0
WBGene00202282.,0,0,0
WBGene00202283.,0,0,0
WBGene00202284.,0,0,0
WBGene00202285.,0,0,0
WBGene00202286.,0,8,8
WBGene00202287.,0,0,0
WBGene00202288.,0,0,0
WBGene00202289.,0,15,15
WBGene00202290.,0,0,0
WBGene00202291.,0,3,3
WBGene00202292.,0,0,0
WBGene00202293.,0,14,14
WBGene00202294.,0,21,21
WBGene00202295.,0,2,2
WBGene00202296.,0,0,0
WBGene00202297.,0,3,3
WBGene00202298.,0,0,0
WBGene00202299.,0,0,0
WBGene00202300.,0,20,20
WBGene00202301.,0,7,7
WBGene00202302.,0,0,0
WBGene00202303.,0,0,0
WBGene00202304.,0,1,1
WBGene00202305.,0,11,11
WBGene00202306.,0,25,25
WBGene00202307.,0,0,0
WBGene00202308.,0,0,0
WBGene00202309.,0,0,0
WBGene00202310.,0,0,0
WBGene00202311.,0,12,12
WBGene00202312.,0,6,6
WBGene00202313.,0,3,3
WBGene00202314.,0,0,0
WBGene00202315.,0,2,2
WBGene00202316.,0,17,17
WBGene00202317.,0,12,12
WBGene00202318.,0,0,0
WBGene00202319.,0,2,2
WBGene00202320.,0,2,2
WBGene00202321.,0,25,25
WBGene00202322.,0,0,0
WBGene00202323.,0,81,81
WBGene00202324.,0,0,0
WBGene00202325.,0,2,2
WBGene00202326.,0,0,0
WBGene00202327.,0,0,0
WBGene00202328.,0,0,0
WBGene00202329.,0,0,0
WBGene00202330.,0,24,24
WBGene00202331.,0,1,1
WBGene00202332.,0,2,2
WBGene00202333.,0,0,0
WBGene00202334.,0,0,0
WBGene00202335.,0,0,0
WBGene00202336.,0,2,2
WBGene00202337.,0,0,0
WBGene00202338.,0,0,0
WBGene00202339.,0,0,0
WBGene00202340.,0,24,24
WBGene00202341.,0,0,0
WBGene00202342.,0,0,0
WBGene00202343.,0,1,1
WBGene00202344.,0,0,0
WBGene00202345.,0,0,0
WBGene00202346.,0,0,0
WBGene00202347.,0,0,0
WBGene00202348.,0,0,0
WBGene00202349.,0,4,4
WBGene00202350.,0,0,0
WBGene00202351.,0,0,0
WBGene00202352.,0,0,0
WBGene00202353.,0,1,1
WBGene00202354.,0,0,0
WBGene00202355.,0,5,5
WBGene00202356.,0,0,0
WBGene00202357.,0,0,0
WBGene00202358.,0,0,0
WBGene00202359.,0,3,3
WBGene00202360.,0,0,0
WBGene00202361.,0,0,0
WBGene00202362.,0,0,0
WBGene00202363.,0,0,0
WBGene00202364.,0,0,0
WBGene00202365.,0,5,5
WBGene00202366.,0,0,0
WBGene00202367.,0,1,1
WBGene00202368.,0,2,2
WBGene00202369.,0,0,0
WBGene00202370.,0,4,4
WBGene00202371.,0,0,0
WBGene00202372.,0,3,3
WBGene00202373.,0,0,0
WBGene00202374.,0,0,0
WBGene00202375.,0,0,0
WBGene00202376.,0,1,1
WBGene00202377.,0,1,1
WBGene00202378.,0,2,2
WBGene00202379.,0,2,2
WBGene00202380.,0,0,0
WBGene00202381.,0,1,1
WBGene00202382.,0,1,1
WBGene00202383.,0,8,8
WBGene00202384.,0,3,3
WBGene00202385.,0,0,0
WBGene00202386.,0,0,0
WBGene00202387.,0,0,0
WBGene00202388.,0,17,17
WBGene00202389.,0,5,5
WBGene00202390.,0,1,1
WBGene00202391.,0,0,0
WBGene00202392.,0,2,2
WBGene00202393.,0,0,0
WBGene00202394.,0,0,0
WBGene00202395.,0,1,1
WBGene00202396.,0,0,0
WBGene00202397.,0,4,4
WBGene00202398.,0,0,0
WBGene00202399.,0,0,0
WBGene00202400.,0,78,78
WBGene00202401.,0,0,0
WBGene00202402.,0,0,0
WBGene00202403.,0,0,0
WBGene00202404.,0,8,8
WBGene00202405.,0,3,3
WBGene00202406.,0,0,0
WBGene00202407.,0,0,0
WBGene00202408.,0,0,0
WBGene00202409.,0,0,0
WBGene00202410.,0,152,152
WBGene00202411.,0,2,2
WBGene00202412.,0,4,4
WBGene00202413.,0,2,2
WBGene00202414.,0,0,0
WBGene00202415.,0,0,0
WBGene00202416.,0,5,5
WBGene00202417.,0,0,0
WBGene00202418.,0,3,3
WBGene00202419.,0,0,0
WBGene00202420.,0,0,0
WBGene00202421.,0,1,1
WBGene00202422.,0,7,7
WBGene00202423.,0,0,0
WBGene00202424.,0,64,64
WBGene00202425.,0,25,25
WBGene00202426.,0,0,0
WBGene00202427.,0,0,0
WBGene00202428.,0,0,0
WBGene00202429.,0,5,5
WBGene00202430.,0,2,2
WBGene00202431.,0,0,0
WBGene00202432.,0,1,1
WBGene00202433.,0,0,0
WBGene00202434.,0,3,3
WBGene00202435.,0,0,0
WBGene00202436.,0,6,6
WBGene00202437.,0,0,0
WBGene00202438.,0,6,6
WBGene00202439.,0,7,7
WBGene00202440.,0,0,0
WBGene00202441.,0,24,24
WBGene00202442.,0,0,0
WBGene00202443.,0,0,0
WBGene00202444.,0,0,0
WBGene00202445.,0,0,0
WBGene00202446.,0,2,2
WBGene00202447.,0,7,7
WBGene00202448.,0,4,4
WBGene00202449.,0,42,42
WBGene00202450.,0,0,0
WBGene00202451.,0,9,9
WBGene00202452.,0,0,0
WBGene00202453.,0,24,24
WBGene00202454.,0,5,5
WBGene00202455.,0,0,0
WBGene00202456.,0,0,0
WBGene00202457.,0,0,0
WBGene00202458.,0,4,4
WBGene00202459.,0,0,0
WBGene00202460.,0,0,0
WBGene00202461.,0,0,0
WBGene00202462.,0,0,0
WBGene00202463.,0,6,6
WBGene00202464.,0,0,0
WBGene00202465.,0,1,1
WBGene00202466.,0,3,3
WBGene00202467.,0,3,3
WBGene00202468.,0,0,0
WBGene00202469.,0,9,9
WBGene00202470.,0,4,4
WBGene00202471.,0,1,1
WBGene00202472.,0,17,17
WBGene00202473.,0,1,1
WBGene00202474.,0,0,0
WBGene00202475.,0,0,0
WBGene00202476.,0,13,13
WBGene00202477.,0,4,4
WBGene00202478.,0,0,0
WBGene00202479.,0,1,1
WBGene00202480.,0,12,12
WBGene00202481.,0,0,0
WBGene00202482.,0,0,0
WBGene00202483.,0,2,2
WBGene00202484.,0,1,1
WBGene00202485.,0,0,0
WBGene00202486.,0,0,0
WBGene00202487.,0,1,1
WBGene00202488.,0,0,0
WBGene00202489.,0,0,0
WBGene00202490.,0,2,2
WBGene00202491.,0,0,0
WBGene00202492.,0,1,1
WBGene00202493.,0,5,5
WBGene00202494.,0,0,0
WBGene00202495.,0,0,0
WBGene00202496.,1,19,20
WBGene00202497.,3,10,13
WBGene00202498.,8,47,55
WBGene00202499.,1,5,6
WBGene00202500.,8,1,9
WBGene00202501.,1,7,8
WBGene00202502.,1,5,6
WBGene00202504.,0,0,0
WBGene00202511.,2,11,13
WBGene00202512.,51,186,237
WBGene00202513.,9,289,298
WBGene00202514.,2,17,19
WBGene00206354.,1,26,27
WBGene00206355.,3,28,31
WBGene00206356.,63,1163,1226
WBGene00206357.,9,12,21
WBGene00206358.,0,1,1
WBGene00206359.,9,6,15
WBGene00206360.,1,2,3
WBGene00206361.,23,403,426
WBGene00206362.,81,394,475
WBGene00206363.,0,0,0
WBGene00206364.,3,66,69
WBGene00206365.,0,4,4
WBGene00206366.,0,13,13
WBGene00206368.,0,0,0
WBGene00206369.,0,0,0
WBGene00206370.,0,24,24
WBGene00206371.,6,302,308
WBGene00206372.,0,2,2
WBGene00206373.,27,424,451
WBGene00206374.,121,218,339
WBGene00206375.,0,8,8
WBGene00206377.,3,77,80
WBGene00206378.,18,22,40
WBGene00206379.,0,7,7
WBGene00206380.,157,2902,3059
WBGene00206381.,4,34,38
WBGene00206382.,102,1148,1250
WBGene00206383.,0,2,2
WBGene00206384.,33,28,61
WBGene00206385.,0,0,0
WBGene00206386.,6,44,50
WBGene00206388.,0,0,0
WBGene00206389.,1,0,1
WBGene00206390.,1,1,2
WBGene00206391.,0,0,0
WBGene00206392.,11,27,38
WBGene00206393.,3,20,23
WBGene00206394.,0,0,0
WBGene00206395.,0,1,1
WBGene00206411.,4,92,96
WBGene00206412.,2,28,30
WBGene00206413.,3,3,6
WBGene00206414.,3,25,28
WBGene00206415.,13,11,24
WBGene00206416.,8,53,61
WBGene00206417.,110,1524,1634
WBGene00206418.,0,44,44
WBGene00206420.,2,132,134
WBGene00206421.,0,0,0
WBGene00206422.,0,67,67
WBGene00206423.,0,2148,2148
WBGene00206459.,57,547,604
WBGene00206460.,13,49,62
WBGene00206461.,11,37,48
WBGene00206462.,1,51,52
WBGene00206464.,0,2935,2935
WBGene00206466.,0,143,143
WBGene00206468.,0,0,0
WBGene00206469.,17,26,43
WBGene00206470.,1,3,4
WBGene00206471.,3,5,8
WBGene00206473.,0,21,21
WBGene00206474.,36,178,214
WBGene00206475.,6,5,11
WBGene00206477.,1,0,1
WBGene00206478.,3,9,12
WBGene00206479.,35,10,45
WBGene00206481.,1,0,1
WBGene00206482.,4,36,40
WBGene00206483.,2,1,3
WBGene00206484.,14,146,160
WBGene00206485.,0,0,0
WBGene00206486.,28,13,41
WBGene00206487.,41,912,953
WBGene00206488.,92,71,163
WBGene00206489.,14,16,30
WBGene00206490.,1,2,3
WBGene00206491.,17,121,138
WBGene00206492.,0,0,0
WBGene00206493.,0,9,9
WBGene00206494.,0,3,3
WBGene00206495.,0,0,0
WBGene00206496.,0,1,1
WBGene00206497.,0,9,9
WBGene00206498.,0,0,0
WBGene00206499.,0,1,1
WBGene00206500.,0,0,0
WBGene00206501.,0,0,0
WBGene00206502.,3,9,12
WBGene00206503.,0,0,0
WBGene00206504.,0,0,0
WBGene00206505.,7,297,304
WBGene00206506.,0,0,0
WBGene00206507.,0,0,0
WBGene00206508.,0,1,1
WBGene00206509.,0,0,0
WBGene00206510.,1,6,7
WBGene00206511.,13,0,13
WBGene00206512.,1,21,22
WBGene00206513.,2,2,4
WBGene00206514.,5,7,12
WBGene00206515.,3,3,6
WBGene00206516.,570,1,571
WBGene00206517.,4,124,128
WBGene00206518.,1,0,1
WBGene00206519.,0,2,2
WBGene00206520.,2,4,6
WBGene00206521.,0,1,1
WBGene00206522.,39,2075,2114
WBGene00206523.,0,0,0
WBGene00206524.,3,6,9
WBGene00206525.,79,669,748
WBGene00206526.,4,7,11
WBGene00206527.,2,48,50
WBGene00206528.,0,34,34
WBGene00206529.,39,308,347
WBGene00206530.,42,64,106
WBGene00206531.,0,0,0
WBGene00206532.,850,622,1472
WBGene00206533.,111,108,219
WBGene00206534.,0,0,0
WBGene00206535.,4,6,10
WBGene00206536.,5,3,8
WBGene00206537.,2,8,10
WBGene00206538.,12,204,216
WBGene00215616.,52,225,277
WBGene00219205.,1,6,7
WBGene00219206.,3,208,211
WBGene00219207.,0,1956,1956
WBGene00219208.,74,1477,1551
WBGene00219209.,30,96,126
WBGene00219210.,5,49,54
WBGene00219212.,0,0,0
WBGene00219214.,6,1,7
WBGene00219215.,1,5,6
WBGene00219216.,3,4,7
WBGene00219217.,1,2,3
WBGene00219218.,1,15,16
WBGene00219219.,0,0,0
WBGene00219220.,0,62,62
WBGene00219221.,0,21,21
WBGene00219222.,0,0,0
WBGene00219223.,0,0,0
WBGene00219224.,0,0,0
WBGene00219225.,0,0,0
WBGene00219226.,0,0,0
WBGene00219227.,0,1,1
WBGene00219228.,0,1,1
WBGene00219229.,0,11,11
WBGene00219230.,0,0,0
WBGene00219231.,0,0,0
WBGene00219232.,0,13,13
WBGene00219233.,0,0,0
WBGene00219234.,2,3,5
WBGene00219235.,1,87,88
WBGene00219236.,38,1231,1269
WBGene00219238.,0,0,0
WBGene00219239.,0,0,0
WBGene00219241.,8,13,21
WBGene00219242.,0,1,1
WBGene00219243.,65,111,176
WBGene00219244.,0,4,4
WBGene00219245.,0,0,0
WBGene00219246.,0,0,0
WBGene00219247.,0,0,0
WBGene00219248.,0,0,0
WBGene00219249.,0,0,0
WBGene00219250.,0,0,0
WBGene00219251.,0,0,0
WBGene00219252.,0,0,0
WBGene00219253.,0,0,0
WBGene00219254.,0,0,0
WBGene00219255.,0,0,0
WBGene00219256.,0,0,0
WBGene00219257.,0,0,0
WBGene00219258.,0,0,0
WBGene00219259.,0,0,0
WBGene00219260.,0,0,0
WBGene00219261.,0,0,0
WBGene00219262.,0,0,0
WBGene00219263.,0,0,0
WBGene00219264.,0,1,1
WBGene00219265.,0,15,15
WBGene00219266.,0,1,1
WBGene00219267.,0,56,56
WBGene00219269.,0,2,2
WBGene00219270.,0,0,0
WBGene00219271.,0,1,1
WBGene00219272.,24,8,32
WBGene00219274.,5,13,18
WBGene00219275.,347,4092,4439
WBGene00219278.,2,9,11
WBGene00219279.,1,2,3
WBGene00219280.,14,234,248
WBGene00219281.,38,18,56
WBGene00219282.,0,21,21
WBGene00219283.,306,85,391
WBGene00219284.,2,1,3
WBGene00219285.,12,21,33
WBGene00219286.,1,64,65
WBGene00219287.,120,2113,2233
WBGene00219288.,53,281,334
WBGene00219289.,1315,959,2274
WBGene00219290.,0,1,1
WBGene00219291.,0,0,0
WBGene00219292.,0,42,42
WBGene00219293.,0,0,0
WBGene00219294.,10,88,98
WBGene00219295.,17,24,41
WBGene00219296.,2,2,4
WBGene00219297.,2,3,5
WBGene00219298.,7,6,13
WBGene00219299.,5,20,25
WBGene00219300.,4,54,58
WBGene00219301.,0,0,0
WBGene00219302.,0,75,75
WBGene00219303.,19,94,113
WBGene00219304.,191,6740,6931
WBGene00219306.,45,598,643
WBGene00219307.,430,6212,6642
WBGene00219308.,2,30,32
WBGene00219309.,3,102,105
WBGene00219310.,0,5,5
WBGene00219311.,0,0,0
WBGene00219312.,0,0,0
WBGene00219313.,62,2883,2945
WBGene00219314.,2,1,3
WBGene00219315.,0,3,3
WBGene00219316.,5,8,13
WBGene00219317.,13,38,51
WBGene00219318.,0,3,3
WBGene00219319.,17,35,52
WBGene00219321.,1,5,6
WBGene00219322.,0,0,0
WBGene00219323.,0,0,0
WBGene00219324.,0,2,2
WBGene00219325.,24,13,37
WBGene00219326.,0,3,3
WBGene00219327.,0,7,7
WBGene00219329.,303,250,553
WBGene00219330.,3,2,5
WBGene00219331.,0,1,1
WBGene00219332.,5,0,5
WBGene00219337.,177,120,297
WBGene00219342.,0,3,3
WBGene00219343.,0,225,225
WBGene00219351.,4,13,17
WBGene00219352.,1,12,13
WBGene00219362.,268,626,894
WBGene00219368.,0,4,4
WBGene00219369.,1,5,6
WBGene00219370.,0,0,0
WBGene00219371.,1,60,61
WBGene00219373.,8,732,740
WBGene00219374.,10,62,72
WBGene00219375.,26,188,214
WBGene00219376.,1,17,18
WBGene00219377.,7,25,32
WBGene00219378.,0,1,1
WBGene00219381.,2,0,2
WBGene00219383.,1,4,5
WBGene00219394.,0,0,0
WBGene00219395.,0,0,0
WBGene00219399.,26,25,51
WBGene00219410.,35,14,49
WBGene00219411.,3,5,8
WBGene00219412.,0,176,176
WBGene00219413.,3,75,78
WBGene00219414.,1,3,4
WBGene00219415.,56,248,304
WBGene00219416.,0,3,3
WBGene00219417.,2,7,9
WBGene00219418.,0,3,3
WBGene00219420.,0,137,137
WBGene00219421.,0,10,10
WBGene00219422.,14,16,30
WBGene00219423.,12,17,29
WBGene00219424.,6,35,41
WBGene00219425.,104,162,266
WBGene00219434.,0,3,3
WBGene00219436.,26,130,156
WBGene00219437.,1,4,5
WBGene00219442.,0,7,7
WBGene00219443.,0,0,0
WBGene00219444.,104,53,157
WBGene00219445.,0,0,0
WBGene00219446.,0,0,0
WBGene00219447.,0,0,0
WBGene00219448.,8,25,33
WBGene00219449.,9,47,56
WBGene00219450.,12,142,154
WBGene00219451.,5,221,226
WBGene00219452.,0,9,9
WBGene00219453.,0,4,4
WBGene00219454.,0,0,0
WBGene00219455.,0,2,2
WBGene00219456.,0,4,4
WBGene00219458.,5,3,8
WBGene00219460.,10,4,14
WBGene00219476.,8,30,38
WBGene00219477.,0,0,0
WBGene00219478.,0,0,0
WBGene00219483.,0,2,2
WBGene00219489.,0,4,4
WBGene00219490.,0,6,6
WBGene00219491.,0,4,4
WBGene00219492.,1,1,2
WBGene00219493.,0,4,4
WBGene00219497.,0,6,6
WBGene00219498.,8,31,39
WBGene00219544.,0,0,0
WBGene00219545.,0,5,5
WBGene00219546.,2,10,12
WBGene00219547.,0,2,2
WBGene00219548.,0,183,183
WBGene00219549.,0,0,0
WBGene00219550.,0,0,0
WBGene00219551.,0,24,24
WBGene00219552.,52,0,52
WBGene00219553.,0,1,1
WBGene00219554.,0,1,1
WBGene00219555.,0,3,3
WBGene00219556.,0,0,0
WBGene00219557.,24,78,102
WBGene00219558.,0,0,0
WBGene00219559.,0,442,442
WBGene00219560.,0,0,0
WBGene00219561.,0,0,0
WBGene00219562.,9,26,35
WBGene00219563.,59,16,75
WBGene00219564.,0,0,0
WBGene00219565.,10,30,40
WBGene00219566.,0,36,36
WBGene00219567.,13,90,103
WBGene00219568.,0,5,5
WBGene00219569.,0,69,69
WBGene00219570.,76,54,130
WBGene00219571.,43,380,423
WBGene00219572.,317,35,352
WBGene00219573.,0,4,4
WBGene00219574.,0,13,13
WBGene00219575.,51,392,443
WBGene00219576.,0,2,2
WBGene00219577.,0,2,2
WBGene00219578.,0,21,21
WBGene00219579.,0,0,0
WBGene00219580.,3,0,3
WBGene00219581.,0,688,688
WBGene00219582.,0,37,37
WBGene00219583.,8,34,42
WBGene00219584.,0,1,1
WBGene00219585.,0,0,0
WBGene00219586.,120,79,199
WBGene00219587.,1,9,10
WBGene00219588.,3,16,19
WBGene00219589.,67,366,433
WBGene00219590.,0,136,136
WBGene00219591.,0,39,39
WBGene00219592.,0,258,258
WBGene00219593.,0,1,1
WBGene00219594.,0,0,0
WBGene00219596.,1,17,18
WBGene00219597.,0,4,4
WBGene00219598.,4,37,41
WBGene00219599.,0,3,3
WBGene00219600.,336,110,446
WBGene00219601.,156,111,267
WBGene00219602.,0,367,367
WBGene00219603.,2,11,13
WBGene00219604.,0,9,9
WBGene00219605.,305,352,657
WBGene00219606.,13,91,104
WBGene00219607.,0,10,10
WBGene00219608.,0,96,96
WBGene00219609.,0,18747,18747
WBGene00219610.,0,25,25
WBGene00219611.,0,0,0
WBGene00219612.,3,140,143
WBGene00219613.,135,2,137
WBGene00219614.,42,56,98
WBGene00219615.,61,139,200
WBGene00219616.,0,0,0
WBGene00219617.,36,253,289
WBGene00219618.,0,147,147
WBGene00219619.,22,98,120
WBGene00219620.,9,18,27
WBGene00219621.,0,0,0
WBGene00219622.,0,0,0
WBGene00219623.,0,1,1
WBGene00219624.,0,0,0
WBGene00219625.,203,284,487
WBGene00219626.,11,43,54
WBGene00219627.,62,31,93
WBGene00219628.,0,2,2
WBGene00219629.,15,86,101
WBGene00219630.,250,12,262
WBGene00219631.,0,1,1
WBGene00219632.,0,1,1
WBGene00219633.,0,36,36
WBGene00219634.,0,0,0
WBGene00219635.,0,0,0
WBGene00219636.,140,408,548
WBGene00219637.,0,13,13
WBGene00219638.,0,15,15
WBGene00219639.,1,33,34
WBGene00219640.,5,9,14
WBGene00219641.,42,515,557
WBGene00219642.,47,11,58
WBGene00219643.,0,0,0
WBGene00219644.,2,7,9
WBGene00219645.,13,16,29
WBGene00219646.,0,0,0
WBGene00219647.,285,623,908
WBGene00219648.,0,2,2
WBGene00219649.,0,396,396
WBGene00219650.,0,184,184
WBGene00219651.,0,113,113
WBGene00219652.,2,0,2
WBGene00219653.,0,5,5
WBGene00219654.,24,64,88
WBGene00219655.,0,18,18
WBGene00219656.,2,2,4
WBGene00219657.,0,29,29
WBGene00219658.,0,3,3
WBGene00219659.,0,68,68
WBGene00219660.,2,16,18
WBGene00219661.,13,148,161
WBGene00219662.,0,4,4
WBGene00219663.,0,1,1
WBGene00219664.,0,135,135
WBGene00219665.,4,11,15
WBGene00219666.,116,20,136
WBGene00219667.,1,5,6
WBGene00219668.,0,2,2
WBGene00219669.,0,13,13
WBGene00219670.,0,4,4
WBGene00219671.,0,5,5
WBGene00219672.,164,229,393
WBGene00219673.,10,76,86
WBGene00219674.,0,3,3
WBGene00219675.,0,844,844
WBGene00219676.,0,35,35
WBGene00219677.,0,2,2
WBGene00219678.,55,457,512
WBGene00219679.,17,7,24
WBGene00219680.,0,272,272
WBGene00219681.,2,78,80
WBGene00219682.,0,55,55
WBGene00219683.,43,43,86
WBGene00219684.,3,2,5
WBGene00219685.,0,4,4
WBGene00219686.,7,88,95
WBGene00219687.,113,580,693
WBGene00219688.,8,69,77
WBGene00219689.,2,13,15
WBGene00219690.,0,0,0
WBGene00219691.,1,16,17
WBGene00219692.,0,0,0
WBGene00219693.,0,0,0
WBGene00219694.,5,20,25
WBGene00219695.,135,178,313
WBGene00219696.,0,3,3
WBGene00219697.,0,34,34
WBGene00219698.,0,0,0
WBGene00219699.,176,1516,1692
WBGene00219700.,0,203,203
WBGene00219701.,10,79,89
WBGene00219702.,0,2,2
WBGene00219703.,0,2,2
WBGene00219704.,1,3,4
WBGene00219705.,0,0,0
WBGene00219706.,0,0,0
WBGene00219707.,715,4095,4810
WBGene00219708.,49,991,1040
WBGene00219709.,0,0,0
WBGene00219710.,0,40,40
WBGene00219711.,203,488,691
WBGene00219712.,12,11,23
WBGene00219713.,0,69,69
WBGene00219714.,0,0,0
WBGene00219715.,2,42,44
WBGene00219716.,0,8,8
WBGene00219717.,0,0,0
WBGene00219718.,33,186,219
WBGene00219719.,370,281,651
WBGene00219720.,0,1218,1218
WBGene00219721.,2,44,46
WBGene00219722.,0,175,175
WBGene00219723.,5,9,14
WBGene00219724.,0,2,2
WBGene00219725.,0,10,10
WBGene00219726.,0,2,2
WBGene00219727.,2,31,33
WBGene00219728.,0,107,107
WBGene00219729.,0,41,41
WBGene00219730.,0,91,91
WBGene00219731.,0,7,7
WBGene00219732.,4,8,12
WBGene00219733.,2,1,3
WBGene00219734.,0,225,225
WBGene00219735.,0,10,10
WBGene00219736.,36,197,233
WBGene00219737.,3,2,5
WBGene00219738.,0,88,88
WBGene00219739.,85,105,190
WBGene00219740.,0,37,37
WBGene00219741.,0,0,0
WBGene00219742.,0,19,19
WBGene00219743.,59,297,356
WBGene00219744.,0,3,3
WBGene00219745.,28,52,80
WBGene00219746.,0,543,543
WBGene00219747.,0,0,0
WBGene00219748.,11,156,167
WBGene00219749.,0,72,72
WBGene00219750.,0,0,0
WBGene00219751.,0,29,29
WBGene00219752.,0,6,6
WBGene00219753.,1,135,136
WBGene00219754.,11,15,26
WBGene00219755.,72,1107,1179
WBGene00219756.,30,379,409
WBGene00219757.,0,0,0
WBGene00219758.,15,1542,1557
WBGene00219759.,0,2,2
WBGene00219760.,0,0,0
WBGene00219761.,0,0,0
WBGene00219762.,4,16,20
WBGene00219763.,5,53,58
WBGene00219764.,0,1,1
WBGene00219765.,139,18,157
WBGene00219766.,0,11,11
WBGene00219767.,31,25,56
WBGene00219768.,0,14,14
WBGene00219769.,0,11,11
WBGene00219770.,6,3,9
WBGene00219771.,128,1308,1436
WBGene00219772.,0,1,1
WBGene00219773.,1,6,7
WBGene00219774.,1,5,6
WBGene00219775.,10,11,21
WBGene00219776.,0,0,0
WBGene00219777.,0,0,0
WBGene00219778.,0,0,0
WBGene00219779.,0,0,0
WBGene00219780.,0,0,0
WBGene00219781.,0,2,2
WBGene00219782.,0,0,0
WBGene00219783.,0,0,0
WBGene00219784.,0,0,0
WBGene00219785.,0,0,0
WBGene00219786.,0,19,19
WBGene00219787.,0,0,0
WBGene00219788.,0,51,51
WBGene00219789.,0,0,0
WBGene00219790.,0,0,0
WBGene00219791.,0,3,3
WBGene00219792.,0,3,3
WBGene00219793.,0,9,9
WBGene00219794.,0,0,0
WBGene00219795.,0,0,0
WBGene00219796.,0,22,22
WBGene00219797.,0,0,0
WBGene00219798.,0,28,28
WBGene00219799.,0,24,24
WBGene00219800.,0,440,440
WBGene00219801.,0,172,172
WBGene00219803.,0,102,102
WBGene00219804.,0,6,6
WBGene00219805.,0,6,6
WBGene00219806.,0,0,0
WBGene00219807.,0,4,4
WBGene00219808.,0,0,0
WBGene00219809.,0,4,4
WBGene00219810.,0,18,18
WBGene00219811.,0,17,17
WBGene00219812.,0,2,2
WBGene00219813.,0,0,0
WBGene00219814.,0,0,0
WBGene00219815.,0,0,0
WBGene00219816.,0,1241,1241
WBGene00219817.,0,0,0
WBGene00219818.,0,3,3
WBGene00219819.,0,0,0
WBGene00219820.,0,0,0
WBGene00219821.,0,44,44
WBGene00219822.,0,55,55
WBGene00219823.,0,78,78
WBGene00219824.,0,37,37
WBGene00219825.,0,1,1
WBGene00219826.,0,0,0
WBGene00219827.,0,220,220
WBGene00219828.,0,0,0
WBGene00219829.,0,2,2
WBGene00219830.,0,0,0
WBGene00219831.,0,0,0
WBGene00219832.,0,3,3
WBGene00219833.,0,28,28
WBGene00219834.,0,120,120
WBGene00219835.,0,20,20
WBGene00219836.,0,7,7
WBGene00219837.,0,0,0
WBGene00219838.,67,411,478
WBGene00219839.,0,29,29
WBGene00219840.,0,0,0
WBGene00219841.,0,14,14
WBGene00219842.,0,0,0
WBGene00219843.,0,0,0
WBGene00219844.,0,0,0
WBGene00219845.,0,2,2
WBGene00219846.,0,3,3
WBGene00219847.,0,12,12
WBGene00219848.,0,0,0
WBGene00219849.,0,27,27
WBGene00219850.,0,58,58
WBGene00219851.,0,40,40
WBGene00219852.,0,0,0
WBGene00219853.,0,0,0
WBGene00219854.,0,0,0
WBGene00219855.,0,0,0
WBGene00219856.,0,0,0
WBGene00219857.,0,0,0
WBGene00219858.,0,0,0
WBGene00219859.,0,16,16
WBGene00219860.,0,0,0
WBGene00219861.,0,0,0
WBGene00219862.,0,0,0
WBGene00219863.,0,26,26
WBGene00219864.,0,0,0
WBGene00219865.,0,0,0
WBGene00219866.,0,0,0
WBGene00219867.,0,0,0
WBGene00219868.,0,68,68
WBGene00219869.,0,0,0
WBGene00219870.,0,0,0
WBGene00219871.,0,0,0
WBGene00219872.,0,0,0
WBGene00219873.,0,0,0
WBGene00219874.,0,2,2
WBGene00219875.,0,0,0
WBGene00219876.,0,0,0
WBGene00219877.,0,1,1
WBGene00219878.,0,0,0
WBGene00219879.,0,1,1
WBGene00219880.,0,0,0
WBGene00219881.,0,0,0
WBGene00219882.,0,44,44
WBGene00219883.,0,1,1
WBGene00219884.,0,0,0
WBGene00219885.,0,38,38
WBGene00219886.,0,64414,64414
WBGene00219887.,0,66,66
WBGene00219888.,0,38,38
WBGene00219889.,0,0,0
WBGene00219890.,0,0,0
WBGene00219891.,0,0,0
WBGene00219892.,0,1,1
WBGene00219893.,0,2,2
WBGene00219894.,0,0,0
WBGene00219895.,0,36,36
WBGene00219896.,0,0,0
WBGene00219897.,0,0,0
WBGene00219898.,0,0,0
WBGene00219899.,0,167,167
WBGene00219900.,0,0,0
WBGene00219901.,0,0,0
WBGene00219902.,0,0,0
WBGene00219903.,0,0,0
WBGene00219904.,0,0,0
WBGene00219905.,0,1,1
WBGene00219906.,0,24,24
WBGene00219907.,0,0,0
WBGene00219908.,0,0,0
WBGene00219909.,0,20,20
WBGene00219910.,0,1,1
WBGene00219911.,0,8,8
WBGene00219912.,0,77,77
WBGene00219913.,0,0,0
WBGene00219914.,0,0,0
WBGene00219915.,0,0,0
WBGene00219916.,0,27,27
WBGene00219917.,0,0,0
WBGene00219918.,0,0,0
WBGene00219919.,0,1,1
WBGene00219920.,0,1,1
WBGene00219921.,0,1,1
WBGene00219922.,0,0,0
WBGene00219923.,0,11,11
WBGene00219924.,0,0,0
WBGene00219925.,0,0,0
WBGene00219926.,0,78,78
WBGene00219927.,0,0,0
WBGene00219928.,0,0,0
WBGene00219929.,0,0,0
WBGene00219930.,0,39,39
WBGene00219931.,0,0,0
WBGene00219932.,0,0,0
WBGene00219933.,0,9,9
WBGene00219934.,0,0,0
WBGene00219935.,0,47,47
WBGene00219936.,0,346,346
WBGene00219937.,0,9,9
WBGene00219938.,0,1,1
WBGene00219939.,0,0,0
WBGene00219940.,0,0,0
WBGene00219941.,0,0,0
WBGene00219942.,0,4,4
WBGene00219943.,0,22,22
WBGene00219944.,0,0,0
WBGene00219945.,0,6,6
WBGene00219946.,0,0,0
WBGene00219947.,0,2,2
WBGene00219948.,0,0,0
WBGene00219949.,0,5,5
WBGene00219950.,0,546,546
WBGene00219951.,0,0,0
WBGene00219952.,0,23,23
WBGene00219953.,0,46,46
WBGene00219954.,0,0,0
WBGene00219955.,0,0,0
WBGene00219956.,0,0,0
WBGene00219957.,0,29,29
WBGene00219958.,0,128,128
WBGene00219959.,0,1235,1235
WBGene00219960.,0,0,0
WBGene00219961.,0,0,0
WBGene00219962.,0,0,0
WBGene00219963.,0,2,2
WBGene00219964.,0,0,0
WBGene00219965.,0,0,0
WBGene00219966.,0,0,0
WBGene00219967.,0,10,10
WBGene00219968.,0,9,9
WBGene00219969.,0,0,0
WBGene00219970.,0,19,19
WBGene00219971.,0,0,0
WBGene00219972.,0,35,35
WBGene00219973.,0,0,0
WBGene00219974.,0,0,0
WBGene00219975.,0,0,0
WBGene00219976.,0,209,209
WBGene00219977.,0,1,1
WBGene00219978.,0,0,0
WBGene00219979.,0,12,12
WBGene00219980.,0,0,0
WBGene00219981.,0,0,0
WBGene00219982.,0,23,23
WBGene00219983.,0,0,0
WBGene00219984.,0,0,0
WBGene00219985.,0,0,0
WBGene00219986.,0,0,0
WBGene00219987.,0,177,177
WBGene00219988.,0,0,0
WBGene00219989.,0,0,0
WBGene00219990.,0,0,0
WBGene00219991.,0,0,0
WBGene00219992.,0,0,0
WBGene00219994.,0,0,0
WBGene00219995.,0,27,27
WBGene00219996.,0,5,5
WBGene00219997.,0,0,0
WBGene00219998.,0,3,3
WBGene00219999.,0,0,0
WBGene00220000.,0,470,470
WBGene00220001.,0,0,0
WBGene00220002.,0,4,4
WBGene00220003.,0,0,0
WBGene00220004.,0,0,0
WBGene00220005.,0,7,7
WBGene00220006.,0,0,0
WBGene00220007.,0,0,0
WBGene00220008.,0,0,0
WBGene00220009.,0,0,0
WBGene00220010.,0,0,0
WBGene00220011.,0,110,110
WBGene00220012.,0,29,29
WBGene00220013.,0,0,0
WBGene00220014.,0,0,0
WBGene00220015.,0,0,0
WBGene00220016.,0,0,0
WBGene00220017.,0,82,82
WBGene00220018.,0,2,2
WBGene00220019.,0,0,0
WBGene00220020.,0,0,0
WBGene00220021.,0,0,0
WBGene00220022.,0,0,0
WBGene00220023.,0,0,0
WBGene00220024.,0,9,9
WBGene00220025.,0,0,0
WBGene00220026.,0,0,0
WBGene00220027.,0,0,0
WBGene00220028.,0,0,0
WBGene00220029.,0,38,38
WBGene00220030.,0,28,28
WBGene00220031.,0,0,0
WBGene00220032.,0,1826,1826
WBGene00220033.,0,74,74
WBGene00220034.,0,0,0
WBGene00220035.,0,0,0
WBGene00220036.,0,0,0
WBGene00220037.,0,17,17
WBGene00220038.,0,0,0
WBGene00220039.,0,0,0
WBGene00220040.,0,0,0
WBGene00220041.,0,27,27
WBGene00220042.,0,4,4
WBGene00220043.,0,8,8
WBGene00220044.,0,196,196
WBGene00220045.,0,28,28
WBGene00220046.,0,0,0
WBGene00220047.,0,19,19
WBGene00220048.,0,0,0
WBGene00220049.,0,0,0
WBGene00220050.,0,0,0
WBGene00220051.,0,16,16
WBGene00220052.,0,87,87
WBGene00220053.,0,31,31
WBGene00220054.,0,1,1
WBGene00220055.,0,412,412
WBGene00220056.,0,0,0
WBGene00220057.,0,0,0
WBGene00220058.,0,5,5
WBGene00220059.,0,1,1
WBGene00220060.,0,0,0
WBGene00220061.,0,98,98
WBGene00220062.,0,0,0
WBGene00220063.,0,0,0
WBGene00220064.,0,26,26
WBGene00220065.,0,2,2
WBGene00220066.,0,1,1
WBGene00220067.,0,0,0
WBGene00220068.,0,37,37
WBGene00220069.,0,1,1
WBGene00220070.,0,0,0
WBGene00220071.,0,0,0
WBGene00220072.,0,1098,1098
WBGene00220073.,0,14,14
WBGene00220074.,0,0,0
WBGene00220075.,0,0,0
WBGene00220076.,0,0,0
WBGene00220077.,0,0,0
WBGene00220078.,0,16,16
WBGene00220079.,0,0,0
WBGene00220080.,0,5,5
WBGene00220081.,0,0,0
WBGene00220082.,0,11,11
WBGene00220083.,0,0,0
WBGene00220084.,0,61,61
WBGene00220085.,0,0,0
WBGene00220086.,0,0,0
WBGene00220087.,0,0,0
WBGene00220088.,0,37,37
WBGene00220089.,0,1793,1793
WBGene00220090.,0,0,0
WBGene00220091.,0,41,41
WBGene00220092.,0,14,14
WBGene00220093.,0,0,0
WBGene00220094.,0,0,0
WBGene00220095.,0,6,6
WBGene00220096.,0,2,2
WBGene00220097.,0,24,24
WBGene00220098.,0,0,0
WBGene00220099.,0,2,2
WBGene00220100.,0,5,5
WBGene00220101.,0,21,21
WBGene00220102.,0,0,0
WBGene00220104.,0,0,0
WBGene00220105.,0,0,0
WBGene00220106.,0,510,510
WBGene00220107.,0,0,0
WBGene00220108.,0,42,42
WBGene00220109.,0,0,0
WBGene00220110.,0,0,0
WBGene00220111.,0,352,352
WBGene00220112.,0,0,0
WBGene00220113.,0,1,1
WBGene00220114.,0,0,0
WBGene00220115.,0,0,0
WBGene00220116.,0,0,0
WBGene00220117.,0,253,253
WBGene00220118.,0,0,0
WBGene00220119.,0,3,3
WBGene00220120.,0,2,2
WBGene00220121.,0,0,0
WBGene00220122.,0,11,11
WBGene00220123.,0,0,0
WBGene00220124.,0,0,0
WBGene00220125.,0,3,3
WBGene00220126.,0,0,0
WBGene00220127.,0,0,0
WBGene00220128.,0,0,0
WBGene00220129.,0,0,0
WBGene00220130.,0,0,0
WBGene00220131.,0,0,0
WBGene00220132.,0,0,0
WBGene00220133.,4,6,10
WBGene00220134.,0,92,92
WBGene00220135.,0,0,0
WBGene00220136.,0,3,3
WBGene00220137.,0,0,0
WBGene00220138.,0,0,0
WBGene00220139.,0,0,0
WBGene00220140.,0,0,0
WBGene00220141.,0,794,794
WBGene00220142.,0,3,3
WBGene00220143.,0,0,0
WBGene00220144.,0,0,0
WBGene00220145.,0,0,0
WBGene00220146.,0,26,26
WBGene00220147.,0,14,14
WBGene00220148.,0,0,0
WBGene00220149.,0,3,3
WBGene00220150.,0,0,0
WBGene00220151.,0,0,0
WBGene00220152.,0,0,0
WBGene00220153.,0,0,0
WBGene00220154.,0,183,183
WBGene00220155.,0,0,0
WBGene00220156.,0,1,1
WBGene00220157.,0,2,2
WBGene00220158.,0,0,0
WBGene00220159.,0,462,462
WBGene00220160.,0,379,379
WBGene00220161.,0,0,0
WBGene00220162.,0,0,0
WBGene00220163.,0,0,0
WBGene00220164.,0,1,1
WBGene00220165.,0,242,242
WBGene00220166.,0,0,0
WBGene00220167.,0,0,0
WBGene00220168.,0,1,1
WBGene00220169.,0,0,0
WBGene00220170.,0,13,13
WBGene00220171.,0,0,0
WBGene00220172.,0,0,0
WBGene00220173.,0,0,0
WBGene00220174.,0,0,0
WBGene00220175.,0,38,38
WBGene00220176.,0,1,1
WBGene00220177.,0,0,0
WBGene00220178.,0,0,0
WBGene00220179.,0,0,0
WBGene00220180.,0,0,0
WBGene00220181.,0,0,0
WBGene00220182.,0,0,0
WBGene00220183.,0,228,228
WBGene00220184.,0,0,0
WBGene00220185.,0,0,0
WBGene00220186.,0,7,7
WBGene00220187.,0,0,0
WBGene00220188.,0,0,0
WBGene00220189.,0,0,0
WBGene00220190.,0,0,0
WBGene00220191.,0,0,0
WBGene00220192.,0,0,0
WBGene00220193.,0,0,0
WBGene00220194.,0,7,7
WBGene00220195.,0,0,0
WBGene00220196.,0,0,0
WBGene00220197.,0,0,0
WBGene00220198.,0,14,14
WBGene00220199.,0,0,0
WBGene00220200.,0,0,0
WBGene00220201.,0,7,7
WBGene00220202.,0,0,0
WBGene00220203.,0,0,0
WBGene00220204.,0,38,38
WBGene00220205.,0,0,0
WBGene00220206.,0,28,28
WBGene00220207.,0,0,0
WBGene00220208.,0,0,0
WBGene00220209.,0,1,1
WBGene00220210.,0,0,0
WBGene00220211.,0,0,0
WBGene00220212.,0,1,1
WBGene00220213.,0,0,0
WBGene00220214.,0,29,29
WBGene00220215.,0,0,0
WBGene00220216.,0,0,0
WBGene00220217.,0,0,0
WBGene00220218.,0,3,3
WBGene00220219.,0,9,9
WBGene00220220.,0,21,21
WBGene00220221.,0,5,5
WBGene00220222.,0,31,31
WBGene00220223.,0,26,26
WBGene00220224.,0,0,0
WBGene00220225.,0,0,0
WBGene00220226.,0,0,0
WBGene00220227.,0,0,0
WBGene00220228.,0,25,25
WBGene00220229.,0,0,0
WBGene00220230.,0,0,0
WBGene00220231.,0,4,4
WBGene00220232.,0,116,116
WBGene00220233.,0,51,51
WBGene00220234.,0,135,135
WBGene00220235.,0,114,114
WBGene00220236.,0,255,255
WBGene00220237.,0,7,7
WBGene00220238.,0,191,191
WBGene00220239.,0,37,37
WBGene00220240.,0,0,0
WBGene00220241.,0,2,2
WBGene00220242.,0,0,0
WBGene00220243.,0,21,21
WBGene00220244.,0,0,0
WBGene00220245.,0,3,3
WBGene00220246.,0,0,0
WBGene00220247.,0,0,0
WBGene00220248.,0,20,20
WBGene00220249.,1,5,6
WBGene00220250.,2,2,4
WBGene00220251.,37,68,105
WBGene00220252.,75,96,171
WBGene00220253.,0,16,16
WBGene00220254.,1,3,4
WBGene00220255.,0,0,0
WBGene00220256.,4,0,4
WBGene00220257.,0,14,14
WBGene00220258.,0,20,20
WBGene00220259.,3,58,61
WBGene00220260.,158,5,163
WBGene00220261.,2,26,28
WBGene00235003.,0,1,1
WBGene00235080.,0,0,0
WBGene00235081.,0,0,0
WBGene00235084.,0,0,0
WBGene00235085.,0,0,0
WBGene00235086.,0,0,0
WBGene00235087.,0,0,0
WBGene00235088.,0,0,0
WBGene00235089.,0,0,0
WBGene00235090.,0,1,1
WBGene00235091.,0,0,0
WBGene00235092.,6,12,18
WBGene00235093.,0,22,22
WBGene00235094.,0,2,2
WBGene00235095.,8,21,29
WBGene00235102.,36,6594,6630
WBGene00235106.,0,9,9
WBGene00235107.,0,6,6
WBGene00235108.,7,0,7
WBGene00235109.,10,17,27
WBGene00235110.,1,13,14
WBGene00235111.,0,6,6
WBGene00235112.,0,5,5
WBGene00235113.,0,60,60
WBGene00235114.,44,845,889
WBGene00235115.,2,1,3
WBGene00235116.,2,4,6
WBGene00235117.,0,0,0
WBGene00235118.,0,9,9
WBGene00235119.,0,0,0
WBGene00235120.,2,0,2
WBGene00235121.,0,1,1
WBGene00235128.,0,5,5
WBGene00235129.,5,12,17
WBGene00235132.,34,32,66
WBGene00235133.,0,4,4
WBGene00235134.,7,3,10
WBGene00235152.,2,18,20
WBGene00235153.,6,5,11
WBGene00235157.,0,5,5
WBGene00235158.,13,598,611
WBGene00235159.,0,0,0
WBGene00235160.,0,1,1
WBGene00235161.,0,0,0
WBGene00235162.,0,1,1
WBGene00235163.,0,0,0
WBGene00235164.,65,1539,1604
WBGene00235165.,0,0,0
WBGene00235166.,0,5,5
WBGene00235167.,2,902,904
WBGene00235175.,0,0,0
WBGene00235179.,0,1,1
WBGene00235180.,0,4,4
WBGene00235181.,0,4,4
WBGene00235183.,0,1,1
WBGene00235188.,0,0,0
WBGene00235190.,0,3,3
WBGene00235197.,0,3,3
WBGene00235198.,0,0,0
WBGene00235200.,0,6,6
WBGene00235201.,0,0,0
WBGene00235206.,0,2,2
WBGene00235209.,0,0,0
WBGene00235235.,0,5,5
WBGene00235237.,0,1,1
WBGene00235247.,0,0,0
WBGene00235250.,0,2,2
WBGene00235251.,0,19,19
WBGene00235252.,0,0,0
WBGene00235254.,0,5,5
WBGene00235255.,0,0,0
WBGene00235256.,0,49,49
WBGene00235257.,17,168,185
WBGene00235258.,5,9,14
WBGene00235259.,2,8,10
WBGene00235260.,38,7,45
WBGene00235261.,0,40,40
WBGene00235262.,0,40,40
WBGene00235263.,30,44,74
WBGene00235264.,0,3,3
WBGene00235265.,0,11,11
WBGene00235266.,0,0,0
WBGene00235267.,0,6,6
WBGene00235268.,111,1506,1617
WBGene00235269.,0,991,991
WBGene00235270.,0,3,3
WBGene00235271.,1,7,8
WBGene00235272.,3,5,8
WBGene00235273.,150,678,828
WBGene00235274.,33,430,463
WBGene00235275.,27,23,50
WBGene00235276.,0,0,0
WBGene00235277.,234,231,465
WBGene00235278.,0,5,5
WBGene00235279.,166,65,231
WBGene00235280.,0,1,1
WBGene00235281.,0,2,2
WBGene00235282.,1,1,2
WBGene00235283.,13,41,54
WBGene00235284.,0,10,10
WBGene00235285.,0,1,1
WBGene00235286.,1,5,6
WBGene00235287.,13,75,88
WBGene00235288.,0,0,0
WBGene00235289.,0,7,7
WBGene00235290.,2,1,3
WBGene00235291.,146,982,1128
WBGene00235292.,6,3,9
WBGene00235293.,0,3,3
WBGene00235294.,0,22,22
WBGene00235295.,0,13,13
WBGene00235296.,0,45,45
WBGene00235297.,0,1,1
WBGene00235298.,0,3,3
WBGene00235299.,1,1,2
WBGene00235300.,0,57,57
WBGene00235301.,0,14,14
WBGene00235302.,0,0,0
WBGene00235303.,0,40,40
WBGene00235304.,0,16,16
WBGene00235305.,0,8,8
WBGene00235307.,1,1,2
WBGene00235308.,8,128,136
WBGene00235309.,0,0,0
WBGene00235310.,98,316,414
WBGene00235311.,0,0,0
WBGene00235312.,5,38,43
WBGene00235313.,14,50,64
WBGene00235314.,24,22,46
WBGene00235315.,36,408,444
WBGene00235316.,18,54,72
WBGene00235317.,0,0,0
WBGene00235318.,3,0,3
WBGene00235319.,2,50,52
WBGene00235320.,6,35,41
WBGene00235321.,39,0,39
WBGene00235322.,0,2,2
WBGene00235323.,0,3,3
WBGene00235324.,2,0,2
WBGene00235325.,29,408,437
WBGene00235326.,0,1,1
WBGene00235327.,0,1,1
WBGene00235328.,0,24,24
WBGene00235329.,14,19,33
WBGene00235330.,40,181,221
WBGene00235331.,0,107,107
WBGene00235332.,0,8,8
WBGene00235333.,0,10,10
WBGene00235334.,5,6,11
WBGene00235335.,0,16,16
WBGene00235336.,0,1,1
WBGene00235338.,11,8,19
WBGene00235339.,0,0,0
WBGene00235340.,0,1,1
WBGene00235341.,0,1,1
WBGene00235342.,0,0,0
WBGene00235343.,0,0,0
WBGene00235346.,0,507,507
WBGene00235348.,0,89,89
WBGene00235350.,129,28,157
WBGene00235351.,6,5,11
WBGene00235352.,2,9,11
WBGene00235353.,2,51,53
WBGene00235354.,1,2,3
WBGene00235355.,0,1,1
WBGene00235356.,0,0,0
WBGene00235357.,21,10,31
WBGene00235358.,0,1,1
WBGene00235359.,0,1,1
WBGene00235361.,0,2,2
WBGene00235362.,0,0,0
WBGene00235363.,0,1,1
WBGene00235364.,0,0,0
WBGene00235365.,0,1,1
WBGene00235366.,0,0,0
WBGene00235367.,0,3,3
WBGene00235368.,0,0,0
WBGene00235369.,0,1,1
WBGene00235370.,0,7,7
WBGene00235371.,0,3,3
WBGene00235372.,2,3,5
WBGene00235373.,0,1,1
WBGene00235374.,0,1,1
WBGene00235375.,4,26,30
WBGene00235376.,6,1,7
WBGene00235377.,0,0,0
WBGene00235378.,0,1,1
WBGene00235379.,0,7,7
WBGene00235380.,0,78,78
WBGene00235381.,0,0,0
WBGene00235382.,0,0,0
WBGene00235383.,1,3,4
WBGene00235385.,11,175,186
WBGene00235386.,2,0,2
WBGene00235387.,88,786,874
WBGene00235388.,2,2,4
WBGene00235389.,0,5,5
WBGene00235390.,1,6,7
WBGene00235391.,0,8,8
WBGene00236785.,0,564,564
WBGene00236786.,0,84,84
WBGene00236787.,0,43,43
WBGene00236788.,0,1,1
WBGene00236789.,7,39,46
WBGene00236797.,0,25,25
WBGene00236798.,0,17,17
WBGene00236799.,0,2,2
WBGene00236800.,0,14,14
WBGene00236806.,123,5,128
WBGene00236807.,0,1,1
WBGene00236808.,4,5,9
WBGene00236809.,5,3,8
WBGene00249808.,0,322,322
WBGene00249812.,0,0,0
WBGene00249813.,0,37,37
WBGene00249814.,0,0,0
WBGene00249815.,3328,1343,4671
WBGene00249816.,0,5,5
WBGene00249817.,41,984,1025
WBGene00249825.,0,1,1
WBGene00249826.,0,640,640
WBGene00255375.,0,0,0
WBGene00255420.,13,1,14
WBGene00255426.,0,17,17
WBGene00255435.,7,2,9
WBGene00255441.,0,8,8
WBGene00255457.,215,80,295
WBGene00255469.,7,7,14
WBGene00255522.,0,0,0
WBGene00255543.,0,0,0
WBGene00255545.,0,1,1
WBGene00255546.,0,1,1
WBGene00255549.,3,12,15
WBGene00255550.,0,0,0
WBGene00255553.,1,0,1
WBGene00255560.,0,14,14
WBGene00255561.,0,1,1
WBGene00255562.,0,0,0
WBGene00255563.,0,0,0
WBGene00255564.,0,0,0
WBGene00255565.,0,0,0
WBGene00255566.,0,0,0
WBGene00255567.,0,0,0
WBGene00255568.,0,0,0
WBGene00255569.,0,0,0
WBGene00255570.,0,0,0
WBGene00255571.,0,0,0
WBGene00255572.,0,3,3
WBGene00255573.,0,0,0
WBGene00255574.,0,0,0
WBGene00255575.,0,5,5
WBGene00255576.,0,0,0
WBGene00255577.,0,0,0
WBGene00255578.,0,0,0
WBGene00255579.,0,35,35
WBGene00255580.,0,0,0
WBGene00255581.,0,0,0
WBGene00255582.,0,0,0
WBGene00255583.,0,3,3
WBGene00255584.,0,0,0
WBGene00255586.,0,0,0
WBGene00255587.,0,0,0
WBGene00255588.,0,0,0
WBGene00255594.,4,52,56
WBGene00255595.,0,0,0
WBGene00255596.,0,3,3
WBGene00255597.,0,25,25
WBGene00255598.,37,49,86
WBGene00255600.,2,21,23
WBGene00255605.,0,50,50
WBGene00255606.,6,76,82
WBGene00255607.,0,9,9
WBGene00255611.,0,5,5
WBGene00255702.,14,71,85
WBGene00255703.,0,5,5
WBGene00255704.,0,357,357
WBGene00255709.,0,0,0
WBGene00255714.,2,107,109
WBGene00255728.,4,27,31
WBGene00255729.,10,45,55
WBGene00255730.,0,5,5
WBGene00255731.,7,50,57
WBGene00255732.,0,0,0
WBGene00255733.,8,28,36
WBGene00255736.,1,80,81
WBGene00268189.,3,0,3
WBGene00268190.,0,0,0
WBGene00268191.,2,2,4
WBGene00268192.,2,5,7
WBGene00268193.,1,1,2
WBGene00268194.,3,2,5
WBGene00268196.,53,108,161
WBGene00268197.,1,0,1
WBGene00268198.,0,0,0
WBGene00268199.,0,2,2
WBGene00268202.,1,3,4
WBGene00268203.,0,3,3
WBGene00268204.,0,9,9
WBGene00268205.,0,0,0
WBGene00268206.,1,11,12
WBGene00268207.,0,2,2
WBGene00268208.,424,27,451
WBGene00268209.,0,19,19
WBGene00268210.,2,0,2
WBGene00268211.,0,0,0
WBGene00268212.,30,10,40
WBGene00268213.,1,18,19
WBGene00268214.,9,14,23
WBGene00268215.,7,50,57
WBGene00268216.,2,3,5
WBGene00269331.,0,0,0
WBGene00269332.,0,0,0
WBGene00269333.,0,2,2
WBGene00269336.,0,1,1
WBGene00269337.,0,11,11
WBGene00269338.,0,4,4
WBGene00269346.,0,4,4
WBGene00269352.,0,1,1
WBGene00269355.,13,119,132
WBGene00269373.,0,23,23
WBGene00269376.,0,121,121
WBGene00269378.,94,628,722
WBGene00269379.,0,6,6
WBGene00269381.,0,0,0
WBGene00269382.,14,143,157
WBGene00269383.,104,286,390
WBGene00269384.,0,21,21
WBGene00269385.,0,1,1
WBGene00269386.,0,141,141
WBGene00269387.,12,516,528
WBGene00269388.,0,7,7
WBGene00269389.,0,0,0
WBGene00269390.,0,0,0
WBGene00269391.,0,31,31
WBGene00269392.,1,2,3
WBGene00269393.,0,1,1
WBGene00269394.,1,1,2
WBGene00269419.,0,0,0
WBGene00269420.,0,0,0
WBGene00269421.,1119,5802,6921
WBGene00269422.,0,9,9
WBGene00269423.,10,7,17
WBGene00269424.,0,6,6
WBGene00269425.,1,0,1
WBGene00269426.,1,4,5
WBGene00269427.,0,216,216
WBGene00269428.,2,22,24
WBGene00269429.,0,117,117
WBGene00269430.,0,0,0
WBGene00269431.,1,41,42
WBGene00269432.,53,532,585
WBGene00269433.,39,444,483
WBGene00269434.,1,14,15
WBGene00269435.,1,4,5
WBGene00269436.,5,19,24
WBGene00269437.,0,4,4
WBGene00269438.,4,10,14
WBGene00270290.,0,1,1
WBGene00270291.,0,0,0
WBGene00270292.,0,0,0
WBGene00270293.,1,2,3
WBGene00270303.,2,16,18
WBGene00270309.,31,78,109
WBGene00270318.,10,64,74
WBGene00270319.,0,78,78
WBGene00270320.,3,11,14
WBGene00270321.,9,28,37
WBGene00270322.,19,782,801
WBGene00271414.,36,499,535
WBGene00271415.,5,10,15
WBGene00271437.,7,22,29
WBGene00271444.,2,40,42
WBGene00271567.,3,4,7
WBGene00271577.,4,5,9
WBGene00271598.,15,59,74
WBGene00271605.,5,47,52
WBGene00271606.,17,197,214
WBGene00271632.,0,128,128
WBGene00271633.,0,175,175
WBGene00271634.,0,33,33
WBGene00271635.,0,21,21
WBGene00271636.,23,362,385
WBGene00271637.,37,38,75
WBGene00271638.,0,41,41
WBGene00271639.,0,28,28
WBGene00271640.,3,33,36
WBGene00271641.,0,1,1
WBGene00271642.,65,10396,10461
WBGene00271643.,0,4,4
WBGene00271644.,0,10,10
WBGene00271645.,0,16,16
WBGene00271646.,0,79,79
WBGene00271647.,25,164,189
WBGene00271648.,0,9,9
WBGene00271649.,14,53,67
WBGene00271650.,0,59,59
WBGene00271651.,0,15,15
WBGene00271652.,16,5,21
WBGene00271653.,1,1,2
WBGene00271654.,0,9,9
WBGene00271655.,0,21,21
WBGene00271656.,0,8,8
WBGene00271657.,0,6,6
WBGene00271694.,9,363,372
WBGene00271701.,1,20,21
WBGene00271703.,0,0,0
WBGene00271706.,17,531,548
WBGene00271707.,5,25,30
WBGene00271715.,4,3,7
WBGene00271716.,201,885,1086
WBGene00271744.,18,63,81
WBGene00271774.,0,17,17
WBGene00271775.,177,6439,6616
WBGene00271776.,22,1,23
WBGene00271777.,232,24,256
WBGene00271778.,0,5,5
WBGene00271779.,0,0,0
WBGene00271780.,0,16,16
WBGene00271781.,0,13,13
WBGene00271786.,2,12,14
WBGene00271788.,3,125,128
WBGene00271789.,1,9,10
WBGene00271790.,0,0,0
WBGene00271791.,0,50,50
WBGene00271792.,0,0,0
WBGene00271795.,0,29,29
WBGene00271796.,140,2035,2175
WBGene00271797.,0,1,1
WBGene00271798.,20,9,29
WBGene00271799.,0,0,0
WBGene00271800.,0,0,0
WBGene00271801.,6,11,17
WBGene00271802.,13,208,221
WBGene00271803.,0,1,1
WBGene00271804.,0,1,1
WBGene00271805.,0,135,135
WBGene00271806.,0,3,3
WBGene00271807.,2,1,3
WBGene00271808.,173,282,455
WBGene00271809.,11,28,39
WBGene00271810.,1,0,1
WBGene00271811.,0,1,1
WBGene00271813.,0,1,1
WBGene00271815.,0,0,0
WBGene00271816.,0,4,4
WBGene00271817.,0,35,35
WBGene00271818.,138,1261,1399
WBGene00271819.,0,0,0
WBGene00271820.,11,4,15
WBGene00271821.,26,7,33
WBGene00271822.,0,0,0
WBGene00271823.,0,0,0
WBGene00271824.,0,21,21
WBGene00271827.,26,195,221
WBGene00271830.,707,4744,5451
WBGene00271831.,0,0,0
WBGene00271832.,18,54,72
WBGene00271837.,0,0,0
WBGene00284844.,0,1655,1655
WBGene00284845.,0,9,9
WBGene00284846.,741,7896,8637
WBGene00284847.,0,108,108
WBGene00284848.,10,4,14
WBGene00284849.,0,23,23
WBGene00284850.,0,0,0
WBGene00284851.,258,226,484
WBGene00284852.,125,1726,1851
WBGene00284853.,1,4,5
WBGene00284854.,0,7,7
WBGene00284855.,0,26,26
WBGene00284856.,0,734,734
WBGene00284857.,0,97,97
WBGene00284858.,0,0,0
WBGene00284859.,0,434,434
WBGene00284861.,0,70,70
WBGene00284867.,0,180,180
WBGene00302964.,0,107,107
WBGene00302968.,0,738,738
WBGene00302971.,24,328,352
WBGene00302974.,3,2561,2564
WBGene00302976.,3,17,20
WBGene00302978.,170,1022,1192
WBGene00302980.,0,247,247
WBGene00302982.,4,203,207
WBGene00302984.,36,44,80
WBGene00302986.,66,9,75
WBGene00302988.,32,30,62
WBGene00302991.,47,248,295
WBGene00302993.,154,0,154
WBGene00302995.,289,698,987
WBGene00302998.,347,1192,1539
WBGene00303000.,520,3236,3756
WBGene00303002.,0,115,115
WBGene00303005.,0,0,0
WBGene00303007.,0,55,55
WBGene00303009.,62,904,966
WBGene00303011.,53,93,146
WBGene00303013.,14,6,20
WBGene00303015.,53,3573,3626
WBGene00303019.,0,3592,3592
WBGene00303021.,0,581,581
WBGene00303023.,0,0,0
WBGene00303024.,0,0,0
WBGene00303026.,132,1386,1518
WBGene00303028.,0,0,0
WBGene00303030.,12,105,117
WBGene00303031.,0,23,23
WBGene00303032.,0,0,0
WBGene00303033.,0,0,0
WBGene00303034.,0,0,0
WBGene00303035.,0,0,0
WBGene00303036.,0,0,0
WBGene00303037.,0,0,0
WBGene00303038.,0,0,0
WBGene00303039.,0,0,0
WBGene00303040.,0,0,0
WBGene00303041.,0,0,0
WBGene00303042.,0,0,0
WBGene00303043.,0,0,0
WBGene00303044.,0,0,0
WBGene00303045.,0,0,0
WBGene00303046.,0,11,11
WBGene00303047.,0,0,0
WBGene00303048.,0,0,0
WBGene00303049.,0,0,0
WBGene00303050.,0,0,0
WBGene00303051.,0,0,0
WBGene00303052.,0,0,0
WBGene00303053.,0,0,0
WBGene00303054.,0,0,0
WBGene00303055.,0,0,0
WBGene00303056.,0,0,0
WBGene00303057.,0,0,0
WBGene00303058.,0,0,0
WBGene00303059.,0,0,0
WBGene00303060.,0,0,0
WBGene00303061.,0,0,0
WBGene00303062.,0,0,0
WBGene00303063.,0,0,0
WBGene00303064.,0,0,0
WBGene00303065.,0,0,0
WBGene00303066.,0,0,0
WBGene00303067.,0,0,0
WBGene00303068.,0,0,0
WBGene00303069.,0,0,0
WBGene00303070.,0,0,0
WBGene00303071.,0,0,0
WBGene00303072.,0,0,0
WBGene00303073.,0,0,0
WBGene00303074.,0,0,0
WBGene00303075.,0,1242,1242
WBGene00303076.,0,0,0
WBGene00303077.,0,0,0
WBGene00303078.,0,0,0
WBGene00303079.,0,0,0
WBGene00303080.,0,0,0
WBGene00303081.,4,187,191
WBGene00303082.,0,0,0
WBGene00303083.,0,0,0
WBGene00303085.,0,0,0
WBGene00303086.,0,0,0
WBGene00303087.,0,0,0
WBGene00303088.,0,0,0
WBGene00303089.,0,7,7
WBGene00303090.,0,0,0
WBGene00303091.,0,68,68
WBGene00303092.,0,0,0
WBGene00303093.,0,0,0
WBGene00303094.,0,0,0
WBGene00303095.,0,0,0
WBGene00303096.,0,0,0
WBGene00303097.,0,0,0
WBGene00303098.,0,0,0
WBGene00303099.,0,0,0
WBGene00303100.,0,0,0
WBGene00303101.,0,0,0
WBGene00303102.,0,0,0
WBGene00303103.,0,0,0
WBGene00303104.,0,0,0
WBGene00303105.,0,3,3
WBGene00303113.,0,0,0
WBGene00303114.,0,0,0
WBGene00303115.,0,2,2
WBGene00303208.,91,1699,1790
WBGene00303231.,1,35,36
WBGene00303233.,47,183,230
WBGene00303359.,0,0,0
WBGene00303360.,0,0,0
WBGene00303362.,1,0,1
WBGene00303363.,0,4,4
WBGene00303364.,3,22,25
WBGene00303365.,0,0,0
WBGene00303366.,0,9,9
WBGene00303367.,0,0,0
WBGene00303368.,11,2,13
WBGene00303369.,0,0,0
WBGene00303370.,0,0,0
WBGene00303371.,1,1,2
WBGene00303378.,0,2,2
WBGene00303398.,9,16,25
WBGene00303421.,7,27,34
WBGene00303423.,71,448,519
WBGene00303425.,18,125,143
WBGene00304173.,1,3,4
WBGene00304175.,2,7,9
WBGene00304181.,13,0,13
WBGene00304182.,0,4,4
WBGene00304183.,0,23,23
WBGene00304189.,87,1578,1665
WBGene00304194.,10,14,24
WBGene00304195.,1,4,5
WBGene00304201.,0,9,9
WBGene00304202.,4,9,13
WBGene00304203.,22,13,35
WBGene00304215.,8,21,29
WBGene00304219.,0,275,275
WBGene00304220.,2,1,3
WBGene00304237.,16,159,175
WBGene00304238.,0,3,3
WBGene00304775.,0,6,6
WBGene00304776.,7,94,101
WBGene00304782.,1,30,31
WBGene00304783.,0,458,458
WBGene00304785.,0,2,2
WBGene00304786.,0,2,2
WBGene00304787.,6,26,32
WBGene00304788.,8,22,30
WBGene00304789.,0,11,11
WBGene00304790.,0,398,398
WBGene00304791.,14,141,155
WBGene00304792.,0,15,15
WBGene00304793.,0,11,11
WBGene00304794.,19,16,35
WBGene00304797.,1,2,3
WBGene00304798.,0,3,3
WBGene00304806.,0,64,64
WBGene00304808.,60,146,206
WBGene00304811.,90,578,668
WBGene00304812.,0,1135,1135
WBGene00304813.,0,1321,1321
WBGene00304814.,0,1,1
WBGene00304815.,0,55451,55451
WBGene00304816.,1,22,23
WBGene00304817.,4,6,10
WBGene00304818.,0,0,0
WBGene00304819.,1,2,3
WBGene00304820.,11,44,55
WBGene00304822.,7,179,186
WBGene00304823.,1,2,3
WBGene00304824.,2,2,4
WBGene00304825.,16,3,19
WBGene00304826.,0,0,0
WBGene00304827.,2,9,11
WBGene00304828.,0,0,0
WBGene00304895.,5,15,20
WBGene00304901.,1,1,2
WBGene00304906.,0,149,149
WBGene00304907.,4,0,4
WBGene00304908.,0,1,1
WBGene00304930.,0,1,1
WBGene00304981.,5,0,5
WBGene00304985.,3,19,22
WBGene00304992.,235,6011,6246
WBGene00304996.,7,53,60
WBGene00305018.,0,2,2
WBGene00305047.,0,0,0
WBGene00305048.,0,0,0
WBGene00305049.,0,1,1
WBGene00305050.,74,112,186
WBGene00305065.,3,2,5
WBGene00305066.,1,43,44
WBGene00305067.,23,462,485
WBGene00305069.,0,1,1
WBGene00305086.,6,12,18
WBGene00305090.,22,35,57
WBGene00305091.,0,1,1
WBGene00305092.,0,2,2
WBGene00305093.,0,1,1
WBGene00305095.,0,9,9
WBGene00305102.,0,0,0
WBGene00305103.,16,212,228
WBGene00305104.,0,2,2
WBGene00305109.,0,12,12
WBGene00305110.,0,0,0
WBGene00305111.,0,1,1
WBGene00305112.,0,3,3
WBGene00305113.,0,6,6
WBGene00305114.,1,0,1
WBGene00305130.,0,0,0
WBGene00305131.,0,595,595
WBGene00305132.,1,2,3
WBGene00305157.,0,97,97
WBGene00305158.,0,2,2
WBGene00305159.,0,2,2
WBGene00305173.,308,1577,1885
WBGene00305970.,0,5,5
WBGene00305979.,1,19,20
WBGene00305980.,6,28,34
WBGene00305981.,75,696,771
WBGene00305991.,3,14,17
WBGene00305992.,12,26,38
WBGene00305993.,0,9,9
WBGene00305994.,1,17,18
WBGene00305995.,7,71,78
WBGene00305996.,5,5,10
WBGene00305997.,0,5,5
WBGene00305998.,24,150,174
WBGene00305999.,5,23,28
WBGene00306000.,2,58,60
WBGene00306001.,0,6,6
WBGene00306002.,1,65,66
WBGene00306003.,52,1509,1561
WBGene00306004.,3,2,5
WBGene00306005.,72,125,197
WBGene00306012.,6,29,35
WBGene00306013.,28,96,124
WBGene00306014.,0,4,4
WBGene00306062.,0,2,2
WBGene00306066.,3,14,17
WBGene00306069.,0,139,139
WBGene00306070.,3,1,4
WBGene00306076.,0,2,2
WBGene00306078.,0,6,6
WBGene00306080.,1,3,4
WBGene00306081.,1,25,26
WBGene00306121.,13,18,31
WBGene00306122.,0,5,5
WBGene00306123.,24,55,79
WBGene00306124.,86,5,91
WBGene00306125.,0,0,0
WBGene00306126.,56,933,989
WBGene00306131.,0,3824,3824
WBGene00306132.,0,9,9
