gene_id,total_unsp,total_sp,total
WBGene00000001.,12,755,767
WBGene00000002.,49,777,826
WBGene00000003.,4,481,485
WBGene00000004.,149,1635,1784
WBGene00000005.,4,15,19
WBGene00000006.,290,2682,2972
WBGene00000007.,6,31,37
WBGene00000008.,18,8,26
WBGene00000009.,9,19,28
WBGene00000010.,34,359,393
WBGene00000012.,16,25,41
WBGene00000013.,0,82,82
WBGene00000014.,2,7,9
WBGene00000015.,2,80,82
WBGene00000016.,18,1334,1352
WBGene00000017.,8,3476,3484
WBGene00000018.,298,1247,1545
WBGene00000019.,12,5,17
WBGene00000020.,135,446,581
WBGene00000021.,7,0,7
WBGene00000022.,6,131,137
WBGene00000023.,9,34,43
WBGene00000024.,0,14,14
WBGene00000025.,0,5,5
WBGene00000026.,0,2,2
WBGene00000027.,0,2,2
WBGene00000028.,0,0,0
WBGene00000029.,0,8,8
WBGene00000030.,0,19,19
WBGene00000031.,1,758,759
WBGene00000032.,0,0,0
WBGene00000033.,1,47,48
WBGene00000034.,1,25,26
WBGene00000035.,252,850,1102
WBGene00000036.,97,425,522
WBGene00000037.,47,1431,1478
WBGene00000038.,56,95,151
WBGene00000039.,31,1163,1194
WBGene00000040.,39,5017,5056
WBGene00000041.,468,16900,17368
WBGene00000042.,48,217,265
WBGene00000043.,38,137,175
WBGene00000044.,36,110,146
WBGene00000045.,12,26,38
WBGene00000046.,71,105,176
WBGene00000047.,128,945,1073
WBGene00000048.,17,67,84
WBGene00000049.,1,12,13
WBGene00000050.,9,46,55
WBGene00000051.,35,225,260
WBGene00000053.,19,35,54
WBGene00000054.,42,369,411
WBGene00000055.,7,271,278
WBGene00000056.,28,75,103
WBGene00000057.,80,125,205
WBGene00000058.,113,243,356
WBGene00000059.,19,86,105
WBGene00000060.,56,162,218
WBGene00000061.,13,72,85
WBGene00000062.,58,87,145
WBGene00000063.,12,142755,142767
WBGene00000064.,344,17118,17462
WBGene00000065.,585,149162,149747
WBGene00000066.,1592,213752,215344
WBGene00000067.,78,2104,2182
WBGene00000068.,1399,1551,2950
WBGene00000069.,38,144,182
WBGene00000070.,297,1514,1811
WBGene00000071.,31,180,211
WBGene00000072.,74,774,848
WBGene00000073.,65,524,589
WBGene00000074.,122,743,865
WBGene00000075.,25,141,166
WBGene00000079.,244,1752,1996
WBGene00000080.,39,1120,1159
WBGene00000081.,43,388,431
WBGene00000082.,57,103,160
WBGene00000083.,277,3116,3393
WBGene00000084.,26,30,56
WBGene00000085.,48,449,497
WBGene00000086.,96,718,814
WBGene00000088.,43,159,202
WBGene00000089.,96,2074,2170
WBGene00000090.,90,961,1051
WBGene00000092.,272,2454,2726
WBGene00000093.,48,771,819
WBGene00000094.,95,1058,1153
WBGene00000095.,173,2259,2432
WBGene00000096.,314,897,1211
WBGene00000097.,125,1994,2119
WBGene00000098.,47,1364,1411
WBGene00000099.,108,1254,1362
WBGene00000100.,445,3914,4359
WBGene00000101.,142,1882,2024
WBGene00000102.,381,5161,5542
WBGene00000103.,121,1719,1840
WBGene00000105.,49,3078,3127
WBGene00000106.,82,1680,1762
WBGene00000107.,688,7156,7844
WBGene00000108.,6,2,8
WBGene00000109.,22,919,941
WBGene00000110.,101,2471,2572
WBGene00000111.,122,562,684
WBGene00000112.,289,4376,4665
WBGene00000113.,43,545,588
WBGene00000114.,367,52317,52684
WBGene00000115.,49,2114,2163
WBGene00000116.,121,761,882
WBGene00000117.,269,588,857
WBGene00000118.,16,9233,9249
WBGene00000120.,9,3396,3405
WBGene00000121.,56,2820,2876
WBGene00000122.,85,9168,9253
WBGene00000123.,272,5482,5754
WBGene00000133.,4,21,25
WBGene00000134.,43,153,196
WBGene00000135.,13,136,149
WBGene00000136.,7,78,85
WBGene00000137.,110,549,659
WBGene00000138.,42,381,423
WBGene00000139.,53,65,118
WBGene00000140.,817,41404,42221
WBGene00000142.,57,1158,1215
WBGene00000143.,189,817,1006
WBGene00000144.,79,595,674
WBGene00000145.,11,530,541
WBGene00000146.,334,2752,3086
WBGene00000147.,7,603,610
WBGene00000148.,137,1228,1365
WBGene00000149.,366,10358,10724
WBGene00000150.,107,1068,1175
WBGene00000151.,17,862,879
WBGene00000155.,14,1074,1088
WBGene00000156.,59,1037,1096
WBGene00000157.,102,2697,2799
WBGene00000158.,418,2230,2648
WBGene00000159.,37,3226,3263
WBGene00000160.,535,1932,2467
WBGene00000161.,30,2503,2533
WBGene00000162.,439,2091,2530
WBGene00000163.,108,2221,2329
WBGene00000164.,172,1235,1407
WBGene00000165.,30,1292,1322
WBGene00000166.,23,263,286
WBGene00000168.,537,348,885
WBGene00000169.,17,311,328
WBGene00000170.,911,27529,28440
WBGene00000171.,16,2,18
WBGene00000172.,35,129,164
WBGene00000173.,4,29,33
WBGene00000174.,11,79,90
WBGene00000175.,2234,32779,35013
WBGene00000176.,9,1570,1579
WBGene00000177.,331,1752,2083
WBGene00000178.,205,2055,2260
WBGene00000179.,354,2147,2501
WBGene00000180.,60,851,911
WBGene00000181.,1038,5589,6627
WBGene00000182.,205,14554,14759
WBGene00000183.,265,15597,15862
WBGene00000184.,173,1323,1496
WBGene00000185.,6,24,30
WBGene00000186.,523,4665,5188
WBGene00000187.,3,1430,1433
WBGene00000188.,0,167,167
WBGene00000189.,20,569,589
WBGene00000190.,7,25,32
WBGene00000191.,8,79,87
WBGene00000192.,21,2408,2429
WBGene00000193.,10,130,140
WBGene00000195.,95,1254,1349
WBGene00000196.,188,1650,1838
WBGene00000197.,65,4156,4221
WBGene00000198.,202,2063,2265
WBGene00000199.,246,3734,3980
WBGene00000200.,111,2618,2729
WBGene00000201.,599,4398,4997
WBGene00000202.,5,678,683
WBGene00000203.,21,2427,2448
WBGene00000204.,102,2863,2965
WBGene00000205.,8,1893,1901
WBGene00000206.,204,2690,2894
WBGene00000207.,1399,42647,44046
WBGene00000208.,422,808,1230
WBGene00000209.,1557,16586,18143
WBGene00000210.,4770,44842,49612
WBGene00000211.,158,571,729
WBGene00000212.,12,68,80
WBGene00000213.,3,53,56
WBGene00000214.,0,6472,6472
WBGene00000215.,73,733,806
WBGene00000216.,7,2001,2008
WBGene00000217.,1998,21134,23132
WBGene00000218.,27,1724,1751
WBGene00000219.,11,1849,1860
WBGene00000220.,78,981,1059
WBGene00000221.,0,2205,2205
WBGene00000222.,121,1424,1545
WBGene00000223.,609,5228,5837
WBGene00000224.,306,4113,4419
WBGene00000225.,194,2527,2721
WBGene00000226.,204,1744,1948
WBGene00000227.,218,1357,1575
WBGene00000228.,701,14613,15314
WBGene00000229.,3092,104494,107586
WBGene00000230.,361,40752,41113
WBGene00000231.,229,2632,2861
WBGene00000232.,249,1248,1497
WBGene00000233.,136,577,713
WBGene00000235.,10,8922,8932
WBGene00000236.,268,1941,2209
WBGene00000237.,83,581,664
WBGene00000238.,81,640,721
WBGene00000239.,97,496,593
WBGene00000240.,547,2595,3142
WBGene00000241.,18,110,128
WBGene00000242.,32,249,281
WBGene00000244.,46,333,379
WBGene00000245.,316,5907,6223
WBGene00000246.,60,114,174
WBGene00000247.,62,1460,1522
WBGene00000248.,360,3969,4329
WBGene00000249.,37,2369,2406
WBGene00000250.,10,292,302
WBGene00000251.,0,1,1
WBGene00000252.,0,1,1
WBGene00000253.,73,443,516
WBGene00000254.,432,2209,2641
WBGene00000255.,3,11,14
WBGene00000256.,1,23,24
WBGene00000257.,83,1827,1910
WBGene00000259.,114,907,1021
WBGene00000262.,15,656,671
WBGene00000263.,6004,50646,56650
WBGene00000264.,290,583,873
WBGene00000265.,152,561,713
WBGene00000266.,336,3999,4335
WBGene00000267.,42,151,193
WBGene00000268.,495,1185,1680
WBGene00000269.,131,758,889
WBGene00000270.,27,428,455
WBGene00000271.,45,809,854
WBGene00000272.,20,281,301
WBGene00000273.,128,3702,3830
WBGene00000274.,263,1040,1303
WBGene00000275.,35,1469,1504
WBGene00000276.,213,4879,5092
WBGene00000277.,1633,17111,18744
WBGene00000279.,17,166,183
WBGene00000280.,54,359,413
WBGene00000281.,47,3280,3327
WBGene00000282.,366,3875,4241
WBGene00000283.,111,2589,2700
WBGene00000284.,23,971,994
WBGene00000285.,322,4553,4875
WBGene00000286.,959,9399,10358
WBGene00000287.,72,209,281
WBGene00000288.,195,2100,2295
WBGene00000289.,322,2148,2470
WBGene00000292.,450,6531,6981
WBGene00000293.,361,9045,9406
WBGene00000294.,211,5451,5662
WBGene00000295.,50,551,601
WBGene00000296.,36,204,240
WBGene00000298.,11,809,820
WBGene00000301.,16,11875,11891
WBGene00000302.,15,62,77
WBGene00000308.,6,1,7
WBGene00000310.,0,0,0
WBGene00000311.,0,0,0
WBGene00000366.,235,5066,5301
WBGene00000367.,397,1554,1951
WBGene00000368.,300,3179,3479
WBGene00000369.,7,2371,2378
WBGene00000370.,4418,17465,21883
WBGene00000371.,4139,60889,65028
WBGene00000372.,2,27,29
WBGene00000373.,91,682,773
WBGene00000374.,126,1110,1236
WBGene00000375.,42,253,295
WBGene00000376.,467,1601,2068
WBGene00000377.,131,15245,15376
WBGene00000378.,53,13722,13775
WBGene00000379.,1139,16835,17974
WBGene00000380.,961,29348,30309
WBGene00000381.,100,12426,12526
WBGene00000382.,40,885,925
WBGene00000383.,108,3341,3449
WBGene00000386.,26,371,397
WBGene00000387.,798,822,1620
WBGene00000388.,7,19,26
WBGene00000389.,1,0,1
WBGene00000390.,150,6046,6196
WBGene00000391.,108,599,707
WBGene00000392.,0,59,59
WBGene00000393.,56,773,829
WBGene00000395.,47,414,461
WBGene00000396.,100,2873,2973
WBGene00000397.,11,40,51
WBGene00000399.,50,707,757
WBGene00000401.,33,76,109
WBGene00000402.,186,569,755
WBGene00000403.,726,9933,10659
WBGene00000405.,117,4395,4512
WBGene00000406.,36,410,446
WBGene00000407.,252,959,1211
WBGene00000408.,441,1486,1927
WBGene00000409.,129,1211,1340
WBGene00000410.,224,1371,1595
WBGene00000411.,29,3254,3283
WBGene00000412.,14,174,188
WBGene00000413.,66,810,876
WBGene00000414.,290,7544,7834
WBGene00000415.,1394,2105,3499
WBGene00000416.,39,1173,1212
WBGene00000417.,123,134,257
WBGene00000418.,24,523,547
WBGene00000419.,247,1671,1918
WBGene00000420.,79,1041,1120
WBGene00000421.,233,1932,2165
WBGene00000422.,15,89,104
WBGene00000423.,62,774,836
WBGene00000424.,112,1492,1604
WBGene00000425.,11,231,242
WBGene00000426.,247,1121,1368
WBGene00000427.,1,16,17
WBGene00000428.,1,41,42
WBGene00000429.,40,166,206
WBGene00000430.,20,232,252
WBGene00000431.,26,782,808
WBGene00000432.,1,5,6
WBGene00000433.,95,591,686
WBGene00000434.,15,123,138
WBGene00000435.,8,139,147
WBGene00000436.,17,165,182
WBGene00000437.,109,2163,2272
WBGene00000438.,21,81,102
WBGene00000439.,64,316,380
WBGene00000440.,4,82,86
WBGene00000441.,483,1423,1906
WBGene00000442.,13,178,191
WBGene00000443.,221,4853,5074
WBGene00000444.,15,217,232
WBGene00000445.,13,159,172
WBGene00000446.,19,371,390
WBGene00000447.,29,130,159
WBGene00000448.,142,1921,2063
WBGene00000449.,195,973,1168
WBGene00000450.,5,10,15
WBGene00000451.,5,201,206
WBGene00000452.,13,802,815
WBGene00000453.,68,1193,1261
WBGene00000454.,26,443,469
WBGene00000455.,97,1863,1960
WBGene00000457.,10,71,81
WBGene00000458.,67,904,971
WBGene00000459.,101,1784,1885
WBGene00000460.,13,267,280
WBGene00000461.,12,35,47
WBGene00000462.,10,358,368
WBGene00000463.,71,893,964
WBGene00000464.,0,65,65
WBGene00000465.,6,129,135
WBGene00000466.,341,2204,2545
WBGene00000467.,51,437,488
WBGene00000468.,30,211,241
WBGene00000469.,18,56,74
WBGene00000472.,112,40931,41043
WBGene00000473.,5,988,993
WBGene00000474.,11,1076,1087
WBGene00000475.,150,31524,31674
WBGene00000476.,161,1076,1237
WBGene00000477.,26,163,189
WBGene00000478.,64,547,611
WBGene00000479.,40,3118,3158
WBGene00000480.,158,1346,1504
WBGene00000481.,41,517,558
WBGene00000482.,204,4677,4881
WBGene00000483.,9,10,19
WBGene00000484.,53,123,176
WBGene00000485.,91,717,808
WBGene00000487.,22,34,56
WBGene00000488.,102,229,331
WBGene00000490.,27,313,340
WBGene00000491.,180,736,916
WBGene00000492.,264,449,713
WBGene00000493.,46,308,354
WBGene00000496.,56,187,243
WBGene00000497.,34,261,295
WBGene00000498.,5,853,858
WBGene00000499.,65,83,148
WBGene00000500.,61,1327,1388
WBGene00000501.,56,708,764
WBGene00000502.,101,2605,2706
WBGene00000503.,0,12,12
WBGene00000506.,231,1101,1332
WBGene00000507.,107,714,821
WBGene00000508.,31,1463,1494
WBGene00000509.,255,1742,1997
WBGene00000510.,215,2032,2247
WBGene00000511.,86,467,553
WBGene00000512.,55,410,465
WBGene00000513.,15,215,230
WBGene00000514.,110,673,783
WBGene00000515.,10,257,267
WBGene00000516.,6,3721,3727
WBGene00000517.,70,478,548
WBGene00000518.,1214,1219,2433
WBGene00000519.,471,580,1051
WBGene00000520.,89,811,900
WBGene00000521.,8,62,70
WBGene00000522.,42,161,203
WBGene00000523.,45,508,553
WBGene00000524.,62,812,874
WBGene00000525.,16,14,30
WBGene00000526.,16,459,475
WBGene00000527.,270,1229,1499
WBGene00000528.,187,967,1154
WBGene00000529.,200,328,528
WBGene00000530.,42,93,135
WBGene00000531.,24,43,67
WBGene00000532.,68,1402,1470
WBGene00000533.,22,286,308
WBGene00000534.,50,13394,13444
WBGene00000535.,361,7275,7636
WBGene00000536.,70,577,647
WBGene00000537.,20,463,483
WBGene00000539.,9,53,62
WBGene00000540.,63,327,390
WBGene00000541.,57,70,127
WBGene00000542.,491,5049,5540
WBGene00000543.,128,617,745
WBGene00000544.,55,12,67
WBGene00000545.,725,2457,3182
WBGene00000546.,4,14,18
WBGene00000547.,198,1192,1390
WBGene00000548.,143,2911,3054
WBGene00000549.,26,2484,2510
WBGene00000550.,105,10412,10517
WBGene00000551.,0,1,1
WBGene00000552.,1904,35406,37310
WBGene00000553.,1064,1618,2682
WBGene00000554.,664,7321,7985
WBGene00000555.,1,0,1
WBGene00000556.,123,780,903
WBGene00000557.,285,5540,5825
WBGene00000558.,320,5121,5441
WBGene00000559.,0,1,1
WBGene00000560.,4,4,8
WBGene00000561.,10,657,667
WBGene00000562.,77,234,311
WBGene00000563.,21,12,33
WBGene00000564.,164,998,1162
WBGene00000565.,494,485,979
WBGene00000566.,570,1665,2235
WBGene00000567.,211,5299,5510
WBGene00000583.,374,3580,3954
WBGene00000584.,20,229,249
WBGene00000585.,149,1701,1850
WBGene00000591.,222,1305,1527
WBGene00000592.,20,311,331
WBGene00000593.,0,13,13
WBGene00000594.,1,5591,5592
WBGene00000596.,0,0,0
WBGene00000597.,6,83,89
WBGene00000598.,3,11,14
WBGene00000599.,34,3767,3801
WBGene00000601.,0,199,199
WBGene00000602.,0,105,105
WBGene00000603.,3,525,528
WBGene00000606.,314,2019,2333
WBGene00000608.,0,6,6
WBGene00000609.,0,1,1
WBGene00000610.,20,293,313
WBGene00000611.,120,1151,1271
WBGene00000612.,0,6,6
WBGene00000613.,0,10,10
WBGene00000614.,3,11,14
WBGene00000615.,0,21,21
WBGene00000616.,1,684,685
WBGene00000617.,0,5,5
WBGene00000618.,2,483,485
WBGene00000620.,1,3,4
WBGene00000621.,0,14,14
WBGene00000622.,4,45,49
WBGene00000623.,34,246,280
WBGene00000624.,26,94,120
WBGene00000625.,27,209,236
WBGene00000626.,0,1,1
WBGene00000627.,0,6,6
WBGene00000628.,0,10,10
WBGene00000629.,15,5,20
WBGene00000630.,30,140,170
WBGene00000631.,1,153,154
WBGene00000632.,1,196,197
WBGene00000633.,14,104,118
WBGene00000634.,1,59,60
WBGene00000636.,6,13,19
WBGene00000637.,6,371,377
WBGene00000638.,0,3,3
WBGene00000639.,0,119,119
WBGene00000640.,13,53,66
WBGene00000641.,10,2388,2398
WBGene00000642.,1,11,12
WBGene00000644.,0,43,43
WBGene00000645.,47,323,370
WBGene00000646.,0,9,9
WBGene00000647.,6,111,117
WBGene00000648.,21,8,29
WBGene00000649.,67,505,572
WBGene00000650.,0,20,20
WBGene00000651.,4,89,93
WBGene00000652.,13,117,130
WBGene00000653.,0,236,236
WBGene00000654.,9,13,22
WBGene00000655.,1,109,110
WBGene00000656.,13,2365,2378
WBGene00000657.,13,20,33
WBGene00000658.,8,6,14
WBGene00000659.,2,2,4
WBGene00000660.,2,2,4
WBGene00000661.,3,8,11
WBGene00000662.,20,32,52
WBGene00000663.,0,38,38
WBGene00000664.,1,666,667
WBGene00000665.,135,1371,1506
WBGene00000666.,0,192,192
WBGene00000667.,0,151,151
WBGene00000668.,0,554,554
WBGene00000669.,9,3261,3270
WBGene00000670.,0,35,35
WBGene00000671.,0,22,22
WBGene00000672.,3,325,328
WBGene00000673.,12,19102,19114
WBGene00000674.,66,387,453
WBGene00000675.,2,82,84
WBGene00000676.,0,5,5
WBGene00000677.,35,17065,17100
WBGene00000678.,1,127,128
WBGene00000679.,5,72,77
WBGene00000680.,0,4,4
WBGene00000681.,14,11637,11651
WBGene00000682.,0,51,51
WBGene00000683.,18,238,256
WBGene00000684.,21,70,91
WBGene00000685.,8,328,336
WBGene00000687.,18,168,186
WBGene00000688.,0,68,68
WBGene00000689.,31,89,120
WBGene00000690.,0,1,1
WBGene00000691.,0,4947,4947
WBGene00000692.,155,1540,1695
WBGene00000693.,0,8,8
WBGene00000694.,0,7,7
WBGene00000695.,0,1,1
WBGene00000696.,0,3,3
WBGene00000697.,2,2,4
WBGene00000698.,0,47,47
WBGene00000699.,6,2158,2164
WBGene00000700.,0,2,2
WBGene00000701.,0,4,4
WBGene00000702.,28,207,235
WBGene00000703.,8,263,271
WBGene00000704.,1,456,457
WBGene00000705.,15,176,191
WBGene00000706.,1,33,34
WBGene00000707.,0,29,29
WBGene00000708.,1,11,12
WBGene00000709.,5,0,5
WBGene00000710.,1,10,11
WBGene00000711.,0,2,2
WBGene00000712.,0,3,3
WBGene00000713.,0,42,42
WBGene00000714.,6,42,48
WBGene00000715.,1,46,47
WBGene00000716.,0,4,4
WBGene00000717.,20,1701,1721
WBGene00000718.,0,31,31
WBGene00000719.,0,44,44
WBGene00000720.,2,16986,16988
WBGene00000721.,0,24,24
WBGene00000722.,48,4765,4813
WBGene00000723.,0,113,113
WBGene00000724.,5,61,66
WBGene00000725.,0,10,10
WBGene00000726.,66,194,260
WBGene00000727.,1,1540,1541
WBGene00000728.,2,1451,1453
WBGene00000729.,3,24,27
WBGene00000730.,0,106,106
WBGene00000731.,3,151,154
WBGene00000732.,7,77,84
WBGene00000733.,4,30,34
WBGene00000734.,0,98,98
WBGene00000735.,5,68,73
WBGene00000736.,1,6,7
WBGene00000737.,0,52,52
WBGene00000738.,0,4,4
WBGene00000739.,0,18835,18835
WBGene00000740.,0,5441,5441
WBGene00000741.,0,4894,4894
WBGene00000742.,0,1050,1050
WBGene00000743.,0,241,241
WBGene00000744.,0,0,0
WBGene00000745.,2,242,244
WBGene00000746.,5,140,145
WBGene00000747.,1,181,182
WBGene00000748.,1,59,60
WBGene00000749.,0,311,311
WBGene00000750.,7,84,91
WBGene00000751.,0,12,12
WBGene00000752.,0,1,1
WBGene00000753.,0,182,182
WBGene00000754.,0,28,28
WBGene00000755.,0,48,48
WBGene00000756.,0,3,3
WBGene00000757.,0,3,3
WBGene00000758.,0,0,0
WBGene00000759.,34,187,221
WBGene00000760.,7,10,17
WBGene00000761.,84,1560,1644
WBGene00000762.,137,851,988
WBGene00000763.,242,1811,2053
WBGene00000764.,38,364,402
WBGene00000765.,12,2754,2766
WBGene00000766.,51,1508,1559
WBGene00000767.,239,3350,3589
WBGene00000768.,430,4214,4644
WBGene00000770.,1,46,47
WBGene00000771.,1,8,9
WBGene00000772.,5,182,187
WBGene00000773.,139,1806,1945
WBGene00000774.,61,2092,2153
WBGene00000775.,140,356,496
WBGene00000776.,415,14872,15287
WBGene00000777.,54,3307,3361
WBGene00000778.,14,498,512
WBGene00000779.,8052,109748,117800
WBGene00000780.,105,1041,1146
WBGene00000781.,1,412,413
WBGene00000782.,0,0,0
WBGene00000783.,13,164,177
WBGene00000784.,1,530,531
WBGene00000785.,4,1855,1859
WBGene00000786.,53,698,751
WBGene00000787.,27,1684,1711
WBGene00000788.,59,5103,5162
WBGene00000789.,30,611,641
WBGene00000792.,68,196,264
WBGene00000793.,3428,2470,5898
WBGene00000794.,86,1672,1758
WBGene00000795.,22,725,747
WBGene00000796.,282,2736,3018
WBGene00000797.,6,59,65
WBGene00000798.,5,1282,1287
WBGene00000799.,7,36,43
WBGene00000800.,227,3911,4138
WBGene00000801.,126,1048,1174
WBGene00000802.,1481,105178,106659
WBGene00000803.,13,146,159
WBGene00000804.,11,1437,1448
WBGene00000812.,298,1099,1397
WBGene00000813.,150,1643,1793
WBGene00000814.,237,2271,2508
WBGene00000815.,342,1555,1897
WBGene00000816.,243,1252,1495
WBGene00000817.,38,1176,1214
WBGene00000818.,89,1083,1172
WBGene00000819.,7,11,18
WBGene00000820.,89,379,468
WBGene00000821.,3,3,6
WBGene00000822.,2657,31610,34267
WBGene00000829.,0,149758,149758
WBGene00000830.,0,0,0
WBGene00000831.,0,263,263
WBGene00000832.,588,3217,3805
WBGene00000833.,129,41504,41633
WBGene00000834.,1103,1897,3000
WBGene00000835.,206,3548,3754
WBGene00000836.,83,1358,1441
WBGene00000837.,175,1664,1839
WBGene00000838.,113,925,1038
WBGene00000839.,82,1740,1822
WBGene00000840.,187,1939,2126
WBGene00000841.,22,89,111
WBGene00000843.,67,3991,4058
WBGene00000845.,940,9849,10789
WBGene00000846.,130,540,670
WBGene00000851.,2,15,17
WBGene00000853.,16,10,26
WBGene00000854.,343,2233,2576
WBGene00000857.,29,1557,1586
WBGene00000858.,127,2253,2380
WBGene00000859.,7,54,61
WBGene00000860.,8,90,98
WBGene00000861.,3,15,18
WBGene00000862.,79,123,202
WBGene00000863.,27,1352,1379
WBGene00000864.,0,2,2
WBGene00000865.,16,822,838
WBGene00000866.,1,41,42
WBGene00000867.,1,38,39
WBGene00000868.,33,3145,3178
WBGene00000869.,285,14296,14581
WBGene00000870.,99,1831,1930
WBGene00000871.,44,542,586
WBGene00000872.,70,1366,1436
WBGene00000874.,83,1867,1950
WBGene00000875.,42,1677,1719
WBGene00000876.,273,2701,2974
WBGene00000877.,65,16213,16278
WBGene00000878.,4,107,111
WBGene00000879.,1924,44945,46869
WBGene00000880.,95,1766,1861
WBGene00000881.,19,23272,23291
WBGene00000882.,5,2791,2796
WBGene00000883.,6196,130274,136470
WBGene00000884.,95,2905,3000
WBGene00000885.,376,456,832
WBGene00000886.,99,1497,1596
WBGene00000887.,259,2063,2322
WBGene00000888.,96,1757,1853
WBGene00000889.,145,1675,1820
WBGene00000890.,86,743,829
WBGene00000891.,255,1975,2230
WBGene00000892.,165,968,1133
WBGene00000893.,26,212,238
WBGene00000894.,320,2765,3085
WBGene00000895.,78,117,195
WBGene00000896.,468,10774,11242
WBGene00000897.,168,873,1041
WBGene00000898.,1762,2065,3827
WBGene00000899.,143,1593,1736
WBGene00000900.,333,2233,2566
WBGene00000901.,1262,4428,5690
WBGene00000902.,10,180,190
WBGene00000903.,8,1826,1834
WBGene00000904.,39,216,255
WBGene00000905.,50,794,844
WBGene00000906.,172,320,492
WBGene00000907.,26,226,252
WBGene00000908.,780,1494,2274
WBGene00000910.,589,3197,3786
WBGene00000911.,422,2966,3388
WBGene00000912.,913,2936,3849
WBGene00000913.,58,999,1057
WBGene00000914.,616,1372,1988
WBGene00000915.,1026,92676,93702
WBGene00000917.,276,2916,3192
WBGene00000920.,24,2242,2266
WBGene00000923.,57,4216,4273
WBGene00000928.,46,3362,3408
WBGene00000929.,169,1497,1666
WBGene00000930.,0,32,32
WBGene00000931.,341,12749,13090
WBGene00000932.,18,280,298
WBGene00000933.,415,2596,3011
WBGene00000934.,17,274,291
WBGene00000935.,9,672,681
WBGene00000936.,15,875,890
WBGene00000937.,14,665,679
WBGene00000938.,471,7484,7955
WBGene00000939.,264,2275,2539
WBGene00000940.,279,2160,2439
WBGene00000941.,1180,11816,12996
WBGene00000942.,300,10648,10948
WBGene00000950.,111,119,230
WBGene00000951.,1,125,126
WBGene00000952.,65,55,120
WBGene00000953.,53,191,244
WBGene00000955.,16,150,166
WBGene00000958.,139,818,957
WBGene00000959.,286,2102,2388
WBGene00000960.,43,101,144
WBGene00000961.,51,1611,1662
WBGene00000962.,356,10492,10848
WBGene00000963.,288,1880,2168
WBGene00000964.,135,4905,5040
WBGene00000965.,67,1406,1473
WBGene00000966.,46,248,294
WBGene00000967.,127,300,427
WBGene00000968.,67,406,473
WBGene00000969.,22,1405,1427
WBGene00000970.,64,2116,2180
WBGene00000971.,3,14,17
WBGene00000972.,53,483,536
WBGene00000973.,66,1111,1177
WBGene00000974.,10,169,179
WBGene00000975.,544,2740,3284
WBGene00000976.,147,985,1132
WBGene00000977.,3,34,37
WBGene00000978.,48,3909,3957
WBGene00000979.,10,218,228
WBGene00000980.,238,1140,1378
WBGene00000981.,9,312,321
WBGene00000982.,644,6821,7465
WBGene00000983.,28,214,242
WBGene00000984.,106,1338,1444
WBGene00000985.,51,1537,1588
WBGene00000986.,2,106,108
WBGene00000987.,210,1031,1241
WBGene00000988.,711,14499,15210
WBGene00000989.,13,55,68
WBGene00000990.,176,1175,1351
WBGene00000991.,186,1169,1355
WBGene00000992.,268,1490,1758
WBGene00000993.,307,1586,1893
WBGene00000994.,39,592,631
WBGene00000995.,41,942,983
WBGene00000996.,139,3221,3360
WBGene00000998.,1790,46828,48618
WBGene00001000.,2435,30228,32663
WBGene00001001.,337,2653,2990
WBGene00001002.,71,1709,1780
WBGene00001005.,81,33163,33244
WBGene00001006.,171,1869,2040
WBGene00001007.,455,6212,6667
WBGene00001008.,478,3104,3582
WBGene00001016.,19,383,402
WBGene00001017.,344,4033,4377
WBGene00001018.,337,3500,3837
WBGene00001019.,562,2648,3210
WBGene00001020.,78,1464,1542
WBGene00001021.,69,339,408
WBGene00001022.,43,296,339
WBGene00001023.,224,4334,4558
WBGene00001025.,220,2659,2879
WBGene00001026.,85,2305,2390
WBGene00001027.,256,1888,2144
WBGene00001028.,270,3436,3706
WBGene00001029.,576,6226,6802
WBGene00001030.,163,8130,8293
WBGene00001031.,61,4610,4671
WBGene00001032.,42,1111,1153
WBGene00001033.,116,757,873
WBGene00001034.,92,2075,2167
WBGene00001035.,106,1721,1827
WBGene00001036.,35,844,879
WBGene00001037.,87,9999,10086
WBGene00001038.,377,7096,7473
WBGene00001039.,313,1302,1615
WBGene00001040.,48,1223,1271
WBGene00001041.,46,2296,2342
WBGene00001042.,778,2494,3272
WBGene00001043.,324,1052,1376
WBGene00001044.,5,158,163
WBGene00001045.,136,1314,1450
WBGene00001046.,22,299,321
WBGene00001047.,430,5731,6161
WBGene00001048.,211,1220,1431
WBGene00001049.,70,673,743
WBGene00001050.,11,199,210
WBGene00001051.,12,3927,3939
WBGene00001052.,215,788,1003
WBGene00001053.,81,422,503
WBGene00001054.,126,707,833
WBGene00001055.,145,871,1016
WBGene00001056.,186,2634,2820
WBGene00001057.,19,1664,1683
WBGene00001058.,107,1233,1340
WBGene00001059.,21,448,469
WBGene00001060.,26,957,983
WBGene00001061.,92,1504,1596
WBGene00001062.,1,4,5
WBGene00001063.,15,32,47
WBGene00001064.,33,1987,2020
WBGene00001065.,1,2912,2913
WBGene00001066.,264,3287,3551
WBGene00001067.,0,2460,2460
WBGene00001068.,217,4120,4337
WBGene00001069.,19,2123,2142
WBGene00001070.,254,1625,1879
WBGene00001071.,118,1881,1999
WBGene00001072.,6,1409,1415
WBGene00001073.,276,5221,5497
WBGene00001074.,315,3498,3813
WBGene00001075.,21,65,86
WBGene00001076.,0,163,163
WBGene00001077.,145,3585,3730
WBGene00001078.,179,883,1062
WBGene00001079.,32,302,334
WBGene00001080.,857,3407,4264
WBGene00001081.,176,4928,5104
WBGene00001082.,213,2730,2943
WBGene00001085.,151,2621,2772
WBGene00001086.,133,3237,3370
WBGene00001087.,1514,1401,2915
WBGene00001088.,582,13526,14108
WBGene00001089.,263,1888,2151
WBGene00001090.,69,725,794
WBGene00001091.,220,1273,1493
WBGene00001092.,0,60,60
WBGene00001093.,53,2502,2555
WBGene00001094.,60,7746,7806
WBGene00001095.,70,536,606
WBGene00001096.,6,153,159
WBGene00001099.,18,130,148
WBGene00001101.,597,3674,4271
WBGene00001102.,31,925,956
WBGene00001103.,0,7,7
WBGene00001104.,2,11,13
WBGene00001105.,5,16,21
WBGene00001106.,12,29,41
WBGene00001107.,77,429,506
WBGene00001108.,0,4,4
WBGene00001109.,0,45,45
WBGene00001110.,13,283,296
WBGene00001111.,78,8,86
WBGene00001112.,98,1059,1157
WBGene00001113.,1792,14776,16568
WBGene00001115.,439,1628,2067
WBGene00001116.,296,2140,2436
WBGene00001117.,31,362,393
WBGene00001118.,86,214,300
WBGene00001119.,29,239,268
WBGene00001121.,62,207,269
WBGene00001122.,46,929,975
WBGene00001123.,2,206,208
WBGene00001127.,63,341,404
WBGene00001129.,23,88,111
WBGene00001130.,114,1087,1201
WBGene00001131.,1260,10723,11983
WBGene00001132.,443,5325,5768
WBGene00001133.,11,10,21
WBGene00001134.,207,3924,4131
WBGene00001135.,81,833,914
WBGene00001136.,30,48,78
WBGene00001137.,299,19791,20090
WBGene00001145.,1814,9996,11810
WBGene00001147.,0,10,10
WBGene00001148.,1590,500,2090
WBGene00001149.,197,14802,14999
WBGene00001150.,3,15,18
WBGene00001151.,107,1630,1737
WBGene00001152.,2,532,534
WBGene00001153.,8,1875,1883
WBGene00001154.,61,2293,2354
WBGene00001155.,4100,34440,38540
WBGene00001156.,84,497,581
WBGene00001157.,30,105,135
WBGene00001158.,4,4,8
WBGene00001159.,16,412,428
WBGene00001160.,63,2709,2772
WBGene00001161.,217,1009,1226
WBGene00001162.,412,469,881
WBGene00001163.,142,2763,2905
WBGene00001164.,5,5,10
WBGene00001165.,70,289,359
WBGene00001166.,69,6688,6757
WBGene00001167.,8352,172704,181056
WBGene00001168.,12771,475518,488289
WBGene00001169.,222,97060,97282
WBGene00001170.,34,626,660
WBGene00001171.,159,255,414
WBGene00001172.,318,8630,8948
WBGene00001173.,2158,6249,8407
WBGene00001174.,14,340,354
WBGene00001175.,10,90,100
WBGene00001177.,1882,4258,6140
WBGene00001178.,359,2059,2418
WBGene00001179.,339,1693,2032
WBGene00001182.,120,1607,1727
WBGene00001184.,128,1351,1479
WBGene00001185.,18,260,278
WBGene00001186.,400,1881,2281
WBGene00001187.,313,3768,4081
WBGene00001188.,82,437,519
WBGene00001189.,975,14193,15168
WBGene00001190.,174,272,446
WBGene00001193.,2,433,435
WBGene00001194.,521,6560,7081
WBGene00001196.,763,19696,20459
WBGene00001202.,114,202,316
WBGene00001204.,52,254,306
WBGene00001207.,32,254,286
WBGene00001208.,509,2155,2664
WBGene00001209.,159,12142,12301
WBGene00001210.,37,3315,3352
WBGene00001211.,27,153,180
WBGene00001214.,23,630,653
WBGene00001215.,356,2118,2474
WBGene00001223.,5,7,12
WBGene00001224.,20,2178,2198
WBGene00001225.,28,7303,7331
WBGene00001226.,455,16511,16966
WBGene00001227.,1343,11594,12937
WBGene00001228.,39,3235,3274
WBGene00001229.,63,4242,4305
WBGene00001230.,103,7208,7311
WBGene00001231.,83,4378,4461
WBGene00001232.,257,4012,4269
WBGene00001233.,640,6321,6961
WBGene00001234.,16,7429,7445
WBGene00001235.,136,3227,3363
WBGene00001236.,81,1788,1869
WBGene00001237.,13,140,153
WBGene00001239.,272,7787,8059
WBGene00001240.,109,2429,2538
WBGene00001241.,346,4651,4997
WBGene00001242.,8,170,178
WBGene00001243.,64,873,937
WBGene00001244.,296,2296,2592
WBGene00001245.,2,5,7
WBGene00001246.,1,15,16
WBGene00001247.,51,282,333
WBGene00001248.,167,641,808
WBGene00001249.,28,1070,1098
WBGene00001250.,6,62,68
WBGene00001251.,70,1241,1311
WBGene00001252.,1,20,21
WBGene00001253.,139,1131,1270
WBGene00001258.,803,4727,5530
WBGene00001259.,159,5362,5521
WBGene00001262.,68,1826,1894
WBGene00001263.,1265,38060,39325
WBGene00001281.,81,1109,1190
WBGene00001284.,202,1881,2083
WBGene00001303.,485,38144,38629
WBGene00001309.,190,3870,4060
WBGene00001310.,9,4,13
WBGene00001311.,1,2,3
WBGene00001320.,8,2169,2177
WBGene00001324.,82,1090,1172
WBGene00001325.,254,1176,1430
WBGene00001328.,253,13693,13946
WBGene00001329.,94,3514,3608
WBGene00001330.,391,1638,2029
WBGene00001331.,130,6107,6237
WBGene00001332.,116,558,674
WBGene00001333.,245,2830,3075
WBGene00001334.,367,2711,3078
WBGene00001335.,204,1864,2068
WBGene00001336.,408,5427,5835
WBGene00001337.,1002,9243,10245
WBGene00001338.,76,1676,1752
WBGene00001340.,450,4037,4487
WBGene00001345.,1039,1420,2459
WBGene00001352.,353,3114,3467
WBGene00001358.,59,380,439
WBGene00001362.,22,96,118
WBGene00001365.,224,2177,2401
WBGene00001366.,446,2041,2487
WBGene00001368.,226,2031,2257
WBGene00001371.,59,808,867
WBGene00001372.,87,466,553
WBGene00001373.,132,106,238
WBGene00001374.,487,1052,1539
WBGene00001377.,146,468,614
WBGene00001385.,67244,798984,866228
WBGene00001386.,1993,53309,55302
WBGene00001387.,6,41,47
WBGene00001388.,1,13,14
WBGene00001389.,51,802,853
WBGene00001390.,54,1005,1059
WBGene00001391.,66,1624,1690
WBGene00001392.,274,18624,18898
WBGene00001393.,97,8633,8730
WBGene00001394.,56,6735,6791
WBGene00001395.,808,6142,6950
WBGene00001396.,104,3264,3368
WBGene00001397.,0,110,110
WBGene00001398.,109,1823,1932
WBGene00001399.,0,19,19
WBGene00001400.,15,179,194
WBGene00001401.,4,204,208
WBGene00001402.,2,238,240
WBGene00001403.,194,1352,1546
WBGene00001404.,1180,15533,16713
WBGene00001405.,30,1949,1979
WBGene00001406.,257,798,1055
WBGene00001410.,141,476,617
WBGene00001411.,38,1325,1363
WBGene00001412.,18,851,869
WBGene00001413.,20,281,301
WBGene00001414.,8,51,59
WBGene00001423.,529,42563,43092
WBGene00001424.,0,4,4
WBGene00001425.,290,1884,2174
WBGene00001426.,371,10158,10529
WBGene00001427.,2222,87432,89654
WBGene00001428.,9,2026,2035
WBGene00001429.,41,941,982
WBGene00001430.,280,6565,6845
WBGene00001431.,133,6900,7033
WBGene00001432.,94,496,590
WBGene00001433.,122,1065,1187
WBGene00001434.,4,188,192
WBGene00001435.,0,1,1
WBGene00001436.,0,0,0
WBGene00001437.,2,84,86
WBGene00001438.,9,79,88
WBGene00001439.,1509,2764,4273
WBGene00001440.,29,374,403
WBGene00001441.,168,2581,2749
WBGene00001442.,0,101,101
WBGene00001443.,527,2806,3333
WBGene00001444.,15243,97788,113031
WBGene00001445.,100,1269,1369
WBGene00001446.,5,220,225
WBGene00001447.,124,1683,1807
WBGene00001448.,601,9421,10022
WBGene00001449.,431,3206,3637
WBGene00001450.,25,1319,1344
WBGene00001451.,292,2817,3109
WBGene00001452.,163,11872,12035
WBGene00001453.,3,1252,1255
WBGene00001454.,6,2917,2923
WBGene00001455.,135,2655,2790
WBGene00001456.,2,620,622
WBGene00001457.,2391,14913,17304
WBGene00001458.,325,3163,3488
WBGene00001459.,139,5260,5399
WBGene00001460.,36,924,960
WBGene00001461.,935,5060,5995
WBGene00001462.,133,8080,8213
WBGene00001463.,70,1857,1927
WBGene00001464.,201,3923,4124
WBGene00001465.,4,19,23
WBGene00001466.,17,591,608
WBGene00001468.,6,25,31
WBGene00001470.,115,2439,2554
WBGene00001475.,286,3303,3589
WBGene00001476.,9,58,67
WBGene00001477.,24,388,412
WBGene00001478.,32,213,245
WBGene00001479.,48,482,530
WBGene00001480.,1325,7889,9214
WBGene00001481.,38,362,400
WBGene00001482.,3,184,187
WBGene00001483.,6,175,181
WBGene00001484.,617,1338,1955
WBGene00001485.,395,678,1073
WBGene00001486.,55,644,699
WBGene00001487.,7,8,15
WBGene00001488.,886,29174,30060
WBGene00001489.,263,1306,1569
WBGene00001490.,200,1463,1663
WBGene00001491.,776,4108,4884
WBGene00001492.,69,35,104
WBGene00001493.,118,1576,1694
WBGene00001494.,512,1363,1875
WBGene00001495.,0,0,0
WBGene00001496.,858,3132,3990
WBGene00001497.,128,5562,5690
WBGene00001498.,532,5065,5597
WBGene00001499.,20,676,696
WBGene00001500.,11,91,102
WBGene00001501.,534,3633,4167
WBGene00001502.,895,49271,50166
WBGene00001503.,196,10516,10712
WBGene00001505.,42,287,329
WBGene00001506.,2,13,15
WBGene00001507.,23,102,125
WBGene00001508.,208,854,1062
WBGene00001509.,140,2345,2485
WBGene00001510.,174,1727,1901
WBGene00001511.,29,1342,1371
WBGene00001512.,79,256,335
WBGene00001513.,12,1347,1359
WBGene00001514.,25,361,386
WBGene00001515.,61,294,355
WBGene00001516.,642,2240,2882
WBGene00001517.,71,423,494
WBGene00001518.,311,1523,1834
WBGene00001519.,372,1744,2116
WBGene00001520.,221,8500,8721
WBGene00001522.,59,193,252
WBGene00001523.,94,1474,1568
WBGene00001526.,94,917,1011
WBGene00001527.,36,1267,1303
WBGene00001528.,4,10,14
WBGene00001529.,3,9,12
WBGene00001530.,7,71,78
WBGene00001531.,5,30,35
WBGene00001532.,14,40,54
WBGene00001533.,17,22,39
WBGene00001534.,27,79,106
WBGene00001535.,15,106,121
WBGene00001536.,23,95,118
WBGene00001537.,473,860,1333
WBGene00001538.,75,703,778
WBGene00001539.,35,42,77
WBGene00001540.,4,39,43
WBGene00001541.,17,180,197
WBGene00001542.,27,101,128
WBGene00001543.,14,128,142
WBGene00001544.,22,112,134
WBGene00001545.,1,16,17
WBGene00001546.,13,62,75
WBGene00001547.,65,250,315
WBGene00001548.,16,79,95
WBGene00001549.,51,168,219
WBGene00001550.,9,22,31
WBGene00001551.,70,90,160
WBGene00001552.,100,598,698
WBGene00001553.,212,1083,1295
WBGene00001554.,76,482,558
WBGene00001555.,334,1038,1372
WBGene00001556.,200,1228,1428
WBGene00001557.,127,909,1036
WBGene00001558.,79,9353,9432
WBGene00001559.,196,1022,1218
WBGene00001560.,25,165,190
WBGene00001561.,1056,7270,8326
WBGene00001562.,55,2064,2119
WBGene00001563.,139,2368,2507
WBGene00001564.,1149,46455,47604
WBGene00001565.,176,1740,1916
WBGene00001566.,114,1846,1960
WBGene00001568.,63,1132,1195
WBGene00001569.,3,49,52
WBGene00001570.,190,2834,3024
WBGene00001571.,16,328,344
WBGene00001572.,712,5193,5905
WBGene00001574.,286,2081,2367
WBGene00001575.,25,243,268
WBGene00001577.,47,288,335
WBGene00001578.,27,136,163
WBGene00001579.,124,1447,1571
WBGene00001580.,79,1344,1423
WBGene00001581.,1,267,268
WBGene00001582.,332,2024,2356
WBGene00001583.,22,502,524
WBGene00001584.,262,1025,1287
WBGene00001585.,84,1426,1510
WBGene00001586.,128,276,404
WBGene00001587.,156,419,575
WBGene00001588.,24,337,361
WBGene00001589.,290,1136,1426
WBGene00001590.,40,856,896
WBGene00001591.,1,15,16
WBGene00001592.,75,465,540
WBGene00001593.,62,200,262
WBGene00001594.,125,1072,1197
WBGene00001595.,7,252,259
WBGene00001596.,171,2505,2676
WBGene00001597.,16,243,259
WBGene00001598.,88,3151,3239
WBGene00001599.,14,306,320
WBGene00001600.,3,162,165
WBGene00001601.,7,525,532
WBGene00001602.,58,1118,1176
WBGene00001603.,0,12,12
WBGene00001604.,156,14697,14853
WBGene00001605.,0,0,0
WBGene00001606.,20,333,353
WBGene00001607.,12,203,215
WBGene00001608.,7,30,37
WBGene00001609.,29,395,424
WBGene00001612.,44,144,188
WBGene00001613.,145,366,511
WBGene00001614.,51,173,224
WBGene00001615.,220,624,844
WBGene00001616.,74,700,774
WBGene00001617.,280,661,941
WBGene00001618.,20,22,42
WBGene00001619.,27,98,125
WBGene00001620.,210,4504,4714
WBGene00001621.,25,130,155
WBGene00001622.,54,611,665
WBGene00001623.,10,217,227
WBGene00001624.,16,56,72
WBGene00001625.,12,21,33
WBGene00001626.,7,19,26
WBGene00001627.,64,446,510
WBGene00001628.,57,1139,1196
WBGene00001629.,295,1243,1538
WBGene00001630.,845,1454,2299
WBGene00001631.,292,1670,1962
WBGene00001632.,96,1824,1920
WBGene00001633.,150,1042,1192
WBGene00001635.,78,1630,1708
WBGene00001636.,148,615,763
WBGene00001637.,77,921,998
WBGene00001638.,36,491,527
WBGene00001639.,40,66,106
WBGene00001640.,33,3,36
WBGene00001641.,0,1,1
WBGene00001642.,1,3,4
WBGene00001643.,30,158,188
WBGene00001644.,11,66,77
WBGene00001645.,90,1137,1227
WBGene00001646.,0,1009,1009
WBGene00001647.,2,867,869
WBGene00001648.,478,10122,10600
WBGene00001649.,156,2277,2433
WBGene00001650.,418,2138,2556
WBGene00001651.,354,1285,1639
WBGene00001653.,164,1396,1560
WBGene00001660.,37,617,654
WBGene00001661.,135,1556,1691
WBGene00001662.,111,2965,3076
WBGene00001663.,47,472,519
WBGene00001664.,27,332,359
WBGene00001665.,27,233,260
WBGene00001666.,24,315,339
WBGene00001667.,12,11,23
WBGene00001668.,12,47,59
WBGene00001669.,339,1598,1937
WBGene00001670.,31,113,144
WBGene00001671.,83,1097,1180
WBGene00001672.,14,72,86
WBGene00001673.,42,65,107
WBGene00001674.,48,323,371
WBGene00001675.,7,29,36
WBGene00001676.,102,247,349
WBGene00001677.,42,236,278
WBGene00001678.,238,533,771
WBGene00001679.,600,13902,14502
WBGene00001680.,100,2486,2586
WBGene00001681.,33,731,764
WBGene00001682.,720,28085,28805
WBGene00001683.,53,560,613
WBGene00001684.,37,33765,33802
WBGene00001685.,39,43355,43394
WBGene00001686.,88,806,894
WBGene00001687.,9,13,22
WBGene00001688.,22,702,724
WBGene00001689.,14,741,755
WBGene00001690.,31,116,147
WBGene00001691.,2,0,2
WBGene00001692.,276,8515,8791
WBGene00001693.,1,26,27
WBGene00001694.,18,2077,2095
WBGene00001695.,12,107,119
WBGene00001696.,5,35,40
WBGene00001697.,5,8,13
WBGene00001698.,19,45,64
WBGene00001699.,281,29433,29714
WBGene00001700.,2,2,4
WBGene00001701.,4,71,75
WBGene00001702.,1636,11973,13609
WBGene00001703.,69,992,1061
WBGene00001704.,13,88,101
WBGene00001705.,6,165,171
WBGene00001706.,11,260,271
WBGene00001707.,160,621,781
WBGene00001708.,437,2280,2717
WBGene00001709.,99,759,858
WBGene00001710.,14,11,25
WBGene00001711.,3,119,122
WBGene00001712.,3,23,26
WBGene00001713.,12,2043,2055
WBGene00001714.,16,491,507
WBGene00001715.,0,16,16
WBGene00001716.,46,328,374
WBGene00001717.,9,181,190
WBGene00001718.,2,119,121
WBGene00001719.,20,429,449
WBGene00001720.,4,5,9
WBGene00001721.,15,261,276
WBGene00001722.,2,7,9
WBGene00001723.,23,48,71
WBGene00001724.,59,514,573
WBGene00001725.,12,2182,2194
WBGene00001726.,0,14,14
WBGene00001727.,12,104,116
WBGene00001728.,0,5,5
WBGene00001729.,11,66,77
WBGene00001730.,4,222,226
WBGene00001731.,3,21,24
WBGene00001732.,1,11,12
WBGene00001733.,0,7,7
WBGene00001734.,0,2,2
WBGene00001735.,5,6,11
WBGene00001736.,2,11,13
WBGene00001737.,0,1,1
WBGene00001738.,0,0,0
WBGene00001739.,0,0,0
WBGene00001740.,124,512,636
WBGene00001743.,75,852,927
WBGene00001744.,267,5235,5502
WBGene00001745.,664,3276,3940
WBGene00001746.,296,3612,3908
WBGene00001747.,150,6558,6708
WBGene00001748.,477,7727,8204
WBGene00001749.,5,3098,3103
WBGene00001750.,110,761,871
WBGene00001751.,91,1879,1970
WBGene00001752.,5,304,309
WBGene00001753.,357,14639,14996
WBGene00001754.,1,196,197
WBGene00001755.,169,16841,17010
WBGene00001756.,0,85,85
WBGene00001757.,42,170,212
WBGene00001758.,10,2024,2034
WBGene00001759.,46,625,671
WBGene00001760.,9,814,823
WBGene00001761.,34,397,431
WBGene00001762.,0,80,80
WBGene00001763.,3,146,149
WBGene00001764.,5,317,322
WBGene00001765.,1,0,1
WBGene00001766.,0,0,0
WBGene00001767.,4,181,185
WBGene00001768.,29,5699,5728
WBGene00001769.,25,511,536
WBGene00001770.,5,245,250
WBGene00001771.,5,134,139
WBGene00001772.,10,3428,3438
WBGene00001773.,6,108,114
WBGene00001774.,2,348,350
WBGene00001775.,3,906,909
WBGene00001776.,16,630,646
WBGene00001777.,5,16,21
WBGene00001778.,1,105,106
WBGene00001779.,0,91,91
WBGene00001780.,4,120,124
WBGene00001781.,55,855,910
WBGene00001782.,85,312,397
WBGene00001783.,36,316,352
WBGene00001784.,151,1388,1539
WBGene00001785.,0,3,3
WBGene00001786.,0,22,22
WBGene00001787.,2,1462,1464
WBGene00001788.,67,603,670
WBGene00001789.,5,1150,1155
WBGene00001790.,75,1343,1418
WBGene00001791.,213,1289,1502
WBGene00001792.,10,112,122
WBGene00001793.,906,4019,4925
WBGene00001794.,3523,30116,33639
WBGene00001795.,35,102,137
WBGene00001796.,52,224,276
WBGene00001803.,33,297,330
WBGene00001804.,32,23,55
WBGene00001805.,43,294,337
WBGene00001806.,24,96,120
WBGene00001808.,499,3146,3645
WBGene00001811.,24,222,246
WBGene00001812.,43,917,960
WBGene00001813.,198,1456,1654
WBGene00001814.,19,251,270
WBGene00001815.,92,546,638
WBGene00001816.,252,726,978
WBGene00001817.,22,586,608
WBGene00001818.,9,2,11
WBGene00001819.,22,247,269
WBGene00001820.,30,1245,1275
WBGene00001821.,92,674,766
WBGene00001823.,110,1296,1406
WBGene00001824.,69,2408,2477
WBGene00001827.,114,1924,2038
WBGene00001828.,2,0,2
WBGene00001829.,29,1135,1164
WBGene00001830.,20,994,1014
WBGene00001831.,21,1421,1442
WBGene00001832.,131,1477,1608
WBGene00001833.,161,2427,2588
WBGene00001834.,12,2795,2807
WBGene00001835.,5,782,787
WBGene00001836.,87,1111,1198
WBGene00001837.,905,1319,2224
WBGene00001838.,77,349,426
WBGene00001839.,40,61,101
WBGene00001840.,849,16155,17004
WBGene00001841.,22,487,509
WBGene00001842.,12,80,92
WBGene00001843.,430,2524,2954
WBGene00001844.,63,1409,1472
WBGene00001851.,397,8916,9313
WBGene00001852.,58,236,294
WBGene00001853.,224,44392,44616
WBGene00001854.,136,25261,25397
WBGene00001855.,23,6728,6751
WBGene00001856.,1,5990,5991
WBGene00001857.,0,136,136
WBGene00001858.,960,12132,13092
WBGene00001859.,13,11,24
WBGene00001860.,128,3367,3495
WBGene00001862.,1,201,202
WBGene00001863.,1122,10814,11936
WBGene00001864.,178,866,1044
WBGene00001865.,32,371,403
WBGene00001867.,51,434,485
WBGene00001869.,23,1151,1174
WBGene00001872.,33,129,162
WBGene00001874.,28,1016,1044
WBGene00001875.,0,3647,3647
WBGene00001876.,0,1669,1669
WBGene00001877.,0,3359,3359
WBGene00001878.,0,2565,2565
WBGene00001879.,0,2404,2404
WBGene00001880.,0,2430,2430
WBGene00001881.,0,2611,2611
WBGene00001882.,0,662,662
WBGene00001883.,0,44,44
WBGene00001884.,0,0,0
WBGene00001885.,0,64,64
WBGene00001886.,0,0,0
WBGene00001887.,0,1,1
WBGene00001888.,0,0,0
WBGene00001889.,0,0,0
WBGene00001890.,0,175,175
WBGene00001891.,0,267,267
WBGene00001892.,0,2269,2269
WBGene00001893.,0,0,0
WBGene00001894.,0,0,0
WBGene00001895.,0,0,0
WBGene00001896.,0,0,0
WBGene00001898.,77,84781,84858
WBGene00001899.,0,47,47
WBGene00001900.,0,593,593
WBGene00001901.,0,0,0
WBGene00001902.,0,0,0
WBGene00001903.,0,1,1
WBGene00001904.,0,1,1
WBGene00001905.,0,748,748
WBGene00001906.,0,8265,8265
WBGene00001907.,0,0,0
WBGene00001908.,0,0,0
WBGene00001909.,1446,31126,32572
WBGene00001910.,479,17398,17877
WBGene00001911.,1391,54574,55965
WBGene00001912.,0,184,184
WBGene00001913.,0,10,10
WBGene00001914.,0,180,180
WBGene00001915.,1063,40412,41475
WBGene00001916.,0,111,111
WBGene00001917.,0,0,0
WBGene00001918.,0,0,0
WBGene00001919.,0,18,18
WBGene00001920.,0,0,0
WBGene00001921.,0,9,9
WBGene00001922.,0,1968,1968
WBGene00001923.,0,0,0
WBGene00001924.,0,0,0
WBGene00001925.,0,0,0
WBGene00001926.,0,0,0
WBGene00001927.,0,0,0
WBGene00001928.,0,0,0
WBGene00001929.,0,18,18
WBGene00001930.,0,0,0
WBGene00001931.,100,2868,2968
WBGene00001932.,0,39,39
WBGene00001933.,0,5957,5957
WBGene00001934.,0,12464,12464
WBGene00001935.,0,2509,2509
WBGene00001936.,0,5880,5880
WBGene00001937.,0,1785,1785
WBGene00001938.,0,5594,5594
WBGene00001939.,0,35,35
WBGene00001940.,0,80,80
WBGene00001941.,0,1058,1058
WBGene00001942.,0,3015,3015
WBGene00001943.,0,26,26
WBGene00001944.,0,39,39
WBGene00001945.,126,8248,8374
WBGene00001946.,1083,49271,50354
WBGene00001947.,0,0,0
WBGene00001948.,405,2137,2542
WBGene00001949.,22,1647,1669
WBGene00001950.,5,1103,1108
WBGene00001951.,23,330,353
WBGene00001952.,25,449,474
WBGene00001953.,34,256,290
WBGene00001954.,7,116,123
WBGene00001955.,213,4803,5016
WBGene00001956.,0,2,2
WBGene00001957.,110,630,740
WBGene00001958.,11,885,896
WBGene00001959.,13,119,132
WBGene00001960.,23,251,274
WBGene00001961.,35,263,298
WBGene00001962.,2,10,12
WBGene00001963.,13,69,82
WBGene00001964.,0,1,1
WBGene00001965.,0,1,1
WBGene00001966.,0,8,8
WBGene00001967.,0,0,0
WBGene00001968.,0,0,0
WBGene00001971.,247,49375,49622
WBGene00001972.,494,10996,11490
WBGene00001973.,5,653,658
WBGene00001974.,71,4396,4467
WBGene00001975.,70,1739,1809
WBGene00001976.,0,35,35
WBGene00001977.,2,1971,1973
WBGene00001978.,211,2681,2892
WBGene00001979.,75,1322,1397
WBGene00001980.,1812,2870,4682
WBGene00001981.,0,19,19
WBGene00001983.,98,1076,1174
WBGene00001984.,106,458,564
WBGene00001985.,3,77,80
WBGene00001986.,126,997,1123
WBGene00001987.,508,481,989
WBGene00001988.,75,904,979
WBGene00001989.,107,688,795
WBGene00001990.,167,2345,2512
WBGene00001991.,18,214,232
WBGene00001992.,43,357,400
WBGene00001993.,25,3024,3049
WBGene00001994.,221,4840,5061
WBGene00001995.,64,1244,1308
WBGene00001996.,364,1328,1692
WBGene00001997.,146,316,462
WBGene00001998.,24,249,273
WBGene00001999.,113,21306,21419
WBGene00002000.,401,12040,12441
WBGene00002001.,300,3755,4055
WBGene00002002.,114,3531,3645
WBGene00002003.,76,476,552
WBGene00002004.,429,1244,1673
WBGene00002005.,611,72974,73585
WBGene00002006.,0,0,0
WBGene00002007.,670,30178,30848
WBGene00002008.,290,2995,3285
WBGene00002010.,53,9010,9063
WBGene00002011.,306,4128,4434
WBGene00002012.,8,335,343
WBGene00002013.,28,63,91
WBGene00002015.,0,0,0
WBGene00002016.,17,3933,3950
WBGene00002017.,0,927,927
WBGene00002018.,23,4079,4102
WBGene00002019.,0,4,4
WBGene00002020.,0,1,1
WBGene00002021.,78,820,898
WBGene00002023.,663,15209,15872
WBGene00002024.,40,887,927
WBGene00002025.,938,37025,37963
WBGene00002026.,7,193,200
WBGene00002027.,275,6724,6999
WBGene00002028.,15,498,513
WBGene00002029.,25,309,334
WBGene00002030.,54,207,261
WBGene00002031.,51,468,519
WBGene00002032.,7,286,293
WBGene00002033.,8,85,93
WBGene00002034.,10,342,352
WBGene00002035.,205,1402,1607
WBGene00002036.,191,1591,1782
WBGene00002037.,136,767,903
WBGene00002038.,256,1372,1628
WBGene00002039.,160,949,1109
WBGene00002040.,239,1564,1803
WBGene00002041.,26,127,153
WBGene00002042.,44,392,436
WBGene00002043.,98,469,567
WBGene00002044.,38,1239,1277
WBGene00002045.,8639,99990,108629
WBGene00002046.,180,2205,2385
WBGene00002047.,82,1965,2047
WBGene00002048.,877,5411,6288
WBGene00002050.,195,1315,1510
WBGene00002051.,4,33,37
WBGene00002052.,41,470,511
WBGene00002053.,266,6229,6495
WBGene00002054.,13,643,656
WBGene00002055.,4,226,230
WBGene00002056.,186,659,845
WBGene00002057.,14,86,100
WBGene00002058.,9,84,93
WBGene00002059.,153,3738,3891
WBGene00002060.,85,6076,6161
WBGene00002061.,18,1846,1864
WBGene00002062.,72,1211,1283
WBGene00002063.,100,319,419
WBGene00002064.,1536,10574,12110
WBGene00002065.,1030,118548,119578
WBGene00002066.,533,11604,12137
WBGene00002067.,21,194,215
WBGene00002068.,12,943,955
WBGene00002069.,362,2771,3133
WBGene00002070.,88,2724,2812
WBGene00002071.,52,2999,3051
WBGene00002072.,36,694,730
WBGene00002073.,12,2094,2106
WBGene00002074.,116,5390,5506
WBGene00002075.,178,1456,1634
WBGene00002076.,455,1320,1775
WBGene00002077.,333,12951,13284
WBGene00002078.,295,4067,4362
WBGene00002079.,26,956,982
WBGene00002080.,191,1608,1799
WBGene00002081.,35,1090,1125
WBGene00002083.,117,22400,22517
WBGene00002084.,26,1127,1153
WBGene00002085.,0,6,6
WBGene00002086.,18,542,560
WBGene00002087.,5,50,55
WBGene00002088.,29,351,380
WBGene00002089.,23,245,268
WBGene00002090.,2,1,3
WBGene00002091.,4,1,5
WBGene00002092.,2,45,47
WBGene00002093.,8,92,100
WBGene00002094.,2,14,16
WBGene00002095.,4,27,31
WBGene00002096.,6,11,17
WBGene00002097.,13,311,324
WBGene00002098.,5,21,26
WBGene00002099.,0,2,2
WBGene00002100.,69,4295,4364
WBGene00002101.,222,1323,1545
WBGene00002102.,2,9,11
WBGene00002103.,3,10,13
WBGene00002104.,1,25,26
WBGene00002105.,14,247,261
WBGene00002106.,1,1,2
WBGene00002107.,16,175,191
WBGene00002108.,18,73,91
WBGene00002109.,132,1261,1393
WBGene00002110.,960,6078,7038
WBGene00002111.,87,785,872
WBGene00002112.,46,354,400
WBGene00002113.,60,1609,1669
WBGene00002114.,3,26,29
WBGene00002115.,0,5,5
WBGene00002116.,66,358,424
WBGene00002117.,3,18,21
WBGene00002118.,4,158,162
WBGene00002119.,45,45,90
WBGene00002120.,2,203,205
WBGene00002121.,0,1,1
WBGene00002123.,736,2350,3086
WBGene00002124.,1,66,67
WBGene00002125.,5,543,548
WBGene00002127.,28,2986,3014
WBGene00002128.,30,329,359
WBGene00002129.,38,1104,1142
WBGene00002130.,4,50,54
WBGene00002131.,2,28,30
WBGene00002132.,23,597,620
WBGene00002133.,115,336,451
WBGene00002134.,213,6546,6759
WBGene00002135.,167,6122,6289
WBGene00002136.,32,258,290
WBGene00002137.,8,86,94
WBGene00002138.,3,23,26
WBGene00002139.,2,48,50
WBGene00002140.,229,941,1170
WBGene00002141.,107,85,192
WBGene00002142.,19,94,113
WBGene00002143.,54,135,189
WBGene00002144.,9,69,78
WBGene00002146.,97,899,996
WBGene00002147.,296,797,1093
WBGene00002148.,111,1494,1605
WBGene00002149.,72,206,278
WBGene00002150.,211,200,411
WBGene00002151.,174,546,720
WBGene00002152.,579,6438,7017
WBGene00002153.,46,1129,1175
WBGene00002162.,2655,33815,36470
WBGene00002163.,270,1066,1336
WBGene00002169.,434,2935,3369
WBGene00002173.,241,1205,1446
WBGene00002174.,33,261,294
WBGene00002175.,551,1335,1886
WBGene00002176.,588,1152,1740
WBGene00002177.,57,232,289
WBGene00002178.,128,1386,1514
WBGene00002179.,461,5158,5619
WBGene00002180.,9,747,756
WBGene00002181.,186,733,919
WBGene00002182.,107,392,499
WBGene00002183.,799,11923,12722
WBGene00002184.,280,708,988
WBGene00002185.,898,1334,2232
WBGene00002186.,0,8,8
WBGene00002187.,283,2167,2450
WBGene00002188.,9,2,11
WBGene00002189.,2864,8531,11395
WBGene00002190.,776,10506,11282
WBGene00002191.,1491,11591,13082
WBGene00002192.,275,1436,1711
WBGene00002193.,3,4,7
WBGene00002194.,53,161,214
WBGene00002195.,53,248,301
WBGene00002196.,114,5722,5836
WBGene00002198.,158,393,551
WBGene00002199.,73,420,493
WBGene00002200.,43,439,482
WBGene00002201.,74,1634,1708
WBGene00002202.,364,13242,13606
WBGene00002203.,306,2606,2912
WBGene00002204.,1,2,3
WBGene00002205.,18,82,100
WBGene00002206.,1,1,2
WBGene00002207.,100,661,761
WBGene00002208.,2,8,10
WBGene00002210.,515,2131,2646
WBGene00002211.,14,129,143
WBGene00002212.,3,4,7
WBGene00002213.,87,770,857
WBGene00002214.,32,1022,1054
WBGene00002215.,637,5546,6183
WBGene00002216.,179,2241,2420
WBGene00002217.,167,2116,2283
WBGene00002218.,14,75,89
WBGene00002219.,73,1184,1257
WBGene00002220.,102,1017,1119
WBGene00002221.,20,291,311
WBGene00002222.,9,42,51
WBGene00002223.,1425,3641,5066
WBGene00002224.,154,147,301
WBGene00002225.,0,525,525
WBGene00002226.,1,1192,1193
WBGene00002227.,6,15,21
WBGene00002228.,18,849,867
WBGene00002229.,57,1659,1716
WBGene00002230.,233,548,781
WBGene00002231.,39,1557,1596
WBGene00002232.,190,1970,2160
WBGene00002233.,58,229,287
WBGene00002234.,1,21,22
WBGene00002235.,90,88,178
WBGene00002238.,30,11288,11318
WBGene00002239.,97,652,749
WBGene00002240.,332,569,901
WBGene00002241.,702,2325,3027
WBGene00002242.,217,378,595
WBGene00002243.,136,393,529
WBGene00002244.,332,5851,6183
WBGene00002245.,197,1024,1221
WBGene00002246.,0,729,729
WBGene00002247.,322,7140,7462
WBGene00002248.,18,63,81
WBGene00002249.,26,1800,1826
WBGene00002250.,26,3360,3386
WBGene00002251.,221,1106,1327
WBGene00002252.,60,151,211
WBGene00002253.,2119,9792,11911
WBGene00002254.,12769,100067,112836
WBGene00002255.,2671,19251,21922
WBGene00002256.,91,3521,3612
WBGene00002257.,306,3943,4249
WBGene00002258.,449,9800,10249
WBGene00002259.,15,459,474
WBGene00002260.,8,57,65
WBGene00002261.,514,3014,3528
WBGene00002262.,1597,22188,23785
WBGene00002263.,471,4708,5179
WBGene00002264.,352,13524,13876
WBGene00002265.,946,11862,12808
WBGene00002266.,513,8076,8589
WBGene00002267.,444,10285,10729
WBGene00002268.,1619,16822,18441
WBGene00002269.,460,6447,6907
WBGene00002270.,0,95,95
WBGene00002271.,56,2619,2675
WBGene00002272.,167,3001,3168
WBGene00002273.,28,4762,4790
WBGene00002274.,7,222,229
WBGene00002275.,19,950,969
WBGene00002276.,29,796,825
WBGene00002278.,256,1025,1281
WBGene00002280.,2956,55420,58376
WBGene00002282.,43,794,837
WBGene00002285.,0,9151,9151
WBGene00002295.,261,7178,7439
WBGene00002297.,149,733,882
WBGene00002299.,129,808,937
WBGene00002324.,23,845,868
WBGene00002335.,163,5685,5848
WBGene00002344.,420,27036,27456
WBGene00002348.,23,1725,1748
WBGene00002363.,57,7115,7172
WBGene00002368.,10,284,294
WBGene00002393.,26,1060,1086
WBGene00002497.,639,3322,3961
WBGene00002583.,387,3271,3658
WBGene00002601.,309,1388,1697
WBGene00002632.,97,1199,1296
WBGene00002637.,295,11047,11342
WBGene00002694.,33,1659,1692
WBGene00002696.,171,3815,3986
WBGene00002717.,905,6040,6945
WBGene00002783.,1050,4889,5939
WBGene00002804.,27,3996,4023
WBGene00002827.,103,1765,1868
WBGene00002845.,209,3383,3592
WBGene00002850.,371,8059,8430
WBGene00002855.,118,6957,7075
WBGene00002879.,406,7545,7951
WBGene00002881.,494,3962,4456
WBGene00002889.,306,2397,2703
WBGene00002891.,76,3020,3096
WBGene00002915.,215,4775,4990
WBGene00002957.,160,3515,3675
WBGene00002974.,234,960,1194
WBGene00002975.,18,231,249
WBGene00002976.,238,1031,1269
WBGene00002977.,101,35,136
WBGene00002978.,2142,169954,172096
WBGene00002979.,268,1056,1324
WBGene00002980.,233,37605,37838
WBGene00002981.,224,9356,9580
WBGene00002982.,83,854,937
WBGene00002983.,70,235,305
WBGene00002985.,91,1722,1813
WBGene00002986.,99,790,889
WBGene00002987.,47,150,197
WBGene00002988.,59,684,743
WBGene00002989.,348,1220,1568
WBGene00002990.,581,1538,2119
WBGene00002991.,348,1498,1846
WBGene00002992.,76,197,273
WBGene00002993.,0,0,0
WBGene00002994.,39,3176,3215
WBGene00002996.,112,714,826
WBGene00002997.,70,602,672
WBGene00002998.,93,1454,1547
WBGene00002999.,590,3152,3742
WBGene00003000.,75,497,572
WBGene00003001.,77,545,622
WBGene00003002.,417,5073,5490
WBGene00003003.,1150,3861,5011
WBGene00003006.,298,540,838
WBGene00003007.,150,897,1047
WBGene00003008.,44,131,175
WBGene00003009.,134,1887,2021
WBGene00003010.,443,2850,3293
WBGene00003011.,219,1872,2091
WBGene00003012.,52,1715,1767
WBGene00003014.,383,4665,5048
WBGene00003015.,79,96,175
WBGene00003017.,22,255,277
WBGene00003018.,68,1239,1307
WBGene00003019.,271,3594,3865
WBGene00003020.,273,1570,1843
WBGene00003021.,189,2207,2396
WBGene00003022.,111,685,796
WBGene00003024.,298,3092,3390
WBGene00003025.,396,6530,6926
WBGene00003026.,110,2424,2534
WBGene00003029.,19,405,424
WBGene00003030.,270,1362,1632
WBGene00003031.,33,387,420
WBGene00003033.,10,68,78
WBGene00003034.,176,1654,1830
WBGene00003035.,95,871,966
WBGene00003036.,8,6198,6206
WBGene00003037.,37,929,966
WBGene00003038.,18,716,734
WBGene00003039.,0,1,1
WBGene00003040.,340,2967,3307
WBGene00003041.,211,1628,1839
WBGene00003043.,105,1455,1560
WBGene00003044.,273,2094,2367
WBGene00003045.,229,1236,1465
WBGene00003046.,42,265,307
WBGene00003047.,233,2325,2558
WBGene00003048.,2509,4027,6536
WBGene00003052.,139,12719,12858
WBGene00003053.,23,4329,4352
WBGene00003055.,82,3232,3314
WBGene00003056.,131,649,780
WBGene00003057.,105,1490,1595
WBGene00003058.,2,3,5
WBGene00003059.,141,1181,1322
WBGene00003060.,928,3183,4111
WBGene00003061.,680,14046,14726
WBGene00003062.,55,4922,4977
WBGene00003063.,128,10522,10650
WBGene00003064.,10,1254,1264
WBGene00003065.,257,9061,9318
WBGene00003066.,39,2204,2243
WBGene00003067.,7,174,181
WBGene00003068.,200,1488,1688
WBGene00003071.,327,5373,5700
WBGene00003072.,365,4783,5148
WBGene00003073.,204,7717,7921
WBGene00003074.,105,1579,1684
WBGene00003075.,13,33,46
WBGene00003076.,205,2516,2721
WBGene00003077.,240,1656,1896
WBGene00003078.,62,4101,4163
WBGene00003079.,0,6266,6266
WBGene00003080.,193,3321,3514
WBGene00003081.,502,3785,4287
WBGene00003082.,145,1990,2135
WBGene00003083.,23,709,732
WBGene00003084.,111,1413,1524
WBGene00003085.,347,8929,9276
WBGene00003086.,505,1506,2011
WBGene00003087.,64,1986,2050
WBGene00003088.,0,2,2
WBGene00003089.,113,1606,1719
WBGene00003090.,1,787,788
WBGene00003091.,2,419,421
WBGene00003092.,1,102,103
WBGene00003093.,8,220,228
WBGene00003094.,0,10,10
WBGene00003095.,1,17,18
WBGene00003096.,0,116,116
WBGene00003097.,12,1666,1678
WBGene00003098.,1,5,6
WBGene00003099.,0,11,11
WBGene00003100.,21,31,52
WBGene00003102.,200,1122,1322
WBGene00003104.,25,138,163
WBGene00003106.,29,251,280
WBGene00003107.,36,69,105
WBGene00003111.,158,2414,2572
WBGene00003112.,120,1060,1180
WBGene00003114.,154,277,431
WBGene00003119.,245,1728,1973
WBGene00003123.,60,10601,10661
WBGene00003124.,287,2157,2444
WBGene00003129.,167,1502,1669
WBGene00003130.,323,3585,3908
WBGene00003132.,72,1724,1796
WBGene00003133.,244,1598,1842
WBGene00003134.,83,853,936
WBGene00003136.,96,747,843
WBGene00003142.,143,1220,1363
WBGene00003143.,440,2833,3273
WBGene00003144.,515,2502,3017
WBGene00003148.,65,9566,9631
WBGene00003149.,299,1867,2166
WBGene00003150.,850,6526,7376
WBGene00003151.,106,916,1022
WBGene00003153.,3735,14687,18422
WBGene00003154.,69,1854,1923
WBGene00003155.,37,1898,1935
WBGene00003156.,26,2586,2612
WBGene00003157.,34,2670,2704
WBGene00003158.,41,2078,2119
WBGene00003159.,11,2304,2315
WBGene00003160.,146,2371,2517
WBGene00003161.,79,1819,1898
WBGene00003162.,110,24892,25002
WBGene00003163.,140,6683,6823
WBGene00003164.,28,442,470
WBGene00003165.,54,491,545
WBGene00003166.,427,1174,1601
WBGene00003167.,64,471,535
WBGene00003168.,77,192,269
WBGene00003169.,660,6637,7297
WBGene00003170.,128,605,733
WBGene00003171.,352,6486,6838
WBGene00003172.,85,2336,2421
WBGene00003173.,63,287,350
WBGene00003174.,22,90,112
WBGene00003175.,253,5719,5972
WBGene00003176.,5,35,40
WBGene00003177.,92,723,815
WBGene00003178.,58,3182,3240
WBGene00003179.,48,449,497
WBGene00003180.,0,10,10
WBGene00003181.,0,54,54
WBGene00003182.,547,2885,3432
WBGene00003183.,8,905,913
WBGene00003184.,3,197,200
WBGene00003185.,3,1764,1767
WBGene00003186.,158,1994,2152
WBGene00003196.,319,1667,1986
WBGene00003209.,346,1675,2021
WBGene00003210.,225,2726,2951
WBGene00003214.,162,2841,3003
WBGene00003216.,1,206,207
WBGene00003218.,118,4359,4477
WBGene00003219.,6,23,29
WBGene00003220.,95,701,796
WBGene00003221.,256,1165,1421
WBGene00003222.,93,1228,1321
WBGene00003224.,32,190,222
WBGene00003225.,816,14679,15495
WBGene00003228.,15,83,98
WBGene00003229.,172,2378,2550
WBGene00003230.,4,138,142
WBGene00003231.,1,38,39
WBGene00003232.,41,186,227
WBGene00003233.,94,320,414
WBGene00003234.,385,2677,3062
WBGene00003235.,640,3954,4594
WBGene00003236.,2,409,411
WBGene00003237.,211,1125,1336
WBGene00003238.,224,1763,1987
WBGene00003239.,77,3207,3284
WBGene00003241.,132,1395,1527
WBGene00003242.,1033,29365,30398
WBGene00003243.,619,3155,3774
WBGene00003245.,9,494,503
WBGene00003246.,269,603,872
WBGene00003247.,482,5210,5692
WBGene00003248.,165,732,897
WBGene00003249.,315,5092,5407
WBGene00003252.,7,131,138
WBGene00003253.,46,1926,1972
WBGene00003254.,32,698,730
WBGene00003258.,784,425,1209
WBGene00003260.,0,7,7
WBGene00003261.,0,0,0
WBGene00003262.,0,8,8
WBGene00003263.,0,0,0
WBGene00003264.,0,0,0
WBGene00003265.,0,0,0
WBGene00003266.,0,0,0
WBGene00003267.,0,0,0
WBGene00003268.,0,0,0
WBGene00003269.,0,1,1
WBGene00003270.,0,2,2
WBGene00003271.,0,1,1
WBGene00003272.,0,4,4
WBGene00003273.,0,11,11
WBGene00003274.,0,6,6
WBGene00003275.,0,3,3
WBGene00003277.,0,0,0
WBGene00003278.,0,0,0
WBGene00003279.,0,13,13
WBGene00003280.,0,45,45
WBGene00003281.,0,47,47
WBGene00003282.,0,0,0
WBGene00003283.,0,1,1
WBGene00003284.,0,0,0
WBGene00003285.,0,1,1
WBGene00003286.,0,0,0
WBGene00003287.,0,0,0
WBGene00003288.,0,5,5
WBGene00003289.,0,0,0
WBGene00003290.,0,0,0
WBGene00003291.,0,17,17
WBGene00003292.,0,0,0
WBGene00003293.,0,0,0
WBGene00003294.,0,0,0
WBGene00003295.,0,0,0
WBGene00003296.,0,0,0
WBGene00003297.,0,14,14
WBGene00003298.,0,0,0
WBGene00003299.,0,0,0
WBGene00003300.,0,2,2
WBGene00003301.,0,1,1
WBGene00003302.,0,2,2
WBGene00003303.,0,3,3
WBGene00003304.,0,2,2
WBGene00003305.,0,0,0
WBGene00003306.,0,1,1
WBGene00003307.,0,7,7
WBGene00003308.,0,32,32
WBGene00003309.,0,0,0
WBGene00003310.,0,0,0
WBGene00003311.,0,8,8
WBGene00003312.,0,0,0
WBGene00003313.,0,0,0
WBGene00003314.,0,0,0
WBGene00003315.,0,0,0
WBGene00003316.,0,0,0
WBGene00003317.,0,0,0
WBGene00003318.,0,0,0
WBGene00003319.,0,0,0
WBGene00003321.,0,4,4
WBGene00003322.,0,0,0
WBGene00003323.,0,3,3
WBGene00003324.,0,20,20
WBGene00003325.,0,1,1
WBGene00003326.,0,0,0
WBGene00003327.,0,2,2
WBGene00003328.,0,6,6
WBGene00003329.,0,1,1
WBGene00003330.,0,2,2
WBGene00003331.,0,22,22
WBGene00003332.,0,6,6
WBGene00003333.,0,8,8
WBGene00003334.,0,0,0
WBGene00003335.,0,11,11
WBGene00003336.,0,10,10
WBGene00003337.,0,0,0
WBGene00003338.,0,18,18
WBGene00003339.,0,6,6
WBGene00003340.,0,1,1
WBGene00003341.,0,0,0
WBGene00003342.,0,0,0
WBGene00003343.,0,0,0
WBGene00003344.,0,0,0
WBGene00003345.,0,0,0
WBGene00003346.,0,0,0
WBGene00003347.,0,0,0
WBGene00003348.,0,0,0
WBGene00003349.,0,149,149
WBGene00003350.,0,0,0
WBGene00003351.,0,0,0
WBGene00003352.,0,0,0
WBGene00003353.,0,1,1
WBGene00003354.,0,0,0
WBGene00003355.,0,0,0
WBGene00003356.,0,0,0
WBGene00003357.,0,24,24
WBGene00003358.,0,0,0
WBGene00003359.,0,6,6
WBGene00003360.,0,0,0
WBGene00003361.,0,0,0
WBGene00003362.,0,1,1
WBGene00003363.,0,1,1
WBGene00003364.,0,0,0
WBGene00003365.,0,2,2
WBGene00003366.,0,0,0
WBGene00003367.,813,8499,9312
WBGene00003368.,68,986,1054
WBGene00003369.,369,54924,55293
WBGene00003370.,27880,159704,187584
WBGene00003371.,12686,295735,308421
WBGene00003372.,594,7003,7597
WBGene00003373.,44,310,354
WBGene00003374.,314,737,1051
WBGene00003375.,322,12738,13060
WBGene00003376.,50,244,294
WBGene00003377.,16,414,430
WBGene00003378.,548,2802,3350
WBGene00003380.,42,423,465
WBGene00003384.,24,394,418
WBGene00003385.,153,1111,1264
WBGene00003386.,75,742,817
WBGene00003387.,128,108,236
WBGene00003388.,21,282,303
WBGene00003389.,78,2636,2714
WBGene00003390.,32,1749,1781
WBGene00003391.,824,4662,5486
WBGene00003392.,143,2144,2287
WBGene00003393.,228,3536,3764
WBGene00003394.,18,89,107
WBGene00003395.,2,124,126
WBGene00003396.,190,840,1030
WBGene00003397.,100,911,1011
WBGene00003400.,260,916,1176
WBGene00003401.,361,2654,3015
WBGene00003402.,46,325,371
WBGene00003403.,26,152,178
WBGene00003404.,1360,4679,6039
WBGene00003405.,47,1067,1114
WBGene00003406.,71,3611,3682
WBGene00003407.,688,3606,4294
WBGene00003408.,221,1046,1267
WBGene00003409.,26,230,256
WBGene00003410.,1,44,45
WBGene00003411.,93,717,810
WBGene00003412.,124,783,907
WBGene00003413.,614,431,1045
WBGene00003414.,192,154,346
WBGene00003415.,213,10282,10495
WBGene00003417.,67,572,639
WBGene00003418.,48,733,781
WBGene00003420.,7,11,18
WBGene00003421.,88,404,492
WBGene00003422.,116,1631,1747
WBGene00003423.,1123,1693,2816
WBGene00003424.,0,0,0
WBGene00003425.,0,2,2
WBGene00003426.,0,0,0
WBGene00003429.,0,0,0
WBGene00003430.,0,1,1
WBGene00003431.,0,9,9
WBGene00003432.,0,1,1
WBGene00003433.,0,0,0
WBGene00003434.,0,1,1
WBGene00003435.,0,2,2
WBGene00003437.,0,0,0
WBGene00003438.,0,0,0
WBGene00003442.,0,30,30
WBGene00003443.,0,123,123
WBGene00003444.,0,0,0
WBGene00003445.,0,40,40
WBGene00003446.,0,0,0
WBGene00003448.,0,8,8
WBGene00003449.,0,0,0
WBGene00003450.,0,11,11
WBGene00003451.,0,5,5
WBGene00003452.,0,4,4
WBGene00003456.,0,2,2
WBGene00003457.,0,1,1
WBGene00003458.,0,4,4
WBGene00003460.,0,4,4
WBGene00003462.,0,3,3
WBGene00003463.,0,10,10
WBGene00003464.,0,0,0
WBGene00003465.,0,0,0
WBGene00003466.,0,1,1
WBGene00003467.,0,1,1
WBGene00003468.,0,1,1
WBGene00003469.,0,1,1
WBGene00003470.,0,0,0
WBGene00003471.,37,380,417
WBGene00003472.,329,1791,2120
WBGene00003473.,1,114,115
WBGene00003474.,6,161,167
WBGene00003475.,251,1046,1297
WBGene00003476.,1283,4361,5644
WBGene00003477.,65,639,704
WBGene00003478.,340,913,1253
WBGene00003479.,213,998,1211
WBGene00003480.,19,267,286
WBGene00003482.,419,4071,4490
WBGene00003485.,492,4141,4633
WBGene00003495.,912,97502,98414
WBGene00003497.,140,2602,2742
WBGene00003499.,5,162,167
WBGene00003504.,12,678,690
WBGene00003507.,3,237,240
WBGene00003508.,97,1364,1461
WBGene00003509.,47,592,639
WBGene00003510.,183,1546,1729
WBGene00003511.,46,6196,6242
WBGene00003514.,54,2477,2531
WBGene00003515.,239,13670,13909
WBGene00003516.,157,2248,2405
WBGene00003517.,49,647,696
WBGene00003518.,21,67,88
WBGene00003519.,222,4463,4685
WBGene00003520.,24,83,107
WBGene00003521.,0,0,0
WBGene00003522.,60,1009,1069
WBGene00003523.,64,491,555
WBGene00003524.,11,127,138
WBGene00003525.,34,137,171
WBGene00003526.,25,144,169
WBGene00003527.,27,285,312
WBGene00003528.,17,189,206
WBGene00003529.,4,11,15
WBGene00003530.,69,576,645
WBGene00003531.,13,44,57
WBGene00003532.,10,65,75
WBGene00003533.,13,49,62
WBGene00003534.,3,101,104
WBGene00003535.,0,2,2
WBGene00003536.,0,1,1
WBGene00003537.,1,4,5
WBGene00003538.,0,1,1
WBGene00003539.,1,9,10
WBGene00003540.,0,10,10
WBGene00003541.,3,1,4
WBGene00003542.,5,41,46
WBGene00003543.,9,2,11
WBGene00003544.,26,140,166
WBGene00003545.,13,2,15
WBGene00003546.,6,127,133
WBGene00003547.,5,57,62
WBGene00003548.,98,323,421
WBGene00003549.,70,1257,1327
WBGene00003550.,431,1802,2233
WBGene00003551.,15,75,90
WBGene00003552.,264,453,717
WBGene00003553.,100,579,679
WBGene00003554.,29,81,110
WBGene00003555.,111,484,595
WBGene00003556.,28,2,30
WBGene00003558.,185,233,418
WBGene00003559.,1513,6152,7665
WBGene00003561.,281,501,782
WBGene00003562.,24,205,229
WBGene00003563.,51,237,288
WBGene00003564.,64,6295,6359
WBGene00003565.,313,2240,2553
WBGene00003566.,489,3829,4318
WBGene00003567.,544,7475,8019
WBGene00003568.,136,1896,2032
WBGene00003569.,76,1137,1213
WBGene00003570.,6,50,56
WBGene00003571.,16,10,26
WBGene00003572.,7,43,50
WBGene00003573.,5,119,124
WBGene00003574.,3,10,13
WBGene00003575.,11,52,63
WBGene00003576.,233,1915,2148
WBGene00003577.,41,187,228
WBGene00003578.,353,2409,2762
WBGene00003579.,9,405,414
WBGene00003580.,40,452,492
WBGene00003581.,118,1457,1575
WBGene00003582.,376,1342,1718
WBGene00003583.,43,693,736
WBGene00003584.,115,835,950
WBGene00003585.,276,110,386
WBGene00003586.,34,469,503
WBGene00003587.,206,7814,8020
WBGene00003588.,6,6147,6153
WBGene00003589.,132,1522,1654
WBGene00003590.,85,425,510
WBGene00003591.,117,1288,1405
WBGene00003592.,277,2342,2619
WBGene00003593.,192,1331,1523
WBGene00003594.,177,940,1117
WBGene00003595.,0,13,13
WBGene00003596.,569,7809,8378
WBGene00003597.,507,1853,2360
WBGene00003598.,87,3642,3729
WBGene00003599.,259,1378,1637
WBGene00003600.,1819,4456,6275
WBGene00003601.,7,93,100
WBGene00003602.,50,1082,1132
WBGene00003603.,103,1139,1242
WBGene00003604.,45,269,314
WBGene00003605.,136,1363,1499
WBGene00003606.,282,1126,1408
WBGene00003607.,7,61,68
WBGene00003608.,2,26,28
WBGene00003609.,235,1689,1924
WBGene00003610.,58,344,402
WBGene00003611.,108,739,847
WBGene00003612.,92,302,394
WBGene00003613.,22,651,673
WBGene00003614.,534,526,1060
WBGene00003615.,3,56,59
WBGene00003616.,237,717,954
WBGene00003617.,11,168,179
WBGene00003618.,637,3580,4217
WBGene00003619.,200,1955,2155
WBGene00003620.,461,1557,2018
WBGene00003621.,84,393,477
WBGene00003622.,196,634,830
WBGene00003623.,66,796,862
WBGene00003624.,81,783,864
WBGene00003625.,215,1996,2211
WBGene00003626.,241,1060,1301
WBGene00003627.,733,1718,2451
WBGene00003628.,245,928,1173
WBGene00003629.,2,4,6
WBGene00003630.,1384,3166,4550
WBGene00003632.,104,1002,1106
WBGene00003633.,52,633,685
WBGene00003634.,102,584,686
WBGene00003635.,36,729,765
WBGene00003636.,575,1712,2287
WBGene00003637.,280,1731,2011
WBGene00003638.,128,1121,1249
WBGene00003639.,217,3029,3246
WBGene00003640.,74,1043,1117
WBGene00003641.,0,22,22
WBGene00003642.,5,24,29
WBGene00003643.,15,39,54
WBGene00003644.,16,162,178
WBGene00003645.,34,170,204
WBGene00003646.,61,726,787
WBGene00003647.,91,391,482
WBGene00003648.,17,577,594
WBGene00003649.,28,314,342
WBGene00003650.,22,94,116
WBGene00003651.,131,815,946
WBGene00003652.,96,389,485
WBGene00003653.,41,722,763
WBGene00003654.,158,414,572
WBGene00003655.,56,354,410
WBGene00003656.,119,1588,1707
WBGene00003657.,21,448,469
WBGene00003658.,194,2371,2565
WBGene00003659.,32,361,393
WBGene00003660.,94,883,977
WBGene00003661.,106,904,1010
WBGene00003662.,1,9,10
WBGene00003663.,0,217,217
WBGene00003664.,224,56,280
WBGene00003665.,0,1,1
WBGene00003667.,2,10,12
WBGene00003668.,325,822,1147
WBGene00003669.,14,58,72
WBGene00003670.,21,177,198
WBGene00003671.,2,2,4
WBGene00003672.,2,7,9
WBGene00003673.,8,70,78
WBGene00003674.,51,901,952
WBGene00003675.,319,895,1214
WBGene00003676.,257,797,1054
WBGene00003677.,172,862,1034
WBGene00003678.,396,2120,2516
WBGene00003679.,0,4,4
WBGene00003680.,19,180,199
WBGene00003681.,209,1618,1827
WBGene00003682.,10,13,23
WBGene00003683.,10,80,90
WBGene00003684.,25,257,282
WBGene00003685.,119,842,961
WBGene00003686.,6,102,108
WBGene00003687.,119,6141,6260
WBGene00003688.,86,521,607
WBGene00003689.,8,28,36
WBGene00003690.,188,1636,1824
WBGene00003691.,475,1868,2343
WBGene00003692.,41,221,262
WBGene00003693.,16,149,165
WBGene00003694.,90,567,657
WBGene00003695.,708,3578,4286
WBGene00003696.,5,6,11
WBGene00003697.,49,301,350
WBGene00003698.,0,34,34
WBGene00003699.,8,226,234
WBGene00003700.,4,55,59
WBGene00003701.,2,0,2
WBGene00003702.,31,461,492
WBGene00003703.,35,180,215
WBGene00003704.,364,1634,1998
WBGene00003705.,21,112,133
WBGene00003706.,27,130,157
WBGene00003707.,53,419,472
WBGene00003708.,2,0,2
WBGene00003709.,58,267,325
WBGene00003710.,91,429,520
WBGene00003711.,5,7,12
WBGene00003712.,51,317,368
WBGene00003713.,17,122,139
WBGene00003714.,16,36,52
WBGene00003715.,180,280,460
WBGene00003716.,2,83,85
WBGene00003717.,7,113,120
WBGene00003718.,10,116,126
WBGene00003719.,26,321,347
WBGene00003720.,33,117,150
WBGene00003721.,33,321,354
WBGene00003722.,50,416,466
WBGene00003723.,20,557,577
WBGene00003724.,20,405,425
WBGene00003725.,74,404,478
WBGene00003726.,86,1066,1152
WBGene00003727.,288,457,745
WBGene00003728.,401,2156,2557
WBGene00003729.,19,133,152
WBGene00003730.,4,66,70
WBGene00003731.,55,161,216
WBGene00003732.,59,445,504
WBGene00003733.,44,436,480
WBGene00003734.,3,0,3
WBGene00003735.,199,445,644
WBGene00003736.,52,192,244
WBGene00003738.,53,1094,1147
WBGene00003739.,101,1116,1217
WBGene00003740.,8,432,440
WBGene00003741.,11,3270,3281
WBGene00003742.,0,80,80
WBGene00003743.,154,696,850
WBGene00003744.,290,4945,5235
WBGene00003745.,108,2241,2349
WBGene00003746.,20,2389,2409
WBGene00003747.,31,1251,1282
WBGene00003748.,252,4764,5016
WBGene00003749.,315,5558,5873
WBGene00003750.,289,2558,2847
WBGene00003751.,28,3913,3941
WBGene00003752.,29,2713,2742
WBGene00003753.,1022,5463,6485
WBGene00003754.,61,2055,2116
WBGene00003755.,112,4650,4762
WBGene00003756.,667,19104,19771
WBGene00003757.,46,1080,1126
WBGene00003758.,283,3857,4140
WBGene00003759.,859,5254,6113
WBGene00003760.,7,3,10
WBGene00003761.,0,160,160
WBGene00003762.,716,7012,7728
WBGene00003763.,45,248,293
WBGene00003764.,101,1281,1382
WBGene00003765.,262,3913,4175
WBGene00003766.,55,746,801
WBGene00003767.,346,6994,7340
WBGene00003768.,104,1366,1470
WBGene00003769.,310,4869,5179
WBGene00003770.,3,46,49
WBGene00003771.,3741,19188,22929
WBGene00003772.,45,564,609
WBGene00003773.,120,939,1059
WBGene00003774.,9,60,69
WBGene00003775.,48,116,164
WBGene00003776.,513,6591,7104
WBGene00003777.,219,6367,6586
WBGene00003778.,19,62,81
WBGene00003779.,16,347,363
WBGene00003783.,3,117,120
WBGene00003784.,0,6,6
WBGene00003785.,88,1886,1974
WBGene00003786.,181,1498,1679
WBGene00003787.,30,1443,1473
WBGene00003788.,279,2219,2498
WBGene00003789.,185,1754,1939
WBGene00003790.,56,1242,1298
WBGene00003791.,21,1384,1405
WBGene00003792.,188,2239,2427
WBGene00003793.,71,2289,2360
WBGene00003794.,576,2033,2609
WBGene00003795.,36,3640,3676
WBGene00003796.,111,3139,3250
WBGene00003797.,131,1842,1973
WBGene00003798.,83,2987,3070
WBGene00003799.,542,2451,2993
WBGene00003800.,32,2391,2423
WBGene00003801.,45,1506,1551
WBGene00003802.,21,3670,3691
WBGene00003803.,64,2253,2317
WBGene00003804.,89,1809,1898
WBGene00003805.,44,1533,1577
WBGene00003806.,320,3159,3479
WBGene00003807.,68,305,373
WBGene00003808.,169,854,1023
WBGene00003812.,71,2326,2397
WBGene00003813.,56,251,307
WBGene00003815.,309,5536,5845
WBGene00003816.,2,182,184
WBGene00003818.,245,2992,3237
WBGene00003821.,601,7525,8126
WBGene00003822.,99,1885,1984
WBGene00003825.,206,6965,7171
WBGene00003826.,849,2489,3338
WBGene00003827.,355,2490,2845
WBGene00003828.,40,283,323
WBGene00003829.,14,2875,2889
WBGene00003830.,112,1368,1480
WBGene00003831.,1938,16023,17961
WBGene00003834.,96,2217,2313
WBGene00003835.,10,381,391
WBGene00003836.,581,4200,4781
WBGene00003837.,565,2193,2758
WBGene00003838.,29,96,125
WBGene00003839.,32,124,156
WBGene00003840.,19,75,94
WBGene00003841.,5,13,18
WBGene00003842.,51,241,292
WBGene00003843.,50,655,705
WBGene00003844.,4,1046,1050
WBGene00003845.,0,3,3
WBGene00003846.,0,108,108
WBGene00003847.,175,1477,1652
WBGene00003848.,32,70,102
WBGene00003849.,318,907,1225
WBGene00003850.,21,500,521
WBGene00003851.,118,1806,1924
WBGene00003854.,2,17,19
WBGene00003856.,39,236,275
WBGene00003858.,743,5190,5933
WBGene00003859.,99,836,935
WBGene00003860.,432,3973,4405
WBGene00003861.,33,535,568
WBGene00003862.,40,293,333
WBGene00003863.,5,2,7
WBGene00003864.,1,67,68
WBGene00003865.,2,99,101
WBGene00003868.,125,1375,1500
WBGene00003870.,19,1102,1121
WBGene00003876.,29,289,318
WBGene00003877.,18,208,226
WBGene00003878.,37,516,553
WBGene00003879.,15,363,378
WBGene00003882.,73,630,703
WBGene00003883.,94,380,474
WBGene00003884.,44,229,273
WBGene00003885.,139,452,591
WBGene00003886.,76,276,352
WBGene00003887.,104,663,767
WBGene00003888.,2,37,39
WBGene00003889.,7,44,51
WBGene00003890.,38,257,295
WBGene00003891.,21,3210,3231
WBGene00003892.,89,197,286
WBGene00003893.,19433,206421,225854
WBGene00003898.,119,784,903
WBGene00003901.,107,7973,8080
WBGene00003902.,1738,108245,109983
WBGene00003903.,148,11369,11517
WBGene00003904.,66,5767,5833
WBGene00003905.,594,1593,2187
WBGene00003906.,7,11,18
WBGene00003907.,295,1267,1562
WBGene00003909.,46,564,610
WBGene00003911.,119,1660,1779
WBGene00003912.,12,205,217
WBGene00003914.,334,3375,3709
WBGene00003915.,729,8288,9017
WBGene00003916.,2015,4749,6764
WBGene00003917.,263,382,645
WBGene00003918.,171,1234,1405
WBGene00003919.,150,291,441
WBGene00003920.,472,47817,48289
WBGene00003921.,78,736,814
WBGene00003922.,28,3681,3709
WBGene00003923.,44,8959,9003
WBGene00003924.,25,10614,10639
WBGene00003925.,462,7630,8092
WBGene00003926.,368,11090,11458
WBGene00003927.,66,8095,8161
WBGene00003928.,65,5182,5247
WBGene00003929.,362,7580,7942
WBGene00003930.,176,6531,6707
WBGene00003931.,198,5423,5621
WBGene00003932.,541,6100,6641
WBGene00003933.,77,2045,2122
WBGene00003934.,19087,435148,454235
WBGene00003936.,530,3987,4517
WBGene00003937.,1,7,8
WBGene00003938.,16,25,41
WBGene00003939.,30,288,318
WBGene00003941.,123,624,747
WBGene00003943.,14,79,93
WBGene00003947.,79,7055,7134
WBGene00003948.,10,7665,7675
WBGene00003949.,88,6958,7046
WBGene00003950.,338,8982,9320
WBGene00003951.,238,4804,5042
WBGene00003952.,520,5601,6121
WBGene00003953.,50,9539,9589
WBGene00003954.,372,2175,2547
WBGene00003955.,9,6549,6558
WBGene00003956.,8,261,269
WBGene00003957.,2,95,97
WBGene00003958.,3,243,246
WBGene00003959.,9,124,133
WBGene00003960.,142,1285,1427
WBGene00003961.,548,3816,4364
WBGene00003962.,477,12860,13337
WBGene00003963.,225,44072,44297
WBGene00003964.,1395,33179,34574
WBGene00003965.,61,548,609
WBGene00003966.,837,3168,4005
WBGene00003967.,121,1213,1334
WBGene00003968.,92,680,772
WBGene00003969.,346,876,1222
WBGene00003970.,105,999,1104
WBGene00003975.,194,1259,1453
WBGene00003976.,4,160,164
WBGene00003977.,0,0,0
WBGene00003978.,359,1043,1402
WBGene00003979.,9,374,383
WBGene00003980.,105,599,704
WBGene00003981.,5,8,13
WBGene00003982.,7,2112,2119
WBGene00003983.,1,269,270
WBGene00003986.,67,781,848
WBGene00003987.,1,3,4
WBGene00003989.,49,9856,9905
WBGene00003990.,102,3691,3793
WBGene00003991.,722,7320,8042
WBGene00003992.,20,2025,2045
WBGene00003993.,62,392,454
WBGene00003994.,5,371,376
WBGene00003995.,19,124,143
WBGene00003996.,166,568,734
WBGene00003997.,16,146,162
WBGene00003998.,65,178,243
WBGene00003999.,8,27,35
WBGene00004000.,19,89,108
WBGene00004001.,3,1,4
WBGene00004002.,4,24,28
WBGene00004003.,57,173,230
WBGene00004004.,195,1079,1274
WBGene00004005.,29,57,86
WBGene00004006.,12,79,91
WBGene00004007.,2,4,6
WBGene00004008.,0,172,172
WBGene00004009.,0,2,2
WBGene00004010.,104,697,801
WBGene00004011.,11,74,85
WBGene00004013.,182,871,1053
WBGene00004014.,71,24882,24953
WBGene00004015.,88,22628,22716
WBGene00004016.,146,689,835
WBGene00004017.,6,251,257
WBGene00004020.,26,199,225
WBGene00004023.,107,700,807
WBGene00004024.,26,241,267
WBGene00004025.,221,2285,2506
WBGene00004026.,33,20,53
WBGene00004027.,6,150,156
WBGene00004028.,227,384,611
WBGene00004029.,203,423,626
WBGene00004030.,49,219,268
WBGene00004031.,61,1009,1070
WBGene00004032.,707,4354,5061
WBGene00004033.,392,1488,1880
WBGene00004034.,223,949,1172
WBGene00004035.,140,1321,1461
WBGene00004036.,362,1341,1703
WBGene00004037.,43,253,296
WBGene00004038.,36,555,591
WBGene00004039.,265,3329,3594
WBGene00004040.,231,2605,2836
WBGene00004041.,0,724,724
WBGene00004042.,22,1981,2003
WBGene00004043.,8,267,275
WBGene00004044.,10,306,316
WBGene00004045.,316,783,1099
WBGene00004046.,320,16306,16626
WBGene00004047.,594,1116,1710
WBGene00004048.,49,563,612
WBGene00004049.,304,729,1033
WBGene00004050.,13,977,990
WBGene00004051.,193,1375,1568
WBGene00004052.,2,7,9
WBGene00004053.,138,2523,2661
WBGene00004054.,27,3,30
WBGene00004055.,116,1130,1246
WBGene00004056.,118,993,1111
WBGene00004057.,88,919,1007
WBGene00004058.,10,68,78
WBGene00004059.,97,486,583
WBGene00004060.,323,1536,1859
WBGene00004061.,2,78,80
WBGene00004062.,16,278,294
WBGene00004063.,109,1321,1430
WBGene00004064.,158,1040,1198
WBGene00004068.,66,808,874
WBGene00004075.,82,1282,1364
WBGene00004076.,503,3436,3939
WBGene00004077.,571,3143,3714
WBGene00004078.,0,63,63
WBGene00004083.,37,1459,1496
WBGene00004084.,0,3,3
WBGene00004085.,124,2459,2583
WBGene00004086.,79,375,454
WBGene00004087.,368,2257,2625
WBGene00004088.,336,2553,2889
WBGene00004089.,29,543,572
WBGene00004090.,237,1269,1506
WBGene00004091.,155,2156,2311
WBGene00004092.,50,876,926
WBGene00004093.,10,645,655
WBGene00004094.,51,1646,1697
WBGene00004095.,293,4366,4659
WBGene00004096.,11,314,325
WBGene00004098.,2,5,7
WBGene00004099.,0,73,73
WBGene00004100.,112,633,745
WBGene00004101.,288,2017,2305
WBGene00004102.,18,90,108
WBGene00004103.,4,4,8
WBGene00004104.,13,133,146
WBGene00004105.,134,1425,1559
WBGene00004106.,60,1872,1932
WBGene00004107.,0,6,6
WBGene00004108.,400,1654,2054
WBGene00004109.,339,1679,2018
WBGene00004110.,292,1957,2249
WBGene00004111.,186,1577,1763
WBGene00004112.,476,9458,9934
WBGene00004113.,514,11603,12117
WBGene00004114.,10,491,501
WBGene00004115.,23,79,102
WBGene00004116.,342,1793,2135
WBGene00004117.,401,3232,3633
WBGene00004118.,36,153,189
WBGene00004119.,36,349,385
WBGene00004120.,2,328,330
WBGene00004121.,272,1551,1823
WBGene00004122.,221,2012,2233
WBGene00004123.,23,189,212
WBGene00004124.,65,631,696
WBGene00004125.,124,885,1009
WBGene00004126.,241,1602,1843
WBGene00004127.,20,180,200
WBGene00004128.,1542,6470,8012
WBGene00004129.,39,856,895
WBGene00004130.,851,16728,17579
WBGene00004131.,4058,15490,19548
WBGene00004132.,341,3520,3861
WBGene00004133.,39,466,505
WBGene00004134.,1206,7488,8694
WBGene00004135.,1409,13191,14600
WBGene00004136.,506,5360,5866
WBGene00004138.,454,4320,4774
WBGene00004139.,3,27,30
WBGene00004140.,86,2240,2326
WBGene00004141.,0,3,3
WBGene00004143.,421,15905,16326
WBGene00004144.,51,2160,2211
WBGene00004145.,265,2749,3014
WBGene00004146.,1,156,157
WBGene00004147.,470,2821,3291
WBGene00004148.,273,2161,2434
WBGene00004149.,15,8,23
WBGene00004150.,10,93,103
WBGene00004151.,338,1494,1832
WBGene00004152.,311,6241,6552
WBGene00004153.,1,94,95
WBGene00004154.,59,48,107
WBGene00004155.,11,38,49
WBGene00004156.,23,333,356
WBGene00004157.,65,3233,3298
WBGene00004158.,0,2,2
WBGene00004159.,0,0,0
WBGene00004160.,0,0,0
WBGene00004161.,509,2306,2815
WBGene00004163.,23,32,55
WBGene00004164.,326,2886,3212
WBGene00004165.,16,18,34
WBGene00004166.,348,2650,2998
WBGene00004167.,1498,8113,9611
WBGene00004168.,25,1049,1074
WBGene00004169.,83,382,465
WBGene00004170.,0,2,2
WBGene00004171.,0,1,1
WBGene00004172.,78,782,860
WBGene00004173.,105,1277,1382
WBGene00004174.,7,844,851
WBGene00004175.,12,518,530
WBGene00004176.,1,7,8
WBGene00004177.,1,13,14
WBGene00004178.,59,2169,2228
WBGene00004179.,29,1432,1461
WBGene00004180.,93,1031,1124
WBGene00004181.,154,1069,1223
WBGene00004182.,435,1948,2383
WBGene00004183.,36,122,158
WBGene00004184.,111,3199,3310
WBGene00004185.,84,4975,5059
WBGene00004186.,699,2607,3306
WBGene00004187.,292,10194,10486
WBGene00004188.,133,2003,2136
WBGene00004189.,149,9674,9823
WBGene00004190.,42,440,482
WBGene00004191.,67,95,162
WBGene00004192.,786,1157,1943
WBGene00004193.,27,125,152
WBGene00004194.,29,271,300
WBGene00004195.,17,112,129
WBGene00004196.,0,0,0
WBGene00004197.,15,191,206
WBGene00004198.,25,240,265
WBGene00004199.,5,408,413
WBGene00004201.,54,4916,4970
WBGene00004202.,227,1769,1996
WBGene00004203.,289,3021,3310
WBGene00004204.,724,10971,11695
WBGene00004205.,27,573,600
WBGene00004206.,168,810,978
WBGene00004207.,306,1716,2022
WBGene00004208.,419,6573,6992
WBGene00004209.,0,1,1
WBGene00004210.,158,1343,1501
WBGene00004211.,9,29,38
WBGene00004212.,72,2323,2395
WBGene00004213.,557,1907,2464
WBGene00004214.,88,1712,1800
WBGene00004215.,1174,2602,3776
WBGene00004216.,59,347,406
WBGene00004217.,32,242,274
WBGene00004218.,14,97,111
WBGene00004219.,116,1246,1362
WBGene00004220.,104,780,884
WBGene00004221.,22,255,277
WBGene00004222.,53,1017,1070
WBGene00004223.,14,79,93
WBGene00004224.,87,515,602
WBGene00004225.,92,239,331
WBGene00004226.,144,1664,1808
WBGene00004227.,48,318,366
WBGene00004228.,129,891,1020
WBGene00004229.,30,217,247
WBGene00004230.,74,115,189
WBGene00004231.,65,147,212
WBGene00004232.,85,289,374
WBGene00004233.,25,19,44
WBGene00004234.,13,76,89
WBGene00004235.,45,508,553
WBGene00004236.,54,8,62
WBGene00004237.,96,829,925
WBGene00004238.,295,1206,1501
WBGene00004239.,1,78,79
WBGene00004240.,14,5,19
WBGene00004241.,0,82,82
WBGene00004242.,6,54,60
WBGene00004243.,4,38,42
WBGene00004244.,52,605,657
WBGene00004245.,260,3671,3931
WBGene00004246.,3,21,24
WBGene00004248.,19,2042,2061
WBGene00004249.,454,3926,4380
WBGene00004254.,311,1620,1931
WBGene00004255.,28,136,164
WBGene00004256.,159,911,1070
WBGene00004257.,92,459,551
WBGene00004258.,480,11087,11567
WBGene00004259.,34,1423,1457
WBGene00004264.,30,1048,1078
WBGene00004265.,268,482,750
WBGene00004266.,160,13303,13463
WBGene00004267.,175,4014,4189
WBGene00004268.,230,6512,6742
WBGene00004269.,75,1523,1598
WBGene00004270.,70,3911,3981
WBGene00004271.,201,2005,2206
WBGene00004272.,44,3844,3888
WBGene00004273.,79,5589,5668
WBGene00004274.,122,16040,16162
WBGene00004275.,37,89,126
WBGene00004276.,129,2737,2866
WBGene00004277.,204,2072,2276
WBGene00004278.,397,4203,4600
WBGene00004279.,29,389,418
WBGene00004281.,48,386,434
WBGene00004282.,279,924,1203
WBGene00004283.,52,321,373
WBGene00004284.,63,1249,1312
WBGene00004285.,114,476,590
WBGene00004286.,41,1498,1539
WBGene00004287.,1,1,2
WBGene00004296.,208,2844,3052
WBGene00004297.,95,811,906
WBGene00004298.,76,184,260
WBGene00004300.,3,13362,13365
WBGene00004301.,29,68,97
WBGene00004302.,1143,36805,37948
WBGene00004303.,73,1739,1812
WBGene00004304.,233,3278,3511
WBGene00004305.,117,7496,7613
WBGene00004306.,227,2058,2285
WBGene00004307.,128,3641,3769
WBGene00004308.,75,1842,1917
WBGene00004309.,20,55,75
WBGene00004310.,393,3517,3910
WBGene00004311.,409,2117,2526
WBGene00004312.,218,1450,1668
WBGene00004313.,170,2412,2582
WBGene00004314.,724,1288,2012
WBGene00004315.,128,4978,5106
WBGene00004316.,960,1334,2294
WBGene00004317.,127,1013,1140
WBGene00004318.,271,1725,1996
WBGene00004319.,158,3482,3640
WBGene00004320.,330,5347,5677
WBGene00004321.,23,2957,2980
WBGene00004322.,124,1292,1416
WBGene00004323.,280,1970,2250
WBGene00004324.,72,577,649
WBGene00004326.,64,3370,3434
WBGene00004328.,24,141,165
WBGene00004332.,32,308,340
WBGene00004333.,63,454,517
WBGene00004334.,3,156,159
WBGene00004335.,94,970,1064
WBGene00004336.,1145,16226,17371
WBGene00004337.,393,3128,3521
WBGene00004338.,169,922,1091
WBGene00004339.,83,718,801
WBGene00004340.,235,2167,2402
WBGene00004341.,94,904,998
WBGene00004342.,17,47,64
WBGene00004343.,225,1839,2064
WBGene00004344.,45,1056,1101
WBGene00004345.,538,1009,1547
WBGene00004346.,46,410,456
WBGene00004347.,1490,723,2213
WBGene00004348.,53,969,1022
WBGene00004349.,441,1137,1578
WBGene00004350.,183,998,1181
WBGene00004351.,0,0,0
WBGene00004352.,1,2,3
WBGene00004353.,3,23,26
WBGene00004354.,3,40,43
WBGene00004355.,68,1804,1872
WBGene00004356.,14,1448,1462
WBGene00004357.,1421,12130,13551
WBGene00004358.,313,2776,3089
WBGene00004359.,45,219,264
WBGene00004360.,81,593,674
WBGene00004361.,33,375,408
WBGene00004363.,96,3897,3993
WBGene00004364.,399,7642,8041
WBGene00004367.,300,1383,1683
WBGene00004368.,186,956,1142
WBGene00004369.,95,1154,1249
WBGene00004370.,46,786,832
WBGene00004371.,156,1935,2091
WBGene00004372.,54,106,160
WBGene00004373.,414,4455,4869
WBGene00004374.,20,140,160
WBGene00004375.,156,830,986
WBGene00004377.,84,641,725
WBGene00004378.,226,2364,2590
WBGene00004380.,36,439,475
WBGene00004381.,83,1066,1149
WBGene00004382.,499,3443,3942
WBGene00004383.,44,1045,1089
WBGene00004384.,662,1304,1966
WBGene00004385.,163,2895,3058
WBGene00004386.,162,2148,2310
WBGene00004387.,243,10486,10729
WBGene00004388.,240,3668,3908
WBGene00004389.,327,3158,3485
WBGene00004390.,770,5670,6440
WBGene00004391.,91,5082,5173
WBGene00004392.,106,5248,5354
WBGene00004393.,374,644,1018
WBGene00004394.,2,0,2
WBGene00004395.,65,705,770
WBGene00004397.,77,1121,1198
WBGene00004398.,234,4029,4263
WBGene00004400.,4,297,301
WBGene00004401.,107,489,596
WBGene00004402.,14,10,24
WBGene00004403.,320,904,1224
WBGene00004404.,127,592,719
WBGene00004405.,20,1873,1893
WBGene00004408.,237,342154,342391
WBGene00004409.,12497,151888,164385
WBGene00004410.,38369,183237,221606
WBGene00004411.,177,2433,2610
WBGene00004412.,36440,284588,321028
WBGene00004413.,559,216109,216668
WBGene00004414.,12070,308618,320688
WBGene00004415.,330,153764,154094
WBGene00004416.,18485,309129,327614
WBGene00004417.,18664,269866,288530
WBGene00004418.,40054,321536,361590
WBGene00004419.,42402,393619,436021
WBGene00004420.,28408,266602,295010
WBGene00004421.,13908,352206,366114
WBGene00004422.,1486,22648,24134
WBGene00004423.,31746,313108,344854
WBGene00004424.,57906,487374,545280
WBGene00004425.,18235,317800,336035
WBGene00004426.,23291,263919,287210
WBGene00004427.,2689,300802,303491
WBGene00004428.,23025,306648,329673
WBGene00004429.,59560,275823,335383
WBGene00004430.,33643,297289,330932
WBGene00004431.,19850,335038,354888
WBGene00004432.,1675,267711,269386
WBGene00004433.,14627,307341,321968
WBGene00004434.,17376,249390,266766
WBGene00004435.,17488,273482,290970
WBGene00004436.,32184,333577,365761
WBGene00004437.,1111,16776,17887
WBGene00004438.,5357,47411,52768
WBGene00004439.,12806,106074,118880
WBGene00004440.,7376,243327,250703
WBGene00004441.,38618,142878,181496
WBGene00004442.,18414,187987,206401
WBGene00004443.,107811,66082,173893
WBGene00004444.,17653,166542,184195
WBGene00004445.,11836,229306,241142
WBGene00004446.,48804,366657,415461
WBGene00004447.,35488,256512,292000
WBGene00004448.,11283,216746,228029
WBGene00004449.,25371,288393,313764
WBGene00004450.,12382,288516,300898
WBGene00004451.,0,100,100
WBGene00004452.,11464,259437,270901
WBGene00004453.,5242,188520,193762
WBGene00004454.,22820,230525,253345
WBGene00004455.,4,39,43
WBGene00004456.,0,237231,237231
WBGene00004457.,19,877,896
WBGene00004458.,174,4666,4840
WBGene00004459.,24,3968,3992
WBGene00004460.,77,7662,7739
WBGene00004461.,69,4997,5066
WBGene00004462.,175,4180,4355
WBGene00004463.,157,6257,6414
WBGene00004464.,453,6761,7214
WBGene00004465.,279,4573,4852
WBGene00004466.,71,3596,3667
WBGene00004467.,41,6023,6064
WBGene00004468.,373,3943,4316
WBGene00004469.,2922,250800,253722
WBGene00004470.,12297,322193,334490
WBGene00004471.,101,224761,224862
WBGene00004472.,24102,304159,328261
WBGene00004473.,20466,279985,300451
WBGene00004474.,33900,334047,367947
WBGene00004475.,8258,161095,169353
WBGene00004476.,36612,290788,327400
WBGene00004477.,31427,358824,390251
WBGene00004478.,26149,395417,421566
WBGene00004479.,21780,290231,312011
WBGene00004480.,44866,329840,374706
WBGene00004481.,5883,274780,280663
WBGene00004482.,23370,254240,277610
WBGene00004483.,37054,384340,421394
WBGene00004484.,24806,291249,316055
WBGene00004485.,4222,111378,115600
WBGene00004486.,14495,202380,216875
WBGene00004487.,36883,312275,349158
WBGene00004488.,26462,289483,315945
WBGene00004489.,25856,263206,289062
WBGene00004490.,62572,131273,193845
WBGene00004491.,2546,195751,198297
WBGene00004492.,30217,372276,402493
WBGene00004493.,17823,277597,295420
WBGene00004494.,48415,449161,497576
WBGene00004495.,14385,308871,323256
WBGene00004496.,24269,221020,245289
WBGene00004497.,6645,169470,176115
WBGene00004498.,110281,113088,223369
WBGene00004499.,31996,262169,294165
WBGene00004501.,83,3147,3230
WBGene00004502.,120,5910,6030
WBGene00004503.,8,3835,3843
WBGene00004504.,831,6499,7330
WBGene00004505.,53,3784,3837
WBGene00004506.,57,6295,6352
WBGene00004507.,49,1481,1530
WBGene00004508.,75,1437,1512
WBGene00004509.,50,227,277
WBGene00004510.,32,790,822
WBGene00004512.,0,0,0
WBGene00004513.,0,0,0
WBGene00004567.,0,386814,386814
WBGene00004622.,0,10533625,10533625
WBGene00004677.,0,143621,143621
WBGene00004679.,445,4324,4769
WBGene00004680.,86,514,600
WBGene00004681.,653,1752,2405
WBGene00004682.,131,1399,1530
WBGene00004684.,105,1490,1595
WBGene00004698.,14,10150,10164
WBGene00004699.,173,5734,5907
WBGene00004700.,602,16921,17523
WBGene00004701.,21,5242,5263
WBGene00004702.,27,5655,5682
WBGene00004703.,429,16143,16572
WBGene00004704.,161,5860,6021
WBGene00004705.,318,5550,5868
WBGene00004706.,227,2583,2810
WBGene00004708.,0,0,0
WBGene00004716.,0,3,3
WBGene00004717.,0,0,0
WBGene00004719.,258,1084,1342
WBGene00004721.,66,651,717
WBGene00004723.,106,1922,2028
WBGene00004726.,41,895,936
WBGene00004727.,148,1131,1279
WBGene00004728.,393,2338,2731
WBGene00004729.,274,2110,2384
WBGene00004732.,799,5090,5889
WBGene00004735.,138,392,530
WBGene00004736.,2113,55471,57584
WBGene00004737.,3,1053,1056
WBGene00004738.,69,2991,3060
WBGene00004739.,1429,6716,8145
WBGene00004740.,178,1009,1187
WBGene00004742.,16,47,63
WBGene00004743.,541,2215,2756
WBGene00004744.,65,992,1057
WBGene00004745.,48,535,583
WBGene00004746.,46,1748,1794
WBGene00004747.,63,754,817
WBGene00004748.,92,754,846
WBGene00004749.,153,4652,4805
WBGene00004750.,1,1,2
WBGene00004751.,1120,3257,4377
WBGene00004752.,105,1214,1319
WBGene00004753.,153,918,1071
WBGene00004754.,803,3337,4140
WBGene00004755.,76,3934,4010
WBGene00004756.,53,1483,1536
WBGene00004758.,112,1718,1830
WBGene00004759.,113,2254,2367
WBGene00004760.,501,3159,3660
WBGene00004762.,197,1343,1540
WBGene00004764.,42,461,503
WBGene00004765.,421,531,952
WBGene00004766.,325,8507,8832
WBGene00004767.,72,1407,1479
WBGene00004768.,23,1416,1439
WBGene00004769.,19,626,645
WBGene00004771.,91,665,756
WBGene00004773.,724,3905,4629
WBGene00004774.,50,1789,1839
WBGene00004775.,22,465,487
WBGene00004776.,107,86,193
WBGene00004777.,255,807,1062
WBGene00004778.,55,764,819
WBGene00004779.,330,1437,1767
WBGene00004780.,84,185,269
WBGene00004781.,42,1965,2007
WBGene00004782.,130,1738,1868
WBGene00004783.,963,4051,5014
WBGene00004786.,42,264,306
WBGene00004787.,141,569,710
WBGene00004788.,76,5583,5659
WBGene00004789.,31,143,174
WBGene00004790.,552,3815,4367
WBGene00004793.,199,228,427
WBGene00004795.,32,391,423
WBGene00004796.,21,81,102
WBGene00004798.,389,5370,5759
WBGene00004800.,101,2181,2282
WBGene00004801.,162,2103,2265
WBGene00004802.,24,68,92
WBGene00004803.,68,297,365
WBGene00004804.,547,3531,4078
WBGene00004806.,312,2090,2402
WBGene00004807.,70,17040,17110
WBGene00004808.,24,1996,2020
WBGene00004809.,233,2330,2563
WBGene00004810.,1,37,38
WBGene00004811.,0,3,3
WBGene00004812.,0,1,1
WBGene00004813.,0,2,2
WBGene00004814.,0,2,2
WBGene00004815.,0,0,0
WBGene00004816.,0,418,418
WBGene00004817.,0,5,5
WBGene00004818.,0,5,5
WBGene00004819.,0,2,2
WBGene00004820.,0,0,0
WBGene00004821.,0,2,2
WBGene00004822.,0,1116,1116
WBGene00004823.,0,356,356
WBGene00004824.,151,950,1101
WBGene00004825.,0,240,240
WBGene00004826.,0,1043,1043
WBGene00004827.,0,398,398
WBGene00004829.,291,1901,2192
WBGene00004830.,282,2241,2523
WBGene00004831.,397,1131,1528
WBGene00004833.,0,289,289
WBGene00004834.,0,19,19
WBGene00004835.,0,20,20
WBGene00004836.,0,1403,1403
WBGene00004837.,0,0,0
WBGene00004838.,0,0,0
WBGene00004839.,0,42,42
WBGene00004840.,0,60,60
WBGene00004841.,0,62,62
WBGene00004842.,0,9,9
WBGene00004843.,0,2,2
WBGene00004844.,0,5,5
WBGene00004845.,0,26,26
WBGene00004846.,0,8,8
WBGene00004847.,0,0,0
WBGene00004848.,0,9,9
WBGene00004849.,0,78,78
WBGene00004850.,0,0,0
WBGene00004851.,0,6,6
WBGene00004854.,232,1796,2028
WBGene00004855.,442,6766,7208
WBGene00004856.,278,764,1042
WBGene00004857.,92,619,711
WBGene00004858.,116,586,702
WBGene00004859.,62,446,508
WBGene00004860.,98,907,1005
WBGene00004862.,793,3982,4775
WBGene00004873.,635,4429,5064
WBGene00004874.,164,4053,4217
WBGene00004875.,2,110,112
WBGene00004876.,11,177,188
WBGene00004877.,4,3,7
WBGene00004878.,10,8,18
WBGene00004879.,281,2053,2334
WBGene00004880.,174,2534,2708
WBGene00004881.,246,1511,1757
WBGene00004882.,49,1620,1669
WBGene00004883.,6,423,429
WBGene00004884.,300,2540,2840
WBGene00004885.,22,456,478
WBGene00004886.,65,533,598
WBGene00004887.,140,3053,3193
WBGene00004888.,1650,26265,27915
WBGene00004889.,200,2013,2213
WBGene00004890.,62,361,423
WBGene00004891.,118,3361,3479
WBGene00004892.,584,2864,3448
WBGene00004893.,78,1068,1146
WBGene00004894.,708,922,1630
WBGene00004895.,3342,1813,5155
WBGene00004896.,983,3745,4728
WBGene00004897.,17,12420,12437
WBGene00004898.,32,343,375
WBGene00004899.,12,1,13
WBGene00004900.,62,1652,1714
WBGene00004901.,1,3,4
WBGene00004902.,147,2952,3099
WBGene00004903.,2,4,6
WBGene00004904.,4,4,8
WBGene00004905.,168,398,566
WBGene00004906.,29,14,43
WBGene00004907.,29,124,153
WBGene00004908.,1,2,3
WBGene00004909.,3,3,6
WBGene00004910.,77,2753,2830
WBGene00004911.,8,181,189
WBGene00004912.,65,1129,1194
WBGene00004913.,148,936,1084
WBGene00004914.,220,13496,13716
WBGene00004915.,22,13831,13853
WBGene00004916.,353,12954,13307
WBGene00004917.,228,11843,12071
WBGene00004918.,1403,11224,12627
WBGene00004919.,365,10347,10712
WBGene00004920.,1204,13895,15099
WBGene00004921.,370,3790,4160
WBGene00004922.,255,725,980
WBGene00004923.,813,1879,2692
WBGene00004924.,329,5880,6209
WBGene00004925.,294,479,773
WBGene00004926.,33,725,758
WBGene00004927.,117,2037,2154
WBGene00004928.,68,476,544
WBGene00004929.,906,2827,3733
WBGene00004930.,629,11964,12593
WBGene00004931.,598,5765,6363
WBGene00004932.,2,9,11
WBGene00004933.,116,616,732
WBGene00004944.,191,627,818
WBGene00004945.,86,1538,1624
WBGene00004946.,306,2070,2376
WBGene00004947.,1666,3708,5374
WBGene00004949.,261,1039,1300
WBGene00004950.,5,329,334
WBGene00004951.,286,12187,12473
WBGene00004952.,7,1088,1095
WBGene00004953.,67,1135,1202
WBGene00004954.,30,225,255
WBGene00004955.,273,3764,4037
WBGene00004958.,10,61,71
WBGene00004959.,10,196,206
WBGene00004960.,19,76,95
WBGene00004962.,3,0,3
WBGene00004963.,17,31,48
WBGene00004964.,1,13,14
WBGene00004965.,4,0,4
WBGene00004966.,2,5,7
WBGene00004969.,115,287,402
WBGene00004971.,1,7,8
WBGene00004972.,4,47,51
WBGene00004973.,3,2,5
WBGene00004974.,16,63,79
WBGene00004975.,14,574,588
WBGene00004976.,4,13,17
WBGene00004978.,672,5222,5894
WBGene00004979.,143,909,1052
WBGene00004980.,381,10111,10492
WBGene00004981.,39,935,974
WBGene00004984.,8,307,315
WBGene00004985.,26,305,331
WBGene00004986.,38,331,369
WBGene00004987.,46,442,488
WBGene00004988.,72,837,909
WBGene00004989.,7,103,110
WBGene00004990.,248,2523,2771
WBGene00004991.,2,5,7
WBGene00004992.,5,4,9
WBGene00004993.,32,207,239
WBGene00004994.,0,11,11
WBGene00004995.,2637,13970,16607
WBGene00004996.,7,2,9
WBGene00004997.,3,31,34
WBGene00004998.,41,290,331
WBGene00004999.,208,3105,3313
WBGene00005000.,1178,15470,16648
WBGene00005001.,22,205,227
WBGene00005002.,144,2336,2480
WBGene00005003.,44,412,456
WBGene00005004.,129,1157,1286
WBGene00005005.,0,2,2
WBGene00005006.,93,903,996
WBGene00005007.,57,2900,2957
WBGene00005008.,6,242,248
WBGene00005009.,40,2195,2235
WBGene00005010.,354,1368,1722
WBGene00005011.,106,592,698
WBGene00005012.,4,2,6
WBGene00005013.,1,27,28
WBGene00005014.,29,1216,1245
WBGene00005015.,160,3154,3314
WBGene00005016.,0,5006,5006
WBGene00005017.,147,1866,2013
WBGene00005018.,150,4514,4664
WBGene00005019.,49,992,1041
WBGene00005020.,201,313,514
WBGene00005021.,20,372,392
WBGene00005022.,27,2086,2113
WBGene00005023.,116,1480,1596
WBGene00005024.,271,600,871
WBGene00005025.,68,605,673
WBGene00005026.,116,1027,1143
WBGene00005027.,0,3,3
WBGene00005028.,0,1,1
WBGene00005029.,4,7,11
WBGene00005030.,1,5,6
WBGene00005031.,3,3,6
WBGene00005032.,0,11,11
WBGene00005033.,1,15,16
WBGene00005034.,1,1,2
WBGene00005035.,1,6,7
WBGene00005036.,10,64,74
WBGene00005037.,6,28,34
WBGene00005038.,2,8,10
WBGene00005039.,0,4,4
WBGene00005040.,3,20,23
WBGene00005041.,1,6,7
WBGene00005042.,2,3,5
WBGene00005043.,0,7,7
WBGene00005044.,0,0,0
WBGene00005045.,1,1,2
WBGene00005046.,0,4,4
WBGene00005047.,8,14,22
WBGene00005048.,1,4,5
WBGene00005049.,0,1,1
WBGene00005050.,0,2,2
WBGene00005051.,2,8,10
WBGene00005052.,4,9,13
WBGene00005053.,2,4,6
WBGene00005054.,1,0,1
WBGene00005055.,5,5,10
WBGene00005056.,37,4,41
WBGene00005057.,6,13,19
WBGene00005058.,4,7,11
WBGene00005059.,2,11,13
WBGene00005060.,4,9,13
WBGene00005061.,15,4,19
WBGene00005062.,4,8,12
WBGene00005063.,6,73,79
WBGene00005064.,0,7,7
WBGene00005065.,9,5,14
WBGene00005066.,0,1,1
WBGene00005067.,0,10,10
WBGene00005068.,0,4,4
WBGene00005069.,1,1,2
WBGene00005070.,0,14,14
WBGene00005071.,2,1,3
WBGene00005072.,5,3,8
WBGene00005073.,0,0,0
WBGene00005074.,0,1,1
WBGene00005075.,2,2,4
WBGene00005076.,1,0,1
WBGene00005077.,173,1138,1311
WBGene00005078.,71,469,540
WBGene00005079.,7,9,16
WBGene00005080.,3,0,3
WBGene00005081.,11,20,31
WBGene00005082.,0,3,3
WBGene00005083.,6,10,16
WBGene00005084.,3,3,6
WBGene00005085.,4,3,7
WBGene00005086.,2,8,10
WBGene00005087.,0,5,5
WBGene00005088.,2,8,10
WBGene00005089.,8,20,28
WBGene00005090.,4,12,16
WBGene00005091.,1,0,1
WBGene00005092.,39,69,108
WBGene00005093.,1,14,15
WBGene00005094.,3,3,6
WBGene00005095.,1,14,15
WBGene00005096.,2,24,26
WBGene00005097.,1,6,7
WBGene00005098.,0,1,1
WBGene00005099.,0,3,3
WBGene00005100.,0,0,0
WBGene00005101.,15,178,193
WBGene00005102.,0,4,4
WBGene00005103.,0,5,5
WBGene00005104.,0,2,2
WBGene00005105.,0,16,16
WBGene00005106.,0,1,1
WBGene00005107.,6,57,63
WBGene00005108.,0,72,72
WBGene00005109.,1,6,7
WBGene00005110.,89,193,282
WBGene00005111.,16,191,207
WBGene00005112.,1,3,4
WBGene00005113.,19,77,96
WBGene00005114.,0,4,4
WBGene00005115.,0,1,1
WBGene00005116.,10,3,13
WBGene00005117.,2,0,2
WBGene00005118.,1,6,7
WBGene00005119.,2,4,6
WBGene00005120.,4,23,27
WBGene00005121.,1,4,5
WBGene00005122.,2,3,5
WBGene00005123.,2,3,5
WBGene00005124.,0,5,5
WBGene00005125.,1,2,3
WBGene00005126.,0,10,10
WBGene00005127.,33,125,158
WBGene00005128.,47,13,60
WBGene00005129.,45,120,165
WBGene00005130.,2,6,8
WBGene00005131.,22,83,105
WBGene00005132.,7,16,23
WBGene00005133.,15,13,28
WBGene00005134.,0,0,0
WBGene00005135.,0,1,1
WBGene00005136.,0,0,0
WBGene00005137.,0,0,0
WBGene00005138.,0,0,0
WBGene00005139.,0,0,0
WBGene00005140.,3,7,10
WBGene00005141.,2,3,5
WBGene00005142.,3,4,7
WBGene00005143.,18,2,20
WBGene00005144.,4,11,15
WBGene00005145.,1,4,5
WBGene00005146.,2,3,5
WBGene00005147.,15,150,165
WBGene00005148.,0,0,0
WBGene00005149.,9,34,43
WBGene00005150.,38,88,126
WBGene00005153.,117,393,510
WBGene00005159.,1,2,3
WBGene00005160.,2,4,6
WBGene00005161.,5,0,5
WBGene00005162.,23,54,77
WBGene00005163.,4,43,47
WBGene00005164.,4,0,4
WBGene00005165.,1,1,2
WBGene00005166.,0,2,2
WBGene00005167.,0,1,1
WBGene00005168.,3,14,17
WBGene00005169.,6,10,16
WBGene00005170.,7,22,29
WBGene00005171.,2,13,15
WBGene00005172.,3,14,17
WBGene00005173.,1,0,1
WBGene00005174.,49,110,159
WBGene00005175.,3,10,13
WBGene00005176.,12,6,18
WBGene00005177.,5,6,11
WBGene00005178.,3,5,8
WBGene00005179.,4,1,5
WBGene00005180.,5,7,12
WBGene00005181.,6,2,8
WBGene00005182.,13,54,67
WBGene00005183.,7,14,21
WBGene00005184.,2,11,13
WBGene00005185.,4,3,7
WBGene00005186.,11,18,29
WBGene00005187.,1,38,39
WBGene00005188.,1,4,5
WBGene00005189.,1,6,7
WBGene00005190.,3,6,9
WBGene00005191.,8,20,28
WBGene00005192.,2,5,7
WBGene00005193.,54,0,54
WBGene00005194.,1,5,6
WBGene00005195.,10,13,23
WBGene00005196.,1,4,5
WBGene00005197.,1,39,40
WBGene00005198.,1,11,12
WBGene00005199.,3,7,10
WBGene00005200.,2,2,4
WBGene00005201.,2,0,2
WBGene00005202.,9,9,18
WBGene00005203.,0,11,11
WBGene00005204.,2,7,9
WBGene00005205.,5,11,16
WBGene00005206.,0,10,10
WBGene00005207.,1,16,17
WBGene00005208.,15,55,70
WBGene00005210.,1,11,12
WBGene00005211.,7,7,14
WBGene00005212.,7,7,14
WBGene00005213.,10,20,30
WBGene00005214.,3,1,4
WBGene00005215.,0,2,2
WBGene00005216.,4,1,5
WBGene00005217.,0,2,2
WBGene00005218.,2,6,8
WBGene00005219.,14,21,35
WBGene00005220.,0,0,0
WBGene00005221.,8,3,11
WBGene00005222.,4,8,12
WBGene00005223.,0,0,0
WBGene00005224.,4,1,5
WBGene00005225.,1,1,2
WBGene00005226.,15,43,58
WBGene00005227.,0,1,1
WBGene00005228.,854,133,987
WBGene00005229.,2,3,5
WBGene00005230.,0,0,0
WBGene00005231.,0,9,9
WBGene00005232.,0,1,1
WBGene00005233.,1,5,6
WBGene00005234.,1,7,8
WBGene00005235.,1,1,2
WBGene00005236.,2,10,12
WBGene00005237.,2,6,8
WBGene00005238.,0,0,0
WBGene00005239.,2,0,2
WBGene00005240.,3,10,13
WBGene00005241.,6,19,25
WBGene00005242.,2,17,19
WBGene00005243.,6,31,37
WBGene00005244.,9,3,12
WBGene00005245.,2,7,9
WBGene00005246.,1,11,12
WBGene00005247.,2,6,8
WBGene00005248.,1,2,3
WBGene00005249.,1,2,3
WBGene00005250.,0,5,5
WBGene00005251.,15,41,56
WBGene00005252.,5,11,16
WBGene00005253.,25,145,170
WBGene00005254.,2,8,10
WBGene00005255.,0,4,4
WBGene00005256.,0,1,1
WBGene00005257.,0,14,14
WBGene00005258.,6,26,32
WBGene00005259.,1,1,2
WBGene00005260.,1,2,3
WBGene00005261.,3,6,9
WBGene00005262.,6,12,18
WBGene00005263.,0,4,4
WBGene00005264.,1,4,5
WBGene00005265.,4,11,15
WBGene00005266.,0,4,4
WBGene00005267.,5,11,16
WBGene00005268.,0,4,4
WBGene00005269.,3,43,46
WBGene00005270.,0,2,2
WBGene00005271.,13,9,22
WBGene00005272.,1,3,4
WBGene00005273.,1,3,4
WBGene00005274.,0,1,1
WBGene00005275.,1,4,5
WBGene00005276.,0,2,2
WBGene00005277.,0,2,2
WBGene00005278.,1,1,2
WBGene00005279.,3,14,17
WBGene00005280.,0,0,0
WBGene00005281.,1,5,6
WBGene00005282.,3,2,5
WBGene00005283.,2,20,22
WBGene00005284.,1,1,2
WBGene00005285.,2,2,4
WBGene00005286.,0,1,1
WBGene00005287.,1,1,2
WBGene00005288.,0,2,2
WBGene00005289.,0,26,26
WBGene00005290.,2,31,33
WBGene00005291.,0,6,6
WBGene00005292.,2,28,30
WBGene00005293.,0,21,21
WBGene00005294.,0,1,1
WBGene00005295.,4,3,7
WBGene00005296.,4,10,14
WBGene00005297.,1,6,7
WBGene00005298.,10,7,17
WBGene00005299.,17,34,51
WBGene00005300.,0,4,4
WBGene00005301.,2,1,3
WBGene00005302.,0,0,0
WBGene00005303.,1,3,4
WBGene00005304.,0,3,3
WBGene00005305.,4,6,10
WBGene00005306.,1,4,5
WBGene00005307.,5,3,8
WBGene00005308.,4,4,8
WBGene00005309.,2,0,2
WBGene00005310.,2,8,10
WBGene00005311.,41,30,71
WBGene00005312.,1,6,7
WBGene00005313.,1,7,8
WBGene00005314.,0,0,0
WBGene00005315.,1,3,4
WBGene00005316.,6,3,9
WBGene00005317.,0,1,1
WBGene00005318.,5,4,9
WBGene00005319.,2,5,7
WBGene00005320.,0,2,2
WBGene00005321.,1,2,3
WBGene00005322.,0,1,1
WBGene00005323.,1,2,3
WBGene00005324.,71,10,81
WBGene00005325.,0,1,1
WBGene00005326.,0,1,1
WBGene00005327.,0,4,4
WBGene00005328.,3,1,4
WBGene00005329.,0,1,1
WBGene00005330.,0,4,4
WBGene00005331.,0,1,1
WBGene00005332.,0,4,4
WBGene00005333.,1,3,4
WBGene00005334.,0,1,1
WBGene00005335.,1,5,6
WBGene00005336.,3,3,6
WBGene00005337.,3,4,7
WBGene00005338.,0,6,6
WBGene00005339.,3,2,5
WBGene00005340.,0,0,0
WBGene00005341.,1,6,7
WBGene00005342.,0,28,28
WBGene00005343.,13,35,48
WBGene00005344.,15,15,30
WBGene00005345.,11,12,23
WBGene00005346.,3,22,25
WBGene00005347.,1,18,19
WBGene00005348.,1,11,12
WBGene00005349.,0,2,2
WBGene00005350.,0,6,6
WBGene00005351.,9,2,11
WBGene00005352.,1,1,2
WBGene00005353.,5,55,60
WBGene00005354.,0,0,0
WBGene00005355.,0,0,0
WBGene00005356.,0,2,2
WBGene00005357.,6,2,8
WBGene00005358.,0,0,0
WBGene00005359.,2,6,8
WBGene00005360.,0,2,2
WBGene00005361.,0,0,0
WBGene00005362.,2,6,8
WBGene00005363.,4,12,16
WBGene00005364.,1,7,8
WBGene00005365.,0,1,1
WBGene00005366.,0,12,12
WBGene00005367.,0,1,1
WBGene00005368.,0,1,1
WBGene00005369.,0,0,0
WBGene00005370.,0,2,2
WBGene00005371.,5,7,12
WBGene00005372.,5,1,6
WBGene00005373.,0,1,1
WBGene00005374.,0,2,2
WBGene00005375.,0,3,3
WBGene00005376.,0,2,2
WBGene00005377.,0,1,1
WBGene00005378.,2,0,2
WBGene00005379.,0,2,2
WBGene00005380.,1,4,5
WBGene00005381.,6,20,26
WBGene00005382.,5,3,8
WBGene00005383.,1,8,9
WBGene00005384.,0,9,9
WBGene00005385.,4,6,10
WBGene00005386.,4,14,18
WBGene00005387.,18,10,28
WBGene00005388.,5,9,14
WBGene00005389.,1,2,3
WBGene00005390.,1,3,4
WBGene00005391.,0,1,1
WBGene00005392.,2,2,4
WBGene00005393.,0,12,12
WBGene00005394.,1,1,2
WBGene00005395.,0,1,1
WBGene00005396.,1,2,3
WBGene00005397.,5,12,17
WBGene00005398.,28,0,28
WBGene00005399.,0,5,5
WBGene00005400.,0,0,0
WBGene00005401.,0,4,4
WBGene00005402.,0,4,4
WBGene00005403.,5,83,88
WBGene00005404.,0,2,2
WBGene00005405.,22,22,44
WBGene00005406.,2,5,7
WBGene00005407.,0,2,2
WBGene00005408.,1,2,3
WBGene00005409.,0,6,6
WBGene00005410.,2,8,10
WBGene00005411.,1,29,30
WBGene00005412.,4,3,7
WBGene00005413.,0,1,1
WBGene00005414.,1,1,2
WBGene00005415.,2,4,6
WBGene00005416.,0,3,3
WBGene00005417.,0,7,7
WBGene00005418.,1,9,10
WBGene00005419.,0,6,6
WBGene00005420.,5,20,25
WBGene00005421.,6,5,11
WBGene00005422.,2,17,19
WBGene00005423.,4,10,14
WBGene00005424.,2,3,5
WBGene00005425.,0,0,0
WBGene00005426.,1,1,2
WBGene00005427.,2,7,9
WBGene00005428.,3,3,6
WBGene00005429.,4,2,6
WBGene00005430.,0,1,1
WBGene00005431.,2,6,8
WBGene00005432.,1,1,2
WBGene00005433.,6,0,6
WBGene00005434.,14,4,18
WBGene00005435.,0,0,0
WBGene00005436.,0,2,2
WBGene00005437.,1,2,3
WBGene00005438.,2,18,20
WBGene00005439.,1,1,2
WBGene00005440.,0,4,4
WBGene00005441.,4,9,13
WBGene00005442.,2,1,3
WBGene00005443.,1,4,5
WBGene00005444.,2,15,17
WBGene00005445.,22,0,22
WBGene00005446.,0,4,4
WBGene00005447.,2,3,5
WBGene00005448.,0,4,4
WBGene00005449.,0,1,1
WBGene00005450.,0,8,8
WBGene00005451.,0,1,1
WBGene00005452.,0,1,1
WBGene00005453.,0,0,0
WBGene00005454.,1,0,1
WBGene00005455.,0,5,5
WBGene00005456.,0,0,0
WBGene00005457.,1,1,2
WBGene00005458.,0,1,1
WBGene00005459.,0,4,4
WBGene00005460.,2,0,2
WBGene00005461.,2,3,5
WBGene00005462.,0,0,0
WBGene00005463.,32,1,33
WBGene00005464.,3,2,5
WBGene00005465.,0,0,0
WBGene00005466.,0,0,0
WBGene00005467.,4,0,4
WBGene00005468.,8,0,8
WBGene00005469.,1,0,1
WBGene00005470.,1,2,3
WBGene00005471.,0,0,0
WBGene00005472.,2,8,10
WBGene00005473.,3,2,5
WBGene00005474.,1,2,3
WBGene00005475.,15,5,20
WBGene00005476.,0,0,0
WBGene00005477.,6,36,42
WBGene00005478.,0,0,0
WBGene00005479.,0,0,0
WBGene00005480.,1,4,5
WBGene00005481.,4,31,35
WBGene00005482.,0,24,24
WBGene00005483.,0,2,2
WBGene00005484.,0,14,14
WBGene00005485.,5,3,8
WBGene00005486.,0,1,1
WBGene00005487.,1,1,2
WBGene00005488.,2,5,7
WBGene00005489.,4,1,5
WBGene00005490.,6,2,8
WBGene00005491.,0,0,0
WBGene00005492.,0,1,1
WBGene00005493.,2,4,6
WBGene00005494.,5,2,7
WBGene00005495.,2,0,2
WBGene00005496.,0,4,4
WBGene00005497.,0,0,0
WBGene00005498.,0,2,2
WBGene00005499.,0,0,0
WBGene00005500.,5,14,19
WBGene00005501.,1,2,3
WBGene00005502.,3,1,4
WBGene00005503.,1,3,4
WBGene00005504.,1,4,5
WBGene00005505.,6,1,7
WBGene00005506.,3,5,8
WBGene00005507.,1,2,3
WBGene00005508.,0,6,6
WBGene00005509.,0,0,0
WBGene00005510.,0,0,0
WBGene00005511.,3,5,8
WBGene00005512.,0,4,4
WBGene00005513.,2,10,12
WBGene00005514.,4,34,38
WBGene00005515.,2,10,12
WBGene00005516.,2,8,10
WBGene00005517.,4,16,20
WBGene00005518.,11,18,29
WBGene00005519.,0,2,2
WBGene00005520.,0,0,0
WBGene00005521.,3,3,6
WBGene00005522.,9,5,14
WBGene00005523.,21,1326,1347
WBGene00005524.,5,2,7
WBGene00005525.,0,0,0
WBGene00005526.,0,1,1
WBGene00005527.,10,0,10
WBGene00005528.,2,18,20
WBGene00005529.,16,12,28
WBGene00005530.,33,30,63
WBGene00005531.,63,109,172
WBGene00005532.,5,24,29
WBGene00005533.,1,4,5
WBGene00005534.,2,15,17
WBGene00005535.,7,1,8
WBGene00005536.,0,1,1
WBGene00005537.,2,2,4
WBGene00005538.,2,6,8
WBGene00005539.,2,6,8
WBGene00005540.,1,9,10
WBGene00005541.,1,0,1
WBGene00005542.,5,7,12
WBGene00005543.,0,2,2
WBGene00005544.,0,2,2
WBGene00005545.,3,1,4
WBGene00005546.,1,0,1
WBGene00005547.,0,4,4
WBGene00005548.,1,3,4
WBGene00005549.,4,1,5
WBGene00005550.,3,8,11
WBGene00005551.,2,3,5
WBGene00005552.,36,92,128
WBGene00005553.,3,0,3
WBGene00005554.,9,0,9
WBGene00005555.,1,3,4
WBGene00005556.,2,0,2
WBGene00005557.,3,15,18
WBGene00005558.,4,8,12
WBGene00005559.,8,34,42
WBGene00005560.,31,80,111
WBGene00005561.,1,3,4
WBGene00005562.,1,2,3
WBGene00005563.,1,6,7
WBGene00005564.,0,0,0
WBGene00005565.,0,0,0
WBGene00005566.,4,1,5
WBGene00005567.,0,0,0
WBGene00005568.,11,15,26
WBGene00005569.,1,4,5
WBGene00005570.,0,3,3
WBGene00005571.,0,0,0
WBGene00005572.,0,4,4
WBGene00005573.,5,2,7
WBGene00005574.,3,6,9
WBGene00005575.,1,5,6
WBGene00005576.,1,1,2
WBGene00005577.,2,1,3
WBGene00005578.,2,1,3
WBGene00005579.,10,0,10
WBGene00005580.,3,0,3
WBGene00005581.,1,11,12
WBGene00005582.,2,1,3
WBGene00005583.,3,1,4
WBGene00005584.,3,7,10
WBGene00005585.,5,12,17
WBGene00005586.,1,5,6
WBGene00005587.,0,0,0
WBGene00005588.,2,5,7
WBGene00005589.,8,2,10
WBGene00005590.,1,3,4
WBGene00005591.,24,12,36
WBGene00005592.,4,5,9
WBGene00005593.,1,0,1
WBGene00005594.,1,1,2
WBGene00005595.,4,2,6
WBGene00005596.,1,0,1
WBGene00005597.,2,0,2
WBGene00005598.,3,1,4
WBGene00005599.,0,5,5
WBGene00005600.,1,1,2
WBGene00005601.,0,1,1
WBGene00005602.,31,509,540
WBGene00005603.,4,21,25
WBGene00005604.,3,3,6
WBGene00005605.,6,3,9
WBGene00005606.,12,21,33
WBGene00005607.,1,15,16
WBGene00005608.,0,2,2
WBGene00005609.,7,27,34
WBGene00005610.,3,7,10
WBGene00005611.,20,55,75
WBGene00005612.,26,7,33
WBGene00005613.,43,2,45
WBGene00005614.,1,1,2
WBGene00005615.,0,1,1
WBGene00005616.,2,3,5
WBGene00005617.,2,4,6
WBGene00005618.,6,0,6
WBGene00005619.,0,3,3
WBGene00005620.,37,17,54
WBGene00005621.,5,2,7
WBGene00005622.,6,1,7
WBGene00005623.,2,0,2
WBGene00005624.,2,1,3
WBGene00005625.,2,0,2
WBGene00005626.,1,0,1
WBGene00005627.,1,2,3
WBGene00005628.,2,2,4
WBGene00005629.,1,1,2
WBGene00005630.,2,0,2
WBGene00005631.,0,1,1
WBGene00005632.,0,0,0
WBGene00005633.,1,2,3
WBGene00005634.,6,1,7
WBGene00005635.,0,2,2
WBGene00005638.,9,31,40
WBGene00005639.,5,1,6
WBGene00005640.,3,16,19
WBGene00005641.,45,102,147
WBGene00005642.,20,124,144
WBGene00005643.,4,77,81
WBGene00005644.,368,1442,1810
WBGene00005646.,1,8,9
WBGene00005647.,68,870,938
WBGene00005648.,429,2556,2985
WBGene00005649.,27,13,40
WBGene00005650.,0,1,1
WBGene00005651.,0,2,2
WBGene00005652.,74,680,754
WBGene00005653.,9,70,79
WBGene00005654.,19,418,437
WBGene00005655.,80,1192,1272
WBGene00005656.,20,79,99
WBGene00005657.,7,154,161
WBGene00005658.,0,1,1
WBGene00005659.,6,4,10
WBGene00005660.,2,17,19
WBGene00005661.,3,61,64
WBGene00005662.,159,1565,1724
WBGene00005663.,1330,9736,11066
WBGene00005664.,2,21,23
WBGene00005665.,0,7,7
WBGene00005666.,3,7,10
WBGene00005667.,0,3,3
WBGene00005668.,2,10,12
WBGene00005669.,1,3,4
WBGene00005670.,11,36,47
WBGene00005671.,6,25,31
WBGene00005672.,2,1,3
WBGene00005673.,1,0,1
WBGene00005674.,5,3,8
WBGene00005675.,1,7,8
WBGene00005676.,2,12,14
WBGene00005677.,4,12,16
WBGene00005678.,2,5,7
WBGene00005679.,5,0,5
WBGene00005680.,2,2,4
WBGene00005681.,2,1,3
WBGene00005682.,1,5,6
WBGene00005683.,0,8,8
WBGene00005684.,12,2,14
WBGene00005685.,6,7,13
WBGene00005686.,1,18,19
WBGene00005687.,5,14,19
WBGene00005688.,1,1,2
WBGene00005689.,6,23,29
WBGene00005690.,3,25,28
WBGene00005691.,4,15,19
WBGene00005692.,2,16,18
WBGene00005693.,0,0,0
WBGene00005694.,0,0,0
WBGene00005695.,0,2,2
WBGene00005696.,1,10,11
WBGene00005697.,0,7,7
WBGene00005698.,3,1,4
WBGene00005699.,0,2,2
WBGene00005700.,0,7,7
WBGene00005701.,0,6,6
WBGene00005702.,0,49,49
WBGene00005703.,0,9,9
WBGene00005704.,4,4,8
WBGene00005705.,3,5,8
WBGene00005706.,2,6,8
WBGene00005707.,0,1,1
WBGene00005708.,1,2,3
WBGene00005709.,11,3,14
WBGene00005710.,28,53,81
WBGene00005711.,0,10,10
WBGene00005712.,14,66,80
WBGene00005713.,4,41,45
WBGene00005714.,3,2,5
WBGene00005715.,26,9,35
WBGene00005716.,8,35,43
WBGene00005717.,7,53,60
WBGene00005718.,18,86,104
WBGene00005719.,15,34,49
WBGene00005720.,8,3,11
WBGene00005721.,9,17,26
WBGene00005722.,14,3,17
WBGene00005723.,5,4,9
WBGene00005724.,18,23,41
WBGene00005725.,8,20,28
WBGene00005726.,22,14,36
WBGene00005727.,9,6,15
WBGene00005728.,1,1,2
WBGene00005729.,0,0,0
WBGene00005730.,5,0,5
WBGene00005731.,0,0,0
WBGene00005732.,0,1,1
WBGene00005733.,0,1,1
WBGene00005734.,2,0,2
WBGene00005735.,16,29,45
WBGene00005736.,6,15,21
WBGene00005737.,9,9,18
WBGene00005738.,6,24,30
WBGene00005739.,9,16,25
WBGene00005740.,3,0,3
WBGene00005741.,4,0,4
WBGene00005742.,4,5,9
WBGene00005743.,3,22,25
WBGene00005744.,1,6,7
WBGene00005745.,3,11,14
WBGene00005746.,0,1,1
WBGene00005747.,19,11,30
WBGene00005748.,12,20,32
WBGene00005749.,1,0,1
WBGene00005750.,5,6,11
WBGene00005751.,0,4,4
WBGene00005752.,15,151,166
WBGene00005753.,1,7,8
WBGene00005754.,0,15,15
WBGene00005755.,4,13,17
WBGene00005756.,1,8,9
WBGene00005757.,5,24,29
WBGene00005758.,0,10,10
WBGene00005759.,4,390,394
WBGene00005760.,0,1,1
WBGene00005761.,3,0,3
WBGene00005762.,0,1,1
WBGene00005763.,2,5,7
WBGene00005764.,5,10,15
WBGene00005765.,2,3,5
WBGene00005766.,3,3,6
WBGene00005767.,2,3,5
WBGene00005768.,0,4,4
WBGene00005769.,0,0,0
WBGene00005770.,2,2,4
WBGene00005771.,0,8,8
WBGene00005772.,8,10,18
WBGene00005773.,0,1,1
WBGene00005774.,0,0,0
WBGene00005775.,0,4,4
WBGene00005776.,0,0,0
WBGene00005777.,1,1,2
WBGene00005778.,2,2,4
WBGene00005779.,0,0,0
WBGene00005780.,2,2,4
WBGene00005781.,3,4,7
WBGene00005782.,0,0,0
WBGene00005783.,2,0,2
WBGene00005784.,0,0,0
WBGene00005785.,2,3,5
WBGene00005786.,9,0,9
WBGene00005787.,4,0,4
WBGene00005788.,4,0,4
WBGene00005789.,0,1,1
WBGene00005790.,1,5,6
WBGene00005791.,4,1,5
WBGene00005792.,111,0,111
WBGene00005793.,1,0,1
WBGene00005794.,2,4,6
WBGene00005795.,3,1,4
WBGene00005796.,1,2,3
WBGene00005797.,1,3,4
WBGene00005798.,0,1,1
WBGene00005799.,1,0,1
WBGene00005800.,0,2,2
WBGene00005801.,0,1,1
WBGene00005802.,2,1,3
WBGene00005803.,0,1,1
WBGene00005804.,0,6,6
WBGene00005805.,0,0,0
WBGene00005806.,0,2,2
WBGene00005807.,2,3,5
WBGene00005808.,3,5,8
WBGene00005809.,0,4,4
WBGene00005810.,1,3,4
WBGene00005811.,3,5,8
WBGene00005812.,0,2,2
WBGene00005813.,5,1,6
WBGene00005814.,2,10,12
WBGene00005815.,214,832,1046
WBGene00005816.,170,259,429
WBGene00005817.,3,1,4
WBGene00005818.,134,713,847
WBGene00005819.,1,1,2
WBGene00005820.,6,6,12
WBGene00005821.,0,4,4
WBGene00005822.,0,0,0
WBGene00005823.,2,1,3
WBGene00005824.,1,2,3
WBGene00005825.,14,32,46
WBGene00005826.,1,4,5
WBGene00005827.,1,27,28
WBGene00005828.,7,25,32
WBGene00005829.,0,2,2
WBGene00005830.,3,0,3
WBGene00005831.,3,0,3
WBGene00005832.,117,1252,1369
WBGene00005833.,0,17,17
WBGene00005834.,1,24,25
WBGene00005835.,1,5,6
WBGene00005836.,1,9,10
WBGene00005837.,0,11,11
WBGene00005838.,5,15,20
WBGene00005839.,1,3,4
WBGene00005840.,2,14,16
WBGene00005841.,7,4,11
WBGene00005842.,3,3,6
WBGene00005843.,2,5,7
WBGene00005844.,2,1,3
WBGene00005845.,4,9,13
WBGene00005846.,2,4,6
WBGene00005847.,5,5,10
WBGene00005848.,10,3,13
WBGene00005849.,2,0,2
WBGene00005850.,3,10,13
WBGene00005851.,2,2,4
WBGene00005852.,2,3,5
WBGene00005853.,2,3,5
WBGene00005854.,8,2,10
WBGene00005855.,0,2,2
WBGene00005856.,5,2,7
WBGene00005857.,0,1,1
WBGene00005858.,9,0,9
WBGene00005859.,6,2,8
WBGene00005860.,0,0,0
WBGene00005861.,0,0,0
WBGene00005862.,2,1,3
WBGene00005863.,0,2,2
WBGene00005864.,0,1,1
WBGene00005865.,1,1,2
WBGene00005866.,0,1,1
WBGene00005867.,1,1,2
WBGene00005868.,1,0,1
WBGene00005869.,1,1,2
WBGene00005870.,1,1,2
WBGene00005871.,0,0,0
WBGene00005872.,0,1,1
WBGene00005873.,0,0,0
WBGene00005874.,1,0,1
WBGene00005875.,0,2,2
WBGene00005876.,3,0,3
WBGene00005877.,4,0,4
WBGene00005878.,1,4,5
WBGene00005879.,1,0,1
WBGene00005880.,0,3,3
WBGene00005881.,1,1,2
WBGene00005882.,0,3,3
WBGene00005883.,0,1,1
WBGene00005884.,1,2,3
WBGene00005885.,1,1,2
WBGene00005886.,1,6,7
WBGene00005887.,5,12,17
WBGene00005888.,0,2,2
WBGene00005889.,0,1,1
WBGene00005890.,1,1,2
WBGene00005891.,2,2,4
WBGene00005892.,0,3,3
WBGene00005893.,26,188,214
WBGene00005894.,2,2,4
WBGene00005895.,7,5,12
WBGene00005896.,0,1,1
WBGene00005897.,0,2,2
WBGene00005898.,7,51,58
WBGene00005899.,1,1,2
WBGene00005900.,11,3,14
WBGene00005901.,3,4,7
WBGene00005902.,5,10,15
WBGene00005903.,14,23,37
WBGene00005904.,21,8,29
WBGene00005905.,9,15,24
WBGene00005906.,6,43,49
WBGene00005907.,4,6,10
WBGene00005908.,3,19,22
WBGene00005909.,10,28,38
WBGene00005910.,13,57,70
WBGene00005911.,1,5,6
WBGene00005912.,5,2,7
WBGene00005913.,7,0,7
WBGene00005914.,0,2,2
WBGene00005915.,3,1,4
WBGene00005916.,4,1,5
WBGene00005917.,1,0,1
WBGene00005918.,0,1,1
WBGene00005919.,3,2,5
WBGene00005920.,0,3,3
WBGene00005921.,3,1,4
WBGene00005922.,0,0,0
WBGene00005923.,0,2,2
WBGene00005924.,1,0,1
WBGene00005925.,1,10,11
WBGene00005926.,7,21,28
WBGene00005927.,5,2,7
WBGene00005928.,0,4,4
WBGene00005929.,3,44,47
WBGene00005930.,1,2,3
WBGene00005931.,4,2,6
WBGene00005932.,16,11,27
WBGene00005933.,2,6,8
WBGene00005934.,2,24,26
WBGene00005935.,7,13,20
WBGene00005936.,49,331,380
WBGene00005937.,16,41,57
WBGene00005938.,32,104,136
WBGene00005939.,3,1,4
WBGene00005940.,2,4,6
WBGene00005941.,11,9,20
WBGene00005942.,2,0,2
WBGene00005943.,0,1,1
WBGene00005944.,0,0,0
WBGene00005945.,3,1,4
WBGene00005946.,3,4,7
WBGene00005947.,18,173,191
WBGene00005948.,1,1,2
WBGene00005949.,12,66,78
WBGene00005950.,0,1,1
WBGene00005951.,1,2,3
WBGene00005952.,2,2,4
WBGene00005953.,0,3,3
WBGene00005954.,1,0,1
WBGene00005955.,0,15,15
WBGene00005956.,0,1,1
WBGene00005957.,0,5,5
WBGene00005958.,6,12,18
WBGene00005959.,3,65,68
WBGene00005960.,8,0,8
WBGene00005961.,1,3,4
WBGene00005962.,33,52,85
WBGene00005963.,9,13,22
WBGene00005964.,6,9,15
WBGene00005965.,64,6,70
WBGene00005966.,1,5,6
WBGene00005967.,30,104,134
WBGene00005968.,4,10,14
WBGene00005969.,4,2,6
WBGene00005970.,5,5,10
WBGene00005971.,0,10,10
WBGene00005972.,2,7,9
WBGene00005973.,8,3,11
WBGene00005974.,3,4,7
WBGene00005975.,7,33,40
WBGene00005976.,4,19,23
WBGene00005977.,4,18,22
WBGene00005978.,0,2,2
WBGene00005979.,3,2,5
WBGene00005980.,2,5,7
WBGene00005981.,1,9,10
WBGene00005982.,59,38,97
WBGene00005983.,3,2,5
WBGene00005984.,1,1,2
WBGene00005985.,3,5,8
WBGene00005986.,5,7,12
WBGene00005987.,5,4,9
WBGene00005988.,2,9,11
WBGene00005989.,3,3,6
WBGene00005990.,1,1,2
WBGene00005991.,6,1,7
WBGene00005992.,1,1,2
WBGene00005993.,5,1,6
WBGene00005994.,125,0,125
WBGene00005995.,4,2,6
WBGene00005996.,0,2,2
WBGene00005997.,1,1,2
WBGene00005998.,0,6,6
WBGene00005999.,0,3,3
WBGene00006000.,0,2,2
WBGene00006001.,2,0,2
WBGene00006002.,2,7,9
WBGene00006003.,2,5,7
WBGene00006004.,1,3,4
WBGene00006005.,5,15,20
WBGene00006006.,1,34,35
WBGene00006007.,1,7,8
WBGene00006008.,9,20,29
WBGene00006009.,2,7,9
WBGene00006010.,2,3,5
WBGene00006011.,0,3,3
WBGene00006012.,2,7,9
WBGene00006013.,1,1,2
WBGene00006014.,10,18,28
WBGene00006015.,12,5,17
WBGene00006016.,7,20,27
WBGene00006017.,0,6,6
WBGene00006018.,2,2,4
WBGene00006019.,1,10,11
WBGene00006020.,2,17,19
WBGene00006021.,3,9,12
WBGene00006022.,1,5,6
WBGene00006023.,0,5,5
WBGene00006024.,1,2,3
WBGene00006025.,2,9,11
WBGene00006026.,7,20,27
WBGene00006027.,1,3,4
WBGene00006028.,4,16,20
WBGene00006029.,0,2,2
WBGene00006038.,0,0,0
WBGene00006039.,0,4,4
WBGene00006040.,0,1,1
WBGene00006044.,0,2,2
WBGene00006047.,0,0,0
WBGene00006048.,0,0,0
WBGene00006049.,0,0,0
WBGene00006050.,72,808,880
WBGene00006051.,6,29,35
WBGene00006052.,1,3,4
WBGene00006053.,2,4,6
WBGene00006055.,121,723,844
WBGene00006056.,0,2,2
WBGene00006057.,1,1,2
WBGene00006058.,3,5,8
WBGene00006059.,296,2310,2606
WBGene00006060.,2,0,2
WBGene00006061.,69,2791,2860
WBGene00006062.,534,2376,2910
WBGene00006063.,13,573,586
WBGene00006064.,211,538,749
WBGene00006065.,9,14,23
WBGene00006066.,133,2628,2761
WBGene00006067.,566,2817,3383
WBGene00006068.,48,346,394
WBGene00006069.,11,32,43
WBGene00006070.,0,0,0
WBGene00006071.,8,15,23
WBGene00006072.,5,10,15
WBGene00006073.,0,0,0
WBGene00006074.,0,0,0
WBGene00006075.,19,163,182
WBGene00006076.,0,1,1
WBGene00006077.,11,15,26
WBGene00006078.,1,1,2
WBGene00006079.,1,2,3
WBGene00006080.,3,6,9
WBGene00006081.,0,1,1
WBGene00006082.,2,2,4
WBGene00006083.,4,2,6
WBGene00006084.,4,0,4
WBGene00006085.,2,15,17
WBGene00006086.,0,17,17
WBGene00006087.,0,0,0
WBGene00006088.,0,1,1
WBGene00006089.,0,0,0
WBGene00006090.,3,5,8
WBGene00006091.,1,3,4
WBGene00006092.,1,3,4
WBGene00006093.,4,4,8
WBGene00006094.,0,0,0
WBGene00006095.,3,0,3
WBGene00006096.,4,15,19
WBGene00006097.,0,6,6
WBGene00006098.,1,1,2
WBGene00006099.,8,2,10
WBGene00006100.,0,1,1
WBGene00006101.,0,3,3
WBGene00006102.,0,7,7
WBGene00006103.,0,10,10
WBGene00006104.,2,1,3
WBGene00006105.,0,2,2
WBGene00006106.,0,1,1
WBGene00006107.,0,1,1
WBGene00006108.,0,0,0
WBGene00006109.,3,16,19
WBGene00006110.,1,16,17
WBGene00006111.,0,2,2
WBGene00006112.,0,1,1
WBGene00006113.,8,49,57
WBGene00006114.,142,297,439
WBGene00006115.,67,1,68
WBGene00006116.,0,3,3
WBGene00006117.,0,3,3
WBGene00006118.,1,2,3
WBGene00006119.,2,2,4
WBGene00006120.,0,0,0
WBGene00006121.,3,4,7
WBGene00006122.,3,10,13
WBGene00006123.,1,0,1
WBGene00006124.,1,2,3
WBGene00006125.,1,0,1
WBGene00006126.,1,4,5
WBGene00006127.,0,3,3
WBGene00006128.,0,1,1
WBGene00006129.,4,3,7
WBGene00006130.,1,14,15
WBGene00006131.,0,1,1
WBGene00006132.,1,3,4
WBGene00006133.,1,1,2
WBGene00006134.,3,0,3
WBGene00006135.,11,29,40
WBGene00006136.,0,0,0
WBGene00006137.,1,0,1
WBGene00006138.,3,8,11
WBGene00006139.,5,23,28
WBGene00006140.,81,8,89
WBGene00006141.,2,0,2
WBGene00006142.,0,1,1
WBGene00006143.,3,7,10
WBGene00006144.,2,1,3
WBGene00006145.,1,0,1
WBGene00006146.,1,2,3
WBGene00006147.,1,0,1
WBGene00006148.,1,8,9
WBGene00006149.,2,5,7
WBGene00006150.,1,5,6
WBGene00006151.,1,6,7
WBGene00006152.,4,5,9
WBGene00006153.,3,7,10
WBGene00006154.,1,11,12
WBGene00006155.,0,3,3
WBGene00006156.,2,4,6
WBGene00006157.,1,8,9
WBGene00006158.,1,0,1
WBGene00006159.,0,4,4
WBGene00006160.,0,0,0
WBGene00006161.,1,4,5
WBGene00006162.,1,3,4
WBGene00006163.,18,28,46
WBGene00006164.,13,26,39
WBGene00006165.,2,10,12
WBGene00006166.,0,0,0
WBGene00006167.,3,3,6
WBGene00006168.,1,0,1
WBGene00006169.,24,12,36
WBGene00006170.,0,0,0
WBGene00006171.,0,0,0
WBGene00006172.,12,10,22
WBGene00006173.,2,0,2
WBGene00006174.,1,0,1
WBGene00006175.,1,0,1
WBGene00006176.,3,15,18
WBGene00006177.,1,2,3
WBGene00006178.,2,1,3
WBGene00006179.,1,10,11
WBGene00006180.,3,4,7
WBGene00006181.,1,1,2
WBGene00006182.,0,6,6
WBGene00006183.,3,5,8
WBGene00006184.,1,0,1
WBGene00006185.,2,0,2
WBGene00006186.,2,4,6
WBGene00006187.,0,0,0
WBGene00006188.,3,18,21
WBGene00006189.,2,2,4
WBGene00006190.,1,1,2
WBGene00006191.,2,16,18
WBGene00006192.,1,0,1
WBGene00006193.,6,26,32
WBGene00006194.,8,5,13
WBGene00006195.,5,24,29
WBGene00006196.,1,2,3
WBGene00006197.,5,5,10
WBGene00006198.,9,65,74
WBGene00006199.,10,9,19
WBGene00006200.,0,0,0
WBGene00006201.,3,14,17
WBGene00006202.,2,2,4
WBGene00006203.,2,5,7
WBGene00006204.,3,2,5
WBGene00006205.,2,6,8
WBGene00006206.,0,0,0
WBGene00006207.,11,49,60
WBGene00006208.,11,28,39
WBGene00006209.,9,22,31
WBGene00006210.,13,11,24
WBGene00006211.,17,84,101
WBGene00006212.,5,23,28
WBGene00006213.,4,18,22
WBGene00006214.,18,8,26
WBGene00006215.,1,5,6
WBGene00006216.,3,2,5
WBGene00006217.,4,9,13
WBGene00006218.,12,11,23
WBGene00006219.,1,2,3
WBGene00006220.,44,203,247
WBGene00006221.,2,4,6
WBGene00006222.,2,5,7
WBGene00006223.,0,3,3
WBGene00006224.,2,7,9
WBGene00006225.,5,0,5
WBGene00006226.,1,26,27
WBGene00006227.,2,6,8
WBGene00006228.,0,8,8
WBGene00006229.,0,10,10
WBGene00006230.,3,1,4
WBGene00006231.,3,5,8
WBGene00006232.,2,2,4
WBGene00006233.,2,0,2
WBGene00006234.,1,5,6
WBGene00006235.,1,2,3
WBGene00006236.,0,1,1
WBGene00006237.,5,20,25
WBGene00006238.,0,1,1
WBGene00006239.,1,24,25
WBGene00006240.,0,1,1
WBGene00006241.,2,3,5
WBGene00006242.,3,0,3
WBGene00006243.,11,3,14
WBGene00006244.,0,3,3
WBGene00006245.,0,0,0
WBGene00006246.,1,4,5
WBGene00006247.,2,1,3
WBGene00006248.,0,0,0
WBGene00006249.,1,2,3
WBGene00006250.,1,2,3
WBGene00006251.,6,12,18
WBGene00006252.,1,2,3
WBGene00006253.,10,5,15
WBGene00006254.,0,1,1
WBGene00006255.,19,9,28
WBGene00006256.,2,13,15
WBGene00006257.,1,3,4
WBGene00006258.,3,4,7
WBGene00006259.,2,2,4
WBGene00006260.,2,3,5
WBGene00006261.,1,6,7
WBGene00006262.,0,6,6
WBGene00006263.,1,4,5
WBGene00006264.,1,3,4
WBGene00006265.,1,6,7
WBGene00006266.,120,0,120
WBGene00006267.,0,2,2
WBGene00006268.,0,10,10
WBGene00006269.,0,0,0
WBGene00006270.,2,4,6
WBGene00006271.,1,6,7
WBGene00006272.,2,9,11
WBGene00006273.,0,3,3
WBGene00006274.,0,1,1
WBGene00006275.,0,1,1
WBGene00006276.,0,0,0
WBGene00006277.,0,3,3
WBGene00006278.,5,12,17
WBGene00006279.,6,18,24
WBGene00006280.,1,2,3
WBGene00006281.,8,3,11
WBGene00006282.,2,1,3
WBGene00006283.,0,0,0
WBGene00006284.,0,0,0
WBGene00006285.,11,59,70
WBGene00006286.,11,10,21
WBGene00006287.,6,13,19
WBGene00006288.,11,22,33
WBGene00006289.,0,2,2
WBGene00006306.,455,2088,2543
WBGene00006307.,126,2574,2700
WBGene00006308.,30,197,227
WBGene00006309.,102,2266,2368
WBGene00006310.,98,149,247
WBGene00006311.,8,208,216
WBGene00006314.,0,0,0
WBGene00006315.,0,0,0
WBGene00006316.,0,0,0
WBGene00006318.,157,1230,1387
WBGene00006319.,42,763,805
WBGene00006321.,179,5696,5875
WBGene00006324.,48,1272,1320
WBGene00006327.,0,1,1
WBGene00006330.,0,0,0
WBGene00006331.,308,10694,11002
WBGene00006333.,0,0,0
WBGene00006334.,0,0,0
WBGene00006338.,0,0,0
WBGene00006342.,294,3671,3965
WBGene00006344.,0,0,0
WBGene00006349.,296,1307,1603
WBGene00006351.,66,1461,1527
WBGene00006352.,132,2916,3048
WBGene00006353.,20,483,503
WBGene00006359.,87,1945,2032
WBGene00006363.,160,392,552
WBGene00006364.,371,1717,2088
WBGene00006365.,85,881,966
WBGene00006366.,219,6234,6453
WBGene00006367.,0,0,0
WBGene00006368.,157,595,752
WBGene00006369.,44,994,1038
WBGene00006371.,83,657,740
WBGene00006372.,50,916,966
WBGene00006373.,201,2441,2642
WBGene00006374.,28,121,149
WBGene00006375.,15,335,350
WBGene00006376.,12,319,331
WBGene00006377.,81,784,865
WBGene00006379.,73,838,911
WBGene00006380.,18,547,565
WBGene00006381.,99,3723,3822
WBGene00006382.,618,2834,3452
WBGene00006383.,57,462,519
WBGene00006384.,213,1086,1299
WBGene00006385.,729,1428,2157
WBGene00006386.,214,1036,1250
WBGene00006387.,39,371,410
WBGene00006388.,21,169,190
WBGene00006389.,31,632,663
WBGene00006390.,82,633,715
WBGene00006391.,53,468,521
WBGene00006392.,193,1852,2045
WBGene00006393.,20,625,645
WBGene00006394.,25,288,313
WBGene00006395.,20,245,265
WBGene00006396.,427,1576,2003
WBGene00006397.,33,797,830
WBGene00006399.,35,19,54
WBGene00006402.,94,844,938
WBGene00006404.,58,348,406
WBGene00006405.,369,2574,2943
WBGene00006406.,248,3425,3673
WBGene00006407.,1154,5242,6396
WBGene00006408.,2515,22572,25087
WBGene00006409.,4,1,5
WBGene00006410.,119,1901,2020
WBGene00006411.,11,85,96
WBGene00006412.,291,1959,2250
WBGene00006414.,9,1233,1242
WBGene00006415.,319,1898,2217
WBGene00006416.,2,18,20
WBGene00006418.,3,87,90
WBGene00006419.,13,7,20
WBGene00006423.,994,10815,11809
WBGene00006424.,320,1157,1477
WBGene00006428.,93,117,210
WBGene00006429.,1,2,3
WBGene00006430.,65,398,463
WBGene00006431.,38,560,598
WBGene00006432.,120,1385,1505
WBGene00006433.,836,13355,14191
WBGene00006434.,549,28517,29066
WBGene00006435.,8,11,19
WBGene00006436.,3327,89539,92866
WBGene00006437.,206,4962,5168
WBGene00006438.,310,2685,2995
WBGene00006439.,862,401541,402403
WBGene00006440.,105,450,555
WBGene00006441.,41,245,286
WBGene00006442.,303,1964,2267
WBGene00006443.,24,660,684
WBGene00006444.,44,1115,1159
WBGene00006445.,64,573,637
WBGene00006446.,12,414,426
WBGene00006447.,16,1381,1397
WBGene00006448.,42,556,598
WBGene00006449.,3,5,8
WBGene00006450.,344,1537,1881
WBGene00006452.,2736,21041,23777
WBGene00006454.,10,17,27
WBGene00006459.,49,751,800
WBGene00006460.,225,5746,5971
WBGene00006461.,25,238,263
WBGene00006462.,263,1562,1825
WBGene00006463.,66,554,620
WBGene00006464.,2,11,13
WBGene00006465.,57,2267,2324
WBGene00006466.,96,407,503
WBGene00006467.,200,1206,1406
WBGene00006468.,81,478,559
WBGene00006470.,26,1151,1177
WBGene00006471.,0,0,0
WBGene00006472.,65,2044,2109
WBGene00006473.,22,911,933
WBGene00006474.,39,1782,1821
WBGene00006475.,43,306,349
WBGene00006476.,425,1279,1704
WBGene00006477.,77,210,287
WBGene00006478.,178,1825,2003
WBGene00006479.,197,2146,2343
WBGene00006481.,488,2506,2994
WBGene00006483.,370,2261,2631
WBGene00006484.,0,0,0
WBGene00006486.,26,133,159
WBGene00006487.,8,34,42
WBGene00006488.,0,2,2
WBGene00006489.,58,2085,2143
WBGene00006490.,233,995,1228
WBGene00006491.,14,672,686
WBGene00006492.,100,478,578
WBGene00006493.,157,1342,1499
WBGene00006494.,33,2924,2957
WBGene00006495.,560,4357,4917
WBGene00006496.,450,984,1434
WBGene00006497.,223,3855,4078
WBGene00006498.,330,1880,2210
WBGene00006499.,90,1244,1334
WBGene00006503.,68,1734,1802
WBGene00006504.,105,1074,1179
WBGene00006505.,128,500,628
WBGene00006508.,1387,4460,5847
WBGene00006509.,2,4,6
WBGene00006510.,419,2173,2592
WBGene00006512.,211,6589,6800
WBGene00006513.,423,1613,2036
WBGene00006514.,24,1657,1681
WBGene00006515.,99,4801,4900
WBGene00006516.,36,712,748
WBGene00006517.,175,2846,3021
WBGene00006518.,31,4198,4229
WBGene00006519.,4844,38970,43814
WBGene00006520.,0,470,470
WBGene00006522.,89,198,287
WBGene00006523.,92,1968,2060
WBGene00006524.,87,1267,1354
WBGene00006525.,20,237,257
WBGene00006526.,16,98,114
WBGene00006527.,786,7710,8496
WBGene00006528.,178,36629,36807
WBGene00006529.,3146,33828,36974
WBGene00006530.,37,326,363
WBGene00006531.,31,147,178
WBGene00006532.,12,28,40
WBGene00006533.,19,76,95
WBGene00006534.,801,4446,5247
WBGene00006535.,298,1332,1630
WBGene00006536.,23,18927,18950
WBGene00006537.,795,49175,49970
WBGene00006538.,10,447,457
WBGene00006539.,0,10,10
WBGene00006540.,24,945,969
WBGene00006541.,83,540,623
WBGene00006542.,17,686,703
WBGene00006543.,110,1716,1826
WBGene00006544.,13,10,23
WBGene00006545.,3,3,6
WBGene00006546.,2,4,6
WBGene00006547.,0,10,10
WBGene00006549.,0,0,0
WBGene00006550.,5,0,5
WBGene00006551.,0,0,0
WBGene00006552.,7,8,15
WBGene00006553.,2,1,3
WBGene00006554.,0,1,1
WBGene00006555.,6,82,88
WBGene00006556.,1,3,4
WBGene00006557.,5,6,11
WBGene00006558.,1,3,4
WBGene00006559.,2,3,5
WBGene00006560.,4,7,11
WBGene00006561.,190,1727,1917
WBGene00006562.,136,855,991
WBGene00006563.,382,985,1367
WBGene00006565.,110,5371,5481
WBGene00006566.,66,1190,1256
WBGene00006567.,19,1048,1067
WBGene00006568.,20,813,833
WBGene00006570.,61,1149,1210
WBGene00006571.,155,1248,1403
WBGene00006572.,539,7661,8200
WBGene00006573.,275,2526,2801
WBGene00006574.,305,12192,12497
WBGene00006575.,539,1618,2157
WBGene00006576.,70,284,354
WBGene00006577.,245,1953,2198
WBGene00006578.,150,1390,1540
WBGene00006579.,417,3938,4355
WBGene00006580.,98,947,1045
WBGene00006582.,321,2020,2341
WBGene00006583.,141,3933,4074
WBGene00006584.,3246,40130,43376
WBGene00006585.,306,11746,12052
WBGene00006586.,103,2543,2646
WBGene00006587.,1616,28655,30271
WBGene00006588.,868,10364,11232
WBGene00006589.,157,1747,1904
WBGene00006590.,75,1421,1496
WBGene00006591.,168,287,455
WBGene00006592.,110,758,868
WBGene00006593.,926,2197,3123
WBGene00006594.,660,2544,3204
WBGene00006595.,307,9530,9837
WBGene00006596.,159,297,456
WBGene00006597.,8,411,419
WBGene00006598.,2,55,57
WBGene00006599.,641,1573,2214
WBGene00006600.,3,109,112
WBGene00006601.,108,19858,19966
WBGene00006602.,312,2165,2477
WBGene00006603.,1421,6039,7460
WBGene00006604.,390,1896,2286
WBGene00006605.,132,850,982
WBGene00006606.,68,570,638
WBGene00006607.,258,2461,2719
WBGene00006608.,95,1139,1234
WBGene00006609.,47,371,418
WBGene00006610.,20,59,79
WBGene00006611.,3,215,218
WBGene00006612.,5,10,15
WBGene00006613.,193,4073,4266
WBGene00006614.,145,482,627
WBGene00006615.,373,464,837
WBGene00006616.,61,90,151
WBGene00006617.,237,7284,7521
WBGene00006618.,194,401,595
WBGene00006619.,0,9,9
WBGene00006620.,82,152,234
WBGene00006621.,27,20,47
WBGene00006622.,8,13,21
WBGene00006623.,85,213,298
WBGene00006624.,246,591,837
WBGene00006625.,1,3,4
WBGene00006626.,50,9105,9155
WBGene00006627.,2,105,107
WBGene00006628.,8,70,78
WBGene00006629.,21,143,164
WBGene00006630.,2,9,11
WBGene00006631.,0,5,5
WBGene00006632.,85,109,194
WBGene00006633.,271,1664,1935
WBGene00006634.,1574,13172,14746
WBGene00006635.,11,384,395
WBGene00006636.,9,45,54
WBGene00006637.,43,587,630
WBGene00006638.,27,836,863
WBGene00006639.,20,31,51
WBGene00006640.,126,930,1056
WBGene00006641.,29,401,430
WBGene00006642.,18,180,198
WBGene00006643.,68,1046,1114
WBGene00006644.,2,24,26
WBGene00006645.,47,85,132
WBGene00006646.,15,299,314
WBGene00006647.,146,1015,1161
WBGene00006648.,463,1339,1802
WBGene00006649.,187,2971,3158
WBGene00006650.,0,15672,15672
WBGene00006651.,20,4424,4444
WBGene00006652.,99,465,564
WBGene00006654.,19,160,179
WBGene00006655.,18,201,219
WBGene00006656.,24,153,177
WBGene00006657.,218,320,538
WBGene00006658.,27,165,192
WBGene00006659.,19,7,26
WBGene00006660.,16,254,270
WBGene00006661.,8,7,15
WBGene00006662.,134,700,834
WBGene00006663.,805,6235,7040
WBGene00006664.,42,222,264
WBGene00006665.,31,63,94
WBGene00006666.,15,96,111
WBGene00006667.,174,806,980
WBGene00006668.,580,907,1487
WBGene00006669.,55,148,203
WBGene00006670.,15,50,65
WBGene00006671.,126,614,740
WBGene00006672.,224,8516,8740
WBGene00006673.,14,106,120
WBGene00006674.,20,43,63
WBGene00006675.,24,58,82
WBGene00006676.,13,82,95
WBGene00006677.,51,703,754
WBGene00006678.,32,226,258
WBGene00006679.,13,59,72
WBGene00006680.,82,431,513
WBGene00006681.,89,772,861
WBGene00006682.,71,225,296
WBGene00006683.,625,1792,2417
WBGene00006684.,177,101,278
WBGene00006685.,16,115,131
WBGene00006686.,15,63,78
WBGene00006687.,7,67,74
WBGene00006688.,7,10,17
WBGene00006689.,1,5,6
WBGene00006690.,24,78,102
WBGene00006691.,106,166,272
WBGene00006692.,137,1098,1235
WBGene00006693.,812,3079,3891
WBGene00006694.,17,56,73
WBGene00006695.,213,69,282
WBGene00006696.,56,256,312
WBGene00006697.,541,3764,4305
WBGene00006698.,153,6008,6161
WBGene00006699.,110,6418,6528
WBGene00006700.,367,1427,1794
WBGene00006701.,424,1580,2004
WBGene00006702.,237,4951,5188
WBGene00006703.,72,2216,2288
WBGene00006704.,154,5791,5945
WBGene00006705.,69,434,503
WBGene00006706.,82,3515,3597
WBGene00006707.,2,3069,3071
WBGene00006708.,172,5014,5186
WBGene00006709.,358,2656,3014
WBGene00006710.,253,196,449
WBGene00006711.,60,692,752
WBGene00006712.,92,606,698
WBGene00006713.,104,3628,3732
WBGene00006714.,127,737,864
WBGene00006715.,59,5363,5422
WBGene00006716.,21,10,31
WBGene00006717.,25,376,401
WBGene00006718.,9,25,34
WBGene00006719.,2,2,4
WBGene00006720.,51,3574,3625
WBGene00006721.,71,967,1038
WBGene00006722.,63,466,529
WBGene00006723.,110,1029,1139
WBGene00006724.,266,5811,6077
WBGene00006725.,21917,237466,259383
WBGene00006726.,314,3944,4258
WBGene00006727.,320,15466,15786
WBGene00006728.,18612,215360,233972
WBGene00006729.,74,675,749
WBGene00006730.,31,8274,8305
WBGene00006731.,7,142,149
WBGene00006732.,175,769,944
WBGene00006733.,227,1861,2088
WBGene00006734.,44,1821,1865
WBGene00006735.,19,782,801
WBGene00006736.,112,1311,1423
WBGene00006737.,42,848,890
WBGene00006738.,13,696,709
WBGene00006739.,245,4142,4387
WBGene00006740.,12,187,199
WBGene00006741.,277,5027,5304
WBGene00006742.,804,1962,2766
WBGene00006743.,54,430,484
WBGene00006744.,25,178,203
WBGene00006745.,477,1302,1779
WBGene00006746.,65,863,928
WBGene00006747.,811,1129,1940
WBGene00006748.,18,96,114
WBGene00006749.,343,1621,1964
WBGene00006750.,176,1065,1241
WBGene00006751.,453,1709,2162
WBGene00006752.,1092,4215,5307
WBGene00006753.,638,7159,7797
WBGene00006754.,4927,123927,128854
WBGene00006755.,480,4520,5000
WBGene00006756.,10,10,20
WBGene00006757.,151,1963,2114
WBGene00006759.,2330,28156,30486
WBGene00006760.,384,4944,5328
WBGene00006761.,161,1090,1251
WBGene00006762.,660,4117,4777
WBGene00006763.,271,1581,1852
WBGene00006764.,6419,76377,82796
WBGene00006765.,330,736,1066
WBGene00006766.,106,926,1032
WBGene00006767.,483,860,1343
WBGene00006768.,430,5699,6129
WBGene00006769.,661,2014,2675
WBGene00006770.,736,3005,3741
WBGene00006771.,979,10821,11800
WBGene00006772.,339,2408,2747
WBGene00006773.,124,2088,2212
WBGene00006774.,102,588,690
WBGene00006775.,8,72,80
WBGene00006776.,481,3498,3979
WBGene00006777.,166,2152,2318
WBGene00006778.,66,740,806
WBGene00006779.,2430,10573,13003
WBGene00006780.,3708,41880,45588
WBGene00006781.,255,6908,7163
WBGene00006782.,12,209,221
WBGene00006783.,42,311,353
WBGene00006784.,719,3567,4286
WBGene00006785.,28,659,687
WBGene00006786.,278,2931,3209
WBGene00006787.,973,8108,9081
WBGene00006788.,383,1616,1999
WBGene00006789.,1732,104627,106359
WBGene00006790.,50,229,279
WBGene00006791.,256,2234,2490
WBGene00006792.,407,786,1193
WBGene00006793.,97,2023,2120
WBGene00006794.,530,25486,26016
WBGene00006795.,55,1645,1700
WBGene00006796.,593,6823,7416
WBGene00006797.,327,346,673
WBGene00006798.,1233,4516,5749
WBGene00006801.,2302,23374,25676
WBGene00006802.,68,5923,5991
WBGene00006803.,653,9696,10349
WBGene00006804.,103,872,975
WBGene00006805.,2245,8212,10457
WBGene00006807.,221,682,903
WBGene00006808.,442,3527,3969
WBGene00006809.,491,1058,1549
WBGene00006810.,219,2821,3040
WBGene00006811.,335,1047,1382
WBGene00006812.,423,3701,4124
WBGene00006814.,1274,4610,5884
WBGene00006815.,676,9400,10076
WBGene00006816.,56,1658,1714
WBGene00006817.,244,3277,3521
WBGene00006818.,155,2831,2986
WBGene00006819.,2128,57173,59301
WBGene00006820.,3523,31981,35504
WBGene00006822.,116,725,841
WBGene00006823.,1055,8104,9159
WBGene00006824.,231,9416,9647
WBGene00006825.,426,4945,5371
WBGene00006826.,551,10958,11509
WBGene00006827.,2815,4830,7645
WBGene00006829.,82,1118,1200
WBGene00006830.,2050,2089,4139
WBGene00006831.,841,4277,5118
WBGene00006832.,163,923,1086
WBGene00006833.,739,14873,15612
WBGene00006836.,156,7639,7795
WBGene00006839.,552,6918,7470
WBGene00006840.,261,8669,8930
WBGene00006843.,212,1896,2108
WBGene00006844.,203,3414,3617
WBGene00006845.,684,4919,5603
WBGene00006852.,87,2776,2863
WBGene00006853.,12,529,541
WBGene00006856.,40,2368,2408
WBGene00006861.,885,7384,8269
WBGene00006862.,28,252,280
WBGene00006863.,165,17046,17211
WBGene00006864.,298,816,1114
WBGene00006865.,13,244,257
WBGene00006868.,550,1745,2295
WBGene00006869.,68,504,572
WBGene00006870.,388,1479,1867
WBGene00006873.,66,291,357
WBGene00006874.,357,5349,5706
WBGene00006875.,31,1763,1794
WBGene00006876.,4375,7784,12159
WBGene00006881.,18,206,224
WBGene00006882.,75,687,762
WBGene00006886.,1330,12581,13911
WBGene00006887.,201,833,1034
WBGene00006888.,66,3728,3794
WBGene00006889.,55,10651,10706
WBGene00006890.,330,4515,4845
WBGene00006893.,171,2003,2174
WBGene00006894.,10,2,12
WBGene00006895.,3,1,4
WBGene00006896.,56,558,614
WBGene00006897.,10,15,25
WBGene00006902.,0,1,1
WBGene00006910.,0,11066,11066
WBGene00006911.,125,13937,14062
WBGene00006912.,0,4570,4570
WBGene00006913.,61,6024,6085
WBGene00006914.,41,3254,3295
WBGene00006915.,11,378,389
WBGene00006916.,168,953,1121
WBGene00006917.,125,11467,11592
WBGene00006918.,502,8152,8654
WBGene00006919.,213,12445,12658
WBGene00006920.,533,6533,7066
WBGene00006921.,24,5976,6000
WBGene00006922.,8,531,539
WBGene00006923.,1732,3965,5697
WBGene00006924.,337,40954,41291
WBGene00006925.,0,0,0
WBGene00006926.,0,5,5
WBGene00006927.,0,10,10
WBGene00006928.,2,21,23
WBGene00006929.,0,1,1
WBGene00006930.,1,9,10
WBGene00006931.,96,1878,1974
WBGene00006932.,306,2212,2518
WBGene00006933.,83,1762,1845
WBGene00006934.,206,1025,1231
WBGene00006935.,46,1975,2021
WBGene00006936.,383,5763,6146
WBGene00006937.,381,6280,6661
WBGene00006938.,2,41,43
WBGene00006939.,2,8,10
WBGene00006940.,6,466,472
WBGene00006941.,350,3361,3711
WBGene00006942.,156,5035,5191
WBGene00006943.,103,997,1100
WBGene00006944.,34,703,737
WBGene00006945.,134,2281,2415
WBGene00006946.,65,723,788
WBGene00006947.,7,268,275
WBGene00006948.,6,396,402
WBGene00006949.,52,494,546
WBGene00006950.,18,108,126
WBGene00006951.,135,1192,1327
WBGene00006952.,27,596,623
WBGene00006953.,18,5,23
WBGene00006954.,4,53,57
WBGene00006955.,64,238,302
WBGene00006956.,179,4178,4357
WBGene00006957.,220,1603,1823
WBGene00006958.,78,408,486
WBGene00006959.,1740,71691,73431
WBGene00006960.,31,87,118
WBGene00006961.,673,7887,8560
WBGene00006962.,8,26,34
WBGene00006963.,45,1238,1283
WBGene00006964.,323,2939,3262
WBGene00006965.,0,61,61
WBGene00006966.,6,88,94
WBGene00006967.,0,46,46
WBGene00006968.,111,1637,1748
WBGene00006970.,34,1799,1833
WBGene00006971.,71,764,835
WBGene00006974.,41,1425,1466
WBGene00006975.,812,6627,7439
WBGene00006976.,795,347,1142
WBGene00006977.,15,217,232
WBGene00006978.,186,6131,6317
WBGene00006979.,0,217,217
WBGene00006980.,3,206,209
WBGene00006981.,2,449,451
WBGene00006982.,80,1416,1496
WBGene00006983.,140,835,975
WBGene00006984.,1362,6103,7465
WBGene00006985.,262,877,1139
WBGene00006986.,265,1169,1434
WBGene00006987.,132,197,329
WBGene00006988.,73,560,633
WBGene00006993.,222,733,955
WBGene00006994.,142,2564,2706
WBGene00006996.,20,1085,1105
WBGene00006997.,22,687,709
WBGene00006999.,2033,21505,23538
WBGene00007000.,304,15260,15564
WBGene00007001.,38,3253,3291
WBGene00007006.,145,655,800
WBGene00007007.,184,1808,1992
WBGene00007008.,141,3268,3409
WBGene00007009.,148,2701,2849
WBGene00007010.,183,2691,2874
WBGene00007011.,29,360,389
WBGene00007012.,85,590,675
WBGene00007013.,269,757,1026
WBGene00007014.,59,340,399
WBGene00007015.,10,636,646
WBGene00007016.,420,5528,5948
WBGene00007017.,733,827,1560
WBGene00007018.,118,1370,1488
WBGene00007019.,125,3203,3328
WBGene00007020.,174,794,968
WBGene00007021.,79,1704,1783
WBGene00007022.,345,2866,3211
WBGene00007023.,109,1497,1606
WBGene00007024.,1954,9472,11426
WBGene00007025.,232,1997,2229
WBGene00007026.,70,654,724
WBGene00007027.,1186,5046,6232
WBGene00007028.,100,3136,3236
WBGene00007029.,187,1216,1403
WBGene00007030.,1256,11227,12483
WBGene00007036.,3,20,23
WBGene00007041.,87,378,465
WBGene00007042.,212,7046,7258
WBGene00007043.,5,530,535
WBGene00007044.,282,3815,4097
WBGene00007045.,3,469,472
WBGene00007047.,124,615,739
WBGene00007048.,117,3879,3996
WBGene00007049.,7,48,55
WBGene00007050.,665,6573,7238
WBGene00007053.,256,6029,6285
WBGene00007054.,821,2023,2844
WBGene00007055.,133,3405,3538
WBGene00007056.,122,591,713
WBGene00007057.,0,30,30
WBGene00007058.,244,4001,4245
WBGene00007059.,54,603,657
WBGene00007060.,0,6,6
WBGene00007062.,0,0,0
WBGene00007063.,113,419,532
WBGene00007064.,127,723,850
WBGene00007065.,19,269,288
WBGene00007066.,2,10,12
WBGene00007067.,111,730,841
WBGene00007068.,156,962,1118
WBGene00007070.,30,775,805
WBGene00007071.,126,1599,1725
WBGene00007072.,7,33,40
WBGene00007073.,24,237,261
WBGene00007074.,0,1,1
WBGene00007075.,0,0,0
WBGene00007076.,0,0,0
WBGene00007077.,14,0,14
WBGene00007078.,0,0,0
WBGene00007079.,0,0,0
WBGene00007080.,2,2,4
WBGene00007081.,2,0,2
WBGene00007082.,2,23,25
WBGene00007083.,3,8,11
WBGene00007085.,0,200,200
WBGene00007087.,79,1211,1290
WBGene00007088.,87,1822,1909
WBGene00007089.,105,1234,1339
WBGene00007090.,26,651,677
WBGene00007091.,534,4717,5251
WBGene00007092.,46,269,315
WBGene00007093.,13,603,616
WBGene00007094.,143,510,653
WBGene00007096.,52,608,660
WBGene00007097.,19,32,51
WBGene00007099.,360,4538,4898
WBGene00007100.,19,735,754
WBGene00007101.,45,2786,2831
WBGene00007102.,20,199,219
WBGene00007103.,113,852,965
WBGene00007104.,99,773,872
WBGene00007105.,121,3111,3232
WBGene00007106.,131,2105,2236
WBGene00007107.,885,9720,10605
WBGene00007108.,165,2075,2240
WBGene00007109.,12,246,258
WBGene00007110.,147,1996,2143
WBGene00007111.,104,2133,2237
WBGene00007112.,54,263,317
WBGene00007113.,125,2259,2384
WBGene00007114.,27,168,195
WBGene00007115.,70,187,257
WBGene00007116.,63,279,342
WBGene00007117.,8,29,37
WBGene00007118.,90,942,1032
WBGene00007119.,162,971,1133
WBGene00007120.,3,64,67
WBGene00007121.,79,198,277
WBGene00007122.,155,8358,8513
WBGene00007123.,1,3,4
WBGene00007124.,26,118,144
WBGene00007125.,0,10,10
WBGene00007126.,130,868,998
WBGene00007127.,0,1,1
WBGene00007128.,72,621,693
WBGene00007129.,39,5487,5526
WBGene00007130.,46,282,328
WBGene00007131.,20,60,80
WBGene00007132.,1,35,36
WBGene00007133.,21,545,566
WBGene00007134.,15,12,27
WBGene00007135.,328,1420,1748
WBGene00007136.,194,1742,1936
WBGene00007137.,139,1772,1911
WBGene00007138.,45,292,337
WBGene00007139.,247,3311,3558
WBGene00007140.,14,32,46
WBGene00007141.,4,32,36
WBGene00007142.,552,6081,6633
WBGene00007143.,54,1519,1573
WBGene00007144.,41,1378,1419
WBGene00007145.,14,800,814
WBGene00007146.,21,139,160
WBGene00007147.,3,5,8
WBGene00007148.,3,4,7
WBGene00007149.,4,71,75
WBGene00007150.,11,1330,1341
WBGene00007151.,11,4,15
WBGene00007152.,11,23,34
WBGene00007153.,1,79,80
WBGene00007154.,60,357,417
WBGene00007155.,519,11186,11705
WBGene00007156.,4,5,9
WBGene00007158.,0,11,11
WBGene00007159.,1,8,9
WBGene00007160.,2,1,3
WBGene00007161.,0,0,0
WBGene00007162.,70,256,326
WBGene00007163.,3,2,5
WBGene00007164.,0,31,31
WBGene00007165.,140,171,311
WBGene00007166.,10,550,560
WBGene00007167.,190,1189,1379
WBGene00007168.,8,856,864
WBGene00007169.,14,27,41
WBGene00007170.,52,330,382
WBGene00007171.,11,137,148
WBGene00007172.,7,100,107
WBGene00007173.,0,0,0
WBGene00007174.,44,370,414
WBGene00007175.,55,1547,1602
WBGene00007176.,1068,935,2003
WBGene00007177.,11,82,93
WBGene00007178.,5,528,533
WBGene00007179.,6,9,15
WBGene00007180.,71,925,996
WBGene00007181.,5,5,10
WBGene00007182.,1,4,5
WBGene00007183.,4,126,130
WBGene00007184.,284,5538,5822
WBGene00007185.,109,919,1028
WBGene00007186.,51,1259,1310
WBGene00007187.,50,361,411
WBGene00007188.,111,821,932
WBGene00007189.,36,529,565
WBGene00007190.,12,30,42
WBGene00007191.,34,147,181
WBGene00007192.,761,10364,11125
WBGene00007193.,141,1155,1296
WBGene00007194.,13,1138,1151
WBGene00007195.,164,1410,1574
WBGene00007196.,171,435,606
WBGene00007197.,867,6602,7469
WBGene00007198.,4,15,19
WBGene00007199.,14,11,25
WBGene00007200.,200,1354,1554
WBGene00007201.,0,182,182
WBGene00007202.,25,343,368
WBGene00007203.,2,353,355
WBGene00007204.,6,11,17
WBGene00007206.,0,132,132
WBGene00007207.,139,1402,1541
WBGene00007208.,0,0,0
WBGene00007209.,3,2,5
WBGene00007210.,51,217,268
WBGene00007211.,5,4,9
WBGene00007212.,13,70,83
WBGene00007213.,22,532,554
WBGene00007214.,254,1215,1469
WBGene00007215.,95,2170,2265
WBGene00007216.,307,1115,1422
WBGene00007217.,182,4302,4484
WBGene00007218.,77,10,87
WBGene00007219.,51,2165,2216
WBGene00007220.,3,12,15
WBGene00007221.,64,612,676
WBGene00007222.,1,80,81
WBGene00007223.,369,6879,7248
WBGene00007224.,10,49,59
WBGene00007225.,0,46,46
WBGene00007226.,138,1212,1350
WBGene00007227.,334,7494,7828
WBGene00007228.,30,232,262
WBGene00007229.,26,57,83
WBGene00007230.,3,11,14
WBGene00007231.,67,86,153
WBGene00007232.,45,180,225
WBGene00007233.,55,1521,1576
WBGene00007234.,2,656,658
WBGene00007235.,609,11860,12469
WBGene00007236.,2,449,451
WBGene00007237.,95,494,589
WBGene00007238.,0,4,4
WBGene00007239.,0,2,2
WBGene00007240.,294,2312,2606
WBGene00007241.,66,307,373
WBGene00007242.,46,588,634
WBGene00007243.,2,30,32
WBGene00007244.,2,5,7
WBGene00007245.,0,3,3
WBGene00007246.,1,43,44
WBGene00007247.,45,156,201
WBGene00007248.,2,5,7
WBGene00007249.,1,4,5
WBGene00007250.,0,20,20
WBGene00007251.,0,7,7
WBGene00007252.,44,258,302
WBGene00007253.,41,331,372
WBGene00007254.,21,92,113
WBGene00007255.,14,93,107
WBGene00007256.,1777,4534,6311
WBGene00007257.,562,2262,2824
WBGene00007258.,81,750,831
WBGene00007259.,6,3,9
WBGene00007260.,469,1000,1469
WBGene00007261.,187,3453,3640
WBGene00007262.,29,83,112
WBGene00007264.,25,121,146
WBGene00007265.,0,7,7
WBGene00007266.,67,1102,1169
WBGene00007267.,44,439,483
WBGene00007268.,21,124,145
WBGene00007269.,8,13,21
WBGene00007270.,50,1181,1231
WBGene00007271.,87,266,353
WBGene00007273.,43,22,65
WBGene00007274.,5,31,36
WBGene00007275.,60,204,264
WBGene00007277.,9,91,100
WBGene00007278.,4,28,32
WBGene00007279.,2,1,3
WBGene00007281.,2,96,98
WBGene00007282.,13,25,38
WBGene00007283.,1,0,1
WBGene00007284.,219,684,903
WBGene00007285.,7,212,219
WBGene00007286.,33,311,344
WBGene00007287.,15,512,527
WBGene00007288.,6,27,33
WBGene00007289.,2,1,3
WBGene00007290.,0,1,1
WBGene00007291.,1,5,6
WBGene00007292.,0,7,7
WBGene00007293.,0,0,0
WBGene00007294.,1,1,2
WBGene00007295.,10,130,140
WBGene00007296.,124,2217,2341
WBGene00007297.,44,298,342
WBGene00007299.,12,464,476
WBGene00007300.,1,1,2
WBGene00007301.,1309408,70,1309478
WBGene00007302.,60,1342,1402
WBGene00007303.,10,108,118
WBGene00007304.,108,609,717
WBGene00007305.,3,11,14
WBGene00007306.,1,3,4
WBGene00007307.,0,6,6
WBGene00007308.,0,1,1
WBGene00007309.,4,9,13
WBGene00007310.,4,14,18
WBGene00007311.,3,1,4
WBGene00007312.,25,1144,1169
WBGene00007313.,1,6,7
WBGene00007314.,31,49,80
WBGene00007315.,2,4,6
WBGene00007316.,364,1832,2196
WBGene00007317.,41,3086,3127
WBGene00007319.,4,3,7
WBGene00007320.,0,6,6
WBGene00007321.,30,455,485
WBGene00007322.,8,21,29
WBGene00007323.,7,8,15
WBGene00007324.,429,3489,3918
WBGene00007325.,4,59,63
WBGene00007326.,24,72,96
WBGene00007327.,23,102,125
WBGene00007328.,5,8,13
WBGene00007329.,132,1062,1194
WBGene00007330.,323,17311,17634
WBGene00007331.,286,1602,1888
WBGene00007332.,1,357,358
WBGene00007333.,196,1430,1626
WBGene00007334.,66,459,525
WBGene00007335.,2,1,3
WBGene00007336.,15,178,193
WBGene00007337.,1,15,16
WBGene00007338.,24,185,209
WBGene00007339.,13,100,113
WBGene00007340.,29,56,85
WBGene00007341.,0,0,0
WBGene00007342.,0,4,4
WBGene00007343.,20,248,268
WBGene00007344.,7,59,66
WBGene00007345.,35,333,368
WBGene00007346.,19,79,98
WBGene00007347.,56,119,175
WBGene00007348.,67,352,419
WBGene00007349.,84,717,801
WBGene00007350.,946,17764,18710
WBGene00007351.,36,129,165
WBGene00007352.,259,6917,7176
WBGene00007353.,605,4818,5423
WBGene00007354.,12,75,87
WBGene00007355.,0,8795,8795
WBGene00007356.,0,1,1
WBGene00007357.,217,1260,1477
WBGene00007358.,8,13,21
WBGene00007359.,0,0,0
WBGene00007360.,4,15,19
WBGene00007361.,9,7,16
WBGene00007362.,19,117,136
WBGene00007363.,55,1667,1722
WBGene00007364.,3,24,27
WBGene00007365.,615,12814,13429
WBGene00007366.,185,564,749
WBGene00007367.,30,309,339
WBGene00007368.,6,21,27
WBGene00007369.,0,4,4
WBGene00007370.,1,3,4
WBGene00007372.,13,80,93
WBGene00007373.,0,1,1
WBGene00007374.,12,62,74
WBGene00007375.,66,254,320
WBGene00007376.,2,11,13
WBGene00007377.,2,1,3
WBGene00007378.,22,26,48
WBGene00007379.,1,2,3
WBGene00007380.,1,0,1
WBGene00007381.,0,3,3
WBGene00007382.,3,21,24
WBGene00007383.,0,0,0
WBGene00007384.,5,301,306
WBGene00007385.,5060,59920,64980
WBGene00007386.,113,1646,1759
WBGene00007387.,153,646,799
WBGene00007388.,85,608,693
WBGene00007389.,49,426,475
WBGene00007390.,23,3263,3286
WBGene00007391.,2,23,25
WBGene00007392.,0,12,12
WBGene00007393.,3,8,11
WBGene00007394.,10,72,82
WBGene00007395.,66,444,510
WBGene00007396.,72,640,712
WBGene00007397.,5,103,108
WBGene00007398.,0,14,14
WBGene00007399.,8,24,32
WBGene00007400.,79,2762,2841
WBGene00007401.,0,0,0
WBGene00007402.,83,867,950
WBGene00007403.,72,712,784
WBGene00007404.,7,12,19
WBGene00007405.,265,3610,3875
WBGene00007406.,5,4,9
WBGene00007407.,4,12,16
WBGene00007408.,12,218,230
WBGene00007409.,48,211,259
WBGene00007410.,30,48,78
WBGene00007411.,20,483,503
WBGene00007412.,38,1144,1182
WBGene00007413.,327,3044,3371
WBGene00007414.,63,452,515
WBGene00007415.,8,29,37
WBGene00007416.,39,180,219
WBGene00007417.,53,826,879
WBGene00007418.,7,36,43
WBGene00007419.,306,2129,2435
WBGene00007420.,2,144,146
WBGene00007421.,51,606,657
WBGene00007422.,10,92,102
WBGene00007423.,1,4,5
WBGene00007424.,5,31,36
WBGene00007425.,8,137,145
WBGene00007426.,2,15,17
WBGene00007427.,5,2,7
WBGene00007428.,179,2014,2193
WBGene00007429.,156,2887,3043
WBGene00007430.,10,379,389
WBGene00007431.,4,31,35
WBGene00007432.,2,0,2
WBGene00007433.,248,3941,4189
WBGene00007434.,16,515,531
WBGene00007435.,17,513,530
WBGene00007436.,3,691,694
WBGene00007437.,5,14,19
WBGene00007438.,2,2,4
WBGene00007439.,9,78,87
WBGene00007440.,11,73,84
WBGene00007441.,0,3,3
WBGene00007442.,0,7,7
WBGene00007443.,962,11949,12911
WBGene00007444.,88,1212,1300
WBGene00007445.,15,349,364
WBGene00007446.,0,5,5
WBGene00007447.,1,1,2
WBGene00007448.,0,18,18
WBGene00007449.,463,8231,8694
WBGene00007450.,871,6822,7693
WBGene00007451.,0,1,1
WBGene00007452.,6,7,13
WBGene00007453.,2,9,11
WBGene00007454.,0,15,15
WBGene00007455.,21,382,403
WBGene00007456.,0,3,3
WBGene00007457.,0,1,1
WBGene00007458.,1,0,1
WBGene00007459.,0,0,0
WBGene00007460.,4,355,359
WBGene00007461.,2,0,2
WBGene00007462.,11,108,119
WBGene00007463.,194,15897,16091
WBGene00007464.,24,317,341
WBGene00007465.,10,66,76
WBGene00007466.,2,13,15
WBGene00007467.,0,63,63
WBGene00007468.,3,4,7
WBGene00007469.,4,34,38
WBGene00007470.,3,41,44
WBGene00007471.,5,58,63
WBGene00007472.,2,2,4
WBGene00007473.,0,4,4
WBGene00007474.,46,678,724
WBGene00007475.,0,0,0
WBGene00007476.,3,1486,1489
WBGene00007478.,5,2,7
WBGene00007479.,40,1787,1827
WBGene00007480.,40,224,264
WBGene00007481.,0,0,0
WBGene00007482.,13,134,147
WBGene00007483.,4,64,68
WBGene00007484.,6,63,69
WBGene00007485.,8,17,25
WBGene00007486.,305,564,869
WBGene00007487.,85,1363,1448
WBGene00007488.,89,1105,1194
WBGene00007489.,2,12,14
WBGene00007490.,63,431,494
WBGene00007492.,407,3938,4345
WBGene00007493.,28,1002,1030
WBGene00007494.,6,22,28
WBGene00007495.,76,427,503
WBGene00007496.,4,9,13
WBGene00007497.,3,10,13
WBGene00007499.,180,430,610
WBGene00007500.,177,2158,2335
WBGene00007502.,75,371,446
WBGene00007503.,10,35,45
WBGene00007504.,24,503,527
WBGene00007505.,422,2724,3146
WBGene00007506.,10,32,42
WBGene00007507.,10,80,90
WBGene00007508.,0,19,19
WBGene00007509.,11,104,115
WBGene00007511.,113,1481,1594
WBGene00007512.,3,6,9
WBGene00007513.,40,213,253
WBGene00007514.,107,3641,3748
WBGene00007515.,14,128,142
WBGene00007516.,38,831,869
WBGene00007517.,7,152,159
WBGene00007518.,16,79,95
WBGene00007520.,98,1159,1257
WBGene00007521.,6,13,19
WBGene00007522.,130,188,318
WBGene00007523.,0,1,1
WBGene00007525.,6,187,193
WBGene00007528.,29,263,292
WBGene00007529.,48,633,681
WBGene00007530.,13,54,67
WBGene00007531.,72,1091,1163
WBGene00007533.,63,397,460
WBGene00007534.,91,6778,6869
WBGene00007535.,1,8,9
WBGene00007536.,7,67,74
WBGene00007537.,13,539,552
WBGene00007538.,3,28,31
WBGene00007539.,0,0,0
WBGene00007540.,1,5,6
WBGene00007541.,14,1253,1267
WBGene00007542.,5,31,36
WBGene00007543.,15,291,306
WBGene00007544.,49,670,719
WBGene00007545.,114,329,443
WBGene00007546.,77,548,625
WBGene00007547.,119,960,1079
WBGene00007548.,54,414,468
WBGene00007549.,33,258,291
WBGene00007550.,26,190,216
WBGene00007551.,82,1570,1652
WBGene00007552.,23,343,366
WBGene00007553.,4,1149,1153
WBGene00007554.,212,3512,3724
WBGene00007555.,6,6304,6310
WBGene00007556.,69,917,986
WBGene00007557.,15,121,136
WBGene00007558.,14,71,85
WBGene00007559.,0,2,2
WBGene00007560.,15,129,144
WBGene00007561.,21,918,939
WBGene00007562.,140,503,643
WBGene00007563.,4,69,73
WBGene00007564.,7,3579,3586
WBGene00007565.,3,8,11
WBGene00007567.,0,0,0
WBGene00007569.,1,0,1
WBGene00007570.,4,0,4
WBGene00007571.,2,0,2
WBGene00007572.,2,5,7
WBGene00007573.,33,977,1010
WBGene00007574.,59,1496,1555
WBGene00007576.,64,1041,1105
WBGene00007577.,145,728,873
WBGene00007578.,3,259,262
WBGene00007579.,93,1248,1341
WBGene00007580.,21,208,229
WBGene00007581.,29,702,731
WBGene00007583.,251,1339,1590
WBGene00007584.,3,31,34
WBGene00007585.,32,306,338
WBGene00007586.,32,3914,3946
WBGene00007587.,88,2919,3007
WBGene00007588.,65,3958,4023
WBGene00007589.,6,376,382
WBGene00007590.,255,2985,3240
WBGene00007591.,157,1666,1823
WBGene00007592.,443,3012,3455
WBGene00007593.,245,1328,1573
WBGene00007594.,94,1765,1859
WBGene00007595.,24,128,152
WBGene00007597.,197,261,458
WBGene00007598.,2,12,14
WBGene00007599.,166,831,997
WBGene00007600.,14,492,506
WBGene00007601.,2,12,14
WBGene00007602.,542,1360,1902
WBGene00007603.,50,320,370
WBGene00007604.,2,224,226
WBGene00007605.,24,584,608
WBGene00007606.,34,852,886
WBGene00007607.,14,192,206
WBGene00007608.,8,122,130
WBGene00007609.,11,887,898
WBGene00007610.,0,0,0
WBGene00007611.,1,21,22
WBGene00007613.,6,13,19
WBGene00007614.,173,759,932
WBGene00007615.,145,1183,1328
WBGene00007616.,269,2771,3040
WBGene00007617.,397,9705,10102
WBGene00007618.,7,23,30
WBGene00007619.,75,175,250
WBGene00007620.,1856,2058,3914
WBGene00007621.,335,2759,3094
WBGene00007622.,81,263,344
WBGene00007623.,178,1997,2175
WBGene00007624.,9,559,568
WBGene00007625.,183,3400,3583
WBGene00007626.,66,2057,2123
WBGene00007627.,47,1284,1331
WBGene00007628.,162,1864,2026
WBGene00007629.,43,369,412
WBGene00007630.,29,24657,24686
WBGene00007631.,19,8,27
WBGene00007632.,2,28,30
WBGene00007633.,51,46,97
WBGene00007635.,196,547,743
WBGene00007637.,181,895,1076
WBGene00007638.,0,0,0
WBGene00007639.,8,21,29
WBGene00007640.,180,827,1007
WBGene00007641.,2,3,5
WBGene00007642.,0,1,1
WBGene00007643.,4,53,57
WBGene00007644.,11,98,109
WBGene00007645.,454,2334,2788
WBGene00007646.,384,5876,6260
WBGene00007647.,508,3562,4070
WBGene00007648.,1,5,6
WBGene00007649.,2,1,3
WBGene00007650.,25,103,128
WBGene00007651.,94,881,975
WBGene00007652.,101,1260,1361
WBGene00007653.,227,4530,4757
WBGene00007654.,5,6,11
WBGene00007655.,94,0,94
WBGene00007656.,3,2,5
WBGene00007657.,5,3,8
WBGene00007658.,7,7,14
WBGene00007659.,1,6,7
WBGene00007660.,1,2,3
WBGene00007661.,7,6,13
WBGene00007662.,4,12,16
WBGene00007664.,117,1643,1760
WBGene00007666.,181,1514,1695
WBGene00007667.,34,358,392
WBGene00007668.,111,1338,1449
WBGene00007669.,16,52,68
WBGene00007670.,34,110,144
WBGene00007672.,0,9,9
WBGene00007673.,0,1,1
WBGene00007674.,4,2,6
WBGene00007675.,50,294,344
WBGene00007676.,3,5,8
WBGene00007677.,1,3,4
WBGene00007678.,1,0,1
WBGene00007679.,85,2219,2304
WBGene00007680.,35,101,136
WBGene00007681.,720,4583,5303
WBGene00007682.,1,20,21
WBGene00007683.,990,11423,12413
WBGene00007684.,1537,17891,19428
WBGene00007685.,30,143,173
WBGene00007686.,63,7909,7972
WBGene00007687.,16,134,150
WBGene00007688.,1,3,4
WBGene00007689.,24,1013,1037
WBGene00007690.,471,694,1165
WBGene00007691.,2,24,26
WBGene00007692.,5,25,30
WBGene00007693.,7,6,13
WBGene00007694.,9,56,65
WBGene00007695.,10,39,49
WBGene00007696.,109,7704,7813
WBGene00007697.,122,761,883
WBGene00007698.,98,1065,1163
WBGene00007699.,0,1,1
WBGene00007700.,0,1,1
WBGene00007701.,6,9,15
WBGene00007702.,165,605,770
WBGene00007703.,888,3095,3983
WBGene00007704.,17,281,298
WBGene00007705.,13,1109,1122
WBGene00007707.,12,807,819
WBGene00007708.,0,0,0
WBGene00007709.,4,341,345
WBGene00007710.,31,978,1009
WBGene00007711.,20,1176,1196
WBGene00007712.,10,4463,4473
WBGene00007713.,0,21,21
WBGene00007714.,0,0,0
WBGene00007715.,0,0,0
WBGene00007716.,1,1,2
WBGene00007717.,7,45,52
WBGene00007718.,2,2197,2199
WBGene00007719.,0,3,3
WBGene00007720.,2,740,742
WBGene00007721.,0,2,2
WBGene00007722.,21,250,271
WBGene00007723.,20,35,55
WBGene00007724.,25,9,34
WBGene00007725.,5,9,14
WBGene00007726.,5,18,23
WBGene00007727.,3,3,6
WBGene00007728.,2,7,9
WBGene00007729.,40,449,489
WBGene00007730.,21,1193,1214
WBGene00007731.,3,1005,1008
WBGene00007732.,1,45,46
WBGene00007733.,0,3,3
WBGene00007734.,0,10,10
WBGene00007735.,2,1,3
WBGene00007736.,62,1050,1112
WBGene00007739.,71,42,113
WBGene00007740.,1,6,7
WBGene00007741.,48,349,397
WBGene00007742.,22,64,86
WBGene00007743.,22,149,171
WBGene00007744.,369,588,957
WBGene00007745.,92,489,581
WBGene00007746.,31,434,465
WBGene00007747.,1,6,7
WBGene00007748.,10,39,49
WBGene00007749.,42,650,692
WBGene00007750.,84,1082,1166
WBGene00007751.,16,37,53
WBGene00007752.,398,1942,2340
WBGene00007753.,88,513,601
WBGene00007754.,21,74,95
WBGene00007755.,77,236,313
WBGene00007756.,167,1015,1182
WBGene00007757.,36,85,121
WBGene00007758.,323,2063,2386
WBGene00007759.,1,7,8
WBGene00007760.,27,723,750
WBGene00007761.,305,2021,2326
WBGene00007762.,19,672,691
WBGene00007763.,49,161,210
WBGene00007764.,310,1556,1866
WBGene00007765.,16,57,73
WBGene00007766.,6,241,247
WBGene00007767.,0,0,0
WBGene00007768.,4,7,11
WBGene00007769.,2,1,3
WBGene00007770.,0,0,0
WBGene00007771.,2,199,201
WBGene00007772.,67,1020,1087
WBGene00007773.,1,4,5
WBGene00007774.,93,1058,1151
WBGene00007775.,97,148,245
WBGene00007776.,19,242,261
WBGene00007777.,3,3,6
WBGene00007778.,5,17,22
WBGene00007779.,16,266,282
WBGene00007780.,16,250,266
WBGene00007784.,100,4790,4890
WBGene00007785.,15,1202,1217
WBGene00007786.,230,7391,7621
WBGene00007787.,23,2351,2374
WBGene00007788.,9,113,122
WBGene00007789.,8,119,127
WBGene00007791.,3,25,28
WBGene00007792.,2,5,7
WBGene00007793.,0,5,5
WBGene00007794.,1,2,3
WBGene00007795.,1,0,1
WBGene00007796.,29,154,183
WBGene00007797.,32,188,220
WBGene00007798.,10,2,12
WBGene00007799.,300,830,1130
WBGene00007800.,20,53,73
WBGene00007801.,249,863,1112
WBGene00007802.,47,76,123
WBGene00007804.,2,63,65
WBGene00007805.,2,3,5
WBGene00007806.,14,175,189
WBGene00007807.,11,125,136
WBGene00007808.,7,29,36
WBGene00007809.,5,19,24
WBGene00007810.,8,63,71
WBGene00007811.,13,211,224
WBGene00007812.,280,2711,2991
WBGene00007813.,7,5,12
WBGene00007816.,187,188,375
WBGene00007817.,231,406,637
WBGene00007818.,44,99,143
WBGene00007819.,10,220,230
WBGene00007820.,201,1581,1782
WBGene00007821.,43,176,219
WBGene00007822.,6,7,13
WBGene00007823.,18,118,136
WBGene00007824.,1648,4930,6578
WBGene00007825.,22,512,534
WBGene00007826.,21,1587,1608
WBGene00007827.,201,2573,2774
WBGene00007829.,5,1,6
WBGene00007831.,1,9,10
WBGene00007832.,0,6,6
WBGene00007833.,3,6,9
WBGene00007834.,2,0,2
WBGene00007835.,8,65,73
WBGene00007836.,15,1747,1762
WBGene00007837.,50,375,425
WBGene00007838.,0,25,25
WBGene00007840.,96,15,111
WBGene00007841.,48,979,1027
WBGene00007842.,0,99,99
WBGene00007844.,21,19,40
WBGene00007846.,48,583,631
WBGene00007847.,28,478,506
WBGene00007848.,435,6806,7241
WBGene00007849.,104,340,444
WBGene00007850.,4,6,10
WBGene00007851.,9,56,65
WBGene00007852.,0,0,0
WBGene00007853.,2,11,13
WBGene00007854.,106,348,454
WBGene00007855.,0,1428,1428
WBGene00007856.,7,442,449
WBGene00007857.,6,71,77
WBGene00007858.,7,59,66
WBGene00007859.,71,2383,2454
WBGene00007860.,590,2267,2857
WBGene00007861.,6,50,56
WBGene00007862.,121,424,545
WBGene00007863.,8,5,13
WBGene00007864.,4,20,24
WBGene00007865.,0,1,1
WBGene00007866.,0,9,9
WBGene00007867.,8,70,78
WBGene00007868.,1,82,83
WBGene00007869.,1,14,15
WBGene00007870.,3,76,79
WBGene00007871.,0,0,0
WBGene00007872.,0,0,0
WBGene00007873.,0,0,0
WBGene00007874.,0,1,1
WBGene00007875.,3,30,33
WBGene00007876.,1,2,3
WBGene00007877.,524,4563,5087
WBGene00007878.,185,432,617
WBGene00007880.,2240,13900,16140
WBGene00007881.,117,3256,3373
WBGene00007882.,118,3924,4042
WBGene00007883.,211,4911,5122
WBGene00007885.,41,422,463
WBGene00007886.,123,554,677
WBGene00007887.,2,1,3
WBGene00007888.,9,55,64
WBGene00007889.,8,0,8
WBGene00007890.,59,272,331
WBGene00007891.,5,31,36
WBGene00007892.,123,1856,1979
WBGene00007893.,0,5,5
WBGene00007894.,3,17,20
WBGene00007895.,0,0,0
WBGene00007896.,13,13,26
WBGene00007897.,6,23,29
WBGene00007898.,10,215,225
WBGene00007899.,100,586,686
WBGene00007900.,144,861,1005
WBGene00007901.,8,471,479
WBGene00007902.,0,74,74
WBGene00007903.,13,175,188
WBGene00007904.,12,42,54
WBGene00007905.,3,5,8
WBGene00007906.,52,550,602
WBGene00007907.,1158,5705,6863
WBGene00007908.,217,673,890
WBGene00007909.,108,84,192
WBGene00007910.,5,17,22
WBGene00007911.,6,78,84
WBGene00007912.,93,978,1071
WBGene00007913.,157,637,794
WBGene00007914.,106,1040,1146
WBGene00007916.,11,369,380
WBGene00007917.,139,1214,1353
WBGene00007918.,46,818,864
WBGene00007919.,207,1021,1228
WBGene00007920.,0,0,0
WBGene00007921.,185,1791,1976
WBGene00007922.,200,1080,1280
WBGene00007923.,303,2482,2785
WBGene00007924.,378,8391,8769
WBGene00007925.,82,1019,1101
WBGene00007926.,38,102,140
WBGene00007927.,394,5299,5693
WBGene00007928.,7,36,43
WBGene00007929.,103,568,671
WBGene00007931.,39,465,504
WBGene00007932.,84,446,530
WBGene00007933.,28,398,426
WBGene00007934.,102,2149,2251
WBGene00007935.,63,69,132
WBGene00007937.,3,8,11
WBGene00007938.,18,419,437
WBGene00007939.,30,213,243
WBGene00007941.,40,265,305
WBGene00007942.,64,2267,2331
WBGene00007943.,55,983,1038
WBGene00007944.,235,1643,1878
WBGene00007945.,6,44,50
WBGene00007946.,7,61,68
WBGene00007947.,111,884,995
WBGene00007948.,4,5,9
WBGene00007949.,3,92,95
WBGene00007950.,415,2205,2620
WBGene00007951.,164,470,634
WBGene00007952.,102,2627,2729
WBGene00007953.,102,397,499
WBGene00007954.,4,5,9
WBGene00007955.,141,5033,5174
WBGene00007956.,66,574,640
WBGene00007957.,12,122,134
WBGene00007958.,268,1141,1409
WBGene00007959.,62,670,732
WBGene00007960.,1,7,8
WBGene00007961.,0,8,8
WBGene00007962.,3,0,3
WBGene00007963.,1,9,10
WBGene00007964.,23,192,215
WBGene00007965.,30,417,447
WBGene00007966.,7,215,222
WBGene00007967.,19,244,263
WBGene00007969.,38,3267,3305
WBGene00007970.,33,251,284
WBGene00007971.,222,3652,3874
WBGene00007972.,148,955,1103
WBGene00007973.,2,19,21
WBGene00007974.,106,1506,1612
WBGene00007975.,95,1116,1211
WBGene00007976.,45,686,731
WBGene00007977.,4,14,18
WBGene00007978.,48,487,535
WBGene00007979.,51,931,982
WBGene00007980.,178,5144,5322
WBGene00007981.,95,2647,2742
WBGene00007982.,195,1305,1500
WBGene00007983.,128,696,824
WBGene00007984.,95,1094,1189
WBGene00007985.,89,189,278
WBGene00007986.,2,9,11
WBGene00007987.,0,3,3
WBGene00007988.,25,135,160
WBGene00007989.,5,141,146
WBGene00007990.,1,62,63
WBGene00007991.,30,303,333
WBGene00007992.,4,110,114
WBGene00007993.,142,5158,5300
WBGene00007994.,82,429,511
WBGene00007995.,2,2,4
WBGene00007996.,6,31,37
WBGene00007997.,42,54,96
WBGene00007998.,4,15,19
WBGene00007999.,33,543,576
WBGene00008000.,73,1902,1975
WBGene00008001.,1,0,1
WBGene00008002.,108,590,698
WBGene00008003.,5,305,310
WBGene00008005.,28,407,435
WBGene00008006.,133,997,1130
WBGene00008007.,6,37,43
WBGene00008008.,107,416,523
WBGene00008009.,4,3,7
WBGene00008010.,5,33,38
WBGene00008012.,0,1,1
WBGene00008013.,2,4,6
WBGene00008014.,0,3,3
WBGene00008015.,6,2,8
WBGene00008016.,0,2,2
WBGene00008017.,0,2,2
WBGene00008018.,154,596,750
WBGene00008019.,50,1054,1104
WBGene00008020.,3,112,115
WBGene00008021.,6,206,212
WBGene00008022.,64,406,470
WBGene00008023.,7,218,225
WBGene00008024.,1,7,8
WBGene00008025.,18,316,334
WBGene00008026.,8,7,15
WBGene00008027.,19,207,226
WBGene00008028.,24,254,278
WBGene00008029.,0,3,3
WBGene00008030.,0,8,8
WBGene00008031.,23,39,62
WBGene00008032.,377,3496,3873
WBGene00008033.,32,222,254
WBGene00008034.,273,4228,4501
WBGene00008035.,50,1555,1605
WBGene00008036.,2,2,4
WBGene00008037.,10,20,30
WBGene00008038.,3,4,7
WBGene00008039.,18,418,436
WBGene00008040.,398,4857,5255
WBGene00008041.,412,5733,6145
WBGene00008042.,4,19,23
WBGene00008043.,23,165,188
WBGene00008044.,2,6,8
WBGene00008045.,148,283,431
WBGene00008047.,11,25,36
WBGene00008048.,0,5,5
WBGene00008050.,24,823,847
WBGene00008051.,99,463,562
WBGene00008052.,52,809,861
WBGene00008053.,130,3510,3640
WBGene00008054.,16,12,28
WBGene00008055.,4,2,6
WBGene00008056.,2,5,7
WBGene00008057.,4,10,14
WBGene00008058.,0,0,0
WBGene00008059.,0,0,0
WBGene00008060.,0,0,0
WBGene00008061.,10,201,211
WBGene00008062.,16,175,191
WBGene00008063.,6,36,42
WBGene00008064.,512,164,676
WBGene00008065.,59,360,419
WBGene00008066.,1,57,58
WBGene00008067.,2,3,5
WBGene00008068.,1,2,3
WBGene00008069.,1,0,1
WBGene00008070.,0,44,44
WBGene00008071.,6,3,9
WBGene00008072.,6,29,35
WBGene00008073.,3,159,162
WBGene00008074.,3,6,9
WBGene00008075.,18,292,310
WBGene00008076.,45,659,704
WBGene00008077.,5,42,47
WBGene00008078.,33,472,505
WBGene00008079.,4,13,17
WBGene00008080.,4,55,59
WBGene00008081.,208,912,1120
WBGene00008082.,49,288,337
WBGene00008083.,8,19,27
WBGene00008084.,2,19,21
WBGene00008085.,41,493,534
WBGene00008086.,6,32,38
WBGene00008087.,0,0,0
WBGene00008088.,0,0,0
WBGene00008089.,72,1040,1112
WBGene00008090.,0,0,0
WBGene00008091.,4,33,37
WBGene00008092.,2,80,82
WBGene00008093.,28,34,62
WBGene00008094.,361,636,997
WBGene00008095.,7,103,110
WBGene00008096.,9,264,273
WBGene00008097.,1,26,27
WBGene00008098.,8,38,46
WBGene00008099.,5,34,39
WBGene00008100.,84,521,605
WBGene00008101.,2,43,45
WBGene00008102.,2,12,14
WBGene00008104.,0,0,0
WBGene00008105.,1,9,10
WBGene00008106.,5,17,22
WBGene00008107.,43,1309,1352
WBGene00008110.,300,5560,5860
WBGene00008111.,8,35,43
WBGene00008112.,6,11,17
WBGene00008113.,14,56,70
WBGene00008114.,11,105,116
WBGene00008117.,51,3437,3488
WBGene00008118.,202,1128,1330
WBGene00008119.,466,1840,2306
WBGene00008120.,385,1716,2101
WBGene00008121.,121,2636,2757
WBGene00008122.,0,1,1
WBGene00008123.,11,68,79
WBGene00008124.,4,10,14
WBGene00008125.,0,0,0
WBGene00008126.,8,6,14
WBGene00008127.,30,53,83
WBGene00008128.,13,165,178
WBGene00008129.,9,18,27
WBGene00008130.,10,173,183
WBGene00008131.,59,1244,1303
WBGene00008132.,3662,1464,5126
WBGene00008133.,94,105,199
WBGene00008134.,144,1179,1323
WBGene00008135.,0,0,0
WBGene00008136.,92,1433,1525
WBGene00008137.,1,32,33
WBGene00008138.,2,29,31
WBGene00008139.,16,172,188
WBGene00008140.,582,475,1057
WBGene00008141.,0,4,4
WBGene00008142.,47,368,415
WBGene00008143.,117,1553,1670
WBGene00008144.,40,470,510
WBGene00008145.,102,422,524
WBGene00008146.,7,30,37
WBGene00008147.,191,2543,2734
WBGene00008148.,36,464,500
WBGene00008149.,353,18833,19186
WBGene00008150.,22,68,90
WBGene00008151.,223,4638,4861
WBGene00008152.,22,482,504
WBGene00008153.,3,4,7
WBGene00008154.,4,1,5
WBGene00008155.,13,35,48
WBGene00008156.,6,6,12
WBGene00008157.,0,1,1
WBGene00008158.,0,4,4
WBGene00008159.,2,1,3
WBGene00008160.,4,3,7
WBGene00008161.,0,3,3
WBGene00008162.,4,1,5
WBGene00008163.,0,0,0
WBGene00008164.,61,2347,2408
WBGene00008165.,42,1154,1196
WBGene00008166.,39,1031,1070
WBGene00008167.,21,138,159
WBGene00008168.,78,940,1018
WBGene00008169.,13,209,222
WBGene00008170.,26,397,423
WBGene00008171.,7,104,111
WBGene00008172.,0,181,181
WBGene00008173.,14,556,570
WBGene00008174.,31,200,231
WBGene00008175.,2,6,8
WBGene00008176.,4,42,46
WBGene00008177.,60,373,433
WBGene00008178.,114,43,157
WBGene00008179.,0,2,2
WBGene00008180.,12,84,96
WBGene00008183.,1324,1666,2990
WBGene00008184.,1,17,18
WBGene00008185.,21,8,29
WBGene00008186.,8,5,13
WBGene00008187.,42,35,77
WBGene00008188.,4,3,7
WBGene00008190.,32,21,53
WBGene00008191.,271,11298,11569
WBGene00008192.,1,1,2
WBGene00008193.,11,58,69
WBGene00008194.,33,179,212
WBGene00008195.,109,676,785
WBGene00008196.,0,89,89
WBGene00008197.,45,548,593
WBGene00008198.,23,1482,1505
WBGene00008199.,8,55,63
WBGene00008200.,5,17,22
WBGene00008201.,0,7,7
WBGene00008202.,0,26,26
WBGene00008203.,83,574,657
WBGene00008204.,29,528,557
WBGene00008205.,1322,37038,38360
WBGene00008206.,129,857,986
WBGene00008207.,5,27,32
WBGene00008208.,8,61,69
WBGene00008209.,1,17,18
WBGene00008210.,28,167,195
WBGene00008211.,95,1844,1939
WBGene00008212.,24,265,289
WBGene00008213.,38,335,373
WBGene00008214.,106,733,839
WBGene00008215.,18,2751,2769
WBGene00008216.,24,81,105
WBGene00008217.,0,0,0
WBGene00008218.,22,2258,2280
WBGene00008219.,16,978,994
WBGene00008220.,2,81,83
WBGene00008221.,72,844,916
WBGene00008222.,14,168,182
WBGene00008223.,7,6,13
WBGene00008224.,192,2964,3156
WBGene00008225.,32,1450,1482
WBGene00008226.,37,382,419
WBGene00008227.,55,251,306
WBGene00008228.,4,143,147
WBGene00008229.,14,255,269
WBGene00008230.,40,124,164
WBGene00008231.,0,7,7
WBGene00008232.,19,500,519
WBGene00008233.,28,1044,1072
WBGene00008234.,7,49,56
WBGene00008235.,5,37,42
WBGene00008236.,28,253,281
WBGene00008237.,116,1516,1632
WBGene00008238.,31,829,860
WBGene00008239.,13,54,67
WBGene00008240.,1,7,8
WBGene00008241.,0,4,4
WBGene00008242.,3,41,44
WBGene00008243.,1,0,1
WBGene00008244.,0,11,11
WBGene00008245.,5,124,129
WBGene00008246.,0,7,7
WBGene00008247.,125,76,201
WBGene00008248.,8,65,73
WBGene00008249.,19,43,62
WBGene00008250.,13,35,48
WBGene00008251.,6,35,41
WBGene00008252.,10,150,160
WBGene00008253.,2,35,37
WBGene00008254.,205,1201,1406
WBGene00008255.,37,392,429
WBGene00008256.,49,238,287
WBGene00008257.,4,33,37
WBGene00008258.,28,1063,1091
WBGene00008259.,1,11,12
WBGene00008260.,45,446,491
WBGene00008261.,6,35,41
WBGene00008262.,1392,58940,60332
WBGene00008263.,180,275,455
WBGene00008265.,173,317,490
WBGene00008266.,41,864,905
WBGene00008267.,6,63,69
WBGene00008268.,1,3,4
WBGene00008269.,0,57,57
WBGene00008270.,145,478,623
WBGene00008271.,8,11,19
WBGene00008272.,49,38,87
WBGene00008273.,115,536,651
WBGene00008274.,431,3186,3617
WBGene00008275.,50,550,600
WBGene00008277.,25,16,41
WBGene00008278.,206,277,483
WBGene00008279.,27,5,32
WBGene00008280.,44,232,276
WBGene00008281.,44,598,642
WBGene00008282.,3,10,13
WBGene00008283.,96,836,932
WBGene00008284.,192,1515,1707
WBGene00008285.,25,17,42
WBGene00008286.,1,18,19
WBGene00008287.,117,917,1034
WBGene00008288.,69,1122,1191
WBGene00008289.,2,1,3
WBGene00008290.,6,47,53
WBGene00008291.,1,8,9
WBGene00008292.,28,485,513
WBGene00008293.,3,2,5
WBGene00008294.,0,3,3
WBGene00008295.,0,0,0
WBGene00008296.,41,342,383
WBGene00008297.,4,13,17
WBGene00008298.,309,3046,3355
WBGene00008299.,2,2,4
WBGene00008300.,14,348,362
WBGene00008301.,5,6,11
WBGene00008302.,9,25,34
WBGene00008303.,31,106,137
WBGene00008304.,7,75,82
WBGene00008306.,0,3,3
WBGene00008307.,169,386,555
WBGene00008308.,3,5,8
WBGene00008309.,4,33,37
WBGene00008310.,120,1392,1512
WBGene00008311.,103,1603,1706
WBGene00008312.,3,1,4
WBGene00008313.,2,17,19
WBGene00008314.,55,174,229
WBGene00008315.,280,1838,2118
WBGene00008316.,66,493,559
WBGene00008317.,53,687,740
WBGene00008318.,16,531,547
WBGene00008319.,0,1,1
WBGene00008320.,38,265,303
WBGene00008321.,0,0,0
WBGene00008322.,0,5,5
WBGene00008323.,9,363,372
WBGene00008324.,0,15,15
WBGene00008325.,7,16,23
WBGene00008326.,0,2,2
WBGene00008327.,1,2,3
WBGene00008328.,6,2,8
WBGene00008330.,19,1199,1218
WBGene00008331.,229,2362,2591
WBGene00008332.,58,436,494
WBGene00008333.,25,560,585
WBGene00008334.,89,760,849
WBGene00008335.,51,589,640
WBGene00008336.,10,169,179
WBGene00008337.,0,0,0
WBGene00008338.,281,3029,3310
WBGene00008339.,47,1040,1087
WBGene00008340.,1,10,11
WBGene00008341.,15,339,354
WBGene00008342.,78,325,403
WBGene00008343.,6,630,636
WBGene00008344.,153,1418,1571
WBGene00008345.,87,1946,2033
WBGene00008346.,20,102,122
WBGene00008348.,174,449,623
WBGene00008349.,17,51,68
WBGene00008350.,6,24,30
WBGene00008351.,0,1,1
WBGene00008352.,2,25,27
WBGene00008353.,9,532,541
WBGene00008354.,54,505,559
WBGene00008355.,12,106,118
WBGene00008356.,54,54119,54173
WBGene00008357.,17,7141,7158
WBGene00008358.,61,10689,10750
WBGene00008359.,116,20998,21114
WBGene00008360.,7,10872,10879
WBGene00008361.,38,513,551
WBGene00008362.,93,2241,2334
WBGene00008363.,17,474,491
WBGene00008364.,16,659,675
WBGene00008365.,7,30,37
WBGene00008366.,308,1372,1680
WBGene00008367.,0,4,4
WBGene00008368.,79,337,416
WBGene00008369.,96,311,407
WBGene00008370.,248,1847,2095
WBGene00008371.,187,1357,1544
WBGene00008372.,4,26,30
WBGene00008373.,4,4,8
WBGene00008374.,1,2,3
WBGene00008375.,19,1076,1095
WBGene00008376.,80,666,746
WBGene00008377.,1,1,2
WBGene00008378.,0,4,4
WBGene00008379.,24,286,310
WBGene00008380.,105,1420,1525
WBGene00008381.,4,1,5
WBGene00008382.,46,412,458
WBGene00008383.,13,44,57
WBGene00008384.,4,136,140
WBGene00008385.,25,559,584
WBGene00008386.,380,4461,4841
WBGene00008387.,21,117,138
WBGene00008388.,32,150,182
WBGene00008389.,82,1779,1861
WBGene00008390.,80,617,697
WBGene00008392.,1645,11041,12686
WBGene00008393.,1,3,4
WBGene00008394.,1,2,3
WBGene00008395.,663,6938,7601
WBGene00008396.,0,31,31
WBGene00008397.,0,0,0
WBGene00008398.,427,4256,4683
WBGene00008399.,71,468,539
WBGene00008400.,136,1492,1628
WBGene00008401.,29,70,99
WBGene00008402.,62,1049,1111
WBGene00008403.,25,160,185
WBGene00008404.,38,1540,1578
WBGene00008405.,35,1966,2001
WBGene00008407.,490,1793,2283
WBGene00008408.,47,1177,1224
WBGene00008409.,94,3223,3317
WBGene00008410.,43,1104,1147
WBGene00008411.,76,1383,1459
WBGene00008412.,135,1190,1325
WBGene00008413.,48,1147,1195
WBGene00008414.,507,14698,15205
WBGene00008415.,238,9634,9872
WBGene00008417.,28,463,491
WBGene00008418.,47,350,397
WBGene00008419.,564,3506,4070
WBGene00008420.,317,1935,2252
WBGene00008421.,82,394,476
WBGene00008422.,43,1727,1770
WBGene00008423.,2,25,27
WBGene00008424.,17,197,214
WBGene00008425.,13,53,66
WBGene00008426.,73,455,528
WBGene00008427.,15,49,64
WBGene00008428.,49,1345,1394
WBGene00008429.,133,1072,1205
WBGene00008430.,272,2042,2314
WBGene00008431.,205,721,926
WBGene00008432.,127,1095,1222
WBGene00008433.,1,7,8
WBGene00008434.,73,1890,1963
WBGene00008435.,71,370,441
WBGene00008436.,305,3224,3529
WBGene00008438.,848,2637,3485
WBGene00008439.,150,861,1011
WBGene00008440.,6,241,247
WBGene00008441.,180,634,814
WBGene00008442.,262,926,1188
WBGene00008443.,2394,1479,3873
WBGene00008444.,596,1338,1934
WBGene00008446.,558,7121,7679
WBGene00008447.,62,911,973
WBGene00008448.,1,41,42
WBGene00008449.,6,164,170
WBGene00008450.,33,1848,1881
WBGene00008451.,11,64,75
WBGene00008452.,177,3699,3876
WBGene00008453.,338,2293,2631
WBGene00008454.,15,775,790
WBGene00008455.,191,2371,2562
WBGene00008456.,10,585,595
WBGene00008457.,86,456,542
WBGene00008458.,145,1451,1596
WBGene00008459.,140,1626,1766
WBGene00008460.,76,67,143
WBGene00008462.,11,27,38
WBGene00008463.,0,20,20
WBGene00008464.,0,4,4
WBGene00008465.,47,1,48
WBGene00008468.,3,18,21
WBGene00008470.,2,0,2
WBGene00008471.,1,2,3
WBGene00008472.,3,3,6
WBGene00008473.,1,0,1
WBGene00008474.,0,7,7
WBGene00008475.,2,9,11
WBGene00008476.,59,154,213
WBGene00008477.,0,24,24
WBGene00008478.,0,1,1
WBGene00008479.,0,0,0
WBGene00008480.,159,5764,5923
WBGene00008481.,32,196,228
WBGene00008482.,5,26,31
WBGene00008483.,10,29,39
WBGene00008484.,38,3659,3697
WBGene00008485.,2,12,14
WBGene00008486.,4,344,348
WBGene00008487.,29,106,135
WBGene00008488.,63,495,558
WBGene00008489.,11,24,35
WBGene00008490.,47,608,655
WBGene00008491.,164,184,348
WBGene00008492.,7,114,121
WBGene00008493.,0,6,6
WBGene00008494.,4,65,69
WBGene00008495.,9,210,219
WBGene00008496.,20,242,262
WBGene00008497.,2,2,4
WBGene00008498.,7,36,43
WBGene00008499.,31,74,105
WBGene00008500.,65,168,233
WBGene00008501.,0,0,0
WBGene00008502.,184,1670,1854
WBGene00008503.,13,421,434
WBGene00008504.,31,1137,1168
WBGene00008505.,442,47273,47715
WBGene00008506.,72,5778,5850
WBGene00008507.,0,5,5
WBGene00008508.,1,4,5
WBGene00008509.,2,58,60
WBGene00008510.,427,3526,3953
WBGene00008511.,24,176,200
WBGene00008512.,11,82,93
WBGene00008513.,84,249,333
WBGene00008514.,52,3076,3128
WBGene00008515.,83,423,506
WBGene00008516.,11,243,254
WBGene00008517.,23,195,218
WBGene00008518.,26,60,86
WBGene00008519.,216,500,716
WBGene00008520.,33,59,92
WBGene00008521.,125,2250,2375
WBGene00008522.,5,893,898
WBGene00008523.,0,0,0
WBGene00008524.,10,6,16
WBGene00008526.,1,9,10
WBGene00008527.,0,4,4
WBGene00008528.,181,1715,1896
WBGene00008529.,18,57,75
WBGene00008530.,245,4492,4737
WBGene00008531.,143,809,952
WBGene00008532.,179,3201,3380
WBGene00008533.,292,1054,1346
WBGene00008534.,6,1,7
WBGene00008535.,2,7,9
WBGene00008536.,3,5,8
WBGene00008537.,20,2,22
WBGene00008538.,765,5737,6502
WBGene00008539.,1,8,9
WBGene00008540.,7,3,10
WBGene00008541.,4,9,13
WBGene00008542.,22,51,73
WBGene00008543.,57,693,750
WBGene00008545.,20,20,40
WBGene00008546.,129,1205,1334
WBGene00008547.,212,997,1209
WBGene00008548.,44,210,254
WBGene00008549.,686,8777,9463
WBGene00008550.,3,15,18
WBGene00008551.,3,9,12
WBGene00008552.,0,1,1
WBGene00008553.,3,99,102
WBGene00008554.,424,7893,8317
WBGene00008555.,1329,2852,4181
WBGene00008556.,8,6,14
WBGene00008557.,122,679,801
WBGene00008558.,10,150,160
WBGene00008559.,11,38,49
WBGene00008560.,4,29,33
WBGene00008561.,8,90,98
WBGene00008563.,3,1588,1591
WBGene00008564.,34,424,458
WBGene00008565.,50,385,435
WBGene00008566.,3,18,21
WBGene00008567.,2,45,47
WBGene00008568.,21,54,75
WBGene00008569.,14,387,401
WBGene00008570.,551,1193,1744
WBGene00008571.,163,549,712
WBGene00008572.,534,12129,12663
WBGene00008574.,1,4,5
WBGene00008575.,28,328,356
WBGene00008576.,0,1443,1443
WBGene00008577.,0,2187,2187
WBGene00008578.,78,538,616
WBGene00008579.,152,588,740
WBGene00008580.,8,83,91
WBGene00008581.,1,1,2
WBGene00008582.,212,4549,4761
WBGene00008583.,92,261,353
WBGene00008584.,38,387,425
WBGene00008585.,79,681,760
WBGene00008586.,203,3439,3642
WBGene00008587.,21,311,332
WBGene00008588.,11,220,231
WBGene00008589.,157,882,1039
WBGene00008590.,0,14,14
WBGene00008591.,2,201,203
WBGene00008592.,1,340,341
WBGene00008593.,1,10,11
WBGene00008594.,8,43,51
WBGene00008595.,7,44,51
WBGene00008596.,3,14,17
WBGene00008597.,11,2,13
WBGene00008598.,6,29,35
WBGene00008599.,12,65,77
WBGene00008600.,204,63,267
WBGene00008601.,1859,3400,5259
WBGene00008602.,47,233,280
WBGene00008603.,908,9049,9957
WBGene00008604.,114,855,969
WBGene00008605.,103,704,807
WBGene00008606.,41,736,777
WBGene00008607.,70,574,644
WBGene00008609.,7,15,22
WBGene00008610.,101,2505,2606
WBGene00008611.,0,8,8
WBGene00008612.,30,7,37
WBGene00008613.,9,80,89
WBGene00008615.,1,21,22
WBGene00008616.,2,44,46
WBGene00008617.,4,1,5
WBGene00008618.,1,9,10
WBGene00008619.,0,3,3
WBGene00008620.,1,2,3
WBGene00008621.,13,75,88
WBGene00008622.,208,2868,3076
WBGene00008623.,113,16,129
WBGene00008624.,260,2198,2458
WBGene00008625.,7,51,58
WBGene00008626.,20,249,269
WBGene00008627.,4,1,5
WBGene00008628.,58,4660,4718
WBGene00008629.,15,190,205
WBGene00008630.,4,42,46
WBGene00008631.,1,2,3
WBGene00008632.,1,5,6
WBGene00008633.,0,8,8
WBGene00008634.,2,27,29
WBGene00008635.,3,3,6
WBGene00008636.,2,9,11
WBGene00008637.,0,2,2
WBGene00008638.,0,2,2
WBGene00008639.,58,563,621
WBGene00008640.,3,40,43
WBGene00008641.,25,373,398
WBGene00008642.,12,1264,1276
WBGene00008643.,4,111,115
WBGene00008644.,16,87,103
WBGene00008645.,40,1022,1062
WBGene00008646.,31,634,665
WBGene00008647.,6,146,152
WBGene00008648.,148,1101,1249
WBGene00008649.,3,9,12
WBGene00008650.,9,36,45
WBGene00008651.,1,8,9
WBGene00008652.,25,473,498
WBGene00008654.,46,41,87
WBGene00008655.,68,448,516
WBGene00008656.,21,228,249
WBGene00008657.,2,0,2
WBGene00008658.,1,1,2
WBGene00008659.,2,7,9
WBGene00008660.,1,0,1
WBGene00008661.,4,5,9
WBGene00008662.,58,398,456
WBGene00008663.,34,1113,1147
WBGene00008664.,15,2156,2171
WBGene00008665.,6010,860,6870
WBGene00008666.,114,956,1070
WBGene00008667.,98,485,583
WBGene00008669.,91,557,648
WBGene00008670.,224,1299,1523
WBGene00008671.,0,12,12
WBGene00008672.,0,4,4
WBGene00008673.,4,6,10
WBGene00008675.,0,0,0
WBGene00008676.,1,3,4
WBGene00008677.,2,28,30
WBGene00008678.,0,5,5
WBGene00008679.,1,1,2
WBGene00008680.,2,7,9
WBGene00008681.,42,382,424
WBGene00008682.,89,2557,2646
WBGene00008683.,194,1669,1863
WBGene00008684.,40,356,396
WBGene00008685.,104,827,931
WBGene00008686.,121,677,798
WBGene00008687.,32,1068,1100
WBGene00008688.,288,3987,4275
WBGene00008690.,308,1934,2242
WBGene00008691.,36,782,818
WBGene00008692.,36,57,93
WBGene00008693.,1,59,60
WBGene00008694.,1066,5594,6660
WBGene00008695.,40,129,169
WBGene00008696.,2,6,8
WBGene00008698.,3,2,5
WBGene00008699.,0,0,0
WBGene00008700.,2,1,3
WBGene00008701.,0,1,1
WBGene00008702.,3,0,3
WBGene00008703.,0,1,1
WBGene00008706.,2457,7614,10071
WBGene00008707.,24,2051,2075
WBGene00008708.,31,93,124
WBGene00008709.,12,17,29
WBGene00008710.,27,1318,1345
WBGene00008711.,46,226,272
WBGene00008712.,22,160,182
WBGene00008713.,39,289,328
WBGene00008714.,31,103,134
WBGene00008716.,0,1,1
WBGene00008717.,1,1,2
WBGene00008719.,21,54,75
WBGene00008720.,205,2665,2870
WBGene00008722.,77,1080,1157
WBGene00008723.,2,6,8
WBGene00008724.,3,4,7
WBGene00008725.,1,1,2
WBGene00008726.,43,238,281
WBGene00008727.,8,66,74
WBGene00008728.,7,36,43
WBGene00008729.,210,4351,4561
WBGene00008730.,19,21,40
WBGene00008731.,26,35,61
WBGene00008732.,19,209,228
WBGene00008733.,43,648,691
WBGene00008734.,2,1,3
WBGene00008735.,469,1674,2143
WBGene00008736.,31,169,200
WBGene00008737.,10,103,113
WBGene00008739.,13,60,73
WBGene00008740.,5,459,464
WBGene00008741.,65,622,687
WBGene00008742.,41,456,497
WBGene00008743.,11,184,195
WBGene00008744.,144,2528,2672
WBGene00008745.,129,6608,6737
WBGene00008746.,100,309,409
WBGene00008747.,10,126,136
WBGene00008748.,39,1189,1228
WBGene00008749.,40,789,829
WBGene00008750.,346,758,1104
WBGene00008751.,0,5,5
WBGene00008752.,0,0,0
WBGene00008753.,5,8,13
WBGene00008754.,6,59,65
WBGene00008755.,2,24,26
WBGene00008757.,0,109,109
WBGene00008758.,1,13,14
WBGene00008759.,2,7,9
WBGene00008760.,28,777,805
WBGene00008761.,64,895,959
WBGene00008762.,2,399,401
WBGene00008763.,50,314,364
WBGene00008764.,44,2413,2457
WBGene00008765.,127,7163,7290
WBGene00008766.,117,882,999
WBGene00008767.,27,1622,1649
WBGene00008768.,1013,8192,9205
WBGene00008769.,50,2298,2348
WBGene00008770.,78,1799,1877
WBGene00008772.,0,1,1
WBGene00008773.,11,138,149
WBGene00008774.,24,430,454
WBGene00008775.,121,1211,1332
WBGene00008776.,41,157,198
WBGene00008777.,670,3058,3728
WBGene00008778.,1,13,14
WBGene00008779.,101,337,438
WBGene00008780.,235,1480,1715
WBGene00008781.,205,2530,2735
WBGene00008782.,0,5,5
WBGene00008783.,152,1024,1176
WBGene00008784.,0,12,12
WBGene00008785.,5,2,7
WBGene00008786.,1,6,7
WBGene00008787.,6,23,29
WBGene00008788.,0,2,2
WBGene00008789.,3,11,14
WBGene00008790.,0,0,0
WBGene00008791.,15,136,151
WBGene00008792.,0,12,12
WBGene00008793.,15,35,50
WBGene00008794.,0,35,35
WBGene00008795.,4,60,64
WBGene00008796.,6,8,14
WBGene00008797.,2,14,16
WBGene00008798.,5,88,93
WBGene00008799.,8,40,48
WBGene00008800.,162,3461,3623
WBGene00008801.,4,21,25
WBGene00008802.,13,77,90
WBGene00008803.,759,4886,5645
WBGene00008804.,43,111,154
WBGene00008805.,96,1117,1213
WBGene00008806.,10,462,472
WBGene00008807.,8,64,72
WBGene00008808.,32,45,77
WBGene00008809.,15,8,23
WBGene00008810.,92,288,380
WBGene00008811.,0,1,1
WBGene00008812.,3,7,10
WBGene00008813.,0,2,2
WBGene00008814.,1,0,1
WBGene00008815.,0,0,0
WBGene00008816.,0,1,1
WBGene00008817.,0,0,0
WBGene00008818.,1,4,5
WBGene00008819.,491,1183,1674
WBGene00008820.,34,4175,4209
WBGene00008821.,3,1,4
WBGene00008822.,4,5,9
WBGene00008823.,0,0,0
WBGene00008824.,1,0,1
WBGene00008825.,2,0,2
WBGene00008826.,1,11,12
WBGene00008827.,3,7,10
WBGene00008828.,1,2,3
WBGene00008829.,3,4,7
WBGene00008830.,1,23,24
WBGene00008831.,1,12,13
WBGene00008832.,100,1009,1109
WBGene00008833.,15,1553,1568
WBGene00008834.,17,1832,1849
WBGene00008835.,12,365,377
WBGene00008837.,5,1,6
WBGene00008838.,11,30,41
WBGene00008839.,3,1,4
WBGene00008840.,5,130,135
WBGene00008841.,1373,13243,14616
WBGene00008842.,3,9,12
WBGene00008843.,0,1,1
WBGene00008844.,1,6,7
WBGene00008847.,1,5,6
WBGene00008848.,11,389,400
WBGene00008849.,41,4,45
WBGene00008850.,3,23,26
WBGene00008851.,82,586,668
WBGene00008852.,472,5187,5659
WBGene00008853.,5,0,5
WBGene00008854.,3,6,9
WBGene00008855.,2,4,6
WBGene00008856.,470,2094,2564
WBGene00008857.,37,12709,12746
WBGene00008858.,6,26,32
WBGene00008859.,4,442,446
WBGene00008860.,1256,11153,12409
WBGene00008861.,29,867,896
WBGene00008862.,15,64,79
WBGene00008863.,0,12,12
WBGene00008865.,112,3486,3598
WBGene00008866.,25,9,34
WBGene00008868.,266,672,938
WBGene00008869.,12,63,75
WBGene00008870.,1,8,9
WBGene00008871.,0,4,4
WBGene00008872.,1,0,1
WBGene00008873.,2,0,2
WBGene00008874.,5,33,38
WBGene00008875.,3,234,237
WBGene00008876.,194,818,1012
WBGene00008877.,124,790,914
WBGene00008878.,1303,2980,4283
WBGene00008879.,113,224,337
WBGene00008880.,59,499,558
WBGene00008881.,2,12,14
WBGene00008882.,129,1446,1575
WBGene00008883.,13,91,104
WBGene00008884.,5,22,27
WBGene00008885.,39,534,573
WBGene00008886.,43,80,123
WBGene00008887.,43,826,869
WBGene00008889.,3,3,6
WBGene00008890.,49,160,209
WBGene00008891.,0,53,53
WBGene00008892.,19,118,137
WBGene00008893.,4,2,6
WBGene00008894.,19,23,42
WBGene00008897.,16,47,63
WBGene00008898.,6,0,6
WBGene00008899.,4,4,8
WBGene00008900.,3,44,47
WBGene00008901.,880,14,894
WBGene00008902.,4,6,10
WBGene00008903.,11,4,15
WBGene00008904.,0,28,28
WBGene00008905.,6,28,34
WBGene00008906.,0,8,8
WBGene00008907.,0,1,1
WBGene00008908.,1,3,4
WBGene00008909.,1,6,7
WBGene00008910.,109,1897,2006
WBGene00008911.,0,0,0
WBGene00008912.,4,64,68
WBGene00008914.,34,7687,7721
WBGene00008915.,200,9743,9943
WBGene00008916.,104,79,183
WBGene00008917.,15,35,50
WBGene00008918.,7,639,646
WBGene00008919.,243,2772,3015
WBGene00008920.,20133,189925,210058
WBGene00008921.,130,1393,1523
WBGene00008922.,235,5268,5503
WBGene00008923.,58,147,205
WBGene00008924.,64,610,674
WBGene00008925.,162,3594,3756
WBGene00008926.,98,758,856
WBGene00008927.,300,1424,1724
WBGene00008928.,2,6,8
WBGene00008929.,52,1578,1630
WBGene00008930.,768,3595,4363
WBGene00008932.,463,1017,1480
WBGene00008933.,1,44,45
WBGene00008934.,387,2073,2460
WBGene00008935.,3,17,20
WBGene00008936.,11,83,94
WBGene00008937.,5,17,22
WBGene00008939.,234,1264,1498
WBGene00008940.,139,978,1117
WBGene00008941.,78,1,79
WBGene00008942.,3,2,5
WBGene00008943.,1,1,2
WBGene00008944.,14,193,207
WBGene00008945.,3,16,19
WBGene00008946.,6,2,8
WBGene00008947.,2,3,5
WBGene00008948.,127,3182,3309
WBGene00008949.,4,33,37
WBGene00008950.,0,6,6
WBGene00008951.,195,1471,1666
WBGene00008952.,55,283,338
WBGene00008953.,138,502,640
WBGene00008954.,4,19,23
WBGene00008955.,17,33,50
WBGene00008956.,76,389,465
WBGene00008957.,61,1321,1382
WBGene00008958.,5,8,13
WBGene00008959.,5,7,12
WBGene00008960.,4,0,4
WBGene00008961.,29,2397,2426
WBGene00008963.,148,2883,3031
WBGene00008964.,368,1016,1384
WBGene00008965.,45,28,73
WBGene00008966.,0,0,0
WBGene00008967.,0,79,79
WBGene00008968.,7,119,126
WBGene00008969.,74,308,382
WBGene00008970.,0,202,202
WBGene00008971.,56,1087,1143
WBGene00008972.,2,4,6
WBGene00008973.,47,3022,3069
WBGene00008974.,161,1136,1297
WBGene00008975.,48,2356,2404
WBGene00008976.,0,79,79
WBGene00008977.,26,119,145
WBGene00008978.,34,413,447
WBGene00008979.,52,1067,1119
WBGene00008980.,111,2208,2319
WBGene00008981.,1,1,2
WBGene00008982.,0,3,3
WBGene00008983.,0,1,1
WBGene00008984.,1,2,3
WBGene00008985.,5,44,49
WBGene00008986.,166,1231,1397
WBGene00008987.,194,1570,1764
WBGene00008988.,16,74,90
WBGene00008989.,34,330,364
WBGene00008990.,140,2279,2419
WBGene00008991.,36,44,80
WBGene00008992.,0,90,90
WBGene00008993.,50,281,331
WBGene00008994.,1,57,58
WBGene00008995.,102,276,378
WBGene00008996.,47,282,329
WBGene00008997.,94,247,341
WBGene00008998.,340,2446,2786
WBGene00008999.,1083,4632,5715
WBGene00009000.,22,48,70
WBGene00009001.,1,7,8
WBGene00009002.,203,2956,3159
WBGene00009004.,669,13999,14668
WBGene00009005.,15,30,45
WBGene00009006.,17,480,497
WBGene00009007.,42,1485,1527
WBGene00009008.,49,227,276
WBGene00009009.,10,259,269
WBGene00009010.,52,883,935
WBGene00009011.,47,1401,1448
WBGene00009012.,148,4188,4336
WBGene00009013.,141,3457,3598
WBGene00009014.,16,181,197
WBGene00009015.,7,24,31
WBGene00009016.,13,2,15
WBGene00009017.,0,3,3
WBGene00009018.,29,285,314
WBGene00009019.,0,12,12
WBGene00009020.,4,85,89
WBGene00009021.,0,1,1
WBGene00009023.,16,170,186
WBGene00009024.,5,51,56
WBGene00009025.,67,517,584
WBGene00009026.,21,291,312
WBGene00009027.,92,608,700
WBGene00009028.,8,13,21
WBGene00009029.,14,39,53
WBGene00009030.,21,95,116
WBGene00009031.,2,13,15
WBGene00009032.,1,5,6
WBGene00009033.,2,11,13
WBGene00009035.,15,133,148
WBGene00009036.,4,1,5
WBGene00009038.,11,1,12
WBGene00009039.,6,7,13
WBGene00009041.,0,86,86
WBGene00009042.,14,526,540
WBGene00009043.,2,7,9
WBGene00009044.,5,12,17
WBGene00009045.,30,2127,2157
WBGene00009046.,0,0,0
WBGene00009047.,2,2,4
WBGene00009048.,45,2414,2459
WBGene00009049.,172,3629,3801
WBGene00009050.,563,15572,16135
WBGene00009051.,723,11802,12525
WBGene00009052.,94,1826,1920
WBGene00009054.,77,519,596
WBGene00009055.,160,588,748
WBGene00009056.,526,5526,6052
WBGene00009057.,80,492,572
WBGene00009058.,97,3714,3811
WBGene00009059.,39,613,652
WBGene00009060.,122,499,621
WBGene00009061.,3,9,12
WBGene00009063.,0,5,5
WBGene00009064.,88,751,839
WBGene00009065.,308,1688,1996
WBGene00009067.,0,6,6
WBGene00009068.,30,270,300
WBGene00009069.,0,2928,2928
WBGene00009070.,1784,62,1846
WBGene00009071.,3,14,17
WBGene00009073.,35,78,113
WBGene00009075.,5,6,11
WBGene00009076.,0,4,4
WBGene00009077.,0,4,4
WBGene00009078.,1123,4445,5568
WBGene00009079.,0,2,2
WBGene00009081.,80,1052,1132
WBGene00009082.,52,8905,8957
WBGene00009084.,154,3945,4099
WBGene00009085.,5,23,28
WBGene00009086.,3,6,9
WBGene00009087.,2,185,187
WBGene00009088.,1,2,3
WBGene00009089.,38,341,379
WBGene00009090.,37,909,946
WBGene00009091.,201,5719,5920
WBGene00009092.,227,11276,11503
WBGene00009093.,78,419,497
WBGene00009094.,43,1156,1199
WBGene00009095.,104,490,594
WBGene00009096.,56,3832,3888
WBGene00009097.,26,3923,3949
WBGene00009098.,549,2421,2970
WBGene00009099.,9,26,35
WBGene00009100.,131,1008,1139
WBGene00009101.,17,139,156
WBGene00009102.,0,256,256
WBGene00009103.,184,4129,4313
WBGene00009104.,0,5,5
WBGene00009106.,55,752,807
WBGene00009107.,104,197,301
WBGene00009108.,12,79,91
WBGene00009109.,116,282,398
WBGene00009110.,14,891,905
WBGene00009112.,75,1880,1955
WBGene00009113.,5,78,83
WBGene00009114.,7,1,8
WBGene00009115.,30,20,50
WBGene00009116.,86,1210,1296
WBGene00009117.,8,28,36
WBGene00009118.,95,2935,3030
WBGene00009119.,1583,286783,288366
WBGene00009120.,173,1568,1741
WBGene00009121.,19,434,453
WBGene00009122.,5,163,168
WBGene00009123.,103,4640,4743
WBGene00009124.,122,546,668
WBGene00009125.,43,134,177
WBGene00009126.,318,10261,10579
WBGene00009127.,114,1429,1543
WBGene00009128.,0,1637,1637
WBGene00009129.,3,12,15
WBGene00009130.,8,4,12
WBGene00009131.,134,1147,1281
WBGene00009132.,49,2367,2416
WBGene00009133.,138,1470,1608
WBGene00009134.,3,13,16
WBGene00009135.,13,175,188
WBGene00009136.,5,22,27
WBGene00009137.,15,582,597
WBGene00009138.,17,1364,1381
WBGene00009139.,109,1810,1919
WBGene00009140.,104,897,1001
WBGene00009141.,1019,6820,7839
WBGene00009142.,51,4962,5013
WBGene00009143.,4,10,14
WBGene00009144.,4,53,57
WBGene00009145.,217,1052,1269
WBGene00009146.,23,222,245
WBGene00009147.,8,3,11
WBGene00009148.,8,61,69
WBGene00009149.,2,10,12
WBGene00009150.,0,2,2
WBGene00009151.,0,0,0
WBGene00009152.,0,0,0
WBGene00009153.,11,113,124
WBGene00009154.,1,2,3
WBGene00009155.,56,213,269
WBGene00009156.,79,182,261
WBGene00009157.,142,782,924
WBGene00009158.,350,2310,2660
WBGene00009159.,65,1290,1355
WBGene00009160.,5,4,9
WBGene00009161.,1458,50908,52366
WBGene00009162.,114,130,244
WBGene00009163.,88,448,536
WBGene00009164.,58,2096,2154
WBGene00009165.,13,1062,1075
WBGene00009166.,14,66,80
WBGene00009167.,0,0,0
WBGene00009168.,2,21,23
WBGene00009169.,8,48,56
WBGene00009170.,1,13,14
WBGene00009171.,7,0,7
WBGene00009172.,197,504,701
WBGene00009173.,6,78,84
WBGene00009174.,391,1713,2104
WBGene00009176.,11,844,855
WBGene00009177.,64,710,774
WBGene00009178.,32,42,74
WBGene00009179.,175,1427,1602
WBGene00009180.,1860,27714,29574
WBGene00009182.,23,82,105
WBGene00009183.,6,124,130
WBGene00009184.,1,33,34
WBGene00009185.,4,9,13
WBGene00009186.,1,27,28
WBGene00009187.,1120,8071,9191
WBGene00009188.,663,2631,3294
WBGene00009189.,866,10873,11739
WBGene00009190.,157,691,848
WBGene00009191.,4,953,957
WBGene00009192.,25,84,109
WBGene00009193.,7,14,21
WBGene00009194.,12,45,57
WBGene00009195.,0,1,1
WBGene00009196.,6,1,7
WBGene00009197.,2,5,7
WBGene00009200.,161,1998,2159
WBGene00009201.,69,1310,1379
WBGene00009202.,4,52,56
WBGene00009203.,8,125,133
WBGene00009204.,71,230,301
WBGene00009205.,18,134,152
WBGene00009206.,0,0,0
WBGene00009207.,62,1789,1851
WBGene00009208.,2,28,30
WBGene00009209.,0,5,5
WBGene00009210.,0,3,3
WBGene00009211.,29,3449,3478
WBGene00009212.,1,78,79
WBGene00009213.,0,33,33
WBGene00009214.,0,2,2
WBGene00009215.,0,14,14
WBGene00009216.,0,610,610
WBGene00009217.,95,111,206
WBGene00009218.,50,634,684
WBGene00009219.,158,2381,2539
WBGene00009220.,325,530,855
WBGene00009221.,180,5688,5868
WBGene00009222.,39,356,395
WBGene00009223.,52,606,658
WBGene00009224.,107,217,324
WBGene00009225.,8,56,64
WBGene00009226.,1,4,5
WBGene00009227.,3,26,29
WBGene00009228.,5,3,8
WBGene00009229.,8,22,30
WBGene00009230.,1,2,3
WBGene00009231.,29,231,260
WBGene00009232.,2,32,34
WBGene00009233.,105,548,653
WBGene00009234.,97,427,524
WBGene00009235.,1,3,4
WBGene00009236.,2,56,58
WBGene00009237.,1,515,516
WBGene00009238.,0,7,7
WBGene00009239.,4,47,51
WBGene00009240.,16,58,74
WBGene00009241.,16,494,510
WBGene00009242.,14,55,69
WBGene00009243.,35,842,877
WBGene00009245.,124,727,851
WBGene00009246.,117,7418,7535
WBGene00009247.,3,32,35
WBGene00009248.,0,19,19
WBGene00009249.,0,1,1
WBGene00009250.,5,144,149
WBGene00009251.,7,17,24
WBGene00009252.,11,6,17
WBGene00009254.,114,2330,2444
WBGene00009255.,7,28,35
WBGene00009256.,173,1650,1823
WBGene00009257.,28,98,126
WBGene00009258.,73,332,405
WBGene00009259.,16,342,358
WBGene00009260.,104,1562,1666
WBGene00009261.,2,63,65
WBGene00009262.,84,1522,1606
WBGene00009263.,90,274,364
WBGene00009264.,270,2361,2631
WBGene00009266.,132,5398,5530
WBGene00009267.,197,2293,2490
WBGene00009268.,3,55,58
WBGene00009269.,2,2,4
WBGene00009270.,8,373,381
WBGene00009271.,120,379,499
WBGene00009272.,15,284,299
WBGene00009274.,101,908,1009
WBGene00009276.,62,1264,1326
WBGene00009277.,228,701,929
WBGene00009278.,23,156,179
WBGene00009279.,3,1,4
WBGene00009280.,3,68,71
WBGene00009281.,0,2,2
WBGene00009283.,23,168,191
WBGene00009284.,187,1126,1313
WBGene00009285.,78,1420,1498
WBGene00009286.,51,321,372
WBGene00009287.,70,606,676
WBGene00009288.,64,458,522
WBGene00009289.,49,1425,1474
WBGene00009290.,120,2837,2957
WBGene00009291.,112,568,680
WBGene00009292.,40,142,182
WBGene00009293.,11,301,312
WBGene00009294.,952,12156,13108
WBGene00009295.,0,1,1
WBGene00009296.,0,8,8
WBGene00009297.,0,2,2
WBGene00009298.,0,0,0
WBGene00009299.,12,88,100
WBGene00009300.,1,0,1
WBGene00009301.,0,2,2
WBGene00009302.,1,0,1
WBGene00009303.,7,9,16
WBGene00009304.,401,1716,2117
WBGene00009305.,98,1338,1436
WBGene00009306.,33,2618,2651
WBGene00009307.,59,5893,5952
WBGene00009308.,1,11,12
WBGene00009309.,0,2,2
WBGene00009310.,1,2,3
WBGene00009311.,13,25,38
WBGene00009312.,1066,31,1097
WBGene00009313.,3,4,7
WBGene00009314.,402,1340,1742
WBGene00009315.,252,1275,1527
WBGene00009316.,0,3,3
WBGene00009318.,16,100,116
WBGene00009319.,158,3723,3881
WBGene00009320.,174,843,1017
WBGene00009321.,0,1,1
WBGene00009322.,109,2026,2135
WBGene00009323.,36,893,929
WBGene00009324.,22,12,34
WBGene00009325.,124,545,669
WBGene00009326.,26,118,144
WBGene00009327.,4,6,10
WBGene00009328.,0,33,33
WBGene00009329.,70,679,749
WBGene00009330.,53,3134,3187
WBGene00009331.,2,166,168
WBGene00009332.,7,70,77
WBGene00009333.,40,1120,1160
WBGene00009334.,338,3541,3879
WBGene00009335.,38,167,205
WBGene00009336.,133,2741,2874
WBGene00009337.,732,4120,4852
WBGene00009338.,8,2,10
WBGene00009339.,3,25,28
WBGene00009340.,624,6045,6669
WBGene00009341.,19,783,802
WBGene00009342.,605,14127,14732
WBGene00009343.,65,629,694
WBGene00009344.,0,0,0
WBGene00009345.,10,18,28
WBGene00009346.,38,242,280
WBGene00009347.,24,135,159
WBGene00009349.,0,242,242
WBGene00009350.,77,273,350
WBGene00009352.,71,1728,1799
WBGene00009353.,246,12919,13165
WBGene00009354.,150,578,728
WBGene00009355.,20,606,626
WBGene00009356.,12,144,156
WBGene00009357.,14,83,97
WBGene00009358.,226,2821,3047
WBGene00009359.,0,5,5
WBGene00009360.,7,16,23
WBGene00009361.,44,423,467
WBGene00009362.,3,3,6
WBGene00009363.,0,2,2
WBGene00009364.,10,970,980
WBGene00009365.,160,1271,1431
WBGene00009366.,55,723,778
WBGene00009367.,485,10440,10925
WBGene00009368.,125,1196,1321
WBGene00009369.,134,1202,1336
WBGene00009370.,133,381,514
WBGene00009371.,84,600,684
WBGene00009372.,196,1208,1404
WBGene00009373.,81,679,760
WBGene00009374.,215,3281,3496
WBGene00009375.,225,1055,1280
WBGene00009377.,0,3,3
WBGene00009378.,0,0,0
WBGene00009380.,52,1139,1191
WBGene00009381.,4,31,35
WBGene00009382.,9,14,23
WBGene00009383.,252,2303,2555
WBGene00009384.,3,115,118
WBGene00009385.,52,1309,1361
WBGene00009386.,12,443,455
WBGene00009387.,33,113,146
WBGene00009388.,1035,14745,15780
WBGene00009389.,179,784,963
WBGene00009390.,20,69,89
WBGene00009391.,1,1,2
WBGene00009392.,1,1,2
WBGene00009393.,2,36,38
WBGene00009394.,92,910,1002
WBGene00009395.,2,6,8
WBGene00009396.,12,91,103
WBGene00009397.,6,45,51
WBGene00009398.,8,101,109
WBGene00009399.,15,82,97
WBGene00009400.,24,196,220
WBGene00009401.,0,56,56
WBGene00009402.,0,21,21
WBGene00009403.,7,114,121
WBGene00009404.,6,325,331
WBGene00009405.,50,1017,1067
WBGene00009406.,139,1345,1484
WBGene00009408.,3,304,307
WBGene00009409.,0,0,0
WBGene00009410.,0,1,1
WBGene00009411.,2,8,10
WBGene00009412.,6,16,22
WBGene00009413.,8,6,14
WBGene00009414.,3,5,8
WBGene00009415.,0,2,2
WBGene00009416.,6,89,95
WBGene00009417.,0,2,2
WBGene00009418.,1,1,2
WBGene00009419.,0,0,0
WBGene00009420.,0,1,1
WBGene00009421.,1,1,2
WBGene00009422.,0,11,11
WBGene00009423.,0,1136,1136
WBGene00009424.,6,70,76
WBGene00009425.,3,6,9
WBGene00009426.,3,1,4
WBGene00009427.,0,7,7
WBGene00009428.,7,17,24
WBGene00009429.,2,25,27
WBGene00009430.,52,622,674
WBGene00009431.,19,185,204
WBGene00009432.,21,240,261
WBGene00009433.,26,113,139
WBGene00009434.,79,686,765
WBGene00009435.,50,469,519
WBGene00009436.,16,2982,2998
WBGene00009437.,5,37,42
WBGene00009438.,23,118,141
WBGene00009439.,340,2585,2925
WBGene00009440.,177,6925,7102
WBGene00009441.,53,644,697
WBGene00009442.,24,147,171
WBGene00009443.,120,2073,2193
WBGene00009444.,62,1311,1373
WBGene00009445.,35,1505,1540
WBGene00009446.,0,0,0
WBGene00009447.,11,126,137
WBGene00009448.,28,780,808
WBGene00009449.,2,12,14
WBGene00009450.,35,1541,1576
WBGene00009451.,168,2709,2877
WBGene00009452.,166,964,1130
WBGene00009453.,289,1356,1645
WBGene00009454.,3643,39563,43206
WBGene00009455.,253,3140,3393
WBGene00009456.,130,932,1062
WBGene00009457.,0,3,3
WBGene00009458.,3,6,9
WBGene00009459.,0,18,18
WBGene00009460.,326,4046,4372
WBGene00009461.,88,620,708
WBGene00009462.,109,74,183
WBGene00009463.,2,1,3
WBGene00009464.,8,4,12
WBGene00009465.,7,34,41
WBGene00009466.,112,1003,1115
WBGene00009467.,6,30,36
WBGene00009468.,48,164,212
WBGene00009469.,74,502,576
WBGene00009470.,0,2,2
WBGene00009471.,3,3,6
WBGene00009472.,3,2,5
WBGene00009473.,1,0,1
WBGene00009474.,2,0,2
WBGene00009475.,570,4245,4815
WBGene00009476.,48,504,552
WBGene00009477.,671,3957,4628
WBGene00009478.,105,2300,2405
WBGene00009479.,74,1114,1188
WBGene00009480.,4,35,39
WBGene00009481.,7,154,161
WBGene00009482.,296,2374,2670
WBGene00009483.,7,364,371
WBGene00009484.,79,259,338
WBGene00009485.,6,50,56
WBGene00009486.,6,2,8
WBGene00009487.,2,11,13
WBGene00009488.,2,7,9
WBGene00009489.,1,7,8
WBGene00009490.,1,8,9
WBGene00009491.,0,2,2
WBGene00009492.,8,18,26
WBGene00009493.,5,156,161
WBGene00009494.,4,42,46
WBGene00009495.,13,444,457
WBGene00009496.,44,402,446
WBGene00009497.,0,1,1
WBGene00009498.,404,1884,2288
WBGene00009499.,208,1038,1246
WBGene00009500.,63,1383,1446
WBGene00009501.,1,3,4
WBGene00009502.,1,6,7
WBGene00009503.,126,1835,1961
WBGene00009504.,21,585,606
WBGene00009505.,25,796,821
WBGene00009507.,142,724,866
WBGene00009508.,150,1312,1462
WBGene00009509.,7,50,57
WBGene00009510.,6,58,64
WBGene00009511.,36,86,122
WBGene00009512.,38,1882,1920
WBGene00009513.,2,12,14
WBGene00009514.,2848,26191,29039
WBGene00009515.,12,26,38
WBGene00009517.,0,0,0
WBGene00009518.,7,52,59
WBGene00009519.,1,3,4
WBGene00009520.,1,0,1
WBGene00009521.,614,3400,4014
WBGene00009522.,0,7,7
WBGene00009523.,2,2,4
WBGene00009524.,1,0,1
WBGene00009525.,2,0,2
WBGene00009526.,8,22,30
WBGene00009527.,31,20,51
WBGene00009528.,37,225,262
WBGene00009529.,10,668,678
WBGene00009530.,269,419,688
WBGene00009531.,1586,14141,15727
WBGene00009532.,677,2090,2767
WBGene00009533.,19,393,412
WBGene00009534.,154,2303,2457
WBGene00009535.,27,8,35
WBGene00009536.,256,817,1073
WBGene00009537.,0,60,60
WBGene00009538.,0,0,0
WBGene00009539.,0,0,0
WBGene00009540.,14,17,31
WBGene00009541.,90,202,292
WBGene00009542.,86,3779,3865
WBGene00009543.,42,254,296
WBGene00009544.,114,484,598
WBGene00009546.,0,6,6
WBGene00009547.,19,195,214
WBGene00009548.,6,10,16
WBGene00009549.,2,9,11
WBGene00009550.,2,4,6
WBGene00009551.,24,234,258
WBGene00009552.,117,785,902
WBGene00009553.,12,1015,1027
WBGene00009554.,20,1727,1747
WBGene00009555.,0,0,0
WBGene00009556.,47,491,538
WBGene00009557.,55,216,271
WBGene00009558.,211,1223,1434
WBGene00009559.,23,2452,2475
WBGene00009560.,34,79,113
WBGene00009561.,13,52,65
WBGene00009562.,629,11561,12190
WBGene00009563.,125,2963,3088
WBGene00009565.,157,1726,1883
WBGene00009566.,0,3,3
WBGene00009567.,2,0,2
WBGene00009568.,0,0,0
WBGene00009569.,3,3,6
WBGene00009570.,2,1,3
WBGene00009571.,0,2,2
WBGene00009572.,1,25,26
WBGene00009573.,27,300,327
WBGene00009574.,418,2796,3214
WBGene00009575.,16,5430,5446
WBGene00009576.,1,132,133
WBGene00009577.,1155,14842,15997
WBGene00009578.,553,12627,13180
WBGene00009579.,103,359,462
WBGene00009580.,144,4582,4726
WBGene00009581.,27,121,148
WBGene00009582.,56,289,345
WBGene00009583.,274,5686,5960
WBGene00009584.,1089,11258,12347
WBGene00009585.,35,21,56
WBGene00009586.,65,1853,1918
WBGene00009587.,259,2998,3257
WBGene00009588.,5879,2458,8337
WBGene00009589.,4001,1556,5557
WBGene00009590.,0,0,0
WBGene00009592.,0,0,0
WBGene00009593.,21,94,115
WBGene00009594.,645,1980,2625
WBGene00009595.,22,53,75
WBGene00009596.,4,5,9
WBGene00009597.,9,34,43
WBGene00009598.,7,12,19
WBGene00009599.,0,0,0
WBGene00009600.,2,42,44
WBGene00009601.,34,368,402
WBGene00009602.,106,23,129
WBGene00009603.,3,1,4
WBGene00009604.,0,7,7
WBGene00009605.,5,7,12
WBGene00009606.,0,3,3
WBGene00009607.,2,2,4
WBGene00009608.,13,163,176
WBGene00009609.,1,5,6
WBGene00009610.,2,0,2
WBGene00009611.,22,75,97
WBGene00009612.,0,6,6
WBGene00009613.,0,0,0
WBGene00009614.,6,20,26
WBGene00009615.,0,0,0
WBGene00009616.,1,7,8
WBGene00009617.,35,150,185
WBGene00009618.,12,53,65
WBGene00009619.,36,398,434
WBGene00009620.,946,3307,4253
WBGene00009621.,0,11041,11041
WBGene00009622.,22,42,64
WBGene00009623.,673,288,961
WBGene00009624.,1785,4052,5837
WBGene00009625.,12,39,51
WBGene00009626.,84,1909,1993
WBGene00009627.,20,436,456
WBGene00009628.,33,1997,2030
WBGene00009629.,90,265,355
WBGene00009630.,3,11,14
WBGene00009631.,0,3,3
WBGene00009632.,206,1768,1974
WBGene00009633.,1,25,26
WBGene00009634.,25,1989,2014
WBGene00009635.,21,384,405
WBGene00009636.,33,335,368
WBGene00009637.,2,650,652
WBGene00009638.,163,15534,15697
WBGene00009639.,3,2093,2096
WBGene00009640.,4,570,574
WBGene00009641.,5,5,10
WBGene00009642.,16,47,63
WBGene00009643.,0,2,2
WBGene00009644.,0,10,10
WBGene00009645.,86,814,900
WBGene00009646.,3,3,6
WBGene00009647.,75,132,207
WBGene00009648.,9,677,686
WBGene00009649.,66,75,141
WBGene00009650.,40,1770,1810
WBGene00009651.,2,1,3
WBGene00009652.,7,24,31
WBGene00009653.,58,410,468
WBGene00009654.,311,1084,1395
WBGene00009656.,0,115,115
WBGene00009657.,100,900,1000
WBGene00009658.,0,8,8
WBGene00009659.,0,3,3
WBGene00009660.,472,3564,4036
WBGene00009661.,131,4063,4194
WBGene00009662.,0,4,4
WBGene00009663.,1,16,17
WBGene00009664.,239,12814,13053
WBGene00009665.,18,854,872
WBGene00009666.,60,2037,2097
WBGene00009667.,417,298,715
WBGene00009668.,73,2134,2207
WBGene00009670.,2,8,10
WBGene00009671.,176,3990,4166
WBGene00009672.,236,2040,2276
WBGene00009673.,70,429,499
WBGene00009674.,271,3630,3901
WBGene00009675.,15,64,79
WBGene00009676.,149,1085,1234
WBGene00009677.,9,192,201
WBGene00009678.,184,1083,1267
WBGene00009679.,52,298,350
WBGene00009680.,0,0,0
WBGene00009681.,0,10,10
WBGene00009682.,0,0,0
WBGene00009683.,1,15,16
WBGene00009684.,0,0,0
WBGene00009685.,0,4,4
WBGene00009686.,16,52,68
WBGene00009687.,0,1,1
WBGene00009688.,2279,20776,23055
WBGene00009689.,1,2,3
WBGene00009690.,10,11,21
WBGene00009691.,0,18579,18579
WBGene00009692.,0,6076,6076
WBGene00009693.,0,1,1
WBGene00009695.,2,4,6
WBGene00009696.,4,56,60
WBGene00009697.,0,35,35
WBGene00009698.,1,13,14
WBGene00009700.,86,649,735
WBGene00009701.,1,77,78
WBGene00009702.,7,112,119
WBGene00009704.,1,0,1
WBGene00009705.,2,2,4
WBGene00009706.,13,78,91
WBGene00009707.,1,6,7
WBGene00009708.,7,3,10
WBGene00009709.,22,27,49
WBGene00009710.,8,55,63
WBGene00009711.,264,2311,2575
WBGene00009712.,4,8084,8088
WBGene00009713.,648,3149,3797
WBGene00009714.,0,39,39
WBGene00009715.,64,1689,1753
WBGene00009716.,17,122,139
WBGene00009717.,210,1903,2113
WBGene00009720.,7,82,89
WBGene00009721.,22,19,41
WBGene00009722.,57,2489,2546
WBGene00009723.,56,5938,5994
WBGene00009724.,49,3826,3875
WBGene00009725.,0,10,10
WBGene00009726.,70,373,443
WBGene00009727.,22,132,154
WBGene00009728.,3,56,59
WBGene00009729.,11,104,115
WBGene00009730.,377,3166,3543
WBGene00009731.,55,641,696
WBGene00009732.,497,8206,8703
WBGene00009733.,9,375,384
WBGene00009734.,173,2153,2326
WBGene00009735.,31,261,292
WBGene00009736.,224,1194,1418
WBGene00009738.,83,255,338
WBGene00009739.,2364,8640,11004
WBGene00009740.,591,13978,14569
WBGene00009741.,19,148,167
WBGene00009742.,3,369,372
WBGene00009743.,14,131,145
WBGene00009744.,45,755,800
WBGene00009745.,33,791,824
WBGene00009746.,0,3,3
WBGene00009747.,0,3,3
WBGene00009748.,0,3,3
WBGene00009749.,2,1,3
WBGene00009750.,0,1,1
WBGene00009751.,0,0,0
WBGene00009752.,0,16,16
WBGene00009753.,3,6,9
WBGene00009754.,0,8,8
WBGene00009755.,1,6,7
WBGene00009756.,3,2,5
WBGene00009757.,0,21,21
WBGene00009758.,1,3,4
WBGene00009759.,0,1,1
WBGene00009760.,1,16,17
WBGene00009761.,0,2,2
WBGene00009762.,1,0,1
WBGene00009763.,0,4,4
WBGene00009764.,1,9,10
WBGene00009765.,0,0,0
WBGene00009766.,5,2,7
WBGene00009767.,0,2,2
WBGene00009768.,12,28,40
WBGene00009769.,15,545,560
WBGene00009770.,134,1086,1220
WBGene00009771.,124,2033,2157
WBGene00009772.,250,18426,18676
WBGene00009773.,4,259,263
WBGene00009774.,6,546,552
WBGene00009775.,0,0,0
WBGene00009776.,66,847,913
WBGene00009777.,11,17,28
WBGene00009778.,1,24,25
WBGene00009779.,175,1568,1743
WBGene00009780.,64,190,254
WBGene00009781.,346,2084,2430
WBGene00009782.,28,295,323
WBGene00009783.,120,4056,4176
WBGene00009784.,57,2328,2385
WBGene00009785.,50,410,460
WBGene00009786.,1,3,4
WBGene00009787.,744,65489,66233
WBGene00009788.,1,10,11
WBGene00009789.,159,296,455
WBGene00009790.,68,459,527
WBGene00009791.,9,36,45
WBGene00009793.,43,2230,2273
WBGene00009796.,33,584,617
WBGene00009797.,349,3079,3428
WBGene00009798.,18,16,34
WBGene00009799.,101,642,743
WBGene00009800.,147,1560,1707
WBGene00009801.,103,718,821
WBGene00009802.,0,4,4
WBGene00009803.,128,1793,1921
WBGene00009804.,178,3136,3314
WBGene00009805.,0,1,1
WBGene00009806.,3,148,151
WBGene00009807.,4,24,28
WBGene00009808.,0,16,16
WBGene00009809.,22,424,446
WBGene00009810.,2,70,72
WBGene00009811.,2,21,23
WBGene00009812.,80,9577,9657
WBGene00009813.,109,1374,1483
WBGene00009814.,2,29,31
WBGene00009815.,0,8,8
WBGene00009816.,7,56,63
WBGene00009817.,3,26,29
WBGene00009818.,264,1917,2181
WBGene00009819.,35,445,480
WBGene00009820.,11,52,63
WBGene00009822.,23,39,62
WBGene00009823.,21,263,284
WBGene00009824.,7,131,138
WBGene00009825.,95,514,609
WBGene00009826.,11,51,62
WBGene00009827.,9,16,25
WBGene00009828.,16,3,19
WBGene00009829.,83,6972,7055
WBGene00009830.,9,100,109
WBGene00009831.,33,813,846
WBGene00009833.,2,7,9
WBGene00009834.,0,4,4
WBGene00009835.,18,8,26
WBGene00009836.,16,0,16
WBGene00009837.,0,0,0
WBGene00009838.,3,2,5
WBGene00009839.,1,25,26
WBGene00009840.,6,15,21
WBGene00009841.,3,0,3
WBGene00009842.,15,202,217
WBGene00009843.,48,1057,1105
WBGene00009844.,13,38,51
WBGene00009846.,74,76,150
WBGene00009848.,312,2126,2438
WBGene00009849.,12,18,30
WBGene00009850.,61,970,1031
WBGene00009851.,43,2468,2511
WBGene00009852.,0,6,6
WBGene00009853.,0,8,8
WBGene00009854.,2,3,5
WBGene00009855.,0,3,3
WBGene00009856.,1,2,3
WBGene00009857.,0,2,2
WBGene00009858.,0,1,1
WBGene00009859.,1,0,1
WBGene00009860.,1,0,1
WBGene00009861.,0,2,2
WBGene00009862.,0,25,25
WBGene00009863.,0,3,3
WBGene00009864.,5,5,10
WBGene00009865.,40,279,319
WBGene00009866.,0,1,1
WBGene00009867.,17,21,38
WBGene00009868.,0,0,0
WBGene00009869.,1,1,2
WBGene00009871.,1,4,5
WBGene00009872.,3,23,26
WBGene00009873.,3,7,10
WBGene00009874.,2,2,4
WBGene00009875.,0,9,9
WBGene00009876.,13,101,114
WBGene00009877.,27,190,217
WBGene00009878.,20,1534,1554
WBGene00009879.,24,118,142
WBGene00009880.,571,7001,7572
WBGene00009881.,272,7270,7542
WBGene00009882.,92,7962,8054
WBGene00009883.,19,58,77
WBGene00009884.,1,13,14
WBGene00009885.,26,195,221
WBGene00009886.,41,273,314
WBGene00009887.,40,748,788
WBGene00009888.,3665,34704,38369
WBGene00009889.,83,305,388
WBGene00009890.,15,38,53
WBGene00009891.,21,119,140
WBGene00009892.,0,2,2
WBGene00009893.,0,0,0
WBGene00009894.,0,0,0
WBGene00009895.,10,138,148
WBGene00009896.,350,6157,6507
WBGene00009897.,9,35,44
WBGene00009898.,0,0,0
WBGene00009899.,112,1381,1493
WBGene00009900.,0,132,132
WBGene00009901.,45,556,601
WBGene00009902.,3,46,49
WBGene00009903.,7,57,64
WBGene00009904.,8,83,91
WBGene00009905.,3,2,5
WBGene00009906.,1,0,1
WBGene00009907.,0,0,0
WBGene00009908.,1,7,8
WBGene00009909.,0,0,0
WBGene00009910.,1,4,5
WBGene00009911.,1,0,1
WBGene00009912.,15,2,17
WBGene00009913.,0,0,0
WBGene00009914.,0,2,2
WBGene00009915.,63,7661,7724
WBGene00009916.,38,320,358
WBGene00009917.,231,1410,1641
WBGene00009918.,45,4077,4122
WBGene00009919.,154,2533,2687
WBGene00009920.,975,7725,8700
WBGene00009921.,11,252,263
WBGene00009922.,65,965,1030
WBGene00009923.,36,340,376
WBGene00009924.,126,1530,1656
WBGene00009925.,24,3079,3103
WBGene00009926.,163,4131,4294
WBGene00009927.,86,420,506
WBGene00009929.,20,54,74
WBGene00009930.,20,750,770
WBGene00009931.,9,229,238
WBGene00009933.,1,12,13
WBGene00009935.,32,442,474
WBGene00009936.,0,0,0
WBGene00009937.,122,1254,1376
WBGene00009938.,4,14,18
WBGene00009939.,95,1049,1144
WBGene00009940.,208,5121,5329
WBGene00009941.,0,1,1
WBGene00009942.,9,78,87
WBGene00009943.,75,210,285
WBGene00009944.,49,1503,1552
WBGene00009945.,237,3395,3632
WBGene00009946.,11,146,157
WBGene00009947.,94,1071,1165
WBGene00009948.,1,58,59
WBGene00009949.,45,154,199
WBGene00009950.,6,16,22
WBGene00009951.,82,451,533
WBGene00009952.,623,12076,12699
WBGene00009953.,67,506,573
WBGene00009954.,1,2,3
WBGene00009955.,2,1017,1019
WBGene00009956.,4,1,5
WBGene00009957.,73,921,994
WBGene00009958.,222,1588,1810
WBGene00009959.,1,8,9
WBGene00009960.,0,2,2
WBGene00009961.,5,3,8
WBGene00009962.,30,7,37
WBGene00009963.,14,15,29
WBGene00009964.,21,202,223
WBGene00009965.,58,380,438
WBGene00009966.,63,2522,2585
WBGene00009967.,12,75,87
WBGene00009968.,419,3928,4347
WBGene00009969.,70,646,716
WBGene00009971.,15,57,72
WBGene00009972.,72,70,142
WBGene00009973.,717,11251,11968
WBGene00009974.,249,4208,4457
WBGene00009975.,1018,2421,3439
WBGene00009976.,95,1437,1532
WBGene00009977.,133,1105,1238
WBGene00009978.,1458,2507,3965
WBGene00009979.,72,6,78
WBGene00009980.,122,3832,3954
WBGene00009981.,32,365,397
WBGene00009982.,157,44470,44627
WBGene00009983.,3,11277,11280
WBGene00009984.,105,283,388
WBGene00009985.,25,325,350
WBGene00009986.,58,536,594
WBGene00009987.,178,2472,2650
WBGene00009988.,54,55,109
WBGene00009990.,1,4,5
WBGene00009991.,6,43,49
WBGene00009992.,704,17901,18605
WBGene00009993.,10,8501,8511
WBGene00009994.,24,709,733
WBGene00009995.,19733,133516,153249
WBGene00009996.,98,2006,2104
WBGene00009997.,2,15,17
WBGene00009998.,5,2,7
WBGene00009999.,4,10,14
WBGene00010000.,2,14,16
WBGene00010001.,43,1734,1777
WBGene00010002.,67,939,1006
WBGene00010003.,145,373,518
WBGene00010004.,30,25,55
WBGene00010005.,3,11,14
WBGene00010006.,1388,1144,2532
WBGene00010007.,1,4,5
WBGene00010008.,22,155,177
WBGene00010009.,19,211,230
WBGene00010010.,36,336,372
WBGene00010011.,24,130,154
WBGene00010012.,1454,6477,7931
WBGene00010013.,195,3418,3613
WBGene00010014.,7,5,12
WBGene00010015.,73,6855,6928
WBGene00010016.,0,1,1
WBGene00010017.,0,0,0
WBGene00010018.,3,46,49
WBGene00010019.,58,252,310
WBGene00010020.,1,1,2
WBGene00010021.,0,1,1
WBGene00010022.,1,0,1
WBGene00010023.,1,20,21
WBGene00010024.,0,1,1
WBGene00010025.,1,16,17
WBGene00010026.,0,1,1
WBGene00010027.,36,165,201
WBGene00010028.,34,988,1022
WBGene00010030.,0,22,22
WBGene00010031.,10,399,409
WBGene00010032.,58,1220,1278
WBGene00010033.,110,1258,1368
WBGene00010034.,4,5,9
WBGene00010035.,7,29,36
WBGene00010036.,1,51,52
WBGene00010037.,356,7320,7676
WBGene00010038.,126,1461,1587
WBGene00010039.,123,423,546
WBGene00010040.,17,1346,1363
WBGene00010041.,0,186,186
WBGene00010042.,75,1323,1398
WBGene00010043.,74,551,625
WBGene00010044.,442,4850,5292
WBGene00010045.,253,1847,2100
WBGene00010046.,3,39,42
WBGene00010047.,36,316,352
WBGene00010048.,58,540,598
WBGene00010049.,79,418,497
WBGene00010050.,20,185,205
WBGene00010051.,127,1164,1291
WBGene00010052.,44,3205,3249
WBGene00010053.,0,11,11
WBGene00010054.,0,592,592
WBGene00010055.,1208,11073,12281
WBGene00010056.,9,1910,1919
WBGene00010057.,30,122,152
WBGene00010058.,8,12,20
WBGene00010059.,81,2259,2340
WBGene00010060.,29,136,165
WBGene00010061.,45,968,1013
WBGene00010062.,6,40,46
WBGene00010063.,30,176,206
WBGene00010064.,14,457,471
WBGene00010065.,3,12,15
WBGene00010066.,2,7,9
WBGene00010067.,0,0,0
WBGene00010068.,0,76,76
WBGene00010069.,32,74,106
WBGene00010070.,130,688,818
WBGene00010071.,392,59,451
WBGene00010072.,50,119,169
WBGene00010073.,182,408,590
WBGene00010074.,54,182,236
WBGene00010075.,29,4163,4192
WBGene00010077.,91,267,358
WBGene00010079.,317,779,1096
WBGene00010080.,46,637,683
WBGene00010081.,5,203,208
WBGene00010082.,1,214,215
WBGene00010083.,70,293,363
WBGene00010084.,1,0,1
WBGene00010085.,0,0,0
WBGene00010086.,571,100,671
WBGene00010087.,0,0,0
WBGene00010088.,10,90,100
WBGene00010089.,68,645,713
WBGene00010091.,0,0,0
WBGene00010092.,0,3,3
WBGene00010093.,10,902,912
WBGene00010094.,93,5358,5451
WBGene00010095.,14,58,72
WBGene00010096.,204,1416,1620
WBGene00010097.,146,3805,3951
WBGene00010098.,0,14,14
WBGene00010099.,0,1,1
WBGene00010100.,4,28,32
WBGene00010101.,0,2,2
WBGene00010102.,1,13,14
WBGene00010103.,4,2,6
WBGene00010104.,0,0,0
WBGene00010105.,0,5,5
WBGene00010106.,0,26,26
WBGene00010107.,0,3,3
WBGene00010108.,0,3,3
WBGene00010109.,56,1653,1709
WBGene00010110.,106,995,1101
WBGene00010111.,127,1038,1165
WBGene00010112.,2,14,16
WBGene00010113.,117,679,796
WBGene00010114.,3,3,6
WBGene00010115.,103,861,964
WBGene00010116.,43,90,133
WBGene00010117.,282,3300,3582
WBGene00010118.,9,49,58
WBGene00010119.,11,63,74
WBGene00010120.,3,20,23
WBGene00010121.,11,4,15
WBGene00010122.,0,18,18
WBGene00010123.,5,44,49
WBGene00010124.,4,16,20
WBGene00010125.,0,1,1
WBGene00010126.,1,0,1
WBGene00010127.,0,1,1
WBGene00010128.,5,21,26
WBGene00010129.,0,0,0
WBGene00010130.,148,7114,7262
WBGene00010131.,33,1013,1046
WBGene00010132.,215,679,894
WBGene00010133.,1330,672,2002
WBGene00010134.,23,55,78
WBGene00010135.,4,1041,1045
WBGene00010136.,3,10,13
WBGene00010137.,134,248,382
WBGene00010138.,35,56,91
WBGene00010139.,253,6365,6618
WBGene00010140.,35,334,369
WBGene00010141.,75,518,593
WBGene00010142.,28,229,257
WBGene00010143.,28,168,196
WBGene00010144.,3,52,55
WBGene00010145.,10,3,13
WBGene00010146.,445,1276,1721
WBGene00010147.,0,1,1
WBGene00010148.,18,142,160
WBGene00010149.,0,0,0
WBGene00010150.,135,160,295
WBGene00010152.,0,10,10
WBGene00010153.,1,12,13
WBGene00010155.,14,47,61
WBGene00010157.,7,20,27
WBGene00010158.,0,0,0
WBGene00010159.,399,1232,1631
WBGene00010160.,180,727,907
WBGene00010161.,265,791,1056
WBGene00010162.,2,9,11
WBGene00010163.,39,187,226
WBGene00010165.,14,18,32
WBGene00010166.,3,6,9
WBGene00010167.,9,0,9
WBGene00010168.,6,8,14
WBGene00010169.,0,4,4
WBGene00010170.,1,0,1
WBGene00010171.,0,0,0
WBGene00010172.,2,1,3
WBGene00010173.,1,4,5
WBGene00010174.,643,9252,9895
WBGene00010175.,178,848,1026
WBGene00010176.,8,12,20
WBGene00010177.,827,4381,5208
WBGene00010178.,139,2171,2310
WBGene00010179.,77,592,669
WBGene00010180.,0,2,2
WBGene00010181.,6,6,12
WBGene00010182.,1,7,8
WBGene00010183.,1,31,32
WBGene00010184.,1,15,16
WBGene00010185.,5,45,50
WBGene00010186.,2,28,30
WBGene00010187.,5,8,13
WBGene00010188.,24,358,382
WBGene00010189.,1,32,33
WBGene00010191.,44,1859,1903
WBGene00010192.,36,925,961
WBGene00010193.,6,239,245
WBGene00010194.,1,61,62
WBGene00010195.,14,159,173
WBGene00010196.,4,13,17
WBGene00010197.,46,1485,1531
WBGene00010198.,72,398,470
WBGene00010199.,106,3375,3481
WBGene00010200.,100,134,234
WBGene00010202.,11,430,441
WBGene00010203.,2,22,24
WBGene00010204.,9,1174,1183
WBGene00010205.,15,179,194
WBGene00010206.,0,0,0
WBGene00010209.,0,5,5
WBGene00010212.,231,42,273
WBGene00010214.,50,168,218
WBGene00010215.,4,3,7
WBGene00010216.,0,1,1
WBGene00010217.,3,4,7
WBGene00010218.,2,2,4
WBGene00010219.,0,3,3
WBGene00010220.,1,8,9
WBGene00010221.,91,6084,6175
WBGene00010222.,40,168,208
WBGene00010223.,16,79,95
WBGene00010224.,136,600,736
WBGene00010225.,142,2084,2226
WBGene00010226.,2,13,15
WBGene00010227.,51,550,601
WBGene00010228.,37,11,48
WBGene00010229.,92,686,778
WBGene00010230.,150,3847,3997
WBGene00010231.,269,4419,4688
WBGene00010232.,132,4251,4383
WBGene00010233.,61,547,608
WBGene00010234.,1,666,667
WBGene00010235.,42,701,743
WBGene00010236.,71,1752,1823
WBGene00010237.,2,3,5
WBGene00010238.,9,138,147
WBGene00010239.,31,808,839
WBGene00010240.,11,4,15
WBGene00010241.,3,22,25
WBGene00010242.,73,304,377
WBGene00010243.,30,92,122
WBGene00010244.,396,7899,8295
WBGene00010245.,1,2,3
WBGene00010246.,2,21,23
WBGene00010247.,2,3,5
WBGene00010248.,30,129,159
WBGene00010249.,10,0,10
WBGene00010250.,40,45,85
WBGene00010251.,289,767,1056
WBGene00010253.,1,13,14
WBGene00010254.,0,1,1
WBGene00010255.,0,1,1
WBGene00010256.,4,33,37
WBGene00010257.,0,13,13
WBGene00010258.,32,325,357
WBGene00010259.,862,2428,3290
WBGene00010260.,230,15206,15436
WBGene00010261.,3,5,8
WBGene00010262.,185,3277,3462
WBGene00010263.,2,161,163
WBGene00010264.,95,343,438
WBGene00010265.,0,3,3
WBGene00010266.,113,1532,1645
WBGene00010267.,19,146,165
WBGene00010268.,30,482,512
WBGene00010269.,28,1262,1290
WBGene00010270.,2,1,3
WBGene00010271.,0,2,2
WBGene00010272.,277,2125,2402
WBGene00010273.,8,20,28
WBGene00010274.,6,60,66
WBGene00010275.,78,257,335
WBGene00010276.,0,0,0
WBGene00010277.,0,32,32
WBGene00010278.,0,47,47
WBGene00010279.,111,2993,3104
WBGene00010280.,109,2365,2474
WBGene00010281.,9,290,299
WBGene00010282.,16,31,47
WBGene00010283.,42,439,481
WBGene00010284.,206,3866,4072
WBGene00010285.,15,232,247
WBGene00010286.,39,615,654
WBGene00010288.,77,1052,1129
WBGene00010289.,4,10,14
WBGene00010290.,72,4252,4324
WBGene00010291.,117,830,947
WBGene00010292.,0,1,1
WBGene00010293.,12,196,208
WBGene00010294.,12,81,93
WBGene00010295.,24,182,206
WBGene00010296.,0,100,100
WBGene00010297.,5,14,19
WBGene00010298.,0,3,3
WBGene00010299.,2,1,3
WBGene00010300.,0,0,0
WBGene00010301.,0,1,1
WBGene00010303.,366,29912,30278
WBGene00010304.,165,879,1044
WBGene00010305.,156,2150,2306
WBGene00010306.,1011,3622,4633
WBGene00010307.,7,444,451
WBGene00010308.,46,369,415
WBGene00010309.,33,223,256
WBGene00010310.,21,477,498
WBGene00010311.,5,173,178
WBGene00010313.,25,49,74
WBGene00010314.,0,4,4
WBGene00010315.,46,257,303
WBGene00010316.,249,770,1019
WBGene00010317.,342,17946,18288
WBGene00010318.,28,185,213
WBGene00010319.,61,627,688
WBGene00010320.,83,733,816
WBGene00010321.,89,1222,1311
WBGene00010322.,29,26,55
WBGene00010323.,2,5,7
WBGene00010324.,0,1,1
WBGene00010325.,22,1325,1347
WBGene00010326.,1204,9119,10323
WBGene00010327.,166,394,560
WBGene00010328.,5,72,77
WBGene00010329.,83,865,948
WBGene00010330.,449030,160,449190
WBGene00010331.,95,495,590
WBGene00010332.,15,325,340
WBGene00010333.,328,5893,6221
WBGene00010334.,29,60,89
WBGene00010335.,556,1810,2366
WBGene00010336.,28,120,148
WBGene00010337.,1407,12138,13545
WBGene00010338.,86,924,1010
WBGene00010339.,18,874,892
WBGene00010340.,21,74,95
WBGene00010341.,13,51,64
WBGene00010342.,37,45,82
WBGene00010343.,3,4,7
WBGene00010344.,22,208,230
WBGene00010345.,46,240,286
WBGene00010348.,17,638,655
WBGene00010349.,38,178,216
WBGene00010350.,317,782,1099
WBGene00010351.,4,288,292
WBGene00010352.,5,14,19
WBGene00010353.,1,91,92
WBGene00010354.,26,126,152
WBGene00010355.,0,2,2
WBGene00010356.,55,731,786
WBGene00010357.,82,565,647
WBGene00010358.,0,1,1
WBGene00010359.,1,9,10
WBGene00010360.,5,11,16
WBGene00010361.,1,21,22
WBGene00010362.,1,319,320
WBGene00010363.,17,159,176
WBGene00010364.,1,21,22
WBGene00010365.,3,2,5
WBGene00010366.,6,0,6
WBGene00010367.,29,283,312
WBGene00010368.,5,20,25
WBGene00010369.,178,3425,3603
WBGene00010370.,655,4573,5228
WBGene00010371.,0,37,37
WBGene00010372.,23,30,53
WBGene00010373.,4,22,26
WBGene00010374.,420,1487,1907
WBGene00010375.,10,275,285
WBGene00010376.,0,0,0
WBGene00010377.,0,0,0
WBGene00010378.,0,106,106
WBGene00010379.,0,0,0
WBGene00010380.,1,1,2
WBGene00010381.,5,3,8
WBGene00010382.,0,51,51
WBGene00010383.,49,398,447
WBGene00010385.,277,492,769
WBGene00010386.,141,167,308
WBGene00010387.,0,17,17
WBGene00010388.,2,7,9
WBGene00010389.,12,5,17
WBGene00010390.,3,9,12
WBGene00010391.,8,5,13
WBGene00010392.,5,0,5
WBGene00010394.,9,6,15
WBGene00010395.,0,0,0
WBGene00010396.,24,148,172
WBGene00010397.,11,524,535
WBGene00010399.,0,0,0
WBGene00010400.,0,2,2
WBGene00010401.,0,5,5
WBGene00010402.,15,78,93
WBGene00010403.,7,20,27
WBGene00010404.,0,1,1
WBGene00010405.,159,5442,5601
WBGene00010406.,63,3717,3780
WBGene00010407.,77,1761,1838
WBGene00010408.,118,1732,1850
WBGene00010409.,101,657,758
WBGene00010410.,0,0,0
WBGene00010411.,1,3,4
WBGene00010412.,0,4,4
WBGene00010413.,1,1,2
WBGene00010414.,3,0,3
WBGene00010415.,0,3,3
WBGene00010416.,316,2360,2676
WBGene00010417.,0,0,0
WBGene00010418.,47,835,882
WBGene00010419.,4599,104501,109100
WBGene00010420.,121,886,1007
WBGene00010421.,30,141,171
WBGene00010422.,60,840,900
WBGene00010423.,67,123,190
WBGene00010424.,14,184,198
WBGene00010425.,206,9334,9540
WBGene00010426.,11,4,15
WBGene00010427.,700,1198,1898
WBGene00010428.,154,2188,2342
WBGene00010430.,0,0,0
WBGene00010431.,0,0,0
WBGene00010432.,2,36,38
WBGene00010433.,100,1137,1237
WBGene00010434.,48,79,127
WBGene00010435.,332,4302,4634
WBGene00010436.,0,320,320
WBGene00010437.,93,848,941
WBGene00010439.,61,661,722
WBGene00010440.,913,16948,17861
WBGene00010442.,108,741,849
WBGene00010444.,366,1572,1938
WBGene00010446.,0,59,59
WBGene00010447.,1,15,16
WBGene00010448.,55,292,347
WBGene00010449.,36,461,497
WBGene00010450.,152,1505,1657
WBGene00010451.,43,5,48
WBGene00010453.,64,528,592
WBGene00010454.,27,353,380
WBGene00010455.,32,163,195
WBGene00010456.,66,1040,1106
WBGene00010457.,17,151,168
WBGene00010458.,35,1952,1987
WBGene00010459.,2,694,696
WBGene00010460.,16,36,52
WBGene00010461.,0,11,11
WBGene00010463.,10,0,10
WBGene00010464.,25,119,144
WBGene00010465.,94,978,1072
WBGene00010466.,0,7,7
WBGene00010467.,0,18,18
WBGene00010468.,12,408,420
WBGene00010469.,0,18,18
WBGene00010470.,159,680,839
WBGene00010471.,350,3504,3854
WBGene00010472.,11,979,990
WBGene00010473.,40,174,214
WBGene00010474.,0,23,23
WBGene00010475.,523,956,1479
WBGene00010476.,40,1558,1598
WBGene00010477.,4,160,164
WBGene00010478.,173,20219,20392
WBGene00010479.,203,1748,1951
WBGene00010480.,875,4720,5595
WBGene00010481.,19,945,964
WBGene00010483.,1,2,3
WBGene00010484.,117,1915,2032
WBGene00010485.,0,25,25
WBGene00010486.,2,2,4
WBGene00010487.,25,19,44
WBGene00010488.,712,4290,5002
WBGene00010491.,7,1465,1472
WBGene00010492.,1,4,5
WBGene00010493.,1,8,9
WBGene00010494.,1,4,5
WBGene00010495.,4,16,20
WBGene00010496.,112,1327,1439
WBGene00010497.,31,156,187
WBGene00010498.,73,632,705
WBGene00010499.,2,9,11
WBGene00010500.,369,3192,3561
WBGene00010501.,61,725,786
WBGene00010502.,72,1139,1211
WBGene00010503.,74,470,544
WBGene00010504.,21,475,496
WBGene00010505.,46,364,410
WBGene00010506.,17,65,82
WBGene00010507.,136,3467,3603
WBGene00010508.,4,6,10
WBGene00010509.,0,23,23
WBGene00010510.,4,1,5
WBGene00010511.,5,4,9
WBGene00010512.,381,4524,4905
WBGene00010513.,403,3438,3841
WBGene00010514.,525,5063,5588
WBGene00010515.,337,4849,5186
WBGene00010516.,63,574,637
WBGene00010517.,0,0,0
WBGene00010518.,0,0,0
WBGene00010519.,5,18,23
WBGene00010520.,88,452,540
WBGene00010521.,46,187,233
WBGene00010522.,22,189,211
WBGene00010523.,4,1,5
WBGene00010524.,4,215,219
WBGene00010525.,42,360,402
WBGene00010526.,0,1,1
WBGene00010527.,0,2,2
WBGene00010528.,0,1,1
WBGene00010529.,1,3,4
WBGene00010530.,2,0,2
WBGene00010531.,0,0,0
WBGene00010534.,0,2,2
WBGene00010535.,2,0,2
WBGene00010536.,1,2,3
WBGene00010537.,214,496,710
WBGene00010538.,3,51,54
WBGene00010539.,304,3207,3511
WBGene00010540.,18,194,212
WBGene00010541.,809,7374,8183
WBGene00010542.,5,693,698
WBGene00010543.,0,0,0
WBGene00010544.,1,10,11
WBGene00010545.,0,42,42
WBGene00010546.,1,151,152
WBGene00010547.,1,1,2
WBGene00010550.,121,1439,1560
WBGene00010551.,120,979,1099
WBGene00010552.,26,464,490
WBGene00010553.,20,377,397
WBGene00010554.,12,66,78
WBGene00010555.,0,2,2
WBGene00010556.,2432,244656,247088
WBGene00010557.,35,1205,1240
WBGene00010558.,131,426,557
WBGene00010559.,2,55,57
WBGene00010560.,419,13172,13591
WBGene00010562.,98,1278,1376
WBGene00010563.,25,31,56
WBGene00010564.,191,2445,2636
WBGene00010565.,13,414,427
WBGene00010566.,48,207,255
WBGene00010567.,102,1104,1206
WBGene00010568.,0,21,21
WBGene00010569.,73,401,474
WBGene00010570.,0,0,0
WBGene00010571.,4,13,17
WBGene00010572.,26,323,349
WBGene00010573.,37,411,448
WBGene00010574.,0,20,20
WBGene00010575.,27,467,494
WBGene00010576.,0,1,1
WBGene00010577.,3,1,4
WBGene00010578.,1,0,1
WBGene00010579.,37,6489,6526
WBGene00010580.,20,39,59
WBGene00010581.,3,57,60
WBGene00010582.,239,2266,2505
WBGene00010583.,4,1448,1452
WBGene00010584.,3,26,29
WBGene00010585.,181,476,657
WBGene00010586.,6,6,12
WBGene00010587.,172,249,421
WBGene00010588.,0,0,0
WBGene00010589.,4,37,41
WBGene00010590.,1,1,2
WBGene00010591.,1,1,2
WBGene00010592.,25,176,201
WBGene00010593.,761,9125,9886
WBGene00010594.,45,243,288
WBGene00010595.,255,1707,1962
WBGene00010596.,0,4,4
WBGene00010597.,250,272,522
WBGene00010598.,0,1,1
WBGene00010599.,7,29,36
WBGene00010600.,0,10,10
WBGene00010601.,0,3,3
WBGene00010602.,2,15,17
WBGene00010603.,7,33,40
WBGene00010604.,2,91,93
WBGene00010605.,98,424,522
WBGene00010606.,2,32,34
WBGene00010607.,14,16,30
WBGene00010608.,53,487,540
WBGene00010609.,207,1608,1815
WBGene00010610.,227,1780,2007
WBGene00010611.,0,0,0
WBGene00010612.,1,4,5
WBGene00010613.,2,2,4
WBGene00010614.,15,23,38
WBGene00010615.,138,1435,1573
WBGene00010616.,178,6357,6535
WBGene00010617.,9,77,86
WBGene00010618.,0,1,1
WBGene00010619.,192,1070,1262
WBGene00010620.,163,1836,1999
WBGene00010621.,3,406,409
WBGene00010622.,65,842,907
WBGene00010623.,33,122,155
WBGene00010624.,366,3747,4113
WBGene00010625.,139,1500,1639
WBGene00010626.,535,2588,3123
WBGene00010627.,1584,24034,25618
WBGene00010628.,19,189,208
WBGene00010629.,138,2969,3107
WBGene00010630.,13,282,295
WBGene00010631.,270,3194,3464
WBGene00010632.,383,2288,2671
WBGene00010633.,0,4,4
WBGene00010634.,1,3,4
WBGene00010635.,0,7,7
WBGene00010636.,27,143,170
WBGene00010637.,20,146,166
WBGene00010638.,271,2183,2454
WBGene00010639.,297,5151,5448
WBGene00010640.,5,522,527
WBGene00010641.,58,1640,1698
WBGene00010642.,58,562,620
WBGene00010643.,5,49,54
WBGene00010644.,10,22,32
WBGene00010645.,179,2160,2339
WBGene00010646.,29,110,139
WBGene00010647.,8,926,934
WBGene00010648.,188,1497,1685
WBGene00010649.,177,1271,1448
WBGene00010650.,0,0,0
WBGene00010651.,1,5,6
WBGene00010652.,5,24,29
WBGene00010653.,0,1,1
WBGene00010654.,5,24,29
WBGene00010655.,5,7,12
WBGene00010656.,0,4,4
WBGene00010657.,8,94,102
WBGene00010658.,2,89,91
WBGene00010659.,5,60,65
WBGene00010660.,50,310,360
WBGene00010661.,14,277,291
WBGene00010662.,6,12,18
WBGene00010663.,72,215,287
WBGene00010664.,54,1457,1511
WBGene00010665.,317,5204,5521
WBGene00010666.,2,335,337
WBGene00010667.,74,734,808
WBGene00010669.,33,63,96
WBGene00010670.,37,4115,4152
WBGene00010671.,30,1190,1220
WBGene00010672.,0,2,2
WBGene00010673.,10,57,67
WBGene00010674.,35,845,880
WBGene00010675.,237,1674,1911
WBGene00010676.,106,1362,1468
WBGene00010677.,176,10146,10322
WBGene00010678.,21,407,428
WBGene00010679.,5,26,31
WBGene00010680.,13,45,58
WBGene00010681.,389,14329,14718
WBGene00010682.,13,137,150
WBGene00010683.,0,83,83
WBGene00010684.,20,5,25
WBGene00010685.,150,1664,1814
WBGene00010686.,5,33,38
WBGene00010687.,41,1373,1414
WBGene00010688.,1,4,5
WBGene00010689.,2,9,11
WBGene00010690.,0,3,3
WBGene00010691.,1,26,27
WBGene00010692.,0,2,2
WBGene00010693.,28,71,99
WBGene00010694.,23,5,28
WBGene00010697.,76,1325,1401
WBGene00010698.,3,17,20
WBGene00010699.,365,2453,2818
WBGene00010700.,199,2357,2556
WBGene00010701.,86,3346,3432
WBGene00010702.,84,412,496
WBGene00010703.,906,7179,8085
WBGene00010704.,8,399,407
WBGene00010705.,29,221,250
WBGene00010706.,1,8,9
WBGene00010707.,0,9,9
WBGene00010708.,26,169,195
WBGene00010709.,132,485,617
WBGene00010711.,0,267,267
WBGene00010712.,5,4,9
WBGene00010713.,343,1252,1595
WBGene00010714.,44,57,101
WBGene00010715.,0,0,0
WBGene00010716.,25,182,207
WBGene00010717.,6,52,58
WBGene00010718.,6,26,32
WBGene00010719.,6,1,7
WBGene00010720.,35,1119,1154
WBGene00010721.,103,1227,1330
WBGene00010722.,59,234,293
WBGene00010723.,14,2163,2177
WBGene00010724.,140,720,860
WBGene00010725.,101,920,1021
WBGene00010726.,11,1405,1416
WBGene00010727.,218,5654,5872
WBGene00010728.,0,4,4
WBGene00010730.,23,3414,3437
WBGene00010731.,365,2670,3035
WBGene00010732.,298,1909,2207
WBGene00010733.,0,0,0
WBGene00010734.,44,224,268
WBGene00010735.,136,208,344
WBGene00010736.,347,4046,4393
WBGene00010737.,20,334,354
WBGene00010738.,43,1405,1448
WBGene00010740.,0,906,906
WBGene00010741.,8,242,250
WBGene00010742.,81,3438,3519
WBGene00010743.,11,13,24
WBGene00010744.,145,1253,1398
WBGene00010745.,6,30,36
WBGene00010746.,12,2,14
WBGene00010747.,3,11,14
WBGene00010748.,1,0,1
WBGene00010749.,6,37,43
WBGene00010750.,4,11,15
WBGene00010752.,1,18,19
WBGene00010753.,2,5,7
WBGene00010754.,1,0,1
WBGene00010755.,6,230,236
WBGene00010756.,92,947,1039
WBGene00010757.,13,293,306
WBGene00010758.,99,789,888
WBGene00010759.,189,2121,2310
WBGene00010760.,0,15,15
WBGene00010761.,1,0,1
WBGene00010762.,3,6,9
WBGene00010763.,1,1,2
WBGene00010764.,2,4,6
WBGene00010765.,6,43,49
WBGene00010766.,107,2480,2587
WBGene00010767.,12,370,382
WBGene00010768.,44,63,107
WBGene00010769.,8,244,252
WBGene00010770.,113,250,363
WBGene00010771.,64,643,707
WBGene00010772.,1108,2240,3348
WBGene00010773.,155,2568,2723
WBGene00010774.,10,48,58
WBGene00010775.,16,22,38
WBGene00010776.,176,727,903
WBGene00010777.,0,0,0
WBGene00010778.,353,5746,6099
WBGene00010779.,2,4,6
WBGene00010780.,106,2061,2167
WBGene00010781.,4,58,62
WBGene00010782.,13,92,105
WBGene00010783.,288,3299,3587
WBGene00010784.,83,252,335
WBGene00010785.,98,4041,4139
WBGene00010786.,16,7,23
WBGene00010787.,7,134,141
WBGene00010788.,37,145,182
WBGene00010789.,40,32,72
WBGene00010790.,266,23403,23669
WBGene00010791.,6,89,95
WBGene00010792.,24,166,190
WBGene00010793.,135,664,799
WBGene00010794.,480,11551,12031
WBGene00010795.,24,291,315
WBGene00010796.,520,3251,3771
WBGene00010797.,0,1,1
WBGene00010798.,0,1,1
WBGene00010799.,31,218,249
WBGene00010800.,1,6,7
WBGene00010801.,0,6,6
WBGene00010802.,3,0,3
WBGene00010803.,25,505,530
WBGene00010804.,0,6,6
WBGene00010805.,17,333,350
WBGene00010806.,229,2142,2371
WBGene00010807.,17,968,985
WBGene00010808.,1,5,6
WBGene00010809.,54,4441,4495
WBGene00010810.,215,1364,1579
WBGene00010811.,54,752,806
WBGene00010812.,433,5905,6338
WBGene00010813.,266,815,1081
WBGene00010814.,66,242,308
WBGene00010815.,105,482,587
WBGene00010817.,0,1,1
WBGene00010818.,5,3,8
WBGene00010819.,0,3,3
WBGene00010820.,0,0,0
WBGene00010821.,1,3,4
WBGene00010822.,10,51,61
WBGene00010823.,0,1,1
WBGene00010824.,0,2,2
WBGene00010825.,1,10,11
WBGene00010827.,54,954,1008
WBGene00010828.,721,2594,3315
WBGene00010829.,7,3,10
WBGene00010830.,13,38,51
WBGene00010831.,14,28,42
WBGene00010832.,2,29,31
WBGene00010833.,80,666,746
WBGene00010834.,27,2427,2454
WBGene00010835.,52,376,428
WBGene00010836.,22,183,205
WBGene00010837.,48,1285,1333
WBGene00010838.,137,895,1032
WBGene00010839.,66,370,436
WBGene00010840.,506,1749,2255
WBGene00010842.,355,2233,2588
WBGene00010843.,39,107,146
WBGene00010844.,139,2079,2218
WBGene00010845.,261,3976,4237
WBGene00010846.,34,207,241
WBGene00010847.,107,1293,1400
WBGene00010848.,5,330,335
WBGene00010849.,436,366,802
WBGene00010850.,27,42,69
WBGene00010851.,1,24,25
WBGene00010854.,0,3,3
WBGene00010855.,77,14,91
WBGene00010856.,423,1619,2042
WBGene00010857.,58,48,106
WBGene00010858.,51,431,482
WBGene00010859.,13,59,72
WBGene00010862.,1,17,18
WBGene00010863.,7,19,26
WBGene00010864.,38,367,405
WBGene00010865.,24,161,185
WBGene00010866.,0,2,2
WBGene00010867.,106,1072,1178
WBGene00010868.,128,5951,6079
WBGene00010869.,0,8,8
WBGene00010870.,12,176,188
WBGene00010871.,40,157,197
WBGene00010872.,59,3389,3448
WBGene00010873.,47,456,503
WBGene00010874.,25,129,154
WBGene00010875.,84,1235,1319
WBGene00010876.,12,21,33
WBGene00010877.,169,1328,1497
WBGene00010878.,93,3007,3100
WBGene00010879.,208,7469,7677
WBGene00010880.,51,43,94
WBGene00010881.,44,347,391
WBGene00010882.,70,1553,1623
WBGene00010883.,2,8,10
WBGene00010884.,70,360,430
WBGene00010885.,2,4,6
WBGene00010886.,0,12,12
WBGene00010887.,322,2822,3144
WBGene00010888.,1540,11671,13211
WBGene00010889.,15,318,333
WBGene00010890.,184,2179,2363
WBGene00010891.,8,758,766
WBGene00010892.,12,635,647
WBGene00010893.,51,608,659
WBGene00010894.,9,2,11
WBGene00010895.,2,5,7
WBGene00010896.,628,46912,47540
WBGene00010897.,181,619,800
WBGene00010898.,102,530,632
WBGene00010899.,16,55,71
WBGene00010900.,5,4,9
WBGene00010901.,2,52,54
WBGene00010902.,102,839,941
WBGene00010904.,12,98,110
WBGene00010905.,179,3984,4163
WBGene00010906.,2,17,19
WBGene00010907.,20,296,316
WBGene00010908.,246,3130,3376
WBGene00010909.,230,3063,3293
WBGene00010910.,218,550,768
WBGene00010911.,156,1408,1564
WBGene00010912.,191,2874,3065
WBGene00010913.,103,1240,1343
WBGene00010915.,4,0,4
WBGene00010916.,13,52,65
WBGene00010917.,16,172,188
WBGene00010918.,313,1431,1744
WBGene00010919.,149,65,214
WBGene00010920.,10,18,28
WBGene00010921.,2,36,38
WBGene00010922.,2,1216,1218
WBGene00010923.,253,1100,1353
WBGene00010924.,134,49,183
WBGene00010925.,10,10,20
WBGene00010926.,0,61,61
WBGene00010927.,0,0,0
WBGene00010928.,0,43,43
WBGene00010929.,1,2,3
WBGene00010930.,2,1,3
WBGene00010931.,10,132,142
WBGene00010932.,0,3,3
WBGene00010933.,2,2,4
WBGene00010934.,4,36,40
WBGene00010935.,0,425,425
WBGene00010936.,52,526,578
WBGene00010937.,8,23,31
WBGene00010938.,2,3,5
WBGene00010939.,0,7,7
WBGene00010940.,5,854,859
WBGene00010941.,99,1078,1177
WBGene00010942.,684,8789,9473
WBGene00010943.,13,408,421
WBGene00010944.,64,1537,1601
WBGene00010945.,1,142,143
WBGene00010946.,12,10,22
WBGene00010947.,1,397,398
WBGene00010948.,4,14,18
WBGene00010949.,2,3,5
WBGene00010950.,2,4,6
WBGene00010951.,71,519,590
WBGene00010952.,2,1,3
WBGene00010953.,2,3,5
WBGene00010954.,2,0,2
WBGene00010955.,2,0,2
WBGene00010956.,0,1,1
WBGene00010957.,0,1238388,1238388
WBGene00010958.,0,250482,250482
WBGene00010959.,0,222971,222971
WBGene00010960.,0,1055510,1055510
WBGene00010961.,0,81955,81955
WBGene00010962.,0,870224,870224
WBGene00010963.,0,102281,102281
WBGene00010964.,0,497300,497300
WBGene00010965.,0,753748,753748
WBGene00010966.,0,37167,37167
WBGene00010967.,0,101777,101777
WBGene00010968.,9,128,137
WBGene00010969.,0,16,16
WBGene00010970.,158,964,1122
WBGene00010971.,10,157,167
WBGene00010972.,7,238,245
WBGene00010973.,11,70,81
WBGene00010974.,90,432,522
WBGene00010975.,78,576,654
WBGene00010976.,10,970,980
WBGene00010977.,17,114,131
WBGene00010978.,3,46,49
WBGene00010979.,75,126,201
WBGene00010980.,4,12,16
WBGene00010981.,78,966,1044
WBGene00010982.,300,3492,3792
WBGene00010983.,25,53,78
WBGene00010984.,17,1711,1728
WBGene00010985.,39,139,178
WBGene00010986.,46,406,452
WBGene00010987.,54,455,509
WBGene00010988.,133,2204,2337
WBGene00010989.,2,99,101
WBGene00010990.,371,2004,2375
WBGene00010991.,9,37,46
WBGene00010992.,2,0,2
WBGene00010993.,119,5609,5728
WBGene00010994.,680,4742,5422
WBGene00010995.,4,7,11
WBGene00010996.,2,1,3
WBGene00010998.,2,13,15
WBGene00010999.,5,3,8
WBGene00011000.,19,14,33
WBGene00011001.,1,3,4
WBGene00011002.,47,174,221
WBGene00011003.,127,932,1059
WBGene00011004.,278,1016,1294
WBGene00011005.,1,5,6
WBGene00011006.,2,49,51
WBGene00011007.,2,1,3
WBGene00011008.,3,2,5
WBGene00011009.,4,32,36
WBGene00011010.,1,5,6
WBGene00011011.,0,2,2
WBGene00011012.,0,0,0
WBGene00011013.,8,31,39
WBGene00011014.,38,186,224
WBGene00011015.,5566,66522,72088
WBGene00011016.,47,1668,1715
WBGene00011017.,20,2593,2613
WBGene00011018.,105,1438,1543
WBGene00011019.,639,11277,11916
WBGene00011020.,168,2772,2940
WBGene00011021.,274,2614,2888
WBGene00011022.,5,8,13
WBGene00011023.,2,11,13
WBGene00011024.,1,0,1
WBGene00011025.,4,2,6
WBGene00011026.,1892,5410,7302
WBGene00011027.,36,109,145
WBGene00011028.,676,1389,2065
WBGene00011029.,233,1619,1852
WBGene00011030.,57,259,316
WBGene00011032.,110,2418,2528
WBGene00011033.,39,1459,1498
WBGene00011034.,71,1136,1207
WBGene00011035.,189,2000,2189
WBGene00011036.,62,828,890
WBGene00011037.,43,736,779
WBGene00011038.,320,8389,8709
WBGene00011039.,9,118,127
WBGene00011040.,40,399,439
WBGene00011041.,0,3,3
WBGene00011042.,9,125,134
WBGene00011043.,804,2469,3273
WBGene00011044.,125,193,318
WBGene00011045.,307,1636,1943
WBGene00011046.,3,7,10
WBGene00011047.,21,633,654
WBGene00011049.,4,26,30
WBGene00011050.,271,1861,2132
WBGene00011051.,55,2236,2291
WBGene00011052.,5,2,7
WBGene00011053.,9,2,11
WBGene00011054.,72,1235,1307
WBGene00011055.,132,1501,1633
WBGene00011056.,4,6,10
WBGene00011058.,390,1156,1546
WBGene00011059.,7481,96677,104158
WBGene00011060.,116,1686,1802
WBGene00011061.,43,1083,1126
WBGene00011062.,1,94,95
WBGene00011063.,9,113,122
WBGene00011064.,180,1926,2106
WBGene00011065.,8,145,153
WBGene00011066.,34,275,309
WBGene00011067.,70,899,969
WBGene00011068.,40,826,866
WBGene00011069.,26,267,293
WBGene00011070.,284,6517,6801
WBGene00011071.,154,1069,1223
WBGene00011072.,3097,25697,28794
WBGene00011073.,23,267,290
WBGene00011074.,30,236,266
WBGene00011075.,30,166,196
WBGene00011076.,6,57,63
WBGene00011077.,5,73,78
WBGene00011078.,9,57,66
WBGene00011079.,0,0,0
WBGene00011081.,5,80,85
WBGene00011082.,8,104,112
WBGene00011083.,26,20,46
WBGene00011084.,1,1,2
WBGene00011087.,21,371,392
WBGene00011088.,3,107,110
WBGene00011089.,16,711,727
WBGene00011090.,48,269,317
WBGene00011092.,47,320,367
WBGene00011093.,53,338,391
WBGene00011094.,10,144,154
WBGene00011095.,53,2364,2417
WBGene00011096.,2,5,7
WBGene00011097.,118,491,609
WBGene00011098.,13,101,114
WBGene00011099.,16,160,176
WBGene00011100.,51,227,278
WBGene00011101.,77,99,176
WBGene00011102.,19,534,553
WBGene00011103.,6,314,320
WBGene00011104.,25,14,39
WBGene00011105.,159,1159,1318
WBGene00011106.,84,1818,1902
WBGene00011107.,17,370,387
WBGene00011108.,125,584,709
WBGene00011109.,69,1425,1494
WBGene00011110.,886,5837,6723
WBGene00011111.,74,3768,3842
WBGene00011112.,23,1118,1141
WBGene00011113.,19,22,41
WBGene00011114.,4,34,38
WBGene00011115.,68,1788,1856
WBGene00011116.,105,2839,2944
WBGene00011117.,7,258,265
WBGene00011119.,1150,10585,11735
WBGene00011120.,1,15,16
WBGene00011121.,28,321,349
WBGene00011122.,395,3177,3572
WBGene00011123.,258,847,1105
WBGene00011124.,21,217,238
WBGene00011127.,0,13,13
WBGene00011128.,82,6821,6903
WBGene00011129.,1,24,25
WBGene00011130.,1887,6,1893
WBGene00011131.,134,349,483
WBGene00011132.,0,5,5
WBGene00011133.,0,6,6
WBGene00011134.,0,1,1
WBGene00011135.,0,1,1
WBGene00011136.,6,69,75
WBGene00011137.,10,389,399
WBGene00011139.,113,1147,1260
WBGene00011140.,9,30,39
WBGene00011141.,42,359,401
WBGene00011142.,86,1556,1642
WBGene00011143.,70,883,953
WBGene00011144.,10,2672,2682
WBGene00011145.,60,942,1002
WBGene00011146.,364,2306,2670
WBGene00011147.,45,205,250
WBGene00011149.,1,2,3
WBGene00011150.,1,0,1
WBGene00011151.,4,1,5
WBGene00011152.,2,3,5
WBGene00011153.,2,3,5
WBGene00011154.,71,1062,1133
WBGene00011155.,1129,16505,17634
WBGene00011156.,12310,170336,182646
WBGene00011157.,0,3,3
WBGene00011158.,0,3,3
WBGene00011159.,1,3,4
WBGene00011160.,0,3,3
WBGene00011161.,0,5,5
WBGene00011162.,0,1,1
WBGene00011163.,0,1,1
WBGene00011164.,1,0,1
WBGene00011165.,2,2,4
WBGene00011166.,2,18,20
WBGene00011167.,0,9,9
WBGene00011168.,3,6,9
WBGene00011169.,0,0,0
WBGene00011170.,0,0,0
WBGene00011171.,22,159,181
WBGene00011172.,0,6,6
WBGene00011173.,2,1,3
WBGene00011174.,3,0,3
WBGene00011175.,6,11,17
WBGene00011176.,0,9,9
WBGene00011177.,0,1,1
WBGene00011178.,1,1,2
WBGene00011179.,32,495,527
WBGene00011180.,10,63,73
WBGene00011181.,11,299,310
WBGene00011182.,132,456,588
WBGene00011183.,4,12,16
WBGene00011184.,1,52,53
WBGene00011185.,8,315,323
WBGene00011186.,2,7,9
WBGene00011187.,2,20,22
WBGene00011188.,10,198,208
WBGene00011189.,25,166,191
WBGene00011190.,15,76,91
WBGene00011191.,5,26,31
WBGene00011192.,9,15,24
WBGene00011193.,49,1161,1210
WBGene00011194.,99,651,750
WBGene00011195.,25,1820,1845
WBGene00011196.,0,0,0
WBGene00011197.,4,50,54
WBGene00011198.,68,2742,2810
WBGene00011200.,6,11,17
WBGene00011201.,18,140,158
WBGene00011202.,2,15,17
WBGene00011203.,4,54,58
WBGene00011205.,201,2372,2573
WBGene00011206.,77,679,756
WBGene00011207.,15,8,23
WBGene00011208.,1,1,2
WBGene00011209.,2,2,4
WBGene00011210.,2,1,3
WBGene00011211.,7,3,10
WBGene00011212.,5,29,34
WBGene00011213.,7,12,19
WBGene00011214.,2,99,101
WBGene00011215.,39,112,151
WBGene00011216.,123,1262,1385
WBGene00011217.,113,519,632
WBGene00011218.,57,476,533
WBGene00011219.,3,10,13
WBGene00011220.,8,102,110
WBGene00011221.,276,1994,2270
WBGene00011222.,29,363,392
WBGene00011223.,48,458,506
WBGene00011224.,66,439,505
WBGene00011225.,17,312,329
WBGene00011226.,82,432,514
WBGene00011227.,6,474,480
WBGene00011228.,8,22,30
WBGene00011229.,0,4,4
WBGene00011230.,112,3551,3663
WBGene00011231.,27,2115,2142
WBGene00011232.,1578,38767,40345
WBGene00011234.,0,11,11
WBGene00011235.,89,675,764
WBGene00011236.,29,439,468
WBGene00011237.,78,1733,1811
WBGene00011238.,32,162,194
WBGene00011239.,265,3796,4061
WBGene00011240.,323,3972,4295
WBGene00011241.,14,88,102
WBGene00011242.,77,547,624
WBGene00011243.,3,39,42
WBGene00011244.,9,1398,1407
WBGene00011245.,1,11,12
WBGene00011246.,5,17,22
WBGene00011247.,383,4836,5219
WBGene00011248.,76,939,1015
WBGene00011249.,2,4,6
WBGene00011250.,72,1420,1492
WBGene00011251.,47,177,224
WBGene00011252.,1,8,9
WBGene00011253.,38,1420,1458
WBGene00011254.,42,2176,2218
WBGene00011255.,17,58,75
WBGene00011257.,9,13,22
WBGene00011258.,15,109,124
WBGene00011259.,443,2426,2869
WBGene00011260.,12,53,65
WBGene00011261.,380,425,805
WBGene00011262.,17,94,111
WBGene00011263.,8,1634,1642
WBGene00011264.,11,42,53
WBGene00011265.,9,355,364
WBGene00011266.,0,48,48
WBGene00011267.,2,102,104
WBGene00011268.,164,981,1145
WBGene00011269.,64,100,164
WBGene00011270.,329,5343,5672
WBGene00011271.,113,775,888
WBGene00011272.,79,2317,2396
WBGene00011273.,2151,77431,79582
WBGene00011274.,118,946,1064
WBGene00011275.,29,501,530
WBGene00011276.,94,1749,1843
WBGene00011277.,0,7,7
WBGene00011278.,2,222,224
WBGene00011279.,415,3860,4275
WBGene00011280.,80,1121,1201
WBGene00011281.,190,1968,2158
WBGene00011282.,339,2796,3135
WBGene00011283.,720,4370,5090
WBGene00011284.,40,2510,2550
WBGene00011285.,102,1136,1238
WBGene00011286.,21,217,238
WBGene00011287.,72,628,700
WBGene00011288.,2,199,201
WBGene00011289.,13,8714,8727
WBGene00011290.,0,1,1
WBGene00011291.,42,242,284
WBGene00011292.,212,2429,2641
WBGene00011293.,23,47,70
WBGene00011294.,0,2,2
WBGene00011295.,0,0,0
WBGene00011296.,2,34,36
WBGene00011297.,1,0,1
WBGene00011298.,114,697,811
WBGene00011299.,238,1444,1682
WBGene00011300.,161,6969,7130
WBGene00011302.,399,1851,2250
WBGene00011303.,374,2301,2675
WBGene00011304.,3203,8810,12013
WBGene00011305.,17,533,550
WBGene00011306.,90,1390,1480
WBGene00011307.,157,826,983
WBGene00011308.,261,3959,4220
WBGene00011309.,962,3809,4771
WBGene00011310.,37,284,321
WBGene00011311.,249,3540,3789
WBGene00011312.,10,981,991
WBGene00011313.,1,22,23
WBGene00011314.,72,397,469
WBGene00011315.,26,310,336
WBGene00011317.,61,850,911
WBGene00011318.,11,535,546
WBGene00011319.,88,796,884
WBGene00011320.,0,28,28
WBGene00011321.,1,54,55
WBGene00011322.,1,5,6
WBGene00011323.,85,1501,1586
WBGene00011324.,4,431,435
WBGene00011325.,10,57,67
WBGene00011326.,138,1878,2016
WBGene00011327.,0,30,30
WBGene00011328.,84,630,714
WBGene00011329.,52,1037,1089
WBGene00011330.,13,118,131
WBGene00011331.,68,2778,2846
WBGene00011333.,176,2653,2829
WBGene00011334.,143,2886,3029
WBGene00011335.,15,63,78
WBGene00011336.,0,1,1
WBGene00011337.,146,6060,6206
WBGene00011338.,162,1595,1757
WBGene00011339.,48,186,234
WBGene00011340.,7,35,42
WBGene00011341.,0,10,10
WBGene00011342.,2,4,6
WBGene00011344.,422,1681,2103
WBGene00011345.,5,707,712
WBGene00011346.,0,0,0
WBGene00011348.,129,736,865
WBGene00011349.,136,1590,1726
WBGene00011350.,0,42,42
WBGene00011351.,23,108,131
WBGene00011352.,265,2856,3121
WBGene00011353.,102,618,720
WBGene00011354.,3,8,11
WBGene00011355.,6,93,99
WBGene00011356.,3,6,9
WBGene00011357.,2,1,3
WBGene00011358.,3,5,8
WBGene00011359.,15,2,17
WBGene00011360.,1,6,7
WBGene00011361.,27,153,180
WBGene00011362.,4,8,12
WBGene00011363.,0,28,28
WBGene00011364.,9,45,54
WBGene00011365.,6,55,61
WBGene00011366.,18,275,293
WBGene00011367.,53,1004,1057
WBGene00011368.,69,626,695
WBGene00011369.,2,12,14
WBGene00011371.,29,114,143
WBGene00011372.,392,423,815
WBGene00011373.,0,0,0
WBGene00011374.,1739,12253,13992
WBGene00011375.,209,1068,1277
WBGene00011376.,21,364,385
WBGene00011378.,8,16,24
WBGene00011379.,1,3,4
WBGene00011380.,70,375,445
WBGene00011381.,34,240,274
WBGene00011382.,69,760,829
WBGene00011383.,196,6066,6262
WBGene00011386.,1,5,6
WBGene00011387.,2,0,2
WBGene00011388.,2,7,9
WBGene00011389.,0,0,0
WBGene00011390.,0,1,1
WBGene00011391.,586,3506,4092
WBGene00011392.,251,22987,23238
WBGene00011393.,72,830,902
WBGene00011394.,3,11,14
WBGene00011395.,2,0,2
WBGene00011396.,5,15,20
WBGene00011397.,7,9,16
WBGene00011398.,530,5809,6339
WBGene00011399.,2,459,461
WBGene00011400.,79,258,337
WBGene00011401.,4,21,25
WBGene00011402.,9,24,33
WBGene00011403.,4,4,8
WBGene00011404.,31,182,213
WBGene00011405.,2,114,116
WBGene00011407.,54,509,563
WBGene00011408.,298,4610,4908
WBGene00011409.,32,2828,2860
WBGene00011410.,17,1200,1217
WBGene00011411.,5,516,521
WBGene00011412.,182,4384,4566
WBGene00011414.,5,12,17
WBGene00011415.,35,390,425
WBGene00011416.,0,0,0
WBGene00011417.,0,0,0
WBGene00011418.,0,0,0
WBGene00011419.,0,5,5
WBGene00011420.,0,0,0
WBGene00011421.,4,4,8
WBGene00011422.,159,1209,1368
WBGene00011423.,208,1178,1386
WBGene00011424.,3,50,53
WBGene00011425.,33,60,93
WBGene00011426.,26,42,68
WBGene00011427.,10,25,35
WBGene00011428.,676,12784,13460
WBGene00011429.,7,69,76
WBGene00011430.,21,174,195
WBGene00011431.,11,60,71
WBGene00011432.,0,4,4
WBGene00011433.,286,1437,1723
WBGene00011434.,36,820,856
WBGene00011435.,11,36,47
WBGene00011436.,171,3264,3435
WBGene00011437.,14,211,225
WBGene00011438.,0,3,3
WBGene00011439.,20,94,114
WBGene00011440.,25,903,928
WBGene00011441.,136,1010,1146
WBGene00011442.,45,386,431
WBGene00011443.,19,400,419
WBGene00011444.,94,714,808
WBGene00011445.,20,103,123
WBGene00011446.,56,2776,2832
WBGene00011447.,52,203,255
WBGene00011448.,10,80,90
WBGene00011449.,83,2319,2402
WBGene00011450.,12,626,638
WBGene00011451.,38,350,388
WBGene00011452.,31,193,224
WBGene00011453.,12,106,118
WBGene00011454.,49,248,297
WBGene00011456.,106,383,489
WBGene00011458.,5,7,12
WBGene00011459.,3,1,4
WBGene00011460.,55,124,179
WBGene00011462.,17,34,51
WBGene00011463.,51,364,415
WBGene00011464.,55,698,753
WBGene00011465.,24,360,384
WBGene00011466.,2,16,18
WBGene00011467.,2,10,12
WBGene00011468.,10,22,32
WBGene00011469.,1,2,3
WBGene00011470.,0,0,0
WBGene00011471.,32,164,196
WBGene00011472.,1,1,2
WBGene00011473.,16,307,323
WBGene00011474.,69,46652,46721
WBGene00011475.,4,109,113
WBGene00011476.,34,188,222
WBGene00011478.,2,11,13
WBGene00011479.,89,1319,1408
WBGene00011480.,1028,17085,18113
WBGene00011481.,23,10974,10997
WBGene00011482.,21,195,216
WBGene00011483.,2,5,7
WBGene00011484.,22,1178,1200
WBGene00011485.,0,1,1
WBGene00011486.,0,2,2
WBGene00011487.,20,64,84
WBGene00011488.,293,2691,2984
WBGene00011489.,58,397,455
WBGene00011490.,98,1485,1583
WBGene00011491.,2,0,2
WBGene00011492.,8,16,24
WBGene00011493.,0,3,3
WBGene00011494.,2,5,7
WBGene00011495.,11,158,169
WBGene00011497.,70,643,713
WBGene00011498.,1274,11971,13245
WBGene00011499.,6,9,15
WBGene00011500.,50,992,1042
WBGene00011501.,4,174,178
WBGene00011502.,29,771,800
WBGene00011503.,340,1343,1683
WBGene00011505.,0,2,2
WBGene00011506.,0,1,1
WBGene00011507.,110,3664,3774
WBGene00011508.,1,15,16
WBGene00011509.,3,163,166
WBGene00011510.,441,7243,7684
WBGene00011511.,469,2245,2714
WBGene00011512.,24,169,193
WBGene00011513.,0,146,146
WBGene00011514.,8,65,73
WBGene00011515.,3,4,7
WBGene00011516.,0,9,9
WBGene00011517.,22,173,195
WBGene00011518.,4,3,7
WBGene00011519.,3,9,12
WBGene00011520.,48,300,348
WBGene00011521.,0,8,8
WBGene00011522.,230,3902,4132
WBGene00011523.,14,22,36
WBGene00011524.,41,164,205
WBGene00011526.,169,2436,2605
WBGene00011527.,42,3640,3682
WBGene00011528.,83,1461,1544
WBGene00011529.,99,2076,2175
WBGene00011530.,39,225,264
WBGene00011531.,281,8660,8941
WBGene00011532.,330,2412,2742
WBGene00011533.,0,7,7
WBGene00011534.,12,75,87
WBGene00011535.,57,1044,1101
WBGene00011536.,59,1003,1062
WBGene00011537.,0,1437,1437
WBGene00011538.,66,2795,2861
WBGene00011539.,0,7,7
WBGene00011540.,7,28,35
WBGene00011541.,2,0,2
WBGene00011542.,1,1,2
WBGene00011543.,95,787,882
WBGene00011544.,8,11,19
WBGene00011545.,27,339,366
WBGene00011546.,26,279,305
WBGene00011547.,2,9,11
WBGene00011548.,45,585,630
WBGene00011549.,0,5,5
WBGene00011550.,2,27,29
WBGene00011551.,64,478,542
WBGene00011554.,73,144,217
WBGene00011556.,14,56,70
WBGene00011557.,2,12,14
WBGene00011558.,0,5083,5083
WBGene00011559.,88,1115,1203
WBGene00011560.,10,607,617
WBGene00011561.,312,9022,9334
WBGene00011562.,142,948,1090
WBGene00011563.,9,20,29
WBGene00011564.,1268,7143,8411
WBGene00011565.,4,22,26
WBGene00011566.,10,37,47
WBGene00011567.,0,3,3
WBGene00011568.,6,36,42
WBGene00011570.,2,1,3
WBGene00011571.,170,4060,4230
WBGene00011572.,50,322,372
WBGene00011573.,65,4512,4577
WBGene00011574.,1,16,17
WBGene00011575.,18,271,289
WBGene00011576.,53,345,398
WBGene00011577.,1,3,4
WBGene00011578.,11,33,44
WBGene00011579.,273,2174,2447
WBGene00011580.,68,1464,1532
WBGene00011581.,8,53,61
WBGene00011582.,57,51,108
WBGene00011583.,1,8,9
WBGene00011584.,0,0,0
WBGene00011585.,0,0,0
WBGene00011586.,97,4157,4254
WBGene00011587.,16,148,164
WBGene00011589.,34,1067,1101
WBGene00011590.,156,469,625
WBGene00011591.,5,96,101
WBGene00011592.,105,177,282
WBGene00011593.,11,316,327
WBGene00011594.,8,84,92
WBGene00011595.,0,4,4
WBGene00011596.,17,125,142
WBGene00011597.,62,126,188
WBGene00011599.,0,515,515
WBGene00011600.,8,138,146
WBGene00011601.,36,204,240
WBGene00011604.,307,1545,1852
WBGene00011605.,252,5015,5267
WBGene00011606.,15,66,81
WBGene00011607.,41,68,109
WBGene00011608.,3,94,97
WBGene00011609.,0,0,0
WBGene00011610.,1,34,35
WBGene00011611.,8,37,45
WBGene00011612.,47,33,80
WBGene00011613.,25,141,166
WBGene00011614.,6,251,257
WBGene00011615.,10,229,239
WBGene00011616.,3,2,5
WBGene00011617.,1,1,2
WBGene00011618.,0,0,0
WBGene00011619.,1,0,1
WBGene00011620.,2,1,3
WBGene00011621.,0,0,0
WBGene00011622.,10,9,19
WBGene00011623.,14,152,166
WBGene00011624.,184,1309,1493
WBGene00011625.,33,739,772
WBGene00011626.,0,0,0
WBGene00011627.,0,0,0
WBGene00011628.,0,0,0
WBGene00011629.,522,12594,13116
WBGene00011630.,20,88,108
WBGene00011631.,404,3022,3426
WBGene00011633.,27,136,163
WBGene00011634.,196,2260,2456
WBGene00011635.,62,1191,1253
WBGene00011636.,313,2228,2541
WBGene00011637.,127,1360,1487
WBGene00011638.,54,7891,7945
WBGene00011639.,358,1959,2317
WBGene00011640.,10,292,302
WBGene00011641.,0,2485,2485
WBGene00011642.,4,44,48
WBGene00011643.,12,87,99
WBGene00011644.,16,101,117
WBGene00011645.,35,619,654
WBGene00011646.,9,31,40
WBGene00011647.,866,4902,5768
WBGene00011648.,111,1242,1353
WBGene00011649.,4,7,11
WBGene00011650.,0,0,0
WBGene00011651.,2,2,4
WBGene00011652.,1,0,1
WBGene00011653.,4,2,6
WBGene00011654.,4,1,5
WBGene00011655.,0,8,8
WBGene00011656.,0,0,0
WBGene00011657.,0,1,1
WBGene00011658.,1,0,1
WBGene00011659.,0,0,0
WBGene00011660.,4,6,10
WBGene00011661.,107,1999,2106
WBGene00011662.,86,1730,1816
WBGene00011663.,178,477,655
WBGene00011664.,29,482,511
WBGene00011665.,15,137,152
WBGene00011666.,1,2,3
WBGene00011668.,0,7,7
WBGene00011669.,2,5,7
WBGene00011670.,1,10,11
WBGene00011671.,4,8,12
WBGene00011672.,81,632,713
WBGene00011673.,4,76,80
WBGene00011674.,3,31,34
WBGene00011675.,15,11,26
WBGene00011676.,46,813,859
WBGene00011677.,17,49,66
WBGene00011678.,42,631,673
WBGene00011679.,146,6787,6933
WBGene00011680.,28,597,625
WBGene00011681.,149,3027,3176
WBGene00011682.,95,586,681
WBGene00011683.,546,4657,5203
WBGene00011684.,17,70,87
WBGene00011685.,0,4,4
WBGene00011686.,0,2,2
WBGene00011687.,44,3499,3543
WBGene00011688.,35,614,649
WBGene00011689.,7,16,23
WBGene00011690.,0,3,3
WBGene00011691.,2,5,7
WBGene00011692.,1983,12044,14027
WBGene00011693.,7,31,38
WBGene00011694.,363,2202,2565
WBGene00011695.,22,58,80
WBGene00011696.,396,3429,3825
WBGene00011697.,3,22,25
WBGene00011698.,7,83,90
WBGene00011699.,1,18,19
WBGene00011701.,3,15,18
WBGene00011702.,5,18,23
WBGene00011703.,5,5,10
WBGene00011704.,0,1,1
WBGene00011705.,13,145,158
WBGene00011706.,21,223,244
WBGene00011707.,6,115,121
WBGene00011708.,1378,13155,14533
WBGene00011709.,24,82,106
WBGene00011710.,0,0,0
WBGene00011712.,0,37,37
WBGene00011713.,11,348,359
WBGene00011714.,0,2,2
WBGene00011715.,0,2,2
WBGene00011716.,5,22,27
WBGene00011717.,43,690,733
WBGene00011718.,42,346,388
WBGene00011719.,59,557,616
WBGene00011720.,256,1739,1995
WBGene00011721.,1,7,8
WBGene00011722.,174,2683,2857
WBGene00011723.,277,2400,2677
WBGene00011724.,2,1,3
WBGene00011725.,30,205,235
WBGene00011726.,189,898,1087
WBGene00011727.,68,782,850
WBGene00011728.,8,69,77
WBGene00011729.,201,2867,3068
WBGene00011730.,77,8585,8662
WBGene00011731.,30,508,538
WBGene00011732.,711,3916,4627
WBGene00011733.,6,335,341
WBGene00011734.,274,8090,8364
WBGene00011735.,739,6744,7483
WBGene00011736.,345,12022,12367
WBGene00011737.,144,4158,4302
WBGene00011738.,55,727,782
WBGene00011739.,14,446,460
WBGene00011740.,332,3608,3940
WBGene00011741.,4,37,41
WBGene00011742.,43,1252,1295
WBGene00011743.,427,5161,5588
WBGene00011744.,18,135,153
WBGene00011745.,68,301,369
WBGene00011746.,8,274,282
WBGene00011747.,94,1462,1556
WBGene00011748.,1,10,11
WBGene00011749.,0,0,0
WBGene00011750.,2,7,9
WBGene00011751.,0,6,6
WBGene00011752.,17,90,107
WBGene00011753.,3,24,27
WBGene00011754.,8,25,33
WBGene00011755.,997,3913,4910
WBGene00011756.,28,597,625
WBGene00011757.,18,106,124
WBGene00011758.,158,3571,3729
WBGene00011759.,16,4857,4873
WBGene00011760.,54,1042,1096
WBGene00011761.,31,928,959
WBGene00011762.,23,258,281
WBGene00011763.,190,8075,8265
WBGene00011765.,109,611,720
WBGene00011767.,843,3448,4291
WBGene00011768.,26,1115,1141
WBGene00011770.,4,36,40
WBGene00011771.,701,6421,7122
WBGene00011772.,24,223,247
WBGene00011773.,7,940,947
WBGene00011774.,105,980,1085
WBGene00011775.,360,4452,4812
WBGene00011776.,20,610,630
WBGene00011777.,1,146,147
WBGene00011778.,1,0,1
WBGene00011779.,1,1,2
WBGene00011780.,2,0,2
WBGene00011781.,1,0,1
WBGene00011782.,1,2,3
WBGene00011783.,0,0,0
WBGene00011784.,1,0,1
WBGene00011785.,2,3,5
WBGene00011786.,2,3,5
WBGene00011788.,10,207,217
WBGene00011789.,11,57,68
WBGene00011790.,1,5,6
WBGene00011791.,0,6,6
WBGene00011793.,39,203,242
WBGene00011794.,157,1008,1165
WBGene00011795.,7,77,84
WBGene00011796.,11,241,252
WBGene00011797.,5,10,15
WBGene00011798.,7,48,55
WBGene00011799.,3,9,12
WBGene00011800.,9,82,91
WBGene00011801.,10,137,147
WBGene00011802.,66,1448,1514
WBGene00011803.,25,223,248
WBGene00011804.,6,50,56
WBGene00011805.,0,25,25
WBGene00011806.,77,1153,1230
WBGene00011807.,140,989,1129
WBGene00011808.,0,1,1
WBGene00011809.,0,0,0
WBGene00011810.,4,2,6
WBGene00011811.,0,33,33
WBGene00011812.,3,38,41
WBGene00011813.,55,610,665
WBGene00011814.,41,276,317
WBGene00011815.,254,2320,2574
WBGene00011816.,3,1,4
WBGene00011817.,83,398,481
WBGene00011818.,6,1,7
WBGene00011819.,19,409,428
WBGene00011820.,21,1026,1047
WBGene00011821.,7,75,82
WBGene00011822.,16,133,149
WBGene00011823.,1,266,267
WBGene00011824.,179,786,965
WBGene00011826.,131,221,352
WBGene00011827.,914,1772,2686
WBGene00011828.,9,952,961
WBGene00011829.,33,89,122
WBGene00011830.,118,1933,2051
WBGene00011831.,32,1673,1705
WBGene00011832.,85,1291,1376
WBGene00011833.,48,760,808
WBGene00011834.,27,458,485
WBGene00011835.,12,527,539
WBGene00011836.,6,124,130
WBGene00011837.,2,15,17
WBGene00011838.,17,700,717
WBGene00011839.,6,569,575
WBGene00011840.,0,1,1
WBGene00011841.,8,75,83
WBGene00011842.,0,0,0
WBGene00011844.,3,17,20
WBGene00011846.,3,15,18
WBGene00011847.,0,8,8
WBGene00011848.,3,6,9
WBGene00011849.,16,2883,2899
WBGene00011850.,70,257,327
WBGene00011851.,0,2,2
WBGene00011852.,0,10,10
WBGene00011853.,3,2,5
WBGene00011854.,995,1439,2434
WBGene00011855.,1,20,21
WBGene00011856.,73,808,881
WBGene00011857.,222,4165,4387
WBGene00011858.,31,1309,1340
WBGene00011859.,79,1470,1549
WBGene00011860.,9,424,433
WBGene00011864.,227,4892,5119
WBGene00011867.,134,6734,6868
WBGene00011868.,51,295,346
WBGene00011869.,95,97340,97435
WBGene00011870.,33,5666,5699
WBGene00011871.,90,873,963
WBGene00011872.,94,564,658
WBGene00011873.,92,172,264
WBGene00011874.,1,12,13
WBGene00011875.,22,178,200
WBGene00011876.,0,4,4
WBGene00011877.,16,106,122
WBGene00011878.,45,203,248
WBGene00011879.,149,1323,1472
WBGene00011880.,1607,32081,33688
WBGene00011882.,6,30,36
WBGene00011883.,332,3136,3468
WBGene00011884.,305,50987,51292
WBGene00011885.,618,1892,2510
WBGene00011886.,14,335,349
WBGene00011887.,590,735,1325
WBGene00011888.,226,692,918
WBGene00011890.,37,964,1001
WBGene00011891.,100,3061,3161
WBGene00011892.,191,2632,2823
WBGene00011893.,3,56,59
WBGene00011894.,42,498,540
WBGene00011895.,6,23,29
WBGene00011896.,4,182,186
WBGene00011897.,276,5035,5311
WBGene00011898.,0,50,50
WBGene00011899.,32,623,655
WBGene00011900.,14,8,22
WBGene00011902.,0,33,33
WBGene00011903.,0,3,3
WBGene00011904.,469,2489,2958
WBGene00011906.,51,1609,1660
WBGene00011908.,74,510,584
WBGene00011909.,4,8,12
WBGene00011910.,1,8,9
WBGene00011911.,0,9,9
WBGene00011912.,134,2085,2219
WBGene00011913.,188,988,1176
WBGene00011914.,31,422,453
WBGene00011915.,122,1271,1393
WBGene00011916.,54,513,567
WBGene00011917.,360,7003,7363
WBGene00011918.,3,7,10
WBGene00011919.,11,14,25
WBGene00011920.,30,370,400
WBGene00011921.,5,1,6
WBGene00011922.,3,18,21
WBGene00011923.,9,78,87
WBGene00011924.,61,562,623
WBGene00011925.,11,161,172
WBGene00011926.,22,105,127
WBGene00011927.,6,125,131
WBGene00011928.,30,140,170
WBGene00011929.,0,0,0
WBGene00011930.,46,503,549
WBGene00011931.,15,465,480
WBGene00011932.,107,1296,1403
WBGene00011933.,1,1,2
WBGene00011934.,0,0,0
WBGene00011935.,11,1105,1116
WBGene00011936.,13,177,190
WBGene00011937.,0,2,2
WBGene00011938.,16,179,195
WBGene00011939.,94,1445,1539
WBGene00011940.,223,918,1141
WBGene00011941.,85,441,526
WBGene00011942.,0,0,0
WBGene00011943.,0,0,0
WBGene00011944.,384,3643,4027
WBGene00011945.,41,193,234
WBGene00011947.,0,1,1
WBGene00011948.,5,6,11
WBGene00011949.,2,18,20
WBGene00011950.,1,0,1
WBGene00011951.,7,8,15
WBGene00011952.,24,111,135
WBGene00011953.,450,4898,5348
WBGene00011954.,0,20,20
WBGene00011955.,126,1830,1956
WBGene00011956.,16,586,602
WBGene00011957.,86,516,602
WBGene00011958.,4,85,89
WBGene00011959.,3,214,217
WBGene00011960.,14,122,136
WBGene00011961.,3,1,4
WBGene00011962.,147,1834,1981
WBGene00011963.,94,568,662
WBGene00011964.,70,698,768
WBGene00011965.,80,740,820
WBGene00011966.,430,5967,6397
WBGene00011967.,154,2109,2263
WBGene00011968.,1,94,95
WBGene00011969.,11,932,943
WBGene00011970.,245,764,1009
WBGene00011971.,359,3430,3789
WBGene00011972.,61,1452,1513
WBGene00011973.,5,12,17
WBGene00011974.,23,207,230
WBGene00011975.,230,2440,2670
WBGene00011976.,278,925,1203
WBGene00011977.,531,39957,40488
WBGene00011978.,390,3322,3712
WBGene00011979.,5,17,22
WBGene00011980.,353,2862,3215
WBGene00011981.,0,15,15
WBGene00011982.,2,0,2
WBGene00011983.,1,10,11
WBGene00011984.,12,84,96
WBGene00011985.,76,856,932
WBGene00011986.,1,45,46
WBGene00011988.,33,148,181
WBGene00011989.,5,0,5
WBGene00011990.,5,387,392
WBGene00011991.,6,2,8
WBGene00011992.,0,0,0
WBGene00011993.,0,4,4
WBGene00011994.,6,591,597
WBGene00011995.,260,1573,1833
WBGene00011996.,12,238,250
WBGene00011997.,12,539,551
WBGene00011999.,27,202,229
WBGene00012000.,57,2050,2107
WBGene00012002.,81,1236,1317
WBGene00012003.,27,15,42
WBGene00012004.,178,1837,2015
WBGene00012005.,2209,1150,3359
WBGene00012007.,44,1913,1957
WBGene00012008.,0,10,10
WBGene00012009.,54,277,331
WBGene00012010.,1,3,4
WBGene00012011.,1,2,3
WBGene00012012.,3,8,11
WBGene00012013.,11,32,43
WBGene00012014.,93,774,867
WBGene00012015.,230,5505,5735
WBGene00012016.,126,631,757
WBGene00012017.,23,5,28
WBGene00012018.,144,874,1018
WBGene00012019.,2946,2574,5520
WBGene00012020.,1,60,61
WBGene00012021.,5,0,5
WBGene00012022.,5,2,7
WBGene00012023.,6,6,12
WBGene00012024.,0,1,1
WBGene00012025.,0,5,5
WBGene00012026.,0,2,2
WBGene00012027.,0,3,3
WBGene00012028.,1,4,5
WBGene00012029.,127,1082,1209
WBGene00012030.,179,5438,5617
WBGene00012031.,106,3982,4088
WBGene00012032.,26,223,249
WBGene00012033.,217,1659,1876
WBGene00012034.,16,134,150
WBGene00012035.,36,1092,1128
WBGene00012036.,0,18,18
WBGene00012037.,946,7108,8054
WBGene00012038.,0,3,3
WBGene00012039.,0,5,5
WBGene00012040.,1,13,14
WBGene00012041.,8,3,11
WBGene00012042.,12,253,265
WBGene00012043.,2,2,4
WBGene00012044.,2,8,10
WBGene00012045.,9,73,82
WBGene00012046.,10,43,53
WBGene00012047.,4,1,5
WBGene00012048.,2,1,3
WBGene00012049.,0,1,1
WBGene00012050.,4,3,7
WBGene00012051.,12,6,18
WBGene00012052.,0,0,0
WBGene00012053.,0,1,1
WBGene00012054.,3,0,3
WBGene00012055.,3,7,10
WBGene00012056.,0,14,14
WBGene00012057.,0,0,0
WBGene00012058.,5,11,16
WBGene00012059.,247,3235,3482
WBGene00012060.,0,0,0
WBGene00012061.,0,1,1
WBGene00012062.,33,273,306
WBGene00012063.,0,0,0
WBGene00012064.,0,0,0
WBGene00012065.,0,0,0
WBGene00012066.,0,0,0
WBGene00012067.,1,0,1
WBGene00012068.,6,18,24
WBGene00012069.,0,1,1
WBGene00012070.,13,1,14
WBGene00012072.,0,9,9
WBGene00012073.,100,690,790
WBGene00012074.,2,9,11
WBGene00012075.,0,0,0
WBGene00012077.,4,4,8
WBGene00012078.,1,1,2
WBGene00012079.,0,5,5
WBGene00012080.,0,0,0
WBGene00012081.,1,2,3
WBGene00012083.,0,2,2
WBGene00012084.,237,525,762
WBGene00012085.,119,2524,2643
WBGene00012086.,27,31,58
WBGene00012087.,2,3,5
WBGene00012088.,3,7,10
WBGene00012089.,1,2,3
WBGene00012090.,2,0,2
WBGene00012091.,6,1,7
WBGene00012093.,5,2,7
WBGene00012094.,0,32170,32170
WBGene00012095.,117,391,508
WBGene00012096.,0,3,3
WBGene00012097.,222,17179,17401
WBGene00012098.,0,1,1
WBGene00012099.,99,167,266
WBGene00012100.,320,2689,3009
WBGene00012101.,0,345,345
WBGene00012102.,4,6,10
WBGene00012103.,4,78,82
WBGene00012104.,35,1157,1192
WBGene00012105.,45,499,544
WBGene00012106.,49,780,829
WBGene00012107.,24,256,280
WBGene00012108.,2,4,6
WBGene00012109.,23,161,184
WBGene00012110.,27,156,183
WBGene00012111.,20,263,283
WBGene00012112.,48,367,415
WBGene00012113.,31,14940,14971
WBGene00012114.,16,70,86
WBGene00012115.,18,39,57
WBGene00012116.,22,58,80
WBGene00012117.,472,4379,4851
WBGene00012118.,52,858,910
WBGene00012119.,0,28,28
WBGene00012120.,5,22,27
WBGene00012121.,479,5656,6135
WBGene00012122.,9,597,606
WBGene00012123.,528,6255,6783
WBGene00012124.,37,807,844
WBGene00012125.,117,1185,1302
WBGene00012126.,1375,4179,5554
WBGene00012127.,9,330,339
WBGene00012128.,559,8687,9246
WBGene00012130.,39,380,419
WBGene00012131.,21,319,340
WBGene00012132.,60,389,449
WBGene00012133.,1,2,3
WBGene00012134.,14,117,131
WBGene00012135.,56,281,337
WBGene00012136.,1166,3327,4493
WBGene00012137.,120,253,373
WBGene00012138.,11,45,56
WBGene00012139.,554,707,1261
WBGene00012140.,341,22757,23098
WBGene00012142.,62,353,415
WBGene00012143.,78,499,577
WBGene00012144.,39,156,195
WBGene00012145.,43,1138,1181
WBGene00012146.,0,0,0
WBGene00012147.,3,15,18
WBGene00012148.,305,57437,57742
WBGene00012149.,297,1490,1787
WBGene00012150.,65,476,541
WBGene00012151.,3,37,40
WBGene00012152.,161,1928,2089
WBGene00012155.,42,473,515
WBGene00012156.,7,1318,1325
WBGene00012157.,140,756,896
WBGene00012158.,1351,12627,13978
WBGene00012159.,3,8,11
WBGene00012162.,2,55,57
WBGene00012163.,4,76,80
WBGene00012164.,65,146,211
WBGene00012165.,173,342,515
WBGene00012166.,24,15854,15878
WBGene00012167.,10,685,695
WBGene00012168.,43,113,156
WBGene00012169.,1,0,1
WBGene00012170.,7,17,24
WBGene00012171.,0,2,2
WBGene00012172.,10,34,44
WBGene00012173.,1,1,2
WBGene00012174.,1,1,2
WBGene00012175.,1,52,53
WBGene00012176.,3,44,47
WBGene00012177.,3,2,5
WBGene00012178.,133,403,536
WBGene00012179.,2976,191654,194630
WBGene00012180.,147,74,221
WBGene00012181.,11,14,25
WBGene00012182.,12,834,846
WBGene00012183.,0,60,60
WBGene00012184.,30,309,339
WBGene00012185.,11,119,130
WBGene00012186.,109,3933,4042
WBGene00012187.,115,2464,2579
WBGene00012188.,189,1035,1224
WBGene00012189.,11,33,44
WBGene00012190.,36,39,75
WBGene00012191.,21,28,49
WBGene00012192.,153,897,1050
WBGene00012193.,1089,8739,9828
WBGene00012194.,92,1913,2005
WBGene00012195.,56,54,110
WBGene00012196.,6,60,66
WBGene00012197.,102,3638,3740
WBGene00012198.,25,654,679
WBGene00012199.,19,57,76
WBGene00012200.,4,13,17
WBGene00012201.,17,96,113
WBGene00012202.,13,11,24
WBGene00012203.,110,2196,2306
WBGene00012204.,30,1904,1934
WBGene00012205.,48,1677,1725
WBGene00012206.,54,1366,1420
WBGene00012207.,2,2,4
WBGene00012208.,126,1355,1481
WBGene00012209.,10,362,372
WBGene00012210.,0,122,122
WBGene00012211.,0,3,3
WBGene00012212.,0,1,1
WBGene00012213.,0,1,1
WBGene00012214.,0,6,6
WBGene00012215.,1,11,12
WBGene00012216.,33,2395,2428
WBGene00012217.,12,23,35
WBGene00012218.,2,11,13
WBGene00012219.,12,28,40
WBGene00012220.,43,304,347
WBGene00012221.,197,3330,3527
WBGene00012222.,58,435,493
WBGene00012223.,0,0,0
WBGene00012224.,7,31,38
WBGene00012225.,179,564,743
WBGene00012226.,222,2161,2383
WBGene00012227.,2,17,19
WBGene00012228.,20,87,107
WBGene00012230.,577,2040,2617
WBGene00012231.,0,5,5
WBGene00012232.,1,0,1
WBGene00012233.,5,1,6
WBGene00012234.,397,1743,2140
WBGene00012235.,61,902,963
WBGene00012236.,57,501,558
WBGene00012237.,8,193,201
WBGene00012238.,3,3,6
WBGene00012239.,144,4141,4285
WBGene00012240.,1,5,6
WBGene00012241.,111,374,485
WBGene00012242.,1,37,38
WBGene00012243.,42,1011,1053
WBGene00012244.,25,2414,2439
WBGene00012245.,452,4169,4621
WBGene00012246.,0,4,4
WBGene00012247.,0,0,0
WBGene00012248.,0,0,0
WBGene00012249.,1,3,4
WBGene00012250.,6,1,7
WBGene00012251.,0,13,13
WBGene00012252.,238,1004,1242
WBGene00012253.,29,939,968
WBGene00012254.,5,14,19
WBGene00012255.,86,3366,3452
WBGene00012256.,19,1664,1683
WBGene00012257.,74,2119,2193
WBGene00012258.,45,1636,1681
WBGene00012259.,146,502,648
WBGene00012260.,0,24,24
WBGene00012261.,57,3785,3842
WBGene00012264.,1,7,8
WBGene00012265.,9,63,72
WBGene00012266.,3,3,6
WBGene00012267.,3,3,6
WBGene00012268.,6,165,171
WBGene00012269.,4,8,12
WBGene00012270.,32,105,137
WBGene00012271.,2,65,67
WBGene00012272.,106,77,183
WBGene00012274.,1023,5583,6606
WBGene00012275.,158,308,466
WBGene00012276.,141,2708,2849
WBGene00012277.,81,673,754
WBGene00012278.,1,0,1
WBGene00012279.,12,872,884
WBGene00012280.,8,83,91
WBGene00012281.,87,331,418
WBGene00012282.,63,572,635
WBGene00012283.,0,2,2
WBGene00012284.,0,1,1
WBGene00012285.,3,1,4
WBGene00012286.,1,0,1
WBGene00012287.,0,3,3
WBGene00012288.,0,5,5
WBGene00012289.,501,4124,4625
WBGene00012290.,16,67,83
WBGene00012291.,1062,5875,6937
WBGene00012292.,0,0,0
WBGene00012293.,82,60,142
WBGene00012294.,0,0,0
WBGene00012295.,32,98,130
WBGene00012296.,2,21,23
WBGene00012297.,4,16,20
WBGene00012298.,78,1699,1777
WBGene00012299.,2,32,34
WBGene00012300.,0,0,0
WBGene00012301.,1,2,3
WBGene00012302.,0,1,1
WBGene00012303.,5,1,6
WBGene00012304.,46,28,74
WBGene00012305.,1,0,1
WBGene00012306.,104,307,411
WBGene00012307.,8,43,51
WBGene00012308.,3,2,5
WBGene00012309.,0,1,1
WBGene00012310.,4,2,6
WBGene00012311.,0,2,2
WBGene00012312.,0,3,3
WBGene00012313.,0,0,0
WBGene00012314.,0,0,0
WBGene00012315.,49,750,799
WBGene00012316.,197,2045,2242
WBGene00012317.,157,2868,3025
WBGene00012318.,1,1,2
WBGene00012319.,207,782,989
WBGene00012320.,0,0,0
WBGene00012321.,0,3,3
WBGene00012322.,170,1633,1803
WBGene00012323.,3,34,37
WBGene00012324.,3,134,137
WBGene00012325.,43,126,169
WBGene00012326.,289,1875,2164
WBGene00012328.,18,84,102
WBGene00012329.,8,10,18
WBGene00012330.,39,494,533
WBGene00012332.,14,118,132
WBGene00012333.,3,22,25
WBGene00012334.,22,5,27
WBGene00012335.,12,34,46
WBGene00012336.,52,155,207
WBGene00012337.,342,4817,5159
WBGene00012339.,57,541,598
WBGene00012340.,36,241,277
WBGene00012341.,135,1662,1797
WBGene00012342.,305,3129,3434
WBGene00012343.,282,3415,3697
WBGene00012344.,550,9731,10281
WBGene00012345.,6,26,32
WBGene00012346.,8,56,64
WBGene00012347.,564,462,1026
WBGene00012348.,1196,5195,6391
WBGene00012349.,5,3,8
WBGene00012350.,0,0,0
WBGene00012351.,1393,11399,12792
WBGene00012352.,173,642,815
WBGene00012353.,119,1826,1945
WBGene00012354.,639,45190,45829
WBGene00012355.,73,0,73
WBGene00012356.,10,113,123
WBGene00012357.,1,1,2
WBGene00012358.,333,3075,3408
WBGene00012359.,79,1377,1456
WBGene00012360.,106,662,768
WBGene00012361.,166,9453,9619
WBGene00012362.,814,1993,2807
WBGene00012363.,112,583,695
WBGene00012364.,76,413,489
WBGene00012365.,154,2308,2462
WBGene00012366.,108,1476,1584
WBGene00012368.,5,68,73
WBGene00012369.,172,1261,1433
WBGene00012370.,174,594,768
WBGene00012371.,768,1683,2451
WBGene00012372.,26,103,129
WBGene00012373.,0,0,0
WBGene00012374.,49,102,151
WBGene00012375.,73,3288,3361
WBGene00012376.,459,15951,16410
WBGene00012377.,0,0,0
WBGene00012378.,0,6,6
WBGene00012379.,0,13,13
WBGene00012381.,96,676,772
WBGene00012382.,10310,156761,167071
WBGene00012383.,1558,22249,23807
WBGene00012384.,62,500,562
WBGene00012385.,80,568,648
WBGene00012386.,167356,2202,169558
WBGene00012387.,59,266,325
WBGene00012388.,4,7,11
WBGene00012389.,263,1047,1310
WBGene00012390.,189,667,856
WBGene00012391.,31,291,322
WBGene00012393.,141,782,923
WBGene00012394.,20,55,75
WBGene00012395.,5,563,568
WBGene00012396.,68,1175,1243
WBGene00012397.,0,2,2
WBGene00012398.,13,73,86
WBGene00012399.,48,90,138
WBGene00012400.,0,12,12
WBGene00012401.,2,4,6
WBGene00012402.,0,2,2
WBGene00012403.,1,18,19
WBGene00012404.,3,21,24
WBGene00012405.,0,0,0
WBGene00012406.,5,0,5
WBGene00012407.,30,308,338
WBGene00012408.,54,366,420
WBGene00012409.,2,3,5
WBGene00012411.,2,2,4
WBGene00012412.,0,21,21
WBGene00012413.,6,36,42
WBGene00012414.,1,20,21
WBGene00012415.,3,10,13
WBGene00012416.,21,154,175
WBGene00012418.,19,18,37
WBGene00012419.,0,0,0
WBGene00012420.,15,3520,3535
WBGene00012421.,75,1102,1177
WBGene00012423.,260,2554,2814
WBGene00012424.,419,2251,2670
WBGene00012425.,29,180,209
WBGene00012426.,10,23,33
WBGene00012428.,15,142,157
WBGene00012429.,10,122,132
WBGene00012431.,7,263,270
WBGene00012432.,10,26,36
WBGene00012433.,21,329,350
WBGene00012434.,306,6066,6372
WBGene00012435.,2,199,201
WBGene00012436.,4,248,252
WBGene00012437.,793,6517,7310
WBGene00012439.,26,939,965
WBGene00012440.,4,1057,1061
WBGene00012441.,37,262,299
WBGene00012442.,23,52,75
WBGene00012443.,334,2748,3082
WBGene00012444.,214,3077,3291
WBGene00012445.,33,397,430
WBGene00012446.,40,181,221
WBGene00012448.,25,12,37
WBGene00012449.,10,64,74
WBGene00012450.,9,42,51
WBGene00012451.,17,16,33
WBGene00012452.,0,6927,6927
WBGene00012453.,3,5,8
WBGene00012454.,1,1,2
WBGene00012455.,20,81,101
WBGene00012456.,21,91,112
WBGene00012457.,79,229,308
WBGene00012458.,367,2143,2510
WBGene00012459.,34,998,1032
WBGene00012460.,64,487,551
WBGene00012461.,274,362,636
WBGene00012462.,214,204,418
WBGene00012463.,220,811,1031
WBGene00012464.,7,32,39
WBGene00012465.,157,1983,2140
WBGene00012466.,161,366,527
WBGene00012467.,4,15,19
WBGene00012468.,340,2986,3326
WBGene00012469.,70,753,823
WBGene00012470.,3,2,5
WBGene00012471.,130,8172,8302
WBGene00012472.,222,1812,2034
WBGene00012473.,57,112,169
WBGene00012474.,295,1971,2266
WBGene00012475.,17,8,25
WBGene00012476.,1,232,233
WBGene00012477.,41,65,106
WBGene00012478.,904,5171,6075
WBGene00012479.,141,1089,1230
WBGene00012480.,12,27,39
WBGene00012481.,13,264,277
WBGene00012482.,0,5,5
WBGene00012483.,0,3246,3246
WBGene00012484.,30,4855,4885
WBGene00012485.,2,46,48
WBGene00012486.,0,1,1
WBGene00012487.,5,22,27
WBGene00012488.,2,1,3
WBGene00012489.,0,0,0
WBGene00012490.,0,1,1
WBGene00012491.,93,7,100
WBGene00012492.,0,5,5
WBGene00012493.,0,2,2
WBGene00012494.,44,77,121
WBGene00012496.,99,1062,1161
WBGene00012497.,88,3257,3345
WBGene00012498.,0,48,48
WBGene00012499.,0,6,6
WBGene00012500.,8,21,29
WBGene00012501.,0,1,1
WBGene00012502.,0,1,1
WBGene00012503.,18,80,98
WBGene00012504.,0,0,0
WBGene00012505.,0,4,4
WBGene00012509.,0,1,1
WBGene00012512.,7,191,198
WBGene00012513.,45,397,442
WBGene00012514.,26,251,277
WBGene00012515.,4,0,4
WBGene00012516.,0,5,5
WBGene00012517.,1,1,2
WBGene00012518.,0,1,1
WBGene00012519.,5,19,24
WBGene00012520.,2,0,2
WBGene00012521.,2,4,6
WBGene00012522.,437,1848,2285
WBGene00012523.,0,3,3
WBGene00012524.,80,478,558
WBGene00012525.,6,14,20
WBGene00012526.,0,4,4
WBGene00012527.,31,204,235
WBGene00012528.,78,3467,3545
WBGene00012529.,18,160,178
WBGene00012530.,333,766,1099
WBGene00012531.,46,115,161
WBGene00012532.,155,587,742
WBGene00012533.,1,12,13
WBGene00012535.,17,30,47
WBGene00012536.,40,308,348
WBGene00012537.,2,25,27
WBGene00012538.,33,236,269
WBGene00012540.,17,342,359
WBGene00012541.,1,2,3
WBGene00012542.,13,4,17
WBGene00012543.,366,1533,1899
WBGene00012544.,1553,19256,20809
WBGene00012545.,182,1045,1227
WBGene00012546.,12,595,607
WBGene00012547.,4,25,29
WBGene00012548.,250,1171,1421
WBGene00012549.,5,2,7
WBGene00012550.,30,6804,6834
WBGene00012551.,6,739,745
WBGene00012552.,0,233,233
WBGene00012553.,5580,57887,63467
WBGene00012554.,78,1196,1274
WBGene00012555.,30,1125,1155
WBGene00012556.,212,3291,3503
WBGene00012557.,2,5,7
WBGene00012558.,194,2068,2262
WBGene00012559.,183,1072,1255
WBGene00012560.,737,1391,2128
WBGene00012561.,2,41,43
WBGene00012562.,172,1172,1344
WBGene00012564.,16,266,282
WBGene00012565.,19,239,258
WBGene00012566.,5,96,101
WBGene00012567.,3,23,26
WBGene00012568.,5,79,84
WBGene00012569.,0,59,59
WBGene00012570.,3,0,3
WBGene00012571.,3,3,6
WBGene00012572.,5,8,13
WBGene00012573.,11,31,42
WBGene00012574.,0,0,0
WBGene00012575.,0,3,3
WBGene00012576.,86,409,495
WBGene00012577.,2,3,5
WBGene00012578.,315,1075,1390
WBGene00012579.,0,0,0
WBGene00012580.,0,0,0
WBGene00012581.,0,0,0
WBGene00012582.,2,6,8
WBGene00012583.,5,14,19
WBGene00012584.,1161,3078,4239
WBGene00012585.,36,264,300
WBGene00012586.,2,13,15
WBGene00012587.,1,7,8
WBGene00012588.,22,112,134
WBGene00012589.,2,10,12
WBGene00012590.,1,0,1
WBGene00012591.,0,561,561
WBGene00012592.,3,261,264
WBGene00012593.,3,28,31
WBGene00012594.,5,38,43
WBGene00012595.,5,98,103
WBGene00012596.,5,53,58
WBGene00012597.,35,428,463
WBGene00012600.,103,818,921
WBGene00012602.,619,10834,11453
WBGene00012603.,0,14,14
WBGene00012604.,0,120,120
WBGene00012605.,18,147,165
WBGene00012606.,103,565,668
WBGene00012607.,12,87,99
WBGene00012608.,1858,18067,19925
WBGene00012609.,0,5,5
WBGene00012610.,23,238,261
WBGene00012612.,6,5,11
WBGene00012614.,13,17,30
WBGene00012615.,168,2750,2918
WBGene00012616.,2,81,83
WBGene00012617.,0,5,5
WBGene00012618.,11,23,34
WBGene00012620.,0,9,9
WBGene00012621.,5,152,157
WBGene00012622.,24,53,77
WBGene00012623.,20,94,114
WBGene00012624.,37,345,382
WBGene00012625.,2,17,19
WBGene00012626.,43,147,190
WBGene00012627.,21,55,76
WBGene00012628.,193,1716,1909
WBGene00012629.,14,80,94
WBGene00012630.,1,5,6
WBGene00012631.,1,8,9
WBGene00012632.,5,48,53
WBGene00012633.,13,5,18
WBGene00012634.,0,34,34
WBGene00012635.,12,198,210
WBGene00012636.,3,3,6
WBGene00012637.,1,7,8
WBGene00012638.,0,2,2
WBGene00012639.,30,118,148
WBGene00012640.,5,94,99
WBGene00012641.,286,2027,2313
WBGene00012642.,18,53,71
WBGene00012643.,24,1825,1849
WBGene00012644.,411,566,977
WBGene00012645.,249,2388,2637
WBGene00012646.,176,2142,2318
WBGene00012647.,92,691,783
WBGene00012648.,192,5988,6180
WBGene00012649.,0,4,4
WBGene00012650.,13,849,862
WBGene00012651.,88,435,523
WBGene00012652.,17,1692,1709
WBGene00012653.,0,0,0
WBGene00012654.,43,72,115
WBGene00012655.,0,14,14
WBGene00012656.,8,7,15
WBGene00012657.,134,591,725
WBGene00012658.,355,2319,2674
WBGene00012659.,50,12,62
WBGene00012660.,0,75,75
WBGene00012661.,3,2,5
WBGene00012662.,115,1461,1576
WBGene00012663.,152,708,860
WBGene00012664.,2,141,143
WBGene00012665.,141,1392,1533
WBGene00012666.,292,2678,2970
WBGene00012668.,969,5439,6408
WBGene00012669.,7,58,65
WBGene00012670.,23,54,77
WBGene00012671.,3,24,27
WBGene00012672.,1,5,6
WBGene00012673.,12,98,110
WBGene00012674.,248,977,1225
WBGene00012675.,193,1204,1397
WBGene00012676.,549,2475,3024
WBGene00012678.,30,202,232
WBGene00012679.,6,14,20
WBGene00012680.,0,29,29
WBGene00012681.,3,0,3
WBGene00012682.,21,0,21
WBGene00012683.,0,11,11
WBGene00012684.,1,3,4
WBGene00012686.,2,29,31
WBGene00012688.,9,7,16
WBGene00012689.,2,14,16
WBGene00012690.,5,4,9
WBGene00012692.,549,4278,4827
WBGene00012693.,149,1544,1693
WBGene00012694.,129,1421,1550
WBGene00012695.,15,911,926
WBGene00012696.,15,239,254
WBGene00012697.,72,3003,3075
WBGene00012698.,23,402,425
WBGene00012699.,13,3,16
WBGene00012700.,8,177,185
WBGene00012701.,158,552,710
WBGene00012702.,5,46,51
WBGene00012703.,70,195,265
WBGene00012704.,71,370,441
WBGene00012705.,8,82,90
WBGene00012706.,1,0,1
WBGene00012707.,1,6,7
WBGene00012708.,6,16,22
WBGene00012709.,15,74,89
WBGene00012710.,12,712,724
WBGene00012711.,10,34,44
WBGene00012712.,131,324,455
WBGene00012713.,180,5243,5423
WBGene00012714.,111,3364,3475
WBGene00012715.,41,900,941
WBGene00012716.,4,165,169
WBGene00012717.,661,6016,6677
WBGene00012718.,448,232,680
WBGene00012719.,137,421,558
WBGene00012720.,0,9,9
WBGene00012721.,33,23,56
WBGene00012722.,191,2602,2793
WBGene00012723.,18,570,588
WBGene00012724.,3,3,6
WBGene00012725.,0,1,1
WBGene00012726.,4,3,7
WBGene00012727.,0,0,0
WBGene00012728.,10,268,278
WBGene00012729.,0,3,3
WBGene00012730.,703,1857,2560
WBGene00012731.,3,28,31
WBGene00012732.,320,768,1088
WBGene00012734.,468,816,1284
WBGene00012735.,706,1623,2329
WBGene00012738.,83,7874,7957
WBGene00012739.,1291,4981,6272
WBGene00012740.,90,1541,1631
WBGene00012741.,9,22,31
WBGene00012742.,0,3,3
WBGene00012743.,6,5,11
WBGene00012744.,170,213,383
WBGene00012745.,5,1,6
WBGene00012746.,0,3,3
WBGene00012747.,9,4,13
WBGene00012748.,0,13,13
WBGene00012749.,40,65,105
WBGene00012750.,135,269,404
WBGene00012752.,0,0,0
WBGene00012753.,42,815,857
WBGene00012754.,21,73,94
WBGene00012755.,39,440,479
WBGene00012756.,153,675,828
WBGene00012757.,42,474,516
WBGene00012758.,38,229,267
WBGene00012759.,178,4087,4265
WBGene00012760.,10135,1795,11930
WBGene00012761.,1,1,2
WBGene00012762.,144,3073,3217
WBGene00012763.,157,477,634
WBGene00012764.,0,230,230
WBGene00012765.,267,2574,2841
WBGene00012766.,77,3473,3550
WBGene00012767.,425,1024,1449
WBGene00012768.,59,54900,54959
WBGene00012769.,416,3516,3932
WBGene00012770.,216,15,231
WBGene00012771.,2,2,4
WBGene00012772.,17,1,18
WBGene00012773.,4,1,5
WBGene00012775.,25,7,32
WBGene00012776.,60,219,279
WBGene00012777.,7,132,139
WBGene00012778.,25,177,202
WBGene00012779.,111,414,525
WBGene00012780.,17,66,83
WBGene00012781.,0,19,19
WBGene00012782.,40,220,260
WBGene00012783.,16,601,617
WBGene00012784.,8,16,24
WBGene00012785.,1,2,3
WBGene00012786.,5,49,54
WBGene00012787.,2,15,17
WBGene00012788.,27,1,28
WBGene00012789.,0,0,0
WBGene00012790.,0,0,0
WBGene00012791.,22,53,75
WBGene00012792.,1,5,6
WBGene00012793.,2,10,12
WBGene00012794.,58,1870,1928
WBGene00012795.,4,55,59
WBGene00012796.,71,402,473
WBGene00012798.,5,16,21
WBGene00012799.,0,30,30
WBGene00012802.,134,684,818
WBGene00012803.,52,3637,3689
WBGene00012804.,151,1246,1397
WBGene00012806.,51,530,581
WBGene00012807.,166,1718,1884
WBGene00012808.,5,54,59
WBGene00012809.,6,3,9
WBGene00012810.,1,5,6
WBGene00012811.,60,470,530
WBGene00012812.,404,9731,10135
WBGene00012813.,1945,15568,17513
WBGene00012814.,61,157,218
WBGene00012815.,27,120,147
WBGene00012816.,1,2,3
WBGene00012817.,6,11,17
WBGene00012818.,2,3,5
WBGene00012819.,28,243,271
WBGene00012820.,77,3,80
WBGene00012821.,81,889,970
WBGene00012822.,2,8,10
WBGene00012823.,1,7,8
WBGene00012824.,7,9,16
WBGene00012825.,131,772,903
WBGene00012826.,100,353,453
WBGene00012827.,1,6,7
WBGene00012828.,428,286,714
WBGene00012829.,385,3005,3390
WBGene00012830.,54,2492,2546
WBGene00012831.,4,8,12
WBGene00012832.,248,10,258
WBGene00012833.,47,615,662
WBGene00012834.,19,79,98
WBGene00012835.,35,303,338
WBGene00012836.,3,2,5
WBGene00012837.,0,5,5
WBGene00012838.,0,1,1
WBGene00012839.,0,0,0
WBGene00012840.,187,1155,1342
WBGene00012841.,0,1,1
WBGene00012844.,0,0,0
WBGene00012845.,133,221,354
WBGene00012846.,1,5,6
WBGene00012847.,3,9,12
WBGene00012848.,1,1,2
WBGene00012849.,3,1,4
WBGene00012850.,1483,8473,9956
WBGene00012851.,0,92,92
WBGene00012852.,725,215,940
WBGene00012853.,172,21361,21533
WBGene00012854.,256,2853,3109
WBGene00012855.,12,13,25
WBGene00012856.,26,77,103
WBGene00012857.,179,952,1131
WBGene00012858.,82,1131,1213
WBGene00012859.,37,157,194
WBGene00012860.,80,654,734
WBGene00012861.,42,1275,1317
WBGene00012862.,0,0,0
WBGene00012863.,13,34,47
WBGene00012864.,26,128,154
WBGene00012866.,31,124,155
WBGene00012867.,42,488,530
WBGene00012868.,759,1433,2192
WBGene00012869.,57,762,819
WBGene00012870.,4,1,5
WBGene00012871.,0,0,0
WBGene00012872.,1,3,4
WBGene00012873.,0,1,1
WBGene00012874.,0,1,1
WBGene00012875.,1354,15555,16909
WBGene00012876.,7,6,13
WBGene00012877.,3,0,3
WBGene00012878.,0,0,0
WBGene00012879.,7,188,195
WBGene00012880.,7,9,16
WBGene00012883.,23,449,472
WBGene00012885.,335,4277,4612
WBGene00012886.,12,74,86
WBGene00012887.,272,2434,2706
WBGene00012888.,50,848,898
WBGene00012889.,174,507,681
WBGene00012890.,87,369,456
WBGene00012891.,665,4581,5246
WBGene00012892.,17,45,62
WBGene00012893.,6,26,32
WBGene00012894.,1104,1378,2482
WBGene00012895.,180,845,1025
WBGene00012896.,115,4981,5096
WBGene00012897.,6,1630,1636
WBGene00012898.,5,44,49
WBGene00012899.,13,116,129
WBGene00012900.,5,82,87
WBGene00012901.,27,69,96
WBGene00012903.,276,3437,3713
WBGene00012904.,63,1089,1152
WBGene00012905.,2,7,9
WBGene00012906.,52,476,528
WBGene00012907.,2784,6631,9415
WBGene00012908.,256,1319,1575
WBGene00012909.,254,413,667
WBGene00012910.,5,18,23
WBGene00012911.,36,244,280
WBGene00012912.,0,6,6
WBGene00012913.,0,1,1
WBGene00012914.,2,6,8
WBGene00012915.,25,105,130
WBGene00012916.,0,1,1
WBGene00012917.,16,27,43
WBGene00012919.,10,14,24
WBGene00012920.,163,371,534
WBGene00012921.,0,387,387
WBGene00012922.,7,186,193
WBGene00012923.,24,229,253
WBGene00012924.,7,19,26
WBGene00012925.,0,2,2
WBGene00012926.,1,5,6
WBGene00012927.,56,371,427
WBGene00012928.,36,1695,1731
WBGene00012929.,538,3398,3936
WBGene00012930.,163,553,716
WBGene00012931.,164,1179,1343
WBGene00012932.,170,2895,3065
WBGene00012933.,0,120,120
WBGene00012934.,227,972,1199
WBGene00012935.,248,539,787
WBGene00012936.,262,2323,2585
WBGene00012937.,0,3,3
WBGene00012938.,175,235,410
WBGene00012939.,96,685,781
WBGene00012940.,12,19,31
WBGene00012941.,23,239,262
WBGene00012942.,2,1297,1299
WBGene00012943.,121,1012,1133
WBGene00012945.,0,0,0
WBGene00012946.,7,0,7
WBGene00012947.,2,9,11
WBGene00012948.,227,327,554
WBGene00012950.,78,1168,1246
WBGene00012951.,240,1685,1925
WBGene00012952.,3,21,24
WBGene00012953.,9,228,237
WBGene00012954.,20,87,107
WBGene00012955.,2,7,9
WBGene00012956.,80,67,147
WBGene00012958.,4,8,12
WBGene00012959.,2,15,17
WBGene00012960.,357,2308,2665
WBGene00012961.,19,278,297
WBGene00012962.,24,126,150
WBGene00012964.,340,16911,17251
WBGene00012965.,0,7,7
WBGene00012966.,9,1175,1184
WBGene00012967.,64,129,193
WBGene00012968.,33,180,213
WBGene00012969.,2,11,13
WBGene00012970.,12,63,75
WBGene00012972.,118,1240,1358
WBGene00012973.,971,4939,5910
WBGene00012974.,86,28,114
WBGene00012975.,1479,354,1833
WBGene00012976.,96,318,414
WBGene00012977.,224,837,1061
WBGene00012978.,360,4103,4463
WBGene00012979.,6,42,48
WBGene00012980.,1667,2733,4400
WBGene00012981.,4,8,12
WBGene00012982.,232,1379,1611
WBGene00012983.,359,4323,4682
WBGene00012984.,83,824,907
WBGene00012985.,21,7,28
WBGene00012987.,217,1323,1540
WBGene00012988.,371,1579,1950
WBGene00012989.,1142,926,2068
WBGene00012990.,684,2213,2897
WBGene00012992.,218,2991,3209
WBGene00012993.,240,461,701
WBGene00012994.,202,743,945
WBGene00012995.,497,1026,1523
WBGene00012996.,298,1493,1791
WBGene00012997.,29,760,789
WBGene00012998.,247,1004,1251
WBGene00012999.,515,3226,3741
WBGene00013000.,697,388,1085
WBGene00013001.,436,993,1429
WBGene00013002.,640,1030,1670
WBGene00013004.,590,3973,4563
WBGene00013006.,294,634,928
WBGene00013007.,38,266,304
WBGene00013008.,77,1007,1084
WBGene00013009.,7,107,114
WBGene00013010.,0,0,0
WBGene00013011.,44,537,581
WBGene00013013.,95,935,1030
WBGene00013014.,214,927,1141
WBGene00013015.,168,666,834
WBGene00013017.,61,1984,2045
WBGene00013018.,34,1712,1746
WBGene00013019.,221,609,830
WBGene00013020.,226,2401,2627
WBGene00013021.,146,902,1048
WBGene00013023.,44,265,309
WBGene00013024.,23,526,549
WBGene00013025.,16,8566,8582
WBGene00013026.,3,696,699
WBGene00013027.,24,517,541
WBGene00013028.,20,128,148
WBGene00013029.,144,2442,2586
WBGene00013030.,46,509,555
WBGene00013031.,1,18,19
WBGene00013032.,3,4,7
WBGene00013033.,5,5,10
WBGene00013034.,875,1483,2358
WBGene00013035.,18,102,120
WBGene00013036.,7,12,19
WBGene00013037.,28,129,157
WBGene00013038.,225,2460,2685
WBGene00013039.,395,1794,2189
WBGene00013040.,545,784,1329
WBGene00013041.,6,65,71
WBGene00013042.,236,1040,1276
WBGene00013043.,40,99,139
WBGene00013044.,21,7,28
WBGene00013045.,2,0,2
WBGene00013046.,23,387,410
WBGene00013047.,0,1,1
WBGene00013048.,7,486,493
WBGene00013049.,1,2,3
WBGene00013050.,3,0,3
WBGene00013051.,0,2,2
WBGene00013052.,7,9,16
WBGene00013053.,13,25,38
WBGene00013054.,0,22,22
WBGene00013055.,25,209,234
WBGene00013056.,2,2,4
WBGene00013058.,14,1,15
WBGene00013059.,0,1,1
WBGene00013060.,1,1,2
WBGene00013061.,0,1,1
WBGene00013062.,0,2,2
WBGene00013063.,0,0,0
WBGene00013064.,0,0,0
WBGene00013066.,8,14,22
WBGene00013067.,1,2,3
WBGene00013068.,1,13,14
WBGene00013069.,4,0,4
WBGene00013070.,0,3,3
WBGene00013071.,0,73,73
WBGene00013072.,13,18,31
WBGene00013073.,31,90,121
WBGene00013074.,32,711,743
WBGene00013075.,170,652,822
WBGene00013076.,19,19,38
WBGene00013077.,2911,31834,34745
WBGene00013078.,1106,13158,14264
WBGene00013079.,1309,8108,9417
WBGene00013080.,213,489,702
WBGene00013081.,1612,41609,43221
WBGene00013082.,189,1035,1224
WBGene00013083.,86,490,576
WBGene00013085.,1,37,38
WBGene00013086.,1,3,4
WBGene00013087.,0,8,8
WBGene00013088.,9,14,23
WBGene00013089.,0,1,1
WBGene00013090.,0,0,0
WBGene00013091.,1,2,3
WBGene00013093.,861,618,1479
WBGene00013094.,737,19817,20554
WBGene00013095.,292,926,1218
WBGene00013096.,492,1111,1603
WBGene00013098.,130,588,718
WBGene00013100.,10,22,32
WBGene00013101.,7,17,24
WBGene00013102.,0,1,1
WBGene00013103.,30,526,556
WBGene00013104.,121,1785,1906
WBGene00013105.,0,5,5
WBGene00013106.,128,1526,1654
WBGene00013107.,1,23,24
WBGene00013109.,46,3775,3821
WBGene00013111.,183,1930,2113
WBGene00013112.,0,0,0
WBGene00013113.,1,0,1
WBGene00013114.,25,0,25
WBGene00013116.,14,19,33
WBGene00013117.,0,1,1
WBGene00013118.,26,40,66
WBGene00013119.,45,55,100
WBGene00013120.,0,5,5
WBGene00013121.,4,4,8
WBGene00013122.,57,469,526
WBGene00013123.,293,668,961
WBGene00013124.,1669,1348,3017
WBGene00013125.,10,70,80
WBGene00013126.,5,1,6
WBGene00013127.,30,151,181
WBGene00013128.,126,1306,1432
WBGene00013129.,423,2172,2595
WBGene00013130.,1,14,15
WBGene00013131.,176,490,666
WBGene00013132.,115,777,892
WBGene00013134.,6,25,31
WBGene00013135.,67,871,938
WBGene00013136.,87,1270,1357
WBGene00013137.,85,730,815
WBGene00013138.,2,0,2
WBGene00013139.,120,982,1102
WBGene00013140.,47,1221,1268
WBGene00013141.,17,68,85
WBGene00013142.,5,5,10
WBGene00013143.,21,1504,1525
WBGene00013144.,671,4266,4937
WBGene00013145.,9,85,94
WBGene00013146.,54,209,263
WBGene00013147.,0,68,68
WBGene00013148.,3,2,5
WBGene00013149.,45,18,63
WBGene00013150.,48,1660,1708
WBGene00013151.,84,1176,1260
WBGene00013152.,3,13,16
WBGene00013153.,2,55,57
WBGene00013154.,0,5,5
WBGene00013155.,2,13,15
WBGene00013156.,14,718,732
WBGene00013157.,0,13,13
WBGene00013158.,6,17,23
WBGene00013159.,88,238,326
WBGene00013160.,747,1286,2033
WBGene00013161.,539,1642,2181
WBGene00013162.,4,8,12
WBGene00013163.,35,15,50
WBGene00013164.,87,234,321
WBGene00013165.,5,31,36
WBGene00013166.,17,200,217
WBGene00013167.,477,415,892
WBGene00013168.,137,3806,3943
WBGene00013169.,18,258,276
WBGene00013170.,2,2,4
WBGene00013171.,93,51,144
WBGene00013172.,0,1,1
WBGene00013173.,50,287,337
WBGene00013175.,10,12,22
WBGene00013176.,111,1785,1896
WBGene00013177.,209,2428,2637
WBGene00013178.,85,936,1021
WBGene00013179.,2,3,5
WBGene00013180.,82,1000,1082
WBGene00013181.,2444,18286,20730
WBGene00013182.,2,2,4
WBGene00013184.,0,0,0
WBGene00013186.,4,3,7
WBGene00013187.,29,216,245
WBGene00013188.,59,290,349
WBGene00013189.,360,1148,1508
WBGene00013190.,4,19,23
WBGene00013192.,1,15,16
WBGene00013193.,82,749,831
WBGene00013194.,3,4,7
WBGene00013195.,17,157,174
WBGene00013196.,27,241,268
WBGene00013197.,26,188,214
WBGene00013198.,26,98,124
WBGene00013200.,498,7091,7589
WBGene00013201.,384,1003,1387
WBGene00013202.,111,1284,1395
WBGene00013203.,86,839,925
WBGene00013204.,41,879,920
WBGene00013207.,5,8,13
WBGene00013208.,29,165,194
WBGene00013209.,94,1942,2036
WBGene00013210.,0,6562,6562
WBGene00013211.,75,637,712
WBGene00013212.,86,183,269
WBGene00013213.,186,2127,2313
WBGene00013214.,76,532,608
WBGene00013215.,23,281,304
WBGene00013216.,28,593,621
WBGene00013217.,174,1359,1533
WBGene00013218.,26,162,188
WBGene00013219.,65,4187,4252
WBGene00013220.,1,3,4
WBGene00013221.,21,44,65
WBGene00013222.,231,689,920
WBGene00013223.,356,2456,2812
WBGene00013224.,77,887,964
WBGene00013225.,230,1123,1353
WBGene00013226.,16,2,18
WBGene00013227.,13,78,91
WBGene00013228.,2553,4013,6566
WBGene00013230.,0,0,0
WBGene00013231.,38,438,476
WBGene00013232.,181,541,722
WBGene00013233.,1,8,9
WBGene00013234.,0,9,9
WBGene00013235.,8,185,193
WBGene00013236.,49,3026,3075
WBGene00013237.,180,10034,10214
WBGene00013238.,965,16788,17753
WBGene00013239.,170,1673,1843
WBGene00013240.,226,710,936
WBGene00013241.,76,855,931
WBGene00013242.,73,262,335
WBGene00013243.,130,479,609
WBGene00013244.,45,199,244
WBGene00013246.,63,173,236
WBGene00013247.,14,97,111
WBGene00013248.,31,136,167
WBGene00013249.,18,52,70
WBGene00013250.,8,81,89
WBGene00013251.,12,60,72
WBGene00013252.,7,89,96
WBGene00013253.,86,202,288
WBGene00013254.,3,5,8
WBGene00013255.,273,2903,3176
WBGene00013256.,102,1458,1560
WBGene00013257.,4,35,39
WBGene00013258.,680,367,1047
WBGene00013259.,155,883,1038
WBGene00013260.,32,1300,1332
WBGene00013261.,188,224,412
WBGene00013263.,34,4865,4899
WBGene00013264.,5,17,22
WBGene00013265.,186,668,854
WBGene00013266.,101,2289,2390
WBGene00013267.,221,1717,1938
WBGene00013268.,32,565,597
WBGene00013269.,12,2391,2403
WBGene00013270.,141,384,525
WBGene00013272.,62,121,183
WBGene00013273.,411,1336,1747
WBGene00013275.,65,2498,2563
WBGene00013276.,9,9,18
WBGene00013277.,1,2,3
WBGene00013278.,3,35,38
WBGene00013279.,0,3,3
WBGene00013280.,0,0,0
WBGene00013281.,2,16,18
WBGene00013282.,1,0,1
WBGene00013283.,1,2,3
WBGene00013284.,6,713,719
WBGene00013285.,11,39,50
WBGene00013286.,2,43,45
WBGene00013287.,212,237,449
WBGene00013288.,0,8,8
WBGene00013289.,1090,3843,4933
WBGene00013290.,0,0,0
WBGene00013292.,248,1295,1543
WBGene00013293.,41,382,423
WBGene00013294.,7,10,17
WBGene00013295.,3,201,204
WBGene00013296.,0,0,0
WBGene00013297.,2,4,6
WBGene00013298.,6,49,55
WBGene00013299.,0,0,0
WBGene00013300.,7,11,18
WBGene00013301.,21,3361,3382
WBGene00013302.,24,728,752
WBGene00013303.,88,238,326
WBGene00013304.,22,37,59
WBGene00013305.,1,5,6
WBGene00013306.,2,36,38
WBGene00013307.,70,4186,4256
WBGene00013308.,0,1227,1227
WBGene00013310.,74,129,203
WBGene00013311.,94,26546,26640
WBGene00013312.,14,246,260
WBGene00013313.,6,5,11
WBGene00013315.,0,0,0
WBGene00013316.,0,0,0
WBGene00013317.,751,2468,3219
WBGene00013318.,5,7,12
WBGene00013319.,0,3,3
WBGene00013320.,3,0,3
WBGene00013321.,273,2299,2572
WBGene00013322.,35,164,199
WBGene00013323.,18,1597,1615
WBGene00013324.,330,4514,4844
WBGene00013325.,56,550,606
WBGene00013326.,284,900,1184
WBGene00013327.,478,2931,3409
WBGene00013328.,8,6,14
WBGene00013329.,6,98,104
WBGene00013330.,3,196,199
WBGene00013331.,65,96,161
WBGene00013332.,32,1077,1109
WBGene00013333.,15,51,66
WBGene00013334.,187,1374,1561
WBGene00013335.,77,372,449
WBGene00013336.,16,42,58
WBGene00013337.,1,0,1
WBGene00013338.,1,3,4
WBGene00013339.,239,947,1186
WBGene00013340.,371,5481,5852
WBGene00013341.,0,1,1
WBGene00013343.,793,4110,4903
WBGene00013344.,58,2333,2391
WBGene00013345.,74,216,290
WBGene00013347.,1120,5246,6366
WBGene00013348.,19,153,172
WBGene00013349.,2,149,151
WBGene00013350.,291,592,883
WBGene00013351.,0,1,1
WBGene00013352.,280,2197,2477
WBGene00013353.,92,156,248
WBGene00013354.,659,2787,3446
WBGene00013355.,344,2057,2401
WBGene00013356.,0,1,1
WBGene00013357.,5,4,9
WBGene00013358.,77,583,660
WBGene00013359.,44,527,571
WBGene00013360.,490,7143,7633
WBGene00013361.,466,1450,1916
WBGene00013362.,74,215,289
WBGene00013363.,2,25,27
WBGene00013364.,6,15,21
WBGene00013365.,219,2160,2379
WBGene00013366.,815,2958,3773
WBGene00013367.,9,5,14
WBGene00013368.,17,25,42
WBGene00013369.,0,0,0
WBGene00013370.,0,3,3
WBGene00013371.,0,0,0
WBGene00013372.,0,0,0
WBGene00013373.,13,20,33
WBGene00013374.,1,0,1
WBGene00013375.,38,65,103
WBGene00013376.,127,847,974
WBGene00013378.,22,2456,2478
WBGene00013379.,539,2954,3493
WBGene00013380.,1,107,108
WBGene00013381.,12,106,118
WBGene00013382.,46,549,595
WBGene00013383.,16,73,89
WBGene00013385.,55,471,526
WBGene00013386.,0,5,5
WBGene00013387.,239,1245,1484
WBGene00013388.,4,11,15
WBGene00013389.,2,4,6
WBGene00013390.,1,1,2
WBGene00013391.,0,3,3
WBGene00013392.,3,13,16
WBGene00013393.,0,0,0
WBGene00013394.,1,0,1
WBGene00013395.,2,1,3
WBGene00013396.,1,1,2
WBGene00013397.,4,4,8
WBGene00013398.,2,3,5
WBGene00013399.,5,1,6
WBGene00013400.,3,3,6
WBGene00013401.,2,18,20
WBGene00013402.,27,137,164
WBGene00013403.,12,45,57
WBGene00013404.,4,176,180
WBGene00013405.,48,325,373
WBGene00013406.,743,11843,12586
WBGene00013407.,59,452,511
WBGene00013408.,1,16,17
WBGene00013409.,1,2,3
WBGene00013410.,3,26,29
WBGene00013411.,7,1,8
WBGene00013412.,0,2,2
WBGene00013415.,186,1281,1467
WBGene00013416.,274,756,1030
WBGene00013417.,58,60,118
WBGene00013418.,217,1837,2054
WBGene00013419.,26,62,88
WBGene00013421.,1,24,25
WBGene00013422.,168,1018,1186
WBGene00013424.,0,11,11
WBGene00013425.,103,301,404
WBGene00013426.,24,421,445
WBGene00013427.,71,1,72
WBGene00013429.,8,9,17
WBGene00013431.,118,192,310
WBGene00013432.,8,123,131
WBGene00013433.,3,399,402
WBGene00013434.,167,1041,1208
WBGene00013435.,286,3430,3716
WBGene00013436.,160,1735,1895
WBGene00013437.,3,17,20
WBGene00013438.,5,643,648
WBGene00013439.,7,23,30
WBGene00013440.,24,123,147
WBGene00013441.,160,1076,1236
WBGene00013442.,22,307,329
WBGene00013443.,111,315,426
WBGene00013445.,24,368,392
WBGene00013446.,362,1030,1392
WBGene00013447.,212,829,1041
WBGene00013448.,135,952,1087
WBGene00013449.,3,17,20
WBGene00013450.,11,19,30
WBGene00013451.,4,19,23
WBGene00013452.,4,8,12
WBGene00013453.,43,652,695
WBGene00013454.,2,1,3
WBGene00013455.,229,842,1071
WBGene00013456.,81,511,592
WBGene00013457.,41,176,217
WBGene00013458.,111,1298,1409
WBGene00013459.,910,6304,7214
WBGene00013460.,526,1148,1674
WBGene00013461.,337,1811,2148
WBGene00013462.,215,2621,2836
WBGene00013463.,0,14722,14722
WBGene00013464.,92,698,790
WBGene00013465.,123,927,1050
WBGene00013466.,0,0,0
WBGene00013467.,2,1,3
WBGene00013468.,2,2,4
WBGene00013469.,1,3,4
WBGene00013470.,5,1,6
WBGene00013471.,0,0,0
WBGene00013472.,0,3,3
WBGene00013473.,1,0,1
WBGene00013474.,0,5,5
WBGene00013475.,0,0,0
WBGene00013476.,0,2,2
WBGene00013477.,152,5581,5733
WBGene00013478.,2,3,5
WBGene00013479.,60,245,305
WBGene00013480.,42,11,53
WBGene00013481.,900,8824,9724
WBGene00013482.,79,874,953
WBGene00013483.,0,0,0
WBGene00013484.,14,16,30
WBGene00013485.,147,349,496
WBGene00013486.,31,32,63
WBGene00013487.,14,3,17
WBGene00013489.,53,11754,11807
WBGene00013490.,7,70,77
WBGene00013491.,0,0,0
WBGene00013492.,0,4,4
WBGene00013493.,0,2,2
WBGene00013494.,4,5,9
WBGene00013495.,15,1,16
WBGene00013496.,27,155,182
WBGene00013497.,35,232,267
WBGene00013498.,6,11,17
WBGene00013499.,152,648,800
WBGene00013500.,0,1,1
WBGene00013501.,1,5,6
WBGene00013502.,1,0,1
WBGene00013503.,14,2,16
WBGene00013505.,10,13,23
WBGene00013506.,204,355,559
WBGene00013507.,13,45,58
WBGene00013508.,1,5,6
WBGene00013509.,11,267,278
WBGene00013510.,130,82,212
WBGene00013511.,0,1,1
WBGene00013512.,14,25,39
WBGene00013513.,3,19,22
WBGene00013514.,2250,28545,30795
WBGene00013515.,554,5878,6432
WBGene00013516.,184,1658,1842
WBGene00013517.,35,41,76
WBGene00013518.,236,1048,1284
WBGene00013519.,2,0,2
WBGene00013520.,12,7,19
WBGene00013521.,0,0,0
WBGene00013522.,100,789,889
WBGene00013523.,0,0,0
WBGene00013524.,0,1,1
WBGene00013525.,3,5,8
WBGene00013526.,3,7,10
WBGene00013527.,4,0,4
WBGene00013528.,3,1,4
WBGene00013529.,245,1053,1298
WBGene00013530.,315,1509,1824
WBGene00013531.,308,1978,2286
WBGene00013532.,11,1776,1787
WBGene00013534.,108,132,240
WBGene00013535.,5,85,90
WBGene00013536.,170,76,246
WBGene00013537.,8,9,17
WBGene00013538.,221,1139,1360
WBGene00013539.,23,115,138
WBGene00013540.,24,184,208
WBGene00013541.,26,82,108
WBGene00013542.,55,610,665
WBGene00013543.,140,670,810
WBGene00013544.,370,3900,4270
WBGene00013545.,390,1279,1669
WBGene00013547.,20,94,114
WBGene00013548.,114,786,900
WBGene00013549.,181,817,998
WBGene00013550.,79,2163,2242
WBGene00013551.,43,339,382
WBGene00013552.,11,356,367
WBGene00013553.,246,2143,2389
WBGene00013554.,112,352,464
WBGene00013555.,3,9,12
WBGene00013556.,169,940,1109
WBGene00013557.,544,1934,2478
WBGene00013558.,108,1062,1170
WBGene00013559.,13,24,37
WBGene00013560.,87,412,499
WBGene00013561.,157,1097,1254
WBGene00013562.,3,16,19
WBGene00013563.,76,46,122
WBGene00013564.,9,13,22
WBGene00013565.,0,0,0
WBGene00013566.,0,2,2
WBGene00013567.,1,136,137
WBGene00013568.,50,465,515
WBGene00013569.,4,553,557
WBGene00013570.,0,0,0
WBGene00013571.,0,0,0
WBGene00013572.,0,0,0
WBGene00013573.,72,81,153
WBGene00013574.,73,45,118
WBGene00013575.,55,939,994
WBGene00013576.,23,345,368
WBGene00013577.,1738,14449,16187
WBGene00013578.,57,230,287
WBGene00013579.,21,4,25
WBGene00013580.,1028,1600,2628
WBGene00013581.,1,4,5
WBGene00013583.,3,0,3
WBGene00013584.,46,238,284
WBGene00013585.,23,372,395
WBGene00013586.,4,4,8
WBGene00013587.,44,108,152
WBGene00013588.,1023,11967,12990
WBGene00013589.,0,12,12
WBGene00013590.,0,4,4
WBGene00013591.,68,1014,1082
WBGene00013592.,24,29,53
WBGene00013593.,156,1077,1233
WBGene00013594.,128,218,346
WBGene00013595.,127,896,1023
WBGene00013596.,60,978,1038
WBGene00013597.,626,5922,6548
WBGene00013598.,109,2115,2224
WBGene00013599.,322,678,1000
WBGene00013601.,87,748,835
WBGene00013602.,23,541,564
WBGene00013603.,401,3495,3896
WBGene00013604.,66,1187,1253
WBGene00013605.,155,1859,2014
WBGene00013606.,256,1805,2061
WBGene00013607.,0,1,1
WBGene00013608.,1,5,6
WBGene00013609.,2,20,22
WBGene00013610.,6,245,251
WBGene00013611.,3,109,112
WBGene00013612.,0,93,93
WBGene00013613.,1,11,12
WBGene00013614.,0,0,0
WBGene00013615.,6,1,7
WBGene00013616.,0,0,0
WBGene00013617.,0,0,0
WBGene00013618.,0,0,0
WBGene00013619.,0,0,0
WBGene00013620.,0,3,3
WBGene00013621.,4,4,8
WBGene00013622.,1,2,3
WBGene00013623.,29,344,373
WBGene00013624.,0,8,8
WBGene00013625.,0,2,2
WBGene00013626.,1,1,2
WBGene00013627.,0,1,1
WBGene00013628.,1,1,2
WBGene00013629.,11,5,16
WBGene00013631.,10,4,14
WBGene00013632.,218,479,697
WBGene00013633.,28,146,174
WBGene00013634.,20,33,53
WBGene00013635.,0,0,0
WBGene00013636.,0,0,0
WBGene00013637.,6,39,45
WBGene00013638.,244,2129,2373
WBGene00013639.,1148,701,1849
WBGene00013640.,124,16,140
WBGene00013642.,145,520,665
WBGene00013643.,12,22,34
WBGene00013644.,6,56,62
WBGene00013645.,1,5,6
WBGene00013646.,9,14,23
WBGene00013647.,345,3301,3646
WBGene00013648.,6,0,6
WBGene00013649.,8,14,22
WBGene00013650.,9,224,233
WBGene00013651.,13,7,20
WBGene00013652.,0,17,17
WBGene00013653.,2,8,10
WBGene00013654.,5,25,30
WBGene00013655.,16,10,26
WBGene00013656.,3,4,7
WBGene00013657.,0,0,0
WBGene00013658.,37,349,386
WBGene00013659.,1,54,55
WBGene00013661.,7,14,21
WBGene00013662.,26,132,158
WBGene00013665.,119,849,968
WBGene00013666.,124,702,826
WBGene00013667.,147,1014,1161
WBGene00013668.,138,1387,1525
WBGene00013669.,26,261,287
WBGene00013670.,360,1906,2266
WBGene00013671.,91,1625,1716
WBGene00013672.,69,142,211
WBGene00013673.,97,393,490
WBGene00013674.,109,761,870
WBGene00013676.,209,1797,2006
WBGene00013677.,411,2470,2881
WBGene00013678.,364,1730,2094
WBGene00013679.,199,1354,1553
WBGene00013680.,352,1126,1478
WBGene00013682.,1554,2332,3886
WBGene00013683.,302,3252,3554
WBGene00013684.,6,4,10
WBGene00013685.,25,59,84
WBGene00013687.,208,1081,1289
WBGene00013688.,337,4028,4365
WBGene00013689.,22,1035,1057
WBGene00013690.,72,1216,1288
WBGene00013691.,59,555,614
WBGene00013692.,140,1445,1585
WBGene00013693.,66,119,185
WBGene00013694.,104,925,1029
WBGene00013695.,247,1669,1916
WBGene00013696.,0,4,4
WBGene00013697.,9,606,615
WBGene00013698.,22,411,433
WBGene00013699.,2,4,6
WBGene00013700.,2,28,30
WBGene00013701.,2,105,107
WBGene00013702.,121,643,764
WBGene00013703.,354,1505,1859
WBGene00013704.,35,260,295
WBGene00013705.,0,0,0
WBGene00013706.,3,13,16
WBGene00013707.,0,2,2
WBGene00013708.,11,351,362
WBGene00013709.,293,3308,3601
WBGene00013710.,0,26,26
WBGene00013711.,403,1178,1581
WBGene00013712.,0,1,1
WBGene00013713.,0,7,7
WBGene00013716.,9,95,104
WBGene00013717.,16,411,427
WBGene00013718.,51,1456,1507
WBGene00013719.,18,624,642
WBGene00013720.,9,687,696
WBGene00013721.,0,0,0
WBGene00013722.,0,1,1
WBGene00013723.,0,34,34
WBGene00013724.,86,477,563
WBGene00013725.,116,1206,1322
WBGene00013726.,106,802,908
WBGene00013727.,15,220,235
WBGene00013728.,59,764,823
WBGene00013729.,11,423,434
WBGene00013730.,810,2747,3557
WBGene00013732.,2256,1636,3892
WBGene00013734.,18,4241,4259
WBGene00013735.,1905,3656,5561
WBGene00013736.,40,1429,1469
WBGene00013737.,481,1376,1857
WBGene00013738.,259,1254,1513
WBGene00013739.,144,97,241
WBGene00013740.,30,1613,1643
WBGene00013741.,3,44,47
WBGene00013742.,98,174,272
WBGene00013744.,1,12,13
WBGene00013746.,243,528,771
WBGene00013747.,12,3,15
WBGene00013748.,40,369,409
WBGene00013749.,22,52,74
WBGene00013750.,5,6,11
WBGene00013751.,35,296,331
WBGene00013752.,431,652,1083
WBGene00013753.,73,686,759
WBGene00013754.,1,3,4
WBGene00013755.,5,34,39
WBGene00013756.,22,311,333
WBGene00013757.,1,10,11
WBGene00013758.,11,303,314
WBGene00013759.,0,2,2
WBGene00013760.,2,2,4
WBGene00013761.,4,142,146
WBGene00013762.,1,12,13
WBGene00013763.,5,38,43
WBGene00013764.,21,34,55
WBGene00013765.,154,1950,2104
WBGene00013766.,203,24205,24408
WBGene00013768.,233,552,785
WBGene00013770.,0,3,3
WBGene00013771.,5,5,10
WBGene00013772.,2,0,2
WBGene00013773.,1,7,8
WBGene00013774.,52,84,136
WBGene00013775.,0,9,9
WBGene00013776.,1,109,110
WBGene00013777.,0,1,1
WBGene00013778.,6,26,32
WBGene00013779.,0,24,24
WBGene00013781.,50,218,268
WBGene00013782.,82,283,365
WBGene00013783.,4,4,8
WBGene00013784.,2397,16203,18600
WBGene00013785.,5,2,7
WBGene00013786.,1,3,4
WBGene00013788.,1,2,3
WBGene00013789.,150,568,718
WBGene00013790.,93,792,885
WBGene00013791.,1,1,2
WBGene00013792.,165,273,438
WBGene00013794.,0,9,9
WBGene00013795.,0,0,0
WBGene00013796.,0,0,0
WBGene00013797.,0,1,1
WBGene00013798.,1,2,3
WBGene00013799.,6,11,17
WBGene00013800.,1,1,2
WBGene00013801.,8,13,21
WBGene00013802.,83,197,280
WBGene00013803.,362,2604,2966
WBGene00013804.,433,3162,3595
WBGene00013805.,597,4374,4971
WBGene00013806.,75,434,509
WBGene00013807.,420,946,1366
WBGene00013808.,317,1851,2168
WBGene00013809.,18,17,35
WBGene00013810.,2,2,4
WBGene00013811.,1,4,5
WBGene00013812.,39,75,114
WBGene00013814.,48,48,96
WBGene00013815.,0,5,5
WBGene00013816.,2,10,12
WBGene00013817.,10,90,100
WBGene00013819.,295,2315,2610
WBGene00013820.,1,14,15
WBGene00013821.,13,0,13
WBGene00013822.,2,7,9
WBGene00013823.,46,2,48
WBGene00013824.,3,10,13
WBGene00013825.,53,105,158
WBGene00013826.,1,35,36
WBGene00013827.,0,0,0
WBGene00013828.,29,3,32
WBGene00013829.,0,20,20
WBGene00013830.,3,17,20
WBGene00013831.,4,3,7
WBGene00013832.,2,18,20
WBGene00013833.,2,28,30
WBGene00013834.,7,6,13
WBGene00013835.,28,134,162
WBGene00013836.,1,34,35
WBGene00013837.,0,1,1
WBGene00013838.,3,143,146
WBGene00013839.,0,6,6
WBGene00013840.,0,2,2
WBGene00013841.,7,46,53
WBGene00013842.,19,115,134
WBGene00013843.,2,18,20
WBGene00013844.,5,11,16
WBGene00013845.,27,285,312
WBGene00013846.,2,15,17
WBGene00013847.,223,1312,1535
WBGene00013848.,176,546,722
WBGene00013849.,17,44,61
WBGene00013850.,84,124,208
WBGene00013852.,48,421,469
WBGene00013853.,5,1626,1631
WBGene00013854.,2,4,6
WBGene00013855.,92,875,967
WBGene00013856.,2,67,69
WBGene00013857.,133,633,766
WBGene00013858.,0,0,0
WBGene00013859.,681,10808,11489
WBGene00013860.,232,2389,2621
WBGene00013862.,13,402,415
WBGene00013863.,4,7,11
WBGene00013865.,5,50,55
WBGene00013866.,378,3124,3502
WBGene00013867.,72,247,319
WBGene00013868.,3,44,47
WBGene00013869.,230,1440,1670
WBGene00013870.,25,332,357
WBGene00013871.,7,30,37
WBGene00013872.,156,796,952
WBGene00013873.,21,17,38
WBGene00013874.,8,33,41
WBGene00013875.,7,15,22
WBGene00013876.,10,268,278
WBGene00013877.,111,947,1058
WBGene00013878.,314,2120,2434
WBGene00013879.,7,26,33
WBGene00013880.,23,1681,1704
WBGene00013881.,54,551,605
WBGene00013882.,1056,8645,9701
WBGene00013883.,29,87,116
WBGene00013884.,3008,21747,24755
WBGene00013886.,4,17,21
WBGene00013887.,0,4,4
WBGene00013888.,0,0,0
WBGene00013889.,0,0,0
WBGene00013890.,0,0,0
WBGene00013891.,1,65,66
WBGene00013892.,145,2224,2369
WBGene00013893.,19,1408,1427
WBGene00013894.,95,853,948
WBGene00013895.,55,401,456
WBGene00013896.,84,674,758
WBGene00013897.,20,1208,1228
WBGene00013898.,201,2912,3113
WBGene00013899.,25,891,916
WBGene00013900.,3,40,43
WBGene00013901.,4,212,216
WBGene00013902.,32,96,128
WBGene00013903.,1,12,13
WBGene00013904.,6,23,29
WBGene00013905.,2,12,14
WBGene00013906.,4,106,110
WBGene00013907.,1,28,29
WBGene00013908.,3,4,7
WBGene00013909.,2,8,10
WBGene00013910.,0,2,2
WBGene00013911.,3,18,21
WBGene00013912.,12,7,19
WBGene00013913.,7,1,8
WBGene00013914.,45,133,178
WBGene00013915.,7,4,11
WBGene00013916.,9,11,20
WBGene00013917.,57,595,652
WBGene00013918.,0,0,0
WBGene00013919.,285,1580,1865
WBGene00013920.,66,2165,2231
WBGene00013921.,134,766,900
WBGene00013923.,13,130,143
WBGene00013924.,184,4349,4533
WBGene00013925.,56,1096,1152
WBGene00013926.,10,287,297
WBGene00013927.,0,2,2
WBGene00013928.,2,1,3
WBGene00013929.,3,21,24
WBGene00013930.,0,0,0
WBGene00013931.,6,0,6
WBGene00013932.,0,0,0
WBGene00013933.,6,9,15
WBGene00013934.,713,2616,3329
WBGene00013935.,0,1,1
WBGene00013937.,0,0,0
WBGene00013938.,41,841,882
WBGene00013939.,0,43,43
WBGene00013940.,0,1,1
WBGene00013941.,0,4,4
WBGene00013942.,0,3,3
WBGene00013943.,0,0,0
WBGene00013944.,2,3,5
WBGene00013946.,81,294,375
WBGene00013947.,36,311,347
WBGene00013948.,0,0,0
WBGene00013949.,73,430,503
WBGene00013950.,95,538,633
WBGene00013951.,0,4,4
WBGene00013953.,1,1,2
WBGene00013954.,0,11,11
WBGene00013955.,136,42,178
WBGene00013956.,0,2,2
WBGene00013957.,129,387,516
WBGene00013958.,285,4398,4683
WBGene00013959.,161,1024,1185
WBGene00013960.,96,580,676
WBGene00013961.,0,3,3
WBGene00013962.,150,2049,2199
WBGene00013963.,7,175,182
WBGene00013964.,13,565,578
WBGene00013965.,13,51,64
WBGene00013966.,22,629,651
WBGene00013967.,62,530,592
WBGene00013968.,5,19,24
WBGene00013969.,229,2808,3037
WBGene00013970.,118,667,785
WBGene00013971.,0,0,0
WBGene00013972.,0,0,0
WBGene00013973.,0,3,3
WBGene00013974.,21,33,54
WBGene00013975.,20,138,158
WBGene00013976.,13,34,47
WBGene00013978.,2,4,6
WBGene00013979.,2,5,7
WBGene00013980.,46,236,282
WBGene00013982.,16,258,274
WBGene00013983.,65,3019,3084
WBGene00013984.,1166,3239,4405
WBGene00013985.,74,1406,1480
WBGene00013986.,1,16,17
WBGene00013987.,2,22,24
WBGene00013988.,1,1,2
WBGene00013989.,50,721,771
WBGene00013993.,0,0,0
WBGene00013994.,99,801,900
WBGene00013995.,0,10,10
WBGene00013996.,6,48,54
WBGene00013997.,325,3065,3390
WBGene00013998.,30,523,553
WBGene00013999.,5,3,8
WBGene00014000.,17,289,306
WBGene00014001.,185,2717,2902
WBGene00014002.,20,115,135
WBGene00014003.,34,5257,5291
WBGene00014004.,180,1455,1635
WBGene00014005.,4,5,9
WBGene00014006.,6,2802,2808
WBGene00014007.,0,14,14
WBGene00014008.,26,352,378
WBGene00014009.,9,434,443
WBGene00014011.,41,1666,1707
WBGene00014012.,67,2112,2179
WBGene00014013.,87,2946,3033
WBGene00014014.,118,458,576
WBGene00014015.,95,1911,2006
WBGene00014016.,1186,16205,17391
WBGene00014017.,209,3156,3365
WBGene00014018.,202,1452,1654
WBGene00014019.,129,1203,1332
WBGene00014020.,42,999,1041
WBGene00014021.,252,970,1222
WBGene00014022.,437,6221,6658
WBGene00014023.,167,526,693
WBGene00014024.,89,326,415
WBGene00014025.,133,2648,2781
WBGene00014026.,0,0,0
WBGene00014027.,21,195,216
WBGene00014028.,62,375,437
WBGene00014029.,0,10,10
WBGene00014030.,74,6001,6075
WBGene00014031.,50,2210,2260
WBGene00014032.,3,2,5
WBGene00014033.,111,598,709
WBGene00014034.,2,437,439
WBGene00014035.,113,520,633
WBGene00014036.,824,3059,3883
WBGene00014037.,1819,3,1822
WBGene00014039.,151,1129,1280
WBGene00014040.,0,0,0
WBGene00014041.,0,0,0
WBGene00014042.,0,1,1
WBGene00014043.,0,3,3
WBGene00014044.,0,1,1
WBGene00014045.,0,1,1
WBGene00014046.,0,0,0
WBGene00014047.,7,4,11
WBGene00014048.,3,7,10
WBGene00014049.,4,0,4
WBGene00014050.,0,1,1
WBGene00014051.,453,1746,2199
WBGene00014052.,7,97,104
WBGene00014053.,22,23,45
WBGene00014054.,143,6199,6342
WBGene00014055.,155,1473,1628
WBGene00014057.,15,240,255
WBGene00014058.,159,1755,1914
WBGene00014060.,24,152,176
WBGene00014061.,0,0,0
WBGene00014062.,7,17,24
WBGene00014063.,1,11,12
WBGene00014064.,0,3,3
WBGene00014065.,112,95,207
WBGene00014066.,67,736,803
WBGene00014067.,12,135,147
WBGene00014068.,2,14,16
WBGene00014069.,1,16,17
WBGene00014070.,29,3,32
WBGene00014073.,20,107,127
WBGene00014074.,98,564,662
WBGene00014075.,159,1721,1880
WBGene00014076.,136,599,735
WBGene00014077.,29,202,231
WBGene00014078.,288,3223,3511
WBGene00014079.,50,432,482
WBGene00014080.,38,437,475
WBGene00014081.,85,586,671
WBGene00014082.,16,11,27
WBGene00014083.,155,2776,2931
WBGene00014084.,0,6,6
WBGene00014085.,14,86,100
WBGene00014086.,1767,16692,18459
WBGene00014087.,92,1565,1657
WBGene00014088.,960,34536,35496
WBGene00014089.,16,90,106
WBGene00014090.,37,1568,1605
WBGene00014091.,1373,30890,32263
WBGene00014092.,642,6434,7076
WBGene00014093.,74,183,257
WBGene00014094.,29,156,185
WBGene00014095.,183,43277,43460
WBGene00014096.,25,4142,4167
WBGene00014097.,7,43,50
WBGene00014098.,260,2817,3077
WBGene00014099.,30,295,325
WBGene00014100.,10,31,41
WBGene00014101.,217,629,846
WBGene00014102.,0,2,2
WBGene00014103.,26,44,70
WBGene00014104.,2,3,5
WBGene00014105.,7,31,38
WBGene00014106.,127,597,724
WBGene00014107.,31,641,672
WBGene00014108.,621,19790,20411
WBGene00014109.,88,3297,3385
WBGene00014111.,40,832,872
WBGene00014112.,98,1758,1856
WBGene00014113.,12,335,347
WBGene00014114.,62,824,886
WBGene00014115.,174,2221,2395
WBGene00014116.,2,19,21
WBGene00014117.,3,70,73
WBGene00014118.,127,707,834
WBGene00014119.,272,1240,1512
WBGene00014120.,0,480,480
WBGene00014121.,31,24,55
WBGene00014122.,52,131,183
WBGene00014123.,31,1142,1173
WBGene00014124.,34,967,1001
WBGene00014125.,23,980,1003
WBGene00014126.,0,0,0
WBGene00014127.,0,1,1
WBGene00014128.,1,4,5
WBGene00014129.,4,2,6
WBGene00014130.,0,6,6
WBGene00014131.,1,30,31
WBGene00014132.,0,4,4
WBGene00014134.,7,19,26
WBGene00014135.,9,14,23
WBGene00014136.,15,22,37
WBGene00014137.,10,300,310
WBGene00014138.,16,116,132
WBGene00014139.,216,399,615
WBGene00014140.,578,510,1088
WBGene00014141.,15,135,150
WBGene00014142.,2,12,14
WBGene00014143.,0,1,1
WBGene00014144.,0,2,2
WBGene00014145.,13,124,137
WBGene00014147.,0,0,0
WBGene00014148.,180,3120,3300
WBGene00014149.,4,11,15
WBGene00014150.,75,486,561
WBGene00014151.,125,1016,1141
WBGene00014152.,13,35,48
WBGene00014153.,60,1373,1433
WBGene00014154.,0,12,12
WBGene00014155.,16,41,57
WBGene00014156.,130,1789,1919
WBGene00014157.,0,0,0
WBGene00014158.,0,0,0
WBGene00014159.,6,517,523
WBGene00014160.,1,46,47
WBGene00014161.,3,28,31
WBGene00014162.,0,9,9
WBGene00014163.,1,200,201
WBGene00014164.,17,333,350
WBGene00014165.,555,11188,11743
WBGene00014166.,15,97,112
WBGene00014168.,1,0,1
WBGene00014169.,2,30,32
WBGene00014170.,1,12,13
WBGene00014171.,1502,4534,6036
WBGene00014172.,162,1059,1221
WBGene00014173.,20,245,265
WBGene00014174.,0,2,2
WBGene00014175.,117,931,1048
WBGene00014176.,88,1058,1146
WBGene00014177.,96,1790,1886
WBGene00014178.,22,124,146
WBGene00014179.,1,0,1
WBGene00014180.,2,1,3
WBGene00014181.,4,87,91
WBGene00014182.,0,0,0
WBGene00014183.,23,3915,3938
WBGene00014184.,15,39,54
WBGene00014185.,0,4,4
WBGene00014186.,0,0,0
WBGene00014188.,0,0,0
WBGene00014189.,1,49,50
WBGene00014190.,2,1,3
WBGene00014191.,0,1,1
WBGene00014192.,2,1,3
WBGene00014193.,1,3,4
WBGene00014194.,0,3,3
WBGene00014195.,6,24,30
WBGene00014196.,6,22,28
WBGene00014197.,1,5,6
WBGene00014198.,2,138,140
WBGene00014199.,4,10,14
WBGene00014200.,6,52,58
WBGene00014201.,0,2,2
WBGene00014202.,210,4849,5059
WBGene00014203.,21,277,298
WBGene00014204.,82,6041,6123
WBGene00014205.,31,520,551
WBGene00014206.,18,424,442
WBGene00014207.,304,5693,5997
WBGene00014208.,57,1129,1186
WBGene00014209.,92,1202,1294
WBGene00014210.,17,156,173
WBGene00014213.,277,4538,4815
WBGene00014214.,618,1482,2100
WBGene00014215.,202,833,1035
WBGene00014216.,0,3,3
WBGene00014217.,1,1,2
WBGene00014218.,196,4419,4615
WBGene00014219.,61,1005,1066
WBGene00014220.,31,403,434
WBGene00014221.,58,1637,1695
WBGene00014222.,142,862,1004
WBGene00014223.,105,116,221
WBGene00014224.,220,4110,4330
WBGene00014225.,8,24,32
WBGene00014226.,0,81,81
WBGene00014227.,123,1172,1295
WBGene00014228.,13,486,499
WBGene00014229.,2,3,5
WBGene00014230.,24,582,606
WBGene00014232.,192,2227,2419
WBGene00014233.,54,853,907
WBGene00014234.,10,1276,1286
WBGene00014235.,10,53,63
WBGene00014236.,1,8,9
WBGene00014238.,0,0,0
WBGene00014239.,0,0,0
WBGene00014240.,1,0,1
WBGene00014241.,0,2,2
WBGene00014242.,0,2,2
WBGene00014243.,182,2273,2455
WBGene00014244.,27,904,931
WBGene00014245.,4,34,38
WBGene00014246.,1,0,1
WBGene00014247.,0,1,1
WBGene00014248.,143,699,842
WBGene00014249.,95,4014,4109
WBGene00014250.,15,802,817
WBGene00014251.,111,923,1034
WBGene00014252.,29,306,335
WBGene00014253.,29,279,308
WBGene00014254.,38,267,305
WBGene00014255.,9,155,164
WBGene00014256.,15,321,336
WBGene00014258.,238,4406,4644
WBGene00014259.,169,2314,2483
WBGene00014260.,51,53,104
WBGene00014261.,841,1649,2490
WBGene00014262.,897,11475,12372
WBGene00014263.,0,0,0
WBGene00014264.,0,0,0
WBGene00014265.,0,0,0
WBGene00014266.,0,0,0
WBGene00014267.,0,0,0
WBGene00014268.,0,0,0
WBGene00014269.,0,0,0
WBGene00014270.,0,0,0
WBGene00014271.,0,0,0
WBGene00014272.,0,0,0
WBGene00014273.,0,0,0
WBGene00014274.,0,0,0
WBGene00014275.,0,0,0
WBGene00014276.,0,0,0
WBGene00014277.,0,1,1
WBGene00014278.,0,0,0
WBGene00014279.,0,0,0
WBGene00014280.,0,0,0
WBGene00014281.,0,0,0
WBGene00014282.,0,0,0
WBGene00014283.,0,0,0
WBGene00014284.,0,0,0
WBGene00014285.,0,0,0
WBGene00014286.,0,0,0
WBGene00014287.,0,0,0
WBGene00014288.,0,1,1
WBGene00014289.,0,1,1
WBGene00014290.,0,0,0
WBGene00014291.,0,61,61
WBGene00014292.,0,0,0
WBGene00014293.,0,0,0
WBGene00014294.,1771,6660,8431
WBGene00014295.,0,0,0
WBGene00014296.,0,1,1
WBGene00014297.,0,1,1
WBGene00014298.,0,0,0
WBGene00014299.,0,0,0
WBGene00014300.,100,296,396
WBGene00014301.,0,0,0
WBGene00014302.,0,0,0
WBGene00014303.,0,0,0
WBGene00014304.,0,0,0
WBGene00014305.,0,0,0
WBGene00014306.,0,0,0
WBGene00014307.,4459,62276,66735
WBGene00014308.,64,11789,11853
WBGene00014309.,6255,69131,75386
WBGene00014310.,0,0,0
WBGene00014311.,0,0,0
WBGene00014312.,0,0,0
WBGene00014313.,0,0,0
WBGene00014314.,0,0,0
WBGene00014315.,0,0,0
WBGene00014316.,0,0,0
WBGene00014317.,0,36,36
WBGene00014318.,0,0,0
WBGene00014319.,0,0,0
WBGene00014320.,0,1,1
WBGene00014321.,0,0,0
WBGene00014322.,0,7,7
WBGene00014323.,0,0,0
WBGene00014324.,0,0,0
WBGene00014325.,0,0,0
WBGene00014326.,0,0,0
WBGene00014327.,0,0,0
WBGene00014328.,0,0,0
WBGene00014329.,0,3,3
WBGene00014330.,0,0,0
WBGene00014331.,0,0,0
WBGene00014332.,0,1,1
WBGene00014333.,0,0,0
WBGene00014334.,0,0,0
WBGene00014335.,0,0,0
WBGene00014336.,0,0,0
WBGene00014337.,0,1,1
WBGene00014338.,0,0,0
WBGene00014339.,0,0,0
WBGene00014340.,0,1,1
WBGene00014341.,0,0,0
WBGene00014342.,0,0,0
WBGene00014343.,0,0,0
WBGene00014344.,0,0,0
WBGene00014345.,0,0,0
WBGene00014346.,0,2,2
WBGene00014347.,0,0,0
WBGene00014348.,0,2,2
WBGene00014349.,0,1,1
WBGene00014350.,0,4,4
WBGene00014351.,0,0,0
WBGene00014352.,0,0,0
WBGene00014353.,0,0,0
WBGene00014354.,0,0,0
WBGene00014355.,0,0,0
WBGene00014356.,0,0,0
WBGene00014357.,0,0,0
WBGene00014358.,0,0,0
WBGene00014359.,0,0,0
WBGene00014360.,0,0,0
WBGene00014361.,0,0,0
WBGene00014362.,0,0,0
WBGene00014363.,0,0,0
WBGene00014364.,0,0,0
WBGene00014365.,0,0,0
WBGene00014366.,0,0,0
WBGene00014367.,0,0,0
WBGene00014368.,0,0,0
WBGene00014369.,0,0,0
WBGene00014370.,0,1,1
WBGene00014371.,0,22,22
WBGene00014372.,0,0,0
WBGene00014373.,1,0,1
WBGene00014374.,0,0,0
WBGene00014375.,0,2,2
WBGene00014376.,0,0,0
WBGene00014377.,0,0,0
WBGene00014378.,0,0,0
WBGene00014379.,0,0,0
WBGene00014380.,0,0,0
WBGene00014381.,0,0,0
WBGene00014382.,0,1,1
WBGene00014384.,0,0,0
WBGene00014385.,0,8,8
WBGene00014386.,0,0,0
WBGene00014387.,0,0,0
WBGene00014388.,0,0,0
WBGene00014389.,0,0,0
WBGene00014390.,0,0,0
WBGene00014391.,0,0,0
WBGene00014392.,0,0,0
WBGene00014393.,0,0,0
WBGene00014394.,0,20,20
WBGene00014395.,0,0,0
WBGene00014396.,0,0,0
WBGene00014397.,0,0,0
WBGene00014398.,0,0,0
WBGene00014399.,0,0,0
WBGene00014400.,0,1,1
WBGene00014401.,0,0,0
WBGene00014402.,0,0,0
WBGene00014403.,0,0,0
WBGene00014404.,0,1,1
WBGene00014405.,0,5,5
WBGene00014406.,0,0,0
WBGene00014407.,0,0,0
WBGene00014408.,0,0,0
WBGene00014409.,0,0,0
WBGene00014410.,0,0,0
WBGene00014411.,0,0,0
WBGene00014413.,0,0,0
WBGene00014414.,0,0,0
WBGene00014415.,0,0,0
WBGene00014416.,0,0,0
WBGene00014417.,0,12,12
WBGene00014418.,0,0,0
WBGene00014419.,0,0,0
WBGene00014420.,0,4,4
WBGene00014421.,0,2,2
WBGene00014422.,0,0,0
WBGene00014423.,0,0,0
WBGene00014424.,0,0,0
WBGene00014425.,0,0,0
WBGene00014426.,0,0,0
WBGene00014427.,0,0,0
WBGene00014428.,0,19,19
WBGene00014429.,0,0,0
WBGene00014430.,0,0,0
WBGene00014431.,0,0,0
WBGene00014432.,0,0,0
WBGene00014433.,0,0,0
WBGene00014434.,0,0,0
WBGene00014435.,0,0,0
WBGene00014436.,0,0,0
WBGene00014437.,0,0,0
WBGene00014438.,0,0,0
WBGene00014439.,0,15,15
WBGene00014440.,0,0,0
WBGene00014441.,0,0,0
WBGene00014442.,0,0,0
WBGene00014443.,0,0,0
WBGene00014444.,0,0,0
WBGene00014445.,0,0,0
WBGene00014446.,0,0,0
WBGene00014447.,0,0,0
WBGene00014448.,0,1,1
WBGene00014449.,0,0,0
WBGene00014450.,0,72,72
WBGene00014451.,0,78,78
WBGene00014452.,0,148,148
WBGene00014453.,0,32,32
WBGene00014454.,0,459262,459262
WBGene00014455.,0,27,27
WBGene00014456.,0,69,69
WBGene00014457.,0,1007,1007
WBGene00014458.,0,16,16
WBGene00014459.,0,252,252
WBGene00014460.,0,104,104
WBGene00014461.,0,42,42
WBGene00014462.,0,612,612
WBGene00014463.,0,35,35
WBGene00014464.,0,8,8
WBGene00014465.,0,36,36
WBGene00014466.,0,826,826
WBGene00014467.,0,153,153
WBGene00014468.,0,34,34
WBGene00014469.,0,25,25
WBGene00014470.,0,238,238
WBGene00014471.,0,64,64
WBGene00014472.,0,222538,222538
WBGene00014473.,0,7463,7463
WBGene00014474.,0,0,0
WBGene00014475.,0,0,0
WBGene00014476.,0,5,5
WBGene00014477.,0,0,0
WBGene00014478.,0,1,1
WBGene00014479.,0,0,0
WBGene00014480.,0,0,0
WBGene00014481.,0,0,0
WBGene00014482.,0,0,0
WBGene00014483.,0,0,0
WBGene00014484.,0,0,0
WBGene00014485.,0,0,0
WBGene00014486.,0,0,0
WBGene00014487.,0,0,0
WBGene00014488.,0,0,0
WBGene00014489.,0,0,0
WBGene00014490.,0,0,0
WBGene00014491.,0,0,0
WBGene00014493.,0,0,0
WBGene00014494.,0,0,0
WBGene00014495.,0,0,0
WBGene00014496.,0,0,0
WBGene00014497.,0,0,0
WBGene00014498.,0,0,0
WBGene00014499.,0,0,0
WBGene00014500.,0,6,6
WBGene00014501.,0,0,0
WBGene00014502.,0,0,0
WBGene00014503.,0,0,0
WBGene00014504.,0,0,0
WBGene00014505.,0,43576,43576
WBGene00014506.,0,0,0
WBGene00014507.,0,0,0
WBGene00014508.,0,0,0
WBGene00014509.,0,0,0
WBGene00014510.,0,0,0
WBGene00014511.,0,1,1
WBGene00014512.,0,0,0
WBGene00014513.,0,0,0
WBGene00014514.,0,0,0
WBGene00014515.,0,0,0
WBGene00014516.,0,0,0
WBGene00014517.,0,0,0
WBGene00014518.,0,0,0
WBGene00014519.,0,1,1
WBGene00014520.,0,2,2
WBGene00014521.,0,0,0
WBGene00014522.,0,0,0
WBGene00014523.,0,3,3
WBGene00014524.,0,0,0
WBGene00014525.,0,0,0
WBGene00014526.,0,0,0
WBGene00014527.,0,0,0
WBGene00014528.,0,0,0
WBGene00014529.,0,0,0
WBGene00014530.,0,0,0
WBGene00014531.,0,0,0
WBGene00014532.,0,0,0
WBGene00014533.,0,1,1
WBGene00014534.,0,2,2
WBGene00014535.,0,1,1
WBGene00014536.,0,5,5
WBGene00014537.,0,0,0
WBGene00014538.,0,2,2
WBGene00014539.,0,0,0
WBGene00014540.,0,0,0
WBGene00014541.,0,0,0
WBGene00014542.,0,98,98
WBGene00014543.,0,0,0
WBGene00014544.,0,0,0
WBGene00014545.,0,0,0
WBGene00014546.,0,0,0
WBGene00014547.,0,0,0
WBGene00014548.,0,0,0
WBGene00014549.,0,0,0
WBGene00014550.,0,0,0
WBGene00014551.,0,0,0
WBGene00014552.,0,0,0
WBGene00014553.,0,0,0
WBGene00014554.,0,62,62
WBGene00014555.,0,0,0
WBGene00014556.,0,0,0
WBGene00014557.,0,0,0
WBGene00014558.,0,0,0
WBGene00014559.,0,0,0
WBGene00014560.,0,0,0
WBGene00014561.,0,0,0
WBGene00014562.,32,411,443
WBGene00014563.,0,0,0
WBGene00014564.,0,0,0
WBGene00014565.,0,0,0
WBGene00014566.,0,0,0
WBGene00014567.,0,0,0
WBGene00014568.,0,0,0
WBGene00014569.,373,1227,1600
WBGene00014570.,0,0,0
WBGene00014571.,0,0,0
WBGene00014572.,0,0,0
WBGene00014573.,0,0,0
WBGene00014574.,0,0,0
WBGene00014575.,0,0,0
WBGene00014576.,17,160,177
WBGene00014577.,0,17,17
WBGene00014578.,0,0,0
WBGene00014579.,0,0,0
WBGene00014580.,0,0,0
WBGene00014581.,0,0,0
WBGene00014582.,0,0,0
WBGene00014583.,0,0,0
WBGene00014584.,0,0,0
WBGene00014585.,0,0,0
WBGene00014586.,0,0,0
WBGene00014587.,0,0,0
WBGene00014588.,0,0,0
WBGene00014589.,0,5,5
WBGene00014590.,0,0,0
WBGene00014591.,0,0,0
WBGene00014592.,0,0,0
WBGene00014593.,0,0,0
WBGene00014594.,0,0,0
WBGene00014595.,0,0,0
WBGene00014596.,0,3,3
WBGene00014597.,0,0,0
WBGene00014598.,0,0,0
WBGene00014599.,0,2,2
WBGene00014600.,0,0,0
WBGene00014601.,0,0,0
WBGene00014602.,0,1,1
WBGene00014603.,0,0,0
WBGene00014604.,0,0,0
WBGene00014605.,0,2,2
WBGene00014606.,0,0,0
WBGene00014607.,0,0,0
WBGene00014608.,0,0,0
WBGene00014609.,0,0,0
WBGene00014610.,0,0,0
WBGene00014611.,0,0,0
WBGene00014612.,0,0,0
WBGene00014613.,173,872,1045
WBGene00014614.,0,1,1
WBGene00014615.,10,22,32
WBGene00014616.,0,0,0
WBGene00014617.,0,0,0
WBGene00014618.,0,0,0
WBGene00014619.,0,0,0
WBGene00014620.,0,0,0
WBGene00014621.,0,0,0
WBGene00014622.,0,1,1
WBGene00014623.,0,0,0
WBGene00014624.,0,0,0
WBGene00014625.,0,0,0
WBGene00014626.,0,0,0
WBGene00014627.,0,0,0
WBGene00014628.,0,0,0
WBGene00014629.,0,0,0
WBGene00014630.,0,0,0
WBGene00014631.,0,0,0
WBGene00014632.,0,0,0
WBGene00014633.,0,0,0
WBGene00014634.,0,0,0
WBGene00014635.,0,0,0
WBGene00014636.,0,0,0
WBGene00014637.,0,0,0
WBGene00014638.,0,0,0
WBGene00014639.,0,0,0
WBGene00014640.,0,0,0
WBGene00014641.,3,6,9
WBGene00014643.,0,89,89
WBGene00014644.,0,0,0
WBGene00014645.,0,0,0
WBGene00014646.,0,0,0
WBGene00014647.,0,0,0
WBGene00014648.,0,0,0
WBGene00014649.,0,0,0
WBGene00014650.,0,0,0
WBGene00014651.,0,0,0
WBGene00014652.,0,1,1
WBGene00014653.,0,0,0
WBGene00014654.,0,1,1
WBGene00014655.,0,0,0
WBGene00014656.,0,0,0
WBGene00014657.,0,3,3
WBGene00014658.,0,0,0
WBGene00014659.,0,1,1
WBGene00014660.,2,10,12
WBGene00014663.,0,148,148
WBGene00014664.,0,10,10
WBGene00014665.,0,0,0
WBGene00014666.,14,86,100
WBGene00014667.,3,16,19
WBGene00014668.,2,5,7
WBGene00014669.,6,131,137
WBGene00014670.,0,1,1
WBGene00014671.,0,0,0
WBGene00014672.,0,28,28
WBGene00014673.,0,1,1
WBGene00014674.,0,4,4
WBGene00014675.,0,1,1
WBGene00014676.,0,0,0
WBGene00014677.,0,0,0
WBGene00014678.,1,2,3
WBGene00014679.,1,7,8
WBGene00014681.,0,1,1
WBGene00014682.,0,3,3
WBGene00014683.,0,1,1
WBGene00014684.,0,0,0
WBGene00014685.,0,0,0
WBGene00014686.,0,1,1
WBGene00014689.,0,2,2
WBGene00014691.,0,0,0
WBGene00014692.,0,0,0
WBGene00014693.,0,1,1
WBGene00014694.,0,2,2
WBGene00014695.,0,0,0
WBGene00014696.,0,0,0
WBGene00014697.,222,1982,2204
WBGene00014698.,22,228,250
WBGene00014699.,4,4,8
WBGene00014700.,0,7,7
WBGene00014701.,0,11,11
WBGene00014702.,0,16,16
WBGene00014703.,0,2,2
WBGene00014704.,0,0,0
WBGene00014705.,0,3,3
WBGene00014706.,0,0,0
WBGene00014707.,0,7,7
WBGene00014708.,0,0,0
WBGene00014710.,1,13,14
WBGene00014711.,0,4,4
WBGene00014714.,0,14,14
WBGene00014715.,0,0,0
WBGene00014716.,0,0,0
WBGene00014717.,0,0,0
WBGene00014718.,0,0,0
WBGene00014719.,0,0,0
WBGene00014720.,0,0,0
WBGene00014721.,0,0,0
WBGene00014722.,1,0,1
WBGene00014723.,1,3,4
WBGene00014724.,0,0,0
WBGene00014727.,0,1,1
WBGene00014728.,0,6,6
WBGene00014729.,0,18,18
WBGene00014730.,1,10,11
WBGene00014731.,0,16,16
WBGene00014732.,9,80,89
WBGene00014733.,0,1,1
WBGene00014734.,4,5,9
WBGene00014735.,0,1,1
WBGene00014738.,0,0,0
WBGene00014740.,0,0,0
WBGene00014741.,0,12,12
WBGene00014744.,0,13,13
WBGene00014745.,0,6,6
WBGene00014746.,4,159,163
WBGene00014748.,0,0,0
WBGene00014751.,37,118,155
WBGene00014752.,0,0,0
WBGene00014753.,0,16,16
WBGene00014754.,0,8,8
WBGene00014755.,0,0,0
WBGene00014757.,0,1,1
WBGene00014758.,0,1,1
WBGene00014759.,10,10,20
WBGene00014760.,3,2,5
WBGene00014761.,31,75,106
WBGene00014763.,0,0,0
WBGene00014764.,1,6,7
WBGene00014766.,0,0,0
WBGene00014767.,0,0,0
WBGene00014768.,0,1,1
WBGene00014769.,7,4,11
WBGene00014770.,2,4,6
WBGene00014771.,0,2,2
WBGene00014772.,1029,3618,4647
WBGene00014773.,0,7,7
WBGene00014775.,0,0,0
WBGene00014776.,0,1,1
WBGene00014777.,2,6,8
WBGene00014778.,0,14,14
WBGene00014779.,0,3,3
WBGene00014781.,0,0,0
WBGene00014782.,0,0,0
WBGene00014783.,0,0,0
WBGene00014784.,0,0,0
WBGene00014785.,0,0,0
WBGene00014786.,0,0,0
WBGene00014787.,0,1,1
WBGene00014788.,0,0,0
WBGene00014789.,1,2,3
WBGene00014790.,4,13,17
WBGene00014793.,0,756,756
WBGene00014794.,11,6,17
WBGene00014796.,1,2,3
WBGene00014798.,7,34,41
WBGene00014799.,0,30,30
WBGene00014800.,3,7,10
WBGene00014801.,53,587,640
WBGene00014803.,0,3,3
WBGene00014805.,0,1,1
WBGene00014806.,0,5,5
WBGene00014807.,4,2,6
WBGene00014809.,1,6,7
WBGene00014811.,4,138,142
WBGene00014813.,5,2,7
WBGene00014814.,0,42,42
WBGene00014817.,0,3,3
WBGene00014818.,0,0,0
WBGene00014819.,0,0,0
WBGene00014820.,62,102,164
WBGene00014821.,31,22,53
WBGene00014822.,9,4,13
WBGene00014824.,0,0,0
WBGene00014825.,1,7,8
WBGene00014826.,1155,12222,13377
WBGene00014827.,2,0,2
WBGene00014828.,0,0,0
WBGene00014829.,0,0,0
WBGene00014832.,0,1,1
WBGene00014833.,3,2,5
WBGene00014834.,13,1,14
WBGene00014835.,1,46,47
WBGene00014836.,6,70,76
WBGene00014837.,0,7,7
WBGene00014838.,4,11,15
WBGene00014839.,0,0,0
WBGene00014841.,23,22,45
WBGene00014842.,0,1,1
WBGene00014843.,0,24,24
WBGene00014844.,5,0,5
WBGene00014845.,0,0,0
WBGene00014846.,1,4,5
WBGene00014848.,82,1936,2018
WBGene00014849.,0,0,0
WBGene00014850.,0,0,0
WBGene00014851.,2,5,7
WBGene00014852.,0,81,81
WBGene00014853.,0,0,0
WBGene00014854.,1,1,2
WBGene00014855.,0,0,0
WBGene00014856.,0,0,0
WBGene00014857.,0,1,1
WBGene00014858.,0,5,5
WBGene00014861.,0,15,15
WBGene00014862.,2,5,7
WBGene00014863.,2,9,11
WBGene00014864.,3,8,11
WBGene00014865.,0,1,1
WBGene00014866.,0,0,0
WBGene00014867.,0,0,0
WBGene00014868.,0,0,0
WBGene00014869.,0,0,0
WBGene00014870.,2,28,30
WBGene00014871.,0,47,47
WBGene00014872.,0,0,0
WBGene00014873.,0,0,0
WBGene00014874.,0,0,0
WBGene00014875.,0,4,4
WBGene00014876.,0,1,1
WBGene00014877.,0,1,1
WBGene00014878.,0,1,1
WBGene00014879.,0,1,1
WBGene00014880.,0,0,0
WBGene00014881.,0,8,8
WBGene00014882.,0,3,3
WBGene00014883.,0,6,6
WBGene00014884.,12,57,69
WBGene00014885.,0,2,2
WBGene00014886.,0,54,54
WBGene00014887.,0,2,2
WBGene00014888.,0,11,11
WBGene00014889.,0,0,0
WBGene00014890.,0,0,0
WBGene00014891.,0,0,0
WBGene00014892.,0,1,1
WBGene00014893.,0,1,1
WBGene00014894.,0,1,1
WBGene00014895.,0,1,1
WBGene00014896.,0,0,0
WBGene00014897.,0,0,0
WBGene00014898.,0,10,10
WBGene00014902.,0,0,0
WBGene00014903.,0,1,1
WBGene00014904.,3,18,21
WBGene00014905.,0,0,0
WBGene00014906.,2,12,14
WBGene00014907.,1,30,31
WBGene00014908.,0,0,0
WBGene00014909.,0,0,0
WBGene00014910.,0,0,0
WBGene00014911.,0,0,0
WBGene00014912.,0,0,0
WBGene00014914.,8,21,29
WBGene00014915.,21,243,264
WBGene00014916.,1,159,160
WBGene00014917.,8,70,78
WBGene00014918.,3,152,155
WBGene00014920.,5,12,17
WBGene00014921.,0,6,6
WBGene00014922.,0,2,2
WBGene00014923.,3,4,7
WBGene00014924.,8,2,10
WBGene00014925.,0,3,3
WBGene00014926.,3,3,6
WBGene00014927.,0,8,8
WBGene00014928.,0,0,0
WBGene00014929.,0,0,0
WBGene00014930.,0,0,0
WBGene00014931.,0,0,0
WBGene00014932.,0,0,0
WBGene00014933.,0,3,3
WBGene00014934.,0,2,2
WBGene00014935.,0,2,2
WBGene00014936.,0,6,6
WBGene00014937.,1,0,1
WBGene00014938.,242,3830,4072
WBGene00014939.,0,20,20
WBGene00014941.,15,139,154
WBGene00014943.,6,2,8
WBGene00014944.,0,16,16
WBGene00014945.,0,6,6
WBGene00014946.,0,17,17
WBGene00014947.,8,128,136
WBGene00014948.,0,1,1
WBGene00014949.,0,0,0
WBGene00014950.,0,0,0
WBGene00014951.,0,0,0
WBGene00014952.,0,0,0
WBGene00014953.,0,0,0
WBGene00014954.,2,4,6
WBGene00014955.,0,161,161
WBGene00014956.,0,11,11
WBGene00014957.,0,0,0
WBGene00014958.,0,8,8
WBGene00014961.,0,4,4
WBGene00014962.,0,0,0
WBGene00014963.,0,3,3
WBGene00014964.,0,3,3
WBGene00014965.,50,957,1007
WBGene00014966.,0,0,0
WBGene00014967.,0,5,5
WBGene00014969.,0,1,1
WBGene00014970.,0,4,4
WBGene00014971.,0,0,0
WBGene00014972.,0,1,1
WBGene00014973.,0,5,5
WBGene00014974.,0,0,0
WBGene00014975.,14,281,295
WBGene00014976.,2,7,9
WBGene00014977.,1,21,22
WBGene00014978.,5,30,35
WBGene00014979.,0,12,12
WBGene00014980.,0,2,2
WBGene00014981.,0,10,10
WBGene00014983.,0,0,0
WBGene00014984.,0,1,1
WBGene00014987.,0,106,106
WBGene00014989.,449,2007,2456
WBGene00014990.,0,0,0
WBGene00014991.,0,40,40
WBGene00014992.,0,13,13
WBGene00014993.,0,1,1
WBGene00014994.,23,30,53
WBGene00014996.,0,6,6
WBGene00014997.,0,6,6
WBGene00014998.,29,126,155
WBGene00014999.,57,541,598
WBGene00015000.,15,87,102
WBGene00015001.,124,849,973
WBGene00015002.,18,129,147
WBGene00015003.,5,9,14
WBGene00015004.,5,15,20
WBGene00015005.,16,153,169
WBGene00015006.,9,25,34
WBGene00015007.,579,5114,5693
WBGene00015008.,27,523,550
WBGene00015009.,46,853,899
WBGene00015010.,114,741,855
WBGene00015011.,36,2015,2051
WBGene00015012.,8,40,48
WBGene00015013.,2,57,59
WBGene00015014.,13,112,125
WBGene00015015.,6,32,38
WBGene00015016.,6,93,99
WBGene00015017.,92,731,823
WBGene00015018.,6,18,24
WBGene00015019.,38,98,136
WBGene00015020.,0,5,5
WBGene00015021.,297,2573,2870
WBGene00015022.,672,3929,4601
WBGene00015023.,50,383,433
WBGene00015024.,1,8,9
WBGene00015025.,424,4289,4713
WBGene00015026.,1,9,10
WBGene00015027.,104,286,390
WBGene00015028.,14,37,51
WBGene00015029.,27,680,707
WBGene00015030.,3,8,11
WBGene00015032.,4,15,19
WBGene00015033.,129,165,294
WBGene00015034.,5,3,8
WBGene00015035.,29,72,101
WBGene00015036.,4,20,24
WBGene00015037.,36,149,185
WBGene00015038.,27,180,207
WBGene00015040.,6,34,40
WBGene00015041.,14,46,60
WBGene00015042.,2,19,21
WBGene00015043.,31,332,363
WBGene00015044.,16,124,140
WBGene00015045.,6,24,30
WBGene00015046.,66,577,643
WBGene00015047.,98,1063,1161
WBGene00015048.,13,508,521
WBGene00015049.,3,39,42
WBGene00015050.,22,80,102
WBGene00015051.,2,17,19
WBGene00015052.,0,12,12
WBGene00015053.,2,277,279
WBGene00015054.,15,17,32
WBGene00015055.,64,178,242
WBGene00015056.,28,227,255
WBGene00015057.,14,249,263
WBGene00015058.,0,8,8
WBGene00015059.,4,783,787
WBGene00015061.,2595,23226,25821
WBGene00015062.,8,94,102
WBGene00015063.,3,658,661
WBGene00015064.,230,2351,2581
WBGene00015065.,0,10,10
WBGene00015066.,7,37,44
WBGene00015067.,49,454,503
WBGene00015068.,0,2,2
WBGene00015069.,2,5,7
WBGene00015070.,0,6,6
WBGene00015071.,3,3,6
WBGene00015072.,17,17,34
WBGene00015073.,6,195,201
WBGene00015074.,71,3807,3878
WBGene00015075.,225,4668,4893
WBGene00015076.,15,968,983
WBGene00015077.,7,13,20
WBGene00015078.,0,1,1
WBGene00015079.,195,75,270
WBGene00015080.,5,2,7
WBGene00015081.,13,8,21
WBGene00015082.,4,17,21
WBGene00015083.,2,108,110
WBGene00015084.,2,1,3
WBGene00015085.,6,10,16
WBGene00015087.,9,24,33
WBGene00015088.,76,606,682
WBGene00015089.,4,6,10
WBGene00015091.,127,1411,1538
WBGene00015092.,207,4969,5176
WBGene00015093.,0,1,1
WBGene00015094.,8,43,51
WBGene00015095.,56,607,663
WBGene00015096.,354,2122,2476
WBGene00015097.,8,64,72
WBGene00015098.,11,106,117
WBGene00015099.,229,2024,2253
WBGene00015100.,4,6,10
WBGene00015101.,26,1378,1404
WBGene00015102.,2,109,111
WBGene00015103.,12,174,186
WBGene00015104.,33,1965,1998
WBGene00015105.,317,508,825
WBGene00015106.,4,10,14
WBGene00015107.,4,49,53
WBGene00015108.,0,0,0
WBGene00015110.,7,25,32
WBGene00015111.,0,1,1
WBGene00015112.,7,44,51
WBGene00015113.,2,41,43
WBGene00015114.,2,0,2
WBGene00015115.,410,2300,2710
WBGene00015116.,54,384,438
WBGene00015117.,21,1009,1030
WBGene00015118.,2,0,2
WBGene00015119.,0,7,7
WBGene00015121.,0,1,1
WBGene00015122.,4,283,287
WBGene00015124.,361,2439,2800
WBGene00015125.,130,4603,4733
WBGene00015126.,191,1705,1896
WBGene00015128.,58,1199,1257
WBGene00015129.,0,1,1
WBGene00015130.,44,654,698
WBGene00015131.,43,249,292
WBGene00015132.,18,222,240
WBGene00015133.,198,6822,7020
WBGene00015134.,21,275,296
WBGene00015135.,76,363,439
WBGene00015136.,5,184,189
WBGene00015137.,150,5095,5245
WBGene00015138.,47,248,295
WBGene00015139.,130,239,369
WBGene00015141.,65,629,694
WBGene00015142.,3,7,10
WBGene00015143.,31,1653,1684
WBGene00015145.,106,1133,1239
WBGene00015146.,74,1097,1171
WBGene00015147.,25,448,473
WBGene00015148.,108,7674,7782
WBGene00015149.,0,22,22
WBGene00015150.,10,327,337
WBGene00015151.,1,19,20
WBGene00015152.,194,289,483
WBGene00015153.,6,92,98
WBGene00015155.,311,1185,1496
WBGene00015156.,735,2231,2966
WBGene00015157.,55,1382,1437
WBGene00015158.,62,571,633
WBGene00015159.,316,1575,1891
WBGene00015160.,28,1664,1692
WBGene00015161.,29,423,452
WBGene00015162.,224,1685,1909
WBGene00015163.,10,2228,2238
WBGene00015164.,71,1576,1647
WBGene00015165.,9,42,51
WBGene00015167.,0,104,104
WBGene00015168.,197,19890,20087
WBGene00015169.,29,160,189
WBGene00015170.,0,7,7
WBGene00015171.,34,462,496
WBGene00015172.,6,824,830
WBGene00015173.,569,1109,1678
WBGene00015175.,2,21,23
WBGene00015176.,144,1677,1821
WBGene00015177.,262,2296,2558
WBGene00015178.,2,1,3
WBGene00015179.,7,114,121
WBGene00015180.,0,16,16
WBGene00015181.,33,2993,3026
WBGene00015182.,12,49,61
WBGene00015183.,7,34,41
WBGene00015184.,103,1329,1432
WBGene00015185.,347,2520,2867
WBGene00015186.,117,2505,2622
WBGene00015188.,46,199,245
WBGene00015189.,33,141,174
WBGene00015190.,1,164,165
WBGene00015191.,42,388,430
WBGene00015192.,2,7,9
WBGene00015193.,0,0,0
WBGene00015194.,65,414,479
WBGene00015196.,17,100,117
WBGene00015197.,8,218,226
WBGene00015198.,2,10,12
WBGene00015199.,9,10,19
WBGene00015200.,49,465,514
WBGene00015202.,86,1319,1405
WBGene00015203.,216,2947,3163
WBGene00015204.,21,771,792
WBGene00015205.,295,3224,3519
WBGene00015206.,126,2176,2302
WBGene00015207.,407,1483,1890
WBGene00015208.,293,3880,4173
WBGene00015210.,33,155,188
WBGene00015211.,6,50,56
WBGene00015214.,7,18,25
WBGene00015215.,3,17,20
WBGene00015216.,74,437,511
WBGene00015217.,32,929,961
WBGene00015218.,39,337,376
WBGene00015219.,209,1972,2181
WBGene00015220.,3,90,93
WBGene00015221.,0,5,5
WBGene00015222.,3,3,6
WBGene00015223.,11,1,12
WBGene00015224.,2,3,5
WBGene00015225.,6,14,20
WBGene00015226.,5,16,21
WBGene00015227.,4,17,21
WBGene00015228.,3,13,16
WBGene00015229.,2,8,10
WBGene00015230.,2,4,6
WBGene00015231.,11,248,259
WBGene00015232.,732,7510,8242
WBGene00015233.,9,1004,1013
WBGene00015235.,1,509,510
WBGene00015236.,61,77,138
WBGene00015237.,240,1593,1833
WBGene00015238.,39,355,394
WBGene00015241.,8,2,10
WBGene00015242.,0,1,1
WBGene00015243.,19,22,41
WBGene00015244.,4,5,9
WBGene00015245.,98,1102,1200
WBGene00015246.,29,13,42
WBGene00015247.,0,30,30
WBGene00015248.,4752,41299,46051
WBGene00015249.,394,936,1330
WBGene00015250.,235,452,687
WBGene00015251.,262,2337,2599
WBGene00015252.,8,18,26
WBGene00015253.,0,2,2
WBGene00015254.,1,2,3
WBGene00015255.,0,3,3
WBGene00015257.,9,7,16
WBGene00015258.,3,15,18
WBGene00015259.,1,5,6
WBGene00015260.,4,12,16
WBGene00015261.,0,12,12
WBGene00015262.,55,40,95
WBGene00015263.,165,645,810
WBGene00015264.,45,194,239
WBGene00015265.,3,38,41
WBGene00015266.,101,812,913
WBGene00015267.,64,826,890
WBGene00015268.,167,421,588
WBGene00015269.,0,0,0
WBGene00015270.,0,0,0
WBGene00015271.,0,0,0
WBGene00015272.,0,0,0
WBGene00015273.,192,0,192
WBGene00015277.,0,0,0
WBGene00015278.,35,320,355
WBGene00015279.,6,12,18
WBGene00015280.,24,155,179
WBGene00015281.,52,640,692
WBGene00015282.,195,2093,2288
WBGene00015283.,85,1087,1172
WBGene00015284.,3,24,27
WBGene00015285.,230,1997,2227
WBGene00015286.,12,139,151
WBGene00015287.,5,54,59
WBGene00015288.,2,7,9
WBGene00015291.,98,815,913
WBGene00015292.,10,18,28
WBGene00015293.,412,2866,3278
WBGene00015294.,44,456,500
WBGene00015295.,74,665,739
WBGene00015296.,240,2864,3104
WBGene00015297.,118,2366,2484
WBGene00015298.,31,1949,1980
WBGene00015299.,35,214,249
WBGene00015300.,2,87,89
WBGene00015301.,189,940,1129
WBGene00015303.,331,647,978
WBGene00015305.,7,6,13
WBGene00015306.,1,8,9
WBGene00015307.,29,252,281
WBGene00015308.,62,1372,1434
WBGene00015309.,30,74,104
WBGene00015310.,43,588,631
WBGene00015311.,5,24,29
WBGene00015312.,9,128,137
WBGene00015313.,21,574,595
WBGene00015315.,0,0,0
WBGene00015316.,2,0,2
WBGene00015317.,1,5,6
WBGene00015318.,1,0,1
WBGene00015320.,10,47,57
WBGene00015321.,1,2,3
WBGene00015322.,12,940,952
WBGene00015323.,20,37,57
WBGene00015324.,22,361,383
WBGene00015325.,0,1,1
WBGene00015326.,70,4647,4717
WBGene00015327.,45,665,710
WBGene00015328.,492,2199,2691
WBGene00015329.,121,4070,4191
WBGene00015330.,94,1609,1703
WBGene00015331.,0,0,0
WBGene00015332.,24,488,512
WBGene00015333.,2,26,28
WBGene00015334.,66,324,390
WBGene00015335.,31,158,189
WBGene00015336.,28,1307,1335
WBGene00015337.,2,14,16
WBGene00015338.,0,0,0
WBGene00015339.,272,4187,4459
WBGene00015340.,162,1712,1874
WBGene00015341.,1,0,1
WBGene00015342.,1,3,4
WBGene00015344.,118,3188,3306
WBGene00015345.,5,7,12
WBGene00015346.,84,3195,3279
WBGene00015347.,100,759,859
WBGene00015348.,3,7,10
WBGene00015349.,199,644,843
WBGene00015350.,38,2268,2306
WBGene00015351.,11,64,75
WBGene00015352.,129,1757,1886
WBGene00015353.,8,278,286
WBGene00015354.,412,18168,18580
WBGene00015355.,52,239,291
WBGene00015356.,661,7981,8642
WBGene00015357.,11,190,201
WBGene00015359.,7,117,124
WBGene00015360.,2,5,7
WBGene00015361.,18,11,29
WBGene00015362.,30,210,240
WBGene00015364.,42,99,141
WBGene00015366.,3,1,4
WBGene00015367.,1,8,9
WBGene00015368.,17,18,35
WBGene00015369.,5,20,25
WBGene00015371.,13,5,18
WBGene00015372.,1,1,2
WBGene00015373.,26,86,112
WBGene00015374.,2,8,10
WBGene00015375.,4,47,51
WBGene00015376.,1,29,30
WBGene00015377.,3,76,79
WBGene00015378.,19,168,187
WBGene00015379.,0,13,13
WBGene00015380.,0,6,6
WBGene00015381.,6,20,26
WBGene00015382.,11,22,33
WBGene00015385.,0,42,42
WBGene00015386.,170,51,221
WBGene00015387.,49,104,153
WBGene00015388.,10,7,17
WBGene00015389.,19,93,112
WBGene00015390.,49,455,504
WBGene00015391.,232,6705,6937
WBGene00015392.,0,419,419
WBGene00015393.,504,7032,7536
WBGene00015394.,1,2,3
WBGene00015395.,12,59,71
WBGene00015396.,10,152,162
WBGene00015397.,2,21,23
WBGene00015398.,5,729,734
WBGene00015399.,2,2,4
WBGene00015400.,20,113,133
WBGene00015401.,8,30,38
WBGene00015402.,207,1222,1429
WBGene00015403.,6,100,106
WBGene00015404.,109,1824,1933
WBGene00015405.,172,2362,2534
WBGene00015406.,2,13,15
WBGene00015407.,38,1269,1307
WBGene00015408.,15,325,340
WBGene00015409.,2,41,43
WBGene00015410.,131,609,740
WBGene00015411.,5,3,8
WBGene00015412.,7,26,33
WBGene00015413.,301,8076,8377
WBGene00015414.,0,6,6
WBGene00015416.,15,54,69
WBGene00015417.,1,3,4
WBGene00015418.,1045,4640,5685
WBGene00015419.,4,8,12
WBGene00015421.,5,0,5
WBGene00015422.,5,10,15
WBGene00015423.,18,653,671
WBGene00015424.,59,645,704
WBGene00015425.,191,1571,1762
WBGene00015426.,7,58,65
WBGene00015427.,68,899,967
WBGene00015428.,7,1,8
WBGene00015429.,72,813,885
WBGene00015430.,238,973,1211
WBGene00015432.,2,4,6
WBGene00015433.,8,141,149
WBGene00015434.,106,690,796
WBGene00015435.,2,5,7
WBGene00015436.,1,9,10
WBGene00015437.,3,45,48
WBGene00015438.,6,2,8
WBGene00015439.,6,1,7
WBGene00015440.,13,111,124
WBGene00015441.,1,62,63
WBGene00015442.,30,276,306
WBGene00015444.,29,16,45
WBGene00015446.,3,4,7
WBGene00015447.,7,4,11
WBGene00015448.,6,13,19
WBGene00015449.,6,112,118
WBGene00015450.,18,972,990
WBGene00015451.,72,492,564
WBGene00015453.,2,17,19
WBGene00015454.,28,687,715
WBGene00015455.,407,500,907
WBGene00015456.,0,32,32
WBGene00015457.,2,7,9
WBGene00015458.,0,5,5
WBGene00015459.,0,0,0
WBGene00015460.,13,588,601
WBGene00015461.,203,3568,3771
WBGene00015462.,20,389,409
WBGene00015463.,2,549,551
WBGene00015464.,68,2481,2549
WBGene00015465.,14,26,40
WBGene00015466.,7,859,866
WBGene00015467.,5,12,17
WBGene00015468.,90,627,717
WBGene00015469.,20,112,132
WBGene00015470.,31,1300,1331
WBGene00015471.,28,94,122
WBGene00015472.,91,1350,1441
WBGene00015473.,151,188,339
WBGene00015474.,67,1872,1939
WBGene00015476.,58,271,329
WBGene00015477.,253,5409,5662
WBGene00015478.,74,443,517
WBGene00015479.,10,51,61
WBGene00015480.,121,458,579
WBGene00015481.,113,4271,4384
WBGene00015483.,113,1330,1443
WBGene00015484.,48,2377,2425
WBGene00015485.,61,812,873
WBGene00015486.,100,862,962
WBGene00015487.,42,5279,5321
WBGene00015488.,390,1024,1414
WBGene00015489.,13,23,36
WBGene00015491.,0,2,2
WBGene00015492.,13,935,948
WBGene00015493.,4,13,17
WBGene00015494.,76,640,716
WBGene00015495.,3,222,225
WBGene00015496.,6,36,42
WBGene00015497.,18,32,50
WBGene00015499.,157,1240,1397
WBGene00015500.,12,57,69
WBGene00015501.,265,2916,3181
WBGene00015504.,99,560,659
WBGene00015505.,26,164,190
WBGene00015507.,226,1394,1620
WBGene00015508.,105,1343,1448
WBGene00015509.,158,913,1071
WBGene00015510.,81,2520,2601
WBGene00015511.,3,83,86
WBGene00015512.,354,3544,3898
WBGene00015513.,53,1079,1132
WBGene00015514.,2256,42590,44846
WBGene00015515.,66,1136,1202
WBGene00015516.,7,41,48
WBGene00015517.,183,1724,1907
WBGene00015518.,0,73,73
WBGene00015519.,7,226,233
WBGene00015520.,0,12,12
WBGene00015521.,0,0,0
WBGene00015522.,8,28,36
WBGene00015523.,25,523,548
WBGene00015524.,40,631,671
WBGene00015525.,188,1926,2114
WBGene00015526.,4,96,100
WBGene00015527.,8,388,396
WBGene00015528.,4,7,11
WBGene00015529.,17,179,196
WBGene00015530.,0,6,6
WBGene00015531.,58,658,716
WBGene00015532.,1,37,38
WBGene00015533.,2,7,9
WBGene00015534.,2,2,4
WBGene00015535.,1,22,23
WBGene00015536.,20,385,405
WBGene00015537.,10,39,49
WBGene00015538.,6,3579,3585
WBGene00015539.,59,698,757
WBGene00015540.,12,2251,2263
WBGene00015541.,86,585,671
WBGene00015544.,32,42,74
WBGene00015545.,25,450,475
WBGene00015546.,3,132,135
WBGene00015547.,91,3596,3687
WBGene00015549.,23,178,201
WBGene00015550.,3,39,42
WBGene00015551.,762,5864,6626
WBGene00015552.,25,2017,2042
WBGene00015553.,381,3827,4208
WBGene00015554.,50,554,604
WBGene00015555.,374,2095,2469
WBGene00015557.,33,445,478
WBGene00015558.,11,28,39
WBGene00015559.,117,492,609
WBGene00015560.,20,662,682
WBGene00015561.,209,1772,1981
WBGene00015562.,1,20,21
WBGene00015564.,1,1,2
WBGene00015565.,284,3682,3966
WBGene00015566.,30,350,380
WBGene00015567.,87,940,1027
WBGene00015568.,15,153,168
WBGene00015569.,20,470,490
WBGene00015570.,6,72,78
WBGene00015572.,4,1,5
WBGene00015573.,0,4,4
WBGene00015574.,0,16,16
WBGene00015575.,1,4,5
WBGene00015576.,23,352,375
WBGene00015577.,34,378,412
WBGene00015578.,2,2353,2355
WBGene00015579.,0,2518,2518
WBGene00015580.,316,1282,1598
WBGene00015581.,410,3804,4214
WBGene00015582.,7,99,106
WBGene00015583.,4,2,6
WBGene00015586.,2,173,175
WBGene00015587.,2,7,9
WBGene00015588.,0,11,11
WBGene00015589.,1,18,19
WBGene00015590.,12,303,315
WBGene00015591.,39,726,765
WBGene00015592.,55,75,130
WBGene00015593.,0,44,44
WBGene00015594.,0,1,1
WBGene00015595.,0,0,0
WBGene00015596.,0,0,0
WBGene00015597.,0,2,2
WBGene00015598.,0,1,1
WBGene00015599.,0,0,0
WBGene00015600.,1,1,2
WBGene00015601.,3,2,5
WBGene00015602.,1,2,3
WBGene00015603.,0,0,0
WBGene00015604.,0,1,1
WBGene00015605.,17,132,149
WBGene00015606.,4,2,6
WBGene00015607.,0,2,2
WBGene00015608.,5,21,26
WBGene00015609.,5,49,54
WBGene00015610.,0,8,8
WBGene00015611.,1,280,281
WBGene00015613.,0,14,14
WBGene00015614.,5,6,11
WBGene00015615.,0,41,41
WBGene00015616.,4,6,10
WBGene00015618.,44,79,123
WBGene00015619.,548,5220,5768
WBGene00015620.,40,163,203
WBGene00015621.,69,907,976
WBGene00015622.,4,17,21
WBGene00015623.,309,7013,7322
WBGene00015624.,6,187,193
WBGene00015625.,26,121,147
WBGene00015626.,10,106,116
WBGene00015627.,1,1,2
WBGene00015628.,1,1,2
WBGene00015629.,8,7,15
WBGene00015630.,7,11,18
WBGene00015631.,3,79,82
WBGene00015632.,260,1990,2250
WBGene00015633.,251,1761,2012
WBGene00015634.,2,19,21
WBGene00015635.,83,871,954
WBGene00015636.,0,3,3
WBGene00015637.,1,7,8
WBGene00015638.,30,402,432
WBGene00015639.,19,39,58
WBGene00015640.,73,311,384
WBGene00015641.,86,881,967
WBGene00015642.,81,422,503
WBGene00015644.,88,721,809
WBGene00015645.,3,178,181
WBGene00015646.,31,187,218
WBGene00015647.,80,937,1017
WBGene00015648.,313,923,1236
WBGene00015649.,8,70,78
WBGene00015650.,502,2047,2549
WBGene00015651.,315,122,437
WBGene00015652.,0,1,1
WBGene00015653.,0,2,2
WBGene00015654.,2,0,2
WBGene00015655.,0,0,0
WBGene00015656.,13,2,15
WBGene00015658.,423,978,1401
WBGene00015660.,2,164,166
WBGene00015661.,1,1,2
WBGene00015662.,3,11,14
WBGene00015663.,3,2,5
WBGene00015664.,2,211,213
WBGene00015665.,6,27,33
WBGene00015666.,47,153,200
WBGene00015667.,0,13,13
WBGene00015668.,3,11,14
WBGene00015670.,7,109,116
WBGene00015671.,10,354,364
WBGene00015672.,1,15,16
WBGene00015673.,77,532,609
WBGene00015675.,77,271,348
WBGene00015676.,26,1404,1430
WBGene00015677.,31,199,230
WBGene00015678.,506,1608,2114
WBGene00015679.,16,97,113
WBGene00015680.,159,2785,2944
WBGene00015681.,6,2,8
WBGene00015682.,6,9,15
WBGene00015683.,1,7,8
WBGene00015684.,240,3526,3766
WBGene00015685.,2,1,3
WBGene00015686.,98,144,242
WBGene00015687.,166,14725,14891
WBGene00015688.,0,5,5
WBGene00015689.,0,6,6
WBGene00015690.,3,4,7
WBGene00015691.,127,978,1105
WBGene00015692.,46,343,389
WBGene00015693.,22,220,242
WBGene00015694.,16,16,32
WBGene00015695.,51,690,741
WBGene00015696.,3,12,15
WBGene00015697.,21,236,257
WBGene00015698.,0,85,85
WBGene00015700.,17,25,42
WBGene00015701.,16,79,95
WBGene00015702.,9,612,621
WBGene00015703.,11,2371,2382
WBGene00015704.,146,400,546
WBGene00015705.,4,72,76
WBGene00015706.,3,85,88
WBGene00015707.,0,36,36
WBGene00015708.,67,498,565
WBGene00015709.,25,408,433
WBGene00015710.,48,2161,2209
WBGene00015711.,15,340,355
WBGene00015712.,4,3,7
WBGene00015713.,8,153,161
WBGene00015714.,6,101,107
WBGene00015716.,7,224,231
WBGene00015718.,0,3,3
WBGene00015719.,1,0,1
WBGene00015720.,5,44,49
WBGene00015721.,0,0,0
WBGene00015722.,3,0,3
WBGene00015723.,4,5,9
WBGene00015724.,5,1,6
WBGene00015725.,5,1,6
WBGene00015726.,0,3,3
WBGene00015727.,0,3,3
WBGene00015728.,8,32,40
WBGene00015729.,28,1259,1287
WBGene00015730.,0,0,0
WBGene00015731.,0,0,0
WBGene00015733.,20,68,88
WBGene00015734.,66,4222,4288
WBGene00015735.,720,2328,3048
WBGene00015736.,3,14,17
WBGene00015737.,0,0,0
WBGene00015738.,3,3,6
WBGene00015739.,15,46,61
WBGene00015740.,98,1316,1414
WBGene00015741.,543,4057,4600
WBGene00015742.,71,566,637
WBGene00015743.,115,1339,1454
WBGene00015744.,122,405,527
WBGene00015745.,27,258,285
WBGene00015746.,47,1523,1570
WBGene00015747.,60,338,398
WBGene00015748.,20,284,304
WBGene00015750.,28,203,231
WBGene00015751.,44,119,163
WBGene00015752.,45,2382,2427
WBGene00015753.,30,276,306
WBGene00015754.,150,1898,2048
WBGene00015755.,1887,30555,32442
WBGene00015756.,8,85,93
WBGene00015757.,9,11,20
WBGene00015758.,13,60,73
WBGene00015759.,75,878,953
WBGene00015760.,2,2,4
WBGene00015761.,5,1,6
WBGene00015762.,1,3,4
WBGene00015763.,15,120,135
WBGene00015764.,9,8,17
WBGene00015765.,0,7,7
WBGene00015766.,9,93,102
WBGene00015767.,101,802,903
WBGene00015768.,18,43,61
WBGene00015769.,10,847,857
WBGene00015770.,2,5,7
WBGene00015771.,0,4,4
WBGene00015772.,0,1,1
WBGene00015773.,2,5,7
WBGene00015774.,2,4,6
WBGene00015775.,12,1,13
WBGene00015776.,96,2772,2868
WBGene00015777.,58,1587,1645
WBGene00015778.,24,17680,17704
WBGene00015779.,307,1370,1677
WBGene00015780.,10,39,49
WBGene00015781.,384,3775,4159
WBGene00015782.,11,202,213
WBGene00015783.,17,103,120
WBGene00015784.,8,17,25
WBGene00015785.,0,1,1
WBGene00015786.,280,2029,2309
WBGene00015787.,30,295,325
WBGene00015788.,16,189,205
WBGene00015789.,11,396,407
WBGene00015790.,353,2822,3175
WBGene00015791.,56,3205,3261
WBGene00015792.,8,27,35
WBGene00015793.,24,240,264
WBGene00015794.,22,132,154
WBGene00015795.,125,1057,1182
WBGene00015796.,413,1399,1812
WBGene00015797.,42,145,187
WBGene00015798.,13,76,89
WBGene00015799.,6,113,119
WBGene00015800.,552,1103,1655
WBGene00015801.,180,1566,1746
WBGene00015802.,188,1144,1332
WBGene00015803.,2067,15961,18028
WBGene00015805.,72,1475,1547
WBGene00015806.,25,808,833
WBGene00015807.,18,232,250
WBGene00015809.,314,4782,5096
WBGene00015810.,19,7905,7924
WBGene00015811.,124,7093,7217
WBGene00015813.,360,4756,5116
WBGene00015814.,267,5050,5317
WBGene00015815.,146,671,817
WBGene00015816.,37,189,226
WBGene00015817.,212,1715,1927
WBGene00015818.,3,163,166
WBGene00015819.,0,203,203
WBGene00015820.,1,11,12
WBGene00015821.,3,5,8
WBGene00015822.,51,107,158
WBGene00015823.,0,2391,2391
WBGene00015824.,10,262,272
WBGene00015825.,0,0,0
WBGene00015826.,3,2,5
WBGene00015827.,0,3,3
WBGene00015828.,1,4,5
WBGene00015829.,0,3,3
WBGene00015830.,0,7,7
WBGene00015832.,3,1,4
WBGene00015833.,0,1,1
WBGene00015834.,1,3,4
WBGene00015835.,3,4,7
WBGene00015836.,0,1,1
WBGene00015837.,2,3,5
WBGene00015838.,0,2,2
WBGene00015839.,4,3,7
WBGene00015840.,0,0,0
WBGene00015841.,22,92,114
WBGene00015842.,14,107,121
WBGene00015843.,80,257,337
WBGene00015845.,0,0,0
WBGene00015846.,1,0,1
WBGene00015847.,1,2,3
WBGene00015848.,0,0,0
WBGene00015849.,30,219,249
WBGene00015850.,10,78,88
WBGene00015851.,38,47,85
WBGene00015852.,0,92,92
WBGene00015853.,53,465,518
WBGene00015854.,0,4,4
WBGene00015855.,0,11,11
WBGene00015856.,0,4,4
WBGene00015857.,117,1251,1368
WBGene00015858.,0,1,1
WBGene00015859.,8,28,36
WBGene00015860.,10,40,50
WBGene00015861.,31,322,353
WBGene00015862.,26,82,108
WBGene00015863.,10,7,17
WBGene00015864.,16,224,240
WBGene00015865.,87,1643,1730
WBGene00015866.,20,482,502
WBGene00015867.,39,183,222
WBGene00015868.,1046,2627,3673
WBGene00015869.,1,0,1
WBGene00015870.,1,0,1
WBGene00015871.,0,1,1
WBGene00015872.,1,2,3
WBGene00015873.,2,3,5
WBGene00015874.,2,0,2
WBGene00015875.,0,2,2
WBGene00015876.,2,50,52
WBGene00015877.,0,3,3
WBGene00015878.,1,10,11
WBGene00015879.,3,4,7
WBGene00015882.,2,3,5
WBGene00015883.,4,6,10
WBGene00015884.,5,17,22
WBGene00015885.,9,612,621
WBGene00015886.,1,174,175
WBGene00015887.,40,1658,1698
WBGene00015888.,0,0,0
WBGene00015889.,3,8,11
WBGene00015890.,0,61,61
WBGene00015891.,2,12,14
WBGene00015892.,2,0,2
WBGene00015893.,1,2,3
WBGene00015894.,218,5546,5764
WBGene00015895.,0,0,0
WBGene00015896.,0,119,119
WBGene00015897.,73,352,425
WBGene00015898.,5,3,8
WBGene00015899.,0,1,1
WBGene00015900.,20,84,104
WBGene00015901.,86,258,344
WBGene00015902.,16,24,40
WBGene00015903.,2,0,2
WBGene00015904.,0,0,0
WBGene00015905.,3,4,7
WBGene00015906.,1,5,6
WBGene00015907.,2,1,3
WBGene00015908.,7,25,32
WBGene00015909.,0,0,0
WBGene00015910.,3,20,23
WBGene00015911.,1,2,3
WBGene00015912.,1,43,44
WBGene00015913.,227,1813,2040
WBGene00015914.,38,61,99
WBGene00015915.,88,913,1001
WBGene00015916.,162,2091,2253
WBGene00015917.,7,17,24
WBGene00015918.,42,171,213
WBGene00015919.,27,441,468
WBGene00015920.,83,6943,7026
WBGene00015921.,107,343,450
WBGene00015922.,42,460,502
WBGene00015924.,1,2,3
WBGene00015925.,74,100,174
WBGene00015926.,387,1549,1936
WBGene00015927.,344,2881,3225
WBGene00015928.,225,763,988
WBGene00015929.,2,17,19
WBGene00015930.,14,131,145
WBGene00015931.,5,13,18
WBGene00015932.,0,5,5
WBGene00015933.,24,215,239
WBGene00015934.,64,929,993
WBGene00015935.,198,701,899
WBGene00015936.,88,180,268
WBGene00015937.,13,17,30
WBGene00015938.,275,1622,1897
WBGene00015939.,17,100,117
WBGene00015940.,37,665,702
WBGene00015941.,422,3787,4209
WBGene00015942.,110,1374,1484
WBGene00015943.,92,5439,5531
WBGene00015944.,10,52,62
WBGene00015945.,430,701,1131
WBGene00015946.,12,94,106
WBGene00015947.,307,2657,2964
WBGene00015948.,110,1083,1193
WBGene00015949.,16,72,88
WBGene00015950.,15,62,77
WBGene00015952.,31,755,786
WBGene00015953.,50,241,291
WBGene00015954.,2195,16987,19182
WBGene00015955.,36,2276,2312
WBGene00015956.,37,305,342
WBGene00015957.,26,105,131
WBGene00015958.,0,1,1
WBGene00015959.,1,1,2
WBGene00015960.,1,0,1
WBGene00015961.,1,3,4
WBGene00015962.,3,4,7
WBGene00015963.,19,187,206
WBGene00015964.,79,46,125
WBGene00015965.,25,163,188
WBGene00015968.,366,1440,1806
WBGene00015969.,55,341,396
WBGene00015970.,5,47,52
WBGene00015971.,287,1720,2007
WBGene00015972.,129,862,991
WBGene00015974.,358,262,620
WBGene00015975.,9,896,905
WBGene00015976.,111,882,993
WBGene00015977.,9,23,32
WBGene00015978.,38,1690,1728
WBGene00015979.,2,0,2
WBGene00015980.,234,1514,1748
WBGene00015981.,62,43,105
WBGene00015982.,1,0,1
WBGene00015984.,6,14,20
WBGene00015985.,4,11,15
WBGene00015986.,2,9,11
WBGene00015987.,1,3,4
WBGene00015988.,6,21,27
WBGene00015989.,9,368,377
WBGene00015990.,4,8,12
WBGene00015991.,2,9,11
WBGene00015992.,4,12,16
WBGene00015993.,72,162,234
WBGene00015994.,6,1,7
WBGene00015996.,3,46,49
WBGene00015997.,0,2,2
WBGene00015998.,5,19,24
WBGene00015999.,12,153,165
WBGene00016000.,9,15,24
WBGene00016002.,283,2748,3031
WBGene00016003.,23,17,40
WBGene00016004.,6,129,135
WBGene00016005.,35,403,438
WBGene00016006.,776,8115,8891
WBGene00016008.,15,44,59
WBGene00016009.,57,2165,2222
WBGene00016010.,59,23,82
WBGene00016011.,955,6523,7478
WBGene00016012.,17,367,384
WBGene00016013.,14,106,120
WBGene00016014.,75,1420,1495
WBGene00016015.,127,2716,2843
WBGene00016016.,3,23,26
WBGene00016017.,1,27,28
WBGene00016018.,167,1308,1475
WBGene00016019.,32,795,827
WBGene00016020.,130,1439,1569
WBGene00016021.,93,898,991
WBGene00016022.,46,572,618
WBGene00016023.,7,103,110
WBGene00016024.,77,707,784
WBGene00016025.,43,187,230
WBGene00016027.,29,244,273
WBGene00016028.,79,4353,4432
WBGene00016029.,139,108,247
WBGene00016030.,23,487,510
WBGene00016032.,108,25,133
WBGene00016033.,30,17401,17431
WBGene00016034.,14,124,138
WBGene00016037.,87,41,128
WBGene00016038.,5,340,345
WBGene00016039.,1,67,68
WBGene00016040.,1,15,16
WBGene00016044.,265,621,886
WBGene00016045.,114,1181,1295
WBGene00016046.,1,125,126
WBGene00016047.,4,2,6
WBGene00016048.,9,213,222
WBGene00016049.,8,9,17
WBGene00016050.,1,0,1
WBGene00016051.,3,1,4
WBGene00016052.,19,331,350
WBGene00016053.,10,41,51
WBGene00016054.,5,1,6
WBGene00016055.,100,1291,1391
WBGene00016056.,0,22,22
WBGene00016057.,161,4409,4570
WBGene00016058.,0,0,0
WBGene00016059.,195,1176,1371
WBGene00016060.,203,1129,1332
WBGene00016061.,25,214,239
WBGene00016062.,13,4553,4566
WBGene00016063.,2,4,6
WBGene00016064.,12,75,87
WBGene00016066.,23,96,119
WBGene00016067.,70,666,736
WBGene00016068.,93,550,643
WBGene00016069.,18,339,357
WBGene00016070.,1,18,19
WBGene00016071.,12,75,87
WBGene00016072.,10,59,69
WBGene00016073.,201,4673,4874
WBGene00016074.,47,475,522
WBGene00016075.,2,1,3
WBGene00016076.,0,0,0
WBGene00016077.,3,3,6
WBGene00016078.,2,5,7
WBGene00016080.,2,7,9
WBGene00016081.,89,674,763
WBGene00016082.,0,2,2
WBGene00016083.,2,0,2
WBGene00016084.,6,5,11
WBGene00016085.,1,11,12
WBGene00016087.,10,207,217
WBGene00016088.,10,41,51
WBGene00016089.,13,79,92
WBGene00016090.,101,202,303
WBGene00016091.,7,25,32
WBGene00016092.,5,12,17
WBGene00016093.,74,654,728
WBGene00016094.,52,297,349
WBGene00016095.,74,701,775
WBGene00016096.,4,221,225
WBGene00016097.,18,1208,1226
WBGene00016099.,57,356,413
WBGene00016100.,11,308,319
WBGene00016101.,14,648,662
WBGene00016102.,18,544,562
WBGene00016103.,277,4371,4648
WBGene00016104.,70,462,532
WBGene00016105.,2,87,89
WBGene00016106.,15,279,294
WBGene00016107.,14,109,123
WBGene00016108.,27,35,62
WBGene00016109.,57,460,517
WBGene00016110.,11,93,104
WBGene00016111.,32,984,1016
WBGene00016112.,14,326,340
WBGene00016113.,54,1691,1745
WBGene00016114.,154,3209,3363
WBGene00016115.,1303,16731,18034
WBGene00016116.,138,1692,1830
WBGene00016118.,1158,16914,18072
WBGene00016119.,202,3580,3782
WBGene00016120.,269,2137,2406
WBGene00016121.,127,1446,1573
WBGene00016123.,72,524,596
WBGene00016124.,70,1058,1128
WBGene00016125.,1,35,36
WBGene00016126.,23,127,150
WBGene00016128.,7,840,847
WBGene00016129.,140,3285,3425
WBGene00016130.,0,5,5
WBGene00016131.,68,364,432
WBGene00016132.,4,10,14
WBGene00016133.,48,913,961
WBGene00016134.,37,190,227
WBGene00016135.,40,332,372
WBGene00016136.,9,21,30
WBGene00016137.,0,11,11
WBGene00016138.,114,1649,1763
WBGene00016139.,70,631,701
WBGene00016140.,83,2945,3028
WBGene00016142.,58,3841,3899
WBGene00016143.,222,1784,2006
WBGene00016144.,177,1526,1703
WBGene00016145.,66,1817,1883
WBGene00016146.,16,95,111
WBGene00016147.,11,93,104
WBGene00016148.,169,1076,1245
WBGene00016149.,45,360,405
WBGene00016150.,162,1326,1488
WBGene00016151.,134,1580,1714
WBGene00016152.,58,558,616
WBGene00016153.,0,17,17
WBGene00016154.,134,1161,1295
WBGene00016155.,5,34,39
WBGene00016156.,7,388,395
WBGene00016157.,172,1039,1211
WBGene00016158.,112,1531,1643
WBGene00016159.,85,501,586
WBGene00016160.,11,7,18
WBGene00016161.,1,3,4
WBGene00016162.,406,3492,3898
WBGene00016163.,7,79,86
WBGene00016164.,0,5,5
WBGene00016165.,113,220,333
WBGene00016166.,94,2266,2360
WBGene00016167.,66,1265,1331
WBGene00016168.,3,3,6
WBGene00016169.,43,43,86
WBGene00016170.,164,2340,2504
WBGene00016171.,128,986,1114
WBGene00016172.,309,1208,1517
WBGene00016173.,604,8430,9034
WBGene00016174.,44,205,249
WBGene00016175.,56,193,249
WBGene00016177.,8,30,38
WBGene00016178.,16,175,191
WBGene00016179.,0,19,19
WBGene00016180.,6,1157,1163
WBGene00016181.,7,118,125
WBGene00016182.,46,625,671
WBGene00016183.,5,2,7
WBGene00016184.,101,591,692
WBGene00016185.,1,2,3
WBGene00016187.,10,219,229
WBGene00016188.,130,1299,1429
WBGene00016189.,3,29,32
WBGene00016190.,5,206,211
WBGene00016191.,11,28,39
WBGene00016192.,17,1907,1924
WBGene00016193.,41,34,75
WBGene00016194.,130,8958,9088
WBGene00016195.,11,4689,4700
WBGene00016196.,18,64,82
WBGene00016197.,1158,4005,5163
WBGene00016198.,5,16,21
WBGene00016199.,4,21,25
WBGene00016200.,96,1639,1735
WBGene00016201.,59,2343,2402
WBGene00016202.,36,1251,1287
WBGene00016203.,243,888,1131
WBGene00016204.,11,102,113
WBGene00016206.,13,35,48
WBGene00016207.,101,927,1028
WBGene00016208.,10,761,771
WBGene00016209.,335,6158,6493
WBGene00016210.,459,11537,11996
WBGene00016211.,121,562,683
WBGene00016212.,24,314,338
WBGene00016213.,7,1,8
WBGene00016215.,26,1020,1046
WBGene00016216.,55,682,737
WBGene00016217.,5,43,48
WBGene00016218.,2,17,19
WBGene00016219.,10,20,30
WBGene00016220.,0,11,11
WBGene00016221.,71,670,741
WBGene00016222.,0,0,0
WBGene00016223.,0,0,0
WBGene00016224.,0,3,3
WBGene00016225.,0,0,0
WBGene00016226.,0,2,2
WBGene00016227.,0,11,11
WBGene00016230.,0,11,11
WBGene00016231.,0,1,1
WBGene00016232.,1,14,15
WBGene00016233.,6,14,20
WBGene00016234.,79,419,498
WBGene00016235.,9,2769,2778
WBGene00016236.,13,164,177
WBGene00016237.,57,1408,1465
WBGene00016238.,18,1859,1877
WBGene00016239.,7,228,235
WBGene00016242.,13,85,98
WBGene00016244.,309,2881,3190
WBGene00016245.,49,1628,1677
WBGene00016246.,60,364,424
WBGene00016247.,14,71,85
WBGene00016248.,18,261,279
WBGene00016249.,344,3855,4199
WBGene00016250.,123,10229,10352
WBGene00016253.,12,61,73
WBGene00016254.,0,26,26
WBGene00016255.,8,17,25
WBGene00016257.,4,4,8
WBGene00016258.,176,6899,7075
WBGene00016259.,31,124,155
WBGene00016260.,38,289,327
WBGene00016261.,62,768,830
WBGene00016262.,25,270,295
WBGene00016263.,3,104,107
WBGene00016264.,529,4284,4813
WBGene00016265.,12,117,129
WBGene00016266.,906,6777,7683
WBGene00016268.,12,37,49
WBGene00016269.,668,3721,4389
WBGene00016271.,24107,4,24111
WBGene00016273.,8,36,44
WBGene00016274.,0,70,70
WBGene00016276.,16,377,393
WBGene00016277.,26,180,206
WBGene00016278.,204,1380,1584
WBGene00016279.,1,0,1
WBGene00016280.,0,2,2
WBGene00016281.,6,3,9
WBGene00016282.,25,442,467
WBGene00016283.,45,257,302
WBGene00016284.,2,0,2
WBGene00016285.,7,0,7
WBGene00016286.,4,14,18
WBGene00016287.,3,7,10
WBGene00016288.,12,20,32
WBGene00016289.,4269,12967,17236
WBGene00016291.,14,121,135
WBGene00016292.,319,1345,1664
WBGene00016293.,70,542,612
WBGene00016294.,49,143,192
WBGene00016295.,39,248,287
WBGene00016296.,0,1,1
WBGene00016297.,0,0,0
WBGene00016298.,1,4,5
WBGene00016299.,4,0,4
WBGene00016300.,5,4,9
WBGene00016301.,1,16,17
WBGene00016302.,1,5,6
WBGene00016303.,1,25,26
WBGene00016304.,16,119,135
WBGene00016305.,5,84,89
WBGene00016306.,1,1,2
WBGene00016307.,0,4,4
WBGene00016308.,2,11,13
WBGene00016309.,0,2,2
WBGene00016310.,71,672,743
WBGene00016311.,51,1512,1563
WBGene00016312.,3,15,18
WBGene00016313.,22,849,871
WBGene00016314.,11,166,177
WBGene00016315.,48,661,709
WBGene00016316.,293,8388,8681
WBGene00016317.,17,624,641
WBGene00016318.,89,1516,1605
WBGene00016319.,48,710,758
WBGene00016320.,0,4,4
WBGene00016321.,620,4373,4993
WBGene00016322.,0,5,5
WBGene00016323.,206,1658,1864
WBGene00016324.,49,202,251
WBGene00016325.,187,2453,2640
WBGene00016326.,238,2327,2565
WBGene00016327.,3,6,9
WBGene00016328.,20,113,133
WBGene00016329.,8,31,39
WBGene00016330.,244,1599,1843
WBGene00016331.,157,1741,1898
WBGene00016332.,14,217,231
WBGene00016333.,622,5617,6239
WBGene00016334.,0,2,2
WBGene00016335.,8,32,40
WBGene00016336.,1,1,2
WBGene00016337.,0,0,0
WBGene00016338.,2,4,6
WBGene00016339.,0,1,1
WBGene00016340.,20,31,51
WBGene00016341.,27,905,932
WBGene00016343.,173,664,837
WBGene00016344.,37,249,286
WBGene00016345.,1,189,190
WBGene00016346.,1,30,31
WBGene00016347.,18,2,20
WBGene00016349.,3,55,58
WBGene00016350.,0,2,2
WBGene00016351.,0,0,0
WBGene00016352.,36,410,446
WBGene00016353.,1,79,80
WBGene00016354.,622,1232,1854
WBGene00016355.,76,904,980
WBGene00016356.,4,9,13
WBGene00016357.,0,1,1
WBGene00016358.,1,1,2
WBGene00016359.,1,617,618
WBGene00016360.,29,260,289
WBGene00016361.,5,15,20
WBGene00016362.,251,27117,27368
WBGene00016363.,18,94,112
WBGene00016364.,83,387,470
WBGene00016365.,13,104,117
WBGene00016366.,13,103,116
WBGene00016367.,16,90,106
WBGene00016368.,23,161,184
WBGene00016369.,3,0,3
WBGene00016370.,1,0,1
WBGene00016371.,5,2,7
WBGene00016373.,19,148,167
WBGene00016374.,110,1616,1726
WBGene00016375.,10,716,726
WBGene00016376.,16,756,772
WBGene00016378.,159,1567,1726
WBGene00016379.,16,513,529
WBGene00016380.,29,917,946
WBGene00016381.,60,541,601
WBGene00016382.,0,2,2
WBGene00016383.,54,950,1004
WBGene00016384.,201,2674,2875
WBGene00016386.,40,30,70
WBGene00016387.,70,840,910
WBGene00016388.,0,0,0
WBGene00016389.,0,3,3
WBGene00016390.,24,787,811
WBGene00016391.,244,3029,3273
WBGene00016392.,16,547,563
WBGene00016393.,533,18720,19253
WBGene00016394.,101,162,263
WBGene00016395.,1053,8644,9697
WBGene00016396.,290,723,1013
WBGene00016397.,70,264,334
WBGene00016398.,0,7,7
WBGene00016399.,0,1,1
WBGene00016400.,148,1566,1714
WBGene00016402.,22,83,105
WBGene00016403.,226,758,984
WBGene00016404.,82,601,683
WBGene00016405.,231,5845,6076
WBGene00016406.,71,995,1066
WBGene00016407.,876,1713,2589
WBGene00016408.,117,1623,1740
WBGene00016409.,120,1141,1261
WBGene00016410.,6,21,27
WBGene00016411.,69,2704,2773
WBGene00016412.,26,2327,2353
WBGene00016413.,4,7,11
WBGene00016414.,2,8,10
WBGene00016415.,430,3911,4341
WBGene00016416.,10,80,90
WBGene00016417.,104,822,926
WBGene00016418.,153,562,715
WBGene00016419.,49,829,878
WBGene00016420.,1,6,7
WBGene00016421.,24,245,269
WBGene00016422.,55,4890,4945
WBGene00016423.,105,856,961
WBGene00016424.,17,77,94
WBGene00016425.,1,40,41
WBGene00016427.,144,304,448
WBGene00016428.,64,647,711
WBGene00016429.,9,189,198
WBGene00016430.,1,1,2
WBGene00016431.,21,48,69
WBGene00016432.,1497,2454,3951
WBGene00016433.,0,4,4
WBGene00016434.,0,8,8
WBGene00016435.,271,4790,5061
WBGene00016436.,9,208,217
WBGene00016437.,24,9,33
WBGene00016438.,52,583,635
WBGene00016439.,91,1787,1878
WBGene00016440.,0,27,27
WBGene00016441.,3,21,24
WBGene00016442.,29,1759,1788
WBGene00016443.,95,780,875
WBGene00016444.,97,638,735
WBGene00016445.,37,129,166
WBGene00016446.,46,1691,1737
WBGene00016447.,0,0,0
WBGene00016448.,61,512,573
WBGene00016449.,28,2985,3013
WBGene00016450.,0,43,43
WBGene00016451.,0,7,7
WBGene00016452.,141,1371,1512
WBGene00016453.,4,181,185
WBGene00016454.,55,609,664
WBGene00016455.,4,15,19
WBGene00016456.,14,1364,1378
WBGene00016457.,2,99,101
WBGene00016458.,69,1866,1935
WBGene00016459.,7,26,33
WBGene00016460.,9,92,101
WBGene00016461.,18,33,51
WBGene00016462.,3,27,30
WBGene00016463.,22,921,943
WBGene00016464.,4,11,15
WBGene00016465.,1,18,19
WBGene00016466.,6,70,76
WBGene00016467.,22,339,361
WBGene00016468.,30,35,65
WBGene00016469.,63,1138,1201
WBGene00016470.,0,1,1
WBGene00016471.,5,20,25
WBGene00016472.,0,4,4
WBGene00016473.,0,3,3
WBGene00016474.,2,7,9
WBGene00016475.,0,1,1
WBGene00016476.,8,1,9
WBGene00016477.,5,11,16
WBGene00016478.,1,18,19
WBGene00016479.,1,0,1
WBGene00016480.,0,2,2
WBGene00016481.,1,4,5
WBGene00016483.,4,20,24
WBGene00016484.,0,13,13
WBGene00016485.,1,4,5
WBGene00016486.,2,5,7
WBGene00016487.,2,5,7
WBGene00016488.,24,71,95
WBGene00016489.,224,1957,2181
WBGene00016490.,106,990,1096
WBGene00016491.,11,26,37
WBGene00016492.,60,320,380
WBGene00016493.,37339,225788,263127
WBGene00016494.,353,4140,4493
WBGene00016495.,17,782,799
WBGene00016496.,205,10544,10749
WBGene00016497.,1,7,8
WBGene00016499.,97,454,551
WBGene00016500.,20,1170,1190
WBGene00016501.,28,1667,1695
WBGene00016502.,1,31,32
WBGene00016503.,15,334,349
WBGene00016504.,11,844,855
WBGene00016505.,21,1289,1310
WBGene00016506.,32,213,245
WBGene00016507.,96,863,959
WBGene00016508.,350,3848,4198
WBGene00016509.,197,10504,10701
WBGene00016511.,343,4679,5022
WBGene00016512.,12,15,27
WBGene00016513.,50,1648,1698
WBGene00016514.,46,144,190
WBGene00016516.,4,3,7
WBGene00016517.,2,26,28
WBGene00016518.,26,37,63
WBGene00016519.,4,2,6
WBGene00016520.,8,74,82
WBGene00016521.,4,9,13
WBGene00016522.,19,277,296
WBGene00016523.,3,27,30
WBGene00016524.,114,566,680
WBGene00016525.,3,6,9
WBGene00016526.,1,2,3
WBGene00016527.,1,2,3
WBGene00016528.,0,2,2
WBGene00016529.,0,7,7
WBGene00016530.,82,902,984
WBGene00016531.,220,1471,1691
WBGene00016532.,33,337,370
WBGene00016533.,100,1203,1303
WBGene00016534.,12,43,55
WBGene00016535.,9,1334,1343
WBGene00016537.,0,8,8
WBGene00016538.,53,270,323
WBGene00016539.,415,1436,1851
WBGene00016540.,100,325,425
WBGene00016541.,3,6,9
WBGene00016542.,36,148,184
WBGene00016543.,2,21,23
WBGene00016544.,1,7,8
WBGene00016545.,14,99,113
WBGene00016546.,23,96,119
WBGene00016547.,19,235,254
WBGene00016548.,1,2,3
WBGene00016549.,18,176,194
WBGene00016550.,7,1,8
WBGene00016551.,0,2,2
WBGene00016553.,44,509,553
WBGene00016554.,0,1,1
WBGene00016555.,3,39,42
WBGene00016556.,1,1,2
WBGene00016557.,0,0,0
WBGene00016558.,26,263,289
WBGene00016559.,58,473,531
WBGene00016561.,466,1036,1502
WBGene00016562.,1822,4819,6641
WBGene00016564.,33,550,583
WBGene00016565.,0,13,13
WBGene00016566.,100,816,916
WBGene00016567.,4,259,263
WBGene00016568.,110,888,998
WBGene00016570.,85,581,666
WBGene00016572.,11,9,20
WBGene00016573.,6,317,323
WBGene00016574.,15,708,723
WBGene00016575.,8,297,305
WBGene00016576.,8,711,719
WBGene00016577.,0,3,3
WBGene00016578.,0,0,0
WBGene00016579.,61,282,343
WBGene00016580.,100,324,424
WBGene00016581.,4,7,11
WBGene00016582.,40,742,782
WBGene00016583.,32,2052,2084
WBGene00016585.,29,84,113
WBGene00016586.,2,166,168
WBGene00016587.,14,25,39
WBGene00016588.,0,76,76
WBGene00016589.,0,858,858
WBGene00016590.,112,833,945
WBGene00016591.,37,1011,1048
WBGene00016592.,51,288,339
WBGene00016594.,69,3079,3148
WBGene00016595.,4,32,36
WBGene00016596.,8,419,427
WBGene00016597.,1,0,1
WBGene00016598.,1,7,8
WBGene00016599.,27,38,65
WBGene00016600.,153,106,259
WBGene00016601.,334,4415,4749
WBGene00016602.,18,481,499
WBGene00016603.,493,3938,4431
WBGene00016605.,10,35,45
WBGene00016606.,195,1326,1521
WBGene00016607.,260,3531,3791
WBGene00016608.,62,692,754
WBGene00016609.,146,294,440
WBGene00016610.,138,1313,1451
WBGene00016611.,533,5687,6220
WBGene00016612.,5,53,58
WBGene00016613.,25,183,208
WBGene00016614.,94,740,834
WBGene00016616.,16,967,983
WBGene00016617.,48,603,651
WBGene00016619.,24,164,188
WBGene00016620.,94,921,1015
WBGene00016621.,73,521,594
WBGene00016622.,50,1394,1444
WBGene00016623.,82,629,711
WBGene00016624.,438,2226,2664
WBGene00016625.,20,156,176
WBGene00016626.,104,1722,1826
WBGene00016627.,3,9,12
WBGene00016628.,167,957,1124
WBGene00016629.,74,960,1034
WBGene00016630.,454,29605,30059
WBGene00016631.,86,438,524
WBGene00016632.,42,173,215
WBGene00016633.,15,290,305
WBGene00016634.,125,805,930
WBGene00016635.,0,5153,5153
WBGene00016636.,3,5,8
WBGene00016637.,32,188,220
WBGene00016638.,0,7,7
WBGene00016639.,31,28,59
WBGene00016641.,48,2374,2422
WBGene00016642.,50,556,606
WBGene00016643.,112,1176,1288
WBGene00016644.,19,493,512
WBGene00016645.,88,2277,2365
WBGene00016646.,0,0,0
WBGene00016647.,0,0,0
WBGene00016648.,0,0,0
WBGene00016649.,0,0,0
WBGene00016650.,636,8175,8811
WBGene00016652.,55,502,557
WBGene00016653.,88,13768,13856
WBGene00016654.,264,518,782
WBGene00016655.,328,4435,4763
WBGene00016657.,36,262,298
WBGene00016658.,0,6,6
WBGene00016659.,35,1104,1139
WBGene00016660.,0,7,7
WBGene00016661.,146,900,1046
WBGene00016662.,6,86,92
WBGene00016663.,61,711,772
WBGene00016664.,13,238,251
WBGene00016665.,1,9,10
WBGene00016666.,2,20,22
WBGene00016667.,36,473,509
WBGene00016668.,0,1,1
WBGene00016669.,1,4,5
WBGene00016670.,9,15,24
WBGene00016671.,15,294,309
WBGene00016673.,7,9,16
WBGene00016674.,46,813,859
WBGene00016675.,0,1,1
WBGene00016676.,17,866,883
WBGene00016677.,100,1346,1446
WBGene00016678.,185,1065,1250
WBGene00016679.,2,76,78
WBGene00016680.,0,0,0
WBGene00016681.,3,3,6
WBGene00016682.,18,46,64
WBGene00016683.,68,149,217
WBGene00016684.,33,2084,2117
WBGene00016685.,4,0,4
WBGene00016686.,0,0,0
WBGene00016687.,2,4,6
WBGene00016688.,2,8,10
WBGene00016689.,1,0,1
WBGene00016690.,3,1,4
WBGene00016691.,5,1,6
WBGene00016692.,0,6,6
WBGene00016693.,7,1,8
WBGene00016694.,0,6,6
WBGene00016695.,1,9,10
WBGene00016696.,14,25,39
WBGene00016697.,4,14,18
WBGene00016698.,6,6,12
WBGene00016699.,1,8,9
WBGene00016700.,15,33,48
WBGene00016701.,9,114,123
WBGene00016702.,80,879,959
WBGene00016703.,59,500,559
WBGene00016704.,74,714,788
WBGene00016705.,35,103,138
WBGene00016706.,275,4243,4518
WBGene00016707.,0,5,5
WBGene00016708.,0,1,1
WBGene00016709.,1,1,2
WBGene00016710.,20,635,655
WBGene00016711.,5,59,64
WBGene00016712.,0,2,2
WBGene00016713.,1,0,1
WBGene00016714.,4,46,50
WBGene00016716.,1622,8317,9939
WBGene00016717.,2,19,21
WBGene00016718.,2,0,2
WBGene00016719.,1,7,8
WBGene00016720.,1,0,1
WBGene00016721.,36,364,400
WBGene00016722.,5632,14705,20337
WBGene00016724.,7,53,60
WBGene00016725.,113,295,408
WBGene00016727.,13,11,24
WBGene00016728.,9,59,68
WBGene00016729.,0,5,5
WBGene00016730.,26,136,162
WBGene00016731.,1,45,46
WBGene00016732.,4,65,69
WBGene00016733.,34,426,460
WBGene00016734.,50,1211,1261
WBGene00016735.,103,1048,1151
WBGene00016737.,0,3,3
WBGene00016738.,2,375,377
WBGene00016739.,128,6107,6235
WBGene00016740.,22,1023,1045
WBGene00016741.,50,825,875
WBGene00016742.,18,7,25
WBGene00016743.,9,7,16
WBGene00016744.,54,424,478
WBGene00016745.,17,269,286
WBGene00016746.,561,11086,11647
WBGene00016747.,38,256,294
WBGene00016748.,18,179,197
WBGene00016749.,188,4176,4364
WBGene00016750.,76,1178,1254
WBGene00016751.,232,1248,1480
WBGene00016752.,0,39,39
WBGene00016753.,5,1,6
WBGene00016754.,296,2701,2997
WBGene00016755.,5,3,8
WBGene00016756.,5,8,13
WBGene00016757.,12,47,59
WBGene00016758.,11,46,57
WBGene00016759.,4,69,73
WBGene00016760.,3,100,103
WBGene00016761.,20,83,103
WBGene00016762.,12,254,266
WBGene00016763.,17,501,518
WBGene00016764.,125,886,1011
WBGene00016765.,7,12,19
WBGene00016766.,0,496,496
WBGene00016767.,5,179,184
WBGene00016768.,67,352,419
WBGene00016769.,51,211,262
WBGene00016770.,0,0,0
WBGene00016772.,0,5,5
WBGene00016773.,5,4,9
WBGene00016775.,1,3,4
WBGene00016776.,1,0,1
WBGene00016777.,0,4,4
WBGene00016778.,10,0,10
WBGene00016779.,1,4,5
WBGene00016781.,61,37797,37858
WBGene00016782.,0,308,308
WBGene00016783.,29,109,138
WBGene00016785.,7,10,17
WBGene00016786.,0,6,6
WBGene00016788.,248,1150,1398
WBGene00016789.,3,32,35
WBGene00016790.,782,12531,13313
WBGene00016791.,55,569,624
WBGene00016792.,211,1938,2149
WBGene00016793.,58,1843,1901
WBGene00016794.,109,1121,1230
WBGene00016795.,3,22,25
WBGene00016796.,64,233,297
WBGene00016797.,93,51,144
WBGene00016798.,0,4,4
WBGene00016799.,16,152,168
WBGene00016800.,8,43,51
WBGene00016801.,23,993,1016
WBGene00016803.,10,1664,1674
WBGene00016804.,0,11,11
WBGene00016805.,6,52,58
WBGene00016806.,3,246,249
WBGene00016807.,0,1,1
WBGene00016808.,109,5522,5631
WBGene00016809.,65,596,661
WBGene00016810.,27,713,740
WBGene00016811.,103,698,801
WBGene00016812.,107,789,896
WBGene00016813.,3,3,6
WBGene00016815.,2,0,2
WBGene00016816.,98,590,688
WBGene00016817.,51,271,322
WBGene00016818.,3,9,12
WBGene00016820.,2,25,27
WBGene00016821.,4,1,5
WBGene00016822.,2,1,3
WBGene00016823.,2,1,3
WBGene00016824.,0,4,4
WBGene00016825.,1,4,5
WBGene00016826.,11,1,12
WBGene00016827.,0,1,1
WBGene00016828.,8,4,12
WBGene00016829.,1,3,4
WBGene00016830.,2,5,7
WBGene00016831.,4,7,11
WBGene00016832.,5,7,12
WBGene00016833.,1,7,8
WBGene00016834.,2,1,3
WBGene00016835.,53,275,328
WBGene00016836.,180,1077,1257
WBGene00016837.,127,2853,2980
WBGene00016838.,328,3267,3595
WBGene00016839.,4,5,9
WBGene00016840.,122,773,895
WBGene00016841.,186,1450,1636
WBGene00016842.,5,177,182
WBGene00016843.,0,6,6
WBGene00016844.,93,2746,2839
WBGene00016845.,0,152,152
WBGene00016846.,181,1555,1736
WBGene00016847.,9,23,32
WBGene00016848.,52,256,308
WBGene00016849.,21,205,226
WBGene00016850.,1,52,53
WBGene00016851.,2,6,8
WBGene00016852.,0,21,21
WBGene00016853.,0,0,0
WBGene00016854.,2,10,12
WBGene00016855.,1,155,156
WBGene00016856.,5,9,14
WBGene00016857.,0,6,6
WBGene00016858.,10,23,33
WBGene00016859.,2,3,5
WBGene00016860.,48,417,465
WBGene00016861.,1,20,21
WBGene00016862.,84,558,642
WBGene00016863.,5,38,43
WBGene00016864.,2,3,5
WBGene00016865.,2,37,39
WBGene00016866.,78,331,409
WBGene00016867.,51,1290,1341
WBGene00016868.,92,337,429
WBGene00016869.,7,98,105
WBGene00016870.,1,4,5
WBGene00016871.,351,1530,1881
WBGene00016872.,14,113,127
WBGene00016873.,8,58,66
WBGene00016874.,7,32,39
WBGene00016877.,23,46,69
WBGene00016879.,138,976,1114
WBGene00016880.,0,5,5
WBGene00016881.,0,1,1
WBGene00016882.,0,0,0
WBGene00016883.,3,9,12
WBGene00016884.,0,0,0
WBGene00016885.,0,0,0
WBGene00016886.,1,1,2
WBGene00016888.,467,4183,4650
WBGene00016889.,232,2816,3048
WBGene00016890.,43,278,321
WBGene00016891.,5,4,9
WBGene00016892.,19,1618,1637
WBGene00016893.,2,8,10
WBGene00016894.,9,894,903
WBGene00016895.,0,0,0
WBGene00016896.,45,247,292
WBGene00016898.,155,2430,2585
WBGene00016899.,4,57,61
WBGene00016900.,36,107,143
WBGene00016901.,1,0,1
WBGene00016902.,540,1196,1736
WBGene00016903.,103,926,1029
WBGene00016905.,123,879,1002
WBGene00016906.,47,231,278
WBGene00016907.,20,5893,5913
WBGene00016909.,38,142,180
WBGene00016911.,47,1231,1278
WBGene00016912.,0,74,74
WBGene00016913.,206,6454,6660
WBGene00016914.,22,198,220
WBGene00016915.,17,133,150
WBGene00016916.,24,1009,1033
WBGene00016917.,8,51,59
WBGene00016918.,2101,12843,14944
WBGene00016919.,187,539,726
WBGene00016920.,84,508,592
WBGene00016921.,7,63,70
WBGene00016922.,7,30,37
WBGene00016923.,118,1767,1885
WBGene00016924.,2,2,4
WBGene00016925.,3,15,18
WBGene00016926.,4,34,38
WBGene00016927.,7,23,30
WBGene00016928.,13,24,37
WBGene00016929.,1,19,20
WBGene00016930.,51,224,275
WBGene00016931.,10,30,40
WBGene00016932.,47,81,128
WBGene00016933.,10,55,65
WBGene00016934.,72,2915,2987
WBGene00016935.,54,326,380
WBGene00016937.,29,800,829
WBGene00016938.,25,102,127
WBGene00016939.,4,16,20
WBGene00016940.,0,0,0
WBGene00016941.,3,34,37
WBGene00016942.,18,102,120
WBGene00016943.,240,13934,14174
WBGene00016944.,40,897,937
WBGene00016945.,32,131,163
WBGene00016946.,2,10,12
WBGene00016947.,21,226,247
WBGene00016948.,1,16,17
WBGene00016949.,0,1,1
WBGene00016950.,0,0,0
WBGene00016951.,44,116,160
WBGene00016953.,18,33,51
WBGene00016954.,2,3,5
WBGene00016955.,144,749,893
WBGene00016956.,8,14,22
WBGene00016957.,221,378,599
WBGene00016958.,103,794,897
WBGene00016959.,1,5,6
WBGene00016960.,53,431,484
WBGene00016961.,271,6458,6729
WBGene00016962.,3,241,244
WBGene00016963.,3,33,36
WBGene00016964.,96,1034,1130
WBGene00016965.,56,400,456
WBGene00016966.,71,715,786
WBGene00016968.,161,866,1027
WBGene00016970.,4,150,154
WBGene00016971.,75,786,861
WBGene00016972.,3,28,31
WBGene00016973.,19,175,194
WBGene00016974.,26,364,390
WBGene00016975.,154,819,973
WBGene00016976.,85,157,242
WBGene00016977.,1968,13146,15114
WBGene00016978.,75,948,1023
WBGene00016979.,23,408,431
WBGene00016980.,4,32,36
WBGene00016981.,63,4053,4116
WBGene00016982.,27,156,183
WBGene00016983.,38,588,626
WBGene00016984.,169,255,424
WBGene00016985.,0,5,5
WBGene00016987.,42,3213,3255
WBGene00016988.,283,3435,3718
WBGene00016989.,150,1506,1656
WBGene00016990.,48,2007,2055
WBGene00016992.,29,509,538
WBGene00016993.,36,323,359
WBGene00016995.,54,1145,1199
WBGene00016996.,98,870,968
WBGene00016997.,48,2065,2113
WBGene00016998.,18,259,277
WBGene00016999.,19,78,97
WBGene00017000.,16,161,177
WBGene00017001.,7,45,52
WBGene00017002.,4,369,373
WBGene00017003.,25,647,672
WBGene00017004.,103,2097,2200
WBGene00017005.,2,199,201
WBGene00017007.,94,351,445
WBGene00017009.,14,228,242
WBGene00017010.,34,388,422
WBGene00017011.,13,1288,1301
WBGene00017012.,27,160,187
WBGene00017013.,73,302,375
WBGene00017014.,23,340,363
WBGene00017015.,3,174,177
WBGene00017016.,435,4702,5137
WBGene00017017.,324,561,885
WBGene00017018.,39,767,806
WBGene00017019.,0,0,0
WBGene00017020.,10,12,22
WBGene00017021.,1,10,11
WBGene00017022.,9,150,159
WBGene00017023.,30,1214,1244
WBGene00017024.,7,18,25
WBGene00017025.,131,1452,1583
WBGene00017026.,1,1,2
WBGene00017027.,11,49,60
WBGene00017028.,84,449,533
WBGene00017029.,0,1,1
WBGene00017031.,93,746,839
WBGene00017032.,9,217,226
WBGene00017033.,14,98,112
WBGene00017034.,10,9,19
WBGene00017035.,3,9,12
WBGene00017036.,54,763,817
WBGene00017037.,236,1620,1856
WBGene00017038.,242,264,506
WBGene00017039.,75,113,188
WBGene00017040.,36,339,375
WBGene00017041.,52,292,344
WBGene00017042.,72,727,799
WBGene00017044.,139,3674,3813
WBGene00017045.,238,2071,2309
WBGene00017046.,77,700,777
WBGene00017048.,30,186,216
WBGene00017050.,45,44,89
WBGene00017051.,31,126,157
WBGene00017052.,3,24,27
WBGene00017053.,41,1177,1218
WBGene00017054.,169,2583,2752
WBGene00017055.,0,2,2
WBGene00017056.,0,1,1
WBGene00017057.,0,0,0
WBGene00017058.,0,1,1
WBGene00017059.,0,0,0
WBGene00017060.,280,26112,26392
WBGene00017061.,23,18,41
WBGene00017062.,151,1324,1475
WBGene00017063.,50,246,296
WBGene00017064.,63,1730,1793
WBGene00017065.,944,19346,20290
WBGene00017066.,442,2239,2681
WBGene00017068.,19,382,401
WBGene00017069.,65,311,376
WBGene00017070.,69,2951,3020
WBGene00017071.,21,62,83
WBGene00017072.,47,132,179
WBGene00017073.,18,116,134
WBGene00017074.,46,609,655
WBGene00017075.,205,40842,41047
WBGene00017076.,185,1472,1657
WBGene00017077.,14,102,116
WBGene00017078.,18,117,135
WBGene00017079.,22,488,510
WBGene00017080.,438,587,1025
WBGene00017082.,89,2477,2566
WBGene00017083.,20,63,83
WBGene00017084.,620,1409,2029
WBGene00017085.,247,3957,4204
WBGene00017087.,63,443,506
WBGene00017088.,123,3849,3972
WBGene00017089.,2,86,88
WBGene00017090.,7,0,7
WBGene00017091.,2,7,9
WBGene00017092.,2,6,8
WBGene00017093.,0,17,17
WBGene00017094.,3,1,4
WBGene00017095.,0,2,2
WBGene00017096.,1,1,2
WBGene00017097.,24,2,26
WBGene00017098.,322,7569,7891
WBGene00017099.,0,1,1
WBGene00017100.,1,12,13
WBGene00017101.,37,200,237
WBGene00017102.,0,3,3
WBGene00017103.,0,7,7
WBGene00017104.,0,0,0
WBGene00017105.,0,2,2
WBGene00017106.,2,16,18
WBGene00017107.,0,49,49
WBGene00017108.,16,112,128
WBGene00017109.,2,0,2
WBGene00017110.,2,3,5
WBGene00017111.,5,1,6
WBGene00017112.,2,12,14
WBGene00017113.,20,40,60
WBGene00017114.,0,0,0
WBGene00017115.,3,1,4
WBGene00017116.,1,4,5
WBGene00017117.,2,28,30
WBGene00017118.,1,2,3
WBGene00017119.,182,8544,8726
WBGene00017120.,54,225,279
WBGene00017121.,3938,101212,105150
WBGene00017122.,13,38,51
WBGene00017123.,39,486,525
WBGene00017124.,39,135,174
WBGene00017125.,183,1445,1628
WBGene00017126.,57,838,895
WBGene00017127.,722,6077,6799
WBGene00017128.,322,4111,4433
WBGene00017129.,10,195,205
WBGene00017131.,4,17,21
WBGene00017132.,289,2568,2857
WBGene00017133.,10,103,113
WBGene00017134.,2,110,112
WBGene00017135.,0,99,99
WBGene00017136.,12,22,34
WBGene00017137.,14,860,874
WBGene00017138.,157,2159,2316
WBGene00017139.,4,9,13
WBGene00017140.,0,55,55
WBGene00017141.,0,22,22
WBGene00017142.,11,370,381
WBGene00017143.,2,118,120
WBGene00017144.,87,984,1071
WBGene00017146.,41,69,110
WBGene00017147.,32,427,459
WBGene00017148.,0,52,52
WBGene00017149.,847,27524,28371
WBGene00017150.,7,450,457
WBGene00017151.,19,51,70
WBGene00017152.,0,1,1
WBGene00017153.,0,62,62
WBGene00017154.,39,914,953
WBGene00017156.,216,280,496
WBGene00017157.,275,617,892
WBGene00017158.,75,1424,1499
WBGene00017159.,375,3315,3690
WBGene00017160.,216,2175,2391
WBGene00017161.,189,1369,1558
WBGene00017162.,203,2857,3060
WBGene00017163.,177,2021,2198
WBGene00017164.,34,291,325
WBGene00017165.,327,851,1178
WBGene00017166.,664,16204,16868
WBGene00017168.,1,4,5
WBGene00017169.,22,803,825
WBGene00017170.,91,71,162
WBGene00017172.,0,2,2
WBGene00017173.,6,4,10
WBGene00017174.,3,25,28
WBGene00017175.,1,2,3
WBGene00017176.,9,174,183
WBGene00017177.,0,1,1
WBGene00017178.,36,533,569
WBGene00017179.,1,4,5
WBGene00017180.,82,513,595
WBGene00017181.,3,5,8
WBGene00017182.,2,1,3
WBGene00017183.,1,0,1
WBGene00017184.,76,972,1048
WBGene00017185.,0,0,0
WBGene00017186.,0,0,0
WBGene00017188.,0,0,0
WBGene00017189.,0,0,0
WBGene00017190.,0,53,53
WBGene00017191.,0,0,0
WBGene00017192.,0,0,0
WBGene00017193.,130,2582,2712
WBGene00017194.,22,104,126
WBGene00017195.,62,757,819
WBGene00017197.,21,361,382
WBGene00017198.,21,167,188
WBGene00017199.,1,3,4
WBGene00017200.,1,18,19
WBGene00017201.,212,4660,4872
WBGene00017202.,2,4,6
WBGene00017203.,0,3,3
WBGene00017204.,0,1,1
WBGene00017205.,3,10,13
WBGene00017207.,0,0,0
WBGene00017208.,2,10,12
WBGene00017209.,65,0,65
WBGene00017210.,461,4718,5179
WBGene00017211.,0,11,11
WBGene00017212.,1,1,2
WBGene00017213.,1,3,4
WBGene00017214.,3,5,8
WBGene00017215.,2,4,6
WBGene00017216.,11,112,123
WBGene00017217.,166,682,848
WBGene00017218.,11,34,45
WBGene00017219.,40,429,469
WBGene00017220.,137,3330,3467
WBGene00017221.,20,2,22
WBGene00017222.,1,1,2
WBGene00017223.,0,4,4
WBGene00017224.,1,0,1
WBGene00017225.,10,21,31
WBGene00017226.,7,8,15
WBGene00017227.,0,2,2
WBGene00017228.,2,6,8
WBGene00017229.,0,2,2
WBGene00017230.,9,6,15
WBGene00017231.,0,8,8
WBGene00017232.,0,1,1
WBGene00017233.,7,14,21
WBGene00017235.,104,202,306
WBGene00017236.,15,143,158
WBGene00017237.,92,678,770
WBGene00017238.,156,5206,5362
WBGene00017239.,159,924,1083
WBGene00017240.,106,1399,1505
WBGene00017241.,224,1901,2125
WBGene00017243.,3,29,32
WBGene00017244.,279,2220,2499
WBGene00017245.,260,3235,3495
WBGene00017246.,42,310,352
WBGene00017247.,40,184,224
WBGene00017248.,3,0,3
WBGene00017249.,1,3,4
WBGene00017250.,33,409,442
WBGene00017251.,1,2,3
WBGene00017252.,2,5,7
WBGene00017253.,0,1,1
WBGene00017254.,0,1,1
WBGene00017255.,17,84,101
WBGene00017257.,2,57,59
WBGene00017258.,12,56,68
WBGene00017259.,2,24,26
WBGene00017260.,36,256,292
WBGene00017261.,86,963,1049
WBGene00017262.,425,3385,3810
WBGene00017263.,1,5,6
WBGene00017264.,1,2,3
WBGene00017265.,12,117,129
WBGene00017266.,231,1576,1807
WBGene00017267.,0,1,1
WBGene00017268.,101,1664,1765
WBGene00017269.,154,534,688
WBGene00017270.,0,0,0
WBGene00017271.,9,19,28
WBGene00017272.,59,865,924
WBGene00017273.,134,758,892
WBGene00017274.,439,2709,3148
WBGene00017275.,181,1517,1698
WBGene00017277.,2,6,8
WBGene00017278.,8,27,35
WBGene00017279.,3,3,6
WBGene00017280.,515,1598,2113
WBGene00017281.,8,15,23
WBGene00017282.,17,585,602
WBGene00017283.,161,2523,2684
WBGene00017284.,240,1232,1472
WBGene00017285.,21,1330,1351
WBGene00017286.,405,2696,3101
WBGene00017287.,6,147,153
WBGene00017288.,5,182,187
WBGene00017289.,13,1504,1517
WBGene00017290.,16,170,186
WBGene00017291.,40,629,669
WBGene00017292.,98,1729,1827
WBGene00017293.,6,728,734
WBGene00017294.,32,180,212
WBGene00017295.,76,28,104
WBGene00017296.,34,82,116
WBGene00017297.,148,4943,5091
WBGene00017298.,273,1883,2156
WBGene00017299.,155,1351,1506
WBGene00017300.,486,4513,4999
WBGene00017301.,250,12020,12270
WBGene00017302.,72,247,319
WBGene00017303.,408,5105,5513
WBGene00017304.,72,2477,2549
WBGene00017305.,13,553,566
WBGene00017306.,24,289,313
WBGene00017307.,21,313,334
WBGene00017308.,23,72,95
WBGene00017309.,76,74,150
WBGene00017310.,38,447,485
WBGene00017311.,37,3889,3926
WBGene00017312.,3,29,32
WBGene00017313.,186,1942,2128
WBGene00017314.,170,1229,1399
WBGene00017315.,1,6,7
WBGene00017316.,119,500,619
WBGene00017317.,1868,14356,16224
WBGene00017319.,421,3777,4198
WBGene00017320.,19,216,235
WBGene00017321.,34,2065,2099
WBGene00017322.,9,24,33
WBGene00017323.,21,78,99
WBGene00017324.,0,2,2
WBGene00017325.,2,1,3
WBGene00017326.,15,235,250
WBGene00017327.,1,36,37
WBGene00017328.,25,903,928
WBGene00017329.,24,175,199
WBGene00017330.,3,14,17
WBGene00017331.,112,612,724
WBGene00017332.,418,811,1229
WBGene00017333.,0,7,7
WBGene00017334.,6,24,30
WBGene00017335.,40,380,420
WBGene00017336.,83,531,614
WBGene00017338.,28,161,189
WBGene00017339.,113,610,723
WBGene00017340.,12,121,133
WBGene00017341.,8,8,16
WBGene00017342.,111,1007,1118
WBGene00017343.,5,2,7
WBGene00017344.,46,1459,1505
WBGene00017345.,0,1,1
WBGene00017347.,79,8373,8452
WBGene00017348.,2,1268,1270
WBGene00017349.,127,2914,3041
WBGene00017350.,186,1706,1892
WBGene00017351.,6,31,37
WBGene00017352.,87,153,240
WBGene00017353.,49,417,466
WBGene00017354.,4,12,16
WBGene00017355.,28,881,909
WBGene00017356.,372,2511,2883
WBGene00017357.,126,1501,1627
WBGene00017358.,7,490,497
WBGene00017359.,7,80,87
WBGene00017360.,279,2461,2740
WBGene00017361.,4,65,69
WBGene00017362.,363,6448,6811
WBGene00017363.,157,2896,3053
WBGene00017364.,0,7,7
WBGene00017365.,0,6,6
WBGene00017366.,4,64,68
WBGene00017367.,11,181,192
WBGene00017369.,43,854,897
WBGene00017370.,2,3,5
WBGene00017371.,12,83,95
WBGene00017372.,488,2095,2583
WBGene00017373.,171,1724,1895
WBGene00017374.,641,7913,8554
WBGene00017375.,48,237,285
WBGene00017376.,1334,22722,24056
WBGene00017378.,6,44,50
WBGene00017379.,497,9743,10240
WBGene00017380.,264,1288,1552
WBGene00017381.,65,751,816
WBGene00017382.,3,1,4
WBGene00017383.,5,2,7
WBGene00017384.,4,6,10
WBGene00017385.,22,1551,1573
WBGene00017386.,0,292,292
WBGene00017387.,0,1,1
WBGene00017388.,0,7,7
WBGene00017389.,428,620,1048
WBGene00017390.,27,359,386
WBGene00017391.,1,3,4
WBGene00017392.,0,5,5
WBGene00017393.,2,3,5
WBGene00017394.,115,567,682
WBGene00017395.,0,3,3
WBGene00017396.,15,11,26
WBGene00017397.,85,492,577
WBGene00017398.,7,16,23
WBGene00017399.,13,13,26
WBGene00017400.,34,255,289
WBGene00017401.,0,0,0
WBGene00017402.,0,0,0
WBGene00017403.,3,1,4
WBGene00017404.,1,1,2
WBGene00017405.,0,1,1
WBGene00017406.,1,2,3
WBGene00017407.,0,2,2
WBGene00017408.,0,0,0
WBGene00017410.,5,18,23
WBGene00017411.,2,168,170
WBGene00017412.,3,0,3
WBGene00017413.,2,2,4
WBGene00017414.,0,0,0
WBGene00017415.,0,0,0
WBGene00017416.,2,138,140
WBGene00017417.,6,113,119
WBGene00017418.,164,1894,2058
WBGene00017419.,187,3675,3862
WBGene00017420.,47,205,252
WBGene00017421.,131,329,460
WBGene00017422.,7,278,285
WBGene00017423.,456,7950,8406
WBGene00017424.,19,30,49
WBGene00017426.,80,847,927
WBGene00017427.,15,50,65
WBGene00017428.,439,4673,5112
WBGene00017429.,111,560,671
WBGene00017430.,171,2137,2308
WBGene00017431.,141,949,1090
WBGene00017432.,63,129,192
WBGene00017433.,35,192,227
WBGene00017434.,14,156,170
WBGene00017435.,183,2541,2724
WBGene00017436.,2,40,42
WBGene00017437.,19,162,181
WBGene00017438.,12,162,174
WBGene00017439.,13,143,156
WBGene00017440.,1328,26834,28162
WBGene00017441.,11,65,76
WBGene00017442.,22,290,312
WBGene00017443.,1,33,34
WBGene00017444.,4,2,6
WBGene00017445.,173,1509,1682
WBGene00017446.,2,53,55
WBGene00017447.,24,145,169
WBGene00017448.,49,411,460
WBGene00017449.,22,74,96
WBGene00017450.,12,106,118
WBGene00017451.,0,1,1
WBGene00017452.,86,62,148
WBGene00017453.,4,17,21
WBGene00017454.,3,2,5
WBGene00017455.,0,3,3
WBGene00017456.,21,28,49
WBGene00017459.,14,175,189
WBGene00017460.,3,145,148
WBGene00017461.,5,144,149
WBGene00017462.,4,210,214
WBGene00017463.,86,400,486
WBGene00017464.,36,227,263
WBGene00017465.,1,5,6
WBGene00017466.,1,20,21
WBGene00017467.,10,157,167
WBGene00017468.,14,64,78
WBGene00017469.,11,121,132
WBGene00017470.,2,1,3
WBGene00017471.,9,256,265
WBGene00017472.,147,1920,2067
WBGene00017473.,3,67,70
WBGene00017474.,1,15,16
WBGene00017475.,1,5,6
WBGene00017476.,3,6,9
WBGene00017478.,79,747,826
WBGene00017480.,230,1523,1753
WBGene00017481.,1,124,125
WBGene00017482.,16,491,507
WBGene00017483.,6,121,127
WBGene00017484.,62,2001,2063
WBGene00017485.,26,389,415
WBGene00017486.,0,95,95
WBGene00017487.,62,248,310
WBGene00017488.,43,358,401
WBGene00017489.,36,53,89
WBGene00017490.,0,0,0
WBGene00017491.,0,1,1
WBGene00017492.,2,0,2
WBGene00017493.,2,6,8
WBGene00017494.,4,4,8
WBGene00017496.,1,0,1
WBGene00017497.,3,0,3
WBGene00017498.,8,144,152
WBGene00017499.,0,0,0
WBGene00017500.,0,0,0
WBGene00017501.,0,242,242
WBGene00017502.,0,107,107
WBGene00017503.,30,250,280
WBGene00017504.,23,102,125
WBGene00017505.,0,1,1
WBGene00017506.,166,3273,3439
WBGene00017507.,73,307,380
WBGene00017508.,22,136,158
WBGene00017509.,21,120,141
WBGene00017510.,41,75,116
WBGene00017511.,8,12,20
WBGene00017512.,4,85,89
WBGene00017513.,97,654,751
WBGene00017514.,196,3225,3421
WBGene00017515.,29,157,186
WBGene00017516.,1,3,4
WBGene00017517.,1,1,2
WBGene00017518.,3,1,4
WBGene00017519.,0,2,2
WBGene00017520.,0,0,0
WBGene00017521.,0,1,1
WBGene00017522.,0,1,1
WBGene00017523.,1,1,2
WBGene00017524.,2,7,9
WBGene00017525.,2,0,2
WBGene00017526.,2,0,2
WBGene00017527.,0,1,1
WBGene00017528.,0,0,0
WBGene00017529.,1,8,9
WBGene00017530.,87,555,642
WBGene00017532.,3,5,8
WBGene00017533.,2,3,5
WBGene00017534.,156,1626,1782
WBGene00017535.,54,844,898
WBGene00017536.,21,681,702
WBGene00017537.,27,355,382
WBGene00017538.,8,139,147
WBGene00017539.,0,0,0
WBGene00017540.,2,5,7
WBGene00017541.,6,4,10
WBGene00017542.,0,5,5
WBGene00017543.,12,24,36
WBGene00017544.,7,39,46
WBGene00017545.,21,72,93
WBGene00017546.,171,3531,3702
WBGene00017547.,74,577,651
WBGene00017548.,51,285,336
WBGene00017549.,113,564,677
WBGene00017550.,10,2,12
WBGene00017551.,0,0,0
WBGene00017552.,1,0,1
WBGene00017553.,1,3,4
WBGene00017554.,4,3,7
WBGene00017555.,0,2,2
WBGene00017556.,4,11,15
WBGene00017557.,46,1130,1176
WBGene00017559.,1,4,5
WBGene00017560.,6,23,29
WBGene00017562.,1,2,3
WBGene00017563.,134,529,663
WBGene00017564.,0,1,1
WBGene00017565.,3065,4623,7688
WBGene00017566.,4,6,10
WBGene00017567.,0,1341,1341
WBGene00017568.,59,787,846
WBGene00017569.,49,774,823
WBGene00017570.,67,257,324
WBGene00017571.,51,1626,1677
WBGene00017573.,2,8,10
WBGene00017574.,12,229,241
WBGene00017576.,94,186,280
WBGene00017577.,13,140,153
WBGene00017578.,13,32,45
WBGene00017579.,2,95,97
WBGene00017580.,84,230,314
WBGene00017581.,1,15,16
WBGene00017582.,27,542,569
WBGene00017583.,35,748,783
WBGene00017584.,0,11,11
WBGene00017585.,1,0,1
WBGene00017586.,7,54,61
WBGene00017587.,1,2,3
WBGene00017588.,0,0,0
WBGene00017589.,3,96,99
WBGene00017590.,1,1,2
WBGene00017591.,71,921,992
WBGene00017592.,1,8,9
WBGene00017593.,3,7,10
WBGene00017594.,2,8,10
WBGene00017597.,324,675,999
WBGene00017598.,0,3,3
WBGene00017599.,0,510,510
WBGene00017600.,90,1034,1124
WBGene00017601.,2,3,5
WBGene00017602.,3,2,5
WBGene00017603.,5,1,6
WBGene00017605.,1080,9667,10747
WBGene00017606.,32,665,697
WBGene00017607.,83,704,787
WBGene00017608.,212,1104,1316
WBGene00017609.,0,0,0
WBGene00017610.,1,1,2
WBGene00017611.,5,43,48
WBGene00017612.,0,0,0
WBGene00017613.,1974,61464,63438
WBGene00017614.,4,33,37
WBGene00017615.,1,15,16
WBGene00017616.,26,164,190
WBGene00017618.,484,522,1006
WBGene00017619.,7,31,38
WBGene00017620.,162,1220,1382
WBGene00017621.,168,6435,6603
WBGene00017625.,20,8,28
WBGene00017627.,0,5,5
WBGene00017628.,131,197,328
WBGene00017629.,2,2,4
WBGene00017630.,0,0,0
WBGene00017631.,0,10,10
WBGene00017632.,34,56,90
WBGene00017633.,28,37,65
WBGene00017634.,3,14,17
WBGene00017635.,91,81,172
WBGene00017636.,2,6,8
WBGene00017637.,64,567,631
WBGene00017638.,0,11,11
WBGene00017639.,355,1546,1901
WBGene00017640.,165,1197,1362
WBGene00017641.,1,68,69
WBGene00017642.,235,2555,2790
WBGene00017643.,107,1579,1686
WBGene00017644.,513,2958,3471
WBGene00017645.,3,31,34
WBGene00017646.,118,576,694
WBGene00017647.,88,118,206
WBGene00017648.,6,51,57
WBGene00017650.,3,115,118
WBGene00017651.,60,132,192
WBGene00017652.,2,9,11
WBGene00017653.,285,2569,2854
WBGene00017654.,5,38,43
WBGene00017655.,1,6,7
WBGene00017656.,19,82,101
WBGene00017657.,731,7982,8713
WBGene00017658.,17,248,265
WBGene00017659.,47,2108,2155
WBGene00017660.,9,59,68
WBGene00017661.,4,231,235
WBGene00017662.,8,16,24
WBGene00017663.,310,3256,3566
WBGene00017664.,20,59,79
WBGene00017666.,10,82,92
WBGene00017667.,7,41,48
WBGene00017668.,4,5,9
WBGene00017670.,13,1,14
WBGene00017671.,376,16692,17068
WBGene00017672.,0,2,2
WBGene00017673.,4,62,66
WBGene00017674.,3,100,103
WBGene00017675.,242,5339,5581
WBGene00017676.,114,1609,1723
WBGene00017677.,0,2,2
WBGene00017678.,5,57,62
WBGene00017679.,0,0,0
WBGene00017680.,0,1,1
WBGene00017681.,6,55,61
WBGene00017683.,54,1009,1063
WBGene00017684.,0,4,4
WBGene00017685.,1,5,6
WBGene00017686.,170,1832,2002
WBGene00017687.,25,349,374
WBGene00017688.,82,1492,1574
WBGene00017690.,62,102,164
WBGene00017691.,159,2432,2591
WBGene00017692.,36,177,213
WBGene00017693.,2,3,5
WBGene00017694.,1,4,5
WBGene00017695.,1,4,5
WBGene00017696.,32,1143,1175
WBGene00017698.,109,1380,1489
WBGene00017699.,1470,3677,5147
WBGene00017700.,33,116,149
WBGene00017701.,4,18,22
WBGene00017702.,109,839,948
WBGene00017703.,16,47,63
WBGene00017704.,0,0,0
WBGene00017705.,2,11,13
WBGene00017706.,2,34,36
WBGene00017707.,0,1,1
WBGene00017708.,17,226,243
WBGene00017709.,1,8,9
WBGene00017710.,3,92,95
WBGene00017711.,15,287,302
WBGene00017712.,0,9,9
WBGene00017713.,1,3,4
WBGene00017714.,5,104,109
WBGene00017715.,23,359,382
WBGene00017716.,29,164,193
WBGene00017717.,11,257,268
WBGene00017718.,0,11,11
WBGene00017719.,324,2873,3197
WBGene00017720.,79,166,245
WBGene00017721.,10,52,62
WBGene00017722.,4,6,10
WBGene00017723.,19,26,45
WBGene00017724.,230,1261,1491
WBGene00017725.,0,2,2
WBGene00017726.,0,619,619
WBGene00017727.,0,3212,3212
WBGene00017729.,1,2,3
WBGene00017730.,6,121,127
WBGene00017731.,7,62,69
WBGene00017732.,75,627,702
WBGene00017733.,144,1301,1445
WBGene00017734.,124,13693,13817
WBGene00017735.,296,5522,5818
WBGene00017736.,3,60,63
WBGene00017737.,3,14,17
WBGene00017738.,108,919,1027
WBGene00017739.,4,25,29
WBGene00017741.,166,932,1098
WBGene00017742.,102,1135,1237
WBGene00017743.,1,4,5
WBGene00017744.,90,778,868
WBGene00017745.,182,1647,1829
WBGene00017746.,354,1151,1505
WBGene00017747.,22,250,272
WBGene00017748.,164,2367,2531
WBGene00017749.,81,1520,1601
WBGene00017750.,81,401,482
WBGene00017751.,16,18,34
WBGene00017752.,6,2,8
WBGene00017754.,8,53,61
WBGene00017755.,91,4553,4644
WBGene00017756.,165,1886,2051
WBGene00017757.,44,2381,2425
WBGene00017758.,100,582,682
WBGene00017759.,7,2751,2758
WBGene00017760.,136,1949,2085
WBGene00017761.,321,248,569
WBGene00017762.,321,423,744
WBGene00017763.,247,1662,1909
WBGene00017764.,3,8,11
WBGene00017765.,147,2936,3083
WBGene00017766.,159,987,1146
WBGene00017767.,64,660,724
WBGene00017768.,173,1476,1649
WBGene00017769.,82,1575,1657
WBGene00017770.,112,1610,1722
WBGene00017771.,44,333,377
WBGene00017772.,623,9933,10556
WBGene00017773.,175,2517,2692
WBGene00017774.,37,696,733
WBGene00017775.,238,3565,3803
WBGene00017776.,59,1088,1147
WBGene00017777.,18,2863,2881
WBGene00017778.,379,2790,3169
WBGene00017779.,68,318,386
WBGene00017780.,53,267,320
WBGene00017781.,331,1538,1869
WBGene00017782.,53,646,699
WBGene00017783.,7,130,137
WBGene00017784.,0,2,2
WBGene00017785.,1,70,71
WBGene00017786.,39,129,168
WBGene00017787.,7,134,141
WBGene00017788.,1,29,30
WBGene00017789.,131,2347,2478
WBGene00017790.,3,34,37
WBGene00017791.,0,1,1
WBGene00017792.,17,221,238
WBGene00017794.,29,367,396
WBGene00017795.,215,799,1014
WBGene00017796.,0,149,149
WBGene00017797.,375,2200,2575
WBGene00017798.,19,123,142
WBGene00017799.,41,1786,1827
WBGene00017800.,53,1079,1132
WBGene00017801.,116,1021,1137
WBGene00017802.,0,10,10
WBGene00017803.,4,27,31
WBGene00017805.,68,118,186
WBGene00017806.,11,316,327
WBGene00017807.,10,23,33
WBGene00017808.,0,18,18
WBGene00017809.,2,1,3
WBGene00017810.,1,12,13
WBGene00017811.,116,1410,1526
WBGene00017813.,18,835,853
WBGene00017814.,122,505,627
WBGene00017815.,227,1027,1254
WBGene00017816.,46,2484,2530
WBGene00017817.,0,2,2
WBGene00017818.,276,570,846
WBGene00017819.,8,13,21
WBGene00017821.,9,17,26
WBGene00017822.,7,14,21
WBGene00017823.,17,235,252
WBGene00017824.,7,9,16
WBGene00017825.,43,1096,1139
WBGene00017826.,116,975,1091
WBGene00017827.,44,372,416
WBGene00017828.,38,949,987
WBGene00017829.,373,1182,1555
WBGene00017830.,31,4723,4754
WBGene00017831.,95,558,653
WBGene00017832.,47,756,803
WBGene00017833.,54,218,272
WBGene00017834.,385,6504,6889
WBGene00017835.,14,164,178
WBGene00017836.,28,318,346
WBGene00017837.,76,780,856
WBGene00017838.,237,1546,1783
WBGene00017839.,0,2,2
WBGene00017840.,55,232,287
WBGene00017841.,2,371,373
WBGene00017842.,37,339,376
WBGene00017843.,1,4,5
WBGene00017845.,1,1,2
WBGene00017848.,0,23,23
WBGene00017849.,36,238,274
WBGene00017850.,187,1621,1808
WBGene00017851.,0,1,1
WBGene00017852.,100,4702,4802
WBGene00017853.,6,6,12
WBGene00017854.,0,150,150
WBGene00017855.,569,3712,4281
WBGene00017858.,55,158,213
WBGene00017860.,22,12,34
WBGene00017861.,23,185,208
WBGene00017864.,377,15824,16201
WBGene00017865.,14,63,77
WBGene00017866.,632,2625,3257
WBGene00017867.,3,7,10
WBGene00017868.,12,42,54
WBGene00017869.,1,1,2
WBGene00017870.,3,3,6
WBGene00017871.,1,8,9
WBGene00017872.,0,4,4
WBGene00017873.,0,15,15
WBGene00017874.,454,6752,7206
WBGene00017875.,0,38,38
WBGene00017876.,0,0,0
WBGene00017877.,2,2,4
WBGene00017878.,0,7,7
WBGene00017879.,10,24,34
WBGene00017880.,17,249,266
WBGene00017881.,10,94,104
WBGene00017885.,578,2623,3201
WBGene00017886.,29,229,258
WBGene00017887.,39,1833,1872
WBGene00017888.,96,714,810
WBGene00017889.,107,2470,2577
WBGene00017890.,1,4,5
WBGene00017891.,215,756,971
WBGene00017892.,72,633,705
WBGene00017893.,8,89,97
WBGene00017894.,222,1124,1346
WBGene00017895.,31,1418,1449
WBGene00017896.,0,2,2
WBGene00017898.,143,424,567
WBGene00017899.,5,3,8
WBGene00017900.,394,2651,3045
WBGene00017901.,62,595,657
WBGene00017902.,4,6,10
WBGene00017904.,501,1222,1723
WBGene00017905.,4,110,114
WBGene00017906.,78,235,313
WBGene00017907.,221,707,928
WBGene00017908.,0,24,24
WBGene00017909.,59,56,115
WBGene00017910.,5,18,23
WBGene00017911.,1,4,5
WBGene00017912.,5,6,11
WBGene00017913.,0,1,1
WBGene00017914.,35,704,739
WBGene00017916.,221,1219,1440
WBGene00017917.,1,0,1
WBGene00017918.,1,2,3
WBGene00017919.,56,467,523
WBGene00017920.,230,3818,4048
WBGene00017921.,88,1493,1581
WBGene00017922.,4,11,15
WBGene00017923.,38,2390,2428
WBGene00017924.,111,1525,1636
WBGene00017925.,2486,35860,38346
WBGene00017926.,1661,46338,47999
WBGene00017927.,0,3,3
WBGene00017928.,69,1120,1189
WBGene00017929.,1272,1581,2853
WBGene00017930.,0,24,24
WBGene00017931.,155,749,904
WBGene00017933.,0,15,15
WBGene00017934.,88,728,816
WBGene00017935.,1,1,2
WBGene00017936.,38,407,445
WBGene00017937.,5,370,375
WBGene00017938.,12,362,374
WBGene00017939.,64,243,307
WBGene00017941.,37,176,213
WBGene00017942.,2,5,7
WBGene00017944.,4,10,14
WBGene00017945.,37,465,502
WBGene00017947.,14,43,57
WBGene00017948.,23,68,91
WBGene00017949.,15,61,76
WBGene00017950.,37,218,255
WBGene00017951.,60,784,844
WBGene00017952.,458,1318,1776
WBGene00017954.,26,905,931
WBGene00017955.,1,7,8
WBGene00017956.,1,11,12
WBGene00017957.,2,28,30
WBGene00017959.,9,115,124
WBGene00017960.,35,162,197
WBGene00017961.,15,140,155
WBGene00017962.,14,93,107
WBGene00017963.,2,17,19
WBGene00017964.,8,590,598
WBGene00017965.,4,61,65
WBGene00017967.,145,2222,2367
WBGene00017968.,81,969,1050
WBGene00017969.,12,246,258
WBGene00017970.,95,3851,3946
WBGene00017971.,57,62,119
WBGene00017973.,211,677,888
WBGene00017974.,18,271,289
WBGene00017975.,1,6,7
WBGene00017976.,89,459,548
WBGene00017977.,3,149,152
WBGene00017978.,0,69,69
WBGene00017979.,212,5321,5533
WBGene00017980.,284,2658,2942
WBGene00017981.,45,872,917
WBGene00017982.,1769,15419,17188
WBGene00017983.,284,373,657
WBGene00017984.,65,22611,22676
WBGene00017985.,14,919,933
WBGene00017986.,15,105,120
WBGene00017987.,2,5,7
WBGene00017988.,19,2963,2982
WBGene00017989.,83,1657,1740
WBGene00017990.,73,1933,2006
WBGene00017991.,75,630,705
WBGene00017992.,69,468,537
WBGene00017993.,214,10410,10624
WBGene00017995.,1008,6214,7222
WBGene00017996.,83,1341,1424
WBGene00017997.,481,3401,3882
WBGene00017998.,17,390,407
WBGene00017999.,38,10,48
WBGene00018000.,5,0,5
WBGene00018001.,3,2,5
WBGene00018002.,79,322,401
WBGene00018003.,2,3,5
WBGene00018004.,4,9,13
WBGene00018005.,61,501,562
WBGene00018006.,44,685,729
WBGene00018007.,24,1836,1860
WBGene00018008.,79,3757,3836
WBGene00018009.,86,925,1011
WBGene00018010.,24,139,163
WBGene00018011.,33,548,581
WBGene00018013.,147,1045,1192
WBGene00018014.,84,385,469
WBGene00018015.,33,443,476
WBGene00018016.,29,229,258
WBGene00018017.,32,2427,2459
WBGene00018018.,76,2413,2489
WBGene00018019.,0,0,0
WBGene00018021.,2,11,13
WBGene00018022.,17,40,57
WBGene00018023.,30,115,145
WBGene00018024.,288,8737,9025
WBGene00018025.,67,1354,1421
WBGene00018026.,15,46,61
WBGene00018027.,1,7,8
WBGene00018030.,13,4,17
WBGene00018031.,3,128,131
WBGene00018033.,1214,3958,5172
WBGene00018034.,3,1,4
WBGene00018035.,2,9,11
WBGene00018036.,4,59,63
WBGene00018037.,28,157,185
WBGene00018038.,12,1,13
WBGene00018039.,5,3,8
WBGene00018040.,2,27,29
WBGene00018041.,12,163,175
WBGene00018042.,21,179,200
WBGene00018043.,30,180,210
WBGene00018044.,9,280,289
WBGene00018045.,4,1518,1522
WBGene00018046.,162,4714,4876
WBGene00018047.,8,19,27
WBGene00018048.,2,6,8
WBGene00018049.,3,6,9
WBGene00018050.,34,195,229
WBGene00018051.,192,1117,1309
WBGene00018052.,51,370,421
WBGene00018053.,1,6,7
WBGene00018054.,11,25,36
WBGene00018055.,4,19,23
WBGene00018056.,4,19,23
WBGene00018057.,2,9,11
WBGene00018058.,4,1,5
WBGene00018059.,8,6,14
WBGene00018060.,52,906,958
WBGene00018061.,61,503,564
WBGene00018062.,0,1,1
WBGene00018063.,0,4,4
WBGene00018064.,261,2147,2408
WBGene00018065.,7,21,28
WBGene00018066.,0,52,52
WBGene00018067.,33,440,473
WBGene00018068.,4,1115,1119
WBGene00018069.,82,472,554
WBGene00018070.,14,247,261
WBGene00018071.,16,566,582
WBGene00018072.,96,550,646
WBGene00018073.,58,1567,1625
WBGene00018074.,99,650,749
WBGene00018075.,360,1535,1895
WBGene00018076.,59,384,443
WBGene00018077.,4,192,196
WBGene00018078.,14,709,723
WBGene00018080.,1,1,2
WBGene00018081.,0,3,3
WBGene00018082.,0,5,5
WBGene00018083.,4,12,16
WBGene00018084.,44,29,73
WBGene00018085.,6,164,170
WBGene00018087.,25,70,95
WBGene00018088.,133,656,789
WBGene00018089.,169,305,474
WBGene00018090.,138,2216,2354
WBGene00018091.,0,12,12
WBGene00018092.,3,14,17
WBGene00018093.,3,1,4
WBGene00018094.,8,2,10
WBGene00018096.,3,3,6
WBGene00018097.,0,0,0
WBGene00018098.,0,0,0
WBGene00018099.,16,159,175
WBGene00018100.,1,24,25
WBGene00018101.,6,8,14
WBGene00018102.,3,7,10
WBGene00018103.,0,2,2
WBGene00018104.,0,14,14
WBGene00018105.,1,1,2
WBGene00018106.,0,0,0
WBGene00018107.,0,0,0
WBGene00018108.,0,0,0
WBGene00018109.,0,0,0
WBGene00018110.,5,2,7
WBGene00018111.,18,18,36
WBGene00018112.,46,417,463
WBGene00018113.,17,131,148
WBGene00018114.,18,19,37
WBGene00018115.,22,334,356
WBGene00018117.,34,1937,1971
WBGene00018118.,9,99,108
WBGene00018119.,0,4,4
WBGene00018120.,1,0,1
WBGene00018121.,1,16,17
WBGene00018122.,0,0,0
WBGene00018123.,0,0,0
WBGene00018124.,0,0,0
WBGene00018125.,0,1,1
WBGene00018127.,2,1,3
WBGene00018130.,11,5,16
WBGene00018131.,178,1510,1688
WBGene00018132.,132,2620,2752
WBGene00018133.,23,283,306
WBGene00018134.,3,8,11
WBGene00018135.,0,6,6
WBGene00018136.,9,58,67
WBGene00018137.,10,434,444
WBGene00018138.,50,362,412
WBGene00018139.,2,2,4
WBGene00018140.,54,454,508
WBGene00018141.,1,0,1
WBGene00018142.,5,28,33
WBGene00018143.,4,11,15
WBGene00018144.,163,972,1135
WBGene00018145.,398,5877,6275
WBGene00018146.,6,89,95
WBGene00018148.,14,2,16
WBGene00018149.,257,1324,1581
WBGene00018150.,57,683,740
WBGene00018151.,893,6546,7439
WBGene00018152.,53,3394,3447
WBGene00018153.,10,56,66
WBGene00018154.,110,1399,1509
WBGene00018155.,2,21,23
WBGene00018156.,214,2857,3071
WBGene00018157.,3,22,25
WBGene00018158.,4,27,31
WBGene00018159.,689,4164,4853
WBGene00018160.,47,1270,1317
WBGene00018161.,92,2386,2478
WBGene00018162.,0,2,2
WBGene00018163.,5,7,12
WBGene00018164.,1,2704,2705
WBGene00018165.,3,6,9
WBGene00018166.,15,155,170
WBGene00018167.,2,94,96
WBGene00018168.,11,1,12
WBGene00018169.,0,0,0
WBGene00018170.,0,138,138
WBGene00018172.,11,22,33
WBGene00018173.,25,160,185
WBGene00018174.,16,46,62
WBGene00018175.,208,699,907
WBGene00018176.,3,7,10
WBGene00018178.,4,2,6
WBGene00018179.,4,18,22
WBGene00018180.,54,47,101
WBGene00018181.,62,1871,1933
WBGene00018182.,1,1,2
WBGene00018184.,12,258,270
WBGene00018186.,0,13,13
WBGene00018187.,2763,7217,9980
WBGene00018188.,156,1211,1367
WBGene00018189.,4,26,30
WBGene00018190.,0,1,1
WBGene00018191.,173,188,361
WBGene00018192.,0,0,0
WBGene00018193.,109,3063,3172
WBGene00018194.,6,105,111
WBGene00018195.,2,17,19
WBGene00018196.,6,4,10
WBGene00018198.,155,85,240
WBGene00018199.,44,975,1019
WBGene00018200.,3,12,15
WBGene00018201.,2,246,248
WBGene00018202.,0,0,0
WBGene00018203.,1,34,35
WBGene00018204.,49,408,457
WBGene00018205.,2,0,2
WBGene00018206.,33,532,565
WBGene00018207.,9,50,59
WBGene00018208.,44,1678,1722
WBGene00018209.,6,1,7
WBGene00018210.,2,92,94
WBGene00018211.,18,18,36
WBGene00018212.,48,505,553
WBGene00018213.,11,99,110
WBGene00018214.,280,4235,4515
WBGene00018215.,42,426,468
WBGene00018216.,271,651,922
WBGene00018217.,1340,3122,4462
WBGene00018218.,43,5317,5360
WBGene00018219.,53,476,529
WBGene00018221.,970,11126,12096
WBGene00018222.,42,207,249
WBGene00018223.,6,70,76
WBGene00018224.,16,29,45
WBGene00018225.,9,3,12
WBGene00018226.,70,501,571
WBGene00018227.,7,17,24
WBGene00018228.,0,0,0
WBGene00018229.,0,7,7
WBGene00018230.,14,1351,1365
WBGene00018231.,2,5,7
WBGene00018232.,191,75,266
WBGene00018233.,0,16,16
WBGene00018234.,0,11,11
WBGene00018235.,3,8,11
WBGene00018236.,0,11,11
WBGene00018237.,100,1195,1295
WBGene00018238.,95,1996,2091
WBGene00018239.,48,592,640
WBGene00018240.,215,1569,1784
WBGene00018241.,5,29,34
WBGene00018242.,5,16,21
WBGene00018243.,0,0,0
WBGene00018244.,0,0,0
WBGene00018245.,0,1,1
WBGene00018246.,0,0,0
WBGene00018247.,2,1,3
WBGene00018248.,5,4,9
WBGene00018249.,205,2953,3158
WBGene00018250.,75,1004,1079
WBGene00018251.,53,272,325
WBGene00018252.,9,162,171
WBGene00018253.,9,35,44
WBGene00018254.,3,8,11
WBGene00018255.,30,27,57
WBGene00018256.,12,147,159
WBGene00018257.,169,4027,4196
WBGene00018258.,101,969,1070
WBGene00018259.,245,1726,1971
WBGene00018260.,23,172,195
WBGene00018261.,24,143,167
WBGene00018262.,7,61,68
WBGene00018264.,1,10,11
WBGene00018265.,96,640,736
WBGene00018266.,24,502,526
WBGene00018267.,2,6,8
WBGene00018268.,5,437,442
WBGene00018269.,113,795,908
WBGene00018270.,36,1942,1978
WBGene00018271.,482,137671,138153
WBGene00018273.,379,574,953
WBGene00018274.,90,385,475
WBGene00018275.,112,415,527
WBGene00018278.,0,1,1
WBGene00018279.,0,7,7
WBGene00018280.,3,8,11
WBGene00018281.,51,461,512
WBGene00018282.,49,872,921
WBGene00018283.,10,45,55
WBGene00018284.,4,7,11
WBGene00018285.,954,6909,7863
WBGene00018286.,26,142,168
WBGene00018288.,13,165,178
WBGene00018289.,12,13,25
WBGene00018290.,169,6325,6494
WBGene00018291.,8,6,14
WBGene00018292.,0,138,138
WBGene00018293.,104,731,835
WBGene00018294.,54,2720,2774
WBGene00018295.,2,37,39
WBGene00018296.,0,0,0
WBGene00018297.,0,11197,11197
WBGene00018298.,401,7273,7674
WBGene00018300.,6,66,72
WBGene00018301.,8,23,31
WBGene00018302.,23,413,436
WBGene00018303.,576,8416,8992
WBGene00018304.,169,698,867
WBGene00018305.,244,2539,2783
WBGene00018307.,20,206,226
WBGene00018309.,8,86,94
WBGene00018310.,11,232,243
WBGene00018311.,73,1080,1153
WBGene00018312.,6,13,19
WBGene00018313.,8,26,34
WBGene00018314.,4,19,23
WBGene00018315.,5,11,16
WBGene00018316.,51,1379,1430
WBGene00018317.,86,1952,2038
WBGene00018318.,4,229,233
WBGene00018319.,347,1516,1863
WBGene00018321.,8,400,408
WBGene00018322.,0,1,1
WBGene00018323.,11,5,16
WBGene00018324.,2,6,8
WBGene00018325.,10,11,21
WBGene00018326.,2,18,20
WBGene00018327.,1,11,12
WBGene00018328.,189,731,920
WBGene00018329.,4,2,6
WBGene00018330.,56,989,1045
WBGene00018332.,3,2,5
WBGene00018333.,1,18,19
WBGene00018334.,28,178,206
WBGene00018335.,184,1492,1676
WBGene00018336.,0,0,0
WBGene00018337.,76,568,644
WBGene00018338.,4,127,131
WBGene00018339.,67,4996,5063
WBGene00018340.,99,2686,2785
WBGene00018341.,475,5667,6142
WBGene00018342.,40,294,334
WBGene00018343.,4,129,133
WBGene00018344.,71,311,382
WBGene00018345.,13,34,47
WBGene00018346.,54,277,331
WBGene00018347.,9,25,34
WBGene00018348.,42,210,252
WBGene00018349.,109,5226,5335
WBGene00018350.,20,216,236
WBGene00018351.,7,27,34
WBGene00018352.,1,42,43
WBGene00018353.,1,13,14
WBGene00018354.,4,2,6
WBGene00018355.,14,65,79
WBGene00018356.,155,2309,2464
WBGene00018357.,60,1162,1222
WBGene00018358.,0,24,24
WBGene00018359.,5,3,8
WBGene00018360.,7,7,14
WBGene00018361.,1794,15048,16842
WBGene00018362.,41,7015,7056
WBGene00018363.,60,759,819
WBGene00018364.,121,256,377
WBGene00018365.,4,57,61
WBGene00018366.,49,782,831
WBGene00018367.,226,2017,2243
WBGene00018369.,107,910,1017
WBGene00018370.,173,1716,1889
WBGene00018371.,34,697,731
WBGene00018373.,323,2196,2519
WBGene00018374.,46,145,191
WBGene00018375.,12,21,33
WBGene00018376.,671,5882,6553
WBGene00018377.,8,29,37
WBGene00018378.,2,2,4
WBGene00018379.,2,2,4
WBGene00018380.,3,47,50
WBGene00018381.,14,2,16
WBGene00018382.,1,3,4
WBGene00018383.,6,167,173
WBGene00018384.,2,6,8
WBGene00018385.,2,1,3
WBGene00018386.,43,370,413
WBGene00018387.,11,10,21
WBGene00018388.,151,2,153
WBGene00018389.,2,0,2
WBGene00018390.,24,522,546
WBGene00018391.,59,3512,3571
WBGene00018392.,194,1129,1323
WBGene00018393.,9,3099,3108
WBGene00018394.,9,45,54
WBGene00018395.,167,14763,14930
WBGene00018397.,1,8,9
WBGene00018398.,38,275,313
WBGene00018399.,29,457,486
WBGene00018400.,129,1273,1402
WBGene00018402.,15,267,282
WBGene00018403.,44,232,276
WBGene00018404.,4,17,21
WBGene00018405.,493,2264,2757
WBGene00018406.,6,8,14
WBGene00018407.,909,5902,6811
WBGene00018408.,195,1012,1207
WBGene00018409.,42,1661,1703
WBGene00018410.,8,32,40
WBGene00018411.,17,121,138
WBGene00018412.,10,26,36
WBGene00018413.,15,203,218
WBGene00018414.,5,49,54
WBGene00018415.,8,238,246
WBGene00018417.,246,1876,2122
WBGene00018418.,21,1568,1589
WBGene00018419.,161,1051,1212
WBGene00018420.,334,1768,2102
WBGene00018421.,14,1377,1391
WBGene00018422.,43,2644,2687
WBGene00018423.,80,433,513
WBGene00018424.,64,1045,1109
WBGene00018425.,5,13,18
WBGene00018426.,91,4616,4707
WBGene00018427.,9,1408,1417
WBGene00018428.,1,10,11
WBGene00018429.,9,26,35
WBGene00018430.,38,176,214
WBGene00018431.,22,2597,2619
WBGene00018432.,0,2,2
WBGene00018433.,0,6,6
WBGene00018434.,0,3,3
WBGene00018435.,0,3,3
WBGene00018436.,0,0,0
WBGene00018437.,1,2,3
WBGene00018438.,1,1,2
WBGene00018439.,0,3,3
WBGene00018440.,3,8,11
WBGene00018441.,0,0,0
WBGene00018442.,4,0,4
WBGene00018443.,0,2,2
WBGene00018444.,0,2,2
WBGene00018445.,0,6,6
WBGene00018446.,15,27,42
WBGene00018447.,1,3,4
WBGene00018448.,11,123,134
WBGene00018449.,0,0,0
WBGene00018450.,0,0,0
WBGene00018451.,0,0,0
WBGene00018452.,0,0,0
WBGene00018454.,0,8,8
WBGene00018455.,0,2,2
WBGene00018456.,5,13,18
WBGene00018457.,2,1,3
WBGene00018458.,0,1,1
WBGene00018459.,0,10,10
WBGene00018460.,0,0,0
WBGene00018461.,0,0,0
WBGene00018462.,36,933,969
WBGene00018463.,0,0,0
WBGene00018465.,31,253,284
WBGene00018466.,22,220,242
WBGene00018467.,118,687,805
WBGene00018468.,945,5873,6818
WBGene00018470.,151,682,833
WBGene00018471.,7,50,57
WBGene00018472.,38,83,121
WBGene00018473.,30,237,267
WBGene00018474.,72,930,1002
WBGene00018475.,465,8974,9439
WBGene00018476.,37,288,325
WBGene00018477.,3,7,10
WBGene00018478.,8,95,103
WBGene00018479.,1,21,22
WBGene00018480.,4,121,125
WBGene00018481.,166,1523,1689
WBGene00018482.,218,3265,3483
WBGene00018483.,18,346,364
WBGene00018484.,14,39,53
WBGene00018485.,1117,2770,3887
WBGene00018486.,18,163,181
WBGene00018487.,39,276,315
WBGene00018488.,92,929,1021
WBGene00018489.,1,5,6
WBGene00018490.,0,2,2
WBGene00018491.,382,32240,32622
WBGene00018492.,70,744,814
WBGene00018493.,1,0,1
WBGene00018494.,0,2,2
WBGene00018495.,0,0,0
WBGene00018496.,0,1,1
WBGene00018497.,0,0,0
WBGene00018498.,1,1,2
WBGene00018499.,0,2,2
WBGene00018500.,0,0,0
WBGene00018501.,0,0,0
WBGene00018502.,3,0,3
WBGene00018503.,0,0,0
WBGene00018504.,1,3,4
WBGene00018505.,2,1,3
WBGene00018506.,1,0,1
WBGene00018507.,0,2,2
WBGene00018508.,642,3614,4256
WBGene00018509.,159,1987,2146
WBGene00018510.,24,240,264
WBGene00018511.,64,496,560
WBGene00018512.,189,1413,1602
WBGene00018513.,3,300,303
WBGene00018514.,56,380,436
WBGene00018515.,16,139,155
WBGene00018516.,49,849,898
WBGene00018517.,296,2210,2506
WBGene00018518.,26,1103,1129
WBGene00018519.,1356,193157,194513
WBGene00018520.,172,1478,1650
WBGene00018521.,6,154,160
WBGene00018522.,256,2982,3238
WBGene00018523.,70,315,385
WBGene00018525.,0,0,0
WBGene00018526.,0,0,0
WBGene00018527.,0,0,0
WBGene00018528.,0,9,9
WBGene00018529.,0,0,0
WBGene00018530.,0,0,0
WBGene00018531.,1,1,2
WBGene00018532.,2411,31784,34195
WBGene00018533.,303,1873,2176
WBGene00018534.,3,10,13
WBGene00018535.,5,19,24
WBGene00018536.,1,1,2
WBGene00018537.,0,7,7
WBGene00018538.,83,825,908
WBGene00018539.,14,17,31
WBGene00018540.,3,9,12
WBGene00018541.,3,47,50
WBGene00018542.,5,66,71
WBGene00018543.,10,72,82
WBGene00018544.,5,38,43
WBGene00018545.,3,10,13
WBGene00018547.,84,80,164
WBGene00018548.,1,24,25
WBGene00018549.,1,5,6
WBGene00018550.,3,20,23
WBGene00018551.,12,14,26
WBGene00018552.,7,30,37
WBGene00018553.,1,1,2
WBGene00018554.,2,0,2
WBGene00018555.,8,1,9
WBGene00018556.,2,1,3
WBGene00018557.,3,0,3
WBGene00018558.,10,20,30
WBGene00018559.,0,2,2
WBGene00018560.,88,950,1038
WBGene00018561.,18,113,131
WBGene00018562.,147,1141,1288
WBGene00018563.,3,9,12
WBGene00018564.,576,2409,2985
WBGene00018565.,23,352,375
WBGene00018566.,16,102,118
WBGene00018567.,0,0,0
WBGene00018568.,4,43,47
WBGene00018569.,117,465,582
WBGene00018571.,20,28,48
WBGene00018572.,920,3429,4349
WBGene00018573.,8,2,10
WBGene00018575.,5,9,14
WBGene00018576.,40,319,359
WBGene00018577.,17,109,126
WBGene00018578.,13,239,252
WBGene00018579.,464,3286,3750
WBGene00018580.,8,6,14
WBGene00018582.,496,556,1052
WBGene00018585.,71,452,523
WBGene00018586.,100,1225,1325
WBGene00018587.,46,110,156
WBGene00018589.,335,55,390
WBGene00018590.,20,4156,4176
WBGene00018591.,0,46,46
WBGene00018593.,48,862,910
WBGene00018594.,47,457,504
WBGene00018595.,5,162,167
WBGene00018596.,15,10,25
WBGene00018598.,12,154,166
WBGene00018599.,73,2362,2435
WBGene00018600.,11,24,35
WBGene00018601.,0,0,0
WBGene00018602.,46,1851,1897
WBGene00018603.,26,81,107
WBGene00018604.,118,3229,3347
WBGene00018605.,0,16,16
WBGene00018606.,1,78,79
WBGene00018607.,311,1180,1491
WBGene00018608.,255,554,809
WBGene00018609.,162,1926,2088
WBGene00018610.,14,1073,1087
WBGene00018611.,153,697,850
WBGene00018612.,62,1072,1134
WBGene00018613.,14,441,455
WBGene00018614.,4,48,52
WBGene00018615.,19,274,293
WBGene00018616.,0,10,10
WBGene00018617.,5,1,6
WBGene00018618.,0,1,1
WBGene00018619.,0,7,7
WBGene00018620.,4,15,19
WBGene00018621.,1,173,174
WBGene00018622.,20,238,258
WBGene00018623.,2,18,20
WBGene00018624.,1,6,7
WBGene00018625.,47,1743,1790
WBGene00018626.,2,39,41
WBGene00018627.,1,7,8
WBGene00018628.,9,4,13
WBGene00018630.,14,46,60
WBGene00018631.,0,0,0
WBGene00018632.,13,638,651
WBGene00018634.,200,1247,1447
WBGene00018635.,50,618,668
WBGene00018636.,135,877,1012
WBGene00018637.,26,792,818
WBGene00018638.,21,756,777
WBGene00018639.,108,511,619
WBGene00018640.,16,133,149
WBGene00018641.,24,164,188
WBGene00018643.,0,3,3
WBGene00018644.,0,3,3
WBGene00018645.,1,17,18
WBGene00018646.,2,19,21
WBGene00018647.,4,7,11
WBGene00018648.,12,29,41
WBGene00018649.,0,0,0
WBGene00018650.,0,3,3
WBGene00018651.,0,0,0
WBGene00018652.,0,0,0
WBGene00018653.,10,41,51
WBGene00018654.,60,637,697
WBGene00018655.,51,597,648
WBGene00018656.,292,4727,5019
WBGene00018657.,213,1745,1958
WBGene00018658.,3,52,55
WBGene00018659.,2,220,222
WBGene00018660.,1,61,62
WBGene00018661.,1,18,19
WBGene00018662.,0,3,3
WBGene00018663.,0,10,10
WBGene00018664.,9,49,58
WBGene00018665.,12,111,123
WBGene00018666.,3,44,47
WBGene00018667.,19,222,241
WBGene00018668.,8,165,173
WBGene00018669.,10,98,108
WBGene00018670.,0,10,10
WBGene00018671.,4,9,13
WBGene00018672.,172,789,961
WBGene00018674.,277,1875,2152
WBGene00018675.,37,195,232
WBGene00018678.,101,669,770
WBGene00018679.,314,1748,2062
WBGene00018680.,57,196,253
WBGene00018681.,398,1357,1755
WBGene00018682.,59,1099,1158
WBGene00018683.,22,72,94
WBGene00018684.,0,5,5
WBGene00018687.,4,46,50
WBGene00018688.,0,21,21
WBGene00018689.,34,148,182
WBGene00018690.,13,21,34
WBGene00018691.,7,9,16
WBGene00018692.,140,5469,5609
WBGene00018693.,12,8,20
WBGene00018694.,15,24,39
WBGene00018696.,110,705,815
WBGene00018697.,46,624,670
WBGene00018698.,12,202,214
WBGene00018699.,0,0,0
WBGene00018700.,955,3744,4699
WBGene00018701.,353,24522,24875
WBGene00018702.,11,1260,1271
WBGene00018703.,33,696,729
WBGene00018704.,18,614,632
WBGene00018706.,7,91,98
WBGene00018707.,4,21,25
WBGene00018708.,5,8,13
WBGene00018709.,2,13,15
WBGene00018710.,651,6281,6932
WBGene00018711.,58,114,172
WBGene00018712.,45,102,147
WBGene00018713.,15,42,57
WBGene00018714.,28,859,887
WBGene00018715.,15,209,224
WBGene00018716.,111,377,488
WBGene00018717.,38,447,485
WBGene00018718.,24,88,112
WBGene00018719.,119,1051,1170
WBGene00018720.,351,2719,3070
WBGene00018721.,100,489,589
WBGene00018723.,109,435,544
WBGene00018724.,0,286,286
WBGene00018725.,0,355,355
WBGene00018726.,3,22,25
WBGene00018727.,88,485,573
WBGene00018728.,44,106,150
WBGene00018729.,0,597,597
WBGene00018730.,0,1880,1880
WBGene00018731.,0,1195,1195
WBGene00018732.,0,846,846
WBGene00018734.,1053,2211,3264
WBGene00018735.,21,317,338
WBGene00018736.,15,179,194
WBGene00018738.,49,250,299
WBGene00018739.,181,1045,1226
WBGene00018740.,198,1067,1265
WBGene00018741.,66,82,148
WBGene00018742.,22,126,148
WBGene00018743.,119,1507,1626
WBGene00018744.,3,1939,1942
WBGene00018745.,6,20,26
WBGene00018746.,5,37,42
WBGene00018747.,66,379,445
WBGene00018748.,31,551,582
WBGene00018749.,0,0,0
WBGene00018750.,231,1607,1838
WBGene00018751.,2,9,11
WBGene00018752.,19,39,58
WBGene00018754.,6,31,37
WBGene00018755.,25,164,189
WBGene00018756.,536,3525,4061
WBGene00018757.,122,1307,1429
WBGene00018758.,89,1147,1236
WBGene00018759.,0,2,2
WBGene00018760.,46,171,217
WBGene00018761.,316,55,371
WBGene00018762.,203,3285,3488
WBGene00018763.,69,2972,3041
WBGene00018764.,12,7785,7797
WBGene00018765.,1352,5589,6941
WBGene00018766.,85,185,270
WBGene00018767.,1,10,11
WBGene00018768.,0,1,1
WBGene00018769.,90,2957,3047
WBGene00018771.,19,37,56
WBGene00018772.,90,168,258
WBGene00018773.,12,31,43
WBGene00018774.,29,76,105
WBGene00018776.,373,4084,4457
WBGene00018777.,125,579,704
WBGene00018778.,642,5789,6431
WBGene00018779.,12,73,85
WBGene00018781.,192,781,973
WBGene00018782.,691,7264,7955
WBGene00018783.,11,46,57
WBGene00018784.,319,6671,6990
WBGene00018785.,169,1008,1177
WBGene00018786.,10,342,352
WBGene00018787.,47,559,606
WBGene00018788.,132,404,536
WBGene00018789.,50,412,462
WBGene00018791.,58,242,300
WBGene00018792.,7,7,14
WBGene00018793.,483,3054,3537
WBGene00018794.,258,426,684
WBGene00018795.,62,811,873
WBGene00018797.,262,1350,1612
WBGene00018798.,63,272,335
WBGene00018802.,83,2879,2962
WBGene00018803.,55,2045,2100
WBGene00018804.,19,416,435
WBGene00018805.,10,35,45
WBGene00018806.,0,212,212
WBGene00018807.,2,148,150
WBGene00018808.,0,1,1
WBGene00018809.,6,55,61
WBGene00018810.,6,6,12
WBGene00018811.,1317,13618,14935
WBGene00018812.,213,1428,1641
WBGene00018813.,2,25,27
WBGene00018814.,50,917,967
WBGene00018815.,3,5,8
WBGene00018816.,0,6,6
WBGene00018819.,325,3086,3411
WBGene00018820.,12,9,21
WBGene00018821.,2,0,2
WBGene00018822.,3,2,5
WBGene00018823.,8,418,426
WBGene00018824.,0,2,2
WBGene00018825.,2,19,21
WBGene00018826.,0,3,3
WBGene00018827.,31,800,831
WBGene00018828.,2,273,275
WBGene00018829.,11,33,44
WBGene00018830.,62,954,1016
WBGene00018831.,54,904,958
WBGene00018833.,273,771,1044
WBGene00018834.,0,2,2
WBGene00018835.,52,445,497
WBGene00018836.,81,708,789
WBGene00018837.,1193,1621,2814
WBGene00018838.,0,0,0
WBGene00018839.,7,147,154
WBGene00018840.,1,12,13
WBGene00018841.,0,8,8
WBGene00018842.,0,28,28
WBGene00018844.,0,7,7
WBGene00018845.,21,136,157
WBGene00018846.,21993,197479,219472
WBGene00018847.,156,1496,1652
WBGene00018848.,74,578,652
WBGene00018849.,45,5120,5165
WBGene00018850.,37,66,103
WBGene00018851.,6,58,64
WBGene00018852.,13,124,137
WBGene00018853.,96,1856,1952
WBGene00018854.,66,2161,2227
WBGene00018855.,12,148,160
WBGene00018856.,17,32,49
WBGene00018857.,160,2144,2304
WBGene00018859.,22,133,155
WBGene00018860.,112,370,482
WBGene00018861.,43,221,264
WBGene00018862.,34,503,537
WBGene00018863.,5,538,543
WBGene00018864.,167,1224,1391
WBGene00018865.,2,7,9
WBGene00018866.,184,2533,2717
WBGene00018867.,37,181,218
WBGene00018868.,43,43,86
WBGene00018869.,289,4499,4788
WBGene00018870.,0,15,15
WBGene00018871.,10,620,630
WBGene00018872.,331,2539,2870
WBGene00018873.,9,75,84
WBGene00018874.,7,20,27
WBGene00018875.,0,2,2
WBGene00018877.,333,3021,3354
WBGene00018878.,4,588,592
WBGene00018879.,74,415,489
WBGene00018880.,18,52,70
WBGene00018881.,0,18,18
WBGene00018882.,0,5,5
WBGene00018883.,0,10,10
WBGene00018884.,13,6,19
WBGene00018885.,5,44,49
WBGene00018886.,3,308,311
WBGene00018888.,2,2,4
WBGene00018890.,265,2606,2871
WBGene00018891.,201,2756,2957
WBGene00018892.,82,3251,3333
WBGene00018893.,392,3829,4221
WBGene00018894.,10,1048,1058
WBGene00018895.,3,4,7
WBGene00018896.,12,34,46
WBGene00018897.,48,604,652
WBGene00018898.,405,7014,7419
WBGene00018899.,12,57,69
WBGene00018900.,43,1534,1577
WBGene00018901.,1,46,47
WBGene00018902.,6,261,267
WBGene00018903.,10,173,183
WBGene00018904.,16,1056,1072
WBGene00018906.,10,17,27
WBGene00018907.,22,63,85
WBGene00018908.,27,254,281
WBGene00018909.,86,380,466
WBGene00018910.,0,0,0
WBGene00018911.,0,0,0
WBGene00018912.,0,0,0
WBGene00018913.,0,0,0
WBGene00018914.,0,0,0
WBGene00018915.,0,0,0
WBGene00018917.,0,0,0
WBGene00018918.,0,0,0
WBGene00018919.,0,0,0
WBGene00018920.,0,0,0
WBGene00018921.,0,18,18
WBGene00018923.,139,504,643
WBGene00018924.,33,88,121
WBGene00018925.,13,669,682
WBGene00018926.,0,0,0
WBGene00018928.,86,440,526
WBGene00018929.,7,19,26
WBGene00018930.,0,8,8
WBGene00018931.,12,8,20
WBGene00018932.,136,3343,3479
WBGene00018933.,1,3,4
WBGene00018934.,21,3643,3664
WBGene00018935.,11,1276,1287
WBGene00018937.,23,183,206
WBGene00018938.,2,0,2
WBGene00018939.,3,22,25
WBGene00018940.,0,1,1
WBGene00018941.,0,8,8
WBGene00018942.,1,2,3
WBGene00018943.,0,0,0
WBGene00018944.,2,1,3
WBGene00018945.,11,79,90
WBGene00018946.,3,48,51
WBGene00018948.,8,153,161
WBGene00018949.,3,7,10
WBGene00018950.,52,397,449
WBGene00018951.,18,502,520
WBGene00018952.,18,156,174
WBGene00018953.,522,5210,5732
WBGene00018954.,82,517,599
WBGene00018955.,39,817,856
WBGene00018957.,65,897,962
WBGene00018958.,98,544,642
WBGene00018959.,29,701,730
WBGene00018960.,19,800,819
WBGene00018961.,263,2630,2893
WBGene00018963.,1032,15851,16883
WBGene00018964.,22,351,373
WBGene00018965.,25,340,365
WBGene00018966.,22,188,210
WBGene00018967.,104,2090,2194
WBGene00018968.,10,42,52
WBGene00018969.,30,1512,1542
WBGene00018970.,0,0,0
WBGene00018971.,7,71,78
WBGene00018972.,2,3,5
WBGene00018973.,5,5,10
WBGene00018974.,221,1145,1366
WBGene00018975.,442,1675,2117
WBGene00018976.,336,286,622
WBGene00018978.,0,2,2
WBGene00018979.,3,1,4
WBGene00018980.,4,1,5
WBGene00018981.,0,1,1
WBGene00018982.,1,1,2
WBGene00018984.,29,126,155
WBGene00018985.,136,1131,1267
WBGene00018986.,80,1080,1160
WBGene00018987.,78,734,812
WBGene00018988.,34,318,352
WBGene00018989.,58,618,676
WBGene00018990.,56,275,331
WBGene00018991.,35,224,259
WBGene00018992.,6,8,14
WBGene00018993.,0,0,0
WBGene00018994.,2,2,4
WBGene00018995.,76,691,767
WBGene00018996.,53,1572,1625
WBGene00018997.,4,35,39
WBGene00018998.,142,1905,2047
WBGene00018999.,9,21,30
WBGene00019001.,599,12799,13398
WBGene00019002.,62,444,506
WBGene00019003.,129,5161,5290
WBGene00019004.,53,1109,1162
WBGene00019005.,231,1848,2079
WBGene00019006.,161,1581,1742
WBGene00019007.,3295,7788,11083
WBGene00019008.,25,711,736
WBGene00019009.,42,228,270
WBGene00019010.,136,19,155
WBGene00019011.,163,1136,1299
WBGene00019012.,53,229,282
WBGene00019013.,14,314,328
WBGene00019014.,32,220,252
WBGene00019015.,1,13,14
WBGene00019016.,0,6,6
WBGene00019017.,11,1210,1221
WBGene00019018.,733,2342,3075
WBGene00019019.,173,32,205
WBGene00019020.,0,151,151
WBGene00019021.,6,444,450
WBGene00019022.,47,129,176
WBGene00019023.,26,155,181
WBGene00019024.,0,3,3
WBGene00019025.,18,103,121
WBGene00019026.,0,1,1
WBGene00019027.,0,8,8
WBGene00019028.,4,0,4
WBGene00019029.,10,18,28
WBGene00019030.,110,310,420
WBGene00019032.,11,78,89
WBGene00019034.,1,1,2
WBGene00019035.,0,6,6
WBGene00019036.,4,2,6
WBGene00019037.,0,3,3
WBGene00019038.,1,4,5
WBGene00019039.,0,2,2
WBGene00019040.,1,2,3
WBGene00019041.,1,1,2
WBGene00019042.,0,1,1
WBGene00019043.,1,1,2
WBGene00019044.,0,0,0
WBGene00019045.,0,0,0
WBGene00019046.,3,3,6
WBGene00019047.,2,162,164
WBGene00019048.,22,322,344
WBGene00019049.,8,61,69
WBGene00019050.,4,1,5
WBGene00019051.,3,0,3
WBGene00019053.,0,1,1
WBGene00019054.,4,9,13
WBGene00019055.,59,757,816
WBGene00019057.,3,21,24
WBGene00019058.,0,13,13
WBGene00019059.,2,2,4
WBGene00019060.,32,257,289
WBGene00019061.,3865,48203,52068
WBGene00019062.,1,0,1
WBGene00019063.,1,19,20
WBGene00019064.,29,684,713
WBGene00019065.,0,0,0
WBGene00019066.,0,0,0
WBGene00019067.,14,75,89
WBGene00019068.,6,27,33
WBGene00019069.,158,407,565
WBGene00019070.,0,45,45
WBGene00019072.,0,0,0
WBGene00019073.,0,0,0
WBGene00019074.,172,1367,1539
WBGene00019075.,24,489,513
WBGene00019076.,122,1865,1987
WBGene00019077.,28,1465,1493
WBGene00019079.,126,1746,1872
WBGene00019080.,11,34,45
WBGene00019081.,8,7,15
WBGene00019082.,23,159,182
WBGene00019084.,5,13,18
WBGene00019085.,1,8,9
WBGene00019086.,3,3,6
WBGene00019087.,17,1459,1476
WBGene00019089.,7,6,13
WBGene00019090.,812,7813,8625
WBGene00019091.,7,18,25
WBGene00019092.,925,10944,11869
WBGene00019094.,6,11,17
WBGene00019095.,10,162,172
WBGene00019096.,3,6,9
WBGene00019097.,28,576,604
WBGene00019098.,0,8,8
WBGene00019099.,1,2,3
WBGene00019100.,79,209,288
WBGene00019101.,9,49,58
WBGene00019102.,452,2643,3095
WBGene00019103.,42,85,127
WBGene00019104.,1,1,2
WBGene00019105.,3,104,107
WBGene00019106.,9,17,26
WBGene00019107.,3,8,11
WBGene00019108.,5,307,312
WBGene00019109.,178,590,768
WBGene00019111.,65,707,772
WBGene00019112.,10,14,24
WBGene00019113.,12,374,386
WBGene00019114.,14,197,211
WBGene00019115.,7,73,80
WBGene00019116.,20,350,370
WBGene00019117.,15,195,210
WBGene00019118.,22,1233,1255
WBGene00019119.,2,3,5
WBGene00019120.,37,1377,1414
WBGene00019121.,32,1584,1616
WBGene00019122.,210,12,222
WBGene00019123.,5,1,6
WBGene00019124.,215,2962,3177
WBGene00019125.,40,333,373
WBGene00019126.,17,64,81
WBGene00019127.,62,822,884
WBGene00019128.,166,413,579
WBGene00019129.,93,548,641
WBGene00019130.,92,409,501
WBGene00019131.,15,74,89
WBGene00019132.,16,45,61
WBGene00019133.,3,3,6
WBGene00019134.,5,59,64
WBGene00019135.,0,3,3
WBGene00019137.,0,0,0
WBGene00019138.,63,12,75
WBGene00019139.,11,110,121
WBGene00019140.,14,119,133
WBGene00019141.,21,321,342
WBGene00019142.,26,467,493
WBGene00019143.,62,894,956
WBGene00019144.,8,43,51
WBGene00019145.,0,3,3
WBGene00019146.,0,4,4
WBGene00019148.,48,629,677
WBGene00019149.,58,181,239
WBGene00019150.,1,2,3
WBGene00019151.,0,10,10
WBGene00019152.,49,655,704
WBGene00019153.,3,359,362
WBGene00019154.,25,718,743
WBGene00019155.,7,2,9
WBGene00019156.,67,1042,1109
WBGene00019157.,486,1930,2416
WBGene00019158.,58,1915,1973
WBGene00019159.,1,5,6
WBGene00019160.,754,79375,80129
WBGene00019162.,97,17933,18030
WBGene00019163.,7,1421,1428
WBGene00019164.,22,212,234
WBGene00019165.,0,6,6
WBGene00019166.,340,497,837
WBGene00019167.,186,1380,1566
WBGene00019168.,1488,12967,14455
WBGene00019169.,5,15,20
WBGene00019170.,333,3098,3431
WBGene00019171.,11,5,16
WBGene00019174.,8,144,152
WBGene00019176.,46,64,110
WBGene00019177.,11,360,371
WBGene00019178.,3,5,8
WBGene00019179.,0,3,3
WBGene00019180.,480,1023,1503
WBGene00019181.,3,35,38
WBGene00019182.,20,147,167
WBGene00019183.,868,41,909
WBGene00019184.,72,732,804
WBGene00019185.,44,1166,1210
WBGene00019186.,2,7,9
WBGene00019187.,56,217,273
WBGene00019188.,173,1553,1726
WBGene00019189.,0,15,15
WBGene00019190.,47,3,50
WBGene00019192.,0,0,0
WBGene00019193.,0,4,4
WBGene00019194.,20,23,43
WBGene00019196.,26,1693,1719
WBGene00019197.,0,34,34
WBGene00019198.,116,421,537
WBGene00019199.,158,1223,1381
WBGene00019200.,109,645,754
WBGene00019202.,20,10,30
WBGene00019203.,549,7127,7676
WBGene00019204.,188,1176,1364
WBGene00019205.,1761,3780,5541
WBGene00019207.,295,4426,4721
WBGene00019208.,4,7,11
WBGene00019209.,270,2847,3117
WBGene00019211.,424,1326,1750
WBGene00019212.,97,1234,1331
WBGene00019213.,21,156,177
WBGene00019214.,5,8,13
WBGene00019215.,6,7,13
WBGene00019216.,0,2,2
WBGene00019217.,342,1985,2327
WBGene00019218.,117,387,504
WBGene00019219.,107,1113,1220
WBGene00019220.,106,3376,3482
WBGene00019221.,13,345,358
WBGene00019222.,9,6,15
WBGene00019224.,34,234,268
WBGene00019225.,7,39,46
WBGene00019226.,6,48,54
WBGene00019227.,212,2230,2442
WBGene00019228.,13,288,301
WBGene00019229.,3,8,11
WBGene00019230.,60,112,172
WBGene00019231.,20,70,90
WBGene00019232.,373,801,1174
WBGene00019233.,16,41,57
WBGene00019234.,40,480,520
WBGene00019235.,12,21,33
WBGene00019236.,37,183,220
WBGene00019237.,280,1919,2199
WBGene00019239.,32,14,46
WBGene00019240.,183,2965,3148
WBGene00019241.,291,1235,1526
WBGene00019242.,23,25,48
WBGene00019243.,2,343,345
WBGene00019244.,41,321,362
WBGene00019245.,184,1287,1471
WBGene00019246.,535,3894,4429
WBGene00019247.,16,217,233
WBGene00019248.,266,344,610
WBGene00019249.,523,8454,8977
WBGene00019250.,643,3331,3974
WBGene00019251.,29,5,34
WBGene00019253.,2,23,25
WBGene00019254.,2,58,60
WBGene00019255.,6,26,32
WBGene00019257.,5,4,9
WBGene00019259.,85,1773,1858
WBGene00019260.,1,1,2
WBGene00019261.,8,175,183
WBGene00019262.,2,6,8
WBGene00019263.,132,1092,1224
WBGene00019264.,121,1075,1196
WBGene00019265.,7,605,612
WBGene00019266.,6,54,60
WBGene00019267.,1,4,5
WBGene00019268.,51,342,393
WBGene00019269.,5,13,18
WBGene00019270.,106,194,300
WBGene00019272.,119,531,650
WBGene00019273.,5,40,45
WBGene00019274.,213,554,767
WBGene00019275.,218,1272,1490
WBGene00019276.,147,1432,1579
WBGene00019277.,166,2331,2497
WBGene00019278.,174,757,931
WBGene00019279.,1243,1375,2618
WBGene00019280.,94,970,1064
WBGene00019281.,1,7,8
WBGene00019282.,832,10300,11132
WBGene00019283.,0,0,0
WBGene00019284.,64,1608,1672
WBGene00019285.,70,621,691
WBGene00019286.,194,209,403
WBGene00019287.,22,101,123
WBGene00019288.,1,0,1
WBGene00019289.,157,1246,1403
WBGene00019290.,10,192,202
WBGene00019292.,0,0,0
WBGene00019293.,7,294,301
WBGene00019294.,466,3108,3574
WBGene00019295.,272,2233,2505
WBGene00019296.,34,2244,2278
WBGene00019297.,1,9,10
WBGene00019298.,94,1108,1202
WBGene00019299.,87,743,830
WBGene00019300.,39,787,826
WBGene00019301.,425,5912,6337
WBGene00019302.,5,3,8
WBGene00019303.,67,41,108
WBGene00019304.,19,373,392
WBGene00019305.,74,2212,2286
WBGene00019306.,9,98,107
WBGene00019309.,2,13,15
WBGene00019310.,2,87,89
WBGene00019311.,117,2096,2213
WBGene00019312.,0,20,20
WBGene00019313.,1,3,4
WBGene00019314.,3,10,13
WBGene00019315.,209,2405,2614
WBGene00019316.,0,109,109
WBGene00019317.,80,592,672
WBGene00019318.,92,183,275
WBGene00019319.,49,389,438
WBGene00019320.,15,75,90
WBGene00019321.,56,353,409
WBGene00019322.,179,43304,43483
WBGene00019323.,863,3540,4403
WBGene00019324.,576,14517,15093
WBGene00019326.,125,2376,2501
WBGene00019327.,1090,14485,15575
WBGene00019328.,317,3338,3655
WBGene00019329.,169,629,798
WBGene00019331.,68,103,171
WBGene00019332.,1429,12994,14423
WBGene00019333.,347,3459,3806
WBGene00019334.,20,1382,1402
WBGene00019335.,0,45,45
WBGene00019337.,10,6,16
WBGene00019338.,4,5,9
WBGene00019339.,0,69,69
WBGene00019340.,0,2,2
WBGene00019341.,15,3,18
WBGene00019342.,1,71,72
WBGene00019343.,34,60,94
WBGene00019344.,67,497,564
WBGene00019345.,49,296,345
WBGene00019346.,11,236,247
WBGene00019347.,632,1343,1975
WBGene00019348.,2,14,16
WBGene00019349.,0,4,4
WBGene00019350.,3,5,8
WBGene00019351.,42,954,996
WBGene00019352.,97,621,718
WBGene00019353.,41,1150,1191
WBGene00019354.,55,1436,1491
WBGene00019355.,213,2216,2429
WBGene00019356.,1,3,4
WBGene00019357.,218,9589,9807
WBGene00019360.,41,125,166
WBGene00019361.,112,1802,1914
WBGene00019362.,123,442,565
WBGene00019364.,16,276,292
WBGene00019365.,159,2099,2258
WBGene00019367.,5,21,26
WBGene00019368.,34,131,165
WBGene00019369.,10,38,48
WBGene00019370.,69,238,307
WBGene00019371.,1,1,2
WBGene00019372.,2,59,61
WBGene00019373.,72,559,631
WBGene00019374.,20,364,384
WBGene00019376.,2,8,10
WBGene00019379.,5,18,23
WBGene00019380.,447,3721,4168
WBGene00019381.,55,9364,9419
WBGene00019382.,5,20,25
WBGene00019383.,2,0,2
WBGene00019384.,0,2,2
WBGene00019385.,0,13,13
WBGene00019386.,4,6,10
WBGene00019387.,2,7,9
WBGene00019388.,4,60,64
WBGene00019389.,3,16,19
WBGene00019390.,1,0,1
WBGene00019391.,12,66,78
WBGene00019392.,4,3,7
WBGene00019393.,11,12,23
WBGene00019394.,103,375,478
WBGene00019395.,47,162,209
WBGene00019396.,71,1022,1093
WBGene00019399.,41,2124,2165
WBGene00019400.,176,1555,1731
WBGene00019401.,167,8425,8592
WBGene00019402.,122,3753,3875
WBGene00019403.,140,785,925
WBGene00019404.,7,22,29
WBGene00019405.,6,10,16
WBGene00019406.,8,25,33
WBGene00019407.,171,1060,1231
WBGene00019408.,54,985,1039
WBGene00019409.,1,2,3
WBGene00019410.,1,2,3
WBGene00019411.,26,515,541
WBGene00019412.,0,0,0
WBGene00019413.,1,4,5
WBGene00019414.,0,5,5
WBGene00019415.,1,7,8
WBGene00019416.,5,16,21
WBGene00019417.,1,1,2
WBGene00019418.,1,3,4
WBGene00019419.,1,1,2
WBGene00019420.,0,0,0
WBGene00019421.,3,4,7
WBGene00019422.,0,7,7
WBGene00019423.,32,11,43
WBGene00019424.,32,232,264
WBGene00019425.,1,4,5
WBGene00019426.,5,192,197
WBGene00019427.,55,1096,1151
WBGene00019428.,348,1059,1407
WBGene00019429.,39,833,872
WBGene00019430.,1,8,9
WBGene00019431.,17,23,40
WBGene00019432.,147,4102,4249
WBGene00019433.,114,6886,7000
WBGene00019434.,405,683,1088
WBGene00019435.,26,125,151
WBGene00019436.,64,568,632
WBGene00019437.,221,1853,2074
WBGene00019438.,0,5,5
WBGene00019439.,141,10,151
WBGene00019441.,37,78,115
WBGene00019442.,0,0,0
WBGene00019444.,32,62,94
WBGene00019445.,50,119,169
WBGene00019448.,42,499,541
WBGene00019449.,1,0,1
WBGene00019450.,2,3,5
WBGene00019451.,3,2,5
WBGene00019452.,3,2,5
WBGene00019453.,5,0,5
WBGene00019454.,1,1,2
WBGene00019455.,15,100,115
WBGene00019456.,70,469,539
WBGene00019457.,213,1584,1797
WBGene00019458.,54,454,508
WBGene00019459.,4,8,12
WBGene00019460.,56,858,914
WBGene00019461.,27,24,51
WBGene00019462.,286,178,464
WBGene00019464.,10,488,498
WBGene00019465.,443,3544,3987
WBGene00019466.,1159,33164,34323
WBGene00019467.,16,1782,1798
WBGene00019469.,2,2,4
WBGene00019470.,0,3,3
WBGene00019471.,3,4,7
WBGene00019472.,5,6,11
WBGene00019473.,2,12,14
WBGene00019476.,54,501,555
WBGene00019477.,9,100,109
WBGene00019478.,888,6326,7214
WBGene00019479.,278,3162,3440
WBGene00019480.,124,1319,1443
WBGene00019481.,109,3288,3397
WBGene00019482.,46,656,702
WBGene00019483.,1,8,9
WBGene00019484.,5,425,430
WBGene00019485.,151,452,603
WBGene00019486.,3,18,21
WBGene00019487.,38,411,449
WBGene00019488.,225,3906,4131
WBGene00019489.,42,1237,1279
WBGene00019490.,47,1532,1579
WBGene00019491.,30,717,747
WBGene00019492.,1106,4108,5214
WBGene00019493.,23,190,213
WBGene00019494.,6,52,58
WBGene00019495.,30,663,693
WBGene00019496.,27,190,217
WBGene00019497.,46,922,968
WBGene00019498.,90,727,817
WBGene00019501.,2,19,21
WBGene00019502.,1,5,6
WBGene00019503.,58,527,585
WBGene00019504.,12,1699,1711
WBGene00019506.,15,28,43
WBGene00019507.,1,2,3
WBGene00019508.,6,59,65
WBGene00019509.,5,126,131
WBGene00019510.,940,38204,39144
WBGene00019511.,129,2391,2520
WBGene00019512.,7,22,29
WBGene00019513.,38,808,846
WBGene00019514.,1,6,7
WBGene00019515.,11,95,106
WBGene00019516.,22,103,125
WBGene00019517.,9,11,20
WBGene00019518.,21,92,113
WBGene00019519.,101,402,503
WBGene00019520.,4,284,288
WBGene00019521.,142,2619,2761
WBGene00019522.,124,658,782
WBGene00019524.,1,4,5
WBGene00019525.,120,1464,1584
WBGene00019526.,4,4,8
WBGene00019527.,2,6,8
WBGene00019529.,0,1,1
WBGene00019530.,0,0,0
WBGene00019531.,1,1,2
WBGene00019532.,6,0,6
WBGene00019533.,0,2,2
WBGene00019534.,1,4,5
WBGene00019535.,8,186,194
WBGene00019536.,120,150,270
WBGene00019537.,28,47887,47915
WBGene00019538.,62,455,517
WBGene00019540.,152,6959,7111
WBGene00019541.,5,141,146
WBGene00019543.,520,5161,5681
WBGene00019544.,76,1462,1538
WBGene00019545.,44,254,298
WBGene00019546.,50,467,517
WBGene00019547.,11,11,22
WBGene00019548.,3,0,3
WBGene00019549.,7,1,8
WBGene00019550.,5,28,33
WBGene00019552.,3,188,191
WBGene00019553.,2,78,80
WBGene00019554.,44,542,586
WBGene00019556.,8,14,22
WBGene00019557.,5,6,11
WBGene00019558.,3,1,4
WBGene00019559.,1,0,1
WBGene00019560.,0,2,2
WBGene00019561.,0,1,1
WBGene00019562.,1,1,2
WBGene00019563.,1,26,27
WBGene00019564.,73,712,785
WBGene00019565.,3,10,13
WBGene00019566.,0,2,2
WBGene00019567.,1,4,5
WBGene00019568.,7,12,19
WBGene00019569.,1,8,9
WBGene00019570.,21,78,99
WBGene00019571.,50,30,80
WBGene00019572.,0,42,42
WBGene00019574.,0,5,5
WBGene00019575.,9,15,24
WBGene00019576.,1,36,37
WBGene00019577.,13,79,92
WBGene00019578.,1,15,16
WBGene00019579.,7,27,34
WBGene00019580.,1,6,7
WBGene00019582.,2,12,14
WBGene00019583.,0,7,7
WBGene00019584.,4,5,9
WBGene00019586.,10,12,22
WBGene00019587.,0,2,2
WBGene00019588.,0,9,9
WBGene00019589.,21,46,67
WBGene00019590.,5,2,7
WBGene00019591.,1,18,19
WBGene00019592.,0,276,276
WBGene00019593.,8,548,556
WBGene00019594.,5,2,7
WBGene00019595.,17,476,493
WBGene00019597.,68,562,630
WBGene00019598.,158,128,286
WBGene00019599.,52,311,363
WBGene00019600.,6,151,157
WBGene00019601.,7,23,30
WBGene00019603.,30,492,522
WBGene00019604.,0,0,0
WBGene00019605.,26,179,205
WBGene00019606.,0,51,51
WBGene00019607.,829,5888,6717
WBGene00019608.,31,485,516
WBGene00019609.,299,1628,1927
WBGene00019611.,14,533,547
WBGene00019612.,230,1350,1580
WBGene00019613.,4,7,11
WBGene00019614.,0,0,0
WBGene00019615.,116,464,580
WBGene00019616.,23,174,197
WBGene00019617.,43,819,862
WBGene00019618.,13,38,51
WBGene00019619.,31,275,306
WBGene00019620.,91,3376,3467
WBGene00019621.,0,0,0
WBGene00019622.,4,3,7
WBGene00019623.,87,898,985
WBGene00019624.,439,3092,3531
WBGene00019625.,14,6,20
WBGene00019626.,5,1,6
WBGene00019627.,111,967,1078
WBGene00019628.,34,1635,1669
WBGene00019629.,43,1196,1239
WBGene00019630.,42,413,455
WBGene00019631.,111,1770,1881
WBGene00019633.,149,590,739
WBGene00019636.,17,176,193
WBGene00019638.,1,4,5
WBGene00019639.,0,5,5
WBGene00019640.,15,37,52
WBGene00019641.,67,404,471
WBGene00019642.,24,58,82
WBGene00019643.,12,492,504
WBGene00019644.,21,64,85
WBGene00019645.,137,1711,1848
WBGene00019646.,2,8,10
WBGene00019647.,74,1544,1618
WBGene00019648.,3,48,51
WBGene00019649.,20,131,151
WBGene00019650.,159,1127,1286
WBGene00019651.,132,732,864
WBGene00019652.,17,361,378
WBGene00019653.,2,11,13
WBGene00019654.,9,24,33
WBGene00019655.,14,172,186
WBGene00019656.,47,1765,1812
WBGene00019657.,79,953,1032
WBGene00019658.,152,1836,1988
WBGene00019659.,3,30,33
WBGene00019660.,4,133,137
WBGene00019661.,3,54,57
WBGene00019662.,7,13,20
WBGene00019663.,25,1436,1461
WBGene00019664.,323,3174,3497
WBGene00019665.,34,275,309
WBGene00019666.,30,487,517
WBGene00019667.,4,11,15
WBGene00019668.,0,1,1
WBGene00019669.,14,119,133
WBGene00019672.,2,2,4
WBGene00019673.,50,852,902
WBGene00019674.,5,14,19
WBGene00019675.,1,1,2
WBGene00019676.,2,4,6
WBGene00019677.,99,381,480
WBGene00019678.,398,2775,3173
WBGene00019679.,291,3471,3762
WBGene00019680.,0,17114,17114
WBGene00019681.,1,2,3
WBGene00019682.,71,630,701
WBGene00019683.,424,104,528
WBGene00019684.,7,10,17
WBGene00019685.,0,3,3
WBGene00019686.,270,2002,2272
WBGene00019687.,1,0,1
WBGene00019688.,8,4,12
WBGene00019689.,3,7,10
WBGene00019690.,2,4,6
WBGene00019691.,18,77,95
WBGene00019692.,25,293,318
WBGene00019693.,65,4394,4459
WBGene00019697.,471,1433,1904
WBGene00019698.,463,4651,5114
WBGene00019699.,10,6,16
WBGene00019700.,2,2,4
WBGene00019702.,0,1,1
WBGene00019703.,0,0,0
WBGene00019704.,1,2,3
WBGene00019705.,0,27,27
WBGene00019706.,11,1,12
WBGene00019709.,0,0,0
WBGene00019710.,8,408,416
WBGene00019711.,98,2095,2193
WBGene00019712.,40,404,444
WBGene00019713.,100,609,709
WBGene00019714.,0,0,0
WBGene00019715.,137,944,1081
WBGene00019716.,211,1510,1721
WBGene00019717.,29,127,156
WBGene00019718.,2,21,23
WBGene00019719.,2318,13342,15660
WBGene00019720.,64,649,713
WBGene00019721.,18,9,27
WBGene00019722.,3,31,34
WBGene00019723.,2,140,142
WBGene00019724.,114,493,607
WBGene00019725.,21,408,429
WBGene00019726.,419,767,1186
WBGene00019727.,592,22575,23167
WBGene00019728.,0,4,4
WBGene00019729.,55,551,606
WBGene00019730.,47,858,905
WBGene00019731.,33,47,80
WBGene00019732.,0,921,921
WBGene00019733.,392,1627,2019
WBGene00019734.,343,3878,4221
WBGene00019735.,3,12,15
WBGene00019736.,10,16,26
WBGene00019738.,21,154,175
WBGene00019739.,4,15,19
WBGene00019740.,0,0,0
WBGene00019741.,25,487,512
WBGene00019742.,41,160,201
WBGene00019743.,31,277,308
WBGene00019744.,91,916,1007
WBGene00019745.,1,3,4
WBGene00019746.,88,183,271
WBGene00019747.,412,1732,2144
WBGene00019748.,226,2806,3032
WBGene00019749.,91,517,608
WBGene00019750.,1468,1168,2636
WBGene00019751.,122,1371,1493
WBGene00019753.,64,391,455
WBGene00019754.,9,224,233
WBGene00019755.,1,0,1
WBGene00019756.,10,41,51
WBGene00019757.,176,674,850
WBGene00019758.,0,15,15
WBGene00019759.,170,797,967
WBGene00019760.,122,27154,27276
WBGene00019761.,12,58,70
WBGene00019762.,317,3223,3540
WBGene00019763.,23,121,144
WBGene00019764.,38,403,441
WBGene00019765.,17,597,614
WBGene00019766.,95,452,547
WBGene00019767.,22,9844,9866
WBGene00019768.,25,552,577
WBGene00019769.,3,91,94
WBGene00019770.,677,5466,6143
WBGene00019771.,574,1978,2552
WBGene00019772.,283,3642,3925
WBGene00019773.,4,10,14
WBGene00019774.,229,344,573
WBGene00019776.,9,139,148
WBGene00019777.,30,204,234
WBGene00019778.,36,672,708
WBGene00019779.,33,190,223
WBGene00019780.,207,16686,16893
WBGene00019781.,146,995,1141
WBGene00019782.,4,20,24
WBGene00019783.,7,4,11
WBGene00019784.,4,16,20
WBGene00019785.,3,15,18
WBGene00019786.,128,616,744
WBGene00019787.,124,563,687
WBGene00019788.,0,1,1
WBGene00019789.,2,564,566
WBGene00019791.,0,1,1
WBGene00019792.,25,265,290
WBGene00019793.,0,0,0
WBGene00019794.,7,5,12
WBGene00019795.,1,1,2
WBGene00019796.,2,9,11
WBGene00019797.,0,0,0
WBGene00019798.,2,2,4
WBGene00019799.,2,12,14
WBGene00019800.,18,4970,4988
WBGene00019801.,143,1167,1310
WBGene00019803.,4,65,69
WBGene00019804.,0,5,5
WBGene00019805.,24,250,274
WBGene00019806.,5,293,298
WBGene00019807.,74,498,572
WBGene00019808.,77,2082,2159
WBGene00019809.,0,2,2
WBGene00019810.,3,41,44
WBGene00019811.,2,72,74
WBGene00019812.,93,238,331
WBGene00019813.,43,1762,1805
WBGene00019814.,1,48,49
WBGene00019815.,5,3,8
WBGene00019816.,98,524,622
WBGene00019817.,11,96,107
WBGene00019818.,100,944,1044
WBGene00019819.,129,4640,4769
WBGene00019820.,63,1431,1494
WBGene00019821.,78,1401,1479
WBGene00019822.,74,909,983
WBGene00019823.,153,2360,2513
WBGene00019824.,76,667,743
WBGene00019825.,66,392,458
WBGene00019826.,3,18,21
WBGene00019827.,153,1239,1392
WBGene00019828.,14,89,103
WBGene00019829.,20,617,637
WBGene00019830.,37,580,617
WBGene00019831.,235,16761,16996
WBGene00019832.,133,403,536
WBGene00019833.,5,62,67
WBGene00019834.,0,12,12
WBGene00019835.,0,0,0
WBGene00019836.,81,1333,1414
WBGene00019837.,42,170,212
WBGene00019838.,344,3793,4137
WBGene00019839.,6,1016,1022
WBGene00019840.,11,337,348
WBGene00019841.,73,1595,1668
WBGene00019842.,777,843,1620
WBGene00019843.,67,861,928
WBGene00019844.,174,621,795
WBGene00019845.,13,75,88
WBGene00019846.,8,64,72
WBGene00019847.,677,1195,1872
WBGene00019849.,7,50,57
WBGene00019850.,2,0,2
WBGene00019851.,2,6,8
WBGene00019853.,8,105,113
WBGene00019854.,30,283,313
WBGene00019855.,252,1575,1827
WBGene00019856.,4,2,6
WBGene00019857.,0,2,2
WBGene00019858.,12,149,161
WBGene00019859.,1,49,50
WBGene00019861.,6,19,25
WBGene00019862.,23,845,868
WBGene00019863.,254,684,938
WBGene00019864.,62,554,616
WBGene00019865.,14,105,119
WBGene00019866.,17,145,162
WBGene00019867.,111,811,922
WBGene00019868.,50,587,637
WBGene00019869.,19,22,41
WBGene00019870.,14,464,478
WBGene00019871.,27,1057,1084
WBGene00019872.,248,305,553
WBGene00019873.,69,566,635
WBGene00019874.,6,50,56
WBGene00019875.,142,2437,2579
WBGene00019877.,40,1567,1607
WBGene00019878.,14,141,155
WBGene00019879.,0,0,0
WBGene00019880.,0,0,0
WBGene00019881.,123,1104,1227
WBGene00019882.,280,1646,1926
WBGene00019883.,86,1993,2079
WBGene00019884.,102,1010,1112
WBGene00019885.,70,428,498
WBGene00019886.,2,5,7
WBGene00019887.,9,19,28
WBGene00019888.,222,2926,3148
WBGene00019890.,21,4813,4834
WBGene00019891.,8,14,22
WBGene00019892.,45,865,910
WBGene00019893.,100,10459,10559
WBGene00019894.,14,155,169
WBGene00019895.,151,1293,1444
WBGene00019896.,103,218,321
WBGene00019898.,135,1279,1414
WBGene00019899.,147,486,633
WBGene00019900.,690,53820,54510
WBGene00019901.,16,641,657
WBGene00019902.,263,921,1184
WBGene00019903.,0,8,8
WBGene00019904.,96,1450,1546
WBGene00019905.,1,2,3
WBGene00019906.,3,157,160
WBGene00019907.,27,267,294
WBGene00019908.,396,2113,2509
WBGene00019909.,115,55,170
WBGene00019911.,66,818,884
WBGene00019912.,7,4,11
WBGene00019913.,16,15,31
WBGene00019914.,46,131,177
WBGene00019915.,103,772,875
WBGene00019916.,0,0,0
WBGene00019917.,2,23,25
WBGene00019918.,26,201,227
WBGene00019919.,0,4,4
WBGene00019920.,0,2,2
WBGene00019921.,2,13,15
WBGene00019922.,7,52,59
WBGene00019923.,0,2,2
WBGene00019924.,32,292,324
WBGene00019925.,0,2,2
WBGene00019926.,3,4,7
WBGene00019927.,3,18,21
WBGene00019928.,13,36,49
WBGene00019929.,1,4,5
WBGene00019930.,0,4,4
WBGene00019931.,0,0,0
WBGene00019932.,2,8,10
WBGene00019933.,5,3,8
WBGene00019934.,1,2,3
WBGene00019935.,75,184,259
WBGene00019937.,0,8189,8189
WBGene00019938.,80,512,592
WBGene00019939.,12,54,66
WBGene00019940.,339,5509,5848
WBGene00019941.,166,4361,4527
WBGene00019943.,101,927,1028
WBGene00019944.,57,1931,1988
WBGene00019945.,0,0,0
WBGene00019946.,119,2608,2727
WBGene00019947.,39,25273,25312
WBGene00019948.,14,73,87
WBGene00019949.,3,5,8
WBGene00019950.,5,11,16
WBGene00019951.,5,27,32
WBGene00019952.,0,267,267
WBGene00019953.,212,3283,3495
WBGene00019954.,0,1,1
WBGene00019955.,314,881,1195
WBGene00019956.,0,34,34
WBGene00019957.,27,237,264
WBGene00019959.,63,599,662
WBGene00019960.,127,609,736
WBGene00019961.,1,53,54
WBGene00019962.,53,683,736
WBGene00019963.,23,843,866
WBGene00019964.,9,9,18
WBGene00019965.,43,155,198
WBGene00019966.,3,10,13
WBGene00019967.,42,816,858
WBGene00019968.,19,528,547
WBGene00019969.,2,0,2
WBGene00019970.,0,28,28
WBGene00019971.,88,1623,1711
WBGene00019972.,11,20,31
WBGene00019973.,9,43,52
WBGene00019975.,189,1381,1570
WBGene00019976.,1,1,2
WBGene00019977.,14,28,42
WBGene00019978.,16,115,131
WBGene00019979.,26,169,195
WBGene00019980.,1,2,3
WBGene00019981.,15,2,17
WBGene00019982.,17,26,43
WBGene00019983.,73,5500,5573
WBGene00019986.,15,97,112
WBGene00019987.,9,480,489
WBGene00019988.,13,1449,1462
WBGene00019989.,1,15,16
WBGene00019991.,1,3,4
WBGene00019992.,0,3,3
WBGene00019993.,36,1635,1671
WBGene00019994.,227,532,759
WBGene00019995.,54,271,325
WBGene00019996.,2,6,8
WBGene00019997.,16,55,71
WBGene00019998.,491,3429,3920
WBGene00019999.,53,205,258
WBGene00020003.,22,13,35
WBGene00020004.,4,11,15
WBGene00020006.,159,778,937
WBGene00020007.,101,4197,4298
WBGene00020008.,36,362,398
WBGene00020010.,18,92,110
WBGene00020011.,84,658,742
WBGene00020012.,197,3786,3983
WBGene00020013.,1,3,4
WBGene00020014.,9,154,163
WBGene00020015.,1,13,14
WBGene00020016.,6,4,10
WBGene00020017.,6,150,156
WBGene00020018.,70,598,668
WBGene00020019.,21,36,57
WBGene00020020.,0,17,17
WBGene00020021.,3,7,10
WBGene00020022.,45,969,1014
WBGene00020023.,43,375,418
WBGene00020025.,78,4603,4681
WBGene00020026.,192,1915,2107
WBGene00020027.,147,2414,2561
WBGene00020028.,27,421,448
WBGene00020029.,179,2040,2219
WBGene00020030.,36,555,591
WBGene00020031.,162,1544,1706
WBGene00020032.,3,9,12
WBGene00020033.,229,3767,3996
WBGene00020034.,17,107,124
WBGene00020035.,7,76,83
WBGene00020036.,216,2703,2919
WBGene00020037.,44,3450,3494
WBGene00020038.,261,3541,3802
WBGene00020039.,110,2326,2436
WBGene00020040.,114,931,1045
WBGene00020041.,1,10,11
WBGene00020042.,0,2,2
WBGene00020043.,48,577,625
WBGene00020045.,102,830,932
WBGene00020046.,16,35,51
WBGene00020047.,40,404,444
WBGene00020048.,16,160,176
WBGene00020049.,25,1077,1102
WBGene00020050.,25,181,206
WBGene00020051.,123,1753,1876
WBGene00020052.,18,755,773
WBGene00020053.,0,13,13
WBGene00020054.,150,7522,7672
WBGene00020055.,0,4,4
WBGene00020056.,1,3,4
WBGene00020057.,5,4,9
WBGene00020058.,217,1514,1731
WBGene00020059.,4,2,6
WBGene00020060.,5,20,25
WBGene00020062.,10,518,528
WBGene00020063.,1,1,2
WBGene00020064.,142,881,1023
WBGene00020065.,2,1,3
WBGene00020066.,2,3,5
WBGene00020067.,0,1,1
WBGene00020068.,426,5219,5645
WBGene00020069.,181,773,954
WBGene00020070.,0,4,4
WBGene00020071.,0,0,0
WBGene00020072.,0,0,0
WBGene00020073.,0,1,1
WBGene00020075.,2,5,7
WBGene00020076.,0,0,0
WBGene00020077.,1,1,2
WBGene00020078.,4,1,5
WBGene00020080.,20,5,25
WBGene00020081.,6,0,6
WBGene00020082.,360,1696,2056
WBGene00020083.,79,606,685
WBGene00020084.,5,12,17
WBGene00020086.,54,148,202
WBGene00020087.,54,121,175
WBGene00020088.,39,168,207
WBGene00020089.,620,1889,2509
WBGene00020090.,129,483,612
WBGene00020091.,12,226,238
WBGene00020092.,325,2370,2695
WBGene00020093.,71,316,387
WBGene00020094.,55,841,896
WBGene00020095.,34,645,679
WBGene00020096.,14,746,760
WBGene00020097.,819,12234,13053
WBGene00020098.,25,362,387
WBGene00020099.,160,847,1007
WBGene00020100.,42,197,239
WBGene00020101.,113,926,1039
WBGene00020102.,225,1833,2058
WBGene00020103.,2,170,172
WBGene00020104.,47,784,831
WBGene00020105.,89,226,315
WBGene00020106.,326,1982,2308
WBGene00020107.,124,3982,4106
WBGene00020109.,22,1027,1049
WBGene00020110.,329,3454,3783
WBGene00020111.,69,818,887
WBGene00020112.,998,9074,10072
WBGene00020113.,1,800,801
WBGene00020114.,3528,10750,14278
WBGene00020115.,610,4926,5536
WBGene00020116.,8,1,9
WBGene00020117.,3,9,12
WBGene00020118.,2,3,5
WBGene00020119.,0,2,2
WBGene00020120.,0,0,0
WBGene00020121.,0,1,1
WBGene00020122.,5,2,7
WBGene00020123.,0,2,2
WBGene00020125.,16,246,262
WBGene00020126.,157,2702,2859
WBGene00020127.,1,1,2
WBGene00020128.,187,107,294
WBGene00020129.,1,2,3
WBGene00020130.,55,131,186
WBGene00020131.,1094,3911,5005
WBGene00020134.,806,576,1382
WBGene00020135.,79,1182,1261
WBGene00020136.,1,10,11
WBGene00020137.,29,475,504
WBGene00020138.,8,62,70
WBGene00020139.,52,915,967
WBGene00020140.,0,6,6
WBGene00020141.,31,464,495
WBGene00020142.,254,1973,2227
WBGene00020143.,891,9764,10655
WBGene00020144.,26,93,119
WBGene00020145.,11,5,16
WBGene00020146.,158,8770,8928
WBGene00020148.,21,301,322
WBGene00020149.,68,2068,2136
WBGene00020150.,8,6,14
WBGene00020151.,2,78,80
WBGene00020152.,20,38,58
WBGene00020153.,6,121,127
WBGene00020154.,0,12,12
WBGene00020155.,35,33303,33338
WBGene00020156.,119,23591,23710
WBGene00020157.,29,36,65
WBGene00020158.,39,496,535
WBGene00020160.,178,1447,1625
WBGene00020163.,87,411,498
WBGene00020164.,7,280,287
WBGene00020166.,143,1970,2113
WBGene00020167.,0,13,13
WBGene00020168.,14,180,194
WBGene00020169.,46,1369,1415
WBGene00020170.,54,53,107
WBGene00020171.,484,2061,2545
WBGene00020172.,94,560,654
WBGene00020173.,1,5,6
WBGene00020174.,1,0,1
WBGene00020175.,8,32,40
WBGene00020176.,1,4,5
WBGene00020177.,0,0,0
WBGene00020178.,0,2,2
WBGene00020179.,1,14,15
WBGene00020180.,0,0,0
WBGene00020181.,5100,41922,47022
WBGene00020182.,0,15,15
WBGene00020183.,20,292,312
WBGene00020184.,31,1431,1462
WBGene00020185.,36,10358,10394
WBGene00020187.,18,163,181
WBGene00020188.,4,62,66
WBGene00020189.,166,385,551
WBGene00020190.,548,4332,4880
WBGene00020191.,7,63,70
WBGene00020192.,37,4362,4399
WBGene00020193.,49,617,666
WBGene00020194.,190,2400,2590
WBGene00020195.,59,5889,5948
WBGene00020196.,137,262,399
WBGene00020197.,61,1325,1386
WBGene00020199.,12,547,559
WBGene00020200.,402,5078,5480
WBGene00020201.,3,12,15
WBGene00020202.,1,1,2
WBGene00020203.,18,6,24
WBGene00020204.,2,4,6
WBGene00020205.,0,13,13
WBGene00020207.,177,1202,1379
WBGene00020208.,601,1846,2447
WBGene00020209.,1143,4921,6064
WBGene00020210.,0,10,10
WBGene00020211.,0,1,1
WBGene00020212.,39,58,97
WBGene00020214.,56,475,531
WBGene00020215.,143,2245,2388
WBGene00020216.,89,12343,12432
WBGene00020217.,2,2,4
WBGene00020218.,17,98,115
WBGene00020219.,49,417,466
WBGene00020220.,21,554,575
WBGene00020221.,0,0,0
WBGene00020222.,18,484,502
WBGene00020223.,9,29,38
WBGene00020224.,42,281,323
WBGene00020225.,11,9,20
WBGene00020227.,1,16,17
WBGene00020228.,2,3,5
WBGene00020229.,136,8527,8663
WBGene00020230.,466,2265,2731
WBGene00020231.,20,102,122
WBGene00020232.,2,5,7
WBGene00020233.,17,102,119
WBGene00020234.,458,2242,2700
WBGene00020235.,169,1140,1309
WBGene00020236.,26,44,70
WBGene00020237.,4,2474,2478
WBGene00020238.,0,9,9
WBGene00020239.,1,3,4
WBGene00020240.,0,1,1
WBGene00020241.,0,12,12
WBGene00020242.,0,238,238
WBGene00020243.,2,11,13
WBGene00020244.,0,15,15
WBGene00020245.,44,344,388
WBGene00020246.,209,7999,8208
WBGene00020247.,4,28,32
WBGene00020248.,27,687,714
WBGene00020249.,229,1012,1241
WBGene00020250.,17,362,379
WBGene00020251.,726,3873,4599
WBGene00020252.,3,10,13
WBGene00020254.,11,17,28
WBGene00020256.,5,44,49
WBGene00020258.,22,124,146
WBGene00020259.,62,746,808
WBGene00020260.,282,2143,2425
WBGene00020261.,0,5,5
WBGene00020262.,30,95,125
WBGene00020263.,265,1080,1345
WBGene00020264.,46,396,442
WBGene00020265.,1,3,4
WBGene00020266.,7,17,24
WBGene00020267.,20,130,150
WBGene00020268.,256,2100,2356
WBGene00020269.,796,9226,10022
WBGene00020270.,3,51,54
WBGene00020271.,4,3,7
WBGene00020273.,357,1387,1744
WBGene00020274.,90,1740,1830
WBGene00020275.,4557,44019,48576
WBGene00020276.,0,155,155
WBGene00020277.,2,33,35
WBGene00020279.,420,775,1195
WBGene00020280.,9,45,54
WBGene00020281.,30,80,110
WBGene00020282.,1,3,4
WBGene00020283.,54,266,320
WBGene00020284.,485,2176,2661
WBGene00020285.,2,31,33
WBGene00020286.,15,1336,1351
WBGene00020287.,92,2770,2862
WBGene00020288.,7,5,12
WBGene00020289.,2,10,12
WBGene00020290.,0,3,3
WBGene00020291.,3,1,4
WBGene00020292.,2,2,4
WBGene00020293.,3,5,8
WBGene00020294.,586,1531,2117
WBGene00020295.,39,372,411
WBGene00020296.,139,1633,1772
WBGene00020297.,1553,17697,19250
WBGene00020298.,209,2065,2274
WBGene00020299.,213,1219,1432
WBGene00020300.,29,614,643
WBGene00020301.,275,1039,1314
WBGene00020302.,0,132,132
WBGene00020304.,8,7,15
WBGene00020305.,1,2,3
WBGene00020306.,11,1,12
WBGene00020307.,52,160,212
WBGene00020308.,7,9,16
WBGene00020309.,17,0,17
WBGene00020311.,16,574,590
WBGene00020313.,16,53,69
WBGene00020314.,42,520,562
WBGene00020315.,86,4759,4845
WBGene00020316.,289,1116,1405
WBGene00020317.,381,19549,19930
WBGene00020318.,4,28,32
WBGene00020319.,2,65,67
WBGene00020320.,11,382,393
WBGene00020321.,16,714,730
WBGene00020322.,19,884,903
WBGene00020323.,22,83,105
WBGene00020324.,214,1747,1961
WBGene00020325.,3,47,50
WBGene00020326.,1,0,1
WBGene00020327.,0,7,7
WBGene00020328.,1,8,9
WBGene00020329.,1,11,12
WBGene00020330.,52,621,673
WBGene00020333.,1,6,7
WBGene00020334.,254,1970,2224
WBGene00020335.,29,202,231
WBGene00020338.,5,3,8
WBGene00020339.,13,383,396
WBGene00020340.,9,68,77
WBGene00020341.,81,711,792
WBGene00020342.,2,2,4
WBGene00020343.,58,393,451
WBGene00020345.,7,30,37
WBGene00020346.,534,2348,2882
WBGene00020347.,699,5593,6292
WBGene00020348.,17,2070,2087
WBGene00020349.,23,90,113
WBGene00020350.,0,11,11
WBGene00020351.,0,0,0
WBGene00020352.,3,3,6
WBGene00020353.,0,3,3
WBGene00020354.,0,4,4
WBGene00020356.,9,5,14
WBGene00020357.,9,0,9
WBGene00020358.,0,10,10
WBGene00020359.,1,8,9
WBGene00020360.,48,137,185
WBGene00020361.,26,14,40
WBGene00020362.,0,2,2
WBGene00020363.,19,269,288
WBGene00020364.,0,1,1
WBGene00020365.,37,88,125
WBGene00020366.,504,6599,7103
WBGene00020368.,67,1858,1925
WBGene00020369.,71,855,926
WBGene00020370.,6,16,22
WBGene00020371.,2,3,5
WBGene00020372.,5,10,15
WBGene00020373.,14,1021,1035
WBGene00020374.,1500,2030,3530
WBGene00020375.,7,245,252
WBGene00020376.,44,444,488
WBGene00020377.,45,376,421
WBGene00020378.,43,384,427
WBGene00020379.,76,3227,3303
WBGene00020380.,10,10,20
WBGene00020381.,15,55,70
WBGene00020382.,1249,21881,23130
WBGene00020383.,697,2935,3632
WBGene00020384.,2,5,7
WBGene00020385.,122,155,277
WBGene00020386.,4,10,14
WBGene00020388.,12,21,33
WBGene00020389.,267,4085,4352
WBGene00020390.,127,2225,2352
WBGene00020391.,68,16838,16906
WBGene00020392.,59,1353,1412
WBGene00020393.,7,89,96
WBGene00020394.,51,361,412
WBGene00020396.,37,274,311
WBGene00020397.,498,5467,5965
WBGene00020398.,190,1802,1992
WBGene00020399.,220,2482,2702
WBGene00020400.,4,1,5
WBGene00020401.,28,72,100
WBGene00020402.,132,1524,1656
WBGene00020403.,244,1615,1859
WBGene00020404.,55,700,755
WBGene00020406.,0,0,0
WBGene00020407.,9,410,419
WBGene00020408.,103,599,702
WBGene00020409.,2,2,4
WBGene00020410.,1,0,1
WBGene00020411.,14,441,455
WBGene00020412.,61,694,755
WBGene00020413.,137,1371,1508
WBGene00020414.,5,4,9
WBGene00020415.,46,628,674
WBGene00020416.,3,2,5
WBGene00020417.,53,11016,11069
WBGene00020418.,24,139,163
WBGene00020419.,17,65,82
WBGene00020420.,5,67,72
WBGene00020421.,11,66,77
WBGene00020422.,29,851,880
WBGene00020423.,28,4173,4201
WBGene00020424.,3,79,82
WBGene00020425.,71,745,816
WBGene00020426.,12,731,743
WBGene00020427.,68,730,798
WBGene00020428.,2,3,5
WBGene00020430.,14,0,14
WBGene00020431.,0,1,1
WBGene00020432.,4,3,7
WBGene00020433.,1,1,2
WBGene00020434.,1,4,5
WBGene00020435.,6,1,7
WBGene00020436.,79,96,175
WBGene00020437.,46,5032,5078
WBGene00020438.,0,2,2
WBGene00020439.,2,0,2
WBGene00020440.,0,2,2
WBGene00020441.,216,1319,1535
WBGene00020442.,57,1581,1638
WBGene00020443.,306,1394,1700
WBGene00020444.,19,59,78
WBGene00020445.,62,456,518
WBGene00020446.,33,1282,1315
WBGene00020447.,184,2371,2555
WBGene00020448.,0,3,3
WBGene00020449.,2,12,14
WBGene00020450.,14,309,323
WBGene00020451.,30,381,411
WBGene00020452.,0,1,1
WBGene00020453.,6,70,76
WBGene00020454.,2,6,8
WBGene00020455.,4,39,43
WBGene00020456.,1,48,49
WBGene00020457.,24,833,857
WBGene00020458.,1,7,8
WBGene00020459.,0,0,0
WBGene00020460.,3,21,24
WBGene00020461.,29,118,147
WBGene00020462.,139,830,969
WBGene00020463.,39,600,639
WBGene00020464.,13,549,562
WBGene00020465.,25,64,89
WBGene00020466.,16,502,518
WBGene00020467.,12,50,62
WBGene00020468.,2,13,15
WBGene00020469.,0,0,0
WBGene00020471.,395,2628,3023
WBGene00020472.,10,49,59
WBGene00020473.,0,0,0
WBGene00020474.,10,18,28
WBGene00020475.,177,2264,2441
WBGene00020476.,3,2,5
WBGene00020478.,138,381,519
WBGene00020479.,290,2634,2924
WBGene00020480.,105,947,1052
WBGene00020481.,131,1978,2109
WBGene00020482.,23,108,131
WBGene00020483.,1,48,49
WBGene00020484.,3,58,61
WBGene00020485.,8,40,48
WBGene00020486.,121,677,798
WBGene00020487.,9,197,206
WBGene00020488.,1,53,54
WBGene00020489.,107,631,738
WBGene00020490.,354,1583,1937
WBGene00020491.,48,499,547
WBGene00020492.,7,1,8
WBGene00020494.,17,35,52
WBGene00020496.,374,3024,3398
WBGene00020497.,1,1860,1861
WBGene00020498.,129,1396,1525
WBGene00020499.,257,1493,1750
WBGene00020500.,87,957,1044
WBGene00020501.,144,1237,1381
WBGene00020502.,146,861,1007
WBGene00020503.,16,49,65
WBGene00020504.,436,1342,1778
WBGene00020505.,12,27,39
WBGene00020506.,122,349,471
WBGene00020507.,68,3293,3361
WBGene00020508.,17,513,530
WBGene00020509.,180,1822,2002
WBGene00020510.,24,938,962
WBGene00020511.,222,4339,4561
WBGene00020515.,2,1,3
WBGene00020516.,13,78,91
WBGene00020517.,53,2928,2981
WBGene00020520.,4,0,4
WBGene00020522.,8,10,18
WBGene00020523.,5,11,16
WBGene00020524.,17,21,38
WBGene00020525.,1,0,1
WBGene00020526.,3,5,8
WBGene00020527.,43,104,147
WBGene00020528.,45,69,114
WBGene00020530.,253,2667,2920
WBGene00020531.,7,28,35
WBGene00020532.,4,9,13
WBGene00020533.,0,0,0
WBGene00020534.,0,0,0
WBGene00020535.,0,1,1
WBGene00020536.,0,0,0
WBGene00020537.,0,11,11
WBGene00020539.,0,5,5
WBGene00020540.,38,468,506
WBGene00020541.,2,2,4
WBGene00020542.,2,6,8
WBGene00020543.,0,0,0
WBGene00020544.,0,0,0
WBGene00020545.,2,2,4
WBGene00020546.,3,1,4
WBGene00020547.,0,4,4
WBGene00020548.,0,0,0
WBGene00020549.,5,4170,4175
WBGene00020550.,2,121,123
WBGene00020551.,22,225,247
WBGene00020553.,81,2378,2459
WBGene00020554.,51,659,710
WBGene00020555.,7,58,65
WBGene00020556.,94,418,512
WBGene00020557.,276,2015,2291
WBGene00020558.,66,536,602
WBGene00020559.,75,300,375
WBGene00020560.,68,213,281
WBGene00020561.,795,7095,7890
WBGene00020562.,185,2676,2861
WBGene00020563.,249,2415,2664
WBGene00020564.,45,441,486
WBGene00020565.,18,1165,1183
WBGene00020566.,37,595,632
WBGene00020567.,17,72,89
WBGene00020568.,306,2521,2827
WBGene00020569.,105,522,627
WBGene00020571.,26,103,129
WBGene00020572.,111,626,737
WBGene00020573.,43,475,518
WBGene00020574.,16,45,61
WBGene00020575.,35,91,126
WBGene00020576.,4,122,126
WBGene00020577.,4,112,116
WBGene00020578.,0,2,2
WBGene00020579.,33,309,342
WBGene00020580.,0,12,12
WBGene00020581.,505,2377,2882
WBGene00020582.,3,241,244
WBGene00020583.,6,57,63
WBGene00020584.,2,9,11
WBGene00020585.,603,11900,12503
WBGene00020586.,83,322,405
WBGene00020587.,109,984,1093
WBGene00020588.,118,2258,2376
WBGene00020589.,856,9643,10499
WBGene00020590.,9,16,25
WBGene00020591.,5,15,20
WBGene00020592.,111,1062,1173
WBGene00020593.,32,432,464
WBGene00020594.,2,23,25
WBGene00020595.,33,353,386
WBGene00020596.,62,818,880
WBGene00020598.,6,10,16
WBGene00020599.,25,195,220
WBGene00020600.,156,1601,1757
WBGene00020601.,68,2537,2605
WBGene00020602.,8,18,26
WBGene00020603.,0,0,0
WBGene00020604.,44,3722,3766
WBGene00020605.,88,1073,1161
WBGene00020607.,5,2,7
WBGene00020608.,5,15,20
WBGene00020609.,5,0,5
WBGene00020611.,8,2,10
WBGene00020612.,17,246,263
WBGene00020613.,0,0,0
WBGene00020614.,7,5,12
WBGene00020615.,4,10,14
WBGene00020616.,7,49,56
WBGene00020617.,1,44,45
WBGene00020618.,1,9,10
WBGene00020619.,5,7,12
WBGene00020620.,1,12,13
WBGene00020622.,2,11,13
WBGene00020623.,0,1,1
WBGene00020624.,1,2,3
WBGene00020625.,35,1166,1201
WBGene00020626.,22,146,168
WBGene00020627.,65,65,130
WBGene00020628.,124,1118,1242
WBGene00020629.,62,1225,1287
WBGene00020630.,79,817,896
WBGene00020631.,1,6,7
WBGene00020632.,79,511,590
WBGene00020633.,48,1239,1287
WBGene00020634.,15,49,64
WBGene00020635.,7,11,18
WBGene00020636.,69,13782,13851
WBGene00020637.,4,3,7
WBGene00020638.,1,14,15
WBGene00020639.,0,3,3
WBGene00020640.,1,1,2
WBGene00020641.,0,1,1
WBGene00020642.,6,5,11
WBGene00020645.,0,3,3
WBGene00020646.,8,55,63
WBGene00020647.,69,1617,1686
WBGene00020648.,4,18,22
WBGene00020649.,70,319,389
WBGene00020650.,2,15,17
WBGene00020651.,82,741,823
WBGene00020652.,9,75,84
WBGene00020653.,2,12,14
WBGene00020655.,5,10,15
WBGene00020656.,0,10,10
WBGene00020657.,112,162,274
WBGene00020658.,34,1088,1122
WBGene00020659.,6,8,14
WBGene00020660.,0,2,2
WBGene00020661.,0,10,10
WBGene00020662.,118,1315,1433
WBGene00020663.,45,165,210
WBGene00020664.,71,32,103
WBGene00020665.,0,7,7
WBGene00020666.,4,4,8
WBGene00020667.,2,7,9
WBGene00020669.,8,2,10
WBGene00020670.,0,2,2
WBGene00020672.,360,66,426
WBGene00020673.,50,759,809
WBGene00020674.,8,26,34
WBGene00020675.,22,16,38
WBGene00020678.,104,601,705
WBGene00020679.,290,10704,10994
WBGene00020680.,2,16,18
WBGene00020682.,375,3398,3773
WBGene00020683.,112,8729,8841
WBGene00020684.,1,112,113
WBGene00020686.,57,14,71
WBGene00020687.,111,2938,3049
WBGene00020688.,8,16,24
WBGene00020689.,195,729,924
WBGene00020690.,171,654,825
WBGene00020691.,61,82,143
WBGene00020692.,20,166,186
WBGene00020693.,133,1234,1367
WBGene00020694.,34,126,160
WBGene00020695.,63,1273,1336
WBGene00020696.,318,13137,13455
WBGene00020697.,53,171,224
WBGene00020698.,2,10,12
WBGene00020699.,49,299,348
WBGene00020700.,0,124,124
WBGene00020701.,33,340,373
WBGene00020702.,30,30,60
WBGene00020703.,272,5322,5594
WBGene00020705.,292,1357,1649
WBGene00020706.,288,762,1050
WBGene00020707.,9,11,20
WBGene00020708.,8,116,124
WBGene00020709.,18,1103,1121
WBGene00020710.,40,3282,3322
WBGene00020711.,0,0,0
WBGene00020712.,75,253,328
WBGene00020713.,2,16,18
WBGene00020714.,7,173,180
WBGene00020715.,0,28,28
WBGene00020716.,47,376,423
WBGene00020717.,240,2035,2275
WBGene00020718.,35,1618,1653
WBGene00020719.,60,2130,2190
WBGene00020720.,2,26,28
WBGene00020721.,41,427,468
WBGene00020722.,119,1362,1481
WBGene00020725.,19,278,297
WBGene00020726.,42,652,694
WBGene00020727.,26,248,274
WBGene00020728.,8,19,27
WBGene00020729.,60,89,149
WBGene00020730.,3,62,65
WBGene00020732.,555,7235,7790
WBGene00020735.,389,2481,2870
WBGene00020736.,1209,2334,3543
WBGene00020737.,61,186,247
WBGene00020738.,168,3356,3524
WBGene00020739.,1,3,4
WBGene00020740.,18,410,428
WBGene00020741.,7,235,242
WBGene00020742.,182,1132,1314
WBGene00020743.,31,297,328
WBGene00020744.,0,63,63
WBGene00020746.,2,17,19
WBGene00020747.,3,25,28
WBGene00020748.,6,14,20
WBGene00020749.,6,20,26
WBGene00020750.,4,11,15
WBGene00020751.,0,0,0
WBGene00020752.,0,1,1
WBGene00020753.,0,1,1
WBGene00020754.,0,0,0
WBGene00020755.,1,2,3
WBGene00020756.,116,1376,1492
WBGene00020757.,25,610,635
WBGene00020758.,79,296,375
WBGene00020759.,13,63,76
WBGene00020760.,14,133,147
WBGene00020761.,84,530,614
WBGene00020762.,141,2558,2699
WBGene00020763.,49,748,797
WBGene00020764.,1,6,7
WBGene00020765.,54,240,294
WBGene00020766.,12,207,219
WBGene00020767.,81,1773,1854
WBGene00020769.,2,9,11
WBGene00020770.,304,384,688
WBGene00020771.,0,3,3
WBGene00020772.,1,7,8
WBGene00020773.,3,5,8
WBGene00020774.,4,26,30
WBGene00020775.,5,20,25
WBGene00020777.,59,255,314
WBGene00020778.,5,31,36
WBGene00020779.,611,3178,3789
WBGene00020781.,193,4003,4196
WBGene00020782.,95,958,1053
WBGene00020783.,47,258,305
WBGene00020784.,19,87,106
WBGene00020785.,6,18,24
WBGene00020786.,24,198,222
WBGene00020787.,13,16,29
WBGene00020788.,17,178,195
WBGene00020789.,2,10,12
WBGene00020790.,57,518,575
WBGene00020791.,5,7,12
WBGene00020792.,3,14,17
WBGene00020793.,20,14,34
WBGene00020794.,5,14,19
WBGene00020795.,54,36,90
WBGene00020796.,56,3611,3667
WBGene00020797.,15,13,28
WBGene00020798.,46,396,442
WBGene00020799.,18,162,180
WBGene00020800.,33,320,353
WBGene00020801.,18,674,692
WBGene00020802.,2,30,32
WBGene00020803.,110,1110,1220
WBGene00020804.,0,8,8
WBGene00020805.,0,20,20
WBGene00020806.,25,270,295
WBGene00020807.,20,59,79
WBGene00020808.,18316,204787,223103
WBGene00020809.,7,7,14
WBGene00020811.,141,858,999
WBGene00020812.,674,10910,11584
WBGene00020813.,22,10,32
WBGene00020817.,0,160,160
WBGene00020819.,29,277,306
WBGene00020820.,26,517,543
WBGene00020821.,143,2891,3034
WBGene00020822.,97,729,826
WBGene00020823.,114,580,694
WBGene00020824.,273,1901,2174
WBGene00020825.,84,498,582
WBGene00020826.,41,95,136
WBGene00020827.,399,3966,4365
WBGene00020829.,7,0,7
WBGene00020830.,100,484,584
WBGene00020831.,80,1689,1769
WBGene00020832.,7,9,16
WBGene00020833.,19,292,311
WBGene00020834.,17,37,54
WBGene00020835.,86,5,91
WBGene00020836.,169,4747,4916
WBGene00020837.,4,135,139
WBGene00020838.,275,5839,6114
WBGene00020839.,122,1835,1957
WBGene00020840.,0,26,26
WBGene00020841.,1,2,3
WBGene00020842.,23,332,355
WBGene00020843.,8,313,321
WBGene00020844.,0,605,605
WBGene00020845.,0,10,10
WBGene00020846.,82,611,693
WBGene00020847.,45,160,205
WBGene00020849.,11,85,96
WBGene00020850.,9,33,42
WBGene00020851.,6,15,21
WBGene00020852.,129,950,1079
WBGene00020853.,15,145,160
WBGene00020854.,452,15906,16358
WBGene00020855.,101,594,695
WBGene00020856.,7,31,38
WBGene00020857.,11,28,39
WBGene00020858.,53,75,128
WBGene00020859.,3,5,8
WBGene00020860.,0,68,68
WBGene00020861.,179,707,886
WBGene00020862.,248,2904,3152
WBGene00020863.,9,30,39
WBGene00020864.,24,25,49
WBGene00020865.,51,887,938
WBGene00020866.,289,691,980
WBGene00020867.,386,2712,3098
WBGene00020868.,1722,17210,18932
WBGene00020869.,31,643,674
WBGene00020870.,1,0,1
WBGene00020871.,0,0,0
WBGene00020872.,1,0,1
WBGene00020873.,0,9,9
WBGene00020874.,3,5,8
WBGene00020875.,0,4,4
WBGene00020877.,1,22,23
WBGene00020878.,18,273,291
WBGene00020879.,2,3,5
WBGene00020880.,2,1,3
WBGene00020881.,0,4,4
WBGene00020882.,5,4,9
WBGene00020883.,9,667,676
WBGene00020884.,316,2820,3136
WBGene00020885.,22,13,35
WBGene00020886.,112,7863,7975
WBGene00020887.,139,733,872
WBGene00020888.,5,3,8
WBGene00020889.,15,66,81
WBGene00020890.,2,2,4
WBGene00020891.,305,2551,2856
WBGene00020892.,1,7,8
WBGene00020893.,21,200,221
WBGene00020894.,1697,52766,54463
WBGene00020895.,892,5569,6461
WBGene00020896.,2,343,345
WBGene00020897.,337,2177,2514
WBGene00020898.,11,255,266
WBGene00020899.,0,14,14
WBGene00020900.,3,12,15
WBGene00020901.,105,812,917
WBGene00020902.,709,3695,4404
WBGene00020903.,41,23,64
WBGene00020904.,25,121,146
WBGene00020905.,0,2,2
WBGene00020906.,7,77,84
WBGene00020908.,47,473,520
WBGene00020909.,100,524,624
WBGene00020910.,23,284,307
WBGene00020911.,13,250,263
WBGene00020912.,103,2945,3048
WBGene00020913.,0,30,30
WBGene00020914.,5,11,16
WBGene00020915.,273,24941,25214
WBGene00020917.,305,2899,3204
WBGene00020918.,1,4,5
WBGene00020919.,35,793,828
WBGene00020920.,170,897,1067
WBGene00020921.,60,1879,1939
WBGene00020922.,0,3,3
WBGene00020923.,0,26,26
WBGene00020924.,33,262,295
WBGene00020927.,58,11,69
WBGene00020929.,152,1691,1843
WBGene00020930.,2488,8564,11052
WBGene00020931.,26,3893,3919
WBGene00020932.,260,2569,2829
WBGene00020933.,44,1424,1468
WBGene00020935.,209,1455,1664
WBGene00020936.,69,1938,2007
WBGene00020937.,22,696,718
WBGene00020938.,3,29,32
WBGene00020939.,70,1343,1413
WBGene00020940.,1,1,2
WBGene00020941.,16,34,50
WBGene00020942.,281,2056,2337
WBGene00020943.,1,2,3
WBGene00020944.,14,22,36
WBGene00020945.,60,2,62
WBGene00020946.,9,8,17
WBGene00020947.,34,225,259
WBGene00020948.,3,43,46
WBGene00020949.,18,471,489
WBGene00020950.,266,14439,14705
WBGene00020951.,217,2742,2959
WBGene00020952.,138,263,401
WBGene00020953.,0,28,28
WBGene00020954.,65,423,488
WBGene00020955.,213,180,393
WBGene00020957.,100,367,467
WBGene00020961.,10,5,15
WBGene00020962.,17,139,156
WBGene00020964.,137,657,794
WBGene00020966.,7,12,19
WBGene00020967.,7,44,51
WBGene00020970.,177,1281,1458
WBGene00020971.,0,1,1
WBGene00020972.,6,15,21
WBGene00020973.,0,6,6
WBGene00020974.,0,2,2
WBGene00020976.,8,9,17
WBGene00020977.,10,35,45
WBGene00020978.,10,0,10
WBGene00020979.,0,2,2
WBGene00020981.,3,1,4
WBGene00020982.,0,2,2
WBGene00020983.,3,7,10
WBGene00020984.,1,11,12
WBGene00020985.,1,69,70
WBGene00020986.,13,29,42
WBGene00020987.,0,3,3
WBGene00020988.,0,7,7
WBGene00020989.,1,9,10
WBGene00020990.,0,6,6
WBGene00020991.,0,3,3
WBGene00020992.,4,3,7
WBGene00020993.,40,1776,1816
WBGene00020994.,27,2505,2532
WBGene00020995.,24,226,250
WBGene00020997.,54,213,267
WBGene00020999.,69,907,976
WBGene00021000.,16,585,601
WBGene00021001.,6,5,11
WBGene00021002.,100,1291,1391
WBGene00021003.,0,9,9
WBGene00021004.,306,4707,5013
WBGene00021005.,11,25,36
WBGene00021006.,2,1,3
WBGene00021007.,1,8,9
WBGene00021008.,13,54,67
WBGene00021009.,2005,4040,6045
WBGene00021010.,6,4,10
WBGene00021011.,0,125,125
WBGene00021012.,52,736,788
WBGene00021013.,0,105,105
WBGene00021014.,9,205,214
WBGene00021015.,1,187,188
WBGene00021016.,8,12,20
WBGene00021017.,18,90,108
WBGene00021018.,0,14,14
WBGene00021019.,3,8,11
WBGene00021020.,125,228,353
WBGene00021021.,579,2327,2906
WBGene00021022.,191,1046,1237
WBGene00021023.,0,4,4
WBGene00021024.,380,5407,5787
WBGene00021025.,14,37,51
WBGene00021026.,382,5721,6103
WBGene00021027.,69,213,282
WBGene00021028.,10,16,26
WBGene00021029.,0,33,33
WBGene00021030.,1,14,15
WBGene00021031.,5,69,74
WBGene00021032.,8,1,9
WBGene00021033.,0,0,0
WBGene00021034.,1,29,30
WBGene00021035.,7,92,99
WBGene00021036.,1002,6591,7593
WBGene00021037.,13,153,166
WBGene00021038.,74,377,451
WBGene00021039.,29,512,541
WBGene00021040.,3,46,49
WBGene00021041.,2,16,18
WBGene00021042.,9,38,47
WBGene00021043.,744,26178,26922
WBGene00021044.,189,2045,2234
WBGene00021045.,4,21,25
WBGene00021046.,124,1044,1168
WBGene00021047.,474,2628,3102
WBGene00021048.,65,375,440
WBGene00021049.,54,797,851
WBGene00021050.,0,53668,53668
WBGene00021051.,33,690,723
WBGene00021052.,22,309,331
WBGene00021053.,4,100,104
WBGene00021054.,0,2,2
WBGene00021055.,34,212,246
WBGene00021056.,8,51,59
WBGene00021057.,30,792,822
WBGene00021058.,212,754,966
WBGene00021059.,236,1024,1260
WBGene00021060.,16,68,84
WBGene00021061.,77,728,805
WBGene00021063.,34,902,936
WBGene00021066.,6,283,289
WBGene00021067.,9,17,26
WBGene00021068.,350,1387,1737
WBGene00021070.,13,55,68
WBGene00021072.,8,7,15
WBGene00021073.,319,5588,5907
WBGene00021074.,87,2890,2977
WBGene00021075.,8187,135,8322
WBGene00021076.,29,321,350
WBGene00021078.,620,3406,4026
WBGene00021079.,941,8013,8954
WBGene00021080.,328,2305,2633
WBGene00021081.,33,39,72
WBGene00021082.,12,518,530
WBGene00021083.,9,80,89
WBGene00021084.,1,87,88
WBGene00021085.,0,1,1
WBGene00021086.,0,0,0
WBGene00021087.,1,18,19
WBGene00021088.,176,17716,17892
WBGene00021089.,13,227,240
WBGene00021090.,23,4,27
WBGene00021091.,0,12,12
WBGene00021092.,1,2,3
WBGene00021093.,56,3200,3256
WBGene00021094.,15,45,60
WBGene00021095.,72,3022,3094
WBGene00021096.,7,6,13
WBGene00021097.,133,2889,3022
WBGene00021098.,0,0,0
WBGene00021099.,0,6,6
WBGene00021100.,5,46,51
WBGene00021101.,5,11,16
WBGene00021103.,183,910,1093
WBGene00021104.,181,909,1090
WBGene00021106.,0,0,0
WBGene00021107.,0,0,0
WBGene00021108.,0,0,0
WBGene00021109.,0,0,0
WBGene00021110.,3,2,5
WBGene00021111.,30,384,414
WBGene00021112.,8,1240,1248
WBGene00021113.,0,0,0
WBGene00021114.,0,3,3
WBGene00021115.,1,7,8
WBGene00021116.,73,685,758
WBGene00021117.,2,20,22
WBGene00021118.,2,4,6
WBGene00021120.,2,14,16
WBGene00021121.,7,198,205
WBGene00021122.,3,3,6
WBGene00021123.,27,293,320
WBGene00021124.,67,157,224
WBGene00021125.,25,59,84
WBGene00021127.,9,194,203
WBGene00021128.,523,6203,6726
WBGene00021129.,4,24,28
WBGene00021130.,15,21,36
WBGene00021131.,88,601,689
WBGene00021132.,194,1031,1225
WBGene00021133.,308,4986,5294
WBGene00021134.,6,26,32
WBGene00021135.,3,9,12
WBGene00021136.,3,50,53
WBGene00021137.,0,1,1
WBGene00021138.,1,1,2
WBGene00021139.,0,1,1
WBGene00021140.,0,0,0
WBGene00021141.,2,0,2
WBGene00021142.,0,0,0
WBGene00021143.,0,1,1
WBGene00021144.,1,0,1
WBGene00021145.,0,4,4
WBGene00021146.,93,676,769
WBGene00021148.,12,68,80
WBGene00021149.,269,2495,2764
WBGene00021150.,0,1,1
WBGene00021151.,3,0,3
WBGene00021152.,70,262,332
WBGene00021153.,5,2,7
WBGene00021154.,1,2,3
WBGene00021155.,13,568,581
WBGene00021156.,49,254,303
WBGene00021157.,20,119,139
WBGene00021158.,0,42,42
WBGene00021159.,54,181,235
WBGene00021160.,53,164,217
WBGene00021161.,1029,10850,11879
WBGene00021162.,0,0,0
WBGene00021163.,10,156,166
WBGene00021164.,4,2,6
WBGene00021165.,0,2,2
WBGene00021166.,1,3,4
WBGene00021167.,3,15,18
WBGene00021168.,3,23,26
WBGene00021169.,0,2,2
WBGene00021170.,35,2120,2155
WBGene00021171.,120,896,1016
WBGene00021173.,2,4,6
WBGene00021174.,0,1,1
WBGene00021175.,2,4,6
WBGene00021176.,67,467,534
WBGene00021177.,4,2,6
WBGene00021178.,4,49,53
WBGene00021179.,1,0,1
WBGene00021180.,7,18,25
WBGene00021181.,7,2,9
WBGene00021182.,5,8,13
WBGene00021183.,7,32,39
WBGene00021184.,0,2,2
WBGene00021185.,87,392,479
WBGene00021186.,34,94,128
WBGene00021187.,9,1279,1288
WBGene00021188.,0,1,1
WBGene00021190.,4,37,41
WBGene00021191.,190,1947,2137
WBGene00021192.,35,333,368
WBGene00021193.,0,1,1
WBGene00021195.,8,174,182
WBGene00021196.,12,83,95
WBGene00021197.,1,1,2
WBGene00021198.,3,11,14
WBGene00021199.,7,38,45
WBGene00021200.,24,114,138
WBGene00021201.,9,358,367
WBGene00021202.,105,1369,1474
WBGene00021204.,12,126,138
WBGene00021205.,39,1015,1054
WBGene00021207.,4,4,8
WBGene00021208.,87,1127,1214
WBGene00021209.,236,1145,1381
WBGene00021210.,108,1146,1254
WBGene00021212.,17,55,72
WBGene00021213.,18,125,143
WBGene00021214.,4,21,25
WBGene00021215.,46,45,91
WBGene00021216.,0,0,0
WBGene00021217.,0,0,0
WBGene00021218.,0,0,0
WBGene00021219.,0,0,0
WBGene00021220.,0,26,26
WBGene00021221.,0,0,0
WBGene00021222.,0,0,0
WBGene00021223.,0,0,0
WBGene00021224.,0,0,0
WBGene00021225.,0,0,0
WBGene00021226.,0,0,0
WBGene00021227.,0,0,0
WBGene00021228.,0,0,0
WBGene00021230.,2,2,4
WBGene00021232.,4,12,16
WBGene00021233.,3,8,11
WBGene00021234.,10,1,11
WBGene00021235.,3,1,4
WBGene00021236.,0,67,67
WBGene00021237.,251,655,906
WBGene00021238.,337,199,536
WBGene00021239.,347,723,1070
WBGene00021241.,0,1,1
WBGene00021243.,0,4,4
WBGene00021244.,72,45,117
WBGene00021245.,63,488,551
WBGene00021246.,60,326,386
WBGene00021247.,160,473,633
WBGene00021248.,3054,62794,65848
WBGene00021249.,7,31,38
WBGene00021252.,6,14,20
WBGene00021253.,13,177,190
WBGene00021254.,66,92,158
WBGene00021256.,17,15,32
WBGene00021257.,27,71,98
WBGene00021259.,16,23,39
WBGene00021260.,136,867,1003
WBGene00021261.,3,6,9
WBGene00021262.,1,8,9
WBGene00021263.,17,11,28
WBGene00021264.,24,429,453
WBGene00021265.,30,209,239
WBGene00021266.,1,0,1
WBGene00021267.,19,109,128
WBGene00021268.,39,1360,1399
WBGene00021269.,102,412,514
WBGene00021270.,6,2450,2456
WBGene00021271.,39,172,211
WBGene00021272.,85,1452,1537
WBGene00021273.,0,0,0
WBGene00021274.,108,1041,1149
WBGene00021275.,172,305,477
WBGene00021276.,406,1607,2013
WBGene00021277.,118,2642,2760
WBGene00021278.,18,29,47
WBGene00021279.,4,43,47
WBGene00021280.,0,8,8
WBGene00021281.,1146,4628,5774
WBGene00021282.,16,180,196
WBGene00021284.,3,14,17
WBGene00021285.,0,11,11
WBGene00021286.,264,2764,3028
WBGene00021287.,3,10,13
WBGene00021288.,8,20,28
WBGene00021289.,0,14,14
WBGene00021290.,0,1,1
WBGene00021291.,3,0,3
WBGene00021292.,282,4119,4401
WBGene00021293.,2,3,5
WBGene00021294.,368,879,1247
WBGene00021295.,182,1229,1411
WBGene00021296.,17,1121,1138
WBGene00021297.,3,15,18
WBGene00021298.,4,1,5
WBGene00021299.,0,4,4
WBGene00021300.,1,2,3
WBGene00021301.,14,41,55
WBGene00021302.,6,13,19
WBGene00021303.,0,5,5
WBGene00021304.,114,326,440
WBGene00021305.,401,997,1398
WBGene00021309.,22,277,299
WBGene00021310.,5,24,29
WBGene00021311.,68,1175,1243
WBGene00021312.,74,3047,3121
WBGene00021313.,133,871,1004
WBGene00021314.,96,863,959
WBGene00021315.,38,955,993
WBGene00021316.,259,2994,3253
WBGene00021317.,1,2,3
WBGene00021319.,114,711,825
WBGene00021320.,130,572,702
WBGene00021321.,4,24,28
WBGene00021322.,122,943,1065
WBGene00021323.,95,1400,1495
WBGene00021324.,125,541,666
WBGene00021325.,43,388,431
WBGene00021326.,16,127,143
WBGene00021327.,1316,4461,5777
WBGene00021328.,42,357,399
WBGene00021329.,175,1246,1421
WBGene00021331.,146,5410,5556
WBGene00021332.,293,535,828
WBGene00021333.,159,400,559
WBGene00021334.,792,1240,2032
WBGene00021335.,0,127,127
WBGene00021336.,1,4,5
WBGene00021337.,2,19,21
WBGene00021338.,11,40,51
WBGene00021339.,1,4,5
WBGene00021340.,72,444,516
WBGene00021342.,70,40,110
WBGene00021343.,95,230,325
WBGene00021344.,122,129,251
WBGene00021345.,0,12,12
WBGene00021346.,325,1854,2179
WBGene00021347.,285,4925,5210
WBGene00021348.,343,4328,4671
WBGene00021349.,62,322,384
WBGene00021350.,49057,369507,418564
WBGene00021351.,133,4174,4307
WBGene00021352.,163,2046,2209
WBGene00021353.,114,262,376
WBGene00021354.,17,53,70
WBGene00021355.,625,4580,5205
WBGene00021357.,47,147,194
WBGene00021358.,2,21,23
WBGene00021359.,138,1477,1615
WBGene00021360.,1,2,3
WBGene00021362.,89,270,359
WBGene00021363.,199,407,606
WBGene00021364.,1,34,35
WBGene00021365.,194,1118,1312
WBGene00021366.,123,1007,1130
WBGene00021367.,21,829,850
WBGene00021368.,3,3,6
WBGene00021369.,92,765,857
WBGene00021370.,190,1426,1616
WBGene00021371.,30,348,378
WBGene00021372.,23,1104,1127
WBGene00021373.,3,3,6
WBGene00021374.,199,614,813
WBGene00021375.,35,1294,1329
WBGene00021376.,69,488,557
WBGene00021377.,47,1130,1177
WBGene00021378.,101,1100,1201
WBGene00021379.,16,166,182
WBGene00021380.,1,0,1
WBGene00021381.,1,1,2
WBGene00021382.,3651,3721,7372
WBGene00021383.,27,32,59
WBGene00021384.,18,33,51
WBGene00021385.,0,41,41
WBGene00021386.,16,45,61
WBGene00021387.,42,309,351
WBGene00021388.,97,775,872
WBGene00021389.,42,181,223
WBGene00021390.,2,10,12
WBGene00021391.,13,410,423
WBGene00021392.,45,1622,1667
WBGene00021394.,195,1018,1213
WBGene00021395.,130,1330,1460
WBGene00021396.,40,280,320
WBGene00021397.,5,12,17
WBGene00021398.,0,3,3
WBGene00021400.,101,799,900
WBGene00021401.,45,1039,1084
WBGene00021402.,37,533,570
WBGene00021403.,0,0,0
WBGene00021404.,0,0,0
WBGene00021405.,0,0,0
WBGene00021406.,2,0,2
WBGene00021407.,0,0,0
WBGene00021408.,0,0,0
WBGene00021409.,0,0,0
WBGene00021410.,23,31,54
WBGene00021412.,33,62,95
WBGene00021413.,22,6,28
WBGene00021414.,0,2,2
WBGene00021415.,206,1504,1710
WBGene00021416.,73,547,620
WBGene00021417.,7,52,59
WBGene00021418.,6,66,72
WBGene00021419.,35,235,270
WBGene00021420.,76,18296,18372
WBGene00021421.,120,1668,1788
WBGene00021423.,845,1457,2302
WBGene00021425.,238,1578,1816
WBGene00021427.,580,27193,27773
WBGene00021428.,25,14,39
WBGene00021430.,75,184,259
WBGene00021433.,0,1,1
WBGene00021434.,7,9,16
WBGene00021435.,8,7,15
WBGene00021436.,36,79,115
WBGene00021437.,94,72,166
WBGene00021438.,54,51,105
WBGene00021439.,329,929,1258
WBGene00021440.,91,536,627
WBGene00021441.,231,2112,2343
WBGene00021442.,71,556,627
WBGene00021443.,355,1154,1509
WBGene00021444.,290,624,914
WBGene00021446.,160,371,531
WBGene00021448.,2,13,15
WBGene00021449.,2,5,7
WBGene00021450.,12,17,29
WBGene00021451.,13,2,15
WBGene00021452.,34,405,439
WBGene00021453.,0,0,0
WBGene00021454.,0,2,2
WBGene00021456.,184,691,875
WBGene00021457.,12,26,38
WBGene00021458.,1,10,11
WBGene00021460.,83,1103,1186
WBGene00021461.,74,99,173
WBGene00021463.,8,13,21
WBGene00021464.,10,96,106
WBGene00021465.,5,220,225
WBGene00021466.,470,9287,9757
WBGene00021467.,51,1323,1374
WBGene00021468.,31,2295,2326
WBGene00021469.,25,3158,3183
WBGene00021470.,67,788,855
WBGene00021471.,4,28,32
WBGene00021472.,2,2,4
WBGene00021473.,190,124,314
WBGene00021474.,922,3600,4522
WBGene00021475.,585,5316,5901
WBGene00021476.,56,763,819
WBGene00021477.,7,10,17
WBGene00021478.,25,220,245
WBGene00021479.,23,12,35
WBGene00021482.,126,871,997
WBGene00021483.,0,6,6
WBGene00021484.,0,0,0
WBGene00021485.,5,3,8
WBGene00021486.,572,14840,15412
WBGene00021487.,99,526,625
WBGene00021488.,0,0,0
WBGene00021489.,11,0,11
WBGene00021490.,15,55,70
WBGene00021491.,0,5,5
WBGene00021492.,29,255,284
WBGene00021493.,47,396,443
WBGene00021494.,8,19,27
WBGene00021495.,0,48,48
WBGene00021496.,16,21,37
WBGene00021497.,148,370,518
WBGene00021500.,0,2,2
WBGene00021502.,40,372,412
WBGene00021503.,13,135,148
WBGene00021504.,15,42,57
WBGene00021505.,11,36,47
WBGene00021506.,161,2595,2756
WBGene00021507.,846,2326,3172
WBGene00021508.,70,936,1006
WBGene00021509.,561,1280,1841
WBGene00021510.,101,490,591
WBGene00021511.,47,97,144
WBGene00021512.,238,586,824
WBGene00021513.,87,35,122
WBGene00021514.,68,2292,2360
WBGene00021515.,58,358,416
WBGene00021516.,14,19,33
WBGene00021517.,8,4,12
WBGene00021518.,1,86,87
WBGene00021519.,0,13,13
WBGene00021520.,1,41,42
WBGene00021521.,6,45,51
WBGene00021522.,855,1363,2218
WBGene00021524.,23,134,157
WBGene00021525.,7,16,23
WBGene00021526.,39,92,131
WBGene00021527.,147,424,571
WBGene00021528.,201,662,863
WBGene00021529.,43,1027,1070
WBGene00021530.,11,8,19
WBGene00021531.,87,46,133
WBGene00021532.,211,7750,7961
WBGene00021533.,15,903,918
WBGene00021534.,1022,9575,10597
WBGene00021535.,1114,237,1351
WBGene00021536.,94,2156,2250
WBGene00021537.,17,29,46
WBGene00021538.,57,473,530
WBGene00021539.,217,2100,2317
WBGene00021540.,23,151,174
WBGene00021541.,2,191,193
WBGene00021542.,26,4,30
WBGene00021543.,89,2571,2660
WBGene00021544.,127,757,884
WBGene00021545.,469,1321,1790
WBGene00021546.,100,651,751
WBGene00021547.,72,737,809
WBGene00021548.,53,1864,1917
WBGene00021549.,489,834,1323
WBGene00021551.,299,2342,2641
WBGene00021552.,257,1405,1662
WBGene00021553.,10,17,27
WBGene00021554.,84,1769,1853
WBGene00021555.,8,142,150
WBGene00021556.,68,510,578
WBGene00021557.,0,130,130
WBGene00021558.,140,1500,1640
WBGene00021559.,111,1368,1479
WBGene00021560.,51,60,111
WBGene00021561.,395,803,1198
WBGene00021562.,417,5064,5481
WBGene00021563.,70,1730,1800
WBGene00021564.,376,1078,1454
WBGene00021565.,3,17,20
WBGene00021566.,0,0,0
WBGene00021567.,0,0,0
WBGene00021568.,0,0,0
WBGene00021569.,0,0,0
WBGene00021570.,0,0,0
WBGene00021571.,0,0,0
WBGene00021572.,0,0,0
WBGene00021573.,0,0,0
WBGene00021574.,0,0,0
WBGene00021576.,7,30,37
WBGene00021578.,1,3,4
WBGene00021579.,0,2,2
WBGene00021580.,1,8,9
WBGene00021581.,7,2,9
WBGene00021582.,2,1,3
WBGene00021583.,31,100,131
WBGene00021585.,4,0,4
WBGene00021586.,6,0,6
WBGene00021587.,3,14,17
WBGene00021589.,4,1281,1285
WBGene00021590.,2,6,8
WBGene00021591.,0,0,0
WBGene00021592.,1,0,1
WBGene00021593.,5,1,6
WBGene00021594.,15,28,43
WBGene00021595.,176,2855,3031
WBGene00021596.,68,257,325
WBGene00021597.,2861,2417,5278
WBGene00021599.,16,78,94
WBGene00021600.,17,205,222
WBGene00021601.,10,8,18
WBGene00021602.,5,14,19
WBGene00021603.,0,5,5
WBGene00021604.,2,6,8
WBGene00021605.,25,137,162
WBGene00021606.,15,24,39
WBGene00021607.,0,254,254
WBGene00021608.,1,1,2
WBGene00021609.,13,14,27
WBGene00021610.,25,245,270
WBGene00021611.,78,323,401
WBGene00021612.,0,3,3
WBGene00021613.,191,1087,1278
WBGene00021614.,363,4675,5038
WBGene00021615.,2,0,2
WBGene00021616.,0,0,0
WBGene00021617.,2,1,3
WBGene00021619.,0,1,1
WBGene00021620.,0,1,1
WBGene00021621.,0,6,6
WBGene00021622.,0,0,0
WBGene00021623.,1,4,5
WBGene00021624.,9,73,82
WBGene00021625.,0,2525,2525
WBGene00021626.,149,532,681
WBGene00021627.,0,3,3
WBGene00021628.,202,1572,1774
WBGene00021629.,336,2477,2813
WBGene00021630.,0,1,1
WBGene00021631.,1,0,1
WBGene00021632.,3,2,5
WBGene00021633.,9,23,32
WBGene00021634.,210,741,951
WBGene00021635.,8,41,49
WBGene00021636.,96,863,959
WBGene00021637.,105,618,723
WBGene00021638.,199,1733,1932
WBGene00021639.,9,54,63
WBGene00021640.,97,194,291
WBGene00021641.,41,34,75
WBGene00021643.,100,694,794
WBGene00021644.,80,2056,2136
WBGene00021645.,183,897,1080
WBGene00021646.,191,1011,1202
WBGene00021647.,252,3130,3382
WBGene00021648.,3,1227,1230
WBGene00021649.,14,267,281
WBGene00021650.,1,3,4
WBGene00021651.,12,18,30
WBGene00021653.,0,8,8
WBGene00021654.,2,119,121
WBGene00021655.,21,697,718
WBGene00021656.,5,18,23
WBGene00021657.,70,416,486
WBGene00021658.,8,247,255
WBGene00021660.,382,2528,2910
WBGene00021661.,61,161,222
WBGene00021662.,0,30,30
WBGene00021664.,4,6,10
WBGene00021666.,75,735,810
WBGene00021667.,7,82,89
WBGene00021668.,6,21,27
WBGene00021671.,5,40,45
WBGene00021672.,35,15,50
WBGene00021673.,28,18,46
WBGene00021675.,40,173,213
WBGene00021676.,26,473,499
WBGene00021677.,23,529,552
WBGene00021678.,15,5,20
WBGene00021679.,21,358,379
WBGene00021681.,827,1512,2339
WBGene00021682.,414,970,1384
WBGene00021683.,170,351,521
WBGene00021685.,978,908,1886
WBGene00021686.,846,2425,3271
WBGene00021687.,92,641,733
WBGene00021689.,222,479,701
WBGene00021690.,128,1785,1913
WBGene00021691.,89,2199,2288
WBGene00021692.,23,225,248
WBGene00021693.,67,203,270
WBGene00021694.,17,80,97
WBGene00021697.,1563,5778,7341
WBGene00021698.,500,1535,2035
WBGene00021700.,1,13,14
WBGene00021701.,32,17,49
WBGene00021702.,185,975,1160
WBGene00021703.,4,2,6
WBGene00021704.,62,126,188
WBGene00021706.,13,44,57
WBGene00021707.,5,66,71
WBGene00021708.,1,30,31
WBGene00021709.,6,200,206
WBGene00021710.,2,20,22
WBGene00021711.,0,4,4
WBGene00021713.,0,1,1
WBGene00021714.,72,455,527
WBGene00021715.,273,3258,3531
WBGene00021716.,0,3,3
WBGene00021717.,0,0,0
WBGene00021718.,0,0,0
WBGene00021719.,0,1,1
WBGene00021720.,10,1,11
WBGene00021721.,23,136,159
WBGene00021722.,2,3,5
WBGene00021723.,0,0,0
WBGene00021724.,0,2,2
WBGene00021725.,16,144,160
WBGene00021726.,5,31,36
WBGene00021727.,0,3,3
WBGene00021728.,17,65,82
WBGene00021729.,0,2,2
WBGene00021730.,3,7,10
WBGene00021731.,6,29,35
WBGene00021732.,67,223,290
WBGene00021733.,508,1133,1641
WBGene00021734.,38,75,113
WBGene00021735.,230,1130,1360
WBGene00021736.,96,1353,1449
WBGene00021737.,1,5,6
WBGene00021738.,173,577,750
WBGene00021739.,31,1157,1188
WBGene00021740.,178,730,908
WBGene00021741.,28,182,210
WBGene00021743.,149,434,583
WBGene00021744.,1,0,1
WBGene00021745.,55,178,233
WBGene00021746.,1,1,2
WBGene00021747.,8,22,30
WBGene00021748.,88,576,664
WBGene00021749.,101,787,888
WBGene00021750.,34,295,329
WBGene00021751.,855,205,1060
WBGene00021752.,614,473,1087
WBGene00021753.,342,1283,1625
WBGene00021754.,840,5788,6628
WBGene00021755.,47,120,167
WBGene00021756.,312,765,1077
WBGene00021757.,358,1701,2059
WBGene00021758.,165,941,1106
WBGene00021763.,88,425,513
WBGene00021764.,56,299,355
WBGene00021765.,350,723,1073
WBGene00021766.,57,577,634
WBGene00021768.,52,1064,1116
WBGene00021771.,343,1217,1560
WBGene00021772.,16,8,24
WBGene00021773.,0,2,2
WBGene00021774.,0,6,6
WBGene00021776.,203,674,877
WBGene00021778.,16,210,226
WBGene00021779.,1,2,3
WBGene00021780.,0,0,0
WBGene00021781.,47,475,522
WBGene00021783.,289,2053,2342
WBGene00021784.,112,1512,1624
WBGene00021785.,118,2128,2246
WBGene00021786.,5,7,12
WBGene00021787.,6,6,12
WBGene00021788.,174,38,212
WBGene00021789.,291,1394,1685
WBGene00021790.,10,5,15
WBGene00021791.,0,3,3
WBGene00021792.,3,1,4
WBGene00021793.,1,0,1
WBGene00021794.,6,11,17
WBGene00021795.,10,76,86
WBGene00021796.,40,742,782
WBGene00021797.,3,10,13
WBGene00021798.,7,2,9
WBGene00021799.,16,116,132
WBGene00021800.,452,11217,11669
WBGene00021801.,1,2,3
WBGene00021804.,2,18,20
WBGene00021805.,0,6,6
WBGene00021806.,0,0,0
WBGene00021807.,36,46,82
WBGene00021808.,313,1366,1679
WBGene00021809.,1,22,23
WBGene00021810.,648,1500,2148
WBGene00021811.,452,4438,4890
WBGene00021812.,32,387,419
WBGene00021813.,97,2170,2267
WBGene00021814.,32,46,78
WBGene00021815.,69,1477,1546
WBGene00021816.,102,2151,2253
WBGene00021817.,48,351,399
WBGene00021818.,541,5153,5694
WBGene00021819.,18,15,33
WBGene00021820.,382,642,1024
WBGene00021821.,0,7,7
WBGene00021826.,237,3610,3847
WBGene00021827.,101,585,686
WBGene00021828.,277,1280,1557
WBGene00021829.,48,4647,4695
WBGene00021830.,106,4394,4500
WBGene00021831.,489,1756,2245
WBGene00021832.,61,196,257
WBGene00021833.,14,2,16
WBGene00021834.,16,898,914
WBGene00021835.,69,895,964
WBGene00021838.,258,1923,2181
WBGene00021839.,456,5204,5660
WBGene00021840.,206,589,795
WBGene00021841.,30,306,336
WBGene00021842.,323,1035,1358
WBGene00021843.,651,5138,5789
WBGene00021844.,120,3228,3348
WBGene00021845.,41,4006,4047
WBGene00021846.,164,614,778
WBGene00021847.,160,1279,1439
WBGene00021848.,29,142,171
WBGene00021849.,840,15594,16434
WBGene00021850.,45,236,281
WBGene00021852.,65,451,516
WBGene00021853.,0,91,91
WBGene00021854.,204,1654,1858
WBGene00021855.,132,616,748
WBGene00021856.,407,1013,1420
WBGene00021857.,1339,6615,7954
WBGene00021858.,17,17,34
WBGene00021859.,8,4,12
WBGene00021860.,3,1,4
WBGene00021861.,4,16,20
WBGene00021862.,6,3,9
WBGene00021863.,101,551,652
WBGene00021864.,44,389,433
WBGene00021865.,15,10,25
WBGene00021866.,105,891,996
WBGene00021867.,149,1331,1480
WBGene00021868.,188,2417,2605
WBGene00021869.,3,48,51
WBGene00021870.,83,955,1038
WBGene00021871.,58,199,257
WBGene00021872.,13,108,121
WBGene00021873.,5,3,8
WBGene00021875.,603,5705,6308
WBGene00021876.,330,1775,2105
WBGene00021877.,47,127,174
WBGene00021878.,3,2,5
WBGene00021879.,2,83,85
WBGene00021880.,2,0,2
WBGene00021881.,78,168,246
WBGene00021882.,733,1216,1949
WBGene00021883.,170,6034,6204
WBGene00021884.,1,315,316
WBGene00021885.,9,2,11
WBGene00021886.,582,254,836
WBGene00021887.,40,137,177
WBGene00021888.,225,6339,6564
WBGene00021889.,1,2,3
WBGene00021890.,744,5701,6445
WBGene00021892.,8,4,12
WBGene00021893.,1732,4007,5739
WBGene00021894.,1242,8640,9882
WBGene00021895.,2,9,11
WBGene00021897.,119,437,556
WBGene00021898.,3,182,185
WBGene00021899.,367,6840,7207
WBGene00021900.,163,3121,3284
WBGene00021901.,19,2219,2238
WBGene00021902.,113,509,622
WBGene00021904.,40,747,787
WBGene00021905.,60,558,618
WBGene00021906.,284,913,1197
WBGene00021907.,2,2,4
WBGene00021908.,5,11,16
WBGene00021909.,42,1178,1220
WBGene00021910.,290,1026,1316
WBGene00021911.,4,35,39
WBGene00021912.,100,537,637
WBGene00021913.,47,1112,1159
WBGene00021914.,162,461,623
WBGene00021915.,194,1022,1216
WBGene00021917.,19,274,293
WBGene00021918.,50,1822,1872
WBGene00021919.,27,159,186
WBGene00021920.,458,3818,4276
WBGene00021921.,577,4247,4824
WBGene00021922.,63,1942,2005
WBGene00021923.,119,405,524
WBGene00021925.,150,564,714
WBGene00021926.,211,2194,2405
WBGene00021927.,23,415,438
WBGene00021928.,63,444,507
WBGene00021929.,25,1664,1689
WBGene00021930.,414,7484,7898
WBGene00021931.,151,292,443
WBGene00021932.,81,854,935
WBGene00021933.,31,439,470
WBGene00021934.,191,4654,4845
WBGene00021935.,149,611,760
WBGene00021936.,695,2036,2731
WBGene00021938.,123,1853,1976
WBGene00021939.,60,34,94
WBGene00021941.,60,160,220
WBGene00021942.,32,238,270
WBGene00021943.,229,2441,2670
WBGene00021945.,97,424,521
WBGene00021947.,10,48,58
WBGene00021948.,504,1447,1951
WBGene00021949.,0,8,8
WBGene00021950.,52,496,548
WBGene00021951.,11,54,65
WBGene00021952.,306,5410,5716
WBGene00021953.,9,23,32
WBGene00021956.,103,2220,2323
WBGene00021957.,1,4,5
WBGene00021958.,10,37,47
WBGene00021959.,558,7220,7778
WBGene00021960.,204,5019,5223
WBGene00021961.,0,0,0
WBGene00021963.,50,267,317
WBGene00021964.,1,0,1
WBGene00021965.,43,472,515
WBGene00021966.,0,5,5
WBGene00021967.,0,2,2
WBGene00021968.,35,26,61
WBGene00021969.,0,5,5
WBGene00021970.,18,11,29
WBGene00021971.,0,1,1
WBGene00021972.,67,500,567
WBGene00021973.,241,1816,2057
WBGene00021974.,160,1655,1815
WBGene00021975.,31,465,496
WBGene00021976.,45,485,530
WBGene00021977.,7,219,226
WBGene00021978.,0,60,60
WBGene00021979.,2,1338,1340
WBGene00021980.,283,734,1017
WBGene00021981.,71,4014,4085
WBGene00021983.,81,1396,1477
WBGene00021984.,94,624,718
WBGene00021985.,260,1533,1793
WBGene00021986.,163,1094,1257
WBGene00021987.,0,0,0
WBGene00021988.,0,0,0
WBGene00021990.,32,41,73
WBGene00021992.,2,1,3
WBGene00021993.,0,7,7
WBGene00021994.,19,85,104
WBGene00021995.,2,4,6
WBGene00021996.,0,5,5
WBGene00021997.,0,0,0
WBGene00021998.,0,0,0
WBGene00021999.,0,1,1
WBGene00022000.,0,0,0
WBGene00022001.,10,0,10
WBGene00022002.,0,1,1
WBGene00022003.,0,0,0
WBGene00022004.,20,289,309
WBGene00022005.,0,1,1
WBGene00022006.,0,1,1
WBGene00022007.,0,0,0
WBGene00022008.,2,1,3
WBGene00022010.,175,1602,1777
WBGene00022011.,2,7,9
WBGene00022012.,4,22,26
WBGene00022013.,1,164,165
WBGene00022014.,285,406,691
WBGene00022015.,522,1955,2477
WBGene00022016.,4,10,14
WBGene00022017.,2,33,35
WBGene00022018.,15,273,288
WBGene00022019.,532,2646,3178
WBGene00022020.,0,0,0
WBGene00022021.,393,3963,4356
WBGene00022022.,44,1032,1076
WBGene00022023.,0,3,3
WBGene00022024.,13,217,230
WBGene00022025.,115,2094,2209
WBGene00022026.,296,1955,2251
WBGene00022027.,365,4979,5344
WBGene00022028.,10,28,38
WBGene00022029.,119,2389,2508
WBGene00022030.,3,10,13
WBGene00022031.,87,772,859
WBGene00022032.,9,11,20
WBGene00022033.,38,269,307
WBGene00022034.,70,749,819
WBGene00022035.,47,55,102
WBGene00022036.,38,172,210
WBGene00022037.,128,1242,1370
WBGene00022038.,152,1253,1405
WBGene00022039.,0,27,27
WBGene00022040.,2,86,88
WBGene00022042.,13178,107558,120736
WBGene00022043.,40,978,1018
WBGene00022044.,38,1469,1507
WBGene00022045.,530,3748,4278
WBGene00022046.,13,20181,20194
WBGene00022047.,6,153,159
WBGene00022048.,1417,17647,19064
WBGene00022051.,176,687,863
WBGene00022052.,87,595,682
WBGene00022053.,990,12707,13697
WBGene00022054.,65,561,626
WBGene00022055.,41,445,486
WBGene00022056.,89,306,395
WBGene00022057.,62,1441,1503
WBGene00022059.,1572,1884,3456
WBGene00022060.,12,721,733
WBGene00022061.,21,35,56
WBGene00022062.,17,70,87
WBGene00022063.,130,1237,1367
WBGene00022064.,4,1,5
WBGene00022066.,0,5,5
WBGene00022067.,211,647,858
WBGene00022069.,300,8012,8312
WBGene00022070.,0,12,12
WBGene00022071.,14,57,71
WBGene00022072.,2139,26166,28305
WBGene00022073.,102,665,767
WBGene00022074.,281,1323,1604
WBGene00022075.,473,8186,8659
WBGene00022076.,4,15,19
WBGene00022077.,130,1486,1616
WBGene00022078.,846,2512,3358
WBGene00022079.,7,8,15
WBGene00022082.,3,10,13
WBGene00022083.,5,10,15
WBGene00022085.,12,9,21
WBGene00022086.,47,56,103
WBGene00022087.,785,1326,2111
WBGene00022089.,1407,51980,53387
WBGene00022090.,5,8,13
WBGene00022092.,269,3063,3332
WBGene00022093.,1009,15068,16077
WBGene00022094.,1,1,2
WBGene00022095.,0,0,0
WBGene00022096.,0,1,1
WBGene00022097.,4,0,4
WBGene00022099.,325,5055,5380
WBGene00022100.,637,1402,2039
WBGene00022101.,25,240,265
WBGene00022102.,4,34,38
WBGene00022103.,209,601,810
WBGene00022104.,316,381,697
WBGene00022106.,100,323,423
WBGene00022107.,68,1249,1317
WBGene00022108.,8,18,26
WBGene00022110.,11,164,175
WBGene00022111.,0,226,226
WBGene00022112.,0,21,21
WBGene00022113.,30,158,188
WBGene00022114.,154,15099,15253
WBGene00022115.,200,1701,1901
WBGene00022117.,356,523,879
WBGene00022118.,117,771,888
WBGene00022119.,24,4174,4198
WBGene00022121.,249,682,931
WBGene00022122.,142,17064,17206
WBGene00022123.,63,357,420
WBGene00022124.,199,485,684
WBGene00022125.,71,686,757
WBGene00022126.,112,499,611
WBGene00022127.,7,12054,12061
WBGene00022128.,119,932,1051
WBGene00022129.,100,589,689
WBGene00022130.,23,97,120
WBGene00022131.,140,666,806
WBGene00022133.,2,0,2
WBGene00022134.,707,3313,4020
WBGene00022138.,378,777,1155
WBGene00022139.,374,1251,1625
WBGene00022140.,33,6,39
WBGene00022141.,24,1121,1145
WBGene00022142.,13,13,26
WBGene00022143.,2,15,17
WBGene00022144.,84,11642,11726
WBGene00022145.,10,17,27
WBGene00022146.,56,2482,2538
WBGene00022148.,1004,3016,4020
WBGene00022149.,273,1584,1857
WBGene00022150.,24,2576,2600
WBGene00022152.,264,1121,1385
WBGene00022153.,277,1024,1301
WBGene00022154.,27,301,328
WBGene00022155.,57,570,627
WBGene00022156.,2,40,42
WBGene00022157.,5,2,7
WBGene00022158.,60,674,734
WBGene00022159.,280,3026,3306
WBGene00022160.,25,570,595
WBGene00022161.,29,478,507
WBGene00022162.,0,1,1
WBGene00022163.,20,14,34
WBGene00022165.,133,493,626
WBGene00022166.,139,349,488
WBGene00022167.,92,783,875
WBGene00022168.,433,1338,1771
WBGene00022169.,314,3694,4008
WBGene00022170.,5196,53397,58593
WBGene00022171.,0,166,166
WBGene00022172.,0,98,98
WBGene00022173.,0,595,595
WBGene00022174.,210,542,752
WBGene00022175.,116,560,676
WBGene00022176.,277,1491,1768
WBGene00022177.,3,15,18
WBGene00022178.,16,102,118
WBGene00022179.,12,17,29
WBGene00022180.,158,2913,3071
WBGene00022181.,17,83,100
WBGene00022182.,363,1965,2328
WBGene00022185.,179,1458,1637
WBGene00022188.,110,1328,1438
WBGene00022189.,0,8,8
WBGene00022190.,10,336,346
WBGene00022191.,54,323,377
WBGene00022192.,116,1609,1725
WBGene00022193.,45,688,733
WBGene00022194.,353,10027,10380
WBGene00022195.,156,621,777
WBGene00022196.,21,391,412
WBGene00022197.,66,353,419
WBGene00022198.,75,372,447
WBGene00022199.,83,6961,7044
WBGene00022200.,9,122,131
WBGene00022201.,87,1466,1553
WBGene00022202.,175,2899,3074
WBGene00022203.,30,561,591
WBGene00022204.,3,33,36
WBGene00022205.,45,114,159
WBGene00022206.,51,131,182
WBGene00022207.,4,14,18
WBGene00022209.,1,0,1
WBGene00022210.,3,1,4
WBGene00022211.,109,551,660
WBGene00022213.,3,34,37
WBGene00022214.,2,28,30
WBGene00022215.,3,5,8
WBGene00022216.,1,2,3
WBGene00022217.,0,1,1
WBGene00022218.,0,4,4
WBGene00022219.,98,494,592
WBGene00022221.,204,512,716
WBGene00022222.,20,49,69
WBGene00022223.,2,3,5
WBGene00022224.,0,14,14
WBGene00022225.,2,15,17
WBGene00022227.,51,345,396
WBGene00022228.,49,165,214
WBGene00022229.,27,21,48
WBGene00022230.,1005,9149,10154
WBGene00022231.,96,599,695
WBGene00022232.,119,849,968
WBGene00022233.,218,3191,3409
WBGene00022235.,1150,39265,40415
WBGene00022236.,0,26,26
WBGene00022237.,2,8,10
WBGene00022240.,106,1122,1228
WBGene00022242.,232,3020,3252
WBGene00022243.,1,21,22
WBGene00022244.,0,158,158
WBGene00022245.,825,8416,9241
WBGene00022246.,25,211,236
WBGene00022247.,94,167,261
WBGene00022248.,250,4223,4473
WBGene00022249.,0,2,2
WBGene00022250.,53,444,497
WBGene00022251.,102,1161,1263
WBGene00022252.,40,292,332
WBGene00022253.,126,2923,3049
WBGene00022254.,47,1080,1127
WBGene00022255.,35,279,314
WBGene00022256.,4,3,7
WBGene00022257.,1,57,58
WBGene00022258.,72,793,865
WBGene00022259.,84,719,803
WBGene00022260.,134,978,1112
WBGene00022261.,21,107,128
WBGene00022262.,1,3,4
WBGene00022263.,5,137,142
WBGene00022264.,0,4,4
WBGene00022265.,0,3,3
WBGene00022266.,0,0,0
WBGene00022267.,28,86,114
WBGene00022268.,286,2542,2828
WBGene00022269.,299,2734,3033
WBGene00022270.,160,435,595
WBGene00022271.,46,3363,3409
WBGene00022272.,2,35,37
WBGene00022273.,34,543,577
WBGene00022274.,62,259,321
WBGene00022275.,4,48,52
WBGene00022276.,256,4390,4646
WBGene00022277.,251,2079,2330
WBGene00022278.,326,1083,1409
WBGene00022279.,163,2052,2215
WBGene00022280.,124,1419,1543
WBGene00022281.,327,1235,1562
WBGene00022282.,0,3,3
WBGene00022283.,50,426,476
WBGene00022284.,97,471,568
WBGene00022285.,850,687,1537
WBGene00022286.,171,842,1013
WBGene00022287.,168,2434,2602
WBGene00022288.,16,124,140
WBGene00022289.,6,15,21
WBGene00022290.,1,1,2
WBGene00022291.,0,0,0
WBGene00022292.,0,0,0
WBGene00022295.,20,73,93
WBGene00022296.,538,1669,2207
WBGene00022297.,194,4351,4545
WBGene00022298.,7,14,21
WBGene00022300.,227,826,1053
WBGene00022301.,618,1818,2436
WBGene00022302.,114,1607,1721
WBGene00022303.,0,148,148
WBGene00022306.,1048,2589,3637
WBGene00022307.,27,1129,1156
WBGene00022308.,1,3,4
WBGene00022309.,129,808,937
WBGene00022310.,323,1372,1695
WBGene00022311.,4,3,7
WBGene00022312.,0,0,0
WBGene00022313.,96,159,255
WBGene00022314.,75,335,410
WBGene00022315.,2,3,5
WBGene00022316.,0,0,0
WBGene00022317.,11,94,105
WBGene00022318.,0,1,1
WBGene00022319.,0,2,2
WBGene00022320.,11,0,11
WBGene00022321.,2,0,2
WBGene00022322.,0,2,2
WBGene00022323.,0,0,0
WBGene00022324.,4,13,17
WBGene00022325.,7,72,79
WBGene00022326.,7,70,77
WBGene00022327.,11,26,37
WBGene00022328.,4,5,9
WBGene00022329.,3,55,58
WBGene00022330.,1,10,11
WBGene00022331.,5,27,32
WBGene00022332.,2,0,2
WBGene00022333.,4,27,31
WBGene00022334.,20,31,51
WBGene00022335.,36,143,179
WBGene00022336.,455,284075,284530
WBGene00022337.,2,4,6
WBGene00022338.,20,12,32
WBGene00022339.,687,6707,7394
WBGene00022340.,0,6,6
WBGene00022341.,0,1,1
WBGene00022342.,2,1,3
WBGene00022343.,2,2,4
WBGene00022344.,4,4,8
WBGene00022345.,5,1,6
WBGene00022346.,2,18,20
WBGene00022347.,205,2125,2330
WBGene00022348.,92,2140,2232
WBGene00022349.,30,94,124
WBGene00022350.,285,1142,1427
WBGene00022351.,109,260,369
WBGene00022352.,0,53,53
WBGene00022353.,4,27,31
WBGene00022354.,319,706,1025
WBGene00022356.,20,1211,1231
WBGene00022357.,78,881,959
WBGene00022358.,281,1028,1309
WBGene00022360.,285,1576,1861
WBGene00022361.,345,966,1311
WBGene00022363.,190,670,860
WBGene00022365.,14,125,139
WBGene00022366.,318,754,1072
WBGene00022367.,144,148,292
WBGene00022368.,122,1506,1628
WBGene00022369.,163,1083,1246
WBGene00022370.,163,230,393
WBGene00022371.,257,870,1127
WBGene00022372.,164,377,541
WBGene00022373.,311,5410,5721
WBGene00022374.,25,208,233
WBGene00022375.,4,7,11
WBGene00022376.,195,2231,2426
WBGene00022377.,5,73,78
WBGene00022378.,830,4106,4936
WBGene00022379.,28,150,178
WBGene00022380.,713,5942,6655
WBGene00022381.,147,1849,1996
WBGene00022382.,0,944,944
WBGene00022385.,20,14,34
WBGene00022386.,285,1009,1294
WBGene00022388.,408,997,1405
WBGene00022389.,355,1360,1715
WBGene00022390.,52,233,285
WBGene00022391.,428,1057,1485
WBGene00022392.,16,83,99
WBGene00022393.,105,1554,1659
WBGene00022394.,48,3650,3698
WBGene00022395.,19,67,86
WBGene00022396.,41,758,799
WBGene00022397.,237,1510,1747
WBGene00022398.,51,639,690
WBGene00022399.,26,285,311
WBGene00022400.,49,1983,2032
WBGene00022401.,119,3652,3771
WBGene00022402.,35,1375,1410
WBGene00022403.,5,5,10
WBGene00022404.,1,11,12
WBGene00022405.,6,31,37
WBGene00022406.,0,5,5
WBGene00022407.,3,10,13
WBGene00022408.,0,20,20
WBGene00022409.,7,49,56
WBGene00022410.,13,10085,10098
WBGene00022411.,13,30,43
WBGene00022412.,47,225,272
WBGene00022413.,13,59,72
WBGene00022415.,38,804,842
WBGene00022416.,71,329,400
WBGene00022417.,38,901,939
WBGene00022418.,81,788,869
WBGene00022419.,46,358,404
WBGene00022420.,57,1137,1194
WBGene00022421.,1,1,2
WBGene00022423.,168,162,330
WBGene00022425.,309,1266,1575
WBGene00022426.,141,733,874
WBGene00022427.,193,988,1181
WBGene00022428.,72,461,533
WBGene00022429.,0,0,0
WBGene00022431.,32,5,37
WBGene00022432.,0,30,30
WBGene00022433.,1,0,1
WBGene00022434.,447,1053,1500
WBGene00022435.,154,237,391
WBGene00022438.,2,0,2
WBGene00022439.,5,2,7
WBGene00022440.,5,24,29
WBGene00022441.,146,1011,1157
WBGene00022442.,0,0,0
WBGene00022443.,0,0,0
WBGene00022444.,2,3,5
WBGene00022445.,4,19,23
WBGene00022446.,0,4,4
WBGene00022447.,215,343,558
WBGene00022448.,137,667,804
WBGene00022450.,55,547,602
WBGene00022452.,0,156,156
WBGene00022453.,165,2704,2869
WBGene00022454.,64,39,103
WBGene00022455.,26,1911,1937
WBGene00022456.,128,2406,2534
WBGene00022457.,88,660,748
WBGene00022458.,10,2681,2691
WBGene00022459.,52,557,609
WBGene00022460.,99,1129,1228
WBGene00022462.,15,349,364
WBGene00022463.,217,2105,2322
WBGene00022465.,69,651,720
WBGene00022466.,78,1018,1096
WBGene00022467.,0,3,3
WBGene00022469.,12,166,178
WBGene00022470.,494,3630,4124
WBGene00022471.,46,321,367
WBGene00022472.,482,5733,6215
WBGene00022473.,1912,4315,6227
WBGene00022474.,7,37,44
WBGene00022475.,71,1371,1442
WBGene00022476.,0,0,0
WBGene00022477.,0,1,1
WBGene00022478.,1,11,12
WBGene00022479.,1,3,4
WBGene00022481.,0,1,1
WBGene00022482.,1,2,3
WBGene00022483.,0,0,0
WBGene00022484.,5,28,33
WBGene00022485.,70,266,336
WBGene00022486.,11,21,32
WBGene00022487.,3,21,24
WBGene00022488.,120,734,854
WBGene00022489.,432,3524,3956
WBGene00022490.,12,51,63
WBGene00022491.,110,175,285
WBGene00022492.,116,3520,3636
WBGene00022493.,182,1088,1270
WBGene00022494.,0,0,0
WBGene00022495.,1,5,6
WBGene00022496.,0,101,101
WBGene00022497.,0,1700,1700
WBGene00022498.,12,37,49
WBGene00022499.,211,6102,6313
WBGene00022500.,565,6175,6740
WBGene00022501.,595,948,1543
WBGene00022502.,57,582,639
WBGene00022503.,10,165,175
WBGene00022504.,30,115,145
WBGene00022505.,27,497,524
WBGene00022506.,8,48,56
WBGene00022507.,24,7,31
WBGene00022508.,1,6,7
WBGene00022509.,0,5,5
WBGene00022511.,1,6,7
WBGene00022512.,0,0,0
WBGene00022515.,42,858,900
WBGene00022516.,63,2254,2317
WBGene00022517.,85,152,237
WBGene00022518.,428,770,1198
WBGene00022519.,283,1907,2190
WBGene00022521.,32,45,77
WBGene00022522.,20,168,188
WBGene00022526.,15,13,28
WBGene00022527.,38,69,107
WBGene00022528.,1,16,17
WBGene00022529.,5,4,9
WBGene00022530.,10,126,136
WBGene00022531.,57,1082,1139
WBGene00022532.,6,129,135
WBGene00022533.,19,154,173
WBGene00022534.,181,1747,1928
WBGene00022536.,3,4,7
WBGene00022537.,9,48,57
WBGene00022538.,180,2810,2990
WBGene00022539.,25,50,75
WBGene00022540.,33,27,60
WBGene00022541.,0,0,0
WBGene00022542.,2,3,5
WBGene00022544.,42,11,53
WBGene00022545.,4,2,6
WBGene00022546.,5,6,11
WBGene00022547.,2,25,27
WBGene00022548.,8,2,10
WBGene00022549.,16,35,51
WBGene00022550.,3,9,12
WBGene00022551.,1,3,4
WBGene00022552.,1,22,23
WBGene00022553.,2,1,3
WBGene00022554.,34,489,523
WBGene00022555.,0,0,0
WBGene00022556.,0,3,3
WBGene00022557.,0,5,5
WBGene00022558.,0,0,0
WBGene00022559.,0,0,0
WBGene00022560.,0,6,6
WBGene00022561.,0,0,0
WBGene00022562.,16,156,172
WBGene00022563.,3,2,5
WBGene00022564.,47,355,402
WBGene00022565.,2,6,8
WBGene00022566.,3,41,44
WBGene00022567.,21,74,95
WBGene00022568.,18,371,389
WBGene00022569.,21,624,645
WBGene00022570.,2,12,14
WBGene00022571.,1,1,2
WBGene00022572.,0,0,0
WBGene00022573.,0,14,14
WBGene00022574.,0,14,14
WBGene00022575.,0,0,0
WBGene00022576.,29,174,203
WBGene00022577.,30,243,273
WBGene00022578.,0,0,0
WBGene00022579.,329,3273,3602
WBGene00022580.,145,1910,2055
WBGene00022581.,2,10,12
WBGene00022582.,0,0,0
WBGene00022583.,230,3997,4227
WBGene00022584.,81,313,394
WBGene00022586.,4,36,40
WBGene00022587.,0,18,18
WBGene00022588.,65,380,445
WBGene00022589.,7,2,9
WBGene00022590.,0,53,53
WBGene00022591.,207,1581,1788
WBGene00022592.,258,973,1231
WBGene00022593.,114,464,578
WBGene00022594.,2,6,8
WBGene00022596.,2,3,5
WBGene00022597.,104,864,968
WBGene00022598.,89,1417,1506
WBGene00022599.,1689,32641,34330
WBGene00022600.,2,6,8
WBGene00022601.,39,257,296
WBGene00022603.,86,1702,1788
WBGene00022604.,1,2,3
WBGene00022605.,0,4,4
WBGene00022606.,14,52,66
WBGene00022608.,135,729,864
WBGene00022609.,60,336,396
WBGene00022610.,26,88,114
WBGene00022611.,31,115,146
WBGene00022612.,23,204,227
WBGene00022613.,75,550,625
WBGene00022614.,197,1657,1854
WBGene00022615.,22,971,993
WBGene00022616.,0,4,4
WBGene00022617.,0,2,2
WBGene00022618.,193,3460,3653
WBGene00022619.,0,21,21
WBGene00022620.,104,1293,1397
WBGene00022621.,0,0,0
WBGene00022622.,3,1,4
WBGene00022623.,14,375,389
WBGene00022624.,52,105,157
WBGene00022627.,20,48,68
WBGene00022628.,3,9,12
WBGene00022629.,33,574,607
WBGene00022630.,3,5,8
WBGene00022631.,20,245,265
WBGene00022632.,8,5,13
WBGene00022633.,44,372,416
WBGene00022634.,2,7,9
WBGene00022635.,96,504,600
WBGene00022636.,1,4,5
WBGene00022637.,1,6,7
WBGene00022638.,0,0,0
WBGene00022639.,3,7,10
WBGene00022640.,7,5,12
WBGene00022641.,7,24,31
WBGene00022642.,41,239,280
WBGene00022643.,6,40,46
WBGene00022644.,13,298,311
WBGene00022645.,30,267,297
WBGene00022646.,21,938,959
WBGene00022647.,102,701,803
WBGene00022648.,170,585,755
WBGene00022649.,20,178,198
WBGene00022650.,257,270,527
WBGene00022651.,0,4,4
WBGene00022652.,0,1,1
WBGene00022653.,12,54,66
WBGene00022654.,7,3,10
WBGene00022655.,17,37,54
WBGene00022656.,4,156,160
WBGene00022657.,17,1009,1026
WBGene00022658.,2,14,16
WBGene00022660.,0,24,24
WBGene00022661.,41,134,175
WBGene00022662.,15,42,57
WBGene00022663.,82,1111,1193
WBGene00022664.,35,858,893
WBGene00022665.,80,808,888
WBGene00022666.,82,1261,1343
WBGene00022667.,267,2073,2340
WBGene00022668.,269,1796,2065
WBGene00022669.,0,3,3
WBGene00022670.,0,3,3
WBGene00022671.,7,21,28
WBGene00022672.,216,939,1155
WBGene00022673.,44,505,549
WBGene00022674.,1,0,1
WBGene00022675.,593,1678,2271
WBGene00022677.,36,612,648
WBGene00022678.,182,6358,6540
WBGene00022679.,13,2583,2596
WBGene00022680.,27,179,206
WBGene00022681.,37,122,159
WBGene00022682.,42,135,177
WBGene00022683.,68,568,636
WBGene00022685.,1,0,1
WBGene00022688.,0,1,1
WBGene00022689.,0,1,1
WBGene00022690.,5,12,17
WBGene00022691.,0,5,5
WBGene00022694.,72,992,1064
WBGene00022695.,54,405,459
WBGene00022696.,28,162,190
WBGene00022697.,179,1805,1984
WBGene00022698.,18,55,73
WBGene00022699.,0,5,5
WBGene00022700.,20,145,165
WBGene00022702.,7,482,489
WBGene00022703.,240,1887,2127
WBGene00022704.,84,716,800
WBGene00022705.,5,32,37
WBGene00022706.,15,118,133
WBGene00022707.,2,3,5
WBGene00022708.,1,9,10
WBGene00022709.,13,116,129
WBGene00022710.,1,32,33
WBGene00022711.,2,4,6
WBGene00022712.,36,253,289
WBGene00022713.,0,4,4
WBGene00022714.,6,3,9
WBGene00022715.,13,48,61
WBGene00022716.,2,4,6
WBGene00022717.,82,997,1079
WBGene00022718.,197,2008,2205
WBGene00022719.,196,2267,2463
WBGene00022720.,45,323,368
WBGene00022721.,53,705,758
WBGene00022722.,152,2764,2916
WBGene00022723.,14,8,22
WBGene00022724.,0,10,10
WBGene00022725.,8,53,61
WBGene00022726.,0,0,0
WBGene00022727.,99,935,1034
WBGene00022728.,1,3,4
WBGene00022729.,0,0,0
WBGene00022730.,33,384,417
WBGene00022731.,15,18,33
WBGene00022732.,8,53,61
WBGene00022733.,147,148,295
WBGene00022734.,104,3818,3922
WBGene00022735.,13,62,75
WBGene00022736.,16,292,308
WBGene00022737.,9,382,391
WBGene00022738.,309,5576,5885
WBGene00022739.,252,2526,2778
WBGene00022741.,15,10,25
WBGene00022742.,144,2345,2489
WBGene00022743.,124,832,956
WBGene00022744.,30,130,160
WBGene00022745.,1324,7765,9089
WBGene00022746.,0,7,7
WBGene00022747.,0,28,28
WBGene00022748.,252,24697,24949
WBGene00022749.,72,2440,2512
WBGene00022750.,850,2933,3783
WBGene00022751.,0,1,1
WBGene00022752.,16,220,236
WBGene00022753.,8,9,17
WBGene00022754.,0,7,7
WBGene00022755.,1,18,19
WBGene00022756.,12,71,83
WBGene00022757.,2,2,4
WBGene00022758.,0,2,2
WBGene00022759.,46,2259,2305
WBGene00022760.,0,99,99
WBGene00022761.,0,16,16
WBGene00022762.,65,436,501
WBGene00022763.,0,14,14
WBGene00022765.,824,6828,7652
WBGene00022766.,138,2301,2439
WBGene00022767.,25,505,530
WBGene00022769.,41,862,903
WBGene00022770.,45,643,688
WBGene00022771.,111,579,690
WBGene00022772.,24,92,116
WBGene00022773.,127,553,680
WBGene00022774.,58,2608,2666
WBGene00022775.,4,167,171
WBGene00022776.,30,3353,3383
WBGene00022778.,1,4,5
WBGene00022780.,1,8,9
WBGene00022781.,88,4054,4142
WBGene00022782.,39,708,747
WBGene00022783.,447,3106,3553
WBGene00022785.,134,1675,1809
WBGene00022786.,10,791,801
WBGene00022787.,65,890,955
WBGene00022788.,21,925,946
WBGene00022789.,5,77,82
WBGene00022790.,28,281,309
WBGene00022791.,501,3784,4285
WBGene00022792.,87,1338,1425
WBGene00022793.,61,4680,4741
WBGene00022794.,290,4518,4808
WBGene00022795.,9,10,19
WBGene00022796.,91,443,534
WBGene00022797.,39,524,563
WBGene00022798.,223,2469,2692
WBGene00022799.,2,12,14
WBGene00022800.,123,1631,1754
WBGene00022801.,136,4683,4819
WBGene00022802.,40,471,511
WBGene00022803.,59,781,840
WBGene00022804.,0,8,8
WBGene00022805.,160,931,1091
WBGene00022806.,2,1,3
WBGene00022807.,4,16,20
WBGene00022808.,4,33,37
WBGene00022809.,1,1,2
WBGene00022810.,32,321,353
WBGene00022811.,60,52,112
WBGene00022812.,138,1828,1966
WBGene00022813.,57,452,509
WBGene00022814.,31,445,476
WBGene00022815.,23,111,134
WBGene00022816.,284,2553,2837
WBGene00022817.,305,4018,4323
WBGene00022818.,4,6,10
WBGene00022820.,0,4,4
WBGene00022821.,0,0,0
WBGene00022822.,0,4,4
WBGene00022823.,36,1879,1915
WBGene00022824.,28,199,227
WBGene00022825.,112,390,502
WBGene00022826.,0,3,3
WBGene00022827.,37,36,73
WBGene00022829.,56,169,225
WBGene00022830.,33,772,805
WBGene00022831.,111,1678,1789
WBGene00022832.,92,1570,1662
WBGene00022833.,4,2,6
WBGene00022834.,5,187,192
WBGene00022835.,72,729,801
WBGene00022836.,114,2095,2209
WBGene00022837.,51,436,487
WBGene00022838.,13,32,45
WBGene00022840.,11,13,24
WBGene00022842.,29,294,323
WBGene00022843.,40,65,105
WBGene00022845.,2,118,120
WBGene00022846.,30,3,33
WBGene00022847.,33,145,178
WBGene00022848.,36,374,410
WBGene00022849.,12,58,70
WBGene00022850.,364,1057,1421
WBGene00022851.,109,2435,2544
WBGene00022852.,6,1866,1872
WBGene00022853.,0,2078,2078
WBGene00022854.,21,150,171
WBGene00022855.,70,4230,4300
WBGene00022856.,28,7804,7832
WBGene00022857.,13,364,377
WBGene00022858.,38,73,111
WBGene00022861.,2987,674,3661
WBGene00022862.,26,761,787
WBGene00022864.,139,4006,4145
WBGene00022865.,175,2148,2323
WBGene00022866.,2,7,9
WBGene00022867.,8,31,39
WBGene00022868.,9,146,155
WBGene00022869.,2,0,2
WBGene00022870.,4,1,5
WBGene00022871.,2,79,81
WBGene00022872.,3,6,9
WBGene00022873.,2,7,9
WBGene00022874.,45,136,181
WBGene00022875.,0,0,0
WBGene00022876.,0,5,5
WBGene00022877.,3,3,6
WBGene00022880.,113,708,821
WBGene00022881.,24,649,673
WBGene00022882.,59,421,480
WBGene00022883.,28,419,447
WBGene00022884.,0,21,21
WBGene00022885.,57,826,883
WBGene00022886.,1,3,4
WBGene00022887.,25,657,682
WBGene00022888.,4,1,5
WBGene00022889.,1,0,1
WBGene00022890.,0,2,2
WBGene00022891.,2,39,41
WBGene00022892.,0,1,1
WBGene00022893.,31,67,98
WBGene00022894.,0,0,0
WBGene00022895.,0,1,1
WBGene00022896.,0,1,1
WBGene00022897.,0,0,0
WBGene00022898.,0,2,2
WBGene00022899.,0,0,0
WBGene00022900.,0,0,0
WBGene00022901.,0,0,0
WBGene00022902.,0,0,0
WBGene00022903.,0,0,0
WBGene00022904.,0,0,0
WBGene00022905.,0,0,0
WBGene00022906.,0,0,0
WBGene00022907.,0,0,0
WBGene00022908.,0,0,0
WBGene00022909.,0,0,0
WBGene00022910.,0,0,0
WBGene00022911.,0,0,0
WBGene00022912.,0,0,0
WBGene00022913.,0,0,0
WBGene00022914.,0,0,0
WBGene00022915.,0,0,0
WBGene00022916.,0,1,1
WBGene00022917.,0,19,19
WBGene00022918.,0,4,4
WBGene00022919.,0,12,12
WBGene00022920.,0,0,0
WBGene00022921.,0,0,0
WBGene00022922.,0,28,28
WBGene00022923.,0,0,0
WBGene00022924.,0,0,0
WBGene00022925.,0,0,0
WBGene00022926.,0,8,8
WBGene00022927.,0,0,0
WBGene00022928.,0,0,0
WBGene00022929.,0,2,2
WBGene00022930.,0,0,0
WBGene00022931.,0,0,0
WBGene00022932.,0,37,37
WBGene00022933.,0,0,0
WBGene00022934.,0,0,0
WBGene00022935.,0,0,0
WBGene00022936.,0,3,3
WBGene00022937.,0,0,0
WBGene00022938.,0,2,2
WBGene00022939.,0,0,0
WBGene00022940.,0,0,0
WBGene00022941.,0,0,0
WBGene00022942.,0,0,0
WBGene00022943.,0,0,0
WBGene00022944.,0,0,0
WBGene00022945.,0,0,0
WBGene00022946.,0,0,0
WBGene00022947.,0,0,0
WBGene00022948.,0,0,0
WBGene00022949.,0,1,1
WBGene00022950.,0,15,15
WBGene00022951.,0,138895,138895
WBGene00022952.,0,1,1
WBGene00022953.,0,0,0
WBGene00022954.,0,0,0
WBGene00022955.,0,0,0
WBGene00022956.,0,54,54
WBGene00022957.,0,0,0
WBGene00022958.,0,0,0
WBGene00022959.,0,0,0
WBGene00022960.,0,0,0
WBGene00022961.,0,0,0
WBGene00022962.,0,8,8
WBGene00022963.,0,0,0
WBGene00022964.,0,0,0
WBGene00022965.,0,0,0
WBGene00022966.,0,0,0
WBGene00022967.,0,0,0
WBGene00022968.,0,0,0
WBGene00022969.,0,0,0
WBGene00022970.,0,293,293
WBGene00022971.,0,1,1
WBGene00022972.,0,0,0
WBGene00022973.,0,0,0
WBGene00022974.,0,0,0
WBGene00022975.,0,0,0
WBGene00022976.,0,0,0
WBGene00022977.,0,0,0
WBGene00022978.,0,0,0
WBGene00022979.,0,0,0
WBGene00022980.,0,0,0
WBGene00022981.,0,0,0
WBGene00022982.,0,15,15
WBGene00022983.,0,47,47
WBGene00022984.,0,0,0
WBGene00022985.,0,3,3
WBGene00022986.,0,1,1
WBGene00022987.,0,1,1
WBGene00022988.,0,0,0
WBGene00022989.,0,0,0
WBGene00022990.,0,0,0
WBGene00022991.,0,0,0
WBGene00022992.,0,0,0
WBGene00022993.,0,0,0
WBGene00022994.,0,0,0
WBGene00022995.,0,0,0
WBGene00022996.,0,0,0
WBGene00022997.,0,0,0
WBGene00022998.,0,0,0
WBGene00022999.,0,3,3
WBGene00023000.,0,0,0
WBGene00023001.,0,0,0
WBGene00023002.,0,1,1
WBGene00023003.,0,4,4
WBGene00023004.,0,0,0
WBGene00023005.,0,0,0
WBGene00023006.,0,2,2
WBGene00023007.,0,1,1
WBGene00023008.,0,0,0
WBGene00023009.,0,0,0
WBGene00023010.,0,0,0
WBGene00023011.,0,0,0
WBGene00023012.,0,0,0
WBGene00023013.,0,0,0
WBGene00023014.,0,0,0
WBGene00023015.,0,0,0
WBGene00023016.,0,0,0
WBGene00023017.,0,2,2
WBGene00023018.,0,0,0
WBGene00023019.,0,0,0
WBGene00023020.,0,98,98
WBGene00023021.,0,833,833
WBGene00023022.,0,0,0
WBGene00023023.,0,0,0
WBGene00023024.,0,0,0
WBGene00023025.,0,0,0
WBGene00023026.,0,1,1
WBGene00023027.,0,0,0
WBGene00023028.,0,0,0
WBGene00023029.,0,0,0
WBGene00023030.,0,0,0
WBGene00023031.,0,0,0
WBGene00023032.,0,0,0
WBGene00023033.,0,0,0
WBGene00023034.,0,0,0
WBGene00023035.,0,0,0
WBGene00023036.,252,1910,2162
WBGene00023037.,0,0,0
WBGene00023038.,0,0,0
WBGene00023039.,6,19,25
WBGene00023040.,0,0,0
WBGene00023041.,0,1,1
WBGene00023042.,0,0,0
WBGene00023043.,0,0,0
WBGene00023044.,0,0,0
WBGene00023045.,0,1,1
WBGene00023046.,0,0,0
WBGene00023047.,0,0,0
WBGene00023048.,0,0,0
WBGene00023049.,0,4,4
WBGene00023050.,0,0,0
WBGene00023051.,0,0,0
WBGene00023052.,0,0,0
WBGene00023053.,0,0,0
WBGene00023054.,0,0,0
WBGene00023055.,0,0,0
WBGene00023056.,0,0,0
WBGene00023057.,0,0,0
WBGene00023058.,0,0,0
WBGene00023059.,0,1,1
WBGene00023060.,0,8,8
WBGene00023061.,0,0,0
WBGene00023062.,0,0,0
WBGene00023063.,0,0,0
WBGene00023064.,0,0,0
WBGene00023065.,0,0,0
WBGene00023066.,0,104,104
WBGene00023067.,9781,17816,27597
WBGene00023068.,220938,327286,548224
WBGene00023069.,0,192,192
WBGene00023070.,0,1,1
WBGene00023071.,0,0,0
WBGene00023072.,0,0,0
WBGene00023073.,0,0,0
WBGene00023074.,0,0,0
WBGene00023075.,0,0,0
WBGene00023076.,0,0,0
WBGene00023077.,0,0,0
WBGene00023078.,0,0,0
WBGene00023079.,0,0,0
WBGene00023080.,0,0,0
WBGene00023081.,0,0,0
WBGene00023082.,0,0,0
WBGene00023083.,0,18,18
WBGene00023084.,0,3,3
WBGene00023085.,0,0,0
WBGene00023086.,0,0,0
WBGene00023087.,0,0,0
WBGene00023088.,0,0,0
WBGene00023089.,0,0,0
WBGene00023090.,0,0,0
WBGene00023091.,0,0,0
WBGene00023092.,0,0,0
WBGene00023093.,0,0,0
WBGene00023094.,0,0,0
WBGene00023095.,0,0,0
WBGene00023096.,0,0,0
WBGene00023097.,0,0,0
WBGene00023098.,0,0,0
WBGene00023099.,0,0,0
WBGene00023100.,0,0,0
WBGene00023101.,0,0,0
WBGene00023102.,0,0,0
WBGene00023103.,0,0,0
WBGene00023104.,3,6,9
WBGene00023105.,0,0,0
WBGene00023106.,0,0,0
WBGene00023107.,0,0,0
WBGene00023108.,0,0,0
WBGene00023109.,0,2,2
WBGene00023110.,0,1,1
WBGene00023111.,0,0,0
WBGene00023112.,0,0,0
WBGene00023113.,0,2,2
WBGene00023115.,0,0,0
WBGene00023116.,0,3,3
WBGene00023117.,0,0,0
WBGene00023118.,0,0,0
WBGene00023119.,0,0,0
WBGene00023120.,0,0,0
WBGene00023121.,0,0,0
WBGene00023122.,0,0,0
WBGene00023123.,0,0,0
WBGene00023124.,0,0,0
WBGene00023125.,0,1,1
WBGene00023126.,0,0,0
WBGene00023127.,0,0,0
WBGene00023128.,0,0,0
WBGene00023129.,0,0,0
WBGene00023130.,0,0,0
WBGene00023131.,0,2,2
WBGene00023132.,0,0,0
WBGene00023133.,0,0,0
WBGene00023134.,0,0,0
WBGene00023135.,0,1,1
WBGene00023136.,0,0,0
WBGene00023137.,0,0,0
WBGene00023138.,0,0,0
WBGene00023139.,0,0,0
WBGene00023140.,0,0,0
WBGene00023141.,0,0,0
WBGene00023142.,0,9,9
WBGene00023143.,0,0,0
WBGene00023144.,0,0,0
WBGene00023145.,0,0,0
WBGene00023146.,0,0,0
WBGene00023147.,0,2,2
WBGene00023148.,0,0,0
WBGene00023149.,0,0,0
WBGene00023150.,0,20,20
WBGene00023151.,0,0,0
WBGene00023152.,0,0,0
WBGene00023153.,0,0,0
WBGene00023154.,0,0,0
WBGene00023155.,0,0,0
WBGene00023156.,0,0,0
WBGene00023157.,0,0,0
WBGene00023158.,0,0,0
WBGene00023159.,0,0,0
WBGene00023160.,0,0,0
WBGene00023161.,0,0,0
WBGene00023162.,0,7,7
WBGene00023163.,0,1,1
WBGene00023164.,0,1,1
WBGene00023165.,0,0,0
WBGene00023166.,0,0,0
WBGene00023167.,0,0,0
WBGene00023168.,0,0,0
WBGene00023169.,0,0,0
WBGene00023170.,0,0,0
WBGene00023171.,0,0,0
WBGene00023172.,28,94,122
WBGene00023173.,0,0,0
WBGene00023174.,0,0,0
WBGene00023175.,0,0,0
WBGene00023176.,0,0,0
WBGene00023177.,0,0,0
WBGene00023178.,0,0,0
WBGene00023179.,0,0,0
WBGene00023180.,0,2,2
WBGene00023181.,0,0,0
WBGene00023182.,0,0,0
WBGene00023183.,0,19,19
WBGene00023184.,0,0,0
WBGene00023185.,0,0,0
WBGene00023186.,0,0,0
WBGene00023187.,0,0,0
WBGene00023188.,0,0,0
WBGene00023189.,0,0,0
WBGene00023190.,0,0,0
WBGene00023191.,7,13,20
WBGene00023192.,0,0,0
WBGene00023193.,0,77,77
WBGene00023194.,0,0,0
WBGene00023195.,0,0,0
WBGene00023196.,0,0,0
WBGene00023197.,0,0,0
WBGene00023198.,0,0,0
WBGene00023199.,0,0,0
WBGene00023200.,0,0,0
WBGene00023201.,0,0,0
WBGene00023202.,0,0,0
WBGene00023203.,0,4,4
WBGene00023204.,0,3,3
WBGene00023205.,0,36,36
WBGene00023206.,0,0,0
WBGene00023207.,0,0,0
WBGene00023208.,0,0,0
WBGene00023209.,200,41980,42180
WBGene00023210.,0,0,0
WBGene00023211.,0,0,0
WBGene00023212.,0,1,1
WBGene00023213.,0,0,0
WBGene00023214.,0,0,0
WBGene00023215.,0,1,1
WBGene00023216.,0,0,0
WBGene00023217.,0,0,0
WBGene00023218.,0,0,0
WBGene00023219.,0,0,0
WBGene00023220.,0,0,0
WBGene00023221.,0,0,0
WBGene00023222.,0,0,0
WBGene00023223.,30,78,108
WBGene00023224.,2,0,2
WBGene00023225.,0,3,3
WBGene00023226.,2,9,11
WBGene00023227.,0,0,0
WBGene00023228.,0,0,0
WBGene00023229.,0,0,0
WBGene00023230.,0,0,0
WBGene00023231.,0,0,0
WBGene00023232.,0,0,0
WBGene00023233.,0,6,6
WBGene00023234.,0,0,0
WBGene00023235.,0,3,3
WBGene00023236.,0,0,0
WBGene00023237.,0,3,3
WBGene00023238.,0,0,0
WBGene00023239.,6,13,19
WBGene00023240.,0,1,1
WBGene00023241.,0,3,3
WBGene00023242.,0,0,0
WBGene00023243.,2,0,2
WBGene00023244.,1,5,6
WBGene00023245.,8,207,215
WBGene00023246.,0,22,22
WBGene00023247.,0,5,5
WBGene00023248.,0,3,3
WBGene00023249.,0,2,2
WBGene00023250.,0,0,0
WBGene00023251.,0,0,0
WBGene00023252.,0,40,40
WBGene00023253.,0,0,0
WBGene00023254.,0,0,0
WBGene00023255.,0,0,0
WBGene00023256.,0,1,1
WBGene00023257.,0,0,0
WBGene00023259.,2,3,5
WBGene00023260.,0,0,0
WBGene00023262.,0,0,0
WBGene00023263.,0,17260,17260
WBGene00023264.,12,1,13
WBGene00023265.,0,1,1
WBGene00023266.,0,0,0
WBGene00023267.,0,1,1
WBGene00023268.,0,0,0
WBGene00023269.,0,0,0
WBGene00023270.,1,5,6
WBGene00023271.,0,20,20
WBGene00023272.,1,2,3
WBGene00023273.,5,10,15
WBGene00023274.,0,0,0
WBGene00023275.,0,0,0
WBGene00023276.,0,24,24
WBGene00023277.,0,14,14
WBGene00023278.,0,0,0
WBGene00023279.,0,11,11
WBGene00023281.,2,9,11
WBGene00023282.,0,7,7
WBGene00023283.,0,0,0
WBGene00023284.,2,197,199
WBGene00023285.,0,0,0
WBGene00023287.,0,2,2
WBGene00023288.,0,4,4
WBGene00023289.,0,0,0
WBGene00023290.,0,0,0
WBGene00023291.,0,0,0
WBGene00023293.,0,25,25
WBGene00023294.,0,0,0
WBGene00023295.,0,0,0
WBGene00023296.,0,0,0
WBGene00023297.,0,0,0
WBGene00023298.,0,0,0
WBGene00023299.,0,0,0
WBGene00023300.,0,0,0
WBGene00023301.,3,1,4
WBGene00023302.,3,103,106
WBGene00023303.,5,8,13
WBGene00023304.,0,0,0
WBGene00023305.,0,1,1
WBGene00023306.,0,1,1
WBGene00023307.,0,0,0
WBGene00023308.,58,13,71
WBGene00023309.,0,0,0
WBGene00023310.,0,0,0
WBGene00023311.,0,0,0
WBGene00023312.,0,4,4
WBGene00023313.,0,6,6
WBGene00023314.,0,35,35
WBGene00023315.,0,0,0
WBGene00023316.,0,4,4
WBGene00023317.,1,1,2
WBGene00023318.,6,93,99
WBGene00023319.,0,2,2
WBGene00023320.,0,3,3
WBGene00023321.,0,7,7
WBGene00023322.,0,0,0
WBGene00023323.,10,157,167
WBGene00023324.,0,0,0
WBGene00023325.,1,3,4
WBGene00023326.,0,9,9
WBGene00023327.,0,0,0
WBGene00023328.,0,0,0
WBGene00023329.,0,1,1
WBGene00023330.,3,17,20
WBGene00023331.,0,4,4
WBGene00023332.,0,0,0
WBGene00023333.,0,0,0
WBGene00023334.,0,0,0
WBGene00023335.,0,1,1
WBGene00023336.,0,6,6
WBGene00023337.,0,0,0
WBGene00023338.,1,0,1
WBGene00023339.,1,0,1
WBGene00023340.,1,1,2
WBGene00023341.,0,0,0
WBGene00023342.,0,0,0
WBGene00023343.,0,0,0
WBGene00023344.,0,0,0
WBGene00023345.,0,0,0
WBGene00023346.,0,0,0
WBGene00023348.,0,2,2
WBGene00023349.,0,23,23
WBGene00023351.,0,9,9
WBGene00023352.,0,0,0
WBGene00023353.,0,2,2
WBGene00023354.,0,0,0
WBGene00023355.,110,28,138
WBGene00023356.,0,0,0
WBGene00023357.,0,0,0
WBGene00023358.,0,1,1
WBGene00023359.,0,0,0
WBGene00023360.,0,0,0
WBGene00023361.,0,0,0
WBGene00023362.,0,0,0
WBGene00023363.,0,0,0
WBGene00023364.,0,50,50
WBGene00023365.,0,0,0
WBGene00023366.,0,0,0
WBGene00023367.,0,0,0
WBGene00023368.,0,0,0
WBGene00023369.,0,0,0
WBGene00023370.,0,0,0
WBGene00023371.,0,0,0
WBGene00023372.,0,0,0
WBGene00023373.,0,6,6
WBGene00023375.,0,0,0
WBGene00023376.,0,3,3
WBGene00023377.,0,5,5
WBGene00023378.,0,0,0
WBGene00023379.,0,0,0
WBGene00023380.,0,0,0
WBGene00023381.,0,6,6
WBGene00023382.,0,0,0
WBGene00023383.,0,0,0
WBGene00023384.,0,0,0
WBGene00023385.,0,0,0
WBGene00023386.,0,0,0
WBGene00023387.,0,0,0
WBGene00023388.,0,0,0
WBGene00023389.,0,0,0
WBGene00023390.,0,6,6
WBGene00023391.,0,0,0
WBGene00023392.,0,0,0
WBGene00023393.,0,0,0
WBGene00023394.,0,0,0
WBGene00023395.,2,42,44
WBGene00023396.,1,8,9
WBGene00023397.,0,2,2
WBGene00023398.,0,0,0
WBGene00023399.,0,5,5
WBGene00023400.,0,1,1
WBGene00023401.,0,4452,4452
WBGene00023402.,0,1,1
WBGene00023404.,60,342,402
WBGene00023405.,238,2674,2912
WBGene00023407.,39,1359,1398
WBGene00023408.,205,9815,10020
WBGene00023409.,136,1326,1462
WBGene00023410.,1,2,3
WBGene00023411.,1,6,7
WBGene00023413.,3,42,45
WBGene00023414.,208,654,862
WBGene00023415.,22,122,144
WBGene00023416.,39,762,801
WBGene00023417.,12,1115,1127
WBGene00023418.,12,679,691
WBGene00023419.,125,1639,1764
WBGene00023420.,1,7,8
WBGene00023421.,69,559,628
WBGene00023422.,193,1736,1929
WBGene00023423.,39,49,88
WBGene00023424.,5,14,19
WBGene00023425.,2,2,4
WBGene00023427.,17,46,63
WBGene00023428.,0,0,0
WBGene00023429.,0,0,0
WBGene00023430.,0,0,0
WBGene00023431.,622,1071,1693
WBGene00023432.,9,101,110
WBGene00023450.,138,565,703
WBGene00023451.,5,21,26
WBGene00023452.,0,0,0
WBGene00023453.,0,11,11
WBGene00023454.,0,0,0
WBGene00023455.,0,0,0
WBGene00023456.,0,1,1
WBGene00023457.,0,0,0
WBGene00023458.,25,1277,1302
WBGene00023459.,2,3,5
WBGene00023460.,24,209,233
WBGene00023461.,0,0,0
WBGene00023462.,2,6,8
WBGene00023463.,1,1,2
WBGene00023464.,1,3,4
WBGene00023465.,2,5,7
WBGene00023466.,0,0,0
WBGene00023467.,0,0,0
WBGene00023468.,0,0,0
WBGene00023469.,0,0,0
WBGene00023470.,0,2,2
WBGene00023471.,10,1,11
WBGene00023472.,23,308,331
WBGene00023474.,2,23,25
WBGene00023475.,6,1,7
WBGene00023476.,0,0,0
WBGene00023477.,0,366,366
WBGene00023478.,2,7,9
WBGene00023479.,0,2,2
WBGene00023480.,1,5,6
WBGene00023481.,2,0,2
WBGene00023482.,0,0,0
WBGene00023483.,0,1,1
WBGene00023484.,7,4,11
WBGene00023485.,2,57,59
WBGene00023486.,19,373,392
WBGene00023487.,167,4880,5047
WBGene00023488.,16,5,21
WBGene00023489.,310,50,360
WBGene00023490.,3,22,25
WBGene00023491.,175,738,913
WBGene00023492.,2,28,30
WBGene00023493.,9,39,48
WBGene00023497.,89,1231,1320
WBGene00023498.,17,692,709
WBGene00023499.,4,5,9
WBGene00023500.,148,1353,1501
WBGene00023501.,6,62,68
WBGene00023502.,194,796,990
WBGene00023503.,9,41,50
WBGene00023504.,93,611,704
WBGene00023505.,1,5,6
WBGene00023506.,1,4,5
WBGene00023507.,2,3,5
WBGene00023508.,1,1,2
WBGene00023509.,0,1,1
WBGene00023510.,1,2,3
WBGene00023511.,0,0,0
WBGene00023512.,0,1,1
WBGene00023513.,1,2,3
WBGene00023514.,2,2,4
WBGene00023515.,132,132,264
WBGene00023516.,0,2,2
WBGene00023517.,1,6,7
WBGene00023518.,0,0,0
WBGene00023519.,8,25,33
WBGene00023520.,44,364,408
WBGene00043049.,11,90,101
WBGene00043050.,279,2252,2531
WBGene00043051.,121,519,640
WBGene00043052.,2,1,3
WBGene00043053.,137,10,147
WBGene00043054.,19,248,267
WBGene00043055.,0,0,0
WBGene00043056.,110,255,365
WBGene00043057.,82,588,670
WBGene00043058.,0,0,0
WBGene00043059.,6,6,12
WBGene00043060.,356,1849,2205
WBGene00043061.,21,40,61
WBGene00043062.,10,46,56
WBGene00043064.,47,4631,4678
WBGene00043065.,23,105,128
WBGene00043066.,16,53,69
WBGene00043067.,7,135,142
WBGene00043068.,19,232,251
WBGene00043069.,16,21,37
WBGene00043097.,111,2376,2487
WBGene00043120.,11,95,106
WBGene00043147.,0,28,28
WBGene00043156.,60,169,229
WBGene00043187.,0,2,2
WBGene00043239.,11,0,11
WBGene00043279.,51,408,459
WBGene00043283.,3,0,3
WBGene00043297.,114,1308,1422
WBGene00043302.,172,2288,2460
WBGene00043308.,6,207,213
WBGene00043327.,0,0,0
WBGene00043328.,0,0,0
WBGene00043466.,4,5,9
WBGene00043469.,1,0,1
WBGene00043534.,76,120,196
WBGene00043666.,0,16,16
WBGene00043702.,0,22,22
WBGene00043705.,27,74,101
WBGene00043743.,0,0,0
WBGene00043948.,0,0,0
WBGene00043952.,45,34,79
WBGene00043980.,3,0,3
WBGene00043981.,30,71,101
WBGene00043982.,126,1602,1728
WBGene00043983.,16,204,220
WBGene00043984.,0,3,3
WBGene00043985.,39,457,496
WBGene00043986.,5,1,6
WBGene00043987.,0,0,0
WBGene00043988.,44,34,78
WBGene00043989.,0,0,0
WBGene00043990.,0,0,0
WBGene00043991.,0,0,0
WBGene00043992.,78,286,364
WBGene00043993.,2,23,25
WBGene00043994.,24,727,751
WBGene00043995.,39,211,250
WBGene00043996.,102,39,141
WBGene00043997.,53,188,241
WBGene00043998.,7,47,54
WBGene00044000.,9,2,11
WBGene00044001.,54,2149,2203
WBGene00044002.,0,1,1
WBGene00044003.,6,2,8
WBGene00044004.,0,9,9
WBGene00044005.,1,6,7
WBGene00044006.,134,1218,1352
WBGene00044007.,149,1191,1340
WBGene00044008.,127,1102,1229
WBGene00044009.,44,164,208
WBGene00044011.,6,1147,1153
WBGene00044012.,0,4,4
WBGene00044013.,1,3,4
WBGene00044014.,0,0,0
WBGene00044015.,0,61,61
WBGene00044016.,2,20,22
WBGene00044018.,4,1,5
WBGene00044019.,53,502,555
WBGene00044020.,4,52,56
WBGene00044021.,30,236,266
WBGene00044022.,0,3,3
WBGene00044024.,6,46,52
WBGene00044025.,88,1163,1251
WBGene00044026.,88,4451,4539
WBGene00044027.,1,12,13
WBGene00044028.,9,193,202
WBGene00044029.,79,1129,1208
WBGene00044030.,10,7,17
WBGene00044031.,0,1,1
WBGene00044032.,8,98,106
WBGene00044034.,0,16,16
WBGene00044035.,9,99,108
WBGene00044036.,0,3,3
WBGene00044037.,0,0,0
WBGene00044038.,31,15,46
WBGene00044040.,0,0,0
WBGene00044041.,13,1,14
WBGene00044042.,0,0,0
WBGene00044043.,0,32,32
WBGene00044044.,0,5,5
WBGene00044045.,28,129,157
WBGene00044046.,0,0,0
WBGene00044047.,1,19,20
WBGene00044048.,11,12,23
WBGene00044049.,879,4825,5704
WBGene00044051.,0,4,4
WBGene00044052.,0,1,1
WBGene00044053.,8,137,145
WBGene00044054.,6,1,7
WBGene00044056.,4,3,7
WBGene00044057.,0,1,1
WBGene00044058.,28,142,170
WBGene00044059.,2,15,17
WBGene00044061.,129,1041,1170
WBGene00044062.,0,1,1
WBGene00044063.,36,1895,1931
WBGene00044065.,135,301,436
WBGene00044066.,1,24,25
WBGene00044067.,4,147,151
WBGene00044068.,654,7180,7834
WBGene00044069.,56,1040,1096
WBGene00044070.,437,6134,6571
WBGene00044071.,56,845,901
WBGene00044072.,297,1799,2096
WBGene00044073.,9,69,78
WBGene00044074.,7,10,17
WBGene00044077.,156,2213,2369
WBGene00044078.,623,4081,4704
WBGene00044079.,816,6013,6829
WBGene00044080.,0,2,2
WBGene00044081.,3,5,8
WBGene00044082.,65,1354,1419
WBGene00044083.,0,1,1
WBGene00044084.,5,6,11
WBGene00044085.,0,10,10
WBGene00044086.,1,2,3
WBGene00044087.,2,2,4
WBGene00044088.,0,3,3
WBGene00044089.,1,1,2
WBGene00044090.,6,9,15
WBGene00044091.,10,23,33
WBGene00044092.,2,10,12
WBGene00044093.,2,11,13
WBGene00044094.,95,1510,1605
WBGene00044095.,1,2,3
WBGene00044096.,0,0,0
WBGene00044097.,0,1,1
WBGene00044099.,0,0,0
WBGene00044100.,1,0,1
WBGene00044101.,5,2,7
WBGene00044102.,2,0,2
WBGene00044103.,0,7,7
WBGene00044104.,13,11,24
WBGene00044105.,0,0,0
WBGene00044106.,1,3,4
WBGene00044107.,4,164,168
WBGene00044109.,0,133,133
WBGene00044112.,0,2,2
WBGene00044113.,0,7,7
WBGene00044114.,2,1,3
WBGene00044115.,4,10,14
WBGene00044116.,7,2,9
WBGene00044117.,4,16,20
WBGene00044119.,0,4,4
WBGene00044120.,8,22,30
WBGene00044121.,1,2,3
WBGene00044122.,44,64,108
WBGene00044124.,3,3,6
WBGene00044125.,29,17,46
WBGene00044126.,4,3,7
WBGene00044127.,1,2,3
WBGene00044128.,0,3,3
WBGene00044129.,0,2,2
WBGene00044130.,2,8,10
WBGene00044131.,0,0,0
WBGene00044132.,32,358,390
WBGene00044133.,0,0,0
WBGene00044134.,67,538,605
WBGene00044135.,21,224,245
WBGene00044136.,5,1,6
WBGene00044137.,0,49,49
WBGene00044138.,53,260,313
WBGene00044139.,16,179,195
WBGene00044140.,1,3,4
WBGene00044141.,0,32,32
WBGene00044142.,11,41,52
WBGene00044143.,219,833,1052
WBGene00044144.,14,387,401
WBGene00044145.,1,7,8
WBGene00044146.,0,1,1
WBGene00044147.,4,15,19
WBGene00044148.,2,2,4
WBGene00044149.,1,0,1
WBGene00044150.,9,17,26
WBGene00044151.,67,643,710
WBGene00044152.,20,168,188
WBGene00044153.,15,40,55
WBGene00044154.,2,28,30
WBGene00044155.,37,45,82
WBGene00044156.,19,131,150
WBGene00044157.,4,1,5
WBGene00044158.,7,3,10
WBGene00044159.,0,1,1
WBGene00044160.,10,2,12
WBGene00044161.,0,12,12
WBGene00044162.,2,0,2
WBGene00044163.,31,116,147
WBGene00044164.,0,3,3
WBGene00044166.,13,61,74
WBGene00044167.,60,684,744
WBGene00044168.,35,680,715
WBGene00044169.,3,84,87
WBGene00044170.,2,40,42
WBGene00044171.,0,1,1
WBGene00044174.,3,130,133
WBGene00044175.,13,158,171
WBGene00044176.,105,2302,2407
WBGene00044177.,3,0,3
WBGene00044178.,0,1,1
WBGene00044179.,0,2,2
WBGene00044180.,44,109,153
WBGene00044181.,2,8,10
WBGene00044182.,3,40,43
WBGene00044183.,0,3,3
WBGene00044184.,0,7,7
WBGene00044185.,0,1,1
WBGene00044187.,2263,17,2280
WBGene00044188.,59,482,541
WBGene00044189.,1,7,8
WBGene00044191.,62,414,476
WBGene00044192.,1,2,3
WBGene00044193.,0,18,18
WBGene00044194.,0,1,1
WBGene00044195.,2,3,5
WBGene00044196.,2,0,2
WBGene00044197.,0,20,20
WBGene00044198.,2,107,109
WBGene00044199.,1,0,1
WBGene00044200.,76,406,482
WBGene00044201.,0,0,0
WBGene00044202.,1,2,3
WBGene00044203.,1,6,7
WBGene00044204.,34,614,648
WBGene00044205.,3,66,69
WBGene00044206.,2,10,12
WBGene00044207.,0,1,1
WBGene00044208.,0,0,0
WBGene00044209.,5,73,78
WBGene00044210.,71,545,616
WBGene00044211.,6,8,14
WBGene00044212.,2,8,10
WBGene00044213.,4,55,59
WBGene00044215.,0,0,0
WBGene00044216.,4,15,19
WBGene00044217.,0,17,17
WBGene00044218.,5,60,65
WBGene00044219.,0,0,0
WBGene00044220.,1,24,25
WBGene00044221.,4,52,56
WBGene00044222.,0,4,4
WBGene00044224.,22,63,85
WBGene00044225.,0,8,8
WBGene00044226.,0,13,13
WBGene00044227.,1,7,8
WBGene00044228.,15,22,37
WBGene00044229.,23,19,42
WBGene00044230.,5,6,11
WBGene00044232.,27,6,33
WBGene00044233.,112,501,613
WBGene00044235.,0,5,5
WBGene00044236.,4,687,691
WBGene00044237.,2,3,5
WBGene00044238.,31,55,86
WBGene00044239.,24,277,301
WBGene00044240.,25,66,91
WBGene00044241.,13,101,114
WBGene00044242.,0,0,0
WBGene00044243.,5,6,11
WBGene00044244.,2,6,8
WBGene00044245.,0,26,26
WBGene00044246.,0,0,0
WBGene00044247.,2,8,10
WBGene00044249.,3,8,11
WBGene00044250.,2,7,9
WBGene00044251.,18,143,161
WBGene00044253.,21,306,327
WBGene00044256.,2,5,7
WBGene00044257.,1,15,16
WBGene00044258.,54,117,171
WBGene00044259.,0,0,0
WBGene00044260.,69,2391,2460
WBGene00044261.,8,4,12
WBGene00044262.,7,50,57
WBGene00044263.,0,1,1
WBGene00044264.,0,2,2
WBGene00044265.,8,19,27
WBGene00044266.,0,7,7
WBGene00044267.,0,0,0
WBGene00044268.,3,29,32
WBGene00044270.,1,7,8
WBGene00044271.,0,0,0
WBGene00044272.,0,1,1
WBGene00044273.,0,0,0
WBGene00044274.,0,0,0
WBGene00044275.,0,1,1
WBGene00044276.,0,0,0
WBGene00044277.,0,0,0
WBGene00044278.,0,1,1
WBGene00044279.,2,2,4
WBGene00044280.,267,276,543
WBGene00044281.,5,10,15
WBGene00044282.,1,1,2
WBGene00044283.,889,2454,3343
WBGene00044284.,0,2,2
WBGene00044285.,2,7,9
WBGene00044286.,1,2,3
WBGene00044287.,2,12,14
WBGene00044288.,8,78,86
WBGene00044289.,6,282,288
WBGene00044290.,92,196,288
WBGene00044291.,11,46,57
WBGene00044292.,17,125,142
WBGene00044293.,3,6,9
WBGene00044294.,420,2217,2637
WBGene00044295.,9,127,136
WBGene00044296.,9,100,109
WBGene00044297.,26,153,179
WBGene00044298.,0,2,2
WBGene00044299.,6,44,50
WBGene00044300.,9,25,34
WBGene00044301.,234,3675,3909
WBGene00044302.,0,2,2
WBGene00044303.,27,215,242
WBGene00044304.,146,480,626
WBGene00044305.,68,1850,1918
WBGene00044306.,1,0,1
WBGene00044307.,0,2,2
WBGene00044308.,6,44,50
WBGene00044309.,0,7,7
WBGene00044310.,65,501,566
WBGene00044311.,18,197,215
WBGene00044312.,9,21,30
WBGene00044313.,8,73,81
WBGene00044314.,0,2,2
WBGene00044315.,1,3,4
WBGene00044316.,57,477,534
WBGene00044317.,2,18,20
WBGene00044318.,79,2835,2914
WBGene00044319.,7,399,406
WBGene00044321.,465,3309,3774
WBGene00044322.,15,839,854
WBGene00044323.,73,1177,1250
WBGene00044324.,39,7630,7669
WBGene00044325.,43,971,1014
WBGene00044326.,193,1592,1785
WBGene00044329.,90,1177,1267
WBGene00044330.,22,614,636
WBGene00044331.,0,1,1
WBGene00044332.,0,1,1
WBGene00044333.,1,4,5
WBGene00044337.,0,4,4
WBGene00044338.,34,3258,3292
WBGene00044339.,4,321,325
WBGene00044340.,0,32,32
WBGene00044341.,121,772,893
WBGene00044342.,138,343,481
WBGene00044343.,6,64,70
WBGene00044344.,45,2473,2518
WBGene00044345.,64,793,857
WBGene00044346.,0,0,0
WBGene00044347.,9,12,21
WBGene00044348.,219,142,361
WBGene00044349.,14,8,22
WBGene00044350.,128,689,817
WBGene00044352.,1,7,8
WBGene00044353.,7,158,165
WBGene00044354.,3,141,144
WBGene00044355.,7,201,208
WBGene00044356.,0,0,0
WBGene00044357.,0,2,2
WBGene00044358.,8,7,15
WBGene00044359.,0,2,2
WBGene00044360.,0,15,15
WBGene00044361.,0,0,0
WBGene00044362.,0,2,2
WBGene00044363.,8,83,91
WBGene00044364.,0,0,0
WBGene00044365.,0,2,2
WBGene00044366.,0,12,12
WBGene00044367.,10,192,202
WBGene00044368.,627,84,711
WBGene00044369.,0,1,1
WBGene00044370.,0,1,1
WBGene00044371.,0,1,1
WBGene00044372.,0,0,0
WBGene00044373.,2,98,100
WBGene00044374.,0,3,3
WBGene00044375.,0,78,78
WBGene00044376.,0,27,27
WBGene00044377.,0,0,0
WBGene00044378.,0,0,0
WBGene00044379.,0,3,3
WBGene00044380.,2,30,32
WBGene00044381.,4,10,14
WBGene00044382.,1,18,19
WBGene00044383.,1,1,2
WBGene00044384.,7,1,8
WBGene00044385.,7,3,10
WBGene00044386.,3,27,30
WBGene00044387.,129,2697,2826
WBGene00044388.,0,1,1
WBGene00044389.,660,11973,12633
WBGene00044390.,2,24,26
WBGene00044391.,121,122,243
WBGene00044392.,12,112,124
WBGene00044393.,0,0,0
WBGene00044394.,4,118,122
WBGene00044395.,24,116,140
WBGene00044396.,10,459,469
WBGene00044397.,0,8,8
WBGene00044398.,0,3,3
WBGene00044399.,0,1,1
WBGene00044401.,131,1962,2093
WBGene00044402.,4,4,8
WBGene00044403.,13,19,32
WBGene00044405.,5,7,12
WBGene00044406.,15,223,238
WBGene00044409.,14,49,63
WBGene00044410.,61,409,470
WBGene00044411.,133,1327,1460
WBGene00044412.,14,346,360
WBGene00044413.,1329,462,1791
WBGene00044414.,17,127,144
WBGene00044415.,0,0,0
WBGene00044416.,0,0,0
WBGene00044417.,0,21,21
WBGene00044418.,346,1805,2151
WBGene00044419.,6,9,15
WBGene00044420.,10,404,414
WBGene00044421.,44,254,298
WBGene00044423.,11,50,61
WBGene00044424.,3,12,15
WBGene00044425.,0,0,0
WBGene00044427.,7,35,42
WBGene00044428.,26,14,40
WBGene00044429.,8,1,9
WBGene00044430.,3,2,5
WBGene00044431.,239,1356,1595
WBGene00044432.,1,7,8
WBGene00044433.,106,612,718
WBGene00044434.,3,4,7
WBGene00044435.,0,47,47
WBGene00044436.,19,356,375
WBGene00044437.,45,64,109
WBGene00044438.,116,569,685
WBGene00044439.,0,2,2
WBGene00044440.,59,176,235
WBGene00044441.,0,6,6
WBGene00044442.,4,247,251
WBGene00044443.,334,7457,7791
WBGene00044444.,7,15,22
WBGene00044445.,85,432,517
WBGene00044446.,0,16,16
WBGene00044447.,1,3,4
WBGene00044448.,2,11,13
WBGene00044449.,0,4,4
WBGene00044450.,0,1,1
WBGene00044451.,0,0,0
WBGene00044452.,163,2165,2328
WBGene00044453.,7,48,55
WBGene00044454.,0,0,0
WBGene00044455.,0,10,10
WBGene00044457.,1,35,36
WBGene00044458.,0,5,5
WBGene00044459.,38,121,159
WBGene00044460.,0,8,8
WBGene00044461.,36,30,66
WBGene00044462.,65,333,398
WBGene00044463.,44,338,382
WBGene00044464.,35,152,187
WBGene00044466.,25,794,819
WBGene00044467.,332,1587,1919
WBGene00044468.,5,105,110
WBGene00044469.,2,11,13
WBGene00044470.,2,4,6
WBGene00044471.,10,221,231
WBGene00044472.,34,168,202
WBGene00044473.,0,0,0
WBGene00044474.,0,0,0
WBGene00044475.,0,0,0
WBGene00044476.,0,6,6
WBGene00044477.,18,89,107
WBGene00044478.,17,161,178
WBGene00044479.,9,40,49
WBGene00044480.,5,8,13
WBGene00044481.,7,20,27
WBGene00044482.,68,249,317
WBGene00044483.,9,768,777
WBGene00044484.,101,871,972
WBGene00044485.,58,335,393
WBGene00044486.,1,18,19
WBGene00044487.,19,92,111
WBGene00044488.,18,46,64
WBGene00044489.,0,0,0
WBGene00044490.,0,1,1
WBGene00044491.,3,3,6
WBGene00044492.,5,1,6
WBGene00044493.,15,554,569
WBGene00044495.,36,79,115
WBGene00044498.,0,1,1
WBGene00044499.,0,8,8
WBGene00044500.,127,1023,1150
WBGene00044501.,23,13,36
WBGene00044502.,9,111,120
WBGene00044503.,0,4,4
WBGene00044504.,16,93,109
WBGene00044505.,46,6,52
WBGene00044508.,156,1195,1351
WBGene00044509.,4,738,742
WBGene00044510.,10,65,75
WBGene00044511.,17,120,137
WBGene00044512.,9,68,77
WBGene00044513.,101,589,690
WBGene00044514.,247,6437,6684
WBGene00044515.,6,71,77
WBGene00044516.,1,0,1
WBGene00044517.,58,87,145
WBGene00044518.,0,3,3
WBGene00044519.,1,0,1
WBGene00044520.,0,19,19
WBGene00044521.,0,9,9
WBGene00044523.,0,4,4
WBGene00044524.,0,0,0
WBGene00044525.,15,145,160
WBGene00044526.,5,36,41
WBGene00044527.,10,101,111
WBGene00044528.,14,11,25
WBGene00044529.,13,11,24
WBGene00044530.,2,64,66
WBGene00044531.,19,1,20
WBGene00044533.,3,50,53
WBGene00044534.,14,60,74
WBGene00044535.,2,8,10
WBGene00044536.,30,266,296
WBGene00044537.,0,0,0
WBGene00044538.,1,2,3
WBGene00044539.,3,27,30
WBGene00044541.,0,9,9
WBGene00044542.,71,29,100
WBGene00044543.,0,0,0
WBGene00044544.,487,790,1277
WBGene00044545.,0,15,15
WBGene00044546.,0,6,6
WBGene00044547.,0,69,69
WBGene00044548.,0,1,1
WBGene00044549.,2,0,2
WBGene00044550.,3,0,3
WBGene00044551.,2,41,43
WBGene00044552.,0,22,22
WBGene00044553.,47,2312,2359
WBGene00044554.,20,43,63
WBGene00044556.,8,237,245
WBGene00044557.,135,370,505
WBGene00044558.,0,0,0
WBGene00044559.,15,87,102
WBGene00044560.,11,5,16
WBGene00044561.,1,0,1
WBGene00044562.,0,38,38
WBGene00044563.,8,1,9
WBGene00044564.,6,4,10
WBGene00044565.,0,0,0
WBGene00044567.,6,21,27
WBGene00044568.,146,976,1122
WBGene00044569.,3,12,15
WBGene00044570.,784,21,805
WBGene00044571.,52,55,107
WBGene00044573.,1,3,4
WBGene00044574.,15,10,25
WBGene00044575.,6,5,11
WBGene00044577.,0,1,1
WBGene00044578.,1,44,45
WBGene00044579.,3,0,3
WBGene00044580.,2,4,6
WBGene00044581.,1,0,1
WBGene00044582.,45,657,702
WBGene00044583.,0,0,0
WBGene00044584.,139,856,995
WBGene00044585.,2,6,8
WBGene00044586.,0,23,23
WBGene00044587.,1,3,4
WBGene00044588.,45,165,210
WBGene00044589.,3,4,7
WBGene00044602.,1,0,1
WBGene00044603.,94,409,503
WBGene00044604.,40,486,526
WBGene00044605.,444,2977,3421
WBGene00044606.,0,0,0
WBGene00044607.,9,49,58
WBGene00044608.,31,924,955
WBGene00044609.,281,476,757
WBGene00044610.,0,10,10
WBGene00044611.,24,39,63
WBGene00044612.,18,330,348
WBGene00044614.,50,524,574
WBGene00044615.,77,769,846
WBGene00044616.,0,12,12
WBGene00044617.,3,113,116
WBGene00044618.,7,184,191
WBGene00044620.,28,371,399
WBGene00044621.,14,359,373
WBGene00044623.,33,1606,1639
WBGene00044630.,67,937,1004
WBGene00044631.,40,314,354
WBGene00044632.,7,21,28
WBGene00044633.,3,29,32
WBGene00044634.,2,3,5
WBGene00044636.,145,2441,2586
WBGene00044637.,66,142,208
WBGene00044638.,0,853,853
WBGene00044639.,0,5,5
WBGene00044640.,209,1549,1758
WBGene00044641.,115,120,235
WBGene00044642.,4,4,8
WBGene00044643.,10,573,583
WBGene00044644.,92,768,860
WBGene00044645.,3,12,15
WBGene00044646.,23,59,82
WBGene00044648.,53,512,565
WBGene00044649.,34,43,77
WBGene00044650.,1076,1879,2955
WBGene00044651.,274,427,701
WBGene00044653.,0,4,4
WBGene00044654.,4,27,31
WBGene00044655.,0,3,3
WBGene00044657.,0,0,0
WBGene00044658.,8,72,80
WBGene00044659.,0,10,10
WBGene00044660.,1,15,16
WBGene00044661.,2,49,51
WBGene00044662.,6,22,28
WBGene00044663.,0,21,21
WBGene00044664.,1,4,5
WBGene00044665.,2,1,3
WBGene00044666.,120,1906,2026
WBGene00044667.,3,32,35
WBGene00044668.,0,2,2
WBGene00044670.,71,3,74
WBGene00044672.,5,43,48
WBGene00044673.,0,0,0
WBGene00044674.,1,1,2
WBGene00044675.,14,143,157
WBGene00044676.,0,91,91
WBGene00044677.,738,1890,2628
WBGene00044678.,6,32,38
WBGene00044679.,100,1193,1293
WBGene00044680.,2,3,5
WBGene00044681.,75,486,561
WBGene00044683.,0,5,5
WBGene00044684.,3,19,22
WBGene00044686.,185,7531,7716
WBGene00044687.,1,7,8
WBGene00044689.,248,1110,1358
WBGene00044690.,39,359,398
WBGene00044691.,0,0,0
WBGene00044692.,1,2,3
WBGene00044693.,0,0,0
WBGene00044694.,0,3,3
WBGene00044695.,0,0,0
WBGene00044696.,13,166,179
WBGene00044697.,13,82,95
WBGene00044698.,76,2296,2372
WBGene00044699.,6,108,114
WBGene00044700.,11,44,55
WBGene00044701.,81,681,762
WBGene00044702.,0,0,0
WBGene00044703.,0,0,0
WBGene00044704.,0,5,5
WBGene00044705.,32,117,149
WBGene00044706.,3,2,5
WBGene00044707.,2,3,5
WBGene00044708.,7,0,7
WBGene00044709.,0,0,0
WBGene00044710.,0,0,0
WBGene00044711.,0,2,2
WBGene00044712.,7,4,11
WBGene00044713.,1,1,2
WBGene00044714.,0,0,0
WBGene00044716.,0,13,13
WBGene00044718.,0,12,12
WBGene00044719.,0,5,5
WBGene00044720.,0,21,21
WBGene00044722.,1,2,3
WBGene00044723.,4,18,22
WBGene00044724.,97,2134,2231
WBGene00044725.,19,338,357
WBGene00044726.,16,9,25
WBGene00044727.,0,0,0
WBGene00044728.,0,7402,7402
WBGene00044729.,0,13,13
WBGene00044732.,4,133,137
WBGene00044733.,1,5,6
WBGene00044734.,0,0,0
WBGene00044735.,0,0,0
WBGene00044736.,29,358,387
WBGene00044737.,1257,9214,10471
WBGene00044738.,16,4,20
WBGene00044739.,0,3,3
WBGene00044741.,0,11,11
WBGene00044742.,0,72,72
WBGene00044743.,74,1081,1155
WBGene00044744.,2,7,9
WBGene00044745.,73,301,374
WBGene00044746.,0,3176,3176
WBGene00044747.,0,0,0
WBGene00044748.,0,0,0
WBGene00044749.,0,0,0
WBGene00044750.,0,0,0
WBGene00044751.,0,0,0
WBGene00044752.,0,6,6
WBGene00044753.,13,7,20
WBGene00044754.,7,1,8
WBGene00044755.,0,0,0
WBGene00044756.,31,267,298
WBGene00044757.,5,85,90
WBGene00044758.,8,76,84
WBGene00044759.,0,4,4
WBGene00044760.,12,64,76
WBGene00044761.,5,12,17
WBGene00044762.,70,1059,1129
WBGene00044763.,5,14,19
WBGene00044764.,26,114,140
WBGene00044767.,9,342,351
WBGene00044768.,10,8,18
WBGene00044769.,2,1,3
WBGene00044770.,35,290,325
WBGene00044771.,34,237,271
WBGene00044772.,69,332,401
WBGene00044773.,0,2,2
WBGene00044774.,184,1075,1259
WBGene00044775.,0,0,0
WBGene00044776.,12,28,40
WBGene00044777.,1,2,3
WBGene00044778.,0,2,2
WBGene00044779.,14,97,111
WBGene00044780.,12,37,49
WBGene00044781.,0,0,0
WBGene00044782.,0,0,0
WBGene00044783.,0,0,0
WBGene00044784.,30,2782,2812
WBGene00044786.,0,0,0
WBGene00044787.,0,2,2
WBGene00044788.,23,34,57
WBGene00044789.,41,2071,2112
WBGene00044790.,65,741,806
WBGene00044791.,0,95,95
WBGene00044792.,6,35,41
WBGene00044794.,0,0,0
WBGene00044795.,8,203,211
WBGene00044796.,3,6,9
WBGene00044797.,2,129,131
WBGene00044798.,11,1,12
WBGene00044799.,0,92,92
WBGene00044800.,0,1,1
WBGene00044801.,0,0,0
WBGene00044802.,0,0,0
WBGene00044803.,57,122,179
WBGene00044804.,3,10,13
WBGene00044805.,1,8,9
WBGene00044806.,0,3,3
WBGene00044807.,1,5,6
WBGene00044808.,0,3,3
WBGene00044809.,0,1,1
WBGene00044810.,0,0,0
WBGene00044811.,41,518,559
WBGene00044889.,1,0,1
WBGene00044891.,119,922,1041
WBGene00044892.,0,1,1
WBGene00044894.,41,337,378
WBGene00044895.,12,7,19
WBGene00044896.,3,3,6
WBGene00044897.,4,111,115
WBGene00044898.,22,44,66
WBGene00044900.,7,69,76
WBGene00044901.,4,251,255
WBGene00044902.,0,0,0
WBGene00044903.,87,400,487
WBGene00044905.,0,4,4
WBGene00044906.,3,233,236
WBGene00044907.,33,54,87
WBGene00044908.,5,6,11
WBGene00044909.,2,16,18
WBGene00044911.,5,1,6
WBGene00044912.,4,0,4
WBGene00044914.,0,3,3
WBGene00044916.,118,1796,1914
WBGene00044917.,4,23,27
WBGene00044920.,19,201,220
WBGene00044921.,481,8863,9344
WBGene00044922.,56,1150,1206
WBGene00044923.,0,11,11
WBGene00044924.,126,422,548
WBGene00044925.,0,0,0
WBGene00044926.,0,1,1
WBGene00044927.,0,92,92
WBGene00044928.,0,0,0
WBGene00044929.,0,0,0
WBGene00044930.,0,3,3
WBGene00044931.,0,0,0
WBGene00044932.,0,0,0
WBGene00044933.,0,18,18
WBGene00044934.,0,42,42
WBGene00044935.,0,0,0
WBGene00044936.,0,0,0
WBGene00044937.,0,0,0
WBGene00044938.,0,1,1
WBGene00044939.,0,0,0
WBGene00044940.,0,0,0
WBGene00044941.,0,0,0
WBGene00044942.,0,0,0
WBGene00044943.,0,0,0
WBGene00044944.,0,0,0
WBGene00044945.,0,0,0
WBGene00044946.,0,0,0
WBGene00044947.,0,2,2
WBGene00044948.,0,0,0
WBGene00044949.,92,996,1088
WBGene00044951.,0,0,0
WBGene00044952.,0,0,0
WBGene00044953.,4,6,10
WBGene00044954.,0,0,0
WBGene00044955.,0,0,0
WBGene00044956.,0,0,0
WBGene00044957.,0,0,0
WBGene00044958.,0,0,0
WBGene00044960.,0,1,1
WBGene00044961.,0,4,4
WBGene00044962.,0,0,0
WBGene00044963.,0,0,0
WBGene00044964.,0,0,0
WBGene00044965.,0,0,0
WBGene00044966.,0,0,0
WBGene00044967.,0,15,15
WBGene00044968.,0,0,0
WBGene00044969.,0,0,0
WBGene00044970.,0,0,0
WBGene00044971.,0,0,0
WBGene00044972.,0,0,0
WBGene00044973.,0,4,4
WBGene00044974.,0,0,0
WBGene00044975.,0,32,32
WBGene00044976.,1,8,9
WBGene00044977.,143,2395,2538
WBGene00044978.,0,3,3
WBGene00044979.,7,20,27
WBGene00044980.,0,0,0
WBGene00044981.,0,0,0
WBGene00044982.,0,0,0
WBGene00044983.,0,0,0
WBGene00044984.,0,0,0
WBGene00044985.,0,0,0
WBGene00044986.,0,0,0
WBGene00044987.,75,282,357
WBGene00044988.,0,8,8
WBGene00044989.,420,2655,3075
WBGene00044990.,177,2146,2323
WBGene00044991.,16,406,422
WBGene00044995.,0,0,0
WBGene00044997.,0,40,40
WBGene00044998.,0,0,0
WBGene00045000.,0,1,1
WBGene00045002.,0,1,1
WBGene00045003.,0,0,0
WBGene00045006.,0,0,0
WBGene00045007.,0,0,0
WBGene00045009.,0,1,1
WBGene00045011.,0,0,0
WBGene00045012.,0,1,1
WBGene00045013.,1,60,61
WBGene00045016.,0,0,0
WBGene00045017.,0,50,50
WBGene00045018.,0,2,2
WBGene00045019.,0,0,0
WBGene00045022.,0,0,0
WBGene00045024.,5,25,30
WBGene00045025.,6,2,8
WBGene00045026.,0,0,0
WBGene00045027.,0,5,5
WBGene00045028.,1,0,1
WBGene00045029.,0,1,1
WBGene00045036.,3,20,23
WBGene00045037.,0,1,1
WBGene00045038.,0,0,0
WBGene00045040.,0,0,0
WBGene00045043.,88,9,97
WBGene00045045.,10,18,28
WBGene00045046.,0,0,0
WBGene00045048.,0,106,106
WBGene00045050.,7,161,168
WBGene00045051.,0,0,0
WBGene00045052.,15,33,48
WBGene00045053.,4,19,23
WBGene00045055.,0,0,0
WBGene00045056.,82,942,1024
WBGene00045057.,0,0,0
WBGene00045058.,10,43,53
WBGene00045059.,2,3,5
WBGene00045060.,2,7,9
WBGene00045061.,0,0,0
WBGene00045062.,0,35,35
WBGene00045063.,171,455,626
WBGene00045065.,0,0,0
WBGene00045066.,4,0,4
WBGene00045067.,0,41,41
WBGene00045068.,0,0,0
WBGene00045069.,0,0,0
WBGene00045071.,0,0,0
WBGene00045072.,0,0,0
WBGene00045074.,0,0,0
WBGene00045075.,0,4,4
WBGene00045076.,1,24,25
WBGene00045077.,17,165,182
WBGene00045078.,147,1486,1633
WBGene00045082.,0,0,0
WBGene00045083.,0,5,5
WBGene00045084.,0,0,0
WBGene00045085.,0,0,0
WBGene00045086.,0,0,0
WBGene00045087.,0,0,0
WBGene00045088.,0,0,0
WBGene00045089.,0,11,11
WBGene00045090.,0,0,0
WBGene00045091.,0,0,0
WBGene00045092.,0,0,0
WBGene00045093.,0,140,140
WBGene00045094.,0,0,0
WBGene00045095.,0,159,159
WBGene00045096.,0,326,326
WBGene00045097.,1,0,1
WBGene00045098.,0,1,1
WBGene00045099.,0,1,1
WBGene00045100.,1,3,4
WBGene00045101.,0,0,0
WBGene00045102.,2,0,2
WBGene00045103.,0,0,0
WBGene00045104.,0,6,6
WBGene00045105.,0,2,2
WBGene00045106.,0,0,0
WBGene00045107.,0,0,0
WBGene00045108.,3,3,6
WBGene00045109.,0,0,0
WBGene00045110.,0,0,0
WBGene00045111.,0,0,0
WBGene00045112.,0,0,0
WBGene00045113.,0,0,0
WBGene00045114.,0,8,8
WBGene00045115.,0,4,4
WBGene00045116.,0,0,0
WBGene00045117.,0,4,4
WBGene00045118.,0,105,105
WBGene00045119.,0,10,10
WBGene00045120.,0,0,0
WBGene00045121.,0,52,52
WBGene00045122.,1,0,1
WBGene00045123.,0,15,15
WBGene00045124.,0,26,26
WBGene00045125.,0,0,0
WBGene00045126.,0,0,0
WBGene00045127.,0,0,0
WBGene00045128.,0,0,0
WBGene00045129.,0,119,119
WBGene00045130.,0,0,0
WBGene00045131.,0,0,0
WBGene00045132.,0,1897,1897
WBGene00045133.,0,5,5
WBGene00045134.,0,0,0
WBGene00045136.,0,0,0
WBGene00045137.,0,0,0
WBGene00045138.,0,0,0
WBGene00045139.,0,0,0
WBGene00045140.,0,13,13
WBGene00045141.,0,19,19
WBGene00045142.,0,101,101
WBGene00045143.,0,2,2
WBGene00045144.,9,3,12
WBGene00045145.,0,0,0
WBGene00045146.,31,160,191
WBGene00045147.,0,79,79
WBGene00045148.,0,0,0
WBGene00045149.,0,0,0
WBGene00045150.,0,10,10
WBGene00045151.,0,0,0
WBGene00045152.,0,0,0
WBGene00045153.,0,0,0
WBGene00045154.,0,0,0
WBGene00045155.,0,0,0
WBGene00045156.,0,6,6
WBGene00045157.,0,89,89
WBGene00045158.,0,2,2
WBGene00045159.,0,30,30
WBGene00045160.,0,0,0
WBGene00045161.,0,0,0
WBGene00045162.,0,64,64
WBGene00045163.,0,35,35
WBGene00045164.,0,20,20
WBGene00045165.,0,0,0
WBGene00045167.,0,12,12
WBGene00045168.,0,0,0
WBGene00045169.,0,0,0
WBGene00045170.,0,0,0
WBGene00045171.,0,393,393
WBGene00045172.,0,0,0
WBGene00045174.,0,0,0
WBGene00045175.,0,316,316
WBGene00045176.,0,22,22
WBGene00045177.,3,10,13
WBGene00045178.,4,161,165
WBGene00045179.,0,0,0
WBGene00045180.,1,4,5
WBGene00045182.,0,0,0
WBGene00045183.,2,85,87
WBGene00045184.,1,0,1
WBGene00045185.,0,1,1
WBGene00045188.,1,6,7
WBGene00045189.,0,54,54
WBGene00045190.,52,357,409
WBGene00045192.,3,1077,1080
WBGene00045193.,15,134,149
WBGene00045194.,0,0,0
WBGene00045195.,268,186,454
WBGene00045197.,0,8,8
WBGene00045198.,5,2,7
WBGene00045199.,0,0,0
WBGene00045200.,0,0,0
WBGene00045201.,0,4,4
WBGene00045202.,0,4,4
WBGene00045203.,0,0,0
WBGene00045204.,0,0,0
WBGene00045205.,0,1,1
WBGene00045207.,5,24,29
WBGene00045208.,0,6810,6810
WBGene00045209.,0,11,11
WBGene00045210.,19,106,125
WBGene00045211.,4,11,15
WBGene00045212.,13,85,98
WBGene00045215.,20,95,115
WBGene00045218.,8,62,70
WBGene00045234.,0,1,1
WBGene00045235.,0,1,1
WBGene00045236.,2,4,6
WBGene00045237.,25,301,326
WBGene00045238.,0,752,752
WBGene00045239.,2,6,8
WBGene00045242.,0,5,5
WBGene00045245.,2,18,20
WBGene00045246.,71,867,938
WBGene00045247.,7,19,26
WBGene00045248.,79,231,310
WBGene00045249.,210,4074,4284
WBGene00045250.,45,126,171
WBGene00045251.,0,0,0
WBGene00045252.,19,109,128
WBGene00045253.,77,487,564
WBGene00045254.,1,0,1
WBGene00045255.,191,669,860
WBGene00045261.,2,19,21
WBGene00045265.,0,5,5
WBGene00045268.,1,2,3
WBGene00045269.,2,16,18
WBGene00045270.,11,0,11
WBGene00045271.,6,24,30
WBGene00045272.,0,19375,19375
WBGene00045273.,1,1,2
WBGene00045275.,0,371,371
WBGene00045276.,0,2754,2754
WBGene00045277.,273,1022,1295
WBGene00045278.,0,1,1
WBGene00045279.,0,3,3
WBGene00045280.,0,0,0
WBGene00045281.,0,1,1
WBGene00045282.,3,8,11
WBGene00045283.,0,7,7
WBGene00045285.,0,0,0
WBGene00045286.,0,3,3
WBGene00045287.,1,1,2
WBGene00045289.,22,36,58
WBGene00045290.,0,0,0
WBGene00045291.,3,10,13
WBGene00045292.,2,3,5
WBGene00045293.,11,14,25
WBGene00045294.,0,0,0
WBGene00045295.,43,236,279
WBGene00045297.,0,71,71
WBGene00045298.,0,0,0
WBGene00045299.,0,0,0
WBGene00045300.,0,0,0
WBGene00045301.,0,0,0
WBGene00045302.,2,0,2
WBGene00045303.,0,3,3
WBGene00045304.,0,0,0
WBGene00045305.,0,291,291
WBGene00045306.,2,3,5
WBGene00045308.,8,6,14
WBGene00045309.,2,11,13
WBGene00045311.,0,0,0
WBGene00045313.,0,0,0
WBGene00045314.,7,129,136
WBGene00045315.,0,5,5
WBGene00045316.,37,33,70
WBGene00045319.,0,10,10
WBGene00045321.,0,25,25
WBGene00045322.,0,2,2
WBGene00045323.,0,0,0
WBGene00045324.,0,0,0
WBGene00045325.,0,0,0
WBGene00045326.,0,0,0
WBGene00045327.,0,4,4
WBGene00045328.,0,0,0
WBGene00045329.,0,2,2
WBGene00045330.,0,0,0
WBGene00045331.,4,101,105
WBGene00045332.,0,0,0
WBGene00045336.,97,797,894
WBGene00045337.,0,23,23
WBGene00045338.,0,3,3
WBGene00045339.,0,81,81
WBGene00045340.,79,350,429
WBGene00045341.,0,3,3
WBGene00045342.,0,1,1
WBGene00045343.,0,0,0
WBGene00045344.,0,0,0
WBGene00045345.,7,2,9
WBGene00045346.,0,0,0
WBGene00045347.,0,0,0
WBGene00045348.,0,2,2
WBGene00045350.,0,7,7
WBGene00045351.,0,3,3
WBGene00045352.,0,4,4
WBGene00045353.,0,1,1
WBGene00045354.,0,0,0
WBGene00045355.,5,3,8
WBGene00045356.,5,12,17
WBGene00045357.,43,61,104
WBGene00045358.,0,4,4
WBGene00045359.,0,4,4
WBGene00045360.,0,2,2
WBGene00045361.,0,2,2
WBGene00045362.,0,0,0
WBGene00045363.,0,5,5
WBGene00045364.,6,3,9
WBGene00045365.,0,20,20
WBGene00045366.,840,3092,3932
WBGene00045367.,0,0,0
WBGene00045368.,0,0,0
WBGene00045369.,0,0,0
WBGene00045370.,0,0,0
WBGene00045371.,0,1,1
WBGene00045372.,0,0,0
WBGene00045373.,0,0,0
WBGene00045374.,0,0,0
WBGene00045375.,0,54,54
WBGene00045376.,0,0,0
WBGene00045377.,0,0,0
WBGene00045378.,0,0,0
WBGene00045379.,16,320,336
WBGene00045380.,0,0,0
WBGene00045381.,1,1,2
WBGene00045382.,0,16,16
WBGene00045383.,107,2589,2696
WBGene00045385.,7,49,56
WBGene00045386.,51,520,571
WBGene00045387.,61,426,487
WBGene00045388.,0,0,0
WBGene00045389.,0,0,0
WBGene00045390.,177,2597,2774
WBGene00045391.,0,7,7
WBGene00045392.,87,665,752
WBGene00045393.,4,25,29
WBGene00045394.,0,4,4
WBGene00045395.,25,130,155
WBGene00045396.,323,228,551
WBGene00045397.,17,111,128
WBGene00045398.,4,2,6
WBGene00045399.,3,35,38
WBGene00045400.,6,34,40
WBGene00045401.,5,14,19
WBGene00045402.,0,0,0
WBGene00045403.,11,151,162
WBGene00045404.,4,13,17
WBGene00045405.,10,30,40
WBGene00045406.,0,1,1
WBGene00045407.,106,950,1056
WBGene00045408.,1,1,2
WBGene00045410.,133,1128,1261
WBGene00045411.,4,127,131
WBGene00045412.,0,24,24
WBGene00045413.,3,1,4
WBGene00045414.,0,1,1
WBGene00045415.,3,21,24
WBGene00045416.,1,4,5
WBGene00045417.,1,2,3
WBGene00045418.,107,2582,2689
WBGene00045419.,325,2785,3110
WBGene00045433.,119,1326,1445
WBGene00045434.,90,418,508
WBGene00045455.,4,75,79
WBGene00045456.,3,2,5
WBGene00045457.,0,33,33
WBGene00045458.,0,11,11
WBGene00045459.,0,2,2
WBGene00045460.,1,14,15
WBGene00045461.,10,37,47
WBGene00045468.,0,5,5
WBGene00045473.,1,12,13
WBGene00045474.,3,42,45
WBGene00045475.,12,26,38
WBGene00045480.,20,16,36
WBGene00045481.,14,12,26
WBGene00045482.,119,489,608
WBGene00045483.,555,6863,7418
WBGene00045484.,25,42,67
WBGene00045486.,0,1,1
WBGene00045487.,0,5,5
WBGene00045488.,2,18,20
WBGene00045490.,0,0,0
WBGene00045491.,0,0,0
WBGene00045492.,0,7,7
WBGene00045493.,8,7,15
WBGene00045494.,5,27,32
WBGene00045495.,95,960,1055
WBGene00045496.,1,0,1
WBGene00045497.,7,35,42
WBGene00045498.,0,5,5
WBGene00045500.,2,11,13
WBGene00045501.,0,0,0
WBGene00045502.,0,0,0
WBGene00045506.,1,2,3
WBGene00045507.,3,908,911
WBGene00045508.,2,1,3
WBGene00045509.,24,31,55
WBGene00045510.,20,158,178
WBGene00045511.,9,25,34
WBGene00045513.,4,5,9
WBGene00045514.,0,7,7
WBGene00045515.,2,0,2
WBGene00045516.,3,27,30
WBGene00045517.,229,1468,1697
WBGene00045518.,0,0,0
WBGene00045519.,0,0,0
WBGene00045520.,0,0,0
WBGene00045521.,0,0,0
WBGene00045522.,0,0,0
WBGene00045523.,0,1,1
WBGene00045524.,0,0,0
WBGene00045525.,0,0,0
WBGene00045526.,0,0,0
WBGene00045527.,0,0,0
WBGene00045528.,0,0,0
WBGene00045529.,0,0,0
WBGene00045530.,0,1,1
WBGene00045531.,0,0,0
WBGene00045532.,0,0,0
WBGene00045533.,0,2,2
WBGene00045534.,0,0,0
WBGene00045535.,0,0,0
WBGene00045536.,0,1,1
WBGene00045537.,0,0,0
WBGene00045538.,0,0,0
WBGene00045539.,0,0,0
WBGene00045540.,0,12,12
WBGene00045541.,0,2,2
WBGene00045542.,0,0,0
WBGene00045543.,0,0,0
WBGene00045544.,0,0,0
WBGene00045545.,0,0,0
WBGene00045546.,0,0,0
WBGene00045547.,0,3,3
WBGene00045548.,0,0,0
WBGene00045549.,0,1,1
WBGene00045550.,0,0,0
WBGene00045551.,0,0,0
WBGene00045552.,0,0,0
WBGene00045553.,0,0,0
WBGene00045554.,0,0,0
WBGene00045555.,0,0,0
WBGene00045556.,0,0,0
WBGene00045557.,0,0,0
WBGene00045558.,0,0,0
WBGene00045559.,0,0,0
WBGene00045560.,0,0,0
WBGene00045561.,0,0,0
WBGene00045562.,0,0,0
WBGene00045563.,0,0,0
WBGene00045564.,0,0,0
WBGene00045565.,0,0,0
WBGene00045566.,0,0,0
WBGene00045567.,0,0,0
WBGene00045568.,0,0,0
WBGene00045569.,0,0,0
WBGene00045570.,0,0,0
WBGene00045571.,0,0,0
WBGene00045572.,0,5,5
WBGene00045573.,0,0,0
WBGene00045574.,0,1,1
WBGene00045575.,0,0,0
WBGene00045576.,0,0,0
WBGene00045577.,0,3,3
WBGene00045578.,0,0,0
WBGene00045579.,0,0,0
WBGene00045580.,0,0,0
WBGene00045581.,0,1,1
WBGene00045582.,0,0,0
WBGene00045583.,0,2,2
WBGene00045584.,0,0,0
WBGene00045585.,0,0,0
WBGene00045586.,0,0,0
WBGene00045587.,0,0,0
WBGene00045588.,0,0,0
WBGene00045589.,0,0,0
WBGene00045590.,0,0,0
WBGene00045591.,0,1,1
WBGene00045592.,0,0,0
WBGene00045593.,0,0,0
WBGene00045594.,0,0,0
WBGene00045595.,0,0,0
WBGene00045596.,0,0,0
WBGene00045597.,0,0,0
WBGene00045598.,0,0,0
WBGene00045599.,0,0,0
WBGene00045600.,0,0,0
WBGene00045601.,0,0,0
WBGene00045602.,0,0,0
WBGene00045603.,0,0,0
WBGene00045604.,0,0,0
WBGene00045605.,0,0,0
WBGene00045606.,0,0,0
WBGene00045607.,0,0,0
WBGene00045608.,0,0,0
WBGene00045609.,0,0,0
WBGene00045610.,0,0,0
WBGene00045611.,0,0,0
WBGene00045612.,0,0,0
WBGene00045613.,0,0,0
WBGene00045614.,0,0,0
WBGene00045615.,0,0,0
WBGene00045616.,0,0,0
WBGene00045617.,0,0,0
WBGene00045618.,0,0,0
WBGene00045619.,0,0,0
WBGene00045620.,0,0,0
WBGene00045621.,0,0,0
WBGene00045622.,0,0,0
WBGene00045623.,0,0,0
WBGene00045624.,0,0,0
WBGene00045625.,0,0,0
WBGene00045626.,0,0,0
WBGene00045627.,0,0,0
WBGene00045628.,0,0,0
WBGene00045629.,0,0,0
WBGene00045630.,0,0,0
WBGene00045631.,0,0,0
WBGene00045632.,0,1,1
WBGene00045633.,0,0,0
WBGene00045634.,0,0,0
WBGene00045635.,0,0,0
WBGene00045636.,0,0,0
WBGene00045637.,0,6,6
WBGene00045638.,0,0,0
WBGene00045639.,0,1,1
WBGene00045640.,0,1,1
WBGene00045641.,0,0,0
WBGene00045642.,0,0,0
WBGene00045643.,0,0,0
WBGene00045644.,0,0,0
WBGene00045645.,0,0,0
WBGene00045646.,0,0,0
WBGene00045647.,0,0,0
WBGene00045648.,0,0,0
WBGene00045649.,0,0,0
WBGene00045650.,0,0,0
WBGene00045651.,0,1,1
WBGene00045652.,0,0,0
WBGene00045653.,0,0,0
WBGene00045654.,0,0,0
WBGene00045655.,0,0,0
WBGene00045656.,0,0,0
WBGene00045657.,0,0,0
WBGene00045658.,0,0,0
WBGene00045659.,0,0,0
WBGene00045660.,0,0,0
WBGene00045661.,0,0,0
WBGene00045662.,0,0,0
WBGene00045663.,0,0,0
WBGene00045664.,0,0,0
WBGene00045665.,0,0,0
WBGene00045666.,0,1,1
WBGene00045667.,0,0,0
WBGene00045668.,0,49,49
WBGene00045669.,0,0,0
WBGene00045670.,0,0,0
WBGene00045671.,0,0,0
WBGene00045672.,0,1,1
WBGene00045673.,0,0,0
WBGene00045674.,0,0,0
WBGene00045675.,0,0,0
WBGene00045676.,0,0,0
WBGene00045677.,0,0,0
WBGene00045678.,0,0,0
WBGene00045679.,0,0,0
WBGene00045680.,0,0,0
WBGene00045681.,0,0,0
WBGene00045682.,0,0,0
WBGene00045683.,0,2,2
WBGene00045684.,0,0,0
WBGene00045685.,0,0,0
WBGene00045686.,0,0,0
WBGene00045687.,0,0,0
WBGene00045688.,0,0,0
WBGene00045689.,0,0,0
WBGene00045690.,0,1,1
WBGene00045691.,0,0,0
WBGene00045692.,0,0,0
WBGene00045693.,0,0,0
WBGene00045694.,0,9,9
WBGene00045695.,0,0,0
WBGene00045696.,0,0,0
WBGene00045697.,0,0,0
WBGene00045698.,0,0,0
WBGene00045699.,0,0,0
WBGene00045700.,0,0,0
WBGene00045701.,0,1,1
WBGene00045702.,0,0,0
WBGene00045703.,0,0,0
WBGene00045704.,0,0,0
WBGene00045705.,0,3,3
WBGene00045706.,0,0,0
WBGene00045707.,0,2,2
WBGene00045708.,0,0,0
WBGene00045709.,0,0,0
WBGene00045710.,0,0,0
WBGene00045711.,0,0,0
WBGene00045712.,0,0,0
WBGene00045713.,0,0,0
WBGene00045714.,0,0,0
WBGene00045715.,0,0,0
WBGene00045716.,0,0,0
WBGene00045717.,0,0,0
WBGene00045718.,0,1,1
WBGene00045719.,0,0,0
WBGene00045720.,0,0,0
WBGene00045721.,0,0,0
WBGene00045722.,0,0,0
WBGene00045723.,0,0,0
WBGene00045724.,0,1,1
WBGene00045725.,0,0,0
WBGene00045726.,0,0,0
WBGene00045727.,0,0,0
WBGene00045728.,0,13,13
WBGene00045729.,0,0,0
WBGene00045730.,0,0,0
WBGene00045731.,0,0,0
WBGene00045732.,0,0,0
WBGene00045733.,0,0,0
WBGene00045734.,0,0,0
WBGene00045735.,0,0,0
WBGene00045736.,0,0,0
WBGene00045737.,0,0,0
WBGene00045738.,0,0,0
WBGene00045739.,0,0,0
WBGene00045740.,0,0,0
WBGene00045741.,0,0,0
WBGene00045743.,0,0,0
WBGene00045744.,0,0,0
WBGene00045745.,0,0,0
WBGene00045746.,0,0,0
WBGene00045747.,0,0,0
WBGene00045748.,0,0,0
WBGene00045749.,0,0,0
WBGene00045750.,0,0,0
WBGene00045751.,0,0,0
WBGene00045752.,0,0,0
WBGene00045753.,0,0,0
WBGene00045754.,0,0,0
WBGene00045755.,0,0,0
WBGene00045756.,0,0,0
WBGene00045757.,0,0,0
WBGene00045758.,0,0,0
WBGene00045759.,0,0,0
WBGene00045760.,0,0,0
WBGene00045761.,0,0,0
WBGene00045762.,0,0,0
WBGene00045763.,0,0,0
WBGene00045764.,0,0,0
WBGene00045765.,0,0,0
WBGene00045766.,0,0,0
WBGene00045767.,0,0,0
WBGene00045768.,0,0,0
WBGene00045769.,0,0,0
WBGene00045770.,0,0,0
WBGene00045771.,0,0,0
WBGene00045772.,0,0,0
WBGene00045773.,0,0,0
WBGene00045774.,0,0,0
WBGene00045775.,0,0,0
WBGene00045776.,0,0,0
WBGene00045777.,0,0,0
WBGene00045778.,0,0,0
WBGene00045779.,0,0,0
WBGene00045780.,0,0,0
WBGene00045781.,0,1,1
WBGene00045782.,0,0,0
WBGene00045783.,0,0,0
WBGene00045784.,0,0,0
WBGene00045785.,0,0,0
WBGene00045786.,0,0,0
WBGene00045787.,0,1,1
WBGene00045788.,0,5,5
WBGene00045789.,0,0,0
WBGene00045790.,0,3,3
WBGene00045791.,0,0,0
WBGene00045792.,0,2,2
WBGene00045793.,0,0,0
WBGene00045794.,0,0,0
WBGene00045795.,0,0,0
WBGene00045796.,0,1,1
WBGene00045797.,0,0,0
WBGene00045798.,0,0,0
WBGene00045799.,0,0,0
WBGene00045800.,0,0,0
WBGene00045801.,0,0,0
WBGene00045802.,0,0,0
WBGene00045803.,0,1,1
WBGene00045804.,0,0,0
WBGene00045805.,0,0,0
WBGene00045806.,0,1,1
WBGene00045807.,0,0,0
WBGene00045808.,0,0,0
WBGene00045809.,0,0,0
WBGene00045810.,0,0,0
WBGene00045811.,0,0,0
WBGene00045812.,0,0,0
WBGene00045813.,0,0,0
WBGene00045814.,0,0,0
WBGene00045815.,0,1,1
WBGene00045816.,0,0,0
WBGene00045817.,0,0,0
WBGene00045818.,0,0,0
WBGene00045819.,0,0,0
WBGene00045820.,0,3,3
WBGene00045821.,0,0,0
WBGene00045822.,0,4,4
WBGene00045823.,0,0,0
WBGene00045824.,0,1,1
WBGene00045825.,0,0,0
WBGene00045826.,0,0,0
WBGene00045827.,0,0,0
WBGene00045828.,0,0,0
WBGene00045829.,0,3,3
WBGene00045830.,0,6,6
WBGene00045831.,0,0,0
WBGene00045832.,0,0,0
WBGene00045833.,0,0,0
WBGene00045834.,0,0,0
WBGene00045835.,0,0,0
WBGene00045836.,0,0,0
WBGene00045837.,0,0,0
WBGene00045838.,0,0,0
WBGene00045839.,0,0,0
WBGene00045840.,0,2,2
WBGene00045841.,0,4,4
WBGene00045842.,0,0,0
WBGene00045843.,0,0,0
WBGene00045844.,0,0,0
WBGene00045845.,0,0,0
WBGene00045846.,0,0,0
WBGene00045847.,0,0,0
WBGene00045848.,0,0,0
WBGene00045849.,0,0,0
WBGene00045850.,0,0,0
WBGene00045851.,0,0,0
WBGene00045852.,0,0,0
WBGene00045853.,0,0,0
WBGene00045854.,0,0,0
WBGene00045855.,0,0,0
WBGene00045856.,0,2,2
WBGene00045857.,0,0,0
WBGene00045858.,0,0,0
WBGene00045859.,0,0,0
WBGene00045860.,0,0,0
WBGene00045861.,0,0,0
WBGene00045862.,0,0,0
WBGene00045863.,0,0,0
WBGene00045864.,0,2,2
WBGene00045865.,0,1,1
WBGene00045866.,0,1,1
WBGene00045867.,0,1,1
WBGene00045868.,0,0,0
WBGene00045869.,0,5,5
WBGene00045870.,0,3,3
WBGene00045871.,0,1,1
WBGene00045872.,0,0,0
WBGene00045873.,0,0,0
WBGene00045874.,0,1,1
WBGene00045875.,0,0,0
WBGene00045876.,0,0,0
WBGene00045877.,0,0,0
WBGene00045878.,0,0,0
WBGene00045879.,0,0,0
WBGene00045880.,0,0,0
WBGene00045881.,0,0,0
WBGene00045882.,0,0,0
WBGene00045883.,0,0,0
WBGene00045884.,0,1,1
WBGene00045885.,0,0,0
WBGene00045886.,0,1,1
WBGene00045887.,0,0,0
WBGene00045888.,0,0,0
WBGene00045889.,0,1,1
WBGene00045890.,0,0,0
WBGene00045891.,0,0,0
WBGene00045892.,0,0,0
WBGene00045893.,0,0,0
WBGene00045894.,0,0,0
WBGene00045895.,0,0,0
WBGene00045896.,0,1,1
WBGene00045897.,0,0,0
WBGene00045898.,0,0,0
WBGene00045899.,0,0,0
WBGene00045900.,0,1,1
WBGene00045901.,0,0,0
WBGene00045902.,0,0,0
WBGene00045903.,0,0,0
WBGene00045904.,0,1,1
WBGene00045905.,0,0,0
WBGene00045906.,0,0,0
WBGene00045907.,0,0,0
WBGene00045908.,0,0,0
WBGene00045909.,0,0,0
WBGene00045910.,0,0,0
WBGene00045911.,0,0,0
WBGene00045912.,0,0,0
WBGene00045913.,0,0,0
WBGene00045914.,0,0,0
WBGene00045915.,0,0,0
WBGene00045916.,0,0,0
WBGene00045917.,0,0,0
WBGene00045918.,0,0,0
WBGene00045919.,0,2,2
WBGene00045920.,0,0,0
WBGene00045921.,0,0,0
WBGene00045922.,0,0,0
WBGene00045923.,0,0,0
WBGene00045924.,0,0,0
WBGene00045925.,0,0,0
WBGene00045926.,0,1,1
WBGene00045927.,0,0,0
WBGene00045928.,0,4,4
WBGene00045929.,0,0,0
WBGene00045930.,0,0,0
WBGene00045931.,0,0,0
WBGene00045932.,0,0,0
WBGene00045933.,0,0,0
WBGene00045934.,0,0,0
WBGene00045935.,0,0,0
WBGene00045936.,0,1,1
WBGene00045937.,0,0,0
WBGene00045938.,0,0,0
WBGene00045939.,0,0,0
WBGene00045940.,0,0,0
WBGene00045941.,0,0,0
WBGene00045942.,0,0,0
WBGene00045943.,0,0,0
WBGene00045944.,0,1,1
WBGene00045945.,0,0,0
WBGene00045946.,0,0,0
WBGene00045947.,0,0,0
WBGene00045948.,0,0,0
WBGene00045949.,0,1,1
WBGene00045950.,0,0,0
WBGene00045951.,0,0,0
WBGene00045952.,0,0,0
WBGene00045953.,0,0,0
WBGene00045954.,0,0,0
WBGene00045955.,0,0,0
WBGene00045956.,0,1,1
WBGene00045957.,0,0,0
WBGene00045958.,0,0,0
WBGene00045959.,0,0,0
WBGene00045960.,0,0,0
WBGene00045961.,0,0,0
WBGene00045962.,0,0,0
WBGene00045963.,0,0,0
WBGene00045964.,0,0,0
WBGene00045965.,0,0,0
WBGene00045966.,0,1,1
WBGene00045967.,0,0,0
WBGene00045968.,0,1,1
WBGene00045969.,0,0,0
WBGene00045970.,0,0,0
WBGene00045971.,0,0,0
WBGene00045972.,0,0,0
WBGene00045973.,0,0,0
WBGene00045974.,0,0,0
WBGene00045975.,0,0,0
WBGene00045976.,0,0,0
WBGene00045977.,0,2,2
WBGene00045978.,0,1,1
WBGene00045979.,0,2,2
WBGene00045980.,0,0,0
WBGene00045981.,0,2,2
WBGene00045982.,0,0,0
WBGene00045983.,0,0,0
WBGene00045984.,0,0,0
WBGene00045985.,0,0,0
WBGene00045986.,0,0,0
WBGene00045987.,0,1,1
WBGene00045988.,0,0,0
WBGene00045989.,0,0,0
WBGene00045990.,0,1,1
WBGene00045991.,0,0,0
WBGene00045992.,0,0,0
WBGene00045993.,0,0,0
WBGene00045994.,0,0,0
WBGene00045995.,0,2,2
WBGene00045996.,0,0,0
WBGene00045997.,0,0,0
WBGene00045998.,0,0,0
WBGene00045999.,0,0,0
WBGene00046000.,0,0,0
WBGene00046001.,0,0,0
WBGene00046002.,0,0,0
WBGene00046003.,0,0,0
WBGene00046004.,0,0,0
WBGene00046005.,0,0,0
WBGene00046006.,0,0,0
WBGene00046007.,0,0,0
WBGene00046008.,0,0,0
WBGene00046009.,0,0,0
WBGene00046010.,0,1,1
WBGene00046011.,0,7,7
WBGene00046012.,0,0,0
WBGene00046013.,0,0,0
WBGene00046014.,0,0,0
WBGene00046015.,0,2,2
WBGene00046016.,0,0,0
WBGene00046017.,0,0,0
WBGene00046018.,0,0,0
WBGene00046019.,0,0,0
WBGene00046020.,0,0,0
WBGene00046021.,0,0,0
WBGene00046022.,0,0,0
WBGene00046023.,0,3,3
WBGene00046024.,0,0,0
WBGene00046025.,0,0,0
WBGene00046026.,0,0,0
WBGene00046027.,0,4,4
WBGene00046028.,0,0,0
WBGene00046029.,0,2,2
WBGene00046030.,0,0,0
WBGene00046031.,0,1,1
WBGene00046032.,0,0,0
WBGene00046033.,0,0,0
WBGene00046034.,0,0,0
WBGene00046035.,0,0,0
WBGene00046036.,0,1,1
WBGene00046037.,0,1,1
WBGene00046038.,0,0,0
WBGene00046039.,0,0,0
WBGene00046040.,0,0,0
WBGene00046041.,0,1,1
WBGene00046042.,0,0,0
WBGene00046043.,0,1,1
WBGene00046044.,0,0,0
WBGene00046045.,0,0,0
WBGene00046046.,0,2,2
WBGene00046047.,0,1,1
WBGene00046048.,0,2,2
WBGene00046049.,0,1,1
WBGene00046050.,0,0,0
WBGene00046051.,0,3,3
WBGene00046052.,0,0,0
WBGene00046053.,0,0,0
WBGene00046054.,0,0,0
WBGene00046055.,0,0,0
WBGene00046056.,0,0,0
WBGene00046057.,0,0,0
WBGene00046058.,0,0,0
WBGene00046059.,0,0,0
WBGene00046060.,0,2,2
WBGene00046061.,0,0,0
WBGene00046062.,0,0,0
WBGene00046063.,0,0,0
WBGene00046064.,0,0,0
WBGene00046065.,0,0,0
WBGene00046066.,0,0,0
WBGene00046067.,0,0,0
WBGene00046068.,0,0,0
WBGene00046069.,0,0,0
WBGene00046070.,0,0,0
WBGene00046071.,0,0,0
WBGene00046072.,0,3,3
WBGene00046073.,0,2,2
WBGene00046074.,0,0,0
WBGene00046075.,0,0,0
WBGene00046076.,0,0,0
WBGene00046077.,0,0,0
WBGene00046078.,0,0,0
WBGene00046079.,0,3,3
WBGene00046080.,0,0,0
WBGene00046081.,0,0,0
WBGene00046082.,0,0,0
WBGene00046083.,0,0,0
WBGene00046084.,0,0,0
WBGene00046085.,0,0,0
WBGene00046086.,0,0,0
WBGene00046087.,0,0,0
WBGene00046088.,0,0,0
WBGene00046089.,0,0,0
WBGene00046090.,0,0,0
WBGene00046091.,0,0,0
WBGene00046092.,0,0,0
WBGene00046093.,0,0,0
WBGene00046094.,0,0,0
WBGene00046095.,0,0,0
WBGene00046096.,0,0,0
WBGene00046097.,0,0,0
WBGene00046098.,0,0,0
WBGene00046099.,0,0,0
WBGene00046100.,0,0,0
WBGene00046101.,0,0,0
WBGene00046102.,0,2,2
WBGene00046103.,0,0,0
WBGene00046104.,0,0,0
WBGene00046105.,0,0,0
WBGene00046106.,0,0,0
WBGene00046107.,0,0,0
WBGene00046108.,0,2,2
WBGene00046109.,0,11,11
WBGene00046110.,0,0,0
WBGene00046111.,0,0,0
WBGene00046112.,0,1,1
WBGene00046113.,0,0,0
WBGene00046114.,0,21,21
WBGene00046115.,0,7,7
WBGene00046116.,0,0,0
WBGene00046117.,0,0,0
WBGene00046118.,0,0,0
WBGene00046119.,0,0,0
WBGene00046120.,0,0,0
WBGene00046121.,0,0,0
WBGene00046122.,0,0,0
WBGene00046123.,0,0,0
WBGene00046124.,0,1,1
WBGene00046125.,0,0,0
WBGene00046126.,0,0,0
WBGene00046127.,0,0,0
WBGene00046128.,0,0,0
WBGene00046129.,0,0,0
WBGene00046130.,0,0,0
WBGene00046131.,0,0,0
WBGene00046132.,0,4,4
WBGene00046133.,0,0,0
WBGene00046134.,0,0,0
WBGene00046135.,0,0,0
WBGene00046136.,0,0,0
WBGene00046137.,0,2,2
WBGene00046138.,0,0,0
WBGene00046139.,0,1,1
WBGene00046140.,0,0,0
WBGene00046141.,0,0,0
WBGene00046142.,0,0,0
WBGene00046143.,0,2,2
WBGene00046144.,0,0,0
WBGene00046145.,0,0,0
WBGene00046146.,0,0,0
WBGene00046147.,0,0,0
WBGene00046148.,0,0,0
WBGene00046149.,0,0,0
WBGene00046150.,0,0,0
WBGene00046151.,0,1,1
WBGene00046152.,0,0,0
WBGene00046153.,0,0,0
WBGene00046154.,0,0,0
WBGene00046155.,0,0,0
WBGene00046156.,0,0,0
WBGene00046157.,0,0,0
WBGene00046158.,0,0,0
WBGene00046159.,0,0,0
WBGene00046160.,0,0,0
WBGene00046161.,0,1,1
WBGene00046162.,0,0,0
WBGene00046163.,0,0,0
WBGene00046164.,0,0,0
WBGene00046165.,0,0,0
WBGene00046166.,0,1,1
WBGene00046167.,0,0,0
WBGene00046168.,0,0,0
WBGene00046169.,0,0,0
WBGene00046170.,0,0,0
WBGene00046171.,0,0,0
WBGene00046172.,0,0,0
WBGene00046173.,0,0,0
WBGene00046174.,0,0,0
WBGene00046175.,0,0,0
WBGene00046176.,0,29,29
WBGene00046177.,0,0,0
WBGene00046178.,0,0,0
WBGene00046179.,0,0,0
WBGene00046180.,0,0,0
WBGene00046181.,0,0,0
WBGene00046182.,0,1,1
WBGene00046183.,0,1,1
WBGene00046184.,0,0,0
WBGene00046185.,0,0,0
WBGene00046186.,0,0,0
WBGene00046187.,0,0,0
WBGene00046188.,0,0,0
WBGene00046189.,0,0,0
WBGene00046190.,0,0,0
WBGene00046191.,0,0,0
WBGene00046192.,0,2,2
WBGene00046193.,0,0,0
WBGene00046194.,0,0,0
WBGene00046195.,0,0,0
WBGene00046196.,0,1,1
WBGene00046197.,0,0,0
WBGene00046198.,0,0,0
WBGene00046199.,0,0,0
WBGene00046200.,0,0,0
WBGene00046201.,0,0,0
WBGene00046202.,0,0,0
WBGene00046203.,0,0,0
WBGene00046204.,0,0,0
WBGene00046205.,0,0,0
WBGene00046206.,0,1,1
WBGene00046207.,0,0,0
WBGene00046208.,0,0,0
WBGene00046209.,0,9,9
WBGene00046210.,0,0,0
WBGene00046211.,0,0,0
WBGene00046212.,0,0,0
WBGene00046213.,0,0,0
WBGene00046214.,0,0,0
WBGene00046215.,0,0,0
WBGene00046216.,0,0,0
WBGene00046217.,0,1,1
WBGene00046218.,0,0,0
WBGene00046219.,0,0,0
WBGene00046220.,0,2,2
WBGene00046221.,0,0,0
WBGene00046222.,0,0,0
WBGene00046223.,0,0,0
WBGene00046224.,0,0,0
WBGene00046225.,0,0,0
WBGene00046226.,0,0,0
WBGene00046227.,0,0,0
WBGene00046228.,0,0,0
WBGene00046229.,0,0,0
WBGene00046230.,0,0,0
WBGene00046231.,0,0,0
WBGene00046232.,0,0,0
WBGene00046233.,0,0,0
WBGene00046234.,0,0,0
WBGene00046235.,0,0,0
WBGene00046236.,0,0,0
WBGene00046237.,0,0,0
WBGene00046238.,0,0,0
WBGene00046239.,0,0,0
WBGene00046240.,0,0,0
WBGene00046241.,0,0,0
WBGene00046242.,0,0,0
WBGene00046243.,0,0,0
WBGene00046244.,0,0,0
WBGene00046245.,0,0,0
WBGene00046246.,0,0,0
WBGene00046247.,0,0,0
WBGene00046248.,0,0,0
WBGene00046249.,0,1,1
WBGene00046250.,0,0,0
WBGene00046251.,0,2,2
WBGene00046252.,0,0,0
WBGene00046253.,0,0,0
WBGene00046254.,0,2,2
WBGene00046255.,0,0,0
WBGene00046256.,0,1,1
WBGene00046257.,0,0,0
WBGene00046258.,0,0,0
WBGene00046259.,0,0,0
WBGene00046260.,0,0,0
WBGene00046261.,0,0,0
WBGene00046262.,0,0,0
WBGene00046263.,0,1,1
WBGene00046264.,0,4,4
WBGene00046265.,0,1,1
WBGene00046266.,0,0,0
WBGene00046267.,0,0,0
WBGene00046268.,0,0,0
WBGene00046269.,0,1,1
WBGene00046270.,0,0,0
WBGene00046271.,0,0,0
WBGene00046272.,0,0,0
WBGene00046273.,0,0,0
WBGene00046274.,0,0,0
WBGene00046275.,0,0,0
WBGene00046276.,0,0,0
WBGene00046277.,0,0,0
WBGene00046278.,0,0,0
WBGene00046279.,0,0,0
WBGene00046280.,0,0,0
WBGene00046281.,0,0,0
WBGene00046282.,0,0,0
WBGene00046283.,0,1,1
WBGene00046284.,0,0,0
WBGene00046285.,0,0,0
WBGene00046286.,0,1,1
WBGene00046287.,0,0,0
WBGene00046288.,0,3,3
WBGene00046289.,0,11,11
WBGene00046290.,0,3,3
WBGene00046291.,0,0,0
WBGene00046292.,0,2,2
WBGene00046293.,0,0,0
WBGene00046294.,0,1,1
WBGene00046295.,0,0,0
WBGene00046296.,0,1,1
WBGene00046297.,0,0,0
WBGene00046298.,0,0,0
WBGene00046299.,0,0,0
WBGene00046300.,0,0,0
WBGene00046301.,0,0,0
WBGene00046302.,0,0,0
WBGene00046303.,0,0,0
WBGene00046304.,0,0,0
WBGene00046305.,0,1,1
WBGene00046306.,0,0,0
WBGene00046307.,0,0,0
WBGene00046308.,0,5,5
WBGene00046309.,0,0,0
WBGene00046310.,0,0,0
WBGene00046311.,0,0,0
WBGene00046312.,0,0,0
WBGene00046313.,0,3,3
WBGene00046314.,0,0,0
WBGene00046315.,0,0,0
WBGene00046316.,0,0,0
WBGene00046317.,0,1,1
WBGene00046318.,0,0,0
WBGene00046319.,0,0,0
WBGene00046320.,0,1,1
WBGene00046321.,0,0,0
WBGene00046322.,0,0,0
WBGene00046323.,0,1,1
WBGene00046324.,0,0,0
WBGene00046325.,0,0,0
WBGene00046326.,0,0,0
WBGene00046327.,0,0,0
WBGene00046328.,0,0,0
WBGene00046329.,0,0,0
WBGene00046330.,0,0,0
WBGene00046331.,0,0,0
WBGene00046332.,0,0,0
WBGene00046333.,0,0,0
WBGene00046334.,0,0,0
WBGene00046335.,0,8,8
WBGene00046336.,0,0,0
WBGene00046337.,0,0,0
WBGene00046338.,0,0,0
WBGene00046339.,0,0,0
WBGene00046340.,0,0,0
WBGene00046341.,0,0,0
WBGene00046342.,0,0,0
WBGene00046343.,0,1,1
WBGene00046344.,0,1,1
WBGene00046345.,0,5,5
WBGene00046346.,0,1,1
WBGene00046347.,0,1,1
WBGene00046348.,0,4,4
WBGene00046349.,0,2,2
WBGene00046350.,0,0,0
WBGene00046351.,0,0,0
WBGene00046352.,0,0,0
WBGene00046353.,0,2,2
WBGene00046354.,0,0,0
WBGene00046355.,0,0,0
WBGene00046356.,0,2,2
WBGene00046357.,0,0,0
WBGene00046358.,0,0,0
WBGene00046359.,0,0,0
WBGene00046360.,0,0,0
WBGene00046361.,0,0,0
WBGene00046362.,0,0,0
WBGene00046363.,0,0,0
WBGene00046364.,0,0,0
WBGene00046365.,0,0,0
WBGene00046366.,0,2,2
WBGene00046367.,0,0,0
WBGene00046368.,0,0,0
WBGene00046369.,0,0,0
WBGene00046370.,0,0,0
WBGene00046371.,0,0,0
WBGene00046372.,0,0,0
WBGene00046373.,0,2,2
WBGene00046374.,0,1,1
WBGene00046375.,0,3,3
WBGene00046376.,0,0,0
WBGene00046377.,0,0,0
WBGene00046378.,0,0,0
WBGene00046379.,0,0,0
WBGene00046380.,0,0,0
WBGene00046381.,0,0,0
WBGene00046382.,0,0,0
WBGene00046383.,0,0,0
WBGene00046384.,0,0,0
WBGene00046385.,0,0,0
WBGene00046386.,0,0,0
WBGene00046387.,0,0,0
WBGene00046388.,0,0,0
WBGene00046389.,0,0,0
WBGene00046390.,0,0,0
WBGene00046391.,0,0,0
WBGene00046392.,0,0,0
WBGene00046393.,0,0,0
WBGene00046394.,0,1,1
WBGene00046395.,0,0,0
WBGene00046396.,0,0,0
WBGene00046397.,0,0,0
WBGene00046398.,0,0,0
WBGene00046399.,0,7,7
WBGene00046400.,0,0,0
WBGene00046401.,0,0,0
WBGene00046402.,0,0,0
WBGene00046403.,0,0,0
WBGene00046404.,0,0,0
WBGene00046405.,0,0,0
WBGene00046406.,0,2,2
WBGene00046407.,0,3,3
WBGene00046408.,0,1,1
WBGene00046409.,0,1,1
WBGene00046410.,0,1,1
WBGene00046411.,0,0,0
WBGene00046412.,0,0,0
WBGene00046413.,0,0,0
WBGene00046414.,0,0,0
WBGene00046415.,0,0,0
WBGene00046416.,0,0,0
WBGene00046417.,0,1,1
WBGene00046418.,0,0,0
WBGene00046419.,0,0,0
WBGene00046420.,0,0,0
WBGene00046421.,0,9,9
WBGene00046422.,0,0,0
WBGene00046423.,0,2,2
WBGene00046424.,0,0,0
WBGene00046425.,0,1,1
WBGene00046426.,0,0,0
WBGene00046427.,0,1,1
WBGene00046428.,0,0,0
WBGene00046429.,0,1,1
WBGene00046430.,0,0,0
WBGene00046431.,0,1,1
WBGene00046432.,0,0,0
WBGene00046433.,0,0,0
WBGene00046434.,0,0,0
WBGene00046435.,0,3,3
WBGene00046436.,0,0,0
WBGene00046437.,0,0,0
WBGene00046438.,0,0,0
WBGene00046439.,0,0,0
WBGene00046440.,0,1,1
WBGene00046441.,0,0,0
WBGene00046442.,0,0,0
WBGene00046443.,0,1,1
WBGene00046444.,0,0,0
WBGene00046445.,0,0,0
WBGene00046446.,0,0,0
WBGene00046447.,0,0,0
WBGene00046448.,0,0,0
WBGene00046449.,0,0,0
WBGene00046450.,0,0,0
WBGene00046451.,0,0,0
WBGene00046452.,0,0,0
WBGene00046453.,0,0,0
WBGene00046454.,0,0,0
WBGene00046455.,0,0,0
WBGene00046456.,0,0,0
WBGene00046457.,0,0,0
WBGene00046458.,0,0,0
WBGene00046459.,0,0,0
WBGene00046460.,0,0,0
WBGene00046461.,0,1,1
WBGene00046462.,0,0,0
WBGene00046463.,0,0,0
WBGene00046464.,0,0,0
WBGene00046465.,0,0,0
WBGene00046466.,0,0,0
WBGene00046467.,0,0,0
WBGene00046468.,0,0,0
WBGene00046469.,0,0,0
WBGene00046470.,0,1,1
WBGene00046471.,0,0,0
WBGene00046472.,0,0,0
WBGene00046473.,0,1,1
WBGene00046474.,0,0,0
WBGene00046475.,0,0,0
WBGene00046476.,0,0,0
WBGene00046477.,0,0,0
WBGene00046478.,0,0,0
WBGene00046479.,0,0,0
WBGene00046480.,0,1,1
WBGene00046481.,0,0,0
WBGene00046482.,0,6,6
WBGene00046483.,0,0,0
WBGene00046484.,0,1,1
WBGene00046485.,0,0,0
WBGene00046486.,0,0,0
WBGene00046487.,0,1,1
WBGene00046488.,0,0,0
WBGene00046489.,0,0,0
WBGene00046490.,0,1,1
WBGene00046491.,0,4,4
WBGene00046492.,0,0,0
WBGene00046493.,0,0,0
WBGene00046494.,0,0,0
WBGene00046495.,0,6,6
WBGene00046496.,0,0,0
WBGene00046497.,0,0,0
WBGene00046498.,0,3,3
WBGene00046499.,0,2,2
WBGene00046500.,0,0,0
WBGene00046501.,0,0,0
WBGene00046502.,0,0,0
WBGene00046503.,0,0,0
WBGene00046504.,0,0,0
WBGene00046505.,0,0,0
WBGene00046506.,0,1,1
WBGene00046507.,0,0,0
WBGene00046508.,0,0,0
WBGene00046509.,0,6,6
WBGene00046510.,0,0,0
WBGene00046511.,0,1,1
WBGene00046512.,0,0,0
WBGene00046513.,0,0,0
WBGene00046514.,0,0,0
WBGene00046515.,0,0,0
WBGene00046516.,0,0,0
WBGene00046517.,0,0,0
WBGene00046518.,0,0,0
WBGene00046519.,0,0,0
WBGene00046520.,0,0,0
WBGene00046521.,0,1,1
WBGene00046522.,0,0,0
WBGene00046523.,0,0,0
WBGene00046524.,0,0,0
WBGene00046525.,0,0,0
WBGene00046526.,0,0,0
WBGene00046527.,0,0,0
WBGene00046528.,0,0,0
WBGene00046529.,0,3,3
WBGene00046530.,0,0,0
WBGene00046531.,0,2,2
WBGene00046532.,0,0,0
WBGene00046533.,0,0,0
WBGene00046534.,0,0,0
WBGene00046535.,0,0,0
WBGene00046536.,0,0,0
WBGene00046537.,0,1,1
WBGene00046538.,0,0,0
WBGene00046539.,0,0,0
WBGene00046540.,0,0,0
WBGene00046541.,0,0,0
WBGene00046542.,0,0,0
WBGene00046543.,0,0,0
WBGene00046544.,0,1,1
WBGene00046545.,0,0,0
WBGene00046546.,0,0,0
WBGene00046547.,0,10,10
WBGene00046548.,0,0,0
WBGene00046549.,0,0,0
WBGene00046550.,0,0,0
WBGene00046551.,0,0,0
WBGene00046552.,0,0,0
WBGene00046553.,0,0,0
WBGene00046554.,0,0,0
WBGene00046555.,0,0,0
WBGene00046556.,0,0,0
WBGene00046557.,0,0,0
WBGene00046558.,0,2,2
WBGene00046559.,0,0,0
WBGene00046560.,0,0,0
WBGene00046561.,0,0,0
WBGene00046562.,0,0,0
WBGene00046563.,0,2,2
WBGene00046564.,0,0,0
WBGene00046565.,0,0,0
WBGene00046566.,0,3,3
WBGene00046567.,0,0,0
WBGene00046568.,0,0,0
WBGene00046569.,0,0,0
WBGene00046570.,0,0,0
WBGene00046571.,0,0,0
WBGene00046572.,0,3,3
WBGene00046573.,0,2,2
WBGene00046574.,0,0,0
WBGene00046575.,0,0,0
WBGene00046576.,0,0,0
WBGene00046577.,0,2,2
WBGene00046578.,0,0,0
WBGene00046579.,0,1,1
WBGene00046580.,0,0,0
WBGene00046581.,0,0,0
WBGene00046582.,0,0,0
WBGene00046583.,0,1,1
WBGene00046584.,0,0,0
WBGene00046585.,0,0,0
WBGene00046586.,0,0,0
WBGene00046587.,0,0,0
WBGene00046588.,0,0,0
WBGene00046589.,0,0,0
WBGene00046590.,0,0,0
WBGene00046591.,0,0,0
WBGene00046592.,0,2,2
WBGene00046593.,0,0,0
WBGene00046594.,0,0,0
WBGene00046595.,0,0,0
WBGene00046596.,0,0,0
WBGene00046597.,0,0,0
WBGene00046598.,0,0,0
WBGene00046599.,0,0,0
WBGene00046600.,0,0,0
WBGene00046601.,0,0,0
WBGene00046602.,0,1,1
WBGene00046603.,0,6,6
WBGene00046604.,0,0,0
WBGene00046605.,0,1,1
WBGene00046606.,0,0,0
WBGene00046607.,0,0,0
WBGene00046608.,0,9,9
WBGene00046609.,0,0,0
WBGene00046610.,0,0,0
WBGene00046611.,0,0,0
WBGene00046612.,0,0,0
WBGene00046613.,0,0,0
WBGene00046614.,0,0,0
WBGene00046615.,0,0,0
WBGene00046616.,0,0,0
WBGene00046617.,0,0,0
WBGene00046618.,0,0,0
WBGene00046619.,0,0,0
WBGene00046620.,0,0,0
WBGene00046621.,0,0,0
WBGene00046622.,0,0,0
WBGene00046623.,0,4,4
WBGene00046624.,0,0,0
WBGene00046625.,0,0,0
WBGene00046626.,0,0,0
WBGene00046627.,0,0,0
WBGene00046628.,0,2,2
WBGene00046629.,0,0,0
WBGene00046630.,0,0,0
WBGene00046631.,0,0,0
WBGene00046632.,0,0,0
WBGene00046633.,0,0,0
WBGene00046634.,0,0,0
WBGene00046635.,0,0,0
WBGene00046636.,0,0,0
WBGene00046637.,0,0,0
WBGene00046638.,0,0,0
WBGene00046639.,0,1,1
WBGene00046640.,0,0,0
WBGene00046641.,0,0,0
WBGene00046642.,0,0,0
WBGene00046643.,0,0,0
WBGene00046644.,0,2,2
WBGene00046645.,0,0,0
WBGene00046646.,0,0,0
WBGene00046647.,0,0,0
WBGene00046648.,0,1,1
WBGene00046649.,0,0,0
WBGene00046650.,0,0,0
WBGene00046651.,0,0,0
WBGene00046652.,0,3,3
WBGene00046653.,0,0,0
WBGene00046654.,0,0,0
WBGene00046655.,0,0,0
WBGene00046656.,0,1,1
WBGene00046657.,0,0,0
WBGene00046658.,0,0,0
WBGene00046659.,0,0,0
WBGene00046660.,0,0,0
WBGene00046661.,0,0,0
WBGene00046662.,0,0,0
WBGene00046663.,0,11,11
WBGene00046664.,0,0,0
WBGene00046665.,0,0,0
WBGene00046666.,0,2,2
WBGene00046667.,0,0,0
WBGene00046668.,0,0,0
WBGene00046669.,0,0,0
WBGene00046670.,0,1,1
WBGene00046671.,0,1,1
WBGene00046672.,0,3,3
WBGene00046673.,0,0,0
WBGene00046674.,0,0,0
WBGene00046675.,0,0,0
WBGene00046676.,0,0,0
WBGene00046677.,0,0,0
WBGene00046678.,0,0,0
WBGene00046679.,0,0,0
WBGene00046680.,0,5,5
WBGene00046681.,0,0,0
WBGene00046682.,0,0,0
WBGene00046683.,0,2,2
WBGene00046684.,0,0,0
WBGene00046685.,0,0,0
WBGene00046686.,0,0,0
WBGene00046687.,0,1,1
WBGene00046688.,0,0,0
WBGene00046689.,0,0,0
WBGene00046690.,0,0,0
WBGene00046691.,0,4,4
WBGene00046692.,0,0,0
WBGene00046693.,0,0,0
WBGene00046694.,0,0,0
WBGene00046695.,0,1,1
WBGene00046696.,0,1,1
WBGene00046697.,0,5,5
WBGene00046698.,0,6423,6423
WBGene00046699.,0,0,0
WBGene00046700.,0,0,0
WBGene00046701.,0,0,0
WBGene00046702.,0,0,0
WBGene00046703.,0,1,1
WBGene00046704.,0,0,0
WBGene00046705.,0,0,0
WBGene00046706.,0,0,0
WBGene00046707.,0,0,0
WBGene00046708.,0,0,0
WBGene00046709.,0,2,2
WBGene00046710.,0,0,0
WBGene00046711.,0,0,0
WBGene00046712.,0,5,5
WBGene00046713.,0,0,0
WBGene00046714.,0,0,0
WBGene00046715.,0,0,0
WBGene00046716.,0,0,0
WBGene00046717.,0,0,0
WBGene00046718.,0,0,0
WBGene00046719.,0,0,0
WBGene00046720.,0,0,0
WBGene00046721.,0,0,0
WBGene00046722.,0,0,0
WBGene00046723.,0,0,0
WBGene00046724.,0,0,0
WBGene00046725.,0,0,0
WBGene00046726.,0,0,0
WBGene00046727.,0,0,0
WBGene00046728.,0,0,0
WBGene00046729.,0,0,0
WBGene00046730.,0,2,2
WBGene00046731.,0,0,0
WBGene00046732.,0,0,0
WBGene00046733.,0,0,0
WBGene00046734.,0,0,0
WBGene00046735.,0,0,0
WBGene00046736.,0,0,0
WBGene00046737.,0,0,0
WBGene00046738.,0,5,5
WBGene00046739.,0,8,8
WBGene00046740.,0,0,0
WBGene00046741.,0,19,19
WBGene00046742.,0,0,0
WBGene00046743.,0,1,1
WBGene00046744.,0,0,0
WBGene00046745.,0,0,0
WBGene00046746.,0,0,0
WBGene00046747.,0,0,0
WBGene00046748.,0,6,6
WBGene00046749.,0,0,0
WBGene00046750.,0,1,1
WBGene00046751.,0,0,0
WBGene00046752.,0,0,0
WBGene00046753.,0,0,0
WBGene00046754.,0,0,0
WBGene00046755.,0,0,0
WBGene00046756.,0,0,0
WBGene00046757.,0,0,0
WBGene00046758.,0,0,0
WBGene00046759.,0,0,0
WBGene00046760.,0,0,0
WBGene00046761.,0,49,49
WBGene00046762.,0,0,0
WBGene00046763.,0,0,0
WBGene00046764.,0,0,0
WBGene00046765.,0,0,0
WBGene00046766.,0,0,0
WBGene00046767.,0,0,0
WBGene00046768.,0,1,1
WBGene00046769.,0,0,0
WBGene00046770.,0,0,0
WBGene00046771.,0,0,0
WBGene00046772.,0,0,0
WBGene00046773.,0,0,0
WBGene00046774.,0,0,0
WBGene00046775.,0,0,0
WBGene00046776.,0,0,0
WBGene00046777.,0,1,1
WBGene00046778.,0,0,0
WBGene00046779.,0,0,0
WBGene00046780.,0,2,2
WBGene00046781.,0,0,0
WBGene00046782.,0,0,0
WBGene00046783.,0,0,0
WBGene00046784.,0,1,1
WBGene00046785.,0,2,2
WBGene00046786.,0,0,0
WBGene00046787.,0,0,0
WBGene00046788.,0,0,0
WBGene00046789.,0,2,2
WBGene00046790.,0,0,0
WBGene00046791.,0,0,0
WBGene00046792.,0,0,0
WBGene00046793.,0,0,0
WBGene00046794.,0,0,0
WBGene00046795.,0,0,0
WBGene00046796.,0,4,4
WBGene00046797.,0,0,0
WBGene00046798.,0,0,0
WBGene00046799.,0,2,2
WBGene00046800.,0,0,0
WBGene00046801.,0,0,0
WBGene00046802.,0,0,0
WBGene00046803.,0,1,1
WBGene00046804.,0,0,0
WBGene00046805.,0,0,0
WBGene00046806.,0,1,1
WBGene00046807.,0,0,0
WBGene00046808.,0,3,3
WBGene00046809.,0,0,0
WBGene00046810.,0,0,0
WBGene00046811.,0,0,0
WBGene00046812.,0,0,0
WBGene00046813.,0,0,0
WBGene00046814.,0,2,2
WBGene00046815.,0,0,0
WBGene00046816.,0,0,0
WBGene00046817.,0,0,0
WBGene00046818.,0,0,0
WBGene00046819.,0,0,0
WBGene00046820.,0,0,0
WBGene00046821.,0,1,1
WBGene00046822.,0,1,1
WBGene00046823.,0,0,0
WBGene00046824.,0,0,0
WBGene00046825.,0,0,0
WBGene00046826.,0,0,0
WBGene00046827.,0,0,0
WBGene00046828.,0,1,1
WBGene00046829.,0,0,0
WBGene00046830.,0,0,0
WBGene00046831.,0,0,0
WBGene00046832.,0,0,0
WBGene00046833.,0,0,0
WBGene00046834.,0,0,0
WBGene00046835.,0,0,0
WBGene00046836.,0,0,0
WBGene00046837.,0,3,3
WBGene00046838.,0,0,0
WBGene00046839.,0,4,4
WBGene00046840.,0,0,0
WBGene00046841.,0,0,0
WBGene00046842.,0,0,0
WBGene00046843.,0,0,0
WBGene00046844.,0,0,0
WBGene00046845.,0,0,0
WBGene00046846.,0,4,4
WBGene00046847.,0,0,0
WBGene00046848.,0,0,0
WBGene00046849.,0,0,0
WBGene00046850.,0,0,0
WBGene00046851.,0,0,0
WBGene00046852.,0,0,0
WBGene00046853.,0,0,0
WBGene00046854.,0,3,3
WBGene00046855.,0,0,0
WBGene00046856.,0,0,0
WBGene00046857.,0,0,0
WBGene00046858.,0,0,0
WBGene00046859.,0,20,20
WBGene00046860.,0,0,0
WBGene00046861.,0,0,0
WBGene00046862.,0,0,0
WBGene00046863.,0,1,1
WBGene00046864.,0,0,0
WBGene00046865.,0,0,0
WBGene00046866.,0,0,0
WBGene00046867.,0,0,0
WBGene00046868.,0,1,1
WBGene00046869.,0,11,11
WBGene00046870.,0,0,0
WBGene00046871.,0,0,0
WBGene00046872.,0,0,0
WBGene00046873.,0,0,0
WBGene00046874.,0,0,0
WBGene00046875.,0,0,0
WBGene00046876.,0,0,0
WBGene00046877.,0,0,0
WBGene00046878.,0,0,0
WBGene00046879.,0,0,0
WBGene00046880.,0,0,0
WBGene00046881.,0,1,1
WBGene00046882.,0,0,0
WBGene00046883.,0,0,0
WBGene00046884.,0,0,0
WBGene00046885.,0,0,0
WBGene00046886.,0,0,0
WBGene00046887.,0,0,0
WBGene00046888.,0,0,0
WBGene00046889.,0,0,0
WBGene00046890.,0,0,0
WBGene00046891.,0,0,0
WBGene00046892.,0,0,0
WBGene00046893.,0,0,0
WBGene00046894.,0,0,0
WBGene00046895.,0,0,0
WBGene00046896.,0,0,0
WBGene00046897.,0,0,0
WBGene00046898.,0,0,0
WBGene00046899.,0,0,0
WBGene00046900.,0,0,0
WBGene00046901.,0,0,0
WBGene00046902.,0,4,4
WBGene00046903.,0,0,0
WBGene00046904.,0,0,0
WBGene00046905.,0,0,0
WBGene00046906.,0,3,3
WBGene00046907.,0,0,0
WBGene00046908.,0,0,0
WBGene00046909.,0,0,0
WBGene00046910.,0,0,0
WBGene00046911.,0,0,0
WBGene00046912.,0,2,2
WBGene00046913.,0,0,0
WBGene00046914.,0,0,0
WBGene00046915.,0,0,0
WBGene00046916.,0,0,0
WBGene00046917.,0,0,0
WBGene00046918.,0,1,1
WBGene00046919.,0,0,0
WBGene00046920.,0,0,0
WBGene00046921.,0,0,0
WBGene00046922.,0,0,0
WBGene00046923.,0,0,0
WBGene00046924.,0,0,0
WBGene00046925.,0,0,0
WBGene00046926.,0,0,0
WBGene00046927.,0,0,0
WBGene00046928.,0,0,0
WBGene00046929.,0,0,0
WBGene00046930.,0,0,0
WBGene00046931.,0,0,0
WBGene00046932.,0,0,0
WBGene00046933.,0,1,1
WBGene00046934.,0,0,0
WBGene00046935.,0,0,0
WBGene00046936.,0,0,0
WBGene00046937.,0,2,2
WBGene00046938.,0,0,0
WBGene00046939.,0,1,1
WBGene00046940.,0,0,0
WBGene00046941.,0,0,0
WBGene00046942.,0,0,0
WBGene00046943.,0,0,0
WBGene00046944.,0,0,0
WBGene00046945.,0,0,0
WBGene00046946.,0,0,0
WBGene00046947.,0,0,0
WBGene00046948.,0,1,1
WBGene00046949.,0,0,0
WBGene00046950.,0,0,0
WBGene00046951.,0,0,0
WBGene00046952.,0,0,0
WBGene00046953.,0,0,0
WBGene00046954.,0,0,0
WBGene00046955.,0,0,0
WBGene00046956.,0,0,0
WBGene00046957.,0,0,0
WBGene00046958.,0,0,0
WBGene00046959.,0,0,0
WBGene00046960.,0,0,0
WBGene00046961.,0,0,0
WBGene00046962.,0,0,0
WBGene00046963.,0,0,0
WBGene00046964.,0,0,0
WBGene00046965.,0,3,3
WBGene00046966.,0,0,0
WBGene00046967.,0,0,0
WBGene00046968.,0,0,0
WBGene00046969.,0,0,0
WBGene00046970.,0,0,0
WBGene00046971.,0,1,1
WBGene00046972.,0,0,0
WBGene00046973.,0,0,0
WBGene00046974.,0,0,0
WBGene00046975.,0,0,0
WBGene00046976.,0,1,1
WBGene00046977.,0,0,0
WBGene00046978.,0,0,0
WBGene00046979.,0,0,0
WBGene00046980.,0,0,0
WBGene00046981.,0,0,0
WBGene00046982.,0,0,0
WBGene00046983.,0,0,0
WBGene00046984.,0,0,0
WBGene00046985.,0,0,0
WBGene00046986.,0,0,0
WBGene00046987.,0,0,0
WBGene00046988.,0,0,0
WBGene00046989.,0,0,0
WBGene00046990.,0,0,0
WBGene00046991.,0,0,0
WBGene00046992.,0,0,0
WBGene00046993.,0,0,0
WBGene00046994.,0,0,0
WBGene00046995.,0,0,0
WBGene00046996.,0,1,1
WBGene00046997.,0,0,0
WBGene00046998.,0,0,0
WBGene00046999.,0,1,1
WBGene00047000.,0,0,0
WBGene00047001.,0,0,0
WBGene00047002.,0,0,0
WBGene00047003.,0,0,0
WBGene00047004.,0,0,0
WBGene00047005.,0,0,0
WBGene00047006.,0,0,0
WBGene00047007.,0,9,9
WBGene00047008.,0,0,0
WBGene00047009.,0,0,0
WBGene00047010.,0,1,1
WBGene00047011.,0,0,0
WBGene00047012.,0,0,0
WBGene00047013.,0,0,0
WBGene00047014.,0,0,0
WBGene00047015.,0,0,0
WBGene00047016.,0,0,0
WBGene00047017.,0,3,3
WBGene00047018.,0,0,0
WBGene00047019.,0,0,0
WBGene00047020.,0,0,0
WBGene00047021.,0,0,0
WBGene00047022.,0,0,0
WBGene00047023.,0,0,0
WBGene00047024.,0,0,0
WBGene00047025.,0,0,0
WBGene00047026.,0,0,0
WBGene00047027.,0,0,0
WBGene00047028.,0,0,0
WBGene00047029.,0,0,0
WBGene00047030.,0,0,0
WBGene00047031.,0,0,0
WBGene00047032.,0,0,0
WBGene00047033.,0,0,0
WBGene00047034.,0,0,0
WBGene00047035.,0,0,0
WBGene00047036.,0,0,0
WBGene00047037.,0,0,0
WBGene00047038.,0,2,2
WBGene00047039.,0,1,1
WBGene00047040.,0,1,1
WBGene00047041.,0,0,0
WBGene00047042.,0,0,0
WBGene00047043.,0,0,0
WBGene00047044.,0,28,28
WBGene00047045.,0,0,0
WBGene00047046.,0,0,0
WBGene00047047.,0,0,0
WBGene00047048.,0,0,0
WBGene00047049.,0,0,0
WBGene00047050.,0,0,0
WBGene00047051.,0,0,0
WBGene00047052.,0,0,0
WBGene00047053.,0,5,5
WBGene00047054.,0,0,0
WBGene00047055.,0,0,0
WBGene00047056.,0,0,0
WBGene00047057.,0,1,1
WBGene00047058.,0,0,0
WBGene00047059.,0,0,0
WBGene00047060.,0,0,0
WBGene00047061.,0,0,0
WBGene00047062.,0,2,2
WBGene00047063.,0,0,0
WBGene00047064.,0,0,0
WBGene00047065.,0,0,0
WBGene00047066.,0,0,0
WBGene00047067.,0,4,4
WBGene00047068.,0,1,1
WBGene00047069.,0,0,0
WBGene00047070.,0,0,0
WBGene00047071.,0,0,0
WBGene00047072.,0,0,0
WBGene00047073.,0,0,0
WBGene00047074.,0,0,0
WBGene00047075.,0,0,0
WBGene00047076.,0,0,0
WBGene00047077.,0,0,0
WBGene00047078.,0,0,0
WBGene00047079.,0,1,1
WBGene00047080.,0,0,0
WBGene00047081.,0,0,0
WBGene00047082.,0,0,0
WBGene00047083.,0,0,0
WBGene00047084.,0,30,30
WBGene00047085.,0,0,0
WBGene00047086.,0,0,0
WBGene00047087.,0,6,6
WBGene00047088.,0,0,0
WBGene00047089.,0,0,0
WBGene00047090.,0,0,0
WBGene00047091.,0,0,0
WBGene00047092.,0,4,4
WBGene00047093.,0,0,0
WBGene00047094.,0,0,0
WBGene00047095.,0,0,0
WBGene00047096.,0,0,0
WBGene00047097.,0,0,0
WBGene00047098.,0,1,1
WBGene00047099.,0,0,0
WBGene00047100.,0,2,2
WBGene00047101.,0,0,0
WBGene00047102.,0,0,0
WBGene00047103.,0,0,0
WBGene00047104.,0,0,0
WBGene00047105.,0,0,0
WBGene00047106.,0,0,0
WBGene00047107.,0,0,0
WBGene00047108.,0,0,0
WBGene00047109.,0,0,0
WBGene00047110.,0,0,0
WBGene00047111.,0,0,0
WBGene00047112.,0,0,0
WBGene00047113.,0,0,0
WBGene00047114.,0,3,3
WBGene00047115.,0,1,1
WBGene00047116.,0,0,0
WBGene00047117.,0,0,0
WBGene00047118.,0,14,14
WBGene00047119.,0,0,0
WBGene00047120.,0,0,0
WBGene00047121.,0,0,0
WBGene00047122.,0,0,0
WBGene00047123.,0,0,0
WBGene00047124.,0,3,3
WBGene00047125.,0,0,0
WBGene00047126.,0,0,0
WBGene00047127.,0,0,0
WBGene00047128.,0,0,0
WBGene00047129.,0,0,0
WBGene00047130.,0,0,0
WBGene00047131.,0,0,0
WBGene00047132.,0,0,0
WBGene00047133.,0,0,0
WBGene00047134.,0,0,0
WBGene00047135.,0,0,0
WBGene00047136.,0,1,1
WBGene00047137.,0,0,0
WBGene00047138.,0,0,0
WBGene00047139.,0,0,0
WBGene00047140.,0,0,0
WBGene00047141.,0,17,17
WBGene00047142.,0,0,0
WBGene00047143.,0,0,0
WBGene00047144.,0,0,0
WBGene00047145.,0,0,0
WBGene00047146.,0,0,0
WBGene00047147.,0,1,1
WBGene00047148.,0,0,0
WBGene00047149.,0,0,0
WBGene00047150.,0,1,1
WBGene00047151.,0,0,0
WBGene00047152.,0,0,0
WBGene00047153.,0,0,0
WBGene00047154.,0,0,0
WBGene00047155.,0,1,1
WBGene00047156.,0,0,0
WBGene00047157.,0,0,0
WBGene00047158.,0,0,0
WBGene00047159.,0,0,0
WBGene00047160.,0,0,0
WBGene00047161.,0,0,0
WBGene00047162.,0,0,0
WBGene00047163.,0,0,0
WBGene00047164.,0,0,0
WBGene00047165.,0,0,0
WBGene00047166.,0,0,0
WBGene00047167.,0,0,0
WBGene00047168.,0,0,0
WBGene00047169.,0,0,0
WBGene00047170.,0,2,2
WBGene00047171.,0,1,1
WBGene00047172.,0,0,0
WBGene00047173.,0,0,0
WBGene00047174.,0,0,0
WBGene00047175.,0,0,0
WBGene00047176.,0,1,1
WBGene00047177.,0,1,1
WBGene00047178.,0,0,0
WBGene00047179.,0,0,0
WBGene00047180.,0,0,0
WBGene00047181.,0,0,0
WBGene00047182.,0,0,0
WBGene00047183.,0,0,0
WBGene00047184.,0,0,0
WBGene00047185.,0,0,0
WBGene00047186.,0,0,0
WBGene00047187.,0,0,0
WBGene00047188.,0,0,0
WBGene00047189.,0,0,0
WBGene00047190.,0,0,0
WBGene00047191.,0,0,0
WBGene00047192.,0,0,0
WBGene00047193.,0,0,0
WBGene00047194.,0,0,0
WBGene00047195.,0,0,0
WBGene00047196.,0,0,0
WBGene00047197.,0,0,0
WBGene00047198.,0,0,0
WBGene00047199.,0,0,0
WBGene00047200.,0,0,0
WBGene00047201.,0,0,0
WBGene00047202.,0,0,0
WBGene00047203.,0,0,0
WBGene00047204.,0,0,0
WBGene00047205.,0,0,0
WBGene00047206.,0,0,0
WBGene00047207.,0,0,0
WBGene00047208.,0,0,0
WBGene00047209.,0,0,0
WBGene00047210.,0,0,0
WBGene00047211.,0,0,0
WBGene00047212.,0,0,0
WBGene00047213.,0,0,0
WBGene00047214.,0,0,0
WBGene00047215.,0,0,0
WBGene00047216.,0,0,0
WBGene00047217.,0,1,1
WBGene00047218.,0,0,0
WBGene00047219.,0,0,0
WBGene00047220.,0,0,0
WBGene00047221.,0,6,6
WBGene00047222.,0,0,0
WBGene00047223.,0,0,0
WBGene00047224.,0,2,2
WBGene00047225.,0,3,3
WBGene00047226.,0,0,0
WBGene00047227.,0,0,0
WBGene00047228.,0,0,0
WBGene00047229.,0,0,0
WBGene00047230.,0,0,0
WBGene00047231.,0,0,0
WBGene00047232.,0,0,0
WBGene00047233.,0,0,0
WBGene00047234.,0,0,0
WBGene00047235.,0,0,0
WBGene00047236.,0,0,0
WBGene00047237.,0,0,0
WBGene00047238.,0,0,0
WBGene00047239.,0,0,0
WBGene00047240.,0,0,0
WBGene00047241.,0,0,0
WBGene00047242.,0,0,0
WBGene00047243.,0,0,0
WBGene00047244.,0,0,0
WBGene00047245.,0,0,0
WBGene00047246.,0,0,0
WBGene00047247.,0,1,1
WBGene00047248.,0,0,0
WBGene00047249.,0,0,0
WBGene00047250.,0,1,1
WBGene00047251.,0,0,0
WBGene00047252.,0,0,0
WBGene00047253.,0,0,0
WBGene00047254.,0,0,0
WBGene00047255.,0,0,0
WBGene00047256.,0,8,8
WBGene00047257.,0,0,0
WBGene00047258.,0,0,0
WBGene00047259.,0,3,3
WBGene00047260.,0,0,0
WBGene00047261.,0,0,0
WBGene00047262.,0,0,0
WBGene00047263.,0,1,1
WBGene00047264.,0,0,0
WBGene00047265.,0,0,0
WBGene00047266.,0,0,0
WBGene00047267.,0,0,0
WBGene00047268.,0,0,0
WBGene00047269.,0,0,0
WBGene00047270.,0,0,0
WBGene00047271.,0,0,0
WBGene00047272.,0,0,0
WBGene00047273.,0,0,0
WBGene00047274.,0,0,0
WBGene00047275.,0,0,0
WBGene00047276.,0,0,0
WBGene00047277.,0,0,0
WBGene00047278.,0,0,0
WBGene00047279.,0,1,1
WBGene00047280.,0,3,3
WBGene00047281.,0,0,0
WBGene00047282.,0,0,0
WBGene00047283.,0,1,1
WBGene00047284.,0,0,0
WBGene00047285.,0,0,0
WBGene00047286.,0,0,0
WBGene00047287.,0,0,0
WBGene00047288.,0,0,0
WBGene00047289.,0,1,1
WBGene00047290.,0,0,0
WBGene00047291.,0,0,0
WBGene00047292.,0,0,0
WBGene00047293.,0,0,0
WBGene00047294.,0,0,0
WBGene00047295.,0,0,0
WBGene00047296.,0,0,0
WBGene00047297.,0,5,5
WBGene00047298.,0,0,0
WBGene00047299.,0,0,0
WBGene00047300.,0,0,0
WBGene00047301.,0,1,1
WBGene00047302.,0,1,1
WBGene00047303.,0,1,1
WBGene00047304.,0,0,0
WBGene00047305.,0,0,0
WBGene00047306.,0,2,2
WBGene00047307.,0,0,0
WBGene00047308.,0,0,0
WBGene00047309.,0,0,0
WBGene00047310.,0,0,0
WBGene00047311.,0,0,0
WBGene00047312.,0,3,3
WBGene00047313.,0,0,0
WBGene00047314.,0,0,0
WBGene00047315.,0,0,0
WBGene00047316.,0,0,0
WBGene00047317.,0,0,0
WBGene00047318.,0,0,0
WBGene00047319.,0,0,0
WBGene00047320.,0,1,1
WBGene00047321.,0,0,0
WBGene00047322.,0,0,0
WBGene00047323.,0,0,0
WBGene00047324.,0,0,0
WBGene00047325.,0,0,0
WBGene00047326.,0,0,0
WBGene00047327.,0,0,0
WBGene00047328.,0,0,0
WBGene00047329.,0,0,0
WBGene00047330.,0,0,0
WBGene00047331.,0,0,0
WBGene00047332.,0,0,0
WBGene00047333.,0,0,0
WBGene00047334.,0,6,6
WBGene00047335.,0,0,0
WBGene00047336.,0,0,0
WBGene00047337.,0,0,0
WBGene00047338.,0,0,0
WBGene00047339.,0,14,14
WBGene00047340.,0,0,0
WBGene00047341.,0,0,0
WBGene00047342.,0,0,0
WBGene00047343.,0,0,0
WBGene00047344.,0,0,0
WBGene00047345.,0,1,1
WBGene00047346.,0,0,0
WBGene00047347.,0,0,0
WBGene00047348.,0,1,1
WBGene00047349.,0,2,2
WBGene00047350.,0,0,0
WBGene00047351.,0,0,0
WBGene00047352.,0,0,0
WBGene00047353.,0,0,0
WBGene00047354.,0,0,0
WBGene00047355.,0,0,0
WBGene00047356.,0,0,0
WBGene00047357.,0,1,1
WBGene00047358.,0,0,0
WBGene00047359.,0,0,0
WBGene00047360.,0,0,0
WBGene00047361.,0,0,0
WBGene00047362.,0,0,0
WBGene00047363.,0,0,0
WBGene00047364.,0,0,0
WBGene00047365.,0,0,0
WBGene00047366.,0,0,0
WBGene00047367.,0,0,0
WBGene00047368.,0,0,0
WBGene00047369.,0,1,1
WBGene00047370.,0,0,0
WBGene00047371.,0,0,0
WBGene00047372.,0,0,0
WBGene00047373.,0,1,1
WBGene00047374.,0,0,0
WBGene00047375.,0,0,0
WBGene00047376.,0,0,0
WBGene00047377.,0,0,0
WBGene00047378.,0,8,8
WBGene00047379.,0,0,0
WBGene00047380.,0,0,0
WBGene00047381.,0,0,0
WBGene00047382.,0,0,0
WBGene00047383.,0,0,0
WBGene00047384.,0,0,0
WBGene00047385.,0,0,0
WBGene00047386.,0,0,0
WBGene00047387.,0,0,0
WBGene00047388.,0,0,0
WBGene00047389.,0,0,0
WBGene00047390.,0,0,0
WBGene00047391.,0,12,12
WBGene00047392.,0,0,0
WBGene00047393.,0,0,0
WBGene00047394.,0,0,0
WBGene00047395.,0,0,0
WBGene00047396.,0,0,0
WBGene00047397.,0,0,0
WBGene00047398.,0,0,0
WBGene00047399.,0,0,0
WBGene00047400.,0,0,0
WBGene00047401.,0,0,0
WBGene00047402.,0,0,0
WBGene00047403.,0,0,0
WBGene00047404.,0,0,0
WBGene00047405.,0,0,0
WBGene00047406.,0,0,0
WBGene00047407.,0,10,10
WBGene00047408.,0,0,0
WBGene00047409.,0,0,0
WBGene00047410.,0,0,0
WBGene00047411.,0,8,8
WBGene00047412.,0,0,0
WBGene00047413.,0,0,0
WBGene00047414.,0,0,0
WBGene00047415.,0,0,0
WBGene00047416.,0,0,0
WBGene00047417.,0,1,1
WBGene00047418.,0,0,0
WBGene00047419.,0,0,0
WBGene00047420.,0,0,0
WBGene00047421.,0,0,0
WBGene00047422.,0,0,0
WBGene00047423.,0,2,2
WBGene00047424.,0,0,0
WBGene00047425.,0,0,0
WBGene00047426.,0,0,0
WBGene00047427.,0,0,0
WBGene00047428.,0,0,0
WBGene00047429.,0,0,0
WBGene00047430.,0,0,0
WBGene00047431.,0,1,1
WBGene00047432.,0,1,1
WBGene00047433.,0,0,0
WBGene00047434.,0,0,0
WBGene00047435.,0,0,0
WBGene00047436.,0,0,0
WBGene00047437.,0,0,0
WBGene00047438.,0,0,0
WBGene00047439.,0,0,0
WBGene00047440.,0,0,0
WBGene00047441.,0,1,1
WBGene00047442.,0,0,0
WBGene00047443.,0,0,0
WBGene00047444.,0,2,2
WBGene00047445.,0,3,3
WBGene00047446.,0,0,0
WBGene00047447.,0,7,7
WBGene00047448.,0,0,0
WBGene00047449.,0,0,0
WBGene00047450.,0,1,1
WBGene00047451.,0,0,0
WBGene00047452.,0,0,0
WBGene00047453.,0,0,0
WBGene00047454.,0,0,0
WBGene00047455.,0,0,0
WBGene00047456.,0,0,0
WBGene00047457.,0,0,0
WBGene00047458.,0,0,0
WBGene00047459.,0,0,0
WBGene00047460.,0,0,0
WBGene00047461.,0,0,0
WBGene00047462.,0,0,0
WBGene00047463.,0,0,0
WBGene00047464.,0,1,1
WBGene00047465.,0,0,0
WBGene00047466.,0,0,0
WBGene00047467.,0,1,1
WBGene00047468.,0,0,0
WBGene00047469.,0,0,0
WBGene00047470.,0,0,0
WBGene00047471.,0,0,0
WBGene00047472.,0,0,0
WBGene00047473.,0,1,1
WBGene00047474.,0,0,0
WBGene00047475.,0,0,0
WBGene00047476.,0,0,0
WBGene00047477.,0,0,0
WBGene00047478.,0,0,0
WBGene00047479.,0,1,1
WBGene00047480.,0,0,0
WBGene00047481.,0,0,0
WBGene00047482.,0,0,0
WBGene00047483.,0,0,0
WBGene00047484.,0,0,0
WBGene00047485.,0,1,1
WBGene00047486.,0,0,0
WBGene00047487.,0,0,0
WBGene00047488.,0,0,0
WBGene00047489.,0,0,0
WBGene00047490.,0,0,0
WBGene00047491.,0,0,0
WBGene00047492.,0,0,0
WBGene00047493.,0,0,0
WBGene00047494.,0,0,0
WBGene00047495.,0,0,0
WBGene00047496.,0,1,1
WBGene00047497.,0,0,0
WBGene00047498.,0,0,0
WBGene00047499.,0,0,0
WBGene00047500.,0,0,0
WBGene00047501.,0,0,0
WBGene00047502.,0,0,0
WBGene00047503.,0,0,0
WBGene00047504.,0,2,2
WBGene00047505.,0,0,0
WBGene00047506.,0,0,0
WBGene00047507.,0,0,0
WBGene00047508.,0,0,0
WBGene00047509.,0,0,0
WBGene00047510.,0,5,5
WBGene00047511.,0,0,0
WBGene00047512.,0,0,0
WBGene00047513.,0,0,0
WBGene00047514.,0,4,4
WBGene00047515.,0,0,0
WBGene00047516.,0,0,0
WBGene00047517.,0,2,2
WBGene00047518.,0,0,0
WBGene00047519.,0,0,0
WBGene00047520.,0,0,0
WBGene00047521.,0,1,1
WBGene00047522.,0,0,0
WBGene00047523.,0,0,0
WBGene00047524.,0,2,2
WBGene00047525.,0,0,0
WBGene00047526.,0,0,0
WBGene00047527.,0,1,1
WBGene00047528.,0,1,1
WBGene00047529.,0,0,0
WBGene00047530.,0,0,0
WBGene00047531.,0,0,0
WBGene00047532.,0,0,0
WBGene00047533.,0,0,0
WBGene00047534.,0,0,0
WBGene00047535.,0,1,1
WBGene00047536.,0,0,0
WBGene00047537.,0,0,0
WBGene00047538.,0,0,0
WBGene00047539.,0,0,0
WBGene00047540.,0,6,6
WBGene00047541.,0,0,0
WBGene00047542.,0,0,0
WBGene00047543.,0,0,0
WBGene00047544.,0,0,0
WBGene00047545.,0,0,0
WBGene00047546.,0,0,0
WBGene00047547.,0,0,0
WBGene00047548.,0,0,0
WBGene00047549.,0,0,0
WBGene00047550.,0,0,0
WBGene00047551.,0,1,1
WBGene00047552.,0,2,2
WBGene00047553.,0,0,0
WBGene00047554.,0,0,0
WBGene00047555.,0,0,0
WBGene00047556.,0,9,9
WBGene00047557.,0,0,0
WBGene00047558.,0,0,0
WBGene00047559.,0,0,0
WBGene00047560.,0,5,5
WBGene00047561.,0,0,0
WBGene00047562.,0,0,0
WBGene00047563.,0,0,0
WBGene00047564.,0,0,0
WBGene00047565.,0,1,1
WBGene00047566.,0,1,1
WBGene00047567.,0,0,0
WBGene00047568.,0,2,2
WBGene00047569.,0,0,0
WBGene00047570.,0,0,0
WBGene00047571.,0,0,0
WBGene00047572.,0,0,0
WBGene00047573.,0,0,0
WBGene00047574.,0,0,0
WBGene00047575.,0,0,0
WBGene00047576.,0,0,0
WBGene00047577.,0,0,0
WBGene00047578.,0,0,0
WBGene00047579.,0,0,0
WBGene00047580.,0,0,0
WBGene00047581.,0,0,0
WBGene00047582.,0,0,0
WBGene00047583.,0,0,0
WBGene00047584.,0,0,0
WBGene00047585.,0,1,1
WBGene00047586.,0,0,0
WBGene00047587.,0,2,2
WBGene00047588.,0,0,0
WBGene00047589.,0,0,0
WBGene00047590.,0,0,0
WBGene00047591.,0,0,0
WBGene00047592.,0,0,0
WBGene00047593.,0,0,0
WBGene00047594.,0,0,0
WBGene00047595.,0,1,1
WBGene00047596.,0,0,0
WBGene00047597.,0,0,0
WBGene00047598.,0,0,0
WBGene00047599.,0,0,0
WBGene00047600.,0,0,0
WBGene00047601.,0,0,0
WBGene00047602.,0,0,0
WBGene00047603.,0,0,0
WBGene00047604.,0,0,0
WBGene00047605.,0,0,0
WBGene00047606.,0,3,3
WBGene00047607.,0,0,0
WBGene00047608.,0,0,0
WBGene00047609.,0,21,21
WBGene00047610.,0,0,0
WBGene00047611.,0,0,0
WBGene00047612.,0,0,0
WBGene00047613.,0,2,2
WBGene00047614.,0,0,0
WBGene00047615.,0,1,1
WBGene00047616.,0,0,0
WBGene00047617.,0,0,0
WBGene00047618.,0,0,0
WBGene00047619.,0,0,0
WBGene00047620.,0,0,0
WBGene00047621.,0,0,0
WBGene00047622.,0,0,0
WBGene00047623.,0,2,2
WBGene00047624.,0,0,0
WBGene00047625.,0,0,0
WBGene00047626.,0,0,0
WBGene00047627.,0,0,0
WBGene00047628.,0,0,0
WBGene00047629.,0,0,0
WBGene00047630.,0,0,0
WBGene00047631.,0,0,0
WBGene00047632.,0,0,0
WBGene00047633.,0,0,0
WBGene00047634.,0,0,0
WBGene00047635.,0,0,0
WBGene00047636.,0,0,0
WBGene00047637.,0,0,0
WBGene00047638.,0,0,0
WBGene00047639.,0,0,0
WBGene00047640.,0,0,0
WBGene00047641.,0,0,0
WBGene00047642.,0,0,0
WBGene00047643.,0,0,0
WBGene00047644.,0,0,0
WBGene00047645.,0,0,0
WBGene00047646.,0,0,0
WBGene00047647.,0,0,0
WBGene00047648.,0,0,0
WBGene00047649.,0,1,1
WBGene00047650.,0,0,0
WBGene00047651.,0,0,0
WBGene00047652.,0,0,0
WBGene00047653.,0,0,0
WBGene00047654.,0,0,0
WBGene00047655.,0,0,0
WBGene00047656.,0,0,0
WBGene00047657.,0,1,1
WBGene00047658.,0,0,0
WBGene00047659.,0,0,0
WBGene00047660.,0,0,0
WBGene00047661.,0,0,0
WBGene00047662.,0,2,2
WBGene00047663.,0,0,0
WBGene00047664.,0,0,0
WBGene00047665.,0,0,0
WBGene00047666.,0,0,0
WBGene00047667.,0,0,0
WBGene00047668.,0,0,0
WBGene00047669.,0,0,0
WBGene00047670.,0,0,0
WBGene00047671.,0,0,0
WBGene00047672.,0,3,3
WBGene00047673.,0,0,0
WBGene00047674.,0,0,0
WBGene00047675.,0,0,0
WBGene00047676.,0,0,0
WBGene00047677.,0,0,0
WBGene00047678.,0,1,1
WBGene00047679.,0,0,0
WBGene00047680.,0,0,0
WBGene00047681.,0,0,0
WBGene00047682.,0,0,0
WBGene00047683.,0,0,0
WBGene00047684.,0,3,3
WBGene00047685.,0,1,1
WBGene00047686.,0,0,0
WBGene00047687.,0,0,0
WBGene00047688.,0,0,0
WBGene00047689.,0,0,0
WBGene00047690.,0,24,24
WBGene00047691.,0,8,8
WBGene00047692.,0,0,0
WBGene00047693.,0,0,0
WBGene00047694.,0,0,0
WBGene00047695.,0,4,4
WBGene00047696.,0,0,0
WBGene00047697.,0,8,8
WBGene00047698.,0,1,1
WBGene00047699.,0,1,1
WBGene00047700.,0,1,1
WBGene00047701.,0,0,0
WBGene00047702.,0,0,0
WBGene00047703.,0,1,1
WBGene00047704.,0,0,0
WBGene00047705.,0,0,0
WBGene00047706.,0,0,0
WBGene00047707.,0,0,0
WBGene00047708.,0,0,0
WBGene00047709.,0,0,0
WBGene00047710.,0,0,0
WBGene00047711.,0,0,0
WBGene00047712.,0,0,0
WBGene00047713.,0,0,0
WBGene00047714.,0,0,0
WBGene00047715.,0,1,1
WBGene00047716.,0,1,1
WBGene00047717.,0,0,0
WBGene00047718.,0,0,0
WBGene00047719.,0,0,0
WBGene00047720.,0,0,0
WBGene00047721.,0,0,0
WBGene00047722.,0,0,0
WBGene00047723.,0,1,1
WBGene00047724.,0,0,0
WBGene00047725.,0,0,0
WBGene00047726.,0,0,0
WBGene00047727.,0,0,0
WBGene00047728.,0,0,0
WBGene00047729.,0,0,0
WBGene00047730.,0,0,0
WBGene00047731.,0,0,0
WBGene00047732.,0,0,0
WBGene00047733.,0,0,0
WBGene00047734.,0,0,0
WBGene00047735.,0,0,0
WBGene00047736.,0,0,0
WBGene00047737.,0,0,0
WBGene00047738.,0,0,0
WBGene00047739.,0,1,1
WBGene00047740.,0,1,1
WBGene00047741.,0,0,0
WBGene00047742.,0,0,0
WBGene00047743.,0,0,0
WBGene00047744.,0,2,2
WBGene00047745.,0,0,0
WBGene00047746.,0,3,3
WBGene00047747.,0,0,0
WBGene00047748.,0,1,1
WBGene00047749.,0,0,0
WBGene00047750.,0,4,4
WBGene00047751.,0,0,0
WBGene00047752.,0,0,0
WBGene00047753.,0,0,0
WBGene00047754.,0,0,0
WBGene00047755.,0,0,0
WBGene00047756.,0,87,87
WBGene00047757.,0,0,0
WBGene00047758.,0,3,3
WBGene00047759.,0,2,2
WBGene00047760.,0,0,0
WBGene00047761.,0,0,0
WBGene00047762.,0,1,1
WBGene00047763.,0,2,2
WBGene00047764.,0,0,0
WBGene00047765.,0,0,0
WBGene00047766.,0,0,0
WBGene00047767.,0,0,0
WBGene00047768.,0,1,1
WBGene00047769.,0,0,0
WBGene00047770.,0,0,0
WBGene00047771.,0,0,0
WBGene00047772.,0,0,0
WBGene00047773.,0,0,0
WBGene00047774.,0,0,0
WBGene00047775.,0,0,0
WBGene00047776.,0,0,0
WBGene00047777.,0,0,0
WBGene00047778.,0,0,0
WBGene00047779.,0,0,0
WBGene00047780.,0,0,0
WBGene00047781.,0,0,0
WBGene00047782.,0,0,0
WBGene00047783.,0,0,0
WBGene00047784.,0,0,0
WBGene00047785.,0,0,0
WBGene00047786.,0,0,0
WBGene00047787.,0,0,0
WBGene00047788.,0,0,0
WBGene00047789.,0,0,0
WBGene00047790.,0,0,0
WBGene00047791.,0,0,0
WBGene00047792.,0,0,0
WBGene00047793.,0,0,0
WBGene00047794.,0,0,0
WBGene00047795.,0,0,0
WBGene00047796.,0,2,2
WBGene00047797.,0,0,0
WBGene00047798.,0,1,1
WBGene00047799.,0,0,0
WBGene00047800.,0,0,0
WBGene00047801.,0,0,0
WBGene00047802.,0,0,0
WBGene00047803.,0,3,3
WBGene00047804.,0,0,0
WBGene00047805.,0,13,13
WBGene00047806.,0,0,0
WBGene00047807.,0,0,0
WBGene00047808.,0,27,27
WBGene00047809.,0,0,0
WBGene00047810.,0,0,0
WBGene00047811.,0,0,0
WBGene00047812.,0,0,0
WBGene00047813.,0,0,0
WBGene00047814.,0,0,0
WBGene00047815.,0,0,0
WBGene00047816.,0,0,0
WBGene00047817.,0,0,0
WBGene00047818.,0,0,0
WBGene00047819.,0,1,1
WBGene00047820.,0,1,1
WBGene00047821.,0,0,0
WBGene00047822.,0,0,0
WBGene00047823.,0,0,0
WBGene00047824.,0,0,0
WBGene00047825.,0,0,0
WBGene00047826.,0,0,0
WBGene00047827.,0,0,0
WBGene00047828.,0,0,0
WBGene00047829.,0,0,0
WBGene00047830.,0,0,0
WBGene00047831.,0,0,0
WBGene00047832.,0,0,0
WBGene00047833.,0,0,0
WBGene00047834.,0,0,0
WBGene00047835.,0,0,0
WBGene00047836.,0,0,0
WBGene00047837.,0,0,0
WBGene00047838.,0,0,0
WBGene00047839.,0,0,0
WBGene00047840.,0,0,0
WBGene00047841.,0,0,0
WBGene00047842.,0,0,0
WBGene00047843.,0,3,3
WBGene00047844.,0,0,0
WBGene00047845.,0,0,0
WBGene00047846.,0,3,3
WBGene00047847.,0,0,0
WBGene00047848.,0,1,1
WBGene00047849.,0,0,0
WBGene00047850.,0,0,0
WBGene00047851.,0,0,0
WBGene00047852.,0,0,0
WBGene00047853.,0,2,2
WBGene00047854.,0,0,0
WBGene00047855.,0,0,0
WBGene00047856.,0,0,0
WBGene00047857.,0,1,1
WBGene00047858.,0,0,0
WBGene00047859.,0,0,0
WBGene00047860.,0,0,0
WBGene00047861.,0,1,1
WBGene00047862.,0,0,0
WBGene00047863.,0,0,0
WBGene00047864.,0,0,0
WBGene00047865.,0,0,0
WBGene00047866.,0,0,0
WBGene00047867.,0,0,0
WBGene00047868.,0,0,0
WBGene00047869.,0,0,0
WBGene00047870.,0,0,0
WBGene00047871.,0,0,0
WBGene00047872.,0,1,1
WBGene00047873.,0,0,0
WBGene00047874.,0,0,0
WBGene00047875.,0,0,0
WBGene00047876.,0,0,0
WBGene00047877.,0,0,0
WBGene00047878.,0,0,0
WBGene00047879.,0,0,0
WBGene00047880.,0,0,0
WBGene00047881.,0,0,0
WBGene00047882.,0,2,2
WBGene00047883.,0,1,1
WBGene00047884.,0,0,0
WBGene00047885.,0,0,0
WBGene00047886.,0,0,0
WBGene00047887.,0,0,0
WBGene00047888.,0,0,0
WBGene00047889.,0,0,0
WBGene00047890.,0,0,0
WBGene00047891.,0,0,0
WBGene00047892.,0,1,1
WBGene00047893.,0,0,0
WBGene00047894.,0,3,3
WBGene00047895.,0,0,0
WBGene00047896.,0,0,0
WBGene00047897.,0,0,0
WBGene00047898.,0,0,0
WBGene00047899.,0,0,0
WBGene00047900.,0,0,0
WBGene00047901.,0,0,0
WBGene00047902.,0,0,0
WBGene00047903.,0,0,0
WBGene00047905.,0,0,0
WBGene00047906.,0,0,0
WBGene00047907.,0,0,0
WBGene00047908.,0,0,0
WBGene00047909.,0,0,0
WBGene00047910.,0,0,0
WBGene00047911.,0,0,0
WBGene00047912.,0,0,0
WBGene00047913.,0,0,0
WBGene00047914.,0,0,0
WBGene00047915.,0,0,0
WBGene00047916.,0,17,17
WBGene00047917.,0,1,1
WBGene00047918.,0,1,1
WBGene00047919.,0,0,0
WBGene00047920.,0,0,0
WBGene00047921.,0,0,0
WBGene00047922.,0,0,0
WBGene00047923.,0,0,0
WBGene00047924.,0,0,0
WBGene00047925.,0,1,1
WBGene00047926.,0,0,0
WBGene00047927.,0,1,1
WBGene00047928.,0,0,0
WBGene00047929.,0,0,0
WBGene00047930.,0,1,1
WBGene00047931.,0,0,0
WBGene00047932.,0,0,0
WBGene00047933.,0,0,0
WBGene00047934.,0,0,0
WBGene00047935.,0,0,0
WBGene00047936.,0,0,0
WBGene00047937.,0,0,0
WBGene00047938.,0,0,0
WBGene00047939.,0,0,0
WBGene00047940.,0,0,0
WBGene00047941.,0,0,0
WBGene00047942.,0,0,0
WBGene00047943.,0,0,0
WBGene00047944.,0,0,0
WBGene00047945.,0,0,0
WBGene00047946.,0,1,1
WBGene00047947.,0,0,0
WBGene00047948.,0,1,1
WBGene00047949.,0,0,0
WBGene00047950.,0,2,2
WBGene00047951.,0,0,0
WBGene00047952.,0,1,1
WBGene00047953.,0,2,2
WBGene00047954.,0,0,0
WBGene00047955.,0,0,0
WBGene00047956.,0,1,1
WBGene00047957.,0,0,0
WBGene00047958.,0,0,0
WBGene00047959.,0,0,0
WBGene00047960.,0,0,0
WBGene00047961.,0,0,0
WBGene00047962.,0,0,0
WBGene00047963.,0,0,0
WBGene00047964.,0,2,2
WBGene00047965.,0,0,0
WBGene00047966.,0,0,0
WBGene00047967.,0,0,0
WBGene00047968.,0,0,0
WBGene00047969.,0,0,0
WBGene00047970.,0,0,0
WBGene00047971.,0,0,0
WBGene00047972.,0,0,0
WBGene00047973.,0,0,0
WBGene00047974.,0,0,0
WBGene00047975.,0,2,2
WBGene00047976.,0,0,0
WBGene00047977.,0,0,0
WBGene00047978.,0,0,0
WBGene00047979.,0,0,0
WBGene00047980.,0,0,0
WBGene00047981.,0,0,0
WBGene00047982.,0,0,0
WBGene00047983.,0,0,0
WBGene00047984.,0,0,0
WBGene00047985.,0,0,0
WBGene00047986.,0,0,0
WBGene00047987.,0,0,0
WBGene00047988.,0,1,1
WBGene00047989.,0,0,0
WBGene00047990.,0,0,0
WBGene00047991.,0,0,0
WBGene00047992.,0,0,0
WBGene00047993.,0,0,0
WBGene00047994.,0,1,1
WBGene00047995.,0,0,0
WBGene00047996.,0,0,0
WBGene00047997.,0,0,0
WBGene00047998.,0,0,0
WBGene00047999.,0,0,0
WBGene00048000.,0,0,0
WBGene00048001.,0,0,0
WBGene00048002.,0,0,0
WBGene00048003.,0,1,1
WBGene00048004.,0,0,0
WBGene00048005.,0,0,0
WBGene00048006.,0,0,0
WBGene00048007.,0,1,1
WBGene00048008.,0,0,0
WBGene00048009.,0,0,0
WBGene00048010.,0,0,0
WBGene00048011.,0,0,0
WBGene00048012.,0,0,0
WBGene00048013.,0,0,0
WBGene00048014.,0,0,0
WBGene00048015.,0,0,0
WBGene00048016.,0,2,2
WBGene00048017.,0,0,0
WBGene00048018.,0,0,0
WBGene00048019.,0,0,0
WBGene00048020.,0,0,0
WBGene00048021.,0,0,0
WBGene00048022.,0,0,0
WBGene00048023.,0,0,0
WBGene00048024.,0,0,0
WBGene00048025.,0,0,0
WBGene00048026.,0,0,0
WBGene00048027.,0,1,1
WBGene00048028.,0,0,0
WBGene00048029.,0,0,0
WBGene00048030.,0,0,0
WBGene00048031.,0,0,0
WBGene00048032.,0,0,0
WBGene00048033.,0,1,1
WBGene00048034.,0,0,0
WBGene00048035.,0,0,0
WBGene00048036.,0,0,0
WBGene00048037.,0,0,0
WBGene00048038.,0,1,1
WBGene00048039.,0,0,0
WBGene00048040.,0,0,0
WBGene00048041.,0,0,0
WBGene00048042.,0,0,0
WBGene00048043.,0,0,0
WBGene00048044.,0,5,5
WBGene00048045.,0,0,0
WBGene00048046.,0,0,0
WBGene00048047.,0,0,0
WBGene00048048.,0,0,0
WBGene00048049.,0,0,0
WBGene00048050.,0,0,0
WBGene00048051.,0,0,0
WBGene00048052.,0,0,0
WBGene00048053.,0,0,0
WBGene00048054.,0,0,0
WBGene00048055.,0,0,0
WBGene00048056.,0,0,0
WBGene00048057.,0,0,0
WBGene00048058.,0,0,0
WBGene00048059.,0,0,0
WBGene00048060.,0,0,0
WBGene00048061.,0,0,0
WBGene00048062.,0,0,0
WBGene00048063.,0,1,1
WBGene00048064.,0,0,0
WBGene00048065.,0,0,0
WBGene00048066.,0,0,0
WBGene00048067.,0,0,0
WBGene00048068.,0,3,3
WBGene00048069.,0,2,2
WBGene00048070.,0,0,0
WBGene00048071.,0,0,0
WBGene00048072.,0,0,0
WBGene00048073.,0,0,0
WBGene00048074.,0,0,0
WBGene00048075.,0,3,3
WBGene00048076.,0,0,0
WBGene00048077.,0,0,0
WBGene00048078.,0,0,0
WBGene00048079.,0,0,0
WBGene00048080.,0,0,0
WBGene00048081.,0,0,0
WBGene00048082.,0,0,0
WBGene00048083.,0,0,0
WBGene00048084.,0,0,0
WBGene00048085.,0,0,0
WBGene00048086.,0,0,0
WBGene00048087.,0,0,0
WBGene00048088.,0,0,0
WBGene00048089.,0,0,0
WBGene00048090.,0,1,1
WBGene00048091.,0,0,0
WBGene00048092.,0,4,4
WBGene00048093.,0,0,0
WBGene00048094.,0,0,0
WBGene00048095.,0,0,0
WBGene00048096.,0,0,0
WBGene00048097.,0,2,2
WBGene00048098.,0,1,1
WBGene00048099.,0,0,0
WBGene00048100.,0,0,0
WBGene00048101.,0,0,0
WBGene00048102.,0,0,0
WBGene00048103.,0,0,0
WBGene00048104.,0,0,0
WBGene00048105.,0,0,0
WBGene00048106.,0,0,0
WBGene00048107.,0,0,0
WBGene00048108.,0,0,0
WBGene00048109.,0,0,0
WBGene00048110.,0,2,2
WBGene00048111.,0,0,0
WBGene00048112.,0,0,0
WBGene00048113.,0,0,0
WBGene00048114.,0,0,0
WBGene00048115.,0,0,0
WBGene00048116.,0,0,0
WBGene00048117.,0,1,1
WBGene00048118.,0,4,4
WBGene00048119.,0,0,0
WBGene00048120.,0,0,0
WBGene00048121.,0,0,0
WBGene00048122.,0,0,0
WBGene00048123.,0,0,0
WBGene00048124.,0,0,0
WBGene00048125.,0,0,0
WBGene00048126.,0,0,0
WBGene00048127.,0,0,0
WBGene00048128.,0,1,1
WBGene00048129.,0,0,0
WBGene00048130.,0,0,0
WBGene00048131.,0,0,0
WBGene00048132.,0,0,0
WBGene00048133.,0,1,1
WBGene00048134.,0,2,2
WBGene00048135.,0,0,0
WBGene00048136.,0,0,0
WBGene00048137.,0,1,1
WBGene00048138.,0,0,0
WBGene00048139.,0,0,0
WBGene00048140.,0,0,0
WBGene00048141.,0,2,2
WBGene00048142.,0,0,0
WBGene00048143.,0,0,0
WBGene00048144.,0,0,0
WBGene00048145.,0,0,0
WBGene00048146.,0,0,0
WBGene00048147.,0,10,10
WBGene00048148.,0,0,0
WBGene00048149.,0,0,0
WBGene00048150.,0,0,0
WBGene00048151.,0,0,0
WBGene00048152.,0,1,1
WBGene00048153.,0,0,0
WBGene00048154.,0,0,0
WBGene00048155.,0,0,0
WBGene00048156.,0,0,0
WBGene00048157.,0,0,0
WBGene00048158.,0,0,0
WBGene00048159.,0,0,0
WBGene00048160.,0,1,1
WBGene00048161.,0,0,0
WBGene00048162.,0,0,0
WBGene00048163.,0,0,0
WBGene00048164.,0,0,0
WBGene00048165.,0,0,0
WBGene00048166.,0,1,1
WBGene00048167.,0,0,0
WBGene00048168.,0,0,0
WBGene00048169.,0,13,13
WBGene00048170.,0,0,0
WBGene00048171.,0,0,0
WBGene00048172.,0,0,0
WBGene00048173.,0,0,0
WBGene00048174.,0,0,0
WBGene00048175.,0,0,0
WBGene00048176.,0,0,0
WBGene00048177.,0,0,0
WBGene00048178.,0,0,0
WBGene00048179.,0,0,0
WBGene00048180.,0,0,0
WBGene00048181.,0,0,0
WBGene00048182.,0,1,1
WBGene00048183.,0,0,0
WBGene00048184.,0,0,0
WBGene00048185.,0,0,0
WBGene00048186.,0,0,0
WBGene00048187.,0,0,0
WBGene00048188.,0,0,0
WBGene00048189.,0,0,0
WBGene00048190.,0,4,4
WBGene00048191.,0,0,0
WBGene00048192.,0,0,0
WBGene00048193.,0,0,0
WBGene00048194.,0,0,0
WBGene00048195.,0,4,4
WBGene00048196.,0,0,0
WBGene00048197.,0,0,0
WBGene00048198.,0,1,1
WBGene00048199.,0,0,0
WBGene00048200.,0,2,2
WBGene00048201.,0,0,0
WBGene00048202.,0,0,0
WBGene00048203.,0,0,0
WBGene00048204.,0,0,0
WBGene00048205.,0,0,0
WBGene00048206.,0,0,0
WBGene00048207.,0,0,0
WBGene00048208.,0,0,0
WBGene00048209.,0,0,0
WBGene00048210.,0,0,0
WBGene00048211.,0,0,0
WBGene00048212.,0,0,0
WBGene00048213.,0,0,0
WBGene00048214.,0,0,0
WBGene00048215.,0,0,0
WBGene00048216.,0,0,0
WBGene00048217.,0,0,0
WBGene00048218.,0,0,0
WBGene00048219.,0,0,0
WBGene00048220.,0,0,0
WBGene00048221.,0,7,7
WBGene00048222.,0,0,0
WBGene00048223.,0,0,0
WBGene00048224.,0,3,3
WBGene00048225.,0,0,0
WBGene00048226.,0,2,2
WBGene00048227.,0,0,0
WBGene00048228.,0,3,3
WBGene00048229.,0,0,0
WBGene00048230.,0,0,0
WBGene00048231.,0,0,0
WBGene00048232.,0,0,0
WBGene00048233.,0,1,1
WBGene00048234.,0,0,0
WBGene00048235.,0,0,0
WBGene00048236.,0,0,0
WBGene00048237.,0,0,0
WBGene00048238.,0,0,0
WBGene00048239.,0,0,0
WBGene00048240.,0,0,0
WBGene00048241.,0,0,0
WBGene00048242.,0,0,0
WBGene00048243.,0,0,0
WBGene00048244.,0,0,0
WBGene00048245.,0,0,0
WBGene00048246.,0,0,0
WBGene00048247.,0,0,0
WBGene00048248.,0,1,1
WBGene00048249.,0,0,0
WBGene00048250.,0,2,2
WBGene00048251.,0,0,0
WBGene00048252.,0,0,0
WBGene00048253.,0,0,0
WBGene00048254.,0,1,1
WBGene00048255.,0,0,0
WBGene00048256.,0,0,0
WBGene00048257.,0,0,0
WBGene00048258.,0,0,0
WBGene00048259.,0,0,0
WBGene00048260.,0,0,0
WBGene00048261.,0,0,0
WBGene00048262.,0,0,0
WBGene00048263.,0,0,0
WBGene00048264.,0,0,0
WBGene00048265.,0,0,0
WBGene00048266.,0,1,1
WBGene00048267.,0,0,0
WBGene00048268.,0,0,0
WBGene00048269.,0,0,0
WBGene00048270.,0,0,0
WBGene00048271.,0,0,0
WBGene00048272.,0,0,0
WBGene00048273.,0,0,0
WBGene00048274.,0,1,1
WBGene00048275.,0,0,0
WBGene00048276.,0,0,0
WBGene00048277.,0,0,0
WBGene00048278.,0,0,0
WBGene00048279.,0,0,0
WBGene00048280.,0,0,0
WBGene00048281.,0,0,0
WBGene00048282.,0,0,0
WBGene00048283.,0,0,0
WBGene00048284.,0,0,0
WBGene00048285.,0,0,0
WBGene00048286.,0,0,0
WBGene00048287.,0,0,0
WBGene00048288.,0,1,1
WBGene00048289.,0,0,0
WBGene00048290.,0,0,0
WBGene00048291.,0,0,0
WBGene00048292.,0,0,0
WBGene00048293.,0,0,0
WBGene00048294.,0,3,3
WBGene00048295.,0,4,4
WBGene00048296.,0,0,0
WBGene00048297.,0,0,0
WBGene00048298.,0,0,0
WBGene00048299.,0,8,8
WBGene00048300.,0,0,0
WBGene00048301.,0,0,0
WBGene00048302.,0,0,0
WBGene00048303.,0,0,0
WBGene00048304.,0,2,2
WBGene00048305.,0,0,0
WBGene00048306.,0,0,0
WBGene00048307.,0,0,0
WBGene00048308.,0,0,0
WBGene00048309.,0,0,0
WBGene00048310.,0,0,0
WBGene00048311.,0,0,0
WBGene00048312.,0,1,1
WBGene00048313.,0,1,1
WBGene00048314.,0,1,1
WBGene00048315.,0,0,0
WBGene00048316.,0,0,0
WBGene00048317.,0,0,0
WBGene00048318.,0,0,0
WBGene00048319.,0,0,0
WBGene00048320.,0,0,0
WBGene00048321.,0,1,1
WBGene00048322.,0,0,0
WBGene00048323.,0,0,0
WBGene00048324.,0,3,3
WBGene00048325.,0,0,0
WBGene00048326.,0,0,0
WBGene00048327.,0,3,3
WBGene00048328.,0,5,5
WBGene00048329.,0,0,0
WBGene00048330.,0,0,0
WBGene00048331.,0,0,0
WBGene00048332.,0,0,0
WBGene00048333.,0,0,0
WBGene00048334.,0,3,3
WBGene00048335.,0,0,0
WBGene00048336.,0,0,0
WBGene00048337.,0,0,0
WBGene00048338.,0,1,1
WBGene00048339.,0,0,0
WBGene00048340.,0,0,0
WBGene00048341.,0,0,0
WBGene00048342.,0,0,0
WBGene00048343.,0,0,0
WBGene00048344.,0,0,0
WBGene00048345.,0,5,5
WBGene00048346.,0,0,0
WBGene00048347.,0,0,0
WBGene00048348.,0,1,1
WBGene00048349.,0,0,0
WBGene00048350.,0,0,0
WBGene00048351.,0,0,0
WBGene00048352.,0,0,0
WBGene00048353.,0,1,1
WBGene00048354.,0,1,1
WBGene00048355.,0,2,2
WBGene00048356.,0,0,0
WBGene00048357.,0,0,0
WBGene00048358.,0,0,0
WBGene00048359.,0,0,0
WBGene00048360.,0,0,0
WBGene00048361.,0,0,0
WBGene00048362.,0,0,0
WBGene00048363.,0,0,0
WBGene00048364.,0,0,0
WBGene00048365.,0,0,0
WBGene00048366.,0,1,1
WBGene00048367.,0,0,0
WBGene00048368.,0,0,0
WBGene00048369.,0,2,2
WBGene00048370.,0,0,0
WBGene00048371.,0,0,0
WBGene00048372.,0,0,0
WBGene00048373.,0,0,0
WBGene00048374.,0,6,6
WBGene00048375.,0,28,28
WBGene00048376.,0,0,0
WBGene00048377.,0,0,0
WBGene00048378.,0,0,0
WBGene00048379.,0,0,0
WBGene00048380.,0,0,0
WBGene00048381.,0,1,1
WBGene00048382.,0,2,2
WBGene00048383.,0,0,0
WBGene00048384.,0,0,0
WBGene00048385.,0,8,8
WBGene00048386.,0,1,1
WBGene00048387.,0,0,0
WBGene00048388.,0,0,0
WBGene00048389.,0,0,0
WBGene00048390.,0,0,0
WBGene00048391.,0,0,0
WBGene00048392.,0,0,0
WBGene00048393.,0,0,0
WBGene00048394.,0,1,1
WBGene00048395.,0,0,0
WBGene00048396.,0,0,0
WBGene00048397.,0,0,0
WBGene00048398.,0,0,0
WBGene00048399.,0,0,0
WBGene00048400.,0,0,0
WBGene00048401.,0,0,0
WBGene00048402.,0,0,0
WBGene00048403.,0,0,0
WBGene00048404.,0,2,2
WBGene00048405.,0,0,0
WBGene00048406.,0,0,0
WBGene00048407.,0,0,0
WBGene00048408.,0,0,0
WBGene00048409.,0,0,0
WBGene00048410.,0,0,0
WBGene00048411.,0,0,0
WBGene00048412.,0,0,0
WBGene00048413.,0,0,0
WBGene00048414.,0,1,1
WBGene00048415.,0,0,0
WBGene00048416.,0,1,1
WBGene00048417.,0,0,0
WBGene00048418.,0,1,1
WBGene00048419.,0,0,0
WBGene00048420.,0,0,0
WBGene00048421.,0,0,0
WBGene00048422.,0,0,0
WBGene00048423.,0,0,0
WBGene00048424.,0,0,0
WBGene00048425.,0,0,0
WBGene00048426.,0,0,0
WBGene00048427.,0,0,0
WBGene00048428.,0,1,1
WBGene00048429.,0,0,0
WBGene00048430.,0,0,0
WBGene00048431.,0,0,0
WBGene00048432.,0,0,0
WBGene00048433.,0,0,0
WBGene00048434.,0,0,0
WBGene00048435.,0,0,0
WBGene00048436.,0,4,4
WBGene00048437.,0,0,0
WBGene00048438.,0,0,0
WBGene00048439.,0,0,0
WBGene00048440.,0,3,3
WBGene00048441.,0,0,0
WBGene00048442.,0,0,0
WBGene00048443.,0,0,0
WBGene00048444.,0,0,0
WBGene00048445.,0,0,0
WBGene00048446.,0,0,0
WBGene00048447.,0,0,0
WBGene00048448.,0,0,0
WBGene00048449.,0,0,0
WBGene00048450.,0,0,0
WBGene00048451.,0,0,0
WBGene00048452.,0,1,1
WBGene00048453.,0,2,2
WBGene00048454.,0,0,0
WBGene00048455.,0,0,0
WBGene00048456.,0,0,0
WBGene00048457.,0,0,0
WBGene00048458.,0,0,0
WBGene00048459.,0,0,0
WBGene00048460.,0,0,0
WBGene00048461.,0,3,3
WBGene00048462.,0,0,0
WBGene00048463.,0,8,8
WBGene00048464.,0,0,0
WBGene00048465.,0,2,2
WBGene00048466.,0,0,0
WBGene00048467.,0,0,0
WBGene00048468.,0,0,0
WBGene00048469.,0,0,0
WBGene00048470.,0,0,0
WBGene00048471.,0,0,0
WBGene00048472.,0,0,0
WBGene00048473.,0,0,0
WBGene00048474.,0,0,0
WBGene00048475.,0,0,0
WBGene00048476.,0,0,0
WBGene00048477.,0,0,0
WBGene00048478.,0,0,0
WBGene00048479.,0,0,0
WBGene00048480.,0,0,0
WBGene00048481.,0,0,0
WBGene00048482.,0,0,0
WBGene00048483.,0,0,0
WBGene00048484.,0,0,0
WBGene00048485.,0,0,0
WBGene00048486.,0,1,1
WBGene00048487.,0,0,0
WBGene00048488.,0,0,0
WBGene00048489.,0,2,2
WBGene00048490.,0,0,0
WBGene00048491.,0,0,0
WBGene00048492.,0,0,0
WBGene00048493.,0,0,0
WBGene00048494.,0,0,0
WBGene00048495.,0,1,1
WBGene00048496.,0,0,0
WBGene00048497.,0,0,0
WBGene00048498.,0,0,0
WBGene00048499.,0,0,0
WBGene00048500.,0,0,0
WBGene00048501.,0,0,0
WBGene00048502.,0,0,0
WBGene00048503.,0,0,0
WBGene00048504.,0,0,0
WBGene00048505.,0,0,0
WBGene00048506.,0,1,1
WBGene00048507.,0,0,0
WBGene00048508.,0,1,1
WBGene00048509.,0,0,0
WBGene00048510.,0,0,0
WBGene00048511.,0,2,2
WBGene00048512.,0,0,0
WBGene00048513.,0,1,1
WBGene00048514.,0,0,0
WBGene00048515.,0,0,0
WBGene00048516.,0,0,0
WBGene00048517.,0,0,0
WBGene00048518.,0,6,6
WBGene00048519.,0,0,0
WBGene00048520.,0,0,0
WBGene00048521.,0,0,0
WBGene00048522.,0,0,0
WBGene00048523.,0,0,0
WBGene00048524.,0,1,1
WBGene00048525.,0,0,0
WBGene00048526.,0,0,0
WBGene00048527.,0,2,2
WBGene00048528.,0,0,0
WBGene00048529.,0,0,0
WBGene00048530.,0,11,11
WBGene00048531.,0,0,0
WBGene00048532.,0,0,0
WBGene00048533.,0,0,0
WBGene00048534.,0,0,0
WBGene00048535.,0,0,0
WBGene00048536.,0,1,1
WBGene00048537.,0,0,0
WBGene00048538.,0,1,1
WBGene00048539.,0,3,3
WBGene00048540.,0,0,0
WBGene00048541.,0,0,0
WBGene00048542.,0,0,0
WBGene00048543.,0,0,0
WBGene00048544.,0,0,0
WBGene00048545.,0,0,0
WBGene00048546.,0,0,0
WBGene00048547.,0,0,0
WBGene00048548.,0,0,0
WBGene00048549.,0,0,0
WBGene00048550.,0,0,0
WBGene00048551.,0,0,0
WBGene00048552.,0,0,0
WBGene00048553.,0,0,0
WBGene00048554.,0,0,0
WBGene00048555.,0,0,0
WBGene00048556.,0,0,0
WBGene00048557.,0,0,0
WBGene00048558.,0,0,0
WBGene00048559.,0,1,1
WBGene00048560.,0,0,0
WBGene00048561.,0,6,6
WBGene00048562.,0,0,0
WBGene00048563.,0,0,0
WBGene00048564.,0,1,1
WBGene00048565.,0,0,0
WBGene00048566.,0,0,0
WBGene00048567.,0,0,0
WBGene00048568.,0,0,0
WBGene00048569.,0,0,0
WBGene00048570.,0,5,5
WBGene00048571.,0,0,0
WBGene00048572.,0,0,0
WBGene00048573.,0,1,1
WBGene00048574.,0,0,0
WBGene00048575.,0,0,0
WBGene00048576.,0,0,0
WBGene00048577.,0,0,0
WBGene00048578.,0,0,0
WBGene00048579.,0,0,0
WBGene00048580.,0,0,0
WBGene00048581.,0,0,0
WBGene00048582.,0,0,0
WBGene00048583.,0,7,7
WBGene00048584.,0,0,0
WBGene00048585.,0,0,0
WBGene00048586.,0,0,0
WBGene00048587.,0,0,0
WBGene00048588.,0,0,0
WBGene00048589.,0,0,0
WBGene00048590.,0,0,0
WBGene00048591.,0,0,0
WBGene00048592.,0,0,0
WBGene00048593.,0,1,1
WBGene00048594.,0,0,0
WBGene00048595.,0,4,4
WBGene00048596.,0,3,3
WBGene00048597.,0,0,0
WBGene00048598.,0,0,0
WBGene00048599.,0,0,0
WBGene00048600.,0,0,0
WBGene00048601.,0,0,0
WBGene00048602.,0,1,1
WBGene00048603.,0,5,5
WBGene00048604.,0,0,0
WBGene00048605.,0,14,14
WBGene00048606.,0,0,0
WBGene00048607.,0,0,0
WBGene00048608.,0,0,0
WBGene00048609.,0,0,0
WBGene00048610.,0,0,0
WBGene00048611.,0,0,0
WBGene00048612.,0,0,0
WBGene00048613.,0,0,0
WBGene00048614.,0,0,0
WBGene00048615.,0,0,0
WBGene00048616.,0,0,0
WBGene00048617.,0,0,0
WBGene00048618.,0,0,0
WBGene00048619.,0,0,0
WBGene00048620.,0,0,0
WBGene00048621.,0,0,0
WBGene00048622.,0,0,0
WBGene00048623.,0,0,0
WBGene00048624.,0,0,0
WBGene00048625.,0,0,0
WBGene00048626.,0,3,3
WBGene00048627.,0,0,0
WBGene00048628.,0,0,0
WBGene00048629.,0,0,0
WBGene00048630.,0,0,0
WBGene00048631.,0,2,2
WBGene00048632.,0,0,0
WBGene00048633.,0,0,0
WBGene00048634.,0,2,2
WBGene00048635.,0,1,1
WBGene00048636.,0,0,0
WBGene00048637.,0,0,0
WBGene00048638.,0,0,0
WBGene00048639.,0,0,0
WBGene00048640.,0,0,0
WBGene00048641.,0,0,0
WBGene00048642.,0,0,0
WBGene00048643.,0,0,0
WBGene00048644.,0,3,3
WBGene00048645.,0,1,1
WBGene00048646.,0,0,0
WBGene00048647.,0,6,6
WBGene00048648.,0,0,0
WBGene00048649.,0,1,1
WBGene00048650.,0,0,0
WBGene00048651.,0,4,4
WBGene00048652.,0,0,0
WBGene00048653.,0,0,0
WBGene00048654.,0,0,0
WBGene00048655.,0,0,0
WBGene00048656.,0,2,2
WBGene00048657.,0,0,0
WBGene00048658.,0,0,0
WBGene00048659.,0,0,0
WBGene00048660.,0,0,0
WBGene00048661.,0,0,0
WBGene00048662.,0,0,0
WBGene00048663.,0,0,0
WBGene00048664.,0,0,0
WBGene00048665.,0,0,0
WBGene00048666.,0,0,0
WBGene00048667.,0,0,0
WBGene00048668.,0,0,0
WBGene00048669.,0,0,0
WBGene00048670.,0,1,1
WBGene00048671.,0,0,0
WBGene00048672.,0,0,0
WBGene00048673.,0,0,0
WBGene00048674.,0,0,0
WBGene00048675.,0,0,0
WBGene00048676.,0,0,0
WBGene00048677.,0,0,0
WBGene00048678.,0,0,0
WBGene00048679.,0,0,0
WBGene00048680.,0,0,0
WBGene00048681.,0,0,0
WBGene00048682.,0,0,0
WBGene00048683.,0,0,0
WBGene00048684.,0,1,1
WBGene00048685.,0,0,0
WBGene00048686.,0,0,0
WBGene00048687.,0,0,0
WBGene00048688.,0,0,0
WBGene00048689.,0,0,0
WBGene00048690.,0,1,1
WBGene00048691.,0,0,0
WBGene00048692.,0,0,0
WBGene00048693.,0,0,0
WBGene00048694.,0,3,3
WBGene00048695.,0,0,0
WBGene00048696.,0,0,0
WBGene00048697.,0,0,0
WBGene00048698.,0,0,0
WBGene00048699.,0,0,0
WBGene00048700.,0,0,0
WBGene00048701.,0,0,0
WBGene00048702.,0,0,0
WBGene00048703.,0,0,0
WBGene00048704.,0,0,0
WBGene00048705.,0,0,0
WBGene00048706.,0,0,0
WBGene00048707.,0,0,0
WBGene00048708.,0,0,0
WBGene00048709.,0,0,0
WBGene00048710.,0,0,0
WBGene00048711.,0,0,0
WBGene00048712.,0,0,0
WBGene00048713.,0,0,0
WBGene00048714.,0,0,0
WBGene00048715.,0,0,0
WBGene00048716.,0,0,0
WBGene00048717.,0,2,2
WBGene00048718.,0,0,0
WBGene00048719.,0,5,5
WBGene00048720.,0,3,3
WBGene00048721.,0,0,0
WBGene00048722.,0,2,2
WBGene00048723.,0,0,0
WBGene00048724.,0,0,0
WBGene00048725.,0,3,3
WBGene00048726.,0,0,0
WBGene00048727.,0,11,11
WBGene00048728.,0,0,0
WBGene00048729.,0,0,0
WBGene00048730.,0,1,1
WBGene00048731.,0,0,0
WBGene00048732.,0,0,0
WBGene00048733.,0,0,0
WBGene00048734.,0,0,0
WBGene00048735.,0,0,0
WBGene00048736.,0,1,1
WBGene00048737.,0,0,0
WBGene00048738.,0,0,0
WBGene00048739.,0,1,1
WBGene00048740.,0,1,1
WBGene00048741.,0,0,0
WBGene00048742.,0,0,0
WBGene00048743.,0,0,0
WBGene00048744.,0,0,0
WBGene00048745.,0,0,0
WBGene00048746.,0,0,0
WBGene00048747.,0,0,0
WBGene00048748.,0,1,1
WBGene00048749.,0,0,0
WBGene00048750.,0,0,0
WBGene00048751.,0,0,0
WBGene00048752.,0,0,0
WBGene00048753.,0,0,0
WBGene00048754.,0,0,0
WBGene00048755.,0,0,0
WBGene00048756.,0,1,1
WBGene00048757.,0,0,0
WBGene00048758.,0,0,0
WBGene00048759.,0,0,0
WBGene00048760.,0,0,0
WBGene00048761.,0,0,0
WBGene00048762.,0,0,0
WBGene00048763.,0,0,0
WBGene00048764.,0,0,0
WBGene00048765.,0,0,0
WBGene00048766.,0,0,0
WBGene00048767.,0,1,1
WBGene00048768.,0,0,0
WBGene00048769.,0,2,2
WBGene00048770.,0,0,0
WBGene00048771.,0,1,1
WBGene00048772.,0,0,0
WBGene00048773.,0,0,0
WBGene00048774.,0,0,0
WBGene00048775.,0,0,0
WBGene00048776.,0,0,0
WBGene00048777.,0,0,0
WBGene00048778.,0,0,0
WBGene00048779.,0,0,0
WBGene00048780.,0,0,0
WBGene00048781.,0,0,0
WBGene00048782.,0,0,0
WBGene00048783.,0,0,0
WBGene00048784.,0,0,0
WBGene00048785.,0,0,0
WBGene00048786.,0,0,0
WBGene00048787.,0,0,0
WBGene00048788.,0,1,1
WBGene00048789.,0,0,0
WBGene00048790.,0,0,0
WBGene00048791.,0,0,0
WBGene00048792.,0,1,1
WBGene00048793.,0,0,0
WBGene00048794.,0,0,0
WBGene00048795.,0,0,0
WBGene00048796.,0,0,0
WBGene00048797.,0,0,0
WBGene00048798.,0,0,0
WBGene00048799.,0,0,0
WBGene00048800.,0,0,0
WBGene00048801.,0,0,0
WBGene00048802.,0,2,2
WBGene00048803.,0,0,0
WBGene00048804.,0,0,0
WBGene00048805.,0,0,0
WBGene00048806.,0,0,0
WBGene00048807.,0,0,0
WBGene00048808.,0,0,0
WBGene00048809.,0,0,0
WBGene00048810.,0,0,0
WBGene00048811.,0,0,0
WBGene00048812.,0,0,0
WBGene00048813.,0,0,0
WBGene00048814.,0,0,0
WBGene00048815.,0,0,0
WBGene00048816.,0,0,0
WBGene00048817.,0,3,3
WBGene00048819.,0,0,0
WBGene00048820.,0,6,6
WBGene00048821.,0,0,0
WBGene00048822.,0,0,0
WBGene00048823.,0,11,11
WBGene00048824.,0,0,0
WBGene00048825.,0,2,2
WBGene00048826.,0,0,0
WBGene00048827.,0,2,2
WBGene00048828.,0,0,0
WBGene00048829.,0,0,0
WBGene00048830.,0,0,0
WBGene00048831.,0,0,0
WBGene00048832.,0,0,0
WBGene00048833.,0,0,0
WBGene00048834.,0,0,0
WBGene00048835.,0,0,0
WBGene00048836.,0,0,0
WBGene00048837.,0,0,0
WBGene00048838.,0,0,0
WBGene00048839.,0,2,2
WBGene00048840.,0,0,0
WBGene00048841.,0,0,0
WBGene00048842.,0,0,0
WBGene00048843.,0,0,0
WBGene00048844.,0,0,0
WBGene00048845.,0,0,0
WBGene00048846.,0,0,0
WBGene00048847.,0,3,3
WBGene00048848.,0,0,0
WBGene00048849.,0,0,0
WBGene00048850.,0,0,0
WBGene00048851.,0,0,0
WBGene00048852.,0,0,0
WBGene00048853.,0,0,0
WBGene00048854.,0,0,0
WBGene00048855.,0,0,0
WBGene00048856.,0,0,0
WBGene00048857.,0,0,0
WBGene00048858.,0,0,0
WBGene00048859.,0,0,0
WBGene00048860.,0,0,0
WBGene00048861.,0,1,1
WBGene00048862.,0,0,0
WBGene00048863.,0,0,0
WBGene00048864.,0,0,0
WBGene00048865.,0,0,0
WBGene00048866.,0,0,0
WBGene00048867.,0,0,0
WBGene00048868.,0,0,0
WBGene00048869.,0,0,0
WBGene00048870.,0,1,1
WBGene00048871.,0,0,0
WBGene00048872.,0,0,0
WBGene00048873.,0,0,0
WBGene00048874.,0,0,0
WBGene00048875.,0,0,0
WBGene00048876.,0,0,0
WBGene00048877.,0,0,0
WBGene00048878.,0,0,0
WBGene00048879.,0,0,0
WBGene00048880.,0,0,0
WBGene00048881.,0,1,1
WBGene00048882.,0,0,0
WBGene00048883.,0,0,0
WBGene00048884.,0,0,0
WBGene00048885.,0,6,6
WBGene00048886.,0,0,0
WBGene00048887.,0,1,1
WBGene00048888.,0,0,0
WBGene00048889.,0,3,3
WBGene00048890.,0,0,0
WBGene00048891.,0,1,1
WBGene00048892.,0,0,0
WBGene00048893.,0,0,0
WBGene00048894.,0,0,0
WBGene00048895.,0,0,0
WBGene00048896.,0,0,0
WBGene00048897.,0,6,6
WBGene00048898.,0,2,2
WBGene00048899.,0,0,0
WBGene00048900.,0,0,0
WBGene00048901.,0,0,0
WBGene00048902.,0,0,0
WBGene00048903.,0,0,0
WBGene00048904.,0,0,0
WBGene00048905.,0,1,1
WBGene00048906.,0,0,0
WBGene00048907.,0,3,3
WBGene00048908.,0,0,0
WBGene00048909.,0,0,0
WBGene00048910.,0,0,0
WBGene00048911.,0,0,0
WBGene00048912.,0,0,0
WBGene00048913.,0,0,0
WBGene00048914.,0,0,0
WBGene00048915.,0,3,3
WBGene00048916.,0,0,0
WBGene00048917.,0,0,0
WBGene00048918.,0,1,1
WBGene00048919.,0,0,0
WBGene00048920.,0,2,2
WBGene00048921.,0,0,0
WBGene00048922.,0,0,0
WBGene00048923.,0,0,0
WBGene00048924.,0,10,10
WBGene00048925.,0,0,0
WBGene00048926.,0,0,0
WBGene00048927.,0,0,0
WBGene00048928.,0,0,0
WBGene00048929.,0,0,0
WBGene00048930.,0,0,0
WBGene00048931.,0,0,0
WBGene00048932.,0,0,0
WBGene00048933.,0,0,0
WBGene00048934.,0,0,0
WBGene00048935.,0,0,0
WBGene00048936.,0,0,0
WBGene00048937.,0,1,1
WBGene00048938.,0,17,17
WBGene00048939.,0,0,0
WBGene00048940.,0,0,0
WBGene00048941.,0,0,0
WBGene00048942.,0,0,0
WBGene00048943.,0,1,1
WBGene00048944.,0,0,0
WBGene00048945.,0,2,2
WBGene00048946.,0,0,0
WBGene00048947.,0,0,0
WBGene00048948.,0,0,0
WBGene00048949.,0,3,3
WBGene00048950.,0,0,0
WBGene00048951.,0,0,0
WBGene00048952.,0,0,0
WBGene00048953.,0,0,0
WBGene00048954.,0,0,0
WBGene00048955.,0,1,1
WBGene00048956.,0,0,0
WBGene00048957.,0,0,0
WBGene00048958.,0,1,1
WBGene00048959.,0,0,0
WBGene00048960.,0,0,0
WBGene00048961.,0,0,0
WBGene00048962.,0,0,0
WBGene00048963.,0,0,0
WBGene00048964.,0,0,0
WBGene00048965.,0,0,0
WBGene00048966.,0,0,0
WBGene00048967.,0,0,0
WBGene00048968.,0,0,0
WBGene00048969.,0,3,3
WBGene00048970.,0,3,3
WBGene00048971.,0,6,6
WBGene00048972.,0,0,0
WBGene00048973.,0,0,0
WBGene00048974.,0,0,0
WBGene00048975.,0,2,2
WBGene00048976.,0,2,2
WBGene00048977.,0,8,8
WBGene00048978.,0,0,0
WBGene00048979.,0,0,0
WBGene00048980.,0,0,0
WBGene00048981.,0,0,0
WBGene00048982.,0,0,0
WBGene00048983.,0,3,3
WBGene00048984.,0,0,0
WBGene00048985.,0,0,0
WBGene00048986.,0,1,1
WBGene00048987.,0,0,0
WBGene00048988.,0,1,1
WBGene00048989.,0,0,0
WBGene00048990.,0,0,0
WBGene00048991.,0,0,0
WBGene00048992.,0,0,0
WBGene00048993.,0,0,0
WBGene00048994.,0,0,0
WBGene00048995.,0,1,1
WBGene00048996.,0,0,0
WBGene00048997.,0,1,1
WBGene00048998.,0,0,0
WBGene00048999.,0,10,10
WBGene00049000.,0,0,0
WBGene00049001.,0,0,0
WBGene00049002.,0,0,0
WBGene00049003.,0,0,0
WBGene00049004.,0,3,3
WBGene00049005.,0,0,0
WBGene00049006.,0,0,0
WBGene00049007.,0,0,0
WBGene00049008.,0,0,0
WBGene00049009.,0,0,0
WBGene00049010.,0,0,0
WBGene00049011.,0,1,1
WBGene00049012.,0,0,0
WBGene00049013.,0,0,0
WBGene00049014.,0,0,0
WBGene00049015.,0,1,1
WBGene00049016.,0,0,0
WBGene00049017.,0,0,0
WBGene00049018.,0,0,0
WBGene00049019.,0,0,0
WBGene00049020.,0,0,0
WBGene00049021.,0,0,0
WBGene00049022.,0,0,0
WBGene00049023.,0,0,0
WBGene00049024.,0,0,0
WBGene00049025.,0,0,0
WBGene00049026.,0,0,0
WBGene00049027.,0,0,0
WBGene00049028.,0,0,0
WBGene00049029.,0,0,0
WBGene00049030.,0,1,1
WBGene00049031.,0,0,0
WBGene00049032.,0,0,0
WBGene00049033.,0,0,0
WBGene00049034.,0,0,0
WBGene00049035.,0,0,0
WBGene00049036.,0,0,0
WBGene00049037.,0,0,0
WBGene00049038.,0,0,0
WBGene00049039.,0,0,0
WBGene00049040.,0,1,1
WBGene00049041.,0,0,0
WBGene00049042.,0,0,0
WBGene00049043.,0,0,0
WBGene00049044.,0,4,4
WBGene00049045.,0,0,0
WBGene00049046.,0,0,0
WBGene00049047.,0,0,0
WBGene00049048.,0,0,0
WBGene00049049.,0,0,0
WBGene00049050.,0,0,0
WBGene00049051.,0,0,0
WBGene00049052.,0,0,0
WBGene00049053.,0,0,0
WBGene00049054.,0,0,0
WBGene00049055.,0,0,0
WBGene00049056.,0,0,0
WBGene00049057.,0,1,1
WBGene00049058.,0,0,0
WBGene00049059.,0,0,0
WBGene00049060.,0,0,0
WBGene00049061.,0,0,0
WBGene00049062.,0,0,0
WBGene00049063.,0,1,1
WBGene00049064.,0,0,0
WBGene00049065.,0,0,0
WBGene00049066.,0,0,0
WBGene00049067.,0,0,0
WBGene00049068.,0,0,0
WBGene00049069.,0,1,1
WBGene00049070.,0,0,0
WBGene00049071.,0,0,0
WBGene00049072.,0,0,0
WBGene00049073.,0,0,0
WBGene00049074.,0,11,11
WBGene00049075.,0,0,0
WBGene00049076.,0,0,0
WBGene00049077.,0,0,0
WBGene00049078.,0,0,0
WBGene00049079.,0,1,1
WBGene00049080.,0,0,0
WBGene00049081.,0,0,0
WBGene00049082.,0,0,0
WBGene00049083.,0,0,0
WBGene00049084.,0,0,0
WBGene00049085.,0,3,3
WBGene00049086.,0,3,3
WBGene00049087.,0,0,0
WBGene00049088.,0,1,1
WBGene00049089.,0,0,0
WBGene00049090.,0,3,3
WBGene00049091.,0,0,0
WBGene00049092.,0,0,0
WBGene00049093.,0,0,0
WBGene00049094.,0,0,0
WBGene00049095.,0,0,0
WBGene00049096.,0,0,0
WBGene00049097.,0,0,0
WBGene00049098.,0,0,0
WBGene00049099.,0,0,0
WBGene00049100.,0,0,0
WBGene00049101.,0,0,0
WBGene00049102.,0,0,0
WBGene00049103.,0,0,0
WBGene00049104.,0,1,1
WBGene00049105.,0,0,0
WBGene00049106.,0,0,0
WBGene00049107.,0,0,0
WBGene00049108.,0,0,0
WBGene00049109.,0,1,1
WBGene00049110.,0,3,3
WBGene00049111.,0,0,0
WBGene00049112.,0,0,0
WBGene00049113.,0,5,5
WBGene00049114.,0,0,0
WBGene00049115.,0,0,0
WBGene00049116.,0,0,0
WBGene00049117.,0,0,0
WBGene00049118.,0,0,0
WBGene00049119.,0,6,6
WBGene00049120.,0,0,0
WBGene00049121.,0,1,1
WBGene00049122.,0,0,0
WBGene00049123.,0,0,0
WBGene00049124.,0,0,0
WBGene00049125.,0,0,0
WBGene00049126.,0,0,0
WBGene00049127.,0,0,0
WBGene00049128.,0,0,0
WBGene00049129.,0,0,0
WBGene00049130.,0,0,0
WBGene00049131.,0,0,0
WBGene00049132.,0,2,2
WBGene00049133.,0,1,1
WBGene00049134.,0,0,0
WBGene00049135.,0,2,2
WBGene00049136.,0,0,0
WBGene00049137.,0,0,0
WBGene00049138.,0,0,0
WBGene00049139.,0,0,0
WBGene00049140.,0,0,0
WBGene00049141.,0,0,0
WBGene00049142.,0,0,0
WBGene00049143.,0,1,1
WBGene00049144.,0,0,0
WBGene00049145.,0,0,0
WBGene00049146.,0,0,0
WBGene00049147.,0,0,0
WBGene00049148.,0,0,0
WBGene00049149.,0,0,0
WBGene00049150.,0,0,0
WBGene00049151.,0,2,2
WBGene00049152.,0,0,0
WBGene00049153.,0,0,0
WBGene00049154.,0,3,3
WBGene00049155.,0,0,0
WBGene00049156.,0,0,0
WBGene00049157.,0,0,0
WBGene00049158.,0,0,0
WBGene00049159.,0,0,0
WBGene00049160.,0,0,0
WBGene00049161.,0,0,0
WBGene00049162.,0,1,1
WBGene00049163.,0,0,0
WBGene00049164.,0,0,0
WBGene00049165.,0,8,8
WBGene00049166.,0,0,0
WBGene00049167.,0,0,0
WBGene00049168.,0,1,1
WBGene00049169.,0,0,0
WBGene00049170.,0,0,0
WBGene00049171.,0,0,0
WBGene00049172.,0,0,0
WBGene00049173.,0,0,0
WBGene00049174.,0,1,1
WBGene00049175.,0,0,0
WBGene00049176.,0,1,1
WBGene00049177.,0,0,0
WBGene00049178.,0,0,0
WBGene00049179.,0,0,0
WBGene00049180.,0,0,0
WBGene00049181.,0,2,2
WBGene00049182.,0,1,1
WBGene00049183.,0,0,0
WBGene00049184.,0,0,0
WBGene00049185.,0,0,0
WBGene00049186.,0,1,1
WBGene00049187.,0,0,0
WBGene00049188.,0,0,0
WBGene00049189.,0,0,0
WBGene00049190.,0,3,3
WBGene00049191.,0,0,0
WBGene00049192.,0,0,0
WBGene00049193.,0,0,0
WBGene00049194.,0,0,0
WBGene00049195.,0,0,0
WBGene00049196.,0,0,0
WBGene00049197.,0,3,3
WBGene00049198.,0,0,0
WBGene00049199.,0,0,0
WBGene00049200.,0,0,0
WBGene00049201.,0,0,0
WBGene00049202.,0,25,25
WBGene00049203.,0,0,0
WBGene00049204.,0,0,0
WBGene00049205.,0,0,0
WBGene00049206.,0,0,0
WBGene00049207.,0,0,0
WBGene00049208.,0,0,0
WBGene00049209.,0,2,2
WBGene00049210.,0,0,0
WBGene00049211.,0,0,0
WBGene00049212.,0,0,0
WBGene00049213.,0,4,4
WBGene00049214.,0,2,2
WBGene00049215.,0,0,0
WBGene00049216.,0,0,0
WBGene00049217.,0,0,0
WBGene00049218.,0,2,2
WBGene00049219.,0,3,3
WBGene00049220.,0,0,0
WBGene00049221.,0,0,0
WBGene00049222.,0,0,0
WBGene00049223.,0,1,1
WBGene00049224.,0,0,0
WBGene00049225.,0,0,0
WBGene00049226.,0,1,1
WBGene00049227.,0,0,0
WBGene00049228.,0,0,0
WBGene00049229.,0,0,0
WBGene00049230.,0,0,0
WBGene00049231.,0,0,0
WBGene00049232.,0,0,0
WBGene00049233.,0,0,0
WBGene00049234.,0,0,0
WBGene00049235.,0,0,0
WBGene00049236.,0,1,1
WBGene00049237.,0,0,0
WBGene00049238.,0,0,0
WBGene00049239.,0,0,0
WBGene00049240.,0,1,1
WBGene00049241.,0,0,0
WBGene00049242.,0,0,0
WBGene00049243.,0,1,1
WBGene00049244.,0,0,0
WBGene00049245.,0,0,0
WBGene00049246.,0,0,0
WBGene00049247.,0,1,1
WBGene00049248.,0,0,0
WBGene00049249.,0,1,1
WBGene00049250.,0,0,0
WBGene00049251.,0,0,0
WBGene00049252.,0,0,0
WBGene00049253.,0,0,0
WBGene00049254.,0,0,0
WBGene00049255.,0,0,0
WBGene00049256.,0,0,0
WBGene00049257.,0,0,0
WBGene00049258.,0,0,0
WBGene00049259.,0,0,0
WBGene00049260.,0,3,3
WBGene00049261.,0,0,0
WBGene00049262.,0,0,0
WBGene00049263.,0,0,0
WBGene00049264.,0,0,0
WBGene00049265.,0,0,0
WBGene00049266.,0,1,1
WBGene00049267.,0,0,0
WBGene00049268.,0,0,0
WBGene00049269.,0,0,0
WBGene00049270.,0,4,4
WBGene00049271.,0,0,0
WBGene00049272.,0,0,0
WBGene00049273.,0,0,0
WBGene00049274.,0,4,4
WBGene00049275.,0,0,0
WBGene00049276.,0,0,0
WBGene00049277.,0,0,0
WBGene00049278.,0,0,0
WBGene00049279.,0,0,0
WBGene00049280.,0,5,5
WBGene00049281.,0,0,0
WBGene00049282.,0,0,0
WBGene00049283.,0,0,0
WBGene00049284.,0,0,0
WBGene00049285.,0,0,0
WBGene00049286.,0,0,0
WBGene00049287.,0,0,0
WBGene00049288.,0,0,0
WBGene00049289.,0,1,1
WBGene00049290.,0,0,0
WBGene00049291.,0,0,0
WBGene00049292.,0,0,0
WBGene00049293.,0,3,3
WBGene00049294.,0,0,0
WBGene00049295.,0,6,6
WBGene00049296.,0,0,0
WBGene00049297.,0,0,0
WBGene00049298.,0,0,0
WBGene00049299.,0,1,1
WBGene00049300.,0,3,3
WBGene00049301.,0,3,3
WBGene00049302.,0,4,4
WBGene00049303.,0,0,0
WBGene00049304.,0,0,0
WBGene00049305.,0,0,0
WBGene00049306.,0,0,0
WBGene00049307.,0,0,0
WBGene00049308.,0,0,0
WBGene00049309.,0,0,0
WBGene00049310.,0,0,0
WBGene00049311.,0,0,0
WBGene00049312.,0,0,0
WBGene00049313.,0,0,0
WBGene00049314.,0,0,0
WBGene00049315.,0,0,0
WBGene00049316.,0,0,0
WBGene00049317.,0,0,0
WBGene00049318.,0,0,0
WBGene00049319.,0,0,0
WBGene00049320.,0,2,2
WBGene00049321.,0,0,0
WBGene00049322.,0,0,0
WBGene00049323.,0,0,0
WBGene00049324.,0,0,0
WBGene00049325.,0,0,0
WBGene00049326.,0,0,0
WBGene00049327.,0,0,0
WBGene00049328.,0,0,0
WBGene00049329.,0,0,0
WBGene00049330.,0,0,0
WBGene00049331.,0,0,0
WBGene00049332.,0,5,5
WBGene00049333.,0,1,1
WBGene00049334.,0,0,0
WBGene00049335.,0,0,0
WBGene00049336.,0,0,0
WBGene00049337.,0,0,0
WBGene00049338.,0,0,0
WBGene00049339.,0,0,0
WBGene00049340.,0,10,10
WBGene00049341.,0,0,0
WBGene00049342.,0,0,0
WBGene00049343.,0,0,0
WBGene00049344.,0,3,3
WBGene00049345.,0,0,0
WBGene00049346.,0,1,1
WBGene00049347.,0,0,0
WBGene00049348.,0,0,0
WBGene00049349.,0,0,0
WBGene00049350.,0,0,0
WBGene00049351.,0,0,0
WBGene00049352.,0,0,0
WBGene00049353.,0,0,0
WBGene00049354.,0,0,0
WBGene00049355.,0,0,0
WBGene00049356.,0,0,0
WBGene00049357.,0,0,0
WBGene00049358.,0,0,0
WBGene00049359.,0,0,0
WBGene00049360.,0,0,0
WBGene00049361.,0,0,0
WBGene00049362.,0,1,1
WBGene00049363.,0,0,0
WBGene00049364.,0,0,0
WBGene00049365.,0,0,0
WBGene00049366.,0,0,0
WBGene00049367.,0,0,0
WBGene00049368.,0,0,0
WBGene00049369.,0,0,0
WBGene00049370.,0,5,5
WBGene00049371.,0,0,0
WBGene00049372.,0,0,0
WBGene00049373.,0,0,0
WBGene00049374.,0,1,1
WBGene00049375.,0,0,0
WBGene00049376.,0,0,0
WBGene00049377.,0,0,0
WBGene00049378.,0,0,0
WBGene00049379.,0,0,0
WBGene00049380.,0,0,0
WBGene00049381.,0,0,0
WBGene00049382.,0,0,0
WBGene00049383.,0,0,0
WBGene00049384.,0,0,0
WBGene00049385.,0,1,1
WBGene00049386.,0,0,0
WBGene00049387.,0,1,1
WBGene00049388.,0,0,0
WBGene00049389.,0,1,1
WBGene00049390.,0,0,0
WBGene00049391.,0,1,1
WBGene00049392.,0,0,0
WBGene00049393.,0,0,0
WBGene00049394.,0,0,0
WBGene00049395.,0,1,1
WBGene00049396.,0,1,1
WBGene00049397.,0,0,0
WBGene00049398.,0,0,0
WBGene00049399.,0,0,0
WBGene00049400.,0,110,110
WBGene00049401.,0,0,0
WBGene00049402.,0,4,4
WBGene00049403.,0,0,0
WBGene00049404.,0,0,0
WBGene00049405.,0,3,3
WBGene00049406.,0,0,0
WBGene00049407.,0,0,0
WBGene00049408.,0,0,0
WBGene00049409.,0,0,0
WBGene00049410.,0,2,2
WBGene00049411.,0,0,0
WBGene00049412.,0,1,1
WBGene00049413.,0,0,0
WBGene00049414.,0,0,0
WBGene00049415.,0,0,0
WBGene00049416.,0,0,0
WBGene00049417.,0,0,0
WBGene00049418.,0,0,0
WBGene00049419.,0,0,0
WBGene00049420.,0,0,0
WBGene00049421.,0,0,0
WBGene00049422.,0,0,0
WBGene00049423.,0,0,0
WBGene00049424.,0,0,0
WBGene00049425.,0,0,0
WBGene00049426.,0,1,1
WBGene00049427.,0,4,4
WBGene00049428.,0,0,0
WBGene00049429.,0,0,0
WBGene00049430.,0,0,0
WBGene00049431.,0,0,0
WBGene00049432.,0,0,0
WBGene00049433.,0,0,0
WBGene00049434.,0,0,0
WBGene00049435.,0,0,0
WBGene00049436.,0,0,0
WBGene00049437.,0,0,0
WBGene00049438.,0,0,0
WBGene00049439.,0,0,0
WBGene00049440.,0,0,0
WBGene00049441.,0,0,0
WBGene00049443.,0,2,2
WBGene00049444.,0,0,0
WBGene00049445.,0,0,0
WBGene00049446.,0,0,0
WBGene00049447.,0,1,1
WBGene00049448.,0,0,0
WBGene00049449.,0,0,0
WBGene00049450.,0,0,0
WBGene00049451.,0,0,0
WBGene00049452.,0,0,0
WBGene00049453.,0,0,0
WBGene00049454.,0,0,0
WBGene00049455.,0,0,0
WBGene00049456.,0,0,0
WBGene00049457.,0,0,0
WBGene00049458.,0,0,0
WBGene00049459.,0,0,0
WBGene00049460.,0,2,2
WBGene00049461.,0,3,3
WBGene00049462.,0,0,0
WBGene00049463.,0,0,0
WBGene00049464.,0,0,0
WBGene00049465.,0,0,0
WBGene00049466.,0,1,1
WBGene00049467.,0,0,0
WBGene00049468.,0,0,0
WBGene00049469.,0,0,0
WBGene00049470.,0,19,19
WBGene00049471.,0,0,0
WBGene00049472.,0,0,0
WBGene00049473.,0,4,4
WBGene00049474.,0,0,0
WBGene00049475.,0,0,0
WBGene00049476.,0,0,0
WBGene00049477.,0,0,0
WBGene00049478.,0,0,0
WBGene00049479.,0,1,1
WBGene00049480.,0,0,0
WBGene00049481.,0,0,0
WBGene00049482.,0,0,0
WBGene00049483.,0,0,0
WBGene00049484.,0,0,0
WBGene00049485.,0,0,0
WBGene00049486.,0,0,0
WBGene00049487.,0,0,0
WBGene00049488.,0,0,0
WBGene00049489.,0,0,0
WBGene00049490.,0,0,0
WBGene00049491.,0,0,0
WBGene00049492.,0,0,0
WBGene00049493.,0,0,0
WBGene00049494.,0,0,0
WBGene00049495.,0,0,0
WBGene00049496.,0,0,0
WBGene00049497.,0,0,0
WBGene00049498.,0,0,0
WBGene00049499.,0,0,0
WBGene00049500.,0,2,2
WBGene00049501.,0,0,0
WBGene00049502.,0,0,0
WBGene00049503.,0,0,0
WBGene00049504.,0,0,0
WBGene00049505.,0,0,0
WBGene00049506.,0,0,0
WBGene00049507.,0,0,0
WBGene00049508.,0,1,1
WBGene00049509.,0,0,0
WBGene00049510.,0,0,0
WBGene00049511.,0,0,0
WBGene00049512.,0,0,0
WBGene00049513.,0,0,0
WBGene00049514.,0,0,0
WBGene00049515.,0,0,0
WBGene00049516.,0,0,0
WBGene00049517.,0,1,1
WBGene00049518.,0,1,1
WBGene00049519.,0,0,0
WBGene00049520.,0,0,0
WBGene00049521.,0,1,1
WBGene00049522.,0,0,0
WBGene00049523.,0,0,0
WBGene00049524.,0,0,0
WBGene00049525.,0,2,2
WBGene00049526.,0,0,0
WBGene00049527.,0,0,0
WBGene00049528.,0,0,0
WBGene00049529.,0,1,1
WBGene00049530.,0,0,0
WBGene00049531.,0,0,0
WBGene00049532.,0,0,0
WBGene00049533.,0,0,0
WBGene00049534.,0,0,0
WBGene00049535.,0,0,0
WBGene00049536.,0,0,0
WBGene00049537.,0,0,0
WBGene00049538.,0,0,0
WBGene00049539.,0,3,3
WBGene00049540.,0,0,0
WBGene00049541.,0,0,0
WBGene00049542.,0,0,0
WBGene00049543.,0,0,0
WBGene00049544.,0,0,0
WBGene00049545.,0,0,0
WBGene00049546.,0,0,0
WBGene00049547.,0,0,0
WBGene00049548.,0,0,0
WBGene00049549.,0,1,1
WBGene00049550.,0,0,0
WBGene00049551.,0,0,0
WBGene00049552.,0,0,0
WBGene00049553.,0,0,0
WBGene00049554.,0,0,0
WBGene00049555.,0,0,0
WBGene00049556.,0,0,0
WBGene00049557.,0,2,2
WBGene00049558.,0,0,0
WBGene00049559.,0,0,0
WBGene00049560.,0,0,0
WBGene00049561.,0,0,0
WBGene00049562.,0,5,5
WBGene00049563.,0,0,0
WBGene00049564.,0,2,2
WBGene00049565.,0,0,0
WBGene00049566.,0,1,1
WBGene00049567.,0,0,0
WBGene00049568.,0,0,0
WBGene00049569.,0,1,1
WBGene00049570.,0,0,0
WBGene00049571.,0,0,0
WBGene00049572.,0,0,0
WBGene00049573.,0,0,0
WBGene00049574.,0,0,0
WBGene00049575.,0,0,0
WBGene00049576.,0,0,0
WBGene00049577.,0,0,0
WBGene00049578.,0,1,1
WBGene00049579.,0,0,0
WBGene00049580.,0,0,0
WBGene00049581.,0,0,0
WBGene00049582.,0,0,0
WBGene00049583.,0,0,0
WBGene00049584.,0,0,0
WBGene00049585.,0,0,0
WBGene00049586.,0,1,1
WBGene00049587.,0,1,1
WBGene00049588.,0,1,1
WBGene00049589.,0,0,0
WBGene00049590.,0,1,1
WBGene00049591.,0,1,1
WBGene00049592.,0,0,0
WBGene00049593.,0,0,0
WBGene00049594.,0,0,0
WBGene00049595.,0,0,0
WBGene00049596.,0,0,0
WBGene00049597.,0,0,0
WBGene00049598.,0,1,1
WBGene00049599.,0,0,0
WBGene00049600.,0,0,0
WBGene00049601.,0,11,11
WBGene00049602.,0,0,0
WBGene00049603.,0,0,0
WBGene00049604.,0,13,13
WBGene00049605.,0,0,0
WBGene00049606.,0,3,3
WBGene00049607.,0,0,0
WBGene00049608.,0,0,0
WBGene00049609.,0,1,1
WBGene00049610.,0,0,0
WBGene00049611.,0,0,0
WBGene00049612.,0,1,1
WBGene00049613.,0,0,0
WBGene00049614.,0,0,0
WBGene00049615.,0,4,4
WBGene00049616.,0,3,3
WBGene00049617.,0,0,0
WBGene00049618.,0,1,1
WBGene00049619.,0,0,0
WBGene00049620.,0,0,0
WBGene00049621.,0,0,0
WBGene00049622.,0,0,0
WBGene00049623.,0,0,0
WBGene00049624.,0,0,0
WBGene00049625.,0,0,0
WBGene00049626.,0,0,0
WBGene00049627.,0,0,0
WBGene00049628.,0,0,0
WBGene00049629.,0,0,0
WBGene00049630.,0,6,6
WBGene00049631.,0,0,0
WBGene00049632.,0,0,0
WBGene00049633.,0,0,0
WBGene00049634.,0,0,0
WBGene00049635.,0,4,4
WBGene00049636.,0,0,0
WBGene00049637.,0,0,0
WBGene00049638.,0,0,0
WBGene00049639.,0,0,0
WBGene00049640.,0,0,0
WBGene00049641.,0,1,1
WBGene00049642.,0,0,0
WBGene00049643.,0,0,0
WBGene00049644.,0,1,1
WBGene00049645.,0,0,0
WBGene00049646.,0,0,0
WBGene00049647.,0,0,0
WBGene00049648.,0,0,0
WBGene00049649.,0,0,0
WBGene00049650.,0,0,0
WBGene00049651.,0,0,0
WBGene00049652.,0,0,0
WBGene00049653.,0,4,4
WBGene00049654.,0,0,0
WBGene00049655.,0,4,4
WBGene00049656.,0,2,2
WBGene00049657.,0,0,0
WBGene00049658.,0,0,0
WBGene00049659.,0,0,0
WBGene00049660.,0,0,0
WBGene00049661.,0,1,1
WBGene00049662.,0,0,0
WBGene00049663.,0,0,0
WBGene00049664.,0,0,0
WBGene00049665.,0,0,0
WBGene00049666.,0,0,0
WBGene00049667.,0,4,4
WBGene00049668.,0,0,0
WBGene00049669.,0,0,0
WBGene00049670.,0,0,0
WBGene00049671.,0,1,1
WBGene00049672.,0,0,0
WBGene00049673.,0,0,0
WBGene00049674.,0,0,0
WBGene00049675.,0,0,0
WBGene00049676.,0,0,0
WBGene00049677.,0,0,0
WBGene00049678.,0,1,1
WBGene00049679.,0,2,2
WBGene00049680.,0,33,33
WBGene00049681.,0,0,0
WBGene00049682.,0,0,0
WBGene00049683.,0,0,0
WBGene00049684.,0,0,0
WBGene00049685.,0,0,0
WBGene00049686.,0,0,0
WBGene00049687.,0,0,0
WBGene00049688.,0,0,0
WBGene00049689.,0,0,0
WBGene00049690.,0,0,0
WBGene00049691.,0,0,0
WBGene00049692.,0,0,0
WBGene00049693.,0,0,0
WBGene00049694.,0,3,3
WBGene00049695.,0,0,0
WBGene00049696.,0,1,1
WBGene00049697.,0,0,0
WBGene00049698.,0,0,0
WBGene00049699.,0,2,2
WBGene00049700.,0,1,1
WBGene00049701.,0,0,0
WBGene00049702.,0,0,0
WBGene00049703.,0,4,4
WBGene00049704.,0,2,2
WBGene00049705.,0,0,0
WBGene00049706.,0,6,6
WBGene00049707.,0,0,0
WBGene00049708.,0,0,0
WBGene00049709.,0,0,0
WBGene00049710.,0,1,1
WBGene00049711.,0,0,0
WBGene00049712.,0,0,0
WBGene00049713.,0,0,0
WBGene00049714.,0,1,1
WBGene00049715.,0,1,1
WBGene00049716.,0,0,0
WBGene00049717.,0,0,0
WBGene00049718.,0,0,0
WBGene00049719.,0,0,0
WBGene00049720.,0,0,0
WBGene00049721.,0,0,0
WBGene00049722.,0,0,0
WBGene00049723.,0,0,0
WBGene00049724.,0,0,0
WBGene00049725.,0,0,0
WBGene00049726.,0,0,0
WBGene00049727.,0,0,0
WBGene00049728.,0,0,0
WBGene00049729.,0,1,1
WBGene00049730.,0,0,0
WBGene00049731.,0,0,0
WBGene00049732.,0,2,2
WBGene00049733.,0,0,0
WBGene00049734.,0,0,0
WBGene00049735.,0,0,0
WBGene00049736.,0,0,0
WBGene00049737.,0,7,7
WBGene00049738.,0,0,0
WBGene00049739.,0,0,0
WBGene00049740.,0,0,0
WBGene00049741.,0,0,0
WBGene00049742.,0,0,0
WBGene00049743.,0,0,0
WBGene00049744.,0,0,0
WBGene00049745.,0,0,0
WBGene00049746.,0,0,0
WBGene00049747.,0,0,0
WBGene00049748.,0,0,0
WBGene00049749.,0,0,0
WBGene00049750.,0,0,0
WBGene00049751.,0,0,0
WBGene00049752.,0,0,0
WBGene00049753.,0,0,0
WBGene00049754.,0,0,0
WBGene00049755.,0,0,0
WBGene00049756.,0,0,0
WBGene00049757.,0,0,0
WBGene00049758.,0,0,0
WBGene00049759.,0,0,0
WBGene00049760.,0,0,0
WBGene00049761.,0,0,0
WBGene00049762.,0,0,0
WBGene00049763.,0,0,0
WBGene00049764.,0,0,0
WBGene00049765.,0,0,0
WBGene00049766.,0,1,1
WBGene00049767.,0,0,0
WBGene00049768.,0,0,0
WBGene00049769.,0,0,0
WBGene00049770.,0,0,0
WBGene00049771.,0,0,0
WBGene00049772.,0,0,0
WBGene00049773.,0,0,0
WBGene00049774.,0,0,0
WBGene00049775.,0,0,0
WBGene00049776.,0,1,1
WBGene00049777.,0,0,0
WBGene00049778.,0,0,0
WBGene00049779.,0,0,0
WBGene00049780.,0,0,0
WBGene00049781.,0,0,0
WBGene00049782.,0,0,0
WBGene00049783.,0,0,0
WBGene00049784.,0,1,1
WBGene00049785.,0,2,2
WBGene00049786.,0,0,0
WBGene00049787.,0,0,0
WBGene00049788.,0,1,1
WBGene00049789.,0,0,0
WBGene00049790.,0,0,0
WBGene00049791.,0,0,0
WBGene00049792.,0,0,0
WBGene00049793.,0,1,1
WBGene00049794.,0,1,1
WBGene00049795.,0,0,0
WBGene00049796.,0,0,0
WBGene00049797.,0,0,0
WBGene00049798.,0,0,0
WBGene00049799.,0,0,0
WBGene00049800.,0,0,0
WBGene00049801.,0,0,0
WBGene00049802.,0,0,0
WBGene00049803.,0,0,0
WBGene00049804.,0,1,1
WBGene00049805.,0,0,0
WBGene00049806.,0,2,2
WBGene00049807.,0,0,0
WBGene00049808.,0,0,0
WBGene00049809.,0,0,0
WBGene00049810.,0,0,0
WBGene00049811.,0,0,0
WBGene00049812.,0,3,3
WBGene00049813.,0,0,0
WBGene00049814.,0,0,0
WBGene00049815.,0,0,0
WBGene00049816.,0,0,0
WBGene00049817.,0,0,0
WBGene00049818.,0,0,0
WBGene00049819.,0,0,0
WBGene00049820.,0,0,0
WBGene00049821.,0,0,0
WBGene00049822.,0,2,2
WBGene00049823.,0,1,1
WBGene00049824.,0,0,0
WBGene00049825.,0,0,0
WBGene00049826.,0,0,0
WBGene00049827.,0,1,1
WBGene00049828.,0,0,0
WBGene00049829.,0,0,0
WBGene00049830.,0,0,0
WBGene00049831.,0,1,1
WBGene00049832.,0,0,0
WBGene00049833.,0,1,1
WBGene00049834.,0,0,0
WBGene00049835.,0,0,0
WBGene00049836.,0,0,0
WBGene00049837.,0,0,0
WBGene00049838.,0,0,0
WBGene00049839.,0,4,4
WBGene00049840.,0,0,0
WBGene00049841.,0,0,0
WBGene00049842.,0,0,0
WBGene00049843.,0,0,0
WBGene00049844.,0,0,0
WBGene00049845.,0,0,0
WBGene00049846.,0,1,1
WBGene00049847.,0,0,0
WBGene00049848.,0,0,0
WBGene00049849.,0,0,0
WBGene00049850.,0,1,1
WBGene00049851.,0,0,0
WBGene00049852.,0,0,0
WBGene00049853.,0,1,1
WBGene00049854.,0,1,1
WBGene00049855.,0,0,0
WBGene00049856.,0,0,0
WBGene00049857.,0,0,0
WBGene00049858.,0,0,0
WBGene00049859.,0,0,0
WBGene00049860.,0,0,0
WBGene00049861.,0,1,1
WBGene00049862.,0,0,0
WBGene00049863.,0,0,0
WBGene00049864.,0,0,0
WBGene00049865.,0,0,0
WBGene00049866.,0,0,0
WBGene00049867.,0,1,1
WBGene00049868.,0,0,0
WBGene00049869.,0,0,0
WBGene00049870.,0,0,0
WBGene00049871.,0,0,0
WBGene00049872.,0,0,0
WBGene00049873.,0,0,0
WBGene00049874.,0,0,0
WBGene00049875.,0,3,3
WBGene00049876.,0,0,0
WBGene00049877.,0,0,0
WBGene00049878.,0,0,0
WBGene00049879.,0,0,0
WBGene00049880.,0,0,0
WBGene00049881.,0,0,0
WBGene00049882.,0,1,1
WBGene00049883.,0,0,0
WBGene00049884.,0,0,0
WBGene00049885.,0,0,0
WBGene00049886.,0,2,2
WBGene00049887.,0,0,0
WBGene00049888.,0,0,0
WBGene00049889.,0,1,1
WBGene00049890.,0,0,0
WBGene00049891.,0,0,0
WBGene00049892.,0,0,0
WBGene00049893.,0,0,0
WBGene00049894.,0,0,0
WBGene00049895.,0,2,2
WBGene00049896.,0,0,0
WBGene00049897.,0,2,2
WBGene00049898.,0,3,3
WBGene00049899.,0,0,0
WBGene00049900.,0,0,0
WBGene00049901.,0,0,0
WBGene00049902.,0,0,0
WBGene00049903.,0,0,0
WBGene00049904.,0,0,0
WBGene00049905.,0,0,0
WBGene00049906.,0,1,1
WBGene00049907.,0,0,0
WBGene00049908.,0,0,0
WBGene00049909.,0,0,0
WBGene00049910.,0,0,0
WBGene00049911.,0,0,0
WBGene00049912.,0,0,0
WBGene00049913.,0,0,0
WBGene00049914.,0,0,0
WBGene00049915.,0,0,0
WBGene00049916.,0,0,0
WBGene00049917.,0,0,0
WBGene00049918.,0,0,0
WBGene00049919.,0,0,0
WBGene00049920.,0,3,3
WBGene00049921.,0,0,0
WBGene00049922.,0,0,0
WBGene00049923.,0,1,1
WBGene00049924.,0,0,0
WBGene00049925.,0,0,0
WBGene00049926.,0,0,0
WBGene00049927.,0,0,0
WBGene00049928.,0,0,0
WBGene00049929.,0,0,0
WBGene00049930.,0,0,0
WBGene00049931.,0,0,0
WBGene00049932.,0,0,0
WBGene00049933.,0,19,19
WBGene00049934.,0,2,2
WBGene00049935.,0,0,0
WBGene00049936.,0,0,0
WBGene00049937.,0,0,0
WBGene00049938.,0,0,0
WBGene00049939.,0,0,0
WBGene00049940.,0,0,0
WBGene00049941.,0,0,0
WBGene00049942.,0,2,2
WBGene00049943.,0,0,0
WBGene00049944.,0,1,1
WBGene00049945.,0,0,0
WBGene00049946.,0,4,4
WBGene00049947.,0,2,2
WBGene00049948.,0,0,0
WBGene00049949.,0,0,0
WBGene00049950.,0,0,0
WBGene00049951.,0,0,0
WBGene00049952.,0,0,0
WBGene00049953.,0,0,0
WBGene00049954.,0,0,0
WBGene00049955.,0,0,0
WBGene00049956.,0,0,0
WBGene00049957.,0,0,0
WBGene00049958.,0,3,3
WBGene00049959.,0,0,0
WBGene00049960.,0,4,4
WBGene00049961.,0,0,0
WBGene00049962.,0,0,0
WBGene00049963.,0,0,0
WBGene00049964.,0,0,0
WBGene00049965.,0,0,0
WBGene00049966.,0,0,0
WBGene00049967.,0,0,0
WBGene00049968.,0,5,5
WBGene00049969.,0,0,0
WBGene00049970.,0,0,0
WBGene00049971.,0,1,1
WBGene00049972.,0,0,0
WBGene00049973.,0,0,0
WBGene00049974.,0,0,0
WBGene00049975.,0,0,0
WBGene00049976.,0,0,0
WBGene00049977.,0,3,3
WBGene00049978.,0,0,0
WBGene00049979.,0,0,0
WBGene00049980.,0,0,0
WBGene00049981.,0,0,0
WBGene00049982.,0,0,0
WBGene00049983.,0,0,0
WBGene00049984.,0,0,0
WBGene00049985.,0,8,8
WBGene00049986.,0,0,0
WBGene00049987.,0,0,0
WBGene00049988.,0,0,0
WBGene00049989.,0,0,0
WBGene00049990.,0,0,0
WBGene00049991.,0,0,0
WBGene00049992.,0,0,0
WBGene00049993.,0,0,0
WBGene00049994.,0,0,0
WBGene00049995.,0,0,0
WBGene00049996.,0,0,0
WBGene00049997.,0,0,0
WBGene00049998.,0,1,1
WBGene00049999.,0,0,0
WBGene00050000.,0,0,0
WBGene00050001.,0,0,0
WBGene00050002.,0,0,0
WBGene00050003.,0,0,0
WBGene00050004.,0,0,0
WBGene00050005.,0,0,0
WBGene00050006.,0,1,1
WBGene00050007.,0,0,0
WBGene00050008.,0,0,0
WBGene00050009.,0,4,4
WBGene00050010.,0,0,0
WBGene00050011.,0,0,0
WBGene00050012.,0,0,0
WBGene00050013.,0,0,0
WBGene00050014.,0,0,0
WBGene00050015.,0,1,1
WBGene00050016.,0,0,0
WBGene00050017.,0,0,0
WBGene00050018.,0,0,0
WBGene00050019.,0,0,0
WBGene00050020.,0,0,0
WBGene00050021.,0,0,0
WBGene00050022.,0,2,2
WBGene00050023.,0,0,0
WBGene00050024.,0,0,0
WBGene00050025.,0,1,1
WBGene00050026.,0,0,0
WBGene00050027.,0,0,0
WBGene00050028.,0,2,2
WBGene00050029.,0,0,0
WBGene00050030.,0,5,5
WBGene00050031.,0,0,0
WBGene00050032.,0,0,0
WBGene00050033.,0,0,0
WBGene00050034.,0,0,0
WBGene00050035.,0,0,0
WBGene00050036.,0,0,0
WBGene00050037.,0,0,0
WBGene00050038.,0,0,0
WBGene00050039.,0,0,0
WBGene00050040.,0,0,0
WBGene00050041.,0,0,0
WBGene00050042.,0,0,0
WBGene00050043.,0,0,0
WBGene00050044.,0,0,0
WBGene00050045.,0,0,0
WBGene00050046.,0,0,0
WBGene00050047.,0,0,0
WBGene00050048.,0,0,0
WBGene00050049.,0,0,0
WBGene00050050.,0,0,0
WBGene00050051.,0,0,0
WBGene00050052.,0,0,0
WBGene00050053.,0,0,0
WBGene00050054.,0,0,0
WBGene00050055.,0,0,0
WBGene00050056.,0,0,0
WBGene00050057.,0,0,0
WBGene00050058.,0,0,0
WBGene00050059.,0,0,0
WBGene00050060.,0,0,0
WBGene00050061.,0,0,0
WBGene00050062.,0,0,0
WBGene00050063.,0,0,0
WBGene00050064.,0,0,0
WBGene00050065.,0,0,0
WBGene00050066.,0,0,0
WBGene00050067.,0,0,0
WBGene00050068.,0,0,0
WBGene00050069.,0,0,0
WBGene00050070.,0,2,2
WBGene00050071.,0,0,0
WBGene00050072.,0,0,0
WBGene00050073.,0,0,0
WBGene00050074.,0,0,0
WBGene00050075.,0,0,0
WBGene00050076.,0,0,0
WBGene00050077.,0,3,3
WBGene00050078.,0,0,0
WBGene00050079.,0,0,0
WBGene00050080.,0,0,0
WBGene00050081.,0,0,0
WBGene00050082.,0,0,0
WBGene00050083.,0,0,0
WBGene00050084.,0,0,0
WBGene00050085.,0,0,0
WBGene00050086.,0,0,0
WBGene00050087.,0,0,0
WBGene00050088.,0,0,0
WBGene00050089.,0,0,0
WBGene00050090.,0,0,0
WBGene00050091.,0,0,0
WBGene00050092.,0,0,0
WBGene00050093.,0,0,0
WBGene00050094.,0,1,1
WBGene00050095.,0,0,0
WBGene00050096.,0,1,1
WBGene00050097.,0,2,2
WBGene00050098.,0,0,0
WBGene00050099.,0,1,1
WBGene00050100.,0,1,1
WBGene00050101.,0,0,0
WBGene00050102.,0,0,0
WBGene00050103.,0,0,0
WBGene00050104.,0,0,0
WBGene00050105.,0,0,0
WBGene00050106.,0,0,0
WBGene00050107.,0,0,0
WBGene00050108.,0,0,0
WBGene00050109.,0,0,0
WBGene00050110.,0,0,0
WBGene00050111.,0,0,0
WBGene00050112.,0,0,0
WBGene00050113.,0,0,0
WBGene00050114.,0,0,0
WBGene00050115.,0,0,0
WBGene00050116.,0,0,0
WBGene00050117.,0,0,0
WBGene00050118.,0,0,0
WBGene00050119.,0,0,0
WBGene00050120.,0,3,3
WBGene00050121.,0,0,0
WBGene00050122.,0,2,2
WBGene00050123.,0,0,0
WBGene00050124.,0,0,0
WBGene00050125.,0,0,0
WBGene00050126.,0,0,0
WBGene00050127.,0,0,0
WBGene00050128.,0,0,0
WBGene00050129.,0,0,0
WBGene00050130.,0,0,0
WBGene00050131.,0,0,0
WBGene00050132.,0,0,0
WBGene00050133.,0,1,1
WBGene00050134.,0,0,0
WBGene00050135.,0,0,0
WBGene00050136.,0,9,9
WBGene00050137.,0,0,0
WBGene00050138.,0,0,0
WBGene00050139.,0,0,0
WBGene00050140.,0,0,0
WBGene00050141.,0,0,0
WBGene00050142.,0,0,0
WBGene00050143.,0,0,0
WBGene00050144.,0,0,0
WBGene00050145.,0,0,0
WBGene00050146.,0,0,0
WBGene00050147.,0,1,1
WBGene00050148.,0,0,0
WBGene00050149.,0,0,0
WBGene00050150.,0,0,0
WBGene00050151.,0,0,0
WBGene00050152.,0,0,0
WBGene00050153.,0,0,0
WBGene00050154.,0,0,0
WBGene00050155.,0,0,0
WBGene00050156.,0,1,1
WBGene00050157.,0,0,0
WBGene00050158.,0,0,0
WBGene00050159.,0,1,1
WBGene00050160.,0,0,0
WBGene00050161.,0,1,1
WBGene00050162.,0,4,4
WBGene00050163.,0,0,0
WBGene00050164.,0,0,0
WBGene00050165.,0,0,0
WBGene00050166.,0,0,0
WBGene00050167.,0,0,0
WBGene00050168.,0,0,0
WBGene00050169.,0,0,0
WBGene00050170.,0,0,0
WBGene00050171.,0,0,0
WBGene00050172.,0,0,0
WBGene00050173.,0,0,0
WBGene00050174.,0,0,0
WBGene00050175.,0,0,0
WBGene00050176.,0,0,0
WBGene00050177.,0,2,2
WBGene00050178.,0,1,1
WBGene00050179.,0,6,6
WBGene00050180.,0,0,0
WBGene00050181.,0,0,0
WBGene00050182.,0,0,0
WBGene00050183.,0,0,0
WBGene00050184.,0,0,0
WBGene00050185.,0,0,0
WBGene00050186.,0,0,0
WBGene00050187.,0,0,0
WBGene00050188.,0,0,0
WBGene00050189.,0,0,0
WBGene00050190.,0,2,2
WBGene00050191.,0,8,8
WBGene00050192.,0,0,0
WBGene00050193.,0,0,0
WBGene00050194.,0,2,2
WBGene00050195.,0,0,0
WBGene00050196.,0,0,0
WBGene00050197.,0,3,3
WBGene00050198.,0,2,2
WBGene00050199.,0,0,0
WBGene00050200.,0,0,0
WBGene00050201.,0,0,0
WBGene00050202.,0,0,0
WBGene00050203.,0,0,0
WBGene00050204.,0,0,0
WBGene00050205.,0,0,0
WBGene00050206.,0,2,2
WBGene00050207.,0,0,0
WBGene00050208.,0,0,0
WBGene00050209.,0,0,0
WBGene00050210.,0,0,0
WBGene00050211.,0,0,0
WBGene00050212.,0,0,0
WBGene00050213.,0,0,0
WBGene00050214.,0,0,0
WBGene00050215.,0,1,1
WBGene00050216.,0,0,0
WBGene00050217.,0,1,1
WBGene00050218.,0,0,0
WBGene00050219.,0,0,0
WBGene00050220.,0,0,0
WBGene00050221.,0,0,0
WBGene00050222.,0,0,0
WBGene00050223.,0,0,0
WBGene00050224.,0,0,0
WBGene00050225.,0,0,0
WBGene00050226.,0,0,0
WBGene00050227.,0,0,0
WBGene00050228.,0,0,0
WBGene00050229.,0,0,0
WBGene00050230.,0,5,5
WBGene00050231.,0,0,0
WBGene00050232.,0,0,0
WBGene00050233.,0,0,0
WBGene00050234.,0,2,2
WBGene00050235.,0,0,0
WBGene00050236.,0,0,0
WBGene00050237.,0,0,0
WBGene00050238.,0,0,0
WBGene00050239.,0,0,0
WBGene00050240.,0,0,0
WBGene00050241.,0,0,0
WBGene00050242.,0,0,0
WBGene00050243.,0,3,3
WBGene00050244.,0,2,2
WBGene00050245.,0,0,0
WBGene00050246.,0,0,0
WBGene00050247.,0,0,0
WBGene00050248.,0,0,0
WBGene00050249.,0,3,3
WBGene00050250.,0,0,0
WBGene00050251.,0,1,1
WBGene00050252.,0,8,8
WBGene00050253.,0,0,0
WBGene00050254.,0,0,0
WBGene00050255.,0,0,0
WBGene00050256.,0,0,0
WBGene00050257.,0,0,0
WBGene00050258.,0,0,0
WBGene00050259.,0,0,0
WBGene00050260.,0,7,7
WBGene00050261.,0,0,0
WBGene00050262.,0,0,0
WBGene00050263.,0,0,0
WBGene00050264.,0,0,0
WBGene00050265.,0,0,0
WBGene00050266.,0,0,0
WBGene00050267.,0,0,0
WBGene00050268.,0,0,0
WBGene00050269.,0,0,0
WBGene00050270.,0,0,0
WBGene00050271.,0,0,0
WBGene00050272.,0,0,0
WBGene00050273.,0,1,1
WBGene00050274.,0,0,0
WBGene00050275.,0,1,1
WBGene00050276.,0,0,0
WBGene00050277.,0,2,2
WBGene00050278.,0,5,5
WBGene00050279.,0,0,0
WBGene00050280.,0,0,0
WBGene00050281.,0,1,1
WBGene00050282.,0,0,0
WBGene00050283.,0,0,0
WBGene00050284.,0,0,0
WBGene00050285.,0,0,0
WBGene00050286.,0,0,0
WBGene00050287.,0,8,8
WBGene00050288.,0,7,7
WBGene00050289.,0,0,0
WBGene00050290.,0,0,0
WBGene00050291.,0,1,1
WBGene00050292.,0,1,1
WBGene00050293.,0,0,0
WBGene00050294.,0,0,0
WBGene00050295.,0,0,0
WBGene00050296.,0,0,0
WBGene00050297.,0,2,2
WBGene00050298.,0,1,1
WBGene00050299.,0,1,1
WBGene00050300.,0,0,0
WBGene00050301.,0,0,0
WBGene00050302.,0,11,11
WBGene00050303.,0,0,0
WBGene00050304.,0,2,2
WBGene00050305.,0,0,0
WBGene00050306.,0,0,0
WBGene00050307.,0,0,0
WBGene00050308.,0,0,0
WBGene00050309.,0,0,0
WBGene00050310.,0,0,0
WBGene00050311.,0,0,0
WBGene00050312.,0,0,0
WBGene00050313.,0,4,4
WBGene00050314.,0,0,0
WBGene00050315.,0,0,0
WBGene00050316.,0,0,0
WBGene00050317.,0,0,0
WBGene00050318.,0,0,0
WBGene00050319.,0,0,0
WBGene00050320.,0,2,2
WBGene00050321.,0,0,0
WBGene00050322.,0,0,0
WBGene00050323.,0,0,0
WBGene00050324.,0,0,0
WBGene00050325.,0,0,0
WBGene00050326.,0,0,0
WBGene00050327.,0,0,0
WBGene00050328.,0,0,0
WBGene00050329.,0,1,1
WBGene00050330.,0,1,1
WBGene00050331.,0,0,0
WBGene00050332.,0,0,0
WBGene00050333.,0,0,0
WBGene00050334.,0,0,0
WBGene00050335.,0,1,1
WBGene00050336.,0,0,0
WBGene00050337.,0,0,0
WBGene00050338.,0,0,0
WBGene00050339.,0,1,1
WBGene00050340.,0,0,0
WBGene00050341.,0,0,0
WBGene00050342.,0,0,0
WBGene00050343.,0,0,0
WBGene00050344.,0,0,0
WBGene00050345.,0,0,0
WBGene00050346.,0,0,0
WBGene00050347.,0,0,0
WBGene00050348.,0,0,0
WBGene00050349.,0,0,0
WBGene00050350.,0,2,2
WBGene00050351.,0,0,0
WBGene00050352.,0,0,0
WBGene00050353.,0,0,0
WBGene00050354.,0,0,0
WBGene00050355.,0,0,0
WBGene00050356.,0,2,2
WBGene00050357.,0,0,0
WBGene00050358.,0,0,0
WBGene00050359.,0,0,0
WBGene00050360.,0,0,0
WBGene00050361.,0,0,0
WBGene00050362.,0,0,0
WBGene00050363.,0,0,0
WBGene00050364.,0,0,0
WBGene00050365.,0,0,0
WBGene00050366.,0,0,0
WBGene00050367.,0,0,0
WBGene00050368.,0,0,0
WBGene00050369.,0,0,0
WBGene00050370.,0,0,0
WBGene00050371.,0,2,2
WBGene00050372.,0,0,0
WBGene00050373.,0,0,0
WBGene00050374.,0,0,0
WBGene00050375.,0,0,0
WBGene00050376.,0,0,0
WBGene00050377.,0,0,0
WBGene00050378.,0,0,0
WBGene00050379.,0,0,0
WBGene00050380.,0,0,0
WBGene00050381.,0,0,0
WBGene00050382.,0,0,0
WBGene00050383.,0,0,0
WBGene00050384.,0,0,0
WBGene00050385.,0,0,0
WBGene00050386.,0,0,0
WBGene00050387.,0,3,3
WBGene00050388.,0,0,0
WBGene00050389.,0,0,0
WBGene00050390.,0,0,0
WBGene00050391.,0,0,0
WBGene00050392.,0,0,0
WBGene00050393.,0,0,0
WBGene00050394.,0,0,0
WBGene00050395.,0,0,0
WBGene00050396.,0,0,0
WBGene00050397.,0,0,0
WBGene00050398.,0,0,0
WBGene00050399.,0,0,0
WBGene00050400.,0,0,0
WBGene00050401.,0,0,0
WBGene00050402.,0,0,0
WBGene00050403.,0,0,0
WBGene00050404.,0,0,0
WBGene00050405.,0,0,0
WBGene00050406.,0,0,0
WBGene00050407.,0,0,0
WBGene00050408.,0,1,1
WBGene00050409.,0,2,2
WBGene00050410.,0,3,3
WBGene00050411.,0,0,0
WBGene00050412.,0,0,0
WBGene00050413.,0,0,0
WBGene00050414.,0,1,1
WBGene00050415.,0,0,0
WBGene00050416.,0,0,0
WBGene00050417.,0,0,0
WBGene00050418.,0,0,0
WBGene00050419.,0,0,0
WBGene00050420.,0,1,1
WBGene00050421.,0,0,0
WBGene00050422.,0,0,0
WBGene00050423.,0,1,1
WBGene00050424.,0,1,1
WBGene00050425.,0,0,0
WBGene00050426.,0,0,0
WBGene00050427.,0,0,0
WBGene00050428.,0,1,1
WBGene00050429.,0,0,0
WBGene00050430.,0,0,0
WBGene00050431.,0,0,0
WBGene00050432.,0,0,0
WBGene00050433.,0,1,1
WBGene00050434.,0,1,1
WBGene00050435.,0,0,0
WBGene00050436.,0,0,0
WBGene00050437.,0,0,0
WBGene00050438.,0,0,0
WBGene00050439.,0,0,0
WBGene00050440.,0,0,0
WBGene00050441.,0,0,0
WBGene00050442.,0,0,0
WBGene00050443.,0,0,0
WBGene00050444.,0,0,0
WBGene00050445.,0,0,0
WBGene00050446.,0,0,0
WBGene00050447.,0,2,2
WBGene00050448.,0,0,0
WBGene00050449.,0,0,0
WBGene00050450.,0,0,0
WBGene00050451.,0,10,10
WBGene00050452.,0,0,0
WBGene00050453.,0,1,1
WBGene00050454.,0,0,0
WBGene00050455.,0,0,0
WBGene00050456.,0,2,2
WBGene00050457.,0,0,0
WBGene00050458.,0,0,0
WBGene00050459.,0,1,1
WBGene00050460.,0,0,0
WBGene00050461.,0,21,21
WBGene00050462.,0,0,0
WBGene00050463.,0,0,0
WBGene00050464.,0,0,0
WBGene00050465.,0,0,0
WBGene00050466.,0,0,0
WBGene00050467.,0,10,10
WBGene00050468.,0,1,1
WBGene00050469.,0,0,0
WBGene00050470.,0,0,0
WBGene00050471.,0,0,0
WBGene00050472.,0,8,8
WBGene00050473.,0,0,0
WBGene00050474.,0,2,2
WBGene00050475.,0,0,0
WBGene00050476.,0,0,0
WBGene00050477.,0,0,0
WBGene00050478.,0,0,0
WBGene00050479.,0,0,0
WBGene00050480.,0,2,2
WBGene00050481.,0,0,0
WBGene00050482.,0,0,0
WBGene00050483.,0,1,1
WBGene00050484.,0,0,0
WBGene00050485.,0,0,0
WBGene00050486.,0,0,0
WBGene00050487.,0,0,0
WBGene00050488.,0,0,0
WBGene00050489.,0,0,0
WBGene00050490.,0,1,1
WBGene00050491.,0,0,0
WBGene00050492.,0,0,0
WBGene00050493.,0,0,0
WBGene00050494.,0,0,0
WBGene00050495.,0,0,0
WBGene00050496.,0,0,0
WBGene00050497.,0,2,2
WBGene00050498.,0,1,1
WBGene00050499.,0,0,0
WBGene00050500.,0,0,0
WBGene00050501.,0,0,0
WBGene00050502.,0,0,0
WBGene00050503.,0,0,0
WBGene00050504.,0,0,0
WBGene00050505.,0,0,0
WBGene00050506.,0,1,1
WBGene00050507.,0,1,1
WBGene00050508.,0,0,0
WBGene00050509.,0,0,0
WBGene00050510.,0,0,0
WBGene00050511.,0,1,1
WBGene00050512.,0,0,0
WBGene00050513.,0,0,0
WBGene00050514.,0,0,0
WBGene00050515.,0,0,0
WBGene00050516.,0,8,8
WBGene00050517.,0,0,0
WBGene00050518.,0,0,0
WBGene00050519.,0,0,0
WBGene00050520.,0,0,0
WBGene00050521.,0,1,1
WBGene00050522.,0,0,0
WBGene00050523.,0,0,0
WBGene00050524.,0,0,0
WBGene00050525.,0,0,0
WBGene00050526.,0,0,0
WBGene00050527.,0,10,10
WBGene00050528.,0,0,0
WBGene00050529.,0,0,0
WBGene00050530.,0,0,0
WBGene00050531.,0,0,0
WBGene00050532.,0,0,0
WBGene00050533.,0,0,0
WBGene00050534.,0,0,0
WBGene00050535.,0,0,0
WBGene00050536.,0,0,0
WBGene00050537.,0,0,0
WBGene00050538.,0,0,0
WBGene00050539.,0,0,0
WBGene00050540.,0,0,0
WBGene00050541.,0,0,0
WBGene00050542.,0,4,4
WBGene00050543.,0,0,0
WBGene00050544.,0,0,0
WBGene00050545.,0,0,0
WBGene00050546.,0,0,0
WBGene00050547.,0,0,0
WBGene00050548.,0,0,0
WBGene00050549.,0,0,0
WBGene00050550.,0,0,0
WBGene00050551.,0,1,1
WBGene00050552.,0,0,0
WBGene00050553.,0,0,0
WBGene00050554.,0,0,0
WBGene00050555.,0,0,0
WBGene00050556.,0,0,0
WBGene00050557.,0,0,0
WBGene00050558.,0,0,0
WBGene00050559.,0,0,0
WBGene00050560.,0,0,0
WBGene00050561.,0,0,0
WBGene00050562.,0,0,0
WBGene00050563.,0,0,0
WBGene00050564.,0,0,0
WBGene00050565.,0,1,1
WBGene00050566.,0,0,0
WBGene00050567.,0,0,0
WBGene00050568.,0,0,0
WBGene00050569.,0,0,0
WBGene00050570.,0,0,0
WBGene00050571.,0,3,3
WBGene00050572.,0,1,1
WBGene00050573.,0,1,1
WBGene00050574.,0,1,1
WBGene00050575.,0,0,0
WBGene00050576.,0,0,0
WBGene00050577.,0,0,0
WBGene00050578.,0,2,2
WBGene00050579.,0,0,0
WBGene00050580.,0,2,2
WBGene00050581.,0,0,0
WBGene00050582.,0,0,0
WBGene00050583.,0,0,0
WBGene00050584.,0,0,0
WBGene00050585.,0,0,0
WBGene00050586.,0,0,0
WBGene00050587.,0,0,0
WBGene00050588.,0,0,0
WBGene00050589.,0,1,1
WBGene00050590.,0,4,4
WBGene00050591.,0,0,0
WBGene00050592.,0,0,0
WBGene00050593.,0,1,1
WBGene00050594.,0,0,0
WBGene00050595.,0,0,0
WBGene00050596.,0,0,0
WBGene00050597.,0,0,0
WBGene00050598.,0,1,1
WBGene00050599.,0,0,0
WBGene00050600.,0,0,0
WBGene00050601.,0,0,0
WBGene00050602.,0,0,0
WBGene00050603.,0,0,0
WBGene00050604.,0,0,0
WBGene00050605.,0,0,0
WBGene00050606.,0,1,1
WBGene00050607.,0,0,0
WBGene00050608.,0,0,0
WBGene00050609.,0,0,0
WBGene00050610.,0,0,0
WBGene00050611.,0,0,0
WBGene00050612.,0,0,0
WBGene00050613.,0,0,0
WBGene00050614.,0,0,0
WBGene00050615.,0,0,0
WBGene00050616.,0,0,0
WBGene00050617.,0,1,1
WBGene00050618.,0,0,0
WBGene00050619.,0,0,0
WBGene00050620.,0,0,0
WBGene00050621.,0,0,0
WBGene00050622.,0,0,0
WBGene00050623.,0,0,0
WBGene00050624.,0,0,0
WBGene00050625.,0,2,2
WBGene00050626.,0,0,0
WBGene00050627.,0,1,1
WBGene00050628.,0,0,0
WBGene00050629.,0,0,0
WBGene00050630.,0,0,0
WBGene00050631.,0,0,0
WBGene00050632.,0,1,1
WBGene00050633.,0,0,0
WBGene00050634.,0,0,0
WBGene00050635.,0,0,0
WBGene00050636.,0,0,0
WBGene00050637.,0,0,0
WBGene00050638.,0,0,0
WBGene00050639.,0,0,0
WBGene00050640.,0,0,0
WBGene00050641.,0,0,0
WBGene00050642.,0,0,0
WBGene00050643.,0,0,0
WBGene00050644.,0,0,0
WBGene00050645.,0,0,0
WBGene00050646.,0,2,2
WBGene00050647.,0,4,4
WBGene00050648.,0,0,0
WBGene00050649.,0,0,0
WBGene00050650.,0,0,0
WBGene00050651.,0,0,0
WBGene00050652.,0,0,0
WBGene00050653.,0,6,6
WBGene00050654.,0,0,0
WBGene00050655.,0,0,0
WBGene00050656.,0,0,0
WBGene00050657.,0,0,0
WBGene00050658.,0,1,1
WBGene00050659.,0,0,0
WBGene00050660.,0,1,1
WBGene00050661.,0,1,1
WBGene00050662.,0,0,0
WBGene00050663.,0,0,0
WBGene00050664.,0,7,7
WBGene00050665.,0,0,0
WBGene00050666.,0,0,0
WBGene00050667.,0,0,0
WBGene00050668.,0,0,0
WBGene00050669.,0,0,0
WBGene00050670.,0,0,0
WBGene00050671.,0,0,0
WBGene00050672.,0,0,0
WBGene00050673.,0,1,1
WBGene00050674.,0,2,2
WBGene00050675.,0,2,2
WBGene00050676.,0,0,0
WBGene00050677.,0,0,0
WBGene00050678.,0,0,0
WBGene00050679.,0,0,0
WBGene00050680.,0,2,2
WBGene00050681.,0,1,1
WBGene00050682.,0,0,0
WBGene00050683.,0,1,1
WBGene00050684.,0,0,0
WBGene00050685.,0,2,2
WBGene00050686.,0,0,0
WBGene00050687.,0,1,1
WBGene00050688.,0,1,1
WBGene00050689.,0,0,0
WBGene00050690.,0,0,0
WBGene00050691.,0,0,0
WBGene00050692.,0,0,0
WBGene00050693.,0,0,0
WBGene00050694.,0,0,0
WBGene00050695.,0,0,0
WBGene00050696.,0,0,0
WBGene00050697.,0,0,0
WBGene00050698.,0,0,0
WBGene00050699.,0,0,0
WBGene00050700.,0,0,0
WBGene00050701.,0,0,0
WBGene00050702.,0,0,0
WBGene00050703.,0,0,0
WBGene00050704.,0,0,0
WBGene00050705.,0,0,0
WBGene00050706.,0,1,1
WBGene00050707.,0,2,2
WBGene00050708.,0,0,0
WBGene00050709.,0,0,0
WBGene00050710.,0,0,0
WBGene00050711.,0,0,0
WBGene00050712.,0,1,1
WBGene00050713.,0,1,1
WBGene00050714.,0,0,0
WBGene00050715.,0,0,0
WBGene00050716.,0,0,0
WBGene00050717.,0,0,0
WBGene00050718.,0,0,0
WBGene00050719.,0,0,0
WBGene00050720.,0,0,0
WBGene00050721.,0,0,0
WBGene00050722.,0,0,0
WBGene00050723.,0,0,0
WBGene00050724.,0,0,0
WBGene00050725.,0,0,0
WBGene00050726.,0,0,0
WBGene00050727.,0,0,0
WBGene00050728.,0,0,0
WBGene00050729.,0,4,4
WBGene00050730.,0,0,0
WBGene00050731.,0,1,1
WBGene00050732.,0,0,0
WBGene00050733.,0,1,1
WBGene00050734.,0,0,0
WBGene00050735.,0,3,3
WBGene00050736.,0,0,0
WBGene00050737.,0,0,0
WBGene00050738.,0,1,1
WBGene00050739.,0,0,0
WBGene00050740.,0,0,0
WBGene00050741.,0,1,1
WBGene00050742.,0,0,0
WBGene00050743.,0,0,0
WBGene00050744.,0,0,0
WBGene00050745.,0,0,0
WBGene00050746.,0,0,0
WBGene00050747.,0,0,0
WBGene00050748.,0,1,1
WBGene00050749.,0,0,0
WBGene00050750.,0,0,0
WBGene00050751.,0,1,1
WBGene00050752.,0,0,0
WBGene00050753.,0,0,0
WBGene00050754.,0,0,0
WBGene00050755.,0,0,0
WBGene00050756.,0,0,0
WBGene00050757.,0,0,0
WBGene00050758.,0,0,0
WBGene00050759.,0,0,0
WBGene00050760.,0,0,0
WBGene00050761.,0,0,0
WBGene00050762.,0,0,0
WBGene00050763.,0,0,0
WBGene00050764.,0,1,1
WBGene00050765.,0,0,0
WBGene00050766.,0,0,0
WBGene00050767.,0,1,1
WBGene00050768.,0,0,0
WBGene00050769.,0,0,0
WBGene00050770.,0,0,0
WBGene00050771.,0,0,0
WBGene00050772.,0,0,0
WBGene00050773.,0,0,0
WBGene00050774.,0,0,0
WBGene00050775.,0,0,0
WBGene00050776.,0,0,0
WBGene00050777.,0,0,0
WBGene00050778.,0,6,6
WBGene00050779.,0,0,0
WBGene00050780.,0,0,0
WBGene00050781.,0,0,0
WBGene00050782.,0,0,0
WBGene00050783.,0,0,0
WBGene00050784.,0,2,2
WBGene00050785.,0,0,0
WBGene00050786.,0,0,0
WBGene00050787.,0,2,2
WBGene00050788.,0,3,3
WBGene00050789.,0,1,1
WBGene00050790.,0,0,0
WBGene00050791.,0,1,1
WBGene00050792.,0,0,0
WBGene00050793.,0,0,0
WBGene00050794.,0,0,0
WBGene00050795.,0,0,0
WBGene00050796.,0,0,0
WBGene00050797.,0,0,0
WBGene00050798.,0,0,0
WBGene00050799.,0,2,2
WBGene00050800.,0,0,0
WBGene00050801.,0,1,1
WBGene00050802.,0,0,0
WBGene00050803.,0,0,0
WBGene00050804.,0,1,1
WBGene00050805.,0,0,0
WBGene00050806.,0,0,0
WBGene00050807.,0,0,0
WBGene00050808.,0,0,0
WBGene00050809.,0,0,0
WBGene00050810.,0,1,1
WBGene00050811.,0,0,0
WBGene00050812.,0,0,0
WBGene00050813.,0,0,0
WBGene00050814.,0,3,3
WBGene00050815.,0,0,0
WBGene00050816.,0,0,0
WBGene00050817.,0,0,0
WBGene00050818.,0,1,1
WBGene00050819.,0,0,0
WBGene00050820.,0,0,0
WBGene00050821.,0,0,0
WBGene00050822.,0,0,0
WBGene00050823.,0,0,0
WBGene00050824.,0,2,2
WBGene00050825.,0,70,70
WBGene00050826.,0,0,0
WBGene00050827.,0,0,0
WBGene00050828.,0,0,0
WBGene00050829.,0,2,2
WBGene00050830.,0,0,0
WBGene00050831.,0,0,0
WBGene00050832.,0,0,0
WBGene00050833.,0,0,0
WBGene00050834.,0,0,0
WBGene00050835.,0,0,0
WBGene00050836.,0,0,0
WBGene00050837.,0,3,3
WBGene00050838.,0,0,0
WBGene00050839.,0,0,0
WBGene00050840.,0,2,2
WBGene00050841.,0,0,0
WBGene00050842.,0,0,0
WBGene00050843.,0,0,0
WBGene00050844.,0,0,0
WBGene00050845.,0,0,0
WBGene00050846.,0,0,0
WBGene00050847.,0,0,0
WBGene00050848.,0,0,0
WBGene00050849.,0,1,1
WBGene00050850.,0,0,0
WBGene00050851.,0,0,0
WBGene00050852.,0,3,3
WBGene00050853.,0,0,0
WBGene00050854.,0,1,1
WBGene00050855.,0,0,0
WBGene00050856.,0,1,1
WBGene00050857.,0,0,0
WBGene00050858.,0,0,0
WBGene00050859.,0,0,0
WBGene00050860.,0,3,3
WBGene00050861.,0,0,0
WBGene00050862.,0,0,0
WBGene00050863.,0,0,0
WBGene00050864.,0,0,0
WBGene00050865.,0,2,2
WBGene00050866.,0,0,0
WBGene00050867.,0,0,0
WBGene00050868.,0,0,0
WBGene00050869.,0,0,0
WBGene00050870.,0,0,0
WBGene00050871.,0,0,0
WBGene00050873.,0,53,53
WBGene00050874.,0,3,3
WBGene00050875.,12,247,259
WBGene00050878.,1,0,1
WBGene00050879.,1,1,2
WBGene00050880.,12,4,16
WBGene00050881.,2,2,4
WBGene00050883.,0,5,5
WBGene00050884.,115,725,840
WBGene00050885.,63,593,656
WBGene00050889.,51,360,411
WBGene00050890.,0,46,46
WBGene00050891.,0,31,31
WBGene00050892.,2,4,6
WBGene00050893.,0,1,1
WBGene00050894.,0,0,0
WBGene00050896.,0,0,0
WBGene00050897.,0,2,2
WBGene00050898.,0,0,0
WBGene00050899.,4,67,71
WBGene00050900.,0,1,1
WBGene00050902.,0,0,0
WBGene00050903.,267,2202,2469
WBGene00050904.,0,17,17
WBGene00050906.,2,3,5
WBGene00050907.,1,1,2
WBGene00050910.,4,0,4
WBGene00050911.,0,7,7
WBGene00050912.,0,0,0
WBGene00050913.,0,0,0
WBGene00050914.,0,1,1
WBGene00050915.,3,11,14
WBGene00050916.,4,24,28
WBGene00050917.,14,35,49
WBGene00050919.,2,3,5
WBGene00050920.,17,200,217
WBGene00050921.,0,0,0
WBGene00050922.,0,0,0
WBGene00050923.,0,0,0
WBGene00050924.,0,0,0
WBGene00050926.,3,11,14
WBGene00050927.,117,180,297
WBGene00050928.,0,1,1
WBGene00050929.,0,0,0
WBGene00050930.,2,1,3
WBGene00050931.,3,18,21
WBGene00050932.,0,1,1
WBGene00050933.,0,0,0
WBGene00050934.,12,49,61
WBGene00050935.,382,16,398
WBGene00050936.,0,467,467
WBGene00050937.,35,522,557
WBGene00050938.,0,3,3
WBGene00050939.,0,0,0
WBGene00050940.,1,9,10
WBGene00050941.,3,897,900
WBGene00050943.,42,323,365
WBGene00050944.,119,1753,1872
WBGene00050945.,7,197,204
WBGene00050946.,5,33,38
WBGene00050947.,6,524,530
WBGene00050948.,18,55,73
WBGene00050949.,0,0,0
WBGene00050950.,0,0,0
WBGene00050951.,0,0,0
WBGene00050954.,0,1,1
WBGene00050955.,0,1,1
WBGene00050956.,0,0,0
WBGene00050957.,2,3,5
WBGene00050958.,0,6,6
WBGene00050959.,0,0,0
WBGene00050960.,0,1,1
WBGene00050961.,0,0,0
WBGene00050962.,0,0,0
WBGene00050963.,0,0,0
WBGene00050964.,0,24,24
WBGene00050965.,0,0,0
WBGene00050967.,0,3,3
WBGene00050968.,0,1,1
WBGene00050970.,0,4,4
WBGene00050971.,0,2,2
WBGene00050972.,0,1,1
WBGene00050973.,0,1,1
WBGene00050974.,0,6,6
WBGene00050976.,0,0,0
WBGene00050977.,1,11,12
WBGene00077434.,87,0,87
WBGene00077436.,2,1,3
WBGene00077437.,829,4768,5597
WBGene00077438.,3,2,5
WBGene00077439.,1,72,73
WBGene00077440.,1,4,5
WBGene00077441.,0,0,0
WBGene00077442.,8,0,8
WBGene00077443.,0,41,41
WBGene00077444.,0,3,3
WBGene00077445.,0,3,3
WBGene00077446.,0,0,0
WBGene00077447.,0,3,3
WBGene00077448.,12,2,14
WBGene00077449.,0,23,23
WBGene00077450.,4,4,8
WBGene00077451.,0,1,1
WBGene00077452.,0,0,0
WBGene00077453.,24,731,755
WBGene00077454.,0,7,7
WBGene00077455.,8,36,44
WBGene00077456.,0,0,0
WBGene00077457.,3,134,137
WBGene00077459.,0,0,0
WBGene00077460.,0,0,0
WBGene00077461.,0,9,9
WBGene00077462.,0,0,0
WBGene00077463.,0,0,0
WBGene00077464.,0,1,1
WBGene00077465.,0,3,3
WBGene00077466.,0,48,48
WBGene00077467.,0,3,3
WBGene00077468.,0,0,0
WBGene00077469.,0,8,8
WBGene00077470.,0,0,0
WBGene00077471.,0,0,0
WBGene00077472.,0,0,0
WBGene00077473.,0,0,0
WBGene00077474.,0,0,0
WBGene00077475.,0,0,0
WBGene00077476.,0,0,0
WBGene00077477.,0,0,0
WBGene00077478.,0,0,0
WBGene00077479.,0,0,0
WBGene00077480.,0,0,0
WBGene00077481.,0,0,0
WBGene00077482.,0,0,0
WBGene00077483.,0,0,0
WBGene00077484.,0,0,0
WBGene00077485.,0,0,0
WBGene00077486.,0,6,6
WBGene00077487.,0,0,0
WBGene00077488.,0,4,4
WBGene00077489.,1,28,29
WBGene00077490.,13,233,246
WBGene00077491.,4,84,88
WBGene00077492.,0,0,0
WBGene00077493.,2,5,7
WBGene00077494.,0,0,0
WBGene00077495.,0,1,1
WBGene00077496.,0,0,0
WBGene00077497.,260,309,569
WBGene00077498.,0,0,0
WBGene00077499.,0,0,0
WBGene00077500.,21,251,272
WBGene00077501.,0,7,7
WBGene00077502.,0,0,0
WBGene00077503.,0,1,1
WBGene00077504.,0,5,5
WBGene00077506.,0,0,0
WBGene00077508.,31,17,48
WBGene00077510.,0,0,0
WBGene00077514.,0,2,2
WBGene00077515.,0,0,0
WBGene00077516.,0,0,0
WBGene00077517.,0,0,0
WBGene00077519.,0,13,13
WBGene00077520.,142,678,820
WBGene00077521.,0,267,267
WBGene00077522.,6,43,49
WBGene00077523.,1,8,9
WBGene00077524.,0,1,1
WBGene00077525.,3,36,39
WBGene00077526.,2232,20134,22366
WBGene00077527.,0,1,1
WBGene00077531.,0,12,12
WBGene00077534.,0,1,1
WBGene00077535.,7,5,12
WBGene00077536.,4,97,101
WBGene00077537.,1,73,74
WBGene00077538.,12,53,65
WBGene00077539.,143,55,198
WBGene00077543.,8,32,40
WBGene00077546.,5,7,12
WBGene00077548.,1,3,4
WBGene00077549.,1,5,6
WBGene00077551.,0,20,20
WBGene00077552.,128,12,140
WBGene00077553.,60,84,144
WBGene00077555.,0,1,1
WBGene00077556.,2,68,70
WBGene00077557.,30,60,90
WBGene00077558.,20,42,62
WBGene00077559.,6,54,60
WBGene00077561.,0,2,2
WBGene00077562.,6,1,7
WBGene00077563.,5,22,27
WBGene00077564.,1,4,5
WBGene00077565.,2,10,12
WBGene00077566.,1,0,1
WBGene00077567.,0,0,0
WBGene00077568.,0,68,68
WBGene00077569.,12,31,43
WBGene00077570.,18,108,126
WBGene00077571.,0,0,0
WBGene00077572.,102,364,466
WBGene00077573.,20,368,388
WBGene00077574.,2,24,26
WBGene00077575.,0,0,0
WBGene00077576.,1,5,6
WBGene00077577.,7,5,12
WBGene00077579.,0,4,4
WBGene00077580.,0,2,2
WBGene00077581.,0,0,0
WBGene00077582.,5,7,12
WBGene00077583.,0,1,1
WBGene00077584.,0,1,1
WBGene00077585.,17,59,76
WBGene00077586.,0,1,1
WBGene00077588.,0,14,14
WBGene00077589.,0,0,0
WBGene00077590.,0,3,3
WBGene00077592.,0,11,11
WBGene00077593.,5,37,42
WBGene00077594.,241,279,520
WBGene00077595.,0,0,0
WBGene00077596.,2,0,2
WBGene00077597.,0,1,1
WBGene00077598.,0,0,0
WBGene00077599.,66,400,466
WBGene00077600.,0,1,1
WBGene00077601.,0,0,0
WBGene00077602.,0,1,1
WBGene00077603.,0,0,0
WBGene00077604.,0,1,1
WBGene00077605.,0,2,2
WBGene00077606.,0,0,0
WBGene00077607.,0,0,0
WBGene00077608.,0,1,1
WBGene00077609.,0,3,3
WBGene00077610.,0,1,1
WBGene00077611.,0,2,2
WBGene00077612.,0,0,0
WBGene00077613.,0,1,1
WBGene00077614.,0,0,0
WBGene00077615.,5,8,13
WBGene00077616.,3,25,28
WBGene00077617.,0,0,0
WBGene00077618.,0,0,0
WBGene00077619.,0,1,1
WBGene00077620.,0,0,0
WBGene00077621.,1,0,1
WBGene00077622.,0,3,3
WBGene00077624.,0,1,1
WBGene00077625.,1,0,1
WBGene00077626.,0,0,0
WBGene00077627.,0,0,0
WBGene00077629.,0,1,1
WBGene00077630.,0,0,0
WBGene00077631.,0,3,3
WBGene00077632.,0,1,1
WBGene00077633.,0,0,0
WBGene00077634.,0,2,2
WBGene00077635.,0,4,4
WBGene00077636.,45,95,140
WBGene00077637.,0,1,1
WBGene00077638.,0,0,0
WBGene00077640.,1,2,3
WBGene00077641.,0,0,0
WBGene00077642.,0,0,0
WBGene00077643.,46,650,696
WBGene00077644.,0,0,0
WBGene00077646.,0,5,5
WBGene00077647.,0,3,3
WBGene00077648.,0,4,4
WBGene00077649.,1,1,2
WBGene00077650.,0,0,0
WBGene00077651.,0,1,1
WBGene00077652.,1,0,1
WBGene00077653.,0,2,2
WBGene00077654.,0,0,0
WBGene00077655.,0,0,0
WBGene00077656.,0,0,0
WBGene00077657.,0,4,4
WBGene00077658.,72,766,838
WBGene00077659.,1,2,3
WBGene00077660.,0,0,0
WBGene00077662.,0,0,0
WBGene00077663.,0,3,3
WBGene00077664.,0,1,1
WBGene00077666.,0,0,0
WBGene00077667.,0,2,2
WBGene00077669.,172,558,730
WBGene00077670.,2,0,2
WBGene00077671.,0,0,0
WBGene00077673.,0,1,1
WBGene00077674.,0,5,5
WBGene00077679.,1,25,26
WBGene00077680.,1,2,3
WBGene00077681.,25,90,115
WBGene00077682.,3,9,12
WBGene00077684.,0,7,7
WBGene00077685.,0,1,1
WBGene00077686.,0,0,0
WBGene00077687.,0,3,3
WBGene00077688.,3,1,4
WBGene00077689.,1,25,26
WBGene00077690.,9,813,822
WBGene00077691.,3,1250,1253
WBGene00077692.,27,148,175
WBGene00077693.,199,4591,4790
WBGene00077694.,0,0,0
WBGene00077695.,0,1,1
WBGene00077696.,19,24,43
WBGene00077697.,82,103,185
WBGene00077698.,60,268,328
WBGene00077699.,7,48,55
WBGene00077701.,23,419,442
WBGene00077703.,5,27,32
WBGene00077704.,3,64,67
WBGene00077705.,0,0,0
WBGene00077706.,0,0,0
WBGene00077707.,0,0,0
WBGene00077708.,0,3,3
WBGene00077709.,0,0,0
WBGene00077712.,22,196,218
WBGene00077714.,8,44,52
WBGene00077715.,0,0,0
WBGene00077716.,0,0,0
WBGene00077717.,0,2,2
WBGene00077718.,0,0,0
WBGene00077719.,0,0,0
WBGene00077720.,0,0,0
WBGene00077721.,0,4,4
WBGene00077722.,0,1,1
WBGene00077723.,0,0,0
WBGene00077724.,0,0,0
WBGene00077725.,0,0,0
WBGene00077726.,0,4,4
WBGene00077727.,0,0,0
WBGene00077728.,0,217,217
WBGene00077732.,9,181,190
WBGene00077750.,0,0,0
WBGene00077751.,2,3,5
WBGene00077752.,14,75,89
WBGene00077753.,8,10,18
WBGene00077754.,1,6,7
WBGene00077755.,0,1,1
WBGene00077756.,1,21,22
WBGene00077757.,10,36,46
WBGene00077758.,2,6,8
WBGene00077759.,6,6,12
WBGene00077761.,60,2062,2122
WBGene00077762.,0,22,22
WBGene00077763.,19,109,128
WBGene00077764.,0,376,376
WBGene00077765.,0,14,14
WBGene00077766.,0,0,0
WBGene00077767.,0,0,0
WBGene00077768.,9,56,65
WBGene00077769.,1,37,38
WBGene00077770.,2,15,17
WBGene00077771.,1001,13285,14286
WBGene00077772.,0,45,45
WBGene00077773.,0,269,269
WBGene00077775.,53,399,452
WBGene00077781.,1,81,82
WBGene00077782.,8,4,12
WBGene00077783.,2,22,24
WBGene00077784.,0,25,25
WBGene00077785.,13,12,25
WBGene00077786.,231,720,951
WBGene00077787.,2,14,16
WBGene00077788.,4,33,37
WBGene00077789.,0,1,1
WBGene00086546.,58,260,318
WBGene00086551.,11,276,287
WBGene00086552.,0,0,0
WBGene00086553.,118,1216,1334
WBGene00086554.,0,10,10
WBGene00086555.,5,2,7
WBGene00086556.,4,15,19
WBGene00086557.,33,409,442
WBGene00086558.,9,124,133
WBGene00086559.,24,227,251
WBGene00086560.,8,13,21
WBGene00086561.,0,18,18
WBGene00086562.,2,1,3
WBGene00086563.,1,2,3
WBGene00086564.,4,2,6
WBGene00086565.,0,0,0
WBGene00086566.,65,647,712
WBGene00086567.,0,1,1
WBGene00086568.,9,45,54
WBGene00086569.,150,949,1099
WBGene00119201.,2,0,2
WBGene00119203.,18,417,435
WBGene00119204.,0,18,18
WBGene00138711.,4,57,61
WBGene00138714.,0,1,1
WBGene00138715.,1,0,1
WBGene00138716.,0,0,0
WBGene00138717.,276,1328,1604
WBGene00138719.,2,2,4
WBGene00138720.,46,428,474
WBGene00138721.,6,4,10
WBGene00138724.,0,104,104
WBGene00164968.,25,193,218
WBGene00164969.,0,3,3
WBGene00164971.,0,0,0
WBGene00164972.,0,3,3
WBGene00164973.,1,67,68
WBGene00164974.,0,1,1
WBGene00164983.,2,25,27
WBGene00164985.,25,153,178
WBGene00164986.,10,8,18
WBGene00164991.,0,0,0
WBGene00164992.,0,0,0
WBGene00164993.,0,0,0
WBGene00164994.,0,0,0
WBGene00164995.,0,0,0
WBGene00164996.,0,0,0
WBGene00164997.,0,0,0
WBGene00164998.,0,0,0
WBGene00164999.,0,0,0
WBGene00165000.,0,0,0
WBGene00165001.,0,0,0
WBGene00165002.,0,0,0
WBGene00165003.,0,0,0
WBGene00165004.,0,0,0
WBGene00165005.,0,0,0
WBGene00165006.,0,0,0
WBGene00165007.,0,0,0
WBGene00165009.,0,0,0
WBGene00165010.,0,0,0
WBGene00165011.,0,0,0
WBGene00165012.,0,0,0
WBGene00165013.,0,0,0
WBGene00165014.,0,0,0
WBGene00165015.,0,0,0
WBGene00165016.,0,0,0
WBGene00165017.,0,5,5
WBGene00165018.,0,0,0
WBGene00165019.,0,0,0
WBGene00165020.,0,0,0
WBGene00165021.,0,0,0
WBGene00165022.,0,0,0
WBGene00165023.,0,0,0
WBGene00165024.,0,0,0
WBGene00165025.,0,0,0
WBGene00165026.,0,0,0
WBGene00165027.,0,0,0
WBGene00165028.,0,0,0
WBGene00165029.,0,0,0
WBGene00165030.,0,2,2
WBGene00165031.,0,1,1
WBGene00165032.,0,0,0
WBGene00165033.,0,0,0
WBGene00165034.,0,0,0
WBGene00165035.,0,0,0
WBGene00165036.,0,0,0
WBGene00165037.,0,0,0
WBGene00165038.,0,0,0
WBGene00165039.,0,0,0
WBGene00165040.,0,0,0
WBGene00165041.,0,0,0
WBGene00165042.,0,0,0
WBGene00165043.,0,0,0
WBGene00165044.,0,0,0
WBGene00165045.,0,0,0
WBGene00165046.,0,10,10
WBGene00165047.,0,2,2
WBGene00165048.,0,0,0
WBGene00165049.,0,0,0
WBGene00165050.,0,0,0
WBGene00165051.,0,0,0
WBGene00165052.,0,0,0
WBGene00165053.,0,0,0
WBGene00165054.,0,13,13
WBGene00165055.,0,0,0
WBGene00165056.,0,7,7
WBGene00165057.,0,0,0
WBGene00165058.,0,0,0
WBGene00165059.,0,0,0
WBGene00165060.,0,0,0
WBGene00165061.,0,0,0
WBGene00165062.,0,0,0
WBGene00165063.,0,0,0
WBGene00165064.,0,0,0
WBGene00165065.,0,1,1
WBGene00165066.,0,0,0
WBGene00165067.,0,11,11
WBGene00165068.,0,0,0
WBGene00165069.,0,0,0
WBGene00165070.,0,0,0
WBGene00165071.,0,0,0
WBGene00165072.,0,0,0
WBGene00165073.,0,0,0
WBGene00165074.,0,0,0
WBGene00165075.,0,2,2
WBGene00165076.,0,0,0
WBGene00165077.,0,2,2
WBGene00165078.,0,0,0
WBGene00165079.,0,0,0
WBGene00165080.,0,3,3
WBGene00165081.,0,2,2
WBGene00165082.,0,1,1
WBGene00165083.,0,0,0
WBGene00165084.,0,0,0
WBGene00165085.,0,0,0
WBGene00165086.,0,0,0
WBGene00165087.,0,0,0
WBGene00165088.,0,0,0
WBGene00165089.,0,0,0
WBGene00165090.,0,0,0
WBGene00165091.,0,1,1
WBGene00165092.,0,0,0
WBGene00165093.,0,6,6
WBGene00165094.,0,0,0
WBGene00165095.,0,0,0
WBGene00165096.,0,0,0
WBGene00165097.,0,0,0
WBGene00165098.,0,0,0
WBGene00165099.,0,0,0
WBGene00165100.,0,0,0
WBGene00165101.,0,0,0
WBGene00165102.,0,4,4
WBGene00165103.,0,0,0
WBGene00165104.,0,0,0
WBGene00165105.,0,0,0
WBGene00165106.,0,0,0
WBGene00165107.,0,1,1
WBGene00165108.,0,0,0
WBGene00165109.,0,0,0
WBGene00165110.,0,0,0
WBGene00165111.,0,0,0
WBGene00165112.,0,0,0
WBGene00165113.,0,0,0
WBGene00165114.,0,1,1
WBGene00165115.,0,0,0
WBGene00165116.,0,0,0
WBGene00165117.,0,0,0
WBGene00165118.,0,0,0
WBGene00165119.,0,0,0
WBGene00165120.,0,0,0
WBGene00165121.,0,0,0
WBGene00165122.,0,0,0
WBGene00165123.,0,0,0
WBGene00165124.,0,0,0
WBGene00165125.,0,0,0
WBGene00165126.,0,0,0
WBGene00165127.,0,1,1
WBGene00165128.,0,0,0
WBGene00165129.,0,0,0
WBGene00165130.,0,0,0
WBGene00165131.,0,0,0
WBGene00165132.,0,0,0
WBGene00165133.,0,1,1
WBGene00165134.,0,0,0
WBGene00165135.,0,0,0
WBGene00165136.,0,2,2
WBGene00165137.,0,0,0
WBGene00165138.,0,0,0
WBGene00165139.,0,0,0
WBGene00165140.,0,0,0
WBGene00165141.,0,0,0
WBGene00165142.,0,0,0
WBGene00165143.,0,0,0
WBGene00165144.,0,0,0
WBGene00165146.,0,0,0
WBGene00165147.,0,49,49
WBGene00165148.,0,0,0
WBGene00165149.,0,1,1
WBGene00165150.,0,0,0
WBGene00165151.,0,0,0
WBGene00165152.,0,0,0
WBGene00165153.,0,0,0
WBGene00165154.,0,0,0
WBGene00165155.,0,0,0
WBGene00165156.,0,0,0
WBGene00165157.,0,0,0
WBGene00165158.,0,0,0
WBGene00165159.,0,0,0
WBGene00165160.,0,0,0
WBGene00165161.,0,0,0
WBGene00165162.,0,0,0
WBGene00165163.,0,0,0
WBGene00165164.,0,0,0
WBGene00165165.,0,0,0
WBGene00165166.,0,0,0
WBGene00165167.,0,0,0
WBGene00165168.,0,1,1
WBGene00165169.,0,0,0
WBGene00165170.,0,1,1
WBGene00165171.,0,0,0
WBGene00165172.,0,0,0
WBGene00165173.,0,0,0
WBGene00165174.,0,0,0
WBGene00165175.,0,0,0
WBGene00165176.,0,1,1
WBGene00165177.,0,1,1
WBGene00165178.,0,0,0
WBGene00165179.,0,0,0
WBGene00165180.,0,0,0
WBGene00165181.,0,0,0
WBGene00165182.,0,0,0
WBGene00165183.,0,0,0
WBGene00165184.,0,0,0
WBGene00165185.,0,0,0
WBGene00165186.,0,0,0
WBGene00165187.,0,1,1
WBGene00165188.,0,0,0
WBGene00165189.,0,0,0
WBGene00165190.,0,0,0
WBGene00165191.,0,0,0
WBGene00165192.,0,0,0
WBGene00165193.,0,0,0
WBGene00165194.,0,0,0
WBGene00165195.,0,0,0
WBGene00165196.,0,0,0
WBGene00165197.,0,2,2
WBGene00165198.,0,0,0
WBGene00165199.,0,0,0
WBGene00165200.,0,0,0
WBGene00165201.,0,0,0
WBGene00165202.,0,4,4
WBGene00165203.,0,0,0
WBGene00165204.,0,0,0
WBGene00165205.,0,0,0
WBGene00165206.,0,0,0
WBGene00165207.,0,0,0
WBGene00165208.,0,9,9
WBGene00165209.,0,0,0
WBGene00165210.,0,2,2
WBGene00165211.,0,0,0
WBGene00165212.,0,0,0
WBGene00165213.,0,1,1
WBGene00165214.,0,0,0
WBGene00165215.,0,0,0
WBGene00165217.,0,0,0
WBGene00165218.,0,1,1
WBGene00165219.,0,0,0
WBGene00165220.,0,0,0
WBGene00165221.,0,0,0
WBGene00165222.,0,0,0
WBGene00165223.,0,0,0
WBGene00165224.,0,0,0
WBGene00165225.,0,0,0
WBGene00165226.,0,0,0
WBGene00165227.,0,0,0
WBGene00165228.,0,0,0
WBGene00165229.,0,0,0
WBGene00165230.,0,0,0
WBGene00165231.,0,0,0
WBGene00165232.,0,0,0
WBGene00165233.,0,0,0
WBGene00165234.,0,0,0
WBGene00165235.,0,4,4
WBGene00165236.,0,0,0
WBGene00165237.,0,0,0
WBGene00165238.,0,0,0
WBGene00165239.,0,1,1
WBGene00165240.,0,28,28
WBGene00165241.,0,0,0
WBGene00165242.,0,0,0
WBGene00165243.,0,0,0
WBGene00165244.,0,3,3
WBGene00165245.,0,0,0
WBGene00165246.,0,0,0
WBGene00165247.,0,0,0
WBGene00165248.,0,0,0
WBGene00165249.,0,1,1
WBGene00165250.,0,0,0
WBGene00165251.,0,1,1
WBGene00165252.,0,0,0
WBGene00165253.,0,0,0
WBGene00165254.,0,0,0
WBGene00165255.,0,0,0
WBGene00165256.,0,2,2
WBGene00165257.,0,2,2
WBGene00165258.,0,0,0
WBGene00165259.,0,0,0
WBGene00165260.,0,0,0
WBGene00165261.,0,0,0
WBGene00165262.,0,0,0
WBGene00165263.,0,0,0
WBGene00165264.,0,0,0
WBGene00165265.,0,0,0
WBGene00165266.,0,0,0
WBGene00165267.,0,0,0
WBGene00165268.,0,0,0
WBGene00165269.,0,3,3
WBGene00165270.,0,0,0
WBGene00165271.,0,0,0
WBGene00165272.,0,1,1
WBGene00165273.,0,0,0
WBGene00165274.,0,0,0
WBGene00165275.,0,0,0
WBGene00165276.,0,0,0
WBGene00165277.,0,0,0
WBGene00165278.,0,0,0
WBGene00165279.,0,0,0
WBGene00165280.,0,0,0
WBGene00165281.,0,0,0
WBGene00165282.,0,0,0
WBGene00165283.,0,0,0
WBGene00165284.,0,1,1
WBGene00165285.,0,0,0
WBGene00165286.,0,0,0
WBGene00165287.,0,0,0
WBGene00165288.,0,0,0
WBGene00165289.,0,0,0
WBGene00165290.,0,1,1
WBGene00165291.,0,0,0
WBGene00165292.,0,0,0
WBGene00165293.,0,0,0
WBGene00165294.,0,0,0
WBGene00165295.,0,0,0
WBGene00165296.,0,0,0
WBGene00165297.,0,0,0
WBGene00165298.,0,0,0
WBGene00165299.,0,0,0
WBGene00165300.,0,0,0
WBGene00165301.,0,0,0
WBGene00165302.,0,2,2
WBGene00165303.,0,4,4
WBGene00165304.,0,0,0
WBGene00165305.,0,0,0
WBGene00165306.,0,0,0
WBGene00165307.,0,0,0
WBGene00165308.,0,0,0
WBGene00165309.,0,0,0
WBGene00165310.,0,0,0
WBGene00165311.,0,0,0
WBGene00165312.,0,0,0
WBGene00165313.,0,0,0
WBGene00165314.,0,0,0
WBGene00165315.,0,0,0
WBGene00165316.,0,0,0
WBGene00165317.,0,0,0
WBGene00165318.,0,0,0
WBGene00165319.,0,0,0
WBGene00165320.,0,0,0
WBGene00165321.,0,0,0
WBGene00165322.,0,0,0
WBGene00165323.,0,0,0
WBGene00165324.,0,2,2
WBGene00165325.,0,6,6
WBGene00165326.,0,0,0
WBGene00165327.,0,0,0
WBGene00165328.,0,0,0
WBGene00165329.,0,0,0
WBGene00165330.,0,0,0
WBGene00165331.,0,0,0
WBGene00165332.,0,0,0
WBGene00165333.,0,0,0
WBGene00165334.,0,0,0
WBGene00165335.,0,0,0
WBGene00165336.,0,0,0
WBGene00165337.,0,0,0
WBGene00165338.,0,0,0
WBGene00165339.,0,0,0
WBGene00165340.,0,0,0
WBGene00165341.,0,0,0
WBGene00165342.,0,0,0
WBGene00165343.,0,0,0
WBGene00165344.,0,2,2
WBGene00165345.,0,0,0
WBGene00165346.,0,0,0
WBGene00165347.,0,0,0
WBGene00165348.,0,4,4
WBGene00165349.,0,0,0
WBGene00165350.,0,4,4
WBGene00165351.,0,0,0
WBGene00165352.,0,0,0
WBGene00165353.,0,0,0
WBGene00165354.,0,0,0
WBGene00165355.,0,0,0
WBGene00165356.,0,0,0
WBGene00165357.,0,0,0
WBGene00165358.,0,0,0
WBGene00165359.,0,0,0
WBGene00165360.,0,0,0
WBGene00165361.,0,0,0
WBGene00165362.,0,0,0
WBGene00165363.,0,0,0
WBGene00165364.,0,1,1
WBGene00165365.,0,0,0
WBGene00165366.,0,0,0
WBGene00165367.,0,0,0
WBGene00165368.,0,0,0
WBGene00165369.,0,0,0
WBGene00165370.,0,0,0
WBGene00165371.,0,0,0
WBGene00165372.,0,0,0
WBGene00165373.,0,691,691
WBGene00165374.,0,1,1
WBGene00165375.,0,0,0
WBGene00165376.,0,6,6
WBGene00165377.,0,0,0
WBGene00165378.,0,0,0
WBGene00165379.,0,4,4
WBGene00165380.,0,0,0
WBGene00165381.,0,0,0
WBGene00165382.,0,0,0
WBGene00165383.,0,0,0
WBGene00165384.,0,0,0
WBGene00165385.,0,0,0
WBGene00165386.,0,0,0
WBGene00165387.,0,0,0
WBGene00165388.,0,1,1
WBGene00165389.,0,0,0
WBGene00165390.,0,0,0
WBGene00165391.,0,0,0
WBGene00165392.,0,0,0
WBGene00165393.,0,0,0
WBGene00165394.,0,0,0
WBGene00165395.,0,1,1
WBGene00165396.,0,0,0
WBGene00165397.,0,0,0
WBGene00165398.,0,0,0
WBGene00165399.,0,1,1
WBGene00165400.,0,3,3
WBGene00165401.,0,0,0
WBGene00165402.,0,0,0
WBGene00165403.,0,0,0
WBGene00165404.,0,0,0
WBGene00165405.,0,0,0
WBGene00165406.,0,2,2
WBGene00165407.,0,0,0
WBGene00165408.,0,0,0
WBGene00165409.,0,0,0
WBGene00165410.,0,0,0
WBGene00165411.,0,0,0
WBGene00165412.,0,0,0
WBGene00165413.,0,0,0
WBGene00165414.,0,0,0
WBGene00165415.,0,0,0
WBGene00165416.,0,0,0
WBGene00165417.,0,0,0
WBGene00165418.,0,0,0
WBGene00165419.,0,0,0
WBGene00165420.,0,0,0
WBGene00165421.,0,0,0
WBGene00165422.,0,0,0
WBGene00165423.,0,0,0
WBGene00165424.,0,0,0
WBGene00165425.,0,0,0
WBGene00165426.,0,0,0
WBGene00165427.,0,0,0
WBGene00165428.,0,0,0
WBGene00165429.,0,0,0
WBGene00165430.,0,0,0
WBGene00165431.,0,0,0
WBGene00165432.,0,0,0
WBGene00165433.,0,0,0
WBGene00165434.,0,0,0
WBGene00165435.,0,0,0
WBGene00165436.,0,0,0
WBGene00165438.,0,4,4
WBGene00165439.,0,0,0
WBGene00165440.,0,0,0
WBGene00165441.,0,0,0
WBGene00165442.,0,0,0
WBGene00165443.,0,0,0
WBGene00165444.,0,0,0
WBGene00165445.,0,0,0
WBGene00165446.,0,0,0
WBGene00165447.,0,4,4
WBGene00165448.,0,0,0
WBGene00165449.,0,2,2
WBGene00165450.,0,0,0
WBGene00165451.,0,0,0
WBGene00165452.,0,0,0
WBGene00165453.,0,0,0
WBGene00165454.,0,0,0
WBGene00165455.,0,0,0
WBGene00165456.,0,0,0
WBGene00165457.,0,0,0
WBGene00165458.,0,0,0
WBGene00165459.,0,0,0
WBGene00165460.,0,0,0
WBGene00165461.,0,0,0
WBGene00165462.,0,2,2
WBGene00165463.,0,0,0
WBGene00165464.,0,8,8
WBGene00165465.,0,0,0
WBGene00165466.,0,0,0
WBGene00165467.,0,1,1
WBGene00165468.,0,0,0
WBGene00165469.,0,0,0
WBGene00165470.,0,0,0
WBGene00165471.,0,2,2
WBGene00165472.,0,0,0
WBGene00165473.,0,0,0
WBGene00165474.,0,0,0
WBGene00165475.,0,0,0
WBGene00165476.,0,0,0
WBGene00165477.,0,1,1
WBGene00165478.,0,0,0
WBGene00165479.,0,2,2
WBGene00165480.,0,0,0
WBGene00165481.,0,0,0
WBGene00165482.,0,0,0
WBGene00165483.,0,0,0
WBGene00165484.,0,0,0
WBGene00165485.,0,0,0
WBGene00165486.,0,4,4
WBGene00165487.,0,0,0
WBGene00165488.,0,0,0
WBGene00165489.,0,0,0
WBGene00165490.,0,0,0
WBGene00165491.,0,0,0
WBGene00165492.,0,0,0
WBGene00165493.,0,0,0
WBGene00165494.,0,0,0
WBGene00165495.,0,0,0
WBGene00165496.,0,0,0
WBGene00165497.,0,0,0
WBGene00165498.,0,0,0
WBGene00165499.,0,1,1
WBGene00165500.,0,0,0
WBGene00165501.,0,0,0
WBGene00165502.,0,0,0
WBGene00165503.,0,0,0
WBGene00165504.,0,0,0
WBGene00165505.,0,0,0
WBGene00165506.,0,3,3
WBGene00165507.,0,0,0
WBGene00165508.,0,0,0
WBGene00165509.,0,0,0
WBGene00165510.,0,0,0
WBGene00165511.,0,0,0
WBGene00165512.,0,0,0
WBGene00165513.,0,15,15
WBGene00165514.,0,0,0
WBGene00165515.,0,0,0
WBGene00165516.,0,0,0
WBGene00165517.,0,0,0
WBGene00165518.,0,0,0
WBGene00165519.,0,6,6
WBGene00165520.,0,0,0
WBGene00165521.,0,0,0
WBGene00165522.,0,0,0
WBGene00165523.,0,1,1
WBGene00165524.,0,0,0
WBGene00165525.,0,1,1
WBGene00165526.,0,0,0
WBGene00165527.,0,0,0
WBGene00165528.,0,0,0
WBGene00165529.,0,0,0
WBGene00165530.,0,0,0
WBGene00165531.,0,0,0
WBGene00165532.,0,0,0
WBGene00165533.,0,0,0
WBGene00165534.,0,0,0
WBGene00165535.,0,0,0
WBGene00165536.,0,0,0
WBGene00165537.,0,0,0
WBGene00165538.,0,1,1
WBGene00165539.,0,0,0
WBGene00165540.,0,0,0
WBGene00165541.,0,2,2
WBGene00165542.,0,1,1
WBGene00165543.,0,0,0
WBGene00165544.,0,1,1
WBGene00165545.,0,0,0
WBGene00165546.,0,0,0
WBGene00165547.,0,0,0
WBGene00165548.,0,0,0
WBGene00165549.,0,0,0
WBGene00165550.,0,0,0
WBGene00165551.,0,0,0
WBGene00165552.,0,0,0
WBGene00165553.,0,0,0
WBGene00165554.,0,0,0
WBGene00165555.,0,0,0
WBGene00165556.,0,0,0
WBGene00165557.,0,0,0
WBGene00165558.,0,171,171
WBGene00165559.,0,0,0
WBGene00165560.,0,0,0
WBGene00165561.,0,0,0
WBGene00165562.,0,0,0
WBGene00165563.,0,0,0
WBGene00165564.,0,0,0
WBGene00165565.,0,0,0
WBGene00165566.,0,4,4
WBGene00165567.,0,0,0
WBGene00165568.,0,2,2
WBGene00165569.,0,0,0
WBGene00165570.,0,0,0
WBGene00165571.,0,0,0
WBGene00165572.,0,0,0
WBGene00165573.,0,0,0
WBGene00165574.,0,0,0
WBGene00165575.,0,0,0
WBGene00165576.,0,0,0
WBGene00165577.,0,0,0
WBGene00165578.,0,0,0
WBGene00165579.,0,0,0
WBGene00165580.,0,0,0
WBGene00165581.,0,0,0
WBGene00165582.,0,3,3
WBGene00165583.,0,1,1
WBGene00165584.,0,0,0
WBGene00165585.,0,0,0
WBGene00165586.,0,0,0
WBGene00165587.,0,2,2
WBGene00165588.,0,0,0
WBGene00165589.,0,0,0
WBGene00165590.,0,1,1
WBGene00165591.,0,0,0
WBGene00165592.,0,0,0
WBGene00165593.,0,0,0
WBGene00165594.,0,0,0
WBGene00165595.,0,0,0
WBGene00165596.,0,1,1
WBGene00165597.,0,0,0
WBGene00165598.,0,0,0
WBGene00165599.,0,0,0
WBGene00165600.,0,0,0
WBGene00165601.,0,0,0
WBGene00165602.,0,0,0
WBGene00165603.,0,14,14
WBGene00165604.,0,0,0
WBGene00165605.,0,0,0
WBGene00165606.,0,0,0
WBGene00165607.,0,0,0
WBGene00165608.,0,0,0
WBGene00165609.,0,4,4
WBGene00165610.,0,0,0
WBGene00165611.,0,0,0
WBGene00165612.,0,0,0
WBGene00165613.,0,0,0
WBGene00165614.,0,0,0
WBGene00165615.,0,0,0
WBGene00165616.,0,0,0
WBGene00165617.,0,0,0
WBGene00165618.,0,0,0
WBGene00165619.,0,0,0
WBGene00165620.,0,0,0
WBGene00165621.,0,0,0
WBGene00165622.,0,0,0
WBGene00165623.,0,0,0
WBGene00165624.,0,0,0
WBGene00165625.,0,0,0
WBGene00165626.,0,0,0
WBGene00165627.,0,0,0
WBGene00165628.,0,0,0
WBGene00165629.,0,0,0
WBGene00165630.,0,0,0
WBGene00165631.,0,1,1
WBGene00165632.,0,0,0
WBGene00165633.,0,0,0
WBGene00165634.,0,0,0
WBGene00165635.,0,0,0
WBGene00165636.,0,2,2
WBGene00165637.,0,0,0
WBGene00165638.,0,0,0
WBGene00165639.,0,0,0
WBGene00165640.,0,0,0
WBGene00165641.,0,0,0
WBGene00165642.,0,2,2
WBGene00165643.,0,0,0
WBGene00165644.,0,1,1
WBGene00165645.,0,1,1
WBGene00165646.,0,1,1
WBGene00165647.,0,0,0
WBGene00165648.,0,1,1
WBGene00165649.,0,8,8
WBGene00165650.,0,1,1
WBGene00165651.,0,0,0
WBGene00165652.,0,2,2
WBGene00165653.,0,0,0
WBGene00165654.,0,1,1
WBGene00165655.,0,0,0
WBGene00165656.,0,0,0
WBGene00165657.,0,0,0
WBGene00165658.,0,0,0
WBGene00165659.,0,0,0
WBGene00165660.,0,0,0
WBGene00165661.,0,0,0
WBGene00165662.,0,0,0
WBGene00165663.,0,3,3
WBGene00165664.,0,0,0
WBGene00165665.,0,12,12
WBGene00165666.,0,6,6
WBGene00165667.,0,0,0
WBGene00165668.,0,0,0
WBGene00165669.,0,0,0
WBGene00165670.,0,0,0
WBGene00165671.,0,0,0
WBGene00165672.,0,0,0
WBGene00165673.,0,1,1
WBGene00165674.,0,0,0
WBGene00165675.,0,0,0
WBGene00165676.,0,0,0
WBGene00165677.,0,0,0
WBGene00165678.,0,0,0
WBGene00165679.,0,0,0
WBGene00165680.,0,0,0
WBGene00165681.,0,0,0
WBGene00165682.,0,0,0
WBGene00165683.,0,0,0
WBGene00165684.,0,0,0
WBGene00165685.,0,0,0
WBGene00165686.,0,0,0
WBGene00165687.,0,6,6
WBGene00165688.,0,0,0
WBGene00165689.,0,0,0
WBGene00165690.,0,2,2
WBGene00165691.,0,0,0
WBGene00165692.,0,0,0
WBGene00165693.,0,0,0
WBGene00165694.,0,0,0
WBGene00165695.,0,0,0
WBGene00165696.,0,0,0
WBGene00165697.,0,0,0
WBGene00165698.,0,0,0
WBGene00165699.,0,2,2
WBGene00165700.,0,0,0
WBGene00165701.,0,0,0
WBGene00165702.,0,0,0
WBGene00165703.,0,0,0
WBGene00165704.,0,0,0
WBGene00165705.,0,8,8
WBGene00165706.,0,0,0
WBGene00165707.,0,0,0
WBGene00165708.,0,0,0
WBGene00165709.,0,0,0
WBGene00165710.,0,0,0
WBGene00165711.,0,0,0
WBGene00165712.,0,0,0
WBGene00165713.,0,0,0
WBGene00165714.,0,0,0
WBGene00165715.,0,0,0
WBGene00165716.,0,0,0
WBGene00165717.,0,1,1
WBGene00165718.,0,0,0
WBGene00165719.,0,0,0
WBGene00165720.,0,0,0
WBGene00165721.,0,0,0
WBGene00165722.,0,4,4
WBGene00165723.,0,3,3
WBGene00165724.,0,0,0
WBGene00165725.,0,0,0
WBGene00165726.,0,0,0
WBGene00165727.,0,0,0
WBGene00165728.,0,0,0
WBGene00165729.,0,2,2
WBGene00165730.,0,0,0
WBGene00165731.,0,0,0
WBGene00165732.,0,0,0
WBGene00165733.,0,1,1
WBGene00165734.,0,34,34
WBGene00165735.,0,0,0
WBGene00165736.,0,0,0
WBGene00165737.,0,0,0
WBGene00165738.,0,0,0
WBGene00165739.,0,0,0
WBGene00165740.,0,0,0
WBGene00165741.,0,0,0
WBGene00165742.,0,0,0
WBGene00165743.,0,0,0
WBGene00165744.,0,0,0
WBGene00165745.,0,0,0
WBGene00165746.,0,0,0
WBGene00165747.,0,1,1
WBGene00165748.,0,2,2
WBGene00165749.,0,0,0
WBGene00165750.,0,0,0
WBGene00165751.,0,0,0
WBGene00165752.,0,0,0
WBGene00165753.,0,8,8
WBGene00165754.,0,1,1
WBGene00165755.,0,0,0
WBGene00165756.,0,0,0
WBGene00165757.,0,0,0
WBGene00165758.,0,0,0
WBGene00165759.,0,0,0
WBGene00165760.,0,0,0
WBGene00165761.,0,0,0
WBGene00165762.,0,0,0
WBGene00165763.,0,0,0
WBGene00165764.,0,1,1
WBGene00165765.,0,0,0
WBGene00165766.,0,0,0
WBGene00165767.,0,1,1
WBGene00165768.,0,0,0
WBGene00165769.,0,0,0
WBGene00165770.,0,0,0
WBGene00165771.,0,0,0
WBGene00165772.,0,0,0
WBGene00165773.,0,3,3
WBGene00165774.,0,0,0
WBGene00165775.,0,0,0
WBGene00165776.,0,0,0
WBGene00165777.,0,0,0
WBGene00165778.,0,0,0
WBGene00165779.,0,5,5
WBGene00165780.,0,0,0
WBGene00165781.,0,0,0
WBGene00165782.,0,0,0
WBGene00165783.,0,0,0
WBGene00165784.,0,0,0
WBGene00165785.,0,1,1
WBGene00165786.,0,1,1
WBGene00165787.,0,0,0
WBGene00165788.,0,0,0
WBGene00165789.,0,0,0
WBGene00165790.,0,0,0
WBGene00165791.,0,0,0
WBGene00165792.,0,0,0
WBGene00165793.,0,0,0
WBGene00165794.,0,0,0
WBGene00165795.,0,0,0
WBGene00165796.,0,0,0
WBGene00165797.,0,0,0
WBGene00165798.,0,0,0
WBGene00165799.,0,1,1
WBGene00165800.,0,0,0
WBGene00165801.,0,0,0
WBGene00165802.,0,0,0
WBGene00165803.,0,0,0
WBGene00165804.,0,0,0
WBGene00165805.,0,0,0
WBGene00165806.,0,1,1
WBGene00165807.,0,0,0
WBGene00165808.,0,0,0
WBGene00165809.,0,0,0
WBGene00165810.,0,5,5
WBGene00165811.,0,0,0
WBGene00165812.,0,0,0
WBGene00165813.,0,0,0
WBGene00165814.,0,0,0
WBGene00165815.,0,0,0
WBGene00165816.,0,0,0
WBGene00165817.,0,0,0
WBGene00165818.,0,0,0
WBGene00165819.,0,0,0
WBGene00165820.,0,0,0
WBGene00165821.,0,0,0
WBGene00165822.,0,0,0
WBGene00165823.,0,0,0
WBGene00165824.,0,0,0
WBGene00165825.,0,1,1
WBGene00165826.,0,6,6
WBGene00165827.,0,0,0
WBGene00165828.,0,0,0
WBGene00165829.,0,0,0
WBGene00165830.,0,0,0
WBGene00165831.,0,0,0
WBGene00165832.,0,0,0
WBGene00165833.,0,0,0
WBGene00165834.,0,0,0
WBGene00165835.,0,6,6
WBGene00165836.,0,0,0
WBGene00165837.,0,0,0
WBGene00165838.,0,0,0
WBGene00165839.,0,1,1
WBGene00165840.,0,0,0
WBGene00165841.,0,0,0
WBGene00165842.,0,3,3
WBGene00165843.,0,0,0
WBGene00165844.,0,0,0
WBGene00165845.,0,0,0
WBGene00165846.,0,0,0
WBGene00165847.,0,0,0
WBGene00165848.,0,0,0
WBGene00165849.,0,0,0
WBGene00165850.,0,0,0
WBGene00165851.,0,0,0
WBGene00165852.,0,0,0
WBGene00165853.,0,0,0
WBGene00165854.,0,0,0
WBGene00165855.,0,0,0
WBGene00165856.,0,0,0
WBGene00165857.,0,0,0
WBGene00165858.,0,0,0
WBGene00165859.,0,0,0
WBGene00165860.,0,0,0
WBGene00165861.,0,0,0
WBGene00165862.,0,0,0
WBGene00165863.,0,0,0
WBGene00165864.,0,3,3
WBGene00165865.,0,0,0
WBGene00165866.,0,0,0
WBGene00165867.,0,0,0
WBGene00165868.,0,0,0
WBGene00165869.,0,0,0
WBGene00165870.,0,0,0
WBGene00165871.,0,0,0
WBGene00165872.,0,0,0
WBGene00165873.,0,0,0
WBGene00165874.,0,0,0
WBGene00165875.,0,0,0
WBGene00165876.,0,0,0
WBGene00165877.,0,1,1
WBGene00165878.,0,0,0
WBGene00165879.,0,1,1
WBGene00165880.,0,0,0
WBGene00165881.,0,3,3
WBGene00165882.,0,0,0
WBGene00165883.,0,0,0
WBGene00165884.,0,0,0
WBGene00165885.,0,0,0
WBGene00165886.,0,0,0
WBGene00165887.,0,0,0
WBGene00165888.,0,0,0
WBGene00165889.,0,0,0
WBGene00165890.,0,1,1
WBGene00165891.,0,0,0
WBGene00165892.,0,4,4
WBGene00165893.,0,6,6
WBGene00165894.,0,0,0
WBGene00165895.,0,0,0
WBGene00165896.,0,0,0
WBGene00165897.,0,0,0
WBGene00165898.,0,0,0
WBGene00165899.,0,0,0
WBGene00165900.,0,0,0
WBGene00165901.,0,0,0
WBGene00165902.,0,0,0
WBGene00165903.,0,0,0
WBGene00165904.,0,0,0
WBGene00165905.,0,0,0
WBGene00165906.,0,0,0
WBGene00165907.,0,1,1
WBGene00165908.,0,0,0
WBGene00165909.,0,0,0
WBGene00165910.,0,4,4
WBGene00165911.,0,1,1
WBGene00165912.,0,0,0
WBGene00165913.,0,1,1
WBGene00165914.,0,0,0
WBGene00165915.,0,0,0
WBGene00165916.,0,0,0
WBGene00165917.,0,0,0
WBGene00165918.,0,0,0
WBGene00165919.,0,0,0
WBGene00165920.,0,0,0
WBGene00165921.,0,0,0
WBGene00165922.,0,0,0
WBGene00165923.,0,0,0
WBGene00165924.,0,1,1
WBGene00165925.,0,0,0
WBGene00165926.,0,3,3
WBGene00165927.,0,0,0
WBGene00165928.,0,2,2
WBGene00165929.,0,0,0
WBGene00165930.,0,0,0
WBGene00165931.,0,0,0
WBGene00165932.,0,2,2
WBGene00165933.,0,1,1
WBGene00165934.,0,0,0
WBGene00165935.,0,0,0
WBGene00165936.,0,4,4
WBGene00165937.,0,0,0
WBGene00165938.,0,0,0
WBGene00165939.,0,2,2
WBGene00165940.,0,0,0
WBGene00165941.,0,0,0
WBGene00165942.,0,0,0
WBGene00165943.,0,0,0
WBGene00165944.,0,0,0
WBGene00165945.,0,0,0
WBGene00165946.,0,0,0
WBGene00165947.,0,5,5
WBGene00165948.,0,0,0
WBGene00165949.,0,13,13
WBGene00165950.,0,1,1
WBGene00165951.,0,1,1
WBGene00165952.,0,0,0
WBGene00165953.,0,0,0
WBGene00165954.,0,0,0
WBGene00165955.,0,0,0
WBGene00165956.,0,4,4
WBGene00165957.,0,0,0
WBGene00165958.,0,1,1
WBGene00165959.,0,0,0
WBGene00165960.,0,0,0
WBGene00165961.,0,0,0
WBGene00165962.,0,0,0
WBGene00165963.,0,1,1
WBGene00165964.,0,1,1
WBGene00165965.,0,0,0
WBGene00165966.,0,0,0
WBGene00165967.,0,0,0
WBGene00165968.,0,0,0
WBGene00165969.,0,0,0
WBGene00165970.,0,0,0
WBGene00165971.,0,0,0
WBGene00165972.,0,0,0
WBGene00165973.,0,0,0
WBGene00165974.,0,0,0
WBGene00165975.,0,1,1
WBGene00165976.,0,0,0
WBGene00165977.,0,0,0
WBGene00165978.,0,0,0
WBGene00165979.,0,0,0
WBGene00165980.,0,2,2
WBGene00165981.,0,0,0
WBGene00165982.,0,0,0
WBGene00165983.,0,0,0
WBGene00165984.,0,0,0
WBGene00165985.,0,0,0
WBGene00165986.,0,0,0
WBGene00165987.,0,7,7
WBGene00165988.,0,0,0
WBGene00165989.,0,0,0
WBGene00165990.,0,23,23
WBGene00165991.,0,0,0
WBGene00165992.,0,0,0
WBGene00165993.,0,8,8
WBGene00165994.,0,0,0
WBGene00165995.,0,0,0
WBGene00165996.,0,0,0
WBGene00165997.,0,0,0
WBGene00165998.,0,0,0
WBGene00165999.,0,0,0
WBGene00166000.,0,0,0
WBGene00166001.,0,0,0
WBGene00166002.,0,0,0
WBGene00166003.,0,1,1
WBGene00166004.,0,0,0
WBGene00166005.,0,0,0
WBGene00166006.,0,0,0
WBGene00166007.,0,0,0
WBGene00166008.,0,0,0
WBGene00166009.,0,1,1
WBGene00166010.,0,0,0
WBGene00166011.,0,0,0
WBGene00166012.,0,0,0
WBGene00166013.,0,0,0
WBGene00166014.,0,0,0
WBGene00166015.,0,0,0
WBGene00166016.,0,0,0
WBGene00166017.,0,0,0
WBGene00166018.,0,0,0
WBGene00166019.,0,0,0
WBGene00166020.,0,0,0
WBGene00166021.,0,2,2
WBGene00166022.,0,1,1
WBGene00166023.,0,0,0
WBGene00166024.,0,2,2
WBGene00166025.,0,0,0
WBGene00166026.,0,0,0
WBGene00166027.,0,0,0
WBGene00166028.,0,1,1
WBGene00166029.,0,0,0
WBGene00166030.,0,0,0
WBGene00166031.,0,0,0
WBGene00166032.,0,0,0
WBGene00166033.,0,0,0
WBGene00166034.,0,0,0
WBGene00166035.,0,0,0
WBGene00166036.,0,0,0
WBGene00166037.,0,0,0
WBGene00166038.,0,0,0
WBGene00166039.,0,1,1
WBGene00166040.,0,0,0
WBGene00166041.,0,25,25
WBGene00166042.,0,0,0
WBGene00166043.,0,1,1
WBGene00166044.,0,0,0
WBGene00166045.,0,0,0
WBGene00166046.,0,3,3
WBGene00166047.,0,2,2
WBGene00166048.,0,0,0
WBGene00166049.,0,0,0
WBGene00166050.,0,2,2
WBGene00166051.,0,1,1
WBGene00166052.,0,0,0
WBGene00166053.,0,1,1
WBGene00166054.,0,0,0
WBGene00166055.,0,0,0
WBGene00166057.,0,0,0
WBGene00166058.,0,1,1
WBGene00166059.,0,0,0
WBGene00166060.,0,0,0
WBGene00166062.,0,0,0
WBGene00166063.,0,0,0
WBGene00166064.,0,0,0
WBGene00166065.,0,0,0
WBGene00166066.,0,0,0
WBGene00166067.,0,1,1
WBGene00166068.,0,0,0
WBGene00166069.,0,0,0
WBGene00166070.,0,0,0
WBGene00166071.,0,0,0
WBGene00166072.,0,0,0
WBGene00166073.,0,0,0
WBGene00166074.,0,0,0
WBGene00166075.,0,0,0
WBGene00166076.,0,0,0
WBGene00166077.,0,0,0
WBGene00166078.,0,0,0
WBGene00166079.,0,0,0
WBGene00166080.,0,0,0
WBGene00166081.,0,4,4
WBGene00166082.,0,3,3
WBGene00166083.,0,0,0
WBGene00166084.,0,4,4
WBGene00166085.,0,0,0
WBGene00166086.,0,0,0
WBGene00166087.,0,0,0
WBGene00166088.,0,1,1
WBGene00166089.,0,0,0
WBGene00166090.,0,0,0
WBGene00166091.,0,0,0
WBGene00166092.,0,0,0
WBGene00166093.,0,11,11
WBGene00166094.,0,0,0
WBGene00166095.,0,0,0
WBGene00166096.,0,3,3
WBGene00166097.,0,10,10
WBGene00166098.,0,0,0
WBGene00166099.,0,0,0
WBGene00166100.,0,3,3
WBGene00166101.,0,0,0
WBGene00166102.,0,0,0
WBGene00166103.,0,0,0
WBGene00166104.,0,0,0
WBGene00166105.,0,2,2
WBGene00166106.,0,0,0
WBGene00166107.,0,0,0
WBGene00166108.,0,0,0
WBGene00166109.,0,0,0
WBGene00166110.,0,0,0
WBGene00166111.,0,0,0
WBGene00166112.,0,0,0
WBGene00166113.,0,0,0
WBGene00166114.,0,0,0
WBGene00166115.,0,0,0
WBGene00166116.,0,0,0
WBGene00166117.,0,0,0
WBGene00166118.,0,0,0
WBGene00166119.,0,0,0
WBGene00166120.,0,1,1
WBGene00166121.,0,0,0
WBGene00166122.,0,0,0
WBGene00166123.,0,0,0
WBGene00166124.,0,0,0
WBGene00166125.,0,0,0
WBGene00166126.,0,0,0
WBGene00166127.,0,0,0
WBGene00166128.,0,0,0
WBGene00166129.,0,0,0
WBGene00166130.,0,0,0
WBGene00166131.,0,0,0
WBGene00166132.,0,0,0
WBGene00166133.,0,0,0
WBGene00166134.,0,0,0
WBGene00166135.,0,0,0
WBGene00166136.,0,0,0
WBGene00166137.,0,0,0
WBGene00166138.,0,0,0
WBGene00166139.,0,0,0
WBGene00166140.,0,0,0
WBGene00166141.,0,4,4
WBGene00166142.,0,0,0
WBGene00166143.,0,0,0
WBGene00166144.,0,0,0
WBGene00166145.,0,0,0
WBGene00166146.,0,0,0
WBGene00166147.,0,0,0
WBGene00166148.,0,0,0
WBGene00166149.,0,0,0
WBGene00166150.,0,0,0
WBGene00166151.,0,0,0
WBGene00166152.,0,0,0
WBGene00166153.,0,0,0
WBGene00166154.,0,0,0
WBGene00166155.,0,1,1
WBGene00166156.,0,2,2
WBGene00166157.,0,0,0
WBGene00166158.,0,0,0
WBGene00166159.,0,0,0
WBGene00166160.,0,7,7
WBGene00166161.,0,0,0
WBGene00166162.,0,0,0
WBGene00166163.,0,0,0
WBGene00166164.,0,3,3
WBGene00166165.,0,0,0
WBGene00166166.,0,0,0
WBGene00166167.,0,0,0
WBGene00166168.,0,0,0
WBGene00166169.,0,0,0
WBGene00166170.,0,0,0
WBGene00166171.,0,0,0
WBGene00166172.,0,0,0
WBGene00166173.,0,0,0
WBGene00166174.,0,3,3
WBGene00166175.,0,0,0
WBGene00166176.,0,1,1
WBGene00166177.,0,0,0
WBGene00166178.,0,0,0
WBGene00166179.,0,0,0
WBGene00166180.,0,0,0
WBGene00166181.,0,0,0
WBGene00166182.,0,0,0
WBGene00166183.,0,6,6
WBGene00166184.,0,0,0
WBGene00166185.,0,0,0
WBGene00166186.,0,1,1
WBGene00166187.,0,0,0
WBGene00166188.,0,0,0
WBGene00166189.,0,0,0
WBGene00166190.,0,0,0
WBGene00166191.,0,0,0
WBGene00166192.,0,2,2
WBGene00166193.,0,1,1
WBGene00166194.,0,0,0
WBGene00166195.,0,0,0
WBGene00166196.,0,0,0
WBGene00166197.,0,0,0
WBGene00166198.,0,0,0
WBGene00166199.,0,0,0
WBGene00166200.,0,0,0
WBGene00166201.,0,0,0
WBGene00166202.,0,0,0
WBGene00166203.,0,0,0
WBGene00166204.,0,0,0
WBGene00166205.,0,2,2
WBGene00166206.,0,0,0
WBGene00166207.,0,0,0
WBGene00166208.,0,0,0
WBGene00166209.,0,0,0
WBGene00166210.,0,0,0
WBGene00166211.,0,0,0
WBGene00166212.,0,0,0
WBGene00166213.,0,0,0
WBGene00166214.,0,0,0
WBGene00166215.,0,0,0
WBGene00166216.,0,0,0
WBGene00166217.,0,0,0
WBGene00166218.,0,0,0
WBGene00166219.,0,0,0
WBGene00166220.,0,0,0
WBGene00166221.,0,0,0
WBGene00166222.,0,0,0
WBGene00166223.,0,1,1
WBGene00166224.,0,0,0
WBGene00166225.,0,0,0
WBGene00166226.,0,0,0
WBGene00166227.,0,0,0
WBGene00166228.,0,1,1
WBGene00166229.,0,0,0
WBGene00166230.,0,0,0
WBGene00166231.,0,0,0
WBGene00166232.,0,0,0
WBGene00166233.,0,0,0
WBGene00166234.,0,0,0
WBGene00166235.,0,0,0
WBGene00166236.,0,0,0
WBGene00166237.,0,4,4
WBGene00166238.,0,0,0
WBGene00166239.,0,0,0
WBGene00166240.,0,0,0
WBGene00166241.,0,0,0
WBGene00166242.,0,1,1
WBGene00166243.,0,0,0
WBGene00166244.,0,0,0
WBGene00166245.,0,0,0
WBGene00166246.,0,0,0
WBGene00166247.,0,0,0
WBGene00166248.,0,0,0
WBGene00166249.,0,0,0
WBGene00166250.,0,0,0
WBGene00166251.,0,0,0
WBGene00166252.,0,0,0
WBGene00166253.,0,0,0
WBGene00166254.,0,0,0
WBGene00166255.,0,0,0
WBGene00166256.,0,0,0
WBGene00166257.,0,0,0
WBGene00166258.,0,0,0
WBGene00166259.,0,0,0
WBGene00166260.,0,0,0
WBGene00166261.,0,0,0
WBGene00166262.,0,2,2
WBGene00166263.,0,1,1
WBGene00166264.,0,0,0
WBGene00166265.,0,0,0
WBGene00166266.,0,0,0
WBGene00166267.,0,0,0
WBGene00166268.,0,1,1
WBGene00166269.,0,0,0
WBGene00166270.,0,1,1
WBGene00166271.,0,0,0
WBGene00166272.,0,0,0
WBGene00166273.,0,0,0
WBGene00166274.,0,0,0
WBGene00166275.,0,1,1
WBGene00166276.,0,0,0
WBGene00166277.,0,0,0
WBGene00166278.,0,0,0
WBGene00166279.,0,0,0
WBGene00166280.,0,0,0
WBGene00166281.,0,4,4
WBGene00166282.,0,0,0
WBGene00166283.,0,0,0
WBGene00166284.,0,0,0
WBGene00166285.,0,1,1
WBGene00166286.,0,0,0
WBGene00166287.,0,0,0
WBGene00166288.,0,0,0
WBGene00166289.,0,74,74
WBGene00166290.,0,0,0
WBGene00166291.,0,0,0
WBGene00166292.,0,0,0
WBGene00166293.,0,0,0
WBGene00166294.,0,0,0
WBGene00166295.,0,0,0
WBGene00166296.,0,1,1
WBGene00166297.,0,0,0
WBGene00166298.,0,0,0
WBGene00166299.,0,0,0
WBGene00166300.,0,1,1
WBGene00166301.,0,0,0
WBGene00166302.,0,0,0
WBGene00166303.,0,0,0
WBGene00166304.,0,0,0
WBGene00166305.,0,5,5
WBGene00166306.,0,0,0
WBGene00166307.,0,0,0
WBGene00166308.,0,0,0
WBGene00166309.,0,0,0
WBGene00166310.,0,0,0
WBGene00166311.,0,0,0
WBGene00166312.,0,0,0
WBGene00166313.,0,1,1
WBGene00166314.,0,2,2
WBGene00166315.,0,0,0
WBGene00166316.,0,0,0
WBGene00166317.,0,0,0
WBGene00166318.,0,0,0
WBGene00166319.,0,0,0
WBGene00166320.,0,0,0
WBGene00166321.,0,0,0
WBGene00166322.,0,0,0
WBGene00166323.,0,0,0
WBGene00166324.,0,1,1
WBGene00166325.,0,0,0
WBGene00166326.,0,0,0
WBGene00166327.,0,0,0
WBGene00166328.,0,0,0
WBGene00166329.,0,0,0
WBGene00166330.,0,0,0
WBGene00166331.,0,0,0
WBGene00166332.,0,1,1
WBGene00166333.,0,0,0
WBGene00166334.,0,0,0
WBGene00166335.,0,0,0
WBGene00166336.,0,0,0
WBGene00166337.,0,0,0
WBGene00166338.,0,0,0
WBGene00166339.,0,1,1
WBGene00166340.,0,0,0
WBGene00166341.,0,0,0
WBGene00166342.,0,0,0
WBGene00166343.,0,0,0
WBGene00166344.,0,0,0
WBGene00166345.,0,0,0
WBGene00166346.,0,3,3
WBGene00166347.,0,0,0
WBGene00166348.,0,0,0
WBGene00166349.,0,0,0
WBGene00166350.,0,0,0
WBGene00166351.,0,0,0
WBGene00166352.,0,0,0
WBGene00166353.,0,0,0
WBGene00166354.,0,0,0
WBGene00166355.,0,0,0
WBGene00166356.,0,0,0
WBGene00166357.,0,0,0
WBGene00166358.,0,0,0
WBGene00166359.,0,0,0
WBGene00166360.,0,0,0
WBGene00166361.,0,0,0
WBGene00166362.,0,0,0
WBGene00166363.,0,0,0
WBGene00166364.,0,1,1
WBGene00166365.,0,0,0
WBGene00166366.,0,1,1
WBGene00166367.,0,0,0
WBGene00166368.,0,0,0
WBGene00166369.,0,0,0
WBGene00166370.,0,0,0
WBGene00166371.,0,0,0
WBGene00166372.,0,0,0
WBGene00166373.,0,0,0
WBGene00166374.,0,2,2
WBGene00166375.,0,0,0
WBGene00166376.,0,0,0
WBGene00166377.,0,7,7
WBGene00166378.,0,1,1
WBGene00166379.,0,0,0
WBGene00166380.,0,0,0
WBGene00166381.,0,0,0
WBGene00166382.,0,0,0
WBGene00166383.,0,0,0
WBGene00166384.,0,0,0
WBGene00166385.,0,0,0
WBGene00166386.,0,0,0
WBGene00166387.,0,0,0
WBGene00166388.,0,0,0
WBGene00166389.,0,1,1
WBGene00166390.,0,0,0
WBGene00166391.,0,0,0
WBGene00166392.,0,0,0
WBGene00166393.,0,0,0
WBGene00166394.,0,0,0
WBGene00166395.,0,0,0
WBGene00166396.,0,0,0
WBGene00166397.,0,10,10
WBGene00166398.,0,0,0
WBGene00166399.,0,2,2
WBGene00166400.,0,0,0
WBGene00166401.,0,1,1
WBGene00166402.,0,0,0
WBGene00166403.,0,0,0
WBGene00166404.,0,0,0
WBGene00166405.,0,1,1
WBGene00166406.,0,0,0
WBGene00166407.,0,0,0
WBGene00166408.,0,0,0
WBGene00166409.,0,0,0
WBGene00166410.,0,0,0
WBGene00166411.,0,0,0
WBGene00166412.,0,15,15
WBGene00166413.,0,0,0
WBGene00166414.,0,0,0
WBGene00166415.,0,0,0
WBGene00166416.,0,0,0
WBGene00166417.,0,0,0
WBGene00166418.,0,0,0
WBGene00166419.,0,0,0
WBGene00166420.,0,1,1
WBGene00166421.,0,0,0
WBGene00166422.,0,0,0
WBGene00166423.,0,0,0
WBGene00166424.,0,0,0
WBGene00166425.,0,0,0
WBGene00166426.,0,0,0
WBGene00166427.,0,0,0
WBGene00166428.,0,0,0
WBGene00166429.,0,3,3
WBGene00166430.,0,0,0
WBGene00166431.,0,0,0
WBGene00166432.,0,0,0
WBGene00166433.,0,0,0
WBGene00166434.,0,0,0
WBGene00166435.,0,0,0
WBGene00166436.,0,0,0
WBGene00166437.,0,0,0
WBGene00166438.,0,4,4
WBGene00166439.,0,0,0
WBGene00166440.,0,0,0
WBGene00166441.,0,0,0
WBGene00166442.,0,1,1
WBGene00166443.,0,2,2
WBGene00166444.,0,0,0
WBGene00166445.,0,0,0
WBGene00166446.,0,2,2
WBGene00166447.,0,1,1
WBGene00166448.,0,0,0
WBGene00166449.,0,4,4
WBGene00166450.,0,1,1
WBGene00166451.,0,0,0
WBGene00166452.,0,0,0
WBGene00166453.,0,0,0
WBGene00166454.,0,0,0
WBGene00166455.,0,0,0
WBGene00166456.,0,0,0
WBGene00166457.,0,0,0
WBGene00166458.,0,0,0
WBGene00166459.,0,0,0
WBGene00166460.,0,0,0
WBGene00166461.,0,0,0
WBGene00166462.,0,1,1
WBGene00166463.,0,0,0
WBGene00166464.,0,0,0
WBGene00166465.,0,4,4
WBGene00166466.,0,0,0
WBGene00166467.,0,0,0
WBGene00166468.,0,0,0
WBGene00166469.,0,0,0
WBGene00166470.,0,0,0
WBGene00166471.,0,1,1
WBGene00166472.,0,1,1
WBGene00166473.,0,0,0
WBGene00166474.,0,0,0
WBGene00166475.,0,0,0
WBGene00166476.,0,0,0
WBGene00166477.,0,0,0
WBGene00166478.,0,0,0
WBGene00166479.,0,0,0
WBGene00166480.,0,4,4
WBGene00166481.,0,0,0
WBGene00166482.,0,0,0
WBGene00166483.,0,0,0
WBGene00166484.,0,0,0
WBGene00166485.,0,0,0
WBGene00166486.,0,0,0
WBGene00166487.,0,0,0
WBGene00166488.,0,1,1
WBGene00166489.,0,0,0
WBGene00166490.,0,0,0
WBGene00166491.,0,0,0
WBGene00166492.,0,1,1
WBGene00166493.,0,1,1
WBGene00166494.,0,0,0
WBGene00166495.,0,0,0
WBGene00166496.,0,1,1
WBGene00166497.,0,0,0
WBGene00166498.,0,0,0
WBGene00166499.,0,0,0
WBGene00166500.,0,0,0
WBGene00166501.,0,0,0
WBGene00166502.,0,0,0
WBGene00166503.,0,0,0
WBGene00166504.,0,1,1
WBGene00166505.,0,0,0
WBGene00166506.,0,0,0
WBGene00166507.,0,0,0
WBGene00166508.,0,0,0
WBGene00166509.,0,0,0
WBGene00166510.,0,0,0
WBGene00166511.,0,0,0
WBGene00166512.,0,0,0
WBGene00166513.,0,1,1
WBGene00166514.,0,0,0
WBGene00166515.,0,0,0
WBGene00166516.,0,3,3
WBGene00166517.,0,0,0
WBGene00166518.,0,0,0
WBGene00166519.,0,1,1
WBGene00166520.,0,0,0
WBGene00166521.,0,0,0
WBGene00166522.,0,0,0
WBGene00166523.,0,0,0
WBGene00166524.,0,0,0
WBGene00166525.,0,0,0
WBGene00166526.,0,0,0
WBGene00166527.,0,0,0
WBGene00166528.,0,0,0
WBGene00166529.,0,0,0
WBGene00166530.,0,1,1
WBGene00166531.,0,0,0
WBGene00166532.,0,0,0
WBGene00166533.,0,0,0
WBGene00166534.,0,0,0
WBGene00166535.,0,2,2
WBGene00166536.,0,0,0
WBGene00166537.,0,0,0
WBGene00166538.,0,0,0
WBGene00166539.,0,17,17
WBGene00166540.,0,0,0
WBGene00166541.,0,0,0
WBGene00166542.,0,0,0
WBGene00166543.,0,1,1
WBGene00166544.,0,0,0
WBGene00166545.,0,0,0
WBGene00166546.,0,3,3
WBGene00166547.,0,1,1
WBGene00166548.,0,3,3
WBGene00166549.,0,0,0
WBGene00166550.,0,0,0
WBGene00166551.,0,0,0
WBGene00166552.,0,0,0
WBGene00166553.,0,0,0
WBGene00166554.,0,0,0
WBGene00166555.,0,0,0
WBGene00166556.,0,0,0
WBGene00166557.,0,0,0
WBGene00166558.,0,0,0
WBGene00166559.,0,0,0
WBGene00166560.,0,0,0
WBGene00166561.,0,0,0
WBGene00166562.,0,2,2
WBGene00166563.,0,0,0
WBGene00166564.,0,3,3
WBGene00166565.,0,0,0
WBGene00166566.,0,2,2
WBGene00166567.,0,0,0
WBGene00166568.,0,0,0
WBGene00166569.,0,0,0
WBGene00166570.,0,0,0
WBGene00166571.,0,0,0
WBGene00166572.,0,0,0
WBGene00166573.,0,0,0
WBGene00166574.,0,0,0
WBGene00166575.,0,0,0
WBGene00166576.,0,2,2
WBGene00166577.,0,1,1
WBGene00166578.,0,0,0
WBGene00166579.,0,0,0
WBGene00166580.,0,0,0
WBGene00166581.,0,3,3
WBGene00166582.,0,0,0
WBGene00166583.,0,0,0
WBGene00166584.,0,0,0
WBGene00166585.,0,0,0
WBGene00166586.,0,0,0
WBGene00166587.,0,0,0
WBGene00166588.,0,0,0
WBGene00166589.,0,0,0
WBGene00166590.,0,0,0
WBGene00166591.,0,3,3
WBGene00166592.,0,0,0
WBGene00166593.,0,1,1
WBGene00166594.,0,0,0
WBGene00166595.,0,0,0
WBGene00166596.,0,0,0
WBGene00166597.,0,0,0
WBGene00166598.,0,0,0
WBGene00166599.,0,0,0
WBGene00166600.,0,0,0
WBGene00166601.,0,0,0
WBGene00166602.,0,0,0
WBGene00166603.,0,0,0
WBGene00166604.,0,0,0
WBGene00166605.,0,0,0
WBGene00166606.,0,0,0
WBGene00166607.,0,0,0
WBGene00166608.,0,0,0
WBGene00166609.,0,2,2
WBGene00166610.,0,0,0
WBGene00166611.,0,0,0
WBGene00166612.,0,1,1
WBGene00166613.,0,0,0
WBGene00166614.,0,0,0
WBGene00166615.,0,0,0
WBGene00166616.,0,0,0
WBGene00166617.,0,0,0
WBGene00166618.,0,0,0
WBGene00166619.,0,1,1
WBGene00166620.,0,0,0
WBGene00166621.,0,0,0
WBGene00166622.,0,0,0
WBGene00166623.,0,1,1
WBGene00166624.,0,0,0
WBGene00166625.,0,0,0
WBGene00166626.,0,0,0
WBGene00166627.,0,0,0
WBGene00166628.,0,0,0
WBGene00166629.,0,0,0
WBGene00166630.,0,0,0
WBGene00166631.,0,0,0
WBGene00166632.,0,0,0
WBGene00166633.,0,0,0
WBGene00166634.,0,0,0
WBGene00166635.,0,0,0
WBGene00166636.,0,0,0
WBGene00166637.,0,0,0
WBGene00166638.,0,0,0
WBGene00166639.,0,0,0
WBGene00166640.,0,0,0
WBGene00166641.,0,0,0
WBGene00166642.,0,0,0
WBGene00166643.,0,0,0
WBGene00166644.,0,0,0
WBGene00166645.,0,0,0
WBGene00166646.,0,0,0
WBGene00166647.,0,0,0
WBGene00166648.,0,0,0
WBGene00166649.,0,0,0
WBGene00166650.,0,0,0
WBGene00166651.,0,0,0
WBGene00166652.,0,0,0
WBGene00166653.,0,0,0
WBGene00166654.,0,0,0
WBGene00166655.,0,0,0
WBGene00166656.,0,3,3
WBGene00166657.,0,0,0
WBGene00166658.,0,2,2
WBGene00166659.,0,0,0
WBGene00166660.,0,0,0
WBGene00166661.,0,0,0
WBGene00166662.,0,7,7
WBGene00166663.,0,0,0
WBGene00166664.,0,0,0
WBGene00166665.,0,0,0
WBGene00166666.,0,0,0
WBGene00166667.,0,0,0
WBGene00166668.,0,0,0
WBGene00166669.,0,0,0
WBGene00166670.,0,0,0
WBGene00166671.,0,0,0
WBGene00166672.,0,0,0
WBGene00166673.,0,0,0
WBGene00166674.,0,0,0
WBGene00166675.,0,0,0
WBGene00166676.,0,2,2
WBGene00166677.,0,1,1
WBGene00166678.,0,0,0
WBGene00166679.,0,2,2
WBGene00166680.,0,0,0
WBGene00166681.,0,0,0
WBGene00166682.,0,0,0
WBGene00166683.,0,0,0
WBGene00166684.,0,0,0
WBGene00166685.,0,0,0
WBGene00166686.,0,0,0
WBGene00166687.,0,0,0
WBGene00166688.,0,0,0
WBGene00166689.,0,0,0
WBGene00166690.,0,0,0
WBGene00166691.,0,0,0
WBGene00166692.,0,0,0
WBGene00166693.,0,8,8
WBGene00166694.,0,0,0
WBGene00166695.,0,0,0
WBGene00166696.,0,3,3
WBGene00166697.,0,0,0
WBGene00166698.,0,0,0
WBGene00166699.,0,0,0
WBGene00166700.,0,0,0
WBGene00166701.,0,0,0
WBGene00166702.,0,0,0
WBGene00166703.,0,0,0
WBGene00166704.,0,0,0
WBGene00166705.,0,0,0
WBGene00166706.,0,0,0
WBGene00166707.,0,0,0
WBGene00166708.,0,0,0
WBGene00166709.,0,0,0
WBGene00166710.,0,0,0
WBGene00166711.,0,0,0
WBGene00166712.,0,1,1
WBGene00166713.,0,0,0
WBGene00166714.,0,0,0
WBGene00166715.,0,1,1
WBGene00166716.,0,4,4
WBGene00166717.,0,0,0
WBGene00166718.,0,0,0
WBGene00166719.,0,0,0
WBGene00166720.,0,0,0
WBGene00166721.,0,0,0
WBGene00166722.,0,0,0
WBGene00166723.,0,0,0
WBGene00166724.,0,0,0
WBGene00166725.,0,0,0
WBGene00166726.,0,0,0
WBGene00166727.,0,0,0
WBGene00166728.,0,0,0
WBGene00166729.,0,0,0
WBGene00166730.,0,1,1
WBGene00166731.,0,0,0
WBGene00166732.,0,0,0
WBGene00166733.,0,0,0
WBGene00166734.,0,0,0
WBGene00166735.,0,4,4
WBGene00166736.,0,6,6
WBGene00166737.,0,0,0
WBGene00166738.,0,0,0
WBGene00166739.,0,0,0
WBGene00166740.,0,0,0
WBGene00166741.,0,2,2
WBGene00166742.,0,0,0
WBGene00166743.,0,0,0
WBGene00166744.,0,0,0
WBGene00166745.,0,0,0
WBGene00166746.,0,0,0
WBGene00166747.,0,2,2
WBGene00166748.,0,0,0
WBGene00166749.,0,0,0
WBGene00166750.,0,0,0
WBGene00166751.,0,0,0
WBGene00166752.,0,0,0
WBGene00166753.,0,0,0
WBGene00166754.,0,0,0
WBGene00166755.,0,0,0
WBGene00166756.,0,0,0
WBGene00166757.,0,0,0
WBGene00166758.,0,0,0
WBGene00166759.,0,0,0
WBGene00166760.,0,9,9
WBGene00166761.,0,0,0
WBGene00166762.,0,0,0
WBGene00166763.,0,0,0
WBGene00166764.,0,0,0
WBGene00166765.,0,0,0
WBGene00166766.,0,0,0
WBGene00166767.,0,0,0
WBGene00166768.,0,0,0
WBGene00166769.,0,0,0
WBGene00166770.,0,0,0
WBGene00166771.,0,1,1
WBGene00166772.,0,0,0
WBGene00166773.,0,0,0
WBGene00166774.,0,0,0
WBGene00166775.,0,6,6
WBGene00166776.,0,0,0
WBGene00166777.,0,0,0
WBGene00166778.,0,0,0
WBGene00166779.,0,0,0
WBGene00166780.,0,3,3
WBGene00166781.,0,0,0
WBGene00166782.,0,0,0
WBGene00166783.,0,0,0
WBGene00166784.,0,0,0
WBGene00166785.,0,1,1
WBGene00166786.,0,2,2
WBGene00166787.,0,0,0
WBGene00166788.,0,0,0
WBGene00166789.,0,0,0
WBGene00166790.,0,0,0
WBGene00166791.,0,4,4
WBGene00166792.,0,0,0
WBGene00166793.,0,0,0
WBGene00166794.,0,2,2
WBGene00166795.,0,0,0
WBGene00166796.,0,0,0
WBGene00166797.,0,0,0
WBGene00166798.,0,0,0
WBGene00166799.,0,0,0
WBGene00166800.,0,0,0
WBGene00166801.,0,0,0
WBGene00166802.,0,0,0
WBGene00166803.,0,0,0
WBGene00166804.,0,0,0
WBGene00166805.,0,0,0
WBGene00166806.,0,0,0
WBGene00166807.,0,0,0
WBGene00166808.,0,0,0
WBGene00166809.,0,0,0
WBGene00166810.,0,0,0
WBGene00166811.,0,57,57
WBGene00166812.,0,1,1
WBGene00166813.,0,0,0
WBGene00166814.,0,0,0
WBGene00166815.,0,0,0
WBGene00166816.,0,0,0
WBGene00166817.,0,0,0
WBGene00166819.,0,0,0
WBGene00166820.,0,0,0
WBGene00166821.,0,0,0
WBGene00166822.,0,0,0
WBGene00166823.,0,0,0
WBGene00166824.,0,2,2
WBGene00166825.,0,0,0
WBGene00166826.,0,0,0
WBGene00166827.,0,0,0
WBGene00166828.,0,0,0
WBGene00166829.,0,0,0
WBGene00166830.,0,0,0
WBGene00166831.,0,2,2
WBGene00166832.,0,1,1
WBGene00166833.,0,0,0
WBGene00166834.,0,0,0
WBGene00166835.,0,0,0
WBGene00166836.,0,3,3
WBGene00166837.,0,0,0
WBGene00166838.,0,0,0
WBGene00166839.,0,0,0
WBGene00166840.,0,0,0
WBGene00166841.,0,4,4
WBGene00166842.,0,0,0
WBGene00166843.,0,0,0
WBGene00166844.,0,0,0
WBGene00166845.,0,0,0
WBGene00166846.,0,0,0
WBGene00166847.,0,0,0
WBGene00166848.,0,0,0
WBGene00166849.,0,0,0
WBGene00166850.,0,0,0
WBGene00166851.,0,0,0
WBGene00166852.,0,0,0
WBGene00166853.,0,0,0
WBGene00166854.,0,0,0
WBGene00166855.,0,0,0
WBGene00166856.,0,0,0
WBGene00166857.,0,0,0
WBGene00166858.,0,0,0
WBGene00166859.,0,0,0
WBGene00166860.,0,0,0
WBGene00166861.,0,0,0
WBGene00166862.,0,0,0
WBGene00166863.,0,0,0
WBGene00166864.,0,1,1
WBGene00166865.,0,0,0
WBGene00166866.,0,0,0
WBGene00166867.,0,0,0
WBGene00166868.,0,0,0
WBGene00166869.,0,0,0
WBGene00166870.,0,0,0
WBGene00166871.,0,0,0
WBGene00166872.,0,0,0
WBGene00166873.,0,0,0
WBGene00166874.,0,0,0
WBGene00166875.,0,0,0
WBGene00166876.,0,0,0
WBGene00166877.,0,0,0
WBGene00166878.,0,0,0
WBGene00166879.,0,0,0
WBGene00166880.,0,0,0
WBGene00166881.,0,0,0
WBGene00166882.,0,0,0
WBGene00166883.,0,0,0
WBGene00166884.,0,0,0
WBGene00166885.,0,14,14
WBGene00166886.,0,0,0
WBGene00166887.,0,0,0
WBGene00166888.,0,0,0
WBGene00166889.,0,0,0
WBGene00166890.,0,1,1
WBGene00166891.,0,0,0
WBGene00166892.,0,0,0
WBGene00166893.,0,1,1
WBGene00166894.,0,13,13
WBGene00166895.,0,0,0
WBGene00166896.,0,9,9
WBGene00166897.,0,0,0
WBGene00166898.,0,0,0
WBGene00166899.,0,0,0
WBGene00166900.,0,0,0
WBGene00166901.,0,0,0
WBGene00166902.,0,0,0
WBGene00166903.,0,0,0
WBGene00166904.,0,0,0
WBGene00166905.,0,0,0
WBGene00166906.,0,0,0
WBGene00166907.,0,0,0
WBGene00166908.,0,0,0
WBGene00166909.,0,0,0
WBGene00166910.,0,0,0
WBGene00166911.,0,2,2
WBGene00166912.,0,0,0
WBGene00166913.,0,0,0
WBGene00166914.,0,0,0
WBGene00166915.,0,0,0
WBGene00166916.,0,0,0
WBGene00166917.,0,2,2
WBGene00166918.,0,0,0
WBGene00166919.,0,0,0
WBGene00166920.,0,0,0
WBGene00166921.,0,3,3
WBGene00166922.,0,0,0
WBGene00166923.,0,0,0
WBGene00166924.,0,0,0
WBGene00166925.,0,0,0
WBGene00166926.,0,0,0
WBGene00166927.,0,0,0
WBGene00166928.,0,0,0
WBGene00166929.,0,12,12
WBGene00166930.,0,0,0
WBGene00166931.,0,0,0
WBGene00166932.,0,0,0
WBGene00166933.,0,10,10
WBGene00166934.,0,4,4
WBGene00166935.,0,0,0
WBGene00166936.,0,1,1
WBGene00166937.,0,0,0
WBGene00166938.,0,46,46
WBGene00166939.,0,0,0
WBGene00166940.,0,0,0
WBGene00166941.,0,0,0
WBGene00166942.,0,0,0
WBGene00166943.,0,0,0
WBGene00166944.,0,0,0
WBGene00166945.,0,1,1
WBGene00166946.,0,0,0
WBGene00166947.,0,0,0
WBGene00166948.,0,0,0
WBGene00166949.,0,0,0
WBGene00166950.,0,0,0
WBGene00166951.,0,0,0
WBGene00166952.,0,0,0
WBGene00166953.,0,0,0
WBGene00166954.,0,2,2
WBGene00166955.,0,0,0
WBGene00166956.,0,0,0
WBGene00166957.,0,0,0
WBGene00166958.,0,0,0
WBGene00166959.,0,0,0
WBGene00166960.,0,0,0
WBGene00166961.,0,0,0
WBGene00166962.,0,1,1
WBGene00166963.,0,0,0
WBGene00166964.,0,0,0
WBGene00166965.,0,0,0
WBGene00166966.,0,0,0
WBGene00166967.,0,0,0
WBGene00166968.,0,0,0
WBGene00166969.,0,0,0
WBGene00166970.,0,0,0
WBGene00166971.,0,0,0
WBGene00166972.,0,1,1
WBGene00166973.,0,1,1
WBGene00166974.,0,0,0
WBGene00166975.,0,3,3
WBGene00166976.,0,0,0
WBGene00166977.,0,0,0
WBGene00166978.,0,0,0
WBGene00166979.,0,0,0
WBGene00166980.,0,0,0
WBGene00166981.,0,2,2
WBGene00166982.,0,0,0
WBGene00166983.,0,0,0
WBGene00166984.,0,3,3
WBGene00166985.,0,0,0
WBGene00166986.,0,0,0
WBGene00166987.,0,0,0
WBGene00166988.,0,0,0
WBGene00166989.,0,0,0
WBGene00166990.,0,0,0
WBGene00166991.,0,0,0
WBGene00166992.,0,0,0
WBGene00166993.,0,0,0
WBGene00166994.,0,0,0
WBGene00166995.,0,0,0
WBGene00166996.,0,0,0
WBGene00166997.,0,0,0
WBGene00166998.,0,0,0
WBGene00166999.,0,0,0
WBGene00167000.,0,0,0
WBGene00167001.,0,0,0
WBGene00167002.,0,0,0
WBGene00167003.,0,0,0
WBGene00167004.,0,0,0
WBGene00167005.,0,0,0
WBGene00167006.,0,6,6
WBGene00167007.,0,0,0
WBGene00167008.,0,0,0
WBGene00167009.,0,0,0
WBGene00167010.,0,0,0
WBGene00167011.,0,1,1
WBGene00167012.,0,0,0
WBGene00167013.,0,0,0
WBGene00167014.,0,0,0
WBGene00167015.,0,0,0
WBGene00167016.,0,0,0
WBGene00167017.,0,0,0
WBGene00167018.,0,0,0
WBGene00167019.,0,0,0
WBGene00167020.,0,0,0
WBGene00167021.,0,0,0
WBGene00167022.,0,0,0
WBGene00167023.,0,0,0
WBGene00167024.,0,0,0
WBGene00167025.,0,8,8
WBGene00167026.,0,0,0
WBGene00167027.,0,0,0
WBGene00167028.,0,0,0
WBGene00167029.,0,0,0
WBGene00167030.,0,0,0
WBGene00167031.,0,0,0
WBGene00167032.,0,0,0
WBGene00167033.,0,0,0
WBGene00167034.,0,0,0
WBGene00167035.,0,3,3
WBGene00167036.,0,0,0
WBGene00167037.,0,0,0
WBGene00167038.,0,0,0
WBGene00167039.,0,2,2
WBGene00167040.,0,0,0
WBGene00167041.,0,0,0
WBGene00167042.,0,0,0
WBGene00167043.,0,0,0
WBGene00167044.,0,0,0
WBGene00167045.,0,0,0
WBGene00167046.,0,0,0
WBGene00167047.,0,0,0
WBGene00167048.,0,0,0
WBGene00167049.,0,0,0
WBGene00167050.,0,0,0
WBGene00167051.,0,0,0
WBGene00167052.,0,0,0
WBGene00167053.,0,1,1
WBGene00167054.,0,0,0
WBGene00167055.,0,0,0
WBGene00167056.,0,0,0
WBGene00167057.,0,0,0
WBGene00167058.,0,0,0
WBGene00167059.,0,0,0
WBGene00167060.,0,0,0
WBGene00167061.,0,0,0
WBGene00167062.,0,0,0
WBGene00167063.,0,0,0
WBGene00167064.,0,0,0
WBGene00167065.,0,0,0
WBGene00167066.,0,0,0
WBGene00167067.,0,0,0
WBGene00167068.,0,0,0
WBGene00167069.,0,0,0
WBGene00167070.,0,0,0
WBGene00167071.,0,0,0
WBGene00167072.,0,0,0
WBGene00167073.,0,0,0
WBGene00167074.,0,4,4
WBGene00167075.,0,0,0
WBGene00167076.,0,0,0
WBGene00167077.,0,0,0
WBGene00167078.,0,0,0
WBGene00167079.,0,0,0
WBGene00167080.,0,0,0
WBGene00167081.,0,0,0
WBGene00167082.,0,0,0
WBGene00167083.,0,0,0
WBGene00167084.,0,0,0
WBGene00167085.,0,0,0
WBGene00167086.,0,0,0
WBGene00167087.,0,1,1
WBGene00167088.,0,0,0
WBGene00167089.,0,0,0
WBGene00167090.,0,0,0
WBGene00167091.,0,1,1
WBGene00167092.,0,0,0
WBGene00167093.,0,0,0
WBGene00167094.,0,0,0
WBGene00167095.,0,0,0
WBGene00167096.,0,0,0
WBGene00167097.,0,0,0
WBGene00167098.,0,0,0
WBGene00167099.,0,0,0
WBGene00167100.,0,0,0
WBGene00167101.,0,0,0
WBGene00167102.,0,0,0
WBGene00167103.,0,4,4
WBGene00167104.,0,0,0
WBGene00167105.,0,0,0
WBGene00167106.,0,0,0
WBGene00167107.,0,0,0
WBGene00167108.,0,0,0
WBGene00167109.,0,0,0
WBGene00167110.,0,0,0
WBGene00167111.,0,0,0
WBGene00167112.,0,0,0
WBGene00167113.,0,0,0
WBGene00167114.,0,0,0
WBGene00167115.,0,0,0
WBGene00167116.,0,0,0
WBGene00167117.,0,0,0
WBGene00167118.,0,0,0
WBGene00167119.,0,0,0
WBGene00167120.,0,0,0
WBGene00167121.,0,0,0
WBGene00167122.,0,0,0
WBGene00167123.,0,0,0
WBGene00167124.,0,0,0
WBGene00167125.,0,0,0
WBGene00167126.,0,0,0
WBGene00167127.,0,0,0
WBGene00167128.,0,0,0
WBGene00167129.,0,0,0
WBGene00167130.,0,0,0
WBGene00167131.,0,0,0
WBGene00167132.,0,0,0
WBGene00167133.,0,0,0
WBGene00167134.,0,0,0
WBGene00167135.,0,0,0
WBGene00167136.,0,0,0
WBGene00167137.,0,0,0
WBGene00167138.,0,0,0
WBGene00167139.,0,0,0
WBGene00167140.,0,0,0
WBGene00167141.,0,0,0
WBGene00167142.,0,0,0
WBGene00167143.,0,0,0
WBGene00167144.,0,0,0
WBGene00167145.,0,0,0
WBGene00167146.,0,0,0
WBGene00167147.,0,0,0
WBGene00167148.,0,0,0
WBGene00167149.,0,0,0
WBGene00167150.,0,0,0
WBGene00167151.,0,0,0
WBGene00167152.,0,0,0
WBGene00167153.,0,1,1
WBGene00167154.,0,0,0
WBGene00167155.,0,0,0
WBGene00167156.,0,10,10
WBGene00167157.,0,1,1
WBGene00167158.,0,4,4
WBGene00167159.,0,0,0
WBGene00167160.,0,0,0
WBGene00167161.,0,0,0
WBGene00167162.,0,0,0
WBGene00167163.,0,1,1
WBGene00167164.,0,0,0
WBGene00167165.,0,0,0
WBGene00167166.,0,0,0
WBGene00167167.,0,0,0
WBGene00167168.,0,0,0
WBGene00167169.,0,0,0
WBGene00167170.,0,0,0
WBGene00167171.,0,3,3
WBGene00167172.,0,0,0
WBGene00167173.,0,0,0
WBGene00167174.,0,0,0
WBGene00167175.,0,0,0
WBGene00167176.,0,3,3
WBGene00167177.,0,0,0
WBGene00167178.,0,0,0
WBGene00167179.,0,0,0
WBGene00167180.,0,0,0
WBGene00167181.,0,1,1
WBGene00167182.,0,0,0
WBGene00167183.,0,0,0
WBGene00167184.,0,0,0
WBGene00167185.,0,0,0
WBGene00167186.,0,0,0
WBGene00167187.,0,0,0
WBGene00167188.,0,0,0
WBGene00167189.,0,0,0
WBGene00167190.,0,0,0
WBGene00167191.,0,0,0
WBGene00167192.,0,0,0
WBGene00167193.,0,0,0
WBGene00167194.,0,0,0
WBGene00167195.,0,0,0
WBGene00167196.,0,0,0
WBGene00167197.,0,0,0
WBGene00167198.,0,3,3
WBGene00167199.,0,3,3
WBGene00167200.,0,0,0
WBGene00167201.,0,1,1
WBGene00167202.,0,0,0
WBGene00167203.,0,0,0
WBGene00167204.,0,0,0
WBGene00167205.,0,0,0
WBGene00167206.,0,0,0
WBGene00167207.,0,9,9
WBGene00167208.,0,0,0
WBGene00167209.,0,0,0
WBGene00167210.,0,0,0
WBGene00167211.,0,0,0
WBGene00167212.,0,0,0
WBGene00167213.,0,0,0
WBGene00167214.,0,0,0
WBGene00167215.,0,0,0
WBGene00167216.,0,0,0
WBGene00167217.,0,0,0
WBGene00167218.,0,0,0
WBGene00167219.,0,0,0
WBGene00167220.,0,0,0
WBGene00167221.,0,0,0
WBGene00167222.,0,0,0
WBGene00167223.,0,0,0
WBGene00167224.,0,0,0
WBGene00167225.,0,4,4
WBGene00167226.,0,0,0
WBGene00167227.,0,0,0
WBGene00167228.,0,0,0
WBGene00167229.,0,0,0
WBGene00167230.,0,0,0
WBGene00167231.,0,0,0
WBGene00167232.,0,0,0
WBGene00167233.,0,0,0
WBGene00167234.,0,0,0
WBGene00167235.,0,0,0
WBGene00167236.,0,0,0
WBGene00167237.,0,2,2
WBGene00167238.,0,0,0
WBGene00167239.,0,0,0
WBGene00167240.,0,0,0
WBGene00167241.,0,0,0
WBGene00167242.,0,0,0
WBGene00167243.,0,0,0
WBGene00167244.,0,0,0
WBGene00167245.,0,0,0
WBGene00167246.,0,0,0
WBGene00167247.,0,0,0
WBGene00167248.,0,0,0
WBGene00167249.,0,0,0
WBGene00167250.,0,0,0
WBGene00167251.,0,0,0
WBGene00167252.,0,0,0
WBGene00167253.,0,0,0
WBGene00167254.,0,0,0
WBGene00167255.,0,0,0
WBGene00167256.,0,0,0
WBGene00167257.,0,0,0
WBGene00167258.,0,0,0
WBGene00167259.,0,0,0
WBGene00167260.,0,0,0
WBGene00167261.,0,3,3
WBGene00167262.,0,0,0
WBGene00167263.,0,0,0
WBGene00167264.,0,0,0
WBGene00167265.,0,0,0
WBGene00167266.,0,0,0
WBGene00167267.,0,0,0
WBGene00167268.,0,0,0
WBGene00167269.,0,2,2
WBGene00167270.,0,0,0
WBGene00167271.,0,0,0
WBGene00167272.,0,0,0
WBGene00167273.,0,0,0
WBGene00167274.,0,1,1
WBGene00167275.,0,0,0
WBGene00167276.,0,0,0
WBGene00167277.,0,0,0
WBGene00167278.,0,0,0
WBGene00167279.,0,15,15
WBGene00167280.,0,1,1
WBGene00167281.,0,0,0
WBGene00167282.,0,0,0
WBGene00167283.,0,0,0
WBGene00167284.,0,0,0
WBGene00167285.,0,0,0
WBGene00167286.,0,1,1
WBGene00167287.,0,0,0
WBGene00167288.,0,0,0
WBGene00167289.,0,0,0
WBGene00167290.,0,0,0
WBGene00167291.,0,0,0
WBGene00167292.,0,7,7
WBGene00167293.,0,3,3
WBGene00167294.,0,0,0
WBGene00167295.,0,0,0
WBGene00167296.,0,0,0
WBGene00167297.,0,1,1
WBGene00167298.,0,0,0
WBGene00167299.,0,1,1
WBGene00167300.,0,0,0
WBGene00167301.,0,11,11
WBGene00167302.,0,0,0
WBGene00167303.,0,1,1
WBGene00167304.,0,0,0
WBGene00167305.,0,0,0
WBGene00167306.,0,0,0
WBGene00167307.,0,0,0
WBGene00167308.,0,0,0
WBGene00167309.,0,1,1
WBGene00167310.,0,0,0
WBGene00167311.,0,0,0
WBGene00167312.,0,0,0
WBGene00167313.,0,0,0
WBGene00167314.,0,0,0
WBGene00167315.,0,0,0
WBGene00167316.,0,0,0
WBGene00167317.,0,0,0
WBGene00167318.,0,0,0
WBGene00167319.,0,0,0
WBGene00167320.,0,0,0
WBGene00167321.,0,0,0
WBGene00167322.,0,0,0
WBGene00167323.,0,2,2
WBGene00167324.,0,0,0
WBGene00167325.,0,1,1
WBGene00167326.,0,0,0
WBGene00167327.,0,0,0
WBGene00167328.,0,0,0
WBGene00167329.,0,0,0
WBGene00167330.,0,0,0
WBGene00167331.,0,0,0
WBGene00167332.,0,1,1
WBGene00167333.,0,0,0
WBGene00167334.,0,0,0
WBGene00167335.,0,0,0
WBGene00167336.,0,0,0
WBGene00167337.,0,2,2
WBGene00167338.,0,1,1
WBGene00167339.,0,0,0
WBGene00167340.,0,0,0
WBGene00167341.,0,0,0
WBGene00167342.,0,0,0
WBGene00167343.,0,0,0
WBGene00167344.,0,0,0
WBGene00167345.,0,0,0
WBGene00167346.,0,0,0
WBGene00167347.,0,0,0
WBGene00167348.,0,0,0
WBGene00167349.,0,0,0
WBGene00167350.,0,0,0
WBGene00167351.,0,0,0
WBGene00167352.,0,0,0
WBGene00167353.,0,2,2
WBGene00167354.,0,0,0
WBGene00167355.,0,0,0
WBGene00167356.,0,1,1
WBGene00167357.,0,0,0
WBGene00167358.,0,0,0
WBGene00167359.,0,0,0
WBGene00167360.,0,0,0
WBGene00167361.,0,0,0
WBGene00167362.,0,0,0
WBGene00167363.,0,0,0
WBGene00167364.,0,0,0
WBGene00167365.,0,1,1
WBGene00167366.,0,0,0
WBGene00167367.,0,0,0
WBGene00167368.,0,1,1
WBGene00167369.,0,0,0
WBGene00167370.,0,0,0
WBGene00167371.,0,0,0
WBGene00167372.,0,0,0
WBGene00167373.,0,0,0
WBGene00167374.,0,0,0
WBGene00167375.,0,0,0
WBGene00167376.,0,0,0
WBGene00167377.,0,2,2
WBGene00167378.,0,0,0
WBGene00167379.,0,0,0
WBGene00167380.,0,1,1
WBGene00167381.,0,0,0
WBGene00167382.,0,6,6
WBGene00167383.,0,0,0
WBGene00167384.,0,0,0
WBGene00167385.,0,0,0
WBGene00167386.,0,0,0
WBGene00167387.,0,0,0
WBGene00167388.,0,1,1
WBGene00167389.,0,0,0
WBGene00167390.,0,0,0
WBGene00167391.,0,0,0
WBGene00167392.,0,0,0
WBGene00167393.,0,0,0
WBGene00167394.,0,2,2
WBGene00167395.,0,0,0
WBGene00167396.,0,0,0
WBGene00167397.,0,2,2
WBGene00167398.,0,0,0
WBGene00167399.,0,0,0
WBGene00167400.,0,0,0
WBGene00167401.,0,0,0
WBGene00167402.,0,3,3
WBGene00167403.,0,0,0
WBGene00167404.,0,0,0
WBGene00167405.,0,0,0
WBGene00167406.,0,2,2
WBGene00167407.,0,0,0
WBGene00167408.,0,0,0
WBGene00167409.,0,0,0
WBGene00167410.,0,0,0
WBGene00167411.,0,0,0
WBGene00167412.,0,2,2
WBGene00167413.,0,0,0
WBGene00167414.,0,0,0
WBGene00167415.,0,0,0
WBGene00167416.,0,0,0
WBGene00167417.,0,0,0
WBGene00167418.,0,0,0
WBGene00167419.,0,0,0
WBGene00167420.,0,1,1
WBGene00167421.,0,0,0
WBGene00167422.,0,0,0
WBGene00167423.,0,0,0
WBGene00167424.,0,0,0
WBGene00167425.,0,0,0
WBGene00167426.,0,0,0
WBGene00167427.,0,0,0
WBGene00167428.,0,0,0
WBGene00167429.,0,0,0
WBGene00167430.,0,0,0
WBGene00167431.,0,0,0
WBGene00167432.,0,0,0
WBGene00167433.,0,0,0
WBGene00167434.,0,0,0
WBGene00167435.,0,0,0
WBGene00167436.,0,0,0
WBGene00167437.,0,1,1
WBGene00167438.,0,0,0
WBGene00167439.,0,1,1
WBGene00167440.,0,0,0
WBGene00167441.,0,0,0
WBGene00167442.,0,0,0
WBGene00167443.,0,0,0
WBGene00167444.,0,0,0
WBGene00167445.,0,0,0
WBGene00167446.,0,0,0
WBGene00167447.,0,2,2
WBGene00167448.,0,0,0
WBGene00167449.,0,0,0
WBGene00167450.,0,0,0
WBGene00167451.,0,0,0
WBGene00167452.,0,0,0
WBGene00167453.,0,0,0
WBGene00167454.,0,0,0
WBGene00167455.,0,1,1
WBGene00167456.,0,0,0
WBGene00167457.,0,1,1
WBGene00167458.,0,0,0
WBGene00167459.,0,0,0
WBGene00167460.,0,0,0
WBGene00167461.,0,0,0
WBGene00167462.,0,1,1
WBGene00167463.,0,0,0
WBGene00167464.,0,1,1
WBGene00167465.,0,0,0
WBGene00167466.,0,0,0
WBGene00167467.,0,0,0
WBGene00167468.,0,0,0
WBGene00167469.,0,0,0
WBGene00167470.,0,0,0
WBGene00167471.,0,0,0
WBGene00167472.,0,0,0
WBGene00167473.,0,10,10
WBGene00167474.,0,0,0
WBGene00167475.,0,0,0
WBGene00167476.,0,0,0
WBGene00167477.,0,4,4
WBGene00167478.,0,0,0
WBGene00167479.,0,0,0
WBGene00167480.,0,2,2
WBGene00167481.,0,0,0
WBGene00167482.,0,1,1
WBGene00167483.,0,0,0
WBGene00167484.,0,0,0
WBGene00167485.,0,0,0
WBGene00167487.,0,0,0
WBGene00167488.,0,0,0
WBGene00167489.,0,0,0
WBGene00167490.,0,0,0
WBGene00167491.,0,0,0
WBGene00167492.,0,0,0
WBGene00167493.,0,0,0
WBGene00167494.,0,0,0
WBGene00167495.,0,1,1
WBGene00167496.,0,0,0
WBGene00167497.,0,0,0
WBGene00167498.,0,0,0
WBGene00167499.,0,0,0
WBGene00167500.,0,0,0
WBGene00167501.,0,0,0
WBGene00167502.,0,2,2
WBGene00167503.,0,0,0
WBGene00167504.,0,0,0
WBGene00167505.,0,0,0
WBGene00167506.,0,0,0
WBGene00167507.,0,8,8
WBGene00167508.,0,0,0
WBGene00167509.,0,0,0
WBGene00167510.,0,0,0
WBGene00167511.,0,1,1
WBGene00167512.,0,0,0
WBGene00167513.,0,0,0
WBGene00167514.,0,0,0
WBGene00167515.,0,0,0
WBGene00167516.,0,0,0
WBGene00167517.,0,0,0
WBGene00167518.,0,0,0
WBGene00167519.,0,0,0
WBGene00167520.,0,0,0
WBGene00167521.,0,0,0
WBGene00167522.,0,0,0
WBGene00167523.,0,0,0
WBGene00167524.,0,2,2
WBGene00167525.,0,0,0
WBGene00167526.,0,0,0
WBGene00167527.,0,0,0
WBGene00167528.,0,0,0
WBGene00167529.,0,1,1
WBGene00167530.,0,0,0
WBGene00167531.,0,0,0
WBGene00167532.,0,0,0
WBGene00167533.,0,1,1
WBGene00167534.,0,0,0
WBGene00167535.,0,2,2
WBGene00167536.,0,6,6
WBGene00167537.,0,3,3
WBGene00167538.,0,0,0
WBGene00167539.,0,1,1
WBGene00167540.,0,0,0
WBGene00167541.,0,0,0
WBGene00167542.,0,0,0
WBGene00167543.,0,0,0
WBGene00167544.,0,6,6
WBGene00167545.,0,1,1
WBGene00167546.,0,0,0
WBGene00167547.,0,0,0
WBGene00167548.,0,0,0
WBGene00167549.,0,0,0
WBGene00167550.,0,3,3
WBGene00167551.,0,0,0
WBGene00167552.,0,0,0
WBGene00167553.,0,0,0
WBGene00167554.,0,0,0
WBGene00167555.,0,0,0
WBGene00167556.,0,0,0
WBGene00167557.,0,0,0
WBGene00167558.,0,0,0
WBGene00167559.,0,0,0
WBGene00167560.,0,1,1
WBGene00167561.,0,9,9
WBGene00167562.,0,0,0
WBGene00167563.,0,0,0
WBGene00167564.,0,0,0
WBGene00167565.,0,0,0
WBGene00167566.,0,0,0
WBGene00167567.,0,0,0
WBGene00167568.,0,0,0
WBGene00167569.,0,0,0
WBGene00167570.,0,0,0
WBGene00167571.,0,0,0
WBGene00167572.,0,0,0
WBGene00167573.,0,0,0
WBGene00167574.,0,0,0
WBGene00167575.,0,0,0
WBGene00167576.,0,0,0
WBGene00167577.,0,0,0
WBGene00167578.,0,0,0
WBGene00167579.,0,0,0
WBGene00167580.,0,0,0
WBGene00167581.,0,0,0
WBGene00167582.,0,0,0
WBGene00167583.,0,0,0
WBGene00167584.,0,0,0
WBGene00167585.,0,0,0
WBGene00167586.,0,0,0
WBGene00167587.,0,2,2
WBGene00167588.,0,0,0
WBGene00167589.,0,0,0
WBGene00167590.,0,0,0
WBGene00167591.,0,0,0
WBGene00167592.,0,0,0
WBGene00167593.,0,0,0
WBGene00167594.,0,0,0
WBGene00167595.,0,0,0
WBGene00167596.,0,0,0
WBGene00167597.,0,0,0
WBGene00167598.,0,0,0
WBGene00167599.,0,0,0
WBGene00167600.,0,0,0
WBGene00167601.,0,10,10
WBGene00167602.,0,0,0
WBGene00167603.,0,0,0
WBGene00167604.,0,0,0
WBGene00167605.,0,0,0
WBGene00167606.,0,0,0
WBGene00167607.,0,2,2
WBGene00167608.,0,0,0
WBGene00167609.,0,0,0
WBGene00167610.,0,5,5
WBGene00167611.,0,0,0
WBGene00167612.,0,0,0
WBGene00167613.,0,0,0
WBGene00167614.,0,3,3
WBGene00167615.,0,0,0
WBGene00167616.,0,0,0
WBGene00167617.,0,0,0
WBGene00167618.,0,0,0
WBGene00167619.,0,0,0
WBGene00167620.,0,0,0
WBGene00167621.,0,1,1
WBGene00167622.,0,0,0
WBGene00167623.,0,0,0
WBGene00167624.,0,0,0
WBGene00167625.,0,5,5
WBGene00167626.,0,0,0
WBGene00167627.,0,0,0
WBGene00167628.,0,0,0
WBGene00167629.,0,0,0
WBGene00167630.,0,0,0
WBGene00167631.,0,0,0
WBGene00167632.,0,0,0
WBGene00167633.,0,0,0
WBGene00167634.,0,0,0
WBGene00167635.,0,0,0
WBGene00167636.,0,0,0
WBGene00167637.,0,0,0
WBGene00167638.,0,0,0
WBGene00167639.,0,0,0
WBGene00167640.,0,1,1
WBGene00167641.,0,0,0
WBGene00167642.,0,4,4
WBGene00167643.,0,1,1
WBGene00167644.,0,0,0
WBGene00167645.,0,0,0
WBGene00167646.,0,0,0
WBGene00167647.,0,0,0
WBGene00167648.,0,0,0
WBGene00167649.,0,2,2
WBGene00167650.,0,0,0
WBGene00167651.,0,0,0
WBGene00167652.,0,0,0
WBGene00167653.,0,0,0
WBGene00167654.,0,0,0
WBGene00167655.,0,1,1
WBGene00167656.,0,0,0
WBGene00167657.,0,0,0
WBGene00167658.,0,0,0
WBGene00167659.,0,0,0
WBGene00167660.,0,0,0
WBGene00167661.,0,1,1
WBGene00167662.,0,4,4
WBGene00167663.,0,0,0
WBGene00167664.,0,8,8
WBGene00167665.,0,1,1
WBGene00167666.,0,0,0
WBGene00167667.,0,0,0
WBGene00167668.,0,0,0
WBGene00167669.,0,0,0
WBGene00167670.,0,0,0
WBGene00167671.,0,0,0
WBGene00167672.,0,0,0
WBGene00167673.,0,0,0
WBGene00167674.,0,0,0
WBGene00167675.,0,0,0
WBGene00167676.,0,0,0
WBGene00167677.,0,7,7
WBGene00167678.,0,0,0
WBGene00167679.,0,0,0
WBGene00167680.,0,0,0
WBGene00167681.,0,0,0
WBGene00167682.,0,6,6
WBGene00167683.,0,0,0
WBGene00167684.,0,0,0
WBGene00167685.,0,0,0
WBGene00167686.,0,0,0
WBGene00167687.,0,0,0
WBGene00167688.,0,0,0
WBGene00167689.,0,0,0
WBGene00167690.,0,0,0
WBGene00167691.,0,0,0
WBGene00167692.,0,0,0
WBGene00167693.,0,0,0
WBGene00167694.,0,0,0
WBGene00167695.,0,0,0
WBGene00167696.,0,0,0
WBGene00167697.,0,0,0
WBGene00167698.,0,0,0
WBGene00167699.,0,0,0
WBGene00167700.,0,0,0
WBGene00167701.,0,2,2
WBGene00167702.,0,1,1
WBGene00167703.,0,0,0
WBGene00167704.,0,0,0
WBGene00167705.,0,0,0
WBGene00167706.,0,0,0
WBGene00167707.,0,0,0
WBGene00167708.,0,0,0
WBGene00167709.,0,0,0
WBGene00167710.,0,0,0
WBGene00167711.,0,0,0
WBGene00167712.,0,0,0
WBGene00167713.,0,0,0
WBGene00167714.,0,0,0
WBGene00167715.,0,0,0
WBGene00167716.,0,1,1
WBGene00167717.,0,0,0
WBGene00167718.,0,0,0
WBGene00167719.,0,0,0
WBGene00167720.,0,1,1
WBGene00167721.,0,0,0
WBGene00167722.,0,0,0
WBGene00167723.,0,0,0
WBGene00167724.,0,0,0
WBGene00167725.,0,0,0
WBGene00167726.,0,0,0
WBGene00167727.,0,0,0
WBGene00167728.,0,0,0
WBGene00167729.,0,0,0
WBGene00167730.,0,1,1
WBGene00167731.,0,0,0
WBGene00167732.,0,0,0
WBGene00167733.,0,0,0
WBGene00167734.,0,0,0
WBGene00167735.,0,0,0
WBGene00167736.,0,1,1
WBGene00167737.,0,0,0
WBGene00167738.,0,0,0
WBGene00167739.,0,0,0
WBGene00167740.,0,0,0
WBGene00167741.,0,0,0
WBGene00167742.,0,0,0
WBGene00167743.,0,0,0
WBGene00167744.,0,0,0
WBGene00167745.,0,0,0
WBGene00167746.,0,1,1
WBGene00167747.,0,0,0
WBGene00167748.,0,0,0
WBGene00167749.,0,0,0
WBGene00167750.,0,1,1
WBGene00167751.,0,0,0
WBGene00167752.,0,0,0
WBGene00167753.,0,0,0
WBGene00167754.,0,0,0
WBGene00167755.,0,0,0
WBGene00167756.,0,0,0
WBGene00167757.,0,0,0
WBGene00167758.,0,0,0
WBGene00167759.,0,3,3
WBGene00167760.,0,0,0
WBGene00167761.,0,0,0
WBGene00167762.,0,0,0
WBGene00167763.,0,1,1
WBGene00167764.,0,0,0
WBGene00167765.,0,0,0
WBGene00167766.,0,0,0
WBGene00167767.,0,0,0
WBGene00167768.,0,0,0
WBGene00167769.,0,0,0
WBGene00167770.,0,0,0
WBGene00167771.,0,0,0
WBGene00167772.,0,7,7
WBGene00167773.,0,0,0
WBGene00167774.,0,0,0
WBGene00167775.,0,0,0
WBGene00167776.,0,0,0
WBGene00167777.,0,0,0
WBGene00167778.,0,0,0
WBGene00167779.,0,1,1
WBGene00167780.,0,2,2
WBGene00167781.,0,0,0
WBGene00167782.,0,0,0
WBGene00167783.,0,1,1
WBGene00167784.,0,0,0
WBGene00167785.,0,0,0
WBGene00167786.,0,1,1
WBGene00167787.,0,0,0
WBGene00167788.,0,1,1
WBGene00167789.,0,0,0
WBGene00167790.,0,0,0
WBGene00167791.,0,0,0
WBGene00167792.,0,1,1
WBGene00167793.,0,10,10
WBGene00167794.,0,0,0
WBGene00167795.,0,0,0
WBGene00167796.,0,0,0
WBGene00167797.,0,1,1
WBGene00167799.,0,0,0
WBGene00167800.,0,2,2
WBGene00167801.,0,0,0
WBGene00167802.,0,1,1
WBGene00167803.,0,3,3
WBGene00167804.,0,0,0
WBGene00167805.,0,1,1
WBGene00167806.,0,0,0
WBGene00167807.,0,0,0
WBGene00167808.,0,0,0
WBGene00167809.,0,0,0
WBGene00167810.,0,0,0
WBGene00167811.,0,0,0
WBGene00167812.,0,0,0
WBGene00167813.,0,0,0
WBGene00167814.,0,0,0
WBGene00167815.,0,0,0
WBGene00167816.,0,1,1
WBGene00167817.,0,0,0
WBGene00167818.,0,0,0
WBGene00167819.,0,0,0
WBGene00167820.,0,0,0
WBGene00167821.,0,0,0
WBGene00167822.,0,0,0
WBGene00167823.,0,0,0
WBGene00167824.,0,0,0
WBGene00167825.,0,0,0
WBGene00167826.,0,0,0
WBGene00167827.,0,0,0
WBGene00167828.,0,0,0
WBGene00167829.,0,0,0
WBGene00167830.,0,0,0
WBGene00167831.,0,0,0
WBGene00167832.,0,1,1
WBGene00167833.,0,0,0
WBGene00167834.,0,0,0
WBGene00167835.,0,0,0
WBGene00167836.,0,0,0
WBGene00167837.,0,0,0
WBGene00167838.,0,0,0
WBGene00167839.,0,0,0
WBGene00167840.,0,0,0
WBGene00167841.,0,0,0
WBGene00167842.,0,0,0
WBGene00167843.,0,0,0
WBGene00167845.,0,0,0
WBGene00167846.,0,0,0
WBGene00167847.,0,0,0
WBGene00167848.,0,0,0
WBGene00167849.,0,0,0
WBGene00167850.,0,0,0
WBGene00167851.,0,0,0
WBGene00167852.,0,0,0
WBGene00167853.,0,0,0
WBGene00167854.,0,5,5
WBGene00167855.,0,0,0
WBGene00167856.,0,0,0
WBGene00167857.,0,0,0
WBGene00167858.,0,0,0
WBGene00167859.,0,0,0
WBGene00167860.,0,4,4
WBGene00167861.,0,0,0
WBGene00167862.,0,0,0
WBGene00167863.,0,1,1
WBGene00167864.,0,0,0
WBGene00167865.,0,0,0
WBGene00167866.,0,1,1
WBGene00167867.,0,0,0
WBGene00167868.,0,0,0
WBGene00167869.,0,0,0
WBGene00167870.,0,0,0
WBGene00167871.,0,0,0
WBGene00167872.,0,8,8
WBGene00167873.,0,2,2
WBGene00167874.,0,0,0
WBGene00167875.,0,0,0
WBGene00167876.,0,0,0
WBGene00167877.,0,0,0
WBGene00167878.,0,0,0
WBGene00167879.,0,0,0
WBGene00167880.,0,0,0
WBGene00167881.,0,0,0
WBGene00167882.,0,1,1
WBGene00167883.,0,2,2
WBGene00167884.,0,0,0
WBGene00167885.,0,0,0
WBGene00167886.,0,0,0
WBGene00167887.,0,2,2
WBGene00167888.,0,1,1
WBGene00167889.,0,0,0
WBGene00167890.,0,0,0
WBGene00167891.,0,1,1
WBGene00167892.,0,0,0
WBGene00167893.,0,0,0
WBGene00167894.,0,0,0
WBGene00167895.,0,0,0
WBGene00167896.,0,0,0
WBGene00167897.,0,0,0
WBGene00167898.,0,0,0
WBGene00167899.,0,0,0
WBGene00167900.,0,0,0
WBGene00167901.,0,0,0
WBGene00167902.,0,0,0
WBGene00167903.,0,0,0
WBGene00167904.,0,0,0
WBGene00167905.,0,0,0
WBGene00167906.,0,0,0
WBGene00167907.,0,0,0
WBGene00167908.,0,0,0
WBGene00167909.,0,0,0
WBGene00167910.,0,2,2
WBGene00167911.,0,0,0
WBGene00167912.,0,0,0
WBGene00167913.,0,1,1
WBGene00167914.,0,0,0
WBGene00167915.,0,0,0
WBGene00167916.,0,1,1
WBGene00167917.,0,0,0
WBGene00167918.,0,0,0
WBGene00167919.,0,0,0
WBGene00167920.,0,0,0
WBGene00167921.,0,0,0
WBGene00167922.,0,0,0
WBGene00167923.,0,0,0
WBGene00167924.,0,0,0
WBGene00167925.,0,0,0
WBGene00167926.,0,0,0
WBGene00167927.,0,0,0
WBGene00167928.,0,0,0
WBGene00167929.,0,0,0
WBGene00167930.,0,0,0
WBGene00167931.,0,0,0
WBGene00167932.,0,0,0
WBGene00167933.,0,0,0
WBGene00167934.,0,0,0
WBGene00167935.,0,0,0
WBGene00167936.,0,0,0
WBGene00167937.,0,0,0
WBGene00167938.,0,0,0
WBGene00167939.,0,0,0
WBGene00167940.,0,0,0
WBGene00167941.,0,0,0
WBGene00167942.,0,0,0
WBGene00167943.,0,0,0
WBGene00167944.,0,0,0
WBGene00167945.,0,0,0
WBGene00167946.,0,0,0
WBGene00167947.,0,0,0
WBGene00167948.,0,2,2
WBGene00167949.,0,0,0
WBGene00167950.,0,0,0
WBGene00167951.,0,0,0
WBGene00167952.,0,0,0
WBGene00167953.,0,0,0
WBGene00167954.,0,0,0
WBGene00167955.,0,0,0
WBGene00167956.,0,0,0
WBGene00167957.,0,0,0
WBGene00167958.,0,0,0
WBGene00167959.,0,0,0
WBGene00167960.,0,0,0
WBGene00167961.,0,0,0
WBGene00167962.,0,0,0
WBGene00167963.,0,0,0
WBGene00167964.,0,0,0
WBGene00167965.,0,0,0
WBGene00167966.,0,0,0
WBGene00167967.,0,0,0
WBGene00167968.,0,0,0
WBGene00167969.,0,0,0
WBGene00167970.,0,0,0
WBGene00167971.,0,1,1
WBGene00167972.,0,0,0
WBGene00167973.,0,0,0
WBGene00167974.,0,0,0
WBGene00167975.,0,0,0
WBGene00167976.,0,0,0
WBGene00167977.,0,0,0
WBGene00167978.,0,0,0
WBGene00167979.,0,0,0
WBGene00167980.,0,0,0
WBGene00167981.,0,0,0
WBGene00167982.,0,0,0
WBGene00167983.,0,0,0
WBGene00167984.,0,0,0
WBGene00167985.,0,0,0
WBGene00167986.,0,0,0
WBGene00167987.,0,1,1
WBGene00167988.,0,0,0
WBGene00167989.,0,0,0
WBGene00167990.,0,0,0
WBGene00167991.,0,0,0
WBGene00167992.,0,0,0
WBGene00167993.,0,0,0
WBGene00167994.,0,0,0
WBGene00167995.,0,0,0
WBGene00167996.,0,2,2
WBGene00167997.,0,0,0
WBGene00167998.,0,0,0
WBGene00167999.,0,0,0
WBGene00168000.,0,0,0
WBGene00168001.,0,0,0
WBGene00168002.,0,0,0
WBGene00168003.,0,0,0
WBGene00168004.,0,0,0
WBGene00168005.,0,0,0
WBGene00168006.,0,2,2
WBGene00168007.,0,0,0
WBGene00168008.,0,0,0
WBGene00168009.,0,1,1
WBGene00168010.,0,0,0
WBGene00168011.,0,0,0
WBGene00168012.,0,0,0
WBGene00168013.,0,0,0
WBGene00168014.,0,0,0
WBGene00168015.,0,21,21
WBGene00168016.,0,0,0
WBGene00168017.,0,0,0
WBGene00168018.,0,0,0
WBGene00168019.,0,0,0
WBGene00168020.,0,5,5
WBGene00168021.,0,0,0
WBGene00168022.,0,1,1
WBGene00168023.,0,1,1
WBGene00168024.,0,10,10
WBGene00168025.,0,0,0
WBGene00168026.,0,0,0
WBGene00168027.,0,0,0
WBGene00168028.,0,3,3
WBGene00168029.,0,0,0
WBGene00168030.,0,0,0
WBGene00168031.,0,0,0
WBGene00168032.,0,0,0
WBGene00168033.,0,0,0
WBGene00168034.,0,0,0
WBGene00168035.,0,0,0
WBGene00168036.,0,0,0
WBGene00168037.,0,0,0
WBGene00168038.,0,0,0
WBGene00168039.,0,0,0
WBGene00168040.,0,0,0
WBGene00168041.,0,0,0
WBGene00168042.,0,0,0
WBGene00168043.,0,0,0
WBGene00168044.,0,0,0
WBGene00168045.,0,0,0
WBGene00168046.,0,0,0
WBGene00168047.,0,0,0
WBGene00168048.,0,0,0
WBGene00168049.,0,0,0
WBGene00168050.,0,0,0
WBGene00168051.,0,0,0
WBGene00168052.,0,0,0
WBGene00168053.,0,0,0
WBGene00168054.,0,0,0
WBGene00168055.,0,0,0
WBGene00168056.,0,0,0
WBGene00168057.,0,0,0
WBGene00168058.,0,0,0
WBGene00168059.,0,0,0
WBGene00168060.,0,0,0
WBGene00168061.,0,1,1
WBGene00168062.,0,0,0
WBGene00168063.,0,0,0
WBGene00168064.,0,0,0
WBGene00168065.,0,0,0
WBGene00168066.,0,2,2
WBGene00168067.,0,0,0
WBGene00168068.,0,0,0
WBGene00168069.,0,0,0
WBGene00168070.,0,0,0
WBGene00168071.,0,1,1
WBGene00168072.,0,0,0
WBGene00168073.,0,0,0
WBGene00168074.,0,0,0
WBGene00168075.,0,0,0
WBGene00168076.,0,0,0
WBGene00168077.,0,2,2
WBGene00168078.,0,0,0
WBGene00168079.,0,0,0
WBGene00168080.,0,0,0
WBGene00168081.,0,0,0
WBGene00168082.,0,0,0
WBGene00168083.,0,7,7
WBGene00168084.,0,0,0
WBGene00168085.,0,0,0
WBGene00168086.,0,0,0
WBGene00168087.,0,3,3
WBGene00168088.,0,0,0
WBGene00168089.,0,0,0
WBGene00168090.,0,5,5
WBGene00168091.,0,0,0
WBGene00168092.,0,18,18
WBGene00168093.,0,0,0
WBGene00168094.,0,0,0
WBGene00168095.,0,0,0
WBGene00168096.,0,1,1
WBGene00168097.,0,0,0
WBGene00168098.,0,0,0
WBGene00168099.,0,0,0
WBGene00168100.,0,0,0
WBGene00168101.,0,1,1
WBGene00168102.,0,0,0
WBGene00168103.,0,1,1
WBGene00168104.,0,0,0
WBGene00168105.,0,0,0
WBGene00168106.,0,0,0
WBGene00168107.,0,1,1
WBGene00168108.,0,0,0
WBGene00168109.,0,0,0
WBGene00168110.,0,0,0
WBGene00168111.,0,2,2
WBGene00168112.,0,0,0
WBGene00168113.,0,0,0
WBGene00168114.,0,0,0
WBGene00168115.,0,0,0
WBGene00168116.,0,1,1
WBGene00168117.,0,0,0
WBGene00168118.,0,0,0
WBGene00168119.,0,0,0
WBGene00168120.,0,6,6
WBGene00168121.,0,0,0
WBGene00168122.,0,0,0
WBGene00168123.,0,0,0
WBGene00168124.,0,1,1
WBGene00168125.,0,0,0
WBGene00168126.,0,0,0
WBGene00168127.,0,0,0
WBGene00168128.,0,0,0
WBGene00168129.,0,3,3
WBGene00168130.,0,16,16
WBGene00168131.,0,1,1
WBGene00168132.,0,0,0
WBGene00168133.,0,1,1
WBGene00168134.,0,0,0
WBGene00168135.,0,0,0
WBGene00168136.,0,0,0
WBGene00168137.,0,0,0
WBGene00168138.,0,0,0
WBGene00168139.,0,0,0
WBGene00168140.,0,0,0
WBGene00168141.,0,0,0
WBGene00168142.,0,0,0
WBGene00168143.,0,0,0
WBGene00168144.,0,0,0
WBGene00168145.,0,0,0
WBGene00168146.,0,0,0
WBGene00168147.,0,4,4
WBGene00168148.,0,0,0
WBGene00168149.,0,0,0
WBGene00168150.,0,0,0
WBGene00168151.,0,0,0
WBGene00168152.,0,1,1
WBGene00168153.,0,0,0
WBGene00168154.,0,0,0
WBGene00168155.,0,0,0
WBGene00168156.,0,1,1
WBGene00168157.,0,0,0
WBGene00168158.,0,0,0
WBGene00168159.,0,0,0
WBGene00168160.,0,0,0
WBGene00168161.,0,0,0
WBGene00168162.,0,0,0
WBGene00168163.,0,1,1
WBGene00168164.,0,0,0
WBGene00168165.,0,1,1
WBGene00168166.,0,0,0
WBGene00168167.,0,0,0
WBGene00168168.,0,0,0
WBGene00168169.,0,0,0
WBGene00168170.,0,0,0
WBGene00168171.,0,0,0
WBGene00168172.,0,0,0
WBGene00168173.,0,0,0
WBGene00168174.,0,0,0
WBGene00168175.,0,3,3
WBGene00168176.,0,0,0
WBGene00168177.,0,0,0
WBGene00168178.,0,0,0
WBGene00168179.,0,0,0
WBGene00168180.,0,0,0
WBGene00168181.,0,0,0
WBGene00168182.,0,0,0
WBGene00168183.,0,0,0
WBGene00168184.,0,0,0
WBGene00168185.,0,0,0
WBGene00168186.,0,0,0
WBGene00168187.,0,0,0
WBGene00168188.,0,15,15
WBGene00168189.,0,0,0
WBGene00168190.,0,0,0
WBGene00168191.,0,0,0
WBGene00168192.,0,1,1
WBGene00168193.,0,0,0
WBGene00168194.,0,0,0
WBGene00168195.,0,0,0
WBGene00168196.,0,0,0
WBGene00168197.,0,0,0
WBGene00168198.,0,0,0
WBGene00168199.,0,0,0
WBGene00168200.,0,0,0
WBGene00168201.,0,0,0
WBGene00168202.,0,0,0
WBGene00168203.,0,0,0
WBGene00168204.,0,0,0
WBGene00168205.,0,0,0
WBGene00168206.,0,0,0
WBGene00168207.,0,0,0
WBGene00168208.,0,0,0
WBGene00168209.,0,3,3
WBGene00168210.,0,2,2
WBGene00168211.,0,0,0
WBGene00168212.,0,0,0
WBGene00168213.,0,0,0
WBGene00168214.,0,1,1
WBGene00168215.,0,0,0
WBGene00168216.,0,0,0
WBGene00168217.,0,0,0
WBGene00168218.,0,0,0
WBGene00168219.,0,0,0
WBGene00168220.,0,0,0
WBGene00168221.,0,0,0
WBGene00168222.,0,0,0
WBGene00168223.,0,0,0
WBGene00168224.,0,0,0
WBGene00168225.,0,0,0
WBGene00168226.,0,0,0
WBGene00168227.,0,0,0
WBGene00168228.,0,0,0
WBGene00168229.,0,0,0
WBGene00168230.,0,1,1
WBGene00168231.,0,0,0
WBGene00168232.,0,0,0
WBGene00168233.,0,0,0
WBGene00168234.,0,0,0
WBGene00168235.,0,0,0
WBGene00168236.,0,2,2
WBGene00168237.,0,0,0
WBGene00168238.,0,0,0
WBGene00168239.,0,0,0
WBGene00168240.,0,0,0
WBGene00168241.,0,0,0
WBGene00168242.,0,0,0
WBGene00168243.,0,0,0
WBGene00168244.,0,0,0
WBGene00168245.,0,0,0
WBGene00168246.,0,0,0
WBGene00168247.,0,0,0
WBGene00168248.,0,0,0
WBGene00168249.,0,0,0
WBGene00168250.,0,0,0
WBGene00168251.,0,0,0
WBGene00168252.,0,0,0
WBGene00168253.,0,0,0
WBGene00168254.,0,1,1
WBGene00168255.,0,0,0
WBGene00168256.,0,0,0
WBGene00168257.,0,0,0
WBGene00168258.,0,0,0
WBGene00168259.,0,0,0
WBGene00168260.,0,0,0
WBGene00168261.,0,0,0
WBGene00168262.,0,4,4
WBGene00168263.,0,0,0
WBGene00168264.,0,2,2
WBGene00168265.,0,0,0
WBGene00168266.,0,0,0
WBGene00168267.,0,3,3
WBGene00168268.,0,0,0
WBGene00168269.,0,0,0
WBGene00168270.,0,0,0
WBGene00168271.,0,0,0
WBGene00168272.,0,0,0
WBGene00168273.,0,0,0
WBGene00168274.,0,0,0
WBGene00168275.,0,1,1
WBGene00168276.,0,0,0
WBGene00168277.,0,0,0
WBGene00168278.,0,0,0
WBGene00168279.,0,0,0
WBGene00168280.,0,0,0
WBGene00168281.,0,0,0
WBGene00168282.,0,2,2
WBGene00168283.,0,0,0
WBGene00168284.,0,0,0
WBGene00168285.,0,0,0
WBGene00168286.,0,0,0
WBGene00168287.,0,0,0
WBGene00168288.,0,0,0
WBGene00168289.,0,0,0
WBGene00168290.,0,0,0
WBGene00168291.,0,0,0
WBGene00168292.,0,0,0
WBGene00168293.,0,0,0
WBGene00168294.,0,0,0
WBGene00168295.,0,2,2
WBGene00168296.,0,0,0
WBGene00168297.,0,0,0
WBGene00168298.,0,0,0
WBGene00168299.,0,0,0
WBGene00168300.,0,1,1
WBGene00168301.,0,0,0
WBGene00168302.,0,0,0
WBGene00168303.,0,34,34
WBGene00168304.,0,0,0
WBGene00168305.,0,0,0
WBGene00168306.,0,11,11
WBGene00168307.,0,4,4
WBGene00168308.,0,0,0
WBGene00168309.,0,0,0
WBGene00168310.,0,0,0
WBGene00168311.,0,0,0
WBGene00168312.,0,1,1
WBGene00168313.,0,0,0
WBGene00168314.,0,1,1
WBGene00168315.,0,0,0
WBGene00168316.,0,0,0
WBGene00168317.,0,0,0
WBGene00168318.,0,0,0
WBGene00168319.,0,0,0
WBGene00168320.,0,0,0
WBGene00168321.,0,0,0
WBGene00168322.,0,0,0
WBGene00168323.,0,0,0
WBGene00168324.,0,1,1
WBGene00168325.,0,0,0
WBGene00168326.,0,0,0
WBGene00168327.,0,0,0
WBGene00168328.,0,0,0
WBGene00168329.,0,0,0
WBGene00168330.,0,1,1
WBGene00168331.,0,0,0
WBGene00168332.,0,0,0
WBGene00168333.,0,0,0
WBGene00168334.,0,0,0
WBGene00168335.,0,0,0
WBGene00168336.,0,0,0
WBGene00168337.,0,0,0
WBGene00168338.,0,0,0
WBGene00168339.,0,0,0
WBGene00168340.,0,0,0
WBGene00168341.,0,0,0
WBGene00168342.,0,0,0
WBGene00168343.,0,0,0
WBGene00168344.,0,0,0
WBGene00168345.,0,0,0
WBGene00168346.,0,0,0
WBGene00168347.,0,0,0
WBGene00168348.,0,0,0
WBGene00168349.,0,3,3
WBGene00168350.,0,0,0
WBGene00168351.,0,0,0
WBGene00168352.,0,0,0
WBGene00168353.,0,0,0
WBGene00168354.,0,0,0
WBGene00168355.,0,0,0
WBGene00168356.,0,0,0
WBGene00168357.,0,0,0
WBGene00168358.,0,0,0
WBGene00168359.,0,0,0
WBGene00168360.,0,0,0
WBGene00168361.,0,0,0
WBGene00168362.,0,0,0
WBGene00168363.,0,0,0
WBGene00168364.,0,0,0
WBGene00168365.,0,0,0
WBGene00168366.,0,0,0
WBGene00168367.,0,7,7
WBGene00168368.,0,0,0
WBGene00168369.,0,8,8
WBGene00168370.,0,0,0
WBGene00168371.,0,0,0
WBGene00168372.,0,0,0
WBGene00168373.,0,0,0
WBGene00168374.,0,0,0
WBGene00168375.,0,2,2
WBGene00168376.,0,0,0
WBGene00168377.,0,2,2
WBGene00168378.,0,0,0
WBGene00168379.,0,0,0
WBGene00168380.,0,0,0
WBGene00168381.,0,0,0
WBGene00168382.,0,0,0
WBGene00168383.,0,0,0
WBGene00168384.,0,0,0
WBGene00168385.,0,0,0
WBGene00168386.,0,0,0
WBGene00168387.,0,0,0
WBGene00168388.,0,39,39
WBGene00168389.,0,0,0
WBGene00168390.,0,0,0
WBGene00168391.,0,0,0
WBGene00168392.,0,0,0
WBGene00168393.,0,0,0
WBGene00168394.,0,0,0
WBGene00168395.,0,0,0
WBGene00168396.,0,3,3
WBGene00168397.,0,0,0
WBGene00168398.,0,0,0
WBGene00168399.,0,0,0
WBGene00168400.,0,0,0
WBGene00168401.,0,0,0
WBGene00168402.,0,0,0
WBGene00168403.,0,0,0
WBGene00168404.,0,0,0
WBGene00168405.,0,0,0
WBGene00168406.,0,0,0
WBGene00168407.,0,0,0
WBGene00168408.,0,0,0
WBGene00168409.,0,0,0
WBGene00168410.,0,0,0
WBGene00168411.,0,0,0
WBGene00168412.,0,0,0
WBGene00168413.,0,0,0
WBGene00168414.,0,0,0
WBGene00168415.,0,0,0
WBGene00168416.,0,0,0
WBGene00168417.,0,0,0
WBGene00168418.,0,0,0
WBGene00168419.,0,0,0
WBGene00168420.,0,0,0
WBGene00168421.,0,0,0
WBGene00168422.,0,0,0
WBGene00168423.,0,0,0
WBGene00168424.,0,0,0
WBGene00168425.,0,0,0
WBGene00168426.,0,0,0
WBGene00168427.,0,0,0
WBGene00168428.,0,0,0
WBGene00168429.,0,0,0
WBGene00168430.,0,0,0
WBGene00168431.,0,0,0
WBGene00168432.,0,2,2
WBGene00168433.,0,1,1
WBGene00168434.,0,0,0
WBGene00168435.,0,2,2
WBGene00168436.,0,2,2
WBGene00168437.,0,0,0
WBGene00168438.,0,0,0
WBGene00168439.,0,0,0
WBGene00168440.,0,0,0
WBGene00168441.,0,0,0
WBGene00168442.,0,2,2
WBGene00168443.,0,0,0
WBGene00168444.,0,0,0
WBGene00168445.,0,0,0
WBGene00168446.,0,2,2
WBGene00168447.,0,0,0
WBGene00168448.,0,0,0
WBGene00168449.,0,0,0
WBGene00168450.,0,0,0
WBGene00168451.,0,0,0
WBGene00168452.,0,1,1
WBGene00168453.,0,0,0
WBGene00168454.,0,0,0
WBGene00168455.,0,0,0
WBGene00168456.,0,0,0
WBGene00168457.,0,16,16
WBGene00168458.,0,1,1
WBGene00168459.,0,1,1
WBGene00168460.,0,1,1
WBGene00168461.,0,0,0
WBGene00168462.,0,2,2
WBGene00168463.,0,1,1
WBGene00168464.,0,0,0
WBGene00168465.,0,1,1
WBGene00168466.,0,0,0
WBGene00168467.,0,0,0
WBGene00168468.,0,0,0
WBGene00168469.,0,0,0
WBGene00168470.,0,0,0
WBGene00168472.,0,0,0
WBGene00168473.,0,0,0
WBGene00168474.,0,0,0
WBGene00168475.,0,0,0
WBGene00168476.,0,0,0
WBGene00168477.,0,6,6
WBGene00168478.,0,0,0
WBGene00168479.,0,0,0
WBGene00168480.,0,0,0
WBGene00168481.,0,0,0
WBGene00168482.,0,0,0
WBGene00168483.,0,0,0
WBGene00168484.,0,0,0
WBGene00168485.,0,0,0
WBGene00168486.,0,0,0
WBGene00168487.,0,0,0
WBGene00168488.,0,3,3
WBGene00168489.,0,0,0
WBGene00168490.,0,0,0
WBGene00168491.,0,0,0
WBGene00168492.,0,0,0
WBGene00168493.,0,0,0
WBGene00168494.,0,1,1
WBGene00168495.,0,0,0
WBGene00168496.,0,0,0
WBGene00168497.,0,0,0
WBGene00168498.,0,0,0
WBGene00168499.,0,0,0
WBGene00168500.,0,0,0
WBGene00168501.,0,0,0
WBGene00168502.,0,0,0
WBGene00168503.,0,1,1
WBGene00168504.,0,0,0
WBGene00168505.,0,0,0
WBGene00168506.,0,0,0
WBGene00168507.,0,0,0
WBGene00168508.,0,0,0
WBGene00168509.,0,0,0
WBGene00168510.,0,4,4
WBGene00168511.,0,0,0
WBGene00168512.,0,0,0
WBGene00168513.,0,0,0
WBGene00168514.,0,0,0
WBGene00168515.,0,0,0
WBGene00168516.,0,0,0
WBGene00168517.,0,0,0
WBGene00168518.,0,0,0
WBGene00168519.,0,0,0
WBGene00168520.,0,0,0
WBGene00168521.,0,0,0
WBGene00168522.,0,0,0
WBGene00168523.,0,0,0
WBGene00168524.,0,0,0
WBGene00168525.,0,0,0
WBGene00168526.,0,0,0
WBGene00168527.,0,0,0
WBGene00168528.,0,0,0
WBGene00168529.,0,0,0
WBGene00168530.,0,0,0
WBGene00168531.,0,0,0
WBGene00168532.,0,0,0
WBGene00168533.,0,1,1
WBGene00168534.,0,0,0
WBGene00168535.,0,0,0
WBGene00168536.,0,0,0
WBGene00168537.,0,2,2
WBGene00168538.,0,0,0
WBGene00168539.,0,0,0
WBGene00168540.,0,0,0
WBGene00168541.,0,0,0
WBGene00168542.,0,0,0
WBGene00168543.,0,0,0
WBGene00168544.,0,0,0
WBGene00168545.,0,0,0
WBGene00168546.,0,0,0
WBGene00168547.,0,0,0
WBGene00168548.,0,7,7
WBGene00168549.,0,0,0
WBGene00168550.,0,0,0
WBGene00168551.,0,0,0
WBGene00168552.,0,0,0
WBGene00168553.,0,0,0
WBGene00168554.,0,0,0
WBGene00168555.,0,22,22
WBGene00168556.,0,0,0
WBGene00168557.,0,0,0
WBGene00168558.,0,0,0
WBGene00168559.,0,0,0
WBGene00168560.,0,2,2
WBGene00168561.,0,0,0
WBGene00168562.,0,0,0
WBGene00168563.,0,0,0
WBGene00168564.,0,0,0
WBGene00168565.,0,3,3
WBGene00168566.,0,0,0
WBGene00168567.,0,0,0
WBGene00168568.,0,0,0
WBGene00168569.,0,0,0
WBGene00168570.,0,0,0
WBGene00168571.,0,0,0
WBGene00168572.,0,0,0
WBGene00168573.,0,0,0
WBGene00168574.,0,0,0
WBGene00168575.,0,0,0
WBGene00168576.,0,0,0
WBGene00168577.,0,0,0
WBGene00168578.,0,0,0
WBGene00168579.,0,0,0
WBGene00168580.,0,0,0
WBGene00168581.,0,0,0
WBGene00168582.,0,0,0
WBGene00168583.,0,0,0
WBGene00168584.,0,1,1
WBGene00168585.,0,0,0
WBGene00168586.,0,0,0
WBGene00168587.,0,0,0
WBGene00168588.,0,0,0
WBGene00168589.,0,0,0
WBGene00168590.,0,0,0
WBGene00168591.,0,0,0
WBGene00168592.,0,0,0
WBGene00168593.,0,1,1
WBGene00168594.,0,0,0
WBGene00168595.,0,0,0
WBGene00168596.,0,0,0
WBGene00168597.,0,0,0
WBGene00168598.,0,0,0
WBGene00168599.,0,0,0
WBGene00168600.,0,0,0
WBGene00168601.,0,1,1
WBGene00168602.,0,0,0
WBGene00168603.,0,0,0
WBGene00168604.,0,0,0
WBGene00168605.,0,0,0
WBGene00168606.,0,0,0
WBGene00168607.,0,0,0
WBGene00168608.,0,0,0
WBGene00168609.,0,0,0
WBGene00168610.,0,4,4
WBGene00168611.,0,1,1
WBGene00168612.,0,0,0
WBGene00168613.,0,0,0
WBGene00168614.,0,0,0
WBGene00168615.,0,0,0
WBGene00168616.,0,0,0
WBGene00168617.,0,0,0
WBGene00168618.,0,0,0
WBGene00168619.,0,1,1
WBGene00168620.,0,0,0
WBGene00168621.,0,0,0
WBGene00168622.,0,2,2
WBGene00168623.,0,0,0
WBGene00168624.,0,0,0
WBGene00168625.,0,0,0
WBGene00168626.,0,2,2
WBGene00168627.,0,0,0
WBGene00168628.,0,0,0
WBGene00168629.,0,0,0
WBGene00168630.,0,4,4
WBGene00168631.,0,0,0
WBGene00168632.,0,0,0
WBGene00168633.,0,0,0
WBGene00168634.,0,0,0
WBGene00168635.,0,1,1
WBGene00168636.,0,0,0
WBGene00168637.,0,0,0
WBGene00168638.,0,0,0
WBGene00168639.,0,0,0
WBGene00168640.,0,2,2
WBGene00168641.,0,1,1
WBGene00168642.,0,2,2
WBGene00168643.,0,0,0
WBGene00168644.,0,0,0
WBGene00168645.,0,0,0
WBGene00168646.,0,0,0
WBGene00168647.,0,0,0
WBGene00168648.,0,0,0
WBGene00168649.,0,0,0
WBGene00168650.,0,0,0
WBGene00168651.,0,0,0
WBGene00168652.,0,0,0
WBGene00168653.,0,0,0
WBGene00168654.,0,4,4
WBGene00168655.,0,0,0
WBGene00168656.,0,0,0
WBGene00168657.,0,0,0
WBGene00168658.,0,1,1
WBGene00168659.,0,0,0
WBGene00168660.,0,0,0
WBGene00168661.,0,0,0
WBGene00168662.,0,4,4
WBGene00168663.,0,0,0
WBGene00168664.,0,0,0
WBGene00168665.,0,0,0
WBGene00168666.,0,0,0
WBGene00168667.,0,0,0
WBGene00168668.,0,0,0
WBGene00168669.,0,0,0
WBGene00168670.,0,0,0
WBGene00168671.,0,0,0
WBGene00168672.,0,0,0
WBGene00168673.,0,0,0
WBGene00168674.,0,0,0
WBGene00168675.,0,0,0
WBGene00168676.,0,3,3
WBGene00168677.,0,0,0
WBGene00168678.,0,0,0
WBGene00168679.,0,0,0
WBGene00168680.,0,0,0
WBGene00168681.,0,0,0
WBGene00168682.,0,0,0
WBGene00168683.,0,0,0
WBGene00168684.,0,0,0
WBGene00168685.,0,0,0
WBGene00168686.,0,0,0
WBGene00168687.,0,1,1
WBGene00168688.,0,0,0
WBGene00168689.,0,0,0
WBGene00168690.,0,7,7
WBGene00168691.,0,0,0
WBGene00168692.,0,0,0
WBGene00168693.,0,0,0
WBGene00168694.,0,0,0
WBGene00168695.,0,0,0
WBGene00168696.,0,0,0
WBGene00168697.,0,0,0
WBGene00168698.,0,0,0
WBGene00168699.,0,0,0
WBGene00168700.,0,0,0
WBGene00168701.,0,0,0
WBGene00168702.,0,0,0
WBGene00168703.,0,0,0
WBGene00168704.,0,0,0
WBGene00168705.,0,0,0
WBGene00168706.,0,0,0
WBGene00168707.,0,0,0
WBGene00168708.,0,0,0
WBGene00168709.,0,0,0
WBGene00168710.,0,1,1
WBGene00168711.,0,0,0
WBGene00168712.,0,2,2
WBGene00168713.,0,2,2
WBGene00168714.,0,0,0
WBGene00168715.,0,0,0
WBGene00168716.,0,0,0
WBGene00168717.,0,0,0
WBGene00168718.,0,0,0
WBGene00168719.,0,0,0
WBGene00168720.,0,8,8
WBGene00168721.,0,0,0
WBGene00168722.,0,0,0
WBGene00168723.,0,0,0
WBGene00168724.,0,0,0
WBGene00168725.,0,2,2
WBGene00168726.,0,0,0
WBGene00168727.,0,0,0
WBGene00168728.,0,0,0
WBGene00168729.,0,0,0
WBGene00168730.,0,3,3
WBGene00168731.,0,0,0
WBGene00168732.,0,34,34
WBGene00168733.,0,1,1
WBGene00168734.,0,0,0
WBGene00168735.,0,0,0
WBGene00168736.,0,0,0
WBGene00168737.,0,0,0
WBGene00168738.,0,0,0
WBGene00168739.,0,0,0
WBGene00168740.,0,0,0
WBGene00168741.,0,0,0
WBGene00168742.,0,0,0
WBGene00168743.,0,0,0
WBGene00168744.,0,0,0
WBGene00168745.,0,0,0
WBGene00168746.,0,0,0
WBGene00168747.,0,0,0
WBGene00168748.,0,0,0
WBGene00168749.,0,1,1
WBGene00168750.,0,0,0
WBGene00168751.,0,1,1
WBGene00168752.,0,0,0
WBGene00168753.,0,0,0
WBGene00168754.,0,0,0
WBGene00168755.,0,0,0
WBGene00168756.,0,1,1
WBGene00168757.,0,0,0
WBGene00168758.,0,0,0
WBGene00168759.,0,0,0
WBGene00168760.,0,0,0
WBGene00168761.,0,0,0
WBGene00168762.,0,0,0
WBGene00168763.,0,0,0
WBGene00168764.,0,4,4
WBGene00168765.,0,1,1
WBGene00168766.,0,0,0
WBGene00168767.,0,0,0
WBGene00168768.,0,0,0
WBGene00168769.,0,0,0
WBGene00168770.,0,0,0
WBGene00168771.,0,0,0
WBGene00168772.,0,1,1
WBGene00168773.,0,0,0
WBGene00168774.,0,0,0
WBGene00168775.,0,2,2
WBGene00168776.,0,0,0
WBGene00168777.,0,2,2
WBGene00168778.,0,0,0
WBGene00168779.,0,3,3
WBGene00168780.,0,0,0
WBGene00168781.,0,0,0
WBGene00168782.,0,0,0
WBGene00168783.,0,0,0
WBGene00168784.,0,0,0
WBGene00168785.,0,0,0
WBGene00168786.,0,0,0
WBGene00168787.,0,1,1
WBGene00168788.,0,0,0
WBGene00168789.,0,3,3
WBGene00168790.,0,2,2
WBGene00168791.,0,1,1
WBGene00168792.,0,0,0
WBGene00168793.,0,0,0
WBGene00168794.,0,0,0
WBGene00168795.,0,0,0
WBGene00168796.,0,0,0
WBGene00168797.,0,0,0
WBGene00168798.,0,0,0
WBGene00168799.,0,0,0
WBGene00168800.,0,0,0
WBGene00168801.,0,0,0
WBGene00168802.,0,1,1
WBGene00168803.,0,0,0
WBGene00168804.,0,0,0
WBGene00168805.,0,0,0
WBGene00168806.,0,0,0
WBGene00168807.,0,1,1
WBGene00168808.,0,0,0
WBGene00168809.,0,0,0
WBGene00168810.,0,0,0
WBGene00168811.,0,0,0
WBGene00168812.,0,0,0
WBGene00168813.,0,0,0
WBGene00168814.,0,0,0
WBGene00168815.,0,20,20
WBGene00168816.,0,0,0
WBGene00168817.,0,1,1
WBGene00168818.,0,0,0
WBGene00168819.,0,0,0
WBGene00168820.,0,0,0
WBGene00168821.,0,0,0
WBGene00168822.,0,0,0
WBGene00168823.,0,1,1
WBGene00168824.,0,0,0
WBGene00168825.,0,0,0
WBGene00168826.,0,0,0
WBGene00168827.,0,0,0
WBGene00168828.,0,0,0
WBGene00168829.,0,0,0
WBGene00168830.,0,0,0
WBGene00168831.,0,0,0
WBGene00168832.,0,0,0
WBGene00168833.,0,0,0
WBGene00168834.,0,0,0
WBGene00168835.,0,0,0
WBGene00168836.,0,0,0
WBGene00168837.,0,0,0
WBGene00168838.,0,0,0
WBGene00168839.,0,0,0
WBGene00168840.,0,0,0
WBGene00168841.,0,0,0
WBGene00168842.,0,0,0
WBGene00168843.,0,0,0
WBGene00168844.,0,0,0
WBGene00168845.,0,0,0
WBGene00168846.,0,0,0
WBGene00168847.,0,0,0
WBGene00168848.,0,0,0
WBGene00168849.,0,0,0
WBGene00168850.,0,0,0
WBGene00168851.,0,0,0
WBGene00168852.,0,0,0
WBGene00168853.,0,0,0
WBGene00168854.,0,1,1
WBGene00168855.,0,0,0
WBGene00168856.,0,0,0
WBGene00168857.,0,1,1
WBGene00168858.,0,0,0
WBGene00168859.,0,0,0
WBGene00168860.,0,0,0
WBGene00168861.,0,0,0
WBGene00168862.,0,2,2
WBGene00168863.,0,1,1
WBGene00168864.,0,10,10
WBGene00168865.,0,0,0
WBGene00168866.,0,7,7
WBGene00168867.,0,0,0
WBGene00168868.,0,3,3
WBGene00168869.,0,0,0
WBGene00168870.,0,0,0
WBGene00168871.,0,0,0
WBGene00168872.,0,0,0
WBGene00168873.,0,0,0
WBGene00168874.,0,0,0
WBGene00168875.,0,0,0
WBGene00168876.,0,33,33
WBGene00168877.,0,0,0
WBGene00168878.,0,0,0
WBGene00168879.,0,0,0
WBGene00168880.,0,0,0
WBGene00168881.,0,0,0
WBGene00168882.,0,1,1
WBGene00168883.,0,0,0
WBGene00168884.,0,0,0
WBGene00168885.,0,0,0
WBGene00168886.,0,0,0
WBGene00168887.,0,0,0
WBGene00168888.,0,0,0
WBGene00168889.,0,0,0
WBGene00168890.,0,0,0
WBGene00168891.,0,0,0
WBGene00168892.,0,1,1
WBGene00168893.,0,4,4
WBGene00168894.,0,0,0
WBGene00168895.,0,0,0
WBGene00168896.,0,0,0
WBGene00168897.,0,0,0
WBGene00168898.,0,0,0
WBGene00168899.,0,0,0
WBGene00168900.,0,0,0
WBGene00168901.,0,0,0
WBGene00168902.,0,0,0
WBGene00168903.,0,3,3
WBGene00168904.,0,0,0
WBGene00168905.,0,0,0
WBGene00168906.,0,0,0
WBGene00168907.,0,0,0
WBGene00168908.,0,0,0
WBGene00168909.,0,0,0
WBGene00168910.,0,0,0
WBGene00168911.,0,1,1
WBGene00168912.,0,0,0
WBGene00168913.,0,0,0
WBGene00168914.,0,7,7
WBGene00168915.,0,0,0
WBGene00168916.,0,0,0
WBGene00168917.,0,0,0
WBGene00168918.,0,0,0
WBGene00168919.,0,0,0
WBGene00168920.,0,0,0
WBGene00168921.,0,0,0
WBGene00168922.,0,0,0
WBGene00168923.,0,1,1
WBGene00168924.,0,0,0
WBGene00168925.,0,0,0
WBGene00168926.,0,0,0
WBGene00168927.,0,0,0
WBGene00168928.,0,1,1
WBGene00168929.,0,0,0
WBGene00168930.,0,0,0
WBGene00168931.,0,0,0
WBGene00168932.,0,0,0
WBGene00168933.,0,0,0
WBGene00168934.,0,1,1
WBGene00168935.,0,0,0
WBGene00168936.,0,0,0
WBGene00168937.,0,0,0
WBGene00168938.,0,0,0
WBGene00168939.,0,1,1
WBGene00168940.,0,0,0
WBGene00168941.,0,0,0
WBGene00168942.,0,0,0
WBGene00168943.,0,0,0
WBGene00168944.,0,0,0
WBGene00168945.,0,0,0
WBGene00168946.,0,0,0
WBGene00168947.,0,1,1
WBGene00168948.,0,1,1
WBGene00168949.,0,0,0
WBGene00168950.,0,0,0
WBGene00168951.,0,0,0
WBGene00168952.,0,0,0
WBGene00168953.,0,0,0
WBGene00168954.,0,2,2
WBGene00168955.,0,1,1
WBGene00168956.,0,0,0
WBGene00168957.,0,0,0
WBGene00168958.,0,1,1
WBGene00168959.,0,0,0
WBGene00168960.,0,0,0
WBGene00168961.,0,0,0
WBGene00168962.,0,0,0
WBGene00168963.,0,0,0
WBGene00168964.,0,0,0
WBGene00168965.,0,0,0
WBGene00168966.,0,3,3
WBGene00168967.,0,0,0
WBGene00168968.,0,0,0
WBGene00168969.,0,0,0
WBGene00168970.,0,9,9
WBGene00168971.,0,0,0
WBGene00168972.,0,0,0
WBGene00168973.,0,0,0
WBGene00168974.,0,1,1
WBGene00168975.,0,0,0
WBGene00168976.,0,0,0
WBGene00168977.,0,0,0
WBGene00168978.,0,0,0
WBGene00168979.,0,0,0
WBGene00168980.,0,0,0
WBGene00168981.,0,0,0
WBGene00168982.,0,0,0
WBGene00168983.,0,0,0
WBGene00168984.,0,0,0
WBGene00168985.,0,19,19
WBGene00168986.,0,0,0
WBGene00168987.,0,0,0
WBGene00168988.,0,0,0
WBGene00168989.,0,0,0
WBGene00168990.,0,2,2
WBGene00168991.,0,0,0
WBGene00168992.,0,0,0
WBGene00168993.,0,0,0
WBGene00168994.,0,0,0
WBGene00168995.,0,5,5
WBGene00168996.,0,2,2
WBGene00168997.,0,0,0
WBGene00168998.,0,0,0
WBGene00168999.,0,0,0
WBGene00169000.,0,0,0
WBGene00169001.,0,1,1
WBGene00169002.,0,0,0
WBGene00169003.,0,0,0
WBGene00169004.,0,0,0
WBGene00169005.,0,0,0
WBGene00169006.,0,2,2
WBGene00169007.,0,0,0
WBGene00169008.,0,0,0
WBGene00169009.,0,1,1
WBGene00169010.,0,0,0
WBGene00169011.,0,0,0
WBGene00169012.,0,0,0
WBGene00169013.,0,0,0
WBGene00169014.,0,0,0
WBGene00169015.,0,0,0
WBGene00169016.,0,4,4
WBGene00169017.,0,0,0
WBGene00169018.,0,0,0
WBGene00169019.,0,0,0
WBGene00169020.,0,0,0
WBGene00169021.,0,0,0
WBGene00169022.,0,0,0
WBGene00169023.,0,0,0
WBGene00169024.,0,0,0
WBGene00169025.,0,0,0
WBGene00169026.,0,0,0
WBGene00169027.,0,0,0
WBGene00169028.,0,0,0
WBGene00169029.,0,0,0
WBGene00169030.,0,0,0
WBGene00169031.,0,0,0
WBGene00169032.,0,0,0
WBGene00169033.,0,0,0
WBGene00169034.,0,0,0
WBGene00169035.,0,0,0
WBGene00169036.,0,1,1
WBGene00169037.,0,0,0
WBGene00169038.,0,0,0
WBGene00169039.,0,0,0
WBGene00169040.,0,0,0
WBGene00169041.,0,0,0
WBGene00169042.,0,0,0
WBGene00169043.,0,0,0
WBGene00169044.,0,0,0
WBGene00169045.,0,0,0
WBGene00169046.,0,3,3
WBGene00169047.,0,0,0
WBGene00169048.,0,0,0
WBGene00169049.,0,0,0
WBGene00169050.,0,1,1
WBGene00169051.,0,1,1
WBGene00169052.,0,0,0
WBGene00169053.,0,0,0
WBGene00169054.,0,3,3
WBGene00169055.,0,0,0
WBGene00169056.,0,0,0
WBGene00169057.,0,0,0
WBGene00169058.,0,2,2
WBGene00169059.,0,2,2
WBGene00169060.,0,0,0
WBGene00169061.,0,0,0
WBGene00169062.,0,0,0
WBGene00169063.,0,0,0
WBGene00169064.,0,1,1
WBGene00169065.,0,0,0
WBGene00169066.,0,1,1
WBGene00169067.,0,0,0
WBGene00169068.,0,0,0
WBGene00169069.,0,0,0
WBGene00169070.,0,0,0
WBGene00169071.,0,5,5
WBGene00169072.,0,0,0
WBGene00169073.,0,0,0
WBGene00169074.,0,0,0
WBGene00169075.,0,0,0
WBGene00169076.,0,1,1
WBGene00169077.,0,0,0
WBGene00169078.,0,1,1
WBGene00169079.,0,0,0
WBGene00169080.,0,0,0
WBGene00169081.,0,0,0
WBGene00169082.,0,0,0
WBGene00169083.,0,0,0
WBGene00169084.,0,0,0
WBGene00169085.,0,0,0
WBGene00169086.,0,0,0
WBGene00169087.,0,0,0
WBGene00169088.,0,0,0
WBGene00169089.,0,0,0
WBGene00169090.,0,0,0
WBGene00169091.,0,0,0
WBGene00169092.,0,0,0
WBGene00169093.,0,0,0
WBGene00169094.,0,0,0
WBGene00169095.,0,0,0
WBGene00169096.,0,0,0
WBGene00169097.,0,0,0
WBGene00169098.,0,1,1
WBGene00169099.,0,0,0
WBGene00169100.,0,4,4
WBGene00169101.,0,0,0
WBGene00169102.,0,0,0
WBGene00169103.,0,0,0
WBGene00169104.,0,0,0
WBGene00169105.,0,0,0
WBGene00169106.,0,0,0
WBGene00169107.,0,6,6
WBGene00169108.,0,0,0
WBGene00169109.,0,2,2
WBGene00169110.,0,0,0
WBGene00169111.,0,0,0
WBGene00169112.,0,0,0
WBGene00169113.,0,0,0
WBGene00169114.,0,0,0
WBGene00169115.,0,0,0
WBGene00169116.,0,0,0
WBGene00169117.,0,0,0
WBGene00169118.,0,0,0
WBGene00169119.,0,0,0
WBGene00169120.,0,0,0
WBGene00169121.,0,0,0
WBGene00169122.,0,0,0
WBGene00169123.,0,0,0
WBGene00169124.,0,0,0
WBGene00169125.,0,0,0
WBGene00169126.,0,0,0
WBGene00169127.,0,0,0
WBGene00169128.,0,0,0
WBGene00169129.,0,0,0
WBGene00169130.,0,0,0
WBGene00169131.,0,0,0
WBGene00169132.,0,0,0
WBGene00169133.,0,0,0
WBGene00169134.,0,2,2
WBGene00169135.,0,0,0
WBGene00169136.,0,0,0
WBGene00169137.,0,0,0
WBGene00169138.,0,0,0
WBGene00169139.,0,0,0
WBGene00169140.,0,0,0
WBGene00169141.,0,0,0
WBGene00169142.,0,0,0
WBGene00169143.,0,0,0
WBGene00169144.,0,0,0
WBGene00169145.,0,1,1
WBGene00169146.,0,0,0
WBGene00169147.,0,0,0
WBGene00169148.,0,0,0
WBGene00169149.,0,0,0
WBGene00169150.,0,7,7
WBGene00169151.,0,0,0
WBGene00169152.,0,0,0
WBGene00169153.,0,0,0
WBGene00169154.,0,0,0
WBGene00169155.,0,0,0
WBGene00169156.,0,0,0
WBGene00169157.,0,0,0
WBGene00169158.,0,0,0
WBGene00169159.,0,0,0
WBGene00169160.,0,0,0
WBGene00169161.,0,0,0
WBGene00169162.,0,1,1
WBGene00169163.,0,10,10
WBGene00169164.,0,0,0
WBGene00169165.,0,0,0
WBGene00169166.,0,0,0
WBGene00169167.,0,0,0
WBGene00169168.,0,0,0
WBGene00169169.,0,0,0
WBGene00169170.,0,0,0
WBGene00169171.,0,30,30
WBGene00169172.,0,0,0
WBGene00169173.,0,0,0
WBGene00169174.,0,0,0
WBGene00169175.,0,8,8
WBGene00169176.,0,0,0
WBGene00169177.,0,0,0
WBGene00169178.,0,0,0
WBGene00169179.,0,0,0
WBGene00169180.,0,0,0
WBGene00169181.,0,0,0
WBGene00169182.,0,0,0
WBGene00169183.,0,0,0
WBGene00169184.,0,0,0
WBGene00169185.,0,0,0
WBGene00169186.,0,0,0
WBGene00169187.,0,0,0
WBGene00169188.,0,0,0
WBGene00169189.,0,0,0
WBGene00169190.,0,0,0
WBGene00169191.,0,3,3
WBGene00169192.,0,0,0
WBGene00169193.,0,0,0
WBGene00169194.,0,0,0
WBGene00169195.,0,0,0
WBGene00169196.,0,0,0
WBGene00169197.,0,0,0
WBGene00169198.,0,0,0
WBGene00169199.,0,0,0
WBGene00169200.,0,0,0
WBGene00169201.,0,5,5
WBGene00169202.,0,0,0
WBGene00169203.,0,0,0
WBGene00169204.,0,1,1
WBGene00169205.,0,0,0
WBGene00169206.,0,0,0
WBGene00169207.,0,0,0
WBGene00169208.,0,0,0
WBGene00169209.,0,0,0
WBGene00169210.,0,0,0
WBGene00169211.,0,2,2
WBGene00169212.,0,0,0
WBGene00169213.,0,0,0
WBGene00169214.,0,5,5
WBGene00169215.,0,4,4
WBGene00169216.,0,0,0
WBGene00169217.,0,0,0
WBGene00169218.,0,0,0
WBGene00169219.,0,0,0
WBGene00169220.,0,1,1
WBGene00169221.,0,0,0
WBGene00169222.,0,5,5
WBGene00169223.,0,0,0
WBGene00169224.,0,0,0
WBGene00169225.,0,0,0
WBGene00169226.,0,0,0
WBGene00169227.,0,0,0
WBGene00169228.,0,0,0
WBGene00169229.,0,0,0
WBGene00169230.,0,0,0
WBGene00169231.,0,0,0
WBGene00169232.,0,0,0
WBGene00169233.,0,0,0
WBGene00169234.,0,0,0
WBGene00169235.,0,0,0
WBGene00169236.,0,0,0
WBGene00169237.,0,0,0
WBGene00169238.,0,0,0
WBGene00169239.,0,0,0
WBGene00169240.,0,8,8
WBGene00169242.,0,0,0
WBGene00169243.,0,0,0
WBGene00169244.,0,0,0
WBGene00169245.,0,0,0
WBGene00169246.,0,0,0
WBGene00169247.,0,0,0
WBGene00169248.,0,1,1
WBGene00169249.,0,0,0
WBGene00169250.,0,0,0
WBGene00169251.,0,0,0
WBGene00169252.,0,0,0
WBGene00169253.,0,0,0
WBGene00169254.,0,0,0
WBGene00169255.,0,0,0
WBGene00169256.,0,1,1
WBGene00169257.,0,0,0
WBGene00169258.,0,0,0
WBGene00169259.,0,0,0
WBGene00169260.,0,0,0
WBGene00169261.,0,0,0
WBGene00169262.,0,0,0
WBGene00169263.,0,0,0
WBGene00169264.,0,0,0
WBGene00169265.,0,0,0
WBGene00169266.,0,0,0
WBGene00169267.,0,0,0
WBGene00169268.,0,0,0
WBGene00169269.,0,9,9
WBGene00169270.,0,0,0
WBGene00169271.,0,0,0
WBGene00169272.,0,0,0
WBGene00169273.,0,0,0
WBGene00169274.,0,0,0
WBGene00169275.,0,0,0
WBGene00169276.,0,0,0
WBGene00169277.,0,1,1
WBGene00169278.,0,0,0
WBGene00169279.,0,0,0
WBGene00169280.,0,0,0
WBGene00169281.,0,0,0
WBGene00169282.,0,0,0
WBGene00169283.,0,0,0
WBGene00169284.,0,0,0
WBGene00169285.,0,0,0
WBGene00169286.,0,2,2
WBGene00169287.,0,0,0
WBGene00169288.,0,0,0
WBGene00169289.,0,0,0
WBGene00169290.,0,0,0
WBGene00169291.,0,0,0
WBGene00169292.,0,0,0
WBGene00169293.,0,1,1
WBGene00169294.,0,0,0
WBGene00169295.,0,0,0
WBGene00169296.,0,0,0
WBGene00169297.,0,0,0
WBGene00169298.,0,1,1
WBGene00169299.,0,0,0
WBGene00169300.,0,0,0
WBGene00169301.,0,0,0
WBGene00169302.,0,0,0
WBGene00169303.,0,0,0
WBGene00169304.,0,0,0
WBGene00169305.,0,0,0
WBGene00169306.,0,0,0
WBGene00169307.,0,0,0
WBGene00169308.,0,0,0
WBGene00169309.,0,1,1
WBGene00169310.,0,0,0
WBGene00169311.,0,0,0
WBGene00169312.,0,1,1
WBGene00169313.,0,0,0
WBGene00169314.,0,0,0
WBGene00169315.,0,0,0
WBGene00169316.,0,0,0
WBGene00169317.,0,0,0
WBGene00169318.,0,0,0
WBGene00169319.,0,0,0
WBGene00169320.,0,0,0
WBGene00169321.,0,0,0
WBGene00169322.,0,5,5
WBGene00169323.,0,0,0
WBGene00169324.,0,0,0
WBGene00169325.,0,0,0
WBGene00169326.,0,0,0
WBGene00169327.,0,0,0
WBGene00169328.,0,0,0
WBGene00169329.,0,0,0
WBGene00169330.,0,1,1
WBGene00169331.,0,0,0
WBGene00169332.,0,0,0
WBGene00169333.,0,0,0
WBGene00169334.,0,1,1
WBGene00169335.,0,3,3
WBGene00169336.,0,0,0
WBGene00169337.,0,0,0
WBGene00169338.,0,0,0
WBGene00169339.,0,0,0
WBGene00169340.,0,0,0
WBGene00169341.,0,0,0
WBGene00169342.,0,0,0
WBGene00169343.,0,0,0
WBGene00169344.,0,0,0
WBGene00169345.,0,0,0
WBGene00169346.,0,1,1
WBGene00169347.,0,0,0
WBGene00169348.,0,0,0
WBGene00169349.,0,0,0
WBGene00169350.,0,0,0
WBGene00169351.,0,0,0
WBGene00169352.,0,0,0
WBGene00169353.,0,1,1
WBGene00169354.,0,19,19
WBGene00169355.,0,0,0
WBGene00169356.,0,0,0
WBGene00169357.,0,4,4
WBGene00169358.,0,1,1
WBGene00169359.,0,0,0
WBGene00169360.,0,2,2
WBGene00169361.,0,0,0
WBGene00169362.,0,0,0
WBGene00169363.,0,0,0
WBGene00169364.,0,0,0
WBGene00169365.,0,0,0
WBGene00169366.,0,1,1
WBGene00169367.,0,0,0
WBGene00169368.,0,0,0
WBGene00169369.,0,0,0
WBGene00169370.,0,0,0
WBGene00169371.,0,0,0
WBGene00169372.,0,0,0
WBGene00169373.,0,0,0
WBGene00169374.,0,0,0
WBGene00169375.,0,0,0
WBGene00169376.,0,0,0
WBGene00169377.,0,0,0
WBGene00169378.,0,0,0
WBGene00169379.,0,1,1
WBGene00169380.,0,1,1
WBGene00169381.,0,0,0
WBGene00169382.,0,0,0
WBGene00169383.,0,0,0
WBGene00169384.,0,0,0
WBGene00169385.,0,1,1
WBGene00169386.,0,0,0
WBGene00169387.,0,0,0
WBGene00169388.,0,0,0
WBGene00169389.,0,3,3
WBGene00169390.,0,1,1
WBGene00169391.,0,0,0
WBGene00169392.,0,1,1
WBGene00169393.,0,0,0
WBGene00169394.,0,0,0
WBGene00169395.,0,0,0
WBGene00169396.,0,0,0
WBGene00169397.,0,0,0
WBGene00169398.,0,0,0
WBGene00169399.,0,0,0
WBGene00169401.,0,0,0
WBGene00169402.,0,6,6
WBGene00169403.,0,3,3
WBGene00169404.,0,0,0
WBGene00169405.,0,1,1
WBGene00169406.,0,0,0
WBGene00169407.,0,0,0
WBGene00169408.,0,0,0
WBGene00169409.,0,1,1
WBGene00169410.,0,0,0
WBGene00169411.,0,0,0
WBGene00169412.,0,0,0
WBGene00169413.,0,0,0
WBGene00169414.,0,0,0
WBGene00169415.,0,0,0
WBGene00169416.,0,3,3
WBGene00169417.,0,0,0
WBGene00169418.,0,0,0
WBGene00169419.,0,0,0
WBGene00169420.,0,0,0
WBGene00169421.,0,0,0
WBGene00169422.,0,0,0
WBGene00169423.,0,0,0
WBGene00169424.,0,0,0
WBGene00169425.,0,1,1
WBGene00169426.,0,0,0
WBGene00169427.,0,0,0
WBGene00169428.,0,0,0
WBGene00169429.,0,0,0
WBGene00169430.,0,0,0
WBGene00169431.,0,7,7
WBGene00169432.,0,0,0
WBGene00169433.,0,0,0
WBGene00169434.,0,0,0
WBGene00169435.,0,0,0
WBGene00169436.,0,0,0
WBGene00169437.,0,0,0
WBGene00169438.,0,3,3
WBGene00169439.,0,0,0
WBGene00169440.,0,0,0
WBGene00169441.,0,0,0
WBGene00169442.,0,0,0
WBGene00169443.,0,1,1
WBGene00169444.,0,0,0
WBGene00169445.,0,0,0
WBGene00169446.,0,0,0
WBGene00169447.,0,0,0
WBGene00169448.,0,0,0
WBGene00169449.,0,0,0
WBGene00169450.,0,0,0
WBGene00169451.,0,0,0
WBGene00169452.,0,0,0
WBGene00169453.,0,0,0
WBGene00169454.,0,0,0
WBGene00169455.,0,0,0
WBGene00169456.,0,0,0
WBGene00169457.,0,0,0
WBGene00169458.,0,0,0
WBGene00169459.,0,0,0
WBGene00169460.,0,0,0
WBGene00169461.,0,1,1
WBGene00169462.,0,0,0
WBGene00169463.,0,0,0
WBGene00169464.,0,0,0
WBGene00169465.,0,0,0
WBGene00169466.,0,3,3
WBGene00169467.,0,0,0
WBGene00169468.,0,0,0
WBGene00169469.,0,0,0
WBGene00169470.,0,0,0
WBGene00169471.,0,0,0
WBGene00169472.,0,0,0
WBGene00169473.,0,0,0
WBGene00169474.,0,0,0
WBGene00169475.,0,0,0
WBGene00169476.,0,0,0
WBGene00169477.,0,0,0
WBGene00169478.,0,0,0
WBGene00169479.,0,0,0
WBGene00169480.,0,0,0
WBGene00169481.,0,0,0
WBGene00169482.,0,0,0
WBGene00169483.,0,0,0
WBGene00169484.,0,0,0
WBGene00169485.,0,0,0
WBGene00169486.,0,3,3
WBGene00169487.,0,0,0
WBGene00169488.,0,0,0
WBGene00169489.,0,0,0
WBGene00169490.,0,0,0
WBGene00169491.,0,0,0
WBGene00169492.,0,0,0
WBGene00169493.,0,0,0
WBGene00169494.,0,0,0
WBGene00169495.,0,1,1
WBGene00169496.,0,0,0
WBGene00169497.,0,0,0
WBGene00169498.,0,0,0
WBGene00169499.,0,1,1
WBGene00169500.,0,0,0
WBGene00169501.,0,0,0
WBGene00169502.,0,0,0
WBGene00169503.,0,0,0
WBGene00169504.,0,0,0
WBGene00169505.,0,0,0
WBGene00169506.,0,0,0
WBGene00169507.,0,0,0
WBGene00169508.,0,0,0
WBGene00169509.,0,0,0
WBGene00169510.,0,0,0
WBGene00169511.,0,0,0
WBGene00169512.,0,0,0
WBGene00169513.,0,0,0
WBGene00169514.,0,0,0
WBGene00169515.,0,7,7
WBGene00169516.,0,0,0
WBGene00169517.,0,0,0
WBGene00169518.,0,0,0
WBGene00169519.,0,0,0
WBGene00169520.,0,0,0
WBGene00169521.,0,0,0
WBGene00169522.,0,0,0
WBGene00169523.,0,0,0
WBGene00169524.,0,0,0
WBGene00169525.,0,0,0
WBGene00169526.,0,0,0
WBGene00169527.,0,0,0
WBGene00169528.,0,1,1
WBGene00169529.,0,0,0
WBGene00169530.,0,2,2
WBGene00169531.,0,0,0
WBGene00169532.,0,0,0
WBGene00169533.,0,1,1
WBGene00169534.,0,0,0
WBGene00169535.,0,0,0
WBGene00169536.,0,0,0
WBGene00169537.,0,0,0
WBGene00169538.,0,0,0
WBGene00169539.,0,0,0
WBGene00169540.,0,2,2
WBGene00169541.,0,0,0
WBGene00169542.,0,0,0
WBGene00169543.,0,0,0
WBGene00169544.,0,0,0
WBGene00169545.,0,0,0
WBGene00169546.,0,0,0
WBGene00169547.,0,0,0
WBGene00169548.,0,0,0
WBGene00169549.,0,0,0
WBGene00169550.,0,0,0
WBGene00169551.,0,0,0
WBGene00169552.,0,0,0
WBGene00169553.,0,0,0
WBGene00169554.,0,26,26
WBGene00169555.,0,5,5
WBGene00169556.,0,0,0
WBGene00169557.,0,0,0
WBGene00169558.,0,0,0
WBGene00169559.,0,0,0
WBGene00169560.,0,0,0
WBGene00169561.,0,0,0
WBGene00169562.,0,0,0
WBGene00169563.,0,0,0
WBGene00169564.,0,0,0
WBGene00169565.,0,0,0
WBGene00169566.,0,0,0
WBGene00169567.,0,0,0
WBGene00169568.,0,1,1
WBGene00169569.,0,0,0
WBGene00169570.,0,0,0
WBGene00169571.,0,0,0
WBGene00169572.,0,0,0
WBGene00169573.,0,0,0
WBGene00169574.,0,1,1
WBGene00169575.,0,0,0
WBGene00169576.,0,0,0
WBGene00169577.,0,0,0
WBGene00169578.,0,0,0
WBGene00169579.,0,0,0
WBGene00169580.,0,0,0
WBGene00169581.,0,0,0
WBGene00169582.,0,0,0
WBGene00169583.,0,0,0
WBGene00169584.,0,0,0
WBGene00169585.,0,0,0
WBGene00169586.,0,0,0
WBGene00169587.,0,0,0
WBGene00169588.,0,1,1
WBGene00169589.,0,0,0
WBGene00169590.,0,0,0
WBGene00169591.,0,3,3
WBGene00169592.,0,1,1
WBGene00169593.,0,0,0
WBGene00169594.,0,0,0
WBGene00169595.,0,3,3
WBGene00169596.,0,0,0
WBGene00169597.,0,0,0
WBGene00169598.,0,0,0
WBGene00169599.,0,0,0
WBGene00169600.,0,0,0
WBGene00169601.,0,0,0
WBGene00169602.,0,0,0
WBGene00169603.,0,0,0
WBGene00169604.,0,0,0
WBGene00169605.,0,0,0
WBGene00169606.,0,0,0
WBGene00169607.,0,0,0
WBGene00169608.,0,0,0
WBGene00169609.,0,0,0
WBGene00169610.,0,0,0
WBGene00169611.,0,0,0
WBGene00169612.,0,0,0
WBGene00169613.,0,0,0
WBGene00169614.,0,1,1
WBGene00169615.,0,0,0
WBGene00169617.,0,0,0
WBGene00169618.,0,0,0
WBGene00169619.,0,0,0
WBGene00169620.,0,0,0
WBGene00169621.,0,0,0
WBGene00169622.,0,0,0
WBGene00169623.,0,0,0
WBGene00169624.,0,0,0
WBGene00169625.,0,0,0
WBGene00169626.,0,0,0
WBGene00169627.,0,0,0
WBGene00169628.,0,0,0
WBGene00169629.,0,0,0
WBGene00169630.,0,0,0
WBGene00169631.,0,0,0
WBGene00169632.,0,0,0
WBGene00169633.,0,0,0
WBGene00169634.,0,0,0
WBGene00169635.,0,0,0
WBGene00169636.,0,0,0
WBGene00169637.,0,0,0
WBGene00169638.,0,0,0
WBGene00169639.,0,0,0
WBGene00169640.,0,1,1
WBGene00169641.,0,0,0
WBGene00169642.,0,0,0
WBGene00169643.,0,0,0
WBGene00169644.,0,0,0
WBGene00169645.,0,8,8
WBGene00169646.,0,0,0
WBGene00169647.,0,0,0
WBGene00169648.,0,1,1
WBGene00169649.,0,0,0
WBGene00169650.,0,10,10
WBGene00169651.,0,0,0
WBGene00169652.,0,0,0
WBGene00169653.,0,0,0
WBGene00169654.,0,0,0
WBGene00169655.,0,0,0
WBGene00169656.,0,0,0
WBGene00169657.,0,0,0
WBGene00169658.,0,0,0
WBGene00169659.,0,0,0
WBGene00169660.,0,0,0
WBGene00169661.,0,0,0
WBGene00169662.,0,0,0
WBGene00169663.,0,0,0
WBGene00169664.,0,0,0
WBGene00169665.,0,0,0
WBGene00169666.,0,0,0
WBGene00169667.,0,0,0
WBGene00169668.,0,0,0
WBGene00169669.,0,0,0
WBGene00169670.,0,0,0
WBGene00169671.,0,0,0
WBGene00169672.,0,0,0
WBGene00169673.,0,0,0
WBGene00169674.,0,0,0
WBGene00169675.,0,0,0
WBGene00169676.,0,0,0
WBGene00169677.,0,4,4
WBGene00169678.,0,0,0
WBGene00169679.,0,0,0
WBGene00169680.,0,0,0
WBGene00169681.,0,6,6
WBGene00169682.,0,0,0
WBGene00169683.,0,1,1
WBGene00169684.,0,0,0
WBGene00169685.,0,0,0
WBGene00169686.,0,0,0
WBGene00169687.,0,0,0
WBGene00169688.,0,0,0
WBGene00169689.,0,0,0
WBGene00169690.,0,0,0
WBGene00169691.,0,0,0
WBGene00169692.,0,0,0
WBGene00169693.,0,0,0
WBGene00169694.,0,1,1
WBGene00169695.,0,4,4
WBGene00169696.,0,1,1
WBGene00169697.,0,0,0
WBGene00169698.,0,3,3
WBGene00169699.,0,8,8
WBGene00169700.,0,0,0
WBGene00169701.,0,0,0
WBGene00169702.,0,0,0
WBGene00169703.,0,0,0
WBGene00169704.,0,0,0
WBGene00169705.,0,0,0
WBGene00169706.,0,0,0
WBGene00169707.,0,0,0
WBGene00169708.,0,0,0
WBGene00169709.,0,0,0
WBGene00169710.,0,0,0
WBGene00169711.,0,2,2
WBGene00169712.,0,0,0
WBGene00169713.,0,0,0
WBGene00169714.,0,0,0
WBGene00169715.,0,0,0
WBGene00169716.,0,0,0
WBGene00169717.,0,1,1
WBGene00169718.,0,0,0
WBGene00169719.,0,0,0
WBGene00169720.,0,0,0
WBGene00169721.,0,0,0
WBGene00169722.,0,0,0
WBGene00169723.,0,0,0
WBGene00169724.,0,0,0
WBGene00169725.,0,2,2
WBGene00169726.,0,1,1
WBGene00169727.,0,0,0
WBGene00169728.,0,0,0
WBGene00169729.,0,0,0
WBGene00169730.,0,0,0
WBGene00169731.,0,0,0
WBGene00169732.,0,0,0
WBGene00169733.,0,0,0
WBGene00169734.,0,0,0
WBGene00169735.,0,0,0
WBGene00169736.,0,1,1
WBGene00169737.,0,0,0
WBGene00169738.,0,3,3
WBGene00169739.,0,0,0
WBGene00169740.,0,2,2
WBGene00169741.,0,0,0
WBGene00169742.,0,0,0
WBGene00169743.,0,0,0
WBGene00169744.,0,2,2
WBGene00169745.,0,0,0
WBGene00169746.,0,0,0
WBGene00169747.,0,0,0
WBGene00169748.,0,0,0
WBGene00169749.,0,0,0
WBGene00169750.,0,0,0
WBGene00169751.,0,0,0
WBGene00169752.,0,0,0
WBGene00169753.,0,0,0
WBGene00169754.,0,3,3
WBGene00169755.,0,0,0
WBGene00169756.,0,0,0
WBGene00169757.,0,0,0
WBGene00169758.,0,0,0
WBGene00169759.,0,2,2
WBGene00169760.,0,0,0
WBGene00169761.,0,0,0
WBGene00169762.,0,0,0
WBGene00169763.,0,1,1
WBGene00169764.,0,0,0
WBGene00169765.,0,0,0
WBGene00169766.,0,0,0
WBGene00169767.,0,0,0
WBGene00169768.,0,0,0
WBGene00169769.,0,0,0
WBGene00169770.,0,0,0
WBGene00169771.,0,0,0
WBGene00169772.,0,0,0
WBGene00169773.,0,0,0
WBGene00169774.,0,0,0
WBGene00169775.,0,0,0
WBGene00169776.,0,0,0
WBGene00169777.,0,0,0
WBGene00169778.,0,0,0
WBGene00169779.,0,0,0
WBGene00169780.,0,0,0
WBGene00169781.,0,0,0
WBGene00169782.,0,0,0
WBGene00169783.,0,0,0
WBGene00169784.,0,0,0
WBGene00169785.,0,0,0
WBGene00169786.,0,0,0
WBGene00169787.,0,0,0
WBGene00169788.,0,0,0
WBGene00169789.,0,0,0
WBGene00169790.,0,0,0
WBGene00169791.,0,0,0
WBGene00169792.,0,0,0
WBGene00169793.,0,0,0
WBGene00169794.,0,0,0
WBGene00169795.,0,0,0
WBGene00169796.,0,1,1
WBGene00169797.,0,0,0
WBGene00169798.,0,0,0
WBGene00169799.,0,23,23
WBGene00169800.,0,1,1
WBGene00169801.,0,1,1
WBGene00169802.,0,2,2
WBGene00169803.,0,0,0
WBGene00169804.,0,0,0
WBGene00169805.,0,0,0
WBGene00169806.,0,0,0
WBGene00169807.,0,0,0
WBGene00169808.,0,0,0
WBGene00169809.,0,0,0
WBGene00169810.,0,0,0
WBGene00169811.,0,0,0
WBGene00169812.,0,0,0
WBGene00169813.,0,0,0
WBGene00169814.,0,0,0
WBGene00169815.,0,0,0
WBGene00169816.,0,0,0
WBGene00169817.,0,0,0
WBGene00169818.,0,0,0
WBGene00169819.,0,6,6
WBGene00169820.,0,0,0
WBGene00169821.,0,0,0
WBGene00169822.,0,0,0
WBGene00169823.,0,0,0
WBGene00169824.,0,0,0
WBGene00169825.,0,0,0
WBGene00169826.,0,0,0
WBGene00169827.,0,0,0
WBGene00169828.,0,0,0
WBGene00169829.,0,0,0
WBGene00169830.,0,1,1
WBGene00169831.,0,0,0
WBGene00169832.,0,0,0
WBGene00169833.,0,0,0
WBGene00169834.,0,1,1
WBGene00169835.,0,0,0
WBGene00169836.,0,0,0
WBGene00169837.,0,1,1
WBGene00169838.,0,33,33
WBGene00169839.,0,0,0
WBGene00169840.,0,0,0
WBGene00169841.,0,0,0
WBGene00169842.,0,0,0
WBGene00169843.,0,0,0
WBGene00169844.,0,0,0
WBGene00169845.,0,0,0
WBGene00169846.,0,0,0
WBGene00169847.,0,0,0
WBGene00169848.,0,0,0
WBGene00169849.,0,0,0
WBGene00169850.,0,0,0
WBGene00169851.,0,0,0
WBGene00169852.,0,0,0
WBGene00169853.,0,0,0
WBGene00169854.,0,0,0
WBGene00169855.,0,0,0
WBGene00169856.,0,0,0
WBGene00169857.,0,0,0
WBGene00169858.,0,0,0
WBGene00169859.,0,0,0
WBGene00169860.,0,0,0
WBGene00169861.,0,0,0
WBGene00169862.,0,0,0
WBGene00169863.,0,0,0
WBGene00169864.,0,0,0
WBGene00169865.,0,0,0
WBGene00169866.,0,0,0
WBGene00169867.,0,1,1
WBGene00169868.,0,0,0
WBGene00169869.,0,0,0
WBGene00169870.,0,0,0
WBGene00169871.,0,0,0
WBGene00169872.,0,0,0
WBGene00169873.,0,0,0
WBGene00169874.,0,0,0
WBGene00169875.,0,0,0
WBGene00169876.,0,0,0
WBGene00169877.,0,0,0
WBGene00169878.,0,0,0
WBGene00169879.,0,0,0
WBGene00169880.,0,13,13
WBGene00169881.,0,1,1
WBGene00169882.,0,0,0
WBGene00169883.,0,0,0
WBGene00169884.,0,0,0
WBGene00169885.,0,0,0
WBGene00169886.,0,0,0
WBGene00169887.,0,1,1
WBGene00169888.,0,0,0
WBGene00169889.,0,0,0
WBGene00169890.,0,0,0
WBGene00169891.,0,0,0
WBGene00169892.,0,0,0
WBGene00169893.,0,0,0
WBGene00169894.,0,18,18
WBGene00169895.,0,0,0
WBGene00169896.,0,0,0
WBGene00169897.,0,0,0
WBGene00169898.,0,0,0
WBGene00169899.,0,0,0
WBGene00169900.,0,0,0
WBGene00169901.,0,0,0
WBGene00169902.,0,0,0
WBGene00169903.,0,0,0
WBGene00169904.,0,0,0
WBGene00169905.,0,0,0
WBGene00169906.,0,0,0
WBGene00169907.,0,0,0
WBGene00169908.,0,0,0
WBGene00169909.,0,0,0
WBGene00169910.,0,0,0
WBGene00169911.,0,0,0
WBGene00169912.,0,0,0
WBGene00169913.,0,1,1
WBGene00169914.,0,0,0
WBGene00169915.,0,0,0
WBGene00169916.,0,0,0
WBGene00169917.,0,0,0
WBGene00169918.,0,0,0
WBGene00169919.,0,0,0
WBGene00169920.,0,0,0
WBGene00169921.,0,0,0
WBGene00169922.,0,0,0
WBGene00169923.,0,0,0
WBGene00169924.,0,0,0
WBGene00169925.,0,0,0
WBGene00169926.,0,0,0
WBGene00169927.,0,0,0
WBGene00169928.,0,10,10
WBGene00169929.,0,1,1
WBGene00169930.,0,0,0
WBGene00169931.,0,0,0
WBGene00169932.,0,0,0
WBGene00169933.,0,0,0
WBGene00169934.,0,1,1
WBGene00169935.,0,0,0
WBGene00169936.,0,0,0
WBGene00169937.,0,2,2
WBGene00169938.,0,0,0
WBGene00169939.,0,0,0
WBGene00169940.,0,0,0
WBGene00169941.,0,0,0
WBGene00169942.,0,3,3
WBGene00169943.,0,0,0
WBGene00169944.,0,0,0
WBGene00169946.,0,0,0
WBGene00169947.,0,0,0
WBGene00169948.,0,0,0
WBGene00169949.,0,0,0
WBGene00169950.,0,0,0
WBGene00169951.,0,2,2
WBGene00169952.,0,0,0
WBGene00169953.,0,0,0
WBGene00169954.,0,0,0
WBGene00169955.,0,0,0
WBGene00169956.,0,0,0
WBGene00169957.,0,1,1
WBGene00169958.,0,0,0
WBGene00169959.,0,0,0
WBGene00169960.,0,0,0
WBGene00169961.,0,0,0
WBGene00169962.,0,0,0
WBGene00169963.,0,0,0
WBGene00169964.,0,0,0
WBGene00169965.,0,0,0
WBGene00169966.,0,0,0
WBGene00169967.,0,0,0
WBGene00169968.,0,0,0
WBGene00169969.,0,0,0
WBGene00169970.,0,0,0
WBGene00169971.,0,0,0
WBGene00169972.,0,2,2
WBGene00169973.,0,0,0
WBGene00169974.,0,0,0
WBGene00169975.,0,0,0
WBGene00169976.,0,0,0
WBGene00169977.,0,4,4
WBGene00169978.,0,0,0
WBGene00169979.,0,98,98
WBGene00169980.,0,0,0
WBGene00169981.,0,0,0
WBGene00169982.,0,0,0
WBGene00169983.,0,1,1
WBGene00169984.,0,0,0
WBGene00169985.,0,0,0
WBGene00169986.,0,0,0
WBGene00169987.,0,0,0
WBGene00169988.,0,0,0
WBGene00169989.,0,0,0
WBGene00169990.,0,2,2
WBGene00169991.,0,0,0
WBGene00169992.,0,0,0
WBGene00169993.,0,1,1
WBGene00169994.,0,0,0
WBGene00169995.,0,0,0
WBGene00169996.,0,0,0
WBGene00169997.,0,0,0
WBGene00169998.,0,0,0
WBGene00169999.,0,1,1
WBGene00170000.,0,0,0
WBGene00170001.,0,0,0
WBGene00170002.,0,2,2
WBGene00170003.,0,0,0
WBGene00170004.,0,0,0
WBGene00170005.,0,0,0
WBGene00170006.,0,0,0
WBGene00170007.,0,6,6
WBGene00170008.,0,1,1
WBGene00170009.,0,6,6
WBGene00170010.,0,0,0
WBGene00170011.,0,0,0
WBGene00170012.,0,0,0
WBGene00170013.,0,0,0
WBGene00170014.,0,0,0
WBGene00170015.,0,0,0
WBGene00170016.,0,0,0
WBGene00170017.,0,0,0
WBGene00170018.,0,0,0
WBGene00170019.,0,0,0
WBGene00170020.,0,0,0
WBGene00170021.,0,0,0
WBGene00170022.,0,1,1
WBGene00170023.,0,0,0
WBGene00170024.,0,0,0
WBGene00170025.,0,0,0
WBGene00170026.,0,1,1
WBGene00170027.,0,0,0
WBGene00170028.,0,0,0
WBGene00170029.,0,0,0
WBGene00170030.,0,0,0
WBGene00170031.,0,2,2
WBGene00170032.,0,0,0
WBGene00170033.,0,0,0
WBGene00170034.,0,27,27
WBGene00170035.,0,0,0
WBGene00170036.,0,0,0
WBGene00170037.,0,3,3
WBGene00170038.,0,0,0
WBGene00170039.,0,0,0
WBGene00170040.,0,0,0
WBGene00170041.,0,11,11
WBGene00170042.,0,0,0
WBGene00170043.,0,0,0
WBGene00170044.,0,0,0
WBGene00170045.,0,4,4
WBGene00170046.,0,0,0
WBGene00170047.,0,3,3
WBGene00170048.,0,0,0
WBGene00170049.,0,1,1
WBGene00170050.,0,5,5
WBGene00170051.,0,0,0
WBGene00170052.,0,0,0
WBGene00170053.,0,0,0
WBGene00170054.,0,0,0
WBGene00170055.,0,0,0
WBGene00170056.,0,0,0
WBGene00170057.,0,0,0
WBGene00170058.,0,0,0
WBGene00170059.,0,0,0
WBGene00170060.,0,0,0
WBGene00170061.,0,0,0
WBGene00170062.,0,0,0
WBGene00170063.,0,0,0
WBGene00170064.,0,0,0
WBGene00170065.,0,0,0
WBGene00170066.,0,0,0
WBGene00170067.,0,1,1
WBGene00170068.,0,0,0
WBGene00170069.,0,0,0
WBGene00170070.,0,0,0
WBGene00170071.,0,2,2
WBGene00170072.,0,0,0
WBGene00170073.,0,3,3
WBGene00170074.,0,1,1
WBGene00170075.,0,2,2
WBGene00170076.,0,0,0
WBGene00170077.,0,0,0
WBGene00170078.,0,2,2
WBGene00170079.,0,0,0
WBGene00170080.,0,0,0
WBGene00170081.,0,0,0
WBGene00170082.,0,0,0
WBGene00170083.,0,0,0
WBGene00170084.,0,0,0
WBGene00170085.,0,0,0
WBGene00170086.,0,0,0
WBGene00170087.,0,0,0
WBGene00170088.,0,0,0
WBGene00170089.,0,1,1
WBGene00170090.,0,3,3
WBGene00170091.,0,0,0
WBGene00170092.,0,5,5
WBGene00170093.,0,0,0
WBGene00170094.,0,0,0
WBGene00170095.,0,0,0
WBGene00170096.,0,1,1
WBGene00170097.,0,0,0
WBGene00170098.,0,0,0
WBGene00170099.,0,0,0
WBGene00170100.,0,1,1
WBGene00170101.,0,0,0
WBGene00170102.,0,0,0
WBGene00170103.,0,1,1
WBGene00170104.,0,0,0
WBGene00170105.,0,3,3
WBGene00170106.,0,0,0
WBGene00170107.,0,0,0
WBGene00170108.,0,0,0
WBGene00170109.,0,0,0
WBGene00170110.,0,0,0
WBGene00170111.,0,0,0
WBGene00170112.,0,0,0
WBGene00170113.,0,3,3
WBGene00170114.,0,0,0
WBGene00170115.,0,0,0
WBGene00170116.,0,0,0
WBGene00170117.,0,0,0
WBGene00170118.,0,1,1
WBGene00170119.,0,0,0
WBGene00170120.,0,10,10
WBGene00170121.,0,0,0
WBGene00170122.,0,3,3
WBGene00170123.,0,0,0
WBGene00170124.,0,0,0
WBGene00170125.,0,0,0
WBGene00170126.,0,0,0
WBGene00170127.,0,0,0
WBGene00170128.,0,0,0
WBGene00170129.,0,0,0
WBGene00170130.,0,0,0
WBGene00170131.,0,0,0
WBGene00170132.,0,11,11
WBGene00170133.,0,0,0
WBGene00170134.,0,0,0
WBGene00170135.,0,0,0
WBGene00170136.,0,0,0
WBGene00170137.,0,0,0
WBGene00170138.,0,0,0
WBGene00170139.,0,0,0
WBGene00170140.,0,0,0
WBGene00170141.,0,0,0
WBGene00170142.,0,0,0
WBGene00170143.,0,0,0
WBGene00170144.,0,0,0
WBGene00170145.,0,0,0
WBGene00170146.,0,0,0
WBGene00170147.,0,0,0
WBGene00170148.,0,0,0
WBGene00170149.,0,0,0
WBGene00170150.,0,0,0
WBGene00170151.,0,0,0
WBGene00170152.,0,0,0
WBGene00170153.,0,0,0
WBGene00170154.,0,0,0
WBGene00170155.,0,0,0
WBGene00170156.,0,0,0
WBGene00170157.,0,0,0
WBGene00170158.,0,2,2
WBGene00170159.,0,0,0
WBGene00170160.,0,1,1
WBGene00170161.,0,0,0
WBGene00170162.,0,0,0
WBGene00170163.,0,0,0
WBGene00170164.,0,0,0
WBGene00170165.,0,0,0
WBGene00170166.,0,0,0
WBGene00170167.,0,0,0
WBGene00170168.,0,0,0
WBGene00170169.,0,0,0
WBGene00170170.,0,0,0
WBGene00170171.,0,0,0
WBGene00170172.,0,0,0
WBGene00170173.,0,0,0
WBGene00170174.,0,0,0
WBGene00170175.,0,0,0
WBGene00170176.,0,0,0
WBGene00170177.,0,0,0
WBGene00170178.,0,2,2
WBGene00170179.,0,0,0
WBGene00170180.,0,1,1
WBGene00170181.,0,0,0
WBGene00170182.,0,0,0
WBGene00170183.,0,0,0
WBGene00170184.,0,0,0
WBGene00170185.,0,1,1
WBGene00170186.,0,0,0
WBGene00170187.,0,0,0
WBGene00170188.,0,0,0
WBGene00170189.,0,0,0
WBGene00170190.,0,0,0
WBGene00170191.,0,0,0
WBGene00170192.,0,0,0
WBGene00170193.,0,0,0
WBGene00170194.,0,1,1
WBGene00170195.,0,0,0
WBGene00170196.,0,0,0
WBGene00170197.,0,0,0
WBGene00170198.,0,0,0
WBGene00170199.,0,0,0
WBGene00170200.,0,0,0
WBGene00170201.,0,1,1
WBGene00170202.,0,0,0
WBGene00170203.,0,0,0
WBGene00170204.,0,0,0
WBGene00170205.,0,0,0
WBGene00170206.,0,0,0
WBGene00170207.,0,0,0
WBGene00170208.,0,0,0
WBGene00170209.,0,0,0
WBGene00170210.,0,0,0
WBGene00170211.,0,0,0
WBGene00170212.,0,0,0
WBGene00170213.,0,1,1
WBGene00170214.,0,0,0
WBGene00170215.,0,0,0
WBGene00170216.,0,0,0
WBGene00170217.,0,0,0
WBGene00170218.,0,0,0
WBGene00170219.,0,0,0
WBGene00170220.,0,1,1
WBGene00170221.,0,0,0
WBGene00170222.,0,0,0
WBGene00170223.,0,0,0
WBGene00170224.,0,9,9
WBGene00170225.,0,0,0
WBGene00170226.,0,0,0
WBGene00170227.,0,3,3
WBGene00170228.,0,0,0
WBGene00170229.,0,0,0
WBGene00170230.,0,0,0
WBGene00170231.,0,0,0
WBGene00170232.,0,0,0
WBGene00170233.,0,0,0
WBGene00170234.,0,0,0
WBGene00170235.,0,0,0
WBGene00170236.,0,0,0
WBGene00170237.,0,3,3
WBGene00170238.,0,0,0
WBGene00170239.,0,0,0
WBGene00170240.,0,0,0
WBGene00170241.,0,0,0
WBGene00170242.,0,0,0
WBGene00170243.,0,0,0
WBGene00170244.,0,0,0
WBGene00170245.,0,0,0
WBGene00170246.,0,1,1
WBGene00170247.,0,0,0
WBGene00170248.,0,0,0
WBGene00170249.,0,0,0
WBGene00170250.,0,0,0
WBGene00170251.,0,0,0
WBGene00170252.,0,0,0
WBGene00170253.,0,0,0
WBGene00170254.,0,0,0
WBGene00170255.,0,0,0
WBGene00170256.,0,1,1
WBGene00170257.,0,0,0
WBGene00170258.,0,0,0
WBGene00170259.,0,0,0
WBGene00170260.,0,0,0
WBGene00170261.,0,0,0
WBGene00170262.,0,0,0
WBGene00170263.,0,0,0
WBGene00170264.,0,0,0
WBGene00170265.,0,0,0
WBGene00170266.,0,4,4
WBGene00170267.,0,0,0
WBGene00170268.,0,0,0
WBGene00170269.,0,5,5
WBGene00170270.,0,0,0
WBGene00170271.,0,0,0
WBGene00170272.,0,0,0
WBGene00170273.,0,0,0
WBGene00170274.,0,1,1
WBGene00170275.,0,4,4
WBGene00170276.,0,0,0
WBGene00170277.,0,0,0
WBGene00170278.,0,0,0
WBGene00170279.,0,1,1
WBGene00170280.,0,0,0
WBGene00170281.,0,0,0
WBGene00170282.,0,3,3
WBGene00170283.,0,0,0
WBGene00170284.,0,0,0
WBGene00170285.,0,0,0
WBGene00170286.,0,3,3
WBGene00170287.,0,0,0
WBGene00170288.,0,0,0
WBGene00170289.,0,1,1
WBGene00170290.,0,0,0
WBGene00170291.,0,1,1
WBGene00170292.,0,0,0
WBGene00170293.,0,0,0
WBGene00170294.,0,1,1
WBGene00170295.,0,2,2
WBGene00170296.,0,0,0
WBGene00170297.,0,0,0
WBGene00170298.,0,0,0
WBGene00170299.,0,0,0
WBGene00170300.,0,0,0
WBGene00170301.,0,0,0
WBGene00170302.,0,0,0
WBGene00170303.,0,0,0
WBGene00170304.,0,0,0
WBGene00170305.,0,0,0
WBGene00170306.,0,0,0
WBGene00170307.,0,0,0
WBGene00170308.,0,0,0
WBGene00170309.,0,0,0
WBGene00170310.,0,0,0
WBGene00170311.,0,0,0
WBGene00170312.,0,0,0
WBGene00170313.,0,0,0
WBGene00170314.,0,0,0
WBGene00170315.,0,0,0
WBGene00170316.,0,0,0
WBGene00170317.,0,0,0
WBGene00170318.,0,0,0
WBGene00170319.,0,0,0
WBGene00170320.,0,0,0
WBGene00170321.,0,12,12
WBGene00170322.,0,0,0
WBGene00170323.,0,0,0
WBGene00170324.,0,0,0
WBGene00170325.,0,0,0
WBGene00170326.,0,0,0
WBGene00170327.,0,1,1
WBGene00170328.,0,0,0
WBGene00170329.,0,0,0
WBGene00170330.,0,0,0
WBGene00170331.,0,0,0
WBGene00170332.,0,0,0
WBGene00170333.,0,0,0
WBGene00170334.,0,0,0
WBGene00170335.,0,0,0
WBGene00170336.,0,0,0
WBGene00170337.,0,0,0
WBGene00170338.,0,0,0
WBGene00170339.,0,0,0
WBGene00170340.,0,0,0
WBGene00170341.,0,0,0
WBGene00170342.,0,0,0
WBGene00170343.,0,0,0
WBGene00170344.,0,0,0
WBGene00170345.,0,0,0
WBGene00170346.,0,3,3
WBGene00170347.,0,0,0
WBGene00170348.,0,0,0
WBGene00170349.,0,0,0
WBGene00170350.,0,1,1
WBGene00170351.,0,0,0
WBGene00170352.,0,0,0
WBGene00170353.,0,0,0
WBGene00170354.,0,0,0
WBGene00170355.,0,0,0
WBGene00170356.,0,0,0
WBGene00170357.,0,0,0
WBGene00170358.,0,0,0
WBGene00170359.,0,0,0
WBGene00170360.,0,0,0
WBGene00170361.,0,0,0
WBGene00170362.,0,0,0
WBGene00170363.,0,0,0
WBGene00170364.,0,0,0
WBGene00170365.,0,6,6
WBGene00170366.,0,0,0
WBGene00170367.,0,1,1
WBGene00170368.,0,2,2
WBGene00170369.,0,0,0
WBGene00170370.,0,0,0
WBGene00170371.,0,0,0
WBGene00170372.,0,0,0
WBGene00170373.,0,0,0
WBGene00170374.,0,0,0
WBGene00170375.,0,0,0
WBGene00170376.,0,0,0
WBGene00170377.,0,0,0
WBGene00170378.,0,0,0
WBGene00170379.,0,0,0
WBGene00170380.,0,0,0
WBGene00170381.,0,2,2
WBGene00170382.,0,0,0
WBGene00170383.,0,0,0
WBGene00170384.,0,0,0
WBGene00170385.,0,0,0
WBGene00170386.,0,0,0
WBGene00170387.,0,0,0
WBGene00170388.,0,0,0
WBGene00170389.,0,0,0
WBGene00170390.,0,0,0
WBGene00170391.,0,0,0
WBGene00170392.,0,1,1
WBGene00170393.,0,0,0
WBGene00170394.,0,1,1
WBGene00170395.,0,0,0
WBGene00170396.,0,0,0
WBGene00170397.,0,0,0
WBGene00170398.,0,0,0
WBGene00170399.,0,0,0
WBGene00170400.,0,0,0
WBGene00170401.,0,0,0
WBGene00170402.,0,1,1
WBGene00170403.,0,0,0
WBGene00170404.,0,0,0
WBGene00170405.,0,0,0
WBGene00170406.,0,1,1
WBGene00170407.,0,0,0
WBGene00170408.,0,0,0
WBGene00170409.,0,0,0
WBGene00170410.,0,0,0
WBGene00170411.,0,0,0
WBGene00170412.,0,0,0
WBGene00170413.,0,0,0
WBGene00170414.,0,0,0
WBGene00170415.,0,0,0
WBGene00170416.,0,0,0
WBGene00170417.,0,2,2
WBGene00170418.,0,0,0
WBGene00170419.,0,0,0
WBGene00170420.,0,0,0
WBGene00170421.,0,0,0
WBGene00170422.,0,0,0
WBGene00170423.,0,0,0
WBGene00170424.,0,0,0
WBGene00170425.,0,2,2
WBGene00170426.,0,0,0
WBGene00170427.,0,0,0
WBGene00170428.,0,0,0
WBGene00170429.,0,4,4
WBGene00170430.,0,0,0
WBGene00170431.,0,0,0
WBGene00170432.,0,0,0
WBGene00170433.,0,0,0
WBGene00170434.,0,0,0
WBGene00170435.,0,0,0
WBGene00170436.,0,0,0
WBGene00170437.,0,0,0
WBGene00170438.,0,0,0
WBGene00170439.,0,0,0
WBGene00170440.,0,0,0
WBGene00170441.,0,0,0
WBGene00170442.,0,6,6
WBGene00170443.,0,0,0
WBGene00170444.,0,0,0
WBGene00170445.,0,0,0
WBGene00170446.,0,0,0
WBGene00170447.,0,0,0
WBGene00170448.,0,13,13
WBGene00170449.,0,0,0
WBGene00170450.,0,0,0
WBGene00170451.,0,0,0
WBGene00170452.,0,0,0
WBGene00170453.,0,0,0
WBGene00170454.,0,0,0
WBGene00170455.,0,0,0
WBGene00170456.,0,0,0
WBGene00170457.,0,0,0
WBGene00170458.,0,0,0
WBGene00170459.,0,0,0
WBGene00170460.,0,0,0
WBGene00170461.,0,0,0
WBGene00170462.,0,0,0
WBGene00170463.,0,0,0
WBGene00170464.,0,0,0
WBGene00170465.,0,0,0
WBGene00170466.,0,0,0
WBGene00170467.,0,0,0
WBGene00170468.,0,0,0
WBGene00170469.,0,0,0
WBGene00170470.,0,0,0
WBGene00170471.,0,0,0
WBGene00170472.,0,0,0
WBGene00170473.,0,0,0
WBGene00170474.,0,0,0
WBGene00170475.,0,0,0
WBGene00170476.,0,0,0
WBGene00170477.,0,0,0
WBGene00170478.,0,0,0
WBGene00170479.,0,1,1
WBGene00170480.,0,0,0
WBGene00170481.,0,0,0
WBGene00170482.,0,0,0
WBGene00170483.,0,0,0
WBGene00170484.,0,0,0
WBGene00170485.,0,0,0
WBGene00170486.,0,0,0
WBGene00170487.,0,0,0
WBGene00170488.,0,3,3
WBGene00170489.,0,0,0
WBGene00170490.,0,1,1
WBGene00170491.,0,0,0
WBGene00170492.,0,0,0
WBGene00170493.,0,3,3
WBGene00170494.,0,0,0
WBGene00170495.,0,0,0
WBGene00170496.,0,0,0
WBGene00170497.,0,0,0
WBGene00170498.,0,0,0
WBGene00170499.,0,0,0
WBGene00170500.,0,0,0
WBGene00170501.,0,0,0
WBGene00170502.,0,3,3
WBGene00170503.,0,0,0
WBGene00170504.,0,0,0
WBGene00170505.,0,0,0
WBGene00170506.,0,0,0
WBGene00170507.,0,0,0
WBGene00170508.,0,0,0
WBGene00170509.,0,0,0
WBGene00170510.,0,0,0
WBGene00170511.,0,8,8
WBGene00170512.,0,0,0
WBGene00170513.,0,0,0
WBGene00170514.,0,0,0
WBGene00170515.,0,4,4
WBGene00170516.,0,4,4
WBGene00170517.,0,0,0
WBGene00170518.,0,0,0
WBGene00170519.,0,0,0
WBGene00170520.,0,0,0
WBGene00170521.,0,0,0
WBGene00170522.,0,0,0
WBGene00170523.,0,0,0
WBGene00170524.,0,0,0
WBGene00170525.,0,0,0
WBGene00170526.,0,0,0
WBGene00170527.,0,0,0
WBGene00170528.,0,0,0
WBGene00170529.,0,0,0
WBGene00170530.,0,0,0
WBGene00170531.,0,0,0
WBGene00170532.,0,0,0
WBGene00170533.,0,0,0
WBGene00170534.,0,0,0
WBGene00170535.,0,0,0
WBGene00170536.,0,0,0
WBGene00170537.,0,0,0
WBGene00170538.,0,0,0
WBGene00170539.,0,0,0
WBGene00170540.,0,0,0
WBGene00170541.,0,1,1
WBGene00170542.,0,0,0
WBGene00170543.,0,0,0
WBGene00170544.,0,0,0
WBGene00170545.,0,0,0
WBGene00170546.,0,0,0
WBGene00170547.,0,0,0
WBGene00170548.,0,1,1
WBGene00170549.,0,0,0
WBGene00170550.,0,0,0
WBGene00170551.,0,0,0
WBGene00170552.,0,0,0
WBGene00170553.,0,0,0
WBGene00170554.,0,0,0
WBGene00170555.,0,0,0
WBGene00170556.,0,0,0
WBGene00170557.,0,0,0
WBGene00170558.,0,2,2
WBGene00170559.,0,0,0
WBGene00170560.,0,0,0
WBGene00170561.,0,0,0
WBGene00170562.,0,0,0
WBGene00170563.,0,1,1
WBGene00170564.,0,0,0
WBGene00170565.,0,0,0
WBGene00170566.,0,0,0
WBGene00170567.,0,0,0
WBGene00170568.,0,0,0
WBGene00170569.,0,0,0
WBGene00170570.,0,0,0
WBGene00170571.,0,0,0
WBGene00170572.,0,0,0
WBGene00170573.,0,0,0
WBGene00170574.,0,1,1
WBGene00170575.,0,0,0
WBGene00170576.,0,1,1
WBGene00170577.,0,0,0
WBGene00170578.,0,0,0
WBGene00170579.,0,3,3
WBGene00170580.,0,0,0
WBGene00170581.,0,0,0
WBGene00170582.,0,1,1
WBGene00170583.,0,0,0
WBGene00170584.,0,0,0
WBGene00170585.,0,0,0
WBGene00170586.,0,0,0
WBGene00170587.,0,1,1
WBGene00170588.,0,0,0
WBGene00170589.,0,0,0
WBGene00170590.,0,0,0
WBGene00170591.,0,3,3
WBGene00170592.,0,1,1
WBGene00170593.,0,0,0
WBGene00170594.,0,0,0
WBGene00170595.,0,0,0
WBGene00170596.,0,0,0
WBGene00170597.,0,0,0
WBGene00170598.,0,0,0
WBGene00170599.,0,0,0
WBGene00170600.,0,2,2
WBGene00170601.,0,0,0
WBGene00170602.,0,0,0
WBGene00170603.,0,0,0
WBGene00170604.,0,0,0
WBGene00170605.,0,0,0
WBGene00170606.,0,0,0
WBGene00170607.,0,0,0
WBGene00170608.,0,0,0
WBGene00170609.,0,0,0
WBGene00170610.,0,0,0
WBGene00170611.,0,6,6
WBGene00170612.,0,0,0
WBGene00170613.,0,0,0
WBGene00170614.,0,0,0
WBGene00170615.,0,0,0
WBGene00170616.,0,0,0
WBGene00170617.,0,0,0
WBGene00170618.,0,1,1
WBGene00170619.,0,0,0
WBGene00170620.,0,0,0
WBGene00170621.,0,0,0
WBGene00170622.,0,1,1
WBGene00170623.,0,0,0
WBGene00170624.,0,0,0
WBGene00170625.,0,0,0
WBGene00170626.,0,0,0
WBGene00170627.,0,0,0
WBGene00170628.,0,0,0
WBGene00170629.,0,0,0
WBGene00170630.,0,0,0
WBGene00170631.,0,0,0
WBGene00170632.,0,0,0
WBGene00170633.,0,70,70
WBGene00170634.,0,1,1
WBGene00170635.,0,0,0
WBGene00170636.,0,0,0
WBGene00170637.,0,0,0
WBGene00170638.,0,6,6
WBGene00170639.,0,0,0
WBGene00170640.,0,0,0
WBGene00170641.,0,0,0
WBGene00170642.,0,4,4
WBGene00170643.,0,0,0
WBGene00170644.,0,0,0
WBGene00170645.,0,0,0
WBGene00170646.,0,0,0
WBGene00170647.,0,1,1
WBGene00170648.,0,0,0
WBGene00170649.,0,0,0
WBGene00170650.,0,0,0
WBGene00170651.,0,0,0
WBGene00170652.,0,0,0
WBGene00170653.,0,0,0
WBGene00170654.,0,0,0
WBGene00170655.,0,0,0
WBGene00170656.,0,0,0
WBGene00170657.,0,0,0
WBGene00170658.,0,0,0
WBGene00170659.,0,0,0
WBGene00170660.,0,0,0
WBGene00170661.,0,0,0
WBGene00170662.,0,0,0
WBGene00170663.,0,0,0
WBGene00170664.,0,1,1
WBGene00170665.,0,0,0
WBGene00170666.,0,0,0
WBGene00170667.,0,0,0
WBGene00170668.,0,0,0
WBGene00170669.,0,0,0
WBGene00170670.,0,0,0
WBGene00170671.,0,1,1
WBGene00170672.,0,0,0
WBGene00170673.,0,0,0
WBGene00170674.,0,1,1
WBGene00170675.,0,0,0
WBGene00170676.,0,0,0
WBGene00170677.,0,0,0
WBGene00170678.,0,0,0
WBGene00170679.,0,0,0
WBGene00170680.,0,0,0
WBGene00170681.,0,0,0
WBGene00170682.,0,0,0
WBGene00170683.,0,0,0
WBGene00170684.,0,0,0
WBGene00170685.,0,0,0
WBGene00170686.,0,5,5
WBGene00170687.,0,0,0
WBGene00170688.,0,5,5
WBGene00170689.,0,0,0
WBGene00170690.,0,0,0
WBGene00170691.,0,2,2
WBGene00170692.,0,0,0
WBGene00170693.,0,0,0
WBGene00170694.,0,0,0
WBGene00170695.,0,0,0
WBGene00170697.,0,0,0
WBGene00170698.,0,0,0
WBGene00170699.,0,0,0
WBGene00170700.,0,0,0
WBGene00170701.,0,0,0
WBGene00170702.,0,0,0
WBGene00170703.,0,0,0
WBGene00170704.,0,1,1
WBGene00170705.,0,0,0
WBGene00170706.,0,1,1
WBGene00170707.,0,0,0
WBGene00170708.,0,0,0
WBGene00170709.,0,0,0
WBGene00170710.,0,0,0
WBGene00170711.,0,0,0
WBGene00170712.,0,2,2
WBGene00170713.,0,0,0
WBGene00170714.,0,0,0
WBGene00170715.,0,0,0
WBGene00170716.,0,0,0
WBGene00170717.,0,0,0
WBGene00170718.,0,0,0
WBGene00170719.,0,0,0
WBGene00170720.,0,0,0
WBGene00170721.,0,0,0
WBGene00170722.,0,0,0
WBGene00170723.,0,1,1
WBGene00170724.,0,0,0
WBGene00170725.,0,1,1
WBGene00170726.,0,0,0
WBGene00170727.,0,0,0
WBGene00170728.,0,0,0
WBGene00170729.,0,1,1
WBGene00170730.,0,0,0
WBGene00170731.,0,0,0
WBGene00170732.,0,3,3
WBGene00170733.,0,0,0
WBGene00170734.,0,0,0
WBGene00170735.,0,0,0
WBGene00170736.,0,0,0
WBGene00170737.,0,2,2
WBGene00170738.,0,0,0
WBGene00170739.,0,0,0
WBGene00170740.,0,0,0
WBGene00170741.,0,0,0
WBGene00170742.,0,0,0
WBGene00170743.,0,4,4
WBGene00170744.,0,0,0
WBGene00170745.,0,0,0
WBGene00170746.,0,0,0
WBGene00170747.,0,0,0
WBGene00170748.,0,0,0
WBGene00170749.,0,0,0
WBGene00170750.,0,3,3
WBGene00170751.,0,0,0
WBGene00170752.,0,0,0
WBGene00170753.,0,0,0
WBGene00170754.,0,0,0
WBGene00170755.,0,0,0
WBGene00170756.,0,0,0
WBGene00170757.,0,0,0
WBGene00170758.,0,0,0
WBGene00170759.,0,0,0
WBGene00170760.,0,0,0
WBGene00170761.,0,0,0
WBGene00170762.,0,0,0
WBGene00170763.,0,0,0
WBGene00170764.,0,0,0
WBGene00170765.,0,0,0
WBGene00170766.,0,0,0
WBGene00170767.,0,0,0
WBGene00170768.,0,1,1
WBGene00170769.,0,0,0
WBGene00170770.,0,0,0
WBGene00170771.,0,0,0
WBGene00170772.,0,0,0
WBGene00170773.,0,0,0
WBGene00170774.,0,0,0
WBGene00170775.,0,0,0
WBGene00170776.,0,0,0
WBGene00170777.,0,0,0
WBGene00170778.,0,0,0
WBGene00170779.,0,0,0
WBGene00170780.,0,0,0
WBGene00170781.,0,0,0
WBGene00170782.,0,0,0
WBGene00170783.,0,0,0
WBGene00170784.,0,0,0
WBGene00170785.,0,0,0
WBGene00170786.,0,0,0
WBGene00170787.,0,0,0
WBGene00170788.,0,0,0
WBGene00170789.,0,0,0
WBGene00170790.,0,0,0
WBGene00170791.,0,0,0
WBGene00170792.,0,0,0
WBGene00170793.,0,0,0
WBGene00170794.,0,0,0
WBGene00170795.,0,7,7
WBGene00170796.,0,0,0
WBGene00170797.,0,1,1
WBGene00170798.,0,0,0
WBGene00170799.,0,0,0
WBGene00170800.,0,0,0
WBGene00170801.,0,0,0
WBGene00170802.,0,1,1
WBGene00170803.,0,0,0
WBGene00170804.,0,1,1
WBGene00170805.,0,0,0
WBGene00170806.,0,0,0
WBGene00170807.,0,0,0
WBGene00170808.,0,1,1
WBGene00170809.,0,0,0
WBGene00170810.,0,0,0
WBGene00170811.,0,2,2
WBGene00170812.,0,0,0
WBGene00170813.,0,0,0
WBGene00170814.,0,0,0
WBGene00170815.,0,1,1
WBGene00170816.,0,1,1
WBGene00170817.,0,0,0
WBGene00170818.,0,0,0
WBGene00170819.,0,0,0
WBGene00170820.,0,0,0
WBGene00170821.,0,0,0
WBGene00170822.,0,0,0
WBGene00170823.,0,0,0
WBGene00170824.,0,2,2
WBGene00170825.,0,0,0
WBGene00170826.,0,0,0
WBGene00170827.,0,0,0
WBGene00170828.,0,0,0
WBGene00170829.,0,0,0
WBGene00170830.,0,0,0
WBGene00170831.,0,0,0
WBGene00170832.,0,0,0
WBGene00170833.,0,2,2
WBGene00170834.,0,0,0
WBGene00170835.,0,11,11
WBGene00170836.,0,0,0
WBGene00170837.,0,0,0
WBGene00170838.,0,0,0
WBGene00170839.,0,0,0
WBGene00170840.,0,0,0
WBGene00170841.,0,0,0
WBGene00170842.,0,3,3
WBGene00170843.,0,0,0
WBGene00170844.,0,0,0
WBGene00170845.,0,0,0
WBGene00170846.,0,0,0
WBGene00170847.,0,0,0
WBGene00170848.,0,0,0
WBGene00170849.,0,0,0
WBGene00170850.,0,0,0
WBGene00170851.,0,0,0
WBGene00170852.,0,0,0
WBGene00170853.,0,0,0
WBGene00170854.,0,0,0
WBGene00170855.,0,0,0
WBGene00170856.,0,0,0
WBGene00170857.,0,0,0
WBGene00170858.,0,0,0
WBGene00170859.,0,0,0
WBGene00170860.,0,0,0
WBGene00170861.,0,0,0
WBGene00170862.,0,0,0
WBGene00170863.,0,1,1
WBGene00170864.,0,0,0
WBGene00170865.,0,0,0
WBGene00170866.,0,0,0
WBGene00170867.,0,0,0
WBGene00170868.,0,0,0
WBGene00170869.,0,0,0
WBGene00170870.,0,0,0
WBGene00170871.,0,0,0
WBGene00170872.,0,0,0
WBGene00170873.,0,1,1
WBGene00170874.,0,0,0
WBGene00170875.,0,0,0
WBGene00170876.,0,0,0
WBGene00170877.,0,0,0
WBGene00170878.,0,0,0
WBGene00170879.,0,0,0
WBGene00170880.,0,0,0
WBGene00170881.,0,0,0
WBGene00170882.,0,2,2
WBGene00170883.,0,0,0
WBGene00170884.,0,0,0
WBGene00170885.,0,0,0
WBGene00170886.,0,0,0
WBGene00170887.,0,0,0
WBGene00170888.,0,0,0
WBGene00170889.,0,0,0
WBGene00170890.,0,0,0
WBGene00170891.,0,0,0
WBGene00170892.,0,1,1
WBGene00170893.,0,0,0
WBGene00170894.,0,0,0
WBGene00170895.,0,0,0
WBGene00170896.,0,0,0
WBGene00170897.,0,0,0
WBGene00170898.,0,0,0
WBGene00170899.,0,0,0
WBGene00170900.,0,0,0
WBGene00170901.,0,0,0
WBGene00170902.,0,0,0
WBGene00170903.,0,0,0
WBGene00170904.,0,3,3
WBGene00170905.,0,0,0
WBGene00170906.,0,0,0
WBGene00170907.,0,0,0
WBGene00170908.,0,0,0
WBGene00170909.,0,0,0
WBGene00170910.,0,0,0
WBGene00170911.,0,0,0
WBGene00170912.,0,0,0
WBGene00170913.,0,0,0
WBGene00170914.,0,0,0
WBGene00170915.,0,1,1
WBGene00170916.,0,0,0
WBGene00170917.,0,0,0
WBGene00170918.,0,0,0
WBGene00170919.,0,0,0
WBGene00170920.,0,0,0
WBGene00170921.,0,0,0
WBGene00170922.,0,0,0
WBGene00170923.,0,0,0
WBGene00170924.,0,3,3
WBGene00170925.,0,0,0
WBGene00170926.,0,3,3
WBGene00170927.,0,0,0
WBGene00170928.,0,0,0
WBGene00170929.,0,0,0
WBGene00170930.,0,1,1
WBGene00170931.,0,2,2
WBGene00170932.,0,0,0
WBGene00170933.,0,0,0
WBGene00170934.,0,0,0
WBGene00170935.,0,0,0
WBGene00170936.,0,0,0
WBGene00170937.,0,0,0
WBGene00170938.,0,0,0
WBGene00170939.,0,0,0
WBGene00170940.,0,2,2
WBGene00170941.,0,0,0
WBGene00170942.,0,0,0
WBGene00170943.,0,0,0
WBGene00170944.,0,0,0
WBGene00170945.,0,0,0
WBGene00170946.,0,0,0
WBGene00170947.,0,0,0
WBGene00170948.,0,0,0
WBGene00170949.,0,0,0
WBGene00170950.,0,0,0
WBGene00170951.,0,24,24
WBGene00170952.,0,4,4
WBGene00170953.,0,0,0
WBGene00170954.,0,10,10
WBGene00170955.,0,0,0
WBGene00170956.,0,0,0
WBGene00170957.,0,0,0
WBGene00170958.,0,0,0
WBGene00170959.,0,0,0
WBGene00170960.,0,0,0
WBGene00170961.,0,1,1
WBGene00170962.,0,0,0
WBGene00170963.,0,0,0
WBGene00170964.,0,3,3
WBGene00170965.,0,2,2
WBGene00170966.,0,0,0
WBGene00170967.,0,0,0
WBGene00170968.,0,0,0
WBGene00170969.,0,0,0
WBGene00170970.,0,0,0
WBGene00170971.,0,0,0
WBGene00170972.,0,0,0
WBGene00170973.,0,0,0
WBGene00170974.,0,4,4
WBGene00170975.,0,1,1
WBGene00170976.,0,0,0
WBGene00170977.,0,1,1
WBGene00170978.,0,10,10
WBGene00170979.,0,0,0
WBGene00170980.,0,12,12
WBGene00170981.,0,0,0
WBGene00170982.,0,0,0
WBGene00170983.,0,2,2
WBGene00170984.,0,0,0
WBGene00170985.,0,0,0
WBGene00170986.,0,2,2
WBGene00170987.,0,0,0
WBGene00170988.,0,0,0
WBGene00170989.,0,0,0
WBGene00170990.,0,0,0
WBGene00170991.,0,8,8
WBGene00170992.,0,0,0
WBGene00170993.,0,0,0
WBGene00170994.,0,0,0
WBGene00170995.,0,0,0
WBGene00170996.,0,5,5
WBGene00170997.,0,0,0
WBGene00170998.,0,6,6
WBGene00170999.,0,0,0
WBGene00171000.,0,0,0
WBGene00171001.,0,2,2
WBGene00171002.,0,0,0
WBGene00171003.,0,0,0
WBGene00171004.,0,1,1
WBGene00171005.,0,3,3
WBGene00171006.,0,0,0
WBGene00171007.,0,0,0
WBGene00171008.,0,0,0
WBGene00171009.,0,1,1
WBGene00171010.,0,0,0
WBGene00171011.,0,0,0
WBGene00171012.,0,0,0
WBGene00171013.,0,0,0
WBGene00171014.,0,4,4
WBGene00171015.,0,1,1
WBGene00171016.,0,0,0
WBGene00171017.,0,0,0
WBGene00171018.,0,0,0
WBGene00171019.,0,0,0
WBGene00171020.,0,0,0
WBGene00171021.,0,0,0
WBGene00171022.,0,0,0
WBGene00171023.,0,0,0
WBGene00171024.,0,0,0
WBGene00171025.,0,0,0
WBGene00171026.,0,2,2
WBGene00171027.,0,0,0
WBGene00171028.,0,0,0
WBGene00171029.,0,12,12
WBGene00171030.,0,0,0
WBGene00171031.,0,0,0
WBGene00171032.,0,0,0
WBGene00171033.,0,1,1
WBGene00171034.,0,0,0
WBGene00171035.,0,0,0
WBGene00171036.,0,0,0
WBGene00171037.,0,0,0
WBGene00171038.,0,0,0
WBGene00171039.,0,0,0
WBGene00171040.,0,0,0
WBGene00171041.,0,12,12
WBGene00171042.,0,0,0
WBGene00171043.,0,0,0
WBGene00171044.,0,0,0
WBGene00171045.,0,0,0
WBGene00171046.,0,0,0
WBGene00171047.,0,0,0
WBGene00171048.,0,0,0
WBGene00171049.,0,0,0
WBGene00171050.,0,0,0
WBGene00171051.,0,0,0
WBGene00171052.,0,0,0
WBGene00171053.,0,0,0
WBGene00171054.,0,0,0
WBGene00171055.,0,0,0
WBGene00171056.,0,0,0
WBGene00171057.,0,0,0
WBGene00171058.,0,0,0
WBGene00171059.,0,0,0
WBGene00171060.,0,0,0
WBGene00171061.,0,12,12
WBGene00171062.,0,0,0
WBGene00171063.,0,0,0
WBGene00171064.,0,0,0
WBGene00171065.,0,0,0
WBGene00171066.,0,0,0
WBGene00171067.,0,0,0
WBGene00171068.,0,0,0
WBGene00171069.,0,1,1
WBGene00171070.,0,0,0
WBGene00171071.,0,0,0
WBGene00171072.,0,0,0
WBGene00171073.,0,0,0
WBGene00171074.,0,0,0
WBGene00171075.,0,0,0
WBGene00171076.,0,0,0
WBGene00171077.,0,0,0
WBGene00171078.,0,0,0
WBGene00171079.,0,0,0
WBGene00171080.,0,0,0
WBGene00171081.,0,0,0
WBGene00171082.,0,0,0
WBGene00171083.,0,0,0
WBGene00171084.,0,1,1
WBGene00171085.,0,0,0
WBGene00171086.,0,0,0
WBGene00171087.,0,1,1
WBGene00171088.,0,0,0
WBGene00171089.,0,0,0
WBGene00171090.,0,0,0
WBGene00171091.,0,0,0
WBGene00171092.,0,0,0
WBGene00171093.,0,0,0
WBGene00171094.,0,0,0
WBGene00171095.,0,0,0
WBGene00171096.,0,0,0
WBGene00171097.,0,0,0
WBGene00171098.,0,0,0
WBGene00171099.,0,0,0
WBGene00171100.,0,0,0
WBGene00171101.,0,0,0
WBGene00171102.,0,0,0
WBGene00171103.,0,0,0
WBGene00171104.,0,0,0
WBGene00171105.,0,0,0
WBGene00171106.,0,0,0
WBGene00171107.,0,6,6
WBGene00171108.,0,0,0
WBGene00171109.,0,0,0
WBGene00171110.,0,0,0
WBGene00171111.,0,0,0
WBGene00171112.,0,0,0
WBGene00171113.,0,1,1
WBGene00171114.,0,0,0
WBGene00171115.,0,0,0
WBGene00171116.,0,1,1
WBGene00171117.,0,1,1
WBGene00171118.,0,0,0
WBGene00171119.,0,0,0
WBGene00171120.,0,0,0
WBGene00171121.,0,0,0
WBGene00171122.,0,0,0
WBGene00171123.,0,1,1
WBGene00171124.,0,0,0
WBGene00171125.,0,1,1
WBGene00171126.,0,0,0
WBGene00171127.,0,0,0
WBGene00171128.,0,0,0
WBGene00171129.,0,0,0
WBGene00171130.,0,0,0
WBGene00171131.,0,0,0
WBGene00171132.,0,0,0
WBGene00171133.,0,0,0
WBGene00171134.,0,0,0
WBGene00171135.,0,0,0
WBGene00171136.,0,0,0
WBGene00171137.,0,0,0
WBGene00171138.,0,0,0
WBGene00171139.,0,0,0
WBGene00171140.,0,0,0
WBGene00171141.,0,0,0
WBGene00171142.,0,0,0
WBGene00171143.,0,0,0
WBGene00171144.,0,0,0
WBGene00171145.,0,0,0
WBGene00171146.,0,0,0
WBGene00171147.,0,0,0
WBGene00171148.,0,0,0
WBGene00171149.,0,0,0
WBGene00171150.,0,0,0
WBGene00171151.,0,0,0
WBGene00171152.,0,6,6
WBGene00171153.,0,0,0
WBGene00171154.,0,0,0
WBGene00171155.,0,1,1
WBGene00171156.,0,0,0
WBGene00171157.,0,0,0
WBGene00171158.,0,0,0
WBGene00171159.,0,0,0
WBGene00171160.,0,0,0
WBGene00171161.,0,0,0
WBGene00171162.,0,0,0
WBGene00171163.,0,0,0
WBGene00171164.,0,0,0
WBGene00171165.,0,0,0
WBGene00171166.,0,0,0
WBGene00171167.,0,0,0
WBGene00171168.,0,0,0
WBGene00171169.,0,3,3
WBGene00171170.,0,0,0
WBGene00171171.,0,0,0
WBGene00171172.,0,0,0
WBGene00171173.,0,0,0
WBGene00171174.,0,0,0
WBGene00171175.,0,0,0
WBGene00171176.,0,0,0
WBGene00171177.,0,0,0
WBGene00171178.,0,0,0
WBGene00171179.,0,0,0
WBGene00171180.,0,0,0
WBGene00171181.,0,0,0
WBGene00171182.,0,0,0
WBGene00171183.,0,0,0
WBGene00171184.,0,0,0
WBGene00171185.,0,0,0
WBGene00171186.,0,0,0
WBGene00171187.,0,0,0
WBGene00171188.,0,2,2
WBGene00171189.,0,0,0
WBGene00171190.,0,2,2
WBGene00171191.,0,0,0
WBGene00171192.,0,0,0
WBGene00171193.,0,1,1
WBGene00171194.,0,8,8
WBGene00171195.,0,0,0
WBGene00171196.,0,0,0
WBGene00171197.,0,0,0
WBGene00171198.,0,2,2
WBGene00171199.,0,0,0
WBGene00171200.,0,0,0
WBGene00171201.,0,0,0
WBGene00171202.,0,1,1
WBGene00171203.,0,0,0
WBGene00171204.,0,0,0
WBGene00171205.,0,0,0
WBGene00171206.,0,0,0
WBGene00171207.,0,0,0
WBGene00171208.,0,0,0
WBGene00171209.,0,0,0
WBGene00171210.,0,0,0
WBGene00171211.,0,0,0
WBGene00171212.,0,0,0
WBGene00171213.,0,0,0
WBGene00171214.,0,1,1
WBGene00171215.,0,0,0
WBGene00171216.,0,0,0
WBGene00171217.,0,0,0
WBGene00171218.,0,0,0
WBGene00171219.,0,0,0
WBGene00171220.,0,4,4
WBGene00171221.,0,9,9
WBGene00171222.,0,0,0
WBGene00171223.,0,0,0
WBGene00171224.,0,0,0
WBGene00171225.,0,0,0
WBGene00171226.,0,0,0
WBGene00171227.,0,0,0
WBGene00171228.,0,2,2
WBGene00171229.,0,0,0
WBGene00171230.,0,0,0
WBGene00171231.,0,0,0
WBGene00171232.,0,0,0
WBGene00171233.,0,0,0
WBGene00171234.,0,0,0
WBGene00171235.,0,0,0
WBGene00171236.,0,0,0
WBGene00171237.,0,0,0
WBGene00171238.,0,1,1
WBGene00171239.,0,0,0
WBGene00171240.,0,0,0
WBGene00171241.,0,0,0
WBGene00171242.,0,0,0
WBGene00171243.,0,0,0
WBGene00171244.,0,1,1
WBGene00171245.,0,1,1
WBGene00171246.,0,0,0
WBGene00171247.,0,0,0
WBGene00171248.,0,0,0
WBGene00171249.,0,0,0
WBGene00171250.,0,0,0
WBGene00171251.,0,0,0
WBGene00171252.,0,2,2
WBGene00171253.,0,0,0
WBGene00171254.,0,0,0
WBGene00171255.,0,0,0
WBGene00171256.,0,0,0
WBGene00171257.,0,0,0
WBGene00171258.,0,0,0
WBGene00171259.,0,0,0
WBGene00171260.,0,0,0
WBGene00171261.,0,0,0
WBGene00171262.,0,0,0
WBGene00171263.,0,0,0
WBGene00171264.,0,0,0
WBGene00171265.,0,15,15
WBGene00171266.,0,0,0
WBGene00171267.,0,0,0
WBGene00171268.,0,0,0
WBGene00171269.,0,0,0
WBGene00171270.,0,0,0
WBGene00171271.,0,0,0
WBGene00171272.,0,0,0
WBGene00171273.,0,0,0
WBGene00171274.,0,0,0
WBGene00171275.,0,0,0
WBGene00171276.,0,0,0
WBGene00171277.,0,0,0
WBGene00171278.,0,0,0
WBGene00171279.,0,1,1
WBGene00171280.,0,4,4
WBGene00171281.,0,0,0
WBGene00171282.,0,0,0
WBGene00171283.,0,0,0
WBGene00171284.,0,1,1
WBGene00171285.,0,0,0
WBGene00171286.,0,47,47
WBGene00171287.,0,0,0
WBGene00171288.,0,0,0
WBGene00171289.,0,4,4
WBGene00171290.,0,10,10
WBGene00171291.,0,0,0
WBGene00171292.,0,1,1
WBGene00171293.,0,2,2
WBGene00171294.,0,1,1
WBGene00171295.,0,0,0
WBGene00171296.,0,0,0
WBGene00171297.,0,0,0
WBGene00171298.,0,0,0
WBGene00171299.,0,0,0
WBGene00171300.,0,0,0
WBGene00171301.,0,0,0
WBGene00171302.,0,0,0
WBGene00171303.,0,0,0
WBGene00171304.,0,0,0
WBGene00171305.,0,3,3
WBGene00171306.,0,0,0
WBGene00171307.,0,0,0
WBGene00171308.,0,0,0
WBGene00171309.,0,2,2
WBGene00171310.,0,0,0
WBGene00171311.,0,11,11
WBGene00171312.,0,0,0
WBGene00171313.,0,0,0
WBGene00171314.,0,0,0
WBGene00171315.,0,0,0
WBGene00171316.,0,1,1
WBGene00171317.,0,1,1
WBGene00171318.,0,0,0
WBGene00171319.,0,0,0
WBGene00171320.,0,0,0
WBGene00171321.,0,0,0
WBGene00171322.,0,1,1
WBGene00171323.,0,5,5
WBGene00171324.,0,0,0
WBGene00171325.,0,0,0
WBGene00171326.,0,0,0
WBGene00171327.,0,0,0
WBGene00171328.,0,0,0
WBGene00171329.,0,6,6
WBGene00171330.,0,0,0
WBGene00171331.,0,0,0
WBGene00171332.,0,0,0
WBGene00171333.,0,1,1
WBGene00171334.,0,0,0
WBGene00171335.,0,0,0
WBGene00171336.,0,1,1
WBGene00171337.,0,0,0
WBGene00171338.,0,0,0
WBGene00171339.,0,0,0
WBGene00171340.,0,0,0
WBGene00171341.,0,0,0
WBGene00171342.,0,0,0
WBGene00171343.,0,1,1
WBGene00171344.,0,0,0
WBGene00171345.,0,0,0
WBGene00171346.,0,4,4
WBGene00171347.,0,17,17
WBGene00171348.,0,0,0
WBGene00171349.,0,0,0
WBGene00171350.,0,0,0
WBGene00171351.,0,0,0
WBGene00171352.,0,0,0
WBGene00171353.,0,0,0
WBGene00171354.,0,0,0
WBGene00171355.,0,0,0
WBGene00171356.,0,0,0
WBGene00171357.,0,0,0
WBGene00171358.,0,0,0
WBGene00171359.,0,6,6
WBGene00171360.,0,0,0
WBGene00171361.,0,0,0
WBGene00171362.,0,0,0
WBGene00171363.,0,0,0
WBGene00171364.,0,8,8
WBGene00171365.,0,0,0
WBGene00171366.,0,0,0
WBGene00171367.,0,0,0
WBGene00171368.,0,0,0
WBGene00171369.,0,0,0
WBGene00171370.,0,0,0
WBGene00171371.,0,0,0
WBGene00171372.,0,0,0
WBGene00171373.,0,0,0
WBGene00171374.,0,0,0
WBGene00171375.,0,3,3
WBGene00171376.,0,0,0
WBGene00171377.,0,0,0
WBGene00171378.,0,0,0
WBGene00171379.,0,0,0
WBGene00171380.,0,0,0
WBGene00171381.,0,0,0
WBGene00171382.,0,0,0
WBGene00171383.,0,0,0
WBGene00171384.,0,0,0
WBGene00171385.,0,0,0
WBGene00171386.,0,0,0
WBGene00171387.,0,0,0
WBGene00171388.,0,0,0
WBGene00171389.,0,0,0
WBGene00171390.,0,0,0
WBGene00171391.,0,0,0
WBGene00171392.,0,0,0
WBGene00171393.,0,0,0
WBGene00171394.,0,0,0
WBGene00171395.,0,0,0
WBGene00171396.,0,0,0
WBGene00171397.,0,0,0
WBGene00171398.,0,0,0
WBGene00171399.,0,0,0
WBGene00171400.,0,0,0
WBGene00171401.,0,0,0
WBGene00171402.,0,0,0
WBGene00171403.,0,0,0
WBGene00171404.,0,0,0
WBGene00171405.,0,2,2
WBGene00171406.,0,0,0
WBGene00171407.,0,2,2
WBGene00171408.,0,0,0
WBGene00171409.,0,0,0
WBGene00171410.,0,0,0
WBGene00171411.,0,7,7
WBGene00171412.,0,8,8
WBGene00171413.,0,0,0
WBGene00171414.,0,2,2
WBGene00171415.,0,0,0
WBGene00171416.,0,0,0
WBGene00171417.,0,0,0
WBGene00171418.,0,0,0
WBGene00171419.,0,0,0
WBGene00171420.,0,0,0
WBGene00171421.,0,3,3
WBGene00171422.,0,0,0
WBGene00171423.,0,5,5
WBGene00171424.,0,0,0
WBGene00171425.,0,0,0
WBGene00171426.,0,0,0
WBGene00171427.,0,0,0
WBGene00171428.,0,1,1
WBGene00171429.,0,0,0
WBGene00171430.,0,0,0
WBGene00171431.,0,0,0
WBGene00171432.,0,0,0
WBGene00171433.,0,0,0
WBGene00171434.,0,0,0
WBGene00171435.,0,0,0
WBGene00171436.,0,0,0
WBGene00171437.,0,1,1
WBGene00171438.,0,0,0
WBGene00171439.,0,0,0
WBGene00171440.,0,2,2
WBGene00171441.,0,0,0
WBGene00171442.,0,0,0
WBGene00171443.,0,0,0
WBGene00171444.,0,0,0
WBGene00171445.,0,0,0
WBGene00171446.,0,0,0
WBGene00171447.,0,0,0
WBGene00171448.,0,0,0
WBGene00171449.,0,0,0
WBGene00171450.,0,0,0
WBGene00171451.,0,1,1
WBGene00171452.,0,0,0
WBGene00171453.,0,0,0
WBGene00171454.,0,0,0
WBGene00171455.,0,0,0
WBGene00171456.,0,6,6
WBGene00171457.,0,1,1
WBGene00171458.,0,0,0
WBGene00171459.,0,0,0
WBGene00171460.,0,0,0
WBGene00171461.,0,6,6
WBGene00171462.,0,0,0
WBGene00171463.,0,0,0
WBGene00171464.,0,1,1
WBGene00171465.,0,0,0
WBGene00171466.,0,0,0
WBGene00171467.,0,0,0
WBGene00171468.,0,0,0
WBGene00171469.,0,0,0
WBGene00171470.,0,38,38
WBGene00171471.,0,0,0
WBGene00171472.,0,0,0
WBGene00171473.,0,9,9
WBGene00171474.,0,1,1
WBGene00171475.,0,0,0
WBGene00171476.,0,0,0
WBGene00171477.,0,0,0
WBGene00171478.,0,2,2
WBGene00171479.,0,0,0
WBGene00171480.,0,0,0
WBGene00171481.,0,0,0
WBGene00171482.,0,0,0
WBGene00171483.,0,0,0
WBGene00171484.,0,0,0
WBGene00171485.,0,0,0
WBGene00171486.,0,0,0
WBGene00171487.,0,0,0
WBGene00171488.,0,0,0
WBGene00171489.,0,0,0
WBGene00171490.,0,1,1
WBGene00171491.,0,0,0
WBGene00171492.,0,0,0
WBGene00171493.,0,0,0
WBGene00171494.,0,0,0
WBGene00171495.,0,0,0
WBGene00171496.,0,0,0
WBGene00171497.,0,0,0
WBGene00171498.,0,0,0
WBGene00171499.,0,0,0
WBGene00171500.,0,1,1
WBGene00171501.,0,0,0
WBGene00171502.,0,0,0
WBGene00171503.,0,0,0
WBGene00171504.,0,0,0
WBGene00171505.,0,2,2
WBGene00171506.,0,0,0
WBGene00171507.,0,0,0
WBGene00171508.,0,0,0
WBGene00171509.,0,0,0
WBGene00171510.,0,0,0
WBGene00171511.,0,0,0
WBGene00171512.,0,0,0
WBGene00171513.,0,0,0
WBGene00171514.,0,0,0
WBGene00171515.,0,0,0
WBGene00171516.,0,0,0
WBGene00171517.,0,0,0
WBGene00171518.,0,0,0
WBGene00171519.,0,6,6
WBGene00171520.,0,0,0
WBGene00171521.,0,0,0
WBGene00171522.,0,0,0
WBGene00171523.,0,0,0
WBGene00171524.,0,0,0
WBGene00171525.,0,14,14
WBGene00171526.,0,8,8
WBGene00171527.,0,0,0
WBGene00171528.,0,0,0
WBGene00171529.,0,3,3
WBGene00171530.,0,0,0
WBGene00171531.,0,0,0
WBGene00171532.,0,0,0
WBGene00171533.,0,1,1
WBGene00171534.,0,0,0
WBGene00171535.,0,0,0
WBGene00171536.,0,0,0
WBGene00171537.,0,0,0
WBGene00171538.,0,0,0
WBGene00171539.,0,0,0
WBGene00171540.,0,0,0
WBGene00171541.,0,0,0
WBGene00171542.,0,0,0
WBGene00171543.,0,0,0
WBGene00171544.,0,0,0
WBGene00171545.,0,0,0
WBGene00171546.,0,0,0
WBGene00171547.,0,1,1
WBGene00171548.,0,0,0
WBGene00171549.,0,0,0
WBGene00171550.,0,0,0
WBGene00171551.,0,0,0
WBGene00171552.,0,0,0
WBGene00171553.,0,0,0
WBGene00171554.,0,0,0
WBGene00171555.,0,0,0
WBGene00171556.,0,0,0
WBGene00171557.,0,0,0
WBGene00171558.,0,0,0
WBGene00171559.,0,5,5
WBGene00171560.,0,0,0
WBGene00171561.,0,0,0
WBGene00171562.,0,0,0
WBGene00171563.,0,0,0
WBGene00171564.,0,0,0
WBGene00171565.,0,0,0
WBGene00171566.,0,0,0
WBGene00171567.,0,0,0
WBGene00171568.,0,36,36
WBGene00171569.,0,0,0
WBGene00171570.,0,0,0
WBGene00171571.,0,0,0
WBGene00171572.,0,0,0
WBGene00171573.,0,0,0
WBGene00171574.,0,0,0
WBGene00171575.,0,0,0
WBGene00171576.,0,0,0
WBGene00171577.,0,0,0
WBGene00171578.,0,0,0
WBGene00171579.,0,0,0
WBGene00171580.,0,0,0
WBGene00171581.,0,0,0
WBGene00171582.,0,0,0
WBGene00171583.,0,0,0
WBGene00171584.,0,0,0
WBGene00171585.,0,0,0
WBGene00171586.,0,0,0
WBGene00171587.,0,1,1
WBGene00171588.,0,0,0
WBGene00171589.,0,0,0
WBGene00171590.,0,0,0
WBGene00171591.,0,0,0
WBGene00171592.,0,1,1
WBGene00171593.,0,0,0
WBGene00171594.,0,0,0
WBGene00171595.,0,0,0
WBGene00171596.,0,0,0
WBGene00171597.,0,0,0
WBGene00171598.,0,0,0
WBGene00171599.,0,0,0
WBGene00171600.,0,0,0
WBGene00171601.,0,0,0
WBGene00171602.,0,0,0
WBGene00171603.,0,0,0
WBGene00171604.,0,0,0
WBGene00171605.,0,0,0
WBGene00171606.,0,0,0
WBGene00171607.,0,0,0
WBGene00171608.,0,1,1
WBGene00171609.,0,0,0
WBGene00171610.,0,0,0
WBGene00171611.,0,0,0
WBGene00171612.,0,0,0
WBGene00171613.,0,0,0
WBGene00171614.,0,0,0
WBGene00171615.,0,0,0
WBGene00171616.,0,0,0
WBGene00171617.,0,1,1
WBGene00171618.,0,0,0
WBGene00171619.,0,0,0
WBGene00171620.,0,0,0
WBGene00171621.,0,0,0
WBGene00171622.,0,3,3
WBGene00171623.,0,5,5
WBGene00171624.,0,0,0
WBGene00171625.,0,0,0
WBGene00171626.,0,0,0
WBGene00171627.,0,0,0
WBGene00171628.,0,0,0
WBGene00171629.,0,0,0
WBGene00171630.,0,0,0
WBGene00171631.,0,0,0
WBGene00171632.,0,0,0
WBGene00171633.,0,0,0
WBGene00171634.,0,0,0
WBGene00171635.,0,0,0
WBGene00171636.,0,0,0
WBGene00171637.,0,0,0
WBGene00171638.,0,0,0
WBGene00171639.,0,0,0
WBGene00171640.,0,0,0
WBGene00171641.,0,0,0
WBGene00171642.,0,3,3
WBGene00171643.,0,0,0
WBGene00171644.,0,0,0
WBGene00171645.,0,0,0
WBGene00171646.,0,0,0
WBGene00171647.,0,0,0
WBGene00171648.,0,0,0
WBGene00171649.,0,0,0
WBGene00171650.,0,0,0
WBGene00171651.,0,0,0
WBGene00171652.,0,0,0
WBGene00171653.,0,3,3
WBGene00171654.,0,0,0
WBGene00171655.,0,3,3
WBGene00171656.,0,1,1
WBGene00171657.,0,1,1
WBGene00171658.,0,0,0
WBGene00171659.,0,1,1
WBGene00171660.,0,0,0
WBGene00171661.,0,0,0
WBGene00171662.,0,0,0
WBGene00171663.,0,2,2
WBGene00171664.,0,0,0
WBGene00171665.,0,0,0
WBGene00171666.,0,0,0
WBGene00171667.,0,3,3
WBGene00171668.,0,0,0
WBGene00171669.,0,0,0
WBGene00171670.,0,0,0
WBGene00171671.,0,0,0
WBGene00171672.,0,0,0
WBGene00171673.,0,0,0
WBGene00171674.,0,0,0
WBGene00171675.,0,0,0
WBGene00171676.,0,0,0
WBGene00171677.,0,0,0
WBGene00171678.,0,0,0
WBGene00171679.,0,0,0
WBGene00171680.,0,0,0
WBGene00171681.,0,0,0
WBGene00171682.,0,0,0
WBGene00171683.,0,0,0
WBGene00171684.,0,0,0
WBGene00171685.,0,0,0
WBGene00171686.,0,1,1
WBGene00171687.,0,0,0
WBGene00171688.,0,0,0
WBGene00171689.,0,0,0
WBGene00171690.,0,0,0
WBGene00171691.,0,2,2
WBGene00171692.,0,0,0
WBGene00171693.,0,0,0
WBGene00171694.,0,5,5
WBGene00171695.,0,0,0
WBGene00171696.,0,0,0
WBGene00171697.,0,0,0
WBGene00171698.,0,0,0
WBGene00171699.,0,1,1
WBGene00171700.,0,0,0
WBGene00171701.,0,0,0
WBGene00171702.,0,0,0
WBGene00171703.,0,2,2
WBGene00171704.,0,0,0
WBGene00171705.,0,0,0
WBGene00171706.,0,0,0
WBGene00171707.,0,0,0
WBGene00171708.,0,0,0
WBGene00171709.,0,0,0
WBGene00171710.,0,0,0
WBGene00171712.,0,0,0
WBGene00171713.,0,0,0
WBGene00171714.,0,0,0
WBGene00171715.,0,0,0
WBGene00171716.,0,0,0
WBGene00171717.,0,1,1
WBGene00171718.,0,0,0
WBGene00171719.,0,0,0
WBGene00171720.,0,0,0
WBGene00171721.,0,1,1
WBGene00171722.,0,0,0
WBGene00171723.,0,0,0
WBGene00171724.,0,0,0
WBGene00171725.,0,0,0
WBGene00171726.,0,0,0
WBGene00171727.,0,0,0
WBGene00171728.,0,0,0
WBGene00171729.,0,0,0
WBGene00171730.,0,0,0
WBGene00171731.,0,0,0
WBGene00171732.,0,0,0
WBGene00171733.,0,0,0
WBGene00171734.,0,0,0
WBGene00171735.,0,2,2
WBGene00171736.,0,1,1
WBGene00171737.,0,0,0
WBGene00171738.,0,6,6
WBGene00171739.,0,0,0
WBGene00171740.,0,0,0
WBGene00171741.,0,0,0
WBGene00171742.,0,0,0
WBGene00171743.,0,0,0
WBGene00171744.,0,0,0
WBGene00171745.,0,0,0
WBGene00171746.,0,0,0
WBGene00171747.,0,0,0
WBGene00171748.,0,0,0
WBGene00171749.,0,0,0
WBGene00171750.,0,0,0
WBGene00171751.,0,0,0
WBGene00171752.,0,0,0
WBGene00171753.,0,0,0
WBGene00171754.,0,20,20
WBGene00171755.,0,0,0
WBGene00171756.,0,0,0
WBGene00171757.,0,0,0
WBGene00171758.,0,0,0
WBGene00171759.,0,0,0
WBGene00171760.,0,0,0
WBGene00171761.,0,0,0
WBGene00171762.,0,0,0
WBGene00171763.,0,2,2
WBGene00171764.,0,0,0
WBGene00171765.,0,16,16
WBGene00171766.,0,0,0
WBGene00171767.,0,0,0
WBGene00171768.,0,0,0
WBGene00171769.,0,0,0
WBGene00171770.,0,1,1
WBGene00171771.,0,0,0
WBGene00171772.,0,0,0
WBGene00171773.,0,0,0
WBGene00171774.,0,0,0
WBGene00171775.,0,1,1
WBGene00171776.,0,0,0
WBGene00171777.,0,0,0
WBGene00171778.,0,1,1
WBGene00171779.,0,4,4
WBGene00171780.,0,0,0
WBGene00171781.,0,0,0
WBGene00171782.,0,0,0
WBGene00171783.,0,0,0
WBGene00171784.,0,0,0
WBGene00171785.,0,0,0
WBGene00171786.,0,4,4
WBGene00171787.,0,0,0
WBGene00171788.,0,0,0
WBGene00171789.,0,0,0
WBGene00171790.,0,0,0
WBGene00171791.,0,0,0
WBGene00171792.,0,2,2
WBGene00171793.,0,0,0
WBGene00171794.,0,0,0
WBGene00171795.,0,0,0
WBGene00171796.,0,1,1
WBGene00171797.,0,0,0
WBGene00171798.,0,1,1
WBGene00171799.,0,4,4
WBGene00171800.,0,2,2
WBGene00171801.,0,0,0
WBGene00171802.,0,0,0
WBGene00171803.,0,0,0
WBGene00171804.,0,0,0
WBGene00171805.,0,0,0
WBGene00171806.,0,0,0
WBGene00171807.,0,0,0
WBGene00171809.,0,0,0
WBGene00171810.,0,0,0
WBGene00171811.,0,0,0
WBGene00171812.,0,1,1
WBGene00171813.,0,0,0
WBGene00171814.,0,0,0
WBGene00171815.,0,1,1
WBGene00171816.,0,0,0
WBGene00171817.,0,0,0
WBGene00171818.,0,0,0
WBGene00171819.,0,0,0
WBGene00171820.,0,0,0
WBGene00171821.,0,0,0
WBGene00171822.,0,0,0
WBGene00171823.,0,0,0
WBGene00171824.,0,0,0
WBGene00171825.,0,0,0
WBGene00171826.,0,0,0
WBGene00171827.,0,0,0
WBGene00171828.,0,0,0
WBGene00171829.,0,0,0
WBGene00171830.,0,0,0
WBGene00171831.,0,0,0
WBGene00171832.,0,0,0
WBGene00171833.,0,0,0
WBGene00171834.,0,0,0
WBGene00171835.,0,0,0
WBGene00171836.,0,0,0
WBGene00171837.,0,0,0
WBGene00171838.,0,4,4
WBGene00171839.,0,0,0
WBGene00171840.,0,0,0
WBGene00171841.,0,0,0
WBGene00171842.,0,0,0
WBGene00171843.,0,0,0
WBGene00171844.,0,0,0
WBGene00171845.,0,0,0
WBGene00171846.,0,0,0
WBGene00171847.,0,0,0
WBGene00171848.,0,0,0
WBGene00171849.,0,0,0
WBGene00171850.,0,0,0
WBGene00171851.,0,0,0
WBGene00171852.,0,0,0
WBGene00171853.,0,0,0
WBGene00171854.,0,0,0
WBGene00171855.,0,0,0
WBGene00171856.,0,0,0
WBGene00171857.,0,0,0
WBGene00171858.,0,1,1
WBGene00171859.,0,0,0
WBGene00171860.,0,0,0
WBGene00171861.,0,1,1
WBGene00171862.,0,0,0
WBGene00171863.,0,0,0
WBGene00171864.,0,0,0
WBGene00171865.,0,0,0
WBGene00171866.,0,0,0
WBGene00171867.,0,1,1
WBGene00171868.,0,0,0
WBGene00171869.,0,2,2
WBGene00171870.,0,3,3
WBGene00171871.,0,0,0
WBGene00171872.,0,0,0
WBGene00171873.,0,0,0
WBGene00171875.,0,1,1
WBGene00171876.,0,0,0
WBGene00171877.,0,0,0
WBGene00171878.,0,0,0
WBGene00171879.,0,0,0
WBGene00171880.,0,0,0
WBGene00171881.,0,0,0
WBGene00171882.,0,0,0
WBGene00171883.,0,1,1
WBGene00171884.,0,0,0
WBGene00171885.,0,0,0
WBGene00171886.,0,0,0
WBGene00171887.,0,0,0
WBGene00171888.,0,1,1
WBGene00171889.,0,0,0
WBGene00171890.,0,0,0
WBGene00171891.,0,0,0
WBGene00171892.,0,5,5
WBGene00171893.,0,0,0
WBGene00171894.,0,0,0
WBGene00171895.,0,3,3
WBGene00171896.,0,0,0
WBGene00171897.,0,0,0
WBGene00171898.,0,0,0
WBGene00171899.,0,0,0
WBGene00171900.,0,0,0
WBGene00171901.,0,0,0
WBGene00171902.,0,0,0
WBGene00171903.,0,1,1
WBGene00171904.,0,0,0
WBGene00171905.,0,3,3
WBGene00171906.,0,0,0
WBGene00171907.,0,6,6
WBGene00171908.,0,0,0
WBGene00171909.,0,0,0
WBGene00171910.,0,0,0
WBGene00171911.,0,0,0
WBGene00171912.,0,0,0
WBGene00171913.,0,0,0
WBGene00171914.,0,0,0
WBGene00171915.,0,0,0
WBGene00171916.,0,0,0
WBGene00171917.,0,0,0
WBGene00171918.,0,0,0
WBGene00171919.,0,1,1
WBGene00171920.,0,0,0
WBGene00171921.,0,0,0
WBGene00171922.,0,0,0
WBGene00171923.,0,4,4
WBGene00171924.,0,10,10
WBGene00171925.,0,0,0
WBGene00171926.,0,0,0
WBGene00171927.,0,0,0
WBGene00171928.,0,0,0
WBGene00171929.,0,0,0
WBGene00171930.,0,0,0
WBGene00171931.,0,0,0
WBGene00171932.,0,5,5
WBGene00171933.,0,0,0
WBGene00171934.,0,0,0
WBGene00171935.,0,1,1
WBGene00171936.,0,0,0
WBGene00171937.,0,0,0
WBGene00171938.,0,0,0
WBGene00171939.,0,0,0
WBGene00171940.,0,2,2
WBGene00171941.,0,0,0
WBGene00171942.,0,0,0
WBGene00171943.,0,0,0
WBGene00171944.,0,0,0
WBGene00171945.,0,0,0
WBGene00171946.,0,8,8
WBGene00171947.,0,0,0
WBGene00171948.,0,0,0
WBGene00171949.,0,1,1
WBGene00171950.,0,0,0
WBGene00171951.,0,0,0
WBGene00171952.,0,0,0
WBGene00171953.,0,0,0
WBGene00171954.,0,0,0
WBGene00171955.,0,0,0
WBGene00171956.,0,1,1
WBGene00171957.,0,0,0
WBGene00171958.,0,0,0
WBGene00171959.,0,0,0
WBGene00171960.,0,0,0
WBGene00171961.,0,0,0
WBGene00171962.,0,0,0
WBGene00171963.,0,0,0
WBGene00171964.,0,0,0
WBGene00171965.,0,1,1
WBGene00171966.,0,0,0
WBGene00171967.,0,0,0
WBGene00171968.,0,0,0
WBGene00171969.,0,0,0
WBGene00171970.,0,0,0
WBGene00171971.,0,0,0
WBGene00171972.,0,0,0
WBGene00171973.,0,1,1
WBGene00171974.,0,0,0
WBGene00171975.,0,0,0
WBGene00171976.,0,0,0
WBGene00171977.,0,0,0
WBGene00171978.,0,0,0
WBGene00171979.,0,0,0
WBGene00171980.,0,0,0
WBGene00171981.,0,0,0
WBGene00171982.,0,0,0
WBGene00171983.,0,0,0
WBGene00171984.,0,0,0
WBGene00171985.,0,5,5
WBGene00171986.,0,0,0
WBGene00171987.,0,0,0
WBGene00171988.,0,0,0
WBGene00171989.,0,0,0
WBGene00171990.,0,0,0
WBGene00171991.,0,0,0
WBGene00171992.,0,0,0
WBGene00171993.,0,0,0
WBGene00171994.,0,0,0
WBGene00171995.,0,0,0
WBGene00171996.,0,1,1
WBGene00171997.,0,0,0
WBGene00171998.,0,0,0
WBGene00171999.,0,0,0
WBGene00172000.,0,0,0
WBGene00172001.,0,0,0
WBGene00172002.,0,0,0
WBGene00172003.,0,0,0
WBGene00172004.,0,0,0
WBGene00172006.,0,0,0
WBGene00172007.,0,0,0
WBGene00172008.,0,0,0
WBGene00172009.,0,0,0
WBGene00172010.,0,0,0
WBGene00172011.,0,0,0
WBGene00172012.,0,0,0
WBGene00172013.,0,1,1
WBGene00172014.,0,0,0
WBGene00172015.,0,0,0
WBGene00172016.,0,24,24
WBGene00172017.,0,0,0
WBGene00172018.,0,1,1
WBGene00172019.,0,3,3
WBGene00172020.,0,0,0
WBGene00172021.,0,0,0
WBGene00172022.,0,0,0
WBGene00172023.,0,0,0
WBGene00172024.,0,0,0
WBGene00172025.,0,0,0
WBGene00172026.,0,0,0
WBGene00172027.,0,0,0
WBGene00172028.,0,4,4
WBGene00172029.,0,0,0
WBGene00172030.,0,0,0
WBGene00172031.,0,0,0
WBGene00172032.,0,0,0
WBGene00172033.,0,0,0
WBGene00172034.,0,0,0
WBGene00172035.,0,0,0
WBGene00172036.,0,2,2
WBGene00172037.,0,0,0
WBGene00172038.,0,0,0
WBGene00172039.,0,2,2
WBGene00172040.,0,0,0
WBGene00172041.,0,0,0
WBGene00172042.,0,0,0
WBGene00172043.,0,0,0
WBGene00172044.,0,0,0
WBGene00172045.,0,0,0
WBGene00172046.,0,0,0
WBGene00172047.,0,0,0
WBGene00172048.,0,0,0
WBGene00172049.,0,0,0
WBGene00172050.,0,1,1
WBGene00172051.,0,0,0
WBGene00172052.,0,0,0
WBGene00172053.,0,0,0
WBGene00172054.,0,2,2
WBGene00172055.,0,0,0
WBGene00172056.,0,7,7
WBGene00172057.,0,0,0
WBGene00172058.,0,0,0
WBGene00172059.,0,0,0
WBGene00172060.,0,0,0
WBGene00172061.,0,0,0
WBGene00172062.,0,0,0
WBGene00172063.,0,2,2
WBGene00172064.,0,0,0
WBGene00172065.,0,0,0
WBGene00172066.,0,0,0
WBGene00172067.,0,0,0
WBGene00172068.,0,0,0
WBGene00172069.,0,0,0
WBGene00172070.,0,0,0
WBGene00172071.,0,0,0
WBGene00172072.,0,5,5
WBGene00172073.,0,1,1
WBGene00172074.,0,0,0
WBGene00172075.,0,0,0
WBGene00172076.,0,0,0
WBGene00172077.,0,0,0
WBGene00172078.,0,0,0
WBGene00172079.,0,0,0
WBGene00172080.,0,0,0
WBGene00172081.,0,0,0
WBGene00172082.,0,0,0
WBGene00172083.,0,0,0
WBGene00172084.,0,0,0
WBGene00172085.,0,0,0
WBGene00172086.,0,0,0
WBGene00172087.,0,0,0
WBGene00172088.,0,0,0
WBGene00172089.,0,0,0
WBGene00172090.,0,0,0
WBGene00172091.,0,0,0
WBGene00172092.,0,0,0
WBGene00172093.,0,0,0
WBGene00172094.,0,0,0
WBGene00172095.,0,0,0
WBGene00172096.,0,0,0
WBGene00172097.,0,2,2
WBGene00172098.,0,0,0
WBGene00172099.,0,0,0
WBGene00172100.,0,0,0
WBGene00172101.,0,0,0
WBGene00172102.,0,1,1
WBGene00172103.,0,0,0
WBGene00172104.,0,0,0
WBGene00172105.,0,0,0
WBGene00172106.,0,0,0
WBGene00172107.,0,8,8
WBGene00172108.,0,1,1
WBGene00172109.,0,0,0
WBGene00172110.,0,0,0
WBGene00172111.,0,0,0
WBGene00172112.,0,0,0
WBGene00172113.,0,0,0
WBGene00172114.,0,0,0
WBGene00172115.,0,0,0
WBGene00172116.,0,0,0
WBGene00172117.,0,2,2
WBGene00172118.,0,0,0
WBGene00172119.,0,0,0
WBGene00172120.,0,0,0
WBGene00172121.,0,2,2
WBGene00172122.,0,0,0
WBGene00172123.,0,0,0
WBGene00172124.,0,0,0
WBGene00172125.,0,0,0
WBGene00172126.,0,1,1
WBGene00172127.,0,0,0
WBGene00172128.,0,0,0
WBGene00172129.,0,0,0
WBGene00172130.,0,1,1
WBGene00172131.,0,0,0
WBGene00172132.,0,0,0
WBGene00172133.,0,0,0
WBGene00172134.,0,0,0
WBGene00172135.,0,0,0
WBGene00172136.,0,0,0
WBGene00172137.,0,0,0
WBGene00172138.,0,0,0
WBGene00172139.,0,0,0
WBGene00172140.,0,1,1
WBGene00172141.,0,0,0
WBGene00172142.,0,0,0
WBGene00172143.,0,0,0
WBGene00172144.,0,0,0
WBGene00172145.,0,0,0
WBGene00172146.,0,0,0
WBGene00172147.,0,0,0
WBGene00172148.,0,0,0
WBGene00172149.,0,1,1
WBGene00172150.,0,0,0
WBGene00172151.,0,1,1
WBGene00172152.,0,0,0
WBGene00172153.,0,0,0
WBGene00172154.,0,51,51
WBGene00172155.,0,1,1
WBGene00172156.,0,0,0
WBGene00172157.,0,0,0
WBGene00172158.,0,0,0
WBGene00172159.,0,0,0
WBGene00172160.,0,0,0
WBGene00172161.,0,3,3
WBGene00172162.,0,0,0
WBGene00172163.,0,0,0
WBGene00172164.,0,0,0
WBGene00172165.,0,0,0
WBGene00172166.,0,0,0
WBGene00172167.,0,0,0
WBGene00172168.,0,0,0
WBGene00172169.,0,7,7
WBGene00172170.,0,0,0
WBGene00172171.,0,0,0
WBGene00172172.,0,0,0
WBGene00172173.,0,0,0
WBGene00172174.,0,16,16
WBGene00172175.,0,0,0
WBGene00172176.,0,0,0
WBGene00172177.,0,0,0
WBGene00172178.,0,0,0
WBGene00172179.,0,0,0
WBGene00172180.,0,0,0
WBGene00172181.,0,0,0
WBGene00172182.,0,0,0
WBGene00172183.,0,0,0
WBGene00172184.,0,0,0
WBGene00172185.,0,4,4
WBGene00172186.,0,0,0
WBGene00172187.,0,11,11
WBGene00172188.,0,0,0
WBGene00172189.,0,0,0
WBGene00172190.,0,0,0
WBGene00172191.,0,0,0
WBGene00172192.,0,0,0
WBGene00172193.,0,0,0
WBGene00172194.,0,0,0
WBGene00172195.,0,1,1
WBGene00172196.,0,0,0
WBGene00172197.,0,0,0
WBGene00172198.,0,0,0
WBGene00172199.,0,2,2
WBGene00172200.,0,0,0
WBGene00172201.,0,0,0
WBGene00172202.,0,0,0
WBGene00172203.,0,0,0
WBGene00172204.,0,1,1
WBGene00172205.,0,0,0
WBGene00172206.,0,0,0
WBGene00172207.,0,0,0
WBGene00172208.,0,0,0
WBGene00172209.,0,0,0
WBGene00172210.,0,0,0
WBGene00172211.,0,0,0
WBGene00172212.,0,0,0
WBGene00172213.,0,0,0
WBGene00172214.,0,2,2
WBGene00172215.,0,0,0
WBGene00172216.,0,0,0
WBGene00172217.,0,3,3
WBGene00172218.,0,0,0
WBGene00172219.,0,1,1
WBGene00172220.,0,0,0
WBGene00172221.,0,0,0
WBGene00172222.,0,0,0
WBGene00172223.,0,0,0
WBGene00172224.,0,0,0
WBGene00172225.,0,0,0
WBGene00172226.,0,0,0
WBGene00172227.,0,0,0
WBGene00172228.,0,0,0
WBGene00172229.,0,0,0
WBGene00172230.,0,2,2
WBGene00172231.,0,0,0
WBGene00172232.,0,0,0
WBGene00172233.,0,0,0
WBGene00172234.,0,0,0
WBGene00172235.,0,0,0
WBGene00172236.,0,0,0
WBGene00172237.,0,0,0
WBGene00172238.,0,0,0
WBGene00172239.,0,0,0
WBGene00172240.,0,0,0
WBGene00172241.,0,0,0
WBGene00172242.,0,0,0
WBGene00172243.,0,0,0
WBGene00172244.,0,0,0
WBGene00172245.,0,0,0
WBGene00172246.,0,0,0
WBGene00172247.,0,0,0
WBGene00172248.,0,0,0
WBGene00172249.,0,2,2
WBGene00172250.,0,0,0
WBGene00172251.,0,0,0
WBGene00172252.,0,0,0
WBGene00172253.,0,0,0
WBGene00172254.,0,2,2
WBGene00172255.,0,0,0
WBGene00172256.,0,0,0
WBGene00172257.,0,1,1
WBGene00172258.,0,0,0
WBGene00172259.,0,0,0
WBGene00172260.,0,0,0
WBGene00172261.,0,0,0
WBGene00172262.,0,0,0
WBGene00172263.,0,0,0
WBGene00172264.,0,0,0
WBGene00172265.,0,0,0
WBGene00172266.,0,0,0
WBGene00172267.,0,0,0
WBGene00172268.,0,0,0
WBGene00172269.,0,0,0
WBGene00172270.,0,0,0
WBGene00172271.,0,44,44
WBGene00172272.,0,0,0
WBGene00172273.,0,3,3
WBGene00172274.,0,0,0
WBGene00172275.,0,0,0
WBGene00172276.,0,0,0
WBGene00172277.,0,2,2
WBGene00172278.,0,1,1
WBGene00172279.,0,0,0
WBGene00172280.,0,0,0
WBGene00172281.,0,0,0
WBGene00172282.,0,0,0
WBGene00172283.,0,1,1
WBGene00172284.,0,0,0
WBGene00172285.,0,0,0
WBGene00172286.,0,0,0
WBGene00172287.,0,5,5
WBGene00172288.,0,0,0
WBGene00172289.,0,0,0
WBGene00172290.,0,0,0
WBGene00172291.,0,1,1
WBGene00172292.,0,0,0
WBGene00172293.,0,0,0
WBGene00172294.,0,5,5
WBGene00172295.,0,0,0
WBGene00172296.,0,0,0
WBGene00172297.,0,0,0
WBGene00172298.,0,0,0
WBGene00172299.,0,0,0
WBGene00172300.,0,0,0
WBGene00172301.,0,0,0
WBGene00172302.,0,0,0
WBGene00172303.,0,0,0
WBGene00172304.,0,0,0
WBGene00172305.,0,1,1
WBGene00172306.,0,0,0
WBGene00172307.,0,0,0
WBGene00172308.,0,0,0
WBGene00172309.,0,14,14
WBGene00172310.,0,0,0
WBGene00172311.,0,0,0
WBGene00172312.,0,0,0
WBGene00172313.,0,0,0
WBGene00172314.,0,0,0
WBGene00172315.,0,2,2
WBGene00172316.,0,0,0
WBGene00172317.,0,0,0
WBGene00172318.,0,0,0
WBGene00172319.,0,0,0
WBGene00172320.,0,0,0
WBGene00172321.,0,0,0
WBGene00172322.,0,0,0
WBGene00172323.,0,0,0
WBGene00172324.,0,0,0
WBGene00172325.,0,0,0
WBGene00172326.,0,0,0
WBGene00172327.,0,0,0
WBGene00172328.,0,0,0
WBGene00172329.,0,0,0
WBGene00172330.,0,2,2
WBGene00172331.,0,0,0
WBGene00172332.,0,0,0
WBGene00172333.,0,0,0
WBGene00172334.,0,0,0
WBGene00172335.,0,0,0
WBGene00172336.,0,0,0
WBGene00172337.,0,0,0
WBGene00172338.,0,0,0
WBGene00172339.,0,0,0
WBGene00172340.,0,10,10
WBGene00172341.,0,0,0
WBGene00172342.,0,0,0
WBGene00172343.,0,0,0
WBGene00172344.,0,0,0
WBGene00172345.,0,0,0
WBGene00172346.,0,0,0
WBGene00172347.,0,0,0
WBGene00172348.,0,0,0
WBGene00172349.,0,0,0
WBGene00172350.,0,0,0
WBGene00172351.,0,0,0
WBGene00172352.,0,0,0
WBGene00172353.,0,0,0
WBGene00172354.,0,0,0
WBGene00172355.,0,0,0
WBGene00172356.,0,0,0
WBGene00172357.,0,0,0
WBGene00172358.,0,0,0
WBGene00172359.,0,1,1
WBGene00172360.,0,0,0
WBGene00172361.,0,2,2
WBGene00172362.,0,0,0
WBGene00172363.,0,0,0
WBGene00172364.,0,0,0
WBGene00172365.,0,0,0
WBGene00172366.,0,0,0
WBGene00172367.,0,0,0
WBGene00172368.,0,0,0
WBGene00172369.,0,0,0
WBGene00172370.,0,0,0
WBGene00172371.,0,0,0
WBGene00172372.,0,2,2
WBGene00172373.,0,0,0
WBGene00172374.,0,0,0
WBGene00172375.,0,0,0
WBGene00172376.,0,0,0
WBGene00172377.,0,0,0
WBGene00172378.,0,0,0
WBGene00172379.,0,1,1
WBGene00172380.,0,0,0
WBGene00172381.,0,0,0
WBGene00172382.,0,0,0
WBGene00172383.,0,0,0
WBGene00172384.,0,0,0
WBGene00172385.,0,0,0
WBGene00172386.,0,0,0
WBGene00172387.,0,0,0
WBGene00172388.,0,0,0
WBGene00172389.,0,0,0
WBGene00172390.,0,1,1
WBGene00172391.,0,0,0
WBGene00172392.,0,0,0
WBGene00172393.,0,5,5
WBGene00172394.,0,0,0
WBGene00172395.,0,0,0
WBGene00172396.,0,0,0
WBGene00172397.,0,0,0
WBGene00172398.,0,0,0
WBGene00172399.,0,0,0
WBGene00172400.,0,0,0
WBGene00172401.,0,0,0
WBGene00172402.,0,0,0
WBGene00172403.,0,0,0
WBGene00172404.,0,0,0
WBGene00172405.,0,2,2
WBGene00172406.,0,0,0
WBGene00172407.,0,4,4
WBGene00172408.,0,0,0
WBGene00172409.,0,2,2
WBGene00172410.,0,1,1
WBGene00172411.,0,0,0
WBGene00172412.,0,2,2
WBGene00172413.,0,1,1
WBGene00172414.,0,0,0
WBGene00172415.,0,0,0
WBGene00172416.,0,0,0
WBGene00172417.,0,0,0
WBGene00172418.,0,0,0
WBGene00172419.,0,10,10
WBGene00172420.,0,1,1
WBGene00172421.,0,2,2
WBGene00172422.,0,0,0
WBGene00172423.,0,0,0
WBGene00172424.,0,0,0
WBGene00172425.,0,0,0
WBGene00172426.,0,5,5
WBGene00172427.,0,1,1
WBGene00172428.,0,0,0
WBGene00172429.,0,0,0
WBGene00172430.,0,0,0
WBGene00172431.,0,0,0
WBGene00172432.,0,2,2
WBGene00172433.,0,1,1
WBGene00172434.,0,0,0
WBGene00172435.,0,0,0
WBGene00172436.,0,2,2
WBGene00172437.,0,2,2
WBGene00172438.,0,0,0
WBGene00172439.,0,0,0
WBGene00172440.,0,0,0
WBGene00172441.,0,0,0
WBGene00172442.,0,0,0
WBGene00172443.,0,0,0
WBGene00172444.,0,3,3
WBGene00172445.,0,1,1
WBGene00172446.,0,0,0
WBGene00172447.,0,1,1
WBGene00172448.,0,0,0
WBGene00172449.,0,0,0
WBGene00172450.,0,0,0
WBGene00172451.,0,0,0
WBGene00172452.,0,0,0
WBGene00172453.,0,0,0
WBGene00172454.,0,2,2
WBGene00172455.,0,0,0
WBGene00172456.,0,0,0
WBGene00172457.,0,2,2
WBGene00172458.,0,0,0
WBGene00172459.,0,0,0
WBGene00172460.,0,0,0
WBGene00172462.,0,0,0
WBGene00172463.,0,0,0
WBGene00172464.,0,0,0
WBGene00172465.,0,0,0
WBGene00172466.,0,0,0
WBGene00172467.,0,0,0
WBGene00172468.,0,0,0
WBGene00172469.,0,0,0
WBGene00172470.,0,0,0
WBGene00172471.,0,0,0
WBGene00172472.,0,1,1
WBGene00172473.,0,0,0
WBGene00172474.,0,2,2
WBGene00172475.,0,1,1
WBGene00172476.,0,0,0
WBGene00172477.,0,4,4
WBGene00172478.,0,0,0
WBGene00172479.,0,0,0
WBGene00172480.,0,0,0
WBGene00172481.,0,0,0
WBGene00172482.,0,0,0
WBGene00172483.,0,1,1
WBGene00172484.,0,0,0
WBGene00172485.,0,0,0
WBGene00172486.,0,0,0
WBGene00172487.,0,0,0
WBGene00172488.,0,0,0
WBGene00172489.,0,0,0
WBGene00172490.,0,0,0
WBGene00172491.,0,0,0
WBGene00172492.,0,4,4
WBGene00172493.,0,0,0
WBGene00172494.,0,0,0
WBGene00172495.,0,0,0
WBGene00172496.,0,1,1
WBGene00172497.,0,0,0
WBGene00172498.,0,0,0
WBGene00172499.,0,0,0
WBGene00172500.,0,0,0
WBGene00172501.,0,0,0
WBGene00172502.,0,1,1
WBGene00172503.,0,0,0
WBGene00172504.,0,0,0
WBGene00172505.,0,0,0
WBGene00172506.,0,0,0
WBGene00172507.,0,0,0
WBGene00172508.,0,0,0
WBGene00172509.,0,0,0
WBGene00172510.,0,0,0
WBGene00172511.,0,0,0
WBGene00172512.,0,0,0
WBGene00172513.,0,0,0
WBGene00172514.,0,0,0
WBGene00172515.,0,0,0
WBGene00172516.,0,1,1
WBGene00172517.,0,0,0
WBGene00172518.,0,0,0
WBGene00172519.,0,1,1
WBGene00172520.,0,0,0
WBGene00172521.,0,4,4
WBGene00172522.,0,0,0
WBGene00172523.,0,0,0
WBGene00172524.,0,0,0
WBGene00172525.,0,0,0
WBGene00172526.,0,0,0
WBGene00172527.,0,0,0
WBGene00172528.,0,0,0
WBGene00172529.,0,1,1
WBGene00172530.,0,0,0
WBGene00172531.,0,0,0
WBGene00172532.,0,2,2
WBGene00172533.,0,0,0
WBGene00172534.,0,0,0
WBGene00172535.,0,0,0
WBGene00172536.,0,0,0
WBGene00172537.,0,0,0
WBGene00172538.,0,1,1
WBGene00172539.,0,0,0
WBGene00172540.,0,0,0
WBGene00172541.,0,0,0
WBGene00172542.,0,0,0
WBGene00172543.,0,1,1
WBGene00172544.,0,0,0
WBGene00172545.,0,2,2
WBGene00172546.,0,0,0
WBGene00172547.,0,0,0
WBGene00172548.,0,0,0
WBGene00172549.,0,0,0
WBGene00172550.,0,0,0
WBGene00172551.,0,0,0
WBGene00172552.,0,0,0
WBGene00172553.,0,2,2
WBGene00172554.,0,0,0
WBGene00172555.,0,0,0
WBGene00172556.,0,0,0
WBGene00172557.,0,0,0
WBGene00172558.,0,0,0
WBGene00172559.,0,0,0
WBGene00172560.,0,0,0
WBGene00172561.,0,0,0
WBGene00172562.,0,1,1
WBGene00172563.,0,0,0
WBGene00172564.,0,0,0
WBGene00172565.,0,0,0
WBGene00172566.,0,0,0
WBGene00172567.,0,0,0
WBGene00172568.,0,0,0
WBGene00172569.,0,2,2
WBGene00172570.,0,0,0
WBGene00172571.,0,18,18
WBGene00172572.,0,0,0
WBGene00172573.,0,0,0
WBGene00172574.,0,0,0
WBGene00172575.,0,0,0
WBGene00172576.,0,0,0
WBGene00172577.,0,0,0
WBGene00172578.,0,0,0
WBGene00172579.,0,0,0
WBGene00172580.,0,0,0
WBGene00172581.,0,1,1
WBGene00172582.,0,0,0
WBGene00172583.,0,0,0
WBGene00172584.,0,0,0
WBGene00172585.,0,0,0
WBGene00172586.,0,0,0
WBGene00172587.,0,0,0
WBGene00172588.,0,0,0
WBGene00172589.,0,0,0
WBGene00172590.,0,0,0
WBGene00172591.,0,0,0
WBGene00172592.,0,0,0
WBGene00172593.,0,0,0
WBGene00172594.,0,1,1
WBGene00172595.,0,0,0
WBGene00172596.,0,0,0
WBGene00172597.,0,0,0
WBGene00172598.,0,1,1
WBGene00172599.,0,0,0
WBGene00172600.,0,0,0
WBGene00172601.,0,0,0
WBGene00172602.,0,0,0
WBGene00172603.,0,0,0
WBGene00172604.,0,0,0
WBGene00172605.,0,0,0
WBGene00172606.,0,0,0
WBGene00172607.,0,41,41
WBGene00172608.,0,0,0
WBGene00172609.,0,0,0
WBGene00172610.,0,4,4
WBGene00172611.,0,0,0
WBGene00172612.,0,0,0
WBGene00172613.,0,1,1
WBGene00172614.,0,0,0
WBGene00172615.,0,0,0
WBGene00172616.,0,0,0
WBGene00172617.,0,1,1
WBGene00172618.,0,0,0
WBGene00172619.,0,16,16
WBGene00172620.,0,0,0
WBGene00172621.,0,5,5
WBGene00172622.,0,0,0
WBGene00172623.,0,1,1
WBGene00172624.,0,0,0
WBGene00172625.,0,0,0
WBGene00172626.,0,0,0
WBGene00172627.,0,0,0
WBGene00172628.,0,0,0
WBGene00172629.,0,1,1
WBGene00172630.,0,6,6
WBGene00172631.,0,0,0
WBGene00172632.,0,0,0
WBGene00172633.,0,0,0
WBGene00172634.,0,0,0
WBGene00172635.,0,0,0
WBGene00172636.,0,0,0
WBGene00172637.,0,0,0
WBGene00172638.,0,0,0
WBGene00172639.,0,0,0
WBGene00172640.,0,0,0
WBGene00172641.,0,0,0
WBGene00172642.,0,0,0
WBGene00172643.,0,0,0
WBGene00172644.,0,0,0
WBGene00172645.,0,0,0
WBGene00172646.,0,0,0
WBGene00172647.,0,0,0
WBGene00172648.,0,0,0
WBGene00172649.,0,0,0
WBGene00172650.,0,0,0
WBGene00172651.,0,0,0
WBGene00172652.,0,0,0
WBGene00172653.,0,0,0
WBGene00172654.,0,0,0
WBGene00172655.,0,0,0
WBGene00172656.,0,0,0
WBGene00172657.,0,0,0
WBGene00172658.,0,0,0
WBGene00172659.,0,0,0
WBGene00172660.,0,0,0
WBGene00172661.,0,0,0
WBGene00172662.,0,0,0
WBGene00172663.,0,0,0
WBGene00172664.,0,0,0
WBGene00172665.,0,0,0
WBGene00172666.,0,1,1
WBGene00172667.,0,0,0
WBGene00172668.,0,0,0
WBGene00172669.,0,0,0
WBGene00172670.,0,0,0
WBGene00172671.,0,0,0
WBGene00172672.,0,0,0
WBGene00172673.,0,0,0
WBGene00172674.,0,0,0
WBGene00172675.,0,2,2
WBGene00172676.,0,0,0
WBGene00172677.,0,1,1
WBGene00172678.,0,0,0
WBGene00172679.,0,0,0
WBGene00172680.,0,0,0
WBGene00172681.,0,0,0
WBGene00172682.,0,0,0
WBGene00172683.,0,0,0
WBGene00172684.,0,2,2
WBGene00172685.,0,0,0
WBGene00172686.,0,0,0
WBGene00172687.,0,0,0
WBGene00172688.,0,0,0
WBGene00172689.,0,0,0
WBGene00172690.,0,0,0
WBGene00172691.,0,0,0
WBGene00172692.,0,4,4
WBGene00172693.,0,0,0
WBGene00172694.,0,0,0
WBGene00172695.,0,0,0
WBGene00172696.,0,0,0
WBGene00172697.,0,0,0
WBGene00172698.,0,0,0
WBGene00172699.,0,2,2
WBGene00172700.,0,0,0
WBGene00172701.,0,0,0
WBGene00172702.,0,0,0
WBGene00172703.,0,0,0
WBGene00172704.,0,0,0
WBGene00172705.,0,0,0
WBGene00172706.,0,0,0
WBGene00172707.,0,0,0
WBGene00172708.,0,0,0
WBGene00172709.,0,0,0
WBGene00172710.,0,0,0
WBGene00172711.,0,0,0
WBGene00172712.,0,0,0
WBGene00172713.,0,0,0
WBGene00172714.,0,0,0
WBGene00172715.,0,0,0
WBGene00172716.,0,0,0
WBGene00172717.,0,0,0
WBGene00172718.,0,0,0
WBGene00172719.,0,0,0
WBGene00172720.,0,0,0
WBGene00172721.,0,0,0
WBGene00172722.,0,0,0
WBGene00172723.,0,0,0
WBGene00172724.,0,0,0
WBGene00172725.,0,0,0
WBGene00172726.,0,0,0
WBGene00172727.,0,1,1
WBGene00172728.,0,1,1
WBGene00172729.,0,0,0
WBGene00172730.,0,0,0
WBGene00172731.,0,0,0
WBGene00172732.,0,0,0
WBGene00172733.,0,0,0
WBGene00172734.,0,0,0
WBGene00172735.,0,0,0
WBGene00172736.,0,2,2
WBGene00172737.,0,0,0
WBGene00172738.,0,0,0
WBGene00172739.,0,0,0
WBGene00172740.,0,0,0
WBGene00172741.,0,0,0
WBGene00172742.,0,28,28
WBGene00172743.,0,6,6
WBGene00172744.,0,0,0
WBGene00172745.,0,0,0
WBGene00172746.,0,0,0
WBGene00172747.,0,0,0
WBGene00172748.,0,0,0
WBGene00172749.,0,0,0
WBGene00172750.,0,0,0
WBGene00172751.,0,2,2
WBGene00172752.,0,0,0
WBGene00172753.,0,0,0
WBGene00172754.,0,2,2
WBGene00172755.,0,3,3
WBGene00172756.,0,1,1
WBGene00172757.,0,0,0
WBGene00172758.,0,2,2
WBGene00172759.,0,0,0
WBGene00172760.,0,0,0
WBGene00172761.,0,0,0
WBGene00172762.,0,0,0
WBGene00172763.,0,1,1
WBGene00172764.,0,0,0
WBGene00172765.,0,1,1
WBGene00172766.,0,0,0
WBGene00172767.,0,0,0
WBGene00172768.,0,0,0
WBGene00172769.,0,0,0
WBGene00172770.,0,3,3
WBGene00172771.,0,0,0
WBGene00172772.,0,0,0
WBGene00172773.,0,0,0
WBGene00172774.,0,0,0
WBGene00172775.,0,3,3
WBGene00172776.,0,0,0
WBGene00172777.,0,0,0
WBGene00172778.,0,1,1
WBGene00172779.,0,1,1
WBGene00172780.,0,0,0
WBGene00172781.,0,0,0
WBGene00172782.,0,0,0
WBGene00172783.,0,0,0
WBGene00172784.,0,5,5
WBGene00172785.,0,0,0
WBGene00172786.,0,0,0
WBGene00172787.,0,0,0
WBGene00172788.,0,0,0
WBGene00172789.,0,0,0
WBGene00172790.,0,0,0
WBGene00172791.,0,0,0
WBGene00172792.,0,0,0
WBGene00172793.,0,0,0
WBGene00172794.,0,0,0
WBGene00172795.,0,0,0
WBGene00172796.,0,0,0
WBGene00172797.,0,0,0
WBGene00172798.,0,0,0
WBGene00172799.,0,0,0
WBGene00172800.,0,0,0
WBGene00172801.,0,0,0
WBGene00172802.,0,4,4
WBGene00172803.,0,0,0
WBGene00172804.,0,0,0
WBGene00172805.,0,0,0
WBGene00172806.,0,0,0
WBGene00172807.,0,1,1
WBGene00172808.,0,0,0
WBGene00172809.,0,0,0
WBGene00172810.,0,0,0
WBGene00172811.,0,0,0
WBGene00172812.,0,6,6
WBGene00172813.,0,0,0
WBGene00172814.,0,0,0
WBGene00172815.,0,0,0
WBGene00172816.,0,0,0
WBGene00172817.,0,0,0
WBGene00172818.,0,0,0
WBGene00172819.,0,0,0
WBGene00172820.,0,2,2
WBGene00172821.,0,0,0
WBGene00172822.,0,0,0
WBGene00172823.,0,1,1
WBGene00172824.,0,0,0
WBGene00172825.,0,0,0
WBGene00172826.,0,1,1
WBGene00172827.,0,9,9
WBGene00172828.,0,0,0
WBGene00172829.,0,0,0
WBGene00172830.,0,0,0
WBGene00172831.,0,0,0
WBGene00172832.,0,0,0
WBGene00172833.,0,0,0
WBGene00172834.,0,0,0
WBGene00172835.,0,0,0
WBGene00172836.,0,1,1
WBGene00172837.,0,0,0
WBGene00172838.,0,0,0
WBGene00172839.,0,1,1
WBGene00172840.,0,7,7
WBGene00172841.,0,0,0
WBGene00172842.,0,0,0
WBGene00172843.,0,0,0
WBGene00172844.,0,0,0
WBGene00172845.,0,0,0
WBGene00172846.,0,0,0
WBGene00172847.,0,0,0
WBGene00172848.,0,0,0
WBGene00172849.,0,0,0
WBGene00172850.,0,0,0
WBGene00172851.,0,0,0
WBGene00172852.,0,0,0
WBGene00172853.,0,0,0
WBGene00172854.,0,2,2
WBGene00172855.,0,0,0
WBGene00172856.,0,1,1
WBGene00172857.,0,0,0
WBGene00172858.,0,1,1
WBGene00172859.,0,0,0
WBGene00172860.,0,0,0
WBGene00172861.,0,4,4
WBGene00172862.,0,5,5
WBGene00172863.,0,0,0
WBGene00172864.,0,2,2
WBGene00172865.,0,0,0
WBGene00172866.,0,2,2
WBGene00172867.,0,0,0
WBGene00172868.,0,0,0
WBGene00172869.,0,1,1
WBGene00172870.,0,0,0
WBGene00172871.,0,0,0
WBGene00172872.,0,0,0
WBGene00172873.,0,0,0
WBGene00172874.,0,0,0
WBGene00172875.,0,0,0
WBGene00172876.,0,0,0
WBGene00172877.,0,0,0
WBGene00172878.,0,0,0
WBGene00172879.,0,0,0
WBGene00172880.,0,0,0
WBGene00172881.,0,0,0
WBGene00172882.,0,0,0
WBGene00172883.,0,0,0
WBGene00172884.,0,1,1
WBGene00172885.,0,5,5
WBGene00172886.,0,1,1
WBGene00172887.,0,0,0
WBGene00172888.,0,0,0
WBGene00172889.,0,0,0
WBGene00172890.,0,0,0
WBGene00172891.,0,6,6
WBGene00172892.,0,0,0
WBGene00172893.,0,0,0
WBGene00172894.,0,0,0
WBGene00172895.,0,0,0
WBGene00172896.,0,1,1
WBGene00172897.,0,0,0
WBGene00172898.,0,0,0
WBGene00172899.,0,0,0
WBGene00172900.,0,0,0
WBGene00172901.,0,0,0
WBGene00172902.,0,0,0
WBGene00172903.,0,1,1
WBGene00172904.,0,1,1
WBGene00172905.,0,0,0
WBGene00172906.,0,0,0
WBGene00172907.,0,0,0
WBGene00172908.,0,0,0
WBGene00172909.,0,6,6
WBGene00172910.,0,0,0
WBGene00172911.,0,0,0
WBGene00172912.,0,2,2
WBGene00172913.,0,0,0
WBGene00172914.,0,0,0
WBGene00172915.,0,0,0
WBGene00172916.,0,0,0
WBGene00172917.,0,0,0
WBGene00172918.,0,1,1
WBGene00172919.,0,0,0
WBGene00172920.,0,1,1
WBGene00172921.,0,0,0
WBGene00172922.,0,0,0
WBGene00172923.,0,0,0
WBGene00172924.,0,0,0
WBGene00172925.,0,4,4
WBGene00172926.,0,0,0
WBGene00172927.,0,1,1
WBGene00172928.,0,0,0
WBGene00172929.,0,0,0
WBGene00172930.,0,0,0
WBGene00172931.,0,0,0
WBGene00172932.,0,0,0
WBGene00172933.,0,1,1
WBGene00172934.,0,0,0
WBGene00172935.,0,0,0
WBGene00172936.,0,2,2
WBGene00172937.,0,0,0
WBGene00172938.,0,0,0
WBGene00172939.,0,0,0
WBGene00172940.,0,0,0
WBGene00172941.,0,0,0
WBGene00172942.,0,0,0
WBGene00172943.,0,2,2
WBGene00172944.,0,0,0
WBGene00172945.,0,0,0
WBGene00172946.,0,0,0
WBGene00172947.,0,0,0
WBGene00172948.,0,0,0
WBGene00172949.,0,0,0
WBGene00172950.,0,0,0
WBGene00172951.,0,4,4
WBGene00172952.,0,0,0
WBGene00172953.,0,0,0
WBGene00172954.,0,0,0
WBGene00172955.,0,0,0
WBGene00172956.,0,0,0
WBGene00172957.,0,0,0
WBGene00172958.,0,0,0
WBGene00172959.,0,1,1
WBGene00172960.,0,0,0
WBGene00172961.,0,1,1
WBGene00172962.,0,0,0
WBGene00172963.,0,0,0
WBGene00172964.,0,0,0
WBGene00172965.,0,0,0
WBGene00172966.,0,0,0
WBGene00172967.,0,0,0
WBGene00172968.,0,0,0
WBGene00172969.,0,0,0
WBGene00172970.,0,0,0
WBGene00172971.,0,0,0
WBGene00172972.,0,0,0
WBGene00172973.,0,0,0
WBGene00172974.,0,5,5
WBGene00172975.,0,0,0
WBGene00172976.,0,0,0
WBGene00172977.,0,0,0
WBGene00172978.,0,0,0
WBGene00172979.,0,0,0
WBGene00172980.,0,0,0
WBGene00172981.,0,0,0
WBGene00172982.,0,0,0
WBGene00172983.,0,0,0
WBGene00172984.,0,0,0
WBGene00172985.,0,1,1
WBGene00172986.,0,0,0
WBGene00172987.,0,0,0
WBGene00172988.,0,0,0
WBGene00172989.,0,0,0
WBGene00172990.,0,0,0
WBGene00172991.,0,0,0
WBGene00172992.,0,0,0
WBGene00172993.,0,0,0
WBGene00172994.,0,0,0
WBGene00172995.,0,0,0
WBGene00172996.,0,0,0
WBGene00172997.,0,0,0
WBGene00172998.,0,0,0
WBGene00172999.,0,2,2
WBGene00173000.,0,1,1
WBGene00173001.,0,1,1
WBGene00173002.,0,0,0
WBGene00173003.,0,0,0
WBGene00173004.,0,0,0
WBGene00173005.,0,0,0
WBGene00173006.,0,0,0
WBGene00173007.,0,2,2
WBGene00173008.,0,0,0
WBGene00173009.,0,0,0
WBGene00173010.,0,0,0
WBGene00173011.,0,0,0
WBGene00173012.,0,0,0
WBGene00173013.,0,0,0
WBGene00173014.,0,0,0
WBGene00173015.,0,0,0
WBGene00173016.,0,0,0
WBGene00173017.,0,0,0
WBGene00173018.,0,2,2
WBGene00173019.,0,2,2
WBGene00173020.,0,0,0
WBGene00173021.,0,0,0
WBGene00173022.,0,0,0
WBGene00173023.,0,0,0
WBGene00173024.,0,0,0
WBGene00173025.,0,0,0
WBGene00173026.,0,0,0
WBGene00173027.,0,0,0
WBGene00173028.,0,0,0
WBGene00173029.,0,1,1
WBGene00173030.,0,0,0
WBGene00173031.,0,0,0
WBGene00173032.,0,1,1
WBGene00173033.,0,0,0
WBGene00173034.,0,0,0
WBGene00173035.,0,0,0
WBGene00173036.,0,0,0
WBGene00173037.,0,0,0
WBGene00173038.,0,0,0
WBGene00173039.,0,2,2
WBGene00173040.,0,0,0
WBGene00173041.,0,11,11
WBGene00173042.,0,0,0
WBGene00173043.,0,0,0
WBGene00173044.,0,0,0
WBGene00173045.,0,2,2
WBGene00173046.,0,1,1
WBGene00173047.,0,2,2
WBGene00173048.,0,0,0
WBGene00173049.,0,0,0
WBGene00173050.,0,0,0
WBGene00173051.,0,0,0
WBGene00173052.,0,0,0
WBGene00173053.,0,5,5
WBGene00173054.,0,0,0
WBGene00173055.,0,0,0
WBGene00173056.,0,0,0
WBGene00173057.,0,0,0
WBGene00173058.,0,0,0
WBGene00173059.,0,0,0
WBGene00173060.,0,2,2
WBGene00173061.,0,4,4
WBGene00173062.,0,0,0
WBGene00173063.,0,0,0
WBGene00173064.,0,0,0
WBGene00173065.,0,0,0
WBGene00173066.,0,0,0
WBGene00173067.,0,8,8
WBGene00173068.,0,0,0
WBGene00173069.,0,0,0
WBGene00173070.,0,2,2
WBGene00173071.,0,0,0
WBGene00173072.,0,0,0
WBGene00173073.,0,0,0
WBGene00173074.,0,0,0
WBGene00173075.,0,0,0
WBGene00173076.,0,0,0
WBGene00173077.,0,0,0
WBGene00173078.,0,0,0
WBGene00173079.,0,0,0
WBGene00173080.,0,0,0
WBGene00173081.,0,0,0
WBGene00173082.,0,0,0
WBGene00173083.,0,0,0
WBGene00173084.,0,0,0
WBGene00173085.,0,0,0
WBGene00173086.,0,0,0
WBGene00173087.,0,0,0
WBGene00173088.,0,0,0
WBGene00173089.,0,0,0
WBGene00173090.,0,0,0
WBGene00173091.,0,0,0
WBGene00173092.,0,0,0
WBGene00173093.,0,0,0
WBGene00173094.,0,0,0
WBGene00173095.,0,0,0
WBGene00173096.,0,1,1
WBGene00173097.,0,0,0
WBGene00173098.,0,0,0
WBGene00173099.,0,0,0
WBGene00173100.,0,0,0
WBGene00173101.,0,0,0
WBGene00173102.,0,0,0
WBGene00173103.,0,0,0
WBGene00173104.,0,3,3
WBGene00173105.,0,0,0
WBGene00173106.,0,2,2
WBGene00173107.,0,0,0
WBGene00173108.,0,0,0
WBGene00173109.,0,0,0
WBGene00173110.,0,0,0
WBGene00173111.,0,0,0
WBGene00173112.,0,0,0
WBGene00173113.,0,0,0
WBGene00173114.,0,0,0
WBGene00173115.,0,0,0
WBGene00173116.,0,0,0
WBGene00173117.,0,0,0
WBGene00173118.,0,0,0
WBGene00173119.,0,1,1
WBGene00173120.,0,0,0
WBGene00173121.,0,0,0
WBGene00173122.,0,0,0
WBGene00173123.,0,0,0
WBGene00173124.,0,0,0
WBGene00173125.,0,0,0
WBGene00173126.,0,2,2
WBGene00173127.,0,0,0
WBGene00173128.,0,0,0
WBGene00173129.,0,2,2
WBGene00173130.,0,1,1
WBGene00173131.,0,0,0
WBGene00173132.,0,0,0
WBGene00173133.,0,0,0
WBGene00173134.,0,0,0
WBGene00173135.,0,0,0
WBGene00173136.,0,0,0
WBGene00173137.,0,0,0
WBGene00173138.,0,0,0
WBGene00173139.,0,0,0
WBGene00173140.,0,0,0
WBGene00173141.,0,0,0
WBGene00173142.,0,0,0
WBGene00173143.,0,0,0
WBGene00173144.,0,0,0
WBGene00173145.,0,0,0
WBGene00173146.,0,0,0
WBGene00173147.,0,6,6
WBGene00173148.,0,0,0
WBGene00173149.,0,1,1
WBGene00173150.,0,0,0
WBGene00173151.,0,1,1
WBGene00173152.,0,0,0
WBGene00173153.,0,0,0
WBGene00173154.,0,0,0
WBGene00173155.,0,0,0
WBGene00173156.,0,1,1
WBGene00173157.,0,0,0
WBGene00173158.,0,0,0
WBGene00173159.,0,0,0
WBGene00173160.,0,0,0
WBGene00173161.,0,0,0
WBGene00173162.,0,0,0
WBGene00173163.,0,0,0
WBGene00173164.,0,0,0
WBGene00173165.,0,0,0
WBGene00173166.,0,0,0
WBGene00173167.,0,0,0
WBGene00173168.,0,0,0
WBGene00173169.,0,0,0
WBGene00173170.,0,0,0
WBGene00173171.,0,0,0
WBGene00173172.,0,0,0
WBGene00173173.,0,0,0
WBGene00173174.,0,2,2
WBGene00173175.,0,0,0
WBGene00173176.,0,0,0
WBGene00173177.,0,0,0
WBGene00173178.,0,0,0
WBGene00173179.,0,1,1
WBGene00173180.,0,0,0
WBGene00173181.,0,0,0
WBGene00173182.,0,1,1
WBGene00173183.,0,0,0
WBGene00173184.,0,0,0
WBGene00173185.,0,0,0
WBGene00173186.,0,0,0
WBGene00173187.,0,0,0
WBGene00173188.,0,8,8
WBGene00173189.,0,1,1
WBGene00173190.,0,0,0
WBGene00173191.,0,0,0
WBGene00173192.,0,0,0
WBGene00173193.,0,0,0
WBGene00173194.,0,0,0
WBGene00173195.,0,0,0
WBGene00173196.,0,0,0
WBGene00173197.,0,0,0
WBGene00173198.,0,0,0
WBGene00173199.,0,0,0
WBGene00173200.,0,0,0
WBGene00173201.,0,0,0
WBGene00173202.,0,0,0
WBGene00173203.,0,0,0
WBGene00173204.,0,0,0
WBGene00173205.,0,1,1
WBGene00173206.,0,0,0
WBGene00173207.,0,0,0
WBGene00173208.,0,0,0
WBGene00173209.,0,0,0
WBGene00173210.,0,0,0
WBGene00173211.,0,0,0
WBGene00173212.,0,0,0
WBGene00173213.,0,0,0
WBGene00173214.,0,0,0
WBGene00173215.,0,2,2
WBGene00173216.,0,1,1
WBGene00173217.,0,0,0
WBGene00173218.,0,0,0
WBGene00173219.,0,0,0
WBGene00173220.,0,0,0
WBGene00173221.,0,0,0
WBGene00173222.,0,2,2
WBGene00173223.,0,4,4
WBGene00173224.,0,0,0
WBGene00173225.,0,0,0
WBGene00173226.,0,0,0
WBGene00173227.,0,0,0
WBGene00173228.,0,0,0
WBGene00173229.,0,0,0
WBGene00173230.,0,0,0
WBGene00173231.,0,0,0
WBGene00173232.,0,2,2
WBGene00173233.,0,0,0
WBGene00173234.,0,0,0
WBGene00173235.,0,0,0
WBGene00173236.,0,0,0
WBGene00173237.,0,0,0
WBGene00173238.,0,11,11
WBGene00173239.,0,0,0
WBGene00173240.,0,2,2
WBGene00173241.,0,0,0
WBGene00173242.,0,0,0
WBGene00173243.,0,11,11
WBGene00173244.,0,0,0
WBGene00173245.,0,1,1
WBGene00173246.,0,0,0
WBGene00173247.,0,0,0
WBGene00173248.,0,1,1
WBGene00173249.,0,0,0
WBGene00173250.,0,0,0
WBGene00173251.,0,0,0
WBGene00173252.,0,0,0
WBGene00173253.,0,0,0
WBGene00173254.,0,0,0
WBGene00173255.,0,0,0
WBGene00173256.,0,0,0
WBGene00173257.,0,0,0
WBGene00173258.,0,0,0
WBGene00173259.,0,0,0
WBGene00173260.,0,0,0
WBGene00173261.,0,0,0
WBGene00173262.,0,0,0
WBGene00173263.,0,0,0
WBGene00173264.,0,0,0
WBGene00173265.,0,143,143
WBGene00173266.,0,0,0
WBGene00173267.,0,0,0
WBGene00173268.,0,0,0
WBGene00173269.,0,0,0
WBGene00173270.,0,0,0
WBGene00173271.,0,0,0
WBGene00173272.,0,0,0
WBGene00173273.,0,0,0
WBGene00173274.,0,0,0
WBGene00173275.,0,0,0
WBGene00173276.,0,0,0
WBGene00173277.,0,0,0
WBGene00173278.,0,0,0
WBGene00173279.,0,4,4
WBGene00173280.,0,0,0
WBGene00173281.,0,0,0
WBGene00173282.,0,0,0
WBGene00173283.,0,1,1
WBGene00173284.,0,2,2
WBGene00173285.,0,4,4
WBGene00173286.,0,0,0
WBGene00173287.,0,0,0
WBGene00173288.,0,0,0
WBGene00173289.,0,0,0
WBGene00173290.,0,1,1
WBGene00173291.,0,0,0
WBGene00173292.,0,0,0
WBGene00173293.,0,0,0
WBGene00173294.,0,0,0
WBGene00173295.,0,0,0
WBGene00173296.,0,0,0
WBGene00173297.,0,0,0
WBGene00173298.,0,2,2
WBGene00173299.,0,1,1
WBGene00173300.,0,0,0
WBGene00173301.,0,1,1
WBGene00173302.,0,0,0
WBGene00173303.,0,2,2
WBGene00173304.,0,0,0
WBGene00173305.,0,0,0
WBGene00173306.,0,0,0
WBGene00173307.,0,0,0
WBGene00173308.,0,0,0
WBGene00173309.,0,0,0
WBGene00173310.,0,0,0
WBGene00173311.,0,0,0
WBGene00173312.,0,1,1
WBGene00173313.,0,0,0
WBGene00173314.,0,0,0
WBGene00173315.,0,0,0
WBGene00173316.,0,0,0
WBGene00173317.,0,1,1
WBGene00173318.,0,0,0
WBGene00173319.,0,0,0
WBGene00173320.,0,0,0
WBGene00173321.,0,0,0
WBGene00173322.,0,0,0
WBGene00173323.,0,4,4
WBGene00173324.,0,0,0
WBGene00173325.,0,0,0
WBGene00173326.,0,1,1
WBGene00173327.,0,0,0
WBGene00173328.,0,0,0
WBGene00173329.,0,0,0
WBGene00173330.,0,1,1
WBGene00173331.,0,0,0
WBGene00173332.,0,0,0
WBGene00173333.,0,0,0
WBGene00173334.,0,0,0
WBGene00173335.,0,0,0
WBGene00173336.,0,0,0
WBGene00173337.,0,2,2
WBGene00173338.,0,1,1
WBGene00173339.,0,0,0
WBGene00173340.,0,0,0
WBGene00173341.,0,0,0
WBGene00173342.,0,2,2
WBGene00173343.,0,0,0
WBGene00173344.,0,0,0
WBGene00173345.,0,0,0
WBGene00173346.,0,0,0
WBGene00173347.,0,0,0
WBGene00173348.,0,0,0
WBGene00173349.,0,0,0
WBGene00173350.,0,0,0
WBGene00173351.,0,0,0
WBGene00173352.,0,0,0
WBGene00173353.,0,0,0
WBGene00173354.,0,1,1
WBGene00173355.,0,1,1
WBGene00173356.,0,0,0
WBGene00173357.,0,0,0
WBGene00173358.,0,0,0
WBGene00173359.,0,0,0
WBGene00173360.,0,18,18
WBGene00173361.,0,0,0
WBGene00173362.,0,0,0
WBGene00173363.,0,0,0
WBGene00173364.,0,1,1
WBGene00173365.,0,0,0
WBGene00173366.,0,0,0
WBGene00173367.,0,0,0
WBGene00173368.,0,7,7
WBGene00173369.,0,0,0
WBGene00173370.,0,1,1
WBGene00173371.,0,0,0
WBGene00173372.,0,0,0
WBGene00173373.,0,0,0
WBGene00173374.,0,0,0
WBGene00173375.,0,0,0
WBGene00173376.,0,2,2
WBGene00173377.,0,0,0
WBGene00173378.,0,0,0
WBGene00173379.,0,0,0
WBGene00173380.,0,0,0
WBGene00173381.,0,0,0
WBGene00173382.,0,0,0
WBGene00173383.,0,1,1
WBGene00173384.,0,0,0
WBGene00173385.,0,0,0
WBGene00173386.,0,0,0
WBGene00173387.,0,0,0
WBGene00173388.,0,0,0
WBGene00173389.,0,0,0
WBGene00173390.,0,1,1
WBGene00173391.,0,0,0
WBGene00173392.,0,1,1
WBGene00173393.,0,0,0
WBGene00173394.,0,0,0
WBGene00173395.,0,0,0
WBGene00173396.,0,0,0
WBGene00173397.,0,0,0
WBGene00173398.,0,2,2
WBGene00173399.,0,0,0
WBGene00173400.,0,0,0
WBGene00173401.,0,0,0
WBGene00173402.,0,0,0
WBGene00173403.,0,0,0
WBGene00173404.,0,1,1
WBGene00173405.,0,0,0
WBGene00173406.,0,0,0
WBGene00173407.,0,0,0
WBGene00173408.,0,0,0
WBGene00173409.,0,0,0
WBGene00173410.,0,0,0
WBGene00173411.,0,0,0
WBGene00173412.,0,0,0
WBGene00173413.,0,1,1
WBGene00173414.,0,0,0
WBGene00173415.,0,0,0
WBGene00173416.,0,0,0
WBGene00173417.,0,0,0
WBGene00173418.,0,0,0
WBGene00173419.,0,0,0
WBGene00173420.,0,14,14
WBGene00173421.,0,0,0
WBGene00173422.,0,0,0
WBGene00173423.,0,0,0
WBGene00173424.,0,0,0
WBGene00173425.,0,0,0
WBGene00173426.,0,0,0
WBGene00173427.,0,0,0
WBGene00173428.,0,0,0
WBGene00173429.,0,0,0
WBGene00173430.,0,0,0
WBGene00173431.,0,0,0
WBGene00173432.,0,0,0
WBGene00173433.,0,0,0
WBGene00173434.,0,0,0
WBGene00173435.,0,0,0
WBGene00173436.,0,0,0
WBGene00173437.,0,5,5
WBGene00173438.,0,0,0
WBGene00173439.,0,0,0
WBGene00173440.,0,3,3
WBGene00173441.,0,0,0
WBGene00173442.,0,0,0
WBGene00173443.,0,0,0
WBGene00173444.,0,8,8
WBGene00173445.,0,0,0
WBGene00173446.,0,2,2
WBGene00173447.,0,3,3
WBGene00173448.,0,0,0
WBGene00173449.,0,1,1
WBGene00173450.,0,0,0
WBGene00173451.,0,0,0
WBGene00173452.,0,0,0
WBGene00173453.,0,0,0
WBGene00173454.,0,0,0
WBGene00173455.,0,0,0
WBGene00173456.,0,0,0
WBGene00173457.,0,0,0
WBGene00173458.,0,0,0
WBGene00173459.,0,0,0
WBGene00173460.,0,0,0
WBGene00173461.,0,0,0
WBGene00173462.,0,0,0
WBGene00173463.,0,0,0
WBGene00173464.,0,0,0
WBGene00173465.,0,1,1
WBGene00173466.,0,0,0
WBGene00173467.,0,0,0
WBGene00173468.,0,1,1
WBGene00173469.,0,1,1
WBGene00173470.,0,0,0
WBGene00173471.,0,1,1
WBGene00173472.,0,0,0
WBGene00173473.,0,0,0
WBGene00173474.,0,0,0
WBGene00173475.,0,0,0
WBGene00173476.,0,0,0
WBGene00173477.,0,0,0
WBGene00173478.,0,0,0
WBGene00173480.,0,0,0
WBGene00173481.,0,0,0
WBGene00173482.,0,0,0
WBGene00173483.,0,0,0
WBGene00173484.,0,0,0
WBGene00173485.,0,0,0
WBGene00173486.,0,0,0
WBGene00173487.,0,0,0
WBGene00173488.,0,0,0
WBGene00173489.,0,0,0
WBGene00173490.,0,0,0
WBGene00173491.,0,0,0
WBGene00173492.,0,0,0
WBGene00173493.,0,0,0
WBGene00173494.,0,0,0
WBGene00173495.,0,0,0
WBGene00173496.,0,2,2
WBGene00173497.,0,0,0
WBGene00173498.,0,0,0
WBGene00173499.,0,0,0
WBGene00173500.,0,0,0
WBGene00173501.,0,2,2
WBGene00173502.,0,0,0
WBGene00173503.,0,0,0
WBGene00173504.,0,0,0
WBGene00173505.,0,0,0
WBGene00173506.,0,0,0
WBGene00173507.,0,0,0
WBGene00173508.,0,0,0
WBGene00173509.,0,0,0
WBGene00173510.,0,1,1
WBGene00173511.,0,0,0
WBGene00173512.,0,0,0
WBGene00173513.,0,0,0
WBGene00173514.,0,0,0
WBGene00173515.,0,0,0
WBGene00173516.,0,19,19
WBGene00173517.,0,1,1
WBGene00173518.,0,1,1
WBGene00173519.,0,0,0
WBGene00173520.,0,0,0
WBGene00173521.,0,0,0
WBGene00173522.,0,0,0
WBGene00173523.,0,0,0
WBGene00173524.,0,1,1
WBGene00173525.,0,0,0
WBGene00173526.,0,0,0
WBGene00173527.,0,0,0
WBGene00173528.,0,0,0
WBGene00173529.,0,0,0
WBGene00173530.,0,0,0
WBGene00173531.,0,0,0
WBGene00173532.,0,0,0
WBGene00173533.,0,0,0
WBGene00173534.,0,0,0
WBGene00173535.,0,0,0
WBGene00173536.,0,0,0
WBGene00173537.,0,0,0
WBGene00173538.,0,2,2
WBGene00173539.,0,0,0
WBGene00173540.,0,0,0
WBGene00173541.,0,0,0
WBGene00173542.,0,0,0
WBGene00173543.,0,0,0
WBGene00173544.,0,0,0
WBGene00173545.,0,0,0
WBGene00173546.,0,0,0
WBGene00173547.,0,0,0
WBGene00173548.,0,0,0
WBGene00173550.,0,0,0
WBGene00173551.,0,0,0
WBGene00173552.,0,0,0
WBGene00173553.,0,0,0
WBGene00173554.,0,0,0
WBGene00173555.,0,0,0
WBGene00173556.,0,0,0
WBGene00173557.,0,0,0
WBGene00173558.,0,0,0
WBGene00173559.,0,0,0
WBGene00173560.,0,0,0
WBGene00173561.,0,0,0
WBGene00173562.,0,2,2
WBGene00173563.,0,0,0
WBGene00173564.,0,0,0
WBGene00173565.,0,0,0
WBGene00173566.,0,1,1
WBGene00173567.,0,0,0
WBGene00173568.,0,0,0
WBGene00173569.,0,0,0
WBGene00173570.,0,0,0
WBGene00173571.,0,0,0
WBGene00173572.,0,0,0
WBGene00173573.,0,0,0
WBGene00173574.,0,0,0
WBGene00173575.,0,0,0
WBGene00173576.,0,0,0
WBGene00173577.,0,4,4
WBGene00173578.,0,0,0
WBGene00173579.,0,0,0
WBGene00173580.,0,0,0
WBGene00173581.,0,0,0
WBGene00173582.,0,1,1
WBGene00173583.,0,0,0
WBGene00173584.,0,0,0
WBGene00173585.,0,0,0
WBGene00173586.,0,0,0
WBGene00173587.,0,0,0
WBGene00173588.,0,0,0
WBGene00173589.,0,1,1
WBGene00173590.,0,0,0
WBGene00173591.,0,0,0
WBGene00173592.,0,0,0
WBGene00173593.,0,0,0
WBGene00173594.,0,0,0
WBGene00173595.,0,0,0
WBGene00173596.,0,0,0
WBGene00173597.,0,2,2
WBGene00173598.,0,0,0
WBGene00173599.,0,0,0
WBGene00173600.,0,0,0
WBGene00173601.,0,0,0
WBGene00173602.,0,0,0
WBGene00173603.,0,10,10
WBGene00173604.,0,0,0
WBGene00173605.,0,0,0
WBGene00173606.,0,1,1
WBGene00173607.,0,104,104
WBGene00173608.,0,0,0
WBGene00173609.,0,3,3
WBGene00173610.,0,0,0
WBGene00173611.,0,0,0
WBGene00173612.,0,0,0
WBGene00173613.,0,0,0
WBGene00173614.,0,0,0
WBGene00173615.,0,49,49
WBGene00173616.,0,0,0
WBGene00173617.,0,3,3
WBGene00173618.,0,0,0
WBGene00173619.,0,0,0
WBGene00173620.,0,1,1
WBGene00173621.,0,5,5
WBGene00173622.,0,0,0
WBGene00173623.,0,4,4
WBGene00173624.,0,0,0
WBGene00173625.,0,0,0
WBGene00173626.,0,0,0
WBGene00173627.,0,0,0
WBGene00173628.,0,0,0
WBGene00173629.,0,7,7
WBGene00173630.,0,1,1
WBGene00173631.,0,0,0
WBGene00173632.,0,1,1
WBGene00173633.,0,1,1
WBGene00173634.,0,1,1
WBGene00173635.,0,0,0
WBGene00173636.,0,0,0
WBGene00173637.,0,0,0
WBGene00173638.,0,0,0
WBGene00173639.,0,0,0
WBGene00173640.,0,8,8
WBGene00173641.,0,0,0
WBGene00173642.,0,0,0
WBGene00173643.,0,1,1
WBGene00173644.,0,0,0
WBGene00173645.,0,1,1
WBGene00173646.,0,0,0
WBGene00173647.,0,0,0
WBGene00173648.,0,0,0
WBGene00173649.,0,0,0
WBGene00173650.,0,0,0
WBGene00173651.,0,0,0
WBGene00173652.,0,0,0
WBGene00173653.,0,0,0
WBGene00173654.,0,0,0
WBGene00173655.,0,0,0
WBGene00173656.,0,0,0
WBGene00173657.,0,0,0
WBGene00173658.,0,10,10
WBGene00173659.,0,0,0
WBGene00173660.,0,0,0
WBGene00173661.,0,0,0
WBGene00173662.,0,0,0
WBGene00173663.,0,0,0
WBGene00173664.,0,0,0
WBGene00173665.,0,0,0
WBGene00173666.,0,0,0
WBGene00173667.,0,0,0
WBGene00173668.,0,6,6
WBGene00173669.,0,0,0
WBGene00173670.,0,0,0
WBGene00173671.,0,0,0
WBGene00173672.,0,0,0
WBGene00173673.,0,0,0
WBGene00173674.,0,0,0
WBGene00173675.,0,0,0
WBGene00173676.,0,0,0
WBGene00173677.,0,0,0
WBGene00173678.,0,0,0
WBGene00173679.,0,0,0
WBGene00173680.,0,0,0
WBGene00173681.,0,0,0
WBGene00173682.,0,1,1
WBGene00173683.,0,0,0
WBGene00173684.,0,0,0
WBGene00173685.,0,0,0
WBGene00173686.,0,0,0
WBGene00173687.,0,0,0
WBGene00173688.,0,0,0
WBGene00173689.,0,0,0
WBGene00173690.,0,0,0
WBGene00173691.,0,0,0
WBGene00173692.,0,0,0
WBGene00173693.,0,0,0
WBGene00173694.,0,0,0
WBGene00173695.,0,2,2
WBGene00173696.,0,0,0
WBGene00173697.,0,0,0
WBGene00173698.,0,2,2
WBGene00173699.,0,0,0
WBGene00173700.,0,1,1
WBGene00173701.,0,0,0
WBGene00173702.,0,0,0
WBGene00173703.,0,0,0
WBGene00173704.,0,0,0
WBGene00173705.,0,0,0
WBGene00173706.,0,0,0
WBGene00173707.,0,0,0
WBGene00173708.,0,0,0
WBGene00173709.,0,0,0
WBGene00173710.,0,0,0
WBGene00173711.,0,0,0
WBGene00173712.,0,0,0
WBGene00173713.,0,2,2
WBGene00173714.,0,0,0
WBGene00173715.,0,0,0
WBGene00173716.,0,1,1
WBGene00173717.,0,0,0
WBGene00173718.,0,0,0
WBGene00173719.,0,0,0
WBGene00173720.,0,0,0
WBGene00173721.,0,0,0
WBGene00173722.,0,0,0
WBGene00173723.,0,1,1
WBGene00173724.,0,0,0
WBGene00173725.,0,0,0
WBGene00173726.,0,0,0
WBGene00173727.,0,4,4
WBGene00173728.,0,2,2
WBGene00173729.,0,7,7
WBGene00173730.,0,6,6
WBGene00173731.,0,0,0
WBGene00173732.,0,0,0
WBGene00173733.,0,0,0
WBGene00173734.,0,1,1
WBGene00173735.,0,0,0
WBGene00173736.,0,0,0
WBGene00173737.,0,0,0
WBGene00173738.,0,0,0
WBGene00173739.,0,0,0
WBGene00173740.,0,0,0
WBGene00173741.,0,0,0
WBGene00173742.,0,0,0
WBGene00173743.,0,0,0
WBGene00173744.,0,0,0
WBGene00173745.,0,1,1
WBGene00173746.,0,0,0
WBGene00173747.,0,0,0
WBGene00173748.,0,1,1
WBGene00173749.,0,0,0
WBGene00173750.,0,0,0
WBGene00173751.,0,0,0
WBGene00173752.,0,0,0
WBGene00173753.,0,2,2
WBGene00173754.,0,0,0
WBGene00173755.,0,0,0
WBGene00173756.,0,0,0
WBGene00173757.,0,0,0
WBGene00173758.,0,4,4
WBGene00173759.,0,0,0
WBGene00173760.,0,0,0
WBGene00173761.,0,0,0
WBGene00173762.,0,0,0
WBGene00173763.,0,0,0
WBGene00173764.,0,0,0
WBGene00173765.,0,2,2
WBGene00173766.,0,0,0
WBGene00173767.,0,0,0
WBGene00173768.,0,3,3
WBGene00173769.,0,0,0
WBGene00173770.,0,0,0
WBGene00173771.,0,0,0
WBGene00173772.,0,0,0
WBGene00173773.,0,0,0
WBGene00173774.,0,0,0
WBGene00173775.,0,0,0
WBGene00173776.,0,0,0
WBGene00173777.,0,0,0
WBGene00173778.,0,4,4
WBGene00173779.,0,0,0
WBGene00173780.,0,0,0
WBGene00173781.,0,0,0
WBGene00173782.,0,0,0
WBGene00173783.,0,0,0
WBGene00173784.,0,1,1
WBGene00173785.,0,0,0
WBGene00173786.,0,0,0
WBGene00173787.,0,0,0
WBGene00173788.,0,0,0
WBGene00173789.,0,0,0
WBGene00173790.,0,0,0
WBGene00173791.,0,0,0
WBGene00173792.,0,0,0
WBGene00173793.,0,0,0
WBGene00173794.,0,3,3
WBGene00173795.,0,0,0
WBGene00173796.,0,0,0
WBGene00173797.,0,0,0
WBGene00173798.,0,0,0
WBGene00173799.,0,0,0
WBGene00173800.,0,0,0
WBGene00173801.,0,0,0
WBGene00173802.,0,0,0
WBGene00173803.,0,1,1
WBGene00173804.,0,0,0
WBGene00173805.,0,0,0
WBGene00173806.,0,2,2
WBGene00173807.,0,0,0
WBGene00173808.,0,0,0
WBGene00173809.,0,0,0
WBGene00173810.,0,0,0
WBGene00173811.,0,0,0
WBGene00173812.,0,0,0
WBGene00173813.,0,0,0
WBGene00173814.,0,2,2
WBGene00173815.,0,1,1
WBGene00173816.,0,0,0
WBGene00173817.,0,0,0
WBGene00173818.,0,0,0
WBGene00173819.,0,0,0
WBGene00173820.,0,0,0
WBGene00173821.,0,0,0
WBGene00173822.,0,0,0
WBGene00173823.,0,1,1
WBGene00173824.,0,0,0
WBGene00173825.,0,0,0
WBGene00173826.,0,0,0
WBGene00173827.,0,0,0
WBGene00173828.,0,0,0
WBGene00173829.,0,0,0
WBGene00173830.,0,1,1
WBGene00173831.,0,0,0
WBGene00173832.,0,0,0
WBGene00173833.,0,1,1
WBGene00173834.,0,1,1
WBGene00173835.,0,0,0
WBGene00173836.,0,0,0
WBGene00173837.,0,0,0
WBGene00173838.,0,0,0
WBGene00173839.,0,0,0
WBGene00173840.,0,2,2
WBGene00173841.,0,0,0
WBGene00173842.,0,0,0
WBGene00173843.,0,0,0
WBGene00173844.,0,0,0
WBGene00173845.,0,0,0
WBGene00173846.,0,0,0
WBGene00173847.,0,0,0
WBGene00173848.,0,0,0
WBGene00173849.,0,0,0
WBGene00173850.,0,0,0
WBGene00173851.,0,0,0
WBGene00173852.,0,1,1
WBGene00173853.,0,0,0
WBGene00173854.,0,0,0
WBGene00173855.,0,0,0
WBGene00173856.,0,2,2
WBGene00173857.,0,0,0
WBGene00173858.,0,27,27
WBGene00173859.,0,0,0
WBGene00173860.,0,0,0
WBGene00173861.,0,0,0
WBGene00173862.,0,0,0
WBGene00173863.,0,0,0
WBGene00173864.,0,0,0
WBGene00173865.,0,2,2
WBGene00173866.,0,0,0
WBGene00173867.,0,0,0
WBGene00173868.,0,0,0
WBGene00173869.,0,0,0
WBGene00173870.,0,0,0
WBGene00173871.,0,0,0
WBGene00173872.,0,0,0
WBGene00173873.,0,0,0
WBGene00173874.,0,0,0
WBGene00173875.,0,0,0
WBGene00173876.,0,0,0
WBGene00173877.,0,0,0
WBGene00173878.,0,0,0
WBGene00173879.,0,0,0
WBGene00173880.,0,0,0
WBGene00173881.,0,0,0
WBGene00173882.,0,0,0
WBGene00173883.,0,0,0
WBGene00173884.,0,0,0
WBGene00173885.,0,3,3
WBGene00173886.,0,0,0
WBGene00173887.,0,13,13
WBGene00173888.,0,0,0
WBGene00173889.,0,0,0
WBGene00173890.,0,0,0
WBGene00173891.,0,5,5
WBGene00173892.,0,0,0
WBGene00173893.,0,0,0
WBGene00173894.,0,0,0
WBGene00173895.,0,0,0
WBGene00173896.,0,0,0
WBGene00173897.,0,0,0
WBGene00173898.,0,0,0
WBGene00173899.,0,0,0
WBGene00173900.,0,0,0
WBGene00173901.,0,0,0
WBGene00173902.,0,0,0
WBGene00173903.,0,0,0
WBGene00173904.,0,2,2
WBGene00173905.,0,1,1
WBGene00173906.,0,0,0
WBGene00173907.,0,0,0
WBGene00173908.,0,1,1
WBGene00173909.,0,0,0
WBGene00173910.,0,0,0
WBGene00173911.,0,0,0
WBGene00173912.,0,0,0
WBGene00173913.,0,0,0
WBGene00173914.,0,0,0
WBGene00173915.,0,1,1
WBGene00173916.,0,0,0
WBGene00173917.,0,0,0
WBGene00173918.,0,0,0
WBGene00173919.,0,0,0
WBGene00173920.,0,0,0
WBGene00173921.,0,0,0
WBGene00173922.,0,0,0
WBGene00173923.,0,0,0
WBGene00173924.,0,0,0
WBGene00173925.,0,0,0
WBGene00173926.,0,0,0
WBGene00173927.,0,0,0
WBGene00173928.,0,0,0
WBGene00173929.,0,0,0
WBGene00173930.,0,0,0
WBGene00173931.,0,0,0
WBGene00173932.,0,0,0
WBGene00173933.,0,0,0
WBGene00173934.,0,0,0
WBGene00173935.,0,1,1
WBGene00173936.,0,0,0
WBGene00173937.,0,0,0
WBGene00173938.,0,0,0
WBGene00173939.,0,0,0
WBGene00173940.,0,0,0
WBGene00173941.,0,0,0
WBGene00173942.,0,0,0
WBGene00173943.,0,0,0
WBGene00173944.,0,0,0
WBGene00173945.,0,0,0
WBGene00173946.,0,0,0
WBGene00173947.,0,0,0
WBGene00173948.,0,0,0
WBGene00173949.,0,0,0
WBGene00173950.,0,18,18
WBGene00173951.,0,0,0
WBGene00173952.,0,0,0
WBGene00173953.,0,1,1
WBGene00173954.,0,0,0
WBGene00173955.,0,1,1
WBGene00173956.,0,0,0
WBGene00173957.,0,0,0
WBGene00173958.,0,0,0
WBGene00173959.,0,0,0
WBGene00173960.,0,3,3
WBGene00173961.,0,0,0
WBGene00173962.,0,0,0
WBGene00173963.,0,0,0
WBGene00173964.,0,0,0
WBGene00173965.,0,0,0
WBGene00173966.,0,0,0
WBGene00173967.,0,0,0
WBGene00173968.,0,0,0
WBGene00173969.,0,1,1
WBGene00173970.,0,0,0
WBGene00173971.,0,0,0
WBGene00173972.,0,0,0
WBGene00173973.,0,1,1
WBGene00173974.,0,0,0
WBGene00173975.,0,0,0
WBGene00173976.,0,0,0
WBGene00173977.,0,0,0
WBGene00173978.,0,0,0
WBGene00173979.,0,0,0
WBGene00173980.,0,4,4
WBGene00173981.,0,0,0
WBGene00173982.,0,0,0
WBGene00173983.,0,0,0
WBGene00173984.,0,0,0
WBGene00173985.,0,0,0
WBGene00173986.,0,0,0
WBGene00173987.,0,0,0
WBGene00173988.,0,0,0
WBGene00173989.,0,0,0
WBGene00173990.,0,0,0
WBGene00173991.,0,0,0
WBGene00173992.,0,0,0
WBGene00173993.,0,0,0
WBGene00173994.,0,0,0
WBGene00173995.,0,0,0
WBGene00173996.,0,0,0
WBGene00173997.,0,0,0
WBGene00173998.,0,0,0
WBGene00173999.,0,0,0
WBGene00174000.,0,0,0
WBGene00174001.,0,1,1
WBGene00174002.,0,0,0
WBGene00174003.,0,1,1
WBGene00174004.,0,0,0
WBGene00174005.,0,0,0
WBGene00174006.,0,0,0
WBGene00174007.,0,1,1
WBGene00174008.,0,0,0
WBGene00174009.,0,0,0
WBGene00174010.,0,0,0
WBGene00174011.,0,0,0
WBGene00174012.,0,0,0
WBGene00174013.,0,0,0
WBGene00174014.,0,2,2
WBGene00174015.,0,0,0
WBGene00174016.,0,0,0
WBGene00174017.,0,0,0
WBGene00174018.,0,0,0
WBGene00174019.,0,3,3
WBGene00174020.,0,0,0
WBGene00174021.,0,0,0
WBGene00174022.,0,1,1
WBGene00174023.,0,0,0
WBGene00174024.,0,0,0
WBGene00174025.,0,0,0
WBGene00174026.,0,11,11
WBGene00174027.,0,1,1
WBGene00174028.,0,1,1
WBGene00174029.,0,0,0
WBGene00174030.,0,0,0
WBGene00174031.,0,0,0
WBGene00174032.,0,0,0
WBGene00174033.,0,0,0
WBGene00174034.,0,0,0
WBGene00174035.,0,0,0
WBGene00174036.,0,0,0
WBGene00174037.,0,0,0
WBGene00174038.,0,0,0
WBGene00174039.,0,0,0
WBGene00174040.,0,1,1
WBGene00174041.,0,0,0
WBGene00174042.,0,0,0
WBGene00174043.,0,0,0
WBGene00174044.,0,5,5
WBGene00174045.,0,0,0
WBGene00174046.,0,0,0
WBGene00174047.,0,0,0
WBGene00174048.,0,0,0
WBGene00174049.,0,1,1
WBGene00174050.,0,0,0
WBGene00174051.,0,0,0
WBGene00174052.,0,0,0
WBGene00174053.,0,0,0
WBGene00174054.,0,0,0
WBGene00174055.,0,0,0
WBGene00174056.,0,0,0
WBGene00174057.,0,0,0
WBGene00174058.,0,0,0
WBGene00174059.,0,0,0
WBGene00174060.,0,0,0
WBGene00174061.,0,0,0
WBGene00174062.,0,0,0
WBGene00174063.,0,0,0
WBGene00174064.,0,0,0
WBGene00174065.,0,0,0
WBGene00174066.,0,0,0
WBGene00174067.,0,0,0
WBGene00174068.,0,0,0
WBGene00174069.,0,0,0
WBGene00174070.,0,0,0
WBGene00174071.,0,1,1
WBGene00174072.,0,0,0
WBGene00174073.,0,0,0
WBGene00174074.,0,1,1
WBGene00174075.,0,0,0
WBGene00174076.,0,0,0
WBGene00174077.,0,0,0
WBGene00174078.,0,0,0
WBGene00174079.,0,0,0
WBGene00174080.,0,0,0
WBGene00174081.,0,1,1
WBGene00174082.,0,0,0
WBGene00174083.,0,0,0
WBGene00174084.,0,4,4
WBGene00174085.,0,0,0
WBGene00174086.,0,0,0
WBGene00174087.,0,0,0
WBGene00174088.,0,4,4
WBGene00174089.,0,0,0
WBGene00174090.,0,0,0
WBGene00174091.,0,0,0
WBGene00174092.,0,0,0
WBGene00174093.,0,0,0
WBGene00174094.,0,0,0
WBGene00174095.,0,0,0
WBGene00174096.,0,0,0
WBGene00174097.,0,0,0
WBGene00174098.,0,0,0
WBGene00174099.,0,0,0
WBGene00174100.,0,0,0
WBGene00174101.,0,0,0
WBGene00174102.,0,0,0
WBGene00174103.,0,0,0
WBGene00174104.,0,7,7
WBGene00174105.,0,0,0
WBGene00174106.,0,0,0
WBGene00174107.,0,0,0
WBGene00174108.,0,0,0
WBGene00174109.,0,0,0
WBGene00174110.,0,0,0
WBGene00174111.,0,1,1
WBGene00174112.,0,0,0
WBGene00174113.,0,0,0
WBGene00174114.,0,0,0
WBGene00174115.,0,0,0
WBGene00174116.,0,0,0
WBGene00174117.,0,0,0
WBGene00174118.,0,1,1
WBGene00174119.,0,6,6
WBGene00174120.,0,0,0
WBGene00174121.,0,0,0
WBGene00174122.,0,0,0
WBGene00174123.,0,0,0
WBGene00174124.,0,0,0
WBGene00174125.,0,0,0
WBGene00174126.,0,0,0
WBGene00174127.,0,1,1
WBGene00174128.,0,9,9
WBGene00174129.,0,0,0
WBGene00174130.,0,1,1
WBGene00174131.,0,1,1
WBGene00174132.,0,1,1
WBGene00174133.,0,0,0
WBGene00174134.,0,2,2
WBGene00174135.,0,0,0
WBGene00174136.,0,0,0
WBGene00174137.,0,0,0
WBGene00174138.,0,0,0
WBGene00174139.,0,0,0
WBGene00174140.,0,0,0
WBGene00174141.,0,0,0
WBGene00174142.,0,0,0
WBGene00174143.,0,0,0
WBGene00174144.,0,1,1
WBGene00174145.,0,0,0
WBGene00174146.,0,0,0
WBGene00174147.,0,0,0
WBGene00174148.,0,0,0
WBGene00174149.,0,0,0
WBGene00174150.,0,0,0
WBGene00174151.,0,0,0
WBGene00174152.,0,1,1
WBGene00174153.,0,0,0
WBGene00174154.,0,0,0
WBGene00174155.,0,0,0
WBGene00174156.,0,0,0
WBGene00174157.,0,0,0
WBGene00174158.,0,0,0
WBGene00174159.,0,0,0
WBGene00174160.,0,0,0
WBGene00174161.,0,0,0
WBGene00174162.,0,0,0
WBGene00174163.,0,0,0
WBGene00174164.,0,1,1
WBGene00174165.,0,0,0
WBGene00174166.,0,0,0
WBGene00174167.,0,0,0
WBGene00174168.,0,2,2
WBGene00174169.,0,0,0
WBGene00174170.,0,1,1
WBGene00174171.,0,0,0
WBGene00174172.,0,0,0
WBGene00174173.,0,0,0
WBGene00174174.,0,0,0
WBGene00174175.,0,0,0
WBGene00174176.,0,0,0
WBGene00174177.,0,0,0
WBGene00174178.,0,1,1
WBGene00174179.,0,0,0
WBGene00174180.,0,1,1
WBGene00174181.,0,0,0
WBGene00174182.,0,0,0
WBGene00174183.,0,0,0
WBGene00174184.,0,7,7
WBGene00174185.,0,2,2
WBGene00174186.,0,1,1
WBGene00174187.,0,0,0
WBGene00174188.,0,0,0
WBGene00174189.,0,0,0
WBGene00174190.,0,6,6
WBGene00174191.,0,0,0
WBGene00174192.,0,0,0
WBGene00174193.,0,0,0
WBGene00174194.,0,0,0
WBGene00174195.,0,0,0
WBGene00174196.,0,0,0
WBGene00174197.,0,0,0
WBGene00174198.,0,0,0
WBGene00174199.,0,0,0
WBGene00174200.,0,0,0
WBGene00174201.,0,0,0
WBGene00174202.,0,1,1
WBGene00174203.,0,0,0
WBGene00174204.,0,0,0
WBGene00174205.,0,0,0
WBGene00174206.,0,0,0
WBGene00174207.,0,0,0
WBGene00174208.,0,0,0
WBGene00174209.,0,0,0
WBGene00174210.,0,0,0
WBGene00174211.,0,0,0
WBGene00174212.,0,5,5
WBGene00174213.,0,0,0
WBGene00174214.,0,0,0
WBGene00174215.,0,0,0
WBGene00174216.,0,2,2
WBGene00174217.,0,0,0
WBGene00174218.,0,0,0
WBGene00174219.,0,0,0
WBGene00174220.,0,0,0
WBGene00174221.,0,0,0
WBGene00174222.,0,0,0
WBGene00174223.,0,1,1
WBGene00174224.,0,1,1
WBGene00174225.,0,0,0
WBGene00174226.,0,0,0
WBGene00174227.,0,0,0
WBGene00174228.,0,0,0
WBGene00174229.,0,0,0
WBGene00174230.,0,0,0
WBGene00174231.,0,0,0
WBGene00174232.,0,0,0
WBGene00174233.,0,0,0
WBGene00174234.,0,2,2
WBGene00174235.,0,1,1
WBGene00174236.,0,0,0
WBGene00174237.,0,0,0
WBGene00174238.,0,0,0
WBGene00174239.,0,0,0
WBGene00174240.,0,0,0
WBGene00174241.,0,0,0
WBGene00174242.,0,3,3
WBGene00174243.,0,0,0
WBGene00174244.,0,0,0
WBGene00174245.,0,0,0
WBGene00174246.,0,0,0
WBGene00174247.,0,0,0
WBGene00174248.,0,3,3
WBGene00174249.,0,0,0
WBGene00174250.,0,0,0
WBGene00174251.,0,0,0
WBGene00174252.,0,0,0
WBGene00174253.,0,0,0
WBGene00174254.,0,0,0
WBGene00174255.,0,0,0
WBGene00174256.,0,0,0
WBGene00174257.,0,0,0
WBGene00174258.,0,0,0
WBGene00174259.,0,0,0
WBGene00174260.,0,0,0
WBGene00174261.,0,0,0
WBGene00174262.,0,0,0
WBGene00174263.,0,0,0
WBGene00174264.,0,0,0
WBGene00174265.,0,23,23
WBGene00174266.,0,0,0
WBGene00174267.,0,0,0
WBGene00174268.,0,0,0
WBGene00174269.,0,0,0
WBGene00174270.,0,0,0
WBGene00174271.,0,0,0
WBGene00174272.,0,0,0
WBGene00174273.,0,0,0
WBGene00174274.,0,0,0
WBGene00174275.,0,1,1
WBGene00174276.,0,0,0
WBGene00174277.,0,0,0
WBGene00174278.,0,1,1
WBGene00174279.,0,0,0
WBGene00174280.,0,0,0
WBGene00174281.,0,3,3
WBGene00174282.,0,0,0
WBGene00174283.,0,1,1
WBGene00174284.,0,0,0
WBGene00174285.,0,0,0
WBGene00174286.,0,0,0
WBGene00174287.,0,0,0
WBGene00174288.,0,0,0
WBGene00174289.,0,0,0
WBGene00174290.,0,0,0
WBGene00174291.,0,1,1
WBGene00174292.,0,0,0
WBGene00174293.,0,7,7
WBGene00174294.,0,0,0
WBGene00174295.,0,0,0
WBGene00174296.,0,0,0
WBGene00174297.,0,4,4
WBGene00174298.,0,0,0
WBGene00174299.,0,0,0
WBGene00174300.,0,0,0
WBGene00174301.,0,0,0
WBGene00174302.,0,1,1
WBGene00174303.,0,0,0
WBGene00174304.,0,0,0
WBGene00174305.,0,0,0
WBGene00174306.,0,0,0
WBGene00174307.,0,0,0
WBGene00174308.,0,0,0
WBGene00174309.,0,1,1
WBGene00174310.,0,0,0
WBGene00174311.,0,7,7
WBGene00174312.,0,1,1
WBGene00174313.,0,0,0
WBGene00174314.,0,5,5
WBGene00174315.,0,0,0
WBGene00174316.,0,0,0
WBGene00174317.,0,2,2
WBGene00174318.,0,8,8
WBGene00174319.,0,0,0
WBGene00174320.,0,0,0
WBGene00174321.,0,0,0
WBGene00174322.,0,0,0
WBGene00174323.,0,0,0
WBGene00174324.,0,0,0
WBGene00174325.,0,1,1
WBGene00174326.,0,0,0
WBGene00174327.,0,0,0
WBGene00174328.,0,0,0
WBGene00174329.,0,0,0
WBGene00174330.,0,1,1
WBGene00174331.,0,0,0
WBGene00174332.,0,0,0
WBGene00174333.,0,0,0
WBGene00174334.,0,0,0
WBGene00174335.,0,0,0
WBGene00174336.,0,0,0
WBGene00174337.,0,0,0
WBGene00174338.,0,0,0
WBGene00174339.,0,0,0
WBGene00174340.,0,0,0
WBGene00174341.,0,0,0
WBGene00174342.,0,0,0
WBGene00174343.,0,0,0
WBGene00174344.,0,0,0
WBGene00174345.,0,0,0
WBGene00174346.,0,0,0
WBGene00174347.,0,0,0
WBGene00174348.,0,0,0
WBGene00174349.,0,0,0
WBGene00174350.,0,0,0
WBGene00174351.,0,0,0
WBGene00174352.,0,7,7
WBGene00174353.,0,0,0
WBGene00174354.,0,4,4
WBGene00174355.,0,0,0
WBGene00174356.,0,0,0
WBGene00174357.,0,0,0
WBGene00174358.,0,0,0
WBGene00174359.,0,0,0
WBGene00174360.,0,6,6
WBGene00174361.,0,0,0
WBGene00174362.,0,0,0
WBGene00174363.,0,0,0
WBGene00174364.,0,0,0
WBGene00174365.,0,0,0
WBGene00174366.,0,0,0
WBGene00174367.,0,0,0
WBGene00174368.,0,1,1
WBGene00174369.,0,0,0
WBGene00174370.,0,2,2
WBGene00174371.,0,0,0
WBGene00174372.,0,0,0
WBGene00174373.,0,0,0
WBGene00174374.,0,0,0
WBGene00174375.,0,0,0
WBGene00174376.,0,1,1
WBGene00174377.,0,0,0
WBGene00174378.,0,2,2
WBGene00174379.,0,0,0
WBGene00174380.,0,2,2
WBGene00174381.,0,0,0
WBGene00174382.,0,0,0
WBGene00174383.,0,0,0
WBGene00174384.,0,0,0
WBGene00174385.,0,0,0
WBGene00174386.,0,0,0
WBGene00174387.,0,0,0
WBGene00174388.,0,0,0
WBGene00174389.,0,0,0
WBGene00174390.,0,0,0
WBGene00174391.,0,0,0
WBGene00174392.,0,0,0
WBGene00174393.,0,0,0
WBGene00174394.,0,2,2
WBGene00174395.,0,0,0
WBGene00174396.,0,0,0
WBGene00174397.,0,0,0
WBGene00174398.,0,1,1
WBGene00174399.,0,0,0
WBGene00174400.,0,0,0
WBGene00174401.,0,0,0
WBGene00174402.,0,0,0
WBGene00174403.,0,0,0
WBGene00174404.,0,0,0
WBGene00174405.,0,0,0
WBGene00174406.,0,67,67
WBGene00174407.,0,0,0
WBGene00174408.,0,0,0
WBGene00174409.,0,19,19
WBGene00174410.,0,4,4
WBGene00174411.,0,2,2
WBGene00174412.,0,1,1
WBGene00174413.,0,0,0
WBGene00174414.,0,0,0
WBGene00174415.,0,0,0
WBGene00174416.,0,1,1
WBGene00174417.,0,0,0
WBGene00174418.,0,0,0
WBGene00174419.,0,0,0
WBGene00174420.,0,0,0
WBGene00174421.,0,0,0
WBGene00174422.,0,0,0
WBGene00174423.,0,0,0
WBGene00174424.,0,0,0
WBGene00174425.,0,0,0
WBGene00174426.,0,0,0
WBGene00174427.,0,0,0
WBGene00174428.,0,0,0
WBGene00174429.,0,2,2
WBGene00174430.,0,0,0
WBGene00174431.,0,0,0
WBGene00174432.,0,0,0
WBGene00174433.,0,0,0
WBGene00174434.,0,0,0
WBGene00174435.,0,0,0
WBGene00174436.,0,0,0
WBGene00174437.,0,0,0
WBGene00174438.,0,0,0
WBGene00174439.,0,0,0
WBGene00174440.,0,19,19
WBGene00174441.,0,0,0
WBGene00174442.,0,1,1
WBGene00174443.,0,0,0
WBGene00174444.,0,0,0
WBGene00174445.,0,0,0
WBGene00174446.,0,0,0
WBGene00174447.,0,1,1
WBGene00174448.,0,0,0
WBGene00174449.,0,0,0
WBGene00174450.,0,0,0
WBGene00174451.,0,0,0
WBGene00174452.,0,0,0
WBGene00174453.,0,17,17
WBGene00174454.,0,0,0
WBGene00174455.,0,0,0
WBGene00174456.,0,0,0
WBGene00174457.,0,0,0
WBGene00174458.,0,0,0
WBGene00174459.,0,0,0
WBGene00174460.,0,0,0
WBGene00174461.,0,0,0
WBGene00174462.,0,0,0
WBGene00174463.,0,0,0
WBGene00174464.,0,0,0
WBGene00174465.,0,0,0
WBGene00174466.,0,0,0
WBGene00174467.,0,0,0
WBGene00174468.,0,0,0
WBGene00174469.,0,0,0
WBGene00174470.,0,0,0
WBGene00174471.,0,0,0
WBGene00174472.,0,0,0
WBGene00174473.,0,0,0
WBGene00174474.,0,0,0
WBGene00174475.,0,5,5
WBGene00174476.,0,0,0
WBGene00174477.,0,0,0
WBGene00174478.,0,2,2
WBGene00174479.,0,0,0
WBGene00174480.,0,0,0
WBGene00174481.,0,0,0
WBGene00174482.,0,0,0
WBGene00174483.,0,0,0
WBGene00174484.,0,0,0
WBGene00174485.,0,4,4
WBGene00174486.,0,0,0
WBGene00174487.,0,2,2
WBGene00174488.,0,0,0
WBGene00174489.,0,0,0
WBGene00174490.,0,0,0
WBGene00174491.,0,0,0
WBGene00174492.,0,0,0
WBGene00174493.,0,0,0
WBGene00174494.,0,0,0
WBGene00174495.,0,0,0
WBGene00174496.,0,4,4
WBGene00174497.,0,1,1
WBGene00174498.,0,0,0
WBGene00174499.,0,2,2
WBGene00174500.,0,0,0
WBGene00174501.,0,0,0
WBGene00174502.,0,1,1
WBGene00174503.,0,0,0
WBGene00174504.,0,2,2
WBGene00174505.,0,1,1
WBGene00174506.,0,0,0
WBGene00174507.,0,0,0
WBGene00174508.,0,0,0
WBGene00174509.,0,0,0
WBGene00174510.,0,0,0
WBGene00174511.,0,0,0
WBGene00174512.,0,1,1
WBGene00174513.,0,1,1
WBGene00174514.,0,0,0
WBGene00174515.,0,0,0
WBGene00174516.,0,0,0
WBGene00174517.,0,0,0
WBGene00174518.,0,0,0
WBGene00174519.,0,0,0
WBGene00174520.,0,0,0
WBGene00174521.,0,0,0
WBGene00174522.,0,0,0
WBGene00174523.,0,1,1
WBGene00174524.,0,0,0
WBGene00174525.,0,0,0
WBGene00174526.,0,0,0
WBGene00174527.,0,2,2
WBGene00174528.,0,0,0
WBGene00174529.,0,1,1
WBGene00174530.,0,0,0
WBGene00174531.,0,0,0
WBGene00174532.,0,0,0
WBGene00174533.,0,0,0
WBGene00174534.,0,0,0
WBGene00174535.,0,0,0
WBGene00174536.,0,0,0
WBGene00174537.,0,1,1
WBGene00174538.,0,0,0
WBGene00174539.,0,1,1
WBGene00174540.,0,0,0
WBGene00174541.,0,0,0
WBGene00174542.,0,0,0
WBGene00174543.,0,0,0
WBGene00174544.,0,0,0
WBGene00174545.,0,0,0
WBGene00174546.,0,0,0
WBGene00174547.,0,0,0
WBGene00174548.,0,0,0
WBGene00174549.,0,0,0
WBGene00174550.,0,0,0
WBGene00174551.,0,1,1
WBGene00174552.,0,2,2
WBGene00174553.,0,0,0
WBGene00174554.,0,0,0
WBGene00174555.,0,0,0
WBGene00174556.,0,0,0
WBGene00174557.,0,1,1
WBGene00174558.,0,0,0
WBGene00174559.,0,3,3
WBGene00174560.,0,12,12
WBGene00174561.,0,0,0
WBGene00174562.,0,0,0
WBGene00174563.,0,0,0
WBGene00174564.,0,0,0
WBGene00174565.,0,10,10
WBGene00174566.,0,0,0
WBGene00174567.,0,0,0
WBGene00174568.,0,0,0
WBGene00174569.,0,0,0
WBGene00174570.,0,0,0
WBGene00174571.,0,0,0
WBGene00174572.,0,0,0
WBGene00174573.,0,0,0
WBGene00174574.,0,0,0
WBGene00174575.,0,0,0
WBGene00174576.,0,0,0
WBGene00174577.,0,0,0
WBGene00174578.,0,0,0
WBGene00174579.,0,0,0
WBGene00174580.,0,0,0
WBGene00174581.,0,0,0
WBGene00174582.,0,0,0
WBGene00174583.,0,0,0
WBGene00174584.,0,0,0
WBGene00174585.,0,0,0
WBGene00174586.,0,0,0
WBGene00174587.,0,0,0
WBGene00174588.,0,0,0
WBGene00174589.,0,0,0
WBGene00174590.,0,0,0
WBGene00174591.,0,0,0
WBGene00174592.,0,0,0
WBGene00174593.,0,0,0
WBGene00174594.,0,0,0
WBGene00174595.,0,2,2
WBGene00174596.,0,0,0
WBGene00174597.,0,0,0
WBGene00174598.,0,0,0
WBGene00174599.,0,0,0
WBGene00174600.,0,0,0
WBGene00174601.,0,0,0
WBGene00174602.,0,3,3
WBGene00174603.,0,0,0
WBGene00174604.,0,0,0
WBGene00174605.,0,0,0
WBGene00174606.,0,0,0
WBGene00174607.,0,5,5
WBGene00174608.,0,0,0
WBGene00174609.,0,0,0
WBGene00174610.,0,1,1
WBGene00174611.,0,0,0
WBGene00174612.,0,0,0
WBGene00174613.,0,0,0
WBGene00174614.,0,0,0
WBGene00174615.,0,1,1
WBGene00174616.,0,0,0
WBGene00174617.,0,0,0
WBGene00174618.,0,0,0
WBGene00174619.,0,0,0
WBGene00174620.,0,0,0
WBGene00174621.,0,0,0
WBGene00174622.,0,1,1
WBGene00174623.,0,0,0
WBGene00174624.,0,0,0
WBGene00174625.,0,0,0
WBGene00174626.,0,0,0
WBGene00174627.,0,0,0
WBGene00174628.,0,0,0
WBGene00174629.,0,0,0
WBGene00174630.,0,2,2
WBGene00174631.,0,2,2
WBGene00174632.,0,0,0
WBGene00174633.,0,0,0
WBGene00174634.,0,0,0
WBGene00174635.,0,0,0
WBGene00174636.,0,0,0
WBGene00174637.,0,0,0
WBGene00174638.,0,0,0
WBGene00174639.,0,0,0
WBGene00174640.,0,0,0
WBGene00174641.,0,0,0
WBGene00174642.,0,0,0
WBGene00174643.,0,0,0
WBGene00174644.,0,0,0
WBGene00174645.,0,0,0
WBGene00174646.,0,0,0
WBGene00174647.,0,0,0
WBGene00174648.,0,0,0
WBGene00174649.,0,0,0
WBGene00174650.,0,0,0
WBGene00174651.,0,0,0
WBGene00174652.,0,0,0
WBGene00174653.,0,10,10
WBGene00174654.,0,0,0
WBGene00174655.,0,1,1
WBGene00174656.,0,0,0
WBGene00174657.,0,0,0
WBGene00174658.,0,0,0
WBGene00174659.,0,0,0
WBGene00174660.,0,0,0
WBGene00174661.,0,0,0
WBGene00174662.,0,0,0
WBGene00174663.,0,0,0
WBGene00174664.,0,0,0
WBGene00174665.,0,0,0
WBGene00174666.,0,0,0
WBGene00174667.,0,0,0
WBGene00174668.,0,0,0
WBGene00174669.,0,0,0
WBGene00174670.,0,0,0
WBGene00174671.,0,0,0
WBGene00174672.,0,0,0
WBGene00174673.,0,51,51
WBGene00174674.,0,0,0
WBGene00174675.,0,0,0
WBGene00174676.,0,2,2
WBGene00174677.,0,1,1
WBGene00174678.,0,0,0
WBGene00174679.,0,0,0
WBGene00174680.,0,0,0
WBGene00174681.,0,0,0
WBGene00174682.,0,0,0
WBGene00174683.,0,1,1
WBGene00174684.,0,0,0
WBGene00174685.,0,0,0
WBGene00174686.,0,1,1
WBGene00174687.,0,0,0
WBGene00174688.,0,0,0
WBGene00174689.,0,0,0
WBGene00174690.,0,0,0
WBGene00174691.,0,0,0
WBGene00174692.,0,13,13
WBGene00174693.,0,0,0
WBGene00174694.,0,0,0
WBGene00174695.,0,5,5
WBGene00174696.,0,0,0
WBGene00174697.,0,1,1
WBGene00174698.,0,0,0
WBGene00174699.,0,0,0
WBGene00174700.,0,1,1
WBGene00174701.,0,0,0
WBGene00174702.,0,5,5
WBGene00174703.,0,0,0
WBGene00174704.,0,0,0
WBGene00174705.,0,0,0
WBGene00174706.,0,0,0
WBGene00174707.,0,2,2
WBGene00174708.,0,0,0
WBGene00174709.,0,0,0
WBGene00174710.,0,4,4
WBGene00174711.,0,0,0
WBGene00174712.,0,0,0
WBGene00174713.,0,0,0
WBGene00174714.,0,0,0
WBGene00174715.,0,1,1
WBGene00174716.,0,0,0
WBGene00174717.,0,0,0
WBGene00174718.,0,0,0
WBGene00174719.,0,0,0
WBGene00174720.,0,0,0
WBGene00174721.,0,9,9
WBGene00174722.,0,0,0
WBGene00174723.,0,0,0
WBGene00174724.,0,2,2
WBGene00174725.,0,0,0
WBGene00174726.,0,1,1
WBGene00174727.,0,0,0
WBGene00174728.,0,0,0
WBGene00174729.,0,0,0
WBGene00174730.,0,1,1
WBGene00174731.,0,0,0
WBGene00174732.,0,0,0
WBGene00174733.,0,0,0
WBGene00174734.,0,0,0
WBGene00174735.,0,0,0
WBGene00174736.,0,0,0
WBGene00174737.,0,0,0
WBGene00174738.,0,0,0
WBGene00174739.,0,10,10
WBGene00174740.,0,0,0
WBGene00174741.,0,20,20
WBGene00174742.,0,0,0
WBGene00174743.,0,0,0
WBGene00174744.,0,0,0
WBGene00174745.,0,0,0
WBGene00174746.,0,0,0
WBGene00174747.,0,0,0
WBGene00174748.,0,0,0
WBGene00174749.,0,0,0
WBGene00174750.,0,0,0
WBGene00174751.,0,0,0
WBGene00174752.,0,0,0
WBGene00174753.,0,0,0
WBGene00174754.,0,0,0
WBGene00174755.,0,0,0
WBGene00174756.,0,0,0
WBGene00174757.,0,0,0
WBGene00174758.,0,1,1
WBGene00174759.,0,0,0
WBGene00174760.,0,0,0
WBGene00174761.,0,0,0
WBGene00174762.,0,0,0
WBGene00174763.,0,4,4
WBGene00174764.,0,0,0
WBGene00174765.,0,0,0
WBGene00174766.,0,0,0
WBGene00174767.,0,0,0
WBGene00174768.,0,4,4
WBGene00174769.,0,1,1
WBGene00174770.,0,0,0
WBGene00174771.,0,0,0
WBGene00174772.,0,0,0
WBGene00174773.,0,4,4
WBGene00174774.,0,0,0
WBGene00174775.,0,0,0
WBGene00174776.,0,0,0
WBGene00174777.,0,0,0
WBGene00174778.,0,0,0
WBGene00174779.,0,0,0
WBGene00174780.,0,0,0
WBGene00174781.,0,0,0
WBGene00174782.,0,0,0
WBGene00174783.,0,0,0
WBGene00174784.,0,0,0
WBGene00174785.,0,0,0
WBGene00174786.,0,0,0
WBGene00174787.,0,0,0
WBGene00174788.,0,0,0
WBGene00174789.,0,0,0
WBGene00174790.,0,0,0
WBGene00174791.,0,0,0
WBGene00174792.,0,0,0
WBGene00174793.,0,6,6
WBGene00174794.,0,1,1
WBGene00174795.,0,0,0
WBGene00174796.,0,0,0
WBGene00174797.,0,0,0
WBGene00174798.,0,1,1
WBGene00174799.,0,0,0
WBGene00174800.,0,0,0
WBGene00174801.,0,0,0
WBGene00174802.,0,0,0
WBGene00174803.,0,0,0
WBGene00174804.,0,0,0
WBGene00174805.,0,0,0
WBGene00174806.,0,0,0
WBGene00174807.,0,0,0
WBGene00174808.,0,1,1
WBGene00174809.,0,0,0
WBGene00174810.,0,0,0
WBGene00174811.,0,1,1
WBGene00174812.,0,0,0
WBGene00174813.,0,0,0
WBGene00174814.,0,0,0
WBGene00174815.,0,0,0
WBGene00174816.,0,0,0
WBGene00174817.,0,1,1
WBGene00174818.,0,0,0
WBGene00174819.,0,0,0
WBGene00174820.,0,0,0
WBGene00174821.,0,11,11
WBGene00174822.,0,0,0
WBGene00174823.,0,0,0
WBGene00174824.,0,0,0
WBGene00174825.,0,0,0
WBGene00174826.,0,0,0
WBGene00174827.,0,0,0
WBGene00174828.,0,0,0
WBGene00174829.,0,0,0
WBGene00174830.,0,0,0
WBGene00174831.,0,0,0
WBGene00174832.,0,0,0
WBGene00174833.,0,17,17
WBGene00174834.,0,0,0
WBGene00174835.,0,0,0
WBGene00174836.,0,0,0
WBGene00174837.,0,1,1
WBGene00174838.,0,1,1
WBGene00174839.,0,0,0
WBGene00174840.,0,0,0
WBGene00174841.,0,0,0
WBGene00174842.,0,0,0
WBGene00174843.,0,0,0
WBGene00174844.,0,0,0
WBGene00174845.,0,0,0
WBGene00174846.,0,0,0
WBGene00174847.,0,0,0
WBGene00174848.,0,0,0
WBGene00174849.,0,0,0
WBGene00174850.,0,4,4
WBGene00174851.,0,0,0
WBGene00174852.,0,0,0
WBGene00174853.,0,0,0
WBGene00174854.,0,0,0
WBGene00174855.,0,0,0
WBGene00174856.,0,0,0
WBGene00174857.,0,1,1
WBGene00174858.,0,0,0
WBGene00174859.,0,0,0
WBGene00174860.,0,0,0
WBGene00174861.,0,0,0
WBGene00174862.,0,0,0
WBGene00174863.,0,0,0
WBGene00174864.,0,0,0
WBGene00174865.,0,0,0
WBGene00174866.,0,0,0
WBGene00174867.,0,0,0
WBGene00174868.,0,0,0
WBGene00174869.,0,0,0
WBGene00174870.,0,0,0
WBGene00174871.,0,0,0
WBGene00174872.,0,2,2
WBGene00174873.,0,0,0
WBGene00174874.,0,0,0
WBGene00174875.,0,0,0
WBGene00174876.,0,0,0
WBGene00174877.,0,0,0
WBGene00174878.,0,1,1
WBGene00174879.,0,0,0
WBGene00174880.,0,1,1
WBGene00174881.,0,0,0
WBGene00174882.,0,0,0
WBGene00174883.,0,0,0
WBGene00174884.,0,3,3
WBGene00174885.,0,0,0
WBGene00174886.,0,5,5
WBGene00174887.,0,0,0
WBGene00174888.,0,1,1
WBGene00174889.,0,1,1
WBGene00174890.,0,1,1
WBGene00174891.,0,6,6
WBGene00174892.,0,0,0
WBGene00174893.,0,0,0
WBGene00174894.,0,0,0
WBGene00174895.,0,7,7
WBGene00174896.,0,0,0
WBGene00174897.,0,0,0
WBGene00174898.,0,0,0
WBGene00174899.,0,0,0
WBGene00174900.,0,3,3
WBGene00174901.,0,0,0
WBGene00174902.,0,0,0
WBGene00174903.,0,0,0
WBGene00174904.,0,1,1
WBGene00174905.,0,0,0
WBGene00174906.,0,0,0
WBGene00174907.,0,0,0
WBGene00174908.,0,0,0
WBGene00174909.,0,0,0
WBGene00174910.,0,0,0
WBGene00174911.,0,0,0
WBGene00174912.,0,2,2
WBGene00174913.,0,0,0
WBGene00174914.,0,0,0
WBGene00174915.,0,0,0
WBGene00174916.,0,0,0
WBGene00174917.,0,0,0
WBGene00174918.,0,0,0
WBGene00174919.,0,0,0
WBGene00174920.,0,0,0
WBGene00174921.,0,1,1
WBGene00174922.,0,0,0
WBGene00174923.,0,0,0
WBGene00174924.,0,0,0
WBGene00174925.,0,0,0
WBGene00174926.,0,0,0
WBGene00174927.,0,0,0
WBGene00174928.,0,0,0
WBGene00174929.,0,0,0
WBGene00174930.,0,0,0
WBGene00174931.,0,4,4
WBGene00174932.,0,0,0
WBGene00174933.,0,0,0
WBGene00174934.,0,0,0
WBGene00174935.,0,0,0
WBGene00174936.,0,0,0
WBGene00174937.,0,2,2
WBGene00174938.,0,3,3
WBGene00174939.,0,0,0
WBGene00174940.,0,0,0
WBGene00174941.,0,0,0
WBGene00174942.,0,2,2
WBGene00174943.,0,0,0
WBGene00174944.,0,1,1
WBGene00174945.,0,0,0
WBGene00174946.,0,0,0
WBGene00174947.,0,0,0
WBGene00174948.,0,0,0
WBGene00174949.,0,0,0
WBGene00174950.,0,0,0
WBGene00174951.,0,0,0
WBGene00174952.,0,0,0
WBGene00174953.,0,0,0
WBGene00174954.,0,0,0
WBGene00174955.,0,3,3
WBGene00174956.,0,0,0
WBGene00174957.,0,0,0
WBGene00174958.,0,0,0
WBGene00174959.,0,0,0
WBGene00174960.,0,0,0
WBGene00174961.,0,2,2
WBGene00174962.,0,0,0
WBGene00174963.,0,0,0
WBGene00174964.,0,0,0
WBGene00174965.,0,0,0
WBGene00174966.,0,0,0
WBGene00174967.,0,0,0
WBGene00174968.,0,0,0
WBGene00174969.,0,0,0
WBGene00174970.,0,0,0
WBGene00174971.,0,22,22
WBGene00174972.,0,3,3
WBGene00174973.,0,0,0
WBGene00174974.,0,0,0
WBGene00174975.,0,0,0
WBGene00174976.,0,1,1
WBGene00174977.,0,1,1
WBGene00174978.,0,0,0
WBGene00174979.,0,0,0
WBGene00174980.,0,0,0
WBGene00174981.,0,0,0
WBGene00174982.,0,6,6
WBGene00174983.,0,1,1
WBGene00174984.,0,0,0
WBGene00174985.,0,0,0
WBGene00174986.,0,0,0
WBGene00174987.,0,0,0
WBGene00174988.,0,8,8
WBGene00174989.,0,0,0
WBGene00174990.,0,0,0
WBGene00174991.,0,0,0
WBGene00174992.,0,0,0
WBGene00174993.,0,0,0
WBGene00174994.,0,0,0
WBGene00174995.,0,0,0
WBGene00174996.,0,0,0
WBGene00174997.,0,0,0
WBGene00174998.,0,0,0
WBGene00174999.,0,0,0
WBGene00175000.,0,0,0
WBGene00175001.,0,0,0
WBGene00175002.,0,0,0
WBGene00175003.,0,0,0
WBGene00175004.,0,0,0
WBGene00175005.,0,3,3
WBGene00175006.,0,1,1
WBGene00175007.,0,0,0
WBGene00175008.,0,0,0
WBGene00175009.,0,0,0
WBGene00175010.,0,0,0
WBGene00175011.,0,0,0
WBGene00175012.,0,0,0
WBGene00175013.,0,0,0
WBGene00175014.,0,0,0
WBGene00175015.,0,0,0
WBGene00175016.,0,0,0
WBGene00175017.,0,0,0
WBGene00175018.,0,0,0
WBGene00175019.,0,0,0
WBGene00175020.,0,0,0
WBGene00175021.,0,0,0
WBGene00175022.,0,0,0
WBGene00175023.,0,1,1
WBGene00175024.,0,0,0
WBGene00175025.,0,1,1
WBGene00175027.,74,235,309
WBGene00175028.,1,1,2
WBGene00175029.,56,292,348
WBGene00175030.,8,703,711
WBGene00175031.,5,2,7
WBGene00175034.,23,395,418
WBGene00175035.,66,390,456
WBGene00175036.,0,30,30
WBGene00184956.,1,11,12
WBGene00184990.,14,170,184
WBGene00185001.,112,902,1014
WBGene00185002.,49,154,203
WBGene00185005.,16,405,421
WBGene00185006.,3,5,8
WBGene00185014.,63,396,459
WBGene00185048.,160,1464,1624
WBGene00185055.,0,2,2
WBGene00185067.,0,5,5
WBGene00185076.,152,796,948
WBGene00185077.,0,38,38
WBGene00185078.,568,171,739
WBGene00185079.,102,864,966
WBGene00185086.,6,100,106
WBGene00185088.,5,269,274
WBGene00185089.,7,52,59
WBGene00185092.,3,7,10
WBGene00185093.,0,1,1
WBGene00185095.,0,2,2
WBGene00185096.,0,1,1
WBGene00185097.,4,0,4
WBGene00185098.,35,291,326
WBGene00185100.,4,3,7
WBGene00185101.,7,4,11
WBGene00185102.,40,620,660
WBGene00185116.,0,1,1
WBGene00185117.,19,92,111
WBGene00185118.,766,1988,2754
WBGene00185119.,1,1,2
WBGene00189930.,1,0,1
WBGene00189931.,0,0,0
WBGene00189932.,1,0,1
WBGene00189933.,4,35,39
WBGene00189937.,0,7,7
WBGene00189943.,1,0,1
WBGene00189944.,18,30,48
WBGene00189946.,0,0,0
WBGene00189947.,1,1,2
WBGene00189948.,2,15,17
WBGene00189949.,11,16,27
WBGene00189950.,5,6,11
WBGene00189951.,63,255,318
WBGene00189952.,21,89,110
WBGene00189953.,2,1,3
WBGene00189954.,1,2,3
WBGene00189955.,0,0,0
WBGene00189956.,18,14,32
WBGene00189957.,9,20,29
WBGene00189958.,24,1058,1082
WBGene00189961.,4,6,10
WBGene00189964.,0,0,0
WBGene00189966.,0,0,0
WBGene00189967.,0,0,0
WBGene00189968.,0,2,2
WBGene00189969.,0,0,0
WBGene00189970.,0,0,0
WBGene00189971.,0,0,0
WBGene00189972.,0,0,0
WBGene00189973.,0,0,0
WBGene00189974.,0,0,0
WBGene00189975.,0,0,0
WBGene00189976.,0,0,0
WBGene00189977.,0,0,0
WBGene00189978.,0,0,0
WBGene00189979.,0,0,0
WBGene00189980.,0,0,0
WBGene00189981.,0,0,0
WBGene00189982.,0,0,0
WBGene00189983.,0,0,0
WBGene00189984.,0,0,0
WBGene00189985.,0,0,0
WBGene00189986.,0,1,1
WBGene00189987.,9,11,20
WBGene00189993.,0,7,7
WBGene00189995.,1,0,1
WBGene00194641.,255,1446,1701
WBGene00194642.,115,584,699
WBGene00194643.,21,38,59
WBGene00194644.,47,114,161
WBGene00194645.,0,1,1
WBGene00194646.,0,1,1
WBGene00194647.,0,1,1
WBGene00194649.,5,46,51
WBGene00194650.,15,6,21
WBGene00194651.,120,838,958
WBGene00194652.,6,8,14
WBGene00194653.,10,1,11
WBGene00194654.,2,4,6
WBGene00194656.,3,6,9
WBGene00194657.,43,374,417
WBGene00194658.,73,1055,1128
WBGene00194659.,9,59,68
WBGene00194660.,0,32,32
WBGene00194661.,6,6,12
WBGene00194663.,1,16,17
WBGene00194664.,7,125,132
WBGene00194665.,30,24,54
WBGene00194666.,2,0,2
WBGene00194667.,46,159,205
WBGene00194668.,0,0,0
WBGene00194669.,11,9,20
WBGene00194670.,1,0,1
WBGene00194672.,0,13,13
WBGene00194673.,8,1,9
WBGene00194674.,3,27,30
WBGene00194675.,0,6,6
WBGene00194676.,4,12,16
WBGene00194677.,13,8,21
WBGene00194678.,0,2,2
WBGene00194679.,8,183,191
WBGene00194680.,33,864,897
WBGene00194681.,152,1799,1951
WBGene00194682.,5,48,53
WBGene00194683.,58,461,519
WBGene00194684.,2,3,5
WBGene00194686.,2,1,3
WBGene00194687.,0,5,5
WBGene00194689.,31,353,384
WBGene00194690.,14,18,32
WBGene00194691.,8,3,11
WBGene00194692.,420,4592,5012
WBGene00194695.,0,0,0
WBGene00194696.,1,0,1
WBGene00194697.,13,47,60
WBGene00194698.,0,0,0
WBGene00194699.,0,9,9
WBGene00194700.,1,7,8
WBGene00194701.,3,1,4
WBGene00194702.,5,1,6
WBGene00194703.,1,9,10
WBGene00194704.,1,1,2
WBGene00194706.,43,338,381
WBGene00194707.,34,775,809
WBGene00194708.,0,8,8
WBGene00194710.,146,589,735
WBGene00194711.,4,3,7
WBGene00194712.,60,127,187
WBGene00194713.,0,220,220
WBGene00194714.,1,0,1
WBGene00194715.,0,0,0
WBGene00194716.,0,44,44
WBGene00194717.,1,2,3
WBGene00194725.,1,17,18
WBGene00194726.,5,41,46
WBGene00194727.,5,13,18
WBGene00194729.,10,83,93
WBGene00194730.,11,1,12
WBGene00194731.,37,106,143
WBGene00194733.,0,1,1
WBGene00194734.,0,1,1
WBGene00194735.,6,4,10
WBGene00194737.,10,2,12
WBGene00194738.,3,0,3
WBGene00194742.,11,77,88
WBGene00194744.,1,11,12
WBGene00194746.,3,0,3
WBGene00194747.,98,1610,1708
WBGene00194748.,0,380,380
WBGene00194759.,0,0,0
WBGene00194768.,0,2,2
WBGene00194769.,12,8,20
WBGene00194771.,1,2,3
WBGene00194780.,0,0,0
WBGene00194783.,0,1,1
WBGene00194784.,3,2,5
WBGene00194785.,2,2,4
WBGene00194786.,12,1,13
WBGene00194787.,0,0,0
WBGene00194788.,1,3,4
WBGene00194792.,7,5,12
WBGene00194793.,6,16,22
WBGene00194794.,0,30,30
WBGene00194795.,0,21,21
WBGene00194799.,0,0,0
WBGene00194800.,0,5,5
WBGene00194801.,0,1,1
WBGene00194802.,0,0,0
WBGene00194803.,1,12,13
WBGene00194804.,0,10,10
WBGene00194805.,0,0,0
WBGene00194806.,0,21,21
WBGene00194807.,0,3,3
WBGene00194808.,0,0,0
WBGene00194809.,0,0,0
WBGene00194810.,0,13,13
WBGene00194811.,0,0,0
WBGene00194812.,0,91,91
WBGene00194814.,20,203,223
WBGene00194815.,12,4,16
WBGene00194816.,6,14,20
WBGene00194821.,0,10,10
WBGene00194822.,0,0,0
WBGene00194823.,0,0,0
WBGene00194824.,0,1,1
WBGene00194825.,0,0,0
WBGene00194826.,0,2,2
WBGene00194827.,0,10,10
WBGene00194828.,0,0,0
WBGene00194829.,0,0,0
WBGene00194830.,0,0,0
WBGene00194831.,0,0,0
WBGene00194832.,0,40,40
WBGene00194833.,0,1,1
WBGene00194834.,0,0,0
WBGene00194835.,5,53,58
WBGene00194836.,633,167,800
WBGene00194839.,0,4,4
WBGene00194840.,0,1,1
WBGene00194841.,1,1,2
WBGene00194842.,12,0,12
WBGene00194843.,3,4,7
WBGene00194844.,5,4,9
WBGene00194847.,3,5,8
WBGene00194848.,5,18,23
WBGene00194849.,15,40,55
WBGene00194850.,0,7,7
WBGene00194851.,0,0,0
WBGene00194852.,6,59,65
WBGene00194853.,7,1,8
WBGene00194854.,3,0,3
WBGene00194855.,7,26,33
WBGene00194856.,318,136,454
WBGene00194861.,11,35,46
WBGene00194864.,1,2,3
WBGene00194865.,6,0,6
WBGene00194866.,46,82,128
WBGene00194867.,4,0,4
WBGene00194868.,30,6,36
WBGene00194869.,0,1207,1207
WBGene00194870.,28,46,74
WBGene00194871.,2,0,2
WBGene00194883.,76,1174,1250
WBGene00194884.,7,2,9
WBGene00194885.,0,0,0
WBGene00194886.,1,23,24
WBGene00194888.,0,2,2
WBGene00194890.,34,0,34
WBGene00194891.,1,7,8
WBGene00194892.,32,138,170
WBGene00194894.,0,0,0
WBGene00194895.,8,237,245
WBGene00194896.,104,3,107
WBGene00194898.,0,0,0
WBGene00194902.,4,4,8
WBGene00194905.,71,356,427
WBGene00194906.,9,14,23
WBGene00194907.,0,5,5
WBGene00194908.,77,345,422
WBGene00194909.,45,347,392
WBGene00194910.,79,131,210
WBGene00194912.,2,7,9
WBGene00194913.,162,192,354
WBGene00194914.,0,0,0
WBGene00194915.,9,216,225
WBGene00194916.,6,77,83
WBGene00194917.,9,49,58
WBGene00194918.,0,3,3
WBGene00194919.,3,11,14
WBGene00194920.,1,12,13
WBGene00194921.,96,836,932
WBGene00194922.,0,4,4
WBGene00194923.,0,1,1
WBGene00194924.,0,0,0
WBGene00194925.,0,0,0
WBGene00194926.,21,237,258
WBGene00194927.,0,0,0
WBGene00194928.,37,245,282
WBGene00194929.,0,3,3
WBGene00194930.,0,2,2
WBGene00194931.,0,2,2
WBGene00194932.,0,7,7
WBGene00194933.,0,4,4
WBGene00194934.,9,164,173
WBGene00194935.,0,1,1
WBGene00194939.,1,2,3
WBGene00194940.,2,29,31
WBGene00194945.,0,0,0
WBGene00194951.,0,0,0
WBGene00194952.,1,8,9
WBGene00194955.,89,57,146
WBGene00194957.,0,12,12
WBGene00194981.,10,6,16
WBGene00194982.,39,320,359
WBGene00194983.,1,0,1
WBGene00194984.,0,0,0
WBGene00194985.,1,0,1
WBGene00194986.,0,0,0
WBGene00194987.,0,1,1
WBGene00194988.,0,0,0
WBGene00194989.,0,0,0
WBGene00194990.,0,0,0
WBGene00194991.,0,0,0
WBGene00194992.,0,28,28
WBGene00194993.,0,25,25
WBGene00194994.,0,1,1
WBGene00194995.,0,1,1
WBGene00194996.,0,0,0
WBGene00194997.,0,1,1
WBGene00194998.,10,139,149
WBGene00194999.,0,2,2
WBGene00195000.,0,52,52
WBGene00195001.,0,0,0
WBGene00195002.,0,0,0
WBGene00195003.,2,22,24
WBGene00195004.,24,247,271
WBGene00195005.,0,181,181
WBGene00195006.,2,2,4
WBGene00195007.,0,0,0
WBGene00195008.,0,0,0
WBGene00195009.,1,6,7
WBGene00195010.,0,0,0
WBGene00195011.,40,75,115
WBGene00195012.,22,10,32
WBGene00195016.,0,19,19
WBGene00195017.,0,27,27
WBGene00195018.,0,0,0
WBGene00195019.,0,0,0
WBGene00195020.,0,0,0
WBGene00195021.,0,2,2
WBGene00195022.,0,0,0
WBGene00195023.,0,0,0
WBGene00195024.,0,12,12
WBGene00195025.,0,0,0
WBGene00195026.,0,0,0
WBGene00195027.,0,0,0
WBGene00195028.,0,0,0
WBGene00195029.,0,0,0
WBGene00195030.,0,0,0
WBGene00195031.,0,0,0
WBGene00195032.,0,0,0
WBGene00195033.,0,0,0
WBGene00195034.,0,0,0
WBGene00195035.,0,1,1
WBGene00195036.,0,0,0
WBGene00195037.,0,0,0
WBGene00195038.,0,0,0
WBGene00195039.,0,0,0
WBGene00195040.,0,15,15
WBGene00195043.,0,408,408
WBGene00195045.,1,4,5
WBGene00195046.,15,14,29
WBGene00195048.,2,3,5
WBGene00195049.,9,12,21
WBGene00195050.,15,124,139
WBGene00195051.,0,536,536
WBGene00195056.,88,964,1052
WBGene00195057.,4,4,8
WBGene00195058.,22,6,28
WBGene00195060.,70,1484,1554
WBGene00195061.,1,1,2
WBGene00195063.,86,1192,1278
WBGene00195064.,3,1,4
WBGene00195065.,1,1,2
WBGene00195067.,9,41,50
WBGene00195068.,24,172,196
WBGene00195069.,6,8,14
WBGene00195070.,0,16,16
WBGene00195071.,0,9,9
WBGene00195072.,0,1,1
WBGene00195073.,251,1143,1394
WBGene00195077.,1,6,7
WBGene00195081.,5,32,37
WBGene00195084.,88,464,552
WBGene00195086.,12,458,470
WBGene00195093.,84,1355,1439
WBGene00195117.,2,9,11
WBGene00195142.,0,472,472
WBGene00195143.,195,332,527
WBGene00195144.,6,25,31
WBGene00195145.,52,91,143
WBGene00195146.,0,311,311
WBGene00195147.,19,37,56
WBGene00195148.,11,7,18
WBGene00195149.,3,4,7
WBGene00195150.,0,5,5
WBGene00195151.,0,2,2
WBGene00195154.,2,17,19
WBGene00195155.,2,4,6
WBGene00195157.,15,17,32
WBGene00195158.,2,1,3
WBGene00195159.,0,51,51
WBGene00195160.,0,0,0
WBGene00195164.,0,27,27
WBGene00195165.,0,0,0
WBGene00195166.,32,1369,1401
WBGene00195168.,0,2,2
WBGene00195169.,19,51,70
WBGene00195170.,0,39,39
WBGene00195171.,2,0,2
WBGene00195172.,1,0,1
WBGene00195174.,2,2,4
WBGene00195175.,0,585,585
WBGene00195176.,1,11,12
WBGene00195177.,0,2,2
WBGene00195178.,2,5,7
WBGene00195179.,20,29,49
WBGene00195180.,3,116,119
WBGene00195181.,0,0,0
WBGene00195182.,3,6,9
WBGene00195183.,4,35,39
WBGene00195184.,6,40,46
WBGene00195185.,643,818,1461
WBGene00195186.,19,329,348
WBGene00195188.,0,2,2
WBGene00195189.,17,117,134
WBGene00195192.,27,86,113
WBGene00195208.,9,51,60
WBGene00195209.,0,71,71
WBGene00195210.,6,28,34
WBGene00195211.,7,11,18
WBGene00195212.,33,91,124
WBGene00195213.,0,2,2
WBGene00195214.,0,2,2
WBGene00195215.,0,1,1
WBGene00195226.,3,16,19
WBGene00195227.,0,5,5
WBGene00195228.,1,0,1
WBGene00195229.,1,0,1
WBGene00195230.,0,0,0
WBGene00195231.,0,1,1
WBGene00195232.,4,9,13
WBGene00195233.,160,2260,2420
WBGene00195234.,3,4,7
WBGene00195235.,0,1,1
WBGene00195236.,0,0,0
WBGene00195237.,0,0,0
WBGene00195238.,0,2,2
WBGene00195239.,62,671,733
WBGene00195240.,0,0,0
WBGene00195241.,0,0,0
WBGene00195242.,0,0,0
WBGene00195243.,1,5,6
WBGene00195244.,2,29,31
WBGene00195245.,0,71,71
WBGene00195246.,17,42,59
WBGene00195247.,0,1,1
WBGene00195248.,17,58,75
WBGene00195250.,0,5,5
WBGene00195252.,10,5,15
WBGene00195253.,33,271,304
WBGene00195254.,0,0,0
WBGene00195255.,17,74,91
WBGene00195256.,1,1,2
WBGene00195257.,108,165,273
WBGene00195258.,0,2,2
WBGene00195259.,0,1,1
WBGene00195260.,0,0,0
WBGene00195261.,0,0,0
WBGene00195262.,0,0,0
WBGene00195263.,0,2,2
WBGene00195264.,0,1,1
WBGene00195265.,0,5,5
WBGene00195266.,0,5,5
WBGene00195267.,0,2,2
WBGene00195268.,0,3,3
WBGene00195269.,0,1,1
WBGene00195270.,0,0,0
WBGene00195271.,0,0,0
WBGene00195272.,0,0,0
WBGene00195273.,0,0,0
WBGene00195274.,0,0,0
WBGene00195275.,0,2,2
WBGene00195276.,0,2,2
WBGene00195277.,0,3,3
WBGene00195278.,0,1,1
WBGene00195279.,0,2,2
WBGene00195280.,0,0,0
WBGene00195281.,0,0,0
WBGene00195282.,0,0,0
WBGene00195283.,0,0,0
WBGene00195284.,0,0,0
WBGene00195285.,0,0,0
WBGene00195286.,0,6,6
WBGene00195287.,0,1,1
WBGene00195288.,0,0,0
WBGene00195289.,0,1,1
WBGene00195290.,0,0,0
WBGene00195291.,0,1,1
WBGene00195292.,0,0,0
WBGene00195293.,0,0,0
WBGene00195294.,0,1,1
WBGene00195295.,0,8,8
WBGene00195296.,0,0,0
WBGene00195297.,0,0,0
WBGene00195298.,0,0,0
WBGene00195299.,0,2,2
WBGene00195300.,0,1,1
WBGene00195301.,0,0,0
WBGene00195302.,0,1,1
WBGene00195303.,0,0,0
WBGene00195304.,0,0,0
WBGene00195305.,0,2,2
WBGene00195306.,0,1,1
WBGene00195307.,0,0,0
WBGene00195308.,0,14,14
WBGene00195309.,0,6,6
WBGene00195310.,0,0,0
WBGene00195311.,0,0,0
WBGene00195312.,0,0,0
WBGene00195313.,0,0,0
WBGene00195314.,0,0,0
WBGene00195315.,0,0,0
WBGene00195316.,0,0,0
WBGene00195317.,0,1,1
WBGene00195318.,0,0,0
WBGene00195319.,0,6,6
WBGene00195320.,0,0,0
WBGene00195321.,0,0,0
WBGene00195322.,0,0,0
WBGene00195323.,0,0,0
WBGene00195324.,0,1,1
WBGene00195325.,0,10,10
WBGene00195326.,0,0,0
WBGene00195327.,0,1,1
WBGene00195328.,0,12,12
WBGene00195329.,0,1,1
WBGene00195330.,0,45,45
WBGene00195331.,0,12,12
WBGene00195332.,0,2,2
WBGene00195333.,0,6,6
WBGene00195334.,0,0,0
WBGene00195335.,0,2,2
WBGene00195336.,0,1,1
WBGene00195337.,0,3,3
WBGene00195338.,0,0,0
WBGene00195339.,0,2,2
WBGene00195340.,0,2,2
WBGene00195341.,0,0,0
WBGene00195342.,0,0,0
WBGene00195343.,0,0,0
WBGene00195344.,0,0,0
WBGene00195345.,0,0,0
WBGene00195346.,0,0,0
WBGene00195347.,0,6,6
WBGene00195348.,0,0,0
WBGene00195349.,0,0,0
WBGene00195350.,0,0,0
WBGene00195351.,0,4,4
WBGene00195352.,0,1,1
WBGene00195353.,0,1,1
WBGene00195354.,0,18,18
WBGene00195355.,0,0,0
WBGene00195356.,0,63,63
WBGene00195357.,0,0,0
WBGene00195358.,0,0,0
WBGene00195359.,0,2,2
WBGene00195360.,0,3,3
WBGene00195361.,0,0,0
WBGene00195362.,0,0,0
WBGene00195363.,0,56,56
WBGene00195364.,0,1,1
WBGene00195365.,0,2,2
WBGene00195366.,0,19,19
WBGene00195367.,0,0,0
WBGene00195368.,0,0,0
WBGene00195369.,0,1,1
WBGene00195370.,0,11,11
WBGene00195371.,0,4,4
WBGene00195372.,0,7,7
WBGene00195373.,0,0,0
WBGene00195374.,0,0,0
WBGene00195375.,0,0,0
WBGene00195376.,0,0,0
WBGene00195377.,0,0,0
WBGene00195378.,0,9,9
WBGene00195379.,0,0,0
WBGene00195380.,0,0,0
WBGene00195381.,0,1,1
WBGene00195382.,0,4,4
WBGene00195383.,0,0,0
WBGene00195384.,0,0,0
WBGene00195385.,0,0,0
WBGene00195386.,0,2,2
WBGene00195387.,0,1,1
WBGene00195388.,0,2,2
WBGene00195389.,0,4,4
WBGene00195390.,0,4,4
WBGene00195391.,0,4,4
WBGene00195392.,0,3,3
WBGene00195393.,0,0,0
WBGene00195394.,0,1,1
WBGene00195395.,0,0,0
WBGene00195396.,0,1,1
WBGene00195397.,0,1,1
WBGene00195398.,0,5,5
WBGene00195399.,0,2,2
WBGene00195400.,0,12,12
WBGene00195401.,0,0,0
WBGene00195402.,0,2,2
WBGene00195403.,0,2,2
WBGene00195404.,0,0,0
WBGene00195405.,0,15,15
WBGene00195406.,0,2,2
WBGene00195407.,0,0,0
WBGene00195408.,0,2,2
WBGene00195409.,0,0,0
WBGene00195410.,0,0,0
WBGene00195411.,0,0,0
WBGene00195412.,0,1,1
WBGene00195413.,0,0,0
WBGene00195414.,0,4,4
WBGene00195415.,0,0,0
WBGene00195416.,0,7,7
WBGene00195417.,0,6,6
WBGene00195418.,0,2,2
WBGene00195419.,0,0,0
WBGene00195420.,0,0,0
WBGene00195421.,0,8,8
WBGene00195422.,0,0,0
WBGene00195423.,0,2,2
WBGene00195424.,0,2,2
WBGene00195425.,0,0,0
WBGene00195426.,0,6,6
WBGene00195427.,0,2,2
WBGene00195428.,0,1,1
WBGene00195429.,0,4,4
WBGene00195430.,0,0,0
WBGene00195431.,0,0,0
WBGene00195432.,0,0,0
WBGene00195433.,0,0,0
WBGene00195434.,0,0,0
WBGene00195435.,0,0,0
WBGene00195436.,0,32,32
WBGene00195437.,0,0,0
WBGene00195438.,0,6,6
WBGene00195439.,0,0,0
WBGene00195440.,0,3,3
WBGene00195441.,0,11,11
WBGene00195442.,0,2,2
WBGene00195443.,0,0,0
WBGene00195444.,0,1,1
WBGene00195445.,0,0,0
WBGene00195446.,0,0,0
WBGene00195447.,0,1,1
WBGene00195448.,0,4,4
WBGene00195449.,0,0,0
WBGene00195450.,0,2,2
WBGene00195451.,0,0,0
WBGene00195452.,0,0,0
WBGene00195453.,0,57,57
WBGene00195454.,0,57,57
WBGene00195455.,0,0,0
WBGene00195456.,0,2,2
WBGene00195457.,0,0,0
WBGene00195458.,0,0,0
WBGene00195459.,0,0,0
WBGene00195460.,0,0,0
WBGene00195461.,0,0,0
WBGene00195462.,0,0,0
WBGene00195463.,0,0,0
WBGene00195464.,0,0,0
WBGene00195465.,0,0,0
WBGene00195466.,0,0,0
WBGene00195467.,0,0,0
WBGene00195468.,0,2,2
WBGene00195469.,0,0,0
WBGene00195470.,0,3,3
WBGene00195471.,0,4,4
WBGene00195472.,0,3,3
WBGene00195473.,0,4,4
WBGene00195474.,0,5,5
WBGene00195475.,0,0,0
WBGene00195476.,0,0,0
WBGene00195477.,0,0,0
WBGene00195478.,0,1,1
WBGene00195479.,0,1,1
WBGene00195480.,0,4,4
WBGene00195481.,0,0,0
WBGene00195482.,0,0,0
WBGene00195483.,0,1,1
WBGene00195484.,0,18,18
WBGene00195485.,0,1,1
WBGene00195486.,0,3,3
WBGene00195487.,0,1,1
WBGene00195488.,0,0,0
WBGene00195489.,0,0,0
WBGene00195490.,0,2,2
WBGene00195491.,0,7,7
WBGene00195492.,0,0,0
WBGene00195493.,0,4,4
WBGene00195494.,0,3,3
WBGene00195495.,0,36,36
WBGene00195496.,0,1,1
WBGene00195497.,0,1,1
WBGene00195498.,0,0,0
WBGene00195499.,0,1,1
WBGene00195500.,0,3,3
WBGene00195501.,0,5,5
WBGene00195502.,0,0,0
WBGene00195503.,0,0,0
WBGene00195504.,0,1,1
WBGene00195505.,0,0,0
WBGene00195506.,0,0,0
WBGene00195507.,0,0,0
WBGene00195508.,0,0,0
WBGene00195509.,0,1,1
WBGene00195510.,0,1,1
WBGene00195511.,0,1,1
WBGene00195512.,0,8,8
WBGene00195513.,0,4,4
WBGene00195514.,0,1,1
WBGene00195515.,0,4,4
WBGene00195516.,0,0,0
WBGene00195517.,0,0,0
WBGene00195518.,0,2,2
WBGene00195519.,0,0,0
WBGene00195520.,0,12,12
WBGene00195521.,0,2,2
WBGene00195522.,0,0,0
WBGene00195523.,0,0,0
WBGene00195524.,0,0,0
WBGene00195525.,0,2,2
WBGene00195526.,0,0,0
WBGene00195527.,0,0,0
WBGene00195528.,0,1,1
WBGene00195529.,0,1,1
WBGene00195530.,0,0,0
WBGene00195531.,0,4,4
WBGene00195532.,0,1,1
WBGene00195533.,0,0,0
WBGene00195534.,0,1,1
WBGene00195535.,0,0,0
WBGene00195536.,0,5,5
WBGene00195537.,0,0,0
WBGene00195538.,0,0,0
WBGene00195539.,0,0,0
WBGene00195540.,0,0,0
WBGene00195541.,0,1,1
WBGene00195542.,0,69,69
WBGene00195543.,0,11,11
WBGene00195544.,0,0,0
WBGene00195545.,0,0,0
WBGene00195546.,0,0,0
WBGene00195547.,0,0,0
WBGene00195548.,0,1,1
WBGene00195549.,0,1,1
WBGene00195550.,0,5,5
WBGene00195551.,0,2,2
WBGene00195552.,0,23,23
WBGene00195553.,0,0,0
WBGene00195554.,0,0,0
WBGene00195555.,0,4,4
WBGene00195556.,0,2,2
WBGene00195557.,0,0,0
WBGene00195558.,0,0,0
WBGene00195559.,0,5,5
WBGene00195560.,0,0,0
WBGene00195561.,0,20,20
WBGene00195562.,0,1,1
WBGene00195563.,0,7,7
WBGene00195564.,0,6,6
WBGene00195565.,0,0,0
WBGene00195566.,0,3,3
WBGene00195567.,0,0,0
WBGene00195568.,0,5,5
WBGene00195569.,0,0,0
WBGene00195570.,0,13,13
WBGene00195571.,0,0,0
WBGene00195572.,0,3,3
WBGene00195573.,0,0,0
WBGene00195574.,0,19,19
WBGene00195575.,0,5,5
WBGene00195576.,0,1,1
WBGene00195577.,0,0,0
WBGene00195578.,0,6,6
WBGene00195579.,0,0,0
WBGene00195580.,0,1,1
WBGene00195581.,0,0,0
WBGene00195582.,0,0,0
WBGene00195583.,0,0,0
WBGene00195584.,0,1,1
WBGene00195585.,0,3,3
WBGene00195586.,0,33,33
WBGene00195587.,0,0,0
WBGene00195588.,0,65,65
WBGene00195589.,0,0,0
WBGene00195590.,0,25,25
WBGene00195591.,0,5,5
WBGene00195592.,0,0,0
WBGene00195593.,0,2,2
WBGene00195594.,0,1,1
WBGene00195595.,0,0,0
WBGene00195596.,0,3,3
WBGene00195597.,0,0,0
WBGene00195598.,0,0,0
WBGene00195599.,0,1,1
WBGene00195600.,0,0,0
WBGene00195601.,0,8,8
WBGene00195602.,0,0,0
WBGene00195603.,0,0,0
WBGene00195604.,0,0,0
WBGene00195605.,0,0,0
WBGene00195606.,0,5,5
WBGene00195607.,0,0,0
WBGene00195608.,0,0,0
WBGene00195609.,0,0,0
WBGene00195610.,0,0,0
WBGene00195611.,0,1,1
WBGene00195612.,0,0,0
WBGene00195613.,0,3,3
WBGene00195614.,0,1,1
WBGene00195615.,0,13,13
WBGene00195616.,0,15,15
WBGene00195617.,0,0,0
WBGene00195618.,0,2,2
WBGene00195619.,0,0,0
WBGene00195620.,0,0,0
WBGene00195621.,0,4,4
WBGene00195622.,0,3,3
WBGene00195623.,0,24,24
WBGene00195624.,0,0,0
WBGene00195625.,0,0,0
WBGene00195626.,0,1,1
WBGene00195627.,0,0,0
WBGene00195628.,0,2,2
WBGene00195629.,0,0,0
WBGene00195630.,0,13,13
WBGene00195631.,0,0,0
WBGene00195632.,0,0,0
WBGene00195633.,0,0,0
WBGene00195634.,0,0,0
WBGene00195635.,0,3,3
WBGene00195636.,0,7,7
WBGene00195637.,0,0,0
WBGene00195638.,0,0,0
WBGene00195639.,0,4,4
WBGene00195640.,0,0,0
WBGene00195641.,0,1,1
WBGene00195642.,0,2,2
WBGene00195643.,0,0,0
WBGene00195644.,0,0,0
WBGene00195645.,0,1,1
WBGene00195646.,0,2,2
WBGene00195647.,0,24,24
WBGene00195648.,0,53,53
WBGene00195649.,0,0,0
WBGene00195650.,0,3,3
WBGene00195651.,0,2,2
WBGene00195652.,0,0,0
WBGene00195653.,0,0,0
WBGene00195654.,0,0,0
WBGene00195655.,0,1,1
WBGene00195656.,0,20,20
WBGene00195657.,0,0,0
WBGene00195658.,0,0,0
WBGene00195659.,0,6,6
WBGene00195660.,0,0,0
WBGene00195661.,0,4,4
WBGene00195662.,0,1,1
WBGene00195663.,0,0,0
WBGene00195664.,0,2,2
WBGene00195665.,0,1,1
WBGene00195666.,0,6,6
WBGene00195667.,0,0,0
WBGene00195668.,0,0,0
WBGene00195669.,0,0,0
WBGene00195670.,0,3,3
WBGene00195671.,0,0,0
WBGene00195672.,0,0,0
WBGene00195673.,0,0,0
WBGene00195674.,0,1,1
WBGene00195675.,0,0,0
WBGene00195676.,0,0,0
WBGene00195677.,0,1,1
WBGene00195678.,0,0,0
WBGene00195679.,0,0,0
WBGene00195680.,0,0,0
WBGene00195681.,0,0,0
WBGene00195682.,0,0,0
WBGene00195683.,0,1,1
WBGene00195684.,0,2,2
WBGene00195685.,0,6,6
WBGene00195686.,0,0,0
WBGene00195687.,0,13,13
WBGene00195688.,0,0,0
WBGene00195689.,0,8,8
WBGene00195690.,0,0,0
WBGene00195691.,0,8,8
WBGene00195692.,0,0,0
WBGene00195693.,0,27,27
WBGene00195694.,0,5,5
WBGene00195695.,0,0,0
WBGene00195696.,0,0,0
WBGene00195697.,0,1,1
WBGene00195698.,0,0,0
WBGene00195699.,0,0,0
WBGene00195700.,0,1,1
WBGene00195701.,0,1,1
WBGene00195702.,0,0,0
WBGene00195703.,0,0,0
WBGene00195704.,0,2,2
WBGene00195705.,0,27,27
WBGene00195706.,0,0,0
WBGene00195707.,0,0,0
WBGene00195708.,0,7,7
WBGene00195709.,0,1,1
WBGene00195710.,0,1,1
WBGene00195711.,0,0,0
WBGene00195712.,0,8,8
WBGene00195713.,0,12,12
WBGene00195714.,0,1,1
WBGene00195715.,0,0,0
WBGene00195716.,0,10,10
WBGene00195717.,0,3,3
WBGene00195718.,0,5,5
WBGene00195719.,0,1,1
WBGene00195720.,0,5,5
WBGene00195721.,0,0,0
WBGene00195722.,0,4,4
WBGene00195723.,0,14,14
WBGene00195724.,0,1,1
WBGene00195725.,0,2,2
WBGene00195726.,0,0,0
WBGene00195727.,0,0,0
WBGene00195728.,0,221,221
WBGene00195729.,0,0,0
WBGene00195730.,0,0,0
WBGene00195731.,0,11,11
WBGene00195732.,0,4,4
WBGene00195733.,0,0,0
WBGene00195734.,0,2,2
WBGene00195735.,0,5,5
WBGene00195736.,0,0,0
WBGene00195737.,0,5,5
WBGene00195738.,0,0,0
WBGene00195739.,0,4,4
WBGene00195740.,0,7,7
WBGene00195741.,0,0,0
WBGene00195742.,0,0,0
WBGene00195743.,0,1,1
WBGene00195744.,0,3,3
WBGene00195745.,0,0,0
WBGene00195746.,0,2,2
WBGene00195747.,0,2,2
WBGene00195748.,0,0,0
WBGene00195749.,0,0,0
WBGene00195750.,0,0,0
WBGene00195751.,0,0,0
WBGene00195752.,0,12,12
WBGene00195753.,0,0,0
WBGene00195754.,0,3,3
WBGene00195755.,0,0,0
WBGene00195756.,0,0,0
WBGene00195757.,0,0,0
WBGene00195758.,0,1,1
WBGene00195759.,0,1,1
WBGene00195760.,0,0,0
WBGene00195761.,0,8,8
WBGene00195762.,0,6,6
WBGene00195763.,0,0,0
WBGene00195764.,0,0,0
WBGene00195765.,0,3,3
WBGene00195766.,0,3,3
WBGene00195767.,0,3,3
WBGene00195768.,0,1,1
WBGene00195769.,0,7,7
WBGene00195770.,0,6,6
WBGene00195771.,0,0,0
WBGene00195772.,0,0,0
WBGene00195773.,0,2,2
WBGene00195774.,0,0,0
WBGene00195775.,0,25,25
WBGene00195776.,0,11,11
WBGene00195777.,0,4,4
WBGene00195778.,0,0,0
WBGene00195779.,0,0,0
WBGene00195780.,0,1,1
WBGene00195781.,0,0,0
WBGene00195782.,0,27,27
WBGene00195783.,0,2,2
WBGene00195784.,0,31,31
WBGene00195785.,0,47,47
WBGene00195786.,0,4,4
WBGene00195787.,0,6,6
WBGene00195788.,0,0,0
WBGene00195789.,0,1,1
WBGene00195790.,0,2,2
WBGene00195791.,0,7,7
WBGene00195792.,0,2,2
WBGene00195793.,0,4,4
WBGene00195794.,0,0,0
WBGene00195795.,0,4,4
WBGene00195796.,0,0,0
WBGene00195797.,0,0,0
WBGene00195798.,0,0,0
WBGene00195799.,0,1,1
WBGene00195800.,0,0,0
WBGene00195801.,0,9,9
WBGene00195802.,0,1,1
WBGene00195803.,0,2,2
WBGene00195804.,0,3,3
WBGene00195805.,0,2,2
WBGene00195806.,0,4,4
WBGene00195807.,0,4,4
WBGene00195808.,0,2,2
WBGene00195809.,0,0,0
WBGene00195810.,0,10,10
WBGene00195811.,0,7,7
WBGene00195812.,0,0,0
WBGene00195813.,0,0,0
WBGene00195814.,0,18,18
WBGene00195815.,0,0,0
WBGene00195816.,0,0,0
WBGene00195817.,0,1,1
WBGene00195818.,0,2,2
WBGene00195819.,0,17,17
WBGene00195820.,0,36,36
WBGene00195821.,0,0,0
WBGene00195822.,0,1,1
WBGene00195823.,0,6,6
WBGene00195824.,0,7,7
WBGene00195825.,0,0,0
WBGene00195826.,0,57,57
WBGene00195827.,0,0,0
WBGene00195828.,0,0,0
WBGene00195829.,0,0,0
WBGene00195830.,0,0,0
WBGene00195831.,0,0,0
WBGene00195832.,0,0,0
WBGene00195833.,0,16,16
WBGene00195834.,0,1,1
WBGene00195835.,0,0,0
WBGene00195836.,0,1,1
WBGene00195837.,0,0,0
WBGene00195838.,0,2,2
WBGene00195839.,0,1,1
WBGene00195840.,0,22,22
WBGene00195841.,0,0,0
WBGene00195842.,0,0,0
WBGene00195843.,0,4,4
WBGene00195844.,0,0,0
WBGene00195845.,0,1,1
WBGene00195846.,0,0,0
WBGene00195847.,0,0,0
WBGene00195848.,0,4,4
WBGene00195849.,0,0,0
WBGene00195850.,0,5,5
WBGene00195851.,0,2,2
WBGene00195852.,0,1,1
WBGene00195853.,0,10,10
WBGene00195854.,0,0,0
WBGene00195855.,0,2,2
WBGene00195856.,0,1,1
WBGene00195857.,0,0,0
WBGene00195858.,0,0,0
WBGene00195859.,0,12,12
WBGene00195860.,0,0,0
WBGene00195861.,0,1,1
WBGene00195862.,0,2,2
WBGene00195863.,0,1,1
WBGene00195864.,0,2,2
WBGene00195865.,0,2,2
WBGene00195866.,0,3,3
WBGene00195867.,0,0,0
WBGene00195868.,0,8,8
WBGene00195869.,0,0,0
WBGene00195870.,0,0,0
WBGene00195871.,0,10,10
WBGene00195872.,0,0,0
WBGene00195873.,0,4,4
WBGene00195874.,0,0,0
WBGene00195875.,0,0,0
WBGene00195876.,0,1,1
WBGene00195877.,0,3,3
WBGene00195878.,0,1,1
WBGene00195879.,0,2,2
WBGene00195880.,0,2,2
WBGene00195881.,0,0,0
WBGene00195882.,0,53,53
WBGene00195883.,0,1,1
WBGene00195884.,0,2,2
WBGene00195885.,0,6,6
WBGene00195886.,0,7,7
WBGene00195887.,0,50,50
WBGene00195888.,0,0,0
WBGene00195889.,0,47,47
WBGene00195890.,0,0,0
WBGene00195891.,0,5,5
WBGene00195892.,0,0,0
WBGene00195893.,0,3,3
WBGene00195894.,0,0,0
WBGene00195895.,0,0,0
WBGene00195896.,0,5,5
WBGene00195897.,0,5,5
WBGene00195898.,0,0,0
WBGene00195899.,0,7,7
WBGene00195900.,0,2,2
WBGene00195901.,0,0,0
WBGene00195902.,0,0,0
WBGene00195903.,0,0,0
WBGene00195904.,0,0,0
WBGene00195905.,0,0,0
WBGene00195906.,0,0,0
WBGene00195907.,0,4,4
WBGene00195908.,0,0,0
WBGene00195909.,0,10,10
WBGene00195910.,0,20,20
WBGene00195911.,0,1,1
WBGene00195912.,0,1,1
WBGene00195913.,0,0,0
WBGene00195914.,0,87,87
WBGene00195915.,0,2,2
WBGene00195916.,0,0,0
WBGene00195917.,0,0,0
WBGene00195918.,0,0,0
WBGene00195919.,0,7,7
WBGene00195920.,0,0,0
WBGene00195921.,0,118,118
WBGene00195922.,0,0,0
WBGene00195923.,0,1,1
WBGene00195924.,0,0,0
WBGene00195925.,0,0,0
WBGene00195926.,0,0,0
WBGene00195927.,0,2,2
WBGene00195928.,0,0,0
WBGene00195929.,0,1,1
WBGene00195930.,0,4,4
WBGene00195931.,0,0,0
WBGene00195932.,0,1,1
WBGene00195933.,0,0,0
WBGene00195934.,0,1,1
WBGene00195935.,0,20,20
WBGene00195936.,0,0,0
WBGene00195937.,0,0,0
WBGene00195938.,0,0,0
WBGene00195939.,0,5,5
WBGene00195940.,0,3,3
WBGene00195941.,0,2,2
WBGene00195942.,0,0,0
WBGene00195943.,0,0,0
WBGene00195944.,0,1,1
WBGene00195945.,0,0,0
WBGene00195946.,0,0,0
WBGene00195947.,0,33,33
WBGene00195948.,0,0,0
WBGene00195949.,0,0,0
WBGene00195950.,0,1,1
WBGene00195951.,0,0,0
WBGene00195952.,0,4,4
WBGene00195953.,0,1,1
WBGene00195954.,0,3,3
WBGene00195955.,0,0,0
WBGene00195956.,0,0,0
WBGene00195957.,0,2,2
WBGene00195958.,0,0,0
WBGene00195959.,0,1,1
WBGene00195960.,0,0,0
WBGene00195961.,0,11,11
WBGene00195962.,0,0,0
WBGene00195963.,0,1,1
WBGene00195964.,0,0,0
WBGene00195965.,0,0,0
WBGene00195966.,0,4,4
WBGene00195967.,0,0,0
WBGene00195968.,0,1,1
WBGene00195969.,0,0,0
WBGene00195970.,0,1,1
WBGene00195971.,0,2,2
WBGene00195972.,0,0,0
WBGene00195973.,0,9,9
WBGene00195974.,0,0,0
WBGene00195975.,0,4,4
WBGene00195976.,0,2,2
WBGene00195977.,0,0,0
WBGene00195978.,0,1,1
WBGene00195979.,0,73,73
WBGene00195980.,0,0,0
WBGene00195981.,0,2,2
WBGene00195982.,0,0,0
WBGene00195983.,0,3,3
WBGene00195984.,0,2,2
WBGene00195985.,0,0,0
WBGene00195986.,0,0,0
WBGene00195987.,0,1,1
WBGene00195988.,0,7,7
WBGene00195989.,0,7,7
WBGene00195990.,0,14,14
WBGene00195991.,0,0,0
WBGene00195992.,0,18,18
WBGene00195993.,0,2,2
WBGene00195994.,0,0,0
WBGene00195995.,0,6,6
WBGene00195996.,0,0,0
WBGene00195997.,0,0,0
WBGene00195998.,0,0,0
WBGene00195999.,0,0,0
WBGene00196000.,0,0,0
WBGene00196001.,0,1,1
WBGene00196002.,0,9,9
WBGene00196003.,0,4,4
WBGene00196004.,0,2,2
WBGene00196005.,0,49,49
WBGene00196006.,0,0,0
WBGene00196007.,0,1,1
WBGene00196008.,0,3,3
WBGene00196009.,0,0,0
WBGene00196010.,0,0,0
WBGene00196011.,0,1,1
WBGene00196012.,0,0,0
WBGene00196013.,0,2,2
WBGene00196014.,0,0,0
WBGene00196015.,0,0,0
WBGene00196016.,0,0,0
WBGene00196017.,0,0,0
WBGene00196018.,0,0,0
WBGene00196019.,0,1,1
WBGene00196020.,0,2,2
WBGene00196021.,0,3,3
WBGene00196022.,0,0,0
WBGene00196023.,0,4,4
WBGene00196024.,0,5,5
WBGene00196025.,0,8,8
WBGene00196026.,0,9,9
WBGene00196027.,0,0,0
WBGene00196028.,0,0,0
WBGene00196029.,0,1,1
WBGene00196030.,0,0,0
WBGene00196031.,0,0,0
WBGene00196032.,0,0,0
WBGene00196033.,0,0,0
WBGene00196034.,0,4,4
WBGene00196035.,0,0,0
WBGene00196036.,0,3,3
WBGene00196037.,0,0,0
WBGene00196038.,0,2,2
WBGene00196039.,0,0,0
WBGene00196040.,0,0,0
WBGene00196041.,0,1,1
WBGene00196042.,0,0,0
WBGene00196043.,0,0,0
WBGene00196044.,0,3,3
WBGene00196045.,0,7,7
WBGene00196046.,0,4,4
WBGene00196047.,0,0,0
WBGene00196048.,0,2,2
WBGene00196049.,0,4,4
WBGene00196050.,0,1,1
WBGene00196051.,0,2,2
WBGene00196052.,0,19,19
WBGene00196053.,0,8,8
WBGene00196054.,0,1,1
WBGene00196055.,0,0,0
WBGene00196056.,0,0,0
WBGene00196057.,0,3,3
WBGene00196058.,0,0,0
WBGene00196059.,0,0,0
WBGene00196060.,0,0,0
WBGene00196061.,0,0,0
WBGene00196062.,0,0,0
WBGene00196063.,0,2,2
WBGene00196064.,0,8,8
WBGene00196065.,0,0,0
WBGene00196066.,0,0,0
WBGene00196067.,0,12,12
WBGene00196068.,0,0,0
WBGene00196069.,0,15,15
WBGene00196070.,0,3,3
WBGene00196071.,0,21,21
WBGene00196072.,0,57,57
WBGene00196073.,0,3,3
WBGene00196074.,0,0,0
WBGene00196075.,0,0,0
WBGene00196076.,0,2,2
WBGene00196077.,0,12,12
WBGene00196078.,0,6,6
WBGene00196079.,0,1,1
WBGene00196080.,0,1,1
WBGene00196081.,0,2,2
WBGene00196082.,0,0,0
WBGene00196083.,0,0,0
WBGene00196084.,0,0,0
WBGene00196085.,0,0,0
WBGene00196086.,0,0,0
WBGene00196087.,0,0,0
WBGene00196088.,0,22,22
WBGene00196089.,0,1,1
WBGene00196090.,0,5,5
WBGene00196091.,0,18,18
WBGene00196092.,0,9,9
WBGene00196093.,0,1,1
WBGene00196094.,0,0,0
WBGene00196095.,0,0,0
WBGene00196096.,0,8,8
WBGene00196097.,0,1,1
WBGene00196098.,0,0,0
WBGene00196099.,0,2,2
WBGene00196100.,0,5,5
WBGene00196101.,0,0,0
WBGene00196102.,0,1,1
WBGene00196103.,0,4,4
WBGene00196104.,0,1,1
WBGene00196105.,0,6,6
WBGene00196106.,0,5,5
WBGene00196107.,0,0,0
WBGene00196108.,0,5,5
WBGene00196109.,0,2,2
WBGene00196110.,0,1,1
WBGene00196111.,0,1,1
WBGene00196112.,0,0,0
WBGene00196113.,0,15,15
WBGene00196114.,0,4,4
WBGene00196115.,0,0,0
WBGene00196116.,0,0,0
WBGene00196117.,0,5,5
WBGene00196118.,0,2,2
WBGene00196119.,0,4,4
WBGene00196120.,0,0,0
WBGene00196121.,0,2,2
WBGene00196122.,0,0,0
WBGene00196123.,0,8,8
WBGene00196124.,0,3,3
WBGene00196125.,0,7,7
WBGene00196126.,0,0,0
WBGene00196127.,0,0,0
WBGene00196128.,0,0,0
WBGene00196129.,0,3,3
WBGene00196130.,0,0,0
WBGene00196131.,0,0,0
WBGene00196132.,0,0,0
WBGene00196133.,0,0,0
WBGene00196134.,0,0,0
WBGene00196135.,0,0,0
WBGene00196136.,0,0,0
WBGene00196137.,0,0,0
WBGene00196138.,0,8,8
WBGene00196139.,0,5,5
WBGene00196140.,0,0,0
WBGene00196141.,0,9,9
WBGene00196142.,0,1,1
WBGene00196143.,0,0,0
WBGene00196144.,0,0,0
WBGene00196145.,0,1,1
WBGene00196146.,0,2,2
WBGene00196147.,0,7,7
WBGene00196148.,0,2,2
WBGene00196149.,0,19,19
WBGene00196150.,0,23,23
WBGene00196151.,0,0,0
WBGene00196152.,0,1,1
WBGene00196153.,0,0,0
WBGene00196154.,0,1,1
WBGene00196155.,0,4,4
WBGene00196156.,0,1,1
WBGene00196157.,0,0,0
WBGene00196158.,0,0,0
WBGene00196159.,0,2,2
WBGene00196160.,0,0,0
WBGene00196161.,0,0,0
WBGene00196162.,0,0,0
WBGene00196163.,0,0,0
WBGene00196164.,0,4,4
WBGene00196165.,0,0,0
WBGene00196166.,0,0,0
WBGene00196167.,0,0,0
WBGene00196168.,0,0,0
WBGene00196169.,0,0,0
WBGene00196170.,0,5,5
WBGene00196171.,0,3,3
WBGene00196172.,0,0,0
WBGene00196173.,0,2,2
WBGene00196174.,0,3,3
WBGene00196175.,0,0,0
WBGene00196176.,0,0,0
WBGene00196177.,0,0,0
WBGene00196178.,0,4,4
WBGene00196179.,0,0,0
WBGene00196180.,0,9,9
WBGene00196181.,0,4,4
WBGene00196182.,0,0,0
WBGene00196183.,0,0,0
WBGene00196184.,0,10,10
WBGene00196185.,0,0,0
WBGene00196186.,0,0,0
WBGene00196187.,0,0,0
WBGene00196188.,0,0,0
WBGene00196189.,0,7,7
WBGene00196190.,0,0,0
WBGene00196191.,0,0,0
WBGene00196192.,0,2,2
WBGene00196193.,0,1,1
WBGene00196194.,0,1,1
WBGene00196195.,0,1,1
WBGene00196196.,0,0,0
WBGene00196197.,0,0,0
WBGene00196198.,0,7,7
WBGene00196199.,0,1,1
WBGene00196200.,0,0,0
WBGene00196201.,0,1,1
WBGene00196202.,0,11,11
WBGene00196203.,0,0,0
WBGene00196204.,0,14,14
WBGene00196205.,0,0,0
WBGene00196206.,0,4,4
WBGene00196207.,0,0,0
WBGene00196208.,0,1,1
WBGene00196209.,0,1,1
WBGene00196210.,0,0,0
WBGene00196211.,0,2,2
WBGene00196212.,0,0,0
WBGene00196213.,0,0,0
WBGene00196214.,0,0,0
WBGene00196215.,0,0,0
WBGene00196216.,0,0,0
WBGene00196217.,0,1,1
WBGene00196218.,0,0,0
WBGene00196219.,0,8,8
WBGene00196220.,0,0,0
WBGene00196221.,0,0,0
WBGene00196222.,0,0,0
WBGene00196223.,0,15,15
WBGene00196224.,0,2,2
WBGene00196225.,0,5,5
WBGene00196226.,0,4,4
WBGene00196227.,0,1,1
WBGene00196228.,0,0,0
WBGene00196229.,0,0,0
WBGene00196230.,0,0,0
WBGene00196231.,0,0,0
WBGene00196232.,0,0,0
WBGene00196233.,0,0,0
WBGene00196234.,0,1,1
WBGene00196235.,0,23,23
WBGene00196236.,0,3,3
WBGene00196237.,0,11,11
WBGene00196238.,0,1,1
WBGene00196239.,0,1,1
WBGene00196240.,0,25,25
WBGene00196241.,0,0,0
WBGene00196242.,0,0,0
WBGene00196243.,0,0,0
WBGene00196244.,0,0,0
WBGene00196245.,0,0,0
WBGene00196246.,0,2,2
WBGene00196247.,0,0,0
WBGene00196248.,0,1,1
WBGene00196249.,0,0,0
WBGene00196250.,0,4,4
WBGene00196251.,0,0,0
WBGene00196252.,0,9,9
WBGene00196253.,0,0,0
WBGene00196254.,0,9,9
WBGene00196255.,0,2,2
WBGene00196256.,0,0,0
WBGene00196257.,0,60,60
WBGene00196258.,0,1,1
WBGene00196259.,0,0,0
WBGene00196260.,0,1,1
WBGene00196261.,0,0,0
WBGene00196262.,0,0,0
WBGene00196263.,0,1,1
WBGene00196264.,0,20,20
WBGene00196265.,0,3,3
WBGene00196266.,0,2,2
WBGene00196267.,0,2,2
WBGene00196268.,0,0,0
WBGene00196269.,0,0,0
WBGene00196270.,0,5,5
WBGene00196271.,0,1,1
WBGene00196272.,0,0,0
WBGene00196273.,0,2,2
WBGene00196274.,0,0,0
WBGene00196275.,0,1,1
WBGene00196276.,0,0,0
WBGene00196277.,0,1,1
WBGene00196278.,0,2,2
WBGene00196279.,0,0,0
WBGene00196280.,0,1,1
WBGene00196281.,0,0,0
WBGene00196282.,0,3,3
WBGene00196283.,0,0,0
WBGene00196284.,0,0,0
WBGene00196285.,0,14,14
WBGene00196286.,0,5,5
WBGene00196287.,0,2,2
WBGene00196288.,0,9,9
WBGene00196289.,0,15,15
WBGene00196290.,0,27,27
WBGene00196291.,0,0,0
WBGene00196292.,0,0,0
WBGene00196293.,0,0,0
WBGene00196294.,0,5,5
WBGene00196295.,0,0,0
WBGene00196296.,0,0,0
WBGene00196297.,0,0,0
WBGene00196298.,0,1,1
WBGene00196299.,0,0,0
WBGene00196300.,0,20,20
WBGene00196301.,0,2,2
WBGene00196302.,0,0,0
WBGene00196303.,0,4,4
WBGene00196304.,0,0,0
WBGene00196305.,0,1,1
WBGene00196306.,0,2,2
WBGene00196307.,0,30,30
WBGene00196308.,0,5,5
WBGene00196309.,0,3,3
WBGene00196310.,0,0,0
WBGene00196311.,0,0,0
WBGene00196312.,0,0,0
WBGene00196313.,0,0,0
WBGene00196314.,0,0,0
WBGene00196315.,0,11,11
WBGene00196316.,0,15,15
WBGene00196317.,0,0,0
WBGene00196318.,0,1,1
WBGene00196319.,0,2,2
WBGene00196320.,0,0,0
WBGene00196321.,0,0,0
WBGene00196322.,0,15,15
WBGene00196323.,0,0,0
WBGene00196324.,0,0,0
WBGene00196325.,0,0,0
WBGene00196326.,0,0,0
WBGene00196327.,0,17,17
WBGene00196328.,0,0,0
WBGene00196329.,0,0,0
WBGene00196330.,0,0,0
WBGene00196331.,0,4,4
WBGene00196332.,0,0,0
WBGene00196333.,0,0,0
WBGene00196334.,0,27,27
WBGene00196335.,0,1,1
WBGene00196336.,0,2,2
WBGene00196337.,0,0,0
WBGene00196338.,0,4,4
WBGene00196339.,0,0,0
WBGene00196340.,0,21,21
WBGene00196341.,0,0,0
WBGene00196342.,0,0,0
WBGene00196343.,0,0,0
WBGene00196344.,0,9,9
WBGene00196345.,0,0,0
WBGene00196346.,0,5,5
WBGene00196347.,0,0,0
WBGene00196348.,0,0,0
WBGene00196349.,0,0,0
WBGene00196350.,0,0,0
WBGene00196351.,0,0,0
WBGene00196352.,0,1,1
WBGene00196353.,0,0,0
WBGene00196354.,0,4,4
WBGene00196355.,0,3,3
WBGene00196356.,0,0,0
WBGene00196357.,0,0,0
WBGene00196358.,0,0,0
WBGene00196359.,0,0,0
WBGene00196360.,0,0,0
WBGene00196361.,0,1,1
WBGene00196362.,0,0,0
WBGene00196363.,0,0,0
WBGene00196364.,0,1,1
WBGene00196365.,0,0,0
WBGene00196366.,0,3,3
WBGene00196367.,0,0,0
WBGene00196368.,0,0,0
WBGene00196369.,0,2,2
WBGene00196370.,0,0,0
WBGene00196371.,0,0,0
WBGene00196372.,0,0,0
WBGene00196373.,0,1,1
WBGene00196374.,0,15,15
WBGene00196375.,0,0,0
WBGene00196376.,0,0,0
WBGene00196377.,0,1,1
WBGene00196378.,0,0,0
WBGene00196379.,0,1,1
WBGene00196380.,0,3,3
WBGene00196381.,0,0,0
WBGene00196382.,0,1,1
WBGene00196383.,0,0,0
WBGene00196384.,0,0,0
WBGene00196385.,0,0,0
WBGene00196386.,0,0,0
WBGene00196387.,0,0,0
WBGene00196388.,0,0,0
WBGene00196389.,0,0,0
WBGene00196390.,0,1,1
WBGene00196391.,0,0,0
WBGene00196392.,0,6,6
WBGene00196393.,0,6,6
WBGene00196394.,0,0,0
WBGene00196395.,0,0,0
WBGene00196396.,0,10747,10747
WBGene00196397.,0,0,0
WBGene00196398.,0,2,2
WBGene00196399.,0,0,0
WBGene00196400.,0,0,0
WBGene00196401.,0,3,3
WBGene00196402.,0,2,2
WBGene00196403.,0,9,9
WBGene00196404.,0,1,1
WBGene00196405.,0,0,0
WBGene00196406.,0,7,7
WBGene00196407.,0,9,9
WBGene00196408.,0,1,1
WBGene00196409.,0,5,5
WBGene00196410.,0,0,0
WBGene00196411.,0,1,1
WBGene00196412.,0,0,0
WBGene00196413.,0,0,0
WBGene00196414.,0,1,1
WBGene00196415.,0,0,0
WBGene00196416.,0,0,0
WBGene00196417.,0,13,13
WBGene00196418.,0,7,7
WBGene00196419.,0,2,2
WBGene00196420.,0,2,2
WBGene00196421.,0,6,6
WBGene00196422.,0,4,4
WBGene00196423.,0,6,6
WBGene00196424.,0,0,0
WBGene00196425.,0,1,1
WBGene00196426.,0,0,0
WBGene00196427.,0,2,2
WBGene00196428.,0,3,3
WBGene00196429.,0,6,6
WBGene00196430.,0,5,5
WBGene00196431.,0,1,1
WBGene00196432.,0,2,2
WBGene00196433.,0,0,0
WBGene00196434.,0,0,0
WBGene00196435.,0,0,0
WBGene00196436.,0,1,1
WBGene00196437.,0,3,3
WBGene00196438.,0,0,0
WBGene00196439.,0,0,0
WBGene00196440.,0,1,1
WBGene00196441.,0,5,5
WBGene00196442.,0,0,0
WBGene00196443.,0,44,44
WBGene00196444.,0,2,2
WBGene00196445.,0,6,6
WBGene00196446.,0,2,2
WBGene00196447.,0,0,0
WBGene00196448.,0,0,0
WBGene00196449.,0,3,3
WBGene00196450.,0,0,0
WBGene00196451.,0,0,0
WBGene00196452.,0,1,1
WBGene00196453.,0,7,7
WBGene00196454.,0,2,2
WBGene00196455.,0,0,0
WBGene00196456.,0,0,0
WBGene00196457.,0,2,2
WBGene00196458.,0,1,1
WBGene00196459.,0,0,0
WBGene00196460.,0,0,0
WBGene00196461.,0,0,0
WBGene00196462.,0,2,2
WBGene00196463.,0,0,0
WBGene00196464.,0,0,0
WBGene00196465.,0,6,6
WBGene00196466.,0,1,1
WBGene00196467.,0,1,1
WBGene00196468.,0,0,0
WBGene00196469.,0,0,0
WBGene00196470.,0,3,3
WBGene00196471.,0,3,3
WBGene00196472.,0,3,3
WBGene00196473.,0,0,0
WBGene00196474.,0,0,0
WBGene00196475.,0,0,0
WBGene00196476.,0,0,0
WBGene00196477.,0,0,0
WBGene00196478.,0,0,0
WBGene00196479.,0,0,0
WBGene00196480.,0,0,0
WBGene00196481.,0,0,0
WBGene00196482.,0,86,86
WBGene00196483.,0,1,1
WBGene00196484.,0,0,0
WBGene00196485.,0,0,0
WBGene00196486.,0,6,6
WBGene00196487.,0,0,0
WBGene00196488.,0,0,0
WBGene00196489.,0,5,5
WBGene00196490.,0,8,8
WBGene00196491.,0,3,3
WBGene00196492.,0,1,1
WBGene00196493.,0,0,0
WBGene00196494.,0,2,2
WBGene00196495.,0,0,0
WBGene00196496.,0,0,0
WBGene00196497.,0,4,4
WBGene00196498.,0,0,0
WBGene00196499.,0,7,7
WBGene00196500.,0,2,2
WBGene00196501.,0,0,0
WBGene00196502.,0,0,0
WBGene00196503.,0,0,0
WBGene00196504.,0,0,0
WBGene00196505.,0,2,2
WBGene00196506.,0,32,32
WBGene00196507.,0,10,10
WBGene00196508.,0,0,0
WBGene00196509.,0,11,11
WBGene00196510.,0,0,0
WBGene00196511.,0,1,1
WBGene00196512.,0,0,0
WBGene00196513.,0,1,1
WBGene00196514.,0,0,0
WBGene00196515.,0,1,1
WBGene00196516.,0,2,2
WBGene00196517.,0,9,9
WBGene00196518.,0,0,0
WBGene00196519.,0,0,0
WBGene00196520.,0,0,0
WBGene00196521.,0,7,7
WBGene00196522.,0,0,0
WBGene00196523.,0,30,30
WBGene00196524.,0,0,0
WBGene00196525.,0,0,0
WBGene00196526.,0,2,2
WBGene00196527.,0,1,1
WBGene00196528.,0,0,0
WBGene00196529.,0,4,4
WBGene00196530.,0,0,0
WBGene00196531.,0,2,2
WBGene00196532.,0,1,1
WBGene00196533.,0,0,0
WBGene00196534.,0,6,6
WBGene00196535.,0,0,0
WBGene00196536.,0,13,13
WBGene00196537.,0,68,68
WBGene00196538.,0,2,2
WBGene00196539.,0,0,0
WBGene00196540.,0,1,1
WBGene00196541.,0,0,0
WBGene00196542.,0,8,8
WBGene00196543.,0,0,0
WBGene00196544.,0,0,0
WBGene00196545.,0,2,2
WBGene00196546.,0,15,15
WBGene00196547.,0,4,4
WBGene00196548.,0,1,1
WBGene00196549.,0,0,0
WBGene00196550.,0,2,2
WBGene00196551.,0,0,0
WBGene00196552.,0,2,2
WBGene00196553.,0,0,0
WBGene00196554.,0,3,3
WBGene00196555.,0,0,0
WBGene00196556.,0,0,0
WBGene00196557.,0,0,0
WBGene00196558.,0,2,2
WBGene00196559.,0,1,1
WBGene00196560.,0,2,2
WBGene00196561.,0,1,1
WBGene00196562.,0,0,0
WBGene00196563.,0,7,7
WBGene00196564.,0,0,0
WBGene00196565.,0,7,7
WBGene00196566.,0,0,0
WBGene00196567.,0,6,6
WBGene00196568.,0,0,0
WBGene00196569.,0,1,1
WBGene00196570.,0,0,0
WBGene00196571.,0,0,0
WBGene00196572.,0,0,0
WBGene00196573.,0,1,1
WBGene00196574.,0,1,1
WBGene00196575.,0,5,5
WBGene00196576.,0,3,3
WBGene00196577.,0,3,3
WBGene00196578.,0,5,5
WBGene00196579.,0,2,2
WBGene00196580.,0,3,3
WBGene00196581.,0,0,0
WBGene00196582.,0,1,1
WBGene00196583.,0,2,2
WBGene00196584.,0,1,1
WBGene00196585.,0,0,0
WBGene00196586.,0,9,9
WBGene00196587.,0,0,0
WBGene00196588.,0,64,64
WBGene00196589.,0,0,0
WBGene00196590.,0,43,43
WBGene00196591.,0,9,9
WBGene00196592.,0,25,25
WBGene00196593.,0,1,1
WBGene00196594.,0,2,2
WBGene00196595.,0,0,0
WBGene00196596.,0,1,1
WBGene00196597.,0,4,4
WBGene00196598.,0,8,8
WBGene00196599.,0,2,2
WBGene00196600.,0,0,0
WBGene00196601.,0,0,0
WBGene00196602.,0,0,0
WBGene00196603.,0,0,0
WBGene00196604.,0,51,51
WBGene00196605.,0,0,0
WBGene00196606.,0,1,1
WBGene00196607.,0,2,2
WBGene00196608.,0,0,0
WBGene00196609.,0,0,0
WBGene00196610.,0,0,0
WBGene00196611.,0,0,0
WBGene00196612.,0,1,1
WBGene00196613.,0,1,1
WBGene00196614.,0,5,5
WBGene00196615.,0,1,1
WBGene00196616.,0,2,2
WBGene00196617.,0,4,4
WBGene00196618.,0,2,2
WBGene00196619.,0,1,1
WBGene00196620.,0,0,0
WBGene00196621.,0,0,0
WBGene00196622.,0,7,7
WBGene00196623.,0,3,3
WBGene00196624.,0,0,0
WBGene00196625.,0,9,9
WBGene00196626.,0,1,1
WBGene00196627.,0,0,0
WBGene00196628.,0,0,0
WBGene00196629.,0,11,11
WBGene00196630.,0,0,0
WBGene00196631.,0,7,7
WBGene00196632.,0,5,5
WBGene00196633.,0,0,0
WBGene00196634.,0,10,10
WBGene00196635.,0,42,42
WBGene00196636.,0,0,0
WBGene00196637.,0,4,4
WBGene00196638.,0,0,0
WBGene00196639.,0,2,2
WBGene00196640.,0,0,0
WBGene00196641.,0,0,0
WBGene00196642.,0,1,1
WBGene00196643.,0,10,10
WBGene00196644.,0,0,0
WBGene00196645.,0,0,0
WBGene00196646.,0,2,2
WBGene00196647.,0,0,0
WBGene00196648.,0,0,0
WBGene00196649.,0,3,3
WBGene00196650.,0,1,1
WBGene00196651.,0,2,2
WBGene00196652.,0,0,0
WBGene00196653.,0,8,8
WBGene00196654.,0,1,1
WBGene00196655.,0,0,0
WBGene00196656.,0,1,1
WBGene00196657.,0,0,0
WBGene00196658.,0,0,0
WBGene00196659.,0,1,1
WBGene00196660.,0,0,0
WBGene00196661.,0,0,0
WBGene00196662.,0,0,0
WBGene00196663.,0,0,0
WBGene00196664.,0,0,0
WBGene00196665.,0,0,0
WBGene00196666.,0,0,0
WBGene00196667.,0,0,0
WBGene00196668.,0,0,0
WBGene00196669.,0,0,0
WBGene00196670.,0,0,0
WBGene00196671.,0,0,0
WBGene00196672.,0,0,0
WBGene00196673.,0,0,0
WBGene00196674.,0,2,2
WBGene00196675.,0,1,1
WBGene00196676.,0,9,9
WBGene00196677.,0,0,0
WBGene00196678.,0,0,0
WBGene00196679.,0,1,1
WBGene00196680.,0,3,3
WBGene00196681.,0,0,0
WBGene00196682.,0,11,11
WBGene00196683.,0,2,2
WBGene00196684.,0,0,0
WBGene00196685.,0,1,1
WBGene00196686.,0,3,3
WBGene00196687.,0,7,7
WBGene00196688.,0,2,2
WBGene00196689.,0,0,0
WBGene00196690.,0,0,0
WBGene00196691.,0,0,0
WBGene00196692.,0,0,0
WBGene00196693.,0,9,9
WBGene00196694.,0,1,1
WBGene00196695.,0,11,11
WBGene00196696.,0,0,0
WBGene00196697.,0,4,4
WBGene00196698.,0,2,2
WBGene00196699.,0,3,3
WBGene00196700.,0,2,2
WBGene00196701.,0,0,0
WBGene00196702.,0,5,5
WBGene00196703.,0,0,0
WBGene00196704.,0,0,0
WBGene00196705.,0,2,2
WBGene00196706.,0,0,0
WBGene00196707.,0,3,3
WBGene00196708.,0,0,0
WBGene00196709.,0,12,12
WBGene00196710.,0,2,2
WBGene00196711.,0,1,1
WBGene00196712.,0,0,0
WBGene00196713.,0,0,0
WBGene00196714.,0,2,2
WBGene00196715.,0,0,0
WBGene00196716.,0,0,0
WBGene00196717.,0,0,0
WBGene00196718.,0,0,0
WBGene00196719.,0,0,0
WBGene00196720.,0,3,3
WBGene00196721.,0,18,18
WBGene00196722.,0,4,4
WBGene00196723.,0,4,4
WBGene00196724.,0,25,25
WBGene00196725.,0,5,5
WBGene00196726.,0,0,0
WBGene00196727.,0,6,6
WBGene00196728.,0,9,9
WBGene00196729.,0,30,30
WBGene00196730.,0,0,0
WBGene00196731.,0,0,0
WBGene00196732.,0,0,0
WBGene00196733.,0,2,2
WBGene00196734.,0,0,0
WBGene00196735.,0,5,5
WBGene00196736.,0,0,0
WBGene00196737.,0,2,2
WBGene00196738.,0,0,0
WBGene00196739.,0,2,2
WBGene00196740.,0,0,0
WBGene00196741.,0,1,1
WBGene00196742.,0,7,7
WBGene00196743.,0,0,0
WBGene00196744.,0,0,0
WBGene00196745.,0,0,0
WBGene00196746.,0,6,6
WBGene00196747.,0,7,7
WBGene00196748.,0,3,3
WBGene00196749.,0,0,0
WBGene00196750.,0,1,1
WBGene00196751.,0,0,0
WBGene00196752.,0,4,4
WBGene00196753.,0,43,43
WBGene00196754.,0,0,0
WBGene00196755.,0,1,1
WBGene00196756.,0,0,0
WBGene00196757.,0,0,0
WBGene00196758.,0,3,3
WBGene00196759.,0,3,3
WBGene00196760.,0,0,0
WBGene00196761.,0,2,2
WBGene00196762.,0,0,0
WBGene00196763.,0,6,6
WBGene00196764.,0,1,1
WBGene00196765.,0,0,0
WBGene00196766.,0,1,1
WBGene00196767.,0,6,6
WBGene00196768.,0,0,0
WBGene00196769.,0,0,0
WBGene00196770.,0,1,1
WBGene00196771.,0,0,0
WBGene00196772.,0,0,0
WBGene00196773.,0,0,0
WBGene00196774.,0,0,0
WBGene00196775.,0,23,23
WBGene00196776.,0,0,0
WBGene00196777.,0,11,11
WBGene00196778.,0,0,0
WBGene00196779.,0,2,2
WBGene00196780.,0,3,3
WBGene00196781.,0,0,0
WBGene00196782.,0,4,4
WBGene00196783.,0,0,0
WBGene00196784.,0,2,2
WBGene00196785.,0,18,18
WBGene00196786.,0,1,1
WBGene00196787.,0,4,4
WBGene00196788.,0,0,0
WBGene00196789.,0,4,4
WBGene00196790.,0,0,0
WBGene00196791.,0,0,0
WBGene00196792.,0,0,0
WBGene00196793.,0,17,17
WBGene00196794.,0,0,0
WBGene00196795.,0,1,1
WBGene00196796.,0,2,2
WBGene00196797.,0,18,18
WBGene00196798.,0,0,0
WBGene00196799.,0,3,3
WBGene00196800.,0,0,0
WBGene00196801.,0,4,4
WBGene00196802.,0,11,11
WBGene00196803.,0,1,1
WBGene00196804.,0,1,1
WBGene00196805.,0,6,6
WBGene00196806.,0,0,0
WBGene00196807.,0,13,13
WBGene00196808.,0,0,0
WBGene00196809.,0,3,3
WBGene00196810.,0,14,14
WBGene00196811.,0,2,2
WBGene00196812.,0,0,0
WBGene00196813.,0,0,0
WBGene00196814.,0,0,0
WBGene00196815.,0,1,1
WBGene00196816.,0,6,6
WBGene00196817.,0,10,10
WBGene00196818.,0,1,1
WBGene00196819.,0,10,10
WBGene00196820.,0,4,4
WBGene00196821.,0,14,14
WBGene00196822.,0,0,0
WBGene00196823.,0,4,4
WBGene00196824.,0,12,12
WBGene00196825.,0,13,13
WBGene00196826.,0,3,3
WBGene00196827.,0,33,33
WBGene00196828.,0,0,0
WBGene00196829.,0,0,0
WBGene00196830.,0,4,4
WBGene00196831.,0,58,58
WBGene00196832.,0,0,0
WBGene00196833.,0,0,0
WBGene00196834.,0,2,2
WBGene00196835.,0,1,1
WBGene00196836.,0,0,0
WBGene00196837.,0,0,0
WBGene00196838.,0,18,18
WBGene00196839.,0,0,0
WBGene00196840.,0,0,0
WBGene00196841.,0,4,4
WBGene00196842.,0,0,0
WBGene00196843.,0,0,0
WBGene00196844.,0,13,13
WBGene00196845.,0,1,1
WBGene00196846.,0,26,26
WBGene00196847.,0,0,0
WBGene00196848.,0,0,0
WBGene00196849.,0,0,0
WBGene00196850.,0,1,1
WBGene00196851.,0,0,0
WBGene00196852.,0,46,46
WBGene00196853.,0,0,0
WBGene00196854.,0,15,15
WBGene00196855.,0,0,0
WBGene00196856.,0,66,66
WBGene00196857.,0,0,0
WBGene00196858.,0,4,4
WBGene00196859.,0,0,0
WBGene00196860.,0,0,0
WBGene00196861.,0,1,1
WBGene00196862.,0,4,4
WBGene00196863.,0,0,0
WBGene00196864.,0,0,0
WBGene00196865.,0,0,0
WBGene00196866.,0,0,0
WBGene00196867.,0,18,18
WBGene00196868.,0,19,19
WBGene00196869.,0,1,1
WBGene00196870.,0,6,6
WBGene00196871.,0,219,219
WBGene00196872.,0,15,15
WBGene00196873.,0,0,0
WBGene00196874.,0,3,3
WBGene00196875.,0,0,0
WBGene00196876.,0,0,0
WBGene00196877.,0,4,4
WBGene00196878.,0,0,0
WBGene00196879.,0,21,21
WBGene00196880.,0,0,0
WBGene00196881.,0,0,0
WBGene00196882.,0,0,0
WBGene00196883.,0,0,0
WBGene00196884.,0,4,4
WBGene00196885.,0,4,4
WBGene00196886.,0,0,0
WBGene00196887.,0,3,3
WBGene00196888.,0,0,0
WBGene00196889.,0,3,3
WBGene00196890.,0,0,0
WBGene00196891.,0,1,1
WBGene00196892.,0,1,1
WBGene00196893.,0,13,13
WBGene00196894.,0,1,1
WBGene00196895.,0,0,0
WBGene00196896.,0,0,0
WBGene00196897.,0,0,0
WBGene00196898.,0,0,0
WBGene00196899.,0,0,0
WBGene00196900.,0,1,1
WBGene00196901.,0,1,1
WBGene00196902.,0,0,0
WBGene00196903.,0,0,0
WBGene00196904.,0,4,4
WBGene00196905.,0,0,0
WBGene00196906.,0,10,10
WBGene00196907.,0,0,0
WBGene00196908.,0,5,5
WBGene00196909.,0,1,1
WBGene00196910.,0,0,0
WBGene00196911.,0,2,2
WBGene00196912.,0,10,10
WBGene00196913.,0,13,13
WBGene00196914.,0,1,1
WBGene00196915.,0,3,3
WBGene00196916.,0,4,4
WBGene00196917.,0,1,1
WBGene00196918.,0,1,1
WBGene00196919.,0,0,0
WBGene00196920.,0,0,0
WBGene00196921.,0,1,1
WBGene00196922.,0,40,40
WBGene00196923.,0,0,0
WBGene00196924.,0,5,5
WBGene00196925.,0,4,4
WBGene00196926.,0,0,0
WBGene00196927.,0,0,0
WBGene00196928.,0,1,1
WBGene00196929.,0,1,1
WBGene00196930.,0,8,8
WBGene00196931.,0,4,4
WBGene00196932.,0,0,0
WBGene00196933.,0,6,6
WBGene00196934.,0,0,0
WBGene00196935.,0,6,6
WBGene00196936.,0,0,0
WBGene00196937.,0,2,2
WBGene00196938.,0,0,0
WBGene00196939.,0,1,1
WBGene00196940.,0,0,0
WBGene00196941.,0,7,7
WBGene00196942.,0,2,2
WBGene00196943.,0,0,0
WBGene00196944.,0,0,0
WBGene00196945.,0,0,0
WBGene00196946.,0,3,3
WBGene00196947.,0,3,3
WBGene00196948.,0,1,1
WBGene00196949.,0,6,6
WBGene00196950.,0,0,0
WBGene00196951.,0,0,0
WBGene00196952.,0,0,0
WBGene00196953.,0,0,0
WBGene00196954.,0,0,0
WBGene00196955.,0,0,0
WBGene00196956.,0,0,0
WBGene00196957.,0,0,0
WBGene00196958.,0,0,0
WBGene00196959.,0,3,3
WBGene00196960.,0,0,0
WBGene00196961.,0,18,18
WBGene00196962.,0,2,2
WBGene00196963.,0,1,1
WBGene00196964.,0,2,2
WBGene00196965.,0,1,1
WBGene00196966.,0,0,0
WBGene00196967.,0,0,0
WBGene00196968.,0,4,4
WBGene00196969.,0,13,13
WBGene00196970.,0,3,3
WBGene00196971.,0,5,5
WBGene00196972.,0,0,0
WBGene00196973.,0,3,3
WBGene00196974.,0,0,0
WBGene00196975.,0,0,0
WBGene00196976.,0,0,0
WBGene00196977.,0,0,0
WBGene00196978.,0,0,0
WBGene00196979.,0,1,1
WBGene00196980.,0,0,0
WBGene00196981.,0,2,2
WBGene00196982.,0,34,34
WBGene00196983.,0,0,0
WBGene00196984.,0,0,0
WBGene00196985.,0,12,12
WBGene00196986.,0,17,17
WBGene00196987.,0,4,4
WBGene00196988.,0,0,0
WBGene00196989.,0,9,9
WBGene00196990.,0,0,0
WBGene00196991.,0,0,0
WBGene00196992.,0,1,1
WBGene00196993.,0,2,2
WBGene00196994.,0,26,26
WBGene00196995.,0,0,0
WBGene00196996.,0,1,1
WBGene00196997.,0,0,0
WBGene00196998.,0,0,0
WBGene00196999.,0,0,0
WBGene00197000.,0,1,1
WBGene00197001.,0,7,7
WBGene00197002.,0,0,0
WBGene00197003.,0,0,0
WBGene00197004.,0,0,0
WBGene00197005.,0,1,1
WBGene00197006.,0,0,0
WBGene00197007.,0,5,5
WBGene00197008.,0,0,0
WBGene00197009.,0,0,0
WBGene00197010.,0,0,0
WBGene00197011.,0,1,1
WBGene00197012.,0,0,0
WBGene00197013.,0,0,0
WBGene00197014.,0,0,0
WBGene00197015.,0,19,19
WBGene00197016.,0,0,0
WBGene00197017.,0,0,0
WBGene00197018.,0,2,2
WBGene00197019.,0,2,2
WBGene00197020.,0,0,0
WBGene00197021.,0,0,0
WBGene00197022.,0,2,2
WBGene00197023.,0,0,0
WBGene00197024.,0,1,1
WBGene00197025.,0,2,2
WBGene00197026.,0,3,3
WBGene00197027.,0,7,7
WBGene00197028.,0,6,6
WBGene00197029.,0,0,0
WBGene00197030.,0,1,1
WBGene00197031.,0,4,4
WBGene00197032.,0,0,0
WBGene00197033.,0,32,32
WBGene00197034.,0,0,0
WBGene00197035.,0,0,0
WBGene00197036.,0,0,0
WBGene00197037.,0,2,2
WBGene00197038.,0,0,0
WBGene00197039.,0,15,15
WBGene00197040.,0,2,2
WBGene00197041.,0,0,0
WBGene00197042.,0,0,0
WBGene00197043.,0,2,2
WBGene00197044.,0,0,0
WBGene00197045.,0,1,1
WBGene00197046.,0,1,1
WBGene00197047.,0,3,3
WBGene00197048.,0,14,14
WBGene00197049.,0,2,2
WBGene00197050.,0,0,0
WBGene00197051.,0,0,0
WBGene00197052.,0,6,6
WBGene00197053.,0,6,6
WBGene00197054.,0,0,0
WBGene00197055.,0,3,3
WBGene00197056.,0,1,1
WBGene00197057.,0,0,0
WBGene00197058.,0,0,0
WBGene00197059.,0,0,0
WBGene00197060.,0,28,28
WBGene00197061.,0,9,9
WBGene00197062.,0,0,0
WBGene00197063.,0,4,4
WBGene00197064.,0,0,0
WBGene00197065.,0,7,7
WBGene00197066.,0,14,14
WBGene00197067.,0,9,9
WBGene00197068.,0,1,1
WBGene00197069.,0,29,29
WBGene00197070.,0,0,0
WBGene00197071.,0,0,0
WBGene00197072.,0,3,3
WBGene00197073.,0,0,0
WBGene00197074.,0,13,13
WBGene00197075.,0,0,0
WBGene00197076.,0,0,0
WBGene00197077.,0,0,0
WBGene00197078.,0,1,1
WBGene00197079.,0,1,1
WBGene00197080.,0,5,5
WBGene00197081.,0,5,5
WBGene00197082.,0,0,0
WBGene00197083.,0,12,12
WBGene00197084.,0,0,0
WBGene00197085.,0,2,2
WBGene00197086.,0,6,6
WBGene00197087.,0,0,0
WBGene00197088.,0,0,0
WBGene00197089.,0,1,1
WBGene00197090.,0,25,25
WBGene00197091.,0,3,3
WBGene00197092.,0,0,0
WBGene00197093.,0,1,1
WBGene00197094.,0,5,5
WBGene00197095.,0,3,3
WBGene00197096.,0,1,1
WBGene00197097.,0,72,72
WBGene00197098.,0,0,0
WBGene00197099.,0,0,0
WBGene00197100.,0,2,2
WBGene00197101.,0,0,0
WBGene00197102.,0,0,0
WBGene00197103.,0,2,2
WBGene00197104.,0,2,2
WBGene00197105.,0,0,0
WBGene00197106.,0,0,0
WBGene00197107.,0,0,0
WBGene00197108.,0,5,5
WBGene00197109.,0,0,0
WBGene00197110.,0,5,5
WBGene00197111.,0,2,2
WBGene00197112.,0,0,0
WBGene00197113.,0,0,0
WBGene00197114.,0,2,2
WBGene00197115.,0,2,2
WBGene00197116.,0,0,0
WBGene00197117.,0,0,0
WBGene00197118.,0,0,0
WBGene00197119.,0,1,1
WBGene00197120.,0,0,0
WBGene00197121.,0,9,9
WBGene00197122.,0,0,0
WBGene00197123.,0,1,1
WBGene00197124.,0,0,0
WBGene00197125.,0,0,0
WBGene00197126.,0,6,6
WBGene00197127.,0,28,28
WBGene00197128.,0,0,0
WBGene00197129.,0,0,0
WBGene00197130.,0,9,9
WBGene00197131.,0,2,2
WBGene00197132.,0,3,3
WBGene00197133.,0,0,0
WBGene00197134.,0,0,0
WBGene00197135.,0,1,1
WBGene00197136.,0,0,0
WBGene00197137.,0,0,0
WBGene00197138.,0,0,0
WBGene00197139.,0,6,6
WBGene00197140.,0,13,13
WBGene00197141.,0,5,5
WBGene00197142.,0,0,0
WBGene00197143.,0,0,0
WBGene00197144.,0,0,0
WBGene00197145.,0,0,0
WBGene00197146.,0,1,1
WBGene00197147.,0,1,1
WBGene00197148.,0,1,1
WBGene00197149.,0,1,1
WBGene00197150.,0,0,0
WBGene00197151.,0,0,0
WBGene00197152.,0,0,0
WBGene00197153.,0,0,0
WBGene00197154.,0,0,0
WBGene00197155.,0,7,7
WBGene00197156.,0,0,0
WBGene00197157.,0,1,1
WBGene00197158.,0,0,0
WBGene00197159.,0,0,0
WBGene00197160.,0,0,0
WBGene00197161.,0,1,1
WBGene00197162.,0,0,0
WBGene00197163.,0,0,0
WBGene00197164.,0,0,0
WBGene00197165.,0,0,0
WBGene00197166.,0,0,0
WBGene00197167.,0,0,0
WBGene00197168.,0,21,21
WBGene00197169.,0,0,0
WBGene00197170.,0,0,0
WBGene00197171.,0,492,492
WBGene00197172.,0,9,9
WBGene00197173.,0,0,0
WBGene00197174.,0,16,16
WBGene00197175.,0,4,4
WBGene00197176.,0,1,1
WBGene00197177.,0,0,0
WBGene00197178.,0,3,3
WBGene00197179.,0,0,0
WBGene00197180.,0,1,1
WBGene00197181.,0,0,0
WBGene00197182.,0,0,0
WBGene00197183.,0,9,9
WBGene00197184.,0,2,2
WBGene00197185.,0,3,3
WBGene00197186.,0,2,2
WBGene00197187.,0,0,0
WBGene00197188.,0,6,6
WBGene00197189.,0,3,3
WBGene00197190.,0,0,0
WBGene00197191.,0,1,1
WBGene00197192.,0,0,0
WBGene00197193.,0,0,0
WBGene00197194.,0,0,0
WBGene00197195.,0,11,11
WBGene00197196.,0,3,3
WBGene00197197.,0,0,0
WBGene00197198.,0,0,0
WBGene00197199.,0,0,0
WBGene00197200.,0,0,0
WBGene00197201.,0,0,0
WBGene00197202.,0,3,3
WBGene00197203.,0,1,1
WBGene00197204.,0,13,13
WBGene00197205.,0,5,5
WBGene00197206.,0,5,5
WBGene00197207.,0,1,1
WBGene00197208.,0,5,5
WBGene00197209.,0,22,22
WBGene00197210.,0,0,0
WBGene00197211.,0,4,4
WBGene00197212.,0,0,0
WBGene00197213.,0,0,0
WBGene00197214.,0,9,9
WBGene00197215.,0,1011,1011
WBGene00197216.,0,1,1
WBGene00197217.,0,0,0
WBGene00197218.,0,4,4
WBGene00197219.,0,0,0
WBGene00197220.,0,1,1
WBGene00197221.,0,0,0
WBGene00197222.,0,10,10
WBGene00197223.,0,2,2
WBGene00197224.,0,1,1
WBGene00197225.,0,2,2
WBGene00197226.,0,0,0
WBGene00197227.,0,2,2
WBGene00197228.,0,4,4
WBGene00197229.,0,2,2
WBGene00197230.,0,0,0
WBGene00197231.,0,11,11
WBGene00197232.,0,3,3
WBGene00197233.,0,0,0
WBGene00197234.,0,25,25
WBGene00197235.,0,0,0
WBGene00197236.,0,1,1
WBGene00197237.,0,0,0
WBGene00197238.,0,1,1
WBGene00197239.,0,2,2
WBGene00197240.,0,0,0
WBGene00197241.,0,0,0
WBGene00197242.,0,1,1
WBGene00197243.,0,5,5
WBGene00197244.,0,11,11
WBGene00197245.,0,0,0
WBGene00197246.,0,4,4
WBGene00197247.,0,0,0
WBGene00197248.,0,0,0
WBGene00197249.,0,2,2
WBGene00197250.,0,79,79
WBGene00197251.,0,0,0
WBGene00197252.,0,1,1
WBGene00197253.,0,6,6
WBGene00197254.,0,2,2
WBGene00197255.,0,1,1
WBGene00197256.,0,0,0
WBGene00197257.,0,5,5
WBGene00197258.,0,7,7
WBGene00197259.,0,20,20
WBGene00197260.,0,0,0
WBGene00197261.,0,0,0
WBGene00197262.,0,4,4
WBGene00197263.,0,0,0
WBGene00197264.,0,0,0
WBGene00197265.,0,3,3
WBGene00197266.,0,0,0
WBGene00197267.,0,0,0
WBGene00197268.,0,0,0
WBGene00197269.,0,6,6
WBGene00197270.,0,3,3
WBGene00197271.,0,0,0
WBGene00197272.,0,0,0
WBGene00197273.,0,4,4
WBGene00197274.,0,15,15
WBGene00197275.,0,0,0
WBGene00197276.,0,0,0
WBGene00197277.,0,1,1
WBGene00197278.,0,0,0
WBGene00197279.,0,13,13
WBGene00197280.,0,0,0
WBGene00197281.,0,2,2
WBGene00197282.,0,0,0
WBGene00197283.,0,3,3
WBGene00197284.,0,0,0
WBGene00197285.,0,1,1
WBGene00197286.,0,1,1
WBGene00197287.,0,0,0
WBGene00197288.,0,0,0
WBGene00197289.,0,1,1
WBGene00197290.,0,0,0
WBGene00197291.,0,0,0
WBGene00197292.,0,0,0
WBGene00197293.,0,0,0
WBGene00197294.,0,1,1
WBGene00197295.,0,0,0
WBGene00197296.,0,0,0
WBGene00197297.,0,12,12
WBGene00197298.,0,4,4
WBGene00197299.,0,2,2
WBGene00197300.,0,0,0
WBGene00197301.,0,0,0
WBGene00197302.,0,1,1
WBGene00197303.,0,0,0
WBGene00197304.,0,0,0
WBGene00197305.,0,0,0
WBGene00197306.,0,0,0
WBGene00197307.,0,5,5
WBGene00197308.,0,8,8
WBGene00197309.,0,0,0
WBGene00197310.,0,2,2
WBGene00197311.,0,0,0
WBGene00197312.,0,0,0
WBGene00197313.,0,0,0
WBGene00197314.,0,2,2
WBGene00197315.,0,0,0
WBGene00197316.,0,0,0
WBGene00197317.,0,0,0
WBGene00197318.,0,1,1
WBGene00197319.,0,1,1
WBGene00197320.,0,0,0
WBGene00197321.,0,3,3
WBGene00197322.,0,4,4
WBGene00197323.,0,2,2
WBGene00197324.,0,1,1
WBGene00197325.,0,0,0
WBGene00197326.,0,30,30
WBGene00197327.,0,8,8
WBGene00197328.,0,6,6
WBGene00197329.,0,1,1
WBGene00197330.,0,0,0
WBGene00197331.,0,0,0
WBGene00197332.,0,0,0
WBGene00197333.,0,0,0
WBGene00197334.,0,17,17
WBGene00197335.,0,8,8
WBGene00197336.,0,0,0
WBGene00197337.,0,1,1
WBGene00197338.,0,2,2
WBGene00197339.,0,851,851
WBGene00197340.,0,3,3
WBGene00197341.,0,1,1
WBGene00197342.,0,2,2
WBGene00197343.,0,1,1
WBGene00197344.,0,0,0
WBGene00197345.,0,0,0
WBGene00197346.,0,0,0
WBGene00197347.,0,1,1
WBGene00197348.,0,0,0
WBGene00197349.,0,2,2
WBGene00197350.,0,0,0
WBGene00197351.,0,4,4
WBGene00197352.,0,0,0
WBGene00197353.,0,0,0
WBGene00197354.,0,3,3
WBGene00197355.,0,0,0
WBGene00197356.,0,6,6
WBGene00197357.,0,0,0
WBGene00197358.,0,0,0
WBGene00197359.,0,0,0
WBGene00197360.,0,2,2
WBGene00197361.,0,0,0
WBGene00197362.,0,1,1
WBGene00197363.,0,0,0
WBGene00197364.,0,0,0
WBGene00197365.,0,0,0
WBGene00197366.,0,0,0
WBGene00197367.,0,0,0
WBGene00197368.,0,0,0
WBGene00197369.,0,0,0
WBGene00197370.,0,2,2
WBGene00197371.,0,0,0
WBGene00197372.,0,1,1
WBGene00197373.,0,16,16
WBGene00197374.,0,0,0
WBGene00197375.,0,12,12
WBGene00197376.,0,0,0
WBGene00197377.,0,0,0
WBGene00197378.,0,0,0
WBGene00197379.,0,0,0
WBGene00197380.,0,0,0
WBGene00197381.,0,0,0
WBGene00197382.,0,15,15
WBGene00197383.,0,1,1
WBGene00197384.,0,0,0
WBGene00197385.,0,0,0
WBGene00197386.,0,0,0
WBGene00197387.,0,0,0
WBGene00197388.,0,2,2
WBGene00197389.,0,2,2
WBGene00197390.,0,0,0
WBGene00197391.,0,0,0
WBGene00197392.,0,0,0
WBGene00197393.,0,0,0
WBGene00197394.,0,0,0
WBGene00197395.,0,14,14
WBGene00197396.,0,29,29
WBGene00197397.,0,0,0
WBGene00197398.,0,1,1
WBGene00197399.,0,42,42
WBGene00197400.,0,3,3
WBGene00197401.,0,1,1
WBGene00197402.,0,3,3
WBGene00197403.,0,0,0
WBGene00197404.,0,66,66
WBGene00197405.,0,0,0
WBGene00197406.,0,114,114
WBGene00197407.,0,1,1
WBGene00197408.,0,1,1
WBGene00197409.,0,2,2
WBGene00197410.,0,3,3
WBGene00197411.,0,16,16
WBGene00197412.,0,2,2
WBGene00197413.,0,2,2
WBGene00197414.,0,0,0
WBGene00197415.,0,0,0
WBGene00197416.,0,12,12
WBGene00197417.,0,0,0
WBGene00197418.,0,0,0
WBGene00197419.,0,1,1
WBGene00197420.,0,4,4
WBGene00197421.,0,0,0
WBGene00197422.,0,0,0
WBGene00197423.,0,0,0
WBGene00197424.,0,17,17
WBGene00197425.,0,3,3
WBGene00197426.,0,3,3
WBGene00197427.,0,0,0
WBGene00197428.,0,0,0
WBGene00197429.,0,4,4
WBGene00197430.,0,0,0
WBGene00197431.,0,1,1
WBGene00197432.,0,0,0
WBGene00197433.,0,1,1
WBGene00197434.,0,0,0
WBGene00197435.,0,0,0
WBGene00197436.,0,2,2
WBGene00197437.,0,1,1
WBGene00197438.,0,2,2
WBGene00197439.,0,0,0
WBGene00197440.,0,7,7
WBGene00197441.,0,2,2
WBGene00197442.,0,0,0
WBGene00197443.,0,0,0
WBGene00197444.,0,17,17
WBGene00197445.,0,2,2
WBGene00197446.,0,9,9
WBGene00197447.,0,0,0
WBGene00197448.,0,0,0
WBGene00197449.,0,1,1
WBGene00197450.,0,9,9
WBGene00197451.,0,1,1
WBGene00197452.,0,23,23
WBGene00197453.,0,0,0
WBGene00197454.,0,16,16
WBGene00197455.,0,10,10
WBGene00197456.,0,0,0
WBGene00197457.,0,0,0
WBGene00197458.,0,2,2
WBGene00197459.,0,0,0
WBGene00197460.,0,0,0
WBGene00197461.,0,2,2
WBGene00197462.,0,2,2
WBGene00197463.,0,2,2
WBGene00197464.,0,25,25
WBGene00197465.,0,0,0
WBGene00197466.,0,0,0
WBGene00197467.,0,4,4
WBGene00197468.,0,0,0
WBGene00197469.,0,0,0
WBGene00197470.,0,1,1
WBGene00197471.,0,1,1
WBGene00197472.,0,0,0
WBGene00197473.,0,2,2
WBGene00197474.,0,0,0
WBGene00197475.,0,2,2
WBGene00197476.,0,2,2
WBGene00197477.,0,12,12
WBGene00197478.,0,0,0
WBGene00197479.,0,0,0
WBGene00197480.,0,2,2
WBGene00197481.,0,16,16
WBGene00197482.,0,35,35
WBGene00197483.,0,10,10
WBGene00197484.,0,3,3
WBGene00197485.,0,1,1
WBGene00197486.,0,23,23
WBGene00197487.,0,1,1
WBGene00197488.,0,0,0
WBGene00197489.,0,3,3
WBGene00197490.,0,0,0
WBGene00197491.,0,0,0
WBGene00197492.,0,0,0
WBGene00197493.,0,0,0
WBGene00197494.,0,0,0
WBGene00197495.,0,1,1
WBGene00197496.,0,4,4
WBGene00197497.,0,0,0
WBGene00197498.,0,2,2
WBGene00197499.,0,0,0
WBGene00197500.,0,1,1
WBGene00197501.,0,1,1
WBGene00197502.,0,1,1
WBGene00197503.,0,1,1
WBGene00197504.,0,0,0
WBGene00197505.,0,0,0
WBGene00197506.,0,0,0
WBGene00197507.,0,1,1
WBGene00197508.,0,0,0
WBGene00197509.,0,6,6
WBGene00197510.,0,3,3
WBGene00197511.,0,58,58
WBGene00197512.,0,0,0
WBGene00197513.,0,1,1
WBGene00197514.,0,0,0
WBGene00197515.,0,47,47
WBGene00197516.,0,33,33
WBGene00197517.,0,31,31
WBGene00197518.,0,3,3
WBGene00197519.,0,0,0
WBGene00197520.,0,1,1
WBGene00197521.,0,5,5
WBGene00197522.,0,0,0
WBGene00197523.,0,1,1
WBGene00197524.,0,0,0
WBGene00197525.,0,5,5
WBGene00197526.,0,0,0
WBGene00197527.,0,4,4
WBGene00197528.,0,1,1
WBGene00197529.,0,3,3
WBGene00197530.,0,0,0
WBGene00197531.,0,2,2
WBGene00197532.,0,1,1
WBGene00197533.,0,0,0
WBGene00197534.,0,14,14
WBGene00197535.,0,0,0
WBGene00197536.,0,0,0
WBGene00197537.,0,0,0
WBGene00197538.,0,0,0
WBGene00197539.,0,0,0
WBGene00197540.,0,0,0
WBGene00197541.,0,14,14
WBGene00197542.,0,2,2
WBGene00197543.,0,0,0
WBGene00197544.,0,0,0
WBGene00197545.,0,0,0
WBGene00197546.,0,4,4
WBGene00197547.,0,0,0
WBGene00197548.,0,2,2
WBGene00197549.,0,0,0
WBGene00197550.,0,5,5
WBGene00197551.,0,0,0
WBGene00197552.,0,0,0
WBGene00197553.,0,4,4
WBGene00197554.,0,0,0
WBGene00197555.,0,2,2
WBGene00197556.,0,1,1
WBGene00197557.,0,1,1
WBGene00197558.,0,11,11
WBGene00197559.,0,1,1
WBGene00197560.,0,4,4
WBGene00197561.,0,0,0
WBGene00197562.,0,0,0
WBGene00197563.,0,0,0
WBGene00197564.,0,3,3
WBGene00197565.,0,0,0
WBGene00197566.,0,2,2
WBGene00197567.,0,1,1
WBGene00197568.,0,0,0
WBGene00197569.,0,0,0
WBGene00197570.,0,0,0
WBGene00197571.,0,2,2
WBGene00197572.,0,0,0
WBGene00197573.,0,1,1
WBGene00197574.,0,11,11
WBGene00197575.,0,0,0
WBGene00197576.,0,2,2
WBGene00197577.,0,10,10
WBGene00197578.,0,33,33
WBGene00197579.,0,14,14
WBGene00197580.,0,19,19
WBGene00197581.,0,7,7
WBGene00197582.,0,3,3
WBGene00197583.,0,24,24
WBGene00197584.,0,0,0
WBGene00197585.,0,11,11
WBGene00197586.,0,2,2
WBGene00197587.,0,1,1
WBGene00197588.,0,0,0
WBGene00197589.,0,0,0
WBGene00197590.,0,0,0
WBGene00197591.,0,10,10
WBGene00197592.,0,0,0
WBGene00197593.,0,0,0
WBGene00197594.,0,0,0
WBGene00197595.,0,0,0
WBGene00197596.,0,1,1
WBGene00197597.,0,4,4
WBGene00197598.,0,0,0
WBGene00197599.,0,2,2
WBGene00197600.,0,7,7
WBGene00197601.,0,14,14
WBGene00197602.,0,0,0
WBGene00197603.,0,0,0
WBGene00197604.,0,12,12
WBGene00197605.,0,0,0
WBGene00197606.,0,2,2
WBGene00197607.,0,0,0
WBGene00197608.,0,1,1
WBGene00197609.,0,12,12
WBGene00197610.,0,0,0
WBGene00197611.,0,0,0
WBGene00197612.,0,0,0
WBGene00197613.,0,0,0
WBGene00197614.,0,0,0
WBGene00197615.,0,9,9
WBGene00197616.,0,5,5
WBGene00197617.,0,0,0
WBGene00197618.,0,1,1
WBGene00197619.,0,0,0
WBGene00197620.,0,8,8
WBGene00197621.,0,292,292
WBGene00197622.,0,2,2
WBGene00197623.,0,0,0
WBGene00197624.,0,3,3
WBGene00197625.,0,9,9
WBGene00197626.,0,0,0
WBGene00197627.,0,7,7
WBGene00197628.,0,0,0
WBGene00197629.,0,2,2
WBGene00197630.,0,0,0
WBGene00197631.,0,0,0
WBGene00197632.,0,16,16
WBGene00197633.,0,43,43
WBGene00197634.,0,13,13
WBGene00197635.,0,0,0
WBGene00197636.,0,24,24
WBGene00197637.,0,0,0
WBGene00197638.,0,0,0
WBGene00197639.,0,0,0
WBGene00197640.,0,0,0
WBGene00197641.,0,0,0
WBGene00197642.,0,14,14
WBGene00197643.,0,0,0
WBGene00197644.,0,0,0
WBGene00197645.,0,0,0
WBGene00197646.,0,0,0
WBGene00197647.,0,8,8
WBGene00197648.,0,33,33
WBGene00197649.,0,3,3
WBGene00197650.,0,1,1
WBGene00197651.,0,0,0
WBGene00197652.,0,8,8
WBGene00197653.,0,0,0
WBGene00197654.,0,0,0
WBGene00197655.,0,0,0
WBGene00197656.,0,3,3
WBGene00197657.,0,2,2
WBGene00197658.,0,0,0
WBGene00197659.,0,1,1
WBGene00197660.,0,1,1
WBGene00197661.,0,0,0
WBGene00197662.,0,0,0
WBGene00197663.,0,0,0
WBGene00197664.,0,2,2
WBGene00197665.,0,1,1
WBGene00197666.,0,0,0
WBGene00197667.,0,35,35
WBGene00197668.,0,2,2
WBGene00197669.,0,6,6
WBGene00197670.,0,15,15
WBGene00197671.,0,2,2
WBGene00197672.,0,0,0
WBGene00197673.,0,0,0
WBGene00197674.,0,2,2
WBGene00197675.,0,1,1
WBGene00197676.,0,0,0
WBGene00197677.,0,0,0
WBGene00197678.,0,0,0
WBGene00197679.,0,8,8
WBGene00197680.,0,0,0
WBGene00197681.,0,0,0
WBGene00197682.,0,1,1
WBGene00197683.,0,0,0
WBGene00197684.,0,0,0
WBGene00197685.,0,0,0
WBGene00197686.,0,31,31
WBGene00197687.,0,3,3
WBGene00197688.,0,0,0
WBGene00197689.,0,0,0
WBGene00197690.,0,0,0
WBGene00197691.,0,17,17
WBGene00197692.,0,0,0
WBGene00197693.,0,0,0
WBGene00197694.,0,7,7
WBGene00197695.,0,2,2
WBGene00197696.,0,0,0
WBGene00197697.,0,0,0
WBGene00197698.,0,11,11
WBGene00197699.,0,0,0
WBGene00197700.,0,0,0
WBGene00197701.,0,2,2
WBGene00197702.,0,1,1
WBGene00197703.,0,0,0
WBGene00197704.,0,6,6
WBGene00197705.,0,0,0
WBGene00197706.,0,1,1
WBGene00197707.,0,4,4
WBGene00197708.,0,0,0
WBGene00197709.,0,4,4
WBGene00197710.,0,4,4
WBGene00197711.,0,0,0
WBGene00197712.,0,4,4
WBGene00197713.,0,1,1
WBGene00197714.,0,0,0
WBGene00197715.,0,3,3
WBGene00197716.,0,6,6
WBGene00197717.,0,0,0
WBGene00197718.,0,1,1
WBGene00197719.,0,0,0
WBGene00197720.,0,3,3
WBGene00197721.,0,2,2
WBGene00197722.,0,0,0
WBGene00197723.,0,0,0
WBGene00197724.,0,7,7
WBGene00197725.,0,0,0
WBGene00197726.,0,12,12
WBGene00197727.,0,3,3
WBGene00197728.,0,0,0
WBGene00197729.,0,1,1
WBGene00197730.,0,0,0
WBGene00197731.,0,1,1
WBGene00197732.,0,15,15
WBGene00197733.,0,0,0
WBGene00197734.,0,0,0
WBGene00197735.,0,0,0
WBGene00197736.,0,0,0
WBGene00197737.,0,0,0
WBGene00197738.,0,0,0
WBGene00197739.,0,6,6
WBGene00197740.,0,0,0
WBGene00197741.,0,3,3
WBGene00197742.,0,0,0
WBGene00197743.,0,0,0
WBGene00197744.,0,0,0
WBGene00197745.,0,0,0
WBGene00197746.,0,0,0
WBGene00197747.,0,1,1
WBGene00197748.,0,0,0
WBGene00197749.,0,4,4
WBGene00197750.,0,3,3
WBGene00197751.,0,1,1
WBGene00197752.,0,2,2
WBGene00197753.,0,2,2
WBGene00197754.,0,0,0
WBGene00197755.,0,0,0
WBGene00197756.,0,0,0
WBGene00197757.,0,6,6
WBGene00197758.,0,3,3
WBGene00197759.,0,4,4
WBGene00197760.,0,0,0
WBGene00197761.,0,0,0
WBGene00197762.,0,0,0
WBGene00197763.,0,13,13
WBGene00197764.,0,10,10
WBGene00197765.,0,0,0
WBGene00197766.,0,6,6
WBGene00197767.,0,0,0
WBGene00197768.,0,0,0
WBGene00197769.,0,4,4
WBGene00197770.,0,0,0
WBGene00197771.,0,0,0
WBGene00197772.,0,0,0
WBGene00197773.,0,0,0
WBGene00197774.,0,0,0
WBGene00197775.,0,4,4
WBGene00197776.,0,0,0
WBGene00197777.,0,0,0
WBGene00197778.,0,0,0
WBGene00197779.,0,2,2
WBGene00197780.,0,0,0
WBGene00197781.,0,4,4
WBGene00197782.,0,2,2
WBGene00197783.,0,2,2
WBGene00197784.,0,0,0
WBGene00197785.,0,1,1
WBGene00197786.,0,1,1
WBGene00197787.,0,1,1
WBGene00197788.,0,0,0
WBGene00197789.,0,0,0
WBGene00197790.,0,1,1
WBGene00197791.,0,3,3
WBGene00197792.,0,1,1
WBGene00197793.,0,10,10
WBGene00197794.,0,0,0
WBGene00197795.,0,6,6
WBGene00197796.,0,1,1
WBGene00197797.,0,0,0
WBGene00197798.,0,1,1
WBGene00197799.,0,0,0
WBGene00197800.,0,3,3
WBGene00197801.,0,3,3
WBGene00197802.,0,14,14
WBGene00197803.,0,44,44
WBGene00197804.,0,0,0
WBGene00197805.,0,10,10
WBGene00197806.,0,0,0
WBGene00197807.,0,0,0
WBGene00197808.,0,0,0
WBGene00197809.,0,0,0
WBGene00197810.,0,0,0
WBGene00197811.,0,0,0
WBGene00197812.,0,3,3
WBGene00197813.,0,4,4
WBGene00197814.,0,0,0
WBGene00197815.,0,0,0
WBGene00197816.,0,0,0
WBGene00197817.,0,3,3
WBGene00197818.,0,4,4
WBGene00197819.,0,1,1
WBGene00197820.,0,0,0
WBGene00197821.,0,2,2
WBGene00197822.,0,5,5
WBGene00197823.,0,0,0
WBGene00197824.,0,0,0
WBGene00197825.,0,4,4
WBGene00197826.,0,0,0
WBGene00197827.,0,0,0
WBGene00197828.,0,0,0
WBGene00197829.,0,1,1
WBGene00197830.,0,1,1
WBGene00197831.,0,0,0
WBGene00197832.,0,0,0
WBGene00197833.,0,0,0
WBGene00197834.,0,0,0
WBGene00197835.,0,0,0
WBGene00197836.,0,4,4
WBGene00197837.,0,0,0
WBGene00197838.,0,0,0
WBGene00197839.,0,1,1
WBGene00197840.,0,6,6
WBGene00197841.,0,0,0
WBGene00197842.,0,0,0
WBGene00197843.,0,0,0
WBGene00197844.,0,0,0
WBGene00197845.,0,6,6
WBGene00197846.,0,3,3
WBGene00197847.,0,41,41
WBGene00197848.,0,0,0
WBGene00197849.,0,0,0
WBGene00197850.,0,3,3
WBGene00197851.,0,0,0
WBGene00197852.,0,1,1
WBGene00197853.,0,36,36
WBGene00197854.,0,13,13
WBGene00197855.,0,1,1
WBGene00197856.,0,1,1
WBGene00197857.,0,27,27
WBGene00197858.,0,4,4
WBGene00197859.,0,0,0
WBGene00197860.,0,20,20
WBGene00197861.,0,0,0
WBGene00197862.,0,2,2
WBGene00197863.,0,1,1
WBGene00197864.,0,2,2
WBGene00197865.,0,3,3
WBGene00197866.,0,0,0
WBGene00197867.,0,1,1
WBGene00197868.,0,1,1
WBGene00197869.,0,1,1
WBGene00197870.,0,0,0
WBGene00197871.,0,5,5
WBGene00197872.,0,0,0
WBGene00197873.,0,8,8
WBGene00197874.,0,5,5
WBGene00197875.,0,13,13
WBGene00197876.,0,2,2
WBGene00197877.,0,0,0
WBGene00197878.,0,0,0
WBGene00197879.,0,23,23
WBGene00197880.,0,6,6
WBGene00197881.,0,0,0
WBGene00197882.,0,0,0
WBGene00197883.,0,26,26
WBGene00197884.,0,8,8
WBGene00197885.,0,2,2
WBGene00197886.,0,0,0
WBGene00197887.,0,5,5
WBGene00197888.,0,0,0
WBGene00197889.,0,6,6
WBGene00197890.,0,2,2
WBGene00197891.,0,0,0
WBGene00197892.,0,0,0
WBGene00197893.,0,0,0
WBGene00197894.,0,0,0
WBGene00197895.,0,1,1
WBGene00197896.,0,27,27
WBGene00197897.,0,0,0
WBGene00197898.,0,3,3
WBGene00197899.,0,8,8
WBGene00197900.,0,0,0
WBGene00197901.,0,0,0
WBGene00197902.,0,0,0
WBGene00197903.,0,10,10
WBGene00197904.,0,0,0
WBGene00197905.,0,0,0
WBGene00197906.,0,81,81
WBGene00197907.,0,0,0
WBGene00197908.,0,0,0
WBGene00197909.,0,11,11
WBGene00197910.,0,0,0
WBGene00197911.,0,0,0
WBGene00197912.,0,2,2
WBGene00197913.,0,2,2
WBGene00197914.,0,1,1
WBGene00197915.,0,0,0
WBGene00197916.,0,0,0
WBGene00197917.,0,0,0
WBGene00197918.,0,0,0
WBGene00197919.,0,0,0
WBGene00197920.,0,1,1
WBGene00197921.,0,275,275
WBGene00197922.,0,0,0
WBGene00197923.,0,62,62
WBGene00197924.,0,1,1
WBGene00197925.,0,0,0
WBGene00197926.,0,0,0
WBGene00197927.,0,2,2
WBGene00197928.,0,0,0
WBGene00197929.,0,0,0
WBGene00197930.,0,0,0
WBGene00197931.,0,3,3
WBGene00197932.,0,0,0
WBGene00197933.,0,0,0
WBGene00197934.,0,33,33
WBGene00197935.,0,0,0
WBGene00197936.,0,0,0
WBGene00197937.,0,0,0
WBGene00197938.,0,0,0
WBGene00197939.,0,1,1
WBGene00197940.,0,1,1
WBGene00197941.,0,5,5
WBGene00197942.,0,1,1
WBGene00197943.,0,0,0
WBGene00197944.,0,15,15
WBGene00197945.,0,6,6
WBGene00197946.,0,4,4
WBGene00197947.,0,0,0
WBGene00197948.,0,0,0
WBGene00197949.,0,11,11
WBGene00197950.,0,0,0
WBGene00197951.,0,3,3
WBGene00197952.,0,2,2
WBGene00197953.,0,1,1
WBGene00197954.,0,0,0
WBGene00197955.,0,1,1
WBGene00197956.,0,0,0
WBGene00197957.,0,2,2
WBGene00197958.,0,1,1
WBGene00197959.,0,11,11
WBGene00197960.,0,3,3
WBGene00197961.,0,1,1
WBGene00197962.,0,0,0
WBGene00197963.,0,0,0
WBGene00197964.,0,0,0
WBGene00197965.,0,2,2
WBGene00197966.,0,0,0
WBGene00197967.,0,2,2
WBGene00197968.,0,0,0
WBGene00197969.,0,4,4
WBGene00197970.,0,0,0
WBGene00197971.,0,24,24
WBGene00197972.,0,0,0
WBGene00197973.,0,15,15
WBGene00197974.,0,0,0
WBGene00197975.,0,0,0
WBGene00197976.,0,1,1
WBGene00197977.,0,0,0
WBGene00197978.,0,0,0
WBGene00197979.,0,0,0
WBGene00197980.,0,0,0
WBGene00197981.,0,0,0
WBGene00197982.,0,0,0
WBGene00197983.,0,6,6
WBGene00197984.,0,3,3
WBGene00197985.,0,0,0
WBGene00197986.,0,0,0
WBGene00197987.,0,3,3
WBGene00197988.,0,0,0
WBGene00197989.,0,2,2
WBGene00197990.,0,0,0
WBGene00197991.,0,8,8
WBGene00197992.,0,2,2
WBGene00197993.,0,0,0
WBGene00197994.,0,0,0
WBGene00197995.,0,14,14
WBGene00197996.,0,0,0
WBGene00197997.,0,0,0
WBGene00197998.,0,0,0
WBGene00197999.,0,0,0
WBGene00198000.,0,10,10
WBGene00198001.,0,0,0
WBGene00198002.,0,0,0
WBGene00198003.,0,1,1
WBGene00198004.,0,4,4
WBGene00198005.,0,0,0
WBGene00198006.,0,0,0
WBGene00198007.,0,1,1
WBGene00198008.,0,2,2
WBGene00198009.,0,0,0
WBGene00198010.,0,0,0
WBGene00198011.,0,0,0
WBGene00198012.,0,0,0
WBGene00198013.,0,0,0
WBGene00198014.,0,16,16
WBGene00198015.,0,0,0
WBGene00198016.,0,0,0
WBGene00198017.,0,0,0
WBGene00198018.,0,2,2
WBGene00198019.,0,8,8
WBGene00198020.,0,2,2
WBGene00198021.,0,30,30
WBGene00198022.,0,0,0
WBGene00198023.,0,0,0
WBGene00198024.,0,0,0
WBGene00198025.,0,8,8
WBGene00198026.,0,0,0
WBGene00198027.,0,1,1
WBGene00198028.,0,2,2
WBGene00198029.,0,1,1
WBGene00198030.,0,0,0
WBGene00198031.,0,0,0
WBGene00198032.,0,0,0
WBGene00198033.,0,0,0
WBGene00198034.,0,0,0
WBGene00198035.,0,0,0
WBGene00198036.,0,2,2
WBGene00198037.,0,1,1
WBGene00198038.,0,0,0
WBGene00198039.,0,0,0
WBGene00198040.,0,2,2
WBGene00198041.,0,0,0
WBGene00198042.,0,1,1
WBGene00198043.,0,1,1
WBGene00198044.,0,0,0
WBGene00198045.,0,0,0
WBGene00198046.,0,0,0
WBGene00198047.,0,22,22
WBGene00198048.,0,0,0
WBGene00198049.,0,0,0
WBGene00198050.,0,0,0
WBGene00198051.,0,0,0
WBGene00198052.,0,0,0
WBGene00198053.,0,2,2
WBGene00198054.,0,0,0
WBGene00198055.,0,1,1
WBGene00198056.,0,1,1
WBGene00198057.,0,5,5
WBGene00198058.,0,0,0
WBGene00198059.,0,1,1
WBGene00198060.,0,0,0
WBGene00198061.,0,1,1
WBGene00198062.,0,0,0
WBGene00198063.,0,0,0
WBGene00198064.,0,10,10
WBGene00198065.,0,3,3
WBGene00198066.,0,2,2
WBGene00198067.,0,0,0
WBGene00198068.,0,3,3
WBGene00198069.,0,0,0
WBGene00198070.,0,0,0
WBGene00198071.,0,0,0
WBGene00198072.,0,0,0
WBGene00198073.,0,0,0
WBGene00198074.,0,0,0
WBGene00198075.,0,42,42
WBGene00198076.,0,0,0
WBGene00198077.,0,0,0
WBGene00198078.,0,0,0
WBGene00198079.,0,0,0
WBGene00198080.,0,0,0
WBGene00198081.,0,0,0
WBGene00198082.,0,0,0
WBGene00198083.,0,2,2
WBGene00198084.,0,0,0
WBGene00198085.,0,4,4
WBGene00198086.,0,0,0
WBGene00198087.,0,0,0
WBGene00198088.,0,35,35
WBGene00198089.,0,0,0
WBGene00198090.,0,1,1
WBGene00198091.,0,6,6
WBGene00198092.,0,0,0
WBGene00198093.,0,23,23
WBGene00198094.,0,13,13
WBGene00198095.,0,2,2
WBGene00198096.,0,7,7
WBGene00198097.,0,0,0
WBGene00198098.,0,0,0
WBGene00198099.,0,0,0
WBGene00198100.,0,0,0
WBGene00198101.,0,3,3
WBGene00198102.,0,0,0
WBGene00198103.,0,0,0
WBGene00198104.,0,11,11
WBGene00198105.,0,2,2
WBGene00198106.,0,2,2
WBGene00198107.,0,0,0
WBGene00198108.,0,23,23
WBGene00198109.,0,1,1
WBGene00198110.,0,7,7
WBGene00198111.,0,1,1
WBGene00198112.,0,1,1
WBGene00198113.,0,2,2
WBGene00198114.,0,0,0
WBGene00198115.,0,5,5
WBGene00198116.,0,4,4
WBGene00198117.,0,1,1
WBGene00198118.,0,0,0
WBGene00198119.,0,37,37
WBGene00198120.,0,19,19
WBGene00198121.,0,1,1
WBGene00198122.,0,4,4
WBGene00198123.,0,0,0
WBGene00198124.,0,46,46
WBGene00198125.,0,0,0
WBGene00198126.,0,1,1
WBGene00198127.,0,12,12
WBGene00198128.,0,0,0
WBGene00198129.,0,0,0
WBGene00198130.,0,3,3
WBGene00198131.,0,1,1
WBGene00198132.,0,1,1
WBGene00198133.,0,0,0
WBGene00198134.,0,9,9
WBGene00198135.,0,4,4
WBGene00198136.,0,7,7
WBGene00198137.,0,1,1
WBGene00198138.,0,1,1
WBGene00198139.,0,3,3
WBGene00198140.,0,0,0
WBGene00198141.,0,1,1
WBGene00198142.,0,11,11
WBGene00198143.,0,1,1
WBGene00198144.,0,2,2
WBGene00198145.,0,0,0
WBGene00198146.,0,0,0
WBGene00198147.,0,0,0
WBGene00198148.,0,2,2
WBGene00198149.,0,2,2
WBGene00198150.,0,2,2
WBGene00198151.,0,0,0
WBGene00198152.,0,0,0
WBGene00198153.,0,6,6
WBGene00198154.,0,5,5
WBGene00198155.,0,0,0
WBGene00198156.,0,0,0
WBGene00198157.,0,4,4
WBGene00198158.,0,1,1
WBGene00198159.,0,2,2
WBGene00198160.,0,2,2
WBGene00198161.,0,0,0
WBGene00198162.,0,24,24
WBGene00198163.,0,0,0
WBGene00198164.,0,0,0
WBGene00198165.,0,0,0
WBGene00198166.,0,0,0
WBGene00198167.,0,5,5
WBGene00198168.,0,0,0
WBGene00198169.,0,19,19
WBGene00198170.,0,0,0
WBGene00198171.,0,12,12
WBGene00198172.,0,0,0
WBGene00198173.,0,0,0
WBGene00198174.,0,19,19
WBGene00198175.,0,2,2
WBGene00198176.,0,1,1
WBGene00198177.,0,0,0
WBGene00198178.,0,17,17
WBGene00198179.,0,0,0
WBGene00198180.,0,0,0
WBGene00198181.,0,1,1
WBGene00198182.,0,15,15
WBGene00198183.,0,10,10
WBGene00198184.,0,4,4
WBGene00198185.,0,3,3
WBGene00198186.,0,1,1
WBGene00198187.,0,0,0
WBGene00198188.,0,2,2
WBGene00198189.,0,0,0
WBGene00198190.,0,1,1
WBGene00198191.,0,1,1
WBGene00198192.,0,1,1
WBGene00198193.,0,2,2
WBGene00198194.,0,1,1
WBGene00198195.,0,1,1
WBGene00198196.,0,1,1
WBGene00198197.,0,0,0
WBGene00198198.,0,0,0
WBGene00198199.,0,0,0
WBGene00198200.,0,4,4
WBGene00198201.,0,0,0
WBGene00198202.,0,0,0
WBGene00198203.,0,0,0
WBGene00198204.,0,0,0
WBGene00198205.,0,0,0
WBGene00198206.,0,1,1
WBGene00198207.,0,0,0
WBGene00198208.,0,0,0
WBGene00198209.,0,9,9
WBGene00198210.,0,6,6
WBGene00198211.,0,0,0
WBGene00198212.,0,0,0
WBGene00198213.,0,14,14
WBGene00198214.,0,15,15
WBGene00198215.,0,4,4
WBGene00198216.,0,14,14
WBGene00198217.,0,0,0
WBGene00198218.,0,0,0
WBGene00198219.,0,0,0
WBGene00198220.,0,0,0
WBGene00198221.,0,1,1
WBGene00198222.,0,0,0
WBGene00198223.,0,1,1
WBGene00198224.,0,4,4
WBGene00198225.,0,28,28
WBGene00198226.,0,3,3
WBGene00198227.,0,1,1
WBGene00198228.,0,0,0
WBGene00198229.,0,4,4
WBGene00198230.,0,1,1
WBGene00198231.,0,0,0
WBGene00198232.,0,2,2
WBGene00198233.,0,0,0
WBGene00198234.,0,18,18
WBGene00198235.,0,0,0
WBGene00198236.,0,2,2
WBGene00198237.,0,1,1
WBGene00198238.,0,0,0
WBGene00198239.,0,0,0
WBGene00198240.,0,2,2
WBGene00198241.,0,3,3
WBGene00198242.,0,42,42
WBGene00198243.,0,0,0
WBGene00198244.,0,2,2
WBGene00198245.,0,0,0
WBGene00198246.,0,6,6
WBGene00198247.,0,2,2
WBGene00198248.,0,0,0
WBGene00198249.,0,3,3
WBGene00198250.,0,0,0
WBGene00198251.,0,0,0
WBGene00198252.,0,0,0
WBGene00198253.,0,0,0
WBGene00198254.,0,0,0
WBGene00198255.,0,0,0
WBGene00198256.,0,1,1
WBGene00198257.,0,21,21
WBGene00198258.,0,10,10
WBGene00198259.,0,3,3
WBGene00198260.,0,8,8
WBGene00198261.,0,0,0
WBGene00198262.,0,9,9
WBGene00198263.,0,2,2
WBGene00198264.,0,3,3
WBGene00198265.,0,0,0
WBGene00198266.,0,1,1
WBGene00198267.,0,0,0
WBGene00198268.,0,0,0
WBGene00198269.,0,0,0
WBGene00198270.,0,16,16
WBGene00198271.,0,0,0
WBGene00198272.,0,0,0
WBGene00198273.,0,1,1
WBGene00198274.,0,0,0
WBGene00198275.,0,0,0
WBGene00198276.,0,0,0
WBGene00198277.,0,20,20
WBGene00198278.,0,4,4
WBGene00198279.,0,2,2
WBGene00198280.,0,3,3
WBGene00198281.,0,3,3
WBGene00198282.,0,2,2
WBGene00198283.,0,1,1
WBGene00198284.,0,2,2
WBGene00198285.,0,0,0
WBGene00198286.,0,2,2
WBGene00198287.,0,8,8
WBGene00198288.,0,0,0
WBGene00198289.,0,1,1
WBGene00198290.,0,4,4
WBGene00198291.,0,0,0
WBGene00198292.,0,1,1
WBGene00198293.,0,0,0
WBGene00198294.,0,0,0
WBGene00198295.,0,0,0
WBGene00198296.,0,0,0
WBGene00198297.,0,0,0
WBGene00198298.,0,17,17
WBGene00198299.,0,2,2
WBGene00198300.,0,158,158
WBGene00198301.,0,1,1
WBGene00198302.,0,0,0
WBGene00198303.,0,7,7
WBGene00198304.,0,1,1
WBGene00198305.,0,0,0
WBGene00198306.,0,2,2
WBGene00198307.,0,40,40
WBGene00198308.,0,1,1
WBGene00198309.,0,1,1
WBGene00198310.,0,5,5
WBGene00198311.,0,7,7
WBGene00198312.,0,13,13
WBGene00198313.,0,0,0
WBGene00198314.,0,0,0
WBGene00198315.,0,31,31
WBGene00198316.,0,1,1
WBGene00198317.,0,0,0
WBGene00198318.,0,0,0
WBGene00198319.,0,0,0
WBGene00198320.,0,13,13
WBGene00198321.,0,0,0
WBGene00198322.,0,0,0
WBGene00198323.,0,0,0
WBGene00198324.,0,0,0
WBGene00198325.,0,1,1
WBGene00198326.,0,45,45
WBGene00198327.,0,4,4
WBGene00198328.,0,0,0
WBGene00198329.,0,0,0
WBGene00198330.,0,0,0
WBGene00198331.,0,6,6
WBGene00198332.,0,0,0
WBGene00198333.,0,0,0
WBGene00198334.,0,2,2
WBGene00198335.,0,0,0
WBGene00198336.,0,0,0
WBGene00198337.,0,1,1
WBGene00198338.,0,0,0
WBGene00198339.,0,1,1
WBGene00198340.,0,2,2
WBGene00198341.,0,11,11
WBGene00198342.,0,0,0
WBGene00198343.,0,0,0
WBGene00198344.,0,9,9
WBGene00198345.,0,0,0
WBGene00198346.,0,1,1
WBGene00198347.,0,0,0
WBGene00198348.,0,10,10
WBGene00198349.,0,1,1
WBGene00198350.,0,2,2
WBGene00198351.,0,0,0
WBGene00198352.,0,0,0
WBGene00198353.,0,0,0
WBGene00198354.,0,5,5
WBGene00198355.,0,2,2
WBGene00198356.,0,0,0
WBGene00198357.,0,0,0
WBGene00198358.,0,0,0
WBGene00198359.,0,0,0
WBGene00198360.,0,3,3
WBGene00198361.,0,1,1
WBGene00198362.,0,0,0
WBGene00198363.,0,0,0
WBGene00198364.,0,27,27
WBGene00198365.,0,46,46
WBGene00198366.,0,1,1
WBGene00198367.,0,3,3
WBGene00198368.,0,36,36
WBGene00198369.,0,1,1
WBGene00198370.,0,6,6
WBGene00198371.,0,0,0
WBGene00198372.,0,2,2
WBGene00198373.,0,0,0
WBGene00198374.,0,0,0
WBGene00198375.,0,0,0
WBGene00198376.,0,1,1
WBGene00198377.,0,2,2
WBGene00198378.,0,0,0
WBGene00198379.,0,9,9
WBGene00198380.,0,1,1
WBGene00198381.,0,8,8
WBGene00198382.,0,0,0
WBGene00198383.,0,1,1
WBGene00198384.,0,0,0
WBGene00198385.,0,5,5
WBGene00198386.,0,3,3
WBGene00198387.,0,1,1
WBGene00198388.,0,0,0
WBGene00198389.,0,0,0
WBGene00198390.,0,0,0
WBGene00198391.,0,0,0
WBGene00198392.,0,0,0
WBGene00198393.,0,29,29
WBGene00198394.,0,0,0
WBGene00198395.,0,1,1
WBGene00198396.,0,5,5
WBGene00198397.,0,5,5
WBGene00198398.,0,2,2
WBGene00198399.,0,15,15
WBGene00198400.,0,0,0
WBGene00198401.,0,3,3
WBGene00198402.,0,4,4
WBGene00198403.,0,2,2
WBGene00198404.,0,5,5
WBGene00198405.,0,0,0
WBGene00198406.,0,9,9
WBGene00198407.,0,0,0
WBGene00198408.,0,0,0
WBGene00198409.,0,1,1
WBGene00198410.,0,0,0
WBGene00198411.,0,0,0
WBGene00198412.,0,0,0
WBGene00198413.,0,4,4
WBGene00198414.,0,1,1
WBGene00198415.,0,0,0
WBGene00198416.,0,0,0
WBGene00198417.,0,0,0
WBGene00198418.,0,0,0
WBGene00198419.,0,7,7
WBGene00198420.,0,1,1
WBGene00198421.,0,0,0
WBGene00198422.,0,0,0
WBGene00198423.,0,5,5
WBGene00198424.,0,0,0
WBGene00198425.,0,0,0
WBGene00198426.,0,20,20
WBGene00198427.,0,1,1
WBGene00198428.,0,0,0
WBGene00198429.,0,71,71
WBGene00198430.,0,1,1
WBGene00198431.,0,1,1
WBGene00198432.,0,0,0
WBGene00198433.,0,3,3
WBGene00198434.,0,0,0
WBGene00198435.,0,0,0
WBGene00198436.,0,3,3
WBGene00198437.,0,0,0
WBGene00198438.,0,0,0
WBGene00198439.,0,0,0
WBGene00198440.,0,2,2
WBGene00198441.,0,8,8
WBGene00198442.,0,0,0
WBGene00198443.,0,0,0
WBGene00198444.,0,1,1
WBGene00198445.,0,1,1
WBGene00198446.,0,0,0
WBGene00198447.,0,0,0
WBGene00198448.,0,0,0
WBGene00198449.,0,0,0
WBGene00198450.,0,2,2
WBGene00198451.,0,0,0
WBGene00198452.,0,0,0
WBGene00198453.,0,1,1
WBGene00198454.,0,0,0
WBGene00198455.,0,1,1
WBGene00198456.,0,0,0
WBGene00198457.,0,1,1
WBGene00198458.,0,0,0
WBGene00198459.,0,0,0
WBGene00198460.,0,0,0
WBGene00198461.,0,0,0
WBGene00198462.,0,0,0
WBGene00198463.,0,0,0
WBGene00198464.,0,3,3
WBGene00198465.,0,4,4
WBGene00198466.,0,15,15
WBGene00198467.,0,0,0
WBGene00198468.,0,19,19
WBGene00198469.,0,1,1
WBGene00198470.,0,0,0
WBGene00198471.,0,0,0
WBGene00198472.,0,4,4
WBGene00198473.,0,0,0
WBGene00198474.,0,4,4
WBGene00198475.,0,1,1
WBGene00198476.,0,1,1
WBGene00198477.,0,0,0
WBGene00198478.,0,0,0
WBGene00198479.,0,0,0
WBGene00198480.,0,2,2
WBGene00198481.,0,0,0
WBGene00198482.,0,1,1
WBGene00198483.,0,0,0
WBGene00198484.,0,0,0
WBGene00198485.,0,10,10
WBGene00198486.,0,0,0
WBGene00198487.,0,0,0
WBGene00198488.,0,0,0
WBGene00198489.,0,3,3
WBGene00198490.,0,3,3
WBGene00198491.,0,6,6
WBGene00198492.,0,0,0
WBGene00198493.,0,0,0
WBGene00198494.,0,2,2
WBGene00198495.,0,2,2
WBGene00198496.,0,3,3
WBGene00198497.,0,4,4
WBGene00198498.,0,0,0
WBGene00198499.,0,1,1
WBGene00198500.,0,2,2
WBGene00198501.,0,2,2
WBGene00198502.,0,0,0
WBGene00198503.,0,0,0
WBGene00198504.,0,0,0
WBGene00198505.,0,0,0
WBGene00198506.,0,25,25
WBGene00198507.,0,1,1
WBGene00198508.,0,0,0
WBGene00198509.,0,1,1
WBGene00198510.,0,0,0
WBGene00198511.,0,2,2
WBGene00198512.,0,11,11
WBGene00198513.,0,1,1
WBGene00198514.,0,0,0
WBGene00198515.,0,20,20
WBGene00198516.,0,2,2
WBGene00198517.,0,3,3
WBGene00198518.,0,0,0
WBGene00198519.,0,4,4
WBGene00198520.,0,2,2
WBGene00198521.,0,0,0
WBGene00198522.,0,3,3
WBGene00198523.,0,12,12
WBGene00198524.,0,0,0
WBGene00198525.,0,1,1
WBGene00198526.,0,4,4
WBGene00198527.,0,0,0
WBGene00198528.,0,1,1
WBGene00198529.,0,6,6
WBGene00198530.,0,16,16
WBGene00198531.,0,0,0
WBGene00198532.,0,3,3
WBGene00198533.,0,0,0
WBGene00198534.,0,6,6
WBGene00198535.,0,5,5
WBGene00198536.,0,13,13
WBGene00198537.,0,0,0
WBGene00198538.,0,0,0
WBGene00198539.,0,0,0
WBGene00198540.,0,2,2
WBGene00198541.,0,1,1
WBGene00198542.,0,10,10
WBGene00198543.,0,0,0
WBGene00198544.,0,0,0
WBGene00198545.,0,0,0
WBGene00198546.,0,1,1
WBGene00198547.,0,0,0
WBGene00198548.,0,0,0
WBGene00198549.,0,4,4
WBGene00198550.,0,18,18
WBGene00198551.,0,6,6
WBGene00198552.,0,4,4
WBGene00198553.,0,0,0
WBGene00198554.,0,11,11
WBGene00198555.,0,0,0
WBGene00198556.,0,0,0
WBGene00198557.,0,0,0
WBGene00198558.,0,15,15
WBGene00198559.,0,0,0
WBGene00198560.,0,0,0
WBGene00198561.,0,0,0
WBGene00198562.,0,0,0
WBGene00198563.,0,49,49
WBGene00198564.,0,1,1
WBGene00198565.,0,2,2
WBGene00198566.,0,0,0
WBGene00198567.,0,0,0
WBGene00198568.,0,8,8
WBGene00198569.,0,1,1
WBGene00198570.,0,0,0
WBGene00198571.,0,0,0
WBGene00198572.,0,0,0
WBGene00198573.,0,0,0
WBGene00198574.,0,2,2
WBGene00198575.,0,38,38
WBGene00198576.,0,3,3
WBGene00198577.,0,0,0
WBGene00198578.,0,1,1
WBGene00198579.,0,2,2
WBGene00198580.,0,0,0
WBGene00198581.,0,2,2
WBGene00198582.,0,5,5
WBGene00198583.,0,0,0
WBGene00198584.,0,0,0
WBGene00198585.,0,17,17
WBGene00198586.,0,3,3
WBGene00198587.,0,1,1
WBGene00198588.,0,0,0
WBGene00198589.,0,1,1
WBGene00198590.,0,0,0
WBGene00198591.,0,0,0
WBGene00198592.,0,0,0
WBGene00198593.,0,4,4
WBGene00198594.,0,8,8
WBGene00198595.,0,4,4
WBGene00198596.,0,29,29
WBGene00198597.,0,0,0
WBGene00198598.,0,8,8
WBGene00198599.,0,5,5
WBGene00198600.,0,0,0
WBGene00198601.,0,4,4
WBGene00198602.,0,1,1
WBGene00198603.,0,1,1
WBGene00198604.,0,4,4
WBGene00198605.,0,0,0
WBGene00198606.,0,0,0
WBGene00198607.,0,1,1
WBGene00198608.,0,13,13
WBGene00198609.,0,0,0
WBGene00198610.,0,0,0
WBGene00198611.,0,0,0
WBGene00198612.,0,0,0
WBGene00198613.,0,1,1
WBGene00198614.,0,1,1
WBGene00198615.,0,0,0
WBGene00198616.,0,0,0
WBGene00198617.,0,0,0
WBGene00198618.,0,6,6
WBGene00198619.,0,0,0
WBGene00198620.,0,4,4
WBGene00198621.,0,94,94
WBGene00198622.,0,0,0
WBGene00198623.,0,2,2
WBGene00198624.,0,0,0
WBGene00198625.,0,0,0
WBGene00198626.,0,0,0
WBGene00198627.,0,0,0
WBGene00198628.,0,0,0
WBGene00198629.,0,3,3
WBGene00198630.,0,0,0
WBGene00198631.,0,12,12
WBGene00198632.,0,1,1
WBGene00198633.,0,6,6
WBGene00198634.,0,30,30
WBGene00198635.,0,2,2
WBGene00198636.,0,1,1
WBGene00198637.,0,14,14
WBGene00198638.,0,2,2
WBGene00198639.,0,1,1
WBGene00198640.,0,2,2
WBGene00198641.,0,17,17
WBGene00198642.,0,167,167
WBGene00198643.,0,0,0
WBGene00198644.,0,2,2
WBGene00198645.,0,17,17
WBGene00198646.,0,4,4
WBGene00198647.,0,0,0
WBGene00198648.,0,0,0
WBGene00198649.,0,2,2
WBGene00198650.,0,6,6
WBGene00198651.,0,0,0
WBGene00198652.,0,0,0
WBGene00198653.,0,0,0
WBGene00198654.,0,0,0
WBGene00198655.,0,3,3
WBGene00198656.,0,0,0
WBGene00198657.,0,0,0
WBGene00198658.,0,12,12
WBGene00198659.,0,0,0
WBGene00198660.,0,0,0
WBGene00198661.,0,0,0
WBGene00198662.,0,11,11
WBGene00198663.,0,0,0
WBGene00198664.,0,3,3
WBGene00198665.,0,2,2
WBGene00198666.,0,0,0
WBGene00198667.,0,0,0
WBGene00198668.,0,7,7
WBGene00198669.,0,0,0
WBGene00198670.,0,1,1
WBGene00198671.,0,2,2
WBGene00198672.,0,0,0
WBGene00198673.,0,0,0
WBGene00198674.,0,1,1
WBGene00198675.,0,0,0
WBGene00198676.,0,0,0
WBGene00198677.,0,3,3
WBGene00198678.,0,0,0
WBGene00198679.,0,3,3
WBGene00198680.,0,1,1
WBGene00198681.,0,1,1
WBGene00198682.,0,0,0
WBGene00198683.,0,15,15
WBGene00198684.,0,0,0
WBGene00198685.,0,0,0
WBGene00198686.,0,0,0
WBGene00198687.,0,0,0
WBGene00198688.,0,2,2
WBGene00198689.,0,1,1
WBGene00198690.,0,0,0
WBGene00198691.,0,0,0
WBGene00198692.,0,6,6
WBGene00198693.,0,0,0
WBGene00198694.,0,0,0
WBGene00198695.,0,0,0
WBGene00198696.,0,2,2
WBGene00198697.,0,16,16
WBGene00198698.,0,0,0
WBGene00198699.,0,0,0
WBGene00198700.,0,0,0
WBGene00198701.,0,9,9
WBGene00198702.,0,0,0
WBGene00198703.,0,4,4
WBGene00198704.,0,3,3
WBGene00198705.,0,0,0
WBGene00198706.,0,8,8
WBGene00198707.,0,4,4
WBGene00198708.,0,0,0
WBGene00198709.,0,6,6
WBGene00198710.,0,0,0
WBGene00198711.,0,0,0
WBGene00198712.,0,0,0
WBGene00198713.,0,12,12
WBGene00198714.,0,3,3
WBGene00198715.,0,0,0
WBGene00198716.,0,5,5
WBGene00198717.,0,1,1
WBGene00198718.,0,3,3
WBGene00198719.,0,0,0
WBGene00198720.,0,0,0
WBGene00198721.,0,30,30
WBGene00198722.,0,4,4
WBGene00198723.,0,0,0
WBGene00198724.,0,2,2
WBGene00198725.,0,0,0
WBGene00198726.,0,1,1
WBGene00198727.,0,0,0
WBGene00198728.,0,1,1
WBGene00198729.,0,2,2
WBGene00198730.,0,0,0
WBGene00198731.,0,12,12
WBGene00198732.,0,3,3
WBGene00198733.,0,0,0
WBGene00198734.,0,1,1
WBGene00198735.,0,0,0
WBGene00198736.,0,0,0
WBGene00198737.,0,11,11
WBGene00198738.,0,0,0
WBGene00198739.,0,1,1
WBGene00198740.,0,6,6
WBGene00198741.,0,1,1
WBGene00198742.,0,0,0
WBGene00198743.,0,1,1
WBGene00198744.,0,5,5
WBGene00198745.,0,0,0
WBGene00198746.,0,10,10
WBGene00198747.,0,1,1
WBGene00198748.,0,3,3
WBGene00198749.,0,10,10
WBGene00198750.,0,0,0
WBGene00198751.,0,0,0
WBGene00198752.,0,0,0
WBGene00198753.,0,3,3
WBGene00198754.,0,1,1
WBGene00198755.,0,0,0
WBGene00198756.,0,38,38
WBGene00198757.,0,0,0
WBGene00198758.,0,0,0
WBGene00198759.,0,6,6
WBGene00198760.,0,1,1
WBGene00198761.,0,2,2
WBGene00198762.,0,0,0
WBGene00198763.,0,0,0
WBGene00198764.,0,5,5
WBGene00198765.,0,0,0
WBGene00198766.,0,0,0
WBGene00198767.,0,1,1
WBGene00198768.,0,4,4
WBGene00198769.,0,0,0
WBGene00198770.,0,0,0
WBGene00198771.,0,3,3
WBGene00198772.,0,0,0
WBGene00198773.,0,0,0
WBGene00198774.,0,5,5
WBGene00198775.,0,2,2
WBGene00198776.,0,2,2
WBGene00198777.,0,2,2
WBGene00198778.,0,0,0
WBGene00198779.,0,0,0
WBGene00198780.,0,4,4
WBGene00198781.,0,0,0
WBGene00198782.,0,24,24
WBGene00198783.,0,2,2
WBGene00198784.,0,0,0
WBGene00198785.,0,0,0
WBGene00198786.,0,7,7
WBGene00198787.,0,0,0
WBGene00198788.,0,0,0
WBGene00198789.,0,0,0
WBGene00198790.,0,1,1
WBGene00198791.,0,0,0
WBGene00198792.,0,1,1
WBGene00198793.,0,0,0
WBGene00198794.,0,0,0
WBGene00198795.,0,3,3
WBGene00198796.,0,0,0
WBGene00198797.,0,1,1
WBGene00198798.,0,17,17
WBGene00198799.,0,3,3
WBGene00198800.,0,0,0
WBGene00198801.,0,0,0
WBGene00198802.,0,0,0
WBGene00198803.,0,5,5
WBGene00198804.,0,15,15
WBGene00198805.,0,0,0
WBGene00198806.,0,0,0
WBGene00198807.,0,2,2
WBGene00198808.,0,0,0
WBGene00198809.,0,2,2
WBGene00198810.,0,31,31
WBGene00198811.,0,4,4
WBGene00198812.,0,1,1
WBGene00198813.,0,0,0
WBGene00198814.,0,30337,30337
WBGene00198815.,0,0,0
WBGene00198816.,0,0,0
WBGene00198817.,0,0,0
WBGene00198818.,0,0,0
WBGene00198819.,0,1,1
WBGene00198820.,0,2,2
WBGene00198821.,0,0,0
WBGene00198822.,0,3,3
WBGene00198823.,0,0,0
WBGene00198824.,0,0,0
WBGene00198825.,0,0,0
WBGene00198826.,0,4,4
WBGene00198827.,0,12,12
WBGene00198828.,0,1,1
WBGene00198829.,0,0,0
WBGene00198830.,0,2,2
WBGene00198831.,0,1,1
WBGene00198832.,0,3,3
WBGene00198833.,0,1,1
WBGene00198834.,0,1,1
WBGene00198835.,0,0,0
WBGene00198836.,0,2,2
WBGene00198837.,0,0,0
WBGene00198838.,0,0,0
WBGene00198839.,0,0,0
WBGene00198840.,0,2,2
WBGene00198841.,0,2,2
WBGene00198842.,0,0,0
WBGene00198843.,0,1,1
WBGene00198844.,0,0,0
WBGene00198845.,0,0,0
WBGene00198846.,0,0,0
WBGene00198847.,0,0,0
WBGene00198848.,0,0,0
WBGene00198849.,0,1,1
WBGene00198850.,0,0,0
WBGene00198851.,0,1,1
WBGene00198852.,0,19,19
WBGene00198853.,0,10,10
WBGene00198854.,0,0,0
WBGene00198855.,0,9,9
WBGene00198856.,0,11,11
WBGene00198857.,0,0,0
WBGene00198858.,0,2,2
WBGene00198859.,0,0,0
WBGene00198860.,0,0,0
WBGene00198861.,0,0,0
WBGene00198862.,0,1,1
WBGene00198863.,0,1,1
WBGene00198864.,0,4,4
WBGene00198865.,0,0,0
WBGene00198866.,0,0,0
WBGene00198867.,0,0,0
WBGene00198868.,0,1,1
WBGene00198869.,0,0,0
WBGene00198870.,0,1,1
WBGene00198871.,0,0,0
WBGene00198872.,0,0,0
WBGene00198873.,0,3,3
WBGene00198874.,0,1,1
WBGene00198875.,0,0,0
WBGene00198876.,0,0,0
WBGene00198877.,0,0,0
WBGene00198878.,0,2,2
WBGene00198879.,0,2,2
WBGene00198880.,0,1,1
WBGene00198881.,0,0,0
WBGene00198882.,0,9,9
WBGene00198883.,0,0,0
WBGene00198884.,0,0,0
WBGene00198885.,0,6,6
WBGene00198886.,0,0,0
WBGene00198887.,0,10,10
WBGene00198888.,0,0,0
WBGene00198889.,0,0,0
WBGene00198890.,0,43,43
WBGene00198891.,0,0,0
WBGene00198892.,0,0,0
WBGene00198893.,0,0,0
WBGene00198894.,0,0,0
WBGene00198895.,0,1,1
WBGene00198896.,0,8,8
WBGene00198897.,0,4,4
WBGene00198898.,0,5,5
WBGene00198899.,0,1,1
WBGene00198900.,0,4,4
WBGene00198901.,0,5,5
WBGene00198902.,0,0,0
WBGene00198903.,0,0,0
WBGene00198904.,0,9,9
WBGene00198905.,0,13,13
WBGene00198906.,0,0,0
WBGene00198907.,0,6,6
WBGene00198908.,0,2,2
WBGene00198909.,0,0,0
WBGene00198910.,0,0,0
WBGene00198911.,0,0,0
WBGene00198912.,0,1,1
WBGene00198913.,0,0,0
WBGene00198914.,0,9,9
WBGene00198915.,0,0,0
WBGene00198916.,0,4,4
WBGene00198917.,0,2,2
WBGene00198918.,0,4,4
WBGene00198919.,0,0,0
WBGene00198920.,0,0,0
WBGene00198921.,0,0,0
WBGene00198922.,0,0,0
WBGene00198923.,0,0,0
WBGene00198924.,0,0,0
WBGene00198925.,0,0,0
WBGene00198926.,0,0,0
WBGene00198927.,0,13,13
WBGene00198928.,0,0,0
WBGene00198929.,0,50,50
WBGene00198930.,0,1,1
WBGene00198931.,0,1,1
WBGene00198932.,0,0,0
WBGene00198933.,0,2,2
WBGene00198934.,0,7,7
WBGene00198935.,0,5,5
WBGene00198936.,0,0,0
WBGene00198937.,0,0,0
WBGene00198938.,0,1,1
WBGene00198939.,0,0,0
WBGene00198940.,0,1,1
WBGene00198941.,0,2,2
WBGene00198942.,0,1,1
WBGene00198943.,0,0,0
WBGene00198944.,0,1,1
WBGene00198945.,0,2,2
WBGene00198946.,0,4,4
WBGene00198947.,0,0,0
WBGene00198948.,0,0,0
WBGene00198949.,0,0,0
WBGene00198950.,0,5,5
WBGene00198951.,0,2,2
WBGene00198952.,0,0,0
WBGene00198953.,0,0,0
WBGene00198954.,0,5,5
WBGene00198955.,0,25,25
WBGene00198956.,0,1,1
WBGene00198957.,0,0,0
WBGene00198958.,0,1,1
WBGene00198959.,0,10,10
WBGene00198960.,0,1,1
WBGene00198961.,0,11,11
WBGene00198962.,0,1,1
WBGene00198963.,0,2,2
WBGene00198964.,0,3,3
WBGene00198965.,0,17,17
WBGene00198966.,0,0,0
WBGene00198967.,0,0,0
WBGene00198968.,0,0,0
WBGene00198969.,0,0,0
WBGene00198970.,0,0,0
WBGene00198971.,0,0,0
WBGene00198972.,0,1,1
WBGene00198973.,0,2,2
WBGene00198974.,0,0,0
WBGene00198975.,0,12,12
WBGene00198976.,0,2,2
WBGene00198977.,0,4,4
WBGene00198978.,0,1,1
WBGene00198979.,0,0,0
WBGene00198980.,0,4,4
WBGene00198981.,0,0,0
WBGene00198982.,0,0,0
WBGene00198983.,0,0,0
WBGene00198984.,0,1,1
WBGene00198985.,0,1,1
WBGene00198986.,0,5,5
WBGene00198987.,0,5,5
WBGene00198988.,0,0,0
WBGene00198989.,0,32,32
WBGene00198990.,0,0,0
WBGene00198991.,0,15,15
WBGene00198992.,0,2,2
WBGene00198993.,0,0,0
WBGene00198994.,0,1,1
WBGene00198995.,0,0,0
WBGene00198996.,0,3,3
WBGene00198997.,0,0,0
WBGene00198998.,0,0,0
WBGene00198999.,0,0,0
WBGene00199000.,0,3,3
WBGene00199001.,0,0,0
WBGene00199002.,0,3,3
WBGene00199003.,0,0,0
WBGene00199004.,0,0,0
WBGene00199005.,0,35,35
WBGene00199006.,0,0,0
WBGene00199007.,0,2,2
WBGene00199008.,0,2,2
WBGene00199009.,0,0,0
WBGene00199010.,0,0,0
WBGene00199011.,0,3,3
WBGene00199012.,0,1,1
WBGene00199013.,0,0,0
WBGene00199014.,0,1,1
WBGene00199015.,0,10,10
WBGene00199016.,0,67,67
WBGene00199017.,0,0,0
WBGene00199018.,0,0,0
WBGene00199019.,0,0,0
WBGene00199020.,0,1,1
WBGene00199021.,0,0,0
WBGene00199022.,0,3,3
WBGene00199023.,0,0,0
WBGene00199024.,0,23,23
WBGene00199025.,0,1,1
WBGene00199026.,0,0,0
WBGene00199027.,0,0,0
WBGene00199028.,0,0,0
WBGene00199029.,0,0,0
WBGene00199030.,0,0,0
WBGene00199031.,0,12,12
WBGene00199032.,0,5,5
WBGene00199033.,0,0,0
WBGene00199034.,0,1,1
WBGene00199035.,0,1,1
WBGene00199036.,0,4,4
WBGene00199037.,0,1,1
WBGene00199038.,0,0,0
WBGene00199039.,0,1,1
WBGene00199040.,0,7,7
WBGene00199041.,0,4,4
WBGene00199042.,0,0,0
WBGene00199043.,0,12,12
WBGene00199044.,0,0,0
WBGene00199045.,0,1,1
WBGene00199046.,0,0,0
WBGene00199047.,0,0,0
WBGene00199048.,0,0,0
WBGene00199049.,0,0,0
WBGene00199050.,0,0,0
WBGene00199051.,0,43,43
WBGene00199052.,0,0,0
WBGene00199053.,0,6,6
WBGene00199054.,0,1,1
WBGene00199055.,0,0,0
WBGene00199056.,0,0,0
WBGene00199057.,0,1,1
WBGene00199058.,0,1,1
WBGene00199059.,0,0,0
WBGene00199060.,0,13,13
WBGene00199061.,0,0,0
WBGene00199062.,0,2,2
WBGene00199063.,0,6,6
WBGene00199064.,0,0,0
WBGene00199065.,0,0,0
WBGene00199066.,0,0,0
WBGene00199067.,0,0,0
WBGene00199068.,0,1,1
WBGene00199069.,0,0,0
WBGene00199070.,0,2,2
WBGene00199071.,0,0,0
WBGene00199072.,0,0,0
WBGene00199073.,0,0,0
WBGene00199074.,0,0,0
WBGene00199075.,0,3,3
WBGene00199076.,0,1,1
WBGene00199077.,0,6,6
WBGene00199078.,0,0,0
WBGene00199079.,0,1,1
WBGene00199080.,0,2,2
WBGene00199081.,0,0,0
WBGene00199082.,0,0,0
WBGene00199083.,0,6,6
WBGene00199084.,0,0,0
WBGene00199085.,0,3,3
WBGene00199086.,0,1,1
WBGene00199087.,0,2,2
WBGene00199088.,0,2,2
WBGene00199089.,0,0,0
WBGene00199090.,0,1,1
WBGene00199091.,0,1,1
WBGene00199092.,0,0,0
WBGene00199093.,0,9,9
WBGene00199094.,0,0,0
WBGene00199095.,0,5,5
WBGene00199096.,0,12,12
WBGene00199097.,0,0,0
WBGene00199098.,0,0,0
WBGene00199099.,0,0,0
WBGene00199100.,0,3,3
WBGene00199101.,0,2,2
WBGene00199102.,0,9,9
WBGene00199103.,0,0,0
WBGene00199104.,0,7,7
WBGene00199105.,0,0,0
WBGene00199106.,0,0,0
WBGene00199107.,0,0,0
WBGene00199108.,0,2,2
WBGene00199109.,0,0,0
WBGene00199110.,0,25,25
WBGene00199111.,0,0,0
WBGene00199112.,0,63,63
WBGene00199113.,0,0,0
WBGene00199114.,0,10,10
WBGene00199115.,0,25,25
WBGene00199116.,0,5,5
WBGene00199117.,0,3,3
WBGene00199118.,0,0,0
WBGene00199119.,0,0,0
WBGene00199120.,0,0,0
WBGene00199121.,0,2,2
WBGene00199122.,0,0,0
WBGene00199123.,0,0,0
WBGene00199124.,0,0,0
WBGene00199125.,0,0,0
WBGene00199126.,0,6,6
WBGene00199127.,0,6,6
WBGene00199128.,0,5,5
WBGene00199129.,0,1,1
WBGene00199130.,0,0,0
WBGene00199131.,0,0,0
WBGene00199132.,0,10,10
WBGene00199133.,0,0,0
WBGene00199134.,0,0,0
WBGene00199135.,0,4,4
WBGene00199136.,0,1,1
WBGene00199137.,0,0,0
WBGene00199138.,0,0,0
WBGene00199139.,0,4,4
WBGene00199140.,0,0,0
WBGene00199141.,0,3,3
WBGene00199142.,0,0,0
WBGene00199143.,0,2,2
WBGene00199144.,0,0,0
WBGene00199145.,0,0,0
WBGene00199146.,0,0,0
WBGene00199147.,0,0,0
WBGene00199148.,0,0,0
WBGene00199149.,0,1,1
WBGene00199150.,0,2,2
WBGene00199151.,0,0,0
WBGene00199152.,0,0,0
WBGene00199153.,0,0,0
WBGene00199154.,0,1,1
WBGene00199155.,0,2,2
WBGene00199156.,0,0,0
WBGene00199157.,0,0,0
WBGene00199158.,0,3,3
WBGene00199159.,0,1,1
WBGene00199160.,0,0,0
WBGene00199161.,0,2,2
WBGene00199162.,0,0,0
WBGene00199163.,0,0,0
WBGene00199164.,0,1,1
WBGene00199165.,0,0,0
WBGene00199166.,0,16,16
WBGene00199167.,0,0,0
WBGene00199168.,0,0,0
WBGene00199169.,0,0,0
WBGene00199170.,0,0,0
WBGene00199171.,0,0,0
WBGene00199172.,0,0,0
WBGene00199173.,0,4,4
WBGene00199174.,0,0,0
WBGene00199175.,0,0,0
WBGene00199176.,0,0,0
WBGene00199177.,0,44,44
WBGene00199178.,0,0,0
WBGene00199179.,0,0,0
WBGene00199180.,0,11,11
WBGene00199181.,0,4,4
WBGene00199182.,0,0,0
WBGene00199183.,0,0,0
WBGene00199184.,0,1,1
WBGene00199185.,0,0,0
WBGene00199186.,0,0,0
WBGene00199187.,0,0,0
WBGene00199188.,0,0,0
WBGene00199189.,0,0,0
WBGene00199190.,0,5,5
WBGene00199191.,0,3,3
WBGene00199192.,0,0,0
WBGene00199193.,0,2,2
WBGene00199194.,0,14,14
WBGene00199195.,0,0,0
WBGene00199196.,0,0,0
WBGene00199197.,0,1,1
WBGene00199198.,0,5,5
WBGene00199199.,0,0,0
WBGene00199200.,0,2,2
WBGene00199201.,0,2,2
WBGene00199202.,0,0,0
WBGene00199203.,0,0,0
WBGene00199204.,0,0,0
WBGene00199205.,0,0,0
WBGene00199206.,0,12,12
WBGene00199207.,0,1,1
WBGene00199208.,0,3,3
WBGene00199209.,0,14,14
WBGene00199210.,0,0,0
WBGene00199211.,0,7,7
WBGene00199212.,0,2,2
WBGene00199213.,0,0,0
WBGene00199214.,0,0,0
WBGene00199215.,0,0,0
WBGene00199216.,0,1,1
WBGene00199217.,0,0,0
WBGene00199218.,0,2,2
WBGene00199219.,0,1,1
WBGene00199220.,0,0,0
WBGene00199221.,0,0,0
WBGene00199222.,0,6,6
WBGene00199223.,0,1,1
WBGene00199224.,0,0,0
WBGene00199225.,0,48,48
WBGene00199226.,0,0,0
WBGene00199227.,0,4,4
WBGene00199228.,0,0,0
WBGene00199229.,0,34,34
WBGene00199230.,0,1,1
WBGene00199231.,0,0,0
WBGene00199232.,0,0,0
WBGene00199233.,0,1,1
WBGene00199234.,0,0,0
WBGene00199235.,0,5,5
WBGene00199236.,0,5,5
WBGene00199237.,0,3,3
WBGene00199238.,0,12,12
WBGene00199239.,0,116,116
WBGene00199240.,0,0,0
WBGene00199241.,0,9,9
WBGene00199242.,0,12,12
WBGene00199243.,0,0,0
WBGene00199244.,0,0,0
WBGene00199245.,0,2,2
WBGene00199246.,0,4,4
WBGene00199247.,0,9,9
WBGene00199248.,0,1,1
WBGene00199249.,0,47,47
WBGene00199250.,0,3,3
WBGene00199251.,0,1,1
WBGene00199252.,0,4,4
WBGene00199253.,0,2,2
WBGene00199254.,0,0,0
WBGene00199255.,0,2,2
WBGene00199256.,0,1,1
WBGene00199257.,0,0,0
WBGene00199258.,0,17,17
WBGene00199259.,0,0,0
WBGene00199260.,0,5,5
WBGene00199261.,0,2,2
WBGene00199262.,0,1,1
WBGene00199263.,0,0,0
WBGene00199264.,0,0,0
WBGene00199265.,0,6,6
WBGene00199266.,0,1,1
WBGene00199267.,0,3,3
WBGene00199268.,0,2,2
WBGene00199269.,0,4,4
WBGene00199270.,0,2,2
WBGene00199271.,0,18,18
WBGene00199272.,0,1,1
WBGene00199273.,0,1,1
WBGene00199274.,0,63,63
WBGene00199275.,0,0,0
WBGene00199276.,0,0,0
WBGene00199277.,0,7,7
WBGene00199278.,0,29,29
WBGene00199279.,0,0,0
WBGene00199280.,0,2,2
WBGene00199281.,0,0,0
WBGene00199282.,0,2,2
WBGene00199283.,0,0,0
WBGene00199284.,0,0,0
WBGene00199285.,0,7,7
WBGene00199286.,0,0,0
WBGene00199287.,0,0,0
WBGene00199288.,0,0,0
WBGene00199289.,0,0,0
WBGene00199290.,0,0,0
WBGene00199291.,0,12,12
WBGene00199292.,0,4,4
WBGene00199293.,0,0,0
WBGene00199294.,0,0,0
WBGene00199295.,0,4,4
WBGene00199296.,0,3,3
WBGene00199297.,0,0,0
WBGene00199298.,0,0,0
WBGene00199299.,0,7,7
WBGene00199300.,0,0,0
WBGene00199301.,0,0,0
WBGene00199302.,0,2,2
WBGene00199303.,0,0,0
WBGene00199304.,0,5,5
WBGene00199305.,4,0,4
WBGene00199306.,0,10,10
WBGene00199307.,0,1,1
WBGene00199308.,0,10,10
WBGene00199309.,0,0,0
WBGene00199310.,0,3,3
WBGene00199311.,1,14,15
WBGene00199312.,0,21,21
WBGene00199313.,0,6,6
WBGene00199314.,0,1,1
WBGene00199315.,0,1,1
WBGene00199316.,0,0,0
WBGene00199317.,0,0,0
WBGene00199318.,0,4,4
WBGene00199319.,0,1,1
WBGene00199320.,0,2,2
WBGene00199321.,0,13,13
WBGene00199322.,0,0,0
WBGene00199323.,0,0,0
WBGene00199324.,0,3,3
WBGene00199325.,0,0,0
WBGene00199326.,0,0,0
WBGene00199327.,0,12,12
WBGene00199328.,0,3,3
WBGene00199329.,0,0,0
WBGene00199330.,0,1,1
WBGene00199331.,0,0,0
WBGene00199332.,0,0,0
WBGene00199333.,0,0,0
WBGene00199334.,0,0,0
WBGene00199335.,0,1,1
WBGene00199336.,0,107,107
WBGene00199337.,0,2,2
WBGene00199338.,0,0,0
WBGene00199339.,0,140,140
WBGene00199340.,0,0,0
WBGene00199341.,0,0,0
WBGene00199342.,0,0,0
WBGene00199343.,0,0,0
WBGene00199344.,0,2,2
WBGene00199345.,0,0,0
WBGene00199346.,0,0,0
WBGene00199347.,0,0,0
WBGene00199348.,0,0,0
WBGene00199349.,0,0,0
WBGene00199350.,0,7,7
WBGene00199351.,0,0,0
WBGene00199352.,0,0,0
WBGene00199353.,0,26,26
WBGene00199354.,0,3,3
WBGene00199355.,0,0,0
WBGene00199356.,0,2,2
WBGene00199357.,0,0,0
WBGene00199358.,0,0,0
WBGene00199359.,0,1,1
WBGene00199360.,0,15,15
WBGene00199361.,0,16,16
WBGene00199362.,0,3,3
WBGene00199363.,0,21,21
WBGene00199364.,0,5,5
WBGene00199365.,0,0,0
WBGene00199366.,0,0,0
WBGene00199367.,0,0,0
WBGene00199368.,0,5,5
WBGene00199369.,0,0,0
WBGene00199370.,0,5,5
WBGene00199371.,0,0,0
WBGene00199372.,0,30,30
WBGene00199373.,0,0,0
WBGene00199374.,0,5,5
WBGene00199375.,0,0,0
WBGene00199376.,0,1,1
WBGene00199377.,0,0,0
WBGene00199378.,0,0,0
WBGene00199379.,0,0,0
WBGene00199380.,0,1,1
WBGene00199381.,0,0,0
WBGene00199382.,0,6,6
WBGene00199383.,0,1,1
WBGene00199384.,0,0,0
WBGene00199385.,0,0,0
WBGene00199386.,0,6,6
WBGene00199387.,0,0,0
WBGene00199388.,0,0,0
WBGene00199389.,0,1,1
WBGene00199390.,0,0,0
WBGene00199391.,0,0,0
WBGene00199392.,0,7,7
WBGene00199393.,0,0,0
WBGene00199394.,0,0,0
WBGene00199395.,0,33,33
WBGene00199396.,0,7,7
WBGene00199397.,0,2,2
WBGene00199398.,0,5,5
WBGene00199399.,0,0,0
WBGene00199400.,0,0,0
WBGene00199401.,0,13,13
WBGene00199402.,0,2,2
WBGene00199403.,0,0,0
WBGene00199404.,0,62,62
WBGene00199405.,0,1,1
WBGene00199406.,0,0,0
WBGene00199407.,0,0,0
WBGene00199408.,0,0,0
WBGene00199409.,0,0,0
WBGene00199410.,0,19,19
WBGene00199411.,0,1,1
WBGene00199412.,0,0,0
WBGene00199413.,0,0,0
WBGene00199414.,0,7,7
WBGene00199415.,0,4,4
WBGene00199416.,0,20,20
WBGene00199417.,0,0,0
WBGene00199418.,0,1,1
WBGene00199419.,0,0,0
WBGene00199420.,0,2,2
WBGene00199421.,0,40,40
WBGene00199422.,0,0,0
WBGene00199423.,0,0,0
WBGene00199424.,0,0,0
WBGene00199425.,0,0,0
WBGene00199426.,0,0,0
WBGene00199427.,0,0,0
WBGene00199428.,0,0,0
WBGene00199429.,0,0,0
WBGene00199430.,0,0,0
WBGene00199431.,0,0,0
WBGene00199432.,0,0,0
WBGene00199433.,0,0,0
WBGene00199434.,0,100,100
WBGene00199435.,0,0,0
WBGene00199436.,0,0,0
WBGene00199437.,0,1,1
WBGene00199438.,0,0,0
WBGene00199439.,0,0,0
WBGene00199440.,0,13,13
WBGene00199441.,0,9,9
WBGene00199442.,0,0,0
WBGene00199443.,0,7,7
WBGene00199444.,0,0,0
WBGene00199445.,0,7,7
WBGene00199446.,0,0,0
WBGene00199447.,0,0,0
WBGene00199448.,0,4,4
WBGene00199449.,0,0,0
WBGene00199450.,0,3,3
WBGene00199451.,0,38,38
WBGene00199452.,0,0,0
WBGene00199453.,0,0,0
WBGene00199454.,0,1,1
WBGene00199455.,0,0,0
WBGene00199456.,0,4,4
WBGene00199457.,0,0,0
WBGene00199458.,0,11,11
WBGene00199459.,0,0,0
WBGene00199460.,0,1,1
WBGene00199461.,0,2,2
WBGene00199462.,0,44,44
WBGene00199463.,0,4,4
WBGene00199464.,0,2,2
WBGene00199465.,0,5,5
WBGene00199466.,0,1,1
WBGene00199467.,0,0,0
WBGene00199468.,0,2,2
WBGene00199469.,0,0,0
WBGene00199470.,0,0,0
WBGene00199471.,0,18,18
WBGene00199472.,0,5,5
WBGene00199473.,0,0,0
WBGene00199474.,0,2,2
WBGene00199475.,0,31,31
WBGene00199476.,0,5,5
WBGene00199477.,0,8,8
WBGene00199478.,0,16,16
WBGene00199479.,0,5,5
WBGene00199480.,0,3,3
WBGene00199481.,0,1,1
WBGene00199482.,0,1,1
WBGene00199483.,0,1,1
WBGene00199484.,0,1,1
WBGene00199485.,0,39,39
WBGene00199486.,0,8,8
WBGene00199487.,0,0,0
WBGene00199488.,0,0,0
WBGene00199489.,0,2,2
WBGene00199490.,0,0,0
WBGene00199491.,0,2,2
WBGene00199492.,0,0,0
WBGene00199493.,0,3,3
WBGene00199494.,0,7,7
WBGene00199495.,0,0,0
WBGene00199496.,0,0,0
WBGene00199497.,0,0,0
WBGene00199498.,0,1,1
WBGene00199499.,0,10,10
WBGene00199500.,0,2,2
WBGene00199501.,0,2,2
WBGene00199502.,0,1,1
WBGene00199503.,0,0,0
WBGene00199504.,0,2,2
WBGene00199505.,0,4,4
WBGene00199506.,0,13,13
WBGene00199507.,0,3,3
WBGene00199508.,0,1,1
WBGene00199509.,0,0,0
WBGene00199510.,0,2,2
WBGene00199511.,0,0,0
WBGene00199512.,0,0,0
WBGene00199513.,0,70,70
WBGene00199514.,0,0,0
WBGene00199515.,0,1,1
WBGene00199516.,0,1,1
WBGene00199517.,0,2,2
WBGene00199518.,0,0,0
WBGene00199519.,0,0,0
WBGene00199520.,0,0,0
WBGene00199521.,0,0,0
WBGene00199522.,0,1,1
WBGene00199523.,0,35,35
WBGene00199524.,0,3,3
WBGene00199525.,0,2,2
WBGene00199526.,0,3,3
WBGene00199527.,0,0,0
WBGene00199528.,0,3,3
WBGene00199529.,0,0,0
WBGene00199530.,0,2,2
WBGene00199531.,0,0,0
WBGene00199532.,0,0,0
WBGene00199533.,0,4,4
WBGene00199534.,0,6,6
WBGene00199535.,0,0,0
WBGene00199536.,0,0,0
WBGene00199537.,0,1,1
WBGene00199538.,0,2,2
WBGene00199539.,0,0,0
WBGene00199540.,0,0,0
WBGene00199541.,1,25,26
WBGene00199542.,0,0,0
WBGene00199543.,0,0,0
WBGene00199544.,0,0,0
WBGene00199545.,0,0,0
WBGene00199546.,0,0,0
WBGene00199547.,0,0,0
WBGene00199548.,0,0,0
WBGene00199549.,0,11,11
WBGene00199550.,0,0,0
WBGene00199551.,0,0,0
WBGene00199552.,0,0,0
WBGene00199553.,0,2,2
WBGene00199554.,0,1,1
WBGene00199555.,0,0,0
WBGene00199556.,0,1,1
WBGene00199557.,0,3,3
WBGene00199558.,0,1,1
WBGene00199559.,0,0,0
WBGene00199560.,0,1,1
WBGene00199561.,0,0,0
WBGene00199562.,0,2,2
WBGene00199563.,0,8,8
WBGene00199564.,0,0,0
WBGene00199565.,0,3,3
WBGene00199566.,0,5,5
WBGene00199567.,0,10,10
WBGene00199568.,0,2,2
WBGene00199569.,0,0,0
WBGene00199570.,0,17,17
WBGene00199571.,0,1,1
WBGene00199572.,0,0,0
WBGene00199573.,0,0,0
WBGene00199574.,0,0,0
WBGene00199575.,0,0,0
WBGene00199576.,0,2,2
WBGene00199577.,0,0,0
WBGene00199578.,0,0,0
WBGene00199579.,0,0,0
WBGene00199580.,0,1,1
WBGene00199581.,0,0,0
WBGene00199582.,0,0,0
WBGene00199583.,0,0,0
WBGene00199584.,0,10,10
WBGene00199585.,0,0,0
WBGene00199586.,0,9,9
WBGene00199587.,0,2,2
WBGene00199588.,0,0,0
WBGene00199589.,0,4,4
WBGene00199590.,0,0,0
WBGene00199591.,0,0,0
WBGene00199592.,0,0,0
WBGene00199593.,0,4,4
WBGene00199594.,0,0,0
WBGene00199595.,0,0,0
WBGene00199596.,0,3,3
WBGene00199597.,0,0,0
WBGene00199598.,0,0,0
WBGene00199599.,0,0,0
WBGene00199600.,0,1,1
WBGene00199601.,0,34,34
WBGene00199602.,0,0,0
WBGene00199603.,0,0,0
WBGene00199604.,0,0,0
WBGene00199605.,0,6,6
WBGene00199606.,0,3,3
WBGene00199607.,0,0,0
WBGene00199608.,0,5,5
WBGene00199609.,0,0,0
WBGene00199610.,0,2,2
WBGene00199611.,0,0,0
WBGene00199612.,0,6,6
WBGene00199613.,0,0,0
WBGene00199614.,0,7,7
WBGene00199615.,0,1,1
WBGene00199616.,0,0,0
WBGene00199617.,0,0,0
WBGene00199618.,0,0,0
WBGene00199619.,0,0,0
WBGene00199620.,0,9,9
WBGene00199621.,0,0,0
WBGene00199622.,0,22,22
WBGene00199623.,0,0,0
WBGene00199624.,0,1,1
WBGene00199625.,0,1,1
WBGene00199626.,0,6,6
WBGene00199627.,0,7,7
WBGene00199628.,0,3,3
WBGene00199629.,0,5,5
WBGene00199630.,0,0,0
WBGene00199631.,0,0,0
WBGene00199632.,0,12,12
WBGene00199633.,0,0,0
WBGene00199634.,0,0,0
WBGene00199635.,0,0,0
WBGene00199636.,0,5,5
WBGene00199637.,0,0,0
WBGene00199638.,0,2,2
WBGene00199639.,0,8,8
WBGene00199640.,0,1,1
WBGene00199641.,0,2,2
WBGene00199642.,0,0,0
WBGene00199643.,0,0,0
WBGene00199644.,0,9,9
WBGene00199645.,0,4,4
WBGene00199646.,0,0,0
WBGene00199647.,0,2,2
WBGene00199648.,0,1,1
WBGene00199649.,0,0,0
WBGene00199650.,0,5,5
WBGene00199651.,0,5,5
WBGene00199652.,0,1,1
WBGene00199653.,0,0,0
WBGene00199654.,0,4,4
WBGene00199655.,0,0,0
WBGene00199656.,0,1,1
WBGene00199657.,0,12,12
WBGene00199658.,0,0,0
WBGene00199659.,0,0,0
WBGene00199660.,0,0,0
WBGene00199661.,0,7,7
WBGene00199662.,0,0,0
WBGene00199663.,0,3,3
WBGene00199664.,0,1,1
WBGene00199665.,0,1,1
WBGene00199666.,0,5,5
WBGene00199667.,0,13,13
WBGene00199668.,0,0,0
WBGene00199669.,0,0,0
WBGene00199670.,0,0,0
WBGene00199671.,0,0,0
WBGene00199672.,0,25,25
WBGene00199673.,0,0,0
WBGene00199674.,0,9,9
WBGene00199675.,0,1,1
WBGene00199676.,0,0,0
WBGene00199677.,0,0,0
WBGene00199678.,0,2,2
WBGene00199679.,0,1,1
WBGene00199680.,0,0,0
WBGene00199681.,0,5,5
WBGene00199682.,0,0,0
WBGene00199683.,0,1,1
WBGene00199684.,0,1,1
WBGene00199685.,0,2,2
WBGene00199686.,0,10,10
WBGene00199687.,0,0,0
WBGene00199688.,0,0,0
WBGene00199689.,0,1,1
WBGene00199690.,0,0,0
WBGene00199691.,0,3,3
WBGene00199692.,0,1,1
WBGene00199693.,0,0,0
WBGene00199694.,0,0,0
WBGene00199695.,0,0,0
WBGene00199696.,0,0,0
WBGene00199697.,0,1,1
WBGene00199698.,0,0,0
WBGene00199699.,0,7,7
WBGene00199700.,0,3,3
WBGene00199701.,0,1,1
WBGene00199702.,0,6,6
WBGene00199703.,0,0,0
WBGene00199704.,0,0,0
WBGene00199705.,0,0,0
WBGene00199706.,0,0,0
WBGene00199707.,0,1,1
WBGene00199708.,0,7,7
WBGene00199709.,0,2,2
WBGene00199710.,0,18,18
WBGene00199711.,0,7,7
WBGene00199712.,0,0,0
WBGene00199713.,0,3,3
WBGene00199714.,0,0,0
WBGene00199715.,0,1,1
WBGene00199716.,0,9,9
WBGene00199717.,0,3,3
WBGene00199718.,0,0,0
WBGene00199719.,0,2,2
WBGene00199720.,0,0,0
WBGene00199721.,0,0,0
WBGene00199722.,0,0,0
WBGene00199723.,0,0,0
WBGene00199724.,0,2,2
WBGene00199725.,0,0,0
WBGene00199726.,0,0,0
WBGene00199727.,0,6,6
WBGene00199728.,0,0,0
WBGene00199729.,0,0,0
WBGene00199730.,0,0,0
WBGene00199731.,0,5,5
WBGene00199732.,0,5,5
WBGene00199733.,0,1,1
WBGene00199734.,0,0,0
WBGene00199735.,0,0,0
WBGene00199736.,0,0,0
WBGene00199737.,0,0,0
WBGene00199738.,0,0,0
WBGene00199739.,0,0,0
WBGene00199740.,0,14,14
WBGene00199741.,0,3,3
WBGene00199742.,0,14,14
WBGene00199743.,0,16,16
WBGene00199744.,0,0,0
WBGene00199745.,0,6,6
WBGene00199746.,0,0,0
WBGene00199747.,0,0,0
WBGene00199748.,0,2,2
WBGene00199749.,0,2,2
WBGene00199750.,0,0,0
WBGene00199751.,0,50,50
WBGene00199752.,0,4,4
WBGene00199753.,0,769,769
WBGene00199754.,0,0,0
WBGene00199755.,0,0,0
WBGene00199756.,0,0,0
WBGene00199757.,0,0,0
WBGene00199758.,0,1,1
WBGene00199759.,0,3,3
WBGene00199760.,0,0,0
WBGene00199761.,0,5,5
WBGene00199762.,0,0,0
WBGene00199763.,0,1,1
WBGene00199764.,0,1,1
WBGene00199765.,0,4,4
WBGene00199766.,0,0,0
WBGene00199767.,0,3,3
WBGene00199768.,0,2,2
WBGene00199769.,0,0,0
WBGene00199770.,0,0,0
WBGene00199771.,0,0,0
WBGene00199772.,0,1,1
WBGene00199773.,0,4,4
WBGene00199774.,0,0,0
WBGene00199775.,0,4,4
WBGene00199776.,0,1,1
WBGene00199777.,0,1,1
WBGene00199778.,0,3,3
WBGene00199779.,0,10,10
WBGene00199780.,0,7,7
WBGene00199781.,0,0,0
WBGene00199782.,0,4,4
WBGene00199783.,0,9,9
WBGene00199784.,0,0,0
WBGene00199785.,0,1,1
WBGene00199786.,0,2,2
WBGene00199787.,0,0,0
WBGene00199788.,0,2,2
WBGene00199789.,0,1,1
WBGene00199790.,0,1,1
WBGene00199791.,0,0,0
WBGene00199792.,0,0,0
WBGene00199793.,0,0,0
WBGene00199794.,0,6,6
WBGene00199795.,0,0,0
WBGene00199796.,0,0,0
WBGene00199797.,0,0,0
WBGene00199798.,0,0,0
WBGene00199799.,0,0,0
WBGene00199800.,0,1,1
WBGene00199801.,0,0,0
WBGene00199802.,0,0,0
WBGene00199803.,0,2,2
WBGene00199804.,0,1,1
WBGene00199805.,0,0,0
WBGene00199806.,0,2,2
WBGene00199807.,0,0,0
WBGene00199808.,0,1,1
WBGene00199809.,0,7,7
WBGene00199810.,0,2,2
WBGene00199811.,0,3,3
WBGene00199812.,0,2,2
WBGene00199813.,0,0,0
WBGene00199814.,0,6,6
WBGene00199815.,0,2,2
WBGene00199816.,0,0,0
WBGene00199817.,0,2,2
WBGene00199818.,0,0,0
WBGene00199819.,0,34,34
WBGene00199820.,0,21,21
WBGene00199821.,0,0,0
WBGene00199822.,0,0,0
WBGene00199823.,0,5,5
WBGene00199824.,0,50,50
WBGene00199825.,0,1,1
WBGene00199826.,0,0,0
WBGene00199827.,0,0,0
WBGene00199828.,0,0,0
WBGene00199829.,0,1,1
WBGene00199830.,0,0,0
WBGene00199831.,0,1,1
WBGene00199832.,0,0,0
WBGene00199833.,0,0,0
WBGene00199834.,0,0,0
WBGene00199835.,0,0,0
WBGene00199836.,0,0,0
WBGene00199837.,0,0,0
WBGene00199838.,0,2,2
WBGene00199839.,0,1,1
WBGene00199840.,0,2,2
WBGene00199841.,0,0,0
WBGene00199842.,0,9,9
WBGene00199843.,0,3,3
WBGene00199844.,0,1,1
WBGene00199845.,0,3,3
WBGene00199846.,0,0,0
WBGene00199847.,0,0,0
WBGene00199848.,0,0,0
WBGene00199849.,0,4,4
WBGene00199850.,0,8,8
WBGene00199851.,0,3,3
WBGene00199852.,0,0,0
WBGene00199853.,0,2,2
WBGene00199854.,0,25,25
WBGene00199855.,0,8,8
WBGene00199856.,0,0,0
WBGene00199857.,0,0,0
WBGene00199858.,0,15,15
WBGene00199859.,0,0,0
WBGene00199860.,0,0,0
WBGene00199861.,0,1,1
WBGene00199862.,0,0,0
WBGene00199863.,0,2,2
WBGene00199864.,0,0,0
WBGene00199865.,0,0,0
WBGene00199866.,0,4,4
WBGene00199867.,0,2,2
WBGene00199868.,0,0,0
WBGene00199869.,0,1,1
WBGene00199870.,0,0,0
WBGene00199871.,0,17,17
WBGene00199872.,0,0,0
WBGene00199873.,0,0,0
WBGene00199874.,0,4,4
WBGene00199875.,0,0,0
WBGene00199876.,0,2,2
WBGene00199877.,0,1,1
WBGene00199878.,0,1,1
WBGene00199879.,0,7,7
WBGene00199880.,0,0,0
WBGene00199881.,0,0,0
WBGene00199882.,0,0,0
WBGene00199883.,0,3,3
WBGene00199884.,0,0,0
WBGene00199885.,0,0,0
WBGene00199886.,0,3,3
WBGene00199887.,0,1,1
WBGene00199888.,0,0,0
WBGene00199889.,0,1,1
WBGene00199890.,0,2,2
WBGene00199891.,0,1,1
WBGene00199892.,0,0,0
WBGene00199893.,0,5,5
WBGene00199894.,0,5,5
WBGene00199895.,0,1,1
WBGene00199896.,0,0,0
WBGene00199897.,0,109,109
WBGene00199898.,0,58,58
WBGene00199899.,0,57,57
WBGene00199900.,0,10,10
WBGene00199901.,0,0,0
WBGene00199902.,0,0,0
WBGene00199903.,0,0,0
WBGene00199904.,0,0,0
WBGene00199905.,0,3,3
WBGene00199906.,0,0,0
WBGene00199907.,0,0,0
WBGene00199908.,0,2,2
WBGene00199909.,0,9,9
WBGene00199910.,0,0,0
WBGene00199911.,0,0,0
WBGene00199912.,0,0,0
WBGene00199913.,0,0,0
WBGene00199914.,0,1,1
WBGene00199915.,0,0,0
WBGene00199916.,0,0,0
WBGene00199917.,0,5,5
WBGene00199918.,0,0,0
WBGene00199919.,0,0,0
WBGene00199920.,0,0,0
WBGene00199921.,0,0,0
WBGene00199922.,0,0,0
WBGene00199923.,0,0,0
WBGene00199924.,0,10,10
WBGene00199925.,0,2,2
WBGene00199926.,0,2,2
WBGene00199927.,0,0,0
WBGene00199928.,0,3,3
WBGene00199929.,0,0,0
WBGene00199930.,0,0,0
WBGene00199931.,0,11,11
WBGene00199932.,0,0,0
WBGene00199933.,0,0,0
WBGene00199934.,0,0,0
WBGene00199935.,0,6,6
WBGene00199936.,0,0,0
WBGene00199937.,0,0,0
WBGene00199938.,0,0,0
WBGene00199939.,0,0,0
WBGene00199940.,0,5,5
WBGene00199941.,0,0,0
WBGene00199942.,0,0,0
WBGene00199943.,0,0,0
WBGene00199944.,0,3,3
WBGene00199945.,0,0,0
WBGene00199946.,0,152,152
WBGene00199947.,0,3,3
WBGene00199948.,0,1,1
WBGene00199949.,0,3,3
WBGene00199950.,0,0,0
WBGene00199951.,0,1,1
WBGene00199952.,0,0,0
WBGene00199953.,0,1,1
WBGene00199954.,0,0,0
WBGene00199955.,0,1,1
WBGene00199956.,0,0,0
WBGene00199957.,0,23,23
WBGene00199958.,0,0,0
WBGene00199959.,0,4,4
WBGene00199960.,0,1,1
WBGene00199961.,0,0,0
WBGene00199962.,0,0,0
WBGene00199963.,0,0,0
WBGene00199964.,0,0,0
WBGene00199965.,0,0,0
WBGene00199966.,0,0,0
WBGene00199967.,0,1,1
WBGene00199968.,0,0,0
WBGene00199969.,0,0,0
WBGene00199970.,0,3,3
WBGene00199971.,0,0,0
WBGene00199972.,0,4,4
WBGene00199973.,0,0,0
WBGene00199974.,0,0,0
WBGene00199975.,0,0,0
WBGene00199976.,0,6,6
WBGene00199977.,0,2,2
WBGene00199978.,0,12,12
WBGene00199979.,0,0,0
WBGene00199980.,0,0,0
WBGene00199981.,0,2,2
WBGene00199982.,0,3,3
WBGene00199983.,0,1,1
WBGene00199984.,0,0,0
WBGene00199985.,0,2,2
WBGene00199986.,0,14,14
WBGene00199987.,0,0,0
WBGene00199988.,0,1,1
WBGene00199989.,0,0,0
WBGene00199990.,0,39,39
WBGene00199991.,0,0,0
WBGene00199992.,0,0,0
WBGene00199993.,0,0,0
WBGene00199994.,0,0,0
WBGene00199995.,0,4,4
WBGene00199996.,0,0,0
WBGene00199997.,0,7,7
WBGene00199998.,0,0,0
WBGene00199999.,0,0,0
WBGene00200000.,0,2,2
WBGene00200001.,0,5,5
WBGene00200002.,0,0,0
WBGene00200003.,0,14,14
WBGene00200004.,0,0,0
WBGene00200005.,0,0,0
WBGene00200006.,0,0,0
WBGene00200007.,0,0,0
WBGene00200008.,0,14,14
WBGene00200009.,0,27,27
WBGene00200010.,0,3,3
WBGene00200011.,0,0,0
WBGene00200012.,0,2,2
WBGene00200013.,0,1,1
WBGene00200014.,0,15,15
WBGene00200015.,0,0,0
WBGene00200016.,0,0,0
WBGene00200017.,0,0,0
WBGene00200018.,0,0,0
WBGene00200019.,0,5,5
WBGene00200020.,0,1,1
WBGene00200021.,0,0,0
WBGene00200022.,0,0,0
WBGene00200023.,0,0,0
WBGene00200024.,0,0,0
WBGene00200025.,0,117,117
WBGene00200026.,0,1,1
WBGene00200027.,0,0,0
WBGene00200028.,0,55,55
WBGene00200029.,0,7,7
WBGene00200030.,0,0,0
WBGene00200031.,0,5,5
WBGene00200032.,0,10,10
WBGene00200033.,0,0,0
WBGene00200034.,0,7,7
WBGene00200035.,0,0,0
WBGene00200036.,0,3,3
WBGene00200037.,0,0,0
WBGene00200038.,0,0,0
WBGene00200039.,0,9,9
WBGene00200040.,0,0,0
WBGene00200041.,0,0,0
WBGene00200042.,0,13,13
WBGene00200043.,0,4,4
WBGene00200044.,0,3,3
WBGene00200045.,0,5,5
WBGene00200046.,0,0,0
WBGene00200047.,0,24,24
WBGene00200048.,0,0,0
WBGene00200049.,0,2,2
WBGene00200050.,0,5,5
WBGene00200051.,0,2,2
WBGene00200052.,0,0,0
WBGene00200053.,0,3,3
WBGene00200054.,0,0,0
WBGene00200055.,0,0,0
WBGene00200056.,0,8,8
WBGene00200057.,0,16,16
WBGene00200058.,0,3,3
WBGene00200059.,0,3,3
WBGene00200060.,0,0,0
WBGene00200061.,0,9,9
WBGene00200062.,0,7,7
WBGene00200063.,0,0,0
WBGene00200064.,0,0,0
WBGene00200065.,0,0,0
WBGene00200066.,0,0,0
WBGene00200067.,0,6,6
WBGene00200068.,0,0,0
WBGene00200069.,0,0,0
WBGene00200070.,0,16,16
WBGene00200071.,0,0,0
WBGene00200072.,0,1,1
WBGene00200073.,0,0,0
WBGene00200074.,0,3,3
WBGene00200075.,0,19,19
WBGene00200076.,0,0,0
WBGene00200077.,0,0,0
WBGene00200078.,0,1,1
WBGene00200079.,0,3,3
WBGene00200080.,0,10,10
WBGene00200081.,0,0,0
WBGene00200082.,0,2,2
WBGene00200083.,0,0,0
WBGene00200084.,0,0,0
WBGene00200085.,0,0,0
WBGene00200086.,0,0,0
WBGene00200087.,0,0,0
WBGene00200088.,0,14,14
WBGene00200089.,0,6,6
WBGene00200090.,0,0,0
WBGene00200091.,0,0,0
WBGene00200092.,0,0,0
WBGene00200093.,0,0,0
WBGene00200094.,0,0,0
WBGene00200095.,0,0,0
WBGene00200096.,0,0,0
WBGene00200097.,0,0,0
WBGene00200098.,0,6,6
WBGene00200099.,0,9,9
WBGene00200100.,0,18,18
WBGene00200101.,0,0,0
WBGene00200102.,0,0,0
WBGene00200103.,0,2,2
WBGene00200104.,0,0,0
WBGene00200105.,0,2,2
WBGene00200106.,0,0,0
WBGene00200107.,0,27,27
WBGene00200108.,0,0,0
WBGene00200109.,0,9,9
WBGene00200110.,0,0,0
WBGene00200111.,0,0,0
WBGene00200112.,0,0,0
WBGene00200113.,0,9,9
WBGene00200114.,0,0,0
WBGene00200115.,0,0,0
WBGene00200116.,0,13,13
WBGene00200117.,0,0,0
WBGene00200118.,0,1,1
WBGene00200119.,0,0,0
WBGene00200120.,0,0,0
WBGene00200121.,0,3,3
WBGene00200122.,0,0,0
WBGene00200123.,0,0,0
WBGene00200124.,0,0,0
WBGene00200125.,0,0,0
WBGene00200126.,0,2,2
WBGene00200127.,0,0,0
WBGene00200128.,0,5,5
WBGene00200129.,0,0,0
WBGene00200130.,0,1,1
WBGene00200131.,0,3,3
WBGene00200132.,0,0,0
WBGene00200133.,0,28,28
WBGene00200134.,0,8,8
WBGene00200135.,0,1,1
WBGene00200136.,0,1,1
WBGene00200137.,0,6,6
WBGene00200138.,0,0,0
WBGene00200139.,0,0,0
WBGene00200140.,0,0,0
WBGene00200141.,0,0,0
WBGene00200142.,0,0,0
WBGene00200143.,0,3,3
WBGene00200144.,0,0,0
WBGene00200145.,0,0,0
WBGene00200146.,0,0,0
WBGene00200147.,0,2,2
WBGene00200148.,0,6,6
WBGene00200149.,0,0,0
WBGene00200150.,0,17,17
WBGene00200151.,0,0,0
WBGene00200152.,0,0,0
WBGene00200153.,0,14,14
WBGene00200154.,0,10,10
WBGene00200155.,0,0,0
WBGene00200156.,0,0,0
WBGene00200157.,0,0,0
WBGene00200158.,0,0,0
WBGene00200159.,0,3,3
WBGene00200160.,0,0,0
WBGene00200161.,0,2,2
WBGene00200162.,0,0,0
WBGene00200163.,0,3,3
WBGene00200164.,0,30,30
WBGene00200165.,0,0,0
WBGene00200166.,0,6,6
WBGene00200167.,0,2,2
WBGene00200168.,0,20,20
WBGene00200169.,0,8,8
WBGene00200170.,0,5,5
WBGene00200171.,0,0,0
WBGene00200172.,0,0,0
WBGene00200173.,0,0,0
WBGene00200174.,0,2,2
WBGene00200175.,0,2,2
WBGene00200176.,0,0,0
WBGene00200177.,0,15,15
WBGene00200178.,0,2,2
WBGene00200179.,0,1,1
WBGene00200180.,0,0,0
WBGene00200181.,0,3,3
WBGene00200182.,0,3,3
WBGene00200183.,0,0,0
WBGene00200184.,0,1,1
WBGene00200185.,0,3,3
WBGene00200186.,0,0,0
WBGene00200187.,0,36,36
WBGene00200188.,0,10,10
WBGene00200189.,0,0,0
WBGene00200190.,0,2,2
WBGene00200191.,0,0,0
WBGene00200192.,0,21,21
WBGene00200193.,0,1,1
WBGene00200194.,0,0,0
WBGene00200195.,0,10,10
WBGene00200196.,0,3,3
WBGene00200197.,0,2,2
WBGene00200198.,0,0,0
WBGene00200199.,0,6,6
WBGene00200200.,0,0,0
WBGene00200201.,0,0,0
WBGene00200202.,0,0,0
WBGene00200203.,0,59,59
WBGene00200204.,0,0,0
WBGene00200205.,0,0,0
WBGene00200206.,0,0,0
WBGene00200207.,0,2,2
WBGene00200208.,0,0,0
WBGene00200209.,0,0,0
WBGene00200210.,0,1,1
WBGene00200211.,0,3,3
WBGene00200212.,0,2,2
WBGene00200213.,0,0,0
WBGene00200214.,0,20,20
WBGene00200215.,0,55,55
WBGene00200216.,0,2,2
WBGene00200217.,0,0,0
WBGene00200218.,0,0,0
WBGene00200219.,0,1,1
WBGene00200220.,0,4,4
WBGene00200221.,0,0,0
WBGene00200222.,0,0,0
WBGene00200223.,0,0,0
WBGene00200224.,0,0,0
WBGene00200225.,0,8,8
WBGene00200226.,0,0,0
WBGene00200227.,0,3,3
WBGene00200228.,0,5,5
WBGene00200229.,0,0,0
WBGene00200230.,0,0,0
WBGene00200231.,0,12,12
WBGene00200232.,0,0,0
WBGene00200233.,0,1,1
WBGene00200234.,0,0,0
WBGene00200235.,0,1,1
WBGene00200236.,0,0,0
WBGene00200237.,0,2,2
WBGene00200238.,0,0,0
WBGene00200239.,0,1,1
WBGene00200240.,0,0,0
WBGene00200241.,0,0,0
WBGene00200242.,0,4,4
WBGene00200243.,0,7,7
WBGene00200244.,0,9,9
WBGene00200245.,0,2,2
WBGene00200246.,0,0,0
WBGene00200247.,0,12,12
WBGene00200248.,0,2,2
WBGene00200249.,0,0,0
WBGene00200250.,0,11,11
WBGene00200251.,0,5,5
WBGene00200252.,0,0,0
WBGene00200253.,0,2,2
WBGene00200254.,0,0,0
WBGene00200255.,0,9,9
WBGene00200256.,0,0,0
WBGene00200257.,0,10,10
WBGene00200258.,0,0,0
WBGene00200259.,0,16,16
WBGene00200260.,0,0,0
WBGene00200261.,0,79,79
WBGene00200262.,0,1,1
WBGene00200263.,0,32,32
WBGene00200264.,0,5,5
WBGene00200265.,0,0,0
WBGene00200266.,0,4,4
WBGene00200267.,0,0,0
WBGene00200268.,0,0,0
WBGene00200269.,0,0,0
WBGene00200270.,0,1,1
WBGene00200271.,0,2,2
WBGene00200272.,0,0,0
WBGene00200273.,0,14,14
WBGene00200274.,0,0,0
WBGene00200275.,0,0,0
WBGene00200276.,0,0,0
WBGene00200277.,0,1,1
WBGene00200278.,0,8,8
WBGene00200279.,0,1,1
WBGene00200280.,0,2,2
WBGene00200281.,0,2,2
WBGene00200282.,0,10,10
WBGene00200283.,0,0,0
WBGene00200284.,0,0,0
WBGene00200285.,0,0,0
WBGene00200286.,0,0,0
WBGene00200287.,0,0,0
WBGene00200288.,0,0,0
WBGene00200289.,0,9,9
WBGene00200290.,0,1,1
WBGene00200291.,0,0,0
WBGene00200292.,0,0,0
WBGene00200293.,0,3,3
WBGene00200294.,0,57,57
WBGene00200295.,0,1,1
WBGene00200296.,0,0,0
WBGene00200297.,0,1,1
WBGene00200298.,0,0,0
WBGene00200299.,0,0,0
WBGene00200300.,0,11,11
WBGene00200301.,0,1,1
WBGene00200302.,0,13,13
WBGene00200303.,0,1,1
WBGene00200304.,0,0,0
WBGene00200305.,0,1,1
WBGene00200306.,0,0,0
WBGene00200307.,0,0,0
WBGene00200308.,0,32,32
WBGene00200309.,0,1,1
WBGene00200310.,0,6,6
WBGene00200311.,0,1,1
WBGene00200312.,0,1,1
WBGene00200313.,0,5,5
WBGene00200314.,0,1,1
WBGene00200315.,0,0,0
WBGene00200316.,0,1,1
WBGene00200317.,0,1,1
WBGene00200318.,0,3,3
WBGene00200319.,0,15,15
WBGene00200320.,0,0,0
WBGene00200321.,0,0,0
WBGene00200322.,0,0,0
WBGene00200323.,0,2,2
WBGene00200324.,0,4,4
WBGene00200325.,0,13,13
WBGene00200326.,0,0,0
WBGene00200327.,0,3,3
WBGene00200328.,0,1,1
WBGene00200329.,0,4,4
WBGene00200330.,0,2,2
WBGene00200331.,0,0,0
WBGene00200332.,0,0,0
WBGene00200333.,0,5,5
WBGene00200334.,0,0,0
WBGene00200335.,0,2,2
WBGene00200336.,0,0,0
WBGene00200337.,0,14,14
WBGene00200338.,0,1,1
WBGene00200339.,0,0,0
WBGene00200340.,0,1,1
WBGene00200341.,0,2,2
WBGene00200342.,0,0,0
WBGene00200343.,0,0,0
WBGene00200344.,0,10,10
WBGene00200345.,0,1,1
WBGene00200346.,0,2,2
WBGene00200347.,0,57,57
WBGene00200348.,0,0,0
WBGene00200349.,0,0,0
WBGene00200350.,0,1,1
WBGene00200351.,0,1,1
WBGene00200352.,0,0,0
WBGene00200353.,0,0,0
WBGene00200354.,0,0,0
WBGene00200355.,0,0,0
WBGene00200356.,0,0,0
WBGene00200357.,0,0,0
WBGene00200358.,0,28,28
WBGene00200359.,0,0,0
WBGene00200360.,0,0,0
WBGene00200361.,0,1,1
WBGene00200362.,0,0,0
WBGene00200363.,0,0,0
WBGene00200364.,0,0,0
WBGene00200365.,0,8,8
WBGene00200366.,0,2,2
WBGene00200367.,0,0,0
WBGene00200368.,0,0,0
WBGene00200369.,0,0,0
WBGene00200370.,0,10,10
WBGene00200371.,0,2,2
WBGene00200372.,0,3,3
WBGene00200373.,0,0,0
WBGene00200374.,0,2,2
WBGene00200375.,0,40,40
WBGene00200376.,0,0,0
WBGene00200377.,0,6,6
WBGene00200378.,0,0,0
WBGene00200379.,0,9,9
WBGene00200380.,0,0,0
WBGene00200381.,0,0,0
WBGene00200382.,0,0,0
WBGene00200383.,0,0,0
WBGene00200384.,0,30,30
WBGene00200385.,0,25,25
WBGene00200386.,0,0,0
WBGene00200387.,0,0,0
WBGene00200388.,0,3,3
WBGene00200389.,0,0,0
WBGene00200390.,0,3,3
WBGene00200391.,0,18,18
WBGene00200392.,0,0,0
WBGene00200393.,0,0,0
WBGene00200394.,0,1,1
WBGene00200395.,0,2,2
WBGene00200396.,0,0,0
WBGene00200397.,0,14,14
WBGene00200398.,0,0,0
WBGene00200399.,0,1,1
WBGene00200400.,0,22,22
WBGene00200401.,0,2,2
WBGene00200402.,0,0,0
WBGene00200403.,0,14,14
WBGene00200404.,0,0,0
WBGene00200405.,0,0,0
WBGene00200406.,0,1,1
WBGene00200407.,0,13,13
WBGene00200408.,0,7,7
WBGene00200409.,0,0,0
WBGene00200410.,0,2,2
WBGene00200411.,0,0,0
WBGene00200412.,0,0,0
WBGene00200413.,0,0,0
WBGene00200414.,0,0,0
WBGene00200415.,0,4,4
WBGene00200416.,0,1,1
WBGene00200417.,0,0,0
WBGene00200418.,0,1,1
WBGene00200419.,0,0,0
WBGene00200420.,0,5,5
WBGene00200421.,0,0,0
WBGene00200422.,0,0,0
WBGene00200423.,0,4,4
WBGene00200424.,0,0,0
WBGene00200425.,0,2,2
WBGene00200426.,0,2,2
WBGene00200427.,0,0,0
WBGene00200428.,0,5,5
WBGene00200429.,0,0,0
WBGene00200430.,0,0,0
WBGene00200431.,0,14,14
WBGene00200432.,0,0,0
WBGene00200433.,0,2,2
WBGene00200434.,0,0,0
WBGene00200435.,0,1,1
WBGene00200436.,0,2,2
WBGene00200437.,0,0,0
WBGene00200438.,0,0,0
WBGene00200439.,0,0,0
WBGene00200440.,0,0,0
WBGene00200441.,0,0,0
WBGene00200442.,0,3,3
WBGene00200443.,0,3,3
WBGene00200444.,0,0,0
WBGene00200445.,0,0,0
WBGene00200446.,0,0,0
WBGene00200447.,0,0,0
WBGene00200448.,0,0,0
WBGene00200449.,0,2,2
WBGene00200450.,0,0,0
WBGene00200451.,0,0,0
WBGene00200452.,0,3,3
WBGene00200453.,0,5,5
WBGene00200454.,0,0,0
WBGene00200455.,0,20,20
WBGene00200456.,0,42,42
WBGene00200457.,0,0,0
WBGene00200458.,0,0,0
WBGene00200459.,0,285,285
WBGene00200460.,0,0,0
WBGene00200461.,0,3,3
WBGene00200462.,0,2,2
WBGene00200463.,0,0,0
WBGene00200464.,0,0,0
WBGene00200465.,0,0,0
WBGene00200466.,0,0,0
WBGene00200467.,0,0,0
WBGene00200468.,0,5,5
WBGene00200469.,0,14,14
WBGene00200470.,0,3,3
WBGene00200471.,0,0,0
WBGene00200472.,0,4,4
WBGene00200473.,0,3,3
WBGene00200474.,0,2,2
WBGene00200475.,0,2,2
WBGene00200476.,0,8,8
WBGene00200477.,0,0,0
WBGene00200478.,0,6,6
WBGene00200479.,0,0,0
WBGene00200480.,0,0,0
WBGene00200481.,0,4,4
WBGene00200482.,0,0,0
WBGene00200483.,0,36,36
WBGene00200484.,0,0,0
WBGene00200485.,0,39,39
WBGene00200486.,0,0,0
WBGene00200487.,0,9,9
WBGene00200488.,0,3,3
WBGene00200489.,0,1,1
WBGene00200490.,0,0,0
WBGene00200491.,0,0,0
WBGene00200492.,0,1,1
WBGene00200493.,0,5,5
WBGene00200494.,0,0,0
WBGene00200495.,0,3,3
WBGene00200496.,0,6,6
WBGene00200497.,0,0,0
WBGene00200498.,0,5,5
WBGene00200499.,0,0,0
WBGene00200500.,0,12,12
WBGene00200501.,0,0,0
WBGene00200502.,0,22,22
WBGene00200503.,0,0,0
WBGene00200504.,0,0,0
WBGene00200505.,0,1,1
WBGene00200506.,0,0,0
WBGene00200507.,0,2,2
WBGene00200508.,0,0,0
WBGene00200509.,0,3,3
WBGene00200510.,0,0,0
WBGene00200511.,0,0,0
WBGene00200512.,0,0,0
WBGene00200513.,0,6,6
WBGene00200514.,0,3,3
WBGene00200515.,0,0,0
WBGene00200516.,0,0,0
WBGene00200517.,0,0,0
WBGene00200518.,0,1,1
WBGene00200519.,0,3,3
WBGene00200520.,0,0,0
WBGene00200521.,0,4,4
WBGene00200522.,0,0,0
WBGene00200523.,0,7,7
WBGene00200524.,0,0,0
WBGene00200525.,0,0,0
WBGene00200526.,0,8,8
WBGene00200527.,0,272,272
WBGene00200528.,0,2,2
WBGene00200529.,0,0,0
WBGene00200530.,0,2,2
WBGene00200531.,0,0,0
WBGene00200532.,0,0,0
WBGene00200533.,0,1,1
WBGene00200534.,0,0,0
WBGene00200535.,0,1,1
WBGene00200536.,0,2,2
WBGene00200537.,0,1,1
WBGene00200538.,0,36,36
WBGene00200539.,0,0,0
WBGene00200540.,0,1,1
WBGene00200541.,0,0,0
WBGene00200542.,0,4,4
WBGene00200543.,0,0,0
WBGene00200544.,0,0,0
WBGene00200545.,0,1,1
WBGene00200546.,0,3,3
WBGene00200547.,0,1,1
WBGene00200548.,0,0,0
WBGene00200549.,0,0,0
WBGene00200550.,0,3,3
WBGene00200551.,0,0,0
WBGene00200552.,0,2,2
WBGene00200553.,0,0,0
WBGene00200554.,0,0,0
WBGene00200555.,0,0,0
WBGene00200556.,0,0,0
WBGene00200557.,0,0,0
WBGene00200558.,0,38,38
WBGene00200559.,0,0,0
WBGene00200560.,0,0,0
WBGene00200561.,0,0,0
WBGene00200562.,0,0,0
WBGene00200563.,0,1,1
WBGene00200564.,0,0,0
WBGene00200565.,0,3,3
WBGene00200566.,0,11,11
WBGene00200567.,0,0,0
WBGene00200568.,0,0,0
WBGene00200569.,0,0,0
WBGene00200570.,0,16,16
WBGene00200571.,0,0,0
WBGene00200572.,0,15,15
WBGene00200573.,0,0,0
WBGene00200574.,0,6,6
WBGene00200575.,0,1,1
WBGene00200576.,0,0,0
WBGene00200577.,0,4,4
WBGene00200578.,0,0,0
WBGene00200579.,0,43,43
WBGene00200580.,0,1,1
WBGene00200581.,0,2,2
WBGene00200582.,0,2,2
WBGene00200583.,0,2,2
WBGene00200584.,0,0,0
WBGene00200585.,0,5,5
WBGene00200586.,0,0,0
WBGene00200587.,0,15,15
WBGene00200588.,0,0,0
WBGene00200589.,0,1,1
WBGene00200590.,0,0,0
WBGene00200591.,0,1,1
WBGene00200592.,0,0,0
WBGene00200593.,0,0,0
WBGene00200594.,0,2,2
WBGene00200595.,0,1,1
WBGene00200596.,0,20,20
WBGene00200597.,0,1,1
WBGene00200598.,0,3,3
WBGene00200599.,0,0,0
WBGene00200600.,0,1,1
WBGene00200601.,0,11,11
WBGene00200602.,0,1,1
WBGene00200603.,0,0,0
WBGene00200604.,0,0,0
WBGene00200605.,0,2,2
WBGene00200606.,0,0,0
WBGene00200607.,0,1,1
WBGene00200608.,0,0,0
WBGene00200609.,0,0,0
WBGene00200610.,0,0,0
WBGene00200611.,0,3,3
WBGene00200612.,0,0,0
WBGene00200613.,0,1,1
WBGene00200614.,0,0,0
WBGene00200615.,0,2,2
WBGene00200616.,0,0,0
WBGene00200617.,0,3,3
WBGene00200618.,0,1,1
WBGene00200619.,0,0,0
WBGene00200620.,0,6,6
WBGene00200621.,0,1,1
WBGene00200622.,0,0,0
WBGene00200623.,0,0,0
WBGene00200624.,0,1,1
WBGene00200625.,0,4,4
WBGene00200626.,0,8,8
WBGene00200627.,0,1,1
WBGene00200628.,0,2,2
WBGene00200629.,0,0,0
WBGene00200630.,0,22,22
WBGene00200631.,0,0,0
WBGene00200632.,0,3,3
WBGene00200633.,0,0,0
WBGene00200634.,0,0,0
WBGene00200635.,0,0,0
WBGene00200636.,0,0,0
WBGene00200637.,0,1,1
WBGene00200638.,0,0,0
WBGene00200639.,0,0,0
WBGene00200640.,0,1,1
WBGene00200641.,0,7,7
WBGene00200642.,0,0,0
WBGene00200643.,0,0,0
WBGene00200644.,0,0,0
WBGene00200645.,0,191,191
WBGene00200646.,0,2,2
WBGene00200647.,0,0,0
WBGene00200648.,0,0,0
WBGene00200649.,0,1,1
WBGene00200650.,0,6,6
WBGene00200651.,0,0,0
WBGene00200652.,0,15,15
WBGene00200653.,0,2,2
WBGene00200654.,0,1,1
WBGene00200655.,0,0,0
WBGene00200656.,0,0,0
WBGene00200657.,0,0,0
WBGene00200658.,0,4,4
WBGene00200659.,0,1,1
WBGene00200660.,0,1,1
WBGene00200661.,0,0,0
WBGene00200662.,0,0,0
WBGene00200663.,0,0,0
WBGene00200664.,0,4,4
WBGene00200665.,0,11,11
WBGene00200666.,0,1,1
WBGene00200667.,0,0,0
WBGene00200668.,0,0,0
WBGene00200669.,0,0,0
WBGene00200670.,0,4,4
WBGene00200671.,0,2,2
WBGene00200672.,0,0,0
WBGene00200673.,0,0,0
WBGene00200674.,0,2,2
WBGene00200675.,0,4,4
WBGene00200676.,0,0,0
WBGene00200677.,0,1,1
WBGene00200678.,0,1,1
WBGene00200679.,0,0,0
WBGene00200680.,0,1,1
WBGene00200681.,0,0,0
WBGene00200682.,0,0,0
WBGene00200683.,0,0,0
WBGene00200684.,0,1,1
WBGene00200685.,0,0,0
WBGene00200686.,0,1,1
WBGene00200687.,0,0,0
WBGene00200688.,0,0,0
WBGene00200689.,0,6,6
WBGene00200690.,0,0,0
WBGene00200691.,0,0,0
WBGene00200692.,0,4,4
WBGene00200693.,0,0,0
WBGene00200694.,0,3,3
WBGene00200695.,0,5,5
WBGene00200696.,0,0,0
WBGene00200697.,0,5,5
WBGene00200698.,0,1,1
WBGene00200699.,0,0,0
WBGene00200700.,0,25,25
WBGene00200701.,0,2,2
WBGene00200702.,0,158,158
WBGene00200703.,0,0,0
WBGene00200704.,0,2,2
WBGene00200705.,0,1,1
WBGene00200706.,0,6,6
WBGene00200707.,0,4,4
WBGene00200708.,0,0,0
WBGene00200709.,0,0,0
WBGene00200710.,0,2,2
WBGene00200711.,0,3,3
WBGene00200712.,0,0,0
WBGene00200713.,0,0,0
WBGene00200714.,0,0,0
WBGene00200715.,0,2,2
WBGene00200716.,0,5,5
WBGene00200717.,0,2,2
WBGene00200718.,0,0,0
WBGene00200719.,0,10,10
WBGene00200720.,0,0,0
WBGene00200721.,0,0,0
WBGene00200722.,0,2,2
WBGene00200723.,0,48,48
WBGene00200724.,0,0,0
WBGene00200725.,0,0,0
WBGene00200726.,0,1,1
WBGene00200727.,0,2,2
WBGene00200728.,0,1,1
WBGene00200729.,0,0,0
WBGene00200730.,0,0,0
WBGene00200731.,0,0,0
WBGene00200732.,0,0,0
WBGene00200733.,0,7,7
WBGene00200734.,0,0,0
WBGene00200735.,0,0,0
WBGene00200736.,0,0,0
WBGene00200737.,0,0,0
WBGene00200738.,0,1,1
WBGene00200739.,0,1,1
WBGene00200740.,0,0,0
WBGene00200741.,0,4,4
WBGene00200742.,0,0,0
WBGene00200743.,0,18,18
WBGene00200744.,0,37,37
WBGene00200745.,0,0,0
WBGene00200746.,0,15,15
WBGene00200747.,0,1,1
WBGene00200748.,0,0,0
WBGene00200749.,0,9,9
WBGene00200750.,0,0,0
WBGene00200751.,0,8,8
WBGene00200752.,0,47,47
WBGene00200753.,0,1,1
WBGene00200754.,0,2,2
WBGene00200755.,0,4,4
WBGene00200756.,0,12,12
WBGene00200757.,0,1,1
WBGene00200758.,0,2,2
WBGene00200759.,0,0,0
WBGene00200760.,0,0,0
WBGene00200761.,0,0,0
WBGene00200762.,0,57,57
WBGene00200763.,0,0,0
WBGene00200764.,0,3,3
WBGene00200765.,0,0,0
WBGene00200766.,0,21,21
WBGene00200767.,0,7,7
WBGene00200768.,0,10,10
WBGene00200769.,0,1,1
WBGene00200770.,0,3,3
WBGene00200771.,0,0,0
WBGene00200772.,0,0,0
WBGene00200773.,0,0,0
WBGene00200774.,0,0,0
WBGene00200775.,0,0,0
WBGene00200776.,0,0,0
WBGene00200777.,0,7,7
WBGene00200778.,0,2,2
WBGene00200779.,0,2,2
WBGene00200780.,0,2,2
WBGene00200781.,0,2,2
WBGene00200782.,0,0,0
WBGene00200783.,0,0,0
WBGene00200784.,0,0,0
WBGene00200785.,0,0,0
WBGene00200786.,0,11,11
WBGene00200787.,0,28,28
WBGene00200788.,0,0,0
WBGene00200789.,0,0,0
WBGene00200790.,0,0,0
WBGene00200791.,0,2,2
WBGene00200792.,0,0,0
WBGene00200793.,0,1,1
WBGene00200794.,0,0,0
WBGene00200795.,0,7,7
WBGene00200796.,0,2,2
WBGene00200797.,0,0,0
WBGene00200798.,0,1,1
WBGene00200799.,0,1,1
WBGene00200800.,0,13,13
WBGene00200801.,0,7,7
WBGene00200802.,0,14,14
WBGene00200803.,0,1,1
WBGene00200804.,0,1,1
WBGene00200805.,0,3,3
WBGene00200806.,0,0,0
WBGene00200807.,0,1,1
WBGene00200808.,0,52,52
WBGene00200809.,0,40,40
WBGene00200810.,0,0,0
WBGene00200811.,0,0,0
WBGene00200812.,0,4,4
WBGene00200813.,0,5,5
WBGene00200814.,0,2,2
WBGene00200815.,0,0,0
WBGene00200816.,0,0,0
WBGene00200817.,0,0,0
WBGene00200818.,0,6,6
WBGene00200819.,0,0,0
WBGene00200820.,0,0,0
WBGene00200821.,0,3,3
WBGene00200822.,0,1,1
WBGene00200823.,0,11,11
WBGene00200824.,0,0,0
WBGene00200825.,0,0,0
WBGene00200826.,0,28,28
WBGene00200827.,0,4,4
WBGene00200828.,0,16,16
WBGene00200829.,0,0,0
WBGene00200830.,0,0,0
WBGene00200831.,0,0,0
WBGene00200832.,0,0,0
WBGene00200833.,0,0,0
WBGene00200834.,0,0,0
WBGene00200835.,0,0,0
WBGene00200836.,0,0,0
WBGene00200837.,0,6,6
WBGene00200838.,0,0,0
WBGene00200839.,0,0,0
WBGene00200840.,0,0,0
WBGene00200841.,0,0,0
WBGene00200842.,0,5,5
WBGene00200843.,0,4,4
WBGene00200844.,0,4,4
WBGene00200845.,0,5,5
WBGene00200846.,0,10,10
WBGene00200847.,0,1,1
WBGene00200848.,0,0,0
WBGene00200849.,0,2,2
WBGene00200850.,0,0,0
WBGene00200851.,0,0,0
WBGene00200852.,0,1,1
WBGene00200853.,0,0,0
WBGene00200854.,0,2,2
WBGene00200855.,0,470,470
WBGene00200856.,0,15,15
WBGene00200857.,0,1,1
WBGene00200858.,0,1,1
WBGene00200859.,0,0,0
WBGene00200860.,0,2,2
WBGene00200861.,0,3,3
WBGene00200862.,0,1,1
WBGene00200863.,0,37,37
WBGene00200864.,0,0,0
WBGene00200865.,0,3,3
WBGene00200866.,0,0,0
WBGene00200867.,0,0,0
WBGene00200868.,0,7,7
WBGene00200869.,0,0,0
WBGene00200870.,0,3,3
WBGene00200871.,0,0,0
WBGene00200872.,0,1,1
WBGene00200873.,0,0,0
WBGene00200874.,0,9,9
WBGene00200875.,0,0,0
WBGene00200876.,0,0,0
WBGene00200877.,0,0,0
WBGene00200878.,0,0,0
WBGene00200879.,0,20,20
WBGene00200880.,0,1,1
WBGene00200881.,0,0,0
WBGene00200882.,0,0,0
WBGene00200883.,0,3,3
WBGene00200884.,0,4,4
WBGene00200885.,0,0,0
WBGene00200886.,0,0,0
WBGene00200887.,0,0,0
WBGene00200888.,0,3,3
WBGene00200889.,0,5,5
WBGene00200890.,0,3,3
WBGene00200891.,0,0,0
WBGene00200892.,0,1,1
WBGene00200893.,0,31,31
WBGene00200894.,0,0,0
WBGene00200895.,0,12,12
WBGene00200896.,0,7,7
WBGene00200897.,0,4,4
WBGene00200898.,0,0,0
WBGene00200899.,0,0,0
WBGene00200900.,0,0,0
WBGene00200901.,0,0,0
WBGene00200902.,0,5,5
WBGene00200903.,0,0,0
WBGene00200904.,0,5,5
WBGene00200905.,0,12,12
WBGene00200906.,0,0,0
WBGene00200907.,0,3,3
WBGene00200908.,0,22,22
WBGene00200909.,0,0,0
WBGene00200910.,0,0,0
WBGene00200911.,0,1,1
WBGene00200912.,0,4,4
WBGene00200913.,0,1,1
WBGene00200914.,0,0,0
WBGene00200915.,0,20,20
WBGene00200916.,0,8,8
WBGene00200917.,0,0,0
WBGene00200918.,0,0,0
WBGene00200919.,0,7,7
WBGene00200920.,0,7,7
WBGene00200921.,0,5,5
WBGene00200922.,0,0,0
WBGene00200923.,0,2,2
WBGene00200924.,0,0,0
WBGene00200925.,0,1,1
WBGene00200926.,0,0,0
WBGene00200927.,0,0,0
WBGene00200928.,0,0,0
WBGene00200929.,0,1,1
WBGene00200930.,0,0,0
WBGene00200931.,0,5,5
WBGene00200932.,0,3,3
WBGene00200933.,0,0,0
WBGene00200934.,0,31,31
WBGene00200935.,0,3,3
WBGene00200936.,0,0,0
WBGene00200937.,0,0,0
WBGene00200938.,0,3,3
WBGene00200939.,0,0,0
WBGene00200940.,0,23,23
WBGene00200941.,0,18,18
WBGene00200942.,0,0,0
WBGene00200943.,0,2,2
WBGene00200944.,0,0,0
WBGene00200945.,0,0,0
WBGene00200946.,0,4,4
WBGene00200947.,0,1,1
WBGene00200948.,0,8,8
WBGene00200949.,0,2,2
WBGene00200950.,0,0,0
WBGene00200951.,0,2,2
WBGene00200952.,0,2,2
WBGene00200953.,0,32,32
WBGene00200954.,0,0,0
WBGene00200955.,0,0,0
WBGene00200956.,0,5,5
WBGene00200957.,0,2,2
WBGene00200958.,0,2,2
WBGene00200959.,0,2,2
WBGene00200960.,0,202,202
WBGene00200961.,0,0,0
WBGene00200962.,0,0,0
WBGene00200963.,0,0,0
WBGene00200964.,0,0,0
WBGene00200965.,0,4,4
WBGene00200966.,0,0,0
WBGene00200967.,0,1,1
WBGene00200968.,0,6,6
WBGene00200969.,0,0,0
WBGene00200970.,0,0,0
WBGene00200971.,0,4,4
WBGene00200972.,0,0,0
WBGene00200973.,0,0,0
WBGene00200974.,0,0,0
WBGene00200975.,0,1,1
WBGene00200976.,0,0,0
WBGene00200977.,0,5,5
WBGene00200978.,0,1,1
WBGene00200979.,0,3,3
WBGene00200980.,0,0,0
WBGene00200981.,0,1,1
WBGene00200982.,0,1,1
WBGene00200983.,0,2,2
WBGene00200984.,0,0,0
WBGene00200985.,0,0,0
WBGene00200986.,0,0,0
WBGene00200987.,0,2,2
WBGene00200988.,0,0,0
WBGene00200989.,0,0,0
WBGene00200990.,0,0,0
WBGene00200991.,0,2,2
WBGene00200992.,0,0,0
WBGene00200993.,0,1,1
WBGene00200994.,0,2,2
WBGene00200995.,0,34,34
WBGene00200996.,0,156,156
WBGene00200997.,0,1,1
WBGene00200998.,0,0,0
WBGene00200999.,0,0,0
WBGene00201000.,0,0,0
WBGene00201001.,0,6,6
WBGene00201002.,0,3,3
WBGene00201003.,0,0,0
WBGene00201004.,0,4,4
WBGene00201005.,0,39,39
WBGene00201006.,0,4,4
WBGene00201007.,0,0,0
WBGene00201008.,0,8,8
WBGene00201009.,0,0,0
WBGene00201010.,0,2,2
WBGene00201011.,0,0,0
WBGene00201012.,0,1,1
WBGene00201013.,0,0,0
WBGene00201014.,0,1,1
WBGene00201015.,0,0,0
WBGene00201016.,0,0,0
WBGene00201017.,0,0,0
WBGene00201018.,0,2,2
WBGene00201019.,0,8,8
WBGene00201020.,0,0,0
WBGene00201021.,0,4,4
WBGene00201022.,0,0,0
WBGene00201023.,0,0,0
WBGene00201024.,0,0,0
WBGene00201025.,0,0,0
WBGene00201026.,0,0,0
WBGene00201027.,0,1,1
WBGene00201028.,0,27,27
WBGene00201029.,0,0,0
WBGene00201030.,0,3,3
WBGene00201031.,0,69,69
WBGene00201032.,0,0,0
WBGene00201033.,0,3,3
WBGene00201034.,0,6,6
WBGene00201035.,0,1,1
WBGene00201036.,0,0,0
WBGene00201037.,0,1,1
WBGene00201038.,0,3,3
WBGene00201039.,0,1,1
WBGene00201040.,0,0,0
WBGene00201041.,0,1,1
WBGene00201042.,0,0,0
WBGene00201043.,0,3,3
WBGene00201044.,0,2,2
WBGene00201045.,0,76,76
WBGene00201046.,0,0,0
WBGene00201047.,0,0,0
WBGene00201048.,0,0,0
WBGene00201049.,0,0,0
WBGene00201050.,0,2,2
WBGene00201051.,0,1,1
WBGene00201052.,0,0,0
WBGene00201053.,0,0,0
WBGene00201054.,0,11,11
WBGene00201055.,0,0,0
WBGene00201056.,0,1,1
WBGene00201057.,0,5,5
WBGene00201058.,0,1,1
WBGene00201059.,0,0,0
WBGene00201060.,0,0,0
WBGene00201061.,0,0,0
WBGene00201062.,0,0,0
WBGene00201063.,0,1,1
WBGene00201064.,0,1,1
WBGene00201065.,0,0,0
WBGene00201066.,0,5,5
WBGene00201067.,0,0,0
WBGene00201068.,0,3,3
WBGene00201069.,0,2,2
WBGene00201070.,0,0,0
WBGene00201071.,0,1,1
WBGene00201072.,0,4,4
WBGene00201073.,0,0,0
WBGene00201074.,0,1,1
WBGene00201075.,0,133,133
WBGene00201076.,0,7,7
WBGene00201077.,0,0,0
WBGene00201078.,0,11,11
WBGene00201079.,0,2,2
WBGene00201080.,0,47,47
WBGene00201081.,0,1,1
WBGene00201082.,0,42,42
WBGene00201083.,0,5,5
WBGene00201084.,0,3,3
WBGene00201085.,0,0,0
WBGene00201086.,0,0,0
WBGene00201087.,0,6,6
WBGene00201088.,0,1,1
WBGene00201089.,0,0,0
WBGene00201090.,0,7,7
WBGene00201091.,0,0,0
WBGene00201092.,0,4,4
WBGene00201093.,0,6,6
WBGene00201094.,0,1,1
WBGene00201095.,0,2,2
WBGene00201096.,0,0,0
WBGene00201097.,0,0,0
WBGene00201098.,0,7,7
WBGene00201099.,0,0,0
WBGene00201100.,0,6,6
WBGene00201101.,0,0,0
WBGene00201102.,0,3,3
WBGene00201103.,0,0,0
WBGene00201104.,0,0,0
WBGene00201105.,0,0,0
WBGene00201106.,0,0,0
WBGene00201107.,0,0,0
WBGene00201108.,0,0,0
WBGene00201109.,0,1,1
WBGene00201110.,0,4,4
WBGene00201111.,0,43,43
WBGene00201112.,0,3,3
WBGene00201113.,0,0,0
WBGene00201114.,0,0,0
WBGene00201115.,0,2,2
WBGene00201116.,0,7,7
WBGene00201117.,0,0,0
WBGene00201118.,0,4,4
WBGene00201119.,0,3,3
WBGene00201120.,0,1,1
WBGene00201121.,0,3,3
WBGene00201122.,0,0,0
WBGene00201123.,0,0,0
WBGene00201124.,0,13,13
WBGene00201125.,0,7,7
WBGene00201126.,0,4,4
WBGene00201127.,0,0,0
WBGene00201128.,0,0,0
WBGene00201129.,0,22,22
WBGene00201130.,0,1,1
WBGene00201131.,0,8,8
WBGene00201132.,0,2,2
WBGene00201133.,0,0,0
WBGene00201134.,0,0,0
WBGene00201135.,0,2,2
WBGene00201136.,0,0,0
WBGene00201137.,0,0,0
WBGene00201138.,0,0,0
WBGene00201139.,0,6,6
WBGene00201140.,0,0,0
WBGene00201141.,0,14,14
WBGene00201142.,0,0,0
WBGene00201143.,0,6,6
WBGene00201145.,0,0,0
WBGene00201146.,0,7,7
WBGene00201147.,0,0,0
WBGene00201148.,0,0,0
WBGene00201149.,0,3,3
WBGene00201150.,0,4,4
WBGene00201151.,0,0,0
WBGene00201152.,0,0,0
WBGene00201153.,0,0,0
WBGene00201154.,0,0,0
WBGene00201155.,0,0,0
WBGene00201156.,0,1,1
WBGene00201157.,0,0,0
WBGene00201158.,0,2,2
WBGene00201159.,0,16,16
WBGene00201160.,0,0,0
WBGene00201161.,0,6,6
WBGene00201162.,0,0,0
WBGene00201163.,0,0,0
WBGene00201164.,0,0,0
WBGene00201165.,0,2,2
WBGene00201166.,0,0,0
WBGene00201167.,0,5,5
WBGene00201168.,0,1,1
WBGene00201169.,0,2,2
WBGene00201170.,0,0,0
WBGene00201171.,0,1,1
WBGene00201172.,0,0,0
WBGene00201173.,0,1,1
WBGene00201174.,0,6,6
WBGene00201175.,0,6,6
WBGene00201176.,0,0,0
WBGene00201177.,0,0,0
WBGene00201178.,0,0,0
WBGene00201179.,0,8,8
WBGene00201180.,0,0,0
WBGene00201181.,0,52,52
WBGene00201182.,0,0,0
WBGene00201183.,0,0,0
WBGene00201184.,0,0,0
WBGene00201185.,0,2,2
WBGene00201186.,0,1,1
WBGene00201187.,0,4,4
WBGene00201188.,0,19,19
WBGene00201189.,0,2,2
WBGene00201190.,0,0,0
WBGene00201191.,0,0,0
WBGene00201192.,0,0,0
WBGene00201193.,0,0,0
WBGene00201194.,0,0,0
WBGene00201195.,0,0,0
WBGene00201196.,0,0,0
WBGene00201197.,0,0,0
WBGene00201198.,0,36,36
WBGene00201199.,0,5,5
WBGene00201200.,0,0,0
WBGene00201201.,0,4,4
WBGene00201202.,0,4,4
WBGene00201203.,0,2,2
WBGene00201204.,0,0,0
WBGene00201205.,0,4,4
WBGene00201206.,0,1,1
WBGene00201207.,0,23,23
WBGene00201208.,0,0,0
WBGene00201209.,0,0,0
WBGene00201210.,0,11,11
WBGene00201211.,0,11,11
WBGene00201212.,0,4,4
WBGene00201213.,0,0,0
WBGene00201214.,0,5,5
WBGene00201215.,0,3,3
WBGene00201216.,0,0,0
WBGene00201217.,0,0,0
WBGene00201218.,0,4,4
WBGene00201219.,0,16,16
WBGene00201220.,0,0,0
WBGene00201221.,0,2,2
WBGene00201222.,0,0,0
WBGene00201223.,0,0,0
WBGene00201224.,0,5,5
WBGene00201225.,0,0,0
WBGene00201226.,0,0,0
WBGene00201227.,0,0,0
WBGene00201228.,0,5,5
WBGene00201229.,0,6,6
WBGene00201230.,0,0,0
WBGene00201231.,0,0,0
WBGene00201232.,0,0,0
WBGene00201233.,0,0,0
WBGene00201234.,0,0,0
WBGene00201235.,0,0,0
WBGene00201236.,0,0,0
WBGene00201237.,0,0,0
WBGene00201238.,0,0,0
WBGene00201239.,0,8,8
WBGene00201240.,0,0,0
WBGene00201241.,0,0,0
WBGene00201242.,0,0,0
WBGene00201243.,0,2,2
WBGene00201244.,0,0,0
WBGene00201245.,0,0,0
WBGene00201246.,0,4,4
WBGene00201247.,0,3,3
WBGene00201248.,0,6,6
WBGene00201249.,0,1,1
WBGene00201250.,0,0,0
WBGene00201251.,0,0,0
WBGene00201252.,0,2,2
WBGene00201253.,0,2,2
WBGene00201254.,0,1,1
WBGene00201255.,0,2,2
WBGene00201256.,0,3,3
WBGene00201257.,0,8,8
WBGene00201258.,0,12,12
WBGene00201259.,0,2,2
WBGene00201260.,0,0,0
WBGene00201261.,0,0,0
WBGene00201262.,0,5,5
WBGene00201263.,0,0,0
WBGene00201264.,0,0,0
WBGene00201265.,0,0,0
WBGene00201266.,0,2,2
WBGene00201267.,0,4,4
WBGene00201268.,0,0,0
WBGene00201269.,0,5,5
WBGene00201270.,0,4,4
WBGene00201271.,0,2,2
WBGene00201272.,0,7,7
WBGene00201273.,0,43,43
WBGene00201274.,0,1,1
WBGene00201275.,0,1,1
WBGene00201276.,0,0,0
WBGene00201277.,0,9,9
WBGene00201278.,0,0,0
WBGene00201279.,0,0,0
WBGene00201280.,0,4,4
WBGene00201281.,0,2,2
WBGene00201282.,0,18,18
WBGene00201283.,0,0,0
WBGene00201284.,0,1,1
WBGene00201285.,0,2,2
WBGene00201286.,0,14,14
WBGene00201287.,0,0,0
WBGene00201288.,0,1,1
WBGene00201289.,0,1,1
WBGene00201290.,0,1,1
WBGene00201291.,0,12,12
WBGene00201292.,0,0,0
WBGene00201293.,0,0,0
WBGene00201294.,0,0,0
WBGene00201295.,0,0,0
WBGene00201296.,0,1,1
WBGene00201297.,0,0,0
WBGene00201298.,0,0,0
WBGene00201299.,0,1,1
WBGene00201300.,0,0,0
WBGene00201301.,0,7,7
WBGene00201302.,0,0,0
WBGene00201303.,0,22,22
WBGene00201304.,0,0,0
WBGene00201305.,0,2,2
WBGene00201306.,0,0,0
WBGene00201307.,0,3,3
WBGene00201308.,0,1,1
WBGene00201309.,0,0,0
WBGene00201310.,0,2,2
WBGene00201311.,0,1,1
WBGene00201312.,0,0,0
WBGene00201313.,0,0,0
WBGene00201314.,0,0,0
WBGene00201315.,0,1,1
WBGene00201316.,0,0,0
WBGene00201317.,0,4,4
WBGene00201318.,0,2,2
WBGene00201319.,0,2,2
WBGene00201320.,0,2,2
WBGene00201321.,0,0,0
WBGene00201322.,0,16,16
WBGene00201323.,0,2,2
WBGene00201324.,0,0,0
WBGene00201325.,0,1,1
WBGene00201326.,0,3,3
WBGene00201327.,0,7,7
WBGene00201328.,0,1,1
WBGene00201329.,0,1,1
WBGene00201330.,0,0,0
WBGene00201331.,0,4,4
WBGene00201332.,0,0,0
WBGene00201333.,0,1,1
WBGene00201334.,0,0,0
WBGene00201335.,0,0,0
WBGene00201336.,0,1,1
WBGene00201337.,0,0,0
WBGene00201338.,0,0,0
WBGene00201339.,0,0,0
WBGene00201340.,0,1,1
WBGene00201341.,0,0,0
WBGene00201342.,0,2,2
WBGene00201343.,0,2,2
WBGene00201344.,0,0,0
WBGene00201345.,0,0,0
WBGene00201346.,0,3,3
WBGene00201347.,0,0,0
WBGene00201348.,0,2,2
WBGene00201349.,0,5,5
WBGene00201350.,0,0,0
WBGene00201351.,0,8,8
WBGene00201352.,0,4,4
WBGene00201353.,0,2,2
WBGene00201354.,0,8,8
WBGene00201355.,0,0,0
WBGene00201356.,0,0,0
WBGene00201357.,0,0,0
WBGene00201358.,0,1,1
WBGene00201359.,0,0,0
WBGene00201360.,0,0,0
WBGene00201361.,0,0,0
WBGene00201362.,0,1,1
WBGene00201363.,0,0,0
WBGene00201364.,0,0,0
WBGene00201365.,0,0,0
WBGene00201366.,0,1,1
WBGene00201367.,0,0,0
WBGene00201368.,0,0,0
WBGene00201369.,0,0,0
WBGene00201370.,0,9,9
WBGene00201371.,0,0,0
WBGene00201372.,0,41,41
WBGene00201373.,0,0,0
WBGene00201374.,0,10,10
WBGene00201375.,0,0,0
WBGene00201376.,0,0,0
WBGene00201377.,0,0,0
WBGene00201378.,0,29,29
WBGene00201379.,0,0,0
WBGene00201380.,0,0,0
WBGene00201381.,0,12,12
WBGene00201382.,0,0,0
WBGene00201383.,0,3,3
WBGene00201384.,0,0,0
WBGene00201385.,0,0,0
WBGene00201386.,0,0,0
WBGene00201387.,0,2,2
WBGene00201388.,0,0,0
WBGene00201389.,0,0,0
WBGene00201390.,0,31,31
WBGene00201391.,0,0,0
WBGene00201392.,0,1,1
WBGene00201393.,0,0,0
WBGene00201394.,0,5,5
WBGene00201395.,0,0,0
WBGene00201396.,0,0,0
WBGene00201397.,0,0,0
WBGene00201398.,0,0,0
WBGene00201399.,0,3,3
WBGene00201400.,0,0,0
WBGene00201401.,0,0,0
WBGene00201402.,0,0,0
WBGene00201403.,0,4,4
WBGene00201404.,0,1,1
WBGene00201405.,0,1,1
WBGene00201406.,0,2,2
WBGene00201407.,0,0,0
WBGene00201408.,0,0,0
WBGene00201409.,0,0,0
WBGene00201410.,0,1,1
WBGene00201411.,0,2,2
WBGene00201412.,0,0,0
WBGene00201413.,0,6,6
WBGene00201414.,0,0,0
WBGene00201415.,0,3,3
WBGene00201416.,0,0,0
WBGene00201417.,0,2,2
WBGene00201418.,0,3,3
WBGene00201419.,0,7,7
WBGene00201420.,0,10,10
WBGene00201421.,0,1,1
WBGene00201422.,0,7,7
WBGene00201423.,0,11,11
WBGene00201424.,0,0,0
WBGene00201425.,0,0,0
WBGene00201426.,0,3,3
WBGene00201427.,0,0,0
WBGene00201428.,0,0,0
WBGene00201429.,0,0,0
WBGene00201430.,0,22,22
WBGene00201431.,0,0,0
WBGene00201432.,0,2,2
WBGene00201433.,0,0,0
WBGene00201434.,0,0,0
WBGene00201435.,0,1,1
WBGene00201436.,0,0,0
WBGene00201437.,0,1,1
WBGene00201438.,0,4,4
WBGene00201439.,0,0,0
WBGene00201440.,0,0,0
WBGene00201441.,0,494,494
WBGene00201442.,0,0,0
WBGene00201443.,0,0,0
WBGene00201444.,0,0,0
WBGene00201445.,0,0,0
WBGene00201446.,0,0,0
WBGene00201447.,0,17,17
WBGene00201448.,0,2,2
WBGene00201449.,0,0,0
WBGene00201450.,0,0,0
WBGene00201451.,0,0,0
WBGene00201452.,0,0,0
WBGene00201453.,0,0,0
WBGene00201454.,0,0,0
WBGene00201455.,0,0,0
WBGene00201456.,0,3,3
WBGene00201457.,0,0,0
WBGene00201458.,0,1974,1974
WBGene00201459.,0,0,0
WBGene00201460.,0,0,0
WBGene00201461.,0,0,0
WBGene00201462.,0,0,0
WBGene00201463.,0,1,1
WBGene00201464.,0,0,0
WBGene00201465.,0,9,9
WBGene00201466.,0,15,15
WBGene00201467.,0,0,0
WBGene00201468.,0,0,0
WBGene00201469.,0,0,0
WBGene00201470.,0,1,1
WBGene00201471.,0,0,0
WBGene00201472.,0,0,0
WBGene00201473.,0,5,5
WBGene00201474.,0,4,4
WBGene00201475.,0,2,2
WBGene00201476.,0,0,0
WBGene00201477.,0,0,0
WBGene00201478.,0,1,1
WBGene00201479.,0,3,3
WBGene00201480.,0,6,6
WBGene00201481.,0,7,7
WBGene00201482.,0,0,0
WBGene00201483.,0,0,0
WBGene00201484.,0,0,0
WBGene00201485.,0,1,1
WBGene00201486.,0,1,1
WBGene00201487.,0,4,4
WBGene00201488.,0,0,0
WBGene00201489.,0,2,2
WBGene00201490.,0,0,0
WBGene00201491.,0,0,0
WBGene00201492.,0,9,9
WBGene00201493.,0,0,0
WBGene00201494.,0,1,1
WBGene00201495.,0,1,1
WBGene00201496.,0,4,4
WBGene00201497.,0,0,0
WBGene00201498.,0,3,3
WBGene00201499.,0,14,14
WBGene00201500.,0,1,1
WBGene00201501.,0,24,24
WBGene00201502.,0,0,0
WBGene00201503.,0,0,0
WBGene00201504.,0,0,0
WBGene00201505.,0,0,0
WBGene00201506.,0,2,2
WBGene00201507.,0,0,0
WBGene00201508.,0,5,5
WBGene00201509.,0,8,8
WBGene00201510.,0,4,4
WBGene00201511.,0,0,0
WBGene00201512.,0,0,0
WBGene00201513.,0,3,3
WBGene00201514.,0,0,0
WBGene00201515.,0,0,0
WBGene00201516.,0,0,0
WBGene00201517.,0,4,4
WBGene00201518.,0,0,0
WBGene00201519.,0,4,4
WBGene00201520.,0,0,0
WBGene00201521.,0,1,1
WBGene00201522.,0,1,1
WBGene00201523.,0,5,5
WBGene00201524.,0,0,0
WBGene00201525.,0,0,0
WBGene00201526.,0,0,0
WBGene00201527.,0,8,8
WBGene00201528.,0,2,2
WBGene00201529.,0,0,0
WBGene00201530.,0,16,16
WBGene00201531.,0,3,3
WBGene00201532.,0,10,10
WBGene00201533.,0,0,0
WBGene00201534.,0,1,1
WBGene00201535.,0,2,2
WBGene00201536.,0,0,0
WBGene00201537.,0,0,0
WBGene00201538.,0,3,3
WBGene00201539.,0,0,0
WBGene00201540.,0,16,16
WBGene00201541.,0,1,1
WBGene00201542.,0,0,0
WBGene00201543.,0,2,2
WBGene00201544.,0,0,0
WBGene00201545.,0,0,0
WBGene00201546.,0,0,0
WBGene00201547.,0,12,12
WBGene00201548.,0,0,0
WBGene00201549.,0,1,1
WBGene00201550.,0,3,3
WBGene00201551.,0,1,1
WBGene00201552.,0,0,0
WBGene00201553.,0,0,0
WBGene00201554.,0,0,0
WBGene00201555.,0,0,0
WBGene00201556.,0,3,3
WBGene00201557.,0,9,9
WBGene00201558.,0,0,0
WBGene00201559.,0,0,0
WBGene00201560.,0,0,0
WBGene00201561.,0,74,74
WBGene00201562.,0,0,0
WBGene00201563.,0,1,1
WBGene00201564.,0,6,6
WBGene00201565.,0,11,11
WBGene00201566.,0,0,0
WBGene00201567.,0,12,12
WBGene00201568.,0,0,0
WBGene00201569.,0,0,0
WBGene00201570.,0,0,0
WBGene00201571.,0,1,1
WBGene00201572.,0,0,0
WBGene00201573.,0,1,1
WBGene00201574.,0,0,0
WBGene00201575.,0,2,2
WBGene00201576.,0,14,14
WBGene00201577.,0,0,0
WBGene00201578.,0,9,9
WBGene00201579.,0,0,0
WBGene00201580.,0,14,14
WBGene00201581.,0,1,1
WBGene00201582.,0,12,12
WBGene00201583.,0,0,0
WBGene00201584.,0,1,1
WBGene00201585.,0,0,0
WBGene00201586.,0,55,55
WBGene00201587.,0,2,2
WBGene00201588.,0,1,1
WBGene00201589.,0,0,0
WBGene00201590.,0,0,0
WBGene00201591.,0,8,8
WBGene00201592.,0,0,0
WBGene00201593.,0,5,5
WBGene00201594.,0,4,4
WBGene00201595.,0,1,1
WBGene00201596.,0,2,2
WBGene00201597.,0,0,0
WBGene00201598.,0,3,3
WBGene00201599.,0,20,20
WBGene00201600.,0,0,0
WBGene00201601.,0,3,3
WBGene00201602.,0,16,16
WBGene00201603.,0,7,7
WBGene00201604.,0,2,2
WBGene00201605.,0,0,0
WBGene00201606.,0,2,2
WBGene00201607.,0,0,0
WBGene00201608.,0,0,0
WBGene00201609.,0,34,34
WBGene00201610.,0,4,4
WBGene00201611.,0,1,1
WBGene00201612.,0,0,0
WBGene00201613.,0,0,0
WBGene00201614.,0,0,0
WBGene00201615.,0,0,0
WBGene00201616.,0,0,0
WBGene00201617.,0,0,0
WBGene00201618.,0,0,0
WBGene00201619.,0,6,6
WBGene00201620.,0,0,0
WBGene00201621.,0,2,2
WBGene00201622.,0,1,1
WBGene00201623.,0,4,4
WBGene00201624.,0,0,0
WBGene00201625.,0,7,7
WBGene00201626.,0,36,36
WBGene00201627.,0,3,3
WBGene00201628.,0,0,0
WBGene00201629.,0,1,1
WBGene00201630.,0,0,0
WBGene00201631.,0,0,0
WBGene00201632.,0,6,6
WBGene00201633.,0,40,40
WBGene00201634.,0,5,5
WBGene00201636.,0,0,0
WBGene00201637.,0,0,0
WBGene00201638.,0,3,3
WBGene00201639.,0,1,1
WBGene00201640.,0,0,0
WBGene00201641.,0,0,0
WBGene00201642.,0,15,15
WBGene00201643.,0,4,4
WBGene00201644.,0,9,9
WBGene00201645.,0,1,1
WBGene00201646.,0,26,26
WBGene00201647.,0,0,0
WBGene00201648.,0,3,3
WBGene00201649.,0,1,1
WBGene00201650.,0,33,33
WBGene00201651.,0,29,29
WBGene00201652.,0,1,1
WBGene00201653.,0,1,1
WBGene00201654.,0,19,19
WBGene00201655.,0,1,1
WBGene00201656.,0,0,0
WBGene00201657.,0,0,0
WBGene00201658.,0,3,3
WBGene00201659.,0,0,0
WBGene00201660.,0,2,2
WBGene00201661.,0,0,0
WBGene00201662.,0,1,1
WBGene00201663.,0,0,0
WBGene00201664.,0,2,2
WBGene00201665.,0,0,0
WBGene00201666.,0,3,3
WBGene00201667.,0,4,4
WBGene00201668.,0,0,0
WBGene00201669.,0,116,116
WBGene00201670.,0,18,18
WBGene00201671.,0,0,0
WBGene00201672.,0,4,4
WBGene00201673.,0,2,2
WBGene00201674.,0,0,0
WBGene00201675.,0,0,0
WBGene00201676.,0,12,12
WBGene00201677.,0,1,1
WBGene00201678.,0,2,2
WBGene00201679.,0,2,2
WBGene00201680.,0,0,0
WBGene00201681.,0,0,0
WBGene00201682.,0,0,0
WBGene00201683.,0,0,0
WBGene00201684.,0,4,4
WBGene00201685.,0,1,1
WBGene00201686.,0,0,0
WBGene00201687.,0,0,0
WBGene00201688.,0,1,1
WBGene00201689.,0,5,5
WBGene00201690.,0,1,1
WBGene00201691.,0,0,0
WBGene00201692.,0,5,5
WBGene00201693.,0,0,0
WBGene00201694.,0,2,2
WBGene00201695.,0,0,0
WBGene00201696.,0,0,0
WBGene00201697.,0,0,0
WBGene00201698.,0,2,2
WBGene00201699.,0,1,1
WBGene00201700.,0,0,0
WBGene00201701.,0,2,2
WBGene00201702.,0,7,7
WBGene00201703.,0,2,2
WBGene00201704.,0,0,0
WBGene00201705.,0,5,5
WBGene00201706.,0,3,3
WBGene00201707.,0,0,0
WBGene00201708.,0,0,0
WBGene00201709.,0,0,0
WBGene00201710.,0,0,0
WBGene00201711.,0,8,8
WBGene00201712.,0,0,0
WBGene00201713.,0,0,0
WBGene00201714.,0,4,4
WBGene00201715.,0,3,3
WBGene00201716.,0,0,0
WBGene00201717.,0,0,0
WBGene00201718.,0,8,8
WBGene00201719.,0,0,0
WBGene00201720.,0,0,0
WBGene00201721.,0,8,8
WBGene00201722.,0,0,0
WBGene00201723.,0,0,0
WBGene00201724.,0,0,0
WBGene00201725.,0,0,0
WBGene00201726.,0,1,1
WBGene00201727.,0,0,0
WBGene00201728.,0,0,0
WBGene00201729.,0,4,4
WBGene00201730.,0,23,23
WBGene00201731.,0,0,0
WBGene00201732.,0,1,1
WBGene00201733.,0,2,2
WBGene00201734.,0,4,4
WBGene00201735.,0,4,4
WBGene00201736.,0,1,1
WBGene00201737.,0,0,0
WBGene00201738.,0,1,1
WBGene00201739.,0,32,32
WBGene00201740.,0,10,10
WBGene00201741.,0,4,4
WBGene00201742.,0,0,0
WBGene00201743.,0,0,0
WBGene00201744.,0,11,11
WBGene00201745.,0,106,106
WBGene00201746.,0,0,0
WBGene00201747.,0,4,4
WBGene00201748.,0,0,0
WBGene00201749.,0,5,5
WBGene00201750.,0,1,1
WBGene00201751.,0,0,0
WBGene00201752.,0,29,29
WBGene00201753.,0,1,1
WBGene00201754.,0,1,1
WBGene00201755.,0,23,23
WBGene00201756.,0,0,0
WBGene00201757.,0,2,2
WBGene00201758.,0,0,0
WBGene00201759.,0,0,0
WBGene00201760.,0,1,1
WBGene00201761.,0,4,4
WBGene00201762.,0,1,1
WBGene00201763.,0,0,0
WBGene00201764.,0,1,1
WBGene00201765.,0,0,0
WBGene00201766.,0,1,1
WBGene00201767.,0,0,0
WBGene00201768.,0,1,1
WBGene00201769.,0,10,10
WBGene00201770.,0,4,4
WBGene00201771.,0,5,5
WBGene00201772.,0,0,0
WBGene00201773.,0,5,5
WBGene00201774.,0,0,0
WBGene00201775.,0,0,0
WBGene00201776.,0,0,0
WBGene00201777.,0,0,0
WBGene00201778.,0,11,11
WBGene00201779.,0,0,0
WBGene00201780.,0,0,0
WBGene00201781.,0,0,0
WBGene00201782.,0,0,0
WBGene00201783.,0,11,11
WBGene00201784.,0,6,6
WBGene00201785.,0,3,3
WBGene00201786.,0,0,0
WBGene00201787.,0,0,0
WBGene00201788.,0,0,0
WBGene00201789.,0,4,4
WBGene00201790.,0,2,2
WBGene00201791.,0,3,3
WBGene00201792.,0,0,0
WBGene00201793.,0,1,1
WBGene00201794.,0,0,0
WBGene00201795.,0,0,0
WBGene00201796.,0,1,1
WBGene00201797.,0,12,12
WBGene00201798.,0,0,0
WBGene00201799.,0,3,3
WBGene00201800.,0,0,0
WBGene00201801.,0,7,7
WBGene00201802.,0,0,0
WBGene00201803.,0,0,0
WBGene00201804.,0,0,0
WBGene00201805.,0,0,0
WBGene00201806.,0,9,9
WBGene00201807.,0,3,3
WBGene00201808.,0,4,4
WBGene00201809.,0,3,3
WBGene00201810.,0,0,0
WBGene00201811.,0,10,10
WBGene00201812.,0,0,0
WBGene00201813.,0,0,0
WBGene00201814.,0,0,0
WBGene00201815.,0,0,0
WBGene00201816.,0,0,0
WBGene00201817.,0,5,5
WBGene00201818.,0,0,0
WBGene00201819.,0,0,0
WBGene00201820.,0,0,0
WBGene00201821.,0,8,8
WBGene00201822.,0,0,0
WBGene00201823.,0,0,0
WBGene00201824.,0,2,2
WBGene00201825.,0,49,49
WBGene00201826.,0,0,0
WBGene00201827.,0,5,5
WBGene00201828.,0,4,4
WBGene00201829.,0,0,0
WBGene00201830.,0,0,0
WBGene00201831.,0,5,5
WBGene00201832.,0,0,0
WBGene00201833.,0,0,0
WBGene00201834.,0,0,0
WBGene00201835.,0,0,0
WBGene00201836.,0,16,16
WBGene00201837.,0,0,0
WBGene00201838.,0,19,19
WBGene00201839.,0,0,0
WBGene00201840.,0,3,3
WBGene00201841.,0,0,0
WBGene00201842.,0,2,2
WBGene00201843.,0,1,1
WBGene00201844.,0,3,3
WBGene00201845.,0,2,2
WBGene00201846.,0,11,11
WBGene00201847.,0,1,1
WBGene00201848.,0,6,6
WBGene00201849.,0,0,0
WBGene00201850.,0,0,0
WBGene00201851.,0,0,0
WBGene00201852.,0,0,0
WBGene00201853.,0,6,6
WBGene00201854.,0,0,0
WBGene00201855.,0,16,16
WBGene00201856.,0,0,0
WBGene00201857.,0,0,0
WBGene00201858.,0,1,1
WBGene00201859.,0,0,0
WBGene00201860.,0,2,2
WBGene00201861.,0,3,3
WBGene00201862.,0,1,1
WBGene00201863.,0,0,0
WBGene00201864.,0,0,0
WBGene00201865.,0,3,3
WBGene00201866.,0,1,1
WBGene00201867.,0,2,2
WBGene00201868.,0,3,3
WBGene00201869.,0,1,1
WBGene00201870.,0,0,0
WBGene00201871.,0,183,183
WBGene00201872.,0,0,0
WBGene00201873.,0,0,0
WBGene00201874.,0,0,0
WBGene00201875.,0,0,0
WBGene00201876.,0,0,0
WBGene00201877.,0,0,0
WBGene00201878.,0,0,0
WBGene00201879.,0,5,5
WBGene00201880.,0,0,0
WBGene00201881.,0,3,3
WBGene00201882.,0,0,0
WBGene00201883.,0,0,0
WBGene00201884.,0,1,1
WBGene00201885.,0,3,3
WBGene00201886.,0,0,0
WBGene00201887.,0,1,1
WBGene00201888.,0,0,0
WBGene00201889.,0,27,27
WBGene00201890.,0,0,0
WBGene00201891.,0,0,0
WBGene00201892.,0,0,0
WBGene00201893.,0,5,5
WBGene00201894.,0,6,6
WBGene00201895.,0,0,0
WBGene00201896.,0,0,0
WBGene00201897.,0,1,1
WBGene00201898.,0,1,1
WBGene00201899.,0,1,1
WBGene00201900.,0,3,3
WBGene00201901.,0,3,3
WBGene00201902.,0,4,4
WBGene00201903.,0,0,0
WBGene00201904.,0,0,0
WBGene00201905.,0,1,1
WBGene00201906.,0,4,4
WBGene00201907.,0,11,11
WBGene00201908.,0,12,12
WBGene00201909.,0,14,14
WBGene00201910.,0,0,0
WBGene00201911.,0,0,0
WBGene00201912.,0,1,1
WBGene00201913.,0,1,1
WBGene00201914.,0,0,0
WBGene00201915.,0,7,7
WBGene00201916.,0,15,15
WBGene00201917.,0,32,32
WBGene00201918.,0,0,0
WBGene00201919.,0,8,8
WBGene00201920.,0,0,0
WBGene00201921.,0,1,1
WBGene00201922.,0,0,0
WBGene00201923.,0,6,6
WBGene00201924.,0,0,0
WBGene00201925.,0,1,1
WBGene00201926.,0,1,1
WBGene00201927.,0,0,0
WBGene00201928.,0,4,4
WBGene00201929.,0,1,1
WBGene00201930.,0,2,2
WBGene00201931.,0,0,0
WBGene00201932.,0,1,1
WBGene00201933.,0,27,27
WBGene00201934.,0,0,0
WBGene00201935.,0,0,0
WBGene00201936.,0,0,0
WBGene00201937.,0,2,2
WBGene00201938.,0,0,0
WBGene00201939.,0,0,0
WBGene00201940.,0,0,0
WBGene00201941.,0,0,0
WBGene00201942.,0,10,10
WBGene00201943.,0,0,0
WBGene00201944.,0,7,7
WBGene00201945.,0,4,4
WBGene00201946.,0,1,1
WBGene00201947.,0,0,0
WBGene00201948.,0,0,0
WBGene00201949.,0,18,18
WBGene00201950.,0,0,0
WBGene00201951.,0,0,0
WBGene00201952.,0,8,8
WBGene00201953.,0,86,86
WBGene00201954.,0,4,4
WBGene00201955.,0,0,0
WBGene00201956.,0,0,0
WBGene00201957.,0,0,0
WBGene00201958.,0,0,0
WBGene00201959.,0,1,1
WBGene00201960.,0,0,0
WBGene00201961.,0,0,0
WBGene00201962.,0,1,1
WBGene00201963.,0,1,1
WBGene00201964.,0,326,326
WBGene00201965.,0,6,6
WBGene00201966.,0,31,31
WBGene00201967.,0,7,7
WBGene00201968.,0,0,0
WBGene00201969.,0,8,8
WBGene00201970.,0,1,1
WBGene00201971.,0,0,0
WBGene00201972.,0,0,0
WBGene00201973.,0,0,0
WBGene00201974.,0,0,0
WBGene00201975.,0,0,0
WBGene00201976.,0,0,0
WBGene00201977.,0,0,0
WBGene00201978.,0,1,1
WBGene00201979.,0,0,0
WBGene00201980.,0,0,0
WBGene00201981.,0,0,0
WBGene00201982.,0,18,18
WBGene00201983.,0,1,1
WBGene00201984.,0,1,1
WBGene00201985.,0,4,4
WBGene00201986.,0,4,4
WBGene00201987.,0,4,4
WBGene00201988.,0,5,5
WBGene00201989.,0,4,4
WBGene00201990.,0,0,0
WBGene00201991.,0,3,3
WBGene00201992.,0,2,2
WBGene00201993.,0,0,0
WBGene00201994.,0,7,7
WBGene00201995.,0,0,0
WBGene00201996.,0,0,0
WBGene00201997.,0,8,8
WBGene00201998.,0,21,21
WBGene00201999.,0,0,0
WBGene00202000.,0,3,3
WBGene00202001.,0,11,11
WBGene00202002.,0,0,0
WBGene00202003.,0,0,0
WBGene00202004.,0,0,0
WBGene00202005.,0,10,10
WBGene00202006.,0,0,0
WBGene00202007.,0,0,0
WBGene00202008.,0,23,23
WBGene00202009.,0,0,0
WBGene00202010.,0,6,6
WBGene00202011.,0,8,8
WBGene00202012.,0,5,5
WBGene00202013.,0,1,1
WBGene00202014.,0,0,0
WBGene00202015.,0,0,0
WBGene00202016.,0,31,31
WBGene00202017.,0,0,0
WBGene00202018.,0,0,0
WBGene00202019.,0,0,0
WBGene00202020.,0,2,2
WBGene00202021.,0,23,23
WBGene00202022.,0,0,0
WBGene00202023.,0,3,3
WBGene00202024.,0,1,1
WBGene00202025.,0,0,0
WBGene00202026.,0,8,8
WBGene00202027.,0,0,0
WBGene00202028.,0,24,24
WBGene00202029.,0,22,22
WBGene00202030.,0,16,16
WBGene00202031.,0,0,0
WBGene00202032.,0,0,0
WBGene00202033.,0,8,8
WBGene00202034.,0,3,3
WBGene00202035.,0,0,0
WBGene00202036.,0,6,6
WBGene00202037.,0,0,0
WBGene00202038.,0,1,1
WBGene00202039.,0,1,1
WBGene00202040.,0,0,0
WBGene00202041.,0,1,1
WBGene00202042.,0,0,0
WBGene00202043.,0,0,0
WBGene00202044.,0,13,13
WBGene00202045.,0,0,0
WBGene00202046.,0,0,0
WBGene00202047.,0,1,1
WBGene00202048.,0,1,1
WBGene00202049.,0,0,0
WBGene00202050.,0,2,2
WBGene00202051.,0,2,2
WBGene00202052.,0,0,0
WBGene00202053.,0,2,2
WBGene00202054.,0,1,1
WBGene00202055.,0,0,0
WBGene00202056.,0,0,0
WBGene00202057.,0,0,0
WBGene00202058.,0,0,0
WBGene00202059.,0,0,0
WBGene00202060.,0,10,10
WBGene00202061.,0,2,2
WBGene00202062.,0,6,6
WBGene00202063.,0,1,1
WBGene00202064.,0,0,0
WBGene00202065.,0,12,12
WBGene00202066.,0,7,7
WBGene00202067.,0,0,0
WBGene00202068.,0,0,0
WBGene00202069.,0,0,0
WBGene00202070.,0,0,0
WBGene00202071.,0,0,0
WBGene00202072.,0,0,0
WBGene00202073.,0,0,0
WBGene00202074.,0,7,7
WBGene00202075.,0,0,0
WBGene00202076.,0,0,0
WBGene00202077.,0,6,6
WBGene00202078.,0,3,3
WBGene00202079.,0,15,15
WBGene00202080.,0,6,6
WBGene00202081.,0,1,1
WBGene00202082.,0,1,1
WBGene00202083.,0,0,0
WBGene00202084.,0,9,9
WBGene00202085.,0,11,11
WBGene00202086.,0,11,11
WBGene00202087.,0,14,14
WBGene00202088.,0,8,8
WBGene00202089.,0,1,1
WBGene00202090.,0,1,1
WBGene00202091.,0,8,8
WBGene00202092.,0,2,2
WBGene00202093.,0,0,0
WBGene00202094.,0,6,6
WBGene00202095.,0,0,0
WBGene00202096.,0,7,7
WBGene00202097.,0,3,3
WBGene00202098.,0,1,1
WBGene00202099.,0,0,0
WBGene00202100.,0,0,0
WBGene00202101.,0,4,4
WBGene00202102.,0,1,1
WBGene00202103.,0,0,0
WBGene00202104.,0,3,3
WBGene00202105.,0,22,22
WBGene00202106.,0,0,0
WBGene00202107.,0,4,4
WBGene00202108.,0,0,0
WBGene00202109.,0,0,0
WBGene00202110.,0,0,0
WBGene00202111.,0,0,0
WBGene00202112.,0,3,3
WBGene00202113.,0,4,4
WBGene00202114.,0,0,0
WBGene00202115.,0,2,2
WBGene00202116.,0,0,0
WBGene00202117.,0,0,0
WBGene00202118.,0,0,0
WBGene00202119.,0,1,1
WBGene00202120.,0,0,0
WBGene00202121.,0,2,2
WBGene00202122.,0,2,2
WBGene00202123.,0,0,0
WBGene00202124.,0,0,0
WBGene00202125.,0,0,0
WBGene00202126.,0,2,2
WBGene00202127.,0,0,0
WBGene00202128.,0,0,0
WBGene00202129.,0,2,2
WBGene00202130.,0,7,7
WBGene00202131.,0,0,0
WBGene00202132.,0,2,2
WBGene00202133.,0,31,31
WBGene00202134.,0,0,0
WBGene00202135.,0,0,0
WBGene00202136.,0,209,209
WBGene00202137.,0,1,1
WBGene00202138.,0,1,1
WBGene00202139.,0,0,0
WBGene00202140.,0,6,6
WBGene00202141.,0,0,0
WBGene00202142.,0,0,0
WBGene00202143.,0,33,33
WBGene00202144.,0,0,0
WBGene00202145.,0,12,12
WBGene00202146.,0,0,0
WBGene00202147.,0,0,0
WBGene00202148.,0,0,0
WBGene00202149.,0,0,0
WBGene00202150.,0,13,13
WBGene00202151.,0,1,1
WBGene00202152.,0,0,0
WBGene00202153.,0,0,0
WBGene00202154.,0,0,0
WBGene00202155.,0,0,0
WBGene00202156.,0,0,0
WBGene00202157.,0,2,2
WBGene00202158.,0,1,1
WBGene00202159.,0,0,0
WBGene00202160.,0,0,0
WBGene00202161.,0,0,0
WBGene00202162.,0,0,0
WBGene00202163.,0,0,0
WBGene00202164.,0,0,0
WBGene00202165.,0,2,2
WBGene00202166.,0,12,12
WBGene00202167.,0,1,1
WBGene00202168.,0,0,0
WBGene00202169.,0,0,0
WBGene00202170.,0,2,2
WBGene00202171.,0,0,0
WBGene00202172.,0,0,0
WBGene00202173.,0,0,0
WBGene00202174.,0,3,3
WBGene00202175.,0,0,0
WBGene00202176.,0,0,0
WBGene00202177.,0,3,3
WBGene00202178.,0,0,0
WBGene00202179.,0,2,2
WBGene00202180.,0,0,0
WBGene00202181.,0,1,1
WBGene00202182.,0,0,0
WBGene00202183.,0,7,7
WBGene00202184.,0,0,0
WBGene00202185.,0,0,0
WBGene00202186.,0,7,7
WBGene00202187.,0,3,3
WBGene00202188.,0,1,1
WBGene00202189.,0,0,0
WBGene00202190.,0,0,0
WBGene00202191.,0,2,2
WBGene00202192.,0,2,2
WBGene00202193.,0,0,0
WBGene00202194.,0,3,3
WBGene00202195.,0,8,8
WBGene00202196.,0,2,2
WBGene00202197.,0,0,0
WBGene00202198.,0,4,4
WBGene00202199.,0,0,0
WBGene00202200.,0,0,0
WBGene00202201.,0,0,0
WBGene00202202.,0,1,1
WBGene00202203.,0,0,0
WBGene00202204.,0,1,1
WBGene00202205.,0,1,1
WBGene00202206.,0,0,0
WBGene00202207.,0,0,0
WBGene00202208.,0,0,0
WBGene00202209.,0,0,0
WBGene00202210.,0,0,0
WBGene00202211.,0,2,2
WBGene00202212.,0,0,0
WBGene00202213.,0,0,0
WBGene00202214.,0,1,1
WBGene00202215.,0,2,2
WBGene00202216.,0,1,1
WBGene00202217.,0,0,0
WBGene00202218.,0,1,1
WBGene00202219.,0,0,0
WBGene00202220.,0,0,0
WBGene00202221.,0,0,0
WBGene00202222.,0,0,0
WBGene00202223.,0,3,3
WBGene00202224.,0,2,2
WBGene00202225.,0,0,0
WBGene00202226.,0,0,0
WBGene00202227.,0,0,0
WBGene00202228.,0,0,0
WBGene00202229.,0,0,0
WBGene00202230.,0,0,0
WBGene00202231.,0,3,3
WBGene00202232.,0,5,5
WBGene00202233.,0,0,0
WBGene00202234.,0,6,6
WBGene00202235.,0,4,4
WBGene00202236.,0,0,0
WBGene00202237.,0,2,2
WBGene00202238.,0,1,1
WBGene00202239.,0,0,0
WBGene00202240.,0,0,0
WBGene00202241.,0,0,0
WBGene00202242.,0,0,0
WBGene00202243.,0,3,3
WBGene00202244.,0,1,1
WBGene00202245.,0,1,1
WBGene00202246.,0,0,0
WBGene00202247.,0,0,0
WBGene00202248.,0,0,0
WBGene00202249.,0,1,1
WBGene00202250.,0,0,0
WBGene00202251.,0,0,0
WBGene00202252.,0,0,0
WBGene00202253.,0,0,0
WBGene00202254.,0,0,0
WBGene00202255.,0,1,1
WBGene00202256.,0,3,3
WBGene00202257.,0,1,1
WBGene00202258.,0,0,0
WBGene00202259.,0,0,0
WBGene00202260.,0,1,1
WBGene00202261.,0,3,3
WBGene00202262.,0,0,0
WBGene00202263.,0,7,7
WBGene00202264.,0,1,1
WBGene00202265.,0,6,6
WBGene00202266.,0,0,0
WBGene00202267.,0,12,12
WBGene00202268.,0,10,10
WBGene00202269.,0,2,2
WBGene00202270.,0,1,1
WBGene00202271.,0,0,0
WBGene00202272.,0,1,1
WBGene00202273.,0,2,2
WBGene00202274.,0,0,0
WBGene00202275.,0,3,3
WBGene00202276.,0,0,0
WBGene00202277.,0,0,0
WBGene00202278.,0,0,0
WBGene00202279.,0,2,2
WBGene00202280.,0,0,0
WBGene00202281.,0,0,0
WBGene00202282.,0,1,1
WBGene00202283.,0,1,1
WBGene00202284.,0,0,0
WBGene00202285.,0,0,0
WBGene00202286.,0,5,5
WBGene00202287.,0,3,3
WBGene00202288.,0,0,0
WBGene00202289.,0,11,11
WBGene00202290.,0,0,0
WBGene00202291.,0,3,3
WBGene00202292.,0,0,0
WBGene00202293.,0,7,7
WBGene00202294.,0,6,6
WBGene00202295.,0,1,1
WBGene00202296.,0,0,0
WBGene00202297.,0,0,0
WBGene00202298.,0,0,0
WBGene00202299.,0,0,0
WBGene00202300.,0,13,13
WBGene00202301.,0,7,7
WBGene00202302.,0,1,1
WBGene00202303.,0,0,0
WBGene00202304.,0,1,1
WBGene00202305.,0,15,15
WBGene00202306.,0,13,13
WBGene00202307.,0,0,0
WBGene00202308.,0,0,0
WBGene00202309.,0,0,0
WBGene00202310.,0,0,0
WBGene00202311.,0,10,10
WBGene00202312.,0,4,4
WBGene00202313.,0,8,8
WBGene00202314.,0,1,1
WBGene00202315.,0,0,0
WBGene00202316.,0,4,4
WBGene00202317.,0,11,11
WBGene00202318.,0,0,0
WBGene00202319.,0,1,1
WBGene00202320.,0,0,0
WBGene00202321.,0,7,7
WBGene00202322.,0,1,1
WBGene00202323.,0,41,41
WBGene00202324.,0,0,0
WBGene00202325.,0,4,4
WBGene00202326.,0,0,0
WBGene00202327.,0,2,2
WBGene00202328.,0,0,0
WBGene00202329.,0,0,0
WBGene00202330.,0,23,23
WBGene00202331.,0,0,0
WBGene00202332.,0,2,2
WBGene00202333.,0,3,3
WBGene00202334.,0,1,1
WBGene00202335.,0,0,0
WBGene00202336.,0,2,2
WBGene00202337.,0,0,0
WBGene00202338.,0,0,0
WBGene00202339.,0,0,0
WBGene00202340.,0,10,10
WBGene00202341.,0,0,0
WBGene00202342.,0,0,0
WBGene00202343.,0,0,0
WBGene00202344.,0,0,0
WBGene00202345.,0,0,0
WBGene00202346.,0,0,0
WBGene00202347.,0,0,0
WBGene00202348.,0,0,0
WBGene00202349.,0,3,3
WBGene00202350.,0,1,1
WBGene00202351.,0,0,0
WBGene00202352.,0,0,0
WBGene00202353.,0,0,0
WBGene00202354.,0,0,0
WBGene00202355.,0,6,6
WBGene00202356.,0,0,0
WBGene00202357.,0,0,0
WBGene00202358.,0,0,0
WBGene00202359.,0,4,4
WBGene00202360.,0,0,0
WBGene00202361.,0,0,0
WBGene00202362.,0,0,0
WBGene00202363.,0,0,0
WBGene00202364.,0,0,0
WBGene00202365.,0,4,4
WBGene00202366.,0,0,0
WBGene00202367.,0,0,0
WBGene00202368.,0,4,4
WBGene00202369.,0,0,0
WBGene00202370.,0,3,3
WBGene00202371.,0,1,1
WBGene00202372.,0,2,2
WBGene00202373.,0,1,1
WBGene00202374.,0,0,0
WBGene00202375.,0,0,0
WBGene00202376.,0,0,0
WBGene00202377.,0,0,0
WBGene00202378.,0,0,0
WBGene00202379.,0,0,0
WBGene00202380.,0,0,0
WBGene00202381.,0,2,2
WBGene00202382.,0,3,3
WBGene00202383.,0,5,5
WBGene00202384.,0,0,0
WBGene00202385.,0,2,2
WBGene00202386.,0,0,0
WBGene00202387.,0,0,0
WBGene00202388.,0,2,2
WBGene00202389.,0,4,4
WBGene00202390.,0,0,0
WBGene00202391.,0,1,1
WBGene00202392.,0,3,3
WBGene00202393.,0,0,0
WBGene00202394.,0,1,1
WBGene00202395.,0,3,3
WBGene00202396.,0,0,0
WBGene00202397.,0,6,6
WBGene00202398.,0,0,0
WBGene00202399.,0,0,0
WBGene00202400.,0,44,44
WBGene00202401.,0,0,0
WBGene00202402.,0,0,0
WBGene00202403.,0,0,0
WBGene00202404.,0,1,1
WBGene00202405.,0,4,4
WBGene00202406.,0,1,1
WBGene00202407.,0,1,1
WBGene00202408.,0,1,1
WBGene00202409.,0,0,0
WBGene00202410.,0,154,154
WBGene00202411.,0,1,1
WBGene00202412.,0,12,12
WBGene00202413.,0,2,2
WBGene00202414.,0,0,0
WBGene00202415.,0,1,1
WBGene00202416.,0,6,6
WBGene00202417.,0,1,1
WBGene00202418.,0,4,4
WBGene00202419.,0,0,0
WBGene00202420.,0,0,0
WBGene00202421.,0,0,0
WBGene00202422.,0,4,4
WBGene00202423.,0,0,0
WBGene00202424.,0,31,31
WBGene00202425.,0,16,16
WBGene00202426.,0,0,0
WBGene00202427.,0,1,1
WBGene00202428.,0,0,0
WBGene00202429.,0,3,3
WBGene00202430.,0,0,0
WBGene00202431.,0,0,0
WBGene00202432.,0,1,1
WBGene00202433.,0,0,0
WBGene00202434.,0,1,1
WBGene00202435.,0,0,0
WBGene00202436.,0,6,6
WBGene00202437.,0,0,0
WBGene00202438.,0,5,5
WBGene00202439.,0,5,5
WBGene00202440.,0,0,0
WBGene00202441.,0,4,4
WBGene00202442.,0,0,0
WBGene00202443.,0,0,0
WBGene00202444.,0,0,0
WBGene00202445.,0,0,0
WBGene00202446.,0,1,1
WBGene00202447.,0,2,2
WBGene00202448.,0,4,4
WBGene00202449.,0,17,17
WBGene00202450.,0,0,0
WBGene00202451.,0,3,3
WBGene00202452.,0,0,0
WBGene00202453.,0,13,13
WBGene00202454.,0,0,0
WBGene00202455.,0,0,0
WBGene00202456.,0,0,0
WBGene00202457.,0,0,0
WBGene00202458.,0,0,0
WBGene00202459.,0,2,2
WBGene00202460.,0,4,4
WBGene00202461.,0,0,0
WBGene00202462.,0,0,0
WBGene00202463.,0,9,9
WBGene00202464.,0,1,1
WBGene00202465.,0,0,0
WBGene00202466.,0,1,1
WBGene00202467.,0,2,2
WBGene00202468.,0,0,0
WBGene00202469.,0,7,7
WBGene00202470.,0,5,5
WBGene00202471.,0,3,3
WBGene00202472.,0,13,13
WBGene00202473.,0,1,1
WBGene00202474.,0,0,0
WBGene00202475.,0,2,2
WBGene00202476.,0,1,1
WBGene00202477.,0,2,2
WBGene00202478.,0,0,0
WBGene00202479.,0,0,0
WBGene00202480.,0,6,6
WBGene00202481.,0,0,0
WBGene00202482.,0,0,0
WBGene00202483.,0,3,3
WBGene00202484.,0,1,1
WBGene00202485.,0,0,0
WBGene00202486.,0,0,0
WBGene00202487.,0,2,2
WBGene00202488.,0,0,0
WBGene00202489.,0,0,0
WBGene00202490.,0,4,4
WBGene00202491.,0,0,0
WBGene00202492.,0,2,2
WBGene00202493.,0,3,3
WBGene00202494.,0,0,0
WBGene00202495.,0,0,0
WBGene00202496.,2,14,16
WBGene00202497.,0,5,5
WBGene00202498.,11,45,56
WBGene00202499.,5,6,11
WBGene00202500.,6,0,6
WBGene00202501.,0,3,3
WBGene00202502.,0,4,4
WBGene00202504.,0,2,2
WBGene00202511.,4,5,9
WBGene00202512.,23,154,177
WBGene00202513.,12,141,153
WBGene00202514.,4,12,16
WBGene00206354.,1,37,38
WBGene00206355.,1,26,27
WBGene00206356.,55,632,687
WBGene00206357.,5,4,9
WBGene00206358.,2,1,3
WBGene00206359.,5,6,11
WBGene00206360.,0,0,0
WBGene00206361.,13,138,151
WBGene00206362.,92,409,501
WBGene00206363.,0,0,0
WBGene00206364.,4,7,11
WBGene00206365.,0,11,11
WBGene00206366.,2,24,26
WBGene00206368.,0,0,0
WBGene00206369.,0,0,0
WBGene00206370.,1,19,20
WBGene00206371.,7,172,179
WBGene00206372.,1,5,6
WBGene00206373.,24,244,268
WBGene00206374.,56,103,159
WBGene00206375.,0,5,5
WBGene00206377.,5,43,48
WBGene00206378.,15,17,32
WBGene00206379.,0,5,5
WBGene00206380.,128,1778,1906
WBGene00206381.,4,27,31
WBGene00206382.,90,1100,1190
WBGene00206383.,0,1,1
WBGene00206384.,14,18,32
WBGene00206385.,0,0,0
WBGene00206386.,3,76,79
WBGene00206388.,0,0,0
WBGene00206389.,1,1,2
WBGene00206390.,0,0,0
WBGene00206391.,0,1,1
WBGene00206392.,13,33,46
WBGene00206393.,7,18,25
WBGene00206394.,0,0,0
WBGene00206395.,0,0,0
WBGene00206411.,0,17,17
WBGene00206412.,2,21,23
WBGene00206413.,2,1,3
WBGene00206414.,4,15,19
WBGene00206415.,14,14,28
WBGene00206416.,7,49,56
WBGene00206417.,77,713,790
WBGene00206418.,1,52,53
WBGene00206420.,4,120,124
WBGene00206421.,0,0,0
WBGene00206422.,0,0,0
WBGene00206423.,0,1373,1373
WBGene00206459.,51,398,449
WBGene00206460.,13,77,90
WBGene00206461.,4,49,53
WBGene00206462.,0,2,2
WBGene00206464.,0,1127,1127
WBGene00206466.,7,177,184
WBGene00206468.,0,0,0
WBGene00206469.,15,46,61
WBGene00206470.,2,1,3
WBGene00206471.,9,9,18
WBGene00206473.,0,19,19
WBGene00206474.,20,86,106
WBGene00206475.,2,4,6
WBGene00206477.,0,1,1
WBGene00206478.,1,6,7
WBGene00206479.,10,5,15
WBGene00206481.,1,0,1
WBGene00206482.,2,16,18
WBGene00206483.,2,0,2
WBGene00206484.,31,143,174
WBGene00206485.,1,1,2
WBGene00206486.,15,12,27
WBGene00206487.,24,636,660
WBGene00206488.,91,97,188
WBGene00206489.,12,13,25
WBGene00206490.,1,1,2
WBGene00206491.,12,117,129
WBGene00206492.,0,0,0
WBGene00206493.,0,4,4
WBGene00206494.,3,3,6
WBGene00206495.,2,0,2
WBGene00206496.,0,0,0
WBGene00206497.,3,7,10
WBGene00206498.,0,1,1
WBGene00206499.,0,0,0
WBGene00206500.,0,0,0
WBGene00206501.,0,1,1
WBGene00206502.,7,43,50
WBGene00206503.,0,0,0
WBGene00206504.,0,0,0
WBGene00206505.,9,257,266
WBGene00206506.,0,0,0
WBGene00206507.,1,2,3
WBGene00206508.,0,1,1
WBGene00206509.,0,2,2
WBGene00206510.,8,0,8
WBGene00206511.,5,0,5
WBGene00206512.,2,23,25
WBGene00206513.,2,2,4
WBGene00206514.,1,1,2
WBGene00206515.,1,3,4
WBGene00206516.,302,0,302
WBGene00206517.,4,71,75
WBGene00206518.,0,1,1
WBGene00206519.,1,4,5
WBGene00206520.,3,3,6
WBGene00206521.,0,1,1
WBGene00206522.,51,2182,2233
WBGene00206523.,1,2,3
WBGene00206524.,3,15,18
WBGene00206525.,73,548,621
WBGene00206526.,2,3,5
WBGene00206527.,6,22,28
WBGene00206528.,0,52,52
WBGene00206529.,44,289,333
WBGene00206530.,34,33,67
WBGene00206531.,0,2,2
WBGene00206532.,539,344,883
WBGene00206533.,175,128,303
WBGene00206534.,0,0,0
WBGene00206535.,6,5,11
WBGene00206536.,10,9,19
WBGene00206537.,10,14,24
WBGene00206538.,13,208,221
WBGene00215616.,53,185,238
WBGene00219205.,3,8,11
WBGene00219206.,8,168,176
WBGene00219207.,0,1198,1198
WBGene00219208.,74,1025,1099
WBGene00219209.,10,38,48
WBGene00219210.,4,71,75
WBGene00219212.,0,0,0
WBGene00219214.,0,2,2
WBGene00219215.,0,2,2
WBGene00219216.,0,1,1
WBGene00219217.,0,2,2
WBGene00219218.,2,17,19
WBGene00219219.,0,0,0
WBGene00219220.,0,33,33
WBGene00219221.,0,10,10
WBGene00219222.,0,0,0
WBGene00219223.,0,0,0
WBGene00219224.,0,0,0
WBGene00219225.,0,0,0
WBGene00219226.,0,0,0
WBGene00219227.,0,0,0
WBGene00219228.,0,0,0
WBGene00219229.,0,15,15
WBGene00219230.,0,0,0
WBGene00219231.,0,0,0
WBGene00219232.,0,3,3
WBGene00219233.,0,0,0
WBGene00219234.,2,2,4
WBGene00219235.,1,54,55
WBGene00219236.,15,712,727
WBGene00219238.,2,0,2
WBGene00219239.,0,0,0
WBGene00219241.,3,7,10
WBGene00219242.,0,0,0
WBGene00219243.,30,56,86
WBGene00219244.,0,3,3
WBGene00219245.,0,1,1
WBGene00219246.,0,0,0
WBGene00219247.,0,0,0
WBGene00219248.,0,0,0
WBGene00219249.,0,0,0
WBGene00219250.,0,0,0
WBGene00219251.,0,1,1
WBGene00219252.,0,0,0
WBGene00219253.,0,0,0
WBGene00219254.,0,0,0
WBGene00219255.,0,0,0
WBGene00219256.,0,0,0
WBGene00219257.,0,0,0
WBGene00219258.,0,0,0
WBGene00219259.,0,0,0
WBGene00219260.,0,0,0
WBGene00219261.,0,0,0
WBGene00219262.,0,0,0
WBGene00219263.,0,0,0
WBGene00219264.,0,0,0
WBGene00219265.,0,11,11
WBGene00219266.,0,1,1
WBGene00219267.,0,38,38
WBGene00219269.,0,1,1
WBGene00219270.,0,1,1
WBGene00219271.,0,2,2
WBGene00219272.,12,1,13
WBGene00219274.,5,41,46
WBGene00219275.,274,2637,2911
WBGene00219278.,2,10,12
WBGene00219279.,1,5,6
WBGene00219280.,6,65,71
WBGene00219281.,38,15,53
WBGene00219282.,3,18,21
WBGene00219283.,237,54,291
WBGene00219284.,8,2,10
WBGene00219285.,5,20,25
WBGene00219286.,0,38,38
WBGene00219287.,134,2302,2436
WBGene00219288.,51,226,277
WBGene00219289.,516,373,889
WBGene00219290.,0,1,1
WBGene00219291.,0,0,0
WBGene00219292.,1,27,28
WBGene00219293.,2,3,5
WBGene00219294.,9,46,55
WBGene00219295.,33,17,50
WBGene00219296.,3,9,12
WBGene00219297.,6,3,9
WBGene00219298.,7,9,16
WBGene00219299.,4,14,18
WBGene00219300.,11,46,57
WBGene00219301.,3,3,6
WBGene00219302.,0,37,37
WBGene00219303.,24,118,142
WBGene00219304.,132,3784,3916
WBGene00219306.,15,359,374
WBGene00219307.,294,3968,4262
WBGene00219308.,2,19,21
WBGene00219309.,1,53,54
WBGene00219310.,0,5,5
WBGene00219311.,0,0,0
WBGene00219312.,0,0,0
WBGene00219313.,55,1823,1878
WBGene00219314.,2,1,3
WBGene00219315.,0,4,4
WBGene00219316.,4,23,27
WBGene00219317.,8,19,27
WBGene00219318.,0,2,2
WBGene00219319.,8,19,27
WBGene00219321.,1,5,6
WBGene00219322.,0,1,1
WBGene00219323.,0,1,1
WBGene00219324.,0,4,4
WBGene00219325.,38,12,50
WBGene00219326.,2,14,16
WBGene00219327.,0,2,2
WBGene00219329.,186,164,350
WBGene00219330.,7,2,9
WBGene00219331.,1,2,3
WBGene00219332.,16,1,17
WBGene00219337.,139,72,211
WBGene00219342.,1,7,8
WBGene00219343.,0,152,152
WBGene00219351.,6,11,17
WBGene00219352.,1,34,35
WBGene00219362.,105,301,406
WBGene00219368.,0,6,6
WBGene00219369.,0,3,3
WBGene00219370.,0,0,0
WBGene00219371.,0,45,45
WBGene00219373.,10,1017,1027
WBGene00219374.,10,20,30
WBGene00219375.,23,182,205
WBGene00219376.,3,36,39
WBGene00219377.,3,26,29
WBGene00219378.,0,2,2
WBGene00219381.,2,2,4
WBGene00219383.,1,9,10
WBGene00219394.,0,0,0
WBGene00219395.,6,2,8
WBGene00219399.,18,17,35
WBGene00219410.,17,11,28
WBGene00219411.,7,6,13
WBGene00219412.,0,190,190
WBGene00219413.,2,72,74
WBGene00219414.,1,1,2
WBGene00219415.,25,82,107
WBGene00219416.,0,10,10
WBGene00219417.,6,15,21
WBGene00219418.,0,0,0
WBGene00219420.,0,152,152
WBGene00219421.,0,17,17
WBGene00219422.,11,19,30
WBGene00219423.,4,3,7
WBGene00219424.,1,25,26
WBGene00219425.,110,138,248
WBGene00219434.,1,0,1
WBGene00219436.,18,96,114
WBGene00219437.,3,8,11
WBGene00219442.,0,3,3
WBGene00219443.,0,1,1
WBGene00219444.,52,34,86
WBGene00219445.,0,0,0
WBGene00219446.,0,0,0
WBGene00219447.,0,0,0
WBGene00219448.,6,26,32
WBGene00219449.,13,17,30
WBGene00219450.,12,84,96
WBGene00219451.,7,98,105
WBGene00219452.,3,6,9
WBGene00219453.,0,4,4
WBGene00219454.,0,1,1
WBGene00219455.,0,2,2
WBGene00219456.,0,0,0
WBGene00219458.,3,2,5
WBGene00219460.,8,2,10
WBGene00219476.,7,22,29
WBGene00219477.,0,0,0
WBGene00219478.,0,0,0
WBGene00219483.,6,2,8
WBGene00219489.,0,3,3
WBGene00219490.,0,3,3
WBGene00219491.,0,3,3
WBGene00219492.,2,0,2
WBGene00219493.,0,14,14
WBGene00219497.,1,0,1
WBGene00219498.,6,16,22
WBGene00219544.,0,0,0
WBGene00219545.,0,5,5
WBGene00219546.,8,12,20
WBGene00219547.,0,0,0
WBGene00219548.,0,111,111
WBGene00219549.,0,0,0
WBGene00219550.,0,0,0
WBGene00219551.,0,18,18
WBGene00219552.,33,0,33
WBGene00219553.,0,0,0
WBGene00219554.,0,0,0
WBGene00219555.,0,1,1
WBGene00219556.,0,0,0
WBGene00219557.,12,56,68
WBGene00219558.,0,1,1
WBGene00219559.,0,319,319
WBGene00219560.,0,0,0
WBGene00219561.,0,0,0
WBGene00219562.,11,17,28
WBGene00219563.,66,12,78
WBGene00219564.,0,0,0
WBGene00219565.,0,15,15
WBGene00219566.,0,26,26
WBGene00219567.,17,65,82
WBGene00219568.,0,6,6
WBGene00219569.,0,57,57
WBGene00219570.,44,48,92
WBGene00219571.,46,363,409
WBGene00219572.,240,35,275
WBGene00219573.,0,3,3
WBGene00219574.,0,7,7
WBGene00219575.,67,290,357
WBGene00219576.,0,0,0
WBGene00219577.,0,0,0
WBGene00219578.,0,14,14
WBGene00219579.,0,0,0
WBGene00219580.,2,2,4
WBGene00219581.,0,483,483
WBGene00219582.,0,20,20
WBGene00219583.,6,29,35
WBGene00219584.,0,2,2
WBGene00219585.,0,0,0
WBGene00219586.,76,61,137
WBGene00219587.,2,15,17
WBGene00219588.,3,7,10
WBGene00219589.,31,275,306
WBGene00219590.,0,212,212
WBGene00219591.,0,50,50
WBGene00219592.,0,243,243
WBGene00219593.,0,0,0
WBGene00219594.,0,0,0
WBGene00219596.,9,12,21
WBGene00219597.,0,4,4
WBGene00219598.,2,28,30
WBGene00219599.,1,1,2
WBGene00219600.,304,116,420
WBGene00219601.,95,91,186
WBGene00219602.,0,222,222
WBGene00219603.,3,4,7
WBGene00219604.,0,1,1
WBGene00219605.,206,157,363
WBGene00219606.,6,84,90
WBGene00219607.,0,4,4
WBGene00219608.,0,61,61
WBGene00219609.,0,12436,12436
WBGene00219610.,0,19,19
WBGene00219611.,0,0,0
WBGene00219612.,4,116,120
WBGene00219613.,87,3,90
WBGene00219614.,28,26,54
WBGene00219615.,55,120,175
WBGene00219616.,0,0,0
WBGene00219617.,34,215,249
WBGene00219618.,0,72,72
WBGene00219619.,9,76,85
WBGene00219620.,9,12,21
WBGene00219621.,0,0,0
WBGene00219622.,0,0,0
WBGene00219623.,2,1,3
WBGene00219624.,0,5,5
WBGene00219625.,30,37,67
WBGene00219626.,4,30,34
WBGene00219627.,52,24,76
WBGene00219628.,0,3,3
WBGene00219629.,18,36,54
WBGene00219630.,117,2,119
WBGene00219631.,0,1,1
WBGene00219632.,0,3,3
WBGene00219633.,0,22,22
WBGene00219634.,0,0,0
WBGene00219635.,0,0,0
WBGene00219636.,69,260,329
WBGene00219637.,0,21,21
WBGene00219638.,0,16,16
WBGene00219639.,5,37,42
WBGene00219640.,5,5,10
WBGene00219641.,32,256,288
WBGene00219642.,28,10,38
WBGene00219643.,0,0,0
WBGene00219644.,6,3,9
WBGene00219645.,16,23,39
WBGene00219646.,0,0,0
WBGene00219647.,561,1153,1714
WBGene00219648.,0,1,1
WBGene00219649.,0,220,220
WBGene00219650.,0,143,143
WBGene00219651.,0,57,57
WBGene00219652.,2,1,3
WBGene00219653.,0,3,3
WBGene00219654.,11,41,52
WBGene00219655.,0,7,7
WBGene00219656.,6,2,8
WBGene00219657.,0,16,16
WBGene00219658.,2,7,9
WBGene00219659.,0,29,29
WBGene00219660.,0,14,14
WBGene00219661.,15,130,145
WBGene00219662.,0,5,5
WBGene00219663.,0,1,1
WBGene00219664.,0,127,127
WBGene00219665.,2,24,26
WBGene00219666.,105,15,120
WBGene00219667.,1,7,8
WBGene00219668.,0,2,2
WBGene00219669.,0,19,19
WBGene00219670.,1,3,4
WBGene00219671.,0,2,2
WBGene00219672.,112,174,286
WBGene00219673.,11,44,55
WBGene00219674.,0,3,3
WBGene00219675.,0,493,493
WBGene00219676.,0,25,25
WBGene00219677.,0,8,8
WBGene00219678.,44,325,369
WBGene00219679.,14,2,16
WBGene00219680.,0,266,266
WBGene00219681.,2,50,52
WBGene00219682.,0,46,46
WBGene00219683.,34,32,66
WBGene00219684.,4,1,5
WBGene00219685.,5,5,10
WBGene00219686.,4,48,52
WBGene00219687.,58,343,401
WBGene00219688.,15,70,85
WBGene00219689.,1,17,18
WBGene00219690.,0,0,0
WBGene00219691.,5,11,16
WBGene00219692.,0,0,0
WBGene00219693.,0,0,0
WBGene00219694.,2,20,22
WBGene00219695.,81,115,196
WBGene00219696.,0,7,7
WBGene00219697.,0,115,115
WBGene00219698.,0,0,0
WBGene00219699.,106,895,1001
WBGene00219700.,0,114,114
WBGene00219701.,9,91,100
WBGene00219702.,0,3,3
WBGene00219703.,0,1,1
WBGene00219704.,0,5,5
WBGene00219705.,0,0,0
WBGene00219706.,0,2,2
WBGene00219707.,448,2763,3211
WBGene00219708.,47,498,545
WBGene00219709.,0,1,1
WBGene00219710.,0,39,39
WBGene00219711.,98,236,334
WBGene00219712.,18,14,32
WBGene00219713.,0,65,65
WBGene00219714.,0,1,1
WBGene00219715.,0,35,35
WBGene00219716.,0,5,5
WBGene00219717.,0,1,1
WBGene00219718.,34,182,216
WBGene00219719.,146,111,257
WBGene00219720.,0,861,861
WBGene00219721.,5,72,77
WBGene00219722.,0,96,96
WBGene00219723.,4,13,17
WBGene00219724.,0,3,3
WBGene00219725.,0,6,6
WBGene00219726.,2,6,8
WBGene00219727.,3,24,27
WBGene00219728.,0,38,38
WBGene00219729.,0,40,40
WBGene00219730.,0,21,21
WBGene00219731.,0,8,8
WBGene00219732.,1,6,7
WBGene00219733.,3,0,3
WBGene00219734.,0,194,194
WBGene00219735.,0,5,5
WBGene00219736.,23,134,157
WBGene00219737.,4,5,9
WBGene00219738.,0,41,41
WBGene00219739.,65,91,156
WBGene00219740.,2,13,15
WBGene00219741.,0,2,2
WBGene00219742.,0,29,29
WBGene00219743.,34,149,183
WBGene00219744.,0,0,0
WBGene00219745.,24,27,51
WBGene00219746.,0,439,439
WBGene00219747.,0,0,0
WBGene00219748.,12,119,131
WBGene00219749.,0,43,43
WBGene00219750.,1,2,3
WBGene00219751.,0,11,11
WBGene00219752.,0,6,6
WBGene00219753.,2,111,113
WBGene00219754.,10,6,16
WBGene00219755.,39,717,756
WBGene00219756.,70,644,714
WBGene00219757.,0,0,0
WBGene00219758.,17,1446,1463
WBGene00219759.,0,1,1
WBGene00219760.,0,0,0
WBGene00219761.,0,0,0
WBGene00219762.,4,8,12
WBGene00219763.,11,57,68
WBGene00219764.,0,3,3
WBGene00219765.,130,17,147
WBGene00219766.,0,10,10
WBGene00219767.,14,1,15
WBGene00219768.,0,13,13
WBGene00219769.,5,11,16
WBGene00219770.,12,6,18
WBGene00219771.,111,859,970
WBGene00219772.,1,4,5
WBGene00219773.,2,7,9
WBGene00219774.,1,6,7
WBGene00219775.,20,12,32
WBGene00219776.,0,0,0
WBGene00219777.,0,0,0
WBGene00219778.,0,0,0
WBGene00219779.,0,0,0
WBGene00219780.,0,0,0
WBGene00219781.,0,2,2
WBGene00219782.,0,0,0
WBGene00219783.,0,0,0
WBGene00219784.,0,0,0
WBGene00219785.,0,0,0
WBGene00219786.,0,11,11
WBGene00219787.,0,0,0
WBGene00219788.,0,17,17
WBGene00219789.,0,0,0
WBGene00219790.,0,0,0
WBGene00219791.,0,0,0
WBGene00219792.,0,2,2
WBGene00219793.,0,1,1
WBGene00219794.,0,0,0
WBGene00219795.,0,0,0
WBGene00219796.,0,53,53
WBGene00219797.,0,0,0
WBGene00219798.,0,18,18
WBGene00219799.,0,16,16
WBGene00219800.,0,337,337
WBGene00219801.,0,103,103
WBGene00219803.,0,97,97
WBGene00219804.,0,3,3
WBGene00219805.,0,3,3
WBGene00219806.,0,0,0
WBGene00219807.,0,3,3
WBGene00219808.,0,0,0
WBGene00219809.,0,2,2
WBGene00219810.,0,3,3
WBGene00219811.,0,7,7
WBGene00219812.,0,1,1
WBGene00219813.,0,0,0
WBGene00219814.,0,0,0
WBGene00219815.,0,2,2
WBGene00219816.,0,663,663
WBGene00219817.,0,0,0
WBGene00219818.,0,6,6
WBGene00219819.,0,0,0
WBGene00219820.,0,0,0
WBGene00219821.,0,39,39
WBGene00219822.,0,42,42
WBGene00219823.,0,42,42
WBGene00219824.,0,8,8
WBGene00219825.,0,3,3
WBGene00219826.,0,0,0
WBGene00219827.,0,96,96
WBGene00219828.,0,0,0
WBGene00219829.,0,3,3
WBGene00219830.,0,0,0
WBGene00219831.,0,0,0
WBGene00219832.,0,0,0
WBGene00219833.,0,12,12
WBGene00219834.,0,116,116
WBGene00219835.,0,4,4
WBGene00219836.,0,5,5
WBGene00219837.,0,0,0
WBGene00219838.,59,355,414
WBGene00219839.,0,14,14
WBGene00219840.,0,0,0
WBGene00219841.,0,6,6
WBGene00219842.,0,0,0
WBGene00219843.,0,0,0
WBGene00219844.,0,2,2
WBGene00219845.,0,3,3
WBGene00219846.,0,1,1
WBGene00219847.,0,5,5
WBGene00219848.,0,0,0
WBGene00219849.,0,63346,63346
WBGene00219850.,0,34,34
WBGene00219851.,0,27,27
WBGene00219852.,0,0,0
WBGene00219853.,0,0,0
WBGene00219854.,0,0,0
WBGene00219855.,0,0,0
WBGene00219856.,0,0,0
WBGene00219857.,0,0,0
WBGene00219858.,0,0,0
WBGene00219859.,0,7,7
WBGene00219860.,0,0,0
WBGene00219861.,0,0,0
WBGene00219862.,0,0,0
WBGene00219863.,0,24,24
WBGene00219864.,0,0,0
WBGene00219865.,0,0,0
WBGene00219866.,0,0,0
WBGene00219867.,0,0,0
WBGene00219868.,0,54,54
WBGene00219869.,0,2,2
WBGene00219870.,0,0,0
WBGene00219871.,0,0,0
WBGene00219872.,0,0,0
WBGene00219873.,0,0,0
WBGene00219874.,0,7,7
WBGene00219875.,0,0,0
WBGene00219876.,0,0,0
WBGene00219877.,0,0,0
WBGene00219878.,0,0,0
WBGene00219879.,0,0,0
WBGene00219880.,0,0,0
WBGene00219881.,0,0,0
WBGene00219882.,0,22,22
WBGene00219883.,0,0,0
WBGene00219884.,0,0,0
WBGene00219885.,0,27,27
WBGene00219886.,0,27006,27006
WBGene00219887.,0,21,21
WBGene00219888.,0,19,19
WBGene00219889.,0,0,0
WBGene00219890.,0,0,0
WBGene00219891.,0,0,0
WBGene00219892.,0,0,0
WBGene00219893.,0,1,1
WBGene00219894.,0,0,0
WBGene00219895.,0,27,27
WBGene00219896.,0,0,0
WBGene00219897.,0,0,0
WBGene00219898.,0,0,0
WBGene00219899.,0,101,101
WBGene00219900.,0,0,0
WBGene00219901.,0,0,0
WBGene00219902.,0,0,0
WBGene00219903.,0,0,0
WBGene00219904.,0,0,0
WBGene00219905.,0,0,0
WBGene00219906.,0,9,9
WBGene00219907.,0,0,0
WBGene00219908.,0,0,0
WBGene00219909.,0,14,14
WBGene00219910.,0,2,2
WBGene00219911.,0,11,11
WBGene00219912.,0,61,61
WBGene00219913.,0,0,0
WBGene00219914.,0,0,0
WBGene00219915.,0,0,0
WBGene00219916.,0,14,14
WBGene00219917.,0,0,0
WBGene00219918.,0,0,0
WBGene00219919.,0,3,3
WBGene00219920.,0,0,0
WBGene00219921.,0,0,0
WBGene00219922.,0,1,1
WBGene00219923.,0,6,6
WBGene00219924.,0,0,0
WBGene00219925.,0,0,0
WBGene00219926.,0,79,79
WBGene00219927.,0,0,0
WBGene00219928.,0,0,0
WBGene00219929.,0,0,0
WBGene00219930.,0,13,13
WBGene00219931.,0,0,0
WBGene00219932.,0,0,0
WBGene00219933.,0,5,5
WBGene00219934.,0,0,0
WBGene00219935.,0,58,58
WBGene00219936.,0,28,28
WBGene00219937.,0,9,9
WBGene00219938.,0,1,1
WBGene00219939.,0,0,0
WBGene00219940.,0,0,0
WBGene00219941.,0,0,0
WBGene00219942.,0,3,3
WBGene00219943.,0,6,6
WBGene00219944.,0,0,0
WBGene00219945.,0,0,0
WBGene00219946.,0,0,0
WBGene00219947.,0,1,1
WBGene00219948.,0,0,0
WBGene00219949.,0,12,12
WBGene00219950.,0,755,755
WBGene00219951.,0,0,0
WBGene00219952.,0,19,19
WBGene00219953.,0,35,35
WBGene00219954.,0,0,0
WBGene00219955.,0,0,0
WBGene00219956.,0,0,0
WBGene00219957.,0,29,29
WBGene00219958.,0,50,50
WBGene00219959.,0,710,710
WBGene00219960.,0,0,0
WBGene00219961.,0,0,0
WBGene00219962.,0,2,2
WBGene00219963.,0,1,1
WBGene00219964.,0,0,0
WBGene00219965.,0,0,0
WBGene00219966.,0,0,0
WBGene00219967.,0,3,3
WBGene00219968.,0,11,11
WBGene00219969.,0,0,0
WBGene00219970.,0,7,7
WBGene00219971.,0,0,0
WBGene00219972.,0,33,33
WBGene00219973.,0,0,0
WBGene00219974.,0,0,0
WBGene00219975.,0,0,0
WBGene00219976.,0,101,101
WBGene00219977.,0,4,4
WBGene00219978.,0,0,0
WBGene00219979.,0,5,5
WBGene00219980.,0,0,0
WBGene00219981.,0,0,0
WBGene00219982.,0,4,4
WBGene00219983.,0,0,0
WBGene00219984.,0,0,0
WBGene00219985.,0,0,0
WBGene00219986.,0,0,0
WBGene00219987.,0,60,60
WBGene00219988.,0,0,0
WBGene00219989.,0,0,0
WBGene00219990.,0,0,0
WBGene00219991.,0,0,0
WBGene00219992.,0,0,0
WBGene00219994.,0,0,0
WBGene00219995.,0,17,17
WBGene00219996.,0,3,3
WBGene00219997.,0,0,0
WBGene00219998.,0,3,3
WBGene00219999.,0,0,0
WBGene00220000.,0,195,195
WBGene00220001.,0,0,0
WBGene00220002.,0,3,3
WBGene00220003.,0,0,0
WBGene00220004.,0,0,0
WBGene00220005.,0,1,1
WBGene00220006.,0,0,0
WBGene00220007.,0,0,0
WBGene00220008.,0,0,0
WBGene00220009.,0,1,1
WBGene00220010.,0,0,0
WBGene00220011.,0,31,31
WBGene00220012.,0,15,15
WBGene00220013.,0,0,0
WBGene00220014.,0,0,0
WBGene00220015.,0,0,0
WBGene00220016.,0,0,0
WBGene00220017.,0,56,56
WBGene00220018.,0,5,5
WBGene00220019.,0,0,0
WBGene00220020.,0,2,2
WBGene00220021.,0,0,0
WBGene00220022.,0,0,0
WBGene00220023.,0,0,0
WBGene00220024.,0,1,1
WBGene00220025.,0,0,0
WBGene00220026.,0,0,0
WBGene00220027.,0,0,0
WBGene00220028.,0,0,0
WBGene00220029.,0,41,41
WBGene00220030.,0,22,22
WBGene00220031.,0,0,0
WBGene00220032.,0,1085,1085
WBGene00220033.,0,15,15
WBGene00220034.,0,0,0
WBGene00220035.,0,0,0
WBGene00220036.,0,0,0
WBGene00220037.,0,7,7
WBGene00220038.,0,0,0
WBGene00220039.,0,0,0
WBGene00220040.,0,0,0
WBGene00220041.,0,21,21
WBGene00220042.,0,3,3
WBGene00220043.,0,3,3
WBGene00220044.,0,141,141
WBGene00220045.,0,10,10
WBGene00220046.,0,0,0
WBGene00220047.,0,11,11
WBGene00220048.,0,0,0
WBGene00220049.,0,0,0
WBGene00220050.,0,0,0
WBGene00220051.,0,14,14
WBGene00220052.,0,59,59
WBGene00220053.,0,13,13
WBGene00220054.,0,0,0
WBGene00220055.,0,50,50
WBGene00220056.,0,0,0
WBGene00220057.,0,0,0
WBGene00220058.,0,0,0
WBGene00220059.,0,0,0
WBGene00220060.,0,0,0
WBGene00220061.,0,55,55
WBGene00220062.,0,0,0
WBGene00220063.,0,0,0
WBGene00220064.,0,18,18
WBGene00220065.,0,0,0
WBGene00220066.,0,0,0
WBGene00220067.,0,0,0
WBGene00220068.,0,28,28
WBGene00220069.,0,0,0
WBGene00220070.,0,0,0
WBGene00220071.,0,0,0
WBGene00220072.,0,633,633
WBGene00220073.,0,7,7
WBGene00220074.,0,0,0
WBGene00220075.,0,0,0
WBGene00220076.,0,0,0
WBGene00220077.,0,0,0
WBGene00220078.,0,16,16
WBGene00220079.,0,0,0
WBGene00220080.,0,1,1
WBGene00220081.,0,3,3
WBGene00220082.,0,5,5
WBGene00220083.,0,0,0
WBGene00220084.,0,28,28
WBGene00220085.,0,0,0
WBGene00220086.,0,0,0
WBGene00220087.,0,0,0
WBGene00220088.,0,17,17
WBGene00220089.,0,827,827
WBGene00220090.,0,0,0
WBGene00220091.,0,21,21
WBGene00220092.,0,2,2
WBGene00220093.,0,0,0
WBGene00220094.,0,0,0
WBGene00220095.,0,0,0
WBGene00220096.,0,2,2
WBGene00220097.,0,14,14
WBGene00220098.,0,0,0
WBGene00220099.,0,2,2
WBGene00220100.,0,4,4
WBGene00220101.,0,9,9
WBGene00220102.,0,0,0
WBGene00220104.,0,0,0
WBGene00220105.,0,0,0
WBGene00220106.,0,332,332
WBGene00220107.,0,0,0
WBGene00220108.,0,16,16
WBGene00220109.,0,0,0
WBGene00220110.,0,0,0
WBGene00220111.,0,155,155
WBGene00220112.,0,0,0
WBGene00220113.,0,1,1
WBGene00220114.,0,0,0
WBGene00220115.,0,0,0
WBGene00220116.,0,0,0
WBGene00220117.,0,136,136
WBGene00220118.,0,0,0
WBGene00220119.,0,0,0
WBGene00220120.,0,3,3
WBGene00220121.,0,0,0
WBGene00220122.,0,4,4
WBGene00220123.,0,0,0
WBGene00220124.,0,0,0
WBGene00220125.,0,3,3
WBGene00220126.,0,0,0
WBGene00220127.,0,0,0
WBGene00220128.,0,0,0
WBGene00220129.,0,0,0
WBGene00220130.,0,3,3
WBGene00220131.,0,0,0
WBGene00220132.,0,0,0
WBGene00220133.,9,17,26
WBGene00220134.,0,52,52
WBGene00220135.,0,0,0
WBGene00220136.,0,1,1
WBGene00220137.,0,0,0
WBGene00220138.,0,0,0
WBGene00220139.,0,0,0
WBGene00220140.,0,0,0
WBGene00220141.,0,500,500
WBGene00220142.,0,1,1
WBGene00220143.,0,0,0
WBGene00220144.,0,0,0
WBGene00220145.,0,0,0
WBGene00220146.,0,18,18
WBGene00220147.,0,6,6
WBGene00220148.,0,0,0
WBGene00220149.,0,0,0
WBGene00220150.,0,0,0
WBGene00220151.,0,0,0
WBGene00220152.,0,0,0
WBGene00220153.,0,0,0
WBGene00220154.,0,31,31
WBGene00220155.,0,0,0
WBGene00220156.,0,1,1
WBGene00220157.,0,0,0
WBGene00220158.,0,0,0
WBGene00220159.,0,314,314
WBGene00220160.,0,201,201
WBGene00220161.,0,0,0
WBGene00220162.,0,0,0
WBGene00220163.,0,0,0
WBGene00220164.,0,6,6
WBGene00220165.,0,198,198
WBGene00220166.,0,0,0
WBGene00220167.,0,0,0
WBGene00220168.,0,4,4
WBGene00220169.,0,0,0
WBGene00220170.,0,5,5
WBGene00220171.,0,0,0
WBGene00220172.,0,0,0
WBGene00220173.,0,0,0
WBGene00220174.,0,0,0
WBGene00220175.,0,28,28
WBGene00220176.,0,4,4
WBGene00220177.,0,0,0
WBGene00220178.,0,0,0
WBGene00220179.,0,0,0
WBGene00220180.,0,0,0
WBGene00220181.,0,0,0
WBGene00220182.,0,0,0
WBGene00220183.,0,84,84
WBGene00220184.,0,0,0
WBGene00220185.,0,0,0
WBGene00220186.,0,6,6
WBGene00220187.,0,0,0
WBGene00220188.,0,0,0
WBGene00220189.,0,0,0
WBGene00220190.,0,0,0
WBGene00220191.,0,0,0
WBGene00220192.,0,0,0
WBGene00220193.,0,0,0
WBGene00220194.,0,5,5
WBGene00220195.,0,0,0
WBGene00220196.,0,0,0
WBGene00220197.,0,0,0
WBGene00220198.,0,13,13
WBGene00220199.,0,0,0
WBGene00220200.,0,0,0
WBGene00220201.,0,9,9
WBGene00220202.,0,0,0
WBGene00220203.,0,0,0
WBGene00220204.,0,32,32
WBGene00220205.,0,0,0
WBGene00220206.,0,9,9
WBGene00220207.,0,0,0
WBGene00220208.,0,0,0
WBGene00220209.,0,2,2
WBGene00220210.,0,0,0
WBGene00220211.,0,0,0
WBGene00220212.,0,3,3
WBGene00220213.,0,0,0
WBGene00220214.,0,15,15
WBGene00220215.,0,0,0
WBGene00220216.,0,0,0
WBGene00220217.,0,0,0
WBGene00220218.,0,1,1
WBGene00220219.,0,9,9
WBGene00220220.,0,8,8
WBGene00220221.,0,7,7
WBGene00220222.,0,12,12
WBGene00220223.,0,12,12
WBGene00220224.,0,0,0
WBGene00220225.,0,0,0
WBGene00220226.,0,0,0
WBGene00220227.,0,0,0
WBGene00220228.,0,18,18
WBGene00220229.,0,0,0
WBGene00220230.,0,0,0
WBGene00220231.,0,2,2
WBGene00220232.,0,50,50
WBGene00220233.,0,34,34
WBGene00220234.,0,33,33
WBGene00220235.,0,46,46
WBGene00220236.,0,158,158
WBGene00220237.,0,11,11
WBGene00220238.,0,123,123
WBGene00220239.,0,874,874
WBGene00220240.,0,0,0
WBGene00220241.,0,6,6
WBGene00220242.,0,0,0
WBGene00220243.,0,17,17
WBGene00220244.,0,0,0
WBGene00220245.,0,2,2
WBGene00220246.,0,0,0
WBGene00220247.,0,0,0
WBGene00220248.,0,11,11
WBGene00220249.,0,7,7
WBGene00220250.,10,2,12
WBGene00220251.,53,69,122
WBGene00220252.,75,82,157
WBGene00220253.,0,7,7
WBGene00220254.,0,1,1
WBGene00220255.,0,0,0
WBGene00220256.,5,0,5
WBGene00220257.,2,33,35
WBGene00220258.,0,13,13
WBGene00220259.,3,27,30
WBGene00220260.,106,2,108
WBGene00220261.,6,38,44
WBGene00235003.,7,2,9
WBGene00235080.,0,0,0
WBGene00235081.,0,0,0
WBGene00235084.,0,0,0
WBGene00235085.,0,0,0
WBGene00235086.,1,4,5
WBGene00235087.,0,0,0
WBGene00235088.,0,0,0
WBGene00235089.,0,0,0
WBGene00235090.,1,3,4
WBGene00235091.,1,0,1
WBGene00235092.,4,7,11
WBGene00235093.,0,17,17
WBGene00235094.,0,0,0
WBGene00235095.,7,10,17
WBGene00235102.,22,4314,4336
WBGene00235106.,0,21,21
WBGene00235107.,0,6,6
WBGene00235108.,5,0,5
WBGene00235109.,3,13,16
WBGene00235110.,4,12,16
WBGene00235111.,0,6,6
WBGene00235112.,0,4,4
WBGene00235113.,0,29,29
WBGene00235114.,24,804,828
WBGene00235115.,1,1,2
WBGene00235116.,0,3,3
WBGene00235117.,4,2,6
WBGene00235118.,0,8,8
WBGene00235119.,0,0,0
WBGene00235120.,1,1,2
WBGene00235121.,0,1,1
WBGene00235128.,0,4,4
WBGene00235129.,7,4,11
WBGene00235132.,37,15,52
WBGene00235133.,1,1,2
WBGene00235134.,5,3,8
WBGene00235152.,0,18,18
WBGene00235153.,3,12,15
WBGene00235157.,0,3,3
WBGene00235158.,15,455,470
WBGene00235159.,0,0,0
WBGene00235160.,0,0,0
WBGene00235161.,0,2,2
WBGene00235162.,0,0,0
WBGene00235163.,0,0,0
WBGene00235164.,85,1657,1742
WBGene00235165.,0,0,0
WBGene00235166.,0,2,2
WBGene00235167.,1,1622,1623
WBGene00235175.,0,0,0
WBGene00235179.,0,0,0
WBGene00235180.,0,2,2
WBGene00235181.,0,0,0
WBGene00235183.,0,0,0
WBGene00235188.,0,0,0
WBGene00235190.,0,1,1
WBGene00235197.,0,1,1
WBGene00235198.,0,0,0
WBGene00235200.,0,1,1
WBGene00235201.,0,0,0
WBGene00235206.,0,1,1
WBGene00235209.,0,0,0
WBGene00235235.,0,5,5
WBGene00235237.,0,1,1
WBGene00235247.,0,0,0
WBGene00235250.,0,0,0
WBGene00235251.,0,12,12
WBGene00235252.,0,0,0
WBGene00235254.,2,6,8
WBGene00235255.,0,0,0
WBGene00235256.,0,32,32
WBGene00235257.,9,98,107
WBGene00235258.,5,4,9
WBGene00235259.,0,12,12
WBGene00235260.,25,12,37
WBGene00235261.,0,31,31
WBGene00235262.,0,3,3
WBGene00235263.,30,29,59
WBGene00235264.,0,2,2
WBGene00235265.,0,6,6
WBGene00235266.,1,1,2
WBGene00235267.,1,3,4
WBGene00235268.,83,805,888
WBGene00235269.,0,716,716
WBGene00235270.,0,5,5
WBGene00235271.,0,3,3
WBGene00235272.,1,1,2
WBGene00235273.,115,446,561
WBGene00235274.,24,237,261
WBGene00235275.,23,3,26
WBGene00235276.,0,0,0
WBGene00235277.,244,213,457
WBGene00235278.,3,1,4
WBGene00235279.,86,23,109
WBGene00235280.,1,1,2
WBGene00235281.,0,3,3
WBGene00235282.,0,0,0
WBGene00235283.,8,21,29
WBGene00235284.,0,1,1
WBGene00235285.,1,0,1
WBGene00235286.,1,6,7
WBGene00235287.,5,98,103
WBGene00235288.,0,0,0
WBGene00235289.,1,0,1
WBGene00235290.,0,0,0
WBGene00235291.,170,1218,1388
WBGene00235292.,2,6,8
WBGene00235293.,0,0,0
WBGene00235294.,0,4,4
WBGene00235295.,0,3,3
WBGene00235296.,0,25,25
WBGene00235297.,0,1,1
WBGene00235298.,0,1,1
WBGene00235299.,0,0,0
WBGene00235300.,0,39,39
WBGene00235301.,0,12,12
WBGene00235302.,0,0,0
WBGene00235303.,0,17,17
WBGene00235304.,0,23,23
WBGene00235305.,0,3,3
WBGene00235307.,2,1,3
WBGene00235308.,5,49,54
WBGene00235309.,0,0,0
WBGene00235310.,64,265,329
WBGene00235311.,0,0,0
WBGene00235312.,5,55,60
WBGene00235313.,14,32,46
WBGene00235314.,22,12,34
WBGene00235315.,18,323,341
WBGene00235316.,18,71,89
WBGene00235317.,0,0,0
WBGene00235318.,3,1,4
WBGene00235319.,1,11,12
WBGene00235320.,1,18,19
WBGene00235321.,36,0,36
WBGene00235322.,0,1,1
WBGene00235323.,0,2,2
WBGene00235324.,3,1,4
WBGene00235325.,52,417,469
WBGene00235326.,1,1,2
WBGene00235327.,0,1,1
WBGene00235328.,0,27,27
WBGene00235329.,6,6,12
WBGene00235330.,28,106,134
WBGene00235331.,0,45,45
WBGene00235332.,0,9,9
WBGene00235333.,2,5,7
WBGene00235334.,5,3,8
WBGene00235335.,0,18,18
WBGene00235336.,0,2,2
WBGene00235338.,6,12,18
WBGene00235339.,0,0,0
WBGene00235340.,0,1,1
WBGene00235341.,0,3,3
WBGene00235342.,0,2,2
WBGene00235343.,0,0,0
WBGene00235346.,0,303,303
WBGene00235348.,0,23,23
WBGene00235350.,79,24,103
WBGene00235351.,5,3,8
WBGene00235352.,2,6,8
WBGene00235353.,5,14,19
WBGene00235354.,0,1,1
WBGene00235355.,0,2,2
WBGene00235356.,0,0,0
WBGene00235357.,9,7,16
WBGene00235358.,0,2,2
WBGene00235359.,0,0,0
WBGene00235361.,0,2,2
WBGene00235362.,0,0,0
WBGene00235363.,0,3,3
WBGene00235364.,0,0,0
WBGene00235365.,0,1,1
WBGene00235366.,0,1,1
WBGene00235367.,0,7,7
WBGene00235368.,0,1,1
WBGene00235369.,0,0,0
WBGene00235370.,0,1,1
WBGene00235371.,0,0,0
WBGene00235372.,0,2,2
WBGene00235373.,0,0,0
WBGene00235374.,2,1,3
WBGene00235375.,3,16,19
WBGene00235376.,4,0,4
WBGene00235377.,0,0,0
WBGene00235378.,0,1,1
WBGene00235379.,0,8,8
WBGene00235380.,0,54,54
WBGene00235381.,0,0,0
WBGene00235382.,0,1,1
WBGene00235383.,3,3,6
WBGene00235385.,17,125,142
WBGene00235386.,0,0,0
WBGene00235387.,116,741,857
WBGene00235388.,4,1,5
WBGene00235389.,0,5,5
WBGene00235390.,1,8,9
WBGene00235391.,0,8,8
WBGene00236785.,0,572,572
WBGene00236786.,5,75,80
WBGene00236787.,0,35,35
WBGene00236788.,1,1,2
WBGene00236789.,0,34,34
WBGene00236797.,0,23,23
WBGene00236798.,0,21,21
WBGene00236799.,0,3,3
WBGene00236800.,0,16,16
WBGene00236806.,56,1,57
WBGene00236807.,0,2,2
WBGene00236808.,4,0,4
WBGene00236809.,7,2,9
WBGene00249808.,0,155,155
WBGene00249812.,0,0,0
WBGene00249813.,0,6,6
WBGene00249814.,0,0,0
WBGene00249815.,1842,740,2582
WBGene00249816.,0,4,4
WBGene00249817.,40,509,549
WBGene00249825.,1,5,6
WBGene00249826.,0,371,371
WBGene00255375.,0,2,2
WBGene00255420.,9,2,11
WBGene00255426.,0,11,11
WBGene00255435.,10,1,11
WBGene00255441.,0,2,2
WBGene00255457.,158,62,220
WBGene00255469.,6,10,16
WBGene00255522.,0,1,1
WBGene00255543.,0,1,1
WBGene00255545.,0,0,0
WBGene00255546.,1,0,1
WBGene00255549.,2,8,10
WBGene00255550.,0,0,0
WBGene00255553.,0,0,0
WBGene00255560.,0,0,0
WBGene00255561.,0,0,0
WBGene00255562.,0,0,0
WBGene00255563.,0,0,0
WBGene00255564.,0,0,0
WBGene00255565.,0,0,0
WBGene00255566.,0,0,0
WBGene00255567.,0,0,0
WBGene00255568.,0,0,0
WBGene00255569.,0,0,0
WBGene00255570.,0,0,0
WBGene00255571.,0,0,0
WBGene00255572.,0,1,1
WBGene00255573.,0,0,0
WBGene00255574.,0,0,0
WBGene00255575.,0,3,3
WBGene00255576.,0,0,0
WBGene00255577.,0,0,0
WBGene00255578.,0,0,0
WBGene00255579.,0,19,19
WBGene00255580.,0,0,0
WBGene00255581.,0,0,0
WBGene00255582.,0,0,0
WBGene00255583.,0,0,0
WBGene00255584.,0,0,0
WBGene00255586.,0,0,0
WBGene00255587.,0,0,0
WBGene00255588.,0,0,0
WBGene00255594.,2,44,46
WBGene00255595.,0,0,0
WBGene00255596.,0,9,9
WBGene00255597.,5,21,26
WBGene00255598.,25,37,62
WBGene00255600.,4,28,32
WBGene00255605.,1,33,34
WBGene00255606.,1,60,61
WBGene00255607.,0,7,7
WBGene00255611.,0,4,4
WBGene00255702.,17,72,89
WBGene00255703.,0,0,0
WBGene00255704.,0,264,264
WBGene00255709.,0,1,1
WBGene00255714.,1,126,127
WBGene00255728.,1,15,16
WBGene00255729.,11,29,40
WBGene00255730.,1,4,5
WBGene00255731.,4,15,19
WBGene00255732.,0,0,0
WBGene00255733.,2,14,16
WBGene00255736.,0,39,39
WBGene00268189.,3,7,10
WBGene00268190.,5,3,8
WBGene00268191.,1,0,1
WBGene00268192.,0,8,8
WBGene00268193.,0,0,0
WBGene00268194.,4,0,4
WBGene00268196.,51,100,151
WBGene00268197.,1,4,5
WBGene00268198.,0,0,0
WBGene00268199.,0,1,1
WBGene00268202.,5,3,8
WBGene00268203.,0,1,1
WBGene00268204.,0,4,4
WBGene00268205.,0,1,1
WBGene00268206.,2,10,12
WBGene00268207.,0,4,4
WBGene00268208.,270,15,285
WBGene00268209.,0,16,16
WBGene00268210.,2,0,2
WBGene00268211.,0,0,0
WBGene00268212.,33,2,35
WBGene00268213.,4,34,38
WBGene00268214.,7,10,17
WBGene00268215.,7,45,52
WBGene00268216.,5,3,8
WBGene00269331.,0,3,3
WBGene00269332.,0,0,0
WBGene00269333.,0,1,1
WBGene00269336.,0,3,3
WBGene00269337.,0,1,1
WBGene00269338.,1,5,6
WBGene00269346.,0,9,9
WBGene00269352.,0,0,0
WBGene00269355.,16,80,96
WBGene00269373.,0,23,23
WBGene00269376.,0,104,104
WBGene00269378.,60,356,416
WBGene00269379.,0,3,3
WBGene00269381.,0,7,7
WBGene00269382.,12,85,97
WBGene00269383.,68,188,256
WBGene00269384.,2,36,38
WBGene00269385.,0,2,2
WBGene00269386.,0,79,79
WBGene00269387.,13,291,304
WBGene00269388.,0,1,1
WBGene00269389.,0,1,1
WBGene00269390.,4,8,12
WBGene00269391.,0,34,34
WBGene00269392.,0,2,2
WBGene00269393.,0,0,0
WBGene00269394.,0,2,2
WBGene00269419.,0,2,2
WBGene00269420.,1,1,2
WBGene00269421.,608,2842,3450
WBGene00269422.,0,1,1
WBGene00269423.,2,2,4
WBGene00269424.,1,4,5
WBGene00269425.,4,3,7
WBGene00269426.,0,2,2
WBGene00269427.,0,89,89
WBGene00269428.,3,9,12
WBGene00269429.,0,91,91
WBGene00269430.,1,0,1
WBGene00269431.,1,55,56
WBGene00269432.,41,352,393
WBGene00269433.,51,259,310
WBGene00269434.,1,17,18
WBGene00269435.,0,5,5
WBGene00269436.,6,15,21
WBGene00269437.,1,17,18
WBGene00269438.,1,12,13
WBGene00270290.,1,3,4
WBGene00270291.,0,0,0
WBGene00270292.,0,0,0
WBGene00270293.,0,6,6
WBGene00270303.,1,20,21
WBGene00270309.,18,64,82
WBGene00270318.,13,39,52
WBGene00270319.,0,202,202
WBGene00270320.,8,20,28
WBGene00270321.,11,19,30
WBGene00270322.,9,625,634
WBGene00271414.,65,1288,1353
WBGene00271415.,4,7,11
WBGene00271437.,7,20,27
WBGene00271444.,3,28,31
WBGene00271567.,2,4,6
WBGene00271577.,2,0,2
WBGene00271598.,5,38,43
WBGene00271605.,9,50,59
WBGene00271606.,14,145,159
WBGene00271632.,0,112,112
WBGene00271633.,0,114,114
WBGene00271634.,0,21,21
WBGene00271635.,0,11,11
WBGene00271636.,33,444,477
WBGene00271637.,29,14,43
WBGene00271638.,0,17,17
WBGene00271639.,0,10,10
WBGene00271640.,0,10,10
WBGene00271641.,0,0,0
WBGene00271642.,58,6311,6369
WBGene00271643.,0,2,2
WBGene00271644.,0,9,9
WBGene00271645.,0,5,5
WBGene00271646.,0,31,31
WBGene00271647.,12,74,86
WBGene00271648.,0,5,5
WBGene00271649.,12,25,37
WBGene00271650.,0,50,50
WBGene00271651.,0,33,33
WBGene00271652.,5,8,13
WBGene00271653.,0,1,1
WBGene00271654.,0,15,15
WBGene00271655.,0,21,21
WBGene00271656.,0,0,0
WBGene00271657.,1,1,2
WBGene00271694.,5,293,298
WBGene00271701.,2,14,16
WBGene00271703.,1,0,1
WBGene00271706.,13,336,349
WBGene00271707.,0,36,36
WBGene00271715.,3,0,3
WBGene00271716.,273,962,1235
WBGene00271744.,19,69,88
WBGene00271774.,1,21,22
WBGene00271775.,122,4117,4239
WBGene00271776.,7,0,7
WBGene00271777.,167,10,177
WBGene00271778.,0,20,20
WBGene00271779.,0,0,0
WBGene00271780.,0,1,1
WBGene00271781.,0,11,11
WBGene00271786.,2,2,4
WBGene00271788.,1,80,81
WBGene00271789.,0,1,1
WBGene00271790.,0,0,0
WBGene00271791.,0,30,30
WBGene00271792.,0,1,1
WBGene00271795.,0,38,38
WBGene00271796.,103,1288,1391
WBGene00271797.,0,0,0
WBGene00271798.,17,15,32
WBGene00271799.,0,0,0
WBGene00271800.,0,0,0
WBGene00271801.,5,12,17
WBGene00271802.,29,323,352
WBGene00271803.,0,0,0
WBGene00271804.,0,1,1
WBGene00271805.,0,51,51
WBGene00271806.,0,1,1
WBGene00271807.,1,2,3
WBGene00271808.,136,248,384
WBGene00271809.,12,23,35
WBGene00271810.,0,0,0
WBGene00271811.,0,0,0
WBGene00271813.,0,1,1
WBGene00271815.,0,0,0
WBGene00271816.,0,1,1
WBGene00271817.,0,52,52
WBGene00271818.,80,720,800
WBGene00271819.,1,0,1
WBGene00271820.,14,5,19
WBGene00271821.,40,8,48
WBGene00271822.,0,5,5
WBGene00271823.,0,0,0
WBGene00271824.,3,20,23
WBGene00271827.,24,101,125
WBGene00271830.,528,3047,3575
WBGene00271831.,0,0,0
WBGene00271832.,30,64,94
WBGene00271837.,0,0,0
WBGene00284844.,0,938,938
WBGene00284845.,0,7,7
WBGene00284846.,475,4135,4610
WBGene00284847.,0,42,42
WBGene00284848.,4,8,12
WBGene00284849.,0,30,30
WBGene00284850.,0,0,0
WBGene00284851.,150,121,271
WBGene00284852.,66,929,995
WBGene00284853.,5,2,7
WBGene00284854.,9,11,20
WBGene00284855.,0,32,32
WBGene00284856.,0,348,348
WBGene00284857.,0,57,57
WBGene00284858.,0,0,0
WBGene00284859.,0,765,765
WBGene00284861.,0,64,64
WBGene00284867.,0,157,157
WBGene00302964.,2,53,55
WBGene00302968.,0,569,569
WBGene00302971.,18,165,183
WBGene00302974.,1,1553,1554
WBGene00302976.,1,16,17
WBGene00302978.,132,664,796
WBGene00302980.,0,186,186
WBGene00302982.,6,122,128
WBGene00302984.,17,44,61
WBGene00302986.,61,9,70
WBGene00302988.,27,17,44
WBGene00302991.,29,103,132
WBGene00302993.,72,0,72
WBGene00302995.,172,478,650
WBGene00302998.,199,634,833
WBGene00303000.,307,1456,1763
WBGene00303002.,0,120,120
WBGene00303005.,0,0,0
WBGene00303007.,0,42,42
WBGene00303009.,45,595,640
WBGene00303011.,40,69,109
WBGene00303013.,5,5,10
WBGene00303015.,22,2125,2147
WBGene00303019.,0,3012,3012
WBGene00303021.,0,435,435
WBGene00303023.,0,0,0
WBGene00303024.,0,0,0
WBGene00303026.,72,773,845
WBGene00303028.,0,0,0
WBGene00303030.,4,53,57
WBGene00303031.,0,13,13
WBGene00303032.,0,0,0
WBGene00303033.,0,0,0
WBGene00303034.,0,0,0
WBGene00303035.,0,0,0
WBGene00303036.,0,0,0
WBGene00303037.,0,0,0
WBGene00303038.,0,0,0
WBGene00303039.,0,0,0
WBGene00303040.,0,0,0
WBGene00303041.,0,0,0
WBGene00303042.,0,0,0
WBGene00303043.,0,0,0
WBGene00303044.,0,0,0
WBGene00303045.,0,2,2
WBGene00303046.,0,18,18
WBGene00303047.,0,0,0
WBGene00303048.,0,0,0
WBGene00303049.,0,0,0
WBGene00303050.,0,0,0
WBGene00303051.,0,0,0
WBGene00303052.,0,0,0
WBGene00303053.,0,2,2
WBGene00303054.,0,0,0
WBGene00303055.,0,0,0
WBGene00303056.,0,0,0
WBGene00303057.,0,0,0
WBGene00303058.,0,0,0
WBGene00303059.,0,0,0
WBGene00303060.,0,0,0
WBGene00303061.,0,0,0
WBGene00303062.,0,0,0
WBGene00303063.,0,0,0
WBGene00303064.,0,0,0
WBGene00303065.,0,0,0
WBGene00303066.,0,0,0
WBGene00303067.,0,0,0
WBGene00303068.,0,0,0
WBGene00303069.,0,0,0
WBGene00303070.,0,0,0
WBGene00303071.,0,0,0
WBGene00303072.,0,0,0
WBGene00303073.,0,0,0
WBGene00303074.,0,0,0
WBGene00303075.,0,677,677
WBGene00303076.,0,0,0
WBGene00303077.,0,0,0
WBGene00303078.,0,0,0
WBGene00303079.,0,0,0
WBGene00303080.,0,0,0
WBGene00303081.,2,110,112
WBGene00303082.,0,0,0
WBGene00303083.,0,0,0
WBGene00303085.,0,0,0
WBGene00303086.,0,0,0
WBGene00303087.,0,0,0
WBGene00303088.,0,0,0
WBGene00303089.,0,2,2
WBGene00303090.,0,0,0
WBGene00303091.,0,32,32
WBGene00303092.,0,0,0
WBGene00303093.,0,0,0
WBGene00303094.,0,0,0
WBGene00303095.,0,0,0
WBGene00303096.,0,0,0
WBGene00303097.,0,0,0
WBGene00303098.,0,0,0
WBGene00303099.,0,0,0
WBGene00303100.,0,0,0
WBGene00303101.,0,0,0
WBGene00303102.,0,0,0
WBGene00303103.,0,0,0
WBGene00303104.,0,0,0
WBGene00303105.,0,1,1
WBGene00303113.,0,0,0
WBGene00303114.,0,1,1
WBGene00303115.,0,5,5
WBGene00303208.,48,985,1033
WBGene00303231.,0,20,20
WBGene00303233.,66,208,274
WBGene00303359.,1,1,2
WBGene00303360.,0,0,0
WBGene00303362.,0,0,0
WBGene00303363.,0,1,1
WBGene00303364.,8,22,30
WBGene00303365.,0,0,0
WBGene00303366.,0,2,2
WBGene00303367.,0,0,0
WBGene00303368.,4,2,6
WBGene00303369.,0,0,0
WBGene00303370.,0,0,0
WBGene00303371.,0,5,5
WBGene00303378.,0,1,1
WBGene00303398.,12,10,22
WBGene00303421.,9,25,34
WBGene00303423.,86,440,526
WBGene00303425.,19,126,145
WBGene00304173.,0,5,5
WBGene00304175.,1,2,3
WBGene00304181.,14,0,14
WBGene00304182.,0,3,3
WBGene00304183.,0,13,13
WBGene00304189.,54,826,880
WBGene00304194.,5,8,13
WBGene00304195.,3,4,7
WBGene00304201.,3,14,17
WBGene00304202.,4,17,21
WBGene00304203.,23,15,38
WBGene00304215.,3,0,3
WBGene00304219.,0,177,177
WBGene00304220.,6,2,8
WBGene00304237.,20,151,171
WBGene00304238.,0,2,2
WBGene00304775.,3,5,8
WBGene00304776.,10,55,65
WBGene00304782.,1,43,44
WBGene00304783.,0,338,338
WBGene00304785.,0,2,2
WBGene00304786.,1,0,1
WBGene00304787.,5,22,27
WBGene00304788.,12,15,27
WBGene00304789.,0,6,6
WBGene00304790.,4,484,488
WBGene00304791.,20,147,167
WBGene00304792.,0,24,24
WBGene00304793.,5,12,17
WBGene00304794.,25,4,29
WBGene00304797.,0,2,2
WBGene00304798.,1,3,4
WBGene00304806.,0,42,42
WBGene00304808.,66,200,266
WBGene00304811.,72,381,453
WBGene00304812.,0,689,689
WBGene00304813.,0,825,825
WBGene00304814.,0,0,0
WBGene00304815.,0,28692,28692
WBGene00304816.,0,13,13
WBGene00304817.,3,9,12
WBGene00304818.,0,1,1
WBGene00304819.,0,3,3
WBGene00304820.,12,32,44
WBGene00304822.,5,120,125
WBGene00304823.,1,2,3
WBGene00304824.,2,5,7
WBGene00304825.,14,5,19
WBGene00304826.,1,2,3
WBGene00304827.,0,1,1
WBGene00304828.,0,7,7
WBGene00304895.,2,6,8
WBGene00304901.,0,2,2
WBGene00304906.,0,110,110
WBGene00304907.,2,0,2
WBGene00304908.,3,2,5
WBGene00304930.,0,1,1
WBGene00304981.,3,0,3
WBGene00304985.,3,18,21
WBGene00304992.,231,5441,5672
WBGene00304996.,6,40,46
WBGene00305018.,0,2,2
WBGene00305047.,1,2,3
WBGene00305048.,0,0,0
WBGene00305049.,1,1,2
WBGene00305050.,86,90,176
WBGene00305065.,11,11,22
WBGene00305066.,3,33,36
WBGene00305067.,36,540,576
WBGene00305069.,0,0,0
WBGene00305086.,3,12,15
WBGene00305090.,18,56,74
WBGene00305091.,0,2,2
WBGene00305092.,0,8,8
WBGene00305093.,0,2,2
WBGene00305095.,1,4,5
WBGene00305102.,0,0,0
WBGene00305103.,19,177,196
WBGene00305104.,0,0,0
WBGene00305109.,0,12,12
WBGene00305110.,0,0,0
WBGene00305111.,0,0,0
WBGene00305112.,2,7,9
WBGene00305113.,0,6,6
WBGene00305114.,0,0,0
WBGene00305130.,1,0,1
WBGene00305131.,0,406,406
WBGene00305132.,1,1,2
WBGene00305157.,0,109,109
WBGene00305158.,2,2,4
WBGene00305159.,3,1,4
WBGene00305173.,167,903,1070
WBGene00305970.,1,9,10
WBGene00305979.,0,5,5
WBGene00305980.,9,22,31
WBGene00305981.,46,318,364
WBGene00305991.,4,34,38
WBGene00305992.,6,24,30
WBGene00305993.,0,13,13
WBGene00305994.,5,13,18
WBGene00305995.,8,54,62
WBGene00305996.,0,3,3
WBGene00305997.,0,2,2
WBGene00305998.,7,40,47
WBGene00305999.,4,14,18
WBGene00306000.,2,9,11
WBGene00306001.,0,15,15
WBGene00306002.,3,57,60
WBGene00306003.,37,1231,1268
WBGene00306004.,3,2,5
WBGene00306005.,30,39,69
WBGene00306012.,22,31,53
WBGene00306013.,19,181,200
WBGene00306014.,0,1,1
WBGene00306062.,0,1,1
WBGene00306066.,8,11,19
WBGene00306069.,0,107,107
WBGene00306070.,2,1,3
WBGene00306076.,0,1,1
WBGene00306078.,0,10,10
WBGene00306080.,0,0,0
WBGene00306081.,4,17,21
WBGene00306121.,12,26,38
WBGene00306122.,0,1,1
WBGene00306123.,16,57,73
WBGene00306124.,72,2,74
WBGene00306125.,0,0,0
WBGene00306126.,50,749,799
WBGene00306131.,0,1873,1873
WBGene00306132.,0,6,6
