gene_id,total_unsp,total_sp,total
WBGene00000001,12,755,767
WBGene00000002,49,782,831
WBGene00000003,4,474,478
WBGene00000004,149,1624,1773
WBGene00000005,4,15,19
WBGene00000006,290,2660,2950
WBGene00000007,6,31,37
WBGene00000008,18,7,25
WBGene00000009,9,32,41
WBGene00000010,35,359,394
WBGene00000012,16,25,41
WBGene00000013,0,104,104
WBGene00000014,2,6,8
WBGene00000015,2,72,74
WBGene00000016,18,1354,1372
WBGene00000017,8,3477,3485
WBGene00000018,303,1237,1540
WBGene00000019,14,6,20
WBGene00000020,142,447,589
WBGene00000022,6,130,136
WBGene00000023,9,30,39
WBGene00000024,0,18,18
WBGene00000025,0,4,4
WBGene00000027,0,2,2
WBGene00000028,0,0,0
WBGene00000029,0,10,10
WBGene00000030,0,0,0
WBGene00000031,108,711,819
WBGene00000032,0,0,0
WBGene00000033,1,46,47
WBGene00000034,1,20,21
WBGene00000035,786,848,1634
WBGene00000036,98,331,429
WBGene00000037,48,1434,1482
WBGene00000038,56,96,152
WBGene00000039,31,1195,1226
WBGene00000040,39,5018,5057
WBGene00000041,481,16860,17341
WBGene00000042,49,221,270
WBGene00000043,38,135,173
WBGene00000044,38,117,155
WBGene00000045,13,25,38
WBGene00000046,71,103,174
WBGene00000047,171,900,1071
WBGene00000048,17,60,77
WBGene00000049,1,12,13
WBGene00000050,9,46,55
WBGene00000051,35,222,257
WBGene00000053,20,39,59
WBGene00000054,42,369,411
WBGene00000055,7,270,277
WBGene00000056,28,77,105
WBGene00000057,86,121,207
WBGene00000058,114,228,342
WBGene00000059,19,86,105
WBGene00000060,15,57,72
WBGene00000061,13,69,82
WBGene00000062,64,84,148
WBGene00000063,521,142453,142974
WBGene00000064,344,17122,17466
WBGene00000065,574,149220,149794
WBGene00000066,1182,213685,214867
WBGene00000067,78,2102,2180
WBGene00000068,1417,1545,2962
WBGene00000069,38,143,181
WBGene00000070,317,1502,1819
WBGene00000071,31,180,211
WBGene00000072,72,776,848
WBGene00000073,67,524,591
WBGene00000074,125,723,848
WBGene00000075,25,135,160
WBGene00000079,236,4197,4433
WBGene00000080,3,277,280
WBGene00000081,45,391,436
WBGene00000082,57,137,194
WBGene00000083,409,3136,3545
WBGene00000084,26,30,56
WBGene00000085,48,448,496
WBGene00000086,98,716,814
WBGene00000088,44,163,207
WBGene00000089,96,2058,2154
WBGene00000090,88,963,1051
WBGene00000092,267,2452,2719
WBGene00000093,39,776,815
WBGene00000094,95,1051,1146
WBGene00000095,175,2260,2435
WBGene00000096,312,879,1191
WBGene00000097,125,1985,2110
WBGene00000098,88,1366,1454
WBGene00000099,106,1234,1340
WBGene00000100,478,3908,4386
WBGene00000101,154,1871,2025
WBGene00000102,371,5172,5543
WBGene00000103,119,1716,1835
WBGene00000105,126,3013,3139
WBGene00000106,83,1669,1752
WBGene00000107,698,7152,7850
WBGene00000108,7,1,8
WBGene00000109,22,917,939
WBGene00000110,119,2453,2572
WBGene00000111,121,555,676
WBGene00000112,391,4295,4686
WBGene00000113,264,546,810
WBGene00000114,340,52719,53059
WBGene00000115,49,2115,2164
WBGene00000116,122,765,887
WBGene00000117,297,589,886
WBGene00000118,16,9242,9258
WBGene00000120,9,3396,3405
WBGene00000121,56,2812,2868
WBGene00000122,85,9163,9248
WBGene00000123,273,5389,5662
WBGene00000133,4,21,25
WBGene00000134,43,152,195
WBGene00000135,14,134,148
WBGene00000136,7,78,85
WBGene00000137,111,543,654
WBGene00000138,72,357,429
WBGene00000139,54,53,107
WBGene00000140,739,41513,42252
WBGene00000142,58,1158,1216
WBGene00000143,163,898,1061
WBGene00000144,80,596,676
WBGene00000145,11,546,557
WBGene00000146,334,2754,3088
WBGene00000147,7,601,608
WBGene00000148,137,1228,1365
WBGene00000149,368,10337,10705
WBGene00000150,107,1066,1173
WBGene00000151,17,877,894
WBGene00000155,14,1069,1083
WBGene00000156,59,1039,1098
WBGene00000157,102,2685,2787
WBGene00000158,422,2213,2635
WBGene00000159,37,3223,3260
WBGene00000160,535,2484,3019
WBGene00000161,161,2462,2623
WBGene00000162,443,2089,2532
WBGene00000163,108,2223,2331
WBGene00000164,172,1235,1407
WBGene00000165,30,1291,1321
WBGene00000166,23,249,272
WBGene00000168,535,346,881
WBGene00000169,15,304,319
WBGene00000170,2273,26732,29005
WBGene00000171,16,2,18
WBGene00000172,35,129,164
WBGene00000173,4,29,33
WBGene00000174,11,79,90
WBGene00000175,2203,32791,34994
WBGene00000176,9,1472,1481
WBGene00000177,331,1700,2031
WBGene00000178,205,2064,2269
WBGene00000179,354,2145,2499
WBGene00000180,60,845,905
WBGene00000181,1034,5588,6622
WBGene00000182,205,14544,14749
WBGene00000183,266,16542,16808
WBGene00000184,174,1569,1743
WBGene00000185,5,29,34
WBGene00000186,523,4666,5189
WBGene00000187,3,1431,1434
WBGene00000188,0,167,167
WBGene00000189,21,570,591
WBGene00000190,28,102,130
WBGene00000192,21,2396,2417
WBGene00000193,11,93,104
WBGene00000195,95,1251,1346
WBGene00000196,188,1530,1718
WBGene00000197,65,4163,4228
WBGene00000198,202,2061,2263
WBGene00000199,245,3704,3949
WBGene00000200,111,2546,2657
WBGene00000201,942,4275,5217
WBGene00000202,5,345,350
WBGene00000203,21,2434,2455
WBGene00000204,102,2851,2953
WBGene00000205,8,1894,1902
WBGene00000206,204,2689,2893
WBGene00000207,1401,42637,44038
WBGene00000208,421,805,1226
WBGene00000209,1556,16595,18151
WBGene00000210,4770,44736,49506
WBGene00000211,158,577,735
WBGene00000212,12,68,80
WBGene00000213,3,52,55
WBGene00000214,0,6468,6468
WBGene00000215,97,730,827
WBGene00000216,7,2004,2011
WBGene00000217,1999,21439,23438
WBGene00000218,27,1725,1752
WBGene00000219,11,1853,1864
WBGene00000220,78,980,1058
WBGene00000221,1219,10434,11653
WBGene00000222,121,1421,1542
WBGene00000223,604,5232,5836
WBGene00000224,307,4117,4424
WBGene00000225,6418,3189,9607
WBGene00000226,203,1748,1951
WBGene00000227,220,1361,1581
WBGene00000228,699,14608,15307
WBGene00000229,3093,104526,107619
WBGene00000230,334,40794,41128
WBGene00000231,302,2540,2842
WBGene00000232,267,1233,1500
WBGene00000233,142,571,713
WBGene00000235,10,8905,8915
WBGene00000236,268,1941,2209
WBGene00000237,83,575,658
WBGene00000238,81,641,722
WBGene00000239,97,498,595
WBGene00000240,547,2595,3142
WBGene00000241,19,110,129
WBGene00000242,32,247,279
WBGene00000244,46,332,378
WBGene00000245,317,5919,6236
WBGene00000246,60,114,174
WBGene00000247,63,1444,1507
WBGene00000248,360,3958,4318
WBGene00000249,10,2375,2385
WBGene00000250,10,291,301
WBGene00000251,0,1,1
WBGene00000252,0,1,1
WBGene00000253,74,417,491
WBGene00000254,589,2063,2652
WBGene00000255,40,20,60
WBGene00000256,1,24,25
WBGene00000257,83,1828,1911
WBGene00000259,114,912,1026
WBGene00000262,15,651,666
WBGene00000263,6013,50645,56658
WBGene00000264,299,574,873
WBGene00000265,154,560,714
WBGene00000266,317,4025,4342
WBGene00000267,40,139,179
WBGene00000268,499,1182,1681
WBGene00000269,129,760,889
WBGene00000270,28,420,448
WBGene00000271,45,800,845
WBGene00000272,20,279,299
WBGene00000273,131,3699,3830
WBGene00000274,263,1038,1301
WBGene00000275,36,1466,1502
WBGene00000276,213,4865,5078
WBGene00000277,1632,17113,18745
WBGene00000279,26,224,250
WBGene00000280,54,359,413
WBGene00000281,47,3272,3319
WBGene00000282,363,3863,4226
WBGene00000283,112,2585,2697
WBGene00000284,13,980,993
WBGene00000285,314,4513,4827
WBGene00000286,959,9480,10439
WBGene00000287,73,195,268
WBGene00000288,175,2107,2282
WBGene00000289,322,2151,2473
WBGene00000292,450,6514,6964
WBGene00000293,362,9050,9412
WBGene00000294,244,5436,5680
WBGene00000295,45,544,589
WBGene00000296,68,178,246
WBGene00000298,11,805,816
WBGene00000301,16,11856,11872
WBGene00000302,15,61,76
WBGene00000366,236,5068,5304
WBGene00000367,400,1555,1955
WBGene00000368,301,3073,3374
WBGene00000369,7,2370,2377
WBGene00000370,4419,17400,21819
WBGene00000371,4139,60918,65057
WBGene00000372,2,27,29
WBGene00000373,91,686,777
WBGene00000375,42,264,306
WBGene00000376,469,1602,2071
WBGene00000377,131,15256,15387
WBGene00000378,53,13720,13773
WBGene00000379,1140,16832,17972
WBGene00000380,960,29341,30301
WBGene00000381,101,12416,12517
WBGene00000382,40,886,926
WBGene00000383,180,3412,3592
WBGene00000386,26,366,392
WBGene00000387,769,854,1623
WBGene00000388,8,19,27
WBGene00000389,1,0,1
WBGene00000390,150,6053,6203
WBGene00000391,108,595,703
WBGene00000392,0,59,59
WBGene00000393,34,741,775
WBGene00000395,47,406,453
WBGene00000396,103,2877,2980
WBGene00000397,11,37,48
WBGene00000399,50,713,763
WBGene00000401,35,74,109
WBGene00000402,173,570,743
WBGene00000403,733,9910,10643
WBGene00000405,117,4422,4539
WBGene00000406,36,404,440
WBGene00000407,253,978,1231
WBGene00000408,443,1468,1911
WBGene00000409,132,1212,1344
WBGene00000410,224,1373,1597
WBGene00000411,29,3256,3285
WBGene00000412,14,174,188
WBGene00000413,66,809,875
WBGene00000414,290,7548,7838
WBGene00000415,1511,1992,3503
WBGene00000416,40,1172,1212
WBGene00000417,123,131,254
WBGene00000418,24,520,544
WBGene00000419,247,1691,1938
WBGene00000420,79,1053,1132
WBGene00000421,233,1932,2165
WBGene00000422,15,88,103
WBGene00000423,62,770,832
WBGene00000424,112,1478,1590
WBGene00000425,11,231,242
WBGene00000426,247,1130,1377
WBGene00000427,1,10,11
WBGene00000428,1,38,39
WBGene00000429,39,161,200
WBGene00000430,20,231,251
WBGene00000431,25,774,799
WBGene00000432,1,5,6
WBGene00000433,95,537,632
WBGene00000434,15,124,139
WBGene00000435,8,133,141
WBGene00000436,37,156,193
WBGene00000437,109,2155,2264
WBGene00000438,21,27,48
WBGene00000439,29,321,350
WBGene00000440,4,82,86
WBGene00000441,483,1419,1902
WBGene00000442,13,178,191
WBGene00000443,221,4837,5058
WBGene00000444,9,217,226
WBGene00000445,13,153,166
WBGene00000446,19,370,389
WBGene00000447,26,117,143
WBGene00000448,143,1909,2052
WBGene00000449,207,824,1031
WBGene00000450,5,11,16
WBGene00000451,6,198,204
WBGene00000452,13,800,813
WBGene00000453,68,1196,1264
WBGene00000454,26,427,453
WBGene00000455,97,1818,1915
WBGene00000457,8,71,79
WBGene00000458,76,905,981
WBGene00000459,101,1780,1881
WBGene00000460,12,269,281
WBGene00000461,14,31,45
WBGene00000462,10,357,367
WBGene00000463,70,891,961
WBGene00000464,1129,3338,4467
WBGene00000465,6,128,134
WBGene00000466,344,2210,2554
WBGene00000467,77,419,496
WBGene00000468,111,164,275
WBGene00000469,18,55,73
WBGene00000472,112,40959,41071
WBGene00000473,5,988,993
WBGene00000474,11,1076,1087
WBGene00000475,152,31578,31730
WBGene00000476,163,812,975
WBGene00000477,26,161,187
WBGene00000478,64,547,611
WBGene00000479,44,3117,3161
WBGene00000480,160,1375,1535
WBGene00000481,41,504,545
WBGene00000482,204,4680,4884
WBGene00000483,9,8,17
WBGene00000484,53,140,193
WBGene00000485,91,709,800
WBGene00000487,24,28,52
WBGene00000488,102,224,326
WBGene00000490,27,304,331
WBGene00000491,202,713,915
WBGene00000492,264,379,643
WBGene00000493,46,308,354
WBGene00000496,56,188,244
WBGene00000497,32,260,292
WBGene00000498,5,860,865
WBGene00000499,65,53,118
WBGene00000500,57,1328,1385
WBGene00000501,62,706,768
WBGene00000502,66,2678,2744
WBGene00000503,0,12,12
WBGene00000506,231,1105,1336
WBGene00000507,104,702,806
WBGene00000508,45,1452,1497
WBGene00000509,255,1738,1993
WBGene00000510,221,2009,2230
WBGene00000511,86,466,552
WBGene00000512,314,403,717
WBGene00000513,15,202,217
WBGene00000514,110,672,782
WBGene00000515,45,228,273
WBGene00000516,6,3716,3722
WBGene00000517,70,481,551
WBGene00000518,1215,1210,2425
WBGene00000519,471,582,1053
WBGene00000520,81,811,892
WBGene00000521,8,62,70
WBGene00000522,42,161,203
WBGene00000523,45,508,553
WBGene00000524,62,817,879
WBGene00000525,17,247,264
WBGene00000526,16,455,471
WBGene00000527,270,1218,1488
WBGene00000528,141,987,1128
WBGene00000529,137,326,463
WBGene00000530,35,93,128
WBGene00000531,24,42,66
WBGene00000532,68,1380,1448
WBGene00000533,22,285,307
WBGene00000534,50,13414,13464
WBGene00000535,361,7245,7606
WBGene00000536,70,575,645
WBGene00000537,20,455,475
WBGene00000539,9,50,59
WBGene00000540,63,320,383
WBGene00000541,56,73,129
WBGene00000542,417,5074,5491
WBGene00000543,119,623,742
WBGene00000544,63,12,75
WBGene00000545,729,2452,3181
WBGene00000546,5,10,15
WBGene00000547,203,1194,1397
WBGene00000548,143,2903,3046
WBGene00000549,507,2127,2634
WBGene00000550,105,10395,10500
WBGene00000551,0,0,0
WBGene00000552,1947,35553,37500
WBGene00000553,1063,1578,2641
WBGene00000554,664,7303,7967
WBGene00000555,1,0,1
WBGene00000556,124,772,896
WBGene00000557,285,5541,5826
WBGene00000558,320,5123,5443
WBGene00000559,0,1,1
WBGene00000560,4,3,7
WBGene00000561,10,645,655
WBGene00000562,78,226,304
WBGene00000563,22,12,34
WBGene00000564,256,991,1247
WBGene00000565,496,478,974
WBGene00000566,541,1690,2231
WBGene00000567,214,5304,5518
WBGene00000583,374,3262,3636
WBGene00000584,20,229,249
WBGene00000585,149,1687,1836
WBGene00000591,225,1306,1531
WBGene00000592,20,309,329
WBGene00000593,0,13,13
WBGene00000594,1,5036,5037
WBGene00000596,0,0,0
WBGene00000597,6,83,89
WBGene00000598,3,9,12
WBGene00000599,35,3754,3789
WBGene00000601,0,199,199
WBGene00000602,0,105,105
WBGene00000603,3,521,524
WBGene00000606,315,2017,2332
WBGene00000608,0,7,7
WBGene00000609,0,1,1
WBGene00000610,20,287,307
WBGene00000611,120,1147,1267
WBGene00000612,0,7,7
WBGene00000613,0,10,10
WBGene00000614,3,11,14
WBGene00000615,0,21,21
WBGene00000616,1,685,686
WBGene00000617,0,4,4
WBGene00000618,2,478,480
WBGene00000620,1,3,4
WBGene00000621,0,12,12
WBGene00000622,4,41,45
WBGene00000623,34,236,270
WBGene00000624,25,100,125
WBGene00000625,27,198,225
WBGene00000626,0,1,1
WBGene00000627,0,5,5
WBGene00000628,0,9,9
WBGene00000629,3,4,7
WBGene00000630,30,140,170
WBGene00000631,7,149,156
WBGene00000632,8,200,208
WBGene00000633,14,91,105
WBGene00000634,1,58,59
WBGene00000636,6,11,17
WBGene00000637,6,366,372
WBGene00000638,0,7,7
WBGene00000639,0,114,114
WBGene00000640,13,44,57
WBGene00000641,10,2418,2428
WBGene00000644,0,41,41
WBGene00000645,47,303,350
WBGene00000646,0,8,8
WBGene00000647,6,111,117
WBGene00000648,40,8,48
WBGene00000649,67,505,572
WBGene00000650,0,15,15
WBGene00000651,4,89,93
WBGene00000652,13,117,130
WBGene00000653,0,236,236
WBGene00000654,9,11,20
WBGene00000655,1,111,112
WBGene00000656,13,2361,2374
WBGene00000657,12,334,346
WBGene00000658,8,5,13
WBGene00000659,2,2,4
WBGene00000660,3,2,5
WBGene00000661,3,4,7
WBGene00000662,19,13,32
WBGene00000663,0,36,36
WBGene00000664,1,664,665
WBGene00000665,136,1373,1509
WBGene00000666,0,192,192
WBGene00000667,0,151,151
WBGene00000668,0,554,554
WBGene00000669,9,3358,3367
WBGene00000670,0,35,35
WBGene00000671,0,21,21
WBGene00000672,3,323,326
WBGene00000673,12,19106,19118
WBGene00000674,65,313,378
WBGene00000675,1,82,83
WBGene00000676,0,5,5
WBGene00000677,35,17082,17117
WBGene00000678,1,127,128
WBGene00000679,8,61,69
WBGene00000680,0,4,4
WBGene00000681,14,11649,11663
WBGene00000682,0,43,43
WBGene00000683,18,238,256
WBGene00000684,21,71,92
WBGene00000685,8,337,345
WBGene00000687,18,168,186
WBGene00000688,0,67,67
WBGene00000689,31,89,120
WBGene00000690,0,1,1
WBGene00000691,0,5074,5074
WBGene00000692,155,1541,1696
WBGene00000693,0,10,10
WBGene00000694,0,6,6
WBGene00000695,0,1,1
WBGene00000696,0,2,2
WBGene00000697,2,2,4
WBGene00000698,0,47,47
WBGene00000699,6,2118,2124
WBGene00000700,0,0,0
WBGene00000701,0,9,9
WBGene00000702,28,203,231
WBGene00000703,9,253,262
WBGene00000704,1,445,446
WBGene00000705,20,173,193
WBGene00000706,1,33,34
WBGene00000707,0,28,28
WBGene00000708,1,11,12
WBGene00000710,1,10,11
WBGene00000711,0,2,2
WBGene00000712,0,3,3
WBGene00000713,0,42,42
WBGene00000714,6,42,48
WBGene00000715,1,46,47
WBGene00000716,0,4,4
WBGene00000717,20,1696,1716
WBGene00000718,0,29,29
WBGene00000719,0,43,43
WBGene00000720,2,16953,16955
WBGene00000721,0,21,21
WBGene00000722,48,4779,4827
WBGene00000723,0,112,112
WBGene00000724,5,63,68
WBGene00000725,0,8,8
WBGene00000726,66,192,258
WBGene00000727,1,1540,1541
WBGene00000728,2,1449,1451
WBGene00000729,3,24,27
WBGene00000730,0,95,95
WBGene00000731,3,152,155
WBGene00000732,0,74,74
WBGene00000733,8,9180,9188
WBGene00000734,0,99,99
WBGene00000735,5,65,70
WBGene00000736,1,6,7
WBGene00000737,0,51,51
WBGene00000738,0,4,4
WBGene00000739,26,18833,18859
WBGene00000740,4,5446,5450
WBGene00000741,7,4923,4930
WBGene00000742,0,1040,1040
WBGene00000743,0,237,237
WBGene00000744,0,0,0
WBGene00000745,3,238,241
WBGene00000746,5,140,145
WBGene00000747,1,181,182
WBGene00000748,1,57,58
WBGene00000749,0,297,297
WBGene00000750,7,79,86
WBGene00000751,0,12,12
WBGene00000752,0,1,1
WBGene00000753,0,182,182
WBGene00000754,0,28,28
WBGene00000755,1,45,46
WBGene00000756,0,3,3
WBGene00000757,0,3,3
WBGene00000758,0,0,0
WBGene00000759,34,177,211
WBGene00000760,7,9,16
WBGene00000761,84,1555,1639
WBGene00000762,137,845,982
WBGene00000763,242,1782,2024
WBGene00000764,38,363,401
WBGene00000765,12,2753,2765
WBGene00000766,51,1511,1562
WBGene00000767,239,3344,3583
WBGene00000768,431,4204,4635
WBGene00000770,1,46,47
WBGene00000771,1,8,9
WBGene00000772,5,182,187
WBGene00000773,118,1869,1987
WBGene00000774,62,2100,2162
WBGene00000775,82,363,445
WBGene00000776,415,14802,15217
WBGene00000777,51,3392,3443
WBGene00000778,14,502,516
WBGene00000779,8048,109567,117615
WBGene00000780,106,1037,1143
WBGene00000781,1,413,414
WBGene00000782,0,0,0
WBGene00000783,13,164,177
WBGene00000784,1,529,530
WBGene00000785,4,1857,1861
WBGene00000786,53,699,752
WBGene00000787,27,1723,1750
WBGene00000788,59,5101,5160
WBGene00000789,31,611,642
WBGene00000792,68,193,261
WBGene00000793,3588,2330,5918
WBGene00000794,86,1671,1757
WBGene00000795,22,726,748
WBGene00000796,281,2735,3016
WBGene00000797,6,58,64
WBGene00000798,5,1283,1288
WBGene00000799,7,35,42
WBGene00000800,232,4060,4292
WBGene00000802,1484,104456,105940
WBGene00000803,13,146,159
WBGene00000804,11,1436,1447
WBGene00000812,298,1093,1391
WBGene00000813,177,1629,1806
WBGene00000814,238,2265,2503
WBGene00000815,342,1555,1897
WBGene00000816,245,1251,1496
WBGene00000817,38,1212,1250
WBGene00000818,104,1075,1179
WBGene00000819,16,16,32
WBGene00000820,88,380,468
WBGene00000821,3,2,5
WBGene00000822,2659,31618,34277
WBGene00000829,0,149825,149825
WBGene00000830,0,118,118
WBGene00000831,0,264,264
WBGene00000832,594,3218,3812
WBGene00000833,129,41533,41662
WBGene00000834,1241,1890,3131
WBGene00000835,207,3543,3750
WBGene00000836,83,1358,1441
WBGene00000837,179,1659,1838
WBGene00000838,115,886,1001
WBGene00000839,82,1736,1818
WBGene00000840,187,1935,2122
WBGene00000841,22,87,109
WBGene00000843,67,4082,4149
WBGene00000845,942,9830,10772
WBGene00000846,132,540,672
WBGene00000851,2,15,17
WBGene00000853,16,10,26
WBGene00000854,343,2233,2576
WBGene00000857,29,1553,1582
WBGene00000858,127,2256,2383
WBGene00000859,7,53,60
WBGene00000860,8,88,96
WBGene00000861,3,15,18
WBGene00000862,81,124,205
WBGene00000863,28,1349,1377
WBGene00000864,11,36,47
WBGene00000865,16,820,836
WBGene00000866,1,41,42
WBGene00000867,1,38,39
WBGene00000868,33,3093,3126
WBGene00000869,285,14309,14594
WBGene00000870,98,1824,1922
WBGene00000871,44,539,583
WBGene00000872,73,1366,1439
WBGene00000874,83,1865,1948
WBGene00000875,44,1679,1723
WBGene00000876,278,2707,2985
WBGene00000877,65,16221,16286
WBGene00000878,4,106,110
WBGene00000879,1925,44963,46888
WBGene00000880,95,1768,1863
WBGene00000881,19,23551,23570
WBGene00000882,5,2794,2799
WBGene00000883,6195,130246,136441
WBGene00000884,95,2899,2994
WBGene00000885,375,450,825
WBGene00000886,142,1465,1607
WBGene00000887,259,2059,2318
WBGene00000888,92,1753,1845
WBGene00000889,140,1670,1810
WBGene00000890,86,746,832
WBGene00000891,261,1973,2234
WBGene00000892,167,876,1043
WBGene00000893,26,212,238
WBGene00000894,29,2712,2741
WBGene00000895,79,117,196
WBGene00000896,469,10765,11234
WBGene00000897,168,871,1039
WBGene00000898,1811,1360,3171
WBGene00000899,146,1593,1739
WBGene00000900,608,2126,2734
WBGene00000901,492,4411,4903
WBGene00000902,10,176,186
WBGene00000903,8,1820,1828
WBGene00000904,39,238,277
WBGene00000905,50,786,836
WBGene00000906,182,313,495
WBGene00000907,45,209,254
WBGene00000908,562,1507,2069
WBGene00000910,589,3151,3740
WBGene00000911,422,2966,3388
WBGene00000912,791,2960,3751
WBGene00000913,58,1000,1058
WBGene00000914,621,1352,1973
WBGene00000915,451,93307,93758
WBGene00000917,283,2896,3179
WBGene00000920,24,2240,2264
WBGene00000923,57,4208,4265
WBGene00000928,46,3360,3406
WBGene00000929,170,1475,1645
WBGene00000930,0,29,29
WBGene00000931,342,12805,13147
WBGene00000932,15,274,289
WBGene00000933,415,2596,3011
WBGene00000934,19,269,288
WBGene00000935,9,670,679
WBGene00000936,15,876,891
WBGene00000937,14,659,673
WBGene00000938,1762,6262,8024
WBGene00000939,264,2270,2534
WBGene00000940,274,2153,2427
WBGene00000941,1180,11825,13005
WBGene00000942,294,10737,11031
WBGene00000950,72,118,190
WBGene00000951,25,107,132
WBGene00000952,44,52,96
WBGene00000953,53,183,236
WBGene00000955,30,123,153
WBGene00000958,141,616,757
WBGene00000959,326,2068,2394
WBGene00000960,43,107,150
WBGene00000961,52,1613,1665
WBGene00000962,355,10487,10842
WBGene00000963,259,1899,2158
WBGene00000964,135,4845,4980
WBGene00000965,67,1402,1469
WBGene00000966,45,245,290
WBGene00000967,133,298,431
WBGene00000968,67,406,473
WBGene00000969,22,1411,1433
WBGene00000970,64,2118,2182
WBGene00000971,3,14,17
WBGene00000972,53,479,532
WBGene00000973,68,1083,1151
WBGene00000974,9,169,178
WBGene00000975,241,2722,2963
WBGene00000976,148,966,1114
WBGene00000977,3,33,36
WBGene00000978,48,3830,3878
WBGene00000979,10,206,216
WBGene00000980,238,1140,1378
WBGene00000981,10,321,331
WBGene00000982,332,6794,7126
WBGene00000983,28,214,242
WBGene00000984,106,1308,1414
WBGene00000985,51,1559,1610
WBGene00000986,5,111,116
WBGene00000987,247,1014,1261
WBGene00000988,701,14531,15232
WBGene00000989,13,57,70
WBGene00000990,176,1168,1344
WBGene00000991,186,1169,1355
WBGene00000992,0,836,836
WBGene00000993,308,1573,1881
WBGene00000994,39,573,612
WBGene00000995,98,941,1039
WBGene00000996,142,3225,3367
WBGene00000998,1631,46924,48555
WBGene00001000,2436,30246,32682
WBGene00001001,338,2649,2987
WBGene00001002,71,1722,1793
WBGene00001005,81,33146,33227
WBGene00001006,152,1879,2031
WBGene00001007,456,6227,6683
WBGene00001008,442,3138,3580
WBGene00001016,19,380,399
WBGene00001017,346,3979,4325
WBGene00001018,338,3503,3841
WBGene00001019,545,2648,3193
WBGene00001020,78,1512,1590
WBGene00001021,69,327,396
WBGene00001022,44,296,340
WBGene00001023,252,4319,4571
WBGene00001025,222,2645,2867
WBGene00001026,84,2303,2387
WBGene00001027,258,1890,2148
WBGene00001028,271,3439,3710
WBGene00001029,577,6231,6808
WBGene00001030,164,8334,8498
WBGene00001031,61,4870,4931
WBGene00001032,45,1081,1126
WBGene00001033,116,757,873
WBGene00001034,89,2070,2159
WBGene00001035,108,1723,1831
WBGene00001036,35,851,886
WBGene00001037,87,10008,10095
WBGene00001038,388,7096,7484
WBGene00001039,313,1290,1603
WBGene00001040,48,1199,1247
WBGene00001041,46,2271,2317
WBGene00001042,591,2476,3067
WBGene00001043,325,1048,1373
WBGene00001044,5,157,162
WBGene00001045,138,1304,1442
WBGene00001046,22,304,326
WBGene00001047,430,5758,6188
WBGene00001048,211,1206,1417
WBGene00001049,70,655,725
WBGene00001050,66,433,499
WBGene00001051,12,3923,3935
WBGene00001052,209,732,941
WBGene00001053,83,419,502
WBGene00001054,126,702,828
WBGene00001055,148,856,1004
WBGene00001056,186,2623,2809
WBGene00001057,19,1657,1676
WBGene00001058,109,1234,1343
WBGene00001059,15,447,462
WBGene00001060,32,934,966
WBGene00001061,92,1506,1598
WBGene00001062,1,3,4
WBGene00001063,16,32,48
WBGene00001064,33,1981,2014
WBGene00001065,1,2903,2904
WBGene00001066,264,3290,3554
WBGene00001067,0,2455,2455
WBGene00001068,217,4130,4347
WBGene00001069,19,2124,2143
WBGene00001070,254,1627,1881
WBGene00001071,118,1871,1989
WBGene00001072,98,1511,1609
WBGene00001073,276,5218,5494
WBGene00001074,316,3490,3806
WBGene00001075,25,61,86
WBGene00001076,0,152,152
WBGene00001077,145,3580,3725
WBGene00001078,179,882,1061
WBGene00001079,32,269,301
WBGene00001080,859,3359,4218
WBGene00001081,178,4928,5106
WBGene00001082,250,2675,2925
WBGene00001085,148,2623,2771
WBGene00001086,133,3124,3257
WBGene00001087,1513,1509,3022
WBGene00001088,18,13745,13763
WBGene00001089,263,1889,2152
WBGene00001090,198,762,960
WBGene00001092,0,140,140
WBGene00001093,106,2470,2576
WBGene00001094,60,7754,7814
WBGene00001095,70,531,601
WBGene00001096,8,154,162
WBGene00001099,18,130,148
WBGene00001101,755,3575,4330
WBGene00001102,31,915,946
WBGene00001103,0,6,6
WBGene00001104,2,9,11
WBGene00001105,6,14,20
WBGene00001106,63,29,92
WBGene00001107,77,388,465
WBGene00001108,0,4,4
WBGene00001109,0,44,44
WBGene00001110,13,282,295
WBGene00001112,98,1057,1155
WBGene00001113,1681,14698,16379
WBGene00001115,440,1651,2091
WBGene00001116,296,2141,2437
WBGene00001117,58,331,389
WBGene00001118,86,204,290
WBGene00001119,25,232,257
WBGene00001121,62,201,263
WBGene00001122,54,1026,1080
WBGene00001123,2,203,205
WBGene00001127,65,333,398
WBGene00001129,23,86,109
WBGene00001130,113,2960,3073
WBGene00001131,1260,10675,11935
WBGene00001132,403,5325,5728
WBGene00001133,12,10,22
WBGene00001134,207,3914,4121
WBGene00001135,81,818,899
WBGene00001136,30,48,78
WBGene00001137,300,19773,20073
WBGene00001145,1816,10105,11921
WBGene00001147,0,10,10
WBGene00001148,24,501,525
WBGene00001149,198,14791,14989
WBGene00001150,1,15,16
WBGene00001151,105,1637,1742
WBGene00001152,2,527,529
WBGene00001153,9,1909,1918
WBGene00001154,61,2310,2371
WBGene00001155,4100,34424,38524
WBGene00001156,84,499,583
WBGene00001157,30,105,135
WBGene00001158,4,4,8
WBGene00001159,17,412,429
WBGene00001160,63,2707,2770
WBGene00001161,220,986,1206
WBGene00001162,181,665,846
WBGene00001163,142,2761,2903
WBGene00001164,5,5,10
WBGene00001165,49,274,323
WBGene00001166,69,6692,6761
WBGene00001167,7540,173075,180615
WBGene00001168,13868,474986,488854
WBGene00001169,224,97040,97264
WBGene00001170,34,617,651
WBGene00001171,161,459,620
WBGene00001172,301,8602,8903
WBGene00001173,2153,6314,8467
WBGene00001174,14,338,352
WBGene00001175,12,87,99
WBGene00001177,1890,4257,6147
WBGene00001178,374,2055,2429
WBGene00001179,335,1184,1519
WBGene00001182,122,1595,1717
WBGene00001184,135,1347,1482
WBGene00001185,22,258,280
WBGene00001186,408,1875,2283
WBGene00001187,316,3790,4106
WBGene00001188,86,420,506
WBGene00001189,974,14018,14992
WBGene00001190,175,268,443
WBGene00001193,2,425,427
WBGene00001194,541,6533,7074
WBGene00001196,1366,19195,20561
WBGene00001202,114,202,316
WBGene00001204,51,49,100
WBGene00001207,32,159,191
WBGene00001208,374,2154,2528
WBGene00001209,159,12148,12307
WBGene00001210,37,3234,3271
WBGene00001211,27,156,183
WBGene00001214,23,628,651
WBGene00001215,356,1936,2292
WBGene00001223,5,6,11
WBGene00001224,20,2180,2200
WBGene00001225,28,7285,7313
WBGene00001226,455,16514,16969
WBGene00001227,1343,11602,12945
WBGene00001228,39,3221,3260
WBGene00001229,63,4202,4265
WBGene00001230,105,6874,6979
WBGene00001231,83,4380,4463
WBGene00001232,257,4008,4265
WBGene00001233,641,6324,6965
WBGene00001234,16,7429,7445
WBGene00001235,136,3219,3355
WBGene00001236,339,701,1040
WBGene00001237,14,132,146
WBGene00001239,266,7766,8032
WBGene00001240,109,2430,2539
WBGene00001241,346,4624,4970
WBGene00001242,8,170,178
WBGene00001243,71,870,941
WBGene00001244,297,2294,2591
WBGene00001245,2,5,7
WBGene00001246,1,15,16
WBGene00001247,51,282,333
WBGene00001248,166,639,805
WBGene00001249,28,1069,1097
WBGene00001250,6,60,66
WBGene00001251,62,1247,1309
WBGene00001252,1,20,21
WBGene00001253,138,1136,1274
WBGene00001258,784,4731,5515
WBGene00001259,160,5353,5513
WBGene00001262,68,1888,1956
WBGene00001263,1266,38031,39297
WBGene00001281,81,1110,1191
WBGene00001284,202,1974,2176
WBGene00001303,485,38096,38581
WBGene00001309,191,3866,4057
WBGene00001310,9,4,13
WBGene00001311,1,2,3
WBGene00001320,8,2163,2171
WBGene00001324,80,1112,1192
WBGene00001325,256,1169,1425
WBGene00001328,254,13711,13965
WBGene00001329,94,3496,3590
WBGene00001330,452,1608,2060
WBGene00001331,306,6269,6575
WBGene00001332,132,558,690
WBGene00001333,245,2829,3074
WBGene00001334,500,2714,3214
WBGene00001335,172,1840,2012
WBGene00001336,408,5425,5833
WBGene00001337,953,9274,10227
WBGene00001338,76,1679,1755
WBGene00001340,678,3877,4555
WBGene00001345,1206,2862,4068
WBGene00001352,353,3104,3457
WBGene00001358,59,382,441
WBGene00001365,225,2168,2393
WBGene00001366,447,2025,2472
WBGene00001368,243,1980,2223
WBGene00001371,59,810,869
WBGene00001372,87,466,553
WBGene00001373,132,106,238
WBGene00001374,158,749,907
WBGene00001377,150,456,606
WBGene00001385,66882,798822,865704
WBGene00001386,1998,53272,55270
WBGene00001387,6,41,47
WBGene00001388,1,13,14
WBGene00001389,51,802,853
WBGene00001390,54,1008,1062
WBGene00001391,140,1580,1720
WBGene00001392,274,18606,18880
WBGene00001393,97,8630,8727
WBGene00001394,55,6737,6792
WBGene00001395,788,6129,6917
WBGene00001396,153,3212,3365
WBGene00001397,0,111,111
WBGene00001398,41,1896,1937
WBGene00001399,0,19,19
WBGene00001400,13,178,191
WBGene00001401,4,205,209
WBGene00001402,2,237,239
WBGene00001403,193,1352,1545
WBGene00001404,1181,15498,16679
WBGene00001405,30,1950,1980
WBGene00001406,257,797,1054
WBGene00001410,144,477,621
WBGene00001411,38,1322,1360
WBGene00001412,18,850,868
WBGene00001413,20,285,305
WBGene00001414,8,58,66
WBGene00001423,530,42610,43140
WBGene00001424,0,1,1
WBGene00001425,300,1884,2184
WBGene00001426,370,11225,11595
WBGene00001427,2222,87349,89571
WBGene00001428,9,2022,2031
WBGene00001429,41,939,980
WBGene00001430,176,6630,6806
WBGene00001431,133,6904,7037
WBGene00001432,94,495,589
WBGene00001433,78,1083,1161
WBGene00001434,4,187,191
WBGene00001435,0,1,1
WBGene00001436,0,0,0
WBGene00001437,2,83,85
WBGene00001438,9,72,81
WBGene00001439,1510,2767,4277
WBGene00001440,29,374,403
WBGene00001441,244,2517,2761
WBGene00001442,0,101,101
WBGene00001443,529,2838,3367
WBGene00001444,15948,97218,113166
WBGene00001445,100,1269,1369
WBGene00001446,5,216,221
WBGene00001447,58,1686,1744
WBGene00001448,602,9391,9993
WBGene00001449,432,3194,3626
WBGene00001450,25,1316,1341
WBGene00001451,292,2814,3106
WBGene00001452,164,11840,12004
WBGene00001453,3,1252,1255
WBGene00001454,6,2921,2927
WBGene00001455,135,2652,2787
WBGene00001456,2,620,622
WBGene00001457,2393,14917,17310
WBGene00001458,325,3158,3483
WBGene00001459,139,5258,5397
WBGene00001460,36,927,963
WBGene00001461,938,5046,5984
WBGene00001462,133,8084,8217
WBGene00001463,70,1858,1928
WBGene00001464,201,3904,4105
WBGene00001465,4,20,24
WBGene00001466,17,584,601
WBGene00001468,6,25,31
WBGene00001470,116,2438,2554
WBGene00001475,288,3286,3574
WBGene00001476,9,58,67
WBGene00001477,24,389,413
WBGene00001478,26,217,243
WBGene00001479,48,483,531
WBGene00001480,1326,7884,9210
WBGene00001481,38,367,405
WBGene00001482,3,184,187
WBGene00001483,6,173,179
WBGene00001484,503,1140,1643
WBGene00001485,397,679,1076
WBGene00001486,55,643,698
WBGene00001487,6,9,15
WBGene00001488,885,29181,30066
WBGene00001489,269,1306,1575
WBGene00001490,193,1465,1658
WBGene00001491,510,4043,4553
WBGene00001492,70,1011,1081
WBGene00001493,123,1577,1700
WBGene00001494,513,1348,1861
WBGene00001495,141,575,716
WBGene00001496,809,3180,3989
WBGene00001497,216,5495,5711
WBGene00001498,534,5058,5592
WBGene00001499,20,678,698
WBGene00001500,12,92,104
WBGene00001501,529,3636,4165
WBGene00001502,852,49284,50136
WBGene00001503,189,10454,10643
WBGene00001505,38,265,303
WBGene00001506,4,11,15
WBGene00001507,23,99,122
WBGene00001508,121,934,1055
WBGene00001509,140,2346,2486
WBGene00001510,175,1739,1914
WBGene00001511,26,1336,1362
WBGene00001512,79,249,328
WBGene00001513,12,1271,1283
WBGene00001514,25,356,381
WBGene00001515,63,281,344
WBGene00001516,668,2192,2860
WBGene00001517,74,409,483
WBGene00001518,311,1518,1829
WBGene00001519,373,1741,2114
WBGene00001520,222,8503,8725
WBGene00001522,62,192,254
WBGene00001523,94,1494,1588
WBGene00001526,102,896,998
WBGene00001527,36,1268,1304
WBGene00001528,4,9,13
WBGene00001529,3,9,12
WBGene00001530,7,70,77
WBGene00001531,5,34,39
WBGene00001532,14,39,53
WBGene00001533,23,16,39
WBGene00001534,23,146,169
WBGene00001535,15,104,119
WBGene00001536,23,94,117
WBGene00001537,478,877,1355
WBGene00001538,76,705,781
WBGene00001539,37,41,78
WBGene00001540,4,39,43
WBGene00001541,17,170,187
WBGene00001542,28,101,129
WBGene00001543,14,124,138
WBGene00001544,22,103,125
WBGene00001545,1,15,16
WBGene00001546,39,91,130
WBGene00001547,65,190,255
WBGene00001548,15,78,93
WBGene00001549,51,163,214
WBGene00001550,9,14,23
WBGene00001551,70,90,160
WBGene00001552,73,587,660
WBGene00001553,212,1058,1270
WBGene00001554,77,482,559
WBGene00001555,334,1027,1361
WBGene00001556,199,1226,1425
WBGene00001557,127,908,1035
WBGene00001558,77,9361,9438
WBGene00001559,198,1016,1214
WBGene00001560,26,166,192
WBGene00001561,1695,7158,8853
WBGene00001562,55,2069,2124
WBGene00001563,140,2370,2510
WBGene00001564,1157,46508,47665
WBGene00001565,360,1697,2057
WBGene00001566,113,1913,2026
WBGene00001568,63,1131,1194
WBGene00001569,3,49,52
WBGene00001570,190,2829,3019
WBGene00001571,16,328,344
WBGene00001572,713,5195,5908
WBGene00001574,287,2053,2340
WBGene00001575,26,242,268
WBGene00001577,47,277,324
WBGene00001578,27,136,163
WBGene00001579,124,1421,1545
WBGene00001580,79,1359,1438
WBGene00001581,1,255,256
WBGene00001582,374,2001,2375
WBGene00001583,22,487,509
WBGene00001584,238,988,1226
WBGene00001585,84,1424,1508
WBGene00001586,128,269,397
WBGene00001587,254,388,642
WBGene00001588,24,322,346
WBGene00001589,291,1129,1420
WBGene00001590,40,857,897
WBGene00001591,1,15,16
WBGene00001592,75,458,533
WBGene00001593,62,196,258
WBGene00001594,125,1070,1195
WBGene00001595,7,247,254
WBGene00001596,149,2498,2647
WBGene00001597,16,241,257
WBGene00001598,88,3150,3238
WBGene00001599,14,307,321
WBGene00001600,3,160,163
WBGene00001601,54,701,755
WBGene00001602,58,1111,1169
WBGene00001603,0,16,16
WBGene00001604,103,14798,14901
WBGene00001606,20,332,352
WBGene00001607,12,203,215
WBGene00001608,7,29,36
WBGene00001609,30,395,425
WBGene00001612,44,144,188
WBGene00001613,246,349,595
WBGene00001614,51,171,222
WBGene00001615,220,623,843
WBGene00001616,74,719,793
WBGene00001617,311,562,873
WBGene00001618,20,24,44
WBGene00001619,23,95,118
WBGene00001620,211,4511,4722
WBGene00001621,25,123,148
WBGene00001622,61,104,165
WBGene00001623,10,158,168
WBGene00001624,16,56,72
WBGene00001625,12,19,31
WBGene00001626,7,19,26
WBGene00001627,64,451,515
WBGene00001628,57,1127,1184
WBGene00001629,298,1243,1541
WBGene00001630,851,1455,2306
WBGene00001631,292,1671,1963
WBGene00001632,96,1823,1919
WBGene00001633,185,1019,1204
WBGene00001635,78,1633,1711
WBGene00001636,155,615,770
WBGene00001637,74,924,998
WBGene00001638,36,492,528
WBGene00001639,40,65,105
WBGene00001640,33,3,36
WBGene00001641,0,1,1
WBGene00001642,1,1,2
WBGene00001643,30,158,188
WBGene00001644,12,61,73
WBGene00001645,90,1142,1232
WBGene00001646,0,1010,1010
WBGene00001647,2,329,331
WBGene00001648,479,10047,10526
WBGene00001649,166,2274,2440
WBGene00001650,424,1980,2404
WBGene00001651,355,1283,1638
WBGene00001653,164,1396,1560
WBGene00001660,37,615,652
WBGene00001661,135,1554,1689
WBGene00001662,111,2965,3076
WBGene00001663,482,464,946
WBGene00001664,28,333,361
WBGene00001665,27,233,260
WBGene00001666,24,314,338
WBGene00001667,12,9,21
WBGene00001668,12,47,59
WBGene00001669,340,1565,1905
WBGene00001670,30,113,143
WBGene00001671,84,1073,1157
WBGene00001672,14,71,85
WBGene00001673,31,70,101
WBGene00001674,20,325,345
WBGene00001675,5,28,33
WBGene00001676,133,195,328
WBGene00001677,42,229,271
WBGene00001678,240,406,646
WBGene00001679,606,13876,14482
WBGene00001680,101,2486,2587
WBGene00001681,20,744,764
WBGene00001682,721,28101,28822
WBGene00001683,53,558,611
WBGene00001684,37,33718,33755
WBGene00001685,39,43332,43371
WBGene00001686,88,803,891
WBGene00001687,9,13,22
WBGene00001688,22,695,717
WBGene00001689,14,741,755
WBGene00001690,30,116,146
WBGene00001691,2,0,2
WBGene00001692,277,8506,8783
WBGene00001693,1,25,26
WBGene00001694,18,2075,2093
WBGene00001695,23,102,125
WBGene00001696,25,50,75
WBGene00001697,5,16,21
WBGene00001698,19,45,64
WBGene00001699,281,29380,29661
WBGene00001700,2,2,4
WBGene00001701,4,72,76
WBGene00001702,1636,11949,13585
WBGene00001703,69,993,1062
WBGene00001704,13,88,101
WBGene00001705,7,151,158
WBGene00001707,160,305,465
WBGene00001708,440,2235,2675
WBGene00001709,99,764,863
WBGene00001710,14,12,26
WBGene00001711,3,119,122
WBGene00001712,3,23,26
WBGene00001713,12,2039,2051
WBGene00001714,16,487,503
WBGene00001715,0,16,16
WBGene00001716,46,332,378
WBGene00001717,9,182,191
WBGene00001718,2,107,109
WBGene00001719,20,430,450
WBGene00001720,4,5,9
WBGene00001721,15,261,276
WBGene00001722,2,6,8
WBGene00001723,23,47,70
WBGene00001724,59,511,570
WBGene00001725,12,2182,2194
WBGene00001726,0,14,14
WBGene00001727,12,92,104
WBGene00001728,0,21,21
WBGene00001729,11,65,76
WBGene00001730,4,222,226
WBGene00001731,3,21,24
WBGene00001732,1,10,11
WBGene00001733,0,3,3
WBGene00001734,0,1,1
WBGene00001735,7,6,13
WBGene00001736,13,37,50
WBGene00001737,0,1,1
WBGene00001738,0,0,0
WBGene00001739,0,0,0
WBGene00001740,124,515,639
WBGene00001743,76,849,925
WBGene00001744,267,5239,5506
WBGene00001745,660,4718,5378
WBGene00001746,301,3537,3838
WBGene00001747,147,6538,6685
WBGene00001748,484,7731,8215
WBGene00001749,5,3046,3051
WBGene00001750,106,738,844
WBGene00001751,91,1848,1939
WBGene00001752,78,3810,3888
WBGene00001753,351,14642,14993
WBGene00001754,1,195,196
WBGene00001755,169,16755,16924
WBGene00001756,0,84,84
WBGene00001757,44,168,212
WBGene00001758,10,2024,2034
WBGene00001759,46,622,668
WBGene00001760,9,814,823
WBGene00001761,34,396,430
WBGene00001762,1,77,78
WBGene00001763,3,142,145
WBGene00001764,5,325,330
WBGene00001765,0,1,1
WBGene00001766,13,1,14
WBGene00001767,4,181,185
WBGene00001768,29,5704,5733
WBGene00001769,25,490,515
WBGene00001770,5,244,249
WBGene00001771,5,134,139
WBGene00001772,10,3430,3440
WBGene00001773,6,103,109
WBGene00001774,2,351,353
WBGene00001775,3,906,909
WBGene00001776,14,618,632
WBGene00001777,5,14,19
WBGene00001778,1,105,106
WBGene00001779,0,90,90
WBGene00001780,4,119,123
WBGene00001781,55,855,910
WBGene00001782,89,295,384
WBGene00001783,36,312,348
WBGene00001784,151,1386,1537
WBGene00001785,0,3,3
WBGene00001786,0,22,22
WBGene00001787,2,1462,1464
WBGene00001788,67,577,644
WBGene00001789,5,1147,1152
WBGene00001790,75,1339,1414
WBGene00001791,213,1288,1501
WBGene00001792,10,112,122
WBGene00001793,910,4015,4925
WBGene00001794,3510,30334,33844
WBGene00001795,35,100,135
WBGene00001796,52,199,251
WBGene00001803,33,294,327
WBGene00001804,32,23,55
WBGene00001805,52,290,342
WBGene00001806,27,93,120
WBGene00001808,498,3147,3645
WBGene00001811,24,224,248
WBGene00001812,44,915,959
WBGene00001813,198,1469,1667
WBGene00001814,18,251,269
WBGene00001815,146,551,697
WBGene00001816,251,728,979
WBGene00001817,22,585,607
WBGene00001818,9,3,12
WBGene00001819,23,247,270
WBGene00001820,29,1248,1277
WBGene00001821,100,674,774
WBGene00001823,110,1292,1402
WBGene00001824,69,2401,2470
WBGene00001827,114,1903,2017
WBGene00001828,2,0,2
WBGene00001829,29,1136,1165
WBGene00001830,20,1000,1020
WBGene00001831,22,1421,1443
WBGene00001832,131,1475,1606
WBGene00001833,161,2433,2594
WBGene00001834,12,2793,2805
WBGene00001835,5,784,789
WBGene00001836,87,1111,1198
WBGene00001837,913,1244,2157
WBGene00001838,77,349,426
WBGene00001839,40,59,99
WBGene00001840,850,16166,17016
WBGene00001841,22,488,510
WBGene00001842,12,73,85
WBGene00001843,433,2522,2955
WBGene00001844,50,1412,1462
WBGene00001851,399,8895,9294
WBGene00001852,59,232,291
WBGene00001853,224,44365,44589
WBGene00001854,135,25217,25352
WBGene00001855,23,6716,6739
WBGene00001856,1,5983,5984
WBGene00001857,0,126,126
WBGene00001858,0,12369,12369
WBGene00001859,15,11,26
WBGene00001860,128,3365,3493
WBGene00001862,12,197,209
WBGene00001863,1242,10719,11961
WBGene00001864,178,750,928
WBGene00001865,41,369,410
WBGene00001867,51,432,483
WBGene00001869,23,1147,1170
WBGene00001872,52,141,193
WBGene00001874,28,1017,1045
WBGene00001875,0,3969,3969
WBGene00001876,0,1656,1656
WBGene00001877,0,6083,6083
WBGene00001878,0,2558,2558
WBGene00001879,0,3728,3728
WBGene00001880,0,2495,2495
WBGene00001881,0,2636,2636
WBGene00001882,0,907,907
WBGene00001883,0,304,304
WBGene00001884,0,0,0
WBGene00001885,0,2790,2790
WBGene00001886,0,0,0
WBGene00001887,0,0,0
WBGene00001888,0,0,0
WBGene00001889,0,0,0
WBGene00001890,0,247,247
WBGene00001891,0,322,322
WBGene00001892,0,4853,4853
WBGene00001893,0,0,0
WBGene00001894,0,0,0
WBGene00001895,0,0,0
WBGene00001896,0,0,0
WBGene00001898,78,84701,84779
WBGene00001899,0,696,696
WBGene00001900,0,0,0
WBGene00001901,0,0,0
WBGene00001902,0,0,0
WBGene00001903,0,1,1
WBGene00001904,0,2,2
WBGene00001905,0,858,858
WBGene00001906,0,8293,8293
WBGene00001907,0,0,0
WBGene00001908,0,2,2
WBGene00001909,1446,31005,32451
WBGene00001910,479,17339,17818
WBGene00001911,1392,54659,56051
WBGene00001912,0,224,224
WBGene00001913,0,7,7
WBGene00001914,0,221,221
WBGene00001915,1063,40445,41508
WBGene00001916,0,87,87
WBGene00001917,0,0,0
WBGene00001918,0,0,0
WBGene00001919,0,19,19
WBGene00001920,0,0,0
WBGene00001921,0,46,46
WBGene00001922,0,1969,1969
WBGene00001923,0,0,0
WBGene00001924,0,0,0
WBGene00001925,0,0,0
WBGene00001926,0,0,0
WBGene00001927,0,0,0
WBGene00001928,0,672,672
WBGene00001929,0,48,48
WBGene00001930,0,0,0
WBGene00001931,34,135,169
WBGene00001932,0,39,39
WBGene00001933,0,7378,7378
WBGene00001934,0,13175,13175
WBGene00001935,0,3064,3064
WBGene00001936,0,5831,5831
WBGene00001937,0,1975,1975
WBGene00001938,0,10251,10251
WBGene00001939,0,73,73
WBGene00001940,0,86,86
WBGene00001941,0,1480,1480
WBGene00001942,0,3056,3056
WBGene00001943,0,26,26
WBGene00001944,0,37,37
WBGene00001945,126,8247,8373
WBGene00001946,1089,49252,50341
WBGene00001947,0,132,132
WBGene00001948,412,2118,2530
WBGene00001949,22,1635,1657
WBGene00001950,5,1096,1101
WBGene00001951,25,322,347
WBGene00001952,25,437,462
WBGene00001953,32,255,287
WBGene00001954,7,116,123
WBGene00001955,212,4810,5022
WBGene00001956,0,2,2
WBGene00001957,110,620,730
WBGene00001958,11,879,890
WBGene00001959,13,119,132
WBGene00001960,23,251,274
WBGene00001961,36,264,300
WBGene00001962,2,10,12
WBGene00001964,0,1,1
WBGene00001965,0,1,1
WBGene00001966,0,8,8
WBGene00001967,0,0,0
WBGene00001968,0,5,5
WBGene00001971,248,49345,49593
WBGene00001972,494,10996,11490
WBGene00001973,5,654,659
WBGene00001974,71,4393,4464
WBGene00001975,70,1740,1810
WBGene00001976,45,21796,21841
WBGene00001977,2,1972,1974
WBGene00001978,282,2616,2898
WBGene00001979,73,1328,1401
WBGene00001980,1861,4066,5927
WBGene00001981,0,18,18
WBGene00001983,96,1079,1175
WBGene00001984,106,458,564
WBGene00001985,3,77,80
WBGene00001986,127,990,1117
WBGene00001987,511,481,992
WBGene00001988,75,914,989
WBGene00001989,81,691,772
WBGene00001990,167,2327,2494
WBGene00001991,20,211,231
WBGene00001992,46,347,393
WBGene00001993,25,3016,3041
WBGene00001994,227,4829,5056
WBGene00001995,64,1235,1299
WBGene00001996,372,1326,1698
WBGene00001997,147,320,467
WBGene00001998,24,249,273
WBGene00001999,69,21351,21420
WBGene00002000,402,12018,12420
WBGene00002001,302,3758,4060
WBGene00002002,114,3520,3634
WBGene00002003,86,464,550
WBGene00002004,412,1197,1609
WBGene00002005,619,72982,73601
WBGene00002007,636,30079,30715
WBGene00002008,289,2985,3274
WBGene00002010,53,8948,9001
WBGene00002011,306,4127,4433
WBGene00002012,8,334,342
WBGene00002013,22,44,66
WBGene00002015,0,0,0
WBGene00002016,17,3913,3930
WBGene00002017,0,927,927
WBGene00002018,23,4018,4041
WBGene00002019,0,29728,29728
WBGene00002020,0,0,0
WBGene00002021,78,825,903
WBGene00002023,667,15237,15904
WBGene00002024,40,879,919
WBGene00002025,913,36910,37823
WBGene00002026,7,196,203
WBGene00002027,276,6718,6994
WBGene00002028,15,494,509
WBGene00002029,26,308,334
WBGene00002030,53,194,247
WBGene00002031,67,461,528
WBGene00002032,7,285,292
WBGene00002033,8,84,92
WBGene00002034,10,334,344
WBGene00002035,206,1405,1611
WBGene00002036,194,1589,1783
WBGene00002037,142,761,903
WBGene00002038,255,1370,1625
WBGene00002039,161,953,1114
WBGene00002040,248,1559,1807
WBGene00002041,28,127,155
WBGene00002042,44,391,435
WBGene00002043,95,473,568
WBGene00002044,38,1237,1275
WBGene00002045,8249,100361,108610
WBGene00002046,180,2203,2383
WBGene00002047,82,1962,2044
WBGene00002048,882,5411,6293
WBGene00002050,190,1319,1509
WBGene00002051,4,32,36
WBGene00002052,41,470,511
WBGene00002053,268,6243,6511
WBGene00002054,13,644,657
WBGene00002055,4,224,228
WBGene00002056,211,645,856
WBGene00002057,12,86,98
WBGene00002058,9,82,91
WBGene00002059,195,3736,3931
WBGene00002060,85,6078,6163
WBGene00002061,18,1833,1851
WBGene00002062,72,1210,1282
WBGene00002063,103,321,424
WBGene00002064,1502,10599,12101
WBGene00002065,1035,118604,119639
WBGene00002066,529,11617,12146
WBGene00002067,21,194,215
WBGene00002068,11,987,998
WBGene00002069,362,2772,3134
WBGene00002070,87,2940,3027
WBGene00002071,52,2998,3050
WBGene00002072,36,695,731
WBGene00002073,12,2089,2101
WBGene00002074,116,5396,5512
WBGene00002075,124,1479,1603
WBGene00002076,456,1302,1758
WBGene00002077,333,12147,12480
WBGene00002078,319,4044,4363
WBGene00002079,26,928,954
WBGene00002080,191,1650,1841
WBGene00002081,35,1090,1125
WBGene00002083,117,22463,22580
WBGene00002084,25,1123,1148
WBGene00002085,0,6,6
WBGene00002086,18,540,558
WBGene00002087,5,49,54
WBGene00002088,30,353,383
WBGene00002089,23,244,267
WBGene00002090,2,1,3
WBGene00002091,4,1,5
WBGene00002092,1,44,45
WBGene00002093,8,88,96
WBGene00002094,2,11,13
WBGene00002095,5,22,27
WBGene00002096,99,11,110
WBGene00002097,13,298,311
WBGene00002098,5,28,33
WBGene00002099,0,2,2
WBGene00002100,69,4608,4677
WBGene00002101,222,1311,1533
WBGene00002102,2,9,11
WBGene00002103,3,10,13
WBGene00002104,8,19,27
WBGene00002105,14,247,261
WBGene00002106,1,1,2
WBGene00002107,16,169,185
WBGene00002108,44,19,63
WBGene00002109,132,1251,1383
WBGene00002110,958,6046,7004
WBGene00002111,90,784,874
WBGene00002112,45,345,390
WBGene00002113,60,1594,1654
WBGene00002114,3,25,28
WBGene00002115,0,4,4
WBGene00002116,66,358,424
WBGene00002117,3,17,20
WBGene00002118,5,158,163
WBGene00002119,47,37,84
WBGene00002120,2,106,108
WBGene00002121,0,1,1
WBGene00002123,749,2343,3092
WBGene00002124,1,65,66
WBGene00002125,5,543,548
WBGene00002127,28,2987,3015
WBGene00002128,30,328,358
WBGene00002129,38,1112,1150
WBGene00002130,4,50,54
WBGene00002131,2,28,30
WBGene00002132,32,556,588
WBGene00002133,133,335,468
WBGene00002134,214,6532,6746
WBGene00002135,167,6122,6289
WBGene00002136,32,258,290
WBGene00002137,8,86,94
WBGene00002138,5,22,27
WBGene00002139,3,47,50
WBGene00002140,254,918,1172
WBGene00002141,106,85,191
WBGene00002142,19,89,108
WBGene00002143,54,131,185
WBGene00002144,17,68,85
WBGene00002146,97,905,1002
WBGene00002147,296,793,1089
WBGene00002148,111,1472,1583
WBGene00002149,43,202,245
WBGene00002150,186,255,441
WBGene00002151,176,532,708
WBGene00002152,314,6611,6925
WBGene00002153,51,1131,1182
WBGene00002162,2657,33833,36490
WBGene00002163,293,1042,1335
WBGene00002169,434,2934,3368
WBGene00002173,243,1206,1449
WBGene00002174,33,260,293
WBGene00002175,551,1329,1880
WBGene00002176,600,1152,1752
WBGene00002177,56,218,274
WBGene00002178,128,1387,1515
WBGene00002179,461,5140,5601
WBGene00002180,9,747,756
WBGene00002181,186,563,749
WBGene00002182,111,361,472
WBGene00002183,815,12001,12816
WBGene00002184,309,668,977
WBGene00002185,902,1320,2222
WBGene00002186,0,6,6
WBGene00002187,323,2161,2484
WBGene00002188,9,2,11
WBGene00002189,2722,8302,11024
WBGene00002190,776,10375,11151
WBGene00002191,1492,11571,13063
WBGene00002192,275,1432,1707
WBGene00002193,3,4,7
WBGene00002194,59,155,214
WBGene00002195,51,247,298
WBGene00002196,101,5710,5811
WBGene00002198,158,385,543
WBGene00002199,73,420,493
WBGene00002200,43,439,482
WBGene00002201,74,1635,1709
WBGene00002202,364,13253,13617
WBGene00002203,441,2502,2943
WBGene00002204,1,2,3
WBGene00002205,27,64,91
WBGene00002206,1,1,2
WBGene00002207,101,661,762
WBGene00002208,2,6,8
WBGene00002210,473,2185,2658
WBGene00002211,14,122,136
WBGene00002213,91,765,856
WBGene00002214,32,1023,1055
WBGene00002215,950,5394,6344
WBGene00002216,137,2258,2395
WBGene00002217,178,2111,2289
WBGene00002218,11,61,72
WBGene00002219,73,1183,1256
WBGene00002220,103,1016,1119
WBGene00002222,664,2851,3515
WBGene00002223,1421,3654,5075
WBGene00002224,157,140,297
WBGene00002225,0,529,529
WBGene00002226,1,1195,1196
WBGene00002227,6,15,21
WBGene00002228,54,892,946
WBGene00002229,87,1662,1749
WBGene00002230,237,547,784
WBGene00002231,39,1638,1677
WBGene00002232,190,1977,2167
WBGene00002233,56,232,288
WBGene00002234,1,21,22
WBGene00002235,37,92,129
WBGene00002238,23,11292,11315
WBGene00002239,97,656,753
WBGene00002240,331,533,864
WBGene00002241,712,2325,3037
WBGene00002242,222,355,577
WBGene00002243,149,371,520
WBGene00002244,335,6024,6359
WBGene00002245,234,986,1220
WBGene00002246,0,699,699
WBGene00002247,324,7176,7500
WBGene00002248,19,63,82
WBGene00002249,26,1798,1824
WBGene00002250,26,3357,3383
WBGene00002251,221,1088,1309
WBGene00002252,61,153,214
WBGene00002253,2120,9789,11909
WBGene00002254,12777,100045,112822
WBGene00002255,2675,19281,21956
WBGene00002256,91,3510,3601
WBGene00002257,306,3930,4236
WBGene00002258,449,9882,10331
WBGene00002259,15,458,473
WBGene00002260,8,56,64
WBGene00002261,516,3012,3528
WBGene00002262,1598,22165,23763
WBGene00002263,465,4772,5237
WBGene00002264,351,13478,13829
WBGene00002265,949,11740,12689
WBGene00002266,526,8070,8596
WBGene00002267,416,10303,10719
WBGene00002268,1619,16822,18441
WBGene00002269,460,6407,6867
WBGene00002270,0,85,85
WBGene00002271,56,2617,2673
WBGene00002272,168,3001,3169
WBGene00002273,28,4756,4784
WBGene00002274,7,224,231
WBGene00002275,18,779,797
WBGene00002276,30,791,821
WBGene00002278,435,1299,1734
WBGene00002280,3330,55411,58741
WBGene00002282,43,793,836
WBGene00002295,261,7181,7442
WBGene00002297,149,718,867
WBGene00002299,138,805,943
WBGene00002324,24,845,869
WBGene00002335,163,5676,5839
WBGene00002344,420,27073,27493
WBGene00002348,23,1733,1756
WBGene00002363,166,7066,7232
WBGene00002368,25,306,331
WBGene00002393,26,1055,1081
WBGene00002497,655,3310,3965
WBGene00002583,395,3242,3637
WBGene00002601,309,1389,1698
WBGene00002632,63,1225,1288
WBGene00002637,295,11055,11350
WBGene00002694,33,1660,1693
WBGene00002696,171,3841,4012
WBGene00002717,908,6053,6961
WBGene00002783,1055,4894,5949
WBGene00002804,27,2366,2393
WBGene00002827,104,1763,1867
WBGene00002845,209,3385,3594
WBGene00002850,373,8001,8374
WBGene00002855,118,6944,7062
WBGene00002879,393,7440,7833
WBGene00002881,496,3962,4458
WBGene00002889,307,2297,2604
WBGene00002891,48,3109,3157
WBGene00002915,220,4773,4993
WBGene00002957,161,3514,3675
WBGene00002974,234,962,1196
WBGene00002975,18,235,253
WBGene00002976,242,1022,1264
WBGene00002977,287,1349,1636
WBGene00002978,1960,170094,172054
WBGene00002979,295,1050,1345
WBGene00002980,233,37480,37713
WBGene00002981,221,9381,9602
WBGene00002982,83,854,937
WBGene00002983,73,225,298
WBGene00002985,91,1723,1814
WBGene00002986,97,1031,1128
WBGene00002987,47,145,192
WBGene00002988,73,672,745
WBGene00002989,349,1194,1543
WBGene00002990,597,1529,2126
WBGene00002991,337,1503,1840
WBGene00002992,76,273,349
WBGene00002994,39,3177,3216
WBGene00002996,104,703,807
WBGene00002997,70,600,670
WBGene00002998,99,1449,1548
WBGene00002999,591,3147,3738
WBGene00003000,75,495,570
WBGene00003001,88,541,629
WBGene00003002,589,5092,5681
WBGene00003003,1172,1389,2561
WBGene00003006,298,540,838
WBGene00003007,151,921,1072
WBGene00003008,45,85,130
WBGene00003009,134,1829,1963
WBGene00003010,443,2850,3293
WBGene00003011,202,1973,2175
WBGene00003012,150,1716,1866
WBGene00003014,383,4673,5056
WBGene00003015,94,96,190
WBGene00003017,23,255,278
WBGene00003018,68,1234,1302
WBGene00003019,258,3602,3860
WBGene00003020,273,1570,1843
WBGene00003021,189,2202,2391
WBGene00003022,111,694,805
WBGene00003024,299,3084,3383
WBGene00003025,409,6528,6937
WBGene00003026,112,2425,2537
WBGene00003029,19,404,423
WBGene00003030,281,1350,1631
WBGene00003031,33,381,414
WBGene00003033,9,67,76
WBGene00003034,176,1642,1818
WBGene00003035,95,880,975
WBGene00003036,8,6195,6203
WBGene00003037,36,927,963
WBGene00003038,18,577,595
WBGene00003040,341,4147,4488
WBGene00003041,161,1656,1817
WBGene00003043,103,1466,1569
WBGene00003044,284,2124,2408
WBGene00003045,230,1223,1453
WBGene00003046,42,265,307
WBGene00003047,233,2322,2555
WBGene00003048,2428,4183,6611
WBGene00003052,139,12712,12851
WBGene00003053,23,4321,4344
WBGene00003055,85,3221,3306
WBGene00003056,131,640,771
WBGene00003057,105,1491,1596
WBGene00003058,2,3,5
WBGene00003059,143,1180,1323
WBGene00003060,923,3155,4078
WBGene00003061,680,14042,14722
WBGene00003062,55,4968,5023
WBGene00003063,128,10526,10654
WBGene00003064,11,1253,1264
WBGene00003065,258,9046,9304
WBGene00003066,133,2993,3126
WBGene00003068,176,1484,1660
WBGene00003071,327,5369,5696
WBGene00003072,365,4777,5142
WBGene00003073,204,7717,7921
WBGene00003074,105,1565,1670
WBGene00003075,13,32,45
WBGene00003076,205,2511,2716
WBGene00003077,54,1728,1782
WBGene00003078,73,4102,4175
WBGene00003079,0,6449,6449
WBGene00003080,193,3305,3498
WBGene00003081,502,3786,4288
WBGene00003082,145,1971,2116
WBGene00003083,29,707,736
WBGene00003084,112,1413,1525
WBGene00003085,336,8916,9252
WBGene00003086,518,1524,2042
WBGene00003087,61,1990,2051
WBGene00003089,114,1598,1712
WBGene00003090,1,787,788
WBGene00003091,2,420,422
WBGene00003092,1,89,90
WBGene00003093,8,219,227
WBGene00003094,0,10,10
WBGene00003095,1,11,12
WBGene00003096,0,116,116
WBGene00003097,12,1668,1680
WBGene00003098,1,5,6
WBGene00003099,0,10,10
WBGene00003100,21,31,52
WBGene00003102,200,1089,1289
WBGene00003104,26,139,165
WBGene00003106,30,250,280
WBGene00003107,36,69,105
WBGene00003111,172,2402,2574
WBGene00003112,120,1100,1220
WBGene00003114,154,279,433
WBGene00003119,567,1719,2286
WBGene00003123,60,10625,10685
WBGene00003124,287,2145,2432
WBGene00003129,256,1413,1669
WBGene00003130,610,3423,4033
WBGene00003132,73,1701,1774
WBGene00003133,189,1525,1714
WBGene00003134,84,845,929
WBGene00003136,96,727,823
WBGene00003142,145,1168,1313
WBGene00003143,332,2840,3172
WBGene00003144,518,2502,3020
WBGene00003148,65,9553,9618
WBGene00003149,299,1866,2165
WBGene00003150,912,6443,7355
WBGene00003151,106,912,1018
WBGene00003153,3939,14665,18604
WBGene00003154,69,1855,1924
WBGene00003155,37,1896,1933
WBGene00003156,26,2590,2616
WBGene00003157,34,2662,2696
WBGene00003158,42,2068,2110
WBGene00003159,11,2305,2316
WBGene00003160,147,2381,2528
WBGene00003161,258,1658,1916
WBGene00003162,110,24929,25039
WBGene00003163,141,6691,6832
WBGene00003164,28,446,474
WBGene00003165,54,491,545
WBGene00003166,612,835,1447
WBGene00003167,64,461,525
WBGene00003168,77,185,262
WBGene00003169,661,6632,7293
WBGene00003170,145,582,727
WBGene00003171,352,6376,6728
WBGene00003172,281,2297,2578
WBGene00003173,63,287,350
WBGene00003174,22,88,110
WBGene00003175,253,5740,5993
WBGene00003176,5,35,40
WBGene00003177,92,721,813
WBGene00003178,58,3166,3224
WBGene00003179,48,452,500
WBGene00003180,11,9,20
WBGene00003181,0,40,40
WBGene00003182,547,2891,3438
WBGene00003183,8,907,915
WBGene00003184,3,197,200
WBGene00003185,3,1762,1765
WBGene00003186,159,1995,2154
WBGene00003196,320,1669,1989
WBGene00003209,346,1671,2017
WBGene00003210,227,2724,2951
WBGene00003214,164,2842,3006
WBGene00003216,1,203,204
WBGene00003218,118,4363,4481
WBGene00003219,6,22,28
WBGene00003220,95,700,795
WBGene00003221,258,1157,1415
WBGene00003222,93,1229,1322
WBGene00003224,36,192,228
WBGene00003225,813,14690,15503
WBGene00003228,15,83,98
WBGene00003229,170,2380,2550
WBGene00003230,4,138,142
WBGene00003231,1,38,39
WBGene00003232,42,187,229
WBGene00003233,107,318,425
WBGene00003234,385,2695,3080
WBGene00003235,640,3965,4605
WBGene00003236,2,407,409
WBGene00003237,211,1121,1332
WBGene00003238,225,1756,1981
WBGene00003239,77,3146,3223
WBGene00003241,134,1409,1543
WBGene00003242,3086,27685,30771
WBGene00003243,621,3160,3781
WBGene00003245,8,493,501
WBGene00003246,269,601,870
WBGene00003247,484,5218,5702
WBGene00003248,165,735,900
WBGene00003249,315,5094,5409
WBGene00003252,22,102,124
WBGene00003253,46,1927,1973
WBGene00003254,32,690,722
WBGene00003258,784,425,1209
WBGene00003367,822,8500,9322
WBGene00003368,68,969,1037
WBGene00003369,495,55026,55521
WBGene00003370,27894,161831,189725
WBGene00003371,568,297626,298194
WBGene00003372,595,7005,7600
WBGene00003373,43,310,353
WBGene00003374,315,737,1052
WBGene00003375,833,12583,13416
WBGene00003376,50,241,291
WBGene00003377,16,414,430
WBGene00003378,561,2779,3340
WBGene00003380,42,419,461
WBGene00003384,24,392,416
WBGene00003385,153,1090,1243
WBGene00003386,75,728,803
WBGene00003387,174,99,273
WBGene00003388,21,276,297
WBGene00003389,78,2650,2728
WBGene00003390,32,1746,1778
WBGene00003391,824,4664,5488
WBGene00003392,143,2145,2288
WBGene00003393,229,3538,3767
WBGene00003394,18,84,102
WBGene00003395,2,124,126
WBGene00003396,190,852,1042
WBGene00003397,100,912,1012
WBGene00003400,262,896,1158
WBGene00003401,362,2657,3019
WBGene00003402,48,320,368
WBGene00003403,26,166,192
WBGene00003404,1317,4670,5987
WBGene00003405,37,1076,1113
WBGene00003406,71,3591,3662
WBGene00003407,653,3634,4287
WBGene00003408,221,1046,1267
WBGene00003409,26,230,256
WBGene00003410,1,44,45
WBGene00003411,94,716,810
WBGene00003412,124,756,880
WBGene00003413,623,431,1054
WBGene00003414,218,153,371
WBGene00003415,202,10290,10492
WBGene00003417,61,559,620
WBGene00003418,49,717,766
WBGene00003421,89,403,492
WBGene00003422,116,1630,1746
WBGene00003423,1124,1678,2802
WBGene00003424,0,0,0
WBGene00003425,0,2,2
WBGene00003426,0,0,0
WBGene00003429,0,0,0
WBGene00003430,0,1,1
WBGene00003431,0,11,11
WBGene00003432,0,1,1
WBGene00003434,0,2,2
WBGene00003435,0,28,28
WBGene00003438,0,0,0
WBGene00003442,0,27,27
WBGene00003443,0,124,124
WBGene00003444,0,8,8
WBGene00003446,0,0,0
WBGene00003448,0,8,8
WBGene00003449,0,0,0
WBGene00003450,0,11,11
WBGene00003451,0,2,2
WBGene00003452,0,2,2
WBGene00003456,0,2,2
WBGene00003457,0,1,1
WBGene00003458,0,4,4
WBGene00003462,0,2,2
WBGene00003463,0,10,10
WBGene00003464,0,0,0
WBGene00003465,0,0,0
WBGene00003466,0,1,1
WBGene00003467,0,0,0
WBGene00003468,0,0,0
WBGene00003469,0,1,1
WBGene00003470,0,0,0
WBGene00003471,37,373,410
WBGene00003472,248,1789,2037
WBGene00003473,1,115,116
WBGene00003474,6,161,167
WBGene00003475,251,1044,1295
WBGene00003476,1297,4368,5665
WBGene00003477,65,638,703
WBGene00003478,383,938,1321
WBGene00003479,212,1004,1216
WBGene00003480,18,267,285
WBGene00003482,430,4059,4489
WBGene00003485,493,4138,4631
WBGene00003495,912,97538,98450
WBGene00003497,157,2595,2752
WBGene00003499,19,159,178
WBGene00003504,12,677,689
WBGene00003507,3,238,241
WBGene00003508,97,986,1083
WBGene00003509,47,588,635
WBGene00003510,183,1543,1726
WBGene00003511,47,6196,6243
WBGene00003514,54,2469,2523
WBGene00003515,249,13651,13900
WBGene00003516,170,2178,2348
WBGene00003517,50,645,695
WBGene00003518,21,62,83
WBGene00003519,219,4463,4682
WBGene00003520,25,81,106
WBGene00003521,0,0,0
WBGene00003522,60,1007,1067
WBGene00003523,84,454,538
WBGene00003524,11,121,132
WBGene00003525,34,137,171
WBGene00003526,25,144,169
WBGene00003527,27,285,312
WBGene00003528,17,190,207
WBGene00003529,17,10,27
WBGene00003530,69,578,647
WBGene00003531,13,38,51
WBGene00003532,10,65,75
WBGene00003533,13,50,63
WBGene00003534,3,97,100
WBGene00003535,0,2,2
WBGene00003536,0,1,1
WBGene00003537,1,4,5
WBGene00003538,0,1,1
WBGene00003539,1,9,10
WBGene00003540,0,10,10
WBGene00003541,9,1,10
WBGene00003542,5,40,45
WBGene00003543,9,2,11
WBGene00003544,26,141,167
WBGene00003545,13,0,13
WBGene00003546,6,108,114
WBGene00003547,5,58,63
WBGene00003548,15,67,82
WBGene00003549,70,1251,1321
WBGene00003550,431,1782,2213
WBGene00003551,15,75,90
WBGene00003552,264,446,710
WBGene00003553,101,588,689
WBGene00003554,30,76,106
WBGene00003555,228,398,626
WBGene00003558,185,470,655
WBGene00003559,1481,6258,7739
WBGene00003561,281,493,774
WBGene00003562,24,205,229
WBGene00003563,51,230,281
WBGene00003564,64,6303,6367
WBGene00003565,313,2231,2544
WBGene00003566,491,3841,4332
WBGene00003567,538,7468,8006
WBGene00003568,136,1895,2031
WBGene00003569,76,1138,1214
WBGene00003570,6,48,54
WBGene00003571,16,10,26
WBGene00003572,7,43,50
WBGene00003573,5,118,123
WBGene00003574,3,9,12
WBGene00003575,11,62,73
WBGene00003576,233,1917,2150
WBGene00003577,41,173,214
WBGene00003578,353,2406,2759
WBGene00003579,10,400,410
WBGene00003580,40,452,492
WBGene00003581,118,1415,1533
WBGene00003582,380,1347,1727
WBGene00003583,43,706,749
WBGene00003584,115,836,951
WBGene00003585,39,106,145
WBGene00003586,34,481,515
WBGene00003587,206,7795,8001
WBGene00003588,6,6149,6155
WBGene00003589,129,1541,1670
WBGene00003590,85,427,512
WBGene00003591,126,1264,1390
WBGene00003592,291,2316,2607
WBGene00003593,192,1291,1483
WBGene00003594,181,986,1167
WBGene00003595,0,13,13
WBGene00003596,568,7810,8378
WBGene00003597,508,1858,2366
WBGene00003598,87,1743,1830
WBGene00003599,257,1376,1633
WBGene00003600,1501,4472,5973
WBGene00003601,7,92,99
WBGene00003602,50,1091,1141
WBGene00003603,103,1148,1251
WBGene00003604,46,262,308
WBGene00003605,138,1364,1502
WBGene00003606,282,1116,1398
WBGene00003607,8,63,71
WBGene00003608,2,26,28
WBGene00003609,235,1686,1921
WBGene00003610,58,344,402
WBGene00003611,108,727,835
WBGene00003612,92,298,390
WBGene00003613,22,648,670
WBGene00003614,50,495,545
WBGene00003615,3,56,59
WBGene00003616,238,742,980
WBGene00003617,11,166,177
WBGene00003618,639,3559,4198
WBGene00003619,200,1957,2157
WBGene00003620,659,1365,2024
WBGene00003621,84,402,486
WBGene00003622,196,1232,1428
WBGene00003623,66,795,861
WBGene00003624,81,782,863
WBGene00003625,216,1994,2210
WBGene00003626,241,1051,1292
WBGene00003627,739,1709,2448
WBGene00003628,256,928,1184
WBGene00003629,2,4,6
WBGene00003630,1382,3156,4538
WBGene00003632,104,995,1099
WBGene00003633,52,621,673
WBGene00003634,102,556,658
WBGene00003635,36,727,763
WBGene00003636,527,1740,2267
WBGene00003637,280,1730,2010
WBGene00003638,129,1121,1250
WBGene00003639,214,3043,3257
WBGene00003640,225,908,1133
WBGene00003641,0,20,20
WBGene00003642,5,24,29
WBGene00003643,15,39,54
WBGene00003644,16,162,178
WBGene00003645,34,169,203
WBGene00003646,65,713,778
WBGene00003647,91,380,471
WBGene00003648,17,566,583
WBGene00003649,28,309,337
WBGene00003650,20,93,113
WBGene00003651,273,787,1060
WBGene00003652,96,387,483
WBGene00003653,41,722,763
WBGene00003654,248,406,654
WBGene00003655,56,347,403
WBGene00003656,232,1465,1697
WBGene00003657,21,441,462
WBGene00003658,192,2347,2539
WBGene00003659,33,366,399
WBGene00003660,94,886,980
WBGene00003661,106,886,992
WBGene00003662,1,8,9
WBGene00003663,0,217,217
WBGene00003664,264,829,1093
WBGene00003667,2,7,9
WBGene00003668,326,824,1150
WBGene00003669,14,58,72
WBGene00003670,21,176,197
WBGene00003671,2,2,4
WBGene00003672,2,6,8
WBGene00003674,52,900,952
WBGene00003675,310,916,1226
WBGene00003676,257,799,1056
WBGene00003677,178,814,992
WBGene00003678,375,2152,2527
WBGene00003679,0,2,2
WBGene00003680,19,181,200
WBGene00003681,223,1610,1833
WBGene00003682,10,13,23
WBGene00003683,10,66,76
WBGene00003684,27,245,272
WBGene00003685,122,832,954
WBGene00003686,6,103,109
WBGene00003687,324,5960,6284
WBGene00003688,86,481,567
WBGene00003689,8,28,36
WBGene00003690,188,1636,1824
WBGene00003691,475,2003,2478
WBGene00003692,41,220,261
WBGene00003693,16,142,158
WBGene00003694,167,529,696
WBGene00003695,695,3611,4306
WBGene00003696,5,6,11
WBGene00003697,49,303,352
WBGene00003698,9,31,40
WBGene00003699,17,213,230
WBGene00003700,4,52,56
WBGene00003701,8,13,21
WBGene00003702,31,460,491
WBGene00003703,64,566,630
WBGene00003704,365,1700,2065
WBGene00003705,38,109,147
WBGene00003706,23,130,153
WBGene00003707,53,417,470
WBGene00003708,2,0,2
WBGene00003709,62,158,220
WBGene00003710,91,427,518
WBGene00003711,6,7,13
WBGene00003712,51,311,362
WBGene00003713,17,122,139
WBGene00003714,14,37,51
WBGene00003715,219,281,500
WBGene00003716,2,57,59
WBGene00003717,7,113,120
WBGene00003718,42,96,138
WBGene00003719,26,321,347
WBGene00003720,34,117,151
WBGene00003721,33,320,353
WBGene00003722,50,415,465
WBGene00003723,20,558,578
WBGene00003724,20,425,445
WBGene00003725,74,401,475
WBGene00003726,89,1109,1198
WBGene00003727,288,453,741
WBGene00003728,501,2150,2651
WBGene00003729,24,133,157
WBGene00003730,4,65,69
WBGene00003731,53,159,212
WBGene00003732,50,451,501
WBGene00003733,48,444,492
WBGene00003734,3,0,3
WBGene00003735,201,438,639
WBGene00003736,53,189,242
WBGene00003738,53,1094,1147
WBGene00003739,101,1116,1217
WBGene00003740,8,431,439
WBGene00003741,11,3264,3275
WBGene00003742,0,79,79
WBGene00003743,152,695,847
WBGene00003744,232,4979,5211
WBGene00003745,108,2234,2342
WBGene00003746,20,2380,2400
WBGene00003747,31,1223,1254
WBGene00003748,253,4761,5014
WBGene00003749,316,5540,5856
WBGene00003750,289,2506,2795
WBGene00003751,28,3904,3932
WBGene00003752,29,2694,2723
WBGene00003753,1023,5422,6445
WBGene00003754,62,1977,2039
WBGene00003755,112,4645,4757
WBGene00003756,667,19091,19758
WBGene00003757,46,1026,1072
WBGene00003758,282,3860,4142
WBGene00003759,855,5256,6111
WBGene00003760,7,5,12
WBGene00003761,0,145,145
WBGene00003762,719,7019,7738
WBGene00003763,46,212,258
WBGene00003764,101,1282,1383
WBGene00003765,262,3885,4147
WBGene00003766,55,682,737
WBGene00003767,345,6982,7327
WBGene00003768,104,1359,1463
WBGene00003769,310,4837,5147
WBGene00003770,2,44,46
WBGene00003771,3737,19114,22851
WBGene00003772,120,515,635
WBGene00003773,121,941,1062
WBGene00003774,8,60,68
WBGene00003775,57,116,173
WBGene00003776,555,6573,7128
WBGene00003777,220,6370,6590
WBGene00003778,19,56,75
WBGene00003779,19,346,365
WBGene00003783,3,116,119
WBGene00003784,0,29,29
WBGene00003785,88,1855,1943
WBGene00003786,203,1484,1687
WBGene00003787,68,1412,1480
WBGene00003788,280,2191,2471
WBGene00003789,188,2333,2521
WBGene00003790,55,1232,1287
WBGene00003791,21,1382,1403
WBGene00003792,163,2256,2419
WBGene00003793,72,2317,2389
WBGene00003794,579,2012,2591
WBGene00003795,37,3644,3681
WBGene00003796,112,3151,3263
WBGene00003797,132,1835,1967
WBGene00003798,108,3066,3174
WBGene00003799,549,2426,2975
WBGene00003800,32,2392,2424
WBGene00003801,45,1501,1546
WBGene00003802,21,3680,3701
WBGene00003803,64,2253,2317
WBGene00003804,89,1807,1896
WBGene00003805,44,1521,1565
WBGene00003806,321,3161,3482
WBGene00003807,67,301,368
WBGene00003808,169,850,1019
WBGene00003812,71,2329,2400
WBGene00003813,57,249,306
WBGene00003815,309,5515,5824
WBGene00003816,2,182,184
WBGene00003818,245,2990,3235
WBGene00003821,601,7528,8129
WBGene00003822,100,1851,1951
WBGene00003825,246,6942,7188
WBGene00003826,851,2473,3324
WBGene00003827,357,2488,2845
WBGene00003828,40,283,323
WBGene00003829,15,2873,2888
WBGene00003830,121,1354,1475
WBGene00003831,1940,16038,17978
WBGene00003834,159,1253,1412
WBGene00003835,10,381,391
WBGene00003836,581,4206,4787
WBGene00003837,580,2193,2773
WBGene00003838,30,88,118
WBGene00003839,33,118,151
WBGene00003840,19,70,89
WBGene00003841,5,13,18
WBGene00003842,51,240,291
WBGene00003843,50,655,705
WBGene00003844,4,1046,1050
WBGene00003845,0,3,3
WBGene00003846,0,107,107
WBGene00003847,175,1427,1602
WBGene00003848,32,65,97
WBGene00003849,324,874,1198
WBGene00003850,21,473,494
WBGene00003851,121,1802,1923
WBGene00003854,2,17,19
WBGene00003856,39,202,241
WBGene00003858,760,5186,5946
WBGene00003859,99,835,934
WBGene00003860,434,3954,4388
WBGene00003861,34,540,574
WBGene00003862,40,253,293
WBGene00003863,5,1,6
WBGene00003864,1,67,68
WBGene00003865,2,95,97
WBGene00003868,142,1376,1518
WBGene00003870,19,1100,1119
WBGene00003876,29,290,319
WBGene00003877,20,208,228
WBGene00003878,38,514,552
WBGene00003879,15,364,379
WBGene00003882,73,633,706
WBGene00003883,94,377,471
WBGene00003884,47,189,236
WBGene00003885,149,433,582
WBGene00003886,75,275,350
WBGene00003887,104,663,767
WBGene00003888,2,35,37
WBGene00003889,7,58,65
WBGene00003890,38,247,285
WBGene00003891,21,3211,3232
WBGene00003892,105,161,266
WBGene00003893,19430,206353,225783
WBGene00003898,119,787,906
WBGene00003901,148,7953,8101
WBGene00003902,1697,108368,110065
WBGene00003903,183,11457,11640
WBGene00003904,66,5696,5762
WBGene00003905,595,1589,2184
WBGene00003906,7,11,18
WBGene00003907,300,1268,1568
WBGene00003909,46,554,600
WBGene00003911,123,1652,1775
WBGene00003912,12,204,216
WBGene00003914,335,3380,3715
WBGene00003915,730,8294,9024
WBGene00003916,1893,4537,6430
WBGene00003917,164,804,968
WBGene00003918,172,1233,1405
WBGene00003919,150,423,573
WBGene00003920,465,47809,48274
WBGene00003921,79,737,816
WBGene00003922,28,3669,3697
WBGene00003923,44,8955,8999
WBGene00003924,25,10618,10643
WBGene00003925,464,7585,8049
WBGene00003926,369,11081,11450
WBGene00003927,66,8102,8168
WBGene00003928,65,5191,5256
WBGene00003929,363,7608,7971
WBGene00003930,176,6519,6695
WBGene00003931,206,5421,5627
WBGene00003932,541,6090,6631
WBGene00003933,207,2001,2208
WBGene00003934,28562,433119,461681
WBGene00003936,512,4004,4516
WBGene00003937,1,7,8
WBGene00003938,16,23,39
WBGene00003939,30,287,317
WBGene00003941,125,623,748
WBGene00003943,14,74,88
WBGene00003947,79,7054,7133
WBGene00003948,10,7658,7668
WBGene00003949,88,6960,7048
WBGene00003950,338,8981,9319
WBGene00003951,238,4806,5044
WBGene00003952,520,5594,6114
WBGene00003953,50,9758,9808
WBGene00003954,373,2138,2511
WBGene00003955,9,6532,6541
WBGene00003956,8,258,266
WBGene00003957,2,95,97
WBGene00003958,14,239,253
WBGene00003959,8,126,134
WBGene00003960,142,1249,1391
WBGene00003961,549,3819,4368
WBGene00003962,477,12839,13316
WBGene00003963,225,44089,44314
WBGene00003964,3537,33058,36595
WBGene00003965,61,547,608
WBGene00003966,838,3170,4008
WBGene00003967,222,1538,1760
WBGene00003968,26,712,738
WBGene00003969,363,771,1134
WBGene00003970,105,989,1094
WBGene00003975,188,1265,1453
WBGene00003976,4,155,159
WBGene00003977,0,0,0
WBGene00003978,219,977,1196
WBGene00003979,9,369,378
WBGene00003980,105,599,704
WBGene00003981,13,1,14
WBGene00003982,7,2110,2117
WBGene00003983,1,1,2
WBGene00003986,70,781,851
WBGene00003987,1,3,4
WBGene00003989,49,9838,9887
WBGene00003990,102,3683,3785
WBGene00003991,722,7324,8046
WBGene00003992,20,2028,2048
WBGene00003993,57,389,446
WBGene00003994,5,370,375
WBGene00003995,25,123,148
WBGene00003996,170,557,727
WBGene00003997,16,146,162
WBGene00003998,64,179,243
WBGene00003999,8,26,34
WBGene00004000,19,89,108
WBGene00004001,3,1,4
WBGene00004002,4,24,28
WBGene00004003,58,167,225
WBGene00004004,196,1080,1276
WBGene00004005,25,50,75
WBGene00004006,12,79,91
WBGene00004007,2,4,6
WBGene00004008,0,172,172
WBGene00004010,104,700,804
WBGene00004011,11,72,83
WBGene00004013,360,884,1244
WBGene00004014,71,24876,24947
WBGene00004015,88,22796,22884
WBGene00004016,153,658,811
WBGene00004017,6,251,257
WBGene00004020,26,199,225
WBGene00004023,108,706,814
WBGene00004024,26,243,269
WBGene00004025,222,2282,2504
WBGene00004026,33,20,53
WBGene00004027,6,150,156
WBGene00004028,227,387,614
WBGene00004029,204,411,615
WBGene00004030,47,214,261
WBGene00004031,62,1010,1072
WBGene00004032,723,4349,5072
WBGene00004033,495,1394,1889
WBGene00004034,223,947,1170
WBGene00004035,143,1309,1452
WBGene00004036,213,880,1093
WBGene00004037,43,251,294
WBGene00004038,36,553,589
WBGene00004039,265,3375,3640
WBGene00004040,232,2595,2827
WBGene00004042,16,1982,1998
WBGene00004043,8,260,268
WBGene00004044,10,306,316
WBGene00004045,315,773,1088
WBGene00004046,321,16317,16638
WBGene00004047,595,1128,1723
WBGene00004048,53,535,588
WBGene00004049,302,854,1156
WBGene00004050,13,978,991
WBGene00004051,148,1419,1567
WBGene00004052,2,4,6
WBGene00004053,142,2516,2658
WBGene00004055,117,1068,1185
WBGene00004056,118,992,1110
WBGene00004057,90,899,989
WBGene00004058,10,68,78
WBGene00004059,97,485,582
WBGene00004060,326,1536,1862
WBGene00004061,2,78,80
WBGene00004062,14,277,291
WBGene00004063,110,1321,1431
WBGene00004064,1203,1084,2287
WBGene00004068,66,807,873
WBGene00004075,94,1272,1366
WBGene00004076,518,3436,3954
WBGene00004077,573,2385,2958
WBGene00004078,0,62,62
WBGene00004083,37,1447,1484
WBGene00004084,6,2,8
WBGene00004085,126,2464,2590
WBGene00004086,79,368,447
WBGene00004087,394,2222,2616
WBGene00004088,336,2549,2885
WBGene00004089,30,542,572
WBGene00004090,237,1261,1498
WBGene00004091,155,2160,2315
WBGene00004092,50,872,922
WBGene00004093,9,648,657
WBGene00004094,51,1647,1698
WBGene00004095,297,4354,4651
WBGene00004096,11,330,341
WBGene00004097,3,1,4
WBGene00004098,2,5,7
WBGene00004099,0,73,73
WBGene00004100,112,631,743
WBGene00004101,299,1985,2284
WBGene00004102,85,35,120
WBGene00004103,5,1,6
WBGene00004104,13,132,145
WBGene00004105,132,1467,1599
WBGene00004106,327,358,685
WBGene00004107,0,5,5
WBGene00004108,405,1567,1972
WBGene00004109,331,1675,2006
WBGene00004110,295,1247,1542
WBGene00004111,186,1567,1753
WBGene00004112,475,9460,9935
WBGene00004113,515,11599,12114
WBGene00004114,10,488,498
WBGene00004115,23,80,103
WBGene00004116,343,1779,2122
WBGene00004117,0,1530,1530
WBGene00004118,36,157,193
WBGene00004119,36,347,383
WBGene00004120,2,328,330
WBGene00004121,274,1549,1823
WBGene00004122,222,2010,2232
WBGene00004123,23,187,210
WBGene00004124,64,631,695
WBGene00004125,125,875,1000
WBGene00004126,242,1603,1845
WBGene00004127,21,180,201
WBGene00004128,1747,6457,8204
WBGene00004129,40,859,899
WBGene00004130,700,16841,17541
WBGene00004131,3922,15641,19563
WBGene00004132,343,3516,3859
WBGene00004133,39,463,502
WBGene00004134,1207,7190,8397
WBGene00004135,1409,13205,14614
WBGene00004136,251,5594,5845
WBGene00004138,454,4319,4773
WBGene00004139,3,26,29
WBGene00004140,87,2242,2329
WBGene00004141,3,0,3
WBGene00004143,422,15918,16340
WBGene00004144,51,2146,2197
WBGene00004145,266,2727,2993
WBGene00004146,1,150,151
WBGene00004147,508,2503,3011
WBGene00004148,330,2157,2487
WBGene00004149,15,4,19
WBGene00004150,10,93,103
WBGene00004151,338,1494,1832
WBGene00004152,312,6236,6548
WBGene00004153,1,95,96
WBGene00004154,62,48,110
WBGene00004155,4,40,44
WBGene00004156,24,336,360
WBGene00004157,65,3232,3297
WBGene00004158,0,0,0
WBGene00004159,0,0,0
WBGene00004160,0,0,0
WBGene00004161,664,2171,2835
WBGene00004163,23,44,67
WBGene00004164,328,2886,3214
WBGene00004165,17,6,23
WBGene00004166,326,2632,2958
WBGene00004167,1506,8047,9553
WBGene00004168,25,1046,1071
WBGene00004169,83,381,464
WBGene00004170,0,0,0
WBGene00004171,0,2,2
WBGene00004172,78,781,859
WBGene00004173,105,1308,1413
WBGene00004174,7,847,854
WBGene00004175,12,531,543
WBGene00004176,1,7,8
WBGene00004177,1,12,13
WBGene00004178,59,2173,2232
WBGene00004179,28,1441,1469
WBGene00004180,93,1031,1124
WBGene00004181,154,1072,1226
WBGene00004182,438,1950,2388
WBGene00004183,36,113,149
WBGene00004184,111,3205,3316
WBGene00004185,84,4956,5040
WBGene00004186,274,2924,3198
WBGene00004187,313,10191,10504
WBGene00004188,133,1992,2125
WBGene00004189,1356,8616,9972
WBGene00004190,89,1146,1235
WBGene00004191,69,94,163
WBGene00004192,788,1159,1947
WBGene00004193,27,124,151
WBGene00004194,29,270,299
WBGene00004195,18,114,132
WBGene00004196,0,325,325
WBGene00004197,15,191,206
WBGene00004198,25,240,265
WBGene00004199,5,405,410
WBGene00004201,54,4897,4951
WBGene00004202,233,1708,1941
WBGene00004203,363,2921,3284
WBGene00004204,723,10964,11687
WBGene00004205,27,565,592
WBGene00004206,169,810,979
WBGene00004207,307,1699,2006
WBGene00004208,436,6568,7004
WBGene00004209,0,1,1
WBGene00004210,158,1346,1504
WBGene00004211,9,24,33
WBGene00004212,372,2228,2600
WBGene00004213,557,1767,2324
WBGene00004214,89,1717,1806
WBGene00004215,1281,2528,3809
WBGene00004216,59,351,410
WBGene00004217,32,239,271
WBGene00004218,14,94,108
WBGene00004219,117,1244,1361
WBGene00004220,104,719,823
WBGene00004221,22,253,275
WBGene00004222,53,1051,1104
WBGene00004223,15,73,88
WBGene00004224,87,516,603
WBGene00004225,79,223,302
WBGene00004226,144,1636,1780
WBGene00004227,48,314,362
WBGene00004228,129,890,1019
WBGene00004229,30,220,250
WBGene00004230,76,113,189
WBGene00004231,67,145,212
WBGene00004232,91,286,377
WBGene00004233,24,26,50
WBGene00004234,13,76,89
WBGene00004235,46,473,519
WBGene00004236,57,8,65
WBGene00004237,60,833,893
WBGene00004238,295,1187,1482
WBGene00004239,1,78,79
WBGene00004241,0,45,45
WBGene00004242,14,62,76
WBGene00004243,9,86,95
WBGene00004244,52,600,652
WBGene00004245,261,3664,3925
WBGene00004248,19,2054,2073
WBGene00004249,454,3916,4370
WBGene00004254,359,1577,1936
WBGene00004255,28,136,164
WBGene00004256,301,891,1192
WBGene00004257,92,456,548
WBGene00004258,478,12795,13273
WBGene00004259,34,1426,1460
WBGene00004264,30,1049,1079
WBGene00004265,272,484,756
WBGene00004266,160,13319,13479
WBGene00004267,174,4000,4174
WBGene00004268,230,6505,6735
WBGene00004269,75,1523,1598
WBGene00004270,70,3790,3860
WBGene00004271,201,2546,2747
WBGene00004272,45,3839,3884
WBGene00004273,80,5599,5679
WBGene00004274,120,16031,16151
WBGene00004275,103,86,189
WBGene00004276,129,2711,2840
WBGene00004277,204,2053,2257
WBGene00004278,418,4232,4650
WBGene00004279,29,387,416
WBGene00004281,48,379,427
WBGene00004282,127,939,1066
WBGene00004283,52,331,383
WBGene00004284,64,1234,1298
WBGene00004285,115,450,565
WBGene00004286,41,1489,1530
WBGene00004287,4,13,17
WBGene00004296,211,2847,3058
WBGene00004297,94,808,902
WBGene00004298,76,184,260
WBGene00004300,3,13345,13348
WBGene00004301,29,73,102
WBGene00004302,1145,36839,37984
WBGene00004303,73,1748,1821
WBGene00004304,233,3274,3507
WBGene00004305,117,7487,7604
WBGene00004306,227,2046,2273
WBGene00004307,128,3643,3771
WBGene00004308,75,1844,1919
WBGene00004309,19,55,74
WBGene00004310,394,3513,3907
WBGene00004311,409,2115,2524
WBGene00004312,218,1294,1512
WBGene00004313,177,2366,2543
WBGene00004314,737,1089,1826
WBGene00004315,128,4980,5108
WBGene00004316,957,1267,2224
WBGene00004317,127,1013,1140
WBGene00004318,278,1723,2001
WBGene00004319,158,3482,3640
WBGene00004320,330,5339,5669
WBGene00004321,23,2956,2979
WBGene00004322,169,1472,1641
WBGene00004323,280,1963,2243
WBGene00004324,73,573,646
WBGene00004326,66,3340,3406
WBGene00004328,24,142,166
WBGene00004332,22,307,329
WBGene00004333,63,455,518
WBGene00004334,3,156,159
WBGene00004335,96,968,1064
WBGene00004336,1131,16245,17376
WBGene00004337,394,3135,3529
WBGene00004338,173,923,1096
WBGene00004339,83,722,805
WBGene00004340,234,2169,2403
WBGene00004341,94,913,1007
WBGene00004342,4,47,51
WBGene00004343,216,1785,2001
WBGene00004344,64,1035,1099
WBGene00004345,600,948,1548
WBGene00004346,57,389,446
WBGene00004347,728,173,901
WBGene00004348,53,967,1020
WBGene00004349,296,1119,1415
WBGene00004350,190,994,1184
WBGene00004351,0,0,0
WBGene00004352,1,2,3
WBGene00004353,3,22,25
WBGene00004354,3,39,42
WBGene00004355,69,1802,1871
WBGene00004356,24,1442,1466
WBGene00004357,1422,12041,13463
WBGene00004358,314,2773,3087
WBGene00004359,45,216,261
WBGene00004360,78,602,680
WBGene00004361,32,377,409
WBGene00004363,96,3888,3984
WBGene00004364,402,7636,8038
WBGene00004367,304,1381,1685
WBGene00004368,187,957,1144
WBGene00004369,180,1063,1243
WBGene00004370,46,737,783
WBGene00004371,173,1939,2112
WBGene00004372,54,105,159
WBGene00004373,417,4462,4879
WBGene00004374,20,141,161
WBGene00004375,119,823,942
WBGene00004377,85,644,729
WBGene00004378,227,2324,2551
WBGene00004380,36,439,475
WBGene00004381,84,1061,1145
WBGene00004382,505,3435,3940
WBGene00004383,44,1045,1089
WBGene00004384,649,1344,1993
WBGene00004385,163,2886,3049
WBGene00004386,163,2159,2322
WBGene00004387,243,10384,10627
WBGene00004388,240,3665,3905
WBGene00004389,341,3150,3491
WBGene00004390,772,5668,6440
WBGene00004391,94,5038,5132
WBGene00004392,106,5258,5364
WBGene00004393,385,638,1023
WBGene00004394,2,0,2
WBGene00004395,64,695,759
WBGene00004397,77,1118,1195
WBGene00004398,234,4032,4266
WBGene00004400,4,293,297
WBGene00004401,197,430,627
WBGene00004402,14,10,24
WBGene00004403,355,905,1260
WBGene00004404,132,576,708
WBGene00004405,21,1873,1894
WBGene00004408,237,341972,342209
WBGene00004409,12503,151985,164488
WBGene00004410,38374,183328,221702
WBGene00004411,177,2433,2610
WBGene00004412,36402,284396,320798
WBGene00004413,934,291346,292280
WBGene00004414,12073,308756,320829
WBGene00004415,332,153860,154192
WBGene00004416,18510,309260,327770
WBGene00004417,18736,269758,288494
WBGene00004418,31045,324926,355971
WBGene00004419,42717,392790,435507
WBGene00004420,28422,266580,295002
WBGene00004421,13913,351974,365887
WBGene00004422,956,22697,23653
WBGene00004423,31758,313155,344913
WBGene00004424,37649,490513,528162
WBGene00004425,18238,317687,335925
WBGene00004426,23308,263995,287303
WBGene00004427,2716,300935,303651
WBGene00004428,23030,306700,329730
WBGene00004429,59569,275851,335420
WBGene00004430,33660,297321,330981
WBGene00004431,19845,335321,355166
WBGene00004432,1675,267538,269213
WBGene00004433,14635,307273,321908
WBGene00004434,17373,247788,265161
WBGene00004435,17500,273589,291089
WBGene00004436,32304,333562,365866
WBGene00004437,1111,16788,17899
WBGene00004438,5361,47346,52707
WBGene00004439,13160,105840,119000
WBGene00004440,17966,240459,258425
WBGene00004441,38622,142819,181441
WBGene00004442,18430,187258,205688
WBGene00004443,107789,65944,173733
WBGene00004444,17775,166518,184293
WBGene00004445,5676,230419,236095
WBGene00004446,48002,366941,414943
WBGene00004447,35525,256693,292218
WBGene00004448,11290,217232,228522
WBGene00004449,25381,288435,313816
WBGene00004450,12377,288408,300785
WBGene00004451,61014,2907,63921
WBGene00004452,11469,259556,271025
WBGene00004453,5250,188615,193865
WBGene00004454,22831,230567,253398
WBGene00004455,4,30,34
WBGene00004456,0,249768,249768
WBGene00004457,21,871,892
WBGene00004458,174,4686,4860
WBGene00004459,40,3964,4004
WBGene00004460,77,7654,7731
WBGene00004461,69,5006,5075
WBGene00004462,174,4149,4323
WBGene00004463,158,6261,6419
WBGene00004464,457,6773,7230
WBGene00004465,279,4578,4857
WBGene00004466,71,3560,3631
WBGene00004467,43,6021,6064
WBGene00004468,372,3941,4313
WBGene00004469,2925,250658,253583
WBGene00004470,12298,321116,333414
WBGene00004471,101,224839,224940
WBGene00004472,24112,304188,328300
WBGene00004473,20474,280082,300556
WBGene00004474,33908,334176,368084
WBGene00004475,8235,160885,169120
WBGene00004476,36622,290920,327542
WBGene00004477,31247,358750,389997
WBGene00004478,26154,395550,421704
WBGene00004479,21775,290292,312067
WBGene00004480,44888,329525,374413
WBGene00004481,6088,274864,280952
WBGene00004482,23404,254360,277764
WBGene00004483,37063,384201,421264
WBGene00004484,24815,291148,315963
WBGene00004485,4222,111377,115599
WBGene00004486,14506,202312,216818
WBGene00004487,36883,312609,349492
WBGene00004488,28279,288771,317050
WBGene00004489,25473,273062,298535
WBGene00004490,62583,131228,193811
WBGene00004491,1945,195988,197933
WBGene00004492,32382,370909,403291
WBGene00004493,17837,277686,295523
WBGene00004494,48424,449022,497446
WBGene00004495,14455,309492,323947
WBGene00004496,24271,220912,245183
WBGene00004497,6661,169297,175958
WBGene00004498,110645,113120,223765
WBGene00004499,32023,262044,294067
WBGene00004501,79,3158,3237
WBGene00004502,120,5970,6090
WBGene00004503,8,3837,3845
WBGene00004504,834,6488,7322
WBGene00004505,53,3779,3832
WBGene00004506,57,6454,6511
WBGene00004507,49,1480,1529
WBGene00004508,76,1440,1516
WBGene00004509,50,228,278
WBGene00004510,32,792,824
WBGene00004679,488,4281,4769
WBGene00004680,87,513,600
WBGene00004681,618,1741,2359
WBGene00004682,132,1397,1529
WBGene00004684,106,1491,1597
WBGene00004698,9,10147,10156
WBGene00004699,173,5739,5912
WBGene00004700,23,17119,17142
WBGene00004701,55,5233,5288
WBGene00004702,385,5541,5926
WBGene00004703,430,16094,16524
WBGene00004704,160,5869,6029
WBGene00004705,320,5563,5883
WBGene00004706,252,2559,2811
WBGene00004719,262,1086,1348
WBGene00004721,66,655,721
WBGene00004723,106,1913,2019
WBGene00004726,0,37,37
WBGene00004727,148,1117,1265
WBGene00004728,394,2333,2727
WBGene00004729,274,2076,2350
WBGene00004732,804,5098,5902
WBGene00004735,138,391,529
WBGene00004736,1804,55627,57431
WBGene00004737,3,1049,1052
WBGene00004738,69,2988,3057
WBGene00004739,756,6687,7443
WBGene00004740,178,1002,1180
WBGene00004742,16,46,62
WBGene00004743,541,2212,2753
WBGene00004744,66,993,1059
WBGene00004745,50,533,583
WBGene00004746,46,1751,1797
WBGene00004747,69,1291,1360
WBGene00004748,92,754,846
WBGene00004749,153,4652,4805
WBGene00004750,1,1,2
WBGene00004751,1121,3270,4391
WBGene00004752,105,1210,1315
WBGene00004753,153,916,1069
WBGene00004754,807,3341,4148
WBGene00004755,76,3906,3982
WBGene00004756,53,1484,1537
WBGene00004758,172,1716,1888
WBGene00004759,113,2251,2364
WBGene00004760,504,3150,3654
WBGene00004762,197,1370,1567
WBGene00004764,43,459,502
WBGene00004765,421,524,945
WBGene00004766,325,8514,8839
WBGene00004767,89,1395,1484
WBGene00004768,23,1419,1442
WBGene00004769,19,622,641
WBGene00004771,77,665,742
WBGene00004773,725,3884,4609
WBGene00004774,50,1787,1837
WBGene00004775,39,469,508
WBGene00004776,107,124,231
WBGene00004777,309,729,1038
WBGene00004778,55,752,807
WBGene00004779,328,1399,1727
WBGene00004780,69,194,263
WBGene00004781,46,1949,1995
WBGene00004782,130,1735,1865
WBGene00004783,922,4076,4998
WBGene00004786,42,261,303
WBGene00004787,141,559,700
WBGene00004788,76,5591,5667
WBGene00004789,31,144,175
WBGene00004790,552,3817,4369
WBGene00004793,53,228,281
WBGene00004795,32,390,422
WBGene00004796,21,81,102
WBGene00004798,390,5352,5742
WBGene00004800,125,2194,2319
WBGene00004801,162,2103,2265
WBGene00004802,16,65,81
WBGene00004803,74,292,366
WBGene00004804,541,3526,4067
WBGene00004806,313,2095,2408
WBGene00004807,69,17246,17315
WBGene00004808,27,1962,1989
WBGene00004809,99,2327,2426
WBGene00004810,1,36,37
WBGene00004811,0,3,3
WBGene00004812,0,0,0
WBGene00004813,0,1,1
WBGene00004814,0,2,2
WBGene00004815,0,0,0
WBGene00004816,0,416,416
WBGene00004818,1,7,8
WBGene00004819,0,2,2
WBGene00004820,0,0,0
WBGene00004821,0,2,2
WBGene00004822,0,1089,1089
WBGene00004823,0,351,351
WBGene00004824,152,938,1090
WBGene00004825,0,1126,1126
WBGene00004826,0,1039,1039
WBGene00004827,0,410,410
WBGene00004829,291,1884,2175
WBGene00004830,283,2242,2525
WBGene00004831,392,1140,1532
WBGene00004854,236,1790,2026
WBGene00004855,436,6769,7205
WBGene00004856,278,736,1014
WBGene00004857,92,619,711
WBGene00004858,115,587,702
WBGene00004859,61,417,478
WBGene00004860,98,909,1007
WBGene00004862,757,4007,4764
WBGene00004873,635,4371,5006
WBGene00004874,164,4059,4223
WBGene00004875,22,97,119
WBGene00004876,11,170,181
WBGene00004877,4,3,7
WBGene00004878,12,8,20
WBGene00004879,283,2051,2334
WBGene00004880,179,2616,2795
WBGene00004881,410,1378,1788
WBGene00004882,50,1619,1669
WBGene00004883,6,421,427
WBGene00004884,299,2545,2844
WBGene00004885,22,456,478
WBGene00004886,60,503,563
WBGene00004887,140,3052,3192
WBGene00004888,1654,26264,27918
WBGene00004889,203,2012,2215
WBGene00004890,62,344,406
WBGene00004891,118,3363,3481
WBGene00004892,604,2860,3464
WBGene00004893,78,1062,1140
WBGene00004894,715,900,1615
WBGene00004895,3469,1815,5284
WBGene00004896,982,3742,4724
WBGene00004897,17,12402,12419
WBGene00004898,32,346,378
WBGene00004899,14,0,14
WBGene00004900,62,1651,1713
WBGene00004901,1,2,3
WBGene00004902,148,2953,3101
WBGene00004904,4,5,9
WBGene00004905,176,360,536
WBGene00004906,14,14,28
WBGene00004908,1,2,3
WBGene00004909,3,3,6
WBGene00004910,79,2750,2829
WBGene00004911,8,179,187
WBGene00004912,67,1122,1189
WBGene00004913,152,928,1080
WBGene00004914,220,13504,13724
WBGene00004915,22,13826,13848
WBGene00004916,353,12957,13310
WBGene00004917,228,11837,12065
WBGene00004918,1403,11231,12634
WBGene00004919,366,10352,10718
WBGene00004920,1204,13888,15092
WBGene00004921,372,3788,4160
WBGene00004922,255,728,983
WBGene00004923,467,1877,2344
WBGene00004924,320,5874,6194
WBGene00004925,297,488,785
WBGene00004926,33,719,752
WBGene00004927,217,1979,2196
WBGene00004928,68,472,540
WBGene00004929,849,2850,3699
WBGene00004930,629,11964,12593
WBGene00004931,815,5795,6610
WBGene00004932,2,9,11
WBGene00004933,116,601,717
WBGene00004944,193,624,817
WBGene00004945,86,1539,1625
WBGene00004946,306,2077,2383
WBGene00004947,1680,2349,4029
WBGene00004949,247,1055,1302
WBGene00004950,74,270,344
WBGene00004951,286,12181,12467
WBGene00004952,7,1088,1095
WBGene00004953,67,1215,1282
WBGene00004954,31,223,254
WBGene00004955,427,3763,4190
WBGene00004958,10,53,63
WBGene00004959,10,195,205
WBGene00004960,22,77,99
WBGene00004962,4,0,4
WBGene00004963,27,31,58
WBGene00004964,1,12,13
WBGene00004965,4,0,4
WBGene00004966,2,6,8
WBGene00004969,115,284,399
WBGene00004971,1,7,8
WBGene00004972,4,49,53
WBGene00004973,3,0,3
WBGene00004974,22,53,75
WBGene00004975,14,573,587
WBGene00004976,4,12,16
WBGene00004978,675,5208,5883
WBGene00004979,142,912,1054
WBGene00004980,457,10064,10521
WBGene00004981,39,933,972
WBGene00004984,8,307,315
WBGene00004985,26,383,409
WBGene00004986,38,331,369
WBGene00004987,46,441,487
WBGene00004988,73,828,901
WBGene00004989,7,101,108
WBGene00004990,248,2521,2769
WBGene00004991,2,3,5
WBGene00004992,5,4,9
WBGene00004993,32,206,238
WBGene00004994,0,14,14
WBGene00004995,2418,14115,16533
WBGene00004996,7,2,9
WBGene00004997,3,32,35
WBGene00004998,41,290,331
WBGene00004999,208,3098,3306
WBGene00005000,1178,15483,16661
WBGene00005001,22,200,222
WBGene00005002,144,2328,2472
WBGene00005003,44,409,453
WBGene00005004,129,1148,1277
WBGene00005005,3,0,3
WBGene00005006,92,903,995
WBGene00005007,57,2899,2956
WBGene00005008,6,241,247
WBGene00005009,40,2195,2235
WBGene00005010,354,1370,1724
WBGene00005011,106,592,698
WBGene00005012,5,5,10
WBGene00005013,5,24,29
WBGene00005014,29,1205,1234
WBGene00005015,161,3170,3331
WBGene00005016,0,4995,4995
WBGene00005017,148,1863,2011
WBGene00005018,150,4494,4644
WBGene00005019,49,1052,1101
WBGene00005020,202,311,513
WBGene00005021,20,373,393
WBGene00005022,27,2089,2116
WBGene00005023,116,1483,1599
WBGene00005024,274,408,682
WBGene00005025,68,601,669
WBGene00005026,10,1060,1070
WBGene00005027,0,3,3
WBGene00005028,1,1,2
WBGene00005029,4,7,11
WBGene00005030,1,5,6
WBGene00005032,0,9,9
WBGene00005033,1,13,14
WBGene00005034,1,1,2
WBGene00005035,1,5,6
WBGene00005036,10,62,72
WBGene00005037,6,27,33
WBGene00005038,2,7,9
WBGene00005039,0,4,4
WBGene00005040,2,20,22
WBGene00005043,0,6,6
WBGene00005044,0,0,0
WBGene00005046,0,4,4
WBGene00005047,8,14,22
WBGene00005048,1,2,3
WBGene00005049,0,1,1
WBGene00005050,0,2,2
WBGene00005051,2,7,9
WBGene00005052,4,9,13
WBGene00005053,2,4,6
WBGene00005054,2,0,2
WBGene00005055,5,5,10
WBGene00005056,51,4,55
WBGene00005057,6,12,18
WBGene00005058,4,7,11
WBGene00005059,2,11,13
WBGene00005060,4,8,12
WBGene00005061,15,4,19
WBGene00005062,4,8,12
WBGene00005063,6,73,79
WBGene00005064,6,6,12
WBGene00005065,3,8,11
WBGene00005066,0,1,1
WBGene00005067,0,9,9
WBGene00005068,0,3,3
WBGene00005070,0,13,13
WBGene00005071,2,1,3
WBGene00005072,5,67,72
WBGene00005073,9,11,20
WBGene00005076,1,0,1
WBGene00005077,202,1128,1330
WBGene00005078,117,469,586
WBGene00005079,7,45,52
WBGene00005080,3,0,3
WBGene00005081,11,18,29
WBGene00005082,0,3,3
WBGene00005083,6,9,15
WBGene00005085,4,3,7
WBGene00005086,7,6,13
WBGene00005087,0,0,0
WBGene00005088,2,7,9
WBGene00005089,8,19,27
WBGene00005090,4,12,16
WBGene00005091,7,21,28
WBGene00005093,1,14,15
WBGene00005094,3,3,6
WBGene00005095,1,14,15
WBGene00005096,2,23,25
WBGene00005097,1,6,7
WBGene00005098,0,1,1
WBGene00005099,0,1,1
WBGene00005101,15,173,188
WBGene00005103,0,5,5
WBGene00005104,0,2,2
WBGene00005105,0,17,17
WBGene00005106,0,1,1
WBGene00005107,6,54,60
WBGene00005108,0,35,35
WBGene00005109,1,6,7
WBGene00005110,89,188,277
WBGene00005111,16,185,201
WBGene00005112,1,1,2
WBGene00005113,19,77,96
WBGene00005114,0,4,4
WBGene00005116,10,2,12
WBGene00005117,2,0,2
WBGene00005118,1,4,5
WBGene00005119,2,4,6
WBGene00005120,4,21,25
WBGene00005121,1,4,5
WBGene00005122,2,3,5
WBGene00005123,2,3,5
WBGene00005124,0,5,5
WBGene00005125,1,2,3
WBGene00005126,0,10,10
WBGene00005127,33,111,144
WBGene00005128,47,11,58
WBGene00005129,45,106,151
WBGene00005131,22,78,100
WBGene00005132,7,13,20
WBGene00005133,15,39,54
WBGene00005134,0,0,0
WBGene00005135,0,0,0
WBGene00005136,0,0,0
WBGene00005137,0,0,0
WBGene00005138,0,0,0
WBGene00005140,3,7,10
WBGene00005141,2,3,5
WBGene00005142,4,4,8
WBGene00005143,18,0,18
WBGene00005144,4,9,13
WBGene00005145,1,1,2
WBGene00005146,3,3,6
WBGene00005147,15,127,142
WBGene00005148,0,0,0
WBGene00005149,9,28,37
WBGene00005150,38,87,125
WBGene00005153,118,390,508
WBGene00005159,1,2,3
WBGene00005160,2,13,15
WBGene00005161,5,0,5
WBGene00005162,23,54,77
WBGene00005163,1,43,44
WBGene00005164,4,0,4
WBGene00005165,1,12,13
WBGene00005166,0,2,2
WBGene00005167,0,1,1
WBGene00005168,3,12,15
WBGene00005169,6,9,15
WBGene00005170,7,22,29
WBGene00005171,2,12,14
WBGene00005172,3,14,17
WBGene00005173,1,0,1
WBGene00005174,49,105,154
WBGene00005177,5,7,12
WBGene00005178,4,3,7
WBGene00005179,4,1,5
WBGene00005180,8,7,15
WBGene00005181,6,2,8
WBGene00005182,12,46,58
WBGene00005183,7,14,21
WBGene00005184,2,11,13
WBGene00005185,4,2,6
WBGene00005186,11,14,25
WBGene00005187,6,34,40
WBGene00005188,4,16,20
WBGene00005189,1,5,6
WBGene00005190,3,6,9
WBGene00005191,8,9,17
WBGene00005193,0,0,0
WBGene00005194,6,46,52
WBGene00005195,11,12,23
WBGene00005196,1,28,29
WBGene00005197,1,36,37
WBGene00005198,3,6,9
WBGene00005199,6,6,12
WBGene00005201,3,0,3
WBGene00005202,9,9,18
WBGene00005203,0,8,8
WBGene00005204,3,6,9
WBGene00005205,9,16,25
WBGene00005207,1,15,16
WBGene00005208,15,54,69
WBGene00005210,1,11,12
WBGene00005211,7,2,9
WBGene00005212,7,7,14
WBGene00005213,10,19,29
WBGene00005214,3,1,4
WBGene00005215,0,2,2
WBGene00005216,4,1,5
WBGene00005217,0,2,2
WBGene00005218,2,6,8
WBGene00005219,16,21,37
WBGene00005221,9,2,11
WBGene00005222,4,6,10
WBGene00005223,4,0,4
WBGene00005224,4,1,5
WBGene00005225,1,1,2
WBGene00005226,15,41,56
WBGene00005227,0,1,1
WBGene00005228,868,127,995
WBGene00005229,2,2,4
WBGene00005230,0,0,0
WBGene00005231,0,7,7
WBGene00005233,1,5,6
WBGene00005234,1,6,7
WBGene00005236,2,10,12
WBGene00005237,2,5,7
WBGene00005240,2,10,12
WBGene00005241,8,19,27
WBGene00005242,2,11,13
WBGene00005243,6,31,37
WBGene00005244,9,2,11
WBGene00005245,2,7,9
WBGene00005246,1,10,11
WBGene00005247,1,2,3
WBGene00005248,1,2,3
WBGene00005249,1,2,3
WBGene00005250,0,3,3
WBGene00005251,18,46,64
WBGene00005253,25,127,152
WBGene00005254,3,7,10
WBGene00005255,0,3,3
WBGene00005256,0,0,0
WBGene00005257,0,13,13
WBGene00005258,6,25,31
WBGene00005259,1,1,2
WBGene00005260,1,1,2
WBGene00005261,3,6,9
WBGene00005262,6,16,22
WBGene00005263,0,4,4
WBGene00005264,1,5,6
WBGene00005265,4,10,14
WBGene00005267,5,9,14
WBGene00005268,0,6,6
WBGene00005269,3,42,45
WBGene00005270,0,1,1
WBGene00005271,12,8,20
WBGene00005272,1,3,4
WBGene00005273,1,2,3
WBGene00005274,0,1,1
WBGene00005275,1,4,5
WBGene00005278,1,0,1
WBGene00005279,3,14,17
WBGene00005280,0,0,0
WBGene00005281,1,5,6
WBGene00005282,4,1,5
WBGene00005283,2,18,20
WBGene00005284,1,1,2
WBGene00005285,2,2,4
WBGene00005288,0,2,2
WBGene00005289,0,24,24
WBGene00005290,2,30,32
WBGene00005291,0,6,6
WBGene00005292,2,57,59
WBGene00005293,0,21,21
WBGene00005294,0,1,1
WBGene00005295,4,3,7
WBGene00005296,4,10,14
WBGene00005297,1,6,7
WBGene00005299,17,30,47
WBGene00005300,0,2,2
WBGene00005301,2,1,3
WBGene00005303,1,2,3
WBGene00005304,0,3,3
WBGene00005306,5,3,8
WBGene00005308,4,4,8
WBGene00005309,2,0,2
WBGene00005310,2,8,10
WBGene00005313,3,6,9
WBGene00005315,1,2,3
WBGene00005316,6,3,9
WBGene00005317,1,6,7
WBGene00005318,5,4,9
WBGene00005319,2,7,9
WBGene00005321,1,2,3
WBGene00005323,1,2,3
WBGene00005324,37,10,47
WBGene00005328,3,2,5
WBGene00005330,0,4,4
WBGene00005331,0,1,1
WBGene00005332,0,7,7
WBGene00005334,0,0,0
WBGene00005335,1,5,6
WBGene00005337,6,3,9
WBGene00005338,1,9,10
WBGene00005339,4,5,9
WBGene00005340,0,0,0
WBGene00005341,1,6,7
WBGene00005342,0,27,27
WBGene00005344,19,14,33
WBGene00005345,11,4,15
WBGene00005346,3,20,23
WBGene00005347,1,16,17
WBGene00005348,1,11,12
WBGene00005349,0,4,4
WBGene00005350,0,8,8
WBGene00005351,9,3,12
WBGene00005352,1,4,5
WBGene00005353,5,52,57
WBGene00005354,0,0,0
WBGene00005355,0,0,0
WBGene00005356,0,1,1
WBGene00005357,6,2,8
WBGene00005358,0,0,0
WBGene00005359,2,4,6
WBGene00005361,0,0,0
WBGene00005362,2,5,7
WBGene00005363,5,11,16
WBGene00005364,1,7,8
WBGene00005365,0,1,1
WBGene00005370,5,6,11
WBGene00005375,1,2,3
WBGene00005382,5,3,8
WBGene00005383,1,8,9
WBGene00005385,4,6,10
WBGene00005386,5,12,17
WBGene00005387,19,9,28
WBGene00005388,5,9,14
WBGene00005389,1,2,3
WBGene00005390,1,3,4
WBGene00005392,2,2,4
WBGene00005393,0,13,13
WBGene00005394,1,5,6
WBGene00005395,0,1,1
WBGene00005396,6,2,8
WBGene00005397,5,12,17
WBGene00005398,28,0,28
WBGene00005399,0,5,5
WBGene00005400,0,0,0
WBGene00005401,0,4,4
WBGene00005402,0,4,4
WBGene00005404,0,2,2
WBGene00005405,22,20,42
WBGene00005406,2,4,6
WBGene00005407,0,2,2
WBGene00005408,0,1,1
WBGene00005410,5,6,11
WBGene00005411,1,27,28
WBGene00005412,4,3,7
WBGene00005414,1,1,2
WBGene00005415,2,4,6
WBGene00005416,0,6,6
WBGene00005417,0,7,7
WBGene00005418,0,2,2
WBGene00005419,0,6,6
WBGene00005421,1,1,2
WBGene00005422,2,14,16
WBGene00005423,7,4,11
WBGene00005424,2,3,5
WBGene00005425,0,0,0
WBGene00005426,1,1,2
WBGene00005427,2,5,7
WBGene00005428,3,7,10
WBGene00005429,3,2,5
WBGene00005430,0,1,1
WBGene00005432,1,1,2
WBGene00005433,6,0,6
WBGene00005435,0,0,0
WBGene00005436,0,0,0
WBGene00005437,1,2,3
WBGene00005439,1,2,3
WBGene00005440,0,4,4
WBGene00005441,4,9,13
WBGene00005442,2,0,2
WBGene00005443,1,4,5
WBGene00005444,2,14,16
WBGene00005446,0,2,2
WBGene00005447,2,1,3
WBGene00005448,0,4,4
WBGene00005449,0,1,1
WBGene00005450,0,6,6
WBGene00005451,0,1,1
WBGene00005452,0,1,1
WBGene00005453,0,0,0
WBGene00005454,1,0,1
WBGene00005456,0,0,0
WBGene00005457,1,1,2
WBGene00005458,0,1,1
WBGene00005461,2,2,4
WBGene00005463,33,1,34
WBGene00005464,3,2,5
WBGene00005470,1,1,2
WBGene00005471,0,0,0
WBGene00005472,2,8,10
WBGene00005474,1,7,8
WBGene00005475,17,5,22
WBGene00005476,0,0,0
WBGene00005477,6,26,32
WBGene00005478,0,0,0
WBGene00005479,0,4,4
WBGene00005480,1,3,4
WBGene00005481,4,31,35
WBGene00005482,2,20,22
WBGene00005484,0,7,7
WBGene00005486,0,2,2
WBGene00005487,1,1,2
WBGene00005488,2,3,5
WBGene00005489,4,1,5
WBGene00005490,11,2,13
WBGene00005491,0,0,0
WBGene00005492,0,1,1
WBGene00005493,2,3,5
WBGene00005494,6,2,8
WBGene00005495,2,0,2
WBGene00005496,0,2,2
WBGene00005497,0,0,0
WBGene00005499,0,0,0
WBGene00005500,5,12,17
WBGene00005501,1,2,3
WBGene00005502,3,1,4
WBGene00005503,1,3,4
WBGene00005504,1,4,5
WBGene00005505,6,1,7
WBGene00005507,3,2,5
WBGene00005508,0,3,3
WBGene00005509,0,0,0
WBGene00005512,0,1,1
WBGene00005513,2,8,10
WBGene00005514,4,32,36
WBGene00005516,2,7,9
WBGene00005517,8,12,20
WBGene00005518,10,17,27
WBGene00005519,0,2,2
WBGene00005521,3,3,6
WBGene00005522,6,4,10
WBGene00005523,1,61,62
WBGene00005524,5,1,6
WBGene00005525,0,0,0
WBGene00005526,0,0,0
WBGene00005527,7,0,7
WBGene00005528,2,12,14
WBGene00005529,16,15,31
WBGene00005530,33,24,57
WBGene00005531,65,111,176
WBGene00005532,5,21,26
WBGene00005533,1,4,5
WBGene00005536,0,1,1
WBGene00005537,2,2,4
WBGene00005538,2,6,8
WBGene00005539,2,5,7
WBGene00005540,1,2,3
WBGene00005541,1,0,1
WBGene00005542,6,7,13
WBGene00005543,0,2,2
WBGene00005544,0,2,2
WBGene00005545,3,1,4
WBGene00005546,1,0,1
WBGene00005548,1,0,1
WBGene00005549,4,1,5
WBGene00005550,1,7,8
WBGene00005551,6,3,9
WBGene00005552,39,92,131
WBGene00005554,7,0,7
WBGene00005555,1,3,4
WBGene00005557,3,15,18
WBGene00005558,4,8,12
WBGene00005559,9,30,39
WBGene00005560,31,79,110
WBGene00005562,2,4,6
WBGene00005563,2,4,6
WBGene00005565,1,0,1
WBGene00005566,4,1,5
WBGene00005569,1,1,2
WBGene00005572,0,2,2
WBGene00005573,5,2,7
WBGene00005574,4,4,8
WBGene00005575,1,21,22
WBGene00005577,2,1,3
WBGene00005578,2,1,3
WBGene00005579,18,1,19
WBGene00005581,1,1,2
WBGene00005582,2,1,3
WBGene00005583,3,1,4
WBGene00005584,3,7,10
WBGene00005585,5,12,17
WBGene00005586,1,3,4
WBGene00005589,8,2,10
WBGene00005590,1,3,4
WBGene00005591,39,27,66
WBGene00005592,4,5,9
WBGene00005593,1,0,1
WBGene00005594,1,1,2
WBGene00005595,4,1,5
WBGene00005596,1,0,1
WBGene00005597,2,0,2
WBGene00005598,3,1,4
WBGene00005599,0,4,4
WBGene00005601,0,0,0
WBGene00005602,29,510,539
WBGene00005603,4,17,21
WBGene00005604,3,3,6
WBGene00005606,12,22,34
WBGene00005607,1,15,16
WBGene00005608,0,2,2
WBGene00005609,8,24,32
WBGene00005610,3,7,10
WBGene00005611,21,50,71
WBGene00005612,26,6,32
WBGene00005613,43,2,45
WBGene00005614,1,1,2
WBGene00005615,0,1,1
WBGene00005616,2,3,5
WBGene00005617,2,4,6
WBGene00005618,6,0,6
WBGene00005621,5,1,6
WBGene00005622,6,1,7
WBGene00005623,2,0,2
WBGene00005624,2,1,3
WBGene00005625,2,0,2
WBGene00005626,2,0,2
WBGene00005627,1,2,3
WBGene00005628,3,2,5
WBGene00005629,1,1,2
WBGene00005631,0,0,0
WBGene00005632,0,0,0
WBGene00005633,1,2,3
WBGene00005634,7,1,8
WBGene00005635,0,0,0
WBGene00005638,9,31,40
WBGene00005639,5,1,6
WBGene00005640,3,15,18
WBGene00005641,29,96,125
WBGene00005642,20,117,137
WBGene00005643,4,76,80
WBGene00005644,368,1440,1808
WBGene00005647,91,929,1020
WBGene00005648,430,2540,2970
WBGene00005649,24,11,35
WBGene00005652,74,705,779
WBGene00005653,9,69,78
WBGene00005654,19,414,433
WBGene00005655,80,1164,1244
WBGene00005657,7,152,159
WBGene00005658,0,1,1
WBGene00005659,6,3,9
WBGene00005660,2,13,15
WBGene00005661,3,52,55
WBGene00005662,159,1562,1721
WBGene00005663,1330,9862,11192
WBGene00005664,2,20,22
WBGene00005665,0,5,5
WBGene00005666,3,6,9
WBGene00005667,0,2,2
WBGene00005669,1,2,3
WBGene00005670,11,35,46
WBGene00005671,6,139,145
WBGene00005672,2,1,3
WBGene00005674,5,2,7
WBGene00005675,1,7,8
WBGene00005676,2,12,14
WBGene00005678,2,5,7
WBGene00005679,5,0,5
WBGene00005680,2,2,4
WBGene00005681,2,1,3
WBGene00005682,1,5,6
WBGene00005683,1,4,5
WBGene00005684,9,2,11
WBGene00005685,6,7,13
WBGene00005686,1,18,19
WBGene00005687,6,14,20
WBGene00005688,1,1,2
WBGene00005689,6,23,29
WBGene00005690,3,25,28
WBGene00005691,4,15,19
WBGene00005692,2,15,17
WBGene00005693,0,0,0
WBGene00005694,0,0,0
WBGene00005696,2,6,8
WBGene00005698,3,5,8
WBGene00005699,0,2,2
WBGene00005700,0,7,7
WBGene00005701,0,6,6
WBGene00005702,0,47,47
WBGene00005703,0,9,9
WBGene00005705,3,17,20
WBGene00005707,0,1,1
WBGene00005708,1,1,2
WBGene00005710,29,39,68
WBGene00005711,0,10,10
WBGene00005712,8,63,71
WBGene00005713,4,45,49
WBGene00005714,3,2,5
WBGene00005715,18,9,27
WBGene00005716,8,35,43
WBGene00005717,7,50,57
WBGene00005718,14,80,94
WBGene00005719,15,28,43
WBGene00005720,8,2,10
WBGene00005721,11,7,18
WBGene00005722,14,3,17
WBGene00005723,5,4,9
WBGene00005724,21,22,43
WBGene00005725,8,16,24
WBGene00005726,21,15,36
WBGene00005727,11,7,18
WBGene00005728,1,1,2
WBGene00005730,5,0,5
WBGene00005732,0,1,1
WBGene00005733,0,0,0
WBGene00005735,16,28,44
WBGene00005736,7,11,18
WBGene00005737,9,4,13
WBGene00005738,6,19,25
WBGene00005739,9,19,28
WBGene00005740,3,0,3
WBGene00005741,4,0,4
WBGene00005742,4,5,9
WBGene00005743,3,22,25
WBGene00005744,1,6,7
WBGene00005745,3,10,13
WBGene00005748,5,17,22
WBGene00005749,1,0,1
WBGene00005750,5,6,11
WBGene00005751,0,3,3
WBGene00005753,1,6,7
WBGene00005754,0,13,13
WBGene00005755,4,12,16
WBGene00005756,1,7,8
WBGene00005757,5,24,29
WBGene00005758,0,7,7
WBGene00005759,5,394,399
WBGene00005760,0,1,1
WBGene00005761,3,0,3
WBGene00005762,0,0,0
WBGene00005763,2,5,7
WBGene00005764,5,10,15
WBGene00005766,3,3,6
WBGene00005767,2,3,5
WBGene00005768,0,3,3
WBGene00005769,0,0,0
WBGene00005770,3,4,7
WBGene00005771,0,8,8
WBGene00005773,0,1,1
WBGene00005776,0,0,0
WBGene00005777,1,1,2
WBGene00005778,2,2,4
WBGene00005779,0,0,0
WBGene00005780,2,2,4
WBGene00005781,3,2,5
WBGene00005782,1,0,1
WBGene00005783,2,0,2
WBGene00005785,2,2,4
WBGene00005786,10,0,10
WBGene00005787,4,0,4
WBGene00005788,4,0,4
WBGene00005789,0,0,0
WBGene00005790,1,1,2
WBGene00005791,4,2,6
WBGene00005795,3,2,5
WBGene00005798,0,1,1
WBGene00005800,0,0,0
WBGene00005801,0,1,1
WBGene00005802,2,1,3
WBGene00005803,0,1,1
WBGene00005804,0,0,0
WBGene00005806,0,1,1
WBGene00005807,3,2,5
WBGene00005808,3,4,7
WBGene00005809,0,4,4
WBGene00005810,1,11,12
WBGene00005812,0,2,2
WBGene00005813,5,1,6
WBGene00005814,2,10,12
WBGene00005815,214,914,1128
WBGene00005816,170,255,425
WBGene00005818,135,537,672
WBGene00005819,1,3,4
WBGene00005820,8,4,12
WBGene00005822,0,0,0
WBGene00005823,2,2,4
WBGene00005824,1,2,3
WBGene00005826,1,1,2
WBGene00005829,0,0,0
WBGene00005830,3,0,3
WBGene00005831,3,4,7
WBGene00005832,165,1189,1354
WBGene00005833,0,15,15
WBGene00005834,1,23,24
WBGene00005835,1,4,5
WBGene00005836,1,8,9
WBGene00005837,0,11,11
WBGene00005838,5,14,19
WBGene00005841,7,3,10
WBGene00005842,3,4,7
WBGene00005844,2,1,3
WBGene00005845,4,7,11
WBGene00005846,2,3,5
WBGene00005847,5,3,8
WBGene00005848,10,3,13
WBGene00005849,2,0,2
WBGene00005850,3,10,13
WBGene00005854,8,2,10
WBGene00005855,0,1,1
WBGene00005856,6,2,8
WBGene00005858,1,0,1
WBGene00005859,6,2,8
WBGene00005860,0,1,1
WBGene00005862,2,1,3
WBGene00005864,0,1,1
WBGene00005865,1,1,2
WBGene00005866,0,1,1
WBGene00005867,1,0,1
WBGene00005868,1,0,1
WBGene00005869,1,1,2
WBGene00005870,1,0,1
WBGene00005871,0,0,0
WBGene00005874,2,0,2
WBGene00005876,3,0,3
WBGene00005877,17,1,18
WBGene00005880,0,3,3
WBGene00005881,0,1,1
WBGene00005882,0,1,1
WBGene00005883,0,1,1
WBGene00005884,1,1,2
WBGene00005885,1,1,2
WBGene00005886,1,6,7
WBGene00005887,4,11,15
WBGene00005888,0,1,1
WBGene00005889,0,0,0
WBGene00005890,1,1,2
WBGene00005891,2,2,4
WBGene00005892,0,2,2
WBGene00005893,26,180,206
WBGene00005894,2,2,4
WBGene00005895,7,4,11
WBGene00005896,0,1,1
WBGene00005897,0,1,1
WBGene00005898,7,50,57
WBGene00005899,1,1,2
WBGene00005900,11,2,13
WBGene00005901,3,2,5
WBGene00005903,16,23,39
WBGene00005904,10,3,13
WBGene00005905,21,15,36
WBGene00005907,4,5,9
WBGene00005908,3,21,24
WBGene00005909,12,28,40
WBGene00005910,13,57,70
WBGene00005911,1,4,5
WBGene00005912,5,0,5
WBGene00005913,7,0,7
WBGene00005914,0,2,2
WBGene00005915,3,1,4
WBGene00005917,1,0,1
WBGene00005919,3,2,5
WBGene00005920,1,0,1
WBGene00005922,0,0,0
WBGene00005923,0,1,1
WBGene00005924,1,0,1
WBGene00005925,1,10,11
WBGene00005926,7,20,27
WBGene00005927,5,2,7
WBGene00005929,3,44,47
WBGene00005930,1,2,3
WBGene00005931,4,94,98
WBGene00005932,16,16,32
WBGene00005933,2,4,6
WBGene00005934,2,21,23
WBGene00005935,7,13,20
WBGene00005936,49,331,380
WBGene00005937,16,41,57
WBGene00005938,32,81,113
WBGene00005939,3,1,4
WBGene00005941,10,8,18
WBGene00005942,2,0,2
WBGene00005944,1,0,1
WBGene00005945,3,1,4
WBGene00005946,5,2,7
WBGene00005947,19,159,178
WBGene00005949,12,66,78
WBGene00005950,0,1,1
WBGene00005951,1,1,2
WBGene00005953,0,3,3
WBGene00005954,1,0,1
WBGene00005955,0,13,13
WBGene00005956,0,1,1
WBGene00005957,0,2,2
WBGene00005958,6,5,11
WBGene00005959,3,65,68
WBGene00005964,6,7,13
WBGene00005965,129,4,133
WBGene00005967,30,90,120
WBGene00005968,4,10,14
WBGene00005969,4,2,6
WBGene00005971,0,10,10
WBGene00005973,8,3,11
WBGene00005975,7,32,39
WBGene00005976,4,20,24
WBGene00005977,3,18,21
WBGene00005978,0,2,2
WBGene00005979,3,3,6
WBGene00005980,3,3,6
WBGene00005981,1,6,7
WBGene00005983,3,1,4
WBGene00005984,3,1,4
WBGene00005986,5,5,10
WBGene00005987,5,7,12
WBGene00005988,0,8,8
WBGene00005989,3,4,7
WBGene00005992,1,1,2
WBGene00005993,5,2,7
WBGene00005995,4,2,6
WBGene00005996,0,2,2
WBGene00005999,0,2,2
WBGene00006001,2,0,2
WBGene00006002,2,6,8
WBGene00006003,2,4,6
WBGene00006004,1,3,4
WBGene00006005,5,15,20
WBGene00006006,1,14,15
WBGene00006007,1,7,8
WBGene00006008,10,17,27
WBGene00006009,2,6,8
WBGene00006010,4,3,7
WBGene00006011,0,1,1
WBGene00006012,2,7,9
WBGene00006013,1,0,1
WBGene00006016,7,99,106
WBGene00006019,1,8,9
WBGene00006020,2,15,17
WBGene00006021,3,8,11
WBGene00006022,1,5,6
WBGene00006024,1,2,3
WBGene00006025,2,7,9
WBGene00006026,7,16,23
WBGene00006027,1,2,3
WBGene00006028,4,13,17
WBGene00006038,0,0,0
WBGene00006039,0,4,4
WBGene00006040,0,1,1
WBGene00006044,0,2,2
WBGene00006047,0,0,0
WBGene00006048,0,0,0
WBGene00006049,0,0,0
WBGene00006050,72,806,878
WBGene00006051,6,29,35
WBGene00006052,1,1,2
WBGene00006053,2,3,5
WBGene00006055,105,732,837
WBGene00006056,3,10,13
WBGene00006058,3,5,8
WBGene00006059,296,2295,2591
WBGene00006060,2,0,2
WBGene00006061,69,2719,2788
WBGene00006062,556,2373,2929
WBGene00006063,13,571,584
WBGene00006064,229,519,748
WBGene00006065,9,14,23
WBGene00006066,133,2631,2764
WBGene00006067,438,2701,3139
WBGene00006068,48,333,381
WBGene00006069,11,29,40
WBGene00006070,0,0,0
WBGene00006071,8,12,20
WBGene00006072,5,10,15
WBGene00006073,0,0,0
WBGene00006074,0,0,0
WBGene00006075,21,156,177
WBGene00006076,0,1,1
WBGene00006077,11,15,26
WBGene00006078,1,1,2
WBGene00006080,3,6,9
WBGene00006081,0,1,1
WBGene00006082,3,1,4
WBGene00006083,4,1,5
WBGene00006084,4,0,4
WBGene00006085,2,16,18
WBGene00006086,1,17,18
WBGene00006087,0,0,0
WBGene00006090,3,6,9
WBGene00006092,2,2,4
WBGene00006093,4,4,8
WBGene00006094,0,0,0
WBGene00006096,4,29,33
WBGene00006097,0,3,3
WBGene00006098,1,1,2
WBGene00006099,8,2,10
WBGene00006101,39,5,44
WBGene00006102,0,7,7
WBGene00006103,0,6,6
WBGene00006104,2,1,3
WBGene00006105,0,0,0
WBGene00006106,0,1,1
WBGene00006108,0,0,0
WBGene00006109,3,14,17
WBGene00006110,1,16,17
WBGene00006111,0,2,2
WBGene00006112,0,0,0
WBGene00006113,17,29,46
WBGene00006117,0,3,3
WBGene00006120,0,0,0
WBGene00006121,3,4,7
WBGene00006122,3,4,7
WBGene00006124,1,1,2
WBGene00006125,1,0,1
WBGene00006126,1,4,5
WBGene00006127,0,4,4
WBGene00006128,0,1,1
WBGene00006129,5,6,11
WBGene00006130,5,10,15
WBGene00006131,0,1,1
WBGene00006133,1,0,1
WBGene00006134,3,0,3
WBGene00006135,11,28,39
WBGene00006136,0,0,0
WBGene00006137,1,0,1
WBGene00006138,3,8,11
WBGene00006139,5,20,25
WBGene00006140,119,13,132
WBGene00006141,2,0,2
WBGene00006142,0,1,1
WBGene00006143,3,7,10
WBGene00006144,2,0,2
WBGene00006145,1,0,1
WBGene00006146,2,2,4
WBGene00006147,1,0,1
WBGene00006148,1,8,9
WBGene00006149,2,3,5
WBGene00006150,1,5,6
WBGene00006151,1,6,7
WBGene00006152,4,6,10
WBGene00006153,3,9,12
WBGene00006154,2,7,9
WBGene00006155,0,3,3
WBGene00006156,2,2,4
WBGene00006157,2,8,10
WBGene00006158,1,0,1
WBGene00006159,1,3,4
WBGene00006160,0,0,0
WBGene00006161,1,4,5
WBGene00006162,1,2,3
WBGene00006163,18,21,39
WBGene00006164,17,19,36
WBGene00006165,2,7,9
WBGene00006166,0,0,0
WBGene00006167,3,2,5
WBGene00006169,15,30,45
WBGene00006170,0,0,0
WBGene00006171,0,0,0
WBGene00006172,14,9,23
WBGene00006173,2,0,2
WBGene00006174,1,0,1
WBGene00006175,1,0,1
WBGene00006176,3,15,18
WBGene00006178,2,1,3
WBGene00006179,1,10,11
WBGene00006180,3,4,7
WBGene00006182,0,4,4
WBGene00006183,6,3,9
WBGene00006184,1,0,1
WBGene00006186,2,4,6
WBGene00006187,0,0,0
WBGene00006188,3,16,19
WBGene00006189,2,3,5
WBGene00006190,1,0,1
WBGene00006191,2,15,17
WBGene00006192,1,0,1
WBGene00006193,6,26,32
WBGene00006195,5,21,26
WBGene00006196,1,0,1
WBGene00006197,6,2,8
WBGene00006198,9,66,75
WBGene00006199,11,7,18
WBGene00006200,0,0,0
WBGene00006201,5,11,16
WBGene00006202,2,2,4
WBGene00006203,3,4,7
WBGene00006204,3,2,5
WBGene00006205,2,2,4
WBGene00006206,0,0,0
WBGene00006207,22,42,64
WBGene00006208,18,22,40
WBGene00006209,9,25,34
WBGene00006210,13,11,24
WBGene00006211,17,82,99
WBGene00006212,5,23,28
WBGene00006213,6,13,19
WBGene00006214,18,5,23
WBGene00006215,1,5,6
WBGene00006216,3,2,5
WBGene00006217,4,9,13
WBGene00006218,11,8,19
WBGene00006219,1,2,3
WBGene00006220,44,201,245
WBGene00006221,2,3,5
WBGene00006222,2,5,7
WBGene00006224,2,6,8
WBGene00006225,5,0,5
WBGene00006226,1,39,40
WBGene00006228,0,7,7
WBGene00006229,0,10,10
WBGene00006230,3,1,4
WBGene00006231,3,5,8
WBGene00006232,2,2,4
WBGene00006233,2,0,2
WBGene00006234,1,4,5
WBGene00006235,1,1,2
WBGene00006236,0,1,1
WBGene00006237,5,22,27
WBGene00006238,0,1,1
WBGene00006239,1,3,4
WBGene00006240,0,1,1
WBGene00006241,2,22,24
WBGene00006242,4,0,4
WBGene00006244,0,2,2
WBGene00006247,2,0,2
WBGene00006249,1,1,2
WBGene00006251,6,11,17
WBGene00006252,1,2,3
WBGene00006253,10,4,14
WBGene00006255,19,11,30
WBGene00006256,2,13,15
WBGene00006257,1,2,3
WBGene00006258,4,3,7
WBGene00006259,2,2,4
WBGene00006260,2,3,5
WBGene00006261,1,5,6
WBGene00006262,0,0,0
WBGene00006263,1,4,5
WBGene00006264,1,0,1
WBGene00006265,1,0,1
WBGene00006266,121,0,121
WBGene00006268,0,9,9
WBGene00006270,2,4,6
WBGene00006271,2,1,3
WBGene00006272,2,17,19
WBGene00006273,0,3,3
WBGene00006274,0,1,1
WBGene00006275,0,0,0
WBGene00006276,0,0,0
WBGene00006277,0,1,1
WBGene00006278,5,11,16
WBGene00006279,6,18,24
WBGene00006280,1,2,3
WBGene00006281,8,3,11
WBGene00006282,2,1,3
WBGene00006283,0,0,0
WBGene00006284,0,0,0
WBGene00006286,11,10,21
WBGene00006287,6,12,18
WBGene00006288,9,23,32
WBGene00006289,0,2,2
WBGene00006306,455,2069,2524
WBGene00006307,126,2574,2700
WBGene00006308,31,196,227
WBGene00006309,103,2260,2363
WBGene00006310,97,152,249
WBGene00006311,8,207,215
WBGene00006318,157,1216,1373
WBGene00006319,42,762,804
WBGene00006321,281,5574,5855
WBGene00006324,62,1258,1320
WBGene00006331,333,10279,10612
WBGene00006342,743,3159,3902
WBGene00006349,296,1312,1608
WBGene00006351,66,1463,1529
WBGene00006352,132,2914,3046
WBGene00006353,22,475,497
WBGene00006359,102,1915,2017
WBGene00006363,161,380,541
WBGene00006364,375,1689,2064
WBGene00006365,97,879,976
WBGene00006366,219,6237,6456
WBGene00006367,188,2937,3125
WBGene00006368,103,592,695
WBGene00006369,44,1004,1048
WBGene00006371,75,754,829
WBGene00006372,49,924,973
WBGene00006373,201,2440,2641
WBGene00006374,28,121,149
WBGene00006375,15,333,348
WBGene00006376,12,305,317
WBGene00006377,34,800,834
WBGene00006379,71,842,913
WBGene00006380,18,542,560
WBGene00006381,99,3724,3823
WBGene00006382,763,2751,3514
WBGene00006383,65,456,521
WBGene00006384,214,1088,1302
WBGene00006385,693,1503,2196
WBGene00006386,208,1043,1251
WBGene00006387,38,373,411
WBGene00006388,22,169,191
WBGene00006389,31,579,610
WBGene00006390,82,630,712
WBGene00006391,53,474,527
WBGene00006392,194,1854,2048
WBGene00006393,20,623,643
WBGene00006394,25,283,308
WBGene00006395,20,245,265
WBGene00006396,428,1569,1997
WBGene00006397,33,796,829
WBGene00006399,17,8,25
WBGene00006402,94,838,932
WBGene00006404,66,341,407
WBGene00006405,370,2572,2942
WBGene00006406,271,3393,3664
WBGene00006407,1139,5228,6367
WBGene00006408,2519,22576,25095
WBGene00006409,4,1,5
WBGene00006410,118,1898,2016
WBGene00006411,11,85,96
WBGene00006412,309,1923,2232
WBGene00006414,9,1233,1242
WBGene00006415,223,1890,2113
WBGene00006416,2,15,17
WBGene00006418,3,85,88
WBGene00006419,13,6,19
WBGene00006423,1100,10564,11664
WBGene00006424,321,1146,1467
WBGene00006428,94,113,207
WBGene00006429,1,2,3
WBGene00006430,69,399,468
WBGene00006431,39,561,600
WBGene00006432,170,1361,1531
WBGene00006433,835,13393,14228
WBGene00006434,403,28660,29063
WBGene00006435,8,11,19
WBGene00006436,3397,89793,93190
WBGene00006437,210,4960,5170
WBGene00006438,310,2680,2990
WBGene00006439,455,401599,402054
WBGene00006440,105,448,553
WBGene00006441,41,247,288
WBGene00006442,304,1973,2277
WBGene00006443,25,662,687
WBGene00006444,44,1098,1142
WBGene00006445,64,571,635
WBGene00006446,15,410,425
WBGene00006447,16,1381,1397
WBGene00006448,42,550,592
WBGene00006449,3,5,8
WBGene00006450,342,1541,1883
WBGene00006452,2737,21024,23761
WBGene00006454,10,17,27
WBGene00006459,49,753,802
WBGene00006460,225,5748,5973
WBGene00006461,41,232,273
WBGene00006462,267,1525,1792
WBGene00006463,66,565,631
WBGene00006464,2,11,13
WBGene00006465,56,2265,2321
WBGene00006466,102,353,455
WBGene00006467,39,1004,1043
WBGene00006468,81,477,558
WBGene00006470,25,1200,1225
WBGene00006471,0,0,0
WBGene00006472,65,2042,2107
WBGene00006473,22,910,932
WBGene00006474,39,1779,1818
WBGene00006475,43,297,340
WBGene00006476,428,1280,1708
WBGene00006477,77,204,281
WBGene00006478,178,1824,2002
WBGene00006479,197,2136,2333
WBGene00006481,477,2516,2993
WBGene00006483,370,2255,2625
WBGene00006484,0,0,0
WBGene00006486,27,120,147
WBGene00006487,8,32,40
WBGene00006488,0,0,0
WBGene00006489,58,2084,2142
WBGene00006490,235,981,1216
WBGene00006491,14,670,684
WBGene00006492,100,472,572
WBGene00006493,159,1340,1499
WBGene00006494,33,2917,2950
WBGene00006495,561,4360,4921
WBGene00006496,461,982,1443
WBGene00006497,223,3861,4084
WBGene00006498,328,1846,2174
WBGene00006499,92,1239,1331
WBGene00006503,68,1712,1780
WBGene00006504,103,1085,1188
WBGene00006505,123,492,615
WBGene00006508,1534,4308,5842
WBGene00006509,0,4,4
WBGene00006510,421,2179,2600
WBGene00006512,211,6592,6803
WBGene00006513,397,1608,2005
WBGene00006514,24,1612,1636
WBGene00006515,99,4800,4899
WBGene00006516,36,711,747
WBGene00006517,266,2326,2592
WBGene00006518,31,4195,4226
WBGene00006519,4843,38976,43819
WBGene00006520,0,471,471
WBGene00006522,89,192,281
WBGene00006523,92,1967,2059
WBGene00006524,88,1267,1355
WBGene00006525,20,232,252
WBGene00006526,16,95,111
WBGene00006527,798,7778,8576
WBGene00006528,178,36658,36836
WBGene00006529,3062,33924,36986
WBGene00006530,37,384,421
WBGene00006531,33,136,169
WBGene00006532,12,28,40
WBGene00006533,24,76,100
WBGene00006534,802,4437,5239
WBGene00006535,298,1295,1593
WBGene00006536,23,18923,18946
WBGene00006537,795,49186,49981
WBGene00006538,10,447,457
WBGene00006539,0,10,10
WBGene00006540,24,946,970
WBGene00006541,83,540,623
WBGene00006542,17,679,696
WBGene00006543,110,1712,1822
WBGene00006544,13,9,22
WBGene00006545,3,3,6
WBGene00006546,3,3,6
WBGene00006547,0,10,10
WBGene00006549,0,0,0
WBGene00006550,5,0,5
WBGene00006551,0,93196,93196
WBGene00006552,7,8,15
WBGene00006553,2,1,3
WBGene00006554,0,1,1
WBGene00006555,6,73,79
WBGene00006556,1,3,4
WBGene00006557,16,6,22
WBGene00006558,1,3,4
WBGene00006559,2,4,6
WBGene00006560,6,5,11
WBGene00006561,185,1754,1939
WBGene00006562,136,853,989
WBGene00006563,213,1115,1328
WBGene00006565,118,5243,5361
WBGene00006566,66,1187,1253
WBGene00006567,19,1050,1069
WBGene00006568,20,814,834
WBGene00006570,62,1139,1201
WBGene00006571,156,1249,1405
WBGene00006572,874,7473,8347
WBGene00006573,275,2521,2796
WBGene00006574,305,12115,12420
WBGene00006575,556,1597,2153
WBGene00006576,73,291,364
WBGene00006577,245,1906,2151
WBGene00006578,150,1388,1538
WBGene00006579,417,3978,4395
WBGene00006580,98,936,1034
WBGene00006582,240,2040,2280
WBGene00006583,141,3933,4074
WBGene00006584,3247,40115,43362
WBGene00006585,493,11768,12261
WBGene00006586,103,2545,2648
WBGene00006587,1486,28713,30199
WBGene00006588,892,10345,11237
WBGene00006589,157,1748,1905
WBGene00006590,55,1436,1491
WBGene00006591,168,285,453
WBGene00006592,88,754,842
WBGene00006593,926,2171,3097
WBGene00006594,660,2534,3194
WBGene00006595,308,9546,9854
WBGene00006596,163,296,459
WBGene00006597,181,320,501
WBGene00006598,2,71,73
WBGene00006599,651,1531,2182
WBGene00006600,3,109,112
WBGene00006601,108,19819,19927
WBGene00006602,312,2159,2471
WBGene00006603,1422,5992,7414
WBGene00006604,479,1954,2433
WBGene00006605,132,856,988
WBGene00006606,70,579,649
WBGene00006607,258,2454,2712
WBGene00006608,98,1138,1236
WBGene00006609,47,370,417
WBGene00006610,23,60,83
WBGene00006611,3,211,214
WBGene00006612,5,10,15
WBGene00006613,551,3915,4466
WBGene00006614,166,482,648
WBGene00006615,373,441,814
WBGene00006616,65,89,154
WBGene00006617,234,7255,7489
WBGene00006618,107,407,514
WBGene00006619,0,9,9
WBGene00006620,82,151,233
WBGene00006621,28,20,48
WBGene00006622,8,5,13
WBGene00006623,127,214,341
WBGene00006624,246,569,815
WBGene00006625,1,3,4
WBGene00006626,50,9105,9155
WBGene00006627,2,105,107
WBGene00006628,8,69,77
WBGene00006629,21,140,161
WBGene00006630,2,9,11
WBGene00006631,0,4,4
WBGene00006632,85,113,198
WBGene00006633,271,1638,1909
WBGene00006634,1575,13178,14753
WBGene00006635,11,384,395
WBGene00006636,10,44,54
WBGene00006637,43,564,607
WBGene00006638,28,832,860
WBGene00006639,20,30,50
WBGene00006640,99,929,1028
WBGene00006641,27,404,431
WBGene00006642,18,177,195
WBGene00006643,68,1047,1115
WBGene00006644,2,24,26
WBGene00006645,47,83,130
WBGene00006646,15,297,312
WBGene00006647,146,983,1129
WBGene00006648,522,1288,1810
WBGene00006649,223,2946,3169
WBGene00006652,98,462,560
WBGene00006654,19,160,179
WBGene00006655,18,197,215
WBGene00006656,24,152,176
WBGene00006657,221,325,546
WBGene00006658,27,156,183
WBGene00006659,12,6,18
WBGene00006660,16,254,270
WBGene00006661,8,5,13
WBGene00006662,138,697,835
WBGene00006663,805,6217,7022
WBGene00006664,42,222,264
WBGene00006665,31,62,93
WBGene00006666,11,97,108
WBGene00006667,175,800,975
WBGene00006668,582,866,1448
WBGene00006669,59,142,201
WBGene00006670,15,46,61
WBGene00006671,120,618,738
WBGene00006672,224,8452,8676
WBGene00006673,14,109,123
WBGene00006674,20,34,54
WBGene00006675,23,61,84
WBGene00006676,13,78,91
WBGene00006677,51,700,751
WBGene00006678,32,226,258
WBGene00006679,13,58,71
WBGene00006680,82,394,476
WBGene00006681,112,750,862
WBGene00006682,70,226,296
WBGene00006683,625,1791,2416
WBGene00006684,178,187,365
WBGene00006685,16,116,132
WBGene00006686,15,64,79
WBGene00006687,7,64,71
WBGene00006688,7,10,17
WBGene00006689,1,4,5
WBGene00006690,25,78,103
WBGene00006691,106,164,270
WBGene00006692,105,1082,1187
WBGene00006693,812,3054,3866
WBGene00006694,17,55,72
WBGene00006695,222,61,283
WBGene00006696,56,256,312
WBGene00006697,516,3777,4293
WBGene00006698,146,6009,6155
WBGene00006699,110,6424,6534
WBGene00006700,368,1411,1779
WBGene00006701,429,1422,1851
WBGene00006702,239,4969,5208
WBGene00006703,72,2225,2297
WBGene00006704,154,5733,5887
WBGene00006705,176,828,1004
WBGene00006706,82,3535,3617
WBGene00006707,2,3069,3071
WBGene00006708,172,5008,5180
WBGene00006709,364,2612,2976
WBGene00006710,256,180,436
WBGene00006711,61,693,754
WBGene00006712,92,601,693
WBGene00006713,104,3622,3726
WBGene00006714,126,756,882
WBGene00006715,59,5367,5426
WBGene00006716,21,10,31
WBGene00006717,25,368,393
WBGene00006718,9,25,34
WBGene00006719,2,2,4
WBGene00006720,51,3569,3620
WBGene00006721,71,962,1033
WBGene00006722,291,322,613
WBGene00006723,110,1020,1130
WBGene00006724,266,5808,6074
WBGene00006725,21936,237502,259438
WBGene00006726,314,3926,4240
WBGene00006727,320,15474,15794
WBGene00006728,18614,215378,233992
WBGene00006729,62,671,733
WBGene00006730,31,8275,8306
WBGene00006731,7,141,148
WBGene00006732,169,777,946
WBGene00006733,227,1857,2084
WBGene00006734,45,1799,1844
WBGene00006735,19,776,795
WBGene00006736,113,1300,1413
WBGene00006737,42,840,882
WBGene00006738,23,692,715
WBGene00006739,262,4166,4428
WBGene00006740,12,184,196
WBGene00006741,274,5019,5293
WBGene00006742,702,1948,2650
WBGene00006743,55,430,485
WBGene00006744,25,177,202
WBGene00006745,453,1315,1768
WBGene00006746,65,860,925
WBGene00006747,887,1056,1943
WBGene00006748,18,96,114
WBGene00006749,179,1600,1779
WBGene00006750,185,1060,1245
WBGene00006751,452,1696,2148
WBGene00006752,1096,4208,5304
WBGene00006753,639,7150,7789
WBGene00006754,4930,123933,128863
WBGene00006755,567,4424,4991
WBGene00006756,0,10,10
WBGene00006757,33,1912,1945
WBGene00006759,2351,28236,30587
WBGene00006760,385,4857,5242
WBGene00006761,67,1144,1211
WBGene00006762,660,4111,4771
WBGene00006763,263,1595,1858
WBGene00006764,6431,76155,82586
WBGene00006765,331,720,1051
WBGene00006766,109,921,1030
WBGene00006767,480,605,1085
WBGene00006768,430,5681,6111
WBGene00006769,662,2018,2680
WBGene00006770,554,2235,2789
WBGene00006771,1090,10621,11711
WBGene00006772,334,2412,2746
WBGene00006773,124,2112,2236
WBGene00006774,102,597,699
WBGene00006775,8,65,73
WBGene00006776,481,3506,3987
WBGene00006777,275,2152,2427
WBGene00006778,65,682,747
WBGene00006779,2581,10465,13046
WBGene00006780,4241,41808,46049
WBGene00006781,257,1872,2129
WBGene00006782,12,195,207
WBGene00006783,41,293,334
WBGene00006784,608,3614,4222
WBGene00006785,28,660,688
WBGene00006786,278,2928,3206
WBGene00006787,908,8161,9069
WBGene00006788,386,1614,2000
WBGene00006789,1730,105347,107077
WBGene00006790,51,179,230
WBGene00006791,257,2226,2483
WBGene00006792,321,736,1057
WBGene00006793,97,2020,2117
WBGene00006794,1019,33858,34877
WBGene00006795,55,1641,1696
WBGene00006796,746,6688,7434
WBGene00006797,796,344,1140
WBGene00006798,2652,3164,5816
WBGene00006801,2354,23309,25663
WBGene00006802,341,5777,6118
WBGene00006803,653,9794,10447
WBGene00006804,104,870,974
WBGene00006805,2654,7838,10492
WBGene00006807,220,651,871
WBGene00006808,433,3534,3967
WBGene00006809,488,1060,1548
WBGene00006810,219,2821,3040
WBGene00006811,311,1028,1339
WBGene00006812,427,3519,3946
WBGene00006814,1277,4607,5884
WBGene00006815,693,9386,10079
WBGene00006816,29,1678,1707
WBGene00006817,244,3282,3526
WBGene00006818,160,2832,2992
WBGene00006819,2128,57178,59306
WBGene00006820,3673,31854,35527
WBGene00006822,117,725,842
WBGene00006823,1180,8002,9182
WBGene00006824,232,9413,9645
WBGene00006825,427,4945,5372
WBGene00006826,552,10947,11499
WBGene00006827,3048,5006,8054
WBGene00006829,82,1119,1201
WBGene00006830,2077,2143,4220
WBGene00006831,851,4276,5127
WBGene00006832,139,924,1063
WBGene00006833,164,14895,15059
WBGene00006836,156,7827,7983
WBGene00006839,554,6911,7465
WBGene00006840,262,7502,7764
WBGene00006843,213,1895,2108
WBGene00006844,204,3388,3592
WBGene00006845,688,4858,5546
WBGene00006852,87,2772,2859
WBGene00006853,12,519,531
WBGene00006856,40,2286,2326
WBGene00006861,984,7535,8519
WBGene00006862,28,253,281
WBGene00006863,165,17045,17210
WBGene00006864,84,754,838
WBGene00006865,13,244,257
WBGene00006868,551,1785,2336
WBGene00006869,68,504,572
WBGene00006870,351,1470,1821
WBGene00006873,60,380,440
WBGene00006874,365,5334,5699
WBGene00006875,31,1755,1786
WBGene00006876,861,10586,11447
WBGene00006881,18,207,225
WBGene00006882,75,682,757
WBGene00006886,1331,12574,13905
WBGene00006887,203,831,1034
WBGene00006888,327,3851,4178
WBGene00006889,55,10582,10637
WBGene00006890,426,4484,4910
WBGene00006893,171,2001,2172
WBGene00006894,10,2,12
WBGene00006896,56,556,612
WBGene00006897,10,15,25
WBGene00006902,0,1,1
WBGene00006910,0,11218,11218
WBGene00006911,124,17181,17305
WBGene00006912,0,7304,7304
WBGene00006913,61,5933,5994
WBGene00006914,41,3171,3212
WBGene00006915,11,378,389
WBGene00006916,169,953,1122
WBGene00006917,125,11473,11598
WBGene00006918,501,8134,8635
WBGene00006919,213,12439,12652
WBGene00006920,533,6533,7066
WBGene00006921,24,5968,5992
WBGene00006922,8,530,538
WBGene00006923,2007,3722,5729
WBGene00006924,338,40774,41112
WBGene00006925,0,0,0
WBGene00006926,0,5,5
WBGene00006927,0,11,11
WBGene00006928,2,21,23
WBGene00006929,0,1,1
WBGene00006930,1,9,10
WBGene00006931,96,1877,1973
WBGene00006932,292,2224,2516
WBGene00006933,83,1760,1843
WBGene00006934,207,1042,1249
WBGene00006935,46,1978,2024
WBGene00006936,384,5754,6138
WBGene00006937,375,6230,6605
WBGene00006938,2,40,42
WBGene00006940,7,465,472
WBGene00006941,350,3360,3710
WBGene00006942,178,5015,5193
WBGene00006943,104,914,1018
WBGene00006944,34,500,534
WBGene00006945,134,2266,2400
WBGene00006946,122,676,798
WBGene00006947,7,267,274
WBGene00006948,6,398,404
WBGene00006949,52,455,507
WBGene00006950,19,108,127
WBGene00006951,134,1182,1316
WBGene00006952,27,592,619
WBGene00006953,19,4,23
WBGene00006954,4,52,56
WBGene00006955,119,233,352
WBGene00006956,179,4178,4357
WBGene00006957,221,1607,1828
WBGene00006958,98,391,489
WBGene00006959,1742,71604,73346
WBGene00006960,31,83,114
WBGene00006961,674,7883,8557
WBGene00006962,8,23,31
WBGene00006963,45,1238,1283
WBGene00006964,323,3203,3526
WBGene00006965,0,61,61
WBGene00006966,6,88,94
WBGene00006968,117,1637,1754
WBGene00006970,34,1795,1829
WBGene00006971,59,769,828
WBGene00006974,41,1426,1467
WBGene00006975,865,6441,7306
WBGene00006976,795,340,1135
WBGene00006977,15,217,232
WBGene00006978,186,6134,6320
WBGene00006979,0,217,217
WBGene00006980,2,205,207
WBGene00006981,2,448,450
WBGene00006982,80,1355,1435
WBGene00006983,140,833,973
WBGene00006984,1367,6113,7480
WBGene00006985,266,896,1162
WBGene00006986,291,1139,1430
WBGene00006987,135,196,331
WBGene00006988,91,559,650
WBGene00006993,320,733,1053
WBGene00006994,164,2554,2718
WBGene00006996,20,1090,1110
WBGene00006997,23,687,710
WBGene00006999,2027,21542,23569
WBGene00007000,304,15562,15866
WBGene00007001,38,3243,3281
WBGene00007006,145,651,796
WBGene00007007,185,1802,1987
WBGene00007008,142,3075,3217
WBGene00007009,151,2653,2804
WBGene00007010,186,2703,2889
WBGene00007011,29,354,383
WBGene00007012,100,591,691
WBGene00007013,276,755,1031
WBGene00007014,60,341,401
WBGene00007015,11,625,636
WBGene00007016,627,5030,5657
WBGene00007017,953,666,1619
WBGene00007018,130,1357,1487
WBGene00007019,400,3017,3417
WBGene00007020,170,790,960
WBGene00007021,79,1696,1775
WBGene00007022,345,2970,3315
WBGene00007023,110,1491,1601
WBGene00007024,260,10439,10699
WBGene00007025,225,2019,2244
WBGene00007026,71,654,725
WBGene00007027,1197,3817,5014
WBGene00007028,104,3136,3240
WBGene00007029,187,1227,1414
WBGene00007030,1257,12292,13549
WBGene00007036,3,17,20
WBGene00007041,87,378,465
WBGene00007042,222,7057,7279
WBGene00007043,5,530,535
WBGene00007044,286,3745,4031
WBGene00007045,3,471,474
WBGene00007047,126,624,750
WBGene00007048,118,3877,3995
WBGene00007049,6,46,52
WBGene00007050,749,6518,7267
WBGene00007053,256,6027,6283
WBGene00007054,823,3403,4226
WBGene00007055,133,3411,3544
WBGene00007056,122,587,709
WBGene00007057,0,28,28
WBGene00007058,219,4013,4232
WBGene00007059,54,602,656
WBGene00007060,0,6,6
WBGene00007062,0,0,0
WBGene00007063,113,390,503
WBGene00007064,390,490,880
WBGene00007065,19,267,286
WBGene00007067,111,726,837
WBGene00007068,156,957,1113
WBGene00007069,9,1,10
WBGene00007070,34,812,846
WBGene00007071,153,1608,1761
WBGene00007072,7,31,38
WBGene00007073,24,248,272
WBGene00007075,0,0,0
WBGene00007076,0,0,0
WBGene00007079,0,0,0
WBGene00007080,2,2,4
WBGene00007081,2,0,2
WBGene00007082,2,17,19
WBGene00007083,3,8,11
WBGene00007084,42,272,314
WBGene00007085,0,122,122
WBGene00007087,79,1206,1285
WBGene00007088,91,1889,1980
WBGene00007089,109,1232,1341
WBGene00007090,26,649,675
WBGene00007091,537,4720,5257
WBGene00007092,46,265,311
WBGene00007093,45,567,612
WBGene00007094,144,508,652
WBGene00007096,52,605,657
WBGene00007097,19,31,50
WBGene00007099,360,4566,4926
WBGene00007100,19,735,754
WBGene00007101,45,2788,2833
WBGene00007102,20,199,219
WBGene00007103,113,854,967
WBGene00007104,99,775,874
WBGene00007105,122,3109,3231
WBGene00007106,106,2139,2245
WBGene00007107,886,9733,10619
WBGene00007108,165,2077,2242
WBGene00007109,12,240,252
WBGene00007110,148,2013,2161
WBGene00007111,104,2131,2235
WBGene00007112,54,266,320
WBGene00007113,123,2346,2469
WBGene00007114,27,167,194
WBGene00007115,22,215,237
WBGene00007116,66,261,327
WBGene00007117,8,29,37
WBGene00007118,90,937,1027
WBGene00007119,162,968,1130
WBGene00007122,155,8353,8508
WBGene00007123,1,1,2
WBGene00007124,26,171,197
WBGene00007125,0,9,9
WBGene00007126,213,1088,1301
WBGene00007127,0,0,0
WBGene00007128,72,618,690
WBGene00007129,39,5457,5496
WBGene00007130,46,279,325
WBGene00007131,19,63,82
WBGene00007132,1,32,33
WBGene00007133,55,497,552
WBGene00007134,15,12,27
WBGene00007135,331,1187,1518
WBGene00007136,194,1742,1936
WBGene00007137,139,1767,1906
WBGene00007138,43,271,314
WBGene00007139,249,3267,3516
WBGene00007140,14,32,46
WBGene00007141,4,30,34
WBGene00007142,552,6068,6620
WBGene00007143,54,1522,1576
WBGene00007144,41,1379,1420
WBGene00007145,134,805,939
WBGene00007146,21,135,156
WBGene00007148,5,12,17
WBGene00007149,4,71,75
WBGene00007150,21,1351,1372
WBGene00007152,11,23,34
WBGene00007153,1,82,83
WBGene00007154,64,350,414
WBGene00007155,529,11181,11710
WBGene00007156,5,6,11
WBGene00007158,11,11,22
WBGene00007159,2,10,12
WBGene00007161,0,0,0
WBGene00007162,120,256,376
WBGene00007163,3,2,5
WBGene00007164,0,8,8
WBGene00007166,10,523,533
WBGene00007167,190,1184,1374
WBGene00007168,18,877,895
WBGene00007169,14,27,41
WBGene00007170,55,327,382
WBGene00007171,11,138,149
WBGene00007172,7,90,97
WBGene00007173,0,0,0
WBGene00007174,44,363,407
WBGene00007175,79,1068,1147
WBGene00007176,1429,939,2368
WBGene00007177,11,80,91
WBGene00007178,13,529,542
WBGene00007179,9,11,20
WBGene00007180,71,925,996
WBGene00007182,1,3,4
WBGene00007183,4,125,129
WBGene00007184,283,5526,5809
WBGene00007185,109,920,1029
WBGene00007186,51,1261,1312
WBGene00007187,51,361,412
WBGene00007188,111,819,930
WBGene00007189,36,462,498
WBGene00007190,12,28,40
WBGene00007191,34,135,169
WBGene00007192,763,10295,11058
WBGene00007193,141,1146,1287
WBGene00007194,13,1136,1149
WBGene00007195,135,1421,1556
WBGene00007196,172,434,606
WBGene00007197,863,6585,7448
WBGene00007200,225,1417,1642
WBGene00007201,227,4758,4985
WBGene00007202,25,338,363
WBGene00007203,2,350,352
WBGene00007204,6,12,18
WBGene00007206,0,0,0
WBGene00007207,139,1400,1539
WBGene00007208,0,0,0
WBGene00007209,3,2,5
WBGene00007210,49,217,266
WBGene00007211,5,3,8
WBGene00007212,14,71,85
WBGene00007213,50,423,473
WBGene00007214,255,1206,1461
WBGene00007215,95,2170,2265
WBGene00007216,307,1111,1418
WBGene00007217,182,4272,4454
WBGene00007218,79,10,89
WBGene00007219,53,2167,2220
WBGene00007220,4,13,17
WBGene00007221,64,610,674
WBGene00007222,17,87,104
WBGene00007223,372,6868,7240
WBGene00007224,11,45,56
WBGene00007225,0,46,46
WBGene00007226,138,1213,1351
WBGene00007227,335,7436,7771
WBGene00007228,30,233,263
WBGene00007229,27,56,83
WBGene00007230,3,11,14
WBGene00007231,67,84,151
WBGene00007232,45,178,223
WBGene00007233,55,1507,1562
WBGene00007234,2,662,664
WBGene00007235,636,11851,12487
WBGene00007236,2,444,446
WBGene00007237,95,497,592
WBGene00007239,0,2,2
WBGene00007240,142,2322,2464
WBGene00007241,70,293,363
WBGene00007242,47,582,629
WBGene00007243,2,18,20
WBGene00007244,2,5,7
WBGene00007245,0,1,1
WBGene00007246,1,45,46
WBGene00007247,45,153,198
WBGene00007248,2,4,6
WBGene00007249,1,3,4
WBGene00007250,0,20,20
WBGene00007251,0,7,7
WBGene00007252,44,257,301
WBGene00007253,41,330,371
WBGene00007254,21,88,109
WBGene00007255,14,86,100
WBGene00007256,281,5874,6155
WBGene00007257,565,2260,2825
WBGene00007258,81,758,839
WBGene00007259,26,3,29
WBGene00007260,472,1006,1478
WBGene00007261,91,3435,3526
WBGene00007262,30,76,106
WBGene00007264,25,118,143
WBGene00007265,0,9,9
WBGene00007266,67,1048,1115
WBGene00007267,44,437,481
WBGene00007268,21,113,134
WBGene00007269,7,13,20
WBGene00007270,50,1180,1230
WBGene00007271,26,2,28
WBGene00007273,43,22,65
WBGene00007274,5,31,36
WBGene00007275,61,203,264
WBGene00007277,9,91,100
WBGene00007278,4,27,31
WBGene00007279,2,1,3
WBGene00007281,7,89,96
WBGene00007282,13,25,38
WBGene00007283,1,0,1
WBGene00007284,227,681,908
WBGene00007285,7,206,213
WBGene00007286,33,309,342
WBGene00007287,19,705,724
WBGene00007288,6,26,32
WBGene00007289,2,1,3
WBGene00007290,0,1,1
WBGene00007291,1,1,2
WBGene00007292,0,7,7
WBGene00007293,0,0,0
WBGene00007294,1,0,1
WBGene00007295,10,128,138
WBGene00007296,124,2218,2342
WBGene00007297,44,286,330
WBGene00007299,12,465,477
WBGene00007301,1343529,68,1343597
WBGene00007302,60,1336,1396
WBGene00007303,9,95,104
WBGene00007304,108,610,718
WBGene00007305,3,11,14
WBGene00007306,1,2,3
WBGene00007307,6,5,11
WBGene00007308,0,1,1
WBGene00007309,6,9,15
WBGene00007310,4,12,16
WBGene00007311,3,1,4
WBGene00007312,25,1072,1097
WBGene00007313,1,6,7
WBGene00007314,33,47,80
WBGene00007315,3,4,7
WBGene00007316,364,1829,2193
WBGene00007317,41,2991,3032
WBGene00007319,4,2,6
WBGene00007320,0,2,2
WBGene00007321,30,455,485
WBGene00007322,8,27,35
WBGene00007323,7,8,15
WBGene00007324,429,3476,3905
WBGene00007325,3,59,62
WBGene00007326,24,66,90
WBGene00007327,30,101,131
WBGene00007328,5,8,13
WBGene00007329,140,1049,1189
WBGene00007330,325,17239,17564
WBGene00007331,286,1601,1887
WBGene00007332,1,353,354
WBGene00007333,195,1425,1620
WBGene00007334,66,459,525
WBGene00007335,2,1,3
WBGene00007336,15,178,193
WBGene00007337,1,14,15
WBGene00007338,4,184,188
WBGene00007339,13,101,114
WBGene00007340,27,57,84
WBGene00007341,0,3,3
WBGene00007342,0,4,4
WBGene00007343,29,239,268
WBGene00007344,7,57,64
WBGene00007345,35,311,346
WBGene00007346,18,77,95
WBGene00007347,56,116,172
WBGene00007348,76,331,407
WBGene00007349,84,710,794
WBGene00007350,948,17831,18779
WBGene00007351,37,122,159
WBGene00007352,309,6909,7218
WBGene00007353,916,4696,5612
WBGene00007354,12,65,77
WBGene00007355,0,8803,8803
WBGene00007356,0,3,3
WBGene00007357,218,1261,1479
WBGene00007358,8,16,24
WBGene00007359,0,0,0
WBGene00007360,4,15,19
WBGene00007361,12,4,16
WBGene00007362,19,115,134
WBGene00007363,55,1693,1748
WBGene00007364,3,22,25
WBGene00007365,616,13052,13668
WBGene00007366,186,530,716
WBGene00007367,54,287,341
WBGene00007368,4,19,23
WBGene00007369,0,4,4
WBGene00007370,1,0,1
WBGene00007372,13,79,92
WBGene00007373,0,0,0
WBGene00007374,12,60,72
WBGene00007375,66,253,319
WBGene00007377,3,40,43
WBGene00007378,23,27,50
WBGene00007379,1,2,3
WBGene00007380,1,0,1
WBGene00007381,0,3,3
WBGene00007382,3,21,24
WBGene00007383,0,0,0
WBGene00007384,5,298,303
WBGene00007385,5065,59874,64939
WBGene00007386,116,1643,1759
WBGene00007387,368,515,883
WBGene00007388,86,606,692
WBGene00007389,49,421,470
WBGene00007390,6,3259,3265
WBGene00007391,2,18,20
WBGene00007392,0,11,11
WBGene00007393,4,7,11
WBGene00007394,11,60,71
WBGene00007395,66,443,509
WBGene00007396,73,633,706
WBGene00007397,5,101,106
WBGene00007398,0,10,10
WBGene00007399,8,23,31
WBGene00007400,79,2764,2843
WBGene00007401,0,0,0
WBGene00007402,83,828,911
WBGene00007403,72,709,781
WBGene00007404,7,12,19
WBGene00007405,265,3606,3871
WBGene00007406,2,2,4
WBGene00007407,4,166,170
WBGene00007408,12,216,228
WBGene00007409,54,205,259
WBGene00007410,30,47,77
WBGene00007411,24,445,469
WBGene00007412,38,1148,1186
WBGene00007413,326,3048,3374
WBGene00007414,63,454,517
WBGene00007415,9,28,37
WBGene00007416,18,130,148
WBGene00007417,53,823,876
WBGene00007418,7,166,173
WBGene00007419,306,2060,2366
WBGene00007420,2,144,146
WBGene00007421,51,604,655
WBGene00007422,10,92,102
WBGene00007423,0,6,6
WBGene00007424,5,31,36
WBGene00007425,14,160,174
WBGene00007426,2,15,17
WBGene00007427,5,2,7
WBGene00007428,183,2006,2189
WBGene00007429,150,2888,3038
WBGene00007430,10,381,391
WBGene00007431,4,31,35
WBGene00007432,2,1,3
WBGene00007433,343,3881,4224
WBGene00007434,16,515,531
WBGene00007435,11,507,518
WBGene00007436,4,693,697
WBGene00007437,5,14,19
WBGene00007438,2,2,4
WBGene00007439,26,59,85
WBGene00007440,11,73,84
WBGene00007441,0,4,4
WBGene00007442,5,4,9
WBGene00007443,0,8339,8339
WBGene00007444,1347,1207,2554
WBGene00007445,15,348,363
WBGene00007446,0,4,4
WBGene00007447,1,2,3
WBGene00007448,3,11,14
WBGene00007449,464,8233,8697
WBGene00007450,871,6824,7695
WBGene00007452,6,6,12
WBGene00007453,2,8,10
WBGene00007454,0,11,11
WBGene00007455,21,383,404
WBGene00007456,0,3,3
WBGene00007457,0,1,1
WBGene00007458,1,0,1
WBGene00007459,0,0,0
WBGene00007460,16,351,367
WBGene00007462,11,119,130
WBGene00007463,194,15880,16074
WBGene00007464,24,317,341
WBGene00007465,70,63,133
WBGene00007466,2,13,15
WBGene00007467,0,63,63
WBGene00007469,2,26,28
WBGene00007470,3,39,42
WBGene00007471,9,51,60
WBGene00007472,2,1,3
WBGene00007473,0,4,4
WBGene00007474,46,671,717
WBGene00007476,142,1236,1378
WBGene00007478,3,2,5
WBGene00007479,55,1844,1899
WBGene00007480,125,352,477
WBGene00007482,13,135,148
WBGene00007483,4,65,69
WBGene00007484,7,60,67
WBGene00007485,12,16,28
WBGene00007486,106,568,674
WBGene00007487,101,1352,1453
WBGene00007488,89,1117,1206
WBGene00007489,2,12,14
WBGene00007490,76,421,497
WBGene00007492,411,3934,4345
WBGene00007493,28,1002,1030
WBGene00007494,7,22,29
WBGene00007495,76,427,503
WBGene00007496,4,8,12
WBGene00007497,3,1,4
WBGene00007499,177,438,615
WBGene00007500,178,2154,2332
WBGene00007501,10,25,35
WBGene00007502,75,379,454
WBGene00007503,10,35,45
WBGene00007504,37,510,547
WBGene00007505,422,2724,3146
WBGene00007506,10,32,42
WBGene00007507,10,81,91
WBGene00007508,0,19,19
WBGene00007509,11,95,106
WBGene00007511,114,1477,1591
WBGene00007512,3,5,8
WBGene00007513,40,215,255
WBGene00007514,124,3646,3770
WBGene00007515,14,128,142
WBGene00007516,38,826,864
WBGene00007517,7,151,158
WBGene00007518,16,78,94
WBGene00007520,98,1159,1257
WBGene00007521,6,11,17
WBGene00007522,3,57,60
WBGene00007523,1,0,1
WBGene00007525,8,187,195
WBGene00007528,29,257,286
WBGene00007529,49,631,680
WBGene00007530,13,54,67
WBGene00007531,72,1088,1160
WBGene00007532,11,383,394
WBGene00007533,63,391,454
WBGene00007534,91,6769,6860
WBGene00007535,1,6,7
WBGene00007536,7,67,74
WBGene00007537,13,574,587
WBGene00007538,3,28,31
WBGene00007540,1,4,5
WBGene00007541,14,1254,1268
WBGene00007542,5,31,36
WBGene00007543,19,291,310
WBGene00007544,49,670,719
WBGene00007545,114,329,443
WBGene00007546,75,505,580
WBGene00007547,119,884,1003
WBGene00007548,41,403,444
WBGene00007549,33,254,287
WBGene00007550,26,190,216
WBGene00007551,83,1275,1358
WBGene00007552,27,326,353
WBGene00007553,4,1150,1154
WBGene00007554,77,3246,3323
WBGene00007555,7,6305,6312
WBGene00007556,69,900,969
WBGene00007557,15,121,136
WBGene00007558,14,71,85
WBGene00007559,0,2,2
WBGene00007560,15,128,143
WBGene00007561,21,917,938
WBGene00007562,140,500,640
WBGene00007563,4,70,74
WBGene00007564,7,3579,3586
WBGene00007565,3,8,11
WBGene00007567,0,0,0
WBGene00007569,1,0,1
WBGene00007570,4,0,4
WBGene00007571,2,0,2
WBGene00007572,2,4,6
WBGene00007573,33,923,956
WBGene00007574,59,1488,1547
WBGene00007576,64,1041,1105
WBGene00007577,147,714,861
WBGene00007579,92,1262,1354
WBGene00007580,21,207,228
WBGene00007581,30,646,676
WBGene00007583,141,1309,1450
WBGene00007584,3,31,34
WBGene00007585,32,304,336
WBGene00007586,32,3936,3968
WBGene00007587,89,2921,3010
WBGene00007588,65,3957,4022
WBGene00007589,6,376,382
WBGene00007590,255,2990,3245
WBGene00007591,157,1664,1821
WBGene00007592,494,2983,3477
WBGene00007593,233,1336,1569
WBGene00007594,94,1756,1850
WBGene00007595,24,125,149
WBGene00007597,264,201,465
WBGene00007598,2,11,13
WBGene00007599,168,830,998
WBGene00007600,14,490,504
WBGene00007601,2,11,13
WBGene00007602,542,1354,1896
WBGene00007603,50,317,367
WBGene00007604,2,224,226
WBGene00007605,24,588,612
WBGene00007606,34,848,882
WBGene00007607,14,194,208
WBGene00007608,8,110,118
WBGene00007609,11,851,862
WBGene00007610,0,0,0
WBGene00007611,1,17,18
WBGene00007613,6,13,19
WBGene00007614,173,739,912
WBGene00007615,145,1166,1311
WBGene00007616,269,2780,3049
WBGene00007617,397,9704,10101
WBGene00007618,0,11,11
WBGene00007619,75,168,243
WBGene00007620,1858,2039,3897
WBGene00007621,336,2761,3097
WBGene00007622,82,264,346
WBGene00007623,178,2004,2182
WBGene00007624,9,560,569
WBGene00007625,183,3400,3583
WBGene00007626,66,2058,2124
WBGene00007627,47,1285,1332
WBGene00007628,162,1868,2030
WBGene00007629,105,332,437
WBGene00007630,29,24652,24681
WBGene00007631,19,7,26
WBGene00007632,2,25,27
WBGene00007633,89,255,344
WBGene00007634,0,40,40
WBGene00007635,196,536,732
WBGene00007636,18,18,36
WBGene00007637,183,1165,1348
WBGene00007638,0,0,0
WBGene00007639,10,19,29
WBGene00007640,180,804,984
WBGene00007641,2,3,5
WBGene00007642,0,1,1
WBGene00007643,4,53,57
WBGene00007644,11,99,110
WBGene00007645,455,2323,2778
WBGene00007646,384,5872,6256
WBGene00007647,507,3590,4097
WBGene00007648,1,5,6
WBGene00007649,2,1,3
WBGene00007650,25,103,128
WBGene00007651,118,866,984
WBGene00007652,79,1258,1337
WBGene00007653,227,4527,4754
WBGene00007655,111,0,111
WBGene00007656,3,1,4
WBGene00007657,6,3,9
WBGene00007658,7,7,14
WBGene00007659,1,6,7
WBGene00007660,1,2,3
WBGene00007661,7,6,13
WBGene00007662,4,12,16
WBGene00007663,5,15,20
WBGene00007664,120,1578,1698
WBGene00007666,184,1509,1693
WBGene00007668,111,1334,1445
WBGene00007669,16,52,68
WBGene00007670,34,97,131
WBGene00007672,0,9,9
WBGene00007673,0,1,1
WBGene00007674,2,2,4
WBGene00007675,42,293,335
WBGene00007678,1,0,1
WBGene00007679,55,2250,2305
WBGene00007680,35,102,137
WBGene00007681,728,4578,5306
WBGene00007682,1,20,21
WBGene00007683,993,11431,12424
WBGene00007684,1538,17848,19386
WBGene00007685,30,143,173
WBGene00007686,63,7915,7978
WBGene00007687,24,131,155
WBGene00007688,1,3,4
WBGene00007689,24,1014,1038
WBGene00007690,475,688,1163
WBGene00007691,5,17,22
WBGene00007692,5,25,30
WBGene00007693,7,6,13
WBGene00007694,9,56,65
WBGene00007695,10,37,47
WBGene00007696,109,7700,7809
WBGene00007697,122,777,899
WBGene00007698,99,1064,1163
WBGene00007699,0,0,0
WBGene00007700,0,0,0
WBGene00007701,6,9,15
WBGene00007702,165,600,765
WBGene00007703,890,2994,3884
WBGene00007704,17,280,297
WBGene00007705,13,1109,1122
WBGene00007706,107,2592,2699
WBGene00007707,12,806,818
WBGene00007708,0,0,0
WBGene00007709,4,341,345
WBGene00007710,31,970,1001
WBGene00007711,21,1179,1200
WBGene00007712,10,4462,4472
WBGene00007713,0,15,15
WBGene00007714,0,0,0
WBGene00007716,1,1,2
WBGene00007717,7,45,52
WBGene00007718,2,2197,2199
WBGene00007719,0,6,6
WBGene00007720,2,734,736
WBGene00007722,21,240,261
WBGene00007723,20,33,53
WBGene00007724,3,8,11
WBGene00007725,5,10,15
WBGene00007726,7,17,24
WBGene00007727,3,3,6
WBGene00007728,1,7,8
WBGene00007729,40,448,488
WBGene00007730,21,1166,1187
WBGene00007731,3,1003,1006
WBGene00007732,1,42,43
WBGene00007733,0,3,3
WBGene00007734,1,8,9
WBGene00007735,2,0,2
WBGene00007736,62,589,651
WBGene00007739,70,51,121
WBGene00007740,1,6,7
WBGene00007741,72,312,384
WBGene00007742,35,53,88
WBGene00007743,22,134,156
WBGene00007744,369,586,955
WBGene00007745,94,488,582
WBGene00007746,31,435,466
WBGene00007747,1,4,5
WBGene00007748,10,37,47
WBGene00007749,41,648,689
WBGene00007750,84,1080,1164
WBGene00007751,16,34,50
WBGene00007752,400,1938,2338
WBGene00007753,108,532,640
WBGene00007755,77,237,314
WBGene00007756,159,1048,1207
WBGene00007757,38,85,123
WBGene00007758,323,2279,2602
WBGene00007759,1,5,6
WBGene00007760,27,653,680
WBGene00007761,328,2018,2346
WBGene00007762,20,674,694
WBGene00007763,49,151,200
WBGene00007764,309,1550,1859
WBGene00007765,16,58,74
WBGene00007766,6,243,249
WBGene00007768,4,6,10
WBGene00007769,2,1,3
WBGene00007770,0,0,0
WBGene00007771,2,199,201
WBGene00007772,67,1016,1083
WBGene00007773,1,1,2
WBGene00007774,94,1021,1115
WBGene00007775,97,144,241
WBGene00007776,20,234,254
WBGene00007777,3,3,6
WBGene00007778,5,6,11
WBGene00007779,18,266,284
WBGene00007780,16,250,266
WBGene00007784,100,4789,4889
WBGene00007785,15,1190,1205
WBGene00007786,174,7436,7610
WBGene00007787,23,2345,2368
WBGene00007788,9,112,121
WBGene00007789,8,119,127
WBGene00007791,3,21,24
WBGene00007792,2,5,7
WBGene00007793,0,2,2
WBGene00007794,1,2,3
WBGene00007795,1,0,1
WBGene00007796,28,134,162
WBGene00007797,32,187,219
WBGene00007799,284,841,1125
WBGene00007800,20,49,69
WBGene00007801,255,861,1116
WBGene00007802,49,61,110
WBGene00007804,2,61,63
WBGene00007805,2,3,5
WBGene00007806,14,171,185
WBGene00007807,11,125,136
WBGene00007808,7,30,37
WBGene00007809,5,19,24
WBGene00007810,6,58,64
WBGene00007811,13,210,223
WBGene00007812,280,2707,2987
WBGene00007813,7,5,12
WBGene00007816,201,185,386
WBGene00007817,232,401,633
WBGene00007818,10,98,108
WBGene00007819,17,213,230
WBGene00007820,201,1575,1776
WBGene00007822,6,7,13
WBGene00007823,19,117,136
WBGene00007824,1649,4927,6576
WBGene00007825,22,509,531
WBGene00007826,21,1587,1608
WBGene00007827,201,2569,2770
WBGene00007829,6,2,8
WBGene00007831,1,9,10
WBGene00007832,0,4,4
WBGene00007833,3,6,9
WBGene00007834,2,0,2
WBGene00007835,9,58,67
WBGene00007836,15,1753,1768
WBGene00007837,50,374,424
WBGene00007840,131,15,146
WBGene00007841,48,980,1028
WBGene00007842,1,108,109
WBGene00007844,5,7,12
WBGene00007845,3,10,13
WBGene00007846,48,582,630
WBGene00007847,29,477,506
WBGene00007848,435,6812,7247
WBGene00007849,107,341,448
WBGene00007850,4,6,10
WBGene00007851,11,55,66
WBGene00007852,0,0,0
WBGene00007853,2,11,13
WBGene00007854,121,392,513
WBGene00007855,0,1535,1535
WBGene00007856,7,441,448
WBGene00007857,6,73,79
WBGene00007858,11,55,66
WBGene00007859,71,2131,2202
WBGene00007860,593,2273,2866
WBGene00007861,6,48,54
WBGene00007862,122,407,529
WBGene00007863,8,4,12
WBGene00007864,3,21,24
WBGene00007865,0,1,1
WBGene00007866,0,9,9
WBGene00007867,8,68,76
WBGene00007868,1,82,83
WBGene00007869,1,14,15
WBGene00007870,6,131,137
WBGene00007871,0,0,0
WBGene00007872,0,0,0
WBGene00007873,0,0,0
WBGene00007874,0,2,2
WBGene00007875,3,30,33
WBGene00007876,1,1,2
WBGene00007877,528,4551,5079
WBGene00007878,209,432,641
WBGene00007880,2240,13881,16121
WBGene00007881,117,3259,3376
WBGene00007882,82,3945,4027
WBGene00007883,210,4890,5100
WBGene00007885,41,422,463
WBGene00007886,123,550,673
WBGene00007887,2,1,3
WBGene00007888,9,46,55
WBGene00007890,59,270,329
WBGene00007891,5,30,35
WBGene00007892,12,1873,1885
WBGene00007893,0,7,7
WBGene00007894,3,16,19
WBGene00007895,0,0,0
WBGene00007896,13,13,26
WBGene00007897,6,23,29
WBGene00007898,10,219,229
WBGene00007900,76,1079,1155
WBGene00007901,8,456,464
WBGene00007903,11,173,184
WBGene00007904,15,41,56
WBGene00007905,3,6,9
WBGene00007906,52,540,592
WBGene00007907,1163,1818,2981
WBGene00007908,220,671,891
WBGene00007909,108,240,348
WBGene00007910,5,18,23
WBGene00007911,6,75,81
WBGene00007912,93,978,1071
WBGene00007913,157,600,757
WBGene00007914,106,1014,1120
WBGene00007916,18,365,383
WBGene00007917,138,1205,1343
WBGene00007918,47,814,861
WBGene00007919,207,1023,1230
WBGene00007920,0,5,5
WBGene00007921,185,1777,1962
WBGene00007922,198,1092,1290
WBGene00007923,298,2492,2790
WBGene00007924,381,8259,8640
WBGene00007925,82,1025,1107
WBGene00007926,39,101,140
WBGene00007927,395,5295,5690
WBGene00007928,6,47,53
WBGene00007929,30,575,605
WBGene00007930,0,0,0
WBGene00007931,38,467,505
WBGene00007932,70,458,528
WBGene00007933,28,418,446
WBGene00007934,102,2143,2245
WBGene00007935,64,70,134
WBGene00007937,3,8,11
WBGene00007938,18,418,436
WBGene00007939,28,214,242
WBGene00007941,40,259,299
WBGene00007942,154,2254,2408
WBGene00007943,57,979,1036
WBGene00007944,170,1622,1792
WBGene00007945,6,44,50
WBGene00007946,7,60,67
WBGene00007947,111,888,999
WBGene00007948,4,4,8
WBGene00007949,3,87,90
WBGene00007950,411,2212,2623
WBGene00007951,164,462,626
WBGene00007952,103,2619,2722
WBGene00007953,102,376,478
WBGene00007954,4,5,9
WBGene00007955,143,5014,5157
WBGene00007956,66,568,634
WBGene00007957,12,120,132
WBGene00007958,343,1115,1458
WBGene00007959,98,669,767
WBGene00007960,0,2,2
WBGene00007961,0,8,8
WBGene00007963,1,7,8
WBGene00007964,23,192,215
WBGene00007965,39,489,528
WBGene00007966,7,264,271
WBGene00007967,26,328,354
WBGene00007969,69,3268,3337
WBGene00007970,27,182,209
WBGene00007971,221,3649,3870
WBGene00007972,148,957,1105
WBGene00007973,2,19,21
WBGene00007974,106,1500,1606
WBGene00007975,95,1095,1190
WBGene00007976,45,617,662
WBGene00007977,4,14,18
WBGene00007978,48,487,535
WBGene00007979,51,933,984
WBGene00007980,178,5175,5353
WBGene00007981,119,2584,2703
WBGene00007982,195,1298,1493
WBGene00007983,128,680,808
WBGene00007984,95,1773,1868
WBGene00007985,89,189,278
WBGene00007986,2,9,11
WBGene00007987,0,1,1
WBGene00007988,26,132,158
WBGene00007989,5,141,146
WBGene00007990,1,62,63
WBGene00007991,33,302,335
WBGene00007992,4,156,160
WBGene00007993,142,5119,5261
WBGene00007994,82,428,510
WBGene00007995,5,2,7
WBGene00007996,6,31,37
WBGene00007997,7512,58,7570
WBGene00007998,5,7,12
WBGene00007999,33,542,575
WBGene00008000,73,1902,1975
WBGene00008001,3,3,6
WBGene00008002,108,569,677
WBGene00008003,7,304,311
WBGene00008005,28,407,435
WBGene00008006,133,994,1127
WBGene00008007,6,36,42
WBGene00008008,107,423,530
WBGene00008009,4,3,7
WBGene00008010,13,20,33
WBGene00008012,0,1,1
WBGene00008014,0,3,3
WBGene00008015,6,2,8
WBGene00008016,0,1,1
WBGene00008017,0,1,1
WBGene00008018,154,593,747
WBGene00008019,50,1056,1106
WBGene00008020,3,112,115
WBGene00008021,6,191,197
WBGene00008022,66,397,463
WBGene00008023,7,192,199
WBGene00008024,1,7,8
WBGene00008025,18,316,334
WBGene00008027,19,205,224
WBGene00008028,40,245,285
WBGene00008029,0,3,3
WBGene00008030,0,8,8
WBGene00008031,23,39,62
WBGene00008032,156,3614,3770
WBGene00008033,34,212,246
WBGene00008034,274,4306,4580
WBGene00008035,50,1549,1599
WBGene00008036,2,1,3
WBGene00008037,3,20,23
WBGene00008038,3,2,5
WBGene00008039,18,500,518
WBGene00008040,399,4855,5254
WBGene00008041,414,5738,6152
WBGene00008042,4,16,20
WBGene00008043,32,157,189
WBGene00008044,2,5,7
WBGene00008045,31,264,295
WBGene00008047,11,25,36
WBGene00008049,4,4,8
WBGene00008050,24,750,774
WBGene00008051,99,463,562
WBGene00008052,52,811,863
WBGene00008053,150,3552,3702
WBGene00008054,16,13,29
WBGene00008056,2,5,7
WBGene00008057,4,8,12
WBGene00008058,0,4,4
WBGene00008059,0,0,0
WBGene00008060,0,0,0
WBGene00008061,10,203,213
WBGene00008062,16,175,191
WBGene00008063,9,37,46
WBGene00008064,584,84,668
WBGene00008065,54,363,417
WBGene00008066,1,52,53
WBGene00008067,2,4,6
WBGene00008068,1,0,1
WBGene00008069,1,0,1
WBGene00008070,0,44,44
WBGene00008071,6,10,16
WBGene00008072,6,30,36
WBGene00008073,3,158,161
WBGene00008074,3,6,9
WBGene00008075,49,222,271
WBGene00008076,45,655,700
WBGene00008077,5,42,47
WBGene00008078,33,465,498
WBGene00008079,3,12,15
WBGene00008080,4,52,56
WBGene00008081,201,912,1113
WBGene00008082,49,284,333
WBGene00008084,2,19,21
WBGene00008085,41,494,535
WBGene00008086,1,36,37
WBGene00008087,0,0,0
WBGene00008088,0,0,0
WBGene00008089,123,1008,1131
WBGene00008090,0,0,0
WBGene00008091,4,33,37
WBGene00008092,2,8,10
WBGene00008093,28,29,57
WBGene00008094,374,620,994
WBGene00008095,7,93,100
WBGene00008096,9,258,267
WBGene00008097,1,25,26
WBGene00008099,5,33,38
WBGene00008100,87,470,557
WBGene00008101,3,42,45
WBGene00008102,2,11,13
WBGene00008105,1,8,9
WBGene00008106,5,19,24
WBGene00008107,43,1301,1344
WBGene00008110,413,5479,5892
WBGene00008111,7,36,43
WBGene00008113,14,56,70
WBGene00008114,11,106,117
WBGene00008116,22,97,119
WBGene00008117,50,3438,3488
WBGene00008118,202,1129,1331
WBGene00008119,465,1848,2313
WBGene00008120,385,1720,2105
WBGene00008121,121,2640,2761
WBGene00008122,0,2,2
WBGene00008123,11,67,78
WBGene00008124,4,12,16
WBGene00008125,0,0,0
WBGene00008126,8,6,14
WBGene00008127,30,48,78
WBGene00008128,15,159,174
WBGene00008129,9,15,24
WBGene00008130,8,167,175
WBGene00008131,59,1238,1297
WBGene00008132,203,1466,1669
WBGene00008133,177,433,610
WBGene00008134,111,1188,1299
WBGene00008136,91,1432,1523
WBGene00008137,1,32,33
WBGene00008138,2,29,31
WBGene00008139,16,172,188
WBGene00008140,582,468,1050
WBGene00008141,0,1,1
WBGene00008142,47,368,415
WBGene00008143,118,1671,1789
WBGene00008144,45,413,458
WBGene00008145,102,422,524
WBGene00008146,7,29,36
WBGene00008147,191,2529,2720
WBGene00008148,38,468,506
WBGene00008149,335,18841,19176
WBGene00008150,22,68,90
WBGene00008151,223,4686,4909
WBGene00008152,22,482,504
WBGene00008153,3,3,6
WBGene00008154,4,1,5
WBGene00008155,17,29,46
WBGene00008156,6,4,10
WBGene00008157,0,1,1
WBGene00008158,0,4,4
WBGene00008159,2,0,2
WBGene00008160,4,3,7
WBGene00008161,0,3,3
WBGene00008162,4,1,5
WBGene00008163,0,0,0
WBGene00008164,61,2346,2407
WBGene00008165,42,1153,1195
WBGene00008166,39,1031,1070
WBGene00008167,21,136,157
WBGene00008168,82,889,971
WBGene00008169,13,209,222
WBGene00008170,26,393,419
WBGene00008171,7,104,111
WBGene00008172,0,180,180
WBGene00008173,14,552,566
WBGene00008174,31,199,230
WBGene00008175,1,6,7
WBGene00008176,4,42,46
WBGene00008177,58,373,431
WBGene00008178,141,42,183
WBGene00008180,12,82,94
WBGene00008183,1327,1670,2997
WBGene00008184,1,16,17
WBGene00008185,21,8,29
WBGene00008186,8,3,11
WBGene00008187,43,12,55
WBGene00008188,4,2,6
WBGene00008190,33,20,53
WBGene00008191,271,11215,11486
WBGene00008194,34,175,209
WBGene00008195,109,656,765
WBGene00008196,67,942,1009
WBGene00008197,50,474,524
WBGene00008198,24,1480,1504
WBGene00008199,8,55,63
WBGene00008200,5,17,22
WBGene00008201,0,7,7
WBGene00008202,0,26,26
WBGene00008203,83,573,656
WBGene00008204,29,539,568
WBGene00008205,810,36886,37696
WBGene00008206,117,850,967
WBGene00008207,4,20,24
WBGene00008208,8,59,67
WBGene00008209,0,5,5
WBGene00008210,0,51,51
WBGene00008211,0,269,269
WBGene00008212,24,267,291
WBGene00008213,359,48,407
WBGene00008214,107,678,785
WBGene00008215,18,2686,2704
WBGene00008216,24,81,105
WBGene00008217,0,1,1
WBGene00008218,23,2249,2272
WBGene00008219,16,975,991
WBGene00008220,3,81,84
WBGene00008221,72,841,913
WBGene00008222,14,168,182
WBGene00008223,7,6,13
WBGene00008224,192,2975,3167
WBGene00008225,32,1435,1467
WBGene00008226,37,382,419
WBGene00008227,54,247,301
WBGene00008228,4,143,147
WBGene00008229,14,253,267
WBGene00008230,40,124,164
WBGene00008231,0,4,4
WBGene00008232,19,501,520
WBGene00008233,28,1050,1078
WBGene00008234,7,49,56
WBGene00008235,5,78,83
WBGene00008236,56,215,271
WBGene00008237,116,1520,1636
WBGene00008238,31,829,860
WBGene00008239,13,54,67
WBGene00008240,2,6,8
WBGene00008241,0,3,3
WBGene00008242,3,39,42
WBGene00008243,0,0,0
WBGene00008244,0,13,13
WBGene00008245,5,124,129
WBGene00008246,0,7,7
WBGene00008247,4,5,9
WBGene00008248,10,68,78
WBGene00008249,18,35,53
WBGene00008250,13,33,46
WBGene00008251,6,35,41
WBGene00008252,10,149,159
WBGene00008254,321,5709,6030
WBGene00008255,37,381,418
WBGene00008256,49,234,283
WBGene00008257,4,165,169
WBGene00008258,57,1043,1100
WBGene00008259,1,13,14
WBGene00008260,45,445,490
WBGene00008261,14,23,37
WBGene00008262,1393,58953,60346
WBGene00008263,227,147,374
WBGene00008265,173,254,427
WBGene00008266,46,664,710
WBGene00008267,6,60,66
WBGene00008268,1,1,2
WBGene00008269,0,61,61
WBGene00008270,145,470,615
WBGene00008271,8,12,20
WBGene00008272,48,39,87
WBGene00008273,49,583,632
WBGene00008274,431,3192,3623
WBGene00008275,49,543,592
WBGene00008277,33,16,49
WBGene00008278,91,256,347
WBGene00008279,63,3,66
WBGene00008280,80,197,277
WBGene00008281,44,600,644
WBGene00008283,94,836,930
WBGene00008284,193,1514,1707
WBGene00008285,25,13,38
WBGene00008286,1,28,29
WBGene00008287,116,918,1034
WBGene00008288,69,1118,1187
WBGene00008289,2,1,3
WBGene00008290,7,44,51
WBGene00008291,2,7,9
WBGene00008292,28,483,511
WBGene00008293,3,2,5
WBGene00008294,0,10,10
WBGene00008295,0,0,0
WBGene00008296,41,340,381
WBGene00008297,4,11,15
WBGene00008298,309,3049,3358
WBGene00008299,2,2,4
WBGene00008300,13,354,367
WBGene00008301,5,5,10
WBGene00008302,9,24,33
WBGene00008303,31,101,132
WBGene00008304,7,75,82
WBGene00008306,7,16,23
WBGene00008307,172,379,551
WBGene00008308,9,9,18
WBGene00008309,4,31,35
WBGene00008310,120,1367,1487
WBGene00008311,106,1575,1681
WBGene00008312,3,1,4
WBGene00008313,2,16,18
WBGene00008314,55,166,221
WBGene00008315,281,1834,2115
WBGene00008316,66,493,559
WBGene00008317,55,748,803
WBGene00008318,16,527,543
WBGene00008319,0,1,1
WBGene00008320,43,264,307
WBGene00008321,0,0,0
WBGene00008322,0,5,5
WBGene00008323,9,362,371
WBGene00008324,4,15,19
WBGene00008325,2,18,20
WBGene00008326,0,2,2
WBGene00008327,1,2,3
WBGene00008328,6,2,8
WBGene00008329,2,0,2
WBGene00008330,19,1194,1213
WBGene00008331,229,2364,2593
WBGene00008332,55,439,494
WBGene00008333,25,556,581
WBGene00008334,89,758,847
WBGene00008335,52,588,640
WBGene00008336,10,167,177
WBGene00008338,281,3042,3323
WBGene00008339,47,1036,1083
WBGene00008340,1,2,3
WBGene00008341,15,335,350
WBGene00008342,78,291,369
WBGene00008343,6,625,631
WBGene00008344,153,1422,1575
WBGene00008345,90,1947,2037
WBGene00008346,20,102,122
WBGene00008348,174,450,624
WBGene00008352,2,25,27
WBGene00008353,9,532,541
WBGene00008354,54,498,552
WBGene00008355,12,105,117
WBGene00008356,64,54663,54727
WBGene00008357,17,7069,7086
WBGene00008358,48,10381,10429
WBGene00008359,116,20980,21096
WBGene00008360,7,9294,9301
WBGene00008361,38,523,561
WBGene00008362,108,588,696
WBGene00008363,17,477,494
WBGene00008364,16,659,675
WBGene00008365,7,28,35
WBGene00008366,345,1367,1712
WBGene00008367,0,2,2
WBGene00008368,74,331,405
WBGene00008369,100,308,408
WBGene00008370,248,1850,2098
WBGene00008371,187,1364,1551
WBGene00008372,4,26,30
WBGene00008375,22,1076,1098
WBGene00008376,80,666,746
WBGene00008377,1,1,2
WBGene00008378,0,4,4
WBGene00008379,24,286,310
WBGene00008380,106,1417,1523
WBGene00008381,7,1,8
WBGene00008382,46,404,450
WBGene00008383,13,68,81
WBGene00008384,24,136,160
WBGene00008385,25,528,553
WBGene00008386,380,4447,4827
WBGene00008387,25,191,216
WBGene00008388,32,133,165
WBGene00008389,82,1643,1725
WBGene00008390,80,616,696
WBGene00008392,1645,11011,12656
WBGene00008393,1,3,4
WBGene00008394,1,2,3
WBGene00008395,664,6776,7440
WBGene00008396,0,30,30
WBGene00008397,0,0,0
WBGene00008398,427,4253,4680
WBGene00008399,73,449,522
WBGene00008400,136,1492,1628
WBGene00008401,28,70,98
WBGene00008402,64,1049,1113
WBGene00008403,25,157,182
WBGene00008404,39,1534,1573
WBGene00008405,35,1965,2000
WBGene00008407,484,1766,2250
WBGene00008408,47,1172,1219
WBGene00008409,94,3217,3311
WBGene00008410,44,1108,1152
WBGene00008411,134,1385,1519
WBGene00008412,131,1191,1322
WBGene00008413,49,1158,1207
WBGene00008414,507,14694,15201
WBGene00008415,240,9620,9860
WBGene00008417,52,497,549
WBGene00008418,47,346,393
WBGene00008419,564,3246,3810
WBGene00008420,197,2013,2210
WBGene00008421,86,391,477
WBGene00008422,43,1726,1769
WBGene00008423,2,430,432
WBGene00008424,12,198,210
WBGene00008425,13,55,68
WBGene00008426,181,1074,1255
WBGene00008427,15,49,64
WBGene00008428,49,1342,1391
WBGene00008429,133,1072,1205
WBGene00008430,284,2037,2321
WBGene00008431,205,723,928
WBGene00008432,126,1090,1216
WBGene00008433,1,7,8
WBGene00008434,73,1872,1945
WBGene00008435,70,368,438
WBGene00008436,305,3205,3510
WBGene00008438,851,2606,3457
WBGene00008439,153,860,1013
WBGene00008440,6,242,248
WBGene00008441,181,636,817
WBGene00008442,262,938,1200
WBGene00008443,2418,1408,3826
WBGene00008444,609,1164,1773
WBGene00008446,853,7001,7854
WBGene00008447,62,933,995
WBGene00008448,1,36,37
WBGene00008449,7,163,170
WBGene00008450,33,1844,1877
WBGene00008451,11,64,75
WBGene00008452,177,3695,3872
WBGene00008453,239,2226,2465
WBGene00008454,15,775,790
WBGene00008455,191,2377,2568
WBGene00008456,10,582,592
WBGene00008457,86,455,541
WBGene00008458,145,1450,1595
WBGene00008459,140,1628,1768
WBGene00008460,59,57,116
WBGene00008462,11,26,37
WBGene00008463,7,21,28
WBGene00008464,0,2,2
WBGene00008468,16,17,33
WBGene00008470,2,0,2
WBGene00008471,1,2,3
WBGene00008472,3,3,6
WBGene00008473,1,0,1
WBGene00008474,0,1,1
WBGene00008475,2,8,10
WBGene00008476,58,162,220
WBGene00008477,0,23,23
WBGene00008478,0,0,0
WBGene00008479,0,0,0
WBGene00008480,191,5872,6063
WBGene00008481,32,168,200
WBGene00008482,5,32,37
WBGene00008483,10,28,38
WBGene00008484,38,3659,3697
WBGene00008485,2,11,13
WBGene00008486,4,343,347
WBGene00008488,63,494,557
WBGene00008489,11,21,32
WBGene00008490,48,570,618
WBGene00008491,164,193,357
WBGene00008492,7,115,122
WBGene00008493,0,5,5
WBGene00008494,5,65,70
WBGene00008495,9,210,219
WBGene00008496,20,238,258
WBGene00008497,2,1,3
WBGene00008498,7,36,43
WBGene00008499,31,75,106
WBGene00008500,71,166,237
WBGene00008502,184,1644,1828
WBGene00008503,13,419,432
WBGene00008504,20,1127,1147
WBGene00008505,1191,46891,48082
WBGene00008506,72,5754,5826
WBGene00008507,0,2,2
WBGene00008508,1,3,4
WBGene00008509,2,58,60
WBGene00008510,427,3612,4039
WBGene00008511,24,170,194
WBGene00008512,11,80,91
WBGene00008513,87,247,334
WBGene00008514,337,5764,6101
WBGene00008515,83,423,506
WBGene00008516,11,228,239
WBGene00008517,24,148,172
WBGene00008518,26,81,107
WBGene00008519,223,502,725
WBGene00008520,33,64,97
WBGene00008521,124,2250,2374
WBGene00008522,5,892,897
WBGene00008523,0,0,0
WBGene00008524,10,6,16
WBGene00008526,1,9,10
WBGene00008527,3,4,7
WBGene00008528,181,1705,1886
WBGene00008529,18,59,77
WBGene00008530,245,4490,4735
WBGene00008531,81,817,898
WBGene00008532,179,3199,3378
WBGene00008533,290,1033,1323
WBGene00008535,2,7,9
WBGene00008536,3,5,8
WBGene00008538,767,5745,6512
WBGene00008539,1,6,7
WBGene00008540,7,2,9
WBGene00008541,4,7,11
WBGene00008542,22,51,73
WBGene00008543,58,678,736
WBGene00008545,22,19,41
WBGene00008546,155,1188,1343
WBGene00008547,86,999,1085
WBGene00008548,44,206,250
WBGene00008549,680,8770,9450
WBGene00008550,3,15,18
WBGene00008551,3,9,12
WBGene00008552,0,1,1
WBGene00008553,3,94,97
WBGene00008554,425,7759,8184
WBGene00008555,1462,2712,4174
WBGene00008556,8,13,21
WBGene00008557,265,546,811
WBGene00008558,10,141,151
WBGene00008559,11,38,49
WBGene00008560,4,29,33
WBGene00008561,8,90,98
WBGene00008563,4,1453,1457
WBGene00008564,41,418,459
WBGene00008565,50,384,434
WBGene00008566,3,16,19
WBGene00008567,2,46,48
WBGene00008568,21,51,72
WBGene00008569,14,342,356
WBGene00008570,551,1194,1745
WBGene00008571,164,545,709
WBGene00008572,534,12103,12637
WBGene00008574,1,3,4
WBGene00008575,28,323,351
WBGene00008576,0,1430,1430
WBGene00008577,0,2180,2180
WBGene00008578,78,536,614
WBGene00008579,440,583,1023
WBGene00008580,8,84,92
WBGene00008581,1,0,1
WBGene00008582,213,4549,4762
WBGene00008583,67,257,324
WBGene00008584,38,388,426
WBGene00008585,79,667,746
WBGene00008586,203,3435,3638
WBGene00008587,21,297,318
WBGene00008588,11,220,231
WBGene00008589,157,880,1037
WBGene00008590,0,13,13
WBGene00008591,2,197,199
WBGene00008592,9,389,398
WBGene00008593,1,10,11
WBGene00008594,10,44,54
WBGene00008595,7,44,51
WBGene00008596,3,14,17
WBGene00008597,11,2,13
WBGene00008598,6,29,35
WBGene00008599,12,65,77
WBGene00008600,262,61,323
WBGene00008601,1832,3434,5266
WBGene00008602,47,233,280
WBGene00008603,908,9040,9948
WBGene00008604,114,771,885
WBGene00008605,103,707,810
WBGene00008606,46,736,782
WBGene00008607,71,569,640
WBGene00008609,16,12,28
WBGene00008610,96,2284,2380
WBGene00008611,0,5,5
WBGene00008612,35,7,42
WBGene00008613,9,79,88
WBGene00008615,1,19,20
WBGene00008616,2,44,46
WBGene00008617,4,1,5
WBGene00008618,1,7,8
WBGene00008619,0,2,2
WBGene00008620,1,2,3
WBGene00008621,13,74,87
WBGene00008622,211,2864,3075
WBGene00008623,120,14,134
WBGene00008624,264,2201,2465
WBGene00008625,7,51,58
WBGene00008626,20,250,270
WBGene00008627,4,0,4
WBGene00008628,58,4661,4719
WBGene00008629,17,199,216
WBGene00008630,4,42,46
WBGene00008631,1,2,3
WBGene00008632,2,5,7
WBGene00008633,1,6,7
WBGene00008634,1,27,28
WBGene00008636,2,9,11
WBGene00008637,0,2,2
WBGene00008638,2,0,2
WBGene00008639,58,563,621
WBGene00008640,3,40,43
WBGene00008641,25,373,398
WBGene00008642,12,1263,1275
WBGene00008643,4,102,106
WBGene00008644,17,75,92
WBGene00008645,41,1020,1061
WBGene00008646,32,631,663
WBGene00008647,6,144,150
WBGene00008648,113,1126,1239
WBGene00008649,9,6,15
WBGene00008650,9,35,44
WBGene00008651,1,8,9
WBGene00008652,25,475,500
WBGene00008654,48,41,89
WBGene00008655,68,448,516
WBGene00008656,21,217,238
WBGene00008659,2,13,15
WBGene00008660,2,1,3
WBGene00008661,4,4,8
WBGene00008662,58,391,449
WBGene00008663,34,1110,1144
WBGene00008664,15,2152,2167
WBGene00008665,6099,805,6904
WBGene00008666,114,956,1070
WBGene00008667,99,487,586
WBGene00008668,27,4,31
WBGene00008669,91,571,662
WBGene00008670,225,1301,1526
WBGene00008671,0,12,12
WBGene00008672,0,3,3
WBGene00008673,4,4,8
WBGene00008674,0,1,1
WBGene00008675,0,0,0
WBGene00008676,1,3,4
WBGene00008677,2,28,30
WBGene00008678,0,3,3
WBGene00008679,1,10,11
WBGene00008680,2,6,8
WBGene00008681,42,364,406
WBGene00008682,89,2565,2654
WBGene00008683,195,1661,1856
WBGene00008684,56,761,817
WBGene00008685,104,826,930
WBGene00008686,92,688,780
WBGene00008687,26,1058,1084
WBGene00008688,370,3945,4315
WBGene00008690,326,1875,2201
WBGene00008691,36,783,819
WBGene00008692,36,56,92
WBGene00008693,1,52,53
WBGene00008694,1059,5598,6657
WBGene00008695,41,121,162
WBGene00008696,2,6,8
WBGene00008698,3,2,5
WBGene00008699,0,0,0
WBGene00008700,2,0,2
WBGene00008701,0,1,1
WBGene00008702,3,0,3
WBGene00008703,0,1,1
WBGene00008706,2470,7617,10087
WBGene00008707,24,2054,2078
WBGene00008708,31,90,121
WBGene00008709,12,18,30
WBGene00008710,27,1318,1345
WBGene00008711,46,221,267
WBGene00008712,25,163,188
WBGene00008713,39,288,327
WBGene00008714,33,100,133
WBGene00008716,0,1,1
WBGene00008717,1,1,2
WBGene00008719,21,55,76
WBGene00008720,65,2716,2781
WBGene00008722,50,1123,1173
WBGene00008724,3,4,7
WBGene00008725,1,1,2
WBGene00008726,30,234,264
WBGene00008727,8,58,66
WBGene00008728,7,34,41
WBGene00008729,210,4353,4563
WBGene00008730,19,21,40
WBGene00008731,29,35,64
WBGene00008732,19,209,228
WBGene00008733,43,645,688
WBGene00008734,1,1,2
WBGene00008735,471,1469,1940
WBGene00008736,31,166,197
WBGene00008737,10,87,97
WBGene00008739,13,60,73
WBGene00008740,5,456,461
WBGene00008741,65,623,688
WBGene00008742,41,456,497
WBGene00008743,11,183,194
WBGene00008744,143,2521,2664
WBGene00008745,129,6591,6720
WBGene00008746,145,267,412
WBGene00008747,10,125,135
WBGene00008748,39,1138,1177
WBGene00008749,40,791,831
WBGene00008750,346,758,1104
WBGene00008751,0,4,4
WBGene00008752,0,1,1
WBGene00008753,5,5,10
WBGene00008754,6,59,65
WBGene00008755,3,23,26
WBGene00008757,0,100,100
WBGene00008758,1,13,14
WBGene00008759,2,7,9
WBGene00008760,22,792,814
WBGene00008761,64,895,959
WBGene00008762,2,461,463
WBGene00008763,50,314,364
WBGene00008764,44,2415,2459
WBGene00008765,125,7173,7298
WBGene00008766,117,877,994
WBGene00008767,27,1623,1650
WBGene00008768,1138,8155,9293
WBGene00008769,50,2272,2322
WBGene00008770,78,1799,1877
WBGene00008772,0,1,1
WBGene00008773,11,134,145
WBGene00008774,24,427,451
WBGene00008775,121,1207,1328
WBGene00008776,41,157,198
WBGene00008777,174,3461,3635
WBGene00008778,7,12,19
WBGene00008779,102,326,428
WBGene00008780,235,1474,1709
WBGene00008781,206,2522,2728
WBGene00008782,0,5,5
WBGene00008783,152,1025,1177
WBGene00008784,0,11,11
WBGene00008785,5,2,7
WBGene00008786,1,4,5
WBGene00008787,6,22,28
WBGene00008788,0,0,0
WBGene00008789,3,11,14
WBGene00008790,1,0,1
WBGene00008792,0,12,12
WBGene00008793,14,35,49
WBGene00008794,0,35,35
WBGene00008795,4,59,63
WBGene00008796,6,5,11
WBGene00008797,2,9,11
WBGene00008798,5,85,90
WBGene00008799,8,38,46
WBGene00008800,162,3469,3631
WBGene00008801,4,12,16
WBGene00008802,13,76,89
WBGene00008803,760,4881,5641
WBGene00008804,41,106,147
WBGene00008805,97,1106,1203
WBGene00008806,10,462,472
WBGene00008807,7,63,70
WBGene00008808,32,42,74
WBGene00008809,15,5,20
WBGene00008810,93,297,390
WBGene00008811,0,1,1
WBGene00008812,5,6,11
WBGene00008814,1,0,1
WBGene00008815,0,2,2
WBGene00008816,0,0,0
WBGene00008817,0,0,0
WBGene00008818,1,4,5
WBGene00008819,501,1161,1662
WBGene00008820,34,4170,4204
WBGene00008821,3,1,4
WBGene00008822,3,6,9
WBGene00008823,0,0,0
WBGene00008824,1,0,1
WBGene00008825,2,0,2
WBGene00008826,1,11,12
WBGene00008828,1,2,3
WBGene00008829,4,4,8
WBGene00008830,1,24,25
WBGene00008831,1,12,13
WBGene00008832,101,999,1100
WBGene00008833,15,1552,1567
WBGene00008834,17,1836,1853
WBGene00008835,12,364,376
WBGene00008837,5,1,6
WBGene00008838,11,30,41
WBGene00008839,4,2,6
WBGene00008840,5,130,135
WBGene00008841,1374,13221,14595
WBGene00008843,0,1,1
WBGene00008844,1,6,7
WBGene00008847,1,5,6
WBGene00008848,11,389,400
WBGene00008849,44,3,47
WBGene00008850,3,19,22
WBGene00008851,82,585,667
WBGene00008852,1010,5189,6199
WBGene00008853,5,2,7
WBGene00008854,3,6,9
WBGene00008855,2,4,6
WBGene00008856,470,2062,2532
WBGene00008857,37,12719,12756
WBGene00008858,6,26,32
WBGene00008859,4,440,444
WBGene00008860,1257,11161,12418
WBGene00008861,29,866,895
WBGene00008862,15,66,81
WBGene00008863,1,12,13
WBGene00008865,109,3445,3554
WBGene00008866,25,18,43
WBGene00008868,267,404,671
WBGene00008869,12,60,72
WBGene00008870,1,8,9
WBGene00008871,0,2,2
WBGene00008872,1,0,1
WBGene00008874,5,33,38
WBGene00008875,3,234,237
WBGene00008876,195,797,992
WBGene00008877,124,789,913
WBGene00008878,1310,2986,4296
WBGene00008879,104,206,310
WBGene00008880,61,496,557
WBGene00008881,3,11,14
WBGene00008882,134,1398,1532
WBGene00008883,13,82,95
WBGene00008884,5,26,31
WBGene00008885,39,546,585
WBGene00008886,43,80,123
WBGene00008887,50,821,871
WBGene00008889,3,5,8
WBGene00008890,49,160,209
WBGene00008891,0,53,53
WBGene00008892,33,93,126
WBGene00008893,4,2,6
WBGene00008894,13,28,41
WBGene00008897,16,47,63
WBGene00008898,2,0,2
WBGene00008899,4,1,5
WBGene00008900,3,44,47
WBGene00008901,1009,12,1021
WBGene00008902,8,3,11
WBGene00008903,11,8,19
WBGene00008904,0,26,26
WBGene00008905,6,28,34
WBGene00008906,0,8,8
WBGene00008907,0,1,1
WBGene00008908,1,2,3
WBGene00008909,1,6,7
WBGene00008910,109,1872,1981
WBGene00008911,0,0,0
WBGene00008912,4,56,60
WBGene00008914,185,7591,7776
WBGene00008915,200,9774,9974
WBGene00008916,109,70,179
WBGene00008917,29,29,58
WBGene00008918,7,655,662
WBGene00008919,243,2780,3023
WBGene00008920,20655,189851,210506
WBGene00008921,130,1394,1524
WBGene00008922,235,4969,5204
WBGene00008923,58,149,207
WBGene00008924,108,581,689
WBGene00008925,158,3581,3739
WBGene00008926,100,758,858
WBGene00008927,300,1410,1710
WBGene00008928,6,2,8
WBGene00008929,53,1358,1411
WBGene00008930,559,3860,4419
WBGene00008932,268,886,1154
WBGene00008934,387,2072,2459
WBGene00008935,3,17,20
WBGene00008936,13,83,96
WBGene00008937,5,17,22
WBGene00008939,234,1262,1496
WBGene00008940,139,961,1100
WBGene00008944,21,182,203
WBGene00008945,3,16,19
WBGene00008946,6,1,7
WBGene00008947,2,2,4
WBGene00008948,127,3155,3282
WBGene00008949,4,33,37
WBGene00008950,0,6,6
WBGene00008951,195,1504,1699
WBGene00008952,55,267,322
WBGene00008953,139,491,630
WBGene00008954,6,20,26
WBGene00008955,17,28,45
WBGene00008956,74,388,462
WBGene00008957,69,1318,1387
WBGene00008958,5,8,13
WBGene00008959,5,6,11
WBGene00008960,4,0,4
WBGene00008961,29,1547,1576
WBGene00008963,136,2893,3029
WBGene00008964,369,1014,1383
WBGene00008965,45,26,71
WBGene00008967,0,61,61
WBGene00008968,7,121,128
WBGene00008969,74,300,374
WBGene00008970,29,245,274
WBGene00008971,56,1084,1140
WBGene00008972,2,1,3
WBGene00008973,48,3023,3071
WBGene00008974,162,1136,1298
WBGene00008975,48,2333,2381
WBGene00008976,0,79,79
WBGene00008977,26,119,145
WBGene00008978,34,412,446
WBGene00008979,52,1066,1118
WBGene00008980,111,2216,2327
WBGene00008981,1,0,1
WBGene00008982,0,2,2
WBGene00008983,0,1,1
WBGene00008984,2,2,4
WBGene00008985,5,44,49
WBGene00008986,166,1229,1395
WBGene00008987,193,1574,1767
WBGene00008988,16,70,86
WBGene00008989,35,313,348
WBGene00008990,134,2273,2407
WBGene00008991,36,48,84
WBGene00008992,0,87,87
WBGene00008993,50,282,332
WBGene00008994,1,44,45
WBGene00008995,129,250,379
WBGene00008996,47,238,285
WBGene00008997,94,246,340
WBGene00008998,344,2414,2758
WBGene00008999,886,4845,5731
WBGene00009000,22,46,68
WBGene00009001,1,2,3
WBGene00009002,200,2960,3160
WBGene00009004,533,14143,14676
WBGene00009005,15,7,22
WBGene00009006,17,477,494
WBGene00009007,42,1483,1525
WBGene00009008,48,238,286
WBGene00009009,10,259,269
WBGene00009010,52,885,937
WBGene00009011,47,1397,1444
WBGene00009012,148,4188,4336
WBGene00009013,141,3453,3594
WBGene00009014,16,180,196
WBGene00009015,7,22,29
WBGene00009016,13,2,15
WBGene00009017,0,2,2
WBGene00009018,30,246,276
WBGene00009021,0,0,0
WBGene00009022,8,27,35
WBGene00009023,16,176,192
WBGene00009024,5,48,53
WBGene00009025,67,506,573
WBGene00009026,21,272,293
WBGene00009027,92,613,705
WBGene00009028,9,10,19
WBGene00009029,2,35,37
WBGene00009030,21,99,120
WBGene00009031,2,12,14
WBGene00009032,1,4,5
WBGene00009033,2,11,13
WBGene00009035,15,133,148
WBGene00009036,4,1,5
WBGene00009038,40,1,41
WBGene00009039,6,9,15
WBGene00009041,0,86,86
WBGene00009042,14,525,539
WBGene00009043,2,5,7
WBGene00009044,5,12,17
WBGene00009045,30,2129,2159
WBGene00009046,0,0,0
WBGene00009048,45,2410,2455
WBGene00009049,172,3627,3799
WBGene00009050,441,14842,15283
WBGene00009051,724,11991,12715
WBGene00009052,95,2433,2528
WBGene00009054,70,634,704
WBGene00009056,524,5531,6055
WBGene00009057,80,506,586
WBGene00009058,96,3684,3780
WBGene00009059,39,610,649
WBGene00009060,123,492,615
WBGene00009061,3,8,11
WBGene00009063,0,3,3
WBGene00009064,89,742,831
WBGene00009065,309,1687,1996
WBGene00009067,0,6,6
WBGene00009068,33,295,328
WBGene00009069,0,2635,2635
WBGene00009070,1786,59,1845
WBGene00009073,35,82,117
WBGene00009075,5,6,11
WBGene00009077,0,3,3
WBGene00009078,1124,4437,5561
WBGene00009079,1,2,3
WBGene00009081,71,1060,1131
WBGene00009082,210,8817,9027
WBGene00009084,154,3953,4107
WBGene00009085,5,23,28
WBGene00009086,3,6,9
WBGene00009087,2,179,181
WBGene00009088,1,1,2
WBGene00009089,38,341,379
WBGene00009090,37,909,946
WBGene00009091,201,5723,5924
WBGene00009092,228,11285,11513
WBGene00009093,66,423,489
WBGene00009094,43,1155,1198
WBGene00009095,104,478,582
WBGene00009096,57,3834,3891
WBGene00009097,26,3923,3949
WBGene00009098,603,2392,2995
WBGene00009099,16,27,43
WBGene00009100,132,1008,1140
WBGene00009101,18,112,130
WBGene00009102,1,256,257
WBGene00009103,185,4132,4317
WBGene00009106,54,903,957
WBGene00009107,104,200,304
WBGene00009108,12,74,86
WBGene00009109,117,282,399
WBGene00009110,14,893,907
WBGene00009112,75,1858,1933
WBGene00009113,7,83,90
WBGene00009114,7,2,9
WBGene00009115,30,20,50
WBGene00009116,86,1210,1296
WBGene00009117,8,14,22
WBGene00009118,95,2929,3024
WBGene00009119,1585,286878,288463
WBGene00009120,172,1542,1714
WBGene00009121,19,434,453
WBGene00009122,310,75112,75422
WBGene00009123,103,509,612
WBGene00009124,122,546,668
WBGene00009125,43,131,174
WBGene00009126,435,10152,10587
WBGene00009127,114,1420,1534
WBGene00009128,0,1646,1646
WBGene00009129,3,11,14
WBGene00009130,8,1481,1489
WBGene00009131,135,1151,1286
WBGene00009132,49,2365,2414
WBGene00009133,138,1471,1609
WBGene00009134,3,13,16
WBGene00009135,13,175,188
WBGene00009136,5,21,26
WBGene00009137,15,582,597
WBGene00009138,17,1364,1381
WBGene00009139,109,1811,1920
WBGene00009140,104,897,1001
WBGene00009141,1263,6441,7704
WBGene00009142,51,4943,4994
WBGene00009143,4,10,14
WBGene00009144,4,50,54
WBGene00009145,207,1028,1235
WBGene00009146,20,222,242
WBGene00009147,15,3,18
WBGene00009148,30,44,74
WBGene00009149,2,9,11
WBGene00009150,0,2,2
WBGene00009151,0,0,0
WBGene00009152,0,0,0
WBGene00009153,11,113,124
WBGene00009154,1,2,3
WBGene00009155,56,212,268
WBGene00009156,79,181,260
WBGene00009157,142,781,923
WBGene00009158,349,2307,2656
WBGene00009159,65,1291,1356
WBGene00009160,5,4,9
WBGene00009161,1458,50892,52350
WBGene00009162,69,128,197
WBGene00009163,88,437,525
WBGene00009164,58,2008,2066
WBGene00009165,11,1075,1086
WBGene00009166,14,63,77
WBGene00009167,0,0,0
WBGene00009168,2,25,27
WBGene00009169,8,48,56
WBGene00009170,1,12,13
WBGene00009171,7,0,7
WBGene00009172,196,523,719
WBGene00009173,6,78,84
WBGene00009174,247,1709,1956
WBGene00009176,11,838,849
WBGene00009177,55,713,768
WBGene00009178,32,42,74
WBGene00009179,214,1414,1628
WBGene00009180,1893,27756,29649
WBGene00009182,23,69,92
WBGene00009183,12,112,124
WBGene00009184,1,31,32
WBGene00009185,4,9,13
WBGene00009186,1,27,28
WBGene00009187,1120,8241,9361
WBGene00009188,65,2885,2950
WBGene00009189,867,10868,11735
WBGene00009190,157,692,849
WBGene00009191,4,951,955
WBGene00009192,25,84,109
WBGene00009193,7,13,20
WBGene00009194,23,43,66
WBGene00009195,0,1,1
WBGene00009196,6,1,7
WBGene00009197,3,1,4
WBGene00009198,0,0,0
WBGene00009199,0,1,1
WBGene00009200,161,2006,2167
WBGene00009201,69,1304,1373
WBGene00009202,4,55,59
WBGene00009203,8,126,134
WBGene00009204,71,230,301
WBGene00009205,18,127,145
WBGene00009207,62,1792,1854
WBGene00009208,7,24,31
WBGene00009209,0,5,5
WBGene00009211,31,3460,3491
WBGene00009212,1,79,80
WBGene00009213,0,30,30
WBGene00009214,0,2,2
WBGene00009215,0,13,13
WBGene00009216,0,609,609
WBGene00009217,95,109,204
WBGene00009218,57,634,691
WBGene00009219,158,2384,2542
WBGene00009220,553,387,940
WBGene00009221,180,5545,5725
WBGene00009222,0,197,197
WBGene00009223,52,606,658
WBGene00009224,107,206,313
WBGene00009225,20,52,72
WBGene00009226,1,4,5
WBGene00009227,3,26,29
WBGene00009228,6,3,9
WBGene00009229,8,19,27
WBGene00009231,35,228,263
WBGene00009232,2,28,30
WBGene00009233,105,548,653
WBGene00009234,111,418,529
WBGene00009235,1,3,4
WBGene00009236,2,54,56
WBGene00009237,1,512,513
WBGene00009238,0,7,7
WBGene00009239,4,38,42
WBGene00009240,16,57,73
WBGene00009241,16,498,514
WBGene00009242,14,55,69
WBGene00009243,14,855,869
WBGene00009245,126,727,853
WBGene00009246,118,7664,7782
WBGene00009247,3,27,30
WBGene00009248,0,19,19
WBGene00009250,5,85,90
WBGene00009251,7,17,24
WBGene00009252,11,8,19
WBGene00009254,116,2320,2436
WBGene00009255,7,27,34
WBGene00009256,174,1694,1868
WBGene00009257,28,98,126
WBGene00009258,73,331,404
WBGene00009259,17,340,357
WBGene00009260,104,1562,1666
WBGene00009261,2,63,65
WBGene00009262,82,1524,1606
WBGene00009263,91,276,367
WBGene00009264,277,2363,2640
WBGene00009266,132,5375,5507
WBGene00009267,75,2336,2411
WBGene00009268,3,54,57
WBGene00009269,2,2,4
WBGene00009270,8,365,373
WBGene00009271,120,378,498
WBGene00009272,15,282,297
WBGene00009274,101,904,1005
WBGene00009276,62,1247,1309
WBGene00009277,239,688,927
WBGene00009278,26,156,182
WBGene00009279,0,3,3
WBGene00009280,3,68,71
WBGene00009281,0,1,1
WBGene00009283,23,168,191
WBGene00009284,176,1114,1290
WBGene00009285,80,1425,1505
WBGene00009286,51,317,368
WBGene00009287,70,603,673
WBGene00009288,64,457,521
WBGene00009289,49,1429,1478
WBGene00009290,121,2840,2961
WBGene00009291,113,569,682
WBGene00009292,40,140,180
WBGene00009293,11,302,313
WBGene00009294,952,12159,13111
WBGene00009296,0,9,9
WBGene00009297,0,2,2
WBGene00009298,1,2,3
WBGene00009299,12,87,99
WBGene00009300,1,0,1
WBGene00009301,0,0,0
WBGene00009302,1,0,1
WBGene00009303,8,8,16
WBGene00009304,495,1594,2089
WBGene00009305,122,1330,1452
WBGene00009306,33,2600,2633
WBGene00009307,59,5904,5963
WBGene00009308,1,11,12
WBGene00009311,12,21,33
WBGene00009312,1063,29,1092
WBGene00009313,3,3,6
WBGene00009314,382,1443,1825
WBGene00009315,251,1279,1530
WBGene00009316,0,25,25
WBGene00009318,18,96,114
WBGene00009319,158,3725,3883
WBGene00009320,174,840,1014
WBGene00009321,0,1,1
WBGene00009322,83,2049,2132
WBGene00009323,36,891,927
WBGene00009324,22,12,34
WBGene00009325,125,544,669
WBGene00009326,26,118,144
WBGene00009327,4,4,8
WBGene00009328,0,32,32
WBGene00009329,70,681,751
WBGene00009330,53,3133,3186
WBGene00009331,2,171,173
WBGene00009332,7,70,77
WBGene00009333,41,1122,1163
WBGene00009334,441,5197,5638
WBGene00009335,6,154,160
WBGene00009336,133,2742,2875
WBGene00009337,708,4139,4847
WBGene00009338,8,2,10
WBGene00009339,4,21,25
WBGene00009340,625,6039,6664
WBGene00009341,19,789,808
WBGene00009342,611,14264,14875
WBGene00009343,45,629,674
WBGene00009344,0,0,0
WBGene00009345,10,18,28
WBGene00009346,38,241,279
WBGene00009347,24,137,161
WBGene00009349,0,242,242
WBGene00009350,52,277,329
WBGene00009352,72,1735,1807
WBGene00009353,246,12900,13146
WBGene00009354,152,578,730
WBGene00009355,20,606,626
WBGene00009356,12,144,156
WBGene00009357,15,24,39
WBGene00009358,227,2824,3051
WBGene00009359,0,5,5
WBGene00009360,8,22,30
WBGene00009361,81,423,504
WBGene00009362,3,3,6
WBGene00009363,0,1,1
WBGene00009364,10,945,955
WBGene00009365,163,1311,1474
WBGene00009366,55,732,787
WBGene00009367,485,10430,10915
WBGene00009368,125,1197,1322
WBGene00009369,134,1199,1333
WBGene00009370,132,376,508
WBGene00009371,84,601,685
WBGene00009372,199,1211,1410
WBGene00009373,81,681,762
WBGene00009374,216,3276,3492
WBGene00009375,202,1063,1265
WBGene00009377,0,3,3
WBGene00009378,5,9,14
WBGene00009379,1,153,154
WBGene00009380,65,1139,1204
WBGene00009381,7,29,36
WBGene00009382,9,11,20
WBGene00009383,252,2306,2558
WBGene00009384,3,109,112
WBGene00009385,33,1347,1380
WBGene00009386,12,442,454
WBGene00009387,33,113,146
WBGene00009388,1035,14787,15822
WBGene00009389,180,750,930
WBGene00009390,24,61,85
WBGene00009391,1,1,2
WBGene00009392,2,2,4
WBGene00009393,2,36,38
WBGene00009394,92,910,1002
WBGene00009395,3,6,9
WBGene00009396,13,90,103
WBGene00009397,5,45,50
WBGene00009398,8,101,109
WBGene00009399,15,84,99
WBGene00009400,25,196,221
WBGene00009401,0,15,15
WBGene00009402,0,15,15
WBGene00009403,7,101,108
WBGene00009404,6,322,328
WBGene00009405,50,1019,1069
WBGene00009406,139,1315,1454
WBGene00009408,402,5764,6166
WBGene00009409,0,680,680
WBGene00009410,0,1,1
WBGene00009412,6,15,21
WBGene00009413,10,9,19
WBGene00009415,0,2,2
WBGene00009416,6,89,95
WBGene00009417,0,2,2
WBGene00009418,1,1,2
WBGene00009419,0,0,0
WBGene00009420,0,0,0
WBGene00009421,1,1,2
WBGene00009422,0,10,10
WBGene00009423,0,1137,1137
WBGene00009424,6,70,76
WBGene00009426,3,1,4
WBGene00009427,0,7,7
WBGene00009429,2,25,27
WBGene00009430,75,613,688
WBGene00009431,19,185,204
WBGene00009432,21,239,260
WBGene00009433,26,113,139
WBGene00009434,79,684,763
WBGene00009435,69,460,529
WBGene00009436,16,2985,3001
WBGene00009437,5,27,32
WBGene00009438,25,117,142
WBGene00009439,340,2584,2924
WBGene00009440,206,6935,7141
WBGene00009441,53,645,698
WBGene00009442,23,146,169
WBGene00009443,120,2040,2160
WBGene00009444,62,1315,1377
WBGene00009445,36,1504,1540
WBGene00009446,0,0,0
WBGene00009447,11,123,134
WBGene00009448,28,779,807
WBGene00009449,2,14,16
WBGene00009450,35,1542,1577
WBGene00009451,168,2709,2877
WBGene00009452,166,965,1131
WBGene00009453,259,1367,1626
WBGene00009454,3645,39555,43200
WBGene00009455,253,3130,3383
WBGene00009456,130,933,1063
WBGene00009457,0,3,3
WBGene00009458,3,6,9
WBGene00009459,0,16,16
WBGene00009460,326,4042,4368
WBGene00009461,88,617,705
WBGene00009462,89,68,157
WBGene00009463,2,0,2
WBGene00009464,8,4,12
WBGene00009465,8,30,38
WBGene00009466,112,1001,1113
WBGene00009467,7,29,36
WBGene00009468,48,158,206
WBGene00009469,74,499,573
WBGene00009470,0,1,1
WBGene00009471,3,8,11
WBGene00009473,1,6,7
WBGene00009475,485,4355,4840
WBGene00009476,48,504,552
WBGene00009477,672,3889,4561
WBGene00009478,105,2302,2407
WBGene00009479,74,1119,1193
WBGene00009480,4,35,39
WBGene00009481,7,128,135
WBGene00009482,296,2350,2646
WBGene00009483,7,364,371
WBGene00009484,80,255,335
WBGene00009485,6,49,55
WBGene00009486,6,2,8
WBGene00009487,2,13,15
WBGene00009488,2,6,8
WBGene00009489,1,7,8
WBGene00009490,1,8,9
WBGene00009491,0,2,2
WBGene00009492,9,16,25
WBGene00009493,5,147,152
WBGene00009494,0,42,42
WBGene00009495,36,24,60
WBGene00009496,44,396,440
WBGene00009497,0,0,0
WBGene00009498,404,1888,2292
WBGene00009499,208,1039,1247
WBGene00009500,92,1370,1462
WBGene00009501,32,6,38
WBGene00009502,2,4,6
WBGene00009503,126,1828,1954
WBGene00009504,21,582,603
WBGene00009505,25,793,818
WBGene00009507,142,713,855
WBGene00009508,151,1311,1462
WBGene00009509,7,49,56
WBGene00009510,8,52,60
WBGene00009511,148,144,292
WBGene00009512,38,1882,1920
WBGene00009513,2,12,14
WBGene00009514,2849,26190,29039
WBGene00009515,19,26,45
WBGene00009517,0,0,0
WBGene00009518,7,51,58
WBGene00009519,1,3,4
WBGene00009520,1,0,1
WBGene00009521,614,3365,3979
WBGene00009522,1,7,8
WBGene00009523,2,2,4
WBGene00009524,1,0,1
WBGene00009525,2,0,2
WBGene00009526,8,21,29
WBGene00009528,37,225,262
WBGene00009529,10,667,677
WBGene00009530,397,321,718
WBGene00009531,1587,14109,15696
WBGene00009532,628,2135,2763
WBGene00009533,19,389,408
WBGene00009534,154,2288,2442
WBGene00009535,13,22,35
WBGene00009536,256,822,1078
WBGene00009537,0,71,71
WBGene00009538,0,0,0
WBGene00009539,0,0,0
WBGene00009540,14,17,31
WBGene00009541,92,198,290
WBGene00009542,86,3640,3726
WBGene00009543,42,255,297
WBGene00009544,252,468,720
WBGene00009546,0,6,6
WBGene00009547,19,188,207
WBGene00009548,6,10,16
WBGene00009549,2,8,10
WBGene00009550,3,0,3
WBGene00009551,24,231,255
WBGene00009552,124,777,901
WBGene00009553,22,1108,1130
WBGene00009554,20,1717,1737
WBGene00009556,48,489,537
WBGene00009557,60,211,271
WBGene00009558,215,1223,1438
WBGene00009559,23,2450,2473
WBGene00009560,34,80,114
WBGene00009561,13,52,65
WBGene00009562,629,11555,12184
WBGene00009563,126,2978,3104
WBGene00009565,157,1740,1897
WBGene00009566,0,1,1
WBGene00009567,3,0,3
WBGene00009568,0,0,0
WBGene00009569,4,4,8
WBGene00009571,0,2,2
WBGene00009572,1,22,23
WBGene00009573,27,299,326
WBGene00009574,418,2780,3198
WBGene00009575,16,5433,5449
WBGene00009576,44,213,257
WBGene00009577,1156,14847,16003
WBGene00009578,554,12558,13112
WBGene00009579,106,349,455
WBGene00009580,453,4448,4901
WBGene00009581,27,123,150
WBGene00009582,56,291,347
WBGene00009583,276,5677,5953
WBGene00009584,2915,9479,12394
WBGene00009585,36,20,56
WBGene00009586,65,1851,1916
WBGene00009587,260,2975,3235
WBGene00009588,5892,2420,8312
WBGene00009589,4005,1732,5737
WBGene00009592,0,0,0
WBGene00009593,23,98,121
WBGene00009594,647,1978,2625
WBGene00009595,6,46,52
WBGene00009596,4,5,9
WBGene00009597,9,30,39
WBGene00009599,0,0,0
WBGene00009600,2,42,44
WBGene00009601,34,365,399
WBGene00009602,1,8,9
WBGene00009603,3,1,4
WBGene00009604,0,4,4
WBGene00009605,5,6,11
WBGene00009606,0,1,1
WBGene00009607,2,2,4
WBGene00009608,25,148,173
WBGene00009609,1,5,6
WBGene00009610,2,0,2
WBGene00009611,32,60,92
WBGene00009612,0,3,3
WBGene00009613,1,0,1
WBGene00009614,6,17,23
WBGene00009615,0,0,0
WBGene00009616,1,7,8
WBGene00009617,36,150,186
WBGene00009618,12,52,64
WBGene00009619,36,399,435
WBGene00009620,958,3326,4284
WBGene00009621,0,11028,11028
WBGene00009622,22,53,75
WBGene00009623,672,284,956
WBGene00009624,1785,3979,5764
WBGene00009625,12,39,51
WBGene00009626,84,1912,1996
WBGene00009627,20,434,454
WBGene00009628,33,1986,2019
WBGene00009629,83,262,345
WBGene00009630,3,8,11
WBGene00009632,206,1767,1973
WBGene00009633,1,67,68
WBGene00009634,25,1985,2010
WBGene00009635,21,385,406
WBGene00009636,33,333,366
WBGene00009637,2,648,650
WBGene00009638,185,15501,15686
WBGene00009639,6,2151,2157
WBGene00009640,4,563,567
WBGene00009641,5,5,10
WBGene00009642,15,45,60
WBGene00009643,0,2,2
WBGene00009644,1,0,1
WBGene00009645,86,817,903
WBGene00009646,3,19,22
WBGene00009647,75,130,205
WBGene00009648,9,674,683
WBGene00009649,71,68,139
WBGene00009650,40,1770,1810
WBGene00009652,7,24,31
WBGene00009653,58,406,464
WBGene00009654,300,1078,1378
WBGene00009657,100,899,999
WBGene00009658,0,10,10
WBGene00009659,0,3,3
WBGene00009660,472,3546,4018
WBGene00009661,131,4058,4189
WBGene00009662,0,4,4
WBGene00009663,1,16,17
WBGene00009664,238,12857,13095
WBGene00009665,18,853,871
WBGene00009666,62,2033,2095
WBGene00009667,417,298,715
WBGene00009668,73,2136,2209
WBGene00009670,2,5,7
WBGene00009671,176,3994,4170
WBGene00009672,236,2040,2276
WBGene00009673,70,450,520
WBGene00009674,272,3629,3901
WBGene00009675,15,64,79
WBGene00009676,149,1086,1235
WBGene00009677,7,192,199
WBGene00009678,276,999,1275
WBGene00009679,52,294,346
WBGene00009680,0,0,0
WBGene00009681,0,8,8
WBGene00009682,0,0,0
WBGene00009683,1,15,16
WBGene00009684,0,0,0
WBGene00009685,0,2,2
WBGene00009686,15,51,66
WBGene00009687,0,1,1
WBGene00009688,2281,20692,22973
WBGene00009689,1,3,4
WBGene00009690,10,10,20
WBGene00009691,0,5023,5023
WBGene00009692,0,6088,6088
WBGene00009695,2,5,7
WBGene00009696,4,41,45
WBGene00009698,1,12,13
WBGene00009700,86,652,738
WBGene00009701,1,78,79
WBGene00009702,7,109,116
WBGene00009704,1,0,1
WBGene00009705,2,2,4
WBGene00009706,13,78,91
WBGene00009707,1,6,7
WBGene00009708,7,2,9
WBGene00009709,28,32,60
WBGene00009710,9,54,63
WBGene00009711,264,2315,2579
WBGene00009712,4,8096,8100
WBGene00009713,648,3149,3797
WBGene00009714,0,50,50
WBGene00009715,64,1687,1751
WBGene00009716,17,121,138
WBGene00009717,210,1900,2110
WBGene00009720,7,81,88
WBGene00009721,22,17,39
WBGene00009722,57,2492,2549
WBGene00009723,56,5938,5994
WBGene00009724,49,4010,4059
WBGene00009725,0,11,11
WBGene00009726,70,321,391
WBGene00009727,22,131,153
WBGene00009728,3,56,59
WBGene00009729,11,103,114
WBGene00009730,400,3140,3540
WBGene00009731,55,625,680
WBGene00009732,525,8147,8672
WBGene00009733,9,376,385
WBGene00009734,173,2145,2318
WBGene00009735,31,259,290
WBGene00009736,224,1196,1420
WBGene00009738,85,247,332
WBGene00009739,2364,8637,11001
WBGene00009740,591,13977,14568
WBGene00009741,19,144,163
WBGene00009742,147,279,426
WBGene00009743,39,116,155
WBGene00009744,52,746,798
WBGene00009745,33,786,819
WBGene00009746,0,2,2
WBGene00009747,0,2,2
WBGene00009748,0,3,3
WBGene00009749,2,0,2
WBGene00009750,0,24,24
WBGene00009751,0,0,0
WBGene00009753,3,2,5
WBGene00009754,0,6,6
WBGene00009755,1,3,4
WBGene00009756,3,8,11
WBGene00009758,1,3,4
WBGene00009759,0,0,0
WBGene00009760,1,11,12
WBGene00009761,0,1,1
WBGene00009762,1,0,1
WBGene00009763,0,2,2
WBGene00009765,0,0,0
WBGene00009766,4,0,4
WBGene00009767,0,1,1
WBGene00009768,12,27,39
WBGene00009769,16,543,559
WBGene00009770,134,1085,1219
WBGene00009771,128,2036,2164
WBGene00009772,250,18425,18675
WBGene00009773,4,255,259
WBGene00009774,6,539,545
WBGene00009775,0,0,0
WBGene00009776,66,849,915
WBGene00009777,11,17,28
WBGene00009778,3,24,27
WBGene00009779,175,1568,1743
WBGene00009780,64,184,248
WBGene00009781,348,2087,2435
WBGene00009782,35,292,327
WBGene00009783,119,4032,4151
WBGene00009784,57,2326,2383
WBGene00009785,50,402,452
WBGene00009787,743,65464,66207
WBGene00009788,1,10,11
WBGene00009789,160,285,445
WBGene00009790,68,446,514
WBGene00009791,8,37,45
WBGene00009793,44,2212,2256
WBGene00009796,33,585,618
WBGene00009797,351,3069,3420
WBGene00009798,18,15,33
WBGene00009799,102,641,743
WBGene00009800,149,1533,1682
WBGene00009801,103,716,819
WBGene00009802,0,4,4
WBGene00009803,129,1788,1917
WBGene00009804,178,3136,3314
WBGene00009805,0,0,0
WBGene00009806,3,147,150
WBGene00009807,4,25,29
WBGene00009808,0,15,15
WBGene00009809,22,424,446
WBGene00009810,2,69,71
WBGene00009811,3,21,24
WBGene00009812,80,9565,9645
WBGene00009813,109,1377,1486
WBGene00009814,2,31,33
WBGene00009815,0,6,6
WBGene00009816,7,56,63
WBGene00009817,3,29,32
WBGene00009818,264,1913,2177
WBGene00009819,113,364,477
WBGene00009820,11,52,63
WBGene00009822,26,33,59
WBGene00009823,21,262,283
WBGene00009824,7,142,149
WBGene00009825,95,512,607
WBGene00009826,11,51,62
WBGene00009827,9,16,25
WBGene00009829,84,6962,7046
WBGene00009830,9,93,102
WBGene00009831,33,813,846
WBGene00009833,2,7,9
WBGene00009834,0,4,4
WBGene00009835,19,8,27
WBGene00009836,16,0,16
WBGene00009839,7,8,15
WBGene00009840,6,15,21
WBGene00009841,4,0,4
WBGene00009842,15,181,196
WBGene00009843,49,1049,1098
WBGene00009844,13,37,50
WBGene00009848,317,2121,2438
WBGene00009849,12,18,30
WBGene00009850,184,903,1087
WBGene00009851,43,2471,2514
WBGene00009852,0,6,6
WBGene00009853,5,14,19
WBGene00009854,2,3,5
WBGene00009855,0,3,3
WBGene00009856,1,2,3
WBGene00009857,0,1,1
WBGene00009858,0,0,0
WBGene00009859,1,0,1
WBGene00009860,1,0,1
WBGene00009861,0,2,2
WBGene00009862,0,24,24
WBGene00009863,1,3,4
WBGene00009865,40,280,320
WBGene00009866,0,0,0
WBGene00009867,26,21,47
WBGene00009868,0,0,0
WBGene00009869,1,1,2
WBGene00009871,1,2,3
WBGene00009872,3,22,25
WBGene00009873,3,7,10
WBGene00009874,2,2,4
WBGene00009875,0,8,8
WBGene00009876,13,102,115
WBGene00009877,27,191,218
WBGene00009878,20,1532,1552
WBGene00009879,24,116,140
WBGene00009880,789,7007,7796
WBGene00009881,272,7271,7543
WBGene00009882,92,8058,8150
WBGene00009883,19,58,77
WBGene00009884,1,12,13
WBGene00009885,26,195,221
WBGene00009886,40,269,309
WBGene00009887,32,715,747
WBGene00009888,3920,34612,38532
WBGene00009889,83,2735,2818
WBGene00009890,15,38,53
WBGene00009891,22,118,140
WBGene00009892,0,1,1
WBGene00009893,0,0,0
WBGene00009894,0,0,0
WBGene00009895,10,138,148
WBGene00009896,349,6146,6495
WBGene00009897,9,31,40
WBGene00009898,0,0,0
WBGene00009899,112,1375,1487
WBGene00009900,0,130,130
WBGene00009901,45,547,592
WBGene00009902,3,46,49
WBGene00009903,7,56,63
WBGene00009904,8,83,91
WBGene00009905,4,1,5
WBGene00009906,1,0,1
WBGene00009907,0,0,0
WBGene00009908,1,5,6
WBGene00009909,0,0,0
WBGene00009912,8,2,10
WBGene00009913,0,0,0
WBGene00009914,0,2,2
WBGene00009915,63,7668,7731
WBGene00009916,38,320,358
WBGene00009917,232,1390,1622
WBGene00009918,45,4058,4103
WBGene00009919,183,2487,2670
WBGene00009920,988,7723,8711
WBGene00009921,11,249,260
WBGene00009922,65,965,1030
WBGene00009923,36,329,365
WBGene00009924,126,1257,1383
WBGene00009925,21,3095,3116
WBGene00009926,163,4130,4293
WBGene00009927,86,405,491
WBGene00009929,21,56,77
WBGene00009930,20,752,772
WBGene00009931,9,220,229
WBGene00009933,3,3,6
WBGene00009934,5,2,7
WBGene00009935,33,441,474
WBGene00009937,122,841,963
WBGene00009938,6,13,19
WBGene00009939,95,1559,1654
WBGene00009940,270,5142,5412
WBGene00009941,0,0,0
WBGene00009942,9,16,25
WBGene00009943,75,207,282
WBGene00009944,49,1501,1550
WBGene00009945,237,3319,3556
WBGene00009946,11,146,157
WBGene00009947,94,1072,1166
WBGene00009948,1,48,49
WBGene00009949,44,765,809
WBGene00009950,6,11,17
WBGene00009951,85,450,535
WBGene00009952,617,12024,12641
WBGene00009953,68,434,502
WBGene00009954,1,0,1
WBGene00009955,2,956,958
WBGene00009956,4,1,5
WBGene00009957,73,900,973
WBGene00009958,214,1592,1806
WBGene00009959,1,8,9
WBGene00009960,0,2,2
WBGene00009961,5,3,8
WBGene00009962,33,7,40
WBGene00009963,14,13,27
WBGene00009964,21,198,219
WBGene00009965,58,382,440
WBGene00009966,63,2524,2587
WBGene00009967,12,73,85
WBGene00009968,420,3899,4319
WBGene00009969,70,646,716
WBGene00009971,15,57,72
WBGene00009973,719,11275,11994
WBGene00009974,165,4446,4611
WBGene00009975,960,2467,3427
WBGene00009976,95,1413,1508
WBGene00009977,133,1105,1238
WBGene00009978,1211,2441,3652
WBGene00009979,72,5,77
WBGene00009980,123,3836,3959
WBGene00009981,32,363,395
WBGene00009982,157,44401,44558
WBGene00009983,3,11238,11241
WBGene00009984,104,315,419
WBGene00009985,25,313,338
WBGene00009986,58,519,577
WBGene00009987,178,2472,2650
WBGene00009988,54,51,105
WBGene00009990,1,4,5
WBGene00009992,713,17996,18709
WBGene00009993,10,8482,8492
WBGene00009994,24,700,724
WBGene00009995,19296,133618,152914
WBGene00009996,98,1994,2092
WBGene00009997,2,15,17
WBGene00009998,5,2,7
WBGene00009999,4,9,13
WBGene00010000,2,14,16
WBGene00010001,43,1728,1771
WBGene00010002,67,930,997
WBGene00010003,57,352,409
WBGene00010004,30,25,55
WBGene00010005,3,7,10
WBGene00010006,2798,1799,4597
WBGene00010007,1,5,6
WBGene00010008,22,155,177
WBGene00010009,19,209,228
WBGene00010010,37,336,373
WBGene00010011,24,33,57
WBGene00010012,1457,6748,8205
WBGene00010013,192,3397,3589
WBGene00010014,7,5,12
WBGene00010015,74,6831,6905
WBGene00010016,0,1,1
WBGene00010017,0,0,0
WBGene00010018,5,39,44
WBGene00010019,54,251,305
WBGene00010020,1,1,2
WBGene00010021,0,1,1
WBGene00010022,1,0,1
WBGene00010023,1,20,21
WBGene00010025,1,10,11
WBGene00010026,0,1,1
WBGene00010027,33,173,206
WBGene00010028,34,978,1012
WBGene00010030,0,32,32
WBGene00010031,394,19,413
WBGene00010032,58,1223,1281
WBGene00010033,110,1239,1349
WBGene00010034,7,3,10
WBGene00010035,7,27,34
WBGene00010036,1,48,49
WBGene00010037,355,7321,7676
WBGene00010038,126,1457,1583
WBGene00010039,126,413,539
WBGene00010040,24,1343,1367
WBGene00010041,0,186,186
WBGene00010042,75,1323,1398
WBGene00010043,74,543,617
WBGene00010044,443,4866,5309
WBGene00010045,253,1847,2100
WBGene00010046,3,36,39
WBGene00010047,36,321,357
WBGene00010048,58,541,599
WBGene00010049,79,418,497
WBGene00010050,20,185,205
WBGene00010051,127,1158,1285
WBGene00010052,133,3918,4051
WBGene00010053,6,551,557
WBGene00010054,204,2971,3175
WBGene00010055,527,11072,11599
WBGene00010056,9,1911,1920
WBGene00010057,30,127,157
WBGene00010058,8,52,60
WBGene00010059,81,2245,2326
WBGene00010060,29,135,164
WBGene00010061,46,969,1015
WBGene00010062,6,46,52
WBGene00010063,30,176,206
WBGene00010064,14,453,467
WBGene00010065,3,10,13
WBGene00010066,2,7,9
WBGene00010067,0,0,0
WBGene00010068,0,77,77
WBGene00010069,32,71,103
WBGene00010070,131,689,820
WBGene00010071,418,55,473
WBGene00010072,50,174,224
WBGene00010073,182,397,579
WBGene00010074,57,173,230
WBGene00010075,29,4151,4180
WBGene00010077,91,268,359
WBGene00010079,318,2126,2444
WBGene00010080,46,650,696
WBGene00010081,6,201,207
WBGene00010082,1,184,185
WBGene00010083,70,293,363
WBGene00010084,1,0,1
WBGene00010085,0,0,0
WBGene00010086,588,100,688
WBGene00010087,0,0,0
WBGene00010088,10,90,100
WBGene00010089,68,646,714
WBGene00010091,0,0,0
WBGene00010093,10,902,912
WBGene00010094,93,5354,5447
WBGene00010096,204,1418,1622
WBGene00010097,146,3803,3949
WBGene00010098,0,13,13
WBGene00010099,0,0,0
WBGene00010100,5,27,32
WBGene00010101,0,1,1
WBGene00010102,1,9,10
WBGene00010103,24,1,25
WBGene00010104,0,0,0
WBGene00010105,0,5,5
WBGene00010106,0,27,27
WBGene00010107,0,0,0
WBGene00010108,0,3,3
WBGene00010109,56,1648,1704
WBGene00010110,55,1019,1074
WBGene00010111,145,1032,1177
WBGene00010113,117,675,792
WBGene00010114,3,3,6
WBGene00010115,56,886,942
WBGene00010116,43,89,132
WBGene00010117,282,3298,3580
WBGene00010118,10,46,56
WBGene00010119,10,59,69
WBGene00010120,3,20,23
WBGene00010121,11,4,15
WBGene00010122,0,18,18
WBGene00010123,5,44,49
WBGene00010124,4,16,20
WBGene00010125,0,1,1
WBGene00010126,1,0,1
WBGene00010127,0,0,0
WBGene00010128,5,21,26
WBGene00010129,0,0,0
WBGene00010130,150,7111,7261
WBGene00010131,33,1013,1046
WBGene00010132,215,676,891
WBGene00010133,0,1871,1871
WBGene00010134,23,46,69
WBGene00010135,4,1048,1052
WBGene00010136,8,6,14
WBGene00010137,149,232,381
WBGene00010138,35,53,88
WBGene00010139,244,6372,6616
WBGene00010140,35,332,367
WBGene00010141,75,519,594
WBGene00010142,161,101,262
WBGene00010143,43,160,203
WBGene00010144,3,51,54
WBGene00010145,10,3,13
WBGene00010146,489,1229,1718
WBGene00010147,0,1,1
WBGene00010148,18,138,156
WBGene00010149,0,0,0
WBGene00010150,163,157,320
WBGene00010152,2,13,15
WBGene00010153,1,12,13
WBGene00010155,14,53,67
WBGene00010157,10,18,28
WBGene00010158,0,0,0
WBGene00010159,399,1230,1629
WBGene00010160,182,727,909
WBGene00010161,269,789,1058
WBGene00010162,2,7,9
WBGene00010163,49,142,191
WBGene00010164,0,2,2
WBGene00010165,14,18,32
WBGene00010166,3,5,8
WBGene00010167,9,0,9
WBGene00010168,6,6,12
WBGene00010169,0,2,2
WBGene00010170,1,0,1
WBGene00010171,0,0,0
WBGene00010172,2,1,3
WBGene00010173,2,3,5
WBGene00010174,644,9232,9876
WBGene00010175,165,849,1014
WBGene00010176,8,38,46
WBGene00010177,828,4363,5191
WBGene00010178,118,2163,2281
WBGene00010179,77,583,660
WBGene00010180,0,2,2
WBGene00010181,6,4,10
WBGene00010182,1,7,8
WBGene00010183,1,27,28
WBGene00010184,1,15,16
WBGene00010185,5,45,50
WBGene00010186,2,28,30
WBGene00010187,5,8,13
WBGene00010188,24,351,375
WBGene00010189,1,32,33
WBGene00010191,44,1846,1890
WBGene00010192,36,919,955
WBGene00010193,6,236,242
WBGene00010194,1,60,61
WBGene00010195,14,159,173
WBGene00010196,4,14,18
WBGene00010197,46,1473,1519
WBGene00010198,72,397,469
WBGene00010199,105,3380,3485
WBGene00010200,98,135,233
WBGene00010202,11,414,425
WBGene00010203,2,22,24
WBGene00010204,9,1175,1184
WBGene00010205,16,179,195
WBGene00010206,0,0,0
WBGene00010212,233,41,274
WBGene00010214,50,168,218
WBGene00010215,4,3,7
WBGene00010216,0,1,1
WBGene00010217,3,4,7
WBGene00010218,2,2,4
WBGene00010219,0,2,2
WBGene00010220,1,4,5
WBGene00010221,91,6066,6157
WBGene00010222,40,150,190
WBGene00010223,30,55,85
WBGene00010224,135,584,719
WBGene00010225,142,2084,2226
WBGene00010226,2,13,15
WBGene00010227,51,551,602
WBGene00010228,17,10,27
WBGene00010229,94,685,779
WBGene00010230,150,3883,4033
WBGene00010231,270,4422,4692
WBGene00010232,132,4247,4379
WBGene00010233,61,548,609
WBGene00010234,1,670,671
WBGene00010235,45,684,729
WBGene00010236,71,1686,1757
WBGene00010237,2,24,26
WBGene00010238,9,138,147
WBGene00010239,27,758,785
WBGene00010241,3,22,25
WBGene00010242,78,295,373
WBGene00010243,29,92,121
WBGene00010244,396,7769,8165
WBGene00010245,1,1,2
WBGene00010246,1,21,22
WBGene00010247,2,3,5
WBGene00010248,31,1683,1714
WBGene00010249,38,10,48
WBGene00010250,41,45,86
WBGene00010251,289,763,1052
WBGene00010253,1,13,14
WBGene00010254,0,1,1
WBGene00010255,0,1,1
WBGene00010256,4,33,37
WBGene00010257,0,12,12
WBGene00010258,32,313,345
WBGene00010259,881,2429,3310
WBGene00010260,233,15185,15418
WBGene00010261,3,5,8
WBGene00010262,185,3278,3463
WBGene00010263,7,187,194
WBGene00010264,95,341,436
WBGene00010265,0,2,2
WBGene00010266,114,1530,1644
WBGene00010267,19,146,165
WBGene00010268,39,454,493
WBGene00010269,80,1266,1346
WBGene00010270,2,1,3
WBGene00010272,277,2145,2422
WBGene00010273,11,12,23
WBGene00010274,6,60,66
WBGene00010275,79,237,316
WBGene00010277,0,32,32
WBGene00010278,0,49,49
WBGene00010279,110,2985,3095
WBGene00010280,109,2361,2470
WBGene00010281,9,290,299
WBGene00010282,16,31,47
WBGene00010283,43,440,483
WBGene00010284,206,3868,4074
WBGene00010285,15,232,247
WBGene00010286,37,636,673
WBGene00010288,77,1048,1125
WBGene00010289,4,10,14
WBGene00010290,72,4233,4305
WBGene00010291,117,828,945
WBGene00010292,0,1,1
WBGene00010293,11,175,186
WBGene00010296,0,100,100
WBGene00010297,9,16,25
WBGene00010298,0,2,2
WBGene00010299,2,1,3
WBGene00010300,0,0,0
WBGene00010301,0,1,1
WBGene00010302,411,1109,1520
WBGene00010303,354,29895,30249
WBGene00010304,165,881,1046
WBGene00010305,156,2151,2307
WBGene00010306,525,2503,3028
WBGene00010307,4,438,442
WBGene00010308,77,359,436
WBGene00010309,33,219,252
WBGene00010310,43,408,451
WBGene00010311,5,171,176
WBGene00010314,0,1,1
WBGene00010315,52,253,305
WBGene00010316,279,661,940
WBGene00010317,291,17998,18289
WBGene00010318,29,181,210
WBGene00010319,61,629,690
WBGene00010320,105,697,802
WBGene00010321,89,1219,1308
WBGene00010322,30,27,57
WBGene00010323,2,6,8
WBGene00010324,0,1,1
WBGene00010325,22,1325,1347
WBGene00010326,1204,9111,10315
WBGene00010327,166,394,560
WBGene00010328,5,72,77
WBGene00010329,83,859,942
WBGene00010330,463863,146,464009
WBGene00010331,97,453,550
WBGene00010332,15,306,321
WBGene00010333,329,5888,6217
WBGene00010334,29,60,89
WBGene00010335,553,1797,2350
WBGene00010336,30,116,146
WBGene00010337,1413,12103,13516
WBGene00010338,86,926,1012
WBGene00010339,18,850,868
WBGene00010340,21,67,88
WBGene00010341,16,51,67
WBGene00010342,37,45,82
WBGene00010343,3,4,7
WBGene00010344,26,209,235
WBGene00010345,46,234,280
WBGene00010348,17,621,638
WBGene00010349,40,169,209
WBGene00010350,332,784,1116
WBGene00010351,4,290,294
WBGene00010352,6,16,22
WBGene00010353,1,91,92
WBGene00010354,265,264,529
WBGene00010355,0,1,1
WBGene00010356,55,725,780
WBGene00010357,82,563,645
WBGene00010358,0,1,1
WBGene00010359,1,3,4
WBGene00010360,5,8,13
WBGene00010361,19,16,35
WBGene00010362,1,311,312
WBGene00010363,18,158,176
WBGene00010364,1,78,79
WBGene00010365,3,13,16
WBGene00010366,6,0,6
WBGene00010367,29,282,311
WBGene00010368,7,20,27
WBGene00010369,178,3404,3582
WBGene00010370,654,4565,5219
WBGene00010372,23,29,52
WBGene00010373,4,22,26
WBGene00010374,426,1486,1912
WBGene00010375,16,245,261
WBGene00010377,0,0,0
WBGene00010378,0,5,5
WBGene00010379,0,0,0
WBGene00010380,1,1,2
WBGene00010381,4,3,7
WBGene00010382,0,53,53
WBGene00010383,57,392,449
WBGene00010385,278,488,766
WBGene00010386,140,168,308
WBGene00010387,0,17,17
WBGene00010388,2,10,12
WBGene00010389,22,3,25
WBGene00010391,8,7,15
WBGene00010392,5,0,5
WBGene00010394,9,6,15
WBGene00010395,0,0,0
WBGene00010396,24,144,168
WBGene00010397,9,525,534
WBGene00010399,0,0,0
WBGene00010401,2,4,6
WBGene00010403,7,19,26
WBGene00010404,0,0,0
WBGene00010405,159,5440,5599
WBGene00010406,63,3665,3728
WBGene00010407,77,1905,1982
WBGene00010408,119,1719,1838
WBGene00010409,101,640,741
WBGene00010410,0,0,0
WBGene00010411,2,3,5
WBGene00010412,0,3,3
WBGene00010413,1,1,2
WBGene00010414,3,0,3
WBGene00010415,2,3,5
WBGene00010416,317,2352,2669
WBGene00010417,0,0,0
WBGene00010418,47,828,875
WBGene00010419,4331,104721,109052
WBGene00010420,121,884,1005
WBGene00010421,30,148,178
WBGene00010422,60,831,891
WBGene00010423,67,119,186
WBGene00010424,14,181,195
WBGene00010425,206,9322,9528
WBGene00010426,11,5,16
WBGene00010427,615,1069,1684
WBGene00010428,158,2181,2339
WBGene00010429,4,6,10
WBGene00010432,2,1394,1396
WBGene00010433,100,1137,1237
WBGene00010434,77,75,152
WBGene00010435,333,4312,4645
WBGene00010436,0,320,320
WBGene00010437,93,847,940
WBGene00010439,62,661,723
WBGene00010440,913,17250,18163
WBGene00010442,108,744,852
WBGene00010444,419,1521,1940
WBGene00010446,0,60,60
WBGene00010447,1,16,17
WBGene00010448,55,289,344
WBGene00010449,39,428,467
WBGene00010450,154,1511,1665
WBGene00010451,42,4,46
WBGene00010453,64,527,591
WBGene00010454,27,353,380
WBGene00010455,26,159,185
WBGene00010456,66,1042,1108
WBGene00010457,15,152,167
WBGene00010458,35,1974,2009
WBGene00010459,2,683,685
WBGene00010460,16,34,50
WBGene00010461,0,11,11
WBGene00010464,25,120,145
WBGene00010465,94,970,1064
WBGene00010466,2,7,9
WBGene00010467,0,17,17
WBGene00010468,12,408,420
WBGene00010469,0,18,18
WBGene00010470,159,628,787
WBGene00010471,350,3494,3844
WBGene00010472,11,979,990
WBGene00010473,40,173,213
WBGene00010474,2,28,30
WBGene00010475,526,947,1473
WBGene00010476,40,1489,1529
WBGene00010477,4,150,154
WBGene00010478,173,20076,20249
WBGene00010479,205,1723,1928
WBGene00010480,876,4717,5593
WBGene00010481,19,945,964
WBGene00010483,1,2,3
WBGene00010484,117,1909,2026
WBGene00010485,0,23,23
WBGene00010486,2,0,2
WBGene00010487,25,19,44
WBGene00010488,713,4388,5101
WBGene00010491,7,1464,1471
WBGene00010492,1,4,5
WBGene00010493,1,7,8
WBGene00010494,1,4,5
WBGene00010495,4,10,14
WBGene00010496,112,1324,1436
WBGene00010497,31,156,187
WBGene00010498,116,597,713
WBGene00010499,2,9,11
WBGene00010500,381,3197,3578
WBGene00010501,61,724,785
WBGene00010502,72,1119,1191
WBGene00010503,34,471,505
WBGene00010504,45,462,507
WBGene00010505,46,363,409
WBGene00010506,18,64,82
WBGene00010507,453,3297,3750
WBGene00010508,17,5,22
WBGene00010509,0,23,23
WBGene00010510,4,1,5
WBGene00010511,5,4,9
WBGene00010512,381,4617,4998
WBGene00010513,517,3394,3911
WBGene00010514,527,5050,5577
WBGene00010515,336,4756,5092
WBGene00010516,63,576,639
WBGene00010518,74,363,437
WBGene00010519,5,13,18
WBGene00010520,31,457,488
WBGene00010521,46,186,232
WBGene00010522,11,183,194
WBGene00010523,6,7,13
WBGene00010524,4,215,219
WBGene00010525,42,360,402
WBGene00010526,0,1,1
WBGene00010527,0,0,0
WBGene00010528,0,1,1
WBGene00010530,2,0,2
WBGene00010531,0,0,0
WBGene00010534,5,0,5
WBGene00010535,4,4,8
WBGene00010536,3,2,5
WBGene00010537,214,494,708
WBGene00010538,23,157,180
WBGene00010539,304,3208,3512
WBGene00010540,18,200,218
WBGene00010541,810,7216,8026
WBGene00010542,5,694,699
WBGene00010544,1,7,8
WBGene00010545,6,61,67
WBGene00010546,1,150,151
WBGene00010547,1,1,2
WBGene00010550,135,1427,1562
WBGene00010551,120,980,1100
WBGene00010552,26,463,489
WBGene00010553,20,369,389
WBGene00010554,12,66,78
WBGene00010555,0,2,2
WBGene00010556,725,245286,246011
WBGene00010557,35,1183,1218
WBGene00010558,146,422,568
WBGene00010559,2,55,57
WBGene00010560,419,13187,13606
WBGene00010562,98,1281,1379
WBGene00010563,25,33,58
WBGene00010564,207,2363,2570
WBGene00010565,13,412,425
WBGene00010566,48,205,253
WBGene00010567,102,1102,1204
WBGene00010568,16,22,38
WBGene00010569,73,401,474
WBGene00010570,2,1,3
WBGene00010571,4,13,17
WBGene00010572,26,317,343
WBGene00010573,88,366,454
WBGene00010574,0,10,10
WBGene00010575,27,471,498
WBGene00010576,1,1,2
WBGene00010577,5,0,5
WBGene00010578,1,0,1
WBGene00010579,47,6495,6542
WBGene00010580,39,23,62
WBGene00010581,5,54,59
WBGene00010582,239,2262,2501
WBGene00010583,4,1447,1451
WBGene00010584,14,26,40
WBGene00010585,176,445,621
WBGene00010586,6,6,12
WBGene00010587,59,249,308
WBGene00010588,2,5,7
WBGene00010589,4,36,40
WBGene00010590,1,1,2
WBGene00010591,1,1,2
WBGene00010592,25,176,201
WBGene00010593,763,9113,9876
WBGene00010594,72,243,315
WBGene00010595,214,1724,1938
WBGene00010596,2,8,10
WBGene00010597,253,284,537
WBGene00010598,0,0,0
WBGene00010599,13,18,31
WBGene00010600,0,9,9
WBGene00010601,0,1,1
WBGene00010602,2,12,14
WBGene00010603,7,33,40
WBGene00010604,2,87,89
WBGene00010605,101,424,525
WBGene00010606,2,32,34
WBGene00010607,26,11,37
WBGene00010608,53,483,536
WBGene00010609,207,1619,1826
WBGene00010610,228,1776,2004
WBGene00010611,0,2,2
WBGene00010612,5,10,15
WBGene00010613,2,4,6
WBGene00010614,15,23,38
WBGene00010615,132,1428,1560
WBGene00010616,176,6683,6859
WBGene00010617,9,78,87
WBGene00010619,104,1088,1192
WBGene00010620,163,1857,2020
WBGene00010621,3,406,409
WBGene00010622,66,842,908
WBGene00010623,33,78,111
WBGene00010624,365,3749,4114
WBGene00010625,139,1495,1634
WBGene00010626,537,2586,3123
WBGene00010627,1619,24029,25648
WBGene00010628,19,186,205
WBGene00010629,138,2973,3111
WBGene00010630,13,281,294
WBGene00010631,296,3172,3468
WBGene00010632,383,2285,2668
WBGene00010633,0,4,4
WBGene00010634,1,3,4
WBGene00010635,0,7,7
WBGene00010636,27,142,169
WBGene00010637,20,146,166
WBGene00010638,270,2184,2454
WBGene00010639,556,6078,6634
WBGene00010640,103,479,582
WBGene00010641,58,1635,1693
WBGene00010642,54,562,616
WBGene00010643,7,46,53
WBGene00010644,10,21,31
WBGene00010645,176,2175,2351
WBGene00010646,98,108,206
WBGene00010647,8,926,934
WBGene00010648,155,1553,1708
WBGene00010649,180,1264,1444
WBGene00010650,0,0,0
WBGene00010651,1,5,6
WBGene00010652,7,23,30
WBGene00010653,0,1,1
WBGene00010654,6,15,21
WBGene00010655,5,6,11
WBGene00010656,0,3,3
WBGene00010657,8,94,102
WBGene00010658,2,89,91
WBGene00010659,5,59,64
WBGene00010660,50,312,362
WBGene00010661,14,276,290
WBGene00010662,6,12,18
WBGene00010663,72,215,287
WBGene00010664,54,1457,1511
WBGene00010665,308,5217,5525
WBGene00010666,2,339,341
WBGene00010667,66,743,809
WBGene00010668,0,2,2
WBGene00010669,33,60,93
WBGene00010670,37,4110,4147
WBGene00010671,30,1244,1274
WBGene00010672,0,1,1
WBGene00010673,10,57,67
WBGene00010674,35,840,875
WBGene00010675,230,1698,1928
WBGene00010676,111,1359,1470
WBGene00010677,176,10130,10306
WBGene00010678,21,405,426
WBGene00010679,6,28,34
WBGene00010680,13,44,57
WBGene00010681,546,14199,14745
WBGene00010682,13,44,57
WBGene00010683,16,102,118
WBGene00010684,2,4,6
WBGene00010685,151,1664,1815
WBGene00010686,6,30,36
WBGene00010687,41,1378,1419
WBGene00010688,1,3,4
WBGene00010689,2,8,10
WBGene00010690,0,3,3
WBGene00010691,1,22,23
WBGene00010692,0,1,1
WBGene00010693,44,53,97
WBGene00010694,23,4,27
WBGene00010697,76,1324,1400
WBGene00010698,3,15,18
WBGene00010699,365,2458,2823
WBGene00010700,201,2330,2531
WBGene00010701,86,3351,3437
WBGene00010702,84,409,493
WBGene00010703,906,5888,6794
WBGene00010704,8,399,407
WBGene00010705,29,220,249
WBGene00010706,1,8,9
WBGene00010707,0,8,8
WBGene00010708,49,152,201
WBGene00010709,133,482,615
WBGene00010711,0,268,268
WBGene00010712,16,28,44
WBGene00010713,343,1279,1622
WBGene00010714,51,52,103
WBGene00010715,0,1,1
WBGene00010716,25,183,208
WBGene00010717,6,51,57
WBGene00010718,6,25,31
WBGene00010719,6,1,7
WBGene00010720,35,1104,1139
WBGene00010721,103,1229,1332
WBGene00010722,59,234,293
WBGene00010723,14,2174,2188
WBGene00010724,139,682,821
WBGene00010725,86,928,1014
WBGene00010726,770,742,1512
WBGene00010727,219,5656,5875
WBGene00010728,0,4,4
WBGene00010729,1,0,1
WBGene00010730,23,3421,3444
WBGene00010731,367,2654,3021
WBGene00010732,301,1909,2210
WBGene00010734,44,225,269
WBGene00010735,137,208,345
WBGene00010736,343,4067,4410
WBGene00010737,20,337,357
WBGene00010738,963,1443,2406
WBGene00010740,0,915,915
WBGene00010741,8,248,256
WBGene00010742,198,3403,3601
WBGene00010743,6,13,19
WBGene00010744,147,1238,1385
WBGene00010745,6,27,33
WBGene00010746,33,1,34
WBGene00010747,4,10,14
WBGene00010748,1,0,1
WBGene00010749,6,37,43
WBGene00010750,4,10,14
WBGene00010752,1,18,19
WBGene00010754,1,0,1
WBGene00010755,6,230,236
WBGene00010756,92,949,1041
WBGene00010757,13,265,278
WBGene00010758,99,788,887
WBGene00010759,190,2163,2353
WBGene00010760,0,15,15
WBGene00010761,1,0,1
WBGene00010762,3,7,10
WBGene00010763,1,1,2
WBGene00010764,2,3,5
WBGene00010765,6,39,45
WBGene00010766,62,2459,2521
WBGene00010767,12,369,381
WBGene00010768,44,63,107
WBGene00010769,9,243,252
WBGene00010770,113,249,362
WBGene00010771,64,640,704
WBGene00010772,1100,2192,3292
WBGene00010773,157,2565,2722
WBGene00010774,10,48,58
WBGene00010775,16,19,35
WBGene00010776,170,732,902
WBGene00010778,332,5756,6088
WBGene00010779,4,2,6
WBGene00010780,151,2088,2239
WBGene00010781,4,58,62
WBGene00010782,13,86,99
WBGene00010783,288,3302,3590
WBGene00010784,84,251,335
WBGene00010785,103,4034,4137
WBGene00010786,16,8,24
WBGene00010787,7,131,138
WBGene00010788,37,145,182
WBGene00010789,41,30,71
WBGene00010790,267,23342,23609
WBGene00010791,6,92,98
WBGene00010792,24,166,190
WBGene00010793,136,666,802
WBGene00010794,480,11536,12016
WBGene00010795,26,282,308
WBGene00010796,522,3240,3762
WBGene00010797,0,1,1
WBGene00010798,0,1,1
WBGene00010799,31,205,236
WBGene00010800,1,5,6
WBGene00010801,0,6,6
WBGene00010802,3,0,3
WBGene00010803,14,525,539
WBGene00010804,0,5,5
WBGene00010805,17,357,374
WBGene00010806,229,2127,2356
WBGene00010807,17,969,986
WBGene00010808,1,5,6
WBGene00010809,54,4463,4517
WBGene00010810,215,1357,1572
WBGene00010811,56,733,789
WBGene00010812,434,5967,6401
WBGene00010813,252,820,1072
WBGene00010814,66,239,305
WBGene00010815,106,460,566
WBGene00010817,0,0,0
WBGene00010819,0,2,2
WBGene00010820,5,1,6
WBGene00010821,2,3,5
WBGene00010822,10,45,55
WBGene00010823,0,0,0
WBGene00010825,6,5,11
WBGene00010827,55,954,1009
WBGene00010828,721,2599,3320
WBGene00010829,7,16,23
WBGene00010830,13,37,50
WBGene00010831,14,28,42
WBGene00010832,2,26,28
WBGene00010833,82,626,708
WBGene00010834,28,2418,2446
WBGene00010835,53,369,422
WBGene00010836,773,181,954
WBGene00010837,65,1260,1325
WBGene00010838,137,890,1027
WBGene00010839,66,358,424
WBGene00010840,544,1344,1888
WBGene00010842,441,2194,2635
WBGene00010843,39,107,146
WBGene00010844,139,2074,2213
WBGene00010845,261,3980,4241
WBGene00010846,35,237,272
WBGene00010847,107,1284,1391
WBGene00010848,5,331,336
WBGene00010849,436,328,764
WBGene00010850,27,40,67
WBGene00010851,0,25,25
WBGene00010854,0,0,0
WBGene00010855,89,9,98
WBGene00010856,425,1616,2041
WBGene00010857,45,44,89
WBGene00010858,51,431,482
WBGene00010859,13,57,70
WBGene00010862,1,6,7
WBGene00010863,7,17,24
WBGene00010864,38,341,379
WBGene00010865,24,159,183
WBGene00010866,0,1,1
WBGene00010867,106,1074,1180
WBGene00010868,241,5882,6123
WBGene00010869,0,39,39
WBGene00010870,12,180,192
WBGene00010871,39,156,195
WBGene00010872,59,3390,3449
WBGene00010873,47,456,503
WBGene00010874,113,67,180
WBGene00010875,84,1237,1321
WBGene00010876,12,20,32
WBGene00010877,169,1254,1423
WBGene00010878,93,3026,3119
WBGene00010879,142,7503,7645
WBGene00010880,52,42,94
WBGene00010881,85,335,420
WBGene00010882,70,1532,1602
WBGene00010883,2,8,10
WBGene00010884,70,358,428
WBGene00010885,2,2,4
WBGene00010886,0,11,11
WBGene00010887,322,2817,3139
WBGene00010888,1539,11650,13189
WBGene00010889,15,317,332
WBGene00010890,184,2165,2349
WBGene00010891,8,763,771
WBGene00010892,12,635,647
WBGene00010893,51,606,657
WBGene00010894,9,2,11
WBGene00010895,2,5,7
WBGene00010896,628,46860,47488
WBGene00010897,182,631,813
WBGene00010898,102,523,625
WBGene00010899,16,55,71
WBGene00010900,6,3,9
WBGene00010901,2,52,54
WBGene00010902,102,834,936
WBGene00010904,14,97,111
WBGene00010905,179,3982,4161
WBGene00010906,6,23,29
WBGene00010907,20,291,311
WBGene00010908,268,2970,3238
WBGene00010909,234,3062,3296
WBGene00010910,514,740,1254
WBGene00010911,156,1389,1545
WBGene00010912,199,2866,3065
WBGene00010913,104,1240,1344
WBGene00010915,4,0,4
WBGene00010916,13,51,64
WBGene00010917,16,171,187
WBGene00010918,316,1346,1662
WBGene00010919,5,22,27
WBGene00010920,10,17,27
WBGene00010922,2,1195,1197
WBGene00010923,254,1103,1357
WBGene00010924,13,149,162
WBGene00010925,10,10,20
WBGene00010926,0,61,61
WBGene00010927,0,0,0
WBGene00010928,0,35,35
WBGene00010929,1,2,3
WBGene00010931,13,136,149
WBGene00010933,2,1,3
WBGene00010934,7,45,52
WBGene00010935,12,3337,3349
WBGene00010936,53,525,578
WBGene00010937,4,25,29
WBGene00010938,2,3,5
WBGene00010939,18,10,28
WBGene00010940,5,844,849
WBGene00010941,99,1080,1179
WBGene00010942,684,8768,9452
WBGene00010943,12,403,415
WBGene00010944,64,1535,1599
WBGene00010945,1,142,143
WBGene00010946,12,10,22
WBGene00010947,1,397,398
WBGene00010948,4,13,17
WBGene00010949,2,3,5
WBGene00010950,2,4,6
WBGene00010951,71,512,583
WBGene00010953,2,3,5
WBGene00010954,2,0,2
WBGene00010955,2,0,2
WBGene00010956,0,6,6
WBGene00010957,0,1238888,1238888
WBGene00010958,0,599814,599814
WBGene00010959,0,223265,223265
WBGene00010960,0,1055861,1055861
WBGene00010961,0,82058,82058
WBGene00010962,0,870667,870667
WBGene00010963,0,102577,102577
WBGene00010964,0,497489,497489
WBGene00010965,0,754148,754148
WBGene00010966,0,37339,37339
WBGene00010967,0,101815,101815
WBGene00010968,9,128,137
WBGene00010969,0,13,13
WBGene00010970,158,961,1119
WBGene00010971,10,151,161
WBGene00010972,7,241,248
WBGene00010973,11,67,78
WBGene00010974,92,426,518
WBGene00010975,94,562,656
WBGene00010976,10,943,953
WBGene00010977,17,118,135
WBGene00010978,3,34,37
WBGene00010979,108,84,192
WBGene00010980,4,12,16
WBGene00010981,78,963,1041
WBGene00010982,300,3492,3792
WBGene00010983,28,52,80
WBGene00010984,17,1691,1708
WBGene00010985,40,138,178
WBGene00010986,119,376,495
WBGene00010987,54,456,510
WBGene00010988,133,2201,2334
WBGene00010989,6,162,168
WBGene00010990,155,2029,2184
WBGene00010991,9,31,40
WBGene00010992,2,0,2
WBGene00010993,121,5605,5726
WBGene00010994,682,4541,5223
WBGene00010995,4,4,8
WBGene00010996,2,0,2
WBGene00010998,2,13,15
WBGene00010999,5,3,8
WBGene00011000,21,13,34
WBGene00011001,1,3,4
WBGene00011002,47,157,204
WBGene00011003,127,892,1019
WBGene00011004,279,1008,1287
WBGene00011005,1,10,11
WBGene00011006,2,49,51
WBGene00011008,3,1,4
WBGene00011009,6,30,36
WBGene00011010,1,2,3
WBGene00011011,0,2,2
WBGene00011012,0,0,0
WBGene00011013,8,31,39
WBGene00011014,38,185,223
WBGene00011015,5569,66465,72034
WBGene00011016,47,1655,1702
WBGene00011017,20,2595,2615
WBGene00011018,412,1331,1743
WBGene00011019,640,11306,11946
WBGene00011020,168,2759,2927
WBGene00011021,273,2611,2884
WBGene00011023,2,10,12
WBGene00011024,1,0,1
WBGene00011025,4,0,4
WBGene00011026,1892,5391,7283
WBGene00011027,36,104,140
WBGene00011028,727,1258,1985
WBGene00011029,233,1623,1856
WBGene00011030,57,258,315
WBGene00011032,110,2264,2374
WBGene00011033,39,1454,1493
WBGene00011034,71,1117,1188
WBGene00011035,189,1997,2186
WBGene00011036,62,823,885
WBGene00011037,43,734,777
WBGene00011038,320,8394,8714
WBGene00011039,9,108,117
WBGene00011040,40,428,468
WBGene00011041,0,2,2
WBGene00011042,2,127,129
WBGene00011043,804,2469,3273
WBGene00011044,91,191,282
WBGene00011045,309,1591,1900
WBGene00011046,3,5,8
WBGene00011047,21,632,653
WBGene00011049,4,24,28
WBGene00011050,269,1859,2128
WBGene00011051,621,1892,2513
WBGene00011052,5,4,9
WBGene00011053,10,1,11
WBGene00011054,72,1231,1303
WBGene00011055,138,1500,1638
WBGene00011056,4,10,14
WBGene00011058,391,1145,1536
WBGene00011059,7336,96824,104160
WBGene00011060,124,1675,1799
WBGene00011061,67,1099,1166
WBGene00011062,1,91,92
WBGene00011063,9,113,122
WBGene00011064,180,1932,2112
WBGene00011065,8,146,154
WBGene00011066,34,277,311
WBGene00011067,71,948,1019
WBGene00011068,40,827,867
WBGene00011069,37,240,277
WBGene00011070,285,6511,6796
WBGene00011071,154,1067,1221
WBGene00011072,3096,25688,28784
WBGene00011073,23,267,290
WBGene00011074,27,235,262
WBGene00011075,30,165,195
WBGene00011076,6,58,64
WBGene00011077,51,44,95
WBGene00011078,4,58,62
WBGene00011079,7,99,106
WBGene00011081,5,80,85
WBGene00011082,8,101,109
WBGene00011083,26,17,43
WBGene00011084,1,1,2
WBGene00011087,23,371,394
WBGene00011088,3,100,103
WBGene00011089,16,709,725
WBGene00011090,48,253,301
WBGene00011092,47,320,367
WBGene00011093,53,335,388
WBGene00011094,10,118,128
WBGene00011095,53,2360,2413
WBGene00011096,2,3,5
WBGene00011097,118,490,608
WBGene00011098,13,92,105
WBGene00011099,15,161,176
WBGene00011100,52,206,258
WBGene00011101,77,86,163
WBGene00011102,19,533,552
WBGene00011103,6,337,343
WBGene00011104,25,12,37
WBGene00011105,81,1153,1234
WBGene00011106,84,1826,1910
WBGene00011107,17,369,386
WBGene00011108,28,600,628
WBGene00011109,70,1396,1466
WBGene00011110,885,5830,6715
WBGene00011111,74,3769,3843
WBGene00011112,23,1115,1138
WBGene00011113,19,22,41
WBGene00011114,4,29,33
WBGene00011115,68,1781,1849
WBGene00011116,112,4201,4313
WBGene00011117,7,258,265
WBGene00011119,1150,10592,11742
WBGene00011120,1,15,16
WBGene00011121,28,320,348
WBGene00011122,380,3170,3550
WBGene00011123,259,836,1095
WBGene00011124,11,225,236
WBGene00011127,0,13,13
WBGene00011128,82,6827,6909
WBGene00011129,1,24,25
WBGene00011130,4184,6,4190
WBGene00011131,149,350,499
WBGene00011132,0,3,3
WBGene00011133,0,6,6
WBGene00011134,0,0,0
WBGene00011135,0,0,0
WBGene00011136,6,68,74
WBGene00011137,10,387,397
WBGene00011139,113,1146,1259
WBGene00011140,9,30,39
WBGene00011141,42,356,398
WBGene00011142,86,1556,1642
WBGene00011143,71,894,965
WBGene00011144,392,2402,2794
WBGene00011145,60,944,1004
WBGene00011146,365,2308,2673
WBGene00011147,38,199,237
WBGene00011150,2,0,2
WBGene00011151,1,2,3
WBGene00011152,2,5,7
WBGene00011153,2,3,5
WBGene00011154,71,1052,1123
WBGene00011155,1236,16493,17729
WBGene00011156,12312,170227,182539
WBGene00011157,0,3,3
WBGene00011158,0,3,3
WBGene00011159,1,3,4
WBGene00011161,0,5,5
WBGene00011162,0,1,1
WBGene00011163,0,1,1
WBGene00011164,1,0,1
WBGene00011166,2,18,20
WBGene00011167,0,9,9
WBGene00011168,3,6,9
WBGene00011169,0,0,0
WBGene00011170,0,0,0
WBGene00011171,40,97,137
WBGene00011172,0,6,6
WBGene00011173,2,1,3
WBGene00011175,6,9,15
WBGene00011176,0,9,9
WBGene00011177,0,1,1
WBGene00011179,32,493,525
WBGene00011180,10,56,66
WBGene00011181,20,300,320
WBGene00011182,130,474,604
WBGene00011183,2,6,8
WBGene00011184,1,52,53
WBGene00011185,8,313,321
WBGene00011186,3,6,9
WBGene00011187,2,20,22
WBGene00011188,10,182,192
WBGene00011189,25,163,188
WBGene00011190,15,80,95
WBGene00011191,5,25,30
WBGene00011192,9,15,24
WBGene00011193,49,1159,1208
WBGene00011194,97,625,722
WBGene00011195,25,1829,1854
WBGene00011196,11,0,11
WBGene00011197,5,48,53
WBGene00011198,68,2736,2804
WBGene00011200,7,10,17
WBGene00011201,20,138,158
WBGene00011202,9,15,24
WBGene00011203,4,55,59
WBGene00011205,201,2365,2566
WBGene00011206,77,591,668
WBGene00011207,14,8,22
WBGene00011208,1,1,2
WBGene00011209,2,2,4
WBGene00011211,5,1,6
WBGene00011212,5,31,36
WBGene00011213,6,7,13
WBGene00011214,2,93,95
WBGene00011215,39,110,149
WBGene00011216,123,1270,1393
WBGene00011217,113,516,629
WBGene00011218,41,452,493
WBGene00011219,3,10,13
WBGene00011220,8,91,99
WBGene00011221,277,1965,2242
WBGene00011222,29,362,391
WBGene00011223,48,457,505
WBGene00011224,66,439,505
WBGene00011225,17,312,329
WBGene00011226,97,432,529
WBGene00011227,6,472,478
WBGene00011228,9,22,31
WBGene00011229,0,4,4
WBGene00011230,112,3338,3450
WBGene00011231,27,2108,2135
WBGene00011232,1847,38570,40417
WBGene00011234,0,29,29
WBGene00011235,89,682,771
WBGene00011236,29,440,469
WBGene00011237,78,1733,1811
WBGene00011238,114,181,295
WBGene00011239,265,3783,4048
WBGene00011240,324,3974,4298
WBGene00011241,14,88,102
WBGene00011242,77,550,627
WBGene00011243,3,38,41
WBGene00011244,10,1392,1402
WBGene00011245,1,11,12
WBGene00011246,5,15,20
WBGene00011247,383,4827,5210
WBGene00011248,76,957,1033
WBGene00011249,2,4,6
WBGene00011250,72,1421,1493
WBGene00011251,47,178,225
WBGene00011252,1,8,9
WBGene00011253,38,1422,1460
WBGene00011254,42,2176,2218
WBGene00011255,17,81,98
WBGene00011257,9,533,542
WBGene00011258,15,108,123
WBGene00011259,445,2403,2848
WBGene00011260,12,55,67
WBGene00011261,379,420,799
WBGene00011262,17,95,112
WBGene00011263,8,1623,1631
WBGene00011264,15,41,56
WBGene00011265,9,355,364
WBGene00011266,0,49,49
WBGene00011267,3,96,99
WBGene00011268,164,976,1140
WBGene00011269,62,131,193
WBGene00011270,401,5286,5687
WBGene00011271,113,782,895
WBGene00011272,80,2368,2448
WBGene00011273,2155,77343,79498
WBGene00011274,140,932,1072
WBGene00011275,29,501,530
WBGene00011276,94,1740,1834
WBGene00011277,0,6,6
WBGene00011278,2,221,223
WBGene00011279,791,3564,4355
WBGene00011280,79,1131,1210
WBGene00011281,190,1966,2156
WBGene00011282,371,2795,3166
WBGene00011283,720,4360,5080
WBGene00011284,40,2504,2544
WBGene00011285,102,1132,1234
WBGene00011286,21,216,237
WBGene00011287,72,584,656
WBGene00011288,0,100,100
WBGene00011289,20,9640,9660
WBGene00011290,0,1,1
WBGene00011291,44,242,286
WBGene00011292,212,2429,2641
WBGene00011293,45,29,74
WBGene00011295,0,0,0
WBGene00011296,2,34,36
WBGene00011297,1,0,1
WBGene00011298,119,695,814
WBGene00011299,244,1432,1676
WBGene00011300,161,6864,7025
WBGene00011302,399,1857,2256
WBGene00011303,374,2287,2661
WBGene00011304,3331,8701,12032
WBGene00011305,17,533,550
WBGene00011306,90,1389,1479
WBGene00011307,160,826,986
WBGene00011308,262,3963,4225
WBGene00011309,962,3807,4769
WBGene00011310,37,279,316
WBGene00011311,397,3433,3830
WBGene00011312,10,981,991
WBGene00011313,1,22,23
WBGene00011314,79,393,472
WBGene00011315,26,309,335
WBGene00011317,61,851,912
WBGene00011318,10,537,547
WBGene00011319,88,796,884
WBGene00011320,0,28,28
WBGene00011321,1,54,55
WBGene00011322,1,4,5
WBGene00011323,85,1500,1585
WBGene00011324,4,442,446
WBGene00011325,11,151,162
WBGene00011326,138,1854,1992
WBGene00011327,0,30,30
WBGene00011328,171,548,719
WBGene00011329,69,1034,1103
WBGene00011330,13,118,131
WBGene00011331,2325,1020,3345
WBGene00011333,176,2649,2825
WBGene00011334,144,2867,3011
WBGene00011335,15,62,77
WBGene00011336,0,1,1
WBGene00011337,146,6032,6178
WBGene00011338,164,1594,1758
WBGene00011339,48,186,234
WBGene00011340,7,34,41
WBGene00011341,0,7,7
WBGene00011342,2,4,6
WBGene00011344,423,1717,2140
WBGene00011345,5,696,701
WBGene00011348,123,794,917
WBGene00011349,136,1535,1671
WBGene00011350,0,40,40
WBGene00011351,23,100,123
WBGene00011352,268,2846,3114
WBGene00011353,102,620,722
WBGene00011354,3,7,10
WBGene00011355,6,93,99
WBGene00011356,3,3,6
WBGene00011358,3,3,6
WBGene00011359,23,2,25
WBGene00011360,2,6,8
WBGene00011361,27,153,180
WBGene00011362,4,8,12
WBGene00011363,0,27,27
WBGene00011364,9,45,54
WBGene00011365,6,54,60
WBGene00011366,18,271,289
WBGene00011367,53,997,1050
WBGene00011368,69,619,688
WBGene00011371,29,114,143
WBGene00011372,391,423,814
WBGene00011373,0,0,0
WBGene00011374,1739,12285,14024
WBGene00011375,135,1085,1220
WBGene00011376,18,368,386
WBGene00011378,8,16,24
WBGene00011379,1,3,4
WBGene00011380,70,359,429
WBGene00011381,35,229,264
WBGene00011382,85,758,843
WBGene00011383,196,6072,6268
WBGene00011384,17,18,35
WBGene00011385,126,335,461
WBGene00011386,1,5,6
WBGene00011387,2,0,2
WBGene00011388,3,6,9
WBGene00011389,0,0,0
WBGene00011390,0,1,1
WBGene00011391,587,3500,4087
WBGene00011392,251,23116,23367
WBGene00011393,72,935,1007
WBGene00011394,3,12,15
WBGene00011395,2,0,2
WBGene00011396,5,27,32
WBGene00011397,7,11,18
WBGene00011398,530,5801,6331
WBGene00011399,2,459,461
WBGene00011400,79,245,324
WBGene00011401,4,20,24
WBGene00011402,9,19,28
WBGene00011403,4,5,9
WBGene00011404,31,181,212
WBGene00011407,57,505,562
WBGene00011408,298,4612,4910
WBGene00011409,35,2821,2856
WBGene00011410,17,1201,1218
WBGene00011411,5,516,521
WBGene00011412,182,4386,4568
WBGene00011414,5,10,15
WBGene00011415,37,393,430
WBGene00011416,0,0,0
WBGene00011417,0,0,0
WBGene00011418,0,0,0
WBGene00011419,0,0,0
WBGene00011420,0,0,0
WBGene00011422,159,1202,1361
WBGene00011423,210,1172,1382
WBGene00011424,3,49,52
WBGene00011425,37,55,92
WBGene00011426,26,34,60
WBGene00011427,10,26,36
WBGene00011428,612,12847,13459
WBGene00011429,7,55,62
WBGene00011430,21,166,187
WBGene00011431,11,60,71
WBGene00011432,0,4,4
WBGene00011433,300,1424,1724
WBGene00011434,36,845,881
WBGene00011435,11,34,45
WBGene00011436,170,3202,3372
WBGene00011437,25,188,213
WBGene00011438,0,3,3
WBGene00011439,20,100,120
WBGene00011440,25,905,930
WBGene00011441,136,1010,1146
WBGene00011442,106,321,427
WBGene00011443,19,399,418
WBGene00011444,94,713,807
WBGene00011445,21,76,97
WBGene00011446,61,2729,2790
WBGene00011447,34,640,674
WBGene00011449,83,2321,2404
WBGene00011450,12,664,676
WBGene00011451,38,351,389
WBGene00011452,38,200,238
WBGene00011453,12,106,118
WBGene00011454,48,234,282
WBGene00011456,107,405,512
WBGene00011458,5,113,118
WBGene00011460,55,124,179
WBGene00011462,17,31,48
WBGene00011463,51,358,409
WBGene00011464,55,699,754
WBGene00011465,30,280,310
WBGene00011466,2,15,17
WBGene00011467,2,6,8
WBGene00011468,17,12,29
WBGene00011469,1,2,3
WBGene00011471,32,248,280
WBGene00011472,1,1,2
WBGene00011473,14,302,316
WBGene00011474,69,46652,46721
WBGene00011475,4,113,117
WBGene00011476,34,185,219
WBGene00011478,2,11,13
WBGene00011479,89,1301,1390
WBGene00011480,1001,17059,18060
WBGene00011481,24,10982,11006
WBGene00011482,21,197,218
WBGene00011484,22,1174,1196
WBGene00011485,0,1,1
WBGene00011486,0,2,2
WBGene00011487,25,66,91
WBGene00011488,293,2589,2882
WBGene00011489,26,483,509
WBGene00011490,98,1481,1579
WBGene00011491,2,0,2
WBGene00011492,9,16,25
WBGene00011493,0,3,3
WBGene00011494,2,5,7
WBGene00011495,11,162,173
WBGene00011497,70,638,708
WBGene00011498,1282,11969,13251
WBGene00011499,7,13,20
WBGene00011500,48,970,1018
WBGene00011501,4,174,178
WBGene00011502,29,763,792
WBGene00011503,340,1340,1680
WBGene00011505,0,2,2
WBGene00011506,0,1,1
WBGene00011507,110,3665,3775
WBGene00011508,1,15,16
WBGene00011509,3,163,166
WBGene00011510,413,7273,7686
WBGene00011511,469,2239,2708
WBGene00011512,24,169,193
WBGene00011513,2,146,148
WBGene00011515,3,4,7
WBGene00011516,0,8,8
WBGene00011517,22,171,193
WBGene00011518,4,3,7
WBGene00011519,3,8,11
WBGene00011520,48,301,349
WBGene00011521,0,8,8
WBGene00011522,190,3940,4130
WBGene00011523,14,22,36
WBGene00011524,45,157,202
WBGene00011526,169,2437,2606
WBGene00011527,47,3650,3697
WBGene00011528,83,1453,1536
WBGene00011529,70,2102,2172
WBGene00011530,39,226,265
WBGene00011531,476,8578,9054
WBGene00011532,330,2298,2628
WBGene00011533,0,17,17
WBGene00011534,12,71,83
WBGene00011535,58,1042,1100
WBGene00011536,60,1002,1062
WBGene00011537,0,1437,1437
WBGene00011538,67,2791,2858
WBGene00011539,0,6,6
WBGene00011540,7,28,35
WBGene00011541,2,0,2
WBGene00011542,1,1,2
WBGene00011543,95,788,883
WBGene00011544,8,2,10
WBGene00011545,27,339,366
WBGene00011546,27,281,308
WBGene00011547,2,9,11
WBGene00011548,45,584,629
WBGene00011551,64,483,547
WBGene00011552,13,7,20
WBGene00011553,0,0,0
WBGene00011554,73,144,217
WBGene00011556,14,57,71
WBGene00011557,2,17,19
WBGene00011558,150,4939,5089
WBGene00011559,88,963,1051
WBGene00011560,10,607,617
WBGene00011561,312,9020,9332
WBGene00011562,142,950,1092
WBGene00011563,9,25,34
WBGene00011564,1221,7188,8409
WBGene00011565,4,21,25
WBGene00011566,10,39,49
WBGene00011568,21,20,41
WBGene00011570,2,1,3
WBGene00011571,170,4055,4225
WBGene00011572,70,298,368
WBGene00011573,65,4664,4729
WBGene00011574,1,15,16
WBGene00011575,18,266,284
WBGene00011576,53,342,395
WBGene00011577,1,3,4
WBGene00011578,12,30,42
WBGene00011579,273,2181,2454
WBGene00011580,67,1465,1532
WBGene00011581,8,52,60
WBGene00011582,4,35,39
WBGene00011583,1,6,7
WBGene00011584,0,0,0
WBGene00011586,97,4185,4282
WBGene00011587,16,149,165
WBGene00011589,34,1075,1109
WBGene00011590,157,469,626
WBGene00011591,6,117,123
WBGene00011592,129,160,289
WBGene00011593,11,315,326
WBGene00011594,8,83,91
WBGene00011595,0,4,4
WBGene00011596,17,123,140
WBGene00011597,939,124,1063
WBGene00011600,8,139,147
WBGene00011601,48,187,235
WBGene00011604,294,1549,1843
WBGene00011605,252,5003,5255
WBGene00011606,15,81,96
WBGene00011609,0,0,0
WBGene00011610,1,24,25
WBGene00011611,22,204,226
WBGene00011612,49,32,81
WBGene00011613,25,153,178
WBGene00011614,6,245,251
WBGene00011615,10,227,237
WBGene00011616,3,1,4
WBGene00011618,0,0,0
WBGene00011619,1,0,1
WBGene00011620,2,1,3
WBGene00011621,0,0,0
WBGene00011622,10,9,19
WBGene00011623,14,50,64
WBGene00011624,184,1310,1494
WBGene00011625,33,741,774
WBGene00011626,0,0,0
WBGene00011627,0,0,0
WBGene00011628,0,0,0
WBGene00011629,526,12546,13072
WBGene00011630,19,84,103
WBGene00011631,404,3129,3533
WBGene00011633,27,308,335
WBGene00011634,196,2266,2462
WBGene00011635,62,1186,1248
WBGene00011636,313,2229,2542
WBGene00011637,127,1357,1484
WBGene00011638,62,7893,7955
WBGene00011639,358,1960,2318
WBGene00011640,10,279,289
WBGene00011641,0,2489,2489
WBGene00011642,4,44,48
WBGene00011643,12,87,99
WBGene00011644,16,101,117
WBGene00011645,35,616,651
WBGene00011646,9,36,45
WBGene00011647,704,4990,5694
WBGene00011648,116,1248,1364
WBGene00011649,5,7,12
WBGene00011650,0,0,0
WBGene00011651,6,1,7
WBGene00011652,1,0,1
WBGene00011653,4,2,6
WBGene00011654,4,1,5
WBGene00011655,0,8,8
WBGene00011656,0,0,0
WBGene00011657,0,1,1
WBGene00011658,1,0,1
WBGene00011659,0,0,0
WBGene00011661,107,1991,2098
WBGene00011662,86,1733,1819
WBGene00011663,178,474,652
WBGene00011664,29,472,501
WBGene00011665,15,135,150
WBGene00011666,1,2,3
WBGene00011668,0,5,5
WBGene00011669,2,4,6
WBGene00011670,1,10,11
WBGene00011671,9,7,16
WBGene00011672,82,633,715
WBGene00011673,4,75,79
WBGene00011674,3,24,27
WBGene00011675,18,11,29
WBGene00011676,46,800,846
WBGene00011677,23,45,68
WBGene00011678,42,617,659
WBGene00011679,146,6793,6939
WBGene00011680,30,594,624
WBGene00011681,149,3028,3177
WBGene00011682,95,562,657
WBGene00011683,545,4653,5198
WBGene00011684,24,71,95
WBGene00011685,0,4,4
WBGene00011686,0,0,0
WBGene00011687,44,3484,3528
WBGene00011688,37,617,654
WBGene00011689,17,57,74
WBGene00011691,2,7,9
WBGene00011692,2075,12375,14450
WBGene00011693,7,20,27
WBGene00011694,495,2075,2570
WBGene00011695,26,56,82
WBGene00011696,397,3428,3825
WBGene00011697,3,19,22
WBGene00011698,7,81,88
WBGene00011699,1,17,18
WBGene00011701,3,15,18
WBGene00011702,5,20,25
WBGene00011704,0,1,1
WBGene00011705,26,134,160
WBGene00011706,22,222,244
WBGene00011707,7,112,119
WBGene00011708,1380,13157,14537
WBGene00011709,10,91,101
WBGene00011710,0,4,4
WBGene00011712,0,37,37
WBGene00011713,11,348,359
WBGene00011714,0,0,0
WBGene00011715,0,13,13
WBGene00011717,38,693,731
WBGene00011718,42,343,385
WBGene00011719,59,559,618
WBGene00011720,359,2131,2490
WBGene00011722,174,2665,2839
WBGene00011723,280,2393,2673
WBGene00011724,2,1,3
WBGene00011725,16,215,231
WBGene00011726,192,877,1069
WBGene00011727,68,822,890
WBGene00011728,8,73,81
WBGene00011729,201,2840,3041
WBGene00011730,77,8574,8651
WBGene00011731,30,494,524
WBGene00011732,714,3924,4638
WBGene00011733,6,356,362
WBGene00011734,273,8069,8342
WBGene00011735,741,6749,7490
WBGene00011736,345,11861,12206
WBGene00011737,142,4156,4298
WBGene00011738,55,724,779
WBGene00011739,19,487,506
WBGene00011740,332,3580,3912
WBGene00011741,4,37,41
WBGene00011742,43,1250,1293
WBGene00011743,428,5159,5587
WBGene00011744,18,133,151
WBGene00011745,68,253,321
WBGene00011746,8,275,283
WBGene00011747,95,1454,1549
WBGene00011749,0,40,40
WBGene00011750,4,12,16
WBGene00011751,0,2,2
WBGene00011752,17,79,96
WBGene00011753,3,27,30
WBGene00011754,9,25,34
WBGene00011755,953,3943,4896
WBGene00011756,64,579,643
WBGene00011757,18,106,124
WBGene00011758,157,3576,3733
WBGene00011759,16,4860,4876
WBGene00011760,54,1043,1097
WBGene00011761,31,926,957
WBGene00011762,23,255,278
WBGene00011763,193,8088,8281
WBGene00011765,109,512,621
WBGene00011767,845,3436,4281
WBGene00011768,26,1116,1142
WBGene00011770,4,28,32
WBGene00011771,703,6423,7126
WBGene00011772,172,205,377
WBGene00011773,7,940,947
WBGene00011774,105,972,1077
WBGene00011775,360,4448,4808
WBGene00011776,20,602,622
WBGene00011777,1,149,150
WBGene00011778,1,0,1
WBGene00011779,1,0,1
WBGene00011780,2,0,2
WBGene00011781,2,0,2
WBGene00011782,1,2,3
WBGene00011783,0,0,0
WBGene00011784,1,0,1
WBGene00011785,2,3,5
WBGene00011786,2,2,4
WBGene00011788,10,206,216
WBGene00011789,11,60,71
WBGene00011790,1,5,6
WBGene00011791,0,6,6
WBGene00011793,70,157,227
WBGene00011794,55,1002,1057
WBGene00011795,7,76,83
WBGene00011796,11,235,246
WBGene00011797,5,6,11
WBGene00011798,21,38,59
WBGene00011799,3,8,11
WBGene00011800,9,81,90
WBGene00011801,10,137,147
WBGene00011802,67,1399,1466
WBGene00011803,25,222,247
WBGene00011804,226,94,320
WBGene00011805,6,51,57
WBGene00011806,64,1173,1237
WBGene00011807,151,960,1111
WBGene00011808,1,1,2
WBGene00011809,6,33,39
WBGene00011810,34,1,35
WBGene00011811,7,32,39
WBGene00011812,3,37,40
WBGene00011813,55,610,665
WBGene00011814,50,388,438
WBGene00011815,254,2314,2568
WBGene00011816,3,1,4
WBGene00011817,84,375,459
WBGene00011819,14,409,423
WBGene00011820,21,1022,1043
WBGene00011821,7,74,81
WBGene00011822,16,131,147
WBGene00011823,1,260,261
WBGene00011824,177,785,962
WBGene00011826,121,223,344
WBGene00011827,916,1733,2649
WBGene00011828,9,931,940
WBGene00011829,34,86,120
WBGene00011830,118,1929,2047
WBGene00011831,32,1678,1710
WBGene00011832,85,1280,1365
WBGene00011833,48,761,809
WBGene00011834,27,458,485
WBGene00011835,12,527,539
WBGene00011836,6,124,130
WBGene00011837,2,13,15
WBGene00011838,17,682,699
WBGene00011839,9,512,521
WBGene00011840,0,1,1
WBGene00011841,8,68,76
WBGene00011844,3,15,18
WBGene00011846,3,12,15
WBGene00011847,0,8,8
WBGene00011848,3,6,9
WBGene00011849,16,2878,2894
WBGene00011850,70,257,327
WBGene00011852,0,10,10
WBGene00011853,3,2,5
WBGene00011854,997,1510,2507
WBGene00011855,1,20,21
WBGene00011856,73,809,882
WBGene00011857,352,5181,5533
WBGene00011858,31,1309,1340
WBGene00011859,79,1472,1551
WBGene00011860,9,424,433
WBGene00011864,227,4894,5121
WBGene00011866,14,440,454
WBGene00011867,134,6736,6870
WBGene00011868,51,295,346
WBGene00011869,96,97155,97251
WBGene00011870,33,5674,5707
WBGene00011871,91,875,966
WBGene00011872,95,562,657
WBGene00011873,93,138,231
WBGene00011874,1,12,13
WBGene00011875,522,7393,7915
WBGene00011876,0,4,4
WBGene00011877,17,105,122
WBGene00011878,45,203,248
WBGene00011879,149,1322,1471
WBGene00011880,1609,32107,33716
WBGene00011882,7,30,37
WBGene00011883,332,3128,3460
WBGene00011884,305,50917,51222
WBGene00011885,642,1862,2504
WBGene00011886,14,335,349
WBGene00011887,591,737,1328
WBGene00011888,226,686,912
WBGene00011890,38,963,1001
WBGene00011891,316,2849,3165
WBGene00011892,191,2632,2823
WBGene00011893,3,56,59
WBGene00011894,42,497,539
WBGene00011895,6,23,29
WBGene00011896,4,182,186
WBGene00011897,295,5025,5320
WBGene00011898,0,50,50
WBGene00011899,33,616,649
WBGene00011900,60,8,68
WBGene00011902,0,33,33
WBGene00011903,0,3,3
WBGene00011904,469,2438,2907
WBGene00011906,51,1606,1657
WBGene00011908,74,510,584
WBGene00011909,11,3,14
WBGene00011910,1,6,7
WBGene00011911,0,9,9
WBGene00011912,132,2092,2224
WBGene00011913,187,928,1115
WBGene00011914,31,522,553
WBGene00011915,128,1269,1397
WBGene00011916,54,510,564
WBGene00011917,361,6988,7349
WBGene00011918,3,4,7
WBGene00011919,12,13,25
WBGene00011920,30,370,400
WBGene00011921,5,0,5
WBGene00011922,3,19,22
WBGene00011923,9,78,87
WBGene00011924,65,648,713
WBGene00011925,34,117,151
WBGene00011926,22,103,125
WBGene00011927,6,117,123
WBGene00011928,30,139,169
WBGene00011929,0,0,0
WBGene00011930,61,503,564
WBGene00011931,15,462,477
WBGene00011932,107,1283,1390
WBGene00011934,0,1177,1177
WBGene00011935,55,1090,1145
WBGene00011936,13,177,190
WBGene00011937,0,2,2
WBGene00011938,14,179,193
WBGene00011939,97,1444,1541
WBGene00011940,229,989,1218
WBGene00011941,85,432,517
WBGene00011942,0,0,0
WBGene00011943,0,0,0
WBGene00011944,386,3637,4023
WBGene00011945,42,195,237
WBGene00011947,0,1,1
WBGene00011948,5,6,11
WBGene00011949,2,18,20
WBGene00011950,1,0,1
WBGene00011951,7,8,15
WBGene00011952,32,110,142
WBGene00011953,693,4741,5434
WBGene00011954,0,11,11
WBGene00011955,126,1838,1964
WBGene00011956,16,583,599
WBGene00011957,85,501,586
WBGene00011958,18,59,77
WBGene00011959,3,214,217
WBGene00011960,14,122,136
WBGene00011961,3,1,4
WBGene00011962,181,1812,1993
WBGene00011963,94,526,620
WBGene00011964,70,700,770
WBGene00011965,79,739,818
WBGene00011966,430,5973,6403
WBGene00011967,153,1985,2138
WBGene00011968,1,91,92
WBGene00011969,11,928,939
WBGene00011970,245,751,996
WBGene00011971,358,3567,3925
WBGene00011972,67,1436,1503
WBGene00011973,5,9,14
WBGene00011974,23,50,73
WBGene00011975,230,2440,2670
WBGene00011976,279,925,1204
WBGene00011977,363,39949,40312
WBGene00011978,382,4662,5044
WBGene00011979,5,17,22
WBGene00011980,354,2627,2981
WBGene00011981,0,8,8
WBGene00011982,2,0,2
WBGene00011983,0,10,10
WBGene00011984,4,84,88
WBGene00011985,76,861,937
WBGene00011986,1,46,47
WBGene00011988,34,143,177
WBGene00011989,5,0,5
WBGene00011990,5,389,394
WBGene00011991,6,2,8
WBGene00011992,0,0,0
WBGene00011993,0,3,3
WBGene00011994,6,571,577
WBGene00011995,260,1573,1833
WBGene00011996,12,237,249
WBGene00011997,12,538,550
WBGene00011999,27,208,235
WBGene00012000,57,2012,2069
WBGene00012002,81,1226,1307
WBGene00012003,27,15,42
WBGene00012004,178,1836,2014
WBGene00012005,2233,1014,3247
WBGene00012007,44,1919,1963
WBGene00012008,0,7,7
WBGene00012009,54,276,330
WBGene00012010,3,6,9
WBGene00012011,1,0,1
WBGene00012012,3,8,11
WBGene00012013,11,32,43
WBGene00012014,92,780,872
WBGene00012015,230,5501,5731
WBGene00012016,126,619,745
WBGene00012017,28,12,40
WBGene00012018,145,877,1022
WBGene00012019,3042,2575,5617
WBGene00012020,6,138,144
WBGene00012021,5,0,5
WBGene00012022,5,1,6
WBGene00012023,6,6,12
WBGene00012024,0,1,1
WBGene00012025,0,5,5
WBGene00012026,0,2,2
WBGene00012027,0,3,3
WBGene00012028,1,3,4
WBGene00012029,132,1089,1221
WBGene00012030,179,5423,5602
WBGene00012031,106,3987,4093
WBGene00012032,26,219,245
WBGene00012033,216,1639,1855
WBGene00012034,16,134,150
WBGene00012035,36,1111,1147
WBGene00012036,0,18,18
WBGene00012037,946,7104,8050
WBGene00012038,0,3,3
WBGene00012039,0,2,2
WBGene00012040,1,12,13
WBGene00012041,8,1,9
WBGene00012042,22,235,257
WBGene00012043,2,2,4
WBGene00012044,2,8,10
WBGene00012045,9,75,84
WBGene00012046,11,39,50
WBGene00012049,0,0,0
WBGene00012050,0,5,5
WBGene00012051,19,5,24
WBGene00012052,0,0,0
WBGene00012054,3,0,3
WBGene00012055,3,5,8
WBGene00012056,0,14,14
WBGene00012057,0,0,0
WBGene00012059,249,3303,3552
WBGene00012060,1,0,1
WBGene00012061,0,1,1
WBGene00012062,35,256,291
WBGene00012063,0,1,1
WBGene00012064,0,0,0
WBGene00012065,0,0,0
WBGene00012066,0,0,0
WBGene00012067,2,0,2
WBGene00012068,6,18,24
WBGene00012069,0,0,0
WBGene00012070,13,1,14
WBGene00012072,0,9,9
WBGene00012073,110,687,797
WBGene00012074,2,8,10
WBGene00012075,0,0,0
WBGene00012076,0,0,0
WBGene00012077,5,1,6
WBGene00012080,0,0,0
WBGene00012081,1,2,3
WBGene00012083,0,1,1
WBGene00012084,40,594,634
WBGene00012085,119,2530,2649
WBGene00012086,27,31,58
WBGene00012087,2,3,5
WBGene00012088,3,5,8
WBGene00012089,1,2,3
WBGene00012090,2,0,2
WBGene00012091,6,1,7
WBGene00012093,5,2,7
WBGene00012094,0,32390,32390
WBGene00012095,117,394,511
WBGene00012096,0,2,2
WBGene00012097,224,17147,17371
WBGene00012099,94,165,259
WBGene00012100,320,2691,3011
WBGene00012101,0,347,347
WBGene00012102,4,11,15
WBGene00012103,4,68,72
WBGene00012104,35,1157,1192
WBGene00012105,35,499,534
WBGene00012106,53,775,828
WBGene00012107,24,258,282
WBGene00012108,2,4,6
WBGene00012109,23,162,185
WBGene00012110,27,155,182
WBGene00012111,20,260,280
WBGene00012112,48,366,414
WBGene00012113,31,14922,14953
WBGene00012114,15,69,84
WBGene00012115,18,37,55
WBGene00012116,22,51,73
WBGene00012117,427,4400,4827
WBGene00012118,215,1519,1734
WBGene00012119,0,26,26
WBGene00012120,5,118,123
WBGene00012121,481,5666,6147
WBGene00012122,9,598,607
WBGene00012123,528,6348,6876
WBGene00012124,37,803,840
WBGene00012125,126,1148,1274
WBGene00012126,1378,4181,5559
WBGene00012127,18,326,344
WBGene00012128,561,8684,9245
WBGene00012130,39,380,419
WBGene00012131,21,313,334
WBGene00012132,60,390,450
WBGene00012134,14,115,129
WBGene00012135,56,243,299
WBGene00012136,989,3485,4474
WBGene00012137,120,217,337
WBGene00012138,11,39,50
WBGene00012139,577,643,1220
WBGene00012140,341,22778,23119
WBGene00012142,64,358,422
WBGene00012143,78,392,470
WBGene00012144,39,156,195
WBGene00012145,43,1156,1199
WBGene00012146,0,0,0
WBGene00012147,3,17,20
WBGene00012148,305,57469,57774
WBGene00012149,310,1492,1802
WBGene00012150,65,475,540
WBGene00012151,86,59,145
WBGene00012152,161,1929,2090
WBGene00012155,42,419,461
WBGene00012156,7,1315,1322
WBGene00012157,140,756,896
WBGene00012158,1909,12621,14530
WBGene00012159,3,8,11
WBGene00012162,2,55,57
WBGene00012163,4,77,81
WBGene00012164,227,182,409
WBGene00012165,173,335,508
WBGene00012166,24,15896,15920
WBGene00012167,10,686,696
WBGene00012168,43,111,154
WBGene00012169,1,0,1
WBGene00012170,8,15,23
WBGene00012171,0,8,8
WBGene00012172,7,32,39
WBGene00012173,1,1,2
WBGene00012174,1,1,2
WBGene00012175,2,50,52
WBGene00012176,3,45,48
WBGene00012177,3,1,4
WBGene00012178,133,404,537
WBGene00012179,2766,189767,192533
WBGene00012180,156,65,221
WBGene00012181,11,14,25
WBGene00012182,24,834,858
WBGene00012183,0,58,58
WBGene00012184,30,308,338
WBGene00012185,11,118,129
WBGene00012186,109,3876,3985
WBGene00012187,116,2460,2576
WBGene00012188,189,1038,1227
WBGene00012190,36,33,69
WBGene00012191,21,28,49
WBGene00012192,153,894,1047
WBGene00012193,1091,8699,9790
WBGene00012194,92,1900,1992
WBGene00012195,46,51,97
WBGene00012196,6,52,58
WBGene00012197,104,3597,3701
WBGene00012198,25,655,680
WBGene00012199,19,76,95
WBGene00012200,5,11,16
WBGene00012201,17,96,113
WBGene00012202,14,44,58
WBGene00012203,110,2197,2307
WBGene00012204,42,1889,1931
WBGene00012205,48,1676,1724
WBGene00012206,54,1336,1390
WBGene00012207,2,1,3
WBGene00012208,127,1367,1494
WBGene00012209,10,360,370
WBGene00012210,0,122,122
WBGene00012211,0,1,1
WBGene00012212,0,1,1
WBGene00012213,0,1,1
WBGene00012214,0,7,7
WBGene00012215,1,11,12
WBGene00012216,33,2386,2419
WBGene00012217,12,21,33
WBGene00012219,12,59,71
WBGene00012220,40,301,341
WBGene00012221,196,3307,3503
WBGene00012222,70,447,517
WBGene00012223,0,0,0
WBGene00012224,7,31,38
WBGene00012225,179,562,741
WBGene00012226,782,1557,2339
WBGene00012227,2,15,17
WBGene00012228,21,86,107
WBGene00012230,669,2330,2999
WBGene00012231,0,6,6
WBGene00012232,1,0,1
WBGene00012233,5,1,6
WBGene00012234,395,1745,2140
WBGene00012235,63,886,949
WBGene00012236,81,513,594
WBGene00012237,13,197,210
WBGene00012238,12,3,15
WBGene00012239,145,4104,4249
WBGene00012240,1,5,6
WBGene00012241,111,370,481
WBGene00012242,1,34,35
WBGene00012243,42,1011,1053
WBGene00012244,25,2416,2441
WBGene00012245,452,4175,4627
WBGene00012246,0,4,4
WBGene00012247,0,0,0
WBGene00012248,0,0,0
WBGene00012249,1,3,4
WBGene00012250,6,1,7
WBGene00012251,0,13,13
WBGene00012252,240,1007,1247
WBGene00012253,29,947,976
WBGene00012254,5,12,17
WBGene00012255,87,3371,3458
WBGene00012256,19,1665,1684
WBGene00012257,74,2116,2190
WBGene00012258,45,1633,1678
WBGene00012259,146,499,645
WBGene00012260,0,23,23
WBGene00012261,57,3778,3835
WBGene00012264,5,22,27
WBGene00012265,24,67,91
WBGene00012266,3,8,11
WBGene00012267,3,3,6
WBGene00012268,6,163,169
WBGene00012269,12,7,19
WBGene00012270,32,105,137
WBGene00012271,2,63,65
WBGene00012272,106,76,182
WBGene00012274,890,5716,6606
WBGene00012275,157,301,458
WBGene00012276,141,2711,2852
WBGene00012277,89,667,756
WBGene00012278,1,0,1
WBGene00012279,12,871,883
WBGene00012280,8,82,90
WBGene00012281,86,327,413
WBGene00012282,63,547,610
WBGene00012283,0,2,2
WBGene00012285,3,1,4
WBGene00012286,1,0,1
WBGene00012287,0,2,2
WBGene00012288,0,4,4
WBGene00012289,504,4124,4628
WBGene00012290,18,701,719
WBGene00012291,1078,5882,6960
WBGene00012293,78,909,987
WBGene00012294,0,2,2
WBGene00012295,9,97,106
WBGene00012296,2,21,23
WBGene00012297,4,9,13
WBGene00012298,78,1709,1787
WBGene00012299,2,33,35
WBGene00012300,0,0,0
WBGene00012301,1,2,3
WBGene00012302,1,0,1
WBGene00012303,5,1,6
WBGene00012304,46,26,72
WBGene00012305,1,0,1
WBGene00012306,104,309,413
WBGene00012307,8,40,48
WBGene00012308,3,1,4
WBGene00012309,0,0,0
WBGene00012310,0,0,0
WBGene00012311,0,2,2
WBGene00012312,0,3,3
WBGene00012313,0,0,0
WBGene00012314,0,0,0
WBGene00012315,49,751,800
WBGene00012316,199,1305,1504
WBGene00012317,157,2794,2951
WBGene00012318,1,1,2
WBGene00012319,207,776,983
WBGene00012321,0,3,3
WBGene00012322,129,1629,1758
WBGene00012323,3,32,35
WBGene00012324,3,134,137
WBGene00012325,43,126,169
WBGene00012326,369,1767,2136
WBGene00012328,18,83,101
WBGene00012329,10,9,19
WBGene00012330,40,496,536
WBGene00012332,14,117,131
WBGene00012333,3,21,24
WBGene00012334,22,4,26
WBGene00012335,14,20,34
WBGene00012336,48,155,203
WBGene00012337,652,4306,4958
WBGene00012339,57,543,600
WBGene00012340,38,239,277
WBGene00012341,136,1685,1821
WBGene00012342,306,3132,3438
WBGene00012343,283,3641,3924
WBGene00012344,550,9736,10286
WBGene00012345,6,20,26
WBGene00012346,8,53,61
WBGene00012347,1329,457,1786
WBGene00012348,1198,5194,6392
WBGene00012349,5,4,9
WBGene00012351,1394,11380,12774
WBGene00012352,175,641,816
WBGene00012353,120,1827,1947
WBGene00012354,640,45204,45844
WBGene00012356,10,106,116
WBGene00012357,1,1,2
WBGene00012358,358,3077,3435
WBGene00012359,79,1376,1455
WBGene00012360,110,669,779
WBGene00012361,166,9448,9614
WBGene00012362,814,1995,2809
WBGene00012363,154,525,679
WBGene00012364,89,400,489
WBGene00012365,154,2292,2446
WBGene00012366,109,1438,1547
WBGene00012369,173,1253,1426
WBGene00012370,295,630,925
WBGene00012371,1009,1598,2607
WBGene00012372,27,103,130
WBGene00012373,2,0,2
WBGene00012374,3,29,32
WBGene00012375,73,3286,3359
WBGene00012376,460,15939,16399
WBGene00012378,0,6,6
WBGene00012379,0,12,12
WBGene00012380,0,0,0
WBGene00012381,96,670,766
WBGene00012382,10317,159779,170096
WBGene00012383,1558,21774,23332
WBGene00012385,82,557,639
WBGene00012386,179290,2196,181486
WBGene00012387,72,259,331
WBGene00012388,50,7,57
WBGene00012389,399,935,1334
WBGene00012390,188,665,853
WBGene00012391,32,290,322
WBGene00012393,142,776,918
WBGene00012394,20,39,59
WBGene00012395,5,622,627
WBGene00012396,68,1167,1235
WBGene00012397,0,2,2
WBGene00012398,13,67,80
WBGene00012399,62,121,183
WBGene00012400,0,13,13
WBGene00012401,2,4,6
WBGene00012402,0,1,1
WBGene00012404,3,21,24
WBGene00012405,0,0,0
WBGene00012406,5,0,5
WBGene00012407,30,309,339
WBGene00012408,54,365,419
WBGene00012409,6,6,12
WBGene00012411,2,0,2
WBGene00012412,16,13,29
WBGene00012413,6,40,46
WBGene00012414,1,18,19
WBGene00012415,7,8,15
WBGene00012416,21,147,168
WBGene00012420,15,3529,3544
WBGene00012421,84,1083,1167
WBGene00012422,1,24,25
WBGene00012423,262,2553,2815
WBGene00012424,417,2245,2662
WBGene00012425,30,172,202
WBGene00012428,15,140,155
WBGene00012429,10,120,130
WBGene00012431,7,256,263
WBGene00012432,11,30,41
WBGene00012433,21,328,349
WBGene00012434,607,5961,6568
WBGene00012435,2,200,202
WBGene00012436,4,246,250
WBGene00012437,794,6669,7463
WBGene00012439,26,939,965
WBGene00012440,4,1057,1061
WBGene00012441,37,444,481
WBGene00012442,23,50,73
WBGene00012443,334,2745,3079
WBGene00012444,6,3071,3077
WBGene00012445,33,393,426
WBGene00012446,40,181,221
WBGene00012448,24,10,34
WBGene00012449,10,55,65
WBGene00012450,9,40,49
WBGene00012451,17,17,34
WBGene00012452,256,7183,7439
WBGene00012454,1,0,1
WBGene00012455,78,80,158
WBGene00012456,20,82,102
WBGene00012457,83,239,322
WBGene00012458,367,2143,2510
WBGene00012459,34,1080,1114
WBGene00012460,65,487,552
WBGene00012461,272,363,635
WBGene00012462,214,194,408
WBGene00012463,219,815,1034
WBGene00012464,7,31,38
WBGene00012465,157,2009,2166
WBGene00012466,167,354,521
WBGene00012467,4,29,33
WBGene00012468,341,2969,3310
WBGene00012469,70,746,816
WBGene00012470,3,2,5
WBGene00012471,130,8172,8302
WBGene00012472,344,1561,1905
WBGene00012473,53,82,135
WBGene00012474,295,1967,2262
WBGene00012475,17,133,150
WBGene00012476,128,96,224
WBGene00012477,41,77,118
WBGene00012478,904,5172,6076
WBGene00012479,140,1087,1227
WBGene00012480,13,20,33
WBGene00012481,13,263,276
WBGene00012482,0,5,5
WBGene00012483,36,3259,3295
WBGene00012484,30,4854,4884
WBGene00012486,0,1,1
WBGene00012487,5,22,27
WBGene00012488,6,2,8
WBGene00012489,0,0,0
WBGene00012490,1,21,22
WBGene00012491,90,7,97
WBGene00012492,0,4,4
WBGene00012494,46,77,123
WBGene00012496,100,1030,1130
WBGene00012497,88,3253,3341
WBGene00012500,6,21,27
WBGene00012501,0,1,1
WBGene00012502,0,1,1
WBGene00012503,18,80,98
WBGene00012504,0,0,0
WBGene00012505,1,3,4
WBGene00012509,0,0,0
WBGene00012510,2,5,7
WBGene00012512,7,188,195
WBGene00012513,9,391,400
WBGene00012514,26,246,272
WBGene00012515,4,0,4
WBGene00012516,0,5,5
WBGene00012518,0,1,1
WBGene00012519,13,14,27
WBGene00012520,2,0,2
WBGene00012521,2,4,6
WBGene00012522,440,1846,2286
WBGene00012523,1,2,3
WBGene00012524,80,477,557
WBGene00012525,6,14,20
WBGene00012526,0,3,3
WBGene00012527,31,201,232
WBGene00012528,597,2959,3556
WBGene00012529,20,161,181
WBGene00012530,236,810,1046
WBGene00012531,46,115,161
WBGene00012532,155,588,743
WBGene00012533,1,8,9
WBGene00012535,14,28,42
WBGene00012536,40,309,349
WBGene00012537,2,170,172
WBGene00012538,33,244,277
WBGene00012540,17,341,358
WBGene00012541,1,3,4
WBGene00012542,13,3,16
WBGene00012543,209,1527,1736
WBGene00012544,1554,19405,20959
WBGene00012545,188,1046,1234
WBGene00012546,12,594,606
WBGene00012547,2,17,19
WBGene00012548,68,1167,1235
WBGene00012549,127,2,129
WBGene00012550,30,6812,6842
WBGene00012551,6,736,742
WBGene00012552,0,258,258
WBGene00012553,5580,57876,63456
WBGene00012554,78,1184,1262
WBGene00012555,31,610,641
WBGene00012556,213,3273,3486
WBGene00012557,2,5,7
WBGene00012558,194,2065,2259
WBGene00012559,330,516,846
WBGene00012560,737,1376,2113
WBGene00012561,2,39,41
WBGene00012562,172,1167,1339
WBGene00012564,16,264,280
WBGene00012565,19,237,256
WBGene00012566,5,88,93
WBGene00012567,5,23,28
WBGene00012570,5,0,5
WBGene00012571,3,0,3
WBGene00012573,13,24,37
WBGene00012574,0,0,0
WBGene00012575,0,1,1
WBGene00012576,86,410,496
WBGene00012577,3,2,5
WBGene00012578,327,1013,1340
WBGene00012579,0,0,0
WBGene00012580,3,1,4
WBGene00012581,0,0,0
WBGene00012582,2,5,7
WBGene00012583,5,11,16
WBGene00012584,1162,3077,4239
WBGene00012585,36,38,74
WBGene00012586,2,11,13
WBGene00012587,1,7,8
WBGene00012589,2,10,12
WBGene00012590,1,0,1
WBGene00012591,0,563,563
WBGene00012592,3,242,245
WBGene00012593,3,28,31
WBGene00012594,5,38,43
WBGene00012595,5,98,103
WBGene00012596,6,48,54
WBGene00012597,35,428,463
WBGene00012598,513,72,585
WBGene00012600,99,813,912
WBGene00012602,621,7619,8240
WBGene00012603,0,11,11
WBGene00012604,0,119,119
WBGene00012605,19,117,136
WBGene00012606,103,563,666
WBGene00012607,12,74,86
WBGene00012608,1779,18113,19892
WBGene00012609,0,3,3
WBGene00012610,22,238,260
WBGene00012612,6,5,11
WBGene00012614,12,17,29
WBGene00012615,142,2756,2898
WBGene00012616,1,81,82
WBGene00012617,0,5,5
WBGene00012618,12,20,32
WBGene00012621,5,120,125
WBGene00012622,24,53,77
WBGene00012624,37,338,375
WBGene00012625,2,23,25
WBGene00012626,43,134,177
WBGene00012627,26,55,81
WBGene00012628,180,1710,1890
WBGene00012629,14,80,94
WBGene00012630,1,3,4
WBGene00012631,1,6,7
WBGene00012632,5,48,53
WBGene00012633,13,4,17
WBGene00012634,0,34,34
WBGene00012635,12,193,205
WBGene00012636,3,3,6
WBGene00012637,1,7,8
WBGene00012638,0,2,2
WBGene00012639,30,117,147
WBGene00012640,40,65,105
WBGene00012641,287,2028,2315
WBGene00012642,23,50,73
WBGene00012643,24,1818,1842
WBGene00012644,419,1210,1629
WBGene00012645,249,2388,2637
WBGene00012646,177,2144,2321
WBGene00012647,92,674,766
WBGene00012648,193,5960,6153
WBGene00012649,0,4,4
WBGene00012650,13,852,865
WBGene00012651,88,435,523
WBGene00012652,17,1686,1703
WBGene00012654,43,57,100
WBGene00012655,19,2,21
WBGene00012656,8,5,13
WBGene00012657,134,589,723
WBGene00012658,419,2317,2736
WBGene00012659,0,12,12
WBGene00012660,14,1316,1330
WBGene00012661,3,2,5
WBGene00012662,115,1315,1430
WBGene00012663,153,659,812
WBGene00012664,2,142,144
WBGene00012665,142,1387,1529
WBGene00012666,292,2677,2969
WBGene00012668,971,5497,6468
WBGene00012669,7,58,65
WBGene00012670,28,56,84
WBGene00012671,3,20,23
WBGene00012672,1,5,6
WBGene00012673,21,94,115
WBGene00012674,248,977,1225
WBGene00012675,193,1205,1398
WBGene00012676,554,2474,3028
WBGene00012678,30,108,138
WBGene00012679,6,14,20
WBGene00012681,3,0,3
WBGene00012682,20,0,20
WBGene00012683,0,10,10
WBGene00012684,7,9,16
WBGene00012686,2,29,31
WBGene00012688,10,6,16
WBGene00012689,2,14,16
WBGene00012691,2,1,3
WBGene00012692,552,4272,4824
WBGene00012693,149,1540,1689
WBGene00012694,130,1417,1547
WBGene00012695,15,911,926
WBGene00012696,15,232,247
WBGene00012697,74,3029,3103
WBGene00012698,29,401,430
WBGene00012699,13,2,15
WBGene00012700,8,154,162
WBGene00012701,160,555,715
WBGene00012702,5,23,28
WBGene00012703,68,196,264
WBGene00012704,83,371,454
WBGene00012705,8,82,90
WBGene00012707,1,5,6
WBGene00012708,6,17,23
WBGene00012709,20,67,87
WBGene00012710,12,675,687
WBGene00012711,10,31,41
WBGene00012712,184,323,507
WBGene00012713,182,5188,5370
WBGene00012714,110,3363,3473
WBGene00012715,41,885,926
WBGene00012716,4,165,169
WBGene00012717,421,6930,7351
WBGene00012718,495,358,853
WBGene00012719,151,310,461
WBGene00012720,0,8,8
WBGene00012721,33,23,56
WBGene00012722,121,2587,2708
WBGene00012723,18,623,641
WBGene00012724,3,3,6
WBGene00012725,0,1,1
WBGene00012726,4,2,6
WBGene00012727,0,0,0
WBGene00012728,10,267,277
WBGene00012729,0,3,3
WBGene00012730,708,1444,2152
WBGene00012731,3,26,29
WBGene00012732,321,768,1089
WBGene00012733,25,29,54
WBGene00012734,426,272,698
WBGene00012735,716,1352,2068
WBGene00012738,83,7875,7958
WBGene00012739,1290,4980,6270
WBGene00012740,90,1479,1569
WBGene00012741,9,24,33
WBGene00012742,0,0,0
WBGene00012743,12,5,17
WBGene00012744,200,217,417
WBGene00012746,1,3,4
WBGene00012747,10,5,15
WBGene00012748,0,10,10
WBGene00012750,135,265,400
WBGene00012753,41,799,840
WBGene00012754,21,66,87
WBGene00012755,43,438,481
WBGene00012756,180,674,854
WBGene00012757,42,471,513
WBGene00012758,38,228,266
WBGene00012759,179,4078,4257
WBGene00012760,10421,1077,11498
WBGene00012761,1,0,1
WBGene00012762,145,3167,3312
WBGene00012763,179,463,642
WBGene00012764,1,390,391
WBGene00012765,271,2548,2819
WBGene00012766,133,3489,3622
WBGene00012767,428,1023,1451
WBGene00012768,98,54864,54962
WBGene00012769,414,3467,3881
WBGene00012770,216,91,307
WBGene00012771,2,2,4
WBGene00012772,23,1,24
WBGene00012773,3,1,4
WBGene00012775,32,11,43
WBGene00012776,59,215,274
WBGene00012777,7,133,140
WBGene00012778,25,177,202
WBGene00012779,115,398,513
WBGene00012780,19,67,86
WBGene00012781,0,19,19
WBGene00012782,40,220,260
WBGene00012783,16,599,615
WBGene00012784,9,16,25
WBGene00012785,1,2,3
WBGene00012786,5,36,41
WBGene00012787,2,26,28
WBGene00012788,27,0,27
WBGene00012789,0,0,0
WBGene00012790,0,0,0
WBGene00012791,203,49,252
WBGene00012792,1,5,6
WBGene00012794,58,1870,1928
WBGene00012795,4,49,53
WBGene00012796,72,400,472
WBGene00012798,6,26,32
WBGene00012799,0,30,30
WBGene00012802,137,659,796
WBGene00012803,52,3679,3731
WBGene00012804,150,1233,1383
WBGene00012806,34,547,581
WBGene00012807,168,1711,1879
WBGene00012808,14,30,44
WBGene00012809,6,2,8
WBGene00012810,1,4,5
WBGene00012811,60,469,529
WBGene00012812,833,9624,10457
WBGene00012813,1933,15619,17552
WBGene00012814,72,133,205
WBGene00012815,30,116,146
WBGene00012816,1,2,3
WBGene00012818,2,2,4
WBGene00012819,44,215,259
WBGene00012820,78,3,81
WBGene00012821,81,890,971
WBGene00012822,2,7,9
WBGene00012823,1,7,8
WBGene00012824,6,8,14
WBGene00012825,131,758,889
WBGene00012826,76,353,429
WBGene00012827,1,5,6
WBGene00012828,435,283,718
WBGene00012829,420,3004,3424
WBGene00012830,54,2493,2547
WBGene00012831,4,8,12
WBGene00012832,630,10,640
WBGene00012833,47,610,657
WBGene00012834,19,79,98
WBGene00012835,35,300,335
WBGene00012836,3,2,5
WBGene00012837,0,3,3
WBGene00012838,0,1,1
WBGene00012839,4,0,4
WBGene00012840,187,1072,1259
WBGene00012841,0,1,1
WBGene00012844,0,0,0
WBGene00012845,136,220,356
WBGene00012846,1,3,4
WBGene00012847,3,6,9
WBGene00012848,1,1,2
WBGene00012849,0,1,1
WBGene00012850,1483,8449,9932
WBGene00012851,0,85,85
WBGene00012852,39,48,87
WBGene00012853,359,21384,21743
WBGene00012854,256,2857,3113
WBGene00012855,12,13,25
WBGene00012856,26,62,88
WBGene00012857,180,950,1130
WBGene00012858,82,1131,1213
WBGene00012859,37,207,244
WBGene00012860,79,666,745
WBGene00012861,42,1253,1295
WBGene00012862,0,0,0
WBGene00012863,13,30,43
WBGene00012864,26,133,159
WBGene00012866,31,123,154
WBGene00012867,34,489,523
WBGene00012868,763,1434,2197
WBGene00012869,60,744,804
WBGene00012871,0,0,0
WBGene00012872,1,2,3
WBGene00012873,0,8,8
WBGene00012874,0,1,1
WBGene00012875,1355,15464,16819
WBGene00012877,33,47,80
WBGene00012878,0,0,0
WBGene00012879,7,187,194
WBGene00012880,7,9,16
WBGene00012883,23,445,468
WBGene00012885,335,4279,4614
WBGene00012886,12,79,91
WBGene00012887,273,2403,2676
WBGene00012888,50,850,900
WBGene00012889,173,502,675
WBGene00012890,85,369,454
WBGene00012891,659,4591,5250
WBGene00012892,17,42,59
WBGene00012893,8,22,30
WBGene00012894,1113,1377,2490
WBGene00012895,180,748,928
WBGene00012896,126,5032,5158
WBGene00012897,17,1614,1631
WBGene00012899,13,116,129
WBGene00012900,5,81,86
WBGene00012901,26,69,95
WBGene00012903,276,3439,3715
WBGene00012904,65,1086,1151
WBGene00012905,0,5,5
WBGene00012906,52,470,522
WBGene00012907,2787,6623,9410
WBGene00012908,245,1293,1538
WBGene00012909,364,413,777
WBGene00012910,5,18,23
WBGene00012911,40,246,286
WBGene00012912,0,6,6
WBGene00012913,0,1,1
WBGene00012914,2,6,8
WBGene00012915,44,87,131
WBGene00012916,0,0,0
WBGene00012917,18,27,45
WBGene00012919,14,13,27
WBGene00012920,164,367,531
WBGene00012921,0,389,389
WBGene00012922,7,185,192
WBGene00012923,20,228,248
WBGene00012925,0,2,2
WBGene00012926,1,4,5
WBGene00012927,56,371,427
WBGene00012928,36,979,1015
WBGene00012929,538,3399,3937
WBGene00012930,163,553,716
WBGene00012931,165,1177,1342
WBGene00012932,170,2893,3063
WBGene00012933,0,124,124
WBGene00012934,264,968,1232
WBGene00012935,244,554,798
WBGene00012936,255,2323,2578
WBGene00012937,0,3,3
WBGene00012938,175,236,411
WBGene00012939,97,685,782
WBGene00012940,12,18,30
WBGene00012941,23,224,247
WBGene00012942,2,1299,1301
WBGene00012943,275,917,1192
WBGene00012945,0,0,0
WBGene00012946,6,114,120
WBGene00012947,2,9,11
WBGene00012948,239,323,562
WBGene00012950,78,1167,1245
WBGene00012951,241,1692,1933
WBGene00012952,3,19,22
WBGene00012953,12,227,239
WBGene00012955,1,0,1
WBGene00012958,8,7,15
WBGene00012959,2,16,18
WBGene00012960,376,2302,2678
WBGene00012961,19,276,295
WBGene00012962,24,100,124
WBGene00012964,340,16918,17258
WBGene00012965,0,7,7
WBGene00012966,9,1147,1156
WBGene00012967,64,126,190
WBGene00012968,33,182,215
WBGene00012969,2,10,12
WBGene00012970,12,63,75
WBGene00012972,119,1241,1360
WBGene00012973,1039,4919,5958
WBGene00012976,224,636,860
WBGene00012977,280,898,1178
WBGene00012978,361,4102,4463
WBGene00012979,6,42,48
WBGene00012980,1668,2731,4399
WBGene00012981,4,9,13
WBGene00012982,233,1370,1603
WBGene00012983,359,4332,4691
WBGene00012984,85,813,898
WBGene00012985,22,5,27
WBGene00012987,217,1324,1541
WBGene00012988,390,1527,1917
WBGene00012989,1128,922,2050
WBGene00012990,660,1419,2079
WBGene00012992,218,2989,3207
WBGene00012993,144,460,604
WBGene00012994,244,712,956
WBGene00012995,497,1004,1501
WBGene00012996,298,1482,1780
WBGene00012997,29,756,785
WBGene00012998,465,766,1231
WBGene00012999,518,3229,3747
WBGene00013000,788,308,1096
WBGene00013001,528,1232,1760
WBGene00013002,638,1028,1666
WBGene00013004,590,3964,4554
WBGene00013006,300,561,861
WBGene00013007,38,267,305
WBGene00013008,76,1006,1082
WBGene00013009,8,106,114
WBGene00013011,47,554,601
WBGene00013013,92,886,978
WBGene00013014,213,928,1141
WBGene00013015,193,663,856
WBGene00013017,63,1986,2049
WBGene00013018,35,1707,1742
WBGene00013019,223,595,818
WBGene00013020,246,1689,1935
WBGene00013021,154,954,1108
WBGene00013023,46,265,311
WBGene00013024,22,143,165
WBGene00013025,377,8653,9030
WBGene00013026,3,686,689
WBGene00013027,24,448,472
WBGene00013028,20,119,139
WBGene00013029,144,2401,2545
WBGene00013030,57,496,553
WBGene00013033,15,221,236
WBGene00013034,901,1468,2369
WBGene00013035,18,102,120
WBGene00013036,8,11,19
WBGene00013037,28,129,157
WBGene00013038,85,2569,2654
WBGene00013039,395,1794,2189
WBGene00013040,424,872,1296
WBGene00013041,7,61,68
WBGene00013042,231,1043,1274
WBGene00013043,40,98,138
WBGene00013044,29,7,36
WBGene00013045,1,1,2
WBGene00013046,23,375,398
WBGene00013047,0,1,1
WBGene00013048,7,482,489
WBGene00013049,1,2,3
WBGene00013050,3,0,3
WBGene00013052,5,8,13
WBGene00013053,13,23,36
WBGene00013054,0,24,24
WBGene00013055,25,199,224
WBGene00013058,19,1,20
WBGene00013060,1,1,2
WBGene00013061,0,1,1
WBGene00013062,6,0,6
WBGene00013063,0,0,0
WBGene00013064,0,0,0
WBGene00013066,8,11,19
WBGene00013067,1,1,2
WBGene00013068,1,1,2
WBGene00013069,5,1,6
WBGene00013070,0,2,2
WBGene00013071,0,72,72
WBGene00013072,13,18,31
WBGene00013073,31,90,121
WBGene00013074,32,707,739
WBGene00013075,175,655,830
WBGene00013076,19,19,38
WBGene00013077,2913,31846,34759
WBGene00013078,1107,13152,14259
WBGene00013079,1311,8086,9397
WBGene00013080,213,491,704
WBGene00013081,1613,41563,43176
WBGene00013082,224,1006,1230
WBGene00013083,86,482,568
WBGene00013085,1,0,1
WBGene00013086,1,3,4
WBGene00013087,0,0,0
WBGene00013088,9,12,21
WBGene00013089,0,1,1
WBGene00013090,0,0,0
WBGene00013091,1,2,3
WBGene00013093,864,643,1507
WBGene00013094,1561,19501,21062
WBGene00013095,292,926,1218
WBGene00013096,492,1085,1577
WBGene00013098,130,576,706
WBGene00013099,44,34,78
WBGene00013100,10,20,30
WBGene00013101,7,17,24
WBGene00013102,0,0,0
WBGene00013103,31,527,558
WBGene00013104,121,1786,1907
WBGene00013105,0,2,2
WBGene00013106,128,1638,1766
WBGene00013107,1,17,18
WBGene00013109,46,3765,3811
WBGene00013111,156,2060,2216
WBGene00013115,1,1,2
WBGene00013116,15,19,34
WBGene00013117,0,1,1
WBGene00013118,7,47,54
WBGene00013119,43,60,103
WBGene00013120,0,5,5
WBGene00013121,5,4,9
WBGene00013122,57,457,514
WBGene00013123,320,659,979
WBGene00013124,1913,1118,3031
WBGene00013125,10,68,78
WBGene00013126,5,1,6
WBGene00013127,30,151,181
WBGene00013128,126,1310,1436
WBGene00013129,423,2165,2588
WBGene00013130,1,14,15
WBGene00013131,230,65,295
WBGene00013132,115,799,914
WBGene00013135,68,870,938
WBGene00013136,87,1287,1374
WBGene00013137,85,719,804
WBGene00013138,9,1,10
WBGene00013139,120,998,1118
WBGene00013140,40,1232,1272
WBGene00013141,37,16,53
WBGene00013142,333,19,352
WBGene00013143,21,1500,1521
WBGene00013144,674,4266,4940
WBGene00013145,9,80,89
WBGene00013146,52,338,390
WBGene00013147,0,66,66
WBGene00013148,3,2,5
WBGene00013149,45,29,74
WBGene00013150,48,1656,1704
WBGene00013151,146,1174,1320
WBGene00013152,3,1,4
WBGene00013154,0,3,3
WBGene00013156,14,715,729
WBGene00013157,3,14,17
WBGene00013158,6,17,23
WBGene00013159,88,237,325
WBGene00013160,748,1255,2003
WBGene00013161,539,1634,2173
WBGene00013162,7,10,17
WBGene00013163,7,1,8
WBGene00013164,87,357,444
WBGene00013165,5,29,34
WBGene00013166,20,196,216
WBGene00013167,479,393,872
WBGene00013168,137,3797,3934
WBGene00013169,19,258,277
WBGene00013170,3,3,6
WBGene00013171,56,51,107
WBGene00013172,0,0,0
WBGene00013173,54,286,340
WBGene00013175,10,10,20
WBGene00013176,109,1759,1868
WBGene00013177,210,2430,2640
WBGene00013178,101,955,1056
WBGene00013179,2,3,5
WBGene00013180,82,957,1039
WBGene00013181,2446,18216,20662
WBGene00013182,4,4,8
WBGene00013184,0,0,0
WBGene00013186,1,3,4
WBGene00013187,29,212,241
WBGene00013188,64,272,336
WBGene00013189,365,1142,1507
WBGene00013190,7,18,25
WBGene00013192,1,18,19
WBGene00013193,82,739,821
WBGene00013194,3,3,6
WBGene00013195,17,140,157
WBGene00013196,27,242,269
WBGene00013197,24,187,211
WBGene00013198,26,98,124
WBGene00013200,498,7067,7565
WBGene00013201,73,1006,1079
WBGene00013202,112,1400,1512
WBGene00013203,73,844,917
WBGene00013204,41,757,798
WBGene00013207,5,8,13
WBGene00013208,29,164,193
WBGene00013209,94,1941,2035
WBGene00013210,0,6894,6894
WBGene00013211,75,634,709
WBGene00013212,88,183,271
WBGene00013213,186,2122,2308
WBGene00013214,76,528,604
WBGene00013215,24,265,289
WBGene00013216,28,616,644
WBGene00013217,219,1364,1583
WBGene00013218,65,1351,1416
WBGene00013219,64,4156,4220
WBGene00013220,1,2,3
WBGene00013221,21,45,66
WBGene00013222,232,681,913
WBGene00013223,356,2456,2812
WBGene00013224,109,869,978
WBGene00013225,237,1124,1361
WBGene00013226,18,2,20
WBGene00013227,13,77,90
WBGene00013228,2713,4010,6723
WBGene00013230,0,0,0
WBGene00013231,32,438,470
WBGene00013232,210,530,740
WBGene00013233,1,8,9
WBGene00013234,0,7,7
WBGene00013235,9,81,90
WBGene00013236,49,3028,3077
WBGene00013237,181,10022,10203
WBGene00013238,967,16773,17740
WBGene00013239,170,1680,1850
WBGene00013240,226,694,920
WBGene00013241,76,848,924
WBGene00013242,73,265,338
WBGene00013243,133,456,589
WBGene00013244,91,176,267
WBGene00013246,73,169,242
WBGene00013247,79,97,176
WBGene00013248,40,131,171
WBGene00013249,26,58,84
WBGene00013250,8,81,89
WBGene00013252,63,86,149
WBGene00013253,87,200,287
WBGene00013254,3,4,7
WBGene00013255,448,2691,3139
WBGene00013256,102,1457,1559
WBGene00013257,4,34,38
WBGene00013258,894,369,1263
WBGene00013259,156,872,1028
WBGene00013260,34,1079,1113
WBGene00013261,188,215,403
WBGene00013263,319,4742,5061
WBGene00013264,7,15,22
WBGene00013265,186,657,843
WBGene00013266,102,2295,2397
WBGene00013267,221,1713,1934
WBGene00013268,32,570,602
WBGene00013269,12,2390,2402
WBGene00013270,141,383,524
WBGene00013272,62,120,182
WBGene00013273,216,1261,1477
WBGene00013274,116,9,125
WBGene00013275,65,2497,2562
WBGene00013276,9,9,18
WBGene00013277,1,2,3
WBGene00013278,3,35,38
WBGene00013279,0,3,3
WBGene00013280,0,0,0
WBGene00013281,2,15,17
WBGene00013282,1,0,1
WBGene00013284,6,713,719
WBGene00013285,10,28,38
WBGene00013286,2,36,38
WBGene00013287,58,278,336
WBGene00013288,0,3,3
WBGene00013289,1101,3841,4942
WBGene00013290,0,0,0
WBGene00013292,248,1294,1542
WBGene00013293,40,376,416
WBGene00013294,7,9,16
WBGene00013295,3,200,203
WBGene00013296,0,0,0
WBGene00013297,16,4,20
WBGene00013298,6,46,52
WBGene00013299,0,0,0
WBGene00013300,7,10,17
WBGene00013301,24,3358,3382
WBGene00013302,24,730,754
WBGene00013303,93,233,326
WBGene00013304,22,37,59
WBGene00013305,1,5,6
WBGene00013306,2,44,46
WBGene00013307,142,4073,4215
WBGene00013308,1872,34034,35906
WBGene00013310,74,127,201
WBGene00013311,92,26535,26627
WBGene00013312,14,245,259
WBGene00013313,6,4,10
WBGene00013315,0,0,0
WBGene00013317,848,2658,3506
WBGene00013318,5,7,12
WBGene00013319,0,3,3
WBGene00013321,165,2319,2484
WBGene00013322,35,164,199
WBGene00013323,19,1599,1618
WBGene00013324,330,4496,4826
WBGene00013325,55,532,587
WBGene00013326,286,897,1183
WBGene00013327,859,2650,3509
WBGene00013328,8,3,11
WBGene00013329,6,98,104
WBGene00013330,3,196,199
WBGene00013331,68,96,164
WBGene00013332,32,1080,1112
WBGene00013333,14,50,64
WBGene00013334,181,1333,1514
WBGene00013335,78,372,450
WBGene00013336,19,38,57
WBGene00013337,2,1,3
WBGene00013338,1,5,6
WBGene00013339,239,946,1185
WBGene00013340,372,5469,5841
WBGene00013343,795,4092,4887
WBGene00013344,60,147,207
WBGene00013345,74,2139,2213
WBGene00013347,1117,5239,6356
WBGene00013348,26,146,172
WBGene00013349,2,145,147
WBGene00013350,276,599,875
WBGene00013351,3,0,3
WBGene00013352,284,2195,2479
WBGene00013353,94,159,253
WBGene00013354,654,2724,3378
WBGene00013355,354,2050,2404
WBGene00013356,28,95,123
WBGene00013357,7,2,9
WBGene00013358,69,587,656
WBGene00013359,49,554,603
WBGene00013360,483,7144,7627
WBGene00013361,598,1442,2040
WBGene00013362,95,193,288
WBGene00013364,6,116,122
WBGene00013365,241,2155,2396
WBGene00013366,876,2842,3718
WBGene00013367,9,5,14
WBGene00013368,12,22,34
WBGene00013370,0,3,3
WBGene00013371,0,0,0
WBGene00013373,73,3430,3503
WBGene00013374,1,0,1
WBGene00013375,40,65,105
WBGene00013376,127,837,964
WBGene00013378,22,2462,2484
WBGene00013379,546,2937,3483
WBGene00013380,1,107,108
WBGene00013381,178,97,275
WBGene00013382,50,547,597
WBGene00013383,16,73,89
WBGene00013385,58,472,530
WBGene00013387,239,1249,1488
WBGene00013388,4,11,15
WBGene00013389,3,4,7
WBGene00013390,1,1,2
WBGene00013391,0,1,1
WBGene00013392,3,13,16
WBGene00013393,0,0,0
WBGene00013394,1,0,1
WBGene00013395,5,2,7
WBGene00013396,1,0,1
WBGene00013397,4,4,8
WBGene00013398,2,3,5
WBGene00013399,4,1,5
WBGene00013400,3,3,6
WBGene00013401,50,165,215
WBGene00013402,28,131,159
WBGene00013403,12,45,57
WBGene00013404,4,175,179
WBGene00013405,48,325,373
WBGene00013406,743,11840,12583
WBGene00013407,58,450,508
WBGene00013408,5,9,14
WBGene00013409,3,81,84
WBGene00013411,7,1,8
WBGene00013412,0,3,3
WBGene00013415,190,1280,1470
WBGene00013416,271,738,1009
WBGene00013417,60,54,114
WBGene00013418,216,1841,2057
WBGene00013419,26,47,73
WBGene00013421,1,24,25
WBGene00013422,169,1008,1177
WBGene00013424,0,11,11
WBGene00013425,106,298,404
WBGene00013426,36,421,457
WBGene00013427,3,72,75
WBGene00013429,8,9,17
WBGene00013431,122,193,315
WBGene00013432,8,120,128
WBGene00013433,3,391,394
WBGene00013434,156,1042,1198
WBGene00013435,287,3413,3700
WBGene00013436,160,1738,1898
WBGene00013437,5,16,21
WBGene00013438,5,641,646
WBGene00013439,6,21,27
WBGene00013440,23,120,143
WBGene00013441,167,1081,1248
WBGene00013442,24,220,244
WBGene00013443,113,319,432
WBGene00013445,24,310,334
WBGene00013446,364,1027,1391
WBGene00013447,215,829,1044
WBGene00013448,135,953,1088
WBGene00013449,3,13,16
WBGene00013450,11,18,29
WBGene00013451,4,17,21
WBGene00013452,6,8,14
WBGene00013453,45,570,615
WBGene00013454,2,5,7
WBGene00013455,257,775,1032
WBGene00013456,81,489,570
WBGene00013457,38,175,213
WBGene00013458,111,1302,1413
WBGene00013459,911,6294,7205
WBGene00013460,526,1085,1611
WBGene00013461,412,1816,2228
WBGene00013462,264,2594,2858
WBGene00013463,0,14721,14721
WBGene00013464,101,685,786
WBGene00013465,116,926,1042
WBGene00013466,0,0,0
WBGene00013468,2,2,4
WBGene00013469,2,3,5
WBGene00013470,5,1,6
WBGene00013471,0,0,0
WBGene00013472,0,3,3
WBGene00013473,1,0,1
WBGene00013474,0,5,5
WBGene00013475,0,0,0
WBGene00013476,0,2,2
WBGene00013477,152,5603,5755
WBGene00013478,2,3,5
WBGene00013479,63,247,310
WBGene00013480,49,8,57
WBGene00013481,908,8816,9724
WBGene00013482,79,870,949
WBGene00013483,0,2,2
WBGene00013484,17,16,33
WBGene00013485,150,352,502
WBGene00013486,31,30,61
WBGene00013487,14,14,28
WBGene00013489,53,11750,11803
WBGene00013490,7,80,87
WBGene00013491,0,0,0
WBGene00013492,0,4,4
WBGene00013493,0,2,2
WBGene00013494,5,3,8
WBGene00013496,45,138,183
WBGene00013497,36,225,261
WBGene00013498,6,11,17
WBGene00013499,158,667,825
WBGene00013500,0,0,0
WBGene00013501,0,9,9
WBGene00013502,1,0,1
WBGene00013503,19,1,20
WBGene00013505,10,13,23
WBGene00013506,204,341,545
WBGene00013507,14,39,53
WBGene00013508,1,5,6
WBGene00013509,18,264,282
WBGene00013511,0,2,2
WBGene00013512,14,25,39
WBGene00013513,3,19,22
WBGene00013514,2252,28547,30799
WBGene00013515,554,5878,6432
WBGene00013516,184,1646,1830
WBGene00013517,40,28,68
WBGene00013518,235,1045,1280
WBGene00013519,2,0,2
WBGene00013520,13,7,20
WBGene00013521,0,2,2
WBGene00013522,244,683,927
WBGene00013523,0,0,0
WBGene00013524,0,0,0
WBGene00013525,3,5,8
WBGene00013526,3,7,10
WBGene00013527,10,4,14
WBGene00013528,3,1,4
WBGene00013529,246,1054,1300
WBGene00013530,328,1486,1814
WBGene00013531,306,1966,2272
WBGene00013532,11,1779,1790
WBGene00013534,107,134,241
WBGene00013536,169,66,235
WBGene00013538,220,1168,1388
WBGene00013539,23,114,137
WBGene00013540,24,178,202
WBGene00013541,27,81,108
WBGene00013542,67,598,665
WBGene00013543,144,222,366
WBGene00013544,371,3763,4134
WBGene00013545,393,1282,1675
WBGene00013547,22,85,107
WBGene00013548,258,698,956
WBGene00013549,182,772,954
WBGene00013550,79,2140,2219
WBGene00013551,43,340,383
WBGene00013552,11,332,343
WBGene00013553,246,2168,2414
WBGene00013554,123,353,476
WBGene00013555,3,9,12
WBGene00013556,168,968,1136
WBGene00013557,555,1886,2441
WBGene00013558,108,1059,1167
WBGene00013559,13,17,30
WBGene00013560,87,417,504
WBGene00013561,157,1097,1254
WBGene00013562,3,15,18
WBGene00013563,86,46,132
WBGene00013564,12,13,25
WBGene00013565,0,0,0
WBGene00013566,0,0,0
WBGene00013567,18,132,150
WBGene00013568,50,472,522
WBGene00013569,4,537,541
WBGene00013570,0,0,0
WBGene00013572,0,0,0
WBGene00013573,72,76,148
WBGene00013574,75,45,120
WBGene00013575,55,938,993
WBGene00013576,23,347,370
WBGene00013577,1741,14440,16181
WBGene00013578,57,208,265
WBGene00013579,21,2,23
WBGene00013580,1041,1600,2641
WBGene00013581,1,4,5
WBGene00013583,3,0,3
WBGene00013584,46,224,270
WBGene00013585,23,372,395
WBGene00013586,4,4,8
WBGene00013587,44,108,152
WBGene00013588,1025,11898,12923
WBGene00013590,0,2,2
WBGene00013591,93,1012,1105
WBGene00013592,24,26,50
WBGene00013593,164,1075,1239
WBGene00013594,168,210,378
WBGene00013595,127,929,1056
WBGene00013596,60,964,1024
WBGene00013597,617,5913,6530
WBGene00013598,109,2110,2219
WBGene00013599,330,656,986
WBGene00013601,87,748,835
WBGene00013602,24,473,497
WBGene00013603,136,3434,3570
WBGene00013604,66,1180,1246
WBGene00013605,155,1857,2012
WBGene00013606,256,1731,1987
WBGene00013607,0,1,1
WBGene00013608,1,4,5
WBGene00013609,2,20,22
WBGene00013610,6,243,249
WBGene00013611,3,109,112
WBGene00013613,1,10,11
WBGene00013616,0,0,0
WBGene00013619,1,1,2
WBGene00013620,8,5,13
WBGene00013621,4,1,5
WBGene00013622,0,1,1
WBGene00013623,29,343,372
WBGene00013626,1,2,3
WBGene00013628,1,0,1
WBGene00013629,12,3,15
WBGene00013631,8,3,11
WBGene00013632,47,478,525
WBGene00013633,28,145,173
WBGene00013634,20,27,47
WBGene00013635,0,0,0
WBGene00013636,0,31,31
WBGene00013637,6,2,8
WBGene00013639,1573,642,2215
WBGene00013642,145,522,667
WBGene00013643,12,22,34
WBGene00013645,1,3,4
WBGene00013646,9,14,23
WBGene00013647,345,3305,3650
WBGene00013649,9,13,22
WBGene00013650,13,223,236
WBGene00013651,13,6,19
WBGene00013653,2,8,10
WBGene00013654,5,26,31
WBGene00013655,16,12,28
WBGene00013656,3,4,7
WBGene00013657,0,0,0
WBGene00013658,37,349,386
WBGene00013659,1,53,54
WBGene00013662,26,132,158
WBGene00013665,119,852,971
WBGene00013666,125,647,772
WBGene00013667,149,1006,1155
WBGene00013668,138,1401,1539
WBGene00013669,26,261,287
WBGene00013670,360,1906,2266
WBGene00013671,91,1613,1704
WBGene00013672,84,141,225
WBGene00013673,104,392,496
WBGene00013674,109,718,827
WBGene00013676,209,1781,1990
WBGene00013677,411,2516,2927
WBGene00013678,364,1723,2087
WBGene00013679,200,1309,1509
WBGene00013680,354,1123,1477
WBGene00013682,1555,2327,3882
WBGene00013683,303,3235,3538
WBGene00013684,7,4,11
WBGene00013685,25,59,84
WBGene00013687,207,1084,1291
WBGene00013688,337,4019,4356
WBGene00013689,22,1036,1058
WBGene00013690,74,1201,1275
WBGene00013691,59,567,626
WBGene00013692,142,1440,1582
WBGene00013693,168,118,286
WBGene00013694,105,921,1026
WBGene00013695,246,1670,1916
WBGene00013696,0,4,4
WBGene00013697,9,598,607
WBGene00013698,24,400,424
WBGene00013699,2,4,6
WBGene00013700,2,29,31
WBGene00013701,2,55,57
WBGene00013702,152,646,798
WBGene00013703,356,1500,1856
WBGene00013704,35,264,299
WBGene00013705,0,0,0
WBGene00013708,11,351,362
WBGene00013709,175,3258,3433
WBGene00013710,0,23,23
WBGene00013711,85,669,754
WBGene00013712,0,1,1
WBGene00013713,11,135,146
WBGene00013715,7,106,113
WBGene00013716,9,92,101
WBGene00013717,16,406,422
WBGene00013718,51,1450,1501
WBGene00013719,19,661,680
WBGene00013720,9,687,696
WBGene00013721,2,13,15
WBGene00013723,1,33,34
WBGene00013724,86,474,560
WBGene00013725,111,1209,1320
WBGene00013726,106,799,905
WBGene00013727,15,220,235
WBGene00013728,59,762,821
WBGene00013729,11,410,421
WBGene00013730,818,2612,3430
WBGene00013732,2280,1600,3880
WBGene00013734,703,2965,3668
WBGene00013735,1912,3650,5562
WBGene00013736,41,1424,1465
WBGene00013737,485,1372,1857
WBGene00013738,258,1288,1546
WBGene00013739,163,72,235
WBGene00013740,30,1606,1636
WBGene00013741,14,33,47
WBGene00013742,98,139,237
WBGene00013744,1,12,13
WBGene00013746,247,528,775
WBGene00013747,12,1,13
WBGene00013748,40,336,376
WBGene00013749,3,48,51
WBGene00013750,5,6,11
WBGene00013751,35,292,327
WBGene00013752,41,832,873
WBGene00013753,73,679,752
WBGene00013754,1,1,2
WBGene00013755,7,34,41
WBGene00013756,22,311,333
WBGene00013757,1,11,12
WBGene00013758,11,303,314
WBGene00013759,0,2,2
WBGene00013760,2,2,4
WBGene00013761,4,141,145
WBGene00013762,1,11,12
WBGene00013764,21,40,61
WBGene00013765,156,1951,2107
WBGene00013766,203,24206,24409
WBGene00013768,219,566,785
WBGene00013771,5,5,10
WBGene00013773,2,7,9
WBGene00013774,52,94,146
WBGene00013775,0,5,5
WBGene00013776,1,66,67
WBGene00013777,0,1,1
WBGene00013778,6,26,32
WBGene00013779,0,23,23
WBGene00013781,50,215,265
WBGene00013782,85,277,362
WBGene00013784,2392,16181,18573
WBGene00013785,5,0,5
WBGene00013786,1,3,4
WBGene00013789,147,536,683
WBGene00013790,92,793,885
WBGene00013791,1,1,2
WBGene00013792,165,273,438
WBGene00013794,0,9,9
WBGene00013795,0,0,0
WBGene00013796,0,0,0
WBGene00013797,0,1,1
WBGene00013798,1,2,3
WBGene00013799,6,10,16
WBGene00013800,3,1,4
WBGene00013801,8,13,21
WBGene00013802,105,191,296
WBGene00013803,372,2249,2621
WBGene00013804,433,3197,3630
WBGene00013805,545,4373,4918
WBGene00013806,75,434,509
WBGene00013807,420,948,1368
WBGene00013808,317,1852,2169
WBGene00013809,19,17,36
WBGene00013810,2,2,4
WBGene00013811,1,2,3
WBGene00013812,41,72,113
WBGene00013814,48,43,91
WBGene00013815,0,5,5
WBGene00013816,2,7,9
WBGene00013817,10,70,80
WBGene00013819,177,2345,2522
WBGene00013820,1,13,14
WBGene00013822,2,7,9
WBGene00013823,47,2,49
WBGene00013824,3,10,13
WBGene00013825,57,105,162
WBGene00013827,0,0,0
WBGene00013828,29,5,34
WBGene00013829,0,20,20
WBGene00013830,3,8,11
WBGene00013831,8,3,11
WBGene00013832,2,14,16
WBGene00013833,2,75,77
WBGene00013834,13,6,19
WBGene00013835,28,134,162
WBGene00013836,4,34,38
WBGene00013837,0,32,32
WBGene00013838,5,37,42
WBGene00013839,6,6,12
WBGene00013840,0,2,2
WBGene00013844,5,10,15
WBGene00013845,27,282,309
WBGene00013846,2,37,39
WBGene00013847,225,1337,1562
WBGene00013848,176,531,707
WBGene00013849,24,43,67
WBGene00013850,84,120,204
WBGene00013852,48,420,468
WBGene00013853,5,1624,1629
WBGene00013854,2,4,6
WBGene00013855,92,875,967
WBGene00013856,2,47,49
WBGene00013857,134,633,767
WBGene00013858,0,0,0
WBGene00013859,682,10813,11495
WBGene00013860,236,2361,2597
WBGene00013862,13,402,415
WBGene00013863,4,7,11
WBGene00013865,5,50,55
WBGene00013866,378,3118,3496
WBGene00013867,72,245,317
WBGene00013868,3,41,44
WBGene00013869,228,1441,1669
WBGene00013870,25,329,354
WBGene00013871,7,28,35
WBGene00013872,203,762,965
WBGene00013873,21,17,38
WBGene00013874,8,33,41
WBGene00013875,7,15,22
WBGene00013876,10,269,279
WBGene00013877,112,947,1059
WBGene00013878,314,2109,2423
WBGene00013879,7,27,34
WBGene00013880,23,1681,1704
WBGene00013881,54,603,657
WBGene00013882,1028,8655,9683
WBGene00013883,29,73,102
WBGene00013884,3126,21671,24797
WBGene00013886,6,14,20
WBGene00013887,0,2,2
WBGene00013888,0,0,0
WBGene00013889,0,0,0
WBGene00013890,0,0,0
WBGene00013891,1,63,64
WBGene00013892,145,2223,2368
WBGene00013893,24,1405,1429
WBGene00013894,95,853,948
WBGene00013895,55,401,456
WBGene00013896,84,674,758
WBGene00013897,21,1155,1176
WBGene00013898,201,2911,3112
WBGene00013899,29,874,903
WBGene00013900,3,40,43
WBGene00013901,4,212,216
WBGene00013902,34,96,130
WBGene00013903,1,11,12
WBGene00013904,3,26,29
WBGene00013905,2,12,14
WBGene00013906,6,105,111
WBGene00013907,1,22,23
WBGene00013908,3,4,7
WBGene00013909,2,8,10
WBGene00013910,0,1,1
WBGene00013911,3,18,21
WBGene00013912,12,7,19
WBGene00013913,7,1,8
WBGene00013914,46,129,175
WBGene00013915,7,4,11
WBGene00013916,9,9,18
WBGene00013917,57,595,652
WBGene00013919,285,1576,1861
WBGene00013920,66,2188,2254
WBGene00013921,134,767,901
WBGene00013922,0,0,0
WBGene00013923,13,130,143
WBGene00013924,178,4360,4538
WBGene00013925,56,1100,1156
WBGene00013926,10,288,298
WBGene00013927,0,2,2
WBGene00013928,2,1,3
WBGene00013929,3,18,21
WBGene00013930,0,0,0
WBGene00013931,16,0,16
WBGene00013932,0,0,0
WBGene00013933,10,9,19
WBGene00013934,731,2275,3006
WBGene00013935,0,1,1
WBGene00013937,0,0,0
WBGene00013938,42,809,851
WBGene00013939,0,39,39
WBGene00013940,0,1,1
WBGene00013941,0,4,4
WBGene00013942,24,27,51
WBGene00013943,0,0,0
WBGene00013944,2,2,4
WBGene00013946,84,284,368
WBGene00013947,37,256,293
WBGene00013949,73,403,476
WBGene00013950,96,419,515
WBGene00013951,0,2,2
WBGene00013953,1,2,3
WBGene00013954,0,6,6
WBGene00013955,136,41,177
WBGene00013956,0,2,2
WBGene00013957,129,372,501
WBGene00013958,285,4404,4689
WBGene00013959,161,1019,1180
WBGene00013960,90,582,672
WBGene00013961,0,3,3
WBGene00013962,150,2048,2198
WBGene00013963,7,176,183
WBGene00013964,13,565,578
WBGene00013965,13,50,63
WBGene00013966,22,627,649
WBGene00013967,73,526,599
WBGene00013968,5,19,24
WBGene00013969,295,2807,3102
WBGene00013970,118,659,777
WBGene00013971,0,0,0
WBGene00013972,0,0,0
WBGene00013973,0,3,3
WBGene00013974,43,19,62
WBGene00013975,21,124,145
WBGene00013976,13,34,47
WBGene00013978,2,4,6
WBGene00013979,2,2,4
WBGene00013980,46,236,282
WBGene00013982,16,255,271
WBGene00013983,66,3023,3089
WBGene00013984,1162,3241,4403
WBGene00013985,74,1408,1482
WBGene00013986,1,16,17
WBGene00013987,1,22,23
WBGene00013988,1,1,2
WBGene00013989,50,719,769
WBGene00013994,100,796,896
WBGene00013996,6,53,59
WBGene00013997,323,3044,3367
WBGene00013998,30,525,555
WBGene00013999,5,3,8
WBGene00014000,17,286,303
WBGene00014001,186,2716,2902
WBGene00014002,22,113,135
WBGene00014003,18,5250,5268
WBGene00014004,180,1455,1635
WBGene00014006,6,2801,2807
WBGene00014007,0,11,11
WBGene00014008,27,351,378
WBGene00014009,9,426,435
WBGene00014011,41,1672,1713
WBGene00014012,67,2129,2196
WBGene00014013,88,2941,3029
WBGene00014014,118,453,571
WBGene00014015,82,1903,1985
WBGene00014016,1189,16121,17310
WBGene00014017,210,3129,3339
WBGene00014018,202,1452,1654
WBGene00014019,129,1189,1318
WBGene00014020,42,1003,1045
WBGene00014021,252,962,1214
WBGene00014022,438,6222,6660
WBGene00014023,169,1510,1679
WBGene00014024,92,292,384
WBGene00014025,134,2650,2784
WBGene00014027,21,196,217
WBGene00014028,63,372,435
WBGene00014029,48,17,65
WBGene00014030,74,5959,6033
WBGene00014031,50,2175,2225
WBGene00014032,3,1,4
WBGene00014033,117,581,698
WBGene00014034,2,440,442
WBGene00014035,114,520,634
WBGene00014036,824,3062,3886
WBGene00014037,2346,3,2349
WBGene00014038,16,0,16
WBGene00014039,151,1126,1277
WBGene00014040,0,0,0
WBGene00014041,0,0,0
WBGene00014042,0,0,0
WBGene00014043,0,1,1
WBGene00014044,0,1,1
WBGene00014045,0,0,0
WBGene00014046,0,0,0
WBGene00014047,7,4,11
WBGene00014048,3,5,8
WBGene00014049,4,0,4
WBGene00014050,0,266,266
WBGene00014051,460,1745,2205
WBGene00014052,8,97,105
WBGene00014053,18,22,40
WBGene00014054,142,6225,6367
WBGene00014055,156,1477,1633
WBGene00014057,15,229,244
WBGene00014058,160,3451,3611
WBGene00014060,24,146,170
WBGene00014061,0,0,0
WBGene00014062,7,17,24
WBGene00014063,1,15,16
WBGene00014064,0,3,3
WBGene00014065,36,88,124
WBGene00014066,67,728,795
WBGene00014067,12,135,147
WBGene00014068,0,14,14
WBGene00014069,15,4,19
WBGene00014070,31,3,34
WBGene00014073,17,107,124
WBGene00014074,78,559,637
WBGene00014075,155,1714,1869
WBGene00014076,136,591,727
WBGene00014077,31,195,226
WBGene00014078,287,3224,3511
WBGene00014079,50,433,483
WBGene00014080,38,432,470
WBGene00014081,85,576,661
WBGene00014082,16,8,24
WBGene00014083,155,2776,2931
WBGene00014084,0,6,6
WBGene00014085,8,78,86
WBGene00014086,1768,16703,18471
WBGene00014087,92,1563,1655
WBGene00014088,962,34251,35213
WBGene00014089,16,85,101
WBGene00014090,37,1566,1603
WBGene00014091,1375,30911,32286
WBGene00014092,643,5996,6639
WBGene00014093,74,178,252
WBGene00014094,29,120,149
WBGene00014095,184,43279,43463
WBGene00014096,25,4145,4170
WBGene00014097,7,43,50
WBGene00014098,254,2819,3073
WBGene00014099,30,295,325
WBGene00014100,10,14,24
WBGene00014101,224,614,838
WBGene00014102,0,0,0
WBGene00014103,30,44,74
WBGene00014104,2,2,4
WBGene00014105,7,25,32
WBGene00014106,132,594,726
WBGene00014107,27,636,663
WBGene00014108,620,19806,20426
WBGene00014109,88,3300,3388
WBGene00014111,39,830,869
WBGene00014112,168,1696,1864
WBGene00014113,12,333,345
WBGene00014114,62,824,886
WBGene00014115,174,1429,1603
WBGene00014116,2,191,193
WBGene00014117,3,70,73
WBGene00014118,94,708,802
WBGene00014119,346,1191,1537
WBGene00014120,0,480,480
WBGene00014121,31,24,55
WBGene00014122,52,131,183
WBGene00014123,31,1139,1170
WBGene00014124,34,964,998
WBGene00014125,23,977,1000
WBGene00014127,0,1,1
WBGene00014128,1,4,5
WBGene00014129,4,19,23
WBGene00014130,0,2,2
WBGene00014131,1,29,30
WBGene00014132,0,1,1
WBGene00014135,11,11,22
WBGene00014136,15,22,37
WBGene00014137,10,300,310
WBGene00014138,16,116,132
WBGene00014139,216,401,617
WBGene00014140,563,551,1114
WBGene00014141,15,134,149
WBGene00014142,0,8,8
WBGene00014143,0,0,0
WBGene00014144,0,1,1
WBGene00014145,11,119,130
WBGene00014148,180,3118,3298
WBGene00014149,4,10,14
WBGene00014150,75,485,560
WBGene00014151,124,1014,1138
WBGene00014152,13,34,47
WBGene00014153,185,1322,1507
WBGene00014154,0,12,12
WBGene00014155,16,41,57
WBGene00014156,130,1650,1780
WBGene00014157,0,0,0
WBGene00014158,0,0,0
WBGene00014159,6,512,518
WBGene00014160,1,44,45
WBGene00014161,3,27,30
WBGene00014162,13,7,20
WBGene00014163,1,200,201
WBGene00014164,18,333,351
WBGene00014165,558,11161,11719
WBGene00014166,15,97,112
WBGene00014168,1,0,1
WBGene00014169,2,24,26
WBGene00014170,1,12,13
WBGene00014171,1508,4512,6020
WBGene00014172,161,1006,1167
WBGene00014173,20,245,265
WBGene00014174,0,2,2
WBGene00014175,228,825,1053
WBGene00014176,88,1049,1137
WBGene00014177,96,1788,1884
WBGene00014178,22,124,146
WBGene00014179,1,1,2
WBGene00014181,4,87,91
WBGene00014182,0,0,0
WBGene00014183,121,3870,3991
WBGene00014184,9,78,87
WBGene00014186,0,0,0
WBGene00014188,0,0,0
WBGene00014189,1,41,42
WBGene00014190,2,1,3
WBGene00014191,0,1,1
WBGene00014192,2,1,3
WBGene00014193,1,0,1
WBGene00014194,0,2,2
WBGene00014195,6,23,29
WBGene00014196,6,23,29
WBGene00014197,1,6,7
WBGene00014198,2,138,140
WBGene00014199,8,7,15
WBGene00014200,6,50,56
WBGene00014201,0,2,2
WBGene00014202,211,4832,5043
WBGene00014203,21,277,298
WBGene00014204,82,6045,6127
WBGene00014205,31,523,554
WBGene00014206,19,414,433
WBGene00014207,222,5688,5910
WBGene00014208,57,1111,1168
WBGene00014209,92,1204,1296
WBGene00014210,17,156,173
WBGene00014213,278,4535,4813
WBGene00014214,685,1659,2344
WBGene00014215,204,803,1007
WBGene00014216,2,3,5
WBGene00014217,1,1,2
WBGene00014218,196,4412,4608
WBGene00014219,61,1004,1065
WBGene00014220,32,399,431
WBGene00014221,59,1642,1701
WBGene00014222,142,862,1004
WBGene00014223,105,124,229
WBGene00014224,220,4226,4446
WBGene00014225,8,21,29
WBGene00014226,39,682,721
WBGene00014227,123,1189,1312
WBGene00014228,13,483,496
WBGene00014229,1,6,7
WBGene00014230,24,581,605
WBGene00014232,269,2088,2357
WBGene00014233,54,848,902
WBGene00014234,9,1273,1282
WBGene00014235,10,44,54
WBGene00014236,1,9,10
WBGene00014238,0,0,0
WBGene00014239,0,0,0
WBGene00014240,1,0,1
WBGene00014241,0,1,1
WBGene00014242,0,2,2
WBGene00014243,182,2274,2456
WBGene00014244,28,903,931
WBGene00014245,4,34,38
WBGene00014246,1,0,1
WBGene00014247,0,1,1
WBGene00014248,143,693,836
WBGene00014249,95,4005,4100
WBGene00014250,15,807,822
WBGene00014251,111,923,1034
WBGene00014252,29,306,335
WBGene00014253,29,279,308
WBGene00014254,38,267,305
WBGene00014255,9,139,148
WBGene00014256,15,323,338
WBGene00014258,244,4419,4663
WBGene00014259,169,2286,2455
WBGene00014260,51,52,103
WBGene00014261,802,1672,2474
WBGene00014262,3313,9747,13060
WBGene00014300,101,296,397
WBGene00014569,197,1295,1492
WBGene00014666,11,85,96
WBGene00014668,10,5,15
WBGene00014669,6,131,137
WBGene00014679,3,8,11
WBGene00014697,120,1955,2075
WBGene00014698,63,196,259
WBGene00014699,4,0,4
WBGene00014700,0,7,7
WBGene00014761,32,75,107
WBGene00014793,186,2240,2426
WBGene00014801,75,544,619
WBGene00014807,4,0,4
WBGene00014813,5,3,8
WBGene00014826,1173,12247,13420
WBGene00014848,90,1841,1931
WBGene00014864,6,5,11
WBGene00014871,15,191,206
WBGene00014914,9,21,30
WBGene00014924,9,2,11
WBGene00014926,5,4,9
WBGene00014938,254,4518,4772
WBGene00014953,1,1,2
WBGene00014965,50,752,802
WBGene00014989,449,2028,2477
WBGene00014997,0,6,6
WBGene00014998,37,122,159
WBGene00014999,39,546,585
WBGene00015000,15,80,95
WBGene00015001,124,846,970
WBGene00015002,7,128,135
WBGene00015003,5,18,23
WBGene00015004,5,14,19
WBGene00015005,16,152,168
WBGene00015006,9,23,32
WBGene00015007,579,5108,5687
WBGene00015008,31,502,533
WBGene00015009,46,853,899
WBGene00015010,114,737,851
WBGene00015011,36,2102,2138
WBGene00015012,5,21,26
WBGene00015014,13,111,124
WBGene00015015,6,34,40
WBGene00015017,93,705,798
WBGene00015018,11,11,22
WBGene00015019,38,95,133
WBGene00015020,3,15,18
WBGene00015021,297,2562,2859
WBGene00015022,675,3879,4554
WBGene00015023,51,380,431
WBGene00015024,1,7,8
WBGene00015025,424,4282,4706
WBGene00015026,0,7,7
WBGene00015027,52,240,292
WBGene00015028,14,37,51
WBGene00015029,27,681,708
WBGene00015030,3,8,11
WBGene00015031,1,0,1
WBGene00015032,4,14,18
WBGene00015033,129,163,292
WBGene00015034,5,3,8
WBGene00015035,29,68,97
WBGene00015036,4,19,23
WBGene00015037,36,150,186
WBGene00015038,33,174,207
WBGene00015040,6,33,39
WBGene00015041,14,43,57
WBGene00015042,2,17,19
WBGene00015043,31,335,366
WBGene00015044,16,123,139
WBGene00015045,6,24,30
WBGene00015046,66,565,631
WBGene00015047,98,1075,1173
WBGene00015048,13,505,518
WBGene00015049,1,27,28
WBGene00015050,22,80,102
WBGene00015051,2,8,10
WBGene00015052,0,13,13
WBGene00015053,2,278,280
WBGene00015054,16,9,25
WBGene00015055,64,177,241
WBGene00015056,28,225,253
WBGene00015057,14,249,263
WBGene00015058,4,221,225
WBGene00015059,4,779,783
WBGene00015061,2583,22922,25505
WBGene00015062,8,94,102
WBGene00015063,3,649,652
WBGene00015064,226,2300,2526
WBGene00015065,0,2,2
WBGene00015066,7,35,42
WBGene00015067,53,459,512
WBGene00015068,0,2,2
WBGene00015069,2,5,7
WBGene00015070,0,4,4
WBGene00015071,3,2,5
WBGene00015072,17,17,34
WBGene00015073,6,195,201
WBGene00015074,71,3812,3883
WBGene00015075,225,4617,4842
WBGene00015076,15,920,935
WBGene00015079,195,75,270
WBGene00015080,5,2,7
WBGene00015081,9,8,17
WBGene00015082,4,17,21
WBGene00015083,2,108,110
WBGene00015084,2,7,9
WBGene00015085,6,10,16
WBGene00015086,2,87,89
WBGene00015087,9,24,33
WBGene00015088,79,594,673
WBGene00015089,7,14,21
WBGene00015091,127,1405,1532
WBGene00015092,207,4966,5173
WBGene00015093,0,2,2
WBGene00015094,19,43,62
WBGene00015095,56,595,651
WBGene00015096,354,2123,2477
WBGene00015097,8,59,67
WBGene00015098,13,126,139
WBGene00015099,293,1970,2263
WBGene00015100,4,6,10
WBGene00015101,26,1379,1405
WBGene00015102,2,109,111
WBGene00015103,12,174,186
WBGene00015104,33,1961,1994
WBGene00015105,188,669,857
WBGene00015106,4,12,16
WBGene00015107,4,49,53
WBGene00015108,2,1,3
WBGene00015110,7,24,31
WBGene00015111,0,0,0
WBGene00015112,7,40,47
WBGene00015113,2,36,38
WBGene00015114,2,0,2
WBGene00015115,544,2284,2828
WBGene00015116,54,388,442
WBGene00015117,21,1009,1030
WBGene00015118,2,0,2
WBGene00015119,0,6,6
WBGene00015121,0,0,0
WBGene00015122,4,283,287
WBGene00015124,361,2452,2813
WBGene00015125,128,5131,5259
WBGene00015126,278,1679,1957
WBGene00015128,59,1197,1256
WBGene00015129,0,1,1
WBGene00015130,44,655,699
WBGene00015131,43,247,290
WBGene00015132,18,220,238
WBGene00015133,198,6820,7018
WBGene00015134,21,275,296
WBGene00015135,77,356,433
WBGene00015136,5,182,187
WBGene00015137,202,4613,4815
WBGene00015138,50,246,296
WBGene00015139,186,175,361
WBGene00015141,75,619,694
WBGene00015142,3,7,10
WBGene00015143,33,1655,1688
WBGene00015145,106,1135,1241
WBGene00015146,75,1090,1165
WBGene00015147,25,435,460
WBGene00015148,526,7299,7825
WBGene00015149,21,51,72
WBGene00015150,10,327,337
WBGene00015151,1,13,14
WBGene00015152,176,304,480
WBGene00015153,10,91,101
WBGene00015155,212,40,252
WBGene00015156,735,2257,2992
WBGene00015157,55,1418,1473
WBGene00015158,95,536,631
WBGene00015159,317,1581,1898
WBGene00015160,28,1662,1690
WBGene00015161,29,416,445
WBGene00015162,224,1674,1898
WBGene00015163,10,2236,2246
WBGene00015164,71,1573,1644
WBGene00015165,9,22,31
WBGene00015167,0,97,97
WBGene00015168,197,19861,20058
WBGene00015169,29,160,189
WBGene00015170,10,6,16
WBGene00015171,34,464,498
WBGene00015172,6,810,816
WBGene00015173,582,1110,1692
WBGene00015175,3,21,24
WBGene00015176,144,1665,1809
WBGene00015177,263,2297,2560
WBGene00015178,2,1,3
WBGene00015179,13,104,117
WBGene00015180,0,16,16
WBGene00015181,33,2997,3030
WBGene00015182,12,46,58
WBGene00015183,7,28,35
WBGene00015184,103,1330,1433
WBGene00015185,348,2498,2846
WBGene00015186,243,2413,2656
WBGene00015188,46,197,243
WBGene00015189,116,56,172
WBGene00015190,1,164,165
WBGene00015191,37,392,429
WBGene00015192,2,6,8
WBGene00015193,0,0,0
WBGene00015194,63,416,479
WBGene00015196,17,101,118
WBGene00015197,9,218,227
WBGene00015198,2,8,10
WBGene00015199,9,9,18
WBGene00015200,49,456,505
WBGene00015202,86,1323,1409
WBGene00015203,220,2934,3154
WBGene00015204,23,769,792
WBGene00015205,295,3243,3538
WBGene00015206,126,2197,2323
WBGene00015207,445,1463,1908
WBGene00015208,293,3882,4175
WBGene00015210,30,158,188
WBGene00015211,6,92,98
WBGene00015214,11,22,33
WBGene00015215,3,16,19
WBGene00015216,74,437,511
WBGene00015217,32,925,957
WBGene00015218,39,315,354
WBGene00015219,209,1974,2183
WBGene00015220,3,89,92
WBGene00015221,0,1,1
WBGene00015222,3,3,6
WBGene00015223,12,2,14
WBGene00015224,2,2,4
WBGene00015225,6,13,19
WBGene00015226,5,16,21
WBGene00015227,4,17,21
WBGene00015228,154,703,857
WBGene00015229,1,7,8
WBGene00015230,2,3,5
WBGene00015231,11,248,259
WBGene00015232,732,7498,8230
WBGene00015233,9,1005,1014
WBGene00015235,1,509,510
WBGene00015236,62,76,138
WBGene00015237,243,1595,1838
WBGene00015238,40,355,395
WBGene00015241,8,2,10
WBGene00015242,0,0,0
WBGene00015243,0,1,1
WBGene00015244,4,5,9
WBGene00015245,170,652,822
WBGene00015246,29,13,42
WBGene00015247,370,53,423
WBGene00015248,4755,41263,46018
WBGene00015249,392,938,1330
WBGene00015250,233,399,632
WBGene00015251,96,2449,2545
WBGene00015252,8,4,12
WBGene00015253,1,0,1
WBGene00015254,1,2,3
WBGene00015255,0,3,3
WBGene00015257,9,5,14
WBGene00015258,3,13,16
WBGene00015259,1,3,4
WBGene00015260,4,11,15
WBGene00015261,0,11,11
WBGene00015262,55,39,94
WBGene00015263,102,648,750
WBGene00015264,46,154,200
WBGene00015265,3,37,40
WBGene00015266,102,804,906
WBGene00015267,64,821,885
WBGene00015268,293,349,642
WBGene00015270,0,0,0
WBGene00015271,0,0,0
WBGene00015272,0,0,0
WBGene00015273,58,0,58
WBGene00015275,8,5,13
WBGene00015276,103,150,253
WBGene00015277,0,0,0
WBGene00015278,35,319,354
WBGene00015279,6,10,16
WBGene00015280,24,155,179
WBGene00015281,52,641,693
WBGene00015282,177,2107,2284
WBGene00015283,85,1085,1170
WBGene00015284,3,24,27
WBGene00015285,230,1967,2197
WBGene00015286,12,138,150
WBGene00015287,5,57,62
WBGene00015288,2,7,9
WBGene00015291,98,818,916
WBGene00015292,8,17,25
WBGene00015293,345,2568,2913
WBGene00015294,42,454,496
WBGene00015295,74,661,735
WBGene00015296,240,2873,3113
WBGene00015297,118,2327,2445
WBGene00015298,31,1930,1961
WBGene00015299,35,214,249
WBGene00015300,2,88,90
WBGene00015301,193,943,1136
WBGene00015303,293,674,967
WBGene00015305,7,4,11
WBGene00015306,1,6,7
WBGene00015307,29,251,280
WBGene00015308,62,1371,1433
WBGene00015309,12,73,85
WBGene00015310,44,582,626
WBGene00015311,5,28,33
WBGene00015312,9,140,149
WBGene00015313,21,561,582
WBGene00015315,0,0,0
WBGene00015316,2,0,2
WBGene00015317,1,4,5
WBGene00015318,1,1,2
WBGene00015320,10,45,55
WBGene00015321,1,1,2
WBGene00015322,12,934,946
WBGene00015323,20,82,102
WBGene00015324,22,360,382
WBGene00015325,0,3,3
WBGene00015326,70,4686,4756
WBGene00015327,46,666,712
WBGene00015328,492,2197,2689
WBGene00015329,121,4074,4195
WBGene00015330,95,1584,1679
WBGene00015331,0,0,0
WBGene00015332,24,488,512
WBGene00015333,2,26,28
WBGene00015334,64,325,389
WBGene00015335,31,158,189
WBGene00015336,28,1296,1324
WBGene00015337,2,14,16
WBGene00015338,0,0,0
WBGene00015339,272,4177,4449
WBGene00015340,162,1720,1882
WBGene00015341,1,0,1
WBGene00015342,3,1,4
WBGene00015344,118,3187,3305
WBGene00015345,5,7,12
WBGene00015346,84,3185,3269
WBGene00015347,100,759,859
WBGene00015348,3,7,10
WBGene00015349,199,625,824
WBGene00015350,113,2345,2458
WBGene00015351,11,65,76
WBGene00015352,129,1760,1889
WBGene00015353,9,278,287
WBGene00015354,412,18163,18575
WBGene00015355,52,226,278
WBGene00015356,662,7990,8652
WBGene00015357,11,189,200
WBGene00015358,44,8,52
WBGene00015359,9,114,123
WBGene00015360,2,4,6
WBGene00015361,18,8,26
WBGene00015362,29,208,237
WBGene00015364,43,94,137
WBGene00015366,3,1,4
WBGene00015367,0,2,2
WBGene00015368,0,4,4
WBGene00015369,0,3,3
WBGene00015370,0,0,0
WBGene00015371,0,0,0
WBGene00015372,1,1,2
WBGene00015373,36,82,118
WBGene00015374,2,8,10
WBGene00015375,4,47,51
WBGene00015376,1,35,36
WBGene00015377,3,76,79
WBGene00015378,17,168,185
WBGene00015379,0,6,6
WBGene00015380,0,12,12
WBGene00015381,6,20,26
WBGene00015382,11,22,33
WBGene00015385,0,0,0
WBGene00015386,230,51,281
WBGene00015387,51,105,156
WBGene00015388,9,7,16
WBGene00015389,19,93,112
WBGene00015390,57,456,513
WBGene00015391,243,6692,6935
WBGene00015392,0,415,415
WBGene00015393,504,7023,7527
WBGene00015394,1,1,2
WBGene00015395,13,58,71
WBGene00015396,10,154,164
WBGene00015397,2,22,24
WBGene00015398,5,732,737
WBGene00015399,2,2,4
WBGene00015400,20,113,133
WBGene00015401,8,24,32
WBGene00015402,210,1212,1422
WBGene00015403,7,100,107
WBGene00015404,109,1814,1923
WBGene00015405,172,2345,2517
WBGene00015406,2,11,13
WBGene00015407,38,1270,1308
WBGene00015408,15,325,340
WBGene00015409,2,41,43
WBGene00015410,129,621,750
WBGene00015411,3,8,11
WBGene00015412,7,23,30
WBGene00015413,301,8072,8373
WBGene00015414,0,6,6
WBGene00015416,14,48,62
WBGene00015417,1,0,1
WBGene00015418,1059,4589,5648
WBGene00015419,4,16,20
WBGene00015420,0,2,2
WBGene00015421,5,0,5
WBGene00015422,5,10,15
WBGene00015423,18,654,672
WBGene00015424,59,647,706
WBGene00015425,191,1568,1759
WBGene00015426,7,58,65
WBGene00015427,68,877,945
WBGene00015428,7,1,8
WBGene00015429,72,806,878
WBGene00015430,61,700,761
WBGene00015431,86,256,342
WBGene00015433,5,140,145
WBGene00015434,136,748,884
WBGene00015435,2,5,7
WBGene00015437,3,43,46
WBGene00015438,6,2,8
WBGene00015442,30,275,305
WBGene00015444,21,7,28
WBGene00015446,3,4,7
WBGene00015447,7,4,11
WBGene00015448,6,12,18
WBGene00015449,6,112,118
WBGene00015450,18,971,989
WBGene00015451,72,488,560
WBGene00015453,4,17,21
WBGene00015454,28,685,713
WBGene00015455,407,492,899
WBGene00015456,12,209,221
WBGene00015457,7,3,10
WBGene00015458,0,3,3
WBGene00015459,0,0,0
WBGene00015460,13,584,597
WBGene00015461,203,3596,3799
WBGene00015462,20,395,415
WBGene00015463,2,549,551
WBGene00015464,68,2476,2544
WBGene00015465,14,22,36
WBGene00015466,61,830,891
WBGene00015467,5,10,15
WBGene00015468,139,655,794
WBGene00015469,20,112,132
WBGene00015470,31,1314,1345
WBGene00015471,29,97,126
WBGene00015472,97,1248,1345
WBGene00015473,218,151,369
WBGene00015474,67,1858,1925
WBGene00015476,58,268,326
WBGene00015477,253,5413,5666
WBGene00015478,74,435,509
WBGene00015479,10,35,45
WBGene00015480,122,453,575
WBGene00015481,113,4268,4381
WBGene00015483,113,1412,1525
WBGene00015484,507,2357,2864
WBGene00015485,254,313,567
WBGene00015486,100,856,956
WBGene00015487,42,5266,5308
WBGene00015488,150,974,1124
WBGene00015489,13,23,36
WBGene00015491,0,2,2
WBGene00015492,17,924,941
WBGene00015493,4,10,14
WBGene00015494,76,632,708
WBGene00015495,3,218,221
WBGene00015496,6,33,39
WBGene00015497,19,32,51
WBGene00015499,157,1240,1397
WBGene00015500,12,54,66
WBGene00015501,267,2916,3183
WBGene00015504,99,552,651
WBGene00015505,26,163,189
WBGene00015507,223,1356,1579
WBGene00015508,105,1338,1443
WBGene00015509,159,908,1067
WBGene00015510,81,2521,2602
WBGene00015511,3,79,82
WBGene00015512,361,3530,3891
WBGene00015513,54,1078,1132
WBGene00015514,2258,42682,44940
WBGene00015515,66,1137,1203
WBGene00015516,7,46,53
WBGene00015517,208,1703,1911
WBGene00015518,0,73,73
WBGene00015519,7,224,231
WBGene00015520,0,12,12
WBGene00015521,0,0,0
WBGene00015522,8,28,36
WBGene00015523,25,513,538
WBGene00015524,40,630,670
WBGene00015525,188,1929,2117
WBGene00015526,35,79,114
WBGene00015527,8,380,388
WBGene00015528,4,7,11
WBGene00015529,17,173,190
WBGene00015530,0,6,6
WBGene00015531,58,657,715
WBGene00015532,1,37,38
WBGene00015534,2,3,5
WBGene00015535,1,19,20
WBGene00015536,20,397,417
WBGene00015537,10,38,48
WBGene00015538,17,3610,3627
WBGene00015539,59,697,756
WBGene00015540,12,2294,2306
WBGene00015541,86,584,670
WBGene00015544,32,42,74
WBGene00015545,25,450,475
WBGene00015546,3,128,131
WBGene00015547,88,4875,4963
WBGene00015549,15,163,178
WBGene00015551,763,5866,6629
WBGene00015552,40,2011,2051
WBGene00015553,382,3780,4162
WBGene00015554,50,552,602
WBGene00015555,373,2102,2475
WBGene00015557,33,445,478
WBGene00015558,11,104,115
WBGene00015559,117,464,581
WBGene00015560,20,652,672
WBGene00015561,199,1770,1969
WBGene00015564,1,36,37
WBGene00015565,284,3676,3960
WBGene00015566,30,349,379
WBGene00015567,84,942,1026
WBGene00015568,13,150,163
WBGene00015569,20,471,491
WBGene00015570,7,72,79
WBGene00015572,4,1,5
WBGene00015573,0,3,3
WBGene00015574,0,15,15
WBGene00015576,24,324,348
WBGene00015577,37,377,414
WBGene00015578,2,2255,2257
WBGene00015579,0,0,0
WBGene00015580,316,1286,1602
WBGene00015581,416,3808,4224
WBGene00015582,6,90,96
WBGene00015583,4,2,6
WBGene00015586,2,171,173
WBGene00015587,2,7,9
WBGene00015588,0,11,11
WBGene00015589,1,17,18
WBGene00015590,14,287,301
WBGene00015591,40,727,767
WBGene00015592,91,43,134
WBGene00015593,0,15,15
WBGene00015595,0,0,0
WBGene00015598,0,2,2
WBGene00015599,0,0,0
WBGene00015600,1,1,2
WBGene00015601,11,2,13
WBGene00015602,1,2,3
WBGene00015604,0,1,1
WBGene00015605,21,264,285
WBGene00015606,36,2,38
WBGene00015607,0,1,1
WBGene00015608,1,18,19
WBGene00015609,4,50,54
WBGene00015610,0,7,7
WBGene00015611,1,280,281
WBGene00015613,0,14,14
WBGene00015615,0,62,62
WBGene00015618,45,79,124
WBGene00015619,549,5224,5773
WBGene00015620,40,163,203
WBGene00015621,69,905,974
WBGene00015622,6,16,22
WBGene00015623,309,6990,7299
WBGene00015624,6,187,193
WBGene00015625,26,121,147
WBGene00015626,10,105,115
WBGene00015627,1,1,2
WBGene00015628,1,1,2
WBGene00015629,8,8,16
WBGene00015630,9,11,20
WBGene00015631,3,77,80
WBGene00015632,263,1987,2250
WBGene00015633,251,1738,1989
WBGene00015634,2,19,21
WBGene00015635,84,860,944
WBGene00015636,0,3,3
WBGene00015637,1,7,8
WBGene00015638,30,396,426
WBGene00015639,17,37,54
WBGene00015641,159,1475,1634
WBGene00015642,154,527,681
WBGene00015644,88,726,814
WBGene00015645,6,175,181
WBGene00015646,31,238,269
WBGene00015647,80,909,989
WBGene00015648,331,906,1237
WBGene00015649,63,23,86
WBGene00015650,487,2058,2545
WBGene00015651,319,122,441
WBGene00015652,0,1,1
WBGene00015653,0,2,2
WBGene00015655,0,0,0
WBGene00015656,13,3,16
WBGene00015658,433,969,1402
WBGene00015659,0,1,1
WBGene00015660,2,163,165
WBGene00015661,1,1,2
WBGene00015662,5,10,15
WBGene00015663,3,2,5
WBGene00015664,3,187,190
WBGene00015665,4,25,29
WBGene00015666,56,136,192
WBGene00015667,4,11,15
WBGene00015668,3,11,14
WBGene00015670,106,111,217
WBGene00015671,7,354,361
WBGene00015672,1,11,12
WBGene00015673,55,483,538
WBGene00015674,25,236,261
WBGene00015675,19,20,39
WBGene00015676,27,1357,1384
WBGene00015677,31,204,235
WBGene00015678,507,1583,2090
WBGene00015679,16,98,114
WBGene00015680,369,2697,3066
WBGene00015681,6,5,11
WBGene00015682,7,8,15
WBGene00015683,1,7,8
WBGene00015684,239,3526,3765
WBGene00015685,2,1,3
WBGene00015686,98,135,233
WBGene00015687,247,14677,14924
WBGene00015688,0,3,3
WBGene00015689,0,6,6
WBGene00015690,3,4,7
WBGene00015691,129,983,1112
WBGene00015692,46,343,389
WBGene00015693,22,219,241
WBGene00015694,16,10,26
WBGene00015695,52,691,743
WBGene00015696,3,12,15
WBGene00015697,21,235,256
WBGene00015698,0,166,166
WBGene00015700,17,24,41
WBGene00015701,16,68,84
WBGene00015702,9,612,621
WBGene00015703,11,2373,2384
WBGene00015704,146,393,539
WBGene00015705,4,73,77
WBGene00015706,3,84,87
WBGene00015707,1,34,35
WBGene00015708,67,496,563
WBGene00015709,25,409,434
WBGene00015710,48,2158,2206
WBGene00015711,15,341,356
WBGene00015712,4,3,7
WBGene00015713,8,153,161
WBGene00015714,6,97,103
WBGene00015715,21,8,29
WBGene00015716,11,224,235
WBGene00015718,0,3,3
WBGene00015719,1,0,1
WBGene00015720,5,39,44
WBGene00015721,0,0,0
WBGene00015722,3,0,3
WBGene00015723,7,4,11
WBGene00015724,5,1,6
WBGene00015725,5,1,6
WBGene00015726,1,2,3
WBGene00015727,2,2,4
WBGene00015728,15,30,45
WBGene00015729,28,1254,1282
WBGene00015730,0,0,0
WBGene00015731,0,0,0
WBGene00015733,8,52,60
WBGene00015734,66,4315,4381
WBGene00015735,729,2318,3047
WBGene00015736,3,14,17
WBGene00015737,0,0,0
WBGene00015738,3,3,6
WBGene00015739,15,42,57
WBGene00015740,98,1303,1401
WBGene00015741,512,4083,4595
WBGene00015742,71,566,637
WBGene00015743,115,1340,1455
WBGene00015744,122,401,523
WBGene00015745,27,268,295
WBGene00015746,47,1583,1630
WBGene00015747,99,339,438
WBGene00015748,20,284,304
WBGene00015750,28,196,224
WBGene00015751,62,103,165
WBGene00015752,45,2383,2428
WBGene00015753,36,284,320
WBGene00015754,153,1894,2047
WBGene00015755,1887,30509,32396
WBGene00015756,8,85,93
WBGene00015757,9,10,19
WBGene00015758,13,59,72
WBGene00015759,75,876,951
WBGene00015760,2,2,4
WBGene00015762,1,3,4
WBGene00015764,10,7,17
WBGene00015765,0,8,8
WBGene00015766,12,92,104
WBGene00015767,101,802,903
WBGene00015768,18,36,54
WBGene00015769,10,835,845
WBGene00015770,2,6,8
WBGene00015772,0,0,0
WBGene00015773,2,5,7
WBGene00015774,2,3,5
WBGene00015775,0,1,1
WBGene00015776,96,2770,2866
WBGene00015777,58,1601,1659
WBGene00015778,24,17671,17695
WBGene00015779,280,1367,1647
WBGene00015780,9,41,50
WBGene00015781,632,3689,4321
WBGene00015782,13,203,216
WBGene00015783,17,104,121
WBGene00015784,8,16,24
WBGene00015785,0,1,1
WBGene00015786,280,2029,2309
WBGene00015787,31,294,325
WBGene00015788,16,187,203
WBGene00015789,11,394,405
WBGene00015790,12,865,877
WBGene00015791,56,3206,3262
WBGene00015792,8,25,33
WBGene00015793,24,252,276
WBGene00015794,32,127,159
WBGene00015795,126,1053,1179
WBGene00015796,586,1387,1973
WBGene00015797,10,133,143
WBGene00015798,13,68,81
WBGene00015799,6,111,117
WBGene00015800,260,1032,1292
WBGene00015801,176,1563,1739
WBGene00015802,188,1136,1324
WBGene00015803,2068,17431,19499
WBGene00015805,72,1516,1588
WBGene00015806,25,809,834
WBGene00015807,18,230,248
WBGene00015809,316,4767,5083
WBGene00015810,19,7901,7920
WBGene00015811,56,7120,7176
WBGene00015813,360,4738,5098
WBGene00015814,256,5063,5319
WBGene00015815,140,677,817
WBGene00015816,37,189,226
WBGene00015817,212,1711,1923
WBGene00015818,10,162,172
WBGene00015819,0,203,203
WBGene00015820,1,14,15
WBGene00015821,3,4,7
WBGene00015822,54,95,149
WBGene00015823,0,2389,2389
WBGene00015824,10,264,274
WBGene00015825,0,0,0
WBGene00015827,0,1,1
WBGene00015828,1,4,5
WBGene00015829,1,1,2
WBGene00015830,0,6,6
WBGene00015832,3,1,4
WBGene00015833,0,1,1
WBGene00015834,1,3,4
WBGene00015835,3,3,6
WBGene00015836,0,0,0
WBGene00015837,2,3,5
WBGene00015838,0,4,4
WBGene00015839,4,3,7
WBGene00015841,27,88,115
WBGene00015842,14,108,122
WBGene00015843,80,257,337
WBGene00015845,0,0,0
WBGene00015846,1,0,1
WBGene00015847,1,1,2
WBGene00015848,0,0,0
WBGene00015849,30,218,248
WBGene00015850,10,78,88
WBGene00015851,21,33,54
WBGene00015852,65,149,214
WBGene00015853,53,461,514
WBGene00015854,4,1,5
WBGene00015855,3,15,18
WBGene00015856,0,4,4
WBGene00015857,117,1268,1385
WBGene00015858,0,1,1
WBGene00015859,8,27,35
WBGene00015860,10,36,46
WBGene00015861,31,323,354
WBGene00015862,31,69,100
WBGene00015863,10,7,17
WBGene00015864,16,219,235
WBGene00015865,87,1645,1732
WBGene00015866,30,472,502
WBGene00015867,12,173,185
WBGene00015868,1049,2633,3682
WBGene00015869,1,0,1
WBGene00015870,1,0,1
WBGene00015871,0,0,0
WBGene00015872,1,1,2
WBGene00015873,2,3,5
WBGene00015875,1,1,2
WBGene00015877,0,3,3
WBGene00015878,1,10,11
WBGene00015879,8,3,11
WBGene00015882,3,3,6
WBGene00015883,7,6,13
WBGene00015884,5,16,21
WBGene00015885,9,610,619
WBGene00015886,1,173,174
WBGene00015887,35,1699,1734
WBGene00015888,0,0,0
WBGene00015889,3,8,11
WBGene00015890,0,89,89
WBGene00015891,3,11,14
WBGene00015892,2,0,2
WBGene00015893,1,1,2
WBGene00015894,200,5609,5809
WBGene00015895,0,0,0
WBGene00015896,0,118,118
WBGene00015897,73,351,424
WBGene00015898,6,2,8
WBGene00015899,0,1,1
WBGene00015900,20,119,139
WBGene00015901,26,260,286
WBGene00015902,16,26,42
WBGene00015903,2,0,2
WBGene00015904,0,0,0
WBGene00015905,3,4,7
WBGene00015906,1,5,6
WBGene00015907,2,1,3
WBGene00015908,7,25,32
WBGene00015909,0,0,0
WBGene00015910,3,20,23
WBGene00015911,1,2,3
WBGene00015912,1,43,44
WBGene00015913,227,1811,2038
WBGene00015914,38,61,99
WBGene00015915,88,917,1005
WBGene00015916,162,2093,2255
WBGene00015917,7,17,24
WBGene00015918,42,168,210
WBGene00015919,27,437,464
WBGene00015920,404,7318,7722
WBGene00015921,106,333,439
WBGene00015922,42,457,499
WBGene00015924,2,1,3
WBGene00015925,74,96,170
WBGene00015926,399,1528,1927
WBGene00015927,201,2931,3132
WBGene00015928,88,829,917
WBGene00015929,2,16,18
WBGene00015930,14,130,144
WBGene00015931,5,12,17
WBGene00015932,0,5,5
WBGene00015933,24,215,239
WBGene00015934,68,913,981
WBGene00015935,198,701,899
WBGene00015936,26,186,212
WBGene00015937,13,16,29
WBGene00015938,274,1563,1837
WBGene00015939,17,100,117
WBGene00015940,37,667,704
WBGene00015941,426,3790,4216
WBGene00015942,110,1374,1484
WBGene00015943,74,5461,5535
WBGene00015944,10,48,58
WBGene00015945,430,697,1127
WBGene00015946,12,94,106
WBGene00015947,307,2632,2939
WBGene00015948,110,1080,1190
WBGene00015949,17,71,88
WBGene00015950,14,42,56
WBGene00015951,0,1,1
WBGene00015952,32,297,329
WBGene00015953,50,239,289
WBGene00015954,2196,17186,19382
WBGene00015955,36,2275,2311
WBGene00015956,37,303,340
WBGene00015957,26,113,139
WBGene00015958,0,1,1
WBGene00015959,1,1,2
WBGene00015960,1,0,1
WBGene00015961,1,3,4
WBGene00015962,3,4,7
WBGene00015963,19,183,202
WBGene00015964,80,64,144
WBGene00015965,25,164,189
WBGene00015966,181,1389,1570
WBGene00015968,37,40,77
WBGene00015969,56,338,394
WBGene00015970,6,47,53
WBGene00015971,268,1716,1984
WBGene00015972,129,863,992
WBGene00015973,0,17,17
WBGene00015974,231,126,357
WBGene00015975,12,895,907
WBGene00015976,111,882,993
WBGene00015977,9,23,32
WBGene00015978,38,1694,1732
WBGene00015979,2,0,2
WBGene00015980,234,1511,1745
WBGene00015981,62,39,101
WBGene00015982,4,0,4
WBGene00015984,6,12,18
WBGene00015985,5,9,14
WBGene00015986,2,8,10
WBGene00015987,1,2,3
WBGene00015988,46,40,86
WBGene00015992,4,9,13
WBGene00015993,74,163,237
WBGene00015994,6,1,7
WBGene00015995,0,0,0
WBGene00015996,3,45,48
WBGene00015997,0,0,0
WBGene00015998,5,18,23
WBGene00015999,0,54,54
WBGene00016000,9,29,38
WBGene00016002,319,1939,2258
WBGene00016003,23,303,326
WBGene00016004,6,129,135
WBGene00016005,35,400,435
WBGene00016006,818,8063,8881
WBGene00016008,62,38,100
WBGene00016009,57,2156,2213
WBGene00016010,60,28,88
WBGene00016011,955,6522,7477
WBGene00016012,17,443,460
WBGene00016013,14,106,120
WBGene00016014,75,1412,1487
WBGene00016015,127,2714,2841
WBGene00016016,3,20,23
WBGene00016017,1,26,27
WBGene00016018,203,1278,1481
WBGene00016019,34,793,827
WBGene00016020,172,1400,1572
WBGene00016021,93,896,989
WBGene00016022,44,572,616
WBGene00016023,6,102,108
WBGene00016024,75,705,780
WBGene00016025,43,187,230
WBGene00016027,38,244,282
WBGene00016028,79,4348,4427
WBGene00016029,159,103,262
WBGene00016030,22,476,498
WBGene00016032,107,23,130
WBGene00016033,30,17339,17369
WBGene00016034,14,121,135
WBGene00016037,184,41,225
WBGene00016038,0,331,331
WBGene00016039,1,65,66
WBGene00016040,1,462,463
WBGene00016041,421,141,562
WBGene00016042,22,12,34
WBGene00016043,13,4,17
WBGene00016044,265,602,867
WBGene00016045,114,1181,1295
WBGene00016046,1,121,122
WBGene00016047,4,2,6
WBGene00016048,9,273,282
WBGene00016049,8,8,16
WBGene00016050,3,0,3
WBGene00016051,3,2,5
WBGene00016052,19,328,347
WBGene00016053,10,40,50
WBGene00016054,5,1,6
WBGene00016055,100,1288,1388
WBGene00016056,0,22,22
WBGene00016057,161,4388,4549
WBGene00016058,0,0,0
WBGene00016059,183,1170,1353
WBGene00016060,203,1125,1328
WBGene00016061,24,215,239
WBGene00016062,115,4750,4865
WBGene00016063,2,4,6
WBGene00016064,12,72,84
WBGene00016066,23,95,118
WBGene00016067,33,673,706
WBGene00016068,93,545,638
WBGene00016069,18,331,349
WBGene00016070,0,18,18
WBGene00016071,19,103,122
WBGene00016072,62,52,114
WBGene00016073,201,4673,4874
WBGene00016074,48,474,522
WBGene00016075,2,4,6
WBGene00016077,1,4,5
WBGene00016081,230,552,782
WBGene00016082,0,2,2
WBGene00016083,2,0,2
WBGene00016084,6,5,11
WBGene00016085,1,10,11
WBGene00016086,3,5,8
WBGene00016087,7,203,210
WBGene00016088,20,30,50
WBGene00016089,12,80,92
WBGene00016090,112,182,294
WBGene00016091,7,25,32
WBGene00016092,5,11,16
WBGene00016093,136,590,726
WBGene00016094,52,294,346
WBGene00016095,74,693,767
WBGene00016096,4,221,225
WBGene00016097,18,1195,1213
WBGene00016099,58,351,409
WBGene00016100,10,289,299
WBGene00016101,14,644,658
WBGene00016102,18,543,561
WBGene00016103,277,4376,4653
WBGene00016104,58,561,619
WBGene00016105,4,114,118
WBGene00016106,15,279,294
WBGene00016107,14,109,123
WBGene00016108,27,37,64
WBGene00016109,57,444,501
WBGene00016110,11,93,104
WBGene00016111,46,495,541
WBGene00016112,71,348,419
WBGene00016113,56,1694,1750
WBGene00016114,154,3257,3411
WBGene00016115,1650,16534,18184
WBGene00016116,138,1691,1829
WBGene00016117,89,1648,1737
WBGene00016118,1158,16892,18050
WBGene00016119,204,3521,3725
WBGene00016120,131,599,730
WBGene00016121,128,1367,1495
WBGene00016123,69,523,592
WBGene00016124,70,1066,1136
WBGene00016125,1,34,35
WBGene00016126,23,120,143
WBGene00016128,7,840,847
WBGene00016129,140,3335,3475
WBGene00016130,0,5,5
WBGene00016131,72,364,436
WBGene00016132,4,8,12
WBGene00016133,48,912,960
WBGene00016134,37,190,227
WBGene00016135,40,299,339
WBGene00016136,9,22,31
WBGene00016137,0,11,11
WBGene00016138,115,1649,1764
WBGene00016139,70,632,702
WBGene00016140,83,2940,3023
WBGene00016142,58,3838,3896
WBGene00016143,433,1630,2063
WBGene00016144,148,1527,1675
WBGene00016145,66,1809,1875
WBGene00016146,15,96,111
WBGene00016147,11,94,105
WBGene00016148,169,1076,1245
WBGene00016149,45,356,401
WBGene00016150,24,1457,1481
WBGene00016151,138,1579,1717
WBGene00016152,58,545,603
WBGene00016153,0,17,17
WBGene00016154,134,1149,1283
WBGene00016155,5,34,39
WBGene00016156,7,373,380
WBGene00016157,54,1137,1191
WBGene00016158,106,1556,1662
WBGene00016159,85,482,567
WBGene00016160,11,7,18
WBGene00016161,1,3,4
WBGene00016162,361,3519,3880
WBGene00016163,7,79,86
WBGene00016164,0,5,5
WBGene00016165,118,219,337
WBGene00016166,96,2265,2361
WBGene00016167,27,1262,1289
WBGene00016168,3,3,6
WBGene00016169,73,298,371
WBGene00016170,164,2342,2506
WBGene00016171,128,983,1111
WBGene00016172,326,1192,1518
WBGene00016173,603,8434,9037
WBGene00016174,47,207,254
WBGene00016175,56,194,250
WBGene00016177,15,25,40
WBGene00016178,16,175,191
WBGene00016179,0,19,19
WBGene00016180,6,1158,1164
WBGene00016181,7,114,121
WBGene00016182,46,626,672
WBGene00016183,5,1,6
WBGene00016184,90,591,681
WBGene00016185,1,2,3
WBGene00016187,10,140,150
WBGene00016188,130,1306,1436
WBGene00016189,3,29,32
WBGene00016190,1,208,209
WBGene00016191,11,24,35
WBGene00016192,17,1908,1925
WBGene00016193,20,23,43
WBGene00016194,130,8959,9089
WBGene00016195,11,4686,4697
WBGene00016196,18,66,84
WBGene00016197,718,4251,4969
WBGene00016198,5,15,20
WBGene00016199,4,22,26
WBGene00016200,95,1636,1731
WBGene00016201,59,1921,1980
WBGene00016202,37,1253,1290
WBGene00016203,251,883,1134
WBGene00016204,11,102,113
WBGene00016206,13,28,41
WBGene00016207,101,866,967
WBGene00016208,10,766,776
WBGene00016209,334,6221,6555
WBGene00016210,461,11548,12009
WBGene00016212,37,314,351
WBGene00016213,15,1,16
WBGene00016215,26,994,1020
WBGene00016216,54,680,734
WBGene00016217,5,42,47
WBGene00016218,3,17,20
WBGene00016219,15,20,35
WBGene00016220,0,5,5
WBGene00016221,71,670,741
WBGene00016222,24,0,24
WBGene00016223,0,0,0
WBGene00016226,1,3,4
WBGene00016227,0,11,11
WBGene00016231,0,1,1
WBGene00016232,1,13,14
WBGene00016233,6,13,19
WBGene00016234,79,419,498
WBGene00016235,9,2769,2778
WBGene00016236,13,163,176
WBGene00016237,57,1404,1461
WBGene00016238,18,1856,1874
WBGene00016239,8,214,222
WBGene00016242,13,97,110
WBGene00016244,309,2875,3184
WBGene00016245,49,1627,1676
WBGene00016246,60,362,422
WBGene00016247,14,71,85
WBGene00016248,18,261,279
WBGene00016249,344,3844,4188
WBGene00016250,123,10159,10282
WBGene00016251,5,55,60
WBGene00016252,5,5,10
WBGene00016253,3,0,3
WBGene00016254,0,24,24
WBGene00016257,6,4,10
WBGene00016258,176,6888,7064
WBGene00016259,31,123,154
WBGene00016260,38,288,326
WBGene00016261,61,775,836
WBGene00016262,25,238,263
WBGene00016263,3,102,105
WBGene00016264,685,4190,4875
WBGene00016265,12,117,129
WBGene00016266,1291,6479,7770
WBGene00016268,12,34,46
WBGene00016269,438,3973,4411
WBGene00016271,26531,4,26535
WBGene00016273,8,35,43
WBGene00016274,0,72,72
WBGene00016275,4,64,68
WBGene00016276,16,379,395
WBGene00016277,26,180,206
WBGene00016278,205,1369,1574
WBGene00016279,1,0,1
WBGene00016281,6,3,9
WBGene00016282,25,442,467
WBGene00016283,45,257,302
WBGene00016284,2,0,2
WBGene00016285,7,0,7
WBGene00016286,4,12,16
WBGene00016287,3,9,12
WBGene00016288,12,20,32
WBGene00016289,4270,12961,17231
WBGene00016291,14,122,136
WBGene00016292,303,1316,1619
WBGene00016293,71,521,592
WBGene00016294,49,140,189
WBGene00016295,52,237,289
WBGene00016297,0,0,0
WBGene00016298,1,4,5
WBGene00016299,4,0,4
WBGene00016300,10,4,14
WBGene00016302,0,1,1
WBGene00016303,1,23,24
WBGene00016306,1,1,2
WBGene00016307,0,1,1
WBGene00016308,2,14,16
WBGene00016309,0,2,2
WBGene00016310,71,670,741
WBGene00016311,51,1510,1561
WBGene00016312,3,15,18
WBGene00016313,22,849,871
WBGene00016314,11,163,174
WBGene00016315,48,640,688
WBGene00016316,293,8385,8678
WBGene00016317,17,621,638
WBGene00016318,130,1493,1623
WBGene00016319,51,672,723
WBGene00016320,0,4,4
WBGene00016321,620,4369,4989
WBGene00016322,3,13,16
WBGene00016323,206,1658,1864
WBGene00016324,51,203,254
WBGene00016325,187,2447,2634
WBGene00016326,241,2326,2567
WBGene00016327,4,5,9
WBGene00016328,20,114,134
WBGene00016329,8,31,39
WBGene00016330,249,1604,1853
WBGene00016331,156,1786,1942
WBGene00016332,14,217,231
WBGene00016333,621,5625,6246
WBGene00016334,9,3,12
WBGene00016335,8,28,36
WBGene00016336,1,1,2
WBGene00016337,0,0,0
WBGene00016339,0,1,1
WBGene00016340,23,31,54
WBGene00016341,27,903,930
WBGene00016342,16,1438,1454
WBGene00016343,175,660,835
WBGene00016344,38,238,276
WBGene00016345,5,284,289
WBGene00016346,1,29,30
WBGene00016347,17,4,21
WBGene00016348,3,10,13
WBGene00016349,3,58,61
WBGene00016350,0,1,1
WBGene00016351,0,0,0
WBGene00016352,39,409,448
WBGene00016353,1,79,80
WBGene00016354,454,1410,1864
WBGene00016355,80,841,921
WBGene00016356,4,8,12
WBGene00016357,0,1,1
WBGene00016358,1,1,2
WBGene00016359,1,595,596
WBGene00016360,32,255,287
WBGene00016361,5,14,19
WBGene00016362,251,27106,27357
WBGene00016363,18,80,98
WBGene00016364,83,388,471
WBGene00016365,14,103,117
WBGene00016366,14,103,117
WBGene00016367,16,88,104
WBGene00016368,23,156,179
WBGene00016369,3,0,3
WBGene00016370,1,0,1
WBGene00016371,5,2,7
WBGene00016373,19,148,167
WBGene00016374,110,1617,1727
WBGene00016375,10,716,726
WBGene00016376,16,747,763
WBGene00016378,159,1567,1726
WBGene00016379,16,513,529
WBGene00016380,29,917,946
WBGene00016381,30,560,590
WBGene00016382,0,2,2
WBGene00016383,56,936,992
WBGene00016384,201,2682,2883
WBGene00016386,40,32,72
WBGene00016387,71,840,911
WBGene00016388,0,0,0
WBGene00016389,0,3,3
WBGene00016390,24,786,810
WBGene00016391,251,3029,3280
WBGene00016392,16,525,541
WBGene00016393,533,18715,19248
WBGene00016394,101,155,256
WBGene00016395,1053,8703,9756
WBGene00016396,291,723,1014
WBGene00016397,71,259,330
WBGene00016398,0,6,6
WBGene00016399,0,1,1
WBGene00016400,148,1569,1717
WBGene00016402,22,83,105
WBGene00016403,278,720,998
WBGene00016404,82,597,679
WBGene00016405,368,5729,6097
WBGene00016406,71,825,896
WBGene00016407,927,1673,2600
WBGene00016408,117,1621,1738
WBGene00016409,120,1137,1257
WBGene00016410,6,16,22
WBGene00016411,69,2711,2780
WBGene00016412,67,2310,2377
WBGene00016413,4,2,6
WBGene00016414,2,7,9
WBGene00016415,449,3890,4339
WBGene00016416,10,80,90
WBGene00016417,104,829,933
WBGene00016418,153,561,714
WBGene00016419,49,837,886
WBGene00016420,1,2,3
WBGene00016421,24,242,266
WBGene00016422,55,4890,4945
WBGene00016423,105,832,937
WBGene00016424,17,76,93
WBGene00016425,1,39,40
WBGene00016427,249,299,548
WBGene00016428,65,644,709
WBGene00016429,9,190,199
WBGene00016430,5,1,6
WBGene00016431,21,46,67
WBGene00016432,1710,2303,4013
WBGene00016433,0,3,3
WBGene00016434,0,9,9
WBGene00016435,271,4788,5059
WBGene00016436,9,208,217
WBGene00016437,24,6,30
WBGene00016438,48,585,633
WBGene00016439,91,1789,1880
WBGene00016440,0,26,26
WBGene00016441,3,17,20
WBGene00016442,29,1761,1790
WBGene00016443,94,780,874
WBGene00016444,97,639,736
WBGene00016445,37,129,166
WBGene00016446,46,1702,1748
WBGene00016447,0,0,0
WBGene00016448,62,503,565
WBGene00016449,28,2980,3008
WBGene00016450,0,43,43
WBGene00016451,0,7,7
WBGene00016452,141,1377,1518
WBGene00016453,4,178,182
WBGene00016454,54,607,661
WBGene00016455,4,14,18
WBGene00016456,14,1362,1376
WBGene00016457,0,102,102
WBGene00016458,70,1505,1575
WBGene00016459,7,23,30
WBGene00016460,9,93,102
WBGene00016461,18,31,49
WBGene00016462,3,27,30
WBGene00016463,22,900,922
WBGene00016464,4,18,22
WBGene00016465,1,18,19
WBGene00016466,6,68,74
WBGene00016467,22,340,362
WBGene00016468,30,35,65
WBGene00016469,63,1126,1189
WBGene00016471,5,19,24
WBGene00016472,0,1,1
WBGene00016473,1,3,4
WBGene00016474,2,7,9
WBGene00016475,0,1,1
WBGene00016476,8,1,9
WBGene00016477,5,11,16
WBGene00016479,1,0,1
WBGene00016480,0,2,2
WBGene00016481,1,4,5
WBGene00016483,4,20,24
WBGene00016484,0,12,12
WBGene00016485,1,4,5
WBGene00016486,2,5,7
WBGene00016487,2,2,4
WBGene00016488,23,56,79
WBGene00016489,225,1955,2180
WBGene00016490,107,930,1037
WBGene00016491,11,22,33
WBGene00016492,60,294,354
WBGene00016493,37343,225878,263221
WBGene00016494,354,4201,4555
WBGene00016495,17,773,790
WBGene00016496,391,12093,12484
WBGene00016497,5,71,76
WBGene00016499,97,269,366
WBGene00016500,46,1146,1192
WBGene00016501,29,747,776
WBGene00016502,1,31,32
WBGene00016503,15,329,344
WBGene00016504,11,845,856
WBGene00016505,21,1333,1354
WBGene00016506,32,212,244
WBGene00016507,98,840,938
WBGene00016508,352,3852,4204
WBGene00016509,197,10505,10702
WBGene00016511,343,4256,4599
WBGene00016512,13,17,30
WBGene00016513,50,1625,1675
WBGene00016514,47,140,187
WBGene00016517,2,25,27
WBGene00016518,30,23,53
WBGene00016519,5,2,7
WBGene00016520,177,78,255
WBGene00016521,4,11,15
WBGene00016522,19,276,295
WBGene00016523,3,26,29
WBGene00016524,114,566,680
WBGene00016525,3,6,9
WBGene00016527,1,2,3
WBGene00016528,2,0,2
WBGene00016529,0,5,5
WBGene00016530,82,921,1003
WBGene00016531,220,1471,1691
WBGene00016532,33,303,336
WBGene00016533,101,1197,1298
WBGene00016534,12,43,55
WBGene00016535,9,1331,1340
WBGene00016537,0,11,11
WBGene00016538,54,263,317
WBGene00016539,412,1427,1839
WBGene00016540,107,304,411
WBGene00016541,3,6,9
WBGene00016542,36,158,194
WBGene00016543,2,21,23
WBGene00016544,1,7,8
WBGene00016545,20,98,118
WBGene00016546,23,95,118
WBGene00016547,18,235,253
WBGene00016548,1,2,3
WBGene00016549,18,172,190
WBGene00016550,1,1,2
WBGene00016551,0,5,5
WBGene00016554,0,0,0
WBGene00016555,3,39,42
WBGene00016556,1,1,2
WBGene00016557,0,0,0
WBGene00016558,26,260,286
WBGene00016559,58,469,527
WBGene00016561,607,1153,1760
WBGene00016562,1823,4796,6619
WBGene00016564,33,549,582
WBGene00016565,0,26,26
WBGene00016566,90,810,900
WBGene00016567,7,258,265
WBGene00016568,111,905,1016
WBGene00016570,85,579,664
WBGene00016571,7,6,13
WBGene00016572,8,0,8
WBGene00016573,6,419,425
WBGene00016574,15,704,719
WBGene00016575,1,277,278
WBGene00016576,8,710,718
WBGene00016577,0,3,3
WBGene00016578,0,0,0
WBGene00016579,61,269,330
WBGene00016580,100,261,361
WBGene00016581,4,32,36
WBGene00016582,40,742,782
WBGene00016583,22,2056,2078
WBGene00016585,35,84,119
WBGene00016586,2,166,168
WBGene00016587,14,25,39
WBGene00016588,239,2150,2389
WBGene00016589,64,832,896
WBGene00016590,112,828,940
WBGene00016591,24,1017,1041
WBGene00016592,51,288,339
WBGene00016594,70,3072,3142
WBGene00016595,4,31,35
WBGene00016596,8,419,427
WBGene00016597,1,0,1
WBGene00016598,1,7,8
WBGene00016599,27,38,65
WBGene00016600,34,89,123
WBGene00016601,335,4417,4752
WBGene00016602,33,469,502
WBGene00016603,535,3629,4164
WBGene00016605,10,31,41
WBGene00016606,195,1323,1518
WBGene00016607,261,3536,3797
WBGene00016608,62,692,754
WBGene00016609,57,294,351
WBGene00016610,212,1322,1534
WBGene00016611,533,5694,6227
WBGene00016612,6,53,59
WBGene00016613,31,178,209
WBGene00016614,95,745,840
WBGene00016616,16,966,982
WBGene00016617,48,602,650
WBGene00016619,25,162,187
WBGene00016620,97,923,1020
WBGene00016621,73,521,594
WBGene00016622,39,1436,1475
WBGene00016623,82,637,719
WBGene00016624,437,2208,2645
WBGene00016625,20,156,176
WBGene00016626,104,1720,1824
WBGene00016627,3,9,12
WBGene00016628,170,974,1144
WBGene00016629,74,952,1026
WBGene00016630,454,29579,30033
WBGene00016631,85,434,519
WBGene00016632,42,170,212
WBGene00016633,15,290,305
WBGene00016634,125,807,932
WBGene00016635,43,5222,5265
WBGene00016636,3,5,8
WBGene00016637,28,171,199
WBGene00016638,0,7,7
WBGene00016639,32,31,63
WBGene00016641,48,2367,2415
WBGene00016642,51,559,610
WBGene00016643,113,1171,1284
WBGene00016644,19,495,514
WBGene00016645,88,2270,2358
WBGene00016646,0,0,0
WBGene00016647,0,0,0
WBGene00016648,0,0,0
WBGene00016649,0,0,0
WBGene00016650,615,8223,8838
WBGene00016652,55,501,556
WBGene00016653,88,13773,13861
WBGene00016654,264,515,779
WBGene00016655,329,4447,4776
WBGene00016657,36,263,299
WBGene00016658,0,5,5
WBGene00016659,35,1095,1130
WBGene00016660,0,6,6
WBGene00016661,130,890,1020
WBGene00016662,6,83,89
WBGene00016663,64,691,755
WBGene00016664,12,241,253
WBGene00016665,1,8,9
WBGene00016667,36,473,509
WBGene00016668,0,0,0
WBGene00016669,1,2,3
WBGene00016670,9,13,22
WBGene00016671,15,295,310
WBGene00016673,8,5,13
WBGene00016674,46,822,868
WBGene00016675,0,1,1
WBGene00016676,17,866,883
WBGene00016677,101,1350,1451
WBGene00016678,171,1048,1219
WBGene00016679,2,73,75
WBGene00016680,0,0,0
WBGene00016681,3,2,5
WBGene00016682,18,45,63
WBGene00016683,67,130,197
WBGene00016684,33,2081,2114
WBGene00016685,5,0,5
WBGene00016686,0,0,0
WBGene00016687,2,3,5
WBGene00016689,1,1,2
WBGene00016690,3,1,4
WBGene00016691,4,1,5
WBGene00016692,0,4,4
WBGene00016693,7,1,8
WBGene00016694,0,2,2
WBGene00016695,1,9,10
WBGene00016696,13,25,38
WBGene00016697,3,11,14
WBGene00016698,6,6,12
WBGene00016699,1,8,9
WBGene00016700,15,34,49
WBGene00016701,9,114,123
WBGene00016702,80,878,958
WBGene00016703,13,537,550
WBGene00016704,74,708,782
WBGene00016705,33,106,139
WBGene00016706,81,4287,4368
WBGene00016707,0,5,5
WBGene00016708,0,0,0
WBGene00016709,1,1,2
WBGene00016710,20,644,664
WBGene00016711,5,59,64
WBGene00016712,0,2,2
WBGene00016713,1,0,1
WBGene00016714,4,44,48
WBGene00016716,1539,8399,9938
WBGene00016717,3,19,22
WBGene00016718,3,0,3
WBGene00016719,1,6,7
WBGene00016720,1,0,1
WBGene00016721,36,370,406
WBGene00016722,5634,14685,20319
WBGene00016724,6,53,59
WBGene00016725,113,295,408
WBGene00016727,13,3,16
WBGene00016728,9,61,70
WBGene00016729,1,4,5
WBGene00016730,26,132,158
WBGene00016731,1,45,46
WBGene00016732,4,64,68
WBGene00016733,34,425,459
WBGene00016734,50,1195,1245
WBGene00016735,103,1044,1147
WBGene00016736,0,2,2
WBGene00016738,2,375,377
WBGene00016739,344,6170,6514
WBGene00016740,22,1025,1047
WBGene00016741,50,825,875
WBGene00016742,18,7,25
WBGene00016743,9,7,16
WBGene00016744,67,398,465
WBGene00016745,7,257,264
WBGene00016746,563,11063,11626
WBGene00016747,38,251,289
WBGene00016748,18,164,182
WBGene00016749,188,4180,4368
WBGene00016750,77,1175,1252
WBGene00016751,244,1201,1445
WBGene00016752,0,26,26
WBGene00016753,5,1,6
WBGene00016754,296,3045,3341
WBGene00016755,5,3,8
WBGene00016756,5,8,13
WBGene00016757,10,46,56
WBGene00016758,11,49,60
WBGene00016759,4,68,72
WBGene00016760,3,98,101
WBGene00016761,20,83,103
WBGene00016762,12,229,241
WBGene00016763,17,496,513
WBGene00016764,125,876,1001
WBGene00016765,7,11,18
WBGene00016766,0,467,467
WBGene00016767,5,180,185
WBGene00016768,66,352,418
WBGene00016769,51,211,262
WBGene00016770,0,0,0
WBGene00016772,0,5,5
WBGene00016773,5,3,8
WBGene00016775,0,0,0
WBGene00016776,1,0,1
WBGene00016777,0,2,2
WBGene00016778,10,0,10
WBGene00016779,1,4,5
WBGene00016781,61,37796,37857
WBGene00016782,0,308,308
WBGene00016783,27,104,131
WBGene00016785,7,10,17
WBGene00016786,0,6,6
WBGene00016788,247,1142,1389
WBGene00016789,3,31,34
WBGene00016790,783,12534,13317
WBGene00016791,55,591,646
WBGene00016792,211,1937,2148
WBGene00016793,58,1849,1907
WBGene00016794,89,1118,1207
WBGene00016795,3,22,25
WBGene00016796,61,226,287
WBGene00016797,111,51,162
WBGene00016798,0,3,3
WBGene00016799,16,155,171
WBGene00016800,8,41,49
WBGene00016801,23,985,1008
WBGene00016803,10,1661,1671
WBGene00016804,0,12,12
WBGene00016805,6,52,58
WBGene00016806,3,247,250
WBGene00016807,2,1,3
WBGene00016808,109,5306,5415
WBGene00016809,47,613,660
WBGene00016810,27,712,739
WBGene00016811,103,668,771
WBGene00016812,109,798,907
WBGene00016813,3,0,3
WBGene00016814,0,0,0
WBGene00016815,2,0,2
WBGene00016816,98,583,681
WBGene00016817,51,270,321
WBGene00016818,3,9,12
WBGene00016819,0,0,0
WBGene00016820,1,25,26
WBGene00016821,4,1,5
WBGene00016822,2,1,3
WBGene00016823,2,1,3
WBGene00016824,0,4,4
WBGene00016825,1,3,4
WBGene00016826,23,1,24
WBGene00016827,0,1,1
WBGene00016828,8,2,10
WBGene00016829,1,3,4
WBGene00016830,2,4,6
WBGene00016831,2,3,5
WBGene00016832,5,7,12
WBGene00016833,1,6,7
WBGene00016834,2,1,3
WBGene00016835,105,198,303
WBGene00016836,180,1083,1263
WBGene00016837,127,2846,2973
WBGene00016838,1071,2649,3720
WBGene00016839,3,12,15
WBGene00016840,122,765,887
WBGene00016841,186,1451,1637
WBGene00016842,5,166,171
WBGene00016843,0,4,4
WBGene00016844,93,2750,2843
WBGene00016845,7,149,156
WBGene00016846,181,1554,1735
WBGene00016847,9,24,33
WBGene00016848,53,256,309
WBGene00016849,21,205,226
WBGene00016850,2,61,63
WBGene00016852,0,21,21
WBGene00016853,0,5,5
WBGene00016855,1,60,61
WBGene00016856,5,7,12
WBGene00016857,0,2,2
WBGene00016858,11,20,31
WBGene00016859,2,3,5
WBGene00016860,48,407,455
WBGene00016862,85,557,642
WBGene00016863,8,36,44
WBGene00016864,2,3,5
WBGene00016865,41,20,61
WBGene00016866,78,324,402
WBGene00016867,52,1289,1341
WBGene00016868,35,1591,1626
WBGene00016869,7,87,94
WBGene00016870,1,3,4
WBGene00016871,352,1531,1883
WBGene00016872,14,96,110
WBGene00016873,62,2,64
WBGene00016874,7,32,39
WBGene00016877,23,47,70
WBGene00016879,138,974,1112
WBGene00016880,0,3,3
WBGene00016881,0,1,1
WBGene00016882,0,0,0
WBGene00016883,3,9,12
WBGene00016884,0,4,4
WBGene00016885,0,0,0
WBGene00016886,1,0,1
WBGene00016888,469,4189,4658
WBGene00016889,243,2811,3054
WBGene00016890,44,272,316
WBGene00016891,5,23,28
WBGene00016892,19,1602,1621
WBGene00016893,2,6,8
WBGene00016894,9,896,905
WBGene00016895,0,0,0
WBGene00016896,45,253,298
WBGene00016898,67,637,704
WBGene00016899,9,50,59
WBGene00016900,36,89,125
WBGene00016901,1,2,3
WBGene00016902,539,1188,1727
WBGene00016903,57,953,1010
WBGene00016904,3,3,6
WBGene00016905,123,877,1000
WBGene00016906,49,336,385
WBGene00016907,20,5891,5911
WBGene00016909,38,142,180
WBGene00016910,1,0,1
WBGene00016911,47,1191,1238
WBGene00016912,0,74,74
WBGene00016913,207,6254,6461
WBGene00016914,22,198,220
WBGene00016915,18,130,148
WBGene00016916,24,1002,1026
WBGene00016917,8,47,55
WBGene00016918,2087,12897,14984
WBGene00016919,187,532,719
WBGene00016920,86,506,592
WBGene00016921,7,63,70
WBGene00016922,5,26,31
WBGene00016923,118,1751,1869
WBGene00016924,595,1017,1612
WBGene00016925,3,15,18
WBGene00016926,4,34,38
WBGene00016927,7,23,30
WBGene00016928,13,23,36
WBGene00016929,1,17,18
WBGene00016930,51,224,275
WBGene00016931,10,21,31
WBGene00016932,49,64,113
WBGene00016933,10,57,67
WBGene00016934,72,2913,2985
WBGene00016935,54,313,367
WBGene00016937,30,801,831
WBGene00016938,39,96,135
WBGene00016939,4,16,20
WBGene00016940,2,0,2
WBGene00016941,18,12,30
WBGene00016942,18,111,129
WBGene00016943,1129,13564,14693
WBGene00016944,51,918,969
WBGene00016945,35,108,143
WBGene00016946,2,8,10
WBGene00016947,21,225,246
WBGene00016948,1,16,17
WBGene00016949,0,1,1
WBGene00016950,0,0,0
WBGene00016951,44,116,160
WBGene00016953,19,33,52
WBGene00016954,2,2,4
WBGene00016955,145,744,889
WBGene00016956,8,14,22
WBGene00016957,223,364,587
WBGene00016958,104,776,880
WBGene00016959,1,0,1
WBGene00016960,53,430,483
WBGene00016961,271,6227,6498
WBGene00016962,3,245,248
WBGene00016963,3,31,34
WBGene00016964,96,1034,1130
WBGene00016965,56,401,457
WBGene00016966,71,712,783
WBGene00016967,10,623,633
WBGene00016968,16,241,257
WBGene00016970,147,153,300
WBGene00016971,31,811,842
WBGene00016972,3,28,31
WBGene00016973,19,173,192
WBGene00016974,26,354,380
WBGene00016975,148,819,967
WBGene00016976,89,153,242
WBGene00016977,2015,12971,14986
WBGene00016978,76,923,999
WBGene00016979,23,407,430
WBGene00016980,4,31,35
WBGene00016981,88,3809,3897
WBGene00016982,17,139,156
WBGene00016983,38,588,626
WBGene00016984,169,254,423
WBGene00016985,2,5,7
WBGene00016987,40,3211,3251
WBGene00016988,283,3436,3719
WBGene00016989,150,1508,1658
WBGene00016990,48,1997,2045
WBGene00016991,35,12,47
WBGene00016992,29,510,539
WBGene00016993,36,312,348
WBGene00016995,54,1320,1374
WBGene00016996,98,869,967
WBGene00016997,48,7505,7553
WBGene00016998,19,247,266
WBGene00016999,19,78,97
WBGene00017000,16,173,189
WBGene00017001,7,34,41
WBGene00017002,4,367,371
WBGene00017003,25,647,672
WBGene00017004,103,2096,2199
WBGene00017005,2,198,200
WBGene00017006,2,3,5
WBGene00017007,99,345,444
WBGene00017009,16,222,238
WBGene00017010,36,362,398
WBGene00017011,13,1284,1297
WBGene00017012,26,160,186
WBGene00017013,40,286,326
WBGene00017014,22,336,358
WBGene00017015,243,177,420
WBGene00017016,1509,4252,5761
WBGene00017017,110,583,693
WBGene00017018,39,759,798
WBGene00017019,0,0,0
WBGene00017020,10,10,20
WBGene00017021,1,11,12
WBGene00017022,9,142,151
WBGene00017023,14,1238,1252
WBGene00017024,7,17,24
WBGene00017025,131,1442,1573
WBGene00017026,1,0,1
WBGene00017027,11,49,60
WBGene00017028,122,428,550
WBGene00017029,0,2,2
WBGene00017030,4,3,7
WBGene00017031,98,742,840
WBGene00017032,8,215,223
WBGene00017033,14,89,103
WBGene00017034,10,9,19
WBGene00017036,53,771,824
WBGene00017037,247,1170,1417
WBGene00017038,242,240,482
WBGene00017039,81,317,398
WBGene00017040,26,28,54
WBGene00017041,52,265,317
WBGene00017042,73,726,799
WBGene00017044,139,3669,3808
WBGene00017045,238,2105,2343
WBGene00017046,77,698,775
WBGene00017048,30,183,213
WBGene00017050,45,44,89
WBGene00017051,31,127,158
WBGene00017052,3,20,23
WBGene00017053,187,1114,1301
WBGene00017054,168,2586,2754
WBGene00017055,0,2,2
WBGene00017056,0,1,1
WBGene00017057,0,0,0
WBGene00017058,0,0,0
WBGene00017059,0,0,0
WBGene00017060,280,25775,26055
WBGene00017061,22,20,42
WBGene00017062,151,1351,1502
WBGene00017063,60,240,300
WBGene00017064,63,1724,1787
WBGene00017065,944,19245,20189
WBGene00017066,439,2241,2680
WBGene00017067,119,258,377
WBGene00017068,19,378,397
WBGene00017069,67,311,378
WBGene00017070,70,2961,3031
WBGene00017071,21,62,83
WBGene00017072,43,126,169
WBGene00017073,18,117,135
WBGene00017074,46,610,656
WBGene00017075,244,40825,41069
WBGene00017076,190,1476,1666
WBGene00017077,90,98,188
WBGene00017078,14,82,96
WBGene00017079,23,487,510
WBGene00017080,447,586,1033
WBGene00017082,90,2475,2565
WBGene00017083,20,49,69
WBGene00017084,599,1410,2009
WBGene00017085,333,3916,4249
WBGene00017087,63,444,507
WBGene00017088,380,3685,4065
WBGene00017089,2,86,88
WBGene00017090,7,0,7
WBGene00017091,2,8,10
WBGene00017092,2,6,8
WBGene00017093,1,11,12
WBGene00017094,1,1,2
WBGene00017095,1,2,3
WBGene00017096,1,1,2
WBGene00017097,24,2,26
WBGene00017098,636,7793,8429
WBGene00017099,0,1,1
WBGene00017100,2,11,13
WBGene00017101,27,197,224
WBGene00017102,9,32,41
WBGene00017103,0,7,7
WBGene00017104,46,1,47
WBGene00017105,2,2,4
WBGene00017106,2,19,21
WBGene00017107,0,46,46
WBGene00017108,16,123,139
WBGene00017109,2,0,2
WBGene00017110,2,3,5
WBGene00017111,5,1,6
WBGene00017112,2,23,25
WBGene00017113,20,39,59
WBGene00017114,0,0,0
WBGene00017115,2,2,4
WBGene00017116,1,3,4
WBGene00017119,182,8514,8696
WBGene00017120,54,224,278
WBGene00017121,3366,101706,105072
WBGene00017122,13,36,49
WBGene00017123,39,486,525
WBGene00017124,39,135,174
WBGene00017125,131,1445,1576
WBGene00017126,57,821,878
WBGene00017127,726,6079,6805
WBGene00017128,322,4086,4408
WBGene00017129,12,177,189
WBGene00017130,0,1,1
WBGene00017131,4,17,21
WBGene00017132,289,2571,2860
WBGene00017133,14,99,113
WBGene00017134,7,106,113
WBGene00017135,0,99,99
WBGene00017136,12,95,107
WBGene00017137,14,853,867
WBGene00017138,158,2160,2318
WBGene00017139,4,13,17
WBGene00017140,0,55,55
WBGene00017141,0,22,22
WBGene00017142,11,369,380
WBGene00017143,2,118,120
WBGene00017144,87,975,1062
WBGene00017146,41,67,108
WBGene00017147,32,422,454
WBGene00017148,5,46,51
WBGene00017149,847,27472,28319
WBGene00017150,7,444,451
WBGene00017151,19,49,68
WBGene00017152,0,1,1
WBGene00017153,0,59,59
WBGene00017154,39,911,950
WBGene00017156,118,93,211
WBGene00017157,275,610,885
WBGene00017158,75,1378,1453
WBGene00017159,375,3323,3698
WBGene00017160,216,2108,2324
WBGene00017161,189,1444,1633
WBGene00017162,174,2846,3020
WBGene00017163,164,2007,2171
WBGene00017164,34,290,324
WBGene00017165,345,1034,1379
WBGene00017166,664,16220,16884
WBGene00017168,1,19,20
WBGene00017169,20,803,823
WBGene00017170,72,123,195
WBGene00017172,0,0,0
WBGene00017173,6,4,10
WBGene00017174,3,24,27
WBGene00017175,1,2,3
WBGene00017176,9,171,180
WBGene00017177,0,1,1
WBGene00017178,36,531,567
WBGene00017179,1,2,3
WBGene00017180,82,500,582
WBGene00017181,7,2,9
WBGene00017182,2,0,2
WBGene00017183,1,0,1
WBGene00017184,83,949,1032
WBGene00017185,0,0,0
WBGene00017186,0,0,0
WBGene00017188,0,0,0
WBGene00017189,4,6,10
WBGene00017190,0,85,85
WBGene00017191,0,0,0
WBGene00017192,11,3,14
WBGene00017193,132,2416,2548
WBGene00017194,33,104,137
WBGene00017195,62,757,819
WBGene00017197,21,361,382
WBGene00017198,112,114,226
WBGene00017199,1,3,4
WBGene00017200,1,18,19
WBGene00017201,213,4656,4869
WBGene00017203,0,2,2
WBGene00017204,0,1,1
WBGene00017205,3,10,13
WBGene00017207,0,0,0
WBGene00017208,2,10,12
WBGene00017209,92,0,92
WBGene00017210,462,4716,5178
WBGene00017211,4,13,17
WBGene00017212,1,1,2
WBGene00017213,1,3,4
WBGene00017214,9,5,14
WBGene00017215,2,4,6
WBGene00017216,12,109,121
WBGene00017217,175,2362,2537
WBGene00017218,11,31,42
WBGene00017219,40,429,469
WBGene00017220,137,3303,3440
WBGene00017221,13,3,16
WBGene00017222,1,0,1
WBGene00017223,2,0,2
WBGene00017224,0,0,0
WBGene00017225,0,20,20
WBGene00017226,8,8,16
WBGene00017227,0,0,0
WBGene00017228,2,6,8
WBGene00017229,1,1,2
WBGene00017230,9,6,15
WBGene00017231,4,8,12
WBGene00017233,9,14,23
WBGene00017236,15,139,154
WBGene00017237,94,673,767
WBGene00017238,156,5187,5343
WBGene00017239,159,924,1083
WBGene00017240,106,1399,1505
WBGene00017241,225,1908,2133
WBGene00017243,3,25,28
WBGene00017244,279,2222,2501
WBGene00017245,260,3137,3397
WBGene00017246,42,310,352
WBGene00017247,40,184,224
WBGene00017248,3,0,3
WBGene00017249,14,3,17
WBGene00017250,33,409,442
WBGene00017251,1,2,3
WBGene00017252,2,4,6
WBGene00017253,0,1,1
WBGene00017254,0,1,1
WBGene00017255,18,81,99
WBGene00017257,2,51,53
WBGene00017258,12,56,68
WBGene00017259,0,38,38
WBGene00017260,36,234,270
WBGene00017261,84,965,1049
WBGene00017262,425,3380,3805
WBGene00017263,1,3,4
WBGene00017264,0,3,3
WBGene00017265,12,118,130
WBGene00017266,230,1572,1802
WBGene00017267,0,0,0
WBGene00017268,102,1653,1755
WBGene00017269,154,560,714
WBGene00017270,0,0,0
WBGene00017271,9,19,28
WBGene00017272,59,867,926
WBGene00017273,134,751,885
WBGene00017274,476,2770,3246
WBGene00017275,181,1452,1633
WBGene00017276,4,2,6
WBGene00017277,2,4,6
WBGene00017278,8,26,34
WBGene00017279,3,3,6
WBGene00017280,515,1593,2108
WBGene00017281,8,15,23
WBGene00017282,17,574,591
WBGene00017283,161,2520,2681
WBGene00017284,241,1184,1425
WBGene00017285,22,1336,1358
WBGene00017286,405,2690,3095
WBGene00017287,0,109,109
WBGene00017288,6,168,174
WBGene00017289,13,1507,1520
WBGene00017290,6,174,180
WBGene00017291,41,591,632
WBGene00017292,98,1722,1820
WBGene00017293,6,722,728
WBGene00017294,32,175,207
WBGene00017295,77,28,105
WBGene00017296,34,72,106
WBGene00017297,148,4936,5084
WBGene00017298,275,1883,2158
WBGene00017299,155,1184,1339
WBGene00017300,486,4508,4994
WBGene00017301,198,12067,12265
WBGene00017302,89,234,323
WBGene00017303,409,5110,5519
WBGene00017304,72,2467,2539
WBGene00017305,13,547,560
WBGene00017306,24,289,313
WBGene00017307,21,315,336
WBGene00017308,23,37,60
WBGene00017309,78,284,362
WBGene00017310,108,416,524
WBGene00017311,37,3890,3927
WBGene00017312,3,28,31
WBGene00017313,187,1933,2120
WBGene00017314,170,1225,1395
WBGene00017315,1,6,7
WBGene00017316,118,533,651
WBGene00017317,1880,14359,16239
WBGene00017319,423,3711,4134
WBGene00017320,19,214,233
WBGene00017321,35,2198,2233
WBGene00017322,9,22,31
WBGene00017323,6,33,39
WBGene00017324,0,2,2
WBGene00017325,5,1,6
WBGene00017326,15,235,250
WBGene00017327,3,36,39
WBGene00017328,25,902,927
WBGene00017329,24,175,199
WBGene00017330,5,2,7
WBGene00017331,112,616,728
WBGene00017332,520,785,1305
WBGene00017333,0,2,2
WBGene00017334,4,24,28
WBGene00017335,40,384,424
WBGene00017336,83,530,613
WBGene00017338,234,550,784
WBGene00017339,113,626,739
WBGene00017340,12,119,131
WBGene00017341,7,7,14
WBGene00017342,153,1005,1158
WBGene00017343,5,2,7
WBGene00017344,81,1424,1505
WBGene00017347,79,8378,8457
WBGene00017348,2,1270,1272
WBGene00017349,115,2927,3042
WBGene00017350,186,1685,1871
WBGene00017351,6,31,37
WBGene00017352,0,40,40
WBGene00017353,48,416,464
WBGene00017354,3,12,15
WBGene00017355,28,830,858
WBGene00017356,371,2483,2854
WBGene00017357,126,1481,1607
WBGene00017358,326,489,815
WBGene00017359,0,34,34
WBGene00017360,0,214,214
WBGene00017361,4,64,68
WBGene00017362,367,6439,6806
WBGene00017363,157,2895,3052
WBGene00017364,0,7,7
WBGene00017365,0,4,4
WBGene00017366,323,157,480
WBGene00017367,13,173,186
WBGene00017369,43,855,898
WBGene00017371,12,82,94
WBGene00017372,112,2482,2594
WBGene00017373,180,1718,1898
WBGene00017374,641,7901,8542
WBGene00017375,48,224,272
WBGene00017376,1335,22718,24053
WBGene00017378,6,41,47
WBGene00017379,497,9726,10223
WBGene00017380,265,1290,1555
WBGene00017381,77,739,816
WBGene00017382,3,0,3
WBGene00017383,5,1,6
WBGene00017384,4,6,10
WBGene00017385,77,1512,1589
WBGene00017386,0,306,306
WBGene00017387,0,1,1
WBGene00017388,0,4,4
WBGene00017389,435,619,1054
WBGene00017390,27,352,379
WBGene00017393,2,3,5
WBGene00017394,116,568,684
WBGene00017395,1,4,5
WBGene00017396,15,9,24
WBGene00017397,85,574,659
WBGene00017398,7,16,23
WBGene00017399,16,11,27
WBGene00017400,35,255,290
WBGene00017401,0,0,0
WBGene00017402,0,0,0
WBGene00017403,5,1,6
WBGene00017405,0,1,1
WBGene00017406,1,2,3
WBGene00017407,0,0,0
WBGene00017408,0,0,0
WBGene00017410,5,18,23
WBGene00017411,17,195,212
WBGene00017412,3,0,3
WBGene00017413,2,2,4
WBGene00017414,0,0,0
WBGene00017416,2,137,139
WBGene00017417,6,113,119
WBGene00017418,171,1895,2066
WBGene00017419,212,3633,3845
WBGene00017420,47,200,247
WBGene00017421,150,326,476
WBGene00017422,91,192,283
WBGene00017423,456,7944,8400
WBGene00017424,17,41,58
WBGene00017426,80,847,927
WBGene00017427,15,51,66
WBGene00017428,439,4642,5081
WBGene00017429,111,568,679
WBGene00017430,191,2141,2332
WBGene00017431,145,946,1091
WBGene00017433,36,187,223
WBGene00017434,14,156,170
WBGene00017435,184,2542,2726
WBGene00017436,2,40,42
WBGene00017437,19,162,181
WBGene00017438,12,139,151
WBGene00017439,13,140,153
WBGene00017440,1328,26771,28099
WBGene00017441,11,65,76
WBGene00017442,22,294,316
WBGene00017443,1,32,33
WBGene00017444,4,1,5
WBGene00017445,173,1510,1683
WBGene00017446,2,53,55
WBGene00017447,24,146,170
WBGene00017448,49,409,458
WBGene00017449,22,74,96
WBGene00017450,12,97,109
WBGene00017451,2,21,23
WBGene00017452,82,81,163
WBGene00017453,4,17,21
WBGene00017454,3,2,5
WBGene00017455,0,2,2
WBGene00017456,21,29,50
WBGene00017459,13,175,188
WBGene00017460,3,141,144
WBGene00017461,7,144,151
WBGene00017462,4,206,210
WBGene00017463,86,405,491
WBGene00017464,36,218,254
WBGene00017465,1,3,4
WBGene00017466,1,19,20
WBGene00017467,10,157,167
WBGene00017468,13,58,71
WBGene00017469,56,98,154
WBGene00017470,2,0,2
WBGene00017471,9,256,265
WBGene00017472,223,1923,2146
WBGene00017473,3,67,70
WBGene00017474,0,12,12
WBGene00017475,1,5,6
WBGene00017476,3,6,9
WBGene00017477,17,282,299
WBGene00017478,79,727,806
WBGene00017480,230,1526,1756
WBGene00017481,1,124,125
WBGene00017482,16,434,450
WBGene00017483,6,120,126
WBGene00017484,62,1962,2024
WBGene00017485,26,389,415
WBGene00017486,0,128,128
WBGene00017487,62,213,275
WBGene00017488,43,356,399
WBGene00017489,36,53,89
WBGene00017490,0,0,0
WBGene00017491,0,1,1
WBGene00017492,4,0,4
WBGene00017493,2,6,8
WBGene00017497,4,0,4
WBGene00017498,8,140,148
WBGene00017499,0,0,0
WBGene00017500,0,0,0
WBGene00017501,7,238,245
WBGene00017502,0,208,208
WBGene00017503,30,249,279
WBGene00017504,30,98,128
WBGene00017506,166,3268,3434
WBGene00017507,140,197,337
WBGene00017508,22,113,135
WBGene00017509,20,122,142
WBGene00017510,44,76,120
WBGene00017511,8,13,21
WBGene00017512,4,83,87
WBGene00017513,156,623,779
WBGene00017514,197,3226,3423
WBGene00017515,29,157,186
WBGene00017516,1,3,4
WBGene00017517,1,1,2
WBGene00017518,4,1,5
WBGene00017519,0,0,0
WBGene00017520,0,0,0
WBGene00017521,0,0,0
WBGene00017522,0,1,1
WBGene00017523,8,1,9
WBGene00017524,2,4,6
WBGene00017525,2,0,2
WBGene00017526,3,0,3
WBGene00017527,0,1,1
WBGene00017528,0,1,1
WBGene00017530,88,551,639
WBGene00017532,3,5,8
WBGene00017534,156,1627,1783
WBGene00017535,55,833,888
WBGene00017536,21,682,703
WBGene00017537,27,311,338
WBGene00017538,8,135,143
WBGene00017539,0,0,0
WBGene00017540,2,4,6
WBGene00017541,6,4,10
WBGene00017542,0,5,5
WBGene00017543,12,20,32
WBGene00017544,6,38,44
WBGene00017545,23,74,97
WBGene00017546,171,3529,3700
WBGene00017547,62,587,649
WBGene00017548,51,282,333
WBGene00017549,113,565,678
WBGene00017550,8,26,34
WBGene00017551,0,0,0
WBGene00017552,1,0,1
WBGene00017553,1,3,4
WBGene00017554,4,2,6
WBGene00017555,0,0,0
WBGene00017556,7,6,13
WBGene00017557,46,1118,1164
WBGene00017559,1,4,5
WBGene00017560,6,23,29
WBGene00017562,1,2,3
WBGene00017563,136,2018,2154
WBGene00017564,0,1,1
WBGene00017565,3066,4556,7622
WBGene00017566,6,17,23
WBGene00017567,0,1376,1376
WBGene00017568,60,788,848
WBGene00017569,50,771,821
WBGene00017570,69,254,323
WBGene00017571,67,1614,1681
WBGene00017573,3,8,11
WBGene00017574,12,230,242
WBGene00017576,142,144,286
WBGene00017577,14,139,153
WBGene00017578,13,31,44
WBGene00017579,3,95,98
WBGene00017580,83,224,307
WBGene00017581,1,11,12
WBGene00017582,27,541,568
WBGene00017583,36,826,862
WBGene00017584,0,9,9
WBGene00017585,1,0,1
WBGene00017586,6,53,59
WBGene00017587,1,2,3
WBGene00017588,0,0,0
WBGene00017589,3,96,99
WBGene00017590,2,0,2
WBGene00017591,71,923,994
WBGene00017592,1,8,9
WBGene00017593,6,12,18
WBGene00017594,2,8,10
WBGene00017595,0,1,1
WBGene00017596,0,0,0
WBGene00017597,324,674,998
WBGene00017598,0,0,0
WBGene00017599,0,510,510
WBGene00017600,90,1033,1123
WBGene00017601,2,3,5
WBGene00017603,0,1,1
WBGene00017604,1,0,1
WBGene00017605,1081,9683,10764
WBGene00017606,32,663,695
WBGene00017607,83,708,791
WBGene00017608,220,1089,1309
WBGene00017609,0,5,5
WBGene00017610,2,3,5
WBGene00017611,23,20,43
WBGene00017612,0,13,13
WBGene00017613,2004,61442,63446
WBGene00017614,4,33,37
WBGene00017615,1,18,19
WBGene00017616,26,149,175
WBGene00017618,484,516,1000
WBGene00017619,7,26,33
WBGene00017620,199,1224,1423
WBGene00017621,169,6428,6597
WBGene00017625,45,8,53
WBGene00017627,8,5,13
WBGene00017628,120,194,314
WBGene00017629,2,2,4
WBGene00017630,0,0,0
WBGene00017631,20,11,31
WBGene00017632,34,121,155
WBGene00017633,28,39,67
WBGene00017634,3,12,15
WBGene00017635,91,81,172
WBGene00017636,2,5,7
WBGene00017637,64,569,633
WBGene00017638,0,2,2
WBGene00017639,355,1546,1901
WBGene00017640,165,1196,1361
WBGene00017641,75,512,587
WBGene00017642,235,2561,2796
WBGene00017643,107,1572,1679
WBGene00017644,513,2959,3472
WBGene00017645,3,30,33
WBGene00017646,120,575,695
WBGene00017647,88,119,207
WBGene00017648,6,51,57
WBGene00017650,4,69,73
WBGene00017651,60,131,191
WBGene00017652,2,6,8
WBGene00017653,424,2491,2915
WBGene00017654,5,37,42
WBGene00017655,1,1,2
WBGene00017656,5,47,52
WBGene00017657,733,7990,8723
WBGene00017658,30,246,276
WBGene00017659,47,2116,2163
WBGene00017660,16,97,113
WBGene00017661,4,216,220
WBGene00017662,1,16,17
WBGene00017663,136,3251,3387
WBGene00017664,20,50,70
WBGene00017666,10,82,92
WBGene00017667,4,44,48
WBGene00017668,4,4,8
WBGene00017670,3,0,3
WBGene00017671,408,16702,17110
WBGene00017672,1,3,4
WBGene00017673,4,59,63
WBGene00017674,2,89,91
WBGene00017675,243,5347,5590
WBGene00017676,114,1617,1731
WBGene00017678,5,56,61
WBGene00017679,0,0,0
WBGene00017681,6,55,61
WBGene00017683,54,1017,1071
WBGene00017684,0,0,0
WBGene00017685,1,0,1
WBGene00017686,170,1828,1998
WBGene00017687,27,335,362
WBGene00017688,82,1489,1571
WBGene00017690,62,102,164
WBGene00017691,159,2429,2588
WBGene00017692,48,186,234
WBGene00017693,2,2,4
WBGene00017694,2,2,4
WBGene00017695,1,4,5
WBGene00017696,27,781,808
WBGene00017698,116,1374,1490
WBGene00017699,1389,3682,5071
WBGene00017700,33,61,94
WBGene00017701,76,141,217
WBGene00017702,109,843,952
WBGene00017703,27,45,72
WBGene00017704,0,0,0
WBGene00017705,2,10,12
WBGene00017706,2,34,36
WBGene00017707,4,5,9
WBGene00017708,26,221,247
WBGene00017709,111,7,118
WBGene00017710,2,5,7
WBGene00017711,16,259,275
WBGene00017712,0,8,8
WBGene00017713,1,3,4
WBGene00017714,5,104,109
WBGene00017715,23,356,379
WBGene00017716,29,164,193
WBGene00017717,11,258,269
WBGene00017718,0,11,11
WBGene00017719,324,2875,3199
WBGene00017720,82,137,219
WBGene00017721,10,52,62
WBGene00017722,4,6,10
WBGene00017723,21,24,45
WBGene00017724,230,1256,1486
WBGene00017725,0,2,2
WBGene00017726,46,601,647
WBGene00017727,0,3281,3281
WBGene00017730,4,119,123
WBGene00017732,75,620,695
WBGene00017733,144,1298,1442
WBGene00017734,104,14074,14178
WBGene00017735,296,5479,5775
WBGene00017736,4,55,59
WBGene00017737,3,12,15
WBGene00017738,109,919,1028
WBGene00017741,168,898,1066
WBGene00017742,116,1206,1322
WBGene00017743,1,4,5
WBGene00017744,90,778,868
WBGene00017745,182,1640,1822
WBGene00017746,354,1158,1512
WBGene00017747,22,251,273
WBGene00017748,164,2368,2532
WBGene00017749,82,1519,1601
WBGene00017750,81,386,467
WBGene00017751,220,16,236
WBGene00017752,6,2,8
WBGene00017754,8,37,45
WBGene00017755,2210,3367,5577
WBGene00017756,165,1888,2053
WBGene00017757,44,2378,2422
WBGene00017758,101,511,612
WBGene00017759,7,2754,2761
WBGene00017760,136,1944,2080
WBGene00017761,323,234,557
WBGene00017762,356,416,772
WBGene00017763,247,1629,1876
WBGene00017764,3,8,11
WBGene00017765,89,3006,3095
WBGene00017766,44,979,1023
WBGene00017767,64,661,725
WBGene00017768,173,1475,1648
WBGene00017769,82,1576,1658
WBGene00017770,113,1613,1726
WBGene00017771,44,333,377
WBGene00017772,623,9900,10523
WBGene00017773,177,2520,2697
WBGene00017774,37,696,733
WBGene00017775,220,3581,3801
WBGene00017776,59,1092,1151
WBGene00017777,18,2860,2878
WBGene00017778,379,2802,3181
WBGene00017779,68,314,382
WBGene00017780,53,267,320
WBGene00017781,331,1523,1854
WBGene00017782,53,644,697
WBGene00017783,2,129,131
WBGene00017784,0,2,2
WBGene00017785,1,70,71
WBGene00017786,11,144,155
WBGene00017787,8,115,123
WBGene00017788,1,29,30
WBGene00017789,0,2392,2392
WBGene00017790,3,38,41
WBGene00017791,0,1,1
WBGene00017792,17,210,227
WBGene00017794,37,365,402
WBGene00017795,215,784,999
WBGene00017796,0,146,146
WBGene00017797,432,2201,2633
WBGene00017798,20,121,141
WBGene00017799,42,1792,1834
WBGene00017800,53,1113,1166
WBGene00017801,116,1019,1135
WBGene00017802,0,10,10
WBGene00017803,4,26,30
WBGene00017804,9,109,118
WBGene00017805,10,3,13
WBGene00017806,11,299,310
WBGene00017807,11,21,32
WBGene00017808,0,18,18
WBGene00017809,2,1,3
WBGene00017810,1,10,11
WBGene00017811,27,717,744
WBGene00017812,87,671,758
WBGene00017813,0,840,840
WBGene00017814,51,513,564
WBGene00017815,667,512,1179
WBGene00017816,53,2498,2551
WBGene00017817,0,2,2
WBGene00017818,481,1701,2182
WBGene00017819,9,13,22
WBGene00017821,18,6,24
WBGene00017822,7,12,19
WBGene00017823,17,232,249
WBGene00017824,7,8,15
WBGene00017825,68,1081,1149
WBGene00017826,117,1001,1118
WBGene00017827,44,368,412
WBGene00017828,23,945,968
WBGene00017829,305,1243,1548
WBGene00017830,31,4727,4758
WBGene00017831,95,567,662
WBGene00017832,47,757,804
WBGene00017833,54,215,269
WBGene00017834,504,6367,6871
WBGene00017835,10,164,174
WBGene00017836,24,315,339
WBGene00017837,76,782,858
WBGene00017838,236,1545,1781
WBGene00017839,0,1,1
WBGene00017840,55,235,290
WBGene00017841,2,372,374
WBGene00017842,27,316,343
WBGene00017843,1,4,5
WBGene00017845,1,2,3
WBGene00017848,0,23,23
WBGene00017850,192,1624,1816
WBGene00017851,0,1,1
WBGene00017852,100,4696,4796
WBGene00017853,6,6,12
WBGene00017854,0,197,197
WBGene00017855,569,3681,4250
WBGene00017858,54,159,213
WBGene00017860,22,11,33
WBGene00017861,23,182,205
WBGene00017862,0,2,2
WBGene00017863,10,0,10
WBGene00017864,1007,15797,16804
WBGene00017865,0,7,7
WBGene00017866,0,1950,1950
WBGene00017867,5,6,11
WBGene00017868,13,41,54
WBGene00017869,1,1,2
WBGene00017871,1,5,6
WBGene00017872,0,3,3
WBGene00017873,0,14,14
WBGene00017874,454,6729,7183
WBGene00017875,0,36,36
WBGene00017876,0,0,0
WBGene00017879,10,24,34
WBGene00017880,17,253,270
WBGene00017881,10,96,106
WBGene00017885,601,2617,3218
WBGene00017886,31,362,393
WBGene00017887,39,1833,1872
WBGene00017888,96,692,788
WBGene00017889,94,2486,2580
WBGene00017890,1,39,40
WBGene00017891,215,754,969
WBGene00017892,75,636,711
WBGene00017893,8,86,94
WBGene00017894,19,1244,1263
WBGene00017895,31,1414,1445
WBGene00017896,0,2,2
WBGene00017898,143,421,564
WBGene00017899,3,3,6
WBGene00017900,395,2651,3046
WBGene00017901,83,553,636
WBGene00017902,4,9,13
WBGene00017904,451,1256,1707
WBGene00017905,4,452,456
WBGene00017906,79,226,305
WBGene00017907,221,701,922
WBGene00017908,0,184,184
WBGene00017909,59,1035,1094
WBGene00017910,18,6,24
WBGene00017911,1,4,5
WBGene00017912,7,2,9
WBGene00017913,0,9,9
WBGene00017914,45,702,747
WBGene00017915,0,0,0
WBGene00017916,221,1221,1442
WBGene00017918,1,2,3
WBGene00017919,56,463,519
WBGene00017920,230,3819,4049
WBGene00017921,89,1482,1571
WBGene00017922,5,8,13
WBGene00017923,38,2394,2432
WBGene00017924,111,1508,1619
WBGene00017925,2488,35858,38346
WBGene00017926,1661,46297,47958
WBGene00017927,3,1,4
WBGene00017928,69,1122,1191
WBGene00017929,1262,1639,2901
WBGene00017930,0,70,70
WBGene00017931,155,748,903
WBGene00017933,3,19,22
WBGene00017934,90,727,817
WBGene00017935,1,0,1
WBGene00017936,20,399,419
WBGene00017937,5,370,375
WBGene00017938,12,355,367
WBGene00017939,45,244,289
WBGene00017942,1,3,4
WBGene00017944,5,9,14
WBGene00017945,37,463,500
WBGene00017947,22,33,55
WBGene00017948,24,67,91
WBGene00017949,15,59,74
WBGene00017950,35,207,242
WBGene00017951,60,783,843
WBGene00017952,430,1310,1740
WBGene00017953,14,6,20
WBGene00017954,26,889,915
WBGene00017955,1,7,8
WBGene00017957,2,21,23
WBGene00017959,9,115,124
WBGene00017960,35,163,198
WBGene00017961,15,136,151
WBGene00017962,12,93,105
WBGene00017963,2,6,8
WBGene00017964,0,595,595
WBGene00017965,4,63,67
WBGene00017966,82,1,83
WBGene00017967,145,2222,2367
WBGene00017968,81,957,1038
WBGene00017969,12,246,258
WBGene00017970,95,3842,3937
WBGene00017971,57,477,534
WBGene00017973,210,677,887
WBGene00017974,18,272,290
WBGene00017975,1,6,7
WBGene00017976,89,406,495
WBGene00017977,3,201,204
WBGene00017978,0,69,69
WBGene00017979,212,5316,5528
WBGene00017980,284,2657,2941
WBGene00017981,47,865,912
WBGene00017982,1770,15401,17171
WBGene00017983,289,372,661
WBGene00017984,59,22599,22658
WBGene00017985,14,916,930
WBGene00017986,15,104,119
WBGene00017987,2,5,7
WBGene00017988,19,2945,2964
WBGene00017989,83,1655,1738
WBGene00017990,73,1931,2004
WBGene00017991,75,627,702
WBGene00017992,69,466,535
WBGene00017993,215,10397,10612
WBGene00017995,1005,6206,7211
WBGene00017996,84,1341,1425
WBGene00017997,388,3396,3784
WBGene00017998,17,390,407
WBGene00017999,200,4605,4805
WBGene00018000,5,0,5
WBGene00018001,3,2,5
WBGene00018002,79,318,397
WBGene00018003,2,1,3
WBGene00018004,4,8,12
WBGene00018005,61,491,552
WBGene00018006,52,679,731
WBGene00018007,24,1832,1856
WBGene00018008,79,3740,3819
WBGene00018009,86,926,1012
WBGene00018010,24,139,163
WBGene00018011,33,552,585
WBGene00018013,148,844,992
WBGene00018014,84,396,480
WBGene00018015,34,443,477
WBGene00018016,29,232,261
WBGene00018017,45,2414,2459
WBGene00018018,76,2415,2491
WBGene00018019,0,0,0
WBGene00018020,0,0,0
WBGene00018021,2,13,15
WBGene00018022,17,40,57
WBGene00018023,44,110,154
WBGene00018024,288,8742,9030
WBGene00018025,68,1354,1422
WBGene00018026,15,46,61
WBGene00018027,1,5,6
WBGene00018028,8,4,12
WBGene00018030,0,0,0
WBGene00018031,3,124,127
WBGene00018033,1212,3903,5115
WBGene00018034,3,0,3
WBGene00018035,2,9,11
WBGene00018036,4,58,62
WBGene00018037,28,156,184
WBGene00018038,12,1,13
WBGene00018039,5,3,8
WBGene00018040,2,28,30
WBGene00018041,12,162,174
WBGene00018042,23,157,180
WBGene00018043,30,179,209
WBGene00018044,19,276,295
WBGene00018045,4,1506,1510
WBGene00018046,162,4716,4878
WBGene00018047,8,19,27
WBGene00018048,2,6,8
WBGene00018049,3,6,9
WBGene00018050,34,194,228
WBGene00018051,144,1162,1306
WBGene00018052,55,375,430
WBGene00018053,4,6,10
WBGene00018054,6,1,7
WBGene00018055,4,17,21
WBGene00018056,4,18,22
WBGene00018057,2,12,14
WBGene00018058,4,1,5
WBGene00018060,70,935,1005
WBGene00018061,67,546,613
WBGene00018062,0,1,1
WBGene00018063,0,7,7
WBGene00018064,263,2150,2413
WBGene00018065,7,20,27
WBGene00018066,17,44,61
WBGene00018067,33,434,467
WBGene00018068,4,1107,1111
WBGene00018069,82,471,553
WBGene00018070,14,245,259
WBGene00018071,16,571,587
WBGene00018072,99,557,656
WBGene00018073,58,1577,1635
WBGene00018074,98,650,748
WBGene00018075,361,1538,1899
WBGene00018076,61,384,445
WBGene00018077,3,193,196
WBGene00018078,188,665,853
WBGene00018080,1,2,3
WBGene00018081,0,3,3
WBGene00018082,0,3,3
WBGene00018083,4,12,16
WBGene00018084,33,46,79
WBGene00018085,6,144,150
WBGene00018086,1,0,1
WBGene00018087,25,70,95
WBGene00018088,133,656,789
WBGene00018089,56,297,353
WBGene00018090,183,2181,2364
WBGene00018091,0,13,13
WBGene00018092,3,15,18
WBGene00018093,5,1,6
WBGene00018094,8,3,11
WBGene00018096,3,3,6
WBGene00018097,0,0,0
WBGene00018098,0,1,1
WBGene00018099,16,159,175
WBGene00018100,0,17,17
WBGene00018101,10,9,19
WBGene00018102,3,7,10
WBGene00018103,0,2,2
WBGene00018104,0,11,11
WBGene00018105,1,1,2
WBGene00018106,0,1,1
WBGene00018107,0,0,0
WBGene00018108,1,14,15
WBGene00018110,5,2,7
WBGene00018111,19,16,35
WBGene00018112,48,418,466
WBGene00018113,16,131,147
WBGene00018114,18,18,36
WBGene00018115,22,327,349
WBGene00018117,34,1936,1970
WBGene00018118,9,99,108
WBGene00018119,0,4,4
WBGene00018120,1,0,1
WBGene00018121,1,16,17
WBGene00018122,0,2,2
WBGene00018123,0,0,0
WBGene00018124,0,0,0
WBGene00018130,16,5,21
WBGene00018131,178,1505,1683
WBGene00018132,132,2613,2745
WBGene00018133,23,276,299
WBGene00018134,3,8,11
WBGene00018135,0,5,5
WBGene00018136,9,105,114
WBGene00018137,10,435,445
WBGene00018138,50,362,412
WBGene00018139,2,2,4
WBGene00018140,54,453,507
WBGene00018141,2,1,3
WBGene00018142,5,28,33
WBGene00018143,3,11,14
WBGene00018144,160,978,1138
WBGene00018145,624,5815,6439
WBGene00018146,5,58,63
WBGene00018148,14,2,16
WBGene00018149,251,1321,1572
WBGene00018150,61,688,749
WBGene00018151,893,6525,7418
WBGene00018152,53,3385,3438
WBGene00018153,10,57,67
WBGene00018154,2295,1401,3696
WBGene00018155,2,24,26
WBGene00018156,207,3041,3248
WBGene00018157,3,23,26
WBGene00018158,4,26,30
WBGene00018159,688,4127,4815
WBGene00018160,47,1265,1312
WBGene00018161,92,2387,2479
WBGene00018162,0,0,0
WBGene00018163,5,7,12
WBGene00018164,1,2702,2703
WBGene00018165,3,6,9
WBGene00018166,14,118,132
WBGene00018167,2,56,58
WBGene00018168,0,1,1
WBGene00018169,0,1,1
WBGene00018170,17,243,260
WBGene00018172,11,16,27
WBGene00018173,24,155,179
WBGene00018174,16,45,61
WBGene00018175,211,699,910
WBGene00018176,3,8,11
WBGene00018178,4,1,5
WBGene00018179,2,6,8
WBGene00018180,54,37,91
WBGene00018181,62,1874,1936
WBGene00018182,1,1,2
WBGene00018183,6,5,11
WBGene00018184,12,189,201
WBGene00018186,0,11,11
WBGene00018187,2759,7172,9931
WBGene00018188,123,1164,1287
WBGene00018189,4,26,30
WBGene00018190,0,4,4
WBGene00018191,27,189,216
WBGene00018192,0,101,101
WBGene00018193,128,3025,3153
WBGene00018195,2,10,12
WBGene00018196,6,4,10
WBGene00018198,8,36,44
WBGene00018200,3,12,15
WBGene00018201,2,245,247
WBGene00018202,0,0,0
WBGene00018203,1,34,35
WBGene00018204,122,376,498
WBGene00018205,2,0,2
WBGene00018206,33,530,563
WBGene00018207,9,50,59
WBGene00018208,44,1674,1718
WBGene00018209,6,2,8
WBGene00018210,9,94,103
WBGene00018211,18,16,34
WBGene00018212,50,488,538
WBGene00018213,14,88,102
WBGene00018214,280,4226,4506
WBGene00018215,42,424,466
WBGene00018216,271,646,917
WBGene00018217,1342,3117,4459
WBGene00018218,43,5285,5328
WBGene00018219,53,472,525
WBGene00018221,971,11324,12295
WBGene00018222,42,215,257
WBGene00018223,43,69,112
WBGene00018226,63,500,563
WBGene00018227,4,20,24
WBGene00018228,0,0,0
WBGene00018229,0,0,0
WBGene00018230,23,1370,1393
WBGene00018231,2,6,8
WBGene00018232,202,75,277
WBGene00018233,0,16,16
WBGene00018234,0,11,11
WBGene00018235,4,8,12
WBGene00018236,0,95,95
WBGene00018237,102,1197,1299
WBGene00018238,82,2007,2089
WBGene00018239,48,588,636
WBGene00018240,215,1566,1781
WBGene00018241,5,27,32
WBGene00018242,5,14,19
WBGene00018243,0,0,0
WBGene00018244,0,0,0
WBGene00018245,0,1,1
WBGene00018246,0,0,0
WBGene00018247,2,1,3
WBGene00018248,5,4,9
WBGene00018249,201,2944,3145
WBGene00018250,75,1017,1092
WBGene00018251,54,260,314
WBGene00018252,6,146,152
WBGene00018253,9,35,44
WBGene00018254,3,8,11
WBGene00018255,27,27,54
WBGene00018256,12,149,161
WBGene00018257,169,4024,4193
WBGene00018258,102,969,1071
WBGene00018259,246,1721,1967
WBGene00018260,24,171,195
WBGene00018261,24,141,165
WBGene00018262,7,61,68
WBGene00018264,1,7,8
WBGene00018265,110,619,729
WBGene00018266,24,485,509
WBGene00018267,3,2,5
WBGene00018268,5,452,457
WBGene00018269,113,790,903
WBGene00018270,36,1845,1881
WBGene00018271,482,137551,138033
WBGene00018272,66,455,521
WBGene00018273,72,66,138
WBGene00018274,90,385,475
WBGene00018275,116,472,588
WBGene00018276,0,0,0
WBGene00018277,0,0,0
WBGene00018278,0,1,1
WBGene00018279,0,6,6
WBGene00018280,3,6,9
WBGene00018281,51,461,512
WBGene00018282,49,873,922
WBGene00018283,10,45,55
WBGene00018284,4,7,11
WBGene00018285,1006,7350,8356
WBGene00018286,26,142,168
WBGene00018288,13,160,173
WBGene00018289,31,8,39
WBGene00018290,169,6336,6505
WBGene00018291,8,21,29
WBGene00018292,1,138,139
WBGene00018293,104,732,836
WBGene00018294,54,2712,2766
WBGene00018295,2,37,39
WBGene00018296,0,1,1
WBGene00018297,0,11180,11180
WBGene00018298,401,7222,7623
WBGene00018299,13,15,28
WBGene00018300,4,32,36
WBGene00018301,8,23,31
WBGene00018302,23,403,426
WBGene00018303,575,8415,8990
WBGene00018304,169,696,865
WBGene00018305,245,2532,2777
WBGene00018307,20,206,226
WBGene00018308,0,53,53
WBGene00018309,9,25,34
WBGene00018310,115,246,361
WBGene00018311,73,1080,1153
WBGene00018312,6,12,18
WBGene00018313,8,24,32
WBGene00018314,4,19,23
WBGene00018315,5,11,16
WBGene00018316,52,1351,1403
WBGene00018317,86,1949,2035
WBGene00018318,4,229,233
WBGene00018319,318,1538,1856
WBGene00018321,8,399,407
WBGene00018322,0,0,0
WBGene00018323,13,4,17
WBGene00018324,2,5,7
WBGene00018327,1,11,12
WBGene00018328,187,733,920
WBGene00018330,58,987,1045
WBGene00018332,3,2,5
WBGene00018333,1,18,19
WBGene00018334,30,176,206
WBGene00018335,185,1442,1627
WBGene00018336,0,0,0
WBGene00018337,76,564,640
WBGene00018338,6,140,146
WBGene00018339,92,4977,5069
WBGene00018340,99,2686,2785
WBGene00018341,117,5924,6041
WBGene00018342,40,300,340
WBGene00018343,4,128,132
WBGene00018344,72,314,386
WBGene00018345,13,27,40
WBGene00018346,54,277,331
WBGene00018347,9,24,33
WBGene00018348,42,191,233
WBGene00018349,109,5217,5326
WBGene00018350,20,214,234
WBGene00018351,14,23,37
WBGene00018352,1,40,41
WBGene00018353,1,13,14
WBGene00018354,4,2,6
WBGene00018355,13,66,79
WBGene00018356,155,2332,2487
WBGene00018357,60,1153,1213
WBGene00018358,18,9,27
WBGene00018359,5,3,8
WBGene00018360,7,7,14
WBGene00018361,1795,15079,16874
WBGene00018362,41,7007,7048
WBGene00018363,51,751,802
WBGene00018364,122,256,378
WBGene00018365,5,38,43
WBGene00018366,49,777,826
WBGene00018367,226,2019,2245
WBGene00018369,107,917,1024
WBGene00018370,174,1718,1892
WBGene00018371,34,698,732
WBGene00018373,325,2033,2358
WBGene00018374,46,142,188
WBGene00018375,12,21,33
WBGene00018376,303,5967,6270
WBGene00018377,8,29,37
WBGene00018378,1,1,2
WBGene00018379,2,1,3
WBGene00018380,3,46,49
WBGene00018381,16,2,18
WBGene00018383,6,167,173
WBGene00018384,2,5,7
WBGene00018385,2,0,2
WBGene00018386,27,373,400
WBGene00018387,11,8,19
WBGene00018388,612,0,612
WBGene00018389,3,0,3
WBGene00018390,24,514,538
WBGene00018391,59,3513,3572
WBGene00018392,195,1114,1309
WBGene00018393,9,3159,3168
WBGene00018394,15,66,81
WBGene00018395,169,14807,14976
WBGene00018397,33,7,40
WBGene00018398,39,270,309
WBGene00018399,29,457,486
WBGene00018400,129,1270,1399
WBGene00018402,15,258,273
WBGene00018403,44,232,276
WBGene00018404,4,15,19
WBGene00018405,472,2243,2715
WBGene00018406,6,8,14
WBGene00018407,909,5911,6820
WBGene00018408,195,1014,1209
WBGene00018409,42,1660,1702
WBGene00018410,7,31,38
WBGene00018411,21,119,140
WBGene00018412,10,25,35
WBGene00018413,16,192,208
WBGene00018414,5,47,52
WBGene00018415,8,232,240
WBGene00018417,246,1868,2114
WBGene00018418,21,1566,1587
WBGene00018419,161,1050,1211
WBGene00018420,220,1875,2095
WBGene00018421,15,1378,1393
WBGene00018422,43,2636,2679
WBGene00018423,80,412,492
WBGene00018424,13,1049,1062
WBGene00018425,5,13,18
WBGene00018426,106,4616,4722
WBGene00018427,9,1400,1409
WBGene00018428,1,10,11
WBGene00018429,9,26,35
WBGene00018430,38,158,196
WBGene00018431,23,2399,2422
WBGene00018432,0,2,2
WBGene00018433,0,6,6
WBGene00018434,0,3,3
WBGene00018435,0,3,3
WBGene00018436,0,0,0
WBGene00018437,1,2,3
WBGene00018438,1,2,3
WBGene00018439,0,4,4
WBGene00018440,3,8,11
WBGene00018441,0,0,0
WBGene00018442,5,0,5
WBGene00018443,0,2,2
WBGene00018444,0,2,2
WBGene00018445,0,4,4
WBGene00018446,14,26,40
WBGene00018447,2,1,3
WBGene00018452,0,0,0
WBGene00018455,0,8,8
WBGene00018456,5,12,17
WBGene00018457,0,3,3
WBGene00018458,0,1,1
WBGene00018459,0,10,10
WBGene00018460,0,0,0
WBGene00018461,0,0,0
WBGene00018462,36,914,950
WBGene00018463,0,9,9
WBGene00018465,31,253,284
WBGene00018466,22,217,239
WBGene00018467,119,687,806
WBGene00018468,628,6176,6804
WBGene00018470,152,671,823
WBGene00018471,7,48,55
WBGene00018472,59,180,239
WBGene00018473,30,233,263
WBGene00018474,72,915,987
WBGene00018475,466,8971,9437
WBGene00018476,37,292,329
WBGene00018477,3,12,15
WBGene00018478,8,90,98
WBGene00018479,3,17,20
WBGene00018480,4,120,124
WBGene00018481,127,1534,1661
WBGene00018482,371,3127,3498
WBGene00018483,19,341,360
WBGene00018484,12,37,49
WBGene00018485,1117,2761,3878
WBGene00018486,18,163,181
WBGene00018487,39,276,315
WBGene00018488,92,934,1026
WBGene00018489,1,5,6
WBGene00018490,0,3,3
WBGene00018491,34,32348,32382
WBGene00018492,70,748,818
WBGene00018493,1,0,1
WBGene00018496,4,1,5
WBGene00018497,0,0,0
WBGene00018498,1,1,2
WBGene00018499,0,7,7
WBGene00018500,0,0,0
WBGene00018501,0,0,0
WBGene00018502,3,0,3
WBGene00018504,1,1,2
WBGene00018505,2,1,3
WBGene00018506,0,1,1
WBGene00018507,0,1,1
WBGene00018508,642,3615,4257
WBGene00018509,159,1981,2140
WBGene00018510,23,240,263
WBGene00018511,65,497,562
WBGene00018512,191,1407,1598
WBGene00018513,3,301,304
WBGene00018514,59,373,432
WBGene00018515,16,139,155
WBGene00018516,49,832,881
WBGene00018517,296,2232,2528
WBGene00018518,32,1097,1129
WBGene00018519,4727,190541,195268
WBGene00018520,180,1469,1649
WBGene00018521,6,153,159
WBGene00018522,230,3003,3233
WBGene00018523,70,311,381
WBGene00018525,0,0,0
WBGene00018526,0,0,0
WBGene00018527,0,0,0
WBGene00018528,0,9,9
WBGene00018529,0,0,0
WBGene00018530,0,0,0
WBGene00018531,4,1,5
WBGene00018532,2411,31758,34169
WBGene00018533,701,1583,2284
WBGene00018534,3,7,10
WBGene00018535,6,18,24
WBGene00018536,1,1,2
WBGene00018537,0,5,5
WBGene00018538,244,707,951
WBGene00018539,15,11,26
WBGene00018541,3,47,50
WBGene00018542,5,66,71
WBGene00018543,10,70,80
WBGene00018544,5,36,41
WBGene00018545,3,10,13
WBGene00018547,85,78,163
WBGene00018548,1,22,23
WBGene00018549,1,2,3
WBGene00018550,3,19,22
WBGene00018551,12,11,23
WBGene00018552,7,28,35
WBGene00018554,2,0,2
WBGene00018555,8,1,9
WBGene00018556,2,0,2
WBGene00018557,3,2,5
WBGene00018558,12,16,28
WBGene00018559,0,0,0
WBGene00018560,88,931,1019
WBGene00018561,19,110,129
WBGene00018562,147,1131,1278
WBGene00018563,3,8,11
WBGene00018564,573,2419,2992
WBGene00018565,52,351,403
WBGene00018566,21,101,122
WBGene00018567,121,159,280
WBGene00018568,4,43,47
WBGene00018569,113,468,581
WBGene00018570,13,0,13
WBGene00018571,21,15,36
WBGene00018572,938,3410,4348
WBGene00018573,8,2,10
WBGene00018575,5,9,14
WBGene00018576,40,320,360
WBGene00018578,13,239,252
WBGene00018579,477,3248,3725
WBGene00018580,16,7,23
WBGene00018581,104,405,509
WBGene00018582,31,52,83
WBGene00018585,71,452,523
WBGene00018586,101,1221,1322
WBGene00018587,47,108,155
WBGene00018589,336,55,391
WBGene00018590,20,4154,4174
WBGene00018591,0,39,39
WBGene00018593,48,862,910
WBGene00018594,87,426,513
WBGene00018595,5,159,164
WBGene00018596,15,59,74
WBGene00018598,12,151,163
WBGene00018599,73,2355,2428
WBGene00018600,11,24,35
WBGene00018601,0,0,0
WBGene00018602,46,1851,1897
WBGene00018603,26,78,104
WBGene00018604,119,3230,3349
WBGene00018605,0,16,16
WBGene00018606,1,77,78
WBGene00018607,321,1143,1464
WBGene00018608,255,552,807
WBGene00018609,162,1898,2060
WBGene00018610,14,1073,1087
WBGene00018611,150,677,827
WBGene00018612,62,1075,1137
WBGene00018613,14,442,456
WBGene00018614,4,46,50
WBGene00018615,19,271,290
WBGene00018616,0,9,9
WBGene00018617,5,1,6
WBGene00018618,0,1,1
WBGene00018619,0,7,7
WBGene00018620,4,11,15
WBGene00018621,1,172,173
WBGene00018622,20,258,278
WBGene00018623,2,18,20
WBGene00018624,1,5,6
WBGene00018625,47,1740,1787
WBGene00018626,2,38,40
WBGene00018627,1,13,14
WBGene00018628,177,3,180
WBGene00018630,14,43,57
WBGene00018631,0,0,0
WBGene00018632,21,635,656
WBGene00018634,200,1244,1444
WBGene00018635,54,662,716
WBGene00018636,135,878,1013
WBGene00018637,26,648,674
WBGene00018638,22,1001,1023
WBGene00018639,108,508,616
WBGene00018640,16,134,150
WBGene00018641,17,166,183
WBGene00018643,0,3,3
WBGene00018645,5,15,20
WBGene00018646,2,19,21
WBGene00018647,4,7,11
WBGene00018648,12,30,42
WBGene00018649,0,0,0
WBGene00018650,0,2,2
WBGene00018651,0,0,0
WBGene00018652,0,0,0
WBGene00018653,3,40,43
WBGene00018654,60,633,693
WBGene00018655,51,593,644
WBGene00018656,294,4723,5017
WBGene00018657,213,1751,1964
WBGene00018659,2,219,221
WBGene00018660,1,60,61
WBGene00018661,2,17,19
WBGene00018663,0,242,242
WBGene00018665,12,111,123
WBGene00018667,19,221,240
WBGene00018668,8,159,167
WBGene00018669,10,99,109
WBGene00018670,1,1,2
WBGene00018671,2,9,11
WBGene00018672,172,789,961
WBGene00018674,278,1872,2150
WBGene00018675,42,184,226
WBGene00018678,101,660,761
WBGene00018679,314,1749,2063
WBGene00018680,58,191,249
WBGene00018681,395,1336,1731
WBGene00018682,60,1094,1154
WBGene00018683,42,48,90
WBGene00018684,0,13,13
WBGene00018687,0,47,47
WBGene00018688,0,20,20
WBGene00018689,34,148,182
WBGene00018690,2,21,23
WBGene00018691,12,4,16
WBGene00018692,140,5470,5610
WBGene00018693,15,3,18
WBGene00018694,34,24,58
WBGene00018696,79,577,656
WBGene00018697,45,577,622
WBGene00018698,12,202,214
WBGene00018700,967,3741,4708
WBGene00018701,290,24982,25272
WBGene00018702,11,1251,1262
WBGene00018703,33,695,728
WBGene00018704,18,598,616
WBGene00018706,7,91,98
WBGene00018707,4,21,25
WBGene00018708,5,7,12
WBGene00018709,2,11,13
WBGene00018710,652,6262,6914
WBGene00018711,94,80,174
WBGene00018712,46,100,146
WBGene00018713,15,42,57
WBGene00018714,49,837,886
WBGene00018715,15,207,222
WBGene00018716,124,337,461
WBGene00018717,38,447,485
WBGene00018718,35,192,227
WBGene00018719,118,1041,1159
WBGene00018720,352,2723,3075
WBGene00018721,100,487,587
WBGene00018723,109,436,545
WBGene00018724,0,280,280
WBGene00018725,0,355,355
WBGene00018726,3,22,25
WBGene00018727,88,485,573
WBGene00018728,44,134,178
WBGene00018729,52,576,628
WBGene00018730,0,1874,1874
WBGene00018731,0,1185,1185
WBGene00018732,0,846,846
WBGene00018734,1130,2159,3289
WBGene00018735,21,317,338
WBGene00018736,15,165,180
WBGene00018737,14,359,373
WBGene00018738,57,240,297
WBGene00018739,182,1042,1224
WBGene00018740,195,1069,1264
WBGene00018741,66,82,148
WBGene00018742,22,123,145
WBGene00018743,119,1507,1626
WBGene00018744,3,1933,1936
WBGene00018745,6,18,24
WBGene00018746,5,37,42
WBGene00018747,66,377,443
WBGene00018748,932,561,1493
WBGene00018749,38,286,324
WBGene00018750,231,664,895
WBGene00018751,1,8,9
WBGene00018752,19,39,58
WBGene00018754,6,33,39
WBGene00018755,25,164,189
WBGene00018756,681,3345,4026
WBGene00018757,122,1308,1430
WBGene00018758,81,1146,1227
WBGene00018760,47,170,217
WBGene00018761,355,72,427
WBGene00018762,203,3286,3489
WBGene00018763,69,2974,3043
WBGene00018764,67,7224,7291
WBGene00018765,1352,5580,6932
WBGene00018766,85,162,247
WBGene00018767,17,2,19
WBGene00018768,0,1,1
WBGene00018769,336,3705,4041
WBGene00018770,1,1,2
WBGene00018771,19,40,59
WBGene00018772,93,163,256
WBGene00018773,12,30,42
WBGene00018774,29,76,105
WBGene00018776,600,4623,5223
WBGene00018777,124,576,700
WBGene00018778,653,5831,6484
WBGene00018779,11,74,85
WBGene00018781,197,745,942
WBGene00018782,696,7260,7956
WBGene00018783,11,104,115
WBGene00018784,319,6664,6983
WBGene00018785,224,982,1206
WBGene00018786,10,341,351
WBGene00018787,99,557,656
WBGene00018788,133,456,589
WBGene00018789,50,414,464
WBGene00018791,58,231,289
WBGene00018792,7,7,14
WBGene00018793,483,3052,3535
WBGene00018794,260,378,638
WBGene00018795,62,802,864
WBGene00018797,262,1348,1610
WBGene00018798,63,260,323
WBGene00018802,84,2866,2950
WBGene00018803,55,2019,2074
WBGene00018804,19,408,427
WBGene00018805,14,35,49
WBGene00018806,0,212,212
WBGene00018808,0,0,0
WBGene00018809,6,53,59
WBGene00018810,2,2,4
WBGene00018811,1317,13603,14920
WBGene00018812,489,1248,1737
WBGene00018813,2,25,27
WBGene00018814,78,1069,1147
WBGene00018815,3,5,8
WBGene00018816,0,6,6
WBGene00018817,132,0,132
WBGene00018819,325,2353,2678
WBGene00018820,15,2,17
WBGene00018821,2,0,2
WBGene00018822,3,2,5
WBGene00018823,8,419,427
WBGene00018824,0,2,2
WBGene00018825,2,18,20
WBGene00018826,0,1,1
WBGene00018827,31,801,832
WBGene00018828,2,270,272
WBGene00018829,11,30,41
WBGene00018830,62,951,1013
WBGene00018831,54,903,957
WBGene00018833,275,750,1025
WBGene00018834,0,2,2
WBGene00018835,52,447,499
WBGene00018836,81,698,779
WBGene00018837,1255,1594,2849
WBGene00018838,0,0,0
WBGene00018839,7,147,154
WBGene00018840,1,12,13
WBGene00018841,0,7,7
WBGene00018842,0,18,18
WBGene00018844,2,7,9
WBGene00018845,21,141,162
WBGene00018846,21999,197354,219353
WBGene00018847,156,1495,1651
WBGene00018848,74,574,648
WBGene00018849,45,5247,5292
WBGene00018850,7,139,146
WBGene00018851,6,86,92
WBGene00018853,96,1834,1930
WBGene00018854,91,2124,2215
WBGene00018855,13,93,106
WBGene00018857,171,2138,2309
WBGene00018859,23,134,157
WBGene00018860,112,370,482
WBGene00018861,43,216,259
WBGene00018863,5,541,546
WBGene00018864,167,1225,1392
WBGene00018865,13,38,51
WBGene00018866,184,2538,2722
WBGene00018867,20,190,210
WBGene00018868,43,207,250
WBGene00018869,300,5544,5844
WBGene00018870,0,17,17
WBGene00018871,10,620,630
WBGene00018872,331,2529,2860
WBGene00018873,9,72,81
WBGene00018874,20,68,88
WBGene00018875,0,1,1
WBGene00018876,1,0,1
WBGene00018877,332,3022,3354
WBGene00018878,4,589,593
WBGene00018879,75,410,485
WBGene00018880,18,48,66
WBGene00018881,0,11,11
WBGene00018882,0,3,3
WBGene00018883,0,9,9
WBGene00018884,16,9,25
WBGene00018885,6,44,50
WBGene00018886,3,309,312
WBGene00018888,2,2,4
WBGene00018890,266,2614,2880
WBGene00018891,201,2755,2956
WBGene00018892,82,3248,3330
WBGene00018893,391,3976,4367
WBGene00018894,10,638,648
WBGene00018895,3,4,7
WBGene00018896,12,29,41
WBGene00018897,48,606,654
WBGene00018898,427,7506,7933
WBGene00018899,12,56,68
WBGene00018900,54,1523,1577
WBGene00018901,1,48,49
WBGene00018902,4,262,266
WBGene00018903,10,173,183
WBGene00018904,16,1045,1061
WBGene00018906,11,15,26
WBGene00018907,23,46,69
WBGene00018908,27,254,281
WBGene00018909,86,374,460
WBGene00018910,0,0,0
WBGene00018911,2,1,3
WBGene00018912,0,0,0
WBGene00018913,0,0,0
WBGene00018915,0,0,0
WBGene00018917,0,0,0
WBGene00018918,0,0,0
WBGene00018920,0,0,0
WBGene00018921,0,18,18
WBGene00018923,144,504,648
WBGene00018924,33,82,115
WBGene00018925,12,668,680
WBGene00018926,0,0,0
WBGene00018927,0,0,0
WBGene00018928,86,436,522
WBGene00018930,0,8,8
WBGene00018931,14,8,22
WBGene00018932,140,3342,3482
WBGene00018933,2,3,5
WBGene00018934,21,3620,3641
WBGene00018935,16,1270,1286
WBGene00018937,23,183,206
WBGene00018938,4,0,4
WBGene00018939,3,19,22
WBGene00018940,0,1,1
WBGene00018941,7,7,14
WBGene00018942,1,2,3
WBGene00018943,0,0,0
WBGene00018944,2,1,3
WBGene00018945,11,79,90
WBGene00018946,3,47,50
WBGene00018948,8,153,161
WBGene00018949,3,7,10
WBGene00018950,52,419,471
WBGene00018951,18,502,520
WBGene00018952,18,156,174
WBGene00018953,522,5206,5728
WBGene00018954,82,512,594
WBGene00018955,39,804,843
WBGene00018957,65,901,966
WBGene00018958,98,543,641
WBGene00018959,29,707,736
WBGene00018960,19,728,747
WBGene00018961,463,3133,3596
WBGene00018963,1040,15908,16948
WBGene00018964,28,336,364
WBGene00018965,25,342,367
WBGene00018966,22,182,204
WBGene00018967,104,2097,2201
WBGene00018968,10,39,49
WBGene00018969,39,1518,1557
WBGene00018970,1,0,1
WBGene00018971,10,73,83
WBGene00018972,2,6,8
WBGene00018973,5,5,10
WBGene00018974,225,1144,1369
WBGene00018975,444,1671,2115
WBGene00018976,365,255,620
WBGene00018978,0,2,2
WBGene00018979,3,1,4
WBGene00018980,4,1,5
WBGene00018981,1,1,2
WBGene00018982,2,0,2
WBGene00018984,29,126,155
WBGene00018985,130,1053,1183
WBGene00018986,80,1050,1130
WBGene00018987,78,708,786
WBGene00018988,34,315,349
WBGene00018989,58,598,656
WBGene00018990,56,275,331
WBGene00018991,38,223,261
WBGene00018994,2,3,5
WBGene00018995,76,692,768
WBGene00018996,40,1573,1613
WBGene00018997,4,36,40
WBGene00018998,142,1899,2041
WBGene00018999,9,21,30
WBGene00019001,599,12811,13410
WBGene00019002,65,434,499
WBGene00019003,129,5162,5291
WBGene00019004,53,1040,1093
WBGene00019005,231,1858,2089
WBGene00019006,161,1744,1905
WBGene00019007,3298,7645,10943
WBGene00019008,25,715,740
WBGene00019009,42,170,212
WBGene00019010,137,19,156
WBGene00019011,159,1134,1293
WBGene00019012,53,229,282
WBGene00019013,14,314,328
WBGene00019014,32,220,252
WBGene00019015,1,12,13
WBGene00019016,12,7,19
WBGene00019017,12,1213,1225
WBGene00019018,869,2186,3055
WBGene00019019,10,30,40
WBGene00019020,42,283,325
WBGene00019021,5,443,448
WBGene00019022,60,124,184
WBGene00019023,26,155,181
WBGene00019024,0,3,3
WBGene00019025,19,100,119
WBGene00019026,0,1,1
WBGene00019027,0,8,8
WBGene00019028,3,0,3
WBGene00019029,15,18,33
WBGene00019030,108,307,415
WBGene00019032,11,76,87
WBGene00019034,1,1,2
WBGene00019035,0,5,5
WBGene00019036,4,1,5
WBGene00019037,0,3,3
WBGene00019038,5,1,6
WBGene00019039,0,1,1
WBGene00019040,2,1,3
WBGene00019041,1,1,2
WBGene00019042,0,1,1
WBGene00019043,1,1,2
WBGene00019044,0,0,0
WBGene00019045,0,0,0
WBGene00019046,3,3,6
WBGene00019047,2,162,164
WBGene00019048,22,313,335
WBGene00019049,10,60,70
WBGene00019051,3,0,3
WBGene00019052,1,2,3
WBGene00019053,0,0,0
WBGene00019054,4,6,10
WBGene00019055,60,567,627
WBGene00019057,3,22,25
WBGene00019058,0,9,9
WBGene00019059,2,1,3
WBGene00019060,32,259,291
WBGene00019061,3868,48222,52090
WBGene00019062,1,0,1
WBGene00019063,1,9,10
WBGene00019064,29,683,712
WBGene00019065,0,0,0
WBGene00019066,0,0,0
WBGene00019067,19,59,78
WBGene00019068,6,27,33
WBGene00019069,160,360,520
WBGene00019070,0,45,45
WBGene00019072,12,170,182
WBGene00019073,0,0,0
WBGene00019074,172,1365,1537
WBGene00019075,24,489,513
WBGene00019076,122,1908,2030
WBGene00019077,29,1460,1489
WBGene00019079,123,1750,1873
WBGene00019080,12,34,46
WBGene00019081,8,7,15
WBGene00019082,9,156,165
WBGene00019083,11,6,17
WBGene00019084,5,12,17
WBGene00019085,1,8,9
WBGene00019086,3,3,6
WBGene00019087,17,1458,1475
WBGene00019089,7,6,13
WBGene00019090,812,7793,8605
WBGene00019091,8,17,25
WBGene00019092,1393,10775,12168
WBGene00019094,6,7,13
WBGene00019096,2,5,7
WBGene00019097,28,589,617
WBGene00019098,0,4,4
WBGene00019099,1,2,3
WBGene00019100,79,202,281
WBGene00019101,9,49,58
WBGene00019102,453,2646,3099
WBGene00019103,45,84,129
WBGene00019104,1,1,2
WBGene00019105,3,103,106
WBGene00019106,10,18,28
WBGene00019108,5,308,313
WBGene00019109,178,562,740
WBGene00019111,116,662,778
WBGene00019112,10,12,22
WBGene00019113,86,328,414
WBGene00019114,12,186,198
WBGene00019115,7,73,80
WBGene00019116,20,351,371
WBGene00019118,22,1234,1256
WBGene00019119,2,3,5
WBGene00019120,37,1378,1415
WBGene00019121,32,1550,1582
WBGene00019122,7,310,317
WBGene00019123,4,2,6
WBGene00019124,215,2965,3180
WBGene00019125,26,328,354
WBGene00019126,53,1850,1903
WBGene00019127,63,809,872
WBGene00019128,166,406,572
WBGene00019129,93,541,634
WBGene00019130,95,409,504
WBGene00019132,16,45,61
WBGene00019133,3,3,6
WBGene00019136,0,0,0
WBGene00019138,2,5,7
WBGene00019139,11,108,119
WBGene00019140,14,120,134
WBGene00019141,21,321,342
WBGene00019142,26,481,507
WBGene00019143,62,894,956
WBGene00019144,7,30,37
WBGene00019145,0,1,1
WBGene00019146,0,16,16
WBGene00019148,48,623,671
WBGene00019149,41,174,215
WBGene00019150,27,24,51
WBGene00019151,0,5,5
WBGene00019152,49,654,703
WBGene00019153,3,358,361
WBGene00019154,25,718,743
WBGene00019155,6,2,8
WBGene00019156,64,1030,1094
WBGene00019157,520,1240,1760
WBGene00019158,66,1906,1972
WBGene00019159,5,6,11
WBGene00019160,755,79385,80140
WBGene00019162,97,17933,18030
WBGene00019163,197,2015,2212
WBGene00019164,22,214,236
WBGene00019165,0,6,6
WBGene00019166,316,533,849
WBGene00019167,203,1377,1580
WBGene00019168,1499,12964,14463
WBGene00019169,4,14,18
WBGene00019170,222,2892,3114
WBGene00019171,11,4,15
WBGene00019174,140,131,271
WBGene00019177,11,351,362
WBGene00019178,3,4,7
WBGene00019179,0,3,3
WBGene00019180,481,1016,1497
WBGene00019182,28,143,171
WBGene00019183,819,38,857
WBGene00019184,72,733,805
WBGene00019185,44,1153,1197
WBGene00019186,2,3,5
WBGene00019187,48,214,262
WBGene00019188,190,1517,1707
WBGene00019189,0,14,14
WBGene00019190,17,3,20
WBGene00019192,0,0,0
WBGene00019194,20,23,43
WBGene00019196,26,1692,1718
WBGene00019197,0,33,33
WBGene00019198,116,421,537
WBGene00019199,158,1226,1384
WBGene00019200,109,643,752
WBGene00019201,12,1,13
WBGene00019202,20,9,29
WBGene00019203,549,7223,7772
WBGene00019204,425,944,1369
WBGene00019205,1839,3713,5552
WBGene00019207,296,4431,4727
WBGene00019209,271,2846,3117
WBGene00019211,416,1251,1667
WBGene00019212,104,1211,1315
WBGene00019213,21,156,177
WBGene00019214,5,7,12
WBGene00019215,6,6,12
WBGene00019216,0,2,2
WBGene00019217,342,1983,2325
WBGene00019218,41,346,387
WBGene00019219,88,1173,1261
WBGene00019220,106,3361,3467
WBGene00019221,13,328,341
WBGene00019222,9,6,15
WBGene00019224,35,227,262
WBGene00019225,7,35,42
WBGene00019226,6,43,49
WBGene00019227,226,2227,2453
WBGene00019228,13,284,297
WBGene00019229,3,8,11
WBGene00019230,60,110,170
WBGene00019231,20,70,90
WBGene00019232,373,797,1170
WBGene00019233,16,42,58
WBGene00019234,40,471,511
WBGene00019235,5,22,27
WBGene00019236,37,183,220
WBGene00019237,280,1906,2186
WBGene00019239,37,14,51
WBGene00019240,189,2973,3162
WBGene00019241,291,1218,1509
WBGene00019242,24,23,47
WBGene00019243,2,288,290
WBGene00019244,41,319,360
WBGene00019245,185,1282,1467
WBGene00019246,535,3897,4432
WBGene00019247,16,213,229
WBGene00019248,263,348,611
WBGene00019249,525,8461,8986
WBGene00019250,1007,3010,4017
WBGene00019251,6,3,9
WBGene00019253,2,20,22
WBGene00019254,2,59,61
WBGene00019255,6,25,31
WBGene00019257,5,3,8
WBGene00019259,85,1772,1857
WBGene00019260,1,1,2
WBGene00019261,8,173,181
WBGene00019262,4,4,8
WBGene00019263,132,1094,1226
WBGene00019264,223,1076,1299
WBGene00019265,7,597,604
WBGene00019266,6,43,49
WBGene00019267,1,1,2
WBGene00019268,51,339,390
WBGene00019269,5,12,17
WBGene00019270,106,194,300
WBGene00019272,117,531,648
WBGene00019273,5,40,45
WBGene00019274,122,642,764
WBGene00019275,220,1251,1471
WBGene00019276,147,1426,1573
WBGene00019277,166,2330,2496
WBGene00019279,2908,2301,5209
WBGene00019280,68,971,1039
WBGene00019281,1,1,2
WBGene00019282,1402,51564,52966
WBGene00019283,0,0,0
WBGene00019284,63,1603,1666
WBGene00019285,77,615,692
WBGene00019286,146,203,349
WBGene00019287,27,110,137
WBGene00019288,1,1,2
WBGene00019289,157,1249,1406
WBGene00019290,10,168,178
WBGene00019292,0,0,0
WBGene00019293,7,273,280
WBGene00019294,300,3183,3483
WBGene00019295,273,2234,2507
WBGene00019296,34,2256,2290
WBGene00019297,3,3,6
WBGene00019298,94,1105,1199
WBGene00019299,87,727,814
WBGene00019300,39,786,825
WBGene00019301,543,5874,6417
WBGene00019302,5,3,8
WBGene00019303,67,41,108
WBGene00019304,19,374,393
WBGene00019305,75,2216,2291
WBGene00019306,9,92,101
WBGene00019309,3,14,17
WBGene00019312,0,22,22
WBGene00019313,1,3,4
WBGene00019314,3,9,12
WBGene00019315,209,2390,2599
WBGene00019316,5,132,137
WBGene00019317,80,592,672
WBGene00019318,102,181,283
WBGene00019319,49,384,433
WBGene00019320,15,76,91
WBGene00019321,51,348,399
WBGene00019322,179,43278,43457
WBGene00019323,865,3530,4395
WBGene00019324,576,14520,15096
WBGene00019326,126,1504,1630
WBGene00019327,415,14878,15293
WBGene00019328,318,3325,3643
WBGene00019329,167,628,795
WBGene00019331,68,222,290
WBGene00019332,1430,12983,14413
WBGene00019333,347,3466,3813
WBGene00019334,20,1377,1397
WBGene00019335,0,35,35
WBGene00019337,11,5,16
WBGene00019338,4,2,6
WBGene00019339,0,131,131
WBGene00019340,0,2,2
WBGene00019341,3,3,6
WBGene00019342,0,84,84
WBGene00019343,33,50,83
WBGene00019344,67,499,566
WBGene00019345,49,294,343
WBGene00019346,14,235,249
WBGene00019347,571,403,974
WBGene00019348,2,14,16
WBGene00019349,0,4,4
WBGene00019350,4,3,7
WBGene00019351,63,942,1005
WBGene00019352,90,583,673
WBGene00019353,41,1154,1195
WBGene00019354,56,1427,1483
WBGene00019355,212,2217,2429
WBGene00019356,1,3,4
WBGene00019357,0,9644,9644
WBGene00019359,64,12,76
WBGene00019360,42,124,166
WBGene00019361,112,1803,1915
WBGene00019362,124,273,397
WBGene00019364,16,275,291
WBGene00019365,159,2095,2254
WBGene00019367,5,21,26
WBGene00019368,37,128,165
WBGene00019369,14,32,46
WBGene00019370,72,232,304
WBGene00019371,1,0,1
WBGene00019372,2,59,61
WBGene00019373,37,571,608
WBGene00019374,37,357,394
WBGene00019376,2,6,8
WBGene00019379,6,18,24
WBGene00019380,447,3711,4158
WBGene00019381,0,9382,9382
WBGene00019382,5,21,26
WBGene00019383,2,0,2
WBGene00019386,4,6,10
WBGene00019387,2,5,7
WBGene00019388,7,60,67
WBGene00019389,3,14,17
WBGene00019391,20,50,70
WBGene00019392,4,1,5
WBGene00019393,11,12,23
WBGene00019394,103,377,480
WBGene00019395,41,160,201
WBGene00019396,71,1016,1087
WBGene00019399,41,2126,2167
WBGene00019400,176,1564,1740
WBGene00019401,167,8420,8587
WBGene00019402,122,3757,3879
WBGene00019403,116,783,899
WBGene00019404,7,22,29
WBGene00019405,6,10,16
WBGene00019406,8,24,32
WBGene00019407,171,1057,1228
WBGene00019408,95,945,1040
WBGene00019409,1,2,3
WBGene00019410,1,2,3
WBGene00019411,3,46,49
WBGene00019412,0,0,0
WBGene00019413,1,3,4
WBGene00019414,0,5,5
WBGene00019415,1,7,8
WBGene00019416,5,16,21
WBGene00019417,1,2,3
WBGene00019418,1,2,3
WBGene00019419,1,1,2
WBGene00019420,0,0,0
WBGene00019421,3,3,6
WBGene00019422,0,8,8
WBGene00019423,33,9,42
WBGene00019424,32,234,266
WBGene00019425,1,3,4
WBGene00019426,5,191,196
WBGene00019427,55,1094,1149
WBGene00019428,383,947,1330
WBGene00019429,63,811,874
WBGene00019430,1,84,85
WBGene00019431,17,20,37
WBGene00019432,206,4103,4309
WBGene00019433,114,6839,6953
WBGene00019434,437,659,1096
WBGene00019435,31,123,154
WBGene00019436,64,569,633
WBGene00019437,287,1811,2098
WBGene00019438,0,0,0
WBGene00019442,0,0,0
WBGene00019443,29,5,34
WBGene00019444,31,61,92
WBGene00019445,41,109,150
WBGene00019448,44,476,520
WBGene00019449,1,0,1
WBGene00019450,2,2,4
WBGene00019451,3,0,3
WBGene00019452,3,2,5
WBGene00019453,5,0,5
WBGene00019455,15,93,108
WBGene00019456,70,454,524
WBGene00019457,287,1532,1819
WBGene00019458,60,455,515
WBGene00019459,6,5,11
WBGene00019460,56,857,913
WBGene00019461,27,22,49
WBGene00019462,285,130,415
WBGene00019464,10,488,498
WBGene00019465,432,3548,3980
WBGene00019466,1633,32976,34609
WBGene00019467,16,1770,1786
WBGene00019470,0,1,1
WBGene00019471,3,3,6
WBGene00019472,5,6,11
WBGene00019473,2,11,13
WBGene00019476,54,528,582
WBGene00019477,9,96,105
WBGene00019478,888,6306,7194
WBGene00019479,284,3148,3432
WBGene00019480,124,1312,1436
WBGene00019481,109,3262,3371
WBGene00019482,46,670,716
WBGene00019483,12,9,21
WBGene00019484,5,422,427
WBGene00019485,151,449,600
WBGene00019486,3,18,21
WBGene00019487,38,411,449
WBGene00019488,225,3746,3971
WBGene00019489,42,1238,1280
WBGene00019490,86,1466,1552
WBGene00019491,45,710,755
WBGene00019492,1106,4112,5218
WBGene00019493,28,179,207
WBGene00019495,30,665,695
WBGene00019496,28,161,189
WBGene00019497,49,919,968
WBGene00019498,90,726,816
WBGene00019501,2,1,3
WBGene00019502,1,3,4
WBGene00019503,58,510,568
WBGene00019504,22,1689,1711
WBGene00019506,5,28,33
WBGene00019507,1,2,3
WBGene00019508,6,62,68
WBGene00019509,5,128,133
WBGene00019510,943,38233,39176
WBGene00019511,131,2386,2517
WBGene00019512,7,21,28
WBGene00019513,38,736,774
WBGene00019514,1,5,6
WBGene00019515,11,94,105
WBGene00019516,22,102,124
WBGene00019518,23,88,111
WBGene00019519,149,402,551
WBGene00019520,4,280,284
WBGene00019521,143,2582,2725
WBGene00019522,156,645,801
WBGene00019524,1,2,3
WBGene00019525,148,1430,1578
WBGene00019527,2,6,8
WBGene00019529,0,1,1
WBGene00019530,0,11,11
WBGene00019531,1,1,2
WBGene00019533,1,5,6
WBGene00019534,1,0,1
WBGene00019535,8,184,192
WBGene00019536,121,123,244
WBGene00019537,0,47868,47868
WBGene00019538,62,456,518
WBGene00019540,153,6972,7125
WBGene00019541,5,152,157
WBGene00019543,520,5094,5614
WBGene00019544,90,1545,1635
WBGene00019545,44,253,297
WBGene00019546,49,463,512
WBGene00019547,11,9,20
WBGene00019548,3,0,3
WBGene00019549,7,1,8
WBGene00019550,5,28,33
WBGene00019551,1,211,212
WBGene00019552,4,0,4
WBGene00019553,2,78,80
WBGene00019554,44,539,583
WBGene00019556,8,13,21
WBGene00019557,6,4,10
WBGene00019558,3,0,3
WBGene00019559,3,0,3
WBGene00019560,1,1,2
WBGene00019561,2,7,9
WBGene00019562,1,2,3
WBGene00019563,1,26,27
WBGene00019564,73,703,776
WBGene00019565,3,9,12
WBGene00019566,0,2,2
WBGene00019567,1,3,4
WBGene00019570,21,74,95
WBGene00019571,154,30,184
WBGene00019572,0,41,41
WBGene00019574,0,1,1
WBGene00019576,1,36,37
WBGene00019577,13,80,93
WBGene00019578,1,13,14
WBGene00019579,7,27,34
WBGene00019580,1,6,7
WBGene00019582,6,10,16
WBGene00019583,1,6,7
WBGene00019584,4,5,9
WBGene00019586,6,13,19
WBGene00019587,1,3,4
WBGene00019588,0,9,9
WBGene00019589,53,84,137
WBGene00019590,5,2,7
WBGene00019591,1,1,2
WBGene00019592,0,308,308
WBGene00019593,17,552,569
WBGene00019594,29,11,40
WBGene00019595,17,476,493
WBGene00019597,68,557,625
WBGene00019598,0,5,5
WBGene00019599,51,317,368
WBGene00019600,6,148,154
WBGene00019601,7,22,29
WBGene00019602,1,1,2
WBGene00019603,30,486,516
WBGene00019604,0,0,0
WBGene00019605,28,177,205
WBGene00019606,0,51,51
WBGene00019607,828,5877,6705
WBGene00019608,31,484,515
WBGene00019609,366,1585,1951
WBGene00019611,15,510,525
WBGene00019612,202,1374,1576
WBGene00019613,4,6,10
WBGene00019614,3,0,3
WBGene00019615,116,464,580
WBGene00019616,23,172,195
WBGene00019617,43,817,860
WBGene00019618,13,38,51
WBGene00019619,31,272,303
WBGene00019620,91,3383,3474
WBGene00019621,0,0,0
WBGene00019622,0,5,5
WBGene00019623,86,904,990
WBGene00019624,440,3075,3515
WBGene00019625,16,8,24
WBGene00019626,5,2,7
WBGene00019627,114,964,1078
WBGene00019628,34,1641,1675
WBGene00019629,56,1193,1249
WBGene00019630,42,413,455
WBGene00019631,111,1763,1874
WBGene00019633,149,578,727
WBGene00019636,17,144,161
WBGene00019638,1,2,3
WBGene00019639,0,9,9
WBGene00019640,17,30,47
WBGene00019641,70,360,430
WBGene00019642,24,60,84
WBGene00019643,12,492,504
WBGene00019644,21,62,83
WBGene00019645,137,1704,1841
WBGene00019646,2,7,9
WBGene00019647,74,1542,1616
WBGene00019648,3,53,56
WBGene00019649,20,128,148
WBGene00019650,157,1126,1283
WBGene00019651,134,733,867
WBGene00019652,16,616,632
WBGene00019653,2,10,12
WBGene00019654,9,21,30
WBGene00019655,14,163,177
WBGene00019656,47,1769,1816
WBGene00019657,80,947,1027
WBGene00019658,152,1834,1986
WBGene00019659,3,28,31
WBGene00019660,4,133,137
WBGene00019661,2,54,56
WBGene00019662,6,12,18
WBGene00019663,25,1434,1459
WBGene00019664,329,3169,3498
WBGene00019665,35,282,317
WBGene00019666,30,490,520
WBGene00019667,4,11,15
WBGene00019668,0,1,1
WBGene00019669,21,113,134
WBGene00019670,0,0,0
WBGene00019673,50,855,905
WBGene00019674,5,14,19
WBGene00019675,1,0,1
WBGene00019677,99,381,480
WBGene00019678,399,2774,3173
WBGene00019679,291,3465,3756
WBGene00019680,0,17112,17112
WBGene00019681,1,1,2
WBGene00019682,71,632,703
WBGene00019683,422,102,524
WBGene00019684,7,10,17
WBGene00019685,1,2,3
WBGene00019686,279,1858,2137
WBGene00019687,1,0,1
WBGene00019688,8,11,19
WBGene00019689,3,7,10
WBGene00019690,2,3,5
WBGene00019691,18,81,99
WBGene00019692,25,293,318
WBGene00019693,65,4532,4597
WBGene00019697,486,1417,1903
WBGene00019698,469,4643,5112
WBGene00019699,10,0,10
WBGene00019700,2,2,4
WBGene00019702,0,1,1
WBGene00019703,0,0,0
WBGene00019704,1,0,1
WBGene00019705,0,23,23
WBGene00019709,0,0,0
WBGene00019710,9,409,418
WBGene00019711,98,2097,2195
WBGene00019712,40,400,440
WBGene00019713,100,609,709
WBGene00019714,0,0,0
WBGene00019715,117,953,1070
WBGene00019716,553,1447,2000
WBGene00019717,29,128,157
WBGene00019718,2,11,13
WBGene00019719,2805,12880,15685
WBGene00019720,93,677,770
WBGene00019721,18,9,27
WBGene00019722,3,31,34
WBGene00019723,2,144,146
WBGene00019724,114,492,606
WBGene00019725,21,375,396
WBGene00019726,425,748,1173
WBGene00019727,596,22552,23148
WBGene00019728,2,6,8
WBGene00019729,55,549,604
WBGene00019730,47,806,853
WBGene00019731,33,44,77
WBGene00019732,0,916,916
WBGene00019733,429,1607,2036
WBGene00019734,345,3881,4226
WBGene00019735,20,26,46
WBGene00019736,10,19,29
WBGene00019738,21,145,166
WBGene00019740,0,0,0
WBGene00019741,24,464,488
WBGene00019742,41,161,202
WBGene00019743,31,286,317
WBGene00019744,91,908,999
WBGene00019745,1,4,5
WBGene00019746,88,180,268
WBGene00019747,412,1731,2143
WBGene00019748,157,2817,2974
WBGene00019749,71,530,601
WBGene00019750,1468,1255,2723
WBGene00019751,122,1371,1493
WBGene00019753,64,378,442
WBGene00019754,9,221,230
WBGene00019755,1,10,11
WBGene00019756,11,40,51
WBGene00019757,176,670,846
WBGene00019758,1,22,23
WBGene00019759,166,19559,19725
WBGene00019760,850,26471,27321
WBGene00019761,12,59,71
WBGene00019762,317,3222,3539
WBGene00019763,25,122,147
WBGene00019764,38,422,460
WBGene00019765,434,342,776
WBGene00019766,95,655,750
WBGene00019767,50,9841,9891
WBGene00019768,207,886,1093
WBGene00019769,3,91,94
WBGene00019770,2065,4616,6681
WBGene00019771,577,1958,2535
WBGene00019772,283,3644,3927
WBGene00019773,4,11,15
WBGene00019774,229,342,571
WBGene00019776,9,138,147
WBGene00019777,31,176,207
WBGene00019778,36,691,727
WBGene00019779,33,192,225
WBGene00019780,208,16676,16884
WBGene00019781,147,940,1087
WBGene00019782,4,20,24
WBGene00019783,9,3,12
WBGene00019784,5,13,18
WBGene00019785,3,11,14
WBGene00019786,199,715,914
WBGene00019787,126,567,693
WBGene00019788,0,29,29
WBGene00019791,0,3,3
WBGene00019792,52,392,444
WBGene00019793,0,0,0
WBGene00019794,2,3,5
WBGene00019795,1,1,2
WBGene00019796,4,6,10
WBGene00019797,0,0,0
WBGene00019798,2,2,4
WBGene00019799,2,12,14
WBGene00019800,18,4963,4981
WBGene00019801,170,1153,1323
WBGene00019803,4,65,69
WBGene00019804,10,1,11
WBGene00019805,24,250,274
WBGene00019806,5,294,299
WBGene00019807,74,498,572
WBGene00019808,77,2086,2163
WBGene00019809,0,2,2
WBGene00019810,3,41,44
WBGene00019811,2,72,74
WBGene00019812,152,198,350
WBGene00019813,43,1761,1804
WBGene00019814,1,42,43
WBGene00019815,4,2,6
WBGene00019816,98,475,573
WBGene00019817,7,85,92
WBGene00019818,100,943,1043
WBGene00019819,129,4617,4746
WBGene00019820,64,1433,1497
WBGene00019821,79,1396,1475
WBGene00019822,74,909,983
WBGene00019823,154,2358,2512
WBGene00019824,76,670,746
WBGene00019825,67,392,459
WBGene00019826,0,2,2
WBGene00019827,152,1183,1335
WBGene00019828,132,116,248
WBGene00019829,20,616,636
WBGene00019830,37,575,612
WBGene00019831,224,16778,17002
WBGene00019832,137,403,540
WBGene00019833,6,62,68
WBGene00019834,0,12,12
WBGene00019835,0,0,0
WBGene00019836,82,1345,1427
WBGene00019837,42,170,212
WBGene00019838,343,3782,4125
WBGene00019839,6,989,995
WBGene00019840,11,328,339
WBGene00019841,73,1607,1680
WBGene00019842,778,818,1596
WBGene00019843,67,869,936
WBGene00019844,173,613,786
WBGene00019845,17,75,92
WBGene00019846,8,64,72
WBGene00019847,177,1171,1348
WBGene00019849,7,47,54
WBGene00019850,2,0,2
WBGene00019851,2,7,9
WBGene00019854,152,233,385
WBGene00019855,254,1569,1823
WBGene00019856,3,0,3
WBGene00019857,0,1,1
WBGene00019858,12,150,162
WBGene00019859,1,48,49
WBGene00019861,6,19,25
WBGene00019862,23,843,866
WBGene00019863,254,676,930
WBGene00019864,62,550,612
WBGene00019865,14,98,112
WBGene00019866,17,131,148
WBGene00019867,111,812,923
WBGene00019868,50,588,638
WBGene00019869,19,22,41
WBGene00019870,14,700,714
WBGene00019871,27,1042,1069
WBGene00019872,248,673,921
WBGene00019873,69,551,620
WBGene00019874,6,35,41
WBGene00019875,142,2517,2659
WBGene00019877,40,1558,1598
WBGene00019878,18,130,148
WBGene00019879,0,0,0
WBGene00019880,0,0,0
WBGene00019881,123,1114,1237
WBGene00019882,279,1649,1928
WBGene00019883,87,1958,2045
WBGene00019884,103,1009,1112
WBGene00019885,70,424,494
WBGene00019886,2,5,7
WBGene00019887,9,18,27
WBGene00019888,222,2929,3151
WBGene00019890,21,4808,4829
WBGene00019891,8,9,17
WBGene00019892,45,865,910
WBGene00019893,100,10447,10547
WBGene00019894,14,160,174
WBGene00019895,145,1296,1441
WBGene00019896,41,199,240
WBGene00019898,135,1311,1446
WBGene00019899,144,443,587
WBGene00019900,690,53913,54603
WBGene00019901,16,641,657
WBGene00019902,263,911,1174
WBGene00019903,1,2,3
WBGene00019904,98,1332,1430
WBGene00019905,1,3,4
WBGene00019906,3,50,53
WBGene00019907,27,265,292
WBGene00019908,438,2029,2467
WBGene00019909,35,46,81
WBGene00019911,81,795,876
WBGene00019913,17,15,32
WBGene00019914,46,128,174
WBGene00019915,148,745,893
WBGene00019916,0,1,1
WBGene00019917,2,22,24
WBGene00019918,26,200,226
WBGene00019919,0,3,3
WBGene00019920,0,2,2
WBGene00019921,2,13,15
WBGene00019922,7,53,60
WBGene00019923,0,2,2
WBGene00019924,33,290,323
WBGene00019925,0,0,0
WBGene00019926,3,4,7
WBGene00019927,3,14,17
WBGene00019928,12,31,43
WBGene00019929,1,4,5
WBGene00019931,1,3,4
WBGene00019933,6,3,9
WBGene00019935,79,173,252
WBGene00019937,0,8187,8187
WBGene00019938,80,507,587
WBGene00019939,12,56,68
WBGene00019940,323,5529,5852
WBGene00019941,166,4360,4526
WBGene00019943,108,906,1014
WBGene00019944,57,1932,1989
WBGene00019945,0,0,0
WBGene00019946,118,3172,3290
WBGene00019947,39,25247,25286
WBGene00019948,15,71,86
WBGene00019949,3,2,5
WBGene00019950,5,9,14
WBGene00019951,5,25,30
WBGene00019952,0,266,266
WBGene00019953,203,3355,3558
WBGene00019954,0,1,1
WBGene00019955,339,777,1116
WBGene00019956,0,34,34
WBGene00019957,35,233,268
WBGene00019959,63,599,662
WBGene00019960,122,612,734
WBGene00019961,1,54,55
WBGene00019962,53,684,737
WBGene00019963,23,847,870
WBGene00019964,9,8,17
WBGene00019965,38,142,180
WBGene00019966,4,8,12
WBGene00019967,42,814,856
WBGene00019968,19,528,547
WBGene00019970,1,28,29
WBGene00019971,89,1626,1715
WBGene00019972,11,13,24
WBGene00019973,9,41,50
WBGene00019975,190,1378,1568
WBGene00019977,14,27,41
WBGene00019978,16,115,131
WBGene00019979,21,171,192
WBGene00019980,1,1,2
WBGene00019981,15,2,17
WBGene00019982,17,41,58
WBGene00019983,73,5498,5571
WBGene00019986,15,97,112
WBGene00019987,9,466,475
WBGene00019988,13,1449,1462
WBGene00019989,1,15,16
WBGene00019991,1,2,3
WBGene00019992,2,0,2
WBGene00019993,27,1652,1679
WBGene00019994,306,473,779
WBGene00019995,30,231,261
WBGene00019996,2,6,8
WBGene00019997,16,50,66
WBGene00019998,492,3427,3919
WBGene00019999,57,203,260
WBGene00020003,20,30,50
WBGene00020004,4,13,17
WBGene00020006,66,732,798
WBGene00020007,101,4196,4297
WBGene00020008,36,347,383
WBGene00020009,14,271,285
WBGene00020010,27,82,109
WBGene00020011,626,73,699
WBGene00020012,198,3783,3981
WBGene00020013,2,2,4
WBGene00020014,9,155,164
WBGene00020015,1,11,12
WBGene00020016,6,4,10
WBGene00020017,6,148,154
WBGene00020018,70,596,666
WBGene00020019,21,36,57
WBGene00020020,96,15,111
WBGene00020021,3,4,7
WBGene00020022,45,974,1019
WBGene00020023,43,366,409
WBGene00020024,2,1,3
WBGene00020025,78,4591,4669
WBGene00020026,192,1891,2083
WBGene00020027,148,2402,2550
WBGene00020029,178,2044,2222
WBGene00020030,36,551,587
WBGene00020031,162,1548,1710
WBGene00020032,3,9,12
WBGene00020033,445,3703,4148
WBGene00020034,17,107,124
WBGene00020035,7,78,85
WBGene00020036,217,2703,2920
WBGene00020037,44,3452,3496
WBGene00020038,261,3544,3805
WBGene00020039,110,2325,2435
WBGene00020040,115,941,1056
WBGene00020041,2,7,9
WBGene00020042,0,2,2
WBGene00020043,48,577,625
WBGene00020044,1,1,2
WBGene00020045,102,827,929
WBGene00020046,18,22,40
WBGene00020047,41,402,443
WBGene00020048,17,155,172
WBGene00020049,25,1076,1101
WBGene00020050,25,182,207
WBGene00020051,123,1756,1879
WBGene00020052,18,755,773
WBGene00020053,0,14,14
WBGene00020054,150,7517,7667
WBGene00020055,0,4,4
WBGene00020056,1,3,4
WBGene00020057,5,4,9
WBGene00020058,211,1527,1738
WBGene00020060,9,16,25
WBGene00020062,10,514,524
WBGene00020063,1,1,2
WBGene00020064,142,865,1007
WBGene00020066,2,50,52
WBGene00020067,0,0,0
WBGene00020068,427,5219,5646
WBGene00020069,197,702,899
WBGene00020070,0,14,14
WBGene00020071,0,0,0
WBGene00020072,0,0,0
WBGene00020073,0,1,1
WBGene00020076,0,0,0
WBGene00020077,1,1,2
WBGene00020078,5,1,6
WBGene00020080,27,5,32
WBGene00020082,362,1693,2055
WBGene00020083,81,606,687
WBGene00020084,5,12,17
WBGene00020086,54,146,200
WBGene00020088,39,140,179
WBGene00020089,620,1886,2506
WBGene00020090,129,484,613
WBGene00020091,20,217,237
WBGene00020092,446,2269,2715
WBGene00020093,71,316,387
WBGene00020094,55,839,894
WBGene00020095,34,631,665
WBGene00020096,14,735,749
WBGene00020097,1667,12265,13932
WBGene00020098,25,363,388
WBGene00020099,161,837,998
WBGene00020100,68,229,297
WBGene00020101,117,925,1042
WBGene00020102,242,1660,1902
WBGene00020103,2,167,169
WBGene00020104,33,782,815
WBGene00020105,89,228,317
WBGene00020106,325,1952,2277
WBGene00020107,125,3939,4064
WBGene00020109,0,39,39
WBGene00020110,0,1236,1236
WBGene00020111,0,168,168
WBGene00020112,0,4569,4569
WBGene00020113,0,5,5
WBGene00020114,3462,10793,14255
WBGene00020115,610,4930,5540
WBGene00020116,7,2,9
WBGene00020117,2,7,9
WBGene00020118,2,3,5
WBGene00020119,0,0,0
WBGene00020120,0,0,0
WBGene00020121,1,1,2
WBGene00020122,0,8,8
WBGene00020123,3,2,5
WBGene00020125,21,242,263
WBGene00020126,157,2698,2855
WBGene00020127,1,0,1
WBGene00020128,188,101,289
WBGene00020129,3,2,5
WBGene00020130,29,117,146
WBGene00020131,1054,3940,4994
WBGene00020134,808,538,1346
WBGene00020135,81,1183,1264
WBGene00020136,1,9,10
WBGene00020137,29,436,465
WBGene00020138,8,59,67
WBGene00020139,52,917,969
WBGene00020140,0,6,6
WBGene00020141,31,454,485
WBGene00020142,254,1973,2227
WBGene00020143,894,9770,10664
WBGene00020144,22,19,41
WBGene00020146,158,8762,8920
WBGene00020148,21,294,315
WBGene00020149,68,2060,2128
WBGene00020150,8,2,10
WBGene00020151,2,71,73
WBGene00020152,20,37,57
WBGene00020153,6,121,127
WBGene00020154,0,9,9
WBGene00020155,35,33294,33329
WBGene00020156,119,23579,23698
WBGene00020157,29,36,65
WBGene00020158,39,498,537
WBGene00020160,178,1450,1628
WBGene00020163,87,396,483
WBGene00020166,143,1960,2103
WBGene00020168,14,180,194
WBGene00020169,47,1368,1415
WBGene00020170,55,52,107
WBGene00020171,535,2053,2588
WBGene00020172,94,559,653
WBGene00020173,1,1,2
WBGene00020174,2,0,2
WBGene00020175,8,29,37
WBGene00020176,1,4,5
WBGene00020177,0,0,0
WBGene00020178,0,1,1
WBGene00020179,1,14,15
WBGene00020180,0,0,0
WBGene00020181,5101,41859,46960
WBGene00020182,0,13,13
WBGene00020183,20,287,307
WBGene00020184,29,1432,1461
WBGene00020185,36,10347,10383
WBGene00020187,19,164,183
WBGene00020188,4,60,64
WBGene00020189,167,380,547
WBGene00020190,551,4323,4874
WBGene00020191,8,63,71
WBGene00020192,37,4370,4407
WBGene00020193,49,618,667
WBGene00020194,190,2400,2590
WBGene00020195,59,5886,5945
WBGene00020196,137,261,398
WBGene00020197,61,1314,1375
WBGene00020199,12,551,563
WBGene00020200,369,5056,5425
WBGene00020201,3,6,9
WBGene00020202,1,1,2
WBGene00020203,18,6,24
WBGene00020205,0,13,13
WBGene00020207,178,1204,1382
WBGene00020208,524,1124,1648
WBGene00020209,1149,4914,6063
WBGene00020210,0,9,9
WBGene00020211,0,4,4
WBGene00020212,39,46,85
WBGene00020214,56,473,529
WBGene00020215,150,2248,2398
WBGene00020216,89,12344,12433
WBGene00020217,3,4,7
WBGene00020218,17,97,114
WBGene00020219,55,413,468
WBGene00020220,23,13,36
WBGene00020221,0,147,147
WBGene00020222,18,477,495
WBGene00020223,9,28,37
WBGene00020224,41,271,312
WBGene00020225,11,8,19
WBGene00020227,0,15,15
WBGene00020228,2,3,5
WBGene00020229,1339,8663,10002
WBGene00020230,462,2141,2603
WBGene00020231,75,98,173
WBGene00020232,2,5,7
WBGene00020233,13,98,111
WBGene00020234,434,2282,2716
WBGene00020235,169,1134,1303
WBGene00020236,32,41,73
WBGene00020237,4,2472,2476
WBGene00020239,1,3,4
WBGene00020240,0,0,0
WBGene00020241,0,12,12
WBGene00020242,0,237,237
WBGene00020243,2,9,11
WBGene00020244,0,13,13
WBGene00020245,6,347,353
WBGene00020246,209,8057,8266
WBGene00020247,4,22,26
WBGene00020248,27,657,684
WBGene00020249,236,1009,1245
WBGene00020250,17,361,378
WBGene00020251,725,3870,4595
WBGene00020252,6,7,13
WBGene00020254,11,16,27
WBGene00020256,5,42,47
WBGene00020258,22,127,149
WBGene00020259,62,748,810
WBGene00020260,282,2145,2427
WBGene00020261,0,5,5
WBGene00020262,2,17,19
WBGene00020263,266,1075,1341
WBGene00020264,40,271,311
WBGene00020265,1,2,3
WBGene00020266,7,15,22
WBGene00020267,20,124,144
WBGene00020268,256,2104,2360
WBGene00020269,180,9520,9700
WBGene00020270,3,51,54
WBGene00020273,359,1389,1748
WBGene00020274,99,1628,1727
WBGene00020275,4561,44346,48907
WBGene00020276,0,154,154
WBGene00020277,2,33,35
WBGene00020279,192,796,988
WBGene00020280,9,45,54
WBGene00020281,33,79,112
WBGene00020282,1,3,4
WBGene00020283,56,262,318
WBGene00020284,492,2107,2599
WBGene00020285,5,29,34
WBGene00020286,15,1333,1348
WBGene00020287,289,2603,2892
WBGene00020288,7,4,11
WBGene00020289,2,7,9
WBGene00020290,0,3,3
WBGene00020291,3,0,3
WBGene00020292,2,1,3
WBGene00020293,3,5,8
WBGene00020294,426,1527,1953
WBGene00020295,39,365,404
WBGene00020296,139,1630,1769
WBGene00020297,1014,17992,19006
WBGene00020298,199,2083,2282
WBGene00020299,238,1201,1439
WBGene00020300,30,614,644
WBGene00020301,303,1088,1391
WBGene00020302,0,131,131
WBGene00020305,1,2,3
WBGene00020307,87,158,245
WBGene00020311,16,578,594
WBGene00020313,27,31,58
WBGene00020314,31,516,547
WBGene00020315,86,4759,4845
WBGene00020316,289,1116,1405
WBGene00020317,898,19374,20272
WBGene00020318,0,28,28
WBGene00020319,2,64,66
WBGene00020320,11,631,642
WBGene00020321,16,710,726
WBGene00020322,19,881,900
WBGene00020323,26,79,105
WBGene00020324,38,1780,1818
WBGene00020325,3,47,50
WBGene00020326,1,0,1
WBGene00020327,0,7,7
WBGene00020328,1,7,8
WBGene00020329,1,11,12
WBGene00020330,43,607,650
WBGene00020333,1,6,7
WBGene00020334,254,1967,2221
WBGene00020335,16,211,227
WBGene00020339,13,383,396
WBGene00020340,9,68,77
WBGene00020341,82,677,759
WBGene00020342,2,1,3
WBGene00020343,58,393,451
WBGene00020345,7,28,35
WBGene00020346,502,2435,2937
WBGene00020347,701,5590,6291
WBGene00020348,17,2069,2086
WBGene00020349,23,90,113
WBGene00020350,0,13,13
WBGene00020351,0,2,2
WBGene00020353,0,3,3
WBGene00020354,0,4,4
WBGene00020356,9,5,14
WBGene00020357,10,0,10
WBGene00020358,0,10,10
WBGene00020359,1,7,8
WBGene00020360,64,137,201
WBGene00020361,6,28,34
WBGene00020362,0,2,2
WBGene00020363,19,228,247
WBGene00020364,0,1,1
WBGene00020365,37,107,144
WBGene00020366,503,6556,7059
WBGene00020368,68,1857,1925
WBGene00020369,72,855,927
WBGene00020370,5,15,20
WBGene00020371,7,2,9
WBGene00020372,6,9,15
WBGene00020373,14,1020,1034
WBGene00020374,1499,2055,3554
WBGene00020375,7,244,251
WBGene00020376,44,443,487
WBGene00020377,45,196,241
WBGene00020378,43,379,422
WBGene00020379,76,3205,3281
WBGene00020380,10,227,237
WBGene00020381,15,59,74
WBGene00020382,1250,21840,23090
WBGene00020383,698,2932,3630
WBGene00020384,1,6,7
WBGene00020385,56,146,202
WBGene00020386,4,10,14
WBGene00020389,266,4041,4307
WBGene00020390,127,2182,2309
WBGene00020391,68,16863,16931
WBGene00020392,59,1361,1420
WBGene00020393,8,89,97
WBGene00020394,51,355,406
WBGene00020396,37,272,309
WBGene00020397,498,5467,5965
WBGene00020398,198,1803,2001
WBGene00020399,220,2466,2686
WBGene00020400,4,1,5
WBGene00020401,11,72,83
WBGene00020402,133,1532,1665
WBGene00020403,244,1602,1846
WBGene00020404,56,684,740
WBGene00020406,1,1,2
WBGene00020407,9,410,419
WBGene00020408,103,596,699
WBGene00020409,2,1,3
WBGene00020410,1,0,1
WBGene00020411,14,441,455
WBGene00020412,61,693,754
WBGene00020413,136,1372,1508
WBGene00020414,5,4,9
WBGene00020415,85,601,686
WBGene00020416,3,1,4
WBGene00020417,53,11014,11067
WBGene00020418,24,139,163
WBGene00020419,17,65,82
WBGene00020420,61,11,72
WBGene00020421,26,59,85
WBGene00020422,29,840,869
WBGene00020423,28,4161,4189
WBGene00020424,3,79,82
WBGene00020425,71,756,827
WBGene00020426,12,731,743
WBGene00020427,68,729,797
WBGene00020428,2,3,5
WBGene00020430,14,0,14
WBGene00020431,0,1,1
WBGene00020432,4,1,5
WBGene00020433,1,1,2
WBGene00020435,6,1,7
WBGene00020436,79,96,175
WBGene00020437,46,5034,5080
WBGene00020438,0,2,2
WBGene00020439,7,1,8
WBGene00020440,1,1,2
WBGene00020441,216,1352,1568
WBGene00020442,57,1485,1542
WBGene00020443,297,1310,1607
WBGene00020444,19,55,74
WBGene00020445,62,455,517
WBGene00020446,33,1276,1309
WBGene00020447,179,2361,2540
WBGene00020448,0,9,9
WBGene00020449,2,12,14
WBGene00020450,14,308,322
WBGene00020451,30,382,412
WBGene00020452,0,1,1
WBGene00020453,6,64,70
WBGene00020454,5,4,9
WBGene00020455,3,20,23
WBGene00020456,1,49,50
WBGene00020457,24,795,819
WBGene00020459,112,54,166
WBGene00020460,3,21,24
WBGene00020461,32,110,142
WBGene00020462,139,824,963
WBGene00020463,39,590,629
WBGene00020464,13,549,562
WBGene00020465,27,63,90
WBGene00020466,16,501,517
WBGene00020467,13,63,76
WBGene00020468,2,9,11
WBGene00020469,0,171,171
WBGene00020471,395,2630,3025
WBGene00020472,11,45,56
WBGene00020473,0,0,0
WBGene00020474,10,15,25
WBGene00020475,176,2259,2435
WBGene00020476,4,2,6
WBGene00020478,139,363,502
WBGene00020479,311,2610,2921
WBGene00020480,104,948,1052
WBGene00020481,132,1965,2097
WBGene00020482,23,101,124
WBGene00020483,1,48,49
WBGene00020484,1,54,55
WBGene00020485,8,40,48
WBGene00020486,100,620,720
WBGene00020487,9,193,202
WBGene00020488,1,50,51
WBGene00020489,107,620,727
WBGene00020490,343,1590,1933
WBGene00020491,49,478,527
WBGene00020492,581,2,583
WBGene00020494,5,27,32
WBGene00020496,374,3020,3394
WBGene00020497,1,1858,1859
WBGene00020498,129,1397,1526
WBGene00020499,257,1491,1748
WBGene00020500,89,951,1040
WBGene00020501,144,1237,1381
WBGene00020502,143,840,983
WBGene00020503,16,47,63
WBGene00020504,422,1351,1773
WBGene00020505,12,43,55
WBGene00020506,124,348,472
WBGene00020507,68,3289,3357
WBGene00020508,17,512,529
WBGene00020509,167,1836,2003
WBGene00020510,25,932,957
WBGene00020511,222,4341,4563
WBGene00020515,2,1,3
WBGene00020516,13,78,91
WBGene00020517,53,2902,2955
WBGene00020520,5,0,5
WBGene00020522,8,5,13
WBGene00020523,5,5,10
WBGene00020524,19,17,36
WBGene00020525,1,0,1
WBGene00020526,4,2,6
WBGene00020527,43,103,146
WBGene00020528,25,69,94
WBGene00020529,0,5,5
WBGene00020530,245,2606,2851
WBGene00020531,7,25,32
WBGene00020532,4,10,14
WBGene00020533,0,2,2
WBGene00020534,0,0,0
WBGene00020535,0,1,1
WBGene00020536,0,0,0
WBGene00020537,0,8,8
WBGene00020539,0,0,0
WBGene00020540,38,469,507
WBGene00020541,2,2,4
WBGene00020542,2,4,6
WBGene00020543,0,0,0
WBGene00020544,0,0,0
WBGene00020546,3,0,3
WBGene00020548,0,0,0
WBGene00020549,5,4176,4181
WBGene00020550,2,130,132
WBGene00020551,29,216,245
WBGene00020553,81,2393,2474
WBGene00020554,51,662,713
WBGene00020555,9,58,67
WBGene00020556,91,984,1075
WBGene00020557,279,2014,2293
WBGene00020558,66,523,589
WBGene00020559,59,282,341
WBGene00020560,184,130,314
WBGene00020561,795,7049,7844
WBGene00020562,186,2641,2827
WBGene00020563,275,3168,3443
WBGene00020564,68,216,284
WBGene00020565,19,1134,1153
WBGene00020566,37,594,631
WBGene00020567,17,70,87
WBGene00020568,301,2442,2743
WBGene00020569,96,526,622
WBGene00020571,26,100,126
WBGene00020572,111,627,738
WBGene00020573,43,470,513
WBGene00020574,16,45,61
WBGene00020575,35,77,112
WBGene00020576,4,122,126
WBGene00020577,12,108,120
WBGene00020578,0,2,2
WBGene00020579,33,310,343
WBGene00020580,0,9,9
WBGene00020581,505,2374,2879
WBGene00020582,3,242,245
WBGene00020583,6,57,63
WBGene00020584,2,9,11
WBGene00020585,603,12016,12619
WBGene00020586,86,314,400
WBGene00020587,109,985,1094
WBGene00020588,118,2259,2377
WBGene00020589,856,9643,10499
WBGene00020590,45,108,153
WBGene00020592,111,1051,1162
WBGene00020593,32,432,464
WBGene00020594,2,21,23
WBGene00020595,33,351,384
WBGene00020596,63,817,880
WBGene00020597,0,6,6
WBGene00020598,4,0,4
WBGene00020599,67,150,217
WBGene00020600,169,1602,1771
WBGene00020601,68,2529,2597
WBGene00020602,8,23,31
WBGene00020603,0,0,0
WBGene00020604,44,3716,3760
WBGene00020605,88,1084,1172
WBGene00020607,5,2,7
WBGene00020608,5,13,18
WBGene00020609,5,0,5
WBGene00020611,7,2,9
WBGene00020612,34,247,281
WBGene00020613,0,0,0
WBGene00020616,7,49,56
WBGene00020617,1,44,45
WBGene00020618,1,9,10
WBGene00020620,9,3,12
WBGene00020623,0,1,1
WBGene00020624,1,2,3
WBGene00020625,35,1170,1205
WBGene00020626,22,146,168
WBGene00020627,69,58,127
WBGene00020628,124,1131,1255
WBGene00020629,62,1223,1285
WBGene00020630,79,810,889
WBGene00020631,1,6,7
WBGene00020633,50,1225,1275
WBGene00020634,17,57,74
WBGene00020635,8,11,19
WBGene00020636,69,13794,13863
WBGene00020637,4,3,7
WBGene00020638,3,13,16
WBGene00020639,0,2,2
WBGene00020640,1,1,2
WBGene00020642,7,5,12
WBGene00020645,2,44,46
WBGene00020646,8,55,63
WBGene00020647,69,1618,1687
WBGene00020648,4,14,18
WBGene00020649,57,326,383
WBGene00020650,2,15,17
WBGene00020651,82,734,816
WBGene00020652,9,72,81
WBGene00020653,2,11,13
WBGene00020655,5,7,12
WBGene00020656,0,8,8
WBGene00020657,106,164,270
WBGene00020658,34,1088,1122
WBGene00020659,4,435,439
WBGene00020660,3,82,85
WBGene00020661,0,6,6
WBGene00020662,120,1315,1435
WBGene00020663,45,161,206
WBGene00020664,72,602,674
WBGene00020665,0,7,7
WBGene00020666,4,3,7
WBGene00020667,2,7,9
WBGene00020669,11,2,13
WBGene00020670,0,2,2
WBGene00020672,363,66,429
WBGene00020673,52,694,746
WBGene00020674,9,21,30
WBGene00020675,21,325,346
WBGene00020678,47,614,661
WBGene00020679,290,10526,10816
WBGene00020680,2,16,18
WBGene00020681,0,0,0
WBGene00020682,368,3407,3775
WBGene00020683,112,8726,8838
WBGene00020684,1,113,114
WBGene00020685,1,0,1
WBGene00020686,7,8,15
WBGene00020687,124,2944,3068
WBGene00020688,8,15,23
WBGene00020689,197,726,923
WBGene00020690,155,656,811
WBGene00020691,83,87,170
WBGene00020692,20,159,179
WBGene00020693,134,1229,1363
WBGene00020694,34,125,159
WBGene00020695,63,1277,1340
WBGene00020696,323,13143,13466
WBGene00020697,54,178,232
WBGene00020698,2,10,12
WBGene00020699,77,168,245
WBGene00020700,0,121,121
WBGene00020701,34,340,374
WBGene00020702,10,9,19
WBGene00020703,271,5322,5593
WBGene00020704,5,21,26
WBGene00020705,293,1354,1647
WBGene00020706,292,671,963
WBGene00020707,9,10,19
WBGene00020708,8,114,122
WBGene00020709,18,1105,1123
WBGene00020710,40,3278,3318
WBGene00020712,76,251,327
WBGene00020713,2,14,16
WBGene00020714,7,171,178
WBGene00020715,0,24,24
WBGene00020716,47,376,423
WBGene00020717,240,2033,2273
WBGene00020718,35,1622,1657
WBGene00020719,61,2138,2199
WBGene00020720,2,25,27
WBGene00020721,42,427,469
WBGene00020722,120,1363,1483
WBGene00020725,19,280,299
WBGene00020726,42,651,693
WBGene00020727,26,247,273
WBGene00020728,9,14,23
WBGene00020730,3,4,7
WBGene00020732,554,7248,7802
WBGene00020735,381,2248,2629
WBGene00020736,1209,2310,3519
WBGene00020737,61,262,323
WBGene00020738,245,3308,3553
WBGene00020740,18,410,428
WBGene00020741,8,234,242
WBGene00020742,182,1125,1307
WBGene00020743,32,300,332
WBGene00020744,4,349,353
WBGene00020746,2,15,17
WBGene00020747,3,25,28
WBGene00020748,6,14,20
WBGene00020749,6,17,23
WBGene00020750,4,11,15
WBGene00020752,0,1,1
WBGene00020753,0,1,1
WBGene00020754,0,0,0
WBGene00020755,1,2,3
WBGene00020756,116,1381,1497
WBGene00020757,25,613,638
WBGene00020758,82,214,296
WBGene00020759,13,59,72
WBGene00020760,14,136,150
WBGene00020761,84,513,597
WBGene00020762,149,2550,2699
WBGene00020763,169,738,907
WBGene00020764,1,15,16
WBGene00020765,53,243,296
WBGene00020766,12,204,216
WBGene00020767,86,1796,1882
WBGene00020769,3,7,10
WBGene00020770,309,854,1163
WBGene00020771,0,3,3
WBGene00020772,1,7,8
WBGene00020773,3,5,8
WBGene00020774,4,26,30
WBGene00020775,3,20,23
WBGene00020777,57,242,299
WBGene00020778,5,30,35
WBGene00020779,613,3041,3654
WBGene00020781,278,4008,4286
WBGene00020782,94,958,1052
WBGene00020783,47,254,301
WBGene00020784,197,1814,2011
WBGene00020785,6,18,24
WBGene00020786,25,198,223
WBGene00020787,6,17,23
WBGene00020788,17,178,195
WBGene00020789,2,9,11
WBGene00020790,57,501,558
WBGene00020791,5,7,12
WBGene00020792,3,14,17
WBGene00020793,28,18,46
WBGene00020794,5,12,17
WBGene00020795,13,2,15
WBGene00020796,56,3645,3701
WBGene00020797,15,13,28
WBGene00020798,46,390,436
WBGene00020799,18,162,180
WBGene00020800,33,310,343
WBGene00020801,18,673,691
WBGene00020802,2,28,30
WBGene00020803,110,1101,1211
WBGene00020804,0,11,11
WBGene00020805,0,12,12
WBGene00020806,25,269,294
WBGene00020807,20,57,77
WBGene00020808,18495,204647,223142
WBGene00020809,1,2,3
WBGene00020810,4,3,7
WBGene00020811,143,857,1000
WBGene00020812,674,10898,11572
WBGene00020813,22,10,32
WBGene00020817,12,237,249
WBGene00020819,27,274,301
WBGene00020820,26,517,543
WBGene00020821,144,2885,3029
WBGene00020822,109,675,784
WBGene00020823,114,580,694
WBGene00020824,275,1904,2179
WBGene00020825,90,495,585
WBGene00020826,34,64,98
WBGene00020827,64,3892,3956
WBGene00020828,0,4,4
WBGene00020829,7,2,9
WBGene00020830,102,482,584
WBGene00020831,78,1686,1764
WBGene00020832,9,6,15
WBGene00020833,20,246,266
WBGene00020834,24,47,71
WBGene00020835,84,6,90
WBGene00020836,169,4740,4909
WBGene00020837,4,135,139
WBGene00020838,558,5579,6137
WBGene00020839,124,1826,1950
WBGene00020840,0,25,25
WBGene00020841,1,1,2
WBGene00020842,24,331,355
WBGene00020843,8,312,320
WBGene00020844,0,604,604
WBGene00020845,0,9,9
WBGene00020846,146,546,692
WBGene00020847,45,161,206
WBGene00020849,11,78,89
WBGene00020850,9,34,43
WBGene00020851,6,17,23
WBGene00020852,129,928,1057
WBGene00020853,18,141,159
WBGene00020854,452,15927,16379
WBGene00020855,112,586,698
WBGene00020856,1,4,5
WBGene00020857,11,27,38
WBGene00020858,54,73,127
WBGene00020859,3,4,7
WBGene00020860,0,68,68
WBGene00020861,179,697,876
WBGene00020862,248,2904,3152
WBGene00020863,9,28,37
WBGene00020864,26,24,50
WBGene00020865,51,756,807
WBGene00020866,336,1821,2157
WBGene00020867,391,2683,3074
WBGene00020868,1285,17241,18526
WBGene00020869,48,667,715
WBGene00020870,1,0,1
WBGene00020871,0,0,0
WBGene00020874,3,2,5
WBGene00020875,0,0,0
WBGene00020877,1,31,32
WBGene00020878,18,287,305
WBGene00020879,2,4,6
WBGene00020880,2,1,3
WBGene00020881,0,4,4
WBGene00020882,5,4,9
WBGene00020883,9,666,675
WBGene00020884,314,2826,3140
WBGene00020886,112,7836,7948
WBGene00020887,132,739,871
WBGene00020888,5,3,8
WBGene00020889,15,65,80
WBGene00020890,2,1,3
WBGene00020891,316,2551,2867
WBGene00020892,1,7,8
WBGene00020893,21,200,221
WBGene00020894,1698,52858,54556
WBGene00020895,795,5576,6371
WBGene00020896,2,342,344
WBGene00020897,338,2160,2498
WBGene00020898,11,251,262
WBGene00020899,0,19,19
WBGene00020900,4,8,12
WBGene00020901,105,812,917
WBGene00020902,754,3682,4436
WBGene00020903,42,23,65
WBGene00020904,83,117,200
WBGene00020905,0,2,2
WBGene00020906,8,77,85
WBGene00020907,8,21,29
WBGene00020908,47,469,516
WBGene00020909,100,523,623
WBGene00020910,23,279,302
WBGene00020911,15,249,264
WBGene00020912,103,2942,3045
WBGene00020913,0,28,28
WBGene00020914,7,8,15
WBGene00020915,274,24925,25199
WBGene00020917,308,2925,3233
WBGene00020918,1,17,18
WBGene00020919,35,765,800
WBGene00020920,226,652,878
WBGene00020921,62,1851,1913
WBGene00020922,0,0,0
WBGene00020923,0,19,19
WBGene00020924,33,262,295
WBGene00020927,61,10,71
WBGene00020929,153,1686,1839
WBGene00020930,2167,8518,10685
WBGene00020931,26,3891,3917
WBGene00020932,260,2570,2830
WBGene00020933,44,1424,1468
WBGene00020935,206,1453,1659
WBGene00020936,69,1934,2003
WBGene00020937,23,670,693
WBGene00020938,3,29,32
WBGene00020939,69,1301,1370
WBGene00020940,1,1,2
WBGene00020941,16,34,50
WBGene00020942,283,2057,2340
WBGene00020943,1,2,3
WBGene00020944,12,12,24
WBGene00020945,62,2,64
WBGene00020946,9,6,15
WBGene00020947,34,240,274
WBGene00020948,3,43,46
WBGene00020949,25,470,495
WBGene00020950,266,14444,14710
WBGene00020951,217,2736,2953
WBGene00020952,142,256,398
WBGene00020953,0,28,28
WBGene00020954,66,424,490
WBGene00020955,211,230,441
WBGene00020957,104,653,757
WBGene00020961,12,7,19
WBGene00020962,17,135,152
WBGene00020964,154,627,781
WBGene00020966,7,39,46
WBGene00020967,7,17,24
WBGene00020970,146,1291,1437
WBGene00020972,6,14,20
WBGene00020973,3,2,5
WBGene00020974,0,0,0
WBGene00020976,8,9,17
WBGene00020977,12,32,44
WBGene00020978,10,0,10
WBGene00020979,0,2,2
WBGene00020982,1,0,1
WBGene00020983,2,6,8
WBGene00020984,1,11,12
WBGene00020985,18,52,70
WBGene00020986,13,123,136
WBGene00020987,0,2,2
WBGene00020988,0,4,4
WBGene00020989,19,9,28
WBGene00020990,2,11,13
WBGene00020993,58,1810,1868
WBGene00020994,27,2506,2533
WBGene00020995,24,224,248
WBGene00020997,54,211,265
WBGene00020999,47,918,965
WBGene00021000,16,569,585
WBGene00021002,100,1288,1388
WBGene00021003,0,9,9
WBGene00021004,306,4713,5019
WBGene00021005,11,25,36
WBGene00021006,2,1,3
WBGene00021007,1,8,9
WBGene00021008,13,54,67
WBGene00021009,2019,4031,6050
WBGene00021010,6,3,9
WBGene00021011,0,116,116
WBGene00021012,92,699,791
WBGene00021013,23,9,32
WBGene00021014,10,205,215
WBGene00021015,1,183,184
WBGene00021016,8,11,19
WBGene00021017,18,90,108
WBGene00021019,84,1151,1235
WBGene00021020,128,230,358
WBGene00021021,581,2337,2918
WBGene00021022,459,1044,1503
WBGene00021023,0,10,10
WBGene00021024,380,5403,5783
WBGene00021025,14,29,43
WBGene00021026,383,5779,6162
WBGene00021027,64,212,276
WBGene00021028,10,15,25
WBGene00021029,0,22,22
WBGene00021030,1,15,16
WBGene00021031,5,65,70
WBGene00021032,8,1,9
WBGene00021033,0,0,0
WBGene00021034,1,27,28
WBGene00021035,7,91,98
WBGene00021036,1267,6589,7856
WBGene00021038,90,408,498
WBGene00021039,29,510,539
WBGene00021040,10,38,48
WBGene00021041,7,14,21
WBGene00021042,9,40,49
WBGene00021043,74,26375,26449
WBGene00021044,189,1970,2159
WBGene00021045,5,39,44
WBGene00021046,124,1034,1158
WBGene00021047,244,2814,3058
WBGene00021048,65,373,438
WBGene00021049,54,789,843
WBGene00021051,33,689,722
WBGene00021052,15,26,41
WBGene00021053,4,92,96
WBGene00021054,0,2,2
WBGene00021055,40,158,198
WBGene00021056,8,51,59
WBGene00021057,30,793,823
WBGene00021058,212,753,965
WBGene00021059,236,1024,1260
WBGene00021060,16,68,84
WBGene00021061,77,713,790
WBGene00021063,34,903,937
WBGene00021066,6,280,286
WBGene00021067,10,16,26
WBGene00021068,350,18198,18548
WBGene00021070,13,55,68
WBGene00021072,8,4,12
WBGene00021073,320,5711,6031
WBGene00021074,87,2896,2983
WBGene00021075,9266,121,9387
WBGene00021076,40,240,280
WBGene00021078,628,3352,3980
WBGene00021079,945,7873,8818
WBGene00021080,329,2296,2625
WBGene00021081,33,38,71
WBGene00021082,12,538,550
WBGene00021083,9,80,89
WBGene00021084,1,87,88
WBGene00021085,0,87,87
WBGene00021086,0,0,0
WBGene00021087,1,18,19
WBGene00021088,176,17698,17874
WBGene00021089,78,223,301
WBGene00021090,23,5,28
WBGene00021091,0,4,4
WBGene00021092,1,2,3
WBGene00021093,56,3188,3244
WBGene00021094,15,44,59
WBGene00021095,72,3018,3090
WBGene00021096,16,5,21
WBGene00021097,134,2891,3025
WBGene00021098,0,49,49
WBGene00021099,0,4,4
WBGene00021101,5,28,33
WBGene00021103,183,908,1091
WBGene00021104,92,888,980
WBGene00021105,41,3,44
WBGene00021106,0,0,0
WBGene00021107,0,0,0
WBGene00021108,0,0,0
WBGene00021109,0,0,0
WBGene00021110,3,2,5
WBGene00021111,30,375,405
WBGene00021112,8,1238,1246
WBGene00021113,0,0,0
WBGene00021114,0,3,3
WBGene00021115,4,9,13
WBGene00021116,73,681,754
WBGene00021117,2,20,22
WBGene00021118,2,4,6
WBGene00021120,2,21,23
WBGene00021121,7,197,204
WBGene00021122,3,1,4
WBGene00021123,27,290,317
WBGene00021124,67,159,226
WBGene00021125,25,53,78
WBGene00021126,20,54,74
WBGene00021127,6,194,200
WBGene00021128,523,6208,6731
WBGene00021129,6,20,26
WBGene00021131,61,608,669
WBGene00021132,195,1030,1225
WBGene00021133,307,4980,5287
WBGene00021134,6,26,32
WBGene00021135,3,4,7
WBGene00021136,3,51,54
WBGene00021137,0,1,1
WBGene00021138,1,0,1
WBGene00021139,0,0,0
WBGene00021141,2,0,2
WBGene00021142,0,0,0
WBGene00021143,0,1,1
WBGene00021144,1,0,1
WBGene00021145,0,4,4
WBGene00021146,94,631,725
WBGene00021148,12,67,79
WBGene00021149,269,2496,2765
WBGene00021150,0,1,1
WBGene00021152,192,252,444
WBGene00021153,1,2,3
WBGene00021154,2,0,2
WBGene00021155,13,570,583
WBGene00021156,47,240,287
WBGene00021157,20,110,130
WBGene00021158,5,33,38
WBGene00021159,54,174,228
WBGene00021160,53,166,219
WBGene00021161,1449,10575,12024
WBGene00021162,0,0,0
WBGene00021163,12,153,165
WBGene00021164,4,1,5
WBGene00021165,0,2,2
WBGene00021166,1,3,4
WBGene00021167,3,15,18
WBGene00021168,5,21,26
WBGene00021169,0,1,1
WBGene00021170,35,2100,2135
WBGene00021171,120,891,1011
WBGene00021172,0,0,0
WBGene00021173,1,1,2
WBGene00021174,0,1,1
WBGene00021175,2,4,6
WBGene00021176,67,463,530
WBGene00021177,4,2,6
WBGene00021178,4,46,50
WBGene00021179,1,0,1
WBGene00021180,6,22,28
WBGene00021182,5,7,12
WBGene00021183,6,29,35
WBGene00021184,1,1,2
WBGene00021185,89,447,536
WBGene00021186,39,80,119
WBGene00021187,131,110,241
WBGene00021188,0,1,1
WBGene00021189,1,3,4
WBGene00021190,4,34,38
WBGene00021191,189,1909,2098
WBGene00021192,35,331,366
WBGene00021193,4,2,6
WBGene00021194,0,0,0
WBGene00021195,8,173,181
WBGene00021196,15,83,98
WBGene00021197,1,1,2
WBGene00021198,3,7,10
WBGene00021199,138,37,175
WBGene00021200,26,121,147
WBGene00021201,9,347,356
WBGene00021202,104,1362,1466
WBGene00021204,11,126,137
WBGene00021205,42,1012,1054
WBGene00021207,7,4,11
WBGene00021208,91,1130,1221
WBGene00021209,248,1140,1388
WBGene00021210,108,1141,1249
WBGene00021212,13,51,64
WBGene00021213,26,123,149
WBGene00021214,4,22,26
WBGene00021215,29,42,71
WBGene00021216,0,0,0
WBGene00021217,0,0,0
WBGene00021219,0,0,0
WBGene00021220,0,0,0
WBGene00021221,0,0,0
WBGene00021222,0,0,0
WBGene00021223,0,0,0
WBGene00021224,0,0,0
WBGene00021226,0,0,0
WBGene00021227,0,0,0
WBGene00021228,0,0,0
WBGene00021232,4,12,16
WBGene00021235,8,3,11
WBGene00021236,0,67,67
WBGene00021237,252,764,1016
WBGene00021238,350,192,542
WBGene00021239,395,702,1097
WBGene00021241,2,0,2
WBGene00021243,0,1,1
WBGene00021244,79,40,119
WBGene00021245,64,490,554
WBGene00021246,62,322,384
WBGene00021247,161,473,634
WBGene00021248,3052,62653,65705
WBGene00021249,7,29,36
WBGene00021250,5,1,6
WBGene00021251,0,3,3
WBGene00021252,6,13,19
WBGene00021253,13,177,190
WBGene00021254,66,88,154
WBGene00021256,24,15,39
WBGene00021257,28,69,97
WBGene00021259,17,24,41
WBGene00021260,136,832,968
WBGene00021261,3,5,8
WBGene00021262,1,2,3
WBGene00021263,17,9,26
WBGene00021264,24,414,438
WBGene00021266,3,0,3
WBGene00021267,19,101,120
WBGene00021268,13,1383,1396
WBGene00021269,102,413,515
WBGene00021270,6,2444,2450
WBGene00021271,43,169,212
WBGene00021272,88,1448,1536
WBGene00021274,108,1036,1144
WBGene00021275,174,301,475
WBGene00021276,407,1602,2009
WBGene00021277,120,2629,2749
WBGene00021279,4,41,45
WBGene00021280,0,2,2
WBGene00021281,1346,4580,5926
WBGene00021282,16,179,195
WBGene00021283,20,26,46
WBGene00021284,3,14,17
WBGene00021285,0,46,46
WBGene00021286,262,3329,3591
WBGene00021287,3,12,15
WBGene00021288,8,19,27
WBGene00021289,0,12,12
WBGene00021290,0,1,1
WBGene00021291,3,0,3
WBGene00021292,282,4119,4401
WBGene00021293,2,3,5
WBGene00021294,236,1039,1275
WBGene00021295,185,1031,1216
WBGene00021296,17,1083,1100
WBGene00021297,3,5,8
WBGene00021298,1,1,2
WBGene00021299,0,4,4
WBGene00021300,1,4,5
WBGene00021301,12,37,49
WBGene00021302,6,17,23
WBGene00021303,0,5,5
WBGene00021304,120,312,432
WBGene00021305,187,1031,1218
WBGene00021309,52,266,318
WBGene00021310,5,26,31
WBGene00021311,68,1178,1246
WBGene00021312,74,3045,3119
WBGene00021313,133,872,1005
WBGene00021314,97,859,956
WBGene00021315,38,951,989
WBGene00021316,269,2842,3111
WBGene00021317,1,0,1
WBGene00021319,117,711,828
WBGene00021320,122,576,698
WBGene00021321,4,23,27
WBGene00021322,122,940,1062
WBGene00021323,95,1400,1495
WBGene00021324,82,507,589
WBGene00021325,43,387,430
WBGene00021326,16,126,142
WBGene00021327,1324,4415,5739
WBGene00021328,42,352,394
WBGene00021329,175,1236,1411
WBGene00021331,147,5493,5640
WBGene00021332,292,271,563
WBGene00021333,157,307,464
WBGene00021334,792,1239,2031
WBGene00021335,0,127,127
WBGene00021336,1,4,5
WBGene00021337,2,16,18
WBGene00021338,0,38,38
WBGene00021339,0,2,2
WBGene00021340,66,439,505
WBGene00021343,95,232,327
WBGene00021344,732,129,861
WBGene00021345,0,1,1
WBGene00021346,325,1875,2200
WBGene00021347,285,4894,5179
WBGene00021348,343,4332,4675
WBGene00021349,68,309,377
WBGene00021350,40979,371158,412137
WBGene00021351,1113,3557,4670
WBGene00021352,179,2036,2215
WBGene00021353,114,250,364
WBGene00021354,19,55,74
WBGene00021355,647,4583,5230
WBGene00021357,47,149,196
WBGene00021358,2,21,23
WBGene00021359,123,1494,1617
WBGene00021362,93,264,357
WBGene00021363,192,434,626
WBGene00021364,1,31,32
WBGene00021365,187,1142,1329
WBGene00021366,123,1006,1129
WBGene00021367,106,846,952
WBGene00021368,3,3,6
WBGene00021369,92,1280,1372
WBGene00021370,183,1418,1601
WBGene00021371,30,348,378
WBGene00021372,23,1090,1113
WBGene00021373,3,2,5
WBGene00021374,275,585,860
WBGene00021375,10,401,411
WBGene00021376,69,473,542
WBGene00021377,47,1127,1174
WBGene00021378,101,1099,1200
WBGene00021379,16,164,180
WBGene00021381,1,1,2
WBGene00021382,807,1724,2531
WBGene00021383,50,47,97
WBGene00021384,18,30,48
WBGene00021385,0,5,5
WBGene00021386,16,42,58
WBGene00021387,43,294,337
WBGene00021388,97,771,868
WBGene00021389,42,181,223
WBGene00021390,2,7,9
WBGene00021391,13,410,423
WBGene00021392,55,1619,1674
WBGene00021394,205,1013,1218
WBGene00021395,136,1319,1455
WBGene00021396,40,279,319
WBGene00021397,5,13,18
WBGene00021398,0,2,2
WBGene00021400,101,794,895
WBGene00021401,45,1037,1082
WBGene00021402,37,533,570
WBGene00021403,0,0,0
WBGene00021404,0,0,0
WBGene00021405,0,0,0
WBGene00021406,3,1,4
WBGene00021407,0,28,28
WBGene00021408,0,0,0
WBGene00021409,0,0,0
WBGene00021410,23,27,50
WBGene00021412,32,62,94
WBGene00021413,22,6,28
WBGene00021414,2,1,3
WBGene00021415,199,1498,1697
WBGene00021416,74,540,614
WBGene00021417,7,49,56
WBGene00021419,36,236,272
WBGene00021420,76,18299,18375
WBGene00021421,121,1667,1788
WBGene00021423,950,1367,2317
WBGene00021425,265,1607,1872
WBGene00021427,579,27183,27762
WBGene00021428,25,14,39
WBGene00021430,163,181,344
WBGene00021433,0,1,1
WBGene00021434,7,4,11
WBGene00021435,8,7,15
WBGene00021436,36,78,114
WBGene00021437,103,53,156
WBGene00021438,88,12,100
WBGene00021439,322,942,1264
WBGene00021440,94,525,619
WBGene00021441,231,2100,2331
WBGene00021442,71,553,624
WBGene00021443,357,1050,1407
WBGene00021444,290,589,879
WBGene00021445,45,288,333
WBGene00021446,83,77,160
WBGene00021447,6,36,42
WBGene00021448,2,13,15
WBGene00021449,2,5,7
WBGene00021450,12,16,28
WBGene00021451,9,2,11
WBGene00021452,34,405,439
WBGene00021454,0,1,1
WBGene00021456,186,621,807
WBGene00021457,12,26,38
WBGene00021458,1,35,36
WBGene00021460,83,1106,1189
WBGene00021461,87,99,186
WBGene00021463,8,12,20
WBGene00021464,10,92,102
WBGene00021465,5,220,225
WBGene00021466,469,9289,9758
WBGene00021467,70,1324,1394
WBGene00021468,31,2336,2367
WBGene00021469,266,2975,3241
WBGene00021470,68,804,872
WBGene00021471,4,29,33
WBGene00021472,5,14,19
WBGene00021473,204,124,328
WBGene00021474,941,3559,4500
WBGene00021475,585,5312,5897
WBGene00021476,56,757,813
WBGene00021477,5,9,14
WBGene00021478,25,209,234
WBGene00021479,21,8,29
WBGene00021482,350,644,994
WBGene00021484,2,2,4
WBGene00021485,6,97,103
WBGene00021486,571,14850,15421
WBGene00021487,101,535,636
WBGene00021488,0,1,1
WBGene00021490,24,37,61
WBGene00021491,0,3,3
WBGene00021492,29,255,284
WBGene00021493,47,385,432
WBGene00021494,8,18,26
WBGene00021495,0,56,56
WBGene00021496,16,22,38
WBGene00021497,175,352,527
WBGene00021498,3,22,25
WBGene00021499,0,128,128
WBGene00021500,0,3,3
WBGene00021501,7,13,20
WBGene00021502,40,371,411
WBGene00021503,13,126,139
WBGene00021504,15,37,52
WBGene00021505,11,35,46
WBGene00021506,178,3173,3351
WBGene00021507,765,2297,3062
WBGene00021508,70,820,890
WBGene00021509,582,1127,1709
WBGene00021510,167,406,573
WBGene00021511,47,96,143
WBGene00021512,238,491,729
WBGene00021513,88,17,105
WBGene00021514,64,2286,2350
WBGene00021515,58,346,404
WBGene00021516,19,19,38
WBGene00021517,9,632,641
WBGene00021518,1,85,86
WBGene00021519,0,12,12
WBGene00021521,6,42,48
WBGene00021522,855,1199,2054
WBGene00021524,33,118,151
WBGene00021525,7,16,23
WBGene00021526,39,91,130
WBGene00021527,185,381,566
WBGene00021528,206,646,852
WBGene00021529,43,1026,1069
WBGene00021530,19,8,27
WBGene00021531,496,45,541
WBGene00021532,211,7793,8004
WBGene00021533,15,925,940
WBGene00021534,1112,9340,10452
WBGene00021535,1127,235,1362
WBGene00021536,98,2156,2254
WBGene00021537,17,18,35
WBGene00021538,57,474,531
WBGene00021539,216,2102,2318
WBGene00021540,24,152,176
WBGene00021541,2,191,193
WBGene00021542,27,1,28
WBGene00021543,89,2572,2661
WBGene00021544,127,757,884
WBGene00021545,472,1310,1782
WBGene00021546,100,665,765
WBGene00021547,65,746,811
WBGene00021548,53,1856,1909
WBGene00021549,489,601,1090
WBGene00021551,300,2329,2629
WBGene00021552,257,1403,1660
WBGene00021553,10,17,27
WBGene00021554,85,1770,1855
WBGene00021555,8,142,150
WBGene00021556,69,510,579
WBGene00021557,0,126,126
WBGene00021558,140,1507,1647
WBGene00021559,107,1367,1474
WBGene00021560,53,165,218
WBGene00021561,256,842,1098
WBGene00021562,394,5313,5707
WBGene00021563,70,1711,1781
WBGene00021564,361,1088,1449
WBGene00021565,3,17,20
WBGene00021566,0,0,0
WBGene00021567,0,0,0
WBGene00021568,0,0,0
WBGene00021569,0,0,0
WBGene00021570,0,0,0
WBGene00021571,0,0,0
WBGene00021572,0,0,0
WBGene00021573,0,0,0
WBGene00021576,7,31,38
WBGene00021577,0,2,2
WBGene00021578,1,3,4
WBGene00021579,0,2,2
WBGene00021580,1,7,8
WBGene00021581,7,2,9
WBGene00021582,2,1,3
WBGene00021583,31,99,130
WBGene00021585,4,0,4
WBGene00021586,11,35,46
WBGene00021587,3,13,16
WBGene00021589,5,1540,1545
WBGene00021590,11,120,131
WBGene00021591,0,0,0
WBGene00021592,2,1,3
WBGene00021593,5,1,6
WBGene00021594,17,29,46
WBGene00021595,174,2817,2991
WBGene00021596,68,255,323
WBGene00021597,2097,2683,4780
WBGene00021598,46,72,118
WBGene00021599,16,91,107
WBGene00021600,17,205,222
WBGene00021601,6,11,17
WBGene00021602,5,239,244
WBGene00021603,0,4,4
WBGene00021605,24,104,128
WBGene00021607,10,1206,1216
WBGene00021608,1,1,2
WBGene00021609,15,14,29
WBGene00021610,25,236,261
WBGene00021611,78,317,395
WBGene00021612,0,2,2
WBGene00021613,192,1080,1272
WBGene00021614,369,4025,4394
WBGene00021615,0,0,0
WBGene00021616,0,0,0
WBGene00021617,2,1,3
WBGene00021619,0,1,1
WBGene00021620,0,1,1
WBGene00021621,0,4,4
WBGene00021623,1,3,4
WBGene00021624,9,72,81
WBGene00021625,0,2528,2528
WBGene00021626,161,539,700
WBGene00021627,0,3,3
WBGene00021628,164,1592,1756
WBGene00021629,322,2436,2758
WBGene00021630,3,39,42
WBGene00021631,1,0,1
WBGene00021632,3,2,5
WBGene00021633,10,22,32
WBGene00021634,211,742,953
WBGene00021635,8,41,49
WBGene00021636,97,852,949
WBGene00021637,108,618,726
WBGene00021638,199,1721,1920
WBGene00021639,9,53,62
WBGene00021640,97,194,291
WBGene00021641,41,1314,1355
WBGene00021643,100,694,794
WBGene00021644,80,2061,2141
WBGene00021645,181,897,1078
WBGene00021646,224,1012,1236
WBGene00021647,252,3090,3342
WBGene00021648,3,1229,1232
WBGene00021649,14,266,280
WBGene00021650,1,3,4
WBGene00021653,0,8,8
WBGene00021654,2,115,117
WBGene00021655,21,700,721
WBGene00021656,2,2,4
WBGene00021657,70,413,483
WBGene00021658,8,247,255
WBGene00021660,493,2491,2984
WBGene00021661,61,160,221
WBGene00021662,0,25,25
WBGene00021666,79,791,870
WBGene00021667,6,114,120
WBGene00021671,287,431,718
WBGene00021672,33,15,48
WBGene00021675,40,220,260
WBGene00021676,26,474,500
WBGene00021677,23,528,551
WBGene00021678,15,4,19
WBGene00021679,21,346,367
WBGene00021681,828,1477,2305
WBGene00021682,417,973,1390
WBGene00021683,171,333,504
WBGene00021685,981,907,1888
WBGene00021686,846,2413,3259
WBGene00021687,92,666,758
WBGene00021689,209,476,685
WBGene00021690,128,1935,2063
WBGene00021691,88,2121,2209
WBGene00021692,23,237,260
WBGene00021693,69,204,273
WBGene00021694,17,75,92
WBGene00021697,1609,5732,7341
WBGene00021698,501,1533,2034
WBGene00021700,1,13,14
WBGene00021701,4,16,20
WBGene00021702,185,1001,1186
WBGene00021703,4,2,6
WBGene00021704,68,128,196
WBGene00021705,5,10,15
WBGene00021706,13,45,58
WBGene00021707,5,57,62
WBGene00021708,1,28,29
WBGene00021709,5,201,206
WBGene00021710,2,20,22
WBGene00021711,0,4,4
WBGene00021713,0,1,1
WBGene00021714,73,427,500
WBGene00021715,273,3257,3530
WBGene00021716,1,3,4
WBGene00021717,0,0,0
WBGene00021718,0,0,0
WBGene00021719,0,1,1
WBGene00021720,7,3,10
WBGene00021721,23,136,159
WBGene00021722,2,5,7
WBGene00021724,2,1,3
WBGene00021725,24,141,165
WBGene00021726,5,31,36
WBGene00021727,0,3,3
WBGene00021728,74,5,79
WBGene00021729,2,5,7
WBGene00021730,3,7,10
WBGene00021731,6,25,31
WBGene00021732,75,213,288
WBGene00021733,513,1140,1653
WBGene00021734,57,69,126
WBGene00021735,233,1148,1381
WBGene00021736,820,1110,1930
WBGene00021738,180,602,782
WBGene00021739,0,166,166
WBGene00021740,185,719,904
WBGene00021741,80,64,144
WBGene00021743,151,431,582
WBGene00021744,1,0,1
WBGene00021745,57,169,226
WBGene00021746,1,2,3
WBGene00021748,88,575,663
WBGene00021749,102,647,749
WBGene00021750,34,292,326
WBGene00021751,882,199,1081
WBGene00021752,540,375,915
WBGene00021753,343,1272,1615
WBGene00021754,843,4919,5762
WBGene00021755,47,118,165
WBGene00021756,233,459,692
WBGene00021757,359,1701,2060
WBGene00021758,165,880,1045
WBGene00021759,34,76,110
WBGene00021763,107,414,521
WBGene00021764,55,582,637
WBGene00021765,352,718,1070
WBGene00021766,58,576,634
WBGene00021768,53,1067,1120
WBGene00021771,343,1218,1561
WBGene00021772,19,7,26
WBGene00021773,0,2,2
WBGene00021774,0,6,6
WBGene00021776,203,672,875
WBGene00021778,10,9,19
WBGene00021779,1,2,3
WBGene00021780,0,0,0
WBGene00021781,47,478,525
WBGene00021783,289,1994,2283
WBGene00021784,122,1615,1737
WBGene00021785,118,2125,2243
WBGene00021786,4,7,11
WBGene00021787,6,11,17
WBGene00021788,185,33,218
WBGene00021789,322,1388,1710
WBGene00021790,10,5,15
WBGene00021791,0,3,3
WBGene00021793,1,0,1
WBGene00021794,8,11,19
WBGene00021795,10,76,86
WBGene00021796,40,742,782
WBGene00021797,5,4,9
WBGene00021798,27,2,29
WBGene00021799,17,110,127
WBGene00021800,451,11199,11650
WBGene00021801,1,1,2
WBGene00021803,0,1,1
WBGene00021804,2,18,20
WBGene00021805,2,3,5
WBGene00021806,5,0,5
WBGene00021807,19,22,41
WBGene00021808,389,1310,1699
WBGene00021809,1,21,22
WBGene00021810,651,1463,2114
WBGene00021811,453,4445,4898
WBGene00021812,32,384,416
WBGene00021813,97,2168,2265
WBGene00021814,34,47,81
WBGene00021815,70,1488,1558
WBGene00021816,103,2123,2226
WBGene00021817,47,309,356
WBGene00021818,545,5127,5672
WBGene00021820,384,644,1028
WBGene00021821,0,6,6
WBGene00021822,0,0,0
WBGene00021826,235,3603,3838
WBGene00021827,109,748,857
WBGene00021828,277,974,1251
WBGene00021829,49,4641,4690
WBGene00021830,109,4391,4500
WBGene00021831,493,1752,2245
WBGene00021832,62,174,236
WBGene00021833,28,1,29
WBGene00021834,16,898,914
WBGene00021835,64,834,898
WBGene00021837,0,3,3
WBGene00021838,406,1823,2229
WBGene00021839,456,5264,5720
WBGene00021840,207,572,779
WBGene00021841,99,266,365
WBGene00021842,323,1041,1364
WBGene00021843,651,5125,5776
WBGene00021844,121,3252,3373
WBGene00021845,41,4000,4041
WBGene00021846,164,615,779
WBGene00021847,166,1253,1419
WBGene00021848,29,139,168
WBGene00021849,840,15575,16415
WBGene00021850,45,235,280
WBGene00021852,65,452,517
WBGene00021853,0,75,75
WBGene00021854,238,1660,1898
WBGene00021855,132,615,747
WBGene00021856,408,887,1295
WBGene00021857,1339,6626,7965
WBGene00021858,200,113,313
WBGene00021859,8,1,9
WBGene00021860,3,1,4
WBGene00021861,4,19,23
WBGene00021862,6,3,9
WBGene00021863,106,548,654
WBGene00021864,53,367,420
WBGene00021865,16,10,26
WBGene00021866,105,872,977
WBGene00021867,149,1365,1514
WBGene00021868,173,2425,2598
WBGene00021869,3,47,50
WBGene00021870,84,952,1036
WBGene00021871,57,167,224
WBGene00021872,0,108,108
WBGene00021873,5,3,8
WBGene00021875,620,5702,6322
WBGene00021876,429,1675,2104
WBGene00021877,151,125,276
WBGene00021878,4,4,8
WBGene00021879,2,82,84
WBGene00021880,2,0,2
WBGene00021881,82,164,246
WBGene00021882,735,1192,1927
WBGene00021883,169,6041,6210
WBGene00021884,1,317,318
WBGene00021887,40,136,176
WBGene00021888,225,6316,6541
WBGene00021890,738,5605,6343
WBGene00021891,0,11,11
WBGene00021892,8,4,12
WBGene00021893,1734,3990,5724
WBGene00021894,980,8775,9755
WBGene00021895,2,9,11
WBGene00021897,120,411,531
WBGene00021898,37,329,366
WBGene00021899,471,6782,7253
WBGene00021900,163,3121,3284
WBGene00021901,19,2219,2238
WBGene00021902,114,509,623
WBGene00021903,49,1143,1192
WBGene00021904,41,740,781
WBGene00021905,130,492,622
WBGene00021906,220,958,1178
WBGene00021907,2,1,3
WBGene00021908,5,9,14
WBGene00021909,38,1168,1206
WBGene00021910,366,968,1334
WBGene00021911,4,30,34
WBGene00021912,100,535,635
WBGene00021913,47,1113,1160
WBGene00021914,164,289,453
WBGene00021915,194,1023,1217
WBGene00021916,2,28,30
WBGene00021917,19,269,288
WBGene00021918,50,1821,1871
WBGene00021919,24,159,183
WBGene00021920,459,3810,4269
WBGene00021921,1435,3453,4888
WBGene00021922,63,1979,2042
WBGene00021923,119,424,543
WBGene00021925,150,559,709
WBGene00021926,211,2176,2387
WBGene00021927,23,410,433
WBGene00021928,15,442,457
WBGene00021929,27,1663,1690
WBGene00021930,414,7472,7886
WBGene00021931,151,269,420
WBGene00021932,81,832,913
WBGene00021933,31,330,361
WBGene00021934,191,4649,4840
WBGene00021935,149,603,752
WBGene00021936,737,2022,2759
WBGene00021938,123,1854,1977
WBGene00021939,65,34,99
WBGene00021941,59,152,211
WBGene00021942,32,237,269
WBGene00021943,224,2441,2665
WBGene00021945,98,421,519
WBGene00021947,10,50,60
WBGene00021948,393,1583,1976
WBGene00021949,2,8,10
WBGene00021950,51,463,514
WBGene00021951,11,58,69
WBGene00021952,306,5416,5722
WBGene00021953,9,19,28
WBGene00021956,84,2214,2298
WBGene00021957,1,4,5
WBGene00021958,4,3,7
WBGene00021959,558,7220,7778
WBGene00021960,204,5025,5229
WBGene00021961,0,0,0
WBGene00021963,50,252,302
WBGene00021964,3,0,3
WBGene00021965,43,473,516
WBGene00021966,0,5,5
WBGene00021967,0,0,0
WBGene00021968,35,24,59
WBGene00021969,0,5,5
WBGene00021970,26,8,34
WBGene00021972,67,498,565
WBGene00021973,242,1810,2052
WBGene00021974,160,1598,1758
WBGene00021975,32,457,489
WBGene00021976,45,484,529
WBGene00021977,7,219,226
WBGene00021978,0,59,59
WBGene00021979,18,1316,1334
WBGene00021980,287,667,954
WBGene00021981,64,4029,4093
WBGene00021983,81,1345,1426
WBGene00021984,94,619,713
WBGene00021985,41,107,148
WBGene00021986,167,1097,1264
WBGene00021987,4,1,5
WBGene00021988,0,0,0
WBGene00021992,2,0,2
WBGene00021993,0,7,7
WBGene00021994,19,78,97
WBGene00021996,0,4,4
WBGene00021997,0,0,0
WBGene00021998,3,6,9
WBGene00021999,1,1,2
WBGene00022000,0,0,0
WBGene00022002,0,2,2
WBGene00022003,0,0,0
WBGene00022004,20,289,309
WBGene00022005,0,0,0
WBGene00022006,0,0,0
WBGene00022007,0,0,0
WBGene00022008,2,1,3
WBGene00022010,175,1587,1762
WBGene00022011,2,33,35
WBGene00022012,4,17,21
WBGene00022013,162,140,302
WBGene00022014,283,400,683
WBGene00022015,464,2019,2483
WBGene00022016,3,5,8
WBGene00022018,15,261,276
WBGene00022019,532,2645,3177
WBGene00022020,0,6,6
WBGene00022021,393,3960,4353
WBGene00022022,44,1024,1068
WBGene00022024,13,217,230
WBGene00022025,115,1830,1945
WBGene00022026,302,1956,2258
WBGene00022027,366,4977,5343
WBGene00022028,0,11,11
WBGene00022029,120,2410,2530
WBGene00022030,3,10,13
WBGene00022031,87,778,865
WBGene00022032,10,10,20
WBGene00022033,88,2008,2096
WBGene00022034,67,750,817
WBGene00022035,44,55,99
WBGene00022036,35,170,205
WBGene00022037,128,1571,1699
WBGene00022038,128,1266,1394
WBGene00022039,2,27,29
WBGene00022040,3,86,89
WBGene00022042,4781,108782,113563
WBGene00022043,40,970,1010
WBGene00022044,34,1467,1501
WBGene00022045,532,3744,4276
WBGene00022046,13,20209,20222
WBGene00022047,6,152,158
WBGene00022048,1404,17708,19112
WBGene00022051,171,693,864
WBGene00022052,91,589,680
WBGene00022053,989,12688,13677
WBGene00022054,90,542,632
WBGene00022055,41,443,484
WBGene00022056,127,422,549
WBGene00022057,62,1441,1503
WBGene00022059,1345,2023,3368
WBGene00022060,12,717,729
WBGene00022061,93,43,136
WBGene00022062,19,65,84
WBGene00022063,131,1209,1340
WBGene00022064,1,0,1
WBGene00022066,0,5,5
WBGene00022067,338,779,1117
WBGene00022069,339,7982,8321
WBGene00022070,0,12,12
WBGene00022071,14,56,70
WBGene00022072,2139,26157,28296
WBGene00022073,109,662,771
WBGene00022074,285,1319,1604
WBGene00022075,473,8173,8646
WBGene00022076,4,13,17
WBGene00022077,130,1478,1608
WBGene00022078,891,2503,3394
WBGene00022083,5,12,17
WBGene00022086,32,48,80
WBGene00022087,796,1322,2118
WBGene00022089,1405,52053,53458
WBGene00022090,5,7,12
WBGene00022092,269,3042,3311
WBGene00022093,1001,14996,15997
WBGene00022094,2,1,3
WBGene00022095,0,0,0
WBGene00022096,0,1,1
WBGene00022097,5,0,5
WBGene00022099,325,5058,5383
WBGene00022100,641,1398,2039
WBGene00022101,23,242,265
WBGene00022102,23,33,56
WBGene00022103,219,598,817
WBGene00022104,343,380,723
WBGene00022106,100,315,415
WBGene00022107,69,1289,1358
WBGene00022108,10,23,33
WBGene00022110,15,164,179
WBGene00022111,0,226,226
WBGene00022112,21,33,54
WBGene00022113,31,158,189
WBGene00022114,154,15097,15251
WBGene00022115,206,1703,1909
WBGene00022116,123,327,450
WBGene00022117,414,330,744
WBGene00022118,117,744,861
WBGene00022119,24,4171,4195
WBGene00022121,296,680,976
WBGene00022122,142,17073,17215
WBGene00022123,62,352,414
WBGene00022124,200,467,667
WBGene00022125,71,687,758
WBGene00022126,116,499,615
WBGene00022127,14,12039,12053
WBGene00022128,120,931,1051
WBGene00022129,100,600,700
WBGene00022130,23,99,122
WBGene00022131,140,668,808
WBGene00022133,2,0,2
WBGene00022134,753,3236,3989
WBGene00022138,490,740,1230
WBGene00022139,376,1149,1525
WBGene00022140,34,4,38
WBGene00022141,24,1222,1246
WBGene00022142,15,10,25
WBGene00022143,2,14,16
WBGene00022144,88,11646,11734
WBGene00022145,10,16,26
WBGene00022146,49,2484,2533
WBGene00022148,1019,3018,4037
WBGene00022149,266,13048,13314
WBGene00022150,24,2569,2593
WBGene00022152,264,1120,1384
WBGene00022153,279,946,1225
WBGene00022154,27,290,317
WBGene00022155,57,569,626
WBGene00022156,2,39,41
WBGene00022157,5,2,7
WBGene00022158,61,671,732
WBGene00022159,292,3021,3313
WBGene00022160,25,548,573
WBGene00022161,29,473,502
WBGene00022162,0,1,1
WBGene00022165,125,451,576
WBGene00022166,184,1410,1594
WBGene00022167,268,629,897
WBGene00022168,433,1093,1526
WBGene00022169,316,3678,3994
WBGene00022170,3849,53459,57308
WBGene00022171,45,618,663
WBGene00022172,48,162,210
WBGene00022173,240,2486,2726
WBGene00022174,210,526,736
WBGene00022175,120,551,671
WBGene00022176,299,1567,1866
WBGene00022177,3,13,16
WBGene00022178,20,108,128
WBGene00022179,13,17,30
WBGene00022180,163,2930,3093
WBGene00022181,17,88,105
WBGene00022182,366,1967,2333
WBGene00022185,188,1457,1645
WBGene00022188,110,1305,1415
WBGene00022189,0,8,8
WBGene00022190,10,333,343
WBGene00022191,54,322,376
WBGene00022192,116,1593,1709
WBGene00022193,45,698,743
WBGene00022194,353,9991,10344
WBGene00022195,159,611,770
WBGene00022196,21,399,420
WBGene00022197,40,101,141
WBGene00022198,64,350,414
WBGene00022199,83,6951,7034
WBGene00022200,33,102,135
WBGene00022201,84,1466,1550
WBGene00022202,176,2898,3074
WBGene00022203,31,479,510
WBGene00022206,51,127,178
WBGene00022207,1052,15,1067
WBGene00022209,23,3,26
WBGene00022210,2,0,2
WBGene00022213,30,47,77
WBGene00022215,3,9,12
WBGene00022216,1,0,1
WBGene00022217,0,0,0
WBGene00022218,0,4,4
WBGene00022219,385,820,1205
WBGene00022221,10,114,124
WBGene00022223,2,3,5
WBGene00022224,0,9,9
WBGene00022225,2,10,12
WBGene00022228,63,142,205
WBGene00022230,1006,9157,10163
WBGene00022231,107,598,705
WBGene00022232,119,848,967
WBGene00022233,218,3182,3400
WBGene00022235,1150,39316,40466
WBGene00022236,0,23,23
WBGene00022237,2,8,10
WBGene00022240,106,1122,1228
WBGene00022242,232,3025,3257
WBGene00022243,1,21,22
WBGene00022244,0,157,157
WBGene00022245,827,8414,9241
WBGene00022246,25,211,236
WBGene00022247,95,160,255
WBGene00022248,250,4221,4471
WBGene00022250,55,433,488
WBGene00022251,102,1160,1262
WBGene00022252,34,296,330
WBGene00022253,125,2917,3042
WBGene00022254,47,1073,1120
WBGene00022255,35,210,245
WBGene00022256,4,3,7
WBGene00022257,1,53,54
WBGene00022258,72,787,859
WBGene00022259,84,708,792
WBGene00022260,134,977,1111
WBGene00022261,21,107,128
WBGene00022262,1,3,4
WBGene00022263,13,201,214
WBGene00022264,0,3,3
WBGene00022265,0,3,3
WBGene00022266,0,0,0
WBGene00022267,28,73,101
WBGene00022268,290,2541,2831
WBGene00022269,299,2637,2936
WBGene00022270,158,435,593
WBGene00022271,46,3176,3222
WBGene00022273,34,523,557
WBGene00022274,65,255,320
WBGene00022275,4,47,51
WBGene00022276,265,4375,4640
WBGene00022277,254,2079,2333
WBGene00022278,568,1082,1650
WBGene00022279,147,2050,2197
WBGene00022280,125,1405,1530
WBGene00022281,328,1228,1556
WBGene00022282,0,4,4
WBGene00022283,50,426,476
WBGene00022284,98,463,561
WBGene00022285,878,691,1569
WBGene00022286,174,849,1023
WBGene00022287,169,2420,2589
WBGene00022288,16,119,135
WBGene00022289,6,15,21
WBGene00022290,0,0,0
WBGene00022291,0,0,0
WBGene00022292,0,1,1
WBGene00022295,20,52,72
WBGene00022296,538,1663,2201
WBGene00022297,194,4350,4544
WBGene00022298,10,13,23
WBGene00022300,229,829,1058
WBGene00022301,620,1825,2445
WBGene00022302,114,1601,1715
WBGene00022303,0,136,136
WBGene00022306,1144,2581,3725
WBGene00022307,27,1128,1155
WBGene00022308,1,1,2
WBGene00022309,173,779,952
WBGene00022310,322,1364,1686
WBGene00022311,4,2,6
WBGene00022312,0,0,0
WBGene00022313,99,157,256
WBGene00022314,62,332,394
WBGene00022315,2,3,5
WBGene00022316,117,0,117
WBGene00022317,11,92,103
WBGene00022318,0,1,1
WBGene00022319,3,0,3
WBGene00022320,17,0,17
WBGene00022321,2,3,5
WBGene00022322,0,2,2
WBGene00022323,0,0,0
WBGene00022324,4,11,15
WBGene00022325,7,69,76
WBGene00022326,7,69,76
WBGene00022327,11,23,34
WBGene00022328,4,5,9
WBGene00022329,3,55,58
WBGene00022330,1,9,10
WBGene00022331,1,12,13
WBGene00022332,3,0,3
WBGene00022333,5,25,30
WBGene00022334,20,32,52
WBGene00022335,47,134,181
WBGene00022336,1874,283727,285601
WBGene00022337,2,3,5
WBGene00022338,20,11,31
WBGene00022339,1413,6172,7585
WBGene00022340,0,0,0
WBGene00022341,2,0,2
WBGene00022342,2,0,2
WBGene00022343,1,1,2
WBGene00022344,4,4,8
WBGene00022345,1,1,2
WBGene00022346,2,18,20
WBGene00022347,194,2134,2328
WBGene00022348,115,2135,2250
WBGene00022349,34,88,122
WBGene00022350,47,757,804
WBGene00022351,13,42,55
WBGene00022352,55,33,88
WBGene00022353,4,15,19
WBGene00022354,320,706,1026
WBGene00022356,20,1172,1192
WBGene00022357,78,876,954
WBGene00022358,281,1018,1299
WBGene00022360,440,1401,1841
WBGene00022361,349,929,1278
WBGene00022363,281,585,866
WBGene00022365,220,221,441
WBGene00022366,344,753,1097
WBGene00022367,234,516,750
WBGene00022368,122,1497,1619
WBGene00022369,163,1084,1247
WBGene00022371,284,867,1151
WBGene00022372,165,342,507
WBGene00022373,310,5271,5581
WBGene00022374,25,208,233
WBGene00022375,4,7,11
WBGene00022376,195,2227,2422
WBGene00022377,5,73,78
WBGene00022378,829,4074,4903
WBGene00022379,28,96,124
WBGene00022380,713,5881,6594
WBGene00022381,157,1849,2006
WBGene00022382,0,952,952
WBGene00022383,65,266,331
WBGene00022385,25,14,39
WBGene00022386,271,1007,1278
WBGene00022388,410,880,1290
WBGene00022389,267,1460,1727
WBGene00022390,52,229,281
WBGene00022391,441,981,1422
WBGene00022392,16,76,92
WBGene00022393,101,1550,1651
WBGene00022394,48,3656,3704
WBGene00022395,30,44,74
WBGene00022396,41,747,788
WBGene00022397,237,1502,1739
WBGene00022398,51,635,686
WBGene00022399,30,267,297
WBGene00022400,49,1975,2024
WBGene00022401,119,3655,3774
WBGene00022402,35,1366,1401
WBGene00022403,5,11,16
WBGene00022404,1,9,10
WBGene00022405,6,19,25
WBGene00022406,0,5,5
WBGene00022408,0,18,18
WBGene00022409,7,48,55
WBGene00022410,13,10102,10115
WBGene00022411,12,29,41
WBGene00022412,48,226,274
WBGene00022413,13,59,72
WBGene00022415,38,808,846
WBGene00022416,73,325,398
WBGene00022417,38,876,914
WBGene00022418,81,797,878
WBGene00022419,47,356,403
WBGene00022420,58,1120,1178
WBGene00022421,1,2,3
WBGene00022423,168,162,330
WBGene00022425,310,1260,1570
WBGene00022426,142,716,858
WBGene00022427,193,916,1109
WBGene00022428,73,462,535
WBGene00022429,0,0,0
WBGene00022431,43,4,47
WBGene00022433,26,5,31
WBGene00022434,816,900,1716
WBGene00022435,157,237,394
WBGene00022438,2,0,2
WBGene00022439,4,1,5
WBGene00022440,8,23,31
WBGene00022441,157,1022,1179
WBGene00022442,0,0,0
WBGene00022443,0,0,0
WBGene00022444,2,2,4
WBGene00022445,4,19,23
WBGene00022446,0,1,1
WBGene00022447,208,136,344
WBGene00022448,139,373,512
WBGene00022450,46,175,221
WBGene00022452,0,138,138
WBGene00022453,343,2627,2970
WBGene00022454,68,39,107
WBGene00022455,26,1935,1961
WBGene00022456,134,2398,2532
WBGene00022457,88,654,742
WBGene00022458,10,2675,2685
WBGene00022459,55,555,610
WBGene00022460,99,1131,1230
WBGene00022462,15,365,380
WBGene00022463,232,2074,2306
WBGene00022465,69,640,709
WBGene00022466,79,1016,1095
WBGene00022467,0,3,3
WBGene00022469,12,164,176
WBGene00022470,494,3634,4128
WBGene00022471,51,320,371
WBGene00022472,485,5718,6203
WBGene00022473,1621,4637,6258
WBGene00022474,7,37,44
WBGene00022475,71,1369,1440
WBGene00022476,1,0,1
WBGene00022477,0,40,40
WBGene00022478,6,19,25
WBGene00022479,11,3,14
WBGene00022481,0,0,0
WBGene00022482,1,0,1
WBGene00022483,0,0,0
WBGene00022484,8,112,120
WBGene00022485,71,248,319
WBGene00022486,10,22,32
WBGene00022487,4,9,13
WBGene00022488,120,734,854
WBGene00022489,441,3523,3964
WBGene00022490,13,50,63
WBGene00022491,111,157,268
WBGene00022492,116,3509,3625
WBGene00022493,182,1088,1270
WBGene00022494,79,152,231
WBGene00022495,1,5,6
WBGene00022496,0,0,0
WBGene00022497,0,1848,1848
WBGene00022498,12,36,48
WBGene00022499,212,6104,6316
WBGene00022500,486,6172,6658
WBGene00022501,597,936,1533
WBGene00022502,57,583,640
WBGene00022503,10,157,167
WBGene00022504,53,98,151
WBGene00022505,309,255,564
WBGene00022506,5,47,52
WBGene00022507,24,330,354
WBGene00022508,1,6,7
WBGene00022509,0,4,4
WBGene00022511,18,5,23
WBGene00022512,0,0,0
WBGene00022515,41,860,901
WBGene00022516,63,2254,2317
WBGene00022517,79,152,231
WBGene00022518,443,1770,2213
WBGene00022519,293,1893,2186
WBGene00022522,21,192,213
WBGene00022527,39,65,104
WBGene00022528,1,14,15
WBGene00022529,7,4,11
WBGene00022530,10,113,123
WBGene00022531,57,1075,1132
WBGene00022532,6,129,135
WBGene00022533,19,152,171
WBGene00022534,177,1753,1930
WBGene00022536,3,4,7
WBGene00022537,9,54,63
WBGene00022538,181,2746,2927
WBGene00022539,171,3202,3373
WBGene00022540,33,26,59
WBGene00022541,0,2,2
WBGene00022542,3,3,6
WBGene00022543,2,0,2
WBGene00022544,26,10,36
WBGene00022546,7,6,13
WBGene00022547,2,23,25
WBGene00022548,8,2,10
WBGene00022549,16,32,48
WBGene00022550,3,9,12
WBGene00022551,1,3,4
WBGene00022552,1,21,22
WBGene00022553,2,0,2
WBGene00022554,34,488,522
WBGene00022555,0,0,0
WBGene00022556,0,0,0
WBGene00022557,0,5,5
WBGene00022558,0,0,0
WBGene00022559,0,0,0
WBGene00022560,0,6,6
WBGene00022561,0,0,0
WBGene00022562,16,156,172
WBGene00022563,3,2,5
WBGene00022564,47,380,427
WBGene00022565,3,6,9
WBGene00022566,2,5,7
WBGene00022567,21,70,91
WBGene00022568,18,314,332
WBGene00022569,21,1208,1229
WBGene00022570,2,11,13
WBGene00022571,0,1,1
WBGene00022572,0,0,0
WBGene00022573,0,11,11
WBGene00022574,0,14,14
WBGene00022575,0,0,0
WBGene00022576,29,174,203
WBGene00022577,30,243,273
WBGene00022578,0,0,0
WBGene00022579,329,3214,3543
WBGene00022580,141,1070,1211
WBGene00022581,1,16,17
WBGene00022582,0,0,0
WBGene00022583,568,5323,5891
WBGene00022584,81,311,392
WBGene00022586,4,36,40
WBGene00022587,1,20,21
WBGene00022588,65,379,444
WBGene00022589,15,1,16
WBGene00022590,0,52,52
WBGene00022591,207,1542,1749
WBGene00022592,227,994,1221
WBGene00022593,119,468,587
WBGene00022594,2,7,9
WBGene00022596,0,3,3
WBGene00022597,104,855,959
WBGene00022598,89,1418,1507
WBGene00022599,1690,32592,34282
WBGene00022600,2,5,7
WBGene00022601,47,124,171
WBGene00022602,9,2,11
WBGene00022603,86,1704,1790
WBGene00022604,1,3,4
WBGene00022605,0,4,4
WBGene00022606,14,47,61
WBGene00022607,0,0,0
WBGene00022608,135,727,862
WBGene00022609,60,335,395
WBGene00022610,26,88,114
WBGene00022611,32,115,147
WBGene00022612,23,204,227
WBGene00022613,76,543,619
WBGene00022614,76,1628,1704
WBGene00022615,22,969,991
WBGene00022616,0,4,4
WBGene00022617,0,2,2
WBGene00022618,193,3456,3649
WBGene00022619,0,36,36
WBGene00022620,104,1291,1395
WBGene00022621,1,0,1
WBGene00022623,7,381,388
WBGene00022624,53,93,146
WBGene00022625,0,0,0
WBGene00022627,21,44,65
WBGene00022628,2,9,11
WBGene00022629,33,286,319
WBGene00022631,21,253,274
WBGene00022632,8,5,13
WBGene00022633,45,368,413
WBGene00022634,2,4,6
WBGene00022635,203,399,602
WBGene00022637,1,2,3
WBGene00022638,0,0,0
WBGene00022639,3,4,7
WBGene00022640,7,5,12
WBGene00022641,7,22,29
WBGene00022642,41,239,280
WBGene00022643,6,40,46
WBGene00022644,13,298,311
WBGene00022645,30,266,296
WBGene00022646,21,939,960
WBGene00022647,98,705,803
WBGene00022648,312,496,808
WBGene00022649,20,178,198
WBGene00022650,258,263,521
WBGene00022651,0,4,4
WBGene00022652,1,1,2
WBGene00022653,11,54,65
WBGene00022654,7,3,10
WBGene00022655,18,49,67
WBGene00022656,4,153,157
WBGene00022657,17,1010,1027
WBGene00022660,0,24,24
WBGene00022661,41,121,162
WBGene00022662,15,42,57
WBGene00022663,89,1109,1198
WBGene00022664,35,815,850
WBGene00022665,80,792,872
WBGene00022666,82,1281,1363
WBGene00022667,267,2075,2342
WBGene00022668,269,1757,2026
WBGene00022669,0,1,1
WBGene00022670,0,0,0
WBGene00022671,7,18,25
WBGene00022672,207,938,1145
WBGene00022673,39,504,543
WBGene00022674,1,0,1
WBGene00022675,639,1513,2152
WBGene00022677,38,585,623
WBGene00022678,182,6335,6517
WBGene00022679,13,2574,2587
WBGene00022680,27,179,206
WBGene00022681,37,118,155
WBGene00022682,42,135,177
WBGene00022683,95,544,639
WBGene00022685,1,0,1
WBGene00022689,0,1,1
WBGene00022690,5,10,15
WBGene00022691,0,4,4
WBGene00022692,0,0,0
WBGene00022694,72,992,1064
WBGene00022695,54,404,458
WBGene00022696,28,160,188
WBGene00022697,178,1797,1975
WBGene00022698,18,50,68
WBGene00022699,0,2,2
WBGene00022700,20,149,169
WBGene00022702,7,483,490
WBGene00022703,239,1890,2129
WBGene00022704,84,714,798
WBGene00022705,5,28,33
WBGene00022706,15,113,128
WBGene00022707,2,3,5
WBGene00022708,1,9,10
WBGene00022709,24,126,150
WBGene00022710,1,1,2
WBGene00022711,3,3,6
WBGene00022712,35,253,288
WBGene00022713,0,4,4
WBGene00022714,6,3,9
WBGene00022715,12,49,61
WBGene00022716,2,1,3
WBGene00022717,100,994,1094
WBGene00022718,201,1960,2161
WBGene00022719,196,2268,2464
WBGene00022720,13,299,312
WBGene00022721,31,701,732
WBGene00022722,152,2808,2960
WBGene00022723,18,9,27
WBGene00022724,1,9,10
WBGene00022725,3,58,61
WBGene00022726,0,1,1
WBGene00022727,108,926,1034
WBGene00022728,17,2,19
WBGene00022729,0,1,1
WBGene00022730,255,584,839
WBGene00022731,13,13,26
WBGene00022732,7,54,61
WBGene00022733,147,134,281
WBGene00022734,104,3821,3925
WBGene00022735,13,62,75
WBGene00022736,16,292,308
WBGene00022737,9,380,389
WBGene00022738,309,5577,5886
WBGene00022739,252,2520,2772
WBGene00022741,17,9,26
WBGene00022742,144,2316,2460
WBGene00022743,121,847,968
WBGene00022744,29,125,154
WBGene00022745,1065,7983,9048
WBGene00022746,0,7,7
WBGene00022747,0,25,25
WBGene00022748,233,24677,24910
WBGene00022749,72,2445,2517
WBGene00022750,842,2933,3775
WBGene00022751,0,1,1
WBGene00022752,18,135,153
WBGene00022753,8,6,14
WBGene00022754,0,5,5
WBGene00022756,13,69,82
WBGene00022757,2,2,4
WBGene00022758,0,2,2
WBGene00022759,50,2257,2307
WBGene00022761,0,17,17
WBGene00022762,68,433,501
WBGene00022765,827,6853,7680
WBGene00022766,138,2305,2443
WBGene00022767,27,483,510
WBGene00022769,44,859,903
WBGene00022770,45,646,691
WBGene00022771,91,572,663
WBGene00022772,24,92,116
WBGene00022773,202,498,700
WBGene00022774,64,2657,2721
WBGene00022775,5,167,172
WBGene00022776,30,3359,3389
WBGene00022778,1,3,4
WBGene00022780,1,8,9
WBGene00022781,72,4071,4143
WBGene00022782,39,708,747
WBGene00022783,449,4041,4490
WBGene00022785,134,1665,1799
WBGene00022786,10,782,792
WBGene00022787,65,892,957
WBGene00022788,21,924,945
WBGene00022789,5,76,81
WBGene00022790,31,279,310
WBGene00022791,511,3774,4285
WBGene00022792,85,1327,1412
WBGene00022793,62,4681,4743
WBGene00022794,291,4530,4821
WBGene00022795,9,134,143
WBGene00022796,91,488,579
WBGene00022797,39,523,562
WBGene00022798,223,2466,2689
WBGene00022799,2,11,13
WBGene00022800,177,1589,1766
WBGene00022801,128,4696,4824
WBGene00022802,40,472,512
WBGene00022803,59,777,836
WBGene00022804,0,8,8
WBGene00022805,161,933,1094
WBGene00022807,5,16,21
WBGene00022808,4,26,30
WBGene00022809,1,1,2
WBGene00022810,32,290,322
WBGene00022811,61,49,110
WBGene00022812,138,1512,1650
WBGene00022813,57,466,523
WBGene00022814,31,445,476
WBGene00022815,23,116,139
WBGene00022816,285,2542,2827
WBGene00022817,314,4044,4358
WBGene00022820,11,0,11
WBGene00022821,0,0,0
WBGene00022822,0,2,2
WBGene00022823,36,1859,1895
WBGene00022824,28,191,219
WBGene00022825,7,349,356
WBGene00022826,1,8,9
WBGene00022827,14,53,67
WBGene00022829,38,77,115
WBGene00022830,33,772,805
WBGene00022831,114,1670,1784
WBGene00022832,92,1611,1703
WBGene00022833,2,3,5
WBGene00022834,5,40,45
WBGene00022835,72,729,801
WBGene00022836,114,2106,2220
WBGene00022837,51,434,485
WBGene00022838,13,30,43
WBGene00022840,11,12,23
WBGene00022842,26,289,315
WBGene00022843,40,58,98
WBGene00022845,2,103,105
WBGene00022846,71,83,154
WBGene00022847,39,141,180
WBGene00022848,36,373,409
WBGene00022849,13,57,70
WBGene00022850,364,1059,1423
WBGene00022851,110,2435,2545
WBGene00022852,6,1862,1868
WBGene00022853,48,2452,2500
WBGene00022854,21,147,168
WBGene00022855,71,4227,4298
WBGene00022856,28,7821,7849
WBGene00022857,15,298,313
WBGene00022858,40,72,112
WBGene00022861,3203,659,3862
WBGene00022862,26,713,739
WBGene00022864,139,4035,4174
WBGene00022865,183,2149,2332
WBGene00022866,2,7,9
WBGene00022867,8,31,39
WBGene00022868,1,72,73
WBGene00022869,0,0,0
WBGene00022870,5,1,6
WBGene00022871,2,2,4
WBGene00022872,4,6,10
WBGene00022873,2,6,8
WBGene00022874,45,1758,1803
WBGene00022875,0,0,0
WBGene00022876,0,5,5
WBGene00022877,6,2,8
WBGene00022880,113,716,829
WBGene00022881,24,648,672
WBGene00022882,59,421,480
WBGene00022883,28,419,447
WBGene00022884,0,21,21
WBGene00022885,57,821,878
WBGene00022886,1,3,4
WBGene00022887,26,658,684
WBGene00022888,4,1,5
WBGene00022889,1,0,1
WBGene00022890,0,2,2
WBGene00022891,2,38,40
WBGene00022892,0,0,0
WBGene00022893,31,66,97
WBGene00023067,9784,17782,27566
WBGene00023068,220977,327446,548423
WBGene00023172,28,88,116
WBGene00023186,2,1,3
WBGene00023284,2,351,353
WBGene00023404,60,339,399
WBGene00023405,250,2677,2927
WBGene00023407,39,1344,1383
WBGene00023408,406,9703,10109
WBGene00023409,136,1324,1460
WBGene00023410,1,2,3
WBGene00023411,1,6,7
WBGene00023413,5,32,37
WBGene00023414,208,647,855
WBGene00023415,22,122,144
WBGene00023416,39,747,786
WBGene00023417,12,1095,1107
WBGene00023418,12,689,701
WBGene00023419,126,1656,1782
WBGene00023420,1,6,7
WBGene00023421,22,595,617
WBGene00023422,193,1731,1924
WBGene00023423,38,51,89
WBGene00023424,5,13,18
WBGene00023425,2,1,3
WBGene00023427,15,45,60
WBGene00023431,805,927,1732
WBGene00023432,10,101,111
WBGene00023450,138,563,701
WBGene00023451,18,21,39
WBGene00023458,171,1393,1564
WBGene00023459,6,2,8
WBGene00023460,24,207,231
WBGene00023462,2,31,33
WBGene00023463,1,1,2
WBGene00023474,2,0,2
WBGene00023475,6,1,7
WBGene00023477,0,365,365
WBGene00023478,2,7,9
WBGene00023479,0,2,2
WBGene00023483,0,0,0
WBGene00023484,7,3,10
WBGene00023485,2,56,58
WBGene00023486,19,365,384
WBGene00023487,167,4870,5037
WBGene00023489,310,507,817
WBGene00023490,3,21,24
WBGene00023491,175,736,911
WBGene00023492,2,28,30
WBGene00023493,9,1845,1854
WBGene00023497,89,1235,1324
WBGene00023498,17,691,708
WBGene00023499,4,5,9
WBGene00023500,148,1426,1574
WBGene00023501,6,114,120
WBGene00023502,194,797,991
WBGene00023503,9,36,45
WBGene00023504,93,584,677
WBGene00023505,2,3,5
WBGene00023506,1,12,13
WBGene00023508,1,1,2
WBGene00023513,1,2,3
WBGene00023514,2,2,4
WBGene00023515,127,80,207
WBGene00023517,2,3,5
WBGene00023518,1,1,2
WBGene00023519,13,21,34
WBGene00023520,44,360,404
WBGene00043049,11,84,95
WBGene00043050,280,2248,2528
WBGene00043051,121,512,633
WBGene00043052,2,1,3
WBGene00043054,19,247,266
WBGene00043056,112,255,367
WBGene00043057,82,584,666
WBGene00043058,0,0,0
WBGene00043059,6,6,12
WBGene00043060,356,1850,2206
WBGene00043061,21,38,59
WBGene00043062,10,44,54
WBGene00043064,47,4628,4675
WBGene00043065,23,102,125
WBGene00043066,16,52,68
WBGene00043067,7,134,141
WBGene00043068,27,224,251
WBGene00043069,27,50,77
WBGene00043097,147,2322,2469
WBGene00043120,11,95,106
WBGene00043147,0,28,28
WBGene00043156,114,1317,1431
WBGene00043187,0,0,0
WBGene00043279,45,399,444
WBGene00043297,275,587,862
WBGene00043302,256,2307,2563
WBGene00043308,6,187,193
WBGene00043327,0,0,0
WBGene00043328,0,0,0
WBGene00043466,2,5,7
WBGene00043469,0,0,0
WBGene00043534,76,118,194
WBGene00043666,0,15,15
WBGene00043702,0,24,24
WBGene00043705,26,75,101
WBGene00043743,0,0,0
WBGene00043948,0,0,0
WBGene00043952,45,34,79
WBGene00043980,3,1,4
WBGene00043981,30,71,101
WBGene00043982,126,1593,1719
WBGene00043983,20,196,216
WBGene00043984,0,1,1
WBGene00043985,32,459,491
WBGene00043986,5,1,6
WBGene00043988,0,0,0
WBGene00043989,0,0,0
WBGene00043990,0,0,0
WBGene00043992,79,283,362
WBGene00043994,24,729,753
WBGene00043995,30,139,169
WBGene00043996,0,29,29
WBGene00043997,41,191,232
WBGene00043998,7,47,54
WBGene00044001,54,2150,2204
WBGene00044002,0,1,1
WBGene00044003,6,1,7
WBGene00044004,0,73,73
WBGene00044005,1,4,5
WBGene00044006,134,1210,1344
WBGene00044007,149,1191,1340
WBGene00044008,127,1103,1230
WBGene00044009,55,157,212
WBGene00044011,0,1130,1130
WBGene00044012,0,4,4
WBGene00044013,1,1,2
WBGene00044014,0,0,0
WBGene00044016,2,20,22
WBGene00044018,4,1,5
WBGene00044019,90,474,564
WBGene00044020,4,51,55
WBGene00044021,30,226,256
WBGene00044024,6,42,48
WBGene00044025,88,1164,1252
WBGene00044026,88,4510,4598
WBGene00044027,1,12,13
WBGene00044028,9,184,193
WBGene00044029,79,1129,1208
WBGene00044030,12,6,18
WBGene00044031,0,2,2
WBGene00044032,8,97,105
WBGene00044034,15,13,28
WBGene00044035,9,99,108
WBGene00044043,0,32,32
WBGene00044044,0,5,5
WBGene00044045,683,118,801
WBGene00044047,1,5,6
WBGene00044048,12,10,22
WBGene00044049,799,4885,5684
WBGene00044058,28,141,169
WBGene00044059,2,15,17
WBGene00044061,128,1043,1171
WBGene00044062,0,1,1
WBGene00044063,36,1890,1926
WBGene00044065,135,301,436
WBGene00044066,1,23,24
WBGene00044067,11,137,148
WBGene00044068,513,7258,7771
WBGene00044069,56,1042,1098
WBGene00044070,437,6151,6588
WBGene00044071,53,849,902
WBGene00044072,297,1792,2089
WBGene00044073,9,69,78
WBGene00044074,7,10,17
WBGene00044077,149,2221,2370
WBGene00044078,622,4069,4691
WBGene00044079,667,5955,6622
WBGene00044080,0,1,1
WBGene00044081,3,4,7
WBGene00044082,65,1351,1416
WBGene00044083,135,238,373
WBGene00044084,5,6,11
WBGene00044086,1,0,1
WBGene00044087,2,1,3
WBGene00044088,0,3,3
WBGene00044089,1,1,2
WBGene00044090,6,8,14
WBGene00044091,10,18,28
WBGene00044092,12,10,22
WBGene00044094,99,1507,1606
WBGene00044099,0,0,0
WBGene00044100,1,0,1
WBGene00044105,0,0,0
WBGene00044106,1,1,2
WBGene00044107,25,155,180
WBGene00044109,0,133,133
WBGene00044112,0,2,2
WBGene00044113,0,5,5
WBGene00044114,2,0,2
WBGene00044115,4,10,14
WBGene00044116,7,2,9
WBGene00044117,4,14,18
WBGene00044120,8,22,30
WBGene00044121,0,6,6
WBGene00044122,48,46,94
WBGene00044124,3,2,5
WBGene00044125,29,15,44
WBGene00044127,1,1,2
WBGene00044131,0,0,0
WBGene00044132,32,355,387
WBGene00044133,0,0,0
WBGene00044134,67,538,605
WBGene00044135,26,223,249
WBGene00044136,5,1,6
WBGene00044137,0,46,46
WBGene00044138,59,257,316
WBGene00044139,16,178,194
WBGene00044140,1,3,4
WBGene00044141,5,32,37
WBGene00044142,11,36,47
WBGene00044143,219,1166,1385
WBGene00044144,14,386,400
WBGene00044145,1,6,7
WBGene00044146,0,1,1
WBGene00044147,4,15,19
WBGene00044148,2,2,4
WBGene00044149,1,2,3
WBGene00044150,10,11,21
WBGene00044151,67,716,783
WBGene00044152,20,174,194
WBGene00044153,15,38,53
WBGene00044154,2,24,26
WBGene00044156,19,131,150
WBGene00044157,6,0,6
WBGene00044158,7,3,10
WBGene00044159,0,1,1
WBGene00044160,10,3,13
WBGene00044162,3,1,4
WBGene00044163,31,115,146
WBGene00044164,0,3,3
WBGene00044166,13,56,69
WBGene00044167,60,701,761
WBGene00044169,8,84,92
WBGene00044174,3,127,130
WBGene00044175,13,140,153
WBGene00044176,105,2307,2412
WBGene00044177,4,0,4
WBGene00044178,0,1,1
WBGene00044179,0,2,2
WBGene00044180,44,109,153
WBGene00044181,2,8,10
WBGene00044182,3,37,40
WBGene00044183,0,2,2
WBGene00044184,0,6,6
WBGene00044185,0,0,0
WBGene00044187,2396,15,2411
WBGene00044188,58,469,527
WBGene00044189,0,10,10
WBGene00044191,62,415,477
WBGene00044192,1,2,3
WBGene00044193,0,17,17
WBGene00044194,0,0,0
WBGene00044195,0,4,4
WBGene00044197,0,18,18
WBGene00044198,2,99,101
WBGene00044199,1,0,1
WBGene00044200,77,197,274
WBGene00044201,0,0,0
WBGene00044202,1,3,4
WBGene00044203,1,5,6
WBGene00044204,34,616,650
WBGene00044205,3,36,39
WBGene00044206,2,10,12
WBGene00044207,0,0,0
WBGene00044208,0,1,1
WBGene00044210,71,547,618
WBGene00044211,6,7,13
WBGene00044212,2,8,10
WBGene00044213,4,53,57
WBGene00044215,0,0,0
WBGene00044218,3,128,131
WBGene00044221,4,86,90
WBGene00044222,0,4,4
WBGene00044225,0,10,10
WBGene00044227,1,5,6
WBGene00044228,15,22,37
WBGene00044230,5,6,11
WBGene00044232,26,5,31
WBGene00044233,136,476,612
WBGene00044235,0,2,2
WBGene00044236,4,690,694
WBGene00044237,2,3,5
WBGene00044238,31,49,80
WBGene00044239,61,237,298
WBGene00044240,25,66,91
WBGene00044241,13,101,114
WBGene00044242,0,0,0
WBGene00044243,5,6,11
WBGene00044244,2,6,8
WBGene00044245,0,24,24
WBGene00044246,0,0,0
WBGene00044247,2,1,3
WBGene00044249,4,3,7
WBGene00044250,2,7,9
WBGene00044251,18,139,157
WBGene00044253,21,397,418
WBGene00044254,1,0,1
WBGene00044256,19,4,23
WBGene00044257,1,12,13
WBGene00044258,48,211,259
WBGene00044259,0,0,0
WBGene00044260,69,2392,2461
WBGene00044261,8,4,12
WBGene00044263,0,0,0
WBGene00044264,0,1,1
WBGene00044265,8,18,26
WBGene00044266,5,0,5
WBGene00044271,0,0,0
WBGene00044272,0,5,5
WBGene00044273,0,0,0
WBGene00044274,0,0,0
WBGene00044275,0,0,0
WBGene00044278,0,1,1
WBGene00044280,267,264,531
WBGene00044281,5,8,13
WBGene00044282,1,0,1
WBGene00044283,897,2441,3338
WBGene00044284,0,1,1
WBGene00044286,1,2,3
WBGene00044287,2,12,14
WBGene00044288,8,66,74
WBGene00044289,6,282,288
WBGene00044290,92,194,286
WBGene00044291,7,50,57
WBGene00044292,17,124,141
WBGene00044293,3,6,9
WBGene00044294,420,2222,2642
WBGene00044295,9,126,135
WBGene00044296,9,100,109
WBGene00044297,26,150,176
WBGene00044298,0,4,4
WBGene00044299,6,44,50
WBGene00044300,6,23,29
WBGene00044301,234,3668,3902
WBGene00044302,0,1,1
WBGene00044303,27,203,230
WBGene00044304,150,467,617
WBGene00044305,68,1848,1916
WBGene00044306,1,0,1
WBGene00044307,0,1,1
WBGene00044310,65,502,567
WBGene00044311,39,172,211
WBGene00044312,9,24,33
WBGene00044313,7,71,78
WBGene00044314,0,2,2
WBGene00044315,1,3,4
WBGene00044316,57,476,533
WBGene00044317,2,16,18
WBGene00044318,80,2829,2909
WBGene00044319,7,398,405
WBGene00044321,467,3305,3772
WBGene00044322,18,838,856
WBGene00044323,99,1155,1254
WBGene00044324,39,7629,7668
WBGene00044325,43,972,1015
WBGene00044326,193,1589,1782
WBGene00044329,90,1178,1268
WBGene00044330,22,589,611
WBGene00044331,0,2,2
WBGene00044332,0,1,1
WBGene00044333,1,3,4
WBGene00044337,0,0,0
WBGene00044338,32,2905,2937
WBGene00044339,4,441,445
WBGene00044340,0,7,7
WBGene00044341,0,328,328
WBGene00044342,117,340,457
WBGene00044344,45,2475,2520
WBGene00044345,64,793,857
WBGene00044346,0,0,0
WBGene00044347,9,12,21
WBGene00044348,221,144,365
WBGene00044349,15,8,23
WBGene00044350,129,651,780
WBGene00044352,1,6,7
WBGene00044353,1,158,159
WBGene00044354,1,133,134
WBGene00044355,7,198,205
WBGene00044356,0,0,0
WBGene00044357,0,0,0
WBGene00044358,8,1,9
WBGene00044359,0,2,2
WBGene00044360,0,4,4
WBGene00044361,0,0,0
WBGene00044362,0,0,0
WBGene00044363,6,84,90
WBGene00044364,0,0,0
WBGene00044365,0,1,1
WBGene00044366,0,12,12
WBGene00044367,10,192,202
WBGene00044368,621,71,692
WBGene00044369,0,1,1
WBGene00044370,0,0,0
WBGene00044371,0,1,1
WBGene00044372,0,0,0
WBGene00044373,2,98,100
WBGene00044374,0,0,0
WBGene00044375,0,0,0
WBGene00044376,0,27,27
WBGene00044377,0,0,0
WBGene00044378,0,0,0
WBGene00044379,0,1,1
WBGene00044380,2,22,24
WBGene00044381,4,8,12
WBGene00044382,1,17,18
WBGene00044383,1,1,2
WBGene00044384,16,0,16
WBGene00044385,7,3,10
WBGene00044386,3,27,30
WBGene00044387,129,2669,2798
WBGene00044388,0,1,1
WBGene00044389,660,12076,12736
WBGene00044390,2,24,26
WBGene00044391,122,120,242
WBGene00044392,12,195,207
WBGene00044393,0,0,0
WBGene00044394,4,106,110
WBGene00044395,24,109,133
WBGene00044396,5,456,461
WBGene00044399,0,2,2
WBGene00044401,131,1899,2030
WBGene00044402,1,4,5
WBGene00044403,13,19,32
WBGene00044406,15,223,238
WBGene00044409,14,54,68
WBGene00044410,54,423,477
WBGene00044411,139,1319,1458
WBGene00044413,1329,507,1836
WBGene00044414,17,126,143
WBGene00044415,0,0,0
WBGene00044416,1,0,1
WBGene00044417,0,14,14
WBGene00044418,346,1802,2148
WBGene00044419,6,7,13
WBGene00044420,11,382,393
WBGene00044421,44,251,295
WBGene00044423,11,302,313
WBGene00044424,3,24,27
WBGene00044425,0,0,0
WBGene00044427,7,22,29
WBGene00044428,26,10,36
WBGene00044429,8,1,9
WBGene00044431,239,1356,1595
WBGene00044432,2,6,8
WBGene00044433,106,606,712
WBGene00044434,2,5,7
WBGene00044435,0,85,85
WBGene00044436,19,356,375
WBGene00044437,46,63,109
WBGene00044438,118,563,681
WBGene00044439,36,10,46
WBGene00044440,61,132,193
WBGene00044441,3,3,6
WBGene00044442,4,247,251
WBGene00044443,333,7351,7684
WBGene00044444,7,15,22
WBGene00044445,85,432,517
WBGene00044446,0,17,17
WBGene00044447,1,2,3
WBGene00044448,2,8,10
WBGene00044449,1,6,7
WBGene00044450,0,0,0
WBGene00044451,0,0,0
WBGene00044452,180,2160,2340
WBGene00044453,18,32,50
WBGene00044454,0,0,0
WBGene00044455,0,10,10
WBGene00044457,1,35,36
WBGene00044458,0,5,5
WBGene00044459,40,114,154
WBGene00044460,0,8,8
WBGene00044461,38,29,67
WBGene00044462,65,314,379
WBGene00044463,44,335,379
WBGene00044464,35,141,176
WBGene00044466,25,791,816
WBGene00044467,360,1548,1908
WBGene00044468,5,96,101
WBGene00044469,2,11,13
WBGene00044470,2,4,6
WBGene00044471,11,211,222
WBGene00044472,34,166,200
WBGene00044473,0,0,0
WBGene00044474,0,0,0
WBGene00044475,0,0,0
WBGene00044476,0,3,3
WBGene00044477,18,86,104
WBGene00044478,18,138,156
WBGene00044479,9,44,53
WBGene00044480,5,7,12
WBGene00044481,10,20,30
WBGene00044482,68,244,312
WBGene00044483,9,772,781
WBGene00044484,101,864,965
WBGene00044485,58,334,392
WBGene00044486,1,18,19
WBGene00044487,23,89,112
WBGene00044488,22,42,64
WBGene00044489,0,0,0
WBGene00044490,0,0,0
WBGene00044491,3,1,4
WBGene00044492,6,1,7
WBGene00044493,7,558,565
WBGene00044495,39,94,133
WBGene00044498,0,1,1
WBGene00044499,0,9,9
WBGene00044500,129,1007,1136
WBGene00044501,48,11,59
WBGene00044502,9,113,122
WBGene00044504,16,88,104
WBGene00044505,12,38,50
WBGene00044508,156,1196,1352
WBGene00044509,4,735,739
WBGene00044510,10,60,70
WBGene00044511,17,89,106
WBGene00044512,9,66,75
WBGene00044513,101,573,674
WBGene00044514,249,6415,6664
WBGene00044516,1,0,1
WBGene00044518,0,2,2
WBGene00044519,2,0,2
WBGene00044520,0,19,19
WBGene00044521,0,7,7
WBGene00044524,0,0,0
WBGene00044525,15,152,167
WBGene00044526,5,34,39
WBGene00044527,10,100,110
WBGene00044528,14,15,29
WBGene00044529,13,11,24
WBGene00044530,2,62,64
WBGene00044531,16,1,17
WBGene00044533,3,25,28
WBGene00044534,34,61,95
WBGene00044535,2,7,9
WBGene00044536,30,262,292
WBGene00044537,0,1,1
WBGene00044538,1,2,3
WBGene00044539,3,26,29
WBGene00044541,1,9,10
WBGene00044542,26,22,48
WBGene00044543,0,0,0
WBGene00044544,451,756,1207
WBGene00044545,0,17,17
WBGene00044546,1,5,6
WBGene00044547,0,88,88
WBGene00044548,0,1,1
WBGene00044549,5,0,5
WBGene00044550,3,0,3
WBGene00044551,2,41,43
WBGene00044552,0,21,21
WBGene00044553,51,2310,2361
WBGene00044554,20,41,61
WBGene00044555,3,8,11
WBGene00044556,8,233,241
WBGene00044557,165,336,501
WBGene00044558,0,0,0
WBGene00044559,115,182,297
WBGene00044560,21,8,29
WBGene00044561,1,0,1
WBGene00044562,0,37,37
WBGene00044563,7,2,9
WBGene00044564,6,4,10
WBGene00044565,0,3,3
WBGene00044566,29,5,34
WBGene00044567,6,18,24
WBGene00044568,146,976,1122
WBGene00044569,3,12,15
WBGene00044570,790,22,812
WBGene00044571,52,51,103
WBGene00044572,13,3,16
WBGene00044573,0,4,4
WBGene00044574,15,10,25
WBGene00044575,6,5,11
WBGene00044577,1,2,3
WBGene00044578,1,59,60
WBGene00044579,3,0,3
WBGene00044580,2,0,2
WBGene00044581,1,0,1
WBGene00044582,45,645,690
WBGene00044583,26,1,27
WBGene00044584,143,820,963
WBGene00044586,0,47,47
WBGene00044587,1,2,3
WBGene00044588,45,164,209
WBGene00044589,3,7,10
WBGene00044602,1,0,1
WBGene00044603,95,350,445
WBGene00044604,40,483,523
WBGene00044605,449,2975,3424
WBGene00044607,9,49,58
WBGene00044608,31,922,953
WBGene00044609,315,470,785
WBGene00044610,0,8,8
WBGene00044611,24,42,66
WBGene00044612,19,330,349
WBGene00044614,50,524,574
WBGene00044615,77,777,854
WBGene00044616,0,12,12
WBGene00044617,3,112,115
WBGene00044618,7,180,187
WBGene00044620,28,371,399
WBGene00044623,42,1717,1759
WBGene00044630,69,912,981
WBGene00044631,40,314,354
WBGene00044633,3,29,32
WBGene00044634,2,3,5
WBGene00044636,137,2446,2583
WBGene00044637,66,131,197
WBGene00044638,0,629,629
WBGene00044640,209,1555,1764
WBGene00044641,314,115,429
WBGene00044643,10,572,582
WBGene00044644,92,767,859
WBGene00044645,4,12,16
WBGene00044646,31,46,77
WBGene00044648,53,502,555
WBGene00044649,38,39,77
WBGene00044650,1077,1469,2546
WBGene00044651,275,437,712
WBGene00044653,6,3,9
WBGene00044654,4,26,30
WBGene00044655,0,3,3
WBGene00044658,8,72,80
WBGene00044659,0,5,5
WBGene00044661,2,49,51
WBGene00044662,6,22,28
WBGene00044663,0,23,23
WBGene00044664,1,4,5
WBGene00044665,2,1,3
WBGene00044666,120,1894,2014
WBGene00044667,3,31,34
WBGene00044668,0,1,1
WBGene00044669,5,4,9
WBGene00044672,5,43,48
WBGene00044673,0,11,11
WBGene00044674,1,1,2
WBGene00044675,14,122,136
WBGene00044676,0,78,78
WBGene00044677,741,1856,2597
WBGene00044678,6,30,36
WBGene00044679,84,1111,1195
WBGene00044680,2,1,3
WBGene00044681,335,364,699
WBGene00044683,0,3,3
WBGene00044684,0,20,20
WBGene00044686,186,7516,7702
WBGene00044687,1,3,4
WBGene00044689,256,1103,1359
WBGene00044690,39,349,388
WBGene00044692,1,0,1
WBGene00044693,0,0,0
WBGene00044694,0,2,2
WBGene00044696,13,166,179
WBGene00044697,5,76,81
WBGene00044698,96,2270,2366
WBGene00044699,6,106,112
WBGene00044701,83,637,720
WBGene00044705,32,111,143
WBGene00044707,2,1,3
WBGene00044708,7,0,7
WBGene00044709,0,0,0
WBGene00044711,0,2,2
WBGene00044719,0,5,5
WBGene00044720,0,21,21
WBGene00044723,4,18,22
WBGene00044724,97,2126,2223
WBGene00044725,19,338,357
WBGene00044726,16,7,23
WBGene00044732,4,129,133
WBGene00044733,1,5,6
WBGene00044734,0,0,0
WBGene00044735,0,0,0
WBGene00044736,58,350,408
WBGene00044737,1257,9216,10473
WBGene00044738,16,5,21
WBGene00044741,0,9,9
WBGene00044742,31,178,209
WBGene00044743,44,1083,1127
WBGene00044744,2,7,9
WBGene00044745,84,302,386
WBGene00044746,785,2793,3578
WBGene00044753,13,5,18
WBGene00044754,17,1,18
WBGene00044755,0,1,1
WBGene00044756,31,265,296
WBGene00044757,5,53,58
WBGene00044758,8,76,84
WBGene00044759,0,4,4
WBGene00044760,12,62,74
WBGene00044761,5,12,17
WBGene00044762,70,1052,1122
WBGene00044763,5,10,15
WBGene00044767,9,340,349
WBGene00044770,40,284,324
WBGene00044771,26,203,229
WBGene00044772,18,1024,1042
WBGene00044773,0,2,2
WBGene00044774,183,1055,1238
WBGene00044775,0,0,0
WBGene00044776,12,28,40
WBGene00044777,1,2,3
WBGene00044778,0,2,2
WBGene00044779,14,97,111
WBGene00044780,13,16,29
WBGene00044783,0,0,0
WBGene00044784,30,2792,2822
WBGene00044786,0,0,0
WBGene00044788,23,31,54
WBGene00044789,42,2063,2105
WBGene00044790,65,740,805
WBGene00044791,0,91,91
WBGene00044792,21,35,56
WBGene00044794,0,0,0
WBGene00044795,8,196,204
WBGene00044796,3,6,9
WBGene00044797,2,129,131
WBGene00044798,11,1,12
WBGene00044799,0,64,64
WBGene00044801,0,0,0
WBGene00044802,0,0,0
WBGene00044803,53,106,159
WBGene00044805,1,6,7
WBGene00044807,1,5,6
WBGene00044810,0,0,0
WBGene00044811,41,511,552
WBGene00044889,1,0,1
WBGene00044891,96,895,991
WBGene00044892,0,2,2
WBGene00044894,41,338,379
WBGene00044895,14,7,21
WBGene00044896,3,2,5
WBGene00044897,4,25,29
WBGene00044898,25,21,46
WBGene00044900,7,65,72
WBGene00044901,2,256,258
WBGene00044903,87,380,467
WBGene00044906,3,233,236
WBGene00044908,6,6,12
WBGene00044911,5,1,6
WBGene00044912,4,0,4
WBGene00044916,117,1801,1918
WBGene00044917,4,16,20
WBGene00044921,481,8871,9352
WBGene00044922,56,1130,1186
WBGene00044924,126,423,549
WBGene00044949,92,989,1081
WBGene00044953,4,6,10
WBGene00044977,142,2887,3029
WBGene00044978,0,2,2
WBGene00044979,10,18,28
WBGene00044987,75,280,355
WBGene00044988,0,589,589
WBGene00044989,431,2655,3086
WBGene00044990,177,2160,2337
WBGene00044991,16,400,416
WBGene00044998,0,0,0
WBGene00045013,11,49,60
WBGene00045024,5,25,30
WBGene00045036,3,20,23
WBGene00045038,0,0,0
WBGene00045048,0,162,162
WBGene00045050,11,160,171
WBGene00045052,15,33,48
WBGene00045053,5,19,24
WBGene00045056,82,939,1021
WBGene00045058,9,30,39
WBGene00045060,2,7,9
WBGene00045061,0,0,0
WBGene00045063,171,456,627
WBGene00045067,0,39,39
WBGene00045069,0,0,0
WBGene00045078,206,1708,1914
WBGene00045096,0,325,325
WBGene00045101,0,1,1
WBGene00045103,0,0,0
WBGene00045108,3,2,5
WBGene00045122,1,0,1
WBGene00045128,0,0,0
WBGene00045144,9,3,12
WBGene00045146,33,162,195
WBGene00045177,3,10,13
WBGene00045178,5,143,148
WBGene00045180,1,4,5
WBGene00045183,2,29,31
WBGene00045190,52,356,408
WBGene00045192,3,1076,1079
WBGene00045195,268,193,461
WBGene00045198,5,2,7
WBGene00045207,5,23,28
WBGene00045208,0,6800,6800
WBGene00045209,0,9,9
WBGene00045210,19,104,123
WBGene00045211,4,7,11
WBGene00045212,24,84,108
WBGene00045215,20,83,103
WBGene00045234,4,24,28
WBGene00045237,25,312,337
WBGene00045239,2,4,6
WBGene00045242,0,4,4
WBGene00045245,2,19,21
WBGene00045246,74,856,930
WBGene00045247,7,16,23
WBGene00045248,79,196,275
WBGene00045249,210,4074,4284
WBGene00045250,24,74,98
WBGene00045251,0,0,0
WBGene00045252,19,110,129
WBGene00045253,77,485,562
WBGene00045255,191,650,841
WBGene00045261,2,17,19
WBGene00045265,0,5,5
WBGene00045268,1,2,3
WBGene00045269,2,16,18
WBGene00045270,12,0,12
WBGene00045271,6,24,30
WBGene00045272,0,34520,34520
WBGene00045275,0,396,396
WBGene00045276,0,2848,2848
WBGene00045277,275,1421,1696
WBGene00045283,0,6,6
WBGene00045289,64,14,78
WBGene00045291,3,10,13
WBGene00045292,2,3,5
WBGene00045295,11,243,254
WBGene00045297,11,64,75
WBGene00045298,0,0,0
WBGene00045299,0,0,0
WBGene00045300,0,0,0
WBGene00045301,0,0,0
WBGene00045302,2,0,2
WBGene00045303,0,3,3
WBGene00045304,2,3,5
WBGene00045305,0,291,291
WBGene00045306,2,1,3
WBGene00045308,8,6,14
WBGene00045331,4,95,99
WBGene00045336,92,794,886
WBGene00045337,0,21,21
WBGene00045338,0,0,0
WBGene00045339,0,62,62
WBGene00045340,65,329,394
WBGene00045344,1,0,1
WBGene00045355,5,4,9
WBGene00045356,5,12,17
WBGene00045357,46,324,370
WBGene00045361,0,1,1
WBGene00045362,0,0,0
WBGene00045364,6,2,8
WBGene00045365,0,17,17
WBGene00045379,16,319,335
WBGene00045380,0,0,0
WBGene00045381,1,1,2
WBGene00045382,1,14,15
WBGene00045385,7,49,56
WBGene00045386,52,483,535
WBGene00045387,61,427,488
WBGene00045390,177,2597,2774
WBGene00045392,76,671,747
WBGene00045393,4,26,30
WBGene00045394,0,4,4
WBGene00045395,25,131,156
WBGene00045396,28,354,382
WBGene00045397,18,109,127
WBGene00045398,4,2,6
WBGene00045399,3,35,38
WBGene00045400,6,34,40
WBGene00045401,5,12,17
WBGene00045402,0,0,0
WBGene00045403,11,149,160
WBGene00045405,10,29,39
WBGene00045406,0,1,1
WBGene00045407,106,962,1068
WBGene00045411,4,125,129
WBGene00045412,0,24,24
WBGene00045413,3,1,4
WBGene00045414,0,1,1
WBGene00045415,1,18,19
WBGene00045416,1,4,5
WBGene00045417,1,2,3
WBGene00045418,107,2579,2686
WBGene00045419,344,2752,3096
WBGene00045433,120,1325,1445
WBGene00045434,90,417,507
WBGene00045455,4,75,79
WBGene00045456,3,2,5
WBGene00045457,0,33,33
WBGene00045458,3,11,14
WBGene00045459,0,0,0
WBGene00045460,1,14,15
WBGene00045461,10,37,47
WBGene00045468,0,5,5
WBGene00045473,1,10,11
WBGene00045474,3,38,41
WBGene00045475,12,15,27
WBGene00045480,20,16,36
WBGene00045481,14,11,25
WBGene00045482,122,484,606
WBGene00045483,555,6854,7409
WBGene00045484,22,42,64
WBGene00045486,0,1,1
WBGene00045488,2,18,20
WBGene00045490,0,0,0
WBGene00045493,8,6,14
WBGene00045494,9,27,36
WBGene00045495,97,955,1052
WBGene00045497,7,43,50
WBGene00045498,0,6,6
WBGene00045500,2,10,12
WBGene00045501,0,0,0
WBGene00045506,1,1,2
WBGene00045507,3,909,912
WBGene00045508,2,1,3
WBGene00045510,20,156,176
WBGene00045511,8,24,32
WBGene00045513,4,5,9
WBGene00045515,2,0,2
WBGene00045517,229,1585,1814
WBGene00050875,33,556,589
WBGene00050879,1,0,1
WBGene00050880,12,4,16
WBGene00050881,3,0,3
WBGene00050884,129,674,803
WBGene00050885,63,586,649
WBGene00050889,55,330,385
WBGene00050891,26,7,33
WBGene00050892,2,4,6
WBGene00050893,0,0,0
WBGene00050894,0,0,0
WBGene00050896,0,0,0
WBGene00050898,0,0,0
WBGene00050899,1,68,69
WBGene00050904,0,15,15
WBGene00050906,2,3,5
WBGene00050907,1,1,2
WBGene00050910,4,0,4
WBGene00050911,0,7,7
WBGene00050913,0,0,0
WBGene00050914,0,1,1
WBGene00050915,3,10,13
WBGene00050916,4,24,28
WBGene00050917,13,35,48
WBGene00050919,2,3,5
WBGene00050929,0,0,0
WBGene00050931,3,29,32
WBGene00050934,4,53,57
WBGene00050936,0,0,0
WBGene00050937,35,520,555
WBGene00050939,0,9844,9844
WBGene00050940,1,20,21
WBGene00050941,3,903,906
WBGene00050943,42,320,362
WBGene00050944,119,1745,1864
WBGene00050947,6,521,527
WBGene00050955,0,0,0
WBGene00050956,0,0,0
WBGene00050957,2,3,5
WBGene00050959,0,0,0
WBGene00050965,0,0,0
WBGene00050967,0,1,1
WBGene00050968,0,1,1
WBGene00050974,0,5,5
WBGene00050975,10,10,20
WBGene00077439,1,71,72
WBGene00077445,0,2,2
WBGene00077450,4,4,8
WBGene00077453,24,730,754
WBGene00077455,8,34,42
WBGene00077464,0,1,1
WBGene00077489,1,19,20
WBGene00077490,13,226,239
WBGene00077491,4,78,82
WBGene00077492,0,0,0
WBGene00077493,2,5,7
WBGene00077495,0,1,1
WBGene00077497,260,292,552
WBGene00077500,21,252,273
WBGene00077503,0,0,0
WBGene00077508,31,16,47
WBGene00077514,0,2,2
WBGene00077519,0,13,13
WBGene00077520,75,659,734
WBGene00077521,3,287,290
WBGene00077522,1,37,38
WBGene00077523,1,8,9
WBGene00077525,45,8,53
WBGene00077526,0,15978,15978
WBGene00077531,4,14,18
WBGene00077536,4,96,100
WBGene00077538,12,55,67
WBGene00077539,152,54,206
WBGene00077543,7,31,38
WBGene00077546,6,6,12
WBGene00077548,2,2,4
WBGene00077553,60,58,118
WBGene00077557,30,59,89
WBGene00077558,19,40,59
WBGene00077559,7,54,61
WBGene00077562,6,1,7
WBGene00077563,5,23,28
WBGene00077565,2,12,14
WBGene00077569,16,31,47
WBGene00077573,20,366,386
WBGene00077576,2,2,4
WBGene00077577,7,296,303
WBGene00077582,5,7,12
WBGene00077583,0,1,1
WBGene00077585,39,100,139
WBGene00077588,0,14,14
WBGene00077592,0,9,9
WBGene00077593,5,30,35
WBGene00077599,67,392,459
WBGene00077607,2,1,3
WBGene00077616,3,24,27
WBGene00077622,0,1,1
WBGene00077624,0,1,1
WBGene00077640,1,2,3
WBGene00077643,46,646,692
WBGene00077655,0,3,3
WBGene00077658,72,767,839
WBGene00077663,0,3,3
WBGene00077669,187,552,739
WBGene00077673,0,1,1
WBGene00077674,0,5,5
WBGene00077679,1,25,26
WBGene00077680,1,2,3
WBGene00077681,25,87,112
WBGene00077682,3,9,12
WBGene00077684,0,5,5
WBGene00077685,0,1,1
WBGene00077688,3,1,4
WBGene00077690,12,814,826
WBGene00077691,3,1250,1253
WBGene00077692,27,147,174
WBGene00077693,199,4587,4786
WBGene00077696,19,24,43
WBGene00077697,88,105,193
WBGene00077698,59,262,321
WBGene00077699,7,32,39
WBGene00077701,23,449,472
WBGene00077703,5,25,30
WBGene00077704,3,63,66
WBGene00077712,22,194,216
WBGene00077714,8,44,52
WBGene00077728,0,2008,2008
WBGene00077732,9,181,190
WBGene00077751,2,2,4
WBGene00077752,14,74,88
WBGene00077756,1,21,22
WBGene00077757,10,36,46
WBGene00077758,2,6,8
WBGene00077759,8,4,12
WBGene00077761,102,2195,2297
WBGene00077762,0,19,19
WBGene00077763,18,110,128
WBGene00077764,0,1197,1197
WBGene00077766,0,0,0
WBGene00077768,11,54,65
WBGene00077769,1,36,37
WBGene00077770,2,15,17
WBGene00077771,1000,13266,14266
WBGene00077773,0,268,268
WBGene00077775,63,389,452
WBGene00077782,8,2,10
WBGene00077783,2,28,30
WBGene00077786,152,263,415
WBGene00077788,15,16,31
WBGene00086546,58,291,349
WBGene00086551,11,279,290
WBGene00086552,0,0,0
WBGene00086553,120,1013,1133
WBGene00086554,0,10,10
WBGene00086555,5,0,5
WBGene00086556,4,9,13
WBGene00086557,33,408,441
WBGene00086558,11,114,125
WBGene00086559,24,223,247
WBGene00086560,8,13,21
WBGene00086561,0,0,0
WBGene00086562,4,2,6
WBGene00086563,1,1,2
WBGene00086564,4,2,6
WBGene00086565,0,0,0
WBGene00086566,65,649,714
WBGene00086567,0,1,1
WBGene00086568,9,44,53
WBGene00086569,150,908,1058
WBGene00119201,3,0,3
WBGene00119203,19,394,413
WBGene00119204,0,18,18
WBGene00138711,8,55,63
WBGene00138714,0,1,1
WBGene00138715,1,0,1
WBGene00138716,0,0,0
WBGene00138717,310,1312,1622
WBGene00138718,30,57,87
WBGene00138719,2,2,4
WBGene00138720,46,428,474
WBGene00138721,16,14,30
WBGene00138724,0,130,130
WBGene00138725,25,45,70
WBGene00164968,24,193,217
WBGene00164969,0,3,3
WBGene00164971,0,0,0
WBGene00164972,0,1,1
WBGene00164973,1,67,68
WBGene00164974,0,2,2
WBGene00164985,25,154,179
WBGene00164986,15,20,35
WBGene00175027,74,231,305
WBGene00175028,1,0,1
WBGene00175030,8,699,707
WBGene00175031,5,8,13
WBGene00175034,23,394,417
WBGene00175035,67,390,457
WBGene00184956,1,11,12
WBGene00184990,14,169,183
WBGene00185001,112,899,1011
WBGene00185002,54,150,204
WBGene00185005,26,390,416
WBGene00185006,3,5,8
WBGene00185014,63,1770,1833
WBGene00185048,160,1464,1624
WBGene00185055,0,1,1
WBGene00185067,157,5614,5771
WBGene00185075,0,257,257
WBGene00185077,0,37,37
WBGene00185078,642,114,756
WBGene00185079,120,863,983
WBGene00185086,6,99,105
WBGene00185088,5,269,274
WBGene00185089,7,51,58
WBGene00185092,3,7,10
WBGene00185095,0,2,2
WBGene00185096,1,0,1
WBGene00185097,4,0,4
WBGene00185098,35,290,325
WBGene00185100,4,3,7
WBGene00185101,8,4,12
WBGene00185102,42,573,615
WBGene00185116,0,1,1
WBGene00185117,19,91,110
WBGene00185118,791,1966,2757
WBGene00189930,1,0,1
WBGene00189931,0,0,0
WBGene00189932,1,0,1
WBGene00189933,4,34,38
WBGene00189937,1,5,6
WBGene00189943,1,0,1
WBGene00189947,1,0,1
WBGene00189948,6,14,20
WBGene00189949,9,17,26
WBGene00189950,5,6,11
WBGene00189952,22,89,111
WBGene00189953,2,1,3
WBGene00189954,1,2,3
WBGene00189955,0,0,0
WBGene00189956,20,13,33
WBGene00189957,9,19,28
WBGene00189961,6,5,11
WBGene00189987,13,11,24
WBGene00189993,0,6,6
WBGene00189995,1,0,1
WBGene00194641,255,1438,1693
WBGene00194642,115,584,699
WBGene00194643,17,36,53
WBGene00194645,0,1,1
WBGene00194646,0,1,1
WBGene00194647,0,3,3
WBGene00194649,6,52,58
WBGene00194651,127,839,966
WBGene00194653,10,1,11
WBGene00194654,2,4,6
WBGene00194656,3,4,7
WBGene00194658,72,1046,1118
WBGene00194660,0,35,35
WBGene00194661,6,5,11
WBGene00194663,1,15,16
WBGene00194664,7,125,132
WBGene00194670,1,0,1
WBGene00194672,0,13,13
WBGene00194674,3,27,30
WBGene00194677,13,8,21
WBGene00194679,8,182,190
WBGene00194680,34,864,898
WBGene00194682,8,39,47
WBGene00194684,2,3,5
WBGene00194687,14,5,19
WBGene00194689,31,349,380
WBGene00194691,8,3,11
WBGene00194692,419,4366,4785
WBGene00194695,0,0,0
WBGene00194696,1,0,1
WBGene00194697,13,47,60
WBGene00194698,0,6,6
WBGene00194699,0,10,10
WBGene00194700,1,9,10
WBGene00194701,3,1,4
WBGene00194702,5,7,12
WBGene00194703,1,9,10
WBGene00194704,0,0,0
WBGene00194706,43,339,382
WBGene00194707,34,775,809
WBGene00194708,0,8,8
WBGene00194710,131,584,715
WBGene00194711,4,1,5
WBGene00194712,80,98,178
WBGene00194713,0,249,249
WBGene00194714,1,0,1
WBGene00194715,0,0,0
WBGene00194717,1,1,2
WBGene00194725,1,11,12
WBGene00194726,5,34,39
WBGene00194727,5,9,14
WBGene00194729,9,74,83
WBGene00194730,9,1,10
WBGene00194731,36,100,136
WBGene00194733,0,0,0
WBGene00194734,0,0,0
WBGene00194735,6,4,10
WBGene00194737,11,2,13
WBGene00194738,3,0,3
WBGene00194742,11,120,131
WBGene00194744,1,8,9
WBGene00194746,3,1,4
WBGene00194747,179,1566,1745
WBGene00194780,0,0,0
WBGene00194783,1,1,2
WBGene00194784,3,2,5
WBGene00194785,2,2,4
WBGene00194787,0,1,1
WBGene00194788,1,0,1
WBGene00194793,6,9,15
WBGene00194795,3,20,23
WBGene00194799,0,0,0
WBGene00194801,0,1,1
WBGene00194803,1,11,12
WBGene00194813,1,78,79
WBGene00194815,5,8,13
WBGene00194816,6,12,18
WBGene00194821,0,10,10
WBGene00194832,42,62,104
WBGene00194833,0,0,0
WBGene00194835,5,86,91
WBGene00194839,0,4,4
WBGene00194848,5,15,20
WBGene00194849,23,26,49
WBGene00194850,0,7,7
WBGene00194852,6,57,63
WBGene00194855,9,19,28
WBGene00194861,3,31,34
WBGene00194864,1,2,3
WBGene00194866,52,68,120
WBGene00194867,4,0,4
WBGene00194868,30,1,31
WBGene00194869,0,1334,1334
WBGene00194870,26,28,54
WBGene00194871,2,0,2
WBGene00194883,76,1177,1253
WBGene00194886,1,35,36
WBGene00194888,0,2,2
WBGene00194890,38,0,38
WBGene00194892,33,138,171
WBGene00194894,0,0,0
WBGene00194895,8,237,245
WBGene00194896,104,3,107
WBGene00194898,0,0,0
WBGene00194902,4,3,7
WBGene00194905,71,356,427
WBGene00194906,9,16,25
WBGene00194907,0,5,5
WBGene00194908,77,329,406
WBGene00194909,38,336,374
WBGene00194910,80,119,199
WBGene00194912,2,7,9
WBGene00194913,164,204,368
WBGene00194914,0,0,0
WBGene00194915,21,208,229
WBGene00194916,6,75,81
WBGene00194917,9,48,57
WBGene00194918,0,3,3
WBGene00194919,3,11,14
WBGene00194920,1,14,15
WBGene00194921,200,777,977
WBGene00194922,0,4,4
WBGene00194924,0,0,0
WBGene00194925,15,39,54
WBGene00194926,13,161,174
WBGene00194927,0,0,0
WBGene00194928,37,247,284
WBGene00194929,0,3,3
WBGene00194930,0,3,3
WBGene00194931,0,1,1
WBGene00194933,0,1,1
WBGene00194934,9,165,174
WBGene00194935,1,1,2
WBGene00194940,2,34,36
WBGene00194951,0,0,0
WBGene00194952,1,7,8
WBGene00194955,41,222,263
WBGene00194956,0,59,59
WBGene00194957,0,0,0
WBGene00194981,15,14,29
WBGene00194982,39,318,357
WBGene00194983,1,3,4
WBGene00194985,1,0,1
WBGene00194986,0,0,0
WBGene00194998,71,256,327
WBGene00195003,2,22,24
WBGene00195004,22,250,272
WBGene00195006,2,2,4
WBGene00195009,2,4,6
WBGene00195010,0,0,0
WBGene00195011,46,79,125
WBGene00195012,22,11,33
WBGene00195045,1,8,9
WBGene00195046,17,9,26
WBGene00195048,2,2,4
WBGene00195049,9,11,20
WBGene00195050,15,133,148
WBGene00195051,39,521,560
WBGene00195056,66,963,1029
WBGene00195057,4,5,9
WBGene00195058,1,0,1
WBGene00195061,1,0,1
WBGene00195063,96,1170,1266
WBGene00195067,9,41,50
WBGene00195068,54,38,92
WBGene00195069,7,8,15
WBGene00195070,20,26,46
WBGene00195071,11,17,28
WBGene00195072,0,1,1
WBGene00195073,327,1085,1412
WBGene00195077,1,5,6
WBGene00195081,5,32,37
WBGene00195084,72,461,533
WBGene00195086,12,431,443
WBGene00195093,84,1356,1440
WBGene00195142,0,473,473
WBGene00195143,223,296,519
WBGene00195144,6,24,30
WBGene00195145,52,90,142
WBGene00195146,250,356,606
WBGene00195147,22,28,50
WBGene00195148,11,12,23
WBGene00195149,3,7,10
WBGene00195150,0,5,5
WBGene00195154,2,17,19
WBGene00195155,0,3,3
WBGene00195157,17,11,28
WBGene00195158,2,0,2
WBGene00195160,0,0,0
WBGene00195164,0,25,25
WBGene00195165,0,0,0
WBGene00195166,32,1208,1240
WBGene00195168,0,2,2
WBGene00195169,23,51,74
WBGene00195171,2,0,2
WBGene00195174,3,2,5
WBGene00195176,1,11,12
WBGene00195177,0,1,1
WBGene00195178,2,5,7
WBGene00195179,20,29,49
WBGene00195180,3,123,126
WBGene00195181,0,0,0
WBGene00195182,3,6,9
WBGene00195183,4,35,39
WBGene00195184,6,28,34
WBGene00195185,351,991,1342
WBGene00195188,0,3,3
WBGene00195189,17,117,134
WBGene00195208,9,51,60
WBGene00195209,0,240,240
WBGene00195210,6,51,57
WBGene00195211,0,2,2
WBGene00195212,33,92,125
WBGene00195213,0,7,7
WBGene00195214,4,22,26
WBGene00195215,0,1,1
WBGene00195226,2,14,16
WBGene00195227,0,4,4
WBGene00195228,1,0,1
WBGene00195229,1,0,1
WBGene00195230,0,0,0
WBGene00195231,0,1,1
WBGene00195232,4,8,12
WBGene00195239,62,691,753
WBGene00195240,0,0,0
WBGene00195241,2,7,9
WBGene00195242,0,0,0
WBGene00195243,1,5,6
WBGene00195244,2,23,25
WBGene00195246,17,71,88
WBGene00195248,18,58,76
WBGene00195249,9,14,23
WBGene00195250,0,5,5
WBGene00195256,1,1,2
WBGene00202495,0,0,0
WBGene00202496,2,12,14
WBGene00202497,4,2,6
WBGene00202498,11,39,50
WBGene00202499,7,2,9
WBGene00202500,7,0,7
WBGene00202501,0,2,2
WBGene00202502,0,3,3
WBGene00202504,0,0,0
WBGene00202511,1,4,5
WBGene00202512,28,180,208
WBGene00202513,10,143,153
WBGene00202514,3,12,15
WBGene00206354,1,37,38
WBGene00206355,1,26,27
WBGene00206356,56,603,659
WBGene00206357,5,3,8
WBGene00206358,0,1,1
WBGene00206359,5,5,10
WBGene00206360,0,0,0
WBGene00206361,13,133,146
WBGene00206362,41,443,484
WBGene00206363,0,0,0
WBGene00206364,4,7,11
WBGene00206365,0,12,12
WBGene00206366,2,24,26
WBGene00206368,0,0,0
WBGene00206370,1,19,20
WBGene00206371,7,162,169
WBGene00206372,1,3,4
WBGene00206373,24,313,337
WBGene00206374,56,107,163
WBGene00206377,6,48,54
WBGene00206378,16,16,32
WBGene00206379,0,4,4
WBGene00206380,128,1775,1903
WBGene00206381,5,24,29
WBGene00206382,99,920,1019
WBGene00206383,0,0,0
WBGene00206384,15,16,31
WBGene00206385,0,0,0
WBGene00206386,3,75,78
WBGene00206388,0,0,0
WBGene00206389,0,2,2
WBGene00206390,0,0,0
WBGene00206392,13,38,51
WBGene00206393,3,17,20
WBGene00206395,0,0,0
WBGene00206412,2,20,22
WBGene00206413,2,1,3
WBGene00206414,5,14,19
WBGene00206415,14,14,28
WBGene00206416,3,50,53
WBGene00206417,45,706,751
WBGene00206418,7,48,55
WBGene00206421,0,0,0
WBGene00206422,0,118,118
WBGene00206460,9,71,80
WBGene00206461,4,48,52
WBGene00206462,1,1,2
WBGene00206464,0,1090,1090
WBGene00206466,7,164,171
WBGene00206468,0,0,0
WBGene00206469,15,42,57
WBGene00206471,9,7,16
WBGene00206473,3,39,42
WBGene00206474,20,82,102
WBGene00206475,2,3,5
WBGene00206477,0,0,0
WBGene00206478,1,6,7
WBGene00206479,10,248,258
WBGene00206481,1,0,1
WBGene00206482,1,15,16
WBGene00206483,2,0,2
WBGene00206484,32,136,168
WBGene00206485,1,1,2
WBGene00206486,15,12,27
WBGene00206487,28,636,664
WBGene00206488,93,81,174
WBGene00206490,1,1,2
WBGene00206492,0,0,0
WBGene00206493,3,2,5
WBGene00206495,2,0,2
WBGene00206496,0,0,0
WBGene00206497,3,9,12
WBGene00206498,0,1,1
WBGene00206499,0,0,0
WBGene00206500,0,12,12
WBGene00206501,0,0,0
WBGene00206502,7,43,50
WBGene00206503,0,0,0
WBGene00206504,0,0,0
WBGene00206505,6,101,107
WBGene00206506,0,0,0
WBGene00206507,0,0,0
WBGene00206508,0,1,1
WBGene00206510,8,0,8
WBGene00206511,5,0,5
WBGene00206512,2,5,7
WBGene00206513,2,2,4
WBGene00206514,1,2,3
WBGene00206515,1,7,8
WBGene00206516,302,3,305
WBGene00206517,4,71,75
WBGene00206518,0,1,1
WBGene00206519,1,6,7
WBGene00206520,3,3,6
WBGene00206521,2,34,36
WBGene00206522,51,2268,2319
WBGene00206523,2,2,4
WBGene00206524,3,15,18
WBGene00206525,73,549,622
WBGene00206527,8,19,27
WBGene00206528,17,101,118
WBGene00206529,44,286,330
WBGene00206530,34,17,51
WBGene00206532,535,319,854
WBGene00206533,175,107,282
WBGene00206534,0,0,0
WBGene00206535,6,1,7
WBGene00206537,10,4,14
WBGene00206538,13,197,210
WBGene00219205,3,15,18
WBGene00219206,12,180,192
WBGene00219207,0,1280,1280
WBGene00219208,74,1024,1098
WBGene00219209,10,68,78
WBGene00219210,4,70,74
WBGene00219212,0,0,0
WBGene00219214,0,1,1
WBGene00219216,2,1,3
WBGene00219217,0,4,4
WBGene00219218,2,15,17
WBGene00219234,2,3,5
WBGene00219235,1,54,55
WBGene00219236,16,709,725
WBGene00219238,2,0,2
WBGene00219239,0,0,0
WBGene00219241,0,7,7
WBGene00219243,37,47,84
WBGene00219244,0,5,5
WBGene00219271,0,2,2
WBGene00219272,12,0,12
WBGene00219274,6,39,45
WBGene00219275,274,2613,2887
WBGene00219278,3,4,7
WBGene00219280,6,65,71
WBGene00219281,38,18,56
WBGene00219282,3,12,15
WBGene00219283,237,39,276
WBGene00219284,8,8750,8758
WBGene00219285,5,18,23
WBGene00219286,0,28,28
WBGene00219287,134,2300,2434
WBGene00219288,51,208,259
WBGene00219289,1584,396,1980
WBGene00219290,0,0,0
WBGene00219291,0,0,0
WBGene00219293,2,4,6
WBGene00219294,9,43,52
WBGene00219295,93,102,195
WBGene00219296,3,8,11
WBGene00219297,6,3,9
WBGene00219298,7,15,22
WBGene00219299,4,15,19
WBGene00219300,12,42,54
WBGene00219301,3,1,4
WBGene00219302,0,35,35
WBGene00219308,2,20,22
WBGene00219309,2,49,51
WBGene00219310,0,5,5
WBGene00219313,54,1957,2011
WBGene00219314,2,1,3
WBGene00219315,0,0,0
WBGene00219316,4,23,27
WBGene00219317,8,17,25
WBGene00219318,0,0,0
WBGene00219319,8,20,28
WBGene00219321,1,5,6
WBGene00219322,0,1,1
WBGene00219324,0,4,4
WBGene00219325,41,37,78
WBGene00219326,3,9,12
WBGene00219327,0,4,4
WBGene00219329,186,166,352
WBGene00219330,4,2,6
WBGene00219332,4,1,5
WBGene00219337,139,65,204
WBGene00219342,1,0,1
WBGene00219351,10,3,13
WBGene00219362,105,293,398
WBGene00219368,0,6,6
WBGene00219369,0,2,2
WBGene00219370,0,0,0
WBGene00219371,0,47,47
WBGene00219372,9,199,208
WBGene00219373,11,1011,1022
WBGene00219374,1,42,43
WBGene00219375,24,180,204
WBGene00219376,3,34,37
WBGene00219378,0,1,1
WBGene00219381,0,5,5
WBGene00219383,1,9,10
WBGene00219394,35,326,361
WBGene00219395,6,1,7
WBGene00219399,17,16,33
WBGene00219410,17,11,28
WBGene00219411,7,5,12
WBGene00219412,0,187,187
WBGene00219413,2,27,29
WBGene00219414,1,1,2
WBGene00219418,0,0,0
WBGene00219420,0,148,148
WBGene00219421,4,19,23
WBGene00219422,13,18,31
WBGene00219423,5,3,8
WBGene00219424,2,25,27
WBGene00219425,112,133,245
WBGene00219434,1,2,3
WBGene00219436,18,98,116
WBGene00219437,3,4,7
WBGene00219443,0,1,1
WBGene00219445,0,0,0
WBGene00219446,0,0,0
WBGene00219447,0,0,0
WBGene00219449,9,15,24
WBGene00219450,29,103,132
WBGene00219451,7,96,103
WBGene00219452,6,3,9
WBGene00219454,0,0,0
WBGene00219455,0,2,2
WBGene00219456,0,3,3
WBGene00219458,3,2,5
WBGene00219460,8,1,9
WBGene00219476,7,21,28
WBGene00219478,0,0,0
WBGene00219489,0,1,1
WBGene00219491,0,2,2
WBGene00219493,1,15,16
WBGene00219498,7,1,8
WBGene00219544,2,10,12
WBGene00219547,0,0,0
WBGene00219750,1,2,3
WBGene00219796,0,62,62
WBGene00220249,0,7,7
WBGene00220250,18,2,20
WBGene00220253,0,8,8
WBGene00220254,0,1,1
WBGene00220257,2,33,35
WBGene00220258,0,10,10
WBGene00220259,3,15,18
WBGene00220261,6,38,44
WBGene00235081,0,0,0
WBGene00235092,4,3,7
WBGene00235093,0,5,5
WBGene00235094,0,0,0
WBGene00235095,8,6,14
WBGene00235102,21,4316,4337
WBGene00235110,4,11,15
WBGene00235112,0,0,0
WBGene00235113,0,29,29
WBGene00235114,24,793,817
WBGene00235115,1,1,2
WBGene00235116,0,2,2
WBGene00235117,5,4,9
WBGene00235118,0,8,8
WBGene00235120,1,1,2
WBGene00235129,7,50,57
WBGene00235132,37,16,53
WBGene00235133,1,2,3
WBGene00235134,5,4,9
WBGene00235158,35,434,469
WBGene00235164,85,1633,1718
WBGene00235165,0,0,0
WBGene00235254,3,1,4
WBGene00235256,0,37,37
WBGene00235257,1,12,13
WBGene00235258,1,3,4
WBGene00235260,25,12,37
WBGene00235261,0,12,12
WBGene00235262,0,0,0
WBGene00235263,43,22,65
WBGene00235264,0,1,1
WBGene00235267,1,3,4
WBGene00235268,86,801,887
WBGene00235269,68,998,1066
WBGene00235271,0,3,3
WBGene00235273,115,365,480
WBGene00235274,20,237,257
WBGene00235275,23,4,27
WBGene00235277,229,217,446
WBGene00235279,87,27,114
WBGene00235280,2,17,19
WBGene00235282,0,0,0
WBGene00235283,8,24,32
WBGene00235284,0,7,7
WBGene00235285,1,0,1
WBGene00235288,0,0,0
WBGene00235289,1,3,4
WBGene00235290,0,0,0
WBGene00235291,170,1215,1385
WBGene00235293,0,0,0
WBGene00235294,0,4,4
WBGene00235295,0,3,3
WBGene00235296,0,25,25
WBGene00235297,0,0,0
WBGene00235298,0,1,1
WBGene00235300,0,35,35
WBGene00235301,0,9,9
WBGene00235302,0,0,0
WBGene00235303,0,27,27
WBGene00235304,0,2,2
WBGene00235305,2,13,15
WBGene00235308,5,41,46
WBGene00235309,3,2,5
WBGene00235310,64,206,270
WBGene00235311,0,0,0
WBGene00235312,5,54,59
WBGene00235313,14,32,46
WBGene00235315,18,323,341
WBGene00235316,19,59,78
WBGene00235317,0,0,0
WBGene00235320,1,14,15
WBGene00235321,40,5,45
WBGene00235322,0,1,1
WBGene00235324,3,1,4
WBGene00235325,55,379,434
WBGene00235326,1,1,2
WBGene00235327,0,1,1
WBGene00235328,0,33,33
WBGene00235329,6,4,10
WBGene00235330,9,103,112
WBGene00235332,0,10,10
WBGene00235333,2,6,8
WBGene00235335,0,19,19
WBGene00235336,0,2,2
WBGene00235339,0,0,0
WBGene00235340,0,1,1
WBGene00235342,0,0,0
WBGene00235343,0,0,0
WBGene00235350,87,10,97
WBGene00235351,0,3,3
WBGene00235352,2,6,8
WBGene00235354,0,1,1
WBGene00235358,0,2,2
WBGene00235359,0,0,0
WBGene00235361,0,0,0
WBGene00235363,0,2,2
WBGene00235364,0,0,0
WBGene00235365,0,1,1
WBGene00235367,0,4,4
WBGene00235368,0,1,1
WBGene00235369,0,0,0
WBGene00235371,0,0,0
WBGene00235374,2,1,3
WBGene00235380,0,57,57
WBGene00235383,3,3,6
WBGene00235388,4,1,5
WBGene00235390,1,7,8
WBGene00235391,0,8,8
WBGene00236786,4,41,45
WBGene00236789,0,36,36
WBGene00236806,94,0,94
WBGene00236808,4,0,4
WBGene00236809,7,1,8
WBGene00249815,1997,1952,3949
WBGene00249817,41,482,523
WBGene00255375,0,0,0
WBGene00255420,13,2,15
WBGene00255457,157,62,219
WBGene00255469,6,10,16
WBGene00255522,0,1,1
WBGene00255545,0,0,0
WBGene00255546,1,0,1
WBGene00255550,0,0,0
WBGene00255553,0,0,0
WBGene00255594,2,41,43
WBGene00255595,0,168,168
WBGene00255597,5,13,18
WBGene00255598,25,36,61
WBGene00255600,4,28,32
WBGene00255605,1,15,16
WBGene00255607,0,13,13
WBGene00255611,0,3,3
WBGene00255702,12,62,74
WBGene00255704,0,262,262
WBGene00255714,1,124,125
WBGene00255729,11,27,38
WBGene00255731,4,11,15
WBGene00255732,0,0,0
WBGene00255733,2,11,13
WBGene00268194,5,0,5
WBGene00268196,51,96,147
WBGene00268197,1,3,4
WBGene00268198,0,0,0
WBGene00268199,0,0,0
WBGene00268206,2,10,12
WBGene00268213,4,33,37
WBGene00268215,7,41,48
WBGene00268216,5,2,7
WBGene00269332,0,0,0
WBGene00269352,0,0,0
WBGene00269355,16,79,95
WBGene00269373,4,54,58
WBGene00269374,0,3,3
WBGene00269375,0,23,23
WBGene00269378,60,356,416
WBGene00269379,0,3,3
WBGene00269381,0,7,7
WBGene00269382,12,80,92
WBGene00269385,0,0,0
WBGene00269387,13,283,296
WBGene00269388,0,1,1
WBGene00269389,0,3,3
WBGene00269391,144,338,482
WBGene00269392,0,2,2
WBGene00269394,0,1,1
WBGene00269421,615,2834,3449
WBGene00269422,0,1,1
WBGene00269424,1,2,3
WBGene00269425,4,3,7
WBGene00269429,0,90,90
WBGene00269431,1,55,56
WBGene00269432,38,345,383
WBGene00269433,8,245,253
WBGene00269434,1,17,18
WBGene00269435,0,5,5
WBGene00269437,3,10,13
WBGene00269438,1,11,12
WBGene00270290,1,3,4
WBGene00270293,0,7,7
WBGene00270303,1,17,18
WBGene00270309,18,52,70
WBGene00270318,14,33,47
WBGene00270319,95,1021,1116
WBGene00270320,0,8,8
WBGene00270321,11,19,30
WBGene00270322,21,628,649
WBGene00271414,65,1289,1354
WBGene00271415,4,19,23
WBGene00271437,7,19,26
WBGene00271444,1,25,26
WBGene00271567,2,14,16
WBGene00271577,2,0,2
WBGene00271605,19,50,69
WBGene00271606,14,145,159
WBGene00271657,2,17,19
WBGene00271694,16,288,304
WBGene00271701,2,14,16
WBGene00271703,1,3,4
WBGene00271706,13,336,349
WBGene00271707,0,36,36
WBGene00271715,3,0,3
